jas1101finalproject/data/gcs/AM_1.ecsv
# %ECSV 0.9
# ---
# datatype:
# - {name: x, unit: deg, datatype: float64}
# - {name: y, unit: deg, datatype: float64}
# - {name: pmx, unit: mas / yr, datatype: float64}
# - {name: pmy, unit: mas / yr, datatype: float64}
# - {name: pmx_e, unit: mas / yr, datatype: float64}
# - {name: pmy_e, unit: mas / yr, datatype: float64}
# - {name: pm_corr, datatype: float64}
# - {name: g_mag, unit: mag, datatype: float64}
# - {name: bp_rp, unit: mag, datatype: float64}
# - {name: filter, datatype: int64}
# - {name: memberprob, datatype: float64}
# - {name: r, unit: deg, datatype: float64}
# - {name: pm, unit: mas / yr, datatype: float64}
# - {name: member_prob_GMM, datatype: float64}
# - {name: member_prob_DB, datatype: float64}
# meta: !!omap
# - comments: [deg deg mas/yr mas/yr mas/yr mas/yr dimless mag   mag   zeroone float]
# - __serialized_columns__:
#     bp_rp:
#       __class__: astropy.units.quantity.Quantity
#       unit: &id001 !astropy.units.Unit {unit: mag}
#       value: !astropy.table.SerializedColumn {name: bp_rp}
#     g_mag:
#       __class__: astropy.units.quantity.Quantity
#       unit: *id001
#       value: !astropy.table.SerializedColumn {name: g_mag}
#     pm:
#       __class__: astropy.units.quantity.Quantity
#       unit: !astropy.units.Unit {unit: mas / yr}
#       value: !astropy.table.SerializedColumn {name: pm}
#     pmx:
#       __class__: astropy.units.quantity.Quantity
#       unit: !astropy.units.Unit {unit: mas / yr}
#       value: !astropy.table.SerializedColumn {name: pmx}
#     pmx_e:
#       __class__: astropy.units.quantity.Quantity
#       unit: !astropy.units.Unit {unit: mas / yr}
#       value: !astropy.table.SerializedColumn {name: pmx_e}
#     pmy:
#       __class__: astropy.units.quantity.Quantity
#       unit: !astropy.units.Unit {unit: mas / yr}
#       value: !astropy.table.SerializedColumn {name: pmy}
#     pmy_e:
#       __class__: astropy.units.quantity.Quantity
#       unit: !astropy.units.Unit {unit: mas / yr}
#       value: !astropy.table.SerializedColumn {name: pmy_e}
#     r:
#       __class__: astropy.units.quantity.Quantity
#       unit: &id002 !astropy.units.Unit {unit: deg}
#       value: !astropy.table.SerializedColumn {name: r}
#     x:
#       __class__: astropy.units.quantity.Quantity
#       unit: *id002
#       value: !astropy.table.SerializedColumn {name: x}
#     y:
#       __class__: astropy.units.quantity.Quantity
#       unit: *id002
#       value: !astropy.table.SerializedColumn {name: y}
# schema: astropy-2.0
x y pmx pmy pmx_e pmy_e pm_corr g_mag bp_rp filter memberprob r pm member_prob_GMM member_prob_DB
-0.01085623 -0.02235701 -0.7080042 1.51843 1.62562 3.813081 0.2278218 20.9872 0.6057186 1 0.5312647 0.02485344293962106 1.6753804380252384 1.0 0.0
-0.002576523 0.00350396 0.8570428 -0.7087998 0.9204742 1.309656 -0.05851011 20.43115 0.8985729 1 0.9961223 0.004349276543418342 1.1121688349849945 1.0 0.0
-0.008768212 0.002580083 1.109906 -1.353841 1.274527 1.971701 -0.28427 20.66966 1.070154 1 0.9777189 0.009139932711121727 1.7506503883177247 1.0 0.0
-0.006372767 -0.0187437 -2.054497 -2.689444 1.373917 1.751298 -0.006288002 20.66413 1.121494 1 0.5426572 0.019797435412858125 3.38438575699417 1.0 0.0
0.007354251 -0.01890406 6.008887 0.07970746 0.9080296 1.302937 -0.02914382 20.45462 1.727066 1 1.431961e-06 0.020284193162524385 6.009415633649302 1.0 0.0
-0.007112622 -0.0279563 4.90103 -2.440998 1.233525 1.690204 0.02155912 20.60074 0.8999767 1 0.00565726 0.0288469080042365 5.4752686050004895 1.0 0.0
0.003454618 0.002847778 2.336096 1.415155 3.81561 3.943675 0.6400429 20.86741 1.208416 1 0.9911612 0.004477077737007478 2.731301556994577 1.0 0.0
0.003679523 0.002512068 6.035745 -3.074715 1.925232 3.745255 -0.02885303 20.80397 1.004469 0 0.0 0.004455263756968043 6.7737795975548245 1.0 0.0
-0.03087092 -0.02423097 -3.197073 1.657519 1.681716 2.303321 0.3034896 20.85599 0.6439075 1 0.03144035 0.039244790849070656 3.601200494653137 1.0 0.0
0.009273404 -0.008822141 0.6580205 -1.504433 0.9585598 1.453693 -0.04215812 20.4863 0.9367542 1 0.953463 0.012799460675008811 1.6420443446841653 1.0 0.0
-0.0003814697 -0.008863222 2.0559 2.277728 2.298121 4.36139 0.451513 20.85996 0.5685768 1 0.969921 0.00887142735715635 3.068349662601054 1.0 0.0
-0.001206919 -0.005708481 -4.769375 -4.70274 2.290269 3.428925 0.3928163 20.84671 0.5790787 0 0.0 0.005834672981403671 6.69796248110013 1.0 0.0
-0.004412156 -0.006582231 -0.03903388 -0.03537203 0.4163189 0.5817215 -0.2269534 19.1752 1.291796 1 0.9941982 0.007924196205653732 0.05267660101197969 1.0 0.0
0.0131665 0.004021049 -2.010655 3.380964 2.137911 2.489831 -0.1932788 20.82714 0.9944305 1 0.8891348 0.013766828149955276 3.933656199812205 1.0 0.0
0.005270763 -0.002718028 -1.451261 1.177664 2.398094 3.565793 0.449143 20.86722 0.9583759 0 0.0 0.005930313550812722 1.8689705687936875 1.0 0.0
-0.002695109 0.002405321 -1.072757 1.044766 1.469931 2.456878 0.00683243 20.81301 0.08621979 1 0.9945577 0.003612365102660859 1.4974456837578451 1.0 0.0
0.002655929 -0.002816997 0.6909154 -2.74079 1.288659 1.661445 0.1109165 20.52688 0.8230839 1 0.9954569 0.003871618647419965 2.826533904636058 1.0 0.0
-0.002259822 -0.003198447 -2.128923 -4.663097 3.02597 4.085772 0.2088083 20.86242 0.6749439 0 0.0 0.003916230162221444 5.126088837636156 1.0 0.0
0.005204277 -0.0004330171 -1.122258 0.9841224 0.8243239 1.177364 -0.01834403 20.28294 0.8160515 1 0.9878616 0.005222260324957136 1.4926352256146709 1.0 0.0
0.01014689 -0.003229969 -3.369189 1.634345 1.95492 2.678334 -0.2617313 20.88759 0.4150028 1 0.9022411 0.010648571566790591 3.744665285008261 1.0 0.0
0.01221082 -0.002196659 0.9018974 -0.4895816 0.8822984 1.358988 -0.154646 20.3079 1.064283 1 0.9577595 0.01240683020898896 1.0262110227362207 1.0 0.0
-0.007161746 0.003755272 1.79028 1.394195 1.667177 2.8161 -0.1980425 20.88464 0.4592209 1 0.9741028 0.008086573660240782 2.269114844256456 1.0 0.0
-0.03159308 0.02275038 1.854019 -7.594375 3.531059 3.000992 0.2773807 20.9992 -0.7534485 1 0.09234832 0.03893202401662159 7.817411214269466 1.0 0.0
-0.002398297 -0.001710722 0.1343522 4.672989 1.958135 3.078321 0.09913388 20.84591 0.8947048 1 0.9958195 0.002945912127252441 4.674919968059971 1.0 1.0
-0.00452406 0.0009136389 2.497061 -0.318616 1.716964 2.91807 -0.1222829 20.88478 0.9816914 1 0.989122 0.004615393257696814 2.5173060587018417 1.0 0.0
-0.000903049 -0.0001123131 -3.580078 6.914642 2.434046 3.079064 0.08455246 20.77393 0.7617073 0 0.0 0.0009100064443907032 7.786477539571279 1.0 0.0
-0.0007028441 -0.0003984121 1.641573 4.955316 1.851422 2.544105 0.09442233 20.8411 0.6846409 0 0.0 0.000807912142705641 5.220145455270859 1.0 0.0
0.004884851 -0.006322877 -0.9530276 3.971519 1.362849 2.18374 0.06025697 20.7739 0.8114758 1 0.9791057 0.00799002771267597 4.084265512148146 1.0 0.0
0.004840793 -0.002031338 2.542662 0.2279916 1.387834 2.549015 -0.1024558 20.85625 0.6724758 0 0.0 0.005249724844131643 2.55286314085079 1.0 0.0
0.006998949 0.001596177 2.358861 -1.559576 2.036622 3.078685 -0.1506131 20.87081 0.3611202 1 0.9781875 0.007178653642566271 2.827808783686938 1.0 0.0
-0.002361398 0.001867466 -2.809428 4.797716 2.672525 3.080221 0.2406217 20.88389 0.4941883 1 0.9907754 0.003010586284357251 5.559762989898041 1.0 0.0
-0.004286924 0.00255398 2.741061 0.9095421 1.107653 1.586944 -0.02123165 20.66555 0.8626118 1 0.9721886 0.0049900432084477985 2.8880239329675597 1.0 0.0
0.001310703 -0.03038957 -2.200034 -2.122041 1.463206 2.151695 0.04047223 20.7274 0.487318 1 0.1994636 0.030417822195862563 3.0566660934483827 1.0 0.0
0.0110451 0.01239102 -1.060969 0.1547521 0.34531 0.4984413 -0.07499298 19.05516 1.313461 1 0.03862405 0.016599144877083277 1.0721956124772243 1.0 0.0
-0.01349456 0.01281384 3.038624 -1.912864 1.998571 3.09497 0.1588453 20.82649 0.7400665 1 0.6257067 0.018609074268732446 3.590582751570001 1.0 0.0
0.02443299 0.02852614 -4.723671 -5.192869 1.342962 1.986305 -0.1256111 20.75165 0.9428844 1 0.0008336884 0.037559441737593756 7.019897162167121 1.0 0.0
-0.006325883 0.000741777 -2.374183 -0.5704693 3.204527 4.048029 0.4662701 20.94135 1.005856 1 0.9817568 0.006369225137127592 2.4417575923362027 1.0 0.0
-0.002380963 -0.002404996 0.6790556 5.106965 1.490281 2.410464 0.1330253 20.83657 0.5640678 1 0.9963791 0.003384226731084222 5.151913044599682 1.0 1.0
-0.006614895 -0.0005247409 1.398311 0.8935146 1.760029 2.183235 0.1118063 20.80305 0.8695354 1 0.9866423 0.006635675464725336 1.6594101340940883 1.0 0.0
0.004566705 0.000635162 -0.2953657 -1.443667 1.774283 2.322385 -0.0134341 20.80333 0.7683887 1 0.9932266 0.004610664303901228 1.473572293314953 1.0 0.0
0.002940006 -0.005189755 3.364041 -1.699239 2.521159 3.749063 0.358501 20.86357 0.820652 1 0.9780662 0.0059646619552210164 3.7688439910404887 1.0 0.0
-0.005534615 -0.02397355 -0.6380165 -0.7049428 0.6067566 0.830019 -0.1096177 19.81219 0.7086773 1 0.5177807 0.02460412694652515 0.9507940920851843 1.0 0.0
-0.003942989 -0.001920631 0.2546518 -4.556316 1.852375 3.108945 -0.3458752 20.8858 0.73633 1 0.9933606 0.004385884824329294 4.563426676424114 1.0 0.0
-0.008209283 0.03009559 5.590904 -2.210516 1.537681 2.781568 -0.2852244 20.7776 1.610853 1 0.01120856 0.031195141686201536 6.012036969569632 1.0 0.0
-0.0006188234 0.0006811484 -0.2425939 -0.8878931 0.406948 0.5636421 -0.05332224 19.20232 1.192587 1 0.9980036 0.000920274710730508 0.9204379160730071 1.0 0.0
-0.00713435 0.002343838 -0.5051875 -5.489551 1.122494 1.685567 -0.07153463 20.62325 1.021492 1 0.982232 0.007509495754892201 5.512747463085647 1.0 0.0
-0.009783541 -0.0125225 0.7383578 1.65723 1.075147 1.605087 -0.1007261 20.54391 1.198467 0 0.0 0.015891213948238222 1.8142721718972707 1.0 0.0
0.01098263 0.00943846 0.5233032 0.832888 0.5873154 0.8220903 -0.1473801 19.69917 1.049484 1 0.9604099 0.014481114904885604 0.9836405134368144 1.0 0.0
-0.009721171 0.009274696 -0.5248498 -2.578263 2.294211 2.626852 -0.1217928 20.8259 0.3906288 1 0.8964666 0.013435815996941049 2.6311418452316557 1.0 0.0
0.006242122 -0.002203159 2.201998 -2.09916 1.302769 2.139015 -0.03105921 20.7989 0.3601646 1 0.9797641 0.0066195163450334495 3.0422471789129824 1.0 0.0
0.0006145012 -0.001809849 -1.357814 -4.724994 1.409649 2.366614 -0.1703199 20.62014 0.7842159 0 0.0 0.0019113254897066695 4.916220820776056 1.0 0.0
-0.0003172843 0.001119841 0.6322696 -0.1046206 0.7542173 1.09374 -0.08882301 20.18669 nan 1 0.9986004 0.0011639214717099645 0.6408668481272222 1.0 0.0
-0.001204687 0.003973221 0.619104 -0.4490425 0.6330092 0.8683918 -0.1357292 19.8605 1.14505 1 0.9975951 0.004151837651306949 0.7648064654683889 1.0 0.0
-0.002915341 0.00654044 0.4179523 -2.249845 1.459192 2.268073 -0.1968117 20.83125 0.2861519 1 0.9872722 0.007160765918523032 2.2883370925412825 1.0 0.0
0.001763769 -0.001626771 1.156942 -3.647329 1.242901 2.011417 -0.0239644 20.7108 0.9274273 0 0.0 0.002399430134803262 3.8264243917272167 1.0 0.0
0.001027344 0.002809743 2.917068 3.308047 2.643116 2.605296 -0.1147753 20.85008 0.9214344 1 0.9926842 0.002991670339523558 4.410494379412924 1.0 0.0
9.796433e-05 0.004511108 2.907546 -6.399081 2.024089 3.24303 -0.3084027 20.89554 0.5444031 0 0.0 0.004512171583352782 7.028659999365241 1.0 0.0
0.001788642 0.002668577 0.450911 -0.4817596 0.1481084 0.1993616 -0.09183737 17.76683 1.598183 1 0.999511 0.0032125602576594573 0.659858350036703 1.0 0.0
-0.008300213 0.01217413 -0.5001346 -0.4513309 1.835805 2.494981 -0.1760005 20.87927 0.9005642 1 0.8837745 0.014734414718687302 0.6736721750317212 1.0 0.0
-0.003310534 0.001825449 2.898434 -4.307661 1.363142 1.823971 -0.04514902 20.6762 0.4544201 1 0.9861298 0.0037804628574761847 5.191999898235458 1.0 0.0
0.02064447 -0.03512415 -0.1152387 -3.264342 0.9265025 1.189696 0.03619642 20.14609 0.8463078 0 0.0 0.04074187102727855 3.2663754608038693 1.0 0.0
-0.002267623 0.005106148 1.17082 3.294735 1.667766 2.563682 -0.06820335 20.89809 0.8356323 0 0.0 0.005587026173916943 3.496583788875222 1.0 0.0
0.0002413056 -0.0007417303 0.4652974 0.1742463 1.060508 1.695771 0.03878713 20.50991 0.9942818 1 0.99825 0.0007799950195542597 0.49685354332081605 1.0 0.0
