jas1101finalproject/data/gcs/Crater.ecsv
# %ECSV 0.9
# ---
# datatype:
# - {name: x, unit: deg, datatype: float64}
# - {name: y, unit: deg, datatype: float64}
# - {name: pmx, unit: mas / yr, datatype: float64}
# - {name: pmy, unit: mas / yr, datatype: float64}
# - {name: pmx_e, unit: mas / yr, datatype: float64}
# - {name: pmy_e, unit: mas / yr, datatype: float64}
# - {name: pm_corr, datatype: float64}
# - {name: g_mag, unit: mag, datatype: float64}
# - {name: bp_rp, unit: mag, datatype: float64}
# - {name: filter, datatype: int64}
# - {name: memberprob, datatype: float64}
# - {name: r, unit: deg, datatype: float64}
# - {name: pm, unit: mas / yr, datatype: float64}
# - {name: member_prob_GMM, datatype: float64}
# - {name: member_prob_DB, datatype: float64}
# meta: !!omap
# - comments: [deg deg mas/yr mas/yr mas/yr mas/yr dimless mag   mag   zeroone float]
# - __serialized_columns__:
#     bp_rp:
#       __class__: astropy.units.quantity.Quantity
#       unit: &id001 !astropy.units.Unit {unit: mag}
#       value: !astropy.table.SerializedColumn {name: bp_rp}
#     g_mag:
#       __class__: astropy.units.quantity.Quantity
#       unit: *id001
#       value: !astropy.table.SerializedColumn {name: g_mag}
#     pm:
#       __class__: astropy.units.quantity.Quantity
#       unit: !astropy.units.Unit {unit: mas / yr}
#       value: !astropy.table.SerializedColumn {name: pm}
#     pmx:
#       __class__: astropy.units.quantity.Quantity
#       unit: !astropy.units.Unit {unit: mas / yr}
#       value: !astropy.table.SerializedColumn {name: pmx}
#     pmx_e:
#       __class__: astropy.units.quantity.Quantity
#       unit: !astropy.units.Unit {unit: mas / yr}
#       value: !astropy.table.SerializedColumn {name: pmx_e}
#     pmy:
#       __class__: astropy.units.quantity.Quantity
#       unit: !astropy.units.Unit {unit: mas / yr}
#       value: !astropy.table.SerializedColumn {name: pmy}
#     pmy_e:
#       __class__: astropy.units.quantity.Quantity
#       unit: !astropy.units.Unit {unit: mas / yr}
#       value: !astropy.table.SerializedColumn {name: pmy_e}
#     r:
#       __class__: astropy.units.quantity.Quantity
#       unit: &id002 !astropy.units.Unit {unit: deg}
#       value: !astropy.table.SerializedColumn {name: r}
#     x:
#       __class__: astropy.units.quantity.Quantity
#       unit: *id002
#       value: !astropy.table.SerializedColumn {name: x}
#     y:
#       __class__: astropy.units.quantity.Quantity
#       unit: *id002
#       value: !astropy.table.SerializedColumn {name: y}
# schema: astropy-2.0
x y pmx pmy pmx_e pmy_e pm_corr g_mag bp_rp filter memberprob r pm member_prob_GMM member_prob_DB
-0.01029289 -0.007318529 -2.743021 -0.2186672 2.743343 1.664969 -0.173049 20.77384 1.248066 1 0.9030694 0.012629507166787667 2.7517230149120824 1.0 0.0
0.007552838 -0.02950854 -16.19328 -0.01415377 0.7710031 0.3458138 -0.2154179 18.68506 1.798372 1 0.0 0.030459798009603477 16.193286185564848 1.0 0.0
0.01814706 -0.01107829 -5.143137 -2.143878 1.629107 0.9516423 -0.1459136 19.75558 2.195541 0 0.0 0.021261333353477622 5.5720796009796025 1.0 0.0
-0.009453897 -0.003249173 -1.297328 -0.2997762 1.071647 0.6510206 -0.06922905 19.67286 1.159607 0 0.0 0.009996664127124508 1.3315125645935302 1.0 0.0
0.001050271 0.007537031 0.9309735 0.46306 4.260283 1.836394 -0.2305 20.75664 0.4017563 1 0.9780279 0.0076098558112754015 1.0397770055652558 1.0 0.0
-0.01678294 0.02565446 4.821263 -10.96757 1.493228 0.9015918 -0.1637505 20.19663 1.024618 1 0.0 0.030656457605783484 11.98049116773052 1.0 0.0
-0.004269257 -0.003641014 1.696741 2.50517 2.975937 1.994783 -0.1202963 20.79206 0.8651733 1 0.9851102 0.00561101936195599 3.025691119394212 1.0 1.0
0.01438659 -4.597847e-05 -2.580272 -3.227 0.7132376 0.5036898 -0.2287828 19.21119 0.6668739 1 0.0 0.01438666347169501 4.131746917949355 1.0 0.0
-0.04273474 -0.001276073 -5.427399 -7.994562 2.338022 1.454342 -0.1409949 20.57938 1.971331 0 0.0 0.04275378772891273 9.662798842832496 1.0 0.0
-0.0200793 0.01757092 2.320987 6.60115 1.342125 0.755894 -0.04591468 20.06085 1.95113 1 0.0 0.026681745035443242 6.99729676208384 1.0 0.0
-0.01195695 0.01269903 8.329427 -4.418424 1.211058 0.4823576 0.08217852 19.24391 2.126076 1 0.0 0.017442305359194926 9.428776420729521 1.0 0.0
0.001125159 -0.002259112 -1.600379 -0.8639223 1.532986 0.9004145 -0.1869482 20.22169 0.8134613 1 0.9955486 0.002523800666420587 1.8186738806279399 1.0 1.0
0.00343281 0.0004388154 0.3442959 0.05567422 1.223118 0.6774848 -0.04670546 19.95262 1.014688 1 0.9988982 0.0034607431935029737 0.3487682404253839 1.0 1.0
0.02323044 0.03736229 -9.161371 -4.560939 1.422233 0.8375542 -0.1900303 20.10625 1.185253 1 0.0 0.04399538676540644 10.23390849877807 1.0 0.0
-0.001137467 -0.01265512 -9.555464 -0.5331097 1.101408 0.5469214 0.04550955 19.61165 2.092524 1 0.0 0.012706136052730153 9.570323829815274 1.0 0.0
0.002219029 -0.002593857 0.491332 -6.548286 0.6914998 0.4487554 -0.2159739 18.92221 0.6680984 0 0.0 0.003413529528111629 6.566692978358285 1.0 1.0
-0.006652516 0.02901084 0.4861321 -3.741695 1.000202 0.6020292 -0.06981874 19.63978 0.5675964 1 1.828341e-06 0.029763817070998403 3.7731427075682427 1.0 0.0
0.01507704 0.02280879 -7.094648 1.15431 0.6864592 0.4222056 -0.2511066 18.99787 1.136744 1 0.0 0.027341507574120707 7.187938634963713 1.0 0.0
0.0001211793 -0.04085907 -4.255097 -5.138885 0.5601288 0.2686306 -0.2309981 18.34105 0.6551037 1 0.0 0.04085924969560318 6.671880508719712 1.0 0.0
-0.0353886 -0.03230767 -7.438239 -2.064243 1.261277 0.6085474 0.08550428 19.72516 1.943546 1 0.0 0.04791803993058251 7.719358689954108 1.0 0.0
-0.01816078 0.0114351 -0.4895599 0.0979487 1.216291 0.7181505 -0.06690164 19.93918 1.127478 1 0.9243433 0.021461021462605177 0.4992622993174029 1.0 0.0
-0.0005680947 -0.001899575 0.7278424 -0.4344179 0.739848 0.444173 -0.1155307 19.30475 1.18191 1 0.9994424 0.0019827044078210673 0.8476281443405298 1.0 1.0
0.00490126 -0.002565279 -1.064154 -8.337419 0.7507488 0.4446119 -0.0889132 19.10791 0.5205956 1 0.0 0.0055319983672666604 8.40505677061595 1.0 1.0
-0.003085591 0.00680841 7.508268 8.727962 1.170938 0.7753683 -0.3444496 18.24667 2.472099 0 0.0 0.00747497950146895 11.513097282367937 1.0 0.0
-0.04750123 0.007469353 -15.32641 -1.486061 0.2480186 0.1661874 -0.2732845 17.46622 0.7611141 1 0.0 0.04808490496768719 15.398286293734799 1.0 0.0
0.00235395 0.005082266 0.71262 -3.240028 2.241482 1.660754 -0.1841088 20.73709 1.038418 1 0.9656353 0.005600938162241751 3.3174702267215603 1.0 1.0
-0.004703926 0.00391208 4.634024 1.762764 4.152928 2.364412 -0.2664419 20.51969 1.190542 0 0.0 0.006118111615513074 4.957974924530377 1.0 1.0
0.00206932 0.01706232 -9.232757 -2.40571 1.178345 0.7129257 -0.1688418 19.83949 2.459415 1 0.0 0.01718734560788256 9.541029421668764 1.0 0.0
-0.0136812 0.0334223 -57.5635 -30.87577 0.6382756 0.3847244 -0.2177977 18.95581 1.692642 0 0.0 0.03611406056828836 65.32128064683744 1.0 0.0
-0.00892962 0.002742779 0.4632966 0.09393257 0.5883841 0.3808949 -0.09678917 18.98846 1.291313 1 0.9979857 0.009341356967124261 0.4727230344275228 1.0 0.0
-0.0275532 -0.02448958 0.9693593 0.8798338 1.57573 0.7781589 0.04901918 20.02469 0.9590797 1 0.4307469 0.03686350985481985 1.3091084630842968 1.0 0.0
0.01657433 -0.0003817854 -0.3136662 -0.1048777 0.4228752 0.2606804 -0.2865821 18.23776 1.550186 1 0.9952246 0.016578726580788804 0.33073526721492824 1.0 0.0
