jas1101finalproject/data/gcs/Djorg_1.ecsv
# %ECSV 0.9
# ---
# datatype:
# - {name: x, unit: deg, datatype: float64}
# - {name: y, unit: deg, datatype: float64}
# - {name: pmx, unit: mas / yr, datatype: float64}
# - {name: pmy, unit: mas / yr, datatype: float64}
# - {name: pmx_e, unit: mas / yr, datatype: float64}
# - {name: pmy_e, unit: mas / yr, datatype: float64}
# - {name: pm_corr, datatype: float64}
# - {name: g_mag, unit: mag, datatype: float64}
# - {name: bp_rp, unit: mag, datatype: float64}
# - {name: filter, datatype: int64}
# - {name: memberprob, datatype: float64}
# - {name: r, unit: deg, datatype: float64}
# - {name: pm, unit: mas / yr, datatype: float64}
# - {name: member_prob_GMM, datatype: float64}
# - {name: member_prob_DB, datatype: float64}
# meta: !!omap
# - comments: [deg deg mas/yr mas/yr mas/yr mas/yr dimless mag   mag   zeroone float]
# - __serialized_columns__:
#     bp_rp:
#       __class__: astropy.units.quantity.Quantity
#       unit: &id001 !astropy.units.Unit {unit: mag}
#       value: !astropy.table.SerializedColumn {name: bp_rp}
#     g_mag:
#       __class__: astropy.units.quantity.Quantity
#       unit: *id001
#       value: !astropy.table.SerializedColumn {name: g_mag}
#     pm:
#       __class__: astropy.units.quantity.Quantity
#       unit: !astropy.units.Unit {unit: mas / yr}
#       value: !astropy.table.SerializedColumn {name: pm}
#     pmx:
#       __class__: astropy.units.quantity.Quantity
#       unit: !astropy.units.Unit {unit: mas / yr}
#       value: !astropy.table.SerializedColumn {name: pmx}
#     pmx_e:
#       __class__: astropy.units.quantity.Quantity
#       unit: !astropy.units.Unit {unit: mas / yr}
#       value: !astropy.table.SerializedColumn {name: pmx_e}
#     pmy:
#       __class__: astropy.units.quantity.Quantity
#       unit: !astropy.units.Unit {unit: mas / yr}
#       value: !astropy.table.SerializedColumn {name: pmy}
#     pmy_e:
#       __class__: astropy.units.quantity.Quantity
#       unit: !astropy.units.Unit {unit: mas / yr}
#       value: !astropy.table.SerializedColumn {name: pmy_e}
#     r:
#       __class__: astropy.units.quantity.Quantity
#       unit: &id002 !astropy.units.Unit {unit: deg}
#       value: !astropy.table.SerializedColumn {name: r}
#     x:
#       __class__: astropy.units.quantity.Quantity
#       unit: *id002
#       value: !astropy.table.SerializedColumn {name: x}
#     y:
#       __class__: astropy.units.quantity.Quantity
#       unit: *id002
#       value: !astropy.table.SerializedColumn {name: y}
# schema: astropy-2.0
x y pmx pmy pmx_e pmy_e pm_corr g_mag bp_rp filter memberprob r pm member_prob_GMM member_prob_DB
[from data line 1007]
-0.02667275 0.004536821 -1.024994 -1.259974 0.7947147 0.6340778 0.312132 19.18734 nan 0 0.0 0.027055837398767404 1.6242374151311747 0.0 0.0
-0.01841588 0.02550833 -5.652773 -5.59236 1.873959 1.471998 0.6204141 19.92809 nan 0 0.0 0.03146139754625182 7.951624548425875 0.0 0.0
-0.02529482 0.01568377 -0.6520635 -6.113506 0.8845335 0.7340785 0.3039123 19.22574 2.919949 0 0.0 0.02976253618637531 6.1481820418777655 0.0 0.0
-0.02651275 -0.01718402 -0.7340269 -5.57434 0.7923582 0.6583158 -0.8635008 17.65494 3.157282 1 0.0 0.03159456370838028 5.62246048679078 0.0 0.0
0.003277222 -0.00274527 -5.742339 -9.263746 0.9995098 0.8002712 0.1127361 19.49686 2.972445 0 0.0 0.004275124724517871 10.8991489183072 0.0 1.0
0.02990323 0.005863298 -2.110125 -2.28479 1.250891 1.020954 0.2825698 19.358 2.559956 0 0.0 0.03047263408157726 3.11012746679698 0.0 0.0
-0.02644699 0.01926925 -2.596934 -5.93152 0.6515898 0.5337226 0.03969895 18.70046 3.246742 0 0.0 0.03272227491514916 6.475105845525307 0.0 0.0
0.008215182 0.01951317 -3.342639 -6.430368 0.6965224 0.5628161 0.213606 19.12647 3.410234 0 0.0 0.02117198665080875 7.247266250093548 0.0 0.0
0.02923296 -0.009994174 -2.382316 -3.020112 0.793395 0.6339603 0.4262885 18.90667 nan 0 0.0 0.030894165538235145 3.8466226766346607 0.0 0.0
0.0272424 0.003235835 -4.673074 -6.894827 0.5961543 0.5017504 0.0714689 18.94984 3.022266 0 0.0 0.02743390212687989 8.32924126012718 0.0 0.0
-0.02401583 0.01571084 0.7821891 -2.782353 2.056815 1.54092 0.6221134 20.09528 2.389935 0 0.0 0.028698267963319667 2.890208989808144 0.0 0.0
0.0003362803 0.0309729 -3.682751 -8.74819 1.082515 0.8686471 0.3079474 19.54117 2.49515 0 0.0 0.030974725484661975 9.491758699213806 0.0 0.0
0.008342133 0.009442354 -6.526753 -5.279428 1.030896 0.880892 -0.1396035 19.13519 3.258904 0 0.0 0.012599572693191027 8.39469265251522 0.0 0.0
0.01411716 -0.0255773 -1.078429 -1.308823 0.2359344 0.2002427 0.2040404 17.17741 3.431849 1 0.0 0.029214593643513167 1.6958852418044095 0.0 0.0
-0.03022756 0.003536222 -6.681012 -4.60745 0.7376206 0.60728 -0.06482877 19.00568 3.099169 0 0.0 0.030433702528395785 8.115695709342729 0.0 0.0
0.004785963 -0.005606362 -5.407384 -1.878089 1.548661 1.390013 0.2561 19.85358 nan 0 0.0 0.007371345651399954 5.724248423625324 0.0 0.0
0.007370884 0.01801788 -0.3110398 -6.814963 1.51831 1.219112 0.410588 20.03132 1.763399 0 0.0 0.01946725277577337 6.822057347204949 0.0 0.0
0.008339749 -0.01570413 -2.067805 -9.430337 0.5941705 0.4737427 -0.2806246 17.87846 nan 0 0.0 0.017781201096661075 9.654381049637205 0.0 0.0
0.0187786 0.01235136 -0.0878312 -2.600973 0.6544062 0.5347085 0.03546598 18.94235 2.258554 0 0.0 0.022476474630368524 2.6024555455228127 0.0 0.0
-0.003832914 0.006856301 -1.985081 -4.02219 1.344232 1.095523 0.2294272 19.77363 2.848217 0 0.0 0.007854940683034915 4.485371664941602 0.0 0.0
0.00990256 0.01091085 0.5273876 -7.004645 0.6144951 0.5020717 0.1654636 18.98577 3.017973 0 0.0 0.014734562846453912 7.024470745661823 0.0 0.0
-0.003908611 -0.01643243 -2.03176 -6.337828 1.482089 1.23594 0.2255648 20.01756 2.580679 0 0.0 0.016890884987300726 6.655532469696471 0.0 0.0
0.009622197 0.02006615 -1.210655 -2.001246 0.3138077 0.265643 0.08494102 18.02192 2.646114 1 0.0 0.022253922147102725 2.3389465751788774 0.0 0.0
-0.01022365 -0.02404707 -4.403132 -8.118506 0.443463 0.3438471 -0.2365991 18.19596 2.788517 0 0.0 0.026130147242359732 9.235675994828965 0.0 0.0
-0.003984801 -0.02795282 -7.578908 -7.956244 0.2638286 0.2150566 -0.04640779 17.14309 3.27226 0 0.0 0.028235417208923988 10.988251228471253 0.0 0.0
0.02539534 -0.01607361 -6.610429 -7.901048 0.3975949 0.3316495 0.2987199 18.29155 3.486818 1 0.001248865 0.03005468735734411 10.301666421620581 0.0 0.0
0.01887339 -0.02276676 -0.0841551 -1.181566 0.2976268 0.2509973 0.2010957 17.64251 3.638494 1 0.0 0.029572456965725726 1.1845591134308198 0.0 0.0
0.01086943 -0.03049399 -5.569725 -11.00101 0.6688052 0.5934331 -0.0007836852 18.64338 nan 0 0.0 0.03237325956163512 12.330614647929155 0.0 0.0
-0.002604702 -0.01008091 -3.492527 -7.7629 0.968659 0.7869303 0.215366 19.35447 3.044931 0 0.0 0.010411974785644845 8.512365197507036 0.0 0.0
-0.01255096 -0.01991224 -1.781705 -5.262267 1.040602 0.8183856 0.3477846 19.4608 2.565645 0 0.0 0.02353771226647144 5.555711177366404 0.0 0.0
0.00189628 0.001084727 -3.913506 -7.889371 0.7329058 0.6016689 0.05753499 19.07533 2.979891 0 0.0 0.0021846076313445854 8.806685187269782 0.0 0.0
-0.01468066 0.0246202 -2.36733 -3.717812 1.135037 0.910797 0.3012002 19.73796 2.276945 0 0.0 0.02866489187273519 4.40753643164115 0.0 0.0
-0.00943125 -0.02202138 -2.359367 -7.403587 0.5152272 0.420785 0.08440228 18.58272 3.021187 0 0.0 0.02395599410725633 7.770438411522094 0.0 0.0
-0.007619772 0.02322111 -7.306033 -10.88332 1.003301 0.8082147 0.3187333 19.45247 3.398151 0 0.0 0.02443933049336835 13.108194857396994 0.0 0.0
0.0002082084 -0.03252655 -5.204084 -0.4703668 0.5159097 0.4164614 0.1723843 18.60754 3.127073 0 0.0 0.03252721638321255 5.225297618853709 0.0 0.0
0.02839287 0.001789701 -3.808838 -3.733234 1.453913 1.302086 -0.2063119 19.64841 nan 0 0.0 0.028449219611551755 5.333318198738943 0.0 0.0
0.02154352 0.02215068 -5.525484 -3.426204 0.5569682 0.4590937 0.07780197 18.91476 nan 0 0.0 0.03089944786647166 6.501526534889479 0.0 0.0
0.01314495 -0.0297695 -4.289188 -2.008036 0.3247256 0.2731388 0.2192732 17.24718 4.115907 1 0.0 0.0325424774833217 4.735962655748037 0.0 0.0
-0.001530586 -0.01441057 0.2462618 -4.460832 0.680763 0.5527429 0.1912612 18.90151 2.495241 0 0.0 0.014491625900094715 4.46762431347615 0.0 0.0
0.01793293 0.004664921 -3.036251 -5.430229 1.334951 1.076495 0.3487271 19.84172 2.398485 0 0.0 0.018529745446744298 6.221431276438083 0.0 0.0
0.0167295 -0.002353885 -7.868784 -5.472183 0.6617451 0.5407081 0.1363869 19.01522 3.147814 0 0.0 0.016894287343455036 9.5844952096678 0.0 0.0
0.01567634 -0.02811816 -4.067448 -4.580267 0.2645856 0.2251167 0.2383158 17.09205 3.712336 1 0.0 0.03219283394765363 6.125600299072166 0.0 0.0
0.02562452 -0.01935813 -4.617476 -0.146592 0.8041503 0.6050406 -0.7084687 18.00046 3.115061 0 0.0 0.03211468857590402 4.619802357789779 0.0 0.0
0.01197276 -0.001254477 -2.637328 -2.212215 0.4504661 0.3976339 -0.2138594 18.31331 3.395443 1 0.0 0.012038301149295487 3.4422949010520583 0.0 0.0
0.02015123 -0.02533815 -8.218288 -8.109964 1.351865 1.05967 0.4008099 19.70508 3.008656 0 0.0 0.03237427861644796 11.546071787938962 0.0 0.0
0.004863574 0.01049547 -1.565258 -2.823818 0.1951845 0.1617931 -0.007631158 15.52057 2.786325 0 0.0 0.011567594502504658 3.2286190087540527 0.0 0.0
-0.006108467 -0.005080015 -4.793499 -8.193902 0.6432623 0.5283733 0.1056783 19.0916 3.320126 0 0.0 0.007944804685473017 9.493032321055532 1.0 0.0
0.02307365 0.003908413 -8.681415 -6.612711 1.204585 0.953925 0.3710165 19.58323 2.727003 0 0.0 0.02340232929648391 10.91306158562967 0.0 0.0
0.01790084 -0.02737471 -3.976491 -3.616582 0.4643319 0.3452215 0.2940022 18.45012 2.919386 0 0.0 0.0327080237906496 5.375141489840524 0.0 0.0
0.003277154 -0.004568695 -4.48875 -7.800466 0.6098222 0.5015664 0.02322948 18.85374 3.201872 0 0.0 0.0056225183274704405 8.999785907434465 1.0 0.0
0.01990394 0.01173313 -3.850982 -5.135074 1.034144 0.8362015 0.08247079 19.14586 2.719723 0 0.0 0.023104829952209124 6.41864840521741 0.0 0.0
0.02775564 0.00865636 -5.235082 -4.683223 1.154491 0.9166263 0.05882409 19.35611 nan 0 0.0 0.029074183054029222 7.024148433401233 0.0 0.0
0.01261029 -0.01412535 -1.277972 -7.059886 0.778448 0.6885908 0.4909184 19.17172 2.650896 0 0.0 0.01893528258322542 7.174622134006779 0.0 0.0
0.007955357 -0.02488226 -5.139111 -6.826811 1.372834 1.018928 0.3814068 19.92156 2.072014 0 0.0 0.026123065817492575 8.544928923053837 0.0 0.0
0.030593 0.003551354 0.01193751 -5.495701 0.5441486 0.4319224 0.1188359 18.70758 2.106209 0 0.0 0.030798437691436815 5.495713965040939 0.0 0.0
0.008879374 0.01044938 -4.503725 -8.24446 0.8553192 0.690095 0.224273 19.34041 2.782757 0 0.0 0.013712506153737033 9.394395114493802 0.0 0.0
0.02268634 -0.0102936 -6.09019 -8.022187 0.6472075 0.5124572 0.1553063 18.99006 2.743074 0 0.0 0.024912411034574714 10.072035469510075 0.0 0.0
0.002228456 -0.01106509 -0.3775884 -8.965719 1.4234 1.048506 0.09837432 19.69764 nan 0 0.0 0.011287259758330894 8.973666485153968 0.0 0.0
0.008647709 -0.004405027 -5.724018 -10.06755 1.186975 1.029634 -0.1074182 19.77756 nan 0 0.0 0.009705005606356443 11.5810165817524 0.0 0.0
0.006422202 -0.01215249 -1.446164 -8.256168 1.007649 0.8148791 0.2977173 19.4658 3.561157 0 0.0 0.013745097006893185 8.381867355137517 0.0 0.0
0.01082009 -0.01592565 -7.452144 -5.151657 0.8248563 0.6605878 0.1649309 19.25229 3.196375 0 0.0 0.019253588640318457 9.05947128934051 0.0 0.0
-0.008920016 -0.02059463 -0.07005749 -3.93414 2.178233 1.6639 -0.1355294 19.74849 2.755625 0 0.0 0.02244338366372495 3.934763727532455 0.0 0.0
-0.009405838 -0.02055653 -0.2073549 -2.223836 1.762795 1.32417 -0.06337014 19.78065 nan 0 0.0 0.02260620963636195 2.233482171285459 0.0 0.0
0.03074129 -0.01124591 -0.878855 -6.495208 0.7736078 0.6095288 0.4361282 18.91139 3.536934 0 0.0 0.032733734931904734 6.554396469110562 0.0 0.0
0.01159145 0.01632751 -2.161812 -3.795099 0.1101661 0.08865612 -0.08852538 15.89263 1.714691 1 0.0 0.020023718333581304 4.367631800317536 0.0 0.0
0.01916405 0.02043462 -0.9435322 -4.256758 0.580134 0.4787388 0.07144504 18.95535 2.534344 0 0.0 0.02801489794639452 4.360073586879107 0.0 0.0
-0.02728921 0.01299763 -3.79419 1.701758 0.7366783 0.656689 -0.1901117 19.07744 3.269665 0 0.0 0.030226468004730556 4.158347994897012 0.0 0.0
-0.0160077 0.006751932 -2.845679 -3.35816 0.7406952 0.6102163 -0.003931255 19.0009 3.392456 0 0.0 0.017373400502567825 4.401718704851662 0.0 0.0
0.0028162 -0.02400838 -3.842438 -8.445589 0.8397733 0.6783145 0.1545615 19.19661 nan 0 0.0 0.024172986837881657 9.278593823460804 0.0 0.0
0.007522928 0.001172164 -5.23022 -8.209994 0.2527762 0.204142 -0.06616321 17.10431 3.451888 1 0.9934725 0.0076136991098992085 9.73443386789576 1.0 0.0
0.0239478 0.02066615 0.3647106 1.031374 1.12804 0.9006744 0.3334963 19.47266 2.709963 0 0.0 0.03163205463864938 1.0939589341599436 0.0 0.0
0.01813681 0.001071434 -1.914923 -5.298152 0.8265997 0.6518376 0.3147637 19.24389 2.978333 0 0.0 0.01816842997599011 5.633590747563494 0.0 0.0
0.02150984 -0.01100284 -2.578656 -6.320816 1.027034 0.9367116 0.2791596 19.65454 2.708332 0 0.0 0.02416062302365566 6.8265790607149635 0.0 0.0
-0.005291961 0.02583816 -3.479675 -1.30673 1.514278 1.197262 0.27916 19.94549 2.75033 0 0.0 0.026374521102972108 3.7169451702338843 0.0 0.0
0.0326909 0.005259584 -0.9460204 -5.342113 2.081434 1.506912 0.6810303 20.19009 1.638678 0 0.0 0.03311129968248084 5.425230492982318 0.0 0.0
0.02517346 0.01279227 -3.080265 -2.498452 0.7801822 0.6255606 0.271362 19.15038 2.214148 0 0.0 0.02823730263542359 3.966143576136522 0.0 0.0
0.01171513 -0.01542986 -4.667261 -8.319687 0.3211203 0.2589602 0.1089762 17.89062 3.277227 1 0.9242287 0.019373302520130635 9.539419113346996 0.0 0.0
0.01038529 -0.0166771 5.125836 -0.8565526 2.047275 1.531736 0.6524119 20.10642 3.129082 0 0.0 0.019646371491807337 5.196910337446929 0.0 0.0
-0.01928276 0.01208804 -5.253314 -3.116311 0.9823611 0.7843072 0.3488497 19.43823 2.842262 0 0.0 0.022758416998095454 6.1080849888747455 0.0 0.0
-0.01510869 -0.01539604 -7.822968 -0.5293445 1.269921 0.9225081 0.1293972 19.45342 3.14035 0 0.0 0.021571058416259968 7.84085670884912 0.0 0.0
0.01887965 0.006430928 -4.501938 -6.495684 1.621394 1.45963 0.4886141 19.77944 nan 0 0.0 0.01994487450609013 7.903249735627743 0.0 0.0
0.01769759 -0.02095454 -7.784815 -3.33635 1.049462 0.8614171 0.1783409 19.48493 2.499187 0 0.0 0.02742804109701785 8.469626668674659 0.0 0.0
-0.02611375 0.01695383 -1.151189 -2.610036 1.363452 1.093374 0.379235 19.95988 2.421474 0 0.0 0.03113455139762576 2.8526345778975966 0.0 0.0
0.01099929 -0.01424339 -1.074795 -4.839974 0.9037699 0.7150332 0.3134698 19.39795 nan 0 0.0 0.017996070104225534 4.957875816587281 0.0 0.0
-0.02040459 -0.003602066 -1.02145 -4.043852 0.5227397 0.4405353 0.1120065 18.68744 2.567917 0 0.0 0.020720091035911402 4.170863112163237 0.0 0.0
0.01286813 0.0004314933 -6.561259 -9.683902 1.275577 1.033913 0.2196153 19.72606 2.87851 0 0.0 0.01287536237023428 11.697353444719237 0.0 0.0
0.008979986 -0.006217041 -11.1772 -3.060771 2.602784 2.019626 -0.004573083 19.72438 nan 0 0.0 0.010922076146771594 11.58870652637476 0.0 0.0
-0.001658709 -0.0002237095 -3.173031 -9.169391 1.042328 0.8445582 0.05472292 19.42371 nan 0 0.0 0.0016737268257010311 9.7028788015641 0.0 0.0
-0.001402743 -0.01361711 -6.173703 -3.592066 0.8943097 0.7304069 0.1501682 19.11657 nan 0 0.0 0.013689169904568683 7.142656850259923 0.0 0.0
-0.002144626 -0.0007539629 -4.772574 -8.03014 0.5813642 0.478677 0.03312192 18.61567 nan 0 0.0 0.0022732973264516917 9.341338822945884 0.0 0.0
0.01455722 0.007152727 -1.795895 -4.165725 0.7075502 0.5776919 0.1730264 18.99961 3.514107 0 0.0 0.01621956095783511 4.536353560586961 0.0 0.0
-0.002093486 -0.0003229009 -2.407904 -6.677292 0.2158697 0.1756747 -0.04802453 16.67656 3.94324 1 0.0 0.0021182418708487493 7.0981849881839505 0.0 0.0
0.006858876 0.01291767 -2.680892 -7.079383 0.7030277 0.5753652 0.07319126 19.03464 3.278088 0 0.0 0.014625675307905478 7.569996405306478 0.0 0.0
0.0162423 -0.009300358 -2.967495 -6.426185 0.6016276 0.5290984 -0.15299 18.5059 2.982851 0 0.0 0.018716542635277594 7.078268165960513 0.0 0.0
-0.003602348 -0.002192151 -7.742908 -9.760249 1.463906 1.185433 -0.01118782 19.80189 2.855577 0 0.0 0.004216922707366712 12.45853461842383 0.0 0.0
0.01967572 0.0206672 0.2451386 0.5892748 0.8228784 0.6674666 0.1853965 19.11258 3.018396 0 0.0 0.02853536601059114 0.6382301490254123 0.0 0.0
0.01204736 -0.01679938 1.89236 -4.506207 1.185455 1.005717 0.365787 19.60295 3.068525 0 0.0 0.02067264016409128 4.887425487559785 0.0 0.0
-0.007620049 0.02641401 1.205607 -4.356023 1.373834 1.235898 0.01958639 19.69061 3.147968 0 0.0 0.027491181696000285 4.51978147867549 0.0 0.0
0.0108202 -0.0150025 -0.1842422 -2.574637 0.7243032 0.5857215 0.1545302 19.05811 3.308945 0 0.0 0.018497343979339304 2.5812208100102247 0.0 0.0
0.02516956 -0.0008376445 -1.014878 -5.144294 0.996731 0.8011085 0.151613 19.33393 2.727592 0 0.0 0.02518349457287412 5.243447159390471 0.0 0.0
-0.01534482 0.01901249 -2.165386 -12.62668 1.199187 0.9511122 0.282821 19.77722 nan 0 0.0 0.024432320332553353 12.81100871716962 0.0 0.0
-0.002272139 -0.01476916 -3.784297 -11.01815 1.317045 1.069904 0.301079 19.83876 3.045135 0 0.0 0.014942914800698055 11.649915587964962 0.0 0.0
0.02481655 0.01704957 -4.989755 -7.998946 0.5026636 0.4148904 0.0296907 18.58312 2.924734 0 0.0 0.03010895200911848 9.42766100742602 0.0 0.0
-0.01976933 0.01463996 -1.328175 -1.108806 0.4861857 0.3963193 0.06258258 18.47113 2.469973 0 0.0 0.02459989506990833 1.7301732792587567 0.0 0.0
0.01908345 0.002669592 -4.432676 -7.998179 2.043043 1.559213 0.5642365 19.98019 3.546394 0 0.0 0.01926927049342979 9.144368968770728 0.0 0.0
0.0007195865 -0.02509552 -2.074892 -4.016313 1.076629 0.8764151 0.3336746 19.7423 3.002262 0 0.0 0.025105834556958712 4.520613556325403 0.0 0.0
0.006575102 -0.01924402 3.036011 -1.618041 1.442258 1.178499 0.5221029 19.85982 2.509701 0 0.0 0.020336279700840173 3.4402644476554416 0.0 0.0
-0.02685266 0.007386346 -4.811684 -8.518485 1.167181 0.9337343 0.2096249 19.69187 2.930216 0 0.0 0.027850017168887277 9.78350088726326 0.0 0.0
0.02046261 -0.005703978 -1.346568 -4.604507 1.463571 1.193666 0.359597 19.90642 2.594915 0 0.0 0.021242734594128506 4.797366995725155 0.0 0.0
-0.007029527 -4.086911e-05 -1.761333 -2.141489 0.2387733 0.1934355 -0.03871384 16.15604 4.318398 1 0.0 0.007029645803871002 2.7727728132701386 0.0 0.0
-0.0009936761 -0.00696427 -2.884329 -7.651599 0.8902462 0.7306823 0.2858301 19.30733 2.591171 0 0.0 0.007034802685549269 8.177182952401273 0.0 0.0
