jas1101finalproject/data/gcs/Djorg_2_ESO456-.ecsv
# %ECSV 0.9
# ---
# datatype:
# - {name: x, unit: deg, datatype: float64}
# - {name: y, unit: deg, datatype: float64}
# - {name: pmx, unit: mas / yr, datatype: float64}
# - {name: pmy, unit: mas / yr, datatype: float64}
# - {name: pmx_e, unit: mas / yr, datatype: float64}
# - {name: pmy_e, unit: mas / yr, datatype: float64}
# - {name: pm_corr, datatype: float64}
# - {name: g_mag, unit: mag, datatype: float64}
# - {name: bp_rp, unit: mag, datatype: float64}
# - {name: filter, datatype: int64}
# - {name: memberprob, datatype: float64}
# - {name: r, unit: deg, datatype: float64}
# - {name: pm, unit: mas / yr, datatype: float64}
# - {name: member_prob_GMM, datatype: float64}
# - {name: member_prob_DB, datatype: float64}
# meta: !!omap
# - comments: [deg deg mas/yr mas/yr mas/yr mas/yr dimless mag   mag   zeroone float]
# - __serialized_columns__:
#     bp_rp:
#       __class__: astropy.units.quantity.Quantity
#       unit: &id001 !astropy.units.Unit {unit: mag}
#       value: !astropy.table.SerializedColumn {name: bp_rp}
#     g_mag:
#       __class__: astropy.units.quantity.Quantity
#       unit: *id001
#       value: !astropy.table.SerializedColumn {name: g_mag}
#     pm:
#       __class__: astropy.units.quantity.Quantity
#       unit: !astropy.units.Unit {unit: mas / yr}
#       value: !astropy.table.SerializedColumn {name: pm}
#     pmx:
#       __class__: astropy.units.quantity.Quantity
#       unit: !astropy.units.Unit {unit: mas / yr}
#       value: !astropy.table.SerializedColumn {name: pmx}
#     pmx_e:
#       __class__: astropy.units.quantity.Quantity
#       unit: !astropy.units.Unit {unit: mas / yr}
#       value: !astropy.table.SerializedColumn {name: pmx_e}
#     pmy:
#       __class__: astropy.units.quantity.Quantity
#       unit: !astropy.units.Unit {unit: mas / yr}
#       value: !astropy.table.SerializedColumn {name: pmy}
#     pmy_e:
#       __class__: astropy.units.quantity.Quantity
#       unit: !astropy.units.Unit {unit: mas / yr}
#       value: !astropy.table.SerializedColumn {name: pmy_e}
#     r:
#       __class__: astropy.units.quantity.Quantity
#       unit: &id002 !astropy.units.Unit {unit: deg}
#       value: !astropy.table.SerializedColumn {name: r}
#     x:
#       __class__: astropy.units.quantity.Quantity
#       unit: *id002
#       value: !astropy.table.SerializedColumn {name: x}
#     y:
#       __class__: astropy.units.quantity.Quantity
#       unit: *id002
#       value: !astropy.table.SerializedColumn {name: y}
# schema: astropy-2.0
x y pmx pmy pmx_e pmy_e pm_corr g_mag bp_rp filter memberprob r pm member_prob_GMM member_prob_DB
[from data line 1561]
0.004407961 -0.002657789 -0.3539672 -2.94047 0.7855128 0.6840402 0.3502705 18.50476 nan 0 0.0 0.005147228627722107 2.961698262749911 0.0 0.0
-0.02301619 0.01596131 -5.379888 -4.301121 0.4988024 0.3998843 -0.2618771 17.32731 2.20722 0 0.0 0.02800907743986224 6.887876069528618 0.0 0.0
0.01647174 -0.002870665 -1.791443 -5.18134 0.5480417 0.4270064 -0.2247141 18.36216 1.682098 0 0.0 0.016720016033778942 5.482294430058367 0.0 0.0
-0.01645291 -0.0102769 -1.112952 -0.923479 0.453742 0.3475457 -0.2835287 17.86496 nan 0 0.0 0.019398786587776568 1.446193492498497 0.0 0.0
-0.01237748 -0.01440767 0.9300957 -3.396901 0.162828 0.133198 -0.05268389 14.64177 2.494406 0 0.0 0.018994287719714575 3.521933334826128 0.0 0.0
-0.03118768 -0.009809015 4.38992 5.552403 1.598174 1.322578 0.01910557 18.91996 nan 0 0.0 0.032693855065633125 7.078176084331965 0.0 0.0
-0.004850317 0.02550992 -0.9555387 -6.649246 0.7118635 0.5793607 0.1311326 18.58266 1.680458 0 0.0 0.025966932691538464 6.7175536153955395 0.0 0.0
0.02859318 0.01106572 -2.850358 -2.652051 0.1615618 0.130897 -0.1023992 16.35984 1.729008 0 0.0 0.03065974725321133 3.8933167395891384 0.0 0.0
-0.02641114 -0.009428186 -2.607193 -2.325897 0.9873756 0.8384124 0.6208453 18.20017 1.585749 0 0.0 0.02804351988160894 3.493887833611434 0.0 0.0
-0.02886706 -0.008925271 -3.931505 -2.21243 1.133277 0.9014704 -0.137914 18.11775 nan 0 0.0 0.030215353968918533 4.511272333823907 0.0 0.0
-0.02341608 -0.007266472 -1.958248 -4.352484 0.3462505 0.2947628 0.2722297 17.61085 1.510094 0 0.0 0.024517634834811942 4.7727195810942 0.0 0.0
-0.02803227 -0.001972766 -2.091963 -6.13784 0.1407514 0.1159307 -0.01647493 14.81753 2.496274 0 0.0 0.02810160079147905 6.484550027486024 0.0 0.0
-0.01902292 0.02562852 -3.98181 -10.24895 0.4919354 0.3907487 0.2026162 18.19472 2.17911 0 0.0 0.031916962930654914 10.99526202409929 0.0 0.0
-0.01794001 0.006881376 -2.876104 -4.988223 0.236403 0.1923284 -0.09656022 16.39428 2.529123 0 0.0 0.019214507395545585 5.757980802029909 0.0 0.0
0.01504438 0.01891146 -12.87609 -15.6294 1.157517 0.93551 0.06589967 16.61325 2.152362 0 0.0 0.02416560963261635 20.250230567776256 0.0 0.0
0.007618278 -0.02119358 -4.427534 -4.808062 0.319315 0.2617836 -0.005198433 17.48165 2.199518 0 0.0 0.022521234266835465 6.536093444634952 0.0 0.0
0.02370462 -0.002856745 -7.388338 -7.257197 0.6770508 0.5517667 -0.0252286 18.18648 2.116728 0 0.0 0.023876138744349452 10.356372275032074 0.0 0.0
-0.01823721 0.008697122 -4.839203 -5.809405 0.6592347 0.5111471 -0.4153705 16.3989 2.025597 0 0.0 0.02020484495528199 7.560890961337427 0.0 0.0
0.009130971 -0.00217171 -6.452825 -7.855597 0.3496133 0.2994891 0.2548391 17.56602 2.006357 0 0.0 0.009385678224131755 10.166088466417849 0.0 0.0
-0.0298965 0.005375751 -3.409303 -4.328537 1.577356 1.355287 0.2420289 18.87654 1.837988 0 0.0 0.03037596765642209 5.50995276805328 0.0 0.0
-0.02937944 -0.01030633 -3.386623 -0.781262 0.1768962 0.1442896 -0.0954412 16.49236 2.348869 0 0.0 0.031134738360591694 3.4755698319517334 0.0 0.0
0.01469078 -0.0008963035 -1.186899 -11.27209 0.3060161 0.2471289 -0.2163841 17.13302 2.069972 0 0.0 0.014718096920883226 11.33440524263629 0.0 0.0
0.01750091 0.01955006 -4.315851 -3.232584 0.713171 0.6192708 0.4204729 18.64985 2.476933 0 0.0 0.026239030028408064 5.392232299452333 0.0 0.0
-0.01847734 -0.007729005 -3.807147 -2.405059 0.4539137 0.3729153 0.08908031 18.16868 1.631157 0 0.0 0.020028719673649262 4.503185214166746 0.0 0.0
0.007348691 -0.01748758 16.33133 6.345726 1.969618 1.572366 -0.2175888 18.96599 nan 0 0.0 0.018968888045161766 17.520861224151513 0.0 0.0
-0.02738781 0.01096685 -3.924645 -7.546542 0.5815167 0.4709155 -0.1352302 18.09099 2.70117 0 0.0 0.029501931047282312 8.506064573807855 0.0 0.0
-0.01775301 0.01876419 -4.275841 0.200363 0.3335058 0.268106 -0.1430712 17.05396 2.221294 0 0.0 0.02583145738080219 4.280532862746179 0.0 0.0
0.02386642 -0.003449966 -3.819879 2.632815 1.371259 1.010438 -0.1730823 19.09805 nan 0 0.0 0.02411448255753285 4.639309258808471 0.0 0.0
-0.006684162 -0.004416481 0.6367928 -1.315586 0.161129 0.1310841 -0.1297001 15.72993 2.311946 0 0.0 0.008011449685643978 1.4615989851966373 0.0 0.0
-0.01828704 -0.01594965 -1.789043 -6.029333 0.3202686 0.2570992 -0.2268133 17.10847 2.21518 0 0.0 0.02426534910286889 6.289159823119301 0.0 0.0
-0.01891041 -0.0003705283 -1.045161 -6.796823 0.6086562 0.470773 -0.2390462 18.38606 2.010925 0 0.0 0.018914039695136543 6.876711743940558 0.0 0.0
-0.02249737 -0.0128014 -3.890191 -4.794228 0.3358516 0.2722741 -0.1055453 16.85797 2.140289 0 0.0 0.025884503064128928 6.173994503760511 0.0 0.0
0.01833649 0.01227338 0.5996138 -0.03139344 0.4471284 0.3604589 -0.08647045 17.76166 nan 0 0.0 0.022064965944784506 0.6004350566260047 0.0 0.0
0.0199264 -0.002045362 4.589454 -11.24418 0.2803359 0.2285302 -0.04924162 17.00683 2.149053 0 0.0 0.020031098888254835 12.144738444714074 0.0 0.0
-0.02911422 0.006999117 -2.250827 -6.590359 0.6057236 0.4891163 -0.03229486 18.55004 2.065937 0 0.0 0.029943704596928033 6.964126214595052 0.0 0.0
-0.01742921 0.01949094 -2.778301 -6.623738 0.7709361 0.6034124 -0.1996059 18.69133 nan 0 0.0 0.026147162433191484 7.182817103285103 0.0 0.0
0.007996186 -0.01936065 0.7967382 -2.909423 0.1497386 0.1214337 -0.151729 14.41886 2.505616 1 0.8966747 0.02094692719634782 3.016543378151264 0.0 0.0
0.02046765 0.005812814 1.392986 -1.694588 1.256247 0.9992749 0.4996715 19.26143 nan 0 0.0 0.021277065190507267 2.1936359055093897 0.0 0.0
-0.01898852 -0.01669745 -7.662486 -5.601511 0.623147 0.4967475 -0.2232966 18.25088 2.005726 0 0.0 0.025285741600611596 9.491607723843048 0.0 0.0
0.01279997 -0.01437339 -2.052425 -5.058526 0.2699336 0.220242 -0.0201746 17.46378 nan 0 0.0 0.019246650931863445 5.459041461035169 0.0 0.0
0.004867194 0.006951414 -0.5022518 -4.119371 0.2999708 0.2390203 -0.09735908 17.47618 2.14445 0 0.0 0.00848597278059693 4.149876420599081 0.0 0.0
-0.01421332 -0.008121277 -1.609465 -5.766136 0.1553945 0.1296463 0.0739584 15.99486 1.235407 0 0.0 0.016369899374557222 5.98654340640081 0.0 0.0
-0.03105621 0.002296965 -1.239406 -2.860546 0.7865945 0.674439 0.3391704 18.59671 nan 0 0.0 0.03114103767980966 3.1175071212351706 0.0 0.0
0.007241789 -0.001961759 0.7040614 -3.003834 0.2563219 0.2071922 -0.04268572 17.36105 1.737779 0 0.0 0.007502799897011915 3.0852424790486013 0.0 0.0
0.01938692 -0.0004202034 -1.304789 -9.47304 0.4729839 0.3853748 -0.06463862 17.05654 2.2172 0 0.0 0.01939147333195112 9.56247672813487 0.0 0.0
-0.01769396 -0.01234466 6.552953 -7.837912 1.116265 0.922895 -0.03876507 18.78974 nan 0 0.0 0.021574680785522646 10.216362245924573 0.0 0.0
-0.01882627 -0.01865245 -1.346994 -2.21627 0.3721016 0.2984222 -0.2289283 17.10522 2.369244 0 0.0 0.026501742076991845 2.5935006360006936 0.0 0.0
0.01339497 -0.003659884 -5.855876 -3.720855 0.5345901 0.4213347 0.005230843 17.98994 1.92205 0 0.0 0.013885963135280031 6.938014532876174 0.0 0.0
-0.01059503 -0.02881559 -3.956629 -5.271405 0.1973043 0.1577642 -0.2078337 16.29612 2.205735 0 0.0 0.03070167565050807 6.591101859148135 0.0 0.0
0.02778188 0.005021546 -0.8664039 -3.8492 0.6477377 0.5674627 0.2759387 18.61363 2.074827 0 0.0 0.028232052361890306 3.945503308569797 0.0 0.0
0.0133403 -0.00932661 -7.152175 -11.00939 0.385779 0.3293769 0.1868519 17.75739 nan 0 0.0 0.016277261998938888 13.128605234476547 0.0 0.0
0.0107767 -0.007865296 -4.084825 -5.509231 0.4364469 0.3577479 -0.02918294 17.03004 2.274724 0 0.0 0.013341669462912655 6.85838330016528 0.0 0.0
-0.006413192 -0.02284717 -0.1719771 -1.864001 0.1977658 0.1584759 -0.1337379 16.68105 1.449053 0 0.0 0.02373019613567836 1.8719176934164092 0.0 0.0
-0.01834265 -0.006237435 -2.322386 -7.166687 0.6435726 0.5544119 0.09842116 18.29234 1.703119 0 0.0 0.01937416848284656 7.533583429481948 0.0 0.0
0.006134448 -0.01627062 -2.147025 -3.196943 0.7429991 0.6110484 -0.02782237 18.53222 1.87579 0 0.0 0.017388632132778702 3.8509947930208894 0.0 0.0
0.007862654 -0.0001860605 -5.827295 -9.046413 1.220844 0.9057957 -0.3033086 18.94479 2.003754 0 0.0 0.007864855143826633 10.760806437418806 0.0 0.0
0.02797236 0.01104681 -1.732614 -3.155114 0.3791466 0.3076557 -0.04993528 17.862 nan 0 0.0 0.030074656027055405 3.599541029908119 0.0 0.0
0.02492345 0.01612492 -8.806379 -5.305266 0.8667247 0.6712023 -0.158438 18.81769 nan 0 0.0 0.029684868281818263 10.28096096784717 0.0 0.0
0.01615217 0.02597803 2.59798 -5.241338 0.8607395 0.6670797 -0.1626469 18.82787 1.819027 0 0.0 0.03059004149048837 5.849882401437143 0.0 0.0
-0.02975865 -0.005206182 -3.483334 -7.644883 0.3819628 0.3059343 -0.201673 17.54701 2.207349 0 0.0 0.03021062033192341 8.401062542276721 0.0 0.0
-0.001880596 0.01240462 -8.314376 -5.41281 0.3874152 0.3168538 -0.01309059 17.28578 2.191244 0 0.0 0.012546363563184991 9.921056413783564 1.0 0.0
0.01987452 0.009400647 -5.156369 -7.540565 0.4051376 0.3425943 0.1213045 16.63675 2.244972 0 0.0 0.021985647801441036 9.1350020133214 0.0 0.0
-0.001340331 -0.0218113 -3.243082 -6.279185 1.169439 0.9405316 0.3389607 18.98352 nan 0 0.0 0.021852443682104778 7.067230371436112 0.0 0.0
0.02632727 0.01687989 -5.59376 -8.804347 0.2984424 0.2478907 0.08643327 17.1625 2.27142 0 0.0 0.03127388418577072 10.431043909120937 0.0 0.0
-0.01793857 -0.001829485 -2.744856 -5.748158 0.5413224 0.4725824 0.3295919 17.98378 2.031534 0 0.0 0.01803161970013024 6.369894414642993 0.0 0.0
0.01434103 0.007469374 -4.182647 -0.5998046 0.4550357 0.3688955 -0.0674234 17.99436 1.938103 0 0.0 0.01616962242641355 4.225435064557277 0.0 0.0
-0.0193424 0.0005487376 -4.89544 -10.27171 0.3027233 0.2526438 0.06540022 16.92638 2.288509 0 0.0 0.019350182188125613 11.378636083366933 0.0 0.0
0.01663627 0.01411997 -6.036136 -10.32648 0.2644671 0.2111191 -0.1138903 17.23672 2.134191 0 0.0 0.021820610264467858 11.961234342696242 0.0 0.0
-0.005091042 -0.02209561 1.752467 -4.854987 0.5502169 0.4449104 -0.09657534 17.99388 1.917025 0 0.0 0.022674538361736586 5.161592715069449 0.0 0.0
0.01439337 -0.00491314 -1.709187 0.1676486 0.687542 0.5458649 -0.1909059 18.21056 1.596571 0 0.0 0.01520881470123494 1.7173893717066495 0.0 0.0
-0.002501038 -0.00396617 0.6987433 -8.913724 0.1963882 0.1568481 -0.2866683 14.64956 3.536973 1 0.0 0.004688890651992644 8.941069161317952 0.0 0.0
0.0182789 -0.009174742 0.3107858 -0.6371024 0.2631868 0.2254159 0.1923975 16.52452 2.227006 0 0.0 0.02045223889887276 0.7088633729904515 0.0 0.0
-0.00382289 -0.01995551 -1.691019 -9.700549 0.6910755 0.5398856 -0.2051228 18.56321 2.02309 0 0.0 0.020318387419089142 9.84683686062494 0.0 0.0
-0.02956848 -0.009812377 -3.988912 -6.02512 0.4923306 0.3824812 -0.2740482 17.98397 nan 0 0.0 0.031154096871848638 7.225890253674215 0.0 0.0
0.03094095 0.00925882 4.766297 -10.01615 1.459224 1.148806 0.1877051 19.30733 nan 0 0.0 0.032296565369941424 11.092377919756835 0.0 0.0
0.00400316 -0.001967313 -3.497906 -7.350169 0.3645947 0.2915798 -0.106818 17.6008 nan 0 0.0 0.00446044957661994 8.14004488399155 0.0 0.0
0.00367856 -0.02370917 -3.877525 -6.142267 0.1881649 0.1534424 -0.08624788 15.57129 2.750215 0 0.0 0.02399284363643668 7.2637899215846 0.0 0.0
-0.01655807 -0.02853024 -1.935406 -2.858738 0.5502027 0.4020871 -0.1329204 18.21866 1.673559 0 0.0 0.03298703194563736 3.4522716198874037 0.0 0.0
0.01015655 -0.00202875 -0.7414822 -2.460658 0.1308803 0.1057725 -0.10721 15.7356 2.246061 1 0.0 0.010357187575061098 2.569948179610017 0.0 0.0
-0.01397291 0.01109529 -3.040059 -2.568406 0.9017818 0.7421838 0.3009101 18.57415 1.850782 0 0.0 0.017842300133452525 3.9797824192180404 0.0 0.0
0.02049812 0.02422635 -8.452569 -1.219546 0.4090137 0.3240367 -0.1391748 17.69329 2.069347 0 0.0 0.03173466492428902 8.540094563052392 0.0 0.0
0.003895317 0.001130225 1.567511 -1.51023 0.8697975 0.6587161 -0.365099 18.62098 1.789438 0 0.0 0.004055971287017944 2.176668414807593 0.0 0.0
-0.01221915 0.01738975 -5.330577 -6.835876 0.3357017 0.2734239 -0.02157654 17.4008 nan 0 0.0 0.021253494578186427 8.668578420958363 0.0 0.0
-0.02986489 -0.01142798 -9.171442 -6.224223 0.4655484 0.3736519 -0.03929258 18.2467 1.761015 0 0.0 0.03197671624154832 11.084056130906818 0.0 0.0
-0.01399944 0.007538084 -4.470045 -3.401669 0.7049912 0.560266 -0.1753416 18.72244 1.738419 0 0.0 0.015899906625658405 5.617174938310717 0.0 0.0
-0.0246021 -0.0135133 0.7861519 -3.203084 0.9926574 0.8728799 0.5259706 18.56936 1.488163 0 0.0 0.02806906840812498 3.298148256359864 0.0 0.0
-0.0008279776 0.02221031 1.315091 -0.2980669 0.5466053 0.4526221 0.1392298 18.0382 nan 0 0.0 0.02222573772008933 1.3484465933646055 0.0 0.0
-0.002204364 0.005612542 1.066294 -2.715415 0.4817349 0.3954485 0.04045531 18.05125 nan 0 0.0 0.0060299127975668105 2.91726953102743 0.0 0.0
-0.004821931 -0.005803025 0.9498553 -1.896935 0.4230932 0.3375291 -0.2414739 17.67652 1.87838 0 0.0 0.00754493987513393 2.121458810621382 0.0 0.0
0.004975585 0.01629551 -2.895849 -4.699211 0.9830048 0.7133276 -0.1074226 19.11084 2.123653 0 0.0 0.017038195099608557 5.5198302014937015 0.0 0.0
-0.003768774 -0.0242356 -1.094371 -4.06086 0.4829084 0.3836065 -0.101838 18.19996 nan 0 0.0 0.024526882492952016 4.205737964405414 0.0 0.0
0.01445186 0.02904147 -1.949348 -10.45616 0.5456387 0.4246998 -0.2486034 17.61932 2.243446 0 0.0 0.03243860720222895 10.63631701157426 0.0 0.0
0.01075321 0.02739204 -5.863358 -0.6340772 0.8082831 0.616244 0.07489244 18.58027 1.881821 0 0.0 0.02942711981600816 5.8975436354234665 0.0 0.0
0.003221253 0.02370562 0.707792 -5.668312 1.061229 0.9693753 0.568456 18.70786 1.853613 0 0.0 0.023923479898927937 5.712331436866037 0.0 0.0
0.005435217 0.0312739 1.898589 -1.553724 0.1631066 0.1329323 -0.06486898 16.18047 2.494498 0 0.0 0.03174269057668378 2.453303580704394 0.0 0.0
0.01015958 0.03040571 3.413459 -2.025308 0.6559181 0.5616556 0.2467062 18.45411 nan 0 0.0 0.032058138847732565 3.9690773284914718 0.0 0.0
0.0002518241 0.03026886 0.3749114 -0.7692094 0.3564935 0.2793727 -0.2180734 17.37001 2.03541 0 0.0 0.030269907516821733 0.85571120063858 0.0 0.0
0.005597109 0.02954583 -2.949247 -5.470909 0.4532271 0.3911714 0.2589315 17.79917 nan 0 0.0 0.03007131023994101 6.215215455098077 0.0 0.0
0.004058066 0.0229026 -3.646488 -3.553545 0.3221052 0.2779005 0.2480278 17.53096 2.295965 0 0.0 0.02325934191718149 5.091616325015957 0.0 0.0
-0.001071025 0.03197402 -5.414824 -7.770289 0.2608213 0.2108634 0.008751074 17.14684 2.211952 0 0.0 0.031991952886796786 9.470887503000815 0.0 0.0
0.01361513 0.03023558 0.3364588 -7.054241 0.4144256 0.3210831 -0.289449 17.63503 2.261322 0 0.0 0.033159645095406254 7.062260304617668 0.0 0.0
0.006676533 0.02251528 -5.810637 -5.079577 0.5924281 0.4826394 0.00688714 18.26139 nan 0 0.0 0.023484333637097073 7.7178756691655765 0.0 0.0
-0.004607656 0.03252706 -2.744914 -6.163834 0.2940709 0.2392826 -0.03128028 17.31682 1.825828 0 0.0 0.03285179030217281 6.747399680391847 0.0 0.0
0.008701139 0.02260097 0.4195029 -3.063409 0.1266723 0.104062 -0.04107498 14.62829 2.757364 1 0.9758427 0.024218044199278792 3.0919989302050883 0.0 0.0
0.01312923 0.03059231 1.06385 -1.576758 0.2438701 0.1915174 -0.2417772 16.58286 2.503489 0 0.0 0.03329063098724625 1.9020890129181653 0.0 0.0
-0.001556942 0.02996939 1.656707 -3.479958 0.5359765 0.4350501 -0.02604972 18.121 1.869467 0 0.0 0.030009805153707075 3.8541906758245625 0.0 0.0
0.01404683 0.0283339 -4.973732 -4.028534 0.6614152 0.4830366 -0.219012 18.58376 nan 0 0.0 0.03162472643769271 6.400554366379525 0.0 0.0
0.008836225 0.0239876 -9.707035 -6.190454 0.5232477 0.4493257 0.2016074 17.45317 2.51306 0 0.0 0.025563329712903697 11.512960054535974 0.0 0.0
0.001304692 0.03039855 -1.062505 -1.608339 0.2213625 0.1801219 -0.02349043 17.00383 1.717659 0 0.0 0.030426535512893413 1.9276076400414064 0.0 0.0
0.0148569 0.02970136 -10.0878 1.64218 0.9794463 0.7667763 -0.2519089 17.88516 1.925839 0 0.0 0.033209912126646764 10.220590197850612 0.0 0.0
0.006487654 0.02391338 -6.58783 -7.940315 0.2519919 0.2067432 0.04048657 17.15446 2.427787 0 0.0 0.024777800496575884 10.317369161182757 0.0 0.0
