jas1101finalproject/data/gcs/Djorg_1.ecsv
# %ECSV 0.9
# ---
# datatype:
# - {name: x, unit: deg, datatype: float64}
# - {name: y, unit: deg, datatype: float64}
# - {name: pmx, unit: mas / yr, datatype: float64}
# - {name: pmy, unit: mas / yr, datatype: float64}
# - {name: pmx_e, unit: mas / yr, datatype: float64}
# - {name: pmy_e, unit: mas / yr, datatype: float64}
# - {name: pm_corr, datatype: float64}
# - {name: g_mag, unit: mag, datatype: float64}
# - {name: bp_rp, unit: mag, datatype: float64}
# - {name: filter, datatype: int64}
# - {name: memberprob, datatype: float64}
# - {name: r, unit: deg, datatype: float64}
# - {name: pm, unit: mas / yr, datatype: float64}
# - {name: member_prob_GMM, datatype: float64}
# - {name: member_prob_DB, datatype: float64}
# meta: !!omap
# - comments: [deg deg mas/yr mas/yr mas/yr mas/yr dimless mag   mag   zeroone float]
# - __serialized_columns__:
#     bp_rp:
#       __class__: astropy.units.quantity.Quantity
#       unit: &id001 !astropy.units.Unit {unit: mag}
#       value: !astropy.table.SerializedColumn {name: bp_rp}
#     g_mag:
#       __class__: astropy.units.quantity.Quantity
#       unit: *id001
#       value: !astropy.table.SerializedColumn {name: g_mag}
#     pm:
#       __class__: astropy.units.quantity.Quantity
#       unit: !astropy.units.Unit {unit: mas / yr}
#       value: !astropy.table.SerializedColumn {name: pm}
#     pmx:
#       __class__: astropy.units.quantity.Quantity
#       unit: !astropy.units.Unit {unit: mas / yr}
#       value: !astropy.table.SerializedColumn {name: pmx}
#     pmx_e:
#       __class__: astropy.units.quantity.Quantity
#       unit: !astropy.units.Unit {unit: mas / yr}
#       value: !astropy.table.SerializedColumn {name: pmx_e}
#     pmy:
#       __class__: astropy.units.quantity.Quantity
#       unit: !astropy.units.Unit {unit: mas / yr}
#       value: !astropy.table.SerializedColumn {name: pmy}
#     pmy_e:
#       __class__: astropy.units.quantity.Quantity
#       unit: !astropy.units.Unit {unit: mas / yr}
#       value: !astropy.table.SerializedColumn {name: pmy_e}
#     r:
#       __class__: astropy.units.quantity.Quantity
#       unit: &id002 !astropy.units.Unit {unit: deg}
#       value: !astropy.table.SerializedColumn {name: r}
#     x:
#       __class__: astropy.units.quantity.Quantity
#       unit: *id002
#       value: !astropy.table.SerializedColumn {name: x}
#     y:
#       __class__: astropy.units.quantity.Quantity
#       unit: *id002
#       value: !astropy.table.SerializedColumn {name: y}
# schema: astropy-2.0
x y pmx pmy pmx_e pmy_e pm_corr g_mag bp_rp filter memberprob r pm member_prob_GMM member_prob_DB
[from data line 559]
0.02933752 -0.003169715 2.731586 -2.889924 1.121589 0.9376107 0.3972663 19.69265 2.444466 0 0.0 0.029508256013048705 3.9765843133488317 0.0 0.0
-0.01659169 -0.01594181 -5.39837 -6.844266 0.7204945 0.5821255 -0.0108318 18.76877 3.136122 0 0.0 0.023009247774149418 8.717016446907508 0.0 0.0
-0.002656479 0.01089611 -5.120548 -8.166007 0.4703962 0.3836816 0.0294922 18.50859 nan 0 0.0 0.011215261646949705 9.638655619138646 1.0 0.0
0.003814752 0.007977823 -3.39471 -6.286764 0.841786 0.6845584 0.2144175 19.30902 nan 0 0.0 0.008842962888129352 7.1447503508377395 0.0 0.0
-0.01191291 -0.01110402 -1.702462 -0.6564066 0.256989 0.2087594 -0.05621732 16.89189 2.910509 0 0.0 0.016285474657758675 1.8246222858354986 0.0 0.0
-0.02733391 -0.007796298 -2.977342 -3.068947 0.7794365 0.6658869 -0.8468116 17.6372 3.308964 1 0.0 0.028424019743746733 4.275862611657793 0.0 0.0
-0.01306466 -0.004352166 0.3366572 -4.57842 0.4774802 0.39159 0.05180995 18.54856 3.122093 0 0.0 0.013770500710110581 4.590780736074404 0.0 0.0
-0.008563232 -0.008402821 -0.1155371 1.269522 0.2140818 0.1729106 -0.04791722 17.01605 3.368335 1 0.0 0.011997347333634424 1.2747685789822443 0.0 0.0
-0.0128061 -0.02374223 1.17713 -4.320259 0.7433882 0.6190543 -0.8653344 17.63705 2.82588 0 0.0 0.026975723949189945 4.477753104401916 0.0 0.0
-0.002349705 0.01715985 -5.909823 -6.951204 0.9040099 0.7649514 0.3560539 19.30067 3.325045 0 0.0 0.017319975912498408 9.123883216095273 0.0 0.0
-0.0154924 -0.01452636 -3.149477 -6.854564 1.086344 0.8153826 0.04280687 19.35838 3.347853 0 0.0 0.021237457300948247 7.543490770434136 0.0 0.0
-0.007335832 -0.007223969 -5.66236 -8.392148 0.1988324 0.1597591 -0.05748608 16.45207 3.641406 1 0.9068319 0.010295637874613937 10.123757643459468 1.0 0.0
0.02187555 0.01999911 -1.812071 -10.21423 1.209709 0.9534769 0.3018126 19.73922 2.55341 0 0.0 0.02963956964253361 10.373721405645181 0.0 0.0
-0.02761412 -0.01130591 1.801083 0.1778994 0.6144032 0.5268107 -0.8506771 17.45132 2.354298 1 0.0 0.029838954812501393 1.809847554190507 0.0 0.0
-0.02040578 0.001528701 -4.842283 -4.701905 0.9776353 0.7310643 0.04747375 19.23103 2.896423 0 0.0 0.020462961275333563 6.74949000155671 0.0 0.0
0.01468269 -0.007327885 -2.668567 -5.09905 0.2078816 0.1698579 -0.003125382 16.40187 3.612305 1 0.0 0.016409731387482397 5.75513342469043 0.0 0.0
-0.003219176 0.01007974 -10.42858 -1.699296 0.7729125 0.6376011 0.0152629 18.83081 nan 0 0.0 0.010581316202938838 10.566119803977996 0.0 0.0
0.002203228 0.002683078 -3.412487 -9.058847 1.256058 1.017581 0.1889572 19.43978 nan 0 0.0 0.0034717605294818364 9.68027770751325 0.0 0.0
0.01670757 0.0168989 -2.223678 -3.200843 0.9611104 0.7930286 0.2461213 19.4097 3.052654 0 0.0 0.023763747947554488 3.8974529834666383 0.0 0.0
0.01954111 -0.009560428 0.4519963 -2.856898 0.3091186 0.243383 0.05272917 17.99273 3.19381 1 0.0 0.0217544653709367 2.89243268506247 0.0 0.0
0.0131277 0.02602044 -5.415534 -3.120529 0.6469917 0.532663 0.06444076 19.12756 nan 0 0.0 0.0291444643986401 6.250256774325115 0.0 0.0
-0.0003544034 0.007886352 -4.105781 -6.604993 0.5903954 0.4825592 0.1679647 18.97997 2.493422 0 0.0 0.007894311219975783 7.777105512336194 0.0 0.0
-0.007003675 -0.003519871 -5.320373 -7.997673 0.2658083 0.2164806 -0.02697447 17.20114 3.406965 1 0.9782035 0.007838428118077374 9.605682811443339 1.0 0.0
-0.02595227 -0.01018388 0.4885262 -4.02998 0.6890298 0.5910431 -0.8458106 17.55898 2.175653 0 0.0 0.02787887605351586 4.059482312867792 0.0 0.0
0.001666497 0.0220999 0.1801759 -4.511989 1.459185 1.208355 0.4855285 19.95974 nan 0 0.0 0.022162644071974106 4.515585022016728 0.0 0.0
0.02573022 -0.007658486 1.508473 -3.701684 0.8555377 0.7368906 0.2417389 16.1081 nan 0 0.0 0.026845793507747094 3.997243453629639 0.0 0.0
-0.01262979 -0.005118857 -2.296135 -3.555175 1.183517 0.9519051 0.2207424 19.59385 nan 0 0.0 0.013627703123804428 4.232198627055446 0.0 0.0
-0.01352562 -0.0002705096 -5.759781 -3.245334 1.931738 1.587626 0.08171635 19.1557 3.191578 0 0.0 0.013528324797553176 6.611147399621113 0.0 0.0
0.01130729 -0.005359003 -6.702424 -8.538398 0.6418141 0.5087127 0.3228918 18.81881 2.792215 0 0.0 0.012512942111993846 10.854802065545922 0.0 0.0
-0.0235751 -0.006223556 -3.357831 -5.552699 1.412961 1.097095 0.1509282 19.66194 3.576941 0 0.0 0.024382739577314443 6.489028834052288 0.0 0.0
-0.02025032 -0.007172587 -0.9929233 -6.654151 0.7299806 0.584901 -0.2003298 18.52024 2.765251 0 0.0 0.021483050630089037 6.727824478275565 0.0 0.0
-0.01408968 0.00850702 -3.401302 -10.14776 0.4280069 0.3519493 0.049323 18.527 3.835352 1 0.0 0.016458689856206663 10.702611284766162 0.0 0.0
-0.0003031501 -0.02056747 -2.880797 -6.435127 0.6494237 0.5316621 0.2318608 18.85419 2.876793 0 0.0 0.02056970398873134 7.050521318408872 0.0 0.0
0.009315324 0.02101986 -2.811113 0.3087887 1.75963 1.617231 0.3171274 20.04209 nan 0 0.0 0.02299151529683453 2.828021704304387 0.0 0.0
-0.01255324 -0.003943919 -0.2636504 -2.058879 0.4548289 0.3722448 -0.01684064 18.21754 3.025616 0 0.0 0.01315820396468154 2.0756912752288477 0.0 0.0
-0.01360459 0.01423296 -5.658722 -8.569243 0.3474845 0.2819514 0.1626206 17.56563 3.461326 1 0.8962596 0.01968913455258255 10.269034047384059 0.0 0.0
-0.02058253 -0.008214077 -0.7654515 -2.421706 0.2164418 0.1664728 -0.2342365 16.72886 3.145815 1 0.0 0.022161037930630168 2.539798407214291 0.0 0.0
0.001793839 -0.005709247 -3.982859 -10.33765 1.814671 1.477305 0.1197068 19.86437 nan 0 0.0 0.0059844264273971985 11.078365102143051 0.0 0.0
-0.00777109 -0.001414222 -4.895011 -7.943118 0.2340446 0.1898379 -0.03041114 17.17627 3.477018 1 0.9556792 0.00789872544486666 9.330287040174328 1.0 0.0
-0.01741275 -0.001823775 -3.983587 -5.185621 0.2771057 0.233379 0.04629916 17.62089 3.663275 1 0.0 0.017507998680977934 6.539084839808243 0.0 0.0
0.002817181 0.006635087 -2.954682 -6.261973 1.946792 1.450509 0.5598525 19.99745 2.830702 0 0.0 0.007208390131251914 6.924048784768418 0.0 0.0
-0.002682654 0.03047695 -1.273596 -1.684094 1.569148 1.254526 0.3688699 19.99268 2.432219 0 0.0 0.03059478899724945 2.1114495902227928 0.0 0.0
0.02074479 -0.002049564 2.139519 -6.828544 0.4141242 0.3399495 0.08678429 18.46161 2.312752 0 0.0 0.020845791535324246 7.155875537717031 0.0 0.0
0.01128528 0.02247685 -4.659183 -0.3088223 0.1991333 0.1624936 -0.05913283 16.24992 3.808222 1 0.0 0.02515087136862061 4.669406540500226 0.0 0.0
0.001564179 0.02262251 -2.542084 -6.618898 0.4209779 0.3311556 -0.1069794 18.23241 4.352625 1 0.0 0.022676521220066824 7.090275156681861 0.0 0.0
-0.02574974 -0.003172407 2.273737 -2.318024 0.9140096 0.682716 0.01667778 19.21112 3.537197 0 0.0 0.02594442668939225 3.247016355016556 0.0 0.0
-0.008950005 0.02288147 -7.375164 -10.56918 0.3812155 0.3060891 0.03615837 17.58569 4.823969 1 0.0 0.024569579948809157 12.888002556614271 0.0 0.0
0.01570185 -0.0284653 -4.237699 -5.419885 0.6406963 0.5129049 0.4273487 18.70522 nan 0 0.0 0.03250878954240684 6.879916149767088 0.0 0.0
-0.02117834 0.02353169 -6.751798 -2.826994 0.3914131 0.3000656 -0.1802862 18.10575 3.48172 0 0.0 0.031658529962897836 7.319745303549844 0.0 0.0
0.01954833 0.02299038 -3.475065 -7.7598 1.164219 0.9256343 0.2244553 19.7661 nan 0 0.0 0.0301777198995103 8.50238629998808 0.0 0.0
0.006498739 -0.01455957 -2.392125 -1.500077 1.690749 1.327621 0.3234125 20.01505 nan 0 0.0 0.015944111363604466 2.8235603449464297 0.0 0.0
0.0162207 0.01229083 -7.252587 -7.794126 1.141637 0.9316258 0.0927408 19.3095 nan 0 0.0 0.020351304886392422 10.646521417648348 0.0 0.0
0.01018425 0.01377566 -7.425635 -8.076042 1.406247 1.179159 0.6287035 19.60236 nan 0 0.0 0.017131484363536627 10.970984893754478 0.0 0.0
0.008623767 0.01225757 -4.183187 -8.686709 0.559528 0.4552395 0.05823242 18.7897 2.836683 0 0.0 0.014987240559061865 9.641471191039779 0.0 0.0
0.004428198 -0.0003039139 0.1994106 0.4494521 0.6309718 0.5199252 0.05136478 18.89524 2.133894 0 0.0 0.004438614782318602 0.4917029363210779 0.0 0.0
-0.02255147 -0.008916464 -5.018309 -7.632156 0.3336881 0.2803692 -0.08589188 17.79371 3.764854 1 0.3973552 0.024250198544016006 9.134179242155094 0.0 0.0
0.004989947 -0.01628753 -2.827549 -2.571508 1.890001 1.396117 0.5782443 19.77836 nan 0 0.0 0.017034764587857066 3.8220003586427094 0.0 0.0
0.007444925 -0.01390351 -0.02628843 -3.618791 0.4153791 0.3412831 0.01786804 18.4219 3.2117 0 0.0 0.015771318859744258 3.618886483883249 0.0 0.0
-0.01043264 0.01339416 -2.892686 -7.86189 1.494567 1.166697 0.3649162 19.90599 2.645666 0 0.0 0.016977735404794126 8.37716817705697 0.0 0.0
0.0268849 0.005086073 0.7215927 -1.600901 1.13819 0.915519 0.2441435 19.55751 2.524702 0 0.0 0.027361761393801552 1.7560125388203496 0.0 0.0
-0.01311803 0.01052133 -1.193713 -12.95044 0.4173714 0.3415141 0.01731259 18.09178 3.577404 1 0.0 0.01681609633802685 13.005339169739827 0.0 0.0
-0.01007598 0.0260857 -3.301246 -5.389545 0.8532474 0.6885679 0.2618475 19.30603 3.166389 0 0.0 0.02796406832795257 6.320238955889326 0.0 0.0
0.01824187 0.01441522 -2.347814 -11.29277 0.6793769 0.5574766 0.04624231 19.00281 2.819942 0 0.0 0.023250040618143012 11.534248343585118 0.0 0.0
-0.002297479 -0.02362689 -5.234222 -7.917775 0.7586615 0.6082624 0.2360946 19.20123 2.91074 0 0.0 0.023738330624278135 9.491482544677043 0.0 0.0
0.02317978 0.01846146 -3.536573 -8.307672 0.2201163 0.1747639 0.04601388 16.92548 3.466372 1 0.0 0.029633219639114475 9.029106414474967 0.0 0.0
-0.02393478 -0.0001315811 1.090597 -2.97707 1.89199 1.51961 0.3145101 19.94307 nan 0 0.0 0.0239351416798455 3.1705437390625915 0.0 0.0
0.02356382 0.01967443 -5.570468 -8.488466 0.3852991 0.3136629 -0.01533663 18.16832 2.291147 0 0.0 0.030697504928207112 10.153037416073085 0.0 0.0
-0.01927588 -0.01929929 1.223452 -4.333743 0.6530137 0.555438 -0.837057 16.58026 4.786476 1 0.0 0.027276769315270823 4.503128155666126 0.0 0.0
-0.01718831 0.02752655 -3.136973 -6.954493 1.480588 1.092861 0.03002387 19.85148 2.984289 0 0.0 0.032452256555725055 7.6292576630874125 0.0 0.0
0.002254033 -0.01086291 -4.630419 -1.259425 0.6239146 0.5066905 0.0957562 18.80853 3.055574 0 0.0 0.011094299366484978 4.798638499218919 0.0 0.0
0.01532721 0.02246861 -5.432685 -6.895903 0.4671821 0.3824657 0.01087533 18.52968 3.326973 0 0.0 0.027198562493562044 8.778812248512551 0.0 0.0
-0.01830573 -0.01208549 -4.663815 -6.985277 0.5688799 0.4356658 -0.1907362 18.42306 3.662079 1 0.03249862 0.02193533267067085 8.39912287807209 0.0 0.0
-0.00373142 0.02609001 -6.101955 -7.526927 0.7514765 0.6070887 0.130737 18.9874 3.362633 0 0.0 0.026355495006098822 9.689607055260497 0.0 0.0
-0.01051083 0.0255821 4.279156 -1.115504 1.946981 1.488025 0.48693 19.98323 3.109575 0 0.0 0.02765721221849556 4.422162960175937 0.0 0.0
-0.03050971 0.005859275 0.4636759 0.7525729 1.0161 0.8121603 0.2532269 19.57971 2.451679 0 0.0 0.031067241715506785 0.8839464407164157 0.0 0.0
0.01785887 0.01780657 -3.509237 -0.7386441 0.214233 0.1724987 -0.08968385 16.24641 4.224746 1 0.0 0.025219301593061613 3.586131540899443 0.0 0.0
0.01391543 -0.007785524 3.780563 -0.01613748 1.473393 1.182466 0.2563219 19.45854 nan 0 0.0 0.015945330853873056 3.7805974415731898 0.0 0.0
0.0132522 0.003330606 -3.684586 -7.524979 0.6161898 0.4938679 0.1971819 18.83105 3.279438 0 0.0 0.013664323663000522 8.378632522186242 0.0 0.0
0.01371079 -0.008132629 -2.804418 -4.720312 1.692458 1.275277 0.02122986 19.57776 nan 0 0.0 0.015941311642262722 5.490546939610661 0.0 0.0
-0.007006146 0.02753939 0.05529818 -3.177986 0.4355053 0.386756 -0.1264895 18.29098 3.686895 1 0.0 0.028416616324703686 3.178467068400633 0.0 0.0
0.01793359 0.007873081 -6.849936 -6.527889 2.445948 1.632448 0.3688666 20.22117 nan 0 0.0 0.01958568494387319 9.462291371566245 0.0 0.0
0.02936685 0.008072188 -3.477948 -2.485507 1.0333 0.836581 0.1533325 19.37069 nan 0 0.0 0.03045606832849316 4.274794420525156 0.0 0.0
-0.01245482 0.02346469 -3.709569 -1.468755 0.9789787 0.86607 0.03716587 19.48372 2.906176 0 0.0 0.02656528219365456 3.989754806474453 0.0 0.0
0.01268777 -0.00884201 -1.977216 -5.56017 1.598342 1.235392 0.2080003 19.94472 2.735811 0 0.0 0.015464819701923458 5.901260334840008 0.0 0.0
0.01307137 -0.008781031 -3.256673 -9.979803 1.426045 1.107649 0.389508 19.93932 2.214863 0 0.0 0.01574697491900781 10.497732466953899 0.0 0.0
-0.02033318 0.01940057 -2.259399 -3.403781 0.2776709 0.2259498 -0.02477907 17.09243 4.041144 1 0.0 0.028103742192763223 4.085414169599209 0.0 0.0
-0.01053114 -0.01846239 0.04780362 -8.160896 0.4561774 0.3509008 -0.1362795 18.42511 2.15118 0 0.0 0.02125475838986884 8.161036007082746 0.0 0.0
0.01511758 -0.006511613 -2.239027 -5.365139 0.8813232 0.7785811 -0.1385317 19.08253 2.807562 0 0.0 0.016460325905587925 5.813601155570445 0.0 0.0
-0.002578854 -0.01945362 -0.5795033 -3.464047 0.5884707 0.4808084 0.09519998 18.6174 3.465389 0 0.0 0.019623807455682908 3.5121853158567657 0.0 0.0
-0.008642619 0.01877307 -2.065835 -2.666012 1.415679 1.12943 0.3478287 19.944 nan 0 0.0 0.020666954792713438 3.3727280102861834 0.0 0.0
0.02821519 0.006004999 -1.929833 -9.184424 0.4271827 0.3517359 0.02013074 18.36072 2.019066 0 0.0 0.028847130875116523 9.384982664856926 0.0 0.0
0.008443908 0.003849998 -7.576247 -15.77178 0.5026934 0.4439976 -0.2095612 18.33189 2.327848 0 0.0 0.00928019756861178 17.497101559212854 0.0 0.0
-0.008770591 0.01945971 -3.691364 -6.129449 0.4986498 0.4105294 0.08073713 18.7248 3.684645 1 2.263758e-06 0.02134487244687541 7.155159902063476 0.0 0.0
0.01061967 0.01846768 2.762936 -5.08406 0.5175602 0.4228584 0.03711024 18.62652 3.357058 0 0.0 0.021303347049027296 5.786318468914064 0.0 0.0
-0.01327275 0.01882209 -4.157006 -3.755503 0.4973978 0.4327931 0.01259899 18.45931 3.562166 1 0.0 0.02303121717431799 5.602187221705911 0.0 0.0
-0.007717909 -0.02456943 -5.4479 -10.18793 1.466875 1.161613 0.3226579 19.94235 2.628487 0 0.0 0.025753116507661378 11.553074573242396 0.0 0.0
-0.000482354 0.0192923 -3.767169 -6.401783 0.5575441 0.4712061 0.06165915 18.55824 3.928362 0 0.0 0.0192983290642303 7.427946408910743 0.0 0.0
-0.006237899 0.016988 -4.799035 -8.651141 0.8170568 0.6235541 -0.1156008 19.13218 3.377979 0 0.0 0.018097058543702648 9.89307725296361 0.0 0.0
0.007702085 0.002629363 -4.931966 -6.91413 1.025818 0.8340598 0.2278275 19.12408 nan 0 0.0 0.008138529543657994 8.49290776366116 0.0 0.0
0.01317616 0.007950216 -4.404756 -5.877468 1.112653 0.9907242 0.03591791 19.73055 nan 0 0.0 0.01538886372648273 7.344828487484238 0.0 0.0
0.002536432 0.02752438 -6.082121 -4.52395 0.352664 0.2881769 -0.008809633 18.00627 3.531332 1 0.0 0.027641001821117554 7.580126612474293 0.0 0.0
-0.00293829 0.02429332 -6.443396 -7.729736 0.9637893 0.7755225 0.2980729 19.56619 3.332058 0 0.0 0.024470368708838452 10.063109392355425 0.0 0.0
0.006731383 0.01818578 -5.104362 -4.720678 0.5819113 0.4777923 0.05358437 18.88837 3.402351 0 0.0 0.019391598987734068 6.952647855797675 0.0 0.0
-0.01173748 0.01567137 -4.765448 -5.331504 1.576171 1.273798 0.2641729 20.03247 3.94593 0 0.0 0.019579588208828602 7.150834185094771 0.0 0.0
-0.02191862 0.01706179 -1.48934 -3.282736 0.4913801 0.3997061 0.04048346 18.37233 3.504105 0 0.0 0.027776439309394933 3.604786995273923 0.0 0.0
-0.001710207 0.01767866 -2.842774 -1.701038 0.7255095 0.6832888 -0.297799 18.56668 2.961208 0 0.0 0.01776118879406581 3.31283780051484 0.0 0.0
0.02639986 0.008137978 -3.012774 -5.580866 0.3204332 0.2615359 0.06608121 17.54165 3.156078 1 0.0 0.02762569988159728 6.342150462188043 0.0 0.0
-0.01017692 0.01406557 -3.708344 -1.371233 0.339792 0.2775485 0.03802086 18.02554 3.681078 1 0.0 0.017361162406685216 3.953744448320478 0.0 0.0
-0.02690622 0.01525986 -5.118041 -5.907229 0.4381678 0.3565032 0.03135967 18.13481 3.758736 1 0.0 0.030932313232411184 7.81598990122953 0.0 0.0
-0.03199258 0.004229873 3.823905 0.4754164 0.5870473 0.449357 -0.3511251 18.20524 2.083349 1 0.0 0.032270993177349355 3.853345326130784 0.0 0.0
-0.01194379 0.02800425 -1.20559 -5.014843 0.4014683 0.3360185 0.1764929 18.31915 2.538416 0 0.0 0.03044490331117181 5.157722129268792 0.0 0.0
