jas1101finalproject/data/gcs/Djorg_1.ecsv
# %ECSV 0.9
# ---
# datatype:
# - {name: x, unit: deg, datatype: float64}
# - {name: y, unit: deg, datatype: float64}
# - {name: pmx, unit: mas / yr, datatype: float64}
# - {name: pmy, unit: mas / yr, datatype: float64}
# - {name: pmx_e, unit: mas / yr, datatype: float64}
# - {name: pmy_e, unit: mas / yr, datatype: float64}
# - {name: pm_corr, datatype: float64}
# - {name: g_mag, unit: mag, datatype: float64}
# - {name: bp_rp, unit: mag, datatype: float64}
# - {name: filter, datatype: int64}
# - {name: memberprob, datatype: float64}
# - {name: r, unit: deg, datatype: float64}
# - {name: pm, unit: mas / yr, datatype: float64}
# - {name: member_prob_GMM, datatype: float64}
# - {name: member_prob_DB, datatype: float64}
# meta: !!omap
# - comments: [deg deg mas/yr mas/yr mas/yr mas/yr dimless mag   mag   zeroone float]
# - __serialized_columns__:
#     bp_rp:
#       __class__: astropy.units.quantity.Quantity
#       unit: &id001 !astropy.units.Unit {unit: mag}
#       value: !astropy.table.SerializedColumn {name: bp_rp}
#     g_mag:
#       __class__: astropy.units.quantity.Quantity
#       unit: *id001
#       value: !astropy.table.SerializedColumn {name: g_mag}
#     pm:
#       __class__: astropy.units.quantity.Quantity
#       unit: !astropy.units.Unit {unit: mas / yr}
#       value: !astropy.table.SerializedColumn {name: pm}
#     pmx:
#       __class__: astropy.units.quantity.Quantity
#       unit: !astropy.units.Unit {unit: mas / yr}
#       value: !astropy.table.SerializedColumn {name: pmx}
#     pmx_e:
#       __class__: astropy.units.quantity.Quantity
#       unit: !astropy.units.Unit {unit: mas / yr}
#       value: !astropy.table.SerializedColumn {name: pmx_e}
#     pmy:
#       __class__: astropy.units.quantity.Quantity
#       unit: !astropy.units.Unit {unit: mas / yr}
#       value: !astropy.table.SerializedColumn {name: pmy}
#     pmy_e:
#       __class__: astropy.units.quantity.Quantity
#       unit: !astropy.units.Unit {unit: mas / yr}
#       value: !astropy.table.SerializedColumn {name: pmy_e}
#     r:
#       __class__: astropy.units.quantity.Quantity
#       unit: &id002 !astropy.units.Unit {unit: deg}
#       value: !astropy.table.SerializedColumn {name: r}
#     x:
#       __class__: astropy.units.quantity.Quantity
#       unit: *id002
#       value: !astropy.table.SerializedColumn {name: x}
#     y:
#       __class__: astropy.units.quantity.Quantity
#       unit: *id002
#       value: !astropy.table.SerializedColumn {name: y}
# schema: astropy-2.0
x y pmx pmy pmx_e pmy_e pm_corr g_mag bp_rp filter memberprob r pm member_prob_GMM member_prob_DB
[from data line 895]
0.02041669 0.01683708 -1.609046 -1.832276 0.2120569 0.1735136 -0.02843778 16.919 3.516644 1 0.0 0.026463720325806423 2.4384963338688865 0.0 0.0
0.004018373 -0.01391473 -5.864593 -4.771561 0.8379861 0.6697251 0.3256566 19.3448 3.273975 0 0.0 0.014483336374607511 7.560505633379953 0.0 0.0
0.01759931 -0.0009578754 -2.310735 -6.493298 0.2711541 0.22034 0.03359289 17.3736 3.434656 1 0.0 0.017625357805106403 6.892199587724445 0.0 0.0
-0.008844177 -0.01195815 2.154341 3.501446 0.3921807 0.3070227 0.1464276 18.07249 2.198559 0 0.0 0.014873359345817912 4.111120192258674 0.0 0.0
-0.02170908 -0.002786033 -3.639677 -2.710845 1.051895 0.8672175 0.3710761 19.49259 2.605824 0 0.0 0.021887122568384564 4.5382738214385 0.0 0.0
0.007396591 0.01952468 -7.61426 -5.019365 0.9476317 0.7675887 0.2038059 19.36747 3.465523 0 0.0 0.020878761637694917 9.119812517306755 0.0 0.0
0.02079626 -0.0006572117 -7.399723 -5.923482 0.3670201 0.3001227 0.05081355 17.82627 3.509682 1 0.0 0.02080664214154261 9.478583200091299 0.0 0.0
-0.0244967 -0.002786765 -4.585176 -3.451418 0.8523579 0.66474 0.1672244 19.09313 3.050699 0 0.0 0.024654702797949624 5.739000362580577 0.0 0.0
-0.001096299 0.01953643 -4.26699 -0.9559054 2.012659 1.569743 0.6294416 20.05438 nan 0 0.0 0.019567165575072466 4.3727518559654355 0.0 0.0
0.0163748 0.015663 -1.477019 -5.92131 0.7532712 0.6184143 0.008531569 18.97501 3.149525 0 0.0 0.022659736186460777 6.102745057960475 0.0 0.0
-0.005596935 -0.005945918 -2.220998 -3.145315 0.303852 0.2655098 0.116633 17.69374 3.880508 1 0.0 0.00816575913537431 3.850433555488135 0.0 0.0
0.0212853 0.0121982 -0.8537774 -7.178063 1.012732 0.8314365 0.1538058 19.42256 2.389563 0 0.0 0.024532836756681848 7.228659922884722 0.0 0.0
-0.02777021 -0.002886919 -3.758001 -7.241821 1.31747 1.162377 -0.01981976 19.63228 nan 0 0.0 0.027919865056204356 8.15883220271394 0.0 0.0
0.009056577 -0.007475899 -5.545037 -7.915735 0.1959508 0.1540576 0.00720479 16.29424 3.268487 0 0.0 0.011743536640004578 9.664693265779002 1.0 0.0
-0.00981487 -0.02124704 -6.064599 -9.032283 0.590437 0.4836875 0.1099162 18.83379 2.804644 0 0.0 0.0234044521806963 10.879407025334148 0.0 0.0
-0.001454086 -0.001478741 -3.164746 -7.818911 1.222564 1.015272 0.08929524 19.80457 nan 0 0.0 0.002073895137290456 8.435104413724646 0.0 0.0
0.00251012 0.001935389 -5.69241 -8.77073 0.3374193 0.2724992 0.04434874 17.32299 3.444635 0 0.0 0.0031696108587208303 10.456062181385494 0.0 0.0
-0.003474415 -0.003691322 -5.0551 -8.151652 0.5391769 0.4350734 0.1149645 18.73824 3.032694 0 0.0 0.005069262046877139 9.591843740340227 1.0 0.0
0.01539494 -0.02906797 -1.573812 -6.335926 0.2817252 0.2241515 0.3303759 17.07818 3.824764 1 0.0 0.03289302445085431 6.528464022173975 0.0 0.0
-0.0136035 0.007164323 -0.9101722 -1.744513 1.040882 0.8688121 0.4004396 19.47347 3.268469 0 0.0 0.015374743454715886 1.967673509711873 0.0 0.0
0.01898618 0.02603463 -0.05510619 1.205547 1.300626 1.048897 0.2667471 19.82221 2.665907 0 0.0 0.032222305786974645 1.2068058093103944 0.0 0.0
-0.01178899 0.01831113 -1.212292 -7.797278 0.9349575 0.7598161 0.07891961 18.66411 2.404795 0 0.0 0.021777919255452298 7.890956602500612 0.0 0.0
0.00695879 -0.01744733 1.311906 -6.081179 0.485306 0.3993268 0.001912571 18.29542 3.032595 0 0.0 0.018783878257511145 6.2210799209523895 0.0 0.0
0.012871 0.02001996 -4.46145 -8.437561 0.4019977 0.3295136 -0.005843231 18.08777 3.141546 0 0.0 0.023800450403334807 9.544473360600941 0.0 0.0
-0.01605692 -0.003845306 -0.9750287 -7.97316 0.2618611 0.2128896 -0.009473431 17.60024 2.088303 0 0.0 0.016510937530014338 8.032556339760319 0.0 0.0
0.01931487 0.008273332 -2.239653 -6.766711 0.6526763 0.534072 0.108116 18.85343 nan 0 0.0 0.021012192305876226 7.1277221689632375 0.0 0.0
0.01801227 0.01740599 -2.297549 -8.446795 0.7171476 0.6073116 -0.01044271 18.23913 nan 0 0.0 0.025048160779446462 8.753689346751232 0.0 0.0
0.0007197921 2.807323e-05 -4.414263 -6.342281 1.144648 0.9190543 0.4589872 19.18369 nan 0 0.0 0.0007203393460481267 7.72724052402473 0.0 0.0
0.005145046 0.01237992 -2.814238 -6.245806 1.726415 1.35424 0.2896907 19.89314 3.08259 0 0.0 0.013406487890141698 6.850549475062566 0.0 0.0
0.009416655 0.01172343 -1.792969 -4.511996 0.8778563 0.7065938 0.2007513 19.39787 nan 0 0.0 0.015037027710087024 4.855187508117169 0.0 0.0
-0.01447627 0.026272 -4.844708 -8.497395 1.067079 0.8596605 0.3627611 19.67436 nan 0 0.0 0.029996339395214542 9.78145783568528 0.0 0.0
8.040797e-05 -0.0009255982 -5.641824 -8.395375 0.1990467 0.1661346 0.003567065 16.3905 3.611767 1 0.9649254 0.0009290842101137877 10.114964134271608 0.0 0.0
0.00181934 -0.009241657 -4.640365 -7.978513 0.3572845 0.2928779 0.02975941 18.11549 3.043621 0 0.0 0.009419035096083304 9.229824322509828 1.0 0.0
-0.00232359 -0.003073303 -5.684245 -8.573233 0.280578 0.2294119 -0.005992526 17.53769 2.618657 0 0.0 0.0038528251735459006 10.286445707449877 0.0 1.0
0.01294654 0.0118298 -8.134717 -11.08874 0.5373089 0.4399847 0.003296285 18.59948 3.184143 0 0.0 0.01753730498142745 13.752591590594443 0.0 0.0
-0.01252636 -0.013103 -6.084564 -8.566253 0.903133 0.7267347 0.2406069 19.39311 nan 0 0.0 0.018127280652364824 10.507264607408771 0.0 0.0
0.02612043 0.01464975 -2.53166 -6.883032 0.6102403 0.5031969 0.0612876 18.86036 2.797573 0 0.0 0.02994815584384788 7.333855184595889 0.0 0.0
0.01163758 -0.02169358 -5.898908 -8.842601 0.5518826 0.4322994 0.1558761 18.97105 2.796425 0 0.0 0.024617974763834656 10.629614670234524 0.0 0.0
-0.008486732 -0.006136884 -8.119052 -5.676167 0.6184902 0.5082173 0.04120419 18.83489 3.248707 0 0.0 0.010473106763003994 9.90645633870119 1.0 0.0
0.002944067 -0.02322637 0.9386344 -1.399937 0.4475676 0.3588563 -0.435374 17.60566 nan 0 0.0 0.02341221462991891 1.6854845418550595 0.0 0.0
-0.01774843 0.01410252 -7.35188 -6.184753 1.009437 0.8034237 0.4128091 19.53934 3.048182 0 0.0 0.022669094331607072 9.607357035387464 0.0 0.0
-0.004803428 -0.01923246 -5.557837 -9.313225 0.8864258 0.7110881 0.1940552 19.36795 2.936796 0 0.0 0.019823229762144814 10.845538807232861 0.0 0.0
0.01755147 0.01564751 -5.136886 -6.892385 0.4071286 0.3306831 -0.0623388 17.46787 3.273802 0 0.0 0.023513797404098726 8.596078685378641 0.0 0.0
-0.006694764 -0.03004344 1.652851 -5.660591 0.564958 0.437244 -0.1876687 18.53577 3.018129 0 0.0 0.030780320856828247 5.896965906081025 0.0 0.0
0.01641877 -0.02286545 -0.5577033 -3.161968 0.5413061 0.4556447 0.2285991 18.61198 2.773268 0 0.0 0.02814968582445282 3.2107747669145046 0.0 0.0
0.007546963 -0.0167798 3.322855 -0.5486557 1.200634 0.9741767 0.187702 19.6197 2.587051 0 0.0 0.01839886786091386 3.367846259580073 0.0 0.0
0.02195321 0.02367646 -4.877832 -7.166308 0.7026101 0.5810279 -0.01293538 19.04935 3.195944 0 0.0 0.03228805022660396 8.668864710623184 0.0 0.0
-0.0004054087 -0.02465683 -0.05994317 -0.5956325 0.6514051 0.5362765 0.02774385 18.97224 2.54287 0 0.0 0.02466016264875266 0.5986411769047456 0.0 0.0
0.02445318 -0.001825449 -5.064261 -8.742392 0.5569273 0.4537807 0.09583493 18.62448 2.829376 0 0.0 0.024521220935426545 10.103274585884767 0.0 0.0
0.01151259 9.217304e-05 1.474116 -2.223549 0.67087 0.6026567 -0.1623879 19.05852 2.70755 0 0.0 0.011512958975754358 2.6678058656613306 0.0 0.0
-0.01805791 0.02643156 -0.4121023 0.4891434 0.9914195 0.8022491 0.2798919 19.51269 2.830643 0 0.0 0.03201117738543367 0.6396011033674426 0.0 0.0
0.0135341 0.006996487 -4.415424 -7.203136 1.487033 1.200642 0.2858635 19.9415 2.3395 0 0.0 0.015235573279373802 8.448735842377367 0.0 0.0
-0.01421901 0.01741432 -6.407951 -7.340591 1.350635 1.085023 0.3426161 19.83141 3.132256 0 0.0 0.02248196580467331 9.744029569314842 0.0 0.0
0.01350576 -0.01102414 -5.924468 -7.83849 0.8768571 0.7589554 0.09686575 19.07818 2.610806 0 0.0 0.01743379522413866 9.825540522695126 0.0 0.0
0.02800846 -0.0006286939 4.175656 -1.806036 2.242701 1.687974 0.681416 20.07176 nan 0 0.0 0.028015515122722573 4.549491077431848 0.0 0.0
0.01583322 -0.008846334 -1.59657 -8.22566 1.35819 1.1732 0.3094494 19.71163 nan 0 0.0 0.01813693691911498 8.379171689403433 0.0 0.0
0.01445637 0.01603336 -1.920272 -5.911479 0.8192042 0.6640832 0.2288064 19.27989 3.163038 0 0.0 0.021588313191782723 6.21554732275646 0.0 0.0
-0.003499025 -0.02792609 -2.388044 -1.592346 0.952827 0.7788873 0.3130965 19.4784 nan 0 0.0 0.02814444312184423 2.8702473638437502 0.0 0.0
0.01527277 0.003555346 -8.940833 -2.054552 0.7155594 0.5768319 0.234143 19.18599 3.389225 0 0.0 0.015681134801174817 9.173858438770079 0.0 0.0
0.01688535 0.01018881 -5.112435 -8.607147 0.8036218 0.6457339 0.3366026 19.24899 3.317253 0 0.0 0.01972122952147254 10.010992513673855 0.0 0.0
0.01389143 0.002189913 -2.701008 -5.082276 0.4711662 0.3871767 0.03768291 18.57101 2.826073 0 0.0 0.014062984974480667 5.755429919323143 0.0 0.0
0.02266619 0.01077879 -2.417393 -5.678459 1.060978 0.8682448 0.1425227 19.18891 2.425768 0 0.0 0.025098575317738656 6.171603157294707 0.0 0.0
0.01161315 -0.01311432 -6.338899 -2.083957 0.4998552 0.4079999 0.05459066 18.67872 3.038157 0 0.0 0.017517152793330885 6.672669429100321 0.0 0.0
0.001512541 -0.005011152 -4.788696 -7.678061 0.4703363 0.3849819 0.03158266 18.3534 3.141436 0 0.0 0.005234445972955017 9.048990556970264 1.0 0.0
0.01289576 0.01442761 -0.02165226 0.2896892 0.7413238 0.6042272 0.2185429 19.16103 2.261086 0 0.0 0.019350879987476022 0.2904972512085916 0.0 0.0
0.02995708 0.01380929 -1.87673 -4.829602 0.2932794 0.2348891 0.1431107 17.33224 3.087835 0 0.0 0.03298671145219693 5.181425573266878 0.0 0.0
0.002433241 -0.003519626 -3.922933 -7.054001 1.686546 1.376606 0.2658815 19.86077 nan 0 0.0 0.004278834998449578 8.07145175482639 0.0 0.0
-0.01766933 0.002307491 -5.865127 -6.216177 0.6919757 0.5825526 0.09960841 19.01793 3.264177 0 0.0 0.017819364112223 8.546377666675982 0.0 0.0
0.02583499 0.0008062972 -4.144576 -5.689694 0.7700492 0.6293967 0.1858634 19.16096 nan 0 0.0 0.0258475690051275 7.039185182491792 0.0 0.0
-0.004036501 -0.0156199 -2.552853 -5.197671 2.190556 1.660084 0.5975609 20.02666 2.362814 0 0.0 0.01613302874022733 5.790754895853389 0.0 0.0
0.001895771 -0.02254732 -2.874228 -3.231948 0.2489159 0.1995561 -0.007538544 15.95007 4.550065 1 0.0 0.022626877532413547 4.32512132438941 0.0 0.0
-0.002553586 -0.009070014 -6.150869 -8.725768 0.6317288 0.5196581 0.03625645 18.89636 3.561014 0 0.0 0.009422629962998228 10.675777097943971 0.0 0.0
0.004658789 0.007504759 -5.046197 -7.77086 1.041732 0.9169465 -0.004542954 19.50167 3.031925 0 0.0 0.008833217001444151 9.265547436736213 1.0 0.0
-0.008767141 -0.0151663 -8.794108 -1.847863 0.647904 0.5283522 0.1300551 18.70691 3.676825 0 0.0 0.01751797411243324 8.98615230131523 0.0 0.0
0.0004640598 0.004018248 -1.423757 -5.086798 0.6519935 0.5077124 0.3401507 18.4395 nan 0 0.0 0.004044955931463289 5.282290969631737 0.0 0.0
0.02809088 0.01721262 -4.360341 -4.200304 1.194169 1.047864 -0.06532498 19.45659 2.529694 0 0.0 0.03294498180965957 6.054347803743769 0.0 0.0
0.006730731 0.009663744 -8.882951 -2.480627 1.188258 1.04806 -0.3149095 19.05484 nan 0 0.0 0.011776701061498376 9.222815664509945 1.0 0.0
-0.0314319 0.009845309 -4.725985 -8.509248 1.045865 0.9194856 0.05215743 19.51055 2.878815 0 0.0 0.03293773591058561 9.733562335842361 0.0 0.0
-0.02286649 0.02247841 -3.819264 -7.414437 1.28642 1.030598 0.1479139 19.55259 2.188028 0 0.0 0.032064860533740046 8.340302963841602 0.0 0.0
0.007012098 0.009755275 -5.086897 -5.859632 0.4559746 0.3758193 0.0664885 18.38025 3.393902 0 0.0 0.0120139464243532 7.759626812162619 0.0 0.0
-0.02337462 0.009271799 -2.838586 1.117259 1.359867 1.097372 0.3641369 19.90997 2.359236 0 0.0 0.02514635394725846 3.0505471890264206 0.0 0.0
0.008799986 -0.01607039 0.4670405 -0.8350997 1.560617 1.246119 0.3540342 19.91459 nan 0 0.0 0.01832204105312222 0.9568272245187948 0.0 0.0
0.01739884 0.01994671 -2.128234 -10.24593 0.6040776 0.494462 -0.02690087 18.30573 2.788305 0 0.0 0.026468677208536507 10.4646290676572 0.0 0.0
0.01010598 0.0003555599 -3.942444 -2.500586 0.9860228 0.9151607 0.2602417 19.32155 3.203661 0 0.0 0.010112232918741935 4.668596688142165 0.0 0.0
0.01010604 0.000908691 -5.27792 -7.556507 1.911749 1.670242 0.4689532 19.89234 nan 0 0.0 0.010146810524252486 9.21722504702196 0.0 0.0
0.003814327 -0.001829764 -3.418442 -10.41587 1.621214 1.318442 0.2264061 19.3756 2.961496 0 0.0 0.004230499587356675 10.962485738383608 0.0 0.0
0.006781183 0.0005199109 -4.386511 -8.41863 0.3289054 0.2678974 -0.05543796 17.81674 3.163599 1 0.9462989 0.006801084488772934 9.492882061314203 1.0 0.0
0.004222155 -0.03032938 -3.63701 -7.943427 0.6324294 0.498151 0.2263188 18.95887 3.158726 0 0.0 0.030621853046940595 8.736468064637391 0.0 0.0
0.01614612 0.02406682 -1.708003 -10.09416 0.2627447 0.2132995 -0.02370948 17.4326 3.445247 1 0.0 0.028981183826179358 10.23764330076063 0.0 0.0
0.009211177 0.003617224 -5.877293 -7.127039 0.7089939 0.6276976 -0.10419 18.96087 2.185963 0 0.0 0.009895963378646113 9.237816728825594 1.0 0.0
0.01586235 0.01089472 -0.7424548 -4.347392 0.4265275 0.3541986 0.04771422 18.21869 3.018463 0 0.0 0.01924341631314201 4.410335172263786 0.0 0.0
-0.01372841 -0.01190918 0.7375987 -2.908298 0.9021146 0.7195503 0.1926031 19.15779 3.039881 0 0.0 0.018174097210054203 3.0003748264251398 0.0 0.0
0.001512224 -0.02341707 -1.910198 -7.621197 1.742018 1.163908 0.5527292 19.99067 3.070345 0 0.0 0.02346584728517332 7.856939614889058 0.0 0.0
0.008365424 -0.01460931 1.263316 -3.49826 0.559929 0.4586728 0.03492089 18.92333 3.360334 0 0.0 0.016834852460769476 3.719380370902659 0.0 0.0
-0.0005334702 0.0117659 -4.476746 -8.758044 1.760372 1.400531 0.309645 20.04649 2.881746 0 0.0 0.011777987657672597 9.835882749120794 1.0 0.0
-0.004137986 -0.03258005 2.013079 2.115019 1.577324 1.249114 0.1272356 19.68277 1.317532 0 0.0 0.03284178110484716 2.91989596229078 0.0 0.0
0.0002338488 -0.00449997 -5.335506 -8.919134 1.378163 1.066557 0.4609376 19.70559 nan 0 0.0 0.004506042083931467 10.393198525285273 0.0 1.0
0.0005663104 -0.004591524 -3.41489 -8.156753 0.6214554 0.5097966 0.05610182 18.85258 nan 0 0.0 0.0046263160410551455 8.84274240352556 0.0 0.0
-0.01647215 0.0284918 -4.211751 -10.35513 0.9896271 0.7652696 -0.1674455 19.07647 3.256598 0 0.0 0.03291070331765184 11.178889202550538 0.0 0.0
0.01015855 0.01269991 -4.587831 -8.179988 0.3487903 0.2838928 0.03999083 18.02369 3.238533 0 0.0 0.016262959512665584 9.378720433231019 0.0 0.0
0.01563102 0.004596695 -2.945936 -11.84933 0.5580941 0.4604787 0.0621436 18.87134 2.050049 0 0.0 0.016292893885477343 12.210043421912799 0.0 0.0
-0.004368337 -0.02738826 2.037733 0.8955737 0.9008062 0.7544841 0.3641714 19.24363 nan 0 0.0 0.027734439853243278 2.225849957077226 0.0 0.0
0.02392007 0.0127354 -6.250634 -8.123687 0.8627166 0.6995442 0.1873089 19.26587 2.897547 0 0.0 0.02709908046345669 10.250108090938603 0.0 0.0
-0.001965837 0.009839456 -4.038694 -5.46307 1.48033 1.253956 0.4433495 19.56316 2.338472 0 0.0 0.01003391296984905 6.793834193629986 0.0 0.0
-0.03194006 0.0004495265 -3.948988 -5.416932 0.9727696 0.8588757 0.0393227 19.45051 2.871649 0 0.0 0.03194322317609483 6.703555662241345 0.0 0.0
-0.02273658 0.01470791 -6.259432 -7.870129 0.5062953 0.4145247 0.1053153 18.64474 3.383101 0 0.0 0.02707904515791685 10.055815205107193 0.0 0.0
0.01399747 0.02569606 -9.048867 -0.9030386 0.576859 0.4730514 0.07725584 18.95271 nan 0 0.0 0.029261180186802103 9.093815079315114 0.0 0.0
-0.02493267 0.001455056 -4.965993 -7.941867 0.9071469 0.7367795 0.1042942 19.10105 2.748407 0 0.0 0.024975092017689066 9.366660980399473 0.0 0.0
0.0195206 0.01327436 -5.29465 -8.290219 1.795457 1.334235 0.5911249 19.94828 nan 0 0.0 0.023606407133860925 9.836719457749163 0.0 0.0
0.008315177 -0.005137417 -5.59962 -8.621193 1.182084 0.9560515 0.1823425 19.69406 nan 0 0.0 0.009774212089637609 10.280112493919948 1.0 0.0
-0.01698023 0.009864542 -5.043251 -3.241957 1.060193 0.8605324 0.1783304 19.2069 nan 0 0.0 0.019637652602148354 5.995387046625931 0.0 0.0
