jas1101finalproject/data/gcs/Djorg_2_ESO456-.ecsv
# %ECSV 0.9
# ---
# datatype:
# - {name: x, unit: deg, datatype: float64}
# - {name: y, unit: deg, datatype: float64}
# - {name: pmx, unit: mas / yr, datatype: float64}
# - {name: pmy, unit: mas / yr, datatype: float64}
# - {name: pmx_e, unit: mas / yr, datatype: float64}
# - {name: pmy_e, unit: mas / yr, datatype: float64}
# - {name: pm_corr, datatype: float64}
# - {name: g_mag, unit: mag, datatype: float64}
# - {name: bp_rp, unit: mag, datatype: float64}
# - {name: filter, datatype: int64}
# - {name: memberprob, datatype: float64}
# - {name: r, unit: deg, datatype: float64}
# - {name: pm, unit: mas / yr, datatype: float64}
# - {name: member_prob_GMM, datatype: float64}
# - {name: member_prob_DB, datatype: float64}
# meta: !!omap
# - comments: [deg deg mas/yr mas/yr mas/yr mas/yr dimless mag   mag   zeroone float]
# - __serialized_columns__:
#     bp_rp:
#       __class__: astropy.units.quantity.Quantity
#       unit: &id001 !astropy.units.Unit {unit: mag}
#       value: !astropy.table.SerializedColumn {name: bp_rp}
#     g_mag:
#       __class__: astropy.units.quantity.Quantity
#       unit: *id001
#       value: !astropy.table.SerializedColumn {name: g_mag}
#     pm:
#       __class__: astropy.units.quantity.Quantity
#       unit: !astropy.units.Unit {unit: mas / yr}
#       value: !astropy.table.SerializedColumn {name: pm}
#     pmx:
#       __class__: astropy.units.quantity.Quantity
#       unit: !astropy.units.Unit {unit: mas / yr}
#       value: !astropy.table.SerializedColumn {name: pmx}
#     pmx_e:
#       __class__: astropy.units.quantity.Quantity
#       unit: !astropy.units.Unit {unit: mas / yr}
#       value: !astropy.table.SerializedColumn {name: pmx_e}
#     pmy:
#       __class__: astropy.units.quantity.Quantity
#       unit: !astropy.units.Unit {unit: mas / yr}
#       value: !astropy.table.SerializedColumn {name: pmy}
#     pmy_e:
#       __class__: astropy.units.quantity.Quantity
#       unit: !astropy.units.Unit {unit: mas / yr}
#       value: !astropy.table.SerializedColumn {name: pmy_e}
#     r:
#       __class__: astropy.units.quantity.Quantity
#       unit: &id002 !astropy.units.Unit {unit: deg}
#       value: !astropy.table.SerializedColumn {name: r}
#     x:
#       __class__: astropy.units.quantity.Quantity
#       unit: *id002
#       value: !astropy.table.SerializedColumn {name: x}
#     y:
#       __class__: astropy.units.quantity.Quantity
#       unit: *id002
#       value: !astropy.table.SerializedColumn {name: y}
# schema: astropy-2.0
x y pmx pmy pmx_e pmy_e pm_corr g_mag bp_rp filter memberprob r pm member_prob_GMM member_prob_DB
[from data line 1338]
0.001277507 0.01438636 0.4755834 -2.950135 0.1389208 0.1138307 -0.05206069 14.6746 2.573447 1 0.9918389 0.014442969853345573 2.988222898075135 0.0 0.0
0.008105855 0.003830798 3.314713 -3.824696 0.8467194 0.7292351 0.4830771 18.81272 nan 0 0.0 0.008965483734736738 5.061187782011748 0.0 0.0
0.01096823 0.01801359 -0.05719097 -7.386399 0.8456331 0.7242928 0.0946514 18.27916 1.96962 0 0.0 0.02109008046501957 7.386620404098923 0.0 0.0
0.004138333 0.004065625 0.4228437 -3.142265 0.1248106 0.1007604 -0.1290938 14.0316 2.791941 1 0.9964806 0.005801302152061552 3.1705876623829043 0.0 0.0
0.02022443 0.004143929 -2.178146 -9.338824 0.5563542 0.4531679 -0.009636821 18.22362 1.670172 0 0.0 0.020644605018792225 9.589470981252928 0.0 0.0
0.008887557 -0.008488828 -6.911663 -3.520884 0.7823281 0.6455634 0.07502227 18.59887 nan 0 0.0 0.012290194068517918 7.756784744146572 0.0 0.0
-0.005009947 -0.02522366 -6.036313 -1.990221 0.2477909 0.2011595 -0.06526425 16.75157 2.276111 0 0.0 0.025716387630038726 6.3559463703535135 0.0 0.0
0.009480306 -0.01951145 0.1706574 -6.514718 0.797236 0.665251 0.2458319 18.6813 nan 0 0.0 0.0216926919250732 6.516952859097476 0.0 0.0
-0.002366287 0.004697011 0.5410215 -3.566102 0.3462906 0.2860215 0.03033277 17.38119 nan 0 0.0 0.005259394119144334 3.606908335107263 0.0 0.0
-0.02935118 -0.01499268 5.126988 -2.966662 1.110215 0.895812 -0.1395915 18.18026 1.723127 0 0.0 0.032958644100976 5.923435605658932 0.0 0.0
0.005730658 0.002381364 0.4482884 -3.177977 0.2442739 0.1956646 -0.1304815 17.01044 2.029971 0 0.0 0.0062057502055319624 3.2094392504148694 0.0 0.0
-0.005227681 0.01363475 -16.80009 -18.63047 1.907675 1.594383 0.3247232 19.23588 nan 0 0.0 0.014602570191588225 25.086598741738587 0.0 0.0
0.000926683 0.02375717 -19.34783 -17.86824 0.9184149 0.7718537 0.2589577 18.09842 1.978928 0 0.0 0.023775236440283596 26.336524569625734 0.0 0.0
-0.00220442 0.008387734 0.222093 -2.912826 0.5622156 0.4587381 -0.04047148 17.68645 1.757635 0 0.0 0.008672574542265752 2.92128064501256 0.0 0.0
-0.005362197 0.004592 0.5887669 -4.879884 0.7723405 0.6362739 0.04371257 17.79417 1.976424 0 0.0 0.007059718171910902 4.915273574887934 0.0 0.0
0.004758101 -0.01881114 -4.354036 -5.633633 0.265053 0.2163226 -0.05222866 16.83088 2.361156 0 0.0 0.019403569600096808 7.120073754392225 0.0 0.0
0.001789991 -0.008457962 -9.112536 -7.791846 0.4506625 0.3600672 -0.2554384 18.06444 nan 0 0.0 0.00864529866306104 11.989627869079674 0.0 0.0
-0.004739827 -0.03191081 -4.637132 -7.906731 0.5044695 0.4096805 -0.1446142 17.94651 nan 0 0.0 0.032260901333441214 9.166209046917105 0.0 0.0
0.02057545 0.004967838 -2.090808 -2.731608 0.2261061 0.1838452 -0.08352661 16.57354 2.203629 0 0.0 0.021166685075768098 3.4399360980297295 0.0 0.0
-0.004956567 -0.01241199 2.02759 -4.899342 0.4098245 0.3312614 -0.06705794 17.70968 1.934101 0 0.0 0.013365068356936637 5.3023271533416345 0.0 0.0
0.0101581 0.01458616 -4.40728 -2.747556 0.903631 0.8830871 0.6706371 18.6339 nan 0 0.0 0.017774787176098622 5.193571119329743 0.0 0.0
-0.007685154 0.03004161 -9.704494 -4.538944 0.8270859 0.6326816 -0.8874326 16.91975 2.263532 0 0.0 0.03100902970742258 10.71350626224543 0.0 0.0
-0.02978676 -0.001095853 -6.631306 -5.04177 0.4515049 0.3657031 -0.03008149 17.86406 2.062256 0 0.0 0.02980691136456793 8.33028594938589 0.0 0.0
-0.005117589 -0.03135579 2.099726 -2.775495 0.7059167 0.5804605 -0.1108741 18.35365 nan 0 0.0 0.03177066703261077 3.480261738734746 0.0 0.0
0.0207094 -0.0003155435 -0.649721 -1.701922 0.5458279 0.4412088 -0.142008 18.45531 2.013683 0 0.0 0.02071180378577376 1.8217233247463787 0.0 0.0
-0.0005307803 -0.03032188 -4.946725 -3.967714 0.8553332 0.6625181 -0.2303922 18.63564 1.814947 0 0.0 0.030326525261910042 6.341359681599917 0.0 0.0
0.01568821 -0.0089054 -7.460941 -6.595828 0.4105013 0.3359311 -0.0227942 17.47757 2.08523 0 0.0 0.01803956989964284 9.958443031471587 0.0 0.0
-0.01270116 -0.01568563 -10.19955 -10.49915 0.9282008 0.7184524 -0.248938 18.69364 1.680166 0 0.0 0.020183122995277514 14.637724239956157 0.0 0.0
-0.01170676 0.02191595 1.734938 -2.385909 0.1871634 0.1532362 -0.01756514 16.01175 2.688968 1 0.0 0.024846671690592688 2.950012138979262 0.0 0.0
-0.02179575 -0.01269636 -1.916859 0.844991 1.216784 1.009236 0.1482364 18.78897 nan 0 0.0 0.025224041613351733 2.094840856953578 0.0 0.0
0.004056461 -0.02004517 -2.919234 -12.20918 0.3718703 0.3014568 -0.04770494 17.69827 1.819494 0 0.0 0.02045149667318803 12.553326388617322 0.0 0.0
0.002168092 0.005744149 -1.514247 -11.27579 0.4614432 0.3736145 -0.02309617 15.77627 2.531953 0 0.0 0.00613969629987225 11.377011211258825 0.0 0.0
0.01118233 4.062279e-05 -5.824401 -8.146023 0.4615121 0.3669381 -0.05319142 18.39836 2.018969 0 0.0 0.011182403786304956 10.0140570062952 0.0 0.0
-0.001313424 -0.01549989 1.678181 -0.8524313 1.618328 1.346436 0.369877 19.20108 nan 0 0.0 0.015555438682849032 1.8822674066085003 0.0 0.0
0.0009534769 0.0008518177 -0.6365681 -9.429832 0.1758467 0.1417998 -0.1222177 15.81906 2.237852 0 0.0 0.0012785584041673263 9.45129358840162 0.0 0.0
0.0173901 0.001859416 -6.09712 4.901066 0.603194 0.5144345 0.2406183 18.14296 1.867853 0 0.0 0.017489225422272308 7.822743778927954 0.0 0.0
0.01806471 0.00105059 -4.262313 -8.417698 0.3269467 0.2661111 -0.03909211 17.60739 2.054626 0 0.0 0.018095233812587225 9.435303478382293 0.0 0.0
0.005945669 -0.01415536 -1.043041 -1.64513 0.7481984 0.575415 -0.8894835 17.21721 nan 0 0.0 0.015353344801285517 1.947918695577667 0.0 0.0
0.01687688 -0.0008489376 -3.113395 -9.645017 0.5734168 0.4672477 -0.0598673 17.83261 1.633934 0 0.0 0.01689821805940182 10.135066914249455 0.0 0.0
0.004568976 -0.0243825 -1.840423 -8.58737 0.2461006 0.1994238 -0.04559549 17.08868 2.23416 0 0.0 0.024806891138120794 8.782373274680882 0.0 0.0
0.01104767 0.002844439 -2.912852 -3.067642 0.5883704 0.4673033 -0.1012376 18.49699 nan 0 0.0 0.01140797289853114 4.230264083253905 0.0 0.0
-0.002663779 0.02915493 -0.5881761 -1.295637 0.2613907 0.2070976 -0.1947039 16.89382 1.517854 0 0.0 0.02927636695127558 1.4228936574390265 0.0 0.0
-0.03035263 -0.004313707 -0.4977407 -7.67967 0.3604803 0.2988605 -0.09988985 16.94544 2.365644 0 0.0 0.03065762900158375 7.69578307343291 0.0 0.0
-0.007385491 -0.00966555 -1.628977 -1.968826 0.7106582 0.5687712 -0.1638325 18.52463 2.12924 0 0.0 0.012164223531059472 2.5553555300202357 0.0 0.0
0.02881058 0.01658744 0.4056738 -8.606874 0.5026581 0.3870907 -0.2629777 17.97361 2.046345 0 0.0 0.033244438417425554 8.616429149240561 0.0 0.0
0.01620513 0.01906961 6.320072 -5.163941 1.314074 0.9608622 -0.1942789 18.92107 nan 0 0.0 0.025025112664461675 8.161470255821865 0.0 0.0
0.01909147 0.00769371 -7.55931 -4.943873 0.4592635 0.3707848 -0.02400103 18.25337 2.057831 0 0.0 0.02058342537880904 9.032444182846024 0.0 0.0
0.008160289 0.009871367 -0.6194882 -2.097493 0.3914719 0.3023051 -0.3067451 17.2144 2.060319 0 0.0 0.012807583808517905 2.187062531110677 0.0 0.0
0.01182911 -0.008685566 -2.826761 -6.358268 0.6205412 0.4984752 -0.2285123 18.4127 1.905437 0 0.0 0.01467538415621397 6.9583151488664985 0.0 0.0
-0.02209564 0.002245752 -0.7252628 -5.777066 1.122696 0.9046314 -0.06193098 18.70223 1.753067 0 0.0 0.022209473407874936 5.822413391148023 0.0 0.0
0.01876681 0.003264903 -7.841245 -0.9640093 0.6001428 0.5034517 0.1503603 18.50677 nan 0 0.0 0.019048694159325173 7.90028082288924 0.0 0.0
0.0008996136 0.01476402 -3.590035 -1.798498 0.3412095 0.2984532 0.3445818 17.2242 nan 0 0.0 0.014791402610628411 4.015338884481483 0.0 0.0
0.002842384 -0.01219639 -3.492298 -6.463804 0.2663651 0.2110897 -0.2837662 16.96945 2.200307 0 0.0 0.01252322146396669 7.346897812765603 0.0 0.0
-0.006767247 0.0296335 -4.949212 -4.459296 0.2473617 0.2034815 0.00896013 16.39389 2.084606 0 0.0 0.030396380610345847 6.661833098821975 0.0 0.0
-0.01008475 -0.00326089 0.1652841 -8.608061 0.5170397 0.4208982 -0.07748025 16.43506 2.082864 0 0.0 0.010598848340956672 8.609647670690933 0.0 0.0
-0.02203947 -0.008561274 -3.062185 -3.606434 0.9310718 0.7630129 0.1306333 18.74963 nan 0 0.0 0.02364389245416194 4.731103800444564 0.0 0.0
-0.01435292 0.02724286 -1.296273 -4.428756 0.222844 0.1817586 -0.007834383 17.06862 1.360937 0 0.0 0.03079252723480163 4.614564269577898 0.0 0.0
0.02136062 0.01741886 -0.9477513 -7.965099 0.2527925 0.2060254 -0.02464877 17.34093 nan 0 0.0 0.027562524747997964 8.02128634362673 0.0 0.0
0.002788379 -0.01345905 -6.928689 -8.24271 0.6820244 0.4856382 -0.8391557 17.10974 nan 0 0.0 0.013744856650767261 10.767961710686986 1.0 0.0
0.01822858 0.01258812 -4.470784 -7.157918 0.6637562 0.5319479 -0.1363824 18.02025 nan 0 0.0 0.022152694959096966 8.439413467142133 0.0 0.0
0.0004406721 -0.001293946 1.221211 -5.640741 0.2471541 0.198382 -0.1361797 16.65851 2.090414 0 0.0 0.0013669265344686268 5.771422297458574 0.0 0.0
0.0003326983 -0.007427979 1.463116 -2.932547 0.8167168 0.6567507 -0.2797455 18.2775 1.874477 0 0.0 0.007435426025673572 3.277276359519441 0.0 0.0
-0.0188052 0.015491 -5.339617 -5.43675 0.3189539 0.2592587 -0.02679942 17.4352 2.223269 0 0.0 0.024364043753859907 7.6203517155830145 0.0 0.0
-0.022525 -0.00967908 -8.576288 -0.7578834 1.213919 1.029651 0.1863658 18.51329 nan 0 0.0 0.024516529416832227 8.609709815489692 0.0 0.0
0.00411044 -0.01976479 -0.3470417 -1.779958 1.054199 0.8765642 0.2648025 18.94243 nan 0 0.0 0.020187685373457255 1.813474130861229 0.0 0.0
0.01296238 -0.01018869 0.2725633 0.04390091 0.1175832 0.09281288 -0.2783749 15.26726 1.842174 1 0.0 0.016487349671202464 0.27607615327245866 0.0 0.0
-0.02401635 0.02233545 -1.306564 -3.763767 0.6242472 0.5174097 0.0537921 17.93102 2.13905 0 0.0 0.03279721625420365 3.9840998376527916 0.0 0.0
0.00446136 -0.01671304 -4.205165 -8.658046 0.2193164 0.1787912 -0.06765077 16.7838 2.309713 0 0.0 0.017298249596164345 9.625236268026931 0.0 0.0
-0.02854609 0.00196959 -0.6869897 -5.889799 0.7058284 0.5790784 0.4863022 18.0921 nan 0 0.0 0.028613957067420787 5.929729092320078 0.0 0.0
-0.01300159 0.01433981 -1.081037 -6.478239 1.142805 0.9343195 -0.04249877 17.13381 2.142488 0 0.0 0.019356432867762594 6.567817105895231 0.0 0.0
0.008078337 -0.003264537 -6.13303 -6.830862 0.2548711 0.2048733 -0.1098198 16.83489 nan 0 0.0 0.008713020745409595 9.180127049444577 0.0 0.0
0.01928088 0.01034871 -2.339962 -8.52631 0.566401 0.4419981 -0.005812023 18.51266 1.981026 0 0.0 0.02188259884562389 8.841571374905255 0.0 0.0
-0.02808507 -0.006525621 4.414068 -6.607103 1.315003 0.9962672 -0.1332 19.09044 1.697245 0 0.0 0.028833225389132952 7.945930175960081 0.0 0.0
0.0223034 0.007750318 -1.977849 1.520696 0.4901617 0.3940652 0.1374564 18.30787 nan 0 0.0 0.023611630199143897 2.494875345827322 0.0 0.0
-0.001583853 0.02410239 -1.569638 -1.087426 0.3239966 0.261392 -0.04098465 17.71616 1.457277 0 0.0 0.024154374221612717 1.9095179382556215 0.0 0.0
0.02840513 0.01450663 -3.39292 -5.244564 0.3393049 0.2678523 -0.2145784 17.47209 2.178694 0 0.0 0.031895042314971145 6.246387570147725 0.0 0.0
-0.02152763 -0.003953017 -2.387445 -3.551862 0.5968281 0.4796307 -0.05730122 18.47699 2.00835 0 0.0 0.02188755803691195 4.279674905301687 0.0 0.0
-0.01207967 -0.02309561 -2.780542 -2.737122 0.5973873 0.4767141 -0.2418512 18.52625 1.920738 0 0.0 0.026063875931660662 3.9016984323045776 0.0 0.0
0.009320644 0.006603985 -6.036045 -6.152131 0.2570511 0.2066461 -0.1134295 17.23151 2.241886 0 0.0 0.011423091632958259 8.6187328003127 0.0 0.0
0.0102389 0.01265783 -3.621632 -1.699389 0.8376483 0.6981703 0.1441879 18.86266 1.480106 0 0.0 0.01628053234752783 4.00051763110038 0.0 0.0
-0.02902919 -0.008139486 -1.133748 -12.04256 0.3911861 0.3135673 -0.1839987 17.67667 1.662888 0 0.0 0.03014871646356269 12.0958106748206 0.0 0.0
-0.009978783 0.01833603 -0.6928277 -2.09287 0.1904294 0.154768 -0.0360318 16.73116 1.537704 0 0.0 0.020875490564822397 2.204566864213306 0.0 0.0
-0.008925315 0.009604278 -6.826583 -7.985571 0.3010139 0.2638381 0.3408727 16.58637 2.644907 0 0.0 0.013111193833915697 10.505787912000223 1.0 0.0
0.0109668 0.00388586 1.214008 -3.380164 0.4789219 0.3930445 0.0331188 18.31466 1.671574 0 0.0 0.011634887630725104 3.5915629036618584 0.0 0.0
-0.02727567 -0.005621331 -3.261586 -1.920534 0.195761 0.1594861 -0.04074424 16.63713 2.142719 0 0.0 0.027848905475089336 3.785022335542024 0.0 0.0
-0.02771222 0.01296567 -5.581585 -9.153538 0.1449717 0.1188379 -0.04673162 14.70749 2.83021 1 0.0 0.030595354808815343 10.72107033041333 0.0 0.0
-0.009435175 -0.02462695 2.594454 -3.326771 0.4116911 0.3245219 -0.3061693 17.43387 2.009047 0 0.0 0.026372508291459974 4.218838328800595 0.0 0.0
-0.03248559 -0.001262566 -8.802342 -7.14476 1.323803 0.9658632 -0.2449614 19.06018 1.982048 0 0.0 0.03251011581881025 11.337055179479545 0.0 0.0
-0.02322392 -0.0224413 -1.295858 -4.597049 0.8490262 0.6232903 -0.2185731 18.71324 1.733692 0 0.0 0.03229492848507951 4.7762022009715 0.0 0.0
-0.01562048 0.01856997 -2.540263 -0.7337906 0.1248799 0.1026571 -0.02663349 15.28988 1.755061 1 0.0 0.02426609118155003 2.644122681309882 0.0 0.0
-0.01327291 0.02573809 -4.48041 -4.132071 0.3446684 0.2833564 0.0213292 17.38799 2.371074 0 0.0 0.02895892637367967 6.094922847513412 0.0 0.0
0.01101862 -0.01737345 -1.756223 -4.788485 0.708883 0.5999105 0.1278824 18.6115 1.907125 0 0.0 0.020572961663477135 5.100383105312188 0.0 0.0
-0.0002070937 0.01765747 1.750916 1.007858 0.9415741 0.795254 0.1856394 18.79274 1.590904 0 0.0 0.017658684396111728 2.0202684443459487 0.0 0.0
-0.02401156 0.0006889491 0.7709442 -2.619119 0.3344901 0.2720289 -0.0226654 17.40099 1.576694 0 0.0 0.02402144176555585 2.7302269677949194 0.0 0.0
0.009969239 0.01551697 -6.581001 -5.823191 0.2476595 0.1939106 -0.06605875 17.16123 2.269717 0 0.0 0.0184434835164082 8.787441469761378 0.0 0.0
0.01795517 -0.008503301 -1.174196 -9.187799 0.4895133 0.4051281 0.06240758 18.03392 2.121679 0 0.0 0.019866913641164823 9.262525935770274 0.0 0.0
-0.01804496 -0.01120412 -5.300555 -4.42544 0.2773943 0.2238164 -0.03159861 17.41877 2.205126 0 0.0 0.021240359845727662 6.905099745957694 0.0 0.0
-0.03186306 -0.007373527 -3.824832 -6.094221 0.63476 0.576702 0.6975577 17.19958 nan 0 0.0 0.03270509888355834 7.195058681141176 0.0 0.0
0.01088679 0.01340163 -4.898764 -1.431926 0.4941365 0.4064023 0.05270011 18.13638 1.959177 0 0.0 0.017266322224521354 5.103753598790991 0.0 0.0
-0.008817866 0.01597102 0.05614023 -3.580973 0.1588663 0.1302237 -0.0355623 15.77385 2.203319 1 0.001075362 0.018243580806255006 3.5814130384742633 0.0 0.0
-0.001475857 0.02288741 -2.401677 -7.796328 0.6427043 0.5072005 0.03048121 18.37952 nan 0 0.0 0.022934944743612292 8.157866307798443 0.0 0.0
-0.0128139 0.02503052 -2.66721 -1.322001 0.6342429 0.5200194 0.03096553 18.35085 1.732548 0 0.0 0.02811979666854652 2.9768600618942433 0.0 0.0
-0.001286817 0.01639671 -0.1828662 1.207706 0.4788107 0.4078389 0.2431275 17.47435 nan 0 0.0 0.01644712731195296 1.221471992940665 0.0 0.0
0.01085959 0.01133407 0.360134 -3.975143 0.5471847 0.4340339 -0.03870187 18.3516 1.896168 0 0.0 0.01569687350184743 3.991423100650318 0.0 0.0
-0.001691712 0.01632231 -6.036582 -7.131403 0.2957205 0.2537794 0.222002 16.94586 2.029519 0 0.0 0.016409743850135015 9.343298721069182 0.0 0.0
-0.01459041 -0.01350768 1.439198 -0.008997854 0.457784 0.3550718 -0.2288938 17.95151 1.856812 0 0.0 0.01988309540666392 1.4392261269795672 0.0 0.0
0.01647518 0.01982869 -0.1663703 -0.5815687 0.2746144 0.2207921 -0.1451666 14.73931 3.946127 1 0.0 0.025780002000552676 0.6048977017163977 0.0 0.0
-0.008656235 0.02008518 2.384338 -7.200202 0.5807442 0.4978576 0.2084651 17.68244 2.078815 0 0.0 0.021871096451884276 7.584719938076026 0.0 0.0
-0.02293067 -0.005547847 2.666056 1.426343 1.381456 0.990057 -0.6939039 18.47269 1.56785 0 0.0 0.02359224942612105 3.023625133640908 0.0 0.0
-0.03224311 0.0001241484 1.18361 -11.44888 1.246813 0.9707701 -0.310144 18.94044 1.916023 0 0.0 0.03224334900870755 11.509899473344674 0.0 0.0
