jas1101finalproject/data/gcs/Djorg_1.ecsv
# %ECSV 0.9
# ---
# datatype:
# - {name: x, unit: deg, datatype: float64}
# - {name: y, unit: deg, datatype: float64}
# - {name: pmx, unit: mas / yr, datatype: float64}
# - {name: pmy, unit: mas / yr, datatype: float64}
# - {name: pmx_e, unit: mas / yr, datatype: float64}
# - {name: pmy_e, unit: mas / yr, datatype: float64}
# - {name: pm_corr, datatype: float64}
# - {name: g_mag, unit: mag, datatype: float64}
# - {name: bp_rp, unit: mag, datatype: float64}
# - {name: filter, datatype: int64}
# - {name: memberprob, datatype: float64}
# - {name: r, unit: deg, datatype: float64}
# - {name: pm, unit: mas / yr, datatype: float64}
# - {name: member_prob_GMM, datatype: float64}
# - {name: member_prob_DB, datatype: float64}
# meta: !!omap
# - comments: [deg deg mas/yr mas/yr mas/yr mas/yr dimless mag   mag   zeroone float]
# - __serialized_columns__:
#     bp_rp:
#       __class__: astropy.units.quantity.Quantity
#       unit: &id001 !astropy.units.Unit {unit: mag}
#       value: !astropy.table.SerializedColumn {name: bp_rp}
#     g_mag:
#       __class__: astropy.units.quantity.Quantity
#       unit: *id001
#       value: !astropy.table.SerializedColumn {name: g_mag}
#     pm:
#       __class__: astropy.units.quantity.Quantity
#       unit: !astropy.units.Unit {unit: mas / yr}
#       value: !astropy.table.SerializedColumn {name: pm}
#     pmx:
#       __class__: astropy.units.quantity.Quantity
#       unit: !astropy.units.Unit {unit: mas / yr}
#       value: !astropy.table.SerializedColumn {name: pmx}
#     pmx_e:
#       __class__: astropy.units.quantity.Quantity
#       unit: !astropy.units.Unit {unit: mas / yr}
#       value: !astropy.table.SerializedColumn {name: pmx_e}
#     pmy:
#       __class__: astropy.units.quantity.Quantity
#       unit: !astropy.units.Unit {unit: mas / yr}
#       value: !astropy.table.SerializedColumn {name: pmy}
#     pmy_e:
#       __class__: astropy.units.quantity.Quantity
#       unit: !astropy.units.Unit {unit: mas / yr}
#       value: !astropy.table.SerializedColumn {name: pmy_e}
#     r:
#       __class__: astropy.units.quantity.Quantity
#       unit: &id002 !astropy.units.Unit {unit: deg}
#       value: !astropy.table.SerializedColumn {name: r}
#     x:
#       __class__: astropy.units.quantity.Quantity
#       unit: *id002
#       value: !astropy.table.SerializedColumn {name: x}
#     y:
#       __class__: astropy.units.quantity.Quantity
#       unit: *id002
#       value: !astropy.table.SerializedColumn {name: y}
# schema: astropy-2.0
x y pmx pmy pmx_e pmy_e pm_corr g_mag bp_rp filter memberprob r pm member_prob_GMM member_prob_DB
[from data line 336]
-0.02518722 -0.002741184 -1.365792 -3.705061 1.405872 1.033097 0.04595436 19.57918 4.313391 0 0.0 0.025335945631656538 3.9487801662013298 0.0 0.0
0.01552341 -0.02547454 -5.500012 -5.046715 0.4789032 0.4038577 0.3358814 18.55498 3.290281 0 0.0 0.02983166851250027 7.464547159163039 0.0 0.0
0.006395874 -0.02254753 -1.54357 -9.924497 1.361808 1.034548 0.2463624 19.86748 nan 0 0.0 0.023437114014416876 10.043816458294577 0.0 0.0
0.03215002 -0.00503227 -0.8321639 -0.5366759 0.1540461 0.1213716 -0.0003192667 15.61322 3.11465 1 0.0 0.03254147395790947 0.9902109765620759 0.0 0.0
0.006549263 -0.02286035 -7.464471 -3.578636 0.6060344 0.4814041 0.2366506 19.0584 2.848133 0 0.0 0.023780001008529603 8.277980607028322 0.0 0.0
0.002638479 0.01794185 -5.720963 -9.609181 0.2439511 0.1995528 -0.03178491 16.41196 4.827204 1 0.0 0.018134816041414398 11.183281143659494 0.0 0.0
-0.01411436 0.002872709 0.346671 -3.433499 1.212375 1.017779 0.3653439 19.6278 3.0319 0 0.0 0.014403736154494117 3.450955833568723 0.0 0.0
0.01614358 0.01020802 0.0594375 -1.71763 0.7868527 0.6333178 0.2591862 19.18437 nan 0 0.0 0.019100231609506732 1.7186580908680615 0.0 0.0
0.01688094 -0.01277567 -3.023784 -5.970881 1.478383 1.199711 0.3919241 19.9559 2.687857 0 0.0 0.021170353781467612 6.692883503753595 0.0 0.0
-0.007669959 0.01199445 -0.726821 2.5558 0.3238896 0.2721437 0.08185985 18.04353 2.112507 0 0.0 0.014237103001108793 2.657138010348917 0.0 0.0
-0.009048904 -0.01047807 0.1598712 -10.03371 0.3409416 0.2768073 -0.009408547 18.03346 3.553459 1 0.0 0.013844587914637113 10.034983565740873 0.0 0.0
-0.02091601 -0.003869215 0.5525943 -1.640359 1.086108 0.9039357 0.3788415 19.42966 2.201849 0 0.0 0.021270879131721966 1.7309356167326069 0.0 0.0
-0.01263029 -0.001616965 -3.600778 -7.046884 0.5606846 0.4633441 0.08624497 18.86885 2.887007 0 0.0 0.01273337352374951 7.913543853087567 0.0 0.0
0.01783016 0.00235705 -3.457084 -9.716103 1.674367 1.381476 0.2259213 19.85649 nan 0 0.0 0.017985279823458405 10.312811803269998 0.0 0.0
0.02877229 -0.01109266 -5.745959 -6.386274 0.4163223 0.3157736 0.2662209 18.23075 2.400883 0 0.0 0.030836533166354808 8.590724092459087 0.0 0.0
0.0290023 -0.01151616 0.5257872 -3.659708 1.228898 0.9942388 0.3075171 19.65281 nan 0 0.0 0.031205053219560453 3.69728479089018 0.0 0.0
0.000489709 0.01707977 1.525843 0.6769028 2.995347 2.651414 0.3118561 20.06672 nan 0 0.0 0.017086788994939366 1.6692496102431296 0.0 0.0
0.02790595 -0.001284789 2.784454 1.226325 0.262421 0.2077491 0.003542495 17.30063 2.384821 0 0.0 0.02793551016496783 3.0425412213708793 0.0 0.0
0.01639582 -0.008831178 -1.904933 -5.076267 0.9894981 0.8620993 -0.0122488 19.19427 nan 0 0.0 0.01862290574373623 5.42192367981863 0.0 0.0
-0.002119746 0.02814237 3.06762 1.463856 1.470712 1.170671 0.3596358 19.91108 2.670111 0 0.0 0.028222089084995388 3.398994976921266 0.0 0.0
0.005835796 0.01417659 -1.208158 -9.67938 1.201972 0.9703514 0.2675108 19.7036 3.175608 0 0.0 0.01533076054805227 9.754488348312483 0.0 0.0
0.01823946 0.002765139 -2.688391 -3.43837 0.5773213 0.472097 0.2173104 18.90761 nan 0 0.0 0.018447869654269596 4.364611600793477 0.0 0.0
0.01834629 0.02446693 -5.256097 -12.61661 0.7609835 0.6196277 0.2052353 19.15008 2.688271 0 0.0 0.03058131815976872 13.667677328848123 0.0 0.0
0.02813709 0.001732563 -7.62993 -7.247742 0.6260501 0.551184 -0.2866819 18.68291 nan 0 0.0 0.02819038148406419 10.523573342903255 0.0 0.0
0.002969522 -0.02659093 -4.342525 -7.069102 0.3584475 0.2887494 0.198215 18.26414 2.872795 0 0.0 0.026756225802107892 8.29636826943145 0.0 0.0
0.03048963 0.0004805585 0.3908297 -5.51187 1.823556 1.345213 0.5901306 20.11972 2.54291 0 0.0 0.0304934168962552 5.525708891291876 0.0 0.0
0.02780776 0.01171573 1.570162 -0.1721743 1.099116 0.8662309 0.3524125 19.46067 2.353544 0 0.0 0.03017498708616957 1.579573580376834 0.0 0.0
0.005066179 -0.02460738 -5.513837 -9.175682 1.122839 0.9710182 0.412972 19.74313 nan 0 0.0 0.025123481449123273 10.704930575566243 0.0 0.0
0.02844289 -0.001689319 -4.619116 -3.197459 0.5981036 0.4695412 0.1463446 18.94076 3.094671 0 0.0 0.028493013007329725 5.6178266863741 0.0 0.0
-0.01552166 0.006389623 -4.031816 -4.105926 0.7112742 0.5436973 -0.1259422 18.94307 2.718489 0 0.0 0.01678538683610625 5.754491165631589 0.0 0.0
-0.001044902 -0.0002809205 -5.721481 -7.89034 0.2898009 0.2437103 0.01025255 17.49729 3.54388 1 0.8929534 0.0010820057841454684 9.746425506254127 0.0 0.0
0.03191836 -0.009174947 -3.583994 -4.194008 1.387288 1.103393 0.4390584 19.67125 2.770479 0 0.0 0.03321086204154311 5.516766815454502 0.0 0.0
0.003687594 0.02543388 -5.783049 -4.495979 0.2789385 0.2331787 -0.01726868 16.6372 5.292507 1 0.0 0.025699817146494174 7.325126818345331 0.0 0.0
0.02002518 -0.01750274 -2.954769 -4.196165 0.2475563 0.2031724 0.09973436 17.08207 3.137911 1 0.0 0.026596122678691343 5.132100987956687 0.0 0.0
0.02646968 -0.01481889 -4.071397 -2.115613 1.362074 1.059873 0.2348859 19.68377 nan 0 0.0 0.03033551483219792 4.588255866598767 0.0 0.0
0.01636728 -0.0247499 -0.1057498 -7.518406 1.254978 0.9989886 0.4799974 19.67014 2.409803 0 0.0 0.02967230029182773 7.5191496727380045 0.0 0.0
0.001896474 0.01010649 -0.8439954 -2.985648 1.342152 1.005059 0.0752811 19.7144 nan 0 0.0 0.010282886450446489 3.1026476137526733 0.0 0.0
0.02015426 -0.01210497 -3.011575 -2.534308 0.2473917 0.2097784 -0.1527564 17.46579 2.584209 1 0.0 0.023510093467455632 3.9360260440562382 0.0 0.0
0.01156212 -0.01223312 -4.993266 -5.12013 0.2134132 0.1786375 0.06022649 16.65087 3.283051 1 0.0 0.016832463985667696 7.151813515721449 0.0 0.0
0.01337704 -0.01664698 -0.59128 -6.757498 0.7081604 0.5561419 0.09218006 18.97198 3.196936 0 0.0 0.021355728558913645 6.78331712795473 0.0 0.0
0.0027661 0.009000201 -4.930615 -4.628909 1.841363 1.434573 0.3360555 19.99266 2.814709 0 0.0 0.009415674551002758 6.7629699695108805 0.0 0.0
0.02112673 -0.009034366 -6.385803 -6.875325 0.4886613 0.4067003 0.3594876 18.43738 nan 0 0.0 0.02297734731240436 9.383420155275687 0.0 0.0
0.01230137 -0.02893396 -3.182553 -5.180554 0.7969973 0.6774926 0.2986977 19.17392 nan 0 0.0 0.03144038398554477 6.080031524977893 0.0 0.0
0.01179663 0.02035962 -3.322713 -5.193418 0.3987431 0.3241263 0.03189871 18.25238 3.430792 0 0.0 0.023530291241319133 6.165388244311384 0.0 0.0
-0.0144182 -0.01588421 2.329877 -2.332331 1.543446 1.085876 0.404542 19.52075 nan 0 0.0 0.02145210056297751 3.2966793487826505 0.0 0.0
0.02061538 -0.008603184 -10.87403 -8.256296 0.8453299 0.6896594 0.292358 19.36255 nan 0 0.0 0.022338501907743412 13.653239618512377 0.0 0.0
0.009874641 -0.009944096 -6.654264 -7.066851 0.9177002 0.7409339 0.005583411 18.72172 3.050972 0 0.0 0.014014049383960975 9.706678754233964 0.0 0.0
0.01660633 0.02259807 -5.961461 -4.042337 1.176431 1.008816 0.3211532 19.49224 2.690775 0 0.0 0.02804359042265808 7.202742927252784 0.0 0.0
-0.01963705 -0.004975183 -7.12109 -5.038774 0.5358452 0.4265177 0.1537003 18.41229 3.076895 0 0.0 0.020257496848969 8.723483605256332 0.0 0.0
0.01005346 -0.01155392 0.2194691 -3.705264 0.3082113 0.2530172 -0.01056415 17.93939 3.389046 0 0.0 0.015315519101160104 3.711758073413569 0.0 0.0
-0.01286025 -0.003131433 -1.912027 -5.891387 1.551337 1.251699 0.5069794 19.97104 3.416004 0 0.0 0.013236007808096405 6.193891186685313 0.0 0.0
-0.02717693 -0.0192823 -1.164694 -2.30766 0.9035023 0.7501498 -0.8616229 17.94555 3.017176 1 0.0 0.03332255418654008 2.584919106903734 0.0 0.0
-0.01664693 0.00571803 -5.634221 -8.209809 0.4059741 0.3197321 0.05618037 17.14411 5.656342 0 0.0 0.017601594970507645 9.957178822001843 0.0 0.0
0.01790257 -0.01884124 -0.05737556 -1.972135 0.3201488 0.2560901 0.0650686 17.89048 3.141781 1 0.0 0.025990273898951123 1.9729694404907323 0.0 0.0
0.006499586 -0.003092586 -4.936568 -8.34022 0.2399848 0.1946871 -0.0547606 17.12807 3.236227 1 0.9946452 0.007197826501020429 9.691696098569333 1.0 0.0
-0.01598189 0.005474013 -0.7286668 -1.440624 0.353045 0.2702923 -0.1545951 18.00887 2.736012 1 0.0 0.01689336042048085 1.6144202720475977 0.0 0.0
0.0125389 0.02327395 -6.842898 -6.825136 1.126569 0.9223133 0.1557793 19.37644 2.484613 0 0.0 0.026436731299699288 9.66476768768396 0.0 0.0
0.02335778 0.01443309 3.996019 -3.429001 0.6977703 0.5759295 -0.04013435 18.29146 2.993376 0 0.0 0.02745723899951523 5.2655688872487465 0.0 0.0
-0.02679919 -0.0002048859 -4.097231 -4.269603 0.8906648 0.7064857 0.1732137 19.33507 3.53422 0 0.0 0.02679997318819776 5.917500455848736 0.0 0.0
-0.01301103 -0.02110249 0.3477306 -10.24167 0.264033 0.2046556 -0.253109 15.64487 4.841757 1 0.0 0.024791167496933258 10.247571466404922 0.0 0.0
0.007088521 0.00589098 -2.977374 -4.650591 0.5073003 0.4460715 -0.2189486 18.19341 3.242556 0 0.0 0.009216874488016042 5.522024319500685 0.0 0.0
0.008598456 0.01499653 -3.964057 -1.777954 0.9830273 0.7926577 0.2547391 19.23072 2.949686 0 0.0 0.017286681509903395 4.344521645171652 0.0 0.0
0.01169293 0.009953142 -1.704786 -6.631643 0.8214404 0.6473913 0.3056408 19.30711 2.888405 0 0.0 0.015355443583858593 6.847261071789581 0.0 0.0
0.004556532 0.008530918 -2.952125 -4.090347 0.7406007 0.6616069 -0.1744765 19.00127 2.911552 0 0.0 0.00967153275286539 5.044400915473909 0.0 0.0
-0.01298828 -0.002021375 -1.426931 -1.21295 0.8768703 0.7769954 -0.02888976 19.06216 nan 0 0.0 0.013144632906590622 1.8727999843178662 0.0 0.0
0.02353556 0.00965704 -6.53538 -3.498827 0.2004805 0.1597599 0.07952838 16.99447 3.122166 1 0.0 0.02543975247668892 7.413027864532077 0.0 0.0
-0.01592662 -0.01723868 -2.124397 -5.54701 0.6995557 0.5557233 -0.02807624 18.79428 nan 0 0.0 0.023469753146695003 5.939897520471965 0.0 0.0
-0.002349142 -0.003912537 -6.460902 -9.672239 0.5363906 0.4424893 0.04726612 18.63455 3.228926 0 0.0 0.004563596598356717 11.631657746285565 0.0 0.0
0.007113838 0.002663744 -5.209992 -8.288469 0.2845636 0.2301472 -0.06714139 17.55012 3.277828 1 0.9932907 0.007596197942904069 9.78993028596348 1.0 0.0
-0.007900212 0.01248271 -4.376319 -7.852431 0.5961725 0.5019895 0.04673525 18.53258 nan 0 0.0 0.014772657126903203 8.989596242297091 0.0 0.0
-0.005981795 0.01255152 -13.44022 -11.23079 1.659612 1.368121 0.1766402 19.72669 2.834118 0 0.0 0.01390404709904368 17.514855342608456 0.0 0.0
0.007626249 0.01293668 -3.578294 2.008521 1.395742 1.139661 0.1788471 19.53543 3.197523 0 0.0 0.015017235538953268 4.103455197498445 0.0 0.0
-0.004164046 -0.02215067 -3.600659 -4.590397 0.2686753 0.2200002 0.1091076 16.76315 4.580398 1 0.0 0.022538665899715895 5.834080034751838 0.0 0.0
-0.006772012 -0.02292522 -1.241974 -4.198647 0.3358702 0.2486956 -0.07136919 17.66408 2.139793 1 0.0 0.023904515443249296 4.378485588338164 0.0 0.0
-0.0002264595 -0.0138002 -1.32177 0.780362 0.2689655 0.219624 -0.002489746 17.7401 2.094986 0 0.0 0.01380205796050503 1.5349399935971437 0.0 0.0
0.02288773 -0.02254646 -6.716793 -7.365709 0.540031 0.4082164 0.2178895 18.51195 2.668806 0 0.0 0.03212773012655111 9.968398932503153 0.0 0.0
-0.003858255 0.001462318 -5.738815 -7.712078 0.9423768 0.7523936 0.3349631 19.53489 2.910822 0 0.0 0.004126076293302028 9.613019540306208 0.0 0.0
-0.01296066 -0.01593357 -1.102349 -5.388715 1.104928 0.8399368 -0.06296583 19.18364 3.017458 0 0.0 0.02053916650160128 5.500311142928735 0.0 0.0
-0.006107405 -0.02036169 -4.184976 -1.694394 2.364298 1.866459 0.4233054 19.91078 2.453213 0 0.0 0.021257911832777112 4.514974545643862 0.0 0.0
-0.01406015 -0.01621221 -0.6012693 -3.175816 0.380298 0.2910464 -0.1512557 18.13821 2.391346 0 0.0 0.02145981293270284 3.232233289380346 0.0 0.0
0.006628882 0.01582067 -8.340677 -10.35913 1.398343 1.125522 0.2853149 20.06779 2.439457 0 0.0 0.01715329926920253 13.299566428091895 0.0 0.0
-0.01505716 -0.01765433 -6.32863 -8.68352 0.8856278 0.7116997 0.1556181 19.2905 2.805775 0 0.0 0.023203306553474225 10.745002432168175 0.0 0.0
-0.01493139 -0.005386246 -7.679615 -8.073123 1.642775 1.297603 0.2503811 19.82532 2.701637 0 0.0 0.01587318661468503 11.142342730384575 0.0 0.0
0.01603527 -0.02272424 -2.282095 -7.395589 0.8998182 0.7624898 0.3570017 19.31931 nan 0 0.0 0.027812244921086467 7.739683084335301 0.0 0.0
-0.01022741 0.008282487 -1.376633 -2.27169 1.71114 1.343984 0.6804821 19.85065 2.179117 0 0.0 0.013160528340962189 2.6562556113425906 0.0 0.0
0.02315456 0.01983094 4.260545 -3.801175 0.5564843 0.4423448 0.3040338 18.70834 nan 0 0.0 0.030486059602336277 5.709743871457808 0.0 0.0
0.001615413 0.02640669 -4.586194 -8.430878 0.2589157 0.2076541 0.0156068 17.11536 3.79004 1 0.7569206 0.0264560548063514 9.597545480825813 0.0 0.0
0.01491185 -0.01322926 -4.00998 -0.7269025 0.4032418 0.3172183 0.1277973 18.38364 3.067514 0 0.0 0.019934306874584327 4.075331501228611 0.0 0.0
-0.0006611755 -0.01331574 -4.881439 -7.957543 0.4490494 0.3665011 0.04364368 18.49039 2.82058 0 0.0 0.013332144793295647 9.335466635769741 0.0 0.0
-0.01966494 0.005385529 -1.095464 -2.592062 0.3257295 0.2662296 -0.06466177 16.7005 5.776486 1 0.0 0.020389060493643175 2.814041006655731 0.0 0.0
-0.0142646 -0.01696374 -2.948979 -1.060404 0.4680375 0.3871596 -0.005801994 18.28071 nan 0 0.0 0.022164099078184975 3.1338369111453455 0.0 0.0
0.02304347 -0.01365826 -2.746743 -7.017685 0.3868458 0.3073548 0.258134 18.00289 3.368946 1 0.0 0.026787115855733706 7.536079873997753 0.0 0.0
-0.01147778 -0.01420149 -6.310298 -5.829431 0.4891076 0.4003771 0.1050224 18.5108 3.062693 0 0.0 0.01825983986645283 8.590816412458423 0.0 0.0
-0.01528932 -0.006000474 -2.597919 -5.293707 0.6778191 0.5599603 0.03454992 19.04185 3.128954 0 0.0 0.016424645940995988 5.896822613273185 0.0 0.0
-0.02554163 -0.0152802 -5.969656 -6.648623 0.4652614 0.3825442 -0.8436749 16.43293 3.389532 1 1.220048e-05 0.02976338984552835 8.935378030865007 0.0 0.0
-0.003576278 -0.01437629 -3.580685 -10.37087 0.3645108 0.3028298 -0.02494228 17.92225 3.541042 1 0.0 0.014814434801820285 10.971611077053588 0.0 0.0
0.01322763 0.0100254 -6.45792 -8.270761 1.007396 0.8145497 0.2547913 19.51315 2.910351 0 0.0 0.01659755525904041 10.493341614829902 0.0 0.0
-0.009202816 -0.00589663 -5.21646 -6.494377 1.206349 0.9713078 0.2231051 19.67856 4.099079 0 0.0 0.010929870433209903 8.329969240623221 0.0 0.0
0.01493686 -0.01653661 0.6280258 -0.0283324 0.2115675 0.1669072 -0.008797247 17.09363 3.172637 1 0.0 0.022283833982322254 0.6286645610780044 0.0 0.0
-0.02375441 -0.005117342 -4.38091 -11.44358 2.051007 1.415433 0.523785 19.80013 2.818342 0 0.0 0.02429936590927969 12.253485040775136 0.0 0.0
0.0002850289 0.005414428 4.505827 -8.135963 2.809371 2.272988 0.003316244 20.03852 2.415148 0 0.0 0.005421925123147609 9.300342514730197 1.0 0.0
-0.01030259 -0.005000298 -2.617626 -3.381646 0.711862 0.6657124 -0.06374041 18.77018 nan 0 0.0 0.011451914285258338 4.276388142485665 0.0 0.0
0.0002850713 0.01851028 -1.24697 -0.9220423 0.6047506 0.5070667 0.1120952 19.0495 3.154209 0 0.0 0.018512475018875343 1.5508372525475682 0.0 0.0
0.00529676 -0.01685212 0.8750569 -3.394322 1.215354 0.9941742 -0.01465887 17.45277 2.867751 0 0.0 0.017664926124725235 3.5053026143147195 0.0 0.0
-0.01578144 0.02875133 -7.514575 -11.52729 2.807914 1.955637 0.3569624 20.12357 nan 0 0.0 0.03279775640562171 13.760350728623346 0.0 0.0
-0.0291293 0.008137117 1.208227 -0.8927103 0.3484756 0.2822312 0.009767443 18.14885 2.23402 0 0.0 0.030244483655068224 1.5022463723554436 0.0 0.0
-0.01168339 -0.006373761 -7.10485 -11.03207 1.723277 1.356168 0.4231895 20.08136 3.081488 0 0.0 0.013308885422048722 13.121945816356657 0.0 0.0
0.009828005 0.03045737 -1.892545 -3.708148 0.2377282 0.1958941 0.001010776 15.91925 4.423772 1 0.0 0.03200376649078863 4.163182456598437 0.0 0.0
-0.009610961 -0.01535331 -5.04014 -9.546473 0.4384357 0.358984 -0.007227735 18.20969 3.110207 0 0.0 0.018113384534636838 10.795284061076346 0.0 0.0
0.008520484 0.002259262 -7.140769 -7.232238 1.111547 0.9746107 -0.2153316 18.98821 3.117952 0 0.0 0.008814925545851195 10.163456518331005 1.0 0.0
