jas1101finalproject/data/gcs/Djorg_2_ESO456-.ecsv
# %ECSV 0.9
# ---
# datatype:
# - {name: x, unit: deg, datatype: float64}
# - {name: y, unit: deg, datatype: float64}
# - {name: pmx, unit: mas / yr, datatype: float64}
# - {name: pmy, unit: mas / yr, datatype: float64}
# - {name: pmx_e, unit: mas / yr, datatype: float64}
# - {name: pmy_e, unit: mas / yr, datatype: float64}
# - {name: pm_corr, datatype: float64}
# - {name: g_mag, unit: mag, datatype: float64}
# - {name: bp_rp, unit: mag, datatype: float64}
# - {name: filter, datatype: int64}
# - {name: memberprob, datatype: float64}
# - {name: r, unit: deg, datatype: float64}
# - {name: pm, unit: mas / yr, datatype: float64}
# - {name: member_prob_GMM, datatype: float64}
# - {name: member_prob_DB, datatype: float64}
# meta: !!omap
# - comments: [deg deg mas/yr mas/yr mas/yr mas/yr dimless mag   mag   zeroone float]
# - __serialized_columns__:
#     bp_rp:
#       __class__: astropy.units.quantity.Quantity
#       unit: &id001 !astropy.units.Unit {unit: mag}
#       value: !astropy.table.SerializedColumn {name: bp_rp}
#     g_mag:
#       __class__: astropy.units.quantity.Quantity
#       unit: *id001
#       value: !astropy.table.SerializedColumn {name: g_mag}
#     pm:
#       __class__: astropy.units.quantity.Quantity
#       unit: !astropy.units.Unit {unit: mas / yr}
#       value: !astropy.table.SerializedColumn {name: pm}
#     pmx:
#       __class__: astropy.units.quantity.Quantity
#       unit: !astropy.units.Unit {unit: mas / yr}
#       value: !astropy.table.SerializedColumn {name: pmx}
#     pmx_e:
#       __class__: astropy.units.quantity.Quantity
#       unit: !astropy.units.Unit {unit: mas / yr}
#       value: !astropy.table.SerializedColumn {name: pmx_e}
#     pmy:
#       __class__: astropy.units.quantity.Quantity
#       unit: !astropy.units.Unit {unit: mas / yr}
#       value: !astropy.table.SerializedColumn {name: pmy}
#     pmy_e:
#       __class__: astropy.units.quantity.Quantity
#       unit: !astropy.units.Unit {unit: mas / yr}
#       value: !astropy.table.SerializedColumn {name: pmy_e}
#     r:
#       __class__: astropy.units.quantity.Quantity
#       unit: &id002 !astropy.units.Unit {unit: deg}
#       value: !astropy.table.SerializedColumn {name: r}
#     x:
#       __class__: astropy.units.quantity.Quantity
#       unit: *id002
#       value: !astropy.table.SerializedColumn {name: x}
#     y:
#       __class__: astropy.units.quantity.Quantity
#       unit: *id002
#       value: !astropy.table.SerializedColumn {name: y}
# schema: astropy-2.0
x y pmx pmy pmx_e pmy_e pm_corr g_mag bp_rp filter memberprob r pm member_prob_GMM member_prob_DB
[from data line 336]
-0.03229753 0.001621401 2.664276 -2.924514 0.4020685 0.3273046 -0.01339741 17.6096 1.567396 0 0.0 0.03233820318607237 3.9561532756418827 0.0 0.0
0.0192013 0.01825659 0.8963733 -4.112865 1.775831 1.45663 0.3146324 19.45345 0.979023 0 0.0 0.026495150501895624 4.209411312900878 0.0 0.0
-0.01154507 0.02456146 -0.3203843 -3.493584 0.3018073 0.2368879 -0.2084191 17.14979 1.822035 0 0.0 0.027139527605256876 3.5082439004069386 0.0 0.0
-0.01510106 -0.02842131 -5.643764 -3.586676 0.2311137 0.1891815 -0.03869376 16.71464 2.297426 0 0.0 0.032184046905877145 6.6870260068786935 0.0 0.0
-0.01569472 -0.02801894 -12.14908 -6.778682 0.6724965 0.5472678 -0.163925 18.36073 nan 0 0.0 0.032115186977534474 13.912249081421882 0.0 0.0
-0.02576785 0.009090417 -5.446742 -12.23732 0.2526687 0.2057968 -0.02704217 17.01294 2.000434 0 0.0 0.027324307399390547 13.39473774274674 0.0 0.0
-0.01270567 0.0228924 -2.07002 -5.334847 0.9832386 0.8542547 0.7091852 18.50003 nan 0 0.0 0.026181979067841685 5.722374971444024 0.0 0.0
-0.01211141 0.01951646 -4.638698 -7.927855 0.2821501 0.2214754 0.0126757 17.0873 2.183836 0 0.0 0.022969076235663025 9.185227489628605 0.0 0.0
-0.01013829 -0.007939621 -6.465625 -3.260285 0.7757951 0.6440832 0.05079465 18.82521 2.012121 0 0.0 0.012877208771614327 7.241116275951519 0.0 0.0
0.02103553 0.01135927 -0.1789794 -5.67875 1.132491 0.9237803 0.4407285 19.21509 nan 0 0.0 0.02390662120237404 5.681569782034218 0.0 0.0
-0.004012742 0.006096956 0.5153372 -2.952357 0.1494267 0.1222184 -0.05752719 15.1288 2.557239 1 0.9966213 0.007298970531828444 2.996995876732706 0.0 0.0
-0.02994608 -0.01058686 2.029538 0.3852099 0.7480555 0.655151 0.3421435 18.60598 nan 0 0.0 0.03176238832370765 2.0657713233806905 0.0 0.0
-0.02198524 -0.009808669 0.4259427 -2.897548 0.2633651 0.2227616 0.222199 16.89629 2.210532 0 0.0 0.02407406831861123 2.928687691780619 0.0 0.0
0.01933165 -0.00764523 1.336919 -0.8838911 0.3864749 0.3127622 -0.0402231 18.05768 1.521757 0 0.0 0.020788512055349224 1.6026902037574853 0.0 0.0
-0.01518897 0.02132233 -3.106099 -0.2609968 0.476226 0.3716996 -0.2247169 17.87095 2.048517 0 0.0 0.02617912462802758 3.11704512758658 0.0 0.0
0.01407369 0.02735543 0.761563 -4.247021 0.7402742 0.5549114 -0.2676635 18.6681 2.076691 0 0.0 0.030763424723216366 4.31476135810661 0.0 0.0
-0.01019197 -0.01106768 -5.298055 -6.937681 0.7704846 0.6093954 -0.1894471 18.22106 1.925888 0 0.0 0.015045590485697131 8.729307214251655 0.0 0.0
-0.005795433 0.0307093 0.7185227 -7.245542 0.1402457 0.1192865 0.1685218 15.52186 2.417014 1 0.0 0.0312513703723131 7.281081907531277 0.0 0.0
-0.01232771 0.02261778 -3.278923 -7.761213 0.1776422 0.1449865 -0.02852258 16.3 2.376339 1 0.0 0.02575920041407536 8.425423625628447 0.0 0.0
-0.01845074 -0.005423016 0.1617853 -0.5766847 0.4683247 0.4050163 0.2790269 17.7978 1.764032 0 0.0 0.019231196246823963 0.5989488513305457 0.0 0.0
-0.02336188 -0.008326946 0.1511647 -6.820756 0.3030553 0.2589625 0.2075505 16.72316 2.151475 0 0.0 0.024801521461823992 6.822430884813865 0.0 0.0
-0.009680707 0.005476711 0.1422799 0.479809 0.8099187 0.7230695 0.3709448 18.88031 1.978874 0 0.0 0.01112252001110225 0.5004600347929992 0.0 0.0
0.01301742 -0.001336687 1.863354 -3.476243 0.2173191 0.1743223 -0.1176663 17.04393 2.152102 0 0.0 0.013085868545586457 3.944154348445938 0.0 0.0
-0.02363095 -0.01199674 -5.779555 -8.41973 0.4349676 0.358705 0.06540684 17.32182 2.362506 0 0.0 0.026501765385160667 10.21249769992263 0.0 0.0
-0.01145976 -0.01642745 -1.459586 -1.216764 0.6853965 0.5525647 -0.08238136 18.32294 1.612148 0 0.0 0.02002965832859113 1.9002383858589953 0.0 0.0
-0.02681449 -0.01527622 -3.108448 -4.911637 0.3626458 0.3055619 -0.004497093 17.20259 2.020192 0 0.0 0.030860650859119935 5.812626513760625 0.0 0.0
-7.213222e-05 0.02629204 1.380237 -5.223399 0.2637537 0.2159028 -0.04900348 14.63405 4.126714 1 0.0 0.026292138947197924 5.402680009899716 0.0 0.0
0.009319036 -0.01212236 -4.487517 -0.4601001 0.1358014 0.1112576 -0.06567396 14.67484 2.73043 1 0.0 0.015290390575093103 4.511042111010383 0.0 0.0
-0.01823363 -0.01258889 -1.994108 -2.534462 0.8283273 0.6458389 -0.3658693 17.74081 1.72842 0 0.0 0.02215728806530709 3.2248975712583494 0.0 0.0
-0.004337058 0.01683341 -2.618319 -3.782742 0.7183222 0.6215919 0.2649143 18.55722 nan 0 0.0 0.017383145984644553 4.600514256507092 0.0 0.0
-0.0009897037 -0.004271321 -4.262894 -5.95356 0.2816737 0.2263713 -0.1304527 16.25753 2.60541 0 0.0 0.00438448360686121 7.322372698028693 0.0 0.0
0.02483892 0.0005762293 -2.275919 -11.63982 0.9908947 0.7393185 -0.08742419 18.91859 nan 0 0.0 0.024845602970597805 11.860236798941283 0.0 0.0
0.01852437 0.006024878 -4.643295 -9.461412 0.2852409 0.2323041 -0.04578365 17.26017 1.139916 0 0.0 0.019479513310444486 10.539378800041726 0.0 0.0
-0.0128092 -0.01481399 0.5303877 0.1238727 0.182674 0.1494302 -0.05398941 15.715 2.39352 0 0.0 0.019583919535172217 0.5446609570334374 0.0 0.0
0.01936227 0.01272525 0.8410052 -2.099149 0.2557146 0.2053859 -0.1044005 17.23141 1.553925 0 0.0 0.02316958107336859 2.2613527523648407 0.0 0.0
-0.003741602 -0.02968871 -6.360081 -2.907991 0.2894712 0.2303125 -0.1277945 17.60179 2.218157 0 0.0 0.029923554050120853 6.993356989503825 0.0 0.0
-0.01281344 0.02111283 -1.400889 -3.380764 0.4172538 0.3382023 -0.01523185 18.12157 1.791023 0 0.0 0.024696879058749507 3.6595157075789415 0.0 0.0
-0.02781372 -0.01228574 -6.708842 -16.49908 1.186625 0.9484526 0.02476381 17.61227 1.658668 0 0.0 0.03040628927682561 17.810901207613384 0.0 0.0
-0.004417474 0.002970796 1.12183 -3.836608 0.269557 0.2226594 0.03711939 17.16899 2.340924 0 0.0 0.005323504993356539 3.997256996311846 0.0 0.0
0.02001258 0.02627303 -4.22255 -5.438248 0.5143938 0.3959236 -0.4152415 17.57588 nan 0 0.0 0.033026890008556666 6.885090399697305 0.0 0.0
-0.0006389156 0.005213926 0.7541479 -5.203866 0.5594722 0.4771703 0.2025269 17.09417 nan 0 0.0 0.005252926563107403 5.258227876483712 0.0 0.0
-0.0009087241 -0.006142429 2.677271 -9.926958 1.5285 1.221374 0.282047 19.14373 nan 0 0.0 0.006209284460383644 10.28164749158446 0.0 0.0
-0.01121741 -0.01146451 -2.483427 -4.552906 1.359529 1.224788 0.6269507 19.042 nan 0 0.0 0.016039491159266867 5.186170331676834 0.0 0.0
0.002653894 0.00468556 0.1847747 -2.746407 0.4440575 0.3578024 -0.100228 17.42506 nan 0 0.0 0.005384944370820928 2.752615683201905 0.0 0.0
-0.02859686 -0.01020312 -2.000108 -7.589174 0.4451995 0.3599514 -0.13197 16.79889 1.922039 0 0.0 0.03036254369439425 7.848311539047109 0.0 0.0
-0.02822289 0.004578927 -1.845056 -6.208161 0.8750861 0.6986394 0.07360759 17.72561 1.477303 0 0.0 0.028591923552350042 6.476534153778315 0.0 0.0
0.02211556 0.01311954 -0.6189404 -1.642275 0.3455056 0.2865586 -0.00576443 16.45304 1.752215 0 0.0 0.025714204711116385 1.7550368641077487 0.0 0.0
-0.02079771 -0.01043786 2.542209 -5.96363 0.5162088 0.4461844 0.2668152 18.11599 1.59502 0 0.0 0.02327001638640807 6.482878170734122 0.0 0.0
0.009267752 0.01937941 2.254918 0.8045808 0.8560785 0.7491488 0.3408463 18.91879 1.754681 0 0.0 0.021481451512446827 2.3941606985439887 0.0 0.0
-0.01202842 0.001402379 -2.928424 -8.042805 0.6885041 0.5878182 0.1837087 18.58949 1.953514 0 0.0 0.012109894902766125 8.559344565549456 0.0 0.0
-0.01135387 0.003182008 -0.2922674 -2.176493 0.3042224 0.2517448 0.0748299 16.7038 2.390882 0 0.0 0.011791333210835999 2.1960286911039573 0.0 0.0
-0.02355715 0.02098896 -5.21839 -4.339397 0.6886575 0.5412015 0.02856724 18.67069 2.176455 0 0.0 0.03155116096127209 6.786896235814203 0.0 0.0
0.003032209 0.02086368 -1.066636 -5.565142 1.270186 1.109247 0.3273559 18.51085 1.624926 0 0.0 0.021082870643299053 5.66643784371275 0.0 0.0
-0.02589642 -0.01770595 2.930528 -3.256824 0.4916637 0.3611216 -0.7310457 16.88113 2.111231 0 0.0 0.031370770379748406 4.381198115328728 0.0 0.0
0.02832109 0.002744032 4.788785 -6.007492 0.7292889 0.6111943 0.0922677 17.87921 2.037844 0 0.0 0.028453714175923045 7.682605151007632 0.0 0.0
0.002545565 -0.01101192 -2.962797 -6.812874 0.4105573 0.3234706 -0.3116688 16.85095 2.261195 0 0.0 0.011302313181629015 7.4292272951556 0.0 0.0
-0.01375798 0.01908711 -4.138792 -5.908027 0.6783081 0.5458828 0.006672028 18.62427 nan 0 0.0 0.02352870123556547 7.2134861372288634 0.0 0.0
0.003166424 -0.00506482 -4.599417 -3.347068 0.1872821 0.15169 -0.09545293 16.12634 2.050738 0 0.0 0.005973160183703096 5.688365401107158 0.0 0.0
-0.01709793 -0.02714368 -0.3464166 -0.7466985 0.6404482 0.5540962 0.1153191 18.23354 nan 0 0.0 0.0320798780270016 0.8231422177593676 0.0 0.0
-1.813405e-05 -0.01551514 -1.33558 -0.4038568 0.3659714 0.2837535 -0.2842331 17.39642 nan 0 0.0 0.015515150597508534 1.3953043579471254 0.0 0.0
0.02106333 0.01551729 -2.46974 -4.046372 0.4535133 0.3638333 -0.0930985 18.02524 2.327618 0 0.0 0.02616199838760411 4.740542377195251 0.0 0.0
0.00214142 0.02191084 -4.796191 -2.9366 0.4309367 0.3721508 0.2612083 17.86128 2.213242 0 0.0 0.022015235386477247 5.6237947747478305 0.0 0.0
-0.01583174 -0.01358033 -4.062066 -12.97847 0.5440634 0.4424385 -0.02380658 17.97631 nan 0 0.0 0.020858316191306046 13.599303795755722 0.0 0.0
-0.02822213 0.001643518 -4.744113 -0.09823732 0.1291396 0.1059994 -0.07949497 15.31531 1.889754 1 0.0 0.02826994469667785 4.745130001149577 0.0 0.0
-0.0004229511 -0.00549965 -4.611032 -6.109562 0.4386103 0.3475147 -0.317734 17.28154 2.097219 0 0.0 0.005515889570639645 7.6543036219415805 0.0 0.0
-0.01275725 0.002413191 0.3792863 -3.702432 0.2205707 0.1817153 0.04422725 16.06514 2.438157 0 0.0 0.012983486371733171 3.721808809166813 0.0 0.0
-0.02795559 0.0146765 -2.834302 -4.078085 0.1853517 0.1518983 -0.02589282 16.08536 2.459611 0 0.0 0.03157395547754668 4.9662908789587625 0.0 0.0
-0.01650828 -0.001134983 -6.142903 -6.833397 0.333712 0.2917106 0.3047637 17.28839 1.98687 0 0.0 0.016547250374871623 9.188610984638428 0.0 0.0
0.009183522 -0.01901551 0.1122533 -3.224673 0.2903563 0.2390956 -0.1273136 17.06104 2.06721 0 0.0 0.021116976509069286 3.2266262194883826 0.0 0.0
-0.01712594 -0.02066633 -2.397385 -4.734106 0.3198505 0.2585761 -0.1734965 16.71449 nan 0 0.0 0.02684017541955529 5.3065256484314665 0.0 0.0
0.000656443 -0.02426033 -2.680517 -0.2558636 0.2829252 0.2303113 -0.05024705 17.23967 2.391854 0 0.0 0.02426920948694351 2.6927007945729806 0.0 0.0
0.0206603 0.02534212 -0.9091927 -12.71965 0.6634473 0.5096734 -0.3196531 17.41753 nan 0 0.0 0.032696651849759784 12.75210286534081 0.0 0.0
0.000764604 0.00823898 -1.634854 -5.458591 0.4365396 0.3610426 0.1143462 17.58801 1.833204 0 0.0 0.00827438279977522 5.698154377216977 0.0 0.0
-0.02584343 -0.01355746 -5.670774 -4.868675 0.8895631 0.7314743 0.065018 18.69061 1.981688 0 0.0 0.02918368715252581 7.474066765469853 0.0 0.0
-0.03054271 -0.0001614622 -4.12077 -4.542365 1.044656 0.8710741 0.08238184 18.33794 1.672457 0 0.0 0.030543136777124395 6.133011102723115 0.0 0.0
0.01339738 0.0158542 -0.7463296 -6.361569 0.263598 0.2115978 -0.0937814 17.4265 1.789379 0 0.0 0.020756816916483123 6.405198514768856 0.0 0.0
-0.02911396 0.00605498 -1.58728 -0.8407334 0.3537171 0.2902441 0.023965 17.43697 2.122225 0 0.0 0.02973693746306099 1.7961877541826077 0.0 0.0
-0.01882583 -0.02120067 0.2754107 -5.220811 0.2764603 0.2234673 -0.09960571 17.0042 2.243462 0 0.0 0.028352782643645408 5.228070251191686 0.0 0.0
-0.00223062 -0.03012736 0.6796565 -4.929113 0.4235112 0.3499267 0.08869889 18.148 0.3100471 0 0.0 0.030209824331730233 4.975749986158997 0.0 0.0
-0.00806127 0.005308996 -6.128467 -8.979137 0.6769189 0.5596118 0.09823341 18.65282 nan 0 0.0 0.00965243557559003 10.871200901227885 0.0 0.0
-0.007033601 -0.02607445 -3.144032 -7.032112 0.2820279 0.2276543 -0.09626293 16.82751 2.374938 0 0.0 0.027006452670236072 7.702956341403475 0.0 0.0
-0.01993465 -0.007660598 -7.929928 -5.125437 0.3694583 0.3174933 0.2485549 17.23182 2.234996 0 0.0 0.02135591328742707 9.442132308231706 0.0 0.0
-0.02932892 0.00248818 -1.328953 -8.286278 0.6326191 0.4943109 -0.2422729 18.00682 2.870491 0 0.0 0.029434275735590983 8.392170110852913 0.0 0.0
0.007403913 0.0008687356 -9.529025 -8.459342 0.6866693 0.5533336 -0.03882561 18.43075 2.015369 0 0.0 0.007454705175543588 12.742165613567774 0.0 0.0
-0.01993955 0.01900413 -4.626396 -6.997654 0.3593844 0.2838829 0.0395365 17.53144 2.107552 0 0.0 0.02754528292211572 8.388724661862016 0.0 0.0
-0.009710014 0.03140139 4.834993 -6.480652 0.5918848 0.4793121 0.009302627 18.42094 1.777327 0 0.0 0.03286839919759245 8.085543126788268 0.0 0.0
0.01882383 0.02080869 -0.4997395 -4.929645 0.6293393 0.5025427 -0.1957746 18.11987 1.945936 0 0.0 0.028059546599775987 4.95491063429859 0.0 0.0
-0.01443071 0.003160662 -10.57302 -5.955667 0.4759971 0.4002976 0.09374139 16.80524 2.115782 0 0.0 0.014772784956884196 12.135020450550916 0.0 0.0
0.000494629 -0.005806733 3.707831 -5.821473 0.3139758 0.241833 -0.3052796 17.35084 2.014158 0 0.0 0.005827761661301017 6.901996712132656 0.0 0.0
-0.008086516 -0.01809608 1.953513 -4.010085 1.104588 0.967876 0.3142506 18.82714 nan 0 0.0 0.01982069253040004 4.460604751420372 0.0 0.0
-0.013893 0.01947238 -1.233043 -1.63361 0.4338282 0.3511252 -0.02845921 17.87964 1.812599 0 0.0 0.02392047306941065 2.0467233989840934 0.0 0.0
-0.02830568 0.01155408 -4.760704 -3.396416 0.4853331 0.3905533 -0.1949463 17.96657 2.407116 0 0.0 0.0305729992789193 5.848071837851515 0.0 0.0
-0.0106272 0.02411714 -4.201592 -7.320282 0.5940432 0.470871 0.05360332 18.47738 1.978422 0 0.0 0.026354768479719185 8.440373445173384 0.0 0.0
-0.008222426 -0.005065085 -4.066173 -7.149565 0.3766193 0.3196926 0.187053 17.44174 nan 0 0.0 0.00965729648414612 8.22496459294227 0.0 0.0
0.006433168 0.0155344 -3.471617 -6.678057 0.5316805 0.4242122 0.0579937 17.94745 2.350672 0 0.0 0.016813781070188348 7.526524422994853 0.0 0.0
0.02756558 0.003543406 -7.581261 6.749322 1.035984 0.8625641 0.5083008 18.55931 1.382303 0 0.0 0.0277923897284353 10.150313581845882 0.0 0.0
0.01469192 0.007557066 -2.82414 -2.457637 1.098439 0.8253943 -0.1410205 18.83049 nan 0 0.0 0.016521554400683855 3.7437609917526786 0.0 0.0
-0.02141632 -0.02097799 0.6615199 -2.530033 0.3098119 0.2580476 0.07504311 17.34738 1.465109 0 0.0 0.029978906364017014 2.6150861475647433 0.0 0.0
-0.02865434 0.003106341 -5.392183 -2.397949 0.2515373 0.2050723 -0.02400326 17.08377 1.510407 0 0.0 0.028822223287662613 5.901338569518784 0.0 0.0
0.006918447 0.006222695 1.143339 -3.80322 0.4839043 0.3873446 -0.07850415 18.25637 1.7756 0 0.0 0.009305205100095 3.971360779042997 0.0 0.0
-0.01588566 -0.01396944 -3.925041 -8.373052 0.2771047 0.2263812 -0.00498664 17.10253 2.158905 0 0.0 0.02115418274358998 9.247375121967584 0.0 0.0
0.007566079 0.004170345 -2.622222 -5.476498 0.2603343 0.2115772 -0.06383074 17.03891 2.017591 0 0.0 0.00863928983500762 6.071908971755753 0.0 0.0
-0.01939532 -0.005386941 0.2947878 -1.298454 0.5078971 0.4346947 0.2282378 17.32997 1.502452 0 0.0 0.020129519895911104 1.3314963902109687 0.0 0.0
-0.007953451 0.007265944 -3.898623 -6.13215 0.9296805 0.8235725 0.4035198 18.96216 2.310146 0 0.0 0.0107727120550276 7.266534588001973 0.0 0.0
0.02381396 0.003477536 -1.081084 -5.72801 0.561639 0.4475889 0.06149926 17.94372 1.610516 0 0.0 0.0240665316884859 5.829137258218921 0.0 0.0
0.01488148 0.0120622 -5.700839 -2.755163 0.6095557 0.4662839 -0.2232933 18.53332 1.741411 0 0.0 0.019156072557557306 6.331705020015541 0.0 0.0
-0.002878359 -0.02327999 4.517802 3.875631 0.8464468 0.6831817 -0.1959286 18.31314 1.619242 0 0.0 0.0234572565517151 5.952398723150608 0.0 0.0
-0.02854234 -0.0122783 -0.3517397 -3.224929 0.3314504 0.2695504 -0.02110433 17.31883 1.678058 0 0.0 0.031071237882736503 3.2440542337632228 0.0 0.0
0.02565273 0.01809122 -5.056516 -7.370085 0.3441382 0.2854013 0.06257729 17.04682 2.033989 0 0.0 0.03139036153887527 8.937925204737452 0.0 0.0
-0.004310043 0.01629172 -4.042553 -1.893166 0.3131615 0.2705582 0.2570407 17.41818 2.113878 0 0.0 0.016852199002511482 4.463889812861088 0.0 0.0
