jas1101finalproject/data/gcs/Djorg_2_ESO456-.ecsv
# %ECSV 0.9
# ---
# datatype:
# - {name: x, unit: deg, datatype: float64}
# - {name: y, unit: deg, datatype: float64}
# - {name: pmx, unit: mas / yr, datatype: float64}
# - {name: pmy, unit: mas / yr, datatype: float64}
# - {name: pmx_e, unit: mas / yr, datatype: float64}
# - {name: pmy_e, unit: mas / yr, datatype: float64}
# - {name: pm_corr, datatype: float64}
# - {name: g_mag, unit: mag, datatype: float64}
# - {name: bp_rp, unit: mag, datatype: float64}
# - {name: filter, datatype: int64}
# - {name: memberprob, datatype: float64}
# - {name: r, unit: deg, datatype: float64}
# - {name: pm, unit: mas / yr, datatype: float64}
# - {name: member_prob_GMM, datatype: float64}
# - {name: member_prob_DB, datatype: float64}
# meta: !!omap
# - comments: [deg deg mas/yr mas/yr mas/yr mas/yr dimless mag   mag   zeroone float]
# - __serialized_columns__:
#     bp_rp:
#       __class__: astropy.units.quantity.Quantity
#       unit: &id001 !astropy.units.Unit {unit: mag}
#       value: !astropy.table.SerializedColumn {name: bp_rp}
#     g_mag:
#       __class__: astropy.units.quantity.Quantity
#       unit: *id001
#       value: !astropy.table.SerializedColumn {name: g_mag}
#     pm:
#       __class__: astropy.units.quantity.Quantity
#       unit: !astropy.units.Unit {unit: mas / yr}
#       value: !astropy.table.SerializedColumn {name: pm}
#     pmx:
#       __class__: astropy.units.quantity.Quantity
#       unit: !astropy.units.Unit {unit: mas / yr}
#       value: !astropy.table.SerializedColumn {name: pmx}
#     pmx_e:
#       __class__: astropy.units.quantity.Quantity
#       unit: !astropy.units.Unit {unit: mas / yr}
#       value: !astropy.table.SerializedColumn {name: pmx_e}
#     pmy:
#       __class__: astropy.units.quantity.Quantity
#       unit: !astropy.units.Unit {unit: mas / yr}
#       value: !astropy.table.SerializedColumn {name: pmy}
#     pmy_e:
#       __class__: astropy.units.quantity.Quantity
#       unit: !astropy.units.Unit {unit: mas / yr}
#       value: !astropy.table.SerializedColumn {name: pmy_e}
#     r:
#       __class__: astropy.units.quantity.Quantity
#       unit: &id002 !astropy.units.Unit {unit: deg}
#       value: !astropy.table.SerializedColumn {name: r}
#     x:
#       __class__: astropy.units.quantity.Quantity
#       unit: *id002
#       value: !astropy.table.SerializedColumn {name: x}
#     y:
#       __class__: astropy.units.quantity.Quantity
#       unit: *id002
#       value: !astropy.table.SerializedColumn {name: y}
# schema: astropy-2.0
x y pmx pmy pmx_e pmy_e pm_corr g_mag bp_rp filter memberprob r pm member_prob_GMM member_prob_DB
[from data line 224]
-0.02482262 0.006756043 -6.30899 -4.574674 0.2269435 0.1854155 -0.03564141 16.3964 2.533012 1 0.0 0.02572560165831402 7.793009497387771 0.0 0.0
0.01785219 0.02175871 -6.364177 -10.36955 0.2033049 0.1643377 -0.09624099 16.44058 2.302206 0 0.0 0.028145019961979066 12.166770980413373 0.0 0.0
-0.02873058 -0.01475791 -7.725615 -6.799499 0.3885185 0.3250704 0.04043489 17.2635 2.017946 0 0.0 0.03229925904265452 10.291662342849477 0.0 0.0
-0.01602097 -0.01135258 -0.3600161 -6.913793 0.5480354 0.420097 -0.38179 18.09553 nan 0 0.0 0.019635492160811757 6.92316006164152 0.0 0.0
-0.02724965 -0.00177611 -6.236419 -5.39115 1.182155 0.9932217 0.1005813 18.99535 nan 0 0.0 0.02730747135592382 8.243629071353283 0.0 0.0
-0.01167889 0.01378874 -3.58576 -0.9295024 0.2132203 0.1742944 -0.05609902 15.05497 3.513268 1 0.0 0.01807002552349332 3.7042744889122026 0.0 0.0
-0.01871925 -0.01336526 -6.027625 -1.35614 0.2121747 0.1857221 0.2779556 16.40183 2.143748 0 0.0 0.023000880318589982 6.178299024830783 0.0 0.0
0.02459918 0.0145705 -0.5361481 -2.848664 0.2202764 0.181472 -0.03507278 14.41499 3.032769 0 0.0 0.02859054261329085 2.898679245799647 0.0 0.0
0.002005978 -0.003489322 -3.220546 -6.208227 0.4320517 0.3511449 -0.04353258 17.90103 1.641981 0 0.0 0.004024837357728632 6.993854375210067 0.0 0.0
-0.01278602 0.01748315 -8.101566 -11.50656 0.3625429 0.2957047 -0.06878373 15.802 2.316648 0 0.0 0.02165970547728893 14.072536895881852 0.0 0.0
-0.01432492 0.01959439 -1.444474 -5.057825 0.8608035 0.7248381 0.2001985 18.5218 nan 0 0.0 0.02427227744729571 5.260047420632347 0.0 0.0
0.006782339 -0.01226332 -1.573756 -3.399136 0.1883782 0.1532689 -0.0627667 16.77726 1.533834 0 0.0 0.014013890956237706 3.745775419593652 0.0 0.0
0.0002516978 -0.02420311 -5.885149 -4.866027 0.4294511 0.3469414 -0.05409707 18.04267 nan 0 0.0 0.024204418717552894 7.636307845872245 0.0 0.0
-0.007114499 -0.02682404 -2.878123 -5.631945 0.9683753 0.7789547 -0.225674 18.01167 1.420664 0 0.0 0.027751490373358348 6.324744776364814 0.0 0.0
0.02967085 0.003743122 -9.55166 -5.133638 0.1608883 0.1311932 -0.09150125 15.173 2.931401 1 0.0 0.029906024510612972 10.843820722911458 0.0 0.0
-0.0129188 -0.0008541165 3.020302 -8.675192 0.6956132 0.5703016 -0.01323514 16.67325 2.125184 0 0.0 0.01294700384010031 9.185922948080284 0.0 0.0
-0.02740946 -0.01017039 -5.546019 -7.659183 1.010887 0.8245988 0.05486274 18.12745 1.701921 0 0.0 0.029235514879059336 9.45628949302262 0.0 0.0
-0.01842551 0.004922448 3.705376 2.601129 0.7341568 0.5949931 -0.05539156 18.01904 1.394791 0 0.0 0.01907170451409113 4.527215852598261 0.0 0.0
-0.01186336 -0.0272002 -2.372825 -0.140308 0.6042869 0.4782052 -0.306901 15.90978 2.01438 0 0.0 0.02967473994038701 2.3769696707129016 0.0 0.0
0.009967494 -0.003485947 -6.738877 -4.524466 0.3619322 0.2915646 -0.1117432 17.07094 2.131174 0 0.0 0.010559486878009035 8.116850116041627 0.0 0.0
-0.01515838 -0.004424963 -1.426524 -2.951868 0.7335805 0.588854 -0.1706332 18.38825 1.930376 0 0.0 0.015791034854491615 3.278489806603034 0.0 0.0
0.02330484 0.02063806 0.5249435 -7.898703 0.3470812 0.2661807 -0.3399557 17.24854 2.106091 0 0.0 0.031129489041569574 7.916127510367759 0.0 0.0
-0.002392988 -0.008396938 -5.894563 -2.849212 0.3226338 0.2594939 -0.09814728 16.66657 2.066959 0 0.0 0.008731263330354205 6.547051396003623 0.0 0.0
-0.01939963 0.0187887 3.776721 -0.05513723 0.4233622 0.3344432 0.03971888 17.66532 nan 0 0.0 0.027006682355056127 3.7771234591912766 0.0 0.0
-0.002204807 0.02744405 -0.3277714 -3.531661 0.6488201 0.616448 0.7421587 17.32052 1.974066 0 0.0 0.027532472724216925 3.5468385231892023 0.0 0.0
-0.02147678 0.01183793 -1.551276 -6.160024 0.2488 0.2074712 -0.08627968 16.51463 2.522312 0 0.0 0.024523227068501813 6.352350187824346 0.0 0.0
-0.01323973 -0.02494397 -4.0122 -4.414584 0.3546756 0.2863347 -0.2924666 17.14683 2.071783 0 0.0 0.028239902440231623 5.965425444430263 0.0 0.0
-0.01678243 0.02647194 -2.087771 -1.826342 0.3864027 0.3106658 -0.1592981 17.63655 1.676802 0 0.0 0.03134347721725367 2.7738624424085994 0.0 0.0
-0.01156615 -0.03100914 0.1651277 -2.019663 0.715839 0.5922507 0.1221455 18.87388 1.546204 0 0.0 0.033095960317871126 2.0264021789556708 0.0 0.0
0.0009806467 0.02085609 0.172555 -1.685839 0.4913007 0.400967 -0.07190111 17.39207 1.725884 0 0.0 0.02087913211889615 1.694646972660088 0.0 0.0
0.02017368 0.02154849 -2.056794 -5.258174 0.316027 0.2506899 -0.1890091 16.73786 2.108373 0 0.0 0.0295180417037191 5.646131009170086 0.0 0.0
-0.02182405 -0.006182766 -2.878035 -6.773023 0.1457777 0.1256484 0.2502618 14.62078 1.877178 0 0.0 0.022682939708363554 7.359138945539349 0.0 0.0
0.00330108 -0.01438222 0.6479796 -5.631035 0.3690132 0.2928568 -0.2664005 17.46263 2.140639 0 0.0 0.014756198063688355 5.668194839033072 0.0 0.0
-0.01748431 0.0264127 -5.788284 -7.477571 0.5096177 0.4083285 -0.01568198 16.52517 2.19102 0 0.0 0.03167541345375148 9.456124984616954 0.0 0.0
-0.01602271 0.000421486 -3.378022 -12.33528 0.4420942 0.3704562 0.2102187 16.5953 2.247826 0 0.0 0.01602825274920183 12.789455239019524 0.0 0.0
0.001547521 0.02051467 -4.8516 -8.106928 0.7105863 0.6875901 0.7615342 17.8154 nan 0 0.0 0.020572955705351163 9.447767151935107 0.0 0.0
-0.001556502 -0.0007694356 0.5031312 -3.264605 0.1850851 0.1513212 -0.05561448 14.43285 2.538456 0 0.0 0.0017362976756741223 3.3031480152179737 0.0 0.0
0.01892775 -0.002453356 -0.172751 -2.239768 0.3267915 0.2684412 -0.01188239 17.37307 nan 0 0.0 0.01908608591946594 2.2464201748170356 0.0 0.0
0.02654378 0.01919346 1.362666 -0.3723143 0.8311845 0.6858219 0.09982796 18.67714 nan 0 0.0 0.03275608589956987 1.4126133814814616 0.0 0.0
-0.004120654 0.004756086 -5.106699 -5.691696 0.6185467 0.5154965 0.2128532 18.5885 2.050087 0 0.0 0.006292864485042721 7.646814894648425 0.0 0.0
-0.03207953 -0.00543191 -4.859428 -5.612959 0.6117364 0.5404315 0.1974975 18.11222 nan 0 0.0 0.0325361628233724 7.4242406495792554 0.0 0.0
-0.01262269 0.005678587 0.8879028 1.236632 0.6810625 0.5612758 0.08290713 18.20543 1.659716 0 0.0 0.013841194065277352 1.5223764599046583 0.0 0.0
-0.009060027 0.006665042 -4.800817 -7.602972 0.253531 0.2181897 0.2424524 16.93846 2.420243 0 0.0 0.011247527466180867 8.991831131659058 0.0 0.0
0.01898683 0.02670046 4.010889 3.795877 0.3785292 0.296561 -0.2599697 15.4486 1.752455 0 0.0 0.03276300165828064 5.522310455728652 0.0 0.0
0.02152073 0.008095706 -10.11295 -8.868667 0.4831074 0.4125318 0.1720477 17.27316 2.198289 0 0.0 0.022993091905425332 13.450836853496849 0.0 0.0
-0.02865354 4.695391e-05 -0.2705383 2.039782 0.7569646 0.6026586 -0.06499578 18.50388 nan 0 0.0 0.028653578471131043 2.0576446678887224 0.0 0.0
0.01812306 0.0272976 0.3713644 -4.46196 1.12261 0.868767 -0.3706464 18.58863 1.886591 0 0.0 0.03276590101803398 4.477387470298652 0.0 0.0
-0.01693994 -0.002147852 -3.380408 -2.176239 0.9099761 0.828644 0.5920816 18.63682 1.801977 0 0.0 0.017075562521261314 4.020345063745772 0.0 0.0
0.00154723 8.314937e-05 -0.3041886 -4.983836 0.4259499 0.3617726 0.1493197 17.41316 nan 0 0.0 0.001549462645768331 4.99311045133852 0.0 0.0
-0.01424467 0.0251486 2.079096 -1.337564 0.4598978 0.3714557 -0.0005112836 18.22141 1.862036 0 0.0 0.028902641840650136 2.4721888340723486 0.0 0.0
0.02081914 0.008999926 -2.802656 -7.205075 0.9130096 0.6113196 -0.8409881 14.337 4.422695 1 0.0 0.022681165277495686 7.730975773468767 0.0 0.0
-0.003364516 -0.008492331 -0.4592165 -3.044033 0.2649778 0.211243 -0.1773279 17.21665 1.496382 0 0.0 0.009134530843333828 3.0784763599809 0.0 0.0
-0.01467615 0.02185837 -6.933545 -2.517538 0.479784 0.3590882 -0.1313944 16.44648 2.754294 0 0.0 0.02632826841779383 7.376451982387535 0.0 0.0
-0.02247572 0.01299168 -4.90958 1.284113 0.1589504 0.1287098 -0.2042758 15.80284 1.275926 0 0.0 0.02596038787731801 5.074733684950275 0.0 0.0
-0.02414957 0.01448477 -0.3586954 -1.598643 0.619319 0.496015 -0.1675499 18.51874 1.570377 0 0.0 0.028160438440084697 1.6383900120026855 0.0 0.0
-0.02819689 0.00838028 2.277762 1.174246 0.8371917 0.6652948 -0.2243338 18.77825 1.829615 0 0.0 0.029415874941101105 2.5626262695055635 0.0 0.0
-4.511596e-05 -0.02343826 2.761602 1.789148 0.8852591 0.688031 0.03593511 19.15823 nan 0 0.0 0.023438303421481826 3.2905160951297594 0.0 0.0
-0.004416155 -0.02942552 0.6071835 -8.510662 0.7044799 0.5390115 -0.432516 18.27066 1.806952 0 0.0 0.029755060951952777 8.53229391669768 0.0 0.0
-0.02509402 0.01321617 -5.465056 -3.278036 0.2447609 0.1989737 -0.05633296 17.04949 1.644971 0 0.0 0.028361540670938525 6.372782524175134 0.0 0.0
-0.01491573 -0.002651095 -4.849695 -7.018707 0.2753206 0.2341773 0.214813 16.22527 2.460579 0 0.0 0.015149498543909795 8.531224387206914 0.0 0.0
-0.02978507 -0.007262311 1.230996 -2.762711 0.4599549 0.3721975 -0.1635703 17.44371 1.72402 0 0.0 0.03065765085530235 3.0245533920790684 0.0 0.0
-0.01208364 0.01255846 -0.7597145 1.406447 1.00086 0.7789697 -0.3620345 18.15085 2.061714 0 0.0 0.01742783042209213 1.5985178401629585 0.0 0.0
0.007080197 0.00325485 2.562032 -0.8350561 0.1084149 0.0879765 -0.1038906 14.7721 2.035563 1 0.0 0.007792511667062745 2.6946848905152545 0.0 0.0
-0.01124468 -0.008752261 -3.311637 -7.740676 1.036686 0.9117078 0.2977398 18.9223 nan 0 0.0 0.01424938247484855 8.41932328377673 0.0 0.0
-0.005200741 0.0147372 -4.160102 -0.8718907 0.4507577 0.3889011 0.2585803 18.00096 nan 0 0.0 0.01562794838707503 4.250487271260848 0.0 0.0
0.001978632 -0.02308542 -2.067821 -4.258865 0.2156193 0.175674 -0.07170814 16.632 2.189103 0 0.0 0.023170058290125726 4.7343230536441006 0.0 0.0
-0.001286844 0.01869315 -5.256475 -15.02995 0.3239648 0.2802211 0.277886 17.08634 2.253191 0 0.0 0.018737391077811125 15.922623101365083 0.0 0.0
-0.03011027 -0.002383403 1.279902 -2.770994 0.2378284 0.2041248 0.2789986 16.87847 2.134664 0 0.0 0.03020445280638782 3.0523035362886177 0.0 0.0
0.007538073 -0.01045139 -1.526076 -3.553178 0.3932714 0.3192465 -0.04727437 17.6626 2.140093 0 0.0 0.012886197945299032 3.867037866049413 0.0 0.0
-0.01243657 0.03029866 -5.659845 -11.1008 0.2812986 0.2312304 0.02557239 17.25374 2.219271 0 0.0 0.03275174913131358 12.460401520979369 0.0 0.0
0.01758084 0.01304599 -1.86033 -3.687343 0.3701972 0.2853659 -0.3055903 17.59834 1.639563 0 0.0 0.02189255102051152 4.130051586669227 0.0 0.0
0.01245023 -0.005033063 -7.204756 -9.297758 0.4282564 0.3761089 0.1664099 17.25131 2.216257 0 0.0 0.013429071085330846 11.762517283562223 0.0 0.0
-0.01481053 0.01750769 -1.599757 -7.186013 1.115982 0.9208913 0.004095925 18.32303 nan 0 0.0 0.022931877551064152 7.361929454648285 0.0 0.0
-0.01124687 0.01239642 -3.361172 -4.908077 0.1915143 0.1545841 -0.2265721 15.89189 2.89822 1 0.0 0.016738079746891517 5.948671872906842 0.0 0.0
-0.02824462 -0.01561418 3.555395 -1.785597 1.517905 1.22553 -0.141315 18.40591 1.562748 0 0.0 0.03227322692289694 3.978591491022168 0.0 0.0
0.002275635 -0.01421816 -0.9284277 -2.192733 0.3024811 0.243947 -0.1365693 16.77917 2.37415 0 0.0 0.014399117627091774 2.3811879395411633 0.0 0.0
-0.01380798 -0.01228878 -7.536443 -6.016496 0.5882697 0.4724855 -0.0712264 18.52269 1.767757 0 0.0 0.0184844373884844 9.643453593514359 0.0 0.0
-0.01037976 -0.02271969 -1.490373 -1.314371 0.2742783 0.2216002 -0.0918258 16.94555 2.099616 0 0.0 0.02497846535225293 1.987154449148329 0.0 0.0
-0.02549131 -0.01912111 1.098792 -2.436742 0.6663511 0.4818351 -0.227423 18.36591 1.551487 0 0.0 0.0318657140693285 2.673023650068963 0.0 0.0
-0.01559183 0.007005716 -4.618526 -8.962956 0.4849867 0.3905128 -0.1889947 17.63245 2.195181 0 0.0 0.017093426204876423 10.082924311459053 0.0 0.0
0.009807556 0.01856683 -0.4962135 0.6915214 0.1641586 0.1357442 0.00842533 16.0869 1.804896 0 0.0 0.02099798397327791 0.8511343514629226 0.0 0.0
-0.02374418 0.01216743 1.805708 -2.318388 0.5704093 0.4617752 -0.08091479 17.76496 1.72669 0 0.0 0.026680188092989526 2.9386228577018865 0.0 0.0
-0.0009355717 -0.02235871 -1.338289 -6.167736 1.128677 0.9130871 0.246178 19.20833 nan 0 0.0 0.0223782753417224 6.311258576006611 0.0 0.0
-0.001286835 0.0179531 -1.622222 -8.220073 0.3349519 0.2861595 0.1859912 17.10479 2.392828 0 0.0 0.01799915953391227 8.378615896591333 0.0 0.0
-0.004120982 0.01341163 -8.290877 -1.174874 0.3511369 0.2982375 0.01982001 17.05505 1.648186 0 0.0 0.014030477964104573 8.373707084977656 0.0 0.0
-0.01688884 0.01633818 -2.300137 -4.595273 0.2370587 0.1936382 -0.03620201 16.61242 2.249577 0 0.0 0.023498277431718267 5.138790145870718 0.0 0.0
-0.002851334 -0.024865 -4.162785 -3.597266 0.2462142 0.1969654 -0.1525276 16.69563 2.402744 0 0.0 0.025027950986438265 5.501736237859918 0.0 0.0
0.01739136 0.009689082 -4.663719 -7.887659 0.3386426 0.2691487 -0.09478098 17.89214 2.229128 0 0.0 0.019908232283463143 9.163265761247025 0.0 0.0
0.01180424 0.01077893 -5.23018 -4.818999 1.594125 1.154473 0.6694267 18.90217 1.628632 0 0.0 0.015985162305166 7.111788396345957 0.0 0.0
0.02799975 0.01258031 -7.16253 -10.35122 0.8281566 0.7199399 0.1599063 18.13517 2.18437 0 0.0 0.030696094210153187 12.58767617510476 0.0 0.0
-0.01581017 0.02357101 -0.8072759 -0.1022929 0.2985485 0.2411442 -0.03176431 17.62736 nan 0 0.0 0.028382282992194266 0.8137310465449994 0.0 0.0
-0.02484826 0.0008203678 1.690639 -2.102293 0.728111 0.6359607 0.3750513 18.61702 1.503426 0 0.0 0.024861798574416873 2.6977576033013047 0.0 0.0
0.01298876 -0.01527559 -8.300574 -11.16026 1.178243 0.9051191 -0.2779701 18.81128 1.869493 0 0.0 0.02005122281023529 13.908663918474556 0.0 0.0
0.0005756371 0.002728651 -1.269545 -3.399531 1.041693 0.8943985 0.2532367 18.27252 1.600509 0 0.0 0.0027887083660177534 3.6288504415291074 0.0 0.0
-0.006576888 0.00677394 -0.992914 -1.408044 0.3150457 0.2609042 0.03705397 16.64631 2.334316 0 0.0 0.00944148923042038 1.7229237119884329 0.0 0.0
-0.0214182 -0.01143552 1.398197 1.947357 1.011762 0.8254856 0.06610576 18.69673 1.884975 0 0.0 0.024279835438289113 2.3973222846038036 0.0 0.0
-0.0107571 -0.02700935 1.103268 -10.32458 0.345687 0.2737357 -0.3090943 16.92873 2.18492 0 0.0 0.029072670806661365 10.383359401283574 0.0 0.0
0.005622144 -0.008343651 -1.520112 -3.88127 1.338028 1.306236 0.7092128 18.95535 1.95154 0 0.0 0.010061064315793683 4.168332676915796 0.0 0.0
-0.01666869 -0.01105131 0.5488667 -7.977238 0.3696843 0.3014934 -0.03964796 17.33214 nan 0 0.0 0.01999941696730682 7.996097846012947 0.0 0.0
-0.01966936 0.01762708 0.5826299 -2.336479 0.3844114 0.299827 -0.2495803 17.41825 2.191128 0 0.0 0.026412074362609235 2.4080265193338324 0.0 0.0
-0.006225216 -0.007039058 -1.730579 -4.973665 0.6162038 0.5330425 0.2664409 18.33788 nan 0 0.0 0.009396895858421546 5.266141586348206 0.0 0.0
0.02162756 0.002383176 -3.367244 -8.119764 0.7111487 0.6888102 0.7922464 17.36267 nan 0 0.0 0.021758466843979977 8.790273008913433 0.0 0.0
-0.01297375 0.00723685 -0.6406263 -3.093683 0.690175 0.5773266 0.1271684 18.19619 1.60177 0 0.0 0.01485564495351851 3.159315837446565 0.0 0.0
-0.008494085 0.01770864 -1.564076 -2.582467 0.230769 0.1892547 -0.02397115 16.62188 2.208747 0 0.0 0.019640402506996262 3.0191835883008173 0.0 0.0
-0.0180231 0.01966441 0.3834619 -3.628513 0.3556556 0.2898343 -0.0459237 16.83714 2.224405 0 0.0 0.026674353867677844 3.648718901192665 0.0 0.0
0.02505766 0.0128595 2.529954 0.5533002 1.328174 1.091476 -0.1929773 18.77738 1.784321 0 0.0 0.028164748621736353 2.5897506353770896 0.0 0.0
-0.01807513 0.007899878 0.3909009 0.3462967 0.1610308 0.130861 -0.2014694 15.76331 2.097479 1 0.0 0.01972608417633322 0.5222307134320041 0.0 0.0
0.02017449 0.02592014 1.16127 -4.459302 0.4269591 0.32394 -0.2993622 17.21029 1.96661 0 0.0 0.03284606071326819 4.6080280316100515 0.0 0.0
-0.02230924 -0.009047703 -0.1345436 -3.737224 0.2092899 0.1790194 0.2176101 15.91944 1.903399 0 0.0 0.02407411719988521 3.739645064237642 0.0 0.0
-0.0009089076 0.01578254 3.32142 -7.399025 0.9288439 0.8253743 0.4355944 18.54201 1.727905 0 0.0 0.01580869007466899 8.110326859444383 0.0 0.0
-0.001826364 -0.002333466 -0.8886311 -2.528181 0.4223395 0.3405049 -0.07816443 17.68872 nan 0 0.0 0.0029632193698158767 2.679806784200721 0.0 0.0
