jas1101finalproject/data/gcs/E_3.ecsv
# %ECSV 0.9
# ---
# datatype:
# - {name: x, unit: deg, datatype: float64}
# - {name: y, unit: deg, datatype: float64}
# - {name: pmx, unit: mas / yr, datatype: float64}
# - {name: pmy, unit: mas / yr, datatype: float64}
# - {name: pmx_e, unit: mas / yr, datatype: float64}
# - {name: pmy_e, unit: mas / yr, datatype: float64}
# - {name: pm_corr, datatype: float64}
# - {name: g_mag, unit: mag, datatype: float64}
# - {name: bp_rp, unit: mag, datatype: float64}
# - {name: filter, datatype: int64}
# - {name: memberprob, datatype: float64}
# - {name: r, unit: deg, datatype: float64}
# - {name: pm, unit: mas / yr, datatype: float64}
# - {name: member_prob_GMM, datatype: float64}
# - {name: member_prob_DB, datatype: float64}
# meta: !!omap
# - comments: [deg deg mas/yr mas/yr mas/yr mas/yr dimless mag   mag   zeroone float]
# - __serialized_columns__:
#     bp_rp:
#       __class__: astropy.units.quantity.Quantity
#       unit: &id001 !astropy.units.Unit {unit: mag}
#       value: !astropy.table.SerializedColumn {name: bp_rp}
#     g_mag:
#       __class__: astropy.units.quantity.Quantity
#       unit: *id001
#       value: !astropy.table.SerializedColumn {name: g_mag}
#     pm:
#       __class__: astropy.units.quantity.Quantity
#       unit: !astropy.units.Unit {unit: mas / yr}
#       value: !astropy.table.SerializedColumn {name: pm}
#     pmx:
#       __class__: astropy.units.quantity.Quantity
#       unit: !astropy.units.Unit {unit: mas / yr}
#       value: !astropy.table.SerializedColumn {name: pmx}
#     pmx_e:
#       __class__: astropy.units.quantity.Quantity
#       unit: !astropy.units.Unit {unit: mas / yr}
#       value: !astropy.table.SerializedColumn {name: pmx_e}
#     pmy:
#       __class__: astropy.units.quantity.Quantity
#       unit: !astropy.units.Unit {unit: mas / yr}
#       value: !astropy.table.SerializedColumn {name: pmy}
#     pmy_e:
#       __class__: astropy.units.quantity.Quantity
#       unit: !astropy.units.Unit {unit: mas / yr}
#       value: !astropy.table.SerializedColumn {name: pmy_e}
#     r:
#       __class__: astropy.units.quantity.Quantity
#       unit: &id002 !astropy.units.Unit {unit: deg}
#       value: !astropy.table.SerializedColumn {name: r}
#     x:
#       __class__: astropy.units.quantity.Quantity
#       unit: *id002
#       value: !astropy.table.SerializedColumn {name: x}
#     y:
#       __class__: astropy.units.quantity.Quantity
#       unit: *id002
#       value: !astropy.table.SerializedColumn {name: y}
# schema: astropy-2.0
x y pmx pmy pmx_e pmy_e pm_corr g_mag bp_rp filter memberprob r pm member_prob_GMM member_prob_DB
0.002153361 8.551408e-05 -2.566324 6.732994 0.9937344 1.04282 -0.2917925 20.34463 0.9895935 0 0.0 0.0021550582948494097 7.205499779821799 0.0 0.0
-0.007112142 -0.01234455 -3.081682 8.421531 0.8694115 0.8280455 -0.3636763 20.00626 1.720993 0 0.0 0.014246770810631578 8.967661252137315 0.0 0.0
0.03072913 -0.008633091 -2.109 6.890257 0.6341938 0.5746163 -0.361505 19.40633 nan 0 0.0 0.03191879839171865 7.205797841047791 0.0 0.0
0.01158596 -0.02723274 -2.948736 6.600472 0.3527692 0.3613277 -0.2552962 18.9446 1.181908 1 0.9899461 0.02959487450605594 7.229195987139925 0.0 0.0
-0.006653189 0.02201086 -3.427154 8.936013 0.8777326 0.7837766 -0.3021975 19.81008 1.166937 0 0.0 0.02299440979475927 9.57066940584017 0.0 0.0
0.02734324 -0.007870172 -4.467411 8.714559 1.799742 1.702953 -0.2271592 20.83094 1.233709 0 0.0 0.028453336904608995 9.792920892532626 0.0 0.0
-0.02219798 -0.001093028 0.7391058 5.255208 1.450063 1.200728 0.08013869 20.43222 1.17017 0 0.0 0.02222487404439413 5.306928349512328 0.0 0.0
0.01374801 0.000887102 -10.04007 12.2152 2.839323 4.020879 -0.2372858 20.83244 0.5684834 0 0.0 0.013776600775173243 15.811834702048337 0.0 0.0
-0.03661254 0.05012866 -5.590104 6.125062 1.867905 1.786546 0.1049454 20.67126 1.982861 0 0.0 0.06207544312082838 8.292505485958992 0.0 0.0
0.04586762 -0.004741161 -3.335818 2.838725 0.295627 0.3104412 -0.1882088 18.7823 1.243908 0 0.0 0.04611200681050783 4.38018736525608 0.0 0.0
-0.05418617 -0.03039308 -2.845391 1.43401 3.151252 3.242614 -0.5505828 20.85384 1.571541 0 0.0 0.06212793519146842 3.1863199184923343 0.0 0.0
-0.005818027 0.02071427 -3.095006 6.832399 1.509585 1.507134 -0.06601817 20.63059 1.031088 0 0.0 0.02151581789766843 7.500715848186558 0.0 0.0
0.001203628 0.01104145 -2.825249 7.609232 0.3126178 0.341995 -0.2196655 18.78835 0.9061813 1 0.9985503 0.011106859973227537 8.116800080193242 0.0 0.0
0.004088513 0.0643398 -4.805616 6.687037 1.178388 0.9498765 -0.2518249 20.14165 1.242188 0 0.0 0.06446957268813847 8.234707583079377 0.0 0.0
0.01372573 0.01156065 -3.086842 6.919909 0.4906705 0.5095537 -0.4332058 19.18079 1.253096 1 0.9962002 0.017945592563507064 7.5771851040637115 0.0 0.0
0.006955589 -0.003486734 -2.519373 7.021472 0.1390318 0.1426824 -0.1538181 17.29841 1.077475 1 0.9997795 0.007780586888125921 7.459779444454977 0.0 0.0
0.06191623 0.007696656 -2.589781 6.98325 0.1666128 0.1724735 -0.1926763 17.64673 1.420248 1 0.9950373 0.06239277242594078 7.448002832334383 0.0 0.0
-0.0113549 -0.0004533494 -2.550732 6.599159 0.5381901 0.5336137 -0.4055352 19.29117 1.165213 1 0.9974065 0.011363946483879636 7.074965246777188 0.0 0.0
-0.03149709 0.0323808 -7.64267 5.247816 0.9410398 1.005342 -0.6197848 19.81248 1.292917 0 0.0 0.04517281137042612 9.270921070678792 0.0 0.0
0.02692222 0.01409579 -0.6606548 0.02705915 0.7154669 0.7431182 -0.4919587 19.67113 1.46904 1 0.0 0.030389097147702496 0.6612087131623134 0.0 0.0
-0.003025552 -0.00634624 -0.7159702 8.114193 1.139735 1.067925 -0.0225845 20.46896 1.294495 0 0.0 0.007030556666602155 8.145719205112403 0.0 0.0
-0.05513687 -0.00552506 6.858637 -1.582725 3.190361 3.595726 -0.8198891 20.69374 1.028082 0 0.0 0.055413001375133074 7.038886270099411 0.0 0.0
-0.01960057 -0.005994536 -3.123897 7.217766 0.3848012 0.3982387 -0.2896033 19.04077 1.149397 0 0.0 0.02049675111280312 7.86478725061047 0.0 0.0
0.016335 0.008856817 -2.319434 5.775886 0.6907678 0.6970032 -0.3758135 19.51941 1.328913 0 0.0 0.018581588531971345 6.224197391258731 0.0 0.0
0.01870342 0.007701571 -2.780097 7.162084 0.371155 0.3701833 -0.2412096 18.99533 1.21187 0 0.0 0.020227014499536032 7.682733013222899 0.0 0.0
0.01240151 -0.008816131 -9.293971 8.109526 1.102529 1.094073 -0.4021221 19.51019 1.813982 0 0.0 0.015215834386889894 12.334598043451479 0.0 0.0
-0.001519064 0.06134963 -3.278609 9.189438 0.7619295 0.6488333 -0.3031859 19.65337 1.130709 1 0.2928301 0.061368433714516425 9.756794951761824 0.0 0.0
-0.0201588 0.05945725 -3.139812 6.622413 0.7698294 0.7544927 -0.4023162 19.70936 1.262119 1 0.886233 0.06278169952304971 7.329036317136994 0.0 0.0
-0.0277769 -0.00302642 -1.085109 3.292955 1.976613 2.224365 -0.6488322 20.49288 1.298536 0 0.0 0.02794128471682002 3.467133423147428 0.0 0.0
0.003205199 0.00129837 -2.844439 7.388125 0.4204642 0.4591378 -0.3034301 19.18866 1.160732 1 0.9989364 0.0034581881508242147 7.916768547857516 1.0 0.0
-0.0006324298 0.01498589 -3.767917 6.844373 1.041407 0.9914767 -0.1556393 20.20876 0.8849621 0 0.0 0.014999228864979295 7.812978963367175 0.0 0.0
-0.000407464 0.02717004 1.588742 1.031376 0.2233946 0.2156044 -0.1876913 18.09027 1.329626 1 0.0 0.027173095158868007 1.8941588095880453 0.0 0.0
-0.02420486 -0.009305871 -3.796355 8.776359 0.9245726 0.9942231 -0.2127737 20.10723 1.38756 1 0.9598303 0.025932112962275964 9.562258550306302 0.0 0.0
0.02398159 -0.01010654 -5.613518 2.890268 0.1653365 0.1705572 -0.1715813 17.83062 1.336966 1 0.0 0.026024196619678773 6.313892099818305 0.0 0.0
-0.03471248 -0.005621925 -2.656453 5.92508 1.013848 0.939939 -0.09383232 20.22787 1.410156 0 0.0 0.03516478790574493 6.493328541480786 0.0 0.0
0.008662347 0.002394499 -3.695277 8.753362 1.130467 1.012265 -0.2137549 20.20351 1.06732 0 0.0 0.008987206518680319 9.501390340880276 0.0 0.0
-0.000249139 0.02219568 -8.530267 6.457568 0.7195293 0.7033688 -0.4130811 19.68987 1.234629 0 0.0 0.02219707820646044 10.698861601400075 0.0 0.0
-0.02802721 0.01485638 2.677402 2.497912 1.671011 1.62938 -0.2667267 20.54015 0.9392891 0 0.0 0.03172123148757784 3.6616998551694535 0.0 0.0
-0.05696245 0.001814202 -7.6731 11.70496 1.40554 1.31229 -0.180498 20.59248 1.264648 0 0.0 0.0569913330156376 13.995804807570018 0.0 0.0
-0.01576074 0.009177964 -3.095692 10.15135 2.121298 2.111914 -0.276355 20.8653 0.8883724 0 0.0 0.018238309914377922 10.61287971199919 0.0 0.0
-0.01260959 0.01847402 -4.758085 7.219006 2.279586 2.231425 -0.6064685 20.62778 1.274052 0 0.0 0.02236718969670754 8.64600604298083 0.0 0.0
0.03361745 0.007274689 0.3053295 6.618731 0.9354938 0.8702831 -0.3697174 20.03979 1.070757 0 0.0 0.03439555268561941 6.625769853679741 0.0 0.0
-0.02827611 -0.01740132 -3.17925 3.281076 1.389179 1.518704 -0.1420722 20.61813 1.32333 0 0.0 0.03320157126514497 4.568707725416018 0.0 0.0
-0.02365028 0.008700557 -5.744497 2.83185 1.851568 1.831569 -0.3463945 20.71984 1.028545 0 0.0 0.025199909448024787 6.404578066157755 0.0 0.0
-0.01464903 0.01905934 -3.82395 3.77001 1.472104 1.287674 -0.2806221 20.5306 1.214491 0 0.0 0.024038563209486958 5.369876069575536 0.0 0.0
0.01753583 0.04666655 -2.595445 7.94925 0.7582601 0.8336497 -0.3002119 19.97199 1.368328 1 0.9526834 0.04985250467821452 8.362231180165077 0.0 0.0
0.01943298 -0.06345131 -3.196367 7.198122 0.9592631 0.9877503 -0.1941263 20.30693 1.076033 0 0.0 0.06636045096589156 7.875895017429638 0.0 0.0
-0.01732049 0.006536197 -2.525736 7.641089 0.7088022 0.690346 -0.3600315 19.64728 1.093496 1 0.994912 0.01851273197188651 8.047706719781543 0.0 0.0
0.004170049 0.0134975 -4.29786 9.003192 2.263324 2.320815 -0.4424504 20.5629 0.9743156 0 0.0 0.014126988883424558 9.976425550690188 0.0 0.0
0.01025977 0.004094686 -2.723001 7.795718 0.3690162 0.3788208 -0.1530406 18.96718 1.090322 1 0.9971306 0.0110466888202527 8.257599746992161 0.0 0.0
0.02642817 -0.005480263 -3.10629 7.143008 0.5995196 0.5725696 -0.394177 19.45006 1.248585 1 0.9935617 0.026990395552827104 7.789197702726771 0.0 0.0
-0.006620266 0.003707962 -2.595805 7.43117 0.6002159 0.6176422 -0.4423251 19.51884 1.168905 1 0.9979772 0.00758794465611077 7.871498660796749 0.0 0.0
-0.03444351 0.01571829 -1.437587 0.4153566 3.211073 2.369831 -0.3710606 20.87797 1.107895 0 0.0 0.037860533826719875 1.4963881474178282 0.0 0.0
-0.04153187 -0.04652817 5.279499 2.648085 1.224874 1.306245 -0.07740571 20.60244 1.127544 0 0.0 0.062367995231895984 5.906391779947043 0.0 0.0
-0.03511967 0.009544267 -10.59619 9.757662 1.477407 1.343429 -0.1181018 20.65116 1.125521 0 0.0 0.036393464433551646 14.404555190020412 0.0 0.0
0.057756 0.01479604 -3.667306 6.889121 0.5838384 0.5819712 -0.4328594 19.34068 1.031336 0 0.0 0.05962112323398143 7.804429604415495 0.0 0.0
-0.01383148 0.006479362 -1.297958 6.684795 0.5201484 0.4845091 -0.3245449 19.23936 1.021894 1 0.9717197 0.015273898353643841 6.809638695392657 0.0 0.0
0.02465219 -0.02809032 -3.198364 7.437787 0.5206032 0.5159872 -0.4145316 19.33023 1.188713 1 0.9887098 0.03737374144367272 8.096308278089774 0.0 0.0
-0.04967781 0.01844592 -7.602886 7.920348 0.5461641 0.542486 -0.4226735 19.36889 2.186777 1 0.0 0.05299185570483921 10.97887917640503 0.0 0.0
-0.009153323 -0.03522639 -3.428668 -0.3302837 0.7217852 0.7504922 -0.1095136 18.81341 1.550352 0 0.0 0.03639617939254654 3.444539385274857 0.0 0.0
-0.01304814 0.06322763 -9.282478 8.011915 0.2701072 0.2750297 -0.1686227 18.53613 1.321278 1 0.0 0.06455995006872683 12.261940294574469 0.0 0.0
0.03662314 -0.02687515 -3.159133 7.082246 0.291111 0.3041706 -0.1916591 18.5756 1.327869 1 0.9840412 0.045426072590331865 7.754890696599468 0.0 0.0
-0.02669235 0.01015949 -4.692248 10.23006 1.28464 1.442274 -0.548846 20.21072 1.148514 0 0.0 0.028560405907175058 11.254835356285938 0.0 0.0
0.03176335 -0.001730969 -2.663877 4.187786 0.5620113 0.5737244 -0.4046179 19.29919 1.450588 1 0.0003676583 0.03181048029976066 4.963244125864151 0.0 0.0
-0.0266984 0.0114641 -1.809626 6.360123 1.229794 1.472892 -0.5867056 20.13503 1.074238 0 0.0 0.029055638891099952 6.612557057221132 0.0 0.0
0.004458497 0.01125436 -2.116247 6.996513 1.321233 1.164787 -0.2914499 20.40936 1.051353 0 0.0 0.012105321743291625 7.309561924231712 0.0 0.0
0.04421135 -0.02648692 -1.812029 7.943866 1.711593 1.298536 -0.1662023 20.40141 1.031809 0 0.0 0.051538339126410544 8.147911150889962 0.0 0.0
-0.01172139 -0.01121113 -3.217231 6.581074 1.215617 1.17826 -0.1037578 20.419 1.270435 0 0.0 0.01621975398731436 7.32537441369634 0.0 0.0
-0.03087209 -0.04434673 -0.4647089 -0.08283335 0.5528869 0.5430896 -0.3920629 19.2038 1.47834 0 0.0 0.054034418685325006 0.4720336064428384 0.0 0.0
0.01876169 0.02240334 -7.786069 5.030215 0.1784099 0.185173 -0.1763334 17.94601 1.326727 1 0.0 0.029221749687718908 9.269624232890243 0.0 0.0
-0.03036029 -0.04415477 -1.988795 8.38201 0.9249871 1.058453 -0.6194622 19.86963 nan 0 0.0 0.053585361085253504 8.614719797655928 0.0 0.0
0.002999773 -0.0007462586 -1.896372 8.959647 1.355921 1.248401 -0.1408656 20.55662 1.125435 0 0.0 0.0030912036409144836 9.158138518661586 0.0 0.0
0.001791778 0.009095884 -3.76667 8.086246 2.01108 1.788943 0.00775899 20.74646 1.147699 0 0.0 0.009270683585515149 8.920491985390491 0.0 0.0
0.05231512 0.01424696 -4.371059 0.1302645 1.545165 1.442976 -0.1762401 20.64729 1.174744 0 0.0 0.05422036194877345 4.372999613702389 0.0 0.0
-0.03568415 0.004545451 -4.205764 9.189251 3.806267 2.500343 0.2411802 20.79151 0.528204 0 0.0 0.035972485124271036 10.105977674856451 0.0 0.0
-0.02420872 0.03231254 -7.034019 1.957621 1.383504 1.095594 -0.2608763 20.37426 1.316725 0 0.0 0.04037526922869989 7.301349414457714 0.0 0.0
0.00817819 0.04993357 -3.341465 7.115909 0.5454148 0.546488 -0.3840799 19.38184 1.214937 1 0.9612605 0.05059885576394984 7.86139613825089 0.0 0.0
-0.03064996 0.03305422 -3.570636 8.067334 0.985812 1.087699 -0.6200758 19.85809 1.00013 0 0.0 0.045077727402898206 8.822206034323388 0.0 0.0
0.005403689 0.004028962 -2.797786 7.37031 0.7370212 0.7496016 -0.3987284 19.74728 1.23638 0 0.0 0.00674035530266506 7.883468525839118 0.0 0.0
-0.007280806 0.007056912 -4.416465 5.37308 1.272506 1.175408 -0.02642247 20.45449 1.33181 0 0.0 0.010139533667056883 6.955224783040804 0.0 1.0
0.01628982 -0.01896755 -4.741282 8.85357 1.006083 0.9612007 -0.3564504 20.16183 1.08383 0 0.0 0.025002523645322284 10.043179613470228 0.0 0.0
0.02676415 0.01897894 -14.75371 12.23394 2.220555 2.880619 -0.3416369 20.74779 2.402855 0 0.0 0.032810362520796686 19.166148457311397 0.0 0.0
0.00654851 -0.0313033 -2.25142 6.371623 0.7801495 0.7488979 -0.3990027 19.84258 1.30875 1 0.9827955 0.031980925160321735 6.757697216547142 0.0 0.0
0.004121309 0.008294266 -2.249886 7.526137 1.037107 0.9039634 -0.2572336 20.10389 1.116701 0 0.0 0.009261751257307497 7.8552355251618655 0.0 0.0
-0.005166453 -0.06008074 -5.190828 2.453716 0.8144081 0.8532112 -0.2626208 20.12207 1.363615 0 0.0 0.060302467242632864 5.741551840246676 0.0 0.0
0.01815902 0.01021242 -3.283568 7.370334 0.3647772 0.3681601 -0.1151272 18.91135 1.27272 1 0.995036 0.020833711374039915 8.068682797221614 0.0 0.0
0.005350502 -0.01889735 -2.249137 8.08259 0.526997 0.4941069 -0.3654609 19.28873 1.149368 1 0.9748428 0.019640206431565426 8.389688811444021 0.0 0.0
-0.03153451 0.02008209 -3.815421 9.102491 1.296928 1.329383 -0.5212627 20.16824 0.8274212 0 0.0 0.037386035624390565 9.869791275012963 0.0 0.0
-0.01042082 0.02021547 -2.809937 6.775413 0.2917083 0.2968357 -0.168865 18.71802 1.138107 1 0.9978781 0.02274332246601846 7.334982431099478 0.0 0.0
-0.03294754 0.005483499 -7.009241 6.971768 1.11121 1.09265 -0.4254276 20.18444 1.352282 0 0.0 0.03340073582025702 9.886101781890828 0.0 0.0
0.06178232 -0.002739835 -3.531804 4.603448 0.2521613 0.2502048 -0.2040417 18.32209 1.347973 1 0.0 0.061843041325678874 5.80218691383861 0.0 0.0
0.03462361 0.02529273 1.237426 8.233314 1.340699 1.241729 -0.1259669 20.61645 1.493443 0 0.0 0.042877926259148776 8.325784198985222 0.0 0.0
-0.01707826 0.02933317 -18.91123 -1.055594 1.241894 1.15472 -0.07335521 20.38776 1.814188 0 0.0 0.03394262551536784 18.94066785532485 0.0 0.0
0.004139063 0.0217754 -2.467358 8.831773 1.007857 0.8336228 -0.2355624 20.00863 0.8941555 0 0.0 0.02216528564395165 9.16995473400458 0.0 0.0
-0.05456711 0.01545838 -2.322925 6.808098 0.4213157 0.423723 -0.2719802 19.00102 1.158966 1 0.9757099 0.05671446910600945 7.193481697566833 0.0 0.0
0.004750921 0.02012724 -3.062584 6.752346 0.3079153 0.2991063 -0.1533919 18.64994 1.218929 1 0.995546 0.02068035397099965 7.414418201097912 0.0 0.0
0.03218936 -0.02352164 -2.615184 6.523721 1.551607 1.552806 -0.1318128 20.59944 1.333397 0 0.0 0.03986756131868615 7.028379830351871 0.0 0.0
0.00376849 -0.002699585 -3.774425 9.504286 1.523635 1.399237 -0.179557 20.6101 0.7989273 0 0.0 0.004635652710495579 10.226325657362032 0.0 0.0
-0.007350536 0.005546252 -2.511524 7.013035 0.2907384 0.3008458 -0.1916852 18.51592 1.182989 0 0.0 0.009208218651552537 7.44918872856642 0.0 0.0
0.03896207 0.0329785 -3.440477 3.032105 1.055765 1.075373 -0.4319337 20.09256 1.504202 0 0.0 0.05104531673851089 4.585906967934915 0.0 0.0
0.0005139851 0.002153249 -2.510166 7.248902 0.1027583 0.106112 -0.1908956 16.94285 1.394068 1 0.9994369 0.002213743873853299 7.671213303849659 1.0 0.0
-0.01795202 0.01111298 -3.38702 5.196441 1.639707 1.913957 -0.3326369 20.70766 1.03331 0 0.0 0.021113345224307776 6.2028141634971625 0.0 0.0
-0.01707953 0.05846984 -2.561303 7.971818 0.7721893 0.7321461 -0.3651178 19.6802 1.187069 1 0.9077904 0.06091331984588018 8.373180714813994 0.0 0.0
0.008138229 -0.02946552 -3.739977 6.980802 0.6425979 0.6619398 -0.2738761 19.84008 1.159184 1 0.9676132 0.030568736318775772 7.919534362810291 0.0 0.0
-6.823088e-06 -0.006559509 -4.103136 8.201387 1.121217 1.043599 -0.06545671 20.40267 1.048069 0 0.0 0.006559512548628203 9.170522000315195 0.0 0.0
-0.001864592 -0.0003493166 -4.008967 6.62173 1.537413 1.400472 -0.3500588 20.60817 1.048481 0 0.0 0.0018970306833310737 7.740744447402266 1.0 0.0
0.06318534 -0.002944982 -1.769831 7.055326 0.7424748 0.7211279 -0.4622895 19.75845 1.134403 1 0.9055753 0.06325393355275168 7.273921001415743 0.0 0.0
-0.02225517 -0.02442385 -0.77488 6.055712 1.382889 1.410432 -0.2991446 20.38192 1.181128 0 0.0 0.03304265486536153 6.105086964273646 0.0 0.0
-0.05242545 0.005732041 -1.805999 7.902216 0.6971051 0.7069059 -0.4391402 19.72908 0.8811474 0 0.0 0.052737881088721995 8.105963859940223 0.0 0.0
-0.01052063 0.01468408 15.18308 11.44756 0.7026351 0.728019 -0.4241282 19.20455 2.121141 0 0.0 0.018063938137717922 19.015061089567922 0.0 0.0
