jas1101finalproject/data/gcs/E_3.ecsv
# %ECSV 0.9
# ---
# datatype:
# - {name: x, unit: deg, datatype: float64}
# - {name: y, unit: deg, datatype: float64}
# - {name: pmx, unit: mas / yr, datatype: float64}
# - {name: pmy, unit: mas / yr, datatype: float64}
# - {name: pmx_e, unit: mas / yr, datatype: float64}
# - {name: pmy_e, unit: mas / yr, datatype: float64}
# - {name: pm_corr, datatype: float64}
# - {name: g_mag, unit: mag, datatype: float64}
# - {name: bp_rp, unit: mag, datatype: float64}
# - {name: filter, datatype: int64}
# - {name: memberprob, datatype: float64}
# - {name: r, unit: deg, datatype: float64}
# - {name: pm, unit: mas / yr, datatype: float64}
# - {name: member_prob_GMM, datatype: float64}
# - {name: member_prob_DB, datatype: float64}
# meta: !!omap
# - comments: [deg deg mas/yr mas/yr mas/yr mas/yr dimless mag   mag   zeroone float]
# - __serialized_columns__:
#     bp_rp:
#       __class__: astropy.units.quantity.Quantity
#       unit: &id001 !astropy.units.Unit {unit: mag}
#       value: !astropy.table.SerializedColumn {name: bp_rp}
#     g_mag:
#       __class__: astropy.units.quantity.Quantity
#       unit: *id001
#       value: !astropy.table.SerializedColumn {name: g_mag}
#     pm:
#       __class__: astropy.units.quantity.Quantity
#       unit: !astropy.units.Unit {unit: mas / yr}
#       value: !astropy.table.SerializedColumn {name: pm}
#     pmx:
#       __class__: astropy.units.quantity.Quantity
#       unit: !astropy.units.Unit {unit: mas / yr}
#       value: !astropy.table.SerializedColumn {name: pmx}
#     pmx_e:
#       __class__: astropy.units.quantity.Quantity
#       unit: !astropy.units.Unit {unit: mas / yr}
#       value: !astropy.table.SerializedColumn {name: pmx_e}
#     pmy:
#       __class__: astropy.units.quantity.Quantity
#       unit: !astropy.units.Unit {unit: mas / yr}
#       value: !astropy.table.SerializedColumn {name: pmy}
#     pmy_e:
#       __class__: astropy.units.quantity.Quantity
#       unit: !astropy.units.Unit {unit: mas / yr}
#       value: !astropy.table.SerializedColumn {name: pmy_e}
#     r:
#       __class__: astropy.units.quantity.Quantity
#       unit: &id002 !astropy.units.Unit {unit: deg}
#       value: !astropy.table.SerializedColumn {name: r}
#     x:
#       __class__: astropy.units.quantity.Quantity
#       unit: *id002
#       value: !astropy.table.SerializedColumn {name: x}
#     y:
#       __class__: astropy.units.quantity.Quantity
#       unit: *id002
#       value: !astropy.table.SerializedColumn {name: y}
# schema: astropy-2.0
x y pmx pmy pmx_e pmy_e pm_corr g_mag bp_rp filter memberprob r pm member_prob_GMM member_prob_DB
[from data line 222]
0.02548296 0.04158746 -10.25594 9.206996 1.717035 1.653522 -0.2963313 20.54449 1.654119 0 0.0 0.048773948780196176 13.78234670248924 0.0 0.0
0.02709937 -0.01528545 -4.474808 8.253254 1.414051 1.474389 -0.1259645 20.61571 1.44165 0 0.0 0.031113033219205742 9.38829634307418 0.0 0.0
0.01145426 -0.05467556 -9.705478 11.20565 1.878801 2.120129 -0.1853368 20.68353 1.51564 0 0.0 0.05586248234245592 14.824402015966243 0.0 0.0
0.001070083 -0.01806468 -2.357543 7.235496 0.7360717 0.7508197 -0.2269162 20.03569 0.9883842 0 0.0 0.01809634607121805 7.6098890506278085 0.0 0.0
0.002272655 0.0290009 -3.008611 7.223467 0.5380558 0.5392957 -0.3845552 19.26595 1.237055 1 0.994473 0.029089811989062853 7.824973843369063 0.0 0.0
0.02865405 0.03073182 -2.544383 7.633444 1.593764 1.489953 0.03430359 20.59058 1.025167 0 0.0 0.042017845517290625 8.0463253819259 0.0 0.0
0.01206973 -0.01896292 -2.005674 5.833949 0.7588954 0.8069639 -0.4527023 19.73616 1.108294 0 0.0 0.022478227625844973 6.169091434634195 0.0 0.0
-0.02151417 0.02609933 -5.553288 9.403654 1.786897 2.627362 -0.2758806 20.75578 0.8790092 0 0.0 0.03382357960414303 10.920975971160269 0.0 0.0
-0.06141103 0.02092095 -0.6188013 10.02176 0.7245979 0.6427465 -0.3260211 19.54299 1.529066 1 2.351237e-06 0.06487681214858973 10.04084600750762 0.0 0.0
-0.01555065 0.03303535 -0.8331643 8.250901 1.311047 1.109788 -0.1719543 20.38182 1.148214 0 0.0 0.03651242343429151 8.292860185882523 0.0 0.0
-0.0149309 0.03009113 -2.642334 8.408616 1.743818 1.323049 -0.3053603 20.49802 0.844286 0 0.0 0.033591782916167164 8.814008849723944 0.0 0.0
0.03908929 -0.04500227 -6.944203 4.446391 0.2757666 0.2917823 -0.1753962 18.64316 1.438337 1 0.0 0.05960853041182109 8.245747281483347 0.0 0.0
0.004861398 -0.02602301 -2.87464 7.310772 0.303506 0.3338611 -0.1979003 18.76477 1.187349 1 0.998124 0.02647319852179755 7.855631251884472 0.0 0.0
-0.01454901 -0.02192568 -3.627419 8.059833 0.3156898 0.3295666 -0.1803044 18.85165 1.041594 0 0.0 0.026313668224755362 8.838499679778803 0.0 0.0
-0.01880833 0.01266053 -2.528242 8.082778 0.4672893 0.4817149 -0.4268416 19.16017 1.14234 1 0.9794509 0.022672500904615707 8.468961436200308 0.0 0.0
-0.0419922 0.01489491 0.2949218 5.121143 1.15898 1.093332 -0.3517123 20.29999 1.002678 0 0.0 0.04455561922752393 5.129628104898467 0.0 0.0
-0.01226082 0.01255395 -5.161423 6.146006 1.258653 1.337909 -0.06504736 20.60459 0.9229164 0 0.0 0.017547916334280263 8.025813176056678 0.0 0.0
-0.01476917 0.000519765 -1.347304 7.659229 1.553935 1.514115 -0.1454044 20.62811 0.9916744 0 0.0 0.014778313102114362 7.776825634078277 0.0 0.0
-0.006225049 -0.0214307 -2.51697 7.91347 0.2949137 0.3222418 -0.1491259 18.70747 1.280775 1 0.983748 0.02231649922237807 8.304104131199223 0.0 0.0
-0.005440825 0.01191774 -2.529349 7.645225 0.5614747 0.5302003 -0.3406985 19.25896 1.11669 1 0.9969932 0.013100958109551567 8.052767950489198 0.0 0.0
-0.008251857 -0.009331614 -2.552251 6.059178 0.9722754 0.9627432 -0.4088285 19.97015 1.215469 0 0.0 0.012456811943408514 6.574771722477139 0.0 0.0
0.03181522 -0.01612781 -2.383745 8.576043 0.88286 0.8733811 -0.2130561 20.1941 1.154123 0 0.0 0.03566951750507007 8.901165865372581 0.0 0.0
-0.005445599 0.03128877 -1.81313 8.105667 1.244197 1.187777 0.09863733 20.45075 0.929924 0 0.0 0.03175911958133759 8.3059784439757 0.0 0.0
0.02741076 0.05434753 -6.162095 6.309789 1.084825 1.022644 -0.02502211 20.39344 1.324791 0 0.0 0.06086874223177689 8.819572099231685 0.0 0.0
-0.007198454 -0.02608514 -1.735921 4.457767 1.775654 2.438205 -0.3101065 20.68617 1.200842 0 0.0 0.027060160177089048 4.783838243976273 0.0 0.0
-0.006207027 -0.003081995 -2.369754 7.040354 2.088336 2.974536 0.2477687 20.77854 1.070807 0 0.0 0.00693007051614585 7.428480225849161 0.0 0.0
-0.001457094 -0.009283285 -3.001171 7.51567 0.4939726 0.5330403 -0.4498404 19.23477 1.156391 1 0.9982377 0.009396941168064265 8.09273272264326 0.0 0.0
0.01795683 -0.009471155 -4.038687 3.628199 1.729239 1.628751 -0.2186071 20.73378 1.199966 0 0.0 0.020301490602488405 5.429071805342972 0.0 0.0
0.01026229 0.007276143 -8.314449 7.302646 0.2641292 0.270783 -0.1989285 18.55491 1.805828 1 0.0 0.012580018004778412 11.066105944500848 0.0 0.0
-0.03729747 0.03381501 -10.82641 -2.164258 0.5053877 0.4977791 -0.1223999 18.05173 1.336119 0 0.0 0.05034437575043512 11.040614393169612 0.0 0.0
-0.003908392 0.01497005 -3.396972 8.027414 0.4003838 0.3923603 -0.1874872 19.01891 0.9897957 0 0.0 0.015471842974518712 8.716581571704587 0.0 0.0
0.02147115 -0.01181111 -2.55307 8.621373 1.07673 1.093152 -0.1487202 20.36151 1.298374 1 0.9782432 0.024505358633462194 8.991453655000898 0.0 0.0
0.04518333 0.02245258 -3.356915 7.523784 1.087074 1.127564 -0.2808814 20.31456 1.067732 0 0.0 0.050454451325381594 8.238701596482361 0.0 0.0
0.01902647 0.007929982 -1.527643 3.241714 1.249984 1.841063 -0.2084542 20.45589 nan 0 0.0 0.020612888569563077 3.583629834852506 0.0 0.0
-0.01223283 0.007846635 -2.624165 6.843775 0.2005636 0.1970686 -0.09813692 18.04828 1.335028 1 0.9993373 0.014533128040175144 7.32963151855876 0.0 0.0
0.02478035 0.01962375 -2.050273 6.999013 0.3077527 0.3466246 -0.1324956 18.75744 1.154367 1 0.9890401 0.031609449697598345 7.293133918193056 0.0 0.0
-0.05955127 -0.02624341 -3.609366 3.605374 0.5604634 0.5541032 -0.3470014 19.21995 1.211182 1 0.0 0.0650774179500155 5.10159235943367 0.0 0.0
0.04386915 -0.01668193 -1.474394 5.152989 0.6415817 0.7248556 -0.6266949 19.22767 1.28429 1 0.7078293 0.046933880195945875 5.359769892575334 0.0 0.0
-0.04293849 0.04676759 -9.029179 8.493629 1.006938 0.9872495 -0.2143471 20.10988 2.494675 0 0.0 0.06348953770416194 12.396281983065808 0.0 0.0
-0.02177702 0.01425805 -3.613042 4.619789 1.233041 1.221326 0.05742343 20.45206 0.5515022 0 0.0 0.026029417778407955 5.864854891494333 0.0 0.0
0.005284283 -0.0331414 -2.36615 7.452399 0.6125583 0.5781803 -0.4437396 19.46243 0.9780903 0 0.0 0.033560036364463156 7.819009955083891 0.0 0.0
0.02461853 -0.022887 -3.281969 7.335524 0.3642739 0.411861 -0.2321867 18.9469 1.141773 1 0.9887794 0.03361378866419107 8.03624494845304 0.0 0.0
0.02361515 -0.01958159 -4.482761 2.899492 0.5887174 0.5813018 -0.4009199 19.52417 1.547861 1 0.0 0.0306775810071557 5.338745174775155 0.0 0.0
0.01413334 -0.01848436 -4.376833 6.910621 1.272817 2.024143 -0.05352524 20.48853 0.963419 0 0.0 0.02326849509884986 8.180058050865531 0.0 0.0
0.009063041 -0.02034901 0.3333267 6.183793 1.259881 1.51092 -0.1191766 20.60593 1.239569 0 0.0 0.022276016702897784 6.192770184318315 0.0 0.0
-0.04282438 0.02855651 -0.6693006 5.737644 0.6572405 0.6219074 -0.3509538 19.54956 1.275337 1 0.3309874 0.051472340006691944 5.776549312859397 0.0 0.0
0.01926379 0.01606257 -7.406828 6.654517 3.733576 3.69559 -0.5844358 20.92841 0.6723213 0 0.0 0.02508186117832965 9.957092824960155 0.0 0.0
0.01001932 -0.05871794 1.870028 -9.403131 3.667965 2.797688 -0.1826092 20.99928 1.0627 0 0.0 0.05956662866996923 9.58727684610938 0.0 0.0
0.03149578 0.05832845 -2.115279 3.027851 0.206017 0.2094243 -0.200547 18.11674 1.264652 1 0.0 0.06628870369234037 3.6935466595187343 0.0 0.0
0.00393741 0.03370784 -1.442281 7.775378 1.183631 1.049516 -0.2723485 20.29833 1.21385 0 0.0 0.03393702513441183 7.908013500610947 0.0 0.0
0.005739728 -0.03376721 -3.123047 -0.2463226 1.111155 1.470572 0.2584255 19.95429 nan 0 0.0 0.03425155396034002 3.1327459819589203 0.0 0.0
0.02702846 0.03602249 -2.997303 7.238481 1.072236 1.065101 -0.4418566 20.13342 1.340702 0 0.0 0.04503506895489003 7.8345026939283136 0.0 0.0
-0.02875735 -0.02426885 -2.982404 6.980697 1.364656 1.14429 -0.1955022 20.37217 1.109404 1 0.9555386 0.0376292739678166 7.59110428231789 0.0 0.0
0.006808966 0.01787565 -11.09889 9.230224 0.3102214 0.3129492 -0.1440088 18.7838 1.510138 1 0.0 0.01912853577542348 14.435456152206484 0.0 0.0
0.03645374 0.03570187 -3.005666 3.726423 0.1637939 0.1622476 -0.1990041 17.53876 1.29702 1 0.0 0.05102449099681936 4.78751046771545 0.0 0.0
-0.03171122 0.02354542 -3.579668 4.953475 0.8850116 0.9998223 -0.4013272 20.18028 1.05442 0 0.0 0.03949668690997765 6.111541341253367 0.0 0.0
-0.01556462 0.005447425 -2.222688 8.001175 0.5752762 0.5588927 -0.3718707 19.347 1.012142 1 0.9869381 0.016490355814081908 8.304164215980377 0.0 0.0
0.04866208 0.03741658 -0.9987913 7.467501 1.132458 0.9623432 -0.2587591 20.19516 1.49132 1 0.8078678 0.06138402470368655 7.533999949957306 0.0 0.0
0.01427898 -0.0141968 -3.164361 7.533385 0.669523 0.6348883 -0.3642773 19.61894 1.132214 1 0.9948564 0.020135500989059103 8.170989542065636 0.0 0.0
-0.04260628 -0.02019487 -3.589759 4.793589 0.3522794 0.3437926 -0.2208983 18.84937 1.191988 1 0.0 0.04715005694328799 5.988728177084179 0.0 0.0
-0.04438957 -0.02152077 -2.048388 1.013758 0.2428891 0.2541052 -0.1747563 18.49805 1.168407 1 0.0 0.04933130310642321 2.2855193460366947 0.0 0.0
-0.001650154 0.004083391 -2.457223 6.953067 0.3823388 0.4108912 -0.3050128 18.91942 1.114132 1 0.9990934 0.0044042127880697364 7.374488835045993 0.0 0.0
-0.009768159 -0.0196705 -2.706174 7.263793 0.2481256 0.2653097 -0.1942913 18.39982 1.149349 1 0.9991907 0.021962365548803733 7.7515202679942075 0.0 0.0
0.01557672 0.001724263 -2.461509 9.229406 3.0192 3.254497 -0.6099111 20.86867 2.277224 0 0.0 0.01567186296684504 9.55201348773739 0.0 0.0
0.01183298 -0.028385 -1.802598 7.331718 1.081419 1.001583 -0.06242657 20.37329 1.058386 0 0.0 0.030752685097083798 7.550062806435984 0.0 0.0
0.01091314 -0.0101423 -5.038409 11.91347 1.490167 1.760591 -0.7305295 20.26952 nan 0 0.0 0.014898418504982332 12.935081472189536 0.0 0.0
-0.02087644 0.004310792 -1.81976 7.443377 0.6283407 0.5691656 -0.3364795 19.45419 1.069397 1 0.9895886 0.0213168636234523 7.662596663124648 0.0 0.0
0.02244778 -0.02537786 -8.668025 5.237933 0.9869223 1.046768 -0.4550369 20.06146 2.01086 0 0.0 0.033881242673609244 10.127714426913606 0.0 0.0
-0.0547348 0.02410185 -5.095366 7.234495 0.3566823 0.3699946 -0.07607044 18.96022 1.670519 1 0.0 0.059806333313976875 8.848766726441658 0.0 0.0
-0.03382787 0.02598911 -2.347718 6.732567 0.7264323 0.7334186 -0.3805199 19.72721 1.051121 1 0.977221 0.0426586289902641 7.130163968452129 0.0 0.0
0.0052436 -0.01779867 -2.147281 6.407624 0.7171788 0.7068469 -0.4161308 19.6748 nan 0 0.0 0.018554999184287234 6.7578444061947005 0.0 0.0
-0.008260392 0.004035082 -2.842639 5.819452 1.116866 0.8206862 -0.123178 19.95234 nan 0 0.0 0.00919325637303714 6.476620883194029 0.0 0.0
-0.01157038 -0.01866491 -1.995077 7.36603 0.2750962 0.286005 -0.1656672 18.62058 1.29525 1 0.9783938 0.021960249512528313 7.6314304161689765 0.0 0.0
0.02639565 -0.04267357 -7.923147 7.497424 0.6972418 0.6998244 -0.09758542 19.75412 1.666843 0 0.0 0.05017732471413158 10.908144893582273 0.0 0.0
0.01337012 -0.0006536403 -3.119591 6.447058 0.5480072 0.5336542 -0.3897818 19.37875 1.088062 1 0.9906882 0.013386088093845195 7.162150854502089 0.0 0.0
-0.02023858 -0.01885106 -3.074854 7.596432 0.6169719 0.6463379 -0.2524235 19.79717 1.269718 1 0.9920911 0.027657956966124594 8.195151386761566 0.0 0.0
0.03855139 0.04666692 -10.57569 11.51337 1.804062 1.630509 -0.06876999 20.6877 1.835197 0 0.0 0.06053107543418091 15.633390794482175 0.0 0.0
-0.004475441 0.001297993 -3.06781 7.515746 0.3534095 0.3492908 -0.2130894 18.93964 1.172726 1 0.9985889 0.00465986673334442 8.117751913714535 0.0 0.0
-0.05238218 0.0324582 -5.183723 8.488385 1.262355 1.152526 0.1150762 20.37729 1.717852 0 0.0 0.0616232710004297 9.946037605446401 0.0 0.0
-0.02842882 0.01241409 -2.727347 6.989538 0.05982881 0.06245427 -0.1959426 15.65542 1.533185 1 0.9995935 0.031021080527932936 7.502803683414154 0.0 0.0
-0.03486345 0.0342948 -4.450402 5.154574 1.8649 2.432887 -0.0457563 20.67215 0.8193855 0 0.0 0.048903920629561996 6.809971445100192 0.0 0.0
-0.01033938 0.002522967 -2.574921 5.881258 0.8620572 0.951206 -0.5081454 19.97151 0.9739971 0 0.0 0.010642750643865006 6.4202347168000795 0.0 0.0
0.05552095 0.01910121 -2.133065 7.381096 1.785457 1.784171 -0.3705478 20.60991 2.165386 0 0.0 0.058714837242102615 7.683133765296619 0.0 0.0
-0.008328282 -0.0001306114 -4.185641 5.974891 1.080046 1.016884 -0.3860484 20.28074 1.083353 0 0.0 0.00832930611811896 7.29512940548432 0.0 1.0
0.002860189 0.02129509 -1.94294 7.164887 0.7620165 0.7517016 -0.4063357 19.8624 0.8868618 0 0.0 0.02148631050747943 7.423652845221752 0.0 0.0
0.02089786 0.05326101 -2.368652 7.634077 0.3486823 0.3611732 -0.2261039 18.93468 1.131979 1 0.9579173 0.05721412184766712 7.9930997703665 0.0 0.0
0.008465919 -0.04597574 -1.227548 4.352248 1.338469 1.568302 -0.1374352 20.58911 0.9352894 0 0.0 0.046748694666933335 4.522050060073196 0.0 0.0
0.03849833 -0.02313455 -9.083042 5.629997 0.2673867 0.2802291 -0.216397 17.5694 1.594179 0 0.0 0.044914683751434786 10.68637067454489 0.0 0.0
0.01929915 -0.007565739 -3.686338 8.261096 0.9477228 0.8904298 -0.3817452 19.90933 1.289541 0 0.0 0.020729148495261956 9.046258617321307 0.0 0.0
-0.004499545 -0.03554436 -2.455841 5.896209 1.222715 1.169284 -0.1049715 20.37348 1.068615 0 0.0 0.03582802580406329 6.387208747877432 0.0 0.0
-0.007850176 0.003661497 -2.929154 7.334896 0.5803013 0.5774541 -0.4159543 19.39159 1.091955 0 0.0 0.008662091174305718 7.898141710967966 0.0 0.0
0.004740424 -0.01763826 -2.203912 7.540985 0.3685981 0.3837941 -0.2812967 18.98575 0.9737682 0 0.0 0.0182641680765201 7.85644212566789 0.0 0.0
-0.04122926 -0.05008251 -0.3405225 1.905079 1.986124 2.54307 -0.1911862 20.77077 1.253355 0 0.0 0.06486994441224456 1.9352729960517845 0.0 0.0
7.710199e-05 -0.009977478 -1.795778 6.943929 0.7654205 0.7852771 -0.3719061 19.81436 1.087191 0 0.0 0.009977775902341461 7.172375379351321 0.0 0.0
-0.008718726 0.03595617 -3.060064 6.628843 0.4004333 0.4341012 -0.2848811 19.0958 1.081446 0 0.0 0.03699813973880276 7.301065073175625 0.0 0.0
-0.01409645 0.02449972 -1.635898 6.084838 1.261011 1.078481 -0.1113689 20.23793 0.5811825 0 0.0 0.02826563607423155 6.300905946976831 0.0 0.0
-0.0247866 -0.02104863 -3.362174 7.537882 1.084914 1.184952 -0.2453764 20.18605 1.032743 0 0.0 0.032518000621761786 8.25371910427051 0.0 0.0
-0.0405665 0.04730928 -4.480508 8.910914 0.7977604 0.7292464 -0.444936 19.61142 1.373638 1 0.4447422 0.062320212582824205 9.973933038348514 0.0 0.0
0.0003267093 0.0374392 -3.839527 3.956911 1.300913 1.253176 -0.306775 20.51138 1.286757 0 0.0 0.03744062547029238 5.513538994661233 0.0 0.0
-0.01098293 0.03633592 -3.781787 6.933601 1.301549 1.374716 -0.06583462 20.62624 0.812767 0 0.0 0.03795950254720549 7.897894386516573 0.0 0.0
0.01805331 -0.04842701 -5.199095 9.601387 1.213481 1.1852 0.1964299 20.50961 1.554239 0 0.0 0.0516826595629153 10.918663890000188 0.0 0.0
0.007454429 -0.01207008 -2.526408 7.922571 0.7124721 0.7705067 -0.4762619 19.66546 1.012671 0 0.0 0.014186449271133387 8.315640001377224 0.0 0.0
-0.003191361 -0.01478439 -17.92905 21.09366 1.124551 1.21705 -0.286565 18.91937 1.119354 0 0.0 0.015124912320553166 27.68380981906392 0.0 0.0
-0.008479473 0.03070731 -8.272861 8.556422 1.573222 1.277759 -0.2386664 20.3322 1.035622 0 0.0 0.03185655897603865 11.901789217063333 0.0 0.0
-0.003100807 -0.01457837 1.524017 8.848298 1.185324 0.9932708 -0.4115621 19.53791 nan 0 0.0 0.014904491803082351 8.978585930595807 0.0 0.0
0.001234558 0.01804523 -2.722603 7.05674 0.05573342 0.05216661 -0.06271444 15.61539 1.355732 1 0.9999488 0.01808741162268012 7.563738924844577 0.0 0.0
-0.0475851 -0.03355616 -3.881812 7.831513 0.6141345 0.6340958 -0.4208647 19.59447 1.098454 0 0.0 0.0582267774821482 8.740770004554118 0.0 0.0
0.02585507 -0.001549958 -3.596895 8.792992 1.588007 1.593109 -0.106258 20.64705 1.16651 0 0.0 0.025901486723867106 9.500229573704468 0.0 0.0
0.0008156459 -0.06263557 -3.407235 3.034482 0.122374 0.1218891 -0.1112418 17.26079 1.431141 1 0.0 0.06264088048119285 4.562601380084502 0.0 0.0
0.05431542 -0.03626068 -2.29467 6.82603 0.2872444 0.2982138 -0.1786621 18.62845 1.285009 1 0.9698149 0.06530698097323746 7.201402361332132 0.0 0.0
