jas1101finalproject/data/gcs/E_3.ecsv
# %ECSV 0.9
# ---
# datatype:
# - {name: x, unit: deg, datatype: float64}
# - {name: y, unit: deg, datatype: float64}
# - {name: pmx, unit: mas / yr, datatype: float64}
# - {name: pmy, unit: mas / yr, datatype: float64}
# - {name: pmx_e, unit: mas / yr, datatype: float64}
# - {name: pmy_e, unit: mas / yr, datatype: float64}
# - {name: pm_corr, datatype: float64}
# - {name: g_mag, unit: mag, datatype: float64}
# - {name: bp_rp, unit: mag, datatype: float64}
# - {name: filter, datatype: int64}
# - {name: memberprob, datatype: float64}
# - {name: r, unit: deg, datatype: float64}
# - {name: pm, unit: mas / yr, datatype: float64}
# - {name: member_prob_GMM, datatype: float64}
# - {name: member_prob_DB, datatype: float64}
# meta: !!omap
# - comments: [deg deg mas/yr mas/yr mas/yr mas/yr dimless mag   mag   zeroone float]
# - __serialized_columns__:
#     bp_rp:
#       __class__: astropy.units.quantity.Quantity
#       unit: &id001 !astropy.units.Unit {unit: mag}
#       value: !astropy.table.SerializedColumn {name: bp_rp}
#     g_mag:
#       __class__: astropy.units.quantity.Quantity
#       unit: *id001
#       value: !astropy.table.SerializedColumn {name: g_mag}
#     pm:
#       __class__: astropy.units.quantity.Quantity
#       unit: !astropy.units.Unit {unit: mas / yr}
#       value: !astropy.table.SerializedColumn {name: pm}
#     pmx:
#       __class__: astropy.units.quantity.Quantity
#       unit: !astropy.units.Unit {unit: mas / yr}
#       value: !astropy.table.SerializedColumn {name: pmx}
#     pmx_e:
#       __class__: astropy.units.quantity.Quantity
#       unit: !astropy.units.Unit {unit: mas / yr}
#       value: !astropy.table.SerializedColumn {name: pmx_e}
#     pmy:
#       __class__: astropy.units.quantity.Quantity
#       unit: !astropy.units.Unit {unit: mas / yr}
#       value: !astropy.table.SerializedColumn {name: pmy}
#     pmy_e:
#       __class__: astropy.units.quantity.Quantity
#       unit: !astropy.units.Unit {unit: mas / yr}
#       value: !astropy.table.SerializedColumn {name: pmy_e}
#     r:
#       __class__: astropy.units.quantity.Quantity
#       unit: &id002 !astropy.units.Unit {unit: deg}
#       value: !astropy.table.SerializedColumn {name: r}
#     x:
#       __class__: astropy.units.quantity.Quantity
#       unit: *id002
#       value: !astropy.table.SerializedColumn {name: x}
#     y:
#       __class__: astropy.units.quantity.Quantity
#       unit: *id002
#       value: !astropy.table.SerializedColumn {name: y}
# schema: astropy-2.0
x y pmx pmy pmx_e pmy_e pm_corr g_mag bp_rp filter memberprob r pm member_prob_GMM member_prob_DB
[from data line 111]
-0.01193748 0.01564415 -3.883888 7.508827 0.6874396 0.7054754 -0.2371474 19.90839 1.260765 0 0.0 0.019678487187101044 8.45381978235123 0.0 0.0
-0.02287653 0.06187127 -3.547485 8.923568 0.7266063 0.68073 -0.3655204 19.7163 1.270296 1 0.5158074 0.06596506405858937 9.6028493519293 0.0 0.0
-0.05403322 0.01487315 -5.640454 5.084759 1.306588 1.185371 -0.3450531 20.31762 1.904514 0 0.0 0.056042835889084874 7.5940434166652615 0.0 0.0
-0.001103086 0.01238423 2.601699 -3.701048 0.9771996 0.8831638 -0.1958236 19.92532 nan 0 0.0 0.012433259886944211 4.524001987721159 0.0 0.0
-0.007308241 0.01397676 -2.684586 8.208521 0.8259998 0.8888147 -0.612694 19.60216 1.196274 0 0.0 0.015772133863611513 8.636366076008878 0.0 0.0
0.0144637 -0.008062964 -2.59063 6.905191 0.9820214 0.9799458 -0.4207823 20.03009 1.011946 0 0.0 0.01655928761013879 7.375162814703212 0.0 0.0
0.0137863 0.005296854 -2.220333 7.665544 0.4723982 0.7925301 -0.4095089 19.05781 1.42012 0 0.0 0.014768843217642876 7.980629263837845 0.0 0.0
0.04933604 0.004752362 -2.590295 7.08983 0.1127784 0.112205 -0.2377629 17.03279 1.488596 1 0.9990657 0.04956440040453071 7.548199627455874 0.0 0.0
-0.0005209402 0.002649159 -2.840434 8.147419 0.9135129 0.8983636 -0.1794837 20.25055 1.031658 0 0.0 0.0026998929792228874 8.628354516935254 0.0 0.0
0.004110942 -0.003165082 -3.801151 10.59695 1.228049 1.276426 -0.3921932 20.16924 1.159037 0 0.0 0.005188216282508662 11.258068139219134 0.0 0.0
0.002756033 0.006249951 -2.889797 6.345448 1.008869 0.9897911 -0.1333252 20.25251 0.8806 0 0.0 0.006830637261594997 6.9724914501140125 0.0 0.0
0.01212886 0.0119132 -2.700915 7.174639 0.1400398 0.1423614 -0.1765466 17.50717 1.479263 1 0.9998235 0.01700098759306647 7.666184619323096 0.0 0.0
-0.05155336 -0.004777844 -1.118599 -1.382679 0.183783 0.1819728 -0.09549831 17.91396 1.155964 1 0.0 0.051774286287479966 1.778500756210691 0.0 0.0
0.04940995 0.03208077 -3.165206 7.086079 0.323363 0.3335193 -0.2024151 18.88541 1.131104 1 0.9657378 0.0589111106905599 7.760866228500334 0.0 0.0
-0.003090713 -0.02870038 -3.219171 7.384047 2.817151 3.169648 -0.653811 20.79875 0.3016987 0 0.0 0.028866318071288016 8.055259898069707 0.0 0.0
0.005575424 0.01263485 -2.393845 6.97553 0.3280407 0.3375829 -0.193298 18.92616 1.185957 1 0.9989219 0.01381031452582728 7.374856789451915 0.0 0.0
-0.02376648 0.02623272 -2.716637 6.297449 1.42165 1.46405 -0.1360452 20.49731 1.120565 0 0.0 0.03539775656999749 6.8584240534812375 0.0 0.0
0.0127516 0.02967384 -5.53665 5.35572 1.107237 1.032934 -0.377609 20.16664 2.138979 0 0.0 0.03229767921856925 7.703131177702999 0.0 0.0
-0.04888986 0.02093612 -2.601859 7.883381 0.6327928 0.6242415 -0.4148318 19.49151 1.198071 1 0.9484353 0.0531840157516711 8.301648405409734 0.0 0.0
-0.04710093 -0.03308898 -2.32167 6.265097 0.4413426 0.4414496 -0.4223342 19.00111 1.150541 1 0.9239419 0.057561951011977516 6.681436373139312 0.0 0.0
0.01992799 -0.02650287 -3.077532 6.565315 0.5703126 0.6027237 -0.4468951 19.31485 1.083878 0 0.0 0.03315911494109877 7.250831970212039 0.0 0.0
0.02958447 0.01347962 -2.98232 7.477055 0.1672935 0.1723348 -0.2445471 17.59281 0.9088326 1 0.9923405 0.03251062934680441 8.049880996351746 0.0 0.0
0.005424414 -0.01064237 -2.522193 7.069124 0.1943301 0.1996978 -0.1777301 18.07151 1.446331 1 0.9996657 0.011945053639908696 7.505596022743631 0.0 0.0
0.01042247 0.00999971 -3.259449 7.755637 0.2305375 0.2371395 -0.1826754 18.36593 1.133144 1 0.9595883 0.014443755778363189 8.412723284369337 0.0 0.0
-0.006230095 -0.03874943 -3.359752 7.958607 1.303774 1.277845 -0.1161977 20.59295 0.9586754 0 0.0 0.039247068795439044 8.638712802377041 0.0 0.0
0.01354731 -0.01108321 -2.280459 5.80391 1.248288 1.137 -0.05450422 20.4965 0.7894592 0 0.0 0.01750334688395908 6.235853152438806 0.0 0.0
0.008314715 0.02618318 -2.744525 7.192165 0.7716016 0.6059345 -0.3409386 19.51948 1.290388 1 0.9932152 0.027471683611377463 7.698029284359082 0.0 0.0
0.03067677 -0.02501332 -3.69669 7.506829 0.6248282 0.6326596 -0.4164191 19.57647 1.305204 1 0.9619032 0.039581945316713524 8.367675817772877 0.0 0.0
-0.01296262 -0.05859087 -2.87433 9.660286 1.33546 1.33506 -0.1765608 20.60715 1.149271 0 0.0 0.060007662549222 10.078834186089976 0.0 0.0
-0.009249418 0.02429046 -2.496057 6.665517 0.2886248 0.2900999 -0.195996 18.58432 1.261335 1 0.9964931 0.025991886817819207 7.117542934506121 0.0 0.0
-0.0262094 -0.01079752 -4.86284 9.471418 1.19007 1.248587 -0.3138825 20.30092 1.276316 0 0.0 0.02834641223348027 10.64682918977871 0.0 0.0
-0.0394741 0.04511537 -4.020646 6.240913 1.405715 1.236473 -0.01153041 20.407 1.595623 0 0.0 0.05994665279268643 7.423920078427906 0.0 0.0
0.005167381 -0.01544116 -3.242983 8.256849 2.082408 2.023813 -0.3794112 20.70156 1.092848 0 0.0 0.0162828513640812 8.870878995177987 0.0 0.0
-0.006660941 -0.02166743 -0.6326203 7.278016 3.178184 2.94322 -0.4871805 20.64368 nan 0 0.0 0.02266816397087292 7.305458598899052 0.0 0.0
-0.0492969 -0.003807732 -2.933034 5.818419 0.7134329 0.6706128 -0.3657999 19.68081 1.035631 0 0.0 0.04944373744564445 6.5158796877104015 0.0 0.0
0.01186673 0.02677551 -3.419759 3.920706 0.6786364 0.649464 -0.4309161 19.6409 1.326015 0 0.0 0.029287321773303204 5.202565439907219 0.0 0.0
-0.003983922 -0.001883304 -2.105523 9.071267 1.934721 1.420778 -0.1330953 20.68741 0.869194 0 0.0 0.004406639134136127 9.312417091648012 0.0 0.0
-0.01185467 -0.05966554 -0.3432259 3.562872 0.856502 0.8216898 -0.3644155 19.94397 0.9658794 1 0.004088814 0.060831816217342224 3.5793659922973524 0.0 0.0
-0.01224418 -0.03684639 -5.261789 5.019282 1.405495 1.462144 -0.1167679 20.60338 1.101551 0 0.0 0.038827521166107166 7.271837132117647 0.0 0.0
0.0573718 0.02830191 0.4799949 2.154956 1.014078 1.197997 -0.5418587 20.02118 1.22891 0 0.0 0.06397281879742442 2.2077659445607023 0.0 0.0
-0.001147509 -0.05514354 -9.787779 9.658807 0.9355121 0.9627748 -0.4313189 20.12051 1.655909 0 0.0 0.0551554782468313 13.75111524262996 0.0 0.0
-0.02692145 -0.000918893 1.838266 6.097548 0.1856972 0.1928482 -0.1760486 17.72582 1.143997 1 0.0 0.026937127434972515 6.368619434309134 0.0 0.0
0.002766463 0.03939967 -8.765857 6.331248 0.2577832 0.2679324 -0.1684824 18.51653 1.22736 1 0.0 0.03949667471622477 10.813184090819549 0.0 0.0
0.004654761 -0.05969144 -6.44991 12.44634 1.850692 2.299677 -0.2815308 20.78746 2.337181 0 0.0 0.059872654937297716 14.018299411972194 0.0 0.0
-0.02656662 -0.0019405 -2.666753 6.999146 0.1378718 0.1443959 -0.1556377 17.32331 1.419922 1 0.9996142 0.026637395489694557 7.48996770969842 0.0 0.0
0.006261323 0.02632167 -2.515511 6.752743 0.6642846 0.6077028 -0.4476848 19.53911 1.081402 1 0.9934875 0.027056135668258853 7.206062282215579 0.0 0.0
-0.00736569 -0.00325045 -4.7237 8.507469 1.233854 1.359122 -0.6062923 20.05625 1.232069 0 0.0 0.008051013251672115 9.730897721996723 0.0 0.0
0.05446634 -0.01715715 -3.49349 5.063645 1.16558 1.104802 0.08784554 20.3521 1.174032 1 0.5968442 0.0571047282553564 6.151826807227671 0.0 0.0
-0.05128485 0.01136715 0.2861112 7.821256 1.027533 0.9920524 -0.3947342 20.10802 1.252131 0 0.0 0.052529495891784454 7.826487400890737 0.0 0.0
0.01942301 0.04152928 -4.561784 10.73486 1.001925 1.031145 -0.4176535 20.12041 2.015949 0 0.0 0.045846858286893555 11.66392268845503 0.0 0.0
0.03582933 -0.04830396 -1.692393 6.810717 0.8616987 0.8371933 -0.3702344 19.98268 1.322588 1 0.902202 0.06014161155082644 7.017838707218769 0.0 0.0
-0.0113634 -0.04794635 -4.372346 7.823947 1.185677 1.179381 -0.1189615 20.4199 2.152142 0 0.0 0.04927453031620392 8.96278730097535 0.0 0.0
-0.005885659 -0.0007319913 -5.496648 12.26088 2.667291 2.794437 -0.6931646 20.67625 0.8143482 0 0.0 0.005931002708442872 13.436603648627283 0.0 0.0
-0.01907231 0.02294458 -0.3724592 5.444989 1.202701 1.105589 -0.3615031 20.31261 0.9834442 0 0.0 0.02983633288647417 5.457712988586486 0.0 0.0
0.003914546 0.02491878 -3.346888 6.647462 0.5826507 0.5389451 -0.4697783 19.31453 1.053696 1 0.9792544 0.025224378427912076 7.442473401093752 0.0 0.0
0.01649011 -0.02236289 -8.270995 7.496986 4.495447 4.436075 -0.07339086 20.86386 1.30925 0 0.0 0.027785294257290132 11.163071144367978 0.0 0.0
0.008984184 -0.02280562 -2.779048 8.415424 1.070258 1.091604 -0.4186574 20.23496 1.17119 0 0.0 0.024511463965464324 8.862418907165244 0.0 0.0
0.02747078 -0.001568548 -1.893122 3.675773 0.8849297 0.8504818 -0.4088368 19.91143 1.664803 0 0.0 0.027515524647673064 4.134636387206618 0.0 0.0
0.007119335 -0.05358143 -3.030072 4.463644 1.098554 1.147444 -0.04960573 20.45046 0.9861946 0 0.0 0.05405233178769557 5.394947088148316 0.0 0.0
-0.008849123 -0.01956303 -2.996122 7.216116 0.3996923 0.4379245 -0.2499864 19.04949 1.160099 1 0.9976164 0.021471355817694163 7.81339088772218 0.0 0.0
0.01196959 -0.02205273 -1.882775 8.607066 1.676896 1.955182 -0.1194568 20.65016 1.045622 0 0.0 0.025091711484492244 8.810586066146849 0.0 0.0
-0.01360798 -0.01105276 -2.65874 6.747299 0.2329912 0.2471855 -0.1999898 18.39494 1.26247 1 0.998725 0.017531132972457886 7.252237046801559 0.0 0.0
0.01118342 -0.008143633 -2.799994 6.859578 0.1173129 0.1208181 -0.1744869 17.24248 1.42873 1 0.9985199 0.013834292223857677 7.409033455054714 0.0 0.0
-0.02005981 -0.01083228 -1.719683 7.373749 0.9742714 0.9659381 -0.188699 20.35585 1.276228 1 0.9867306 0.022797681181087256 7.571623599697095 0.0 0.0
0.0049983 -0.05338207 -3.691315 8.51414 0.7082213 0.7569727 -0.4435113 19.67979 1.03231 0 0.0 0.0536155611774688 9.279891506306795 0.0 0.0
0.04411523 -0.04868063 -1.623344 7.239282 0.7048632 0.7097671 -0.4234279 19.76151 1.145149 1 0.8505151 0.06569594550008243 7.419059887739147 0.0 0.0
0.04129482 0.001957638 -0.9173725 6.564431 2.8048 2.536636 -0.06024154 20.78132 0.8450546 0 0.0 0.04134119622569531 6.628221983120152 0.0 0.0
0.004652456 0.01765535 -3.803123 6.730673 1.064321 0.9856464 -0.3599117 20.22202 0.8916073 0 0.0 0.01825805932881247 7.730828130676429 0.0 0.0
0.01482826 -0.01220614 -3.993539 9.231124 1.326435 1.073075 -0.2079506 20.31608 nan 0 0.0 0.01920591441007691 10.0579323942795 0.0 0.0
0.00113133 -0.04648418 -1.78467 7.063141 1.158071 1.189706 -0.1508782 20.52467 0.9538155 0 0.0 0.04649794509267372 7.285122359630002 0.0 0.0
-0.02463469 0.003091105 3.877291 18.07407 0.5734661 0.5356927 -0.3670568 19.31285 1.548487 1 0.0 0.02482786502132483 18.485275001026654 0.0 0.0
-0.037796 0.01651002 -5.200999 1.214657 0.2532029 0.2630724 -0.1763384 18.49207 1.525686 1 0.0 0.04124461633232149 5.340953306821733 0.0 0.0
0.007881832 -0.00469271 -2.504813 7.738851 0.273028 0.2830557 -0.2359291 18.50405 1.241945 1 0.9949259 0.009173047629895095 8.134119679791416 0.0 0.0
0.02758403 -0.05064116 -3.993761 5.087616 1.237811 1.163775 -0.316217 20.35642 1.410656 0 0.0 0.05766633157386119 6.467918018077919 0.0 0.0
0.01195941 -0.05827709 -0.9539224 3.965062 0.2436422 0.2525809 -0.1661779 18.26208 1.250607 1 0.0 0.059491568364064835 4.078196244550495 0.0 0.0
-0.03527308 0.02638199 -3.39839 7.530023 0.3311068 0.3441979 -0.1818474 18.85443 1.159069 1 0.9596397 0.04404769652372868 8.261374036601236 0.0 0.0
0.02491591 0.03238749 -9.479958 15.03608 0.7835011 0.7518066 -0.3902754 19.68643 1.483156 0 0.0 0.040862600010623404 17.775075399225848 0.0 0.0
0.009263052 -0.003358482 0.8878853 6.927107 1.509728 1.294622 -0.06308893 20.5691 0.7385006 0 0.0 0.00985309767022676 6.983777752434931 0.0 0.0
-0.0189522 -0.03132318 7.362435 4.295789 0.9459389 0.9780334 -0.1296763 20.25989 1.488503 0 0.0 0.03661048333677664 8.524039668006361 0.0 0.0
0.001042594 0.01551229 -1.936788 6.058183 0.6946747 0.6490879 -0.371574 19.61834 1.154648 0 0.0 0.015547287329078858 6.360245987258119 0.0 0.0
-0.01381299 -0.01395215 -2.701226 6.75756 0.6546749 0.6636472 -0.4217263 19.68205 1.189369 1 0.9953995 0.01963316536788197 7.277447289858993 0.0 0.0
-0.003827156 -0.05465577 -2.465059 7.249026 0.6045584 0.6093235 -0.4022491 19.54789 1.126604 0 0.0 0.05478960044881908 7.656689481894705 0.0 0.0
0.0004320105 -0.03761878 7.685088 5.661494 0.9723707 0.9164699 -0.342637 19.91875 2.155294 0 0.0 0.03762126050201548 9.545317798783863 0.0 0.0
-0.008153711 0.02676312 -2.700791 7.131902 0.03515256 0.03608473 -0.1001887 13.5934 0.1771202 1 0.9999764 0.027977626690016456 7.626158807898312 0.0 0.0
-0.01232708 -0.02721054 -2.758913 8.33377 0.7363607 0.723869 -0.3672451 19.69375 1.054323 1 0.9756627 0.029872569163331097 8.77857182886083 0.0 0.0
-0.03032884 -0.0004686708 -2.70798 6.824671 0.1457657 0.1431473 -0.08958938 17.4708 0.6632156 1 0.9978817 0.030332460962875608 7.342294596285346 0.0 0.0
0.003215612 -0.01086289 -2.335021 6.389369 1.686608 1.598638 -0.2860112 20.62949 1.450811 0 0.0 0.011328836643126424 6.802672951759624 0.0 0.0
-0.02894537 0.01332848 -1.727 7.647078 0.783269 0.8485283 -0.6053018 19.43305 1.191948 0 0.0 0.03186664123416994 7.8396639556861105 0.0 0.0
0.0514964 -0.01984579 -2.683796 7.063787 0.8167253 0.7630598 -0.3415962 19.83978 1.20183 1 0.9523599 0.05518817440071831 7.556444120814035 0.0 0.0
-0.008029985 0.03354573 -2.173912 2.867317 1.369352 1.431923 -0.3748239 20.47436 1.339771 0 0.0 0.034493429234176254 3.5982495969892083 0.0 0.0
-0.02555497 0.0096735 -1.253003 8.072396 1.823506 2.915573 -0.01717251 20.71667 1.96446 0 0.0 0.0273245877178577 8.169063208154592 0.0 0.0
0.009834753 -0.02443893 -4.159852 9.738354 0.9781506 1.014024 -0.2267823 20.31175 1.05689 0 0.0 0.026343569729934267 10.589613179489607 0.0 0.0
-0.009454253 0.009809718 -4.279591 8.607737 0.8707622 0.7988574 -0.09615495 20.04583 1.171207 1 0.9485822 0.013624003340704707 9.612909829414297 0.0 0.0
0.006024243 0.001556764 -3.033508 8.301776 1.275693 1.272212 0.02039659 20.58873 0.9121475 0 0.0 0.006222139332636726 8.83864557159297 0.0 0.0
0.0004119742 -0.03567328 -6.209262 6.51494 1.03155 1.197365 -0.1644772 20.31097 2.100979 0 0.0 0.03567565877036983 8.99996543261384 0.0 0.0
0.02368343 -0.01160899 -1.190901 8.783107 1.333597 1.150623 -0.2747538 20.43946 1.271685 0 0.0 0.026375623317468726 8.863476392773322 0.0 0.0
-0.02265868 -0.01804637 -2.717151 7.1248 0.0444626 0.04983468 -0.2222027 15.25374 1.585241 1 0.9999596 0.0289670027707269 7.625331769621633 0.0 0.0
-0.004738906 0.01429076 -2.315313 8.094507 0.6739385 0.645406 -0.3488406 19.60276 1.101976 1 0.9900235 0.015055997192296364 8.419128093871597 0.0 0.0
0.001557249 -0.03991531 0.8061983 7.423376 1.480104 1.52703 -0.05052188 20.46212 1.261448 0 0.0 0.039945675571256785 7.467025307061634 0.0 0.0
0.01602683 0.0151896 -7.415577 8.749979 0.4427635 0.4336418 -0.1670144 19.13016 2.342855 1 0.0 0.0220812868286452 11.46965190157792 0.0 0.0
0.007202761 0.006126169 -3.165089 9.569154 1.211408 1.161064 -0.03158997 20.46084 1.115759 0 0.0 0.009455670924883227 10.079012682482198 0.0 0.0
0.03854398 -0.04039246 -4.531462 7.498301 1.316617 1.104054 -0.06470889 20.52182 1.098095 0 0.0 0.055831793980598544 8.7612023001438 0.0 0.0
0.00996935 -0.006441284 -3.628509 6.370219 0.925611 0.8849005 -0.3779427 20.07335 1.32489 0 0.0 0.011869207176183083 7.331150501186154 0.0 0.0
0.006033771 0.02924383 0.5222951 4.443388 1.622621 1.290833 0.1830816 20.57038 1.170439 0 0.0 0.02985980551760746 4.473979111487671 0.0 0.0
-0.003982137 -0.01856116 -1.83157 5.753687 0.8652215 0.8472066 -0.3078686 19.99634 1.049255 0 0.0 0.0189835211600053 6.038175449493746 0.0 0.0
0.01322117 0.0146816 -3.151385 7.076288 1.830112 1.296011 -0.1452131 20.63825 0.9985847 0 0.0 0.01975724461378408 7.746294551407725 0.0 0.0
0.006585011 0.00749216 -4.145551 5.020265 1.451516 0.9949148 -0.3245702 20.16224 nan 0 0.0 0.00997470958653539 6.510656937961484 0.0 0.0
0.002960467 -0.05481576 -2.524233 7.864019 0.4563514 0.4737071 -0.4123286 19.16952 1.167732 1 0.9401288 0.0548956456309213 8.259209833310328 0.0 0.0
-0.05564294 -0.03455734 -1.115306 6.433968 1.147459 1.174705 -0.1959653 20.42502 1.284004 0 0.0 0.06550073678760568 6.52991973141018 0.0 0.0
0.0182472 -0.001155514 -3.109604 6.829125 0.254832 0.2598848 -0.1810068 18.53186 1.308853 1 0.9950408 0.01828375017451825 7.503771405262889 0.0 0.0
