jas1101finalproject/data/gcs/E_3.ecsv
# %ECSV 0.9
# ---
# datatype:
# - {name: x, unit: deg, datatype: float64}
# - {name: y, unit: deg, datatype: float64}
# - {name: pmx, unit: mas / yr, datatype: float64}
# - {name: pmy, unit: mas / yr, datatype: float64}
# - {name: pmx_e, unit: mas / yr, datatype: float64}
# - {name: pmy_e, unit: mas / yr, datatype: float64}
# - {name: pm_corr, datatype: float64}
# - {name: g_mag, unit: mag, datatype: float64}
# - {name: bp_rp, unit: mag, datatype: float64}
# - {name: filter, datatype: int64}
# - {name: memberprob, datatype: float64}
# - {name: r, unit: deg, datatype: float64}
# - {name: pm, unit: mas / yr, datatype: float64}
# - {name: member_prob_GMM, datatype: float64}
# - {name: member_prob_DB, datatype: float64}
# meta: !!omap
# - comments: [deg deg mas/yr mas/yr mas/yr mas/yr dimless mag   mag   zeroone float]
# - __serialized_columns__:
#     bp_rp:
#       __class__: astropy.units.quantity.Quantity
#       unit: &id001 !astropy.units.Unit {unit: mag}
#       value: !astropy.table.SerializedColumn {name: bp_rp}
#     g_mag:
#       __class__: astropy.units.quantity.Quantity
#       unit: *id001
#       value: !astropy.table.SerializedColumn {name: g_mag}
#     pm:
#       __class__: astropy.units.quantity.Quantity
#       unit: !astropy.units.Unit {unit: mas / yr}
#       value: !astropy.table.SerializedColumn {name: pm}
#     pmx:
#       __class__: astropy.units.quantity.Quantity
#       unit: !astropy.units.Unit {unit: mas / yr}
#       value: !astropy.table.SerializedColumn {name: pmx}
#     pmx_e:
#       __class__: astropy.units.quantity.Quantity
#       unit: !astropy.units.Unit {unit: mas / yr}
#       value: !astropy.table.SerializedColumn {name: pmx_e}
#     pmy:
#       __class__: astropy.units.quantity.Quantity
#       unit: !astropy.units.Unit {unit: mas / yr}
#       value: !astropy.table.SerializedColumn {name: pmy}
#     pmy_e:
#       __class__: astropy.units.quantity.Quantity
#       unit: !astropy.units.Unit {unit: mas / yr}
#       value: !astropy.table.SerializedColumn {name: pmy_e}
#     r:
#       __class__: astropy.units.quantity.Quantity
#       unit: &id002 !astropy.units.Unit {unit: deg}
#       value: !astropy.table.SerializedColumn {name: r}
#     x:
#       __class__: astropy.units.quantity.Quantity
#       unit: *id002
#       value: !astropy.table.SerializedColumn {name: x}
#     y:
#       __class__: astropy.units.quantity.Quantity
#       unit: *id002
#       value: !astropy.table.SerializedColumn {name: y}
# schema: astropy-2.0
x y pmx pmy pmx_e pmy_e pm_corr g_mag bp_rp filter memberprob r pm member_prob_GMM member_prob_DB
[from data line 333]
0.002706344 -0.006323281 -3.354984 7.292288 0.2903365 0.2980229 -0.1338525 18.63958 1.097607 1 0.9954747 0.006878094245595723 8.027040669835927 0.0 0.0
0.02844755 0.01338299 -1.680055 8.340175 1.182621 1.331454 -0.07816754 20.52896 1.175564 0 0.0 0.031438312969092344 8.507708494868051 0.0 0.0
-0.03787644 -0.04538775 -3.463237 8.413994 0.8739992 0.9389192 0.008882647 20.27699 1.256327 0 0.0 0.05911575557443294 9.098862871271608 0.0 0.0
0.01747585 -0.03986603 -3.613938 8.111865 0.6446731 0.6696589 -0.4232052 19.65711 1.417101 1 0.948391 0.04352821706874059 8.880478683385766 0.0 0.0
-0.04853964 -0.01227355 -4.052309 0.695424 0.7077957 0.6943441 -0.2979572 19.65567 1.288963 1 0.0 0.050067321487494224 4.111547491061851 0.0 0.0
-0.0457783 0.01172349 -0.9000718 7.255393 0.1789087 0.1508426 -0.149958 17.16369 1.250965 1 0.0 0.047255613091675155 7.311009289393923 0.0 0.0
-0.06331435 -0.01367267 -2.561974 7.519801 0.2774289 0.2774407 -0.2157954 18.5625 1.299484 1 0.9657997 0.0647738282090182 7.944250616406623 0.0 0.0
0.003215236 0.01465744 0.620606 5.788394 2.011455 2.373719 0.03267185 20.7044 0.6468124 0 0.0 0.015005941819469248 5.821568251465579 0.0 0.0
0.001145902 0.004648021 -1.586292 8.437784 0.8812746 1.212024 -0.4927227 20.00584 nan 0 0.0 0.004787190262569997 8.585599637760895 0.0 0.0
-0.03446387 -0.0169891 -2.850648 7.172401 0.8674804 0.9158228 -0.4581253 19.96393 1.140581 0 0.0 0.03842379281365779 7.7181299629317595 0.0 0.0
0.02805843 -0.03870216 -6.248506 5.668744 2.147215 1.478218 -0.08885554 20.61682 1.119556 0 0.0 0.04780306143680026 8.436734307157717 0.0 0.0
0.04709367 0.0008620727 -5.544643 15.75667 1.511861 1.732639 -0.2578374 20.72432 1.552729 0 0.0 0.047101559670662554 16.703763512644358 0.0 0.0
-0.02653735 -0.03249623 -2.811244 7.9697 0.6407131 0.6601786 -0.4297565 19.64775 0.9530697 0 0.0 0.04195516546547517 8.450988753840345 0.0 0.0
0.04042225 -0.05017151 -4.035807 1.325198 1.184451 1.172987 0.02941724 20.47349 1.210279 0 0.0 0.06442933113685567 4.247809774513567 0.0 0.0
0.03535153 -0.03701873 -2.078459 6.301614 0.6894383 0.6660715 -0.414715 19.6763 1.116756 1 0.9456551 0.05118707887889091 6.635535458399495 0.0 0.0
-0.0279522 -0.0275401 -0.3647013 1.287845 0.1265147 0.1287243 -0.179925 16.92246 1.299665 0 0.0 0.0392400636193419 1.3384886186466771 0.0 0.0
0.04516175 -0.01356594 -3.889503 5.609423 1.554481 1.698598 -0.3352423 20.62543 1.750278 0 0.0 0.047155258361566636 6.825969526736696 0.0 0.0
-0.04770006 0.003980294 -2.577021 6.885431 0.718256 0.7317778 -0.4280569 19.74219 1.230043 1 0.9729087 0.04786583817640757 7.35188392796037 0.0 0.0
-0.01722262 0.05694377 -3.222466 8.396307 1.46168 1.277764 -0.3201342 20.41704 1.354891 0 0.0 0.05949127315394502 8.993456418941774 0.0 0.0
-0.05216574 0.0230367 -7.9571 9.105771 0.9678538 0.8460356 -0.2695004 19.78243 1.464861 0 0.0 0.0570259061886578 12.092580614345351 0.0 0.0
0.007691529 -0.01409201 -1.584806 2.16139 1.014848 1.06702 -0.3902159 20.08636 1.276823 0 0.0 0.016054418837128333 2.680152381812646 0.0 0.0
-0.04177187 -0.003331091 -5.97474 2.916258 0.1999962 0.2062581 -0.1548012 18.12446 1.545151 1 0.0 0.0419044781681765 6.648464393389198 0.0 0.0
-0.008490197 -0.06530863 -3.005056 7.7063 0.5923903 0.5097222 -0.2380883 19.23007 1.058571 1 0.9317497 0.06585818550169531 8.271482409649192 0.0 0.0
0.04072466 -0.01049942 -3.34006 6.561262 1.284453 1.149257 -0.10469 20.49941 1.211046 0 0.0 0.04205634021704695 7.362483265600269 0.0 0.0
0.003163979 -0.01609664 -4.153165 7.666379 0.5228274 0.5196812 -0.4229008 19.34351 1.010513 1 0.9474955 0.016404651242926224 8.719067982810206 0.0 0.0
0.01317942 -0.003186405 -3.745789 6.992047 2.1079 2.306914 -0.6791462 20.58673 1.348831 0 0.0 0.013559140399023274 7.932191152684736 0.0 0.0
0.04088659 -0.01130865 -4.168884 4.490199 3.319755 2.969249 -0.3460104 20.93774 0.9015789 0 0.0 0.042421678498741656 6.127110319315052 0.0 0.0
-0.01237572 -0.04637563 -5.198331 4.162852 0.2735444 0.2861756 -0.1558295 18.65833 1.274853 1 0.0 0.047998515637624674 6.659728369795948 0.0 0.0
-0.06283745 -0.01305235 -4.8333 2.331922 0.7875868 0.7752905 -0.4321609 19.80954 1.420727 1 0.0 0.06417872671707503 5.366437282227754 0.0 0.0
-0.05426833 0.009180588 -1.955534 6.170566 0.6256358 0.6328318 -0.4273829 19.58725 1.296778 0 0.0 0.055039393501515294 6.473020777466421 0.0 0.0
-0.01144356 0.008633185 -2.830815 7.753092 0.4253244 0.4101992 -0.2056318 19.08385 1.073408 1 0.9969709 0.014334815963863122 8.25372334917333 0.0 0.0
-0.01025534 -0.03133623 -2.806189 7.106327 0.06440911 0.06279445 -0.05862373 15.80886 1.542586 1 0.9996939 0.03297167434523913 7.640325918090799 0.0 0.0
-0.04476295 0.03710256 -6.73973 4.380366 0.5956214 0.5513494 -0.3273408 19.32754 1.205568 1 0.0 0.05814053363408441 8.038132044626787 0.0 0.0
-0.01187838 -0.04481876 -2.855605 8.983651 1.363844 1.740262 -0.06886086 20.77619 0.9323044 0 0.0 0.04636612081425402 9.426582901869903 0.0 0.0
0.004667388 -0.04329588 -2.34374 5.766509 0.5913639 0.5989889 -0.4121227 19.54711 1.136282 1 0.8806422 0.04354673048251664 6.224607877985648 0.0 0.0
-0.05163733 0.00532322 -0.7185771 2.651263 0.154007 0.1536534 -0.1781453 17.6681 1.160685 1 0.0 0.05191098651246478 2.7469161879848847 0.0 0.0
0.007831933 -0.04259552 -16.5686 18.38393 0.6721114 0.6701445 -0.4029501 19.66249 2.070015 1 0.0 0.04330955435682626 24.74848254347931 0.0 0.0
0.002406141 -0.01357878 -6.122496 6.088542 1.596936 1.641188 -0.2969938 20.64813 1.35276 0 0.0 0.013790314746236976 8.634541154906843 0.0 0.0
-0.04099427 -0.04189538 -2.365645 6.9769 0.2838528 0.3017322 -0.1715748 18.73595 1.150358 1 0.9841561 0.05861529696399482 7.36704892586068 0.0 0.0
0.02996471 0.04562147 -1.49256 8.012004 0.9181367 0.9187737 -0.4176208 20.02694 1.140476 1 0.8104506 0.05458207004452103 8.149843154908933 0.0 0.0
0.04260789 -0.03892514 -4.255851 6.934191 1.329946 1.128363 -0.005410694 20.51879 1.071735 0 0.0 0.05771134043038422 8.136047723476185 0.0 0.0
0.00604398 -0.006530405 -2.009757 6.417384 0.5874678 0.6509565 -0.4112837 19.33817 1.255182 0 0.0 0.008898083147758567 6.724726061521391 0.0 0.0
-0.04942959 0.002791236 -4.537785 5.561425 0.7671234 0.7822837 -0.448992 19.90693 1.447195 0 0.0 0.04950833632809525 7.177808909190185 0.0 0.0
0.05671836 0.01364095 0.9818643 5.727896 0.2441085 0.2484515 -0.1946033 18.38325 1.311729 1 0.0 0.05833564843208739 5.811441309213274 0.0 0.0
0.009701581 -0.01423832 -2.439161 7.108106 0.2809979 0.3104402 -0.1683 18.65058 1.186491 1 0.9990287 0.017229347936644643 7.514963558870861 0.0 0.0
-0.00722996 -0.06547571 -2.227833 6.891022 0.8164013 0.6972233 -0.2265747 19.60494 1.042341 0 0.0 0.06587367396468563 7.24219746212246 0.0 0.0
-0.03449664 -0.02104804 -1.202696 6.249518 0.6130653 0.6107679 -0.427933 19.54467 1.150558 1 0.8837371 0.04041086684459021 6.3641930282432515 0.0 0.0
-0.04965587 -0.03618086 -2.235546 6.751604 0.4626462 0.4658565 -0.4092888 19.16856 1.148113 1 0.963272 0.06143907596795788 7.1120898820903555 0.0 0.0
0.01764355 0.04158523 -4.502369 6.530941 0.5546831 0.5779828 -0.4301022 19.26547 1.391762 1 0.03182999 0.04517329090021448 7.932497523330341 0.0 0.0
-0.01223871 0.03901272 -7.684802 7.659824 0.533481 0.5601006 -0.4530193 19.32423 1.157593 1 0.0 0.040887386126561086 10.850303474566045 0.0 0.0
0.00921355 -0.01625213 0.5438545 12.18522 1.448445 1.511325 0.2609617 20.06343 nan 0 0.0 0.018682109975572885 12.197350702737468 0.0 0.0
-0.002530494 0.003404232 -2.442564 7.063018 0.4501401 0.4471045 -0.4060466 19.12824 1.210777 0 0.0 0.004241720805741462 7.4734424572896785 0.0 0.0
0.03647999 0.003200452 -2.31859 6.338257 1.144145 1.095336 -0.3721702 20.1927 1.558598 0 0.0 0.0366201114608408 6.7490266991729255 0.0 0.0
-0.02318682 0.05415739 -1.330631 6.332069 0.6856997 0.6132677 -0.3116239 19.39916 1.142239 0 0.0 0.05891223568431689 6.4703691300359365 0.0 0.0
-0.004295524 -0.04455461 -3.165799 7.775349 1.107662 1.111305 -0.3958547 20.27231 0.7211361 0 0.0 0.04476119746707717 8.395137603410799 0.0 0.0
-0.03880215 -0.02923138 -11.28223 8.795878 0.2969055 0.3087845 -0.1719247 18.74435 1.478333 1 0.0 0.048580658922321135 14.30580943406503 0.0 0.0
-0.01724727 -0.06313539 -5.047635 3.641707 0.483114 0.5486602 -0.5876303 19.03994 1.464903 1 0.0 0.0654488028378289 6.224198660636885 0.0 0.0
-0.01226687 0.01539208 -0.5785795 8.23992 1.237831 1.505137 -0.2192063 20.50701 nan 0 0.0 0.01968228204053839 8.260207978266664 0.0 0.0
0.003380452 -0.009482009 -4.113677 8.369196 0.8283868 0.8474746 -0.379743 20.00242 1.106104 0 0.0 0.0100665759024797 9.325544495992983 0.0 0.0
-0.03080466 -0.01224961 -2.802681 6.901093 0.9818118 0.9467503 -0.3528689 20.1531 1.02013 0 0.0 0.03315086760354395 7.448496853890052 0.0 0.0
0.02532272 -0.03487416 0.4862731 0.3099742 1.38957 1.188692 -0.1301547 20.58054 1.784395 0 0.0 0.04309811114079131 0.5766676100226629 0.0 0.0
-0.02542036 -0.048325 -2.223488 7.156936 0.581763 0.6200682 -0.4210842 19.46934 1.109833 0 0.0 0.05460311646352797 7.494373342330898 0.0 0.0
-0.01954207 -0.06000298 -8.939464 10.78484 0.2704326 0.3024876 -0.2587912 18.54604 1.640745 1 0.0 0.06310507197337865 14.008097316655677 0.0 0.0
0.03093461 -0.04749782 -3.752656 8.56214 1.218397 1.166616 -0.0845619 20.495 0.8982735 0 0.0 0.05668326914182438 9.348404592973925 0.0 0.0
-0.000141187 -0.001875062 -3.3025 10.28544 1.896407 2.727703 -0.8164252 20.16643 nan 0 0.0 0.0018803699829589389 10.802628487715385 0.0 0.0
-0.01385029 -0.001058504 -2.856226 7.362174 0.329255 0.3570805 -0.2122407 18.86802 1.128855 1 0.9989687 0.013890679025955354 7.896811569826901 0.0 0.0
0.005953305 -0.01384695 -2.87984 5.653223 0.8283215 0.751755 -0.07213437 20.01062 nan 0 0.0 0.0150724870119541 6.344478600588783 0.0 0.0
-0.0006215174 -0.002119217 -3.380878 7.794527 0.9663918 1.409231 -0.8158841 19.32748 nan 0 0.0 0.0022084756216883537 8.496174857229164 0.0 0.0
-0.0350658 0.01075749 -3.709963 6.817499 0.1391396 0.1406233 -0.1765675 17.46342 1.27103 1 0.0 0.03667879388338853 7.76157961219042 0.0 0.0
0.01459376 -0.0355442 -3.023193 6.958862 0.3091044 0.3018669 -0.1992624 18.65914 1.228096 1 0.9934023 0.03842353425412087 7.587190273763602 0.0 0.0
-0.02977125 0.002485208 -5.327655 3.57946 0.6830781 0.6996695 -0.4413177 19.68555 1.620989 0 0.0 0.02987479849916588 6.418445426318199 0.0 0.0
-0.02561194 -0.003998514 -4.872233 8.008294 0.3046473 0.3559097 -0.2191609 18.69298 1.246553 1 0.0 0.025922183256272918 9.373976061241303 0.0 0.0
-0.04346347 0.04243995 -2.312235 4.397336 0.5312037 0.4961851 -0.3738674 19.23642 1.246351 1 6.501877e-05 0.060747202243752754 4.9681983245559955 0.0 0.0
-0.03690415 0.01517745 -2.693039 7.067151 0.05514503 0.05460187 -0.1399409 15.71823 1.523763 1 0.9998663 0.03990327399756817 7.562875267536944 0.0 0.0
-0.02248196 -0.0135676 -2.83017 6.931686 0.5308912 0.5338657 -0.4002191 19.31732 1.192007 1 0.9955683 0.026258680378145435 7.487197942588135 0.0 0.0
-0.04903579 -0.0433044 -2.945388 6.928599 0.2733495 0.2909083 -0.1592782 18.64478 1.226723 1 0.9796128 0.06542002568238643 7.528664859943295 0.0 0.0
-0.02219014 -0.007616156 -1.552317 6.606304 0.6906907 0.6763651 -0.4283033 19.66111 1.13637 1 0.9863287 0.023460778875304546 6.786231694313494 0.0 0.0
0.00736313 -0.03676638 -3.797049 6.971262 1.132849 1.180437 0.08434892 20.44566 1.257343 1 0.9397352 0.03749643158623631 7.938266497230048 0.0 0.0
0.01293132 -0.00944989 -2.975109 7.167639 0.3853455 0.3900297 -0.2645913 18.98684 1.035135 0 0.0 0.016016224834663754 7.760561989714534 0.0 0.0
-0.03318771 0.003461089 -3.754632 8.71899 0.945059 0.9525421 -0.3677375 20.03583 1.208115 0 0.0 0.03336769743494479 9.493052621550351 0.0 0.0
-0.02256634 -0.0152157 -2.513026 7.563791 0.3077961 0.3471334 -0.2717621 18.65841 1.250818 1 0.9956669 0.027216855576748758 7.970334620852314 0.0 0.0
0.006208199 -0.007186611 -2.703833 7.196576 0.2724674 0.3019638 -0.2186735 18.60314 0.9228859 1 0.9995142 0.00949679485347146 7.687744728830752 0.0 0.0
-0.01493041 0.0443047 -0.04680358 10.65867 1.364539 1.344233 -0.4615118 20.46294 1.249382 0 0.0 0.04675279226803571 10.658772759750573 0.0 0.0
-0.002506892 0.00299225 -0.318914 7.225179 1.378813 1.089975 -0.2833833 20.32238 nan 0 0.0 0.003903596746868713 7.232213887976282 0.0 0.0
-0.04125437 0.01872726 -1.905793 5.95004 0.8691835 0.869451 -0.3869739 19.98036 1.364132 1 0.9298416 0.04530599641553533 6.247801450146204 0.0 0.0
-0.005894462 0.04082532 -1.949281 6.857177 0.5780712 0.5755798 -0.4057663 19.25912 1.04479 0 0.0 0.04124865374011428 7.128854944960656 0.0 0.0
0.006046674 -0.007949474 -2.65358 6.536574 0.3344298 0.3680692 -0.2143694 18.76862 nan 0 0.0 0.009987812740482873 7.054664164499682 0.0 0.0
-0.03007766 -0.01023374 -2.905204 7.003011 0.1824129 0.1920034 -0.1945515 17.89736 1.38125 1 0.9984337 0.031770978352313926 7.581713087933162 0.0 0.0
-0.04997104 -0.02313572 -10.45508 2.630626 1.334473 1.706769 -0.3839788 20.28028 nan 0 0.0 0.055066926358750046 10.780950373611597 0.0 0.0
-0.01640546 -0.05474958 -0.6577642 6.512559 0.1323993 0.1466916 -0.2247645 17.40858 1.274942 1 0.0 0.05715466409653721 6.545691596102175 0.0 0.0
-0.05569576 -0.01765068 -2.449459 7.47669 0.317803 0.3004085 -0.132797 18.69289 1.241077 1 0.975361 0.058425715112782314 7.867702507643575 0.0 0.0
-0.02911722 -0.01933343 -2.652689 7.103012 0.07631279 0.07642145 -0.1545565 16.4546 1.323712 1 0.9998163 0.03495130921858722 7.58218559538508 0.0 0.0
-0.01123467 -0.01508643 -2.219524 7.635692 1.384794 1.304388 -0.168993 20.61495 1.247427 0 0.0 0.01881005529374648 7.951734345753762 0.0 0.0
-0.01298371 -0.0376482 -2.811739 7.05045 0.18059 0.1837524 -0.1540765 17.97134 1.430824 1 0.9984969 0.03982415960951467 7.590436180261381 0.0 0.0
-0.007823505 -0.06231749 -1.591437 4.121264 3.196899 2.721738 -0.3087656 20.99269 1.307577 0 0.0 0.06280666199046982 4.417860192747729 0.0 0.0
-0.01138184 -0.008014106 -4.604823 5.436449 2.538831 2.792925 -0.6319689 20.68675 1.265123 0 0.0 0.013920207497190406 7.124561220940556 0.0 0.0
0.008996311 -0.005380084 -10.87625 5.612776 1.035155 0.9521081 -0.3458376 20.19169 1.461317 0 0.0 0.010482314413133057 12.23912041319457 0.0 0.0
-0.0481945 0.02306734 -1.463734 2.534837 0.1226441 0.1204396 -0.1033288 17.11769 1.377073 1 0.0 0.05343044080789153 2.9271002441537597 0.0 0.0
0.04898189 -0.005340054 8.324952 3.892021 0.2157963 0.2227801 -0.1462238 18.22019 1.176382 1 0.0 0.04927211914150858 9.18981247179424 0.0 0.0
-0.04947898 -0.02289731 -2.74272 7.213736 0.04727109 0.04607476 -0.1252457 15.32722 1.466843 1 0.9980431 0.05452023722505708 7.717544951349231 0.0 0.0
-0.001456216 0.01275804 -2.692823 6.666469 0.3041643 0.3251474 -0.1736674 18.73669 1.291742 0 0.0 0.012840878072789882 7.189791696376885 0.0 0.0
-0.04104003 0.01160968 -2.7981 7.087116 0.3254721 0.3337986 -0.1848424 18.86777 1.16396 1 0.9953483 0.042650541990733246 7.619486649864019 0.0 0.0
-0.05489547 0.03582003 -3.172451 6.839122 0.2841661 0.3043508 -0.1335645 18.62256 1.294371 1 0.9380476 0.06554835753641582 7.5391004157183765 0.0 0.0
-0.03111365 -0.01495117 -2.714926 6.852538 0.3668526 0.3759058 -0.2624657 18.99174 1.091248 1 0.9957453 0.03451951188373613 7.370759813405942 0.0 0.0
-0.00753249 -0.005196042 -2.063254 7.057162 0.8046273 0.8236973 -0.4423015 19.95501 1.189684 0 0.0 0.009150806416150655 7.352588154028485 0.0 0.0
-0.01887901 -0.03553451 -2.345905 7.931943 0.5565015 0.5610941 -0.3765201 19.35853 1.287964 1 0.9636841 0.040238270583117755 8.271577239213451 0.0 0.0
-0.0507354 -0.01209888 -2.485946 7.424264 0.583443 0.5569236 -0.3645916 19.39414 1.071629 1 0.9739798 0.05215806467282313 7.829407605726758 0.0 0.0
-0.008466156 0.02063651 -2.349514 6.668718 0.1568399 0.1434394 -0.1378248 17.27334 nan 0 0.0 0.02230563476784366 7.070503221109513 0.0 0.0
0.01720411 -0.02010552 -2.685117 6.968863 0.06171648 0.06200279 -0.1529621 16.0288 1.512964 1 0.999339 0.026461544462908815 7.4682598251840435 0.0 0.0
-0.04942601 0.03182131 1.514174 11.12005 2.656574 1.722946 0.2634642 20.67503 1.217241 0 0.0 0.058783724232445496 11.222666122841577 0.0 0.0
