jas1101finalproject/data/gcs/ESO-SC06_ESO280.ecsv
# %ECSV 0.9
# ---
# datatype:
# - {name: x, unit: deg, datatype: float64}
# - {name: y, unit: deg, datatype: float64}
# - {name: pmx, unit: mas / yr, datatype: float64}
# - {name: pmy, unit: mas / yr, datatype: float64}
# - {name: pmx_e, unit: mas / yr, datatype: float64}
# - {name: pmy_e, unit: mas / yr, datatype: float64}
# - {name: pm_corr, datatype: float64}
# - {name: g_mag, unit: mag, datatype: float64}
# - {name: bp_rp, unit: mag, datatype: float64}
# - {name: filter, datatype: int64}
# - {name: memberprob, datatype: float64}
# - {name: r, unit: deg, datatype: float64}
# - {name: pm, unit: mas / yr, datatype: float64}
# - {name: member_prob_GMM, datatype: float64}
# meta: !!omap
# - comments: [deg deg mas/yr mas/yr mas/yr mas/yr dimless mag   mag   zeroone float]
# - __serialized_columns__:
#     bp_rp:
#       __class__: astropy.units.quantity.Quantity
#       unit: &id001 !astropy.units.Unit {unit: mag}
#       value: !astropy.table.SerializedColumn {name: bp_rp}
#     g_mag:
#       __class__: astropy.units.quantity.Quantity
#       unit: *id001
#       value: !astropy.table.SerializedColumn {name: g_mag}
#     pm:
#       __class__: astropy.units.quantity.Quantity
#       unit: !astropy.units.Unit {unit: mas / yr}
#       value: !astropy.table.SerializedColumn {name: pm}
#     pmx:
#       __class__: astropy.units.quantity.Quantity
#       unit: !astropy.units.Unit {unit: mas / yr}
#       value: !astropy.table.SerializedColumn {name: pmx}
#     pmx_e:
#       __class__: astropy.units.quantity.Quantity
#       unit: !astropy.units.Unit {unit: mas / yr}
#       value: !astropy.table.SerializedColumn {name: pmx_e}
#     pmy:
#       __class__: astropy.units.quantity.Quantity
#       unit: !astropy.units.Unit {unit: mas / yr}
#       value: !astropy.table.SerializedColumn {name: pmy}
#     pmy_e:
#       __class__: astropy.units.quantity.Quantity
#       unit: !astropy.units.Unit {unit: mas / yr}
#       value: !astropy.table.SerializedColumn {name: pmy_e}
#     r:
#       __class__: astropy.units.quantity.Quantity
#       unit: &id002 !astropy.units.Unit {unit: deg}
#       value: !astropy.table.SerializedColumn {name: r}
#     x:
#       __class__: astropy.units.quantity.Quantity
#       unit: *id002
#       value: !astropy.table.SerializedColumn {name: x}
#     y:
#       __class__: astropy.units.quantity.Quantity
#       unit: *id002
#       value: !astropy.table.SerializedColumn {name: y}
# schema: astropy-2.0
x y pmx pmy pmx_e pmy_e pm_corr g_mag bp_rp filter memberprob r pm member_prob_GMM
[from data line 228]
-0.001349812 -0.02988087 -4.237309 -4.858188 0.8268961 0.6053063 0.2426774 19.23508 1.219154 1 2.712596e-05 0.029911342069393075 6.446454700440002 0.0
-0.009368498 0.01737099 1.801297 -2.987691 2.540752 1.92055 0.1602328 20.49209 0.8345852 0 0.0 0.01973626226913556 3.4886915016507265 0.0
-0.02264289 0.007826536 1.664079 -4.75922 2.737325 1.778693 0.245126 20.58303 1.676416 1 0.1013766 0.023957360733423787 5.041759011162771 0.0
-0.006081334 -0.02207633 1.438932 -9.383648 0.8939215 0.7322725 0.2575706 19.12943 nan 0 0.0 0.02289862374660224 9.493333191694475 0.0
0.01632163 0.004693114 -0.8478187 -3.76902 1.70882 1.407569 0.275473 20.06821 0.9146633 0 0.0 0.016982959838434994 3.863199232303414 0.0
-0.008632146 0.01841634 -0.351283 -5.672018 1.579566 1.073636 0.04005607 19.98434 1.416649 1 0.03444234 0.02033901481293811 5.682885529237149 0.0
0.02240501 0.01262552 -3.306864 -4.549917 0.6236443 0.5075782 0.1940409 19.0225 1.059717 1 3.026377e-05 0.02571746932282607 5.6246861442559615 0.0
-0.0277774 0.009453038 -4.38128 -10.28794 1.195943 0.8706905 0.1685933 19.6805 1.08498 0 0.0 0.029341845173564734 11.182008937664108 0.0
0.0294499 0.005179699 0.2186175 -5.612472 1.333024 0.9937336 0.2517262 19.94458 nan 0 0.0 0.02990193792617129 5.616728190155747 0.0
-0.01651063 -0.02424905 -2.363403 -6.385013 1.435448 0.8839198 0.698034 19.20127 1.754215 1 5.810225e-05 0.029336280079440884 6.808381948053296 0.0
-0.01805257 -0.003253447 -3.939482 -6.120331 0.6071807 0.4457421 0.1827711 18.83725 1.084011 1 0.0 0.01834339665892631 7.2785967038904555 0.0
-0.005031798 -0.001820179 -0.4927218 -2.192558 0.8999589 0.6045563 0.7351744 18.44856 1.116268 1 0.9108883 0.005350891767251978 2.2472394967068463 0.0
0.02290744 0.006529429 2.43367 -5.541495 2.030477 1.687249 0.3738314 19.68927 1.904051 0 0.0 0.023819828933467197 6.052348015764213 0.0
0.007695186 -0.0001305785 -2.033555 -1.92323 1.940881 1.305903 0.1208356 20.25372 0.6358929 0 0.0 0.007696293804114955 2.798956871930148 0.0
-0.02429853 -0.006746321 -2.820932 -3.980048 0.6702424 0.5080794 0.05305909 18.91258 1.101412 1 0.002178919 0.025217680448366798 4.8783644217020115 0.0
0.004013978 0.002532476 1.015367 -7.430142 0.8495549 0.6245383 0.1284657 19.36964 1.109575 0 0.0 0.004746098826937761 7.499198642845315 0.0
0.01691495 0.01837625 -1.105768 0.9341251 2.739578 2.199007 0.7219214 20.12514 nan 0 0.0 0.024976030460523546 1.4475194548861892 0.0
0.005716983 -0.007408778 -5.120523 -4.580888 1.839427 1.505396 0.05343574 19.82647 2.722513 0 0.0 0.009358092010424614 6.87053787283594 0.0
-0.02040738 -0.006332738 4.797918 -3.83315 0.7556767 0.5537562 0.1860063 19.18053 1.382376 1 0.0 0.02136737534282215 6.141095672371828 0.0
0.02350174 0.01860651 -6.002502 -3.792083 2.020727 1.435281 0.1979519 20.39023 1.569853 1 0.02372966 0.029975556665518325 7.099994629497476 0.0
0.0001851173 -0.001510956 -2.975323 -2.308284 1.021564 0.7522307 0.2066813 19.40283 0.8992863 0 0.0 0.0015222537399183127 3.7657299397308086 1.0
-0.002654534 -0.005974216 -2.127795 0.173198 0.64045 0.4770911 0.2649045 18.79832 1.042492 1 0.0 0.006537415970535454 2.1348323374984273 0.0
0.002099369 -0.00228538 1.08041 -1.969277 0.7446668 0.5409706 0.110651 19.15711 0.9403591 0 0.0 0.0031032743904722635 2.246182911258342 0.0
-0.01326123 0.01618381 -0.09995269 -6.99093 0.3160044 0.2388327 0.2874924 17.75091 1.08143 1 0.0 0.020923095546046717 6.991644499339067 0.0
0.0304505 -0.01137282 -0.5248181 -6.15443 1.665386 1.34494 0.2268338 20.1201 1.53274 1 0.01149324 0.03250498400249414 6.176766359753913 0.0
-0.02367883 0.01934648 -1.88388 -9.654692 2.067659 1.543523 0.2139053 20.2555 1.234144 0 0.0 0.030577332757441417 9.83677190287871 0.0
-0.006925101 -0.001282514 -0.4491356 -2.493786 1.227155 0.9046084 0.2417835 19.70328 0.9150124 0 0.0 0.0070428592219635485 2.5339083252918524 0.0
-0.02098883 -0.02582988 -0.1011389 0.3489349 0.5320936 0.3958166 0.2335524 18.57134 1.087435 1 0.0 0.03328233293480642 0.3632969054798293 0.0
-0.01684092 0.02396862 -1.440096 -6.018151 0.6092885 0.4425441 0.2899187 18.69205 1.054279 1 0.0 0.02929353736152054 6.188054455805717 0.0
0.0004797052 0.007922788 -3.358244 -3.231334 1.523339 1.089604 0.01885569 19.99238 1.08112 0 0.0 0.007937297195635996 4.660399358755857 0.0
-0.02376073 0.01410887 2.293847 -1.112843 0.4018575 0.2890069 0.2132415 18.11757 1.35116 1 0.0 0.02763390133169401 2.549539880460394 0.0
0.01028173 -0.005200738 -0.4009997 -2.798568 2.32746 1.810967 0.1052626 20.31276 0.6855297 0 0.0 0.011522224070792236 2.8271511473609063 0.0
-0.004483694 -0.01602225 -4.061947 -6.013515 2.189553 1.548713 0.1095126 20.43843 1.076872 1 0.06462292 0.01663778852336259 7.256843396824407 0.0
-0.0006985022 0.006679195 -0.7073283 -8.067063 1.428792 1.197839 0.2148836 19.83619 nan 0 0.0 0.0067156199394716965 8.098013260667697 0.0
0.005066938 0.01414433 -2.273137 -5.404791 1.545871 1.055094 0.6835047 19.50641 0.9478207 1 0.09611112 0.01502451103513003 5.863353782132714 0.0
0.01578766 -0.02296328 -3.207002 -5.576971 0.1108958 0.08444641 0.3175005 15.58438 1.314989 1 0.0 0.027866869875068496 6.433309207775187 0.0
0.01657834 0.01865864 -6.927052 -13.44749 2.045079 1.386982 0.6637229 19.85475 1.461807 0 0.0 0.02495969158073072 15.126765573340654 0.0
0.007405097 0.03245842 4.590231 0.9474647 0.5508433 0.4262703 0.2715323 18.73434 1.055649 1 0.0 0.033292408901667195 4.686993705042401 0.0
-0.01315035 -0.007303252 0.9173528 -5.918489 1.405414 0.9981733 0.1924158 19.99752 1.249775 1 0.009169658 0.015042247002958168 5.989160893045773 0.0
-0.01817551 -0.01306107 -4.096226 1.475366 2.342887 1.946247 0.130634 20.28682 2.112123 0 0.0 0.02238170487932052 4.353822719982062 0.0
0.01831009 -0.02564581 -0.80836 -5.152335 0.5312397 0.4012016 0.1933213 18.66229 1.449541 0 0.0 0.03151137836344516 5.215362100739028 0.0
-0.01769439 -0.005034793 -1.274847 -3.501121 1.074275 0.7793294 0.1811938 19.56577 1.073845 1 0.5392091 0.018396754551413385 3.7260009567967103 0.0
-0.01382447 -0.003206434 0.003600913 0.1889586 0.6417514 0.4767236 0.1971607 18.89255 0.9587574 1 4.928587e-06 0.014191447768894335 0.18899290750817493 0.0
0.003278064 0.009234948 -3.663221 -5.152917 2.008616 1.195621 0.6883086 19.64687 0.7283573 0 0.0 0.009799488157592722 6.322320911163084 0.0
-0.006189236 0.002249984 -4.354689 1.154771 2.268057 1.745946 0.1556989 20.38578 1.511904 0 0.0 0.00658551974136833 4.505198369568425 0.0
-0.002150056 0.002811054 7.968424 1.048111 2.355027 1.351899 0.6986308 19.77496 nan 0 0.0 0.0035390345285193246 8.03705902131476 0.0
-0.02565906 -0.02092618 0.311586 -1.838131 0.7963714 0.5849415 0.193928 19.16569 1.040411 1 0.2566295 0.03311030609154799 1.8643528122533566 0.0
0.01436304 -0.002950989 8.32566 -6.468579 3.405847 2.94291 0.2855561 20.68914 1.041878 0 0.0 0.014663057461516032 10.543202962802196 0.0
-0.01518925 -0.01224763 -1.509208 -5.161476 0.8598768 0.6278182 0.1949602 19.31061 1.083349 0 0.0 0.019511990061995214 5.377596422737579 0.0
0.004729082 0.0005106286 2.230235 -1.952758 2.205705 1.634821 0.1061929 20.32802 nan 0 0.0 0.004756569996316879 2.964323187810162 0.0
-0.002086272 -0.01472129 0.5110536 -8.246291 2.775722 1.79817 0.2971937 20.57757 1.125338 0 0.0 0.014868386264893847 8.262111778398666 0.0
0.0219383 0.003195782 7.187903 -3.333003 2.980381 2.066637 0.3354075 20.74998 1.445591 0 0.0 0.022169845048658415 7.923058660354473 0.0
-0.01292248 0.007494013 -2.313922 -9.149818 1.311789 1.051657 0.2324547 19.10735 1.341221 0 0.0 0.014938230156031504 9.437870758556084 0.0
0.001616374 0.02562296 3.176235 -4.953363 0.9917958 0.7837586 0.1625694 19.41111 1.094398 0 0.0 0.025673892265674795 5.884239439808173 0.0
-0.03240095 0.0005088351 0.208044 -8.098738 0.3198244 0.2422459 0.306549 17.78594 1.16757 1 0.0 0.03240494520997515 8.101409722917365 0.0
0.0004167138 0.02464642 -0.1914827 -3.791571 0.7646606 0.5950702 0.2348121 19.18085 1.252657 1 0.2478864 0.024649942580207168 3.7964030703338505 0.0
-0.03240134 0.001168778 -4.81932 -14.13236 0.7193275 0.5505556 0.0592065 18.97752 nan 0 0.0 0.03242241317065841 14.931491701501228 0.0
-0.003034657 0.0210796 -5.23401 -8.267013 0.6661826 0.518017 0.264849 19.02869 0.9846706 1 0.0 0.021296917130600123 9.784598337298727 0.0
-0.02371443 0.004411926 -2.787716 2.325108 1.0079 0.7451729 0.1461794 19.57646 1.760479 1 0.0 0.024121344930463064 3.6300809506566103 0.0
0.002099637 0.004672628 -0.4874016 -2.738652 0.2937416 0.1937384 0.7414274 16.48385 1.148765 1 0.9928151 0.005122687571788172 2.7816856574362534 0.0
-0.01138655 0.007250215 0.04904067 -5.579234 0.5873952 0.4483865 0.223026 18.55876 0.848959 0 0.0 0.013498856931189582 5.579449526079615 0.0
-0.01702874 0.01885305 1.209416 -3.585478 0.8515197 0.629585 0.2282633 19.19343 1.243835 0 0.0 0.02540502864178862 3.7839581854904263 0.0
0.005131456 0.02893772 0.003128055 -3.023571 0.8941095 0.6883104 0.2173289 19.45569 1.310913 1 0.4107328 0.029389172827392337 3.0235726180743674 0.0
0.001342739 0.02443278 -4.07617 -4.099362 0.9388797 0.7277311 0.1945068 19.4974 1.000107 1 0.002948481 0.024469648271900457 5.780997377264931 0.0
-0.02322637 -0.005376377 -3.755299 -4.590552 0.7861045 0.5983788 0.09275936 19.13633 1.203901 1 0.0001029733 0.02384050530133598 5.9308884869052285 0.0
-0.02482414 -0.007269172 -3.670307 -5.162561 2.039658 1.484068 0.1583271 20.32083 1.594273 1 0.05630629 0.025866557333846806 6.334286822758345 0.0
0.001510258 -0.00625646 5.067609 -1.108575 1.886693 1.6876 -0.002502994 20.43653 0.8254185 0 0.0 0.006436161197341471 5.187446337795313 0.0
-0.005450495 -0.02203048 -0.06476722 -6.976515 0.5245188 0.4347871 0.2293182 18.58909 1.116707 1 0.0 0.022694711824022464 6.976815630214943 0.0
0.02764372 0.01139479 -1.53798 -6.702545 1.859559 1.410725 0.2866539 20.18628 1.173161 1 0.008583708 0.029900108604861288 6.8767355596551045 0.0
0.02606513 0.01031601 2.632449 -5.008231 2.459569 1.851583 0.3514641 20.46071 1.248552 0 0.0 0.028032321777494634 5.657929434604324 0.0
-0.009955864 0.00724668 0.7551154 -3.985748 1.405574 1.065863 0.1355512 19.9373 0.9303894 0 0.0 0.012313959517916891 4.056647185400915 0.0
0.007235177 0.02094569 1.130948 -2.132661 0.3778621 0.308265 0.2107756 18.21557 1.117489 1 0.003019175 0.02216009286527087 2.413977282334074 0.0
-0.006628344 -0.01978376 -1.159841 -11.86527 0.489065 0.3670361 0.1684001 18.57385 1.097433 1 0.0 0.020864613677706475 11.921822986363328 0.0
-0.006695361 0.01222536 -3.269238 -2.551949 1.686997 1.519281 -0.8082933 18.92274 nan 0 0.0 0.013938697430173345 4.147331768648971 0.0
-0.01311111 0.004461284 -5.739673 -7.341952 1.659848 1.317579 0.3009154 20.07809 0.6156101 0 0.0 0.013849341513615585 9.319233086323843 0.0
0.006688946 0.02854845 -2.041654 -1.571494 0.8195666 0.6229683 0.2197059 19.31955 1.26948 1 0.04176237 0.029321596068314835 2.5764208599823126 0.0
-0.002843611 -0.01041072 1.480558 -4.963457 1.996379 1.348061 0.1824616 20.23762 0.8781776 0 0.0 0.010792090364601336 5.179571158137805 0.0
-0.02862757 -0.01430152 -5.680276 -0.3506176 1.835454 1.573249 0.4400808 20.23377 2.05385 1 0.0007650325 0.03200111308088049 5.691086727296094 0.0
-0.003770875 0.01602889 -1.832587 -2.66622 1.259456 0.8822117 0.1522758 19.79066 0.8677979 0 0.0 0.01646647542425898 3.2352904353348246 0.0
-0.01260271 -0.01059521 -0.4268247 -2.68029 0.6831244 0.497114 0.1544923 18.99821 1.217251 1 0.8660068 0.016464713003517553 2.7140622337430083 0.0
0.01293724 0.01648907 1.129335 -7.457345 0.3747742 0.2974121 0.2477342 18.2181 1.030653 1 0.0 0.020958568851009364 7.542373100772064 0.0
-0.0005300399 -0.008591036 2.089346 -6.145449 1.923655 1.358524 0.09254436 20.2447 nan 0 0.0 0.00860737136696727 6.490909806746432 0.0
-0.0110067 0.001623614 -3.599941 0.2034663 1.096923 0.7846903 0.1819668 19.64808 1.042936 1 0.0002789221 0.011125806366776117 3.6056863061997904 0.0
-0.01437164 -0.002271975 -0.6362568 -0.06170929 1.77163 1.199007 0.04142102 20.07619 1.165764 0 0.0 0.014550117067921652 0.639242326523005 0.0
-0.01239493 0.0006047922 0.3332203 -6.285488 1.238071 0.9007088 0.1977198 19.6261 1.116014 0 0.0 0.012409676196826444 6.294314511245532 0.0
0.02235133 -0.01564518 -3.510172 -3.418361 1.394301 0.9447146 0.07020097 19.86571 0.8632755 1 0.08196597 0.027282844609778138 4.899642782479657 0.0
-0.008882689 0.0062436 -11.22228 -36.39175 0.8523195 0.653153 0.1473748 19.3346 1.390665 0 0.0 0.010857472303935248 38.08279186799335 0.0
-0.01895614 -0.006007965 2.46091 -3.515722 1.325909 0.9732403 0.1555873 19.84733 1.72369 0 0.0 0.019885444102177477 4.29143090464987 0.0
0.001068472 -0.009655345 -1.966136 -4.238729 0.1641978 0.1304145 0.1370972 16.2526 1.386674 1 0.0 0.009714284301162335 4.672527614250878 0.0
0.006432664 -0.002899885 -1.072998 -2.884502 0.4914033 0.3724938 0.1462202 18.49075 1.105856 1 0.9427822 0.007056096594443772 3.07760889263207 0.0
-0.01845173 -0.004760386 -2.997111 -1.81051 1.789306 1.386428 0.2636831 20.04529 0.7237549 0 0.0 0.01905590761055206 3.501516929335199 0.0
-0.009257115 -0.01893346 -0.8232008 -2.592779 0.1506549 0.1160462 0.199631 16.50647 1.302687 1 0.8935929 0.021075343074190393 2.720323969670091 0.0
0.01009453 0.006209057 0.5815551 -5.747622 0.2115966 0.1698827 0.321922 17.2069 1.01194 1 0.0 0.011851241485606012 5.776968494740127 0.0
-0.009663738 0.02094531 -3.457732 -5.455838 0.9558815 0.6837574 0.1271293 19.43713 1.162638 1 0.0001555933 0.02306715940745076 6.459263028091363 0.0
0.009211332 0.008810837 -0.2284775 -2.093967 0.2925603 0.2322318 0.4292201 17.40984 0.4534035 1 0.773841 0.012746744127611294 2.106394968920893 0.0
-0.01193384 0.008470801 -3.741038 -4.363308 0.4744135 0.3688794 0.1307274 18.39298 1.075977 1 0.0 0.014634582560742926 5.7475057216420415 0.0
-0.014199 -0.01896123 -4.170579 -1.997825 0.3586612 0.2420766 0.6570487 16.87213 1.095554 1 0.0 0.02368839049224113 4.62439552005081 0.0
-0.01368549 0.02976021 1.408019 -3.810349 2.123673 1.590998 0.1593631 20.30921 2.174353 0 0.0 0.032756109900050706 4.062176387869193 0.0
-0.00601782 -0.02595968 1.614372 -3.320899 0.4458438 0.386887 0.4553848 18.14722 1.029478 1 0.0 0.026648060778503187 3.6925014722522453 0.0
-0.01574365 0.01397444 0.00188569 -1.757695 0.3530462 0.2823493 0.2689739 17.92581 1.034758 1 0.1208921 0.02105106858656111 1.7576960115024942 0.0
0.0002481861 -0.0101665 2.133086 -2.716716 3.119551 2.636899 0.1640415 20.62155 nan 0 0.0 0.010169528926662888 3.454070310235737 0.0
0.01089006 -0.01358938 -0.1213791 -2.53445 0.3206111 0.2693982 0.2980744 17.80356 1.202179 1 0.9214955 0.017414495559389596 2.5373548605618432 0.0
0.003991161 -0.02175951 0.527847 -0.8941422 0.4495369 0.3367913 0.2291622 18.34524 1.221651 1 5.043469e-05 0.02212251435908724 1.0383220739394112 0.0
0.02111345 -0.008083953 -1.42506 -11.01772 0.8421332 0.6202439 0.2127281 19.2349 1.788204 1 0.0 0.022608141608914008 11.109498188577197 0.0
-0.01771721 0.0004583638 -7.143211 -8.556274 1.225765 0.9222304 0.06768398 19.58702 0.8490276 0 0.0 0.017723138197205664 11.146088468767731 0.0
-0.02297974 0.008352824 1.543446 -1.735092 0.7502704 0.5460496 0.1917624 19.15166 1.41161 1 0.07781062 0.024450728399018625 2.322233796020547 0.0
0.008221328 0.001372335 2.066668 2.023617 2.464665 1.830508 0.162586 20.46869 1.395607 1 0.2671895 0.008335078730030629 2.8924284580457646 0.0
0.003213301 -0.0186276 1.499046 -10.15745 1.137044 0.8377617 0.2505897 19.64651 1.640896 1 0.0 0.01890271898634165 10.267469474637654 0.0
-0.01965552 0.008552488 -2.596752 -4.429843 0.6441813 0.4720637 0.1976326 18.9117 1.13018 1 0.00114694 0.021435589972299433 5.134844686468424 0.0
0.008703159 -0.01130016 -11.81506 -9.139814 0.3894934 0.3531377 0.351911 16.02332 0.9408998 0 0.0 0.014263190127207904 14.937598292837976 0.0
-0.008885698 0.02471818 -0.1961138 -3.378492 0.8993346 0.6559175 0.1631918 19.38611 1.243979 1 0.4163278 0.02626678608927259 3.3841791939278925 0.0
-0.02495122 -0.005354251 -0.7959598 -3.431732 3.673234 2.676284 -0.04912715 20.62001 nan 0 0.0 0.02551923555397773 3.522830754242962 0.0
