jas1101finalproject/data/gcs/ESO-SC06_ESO280.ecsv
# %ECSV 0.9
# ---
# datatype:
# - {name: x, unit: deg, datatype: float64}
# - {name: y, unit: deg, datatype: float64}
# - {name: pmx, unit: mas / yr, datatype: float64}
# - {name: pmy, unit: mas / yr, datatype: float64}
# - {name: pmx_e, unit: mas / yr, datatype: float64}
# - {name: pmy_e, unit: mas / yr, datatype: float64}
# - {name: pm_corr, datatype: float64}
# - {name: g_mag, unit: mag, datatype: float64}
# - {name: bp_rp, unit: mag, datatype: float64}
# - {name: filter, datatype: int64}
# - {name: memberprob, datatype: float64}
# - {name: r, unit: deg, datatype: float64}
# - {name: pm, unit: mas / yr, datatype: float64}
# - {name: member_prob_GMM, datatype: float64}
# meta: !!omap
# - comments: [deg deg mas/yr mas/yr mas/yr mas/yr dimless mag   mag   zeroone float]
# - __serialized_columns__:
#     bp_rp:
#       __class__: astropy.units.quantity.Quantity
#       unit: &id001 !astropy.units.Unit {unit: mag}
#       value: !astropy.table.SerializedColumn {name: bp_rp}
#     g_mag:
#       __class__: astropy.units.quantity.Quantity
#       unit: *id001
#       value: !astropy.table.SerializedColumn {name: g_mag}
#     pm:
#       __class__: astropy.units.quantity.Quantity
#       unit: !astropy.units.Unit {unit: mas / yr}
#       value: !astropy.table.SerializedColumn {name: pm}
#     pmx:
#       __class__: astropy.units.quantity.Quantity
#       unit: !astropy.units.Unit {unit: mas / yr}
#       value: !astropy.table.SerializedColumn {name: pmx}
#     pmx_e:
#       __class__: astropy.units.quantity.Quantity
#       unit: !astropy.units.Unit {unit: mas / yr}
#       value: !astropy.table.SerializedColumn {name: pmx_e}
#     pmy:
#       __class__: astropy.units.quantity.Quantity
#       unit: !astropy.units.Unit {unit: mas / yr}
#       value: !astropy.table.SerializedColumn {name: pmy}
#     pmy_e:
#       __class__: astropy.units.quantity.Quantity
#       unit: !astropy.units.Unit {unit: mas / yr}
#       value: !astropy.table.SerializedColumn {name: pmy_e}
#     r:
#       __class__: astropy.units.quantity.Quantity
#       unit: &id002 !astropy.units.Unit {unit: deg}
#       value: !astropy.table.SerializedColumn {name: r}
#     x:
#       __class__: astropy.units.quantity.Quantity
#       unit: *id002
#       value: !astropy.table.SerializedColumn {name: x}
#     y:
#       __class__: astropy.units.quantity.Quantity
#       unit: *id002
#       value: !astropy.table.SerializedColumn {name: y}
# schema: astropy-2.0
x y pmx pmy pmx_e pmy_e pm_corr g_mag bp_rp filter memberprob r pm member_prob_GMM
[from data line 114]
0.01563193 0.02061968 -3.065022 -9.652072 0.8837757 0.6843148 0.1738851 19.4823 1.078463 0 0.0 0.025875247609004632 10.127035783173081 0.0
0.002457164 0.001864996 0.01348185 -2.621116 0.2496995 0.1912027 0.327693 14.16058 1.557245 0 0.0 0.003084779571203103 2.6211506720780897 0.0
0.001826 0.0005642089 -1.980113 -3.202144 0.6318286 0.4500666 0.2144167 18.73715 0.5998306 0 0.0 0.0019111796573946704 3.764913503588761 1.0
0.0008794319 0.006209984 0.2729983 -3.065757 1.174284 0.7513834 0.711381 18.84466 0.9433079 0 0.0 0.006271945610972213 3.0778879210997743 0.0
0.0003744866 0.004993102 -2.312346 -1.427841 0.8564579 0.5411742 0.7264409 18.22024 1.031639 0 0.0 0.005007125702035407 2.7176596448041463 0.0
-0.032361 0.004094675 1.412769 -5.372492 1.043639 0.7843182 0.002013317 19.53102 1.699881 1 0.001187149 0.03261902335073239 5.555140550645411 0.0
-0.01662071 -0.008017549 0.2135315 -3.855536 0.8023657 0.5890595 0.1920467 19.13508 0.3249435 0 0.0 0.01845343038222165 3.861444489927085 0.0
-0.01056449 -0.0006002668 -0.9424744 -5.459976 0.5961871 0.4431102 0.1897505 18.74959 0.8498917 0 0.0 0.010581529624363494 5.540721606003261 0.0
0.01593426 -0.02499656 0.2176931 -4.72333 0.7967227 0.5936709 0.2413961 19.0592 1.270876 1 0.002278937 0.029643357663753277 4.728343956893112 0.0
-0.002024093 0.009914025 -4.158345 -7.111239 0.3566028 0.2700182 0.2547783 17.94396 0.941534 1 0.0 0.010118539626511032 8.237812407074223 0.0
0.004856145 0.009959623 1.997639 -5.008168 1.860403 1.150869 0.6919891 19.53082 1.367731 1 0.001752598 0.011080443789088684 5.3918742836369065 0.0
0.02519153 -0.01334615 -2.154393 -6.634395 0.643686 0.4770664 0.2176435 18.87298 1.073957 1 0.0 0.028508470733510066 6.975428747716801 0.0
-0.004233187 0.007914997 -0.7131939 -3.63942 1.204841 0.8190616 0.2841932 19.52074 0.6918716 1 0.7273195 0.00897591497770439 3.7086417291775717 0.0
-0.02283542 0.01542152 -2.890219 -6.786755 0.6554289 0.4841276 0.1907687 18.95917 1.547161 1 0.0 0.027555030134020903 7.376544536433438 0.0
-0.009281761 0.002310581 -1.075143 -3.229664 0.8587893 0.656927 0.1332097 19.34236 1.141747 0 0.0 0.009565033811685246 3.4039186276033395 0.0
-0.02364294 -0.01488278 -2.339226 -3.267575 1.458476 1.058192 0.1689386 19.95011 1.171028 0 0.0 0.027937175096491056 4.018584907613748 0.0
0.001005633 0.00441326 -1.939707 -3.300497 1.191564 0.7075699 0.7207449 18.74193 nan 0 0.0 0.004526385043087806 3.8282820811504994 0.0
-0.009515967 0.01831701 -3.345796 -7.472855 0.9455213 0.6854804 0.1445981 19.39608 1.304903 1 0.0 0.020641377940563685 8.187668332598788 0.0
-0.00661052 0.006652096 -3.353807 -2.477329 0.8357116 0.6144244 0.08988319 19.30792 nan 0 0.0 0.009378131789627186 4.169553977044787 0.0
-0.007009559 0.001158882 4.228349 -2.289842 0.6122118 0.4714172 0.1484543 18.85912 1.098972 0 0.0 0.0071047114553938785 4.808566486050182 0.0
-0.01637708 0.0211764 2.667734 0.8434557 0.2990268 0.2040601 0.5721193 17.08545 1.050472 1 0.0 0.026770294475152865 2.797896033203966 0.0
-0.005344832 -0.02734435 -0.9756507 -4.043766 0.3952422 0.3070521 0.4153679 17.90634 1.190039 1 0.001405608 0.027861814478434888 4.159800205678932 0.0
0.01491841 0.02791358 -5.168044 -10.44038 1.729213 1.163138 0.6773422 19.613 0.9138508 1 0.0 0.031650069594623326 11.649472663186776 0.0
0.01390794 0.02718142 -10.71477 -4.232972 1.8392 1.266264 0.67518 19.75277 1.083956 1 0.0 0.030532939397640707 11.520605370625452 0.0
0.02778452 -0.001346375 -1.086833 -5.847827 0.5544418 0.4323016 0.2758247 18.77138 1.075768 1 0.0 0.027817122016323418 5.947964911784366 0.0
0.008287422 0.02100276 2.855066 -2.660412 1.071582 0.8392208 0.1104147 19.67016 2.08814 1 0.04169497 0.022578691083047393 3.9024599772579345 0.0
0.01364635 -0.00887503 1.403821 -6.127227 0.7804457 0.5743856 0.2940985 19.09931 0.998333 1 0.0 0.016278483523455126 6.285986327504221 0.0
0.02588791 -0.008417891 2.545312 -3.350931 0.7962961 0.6243725 0.2041388 19.27549 1.061983 1 0.00124426 0.02722213755486481 4.208010425855074 0.0
0.009794054 -0.02678802 -12.2868 -2.364467 2.178772 1.659473 0.2036588 20.42201 0.8646088 0 0.0 0.028522298457089954 12.512240344322395 0.0
-0.0009510376 0.01039089 0.2441017 -2.394797 0.6674418 0.4317414 0.7242731 17.99657 1.191732 1 0.9275085 0.010434321612290555 2.407205498322046 0.0
0.03062087 -0.007615443 -4.352631 -6.04643 0.9785087 0.751907 0.2485877 19.54074 1.102741 1 9.030871e-06 0.03155364720033405 7.4501484795311965 0.0
0.02297111 0.007830214 4.549167 1.727502 1.498617 1.321133 0.2767502 19.83443 1.045839 0 0.0 0.024268995568788917 4.866126134194735 0.0
0.003445137 -0.01053282 0.1123788 -1.946379 0.8915007 0.7454685 0.2023493 18.68202 1.127691 0 0.0 0.011081934222019594 1.94962052880309 0.0
-0.01525293 -0.01018008 -0.143404 -9.608522 0.6270902 0.4689108 0.2017875 18.83348 1.368292 1 0.0 0.01833809974864626 9.609592068953813 0.0
-0.011008 0.008051379 -0.3965175 -2.734144 0.1298344 0.09296218 0.1640019 15.86167 1.284945 1 0.9921332 0.013638209845930697 2.7627467384004367 0.0
-0.01062574 -0.01009887 1.181483 -5.033375 1.42081 1.089353 0.2417449 19.36245 1.035412 0 0.0 0.01465924710974271 5.17018045815753 0.0
0.01644453 -0.006346658 2.241841 0.2188554 1.794486 1.266105 0.2688825 20.12998 0.9872627 1 0.1881953 0.017626759052357412 2.2524983363789994 0.0
-0.02831495 -0.00882727 -4.167244 -9.099414 0.6439122 0.4809213 0.1934333 18.80993 1.069815 1 0.0 0.029659013624114338 10.008259474001061 0.0
0.007693939 -0.008969232 -0.7077607 -2.898525 0.6038042 0.5010446 0.2046961 18.83615 1.17901 1 0.9134412 0.011817098628916703 2.9836843640186688 0.0
0.00127839 -0.02719151 -2.633956 -6.87042 1.739845 1.149182 0.1750614 20.09213 1.261681 0 0.0 0.027221544722373855 7.3580157098456915 0.0
0.0058639 -0.01037663 2.064331 -8.139694 0.8648236 0.7144379 0.2113386 19.34376 1.155514 1 0.0 0.011918883058697236 8.397385360408144 0.0
-0.002232912 -0.02878227 0.4891033 -5.756881 1.472454 1.066017 0.2318774 20.02188 1.294312 1 0.006302774 0.028868754083829874 5.777620694215907 0.0
-0.007179896 0.01665797 -1.837605 0.8173669 2.102956 1.525925 0.1446303 20.25462 0.7252407 0 0.0 0.018139428631897866 2.011188898448032 0.0
0.01213149 -0.01098801 -2.602754 -10.94847 1.017574 0.7475923 0.230301 19.51846 0.8797417 0 0.0 0.016367938580658225 11.25359159226138 0.0
0.01716411 0.00766069 -4.78506 0.6200647 1.917073 1.543943 -0.1198055 20.00396 1.413511 0 0.0 0.018796085852331064 4.825067816703314 0.0
0.007986783 -0.02002045 -3.013902 -8.492182 0.4709252 0.3650436 0.1800266 18.45665 1.07716 1 0.0 0.021554747061647207 9.011146452407042 0.0
0.01419244 -0.01184682 -1.557262 -6.451334 1.276431 0.9313117 0.1672261 19.78995 0.9834366 1 0.001846541 0.018487090016170746 6.63662378896077 0.0
0.01442499 -0.007337907 -2.171562 -6.56608 1.356633 1.008522 0.2384131 19.83784 0.7753086 1 0.004078797 0.016184103794796578 6.915857725997839 0.0
-0.01567204 -0.01554367 -4.270052 -2.33777 0.6895539 0.5324309 0.07258517 18.77795 1.493799 1 2.030103e-05 0.022073026861545293 4.8681118162593595 0.0
0.01114092 -0.02098612 3.503442 0.3664877 2.126576 1.467497 0.09531974 20.21681 1.771353 0 0.0 0.023759994341346128 3.522558598748258 0.0
0.004813393 0.002364564 -7.809078 -0.9287285 2.736405 1.877497 0.1460808 20.47429 0.4683704 0 0.0 0.005362827153894203 7.864110619567622 0.0
0.009964185 -0.01628619 -2.464139 -3.755095 0.80087 0.6064109 0.1750591 18.80954 1.133427 0 0.0 0.019092536956369234 4.491405066384683 0.0
0.006179293 -0.01123497 -3.797561 -8.272712 1.121452 0.9808819 0.1532849 19.62414 0.8954964 0 0.0 0.012822176604646693 9.10270472901681 0.0
0.00296164 -0.005886494 0.05132902 -3.974908 1.187383 0.8009283 0.09522508 19.58477 0.7576637 0 0.0 0.00658954650197083 3.9752393986725076 0.0
-0.02197388 0.01841641 -2.395285 -4.321826 1.609704 1.281874 0.3328219 20.04213 1.813627 1 0.1174105 0.02867081372306165 4.941211410727232 0.0
-0.01218838 0.01767942 1.70763 -6.443338 0.4415963 0.33221 0.210636 18.26534 1.108438 1 0.0 0.02147366989037505 6.665778634123999 0.0
-0.000550925 -0.02325092 -3.173809 -7.703708 0.4899993 0.3746259 0.3285859 18.33194 0.8514385 1 0.0 0.023257446102313666 8.331877370541708 0.0
-0.01815591 -0.008765719 0.9405338 -5.668659 0.8562372 0.6153058 0.1988037 19.31424 1.25815 1 9.281341e-06 0.02016122261955016 5.746155122098901 0.0
-0.005033426 0.01582661 -2.144187 -7.201227 2.548349 1.662256 0.2414238 20.50479 1.28846 1 0.03621535 0.016607737997378694 7.513668091983968 0.0
-0.0009086137 -0.01015888 -1.054377 -3.046078 0.8160184 0.6321112 0.08529673 19.3103 nan 0 0.0 0.0101994324209844 3.223399143794172 0.0
0.008747297 0.001620209 -2.112002 -2.939003 0.9417187 0.6950063 0.1025566 19.48361 1.280027 0 0.0 0.008896082396757012 3.6191561284383686 0.0
-0.006229167 -0.01651452 5.727424 -1.632127 1.039396 0.780226 0.1552891 19.57585 2.208742 0 0.0 0.0176502660700707 5.955436526393762 0.0
0.006473457 -0.01365734 -3.071457 -1.909257 1.627085 1.193797 0.3033098 19.95267 2.01672 0 0.0 0.01511385395610428 3.6165052737273866 0.0
-0.0004669341 -0.009270052 -0.4270764 -2.169317 1.068743 0.8226755 0.07930315 19.67666 1.460014 1 0.8336293 0.009281804325477178 2.210956919056986 0.0
0.01085148 0.00390102 -1.189191 -2.367336 2.047906 1.570754 0.1189619 20.3104 0.5958195 1 0.5880042 0.011531373518831137 2.6492366771160705 0.0
0.01011959 0.02788035 5.686588 -1.868245 0.3378281 0.2684236 0.3400111 17.95989 1.395752 1 0.0 0.02966007447547292 5.9856179682442985 0.0
0.01080961 0.004972958 -1.293144 -2.17031 0.86412 0.6600028 0.1839695 19.44423 0.5220871 1 0.772732 0.011898654529898077 2.526354468564536 0.0
-0.02655937 0.01419913 1.816198 -4.017936 1.945677 1.50008 0.3216326 20.24834 0.8983707 0 0.0 0.03011669682342006 4.409351979066765 0.0
-0.02071215 0.02075913 -1.893407 -3.31816 0.4036864 0.3123115 0.1718991 18.21058 1.075129 1 0.01712398 0.029324642128752396 3.8203633142999633 0.0
-0.01138183 -0.01535568 -4.230425 -1.722701 0.5998056 0.3827301 0.7593253 17.7464 1.178904 1 0.0 0.019113946803611753 4.567734057060021 0.0
-0.01659369 -0.02767849 4.163623 -3.899763 1.276722 0.8620493 0.3982626 19.55028 0.9285526 1 9.680346e-05 0.032271494488111334 5.704726806981909 0.0
-0.02784175 0.01187534 -1.652238 -1.008059 1.408544 0.9994448 0.1940945 19.97239 1.100962 0 0.0 0.03026857682776149 1.9354775524725158 0.0
0.003234532 -0.01522489 -0.6035754 -2.741308 0.2811341 0.2445314 0.4406028 17.36513 1.213915 1 0.9732845 0.015564686722549992 2.8069686165593586 0.0
-0.008083027 0.005042095 -6.073821 -7.448323 0.4455872 0.3436993 0.2351148 18.18371 0.978611 1 0.0 0.009526701814991063 9.610869734439751 0.0
0.01783812 0.009941662 4.354296 -12.38114 1.099111 0.8337756 0.1555241 19.77788 1.118303 0 0.0 0.020421438941872927 13.124500804038835 0.0
0.01615722 0.01782717 6.246799 -2.229655 0.6287733 0.4889703 0.1997677 19.01306 1.139294 1 0.0 0.024059587451519197 6.63278668173687 0.0
-0.007048969 -0.01943667 1.504739 -2.481352 1.34812 0.9123567 0.07659763 19.85748 1.417233 1 0.3979969 0.020675398536711718 2.9019557553527586 0.0
-0.02763312 0.01538878 -0.3030115 -2.712479 0.6269912 0.4566696 0.229422 18.87156 1.049404 1 0.6028827 0.031629161715461256 2.7293512589209272 0.0
0.01078792 0.001669434 -0.7009474 -2.975999 0.9126289 0.6606747 0.2311242 19.26423 1.259296 1 0.8571376 0.01091632849481711 3.0574331236460037 0.0
0.004518223 -0.005409764 -5.399932 -5.298545 0.9007581 0.796859 -0.3081856 19.04505 nan 0 0.0 0.007048395960317851 7.56530532904317 0.0
0.004330005 0.008349865 -2.750044 -7.531355 0.8400535 0.5206434 0.7166108 18.30538 1.014168 0 0.0 0.009405806122722814 8.017733478855542 0.0
0.001888343 -0.02156485 5.732095 -5.316838 2.902988 1.896049 0.1741269 20.73399 0.7869873 0 0.0 0.021647369235270806 7.818291335532911 0.0
0.003613664 -0.006515958 -3.126505 -0.2402244 0.1907889 0.1449252 0.1665781 16.86577 1.001398 0 0.0 0.007450924517310586 3.1357202166935045 0.0
-0.007433603 0.02538978 -2.151366 -1.889596 0.3250036 0.2574058 0.3645421 17.8687 1.099379 1 0.0 0.026455611541032445 2.863380643430419 0.0
-0.0171576 0.02711946 -8.694509 -6.237625 0.476772 0.3507432 0.2075343 18.464 0.9434109 1 0.0 0.03209125034104468 10.700581871641655 0.0
0.004225793 0.02109859 0.1922158 0.4539462 1.839767 1.418747 0.2995912 20.21125 1.922146 0 0.0 0.021517616653964004 0.4929645689743635 0.0
0.02082777 0.01493404 4.47395 0.4889115 1.206292 0.9263523 0.1649197 19.90468 1.454769 1 0.0002434411 0.0256285300767426 4.50058474615602 0.0
-0.0003196971 -0.01021991 1.545059 -11.84333 0.540159 0.423392 0.1023066 18.68905 1.295706 0 0.0 0.010224909126434738 11.943687571365093 0.0
0.01005595 0.02519481 -0.2437873 2.001034 3.143817 2.151416 0.3074174 20.62711 1.21311 0 0.0 0.027127487560380525 2.0158296844717043 0.0
-0.009580676 0.02730824 1.606427 -3.76856 0.5908505 0.4572039 0.241546 18.87597 0.8941975 1 0.0001319485 0.02894009890298539 4.096663542436576 0.0
0.01108194 -0.0008216219 -9.524818 -4.22429 0.9617228 0.7674297 0.08004355 19.41177 1.064589 0 0.0 0.011112356037769833 10.41953856642529 0.0
-0.0005930747 -0.01458393 5.062892 -6.348337 0.6129176 0.5222889 0.1104585 18.73884 1.249895 0 0.0 0.014595984099905018 8.119991260416048 0.0
-0.01296258 -0.0008334808 0.4740938 -7.132202 0.1989264 0.1510286 0.2348244 17.0001 1.152582 1 0.0 0.012989348347795152 7.1479416827505275 0.0
-0.006210808 0.006938245 1.095201 -5.273038 0.2140407 0.1637681 0.2143569 17.13021 1.074955 1 0.0 0.009312001916499427 5.385572855309358 0.0
-0.01369328 -0.02302375 2.696742 -4.272164 0.7482488 0.5343785 0.271266 18.84355 1.268131 1 0.0 0.026788038024851687 5.052108733732876 0.0
-0.007136889 0.009619864 0.6160745 -7.37156 0.5619729 0.4067146 0.1650023 18.69528 0.9474602 1 0.0 0.011978187174060063 7.397259264291758 0.0
-0.02108798 0.01307618 -4.183608 -1.772219 0.3975603 0.2967142 0.2171972 18.19339 0.9743633 1 0.0 0.024813088962739 4.543493818816638 0.0
-0.01822534 0.01015134 2.088859 -0.4170377 0.6953201 0.5022066 0.2622425 18.96887 1.76123 1 0.0001155796 0.02086175260881022 2.1300827132067637 0.0
0.009396245 -0.01698036 -5.129812 -3.021589 2.002806 1.537117 0.08948212 20.30968 1.230621 0 0.0 0.01940675258330525 5.953567942021406 0.0
-0.01360951 -0.02163518 0.1939057 -7.462366 1.30488 0.8747893 0.6317303 18.98709 1.26432 1 0.0 0.0255597295774525 7.464884844285844 0.0
0.01651178 0.007332827 -0.6896651 -8.013216 1.218224 0.9706574 0.1490873 19.72971 1.191677 0 0.0 0.01806679912381629 8.04283958641561 0.0
-0.03303234 0.0009929228 -2.878465 -4.512566 0.8369715 0.6205692 0.09924078 19.19158 nan 0 0.0 0.033047259819270335 5.3524585622479135 0.0
-0.007367194 0.001189352 0.8322129 -2.97977 1.040732 0.8140025 0.1133141 19.59711 nan 0 0.0 0.0074625803589334965 3.093801474533621 0.0
-0.010947 0.01860666 2.656107 -13.40661 2.406481 1.61274 0.07798701 20.47464 2.077454 0 0.0 0.021588066271799336 13.667190497229086 0.0
0.02114279 0.01333175 2.042767 -7.475956 0.6888965 0.5350231 0.1728576 19.04742 1.025221 1 0.0 0.02499506205326564 7.75002033095559 0.0
0.008704696 -0.001675683 1.716629 -2.233328 1.631759 1.253637 0.09963651 19.75743 1.174438 0 0.0 0.008864516115891775 2.8168367150449103 0.0
0.01891202 0.012356 -0.06614336 -5.968402 0.5581402 0.4370838 0.1839006 18.8727 1.84668 1 0.0 0.02259060062239161 5.968768497577711 0.0
0.01093111 -0.01864767 -4.365977 -6.969508 0.5707602 0.4371124 0.1213081 18.72968 1.137213 1 0.0 0.021615382537928864 8.224098547962141 0.0
0.01135459 -0.004747002 -1.000655 -3.558052 1.544525 1.183744 0.1561776 19.90466 0.9046822 0 0.0 0.012306938776808147 3.6960850184660257 0.0
-0.02973015 0.002139233 4.020153 -6.881444 3.755727 3.097891 0.1087673 20.64423 1.22337 0 0.0 0.029807014893323165 7.969686422221705 0.0
-0.03143342 0.0008107626 -2.025476 -6.032865 1.019892 0.7572022 0.0406186 19.50307 nan 0 0.0 0.03144387426653972 6.363804925891507 0.0
0.003949808 -0.01206255 -6.048699 -12.43481 0.6604356 0.5570773 0.1803212 18.91466 1.081598 0 0.0 0.012692757609730205 13.82791594307331 0.0
0.009172992 0.03106197 -1.632187 -4.665162 1.575781 1.125116 0.1515751 20.04097 0.9952412 0 0.0 0.03238811143788665 4.942445840797145 0.0
