jas1101finalproject/data/gcs/FSR_1735.ecsv
# %ECSV 0.9
# ---
# datatype:
# - {name: x, unit: deg, datatype: float64}
# - {name: y, unit: deg, datatype: float64}
# - {name: pmx, unit: mas / yr, datatype: float64}
# - {name: pmy, unit: mas / yr, datatype: float64}
# - {name: pmx_e, unit: mas / yr, datatype: float64}
# - {name: pmy_e, unit: mas / yr, datatype: float64}
# - {name: pm_corr, datatype: float64}
# - {name: g_mag, unit: mag, datatype: float64}
# - {name: bp_rp, unit: mag, datatype: float64}
# - {name: filter, datatype: int64}
# - {name: memberprob, datatype: float64}
# - {name: r, unit: deg, datatype: float64}
# - {name: pm, unit: mas / yr, datatype: float64}
# - {name: member_prob_GMM, datatype: float64}
# meta: !!omap
# - comments: [deg deg mas/yr mas/yr mas/yr mas/yr dimless mag   mag   zeroone float]
# - __serialized_columns__:
#     bp_rp:
#       __class__: astropy.units.quantity.Quantity
#       unit: &id001 !astropy.units.Unit {unit: mag}
#       value: !astropy.table.SerializedColumn {name: bp_rp}
#     g_mag:
#       __class__: astropy.units.quantity.Quantity
#       unit: *id001
#       value: !astropy.table.SerializedColumn {name: g_mag}
#     pm:
#       __class__: astropy.units.quantity.Quantity
#       unit: !astropy.units.Unit {unit: mas / yr}
#       value: !astropy.table.SerializedColumn {name: pm}
#     pmx:
#       __class__: astropy.units.quantity.Quantity
#       unit: !astropy.units.Unit {unit: mas / yr}
#       value: !astropy.table.SerializedColumn {name: pmx}
#     pmx_e:
#       __class__: astropy.units.quantity.Quantity
#       unit: !astropy.units.Unit {unit: mas / yr}
#       value: !astropy.table.SerializedColumn {name: pmx_e}
#     pmy:
#       __class__: astropy.units.quantity.Quantity
#       unit: !astropy.units.Unit {unit: mas / yr}
#       value: !astropy.table.SerializedColumn {name: pmy}
#     pmy_e:
#       __class__: astropy.units.quantity.Quantity
#       unit: !astropy.units.Unit {unit: mas / yr}
#       value: !astropy.table.SerializedColumn {name: pmy_e}
#     r:
#       __class__: astropy.units.quantity.Quantity
#       unit: &id002 !astropy.units.Unit {unit: deg}
#       value: !astropy.table.SerializedColumn {name: r}
#     x:
#       __class__: astropy.units.quantity.Quantity
#       unit: *id002
#       value: !astropy.table.SerializedColumn {name: x}
#     y:
#       __class__: astropy.units.quantity.Quantity
#       unit: *id002
#       value: !astropy.table.SerializedColumn {name: y}
# schema: astropy-2.0
x y pmx pmy pmx_e pmy_e pm_corr g_mag bp_rp filter memberprob r pm member_prob_GMM
[from data line 572]
-0.006750877 -0.0130835 -6.715518 0.3274773 0.8822284 0.8644166 -0.2929936 19.16482 3.383873 0 0.0 0.014722510401393133 6.723497853821275 0.0
-0.03160963 0.003802857 0.9330958 -2.522196 1.665568 1.012626 -0.2296414 19.61421 2.646162 0 0.0 0.031837563193488114 2.6892639205540316 0.0
0.01960207 0.007779723 -1.192717 -3.717459 2.031129 1.566391 -0.1813559 20.06495 2.692623 0 0.0 0.021089457988332203 3.9041100469594863 0.0
0.01536167 -0.02327815 -2.091763 -3.472725 0.5417931 0.4360999 -0.09133161 18.46995 4.135441 1 0.0 0.027890019229312123 4.054046296454199 0.0
-0.00530796 0.003560191 -5.032565 0.03731042 0.34387 0.2664705 -0.03678643 17.59037 4.677668 1 0.9960599 0.006391353480921001 5.032703304056934 0.0
0.02739477 0.01864055 0.5565315 1.048021 2.18097 1.907654 -0.4331257 20.34147 2.356977 0 0.0 0.03313523091296332 1.1866234983908124 0.0
0.02611507 0.01731749 -1.000889 -6.375526 0.7481551 0.6287469 -0.413902 18.84571 3.68083 1 0.0 0.031335161416609934 6.453612210769794 0.0
-0.02003824 -0.02581648 0.1216519 -2.459551 0.600386 0.4914974 -0.07529337 18.72941 2.216736 0 0.0 0.03268060130854388 2.4625576757458107 0.0
0.01899851 0.006215915 -5.125886 -0.3899194 0.9632944 0.751013 -0.0492024 19.29786 3.254377 0 0.0 0.019989521792862504 5.140694935851802 0.0
-0.008329244 -0.02146842 -4.318026 -6.311687 2.783729 1.723538 0.2794429 20.61296 2.683268 0 0.0 0.02302757831184026 7.647400952130403 0.0
0.02061664 0.02353023 -0.239748 0.161388 1.170811 0.9121026 -0.3251726 19.45622 nan 0 0.0 0.03128446209770115 0.28900724912707637 0.0
-0.01379481 -0.02180525 -18.91434 -11.9427 0.4989133 0.3711232 -0.008095389 18.6184 1.885622 0 0.0 0.025802436134958265 22.369182839916167 0.0
-0.01788461 0.02758242 -3.040434 -6.00585 0.5132614 0.4202101 -0.0610672 18.27118 2.197735 1 0.0 0.03287322874176645 6.731602567803302 0.0
0.0169953 0.01656205 -1.26714 0.8589929 3.043797 2.406614 -0.4407389 20.44909 nan 0 0.0 0.023730607288742107 1.5308535468327498 0.0
-0.003894866 0.01372648 -5.750207 0.9701518 0.7267352 0.6293336 -0.2281109 19.02636 3.574125 0 0.0 0.014268364809898714 5.831472803494178 0.0
0.003767568 0.002736348 -2.329014 -3.931062 1.712559 1.2701 -0.008466906 19.88553 2.740965 0 0.0 0.004656411602481893 4.569196281627656 0.0
0.02108416 0.02233604 -4.543258 -1.450457 2.859866 2.007976 -0.1370005 20.25591 nan 0 0.0 0.03071547632362552 4.769173803020078 0.0
0.0215422 0.02349934 -5.099687 -7.210464 1.352466 0.9946327 -0.2426742 19.37001 2.764427 0 0.0 0.03187923087647505 8.831624912396641 0.0
0.002975533 -0.03239696 -0.7304961 -0.5351819 0.511775 0.4576095 -0.2879524 18.16714 3.947474 1 0.0 0.03253331851926098 0.9055629289026909 0.0
0.002053394 0.03176247 2.880149 3.603602 2.664228 1.937603 -0.3473134 20.34341 2.19997 0 0.0 0.031828775147971625 4.613155713457438 0.0
-0.02286069 0.01410701 -3.722609 -2.489546 0.6109945 0.541596 -0.138946 18.69146 3.896854 1 0.0001589855 0.026862964810612396 4.478354279531377 0.0
-0.007846755 0.01855164 -2.69897 -4.128135 2.767024 2.004461 -0.2149879 20.29321 2.736971 0 0.0 0.0201428625254611 4.932133173295811 0.0
0.01824658 0.02669347 -3.062814 -2.228409 0.5665832 0.4541283 -0.361199 18.37457 2.165682 0 0.0 0.03233386803859538 3.787695377122743 0.0
0.0174274 0.002386495 2.123736 0.4943446 2.371883 1.644915 0.2066502 20.16663 2.226498 0 0.0 0.017590043466263094 2.1805116787683483 0.0
-0.01589538 -0.01644619 -6.538532 1.243669 1.147693 0.8344497 0.05988361 19.39896 2.445147 0 0.0 0.02287225985469079 6.655757905496939 0.0
0.0007111157 -0.005999181 -1.713409 -1.865562 0.3035688 0.2379808 -0.06043542 17.61845 3.550066 1 0.0 0.006041180200055903 2.533000587667717 0.0
0.01098271 0.005298826 0.844653 -1.562662 0.5813709 0.5357749 -0.3616918 18.92611 2.470636 1 0.0 0.012194157450286427 1.7763308297310498 0.0
-0.02293835 -0.02289559 -4.941349 -0.8293122 2.522041 1.611697 0.361432 20.24188 2.369389 0 0.0 0.03240950388652378 5.010457929657711 0.0
0.001178742 -0.01067982 -13.29302 -6.883196 2.845297 2.153159 0.2570417 20.33405 2.644323 0 0.0 0.010744672537353755 14.96939437301376 1.0
0.02150111 0.02475058 -4.157021 -2.997948 0.9616796 0.9200742 -0.762096 18.56004 3.46402 1 0.0004185942 0.03278549895256286 5.125282022010594 0.0
0.00723959 0.001690762 1.34611 -1.236316 1.062253 0.8426686 -0.07084547 19.4917 2.688562 0 0.0 0.007434402431180599 1.8277005728389975 0.0
0.007353981 0.001984478 -5.468625 -3.431076 1.640615 1.28262 -0.02145477 19.97961 nan 0 0.0 0.007617032852813817 6.455861050890191 0.0
0.01616111 0.008887139 0.4195871 -4.542737 1.174991 0.948328 -0.0995448 19.75896 2.026566 0 0.0 0.018443500644872733 4.562073299022651 0.0
0.004422265 -6.369046e-05 7.957339 -17.96763 3.002184 2.189375 -0.241392 20.19794 nan 0 0.0 0.0044227236184188595 19.65082623651792 0.0
-0.01651834 0.01531098 -6.180537 0.3871647 0.6768182 0.6654887 -0.2905241 18.47896 4.250383 0 0.0 0.0225229142189904 6.1926516221482295 0.0
0.00590729 -0.01344198 -2.258481 -7.43485 1.144143 0.8844489 0.06236189 19.16329 2.220928 0 0.0 0.01468274161948306 7.770310865715798 0.0
-8.922415e-05 -0.004759399 -3.639353 -2.495881 0.8619879 0.6673992 -0.090074 19.18752 4.183935 1 0.02318933 0.004760235266259875 4.41297090685742 0.0
0.006251845 0.000218414 -1.017699 -5.969244 1.976693 1.5808 -0.01882782 20.32123 2.592424 0 0.0 0.006255659084334839 6.0553765519690845 0.0
0.009113237 0.0160757 -4.889803 -0.7932463 0.606726 0.4769667 -0.03447616 18.64818 3.8244 1 0.8168561 0.018479156341894207 4.953727189831176 0.0
-0.01789992 -0.01975035 -2.389177 0.1478595 1.207913 0.8539136 0.04619946 19.63423 2.260933 0 0.0 0.026654895631551438 2.393747933486158 0.0
0.01561932 0.004961976 9.598551 -4.147403 4.255537 2.831226 -0.2346001 20.66735 1.896233 0 0.0 0.016388543653631217 10.4562485119669 0.0
0.01348833 0.005843753 -6.090775 -9.132424 2.566589 1.667994 0.3648674 20.11882 nan 0 0.0 0.0146998127645868 10.977190360761764 0.0
-0.0130072 0.02941107 -4.493727 -4.076812 2.588051 1.991368 -0.2558675 20.23042 2.762671 0 0.0 0.032158953502639046 6.067452384145508 0.0
0.009091884 0.01281032 -2.739338 -4.894164 3.953379 3.147024 -0.4114542 20.74187 2.460876 0 0.0 0.0157088081397621 5.608637440336111 0.0
0.02035741 0.02553304 -8.976774 -8.055254 2.61376 1.825258 -0.05474081 20.26902 2.427778 0 0.0 0.03265517223273673 12.061077416698394 0.0
-0.005175521 0.03147616 -8.817409 -5.411049 2.552204 1.710211 -0.02429271 20.21992 2.171682 0 0.0 0.03189881919393007 10.34534449661692 0.0
0.006357962 0.01838017 -1.903097 -10.24338 2.807212 2.220079 -0.3060721 20.5973 2.043304 0 0.0 0.019448761657811123 10.418666518120686 0.0
0.01225278 0.01284784 -6.519151 -10.61933 2.99228 2.532061 -0.4027972 20.53462 nan 0 0.0 0.01775380551864867 12.460718254165808 0.0
0.01608303 0.02578627 -2.369751 -5.008298 0.5532819 0.4527544 -0.3988891 18.48193 2.316792 1 0.0 0.03039071526788733 5.540646953091759 0.0
-0.02356641 0.01106639 -0.926102 -2.126411 1.68422 1.157967 0.1480162 19.94264 2.54612 0 0.0 0.0260353733969805 2.319329354646511 0.0
0.01718615 0.02797175 0.3949692 -5.268452 1.73917 1.195326 -0.05752528 19.72657 3.292551 1 2.857211e-06 0.03282959868601808 5.2832364271583225 0.0
-0.02004008 0.0067 -1.309576 -0.8015509 0.5853269 0.4502012 -0.04363883 18.6862 2.358055 1 0.0 0.021130423715732725 1.535406508084035 0.0
0.01370419 -0.003754081 -4.233575 -4.070394 1.546275 1.198869 -0.01628563 20.00336 2.27775 0 0.0 0.01420907976297765 5.8729264081768475 0.0
0.02810617 0.007035867 -2.104847 -2.666481 0.6212572 0.5054861 -0.4021846 18.53113 3.846874 1 0.0 0.028973439846013953 3.3971314099943206 0.0
-0.02518967 0.01376264 -3.181529 -5.052056 2.572555 1.410983 0.2520639 20.27115 0.9606266 0 0.0 0.028704176255006868 5.970376588204215 0.0
-0.009014876 -0.02249087 0.5892289 -0.989213 0.4257658 0.3201006 -0.004493721 18.25966 2.259186 1 0.0 0.024230295554373164 1.151404818456224 0.0
-0.01452528 0.0277551 -2.662666 -2.581762 0.2894339 0.2605636 -0.3363897 17.96836 2.355539 1 0.0 0.03132617651562987 3.7088118383385265 0.0
0.01120556 0.02688234 -5.263131 5.470664 2.279706 1.788654 -0.305551 20.07776 2.293453 0 0.0 0.029124298769055368 7.591357752342923 0.0
-0.0002036075 0.007489593 -5.586902 -0.4807408 1.119944 0.8739257 -0.005174068 19.48948 3.403231 0 0.0 0.007492360063404938 5.607547206612588 0.0
0.01639527 0.02657963 -1.736805 -4.826378 2.164584 1.621851 -0.1932929 20.16255 2.198927 0 0.0 0.031229499024316737 5.129368012426969 0.0
-0.01445259 -0.01020493 -3.159253 -3.307988 1.41324 0.9359415 0.09519012 19.78626 2.218702 0 0.0 0.01769231341608553 4.57423918549883 0.0
0.009562473 0.02784777 0.09699584 -3.004627 0.7168114 0.6231372 -0.5056853 18.81718 2.322273 0 0.0 0.029443830998167157 3.00619220977407 0.0
0.006647367 0.004258131 1.456849 -1.53031 2.963093 2.230865 -0.2478388 20.4059 2.603281 0 0.0 0.007894249023551892 2.112879008580709 0.0
0.002593981 0.0259107 -3.562023 -3.571184 2.122726 1.52813 -0.2003041 20.11418 2.314398 0 0.0 0.026040221042041116 5.043943200947548 0.0
0.004703624 0.0077526 -0.5064249 -2.26402 0.2434838 0.1914097 -0.08942986 17.32337 2.073629 1 0.0 0.009067904140063237 2.3199682626579206 0.0
0.001469499 -0.01972448 -3.798589 -0.3247371 1.598052 1.522223 -0.2361773 19.06512 2.564596 0 0.0 0.019779144030554027 3.812444435665576 0.0
0.01735141 -0.007535508 -3.54125 -0.6545333 0.6090118 0.4817933 -0.1072566 18.49167 3.611038 0 0.0 0.018917063984830312 3.6012310955156552 0.0
0.01024815 -0.03018153 -6.43904 0.7381197 2.712957 2.011942 -0.2757392 20.41702 2.395176 0 0.0 0.031873960085991825 6.481207974839882 0.0
0.02138643 -0.001891221 -4.786734 -5.295814 1.438399 1.127049 -0.06861971 19.88493 2.3325 0 0.0 0.021469888332633243 7.1385200363487105 0.0
-0.01398013 0.01127576 -1.618795 -3.518618 0.2681789 0.2341894 -0.2715008 17.31093 2.076925 1 0.0 0.01796070150062352 3.873134374372906 0.0
-0.00410369 0.02501034 -1.150075 -1.67103 2.457669 2.002789 -0.4286646 20.51765 2.110289 0 0.0 0.025344770240262587 2.0285496707068824 0.0
-0.02245262 0.008034183 -4.521604 -2.816575 0.4719949 0.4687229 -0.4061874 18.06908 4.363947 1 1.697011e-06 0.023846765846585755 5.327100286595043 0.0
0.0175498 -0.004754658 3.867139 -9.042867 1.256165 0.9774291 -0.03511776 19.73696 2.185743 0 0.0 0.018182471029454826 9.835049955389652 0.0
0.02645702 -0.006055332 -2.422471 -4.53929 0.7374151 0.5781741 -0.04907817 18.85455 2.634354 0 0.0 0.027141130280639088 5.1452424092496365 0.0
0.01584991 0.01129049 -1.058524 -6.348832 0.5699234 0.4408329 0.003957459 18.29754 2.179998 0 0.0 0.019460082513910366 6.436469593092164 0.0
