jas1101finalproject/data/gcs/FSR_1716.ecsv
# %ECSV 0.9
# ---
# datatype:
# - {name: x, unit: deg, datatype: float64}
# - {name: y, unit: deg, datatype: float64}
# - {name: pmx, unit: mas / yr, datatype: float64}
# - {name: pmy, unit: mas / yr, datatype: float64}
# - {name: pmx_e, unit: mas / yr, datatype: float64}
# - {name: pmy_e, unit: mas / yr, datatype: float64}
# - {name: pm_corr, datatype: float64}
# - {name: g_mag, unit: mag, datatype: float64}
# - {name: bp_rp, unit: mag, datatype: float64}
# - {name: filter, datatype: int64}
# - {name: memberprob, datatype: float64}
# - {name: r, unit: deg, datatype: float64}
# - {name: pm, unit: mas / yr, datatype: float64}
# - {name: member_prob_GMM, datatype: float64}
# - {name: member_prob_DB, datatype: float64}
# meta: !!omap
# - comments: [deg deg mas/yr mas/yr mas/yr mas/yr dimless mag   mag   zeroone float]
# - __serialized_columns__:
#     bp_rp:
#       __class__: astropy.units.quantity.Quantity
#       unit: &id001 !astropy.units.Unit {unit: mag}
#       value: !astropy.table.SerializedColumn {name: bp_rp}
#     g_mag:
#       __class__: astropy.units.quantity.Quantity
#       unit: *id001
#       value: !astropy.table.SerializedColumn {name: g_mag}
#     pm:
#       __class__: astropy.units.quantity.Quantity
#       unit: !astropy.units.Unit {unit: mas / yr}
#       value: !astropy.table.SerializedColumn {name: pm}
#     pmx:
#       __class__: astropy.units.quantity.Quantity
#       unit: !astropy.units.Unit {unit: mas / yr}
#       value: !astropy.table.SerializedColumn {name: pmx}
#     pmx_e:
#       __class__: astropy.units.quantity.Quantity
#       unit: !astropy.units.Unit {unit: mas / yr}
#       value: !astropy.table.SerializedColumn {name: pmx_e}
#     pmy:
#       __class__: astropy.units.quantity.Quantity
#       unit: !astropy.units.Unit {unit: mas / yr}
#       value: !astropy.table.SerializedColumn {name: pmy}
#     pmy_e:
#       __class__: astropy.units.quantity.Quantity
#       unit: !astropy.units.Unit {unit: mas / yr}
#       value: !astropy.table.SerializedColumn {name: pmy_e}
#     r:
#       __class__: astropy.units.quantity.Quantity
#       unit: &id002 !astropy.units.Unit {unit: deg}
#       value: !astropy.table.SerializedColumn {name: r}
#     x:
#       __class__: astropy.units.quantity.Quantity
#       unit: *id002
#       value: !astropy.table.SerializedColumn {name: x}
#     y:
#       __class__: astropy.units.quantity.Quantity
#       unit: *id002
#       value: !astropy.table.SerializedColumn {name: y}
# schema: astropy-2.0
x y pmx pmy pmx_e pmy_e pm_corr g_mag bp_rp filter memberprob r pm member_prob_GMM member_prob_DB
[from data line 4490]
0.0117718 0.05155233 -9.150229 -3.849414 3.947823 1.61781 -0.3488675 20.56107 nan 0 0.0 0.052879277639439254 9.926967255704886 0.0 0.0
0.0003791957 0.02400424 -1.242217 -6.354025 2.417178 1.215077 -0.1453743 20.42526 1.830713 0 0.0 0.02400723489609952 6.474313614253947 0.0 0.0
-0.03317056 0.02396064 -5.742643 -3.91568 0.1845538 0.1590258 -0.2822027 15.99838 4.977134 1 0.0 0.0409194125070632 6.950575406960851 0.0 0.0
0.03066465 -0.04469821 -10.32295 -3.69596 0.8651734 0.6509114 -0.1536888 19.60217 2.384813 0 0.0 0.05420563381076362 10.964643953366657 0.0 0.0
0.02558688 0.02432452 -0.2000782 0.8758157 0.8651347 0.5747528 -0.1380503 19.62105 2.440041 0 0.0 0.0353039757161258 0.89837877673158 0.0 0.0
-0.05043307 0.03909546 -3.475523 -7.587945 0.3297443 0.3160683 -0.3474558 18.67734 1.865698 0 0.0 0.0638118291716865 8.346027165457468 0.0 0.0
0.03968117 0.02511466 -0.6855443 -2.983855 3.061765 1.296971 -0.4880728 20.55078 2.077587 0 0.0 0.046961062588963 3.0615946250748958 0.0 0.0
0.06081758 -0.0246276 -4.314727 -4.034643 0.5325862 0.5035737 -0.1309412 18.87381 2.140978 0 0.0 0.06561475991586345 5.90721704544348 0.0 0.0
0.03459794 0.02503523 -9.032027 -7.372968 3.106513 1.515333 -0.3148721 20.3538 2.458027 0 0.0 0.04270573958376672 11.659252499956976 0.0 0.0
-0.05330307 0.01607402 -2.634645 -1.77343 0.9653206 0.6696372 -0.2903217 19.74069 2.129036 0 0.0 0.05567397408471305 3.1759106160162944 0.0 0.0
0.06085336 -0.02483364 -3.621734 -4.809258 1.265832 0.9770745 0.3305001 19.4453 nan 0 0.0 0.06572549808817883 6.020458427505334 0.0 0.0
0.02782619 0.02467786 -0.4986211 -2.408901 3.078868 1.403812 -0.1847178 20.62439 2.00152 0 0.0 0.03719265551282538 2.459964843075244 0.0 0.0
0.01719719 0.0190111 -3.163376 -3.138219 1.030941 0.6518809 -0.1968915 19.75755 2.100767 0 0.0 0.025635234875188876 4.455936064323297 0.0 0.0
0.03889636 0.02585163 -2.588572 -5.314406 0.8828805 0.5215388 -0.2363364 19.51248 2.103863 0 0.0 0.046703678601438876 5.911312555771349 0.0 0.0
-0.0005417141 0.02446963 -12.30068 -8.30288 3.421839 1.564768 -0.1230756 20.5813 2.220217 0 0.0 0.02447562555897272 14.840638286704518 0.0 0.0
0.01431332 0.03340122 -2.227959 -9.656105 0.978011 0.6652858 -0.3041348 19.869 2.842236 0 0.0 0.03633885836003658 9.909801465049943 0.0 0.0
-0.0417502 0.04477362 -1.401642 -2.386376 0.7908033 0.5522436 -0.307103 19.64253 1.717836 0 0.0 0.061218920669547906 2.7675604256348225 0.0 0.0
0.02023746 -0.04122051 -4.067462 -4.819415 1.172933 0.6506286 -0.5395043 19.12702 nan 0 0.0 0.04592042281939159 6.306425934209408 0.0 0.0
-0.0281384 0.005531686 -6.326378 -0.7414015 1.638932 1.267363 0.06350616 20.08695 nan 0 0.0 0.02867697865122119 6.369673051506353 0.0 0.0
0.03246156 0.02946199 0.3273452 -8.78902 2.42689 1.293896 -0.1110984 20.43954 1.873459 0 0.0 0.043837902919661886 8.795113838965534 0.0 0.0
-0.02816567 0.005833029 -0.6552996 -2.257121 1.365475 0.8584259 -0.4153548 19.91625 2.266939 0 0.0 0.028763330715752322 2.3503218448546916 0.0 0.0
0.02847358 -0.04578004 -1.922653 -4.539558 0.746172 0.4530182 -0.1951096 19.4484 1.7701 0 0.0 0.05391249224825356 4.929927118505202 0.0 0.0
-0.04640043 -0.02219449 11.44888 2.201013 3.780888 1.954617 -0.1892225 20.4667 nan 0 0.0 0.05143535059222402 11.658529559106887 0.0 0.0
-0.04632864 -0.02187397 -2.056461 5.238706 3.222358 1.562346 -0.1504295 20.53282 nan 0 0.0 0.05123293323449771 5.627883474180768 0.0 0.0
-0.01488454 0.01438475 -4.167004 -5.206692 0.4574962 0.3564953 -0.3259672 19.07727 1.944458 0 0.0 0.02069953051578948 6.6688502696401875 0.0 0.0
-0.04594947 -0.02222832 -7.8132 -3.397836 2.210157 1.170965 -0.3757753 20.22562 2.406221 0 0.0 0.05104362843003326 8.520057730021318 0.0 0.0
0.009933534 -0.04290672 1.047222 -1.020317 0.8449856 0.4786084 -0.3013308 19.31362 1.587517 0 0.0 0.04404159078516075 1.4620946268190032 0.0 0.0
-0.000234872 0.04762866 -2.122221 -2.458286 0.06221766 0.05238727 -0.3338499 15.57301 2.016052 1 0.0 0.047629239110571396 3.247613282186936 0.0 0.0
0.05412925 -0.02925331 -1.882857 -4.448912 1.600634 1.044265 -0.1071869 20.02513 1.316292 0 0.0 0.06152830122405948 4.830938673404269 0.0 0.0
0.01138429 0.05512299 -4.429586 -4.220435 1.033321 0.7834573 -0.3113227 19.65257 nan 0 0.0 0.056286286832089034 6.118276204996061 0.0 0.0
0.003601185 0.01030551 -4.686784 -1.996012 0.7720478 0.4376552 -0.2385599 19.38255 2.427683 0 0.0 0.010916596070402395 5.094115052371707 0.0 0.0
0.0096596 -0.05815018 -5.935396 -5.897707 0.3998186 0.3471455 -0.2177291 18.70993 1.514681 0 0.0 0.058947021181671264 8.367309814669527 0.0 0.0
-0.02501353 0.03185889 -3.340683 -4.311805 0.1300842 0.09645065 -0.2377096 17.03098 1.527151 1 0.0 0.04050512998489204 5.454523376475161 0.0 0.0
-0.03515501 0.02178846 1.228756 -13.1465 2.810833 1.237605 -0.4975265 20.36408 1.678186 0 0.0 0.04135954203411469 13.203798830546305 0.0 0.0
-0.008520692 0.01324212 -4.545973 -5.200953 1.374904 0.926387 -0.2913407 20.13502 1.820515 0 0.0 0.015746616597011053 6.907661154467408 0.0 0.0
-0.01922695 0.03568045 -3.846478 -1.142938 0.36903 0.3219363 -0.3121248 18.75073 1.744379 0 0.0 0.040531100632785685 4.012692397421961 0.0 0.0
-0.02441617 0.02950557 -3.627051 -8.308637 0.9965026 0.630887 -0.306691 19.83708 1.829857 0 0.0 0.03829788530054629 9.06581202950789 0.0 0.0
0.03260174 0.02392294 -6.710274 -4.411509 3.269859 1.441476 -0.06928811 20.41909 nan 0 0.0 0.04043736526124322 8.03051609874216 0.0 0.0
-0.005925202 0.04194816 -4.407895 -11.93951 0.1976421 0.1428487 -0.2239556 17.72675 1.402231 1 0.0 0.04236456238563552 12.72719283153693 0.0 0.0
-0.02855566 0.02196894 8.60477 -1.669502 4.405702 1.883756 -0.2964149 20.69194 0.9444771 0 0.0 0.03602860034415992 8.765232665531704 0.0 0.0
0.003483813 0.009821053 -6.182264 -2.274132 1.191131 0.6423061 -0.2732957 19.86149 nan 0 0.0 0.010420654252386363 6.587265329339634 0.0 0.0
-0.02241765 0.05784607 -2.723565 -8.02025 0.591317 0.4046622 -0.2567973 19.19807 2.4599 0 0.0 0.062038043537553635 8.470077707537577 0.0 0.0
-0.0161057 -0.002392735 -6.153646 -5.200215 0.4711316 0.3801497 -0.3095987 19.049 2.864716 0 0.0 0.01628246766525962 8.056649126004 0.0 0.0
0.0320191 0.0294547 -3.826215 -8.678349 1.775694 1.138964 -0.3791768 20.23855 2.202631 0 0.0 0.04350634570841362 9.484390470242461 0.0 0.0
-0.01572463 0.04023284 -2.496556 -3.807293 0.3001222 0.2784058 -0.1686016 18.33908 2.078182 0 0.0 0.043196590179115986 4.552831190477526 0.0 0.0
-0.02793615 0.0543218 -3.541243 -2.804726 0.3555567 0.2898931 -0.1274638 18.54869 2.251844 0 0.0 0.0610842568266366 4.517398578842142 0.0 0.0
0.03103106 0.02429034 -8.63728 -5.845088 2.933497 1.490009 -0.4202873 20.44007 2.276306 0 0.0 0.03940745236676941 10.429173482407126 0.0 0.0
-0.04696057 -0.02131392 -6.279514 -6.270048 1.288639 0.8430384 -0.3232577 20.04351 2.011484 0 0.0 0.051571099663389956 8.873882915528016 0.0 0.0
-0.02917311 0.02706877 -4.631903 -7.208017 0.4562254 0.4055336 -0.3008577 18.93778 2.957687 0 0.0 0.03979684229163163 8.56796559713553 0.0 0.0
0.002294528 0.04779644 -4.088154 -6.795859 0.363167 0.3358339 -0.30621 18.6913 1.791183 0 0.0 0.047851484150613174 7.930744143874331 0.0 0.0
-0.008961562 0.04899718 -14.92579 -7.019905 3.121502 1.359988 -0.06061754 20.50162 1.782455 0 0.0 0.04980997130527425 16.4941890777669 0.0 0.0
-0.01707261 -0.02095544 -2.032065 -0.8018375 1.063401 0.6954003 -0.3045377 19.95635 nan 0 0.0 0.027029696221113914 2.1845437831801973 0.0 0.0
-0.01395437 0.0402449 -0.09818693 -7.39838 0.9799868 0.7450508 -0.2817272 19.03734 2.298069 0 0.0 0.04259549762717769 7.399031510787262 0.0 0.0
0.04199362 -0.03696418 -3.781659 -1.445007 0.6468947 0.4088574 -0.2039008 19.18028 1.632227 0 0.0 0.055944747061514186 4.048331757938077 0.0 0.0
-0.04250904 -0.0176318 -8.190783 -7.804981 2.03949 1.145301 -0.1944738 20.42406 1.681866 0 0.0 0.046020635077773535 11.31400258809631 0.0 0.0
-0.01687108 0.03871033 -0.1352505 -1.600447 0.3718902 0.3127527 -0.2055674 18.67589 1.899645 0 0.0 0.04222704096991998 1.6061517044038056 0.0 0.0
-0.03937945 0.02108281 -6.999803 -4.359008 3.804067 1.778118 -0.3842424 20.75932 2.119383 0 0.0 0.044667952267801576 8.246101671873383 0.0 0.0
-0.05357385 -0.02638775 -1.023664 -3.52944 1.054954 0.6924829 -0.2748221 19.78689 nan 0 0.0 0.059719935983597636 3.674892474412823 0.0 0.0
-0.0007397415 -0.009664283 2.183474 -2.011474 2.906384 1.262857 0.03762152 20.26094 nan 0 0.0 0.009692552986231813 2.968768492380637 0.0 0.0
0.01726365 -0.06078476 -4.896153 -4.108693 0.327018 0.2760764 -0.2005152 18.32017 2.584898 0 0.0 0.06318877004326084 6.391687755801123 0.0 0.0
0.05742364 -0.02693834 -5.098312 -4.490975 0.448021 0.3336493 -0.07913506 18.70484 2.303465 0 0.0 0.06342829489120136 6.794235917302916 0.0 0.0
-0.05622246 -0.02831764 -5.007309 -5.413004 1.320412 1.01102 -0.1851705 20.0852 2.269077 0 0.0 0.06295120128815017 7.373856231680748 0.0 0.0
0.02874068 0.02848432 -5.50996 -6.276251 0.2811542 0.2109756 -0.3699228 18.08772 2.869642 1 0.0 0.040464591592215535 8.351705563332619 0.0 0.0
-0.05391161 -0.03021433 -1.622537 -2.881045 0.3716753 0.3121248 -0.3539817 18.56314 1.88368 0 0.0 0.061801030979596126 3.3065157807568375 0.0 0.0
0.02419731 0.02576348 -1.28519 -4.077195 1.592442 0.8285389 -0.1188216 20.07448 nan 0 0.0 0.03534496729304612 4.274954082107198 0.0 0.0
-0.01963396 0.03701159 -3.348248 -4.716636 0.1009251 0.07891083 -0.3496149 16.61584 1.624107 1 0.0 0.04189689940329355 5.784238915017256 0.0 0.0
0.007346881 -0.04066696 -2.326507 -4.82711 0.3309219 0.2810728 -0.1920645 18.44783 1.851755 0 0.0 0.04132527430120411 5.3585096597047395 0.0 0.0
-0.0561066 0.01999188 -6.814121 -5.805254 3.155076 1.494136 -0.3373354 20.5137 3.255791 0 0.0 0.05956194951052559 8.951715981148922 0.0 0.0
-0.0001353771 0.008497497 -4.307696 -7.660001 0.257853 0.1854072 -0.2820341 17.41749 2.358921 0 0.0 0.00849857530555642 8.788165914934527 0.0 0.0
0.0006414204 0.05019594 -4.689184 -3.369895 0.1353729 0.104142 -0.2503296 17.13606 2.355742 1 0.0 0.05020003797422006 5.774481699415195 0.0 0.0
0.04206305 0.02341099 -5.631545 -6.863896 0.3376263 0.2894848 -0.418706 18.361 2.029276 0 0.0 0.04813911744187465 8.8784777628736 0.0 0.0
-0.01151636 0.0425192 -7.580326 -2.151068 0.2324065 0.2053763 -0.3050254 18.11025 1.522781 1 0.0 0.04405120788684006 7.87962155226379 0.0 0.0
-0.05071735 0.03516216 -4.074785 -5.360907 0.3516877 0.3704439 -0.2104678 18.11638 nan 0 0.0 0.06171407527370154 6.733735713470941 0.0 0.0
-0.01359656 0.05099484 0.02625575 -2.853628 2.498632 1.115681 -0.2489084 20.44021 nan 0 0.0 0.052776321873158234 2.853748784807812 0.0 0.0
0.002740262 -0.04326421 -6.199116 -5.304156 0.4177248 0.341789 -0.182939 18.76832 1.632147 0 0.0 0.04335090428990777 8.158621823187541 0.0 0.0
-0.001129189 0.04750276 -6.068274 -4.643314 0.2151517 0.1670825 -0.2402117 17.73332 2.837036 1 0.0 0.047516179091077186 7.640962913250659 0.0 0.0
-0.05452074 -0.02636608 -4.671485 -5.587104 1.788076 1.363592 -0.1617447 19.98406 nan 0 0.0 0.06056138427012711 7.282753820639621 0.0 0.0
-0.02801513 -0.05741837 -4.743526 -5.552311 2.318813 1.275454 0.005392007 20.30269 2.017117 0 0.0 0.0638883144430482 7.302684188255508 0.0 0.0
0.002355631 0.009752467 -22.34449 -21.46662 0.3598339 0.3001484 -0.2879866 18.69972 1.488796 0 0.0 0.010032926292675035 30.985351500095977 0.0 0.0
-0.03906622 0.03376316 -1.861979 -4.405054 0.9262026 0.6646496 -0.2847447 19.81335 1.764278 0 0.0 0.051634489619575015 4.782412209268143 0.0 0.0
-0.003927134 0.02133758 2.396453 -0.1325743 3.985616 1.5842 -0.345796 20.6691 nan 0 0.0 0.021695960492920243 2.40011727343259 0.0 0.0
-0.03936156 -0.01726634 -4.145046 -5.405472 0.4247538 0.3446602 -0.3469538 18.88275 1.408474 0 0.0 0.0429820765276551 6.811793734758855 0.0 0.0
-0.003695276 -0.04862012 -4.002174 -2.040634 0.3688563 0.2946745 -0.1454368 18.57285 1.80183 0 0.0 0.04876034386189843 4.492391773680475 0.0 0.0
-0.01084634 0.001236729 -5.268866 -5.580467 0.8902912 0.4885677 -0.224946 19.53575 2.229813 0 0.0 0.010916619898807552 7.6748003794264905 0.0 0.0
0.02347305 0.022262 -7.689375 -3.505732 2.517969 1.203649 -0.3546648 20.60055 nan 0 0.0 0.032350899837601116 8.450836925799065 0.0 0.0
-0.02419477 0.02134606 -9.386106 -8.155222 3.471327 1.679001 -0.1188756 20.67842 2.053406 0 0.0 0.03226516965516375 12.434091511345732 0.0 0.0
0.02151312 0.03829241 -8.717122 -4.249081 0.7834911 0.4964741 -0.3330245 19.51451 1.926329 0 0.0 0.04392178270223671 9.697572134686341 0.0 0.0
0.02485801 -0.04774231 -4.944525 -6.669028 0.7999884 0.5079542 -0.243411 19.25419 2.580097 0 0.0 0.05382609799433914 8.302063715752187 0.0 0.0
-0.05043853 -0.02404164 -9.808635 -1.106823 1.319521 0.8103572 -0.2815304 19.50411 2.385593 0 0.0 0.055875269685707114 9.870885356266378 0.0 0.0
-0.003687684 -0.03245725 -5.814281 -4.684539 1.000906 0.5500749 -0.01134871 19.54153 1.691034 0 0.0 0.03266606941225644 7.466643770093897 0.0 0.0
-0.02390917 -0.004586088 -13.94521 -3.624948 3.046151 1.501187 0.07908111 20.48534 3.504705 0 0.0 0.02434503261925611 14.40864774872382 0.0 0.0
-0.01033106 -0.039218 -1.560119 -2.13701 0.3902963 0.3480989 -0.2729491 18.70365 1.613396 0 0.0 0.04055591602619278 2.645899286492402 0.0 0.0
0.00736153 -0.008524327 -0.2262771 -3.52383 2.381524 1.055038 -0.1462405 20.23929 nan 0 0.0 0.011263049087339936 3.5310875371313593 0.0 0.0
0.04732587 -0.03327341 -7.55522 -5.360767 2.067572 1.292025 -0.5501478 19.98001 nan 0 0.0 0.05785203353629845 9.263863776885376 0.0 0.0
-0.04756094 -0.04065512 -1.850479 -4.89446 0.8259354 0.5041529 -0.2232798 19.48366 2.379173 0 0.0 0.06256901626122949 5.232591253006583 0.0 0.0
0.02443992 -0.007283385 -8.124441 -12.42943 0.5747457 0.4609524 0.03355337 17.30997 3.130331 0 0.0 0.025502105533948077 14.84915053756884 0.0 0.0
-0.004604254 0.02158547 -1.54229 -5.129361 3.959359 1.673805 -0.4425858 20.62091 nan 0 0.0 0.02207105955810495 5.3562116007884715 0.0 0.0
0.0111722 -0.06270149 -4.432383 -4.61066 0.4543158 0.4056316 -0.2454024 18.81602 2.853153 0 0.0 0.06368904851746571 6.395639506279962 0.0 0.0
-0.04205955 0.001869391 0.289213 -2.457255 1.126739 0.7876715 -0.2010393 19.62679 nan 0 0.0 0.04210107325132438 2.474216299031675 0.0 0.0
0.003315989 0.05625737 -1.707036 -4.524071 0.1532568 0.1142891 -0.3000125 17.2026 1.468027 1 0.0 0.05635501275277135 4.835410046556238 0.0 0.0
0.02639311 0.02861937 -6.245722 -3.494142 1.53614 0.9188288 -0.1310811 20.13202 2.323944 0 0.0 0.03893153727595405 7.156680209248419 0.0 0.0
0.005265549 -0.03241164 -4.095092 -3.126087 3.996217 1.697819 -0.3256642 20.71482 nan 0 0.0 0.032836571285093104 5.151912112995815 0.0 0.0
-0.0465529 0.0422318 -1.931959 -4.175799 0.9724612 0.7610926 -0.2202589 19.77459 2.494358 0 0.0 0.06285457365737199 4.6010610587213465 0.0 0.0
-0.0482909 0.006207634 -3.653577 -3.138582 0.2304968 0.1429481 -0.1976665 17.45774 1.356628 0 0.0 0.048688250560971646 4.8165674360121855 0.0 0.0
-0.0251364 0.05615462 -5.955499 -5.40018 0.793944 0.5079621 -0.1302002 19.6199 2.327055 0 0.0 0.06152381613899125 8.039273124567979 0.0 0.0
-0.0001353765 0.008306762 -2.87387 -3.47232 0.285148 0.1627311 0.02951775 17.60486 nan 0 0.0 0.008307865051949042 4.507342338817854 0.0 0.0
-0.01229424 0.04622687 2.713847 -3.096069 0.2749254 0.2548647 -0.3141153 18.14468 1.651701 0 0.0 0.04783379398683007 4.117111705087682 0.0 0.0
0.0476326 -0.03311354 -0.7191542 -7.448115 0.9443717 0.6571409 -0.04618631 19.5638 nan 0 0.0 0.05801181874490404 7.482753491636794 0.0 0.0
-0.02143484 -0.06187769 -1.489472 -3.823738 1.705792 1.143149 -0.1203737 19.94056 2.085842 0 0.0 0.06548511957354662 4.103595878181476 0.0 0.0
-0.0154264 0.06440667 -6.155626 -7.318006 0.424322 0.367651 -0.3270073 18.97322 2.249985 0 0.0 0.06622833953413675 9.562684940324658 0.0 0.0
0.02392557 0.02422631 -6.409164 -6.086994 1.639411 0.7048786 -0.1715629 19.38737 nan 0 0.0 0.034049184954136565 8.839054199117234 0.0 0.0
0.005375753 0.05387297 -2.067662 -5.286907 0.3746808 0.3472386 -0.3995556 18.81735 1.720861 0 0.0 0.05414051733164275 5.676848753744721 0.0 0.0
