jas1101finalproject/data/gcs/FSR_1716.ecsv
# %ECSV 0.9
# ---
# datatype:
# - {name: x, unit: deg, datatype: float64}
# - {name: y, unit: deg, datatype: float64}
# - {name: pmx, unit: mas / yr, datatype: float64}
# - {name: pmy, unit: mas / yr, datatype: float64}
# - {name: pmx_e, unit: mas / yr, datatype: float64}
# - {name: pmy_e, unit: mas / yr, datatype: float64}
# - {name: pm_corr, datatype: float64}
# - {name: g_mag, unit: mag, datatype: float64}
# - {name: bp_rp, unit: mag, datatype: float64}
# - {name: filter, datatype: int64}
# - {name: memberprob, datatype: float64}
# - {name: r, unit: deg, datatype: float64}
# - {name: pm, unit: mas / yr, datatype: float64}
# - {name: member_prob_GMM, datatype: float64}
# - {name: member_prob_DB, datatype: float64}
# meta: !!omap
# - comments: [deg deg mas/yr mas/yr mas/yr mas/yr dimless mag   mag   zeroone float]
# - __serialized_columns__:
#     bp_rp:
#       __class__: astropy.units.quantity.Quantity
#       unit: &id001 !astropy.units.Unit {unit: mag}
#       value: !astropy.table.SerializedColumn {name: bp_rp}
#     g_mag:
#       __class__: astropy.units.quantity.Quantity
#       unit: *id001
#       value: !astropy.table.SerializedColumn {name: g_mag}
#     pm:
#       __class__: astropy.units.quantity.Quantity
#       unit: !astropy.units.Unit {unit: mas / yr}
#       value: !astropy.table.SerializedColumn {name: pm}
#     pmx:
#       __class__: astropy.units.quantity.Quantity
#       unit: !astropy.units.Unit {unit: mas / yr}
#       value: !astropy.table.SerializedColumn {name: pmx}
#     pmx_e:
#       __class__: astropy.units.quantity.Quantity
#       unit: !astropy.units.Unit {unit: mas / yr}
#       value: !astropy.table.SerializedColumn {name: pmx_e}
#     pmy:
#       __class__: astropy.units.quantity.Quantity
#       unit: !astropy.units.Unit {unit: mas / yr}
#       value: !astropy.table.SerializedColumn {name: pmy}
#     pmy_e:
#       __class__: astropy.units.quantity.Quantity
#       unit: !astropy.units.Unit {unit: mas / yr}
#       value: !astropy.table.SerializedColumn {name: pmy_e}
#     r:
#       __class__: astropy.units.quantity.Quantity
#       unit: &id002 !astropy.units.Unit {unit: deg}
#       value: !astropy.table.SerializedColumn {name: r}
#     x:
#       __class__: astropy.units.quantity.Quantity
#       unit: *id002
#       value: !astropy.table.SerializedColumn {name: x}
#     y:
#       __class__: astropy.units.quantity.Quantity
#       unit: *id002
#       value: !astropy.table.SerializedColumn {name: y}
# schema: astropy-2.0
x y pmx pmy pmx_e pmy_e pm_corr g_mag bp_rp filter memberprob r pm member_prob_GMM member_prob_DB
[from data line 3368]
0.002427132 -0.002404977 -1.022629 -1.071173 0.2948873 0.2547635 -0.2689419 18.41855 1.768255 0 0.0 0.0034168529549796255 1.4809394543903542 0.0 0.0
-0.05214112 -0.01099745 -1.522669 -3.80912 0.1525101 0.1114981 -0.2640921 17.27515 1.464796 0 0.0 0.05328827545864944 4.102184303265884 0.0 0.0
0.03044076 0.03201171 -3.46798 -1.462878 1.743583 1.373471 -0.3636535 20.22609 1.752411 0 0.0 0.04417453391380265 3.7638939043607484 0.0 0.0
-0.03877335 -0.02913332 -2.040195 -3.439508 0.4643622 0.3942315 -0.194541 18.97832 2.146891 0 0.0 0.04849869074980169 3.9990762583487953 0.0 0.0
0.03401675 0.03205475 -12.17392 -4.130598 1.581298 0.7710854 -0.2468002 20.00857 2.028517 0 0.0 0.046740199808355545 12.855588979272946 0.0 0.0
-0.0192887 0.03248752 -5.435705 -1.032188 0.9248749 0.6469288 -0.3074529 19.54538 nan 0 0.0 0.03778217706062476 5.532838413903753 0.0 0.0
0.01487816 0.02187682 -3.883102 -3.129229 1.069806 0.7429784 -0.2296043 19.88486 2.12285 0 0.0 0.02645666075486474 4.987038728227905 0.0 0.0
-0.05346195 0.006147968 0.7365142 -0.9774134 3.535292 1.690169 -0.4025912 20.45197 1.501623 0 0.0 0.05381428814294141 1.2238423596612433 0.0 0.0
0.003116604 0.04807868 -2.853048 -2.347988 1.426855 0.8798706 -0.193511 20.12286 1.762177 0 0.0 0.048179587908524245 3.6949872176298526 0.0 0.0
-0.03370705 0.006191346 0.2277255 -5.56942 2.374236 1.114735 0.5024821 19.50194 nan 0 0.0 0.034270949578239236 5.574073738277082 0.0 0.0
0.0212445 -0.02851044 -3.916937 -6.800924 2.685616 1.210686 -0.1744968 20.4647 2.225771 0 0.0 0.035555224218722065 7.848245836857113 0.0 0.0
-0.02145254 -0.02724407 -15.17764 -4.576264 2.732494 1.252192 -0.2425875 20.26676 nan 0 0.0 0.03467637268539632 15.852537593940474 0.0 0.0
-0.05502356 -0.007369532 0.8563185 -4.554532 0.2841685 0.2797037 -0.4128254 18.44149 nan 0 0.0 0.05551488230170919 4.634333081735305 0.0 0.0
-0.02634585 0.01083909 -3.247435 -4.780022 0.4116234 0.3585731 -0.3699651 18.89422 1.654167 0 0.0 0.028488413157819092 5.7787926420411555 0.0 0.0
-0.0211583 0.03314275 5.942698 1.476236 4.374302 1.809583 -0.2018395 20.63752 nan 0 0.0 0.03932067568662192 6.123310562669511 0.0 0.0
-0.01491001 0.03532743 0.8110205 -3.050856 0.688594 0.4529118 -0.2638814 19.42595 1.973528 0 0.0 0.038344956755810795 3.156814309419585 0.0 0.0
0.02863682 -0.03111645 -1.94123 -4.541609 2.766724 1.361604 0.08200424 20.45217 1.856871 0 0.0 0.04228830713465485 4.939087590009009 0.0 0.0
-0.01261352 -0.03359577 -7.010858 -3.433281 3.297164 1.827201 -0.482688 20.49689 1.673107 0 0.0 0.03588560503437694 7.806378694447574 0.0 0.0
-0.02459881 0.03300355 -7.811114 -2.307854 3.090701 2.434766 -0.01676568 20.17808 2.137188 0 0.0 0.04116231001800798 8.144918170633268 0.0 0.0
0.03396308 0.02149571 -6.129524 -5.041393 0.3631115 0.3338292 -0.3442781 18.51313 nan 0 0.0 0.0401939840211256 7.936416562090539 0.0 0.0
0.01270348 -0.06401799 -2.435821 -3.085673 2.871478 1.487435 -0.4285987 20.41543 1.603228 0 0.0 0.0652662351277481 3.9312341328099496 0.0 0.0
0.03903873 -0.05401302 -3.169866 -3.568431 0.8381612 0.5735214 -0.1803069 19.58863 1.750847 0 0.0 0.06664404526687512 4.77302317820865 0.0 0.0
-0.003880808 0.00848206 -9.57644 -8.800784 2.992909 1.528465 -0.3985509 20.6637 2.318586 0 0.0 0.009327701355450012 13.006229357052566 0.0 0.0
-0.03732083 0.02077951 -5.635637 -4.215866 0.4285884 0.3671103 -0.4567398 18.78697 nan 0 0.0 0.042715715933705246 7.03803456411838 0.0 0.0
-0.03109103 0.007715427 -1.789196 -7.987816 2.301871 1.133766 -0.05592014 20.39233 2.591839 0 0.0 0.03203404376992123 8.18574534030176 0.0 0.0
-0.04927445 -0.03235249 -3.450225 -5.735279 1.553039 0.9663196 -0.30456 20.0336 2.550144 0 0.0 0.058946204559772966 6.693091793668006 0.0 0.0
0.01557025 0.03796696 -3.527627 -4.520503 0.6934064 0.4800051 -0.2297339 19.37285 1.774952 1 0.0 0.041035627650909644 5.734029963658893 0.0 0.0
-0.008055272 -0.06024029 -4.202006 -1.565955 4.517525 2.78252 -0.3324225 20.8318 2.622324 0 0.0 0.06077647527027283 4.484313714054917 0.0 0.0
-0.004182527 -0.0430469 -2.738719 -5.899105 1.178089 0.7229934 -0.105335 19.83741 2.019983 0 0.0 0.04324961423776782 6.503846674237177 0.0 0.0
-0.01043214 0.04118816 -6.418331 -4.081157 0.9322882 0.7176782 -0.249964 19.77858 1.896828 0 0.0 0.04248875226651402 7.605972343113667 0.0 0.0
-0.03151609 -0.02716268 -4.303658 -2.340834 0.2683719 0.2386472 -0.2612844 18.19898 2.265797 1 0.0 0.04160619080942763 4.899079096781354 0.0 0.0
-0.007560264 0.04313045 -14.88411 -14.96212 4.337473 2.399305 0.111233 20.64888 2.010921 0 0.0 0.04378804984184836 21.10454371424552 0.0 0.0
0.02574399 -0.04335213 -5.514916 -7.223489 1.157832 1.073107 -0.2469238 19.53027 nan 0 0.0 0.05041983931605693 9.088074153536436 0.0 0.0
-0.005380796 -0.04773911 -6.309023 -0.7059241 3.886015 1.354581 -0.4098944 20.57287 1.463367 0 0.0 0.048041394538311605 6.348393501468683 0.0 0.0
-0.04766668 0.004873202 -11.47475 -8.063174 3.917461 2.03156 -0.3517876 20.65113 2.155952 0 0.0 0.047915138317187446 14.024430915968606 0.0 0.0
0.02633922 -0.04286422 -4.321086 -5.635192 0.5779422 0.3965783 -0.1633568 19.08357 2.274183 0 0.0 0.05030999767856087 7.101209269994794 0.0 0.0
0.01482344 -0.03081939 -4.665969 0.5549971 0.3044522 0.2656357 -0.2221852 18.45726 1.546125 0 0.0 0.034198964507799065 4.698860339483331 0.0 0.0
0.02872437 -0.02176288 -2.435581 -3.823106 0.8414966 0.708739 -0.08550123 19.15348 1.848572 0 0.0 0.03603765222362994 4.533011614235838 0.0 0.0
-0.02892343 0.03163132 0.7163264 -1.068481 1.271015 1.157381 -0.1574745 20.04012 2.135212 0 0.0 0.042861465302848664 1.286380643005001 0.0 0.0
-0.05448941 -0.02270775 -4.279768 1.72435 1.474119 0.8332546 -0.5879141 19.76474 nan 0 0.0 0.0590316670288973 4.614086806327336 0.0 0.0
-0.001027119 -0.06281064 -0.3184059 -2.563648 2.222068 1.370623 -0.1730065 20.21048 0.9210854 0 0.0 0.06281903748585903 2.583345386327351 0.0 0.0
-0.002610763 0.04876535 -2.708722 -5.952151 1.220535 0.805696 -0.491796 19.95127 nan 0 0.0 0.048835186536601544 6.539516526478467 0.0 0.0
0.03517902 -0.03574103 -8.479585 -5.131106 1.222908 0.5527301 0.03062336 19.17426 nan 0 0.0 0.05014962286619212 9.911186132621111 0.0 0.0
0.02012933 -0.05991247 -5.566222 4.118341 2.677988 1.592437 0.027069 20.28141 nan 0 0.0 0.06320359157318356 6.924128822138204 0.0 0.0
-0.008955569 -0.06370422 -6.964011 -2.630229 2.253594 1.184575 -0.1862241 20.18139 1.79154 0 0.0 0.06433062926726399 7.444162397514042 0.0 0.0
0.01195791 0.007091988 -16.24438 -1.745108 3.706553 1.832727 -0.2043306 20.69265 nan 0 0.0 0.013902802068656664 16.337848191119416 0.0 0.0
-0.05818008 -0.001644104 -0.8008002 -4.766981 0.3460164 0.3457729 -0.3971195 18.70651 1.427971 0 0.0 0.058203305634381426 4.833775834136399 0.0 0.0
0.001120231 0.05034089 -1.547337 -2.186671 0.9312005 0.7110072 -0.3082677 19.85241 nan 0 0.0 0.050353352653874604 2.678764986670163 0.0 0.0
-0.05927119 -0.002114837 -0.2119047 -2.358495 0.7249241 0.5175603 -0.2611929 19.45391 1.814688 0 0.0 0.05930890742167376 2.3679954110823545 0.0 0.0
-0.005153081 0.006269398 -2.289892 -10.68809 4.128875 1.791782 -0.2168202 20.6116 2.416325 0 0.0 0.008115392478183972 10.930639195388531 0.0 0.0
-0.01629442 -0.05078987 -5.034137 -5.819261 0.8653765 0.540839 -0.2393333 19.44999 1.633644 0 0.0 0.05333965708319936 7.694565219743739 0.0 0.0
0.03568653 -0.0008026313 -3.506492 -6.261448 3.65857 1.963585 -0.39033 20.71944 1.91106 0 0.0 0.03569555491156623 7.1764348532379225 0.0 0.0
0.007898735 0.01775121 -4.239173 -5.68034 1.93397 1.458514 0.4364167 20.2751 2.195786 0 0.0 0.019429242678610122 7.087795866101747 0.0 0.0
-0.005747516 0.06363854 -12.55771 -10.21554 2.044038 1.091142 0.08695235 20.15911 1.763256 0 0.0 0.06389755639695352 16.188061586728043 0.0 0.0
-0.06340322 0.009548302 -2.121971 -1.840717 1.10482 0.8290505 -0.3970866 19.96904 1.713293 0 0.0 0.06411815949831688 2.8090923799209593 0.0 0.0
-0.05803752 0.02581431 -1.918804 -3.455944 3.561877 1.797933 0.5563713 20.1112 nan 0 0.0 0.06351954288663057 3.9528923235463926 0.0 0.0
-0.05330159 -0.006440339 -5.749441 -3.298527 1.439296 0.8322756 -0.1768166 20.05123 1.768463 0 0.0 0.053689267670205945 6.6284502096802385 0.0 0.0
0.003433157 -0.05772959 -5.153061 -4.40696 0.2262303 0.142892 -0.1719953 17.18987 3.063462 0 0.0 0.05783158417815259 6.78051134585888 0.0 0.0
-0.02755055 0.01738053 -0.43307 0.6723275 1.633764 1.187754 0.4270864 19.92996 nan 0 0.0 0.032574769813206665 0.7997336382547942 0.0 0.0
0.01309163 -0.003837458 -5.717398 -1.109022 0.2764761 0.2095499 -0.1945069 17.80458 3.135633 1 0.0 0.013642465318213714 5.823965117245123 0.0 0.0
0.03058358 -0.05698529 -5.050913 -2.653029 2.493674 1.364303 -0.1897563 20.28744 2.290485 0 0.0 0.06467363173659339 5.705285707868626 0.0 0.0
0.01985675 -0.02661386 -0.292931 -7.29933 0.3604273 0.306897 -0.2100472 18.69176 1.717241 0 0.0 0.033205241523923595 7.30520547415752 0.0 0.0
-0.004136169 -0.05610078 -2.371081 -3.683547 0.8383633 0.5503284 0.04684196 19.32211 1.637362 0 0.0 0.05625304801168521 4.380701269177116 0.0 0.0
-0.04601226 0.002162795 -1.637797 -3.998081 3.980012 2.122508 -0.5688156 20.81378 nan 0 0.0 0.0460630627783219 4.32053592691578 0.0 0.0
-0.02726154 0.01717091 -0.7678241 -1.661298 0.6381263 0.4310999 -0.2873499 19.23641 1.992378 0 0.0 0.032218499552271206 1.830154335935855 0.0 0.0
-0.02217342 -0.0623282 -4.476754 -4.09228 1.204339 0.7049217 -0.4881782 19.70613 2.344273 0 0.0 0.06615485673581646 6.06531796156772 0.0 0.0
-0.02196594 -0.06280875 1.373936 -4.078494 2.256045 1.288247 -0.3423375 20.11413 nan 0 0.0 0.06653902311160045 4.303697647387883 0.0 0.0
0.01522175 -0.001610393 -5.017253 -7.530602 0.5846644 0.4102418 -0.2369326 19.16106 2.502775 0 0.0 0.015306699143739284 9.048911213423027 1.0 0.0
-0.03775752 0.04464006 1.152413 -1.047861 1.371627 0.6626556 -0.08563766 19.70473 nan 0 0.0 0.05846678778036297 1.5575841543525022 0.0 0.0
0.004486278 0.01584818 0.2380375 -2.271459 0.505361 0.3660387 -0.2409722 19.05749 1.670334 0 0.0 0.016470928923581814 2.2838975108544712 0.0 1.0
0.004496934 0.03108789 -3.074392 -4.792472 1.188477 0.7789409 -0.1505224 20.04551 2.119158 0 0.0 0.031411452052594706 5.693827714327858 0.0 0.0
0.001351638 -0.0576837 4.268533 -5.769122 1.864476 1.350372 -0.2691938 20.17294 1.724501 0 0.0 0.05769953354207505 7.176569000781154 0.0 0.0
-0.01038247 -0.05004031 -1.738691 -2.326295 0.2850506 0.215529 -0.1709435 18.13297 1.820408 0 0.0 0.051106049624256814 2.9042546066944612 0.0 0.0
-0.01389244 0.04416262 -8.430344 -0.4107479 0.5588766 0.590137 -0.4841687 18.90488 1.696959 0 0.0 0.0462961866077326 8.440344412148736 0.0 0.0
0.01202401 -0.04567674 -4.112274 -4.665302 1.189453 0.7051248 -0.4141948 19.74854 nan 0 0.0 0.04723284231874787 6.218990288003351 0.0 0.0
-0.02878828 -0.06003578 -5.214599 -3.644263 1.944471 0.9611259 -0.3572557 20.10079 1.366102 0 0.0 0.06658122817706805 6.361815428316826 0.0 0.0
0.002447435 0.03638668 -4.644549 -8.628654 0.8483871 0.6238774 -0.3556614 19.55919 nan 0 0.0 0.036468896603840714 9.799260444804851 0.0 0.0
-0.02938635 0.009212016 -2.938269 -3.50714 0.2837099 0.2571275 -0.3569457 18.3877 nan 0 0.0 0.030796408964467854 4.57530935521971 0.0 0.0
-0.03124481 0.03249178 -2.116831 -5.712808 1.922572 1.218345 -0.01977318 20.19702 1.868944 0 0.0 0.04507719955259532 6.092384486178215 0.0 0.0
-0.02656941 0.0361304 0.1842431 -3.160626 0.7849822 0.5398902 -0.4692223 19.29091 1.693178 0 0.0 0.04484795816877397 3.16599150848097 0.0 0.0
-0.0459214 0.01811978 -32.95914 -11.39892 3.551204 2.030563 0.106911 20.35497 1.628572 0 0.0 0.04936700725391808 34.87463672507572 0.0 0.0
0.0529879 -0.01908567 -4.042516 -7.196764 0.4117761 0.3670147 -0.2135591 18.71497 1.677004 0 0.0 0.05632033687540318 8.254413830306305 0.0 0.0
-0.004352452 -0.0559711 -11.53849 -4.588455 3.144596 1.897448 0.6457949 20.0629 nan 0 0.0 0.056140073687360834 12.417353613678117 0.0 0.0
-0.03285896 0.006485749 -2.630793 -2.737089 3.921896 1.817537 -0.2593227 20.40441 nan 0 0.0 0.03349292749779573 3.796409883399052 0.0 0.0
-0.05327034 0.01874054 -4.245844 -5.398797 0.4956778 0.4378438 -0.6417769 18.83482 1.496864 0 0.0 0.05647067347931314 6.868347713937101 0.0 0.0
-0.01327843 0.04485328 -6.255338 -2.925462 1.589872 1.025495 -0.4345536 20.10572 nan 0 0.0 0.046777488496319464 6.90561955277642 0.0 0.0
0.0274979 -0.03543012 -7.083327 -9.429342 1.435286 0.8611911 -0.4264464 19.80493 1.711294 0 0.0 0.044848945446068184 11.793473277278963 0.0 0.0
-0.03301257 0.00672977 -4.193563 -4.084995 0.2471415 0.1991154 -0.3236988 17.97431 1.971418 0 0.0 0.03369153576579435 5.854327867910543 0.0 0.0
-0.0185713 0.02340886 -2.743813 -6.445283 1.863092 0.9913321 -0.2916283 19.96837 nan 0 0.0 0.02988089540474984 7.005011258310582 0.0 0.0
-0.02736882 0.001702238 -9.892669 -8.931962 3.932797 2.0474 -0.1097616 20.64796 1.81111 0 0.0 0.027421705315334492 13.328347426181725 0.0 0.0
0.05721241 -0.02312717 7.650265 -8.240784 4.278401 2.167257 -0.37114 20.81745 2.162003 0 0.0 0.061710014180982 11.244424196235261 0.0 0.0
-0.01819197 0.02309241 -2.225045 -3.756634 0.2359776 0.189727 -0.2972065 18.08268 1.553461 0 0.0 0.02939740077096953 4.366133788832061 0.0 0.0
0.01233961 -0.04526103 -4.51102 -2.618855 0.8597508 0.5827568 -0.1630177 19.38383 2.338083 0 0.0 0.046912970611686915 5.216100358641981 0.0 0.0
-0.04585539 0.02381139 -6.321616 -3.784305 0.8352224 0.5910003 -0.2837051 18.81097 2.802275 0 0.0 0.05166913087893196 7.367753605033287 0.0 0.0
-0.01085897 -0.05456466 -1.131433 -4.325045 2.578256 1.288202 -0.2442853 20.26738 1.546862 0 0.0 0.05563469556289942 4.4705877561584675 0.0 0.0
0.006427304 0.01769043 -0.2235432 -4.464387 1.065894 0.6792595 -0.1559269 19.82504 2.174244 0 0.0 0.018821837059472064 4.469980184300065 0.0 0.0
0.006400156 0.01725174 -3.820587 -2.141339 1.177076 0.7403418 -0.2093278 19.99078 1.737446 0 0.0 0.01840066655999005 4.379750876190334 0.0 0.0
0.01325994 0.04352577 -1.918941 -1.737716 0.7502716 0.5178417 -0.2846931 19.64104 1.647024 0 0.0 0.04550075453106794 2.5888204762279288 0.0 0.0
-0.02821261 0.03545031 -3.852641 -5.730947 0.6425388 0.4794745 -0.4368623 19.19466 2.447851 0 0.0 0.04530646578699557 6.905548218041056 0.0 0.0
0.01633113 -0.04909997 -24.06252 -8.268853 0.8383643 0.5088585 -0.3676891 19.33371 1.273058 0 0.0 0.05174468920650505 25.443639650922762 0.0 0.0
-0.01019166 -0.05640699 -2.835444 -0.9175134 2.699319 1.514596 0.0005255126 20.26882 1.790579 0 0.0 0.057320314500320914 2.980196892206211 0.0 0.0
0.004879221 0.05720707 -4.693984 -3.183922 1.233117 0.8541873 -0.3073423 19.98713 1.942078 0 0.0 0.05741476861881219 5.6719348633724636 0.0 0.0
-0.03389499 0.04904933 1.690171 -3.16865 0.6247196 0.520336 -0.3542545 18.99624 1.974733 0 0.0 0.05962136463172409 3.5912422407491533 0.0 0.0
-0.063568 -0.01277177 -4.304403 -9.452075 1.78457 1.842034 -0.5776658 19.74604 nan 0 0.0 0.06483832765373349 10.386029414171423 0.0 0.0
-0.02559124 0.04634676 -5.491409 -2.170133 2.272192 1.177432 -0.2213063 20.35773 2.492033 0 0.0 0.052942740080536066 5.904663414875567 0.0 0.0
-0.001057305 0.06281113 -6.060069 -4.769884 1.427186 0.9357415 -0.1836293 19.8757 1.95854 0 0.0 0.06282002822141937 7.71208335394639 0.0 0.0
-0.06335148 -0.0127867 -3.721534 -7.694266 0.994931 1.006803 -0.4197189 18.54485 1.79553 0 0.0 0.06462901604604854 8.547019632123938 0.0 0.0
0.04095806 -0.02648799 -2.955452 -4.843165 0.7098779 0.4500441 -0.1723519 19.28804 nan 0 0.0 0.04877680076843601 5.673706349603317 0.0 0.0
-0.0004964381 0.01319339 -4.340959 -8.649139 0.2150372 0.1600014 -0.2239744 17.52877 3.201141 1 0.9976577 0.013202726630481734 9.677372085489015 1.0 0.0
-0.06440808 -0.006124021 -4.620206 -0.7803178 2.278317 1.076122 -0.1499877 20.32814 nan 0 0.0 0.06469856569117156 4.685637560827004 0.0 0.0
-0.03561334 -0.05512005 -0.7325622 -3.269675 2.270954 1.464717 -0.4344403 20.38861 1.695881 0 0.0 0.06562415635997235 3.3507345437222926 0.0 0.0
-0.005411393 0.04998198 -6.954867 -3.994344 0.2673397 0.2088102 -0.4335647 18.1246 1.729528 0 0.0 0.05027406387911017 8.020284220526415 0.0 0.0
