jas1101finalproject/data/gcs/FSR_1735.ecsv
# %ECSV 0.9
# ---
# datatype:
# - {name: x, unit: deg, datatype: float64}
# - {name: y, unit: deg, datatype: float64}
# - {name: pmx, unit: mas / yr, datatype: float64}
# - {name: pmy, unit: mas / yr, datatype: float64}
# - {name: pmx_e, unit: mas / yr, datatype: float64}
# - {name: pmy_e, unit: mas / yr, datatype: float64}
# - {name: pm_corr, datatype: float64}
# - {name: g_mag, unit: mag, datatype: float64}
# - {name: bp_rp, unit: mag, datatype: float64}
# - {name: filter, datatype: int64}
# - {name: memberprob, datatype: float64}
# - {name: r, unit: deg, datatype: float64}
# - {name: pm, unit: mas / yr, datatype: float64}
# - {name: member_prob_GMM, datatype: float64}
# meta: !!omap
# - comments: [deg deg mas/yr mas/yr mas/yr mas/yr dimless mag   mag   zeroone float]
# - __serialized_columns__:
#     bp_rp:
#       __class__: astropy.units.quantity.Quantity
#       unit: &id001 !astropy.units.Unit {unit: mag}
#       value: !astropy.table.SerializedColumn {name: bp_rp}
#     g_mag:
#       __class__: astropy.units.quantity.Quantity
#       unit: *id001
#       value: !astropy.table.SerializedColumn {name: g_mag}
#     pm:
#       __class__: astropy.units.quantity.Quantity
#       unit: !astropy.units.Unit {unit: mas / yr}
#       value: !astropy.table.SerializedColumn {name: pm}
#     pmx:
#       __class__: astropy.units.quantity.Quantity
#       unit: !astropy.units.Unit {unit: mas / yr}
#       value: !astropy.table.SerializedColumn {name: pmx}
#     pmx_e:
#       __class__: astropy.units.quantity.Quantity
#       unit: !astropy.units.Unit {unit: mas / yr}
#       value: !astropy.table.SerializedColumn {name: pmx_e}
#     pmy:
#       __class__: astropy.units.quantity.Quantity
#       unit: !astropy.units.Unit {unit: mas / yr}
#       value: !astropy.table.SerializedColumn {name: pmy}
#     pmy_e:
#       __class__: astropy.units.quantity.Quantity
#       unit: !astropy.units.Unit {unit: mas / yr}
#       value: !astropy.table.SerializedColumn {name: pmy_e}
#     r:
#       __class__: astropy.units.quantity.Quantity
#       unit: &id002 !astropy.units.Unit {unit: deg}
#       value: !astropy.table.SerializedColumn {name: r}
#     x:
#       __class__: astropy.units.quantity.Quantity
#       unit: *id002
#       value: !astropy.table.SerializedColumn {name: x}
#     y:
#       __class__: astropy.units.quantity.Quantity
#       unit: *id002
#       value: !astropy.table.SerializedColumn {name: y}
# schema: astropy-2.0
x y pmx pmy pmx_e pmy_e pm_corr g_mag bp_rp filter memberprob r pm member_prob_GMM
[from data line 115]
-0.02791916 0.003938431 -2.735186 -4.952598 1.517603 1.034982 0.1593242 19.82267 nan 0 0.0 0.028195580040980908 5.657691172572077 0.0
0.02159141 -0.00907438 -6.115669 -0.4493517 1.675719 1.270123 0.07381791 19.94111 3.558853 0 0.0 0.02342078901686491 6.1321549448667625 0.0
0.02196992 0.001465475 -2.236686 -4.016159 2.703207 2.073855 -0.2914283 20.32392 2.414383 0 0.0 0.022018742057211736 4.596987859009093 0.0
-0.003156262 0.007695494 -4.148749 -0.4849236 1.444791 1.114462 0.05713875 19.66908 3.493744 0 0.0 0.00831760889418828 4.1769928372979 0.0
-0.009932531 -0.004962504 -2.824045 0.647293 0.7338883 0.6712109 -0.3086624 18.81034 3.555441 0 0.0 0.01110322556809403 2.897277755044207 0.0
0.008574545 0.02864521 -1.111162 -7.831098 3.414556 2.280914 -0.2572959 20.5218 2.358507 0 0.0 0.02990101800777233 7.909537083537064 0.0
0.02059307 0.0163586 -3.834431 -2.483641 1.875826 1.382016 -0.3271151 19.91717 2.539326 0 0.0 0.026299778059612977 4.568515482149754 0.0
-0.002573012 -0.01378122 -6.486737 2.671589 2.396818 2.261264 -0.1208592 20.34292 2.95653 0 0.0 0.014019358595903881 7.015350646410341 0.0
-0.002582761 -0.02705255 -2.769098 -0.72972 1.323333 1.246622 -0.3440685 19.79553 2.864372 0 0.0 0.027175561004064316 2.863633183912353 0.0
-0.01089395 0.02025246 3.418461 -5.395851 3.102219 2.208167 -0.2116731 20.4105 2.529991 0 0.0 0.022996527621667148 6.387572592364176 0.0
0.02581313 0.01653562 -1.999134 -5.599298 2.988279 2.132982 -0.05151295 20.41841 nan 0 0.0 0.030655250923476388 5.945475157021514 0.0
0.001448978 -0.01009237 0.218465 -1.921394 3.078413 2.670655 -0.3314062 20.73107 2.50457 0 0.0 0.010195855504144024 1.9337739938940641 0.0
0.01840855 0.0138417 -2.074973 -7.08936 0.4857667 0.3816885 -0.367997 18.1413 2.381815 1 0.0 0.023031877300656582 7.386781312610317 0.0
0.01941301 0.002496436 -13.43724 -6.828226 3.660938 2.413194 -0.0131388 20.49233 1.804461 0 0.0 0.019572867698990765 15.072627147404528 0.0
-0.00141981 -0.0001245611 -3.532154 -1.35943 1.150197 0.9441312 -0.1725699 19.70551 3.176916 0 0.0 0.0014252634506410422 3.784727441258617 0.0
0.025345 0.01609716 -2.965443 -2.062714 2.47497 1.772408 -0.1217228 20.24556 nan 0 0.0 0.03002478284793414 3.61229030284735 0.0
0.02047476 0.00613526 -0.6666354 -2.106884 0.2615756 0.2027969 -0.01113482 17.30617 2.742596 1 0.0 0.021374218402673815 2.2098332394072546 0.0
0.02006519 0.02283616 -2.583422 -2.992867 0.4494403 0.3623766 -0.3755389 18.13617 2.270521 1 0.0 0.030399046914034986 3.9536466849951326 0.0
-0.03176938 -0.007248418 -2.304713 -1.17326 0.9807491 0.7081583 0.09475207 19.30329 3.625158 0 0.0 0.03258578016692441 2.586163382303794 0.0
0.01951173 -0.01182397 -2.074381 -4.597844 0.6154377 0.5656049 -0.3522565 18.95064 3.000742 1 0.0 0.022814773155869862 5.044127871247616 0.0
0.01923324 0.02288987 -6.782303 -8.150832 4.380781 2.973416 -0.216129 20.74809 2.636374 0 0.0 0.029897552901776092 10.603569977891077 0.0
0.01864483 0.005624762 -6.161035 -0.7495653 0.8745804 0.6997324 -0.09225632 19.30865 3.069712 0 0.0 0.019474794820114126 6.206464404972374 0.0
-0.02257775 -0.01562844 -6.951781 -2.331664 2.467301 1.651171 -0.02319633 20.32156 2.063383 0 0.0 0.027459113822119244 7.332388156723361 0.0
0.03149736 -0.007313107 -4.984612 -4.281847 0.4754043 0.3803361 -0.1049096 18.14425 4.608309 1 0.0 0.03233520095751763 6.571192473360752 0.0
0.01821022 0.01160636 -5.772198 -1.389932 3.296974 2.532778 -0.3304734 20.58805 2.009129 0 0.0 0.021594436896988076 5.937186262517625 0.0
-0.01128968 -0.02615342 0.2648609 -2.626439 2.240178 1.234506 0.2495187 20.12718 1.836233 0 0.0 0.028486106301121604 2.6397600491464766 0.0
0.02540702 0.015338 -7.21667 -8.326274 2.826335 1.682805 -0.163505 20.26467 nan 0 0.0 0.029677784777176343 11.01849193909838 0.0
-0.00350992 0.01030091 -1.223295 -1.345313 0.5006762 0.4027212 -0.1165648 18.45584 3.686113 1 0.0 0.010882476061747162 1.8183282775654126 0.0
-0.01107026 0.01798268 -5.658787 1.191523 2.532146 1.712565 0.2490069 20.16154 3.299755 0 0.0 0.02111699402021983 5.782871031840326 0.0
0.03098585 0.006755799 -0.3487139 -5.30563 4.264674 2.897776 -0.2058091 20.69954 2.895561 0 0.0 0.03171377808383764 5.31707730627957 0.0
0.0002226061 -0.004026978 -3.114008 3.997217 2.848355 2.211885 -0.2234177 20.494 nan 0 0.0 0.00403312599459045 5.067029659391486 0.0
-0.02409285 0.002597523 -0.2239403 -1.45664 1.246675 0.8800285 0.1078235 19.75184 2.196554 0 0.0 0.024232468856021025 1.4737534894154074 0.0
0.0236324 -0.0003243289 -4.650837 -1.026308 0.3716064 0.2927847 -0.04622483 17.67257 3.861191 1 0.2193157 0.023634625425324077 4.762729565221292 0.0
-0.01061592 -0.01817675 -5.541904 -1.857402 1.288224 0.8978865 0.1581663 19.57984 3.171543 0 0.0 0.021049750545051597 5.844881704091195 0.0
-0.02355944 -0.004699755 -3.120452 -3.371635 0.6234847 0.4642331 0.0268957 18.63089 3.979719 1 0.0 0.02402363232680739 4.594033441054712 0.0
-0.004994456 -0.01381572 -2.17179 -15.09438 0.2573387 0.2587823 -0.3721194 17.09522 2.656718 1 0.0 0.014690769546022291 15.249818995270074 1.0
-0.009648285 -0.0248561 1.11119 0.5200052 2.974497 2.016814 0.3251092 20.6083 2.674417 0 0.0 0.02666299140477724 1.2268449878151029 0.0
0.01644833 -0.00371671 -2.706199 -0.9147578 2.582922 1.878312 -0.2318292 20.38563 2.70466 0 0.0 0.016863021467489154 2.856622981819939 0.0
0.02814821 -0.01179732 -8.179148 0.2607234 2.72039 1.615064 0.450375 20.00121 2.464373 0 0.0 0.03052046011098948 8.183302432222064 0.0
0.03296764 0.0003916943 -3.557779 -5.988554 0.621136 0.4881183 -0.334157 18.2721 4.032158 1 0.0 0.0329699668121497 6.965670852384355 0.0
-0.008104528 0.004093897 -10.26191 0.070325 2.010188 1.83737 -0.2708914 20.18235 3.318161 0 0.0 0.00907983296924525 10.262150966231447 0.0
0.02755028 -0.00240522 -2.635709 -9.764402 3.563823 2.310954 -0.01149416 20.4893 2.287325 0 0.0 0.027655072072348682 10.113877018744345 0.0
0.01814314 -0.002221898 -9.05308 -1.023695 2.974653 2.030037 -0.1183946 20.38042 nan 0 0.0 0.01827868594243043 9.110774332592428 0.0
-0.007081678 -0.02634724 -5.615487 -0.3176298 1.114643 0.7948215 0.04278715 19.68279 3.697872 1 0.5910035 0.027282360948299254 5.6244629020927 0.0
-0.006015682 0.01068216 -2.361609 -1.218776 2.583033 1.843486 -0.1420475 20.23634 3.775637 0 0.0 0.012259566558028224 2.657557526575295 0.0
-0.006335262 -0.01232814 -4.687076 0.2016361 1.14971 1.06161 -0.2628494 19.50519 4.407309 0 0.0 0.013860684704163932 4.6914111466166775 0.0
0.01151466 0.01337443 2.732304 -2.4215 2.796361 1.824525 0.0412773 20.12764 2.805939 0 0.0 0.017648307928538078 3.6509104889624453 0.0
-0.0064891 -0.0291853 -1.441528 0.1702795 3.435815 1.82683 0.225127 20.64768 2.320015 0 0.0 0.02989799583416922 1.4515502343716011 0.0
0.02170576 0.01652219 -8.163261 3.69806 2.492161 1.950669 -0.3320995 20.47238 nan 0 0.0 0.027278613959908226 8.961834517425604 0.0
-0.01333999 -0.01231417 -3.589833 -3.031849 2.933406 1.590501 0.3337187 20.30792 nan 0 0.0 0.018154727097618405 4.698830633965221 0.0
0.02577622 0.004698635 -10.36512 1.885336 2.9634 1.813007 -0.04884066 20.2771 2.861374 0 0.0 0.02620096731709776 10.535188866237567 0.0
-0.03113835 -0.00214398 1.303848 -7.113968 1.468649 0.9888643 -0.06991339 19.96427 2.073933 0 0.0 0.03121207283989482 7.232465714549084 0.0
0.004723058 -0.007582485 -2.54612 -0.6954658 2.752089 1.875364 -0.1179058 20.30721 2.808027 0 0.0 0.0089331604511835 2.639393819302008 0.0
0.02469997 -0.007065384 -3.974192 -3.527785 1.383449 1.131387 -0.09178109 19.82992 2.990747 0 0.0 0.025690624147115537 5.314082146437802 0.0
-0.0263375 0.0009485126 -1.765621 -2.261361 0.5399276 0.3951325 0.01823597 18.70492 2.191166 0 0.0 0.02635457422161016 2.869001758096708 0.0
-0.02606951 -0.01563003 -5.70983 -8.486692 2.158419 1.287609 0.4182821 20.14766 2.174068 0 0.0 0.03039600614292937 10.228690030094958 0.0
0.01726255 -0.02513649 -6.175467 -2.254784 3.077136 2.071785 -0.060451 20.38709 2.479998 0 0.0 0.030493257648578645 6.574225700015554 0.0
0.005410948 0.01120483 -3.555833 -4.943817 0.7425961 0.5789465 -0.02554848 18.83219 2.641012 0 0.0 0.012442932676326911 6.089768045942144 0.0
-0.01346111 -0.0265125 -2.171007 -3.983031 2.257355 1.309011 0.1596534 20.31071 3.254673 0 0.0 0.029734056882337802 4.536276814857092 0.0
0.03329938 -0.001069541 -4.851566 1.128278 1.514213 1.266044 -0.5029848 19.24174 2.898983 0 0.0 0.033316551837413805 4.9810344204432075 0.0
-0.02521717 0.005957752 1.047298 -3.373048 3.160339 1.963512 0.3332469 20.5028 2.474855 0 0.0 0.025911396560247463 3.531895512484479 0.0
-0.02609966 -0.01771669 -3.029527 -5.466323 1.629473 1.166156 0.1308301 19.99577 2.851866 0 0.0 0.03154478335116125 6.2496976714124335 0.0
-0.03024483 -0.001388156 0.2385452 -9.297522 2.15455 1.761706 -0.01606217 19.13555 3.502359 0 0.0 0.030276669546190776 9.30058165669906 0.0
0.02207029 0.01792967 -1.572378 -2.105979 2.170717 1.727715 -0.3424815 20.24418 2.260019 0 0.0 0.028435378791094028 2.6282161485168984 0.0
-0.006337775 0.008812917 -4.332056 -1.770227 2.106583 1.543137 -0.2023389 19.92222 2.090862 0 0.0 0.01085517839556375 4.67978768948603 0.0
-0.02212827 -0.02195302 -1.710766 -3.872205 2.066077 1.329896 0.2913471 20.13914 1.993282 0 0.0 0.0311704254111698 4.233283816233091 0.0
0.00454422 -0.03273277 -6.287999 -5.137255 1.027309 0.9619435 -0.3688372 19.24397 2.383434 0 0.0 0.033046696768078046 8.11974878669445 0.0
-0.02189555 0.01863927 -5.876188 -1.536774 1.290204 1.360895 -0.4547281 19.93217 2.94697 0 0.0 0.028754782140287552 6.073817558868558 0.0
-0.02073043 0.01748389 -1.471274 -2.123292 0.218229 0.2222887 -0.4396727 17.04226 3.437443 1 0.0 0.027118944255206542 2.58321816739121 0.0
0.01119458 0.02408998 3.404469 -5.316796 1.359373 1.044149 -0.328302 19.63163 2.281727 0 0.0 0.02656399363380439 6.313376978889903 0.0
0.003311768 0.02868395 -1.019346 -4.100473 0.3371022 0.2846588 -0.08654163 17.91267 2.056353 1 0.0 0.028874500772971365 4.225274558113946 0.0
0.006596088 0.009922962 -3.581281 0.7437651 1.132489 0.8923045 -0.03334933 19.57374 2.809462 0 0.0 0.011915265492517906 3.6576987471549662 0.0
0.0242061 -0.01886783 -4.882286 -0.4482314 0.2156158 0.1934376 -0.2950461 16.73328 4.357038 1 0.9115177 0.030690882784939567 4.902818370462234 0.0
-0.01222716 -0.01581961 -1.901112 -2.187717 0.3138691 0.2637407 -0.2284729 18.02996 2.373617 1 0.0 0.01999408668125904 2.8983327118591817 0.0
0.02047732 -0.014281 1.955021 -7.346744 0.9566873 0.7540436 -0.1540058 19.30599 2.312332 0 0.0 0.02496532786450841 7.602417675448844 0.0
-0.02790902 0.004438162 -1.637468 -0.7390982 0.9288208 0.6648854 0.04890106 19.31329 1.829603 0 0.0 0.028259700622947935 1.7965432364035216 0.0
-0.02947344 0.01350104 -3.594553 -6.503849 0.9758572 0.7019273 0.08514012 19.39847 2.358095 0 0.0 0.032418540166318406 7.431074154159006 0.0
0.003705981 0.01405837 -4.968449 -0.07438991 0.2394077 0.2127741 -0.2601546 16.96539 4.694923 1 0.9942008 0.014538640315698749 4.969005868814285 0.0
0.0002745976 -0.0002275398 -0.6026047 -2.714542 2.668009 1.896668 -0.3695521 20.27208 nan 0 0.0 0.00035662053012943605 2.780624155513666 0.0
0.0001082765 0.0002302245 -10.10555 -8.610172 2.159674 1.53863 0.3281249 19.93171 nan 0 0.0 0.00025441525279059035 13.276189312904663 0.0
-0.01287184 -0.01427481 -1.674826 -0.7737987 0.4475939 0.3342261 -0.01396776 18.43754 2.686979 1 0.0 0.01922119833729677 1.8449408007840493 0.0
0.01811487 -0.02422125 -3.963233 -0.2504405 0.2740166 0.2150613 -0.02112177 17.17727 4.047052 1 0.05014526 0.030245949591298997 3.971137904471368 0.0
-0.02791551 -0.00303102 -4.006143 -0.1533189 1.894722 1.244657 0.02863633 20.21438 nan 0 0.0 0.028079579427058732 4.009075756523716 0.0
0.01147667 0.03011714 -0.3254086 -3.30124 0.5058418 0.4020011 -0.3821951 18.25048 2.254805 1 0.0 0.032229739000936695 3.3172392579604444 0.0
0.01352132 -0.02803458 -0.5614231 -1.14234 0.3657038 0.297729 -0.1407804 18.08795 2.119991 1 0.0 0.03112497020591024 1.272845855873212 0.0
-0.004787054 -0.00884134 -5.612791 0.1085056 0.2786994 0.2839041 -0.3998344 16.57136 4.63343 1 0.9781076 0.010054112541369129 5.613839708694251 0.0
0.01994514 -0.02007151 -4.320979 -7.821075 0.4936671 0.4043501 -0.1667373 18.43611 2.122101 1 0.0 0.028296185666971087 8.935327284104707 0.0
0.01332282 0.009170211 -1.515248 -2.083817 0.4390514 0.3402329 0.01731829 18.0665 2.620214 0 0.0 0.016173753507980792 2.576483997814269 0.0
-0.008743216 -0.03162703 -0.931472 -0.4569407 0.5910678 0.4965572 -0.2517085 19.04218 2.222076 1 0.0 0.032813302982838466 1.0375138023662576 0.0
-0.01669529 -0.01730474 -4.643958 -3.934165 0.9582827 0.6740031 0.1128066 19.31849 3.878035 0 0.0 0.02404551381550621 6.086378245967712 0.0
-0.01410629 -0.02275519 -14.50028 -6.883421 0.1017776 0.09016327 -0.292968 14.09604 2.69994 1 0.0 0.026772861063027988 16.051155869333552 0.0
0.008120238 -0.01779865 -2.789955 -5.312223 0.2745283 0.2177821 -0.05622128 17.19395 3.332422 1 0.0 0.01956349168730224 6.000296834636933 0.0
-0.01194592 -0.01872253 -3.073808 -5.005863 0.4262329 0.3110927 0.04245679 18.30142 2.059452 1 0.0 0.02220896517731747 5.874262506530756 0.0
0.006728912 -0.008601224 -2.234006 -4.978405 1.314391 0.8114046 0.4344348 19.16896 2.604111 0 0.0 0.010920591147090894 5.456674733943833 0.0
0.01038782 -0.006553319 -3.07975 -2.978157 2.075359 1.480695 0.07907047 20.22752 2.243441 0 0.0 0.012282214550648471 4.284189442490726 0.0
0.01852794 -0.00166127 -0.3486116 -7.898008 1.356374 1.053283 -0.007550186 19.73569 2.379343 0 0.0 0.018602268105166637 7.9056979714455675 0.0
-0.007061286 -0.02342137 -4.357399 -1.000615 0.1945899 0.1691714 -0.2787147 17.00285 3.363914 1 0.0007857092 0.02446267223037369 4.470811606791993 0.0
-0.0005983685 -0.0202013 -3.282503 -3.589603 0.6987605 0.6667763 -0.4095776 18.82816 2.959064 0 0.0 0.02021015998332997 4.864162378315305 0.0
0.005506735 0.03263579 2.831836 -0.9139822 0.7523967 0.6698955 -0.3645821 18.76893 2.274824 0 0.0 0.03309711345849249 2.975677837537666 0.0
0.007164611 -0.01475439 2.573417 -0.351651 2.384867 1.618989 -0.1094295 20.10619 1.776968 0 0.0 0.01640194119771867 2.597331992967014 0.0
0.009745463 0.004745936 -4.966766 -0.0875283 0.2333525 0.2031581 -0.2198305 16.50607 4.401919 1 0.9967936 0.010839647485064493 4.967537186781483 0.0
0.006343595 -0.01496791 1.41241 -2.73218 1.216843 0.9375449 0.05899462 19.24798 1.806898 0 0.0 0.016256676391320734 3.075664084470214 0.0
0.009679985 -0.01233627 5.047113 2.714565 0.3878727 0.3080752 -0.08799104 18.04601 2.353983 1 0.0 0.01568074191845287 5.730812575367826 0.0
0.03266246 -0.005684932 -5.220692 -2.58754 2.351545 1.80102 -0.3887604 20.31328 2.453844 0 0.0 0.033153502757570334 5.826747652890418 0.0
-0.01545763 -0.02085585 0.5076053 -6.07763 3.03802 1.668384 0.2391381 20.29832 1.761467 0 0.0 0.025959676508758734 6.098790827490979 0.0
0.003163267 -0.02001447 -4.57531 -4.555026 1.052174 0.8314298 -0.02418077 19.3757 3.505381 0 0.0 0.02026290372809852 6.456138432281017 0.0
-0.001491875 -0.02517949 -0.02356134 2.110858 1.449697 1.233277 -0.02450549 19.81364 2.533785 0 0.0 0.025223647786863125 2.110989491424956 0.0
0.01957538 -0.008291588 -2.500584 -3.324704 2.168796 1.733462 -0.3029096 20.28958 2.660542 0 0.0 0.02125902005517056 4.16011742967335 0.0
0.01554166 -0.01179215 -7.777012 -3.594493 2.378418 1.911776 -0.3346916 20.29588 2.314211 0 0.0 0.01950892096396159 8.567513967026432 0.0
-0.01303936 -0.009186043 -1.467988 -1.244329 0.2699195 0.207279 -0.02003245 17.44296 2.487066 1 0.0 0.015950181666910538 1.9244072927488611 0.0
0.01601032 -0.008542168 -4.848019 -1.395837 0.3495643 0.3031511 -0.1900695 15.37533 6.953135 0 0.0 0.018146596943852147 5.044962750598858 0.0
-0.01205118 -0.0127907 -3.772148 -0.9650578 0.3427799 0.2550388 0.04254468 17.38701 4.175613 1 0.00236988 0.017573643500492436 3.893640596054654 0.0
0.003757033 0.0007565205 -6.572725 -2.912742 1.530108 1.168376 0.04163229 19.8651 3.233881 0 0.0 0.0038324431150389237 7.189212744396218 0.0
