jas1101finalproject/data/gcs/FSR_1716.ecsv
# %ECSV 0.9
# ---
# datatype:
# - {name: x, unit: deg, datatype: float64}
# - {name: y, unit: deg, datatype: float64}
# - {name: pmx, unit: mas / yr, datatype: float64}
# - {name: pmy, unit: mas / yr, datatype: float64}
# - {name: pmx_e, unit: mas / yr, datatype: float64}
# - {name: pmy_e, unit: mas / yr, datatype: float64}
# - {name: pm_corr, datatype: float64}
# - {name: g_mag, unit: mag, datatype: float64}
# - {name: bp_rp, unit: mag, datatype: float64}
# - {name: filter, datatype: int64}
# - {name: memberprob, datatype: float64}
# - {name: r, unit: deg, datatype: float64}
# - {name: pm, unit: mas / yr, datatype: float64}
# - {name: member_prob_GMM, datatype: float64}
# - {name: member_prob_DB, datatype: float64}
# meta: !!omap
# - comments: [deg deg mas/yr mas/yr mas/yr mas/yr dimless mag   mag   zeroone float]
# - __serialized_columns__:
#     bp_rp:
#       __class__: astropy.units.quantity.Quantity
#       unit: &id001 !astropy.units.Unit {unit: mag}
#       value: !astropy.table.SerializedColumn {name: bp_rp}
#     g_mag:
#       __class__: astropy.units.quantity.Quantity
#       unit: *id001
#       value: !astropy.table.SerializedColumn {name: g_mag}
#     pm:
#       __class__: astropy.units.quantity.Quantity
#       unit: !astropy.units.Unit {unit: mas / yr}
#       value: !astropy.table.SerializedColumn {name: pm}
#     pmx:
#       __class__: astropy.units.quantity.Quantity
#       unit: !astropy.units.Unit {unit: mas / yr}
#       value: !astropy.table.SerializedColumn {name: pmx}
#     pmx_e:
#       __class__: astropy.units.quantity.Quantity
#       unit: !astropy.units.Unit {unit: mas / yr}
#       value: !astropy.table.SerializedColumn {name: pmx_e}
#     pmy:
#       __class__: astropy.units.quantity.Quantity
#       unit: !astropy.units.Unit {unit: mas / yr}
#       value: !astropy.table.SerializedColumn {name: pmy}
#     pmy_e:
#       __class__: astropy.units.quantity.Quantity
#       unit: !astropy.units.Unit {unit: mas / yr}
#       value: !astropy.table.SerializedColumn {name: pmy_e}
#     r:
#       __class__: astropy.units.quantity.Quantity
#       unit: &id002 !astropy.units.Unit {unit: deg}
#       value: !astropy.table.SerializedColumn {name: r}
#     x:
#       __class__: astropy.units.quantity.Quantity
#       unit: *id002
#       value: !astropy.table.SerializedColumn {name: x}
#     y:
#       __class__: astropy.units.quantity.Quantity
#       unit: *id002
#       value: !astropy.table.SerializedColumn {name: y}
# schema: astropy-2.0
x y pmx pmy pmx_e pmy_e pm_corr g_mag bp_rp filter memberprob r pm member_prob_GMM member_prob_DB
[from data line 4266]
-0.01745787 0.01632163 -5.816457 -4.307233 0.1565853 0.1315201 -0.3128694 16.40553 4.228329 1 0.0 0.023899222388893745 7.237639680803266 0.0 0.0
-0.0106138 0.04522024 -0.7615974 -3.15021 0.2907397 0.2633508 -0.3471039 18.40429 1.709774 0 0.0 0.04644914268420463 3.240964924800446 0.0 0.0
0.00611423 0.03747349 -6.951809 -1.958027 2.290555 1.275532 -0.1959725 20.47014 1.979462 0 0.0 0.03796901712282002 7.222293133431376 0.0 0.0
-0.003367761 0.02577794 -4.67752 -7.975273 0.3590012 0.3434463 -0.3251314 18.75953 2.917595 0 0.0 0.02599699991915838 9.245765126528415 0.0 0.0
0.0091608 -0.03155401 -1.559931 -4.120591 0.2751836 0.2496426 -0.303381 18.29733 1.695515 1 0.0 0.032856898875580146 4.405979450024932 0.0 0.0
-0.01497678 0.01995037 -4.789566 -4.63437 0.2289289 0.1909619 -0.2942501 17.9379 3.255512 1 0.0 0.024946366515091932 6.664632605422146 0.0 0.0
0.009134094 -0.02997472 -4.443896 -4.156237 0.3545409 0.3337053 -0.31389 18.69644 1.651794 0 0.0 0.03133553114723343 6.08461318893691 0.0 0.0
0.02235863 -0.03602597 -4.021683 -3.859971 0.539384 0.3513263 -0.2115445 19.07799 1.859701 0 0.0 0.04240022228618383 5.5743439320990955 0.0 0.0
0.02145821 0.03689244 -8.193378 -1.122289 0.3076223 0.2812425 -0.364738 18.47906 1.494656 0 0.0 0.042679115566723026 8.269883653982381 0.0 0.0
-0.05875699 -0.01494295 -0.02506779 -3.410067 0.1630771 0.1268776 -0.278302 17.18994 1.362852 1 0.0 0.06062735049928044 3.410159136841635 0.0 0.0
-0.01101236 -0.01946949 -4.583342 -1.729165 0.7014788 0.4431473 -0.2645234 19.43162 1.809229 0 0.0 0.02236812718199045 4.898676911798634 0.0 0.0
-0.02019958 -0.0450123 -3.030901 3.807459 3.444418 1.399703 -0.4855211 20.43955 2.348766 0 0.0 0.049336904883326434 4.866529041162911 0.0 0.0
-0.03269811 -0.01465518 -8.429909 -7.029267 0.4540469 0.3690433 -0.3135425 19.00664 2.046185 0 0.0 0.0358321182517096 10.976063060385997 0.0 0.0
0.01423403 0.03927206 0.4377241 -1.83054 0.1678331 0.1259806 -0.2614128 17.42992 1.42691 0 0.0 0.04177202780192146 1.8821474648179963 0.0 0.0
0.03999433 0.02211983 -5.45813 -1.737985 1.840219 1.293788 0.1627863 20.07014 1.315271 0 0.0 0.04570375598764067 5.728156331414585 0.0 0.0
-0.03106572 0.01011108 -6.025901 -4.583163 0.198578 0.1488678 -0.2687156 17.35357 3.392057 1 0.0 0.03266975509373769 7.570790311874316 0.0 0.0
0.01913166 -0.03468542 -3.763399 -4.466614 1.399788 0.977532 0.3243628 19.78476 nan 0 0.0 0.039611851445394475 5.840703096220266 0.0 0.0
0.01558706 -0.03836513 -4.415383 -2.132865 0.7948337 0.4817497 -0.1294602 19.31701 2.612614 0 0.0 0.041410622301053385 4.903541592044877 0.0 0.0
-0.005268632 -0.007837367 -3.617151 -7.204813 1.191218 0.7628953 -0.2547207 19.78045 3.074797 0 0.0 0.00944366478884723 8.06183054409915 0.0 0.0
-0.004371095 -0.05002781 -8.264281 -3.586254 1.316837 0.8242191 -0.12474 19.79784 2.021473 0 0.0 0.050218405439590816 9.008859983342898 0.0 0.0
0.02801687 -0.0007815581 14.16962 5.770496 2.435275 1.239152 -0.01986398 20.31338 2.603415 0 0.0 0.028027769045369553 15.299567151733934 0.0 0.0
0.0308716 -0.04519427 -4.003643 -3.188255 2.208537 1.165191 0.1064613 20.10562 nan 0 0.0 0.05473187122137247 5.118019853075406 0.0 0.0
-0.01488688 0.02098799 -4.458783 -5.367653 0.3954038 0.3592363 -0.3106216 18.69677 1.748472 0 0.0 0.02573159381722205 6.977997174655346 0.0 0.0
0.005824532 0.03245339 0.3688222 -2.439302 0.1880237 0.136959 -0.2393966 17.66372 1.823563 1 0.0 0.0329719228361211 2.4670273736658945 0.0 0.0
0.0323002 -0.01597476 -7.303189 -7.298231 2.463335 1.253165 -0.09874182 20.36425 2.357716 0 0.0 0.036034648286026046 10.324763692166616 0.0 0.0
0.02261771 0.04340352 -1.490156 -1.622009 1.299255 0.6889936 -0.1965096 19.98987 2.18639 0 0.0 0.04894309301663004 2.202607114402612 0.0 0.0
-0.02876451 0.0105247 -6.584686 -6.475871 0.1835882 0.1370029 -0.2849863 17.41304 3.069803 1 0.0 0.030629501230514677 9.235528946803047 0.0 0.0
-0.04536177 0.009804345 -3.774414 -3.11987 1.23189 0.7550229 -0.3157707 20.023 2.248699 0 0.0 0.046409216308960936 4.896916362395421 0.0 0.0
0.03991777 -0.02992022 -14.6303 -29.40873 0.3627946 0.2850812 -0.2080536 18.58813 1.606409 0 0.0 0.04988635010322262 32.846903633415735 0.0 0.0
-0.03060915 -0.02192061 -7.278448 -5.921074 1.547414 1.132126 -0.08187815 20.17286 nan 0 0.0 0.037648814144599564 9.382692715962726 0.0 0.0
0.04812392 -0.02137627 -0.07686351 -0.8498396 0.3704517 0.2884519 -0.2088225 18.45398 1.673956 0 0.0 0.052657920536983795 0.8533084699554319 0.0 0.0
0.00888495 0.02844361 -5.346278 -6.695302 2.662941 1.328913 0.04718587 20.38844 nan 0 0.0 0.029799014855102175 8.56794942354867 0.0 0.0
0.03325706 -0.003634959 -0.5571992 -2.586672 3.09541 1.371401 -0.4940877 20.51619 1.94985 0 0.0 0.033455118693187756 2.6460050990246864 0.0 0.0
-0.01737476 0.01181651 -4.27885 -3.149322 1.039817 0.7060825 -0.1420083 19.73553 1.566656 0 0.0 0.021012191547711057 5.312888704102883 0.0 0.0
-0.0004511175 -0.004487734 -1.441447 -3.812369 3.645079 1.201452 -0.2995107 20.52946 2.085945 0 0.0 0.004510350701837081 4.075773159287695 0.0 0.0
-0.04213015 -0.02668752 -1.739239 -2.650104 0.2065577 0.1551846 -0.2783135 17.82517 1.47999 0 0.0 0.04987156767911853 3.169858594628 0.0 0.0
-0.009734411 -0.007525359 -3.010353 -4.518088 1.433833 0.8960257 -0.3279707 20.08553 nan 0 0.0 0.012304055656400534 5.4291200355447105 0.0 0.0
0.008588871 0.03770957 -2.472604 -4.293001 0.1119911 0.09612557 -0.4101578 16.76275 1.380717 1 0.0 0.03867531996815981 4.954152614405111 0.0 0.0
0.009954531 0.04581168 -5.310166 2.21325 1.776304 1.050922 0.02770705 20.25708 1.408146 0 0.0 0.046880728576381585 5.752941726634818 0.0 0.0
-0.02265798 0.0175513 -4.421478 -8.501011 0.1429075 0.1138148 -0.2668804 16.73548 3.452538 1 0.9943337 0.028660638328034498 9.582100799230043 0.0 0.0
-0.03788174 -0.01794399 -3.754911 -1.397005 1.252564 0.7743533 -0.1718668 19.75407 2.173563 0 0.0 0.0419167389302615 4.006367380551364 0.0 0.0
-0.03316271 -0.02028604 -3.991777 -4.710617 0.2563419 0.1867553 -0.3217339 18.02299 1.888248 1 0.0 0.03887529747057506 6.174479422462917 0.0 0.0
0.03144643 -0.01181609 -4.385661 -6.37282 0.9791426 0.794022 -0.04428419 19.62912 1.954262 0 0.0 0.0335931234426482 7.736075048713074 0.0 0.0
-0.001724635 0.02881454 4.62741 -5.156358 3.722969 1.418764 -0.1635573 20.57622 nan 0 0.0 0.02886610609858602 6.928271871994055 0.0 0.0
0.03339932 0.02780186 -9.516552 4.897248 1.660882 0.9931638 -0.4454342 20.1523 2.29817 0 0.0 0.043456391887983524 10.702700591075509 0.0 0.0
0.03685038 0.009332019 -11.44179 -2.664839 0.6485689 0.4021692 -0.2149259 19.33183 1.970718 0 0.0 0.038013643402872624 11.748017930698818 0.0 0.0
0.03640964 0.03191923 -4.81169 -0.7862976 0.1496684 0.1072918 -0.3445446 17.11718 1.450201 1 0.0 0.04842002817763017 4.875512749636263 0.0 0.0
0.03295688 0.02778695 0.9777817 -4.098641 2.172017 2.652687 -0.3824548 20.11582 nan 0 0.0 0.04310766207574821 4.213658161234237 0.0 0.0
-0.02565283 0.01404387 -1.784925 -2.97758 0.09648408 0.0864828 -0.3114664 16.63187 1.467957 1 0.0 0.029245477797187724 3.4715904009581835 0.0 0.0
0.03454812 -0.02454436 -9.602228 -10.70661 1.235241 0.7029275 -0.263424 19.74505 2.257351 0 0.0 0.042379219003469144 14.381734257595083 0.0 0.0
-0.03073505 -0.02240898 -3.488126 -3.572172 0.9585783 0.6071963 -0.374685 19.64094 1.936056 0 0.0 0.03803689896853975 4.992738305725626 0.0 0.0
-0.04820658 -0.02007555 -2.783742 -0.4319866 0.4114945 0.3478955 -0.3111675 18.80992 1.610476 0 0.0 0.052219747826841335 2.8170608699748683 0.0 0.0
-0.001813528 -0.003659982 -3.510554 -7.739935 0.8320061 0.4960343 -0.2409283 19.49321 1.919712 0 0.0 0.004084648338242596 8.498857758024958 0.0 0.0
0.03665049 -0.02320719 -6.590957 -6.41667 0.7417079 0.4768031 -0.1859409 19.29687 1.682217 0 0.0 0.04338008857685977 9.198606854559499 0.0 0.0
0.01812824 0.04281823 -3.422977 -4.979658 0.8872508 0.6285128 -0.3716291 19.84778 1.644613 0 0.0 0.046497676348721984 6.042662107009872 0.0 0.0
-0.04039754 0.02834503 -2.660877 -1.858179 0.6357852 0.4643762 -0.283342 19.37694 nan 0 0.0 0.04934979193221082 3.245473094199057 0.0 0.0
0.035297 -0.02409485 -2.506116 -6.194465 1.330332 0.7902449 0.00405854 20.03323 1.656042 0 0.0 0.04273686939309547 6.682216252238549 0.0 0.0
-0.06530603 -0.003058387 -3.198782 -2.67429 0.3893286 0.3522597 -0.3670067 18.86727 2.436804 0 0.0 0.06537760538137405 4.169416420510669 0.0 0.0
0.03761997 0.01206266 -4.607604 -4.775961 0.3357113 0.287295 -0.1970751 18.41694 3.124685 1 0.0 0.03950658057939842 6.6362503037737355 0.0 0.0
0.001162219 -0.06453488 2.684041 -0.314949 0.961398 0.9023228 0.02774071 19.57704 nan 0 0.0 0.06454534444573336 2.702456098122965 0.0 0.0
-0.03117792 0.03971686 -3.099838 -6.40082 3.198453 1.384001 -0.4072481 20.57003 nan 0 0.0 0.05049249116240949 7.111926061106373 0.0 0.0
-0.01579279 0.02931896 -4.733091 -8.781336 3.253708 1.935644 0.1979223 20.50994 1.618816 0 0.0 0.033301856276575635 9.975671023002763 0.0 0.0
-0.01944002 0.02774196 1.515245 -5.160493 0.2906584 0.2613306 -0.3331912 16.20792 1.841702 0 0.0 0.033875222836787365 5.378350621991281 0.0 0.0
-0.003702312 0.03128252 -2.383334 -2.986671 0.1431616 0.1050493 -0.2405134 17.20429 1.853249 1 0.0 0.03150084398386405 3.8210580495193995 0.0 0.0
-0.003138848 -0.01692376 0.1157753 -9.421719 0.7555037 0.7779737 -0.2861093 18.74849 3.048298 0 0.0 0.01721237982687763 9.422430304069703 1.0 0.0
0.008083406 0.03923936 1.094078 -3.806693 0.3158679 0.3125866 -0.3000135 18.47913 1.588413 0 0.0 0.04006331021983126 3.9607976805604452 0.0 0.0
0.009226688 -0.05993155 -3.697558 -3.692381 0.2099405 0.1733411 -0.2640691 16.61955 2.327437 0 0.0 0.06063763234866484 5.225477261698208 0.0 0.0
-0.01211466 -0.04390674 -8.301573 -0.9329811 3.266117 1.450492 -0.4043351 20.52989 1.928709 0 0.0 0.04554741270745464 8.353835526707849 0.0 0.0
-0.04377661 -0.02164235 -2.33992 -2.582642 0.8630422 0.5343203 -0.2942236 19.60621 1.73716 0 0.0 0.04883423897855479 3.485005782859478 0.0 0.0
-0.04275997 -0.02806907 -5.556216 -8.960362 2.429663 1.297567 -0.2691763 20.46697 1.981554 0 0.0 0.05114966006793985 10.543226423144862 0.0 0.0
0.004106524 0.009374677 -5.055317 -3.552452 1.832101 1.133506 -0.06070485 20.07521 2.081093 0 0.0 0.010234652325160097 6.17868474538012 0.0 0.0
-0.03776232 0.00976227 -9.070223 -5.355778 1.274129 0.7768754 -0.1614936 19.69845 nan 0 0.0 0.03900377837255386 10.53343739028305 0.0 0.0
0.00857124 0.03982673 -2.37708 -1.510323 0.301943 0.296995 -0.3557825 18.51299 2.144703 0 0.0 0.04073861285844794 2.816306959606676 0.0 0.0
-0.04462213 -0.04070148 -2.976393 -3.202448 0.2611357 0.2120746 -0.2684191 17.99286 1.558865 1 0.0 0.06039656414008416 4.372023385476455 0.0 0.0
-0.04821186 0.03960923 -3.809525 -7.84381 0.9335925 0.7101461 -0.4418575 19.64341 nan 0 0.0 0.062396110021799435 8.719967662882988 0.0 0.0
0.01793331 -0.05399488 0.187135 -16.61354 2.170605 1.533439 -0.2653818 19.76235 2.394562 0 0.0 0.056895084794475 16.614593911372765 0.0 0.0
0.04588316 -0.01688386 -4.833862 -4.261671 0.6769737 0.3952982 -0.3099251 19.13748 1.500885 0 0.0 0.04889099201371557 6.444226993773961 0.0 0.0
-0.0006321446 0.03410555 -4.104678 -4.399788 0.1628453 0.1384864 -0.3110725 16.26052 4.347773 1 0.0 0.03411140788061685 6.017185050223069 0.0 0.0
-0.05158364 -0.03886696 -3.183356 -3.735251 0.7467789 0.4880444 -0.2613135 19.26861 1.864687 0 0.0 0.06458724715678166 4.907734248687167 0.0 0.0
-0.009859012 0.06223779 -6.375275 -5.203595 0.4866164 0.3927192 -0.3155491 19.03476 2.817757 0 0.0 0.06301382881320769 8.22930934220181 0.0 0.0
0.01744658 0.01088569 -0.9593899 -6.486184 3.992312 1.848799 -0.1556285 20.78965 nan 0 0.0 0.020564080345896824 6.556753149393228 0.0 0.0
-0.03277425 0.002014989 -2.368088 -1.551551 0.3253224 0.2952393 -0.3165189 18.57811 1.582619 0 0.0 0.03283613320311362 2.8311042512321936 0.0 0.0
-0.03246699 -0.02191438 -2.550835 -5.827385 0.4037755 0.3352266 -0.3186318 18.62437 1.747765 0 0.0 0.03917072236306729 6.361224342487065 0.0 0.0
-0.001706688 0.03157638 -5.235577 -4.692483 0.2336239 0.2207312 -0.3263803 18.19665 2.342035 0 0.0 0.03162246919254953 7.030694363163428 0.0 0.0
0.01775333 0.01058039 0.4461296 -4.132967 1.518248 1.171068 -0.1150819 20.18595 2.059454 0 0.0 0.020667011845958767 4.156975804967495 0.0 0.0
0.0419299 -0.01952713 -3.738162 -4.34689 1.879258 1.30976 0.2534784 20.15741 2.078079 0 0.0 0.04625392221257458 5.733176066574617 0.0 0.0
-0.0147972 -0.002930127 -2.024388 -6.123649 1.196522 0.6920206 -0.2426102 19.90768 2.103025 0 0.0 0.015084520942878132 6.449590983135675 0.0 0.0
-0.01899095 -0.04677413 -4.00131 -4.117206 0.411812 0.3824758 -0.2794393 18.77995 2.088802 0 0.0 0.050482426835081924 5.741242632264901 0.0 0.0
-0.008182986 -0.005953373 -7.459208 -10.36853 2.90755 1.296106 -0.1372588 20.54908 nan 0 0.0 0.010119481703789231 12.77286962072987 0.0 0.0
0.04465557 -0.01774466 -3.581619 -6.83725 1.012366 0.5990652 -0.2569709 19.82229 1.752537 0 0.0 0.04805198113023541 7.718547934920208 0.0 0.0
-0.04601733 -0.04258745 -2.944241 -4.569793 0.8764391 0.571996 -0.2331169 19.66554 2.010361 0 0.0 0.06269996457599797 5.4361349439588045 0.0 0.0
-0.0395566 0.007868529 -2.465856 -0.6254805 0.2090716 0.15564 -0.2595687 17.56398 1.486565 0 0.0 0.04033160487984381 2.543948047546618 0.0 0.0
-0.03589412 -0.0323847 -4.148299 -6.536275 0.3422158 0.3046862 -0.2409582 18.61667 1.758909 0 0.0 0.048344147987780285 7.741529271986639 0.0 0.0
-0.01507743 0.0236811 -3.452817 -3.209705 0.09148344 0.07170791 -0.3578998 16.42062 1.290812 1 0.0 0.028073535449153888 4.71424982606077 0.0 0.0
0.02650089 -0.02950525 -3.688 -8.52595 0.5522261 0.3452493 -0.1062088 18.98409 2.522306 0 0.0 0.03965926056237811 9.289411574610094 0.0 0.0
0.02012075 -0.002581387 0.3229086 -5.484496 2.394067 1.428857 -0.04740881 20.28032 2.232948 0 0.0 0.02028566339576473 5.493993660168345 0.0 0.0
-0.01029965 0.0165338 -6.647537 -4.793 0.9041601 0.6381223 -0.2588027 19.7866 2.742281 0 0.0 0.01947945924717881 8.195278955982463 0.0 0.0
0.006864262 0.0401017 -5.021489 -5.426667 0.3105833 0.2595079 -0.2188816 16.20726 1.563091 0 0.0 0.04068494114159001 7.393515165738825 0.0 0.0
0.02082596 0.03675543 -2.795295 -3.072535 0.2182616 0.1617423 -0.2877136 17.78836 1.976316 0 0.0 0.042245499694127185 4.153810956609605 0.0 0.0
0.01805794 0.04737301 -5.198545 -4.616432 0.1134121 0.09373954 -0.31415 16.80962 2.535444 1 0.0 0.05069804013473992 6.952432274222382 0.0 0.0
-0.01283949 0.02729818 -4.078716 -8.776004 0.1866886 0.1393376 -0.247556 17.51001 3.259274 1 0.9803335 0.03016692120141696 9.677508481870321 0.0 0.0
-0.02248206 -0.02439121 -1.750507 -3.643671 0.4351142 0.3788909 -0.2856181 18.8717 1.965525 0 0.0 0.03317188790388181 4.042352423192465 0.0 0.0
-0.0056869 -0.0502454 -3.454671 -1.154757 1.512699 0.7532008 -0.0660797 20.0706 1.751682 0 0.0 0.050566204650635986 3.642556169407687 0.0 0.0
0.001768441 -0.003053443 1.349538 -3.19403 4.224337 1.616931 -0.155834 20.6316 1.718863 0 0.0 0.003528582962710385 3.4674313914400674 0.0 0.0
0.02397351 -0.04988947 -3.164746 -4.081997 0.664144 0.4206029 -0.199756 19.25032 1.986431 0 0.0 0.05535059528678079 5.165105686481643 0.0 0.0
-0.03402744 -0.05496997 -0.286424 -4.474639 2.149656 1.36704 -0.08218769 20.23515 2.12978 0 0.0 0.06464954968717493 4.483796704590541 0.0 0.0
-0.01530112 -0.05609192 -3.558817 -3.925042 0.2563404 0.1759408 0.05816983 17.67751 nan 0 0.0 0.058141446168295474 5.298219808695464 0.0 0.0
-0.01043327 -0.06320865 -2.037687 -4.32043 0.2471286 0.194678 -0.2867135 17.53426 1.364733 1 0.0 0.06406392555655172 4.77684872011549 0.0 0.0
-0.03568049 0.01334228 -4.063806 -8.444891 0.2630734 0.2240566 -0.3448016 18.11731 3.08259 1 0.9107976 0.03809348766178414 9.371803626171271 0.0 0.0
-0.02670306 0.01903665 -2.155164 -3.384319 0.230346 0.2156268 -0.3347117 18.18742 1.530775 1 0.0 0.032794015560557686 4.012274537049652 0.0 0.0
-0.04601229 -0.006042624 -6.618516 -3.307986 0.6658863 0.4515734 -0.2675024 19.27774 2.678993 0 0.0 0.04640737156798989 7.3991570748600815 0.0 0.0
