jas1101finalproject/data/gcs/FSR_1735.ecsv
# %ECSV 0.9
# ---
# datatype:
# - {name: x, unit: deg, datatype: float64}
# - {name: y, unit: deg, datatype: float64}
# - {name: pmx, unit: mas / yr, datatype: float64}
# - {name: pmy, unit: mas / yr, datatype: float64}
# - {name: pmx_e, unit: mas / yr, datatype: float64}
# - {name: pmy_e, unit: mas / yr, datatype: float64}
# - {name: pm_corr, datatype: float64}
# - {name: g_mag, unit: mag, datatype: float64}
# - {name: bp_rp, unit: mag, datatype: float64}
# - {name: filter, datatype: int64}
# - {name: memberprob, datatype: float64}
# - {name: r, unit: deg, datatype: float64}
# - {name: pm, unit: mas / yr, datatype: float64}
# - {name: member_prob_GMM, datatype: float64}
# meta: !!omap
# - comments: [deg deg mas/yr mas/yr mas/yr mas/yr dimless mag   mag   zeroone float]
# - __serialized_columns__:
#     bp_rp:
#       __class__: astropy.units.quantity.Quantity
#       unit: &id001 !astropy.units.Unit {unit: mag}
#       value: !astropy.table.SerializedColumn {name: bp_rp}
#     g_mag:
#       __class__: astropy.units.quantity.Quantity
#       unit: *id001
#       value: !astropy.table.SerializedColumn {name: g_mag}
#     pm:
#       __class__: astropy.units.quantity.Quantity
#       unit: !astropy.units.Unit {unit: mas / yr}
#       value: !astropy.table.SerializedColumn {name: pm}
#     pmx:
#       __class__: astropy.units.quantity.Quantity
#       unit: !astropy.units.Unit {unit: mas / yr}
#       value: !astropy.table.SerializedColumn {name: pmx}
#     pmx_e:
#       __class__: astropy.units.quantity.Quantity
#       unit: !astropy.units.Unit {unit: mas / yr}
#       value: !astropy.table.SerializedColumn {name: pmx_e}
#     pmy:
#       __class__: astropy.units.quantity.Quantity
#       unit: !astropy.units.Unit {unit: mas / yr}
#       value: !astropy.table.SerializedColumn {name: pmy}
#     pmy_e:
#       __class__: astropy.units.quantity.Quantity
#       unit: !astropy.units.Unit {unit: mas / yr}
#       value: !astropy.table.SerializedColumn {name: pmy_e}
#     r:
#       __class__: astropy.units.quantity.Quantity
#       unit: &id002 !astropy.units.Unit {unit: deg}
#       value: !astropy.table.SerializedColumn {name: r}
#     x:
#       __class__: astropy.units.quantity.Quantity
#       unit: *id002
#       value: !astropy.table.SerializedColumn {name: x}
#     y:
#       __class__: astropy.units.quantity.Quantity
#       unit: *id002
#       value: !astropy.table.SerializedColumn {name: y}
# schema: astropy-2.0
x y pmx pmy pmx_e pmy_e pm_corr g_mag bp_rp filter memberprob r pm member_prob_GMM
[from data line 344]
-0.007342032 -0.021968 -2.50886 -4.064492 1.71433 1.114865 0.2235992 20.02533 2.302526 0 0.0 0.023162436354775464 4.7764499073751425 0.0
-0.02885695 -0.01128271 -0.04213324 -0.7252137 2.007235 1.302985 0.2501177 20.35334 -0.01237679 0 0.0 0.030984239675141297 0.7264365908877303 0.0
-0.02328843 -0.006439138 1.000005 -0.5289754 0.1254741 0.1046593 -0.2154659 16.34739 1.785769 1 0.0 0.024162232306803606 1.1312934958843175 0.0
-0.0278492 -0.01057264 1.103906 -1.973349 0.8601175 0.6018882 0.07513749 19.33599 2.268021 0 0.0 0.02978856588037766 2.2611312948692297 0.0
-0.008783418 0.02323975 -4.732887 -2.764068 0.5618139 0.4481462 0.0113378 18.15982 nan 0 0.0 0.02484420278103574 5.480902413233883 0.0
-0.02452428 -0.008682734 0.774357 0.2757375 1.168593 0.822758 0.07263034 19.66248 2.193825 0 0.0 0.026015960086707465 0.8219853601830449 0.0
-0.001585802 -0.01123678 -3.378931 -6.055243 0.3381491 0.3001546 -0.2784197 17.64295 2.092745 1 0.0 0.011348127279494358 6.934200926697322 0.0
-0.009782467 -0.02971605 -2.029832 -4.657057 1.077641 0.7349727 0.1772279 19.3889 2.462324 0 0.0 0.03128482520661717 5.080196634922018 0.0
-0.02500698 0.001143703 -2.57423 -5.695462 0.645886 0.4811673 0.0153609 18.62173 2.960135 0 0.0 0.025033120166543545 6.2501957958406384 0.0
-0.01145038 -0.003597146 -5.56284 0.3774171 1.983566 1.670201 -0.04799217 20.02828 2.674593 0 0.0 0.012002110709775842 5.575628442872822 0.0
-0.01148603 0.01716243 -2.99149 -0.688711 1.383236 1.083578 -0.05848518 19.83029 2.886057 0 0.0 0.020651341086374998 3.069745146037534 0.0
0.007551169 -0.0003272559 -3.615228 0.2936878 0.3487953 0.2684538 0.01431983 17.26386 4.20427 1 0.09027326 0.007558257053755569 3.6271374409929438 0.0
-0.02322946 0.001342871 -1.799599 -5.118619 0.953519 0.6755049 0.09003811 19.31804 3.960817 0 0.0 0.023268242615510117 5.425754973085497 0.0
-0.01245744 -0.008739584 -5.625953 -4.84341 1.171205 1.104049 -0.2794773 19.64205 3.17738 0 0.0 0.015217363104252195 7.423608798038122 0.0
-0.01211422 -0.009777103 0.04370514 0.312081 0.4441231 0.3592063 -0.1155713 18.17752 3.51474 1 0.0 0.015567468300305256 0.31512646639630193 0.0
-0.01203927 0.02654646 -1.461419 -1.02583 1.145933 0.8675924 0.0630951 19.50502 2.697197 0 0.0 0.029148903249770822 1.7855174831014677 0.0
-0.01464993 -0.01067419 -7.395101 -0.5601927 2.246374 1.20984 0.252367 20.10082 nan 0 0.0 0.01812619047569014 7.4162884693985776 0.0
0.03266885 0.004744449 -0.755348 -0.7432562 1.00284 0.7826889 -0.3451949 19.1667 2.314398 1 9.806491e-05 0.033011567012732085 1.0597076860825536 0.0
-0.01685572 -0.00291575 0.4913877 -1.561875 0.1354603 0.1170269 -0.2922484 16.08682 2.038882 1 0.0 0.01710604848528438 1.6373501114105957 0.0
-0.001128102 -0.03056584 -0.2708409 -1.6348 1.208425 1.154628 -0.2074846 19.61092 3.463543 0 0.0 0.030586650503577603 1.6570835323280508 0.0
-0.008573594 0.01185673 -1.91474 -5.273876 1.150908 0.9069874 -0.04254879 19.67336 2.611403 1 0.0 0.014631765456353378 5.6107038177911335 0.0
-0.001368224 0.01506938 -1.552564 -8.007298 1.854122 1.420524 0.1409306 19.47028 2.882338 0 0.0 0.015131366445188485 8.156425456957233 0.0
0.0163803 -0.02214168 0.2970707 -1.381192 0.3032541 0.238986 -0.0679197 17.73254 3.265167 1 0.0 0.02754211722639347 1.4127782351319296 0.0
-0.0098419 0.01084562 -8.392972 -4.797007 2.545818 1.795078 0.2071539 20.25735 nan 0 0.0 0.014645493122268025 9.667122382117286 0.0
0.005888128 0.001256053 -4.981583 -1.164704 0.5768263 0.4474988 -0.03710241 18.51941 3.485147 0 0.0 0.006020607982852978 5.115926562559807 0.0
0.001469791 -0.009123433 -7.041317 -4.782238 0.757009 0.5981707 -0.03355405 18.7405 2.691967 0 0.0 0.009241066783070557 8.51175336714669 0.0
-0.01372876 0.004165225 -5.46712 -3.965334 0.8075671 0.7353277 -0.2689933 18.86059 3.666361 0 0.0 0.014346705211937164 6.753760050960946 0.0
-0.008479747 0.01015539 -1.688771 -5.108602 0.4783745 0.3694907 -0.03428735 18.30191 2.167746 1 0.0 0.013230194829862069 5.3804982933595475 0.0
-0.03097023 -0.005237602 -0.01950144 -2.58017 0.6237236 0.4776774 -0.03117209 18.73023 3.593714 1 0.0 0.03140999237445473 2.580243696836032 0.0
-0.004248407 0.01391719 4.363794 -7.701163 3.614309 2.473273 -0.2710938 20.56923 nan 0 0.0 0.014551190313295645 8.85158797205366 0.0
0.02142215 -0.01645957 4.569996 -4.930093 2.517046 1.711334 -0.0765434 20.2109 2.49818 0 0.0 0.027015291136824715 6.722401388541524 0.0
-0.02306174 -0.00188429 -3.672572 -5.416521 0.8546212 0.5926891 0.09243346 19.33542 2.318232 0 0.0 0.023138591154858588 6.544194743329771 0.0
-0.003300438 -0.01454801 -2.912762 -5.432967 1.380052 1.31907 -0.2169985 19.68901 2.782864 0 0.0 0.014917690369220834 6.164520491630553 0.0
0.008939972 -0.02501238 1.527366 -11.63171 3.510501 3.070857 -0.3986461 20.68718 1.28932 0 0.0 0.02656204533964175 11.731561039437846 0.0
-0.003519205 -0.006552423 -4.591367 -0.9853058 0.927404 0.8541893 -0.2648332 19.26694 3.450317 0 0.0 0.00743767779639277 4.695900174429035 0.0
-0.02077939 0.009686626 2.03692 -0.7612446 1.102801 0.8711255 -0.05790226 19.54544 2.330357 0 0.0 0.022926268166362705 2.1745198153682477 0.0
-0.02611225 -0.01323061 -2.727274 -3.508884 2.816682 1.531124 0.1059379 20.56858 1.966682 0 0.0 0.029272831107267368 4.444129880700158 0.0
-0.003646031 0.02416732 -7.919762 -4.784669 1.032179 0.8074331 -0.03102638 19.24744 nan 0 0.0 0.024440803956403745 9.252874557466182 0.0
0.02395139 -0.007564767 -1.296512 -6.55785 1.753844 1.337762 0.05658143 20.05726 2.343178 0 0.0 0.02511761896948811 6.6847842140673475 0.0
-0.001794882 0.02503717 -2.070468 -4.847321 0.8177727 0.7032203 -0.4046274 18.93578 2.095778 1 0.0 0.02510142392381006 5.270992185164478 0.0
0.01293333 -0.0106356 0.2050356 -1.089794 2.154884 1.920778 0.175246 19.96552 3.118315 0 0.0 0.016744760740270374 1.1089141354060557 0.0
0.01020732 -0.02639352 -2.197371 -4.012933 0.2548156 0.199561 -0.05498495 17.16001 2.4362 1 0.0 0.028298538470613636 4.57515798351598 0.0
-0.001597257 0.02425516 -2.696943 -3.85135 1.242906 0.9858439 -0.07220078 19.61059 2.058098 0 0.0 0.024307694595531865 4.70174418357156 0.0
0.002375674 0.02811561 -0.806838 -10.56318 2.642257 2.202395 -0.499466 20.48757 2.017122 0 0.0 0.028215799698508917 10.59394918199271 0.0
0.002405941 0.007378913 -4.83429 0.162861 0.7599736 0.6445365 -0.1621891 18.99575 3.460129 0 0.0 0.007761244046997234 4.837032510684728 0.0
0.001781283 -0.01840842 -2.973843 -1.830682 1.697238 1.608031 -0.1933438 19.84855 2.627625 0 0.0 0.01849440174816393 3.4921538874701668 0.0
0.002010638 0.001241081 -3.605622 -2.2413 1.388907 1.178858 -0.1142236 19.87619 3.146982 0 0.0 0.0023628261077796226 4.245460598908439 0.0
-0.01919852 0.008241448 2.020586 -2.813034 1.559506 1.441033 -0.2914324 20.0103 2.260939 1 0.0001471653 0.020892693347845413 3.4635138325914046 0.0
-0.002512387 0.02295432 -4.834142 -4.304065 0.2525315 0.2234501 -0.272801 16.93713 nan 0 0.0 0.023091403056119588 6.472550069361302 0.0
0.001521897 -0.004267325 -3.87292 -0.0739744 3.595017 2.429026 -0.1111892 20.51165 3.322901 0 0.0 0.004530588607922154 3.8736264066447297 0.0
-0.03098281 -0.001476317 -4.267481 -1.011859 0.6118573 0.4621222 -0.05904679 19.01913 2.441362 1 0.1633852 0.031017962979225263 4.385801263308907 0.0
0.008810119 0.006588597 -0.9312817 -4.945678 1.042271 0.8010325 -0.01172555 19.42028 2.365103 0 0.0 0.01100126389205213 5.03259540241801 0.0
0.003259638 0.0266202 0.9598907 -4.612275 1.162161 0.9118768 -0.01971909 19.64731 2.52717 0 0.0 0.0268190284673223 4.711100808895039 0.0
-0.00737016 0.03121269 -2.275502 -7.354876 1.073794 0.817221 0.03026313 19.41351 2.241072 0 0.0 0.03207103483615239 7.698838245305586 0.0
0.0003995169 0.02352276 3.603661 -3.890017 0.9551077 0.7441578 -0.0415902 19.32713 2.323193 1 0.0 0.023526152506752683 5.302697885341951 0.0
-0.009322869 0.01561408 -1.832717 -1.322917 1.610513 1.341718 0.06509339 20.10119 2.267807 0 0.0 0.018185581668936548 2.2603010841429954 0.0
-0.02392204 -0.007370205 1.298909 -1.36069 2.326051 1.369052 0.1117756 20.36879 nan 0 0.0 0.025031658345056263 1.8811278176617876 0.0
0.001179072 0.004231829 -2.798927 -0.7887048 1.212898 0.9888212 -0.0657173 19.77806 3.77314 0 0.0 0.004393015759865311 2.9079284057335455 0.0
0.0007529166 0.00992718 -5.846012 0.2240978 2.318611 1.319818 0.453834 19.925 2.88376 0 0.0 0.00995569114421272 5.850305643990649 0.0
0.001210742 0.02548351 -4.164833 -3.656016 1.050983 0.8503887 -0.07031729 19.52977 3.462357 0 0.0 0.0255122554493064 5.541866735148456 0.0
-0.02263808 0.004070634 -1.503534 -2.42212 0.5321771 0.3925678 0.01186123 18.53377 2.268867 1 0.0 0.02300114621596837 2.8508384351899005 0.0
-0.009873821 0.01478238 -4.104837 -2.709249 1.599548 1.245226 0.1364814 20.04448 2.546299 0 0.0 0.017776701032656227 4.918304274907155 0.0
-0.003095138 0.02935153 -1.824834 -1.441732 1.294712 1.12338 -0.1879769 19.96007 2.112768 0 0.0 0.029514270998619363 2.325641908673818 0.0
-0.000110006 -0.007959931 -4.994049 -2.352339 2.073767 1.609605 -0.03471092 20.18111 2.943659 0 0.0 0.007960691103465641 5.520328267895127 0.0
-0.01445975 0.01621185 0.7326587 -1.227579 0.39349 0.4006998 -0.3647463 17.89894 2.196295 1 0.0 0.021723453926229135 1.4295939884899802 0.0
-0.01844255 0.01691252 -2.130849 -4.902559 1.393229 1.616733 -0.5107381 19.94046 2.302137 0 0.0 0.02502320889200464 5.345615232064688 0.0
0.01715809 -0.02686833 -7.281505 -5.184392 1.273835 1.007864 -0.07350091 19.76068 3.515921 0 0.0 0.031879573545406784 8.938581289818256 0.0
-0.03212995 0.004657038 -1.223779 -3.853222 0.9106398 0.6801477 0.06817964 19.24647 2.247702 0 0.0 0.03246570020707922 4.0428894150254715 0.0
-0.000671296 -0.005201909 -5.572741 -0.5260996 0.6920094 0.6083758 -0.2553739 18.99547 3.501791 0 0.0 0.005245044858139633 5.597519365058164 0.0
0.000576407 0.03225842 -3.582276 -2.169738 1.640813 1.248873 -0.01136866 19.86951 2.622042 0 0.0 0.03226356933022211 4.188133752498838 0.0
0.006975487 -0.03051288 -3.269766 -6.890824 0.7010909 0.7283218 -0.5171715 19.07024 2.433983 1 0.0 0.031300052153016754 7.627242299398388 0.0
-0.01214172 0.0197105 -0.344841 -5.602093 0.5721488 0.4729862 -0.05084253 18.52683 2.598326 0 0.0 0.023150057771167656 5.612696437179727 0.0
0.007189011 0.01206675 -2.519115 -4.62684 2.812057 1.884313 -0.06433042 20.22197 2.65168 0 0.0 0.014045936591079323 5.268167496276575 0.0
0.006867573 0.01894087 5.281171 6.316276 2.523279 1.89518 0.06573187 20.21577 3.191038 0 0.0 0.020147459275730747 8.233232028761062 0.0
0.007770689 0.008065047 -3.730423 -4.099436 2.887887 2.066329 -0.2087171 20.39596 2.98749 0 0.0 0.011199490642298426 5.542691699618968 0.0
0.006034572 0.009285974 -2.970846 -2.331499 1.492658 1.169222 -0.004423199 19.83496 3.296413 0 0.0 0.011074537116821633 3.7764816354269484 0.0
0.005453937 0.02489578 0.2309129 -4.045905 2.364027 1.692794 0.3638532 20.16402 2.730631 0 0.0 0.025486178422987803 4.052489116137317 0.0
-0.02713816 -0.0190409 -1.444008 -1.378878 2.059613 1.520998 -0.02518362 20.40054 3.154104 0 0.0 0.033151705853479096 1.9966130428673454 0.0
-0.01272307 0.0155676 -1.291107 -5.029344 0.4788562 0.3708738 -0.05347308 18.33778 2.301746 1 0.0 0.020105389326867062 5.192423168019436 0.0
-0.02483007 0.0007356128 -5.791613 -2.245577 1.037747 0.6297681 0.5592088 18.63062 3.369879 0 0.0 0.02484096420021622 6.2117145141014 0.0
0.005442951 0.01915466 -4.835778 -6.957673 1.496522 1.207877 -0.05988077 19.947 3.228268 0 0.0 0.01991297856434343 8.47313179646186 0.0
0.004557951 0.006364063 -4.51368 -0.8313582 0.6034878 0.4751784 -0.04460775 18.59061 3.930189 0 0.0 0.00782791256890175 4.5896038608040275 0.0
-0.03026865 0.003963852 -5.404926 -6.750717 1.578987 1.013825 0.2810785 20.00606 2.614243 0 0.0 0.03052709117325796 8.647855519119465 0.0
-0.02565468 0.007761896 1.538069 -4.56368 1.261993 0.8526574 0.1322923 19.70704 2.205379 0 0.0 0.02680316465302588 4.815893623322778 0.0
0.004348757 -0.009154108 -1.959178 -9.761022 1.145965 0.8547761 0.07364547 19.32821 2.519318 0 0.0 0.010134563667011669 9.955698314039454 0.0
0.004349849 0.004231665 -2.953321 -0.8077227 1.753224 1.309407 0.1052102 19.88893 2.875175 0 0.0 0.006068622166112009 3.0617839390029284 0.0
-0.01034266 0.01957355 -4.834089 -6.189161 0.9990367 0.8128092 -0.1441248 19.46425 2.488329 1 0.0 0.02213807750185413 7.853287868392575 0.0
0.004267053 0.008874158 -1.283469 1.259451 0.3674512 0.2877167 -0.03350095 17.70799 3.71657 1 0.0 0.00984674674772196 1.798196178219162 0.0
-0.03177475 0.001750451 -1.515937 -9.136659 2.845685 2.771052 -0.02985548 20.54284 nan 0 0.0 0.031822929096264864 9.261565886514548 0.0
-0.03206583 0.001765536 -5.442578 -11.55399 2.557774 1.944513 0.1147223 19.89282 3.247259 0 0.0 0.03211439818766959 12.77170075621035 0.0
0.01369911 -0.02352566 -3.904532 -4.862576 0.501077 0.4036674 -0.1213009 18.53844 nan 0 0.0 0.02722356136194712 6.236185973397522 0.0
0.01196688 -0.01014328 -3.757321 -1.275025 1.614557 1.252425 -0.006840771 19.96859 2.643955 0 0.0 0.015687330751048757 3.9677638346638022 0.0
0.01180767 -0.02510449 -3.320231 -4.288075 2.414977 1.747664 -0.1632703 20.22169 2.316689 0 0.0 0.0277426835217684 5.423238985973788 0.0
0.003133244 -0.0004374395 -1.261049 -6.60875 3.171979 2.178099 -0.1533312 20.32629 2.663774 0 0.0 0.003163632608204728 6.727987897053695 0.0
-0.005274088 -0.02356612 -1.685321 2.300247 0.2928669 0.2600447 -0.2985187 17.37628 2.104359 1 0.0 0.02414907899043241 2.851568539251687 0.0
0.002832026 0.004079179 -2.347906 -7.639201 1.705268 1.304044 0.05700489 19.70042 2.673149 0 0.0 0.004965890914903085 7.9918742797442075 0.0
0.002966629 -0.005716971 -3.197745 -1.876076 1.13595 0.8914635 -0.0485592 19.62724 3.502163 0 0.0 0.006440857476957707 3.7074565732859233 0.0
0.01141996 0.008136869 -2.357848 -3.037475 0.5798606 0.4684 -0.1383715 18.80101 2.639215 1 0.0 0.0140222724094478 3.845218012899789 0.0
-0.0275076 0.01222798 -0.7318276 -5.789386 1.613337 1.159236 0.1084995 20.02938 2.279749 0 0.0 0.030103015673523477 5.835457299399745 0.0
0.01241453 -0.00695811 -0.06769139 -0.8449513 0.2879591 0.2225753 -0.05551918 17.57522 2.130417 1 0.0 0.014231509051853919 0.8476584357226807 0.0
-0.004655363 0.03040809 -2.351837 -3.761072 0.1877513 0.1627872 -0.2445862 17.06407 2.242495 1 0.0 0.030762385182392292 4.4358539046899415 0.0
0.02571912 0.01565066 0.6929205 -7.295604 0.9786776 0.7823864 -0.3523976 19.18027 2.184931 0 0.0 0.030106748280244417 7.328436159518363 0.0
-0.02420208 0.01421704 -5.921817 -7.724473 0.6272704 0.4889852 -0.06966504 18.9624 2.050787 1 0.0 0.028068931270855326 9.733211171510561 0.0
-0.02746688 0.01393317 -0.8659936 -9.147337 0.9985844 0.6949696 0.1273565 19.37223 2.330591 0 0.0 0.030798745480673396 9.188238085009006 0.0
8.744806e-05 -0.02295169 -0.5287794 -5.361584 0.5210419 0.4700598 -0.3129584 18.30053 2.101807 1 0.0 0.0229518565919905 5.3875959984876705 0.0
-0.006443057 0.01969242 -3.566069 -4.661005 0.7042974 0.5553153 -0.1061307 18.87776 2.164152 1 0.0 0.020719661893034088 5.868714997577068 0.0
0.01071729 -0.02212116 -2.457532 -5.08791 1.385091 1.148013 -0.1157216 19.82061 2.460917 0 0.0 0.024580602610385697 5.6503355386316665 0.0
0.01822599 -0.003110751 -2.119914 -0.02753637 1.330146 1.039516 -0.04581425 19.77451 3.08643 0 0.0 0.018489550650681075 2.1200928326535085 0.0
0.008669343 -0.02796872 -5.15453 -5.754736 2.244327 1.603137 -0.2230747 20.02943 2.357262 0 0.0 0.029281509634751568 7.725682232048896 0.0
-0.01953508 0.01881567 -5.363068 -0.6706596 0.6291058 0.5553544 -0.2730949 18.34246 3.756712 0 0.0 0.027122846239937652 5.404838820140353 0.0
-0.005387468 -0.03262603 3.679108 -9.288616 1.889248 1.231141 0.000220064 20.10926 2.502213 0 0.0 0.03306784911378308 9.990706825401293 0.0
-0.01340044 0.02147259 -2.750905 -3.821649 0.3621244 0.2802067 0.04322793 17.41527 4.356522 1 0.0 0.025310944539896175 4.708766228878431 0.0
0.02818751 0.003572079 0.4023788 -1.719347 0.3070887 0.2479139 -0.3916186 17.45503 2.112745 1 0.0 0.02841294543658473 1.7658037277960539 0.0
