jas1101finalproject/data/gcs/FSR_1735.ecsv
# %ECSV 0.9
# ---
# datatype:
# - {name: x, unit: deg, datatype: float64}
# - {name: y, unit: deg, datatype: float64}
# - {name: pmx, unit: mas / yr, datatype: float64}
# - {name: pmy, unit: mas / yr, datatype: float64}
# - {name: pmx_e, unit: mas / yr, datatype: float64}
# - {name: pmy_e, unit: mas / yr, datatype: float64}
# - {name: pm_corr, datatype: float64}
# - {name: g_mag, unit: mag, datatype: float64}
# - {name: bp_rp, unit: mag, datatype: float64}
# - {name: filter, datatype: int64}
# - {name: memberprob, datatype: float64}
# - {name: r, unit: deg, datatype: float64}
# - {name: pm, unit: mas / yr, datatype: float64}
# - {name: member_prob_GMM, datatype: float64}
# meta: !!omap
# - comments: [deg deg mas/yr mas/yr mas/yr mas/yr dimless mag   mag   zeroone float]
# - __serialized_columns__:
#     bp_rp:
#       __class__: astropy.units.quantity.Quantity
#       unit: &id001 !astropy.units.Unit {unit: mag}
#       value: !astropy.table.SerializedColumn {name: bp_rp}
#     g_mag:
#       __class__: astropy.units.quantity.Quantity
#       unit: *id001
#       value: !astropy.table.SerializedColumn {name: g_mag}
#     pm:
#       __class__: astropy.units.quantity.Quantity
#       unit: !astropy.units.Unit {unit: mas / yr}
#       value: !astropy.table.SerializedColumn {name: pm}
#     pmx:
#       __class__: astropy.units.quantity.Quantity
#       unit: !astropy.units.Unit {unit: mas / yr}
#       value: !astropy.table.SerializedColumn {name: pmx}
#     pmx_e:
#       __class__: astropy.units.quantity.Quantity
#       unit: !astropy.units.Unit {unit: mas / yr}
#       value: !astropy.table.SerializedColumn {name: pmx_e}
#     pmy:
#       __class__: astropy.units.quantity.Quantity
#       unit: !astropy.units.Unit {unit: mas / yr}
#       value: !astropy.table.SerializedColumn {name: pmy}
#     pmy_e:
#       __class__: astropy.units.quantity.Quantity
#       unit: !astropy.units.Unit {unit: mas / yr}
#       value: !astropy.table.SerializedColumn {name: pmy_e}
#     r:
#       __class__: astropy.units.quantity.Quantity
#       unit: &id002 !astropy.units.Unit {unit: deg}
#       value: !astropy.table.SerializedColumn {name: r}
#     x:
#       __class__: astropy.units.quantity.Quantity
#       unit: *id002
#       value: !astropy.table.SerializedColumn {name: x}
#     y:
#       __class__: astropy.units.quantity.Quantity
#       unit: *id002
#       value: !astropy.table.SerializedColumn {name: y}
# schema: astropy-2.0
x y pmx pmy pmx_e pmy_e pm_corr g_mag bp_rp filter memberprob r pm member_prob_GMM
[from data line 458]
0.008211903 -0.02986837 -4.174034 -5.059822 1.29526 0.9697589 -0.08233312 19.73195 2.332668 1 3.928719e-06 0.030976682800750457 6.559295579926246 0.0
0.0294661 0.003376838 -0.8221275 -1.087738 0.6622708 0.5322992 -0.3886011 18.62554 2.88983 1 0.0 0.029658962963803097 1.3634762861525134 0.0
0.02656684 -0.01511148 -1.082557 -2.761278 0.2795719 0.2236582 -0.1185548 17.61927 2.317051 1 0.0 0.03056392997269821 2.9659038844057304 0.0
0.01753316 -0.02373277 -3.125267 -3.07077 0.681227 0.548772 -0.08696695 18.8212 3.553446 0 0.0 0.029506881764403706 4.3814292433165 0.0
0.01849196 0.01450162 -5.216678 -0.9248091 0.8016757 0.6573653 -0.4370799 18.78073 nan 0 0.0 0.023499990792891817 5.298018613323929 0.0
0.02735626 -0.015871 -3.071751 -2.222356 0.6195995 0.5648915 -0.3416577 18.99465 2.355726 0 0.0 0.03162678615015443 3.791374473292898 0.0
0.005807341 0.02308757 -3.601283 -6.484245 0.3925322 0.311312 -0.09627419 18.16819 2.643238 1 0.0 0.02380674480047999 7.417187638594159 0.0
0.02349264 -0.01081087 1.324056 0.06549576 0.9229518 0.725878 -0.0695622 19.31578 nan 0 0.0 0.025860762640078888 1.3256749170569597 0.0
-0.0007960822 -0.001421545 0.5292312 -12.57109 2.912478 1.966391 -0.1398042 20.22833 2.749956 0 0.0 0.0016292750093774347 12.582225139106097 0.0
0.0181281 -0.01587088 -5.630849 -4.408578 0.9411134 0.8282841 -0.09931265 19.39874 nan 0 0.0 0.024093834098880985 7.151364935652844 0.0
0.01048811 -0.02507369 -1.768358 -2.85124 0.304364 0.2752947 -0.3294711 17.99889 2.24147 0 0.0 0.027178859092835374 3.3550945670374186 0.0
0.003391435 -0.02693053 -0.7660149 -3.25097 0.3724618 0.3570535 -0.4085146 17.9305 2.235214 1 0.0 0.027143236311098298 3.339997719748026 0.0
0.01772284 -0.01576012 2.831771 -2.036004 0.5587737 0.5145133 -0.3813738 18.99655 2.39723 0 0.0 0.02371667008835768 3.487726950960611 0.0
-0.003808905 -0.02513383 -3.031161 -6.476005 0.625439 0.6034904 -0.3732471 18.71216 2.450438 1 0.0 0.02542080187106467 7.150285152911455 0.0
0.008004852 -0.02496645 -4.598302 -5.233625 0.5370022 0.4745159 -0.284387 18.65242 2.295725 1 0.0 0.026218338641958307 6.966721748701394 0.0
0.0009912723 -0.03187046 -4.920294 -2.073979 1.257137 1.193463 -0.406286 19.67294 2.657301 0 0.0 0.031885872128332125 5.339539487528583 0.0
0.01644361 -0.01903653 -3.986951 -6.832703 1.255212 0.993569 -0.04167296 19.68012 3.171673 0 0.0 0.025155154228765922 7.910853845357655 0.0
0.02793099 -0.009825005 -0.9558363 -8.656541 1.760787 1.311591 0.08736652 20.03472 2.875097 0 0.0 0.029608629242673917 8.709151802390329 0.0
0.01197476 -0.02133179 -4.718937 -1.383811 2.699302 2.042456 -0.2858045 20.46513 2.142248 0 0.0 0.024463036231459494 4.917651806877954 0.0
-0.0003282787 -0.006865113 -4.468715 -5.591097 3.50233 2.412212 0.3772431 20.41327 3.558203 0 0.0 0.006872957398939898 7.157498125367132 0.0
0.007839847 -0.01653976 -3.067299 -5.48539 1.385262 1.157648 -0.1470115 19.94882 1.690363 0 0.0 0.018303739012589998 6.284729636786374 0.0
0.0009394958 -0.02232609 1.554852 -0.1777154 0.8756078 0.8128055 -0.3285061 19.18414 2.233168 1 0.0 0.02234584854164902 1.564975241114427 0.0
-0.003353409 0.001500413 -4.561618 -0.08038095 0.4978991 0.3851689 -0.01694557 18.18459 4.374884 1 0.989313 0.0036737706912448958 4.562326147377772 0.0
0.00847499 -0.008776949 -6.474825 -0.2384414 2.805681 2.280093 -0.2992511 20.62347 2.569086 0 0.0 0.012200831498250478 6.47921392468708 0.0
0.01750675 -0.009233099 -3.193439 -4.273444 0.6021202 0.5052801 -0.2038203 18.91785 2.195145 1 0.0 0.019792332169461514 5.334826732693106 0.0
0.000596851 0.0001882596 -3.954712 -2.665799 0.6861417 0.5742346 -0.1590282 18.83464 3.705286 0 0.0 0.0006258376731974194 4.769300924804913 0.0
0.01476213 -0.01201318 -3.550478 -3.903535 0.9618996 0.7705007 -0.07639341 19.38326 2.496252 0 0.0 0.019032524158642226 5.276692100616541 0.0
0.01345588 0.0008274343 -2.335338 -1.888276 0.5526275 0.4444273 -0.09997572 18.63021 3.765511 1 4.053406e-06 0.01348129645454088 3.0032298990287107 0.0
0.02651349 -0.01790381 -2.487736 -8.899972 2.657246 1.83636 -0.1391057 20.32617 3.16227 0 0.0 0.03199236728496658 9.241121793726126 0.0
0.003859241 -0.02333711 -3.035361 -2.893331 0.2183203 0.2234302 -0.4290655 16.27697 4.295393 1 0.0 0.023654057669841362 4.193421118356944 0.0
0.0274267 -0.0001468548 -4.023166 -2.639069 0.4109866 0.3165627 0.0001250425 17.68133 5.292036 1 0.0 0.027427093160272798 4.811501828984064 0.0
0.008826755 -0.01851593 -3.623826 -3.629907 1.707549 1.376505 -0.1893245 20.11165 2.799711 0 0.0 0.02051222239531653 5.1291655955842375 0.0
0.0008982833 -0.0015131 0.2188977 -5.515153 2.493721 1.878313 -0.3040729 20.36544 2.906111 0 0.0 0.0017596546527824403 5.519495340742148 0.0
-0.01756266 -0.002565026 3.390212 -7.796714 2.492709 1.551628 0.1367696 20.33051 2.29397 0 0.0 0.01774898263721828 8.501898999796456 0.0
-0.002073605 -0.02835716 5.554053 -12.91168 2.20568 2.028066 -0.1481881 19.58058 2.31949 0 0.0 0.02843287465174116 14.05556776331746 0.0
-0.023073 -0.02388366 -3.426298 -3.164296 0.3318009 0.250013 0.02421612 17.44318 3.610952 1 0.0 0.033208320403109816 4.663934729433937 0.0
0.0125682 -0.01646437 -4.0092 -2.561765 1.819873 1.448146 0.01954343 19.84651 2.938658 0 0.0 0.020713163223827016 4.7577646595039775 0.0
0.02096215 -0.02345172 -2.613171 -5.316624 0.4986971 0.399231 -0.09611871 18.41302 2.051239 1 0.0 0.03145464836206089 5.924116257520358 0.0
0.00406702 -0.02377201 -3.97995 -6.905564 1.880443 2.053905 -0.2640546 19.99276 nan 0 0.0 0.02411740266115943 7.970371143215101 0.0
0.00715338 -0.02100667 1.508302 -5.282399 3.348152 2.095991 0.04948095 20.31037 1.830572 0 0.0 0.02219123768322308 5.493515642865232 0.0
0.02127892 -0.01080994 -2.880287 -7.311817 1.178042 0.9317209 -0.111959 19.75982 2.572084 0 0.0 0.023867283866623783 7.858671709892072 0.0
0.02246405 -0.01003223 -3.35972 -5.805982 2.482402 1.494834 0.4240307 20.01823 3.341917 0 0.0 0.02460242226235864 6.707991164478678 0.0
0.008366238 0.02677986 4.773511 -0.3199512 0.9471116 0.7869263 -0.4467129 18.81403 2.313383 0 0.0 0.028056279865517522 4.784221570694907 0.0
-0.02276949 0.01968032 -3.021998 -3.928149 1.975386 1.663057 -0.05117843 20.09552 nan 0 0.0 0.03009592447761823 4.9560898375841616 0.0
0.0001811117 0.02046338 -4.383256 -8.305619 2.49391 1.994781 -0.3228199 20.35727 2.441706 0 0.0 0.02046418145131334 9.391285329213302 0.0
0.02092867 -0.002859973 0.7654443 -5.547712 1.779843 1.395513 -0.01317047 20.21986 2.467737 0 0.0 0.021123178584901207 5.600269048121392 0.0
-0.004362093 0.005463811 -5.16235 0.8460368 0.6891797 0.5678864 -0.1508041 18.98789 3.666523 1 0.9729656 0.006991500982219054 5.231217428998171 0.0
0.02126067 0.0216417 -2.442522 -4.174301 0.3992276 0.3357856 -0.4209079 17.87332 2.122652 1 0.0 0.030337753175522078 4.836393548821787 0.0
0.01478131 0.01968695 -2.041543 -6.553476 1.428643 1.032175 -0.3126255 19.47355 3.533411 0 0.0 0.024618349368278128 6.864105586558601 0.0
-0.008950568 0.02774488 -5.338633 -3.915821 3.28649 2.48011 -0.2549018 20.69063 nan 0 0.0 0.02915289065833822 6.620774608210885 0.0
0.0155221 -0.007592164 -0.4411215 -4.576742 0.9008573 0.7239791 -0.1030467 19.38597 2.900761 0 0.0 0.017279367540882277 4.597951229876873 0.0
0.0006381702 -0.02165851 -2.777511 -1.831646 3.731795 3.280057 -0.003544056 20.41105 2.892662 0 0.0 0.021667909835151797 3.3270849740331254 0.0
0.02183747 -0.01732186 2.240851 -2.27723 3.139305 2.678759 -0.3560592 20.45874 2.891409 0 0.0 0.02787331931902801 3.1948692738672424 0.0
0.004557353 -0.0006397211 -3.638532 -0.07690049 0.509916 0.3965822 -0.03253595 18.2627 3.72208 1 0.7868152 0.004602033186798441 3.639344556425819 0.0
0.0119248 -0.01243209 -4.395191 -5.913137 0.4534775 0.3651861 -0.1199208 18.32102 2.096222 1 0.0 0.01722665715709522 7.367692522577879 0.0
-0.01636613 0.02759054 -3.966443 -4.620176 0.4618341 0.3722259 -0.04979723 18.15475 3.835718 1 0.0 0.03207940318441881 6.089227893848694 0.0
-0.003382891 -0.02534361 -5.669115 -3.784348 1.503703 1.423444 -0.3263341 19.88592 nan 0 0.0 0.025568389064428383 6.8161686208843895 0.0
-0.02481447 0.01188217 -2.506148 -3.944817 0.366916 0.3164274 -0.221964 18.06595 4.078518 1 0.0 0.02751261320357992 4.67358095697432 0.0
0.009234074 -0.006690436 -8.972586 4.808167 3.080596 2.321557 -0.3240699 20.55272 1.825399 0 0.0 0.01140307223986466 10.179674328154364 0.0
-0.001481515 -0.02409231 -0.06155534 -3.097544 1.047785 0.9418259 -0.2184506 19.27382 2.252048 0 0.0 0.024137818622057067 3.098155562882296 0.0
0.001730606 0.02107752 -4.790588 -4.763892 0.8464986 0.6466197 -0.02792181 19.17072 3.729303 1 0.0 0.021148447850318376 6.756063970494063 0.0
-0.003050837 -0.01778286 -0.3409904 -6.402588 1.120044 1.047547 -0.2806457 19.40276 2.702415 0 0.0 0.018042663777285466 6.4116618400096685 0.0
-0.007099219 0.02739421 -1.902886 -1.725948 0.4854313 0.3882749 -0.1391086 18.50183 2.24935 1 0.0 0.02829914578099595 2.569021531186533 0.0
0.008945799 0.009720441 -5.73345 -0.9084261 0.6519099 0.5129867 -0.0426809 18.66734 3.930182 0 0.0 0.01321038579992583 5.80497087690035 0.0
0.005918 -0.01057714 -5.292135 -0.06949562 1.347553 1.064008 -0.02889118 19.72359 2.602236 0 0.0 0.01212017386754827 5.29259128399541 0.0
0.02255042 0.02217904 1.217107 2.272303 2.271031 1.503094 -0.007579175 20.01429 2.19079 0 0.0 0.03162959464643833 2.577733572978014 0.0
-0.01052106 -0.02493637 0.7898046 -2.859285 2.168035 1.314113 0.3262745 20.2355 2.099325 0 0.0 0.02706501897838795 2.9663617475631927 0.0
0.01719622 0.02694941 -1.916294 -2.067303 0.4863839 0.3787581 -0.3011334 17.74966 3.406111 1 0.0 0.031968432580226705 2.8188516080569053 0.0
0.02105172 -0.007147741 0.07499968 -6.331076 3.447763 2.341833 -0.1462672 20.51082 1.988449 0 0.0 0.02223207404542997 6.331520217907869 0.0
0.01041871 -0.008021984 -3.954623 -5.482538 1.275113 1.029485 -0.02182412 19.84455 2.632113 0 0.0 0.01314921082652324 6.759975295337476 0.0
-0.009419531 -0.0258021 -1.319024 -2.533295 0.5614536 0.4183826 0.02592219 18.85108 2.592911 1 0.0 0.027467725218335085 2.856117621807792 0.0
0.005075923 -0.01304898 -7.602952 1.782481 1.118734 0.8815004 -0.08401098 19.46713 3.084179 0 0.0 0.014001459686130192 7.809104790541935 0.0
-0.01458251 -0.02914494 -3.243054 -5.974204 1.048218 0.7778972 0.01471381 19.4424 2.246267 0 0.0 0.03258952478180221 6.797684361643456 0.0
-0.007200653 0.008347414 -6.684915 -1.210482 0.4675386 0.3648064 -0.0216931 17.94888 4.732809 1 0.02061126 0.01102400671778664 6.793626073721529 0.0
0.018818 0.02501481 -5.361085 -2.454962 0.3455708 0.2720381 -0.3165485 17.26552 3.44123 1 0.0 0.031302681088624024 5.89644560720007 0.0
-0.002354499 -0.01991143 -6.754685 -1.541806 2.817968 2.358579 0.218004 20.30723 2.817133 0 0.0 0.02005015486688073 6.928415056191495 0.0
0.02735064 -0.006570767 -2.559352 -4.000541 2.995039 2.325993 -0.3331873 20.57475 2.495802 0 0.0 0.02812885506695729 4.749169501353368 0.0
0.02290339 0.02074838 -6.300966 -8.083813 1.055863 0.8241212 -0.3360189 19.33018 2.288414 1 0.0 0.030904053878358744 10.249400233775877 0.0
0.01006494 -0.01008948 0.2038051 -1.472979 2.569168 1.759687 0.3908936 20.13117 2.446318 0 0.0 0.01425133761700985 1.4870116520145396 0.0
-0.01537425 -0.02172939 -2.550658 -3.358522 0.1823549 0.1566396 -0.204466 15.59542 2.871886 0 0.0 0.026618301088435378 4.217288970114331 0.0
0.009809649 0.01458403 -4.16253 -2.963333 1.333053 1.128854 -0.1858841 19.91658 3.583799 0 0.0 0.017576209618233987 5.1095986603439805 0.0
-0.0007958107 -0.01960621 -4.404332 -3.471924 0.6669437 0.6585487 -0.4227828 18.88223 2.240007 0 0.0 0.019622354222527286 5.608243631298484 0.0
0.02503536 0.02102971 -0.7236648 0.4437826 1.067993 0.8205062 -0.2866809 19.34141 2.53013 1 8.042528e-05 0.03269583999553613 0.8489014894684778 0.0
-0.02478001 0.004851695 16.70064 -16.8208 2.516664 1.418549 0.1391185 20.06217 2.496647 0 0.0 0.025250501776660304 23.703389821913657 0.0
0.0200552 0.02393098 -2.403714 -4.29232 0.4845998 0.3743203 -0.2927111 17.38111 2.071056 0 0.0 0.031223434321041625 4.919537780746887 0.0
0.02596252 0.002993374 -1.447302 -3.909985 0.3224444 0.2613569 -0.3888998 17.5472 2.249416 1 0.0 0.026134512290346572 4.169252424527568 0.0
0.02615165 -0.01410038 5.869899 -7.693641 3.2375 2.236169 -0.0427068 20.50408 2.165165 0 0.0 0.029710764276048164 9.677180690008946 0.0
0.02453763 -0.02104236 -3.792696 -6.07395 0.4149527 0.3061733 0.108773 17.67001 3.856504 1 0.0 0.03232454485969601 7.160824781470079 0.0
0.02852658 0.01554623 -2.695895 -2.467485 0.4821705 0.3893453 -0.3589332 18.16569 4.190277 1 0.0 0.032487705885600786 3.6546315924111967 0.0
0.007685648 -0.004889653 -3.925315 -0.5768614 0.3367402 0.2667169 -0.07551123 17.64174 4.016758 1 0.491402 0.009109220144464233 3.9674761403233365 0.0
0.003174344 -0.008505527 -4.589838 0.5413765 3.035217 2.095706 0.2170585 20.45777 2.342033 0 0.0 0.009078570888530034 4.621655696933324 0.0
-0.004152063 -0.02155567 -4.663538 0.4634126 0.4059986 0.3820093 -0.3223782 17.87915 4.06267 1 0.7979788 0.02195191418316109 4.6865059388933625 0.0
-0.0151769 0.01503291 0.4512408 2.154852 0.8564918 0.7726164 -0.2413492 19.11959 2.429392 1 0.0 0.02136180415316319 2.201591561005047 0.0
0.01374663 -0.0004200459 -0.2898639 -1.498985 2.386968 1.685808 0.2303478 20.34851 2.733978 0 0.0 0.013753046023154535 1.5267537819662378 0.0
0.003819313 -0.0005328516 -3.857139 -0.3817765 1.565878 1.210033 -0.00423945 19.77438 3.079645 0 0.0 0.0038563042695813773 3.8759869144868446 0.0
0.02117105 0.005452157 -2.550314 0.4844054 0.9268276 0.7099411 0.03672869 19.18302 2.323671 0 0.0 0.021861824582023088 2.5959102623444363 0.0
-0.0003697552 -0.02110538 -0.8591154 -12.97176 0.9088947 0.9578607 -0.5520521 18.99659 2.131853 0 0.0 0.021108618710193403 13.000178336012054 0.0
0.02530166 0.012416 -7.604413 5.561393 2.565008 2.005077 -0.3366238 20.41778 nan 0 0.0 0.02818387934184363 9.42105032228456 0.0
0.01351768 -0.001411809 -3.002707 -1.586685 0.7185579 0.5708565 -0.1006376 18.73223 3.623735 0 0.0 0.013591205878614341 3.3961476141466522 0.0
-0.008755628 -0.019317 -4.870411 -4.768205 1.473848 1.075541 0.02110835 19.98957 2.353605 0 0.0 0.021208665933395814 6.8159138955055765 0.0
-0.02455456 -0.01062443 0.3076158 -2.150788 0.3712353 0.2744385 0.07603014 17.43623 3.227648 0 0.0 0.026754531010998867 2.172674964497368 0.0
0.005930271 0.006306708 -3.148582 -4.017652 0.3678775 0.2880661 -0.05015069 17.76673 3.74646 1 0.0 0.008656944029546743 5.104419281742831 0.0
0.01741666 0.001329828 -4.791312 -3.683343 0.3912448 0.3072917 0.01040425 17.74147 4.577211 1 0.0 0.017467354924692636 6.043482964069064 0.0
0.01007625 -0.005256262 2.388776 -2.96038 1.522157 1.207007 0.09452166 19.93012 2.798922 1 1.110271e-05 0.011364818708415193 3.803958533235608 0.0
0.01464037 -0.001290035 0.5425761 -6.144554 0.9040245 0.7190438 -0.07558915 19.30854 2.357674 0 0.0 0.014697095768828786 6.168462748789784 0.0
-0.01559102 -0.02666567 -2.003411 -4.076906 1.775764 1.135906 0.01777131 20.09982 1.268753 0 0.0 0.030889122052743745 4.542556347229719 0.0
0.02071279 0.003319921 0.4668979 -0.8565023 0.760506 0.6300998 -0.1358471 19.16463 2.526224 0 0.0 0.02097716723083317 0.9754946637115449 0.0
0.002977686 0.00616581 -0.8021202 -3.109818 0.6737646 0.5542901 -0.425123 18.33688 nan 0 0.0 0.00684717656196304 3.211598481811206 0.0
0.008319296 -0.00744941 -5.641057 -2.948835 1.697907 1.257341 0.09801266 19.96066 nan 0 0.0 0.011167112217745283 6.365308471274115 0.0
-0.006074617 -0.01957984 0.5041491 0.6078349 2.133494 1.766119 0.0244964 20.04306 2.298435 0 0.0 0.020500514777007164 0.7897022101329209 0.0
0.02222023 0.0034452 -1.960734 -5.310962 1.150009 0.8697906 -0.2706623 19.41366 2.320711 0 0.0 0.022485729347586216 5.661342171623263 0.0
0.01375409 0.02852587 5.941088 -4.220198 3.98887 2.918555 -0.277555 20.70334 2.391333 0 0.0 0.03166860039510745 7.287427377541953 0.0
0.01360892 0.03025778 -6.553825 -3.557346 2.307749 1.896236 -0.2879685 20.42099 2.389709 0 0.0 0.033177340973845386 7.457032432163682 0.0
