jas1101finalproject/data/gcs/FSR_1716.ecsv
# %ECSV 0.9
# ---
# datatype:
# - {name: x, unit: deg, datatype: float64}
# - {name: y, unit: deg, datatype: float64}
# - {name: pmx, unit: mas / yr, datatype: float64}
# - {name: pmy, unit: mas / yr, datatype: float64}
# - {name: pmx_e, unit: mas / yr, datatype: float64}
# - {name: pmy_e, unit: mas / yr, datatype: float64}
# - {name: pm_corr, datatype: float64}
# - {name: g_mag, unit: mag, datatype: float64}
# - {name: bp_rp, unit: mag, datatype: float64}
# - {name: filter, datatype: int64}
# - {name: memberprob, datatype: float64}
# - {name: r, unit: deg, datatype: float64}
# - {name: pm, unit: mas / yr, datatype: float64}
# - {name: member_prob_GMM, datatype: float64}
# - {name: member_prob_DB, datatype: float64}
# meta: !!omap
# - comments: [deg deg mas/yr mas/yr mas/yr mas/yr dimless mag   mag   zeroone float]
# - __serialized_columns__:
#     bp_rp:
#       __class__: astropy.units.quantity.Quantity
#       unit: &id001 !astropy.units.Unit {unit: mag}
#       value: !astropy.table.SerializedColumn {name: bp_rp}
#     g_mag:
#       __class__: astropy.units.quantity.Quantity
#       unit: *id001
#       value: !astropy.table.SerializedColumn {name: g_mag}
#     pm:
#       __class__: astropy.units.quantity.Quantity
#       unit: !astropy.units.Unit {unit: mas / yr}
#       value: !astropy.table.SerializedColumn {name: pm}
#     pmx:
#       __class__: astropy.units.quantity.Quantity
#       unit: !astropy.units.Unit {unit: mas / yr}
#       value: !astropy.table.SerializedColumn {name: pmx}
#     pmx_e:
#       __class__: astropy.units.quantity.Quantity
#       unit: !astropy.units.Unit {unit: mas / yr}
#       value: !astropy.table.SerializedColumn {name: pmx_e}
#     pmy:
#       __class__: astropy.units.quantity.Quantity
#       unit: !astropy.units.Unit {unit: mas / yr}
#       value: !astropy.table.SerializedColumn {name: pmy}
#     pmy_e:
#       __class__: astropy.units.quantity.Quantity
#       unit: !astropy.units.Unit {unit: mas / yr}
#       value: !astropy.table.SerializedColumn {name: pmy_e}
#     r:
#       __class__: astropy.units.quantity.Quantity
#       unit: &id002 !astropy.units.Unit {unit: deg}
#       value: !astropy.table.SerializedColumn {name: r}
#     x:
#       __class__: astropy.units.quantity.Quantity
#       unit: *id002
#       value: !astropy.table.SerializedColumn {name: x}
#     y:
#       __class__: astropy.units.quantity.Quantity
#       unit: *id002
#       value: !astropy.table.SerializedColumn {name: y}
# schema: astropy-2.0
x y pmx pmy pmx_e pmy_e pm_corr g_mag bp_rp filter memberprob r pm member_prob_GMM member_prob_DB
[from data line 1461]
-0.00729346 0.01511536 2.170834 -4.024441 0.5181904 0.4574075 -0.2414359 18.09599 1.741257 0 0.0 0.016782987418847695 4.5725972508014525 0.0 0.0
-0.04746999 -0.03339946 -3.162771 -7.481679 1.885365 1.966786 0.000669849 19.98806 nan 0 0.0 0.058042431710703675 8.122723746224661 0.0 0.0
0.0203649 -0.05723085 -0.5407212 -1.196379 1.171674 0.5913192 -0.07793461 19.47658 nan 0 0.0 0.06074618789465311 1.312898369170455 0.0 0.0
-0.05467892 -0.01568894 1.888047 -5.537528 2.540003 1.473414 0.2438382 20.06453 nan 0 0.0 0.05688521012257931 5.85055021557742 0.0 0.0
-0.04543837 -0.03615523 0.3586775 -1.727809 1.238439 0.7673899 -0.238964 20.04831 1.730343 0 0.0 0.058067599611227254 1.7646454288290467 0.0 0.0
-0.001147766 0.06621765 -4.221527 -3.989511 0.3219424 0.3055411 -0.3327604 18.50216 2.112711 0 0.0 0.06622759650110562 5.808398077856751 0.0 0.0
0.04884494 -0.01402999 -14.94688 -23.32279 2.259624 1.304592 -0.2266718 20.07106 2.062918 0 0.0 0.05081996441364063 27.70129518846547 0.0 0.0
0.03961065 -0.0495847 -3.806555 -4.544668 0.9715547 0.6434336 -0.02518615 19.69024 nan 0 0.0 0.06346373820940979 5.928226395664137 0.0 0.0
-0.01797991 0.05504058 -1.272891 -2.208059 2.37454 1.064976 -0.3002067 20.37095 2.041836 0 0.0 0.057902872211527644 2.5486812365146805 0.0 0.0
0.02199628 -0.05650307 -3.61523 -3.008306 1.077608 0.6629128 -0.2374772 19.82766 nan 0 0.0 0.0606335983862355 4.703168394022906 0.0 0.0
0.01250959 -0.04953735 -4.593642 -5.13799 3.235052 1.736045 -0.2445378 20.54133 1.609598 0 0.0 0.051092454305803316 6.892059783857364 0.0 0.0
0.04020324 -0.04252807 -3.821763 -4.211503 3.588488 2.083056 0.5720789 20.30697 1.817562 0 0.0 0.058522963394060115 5.6870581100581346 0.0 0.0
0.05201253 -0.01284742 -3.664418 -5.63432 2.166474 1.085811 -0.008000243 20.30623 2.332325 0 0.0 0.053575735904020025 6.721124990738083 0.0 0.0
0.04588795 0.02055741 -5.643759 -4.302834 0.6660059 0.4337515 -0.2308863 19.36822 1.621069 0 0.0 0.05028231360141058 7.096928637208987 0.0 0.0
-0.007402891 -0.02976838 -8.622212 -9.414804 4.331156 1.781097 -0.1994061 20.84955 2.151878 0 0.0 0.030675058972759628 12.766404119068142 0.0 0.0
0.01887549 -0.04295938 1.540841 -0.3520126 3.315744 1.585253 -0.3435453 20.65739 1.247395 0 0.0 0.04692326131807656 1.5805391035465588 0.0 0.0
-0.0288753 0.001006954 -7.827573 -5.423614 1.13621 0.7648405 -0.1933266 19.92924 2.161928 0 0.0 0.02889285216879974 9.522945336991334 0.0 0.0
0.04570181 -0.01776486 -5.498673 -2.923153 1.16976 0.7230587 -0.3764242 19.93153 1.947342 0 0.0 0.04903310808112923 6.22737731491661 0.0 0.0
-0.05129642 -0.02308519 -7.238518 -6.869593 0.8063214 0.5759982 -0.4674658 17.68244 1.428265 0 0.0 0.056251655105894444 9.979351222498034 0.0 0.0
-0.00219039 -0.04357699 3.348933 -3.803661 3.859777 1.700547 -0.2954239 20.5419 nan 0 0.0 0.04363200506293746 5.067858447254619 0.0 0.0
-0.05168147 0.03338715 -5.269981 -3.598486 0.5446269 0.4236564 -0.3958844 19.09966 2.002375 0 0.0 0.06152784838171574 6.381363587240347 0.0 0.0
-0.05592995 0.01613927 -8.319914 -2.55484 3.51557 1.683724 0.04638992 20.47894 1.765671 0 0.0 0.058211986249701184 8.703342828649003 0.0 0.0
-0.02964396 0.05460674 -4.678488 -1.946291 3.056366 1.354193 -0.1674014 20.61837 2.119146 0 0.0 0.0621342129418986 5.067178566305414 0.0 0.0
-0.03559209 -0.03768305 -1.596051 -6.337444 1.146725 0.7184045 -0.2594886 19.97186 2.675837 0 0.0 0.05183443959251996 6.535332833738233 0.0 0.0
-0.05366658 0.03213726 -4.990581 -8.645519 0.8504578 0.6006324 -0.2804017 19.67283 2.253572 0 0.0 0.06255321965497859 9.982529614126973 0.0 0.0
-0.05412608 -0.02471762 -3.317858 -6.282197 0.9051315 0.5743851 -0.3317028 19.55341 2.016132 0 0.0 0.0595028845908398 7.104518340814738 0.0 0.0
0.02078899 0.01677788 -1.925515 -4.958685 0.1628165 0.1235108 -0.2126477 17.3789 nan 0 0.0 0.026714777979884093 5.319413966260757 0.0 0.0
-0.009045974 -0.02046847 -4.499861 -5.389337 0.6330981 0.4131913 -0.2626662 19.25075 1.850464 0 0.0 0.022378291037288257 7.02094739468186 0.0 0.0
0.05592628 -0.03404311 -4.29887 -5.040351 0.9957861 0.595113 -0.2398588 19.8325 2.125704 0 0.0 0.06547275871009638 6.624607269876532 0.0 0.0
-0.03097855 -0.03463527 -5.7349 -1.837897 1.719738 0.9393232 -0.1201233 20.15213 nan 0 0.0 0.04646797271320754 6.022204197186359 0.0 0.0
-0.05092071 -0.02799807 -1.538174 -3.919472 0.09665843 0.07491944 -0.3836168 15.72883 1.300322 0 0.0 0.05811033153088184 4.210491659302984 0.0 0.0
0.05249721 -0.03642668 -7.358124 -6.287545 0.8874949 0.5595774 -0.2166866 19.63836 2.059334 0 0.0 0.06389726186313854 9.678595503811543 0.0 0.0
-0.00276716 -0.04545004 -1.031109 -10.12442 1.473301 0.9911736 -0.1082931 20.18248 1.489927 0 0.0 0.045534199350237836 10.176790560205168 0.0 0.0
-0.04813233 -0.02977243 -1.243383 2.051808 0.3974032 0.3035562 -0.298707 17.82349 1.770876 0 0.0 0.05659610215671924 2.399149297887274 0.0 0.0
0.01002422 -0.002856237 -7.025716 1.153638 1.374304 0.9174544 -0.3565394 19.3125 2.550129 0 0.0 0.010423198952748097 7.119800976691694 0.0 0.0
-0.002792591 0.06613747 -5.211859 -3.901686 1.71855 1.592869 -0.4324649 20.24229 1.65126 0 0.0 0.06619640097840805 6.5105013538495635 0.0 0.0
-0.02371591 -0.05915904 2.411122 -7.27966 2.062516 0.9374814 -0.2820683 20.06665 1.696133 0 0.0 0.06373567604450196 7.668569554648637 0.0 0.0
-0.009342195 0.01379126 -1.240558 0.7646653 0.2289089 0.1796646 -0.2693077 17.96314 1.749426 0 0.0 0.0166575946584621 1.457291039013172 0.0 0.0
-0.02148247 0.03133823 -8.517161 -11.59145 0.7538349 0.5199315 -0.1912618 19.48803 1.736273 0 0.0 0.037994488769212305 14.38414907467317 0.0 0.0
-0.05396336 -0.03203782 -6.6485 -9.552587 0.4127173 0.370129 -0.2639884 16.44439 2.747831 0 0.0 0.06275719984863888 11.638490909158671 0.0 0.0
-0.05989074 -0.02321483 -5.000617 -4.483313 0.8742089 0.5297961 -0.2642923 19.55642 2.259977 0 0.0 0.06423261686772928 6.716119849783653 0.0 0.0
-0.05226382 -0.01388533 -7.292298 -4.531719 1.011591 0.6426048 -0.345529 19.81278 2.451153 0 0.0 0.054076882955670626 8.585690840914609 0.0 0.0
0.03626037 0.02636135 -5.610555 -5.61421 0.6576721 0.4055811 -0.3373595 19.20716 3.081343 0 0.0 0.04483007033632002 7.937107869502908 0.0 0.0
0.03998507 -0.04444665 -1.304333 -7.552071 0.3598753 0.2914468 -0.1460435 18.0434 2.783361 0 0.0 0.05978553770877535 7.663880281158494 0.0 0.0
0.00367604 -0.06242932 -5.787855 -5.061836 0.253397 0.1937185 -0.2441673 17.94398 3.194429 1 0.0 0.06253745490299394 7.689047352690774 0.0 0.0
-0.03647729 -0.04608378 -5.956958 -1.768303 4.339425 2.250277 -0.2123682 20.56631 1.582764 0 0.0 0.058773356759951184 6.2138751285790255 0.0 0.0
0.01265941 -0.0607793 -4.129676 -5.947429 0.4435999 0.3598032 -0.2222853 18.92922 1.564735 0 0.0 0.062083685216311864 7.240589449417568 0.0 0.0
0.02098127 0.004143504 -7.390751 -5.247893 1.013183 0.8146403 0.001455482 19.52839 nan 0 0.0 0.02138649845605671 9.064412903406927 0.0 0.0
-0.04079244 0.01657249 -0.460862 -8.046655 1.254358 0.7002763 -0.4703178 19.8438 1.75943 0 0.0 0.04403033710924435 8.05984183914728 0.0 0.0
0.02845982 -0.02619919 -5.968162 -2.654081 2.584968 1.197344 0.06339216 20.44549 2.074829 0 0.0 0.03868279864601965 6.5316999022310425 0.0 0.0
-0.003154805 -0.04461846 -15.68227 -5.986626 4.588103 3.283165 -0.209038 20.93556 nan 0 0.0 0.04472985320073859 16.786103872452834 0.0 0.0
0.002291066 -0.01569156 -4.852702 -4.375138 3.503066 1.43208 -0.06552908 20.65929 nan 0 0.0 0.01585793298793875 6.533800518828838 0.0 0.0
-0.03172661 -0.03496771 -6.06958 -3.27664 0.7769722 0.5023205 -0.2767893 19.48252 nan 0 0.0 0.04721565974055853 6.897548192365169 0.0 0.0
-0.036194 0.04368013 -5.64239 -5.549972 0.6327115 0.420421 -0.3605443 19.21788 2.681417 0 0.0 0.05672706049864473 7.914464865856946 0.0 0.0
-0.01739929 0.04930352 -1.494332 -0.1245729 0.2038772 0.1558467 -0.2615081 17.84324 1.777872 1 0.0 0.05228357655033271 1.499515432944393 0.0 0.0
0.0453892 -0.03993555 -3.64366 -4.220433 0.5917915 0.401403 -0.3436412 19.02334 2.784424 0 0.0 0.06045682451504131 5.5756894554027125 0.0 0.0
-0.03130099 0.04732709 -3.706856 -5.759658 0.4121518 0.3800927 -0.3720267 18.94155 2.23888 0 0.0 0.05674156697561498 6.849411776327949 0.0 0.0
-0.01651675 0.05640303 -1.631737 -3.764606 0.3578213 0.3300856 -0.3186095 18.82075 1.373091 0 0.0 0.05877163281501884 4.103026196894799 0.0 0.0
0.02871811 -0.04407504 1.890353 -1.878207 3.210366 1.363606 0.0575926 20.42491 1.399069 0 0.0 0.052605503447583316 2.664788171592256 0.0 0.0
-0.03097559 0.04705649 -9.988252 -7.756537 0.8799974 0.5645486 -0.07758099 19.55476 nan 0 0.0 0.05633649285292971 12.64630555727138 0.0 0.0
0.04736076 -0.01033184 -10.49675 -15.71954 3.436618 1.515408 0.1989753 20.38091 2.420443 0 0.0 0.0484746171265251 18.90200249640498 0.0 0.0
-0.0446866 -0.01400628 -1.418459 0.2432829 3.278231 1.503247 -0.5037917 20.4945 1.881027 0 0.0 0.046830204985654295 1.4391707696147145 0.0 0.0
-0.03425942 0.03064693 -3.10439 -0.9424193 0.4017115 0.3547164 -0.2870364 18.86234 1.921711 0 0.0 0.04596675077881077 3.2442859629065515 0.0 0.0
0.03824433 -0.006050093 -4.780928 0.1347045 0.7507408 0.469257 -0.2554303 19.52307 2.259701 0 0.0 0.038719922552318584 4.782825299287468 0.0 0.0
-0.0496091 -0.008568234 -5.608535 -9.078186 0.1118648 0.08694023 -0.3474405 16.80692 1.402382 1 0.0 0.0503435937998943 10.67094775063682 0.0 0.0
0.0287795 0.03244395 -6.822153 -9.655615 3.223482 1.684645 -0.2623372 20.50745 nan 0 0.0 0.043368992515995804 11.822549326758336 0.0 0.0
-0.05212307 0.01081884 -1.320162 0.1869873 0.1365595 0.1091736 -0.4109643 16.93581 2.042642 1 0.0 0.053234027887907376 1.3333386503830489 0.0 0.0
0.001516456 0.01493668 -4.595154 -8.706783 0.3363314 0.2852001 -0.1954329 18.46283 2.944567 0 0.0 0.015013462233020605 9.844973869584672 1.0 0.0
-0.03872626 0.02743108 -6.205245 -3.150883 1.361928 0.9255171 -0.6444876 19.85598 nan 0 0.0 0.047457216137843566 6.95939143817288 0.0 0.0
-0.04994199 -0.009323939 -6.830033 -4.692692 0.381075 0.3376237 -0.2926897 18.66339 nan 0 0.0 0.050804903342451316 8.286779168528204 0.0 0.0
-0.005573896 0.04915798 -6.300394 -4.919787 1.494615 0.8811209 -0.2425763 20.10142 nan 0 0.0 0.04947297559576557 7.993701813340613 0.0 0.0
-0.0514353 -0.005415673 0.1166188 -2.495286 0.2849221 0.275505 -0.3931929 18.33601 1.824799 0 0.0 0.0517196249032505 2.4980096409560635 0.0 0.0
-0.03743675 0.02930526 -7.905642 -4.619784 3.006646 1.235401 -0.2435548 20.5255 1.740559 0 0.0 0.047542702008090576 9.156504771954198 0.0 0.0
-0.05283152 -0.007172168 -5.876088 -3.816031 0.1654243 0.1201776 -0.2785036 17.42323 2.314104 1 0.0 0.05331612794765411 7.006461501835645 0.0 0.0
-0.06392647 -0.01431726 -5.485496 -8.64828 1.892132 1.193571 -0.1472993 20.26294 2.008833 0 0.0 0.06551013280835645 10.241260338670042 0.0 0.0
-0.05785287 -0.009921553 -4.640282 -8.526935 0.1278658 0.1094414 -0.4026485 15.91446 3.399343 1 0.9848957 0.058697459750560836 9.707772016984586 0.0 0.0
-0.04648577 -0.01843329 -6.505455 -4.141721 0.6866958 0.4068453 -0.30203 19.26085 2.706833 0 0.0 0.05000712941888386 7.711990508219393 0.0 0.0
-0.0488489 0.04375889 -3.406403 -4.158793 0.6430143 0.4343959 -0.2381576 19.22235 2.930769 0 0.0 0.0655824327487331 5.375792091892877 0.0 0.0
-0.04765382 -0.03824433 -7.052991 -3.817544 0.9148109 0.5686771 -0.3126791 19.72275 2.560427 0 0.0 0.061102498621098136 8.019870587360932 0.0 0.0
-0.04684983 -0.02356446 -4.477909 -4.938302 0.4855719 0.3767504 -0.3167104 19.02492 3.314058 1 0.0 0.052442257256152695 6.666220492564359 0.0 0.0
-0.01093914 0.04580381 1.69664 -0.3734649 0.3815133 0.3455689 -0.3183317 18.87728 1.623878 0 0.0 0.047091971656065754 1.7372574136068637 0.0 0.0
-0.05862203 -0.008228892 -2.579252 -2.97929 0.2000751 0.1612293 -0.2755652 17.46846 1.516808 1 0.0 0.05919676566222654 3.9406483963434242 0.0 0.0
-0.04631846 -0.006569389 -5.390505 -7.103701 0.7070177 0.4736527 -0.2821615 19.34573 2.760014 0 0.0 0.046782011592116486 8.91740500663876 0.0 0.0
-0.03545702 -0.005456369 -3.131574 -3.571817 0.4840877 0.3889692 -0.118412 18.78333 2.278757 0 0.0 0.0358743951857667 4.750224457745655 0.0 0.0
0.02226407 -0.06128684 -5.887595 -4.994585 0.7685558 0.5002111 -0.3035126 19.42301 1.805075 0 0.0 0.0652055639508662 7.7207288649615196 0.0 0.0
0.006785786 0.05754632 -6.669794 -6.533668 1.224078 0.759371 -0.177965 19.97545 1.723949 0 0.0 0.05794502426593845 9.3367536936914 0.0 0.0
-0.04978575 -0.004143391 -3.343405 -8.437501 0.2003433 0.1485154 -0.2635656 17.68283 1.688587 1 3.021675e-06 0.0499578681695024 9.075779862856194 0.0 0.0
-0.05613768 -0.02428157 -3.480609 -0.6073715 3.488639 1.508376 -0.5990763 20.48971 1.594788 0 0.0 0.061163990692623224 3.533205223291346 0.0 0.0
0.004084833 -0.02803606 -4.274233 -1.701399 0.7002432 0.4549209 -0.1321382 19.16246 2.438309 0 0.0 0.028332075832199252 4.60041588288385 0.0 0.0
0.03539908 -0.05273569 -4.077251 -6.701586 1.217732 0.6964642 -0.1018559 19.92503 1.505629 0 0.0 0.06351494205793233 7.844439472160965 0.0 0.0
-0.05136758 -0.001772552 -1.872586 -3.19125 0.06502147 0.05136401 -0.4294662 15.37073 2.118961 1 0.0 0.051398153815571085 3.7000884975762407 0.0 0.0
0.05724751 -0.01061118 -3.870827 -5.813757 3.063139 1.631388 0.03821758 20.50635 2.049686 0 0.0 0.058222629124701164 6.98448796397975 0.0 0.0
-0.05198093 -0.001941153 -7.956219 -2.006098 1.065121 0.6530552 -0.2159621 19.50933 nan 0 0.0 0.05201716215475725 8.205233083926684 0.0 0.0
-0.04790837 0.02690282 -5.248335 -3.082094 0.3013331 0.283085 -0.3480516 18.16119 3.609457 1 0.0 0.05494518759645197 6.086404825269266 0.0 0.0
-0.0507779 -0.02678482 -5.267772 -4.587807 0.9735942 0.6233562 -0.3518401 19.57347 2.483795 0 0.0 0.05740924760735329 6.985513217597759 0.0 0.0
-0.05426169 -0.003515693 -10.79127 -3.29293 0.7416268 0.4788124 -0.212338 18.91712 nan 0 0.0 0.05437546412607758 11.28250398616371 0.0 0.0
0.01317275 0.02470027 0.5285536 0.1834656 0.6946437 0.4420472 -0.2526221 19.41685 2.046516 0 0.0 0.027993297066179968 0.5594895302472781 0.0 0.0
0.03436869 0.03176073 -5.835604 -4.020373 1.284483 0.7090917 -0.248278 19.9831 2.315664 0 0.0 0.046796910394266415 7.0864429091008 0.0 0.0
-0.05868738 -0.000199038 -6.315534 -5.770948 0.9682809 0.7085397 -0.327628 19.82501 nan 0 0.0 0.05868771751729525 8.555104354936882 0.0 0.0
-0.06009647 -0.005488206 -6.8678 -4.97886 0.16536 0.1247526 -0.2997764 17.40056 1.853533 1 0.0 0.060346550121438886 8.482671969350223 0.0 0.0
-0.03288552 -0.05173038 -11.9231 -9.558069 1.91793 0.9207824 -0.2341375 19.97863 1.78021 0 0.0 0.06129836572548081 15.281262926170761 0.0 0.0
-0.04659009 0.04318162 -2.476959 -2.510318 0.4022909 0.3605738 -0.3230396 18.88772 1.846144 0 0.0 0.06352392298994529 3.5266162746753436 0.0 0.0
-0.03273222 -0.05185233 -2.734768 -2.530483 1.906239 1.029967 0.2374457 19.94201 2.223206 0 0.0 0.061319347293960165 3.7258958959038293 0.0 0.0
-0.0006223787 -0.01551221 -5.695949 -4.949943 0.2587094 0.2173313 -0.247338 18.11482 3.249929 1 0.0 0.01552469047454131 7.546242158442174 0.0 0.0
0.0328892 -0.01252292 -4.934667 -5.199779 1.571829 1.00196 -0.2361671 20.11984 2.068453 0 0.0 0.035192655511717214 7.16858703300239 0.0 0.0
-0.03955013 -0.03730513 -2.889347 -3.365117 1.240127 0.7731932 -0.3906443 19.97577 2.302374 0 0.0 0.05436805594587506 4.4353510019048095 0.0 0.0
0.0005594016 -0.003293735 -5.084841 -2.389603 0.4022314 0.2976955 -0.2512174 18.44751 1.816771 0 0.0 0.0033409011359672946 5.618345885835972 0.0 0.0
0.01751656 0.02720875 -4.182507 -8.860318 0.2037507 0.1603209 -0.2498265 17.21292 3.279436 1 0.987881 0.03235963458996563 9.797887520592027 0.0 0.0
-0.05587843 -0.002236073 -4.489977 -4.386032 0.3199559 0.3091496 -0.3921767 18.52142 1.653915 0 0.0 0.05592315228710046 6.276716511485364 0.0 0.0
0.01632694 -0.01351266 3.634283 -6.084118 3.630583 1.48468 -0.2479119 20.69477 2.444077 0 0.0 0.021193417611116903 7.086924915787735 0.0 0.0
-0.01897539 -0.06123563 -4.091208 -4.357176 0.2681767 0.1908147 -0.2517156 17.78717 3.077805 0 0.0 0.06410825069481307 5.976869213412654 0.0 0.0
