jas1101finalproject/data/gcs/IC_1276_Pal_7.ecsv
# %ECSV 0.9
# ---
# datatype:
# - {name: x, unit: deg, datatype: float64}
# - {name: y, unit: deg, datatype: float64}
# - {name: pmx, unit: mas / yr, datatype: float64}
# - {name: pmy, unit: mas / yr, datatype: float64}
# - {name: pmx_e, unit: mas / yr, datatype: float64}
# - {name: pmy_e, unit: mas / yr, datatype: float64}
# - {name: pm_corr, datatype: float64}
# - {name: g_mag, unit: mag, datatype: float64}
# - {name: bp_rp, unit: mag, datatype: float64}
# - {name: filter, datatype: int64}
# - {name: memberprob, datatype: float64}
# - {name: r, unit: deg, datatype: float64}
# - {name: pm, unit: mas / yr, datatype: float64}
# - {name: member_prob_GMM, datatype: float64}
# meta: !!omap
# - comments: [deg deg mas/yr mas/yr mas/yr mas/yr dimless mag   mag   zeroone float]
# - __serialized_columns__:
#     bp_rp:
#       __class__: astropy.units.quantity.Quantity
#       unit: &id001 !astropy.units.Unit {unit: mag}
#       value: !astropy.table.SerializedColumn {name: bp_rp}
#     g_mag:
#       __class__: astropy.units.quantity.Quantity
#       unit: *id001
#       value: !astropy.table.SerializedColumn {name: g_mag}
#     pm:
#       __class__: astropy.units.quantity.Quantity
#       unit: !astropy.units.Unit {unit: mas / yr}
#       value: !astropy.table.SerializedColumn {name: pm}
#     pmx:
#       __class__: astropy.units.quantity.Quantity
#       unit: !astropy.units.Unit {unit: mas / yr}
#       value: !astropy.table.SerializedColumn {name: pmx}
#     pmx_e:
#       __class__: astropy.units.quantity.Quantity
#       unit: !astropy.units.Unit {unit: mas / yr}
#       value: !astropy.table.SerializedColumn {name: pmx_e}
#     pmy:
#       __class__: astropy.units.quantity.Quantity
#       unit: !astropy.units.Unit {unit: mas / yr}
#       value: !astropy.table.SerializedColumn {name: pmy}
#     pmy_e:
#       __class__: astropy.units.quantity.Quantity
#       unit: !astropy.units.Unit {unit: mas / yr}
#       value: !astropy.table.SerializedColumn {name: pmy_e}
#     r:
#       __class__: astropy.units.quantity.Quantity
#       unit: &id002 !astropy.units.Unit {unit: deg}
#       value: !astropy.table.SerializedColumn {name: r}
#     x:
#       __class__: astropy.units.quantity.Quantity
#       unit: *id002
#       value: !astropy.table.SerializedColumn {name: x}
#     y:
#       __class__: astropy.units.quantity.Quantity
#       unit: *id002
#       value: !astropy.table.SerializedColumn {name: y}
# schema: astropy-2.0
x y pmx pmy pmx_e pmy_e pm_corr g_mag bp_rp filter memberprob r pm member_prob_GMM
[from data line 6261]
0.02302975 -0.02294324 -1.571897 -2.333292 1.901202 1.773399 0.3488181 19.69079 2.726351 0 0.0 0.032507870535611834 2.8133808373330833 0.0
-0.0002213737 -0.01554787 0.3907938 -5.959406 2.250983 2.220536 -0.08352719 20.49637 nan 0 0.0 0.015549445901766136 5.972205594832988 0.0
-0.0118183 0.04026052 -1.498756 -4.381312 0.3853674 0.3622855 -0.06474791 17.78673 2.547436 1 0.7611385 0.04195928604683831 4.630568473619627 0.0
0.01355553 0.03815047 -4.363185 -5.566033 1.361748 1.338336 0.2707383 19.79283 nan 0 0.0 0.040487167779455754 7.072348033101453 0.0
-0.006670068 -0.01311271 -2.331869 -4.351374 0.2644155 0.2585608 0.2863188 17.16766 2.468761 1 0.9922035 0.014711661043836076 4.936807543447182 0.0
-0.06616726 0.02626639 -3.280212 -6.583688 1.39184 1.342194 0.215386 19.83524 1.896669 0 0.0 0.07119009439198477 7.355592324638989 0.0
0.0120708 -0.002036849 -2.415645 -4.721728 2.001727 2.043563 0.07622402 20.26805 nan 0 0.0 0.012241444624259058 5.30377752851767 0.0
-0.01009203 0.0241592 -9.620303 -6.834873 3.15832 3.066996 0.1366038 20.39684 2.107735 0 0.0 0.0261823607446101 11.801089726713291 0.0
-0.008820211 0.01661471 1.901742 -3.741723 0.3801772 0.2922885 -0.04077332 18.24106 2.034853 0 0.0 0.01881076049681727 4.1972745494300225 0.0
0.005591673 -0.001665743 1.293779 -2.272794 0.4844928 0.3736181 -0.07381827 18.58428 2.402489 0 0.0 0.005834509977794022 2.6152354898320342 0.0
0.06920897 0.04276593 -3.817112 -5.58624 1.599615 1.580005 0.07746403 20.18527 2.714598 1 0.5619227 0.08135604646998155 6.765827470320537 0.0
0.05624888 0.03816625 -3.045444 -2.678015 2.610322 2.62851 0.2253976 20.34527 1.699585 0 0.0 0.06797498907919662 4.055427658997384 0.0
-0.006639759 -0.01539628 1.016785 -3.561019 1.258591 1.072621 0.1585156 18.95634 2.483328 0 0.0 0.016766986533556977 3.703337421108965 0.0
0.03668489 -0.008624248 -3.586282 -0.4177295 2.439887 2.297572 0.08700365 20.60126 2.820324 0 0.0 0.037684994465670335 3.610528565001841 0.0
-0.01354521 0.0740868 3.86549 -2.459593 2.87563 2.781023 0.1437955 20.70677 1.240068 0 0.0 0.07531485011725177 4.58166025210829 0.0
-0.1266592 0.01275903 -2.064044 -2.117057 1.835611 1.80805 0.4707678 20.05643 1.454479 0 0.0 0.12730021913249362 2.956722505610731 0.0
-0.103579 -0.02637962 0.4419087 6.944501 0.4397072 0.3894999 0.2184913 18.06437 2.716276 1 0.0 0.10688542273081209 6.95854707810019 0.0
-0.01142596 0.09190672 -4.31446 -10.45294 3.122139 2.85456 0.4114507 20.57611 0.7588024 0 0.0 0.092614241578064 11.308338504625691 0.0
-0.07807824 -0.08129992 -1.063185 -4.791583 0.2039381 0.2029047 0.2827164 17.04541 1.929501 1 0.0 0.11272039989950354 4.908118783211547 0.0
0.007649718 -0.04562729 -3.139859 -4.130459 0.7118418 0.5962509 0.1603714 18.89874 2.155672 0 0.0 0.04626410896390013 5.188391474297405 0.0
0.01004209 -0.01094507 -0.8716315 -1.780969 1.729402 1.709655 0.1931092 20.21958 1.695847 0 0.0 0.014853892717836627 1.9828242611873728 0.0
-0.03757736 -0.06164145 -2.003865 -0.5030926 0.6978672 0.5508442 -0.1538259 19.04698 1.723251 0 0.0 0.07219228727968176 2.066053509084351 1.0
-0.03431567 0.04010249 -4.564687 -7.932933 0.7447563 0.5922611 0.02248906 18.98616 2.503288 0 0.0 0.05278044061723054 9.152474714002656 0.0
0.0004144057 -0.01976502 -3.357102 -4.139346 1.46845 1.452774 0.03825132 20.10101 1.718767 0 0.0 0.019769363866462487 5.329570259047158 0.0
-0.005005148 0.008193348 -3.652556 -4.40791 2.445429 2.460186 0.1138669 20.22446 nan 0 0.0 0.009601169613698531 5.724581722819231 0.0
-0.06709194 -0.06759149 -1.704314 -3.449959 0.1490423 0.1209064 0.04570136 14.37496 3.44655 1 0.0 0.09523622175088478 3.8479739230245573 0.0
0.08480555 0.05766635 -4.470262 -3.696431 0.6531702 0.5236447 -0.08300693 18.95245 2.383759 0 0.0 0.10255432332732248 5.800590011921632 0.0
0.1057264 0.04549545 -1.799472 -2.306691 0.8690522 0.8329085 0.1811783 19.28051 2.398533 1 0.1254024 0.11509955528872602 2.925563680432371 0.0
0.002776226 0.03941857 2.779991 -3.535511 0.4712368 0.351538 -0.1071406 18.38266 2.263008 1 0.0 0.039516213022606 4.4975757904900275 0.0
0.02935736 -0.02043354 -2.860468 -4.732676 0.1174639 0.09864222 0.05984732 15.33669 2.812776 1 0.956627 0.035768479742661695 5.529963770224901 0.0
-0.03908634 -0.1146553 -3.019933 -8.797941 0.63085 0.5041775 0.3169675 18.66184 2.327694 1 0.0 0.12113455243111108 9.301814939245459 0.0
0.01848969 0.005816442 -6.560014 -3.2892 1.943158 1.909867 -0.2249022 20.01179 nan 0 0.0 0.019382972781167084 7.338434459760201 0.0
-0.05172702 0.04780366 -5.141175 -0.9476216 2.01253 1.893456 0.285422 19.959 2.042459 0 0.0 0.07043347575887476 5.227778407451061 0.0
0.01788311 -0.02057456 -1.42917 0.1224749 1.984088 1.872558 -0.2040352 19.79339 1.824017 0 0.0 0.02726019336809077 1.4344082368802857 0.0
0.03450302 -0.03488683 -2.32385 -1.931571 2.13987 2.12559 0.4215499 20.20467 nan 0 0.0 0.04906678404551597 3.021795054357757 0.0
0.07614548 0.05813232 -9.104303 -3.541241 2.045118 2.251697 0.269013 20.58584 2.095261 0 0.0 0.09579927323843745 9.768762507907027 0.0
0.0281787 0.01276871 -2.4977 -4.709633 0.9542016 0.9039301 0.1802977 19.1194 2.030142 0 0.0 0.030936694858276312 5.330961290863872 0.0
0.06727598 0.07589542 0.196058 -7.022895 1.234176 1.196369 0.1929141 19.74229 2.167345 1 0.01986526 0.10142076839551553 7.025631140359491 0.0
0.03399306 0.0276833 0.4652426 -9.796571 2.517797 2.389904 0.06402234 20.50862 0.9040222 0 0.0 0.04383940267674276 9.807612045492816 0.0
0.006318289 -0.002762955 -2.247759 -6.362206 1.349427 1.291661 0.173161 19.81 2.509764 0 0.0 0.006895991315216834 6.747598514176506 0.0
-0.0271956 -0.03448007 -0.3318665 -4.89252 1.642903 1.586961 0.1868156 19.40653 2.273939 0 0.0 0.043914415475614615 4.903762568092204 0.0
0.03299752 0.07812986 0.7770315 -0.313924 2.268416 2.214005 0.1926039 20.24158 1.143602 0 0.0 0.08481221226786859 0.8380490616713617 0.0
-0.01336241 0.03610293 -3.275267 -0.8285735 2.904093 2.796981 -0.04631974 20.6643 1.952953 0 0.0 0.03849643562192479 3.3784475674769987 0.0
0.01143382 -0.04845454 -0.8598707 -5.07231 2.102395 2.039422 0.4977645 20.20435 2.098049 0 0.0 0.049785285842345026 5.144677478406056 0.0
-0.06388328 -0.06648 -3.280982 -2.044498 1.163986 1.097604 0.2246895 19.66856 nan 0 0.0 0.09219904480827554 3.8658524229887514 0.0
0.01597573 -0.02207557 -4.21909 -7.360055 2.217767 2.233916 0.4742965 20.27523 nan 0 0.0 0.027249857611697716 8.483580024442807 0.0
0.03096468 0.01958682 -3.263743 -5.123761 1.2934 1.25148 0.2177208 19.73968 2.06745 0 0.0 0.036639526814832096 6.074944045435315 0.0
-0.001795582 -0.04360163 2.208881 -1.325685 1.852391 1.794476 0.4867631 20.04937 1.853264 0 0.0 0.043638586748147835 2.5761591549021188 0.0
-0.0426936 -0.05923721 -4.20443 -7.155197 0.7678159 0.5894913 -0.4735318 18.62678 nan 0 0.0 0.07301911071455267 8.299040651407186 0.0
-0.003975644 -0.001650944 -2.64348 -4.640825 0.3973823 0.3027087 -0.05970684 18.20039 2.277992 0 0.0 0.004304806767541605 5.340902844185148 0.0
-0.06665534 0.05107139 -3.293161 -5.465152 0.5848483 0.4428301 -0.03979033 18.60939 2.450504 1 0.3712265 0.08397155010506653 6.380657940606517 0.0
-0.06971564 0.06442522 -6.480404 -5.443746 1.349066 1.255782 0.2472393 19.79959 2.033007 0 0.0 0.09492565213185528 8.463451217779422 0.0
0.006621076 -0.001121686 -2.477556 -4.025521 0.1244988 0.09963793 0.01908672 14.57603 2.966846 1 0.9893234 0.006715417103975895 4.7268491677413405 0.0
0.01570326 -0.02204743 -2.316959 -3.017181 1.576409 1.520647 0.3530427 19.78707 2.413853 0 0.0 0.027068090886364703 3.8041661628327965 0.0
0.01718514 -0.06378598 -4.977645 -3.451855 4.448338 4.254527 -0.1361231 20.75307 1.031898 0 0.0 0.06606042901298781 6.057413035863577 0.0
-0.07558614 0.04055764 -1.328264 -4.701246 0.9592197 0.9206218 0.2252474 19.27858 2.238991 0 0.0 0.0857798736445164 4.885283943253658 0.0
0.01706771 0.03319696 -2.414773 -1.807509 0.9774392 0.9600724 0.229959 19.41955 2.545013 0 0.0 0.03732753511666287 3.0163251526667345 0.0
-0.04874698 -0.06951271 -4.624225 -11.20356 1.494814 1.432533 -0.132864 19.84104 1.857876 0 0.0 0.08490161901085574 12.120363588780041 0.0
0.01806388 -0.04255151 -4.088416 -3.634393 3.464458 3.337082 0.3419934 20.76975 2.321121 0 0.0 0.0462269917249057 5.4702795054279445 0.0
0.01255457 -0.02538185 -3.388957 -7.422408 1.579546 1.535759 -0.07677344 19.93234 nan 0 0.0 0.028317053824637197 8.15948344359574 0.0
0.05563486 -0.03060646 0.1943469 -1.088552 0.88458 0.8320712 0.03188411 19.30651 1.133408 0 0.0 0.06349797666816794 1.1057649724257004 0.0
-0.0852149 0.0405874 2.516372 -5.308275 0.3953256 0.3495774 0.1667681 18.10973 2.268002 1 0.0 0.09438705536655967 5.87451372608908 0.0
-0.07681577 -0.02916141 0.1401965 -2.099791 0.5159534 0.4133781 0.09749285 18.65259 2.157661 1 0.0 0.08216477562727839 2.1044660373342334 0.0
0.03620276 0.0199679 2.50553 0.6000498 1.99818 1.909756 0.2939881 20.08004 1.651205 0 0.0 0.041344369169544724 2.576381249617385 0.0
0.05188372 -0.005477655 -3.593943 -4.442051 1.849282 1.781705 0.3853688 20.03339 nan 0 0.0 0.05217207208207687 5.713864136803569 0.0
-0.003521684 0.02211891 -1.983223 -1.807079 0.9539675 0.9007346 0.09585652 19.35601 2.288687 1 0.4290463 0.022397509633527473 2.6830408084801842 0.0
-0.04532159 -0.1157073 0.08378141 -7.175827 0.9340494 0.8762413 0.302452 19.33818 2.250443 0 0.0 0.12426675256647733 7.1763160785036915 0.0
-0.09666035 0.04032952 1.02357 -7.347499 0.4959968 0.398662 0.0245338 18.50036 2.16218 1 0.0 0.10473630433404123 7.418452473386953 0.0
-0.03810467 0.08946577 4.010553 -3.503862 3.40508 3.136676 0.3439104 20.74079 1.836462 1 0.1668642 0.09724242838134906 5.325559527491266 0.0
0.09776428 0.05198508 -3.504638 -9.899592 1.284417 1.346228 0.3495544 20.03492 1.826754 1 0.003322875 0.11072625247214321 10.501638409196348 0.0
-0.004762919 0.006980754 -2.870368 -4.607553 0.3773604 0.3742141 0.2859681 17.95084 2.546793 1 0.9875336 0.008450817937281396 5.4284949206233035 0.0
0.07756389 0.03011457 -0.08693041 -0.2950978 0.4158716 0.3934983 0.1765672 18.0482 1.993666 1 0.0 0.08320483374310052 0.30763551119402344 0.0
-0.03814996 -0.09186102 -4.535823 -1.343677 0.1207403 0.09883062 0.05929048 15.82122 2.432523 1 0.0 0.09946791665377334 4.730661493666398 0.0
-0.01608654 0.008851126 -4.562399 -8.251133 2.038599 1.998621 0.2355908 20.34438 nan 0 0.0 0.018360806099936792 9.428503615043587 0.0
0.009284916 -0.02442 -0.7353251 -6.206526 1.602184 1.569579 0.3857816 19.84158 2.416594 0 0.0 0.02612558257966808 6.249933438954851 0.0
0.05146748 0.06194668 -5.549713 -8.455459 2.118075 2.038749 0.2704336 20.29949 1.175386 0 0.0 0.08053752330791406 10.114054641094738 0.0
0.01606965 0.06542069 -10.58917 -3.276082 1.168513 1.14053 0.2220046 19.64882 1.910673 0 0.0 0.06736542385525827 11.084368929245544 0.0
-0.09658985 -0.006385249 0.0458748 -11.12975 0.3677499 0.3289488 0.199784 18.15374 1.931866 1 0.0 0.09680067421156995 11.12984454337863 0.0
-0.03785772 0.03282091 -2.319311 -3.869156 0.9201493 0.8640105 0.2067367 19.19669 2.107441 0 0.0 0.05010408263631318 4.511049951735959 0.0
0.00816511 -0.004442882 -4.124821 -3.912513 3.144766 2.999828 0.2796936 20.13195 nan 0 0.0 0.009295602281618121 5.6852358136853045 0.0
-0.04388163 0.0169951 0.8880977 -1.157097 1.712385 1.604735 0.2411218 19.98359 1.945538 0 0.0 0.047057739804063047 1.4586264059567446 0.0
-0.01659744 -0.09473409 -0.4440346 1.667176 0.7089834 0.5461794 0.001769396 18.62542 2.335665 0 0.0 0.09617703895775594 1.7252949142025429 0.0
0.08192276 0.02334176 -1.46476 -6.696485 0.2389687 0.223014 0.1351092 16.95427 2.634044 1 0.0 0.08518319297792963 6.854810953835634 0.0
0.01867408 0.07237764 -4.245038 -2.175316 0.4445402 0.441179 0.3628509 17.9493 2.181017 0 0.0 0.0747478697744357 4.769942066870414 0.0
-0.02153124 -0.09927569 -1.859157 -2.655099 0.2782824 0.2740133 0.1413399 17.20801 2.658035 1 2.900464e-06 0.10158374338895816 3.241298420455913 0.0
-0.01851326 0.1213769 -5.834169 -7.102476 3.895499 3.77172 0.05103214 20.70879 nan 0 0.0 0.12278066887518409 9.19144674418217 0.0
0.004380116 -0.05357135 -2.928662 -4.478011 0.6327171 0.5000525 0.04960951 18.88789 2.543358 0 0.0 0.05375011587890723 5.350667586980619 0.0
-0.02116931 -0.0716139 -1.736954 -5.321432 2.236899 2.142169 0.5263424 20.24218 2.518463 0 0.0 0.0746772412391225 5.5977359466787995 0.0
-0.03604698 0.1087196 -4.33316 -4.224071 1.473282 1.520542 0.7263267 19.15688 2.11842 1 0.254923 0.11453967081880582 6.051367729583206 0.0
0.003048813 0.0506929 -0.5490441 0.5426931 2.058424 2.003119 0.1314543 20.2348 1.731419 0 0.0 0.05078449931936879 0.7719878396272962 0.0
-0.01926802 0.06526464 -0.9972021 -6.215026 3.772089 3.803175 -0.1266981 20.76783 1.427969 0 0.0 0.06804946604529678 6.294518266628544 0.0
0.08836736 -0.0003129567 -10.38955 -13.35856 1.328621 1.080757 0.2675308 18.75827 2.321651 0 0.0 0.08836791417288108 16.92317566168064 0.0
0.02351578 0.008449304 -4.779317 -7.982949 1.518416 1.47735 -0.03648392 19.78596 nan 0 0.0 0.02498764989135265 9.30426492115793 0.0
-0.09870009 -0.04790057 0.9120105 -3.96742 1.350869 1.286446 0.3043709 19.84743 2.096823 0 0.0 0.10970949080336215 4.070894816684687 0.0
0.03968256 -0.004403538 -2.689017 -3.301291 0.3035482 0.2871296 0.1476777 17.61979 2.626453 1 0.388145 0.03992614074852519 4.257855644919165 0.0
0.0009293293 0.1012457 -1.648351 -3.687539 0.937132 0.9142796 0.2478072 19.39126 1.968891 0 0.0 0.10124996504413143 4.039183691752828 0.0
-0.1102861 0.04084663 -4.184234 -2.239483 1.741529 1.748142 0.2589903 19.9712 1.854706 0 0.0 0.11760727458608544 4.7458506375617215 0.0
-0.01218207 0.05614252 -3.463095 -2.303179 4.065176 3.812451 0.660541 20.51364 nan 0 0.0 0.05744898068230019 4.159045621902457 0.0
-0.07693129 -0.06183334 -2.870406 -4.761094 0.9629695 0.9197439 0.3245676 19.2949 2.407448 0 0.0 0.09870048285910105 5.5594286290654 0.0
0.0006869035 -0.00540602 -2.319317 -4.375159 0.1881695 0.1866078 0.2249341 16.72601 2.43875 0 0.0 0.00544948517373084 4.951893337075225 0.0
0.01249469 -0.001088431 -4.991285 -4.20719 2.9005 2.808951 0.4398831 20.62073 nan 0 0.0 0.012542007823225952 6.527891975770203 0.0
-0.004521452 0.08246167 6.690691 -8.836484 2.280257 2.186123 0.2528749 20.42347 1.071629 0 0.0 0.08258553473446306 11.083717586610415 0.0
0.0002025309 0.09499057 -8.532847 -3.379497 2.115515 2.026322 0.3059833 20.31095 2.093336 0 0.0 0.09499078590942574 9.177716377096102 0.0
0.001837398 -0.004405619 -4.066557 -5.751334 0.5952449 0.5571303 0.8807864 17.17868 2.5263 1 0.8970126 0.004773417034323002 7.04377232836248 0.0
0.01785201 -0.04152392 -2.722429 -5.024963 0.2221782 0.2194244 0.2220714 17.01553 2.702403 1 0.9037671 0.045198785306759075 5.715056676132791 0.0
0.08644075 0.05800745 -4.891837 -1.887043 1.164785 1.235296 0.2836792 19.99248 2.03042 1 0.03609096 0.10410027625354795 5.243186103736734 0.0
0.04113448 -0.01913603 -2.178383 -1.731973 1.786185 1.627938 -0.2332887 19.85825 2.406857 0 0.0 0.04536775384600058 2.782998916172624 0.0
-0.05823935 0.06514639 -2.950874 -4.698849 0.9161397 0.8715888 0.1608991 19.29226 2.461956 0 0.0 0.08738348824837905 5.548588945729986 0.0
-0.09467041 -0.06380556 -6.402573 -7.861025 1.23981 1.177741 0.3219909 19.77828 2.053278 0 0.0 0.1141649509108715 10.138474001098686 0.0
0.009104508 0.03734377 -1.738997 -4.76685 0.4900861 0.3961564 0.04291511 18.43324 2.375916 1 0.9110626 0.038437601690726804 5.07414716858991 0.0
-0.02700975 -0.1044463 -4.882121 -8.637523 0.551179 0.4352665 0.08957101 18.84917 2.016708 1 0.0 0.10788214022141247 9.92178960844111 0.0
0.02693752 0.0158749 -2.498521 -7.254728 1.606676 1.570275 -0.04824934 20.0094 2.272783 0 0.0 0.031267274165817524 7.672918971384033 0.0
-0.02207598 -0.1015106 -1.891043 -0.4411599 3.604796 3.443639 0.2985979 20.76572 nan 0 0.0 0.10388335191608135 1.9418201989929476 0.0
-0.06815122 -0.06919334 -5.595827 -7.847863 0.1158739 0.09279057 0.01020996 14.94219 2.585275 1 0.0 0.09712006532042697 9.63858047020919 0.0
0.02003851 0.1129468 -0.5841755 -8.719639 1.637797 1.691074 0.4783122 20.13266 1.478344 0 0.0 0.11471059895781252 8.739185620246388 0.0
