jas1101finalproject/data/gcs/IC_1257.ecsv
# %ECSV 0.9
# ---
# datatype:
# - {name: x, unit: deg, datatype: float64}
# - {name: y, unit: deg, datatype: float64}
# - {name: pmx, unit: mas / yr, datatype: float64}
# - {name: pmy, unit: mas / yr, datatype: float64}
# - {name: pmx_e, unit: mas / yr, datatype: float64}
# - {name: pmy_e, unit: mas / yr, datatype: float64}
# - {name: pm_corr, datatype: float64}
# - {name: g_mag, unit: mag, datatype: float64}
# - {name: bp_rp, unit: mag, datatype: float64}
# - {name: filter, datatype: int64}
# - {name: memberprob, datatype: float64}
# - {name: r, unit: deg, datatype: float64}
# - {name: pm, unit: mas / yr, datatype: float64}
# - {name: member_prob_GMM, datatype: float64}
# meta: !!omap
# - comments: [deg deg mas/yr mas/yr mas/yr mas/yr dimless mag   mag   zeroone float]
# - __serialized_columns__:
#     bp_rp:
#       __class__: astropy.units.quantity.Quantity
#       unit: &id001 !astropy.units.Unit {unit: mag}
#       value: !astropy.table.SerializedColumn {name: bp_rp}
#     g_mag:
#       __class__: astropy.units.quantity.Quantity
#       unit: *id001
#       value: !astropy.table.SerializedColumn {name: g_mag}
#     pm:
#       __class__: astropy.units.quantity.Quantity
#       unit: !astropy.units.Unit {unit: mas / yr}
#       value: !astropy.table.SerializedColumn {name: pm}
#     pmx:
#       __class__: astropy.units.quantity.Quantity
#       unit: !astropy.units.Unit {unit: mas / yr}
#       value: !astropy.table.SerializedColumn {name: pmx}
#     pmx_e:
#       __class__: astropy.units.quantity.Quantity
#       unit: !astropy.units.Unit {unit: mas / yr}
#       value: !astropy.table.SerializedColumn {name: pmx_e}
#     pmy:
#       __class__: astropy.units.quantity.Quantity
#       unit: !astropy.units.Unit {unit: mas / yr}
#       value: !astropy.table.SerializedColumn {name: pmy}
#     pmy_e:
#       __class__: astropy.units.quantity.Quantity
#       unit: !astropy.units.Unit {unit: mas / yr}
#       value: !astropy.table.SerializedColumn {name: pmy_e}
#     r:
#       __class__: astropy.units.quantity.Quantity
#       unit: &id002 !astropy.units.Unit {unit: deg}
#       value: !astropy.table.SerializedColumn {name: r}
#     x:
#       __class__: astropy.units.quantity.Quantity
#       unit: *id002
#       value: !astropy.table.SerializedColumn {name: x}
#     y:
#       __class__: astropy.units.quantity.Quantity
#       unit: *id002
#       value: !astropy.table.SerializedColumn {name: y}
# schema: astropy-2.0
x y pmx pmy pmx_e pmy_e pm_corr g_mag bp_rp filter memberprob r pm member_prob_GMM
0.01051216 -0.001289423 -2.612022 -3.565825 1.672073 1.42824 0.05779892 20.36516 2.311274 0 0.0 0.01059094516738374 4.420154619366725 1.0
0.007847555 0.02100944 -1.045849 1.593839 1.44643 1.44949 -0.126092 20.0352 1.195307 0 0.0 0.022427230961302936 1.9063375589653582 1.0
0.008089196 -0.01554728 -0.72522 -3.000063 1.128794 0.9795634 -0.002305423 19.9388 1.108234 0 0.0 0.017525781218673705 3.086474048549412 1.0
0.01814354 -0.005761439 -4.542936 1.389162 1.325354 1.368605 0.01847067 19.77661 1.864117 0 0.0 0.019036339540004034 4.750582970787901 1.0
0.001669247 -0.002514301 -4.316168 -3.432201 1.303349 1.325419 -0.004282916 20.0071 0.7885838 0 0.0 0.0030179620715989793 5.51446370090737 1.0
-0.01495666 -0.0004522197 -1.015671 -0.3280008 1.663307 1.570095 0.3466921 19.94098 1.778936 0 0.0 0.014963494946457798 1.0673200574530772 1.0
-0.0009655158 0.02914387 -3.727727 -8.55863 1.026946 1.011873 -0.1143299 19.6375 2.095947 0 0.0 0.02915985904178807 9.335207339070141 1.0
-0.02328472 -0.001173543 -3.088636 -4.60878 0.2495292 0.1978677 0.06895124 17.73194 2.043571 1 0.0 0.023314274353949963 5.548019955704557 1.0
0.006181422 -0.01142547 -3.039235 -1.685654 1.915001 1.69213 -0.03021066 20.53804 0.7136497 0 0.0 0.012990432735786133 3.4753962066131394 1.0
-0.006931339 -0.004618632 1.596962 3.121263 0.8316087 0.8244415 0.133312 19.38939 1.69166 0 0.0 0.008329178944190418 3.5060762034806086 1.0
-0.005174721 -0.0189571 2.939116 -1.154671 2.380613 2.358348 0.1631757 20.62171 0.5827847 0 0.0 0.01965068390254754 3.157794796958314 1.0
-0.002449325 -0.008787097 -1.369325 -2.489566 0.7340837 0.7501566 -0.1811406 19.07147 1.643665 0 0.0 0.009122075785863324 2.8413007274804616 1.0
0.01735611 -0.007138514 -3.818891 -1.567521 2.236786 2.284245 -0.03097147 20.38994 0.8003693 0 0.0 0.01876680410885924 4.128080735077985 1.0
-0.006719023 -0.02716444 -2.962222 -7.527 1.616409 1.588743 0.05225131 20.28916 1.004513 0 0.0 0.027983067569302137 8.088911433393495 1.0
0.007725898 -0.009716034 -6.359603 -3.829962 1.758204 1.491564 0.04319193 20.32598 3.109304 0 0.0 0.01241333221160056 7.423823761314179 1.0
0.00157838 -0.006844935 4.812345 -4.297429 2.3839 2.427146 -0.3626943 20.56786 1.290642 0 0.0 0.007024558247934527 6.451864878394928 1.0
-8.721923e-05 0.006466454 10.14762 -0.7907969 2.43985 2.104194 0.04357189 20.57263 1.068451 0 0.0 0.006467042177703637 10.178386483203003 1.0
0.01662945 -0.003187892 4.340194 1.555722 0.6640629 0.6774968 0.04012992 19.15936 1.604532 1 0.0 0.016932255098071374 4.610591599667011 1.0
0.00560616 -0.00158736 -0.7827577 -1.986141 1.97918 1.9765 0.129224 20.47835 1.199959 0 0.0 0.005826554875327271 2.1348221679545794 1.0
6.420139e-05 -0.005399162 -1.619096 -1.605138 1.240717 1.104774 0.02516141 19.98919 0.8416519 0 0.0 0.005399543695602613 2.2798990890519697 1.0
0.02747166 0.006896695 -2.277907 -2.992346 1.987563 1.673928 -0.1175644 20.26745 2.600866 0 0.0 0.02832413290956362 3.7607173364087068 1.0
0.007665447 -0.002742766 -2.802294 -2.063963 1.899979 1.878081 -0.004878378 20.5466 1.57658 0 0.0 0.00814136616548875 3.4803440818121705 1.0
0.002517249 0.007371484 -0.8463292 -1.992893 0.2620275 0.2240947 0.1056815 17.78118 2.037794 1 0.9711156 0.007789436365376959 2.1651548730337145 1.0
-0.004296419 -0.0298347 -1.628519 -3.016503 1.498165 1.472442 0.0204682 20.18571 1.935827 0 0.0 0.030142470706854156 3.428026324632003 1.0
0.015115 -0.01096219 -8.761671 -7.886556 2.188171 2.176712 0.1360348 20.58772 0.849453 0 0.0 0.018671712149561967 11.788326609547982 1.0
-0.02479918 0.003704422 -7.829931 12.98459 0.639577 0.6595017 0.07039369 19.04733 2.099817 1 0.0 0.025074330918819828 15.162697548024264 1.0
0.01069427 0.01603216 -4.691937 0.04578168 1.991968 2.068488 -0.2293098 20.41458 1.555075 0 0.0 0.01927167779666576 4.692160352566035 1.0
-0.00711321 0.006318102 -1.490126 0.2992237 0.6438123 0.640769 0.1118895 19.15321 1.747803 0 0.0 0.009513998601350748 1.5198718098963775 1.0
-0.01704592 -0.009461654 5.77676 1.461098 0.1107127 0.08761412 0.07386055 15.81034 1.976089 1 0.0 0.019495801729144557 5.958671283365445 1.0
-0.003297396 0.009858184 -1.173472 -1.1436 0.1772917 0.1391787 0.0475023 17.12312 2.125044 1 0.9903841 0.010395028242322 1.6385534763272147 1.0
0.000215634 0.02497727 -4.449149 -8.33916 1.794423 1.846692 -0.2967013 20.21455 1.659864 1 8.264104e-05 0.024978200789385452 9.451799634450627 1.0
-0.02431452 0.001462836 -3.159574 -7.067569 1.139392 1.000231 0.05154067 19.95388 1.605494 0 0.0 0.0243584845996892 7.7416690339510765 1.0
0.002971568 0.01545435 -0.5716312 -1.684431 0.4516805 0.4469279 0.1464169 18.62307 1.87207 1 0.9747743 0.015737444211215618 1.7787832983740433 1.0
-0.0008746311 0.01492745 -2.270674 -2.406613 0.6478734 0.645657 0.08631087 19.18583 1.846359 1 0.7085833 0.014953051296092956 3.3087379083337805 1.0
6.420605e-05 0.02808959 -10.56154 -1.082513 0.5250788 0.4386772 -0.08284967 18.50345 2.080925 1 0.0 0.028089663379701733 10.616871552711233 1.0
0.001699607 0.01818329 -2.2266 -6.281725 0.1272755 0.1000126 -0.00557425 15.64338 2.415989 1 0.0 0.01826254908764242 6.664669274286984 1.0
0.005727575 0.02088883 6.382225 -1.377438 2.315938 2.58019 -0.1818884 20.58433 1.464804 0 0.0 0.021659832274270385 6.52917539927279 1.0
0.0003973243 -0.002452309 -0.9266159 -1.406622 0.1078925 0.09410557 0.1387874 15.75006 2.414573 1 0.9998438 0.002484287831723911 1.6843997378938322 1.0
0.006090956 0.01756671 -3.352674 -0.07994558 2.094575 2.082188 -0.09140875 20.61277 1.284149 0 0.0 0.018592714842594556 3.3536270284629945 1.0
0.00827125 0.00422286 -0.8485075 -1.272448 0.2107826 0.1664601 0.03710398 17.44498 2.084951 1 0.9984711 0.009286879085144804 1.529408019548822 1.0
0.01354109 0.01676165 -0.7477907 0.6006228 1.339065 1.13376 0.2088499 19.91512 1.717451 0 0.0 0.021547947213379746 0.9591343382896528 1.0
0.002214366 -0.0003871322 -1.654416 -3.233529 1.001677 0.8661446 0.1415122 19.60659 nan 0 0.0 0.0022479519839695952 3.6321897107525922 1.0
0.01120891 0.007638383 -0.4509772 -2.468651 0.7120248 0.7312707 0.03774098 19.25525 1.892845 1 0.9187403 0.013564090763585631 2.509505567780402 1.0
0.00736274 0.005446917 -1.620762 2.887669 0.09669263 0.07773405 0.04496111 15.4831 2.07422 1 0.0 0.009158539463936868 3.3114198939737314 1.0
0.002517234 0.004695473 -1.018248 -1.319052 0.5044947 0.4451499 0.2467855 18.64615 1.494123 0 0.0 0.005327657431224816 1.6663514539880233 1.0
-0.01217033 -0.008181191 -5.697179 -7.024467 0.6382082 0.6262763 0.1658068 19.11854 1.851109 0 0.0 0.014664542900731036 9.044389708108003 1.0
0.0125102 -0.02710687 -0.6171492 -16.33014 3.404576 2.293293 0.01852486 20.75623 0.6076622 0 0.0 0.029854438618686165 16.34179750072374 1.0
-0.009021422 0.02123926 -6.189945 -0.870941 1.85485 1.812437 0.01875602 20.48306 1.033934 0 0.0 0.023075792949532287 6.250916519079902 1.0
-0.007506316 -0.02992105 2.917823 -17.16606 0.6830879 0.6766286 0.1737545 18.99707 1.795502 0 0.0 0.03084824165158131 17.412274606809103 1.0
-0.01005034 -0.0146995 -1.888529 0.5904048 1.37652 1.35065 0.06693173 20.07634 1.503859 0 0.0 0.01780687042592269 1.9786661193096828 1.0
-0.02819026 -0.008659684 -0.5956025 -4.72825 0.9944403 0.9855834 0.124715 19.7091 1.704962 0 0.0 0.029490352419858534 4.765615427256615 1.0
-0.001601423 0.001078668 -0.486455 2.419587 1.89859 1.929202 0.1672963 20.395 nan 0 0.0 0.001930823730730747 2.4680031842754984 1.0
0.01117854 0.004259992 -4.365874 0.006593592 1.500775 1.512065 -0.04174069 20.24344 0.6844654 0 0.0 0.011962745854178463 4.365878979006571 1.0
-0.002600754 -0.006842556 -0.7059946 -1.404462 0.1829964 0.1582296 0.1432485 16.99463 2.07561 1 0.9986872 0.007320143030136227 1.5719229894219247 1.0
0.002638306 -0.006737652 -2.355844 -7.92263 0.2339116 0.1856065 0.04833909 17.6187 1.923462 1 0.0 0.007235786966373458 8.265474400736839 1.0
0.02728924 -0.005152969 5.145075 -23.80756 0.9678708 0.9531643 -0.3294705 19.41688 3.014555 1 0.0 0.02777149094471813 24.35716957918602 1.0
0.003879802 -0.0221972 -9.034148 -9.190788 1.650501 1.29533 -0.1040256 20.38511 1.281157 0 0.0 0.02253372031865142 12.88745180968092 1.0
0.02856252 0.01690449 -0.6714806 -0.9197208 0.7718439 0.7684864 0.07119684 19.22024 1.750153 0 0.0 0.0331900486729155 1.138759213411246 1.0
0.003668114 0.01410251 -0.2284754 -4.807905 1.247344 1.237834 0.08212611 19.97388 2.339655 0 0.0 0.014571748303381307 4.813330603379551 1.0
0.0004579094 0.01501757 -2.431003 -12.16475 0.5164001 0.4431402 0.05180352 18.80534 1.525337 1 0.0 0.015024549568073857 12.405277834394077 1.0
0.01248056 -0.003482446 -0.2416831 -2.064119 0.6004203 0.5192015 0.05737843 19.05075 1.946877 1 0.946323 0.012957307129821226 2.078219903423747 1.0
-0.01598646 0.003692891 -11.17602 -6.923538 2.476788 2.554978 -0.0869814 20.6592 0.8147964 0 0.0 0.016407447920669473 13.146817161497454 1.0
0.006030151 -0.0003890738 0.8960621 -6.295475 2.59703 2.581648 -0.473755 20.5597 0.9132271 0 0.0 0.00604268975743811 6.358925440880826 1.0
-0.004811318 -0.01990886 0.8025741 -1.076762 0.7875159 0.7813061 0.02183883 19.39655 1.653757 0 0.0 0.020481979577099574 1.3429600108100055 1.0
-0.02189214 0.008976958 -2.628436 -5.768877 1.111248 1.092083 0.1161262 19.87268 1.42417 0 0.0 0.02366118274121909 6.339449317348077 1.0
-0.001449968 -0.009989199 -1.958659 -1.839415 0.6347643 0.6336007 0.1596769 19.06765 1.679411 0 0.0 0.010093884478367334 2.686967178903754 1.0
0.006272397 -0.002235867 -2.503992 -0.9658267 1.485169 1.280176 -0.07520936 20.20023 1.077164 0 0.0 0.006658983808907932 2.6838027406083502 1.0
-0.004175607 0.004959629 0.2321847 -0.01526841 1.323086 1.144208 -0.002062358 20.13238 1.203026 0 0.0 0.00648333352806178 0.23268618192324636 1.0
0.006969206 0.01623775 -1.774076 -1.506044 0.4929162 0.4231941 -0.05300505 18.68927 1.781702 1 0.9247303 0.017670154423007626 2.3271257344011302 1.0
-0.0005717594 -0.002436573 -1.984324 0.3005126 1.3393 1.353414 0.02786444 20.03811 1.097202 0 0.0 0.002502757838029353 2.006950313220225 1.0
0.01205714 0.01759138 -3.659767 -3.983054 0.529217 0.4239939 -0.003456912 18.78576 1.758171 1 0.0 0.02132677367263975 5.4091231878378405 1.0
0.001820581 -0.0239262 1.586572 -3.538378 0.4027264 0.3479624 0.0754542 18.49131 1.876434 1 0.0 0.023995365419546357 3.8777995799251923 1.0
-0.01059506 -0.03112751 -4.338652 -6.047464 0.6826976 0.6741759 0.2313482 19.10042 2.066376 1 0.0 0.03288125872292148 7.442830241809898 1.0
0.004182826 -0.0004610557 -5.766626 -3.653308 1.44564 1.435681 0.01625426 20.20825 nan 0 0.0 0.004208159420076488 6.8264657595816 1.0
-0.002479537 -0.02210659 0.2341725 -1.184739 1.566351 1.244577 -0.08884127 20.299 0.766592 0 0.0 0.022245211286082877 1.2076602410766242 1.0
0.0003367461 -0.01678174 -0.9240597 -5.250615 0.6246418 0.6207625 0.1009197 19.12278 1.755127 1 3.144401e-06 0.016785118270761908 5.3313079265213235 1.0
0.00515199 0.006384886 -1.523804 0.1618423 1.189174 1.18026 0.1959793 19.83004 0.8654881 0 0.0 0.008204253177047623 1.5323744844147236 1.0
-0.01017123 -0.02567344 1.465817 -9.388927 1.187105 1.175777 0.03354348 19.95064 1.790564 0 0.0 0.027614840958196735 9.502661189836141 1.0
0.02356518 0.01117033 -2.037937 -0.234693 1.443735 1.44363 -0.0219354 20.14855 1.733158 0 0.0 0.026078611557007785 2.0514063518030747 1.0
0.003425706 -0.003059812 -1.332091 -3.939244 0.9235634 0.9093911 0.1051349 19.61535 1.31813 0 0.0 0.004593246245715551 4.158378256462127 1.0
0.002335484 -0.004021586 -1.684101 -1.281544 1.384475 1.186192 0.04408635 19.96105 0.8952274 0 0.0 0.004650552598310442 2.116258774851743 1.0
-0.01095946 0.01142543 1.113434 1.479785 1.314052 1.302426 -0.02204397 20.04471 0.7461624 0 0.0 0.015831936526417102 1.8518906335367107 1.0
0.002880588 -0.004621927 -3.418311 -1.175242 1.23726 1.241677 0.08389748 19.80611 1.3915 0 0.0 0.005446099192915329 3.614698307090787 1.0
-0.006840703 0.009906783 -1.718335 -7.826852 1.062217 1.038817 0.1967946 19.67798 1.423376 0 0.0 0.012039084971180244 8.013256978415768 1.0
0.001850958 -0.0004610404 -0.9661726 -1.462473 0.1647095 0.1317733 0.09793952 16.94156 2.037979 0 0.0 0.0019075124555808698 1.7528025469857578 1.0
0.002123518 0.0003901127 -1.470154 -1.0851 0.4685217 0.4080672 0.1447183 18.46378 1.665119 0 0.0 0.002159054565087527 1.8272369287303711 1.0
-0.01792453 0.0005723974 -1.997777 -0.1718712 2.282481 1.71089 0.2096923 20.51316 0.9704533 0 0.0 0.017933667067959826 2.0051565153669273 1.0
-0.01580432 -0.009106366 1.215516 -14.65655 2.019863 1.718075 -0.0520501 20.58377 2.240025 0 0.0 0.01824013246630506 14.706867003164065 1.0
0.007968515 0.01049232 -1.130299 -0.8157165 1.150957 1.167635 0.1117972 19.73639 1.013987 0 0.0 0.013175204373656789 1.3939043144252226 1.0
0.0003367588 0.0005345992 -0.9784432 0.4309481 3.211655 2.751579 -0.4383019 20.02851 nan 0 0.0 0.0006318249710308069 1.0691432834376549 1.0
0.02383786 0.01343147 -0.1974531 -4.968423 0.8829368 0.8793624 0.01774527 19.48107 1.743568 0 0.0 0.02736143190223238 4.972345003479606 1.0
0.0017601 -0.002143798 -5.337429 -1.921826 1.696381 1.692674 0.162921 20.24452 nan 0 0.0 0.002773773940825748 5.67287964831945 1.0
0.004788526 0.001489202 -3.139882 -1.460849 1.293012 1.227055 0.3234257 19.87098 0.9790363 0 0.0 0.005014748632731257 3.4630822650819315 1.0
0.002517079 -0.02363104 1.640841 -1.551907 0.6356591 0.5427042 0.09161511 19.04362 1.444723 0 0.0 0.023764716244336705 2.25848943409749 1.0
0.02710725 -0.01002862 -5.273165 -7.149438 1.467421 1.457855 -0.05286615 20.20198 nan 0 0.0 0.028902875664315826 8.883734171679667 1.0
0.0003670503 0.009856289 -1.767106 -7.522417 2.311438 2.032374 0.02501875 20.58899 0.5381737 0 0.0 0.009863121147702238 7.72718714262344 1.0
-0.0007837441 -0.00383466 -1.505654 -1.075239 0.2924417 0.2919786 0.2067442 17.91348 1.854269 0 0.0 0.003913933076827555 1.8501710393466329 1.0
0.003425872 0.01926475 -14.05135 -23.48198 1.365805 1.380561 -0.06312838 19.99901 2.185549 0 0.0 0.019566992398498143 27.365010899740202 1.0
-0.001328855 -0.002892431 -2.42221 0.4997168 1.427109 1.4542 0.08173527 19.88911 1.267429 0 0.0 0.00318308226421907 2.473220201337164 1.0
0.002608064 0.0007029154 -0.7407969 0.1231383 1.067932 1.061259 0.1599268 19.47121 1.58622 0 0.0 0.0027011271513301925 0.7509614424033366 1.0
0.009724251 -0.0262833 -3.203725 -1.842838 1.60152 1.374985 -0.03939175 20.32491 1.248798 0 0.0 0.02802450564061748 3.695930974716519 1.0
-0.03028098 0.008903526 -3.482084 -3.12132 1.226763 1.204678 0.07383857 19.78465 1.578524 0 0.0 0.031562802869724293 4.67627496255898 1.0
0.002214239 -0.02672189 -3.139489 -3.594648 3.103247 3.415219 -0.3498718 20.80618 0.6116581 0 0.0 0.026813471605169312 4.7726182986936 1.0
-0.01613795 0.005718967 -1.631497 -8.257687 1.589316 1.567462 0.02205315 20.31879 1.352301 0 0.0 0.017121332125438985 8.417314123339938 1.0
-0.007416189 0.01468373 -0.7051504 4.423675 1.828831 1.574952 -0.04011612 20.3721 0.9723473 0 0.0 0.016450282246716044 4.479524259588865 1.0
0.0126627 0.01259221 -1.487074 -10.31147 2.840085 2.906761 -0.5730959 20.52946 0.787571 0 0.0 0.017857987679861916 10.418147754873512 1.0
-0.02158907 0.00412277 6.142601 -8.250779 2.151833 1.945882 0.1083989 20.632 0.8208256 0 0.0 0.021979198710094048 10.286248157226327 1.0
0.00412245 0.02100568 -0.2625603 -0.7865591 2.216426 1.904538 -0.4355198 20.18858 1.032272 0 0.0 0.02140638190505112 0.8292244140936156 1.0
0.01950576 -0.01866614 -8.794858 -3.797128 2.800517 2.987742 -0.1978364 20.66523 1.059294 0 0.0 0.026998138003892048 9.579546350874242 1.0
-0.0132306 0.003993386 -8.26994 3.376409 1.113042 1.10735 -0.03240228 19.87449 1.14024 0 0.0 0.013820126920726742 8.932639326586573 1.0
0.01341942 -0.001413953 -5.184006 0.4113663 1.023716 1.016984 0.0823116 19.79187 1.500116 0 0.0 0.013493705800209555 5.200301956695562 1.0
-0.02661555 -0.008278121 -5.428151 3.945852 0.5539558 0.4804538 0.07006828 18.83574 1.697956 1 0.0 0.027873191225497324 6.710780229206213 1.0
-0.03246083 -0.0001617735 -2.371562 -6.998041 1.543532 1.519559 0.005246513 20.25286 1.240364 0 0.0 0.03246123310895941 7.3889704396164015 1.0
