jas1101finalproject/data/gcs/IC_1276_Pal_7.ecsv
# %ECSV 0.9
# ---
# datatype:
# - {name: x, unit: deg, datatype: float64}
# - {name: y, unit: deg, datatype: float64}
# - {name: pmx, unit: mas / yr, datatype: float64}
# - {name: pmy, unit: mas / yr, datatype: float64}
# - {name: pmx_e, unit: mas / yr, datatype: float64}
# - {name: pmy_e, unit: mas / yr, datatype: float64}
# - {name: pm_corr, datatype: float64}
# - {name: g_mag, unit: mag, datatype: float64}
# - {name: bp_rp, unit: mag, datatype: float64}
# - {name: filter, datatype: int64}
# - {name: memberprob, datatype: float64}
# - {name: r, unit: deg, datatype: float64}
# - {name: pm, unit: mas / yr, datatype: float64}
# - {name: member_prob_GMM, datatype: float64}
# meta: !!omap
# - comments: [deg deg mas/yr mas/yr mas/yr mas/yr dimless mag   mag   zeroone float]
# - __serialized_columns__:
#     bp_rp:
#       __class__: astropy.units.quantity.Quantity
#       unit: &id001 !astropy.units.Unit {unit: mag}
#       value: !astropy.table.SerializedColumn {name: bp_rp}
#     g_mag:
#       __class__: astropy.units.quantity.Quantity
#       unit: *id001
#       value: !astropy.table.SerializedColumn {name: g_mag}
#     pm:
#       __class__: astropy.units.quantity.Quantity
#       unit: !astropy.units.Unit {unit: mas / yr}
#       value: !astropy.table.SerializedColumn {name: pm}
#     pmx:
#       __class__: astropy.units.quantity.Quantity
#       unit: !astropy.units.Unit {unit: mas / yr}
#       value: !astropy.table.SerializedColumn {name: pmx}
#     pmx_e:
#       __class__: astropy.units.quantity.Quantity
#       unit: !astropy.units.Unit {unit: mas / yr}
#       value: !astropy.table.SerializedColumn {name: pmx_e}
#     pmy:
#       __class__: astropy.units.quantity.Quantity
#       unit: !astropy.units.Unit {unit: mas / yr}
#       value: !astropy.table.SerializedColumn {name: pmy}
#     pmy_e:
#       __class__: astropy.units.quantity.Quantity
#       unit: !astropy.units.Unit {unit: mas / yr}
#       value: !astropy.table.SerializedColumn {name: pmy_e}
#     r:
#       __class__: astropy.units.quantity.Quantity
#       unit: &id002 !astropy.units.Unit {unit: deg}
#       value: !astropy.table.SerializedColumn {name: r}
#     x:
#       __class__: astropy.units.quantity.Quantity
#       unit: *id002
#       value: !astropy.table.SerializedColumn {name: x}
#     y:
#       __class__: astropy.units.quantity.Quantity
#       unit: *id002
#       value: !astropy.table.SerializedColumn {name: y}
# schema: astropy-2.0
x y pmx pmy pmx_e pmy_e pm_corr g_mag bp_rp filter memberprob r pm member_prob_GMM
[from data line 579]
-0.02056479 -0.0515605 -3.349055 -5.65868 0.8534323 0.8059534 0.02869772 19.23096 2.463352 0 0.0 0.05551032109431633 6.575471750028663 0.0
-0.05245093 0.0234601 -2.237903 -5.430674 0.1988133 0.1938389 0.3170877 16.75392 3.033513 1 0.001244766 0.057458475004779755 5.8737066603368095 0.0
0.0004750035 0.0256542 -3.520254 0.8045672 3.720198 3.681643 -0.1202513 20.56035 nan 0 0.0 0.025658597116074218 3.61102708433928 0.0
-0.05871301 -0.01867925 -3.279975 -3.311133 1.88654 1.836463 0.1341471 19.24438 2.169695 0 0.0 0.06161275780082077 4.660669237814886 0.0
-0.01590655 0.05663307 -0.9218631 3.516182 1.356346 1.318508 0.06489588 19.60471 nan 0 0.0 0.05882450977719576 3.635019591730643 0.0
-0.09165353 -0.01300368 -3.364391 -5.696048 0.1915135 0.1934928 0.3023182 16.7771 2.649106 1 1.70118e-06 0.09257140624946399 6.61544326702187 0.0
0.03550257 -0.02842529 -2.868427 -4.698215 0.202033 0.1985375 0.283845 16.66997 2.525469 1 0.9797926 0.04547999107507608 5.5046432800458565 0.0
-0.06654134 0.1000545 -5.195123 -12.61206 3.070067 3.066288 -0.155023 20.48212 nan 0 0.0 0.12016094581537548 13.640137844931369 0.0
-0.03198895 0.1083404 1.21722 -1.169669 3.253095 3.096017 0.1235883 20.78767 1.436504 0 0.0 0.11296430938248815 1.6881202853946755 0.0
-0.04996001 -0.05007124 -3.331441 -0.8874855 1.650427 1.610226 0.2653914 20.10985 1.583752 0 0.0 0.07073281893391285 3.4476266690567368 0.0
-0.02513701 -0.03361354 3.917595 1.248578 0.385841 0.3092635 -0.02371291 18.30692 2.045195 0 0.0 0.04197307878952532 4.111751160528686 0.0
0.09145771 0.01037664 -2.091318 -5.501423 0.6958687 0.6677442 0.1860081 19.02472 2.488163 1 0.5304469 0.09204448585403527 5.885513231830593 0.0
-0.05013353 -0.122539 -7.434009 -7.876847 3.108821 2.927564 0.2070543 20.61555 1.472483 0 0.0 0.13239779964659873 10.830937562071439 0.0
-0.0665111 0.1003701 9.657007 -0.8158133 2.542617 2.597938 -0.2970102 20.40577 2.258198 0 0.0 0.1204071567524954 9.691405240650393 0.0
0.04041435 0.05363462 -1.940158 -13.90301 3.837688 3.66342 0.1498916 20.51806 nan 0 0.0 0.06715647510454148 14.037731302638045 0.0
0.01028381 -0.03219103 -4.5257 -2.212958 2.578745 2.474567 0.3735825 20.34728 2.30488 0 0.0 0.033793773991328636 5.037771689920455 0.0
-0.03023127 0.08971241 -0.1630326 -4.242066 1.101122 1.086995 0.252567 19.60852 2.499182 1 0.2280596 0.09466914066273656 4.245197707647874 0.0
0.0416237 0.03333938 0.2555769 6.125806 1.564655 1.471842 0.2665359 19.95728 nan 0 0.0 0.05332960397822583 6.131135188645705 0.0
-0.01332948 -0.05407459 -7.7569 -11.89704 2.386614 2.209848 0.1726053 20.34471 1.793472 0 0.0 0.05569323406607395 14.202431424639938 0.0
0.0254592 0.1106973 -0.6393068 -0.8555628 2.222803 2.157108 0.3976437 20.56691 1.719246 0 0.0 0.11358724880870212 1.0680359962426733 0.0
-0.0468803 0.0285271 -2.397097 -0.6540572 0.991046 0.9445748 0.2470775 19.20894 2.506895 0 0.0 0.05487766360278105 2.484726312550507 0.0
0.0747185 0.03484527 -0.6982602 -3.953126 1.905931 1.794327 0.1641105 19.98472 2.368399 0 0.0 0.08244420588266284 4.014320923740407 0.0
-0.02171471 -0.06101146 -2.945899 -7.49581 0.1353802 0.1083542 0.1059044 15.81869 2.589851 1 0.0 0.0647605349091227 8.053911377355787 0.0
0.04598341 0.02928775 -0.2458821 -4.791694 2.187527 2.066068 0.3513631 20.16726 2.340113 0 0.0 0.05451831155942562 4.7979984781923815 0.0
0.01988152 -0.01485594 -0.6373298 -1.77763 1.453456 1.359866 0.1591158 19.8312 2.580029 0 0.0 0.024818819286863747 1.8884273062175414 0.0
0.002533727 -0.008366709 -0.9429422 -2.431817 0.6123542 0.4702242 -0.001549317 18.56199 2.337868 0 0.0 0.00874194440620678 2.608231951730873 0.0
0.05416403 0.07524344 -1.530644 -2.296238 3.448295 3.39383 -0.2873728 20.66059 nan 0 0.0 0.09271093467803299 2.7596340350452264 0.0
-0.05846637 -0.05293567 -2.062206 -4.269526 0.2131864 0.2129733 0.4483328 16.71744 2.647534 1 0.8948642 0.07887015645556815 4.741470853133235 0.0
-0.0152074 -0.02430428 1.510035 -3.903887 0.8469716 0.8054224 0.1263331 19.1322 1.920841 0 0.0 0.02866989782120613 4.1857543418115215 0.0
-0.04774261 -0.1201116 -5.813811 -11.91253 3.365396 3.147593 0.4199656 20.73078 1.582914 0 0.0 0.12925228533442687 13.255518448729987 0.0
-0.005912589 -0.0580813 -3.07277 -1.15109 0.7675885 0.5951657 0.01273861 19.06641 nan 0 0.0 0.05838147067668749 3.281299081309108 0.0
0.04385866 -0.02513728 -3.481705 -6.855678 2.401994 2.350065 -0.2393026 20.21676 1.90963 0 0.0 0.05055160633247968 7.6891215718513 0.0
-0.0159945 -0.02544348 -1.464482 -0.380955 1.622143 1.57577 0.2339754 19.97115 1.828178 0 0.0 0.030053197912375318 1.5132198255207339 0.0
0.1172887 0.02844091 -2.237538 -7.836721 0.3094553 0.3155606 0.3316515 17.82619 2.835493 1 0.0 0.1206877148234985 8.149894007487765 0.0
0.0184302 0.03208731 -1.572248 0.7300513 2.546044 2.477066 0.1110963 20.29146 nan 0 0.0 0.037003617864691286 1.7334758937278851 0.0
0.036016 -0.04399263 -4.884687 -2.258887 2.399723 2.248056 0.05906414 20.40316 2.241829 0 0.0 0.056855111910160724 5.381703964985253 0.0
-0.02235143 -0.04085273 -6.547177 -4.356672 1.387259 1.311685 0.1205033 19.84517 2.372173 0 0.0 0.046567499090006965 7.864230260166153 0.0
-0.1031692 0.03528076 -5.702912 -2.172489 0.6113707 0.4805092 -0.1281006 18.80641 2.054541 0 0.0 0.10903492951718545 6.10269725079534 0.0
0.03041641 -0.02907247 -2.460464 -8.460972 0.312653 0.3065857 0.2564711 17.72493 2.504034 1 0.0 0.042075723513553515 8.811465841735982 0.0
-0.0566721 -0.1174462 -8.30449 -10.0799 3.093116 2.852588 0.5805841 20.6052 nan 0 0.0 0.1304045122411414 13.060204369384884 0.0
-0.1063451 0.02096013 -1.100063 1.542436 1.663331 1.596722 0.2439562 20.03035 1.418898 0 0.0 0.10839099290820663 1.894530922963518 0.0
-0.08455949 0.09865528 2.683298 -2.636443 2.014127 1.934598 0.2797662 20.10614 2.149975 0 0.0 0.12993525934456165 3.76177083951867 0.0
-0.05384362 0.02264406 1.108339 0.7767024 0.3423459 0.3419773 0.311923 17.61188 2.129126 0 0.0 0.058411376186390265 1.353396452295764 0.0
0.06190343 -0.01762062 -8.554821 0.2408454 2.276665 2.105244 -0.168325 20.41207 1.884983 0 0.0 0.06436241834292199 8.55821061021182 0.0
0.000656805 0.1180766 -0.6867178 -4.339371 1.81981 1.745876 0.28358 20.11619 2.373661 0 0.0 0.11807842673565745 4.393372510097207 0.0
0.01836962 0.03143834 1.785892 1.894147 2.263601 2.154168 0.2529308 20.39551 nan 0 0.0 0.03641170362534552 2.6033061850794654 0.0
0.04465116 0.02929122 -4.057599 -3.203059 2.780158 2.685583 -0.06231092 20.53849 1.46887 0 0.0 0.05340132637335893 5.169496745552897 0.0
-0.01227095 -0.01655512 -2.280575 -4.78366 0.2093032 0.2044276 0.2543374 16.70457 2.509768 1 0.9718386 0.020606994252362475 5.29947406128429 0.0
0.09660694 0.02039392 -1.391455 -3.260632 1.876146 1.771337 0.2111343 20.21516 nan 0 0.0 0.09873607663427791 3.5451189058265733 0.0
0.01567279 -0.02754012 -2.438283 -4.065002 0.3229753 0.3225642 0.1603324 17.3386 2.64156 1 0.9846885 0.03168745108080642 4.740196752044476 0.0
-0.04757673 0.02875448 1.160224 0.5942305 1.332889 1.25308 0.1422775 19.76976 2.497581 0 0.0 0.05559105465417345 1.3035450192863496 0.0
0.007863381 0.05528288 3.573169 -2.823575 2.541879 2.452952 0.4430438 20.26177 1.547926 0 0.0 0.05583931931753432 4.554131364287376 0.0
-0.01142154 -0.0835154 -5.411622 -7.037287 0.6339423 0.5137411 0.08246921 19.04042 2.670952 1 0.0 0.08429278505976416 8.87744676082335 0.0
0.05713199 0.07830532 -3.377727 0.3617526 3.234243 3.314507 0.203973 20.77292 1.595528 0 0.0 0.09693186999982255 3.3970435131354675 0.0
0.0826528 0.04189584 -3.062607 -10.45924 3.373478 3.085716 0.0364624 20.70475 1.537235 0 0.0 0.09266470070714954 10.898406443790257 0.0
0.02306168 0.009601843 -2.754603 -4.228498 0.9529385 0.9086329 0.09572491 19.36766 2.127588 0 0.0 0.024980722035582742 5.046586274266298 0.0
-0.002431752 0.03579652 -3.732386 -5.564402 1.157396 1.102765 0.07962452 19.60834 2.255207 0 0.0 0.035879022588413745 6.7002443888712 0.0
-0.05733827 -0.1154197 -3.595965 -6.334103 0.3799439 0.3171114 0.2931325 18.3275 2.458349 1 2.842347e-06 0.12887740048077823 7.283668381786337 0.0
0.07941052 0.02806623 -4.40482 1.642136 2.219351 1.994805 0.3846973 20.11695 1.614347 0 0.0 0.08422436674195478 4.700962654063102 0.0
-0.06981023 -0.1071913 -2.45749 -5.817607 0.9564002 0.8636695 0.359874 19.43834 2.095873 1 0.2616487 0.12791967404720395 6.315362880036981 0.0
0.0201864 0.03297892 -1.340202 -8.826795 1.884972 1.597405 0.240562 19.68197 2.610601 0 0.0 0.038666521815730985 8.927958970158242 0.0
0.05739273 -0.01520437 -2.834865 -5.861285 2.377499 2.27966 0.307828 20.31008 2.705986 0 0.0 0.0593725384664476 6.510846444161466 0.0
0.01155438 -0.06924559 -1.763972 -5.341459 1.459182 1.358912 0.1364453 19.71448 2.139824 0 0.0 0.07020295885240521 5.6251916825531385 0.0
-0.009091985 -0.01943228 -4.786973 -4.556903 1.719913 1.626611 0.3048608 19.35946 2.32872 0 0.0 0.021454083463029246 6.609120626387296 0.0
0.1173489 0.02681488 -0.01915094 -4.830946 0.2497575 0.2575342 0.3157267 17.65385 2.186419 1 0.0 0.12037359395076813 4.830983959134918 0.0
-0.06455725 -0.01072163 -5.873852 -2.868759 1.241221 1.192829 0.003576845 19.53187 2.346739 0 0.0 0.06544151493829738 6.536965314118242 0.0
0.05234751 0.07842749 -4.821935 -0.4976876 2.640107 2.68301 0.4168641 20.65493 1.225632 0 0.0 0.09429280455527983 4.847550937475413 0.0
-0.01218015 -0.01547555 -3.397181 -5.998027 0.4299168 0.3073403 0.08450632 18.14845 2.751278 0 0.0 0.01969387472857995 6.8932696624671514 0.0
-0.004430996 0.1228864 -8.465962 -9.50171 2.814099 2.684465 0.3461662 20.38445 1.05563 0 0.0 0.12296625972400729 12.726154388091635 0.0
-0.001977389 -0.005797507 -2.819979 -4.800665 1.196596 1.139748 0.2375483 19.33906 2.208677 0 0.0 0.006125451385193584 5.567644565044181 0.0
-0.04063345 -0.07716418 -3.218562 -5.594292 3.379081 3.184038 0.220255 20.60613 -0.03292084 0 0.0 0.08720887531653472 6.454087412571044 0.0
-0.09240135 0.09157987 0.1930041 -5.380447 1.401873 1.301735 0.2372998 19.83178 2.341623 0 0.0 0.13009566507397316 5.38390754958012 0.0
-0.1025508 -0.02131967 -1.227315 -2.834804 0.3185934 0.3150674 0.3546665 17.81914 2.65819 1 8.896518e-05 0.10474347191853485 3.0890800940799514 0.0
-0.1098946 -0.07455547 -0.7064513 -3.997036 1.19996 1.154544 0.3535186 19.68414 2.339153 0 0.0 0.13279812203521893 4.058986354321444 0.0
0.08473369 -0.003026897 -2.243528 -4.12876 0.1871094 0.1805816 0.2458499 16.70863 2.664308 1 0.9404133 0.08478773688726872 4.698944245719883 0.0
0.04764418 -0.01399732 0.4648958 6.488601 2.335338 2.348282 -0.01619888 20.20971 2.106928 1 0.003777768 0.04965775724954562 6.505234126613633 0.0
0.04425199 -0.0276245 -4.28917 1.752493 3.442128 3.199276 -0.1382176 20.65402 1.193443 0 0.0 0.052166575689900324 4.633380084123145 0.0
0.04092368 -0.006722031 -4.003005 -1.180574 2.958735 2.791457 0.2526031 20.04625 2.32378 0 0.0 0.0414720783842257 4.1734642683867555 0.0
-0.118744 -0.03627628 -0.5715008 -12.36197 1.717668 1.650145 0.3223464 19.51557 2.043686 0 0.0 0.12416161253237008 12.375173350111126 0.0
-0.003218219 -0.07403957 -3.578964 -7.790257 2.734126 2.556162 0.2708711 20.51226 nan 0 0.0 0.0741094788763007 8.573044234071407 0.0
-0.06540833 0.01256602 -3.012866 -4.268159 0.156667 0.1580388 0.2641311 16.18415 2.739505 1 0.9075416 0.06660446300383556 5.224417937266983 0.0
-0.004914032 -0.01801171 -4.711483 -6.08915 1.108428 1.043396 0.1205982 19.60722 2.142761 0 0.0 0.018670013594561843 7.699079151547216 0.0
0.04752195 -0.02466415 -2.281898 0.5417475 2.760425 2.843017 0.2573392 20.46142 1.910555 0 0.0 0.053541161987997604 2.3453248892552714 0.0
0.005803554 -0.005776559 -3.200019 -4.941991 1.830538 1.751769 0.2066931 19.85129 2.403637 0 0.0 0.00818839867809311 5.8875628781731075 0.0
-0.01387578 -0.008916707 -1.161486 -2.7787 0.6777322 0.4885329 0.1323466 18.52671 2.479155 0 0.0 0.01649378471825824 3.011681161443887 0.0
0.0291168 0.005066773 -1.876839 -5.044012 1.777925 1.719413 0.04017827 20.19796 1.930485 0 0.0 0.029554360606745142 5.381875294733705 0.0
-0.06971408 0.05422806 -6.080521 -7.739478 0.9810423 0.9172056 0.1862949 19.37161 1.937187 0 0.0 0.0883217721833637 9.84237041285914 0.0
0.0032 0.02052104 -1.520845 -9.085254 3.101499 3.105862 -0.1360678 20.32398 nan 0 0.0 0.02076904144830955 9.211667045575465 0.0
-0.06769416 0.1140742 3.218249 -3.692657 2.917882 2.910054 0.03953296 20.60467 1.402206 0 0.0 0.1326477380272487 4.898248906053061 0.0
0.03862544 0.02540889 -0.5862749 -3.706953 1.668415 1.645239 -0.4843331 19.70545 1.483395 0 0.0 0.046233497663768636 3.7530279512120623 0.0
-0.01547884 -0.05443229 -2.769098 -4.774626 0.2335762 0.2292084 0.2546676 17.07074 2.516194 1 0.9705933 0.056590358563890546 5.519506968333313 0.0
0.1130202 0.03144846 -2.303837 -6.63599 2.167812 2.221766 0.4907493 20.27719 2.576502 0 0.0 0.11731398571530847 7.024530461366724 0.0
0.0439524 0.004835741 2.718581 -4.088713 2.080694 1.848898 0.3886559 20.10623 1.978128 0 0.0 0.044217619302480325 4.910015952105451 0.0
-0.01384654 0.02516761 -2.282134 -4.406008 2.602538 2.489363 0.4273563 20.33348 nan 0 0.0 0.028725167764239428 4.961959501045933 0.0
0.00316904 -0.07658731 -2.055203 -3.388063 1.626247 1.576647 0.2993571 19.99836 2.117889 0 0.0 0.07665284644132729 3.962679682131524 0.0
-0.006458101 -0.01578538 -3.757465 -5.186777 1.378888 1.280516 0.3407826 19.53237 nan 0 0.0 0.017055359576115686 6.404779377461335 0.0
0.008559148 0.01931552 -3.394007 -5.653472 0.8680649 0.7097635 0.1564901 17.96339 2.405289 0 0.0 0.021126957361539404 6.594014647453628 0.0
0.03496014 0.00409695 -7.003307 1.799618 2.973691 2.921485 -0.2964686 20.51064 1.734133 0 0.0 0.035199380507646726 7.230832170792862 0.0
-0.01963375 0.120601 0.1375995 -7.266664 1.100126 1.088309 0.3121933 19.56481 1.724941 0 0.0 0.12218872836748282 7.267966655901515 0.0
0.06957388 0.05297114 -4.912347 -6.2842 2.887474 2.968129 -0.3877817 20.25399 0.921854 0 0.0 0.08744407613528775 7.97636024063664 0.0
-0.02759687 0.09246774 -2.571381 -5.595874 0.9801343 0.9651363 0.2684852 19.38752 2.412258 1 0.5650388 0.09649803197218325 6.158393140344079 0.0
0.04235223 0.05318479 -1.300153 -4.48412 2.335884 1.983375 0.04169092 20.30227 2.203451 0 0.0 0.06798774355218005 4.668803915116698 0.0
0.07986071 0.005437848 -0.1088603 -8.851976 2.531381 2.422295 0.3289866 19.86846 1.967564 0 0.0 0.0800456319393832 8.852645348679236 0.0
-0.004460705 0.06359085 0.9118339 -3.482545 1.461037 1.435814 0.2502983 19.98265 2.195601 1 0.2858158 0.06374711046643232 3.5999389909016806 0.0
0.04622336 0.006918817 -1.822772 -3.397289 1.870253 1.764842 0.1873836 20.18151 1.65201 0 0.0 0.04673830376007551 3.8553949620635493 0.0
0.04901197 0.03596839 -2.227845 -8.278909 2.30503 2.200619 0.1682198 20.34227 nan 0 0.0 0.060793900043285595 8.573425661560611 0.0
-0.04757184 -0.01784681 -0.007144182 -5.77711 1.682979 1.649343 0.3199139 20.1097 1.891661 0 0.0 0.05080933563983788 5.777114417374513 0.0
-0.00137187 -0.005069851 -2.423836 -3.175081 1.287961 1.250558 0.09799902 19.69267 2.02599 0 0.0 0.005252182066446383 3.994511273166844 0.0
0.01073843 -0.01071764 -3.75352 -10.89538 2.647527 2.463053 0.3130032 20.41539 nan 0 0.0 0.015171739716805717 11.52381090329063 0.0
-0.01762812 -0.05663631 -2.870582 -4.800856 0.1392705 0.1109644 0.09275422 15.86154 2.680464 1 0.8244276 0.0593162897116003 5.593608794996303 0.0
0.03420784 0.06545306 -1.131664 -7.355722 1.062128 1.032071 0.2193614 19.57019 2.140062 0 0.0 0.0738530932380574 7.442265081961271 0.0
-0.03864494 0.03258719 -2.622762 -4.942775 0.6392863 0.499986 -0.03094985 18.88151 2.207964 0 0.0 0.050550532536262176 5.5955254631954805 0.0
-0.0685083 -0.1095629 1.398727 0.8185704 1.283714 1.228347 0.3864657 19.92836 1.735613 1 0.0004354575 0.12921848252204482 1.6206463896498706 0.0
0.03604672 -0.03839075 -3.312496 -4.688423 0.5152442 0.4140042 0.09078676 18.4484 2.44631 1 0.9296421 0.05266133029387788 5.740552236235204 0.0
-0.03268042 0.03756822 -4.120536 -6.807031 1.880845 1.8397 0.2824742 20.11532 2.203442 0 0.0 0.049793383148213584 7.957040150851132 0.0
