jas1101finalproject/data/gcs/IC_1276_Pal_7.ecsv
# %ECSV 0.9
# ---
# datatype:
# - {name: x, unit: deg, datatype: float64}
# - {name: y, unit: deg, datatype: float64}
# - {name: pmx, unit: mas / yr, datatype: float64}
# - {name: pmy, unit: mas / yr, datatype: float64}
# - {name: pmx_e, unit: mas / yr, datatype: float64}
# - {name: pmy_e, unit: mas / yr, datatype: float64}
# - {name: pm_corr, datatype: float64}
# - {name: g_mag, unit: mag, datatype: float64}
# - {name: bp_rp, unit: mag, datatype: float64}
# - {name: filter, datatype: int64}
# - {name: memberprob, datatype: float64}
# - {name: r, unit: deg, datatype: float64}
# - {name: pm, unit: mas / yr, datatype: float64}
# - {name: member_prob_GMM, datatype: float64}
# meta: !!omap
# - comments: [deg deg mas/yr mas/yr mas/yr mas/yr dimless mag   mag   zeroone float]
# - __serialized_columns__:
#     bp_rp:
#       __class__: astropy.units.quantity.Quantity
#       unit: &id001 !astropy.units.Unit {unit: mag}
#       value: !astropy.table.SerializedColumn {name: bp_rp}
#     g_mag:
#       __class__: astropy.units.quantity.Quantity
#       unit: *id001
#       value: !astropy.table.SerializedColumn {name: g_mag}
#     pm:
#       __class__: astropy.units.quantity.Quantity
#       unit: !astropy.units.Unit {unit: mas / yr}
#       value: !astropy.table.SerializedColumn {name: pm}
#     pmx:
#       __class__: astropy.units.quantity.Quantity
#       unit: !astropy.units.Unit {unit: mas / yr}
#       value: !astropy.table.SerializedColumn {name: pmx}
#     pmx_e:
#       __class__: astropy.units.quantity.Quantity
#       unit: !astropy.units.Unit {unit: mas / yr}
#       value: !astropy.table.SerializedColumn {name: pmx_e}
#     pmy:
#       __class__: astropy.units.quantity.Quantity
#       unit: !astropy.units.Unit {unit: mas / yr}
#       value: !astropy.table.SerializedColumn {name: pmy}
#     pmy_e:
#       __class__: astropy.units.quantity.Quantity
#       unit: !astropy.units.Unit {unit: mas / yr}
#       value: !astropy.table.SerializedColumn {name: pmy_e}
#     r:
#       __class__: astropy.units.quantity.Quantity
#       unit: &id002 !astropy.units.Unit {unit: deg}
#       value: !astropy.table.SerializedColumn {name: r}
#     x:
#       __class__: astropy.units.quantity.Quantity
#       unit: *id002
#       value: !astropy.table.SerializedColumn {name: x}
#     y:
#       __class__: astropy.units.quantity.Quantity
#       unit: *id002
#       value: !astropy.table.SerializedColumn {name: y}
# schema: astropy-2.0
x y pmx pmy pmx_e pmy_e pm_corr g_mag bp_rp filter memberprob r pm member_prob_GMM
[from data line 4518]
-0.02138507 0.009945248 3.841077 -10.58924 2.630277 2.509735 0.2380673 20.06369 2.005177 0 0.0 0.023584511372644633 11.264363111047558 0.0
0.02778301 -0.02124692 -2.892073 -5.082425 1.439354 1.384867 0.1676064 19.97049 nan 0 0.0 0.034976095467426034 5.84766022593259 0.0
-0.008759435 0.005208291 -7.274301 -2.866028 3.445086 3.568107 0.3675248 20.57258 nan 0 0.0 0.010190878110344859 7.818540243254172 0.0
0.03429428 0.00701429 -4.143432 -4.659019 3.682882 3.444259 0.3479471 20.64965 nan 0 0.0 0.035004255525899995 6.234940800118714 0.0
-0.05260502 0.04680697 -2.882541 3.708952 2.573891 2.544957 0.6575388 20.12053 2.002319 0 0.0 0.07041434917530162 4.697378796199536 0.0
-0.004399604 0.00779901 -2.515859 -4.219107 0.4609833 0.3499191 -0.02603631 18.47429 2.392864 0 0.0 0.008954388440140175 4.912271407946633 0.0
0.01549064 -0.04205551 -5.158484 1.251124 2.850383 2.727713 0.4825894 20.36015 2.584272 0 0.0 0.04481769571240471 5.308038097228768 0.0
-0.00997084 0.02041889 -4.313159 -8.408825 3.294593 3.296972 -0.08057679 20.66008 nan 0 0.0 0.022723307838818273 9.450485619263489 0.0
-0.09879492 -0.02960817 1.45879 -2.07586 0.9067685 0.8662857 0.2880796 19.28724 1.888565 0 0.0 0.10313622035228603 2.5371761869645555 0.0
-0.0142127 0.116036 0.7339843 -4.468471 0.7672264 0.7564199 0.2762643 19.09756 1.946989 0 0.0 0.11690318275089862 4.5283513589923095 0.0
-0.06150414 0.02413368 -3.056683 -3.682875 0.389751 0.3087026 -0.01231944 18.16716 2.420057 0 0.0 0.06606961289035981 4.786113164992445 0.0
0.09857598 0.0249554 3.47837 -2.519479 1.440429 1.422136 0.03692555 20.00934 2.540739 1 0.001578265 0.1016857700080026 4.294977565522433 0.0
0.04019404 -0.04052733 -1.294411 -5.095773 0.2995858 0.2935157 0.2197355 17.77618 2.583221 1 0.00206284 0.05707911464319064 5.257604236194466 0.0
0.005168711 0.07821686 -4.463941 -3.895426 0.8384064 0.6058661 0.1268862 18.69156 2.161331 0 0.0 0.07838745283309773 5.924619225988874 0.0
-0.07615893 0.02551857 -0.9570472 -1.75368 1.692874 1.660131 0.3444816 20.01695 1.900133 0 0.0 0.08032048327537503 1.997832046351204 0.0
0.01267703 0.02338761 0.04056283 0.4248937 0.4423485 0.3300494 -0.06951289 18.33111 2.489531 1 0.0 0.026602394462397552 0.4268254906601747 0.0
0.02573095 0.09623534 0.9318097 -1.365771 0.3830173 0.3786736 0.3051809 17.97604 2.040133 1 0.0 0.09961587450209981 1.6533601366475152 0.0
-0.005459582 0.03149542 -5.114408 1.040346 3.011275 3.032129 -0.14756 20.52565 1.505175 0 0.0 0.03196511405565643 5.219146385203236 0.0
0.008679591 -0.01556083 -9.707159 -5.080923 1.525731 1.512477 0.1567448 20.08527 2.253817 0 0.0 0.017817820579862764 10.956491883044043 0.0
0.05230961 0.01209899 -2.953434 -5.243799 0.505282 0.3928541 -0.01030273 18.55183 2.466227 1 0.8155647 0.05369060306396455 6.018322053924749 0.0
0.006983625 -0.05070989 -4.072858 -1.661994 1.265832 1.178788 0.1234523 19.79548 2.2763 0 0.0 0.051188513965075455 4.398908540104011 0.0
-0.005853069 0.02105459 1.950763 -11.79883 1.933868 1.889097 0.3064525 20.17793 nan 0 0.0 0.02185301299104682 11.959007720169303 0.0
0.08274275 0.03699823 -2.321666 -5.996746 2.126182 2.013696 0.4477149 20.06714 2.104305 0 0.0 0.09063791535938699 6.430481755208703 0.0
-0.05280801 -0.03019032 -1.93326 -4.723039 0.5577976 0.4523075 0.03586936 18.7296 2.615896 1 0.9045763 0.0608287871148398 5.103390208784843 0.0
0.0180397 0.1111216 0.4294509 -6.119827 0.2162103 0.2258647 0.3923892 17.0908 2.401203 1 0.0 0.11257637746281411 6.134876574588914 0.0
-0.1109192 0.02966799 -2.876399 -5.036068 0.9340885 0.9018574 0.2718969 19.3368 2.066353 1 0.5809722 0.11481837204594089 5.79962516959717 0.0
-0.01417696 -0.05909619 -0.7551185 -1.611157 1.734788 1.632274 0.2920605 19.54066 2.573875 0 0.0 0.06077290405565378 1.7793343777073634 0.0
-0.08908589 0.01639242 -3.183372 4.193185 2.306207 2.265638 0.290477 19.93445 2.265894 0 0.0 0.09058149496750703 5.264661217458251 0.0
0.02015479 0.002927692 -2.265474 -4.691412 0.18891 0.1860831 0.160696 16.63456 2.448627 1 0.9820352 0.02036631877367542 5.209771491958164 0.0
0.01761144 0.0001144587 -7.869747 -7.771261 2.218524 2.103733 0.1944246 19.87056 1.812761 0 0.0 0.017611811935959502 11.060082069050392 0.0
0.002291638 0.01490581 -2.200984 -4.771705 0.2918898 0.284355 0.3341195 16.58885 2.553719 0 0.0 0.015080940835343927 5.254854819619758 0.0
-0.008002326 -0.005532452 0.04199312 -2.53888 1.656683 1.635995 0.1477896 20.15108 2.585096 0 0.0 0.0097285788552378 2.53922725972437 0.0
-0.009484815 -0.05488416 -3.212021 -1.589264 1.544807 1.431076 0.1423784 20.03629 2.221718 0 0.0 0.05569769056693307 3.5836906906340285 0.0
0.02100259 0.00425946 -2.426405 -4.435553 0.1633854 0.1211667 -0.3342727 15.44678 2.750893 1 0.9962058 0.02143016066667957 5.055845294293922 0.0
-0.05827178 0.0820779 1.622577 -5.84448 2.718591 2.595193 0.2886758 20.56307 0.5761337 0 0.0 0.1006597338203236 6.065533990616902 0.0
0.05936653 0.02985554 -2.009854 -5.260105 2.07103 2.042593 -0.006445108 20.41338 1.116066 0 0.0 0.06645102070647599 5.631005035723286 0.0
0.00429019 0.0405706 -2.062151 -4.157443 0.4628591 0.3693417 0.003071634 18.34003 2.624575 1 0.9634024 0.04079680520084998 4.640775694326327 0.0
0.02833003 0.01180501 -3.07403 -3.537978 0.3502934 0.3309042 0.1906431 17.87871 2.562656 0 0.0 0.03069118539419747 4.6868911625281 0.0
0.0115891 0.1052348 -3.152575 -8.488045 0.2782662 0.2774661 0.3458216 17.20389 2.866364 1 0.0 0.10587100816488904 9.05459204230925 0.0
0.04249988 0.01300315 -4.448099 -3.725624 1.157418 1.140746 0.2115347 19.64806 nan 0 0.0 0.044444591458769195 5.802228787558881 0.0
-0.007974043 0.1085241 -3.878695 4.671997 1.283662 1.259139 0.2561443 19.78166 2.286915 1 0.0 0.10881666068473085 6.072217953189263 0.0
-0.004338859 -0.01220812 -2.541931 -4.456424 0.9855352 0.9317178 0.1062074 19.21569 2.416164 0 0.0 0.012956229828012507 5.130412076679319 0.0
0.03735833 0.08132718 2.042115 -6.671396 2.279232 2.142169 0.1464953 20.46466 1.404793 0 0.0 0.08949723474578028 6.976944765586223 0.0
-0.0129982 0.005700762 -2.899198 -4.174411 0.2119664 0.2073328 0.2763635 16.76722 2.522566 1 0.9878262 0.014193374884806079 5.082426215905648 0.0
0.03160585 0.09683292 -2.250551 -5.118658 0.43389 0.3535805 0.06392142 18.29954 2.505835 1 0.5993289 0.10186041502933757 5.591568610378039 0.0
-0.06655071 -0.04289221 -3.521005 -4.332713 0.7917529 0.753289 0.2471594 19.188 2.574495 1 0.782662 0.0791753666249055 5.582999028335398 0.0
-0.06460434 0.1080136 6.747547 -1.391883 1.354817 1.328799 0.3133339 19.80449 2.351585 0 0.0 0.12585967794252295 6.889610206891098 0.0
0.0932173 0.02757198 -1.632899 -6.023749 2.234184 2.128955 0.08285584 20.49658 1.691914 1 0.350784 0.09720945993271643 6.241146622152215 0.0
0.002564163 0.01996982 -2.575243 -4.735685 0.3574135 0.3359837 0.001976192 17.40489 2.389442 1 0.9857104 0.02013376871633746 5.390601907790447 0.0
0.01900378 -0.008960285 -0.6995343 -4.190258 1.663164 1.578776 -0.01244451 20.05009 2.903383 0 0.0 0.021010244205378125 4.248247914545535 0.0
0.02003272 -0.01873692 -2.587148 -8.281584 1.818352 1.753045 0.3943216 19.90502 1.588877 0 0.0 0.02742958333049921 8.676287704021808 0.0
-0.01708516 -0.005073033 -2.559229 -4.571849 0.2106308 0.2054114 0.2819988 16.75268 2.522203 1 0.9942706 0.0178224116225804 5.2394137413685895 0.0
-0.0701242 -0.03508979 -0.6854653 -3.117508 0.9961422 0.9616505 0.2945995 19.12878 2.243502 0 0.0 0.07841362628959396 3.1919772567435514 0.0
-0.01708527 -0.002321682 -0.5270606 -3.76328 2.191015 2.110774 0.2239013 20.20755 nan 0 0.0 0.01724229272115585 3.8000091097880753 0.0
-0.07085782 0.009913032 -2.9448 -5.583198 1.32169 1.258982 0.2191398 19.78968 2.051065 0 0.0 0.07154787808583442 6.312206187000232 0.0
-0.04634016 0.07651841 -3.363827 -4.191207 1.016067 0.9472874 -0.04465993 19.05444 2.591595 0 0.0 0.08945656766137242 5.374155580440336 0.0
0.01519018 0.02558814 -1.62583 -4.305365 0.8028107 0.7547491 0.1775108 19.05645 2.036154 1 0.9191491 0.02975725923353829 4.602118096281863 0.0
-0.01569117 -0.04232827 -1.757445 -5.636191 1.188368 1.132062 0.1259955 19.88145 1.519871 0 0.0 0.045143053254756704 5.903834509579855 0.0
-0.05506587 0.1151765 -5.077679 -10.17871 1.322387 1.29723 0.2935558 19.80769 2.011438 0 0.0 0.12766313559954143 11.374926869705186 0.0
-0.07360302 -0.05154646 -2.770606 -4.673779 0.2178473 0.2190868 0.3197295 16.54877 2.413087 0 0.0 0.08985789943934813 5.433274127823572 0.0
0.02315686 0.09522554 -3.682172 -5.207242 2.174592 2.113128 0.1406664 20.24339 nan 0 0.0 0.09800073282048048 6.377598284946144 0.0
0.003835468 -0.02272905 -1.27972 -3.3774 1.46581 1.448361 0.1863436 20.08437 2.344563 0 0.0 0.023050391074372775 3.611718986632266 0.0
-0.06065215 -0.007293109 -1.7788 -3.996093 1.721687 1.67943 0.2902765 20.14817 nan 0 0.0 0.06108905579977793 4.3741157626026546 0.0
-0.1171728 -0.02434445 -1.027617 -5.295729 0.9357259 0.8925526 0.3330939 19.41961 2.394035 0 0.0 0.11967504880150456 5.3945103892874275 0.0
-0.008458372 0.09718108 -4.371232 -9.992967 0.6826874 0.5387927 0.2494524 18.64246 2.513577 0 0.0 0.09754848213507367 10.907202146330333 0.0
-0.0765639 0.09330993 -2.767879 -11.58728 2.762976 2.636628 0.300194 20.34533 nan 0 0.0 0.12070117571844485 11.913278807995765 0.0
0.02279347 0.09536336 -3.907724 -6.650379 1.135094 1.117437 0.3059787 19.37163 2.527134 0 0.0 0.0980495420954657 7.713484796369084 0.0
0.04810789 0.0766093 -3.533942 -3.398465 1.202566 1.162451 0.1581411 19.74872 2.152575 1 0.556128 0.09046189212448577 4.902887966860858 0.0
-0.1273463 -0.02016725 -2.873232 -5.496559 0.9447034 0.881726 0.4876829 19.15442 2.43961 0 0.0 0.1289333087152133 6.202227258518104 0.0
-0.007729877 -0.003470127 4.751678 -1.434444 3.900809 3.612488 0.5572863 20.57022 nan 0 0.0 0.008473062010351275 4.963473925066999 0.0
0.04928834 0.071775 -6.314296 -6.522675 1.685699 1.619952 0.2009504 20.07821 nan 0 0.0 0.08706888700882538 9.07830508031323 0.0
0.04522753 0.04009152 1.117083 -0.2801887 1.581267 1.547337 0.288413 19.9604 1.638651 0 0.0 0.06043889017686625 1.1516857802789309 0.0
-0.002765402 0.1324785 1.390525 -2.126294 1.446723 1.424927 0.2558641 19.79955 1.478418 0 0.0 0.13250735983511105 2.5406073978600077 0.0
-0.01989797 -0.07009226 -2.332515 -6.778524 1.096066 1.024244 0.2060475 19.40307 2.076439 0 0.0 0.07286188387647208 7.16861310462498 0.0
-0.05992592 -0.004315642 4.858844 -3.825818 1.313454 1.260766 0.2131432 19.59053 1.98674 0 0.0 0.060081117280877554 6.184274281228154 0.0
-0.08357609 0.02021961 -0.07161596 -3.774641 1.424831 1.317372 0.3379172 19.71613 1.953049 1 0.3582044 0.08598718188334933 3.7753203207950077 0.0
0.00301804 -0.02347434 -3.647207 -4.396422 2.045955 2.041665 0.04915391 20.34203 1.175119 0 0.0 0.02366755593375032 5.712323984415888 0.0
-0.05564876 -0.07090014 0.2715716 -2.023277 0.1685549 0.1690646 0.2615966 16.56167 1.962426 1 0.0 0.09013109530876234 2.0414213069955847 0.0
0.105149 0.03656681 -1.658505 -1.566995 1.686673 1.749913 0.5722366 20.14018 2.111816 1 0.2158728 0.11132584513299731 2.2816906374550427 0.0
0.04858883 0.04315247 2.455005 -4.557774 1.211088 1.168142 0.2640461 19.65137 1.823891 0 0.0 0.06498469102696265 5.17690577324921 0.0
-0.001492908 -0.02526152 0.7506906 -0.1753892 1.641161 1.582051 0.1462811 19.98709 2.103579 0 0.0 0.025305595567124358 0.7709070945353922 0.0
-0.0851943 -0.06876517 -1.702438 -0.7439528 1.376697 1.306457 0.2906778 19.90756 nan 0 0.0 0.10948386802455831 1.8578915233327913 0.0
-0.004944281 -0.02042975 -4.388702 -5.132749 1.397044 1.322177 0.1128772 19.79305 1.930077 0 0.0 0.021019529006841734 6.75320794451089 0.0
0.007498266 -0.05074614 -0.7825444 -3.753806 2.770451 2.649562 0.5109892 20.3949 nan 0 0.0 0.05129712192615056 3.8345058643334164 0.0
0.04323046 0.05441352 -2.231504 -4.504308 0.620972 0.6042202 0.4981679 18.00148 2.361439 0 0.0 0.06949607061267565 5.026768411303628 0.0
-0.01678617 0.09731388 -2.890801 -4.672503 0.5279518 0.4182598 -0.0275522 18.61259 2.160482 1 0.8587273 0.09875103414103217 5.494453085304306 0.0
-0.1186291 -0.01254407 -0.536533 -3.586049 1.266115 1.187852 0.431673 19.31777 2.19331 0 0.0 0.11929047346278286 3.6259640222277443 0.0
-0.01342083 -0.03609784 -3.34413 -4.088999 1.354202 1.287041 -0.4099144 19.6086 nan 0 0.0 0.03851198164928026 5.2823402274845 0.0
0.02154717 -0.00431839 -2.479621 -4.272553 1.200055 1.165325 0.07113196 19.74797 2.510277 0 0.0 0.021975646229428613 4.939962493931508 0.0
-0.007276341 0.03445131 -4.511797 -8.183788 3.216714 3.221044 -0.2712761 20.47511 nan 0 0.0 0.035211331969472286 9.345089523281892 0.0
-0.0448463 -0.02556033 -2.630506 -4.240045 0.1291279 0.1034138 -0.01032385 14.86233 2.883562 1 0.9940621 0.051618999345191686 4.989743822889208 0.0
-0.02047645 0.002929585 -0.9376348 -4.917435 4.032177 4.045716 -0.08116999 20.73391 0.8344917 0 0.0 0.02068495764739984 5.006028964897831 0.0
-0.02080775 -0.03483164 0.4842123 -5.010414 1.135177 1.074242 0.1383406 19.56089 1.506945 0 0.0 0.04057345936880537 5.0337570464681045 0.0
0.03398859 -0.0317988 -2.940516 -4.72022 0.4486293 0.3596647 0.06717456 18.31231 2.572802 1 0.9652503 0.04654447262165616 5.56121490275785 0.0
-0.06562734 0.06157578 1.997011 3.975661 0.8411483 0.7882116 0.141011 19.15354 2.129164 0 0.0 0.08999180206043216 4.449037347678933 0.0
0.0530943 -0.009462723 -0.7006638 -7.824356 2.494201 2.324909 0.08059985 20.52398 nan 0 0.0 0.053930954182776415 7.855665253520318 0.0
0.0359867 -0.03173315 0.1131822 -1.490484 1.973323 1.94828 0.4251879 20.17329 1.649954 0 0.0 0.04797953090446488 1.4947751552166098 0.0
0.05052011 -0.01611717 -4.536453 0.3107951 2.761697 2.503126 -0.2904318 20.48444 2.098322 0 0.0 0.05302871564747726 4.547086915311056 0.0
0.05322375 0.06186208 -3.183868 -6.6772 2.484667 2.375783 0.3869397 20.31414 1.192307 0 0.0 0.08160689006443574 7.3974330197321825 0.0
-0.02628993 0.009336069 -3.867215 -4.863364 2.165388 2.073975 0.2180548 20.21159 1.724968 0 0.0 0.027898433715491285 6.21350635734132 0.0
0.0433255 0.09881702 -3.526164 -4.750996 0.455804 0.3736738 0.06731342 18.57333 2.684446 0 0.0 0.10789764775902393 5.916569575937732 0.0
-0.0538917 -0.08182044 -1.709783 -4.277143 0.1463594 0.1438151 0.1011474 16.4623 2.416828 1 0.00277075 0.09797397476209485 4.606225151850265 0.0
-0.02214062 -0.01828975 -4.836529 -4.932182 1.919362 1.848143 0.2807645 19.99956 2.161518 0 0.0 0.028717973623619407 6.907852926124368 0.0
-0.007641249 0.1281816 6.566029 4.129786 2.494862 2.248852 0.3255945 20.29466 1.493639 0 0.0 0.12840915568930433 7.756795036265752 0.0
-0.08574036 -0.06265222 -1.871514 -5.133188 0.2351811 0.2332826 0.2742326 16.9218 2.759677 1 0.003135113 0.10619185469638431 5.46371519165668 0.0
-0.04769527 0.004313703 -3.773333 -4.87716 1.370694 1.321668 0.2185182 19.46461 2.191332 0 0.0 0.04788994481042037 6.166419673886055 0.0
-0.08188089 0.0221883 0.4410869 0.6365293 0.2290792 0.2259519 0.4109821 16.96443 2.088881 1 0.0 0.08483396020510948 0.7744205595863917 0.0
-0.01000006 -0.02749084 -2.698987 -4.172029 0.1791993 0.1801056 0.2500559 16.22806 2.607748 1 0.9926329 0.029253161947201536 4.96893920298991 0.0
-0.07483063 0.04946746 1.761739 -3.229525 0.2636474 0.2574415 0.3298276 17.24638 2.543633 1 0.0 0.08970313698555084 3.6787981773598295 0.0
0.05095261 0.060984 -1.479024 0.1772549 0.5018735 0.3962602 0.02532068 18.54716 2.214489 1 0.0 0.07946833785736367 1.4896077645306531 0.0
0.03193945 0.1037489 0.8883947 -1.300088 1.682569 1.680449 0.4635094 20.22786 1.960337 1 0.1114502 0.10855396223773917 1.5746345451348671 0.0
0.03447559 0.002459528 -2.561578 -4.066439 0.3598736 0.3471463 0.3266858 17.77076 2.50066 1 0.9828069 0.03456321142241971 4.805997086017115 0.0
0.02497246 0.07022203 -0.4300562 -7.943246 1.169333 1.15143 0.1750868 19.6869 1.984463 0 0.0 0.07453024389985921 7.954879342370596 0.0
-0.01824037 0.1131095 -5.800228 -2.278094 2.347121 2.204521 0.2251072 20.49367 2.393486 1 0.1814516 0.11457080818422684 6.231561371343461 0.0
0.01891828 0.1196355 -3.291776 -3.968352 1.50748 1.489259 0.2696642 19.79384 1.894253 0 0.0 0.12112206313636009 5.155929288700535 0.0
