jas1101finalproject/data/gcs/IC_1257.ecsv
# %ECSV 0.9
# ---
# datatype:
# - {name: x, unit: deg, datatype: float64}
# - {name: y, unit: deg, datatype: float64}
# - {name: pmx, unit: mas / yr, datatype: float64}
# - {name: pmy, unit: mas / yr, datatype: float64}
# - {name: pmx_e, unit: mas / yr, datatype: float64}
# - {name: pmy_e, unit: mas / yr, datatype: float64}
# - {name: pm_corr, datatype: float64}
# - {name: g_mag, unit: mag, datatype: float64}
# - {name: bp_rp, unit: mag, datatype: float64}
# - {name: filter, datatype: int64}
# - {name: memberprob, datatype: float64}
# - {name: r, unit: deg, datatype: float64}
# - {name: pm, unit: mas / yr, datatype: float64}
# - {name: member_prob_GMM, datatype: float64}
# meta: !!omap
# - comments: [deg deg mas/yr mas/yr mas/yr mas/yr dimless mag   mag   zeroone float]
# - __serialized_columns__:
#     bp_rp:
#       __class__: astropy.units.quantity.Quantity
#       unit: &id001 !astropy.units.Unit {unit: mag}
#       value: !astropy.table.SerializedColumn {name: bp_rp}
#     g_mag:
#       __class__: astropy.units.quantity.Quantity
#       unit: *id001
#       value: !astropy.table.SerializedColumn {name: g_mag}
#     pm:
#       __class__: astropy.units.quantity.Quantity
#       unit: !astropy.units.Unit {unit: mas / yr}
#       value: !astropy.table.SerializedColumn {name: pm}
#     pmx:
#       __class__: astropy.units.quantity.Quantity
#       unit: !astropy.units.Unit {unit: mas / yr}
#       value: !astropy.table.SerializedColumn {name: pmx}
#     pmx_e:
#       __class__: astropy.units.quantity.Quantity
#       unit: !astropy.units.Unit {unit: mas / yr}
#       value: !astropy.table.SerializedColumn {name: pmx_e}
#     pmy:
#       __class__: astropy.units.quantity.Quantity
#       unit: !astropy.units.Unit {unit: mas / yr}
#       value: !astropy.table.SerializedColumn {name: pmy}
#     pmy_e:
#       __class__: astropy.units.quantity.Quantity
#       unit: !astropy.units.Unit {unit: mas / yr}
#       value: !astropy.table.SerializedColumn {name: pmy_e}
#     r:
#       __class__: astropy.units.quantity.Quantity
#       unit: &id002 !astropy.units.Unit {unit: deg}
#       value: !astropy.table.SerializedColumn {name: r}
#     x:
#       __class__: astropy.units.quantity.Quantity
#       unit: *id002
#       value: !astropy.table.SerializedColumn {name: x}
#     y:
#       __class__: astropy.units.quantity.Quantity
#       unit: *id002
#       value: !astropy.table.SerializedColumn {name: y}
# schema: astropy-2.0
x y pmx pmy pmx_e pmy_e pm_corr g_mag bp_rp filter memberprob r pm member_prob_GMM
[from data line 114]
0.02356479 0.003584324 -4.969739 -5.416944 1.602283 1.594984 -0.06759051 20.25082 1.524483 0 0.0 0.023835828206317397 7.351298390574075 1.0
-0.01837966 0.0223481 -2.966406 -3.670906 1.773863 1.578889 0.03920603 20.3995 2.233463 0 0.0 0.028935263526112906 4.7196520441312195 1.0
-0.0003597652 -0.01156228 -0.6778594 -2.142066 0.9006124 0.8931804 0.08822723 19.58758 1.122766 0 0.0 0.011567875768589973 2.2467621401751363 1.0
0.01154187 0.0007552303 2.680073 -0.6286331 0.5256395 0.4532606 0.07346417 18.75187 1.844389 1 0.0 0.011566552464020472 2.7528114464569873 1.0
-0.02694885 -0.005157241 -4.63706 -3.149313 0.9788312 0.9668481 0.166354 19.52753 1.901104 0 0.0 0.027437887146327083 5.605398988080063 1.0
0.005757441 -0.01263616 -1.501187 -7.721435 2.931722 2.614903 0.4736812 20.59246 0.5498581 0 0.0 0.013885988132433393 7.866010479791773 1.0
0.01893115 -0.0001018906 -0.4305966 2.468267 0.6580437 0.5595926 -0.01889147 19.1102 1.88389 1 0.0 0.01893142419409772 2.505544933785974 1.0
0.0009121431 -0.005948956 0.01409211 -1.78165 1.513141 1.498054 0.04444704 20.22781 1.011183 0 0.0 0.006018478422725598 1.7817057304909394 1.0
0.001487537 -0.004401621 1.176128 -4.855689 3.117784 2.68931 0.02300627 20.15017 1.163324 0 0.0 0.0046461848600771365 4.996097750955739 1.0
0.001366411 -0.00151771 -6.318586 -3.669841 1.875836 1.853578 0.2176731 20.17306 nan 0 0.0 0.002042185756737374 7.30700088987794 1.0
0.02153444 -0.02437826 2.290723 -4.570336 2.269591 2.156557 0.404786 19.83948 1.821615 0 0.0 0.03252739870849189 5.112277673955612 1.0
-0.004872119 0.00231556 -2.159425 -0.615429 1.035839 1.020162 0.1140154 19.80409 1.865093 0 0.0 0.00539438241727086 2.2454106939858467 1.0
0.01105752 0.00880473 -0.6834961 1.363034 1.325451 1.335773 -0.04282339 20.04096 1.598822 0 0.0 0.014134780469582824 1.5248044477477136 1.0
-0.0116564 0.02715818 1.41685 -23.31311 2.958991 2.993046 -0.3838582 20.69267 0.3351994 0 0.0 0.029553991301893557 23.356124716968782 1.0
-0.003176209 0.002859646 -0.5535465 -1.883593 0.9966172 0.9870441 0.09846243 19.72438 1.119284 0 0.0 0.004273859948219758 1.9632463720356776 1.0
0.008604409 0.005956157 -1.555463 -5.404892 2.868731 2.456606 -0.1828221 20.78605 1.195862 0 0.0 0.010464781911149893 5.624261967230279 1.0
-0.002207098 -0.0003961921 -2.122478 -2.435847 2.269742 2.254443 0.06408158 20.49488 0.9482059 0 0.0 0.0022423759189097643 3.230830151507968 1.0
0.02344375 0.005480711 -0.1613294 -4.262992 1.091809 0.9278043 -0.03418176 19.75978 2.10042 0 0.0 0.024075871887182423 4.2660435965152015 1.0
-0.004448148 0.003139539 0.6771865 -3.093337 1.149292 1.137164 0.0792194 19.93541 0.5688553 0 0.0 0.00544451336323321 3.166593651125962 1.0
-0.001389431 -5.525036e-05 -1.231773 -0.7149167 1.190825 0.9730405 0.09011438 19.86252 nan 0 0.0 0.001390529074144489 1.4242087668133103 1.0
-0.005053765 -0.003022157 -5.543955 0.02112948 1.876352 1.459351 -0.2041375 20.40471 0.5938225 0 0.0 0.00588846105598687 5.543995264874428 1.0
0.007937603 -0.02582932 -5.17429 -4.393374 1.029952 0.8704191 0.006070432 19.70978 1.609261 0 0.0 0.02702146023160127 6.787857696503073 1.0
0.001850946 -0.003505169 -1.710064 -0.7913874 2.425093 2.083059 0.001439744 20.08459 1.028957 0 0.0 0.003963863117399111 1.8843070081530662 1.0
0.01344936 -0.01303591 -0.2817292 -0.7681788 0.601678 0.6003011 0.1034779 19.07017 1.921427 1 0.9140933 0.018730195779481325 0.8182114707715115 1.0
0.01535713 -0.01512547 -1.881369 -1.459922 0.4657813 0.3968371 0.05780005 18.69758 1.939734 1 0.8351488 0.02155507561011559 2.3813696815582834 1.0
0.005030778 -0.0004434212 0.3172358 0.0338434 1.974982 1.621059 -0.001456007 20.37869 1.120234 0 0.0 0.0050502821352765475 0.3190359361031293 1.0
3.391909e-05 0.01332766 -1.280599 -4.262887 1.373317 1.36406 0.05363629 20.08077 1.533554 0 0.0 0.013327703162220653 4.451082943910392 1.0
-0.01516863 -0.001031584 -4.075637 -0.4214877 1.838419 1.838762 -0.115672 20.32112 nan 0 0.0 0.01520366737422113 4.097373407076818 1.0
0.003122922 0.004854733 -1.972839 -1.60359 0.4305571 0.3752438 0.1298576 18.53455 1.570124 0 0.0 0.005772440932514858 2.5423600468897005 1.0
0.0003064768 0.003734653 -1.340662 -2.656916 1.085309 1.088166 0.1481321 19.4504 1.344633 0 0.0 0.0037472071012084776 2.976000206535611 1.0
-0.01895368 -0.01193937 -3.473886 -5.218314 1.293119 1.283378 0.08412021 20.10838 1.905058 0 0.0 0.022400681720414223 6.2688663204435935 1.0
-0.001783118 -0.001406608 -1.678871 -2.242963 0.3610509 0.3589741 0.2021338 18.21658 1.782772 0 0.0 0.002271135369718855 2.8016942827528486 1.0
-0.002449384 0.002134381 -1.444473 -1.543196 0.6531923 0.6501301 0.1129472 19.09678 1.754038 0 0.0 0.0032488558343849302 2.1137540401250567 1.0
0.001154428 0.0002651849 0.6334759 -0.586041 1.936764 1.905538 0.2347874 19.82985 nan 0 0.0 0.0011844944231071796 0.8629807469241767 1.0
-0.001752848 0.002106251 1.125309 0.4273351 1.376631 1.204286 -0.08314552 20.11556 1.085905 0 0.0 0.0027402133833161605 1.2037174224763092 1.0
-0.0007837571 0.003779475 -1.175703 -3.816754 1.168261 1.164754 0.1083465 19.74714 1.428734 0 0.0 0.0038598842557031952 3.993731167808494 1.0
-0.003539618 0.002705625 -0.7262737 -1.627943 1.439416 1.608547 -0.2582969 20.08463 nan 0 0.0 0.004455255573651079 1.7826025632654885 1.0
-0.02028621 -0.01036491 -1.23964 -0.1575305 1.845205 1.8398 0.02008016 20.49576 1.763815 0 0.0 0.0227807303542314 1.2496092141266606 1.0
0.02289933 0.0195522 0.1549082 -3.136573 2.520804 2.653586 0.04563297 20.72451 1.854755 0 0.0 0.03011092558007641 3.1403959519073767 1.0
0.005727475 0.01282743 -2.93542 -6.015262 1.467274 1.232989 -0.08880675 20.075 1.689451 0 0.0 0.014048022290718542 6.693285255018196 1.0
-0.01956007 0.005280144 -5.817679 -5.73069 0.9277628 0.9213405 0.108147 19.57518 1.681477 1 0.0 0.02026021369743261 8.166161694648288 1.0
0.00630275 0.00280001 -1.680987 -1.118405 0.7447155 0.7386192 0.09252257 19.36305 1.834351 0 0.0 0.006896717593362803 2.019046071340127 1.0
0.02668328 -0.009958975 -2.304556 -3.193194 0.76238 0.7599933 0.09023861 19.36736 2.167055 1 0.1167058 0.028481197562761032 3.937952041197556 1.0
0.002850368 0.005736407 -2.611709 -4.572602 1.923921 1.947193 0.02379446 20.5371 1.30687 0 0.0 0.006405541585617332 5.265900962901315 1.0
-0.001783132 0.002295079 -2.860353 0.9002281 3.258515 2.274049 0.4659557 20.42196 nan 0 0.0 0.0029063632508110546 2.9986713585584215 1.0
0.004425145 0.004488035 -1.643077 1.379054 3.364685 3.044116 -0.3549288 20.68997 0.2873535 0 0.0 0.006302726904463654 2.1451088463863552 1.0
-0.009020738 -0.01365426 -6.579873 -4.278118 0.5756503 0.4924885 0.06619743 18.85022 1.927238 1 0.0 0.016364978772129342 7.84837704994179 1.0
-0.01562286 -0.001749716 -2.399205 -1.79992 0.7405156 0.7355033 0.1429851 19.27841 1.770178 0 0.0 0.015720536271395323 2.999316028434649 1.0
0.0190836 0.02496972 -8.876912 1.814511 3.046503 3.367582 -0.4789453 20.76929 2.175009 0 0.0 0.0314272287330334 9.060464492776571 1.0
0.0007910274 0.005007331 1.293167 -1.614492 3.438181 3.015252 0.5508021 20.67633 1.061729 0 0.0 0.005069426801040899 2.0685418313278077 1.0
-0.0009957729 0.01577765 0.08880643 -1.92079 1.24342 1.234828 0.04644432 20.06211 1.245615 0 0.0 0.015809041817607873 1.922841856760286 1.0
-0.02143728 -0.003782707 -0.979919 -1.0755 1.034865 1.022263 0.07595848 19.8242 1.927252 0 0.0 0.021768459891463362 1.4549713043771688 1.0
-0.006991961 -0.0009817959 0.3846922 -1.710366 3.499594 3.867873 0.3882584 20.75342 0.704567 0 0.0 0.007060555347476415 1.7530943906980136 1.0
0.01248128 0.02301253 -3.543017 -4.970368 1.998815 2.065431 -0.08076578 20.52703 1.709496 0 0.0 0.026179359950909798 6.103894454994532 1.0
0.001517841 0.001558843 -1.014114 -0.9551767 0.3648707 0.364847 0.1915573 18.15506 1.760176 0 0.0 0.002175737300303049 1.3931222965766106 1.0
-0.02897778 -0.006273163 -1.105582 -6.407651 0.9860164 0.9731387 0.1034473 19.76708 1.670464 0 0.0 0.02964901866424872 6.502330574226829 1.0
-0.0008443272 0.00462157 -1.090197 -0.8576194 0.8061611 0.801767 0.1427825 19.29596 1.693764 0 0.0 0.004698063184500592 1.3870978819338455 1.0
0.0007304291 -0.0136308 -7.664445 0.6325448 0.502395 0.3966551 0.02628554 18.8164 1.665199 1 0.0 0.013650356600108542 7.690502589690223 1.0
0.001336129 -0.0008563366 -0.6211117 6.090287 2.363443 2.047645 0.06855081 19.96389 nan 0 0.0 0.001586994983338183 6.121876794435338 1.0
0.004909685 0.003640214 0.08565894 -1.178162 0.7367351 0.6405183 0.1414222 19.11072 1.757042 0 0.0 0.0061119689761173525 1.1812718367276531 1.0
0.002820183 0.02195078 -5.532735 -1.112817 1.111799 1.109566 -0.306832 19.50119 1.5303 0 0.0 0.022131203644670777 5.643537742915696 1.0
0.001214995 -8.624428e-05 -4.221864 -5.910261 2.357213 2.372736 0.1880586 20.04362 nan 0 0.0 0.0012180521030964637 7.263285807581648 1.0
-0.0007231827 9.972325e-05 -1.359903 -2.631793 0.5891014 0.5056104 0.1655912 18.68429 nan 0 0.0 0.000730025988694822 2.962375831027859 1.0
-0.00108659 -0.0004867872 -1.083501 -1.400356 0.2051735 0.1799305 0.159946 17.14558 2.045197 0 0.0 0.0011906467176219149 1.7705850286662315 1.0
0.009240394 0.006550761 6.122788 6.331881 1.188709 1.205526 0.01327012 19.9703 2.203884 0 0.0 0.011326842055681585 8.808021905689438 1.0
0.01699264 -0.008945237 -5.517249 -9.239642 0.9739837 0.9726358 0.1385068 19.47912 2.181303 0 0.0 0.01920330906786039 10.761552899845123 1.0
-0.002116273 0.005423606 -0.2758795 -0.7236755 1.046223 1.034409 0.1269717 19.57848 1.092224 0 0.0 0.0058218651181356825 0.7744777129269118 1.0
0.0004578839 -0.01069253 1.337499 -0.2765868 1.692425 1.703025 0.05738286 20.36766 1.074492 0 0.0 0.010702329441144073 1.3657978741143362 1.0
0.007514056 -0.001047131 -3.123174 -2.874013 1.150616 0.9910302 -0.02652865 19.91216 1.034788 0 0.0 0.007586667311955691 4.244309903676333 1.0
-8.721793e-05 -0.000392849 -4.450951 0.9266008 1.143755 1.167349 -0.1263267 18.34064 nan 0 0.0 0.00040241434382298666 4.546378102067803 1.0
-0.01201876 -0.01400051 -1.992574 -0.7063674 1.983401 2.016375 -0.2019527 20.43982 1.261114 0 0.0 0.018451690226038913 2.1140733310977553 1.0
0.001911521 -0.001639305 -1.036157 -2.167865 0.275427 0.2176678 0.1198177 17.70197 1.902725 0 0.0 0.0025181805766199532 2.402760909219642 1.0
-0.008627266 -0.002554433 -0.8245134 -1.438407 0.2221361 0.1743292 0.03072564 17.5296 2.114193 1 0.9986922 0.008997491127322382 1.657961713800581 1.0
-0.003297306 -0.002594418 -0.7935476 -0.8805178 0.3580703 0.3558484 0.1733563 18.17838 1.93119 0 0.0 0.004195620528165053 1.1853393562953185 1.0
0.002547503 0.001942216 -0.6115547 -1.934889 0.3824398 0.3316848 0.146608 18.33783 1.83572 0 0.0 0.0032034316795688028 2.029234977377704 1.0
-0.02649512 0.003979939 -2.545611 -4.156051 0.4572034 0.3939518 0.1335946 18.6071 1.959137 1 0.0 0.026792373882471125 4.873694212599104 1.0
-0.0001477861 9.733961e-05 -0.9219436 2.392473 0.9610086 0.8401886 0.1259246 16.81092 1.851007 0 0.0 0.00017696251305901513 2.5639631544368884 1.0
-0.005205221 0.0001621601 0.07173047 -1.480425 1.675481 1.442137 -0.05775733 20.27832 1.03546 0 0.0 0.005207746303044439 1.4821617458804626 1.0
0.000700168 0.0008187937 -0.2259427 -1.267115 0.3261983 0.2762099 0.2416596 17.80425 1.700788 0 0.0 0.0010773385500313678 1.287101599295211 1.0
-0.003176187 -0.0003346858 -1.812446 -6.955016 1.957684 1.946926 -0.1954561 20.44479 1.486443 0 0.0 0.0031937718208554975 7.187294905816234 1.0
-0.004054398 -0.003178073 -2.499309 -2.008567 0.6250505 0.5333444 0.06155057 18.95266 1.434315 0 0.0 0.0051515328918422905 3.2063822091213643 1.0
-0.004690366 -0.002426106 -1.661576 -1.782263 0.8267284 0.8188578 0.1628779 19.37133 1.602304 0 0.0 0.005280674534298814 2.436656767980464 1.0
-0.02119471 -0.01036305 -0.4969994 -4.779166 1.006005 0.9953883 0.1027122 19.75716 1.436449 0 0.0 0.02359255258098623 4.804938715442306 1.0
0.003637752 0.004413178 -0.1443842 -2.817097 1.063422 0.9323847 0.1769847 18.89827 1.852158 0 0.0 0.0057192114555407025 2.8207946229065737 1.0
-0.01856063 0.003797222 0.4906486 -2.747218 0.9515563 0.9426385 0.1137947 19.55683 1.729816 0 0.0 0.01894507537367387 2.7906885867480735 1.0
-0.001086593 0.0009246508 -1.242924 -1.346239 0.2169425 0.1867266 0.09492711 17.40621 2.042887 0 0.0 0.001426766781779573 1.8322716815191462 1.0
0.01560035 0.01306991 -6.488949 -1.433803 1.811869 1.406719 -0.1455254 20.43702 1.831215 0 0.0 0.02035174359927424 6.645468393379807 1.0
-0.007900704 0.01207494 -1.255681 -3.521089 0.2031533 0.1612852 0.07461985 17.07064 1.703602 1 0.0 0.014430013849585038 3.7382887153993334 1.0
-0.0004506277 0.001413887 -1.032807 -2.127394 0.3162294 0.3153211 0.1709323 18.05956 1.805653 0 0.0 0.0014839615132395752 2.364845773086482 1.0
0.005273122 0.005869423 0.7952052 -1.688474 1.68462 1.460258 -0.06417 20.29734 nan 0 0.0 0.007890243467714607 1.8663589576453508 1.0
-0.0001780697 -0.000978405 -1.181463 -2.205472 0.5763315 0.5618315 0.226255 18.53866 nan 0 0.0 0.0009944773311056868 2.501991519400695 1.0
6.4202e-05 -0.001020367 -2.1361 -3.333298 1.035625 0.9904063 0.2991508 19.16244 nan 0 0.0 0.001022384815758235 3.959014873273906 1.0
-0.02628304 0.002450258 2.208414 -0.3112553 0.3787455 0.3238649 0.1373611 18.24618 1.812065 1 0.0 0.026397006570976263 2.2302404034484913 1.0
0.0008213161 0.007435386 -3.034311 1.622298 2.123115 2.165558 0.05753384 20.6301 1.329094 0 0.0 0.0074806099420511975 3.440769397318716 1.0
-0.001813471 0.0160318 -1.326282 -2.585571 1.114232 0.9626773 0.03254598 19.86614 2.077854 1 0.8467276 0.016134041288773278 2.905890799662816 1.0
3.634072e-06 -0.001425678 2.939963 -4.6349 1.077556 1.100819 0.041791 19.5353 nan 0 0.0 0.0014256826316411733 5.488686587096133 1.0
-0.00914251 0.0185313 -0.319968 -3.623069 0.401408 0.3194154 0.317148 18.0323 1.895424 1 0.0 0.02066384690201948 3.6371703974085405 1.0
-0.0008746074 0.002478187 -2.498117 0.3869603 1.280385 1.263479 0.1429207 19.7318 1.411135 0 0.0 0.0026279933240219164 2.5279095750174867 1.0
0.01229846 -0.01838885 -9.114218 -3.282533 1.488201 1.478539 -0.01921196 20.20329 1.335592 0 0.0 0.022122430307136242 9.6873109089991 1.0
0.01632761 0.02508808 2.700577 -11.67563 0.9381014 0.9415838 0.1244205 19.45129 1.738163 0 0.0 0.02993330263099112 11.983883011354415 1.0
-0.01653231 0.02416874 -1.76488 -3.834868 1.20403 1.177117 0.07927188 19.73719 1.452473 0 0.0 0.029282166366642003 4.221494284234434 1.0
-0.02588973 0.009249978 -4.374051 -1.863586 2.492079 2.513981 -0.3154909 20.64552 1.528162 0 0.0 0.027492548308103125 4.754500492164976 1.0
0.01641734 -0.006631602 -1.367363 -2.274105 0.7954795 0.789243 0.124866 19.37441 1.290287 1 0.8899944 0.01770613446695817 2.653532574662312 1.0
0.002698897 -0.002581539 2.725925 -1.221116 1.573099 1.381356 -0.1218903 20.29479 1.290787 0 0.0 0.003734754158593307 2.986936790606892 1.0
0.01351012 -0.006609573 -3.992283 -7.420931 0.4619803 0.3987429 0.06324082 18.70363 1.965006 1 0.0 0.015040272526012586 8.426656540933065 1.0
-0.009960483 0.03112073 -4.547329 -3.164543 1.794238 1.804956 0.01781212 20.45573 1.331062 0 0.0 0.03267584822657538 5.540084244223188 1.0
0.008603987 -0.01660396 0.7651188 8.293646 0.7203974 0.7144317 0.08776464 19.32639 2.029676 0 0.0 0.018700804260185416 8.328863713102132 1.0
-0.0007231579 -0.01567453 0.8706883 0.6598271 1.603521 1.595264 -0.007791373 20.3433 0.9813671 0 0.0 0.015691202887899717 1.092460487913087 1.0
0.03246776 -0.004953987 -3.149183 -2.193063 0.8747084 0.8796124 -0.006752712 19.5468 1.966324 1 0.08411338 0.032843529448184604 3.837561581194235 1.0
0.009300764 -0.003299265 -1.533093 -2.538967 0.6036662 0.5258045 0.06189641 19.0914 1.972628 1 0.9035913 0.00986860479115062 2.965927776217418 1.0
-0.02873608 0.002754333 -7.939394 1.897241 2.054066 2.116991 -0.5222647 20.14984 1.246527 0 0.0 0.02886777864750402 8.162934551943744 1.0
0.004122253 -0.0009731782 1.899046 -1.217599 1.231405 1.225518 0.08303245 19.93118 1.399134 0 0.0 0.004235569100482749 2.2558641437189872 1.0
-0.001086573 -0.007442411 -7.998103 -6.216836 0.8323824 0.8726124 -0.3221289 18.95072 nan 0 0.0 0.007521311213960635 10.13008891616974 1.0
