jas1101finalproject/data/gcs/IC_1276_Pal_7.ecsv
# %ECSV 0.9
# ---
# datatype:
# - {name: x, unit: deg, datatype: float64}
# - {name: y, unit: deg, datatype: float64}
# - {name: pmx, unit: mas / yr, datatype: float64}
# - {name: pmy, unit: mas / yr, datatype: float64}
# - {name: pmx_e, unit: mas / yr, datatype: float64}
# - {name: pmy_e, unit: mas / yr, datatype: float64}
# - {name: pm_corr, datatype: float64}
# - {name: g_mag, unit: mag, datatype: float64}
# - {name: bp_rp, unit: mag, datatype: float64}
# - {name: filter, datatype: int64}
# - {name: memberprob, datatype: float64}
# - {name: r, unit: deg, datatype: float64}
# - {name: pm, unit: mas / yr, datatype: float64}
# - {name: member_prob_GMM, datatype: float64}
# meta: !!omap
# - comments: [deg deg mas/yr mas/yr mas/yr mas/yr dimless mag   mag   zeroone float]
# - __serialized_columns__:
#     bp_rp:
#       __class__: astropy.units.quantity.Quantity
#       unit: &id001 !astropy.units.Unit {unit: mag}
#       value: !astropy.table.SerializedColumn {name: bp_rp}
#     g_mag:
#       __class__: astropy.units.quantity.Quantity
#       unit: *id001
#       value: !astropy.table.SerializedColumn {name: g_mag}
#     pm:
#       __class__: astropy.units.quantity.Quantity
#       unit: !astropy.units.Unit {unit: mas / yr}
#       value: !astropy.table.SerializedColumn {name: pm}
#     pmx:
#       __class__: astropy.units.quantity.Quantity
#       unit: !astropy.units.Unit {unit: mas / yr}
#       value: !astropy.table.SerializedColumn {name: pmx}
#     pmx_e:
#       __class__: astropy.units.quantity.Quantity
#       unit: !astropy.units.Unit {unit: mas / yr}
#       value: !astropy.table.SerializedColumn {name: pmx_e}
#     pmy:
#       __class__: astropy.units.quantity.Quantity
#       unit: !astropy.units.Unit {unit: mas / yr}
#       value: !astropy.table.SerializedColumn {name: pmy}
#     pmy_e:
#       __class__: astropy.units.quantity.Quantity
#       unit: !astropy.units.Unit {unit: mas / yr}
#       value: !astropy.table.SerializedColumn {name: pmy_e}
#     r:
#       __class__: astropy.units.quantity.Quantity
#       unit: &id002 !astropy.units.Unit {unit: deg}
#       value: !astropy.table.SerializedColumn {name: r}
#     x:
#       __class__: astropy.units.quantity.Quantity
#       unit: *id002
#       value: !astropy.table.SerializedColumn {name: x}
#     y:
#       __class__: astropy.units.quantity.Quantity
#       unit: *id002
#       value: !astropy.table.SerializedColumn {name: y}
# schema: astropy-2.0
x y pmx pmy pmx_e pmy_e pm_corr g_mag bp_rp filter memberprob r pm member_prob_GMM
[from data line 7073]
0.06899645 0.03905331 -4.799543 -13.81204 2.187254 2.187443 -0.1045625 20.54583 1.47497 0 0.0 0.07928222458129312 14.622177059878908 0.0
0.006347564 -0.07382359 -1.837074 -7.29058 1.982946 1.897084 0.4817009 20.17169 1.795235 0 0.0 0.0740959783606519 7.518470430737625 0.0
-0.114299 -0.01542591 -2.64269 -4.530471 0.3235215 0.3208353 0.3581137 17.62601 2.554607 1 0.9131691 0.11533525090070294 5.2449001818853525 0.0
0.00150431 -0.01970971 -0.06856311 -3.587427 2.2409 2.196856 0.0378853 20.55864 nan 0 0.0 0.019767033587774367 3.588082131220225 0.0
-0.02532434 0.06825315 -5.239534 -8.076604 3.176467 2.753371 0.1191916 20.72523 2.048368 0 0.0 0.07279982610802103 9.627265900034756 0.0
-0.02344446 0.02050852 -2.647685 -7.217947 3.129779 3.108403 -0.03135494 20.66962 nan 0 0.0 0.031148709399941438 7.688237428307869 0.0
-0.09396016 0.01444069 -1.255681 -6.301838 1.344731 1.308742 0.2326244 19.78003 1.317863 0 0.0 0.09506337462399334 6.4257215121731655 0.0
-0.06690087 0.07356422 -1.159047 -4.782536 0.366644 0.3568987 0.2859655 17.62634 2.631792 1 0.006510955 0.09943551111632755 4.9209796320961345 0.0
-0.02196317 0.06863241 -2.54709 -5.143318 1.048906 1.0276 0.289776 19.46641 2.247536 0 0.0 0.0720610056747545 5.739458817451694 0.0
-0.00579149 -0.05873599 -2.58947 0.312866 1.849935 1.690807 0.5250856 19.72383 nan 0 0.0 0.05902082579649492 2.6083021325866373 0.0
0.008255591 -0.0234334 -2.415939 -4.983783 0.7766221 0.6387529 0.08659717 18.99876 2.272631 0 0.0 0.0248451004892168 5.538488443863542 0.0
-0.02150582 0.002211897 -3.118439 -7.013583 2.639427 2.562954 0.2464245 20.50266 nan 0 0.0 0.02161926877142261 7.675611265209436 0.0
-0.07506852 0.02310787 -7.321621 -2.406113 2.110373 2.03586 0.2522895 20.31852 2.137213 0 0.0 0.07854461376139868 7.706848502235529 0.0
-0.008394374 -0.08816211 -4.697623 -5.789819 2.187971 2.024601 0.05329131 20.44043 2.06925 0 0.0 0.08856084436422214 7.455847765538805 0.0
-0.01808548 0.02530002 -1.343123 -5.358103 2.80989 2.731854 0.4090285 20.19369 1.979181 0 0.0 0.031099446921622257 5.52387971915917 0.0
-0.01499784 0.04731332 0.4934612 -3.906841 2.20593 2.108069 0.2091749 20.18922 2.22316 0 0.0 0.04963351140195503 3.937881480591619 0.0
0.01912854 0.07829039 -2.895653 -2.502 1.624446 1.548487 0.2358598 20.05482 0.9521351 0 0.0 0.08059333848950358 3.826853837868517 0.0
-0.01989873 -0.0529638 -2.620047 -4.179384 0.4264123 0.346228 0.1100455 18.19254 2.340109 1 0.9708289 0.05657847263803521 4.932737262582004 0.0
-0.05866968 -0.1185184 0.6071782 -10.41538 0.7752299 0.7799701 0.5006712 18.99216 2.109514 0 0.0 0.13224500931930247 10.433063112574143 0.0
-0.0101826 0.01229597 -4.006175 -9.329677 2.925851 2.804692 0.04269887 20.53989 nan 0 0.0 0.01596484328143875 10.153438385835312 0.0
0.002896998 -0.01452649 -7.147433 -3.464407 2.040886 2.056394 -0.2154434 20.04815 nan 0 0.0 0.014812545666836069 7.942790086055278 0.0
0.02290894 -0.01714776 -1.932862 -1.887619 2.248181 2.255627 0.504627 20.26018 nan 0 0.0 0.02861582088532845 2.7016774419247387 0.0
0.04565377 0.06344314 -2.0709 -4.408663 0.5842203 0.4667627 -0.1537533 18.65095 2.252533 0 0.0 0.07816200309787677 4.870825007898456 0.0
0.007256665 -0.0144822 1.53673 0.2813494 2.575895 2.615147 0.2833361 19.95162 1.872431 0 0.0 0.01619855869397722 1.5622728883842156 0.0
0.0007777363 -0.002725719 -2.538487 -4.357671 0.1204405 0.095347 0.01006858 15.07832 2.833207 1 0.9975838 0.0028345048631637044 5.043135214666567 0.0
0.0606308 -0.02559364 -6.006493 -4.39375 2.550325 2.475863 0.2037734 20.46693 1.980114 0 0.0 0.06581130842864014 7.44197535749407 0.0
0.03002676 0.02999767 0.6482438 2.148142 1.006101 0.9683265 0.1923926 19.54394 nan 0 0.0 0.04244368647427436 2.243821311157027 0.0
-0.1099612 0.07486426 -2.338546 -0.9629837 1.390602 1.343175 0.2126854 19.79943 2.571398 0 0.0 0.13302677524012826 2.5290581251884445 0.0
-0.01893273 0.0123448 -6.021983 4.517544 3.249371 3.140058 0.1966791 20.75171 nan 0 0.0 0.022601821879948084 7.528112847468813 0.0
0.02760669 0.06643436 1.843979 -4.502689 3.236934 3.106627 0.05019645 20.74805 1.350008 0 0.0 0.07194201499378301 4.865641456494919 0.0
0.05225291 0.04561206 -2.51942 -6.724202 0.8923225 0.8729676 0.1996001 19.2345 2.478662 0 0.0 0.06936012269965862 7.180694233373539 0.0
-0.02480946 0.06638064 -2.904035 -2.737433 0.2433046 0.2429251 0.3090879 17.16403 2.625514 1 0.0 0.07086535593857693 3.9908593950067948 0.0
-0.01175793 0.04747792 -0.6722893 -4.292253 1.256776 1.179902 0.1471634 19.74891 2.591162 0 0.0 0.048912184631350296 4.3445838372511 0.0
0.07504305 -0.0166346 -2.212416 -0.4857573 0.8689541 0.829259 0.1050501 19.09298 2.234953 0 0.0 0.07686461650501158 2.2651147237081153 0.0
0.006529463 -0.05525891 -1.511766 -0.4473655 2.542452 2.364244 0.3440451 20.38466 1.893183 0 0.0 0.055643337619668984 1.576569798437814 0.0
0.03120893 0.04916453 -3.848123 -5.881 2.60562 2.480051 0.2288584 20.57675 1.566393 0 0.0 0.058233566968422946 7.028101566079491 0.0
0.0196404 0.01033109 0.04401268 -4.477398 1.6975 1.648375 0.1076539 20.10634 1.878506 0 0.0 0.022191816796920887 4.477614316397157 0.0
-0.03227736 -0.09426621 -2.379539 -5.75654 0.884276 0.8279327 0.2794177 19.30989 2.257704 1 0.4491296 0.09963908026639799 6.228961279709564 0.0
-0.09012117 0.04593704 -2.469668 -6.886073 0.7072152 0.6967432 0.3175305 19.00614 1.983936 1 0.01406411 0.10115353145654629 7.31554928843713 0.0
0.0351713 -0.005912355 -0.8192924 -1.575554 1.27539 1.201833 0.1099385 19.73263 2.403229 0 0.0 0.03566477653562441 1.7758407709064907 0.0
0.005318314 -0.07556594 -8.854098 -6.188861 2.488261 2.324314 0.5466262 19.99003 2.467403 0 0.0 0.07575285969444451 10.802640967417412 0.0
-0.02652963 -0.0334863 -2.836988 -1.246882 1.781379 1.677867 0.4972139 19.74965 2.478554 0 0.0 0.042721815921457504 3.0989055542349138 0.0
-0.02368233 -0.06254888 -2.261188 -4.21536 0.477229 0.3760779 0.1010836 18.59055 2.492456 1 0.9491063 0.0668820988268408 4.783537509097635 0.0
0.002957798 0.02358185 -3.189806 -4.216335 0.9344347 0.8794112 -0.154475 19.10782 nan 0 0.0 0.023766619836049552 5.28699755531067 0.0
0.07363085 0.04966125 -4.791378 -11.04131 1.961665 1.908589 0.01257892 20.41551 2.850742 1 0.02571708 0.08881295977099851 12.036105252737864 0.0
-0.09942755 -0.04380995 -1.024461 -5.351666 1.265762 1.205181 0.3306999 19.82716 1.180885 0 0.0 0.10865150444427818 5.4488392631896385 0.0
-0.04669008 -0.05429186 -2.539179 -5.030593 0.5422861 0.4488796 0.03712483 18.81296 2.397778 1 0.8778796 0.07160705016034384 5.6350950236610915 0.0
-0.03825667 0.09648193 0.4777566 3.00077 2.792186 2.707089 0.2247939 20.54967 1.441811 0 0.0 0.10378986278059046 3.038564128292105 0.0
0.01588452 -0.03301612 -0.3870466 -2.894091 1.913361 1.92077 0.4713697 20.10302 2.310358 0 0.0 0.03663853375184111 2.919857494271349 0.0
0.09266739 0.003520432 -4.656069 -4.857913 1.19918 1.139162 0.1190845 19.7915 nan 0 0.0 0.09273423645492923 6.728915012714159 0.0
0.01228337 0.02178688 -1.875783 -5.98979 1.587373 1.511014 0.2929243 19.94115 nan 0 0.0 0.025010983960878072 6.276634934994148 0.0
0.005743016 -0.004671727 0.3827228 -1.994038 2.105174 1.97331 0.0393916 19.72861 nan 0 0.0 0.007403192955663455 2.030434506967373 0.0
0.01340274 -0.009205179 -1.438898 -4.762149 1.807723 1.799216 0.127341 20.20553 2.149723 0 0.0 0.016259420651721913 4.974785478048777 0.0
-0.01051609 0.03120446 5.106348 -5.757278 3.651887 3.6718 -0.1902797 20.78337 2.192589 0 0.0 0.03292880916127548 7.695520766419126 0.0
-0.06719686 0.02724328 -2.528249 -3.99385 0.2573465 0.2579532 0.3147638 17.29242 2.529453 1 0.9574979 0.07250940834828264 4.726825660895587 0.0
0.01873016 -0.03620818 2.763854 -6.274527 2.615829 2.527863 0.4409736 20.45008 1.890455 0 0.0 0.040765809111778954 6.8562801873206 0.0
-0.06211657 0.07459869 4.110235 -3.702904 0.3495964 0.3451044 0.2938932 17.73572 2.472622 1 0.0 0.0970743674626881 5.532226476604244 0.0
0.04397822 -0.0409082 -1.153333 -4.202103 2.173334 2.093689 0.2543605 20.19337 2.205147 0 0.0 0.06006300576568242 4.35750463356013 0.0
0.06529577 -0.007169777 -2.086952 -4.99777 0.2593005 0.2498474 0.09360881 17.01147 2.646132 1 0.6310861 0.0656882278808207 5.416001626957289 0.0
-0.06418412 -0.07960974 -1.148041 -3.539258 1.978519 1.922429 0.3818149 20.19922 1.296227 0 0.0 0.10226099922767233 3.7207990174484027 0.0
-0.05689086 -0.06336055 -4.081556 -4.953263 0.2663426 0.2625826 0.3157395 17.38683 2.497824 1 0.0003809248 0.08515356274309431 6.418248493810831 0.0
0.009953691 0.1004755 -0.8455999 -6.669118 0.7118019 0.5738595 -0.07845687 18.67892 2.13187 0 0.0 0.10096733167105824 6.7225124833505525 0.0
-0.003583069 0.1281378 0.4435304 -4.590143 1.855364 1.840035 0.4371232 20.2577 3.184826 1 0.1085271 0.128187886215113 4.611521655177731 0.0
-0.001614165 0.01921642 -6.57168 -11.51117 2.993438 2.972366 0.5620494 20.5463 nan 0 0.0 0.019284095163207036 13.254961817798646 0.0
0.01070823 -0.007492786 -3.202467 -3.48035 1.727653 1.697108 0.2579063 20.05806 nan 0 0.0 0.013069354680882142 4.7295487108802465 0.0
-0.06034396 -0.04790052 1.218983 3.107936 0.3353752 0.3330586 0.3319234 17.69806 2.105371 0 0.0 0.07704448925622132 3.3384406141767746 0.0
0.08065049 0.01996121 -1.469453 -10.53385 2.076894 1.953503 0.4093839 20.2152 2.027355 0 0.0 0.08308400232237372 10.635849187615861 0.0
0.06844317 -0.01570134 -3.223716 -4.600009 0.6327788 0.4953723 0.06067816 18.87708 2.372705 1 0.8995905 0.07022107658989928 5.617154764534889 0.0
0.0087408 0.01858834 -4.320281 -3.884454 2.2908 2.208404 0.3180737 19.89889 1.611191 0 0.0 0.02054088529240159 5.809802991244798 0.0
0.02321183 -0.01454997 -8.091088 -7.838874 2.664606 2.664476 0.5324953 20.34015 nan 0 0.0 0.027395084941459844 11.265595883557157 0.0
0.01979152 0.004189896 -2.287521 -4.299476 0.2221226 0.2090663 -0.07497011 16.64505 2.436621 1 0.991634 0.020230162935607216 4.87013821159287 0.0
-0.08596936 0.02724106 -0.4258887 -4.846219 0.3156431 0.3143297 0.3350009 17.74225 2.185806 1 0.0 0.09018207254622838 4.8648966875719655 0.0
0.08497576 -0.003740767 -3.323369 -3.654153 1.846165 1.765937 0.4048763 20.03445 0.7012463 0 0.0 0.085058057380391 4.939394260187174 0.0
-0.09708278 0.0334377 0.06324665 -4.225024 1.264344 1.219988 0.2483177 19.69665 1.965427 0 0.0 0.1026798225252576 4.225497359993522 0.0
-0.003340132 0.03782164 3.881573 -6.435669 2.17759 2.049569 0.4467829 20.02648 nan 0 0.0 0.037968841621348205 7.515613376956667 0.0
-0.06967697 0.009623775 -2.29237 -4.362328 0.4041735 0.3554712 0.1260202 18.00064 2.524353 1 0.9558674 0.07033844747811488 4.9279677146349075 0.0
-0.04836808 0.0676085 -6.401742 -9.087846 1.945766 1.882188 0.107586 20.2333 nan 0 0.0 0.08312869802382568 11.11626041230953 0.0
-0.02435159 -0.001916703 -8.24 -6.341373 1.574366 1.543084 0.1863879 20.08594 1.16724 0 0.0 0.024426904959865648 10.397625282973463 0.0
-0.02711202 0.08690595 2.541802 4.094285 1.844196 1.833137 0.3115637 20.1349 1.947294 0 0.0 0.09103683745541086 4.819120985037521 0.0
-0.05108994 0.03697525 -1.251977 -2.084432 0.2464459 0.2393315 0.3214265 16.9886 2.591148 1 0.0 0.06306624359961596 2.4315228090957732 1.0
-0.009427704 0.1108243 2.22143 -6.090428 2.318569 2.158144 0.2251622 20.4661 1.316048 0 0.0 0.11122457944717802 6.482905557547789 0.0
-0.04860011 -0.0278791 -2.59418 -4.393841 0.1326259 0.1063079 -0.1763354 15.82451 2.703444 1 0.9952651 0.05602869719011946 5.102510029944184 0.0
-0.09942431 0.07970849 -2.996789 -9.775771 2.567228 2.4323 0.3162054 20.49934 1.062227 0 0.0 0.12743090989652472 10.224795496975087 0.0
0.07353025 -0.01065147 -0.5916404 -5.005339 2.397102 2.255322 0.420101 20.20287 2.096361 0 0.0 0.07429772189120876 5.0401842097122955 0.0
0.01700802 0.05647472 -6.953374 -9.693423 3.039897 2.982141 0.07845457 20.6449 1.354286 0 0.0 0.05898022332442291 11.929453442668905 0.0
0.003351932 0.09445078 -1.854833 -4.295224 1.109114 1.071598 0.3580923 19.49897 nan 0 0.0 0.09451023907884809 4.6786060603629585 0.0
0.04316889 0.04365274 -3.570249 -4.130934 1.821395 1.755408 0.1722176 20.19384 1.26055 0 0.0 0.0613931166609067 5.459971944466107 0.0
-0.01360148 -0.0690077 0.08647539 -3.081132 3.455569 3.20869 0.2042797 20.53209 nan 0 0.0 0.07033536036362081 3.0823452750299816 0.0
-0.03143067 -0.08185743 -5.962667 -7.041357 3.509076 3.285829 0.109682 20.61332 1.642416 0 0.0 0.08768423953512854 9.226814518258074 0.0
0.08140532 0.008212289 0.5495301 -3.786025 0.5397556 0.4203463 -0.01762192 18.73467 2.050713 1 1.14764e-05 0.08181850533297416 3.825698450143583 0.0
0.0242151 0.06399315 -2.408167 -0.3885395 1.812221 1.730816 0.2439175 20.18881 2.736279 0 0.0 0.06842144630839442 2.4393095832528617 1.0
-0.03194327 -0.1098583 1.488312 -1.054072 1.70293 1.574022 0.4769989 20.00328 1.871637 0 0.0 0.11440812286364506 1.8237709260013988 0.0
-0.01793156 -0.03855943 -2.283041 -5.674943 0.3616311 0.352657 0.1114881 18.12731 2.449511 1 0.2421037 0.0425249395761887 6.116964464579634 0.0
0.08055389 -0.01244748 2.794115 0.5692339 0.9614603 0.919216 0.1972458 19.38711 2.091497 0 0.0 0.08150993161868374 2.8515094013757367 0.0
-0.03206431 -0.1103842 1.489699 8.747108 2.822491 2.791069 0.2500649 20.58975 nan 0 0.0 0.11494690768096417 8.873054799462528 0.0
0.001050246 0.007530094 -2.735539 -4.092483 0.1323612 0.09908085 0.1874058 14.52738 3.154771 1 0.9915973 0.007602981803828811 4.9225593674236165 0.0
-0.02368926 0.07000466 -4.837507 -1.584691 2.332578 2.188636 0.2809271 20.377 1.843569 0 0.0 0.07390421815473863 5.090453765680423 0.0
-0.1050221 0.06090651 -1.966409 -4.495682 1.392856 1.345477 0.3042551 19.56196 1.808437 0 0.0 0.12140529003626695 4.906925819737344 0.0
0.01346515 0.05338398 -0.5203192 -5.47603 1.155038 1.125577 0.06821952 19.57864 1.885426 0 0.0 0.055055967752487105 5.500694195352859 0.0
0.07516488 -0.01224342 -0.4563182 -1.656537 1.259785 1.210504 0.1970232 19.65643 2.084408 0 0.0 0.07615550222216909 1.7182377984493997 0.0
-0.1163434 0.04697295 -4.113724 -0.7698641 1.732896 1.730644 0.2909687 20.08484 1.163387 0 0.0 0.12546810254109408 4.185142277228436 0.0
0.004138667 0.02659593 -4.930011 -5.591281 0.6243598 0.464018 -0.0744543 18.39479 2.179092 0 0.0 0.02691601859677224 7.454356557147103 0.0
0.03193432 0.03036661 -3.387801 -4.972484 3.652941 3.520766 -0.4270169 20.64722 0.3238525 0 0.0 0.044067355227588825 6.016875663154175 0.0
-0.09551118 0.04720098 -2.400357 -2.002353 1.062377 1.019217 0.2274141 19.50286 2.120171 1 0.1651533 0.1065378712850637 3.125880878097884 0.0
-0.02903762 -0.1072173 -1.853658 -4.406295 0.7883463 0.7353911 0.1988006 19.19283 1.877998 1 0.6231496 0.11107984873303708 4.780322542254759 0.0
-0.04827285 0.0261051 -0.8039072 4.409536 1.707356 1.649839 0.2953093 20.02056 2.425035 0 0.0 0.0548793612675339 4.4822175897102365 0.0
0.03856475 0.02384773 -8.040749 -2.180662 3.398008 3.492618 -0.433232 20.54823 0.5829048 0 0.0 0.04534263080937629 8.331202268535137 0.0
-0.1285654 0.008256674 -4.148013 -2.383851 0.8717041 0.8417987 0.3982183 19.00918 2.066959 0 0.0 0.12883025554077843 4.784219626895279 0.0
0.03108982 0.07878278 -3.656955 -1.233745 1.296542 1.295507 0.190808 19.46698 2.154995 0 0.0 0.08469535602475971 3.85946195693778 0.0
0.03165711 -0.03700664 -2.60166 -4.362706 0.1918233 0.1884999 0.3549251 16.4948 2.749328 1 0.9932184 0.048699733239943935 5.079551003586439 0.0
0.06451888 0.06539397 -2.10867 -3.158217 1.612674 1.654372 0.5055861 19.96516 1.916788 0 0.0 0.09186434122560995 3.7974759759594265 0.0
0.1018188 0.03867567 -2.277717 -9.000078 0.3429636 0.302379 0.2406386 18.22536 2.286057 1 0.0 0.1089168282837363 9.283824574935322 0.0
-0.0802202 0.04824917 -3.784444 -3.60465 0.8003375 0.7696694 0.1922048 19.09878 2.37442 1 0.4875989 0.09361230097443872 5.226424974266444 0.0
0.07628724 0.0005937985 -4.801381 -1.284941 2.511929 2.383878 0.1390895 20.53335 nan 0 0.0 0.07628955094556661 4.970345348227022 0.0
-0.08010495 0.08174841 3.062481 0.1662123 1.208812 1.134228 0.2336721 19.5221 1.867348 0 0.0 0.11445350825566947 3.0669881649644966 0.0
