jas1101finalproject/data/gcs/IC_4499.ecsv
# %ECSV 0.9
# ---
# datatype:
# - {name: x, unit: deg, datatype: float64}
# - {name: y, unit: deg, datatype: float64}
# - {name: pmx, unit: mas / yr, datatype: float64}
# - {name: pmy, unit: mas / yr, datatype: float64}
# - {name: pmx_e, unit: mas / yr, datatype: float64}
# - {name: pmy_e, unit: mas / yr, datatype: float64}
# - {name: pm_corr, datatype: float64}
# - {name: g_mag, unit: mag, datatype: float64}
# - {name: bp_rp, unit: mag, datatype: float64}
# - {name: filter, datatype: int64}
# - {name: memberprob, datatype: float64}
# - {name: r, unit: deg, datatype: float64}
# - {name: pm, unit: mas / yr, datatype: float64}
# - {name: member_prob_GMM, datatype: float64}
# meta: !!omap
# - comments: [deg deg mas/yr mas/yr mas/yr mas/yr dimless mag   mag   zeroone float]
# - __serialized_columns__:
#     bp_rp:
#       __class__: astropy.units.quantity.Quantity
#       unit: &id001 !astropy.units.Unit {unit: mag}
#       value: !astropy.table.SerializedColumn {name: bp_rp}
#     g_mag:
#       __class__: astropy.units.quantity.Quantity
#       unit: *id001
#       value: !astropy.table.SerializedColumn {name: g_mag}
#     pm:
#       __class__: astropy.units.quantity.Quantity
#       unit: !astropy.units.Unit {unit: mas / yr}
#       value: !astropy.table.SerializedColumn {name: pm}
#     pmx:
#       __class__: astropy.units.quantity.Quantity
#       unit: !astropy.units.Unit {unit: mas / yr}
#       value: !astropy.table.SerializedColumn {name: pmx}
#     pmx_e:
#       __class__: astropy.units.quantity.Quantity
#       unit: !astropy.units.Unit {unit: mas / yr}
#       value: !astropy.table.SerializedColumn {name: pmx_e}
#     pmy:
#       __class__: astropy.units.quantity.Quantity
#       unit: !astropy.units.Unit {unit: mas / yr}
#       value: !astropy.table.SerializedColumn {name: pmy}
#     pmy_e:
#       __class__: astropy.units.quantity.Quantity
#       unit: !astropy.units.Unit {unit: mas / yr}
#       value: !astropy.table.SerializedColumn {name: pmy_e}
#     r:
#       __class__: astropy.units.quantity.Quantity
#       unit: &id002 !astropy.units.Unit {unit: deg}
#       value: !astropy.table.SerializedColumn {name: r}
#     x:
#       __class__: astropy.units.quantity.Quantity
#       unit: *id002
#       value: !astropy.table.SerializedColumn {name: x}
#     y:
#       __class__: astropy.units.quantity.Quantity
#       unit: *id002
#       value: !astropy.table.SerializedColumn {name: y}
# schema: astropy-2.0
x y pmx pmy pmx_e pmy_e pm_corr g_mag bp_rp filter memberprob r pm member_prob_GMM
[from data line 2623]
0.04104255 -0.01631762 0.3357255 -3.622047 3.017652 2.783482 0.629232 20.62488 nan 0 0.0 0.044167359361488884 3.637572828351241 1.0
0.02345817 -0.01429195 -4.567854 0.9661654 1.404767 1.36616 -0.1981062 20.46617 0.5102329 0 0.0 0.027468992965731378 4.6689148359627595 1.0
0.03176578 -0.07296891 1.387537 0.3521942 1.192791 1.101139 0.06473935 20.26975 0.6721764 0 0.0 0.07958345685880013 1.4315375233931662 1.0
-0.01575148 -0.08126646 -5.083759 -5.482999 0.8459196 0.845729 0.0778589 20.10426 1.445116 0 0.0 0.08277890216185523 7.477157454814096 0.0
0.01865562 -0.0118605 2.653223 1.993805 0.7950159 0.8270271 0.1516544 19.78412 0.8802681 0 0.0 0.022106641939344834 3.318862857328395 1.0
-0.03322441 -0.01236657 0.57877 -0.5802049 0.08120721 0.08146627 0.1754345 16.39808 1.307393 1 0.9998238 0.03545128309967074 0.8195196391081851 1.0
-0.07629678 -0.01158466 -2.207756 -10.85681 2.48118 2.184585 -0.08093112 20.86983 1.475414 0 0.0 0.07717125751006004 11.0790121369929 0.0
0.01408668 0.02580018 0.8084904 -0.9879186 0.9567036 0.9885373 -0.03045367 20.16492 0.7553768 0 0.0 0.02939530305090934 1.2765734946011216 1.0
0.0431402 -0.01717578 -2.600008 -5.790223 1.532706 1.281668 0.1091772 20.5099 1.191444 0 0.0 0.04643365454762741 6.347182366199431 0.0
-0.002537715 0.03681398 0.4442589 -0.1368454 0.4260318 0.4165655 -0.1831889 18.86801 1.217699 1 0.9980009 0.036901343076663554 0.46485764888874315 1.0
0.01836529 -0.01154701 1.380232 0.8194821 0.7882557 0.8317239 0.2130714 19.73788 nan 0 0.0 0.02169371606535404 1.6051764034038158 1.0
-0.01540892 0.001520923 2.591614 -0.1147442 0.2711767 0.2796828 0.1951378 17.65057 1.227442 0 0.0 0.015483798705044217 2.5941529169325466 1.0
0.03062658 -0.01449985 -3.273868 -1.60008 1.102236 1.195917 -0.1083111 20.25249 0.6120071 0 0.0 0.03388558768147455 3.6439631842026063 1.0
-0.003689127 -0.00144789 0.6511918 -0.5425189 0.09018872 0.0886233 0.1529324 16.49148 1.289534 0 0.0 0.003963085095506908 0.8475715410774775 1.0
0.008901543 0.01340236 14.15612 10.3974 2.121727 1.391732 -0.07172132 20.20337 0.8925571 0 0.0 0.016089149180439872 17.564215331588258 0.0
-0.02377842 0.03812889 2.133649 -0.02026371 1.015592 1.032149 -0.1371498 20.175 0.8759918 0 0.0 0.044935793197945224 2.1337452221724984 1.0
0.004371846 0.01622144 0.180153 -0.7153751 0.5885569 0.6589288 0.05464377 19.74759 0.9738922 0 0.0 0.01680024265066776 0.7377104019254508 1.0
-0.01190764 -0.02993663 2.069698 -1.811279 1.978966 1.58772 -0.1009327 20.6241 0.8475113 0 0.0 0.032217909710695075 2.7503420563713523 1.0
-0.007959885 -0.001206925 -4.996757 -3.000967 1.616797 1.394877 0.1041892 20.04909 0.5693874 0 0.0 0.00805086561612166 5.828669097841976 1.0
-0.004447095 -0.002569805 0.2724059 -0.8536979 0.1133073 0.1116109 0.0985776 17.0003 1.311279 0 0.0 0.005136200120424632 0.8961055065220948 1.0
-0.006299273 0.01850895 0.6797426 -1.991595 1.78192 1.319697 -0.2536955 20.44052 0.8253422 0 0.0 0.01955152348107505 2.1044003056167235 1.0
-0.00078457 -0.005048135 -0.8420009 -1.422611 1.262038 1.275877 -0.01041305 20.17197 nan 0 0.0 0.005108739283142661 1.6531145068995705 1.0
0.01944145 -0.01212944 2.461551 0.7740111 1.211259 0.8744125 0.0915604 20.06415 0.7590942 0 0.0 0.022914914200496145 2.580373327354825 1.0
0.02332812 0.0002501247 -1.894594 -4.910041 1.82464 1.947775 -0.1312467 20.64219 0.9893208 0 0.0 0.023329460883182666 5.2628878998622985 1.0
-0.00831105 -0.001436171 7.029097 5.010726 2.084144 1.648073 -0.5850497 20.40925 nan 0 0.0 0.00843422428227641 8.632240710411462 0.0
0.00104633 -0.002492318 -0.8636823 -0.5004951 0.2458522 0.2376947 0.1149033 17.28243 1.046869 0 0.0 0.002703045593774548 0.9982196453973945 1.0
0.01916991 -0.0117473 4.806803 0.8006207 2.058871 1.644383 -0.01702355 20.59755 nan 0 0.0 0.022482982602361725 4.87302253084033 1.0
0.02407515 -0.00222407 -3.106257 -0.3764658 1.538012 1.510065 -0.1807873 20.5481 0.619566 0 0.0 0.024177661898690698 3.128986904513766 1.0
-0.008786402 -0.001497725 10.1521 -3.007014 2.08514 1.958443 0.1622174 20.43709 0.71068 0 0.0 0.008913138632447552 10.588071949424787 0.0
-0.06595143 0.03771309 -0.7533355 0.3426169 3.460058 2.600169 -0.3929112 20.87514 0.3176727 0 0.0 0.07597281274504057 0.8275872858652796 1.0
0.01812677 0.03638153 -0.07984384 -1.789729 1.136571 1.162743 -0.1082826 20.33147 0.9485035 0 0.0 0.04064720797021366 1.7915091214467609 1.0
-0.004608566 -0.009138808 0.883991 -0.2267074 0.1967553 0.1973334 0.1519008 17.78184 nan 0 0.0 0.010235071677190151 0.9125986704437827 1.0
0.0318082 -0.03696569 0.6118677 1.35535 1.165153 1.074003 -0.052654 20.23277 0.9972649 0 0.0 0.048767036248024136 1.4870627776940992 1.0
0.007260923 -0.007141917 0.7260582 -3.997193 0.8393813 0.9507953 -0.06111469 19.8564 0.7798882 0 0.0 0.010184693478294671 4.062599215900609 1.0
0.01780926 0.02184059 1.606796 -3.148395 1.624127 1.604857 -0.1053619 20.63512 0.7108364 0 0.0 0.028181219159143914 3.5347113689297176 1.0
-0.004091995 0.006082123 -2.884639 -0.9943382 0.4182848 0.4325224 -0.07194029 18.55238 1.029707 0 0.0 0.007330528171090676 3.051204781115197 1.0
-0.01932213 0.02289751 -0.08015767 -2.639419 2.156586 1.848084 -0.03942832 20.73911 0.4266872 0 0.0 0.029960652061278643 2.640635891148348 1.0
0.02047112 0.00828426 1.136009 -2.377007 1.208277 1.180219 -0.1447148 20.34122 0.7493153 0 0.0 0.022083833856511418 2.63451679177226 1.0
-0.00226797 -0.005239159 0.5073712 -0.4107674 0.05342187 0.05722165 0.1005044 15.81073 1.459967 1 0.9999603 0.005708981953744556 0.6528057838991626 1.0
-0.00490522 0.006234245 2.998748 -3.223758 0.493827 0.5206254 -0.006734295 18.78341 0.974268 0 0.0 0.00793265365236785 4.402851940511741 1.0
0.0321168 0.007238132 0.9600333 -0.1647997 2.603911 2.190243 -0.04051522 20.86764 0.9012527 0 0.0 0.032922323689093154 0.9740753965833343 1.0
0.0231167 0.009894348 5.057541 -0.4804564 3.342233 2.49654 -0.3765348 20.95962 0.5255833 0 0.0 0.025145177295758006 5.0803109470761685 1.0
0.01855577 0.01488847 -0.15824 -0.05963565 1.197983 1.137506 -0.1194243 20.34575 0.8250771 0 0.0 0.023790400148669212 0.16910443031133895 1.0
-0.01193311 -0.00376019 8.860218 3.250039 3.362379 1.974441 -0.3115442 20.61785 0.587801 0 0.0 0.012511520415529042 9.437489947493718 0.0
-0.05371708 -0.01611213 2.614047 -1.04 2.770014 2.082314 -0.2575235 20.7877 0.7867355 0 0.0 0.05608141775011845 2.8133328488127742 1.0
-0.01124193 -0.003011486 2.383839 1.507756 1.160079 1.196435 0.03992129 20.40222 0.8225784 0 0.0 0.011638300479584467 2.82064115644954 1.0
-0.009145199 0.001301854 0.1286341 -2.017069 1.943587 2.187138 -0.2266229 20.60409 nan 0 0.0 0.009237396201685677 2.021166515268796 1.0
0.02904613 -0.04099851 -6.551052 -1.675945 4.50389 3.547387 -0.2213916 20.94541 1.033215 0 0.0 0.05024495487307159 6.762031791534923 0.0
-0.05038074 -0.04483044 1.282266 -1.496649 0.5389185 0.5517544 0.2082493 19.42995 1.45023 0 0.0 0.06743876714132013 1.9708283344718278 1.0
-0.0277667 -0.03150283 0.5501828 -0.5608059 0.1642935 0.1695779 0.2617402 17.56191 0.8020954 1 0.9996823 0.041993069986593023 0.785623555458115 1.0
0.0004186434 0.008951832 4.793333 -4.533504 2.220288 1.838832 -0.05205566 20.67573 nan 0 0.0 0.008961615839377827 6.597628344102523 1.0
-0.004292863 0.006394821 -0.6234845 -0.5598859 1.578874 1.61886 0.1287108 19.95396 nan 0 0.0 0.007702104151386814 0.8379768151679735 1.0
-0.0117743 0.02957291 -7.240703 -2.428034 1.524005 1.256299 -0.07115487 20.42453 0.7789307 0 0.0 0.03183066361793452 7.636958101192189 0.0
0.00428768 0.002488573 0.4639602 -0.8658719 0.1622825 0.1649961 0.1294798 17.40819 0.9405766 0 0.0 0.004957539244295399 0.9823406814306582 1.0
0.01186028 -0.008909927 -3.361214 -2.399757 0.2868317 0.2742007 -0.1722408 18.14594 0.9428139 0 0.0 0.014834184872237807 4.129962858530933 1.0
-0.01954847 -0.01677602 -9.77429 3.33085 4.190647 2.922808 0.05146337 20.84655 1.013224 0 0.0 0.025759998571065566 10.326243592255608 0.0
0.005310641 0.004448702 -0.01025472 0.01483199 0.5345373 0.5869082 0.05763206 19.53855 1.066748 0 0.0 0.006927759906036366 0.018031838775856998 0.0
-0.02256334 -0.01506752 2.098098 -2.950345 1.292817 1.476765 0.088176 20.48187 1.035662 0 0.0 0.027131798150988814 3.620297064693587 1.0
0.001634994 0.0156045 4.160257 2.411383 3.128032 2.781609 0.008686366 20.94385 0.9086838 0 0.0 0.015689921147986563 4.8085867236369975 1.0
0.01859976 -0.01017427 0.9803997 -0.3705926 0.4165221 0.328143 -0.1427171 18.56374 1.11363 0 0.0 0.021200633058720206 1.0481042156841323 1.0
-0.04283459 0.03948262 -5.82343 -4.190408 0.4582078 0.5309559 0.05189569 19.43255 1.085203 1 0.0 0.058255294888383324 7.174388905778944 0.0
0.02180794 -0.0006915454 1.499404 -2.062034 1.385414 1.35525 -0.1618015 20.48235 0.7987881 0 0.0 0.021818901944961878 2.549548307518805 1.0
-0.009205296 -0.0003461669 3.446167 -3.460806 1.628417 1.812481 -0.02382174 20.6085 nan 0 0.0 0.009211802536435072 4.883978415341841 1.0
-0.006253517 0.005310128 3.16908 -3.259457 0.9069061 1.004479 0.1718428 20.03627 1.127123 0 0.0 0.008203897503362229 4.546111303218279 1.0
0.01234877 -0.02647357 -7.154472 -3.761073 2.91899 2.253887 -0.175939 20.81085 0.1658916 0 0.0 0.029212018572118567 8.082829932029561 0.0
0.01235757 -0.009154837 -3.915092 -0.9602186 0.6511798 0.7808001 0.09434257 19.62299 0.8578529 0 0.0 0.015379225494200578 4.031124548838694 1.0
0.02318456 -0.01400122 1.671201 -0.7437386 3.401803 2.686514 -0.07613833 20.84808 nan 0 0.0 0.027084275583482014 1.8292238483933452 1.0
-0.02263116 -0.005164724 0.5064827 -0.4802545 0.1019191 0.1021948 0.08324115 16.77114 1.39119 1 0.9999351 0.02321300878692325 0.6979750068373078 1.0
0.04605261 0.03918217 0.7729924 -1.666885 0.5925387 0.6423486 0.07512845 19.75161 1.213379 1 0.9728715 0.06046557147436052 1.8373956715097486 1.0
0.008956069 0.008557631 0.3286772 -0.3930756 0.1797919 0.1792338 0.1315479 17.83288 1.220236 0 0.0 0.01238726040191785 0.5123837713230192 1.0
0.004932961 0.03886515 1.461055 -0.2894084 1.185793 1.192056 -0.1008355 20.38665 0.9212551 0 0.0 0.03917695736973484 1.4894424913421667 1.0
0.002444461 0.01397923 3.351581 -2.676913 2.449004 1.582383 -0.05670707 20.61432 0.6015186 0 0.0 0.014191344579475936 4.2894007051253675 1.0
0.01915842 0.008905559 -1.281885 16.9266 3.2551 2.422672 -0.06716768 20.86515 0.8541031 0 0.0 0.0211270925117225 16.97507044796059 0.0
0.01140792 -0.02594571 -4.140783 -2.148047 2.516113 2.232695 -0.03157612 20.82854 0.6186676 0 0.0 0.028342909274287637 4.664781856346339 1.0
-0.00515724 -0.04749212 -4.298044 -3.011821 0.5158483 0.5556215 0.07783163 19.45052 0.9742279 1 0.0 0.04777131552000635 5.2482614227929805 0.0
0.02326675 -0.007180756 -1.471271 -0.06614358 1.710053 1.591652 -0.1061582 20.74188 0.7139492 0 0.0 0.0243496388534622 1.4727570500989686 1.0
-0.005329596 0.003510273 13.79227 -3.260415 2.855841 3.730588 -0.1469686 20.2664 nan 0 0.0 0.006381740362765082 14.172403385633821 0.0
-0.03842037 -0.007667714 4.891099 -2.749475 1.285476 1.192482 -0.05714606 20.23248 0.836153 0 0.0 0.03917803809435454 5.6109234715353224 1.0
0.00235779 0.001261059 0.7472534 -0.4464951 0.1667673 0.1611598 0.2275041 17.52896 0.8430958 0 0.0 0.0026738443271030195 0.8704857943330091 1.0
-0.004080379 0.03956754 0.671121 0.7983242 0.9768362 1.059957 -0.03971344 20.16438 0.9530468 0 0.0 0.03977737691747962 1.0429405184125506 1.0
-0.009283504 -0.01109608 0.784967 -0.1549455 0.06678918 0.07483515 0.1252541 15.84421 1.437995 0 0.0 0.014467426788631626 0.8001133038884243 1.0
-0.08483248 0.04757314 -7.88185 -3.825926 1.68012 1.815723 0.1080602 20.58141 1.644819 0 0.0 0.09726126316478724 8.761350876433154 0.0
-0.001022867 0.0002847843 0.57794 -0.4600342 0.08926714 0.08764663 0.1093086 16.48449 1.376705 1 0.9999402 0.0010617716313857184 0.7386786234687179 0.0
-0.006622973 0.004287486 -8.846452 3.165905 3.842398 3.091485 -0.3949689 20.70732 nan 0 0.0 0.007889632916614372 9.395885666467477 0.0
-0.01266944 -0.02246102 0.7115532 -0.423767 0.1193648 0.1236259 0.1050566 17.08696 1.320539 1 0.9995794 0.025787829093469657 0.8281826046949066 1.0
-0.0005263453 0.05747477 -4.562089 1.029434 0.6119866 0.770572 0.1193773 19.84733 1.204613 1 0.0 0.057477180045020754 4.676792747629191 0.0
-0.006366701 0.004569986 1.283592 -0.4748747 0.5009407 0.5210372 0.1814184 19.22324 1.0459 0 0.0 0.00783706920114892 1.3686176979580857 1.0
-0.01117933 -0.01932306 21.65683 -8.029388 2.710227 2.450918 0.5760347 20.53673 nan 0 0.0 0.022323934846090642 23.097388538608513 0.0
-0.01660132 -0.000777965 1.03291 -0.00671709 0.2395061 0.2584091 0.2403984 17.90371 1.147722 0 0.0 0.016619538359522054 1.0329318406352221 1.0
-0.05952357 -0.05998631 -1.344746 1.743639 1.762415 1.752658 0.02192411 20.74906 0.8411198 0 0.0 0.08450688003329078 2.201957939388716 1.0
-0.01854531 -0.03348963 0.4936544 -0.4128809 0.07836126 0.07747013 0.1609419 16.38437 1.425284 1 0.9999077 0.038281638425399195 0.6435567606856213 1.0
0.02695638 -0.01301385 22.76427 12.81496 2.794522 2.884353 0.02844151 20.3117 0.7358379 0 0.0 0.02993337125228129 26.123460498840885 0.0
-0.01669359 0.004692127 0.9887444 -0.09783955 0.1547108 0.158474 0.2405687 17.36378 0.953474 1 0.9720576 0.017340472971410816 0.9935733823304459 1.0
0.01334889 0.02740365 -10.50771 1.0673 1.672833 1.751413 -0.0327785 20.51506 1.620434 0 0.0 0.03048200940808529 10.5617753590057 0.0
0.01968616 -0.03539978 -1.15586 7.619386 0.21752 0.2175088 0.1195381 17.99023 1.031904 0 0.0 0.04050542333557323 7.706559242398388 0.0
0.01129553 0.004747539 3.273718 0.1810098 1.547783 1.584272 -0.1789884 20.54067 1.054209 0 0.0 0.012252678259769209 3.2787183610703803 1.0
0.002776585 0.01023309 0.2817185 -0.06361406 0.9612353 0.9501812 -0.01028711 20.16867 0.7630386 0 0.0 0.010603091776002178 0.2888114642321762 1.0
0.00688528 0.02146866 -0.231685 -1.325935 1.277761 1.317275 -0.1323713 20.45301 0.9191074 0 0.0 0.022545741124966375 1.3460243547016526 1.0
-0.03591034 -0.06142833 1.418235 -0.3285969 0.7162521 0.764418 0.2697462 19.83728 1.117792 0 0.0 0.07115470641851107 1.4558043954853996 1.0
-0.003222376 -0.01051141 -9.686172 -3.456846 1.089837 1.074899 0.1949157 17.62364 0.768343 0 0.0 0.010994246098458775 10.28453753366188 0.0
-0.03452073 -0.04404211 0.5622637 -0.557061 0.1813019 0.1839744 0.2618575 17.82088 1.2342 1 0.9993909 0.055958808537932614 0.7914906354838888 1.0
0.03665133 -0.01516664 -5.272543 -2.899908 1.443269 1.465778 0.05043111 20.44201 1.483763 0 0.0 0.03966543784781028 6.0174060936015445 1.0
-0.05854081 0.03964856 0.1457674 -0.1247939 0.2445994 0.264056 -0.07684054 18.10724 1.254599 1 0.9915138 0.07070385240939633 0.19188968805011383 1.0
0.03392559 -0.0454662 1.182201 -1.012677 0.4329628 0.4301257 -0.05571324 18.81615 1.197464 1 0.9892393 0.05672848490210275 1.55663544567442 1.0
0.01314422 0.03777235 -11.65066 1.835907 3.48686 2.68058 0.3202111 20.81514 1.227953 0 0.0 0.03999401135083727 11.79442380738665 0.0
0.005812966 -0.02381094 -3.735542 2.949353 4.238946 2.997551 0.2356019 20.99867 0.6020088 0 0.0 0.024510231280033976 4.759512280935201 1.0
0.01049803 0.01168377 0.3951237 -0.7626063 0.1840441 0.1865749 0.1175752 17.86529 1.174185 0 0.0 0.015707294970611584 0.8588894615149146 1.0
-0.00646753 -0.01358806 0.8161245 -0.5215833 0.1647303 0.1489711 0.1270897 17.5576 0.8398571 0 0.0 0.015048731470276822 0.9685599301742458 1.0
-0.01401187 -0.01764152 0.1167372 4.154284 2.969868 2.43208 -0.2902005 20.7943 0.7622585 0 0.0 0.022528997510038035 4.155923859567189 1.0
-0.006941288 0.0204005 -1.470345 1.370394 3.645007 2.248373 -0.2712877 20.87874 0.8747864 0 0.0 0.0215490575048874 2.0099487889647834 1.0
0.03949578 -0.04873499 -4.992943 -3.916295 0.2730059 0.2997424 0.1646479 18.1369 1.701242 1 0.0 0.06272970498980926 6.345616307993574 1.0
-0.02453074 0.02356962 -4.74795 2.110745 2.553764 1.966481 -0.2802448 20.78341 1.005213 0 0.0 0.034018879932943114 5.19598630266911 1.0
0.007557893 0.01597488 2.674865 6.121975 1.248262 1.102746 -0.05509294 20.28657 0.9555111 0 0.0 0.017672536253007066 6.680829339898603 1.0
