jas1101finalproject/data/gcs/IC_4499.ecsv
# %ECSV 0.9
# ---
# datatype:
# - {name: x, unit: deg, datatype: float64}
# - {name: y, unit: deg, datatype: float64}
# - {name: pmx, unit: mas / yr, datatype: float64}
# - {name: pmy, unit: mas / yr, datatype: float64}
# - {name: pmx_e, unit: mas / yr, datatype: float64}
# - {name: pmy_e, unit: mas / yr, datatype: float64}
# - {name: pm_corr, datatype: float64}
# - {name: g_mag, unit: mag, datatype: float64}
# - {name: bp_rp, unit: mag, datatype: float64}
# - {name: filter, datatype: int64}
# - {name: memberprob, datatype: float64}
# - {name: r, unit: deg, datatype: float64}
# - {name: pm, unit: mas / yr, datatype: float64}
# - {name: member_prob_GMM, datatype: float64}
# meta: !!omap
# - comments: [deg deg mas/yr mas/yr mas/yr mas/yr dimless mag   mag   zeroone float]
# - __serialized_columns__:
#     bp_rp:
#       __class__: astropy.units.quantity.Quantity
#       unit: &id001 !astropy.units.Unit {unit: mag}
#       value: !astropy.table.SerializedColumn {name: bp_rp}
#     g_mag:
#       __class__: astropy.units.quantity.Quantity
#       unit: *id001
#       value: !astropy.table.SerializedColumn {name: g_mag}
#     pm:
#       __class__: astropy.units.quantity.Quantity
#       unit: !astropy.units.Unit {unit: mas / yr}
#       value: !astropy.table.SerializedColumn {name: pm}
#     pmx:
#       __class__: astropy.units.quantity.Quantity
#       unit: !astropy.units.Unit {unit: mas / yr}
#       value: !astropy.table.SerializedColumn {name: pmx}
#     pmx_e:
#       __class__: astropy.units.quantity.Quantity
#       unit: !astropy.units.Unit {unit: mas / yr}
#       value: !astropy.table.SerializedColumn {name: pmx_e}
#     pmy:
#       __class__: astropy.units.quantity.Quantity
#       unit: !astropy.units.Unit {unit: mas / yr}
#       value: !astropy.table.SerializedColumn {name: pmy}
#     pmy_e:
#       __class__: astropy.units.quantity.Quantity
#       unit: !astropy.units.Unit {unit: mas / yr}
#       value: !astropy.table.SerializedColumn {name: pmy_e}
#     r:
#       __class__: astropy.units.quantity.Quantity
#       unit: &id002 !astropy.units.Unit {unit: deg}
#       value: !astropy.table.SerializedColumn {name: r}
#     x:
#       __class__: astropy.units.quantity.Quantity
#       unit: *id002
#       value: !astropy.table.SerializedColumn {name: x}
#     y:
#       __class__: astropy.units.quantity.Quantity
#       unit: *id002
#       value: !astropy.table.SerializedColumn {name: y}
# schema: astropy-2.0
x y pmx pmy pmx_e pmy_e pm_corr g_mag bp_rp filter memberprob r pm member_prob_GMM
[from data line 571]
-0.01758206 0.0282727 0.4292056 0.1977053 1.104404 1.126169 -0.120032 20.20657 1.11945 0 0.0 0.033293759161945054 0.4725514074885927 1.0
0.01195045 -0.002592918 6.447615 -1.309611 1.344795 1.473925 -0.1480808 20.50079 nan 0 0.0 0.012228510905143928 6.579272008326301 1.0
-0.0221988 0.08905224 0.1349517 -0.9421722 0.3758193 0.4104058 0.1191417 18.90489 1.254978 1 0.9799509 0.09177738376341746 0.9517880098980708 0.0
-0.06090446 -0.07800292 -8.356385 1.499031 1.121595 1.042819 0.1548105 20.33231 0.9411221 0 0.0 0.09896367402445203 8.489774096357687 0.0
-0.03542265 -0.08375754 1.172606 -2.381851 2.128807 1.806444 0.01883499 20.76353 0.802 0 0.0 0.09094003320801076 2.6548482098675623 0.0
0.007990775 -0.006440724 4.552227 1.699988 1.104289 1.224393 -0.09586961 20.25082 nan 0 0.0 0.010263304085176518 4.8592931440357665 1.0
-0.02529658 0.007057102 0.8233242 -1.390506 3.078248 1.864191 -0.06367091 20.73127 0.7499828 0 0.0 0.02626251412821712 1.615973290107742 1.0
-0.01816098 0.08986362 -6.884373 -11.71338 0.4762723 0.546362 0.1142094 19.3745 1.873907 1 0.0 0.09168037627575926 13.586679602740658 0.0
-0.02006527 0.03054032 -0.9296612 0.1863985 1.33148 1.338617 -0.09819015 20.39146 nan 0 0.0 0.036542115509030124 0.9481636713076967 1.0
0.01243567 -0.001586592 2.244438 -0.2837648 1.451256 1.631698 -0.1694149 20.518 0.6339912 0 0.0 0.012536473288902426 2.2623051070894573 1.0
0.04196576 -0.01844352 0.2925797 -0.370413 0.1462366 0.1490736 0.2097223 17.28036 1.112383 1 0.999164 0.04583981285267208 0.47202613425645196 1.0
0.02177158 0.02798756 -6.02686 -7.420822 0.4892445 0.5335919 0.08726257 19.40165 1.801895 0 0.0 0.035458499833608305 9.559897521170612 0.0
0.01142398 0.006296122 -12.61126 -10.39532 2.900591 2.462009 0.1855165 20.6069 nan 0 0.0 0.013044097181456599 16.343394894880316 0.0
-0.07362143 -0.005623096 1.601444 0.1900068 1.096622 0.9702787 0.1037671 20.29558 0.7572346 0 0.0 0.07383585960676639 1.6126764924132304 1.0
0.02701564 0.002382151 1.204862 0.7611668 2.334133 1.721616 0.06442681 20.13988 nan 0 0.0 0.02712046179541198 1.4251551973263263 1.0
-0.09044436 0.03882793 -1.875653 -0.2690845 1.113682 1.222261 -0.1455381 20.29358 1.798929 0 0.0 0.09842657366735114 1.894856365149942 0.0
0.01034772 -0.003353577 0.788411 -0.9219476 0.4254589 0.3243689 0.1337981 17.07104 1.103286 0 0.0 0.010877581895500902 1.2130866754139047 1.0
0.02703225 -0.008375417 -2.215591 -1.12396 2.327676 2.080342 0.07769907 20.79038 0.65765 0 0.0 0.02830000264993608 2.484377097157555 1.0
0.06835008 -0.01244965 -12.12132 -6.328093 0.4720008 0.5082051 0.1430722 19.35737 1.483988 1 0.0 0.06947465164453075 13.673739779557348 0.0
-0.07143397 -0.05372343 -10.43018 -0.8349784 1.140191 1.080917 0.1280172 20.25862 1.588896 0 0.0 0.08938131236967715 10.463548335094867 0.0
-0.008589567 -0.02447726 4.336346 -4.88457 1.920386 1.995172 -0.01150191 20.15234 0.7261829 0 0.0 0.025940642211693392 6.531685901558341 1.0
-0.002901616 -0.01806438 0.7729782 -1.769988 1.751799 1.530505 0.1616251 20.64413 0.7397881 0 0.0 0.01829593397987258 1.9314121304939655 1.0
-0.01533963 0.004153205 -2.709978 0.3896121 2.204376 2.631079 0.05791649 20.62609 0.7844067 0 0.0 0.015891927520251436 2.7378419145287425 1.0
0.02718293 0.002915633 0.1903473 -0.2362982 0.1568262 0.1491854 -0.5728454 16.59861 nan 0 0.0 0.02733884780263406 0.30342863071986137 1.0
-0.009858681 0.01950474 -0.01673012 0.7779866 0.6306604 0.721591 0.07832541 19.84609 0.935463 0 0.0 0.02185471284477014 0.7781664646428644 1.0
-0.01271994 -0.01168838 4.8563 -1.666461 2.838774 3.262296 -0.07787174 20.8068 nan 0 0.0 0.017274695384521258 5.1342713168005645 1.0
0.02084839 -0.06170904 0.1718223 -1.863178 1.163652 1.112973 0.05834346 20.25072 0.9648018 0 0.0 0.06513571204273198 1.871083953878417 1.0
0.04674052 -0.01261113 -1.869895 1.111243 1.561865 1.265958 -0.006493756 20.41116 nan 0 0.0 0.048411949038923235 2.175170870546496 1.0
0.02049507 -0.05957186 -2.430148 0.8452479 0.2875942 0.2806127 -0.01232727 18.28803 1.420673 1 0.0 0.06299884441927883 2.572948369936406 1.0
0.02090631 -0.003130503 0.7996606 0.1166215 0.4804411 0.5238887 0.07980754 19.35723 1.030342 0 0.0 0.021139390881695457 0.8081198236985714 1.0
-0.01528411 0.007510254 -3.82527 -7.126751 1.138738 1.228438 -0.1976343 20.17693 0.8298054 0 0.0 0.01702961930392503 8.088465267830541 1.0
0.004338834 0.02397292 0.7323512 0.408753 0.3105299 0.3052239 -0.07112873 18.46826 1.205931 0 0.0 0.024362396717194226 0.838699764606167 1.0
0.02666464 0.007418783 -0.8407292 -2.18619 1.450364 1.282434 0.003896498 20.41879 0.7512188 0 0.0 0.027677452330926142 2.3422750273681867 1.0
0.03994117 -0.01099416 0.5510703 -0.3528059 0.06258273 0.06903471 0.2655311 15.91527 1.469091 1 0.9996771 0.04142666550755081 0.6543320858836895 1.0
-0.001503525 -0.01602694 -2.417427 2.079805 3.970293 2.762363 -0.7333003 20.52295 nan 0 0.0 0.016097310122788373 3.1889719563448655 1.0
0.02917189 -0.00891716 -0.1889865 -1.821814 3.281676 3.23589 -0.1514089 20.87385 0.6586056 0 0.0 0.030504342455422637 1.8315900599692745 1.0
0.000645504 -0.02596029 0.2011393 -0.5505906 0.2822462 0.2746955 -0.1658842 18.28119 1.157026 1 0.9991971 0.025968314005690014 0.5861800293534829 1.0
-0.001740759 -0.01617958 -2.049904 -9.043608 1.307818 1.236626 0.06509459 19.93775 0.7760315 0 0.0 0.01627295458337179 9.273022811730812 1.0
0.02297161 -0.007805497 0.2403935 -1.302785 0.1714049 0.170097 0.08486356 17.51591 0.8951244 1 0.3312007 0.0242615055058236 1.3247783931915746 1.0
0.01446502 0.03076624 -0.05615834 -0.3719905 0.5334881 0.558334 0.1230383 19.54415 1.221722 0 0.0 0.033997034096197275 0.3762056501992037 1.0
-0.02451153 0.03671519 2.167488 -3.422687 1.155398 1.311104 -0.05776714 20.45705 0.8653488 0 0.0 0.04414544460844177 4.051270236618757 1.0
0.00098092 0.003313659 3.960243 -7.110135 0.9684195 1.15811 0.0486918 19.36796 1.091333 0 0.0 0.0034557980286297114 8.138645116803778 0.0
-0.08229308 0.0006767184 -2.904625 0.1473377 2.069484 2.283229 0.450591 20.64793 1.457211 0 0.0 0.08229586237277849 2.9083594668586428 0.0
0.0006106248 0.002421058 -0.6114248 1.899551 1.3509 1.183578 -0.05858893 20.15137 nan 0 0.0 0.002496874943952748 1.9955285735002743 1.0
-0.02249097 0.008629682 0.2420194 -0.5841172 0.2227543 0.2263382 0.1369315 17.94852 1.238487 0 0.0 0.024089731068694477 0.6322707436788453 1.0
0.01122872 -0.00578094 0.5743885 -0.7668858 0.08417272 0.083188 0.1177469 16.47581 1.384799 1 0.9967563 0.012629466343515866 0.9581419410368642 1.0
-0.01201089 -0.09741882 -9.137614 -6.057634 0.2312369 0.2221792 0.1942714 18.093 1.259035 1 0.0 0.09815644639443963 10.963161920310764 0.0
-0.00289131 0.04378712 12.49046 -8.332926 3.621288 3.819061 -0.264834 20.83375 0.970562 0 0.0 0.043882474308207596 15.014967423643517 0.0
0.0002334346 -0.02443439 0.3321091 0.3433591 1.390467 1.388828 -0.2273512 20.49221 0.8099213 0 0.0 0.024435505036413247 0.4776943854135403 1.0
0.03729918 0.01260161 1.745744 0.8774997 1.039151 1.04679 -0.09847435 20.21745 1.071474 1 0.9782549 0.039370412790120705 1.9538750822496533 1.0
0.002507427 -0.002828343 0.03194018 0.2837628 2.912058 2.341515 -0.09596193 20.63773 nan 0 0.0 0.0037797770153777588 0.28555472638755675 1.0
0.009668939 0.01264614 -2.212432 -3.629212 3.327532 1.833999 -0.4505276 20.75799 nan 0 0.0 0.015918958454789717 4.250415873249111 1.0
0.01031366 -0.005680499 -1.301824 -0.8692011 2.124451 2.001985 -0.05675141 20.53313 1.210108 0 0.0 0.011774534024096284 1.5653294475020938 1.0
0.0314441 -0.01441917 2.024565 -0.7507235 2.888356 2.213864 -0.02610135 20.86325 0.9747925 0 0.0 0.03459254093441099 2.159270527904563 1.0
-0.01052883 0.02157907 0.6360374 -0.4571174 0.1812513 0.1988605 0.2165626 17.76287 0.4497414 1 0.9997361 0.024010675193209374 0.78326233892708 1.0
-0.01074932 0.0206022 0.5019594 -0.3364394 0.3864005 0.4235616 -0.05762179 18.75179 1.137117 0 0.0 0.023237868346782584 0.6042803232943466 1.0
0.00427993 -0.0003419283 9.821167 -5.40466 2.288908 2.159515 -0.3634959 20.68906 nan 0 0.0 0.004293566788491928 11.210070069249747 0.0
0.0541134 -0.01564945 0.3530241 -0.7167704 0.1407348 0.1447458 0.211226 17.34953 1.324306 1 0.9990518 0.05633085606363976 0.7989905015061005 1.0
-0.02432678 0.006617663 0.8466723 -0.1878279 0.5344083 0.5883146 0.1221676 19.58825 0.9666157 0 0.0 0.025210824832796904 0.8672561926015289 1.0
0.001327857 -0.01203673 -0.8326783 -2.983892 1.049279 0.9580892 -0.02520678 20.12468 0.6926575 0 0.0 0.012109751166120179 3.097896805730444 1.0
-0.01187204 -0.01811863 1.348722 -0.04124724 0.5651692 0.6132457 0.1233129 19.58811 1.045538 0 0.0 0.021661719387862544 1.349352573678065 1.0
-0.01077577 -0.009862033 0.08586499 0.7186356 0.2850672 0.2925858 -0.08909594 18.37142 1.179241 0 0.0 0.01460742667227835 0.7237471396109695 1.0
0.01495308 -0.0597347 -1.284936 -0.7738728 1.321222 1.279416 -0.01991079 20.46425 1.127645 0 0.0 0.06157782868513959 1.4999798780903164 1.0
0.003908288 -0.01592859 1.474446 -2.770729 1.277251 1.089194 0.09268598 20.15893 0.7203102 0 0.0 0.016401057724398264 3.138619154717087 1.0
-0.00926095 0.01353165 0.9957013 -7.429337 4.421362 2.823047 -0.1685644 20.98176 0.6498394 0 0.0 0.016397278634730825 7.4957634259887564 1.0
-0.06388357 0.06872937 -6.800007 -3.94674 0.249321 0.2521506 0.1042408 18.07978 1.152744 1 0.0 0.09383409197376932 7.862369352024173 0.0
0.01513024 -0.007351536 0.7881 -0.9976745 0.5713251 0.6257181 0.05291748 19.55529 0.912262 0 0.0 0.01682168968971001 1.271399236255178 1.0
-0.001523357 -0.02013156 0.6026711 0.3970402 0.3715838 0.3669033 -0.0825733 18.78133 1.141966 0 0.0 0.020189114011839374 0.7217017217599319 1.0
0.0007926893 0.003161093 6.634747 -6.801687 2.290636 2.213733 -0.7118924 20.27748 nan 0 0.0 0.0032589669039411076 9.501726885149772 0.0
0.001460669 0.01391081 0.5289214 -0.8705418 1.288615 1.175852 -0.1465327 20.3666 0.9294224 0 0.0 0.013987286684116435 1.0186269547411357 1.0
-0.07767524 -0.03652469 2.689186 1.755919 4.552764 2.915069 -0.1260734 20.92189 0.2968903 0 0.0 0.08583411844164127 3.21169314803843 0.0
-0.006568652 -0.07938404 0.1094468 -0.4133383 1.392265 1.319437 -0.0295061 20.43681 1.307135 0 0.0 0.0796553387778792 0.42758291859840475 1.0
0.02026913 -0.008972963 0.2055483 -0.2813577 0.1693738 0.1460656 0.1767234 17.52832 0.8101349 1 0.9984878 0.022166454293735594 0.34844261935386145 1.0
-0.01643231 0.03411169 -0.9066877 -2.25114 1.580655 1.76751 -0.09117743 20.58508 0.9564133 0 0.0 0.03786328309315239 2.4268732733563345 1.0
0.005535627 -0.06015717 -5.303383 -6.860329 0.8169555 0.8217723 0.0845441 19.94608 1.339052 0 0.0 0.060411325665739445 8.6712159027976 0.0
0.004044307 -0.0162262 0.5258662 -2.031886 3.102735 2.536231 0.172245 20.74272 nan 0 0.0 0.01672261897999978 2.0988320507602416 1.0
-0.02054942 0.004621933 0.2268542 -0.5736703 4.034224 3.3304 0.1152501 20.98467 0.9934006 0 0.0 0.021062785356948614 0.6168958106193703 1.0
0.02624482 -0.01039454 -4.168687 -5.420023 3.040095 1.929655 -0.2095438 20.72107 0.7869892 0 0.0 0.02822830208574366 6.837733588295028 1.0
0.01727503 0.0240238 1.60783 -1.727932 0.7119074 0.8152235 -0.07447709 19.94505 1.082605 0 0.0 0.029590025818523717 2.360268269821039 1.0
0.005247688 0.006203505 -0.06905738 0.148439 0.4908762 0.4789936 0.0793032 18.86525 1.082363 0 0.0 0.00812537406095061 0.16371639640996377 1.0
-0.001891434 -0.00737529 -0.6862418 0.9843134 1.592603 0.9985349 -0.07880312 20.18702 nan 0 0.0 0.007613962513728052 1.1999169460786858 1.0
0.0221102 0.004594799 1.650911 12.28208 3.851626 3.176573 0.3544834 20.96579 1.108019 0 0.0 0.022582584482082668 12.392537926362017 0.0
-0.05202792 0.01418103 -4.927601 2.992744 2.711749 1.758551 -0.1366734 20.77808 1.72403 1 0.5448877 0.053925931344644386 5.76522057381476 1.0
-0.006014423 -0.006995902 2.275128 -0.9969366 0.266448 0.260329 -0.07835304 18.16889 1.103632 0 0.0 0.009225829437862647 2.4839665860883797 1.0
0.01475269 -0.008220568 0.6106539 -0.08301337 0.1474957 0.1469659 0.1351053 17.41051 0.9841442 1 0.9971346 0.01688844576859351 0.6162705616723606 1.0
-0.001998948 -0.00694807 3.166788 4.67368 0.6248134 0.6251528 0.1385834 19.47341 nan 0 0.0 0.007229901094178536 5.645514235155554 1.0
-0.009856311 -0.0103491 0.3887748 -0.6535359 0.1937062 0.20298 0.1470843 17.805 nan 0 0.0 0.014291631724149661 0.7604308105961054 1.0
0.01299253 0.007651714 2.487428 0.002905771 0.6455796 0.699487 -0.04450799 19.71604 nan 0 0.0 0.015078281166588452 2.487429697235503 1.0
-0.06991507 0.03136913 -0.01872461 0.4286943 0.9172024 0.9974367 0.03937199 20.11696 0.8625183 0 0.0 0.07662988535853228 0.4291030340980381 1.0
0.007914082 0.003530978 -11.22118 -17.95914 2.226719 2.188262 0.1711501 19.93163 1.048784 0 0.0 0.008666054438970944 21.1765339499173 0.0
-0.06072085 -0.01970352 -0.3198313 2.238338 1.425111 1.341767 0.01214248 20.62836 0.5441971 0 0.0 0.06383768734151403 2.261072546979351 1.0
0.004668796 -0.003462573 7.372373 0.7675324 2.107303 1.745792 -0.05733393 20.65686 0.7512245 0 0.0 0.0058126644380993645 7.412218941462722 0.0
0.01289278 -0.005165522 0.8914793 -1.732306 1.638084 1.59588 -0.120849 20.69458 0.5545235 0 0.0 0.013889074614994477 1.9482349498878437 1.0
-0.02920767 -0.02611407 0.4044858 -0.4142705 0.1907499 0.2026664 0.172373 17.84769 1.28212 1 0.9995815 0.03917949257958556 0.5789894727643068 1.0
-0.007435226 0.03420925 5.56743 8.946207 2.68664 3.010191 -0.1926972 20.69592 1.018274 0 0.0 0.03500793297573531 10.537119933442392 0.0
-0.008062896 -0.003549255 5.079881 -0.6008538 0.4412133 0.4478358 -0.07520493 18.62242 1.086834 0 0.0 0.008809512072858575 5.115292392731372 1.0
-0.003065315 -0.02141375 0.09374127 -0.5778241 0.4449336 0.4271027 -0.2598867 18.86596 1.162916 0 0.0 0.021632032847416927 0.5853786093136841 1.0
0.007942775 0.08995674 -4.202845 -0.8109425 0.6304996 0.7436674 0.01754904 19.6397 1.088655 1 0.0 0.09030671484517762 4.280366086251414 0.0
-0.008774065 -0.02902458 -0.4787198 -0.8542594 0.3473009 0.3334201 -0.1035947 18.6367 1.125727 0 0.0 0.0303217819529233 0.9792506162369263 1.0
-0.01134485 -0.03030964 1.839127 -2.849991 1.793797 1.57231 0.1234472 20.5875 0.7937145 0 0.0 0.03236324919491397 3.3918780671200435 1.0
-0.005893644 -0.005546224 0.2804781 -0.2972363 0.3375793 0.5550034 0.2884698 18.185 nan 0 0.0 0.008092937677809707 0.408677602294645 1.0
0.0214013 0.01089867 1.552591 -0.2661677 0.360726 0.3545517 -0.105573 18.73845 1.115717 0 0.0 0.02401659112902787 1.575240952300406 1.0
0.009816184 -0.0004003143 0.3471399 -0.5426683 1.27818 1.064907 -0.3315711 19.88328 nan 0 0.0 0.00982434322795374 0.6442010509126014 1.0
0.05249094 0.02504245 0.653108 -0.3114526 0.194805 0.1838389 0.223658 17.66458 0.6980076 1 0.9988979 0.0581586028381537 0.7235694726221941 1.0
0.03836886 -0.01291655 -2.821345 -2.93009 3.512307 2.234086 0.3261676 20.62586 0.5803699 0 0.0 0.04048464748027454 4.067605563120027 1.0
0.05925885 -0.01274172 0.2219329 -0.08385227 0.3102487 0.3153929 -0.03073133 18.42997 1.188972 1 0.9946465 0.06061322241789245 0.23724547474412003 1.0
0.008283954 -0.01828185 1.599591 -0.3278432 1.892492 1.755039 -0.04707258 20.6768 0.8160381 0 0.0 0.020071121874389978 1.632841857335621 1.0
0.001929846 -0.01516491 -1.598648 -7.996377 1.12427 1.083395 0.03214624 19.92909 0.8318901 0 0.0 0.015287210369842368 8.154613452152898 1.0
0.004974944 -0.01597497 -0.2306841 0.8361575 0.6138719 0.6083555 0.1048808 19.66068 0.9269829 0 0.0 0.01673169848831959 0.8673952494676576 1.0
0.01131416 0.007623797 -1.295279 1.545746 1.374852 1.248065 -0.1403315 20.44293 0.9223404 0 0.0 0.013643038415353415 2.016699874636035 1.0
0.002548803 -0.01537871 -6.848529 1.151188 1.857351 1.433643 -0.03157322 20.22852 0.6619778 0 0.0 0.015588493127846225 6.9446082161044185 1.0
3.359148e-05 -0.007718384 3.515917 -2.650617 1.476163 1.384451 0.09161857 19.97185 0.914711 0 0.0 0.007718457097048904 4.40311739924999 1.0
0.02829992 -0.006197876 0.1839783 -1.068164 0.19 0.1928586 0.1746426 17.541 0.8075047 0 0.0 0.02897065996690058 1.0838922205491144 1.0
