jas1101finalproject/data/gcs/IC_4499.ecsv
# %ECSV 0.9
# ---
# datatype:
# - {name: x, unit: deg, datatype: float64}
# - {name: y, unit: deg, datatype: float64}
# - {name: pmx, unit: mas / yr, datatype: float64}
# - {name: pmy, unit: mas / yr, datatype: float64}
# - {name: pmx_e, unit: mas / yr, datatype: float64}
# - {name: pmy_e, unit: mas / yr, datatype: float64}
# - {name: pm_corr, datatype: float64}
# - {name: g_mag, unit: mag, datatype: float64}
# - {name: bp_rp, unit: mag, datatype: float64}
# - {name: filter, datatype: int64}
# - {name: memberprob, datatype: float64}
# - {name: r, unit: deg, datatype: float64}
# - {name: pm, unit: mas / yr, datatype: float64}
# - {name: member_prob_GMM, datatype: float64}
# meta: !!omap
# - comments: [deg deg mas/yr mas/yr mas/yr mas/yr dimless mag   mag   zeroone float]
# - __serialized_columns__:
#     bp_rp:
#       __class__: astropy.units.quantity.Quantity
#       unit: &id001 !astropy.units.Unit {unit: mag}
#       value: !astropy.table.SerializedColumn {name: bp_rp}
#     g_mag:
#       __class__: astropy.units.quantity.Quantity
#       unit: *id001
#       value: !astropy.table.SerializedColumn {name: g_mag}
#     pm:
#       __class__: astropy.units.quantity.Quantity
#       unit: !astropy.units.Unit {unit: mas / yr}
#       value: !astropy.table.SerializedColumn {name: pm}
#     pmx:
#       __class__: astropy.units.quantity.Quantity
#       unit: !astropy.units.Unit {unit: mas / yr}
#       value: !astropy.table.SerializedColumn {name: pmx}
#     pmx_e:
#       __class__: astropy.units.quantity.Quantity
#       unit: !astropy.units.Unit {unit: mas / yr}
#       value: !astropy.table.SerializedColumn {name: pmx_e}
#     pmy:
#       __class__: astropy.units.quantity.Quantity
#       unit: !astropy.units.Unit {unit: mas / yr}
#       value: !astropy.table.SerializedColumn {name: pmy}
#     pmy_e:
#       __class__: astropy.units.quantity.Quantity
#       unit: !astropy.units.Unit {unit: mas / yr}
#       value: !astropy.table.SerializedColumn {name: pmy_e}
#     r:
#       __class__: astropy.units.quantity.Quantity
#       unit: &id002 !astropy.units.Unit {unit: deg}
#       value: !astropy.table.SerializedColumn {name: r}
#     x:
#       __class__: astropy.units.quantity.Quantity
#       unit: *id002
#       value: !astropy.table.SerializedColumn {name: x}
#     y:
#       __class__: astropy.units.quantity.Quantity
#       unit: *id002
#       value: !astropy.table.SerializedColumn {name: y}
# schema: astropy-2.0
x y pmx pmy pmx_e pmy_e pm_corr g_mag bp_rp filter memberprob r pm member_prob_GMM
[from data line 2281]
-0.03792164 0.05271444 4.354561 -0.2107189 2.428263 1.750867 0.1996289 20.70463 0.8806553 0 0.0 0.06493737725534655 4.359656403610061 0.0
0.01719757 0.00855915 1.030439 -1.830687 0.4114904 0.4467929 0.0503297 19.19544 1.082367 0 0.0 0.019209775184197236 2.10076638984205 1.0
0.01573372 0.03622646 -0.04222249 -0.5089302 0.6195897 0.622531 0.1094361 19.70475 1.160971 0 0.0 0.03949564974994082 0.5106786534934079 1.0
0.03246036 -0.008220569 -1.778626 -0.5552413 2.072243 1.756262 0.08471007 20.75056 0.5009766 0 0.0 0.03348511200538772 1.8632775824073262 1.0
-0.05659564 -0.03824299 0.5850839 -0.3419513 0.1557773 0.1538543 0.242549 17.59762 1.319628 1 0.9990693 0.06830514439740026 0.6776827145581478 1.0
-0.03338879 -0.021721 -3.883202 -2.455216 2.861013 3.03998 -0.04166375 20.9212 1.012747 0 0.0 0.03983231274561019 4.59427288909355 1.0
0.0327606 -0.007542797 -1.992076 -0.1163758 0.5409353 0.5645898 0.1248903 19.39316 1.154619 0 0.0 0.03361771406480829 1.9954724043698624 1.0
-0.01912293 0.08381123 -5.068083 -7.701614 1.263916 1.01225 -0.08990104 20.13702 2.004318 1 0.0 0.08596515995388947 9.219562001520734 0.0
0.009056422 -0.003100207 -1.834615 -2.752868 1.425006 1.374036 -0.1482459 20.44973 nan 0 0.0 0.009572359316539105 3.308185971744787 1.0
0.008818081 -3.291619e-05 7.77059 -2.127179 0.9284245 1.027186 0.09326757 19.6999 0.8981037 0 0.0 0.00881814243466985 8.056485551786276 0.0
0.009151994 -0.002665442 -12.37556 -16.28145 1.934136 1.787934 -0.06879176 19.92487 0.8507843 0 0.0 0.009532238731347427 20.45091928046512 0.0
-0.08826945 -0.03511142 -5.936676 -6.257253 0.479397 0.4779926 0.3421855 19.24497 1.120998 1 0.0 0.09499635581283579 8.625389094700889 0.0
-0.008296899 -0.05155367 6.588415 -4.47712 3.21599 2.242865 -0.3379631 20.66808 0.8803291 0 0.0 0.05221704150452323 7.965664800041802 0.0
-0.05311755 0.02216952 0.9425029 -0.1279642 0.6440896 0.6612049 0.02801517 19.67977 1.123095 0 0.0 0.057558333323967086 0.9511501211638729 1.0
-0.002827147 0.004221109 0.7056273 3.915317 2.915623 3.776239 0.3799845 20.57349 nan 0 0.0 0.0050804056284405085 3.978393783550629 1.0
-0.01229712 0.02152309 0.2194094 2.575405 1.600314 1.428477 0.02117463 20.43707 0.6952896 0 0.0 0.02478835540011681 2.5847342994654903 1.0
-0.02437943 0.082866 -1.148888 -3.284375 3.219843 2.66948 0.01303906 20.90311 0.7390156 0 0.0 0.08637783606414842 3.4795204809239157 0.0
0.02641775 -0.003810914 -1.17479 -1.699777 0.4747943 0.5270194 0.03609473 19.29111 0.934761 0 0.0 0.026691207926541952 2.0662462084245914 1.0
-0.054657 0.02052623 0.2072512 -1.312011 0.5572669 0.6488785 0.1326514 19.57679 1.097462 0 0.0 0.0583841910709817 1.328279309491208 1.0
0.01848953 -0.02272439 -0.673178 -2.885832 1.299069 1.268451 -0.03471715 20.52879 0.53055 0 0.0 0.029296085412440345 2.96330810951342 1.0
0.03455256 0.05071574 -0.3687666 0.2104722 1.126272 1.112862 -0.1514315 20.30529 0.9177685 1 0.9589608 0.06136746439524123 0.42460258153760677 1.0
-0.01509329 0.001910637 -11.626 -7.271657 0.5109822 0.5843235 0.07004936 19.54516 nan 0 0.0 0.015213741708398662 13.712799550990637 0.0
0.004685552 0.08424492 -9.038011 -2.520757 0.6243147 0.7202072 0.03230117 19.86004 2.241865 1 0.0 0.08437512040495766 9.382955754407563 0.0
-0.08479724 -0.04472466 -1.795066 -0.4468861 0.3366096 0.3188144 0.07219249 18.58426 1.074999 1 0.0 0.09586901023653681 1.849856516254493 1.0
-0.002178143 0.05103528 0.9302403 -0.9056856 0.9291801 1.213411 -0.1624995 20.20179 1.030237 0 0.0 0.05108173951234286 1.2983117583197996 1.0
-0.005507523 0.01242129 1.610895 -3.254677 1.588096 1.614697 -0.1302206 20.54831 0.8401413 0 0.0 0.013587540427157117 3.631515534230027 1.0
-0.01072659 0.05114272 1.986399 -1.213839 0.8105066 0.9299384 -0.05113562 20.07135 1.015919 0 0.0 0.05225550250477456 2.327914539909487 1.0
-0.06861237 -0.03717977 -3.948113 -2.184967 0.6276276 0.638722 0.1491683 19.81367 0.9018192 0 0.0 0.0780384047393961 4.512391500286517 0.0
-0.04233223 0.03570873 2.210385 -1.494767 1.850671 1.774634 -0.1642203 20.67965 1.026079 0 0.0 0.0553816855556582 2.6683572160627222 1.0
0.01609388 -0.02084989 -4.408546 -4.554111 1.251486 1.226506 -0.1525589 20.35682 0.8864155 0 0.0 0.02633877154436972 6.338391344374139 1.0
0.03309129 0.06749156 -1.087603 -2.354448 2.126048 1.659402 -0.1270249 20.7673 0.6936836 0 0.0 0.07516744072467614 2.5935122267521704 1.0
-0.03440063 0.003070387 0.6490461 -0.8791688 0.3963969 0.3643035 -0.1564522 18.56583 1.249338 1 0.9983372 0.0345373800501235 1.0927939507604578 1.0
0.001453362 0.05294279 -2.370791 -0.0678385 2.271024 1.938413 0.01999082 20.78007 0.9702873 0 0.0 0.05296273476782656 2.3717613766488506 1.0
0.01003798 6.479814e-05 1.205453 0.1870061 0.4576198 0.4979816 0.06779413 19.37876 1.012928 0 0.0 0.010038189143433565 1.2198722132445718 1.0
-0.07583819 -0.03771974 -0.6559835 -3.783667 1.159323 0.9688116 0.04678671 20.25844 2.002193 0 0.0 0.08470070748313559 3.84011071704466 0.0
-0.001327748 0.0181833 0.3212866 3.088748 2.833245 3.650289 -0.3457305 20.81517 nan 0 0.0 0.01823171175840338 3.1054129011845686 1.0
0.02324521 -0.09685695 -3.028757 -7.608379 1.163111 1.020428 0.1440512 20.18714 1.08219 0 0.0 0.09960727157816641 8.189065879127485 0.0
0.01000346 -0.001064309 1.97808 -5.237569 0.9521225 1.031689 0.09885981 19.50963 0.8950329 0 0.0 0.010059918768016023 5.598654259387786 1.0
-0.002620669 -0.0008371082 0.7004743 -2.857146 1.377116 1.677658 -0.1193227 20.45784 0.9829559 0 0.0 0.0027511190715903662 2.9417592543028555 1.0
0.04828277 0.05320715 -4.353821 -4.420408 0.3557629 0.3426834 -0.1166812 18.64677 1.025686 1 0.0 0.07184863735656648 6.20449548202793 0.0
0.009265239 -0.001277024 -0.04134152 -0.4625035 0.6576494 0.716203 0.07305977 19.87959 0.5424366 0 0.0 0.009352830802687333 0.4643475086485987 1.0
0.001714099 -0.01099921 -0.1895188 -0.9332229 0.2855389 0.2704948 -0.09377571 18.21571 1.17112 0 0.0 0.01113196999663137 0.9522722072169543 1.0
-0.07010595 0.04536029 -2.476172 -1.183735 1.866524 1.428371 -0.1762723 20.44404 0.9394054 0 0.0 0.08350089900286463 2.7445685132291744 0.0
0.02253121 0.000649187 0.4667912 -0.6246444 0.05672576 0.06103667 0.07106124 15.90612 1.45307 1 0.9999081 0.02254056050379114 0.779791414962232 1.0
-0.01439697 0.05435649 1.097351 0.2139127 1.408289 1.593731 -0.1028691 20.57832 0.8315849 0 0.0 0.05623078116388745 1.118006198740548 1.0
-0.02495189 0.01254377 6.37463 -2.744224 1.885861 1.615247 0.146371 20.56106 0.6832638 0 0.0 0.02792745925402094 6.9402213940965884 1.0
-0.03365685 0.04052665 -0.2300105 -0.05031733 2.32874 1.922032 -0.1752178 20.77449 0.9820194 0 0.0 0.05268009977349132 0.23544991783515004 1.0
0.0108601 -0.00195046 -9.471584 1.047078 1.101478 1.320381 -0.1517923 20.19037 0.7138214 0 0.0 0.011033859987402413 9.529285167689128 0.0
-0.06580203 -0.04198512 -6.920392 -3.729072 0.5984606 0.6126593 0.1587383 19.57893 1.843653 0 0.0 0.07805547676835559 7.861157892756512 0.0
-0.0235994 -0.02865096 -1.310268 0.1497852 2.529074 1.813921 -0.3284789 20.62682 0.5773602 0 0.0 0.03711885220856916 1.3188016674098648 1.0
0.002977193 -0.01745406 -7.985837 -6.422195 2.899931 2.616052 -0.2898004 20.57417 0.8507195 0 0.0 0.017706153976593815 10.247837879699015 0.0
0.004891623 0.01254376 2.819079 -1.984505 2.8579 1.803363 -0.03058384 20.69613 0.6869144 0 0.0 0.013463799259931387 3.4475304934497677 1.0
0.02156221 0.01370586 -4.607812 -0.4017471 1.644536 1.997934 -0.1582513 20.67224 0.6760826 0 0.0 0.025549549867340128 4.62529265665454 1.0
0.07663873 0.05132697 0.01995333 -0.6364734 0.8924818 0.7391258 0.2044739 20.02222 1.044153 1 0.9530839 0.09223856452370559 0.6367860898964808 0.0
-0.001930637 0.01766437 -0.2996973 -0.5839467 0.9469192 0.8765007 -0.1889391 19.93751 nan 0 0.0 0.017769561804464085 0.6563628722499316 1.0
0.03620512 0.03090221 1.939598 -2.779491 2.6243 2.222018 -0.2021083 20.60375 0.5026703 0 0.0 0.047599971608169055 3.3893377849788004 1.0
-0.07737565 0.0321996 -0.8671592 -1.910662 2.093561 1.780016 0.215254 20.69324 0.8834209 0 0.0 0.08380814669876968 2.0982360106500506 1.0
-0.07655878 0.01613169 0.4591405 -0.476287 0.02903879 0.03261218 0.1898823 13.73869 2.004753 1 0.9999394 0.07823987613323849 0.6615582401491572 1.0
0.01354513 -0.09635324 -6.596869 -1.889681 1.478869 1.439484 0.127561 20.53818 1.751322 0 0.0 0.09730065470085235 6.862184410588366 0.0
-0.007324129 0.001982784 -2.933879 -0.4327896 3.463357 2.086788 -0.1986275 20.52351 nan 0 0.0 0.0075877729274996765 2.965628571569468 1.0
-0.05782548 -0.02692206 -2.662292 -0.06467568 2.639079 2.504847 0.01570058 20.89886 nan 0 0.0 0.06378544859036424 2.663077474811325 1.0
-0.029957 0.001730587 -0.2783429 2.635243 3.413963 3.234361 0.2278046 20.82084 nan 0 0.0 0.030006945535401786 2.6499019678149245 1.0
0.02074719 -0.001566048 -1.208293 -2.296134 1.278695 1.02247 -0.1124141 20.16048 0.7458458 0 0.0 0.020806210592859142 2.5946489781481037 1.0
0.02100465 0.04617818 1.029758 -0.9940295 0.4083038 0.3888061 -0.1936448 18.73125 1.246557 1 0.9947181 0.05073085480981865 1.4312568551571203 1.0
0.01558135 -0.02143631 -2.058942 0.07168994 1.375062 1.396235 -0.0004029203 20.40468 0.914011 0 0.0 0.026500827425546547 2.060189701668563 1.0
0.04847945 -0.005465207 1.835856 -1.350227 2.752598 2.946061 0.2513023 20.85996 -0.03102875 0 0.0 0.0487865305166841 2.278920842035765 1.0
0.0005643699 -0.008084615 -11.66144 8.624704 2.467863 2.527139 -0.1021453 20.2976 0.6312542 0 0.0 0.008104289795056134 14.504299430210892 0.0
0.006554801 0.05287154 -4.672946 -5.511956 1.017426 1.182741 -0.1579428 20.24852 1.037355 0 0.0 0.053276309539242686 7.226208083417747 0.0
-0.01921019 -0.04936042 -0.4488468 0.2587616 1.235154 1.225059 -0.04237477 20.38781 0.8203506 0 0.0 0.05296680528795843 0.5180936358466488 1.0
-0.08125918 -0.008285143 -4.607224 -0.6865788 0.392055 0.3557329 0.1319609 18.84361 1.215485 1 0.0 0.08168046234444838 4.658100839911631 0.0
0.03440525 -0.01540058 3.999771 4.857726 1.924643 1.945138 0.1402245 20.71888 0.8023663 0 0.0 0.03769481518589659 6.292509034043336 0.0
0.008016628 0.008749382 3.993222 0.885619 1.365461 1.255578 -0.1643803 20.28615 1.024256 0 0.0 0.011866676445926552 4.090249742307308 1.0
0.02272756 0.006332543 4.289241 -3.457891 1.506741 1.898745 -0.1281205 20.5916 0.8482685 0 0.0 0.0235932847310511 5.509500750881335 1.0
-0.0287368 -0.04706278 -1.721358 2.198976 1.718512 1.379731 -0.05496078 20.52589 0.7251434 0 0.0 0.05514262358256451 2.7925917733782715 1.0
0.002564257 0.01297212 2.021855 -0.8477746 0.4892784 0.5326523 0.08296419 19.4767 0.9859219 0 0.0 0.013223135454817401 2.192400377082197 1.0
-0.03339372 0.08359606 -6.66274 -10.06118 3.161313 3.452649 -0.227658 20.92513 1.441069 0 0.0 0.09001911898570214 12.067288315939088 0.0
0.0420536 -0.05485198 -1.390046 0.136854 2.294522 1.764557 -0.09957931 20.65093 0.7877026 0 0.0 0.06911761702258261 1.3967665873122823 1.0
-0.09319751 0.01204529 -2.260741 0.7045337 2.221543 1.72626 0.3606685 20.61051 0.6532154 0 0.0 0.09397268156961468 2.367977534419761 0.0
0.01979772 -0.001845879 1.184342 -1.544199 0.4313164 0.4568361 -0.004803102 19.21711 1.067657 0 0.0 0.019883585855701207 1.9460772144406295 1.0
-0.05656404 0.004139628 -1.266084 -0.3816523 1.044797 1.151022 -0.01347149 20.24813 0.8348808 0 0.0 0.05671531663580822 1.3223566739542287 1.0
0.0009544244 -0.01042688 -12.88822 -32.1235 3.761095 4.185018 0.02005136 20.80573 nan 0 0.0 0.010470470498965906 34.6125044892507 0.0
-0.0229988 0.05504564 -5.756813 -5.023769 0.1538733 0.1628429 0.1400399 17.52711 1.166628 1 0.0 0.05965708075701995 7.640625032177014 0.0
0.01286058 0.04600494 -0.07140763 0.8682668 1.494867 1.501915 -0.2296738 20.50714 0.8763466 0 0.0 0.04776870337721132 0.8711981896241847 1.0
0.0167392 -0.07630942 0.2724637 -0.4406537 0.1761405 0.1620701 0.1956099 17.78093 0.8768215 0 0.0 0.07812380173401957 0.5180850809870711 1.0
0.0114744 -0.0002499792 -2.433976 -1.949763 1.213048 1.119709 -0.1997883 20.25378 nan 0 0.0 0.011477122677763475 3.118623883180689 1.0
-0.02023301 0.03604833 0.3953263 -0.007723156 0.5624618 0.5903512 0.1102211 19.57809 1.193924 1 0.9956095 0.041338321076804754 0.39540173319080224 1.0
0.002826513 -0.01200661 0.07997046 -0.03486858 0.283197 0.2624769 -0.08359727 18.21868 1.103191 0 0.0 0.012334823040127856 0.08724157462946207 1.0
-0.05665204 -0.01540803 -0.8708023 -8.694906 0.3989879 0.4045912 0.1211982 19.14435 1.12487 0 0.0 0.05870997380890661 8.7384030002353 0.0
0.06373083 -0.01363903 -5.624004 -2.547646 0.5143179 0.562049 0.1319482 19.49866 1.497332 0 0.0 0.06517393521822816 6.174133229315027 1.0
-0.0271844 -0.02191057 2.499276 1.30736 0.5013599 0.5255054 0.1480282 19.42843 1.038759 0 0.0 0.03491510677464556 2.820562123722149 1.0
-0.04258154 0.0538122 -1.342892 -2.595797 1.342373 1.427986 0.040665 20.564 0.8424473 0 0.0 0.0686217197220501 2.9225880634932118 1.0
0.05747583 0.0519019 -19.5891 1.981317 3.215855 2.718798 -0.1202227 20.88729 1.128235 0 0.0 0.0774420961609311 19.68904405664452 0.0
0.02861957 0.0004385793 0.02631891 0.5594179 1.742313 1.642724 0.05949742 20.57429 0.7040329 0 0.0 0.028622930297006428 0.5600366701065191 1.0
-0.007061676 0.01367126 6.060115 -9.258081 4.542698 3.886184 -0.08478302 20.85028 0.7883396 0 0.0 0.015387352531107356 11.065127998165499 0.0
0.0782643 -0.01251967 -5.097357 -3.531883 2.626096 2.483967 0.2499922 20.72222 1.446428 0 0.0 0.07925933882766685 6.201390643326543 0.0
0.05612428 -0.07766167 -10.50364 1.227388 0.7705787 0.7625707 0.1067197 19.88406 1.676111 1 0.0 0.09581894276554767 10.57510919811914 0.0
-0.07297663 -0.02355455 -9.158285 -4.609997 0.1251615 0.1207417 0.2327268 17.19853 1.185793 1 0.0 0.07668380110466226 10.253109600566747 0.0
0.007434072 0.06713772 -8.022324 -5.858835 2.317822 2.130804 -0.04142451 20.82055 1.360701 0 0.0 0.06754804862688177 9.933963454643921 0.0
-0.008779904 8.156768e-05 2.303029 -1.915565 1.175738 1.399234 0.5071825 19.93464 0.8332481 0 0.0 0.008780282884715992 2.9955520099083572 1.0
0.05835546 0.05433692 -0.9784075 -7.13949 1.957521 1.596855 -0.2020282 20.56965 1.730942 0 0.0 0.07973619370711145 7.206219445462111 0.0
0.007186672 0.008757816 1.54637 0.5971516 1.41043 1.285475 -0.2278957 20.44603 1.036385 0 0.0 0.011329059781175136 1.6576640824613893 1.0
-0.002570184 0.009119269 -4.398453 0.2983111 2.121582 2.512101 -0.0792127 20.91415 nan 0 0.0 0.009474540246799154 4.408557395066124 1.0
0.03147921 -0.01235936 0.793768 -0.004011353 1.366583 1.305362 -0.1077341 20.44592 0.694788 0 0.0 0.03381855174063047 0.7937781357387532 1.0
0.006910435 -0.02973224 1.116282 -1.821756 1.109997 1.088375 -0.1708043 20.28551 0.7373123 0 0.0 0.030524747456888567 2.1365580794960852 1.0
-0.001374231 -0.0003485092 11.19329 7.402271 0.691667 0.778829 0.03895978 19.65734 0.9503117 0 0.0 0.001417733932670598 13.41951403671314 0.0
0.02619908 0.00743561 2.182289 0.6850739 3.419085 4.006183 -0.03193945 20.93498 nan 0 0.0 0.02723380415804043 2.287293494062843 1.0
0.04298245 0.05689235 10.49929 6.615767 1.514349 1.451579 -0.119263 20.29318 1.261946 0 0.0 0.07130379019747127 12.409813193694294 0.0
0.0007253453 -0.009351108 0.2393815 -0.7567273 0.1922406 0.2717966 0.576098 17.31756 nan 0 0.0 0.009379197547332933 0.7936874127183448 1.0
-0.0002562077 -0.05087787 5.435808 -2.098294 3.256259 1.933949 -0.09432274 20.76227 0.8849697 0 0.0 0.05087851509352881 5.826735477374959 1.0
0.01915063 -0.0002115755 -1.886659 2.668045 2.616764 2.048251 -0.2782641 20.8827 nan 0 0.0 0.019151798703753654 3.267712702228579 1.0
0.0001712897 0.05597942 0.4045597 -0.3773135 0.1460162 0.1667228 0.2043522 17.50708 0.9046097 1 0.9994059 0.055979682061420524 0.5532034238382297 1.0
-0.002488734 0.006830477 2.867605 -3.777395 1.737064 1.820158 -0.1006468 20.64135 nan 0 0.0 0.007269746417192625 4.742559585503381 1.0
-0.001469609 0.05667356 1.139254 -0.3316388 0.448964 0.5610852 0.1038098 19.41792 1.019054 1 0.9924972 0.05669261110309245 1.1865428648731744 1.0
