jas1101finalproject/data/gcs/IC_4499.ecsv
# %ECSV 0.9
# ---
# datatype:
# - {name: x, unit: deg, datatype: float64}
# - {name: y, unit: deg, datatype: float64}
# - {name: pmx, unit: mas / yr, datatype: float64}
# - {name: pmy, unit: mas / yr, datatype: float64}
# - {name: pmx_e, unit: mas / yr, datatype: float64}
# - {name: pmy_e, unit: mas / yr, datatype: float64}
# - {name: pm_corr, datatype: float64}
# - {name: g_mag, unit: mag, datatype: float64}
# - {name: bp_rp, unit: mag, datatype: float64}
# - {name: filter, datatype: int64}
# - {name: memberprob, datatype: float64}
# - {name: r, unit: deg, datatype: float64}
# - {name: pm, unit: mas / yr, datatype: float64}
# - {name: member_prob_GMM, datatype: float64}
# meta: !!omap
# - comments: [deg deg mas/yr mas/yr mas/yr mas/yr dimless mag   mag   zeroone float]
# - __serialized_columns__:
#     bp_rp:
#       __class__: astropy.units.quantity.Quantity
#       unit: &id001 !astropy.units.Unit {unit: mag}
#       value: !astropy.table.SerializedColumn {name: bp_rp}
#     g_mag:
#       __class__: astropy.units.quantity.Quantity
#       unit: *id001
#       value: !astropy.table.SerializedColumn {name: g_mag}
#     pm:
#       __class__: astropy.units.quantity.Quantity
#       unit: !astropy.units.Unit {unit: mas / yr}
#       value: !astropy.table.SerializedColumn {name: pm}
#     pmx:
#       __class__: astropy.units.quantity.Quantity
#       unit: !astropy.units.Unit {unit: mas / yr}
#       value: !astropy.table.SerializedColumn {name: pmx}
#     pmx_e:
#       __class__: astropy.units.quantity.Quantity
#       unit: !astropy.units.Unit {unit: mas / yr}
#       value: !astropy.table.SerializedColumn {name: pmx_e}
#     pmy:
#       __class__: astropy.units.quantity.Quantity
#       unit: !astropy.units.Unit {unit: mas / yr}
#       value: !astropy.table.SerializedColumn {name: pmy}
#     pmy_e:
#       __class__: astropy.units.quantity.Quantity
#       unit: !astropy.units.Unit {unit: mas / yr}
#       value: !astropy.table.SerializedColumn {name: pmy_e}
#     r:
#       __class__: astropy.units.quantity.Quantity
#       unit: &id002 !astropy.units.Unit {unit: deg}
#       value: !astropy.table.SerializedColumn {name: r}
#     x:
#       __class__: astropy.units.quantity.Quantity
#       unit: *id002
#       value: !astropy.table.SerializedColumn {name: x}
#     y:
#       __class__: astropy.units.quantity.Quantity
#       unit: *id002
#       value: !astropy.table.SerializedColumn {name: y}
# schema: astropy-2.0
x y pmx pmy pmx_e pmy_e pm_corr g_mag bp_rp filter memberprob r pm member_prob_GMM
[from data line 229]
-0.04347228 -0.01736073 1.320408 2.652945 3.165798 3.510456 0.4005272 20.9122 0.9799271 0 0.0 0.04681061924960297 2.9633755177987484 1.0
-0.03183261 0.02522192 -0.06401997 -1.002101 1.130945 1.227432 -0.09340775 20.25616 0.9464054 0 0.0 0.04061354832932601 1.004143899428663 1.0
-0.04343911 0.006443529 -2.269051 -5.51902 3.06521 3.189032 0.01152066 20.92082 0.5467072 0 0.0 0.043914409293145926 5.967258516354139 1.0
0.005878108 -0.008430125 15.48845 -1.810183 3.730728 3.619433 -0.1601522 20.36422 nan 0 0.0 0.010277118330314632 15.593872062319512 0.0
-0.01844476 -0.03248231 0.308956 -1.137466 1.086882 1.056558 -0.05589159 20.2278 0.918066 0 0.0 0.03735384363614674 1.178678374745206 1.0
0.05628404 0.03425563 0.9708442 -2.511541 1.169281 1.113534 -0.1384336 20.18293 1.251598 0 0.0 0.06588885600326128 2.6926523458023017 1.0
0.01593167 0.00485393 0.4068364 0.5655421 0.347484 0.3351659 -0.1353335 18.63518 1.137918 0 0.0 0.016654691394132764 0.6966733260555983 1.0
-0.001984581 -0.01472242 6.965014 -0.3511447 0.759363 0.7996262 0.1369276 19.78282 nan 0 0.0 0.014855578494355613 6.973859951313483 1.0
-0.07555302 0.01345576 -6.21344 -4.029242 0.309013 0.3158393 0.001763722 18.49724 1.111853 1 0.0 0.07674188105785523 7.405513333197368 0.0
0.07034863 0.05870246 -7.283369 -4.652942 0.7551788 0.7787988 0.03068673 19.86917 1.402288 0 0.0 0.09162373356793806 8.642761899157295 0.0
-0.06458086 0.03651896 -0.1444442 -2.266022 1.308878 1.375489 -0.1157846 20.48775 0.6025829 0 0.0 0.07419111751295569 2.2706210232880433 1.0
0.01886368 0.04226971 -2.402446 -0.04633456 1.382042 1.500923 -0.07028235 20.61857 0.6558514 0 0.0 0.04628786889268613 2.4028927721324544 1.0
-0.0002409527 -0.01266986 -0.09631674 -0.7440767 0.5529286 0.6749636 0.187994 19.63445 nan 0 0.0 0.012672150986444143 0.7502846459092161 1.0
0.02883126 0.01585691 -0.1316044 -2.255108 2.566908 1.907138 -0.4148866 20.61254 1.05426 0 0.0 0.03290415092257662 2.258944844338471 1.0
-0.04676232 0.06519466 5.769261 -0.2480646 2.307736 1.965696 -0.03673752 20.80221 0.8820896 0 0.0 0.08023127983709347 5.774591633344661 0.0
-0.02730102 0.04567823 0.5950854 -0.4540854 0.08261324 0.08459459 0.1494438 16.40798 1.41243 1 0.999756 0.05321509549905271 0.7485453785752204 1.0
-0.05923717 0.008857874 -0.08036614 0.3499639 0.8177968 0.8103998 0.1375788 20.03057 1.071861 0 0.0 0.0598957781601406 0.3590730395918212 1.0
-0.01058742 0.01122589 -0.6864953 -1.699251 0.4210312 0.3920305 -0.1162081 18.84089 1.173946 0 0.0 0.015430945160569394 1.8326837582963107 1.0
0.04347635 0.006992647 1.246797 1.546955 1.259042 1.214337 -0.1046151 20.35793 1.028549 0 0.0 0.0440351010148621 1.9868499015360974 1.0
-0.01771666 -0.01397929 -1.437917 2.920819 1.357608 1.262864 -0.1988157 20.39837 0.5263481 0 0.0 0.022567689081066763 3.2555781252567106 1.0
0.01846108 0.009860908 -13.25228 -9.495464 0.4014655 0.4067451 0.03170993 19.01587 0.8793316 0 0.0 0.020929619713479366 16.30296788237332 0.0
-0.005852481 0.01683846 -1.15261 0.4797184 1.303503 1.305208 -0.03024648 20.46818 0.8893566 0 0.0 0.017826532725882534 1.248454867185258 1.0
0.03711461 0.06367421 -3.460715 -3.626244 0.7844565 0.8389254 0.0211364 19.50148 1.700941 0 0.0 0.07370141989525167 5.012603501052222 0.0
0.01229416 -0.04540966 2.536877 -1.467947 1.236308 1.124638 -0.07735264 20.26132 0.6429291 0 0.0 0.04704448523919886 2.9309748050670787 1.0
-0.09120942 0.009192175 1.042522 -0.07997299 0.4290872 0.4125109 0.1416686 18.90048 1.229582 1 0.9806304 0.09167144799754733 1.0455849078929649 0.0
0.04140818 0.006034894 0.3030996 -0.5018872 0.1130676 0.1126868 0.1279021 16.88007 1.368391 1 0.9996616 0.04184563676781172 0.5863106079920437 1.0
-0.0001588122 0.00821179 0.7450188 -1.991508 1.095299 1.036325 -0.1605319 20.21305 nan 0 0.0 0.008213325533483307 2.1263012783745956 1.0
-0.013225 0.02963927 -0.5830181 0.6595639 2.108557 1.641347 -0.1009909 20.59064 0.7010956 0 0.0 0.0324559232056785 0.8803037220816574 1.0
0.02888297 -0.09190154 -6.337196 -6.83219 0.6374696 0.6698404 0.2125149 19.66084 1.632967 0 0.0 0.096333374333055 9.31873775457363 0.0
0.02840816 -0.05462998 -3.431267 -7.862008 0.1969769 0.2043378 0.2896294 17.84461 1.191706 1 0.0 0.061574818468153034 8.578156154871104 0.0
0.02885215 0.007456817 0.2278554 -0.6563152 0.1230414 0.1315326 0.2223293 17.00207 1.347372 1 0.9992719 0.029800179183924195 0.6947429201224004 1.0
-0.07266558 0.04667993 -6.637077 -2.343277 3.816954 3.081588 -0.2585878 20.90853 1.597664 0 0.0 0.08636725294659603 7.038589219627609 0.0
0.03902023 -0.05956646 0.5629416 -0.2919068 0.469792 0.4912659 0.02112958 19.23239 1.32122 1 0.9933544 0.07120913920406917 0.6341236668795764 1.0
0.0205711 -0.03307509 15.58401 6.224711 2.497251 2.898474 0.3252742 20.56734 0.8009148 0 0.0 0.03895037527056831 16.781191695276622 0.0
-0.02433137 -0.09460198 -18.13647 -14.21115 1.704002 1.523617 0.3247385 20.59713 2.200094 0 0.0 0.09768085885165681 23.041014048504895 0.0
-0.007667143 -0.00884366 -1.240983 -2.203204 0.4859845 0.5496917 0.1203427 19.29502 0.9414272 0 0.0 0.011704503576745533 2.5286649979593974 1.0
-0.06383817 0.02410396 0.1772563 -0.7471862 0.1562697 0.1518957 0.2291773 17.4892 1.281937 1 0.9943759 0.06823718074943087 0.7679238330460451 1.0
0.04958826 0.005209216 -2.666961 -7.656104 1.52079 1.248433 0.2312826 20.19454 1.644615 0 0.0 0.04986112173991131 8.10731826403386 0.0
-0.02284395 -0.02635989 0.9879251 -0.6422989 0.3959466 0.3977666 -0.06292792 18.85135 1.163937 1 0.9979995 0.03488108158321069 1.1783649180755595 1.0
-0.001654266 -0.01542425 0.2586939 -0.2674452 0.1686815 0.1491245 0.2297542 17.46261 1.223129 0 0.0 0.015512707180284685 0.37208798542851396 1.0
-0.03256624 -0.07475752 2.752033 -5.355626 3.67379 3.124715 -0.2836619 20.8761 1.16955 0 0.0 0.08154291375887913 6.021330042853074 0.0
-0.08403856 0.005907518 -12.99941 -3.247297 0.5746273 0.6193193 0.2181219 19.68653 1.360838 1 0.0 0.08424593958045648 13.398865554751604 0.0
-0.006760378 -0.02099645 1.996526 -2.727837 2.341967 2.294549 0.03613522 20.82281 nan 0 0.0 0.022057960542747012 3.3804157683996507 1.0
-0.06304043 0.04909746 2.976852 -3.564635 1.127698 1.194497 -0.1987439 20.24644 nan 0 0.0 0.07990404491035795 4.644165211653113 0.0
-0.01818672 0.005390712 0.1264109 -5.083234 1.779644 2.636245 0.2873293 20.74678 0.846117 0 0.0 0.01896883128253673 5.08480556308644 1.0
-0.0002347302 -0.01367694 1.618354 0.1494839 0.9172347 0.7635133 0.2235057 17.97698 1.126358 0 0.0 0.013678954127797639 1.6252430912559543 1.0
0.07670333 -0.01592234 -18.13498 -16.81597 1.362546 1.527367 -0.0644227 20.44024 2.405727 0 0.0 0.07833850741598604 24.731646662551604 0.0
0.01337591 0.007963875 0.2829649 -1.207614 0.1890362 0.1866221 0.1335615 17.75786 1.21257 0 0.0 0.015567217906348102 1.240322823956735 1.0
0.03248585 0.04304166 4.837929 -2.823702 2.532933 2.007268 -0.06094186 20.854 0.7272625 0 0.0 0.05392508642346436 5.601682782329342 1.0
0.006490789 -0.02168287 -0.6516826 1.418416 1.158399 1.080561 -0.201071 20.2437 0.9099941 0 0.0 0.022633541333150254 1.5609593717322563 1.0
-0.01616243 0.006936287 2.253739 3.947316 1.486992 1.584493 -0.1652225 20.51386 0.844202 0 0.0 0.01758795669915266 4.545398011613174 1.0
0.02718413 0.03019088 -1.01406 -0.8167098 2.89505 1.770938 -0.1605812 20.73166 0.5756207 0 0.0 0.04062592963897934 1.3020493773340702 1.0
-0.005405466 -0.006430882 -0.2579545 -0.3195521 0.7489251 0.8435846 0.1016654 19.8723 nan 0 0.0 0.00840091102054295 0.4106751376509905 1.0
0.01194516 -0.01012313 -5.149291 2.987282 3.017104 2.759752 -0.2329312 20.57361 0.5654373 0 0.0 0.015657733182759884 5.953070766436848 1.0
0.0195568 -0.03199673 0.3168778 1.586354 2.000941 1.688709 -0.004169051 20.68147 0.8124924 0 0.0 0.037500122092239914 1.617692972553457 1.0
-0.036408 -0.07296641 -7.805715 -5.601398 0.8464625 0.7697235 0.2290276 20.05348 1.699881 0 0.0 0.08154532146167615 9.607541111836523 0.0
0.09134076 0.000652775 1.759266 -0.1192588 3.475066 2.006155 0.06094618 20.50232 1.640171 0 0.0 0.09134309252799701 1.7633035813873459 1.0
0.0404773 0.05122925 -11.00634 -0.5974877 2.216838 1.795563 -0.6167741 19.60013 1.890013 0 0.0 0.06529048836432838 11.022545611030662 0.0
0.02114918 0.005696087 0.3758538 -0.4474013 0.08578624 0.0849934 0.1273699 16.46946 1.366429 1 0.9999094 0.021902813102064517 0.584323542411334 1.0
0.03763015 -0.01201268 1.726636 -4.110512 1.921945 1.917962 0.339511 20.55544 1.314375 0 0.0 0.039501046439365375 4.45842806139563 1.0
0.001245535 0.002512535 -0.004128695 -0.2966959 0.2725133 0.3345139 -0.05816157 18.27295 1.210121 0 0.0 0.0028043162379535586 0.2967246251985383 1.0
0.04596751 0.006230748 -0.3760678 -0.352969 0.4290162 0.4374769 0.2549407 19.05734 1.218134 0 0.0 0.046387866907625794 0.5157655525118365 1.0
0.01877967 0.005457979 -5.260945 -6.311215 4.706681 3.564576 0.05183302 20.86804 0.6381226 0 0.0 0.019556726210522582 8.216384671450697 1.0
-0.007614036 -0.008240886 0.6991291 -0.3735733 1.900028 1.752833 0.04148002 20.58091 nan 0 0.0 0.01121988174065538 0.7926780613462819 1.0
0.02476072 0.0528888 -4.961982 -6.832738 1.361733 1.209124 -0.1085791 20.38956 1.387117 0 0.0 0.058397931644523164 8.444381205569062 0.0
0.02854806 -0.01575084 0.5254915 -0.5243489 0.08349956 0.08958875 0.141882 16.40645 1.32354 1 0.9999294 0.03260491819448716 0.7423497056667161 1.0
0.02693391 0.002672351 -1.408682 1.373731 0.2175438 0.2313125 -0.002013004 15.53223 1.472307 0 0.0 0.027066159087600534 1.9676183160066893 1.0
-0.000104706 -0.01395923 -1.542895 -2.18626 0.7044043 0.4540544 0.08787728 18.81401 nan 0 0.0 0.013959622686137903 2.6758657979474605 1.0
0.001421691 0.004541924 -0.205798 -1.912603 1.74862 1.47432 0.19473 20.43371 0.9813976 0 0.0 0.004759230916992472 1.9236431718000613 1.0
0.07047935 0.02333765 -6.787709 -1.732883 1.112089 0.8803636 0.1880062 20.22274 0.8316631 0 0.0 0.07424274162465311 7.005417686360322 0.0
0.05710567 0.02044778 -0.6593234 -0.8021918 2.294194 1.871131 0.09530701 20.64819 0.6256237 0 0.0 0.06065615593719486 1.0383732612961487 1.0
-0.06955272 0.01226759 -4.658716 1.050255 1.581305 1.471452 0.1179231 20.50641 1.15316 0 0.0 0.07062630263440456 4.7756329772796615 0.0
-0.05499522 0.01968462 -10.523 -18.61258 2.128049 2.035048 0.03769527 20.51536 1.958668 0 0.0 0.058411972123810364 21.381339136181346 0.0
-0.05743609 0.0243975 0.2419882 -0.155125 0.2028587 0.1916263 0.007347429 17.62681 0.8002758 1 0.9944161 0.06240306435374869 0.2874405235248502 1.0
0.006855323 -0.05487868 0.1845986 0.2042329 0.895677 0.8817177 0.1264637 20.01294 0.7222404 0 0.0 0.05530519841729825 0.2752956965961691 1.0
0.02339434 0.01762214 0.2913181 -0.1380177 0.4040466 0.3795961 0.0353906 18.93853 1.185537 0 0.0 0.029288819747733095 0.32235868361330056 1.0
0.009247794 0.01022813 2.210114 -2.114968 1.991003 1.659789 -0.04339882 20.68115 0.8861237 0 0.0 0.013788993333936165 3.059034738936451 1.0
-0.06393792 -0.02023274 0.2517268 -0.5694581 0.1589957 0.154873 0.2357025 17.64005 0.5215111 1 0.9985263 0.06706281668580584 0.6226145753946417 1.0
-0.01900755 -0.02118449 0.6518128 0.1617171 0.1842589 0.1656911 0.1191571 17.57687 0.7872562 0 0.0 0.028461721198174226 0.6715745280132727 1.0
-0.05369149 0.0224174 0.4497014 -0.3485472 1.081364 1.264553 -0.06909487 20.12917 1.040604 1 0.9769809 0.058183467765165905 0.5689608947808276 1.0
0.004955301 -0.007895428 0.3765561 -0.5721885 0.1342305 0.132014 0.1198311 17.1714 1.269552 1 0.9998886 0.009321630292163758 0.6849775003454202 1.0
0.02289478 0.01329772 0.2828302 -0.7761043 1.059991 1.064348 0.0247502 20.29348 0.8293266 0 0.0 0.026476410414684237 0.8260331751876131 1.0
0.004585386 -0.008269043 -1.928343 8.230283 1.023466 1.022128 0.05823063 20.01846 nan 0 0.0 0.009455307340581002 8.453168931574597 0.0
-0.03351078 0.05163577 4.580944 0.4480628 1.798707 1.553565 0.005964059 20.48539 0.7943516 0 0.0 0.06155668216937377 4.602804384707201 0.0
0.004763816 0.003274126 3.626123 -1.517572 1.56269 1.708001 0.4703888 20.18014 nan 0 0.0 0.005780470910378496 3.9308768470041136 1.0
-0.008133798 0.01302173 -9.896624 1.002101 0.4019228 0.4390626 0.07617196 19.16413 1.496817 0 0.0 0.015353309809213908 9.947229413840668 0.0
-0.02475985 0.06558418 -7.973103 -4.750104 1.984791 1.59715 0.1032913 20.59846 1.355003 1 0.0004001558 0.07010231692529785 9.280832907634153 0.0
-0.0588399 0.04101966 -7.407614 -2.506059 1.200066 1.228737 -0.1617493 20.31124 1.943138 0 0.0 0.07172688713812694 7.82004327893887 0.0
-0.04049177 -0.02086955 2.178407 -1.052852 1.077777 1.060905 -0.05007024 20.21487 0.8204117 0 0.0 0.04555350211493514 2.4194946562356776 1.0
0.003371829 0.008020332 -11.20631 -4.716727 1.916096 2.101918 -0.2234935 20.60252 nan 0 0.0 0.008700284834157156 12.158490753733746 0.0
0.004414452 0.003587136 -0.5907015 0.2861252 0.831716 0.9254218 -0.01074339 19.85642 0.8849049 0 0.0 0.005688139515061141 0.6563504339735672 1.0
-0.06560042 0.008906424 -0.2125388 -1.850584 1.018759 0.9873798 0.008881063 20.16662 0.9568348 0 0.0 0.06620226199038955 1.8627490122293557 1.0
-0.01215846 0.04317555 -2.271037 0.8803415 1.855571 1.369106 -0.3755513 20.28825 nan 0 0.0 0.04485483549600979 2.435695016210209 1.0
0.08009062 0.01940779 -3.850308 1.960449 0.42905 0.401264 0.1509048 19.19371 1.456465 0 0.0 0.08240855371057364 4.320674944550331 0.0
0.005651442 -0.007728053 -0.8795907 -4.147929 0.5131505 0.5681324 0.05180072 19.53548 0.9860096 0 0.0 0.009574006468045288 4.240164476593743 1.0
0.04234556 -0.0810838 4.400411 -2.827321 2.045159 1.725017 -0.06512228 20.65785 1.214495 0 0.0 0.09147529215123393 5.230426465018125 0.0
0.004490769 0.01406225 0.7985416 -1.206893 0.3049384 0.2758495 -0.1011961 18.29693 1.169779 0 0.0 0.014761906424099193 1.447155624105286 1.0
-0.04819535 0.0005867718 5.186085 -6.527108 1.921971 2.870936 -0.1115508 20.9081 0.0631237 0 0.0 0.048198921800884455 8.336583021291696 0.0
0.01551511 -0.03607701 -0.04486604 2.064151 2.127469 1.782937 -0.4356177 20.24767 0.8430042 0 0.0 0.03927173651434578 2.0646385427832836 1.0
0.0799768 0.008650944 -3.600684 -4.299404 3.710625 3.268 0.4369594 20.97965 0.7649307 0 0.0 0.08044331774815815 5.608012127578898 0.0
0.008119466 -0.00385449 5.825307 -4.446426 1.23762 1.171441 -0.2690947 20.24431 nan 0 0.0 0.008987926417436672 7.328363106296316 1.0
0.06780971 0.006224879 0.4430606 -0.9911637 0.6921614 0.7397543 0.1418142 19.84636 1.101662 1 0.9848594 0.06809483011836318 1.0856832758544501 1.0
-0.01889875 0.02704894 0.836927 0.2299136 0.6252861 0.7104993 0.09784854 19.81483 1.075068 0 0.0 0.03299708936688356 0.8679326395486922 1.0
-0.05751783 0.0352996 0.42142 -0.8016702 0.2924908 0.2947405 -0.1677538 18.28931 1.24967 1 0.9965036 0.06748601727816585 0.9056875432333382 1.0
-0.004479566 -0.02163568 -0.6729361 1.603003 3.62442 4.058907 0.1773871 20.85761 1.219709 0 0.0 0.022094550473154145 1.7385228248982554 1.0
0.02213284 0.03323559 6.700182 1.068768 4.765654 3.636224 0.1907542 20.98261 0.6346054 0 0.0 0.03993077821823286 6.784887904081245 0.0
-0.04610788 0.05238092 0.3864077 -14.85531 2.314346 1.91542 -0.1350585 20.74672 1.858238 0 0.0 0.06978321702344195 14.860334656619253 0.0
0.01559215 0.01410146 -3.218812 -4.091195 1.0508 1.132481 -0.01760679 19.83364 0.9836407 0 0.0 0.021022994928270804 5.205634180325102 1.0
0.02434757 0.01230152 -4.696214 -8.180122 0.5832703 0.6551264 0.05569526 19.50337 0.9884892 0 0.0 0.027278774884794587 9.43232854965729 0.0
0.003453739 0.05330075 1.370538 0.6608113 1.104339 1.060724 -0.1335422 20.16741 0.9447517 0 0.0 0.05341252908861947 1.5215275165608046 1.0
0.008768947 0.03752667 2.552542 0.604489 3.853699 2.509808 0.01343963 20.89825 0.9307575 0 0.0 0.038537584158554995 2.623142697773989 1.0
0.05158099 0.01503086 0.6632919 -0.3167493 0.1013803 0.1028161 0.2652668 16.50287 1.432275 1 0.9987076 0.053726392785294085 0.735041674775043 1.0
-0.06033417 -0.07842572 -9.787695 1.876621 0.7931307 0.7773144 0.1829263 19.99249 1.366949 0 0.0 0.09894849987295057 9.965976108272885 0.0
