jas1101finalproject/data/gcs/NGC_6569.ecsv
# %ECSV 0.9
# ---
# datatype:
# - {name: x, unit: deg, datatype: float64}
# - {name: y, unit: deg, datatype: float64}
# - {name: pmx, unit: mas / yr, datatype: float64}
# - {name: pmy, unit: mas / yr, datatype: float64}
# - {name: pmx_e, unit: mas / yr, datatype: float64}
# - {name: pmy_e, unit: mas / yr, datatype: float64}
# - {name: pm_corr, datatype: float64}
# - {name: g_mag, unit: mag, datatype: float64}
# - {name: bp_rp, unit: mag, datatype: float64}
# - {name: filter, datatype: int64}
# - {name: memberprob, datatype: float64}
# - {name: r, unit: deg, datatype: float64}
# - {name: pm, unit: mas / yr, datatype: float64}
# - {name: member_prob_GMM, datatype: float64}
# meta: !!omap
# - comments: [deg deg mas/yr mas/yr mas/yr mas/yr dimless mag   mag   zeroone float]
# - __serialized_columns__:
#     bp_rp:
#       __class__: astropy.units.quantity.Quantity
#       unit: &id001 !astropy.units.Unit {unit: mag}
#       value: !astropy.table.SerializedColumn {name: bp_rp}
#     g_mag:
#       __class__: astropy.units.quantity.Quantity
#       unit: *id001
#       value: !astropy.table.SerializedColumn {name: g_mag}
#     pm:
#       __class__: astropy.units.quantity.Quantity
#       unit: !astropy.units.Unit {unit: mas / yr}
#       value: !astropy.table.SerializedColumn {name: pm}
#     pmx:
#       __class__: astropy.units.quantity.Quantity
#       unit: !astropy.units.Unit {unit: mas / yr}
#       value: !astropy.table.SerializedColumn {name: pmx}
#     pmx_e:
#       __class__: astropy.units.quantity.Quantity
#       unit: !astropy.units.Unit {unit: mas / yr}
#       value: !astropy.table.SerializedColumn {name: pmx_e}
#     pmy:
#       __class__: astropy.units.quantity.Quantity
#       unit: !astropy.units.Unit {unit: mas / yr}
#       value: !astropy.table.SerializedColumn {name: pmy}
#     pmy_e:
#       __class__: astropy.units.quantity.Quantity
#       unit: !astropy.units.Unit {unit: mas / yr}
#       value: !astropy.table.SerializedColumn {name: pmy_e}
#     r:
#       __class__: astropy.units.quantity.Quantity
#       unit: &id002 !astropy.units.Unit {unit: deg}
#       value: !astropy.table.SerializedColumn {name: r}
#     x:
#       __class__: astropy.units.quantity.Quantity
#       unit: *id002
#       value: !astropy.table.SerializedColumn {name: x}
#     y:
#       __class__: astropy.units.quantity.Quantity
#       unit: *id002
#       value: !astropy.table.SerializedColumn {name: y}
# schema: astropy-2.0
x y pmx pmy pmx_e pmy_e pm_corr g_mag bp_rp filter memberprob r pm member_prob_GMM
[from data line 8041]
-0.07174068 0.03759437 0.6191737 -3.597131 0.7440463 0.623132 0.1600807 18.31203 0.6267166 0 0.0 0.08099420857418943 3.650031164515269 0.0
-0.0785862 0.004027084 -0.1875775 -4.345901 0.7930662 0.7117947 0.317419 19.20741 1.311968 0 0.0 0.07868931462392499 4.349947220404777 0.0
-0.06519392 -0.01317441 -1.399403 -3.955479 0.4527495 0.3825042 0.2306627 18.81426 1.355459 0 0.0 0.06651174545758441 4.195729123269279 0.0
-0.06868861 0.01458262 -4.288308 -8.167548 1.199421 1.06794 0.5832378 19.71641 1.117271 0 0.0 0.0702194983590491 9.224880803304073 0.0
-0.01604178 0.003599467 -1.431119 -5.073937 0.1881434 0.1599751 0.08901612 16.91403 1.797463 0 0.0 0.01644064683193727 5.271900821537711 0.0
0.02805935 0.06782083 -4.502996 -4.617748 0.3291969 0.2763819 0.06357828 18.35429 nan 0 0.0 0.07339613139881011 6.449850352335316 0.0
0.02089318 0.04826669 -4.879621 -1.239337 0.2299069 0.1945404 0.2994371 17.60933 1.66013 1 0.0 0.05259466069924304 5.034546385049005 0.0
-0.02781088 -0.00731527 -3.901955 -7.655059 0.2041522 0.1751373 0.2327949 17.22651 1.172359 0 0.0 0.028756881290350315 8.592158117464203 0.0
-0.02059345 0.06584106 -2.036202 -1.568122 0.6644583 0.5454927 0.0430759 19.03484 1.410482 0 0.0 0.06898648682768316 2.5700438112390223 0.0
0.02372475 0.06304795 -3.95108 -7.359552 0.1454598 0.1217996 0.1672101 16.8817 1.561389 0 0.0 0.06736399455024175 8.353085586003774 0.0
-0.01741595 0.002895406 -4.589629 -6.077564 1.099576 0.9719716 0.5193101 18.8969 nan 0 0.0 0.017654990521304054 7.615870175609416 0.0
0.00363878 -0.01162748 -4.104772 -7.450135 0.07627099 0.06445684 0.1343478 14.02827 2.382324 1 0.9956448 0.01218355494257731 8.506095737188067 1.0
-0.05465271 0.04847223 -4.505196 -10.37459 0.8019954 0.6541069 0.02008117 19.26964 1.130581 0 0.0 0.07305118610616121 11.310566239871282 0.0
-0.06080992 -0.01705478 -4.472846 -7.654056 0.2923259 0.2475062 -0.0803979 18.05785 1.520515 0 0.0 0.06315624981943434 8.865152259879803 0.0
-0.02996429 0.07716623 2.6682 -6.27476 0.8871132 0.7313814 0.09259397 19.63211 1.257153 0 0.0 0.0827797422538691 6.818497216953308 0.0
-0.01736395 0.002159179 -3.924654 -4.082242 0.1581202 0.1339262 0.1909523 17.05206 1.500357 0 0.0 0.01749768023357785 5.662826923567416 0.0
-0.03597353 -0.01872404 2.934701 -0.7182285 0.7915277 0.6836417 0.1417736 19.28457 1.183952 0 0.0 0.04055471038711163 3.0213113274889847 0.0
0.03180794 0.0273228 -0.4857185 -8.529658 0.9672621 0.7820331 -0.3041337 19.43213 nan 0 0.0 0.04193185479899023 8.543476345036968 0.0
-0.01182178 0.05564782 -2.039461 -8.120204 0.852652 0.6945063 -0.2572806 19.20664 1.53887 0 0.0 0.056889668245831776 8.37240193565365 0.0
0.02615743 0.04063405 -0.4580769 0.261178 0.3177382 0.2691361 0.4232915 17.94008 1.380144 0 0.0 0.0483253263166158 0.5273029432855557 0.0
0.02457096 0.02527079 -3.938301 -7.653825 1.462034 1.236237 -0.5759183 19.64647 1.205536 0 0.0 0.03524691337614827 8.607627541734482 0.0
-0.06015392 -0.02915457 -1.123357 -6.71291 0.4960378 0.4186769 0.2517923 19.0246 1.092962 0 0.0 0.06684671303251417 6.80625386079222 0.0
-0.008052841 -0.02365741 -4.827829 -7.977046 0.4716523 0.3985077 0.1074121 18.71604 nan 0 0.0 0.024990424087625664 9.324226281003535 0.0
-0.04660396 0.03571457 -3.533789 -8.074632 1.357887 1.191844 0.3842828 19.75138 0.5940399 0 0.0 0.058715071301723716 8.8140425816957 0.0
-0.01733806 0.002365178 -3.852755 -7.354212 0.2259989 0.1967414 -0.02515431 17.30971 nan 0 0.0 0.01749863970528235 8.302298189716447 1.0
-0.004815076 0.02573361 0.8749831 -5.998797 0.8339001 0.6456782 -0.2629503 19.21317 nan 0 0.0 0.02618021467669576 6.062273572884567 0.0
0.01167742 0.0005998626 -4.373228 -7.555991 0.2321681 0.1956979 0.251673 17.01486 1.48878 0 0.0 0.011692817153931672 8.730299143332088 0.0
0.03474001 0.03048603 -0.1265514 -6.663145 0.9300873 0.7679171 -0.01414656 19.43305 1.089636 0 0.0 0.04621976114132353 6.6643466707447745 0.0
0.04001982 0.06379955 -6.769068 -5.306998 0.7306778 0.6117021 0.08389166 19.35877 0.9040298 0 0.0 0.07531247289151312 8.601424844793332 0.0
-0.001598547 0.003068696 -4.309772 -7.34788 0.07835922 0.06593516 0.1896383 14.75855 1.945884 0 0.0 0.0034600935900095248 8.518537150613595 0.0
-0.03309904 -0.01012273 -4.970599 -4.196163 0.1721884 0.1439104 0.09881861 17.14845 1.507675 0 0.0 0.03461236934355261 6.504970279822191 0.0
0.04250825 0.05833579 -5.189729 -4.885172 1.273719 1.048467 0.04804853 19.83871 0.7087746 0 0.0 0.07218043857574294 7.12728507659298 0.0
-0.006063505 0.07872538 1.254469 -4.599766 1.77662 1.581379 0.700172 20.1068 nan 0 0.0 0.0789585432301624 4.767760451901605 0.0
-0.07938003 -0.007621778 -2.153549 -5.738834 0.9004104 0.7520497 0.1477054 19.40611 nan 0 0.0 0.07974509804798151 6.129599413906018 0.0
0.01850522 0.04222281 -1.397302 -6.81691 0.9316359 0.7843874 0.2076225 19.27245 1.515533 0 0.0 0.046099987543864906 6.958643174305175 0.0
0.00236851 -0.007379776 -3.639637 -6.580651 0.2618692 0.2175251 0.1403395 17.03169 1.370794 0 0.0 0.007750544073178089 7.5201014006175475 0.0
-0.04881822 0.05354904 0.06657034 -3.552593 0.5548567 0.440281 0.08568476 18.71354 1.332325 0 0.0 0.07246184022566636 3.553216660128779 0.0
-0.04813859 0.04380666 -1.660259 -6.449551 1.157324 1.02723 0.553551 19.63932 nan 0 0.0 0.06508722845185298 6.659817418569521 0.0
-0.06676404 0.04288909 -1.179119 -5.616429 0.622775 0.5321224 0.278241 19.17445 1.276272 0 0.0 0.0793530785675622 5.7388671641885916 0.0
0.01918041 0.04570168 -4.688672 -6.397704 0.3039504 0.2547663 0.152677 18.26208 1.728113 0 0.0 0.04956341072394534 7.9318510825153545 0.0
-0.04674886 0.06580482 -1.289753 -6.108129 0.2860543 0.2421689 0.3545451 17.94777 1.575163 0 0.0 0.08072007338036803 6.2428120812379095 0.0
0.01146998 0.0006151474 -3.750978 -6.664997 0.3102463 0.2571606 0.4867166 17.12152 nan 0 0.0 0.011486463664859031 7.6480076468641816 0.0
0.005559394 0.022966 -4.341787 -7.00629 0.2745362 0.2339638 0.2136706 17.55317 1.57778 0 0.0 0.023629304214200553 8.24252472956369 1.0
-0.04813841 0.04346143 -0.3298431 -4.047221 0.3299845 0.2801043 0.3244643 18.24412 1.288929 0 0.0 0.06485524200072805 4.060639640925874 0.0
0.04575401 0.06347645 -1.701334 -4.904378 0.2294224 0.2011245 0.3496278 17.40803 1.593975 1 0.0 0.07824761424914245 5.1910943881266505 0.0
0.02597898 0.05181116 -0.2747073 0.5518045 1.079906 0.8998436 0.1076246 19.42291 1.354589 0 0.0 0.05795950053602947 0.6164027148654847 0.0
0.002759602 0.06572506 -3.532282 -6.712941 0.949822 0.804832 0.2315154 19.82083 nan 0 0.0 0.06578296827600594 7.585551594775755 0.0
0.005481608 0.0233284 -3.683159 -7.578305 0.438168 0.3668389 0.1268531 18.54158 nan 0 0.0 0.023963770004439285 8.425934185139711 1.0
-0.02959889 -0.01033707 -5.395727 -7.934918 0.6140702 0.5304521 0.6181296 18.29597 nan 0 0.0 0.03135202234971454 9.59566535083696 0.0
-0.06151462 -0.009954183 -1.414934 -10.94515 1.120493 0.9546822 0.1348393 19.56598 0.9660225 0 0.0 0.06231479946964356 11.036228828130378 0.0
-0.07520219 -0.01199565 -5.421789 -5.990589 0.7256896 0.6014951 0.06871824 19.16364 1.407091 0 0.0 0.076152905392497 8.07978666348574 0.0
0.02052663 0.03320635 -3.439641 -5.287889 0.2579723 0.2208432 0.3856299 17.71842 1.751909 0 0.0 0.03903849663446839 6.308161402913054 0.0
-0.03464175 0.02464386 -4.798723 -7.414975 0.3450838 0.2821875 0.02168302 18.16359 1.532804 0 0.0 0.042513182411601465 8.83230415471263 0.0
0.03511421 0.0596378 -1.456817 -4.144745 0.362096 0.3103137 0.2609181 18.39306 0.8438759 0 0.0 0.06920747743390232 4.393316160545926 0.0
-0.02583881 -0.01301386 -4.218366 -7.278702 0.1782095 0.1472431 0.1487421 17.01283 1.599796 0 0.0 0.02893103272120959 8.412735257617465 1.0
-0.04340865 0.02557476 -6.368589 -4.906606 0.8071861 0.7063994 0.4096874 19.24117 1.42898 0 0.0 0.050382330671378234 8.03950920704473 0.0
0.02739738 0.0230651 -0.5148294 -7.09698 0.2750599 0.2264708 0.1403746 17.802 1.755665 0 0.0 0.03581361848339819 7.11562888517272 0.0
-0.0501651 0.001672253 2.389101 -9.067678 1.193209 1.015848 0.144457 18.45311 1.329872 0 0.0 0.05019296452796954 9.377131112439722 0.0
-0.03459776 0.04572389 0.01505552 1.169996 0.8815473 0.6871663 0.02564562 19.26826 1.601938 0 0.0 0.057338286630747005 1.170092863279864 0.0
0.004392595 0.0295407 -4.341273 -7.311604 0.08923818 0.073752 0.08292159 15.8103 1.964757 1 0.9886274 0.029865495932999756 8.503305493356393 0.0
-0.01792046 0.06397051 0.4124882 0.6805975 0.2595562 0.2186011 0.2812012 17.77711 1.39286 0 0.0 0.06643319227819554 0.7958388481002231 0.0
-0.03429437 0.06706341 0.576349 -5.897427 1.487521 1.304872 0.3131826 19.78949 nan 0 0.0 0.07532333486061939 5.92552304781021 0.0
0.01780238 0.02961538 -3.809527 -5.401825 0.08437223 0.06977301 0.07017342 15.0698 2.458401 1 0.0 0.03455423948242531 6.610008267343846 0.0
0.004910235 0.008609427 -4.34904 -7.369347 0.2575699 0.217386 0.4687671 17.0722 nan 0 0.0 0.009911238117589245 8.556951801197025 1.0
-0.04851908 0.02735749 -0.787247 -5.584803 0.06576696 0.05487355 0.07729444 15.13809 1.816348 1 0.0 0.05570038943442406 5.640016169109624 0.0
-0.0149114 0.06906938 4.190226 1.352842 0.3278646 0.2708682 0.1047714 18.28661 1.547203 0 0.0 0.07066066164100361 4.403200586850433 0.0
-0.0103856 -0.02616581 -0.3676395 -3.909981 1.133089 1.004819 0.710348 19.13664 1.390762 0 0.0 0.028151559465082927 3.927226785190951 0.0
-0.004009871 -0.001245799 -6.231398 -6.38618 0.4183098 0.3400768 0.4417475 16.85845 1.155055 0 0.0 0.0041989380306265535 8.922646245750418 0.0
-0.03047234 0.04384661 -7.779541 -5.242114 1.134481 0.964387 0.4203253 19.95271 0.2664242 0 0.0 0.053395587023345854 9.380885744943118 0.0
0.02439599 0.05021895 -4.600573 -6.449544 1.03071 0.8933869 0.4473002 19.35255 0.8848019 0 0.0 0.05583106005784415 7.922240196829746 0.0
-0.06822246 0.01546797 7.659503 0.8196493 0.9916993 0.8523987 0.2288532 18.87094 nan 0 0.0 0.06995400020279398 7.703233813276051 0.0
0.02680279 0.02973528 0.8092711 -4.32407 0.08197112 0.06802182 0.1016892 15.26053 2.169623 1 0.0 0.0400321924013974 4.399147767260747 0.0
0.01591199 0.04742845 -1.232143 -4.715427 0.4107097 0.3181374 -0.2259863 18.21915 1.60425 0 0.0 0.05002648593657764 4.873748881998128 0.0
-0.05813126 0.05196437 -0.6046007 -3.385026 0.1953857 0.1640821 0.2937351 17.29274 1.249767 0 0.0 0.07797139949163731 3.4385960837406433 0.0
-0.03724097 0.0385169 -1.142249 -3.587756 0.570377 0.478031 0.1342296 19.1196 nan 0 0.0 0.053576500745671135 3.7651993165750204 0.0
-0.07885474 -0.01551203 -1.227317 -4.248406 0.287656 0.2402414 0.1624438 18.21637 1.259804 0 0.0 0.08036599464442969 4.42213303274845 0.0
-0.01267111 0.005682816 -5.586087 -6.414113 0.6682746 0.5639292 0.3262893 18.21493 nan 0 0.0 0.013887095676272845 8.505598952944936 1.0
0.01572798 0.03321111 -2.400832 -3.934705 0.2887261 0.242695 0.2376886 18.0345 1.544817 0 0.0 0.03674707039088286 4.609327253433954 0.0
-0.04014729 0.04086935 -6.985068 -2.186822 1.081217 0.886095 0.01319881 19.61831 1.75968 0 0.0 0.05728969072849495 7.319382858158739 0.0
0.02597891 0.05153459 -15.86566 -26.47338 2.039465 1.782561 0.2057712 19.6179 nan 0 0.0 0.05771237069516552 30.863554815672156 0.0
-0.02049858 -0.01090108 -4.173457 -6.919655 0.08845244 0.07481996 0.1372958 15.43212 1.988813 1 0.9284991 0.023216918985576016 8.08080247561305 1.0
-0.005749641 0.03935202 -1.47812 -9.049836 1.107329 0.9938218 0.6045526 19.59082 1.251633 0 0.0 0.039769835927613295 9.169753015283238 0.0
-0.04809043 0.05096115 -0.1785258 -6.780621 0.1002569 0.08239779 0.05849263 16.1354 1.712015 1 0.0 0.07006945316546576 6.782970780337082 0.0
-0.06676651 0.01040503 -3.345008 -4.940698 1.607414 1.186656 -0.1400593 19.93465 nan 0 0.0 0.0675724167606946 5.966537961604535 0.0
-0.006707928 0.01857712 -2.880686 -6.9774 0.3687009 0.3035761 -0.08011206 18.19882 1.46026 0 0.0 0.019751093274742643 7.548672902609836 0.0
-0.01181396 -0.00548269 -3.909638 -7.582455 0.2244653 0.1912225 0.3396334 17.30845 1.754141 0 0.0 0.013024190589733399 8.53105463105641 1.0
-0.07402642 -0.02332816 -0.3689014 2.513708 0.4769642 0.3930384 0.1221439 18.89405 1.287565 0 0.0 0.07761516544466036 2.5406330219427518 0.0
-0.004970071 0.01411594 -2.435219 -7.666252 1.112714 0.9669435 0.5203059 18.9817 1.437256 0 0.0 0.014965338881182778 8.043737396600228 1.0
-0.06176267 0.05085765 -1.291288 -5.548307 0.5741273 0.4825865 0.246181 18.99692 1.424826 0 0.0 0.08000704949597504 5.696589792603379 0.0
0.02078401 0.02424938 -4.318573 -7.729455 0.7691136 0.6381241 0.2726916 19.12354 1.509481 0 0.0 0.03193755629450225 8.854069536284092 0.0
0.03830737 0.06395095 -1.501493 -4.152446 1.786148 1.474713 0.09880668 19.52806 nan 0 0.0 0.07454648618291408 4.41557346354525 0.0
-0.07438954 -0.02307478 -6.244435 -12.09411 1.81752 1.7121 0.7101593 19.93336 nan 0 0.0 0.07788612927511547 13.611042030694234 0.0
-0.03214016 -0.008991328 -3.669501 -7.448749 0.4721348 0.3907822 0.1131413 18.91035 1.209934 0 0.0 0.033374149637544086 8.3035594327976 0.0
-0.01779135 0.06720539 -4.585155 -6.523434 1.154692 1.011384 0.07371193 19.74947 nan 0 0.0 0.06952047597560448 7.973633897187719 0.0
-0.03952479 0.0410718 -0.5105537 -8.521175 1.124201 0.912395 -0.06624905 19.54047 0.6595955 0 0.0 0.057000892798131676 8.536456434681119 0.0
-0.05361549 0.04932733 -1.099998 -1.830579 0.4150301 0.3454825 0.210083 18.67875 1.524294 0 0.0 0.07285469273059217 2.1356533134488376 0.0
-0.03977131 0.07144049 -1.347725 -7.435329 0.8690881 0.6859227 -0.1632088 19.29891 1.167185 0 0.0 0.08176491124288095 7.556485956704082 0.0
0.04807819 0.04217973 3.627402 -0.4399189 2.57007 2.024953 -0.04704921 20.11722 nan 0 0.0 0.06395812674358904 3.653980556623312 0.0
0.03300398 0.03553924 9.20843 -14.83327 0.6369741 0.5450528 0.004390895 17.53577 1.47319 0 0.0 0.048500518302570746 17.459126036483042 0.0
0.02462346 0.02762445 3.716532 -7.089244 1.156361 0.9386641 -0.2805844 19.52408 nan 0 0.0 0.03700574307015196 8.004373217095765 0.0
-0.01440722 -0.002421763 -2.021822 -4.176373 0.3412614 0.2898794 0.243314 18.42963 1.231022 0 0.0 0.014609343727784935 4.640027546773079 0.0
-0.01111445 -0.001028944 -4.107333 -6.896433 0.2898808 0.2464894 0.1181905 17.90421 1.57522 0 0.0 0.011161976731638351 8.02689058704415 0.0
-0.07374276 -0.02147018 -3.158411 2.585192 0.2155788 0.1820261 0.2895992 17.53979 nan 0 0.0 0.07680470872055958 4.081516595799287 0.0
-0.05087677 0.0226527 -2.256796 -6.695432 0.2939987 0.2440167 0.3490727 17.81293 1.507151 0 0.0 0.055691925293734464 7.065545828330604 0.0
-0.05319816 0.0003945382 -0.04672336 -3.175297 0.348295 0.2939961 0.2191277 18.51033 1.373442 0 0.0 0.053199623004085844 3.1756407401623203 0.0
-0.006452109 0.06913712 -0.8795929 -2.089551 1.465791 1.259889 0.289373 20.12556 0.8235264 0 0.0 0.06943753359993628 2.267136310708161 0.0
-0.01394963 0.05801073 -1.00639 0.3977309 0.3938157 0.3222358 0.07275466 18.57113 1.397062 0 0.0 0.05966436936958104 1.0821324784492932 0.0
0.04222069 0.05361142 -2.695801 -6.941828 0.1379943 0.1148593 0.09478873 16.50982 1.687766 1 0.0 0.06824053794111312 7.446899959928628 0.0
0.04453728 0.06926203 -6.644476 -5.118823 0.7202878 0.6196531 0.2089529 19.41995 1.138969 0 0.0 0.08234560164039911 8.387574751971217 0.0
0.03056661 0.03836104 -1.23522 -3.085891 0.7986941 0.7000902 0.6166093 18.8989 1.575136 0 0.0 0.049049842372567314 3.3239271520719287 0.0
-0.03618917 0.06857331 1.33819 -7.46065 0.8771952 0.7317235 -0.06614943 19.35273 1.334589 0 0.0 0.07753679687506443 7.5797131145314465 0.0
-0.05356364 0.00465153 0.3156125 -10.54366 1.054369 0.8973677 0.1470049 19.3739 nan 0 0.0 0.053765232831175395 10.548382693368506 0.0
-0.03590392 0.002253013 -3.079619 -8.218348 0.1284082 0.1083202 0.1681564 16.68111 1.833122 1 0.0 0.03597454014917451 8.776405701325857 0.0
0.04320983 0.06056325 -2.553692 -2.345842 0.6234329 0.5276737 0.1089766 19.06513 1.113354 0 0.0 0.07439755815341925 3.4676097704078526 0.0
-0.03824347 0.01637599 7.636441 -12.78117 1.562035 1.30056 0.01904817 19.81978 nan 0 0.0 0.04160211588514459 14.888705038228844 0.0
