jas1101finalproject/data/gcs/NGC_6356.ecsv
# %ECSV 0.9
# ---
# datatype:
# - {name: x, unit: deg, datatype: float64}
# - {name: y, unit: deg, datatype: float64}
# - {name: pmx, unit: mas / yr, datatype: float64}
# - {name: pmy, unit: mas / yr, datatype: float64}
# - {name: pmx_e, unit: mas / yr, datatype: float64}
# - {name: pmy_e, unit: mas / yr, datatype: float64}
# - {name: pm_corr, datatype: float64}
# - {name: g_mag, unit: mag, datatype: float64}
# - {name: bp_rp, unit: mag, datatype: float64}
# - {name: filter, datatype: int64}
# - {name: memberprob, datatype: float64}
# - {name: r, unit: deg, datatype: float64}
# - {name: pm, unit: mas / yr, datatype: float64}
# - {name: member_prob_GMM, datatype: float64}
# meta: !!omap
# - comments: [deg deg mas/yr mas/yr mas/yr mas/yr dimless mag   mag   zeroone float]
# - __serialized_columns__:
#     bp_rp:
#       __class__: astropy.units.quantity.Quantity
#       unit: &id001 !astropy.units.Unit {unit: mag}
#       value: !astropy.table.SerializedColumn {name: bp_rp}
#     g_mag:
#       __class__: astropy.units.quantity.Quantity
#       unit: *id001
#       value: !astropy.table.SerializedColumn {name: g_mag}
#     pm:
#       __class__: astropy.units.quantity.Quantity
#       unit: !astropy.units.Unit {unit: mas / yr}
#       value: !astropy.table.SerializedColumn {name: pm}
#     pmx:
#       __class__: astropy.units.quantity.Quantity
#       unit: !astropy.units.Unit {unit: mas / yr}
#       value: !astropy.table.SerializedColumn {name: pmx}
#     pmx_e:
#       __class__: astropy.units.quantity.Quantity
#       unit: !astropy.units.Unit {unit: mas / yr}
#       value: !astropy.table.SerializedColumn {name: pmx_e}
#     pmy:
#       __class__: astropy.units.quantity.Quantity
#       unit: !astropy.units.Unit {unit: mas / yr}
#       value: !astropy.table.SerializedColumn {name: pmy}
#     pmy_e:
#       __class__: astropy.units.quantity.Quantity
#       unit: !astropy.units.Unit {unit: mas / yr}
#       value: !astropy.table.SerializedColumn {name: pmy_e}
#     r:
#       __class__: astropy.units.quantity.Quantity
#       unit: &id002 !astropy.units.Unit {unit: deg}
#       value: !astropy.table.SerializedColumn {name: r}
#     x:
#       __class__: astropy.units.quantity.Quantity
#       unit: *id002
#       value: !astropy.table.SerializedColumn {name: x}
#     y:
#       __class__: astropy.units.quantity.Quantity
#       unit: *id002
#       value: !astropy.table.SerializedColumn {name: y}
# schema: astropy-2.0
x y pmx pmy pmx_e pmy_e pm_corr g_mag bp_rp filter memberprob r pm member_prob_GMM
[from data line 2205]
-0.06298927 -0.1143048 -4.685363 -5.912782 1.075187 0.8333917 0.4696773 19.54893 1.472061 1 0.008297516 0.13051143795918005 7.5441114401427685 0.0
0.009198369 -0.02843471 -3.989893 -3.455439 0.2049924 0.1533422 0.2782336 17.17551 1.509842 1 0.9839052 0.02988549355530641 5.278191435915336 1.0
-0.06539705 -0.04146985 -2.294071 -3.37289 3.916234 3.006514 0.6457576 20.75888 0.7725563 0 0.0 0.07743721720029072 4.079111264128621 0.0
-0.04506022 -0.05476158 1.962256 0.2985219 3.256351 3.254983 0.5463327 20.27555 nan 0 0.0 0.07091723394595138 1.9848334777294567 0.0
0.008731061 -0.07951156 1.193563 -3.772435 3.026153 2.41959 0.715944 20.53687 nan 0 0.0 0.07998949680938941 3.956748471181104 0.0
0.000512384 -0.04815264 -1.206763 -10.54948 1.461682 1.341744 0.5247802 19.26584 0.9792595 0 0.0 0.04815536601805717 10.618276941602579 0.0
-0.02513449 -0.05785519 -4.20865 -7.571576 0.1787213 0.1185165 0.2477533 16.87447 1.44873 1 0.0 0.06307904245861853 8.662649591567005 0.0
-0.09235501 -0.03834228 -1.812668 -8.444642 2.858769 2.323961 0.6447897 20.54307 0.7729702 0 0.0 0.09999789151626398 8.636998540371996 0.0
0.06802431 -0.1046631 -6.295034 -8.899863 1.266437 1.077161 0.1923887 19.7874 0.9235363 1 1.421691e-05 0.12482656469111893 10.90114739281719 0.0
-0.07747247 -0.06087432 -0.5933408 -4.939109 1.905499 1.425433 0.838387 19.56307 0.9607468 0 0.0 0.09852749080009753 4.974620690949777 0.0
0.004403299 -0.1023423 -1.273217 -6.796408 2.621776 2.103904 0.47325 20.52145 0.8968086 0 0.0 0.10243698263504934 6.9146397759791505 0.0
-0.02045639 -0.07373325 0.7947459 -1.191597 2.264496 1.893943 0.6362916 20.42054 nan 0 0.0 0.07651833798113103 1.4323143705122177 0.0
-0.04514743 -0.05448694 -3.042629 -3.560656 1.306692 0.9244044 0.4839246 19.95415 0.7457523 0 0.0 0.07076098548047857 4.683573676369039 0.0
0.09347339 0.02930699 -1.336463 -6.812013 0.4013618 0.3161762 0.2392727 17.00228 1.378101 0 0.0 0.09796006482721518 6.941876868868966 0.0
0.1070663 -0.07865658 -5.331708 -4.595566 1.709037 1.649872 0.1623255 20.496 0.3677483 0 0.0 0.1328534913842553 7.038915900734998 0.0
-0.02603474 -0.05883378 -3.713042 -5.929434 0.2488677 0.1753686 0.3325437 17.51856 1.37381 1 0.0 0.06433678073976036 6.996060924128662 0.0
-0.01761446 -0.03096449 -3.839921 -3.514108 0.2667862 0.1954407 0.2832851 17.67761 nan 0 0.0 0.03562399250577762 5.205184753868492 0.0
0.09538497 -0.03684088 -3.877367 -7.002696 0.3782544 0.2601951 0.3755635 17.55474 1.400381 0 0.0 0.10225234931812227 8.004481627257633 0.0
-0.02211405 -0.05580248 -0.3936577 0.1402459 1.448491 1.126519 0.6516797 19.75581 nan 0 0.0 0.06002456148571933 0.4178938827454884 0.0
0.00905052 -0.07948868 -1.146462 2.307545 1.368605 1.177783 0.615472 19.81697 1.16556 0 0.0 0.08000226347055939 2.576652682157415 0.0
-0.04594469 -0.11635 -4.16071 0.7710064 3.047879 2.420564 0.4752979 20.60742 nan 0 0.0 0.12509291362501754 4.231543285013277 0.0
-0.1085148 -0.07121499 -6.8087 -5.524981 3.178637 2.474166 0.7330214 20.4552 nan 0 0.0 0.1297961348412968 8.768341390500316 0.0
-0.01807023 -0.1196314 -8.750018 -6.622188 2.212737 1.800627 0.4878233 20.47183 0.9138603 1 0.0553445 0.12098845018518462 10.973431045378105 0.0
0.03927475 -0.1158582 -4.00719 -3.049689 2.623362 2.143644 0.535109 20.63226 1.544571 1 0.1089562 0.12233408558044033 5.0356900910223805 0.0
0.03589534 -0.02799368 0.6908794 -5.719246 2.719629 1.874531 0.07916622 20.07713 0.5524769 0 0.0 0.045520561877661396 5.76082365238343 0.0
-0.01494178 -0.03249776 -5.042896 -0.5892812 3.099307 2.296518 0.4844981 20.2934 nan 0 0.0 0.03576815894879131 5.077209115201917 0.0
-0.05393937 -0.08376144 -2.343973 -5.524369 2.477319 1.978634 0.5542221 20.40303 0.7567272 0 0.0 0.09962647472871104 6.001071760351646 0.0
0.05321057 -0.02321247 -1.148866 -5.053084 1.110078 1.024273 0.5685044 19.43617 1.073757 0 0.0 0.058053281761032256 5.182041199856674 0.0
0.04421574 -0.09607069 0.9667995 -6.047241 1.964568 1.676932 0.4051814 20.41853 0.8779068 0 0.0 0.10575731246974698 6.1240366577349326 0.0
0.1095204 -0.007887822 -1.020117 -1.981088 1.163723 1.019981 0.4176707 19.52394 2.462992 1 0.04470479 0.10980407894091951 2.2283061633072325 0.0
0.1278371 0.01048683 -1.963432 -8.585349 0.08841886 0.06408361 0.1243664 15.31344 1.393805 1 0.0 0.12826651059360314 8.807001911571556 0.0
0.05175947 -0.1179004 -4.163967 -4.375524 1.460055 1.189791 0.1835541 20.07062 nan 0 0.0 0.12876158998257556 6.040184719995326 0.0
0.1095492 -0.05544949 -8.536137 -5.651193 1.958225 1.790402 0.6175735 20.18604 nan 0 0.0 0.12278303287466107 10.237266100186025 0.0
-0.1012683 -0.04638087 0.2495542 -7.35878 0.3331621 0.2401399 0.3802797 17.98617 1.581512 1 0.0 0.11138426139651374 7.363010280254785 0.0
-0.02832625 -0.07793812 1.972992 -3.386316 1.707086 1.425526 0.3688178 20.09389 0.8537922 0 0.0 0.08292603323563054 3.9191623446751986 0.0
0.02118599 -0.1122617 1.421922 -2.234557 0.4928735 0.3609501 0.2712687 18.7323 0.9331722 0 0.0 0.11424331691250084 2.648604757288826 0.0
0.0566188 -0.08523093 -5.031322 -3.442981 0.5178625 0.3965202 0.2289462 18.65172 1.533054 1 0.2790227 0.10232301765538826 6.096582586502458 0.0
-0.01322293 -0.09893053 -1.334583 -5.15077 1.421023 1.2402 0.6407204 19.83026 1.050045 0 0.0 0.09981029828562682 5.320859270530372 0.0
-0.07583716 -0.08148632 -6.359318 -9.342663 0.6093454 0.4586483 0.4657457 18.86426 1.3312 0 0.0 0.11131619461699183 11.30160507877943 0.0
-0.006284445 -0.05100615 0.4574525 -2.00906 3.707172 2.894603 0.4889802 20.7424 -0.1172466 0 0.0 0.05139184358223126 2.0604817090564644 0.0
-0.03260006 -0.05254443 -2.694108 -3.077126 0.6913749 0.4862959 0.5871254 18.97889 1.112299 1 0.624756 0.06183592027315919 4.089856028705656 0.0
-0.05977537 -0.087372 -3.56972 -5.185274 1.715994 1.353817 0.6499686 20.12987 1.032806 0 0.0 0.10586293611381134 6.295233699671204 0.0
-0.09097946 -0.05842785 0.9238798 4.334636 2.574825 2.00959 0.6117539 20.37366 0.8757935 0 0.0 0.10812527825404243 4.431999902678704 0.0
0.03495473 -0.08397605 0.2380011 1.782932 0.1667476 0.1218557 0.2420004 16.88344 1.172188 1 0.0 0.09096048660256496 1.798747075112343 0.0
0.09983423 -0.07992459 -1.830489 -0.3599268 0.6330098 0.512871 0.3505687 18.92214 0.8585472 0 0.0 0.1278859396742308 1.865539407377727 0.0
-0.0255955 -0.08360635 -0.59016 -4.297841 0.10318 0.07475936 0.3739418 15.85408 1.561885 1 0.0 0.08743655631698048 4.3381708226948605 0.0
0.08562911 -0.08788228 -1.363197 -3.61431 0.594306 0.4401203 0.3359342 18.88307 1.35211 0 0.0 0.12270142467547188 3.8628412906705085 0.0
-0.07201823 -0.0457029 2.152539 -4.036984 2.529853 2.017132 0.5049743 20.30963 1.245762 0 0.0 0.08529584116909159 4.575004258225014 0.0
0.01415916 -0.1130507 -2.563548 -4.556855 2.090082 1.61135 0.2740897 20.28443 0.1859856 0 0.0 0.11393393955444357 5.228451571864179 0.0
0.1206737 0.03046558 -9.514632 -9.389002 4.102535 3.369342 0.3574488 20.71676 0.00847435 0 0.0 0.12446000737757651 13.36718297366457 0.0
-0.005382771 -0.0919416 -0.8038421 -1.447245 0.5354854 0.401674 0.411591 18.89169 1.119835 1 0.0 0.09209903383965784 1.655499988449837 0.0
0.08562574 -0.03461005 1.023175 -6.192633 0.3483692 0.2524403 0.1416805 18.09742 1.286797 1 0.0 0.09235595763972188 6.276590679127802 0.0
0.06265732 -0.00828672 -0.7389392 -6.266278 1.984933 1.495385 -0.1562892 20.05748 1.054043 0 0.0 0.06320292301737951 6.309696594494907 0.0
-0.093876 -0.07348214 -10.39287 -10.87703 2.233879 1.772223 0.8006043 20.06594 nan 0 0.0 0.11921546994823952 15.043986454985925 0.0
0.1146771 -0.03083075 -0.9614519 -3.979609 1.743694 1.547518 0.2402678 20.27236 0.994566 0 0.0 0.11874919961823954 4.094102777031203 0.0
0.01752673 -0.1192956 -6.947143 2.597846 0.6474449 0.5386483 0.4312726 18.9995 0.9582138 1 0.0 0.1205762266943733 7.416980497626039 0.0
-0.03454368 -0.06521531 -1.707967 -6.711161 1.615159 1.237263 0.6568752 20.02461 1.104052 0 0.0 0.07379906832974586 6.92508723706857 0.0
-0.0008234147 -0.1235405 1.576666 -4.963885 2.249957 1.725577 0.5442373 20.26957 0.8936214 0 0.0 0.12354324405655769 5.208265543228475 0.0
0.08468202 -0.003264233 -5.912079 -10.97406 1.426412 1.325329 0.5508948 19.6587 0.8702316 0 0.0 0.08474490974895595 12.465258560729536 0.0
0.1198149 0.04992493 -5.193874 -6.369457 0.9814095 0.8734179 0.6153288 19.24839 1.236668 1 0.003778572 0.12980026539847636 8.21865619202586 0.0
0.05730571 -0.1163628 -3.703826 -10.87441 1.713055 1.413432 -0.1316154 20.14652 nan 0 0.0 0.12970830976635267 11.487868378701767 0.0
-0.02727497 -0.1154288 -4.045234 -5.046324 0.7757889 0.6008861 0.2655758 18.97684 1.064146 0 0.0 0.11860746965491212 6.467557810157711 0.0
-0.05476096 -0.05637791 -2.210962 -2.760229 1.136022 0.8650104 0.4303559 19.77002 1.031845 0 0.0 0.07859536548734729 3.536554410423371 0.0
-0.0103221 -0.04708292 -7.931795 -6.140031 2.700188 2.382254 0.4785737 20.33763 0.3891659 0 0.0 0.048201111025954584 10.030620748636945 0.0
-0.006458042 -0.06973821 -1.777609 -1.490535 3.625796 2.968903 0.4578041 20.74426 nan 0 0.0 0.07003659215351546 2.319825067350122 0.0
-0.07573491 -0.04885538 -3.051115 -3.611401 1.803299 1.426711 0.6273216 20.11436 0.9401264 0 0.0 0.09012560539409709 4.727739409699523 0.0
0.06426996 -0.0480021 -5.249822 -2.736497 1.753753 1.618119 -0.475274 19.444 0.7327099 1 0.3526202 0.08021738815750361 5.920223548371548 0.0
-0.004047688 -0.05961966 -3.288961 -10.92586 2.24013 1.91103 0.4253725 20.16992 0.6927776 0 0.0 0.05975690451036553 11.410156931397614 0.0
-0.03199067 -0.04932472 -0.3445689 -2.441722 0.6367803 0.4652639 0.5405229 18.71055 1.220667 0 0.0 0.05879056871750179 2.465914445420037 0.0
-0.0009398147 -0.07400865 -3.233347 -13.2396 2.181855 1.954564 0.5812627 19.63949 1.122683 0 0.0 0.07401461697862682 13.628702835648335 0.0
-0.01232449 -0.07369245 -0.8967385 0.1393659 2.658987 2.115878 0.5594003 20.53361 -1.18882 0 0.0 0.07471593030112521 0.9075036041058239 0.0
-0.03039093 -0.0621132 -8.826489 -10.12072 3.577733 2.966214 0.6323519 20.66164 0.6592884 0 0.0 0.0691495353600073 13.428919591148091 0.0
0.09264835 -0.04847236 -1.558995 -6.980101 1.66871 1.425255 0.3193248 20.16648 0.7654667 0 0.0 0.1045623567145084 7.152081891325491 0.0
0.07378863 -0.06883403 -2.613628 -3.352976 2.731164 2.297043 0.2476248 20.59539 0.7756119 1 0.1197061 0.10091028492338033 4.251293847637446 0.0
-0.03667288 -0.02155272 -4.620854 -3.764328 2.46639 1.320797 0.1382316 19.97331 0.9208145 0 0.0 0.04253727620443979 5.960071893937186 0.0
-0.03823069 -0.07247352 -4.07865 -4.740621 2.20709 1.839327 0.4502433 20.26872 0.5645523 0 0.0 0.08193898192598258 6.253708762657644 0.0
0.04966055 -0.04406639 6.484852 -7.556483 3.790568 2.3741 0.01889237 20.43348 -0.4413948 0 0.0 0.06639289836973981 9.957597139430426 0.0
0.0813379 -0.009638944 -2.399849 -6.158014 3.595149 2.916046 0.3261824 20.77954 0.9712639 0 0.0 0.08190704009940256 6.60911579918199 0.0
0.108039 -0.007289918 -6.136471 -9.692693 0.8945291 0.7044825 0.3889827 19.04163 2.184065 0 0.0 0.10828466385156636 11.471903674895898 0.0
-0.03617034 -0.06421809 -3.201642 -3.504671 0.2997851 0.2134058 0.3917418 17.7859 1.433523 1 0.5993219 0.07370384371906055 4.746917980585403 0.0
0.1284479 0.01142862 0.04679338 -2.565031 1.573617 1.389429 0.3982508 20.19246 0.9887733 0 0.0 0.1289553270303883 2.565457785926875 0.0
0.1045977 -0.02949322 -9.835855 -5.8463 1.765792 1.335264 0.5199018 19.91189 0.8980312 0 0.0 0.10867625716437974 11.442170566418987 0.0
0.09198946 -0.08680779 -0.3403248 -0.5402772 1.085589 0.9657043 0.4129733 19.12682 1.151068 0 0.0 0.1264818293502102 0.6385298914967725 0.0
-0.06854946 -0.0772338 -5.22705 -5.209052 1.775004 1.513831 0.5891279 19.9918 1.212595 0 0.0 0.10326707281961468 7.3794494673521545 0.0
-0.0650832 -0.1052114 -2.190162 -8.119653 0.8218655 0.6358682 0.406417 19.1276 1.078339 0 0.0 0.12371443574700569 8.40984984566627 0.0
-0.07702649 -0.08462823 2.338166 -10.43552 1.069751 0.8420201 0.4713062 18.86009 1.090748 0 0.0 0.11443346308948707 10.694255369774748 0.0
0.09827106 -0.01819621 -3.134509 -8.949716 1.418272 1.244745 0.3499853 19.82343 1.312075 0 0.0 0.09994149934780695 9.482750821978662 0.0
0.07532809 0.0001827281 -6.492587 -5.769524 1.953141 1.756378 0.08986947 20.12929 0.9945412 0 0.0 0.07532831162721378 8.68568322811424 0.0
0.1007444 -0.06250911 2.257005 -3.89235 0.750736 0.637568 0.4775175 19.04495 1.089296 1 0.0 0.11856147335602785 4.499384412619686 0.0
-0.110141 -0.07161081 3.035196 -0.6217188 3.802069 3.001624 0.6338005 20.64137 0.8561096 0 0.0 0.13137407655186809 3.098217071912399 0.0
-0.06145937 -0.08836249 -3.616309 -5.727193 1.12496 0.8707967 0.4433604 19.59418 1.306068 0 0.0 0.10763449168271758 6.773361827241329 0.0
0.02804432 -0.07563782 -4.822593 -14.39887 0.5073015 0.3752262 0.2625932 18.75546 1.047226 1 0.0 0.08066947191233373 15.18502092591739 0.0
-0.1143846 -0.02121371 4.808776 -2.59373 1.476535 1.268793 0.5392939 20.13315 0.9374981 0 0.0 0.1163351116779629 5.463676594663706 0.0
0.06611692 -0.08029417 -3.093721 -6.228101 0.6512527 0.5360825 0.3418792 18.98541 1.099966 1 0.0 0.10401250331703059 6.95416074677901 0.0
0.06566607 -0.04292525 -2.970667 -1.770774 0.346187 0.2772879 0.3147575 17.961 1.32292 1 2.21095e-05 0.0784513214471713 3.4583960131779303 0.0
-0.1212961 -0.0251436 -2.057856 -2.583369 0.3747363 0.2890638 0.3263358 18.24181 1.198561 0 0.0 0.12387471290045439 3.3028119393778685 0.0
-0.02966278 -0.07432583 -2.588759 -4.996091 1.090083 0.8607488 0.5868673 19.60644 nan 0 0.0 0.08002630519096392 5.626952855708141 0.0
0.130318 0.02582966 1.644411 -6.755345 2.942046 2.083611 0.386434 20.44401 nan 0 0.0 0.13285312363552312 6.952609122189022 0.0
0.09055256 -0.05716307 -4.766172 -4.998919 1.750775 1.3881 0.5179612 20.30772 0.5897083 1 0.1550499 0.10708586598790011 6.906923099481056 0.0
0.1074477 -0.07233968 -1.946308 -5.718833 1.333902 1.176937 0.4326699 19.80305 1.119368 0 0.0 0.1295300642236867 6.040957350681513 0.0
0.09946468 0.03841896 -2.638063 -7.744803 1.183716 1.049134 0.64458 19.46454 0.9723568 0 0.0 0.10662663389127502 8.181769362477654 0.0
-0.1225348 -0.04028117 -8.733703 -9.526602 2.999533 2.429637 0.332415 20.65975 1.323147 0 0.0 0.1289858514241345 12.92415234197636 0.0
-0.01572099 -0.09033623 -1.148248 -0.8097118 0.326754 0.2502476 0.4646703 17.89091 0.9593735 0 0.0 0.09169396914297581 1.405029063245042 0.0
0.1146995 0.049358 -0.9482804 3.321701 0.3358543 0.2518333 0.2687356 18.05208 1.207041 1 0.0 0.12486868087815295 3.4544078002495824 0.0
-0.07513334 -0.09762027 -9.97965 -8.364797 3.773157 2.754269 0.3904805 20.75088 nan 0 0.0 0.12318577797143833 13.02164517154837 0.0
-0.0635206 -0.09009127 -4.249107 -4.160961 1.459425 1.025538 0.4578143 20.10112 0.9832897 0 0.0 0.11023295131027247 5.947142737564822 0.0
-0.07060396 -0.09601052 -2.186864 -1.243712 0.3244316 0.2246414 0.3793744 17.98709 1.213253 1 0.0 0.11917608450671636 2.515788880935759 0.0
0.1203425 -0.02963095 -4.473147 -8.569816 1.031845 0.9080204 0.4191811 19.45664 0.8415852 0 0.0 0.12393671975711033 9.666994897974499 0.0
0.07768196 0.001219316 3.520844 -8.169129 4.052252 3.719591 0.0528299 20.77331 nan 0 0.0 0.07769152875925055 8.895561313991209 0.0
-0.0178446 -0.05349983 -1.048992 -2.442288 1.388887 1.071844 0.6520272 19.80668 0.8990211 0 0.0 0.056397354186068865 2.658035908524939 0.0
0.1120545 0.04882944 -4.538765 -1.588681 0.4937655 0.3656416 0.2107075 18.58742 1.054895 0 0.0 0.12223144104919814 4.808772717127105 0.0
0.08114916 0.02251904 0.008690234 -5.033453 1.290904 1.172027 0.5550694 19.61359 1.542719 1 0.0001013908 0.08421575464975184 5.0334605018193965 0.0
0.05254448 -0.01615317 -3.317573 -10.04418 2.267931 2.02187 0.04972644 20.23839 0.4790134 0 0.0 0.05497133143302334 10.577894047622571 0.0
0.02632315 -0.1273362 2.398165 -3.91006 1.132749 0.9991401 0.5861947 19.68133 1.022459 0 0.0 0.13002852016524105 4.586912313400487 0.0
0.05246134 -0.002519421 -0.3652085 -5.845669 1.467853 1.372115 0.5308141 19.87994 0.3378201 0 0.0 0.05252180191854466 5.857066100534742 0.0
0.04919231 -0.05666239 -0.7574414 -4.222595 1.608694 0.9335678 0.8483195 18.96337 1.00231 0 0.0 0.07503672303377994 4.2899913762686 0.0
