jas1101finalproject/data/gcs/NGC_6584.ecsv
# %ECSV 0.9
# ---
# datatype:
# - {name: x, unit: deg, datatype: float64}
# - {name: y, unit: deg, datatype: float64}
# - {name: pmx, unit: mas / yr, datatype: float64}
# - {name: pmy, unit: mas / yr, datatype: float64}
# - {name: pmx_e, unit: mas / yr, datatype: float64}
# - {name: pmy_e, unit: mas / yr, datatype: float64}
# - {name: pm_corr, datatype: float64}
# - {name: g_mag, unit: mag, datatype: float64}
# - {name: bp_rp, unit: mag, datatype: float64}
# - {name: filter, datatype: int64}
# - {name: memberprob, datatype: float64}
# - {name: r, unit: deg, datatype: float64}
# - {name: pm, unit: mas / yr, datatype: float64}
# - {name: member_prob_GMM, datatype: float64}
# meta: !!omap
# - comments: [deg deg mas/yr mas/yr mas/yr mas/yr dimless mag   mag   zeroone float]
# - __serialized_columns__:
#     bp_rp:
#       __class__: astropy.units.quantity.Quantity
#       unit: &id001 !astropy.units.Unit {unit: mag}
#       value: !astropy.table.SerializedColumn {name: bp_rp}
#     g_mag:
#       __class__: astropy.units.quantity.Quantity
#       unit: *id001
#       value: !astropy.table.SerializedColumn {name: g_mag}
#     pm:
#       __class__: astropy.units.quantity.Quantity
#       unit: !astropy.units.Unit {unit: mas / yr}
#       value: !astropy.table.SerializedColumn {name: pm}
#     pmx:
#       __class__: astropy.units.quantity.Quantity
#       unit: !astropy.units.Unit {unit: mas / yr}
#       value: !astropy.table.SerializedColumn {name: pmx}
#     pmx_e:
#       __class__: astropy.units.quantity.Quantity
#       unit: !astropy.units.Unit {unit: mas / yr}
#       value: !astropy.table.SerializedColumn {name: pmx_e}
#     pmy:
#       __class__: astropy.units.quantity.Quantity
#       unit: !astropy.units.Unit {unit: mas / yr}
#       value: !astropy.table.SerializedColumn {name: pmy}
#     pmy_e:
#       __class__: astropy.units.quantity.Quantity
#       unit: !astropy.units.Unit {unit: mas / yr}
#       value: !astropy.table.SerializedColumn {name: pmy_e}
#     r:
#       __class__: astropy.units.quantity.Quantity
#       unit: &id002 !astropy.units.Unit {unit: deg}
#       value: !astropy.table.SerializedColumn {name: r}
#     x:
#       __class__: astropy.units.quantity.Quantity
#       unit: *id002
#       value: !astropy.table.SerializedColumn {name: x}
#     y:
#       __class__: astropy.units.quantity.Quantity
#       unit: *id002
#       value: !astropy.table.SerializedColumn {name: y}
# schema: astropy-2.0
x y pmx pmy pmx_e pmy_e pm_corr g_mag bp_rp filter memberprob r pm member_prob_GMM
[from data line 573]
-0.005098614 -0.02075621 0.800014 -8.222487 0.8577111 0.6863069 0.004166991 19.55525 0.6506653 0 0.0 0.02137325708180894 8.261314354590617 1.0
0.05572551 0.03102037 -5.197066 -5.433428 1.216341 1.073025 -0.1125396 19.94838 0.663496 0 0.0 0.06377770629065457 7.518752212936666 1.0
0.04490575 0.007865947 -2.109109 -3.392472 0.5762803 0.5094768 -0.0902688 18.90197 1.244225 1 0.0 0.045589467043049635 3.9946472991573363 0.0
-0.007135477 -0.02250362 -2.028285 -6.017532 1.256609 1.136159 0.1499594 20.12048 nan 0 0.0 0.023607794160444746 6.350167825518393 1.0
0.004488743 -0.02370109 -0.3713953 -8.413691 1.376006 1.092378 0.2957991 19.92336 0.5599461 0 0.0 0.024122406200629096 8.421884035792887 1.0
0.05090298 0.01901366 -1.181311 -7.085136 1.746805 1.574728 -0.1437334 20.43525 0.3546638 0 0.0 0.054338132462166934 7.182941446038455 1.0
0.02227496 -0.07064248 -0.545993 -7.117014 0.8921539 0.8079417 0.1787014 19.63741 0.8339252 0 0.0 0.0740711402879151 7.137926633991484 0.0
-0.03471046 -0.03460921 -1.029452 -7.534238 0.7901482 0.6730867 0.2563836 19.60923 0.821125 0 0.0 0.049016461012966854 7.604243135312548 1.0
0.002615762 -0.09424228 -5.406694 -4.641594 0.6031327 0.5355567 0.1785599 19.29475 0.7156639 0 0.0 0.0942785741854375 7.125779597382451 0.0
-0.005808264 -0.02493339 1.248258 -8.022039 0.9736088 0.7888231 0.04187652 19.77497 0.9091225 0 0.0 0.025600973957757858 8.118574859671185 1.0
-0.04735975 -0.08655419 3.966432 -3.98744 1.308802 1.113546 0.1878389 20.2045 1.39258 0 0.0 0.09866394339685902 5.62425644545339 0.0
0.007854247 -0.01444711 0.8354987 -5.695094 1.033129 0.8463715 0.07162181 19.7478 0.569088 0 0.0 0.016444092656303935 5.756053660845917 1.0
0.04840148 -0.02775557 0.1392731 -7.60588 1.38556 1.183846 0.2567677 20.04974 0.5467644 0 0.0 0.0557949364388499 7.607155024763437 1.0
-0.07112573 -0.04564278 -0.707697 -3.420933 0.4117087 0.4009808 0.1663173 18.6777 0.8796673 1 0.0 0.08451114029618403 3.4933676637734536 0.0
0.02625582 0.0001065285 -0.3399869 -4.477424 1.460889 1.356213 -0.1068928 20.11973 nan 0 0.0 0.02625603610969699 4.490313660307887 0.0
-0.06344112 -0.07701847 1.104415 -2.454096 0.6880705 0.5986234 0.2137048 19.15728 1.484411 1 0.0 0.09978286640498608 2.691155824072809 0.0
-0.01791859 -0.0230865 2.195698 -11.62352 3.267164 2.568397 -0.4205212 20.7336 0.5245037 0 0.0 0.029224345156702827 11.829087323103334 0.0
0.02788434 -0.05655035 -0.3030272 -6.398794 0.8539639 0.7207529 0.1528397 19.76256 0.8567791 0 0.0 0.06305139572093627 6.405965199591381 0.0
0.08535705 0.01762188 -3.560966 -4.290335 1.246818 1.091278 -0.0235999 19.9779 0.7077179 0 0.0 0.08715708025993586 5.575612366850927 0.0
-0.01053691 -0.02210376 0.132169 -5.797295 1.15108 0.9286195 0.253276 19.71084 0.940527 0 0.0 0.024486785793274297 5.798801424569218 1.0
0.03595529 -0.02901023 -2.09826 -5.532905 0.8759618 0.756979 -0.08248517 19.54609 0.8653927 0 0.0 0.04619931085673249 5.917409295175127 0.0
-0.002014519 -0.02837773 -0.2837831 -7.194305 0.1203108 0.09747931 0.09278512 16.25179 0.9402466 1 0.9965628 0.028449144921319888 7.199899810474491 1.0
0.04343653 0.0162483 2.496961 -7.471757 1.158327 0.9835688 -0.1231369 19.82843 1.05525 1 0.6843405 0.04637606485387586 7.877941793550521 1.0
0.01947668 -0.02360596 0.3513713 -9.157211 2.203342 1.729371 0.5075045 20.27204 0.5028477 0 0.0 0.03060363395650915 9.163949753735269 0.0
0.02296685 0.003800978 -1.12421 -7.540211 1.203441 1.036343 -0.2748097 19.73006 0.7143841 0 0.0 0.023279253267211645 7.623557571673543 1.0
0.02930362 -0.02822714 -0.2043254 -7.180682 1.134409 0.9495254 -0.005054699 19.75086 0.9702549 0 0.0 0.04068751132330411 7.183588438531898 1.0
0.02974887 -0.005137069 -0.1752382 -6.844357 0.1918303 0.1670554 -0.1664644 17.18627 1.122566 1 0.9865905 0.030189149444587886 6.846599971532457 1.0
0.04413282 -0.05471341 1.462487 -7.84053 1.420411 1.23775 0.03616196 20.25189 0.7399807 1 0.6789696 0.07029411806816058 7.975761963979931 0.0
0.02038403 -0.001126351 0.129313 -6.863036 1.144959 0.9858532 0.165412 19.63396 0.9243946 0 0.0 0.020415125412695877 6.864254146610905 1.0
-0.01856577 -0.08417912 1.104151 -3.259039 0.7363214 0.6255753 0.2342627 19.51053 0.99189 1 0.0 0.08620215809170499 3.4410005280909215 0.0
0.003144082 -0.01120784 1.572499 -8.868215 0.6625481 0.5427539 0.09494173 19.16926 0.6553955 0 0.0 0.011640486634515071 9.006552636343496 0.0
-0.006445128 -0.01470628 -2.597327 -8.332696 0.6353156 0.5462885 0.01553825 18.91172 nan 0 0.0 0.016056598219261264 8.728111489511635 1.0
0.03818084 0.01672997 5.273324 -10.66588 1.716709 1.517347 -0.1403625 20.26842 0.7509098 0 0.0 0.041685350416021456 11.898274756592906 0.0
0.01840133 -0.002937467 0.5654233 -7.031427 1.325206 1.194963 0.1224356 20.06686 0.8671036 0 0.0 0.018634313997166328 7.054124266307753 1.0
0.01025018 9.403218e-05 0.4297981 -7.287878 0.7785953 0.5716405 0.08993323 17.81953 nan 0 0.0 0.01025061130290655 7.3005405381826085 1.0
-0.005803871 -0.05849128 -8.111295 -7.634947 0.8555065 0.6944674 0.2624735 19.67642 2.021229 0 0.0 0.05877852290269841 11.139368127045358 0.0
0.07045855 0.0002415127 -1.638641 -3.461011 1.288043 1.054219 0.3672872 19.90524 1.410183 1 0.0009267656 0.07045896391862969 3.8293265033164774 0.0
-0.07194539 -0.0585149 2.362468 -10.49817 1.15744 1.013882 0.1319393 20.10134 1.315491 0 0.0 0.09273690022996293 10.760707616133988 0.0
0.007331201 -0.0124443 2.508897 -4.641562 1.000879 0.86472 0.1200625 19.03781 0.7100163 0 0.0 0.014443237538460723 5.276235585761216 0.0
0.02409474 -0.05418302 -0.7799112 -2.602536 2.486298 2.294995 -0.5404207 20.58953 1.693657 0 0.0 0.05929887142254901 2.716883345155151 0.0
0.01107172 -0.004670722 13.97283 -14.83451 2.10257 2.029468 -0.7280359 19.59436 nan 0 0.0 0.012016598011071354 20.378976057422513 0.0
0.0206967 -0.05231973 -4.496886 -3.814781 2.659009 2.402207 -0.5038204 20.67954 nan 0 0.0 0.056264620661325884 5.89699396090559 0.0
0.005517553 -0.015965 0.60304 -7.788088 0.2505697 0.2187611 -0.1972524 17.03089 0.9059277 0 0.0 0.016891554579369212 7.811400126567836 1.0
0.006864246 -0.01006767 -1.976407 -6.925208 2.093207 1.631382 0.6342038 20.00747 nan 0 0.0 0.012185066777716731 7.201714412062796 1.0
0.01161335 -0.07814572 -2.517085 -2.39079 0.8496394 0.732487 0.1710989 19.7734 1.198753 1 0.0 0.0790039458036173 3.47154054006647 0.0
-0.0006132069 -0.01746003 1.605627 -6.44407 0.6535217 0.5347295 0.0999423 19.14754 0.5044518 0 0.0 0.017470794781666563 6.6410899879484395 1.0
-0.07090604 -0.0428577 -0.5987558 -7.67453 0.8640662 0.7900874 0.1773487 19.83982 0.7723942 0 0.0 0.08285197015021188 7.697851598266469 0.0
0.01752436 0.001594749 -0.005123871 -7.14369 0.1328728 0.1161907 -0.2023177 16.42209 0.8014164 1 0.9989265 0.01759677293660974 7.1436918375692855 1.0
0.005143728 -0.01594207 -1.385186 -8.376372 0.9487062 0.9025598 -0.1236117 19.39988 nan 0 0.0 0.01675134423331107 8.490132398083084 1.0
0.05969369 0.01813297 0.8645694 -7.662362 1.112525 0.8810642 0.2433089 19.74702 0.5584736 1 0.822695 0.06238702771279459 7.71098383258974 0.0
-0.007621264 -0.02319035 0.2981781 -6.731933 0.6532988 0.5413305 0.06448051 19.26692 0.8848209 0 0.0 0.02441057144108257 6.738533378696629 1.0
0.02018626 -0.02486512 -0.8588009 -5.998081 2.713507 2.440914 -0.1767881 20.43404 0.8413067 0 0.0 0.03202747703772497 6.059250338812698 1.0
0.01319315 -0.03806897 -0.1991833 -7.472023 0.7659121 0.6072748 0.09058938 19.45135 0.6806908 0 0.0 0.04029026785445091 7.474677364243081 1.0
0.02104679 -0.02297725 -1.248156 -7.935265 0.7957069 0.6739952 0.07375851 19.37386 0.737402 0 0.0 0.031159611468479512 8.0328278968593 1.0
0.0126165 -0.02929882 1.804578 -8.323683 0.9952193 0.8536744 0.1650315 19.86363 0.7270966 0 0.0 0.031899795072106656 8.517053507086416 1.0
-0.00721176 -0.01308896 7.638514 -12.32892 1.698553 1.740356 -0.1103597 18.90037 nan 0 0.0 0.014944241572565669 14.503419062227913 0.0
0.02241161 -0.02186021 0.07986258 -6.667132 0.4489794 0.3919585 0.1075054 18.46039 0.8715096 0 0.0 0.03130733211304023 6.6676103018329025 1.0
0.02219837 0.000204109 -6.096626 -6.198474 1.543072 1.323909 0.3836028 19.94517 nan 0 0.0 0.022199308348252227 8.694246862871562 1.0
0.08515702 0.01084735 -2.696267 -4.931684 0.3913958 0.3499879 0.0926101 18.43826 nan 0 0.0 0.08584511085264494 5.620619433046948 0.0
-0.007024759 -0.01356196 -0.008426384 -6.602711 0.4279248 0.3979959 0.06285694 18.45554 0.8564129 0 0.0 0.015273309989968809 6.602716376876135 1.0
-0.03133169 -0.08327078 -5.181142 -5.842585 0.9760212 0.7876738 0.1692484 19.88187 0.7182178 1 3.375957e-06 0.08897020624942094 7.808971245073771 0.0
0.01322172 -0.004842971 4.530627 -1.674142 1.720865 1.534586 -0.2741132 19.7248 nan 0 0.0 0.014080775826112743 4.830044766800097 0.0
0.0155057 0.003895762 -0.4005332 -3.644136 1.321743 1.118521 -0.0304551 19.75994 0.7640839 0 0.0 0.01598761064232689 3.6660815635768715 0.0
0.01293963 -0.01051153 0.7278406 -6.967649 0.2783797 0.2406828 -0.225874 16.15854 1.074653 0 0.0 0.016671121362337928 7.005560971557478 1.0
-0.06666038 -0.04636446 -2.335269 5.441561 0.4943288 0.4525615 0.1217946 19.03656 2.198689 1 0.0 0.08119894957963435 5.921491992655398 0.0
-0.01531945 -0.02731221 -2.356864 -7.035133 0.7323306 0.6279468 0.2638533 19.4303 0.8880291 0 0.0 0.03131520977714503 7.419427487494234 1.0
0.03602659 0.01283696 -1.048958 -0.365649 1.199942 1.059162 -0.2033053 19.79986 0.4882717 0 0.0 0.038245296822873524 1.1108609620312526 0.0
0.02371441 -0.0320118 0.2941442 -6.825185 0.3723125 0.334278 0.04423125 18.37417 0.9987679 1 0.9759048 0.03983878237205676 6.831520408709809 1.0
0.06541981 0.0068868 -3.613356 -3.743412 0.6673459 0.5551858 0.05721248 19.29037 0.9260597 1 0.0 0.06578130095001238 5.202833361206181 0.0
-0.04359228 -0.08432255 1.22634 -6.895983 0.7699797 0.6643739 0.1813216 19.55379 1.446873 0 0.0 0.09492407131018402 7.0041767062153 0.0
0.002956676 -0.01829172 1.53553 -4.611686 2.067309 1.904144 -0.5575136 20.06927 nan 0 0.0 0.018529137959640108 4.860606972744865 0.0
0.02899999 -0.006723488 0.2414192 -7.492828 0.3150702 0.2763628 -0.1865248 17.79104 1.100491 0 0.0 0.029769190632031702 7.496716258983839 1.0
-0.01604772 -0.02871246 4.646949 -11.16513 1.575165 1.36036 0.07365837 20.36979 nan 0 0.0 0.03289277544461701 12.093562871441195 0.0
0.05365969 0.009240972 0.03444941 -7.322158 0.6596833 0.5716231 0.002065088 19.24317 0.935421 1 0.9519425 0.05444959039699825 7.322239038628372 1.0
0.01823783 -0.08219153 -2.809448 -8.713448 2.446219 2.044096 -0.451657 20.41156 0.7287426 1 0.2303736 0.08419065296604962 9.155171987101498 0.0
0.03569047 0.01351243 2.093331 -5.297214 0.9039108 0.7771526 0.002358314 19.41773 1.480623 0 0.0 0.038162749027366986 5.6958327606555486 0.0
0.002133834 -0.0279276 -0.4523075 -7.183734 0.1176834 0.09745865 -0.1746962 16.10272 1.221869 1 0.9556958 0.028009000148158734 7.197959173079009 1.0
0.06660365 0.03564789 -2.358484 -6.209822 0.5158734 0.5286616 0.1601983 19.15872 1.224655 1 0.0002133797 0.07554348585268356 6.642615151424926 0.0
0.006430701 -0.03480973 9.124138 0.5783112 1.647231 1.331787 0.1633326 20.34164 2.258293 0 0.0 0.03539874599508153 9.142447051369205 0.0
-0.02583702 -0.03246311 0.148469 -7.357742 0.1508075 0.1361893 0.2113279 16.43796 0.8714294 0 0.0 0.041489819394069434 7.359239796509216 1.0
-0.0210927 -0.029241 1.126565 -7.739158 2.990286 2.442463 -0.4268472 20.71539 1.097647 0 0.0 0.036054653989325704 7.820723447878016 1.0
0.01951838 -0.0137755 -0.1469154 -7.175203 0.1606216 0.1403867 -0.1033497 16.59432 0.2794075 1 0.9983519 0.02388998865789601 7.1767069207238885 1.0
0.02204517 -0.08221996 -1.892036 -8.51086 0.6425474 0.5566734 0.07521433 19.31131 1.311785 1 0.04481693 0.0851240937850765 8.718631668151602 0.0
-0.07857888 -0.04549895 0.3387888 -4.167048 0.3095541 0.3020112 0.1737494 18.29844 1.101803 1 0.0 0.09080085260148663 4.180797398261418 0.0
-0.00958334 -0.02412533 1.737301 -8.155569 1.159481 0.9443624 0.0319092 19.92769 nan 0 0.0 0.02595904376444749 8.338556258631467 1.0
0.04938399 -0.001229235 -1.039087 -4.811874 1.459774 1.269026 0.07253484 20.2332 nan 0 0.0 0.04939928630056638 4.922787135906346 0.0
-0.06468152 -0.05843124 0.5636616 -5.19924 1.424448 1.146772 0.2512701 20.23954 0.9936924 0 0.0 0.08716598440589082 5.229704673967217 0.0
0.03152826 -0.07936467 0.1439245 -6.816397 0.4764148 0.4863287 -0.08048755 18.75431 1.105474 1 0.887804 0.08539778699027568 6.817916274295927 0.0
0.01632409 -0.008052164 -0.1445643 -5.729287 1.105365 0.9342176 0.3565773 19.47528 0.9359207 0 0.0 0.018202012509912085 5.731110569968398 1.0
-0.00963931 -0.0245564 0.2811888 -8.176537 1.291979 1.030186 0.1038503 19.86083 0.4587765 0 0.0 0.026380543554599095 8.181370573052808 1.0
0.02629169 -0.03403122 -0.9289299 -5.738488 1.285184 1.15188 -0.04709508 20.00266 0.9048195 0 0.0 0.04300438230860316 5.813188048330968 0.0
-0.004326319 -0.08250842 1.771888 -7.558251 1.664635 1.481955 -0.1481215 20.42863 1.137585 0 0.0 0.08262176714998391 7.763165930440042 0.0
0.007701415 -0.03343283 -1.167189 -6.283926 0.8859886 0.6627314 0.1794248 19.54972 1.00186 0 0.0 0.03430839423247793 6.3914048639713785 1.0
0.04827582 -0.02302521 -1.924992 -3.978868 0.2654876 0.2326062 -0.1760786 17.69477 0.9919205 1 0.0 0.05348565314377772 4.420066148994605 0.0
0.02806628 -0.03461977 -0.9231533 -7.066717 0.6329529 0.5451843 -0.01898377 18.85559 1.057812 0 0.0 0.04456730357438399 7.126759514210501 1.0
-0.03304339 -0.06535058 0.6940865 -7.336235 1.239683 1.04941 0.1928421 20.19382 0.1777725 0 0.0 0.0732295290782926 7.368995864071798 0.0
0.05197702 0.009677848 -10.45584 -4.275724 0.1256353 0.1100444 -0.1966553 16.32095 0.7666483 1 0.0 0.05287032579804577 11.29630053733416 0.0
0.02537534 -0.03550316 -3.339867 -8.918382 0.9023728 0.7117162 0.1286769 19.67772 0.8767109 0 0.0 0.043639228339891624 9.523247821810214 0.0
-0.008872927 -0.02547559 1.634667 -10.21548 1.645592 1.305476 -0.4430148 19.91836 0.9383373 0 0.0 0.026976554994947537 10.34544188670977 0.0
0.01618574 -0.02859807 9.604009 -1.468774 1.709676 1.303803 0.1675131 19.33662 0.7753735 0 0.0 0.032860733209599875 9.715672181334496 0.0
0.0571453 0.0001690824 -19.79945 -5.527992 0.3967466 0.3648457 -0.06201248 18.42102 1.168125 1 0.0 0.05714555014126638 20.556675700476575 0.0
0.01646995 -0.01803147 1.948341 -10.12606 0.6734441 0.6094721 0.01978732 19.27097 0.8295193 0 0.0 0.024421162203371895 10.311795371121415 0.0
0.04653649 -0.02426694 2.053979 -7.80639 1.236477 1.072488 0.2280975 19.92348 0.7142487 0 0.0 0.05248360961751487 8.072084895771415 0.0
0.02318602 -0.04199458 0.3185206 -4.785964 0.3760321 0.3361006 -0.04928846 18.33094 0.8967228 1 0.0 0.04797016023338675 4.796551551054191 0.0
0.0009567555 -0.02036683 -0.1184759 -6.220636 0.8192346 0.7162092 0.1320562 19.62198 0.858572 0 0.0 0.02038928996644268 6.221764121483296 1.0
-0.01096558 -0.02684172 -0.8270903 -7.668634 0.7160203 0.6159791 0.08868408 19.22595 0.8708706 0 0.0 0.028995204384428815 7.713107401709774 1.0
0.03491772 0.006005717 -2.033263 -5.820785 1.202191 1.054373 0.06100806 20.04714 0.8392239 0 0.0 0.03543043616274698 6.1656870211999895 1.0
0.01234481 0.001638452 -4.105486 -11.48511 1.779088 1.562006 -0.2459079 18.97133 0.9705944 0 0.0 0.012453066244600323 12.196834302731837 0.0
0.05830502 0.01475118 4.611646 -4.200469 2.434168 2.105176 0.5334808 20.20585 0.5503254 0 0.0 0.06014210395881408 6.237885751540902 0.0
-0.06862645 -0.05532056 1.682359 -8.198942 0.6703939 0.6102116 0.1304965 19.51281 0.9098339 1 0.1159188 0.08814734254823625 8.369765930075047 0.0
0.04741344 -0.02556487 0.4786481 -7.102652 1.612284 1.411437 0.2323321 20.28967 0.6587124 1 0.8007645 0.05386647260356389 7.118761790981463 1.0
-0.01231346 -0.01809115 0.7110746 -8.114486 1.039805 0.8299117 0.3133541 19.63521 nan 0 0.0 0.02188403540241379 8.145582246283022 1.0
0.03928565 0.01808322 -2.015459 -6.729215 0.8752456 0.7480489 -0.116781 19.44919 0.7240295 1 0.6525591 0.043247718338554 7.024557601508154 1.0
