jas1101finalproject/data/gcs/NGC_2298.ecsv
# %ECSV 0.9
# ---
# datatype:
# - {name: x, unit: deg, datatype: float64}
# - {name: y, unit: deg, datatype: float64}
# - {name: pmx, unit: mas / yr, datatype: float64}
# - {name: pmy, unit: mas / yr, datatype: float64}
# - {name: pmx_e, unit: mas / yr, datatype: float64}
# - {name: pmy_e, unit: mas / yr, datatype: float64}
# - {name: pm_corr, datatype: float64}
# - {name: g_mag, unit: mag, datatype: float64}
# - {name: bp_rp, unit: mag, datatype: float64}
# - {name: filter, datatype: int64}
# - {name: memberprob, datatype: float64}
# - {name: r, unit: deg, datatype: float64}
# - {name: pm, unit: mas / yr, datatype: float64}
# - {name: member_prob_GMM, datatype: float64}
# - {name: member_prob_DB, datatype: float64}
# meta: !!omap
# - comments: [deg deg mas/yr mas/yr mas/yr mas/yr dimless mag   mag   zeroone float]
# - __serialized_columns__:
#     bp_rp:
#       __class__: astropy.units.quantity.Quantity
#       unit: &id001 !astropy.units.Unit {unit: mag}
#       value: !astropy.table.SerializedColumn {name: bp_rp}
#     g_mag:
#       __class__: astropy.units.quantity.Quantity
#       unit: *id001
#       value: !astropy.table.SerializedColumn {name: g_mag}
#     pm:
#       __class__: astropy.units.quantity.Quantity
#       unit: !astropy.units.Unit {unit: mas / yr}
#       value: !astropy.table.SerializedColumn {name: pm}
#     pmx:
#       __class__: astropy.units.quantity.Quantity
#       unit: !astropy.units.Unit {unit: mas / yr}
#       value: !astropy.table.SerializedColumn {name: pmx}
#     pmx_e:
#       __class__: astropy.units.quantity.Quantity
#       unit: !astropy.units.Unit {unit: mas / yr}
#       value: !astropy.table.SerializedColumn {name: pmx_e}
#     pmy:
#       __class__: astropy.units.quantity.Quantity
#       unit: !astropy.units.Unit {unit: mas / yr}
#       value: !astropy.table.SerializedColumn {name: pmy}
#     pmy_e:
#       __class__: astropy.units.quantity.Quantity
#       unit: !astropy.units.Unit {unit: mas / yr}
#       value: !astropy.table.SerializedColumn {name: pmy_e}
#     r:
#       __class__: astropy.units.quantity.Quantity
#       unit: &id002 !astropy.units.Unit {unit: deg}
#       value: !astropy.table.SerializedColumn {name: r}
#     x:
#       __class__: astropy.units.quantity.Quantity
#       unit: *id002
#       value: !astropy.table.SerializedColumn {name: x}
#     y:
#       __class__: astropy.units.quantity.Quantity
#       unit: *id002
#       value: !astropy.table.SerializedColumn {name: y}
# schema: astropy-2.0
x y pmx pmy pmx_e pmy_e pm_corr g_mag bp_rp filter memberprob r pm member_prob_GMM member_prob_DB
[from data line 1117]
0.04077715 0.01991255 2.515579 -2.661668 1.231201 1.152948 -0.008443799 20.42588 0.8878803 0 0.0 0.04537935223893131 3.6623236131539496 0.0 1.0
-0.01625259 0.01584732 2.636066 -0.7719667 0.8143477 0.9493559 0.1650617 19.58536 0.8974648 0 0.0 0.02269987297080096 2.7467756628936573 0.0 1.0
-0.06751888 -0.007876813 2.961989 -2.642649 0.6646084 0.6996967 0.06152871 19.71853 0.7233238 1 0.9907105 0.06797678529830142 3.969505331061038 0.0 0.0
-0.00356536 -0.01493569 7.515594 3.14283 3.390334 2.986189 0.1944267 20.6865 nan 0 0.0 0.01535534524866504 8.14625887028739 0.0 0.0
-0.01258026 0.02021582 3.044878 -2.358655 0.09388165 0.09842238 0.1347749 16.12673 1.26132 0 0.0 0.02381055060136157 3.8515627275054216 0.0 1.0
-0.005349343 -0.005555449 4.711465 -3.438305 1.463712 1.304597 -0.3996492 20.04805 nan 0 0.0 0.007712229517023595 5.832653231527655 0.0 0.0
-0.0006285005 0.03741348 1.547576 -0.641409 0.7537159 0.6904895 0.003555296 19.78611 0.7538223 0 0.0 0.03741875864575013 1.6752304262569373 0.0 1.0
0.003050136 -0.003220732 5.005202 -1.164578 0.2222365 0.2483907 -0.007687571 17.46446 1.113039 0 0.0 0.004435813818716922 5.138899588325111 0.0 0.0
0.008903866 0.0232719 2.394971 -2.14211 1.163985 0.9223798 -0.06936887 20.23492 0.8245392 0 0.0 0.024917065624907683 3.213179320072411 0.0 1.0
0.02789854 -0.01704244 4.966489 -1.426068 1.161201 1.365634 0.1810204 20.34752 0.7301903 0 0.0 0.03269209836161025 5.167173591795132 0.0 1.0
0.00766586 -0.01023627 3.227401 -2.164235 0.07997215 0.08564827 0.1460014 16.26024 1.282814 1 0.9999599 0.012788535219191446 3.885875750719006 0.0 0.0
0.02609169 -0.03225484 3.469022 -0.0716698 3.482395 4.71461 0.5778055 20.99487 0.5591908 0 0.0 0.041486756808428636 3.4697622680402818 0.0 1.0
0.0244963 -0.02428542 3.241999 -2.144265 0.09064761 0.09050238 0.02138934 16.5053 1.236176 1 0.9999294 0.034494207314655016 3.886956380797963 0.0 1.0
0.004290185 -0.01159405 3.629618 -1.91411 0.227546 0.2301815 0.1108834 18.08 1.047047 0 0.0 0.01236234940198363 4.103406379829324 0.0 0.0
-0.01610401 -0.01644406 3.405498 -0.9805548 1.034907 1.025926 -0.1983334 20.08158 nan 0 0.0 0.023016217051542158 3.5438544473224405 0.0 1.0
-0.01021669 0.02698344 2.800006 -3.160774 1.106402 1.041558 -0.09877178 20.18209 0.6511383 0 0.0 0.028852847152225726 4.222620735883345 0.0 1.0
0.01179983 0.02651019 4.345448 -1.199796 0.8788085 0.6780576 -0.1448937 19.67612 nan 0 0.0 0.029017687052296223 4.508040457041174 0.0 1.0
-0.00802509 -0.03183894 -1.461215 5.192773 0.2181547 0.2011063 -0.03708789 17.92204 0.9232712 1 0.0 0.032834740288781035 5.394445356638067 0.0 0.0
-0.01593733 -0.01682931 3.886127 -2.54313 0.7814786 1.037828 -0.06098005 19.82454 0.7035332 0 0.0 0.023178096613074163 4.644296852810875 0.0 1.0
0.02674423 -0.0182513 4.452924 1.325586 1.494604 1.671062 0.3275122 20.41913 0.6263409 0 0.0 0.032378446380005636 4.646042444185373 0.0 0.0
0.01187037 0.002878135 3.283505 -3.634013 0.6428344 0.7387667 0.1576848 19.49139 1.216782 0 0.0 0.012214309027330403 4.897699007615106 0.0 0.0
0.002814481 -0.03491323 3.631016 -2.165045 0.3600397 0.3807904 0.03748054 18.94513 1.007868 1 0.9990487 0.035026489009494816 4.227492997543698 0.0 1.0
-0.00254128 -0.006730235 5.056161 7.906177 1.870796 1.706597 -0.4485426 19.55052 nan 0 0.0 0.0071940369191174575 9.3846895959989 1.0 0.0
0.02682501 0.01966295 -0.5577517 0.9003282 0.9412968 0.7190047 -0.2207795 19.66386 nan 0 0.0 0.03325977697163046 1.0590929263138953 0.0 1.0
0.008246186 -0.007932255 4.790307 -3.497522 0.5588676 0.5625793 0.114286 18.92391 0.8246212 0 0.0 0.01144203884504947 5.931247869945498 0.0 0.0
-0.004915604 -0.03336456 2.59615 -2.461726 0.6748908 0.7138797 0.03920448 19.71898 0.9573193 0 0.0 0.03372472426393455 3.577721302949127 0.0 1.0
0.04425235 0.01909052 4.824702 -3.359054 0.6158511 0.5952468 -0.02561737 19.51081 0.8980942 1 0.958425 0.04819458926469755 5.878859852362532 0.0 1.0
0.006284327 -0.0002454592 3.978841 -3.765129 0.452061 0.4987591 0.2077716 17.86753 0.9585781 0 0.0 0.006289118862113646 5.477898510370743 0.0 0.0
-0.04576831 0.02966781 7.435462 -4.041333 3.467402 2.894873 -0.5254518 20.92811 0.5180874 0 0.0 0.05454280108733141 8.462769497648686 0.0 0.0
-0.04216503 0.03431612 -2.083558 -4.276863 3.472221 2.53505 -0.2055031 20.98496 0.6457558 1 0.8746155 0.054364380312437115 4.757391203184051 0.0 0.0
0.04354152 0.01748111 1.47249 0.5683678 0.2130926 0.2027097 0.02390567 18.08313 1.28174 1 0.0 0.04691964589319169 1.5783753533861455 0.0 1.0
0.03367562 0.0007127182 3.587418 -1.49277 1.17834 1.19182 -0.03006681 20.34044 0.9437828 0 0.0 0.03368316121769172 3.8856055100362417 0.0 1.0
-0.01096449 -0.01208298 3.06937 -2.169875 0.1848965 0.2066824 -0.02796708 17.76034 1.110235 1 0.999757 0.016316201967385056 3.7589080478943617 0.0 1.0
0.02204393 -0.01250873 4.1683 -2.277235 0.8740936 0.8422999 0.03597981 19.95791 0.5904083 0 0.0 0.02534567371481374 4.7497920096805295 0.0 1.0
-0.007694323 -0.007440103 2.64139 -2.814536 0.3283403 0.3145015 0.07070928 18.64636 0.9282341 0 0.0 0.010703164909452624 3.8598645089427683 0.0 0.0
-0.03984132 0.03022797 2.254129 -1.985228 0.6410328 0.6259038 0.05339006 19.43857 0.9106674 1 0.9828041 0.05001060837125759 3.003702342214521 0.0 1.0
-0.001992097 -0.00394549 2.87449 -0.5646252 0.3418606 0.2991463 -0.504899 17.46482 nan 0 0.0 0.0044198802922148245 2.929418777944704 0.0 0.0
0.03271379 -0.01177238 3.307996 -1.191274 0.3168624 0.3588098 -0.156751 18.63971 nan 0 0.0 0.034767527766991144 3.515959510445477 0.0 1.0
-0.03472203 0.04243361 0.5368766 1.912901 2.612755 3.529051 0.4742451 20.80259 1.579517 0 0.0 0.05482910381314836 1.9868132069795992 0.0 0.0
0.01733612 0.01839531 3.21015 0.1902173 0.8125516 0.8654502 0.04906779 19.81158 0.7165813 0 0.0 0.025277034767759055 3.2157807207145344 0.0 1.0
-0.004955289 0.009096829 2.453728 -2.292317 0.4543714 0.4618937 -0.08713201 18.95839 nan 0 0.0 0.010358918231589725 3.3579008809780255 0.0 0.0
-0.004148754 0.04867817 3.311037 -2.088291 0.1902559 0.1960408 -0.01822388 17.81912 1.140337 1 0.9995933 0.048854645575435465 3.9145785617419913 0.0 1.0
-0.03127619 -0.03551829 2.865315 -0.9164196 0.5837458 0.6936982 0.1741791 19.49846 0.7841663 0 0.0 0.04732598636521166 3.008297680165505 0.0 1.0
0.07138436 0.01893711 3.209606 -0.6842065 0.889854 0.8775754 -0.008194444 19.97093 1.302088 0 0.0 0.07385351032795733 3.281723512101263 0.0 0.0
0.008474771 -0.005643461 3.563377 -1.532586 0.1657185 0.2097486 -0.05531062 17.54211 1.198553 0 0.0 0.0101818660156654 3.8789786660311756 0.0 0.0
-0.02346916 0.01634142 3.332397 -2.230479 0.5745612 0.6289078 0.1025617 19.43391 0.6653996 0 0.0 0.02859796284216762 4.009975852177916 0.0 1.0
0.009260318 0.00942832 4.001079 -2.416995 0.2209075 0.2279582 -0.02804568 17.91952 1.122879 0 0.0 0.01321539660712171 4.6744516249786985 0.0 0.0
-0.01623008 -0.003546592 3.617156 -1.063153 0.6123681 0.6363854 -0.007339845 19.60796 0.7488117 0 0.0 0.016613061476466764 3.770160716699621 0.0 1.0
-0.01297605 0.02438141 5.101023 -1.754567 1.130706 1.037347 -0.1117065 20.26403 0.7127686 0 0.0 0.02761939585129624 5.3943434265921555 0.0 1.0
-0.02449966 0.014964 5.257353 4.159803 0.5454006 0.5942826 0.08849811 18.99522 0.9765148 0 0.0 0.028708093564630863 6.704007873311158 0.0 0.0
0.03570741 0.03064957 3.10575 -2.221945 0.1253023 0.1277119 -0.03393654 17.14487 1.215899 1 0.9996682 0.047057573992854755 3.8187331204896995 0.0 1.0
0.02873203 -0.01577626 2.314908 -0.9644989 1.588716 2.126512 0.1417232 20.27599 0.8339672 0 0.0 0.03277834540529006 2.5077992695918088 0.0 1.0
-0.06090743 -0.002462185 4.294555 -2.703716 0.6184998 0.670737 0.07355079 19.60914 0.7394981 1 0.9890778 0.06095717664212414 5.074769241717401 0.0 0.0
0.02884086 -0.005060817 3.441017 -2.046612 0.3901531 0.3577927 -0.1102383 18.83867 0.8187943 1 0.9992541 0.029281514206869304 4.003650668181853 0.0 1.0
0.00434672 0.006472353 4.590392 -1.08641 0.9239501 1.094983 -0.08627667 18.66405 0.9302006 0 0.0 0.007796494604308337 4.7172010134998485 0.0 0.0
0.02693571 -0.01770205 2.047144 -2.017422 0.6988664 0.7881151 0.07602356 19.76033 0.8365517 0 0.0 0.032231894877692194 2.8741590218392576 0.0 1.0
0.02362952 0.006949585 1.332048 -4.249668 1.574162 1.171158 -0.195453 20.5088 0.5705986 0 0.0 0.0246302851608061 4.453541285822777 0.0 1.0
0.008519861 0.01185074 0.9334992 -1.45794 1.130473 0.8715768 -0.2332378 19.86072 nan 0 0.0 0.014595481150236912 1.7311873959801811 0.0 1.0
0.01997069 0.01264594 3.338651 -2.256911 0.1019275 0.0974976 0.04168792 16.62227 1.389905 1 0.9999379 0.023637856450188118 4.029917835604344 0.0 1.0
-0.0177312 0.03020171 3.447156 -2.087571 0.4453363 0.4743194 -0.1140904 19.00738 0.9078827 1 0.9987619 0.03502197510655417 4.029992204505736 0.0 1.0
-0.08299851 -0.03526206 -2.861156 -0.5291943 0.6414734 0.6604074 0.0471981 19.64523 1.60524 1 0.0 0.09017852037854525 2.909683876899429 0.0 0.0
-0.02895483 0.01005679 3.723946 -2.095999 1.536538 1.753209 0.1647814 20.68919 0.8047695 0 0.0 0.030651610160528274 4.273287448664903 0.0 1.0
0.00891468 0.009699203 9.361981 -45.34868 2.434215 3.131154 0.2238669 20.12379 nan 0 0.0 0.01317368810688977 46.30496156986594 0.0 0.0
-0.01064964 0.03268635 3.52154 -1.694364 0.8079952 0.7857123 0.008503035 19.74726 0.7028961 0 0.0 0.03437749712314874 3.907955134862221 0.0 1.0
0.004655399 0.007437454 6.31169 -3.991108 0.8585324 0.8325254 -0.1265372 19.34245 nan 0 0.0 0.008774306915723715 7.4676886466807115 0.0 0.0
0.01993512 -0.03035713 4.374318 -2.130671 0.8214524 0.8043399 -0.1792494 20.07203 0.8355274 0 0.0 0.036317548805657296 4.8656363278984385 0.0 1.0
0.02975698 -0.01415158 3.525066 -1.987702 0.6156599 0.6405209 -0.0275376 19.56562 1.008131 0 0.0 0.03295064605158448 4.046856748781701 0.0 1.0
0.01008344 -0.02195148 -3.161293 0.4881792 0.9855816 1.008914 -0.03967986 20.14743 1.688671 0 0.0 0.024156639592956632 3.1987641931160917 0.0 0.0
0.009513289 0.008531836 4.029051 -2.563565 2.464545 1.673522 -0.5186034 20.46439 nan 0 0.0 0.012778689022290861 4.775470392519045 0.0 0.0
0.03480738 -0.03603094 1.973164 10.80232 0.8189521 0.9914794 0.2232856 19.74526 1.995653 0 0.0 0.050097727890075015 10.981051568647514 0.0 0.0
0.004575107 0.006594411 8.644743 -5.289329 1.237714 1.201185 -0.3910181 18.79394 nan 0 0.0 0.008026073790987099 10.134524300937366 0.0 0.0
-0.06911842 -0.06978693 0.01371195 4.998699 0.7937858 0.7888551 -0.03311429 19.79002 1.172781 1 0.0 0.0982220524226678 4.998717806615393 0.0 0.0
-0.01705074 0.02421279 5.282361 -1.547922 0.6521569 0.6924125 0.06170109 19.5035 0.8434658 1 0.9587013 0.02961396518758844 5.504489100035079 0.0 1.0
0.00477882 0.006956795 2.000857 -2.511503 0.2285488 0.2304812 0.007356398 17.94379 0.9948177 0 0.0 0.008440030643571444 3.211086428836508 0.0 0.0
0.0004025784 0.01383102 5.211007 0.3818173 1.251833 0.9641637 -0.2610314 20.1154 0.7659359 0 0.0 0.013836877668337844 5.224976402303487 0.0 1.0
-0.004749539 -0.02496459 3.088856 -2.910406 0.4318908 0.4558675 0.02801456 19.10726 0.7704945 0 0.0 0.025412376405614272 4.243995107628189 0.0 1.0
-0.06735447 0.02362892 -0.08591648 4.767036 1.354027 1.399861 0.153736 20.50121 0.9302235 0 0.0 0.071378921884176 4.7678101752095365 0.0 0.0
-0.01476073 0.02676147 1.27548 -1.143494 0.7343714 0.7507098 0.04326469 19.63941 0.7555103 0 0.0 0.030562320374830833 1.713017150654365 0.0 1.0
0.01945452 -0.02782406 5.056277 -2.216221 1.164007 1.083284 -0.037181 20.47924 0.6133957 0 0.0 0.033950797683029485 5.520649655753387 0.0 1.0
-0.001282635 0.01282775 4.129306 -2.265203 0.4679154 0.4823999 0.00847828 19.16814 0.8295879 0 0.0 0.01289171527011534 4.7098102586882415 0.0 0.0
-0.02738032 0.008710762 3.90696 -2.401755 0.6632781 0.8004987 0.2025727 19.65461 0.6860161 0 0.0 0.02873254771027178 4.58614909500607 0.0 1.0
0.01429655 0.005792161 3.58366 -4.277962 1.642405 3.366421 0.3517566 20.46452 nan 0 0.0 0.015425319152368323 5.580643141166078 0.0 1.0
-0.02309287 0.01727994 2.927437 -1.901328 0.828754 1.077097 0.2303444 19.91308 0.8463459 1 0.9943307 0.02884227749746022 3.490692703827279 0.0 1.0
0.01672952 0.01079275 3.221946 -2.170135 0.03632133 0.03695233 0.06725953 14.4665 1.502739 1 0.9999744 0.01990879936090823 3.8846392297279038 0.0 1.0
-0.08509032 -0.03482941 2.165972 -2.612866 0.9547527 0.9545084 0.01767683 20.16329 0.7130108 1 0.9295364 0.09194264711574547 3.3938920782399666 0.0 0.0
-0.006386142 -0.005685226 14.25677 0.7304558 2.483111 3.030446 -0.03770543 19.89964 nan 0 0.0 0.008550123058485182 14.275470447892554 0.0 0.0
-0.002479734 -0.001404916 -8.167118 8.596579 1.628234 1.338361 0.1590823 18.67347 nan 0 0.0 0.0028500648550185657 11.857613036744159 0.0 0.0
0.01314238 0.006211978 3.890736 -1.596037 0.1422973 0.1780359 0.03925275 17.32515 0.3092117 0 0.0 0.014536534068920418 4.2053728404346025 0.0 1.0
0.0430781 -0.03975817 0.28454 5.405583 0.5073973 0.5452311 0.02930741 19.39336 2.068592 1 0.0 0.05862111207883129 5.413066652230416 0.0 0.0
0.05400737 0.002547727 3.067141 -2.709889 0.2864472 0.2599681 -0.02836594 18.50775 1.07197 1 0.9958562 0.05406742944863783 4.092780510386795 0.0 1.0
-0.05616166 0.02395049 2.90254 -1.458425 1.071496 1.101078 0.1885812 20.29822 0.9222584 1 0.9682019 0.0610553685206772 3.248344491002302 0.0 0.0
0.01125962 -0.03826328 2.034164 -1.694689 0.608159 0.6416117 0.01086619 19.61396 0.8253098 0 0.0 0.03988555677062562 2.6476015534096136 0.0 1.0
-0.0279739 0.01154869 4.783414 -1.879457 0.9389025 1.046791 0.1454825 20.11462 0.7143135 0 0.0 0.030264026862367472 5.139397640798482 0.0 1.0
-0.04127731 0.06066851 3.341135 -2.103428 0.06409481 0.0663769 0.0364107 15.86794 1.315137 1 0.9997388 0.07337904623566731 3.9481125160523223 0.0 0.0
0.02020385 0.007137457 3.295441 -2.523958 0.6609592 0.6142936 -0.09412784 19.52332 0.8697262 0 0.0 0.021427525457909248 4.1509390949814 0.0 1.0
0.01441853 0.03158712 2.947838 -2.278728 0.4152785 0.4464864 -0.07913137 19.0944 0.6223545 1 0.9985376 0.03472232937542209 3.7259025983280885 0.0 1.0
0.01320208 -0.005872993 11.4253 -18.07233 1.887286 1.9281 0.07406784 18.87235 nan 0 0.0 0.014449462381156226 21.380986687215817 0.0 0.0
0.008097747 -0.01112896 4.731623 -1.446111 0.8441508 0.9825375 0.1494902 20.01146 0.9358387 0 0.0 0.013763257505314975 4.947675538922293 0.0 1.0
0.02567097 -0.0170188 2.461806 -1.518564 0.2820531 0.2823707 0.03159542 18.49906 1.040989 0 0.0 0.030799971658767803 2.8924946678830716 0.0 1.0
0.0132647 -0.0005209827 3.127158 -2.394202 0.5706132 0.5729111 -0.04466006 19.32939 0.9181824 0 0.0 0.013274927083178246 3.9384413635051114 0.0 0.0
-0.0003689399 -0.008984681 3.287146 -2.279669 0.02838424 0.02886402 0.05812077 13.81472 1.532807 1 0.9999726 0.00899225273897331 4.000277437238197 0.0 0.0
-0.03181122 0.006172325 1.557458 -1.839343 2.539148 2.005173 -0.2209384 20.89364 0.7858105 0 0.0 0.032404495271397535 2.4101572756592047 0.0 1.0
-0.005691575 0.03327051 2.719037 -3.903126 0.9444857 0.9254698 -0.1173782 19.82141 0.7587452 0 0.0 0.03375382736284473 4.756842942461418 0.0 1.0
0.0003098859 -0.01097595 1.768423 -0.496064 0.6674042 0.6914135 0.01969208 19.5747 0.9295826 0 0.0 0.010980323659779743 1.8366816270178672 0.0 0.0
-0.004935067 -0.0181134 3.19983 -2.210326 0.02297169 0.02427995 0.09586512 13.11378 1.632981 1 0.9999699 0.018773655633746163 3.8890169780004817 0.0 1.0
0.01363502 -0.0004905283 0.98182 -2.553692 0.7978058 1.028321 0.1173281 19.99827 nan 0 0.0 0.01364384067678529 2.735930069147236 0.0 1.0
-0.03957253 -0.06233552 -2.109167 6.07238 0.4136021 0.3301623 -0.04031087 18.74863 1.221302 1 0.0 0.07383564304772662 6.428248929396636 0.0 0.0
-0.007757334 0.005747299 4.399558 1.032845 1.364751 2.828811 0.469249 20.00863 nan 0 0.0 0.009654412285735315 4.519167997473539 0.0 0.0
-0.005688689 -0.006745658 3.232798 -2.068692 0.03590462 0.03754493 0.04260818 14.72252 1.391905 1 0.9999415 0.008824119468348386 3.838029377124151 0.0 0.0
-0.003777576 0.03541449 3.459837 -2.813942 0.8444658 0.8092361 0.09306091 19.81153 nan 0 0.0 0.03561539249251475 4.4596795452064715 0.0 1.0
