jas1101finalproject/data/gcs/NGC_6535.ecsv
# %ECSV 0.9
# ---
# datatype:
# - {name: x, unit: deg, datatype: float64}
# - {name: y, unit: deg, datatype: float64}
# - {name: pmx, unit: mas / yr, datatype: float64}
# - {name: pmy, unit: mas / yr, datatype: float64}
# - {name: pmx_e, unit: mas / yr, datatype: float64}
# - {name: pmy_e, unit: mas / yr, datatype: float64}
# - {name: pm_corr, datatype: float64}
# - {name: g_mag, unit: mag, datatype: float64}
# - {name: bp_rp, unit: mag, datatype: float64}
# - {name: filter, datatype: int64}
# - {name: memberprob, datatype: float64}
# - {name: r, unit: deg, datatype: float64}
# - {name: pm, unit: mas / yr, datatype: float64}
# - {name: member_prob_GMM, datatype: float64}
# meta: !!omap
# - comments: [deg deg mas/yr mas/yr mas/yr mas/yr dimless mag   mag   zeroone float]
# - __serialized_columns__:
#     bp_rp:
#       __class__: astropy.units.quantity.Quantity
#       unit: &id001 !astropy.units.Unit {unit: mag}
#       value: !astropy.table.SerializedColumn {name: bp_rp}
#     g_mag:
#       __class__: astropy.units.quantity.Quantity
#       unit: *id001
#       value: !astropy.table.SerializedColumn {name: g_mag}
#     pm:
#       __class__: astropy.units.quantity.Quantity
#       unit: !astropy.units.Unit {unit: mas / yr}
#       value: !astropy.table.SerializedColumn {name: pm}
#     pmx:
#       __class__: astropy.units.quantity.Quantity
#       unit: !astropy.units.Unit {unit: mas / yr}
#       value: !astropy.table.SerializedColumn {name: pmx}
#     pmx_e:
#       __class__: astropy.units.quantity.Quantity
#       unit: !astropy.units.Unit {unit: mas / yr}
#       value: !astropy.table.SerializedColumn {name: pmx_e}
#     pmy:
#       __class__: astropy.units.quantity.Quantity
#       unit: !astropy.units.Unit {unit: mas / yr}
#       value: !astropy.table.SerializedColumn {name: pmy}
#     pmy_e:
#       __class__: astropy.units.quantity.Quantity
#       unit: !astropy.units.Unit {unit: mas / yr}
#       value: !astropy.table.SerializedColumn {name: pmy_e}
#     r:
#       __class__: astropy.units.quantity.Quantity
#       unit: &id002 !astropy.units.Unit {unit: deg}
#       value: !astropy.table.SerializedColumn {name: r}
#     x:
#       __class__: astropy.units.quantity.Quantity
#       unit: *id002
#       value: !astropy.table.SerializedColumn {name: x}
#     y:
#       __class__: astropy.units.quantity.Quantity
#       unit: *id002
#       value: !astropy.table.SerializedColumn {name: y}
# schema: astropy-2.0
x y pmx pmy pmx_e pmy_e pm_corr g_mag bp_rp filter memberprob r pm member_prob_GMM
[from data line 573]
0.0007543844 0.0009439278 -3.815625 -1.831823 1.352838 1.523489 0.1941438 19.21575 nan 0 0.0 0.0012083441209259057 4.23256064858544 0.0
0.04094537 -0.02964004 -3.591595 -2.238759 0.5053114 0.543347 0.2537231 18.63512 1.202637 0 0.0 0.050547554793862186 4.232209411655572 1.0
0.0008459357 -0.002310426 -3.880192 -2.646441 0.2383806 0.1930319 0.08188553 15.99233 1.464543 0 0.0 0.0024604218154638626 4.696758448477524 1.0
0.02236062 0.04279208 -4.199094 -2.755162 0.5404302 0.4673508 0.00556384 18.89706 1.139151 1 0.9409681 0.048282081950872836 5.022281161691368 1.0
0.001639376 -0.04168626 -4.506532 -2.974411 1.426574 1.521403 0.2986717 20.02558 1.462055 0 0.0 0.04171848303158897 5.399625122538138 1.0
0.002554907 0.04416224 -3.845322 -8.198971 0.4231703 0.3542693 -0.03845524 18.31334 1.389397 1 0.0 0.044236082462128685 9.055916670471577 1.0
-0.0221641 0.04877257 -3.793905 -5.168956 1.653266 1.211088 -0.3113847 20.08865 0.7710133 0 0.0 0.053572482798680335 6.411850066787354 1.0
0.02910478 -0.02025665 -5.723938 -4.071611 1.37761 1.308545 0.1788721 19.85792 0.7536278 0 0.0 0.035460119684948894 7.024349248376322 1.0
0.03157666 -0.02011125 -3.636617 -0.9777902 0.401688 0.4302828 0.2742893 18.2217 1.554956 0 0.0 0.03743725194666537 3.7657744064010314 1.0
0.06480999 0.01456185 2.65075 0.2104915 1.946124 1.975436 0.3568097 20.52419 1.269587 1 0.008068002 0.06642576517604144 2.6590942506936925 0.0
0.009268674 0.0001000414 -1.393521 -4.743539 1.033158 1.142969 0.3267573 19.41766 1.078224 0 0.0 0.00926921388252477 4.943992619529483 1.0
0.001364728 -0.001421274 -6.231492 6.602967 2.636574 2.961075 0.05608139 19.68756 nan 0 0.0 0.0019704066324137256 9.079133535153726 0.0
-0.0013513 -0.000785799 -4.54886 -3.169461 0.2333872 0.249415 0.2947351 17.25219 nan 0 0.0 0.0015631672202298128 5.544151001742377 1.0
-0.003304399 0.0001943394 -4.176897 -2.992515 0.1144396 0.1011247 0.1019078 15.86117 1.525162 1 0.9993162 0.003310108843164128 5.138250147066996 1.0
0.0373141 0.04839938 -1.009803 -4.828923 1.594311 1.644717 0.8465641 19.34114 1.52858 1 1.358252e-06 0.06111335404962159 4.9333760690563615 1.0
0.03688664 -0.01828206 -4.756181 -3.991247 0.722868 0.7759375 0.2159291 19.09863 1.220575 1 0.8325759 0.04116865225305778 6.2089701496922975 1.0
-0.02311003 -0.006053086 -4.913024 -4.637233 1.501699 1.176547 -0.1369017 20.25796 1.194599 0 0.0 0.0238896072953135 6.7558666890980765 1.0
0.02605306 -0.02109236 -5.372419 -2.402236 1.253911 1.332381 0.2587886 19.8947 1.087086 0 0.0 0.0335208828304566 5.885033875115503 1.0
-0.03015958 0.02734296 -4.15797 -2.727176 2.476727 2.516173 0.07042256 20.65729 1.304358 0 0.0 0.040709184803162046 4.972544967707783 1.0
-0.03400454 -0.03860392 -0.9646381 -6.380523 1.592667 1.370617 0.1074096 20.32353 1.843662 1 0.01158909 0.05144483822482096 6.453030328264436 1.0
0.001639382 -0.001025708 -5.325706 -2.916812 0.406469 0.3392493 -0.02387793 18.22156 1.094934 0 0.0 0.0019338175309961381 6.072144319907095 0.0
-0.007271621 -0.01432783 -3.927963 -3.681115 1.172739 1.262742 0.2920109 19.76918 1.160727 0 0.0 0.01606745731211199 5.383261183761569 1.0
0.02217739 -0.02292784 -0.6538804 -12.16554 3.31551 4.055693 0.3091128 20.70871 1.318521 0 0.0 0.031898628093974514 12.183099895720472 0.0
-0.006142511 0.03045272 -4.009054 -2.42104 0.3196121 0.2511352 -0.0769702 18.03961 1.435226 1 0.952023 0.03106603606486545 4.683369370070655 1.0
-0.007332665 5.95117e-05 -4.387367 -2.917639 0.346717 0.356544 0.1327439 17.83874 0.9705753 1 0.9954509 0.0073329064936532426 5.268928404050486 1.0
-0.03885683 -0.01838363 -4.664619 -3.498512 2.0633 1.542957 -0.003024635 20.52709 1.435293 1 0.6629029 0.04298617323774937 5.8308024001251315 1.0
0.006705231 -0.001083049 -4.316689 -2.953144 0.2298399 0.1613277 -0.3763055 16.54572 nan 0 0.0 0.00679213647534868 5.230187702889544 1.0
-0.01633524 0.009124266 -2.725414 -1.863178 1.030291 1.000177 0.09781228 19.58875 1.223783 0 0.0 0.018710753482859957 3.3014108697767384 1.0
-0.004738707 0.002351401 -0.3993195 -0.08621579 2.035087 1.55717 0.1380857 20.10036 nan 0 0.0 0.005290031256490834 0.40852077734868525 0.0
-0.03034272 0.04270582 -6.785474 -2.629417 0.464233 0.3740061 -0.04857674 18.57893 1.741438 1 0.0002648724 0.0523876676219776 7.2771210766734535 1.0
-0.0003442329 -0.02235574 -5.251056 -3.54069 0.5939349 0.5215197 0.1064707 18.93461 1.240797 1 0.9327123 0.02235839008598433 6.3332515180778985 1.0
-0.02072969 -0.003991297 -5.157873 -3.211594 0.518257 0.45124 0.0684679 18.65088 1.274981 1 0.960337 0.02111043578987201 6.076017602423893 1.0
0.04054874 -0.008292363 0.2879838 -3.040785 0.2883703 0.3063836 0.3115926 17.52196 1.614265 1 0.0 0.04138796443063333 3.0543916064066576 1.0
-0.02759609 0.01039838 -4.355034 -3.772233 1.625499 1.280814 -0.0621663 20.20437 1.117138 0 0.0 0.029490176159400947 5.761602463503101 1.0
-0.01660997 0.06338872 -2.446034 -5.458281 1.299097 1.275448 0.1527977 19.86518 1.18004 1 0.04664455 0.06552877937699816 5.981297000159498 1.0
-0.01377178 -0.005495171 4.176035 -2.798145 1.90546 1.603159 0.05438522 20.42838 1.730021 0 0.0 0.014827637326548052 5.026816463951115 1.0
0.003134725 0.005340575 -4.545752 -2.426028 0.8238455 0.8803561 0.2590851 19.30684 0.8132057 0 0.0 0.006192595752691273 5.152618082323587 1.0
0.02870806 -0.01870037 1.601805 -17.13745 1.372206 1.497268 0.3070656 19.82473 2.081991 0 0.0 0.0342615899674913 17.212146053311454 0.0
-0.05252868 0.02243461 -2.558401 -7.222843 0.9096984 0.9689396 0.2695072 19.44239 1.329853 0 0.0 0.05711894561697108 7.662563323030355 1.0
-0.01062852 -0.002686477 -3.966762 -3.512062 0.9013146 0.9604397 0.2907634 19.39788 1.284285 0 0.0 0.01096278231389865 5.298092133635277 1.0
-0.004128358 -0.0101282 -4.868108 -2.502001 0.9521096 1.02973 0.2699822 19.46988 1.056892 1 0.9647139 0.010937265426794945 5.473434434033626 1.0
-0.04407551 0.04904393 -2.069595 -5.843435 0.2928407 0.3040657 0.2270637 17.75907 1.62697 1 0.0 0.06593904497037396 6.1991092959593805 1.0
-0.01282574 -0.01462368 -6.285832 -4.090959 2.568744 2.508123 0.2931994 20.7445 1.092543 0 0.0 0.019451262768519682 7.499841963128623 1.0
0.02632788 0.04861887 0.749179 -0.5430959 1.426601 1.187275 0.07460935 20.27929 1.457985 0 0.0 0.05528970777071715 0.9253228250928484 0.0
0.00707144 0.003074613 0.04281334 -4.412808 0.2730022 0.2986989 0.3657512 17.46509 1.29834 0 0.0 0.007710934364483269 4.413015683967819 1.0
-0.05588546 -0.002428138 -0.8505635 -6.163555 0.8842631 0.9042436 0.1987899 19.48988 1.459602 1 2.011117e-06 0.05593818457510615 6.221966610771649 1.0
0.04942921 -0.01102289 -8.098463 -3.007705 2.906571 2.622125 -0.1059407 20.51812 1.007265 0 0.0 0.05064336980470593 8.638946251099958 0.0
0.008597297 0.0008459643 -4.62613 -3.526147 0.3324195 0.3653833 0.3472178 17.86141 1.324306 1 0.9853113 0.008638817702850517 5.816768126933461 1.0
0.04030468 0.01310225 -2.698635 -5.511213 1.985286 1.939418 0.09065372 20.4631 1.109154 1 0.3283611 0.04238084691184097 6.13645659925938 1.0
0.01732522 0.007816509 -2.525715 -2.007244 1.872416 1.79557 0.09503027 20.37845 0.743679 0 0.0 0.019006868784612604 3.2261842378824244 1.0
0.0410676 0.01088027 -3.046299 -4.996352 1.245647 1.339416 0.1922091 19.83626 1.073277 1 0.3374347 0.04248444474196291 5.851792110567923 1.0
-0.02579544 -0.04226327 -3.437042 -4.897972 1.301584 1.415532 0.320466 19.8115 2.946085 0 0.0 0.04951352053617779 5.98359318658513 1.0
0.0001135239 0.006859063 -2.438173 -2.273921 0.9686645 1.036623 0.2842197 19.47191 nan 0 0.0 0.006860002398967526 3.3339772482981944 1.0
-0.02350673 -0.0137662 -1.852697 1.428284 0.8722277 0.9629168 0.3790517 19.19022 1.190624 0 0.0 0.027241046560895932 2.3393335286925208 0.0
-0.0435262 0.05024975 -2.347794 -2.588064 1.450296 1.286307 0.1237607 20.43741 1.57206 0 0.0 0.06647982747798388 3.49431136771353 0.0
0.01805756 -0.03562386 -4.092286 -3.545528 1.60596 1.617804 0.1772182 20.27379 1.233715 1 0.7129307 0.03993913963085835 5.414570482003166 1.0
-0.01346666 0.04167958 -2.409061 -1.49583 1.191819 1.141708 0.01291506 19.68044 1.066429 0 0.0 0.04380112236612208 2.835680216565507 1.0
-0.04108462 -0.006330329 2.264209 -4.097034 1.910038 1.462328 -0.193947 20.30776 1.90106 0 0.0 0.04156944870686453 4.681060776451957 1.0
-0.02405603 -0.01626068 -4.312999 -2.002634 0.3414727 0.323028 0.214534 17.96195 1.418264 1 0.7942791 0.029036223814802434 4.755260593485597 1.0
0.03255314 -0.04201432 0.07449759 -7.585488 1.54826 1.433207 0.07088852 20.25603 1.781454 1 0.0006179226 0.05314988249208083 7.585853814110829 1.0
0.03291957 0.03324754 -2.157138 5.173955 0.9719084 1.045658 0.280664 19.27705 1.952612 0 0.0 0.04678778692176517 5.605627056188184 1.0
-0.02967126 0.0102764 -4.913838 -5.629759 1.299336 1.33459 0.216272 19.75315 1.270292 0 0.0 0.03140044692273663 7.4726160270901785 1.0
0.03417079 0.0371818 1.566972 -0.5797683 0.8123467 0.9836716 0.1779503 18.31431 0.7831879 0 0.0 0.05049880335675391 1.6707879968652188 0.0
0.05397649 0.03852154 -8.383986 -11.83195 0.9532329 1.025528 0.4346809 19.50195 1.350241 1 0.0 0.06631267236879916 14.501250361630753 0.0
-0.003029732 -0.04241192 0.08564203 0.08583696 0.8657727 0.9200764 0.3262798 19.35179 1.3305 1 0.0001273423 0.04251999804889722 0.12125403500322164 0.0
0.01235091 0.003419272 -4.75976 -2.552707 0.4685349 0.4077018 0.07408482 18.5022 1.164049 0 0.0 0.012815474975126126 5.4010765857788945 1.0
0.04158618 -0.04210283 -1.299146 -4.841431 1.543409 1.421048 0.1148128 20.00513 1.438456 1 0.0655224 0.05917819413433719 5.012707298165035 1.0
0.005637147 0.03249982 -4.315124 -2.361169 0.9424878 0.9840078 0.1522785 19.40445 1.258957 0 0.0 0.03298508339131506 4.918883428374472 1.0
0.06188018 -0.01351282 -2.059095 -3.356864 0.572769 0.6141414 0.1942722 18.78711 1.531452 1 0.003792179 0.06333840052594318 3.9380716262558 1.0
0.02287942 0.04875165 -3.608141 -6.719018 0.4610218 0.4225117 0.1955485 18.72071 1.441355 0 0.0 0.0538534236354468 7.626525051437581 1.0
0.009665397 0.0006069488 -0.7401103 -4.174339 0.8435805 0.9106859 0.2957907 19.13756 1.169992 0 0.0 0.009684435244939709 4.239442102811063 1.0
-0.02594812 -0.00644383 -5.45756 -3.285804 1.518354 1.051108 -0.04647281 20.08759 1.054876 0 0.0 0.026736265195484953 6.370358630408182 1.0
-0.004891293 0.002634225 0.1971575 -1.183789 0.8317196 0.9101117 0.3112864 19.07321 1.376871 0 0.0 0.005555527748330846 1.2000947780601539 0.0
-0.05142987 -0.01978004 -1.763684 -2.266565 1.210157 1.268196 0.2519356 19.89278 1.519245 1 0.2322316 0.055102463743634006 2.8719154150289663 1.0
0.002890586 0.00073549 -4.252881 -3.044069 0.05317105 0.04642258 0.1544746 13.80686 1.706147 1 0.9992582 0.002982688881445063 5.23004329589364 1.0
0.01601302 0.04153268 -1.022366 -5.421198 1.00795 1.046659 0.2820075 19.67279 1.290812 0 0.0 0.0445126983848744 5.516758105369494 1.0
0.02260476 0.04564744 6.069131 -3.164815 2.699899 2.612148 0.08672691 20.55006 1.221714 0 0.0 0.05093784401808934 6.844735574102625 1.0
-0.004280957 0.02451122 -1.607826 -4.871203 0.5742791 0.4729959 -0.05078783 18.84958 nan 0 0.0 0.024882252685885356 5.129690352592933 1.0
0.01296128 0.02252122 -4.86162 -2.919356 0.942725 1.008299 0.2165825 19.40457 0.9689693 0 0.0 0.02598461332263384 5.67080139655199 1.0
0.005240406 -0.003129276 -3.395488 -4.73131 0.996968 1.121187 0.237486 19.50893 0.8947849 0 0.0 0.006103623786654286 5.8236271407297355 1.0
-0.04602853 0.02556892 -19.79783 1.819839 0.9747322 0.9883148 0.1490759 19.57956 2.618013 0 0.0 0.05265353970938041 19.881294894820634 0.0
-0.03678178 0.01468041 -4.669179 -5.462366 1.377175 1.26033 0.05598001 20.08133 1.18783 0 0.0 0.039603204134722486 7.186005486499227 1.0
-0.01038437 -0.01655532 -4.099162 -2.96787 0.2606363 0.2821467 0.3223048 17.55127 1.498302 1 0.9951476 0.019542613965365534 5.060768858498084 1.0
-0.009590981 0.05841558 -4.430953 -7.88996 1.044443 1.059427 0.1837486 19.45485 1.376066 0 0.0 0.059197693394918365 9.049022780931043 1.0
-0.005837345 0.04275053 -3.616313 -3.710302 2.063869 1.610825 -0.1177913 20.53022 1.205002 0 0.0 0.04314721789327702 5.181125422644485 1.0
0.03725305 0.04404052 -5.605854 -4.159699 0.4501933 0.4876833 0.3292316 18.66459 1.476851 1 0.1203329 0.05768324831502557 6.980594160951989 1.0
-0.001412334 -0.00521055 -4.687197 -3.01604 0.3926251 0.3337216 0.006549147 18.13729 0.9140759 0 0.0 0.0053985663495094705 5.573716264612776 1.0
0.01366316 0.009096285 -8.103155 -1.493259 3.768879 2.604493 -0.1831637 20.70903 0.944313 0 0.0 0.016414150662974462 8.239596069899664 1.0
0.004324894 0.003602592 -4.244182 -3.101102 0.2304257 0.2095565 0.1171345 17.14968 1.377522 0 0.0 0.005628798915372621 5.256416504000421 1.0
-0.043404 0.01148501 -3.695228 -8.208919 1.912692 1.567151 -0.07898036 20.53937 nan 0 0.0 0.04489780251526905 9.002280884339536 1.0
0.06023246 0.02487157 -3.572761 -5.012324 1.00138 1.100893 0.2829505 19.64512 0.02012825 0 0.0 0.06516551413068496 6.1553239593133515 1.0
0.04042679 0.0269884 -5.318776 -3.55224 0.8020361 0.8794559 0.3916885 19.30085 0.7721043 0 0.0 0.04860760315284122 6.395919570771352 1.0
-0.06064614 -0.001491208 -3.187113 -10.68271 1.836437 1.430245 -0.1542412 20.39008 0.9168301 0 0.0 0.060664470641380065 11.148003508201322 0.0
0.0443634 -0.001498968 -4.076833 -3.78323 0.8277625 0.8883967 0.1862172 19.29022 1.093134 1 0.800439 0.04438871663638208 5.561779979717734 1.0
-0.02030254 0.04749215 -6.385119 -9.682273 1.511342 1.089093 -0.3259394 20.04568 1.253716 1 0.0 0.051649757425123496 11.598109979246187 0.0
0.004752136 0.007099 -4.20397 -3.009025 0.06755359 0.05625403 0.05132508 14.63005 1.408546 1 0.9995002 0.00854275117058293 5.169873810019448 1.0
-0.03284514 0.04521761 0.3627888 -6.652762 2.121978 1.715072 -0.09680844 20.50983 -0.218544 0 0.0 0.055887704155133264 6.662646466836541 1.0
-0.06513213 -0.006457463 -2.782399 -8.497887 1.597267 1.244638 -0.08745388 20.34639 nan 0 0.0 0.06545145671971914 8.941802260169366 1.0
-0.02732146 0.02193859 -4.097129 0.9987471 2.311149 1.562928 -0.5127917 20.17021 2.164429 0 0.0 0.03503946214940663 4.217103486090827 1.0
-0.04859186 -0.001810748 0.5298267 -0.6911243 1.174791 1.234258 0.1415696 19.68763 2.020491 0 0.0 0.048625586542262955 0.8708439183248512 0.0
-0.06446077 -0.003149669 -2.056585 -0.54265 2.242948 2.084296 0.2257138 20.63153 nan 0 0.0 0.06453767336837037 2.126972234121781 1.0
0.02809763 -0.04815766 2.184805 1.625468 0.5722056 0.6144958 0.3776687 18.35366 1.373129 0 0.0 0.055755152482012814 2.7231450763866767 1.0
0.00221922 0.06480555 -5.288585 1.048718 0.7389118 0.8178255 0.3004216 19.23116 1.723341 1 2.862979e-05 0.06484353667260061 5.391561994983365 1.0
0.004019742 0.06572182 -5.551029 -0.3482294 2.183641 1.77237 -0.166736 20.62971 0.9759789 0 0.0 0.06584463493602925 5.561940908879324 1.0
0.01982753 -0.04358833 0.7403214 -5.489282 0.4367319 0.4710562 0.2639028 18.42679 1.519541 1 0.0 0.047886046590732465 5.538979387109322 1.0
0.05122992 0.03426701 -5.014467 -7.051112 1.519803 1.525334 0.2798613 20.1905 0.1355362 0 0.0 0.061633859830019566 8.652344175460948 1.0
-0.00318233 -0.0004868225 8.393962 11.54792 2.003243 2.043339 0.1982 19.77811 nan 0 0.0 0.003219350924550825 14.27631095149738 0.0
-0.0220419 -0.01765337 -9.517134 -9.788654 2.05102 1.729339 0.1245059 20.43799 0.8090363 0 0.0 0.028239809276390308 13.652603660315933 0.0
-0.04816473 0.02459208 0.5017158 -1.656331 0.7896554 0.8088334 0.1885764 19.23411 1.387268 1 1.824382e-06 0.05407967838938486 1.7306504920204542 0.0
-0.01581648 0.03313105 -8.423181 0.1420973 0.6303352 0.5217611 -0.007092399 18.97929 nan 0 0.0 0.036712770444259586 8.42437949058732 1.0
0.0002661107 0.0473068 -1.631747 -5.424005 1.29971 1.323181 0.1107913 19.82413 1.143587 0 0.0 0.04730754845840836 5.664135283698122 1.0
-0.01099472 -0.001860595 -4.846694 -1.257529 1.243848 1.311519 0.349459 19.78498 1.028196 0 0.0 0.011151039486631953 5.007177040556585 1.0
0.01366314 -0.008132408 -4.523577 -2.335374 0.6351865 0.683887 0.2851118 18.93365 1.054182 1 0.9750506 0.015900234417707933 5.090846746348293 1.0
