jas1101finalproject/data/gcs/NGC_6535.ecsv
# %ECSV 0.9
# ---
# datatype:
# - {name: x, unit: deg, datatype: float64}
# - {name: y, unit: deg, datatype: float64}
# - {name: pmx, unit: mas / yr, datatype: float64}
# - {name: pmy, unit: mas / yr, datatype: float64}
# - {name: pmx_e, unit: mas / yr, datatype: float64}
# - {name: pmy_e, unit: mas / yr, datatype: float64}
# - {name: pm_corr, datatype: float64}
# - {name: g_mag, unit: mag, datatype: float64}
# - {name: bp_rp, unit: mag, datatype: float64}
# - {name: filter, datatype: int64}
# - {name: memberprob, datatype: float64}
# - {name: r, unit: deg, datatype: float64}
# - {name: pm, unit: mas / yr, datatype: float64}
# - {name: member_prob_GMM, datatype: float64}
# meta: !!omap
# - comments: [deg deg mas/yr mas/yr mas/yr mas/yr dimless mag   mag   zeroone float]
# - __serialized_columns__:
#     bp_rp:
#       __class__: astropy.units.quantity.Quantity
#       unit: &id001 !astropy.units.Unit {unit: mag}
#       value: !astropy.table.SerializedColumn {name: bp_rp}
#     g_mag:
#       __class__: astropy.units.quantity.Quantity
#       unit: *id001
#       value: !astropy.table.SerializedColumn {name: g_mag}
#     pm:
#       __class__: astropy.units.quantity.Quantity
#       unit: !astropy.units.Unit {unit: mas / yr}
#       value: !astropy.table.SerializedColumn {name: pm}
#     pmx:
#       __class__: astropy.units.quantity.Quantity
#       unit: !astropy.units.Unit {unit: mas / yr}
#       value: !astropy.table.SerializedColumn {name: pmx}
#     pmx_e:
#       __class__: astropy.units.quantity.Quantity
#       unit: !astropy.units.Unit {unit: mas / yr}
#       value: !astropy.table.SerializedColumn {name: pmx_e}
#     pmy:
#       __class__: astropy.units.quantity.Quantity
#       unit: !astropy.units.Unit {unit: mas / yr}
#       value: !astropy.table.SerializedColumn {name: pmy}
#     pmy_e:
#       __class__: astropy.units.quantity.Quantity
#       unit: !astropy.units.Unit {unit: mas / yr}
#       value: !astropy.table.SerializedColumn {name: pmy_e}
#     r:
#       __class__: astropy.units.quantity.Quantity
#       unit: &id002 !astropy.units.Unit {unit: deg}
#       value: !astropy.table.SerializedColumn {name: r}
#     x:
#       __class__: astropy.units.quantity.Quantity
#       unit: *id002
#       value: !astropy.table.SerializedColumn {name: x}
#     y:
#       __class__: astropy.units.quantity.Quantity
#       unit: *id002
#       value: !astropy.table.SerializedColumn {name: y}
# schema: astropy-2.0
x y pmx pmy pmx_e pmy_e pm_corr g_mag bp_rp filter memberprob r pm member_prob_GMM
[from data line 1146]
-0.01587743 -0.02838005 -4.673683 -4.348572 2.271777 2.686131 0.2948371 20.60279 1.250177 0 0.0 0.03251953292111374 6.383838283013832 1.0
-3.906205e-05 0.02390814 -4.567291 -2.731922 0.3765312 0.3177906 0.008633079 18.26686 1.344803 1 0.9892494 0.023908171910527794 5.321986930908888 1.0
0.02400846 -0.004058955 -6.272359 -2.996151 1.358829 1.530128 0.3763935 19.77234 0.777216 0 0.0 0.02434915331718179 6.951216313687986 1.0
-0.001870099 0.0448769 -5.668807 -5.732623 1.876028 1.644084 0.5841331 19.75144 1.750122 0 0.0 0.0449158482484724 8.062154753127603 1.0
-0.01212383 -0.02832235 -4.759049 -2.623672 1.527542 1.374058 0.1332759 20.20939 1.170607 1 0.8646518 0.030808160662256355 5.434353885052482 1.0
-0.01535875 0.05893374 4.528372 -4.581159 1.613745 1.231562 -0.1262118 20.20636 0.6568184 0 0.0 0.06090219135589539 6.4415192892410875 1.0
0.03099691 0.004148796 -4.151958 -3.367927 3.431298 3.582166 -0.02351104 20.8485 -0.3583698 0 0.0 0.031273326298903927 5.346184388055933 1.0
0.003623008 0.03187138 -4.092325 -2.194765 0.7267796 0.7556306 0.1748061 19.11309 1.184452 0 0.0 0.03207664337290397 4.643718048164638 1.0
0.008994006 -0.0153384 -4.374946 -3.09542 0.4894609 0.5277645 0.2764255 18.43427 1.354044 0 0.0 0.017780850893251314 5.359270237571156 1.0
0.0162876 -0.01134743 -5.252198 0.8526122 1.197785 1.303419 0.3034437 19.61872 1.72924 0 0.0 0.019850694732550293 5.320952113559455 1.0
0.002676968 0.009522317 -5.025678 -1.690801 0.5246451 0.4733241 -0.2366051 17.87663 nan 0 0.0 0.009891444723674748 5.302475589881108 1.0
0.02556483 -0.006319405 -3.607906 -3.266419 1.169066 1.229039 0.2649979 19.72684 1.404465 0 0.0 0.02633430106311776 4.866875670119075 1.0
-0.0003442325 -0.03396329 -4.638165 -1.939926 3.18274 3.886878 0.3736361 20.77724 0.5995693 0 0.0 0.03396503442715989 5.027513048486399 1.0
0.003806105 0.0111767 -3.400402 -1.877033 0.8197503 0.844673 0.1200192 19.15398 1.214365 0 0.0 0.011806991918394159 3.8840683110229923 1.0
-0.001809059 0.0061796 -5.87369 -2.749497 1.011663 1.07939 0.2953438 19.53815 1.199457 0 0.0 0.006438955709234301 6.485365677362302 1.0
-0.002663538 0.0002130256 -11.6212 2.447317 1.357201 1.605963 0.2981895 19.61123 nan 0 0.0 0.0026720431477989573 11.876095736330564 0.0
0.001090076 0.03032875 -2.387449 -6.871031 0.2509695 0.2567406 0.1637025 17.36361 1.664591 1 0.0 0.03034833343444539 7.273993382631167 0.0
0.005576083 -0.02645841 -2.055765 -6.58843 1.781569 2.029497 0.2023538 20.32245 1.257849 1 0.2458783 0.027039603572371194 6.901708455167097 1.0
-0.05066692 -0.02346593 -3.741407 -5.957281 1.266473 1.304155 0.08450009 19.66287 1.44709 0 0.0 0.05583714402663607 7.034722684840533 1.0
-0.004555604 0.003693072 -3.14716 -4.032087 1.373697 1.321948 0.2214489 19.92103 1.232275 0 0.0 0.005864495596553893 5.1149136494342695 1.0
-0.01288681 0.01516046 -4.910493 -3.162995 0.2351201 0.2470468 0.2363096 17.40686 1.440208 1 0.9343574 0.01989747268845217 5.841016938262891 1.0
-0.001778541 0.0008458185 -4.305065 -3.588729 0.764298 0.8343242 0.3506927 18.90978 1.117153 0 0.0 0.0019694204791316787 5.604690936141439 1.0
-0.05399324 -0.03142287 -2.212199 -4.86934 1.203272 1.120824 0.6479933 19.32268 1.511217 1 0.001432655 0.06247132722084989 5.348298463175087 1.0
0.008841432 -0.001902615 -4.639015 -2.228317 3.553265 4.424759 0.2912568 20.92658 0.5484428 0 0.0 0.009043830142635862 5.146441180341421 1.0
0.002463352 0.02913764 6.573753 -6.665564 0.3159887 0.3251594 0.08092993 17.56875 1.267113 1 0.0 0.029241582854652448 9.361835928016736 1.0
-0.01398542 0.009725888 -6.151811 -6.871637 1.579795 1.2687 -0.2003904 20.22437 1.052013 0 0.0 0.017034813470212816 9.223024104895856 0.0
0.03221764 0.02049951 -0.6188933 -5.607129 0.2882134 0.3146012 0.2682736 17.66048 1.470505 1 0.0 0.03818646667878163 5.6411811298189924 1.0
0.007254579 0.06528903 -3.74404 -2.092306 0.9080232 0.9614341 0.415426 19.53424 1.386564 1 0.6368455 0.06569083920006001 4.289006868639406 1.0
-0.03156314 -0.04811199 -2.363392 -5.394168 2.182404 1.781485 0.2310093 20.48636 0.9636688 0 0.0 0.05754124945132579 5.8891994496610485 1.0
-0.01426002 -0.02990545 0.8954323 -7.947404 0.4692218 0.403992 0.05103059 18.52005 1.543509 1 0.0 0.03313131615409958 7.997689000148686 1.0
0.01564674 -0.0150261 -5.739714 -2.386242 2.200009 2.304573 0.06238678 20.5459 1.206959 0 0.0 0.021693412683061186 6.215984852327104 1.0
0.01683692 -0.00863473 -5.631325 -5.497986 1.620744 1.597616 0.162013 20.25713 0.9360867 0 0.0 0.018921956486032305 7.870176066125904 1.0
-0.01258164 0.01611622 -4.194952 -2.89216 0.06602795 0.05423536 -0.002832302 14.86916 1.640007 1 0.9996293 0.020445787149875154 5.0953127232687105 1.0
-0.01172713 -0.002830334 -3.878993 -2.947151 0.6651428 0.5650139 0.1086595 18.96265 1.242363 0 0.0 0.01206384551411597 4.8715793856664185 1.0
0.006735738 -0.01727954 -1.320659 -2.936452 1.176921 1.260596 0.2307552 19.80284 nan 0 0.0 0.018545960989289394 3.2197656036713296 1.0
0.01640974 0.03692941 -5.328465 -2.894006 1.478335 1.181921 -0.04159236 20.13108 nan 0 0.0 0.04041114808831469 6.063646591306339 1.0
0.007956424 -0.01621497 1.538815 -5.888252 1.426888 1.536039 0.2568716 19.94659 nan 0 0.0 0.018061836422929866 6.08600552248591 1.0
-0.01700665 0.03173874 -4.005561 -2.906599 0.5537003 0.4568018 -0.05151161 18.8446 1.429321 1 0.9649175 0.036007968021121384 4.949023809957071 1.0
-0.009896123 0.01893368 -3.677741 -2.428152 0.3024841 0.3268068 0.1858649 17.80855 1.428513 1 0.9572708 0.02136392961918591 4.407005899495144 1.0
0.0003881784 0.002367257 -0.9876538 -6.154398 1.229707 1.373808 0.363712 19.50285 nan 0 0.0 0.00239887227135493 6.233143249682173 0.0
-0.0276572 0.04639085 -0.1911214 -3.199181 1.650223 1.415855 0.5207929 19.66994 1.523499 1 0.03322491 0.054009551706735166 3.204884781126922 1.0
0.05495299 0.02565513 -7.678865 -9.639272 1.850744 1.837239 0.340613 20.39752 1.316221 0 0.0 0.06064665535095072 12.32398200169933 0.0
0.0611479 0.01068864 -3.75531 -3.119374 0.5366528 0.5967265 0.3478192 18.76478 1.136225 1 0.7766698 0.062075056983136145 4.8818897312389185 1.0
-0.0191123 0.005368781 -6.548058 -6.673586 1.497355 1.140563 -0.1418432 20.22803 1.406513 0 0.0 0.019852048275076327 9.349535478875943 0.0
0.006552645 -0.001481775 -3.798818 -2.357532 0.1108426 0.09541281 0.1881759 14.9338 1.477249 0 0.0 0.00671809598373304 4.470903189306161 1.0
0.005606604 -0.01887295 -1.714029 -3.729901 2.190831 2.485931 0.2539497 20.55579 1.27809 0 0.0 0.019688124596195445 4.1048820790178615 1.0
0.006857822 0.007328716 -5.361918 -2.667599 0.6871124 0.5965972 0.07020156 18.92278 1.046228 0 0.0 0.010036921878361912 5.988843716739067 1.0
0.03075276 -0.0001418434 2.615786 -0.7109482 1.555384 1.479917 0.1255134 20.10034 1.494968 0 0.0 0.030753087116055903 2.7106795717825523 0.0
-0.006661288 0.001195994 -1.640384 -6.4596 2.092553 1.553941 -0.2477111 20.23838 nan 0 0.0 0.0067678031492486536 6.66462990926398 1.0
0.01354112 0.03413637 -4.246957 -3.251403 2.221552 1.604986 -0.2329081 20.59524 0.9394093 0 0.0 0.036724020580967166 5.348669482054205 1.0
-0.02539888 0.02455088 -5.317543 -9.827774 2.903379 3.480745 0.3304841 20.77501 0.8395176 0 0.0 0.03532490359546364 11.174140027399199 0.0
0.01586039 0.006847339 -4.600996 0.4164592 1.367235 1.463911 0.2690569 19.98187 1.203936 0 0.0 0.01727535881922633 4.61980545664865 1.0
-0.03351621 -0.05452318 -2.409753 -3.557747 0.630005 0.5337861 0.1036502 18.92368 1.322216 1 0.043043 0.06400088663508108 4.2970307465758255 1.0
0.004416436 -0.01985166 -3.093724 -1.025041 0.8264386 0.8916948 0.2954913 19.31888 1.212212 1 0.7907826 0.020336993674033927 3.259116021232905 1.0
0.008200571 -0.003182117 -4.644553 -3.197452 0.4402275 0.4735691 0.3567569 17.28337 1.393915 0 0.0 0.008796319305694286 5.6387562336133135 1.0
-0.01212388 0.02236774 1.425408 1.6602 1.322616 1.354362 0.2187609 19.85911 1.179701 0 0.0 0.025442174808022997 2.1881617870861376 0.0
0.006186444 0.006439176 -5.058691 -2.584563 0.9860568 0.8614218 0.1051495 18.65548 1.139261 0 0.0 0.008929449978812357 5.680697187357375 1.0
0.002005587 -0.008376898 -4.028414 -2.849824 0.4768919 0.4233279 0.08164897 18.42369 1.223021 1 0.9915058 0.008613640305757666 4.934533026170967 1.0
-0.0121544 0.02290105 -2.701064 -4.088716 1.492184 1.147681 -0.1109082 20.15744 nan 0 0.0 0.025926579613641674 4.900341341248791 1.0
0.04988714 0.0287366 -7.742007 -6.548325 3.554563 4.394 0.2156336 20.91196 0.6650257 0 0.0 0.0575718587240294 10.139981888232048 1.0
0.002219208 2.923476e-05 -14.00146 -14.80988 1.060616 0.7390991 0.1405281 18.54993 nan 0 0.0 0.002219400553855986 20.380712150118796 0.0
-0.0555192 -0.011301 -5.911884 -5.083801 2.585457 2.102778 -0.1540312 20.82342 1.560989 0 0.0 0.05665769294314762 7.797140824498234 1.0
-0.01795265 0.007013424 -1.913939 -6.019098 1.455951 1.175665 -0.1587943 20.08291 0.4603767 0 0.0 0.019273965814701345 6.316067069729785 1.0
-0.03791074 -0.03473604 -2.862613 -0.1544524 1.410568 1.589383 0.3929816 19.85123 1.032665 0 0.0 0.0514180579391054 2.8667767146456944 1.0
0.004141792 0.004612086 -3.202447 -1.962829 1.400254 1.066693 -0.07487417 20.04788 nan 0 0.0 0.00619885297798391 3.7561102847294032 1.0
0.004477478 -0.002597155 -4.448917 -1.756612 0.9482613 1.091543 0.2519237 19.33675 nan 0 0.0 0.005176197768102471 4.783152536918825 1.0
-0.0640335 -0.007698931 -2.968638 -5.600926 0.6340559 0.5050198 -0.04693586 19.0166 1.38166 1 9.972083e-06 0.06449467156899677 6.339020715577447 1.0
0.007162986 -0.005398038 -4.168459 -3.303009 0.3479532 0.3713375 0.334516 17.76539 1.269503 0 0.0 0.008969235345649036 5.318450797813401 1.0
-0.01770851 0.007661834 -3.018838 -2.949875 0.6258288 0.4966566 -0.2631284 18.68196 1.280052 1 0.8997637 0.019294948216143415 4.220799140668625 1.0
-0.004494567 -0.003044935 -3.996942 -3.114196 0.5844783 0.4900541 -0.009702336 18.68132 1.233395 1 0.9875887 0.005428882175154845 5.066928268466015 1.0
-0.03827706 -0.003294267 -1.771367 -6.163685 0.1382039 0.1138585 0.02791881 16.56756 1.721465 1 0.0 0.03841855693946467 6.413170341407906 1.0
-0.05518362 0.009632657 -4.013563 -2.57193 1.683422 1.592974 0.03770531 20.24958 1.428207 0 0.0 0.05601803278573828 4.766918488905491 1.0
-0.009590983 0.06172524 2.858876 -2.064859 1.174988 1.218828 0.2750497 19.86962 1.13286 0 0.0 0.062465928376707 3.5265868305284926 1.0
-0.04929373 -0.007477037 2.547446 -5.604046 0.4067159 0.3772655 0.1982468 18.14764 1.646048 1 0.0 0.04985757615059389 6.1558762733693735 1.0
0.004843656 -0.05988993 -2.386155 -1.185374 1.060336 1.169346 0.2252162 19.68425 1.288202 0 0.0 0.0600854784357355 2.664366191780139 1.0
-0.02646684 -0.03445864 0.9495018 -1.559141 0.1591157 0.1331017 0.1228239 16.77989 1.655969 1 0.0 0.043449873305168564 1.8255065943688726 0.0
-0.01892921 0.01417209 -4.205622 -2.88263 0.2239178 0.2365621 0.2956191 17.26234 1.483097 1 0.9965126 0.023646630334832067 5.098706907028879 1.0
0.03822952 0.01787355 -1.934251 -4.73645 0.227796 0.2533228 0.3952383 17.31041 1.399696 1 0.0 0.04220142164705948 5.116178801947894 1.0
0.02519868 0.02085289 -3.460198 -3.132579 0.7737349 0.7116995 0.01513774 19.06585 1.112507 1 0.8993093 0.03270804939299346 4.667549827312506 1.0
-0.01725077 0.01598494 -4.685459 -2.739473 0.3249739 0.342804 0.318891 17.83796 1.468884 0 0.0 0.023518234891175396 5.427544413306076 1.0
-0.005440599 -0.003831508 -6.719833 -4.069404 1.294565 1.43995 0.1972508 19.83468 1.199001 0 0.0 0.00665436481062355 7.855966169931296 1.0
-0.006111992 0.02575102 -6.187418 -1.195923 1.910933 1.586689 0.1647856 20.33373 0.8713112 0 0.0 0.026466421693316686 6.301934094280342 1.0
-0.004464055 0.01086119 0.5313087 -0.690792 0.9435639 0.9056376 0.3747671 19.31454 1.488853 0 0.0 0.011742795036068926 0.8714829441587999 0.0
0.02483242 -0.004704087 -3.622749 -2.763313 1.1488 1.23687 0.2432118 19.7658 1.049078 0 0.0 0.02527404830176537 4.556337240917314 1.0
0.03374357 0.04443637 0.9383041 -4.210822 2.857392 2.554111 0.2661207 20.56344 0.9688568 0 0.0 0.05579623190791472 4.314097414264172 1.0
0.002860069 -5.415229e-05 -3.327457 -3.43453 0.6085321 0.4508121 -0.3903627 18.35911 nan 0 0.0 0.0028605816113638923 4.782046257382817 1.0
-0.004280955 0.01903981 -5.818516 -6.095615 1.5766 1.418811 0.6000452 19.43528 1.212797 0 0.0 0.019515146439320535 8.426841084919127 1.0
0.003165233 -0.02355644 2.645371 4.615385 0.5122549 0.4503342 0.120656 18.72088 1.460491 0 0.0 0.023768141816681614 5.319752477875827 1.0
0.004446964 0.005643187 -4.026991 -4.706692 0.9064151 0.9688397 0.3250014 19.18798 0.9956169 0 0.0 0.007184778934265479 6.194320470959265 1.0
-0.03986396 0.0006619557 -6.573597 3.566575 2.213144 1.761788 -0.09657828 20.4773 2.32275 0 0.0 0.039869455629972704 7.478812388944785 1.0
-0.02899984 -0.003362933 -2.99966 -2.544867 0.9604112 0.9529537 0.03502539 19.47405 1.364296 1 0.837162 0.029194178159148255 3.933739717277822 1.0
0.01323587 -0.02955622 -3.641203 -3.090349 0.5093773 0.5357431 0.3362199 18.55805 1.27014 1 0.9331874 0.032384539449331375 4.775836704600566 1.0
0.01592147 0.0367073 -4.411361 -2.973756 0.1057227 0.09149398 0.1298581 16.18979 0.568924 1 0.9955421 0.04001148685378863 5.3200874635533015 1.0
0.004294366 -0.0232856 4.053693 3.909821 1.701706 1.661877 0.1287736 20.31321 1.720535 0 0.0 0.023678275838877206 5.631973649644501 1.0
0.004691101 0.005604414 -5.009666 -2.373834 1.017111 1.178749 0.4098102 19.47241 nan 0 0.0 0.00730861716575694 5.543630695772582 1.0
-0.016793 0.007473932 -2.633742 -2.160991 0.9520245 0.9348708 0.07244872 19.43735 1.104631 1 0.8296898 0.01838109105958142 3.406828293977406 1.0
0.007437642 -0.002686474 -1.595358 3.105818 3.650573 4.518401 0.04319811 20.79959 0.6795979 0 0.0 0.007907949233071745 3.4916002917413103 1.0
0.009268675 0.001842315 -3.35723 -2.516446 0.9084678 1.000332 0.3300656 19.38906 0.898489 0 0.0 0.009449997926711412 4.195651766271363 1.0
0.008383668 -0.009969239 -2.469682 1.514647 1.949406 2.193151 0.1671842 20.22695 nan 0 0.0 0.013025805747566828 2.897151137882351 1.0
0.006857831 0.02167245 -6.948296 -2.320653 2.021585 1.270515 -0.2767942 20.15648 1.708435 0 0.0 0.02273158452521647 7.325588553148819 1.0
0.02049901 0.01174779 -1.677508 0.08288146 2.596888 2.307707 -0.08180613 20.48645 1.685488 0 0.0 0.023626679429496648 1.6795542344550032 0.0
0.00405024 0.005103884 -3.148234 -3.527427 0.9236045 0.9929379 0.2704876 19.40807 1.158298 0 0.0 0.006515679238809719 4.728014230000265 1.0
0.01543316 0.01529084 -5.956504 -4.5842 1.571099 1.275563 -0.0822138 20.064 1.093269 0 0.0 0.021725381826131387 7.516304247568482 1.0
-0.01682345 -0.03280894 -3.911066 -3.63469 0.5065011 0.5434134 0.331069 17.71906 1.609512 0 0.0 0.03687078808252001 5.339232964804589 1.0
-0.04019977 0.03590013 -1.350601 -1.724939 2.883425 2.589775 0.1029513 20.77115 1.343039 0 0.0 0.05389657542061277 2.190784703005295 1.0
-0.0344624 -0.008031513 -5.151834 -2.821382 0.9044228 0.9236398 0.2271398 19.49296 1.544096 0 0.0 0.03538590418272746 5.873805406504373 1.0
-0.03202107 0.006354553 -2.630489 -3.337316 2.06326 2.385123 0.1622535 20.05293 1.275894 0 0.0 0.03264550915171502 4.249370596097379 1.0
0.007040923 0.004172948 -5.646798 -3.726812 2.325699 2.23959 0.215149 20.50448 nan 0 0.0 0.00818462532451138 6.765756080154532 1.0
0.02648037 0.006584313 -6.054607 -2.903955 1.493944 1.574783 0.3353817 19.60259 1.200972 0 0.0 0.02728668490342623 6.714999669878919 1.0
-0.001961638 -0.02837512 -3.868836 -2.38636 0.9662527 1.036411 0.2721345 19.35799 nan 0 0.0 0.028442845473993 4.545613934827285 1.0
0.03780215 -0.02017081 -0.6113579 -3.408604 1.565994 1.460429 0.08530749 20.18815 1.366272 1 0.1706666 0.04284698496602299 3.4629957711074972 1.0
-0.03345534 -0.007148049 -1.810511 -8.413904 1.440949 1.160412 -0.03594757 20.16696 1.082613 0 0.0 0.03421044254349834 8.60649351375675 0.0
0.001914037 0.0004931378 -4.143319 -2.483346 0.3477879 0.2925127 0.07605226 17.97026 1.368145 0 0.0 0.001976543074956334 4.830538240349309 1.0
