jas1101finalproject/data/gcs/NGC_6981_M_72.ecsv
# %ECSV 0.9
# ---
# datatype:
# - {name: x, unit: deg, datatype: float64}
# - {name: y, unit: deg, datatype: float64}
# - {name: pmx, unit: mas / yr, datatype: float64}
# - {name: pmy, unit: mas / yr, datatype: float64}
# - {name: pmx_e, unit: mas / yr, datatype: float64}
# - {name: pmy_e, unit: mas / yr, datatype: float64}
# - {name: pm_corr, datatype: float64}
# - {name: g_mag, unit: mag, datatype: float64}
# - {name: bp_rp, unit: mag, datatype: float64}
# - {name: filter, datatype: int64}
# - {name: memberprob, datatype: float64}
# - {name: r, unit: deg, datatype: float64}
# - {name: pm, unit: mas / yr, datatype: float64}
# - {name: member_prob_GMM, datatype: float64}
# meta: !!omap
# - comments: [deg deg mas/yr mas/yr mas/yr mas/yr dimless mag   mag   zeroone float]
# - __serialized_columns__:
#     bp_rp:
#       __class__: astropy.units.quantity.Quantity
#       unit: &id001 !astropy.units.Unit {unit: mag}
#       value: !astropy.table.SerializedColumn {name: bp_rp}
#     g_mag:
#       __class__: astropy.units.quantity.Quantity
#       unit: *id001
#       value: !astropy.table.SerializedColumn {name: g_mag}
#     pm:
#       __class__: astropy.units.quantity.Quantity
#       unit: !astropy.units.Unit {unit: mas / yr}
#       value: !astropy.table.SerializedColumn {name: pm}
#     pmx:
#       __class__: astropy.units.quantity.Quantity
#       unit: !astropy.units.Unit {unit: mas / yr}
#       value: !astropy.table.SerializedColumn {name: pmx}
#     pmx_e:
#       __class__: astropy.units.quantity.Quantity
#       unit: !astropy.units.Unit {unit: mas / yr}
#       value: !astropy.table.SerializedColumn {name: pmx_e}
#     pmy:
#       __class__: astropy.units.quantity.Quantity
#       unit: !astropy.units.Unit {unit: mas / yr}
#       value: !astropy.table.SerializedColumn {name: pmy}
#     pmy_e:
#       __class__: astropy.units.quantity.Quantity
#       unit: !astropy.units.Unit {unit: mas / yr}
#       value: !astropy.table.SerializedColumn {name: pmy_e}
#     r:
#       __class__: astropy.units.quantity.Quantity
#       unit: &id002 !astropy.units.Unit {unit: deg}
#       value: !astropy.table.SerializedColumn {name: r}
#     x:
#       __class__: astropy.units.quantity.Quantity
#       unit: *id002
#       value: !astropy.table.SerializedColumn {name: x}
#     y:
#       __class__: astropy.units.quantity.Quantity
#       unit: *id002
#       value: !astropy.table.SerializedColumn {name: y}
# schema: astropy-2.0
x y pmx pmy pmx_e pmy_e pm_corr g_mag bp_rp filter memberprob r pm member_prob_GMM
[from data line 1612]
0.02524951 -0.02860545 -1.247479 -2.470995 1.464594 0.9448072 0.387706 20.23365 0.8531685 0 0.0 0.03815507207361297 2.768035430673892 0.0
-0.004031293 0.007766036 -3.281083 -6.33554 3.295644 2.683132 0.7514078 20.37546 nan 0 0.0 0.008750007908861854 7.134744055990306 0.0
-0.004955546 0.04618383 -0.06331081 -2.469032 1.792052 1.391324 0.5363383 20.39634 0.4295998 0 0.0 0.04644893529056415 2.469843573120949 0.0
-0.01445775 0.001932036 3.705663 -1.387738 1.994577 1.495958 0.5221804 20.22811 nan 0 0.0 0.014586270879419317 3.9569881256093 0.0
-0.004776031 0.005999818 3.449572 0.848257 0.4811015 0.3329305 0.4839017 16.9669 0.298769 0 0.0 0.007668656215145193 3.552335417895247 0.0
-0.02533198 0.01039315 -1.317844 -3.317229 0.1769739 0.113942 0.3357973 17.04584 1.063625 1 0.9998529 0.02738113908592738 3.56941466444808 0.0
-0.03645167 0.06430969 -0.7771065 -4.926519 0.4177841 0.2916569 0.3683203 18.49554 0.943861 1 4.699621e-06 0.0739219891080117 4.987432603023649 0.0
0.03311498 -0.01457016 -5.337832 -6.529033 1.876228 1.480834 0.5451351 20.41354 0.7430248 0 0.0 0.03617860504256625 8.433310285724875 0.0
0.01631653 0.01884629 2.879176 -2.296785 1.403981 0.9472852 0.3840399 19.91642 0.768877 0 0.0 0.024928132661814043 3.6830525077985246 0.0
0.03168479 -0.01743005 -1.045622 -3.616046 1.331566 1.058442 0.5564426 19.91268 0.6667213 0 0.0 0.03616258508937933 3.764188364176267 0.0
0.007615676 -0.03413754 -1.208758 -3.458256 1.26948 0.8480989 0.3726215 20.11485 0.5068626 0 0.0 0.03497670879583407 3.6634178664329298 0.0
-0.0006648985 -0.004814805 0.1097235 -1.574414 0.2735465 0.1699893 0.3234013 17.42344 0.833828 0 0.0 0.004860497629186465 1.5782327742916282 0.0
0.02462489 -0.01919739 -5.582048 -6.853265 3.236776 2.382854 0.5675218 20.72139 nan 0 0.0 0.0312237888527994 8.838919675759533 0.0
-0.003822446 -0.01324913 -0.9677475 -3.625697 0.4693203 0.3452559 0.4058312 18.68455 nan 0 0.0 0.013789508300871934 3.752627607365971 0.0
-0.001737293 -0.008123106 -0.7176348 -4.06554 0.3209506 0.1975865 0.2037144 16.80137 0.5317593 0 0.0 0.008306806730331759 4.1283913571476045 0.0
-0.01055545 0.007105909 -4.387922 -2.794398 1.050261 0.6813713 0.391766 19.66795 nan 0 0.0 0.012724443697811743 5.202164901316373 0.0
0.02617699 0.01172439 -0.3918102 -3.628528 0.9491815 0.5597702 0.5173421 19.40941 0.5718575 0 0.0 0.02868267990150502 3.6496206213260085 0.0
0.04482527 0.00562117 -1.512813 -3.642745 1.615386 1.06825 0.3711571 20.38374 0.7417908 0 0.0 0.04517634760294152 3.944387697475237 0.0
-0.003196888 -0.01339885 4.243944 -1.31543 1.087226 0.6577476 0.4164099 19.66609 nan 0 0.0 0.013774950969315426 4.443131413770698 0.0
0.05433158 0.02047949 -2.560963 -3.217706 1.122134 0.7156546 0.3113571 19.84319 nan 0 0.0 0.058063156097102574 4.11244007735128 0.0
0.008630402 0.02565018 -0.6065191 -2.780042 0.7144897 0.4562506 0.3564979 19.26785 0.9049892 0 0.0 0.027063177431964715 2.8454347542034433 0.0
0.01264917 -0.040967 1.340546 -3.308562 0.5809026 0.3801862 0.3826519 19.02651 0.9604301 1 0.0271667 0.0428753611143848 3.569824377467328 0.0
0.01855068 0.01515828 -1.781848 -2.888614 0.9489277 0.5990119 0.3687108 19.61449 0.7070999 0 0.0 0.023956234700403152 3.393976007001228 0.0
0.0003479288 -0.01291245 -0.4185528 -3.732409 1.639168 0.9690163 0.2088768 20.24269 nan 0 0.0 0.012917136658422774 3.7558039604948554 0.0
-0.0004564244 0.0242179 -2.264108 -5.448993 1.920665 1.309189 0.4153031 20.57976 nan 0 0.0 0.02422220063584057 5.900653332446586 0.0
0.01360217 -0.04325968 6.5478 -0.4108134 1.122487 0.7127801 0.3418007 19.85006 2.337559 0 0.0 0.045347755649109034 6.560674697744094 0.0
0.005323092 0.01109624 -2.521819 -4.263506 1.218735 0.7647954 0.5834818 19.57654 nan 0 0.0 0.012306983813187698 4.95348912190155 0.0
0.007706123 0.002228919 0.3278314 2.087083 1.557374 0.9193939 0.2440844 19.1562 nan 0 0.0 0.008021995487389032 2.1126733954198786 0.0
-0.003852225 -0.01387569 -1.747868 -4.183424 0.9502548 0.6479634 0.3144483 19.5688 nan 0 0.0 0.014400500353346233 4.533881219132234 0.0
0.007379113 0.02608891 0.3154532 -6.389595 3.364027 1.93592 0.3340984 20.72057 0.4274197 0 0.0 0.0271124055305845 6.397377195805734 0.0
0.0213163 -0.04524575 0.07923528 -4.626531 2.675656 1.683713 0.3741094 20.78491 0.5837173 0 0.0 0.050015622946760346 4.627209453175604 0.0
-0.005341586 -0.01651072 -2.798026 -9.522288 3.35997 3.144071 0.5642761 20.69221 nan 0 0.0 0.017353282568833943 9.924863638943359 0.0
0.03272797 -0.01268565 -2.294366 -4.169117 1.534072 0.9938673 0.4147751 20.25342 nan 0 0.0 0.03510050905960482 4.758744782150541 0.0
0.01518431 0.01678452 2.69008 -0.377667 1.175367 0.7304124 0.3260248 19.1231 0.8317719 0 0.0 0.022633678044155794 2.7164614426288107 0.0
-0.005758619 -0.01644779 -2.45117 -3.747284 1.140194 0.7234129 0.3700862 19.86283 0.7090683 0 0.0 0.017426746359296707 4.477764145816079 0.0
0.009255227 0.002645624 1.846186 -1.906143 1.186003 0.747169 0.4025725 19.74834 0.5377235 0 0.0 0.00962593128849905 2.6536359741013835 0.0
0.004786853 0.01126887 0.1085579 -3.151703 1.106998 0.7057246 0.3519781 19.00488 0.6184196 0 0.0 0.012243422426777123 3.153572041013398 0.0
-0.0203272 0.0119395 -5.833188 -4.343531 2.353342 1.400936 0.4808287 20.25693 0.6178608 0 0.0 0.023574280902924696 7.272712272000384 0.0
0.04035574 -0.0004215259 1.413159 -6.275596 3.042228 1.806752 -0.3299711 20.37168 0.2996082 0 0.0 0.04035794141221738 6.432738414897423 0.0
-0.05427534 -0.05404537 -5.274169 -9.401566 2.869342 1.978082 0.5991274 20.56761 0.5825005 0 0.0 0.07659448120166687 10.779902684760982 0.0
0.0001096305 0.008470833 -7.82546 -5.145535 3.115936 1.825633 -0.04633482 20.42125 nan 0 0.0 0.008471542395598292 9.365594196196255 1.0
0.00237393 0.02923517 0.1635336 -2.584572 1.649891 1.113665 0.3840117 20.31817 0.5585556 0 0.0 0.029331394589650867 2.5897404621917155 0.0
0.03523082 -0.008177961 -3.726168 -3.14264 1.544696 0.9654125 0.4106609 20.26236 0.8659954 0 0.0 0.036167523055773684 4.874475780412085 0.0
-0.02059376 -0.007542182 -3.865313 -3.15525 1.24376 0.8079422 0.4008677 19.98539 0.6359348 0 0.0 0.021931426316104567 4.989613927997737 0.0
-0.000575598 0.02545577 -1.354525 -3.356236 0.390142 0.2788449 0.3818876 18.42422 0.9514503 1 0.9993321 0.02546227679039139 3.6192620882330417 0.0
-0.01317627 -0.007875482 6.530129 3.890892 1.26613 0.7963154 0.292792 19.62533 0.609272 0 0.0 0.015350482332657303 7.601422584773523 0.0
0.002075791 0.003654769 -0.5288108 -1.825411 0.2663201 0.1675485 0.3671977 17.2443 nan 0 0.0 0.00420312321007153 1.900464727669956 0.0
-0.02801034 -0.01574353 1.364479 -4.607086 1.472071 0.8681597 0.3003534 20.07637 0.5605431 0 0.0 0.032131571448911427 4.804897954466567 0.0
0.01268153 0.01133631 0.930241 -3.318476 1.524473 0.901752 0.3004758 20.16956 nan 0 0.0 0.017009795047471913 3.4463939532005043 0.0
0.0159589 0.01671485 46.34781 -19.79625 3.321931 2.007955 0.4245296 20.55001 nan 0 0.0 0.023110012975602157 50.39852186184234 0.0
0.02314121 0.04432985 -1.236591 -4.719486 1.467921 0.9635614 0.4047464 20.19889 0.8228226 0 0.0 0.050006511588858105 4.8788016362091415 0.0
0.04812855 -0.0129427 -1.434369 -3.461137 0.3529324 0.2526041 0.3531917 18.28674 1.004694 1 0.9983415 0.04983844709049932 3.746582944621672 0.0
0.02206223 -0.02987545 -1.066855 -3.515542 1.523956 1.001296 0.246261 20.28085 0.6191311 0 0.0 0.03713871975816345 3.673855623835673 0.0
-0.02599108 0.0470342 -0.9385158 -3.860739 0.8218271 0.5268708 0.351958 19.45227 0.8588982 1 0.9836587 0.05373780986611196 3.9731747423150976 0.0
0.01568942 -0.005442799 3.585948 -1.914737 1.647296 1.075008 0.6221228 19.50638 0.6445141 0 0.0 0.016606684223251823 4.065124947387595 0.0
0.01420143 0.02127066 -1.590698 -3.720988 0.9017051 0.5630884 0.3322179 19.56167 0.7597618 0 0.0 0.025575800884439573 4.046735946827764 0.0
-0.04511964 0.04677311 -1.103528 -2.696992 1.095484 0.71588 0.33696 19.76117 0.7462101 0 0.0 0.06498850462044577 2.9140246901575835 0.0
-0.009064335 -0.03783212 -5.714352 -2.568441 3.173197 2.791764 0.5493889 20.79686 0.5650043 0 0.0 0.03890284658847762 6.2650385434077736 0.0
0.02882512 -0.01776922 0.1698248 -2.667785 1.30766 0.8800337 0.4206165 20.10885 0.4761467 0 0.0 0.03386196572000509 2.6731848549847874 0.0
0.004250597 0.01037338 2.689716 0.1773206 2.03397 1.286625 0.2700546 19.1069 nan 0 0.0 0.011210467763693404 2.695554628613629 0.0
-0.0202375 0.007780532 -2.762937 -3.619066 0.9001763 0.5507772 0.3283234 19.52198 0.4659538 0 0.0 0.021681630115215598 4.553181259111589 0.0
-0.01311552 -0.03101162 -1.821211 -3.716045 1.421939 0.9368612 0.425401 20.2121 0.5528374 0 0.0 0.03367101780307213 4.138332991501047 0.0
0.01613733 0.01160601 -0.5104077 -3.56227 0.5959496 0.4184363 0.3224405 18.98913 0.4659805 0 0.0 0.01987744670849352 3.5986502432327723 0.0
0.01196409 -0.04135988 0.6424684 -1.830797 2.564469 1.886405 0.4082502 20.74371 0.4998436 0 0.0 0.04305553533684722 1.9402534113376944 0.0
-0.003524537 -0.01507922 -4.659432 -5.723197 1.44498 0.9786139 0.4179145 20.17891 0.5223637 0 0.0 0.015485646156126938 7.380060329254294 0.0
-0.009543245 0.02536118 -2.004643 -1.127647 1.383173 0.9999496 0.4856589 20.19472 0.4178867 0 0.0 0.02709728724655708 2.300039415761826 0.0
-0.004507516 -0.01682923 -1.103537 -3.163475 1.610015 1.0938 0.4004799 20.40319 0.4624615 0 0.0 0.017422418973356023 3.3504280302662823 0.0
-0.01517273 0.002228588 -4.282744 -4.451048 1.635121 1.1813 0.7353717 19.79361 nan 0 0.0 0.015335525427146082 6.176870119068394 0.0
0.02522218 -0.003499968 10.22894 -1.44511 2.038084 1.237217 0.3754984 19.27682 0.779129 0 0.0 0.02546385948660226 10.330515787495802 0.0
0.005174159 0.01227022 -1.135846 -3.075132 0.2105705 0.138933 0.3868246 17.33924 0.9896717 0 0.0 0.013316539347956773 3.2781981259740847 0.0
-0.00608622 -0.01928974 -1.967214 -5.429759 1.83066 1.19272 0.4968535 20.42533 nan 0 0.0 0.020227114059005055 5.77513754986641 0.0
-0.006295263 0.00237487 8.131683 -2.986473 0.6509211 0.4490105 0.2425992 18.43272 1.152719 0 0.0 0.006728323993095829 8.662752991527464 0.0
-0.01380032 -0.03629882 0.2969859 -1.65863 2.057184 1.794161 0.6005425 20.39013 0.5696278 0 0.0 0.038833660212434264 1.6850086354968066 0.0
0.003356102 -0.04793139 -9.359126 -6.158036 2.493982 2.0855 0.579804 20.61509 0.8354683 0 0.0 0.04804874158567011 11.203331953538287 0.0
0.004191021 0.01075676 -2.123836 -3.658136 2.049607 1.401911 0.5393199 20.23269 nan 0 0.0 0.011544372772915859 4.2299690719190846 0.0
0.003118335 -0.006118496 -0.9921716 -3.176963 0.3180565 0.2141516 0.5027196 16.81799 nan 0 0.0 0.0068673143567366274 3.3282876058441166 0.0
0.004250585 0.009695316 -1.183513 -3.740764 0.4554468 0.3269444 0.3837297 18.49464 0.7903099 0 0.0 0.010586152520254043 3.923521164064876 0.0
-0.006473444 -0.01993539 -3.716971 -5.834067 1.640456 1.058758 0.41054 20.11501 nan 0 0.0 0.020960087110344652 6.917529268122398 0.0
0.02409291 0.02568734 -0.9637934 -3.731012 0.3074246 0.1968131 0.3992264 17.70141 1.005665 0 0.0 0.035218003187910865 3.853485209784457 0.0
-0.04749601 0.007322046 -0.1865175 -0.6806614 1.557808 1.112475 0.4208271 20.2882 0.5166779 0 0.0 0.048057084010021 0.7057540076090323 0.0
0.006007651 -0.01626564 -0.945228 -6.748499 2.156341 1.86598 0.4771895 20.4624 nan 0 0.0 0.017339634227612793 6.814374125698191 0.0
-0.03433395 0.04838935 -2.264094 -3.039429 0.9043826 0.5770909 0.3298493 19.58196 0.8201733 0 0.0 0.05933253168393373 3.790019826712916 0.0
-0.01922363 -0.005377235 -1.673573 -3.371351 0.1460417 0.09687993 0.4086607 16.65357 0.7950764 0 0.0 0.019961528163498027 3.7638881693708703 0.0
0.0235259 0.01537341 0.9372382 -2.725913 1.193637 0.7636908 0.396081 19.89603 0.590435 0 0.0 0.02810355326000789 2.8825365786245003 0.0
-0.02166366 -0.03731026 -5.753717 -3.831064 3.544719 2.975948 0.3663694 20.82977 0.7354202 0 0.0 0.043143593566869226 6.9124750045251515 0.0
0.05944563 -0.02381122 -2.549532 -3.667052 1.265484 0.8238595 0.3782453 20.06102 0.7691154 1 0.9639036 0.06403715424646304 4.466249409709225 0.0
-0.04463099 -0.02212786 -1.692382 -2.500795 1.820799 1.62744 0.5502287 20.31852 0.5870171 1 0.962779 0.04981533354861433 3.019624557117822 0.0
-0.01657039 -0.03622937 -1.247242 -2.644104 0.6460496 0.4323719 0.3788095 19.10849 0.9642029 1 0.9925466 0.03983898938664232 2.9235079218945175 0.0
0.01044705 0.008045282 1.222503 -2.893886 0.8721262 0.5778479 0.3895842 17.13571 0.9746418 0 0.0 0.013185879423156577 3.141510745804477 0.0
0.003654451 -0.01244613 18.80767 18.45965 4.927892 2.6575 0.02064075 20.82254 nan 0 0.0 0.012971552107912954 26.353123703868583 0.0
-0.001945881 0.0005276721 -1.063609 -3.368298 0.04479621 0.02873989 0.4094926 13.46691 1.636516 1 0.9982418 0.0020161574123265798 3.5322366174543007 0.0
0.01899637 -0.0009302352 -1.382852 -2.355441 1.746421 1.158286 0.6792479 19.96649 0.76581 0 0.0 0.019019132753735617 2.7313699783048433 0.0
-0.008559633 0.01187245 1.159481 -3.319844 1.879697 1.119141 0.6048718 19.95891 0.5270977 0 0.0 0.014636337864957511 3.516498311345677 0.0
-0.0228591 0.007887124 -1.188073 -3.42992 0.9557512 0.6222618 0.324818 19.64965 0.6686592 0 0.0 0.024181504870486783 3.6298579393316484 0.0
-0.001499175 0.02510291 1.45234 -0.6203287 1.803586 1.16452 0.3304965 19.90866 0.5787544 0 0.0 0.02514763639288442 1.5792717219160513 0.0
-0.03176729 0.01386286 -0.9746623 -3.281552 1.04819 0.7568096 0.4839069 19.52203 0.7575855 0 0.0 0.03466034623779312 3.4232367910714694 0.0
-0.001201247 0.02516299 -5.689547 -4.681554 2.230925 1.421363 0.3656423 19.88963 0.5837116 0 0.0 0.02519164663326137 7.368031821329561 0.0
-0.01162774 0.003033673 1.922487 -2.305735 2.077686 1.233077 0.36397 20.06912 nan 0 0.0 0.01201696756168248 3.0020609846227306 0.0
-0.01812474 0.04181923 -4.201354 -0.7456215 2.619607 1.429062 0.4733242 20.59693 0.5962658 0 0.0 0.045578001249073005 4.267004435734542 0.0
-0.02163117 -0.06936705 -3.502458 -3.826677 1.79271 1.173171 0.4177138 20.41043 0.5047684 0 0.0 0.07266151072797344 5.1875494122073675 0.0
0.009552765 -0.007165788 -5.024095 -4.262569 1.95146 1.562365 0.5629627 20.15589 nan 0 0.0 0.011941684839509414 6.588704352813685 0.0
-0.01123711 -0.07375042 -0.7012001 -3.134911 1.098694 0.697118 0.3462413 19.84233 0.8230724 0 0.0 0.07460158906704668 3.2123742867482004 0.0
0.02945122 -0.01291795 -1.708749 -2.919636 1.098188 0.7574287 0.441092 19.726 0.6604004 0 0.0 0.032159723128330875 3.3829125790503367 0.0
-0.01356428 0.006439149 6.711008 -1.910185 1.791899 1.370084 0.3304729 20.13552 nan 0 0.0 0.015015070155100875 6.977566560792451 0.0
0.009106215 0.0009433205 8.568729 -1.830269 0.978821 0.6266406 0.3015547 19.03591 nan 0 0.0 0.00915494430304987 8.762020388460757 0.0
0.009642569 0.004506228 -3.49272 -5.401916 1.71749 1.256561 0.2530025 20.1477 nan 0 0.0 0.010643553340296886 6.432712450394157 0.0
0.01608038 0.05393865 -1.603593 -2.816965 1.338282 0.8296905 0.3875167 20.07794 0.8826046 0 0.0 0.05628460344327656 3.241419800160726 0.0
-0.0005159562 -0.002562226 -0.9886471 -3.806896 0.179593 0.1110129 0.3241182 16.42582 0.9671965 0 0.0 0.002613658905709473 3.9331768639554476 0.0
0.07000495 0.03018125 0.09193205 -3.369944 0.7611474 0.4654995 0.4144115 19.32316 0.9028053 1 0.9282247 0.07623385649476877 3.37119771964701 0.0
-0.01070426 0.003623084 -3.134259 -3.334793 0.4953927 0.3454804 0.1902542 18.60378 nan 0 0.0 0.011300792884512838 4.576507820590937 0.0
0.04697016 0.005483458 -3.294605 -1.6667 2.038233 1.35386 0.3415701 20.5827 0.3225555 0 0.0 0.04728915564971914 3.6921959585082966 0.0
0.001033079 -0.008907023 -4.948324 0.5040642 1.807895 1.154892 0.2657622 19.853 nan 0 0.0 0.00896673357152815 4.973931154197618 0.0
0.008987248 0.006471775 6.217385 -2.191917 1.987287 1.18483 0.2532508 19.88244 nan 0 0.0 0.011074949131446564 6.592448435377709 0.0
0.0340754 0.03987689 2.905102 -3.964508 1.727243 1.095769 0.1489072 20.35073 0.8881855 0 0.0 0.05245282872478947 4.914971140552913 0.0
-0.01570919 0.00603467 -3.539195 -3.852348 1.68789 1.199088 0.3779872 20.09515 0.5645447 0 0.0 0.016828425133238106 5.231298726045856 0.0
