jas1101finalproject/data/gcs/NGC_5053.ecsv
# %ECSV 0.9
# ---
# datatype:
# - {name: x, unit: deg, datatype: float64}
# - {name: y, unit: deg, datatype: float64}
# - {name: pmx, unit: mas / yr, datatype: float64}
# - {name: pmy, unit: mas / yr, datatype: float64}
# - {name: pmx_e, unit: mas / yr, datatype: float64}
# - {name: pmy_e, unit: mas / yr, datatype: float64}
# - {name: pm_corr, datatype: float64}
# - {name: g_mag, unit: mag, datatype: float64}
# - {name: bp_rp, unit: mag, datatype: float64}
# - {name: filter, datatype: int64}
# - {name: memberprob, datatype: float64}
# - {name: r, unit: deg, datatype: float64}
# - {name: pm, unit: mas / yr, datatype: float64}
# - {name: member_prob_GMM, datatype: float64}
# meta: !!omap
# - comments: [deg deg mas/yr mas/yr mas/yr mas/yr dimless mag   mag   zeroone float]
# - __serialized_columns__:
#     bp_rp:
#       __class__: astropy.units.quantity.Quantity
#       unit: &id001 !astropy.units.Unit {unit: mag}
#       value: !astropy.table.SerializedColumn {name: bp_rp}
#     g_mag:
#       __class__: astropy.units.quantity.Quantity
#       unit: *id001
#       value: !astropy.table.SerializedColumn {name: g_mag}
#     pm:
#       __class__: astropy.units.quantity.Quantity
#       unit: !astropy.units.Unit {unit: mas / yr}
#       value: !astropy.table.SerializedColumn {name: pm}
#     pmx:
#       __class__: astropy.units.quantity.Quantity
#       unit: !astropy.units.Unit {unit: mas / yr}
#       value: !astropy.table.SerializedColumn {name: pmx}
#     pmx_e:
#       __class__: astropy.units.quantity.Quantity
#       unit: !astropy.units.Unit {unit: mas / yr}
#       value: !astropy.table.SerializedColumn {name: pmx_e}
#     pmy:
#       __class__: astropy.units.quantity.Quantity
#       unit: !astropy.units.Unit {unit: mas / yr}
#       value: !astropy.table.SerializedColumn {name: pmy}
#     pmy_e:
#       __class__: astropy.units.quantity.Quantity
#       unit: !astropy.units.Unit {unit: mas / yr}
#       value: !astropy.table.SerializedColumn {name: pmy_e}
#     r:
#       __class__: astropy.units.quantity.Quantity
#       unit: &id002 !astropy.units.Unit {unit: deg}
#       value: !astropy.table.SerializedColumn {name: r}
#     x:
#       __class__: astropy.units.quantity.Quantity
#       unit: *id002
#       value: !astropy.table.SerializedColumn {name: x}
#     y:
#       __class__: astropy.units.quantity.Quantity
#       unit: *id002
#       value: !astropy.table.SerializedColumn {name: y}
# schema: astropy-2.0
x y pmx pmy pmx_e pmy_e pm_corr g_mag bp_rp filter memberprob r pm member_prob_GMM
[from data line 2260]
-0.04064488 -0.002306071 -1.196322 -0.8933071 1.134521 0.7299708 -0.4481107 19.85724 0.5454407 0 0.0 0.04071024728089282 1.493045177680304 0.0
-0.051665 0.04342735 4.260802 -0.5760878 2.615393 1.436906 -0.280314 20.55021 0.6266041 0 0.0 0.0674922732838545 4.299571006101986 0.0
-0.07815396 -0.01283558 0.1000307 -1.994285 4.534504 2.461129 -0.4192397 20.87607 0.4445267 0 0.0 0.07920096954973467 1.9967921279310699 0.0
0.01469222 0.04468509 -1.439697 -2.922376 1.972561 1.590813 -0.3531421 20.67406 0.4524555 0 0.0 0.04703847995882201 3.257761338278941 0.0
-0.0468256 0.04319523 0.3710936 -1.50862 1.132376 0.7503668 -0.4062457 19.909 0.448761 0 0.0 0.0637060806368819 1.5535909256818412 0.0
-0.03302897 -0.00925992 0.5124231 0.9487438 2.887061 1.497564 0.4844491 19.95688 0.7408466 0 0.0 0.03430246314286045 1.0782820741587287 0.0
-0.03598057 -0.01199258 -4.542608 -0.3432301 1.495449 1.110868 -0.4077275 20.35583 0.5632629 0 0.0 0.03792655260607402 4.555556425203184 0.0
-0.06075605 -0.02304662 0.6787429 -1.164203 1.324723 0.9528989 -0.4950397 19.95318 0.6655807 0 0.0 0.06498033783404715 1.347612907889135 0.0
-0.04891578 -0.0006751323 -0.7601202 -1.224816 0.3369918 0.2293513 -0.4060119 18.16376 0.9120693 1 0.9999319 0.04892043884340065 1.441512036822461 0.0
0.0265689 0.02197756 -0.4740514 -1.25522 0.3168969 0.2131187 -0.3165184 17.91035 0.870533 1 0.9999772 0.03448071331575958 1.3417533224262796 0.0
0.008866432 0.006768526 -0.7526991 -1.473236 1.264252 0.8397634 -0.2734601 19.65183 0.3373241 0 0.0 0.011154665419603586 1.6543821344649516 0.0
-0.03183713 -0.01042934 -0.4162423 -1.431267 0.5521706 0.3829676 -0.388095 18.91243 0.2548351 0 0.0 0.0335018503887845 1.4905646170489524 0.0
-0.06730511 -0.002462088 0.6932484 0.3452562 1.777939 1.087042 -0.5361461 20.41936 0.4284344 0 0.0 0.06735012776106548 0.7744644522126242 0.0
-0.04114303 0.04405406 0.4577043 -1.394116 1.034284 0.6792115 -0.4216973 19.80274 0.6227608 1 0.9994891 0.060278595870047434 1.4673284048550583 0.0
0.0004501652 -0.0002259394 3.781476 -5.465351 3.355376 3.297835 -0.6112686 20.84797 nan 0 0.0 0.0005036837497511708 6.646023043277611 0.0
0.04861095 0.04790304 -1.555892 -1.157801 1.029611 0.8264492 -0.4199625 19.8194 0.5948181 1 0.9986481 0.06824753256451181 1.9394079177071029 0.0
-0.01660283 -0.01884852 -0.3512889 -1.300178 1.129589 0.8045526 -0.357711 19.95989 0.534544 0 0.0 0.025118134289777574 1.3467986942922132 0.0
-0.08012857 -0.007265249 0.140079 -0.5847115 2.036559 1.288175 -0.4286651 20.6252 0.6152191 0 0.0 0.08045726550956663 0.6012567375699419 0.0
-0.03029532 -0.005382762 3.100057 -1.477879 3.157435 1.850074 -0.4025227 20.62618 0.3166676 0 0.0 0.030769799164944902 3.4343092088351628 0.0
0.005465028 0.006880924 1.677458 -1.001046 1.035564 0.7780858 -0.3075318 19.87472 0.5435696 0 0.0 0.00878712957310634 1.9534478329046823 0.0
-0.09658736 0.04134591 0.2215298 -1.01435 0.4872956 0.3195015 -0.3559909 18.63901 0.8629932 1 0.9988961 0.10506475329765783 1.038258818786549 0.0
-0.01146879 0.01456782 -0.2128828 -2.006866 1.152542 0.7712444 -0.3995583 19.99256 0.4643002 0 0.0 0.0185406182102027 2.0181254243708047 0.0
-0.01523555 -0.01051735 -1.178217 -2.855316 1.229276 0.8561233 -0.3306174 20.00974 0.4335155 0 0.0 0.018513147620677583 3.0888549268207792 0.0
-0.03807624 -0.02279919 -1.886586 -2.675999 1.510992 1.058823 -0.4667134 20.35915 0.5014782 0 0.0 0.044380210873695716 3.274168197175735 0.0
-0.008693715 -0.009426779 -0.3796876 -1.15398 1.005141 0.7744592 -0.4369211 19.76022 0.3621731 0 0.0 0.01282360490720398 1.2148384723878973 0.0
0.01322449 0.04354629 -0.5429356 -1.200528 0.6749605 0.4937921 -0.2305626 19.11622 -0.2262516 0 0.0 0.045510070407814136 1.3175911902146886 0.0
-0.02760554 -0.002375307 -0.07876234 -0.1825117 1.147017 0.7736095 -0.4023133 19.96566 0.6911488 0 0.0 0.027707542692123548 0.19878135435489316 0.0
-0.02957311 0.054649 -0.2073984 -4.278207 2.104203 1.47975 -0.4204459 20.69442 0.632103 1 0.9806724 0.06213760565126484 4.283231167141409 0.0
-0.02609602 -0.0181474 -0.7912447 0.4163913 1.770409 1.272818 -0.4975035 20.46279 0.2240448 0 0.0 0.031785694684879864 0.8941196172737628 0.0
-0.01915491 0.04297843 -0.9100326 -1.109365 1.315582 0.8447581 -0.3855053 20.14077 0.5634422 0 0.0 0.04705375672964912 1.4348693446748941 0.0
0.04381233 0.05964535 -0.3191298 -1.276763 0.06361132 0.04533028 -0.3516744 14.73694 1.217314 1 0.9999968 0.07400735123385649 1.316042395752143 0.0
-0.01002855 0.03681886 -0.07515942 -0.567267 0.9488206 0.6487869 -0.3621198 19.77076 0.5214844 0 0.0 0.03816019217459603 0.5722244207509292 0.0
0.008631863 0.04816179 -0.5822463 -1.548189 0.561268 0.3855815 -0.3294698 19.02996 0.8039837 0 0.0 0.04892920472330272 1.6540556017210215 0.0
-0.09899534 -0.003130241 0.7167707 0.5944773 3.403775 2.744569 -0.5749506 20.88542 0.6764603 0 0.0 0.09904481687818743 0.9312161384951294 0.0
-0.03987792 -0.01797893 -0.7110591 -0.7962635 1.475938 0.9789636 -0.4731252 20.25176 -0.4213448 0 0.0 0.04374346153965527 1.0675395098660565 0.0
-0.03012276 -0.01656939 -0.8774479 -0.2261842 1.330736 0.9415228 -0.4230373 20.11214 0.4608383 0 0.0 0.03437914127766573 0.9061313975048265 0.0
-0.02925903 0.02023657 -6.244049 2.126496 3.960696 3.534806 -0.5680747 20.88276 nan 0 0.0 0.03557540726268359 6.596221126707094 0.0
-0.0315613 -0.01258278 -3.430746 -0.3904061 1.256518 0.8427397 -0.4222423 20.08141 0.5454502 0 0.0 0.0339770806606218 3.4528879274359907 0.0
-0.04408723 0.009222757 -1.585958 0.6532681 1.880169 1.370307 -0.4955494 20.57733 0.3562622 0 0.0 0.0450415707514064 1.7152323423494584 0.0
-0.0772056 -0.0048709 0.504041 -1.697692 0.9155803 0.6074243 -0.4540429 19.59817 0.7579365 1 0.9992052 0.07735909990537636 1.7709363219904322 0.0
-0.008809679 -0.002611817 0.01900281 -1.076716 0.2491579 0.1749144 -0.3119743 17.57322 0.9057121 1 0.9999406 0.009188690446659415 1.0768836759111433 0.0
0.008066061 0.02669074 -0.5315638 -0.3559948 1.451209 0.9497055 -0.4792269 20.20018 0.3908882 1 0.9995435 0.027882914872791206 0.6397596197772099 0.0
-0.1286933 -0.002464818 -5.332443 -0.522751 2.210583 2.027721 -0.4600127 20.63187 0.3132229 0 0.0 0.12871690173657507 5.358004941790367 0.0
-0.02837758 -0.01251084 0.8683259 -2.165593 2.611123 1.756915 -0.5928158 20.64564 0.1637306 0 0.0 0.031013032166526382 2.3331915717016916 0.0
0.01530407 0.02743317 2.242437 -2.615887 1.934296 1.472661 -0.2227944 20.66032 0.7979908 0 0.0 0.03141326749661359 3.4454881360611296 0.0
0.02499637 0.04192057 0.1742107 -1.594444 0.8752786 0.5769421 -0.3701177 19.64338 0.6284428 1 0.9997253 0.04880730173141924 1.603932990224495 0.0
-0.04275069 0.006124899 0.1844044 -1.386664 1.51535 1.012872 -0.4743241 20.32604 0.4789581 0 0.0 0.04318721898011379 1.3988716994904715 0.0
-0.05807902 0.07280628 -0.3334396 -1.240373 0.04890906 0.03388178 -0.3701686 13.71523 1.407581 1 0.9999963 0.09313391955457904 1.2844092595341874 0.0
0.04208719 0.04208589 -0.5634291 -1.224214 0.7233112 0.43826 -0.2338231 19.21189 0.8172493 1 0.9997875 0.05951935566845629 1.347646937637158 0.0
-0.04330712 -0.01072449 -1.019631 -0.5057117 1.165909 0.8515519 -0.4252011 20.02332 nan 0 0.0 0.044615258919505324 1.138152757619947 0.0
-0.04587625 0.06158564 -1.324765 -0.3163269 1.964533 1.154363 -0.3478878 20.22947 0.3624306 0 0.0 0.07679467018141363 1.362007713960758 0.0
0.02716392 0.02791523 -0.5578695 -1.627995 1.627199 1.214954 -0.2268525 20.42458 0.6330967 0 0.0 0.03895046361366319 1.7209259423505854 0.0
-0.0006981872 0.00700482 -0.9759328 -5.14659 2.065217 1.475438 -0.4619432 20.60327 nan 0 0.0 0.007039529004034563 5.238304444972232 0.0
0.02301999 0.04107154 0.9494186 -1.331496 1.445061 0.986822 -0.4567744 20.26175 0.6459064 0 0.0 0.047082813611462306 1.6353217652932892 0.0
-0.02894495 -0.01502463 -3.396187 0.06843878 3.546698 2.280875 -0.461135 20.73622 0.3039894 0 0.0 0.03261210875026943 3.3968765072602927 0.0
-0.01094569 0.01175445 0.9301704 -1.37194 0.9651733 0.6538289 -0.4170875 19.77099 0.5470505 0 0.0 0.01606160715428565 1.6575392413563426 0.0
0.00664122 0.03969308 -0.4715658 -1.283907 0.3512502 0.2426331 -0.3338647 18.27755 0.8550968 1 0.9999667 0.04024483076091637 1.3677687993146501 0.0
-0.03333057 0.08858518 -5.269752 -9.953013 0.3136278 0.2034877 -0.3471474 17.96836 0.8838673 1 0.0 0.09464809037776356 11.262004880112288 0.0
-0.04512289 -0.005207986 -0.4483806 -1.192206 0.4610149 0.2949978 -0.4992613 18.43014 0.8672085 1 0.9999471 0.04542244291237863 1.273734787501841 0.0
-0.03038409 -0.01454184 -0.4328235 -1.162854 3.115033 2.078089 -0.4523579 20.81711 0.2618179 0 0.0 0.033684685477434695 1.2407923305163722 0.0
-0.03127582 0.04053682 0.6903886 -1.976962 2.5562 2.344879 -0.5747535 20.73806 0.7861938 0 0.0 0.05119971379202037 2.09404278095123 0.0
-0.02923239 0.005313473 -2.291741 -0.9581596 1.026836 0.6925374 -0.4373399 19.83229 0.5161877 0 0.0 0.029711371904269736 2.483977985037943 0.0
-0.02394152 0.003487357 1.132159 -2.312692 1.735 1.106896 -0.4011523 20.45727 0.4680214 0 0.0 0.024194173653089478 2.574942385403021 0.0
-0.006787484 0.03963586 -0.004201984 -1.117386 0.3782514 0.257125 -0.3501072 18.23126 0.9236794 1 0.9999334 0.04021282552855315 1.1173939008539182 0.0
-0.1064566 -0.03431113 -0.8793222 -1.688152 0.5330816 0.4042143 -0.4914882 18.72508 0.9261799 1 0.9966302 0.11184927950343221 1.9034349756471431 0.0
-0.02928058 -0.02279512 -5.345679 -0.4990378 4.25223 2.205381 -0.5996949 20.84123 nan 0 0.0 0.037107544528718145 5.368921930599274 0.0
0.01280324 0.04065662 -0.1255159 -1.345255 1.00283 0.7314518 -0.3304804 19.8477 0.5737476 1 0.9997187 0.04262491881894909 1.3510977966741748 0.0
-0.08180967 0.004120474 -0.9338993 -3.735957 2.145949 1.379769 -0.4512366 20.64335 0.6690483 0 0.0 0.08191337138400284 3.8509145158506817 0.0
-0.01260202 0.02195124 2.208674 -0.3945047 1.39581 0.9176315 -0.4172269 20.20283 0.4616699 0 0.0 0.02531141729769394 2.243629826107259 0.0
-0.03074795 -0.01698509 -1.37335 -0.8931442 1.522764 1.080504 -0.3745059 20.30105 0.2263031 0 0.0 0.03512733567338405 1.6382297715807879 0.0
-0.02502061 -0.02102956 -1.434872 -0.3848631 0.8189859 0.5684248 -0.4244259 19.52397 0.5122337 0 0.0 0.03268445071537381 1.4855898700938996 0.0
0.001946961 0.04213437 -1.144937 -1.447208 1.220434 0.8781972 -0.4909967 19.96769 0.5431614 0 0.0 0.042179328970864634 1.8453432551243685 0.0
0.04763889 0.04180308 -7.926214 -7.605776 1.796968 1.443118 -0.2995772 20.64242 1.4133 0 0.0 0.06337950250608236 10.985112513578184 0.0
-0.011964 -0.0005516979 -0.3217514 0.6055115 1.625566 1.206839 -0.4625189 20.35647 0.2934532 0 0.0 0.011976713513016182 0.6856880777979226 0.0
-0.001541301 0.003226368 -0.6038901 -1.226674 0.685917 0.4854508 -0.3136476 19.22648 0.6660042 0 0.0 0.0035756201202064236 1.3672645519993598 0.0
-0.08065852 0.0103608 3.821086 -1.564607 4.291181 2.472402 -0.4703947 20.89042 0.6449375 0 0.0 0.08132123354469237 4.129006331291465 0.0
-0.07438488 -0.003487355 -0.5888651 -0.0343701 1.247814 0.9005999 -0.4389333 20.06061 0.5798206 0 0.0 0.07446658322704504 0.5898672814896755 0.0
-0.06643517 -0.008569743 -2.515861 -1.385528 1.277321 0.8475458 -0.4628859 20.09478 0.4410343 0 0.0 0.06698561269418193 2.8721497889394625 0.0
0.01489615 0.03897832 -0.4814545 -1.787657 0.6403464 0.5171761 -0.3761092 19.17314 0.806366 0 0.0 0.04172774514450667 1.8513551753294801 0.0
0.00406886 0.03874124 -1.780063 -0.9003643 1.045549 0.6980044 -0.4159497 19.76909 0.5548229 1 0.9994317 0.038954323231667115 1.9948133137422885 0.0
-0.03169407 -0.02359388 -0.9805664 -0.9817789 3.740685 1.954231 -0.565836 20.83533 nan 0 0.0 0.039511836791261676 1.3875879335358066 0.0
-0.01644114 0.0004385702 -0.6817851 -2.037538 1.139887 0.7719483 -0.4271553 19.96148 0.1586246 0 0.0 0.016446988427062506 2.1485790709271115 0.0
-0.02919777 0.03938634 1.256296 0.8394452 1.518942 0.9622554 -0.438327 20.28405 0.6964283 0 0.0 0.04902849734153088 1.5109427134802431 0.0
-0.02756546 -0.02542753 2.169044 -1.364439 1.260407 0.8295572 -0.4071065 19.80444 nan 0 0.0 0.03750218482852032 2.5625076894825116 0.0
-0.03269856 -0.03096751 0.188785 -2.307159 0.8018955 0.5712445 -0.4398249 19.50132 0.6042042 1 0.9992166 0.04503534724717575 2.314869851094441 0.0
-0.05809903 0.01110358 -3.247536 -2.367915 2.429321 3.752266 -0.3409126 20.93927 0.6260586 0 0.0 0.059150543325968696 4.019143132375482 0.0
0.004592957 0.003684184 -1.872425 -2.495008 1.245127 0.9001381 -0.4119204 19.9608 0.5051498 0 0.0 0.005887993355100276 3.119461540184299 0.0
0.003196888 0.03730308 -1.966692 -2.562746 1.638746 1.168511 -0.3670912 20.38463 0.4064827 0 0.0 0.03743981664446214 3.2304093368147635 0.0
-0.120165 -0.009543179 -1.512852 -2.871993 1.541983 1.060421 -0.4929663 20.25582 0.6153603 0 0.0 0.12054335108344234 3.246084559273372 0.0
0.05522401 0.09251972 -0.3952067 -1.30654 0.07732093 0.04500547 -0.3577293 14.88165 1.204423 1 0.9999792 0.10774780679604806 1.3650037023117887 0.0
-0.02704196 -0.02466276 2.31649 -2.414262 0.9380353 0.691625 -0.3809148 19.72173 0.3916626 0 0.0 0.036599444414624656 3.3458611633993423 0.0
-0.02792672 -0.01120819 -0.081114 -1.340977 0.2006562 0.1415234 -0.3828739 17.21085 -0.006948471 1 0.9999832 0.03009194598284564 1.343428001615643 0.0
-0.01337424 -0.003347771 -5.143582 -0.6794941 0.561482 0.3924957 -0.3758112 18.22081 0.8346367 0 0.0 0.013786872968372525 5.188270234158859 1.0
-0.04716569 0.07618481 -2.664412 -0.7574165 3.04714 2.130618 -0.5806854 20.7501 0.4860802 0 0.0 0.08960316728727953 2.7699767255730237 0.0
-8.768086e-05 0.006095013 2.16825 -1.762895 1.062045 0.7412463 -0.3828903 19.84887 0.4269981 0 0.0 0.006095643641436016 2.7944779196703275 0.0
-0.04937044 0.03748913 0.0210331 0.4371573 1.174733 0.7667293 -0.4406266 19.97287 0.6765976 0 0.0 0.06199092848111327 0.4376629939107258 0.0
-0.03443477 0.01319175 0.8240295 -1.064284 1.93106 1.412189 -0.4989203 20.53616 0.4375877 0 0.0 0.03687513597283948 1.3460033616325964 0.0
-0.04724665 -0.0104393 1.800107 -1.687329 1.165442 0.8019017 -0.525883 19.87902 0.5517845 1 0.9986305 0.04838620589292469 2.467278736926576 0.0
-0.02561231 0.009613991 -1.242446 -1.125436 0.5622231 0.38607 -0.4017743 18.99166 0.718483 0 0.0 0.027357252173494707 1.676388455284753 0.0
0.03238014 0.03652014 -2.566262 -2.255591 1.202765 0.8486168 -0.2652552 19.84805 0.6685963 0 0.0 0.048807725741312716 3.4166345154149864 0.0
0.01916922 0.03631225 -0.4918064 0.8256936 1.101592 0.7924276 -0.3374286 20.01781 0.3331642 0 0.0 0.041061399092954684 0.961063710771518 0.0
-0.08718036 -0.01001427 1.440945 -0.7633772 2.019587 1.334922 -0.4785388 20.46445 0.8524971 0 0.0 0.08775363680989239 1.6306646628000618 0.0
-0.02373394 0.03431008 -1.606766 -0.9226364 1.334727 0.873526 -0.4048394 20.15207 0.5003319 0 0.0 0.04171907833989145 1.8528234954687293 0.0
-0.0001022194 0.001496396 0.2654237 -2.465664 1.387903 0.9723348 -0.3304368 20.24714 0.4841442 0 0.0 0.0014998832603080683 2.479909010713435 0.0
-0.03146232 0.05439755 -2.482449 -2.420275 2.547902 1.658564 -0.4382434 20.74586 0.6555042 0 0.0 0.06284083883737471 3.4670281385108486 0.0
-0.04339442 -0.0110716 0.8847787 -1.565461 0.4935401 0.3980624 -0.296061 18.69759 0.7997112 0 0.0 0.04478455106056552 1.798193952413001 0.0
0.01119035 0.03597016 -1.549357 -4.266389 1.245733 0.8943263 -0.3313899 20.08059 0.5159035 0 0.0 0.037670629720620546 4.539006742974722 0.0
-0.00042201 0.005107007 -0.1315887 -0.8550134 0.677475 0.4726197 -0.3196036 19.25078 0.6832256 0 0.0 0.005124413423812427 0.8650800541841489 0.0
-0.009025772 0.03625423 1.66184 -1.454003 1.257189 0.8287231 -0.3402758 20.06885 0.5067635 0 0.0 0.03736085857001795 2.2081297311546257 0.0
-0.0328982 -0.009624247 1.038294 -0.1887258 1.197416 0.7571857 -0.4410205 19.77386 0.3563976 0 0.0 0.03427707241811951 1.0553065232536185 0.0
-0.02473917 0.01681792 -1.567179 -2.815861 1.501509 1.000479 -0.4444328 20.35053 nan 0 0.0 0.029914360521583944 3.2225957222962363 0.0
0.04380324 0.0373866 -0.4209956 -0.5564432 1.098828 0.7730263 -0.2930732 20.00668 0.6372223 1 0.9993571 0.05758890252520532 0.6977580741529259 0.0
