jas1101finalproject/data/gcs/NGC_6553.ecsv
# %ECSV 0.9
# ---
# datatype:
# - {name: x, unit: deg, datatype: float64}
# - {name: y, unit: deg, datatype: float64}
# - {name: pmx, unit: mas / yr, datatype: float64}
# - {name: pmy, unit: mas / yr, datatype: float64}
# - {name: pmx_e, unit: mas / yr, datatype: float64}
# - {name: pmy_e, unit: mas / yr, datatype: float64}
# - {name: pm_corr, datatype: float64}
# - {name: g_mag, unit: mag, datatype: float64}
# - {name: bp_rp, unit: mag, datatype: float64}
# - {name: filter, datatype: int64}
# - {name: memberprob, datatype: float64}
# - {name: r, unit: deg, datatype: float64}
# - {name: pm, unit: mas / yr, datatype: float64}
# - {name: member_prob_GMM, datatype: float64}
# meta: !!omap
# - comments: [deg deg mas/yr mas/yr mas/yr mas/yr dimless mag   mag   zeroone float]
# - __serialized_columns__:
#     bp_rp:
#       __class__: astropy.units.quantity.Quantity
#       unit: &id001 !astropy.units.Unit {unit: mag}
#       value: !astropy.table.SerializedColumn {name: bp_rp}
#     g_mag:
#       __class__: astropy.units.quantity.Quantity
#       unit: *id001
#       value: !astropy.table.SerializedColumn {name: g_mag}
#     pm:
#       __class__: astropy.units.quantity.Quantity
#       unit: !astropy.units.Unit {unit: mas / yr}
#       value: !astropy.table.SerializedColumn {name: pm}
#     pmx:
#       __class__: astropy.units.quantity.Quantity
#       unit: !astropy.units.Unit {unit: mas / yr}
#       value: !astropy.table.SerializedColumn {name: pmx}
#     pmx_e:
#       __class__: astropy.units.quantity.Quantity
#       unit: !astropy.units.Unit {unit: mas / yr}
#       value: !astropy.table.SerializedColumn {name: pmx_e}
#     pmy:
#       __class__: astropy.units.quantity.Quantity
#       unit: !astropy.units.Unit {unit: mas / yr}
#       value: !astropy.table.SerializedColumn {name: pmy}
#     pmy_e:
#       __class__: astropy.units.quantity.Quantity
#       unit: !astropy.units.Unit {unit: mas / yr}
#       value: !astropy.table.SerializedColumn {name: pmy_e}
#     r:
#       __class__: astropy.units.quantity.Quantity
#       unit: &id002 !astropy.units.Unit {unit: deg}
#       value: !astropy.table.SerializedColumn {name: r}
#     x:
#       __class__: astropy.units.quantity.Quantity
#       unit: *id002
#       value: !astropy.table.SerializedColumn {name: x}
#     y:
#       __class__: astropy.units.quantity.Quantity
#       unit: *id002
#       value: !astropy.table.SerializedColumn {name: y}
# schema: astropy-2.0
x y pmx pmy pmx_e pmy_e pm_corr g_mag bp_rp filter memberprob r pm member_prob_GMM
[from data line 5212]
-0.04121911 -0.0378633 -2.029093 -6.7012 0.6566944 0.5348635 0.1885786 18.76301 2.236355 0 0.0 0.05597003230374358 7.0016640766784155 0.0
-0.07748261 -0.05965012 -4.047589 -2.659626 0.7073486 0.6478917 0.5182448 19.03485 1.984797 0 0.0 0.0977839029105839 4.843200096299657 0.0
-0.05642297 -0.03537669 -4.295295 -8.358857 0.2437225 0.2012057 0.2578228 17.19051 2.133792 0 0.0 0.066596259196572 9.397874732271866 0.0
0.04705345 0.01283566 -2.189316 0.1423279 0.3844908 0.304394 0.04857839 17.56812 nan 0 0.0 0.048772751865545784 2.1939375057130523 0.0
-0.07322971 -0.06002505 -2.284292 -5.356325 0.5133546 0.4506679 0.4584121 18.27559 2.16279 0 0.0 0.09468683675245784 5.823075428576295 0.0
-0.07565403 -0.001861985 -3.120507 -7.441138 0.1677918 0.142055 0.2827831 16.10012 2.890345 1 0.0 0.07567693997104484 8.06895895838447 0.0
-0.0869521 -0.01722584 -4.579628 -5.98639 0.8355219 0.7359446 0.1662962 17.97647 2.203793 0 0.0 0.08864196104619754 7.537231444667465 0.0
0.03039189 0.02324381 -1.915693 -3.402612 0.6107348 0.4761233 0.09416224 18.25261 2.070305 0 0.0 0.038261490837239995 3.9048236954813977 0.0
-0.05746554 -0.0358464 -7.989172 -5.463677 0.8342626 0.783682 0.5519598 18.93058 1.610863 0 0.0 0.0677292601498909 9.678772422467272 0.0
-0.08856269 -0.02887522 -8.795279 -13.00479 1.041645 0.9007668 0.2358856 19.14589 2.576248 0 0.0 0.09315110514687681 15.699729157916739 0.0
0.05038566 0.03706715 0.2400835 -4.121059 0.2661166 0.2117656 0.5145763 16.79098 2.200364 0 0.0 0.06255148553598147 4.128046434871251 0.0
0.05452432 0.02047519 -1.070275 -1.015478 0.8371907 0.7280343 0.1824842 19.05605 1.671799 0 0.0 0.05824203702651977 1.4753589882157496 0.0
-0.0659861 -0.01172671 -0.01762748 -5.406562 0.4424093 0.3737719 0.4004021 18.41713 1.583014 0 0.0 0.06702000537626135 5.406590736119681 0.0
-0.04673263 -0.04352064 -6.30298 -9.359832 0.8247283 0.723622 -0.08792152 18.84137 2.165028 0 0.0 0.06385910125210423 11.284237322416788 0.0
0.02459746 0.0172599 -1.149655 -4.37108 0.111573 0.0906107 0.1323281 15.52192 1.300113 1 0.0 0.03004894651167658 4.5197397032821485 0.0
-0.0587766 -0.04818759 -2.464745 -8.967799 0.8789781 0.8043015 0.4662647 18.83057 1.720682 0 0.0 0.07600481917331361 9.300343371049587 0.0
-0.08407874 -0.04374353 2.618315 1.814955 1.047856 0.8693912 0.423273 19.20995 1.868296 0 0.0 0.09477727014874664 3.1858491946810665 0.0
0.03818506 0.00995877 -0.7318466 -0.7320462 0.5895535 0.4718393 0.1542129 18.12319 1.603882 0 0.0 0.03946233529729963 1.0351285354321944 0.0
-0.08813165 -0.01808884 2.789733 -1.408855 0.6354045 0.5580107 0.1999627 18.85689 1.798367 0 0.0 0.0899688494106049 3.1252972054372687 0.0
-0.07103741 -0.01018851 -1.778376 -8.307724 1.743129 1.486575 0.4262888 19.55131 2.042366 0 0.0 0.07176433205658783 8.495934278085725 0.0
0.0597987 0.02635872 -0.9479985 -1.156382 0.6102574 0.5131329 0.2719604 18.72129 1.659742 0 0.0 0.06535033773232087 1.495299463628022 0.0
-0.06188737 -0.02889635 -0.3005211 -1.043737 0.5690507 0.4744655 0.4095675 18.31503 1.68058 0 0.0 0.06830113914745053 1.086139888188538 0.0
0.05018507 0.01736623 -6.311766 -4.947837 0.5954938 0.4824963 0.09391422 18.34861 2.072048 0 0.0 0.05310486978910502 8.019942706611127 0.0
0.04466728 0.01885237 -1.213668 -2.234368 0.456902 0.3781669 0.2729267 18.42436 2.508219 0 0.0 0.04848275731861071 2.5427131913859258 0.0
0.03653931 0.01453311 1.24708 -5.099372 1.66814 1.340773 0.3016438 18.98613 nan 0 0.0 0.03932343399994716 5.2496479235072515 0.0
-0.07771235 -0.002509914 2.183389 -3.320132 0.9347592 0.6999301 -0.196301 18.9118 1.898199 0 0.0 0.0777528713991316 3.9737216841073555 0.0
-0.0781447 -0.05420889 -2.579539 -4.280007 1.008789 1.019018 0.6179438 19.27277 1.820133 0 0.0 0.09510624528979209 4.997247379565074 0.0
0.03083057 0.0209072 -0.2210152 -2.271359 0.7007301 0.5630498 0.1318323 18.27856 1.868441 0 0.0 0.037250973925051944 2.282086638476296 0.0
-0.0591726 -0.02460342 -2.794222 -2.10148 0.6491898 0.5454729 0.1879045 18.87008 nan 0 0.0 0.06408373324375227 3.496268693290606 0.0
-0.04621757 -0.02744912 -8.380292 -8.733153 1.15957 1.055311 0.03492001 19.26768 nan 0 0.0 0.05375423672120459 12.103605054969076 0.0
0.04429204 0.04320935 -0.7974222 -8.216378 0.1957738 0.1648397 0.189314 16.8399 2.247733 0 0.0 0.061877562450246046 8.254983319422085 0.0
-0.0445091 -0.04580478 -2.907669 -5.096602 0.8841838 0.6436944 -0.1821962 18.84294 nan 0 0.0 0.0638681286218596 5.867698949329711 0.0
-0.06455776 -0.01366569 -2.403851 -4.45147 0.1710517 0.142478 0.2021376 15.33882 3.73013 1 0.0 0.06598829789738254 5.0590596745937875 0.0
-0.05903196 -0.03142975 5.204156 -3.253646 0.761106 0.6075682 0.2258096 18.71464 nan 0 0.0 0.06687751106690575 6.137544457325911 0.0
0.04790787 0.02112466 -6.217221 -7.781749 1.395236 1.148364 0.08961332 18.6763 nan 0 0.0 0.052358526221165734 9.960394292488727 0.0
-0.08619745 -0.0358124 -0.2484193 -2.805638 0.2327738 0.1982894 0.2781339 17.0671 2.584346 1 0.0 0.09334092553785021 2.8166144101840582 0.0
-0.08961667 -0.01425428 -0.8470698 -0.7325237 0.6460775 0.5658928 0.3708362 18.96855 1.598728 0 0.0 0.09074322035395978 1.1198741970122046 0.0
0.04183685 0.0115845 0.3835737 -0.03851683 0.2771721 0.2270857 0.164039 17.37484 1.869263 0 0.0 0.04341108911525372 0.38550269716947366 0.0
-0.07084627 -0.008519462 -4.517354 -9.581794 0.2299393 0.2072013 0.3386695 16.99126 2.349927 0 0.0 0.07135667597136476 10.593265002809662 0.0
-0.05917652 -0.01679855 3.255892 -4.387384 0.8581489 0.7255617 0.4078985 18.73155 2.064363 0 0.0 0.061514647047779605 5.463512705130281 0.0
-0.07943269 -0.05655388 1.221696 -6.822792 0.5705015 0.5110208 0.5430135 18.44182 1.736071 0 0.0 0.09750842827002444 6.931308086622611 0.0
-0.0564006 -0.02478135 -2.129845 -4.058188 0.181306 0.1516896 0.202195 16.60523 2.670603 0 0.0 0.06160473186519442 4.58313534246688 0.0
0.04065721 0.0140206 -1.895698 -5.418587 0.4804128 0.3797259 0.09124532 18.28474 1.604317 0 0.0 0.04300681282476185 5.740623309691466 0.0
0.06207651 0.02429951 -0.3876182 -7.729821 0.183079 0.1466432 0.04711017 16.5657 2.138639 1 0.0 0.06666302783417657 7.739533613920948 0.0
0.02429276 0.004160295 3.265682 -1.782624 0.872125 0.6905206 0.1831493 18.52886 1.506714 0 0.0 0.024646424546059923 3.7205412577338794 0.0
-0.09375677 -0.01979644 -3.639545 -7.765983 0.244254 0.2132602 0.3568151 17.52547 2.409605 0 0.0 0.09582395816029779 8.576524923494015 0.0
-0.08275186 -0.01855606 -6.24247 -6.94569 0.5773878 0.5177892 0.4303904 18.89914 1.422569 0 0.0 0.08480682576410462 9.338685200658603 0.0
-0.05293756 -0.03592248 -0.9597859 -4.267893 0.2326762 0.2007375 0.3136732 17.27434 2.290517 0 0.0 0.06397507192730618 4.374482784660126 0.0
0.01539803 0.0006122152 -0.3542303 -1.261692 0.5313493 0.4302256 0.01805442 17.49927 1.886069 0 0.0 0.015410195823934589 1.3104754130856824 0.0
-0.04794783 -0.0243065 5.861991 1.372878 1.713923 1.281403 0.1905108 19.41387 nan 0 0.0 0.05375686322655834 6.020608979743245 0.0
0.0417272 0.01203277 -4.708965 -3.709034 0.4358994 0.3982939 0.5258039 17.81197 nan 0 0.0 0.04342748868761467 5.994270980226119 0.0
-0.07196957 -0.05685426 -5.495962 -7.528148 1.598408 1.874597 0.8584236 19.42865 0.930088 0 0.0 0.09171709702194296 9.320869627633893 0.0
-0.07294723 -0.02884545 -5.782725 -4.471696 1.047618 0.8526282 0.3665614 18.44845 nan 0 0.0 0.07844334484438689 7.3099913503396845 0.0
-0.08289902 -0.04344325 -7.028399 -3.85039 0.5834253 0.5061577 0.3728576 18.80688 2.448668 0 0.0 0.0935925397001433 8.013981261227219 0.0
0.06040122 0.02338676 -1.372027 -3.774046 0.2572993 0.2194557 0.210429 17.36892 2.057652 0 0.0 0.06477073352051835 4.015704334091966 0.0
0.04827027 0.034516 -0.4130183 -4.716351 0.9290267 0.895396 0.2974009 19.07089 nan 0 0.0 0.05934115959326123 4.734400793272143 0.0
-0.06875764 -0.01289941 -3.40579 -6.578 0.2232961 0.192296 0.2687802 16.77564 2.344846 0 0.0 0.06995718574040624 7.407394246568763 0.0
-0.06403903 -0.008563253 -6.463611 -11.03086 0.5812768 0.4878448 0.3870157 18.63378 nan 0 0.0 0.06460902928602866 12.785074872636493 0.0
-0.04643492 -0.03304155 -1.45896 2.249764 1.172509 1.028681 -0.1340691 19.24981 1.811819 0 0.0 0.05699075207267316 2.6814179713905104 0.0
0.01817178 0.008616963 -1.077714 0.6219475 0.3797588 0.3132999 0.2355763 17.30383 1.925586 0 0.0 0.020111331127296593 1.2443014741421188 0.0
-0.061237 -0.01296202 -3.839704 -5.73619 0.1343692 0.1143404 0.2806793 15.76154 2.294561 1 0.0 0.06259380266033052 6.902695308625175 0.0
-0.06296659 -0.01220762 -2.026668 -1.404451 1.328453 1.110676 0.5033077 19.51984 1.950861 0 0.0 0.06413904771894029 2.465738387101316 0.0
-0.06219522 -0.01758403 7.215446 -1.132111 2.099077 1.572332 0.1483887 19.87425 nan 0 0.0 0.0646331455360893 7.303720715856884 0.0
0.03115713 0.009876912 -1.720891 1.98983 1.772612 1.337122 0.2684456 19.40616 nan 0 0.0 0.03268516697972712 2.6307583056565647 0.0
-0.07226861 -0.01665135 -0.8627583 -1.052664 0.3488157 0.326371 0.6066675 17.5368 nan 0 0.0 0.07416211599027228 1.3610486328985052 0.0
-0.07757847 -0.03908896 4.139372 -14.76602 1.509271 1.175079 -0.07159215 18.76291 2.053637 0 0.0 0.08686982100489501 15.335245260340116 0.0
0.01657891 0.004152094 -2.335614 -10.10508 0.7322191 0.6003334 0.1258154 17.86048 2.043028 0 0.0 0.017090937404745706 10.371486612988322 0.0
-0.06809112 -0.0263649 -0.7143917 -0.7279441 1.312206 1.089161 0.4768156 19.50995 nan 0 0.0 0.07301717999802787 1.019930445546999 0.0
-0.0864764 -0.02964424 -6.275453 3.674744 0.5543297 0.418807 -0.2141074 16.74896 nan 0 0.0 0.0914163482214073 7.272211068220242 0.0
-0.04278271 -0.0394336 -5.75392 -5.616728 0.2466583 0.2097458 0.05118503 17.35248 2.239024 0 0.0 0.05818392461757887 8.040847517045949 0.0
-0.07530226 -0.03687115 -4.819178 -1.817907 0.4367067 0.3521835 0.2397702 18.28616 2.18609 0 0.0 0.08384457086436843 5.150656507313704 0.0
0.03574326 0.01490338 -1.226483 -5.07772 1.002195 0.7463865 0.1964263 18.46362 1.850048 0 0.0 0.038725848871935656 5.223743958856426 0.0
-0.07814348 -0.05604948 -4.508607 -1.463143 0.2366078 0.2022112 0.2403387 16.65786 2.4217 0 0.0 0.0961662501857112 4.7400764254279695 0.0
-0.08662587 -0.01297603 -5.306826 -2.916904 0.2866072 0.2452203 0.3332005 17.20834 1.507242 0 0.0 0.08759234388813784 6.055636311692769 0.0
-0.07268034 -0.01659629 -0.6132329 -1.896828 0.4956427 0.436131 0.5146246 17.93499 nan 0 0.0 0.07455111444022618 1.993492174859588 0.0
-0.08100655 -0.04211632 2.289242 -0.6736938 0.2643777 0.2262479 0.2998871 17.42015 1.924543 0 0.0 0.09130085187578975 2.386313531521464 0.0
-0.08148941 -0.01845409 -2.546546 -12.2094 0.2932399 0.2537613 0.3451464 17.50496 2.087046 0 0.0 0.08355284184201157 12.4721427545597 0.0
0.02382971 0.02211045 -0.3109582 -1.280505 0.6876738 0.5028259 -0.2039899 18.547 nan 0 0.0 0.03250733883120241 1.3177207811870617 0.0
-0.08188987 -0.03461915 -6.811914 -5.86741 0.6313334 0.5750027 0.596283 18.77842 2.208195 0 0.0 0.08890689711906158 8.990476764415556 0.0
-0.0832307 -0.04006175 1.790354 -4.816056 0.2148749 0.1813585 0.2411703 16.77883 2.760828 1 0.0 0.09237041320440491 5.1380699528570055 0.0
-0.06708159 -0.01598453 1.924629 -4.376272 0.8387509 0.7377829 0.1937248 18.32502 1.824242 0 0.0 0.06895973402101403 4.780790039901878 0.0
0.01240563 -0.002132107 -5.327199 -4.582117 0.2518685 0.196422 0.171872 16.74074 1.955494 0 0.0 0.012587515082666197 7.0267236595222675 0.0
-0.08170944 -0.05733936 -2.777976 -11.03064 0.2040634 0.1755328 0.3389551 17.10804 2.214453 0 0.0 0.09982101377126562 11.375067888420535 0.0
-0.08492402 -0.05118852 -3.405196 -4.669357 0.4866542 0.4052896 0.4617836 18.21344 2.502045 0 0.0 0.09915822584511484 5.779122302899031 0.0
-0.0820352 -0.02295581 -0.3452096 -12.10654 0.9511787 0.9128151 0.3967148 19.09227 1.909056 0 0.0 0.08518652036441036 12.111460706270412 0.0
0.03376701 0.01643557 -0.2008545 -6.413944 0.2335076 0.1860377 0.07710427 16.2561 2.692488 1 0.0 0.03755447943408349 6.417088137567244 0.0
0.03407292 0.02996812 -0.5923699 -2.373723 0.1922741 0.1530249 0.1127671 16.85067 1.401059 0 0.0 0.045376779234106074 2.446520586292911 0.0
-0.07303436 -0.02109023 -4.28538 -1.567659 1.772693 2.495441 0.7349451 19.53099 nan 0 0.0 0.07601852104627202 4.563116970304509 0.0
-0.08769652 -0.01269834 3.73254 -0.56764 1.397264 1.312593 0.4504983 19.6012 nan 0 0.0 0.08861110234539463 3.7754562666252673 0.0
-0.08217511 -0.01910688 1.240342 -5.250149 0.7894336 0.7233424 0.5709649 18.88934 2.308064 0 0.0 0.08436718299698348 5.394674485005097 0.0
-0.0429221 -0.03343886 -2.785034 -7.676137 0.2765465 0.2339802 0.2646883 17.59166 1.820444 0 0.0 0.054410146356259695 8.165751259003974 0.0
0.05853318 0.0212858 -1.25137 -3.33253 0.254994 0.2182304 0.1712961 17.06796 2.014636 0 0.0 0.06228337211930966 3.5597307591726657 0.0
-0.08860182 -0.01332463 0.2027857 -6.009863 0.6928461 0.6858039 0.5206974 19.06626 nan 0 0.0 0.08959814881987964 6.013283239536742 0.0
-0.08883673 -0.02939995 1.047912 -1.176461 0.4484279 0.3830181 0.463951 18.38787 1.646015 0 0.0 0.09357521924684656 1.5754935875036116 0.0
0.04140447 0.0311674 -3.067674 -3.337477 0.8563233 0.7267888 0.2057389 16.85579 2.095441 0 0.0 0.05182409631378921 4.533142011431475 0.0
-0.03908026 -0.03303125 -9.202878 -3.152944 0.3246329 0.298741 0.3510808 17.77759 2.08868 0 0.0 0.05116962183004776 9.728001816921088 0.0
0.04296333 0.0140503 3.477149 1.51333 1.115353 0.8535045 0.3393865 19.13575 nan 0 0.0 0.04520241868284152 3.7921936734693547 0.0
-0.05343274 -0.03322953 -4.882902 -6.195881 0.227415 0.1925904 0.2500576 16.67626 2.160586 0 0.0 0.06292264590692687 7.888705426606129 0.0
0.02885271 0.01648455 4.645388 -2.031154 0.9117045 0.6824641 -0.07867287 18.82612 nan 0 0.0 0.033229794808975276 5.070031187503682 0.0
-0.05676114 -0.01696903 -4.434608 -7.634395 0.1699222 0.1489105 0.3417854 16.40474 2.132296 0 0.0 0.059243354000600774 8.82891471981064 0.0
0.05485898 0.03166354 -2.736096 -5.731688 0.9621337 0.851965 0.3696617 19.13741 nan 0 0.0 0.06334104081850882 6.351257249597122 0.0
-0.08227253 -0.03680714 -4.064241 -8.227599 0.5913629 0.5413615 0.4686121 18.9716 1.756411 0 0.0 0.09013065376208307 9.176679149391788 0.0
-0.06114969 -0.02254259 -1.381939 -0.9418984 0.6091454 0.5094998 0.3781417 18.55762 1.830881 0 0.0 0.06517248615024748 1.672401864278906 0.0
-0.07832533 -0.0301459 -0.5223373 -4.223853 0.2234513 0.1964746 0.3256151 17.30266 1.512018 0 0.0 0.08392635227637919 4.256027539922679 0.0
-0.08283997 -0.01034689 -4.745813 -8.440795 1.192571 1.386518 0.8633833 18.95023 2.335482 0 0.0 0.0834836436811008 9.683478778981963 0.0
-0.05736284 -0.02133905 -3.462964 -4.074063 0.317983 0.3015753 0.4869751 17.12543 2.331343 0 0.0 0.061203353402963956 5.346971946182718 0.0
-0.06945133 -0.04672283 -3.51397 -0.9778531 0.2083131 0.184806 0.3354106 16.33214 2.980722 1 0.0 0.08370489879318774 3.6474898006820538 0.0
-0.09005426 -0.01629547 -2.830046 1.292151 0.4364972 0.3716473 0.412563 18.41054 1.543428 0 0.0 0.09151673118434955 3.1110793253976987 0.0
-0.03718653 -0.03361429 -7.258657 -5.951217 0.1768704 0.1561465 0.2519865 15.80749 2.73684 1 0.0 0.050127422691028115 9.386430909815402 0.0
-0.08827917 -0.04098286 -1.817992 -4.497099 0.2875695 0.2648196 0.4187995 17.6893 2.355883 0 0.0 0.09732834463643415 4.850669472131141 0.0
0.04667627 0.03095562 1.232776 -6.839065 0.1463263 0.1224353 0.2351029 15.69154 2.364506 1 0.0 0.0560082546656946 6.949283901266447 0.0
-0.05091063 -0.02715351 -2.506844 -0.3012443 1.927905 1.59807 0.5016399 19.18732 1.852909 0 0.0 0.05769926647988689 2.5248791988169437 0.0
-0.08412485 -0.01759763 -0.814859 -1.625711 0.5866341 0.5240316 0.3152762 18.69691 1.82641 0 0.0 0.08594572106358407 1.8184970292530036 0.0
-0.07728812 -0.02154689 -6.955479 -6.467557 0.4146167 0.374915 0.5304203 18.19675 1.835815 0 0.0 0.08023541588230537 9.497788251360946 0.0
-0.061174 -0.02858508 0.5018209 -2.896765 0.2496931 0.2152796 0.3282565 17.27424 2.13699 0 0.0 0.06752307068407361 2.9399101484402226 0.0
