jas1101finalproject/data/gcs/NGC_6426.ecsv
# %ECSV 0.9
# ---
# datatype:
# - {name: x, unit: deg, datatype: float64}
# - {name: y, unit: deg, datatype: float64}
# - {name: pmx, unit: mas / yr, datatype: float64}
# - {name: pmy, unit: mas / yr, datatype: float64}
# - {name: pmx_e, unit: mas / yr, datatype: float64}
# - {name: pmy_e, unit: mas / yr, datatype: float64}
# - {name: pm_corr, datatype: float64}
# - {name: g_mag, unit: mag, datatype: float64}
# - {name: bp_rp, unit: mag, datatype: float64}
# - {name: filter, datatype: int64}
# - {name: memberprob, datatype: float64}
# - {name: r, unit: deg, datatype: float64}
# - {name: pm, unit: mas / yr, datatype: float64}
# - {name: member_prob_GMM, datatype: float64}
# meta: !!omap
# - comments: [deg deg mas/yr mas/yr mas/yr mas/yr dimless mag   mag   zeroone float]
# - __serialized_columns__:
#     bp_rp:
#       __class__: astropy.units.quantity.Quantity
#       unit: &id001 !astropy.units.Unit {unit: mag}
#       value: !astropy.table.SerializedColumn {name: bp_rp}
#     g_mag:
#       __class__: astropy.units.quantity.Quantity
#       unit: *id001
#       value: !astropy.table.SerializedColumn {name: g_mag}
#     pm:
#       __class__: astropy.units.quantity.Quantity
#       unit: !astropy.units.Unit {unit: mas / yr}
#       value: !astropy.table.SerializedColumn {name: pm}
#     pmx:
#       __class__: astropy.units.quantity.Quantity
#       unit: !astropy.units.Unit {unit: mas / yr}
#       value: !astropy.table.SerializedColumn {name: pmx}
#     pmx_e:
#       __class__: astropy.units.quantity.Quantity
#       unit: !astropy.units.Unit {unit: mas / yr}
#       value: !astropy.table.SerializedColumn {name: pmx_e}
#     pmy:
#       __class__: astropy.units.quantity.Quantity
#       unit: !astropy.units.Unit {unit: mas / yr}
#       value: !astropy.table.SerializedColumn {name: pmy}
#     pmy_e:
#       __class__: astropy.units.quantity.Quantity
#       unit: !astropy.units.Unit {unit: mas / yr}
#       value: !astropy.table.SerializedColumn {name: pmy_e}
#     r:
#       __class__: astropy.units.quantity.Quantity
#       unit: &id002 !astropy.units.Unit {unit: deg}
#       value: !astropy.table.SerializedColumn {name: r}
#     x:
#       __class__: astropy.units.quantity.Quantity
#       unit: *id002
#       value: !astropy.table.SerializedColumn {name: x}
#     y:
#       __class__: astropy.units.quantity.Quantity
#       unit: *id002
#       value: !astropy.table.SerializedColumn {name: y}
# schema: astropy-2.0
x y pmx pmy pmx_e pmy_e pm_corr g_mag bp_rp filter memberprob r pm member_prob_GMM
[from data line 686]
0.01650488 0.005841653 -1.581575 -3.270702 0.6471642 0.6827008 0.5914382 19.15359 1.344847 0 0.0 0.017508168767372816 3.633025055436447 0.0
0.01830299 -0.01294546 -3.752605 -4.624182 0.1545505 0.1477109 0.462676 17.0375 0.6442509 1 0.0 0.022418393732640617 5.955258470893519 0.0
0.01952237 -0.04155853 3.546958 0.5403575 0.7567417 0.7985686 0.58946 19.58957 1.948622 1 0.0 0.045915513132031974 3.5878820049675895 0.0
-0.02130857 0.03919197 -1.764925 -2.987118 0.06016281 0.0570872 0.3811181 15.29427 1.74081 1 0.9983515 0.04461015207243526 3.469558214174969 0.0
-0.04154236 -0.007976147 -2.001711 -3.050838 0.06138459 0.05775649 0.4140121 15.07968 1.781149 1 0.9948723 0.04230114177342272 3.6488983857823447 0.0
0.01869947 -0.03281263 -1.895469 -3.700294 0.2693813 0.2803047 0.5082428 18.08375 1.483856 1 0.8073975 0.03776690172357008 4.157520705468224 0.0
-0.005830518 -0.06128806 -2.763964 -9.415036 0.7910545 0.8682073 0.5687605 19.61848 1.363346 1 0.0 0.061564772709008876 9.812359546744709 0.0
0.04198019 -0.03875763 -0.2954006 -7.138734 0.7369695 0.7814618 0.5765937 19.57784 1.201929 1 0.0 0.05713571768738886 7.14484321991997 0.0
0.04301596 -0.03193882 -8.459607 -10.37609 1.365244 1.435005 0.7728485 20.01275 1.178905 0 0.0 0.0535766837132908 13.387613464787105 0.0
0.0005077667 -8.484889e-05 -4.83901 -2.571669 1.420486 1.583836 0.6794087 20.17315 nan 0 0.0 0.0005148071053930026 5.479917811943989 0.0
-0.005098881 -0.001264532 -2.177708 -3.491642 1.180751 1.260236 0.5859694 19.96019 nan 0 0.0 0.0052533445186076465 4.115091249222549 0.0
0.0004468251 -0.0004279333 8.463751 3.285386 1.926628 2.18611 0.7180867 20.51853 nan 0 0.0 0.000618691828973763 9.079033107054792 0.0
0.0007210634 -0.000806065 -13.61495 -11.49337 3.335523 3.473889 0.8234774 20.23016 nan 0 0.0 0.0010815143138417356 17.81753118306237 0.0
-0.004520075 -0.03379508 1.760803 -3.295656 0.5568187 0.5892281 0.5727772 19.02917 1.218651 0 0.0 0.034096018978936896 3.7365459551763847 0.0
0.007272247 0.00772267 -1.571947 -2.125125 0.4243384 0.4753846 0.6352017 18.64956 1.360994 0 0.0 0.010607789984624931 2.643326244797263 0.0
0.02942456 0.002289026 -1.832688 -2.874314 0.09537969 0.08549014 0.2961255 16.02553 1.578302 1 0.9985778 0.02951346084792964 3.4088746348230528 0.0
-0.02201034 -0.005882955 2.021412 -1.700979 1.440362 1.670692 0.5231218 20.311 1.250587 0 0.0 0.022782981070255597 2.6418622280855226 0.0
-0.008207014 -0.01390976 -0.821304 -1.722747 0.1992968 0.1837672 0.4299362 17.37084 1.472242 1 0.0 0.016150433494299652 1.9085066115748721 0.0
-0.02810547 -0.04026992 -0.06185508 -3.179464 0.4738107 0.4762013 0.564297 18.89605 1.062908 0 0.0 0.04910788023044062 3.180065624828803 0.0
-0.009090911 -0.04025238 -3.912654 -8.415494 0.8067298 0.8505774 0.5381722 19.52594 1.606361 0 0.0 0.04126619389372275 9.280592685154975 0.0
0.03911534 -0.02596182 1.139994 -0.146783 0.4191491 0.4673954 0.6102597 18.69819 2.024426 1 0.0 0.04694705444464008 1.1494048760663058 0.0
-0.01902356 0.02726456 0.7802278 4.817053 2.402888 2.746746 0.5355417 20.93781 nan 0 0.0 0.03324533150785536 4.879831454538347 0.0
-0.002600265 -0.0007011578 -0.2642675 1.810011 1.51118 1.697475 0.6836729 20.33473 nan 0 0.0 0.0026931394933656593 1.8292012277705398 0.0
-0.006622401 0.002787162 -2.182176 -4.803498 0.4186842 0.471922 0.61071 18.41577 1.22444 0 0.0 0.007185016841945814 5.275934526790492 0.0
-0.0536702 -0.01448108 -2.619705 -3.307948 0.2955823 0.2961042 0.6382202 17.92712 0.8594437 1 0.6939818 0.055589495824358764 4.219641484501853 0.0
0.0009953241 -0.02435729 -0.6257524 -2.578853 0.7588253 0.8140528 0.5686082 19.47248 1.306681 0 0.0 0.024377617730371868 2.6536859011033616 0.0
0.004560446 -0.01202341 -2.790028 -4.332406 1.056353 1.141579 0.6088718 20.02685 1.187368 0 0.0 0.012859240092128929 5.15305714984998 0.0
0.003280611 0.001700673 -0.3254807 -1.716678 0.9186745 0.9621289 0.5038346 19.35568 nan 0 0.0 0.003695226269966428 1.7472610113421778 0.0
-0.002265175 -0.04202649 3.03237 -2.913116 0.9017528 1.02058 0.6233052 19.75871 1.504986 0 0.0 0.04208749077220837 4.204939077603384 0.0
-0.01862747 0.0263619 -5.122401 -5.776437 0.7550612 0.8331692 0.4840713 19.64737 1.028196 0 0.0 0.03227897783714503 7.720506228206153 0.0
-0.005769269 -0.006298975 -2.081344 -3.890847 1.100985 1.066526 0.6548488 19.88137 0.9621372 0 0.0 0.008541753382355756 4.412559713334767 0.0
-0.03995817 -0.01601306 -7.013923 -7.791985 1.043887 1.117373 0.6229837 19.85148 1.296637 0 0.0 0.04304733952653172 10.48380398949513 0.0
0.01141618 0.01460657 -1.707227 -3.495606 0.3134242 0.3243549 0.5655733 18.04373 1.434628 0 0.0 0.018538636761026954 3.8902294709650485 0.0
-0.02390044 -0.04496234 -7.638102 4.920972 0.2835958 0.2415853 0.5622628 17.11837 1.880954 0 0.0 0.050919967109859764 9.086064471881542 0.0
-0.04562698 -0.04194966 -2.823623 -6.613385 1.16677 1.218517 0.664822 20.02762 1.330524 0 0.0 0.061980604047040394 7.1909462523616465 0.0
-0.01570328 -0.03608188 -1.681268 -2.862118 0.2661395 0.2790226 0.5402051 17.95321 1.326864 1 0.9900226 0.03935092206153243 3.319394754130337 0.0
-0.006531045 -0.006251763 -2.088773 -3.959158 0.4711194 0.5293498 0.6503207 18.75192 1.263283 0 0.0 0.009040967282331797 4.476371824870338 0.0
0.001452356 0.005436449 0.01157896 -0.336228 1.973832 2.214586 0.7236766 20.36213 nan 0 0.0 0.005627105444217036 0.33642731800298503 0.0
-0.006287279 -0.006582213 0.1040459 -1.623679 2.665988 2.951458 0.8856386 20.44512 nan 0 0.0 0.00910249444939188 1.6270092330247576 0.0
-0.01875052 -0.03868584 -2.123638 -5.870587 0.7549911 0.8172426 0.636019 19.5463 1.081305 0 0.0 0.042990420058147835 6.242886358056905 0.0
0.03024823 -0.03039742 -3.193513 -3.844333 0.4494498 0.5023461 0.5968804 18.66305 1.40296 1 0.4648263 0.04288308012245972 4.997741639586624 0.0
0.02747553 -0.03936251 3.843117 -1.164958 1.226235 1.38054 0.6101069 20.27098 1.51429 0 0.0 0.04800324928878253 4.015803209502802 0.0
-0.04568435 0.03893932 -0.2950516 0.2517787 1.132476 1.340241 0.5971335 19.90978 2.11915 0 0.0 0.06002774755881566 0.3878762179307337 0.0
-0.00677492 -0.02248473 -5.986826 -2.082129 0.6402413 0.6834427 0.5889425 19.27337 1.194086 0 0.0 0.023483241347380054 6.338560303958383 0.0
0.003524361 0.006479536 3.17178 4.872069 1.766116 2.060471 0.4644772 20.36372 nan 0 0.0 0.007376008895982773 5.813539774454201 0.0
0.001208596 0.0008766938 -1.72294 -3.406797 0.3659172 0.4097489 0.6180034 18.1807 1.328918 0 0.0 0.001493082820936079 3.8176940740202063 0.0
-0.03950195 -0.0384001 -0.7251695 -4.611111 1.494119 1.616465 0.6789956 20.07068 0.8968563 0 0.0 0.055090577541104975 4.667784855587418 0.0
-0.008206935 -0.003842293 0.4645974 -2.923859 2.298655 2.623155 0.4708484 20.10452 1.129408 0 0.0 0.00906184294677821 2.9605408620668894 0.0
0.001025754 0.01792434 -2.368799 -3.621453 0.3550561 0.3982586 0.6364697 18.34082 0.7086048 1 0.984466 0.017953666358271114 4.327369932604561 0.0
0.004621298 0.008222141 -0.9557812 -5.351149 1.542502 1.729325 0.7084959 20.38098 0.7941914 0 0.0 0.009431860782935942 5.435836027923805 0.0
0.009100682 -0.01453965 -1.927748 -3.287098 0.3344685 0.37749 0.60989 18.26861 nan 0 0.0 0.01715295411839092 3.8106725932711667 0.0
-0.01274704 0.001666652 -1.506632 -3.115301 0.2630805 0.241843 0.4674149 17.6855 1.468809 0 0.0 0.012855534125453675 3.4604971180489374 0.0
-0.0269167 -0.02618561 2.591966 -9.079382 0.6997787 0.7467042 0.6073598 19.42942 1.514526 0 0.0 0.0375525619626957 9.442111270636458 0.0
-0.01271618 0.03352509 -2.537855 -5.528624 1.202259 1.373831 0.5688742 20.27938 1.65428 0 0.0 0.03585572329908435 6.083287872064004 0.0
-0.01296049 -0.01046527 -3.447977 -3.091894 1.37007 1.541808 0.6518244 20.22125 0.8409176 0 0.0 0.016658216507567672 4.631236757040715 0.0
-0.007445135 -0.0003854681 -1.430996 -3.942969 1.99756 2.160885 0.5968244 20.37706 0.8718662 0 0.0 0.007455107029704041 4.1946101233579505 0.0
-4.070843e-05 0.01691535 -4.554151 -11.11748 2.596879 2.796778 0.5276536 20.79655 0.9152527 0 0.0 0.01691539898432115 12.01410225032237 0.0
0.01525565 0.001735828 -3.286581 -5.630954 1.137466 1.206205 0.6420506 20.10357 1.272039 0 0.0 0.01535408596328951 6.519912393558444 0.0
0.01479872 -0.007790432 -7.640706 -9.372281 1.990218 2.228596 0.788027 20.39119 nan 0 0.0 0.016724022972509453 12.09214783739419 0.0
0.0240921 0.005366634 -1.705921 -2.311221 0.3630733 0.4098458 0.5888454 18.26019 1.434225 1 0.9749845 0.024682585822801386 2.8726136129110715 0.0
-0.005738854 -0.01635166 -1.988411 -0.3741459 2.278529 2.466844 0.679829 20.57764 0.4845257 0 0.0 0.017329490182602488 2.0233050831270627 0.0
-0.03889119 -0.003028111 -0.7307998 -1.767938 0.5664689 0.6097043 0.6115514 19.08969 1.294527 1 0.819524 0.03900889790604729 1.9130272134823487 0.0
0.04722005 -0.009446707 -4.199327 -4.545065 1.913633 2.219633 0.7023102 20.53655 0.9669495 1 0.5337385 0.04815572027440093 6.1880500246163175 0.0
0.01976528 0.004422166 -1.614906 -3.365548 0.6629792 0.6970242 0.6183931 19.3045 1.323902 0 0.0 0.02025393407735781 3.7329391542241885 0.0
0.02442766 -0.01087252 3.158318 1.45733 2.116252 2.361787 0.7526237 20.43861 1.051517 0 0.0 0.026738030298172677 3.47833053605088 0.0
-0.008389544 0.02275306 -4.203121 -3.720618 0.4350831 0.4867918 0.6402987 18.53868 1.457985 1 5.044853e-05 0.024250488405216417 5.613307798666042 0.0
0.02881606 -0.03072123 -3.293968 -2.825654 2.224043 2.459798 0.7057575 20.80984 1.074118 0 0.0 0.04212077025217487 4.339878536634407 0.0
-0.01536775 -0.01273975 0.06010042 4.818899 2.537112 2.911126 0.5013303 20.656 1.055145 0 0.0 0.019961687557042865 4.819273766106796 0.0
0.004834668 -0.007944545 -2.653834 -2.106093 1.100916 1.084272 0.5973244 19.94888 1.125698 0 0.0 0.00929998978102928 3.387987990563868 0.0
0.002488368 0.002590926 -1.707275 -3.116283 0.1689141 0.1591026 0.4665219 17.07841 1.170412 0 0.0 0.0035923352907127138 3.5533093957202775 0.0
-0.04087124 0.01113904 -10.852 -9.023697 1.845057 2.09372 0.5711435 20.72255 1.943708 1 0.00186421 0.04236196963384965 14.113575434588112 0.0
0.02613445 -0.02696287 -3.588766 2.304996 1.646481 1.811056 0.6959107 20.5007 0.8299046 1 0.000282526 0.037550044413281324 4.265237151996592 0.0
0.05026759 -0.01822657 -2.829418 2.08143 0.2798027 0.2841868 0.3933795 18.07033 1.0618 1 0.0 0.053469977168248355 3.5125428201836915 0.0
0.0580081 -0.03222967 -2.732075 -2.374825 0.2231551 0.2142372 0.4407311 17.81859 1.39327 1 1.413458e-06 0.06636031414873576 3.6199485612712787 0.0
0.002000836 0.001994163 -2.259207 -0.9617036 0.4367422 0.48978 0.630561 18.4757 1.220816 0 0.0 0.0028248948244961264 2.4553798246100254 0.0
0.008643886 -0.04764836 -5.155806 -3.930231 0.5474341 0.5748829 0.5660073 19.07313 1.231594 1 1.122368e-06 0.04842605678630665 6.482981661473137 0.0
-0.006165321 0.005830334 2.225492 0.2887337 3.074388 3.509989 0.4104984 20.56211 nan 0 0.0 0.00848551575242171 2.244143888341318 0.0
0.01269669 -0.04682816 -0.8180651 -7.316173 1.021308 1.102407 0.5672102 19.98178 1.162495 1 1.78235e-05 0.04851888813587653 7.361767306412707 0.0
0.005078607 -0.04270454 -1.379446 -1.637641 0.7461808 0.7935772 0.6115241 19.58542 1.360945 1 0.8152617 0.043005464602443824 2.1412004370906055 0.0
-0.01676965 -0.02673419 7.107579 -2.165407 1.247928 1.398876 0.6727477 20.19145 1.688042 0 0.0 0.03155848659360268 7.43011888982202 0.0
0.001421889 0.002623349 -0.7059201 -2.051512 0.4430609 0.4950946 0.6262131 18.72966 nan 0 0.0 0.002983911577798846 2.1695678541423886 0.0
0.01297036 -0.0003813604 -3.47218 -4.616703 1.243672 1.381528 0.6653165 20.14707 1.415379 0 0.0 0.012975965254434375 5.776675561480755 0.0
0.009832301 -0.04720131 1.77503 -3.550042 1.50238 1.656341 0.6695162 20.36508 2.467838 0 0.0 0.04821449790955726 3.969071642420177 0.0
0.00184859 -0.05912681 0.02118909 -7.629893 0.1576329 0.1501667 0.4244644 17.22757 1.107275 1 0.0 0.05915570087290151 7.629922422212695 0.0
-0.04385578 0.0478878 -4.937189 -7.801003 1.788965 2.087365 0.4894898 20.74357 nan 0 0.0 0.06493512784501468 9.232089851584526 0.0
0.002945427 0.003412994 -2.005152 -4.6495 0.9015176 1.010834 0.6398383 19.6187 nan 0 0.0 0.004508222294470959 5.0634459405728816 0.0
0.003250135 0.003414187 -1.936013 -2.694788 0.4014989 0.4486005 0.6526318 18.51312 1.251295 0 0.0 0.004713814844602406 3.318136329494766 0.0
-0.004245756 -0.01612254 -1.288246 -5.32483 1.892635 2.133922 0.6596929 20.62007 1.175636 0 0.0 0.016672214611836548 5.47844798144657 0.0
-0.001198603 -0.0003826331 -1.9168 -3.754071 0.5495471 0.5739724 0.5343741 18.87529 1.15579 0 0.0 0.001258196026390407 4.21511225390748 0.0
0.0139454 0.001404169 -1.429003 -2.579246 0.5373208 0.5988262 0.5779044 18.75486 1.47134 0 0.0 0.014015914944824723 2.9486538458294826 0.0
0.04834758 -0.01152114 -2.245261 -8.938783 0.6401378 0.6723594 0.5143173 19.29448 1.350355 1 0.0 0.04970135972743603 9.216454767382631 0.0
-0.03310159 0.0005427214 -1.546011 -5.504297 1.228831 1.310062 0.6238983 20.15398 1.241688 0 0.0 0.033106038830493116 5.717292670165662 0.0
-0.03236992 0.01232773 -1.843957 -2.642815 0.2553247 0.2380976 0.5821197 17.70665 1.504311 1 0.9818088 0.03463790767005565 3.2225220778256896 0.0
-0.01344805 -0.01181138 -6.09976 -4.744838 1.59444 1.772414 0.6516684 20.20792 1.116404 0 0.0 0.017898568275336996 7.727907847784159 0.0
-0.007475615 -0.001606886 -4.333962 -6.780678 1.246167 1.398445 0.6439586 20.14105 0.7123985 0 0.0 0.007646365296349697 8.047410810759446 0.0
0.005870675 -0.005890563 -0.0633402 1.019011 1.670262 1.866284 0.596896 20.27179 1.414837 0 0.0 0.008316463035004364 1.0209776682460003 0.0
-0.05622923 -0.004195565 -6.496829 -14.02182 0.9864243 1.035944 0.7207781 19.70214 1.712923 1 0.0 0.05638553956523006 15.453809341636159 0.0
0.008125428 0.007433236 -2.798697 -1.891936 1.66201 1.83856 0.64249 20.28118 0.8238049 0 0.0 0.011012519131192463 3.3781839390277435 0.0
0.009252934 -0.002826383 -2.223816 -3.318564 1.190504 1.327036 0.6554892 19.93941 1.063421 0 0.0 0.009674979507525844 3.9947746649782387 0.0
0.002640675 0.02063969 -6.370266 -5.444838 2.325114 2.563074 0.7026921 20.79806 1.048077 0 0.0 0.020807930405298 8.380128266142469 0.0
-0.01957287 -0.01743057 -3.191375 -12.45298 2.178597 2.376141 0.4989318 20.75088 nan 0 0.0 0.02620919706060832 12.855410739102233 0.0
0.02899782 0.007637697 -4.206073 -6.165114 2.390626 2.532855 0.7398022 20.52927 1.042269 0 0.0 0.02998679676484651 7.4632218722429124 0.0
0.0113554 6.017181e-05 -1.663645 -3.838039 0.5583149 0.6227133 0.6490979 18.98886 0.2542019 0 0.0 0.01135555942288704 4.183091924826181 0.0
0.01565268 -0.05931219 -15.59159 -18.28629 2.609626 2.85928 0.6774579 20.77129 1.638523 0 0.0 0.06134282577268918 24.03094007092107 0.0
-0.006378748 -0.01570101 1.204468 0.756211 0.4783692 0.5344266 0.6148683 18.7629 1.043173 0 0.0 0.01694727532872479 1.4221808040980586 0.0
-0.04891427 0.03629302 -6.430482 -9.147049 1.329581 1.551213 0.5799217 20.35219 nan 0 0.0 0.0609080381423774 11.181216577847199 0.0
0.01741972 -0.03667075 2.539983 -1.59391 0.2000961 0.1848943 0.365628 17.29052 1.251537 1 0.0 0.04059791312913633 2.9986768296015156 0.0
0.004560419 -0.005915842 -0.4743945 -1.640231 0.5530539 0.6189733 0.6352485 18.7293 nan 0 0.0 0.0074695788384971885 1.7074565514212214 0.0
0.005901141 -0.005118564 -0.245529 -5.201618 1.353083 1.503118 0.7273008 19.90828 1.022921 0 0.0 0.0078117323638215485 5.207409558289514 0.0
-1.02382e-05 0.001769094 -7.452594 -5.515282 1.903462 2.113242 0.6424627 20.10338 nan 0 0.0 0.001769123625294524 9.271434240092523 0.0
-0.007140469 -0.006584115 14.18888 17.3238 2.447137 2.633496 0.6281025 20.55839 0.7931862 0 0.0 0.00971271681215848 22.392819431558856 0.0
0.0302487 -0.0469327 -0.2064778 -6.493439 1.42846 1.612723 0.5984121 20.3882 1.622721 1 0.00647113 0.05583602941631864 6.496720952035253 0.0
0.007881816 -0.0127675 -5.272294 -9.446247 2.345232 2.600212 0.790391 20.66512 0.7204285 0 0.0 0.015004402011005169 10.817978850388135 0.0
0.02817662 -0.04814607 -4.252084 -5.564446 2.235641 2.484533 0.7876905 20.52779 1.39463 0 0.0 0.055784997724023434 7.003090577021834 0.0
