jas1101finalproject/data/gcs/NGC_6093_M_80.ecsv
# %ECSV 0.9
# ---
# datatype:
# - {name: x, unit: deg, datatype: float64}
# - {name: y, unit: deg, datatype: float64}
# - {name: pmx, unit: mas / yr, datatype: float64}
# - {name: pmy, unit: mas / yr, datatype: float64}
# - {name: pmx_e, unit: mas / yr, datatype: float64}
# - {name: pmy_e, unit: mas / yr, datatype: float64}
# - {name: pm_corr, datatype: float64}
# - {name: g_mag, unit: mag, datatype: float64}
# - {name: bp_rp, unit: mag, datatype: float64}
# - {name: filter, datatype: int64}
# - {name: memberprob, datatype: float64}
# - {name: r, unit: deg, datatype: float64}
# - {name: pm, unit: mas / yr, datatype: float64}
# - {name: member_prob_GMM, datatype: float64}
# - {name: member_prob_DB, datatype: float64}
# meta: !!omap
# - comments: [deg deg mas/yr mas/yr mas/yr mas/yr dimless mag   mag   zeroone float]
# - __serialized_columns__:
#     bp_rp:
#       __class__: astropy.units.quantity.Quantity
#       unit: &id001 !astropy.units.Unit {unit: mag}
#       value: !astropy.table.SerializedColumn {name: bp_rp}
#     g_mag:
#       __class__: astropy.units.quantity.Quantity
#       unit: *id001
#       value: !astropy.table.SerializedColumn {name: g_mag}
#     pm:
#       __class__: astropy.units.quantity.Quantity
#       unit: !astropy.units.Unit {unit: mas / yr}
#       value: !astropy.table.SerializedColumn {name: pm}
#     pmx:
#       __class__: astropy.units.quantity.Quantity
#       unit: !astropy.units.Unit {unit: mas / yr}
#       value: !astropy.table.SerializedColumn {name: pmx}
#     pmx_e:
#       __class__: astropy.units.quantity.Quantity
#       unit: !astropy.units.Unit {unit: mas / yr}
#       value: !astropy.table.SerializedColumn {name: pmx_e}
#     pmy:
#       __class__: astropy.units.quantity.Quantity
#       unit: !astropy.units.Unit {unit: mas / yr}
#       value: !astropy.table.SerializedColumn {name: pmy}
#     pmy_e:
#       __class__: astropy.units.quantity.Quantity
#       unit: !astropy.units.Unit {unit: mas / yr}
#       value: !astropy.table.SerializedColumn {name: pmy_e}
#     r:
#       __class__: astropy.units.quantity.Quantity
#       unit: &id002 !astropy.units.Unit {unit: deg}
#       value: !astropy.table.SerializedColumn {name: r}
#     x:
#       __class__: astropy.units.quantity.Quantity
#       unit: *id002
#       value: !astropy.table.SerializedColumn {name: x}
#     y:
#       __class__: astropy.units.quantity.Quantity
#       unit: *id002
#       value: !astropy.table.SerializedColumn {name: y}
# schema: astropy-2.0
x y pmx pmy pmx_e pmy_e pm_corr g_mag bp_rp filter memberprob r pm member_prob_GMM member_prob_DB
[from data line 4584]
0.03026037 -0.03847444 -3.411857 -5.022015 1.515615 0.8586158 0.4180858 19.62362 -0.2148705 0 0.0 0.04894867236044814 6.0713592257973 0.0 0.0
0.004195257 -0.003963368 -8.977764 0.209927 1.284031 0.911738 -0.09689887 16.15858 1.006962 0 0.0 0.0057713488197710765 8.980218025472713 0.0 0.0
-0.079291 -0.02829382 -1.29892 -4.120245 2.108945 1.364481 -0.2892572 20.11815 0.7418079 0 0.0 0.08418790252282332 4.3201402785586716 0.0 0.0
-0.03834031 -0.05827476 -1.273944 -0.6990689 3.40892 2.170546 -0.3002249 20.71152 0.7335186 0 0.0 0.06975619702903607 1.453145086384429 0.0 0.0
-0.03207402 0.04545038 -16.85459 -5.061712 0.3990707 0.2878973 -0.04260413 18.25054 0.8879223 1 0.0 0.05562804869042954 17.598242311067434 0.0 0.0
0.02863101 -0.03953266 -4.401284 -5.227373 1.08813 0.6296091 0.3287656 19.22284 0.8697319 0 0.0 0.04881153491026173 6.8335005180203945 0.0 0.0
0.005235923 0.02504355 -3.443703 -1.83868 2.215966 1.170921 -0.4256644 19.72301 0.8792667 0 0.0 0.0255850402826423 3.90382306138598 0.0 0.0
-0.0271311 -0.005966835 -4.181122 -5.292747 1.150262 0.8136932 -0.1361619 19.45394 0.8240719 0 0.0 0.02777948356480417 6.744994587462099 0.0 0.0
-0.1194463 0.003128838 -1.155384 -4.921507 0.4043324 0.2860413 -0.07822404 18.05998 1.395767 1 0.0007056102 0.11948727217122436 5.055308431590006 0.0 0.0
-0.02596984 0.01848179 -1.236299 -4.896574 1.558668 0.8486007 -0.05752051 19.50043 0.7363014 0 0.0 0.031874898450500205 5.050234861358133 0.0 0.0
0.05476034 -0.02186151 -3.903769 2.892154 3.210327 2.135163 0.07268062 20.3227 1.43387 0 0.0 0.058962873542558115 4.8583914174423 0.0 0.0
0.01124862 0.01199502 -4.84344 -2.525523 0.679329 0.3606089 0.1121376 18.21599 nan 0 0.0 0.016444207390591985 5.4623417557975085 0.0 0.0
-0.03525652 0.01655136 -2.879583 -6.753621 1.973764 1.787009 -0.374599 20.31474 0.7452278 0 0.0 0.03894829547438501 7.341893139070467 0.0 0.0
-0.002759006 0.02373328 -3.985189 -6.313229 0.7953711 0.5158578 0.06859124 18.66678 0.9494667 0 0.0 0.02389310975294836 7.46582827100664 0.0 0.0
-0.0698279 0.0327809 -5.61032 -1.421642 0.7664051 0.5796921 0.05123358 19.34932 0.8518848 1 0.0 0.07713963328419444 5.787638247036869 0.0 0.0
0.003507207 0.007425431 -5.672814 -5.384789 0.6381645 0.4475034 0.1096778 17.4401 nan 0 0.0 0.008212035464889932 7.821558109041765 0.0 0.0
-0.01089424 0.02188274 -8.726019 -7.740722 3.398804 1.964075 0.01300618 20.39023 nan 0 0.0 0.024444606257520287 11.664569630708414 0.0 0.0
-0.03045749 -0.08100071 -0.144045 -5.416042 0.6309598 0.4239658 0.2025859 18.82727 0.9128819 0 0.0 0.0865377011342698 5.417957171092164 0.0 0.0
-0.03181543 -0.03814673 -1.364841 -6.662078 1.122737 0.779204 0.1583764 19.73618 0.8095131 0 0.0 0.04967287585572029 6.800446620139372 0.0 0.0
-0.03624006 0.01669224 -7.985987 -3.375033 3.933993 1.811193 -0.1816146 20.36988 0.5524483 0 0.0 0.039899534145415784 8.669880974688061 0.0 0.0
-0.03104711 -0.08123354 0.533336 2.225981 0.9589101 0.6508501 0.1678342 19.54948 nan 0 0.0 0.08696442410712384 2.2889820229213247 0.0 0.0
-0.05720751 -0.03824474 0.7354876 -13.76781 0.5781744 0.3845633 0.1381502 18.75595 1.013432 1 0.0 0.06881394726410991 13.787441176877376 0.0 0.0
0.01733208 0.01211453 -2.987236 -5.818695 0.3261843 0.1946821 0.09760211 16.28209 0.4120808 0 0.0 0.021146225059033588 6.540702593966569 0.0 1.0
-0.0789489 -0.03684998 -10.0075 -2.680761 2.918995 1.902333 -0.2215105 20.54487 1.31176 0 0.0 0.08712548328250697 10.360334733449543 0.0 0.0
-0.006368054 -0.01860235 -2.967561 -5.75016 0.0904953 0.05986583 -0.1161002 15.23008 1.228259 1 0.9986782 0.019662134606125956 6.470761803243958 0.0 1.0
0.00630398 0.02912523 -11.80539 -17.22877 2.926973 2.024661 0.6581116 20.23459 nan 0 0.0 0.029799650776364813 20.885347705149655 0.0 0.0
0.05855905 -0.007346276 -2.573833 -5.251516 0.7440087 0.4909309 0.1627623 18.95025 0.9883995 1 0.9656774 0.05901804900173062 5.848336225812004 0.0 0.0
-0.006454227 0.02108766 2.776885 -8.36231 2.91018 1.762746 0.4947465 20.06478 nan 0 0.0 0.02205326394081223 8.81131765624898 0.0 0.0
-0.01785893 -0.01136881 -4.803625 -4.664766 1.192432 0.9141881 -0.3165575 18.90083 0.9640293 0 0.0 0.021170527191380944 6.695883435020431 0.0 0.0
-0.0237723 -0.01398279 -2.733375 -3.268805 1.687289 1.037327 0.151708 19.73856 nan 0 0.0 0.027579714709802562 4.261035674416491 0.0 0.0
-0.006313633 0.01917269 -3.359051 -4.94065 0.1635412 0.1116773 -0.09779487 15.47293 1.244136 0 0.0 0.02018548992456683 5.974382482156712 0.0 0.0
-0.03225719 -0.07014069 -0.3666233 -5.896012 1.567704 1.158335 -0.6085791 19.49934 nan 0 0.0 0.07720260811897614 5.9073996096630275 0.0 0.0
-0.03957175 -0.02499571 -2.604088 -5.466228 0.33825 0.2255989 0.05416183 17.88088 1.139536 0 0.0 0.04680500952319741 6.0548264103711515 0.0 1.0
-0.01594881 -0.00893098 -3.19325 -8.730351 0.7790168 0.5968979 -0.2531192 18.80704 0.9960823 0 0.0 0.018279139590705578 9.296013884762706 0.0 0.0
0.02122929 -0.04231412 -2.823789 -4.682363 0.7392259 0.44847 0.2458131 18.81265 0.9286995 0 0.0 0.04734097068373756 5.467934489392681 0.0 0.0
-0.0132797 -0.01004077 -2.542849 -5.573824 0.081473 0.04583884 0.02338574 13.96339 1.550409 1 0.9911909 0.016648348094717987 6.126466764765561 0.0 0.0
-0.02622092 0.009063252 -6.266935 2.167055 3.518207 2.489899 -0.1407543 20.29949 nan 0 0.0 0.02774309251799273 6.631033227729295 0.0 0.0
-0.01202823 -0.02424468 -2.732442 -5.136614 0.358288 0.2378018 0.02033658 17.96306 1.103916 0 0.0 0.027064419913149812 5.8181648883784645 0.0 1.0
-0.02858802 -0.02502155 -1.069399 -2.959548 2.996355 1.94471 -0.07033873 20.15611 0.6619854 0 0.0 0.03799148393946859 3.1468299263711406 0.0 0.0
-0.1261922 -0.03918421 -2.761243 -0.970959 0.5442223 0.3863167 -0.3720562 18.4418 1.150776 1 0.0 0.13213581518333362 2.9269821121301716 0.0 0.0
-0.002407461 0.008237985 -2.84567 -6.186372 0.4272639 0.2431526 0.1452337 16.75369 nan 0 0.0 0.008582555873791094 6.809481351122419 0.0 0.0
0.03523334 -0.03352035 -5.823951 -6.667278 2.255124 1.397784 0.4985541 19.94611 0.5299549 0 0.0 0.048631287374262464 8.852739755560703 0.0 0.0
-0.01236539 -0.0236191 -4.004197 -10.90398 2.53968 2.338664 0.24817 20.00839 nan 0 0.0 0.02666017169228473 11.615953402765053 0.0 0.0
-0.00712629 -0.02365877 -2.720591 -5.842265 0.2499061 0.1703802 -0.005958917 16.50697 0.4574604 0 0.0 0.024708731393517556 6.44466257607844 0.0 1.0
-0.03584662 -0.03636628 -6.480424 -4.697719 1.62246 1.117867 0.1735301 20.17829 0.8323612 0 0.0 0.05106355340615065 8.004027675035676 0.0 0.0
0.01641939 0.01652253 -16.9172 2.177606 1.192081 0.9641046 -0.5359429 18.74142 nan 0 0.0 0.023293569189220445 17.056776475384673 0.0 0.0
-0.005511737 -0.006084387 -4.9523 -3.354601 0.6523035 0.3867763 -0.131565 16.07765 1.01619 0 0.0 0.008209690001634533 5.981523481455289 0.0 0.0
0.03926303 -0.03752308 -6.162552 -5.855065 2.011577 1.237139 0.5358739 19.91833 0.6925259 0 0.0 0.05430991675069388 8.500519590409105 0.0 0.0
-0.002505811 0.008550789 -5.222834 -2.518732 0.4664323 0.3249683 0.1111488 16.14862 0.7026453 0 0.0 0.00891039175851668 5.798448575212166 0.0 0.0
0.03093531 -0.034946 -5.270939 -4.636911 1.843227 1.029902 0.3353366 19.87737 0.7344761 0 0.0 0.046671365105341624 7.020237999073963 0.0 0.0
-0.05974887 -0.03973358 -1.12831 -2.455021 1.085377 0.7670657 0.08933479 19.65281 1.40856 0 0.0 0.07175433677411631 2.701890369082543 0.0 0.0
-0.0007777112 -0.0003336204 1.902883 -3.677764 0.5588291 0.3249886 -0.02977503 12.67735 1.338336 0 0.0 0.0008462489479471156 4.140882967603044 0.0 0.0
-0.02746605 -0.01674152 -2.505878 -4.977189 0.2928994 0.205964 -0.0556715 17.57578 1.149984 0 0.0 0.032166168477344326 5.5724173293647885 0.0 1.0
-0.02759744 0.007596227 5.83433 -13.80172 2.89245 1.436827 0.09948542 19.68701 0.8854027 0 0.0 0.02862379009127074 14.984221084437454 0.0 0.0
0.01054266 -0.03254724 -0.8620452 -7.172904 0.7587239 0.4957014 -0.1350012 18.83558 0.9967098 0 0.0 0.034212139826283884 7.224518926548607 0.0 0.0
-0.05560946 0.1058656 -1.564596 -1.14328 0.3677848 0.2448965 0.2161321 17.74303 1.231388 1 0.0 0.11958234528914208 1.9377950876230439 0.0 0.0
-0.07531807 0.02553193 -3.170439 -3.933775 1.236915 1.155076 -0.832033 18.74347 nan 0 0.0 0.07952792665504238 5.052352838366101 0.0 0.0
0.008787926 -0.01910984 -6.802137 -7.920553 1.105227 0.7174295 0.2877401 18.6229 1.508495 0 0.0 0.021033630885015454 10.440508971912145 0.0 0.0
-0.07277464 0.0251385 -4.508016 -2.232767 2.124518 1.713162 -0.313928 20.39024 0.7762928 0 0.0 0.07699410632885871 5.030651720457797 0.0 0.0
-0.01209566 -0.05545653 -11.50364 -6.925415 4.233656 4.529722 -0.05407026 20.84392 0.8515587 0 0.0 0.056760300479089254 13.427401318640365 0.0 0.0
-0.01160339 -0.06457933 -4.498992 -6.831398 1.176124 0.8011552 0.2364702 19.73001 0.7950573 1 0.7908513 0.06561347820944262 8.179787750942442 0.0 0.0
-0.06742747 -0.04682108 -3.788745 -3.324334 1.231516 0.8587313 0.1368017 19.8105 1.095989 0 0.0 0.08208944659922675 5.040415183155154 0.0 0.0
-0.005892562 0.0292168 -3.765708 -5.083825 0.3414925 0.2481151 -0.07139252 18.13028 1.061508 0 0.0 0.029805095020211628 6.326597298065446 0.0 0.0
-0.03330403 -0.03854191 -3.711155 -5.397155 0.5854689 0.3925562 0.09936266 18.77848 1.00806 1 0.9670111 0.050937581810378475 6.549958284451131 0.0 0.0
-0.0146563 -0.01033846 -6.782779 -3.02203 1.368592 1.035515 -0.2363979 19.22764 nan 0 0.0 0.017935743220218115 7.42554754100605 0.0 0.0
-0.004077722 -0.04428662 -2.4245 -5.285291 0.3484335 0.2401733 0.06704657 17.8561 1.069384 1 0.9827652 0.044473953362993084 5.8148517783930656 0.0 1.0
0.002917407 0.01951994 -3.827062 -6.747722 0.5600564 0.3686638 0.01347905 18.40027 nan 0 0.0 0.019736750523002743 7.757458072147603 0.0 0.0
-0.02467457 0.00397283 -11.42714 -0.9603226 2.186396 1.833744 -0.0008007489 19.26171 0.9966125 0 0.0 0.02499235448879917 11.467421160647705 0.0 0.0
0.008168427 -0.04325683 -2.851243 -5.610846 0.07588939 0.05160167 -0.1152081 14.72616 1.411341 1 0.9989384 0.04402131916813976 6.293741294394376 0.0 1.0
0.0001354668 0.04129617 -4.206709 -5.335818 1.559136 1.157687 -0.4005471 20.04257 nan 0 0.0 0.04129639219015146 6.794656307702767 0.0 0.0
0.01065859 0.01262258 1.007006 -0.7881487 1.353245 0.7989807 0.1329171 18.03192 1.085039 0 0.0 0.01652074655227481 1.2787648170589032 0.0 0.0
0.01173658 -0.03134189 -1.563406 -6.21679 2.934896 1.325749 0.04470597 20.15652 0.7966652 0 0.0 0.03346731807104507 6.410360069835079 0.0 0.0
0.007931128 -0.01866156 -3.872746 -6.811439 2.516411 1.528376 0.6350793 19.67765 nan 0 0.0 0.0202769971392705 7.835423589777198 0.0 0.0
-0.0406075 -0.03705427 -8.481631 -7.820345 1.379072 0.9221907 0.05364903 19.47178 0.8484077 0 0.0 0.05497261119396549 11.53671791885309 0.0 0.0
-0.009657707 0.02068693 -8.523199 -5.769088 1.90407 0.9519546 -0.1880199 18.82497 0.8595848 0 0.0 0.022830251363547206 10.292098792051357 0.0 0.0
-0.09236868 0.03554257 -5.654511 -4.74929 0.5079223 0.3724065 -0.0165276 18.74916 0.9387474 1 3.989174e-05 0.09897094183217263 7.384392334730124 0.0 0.0
-0.01144879 -0.06620056 0.2972952 -14.11061 0.6565801 0.4372033 0.1320107 18.83209 1.157032 1 0.0 0.06718324892990589 14.113741495721218 0.0 0.0
-0.1000452 0.04110465 -4.608374 -5.660786 4.130783 3.088129 -0.3606516 20.78827 1.246235 0 0.0 0.10816022510452952 7.299425255571291 0.0 0.0
0.004125413 0.008998976 -1.454897 -3.758046 0.7360766 0.4428724 0.05098437 17.73971 nan 0 0.0 0.009899525315344418 4.029843051376195 0.0 0.0
-0.02591076 0.00344617 -3.547101 -4.846053 3.054403 2.475558 0.09240392 20.36772 nan 0 0.0 0.026138928276547607 6.0055104015404055 0.0 0.0
0.01346841 0.01160953 -1.640145 -6.436212 0.3612911 0.2343225 0.06201368 17.22018 0.4047356 0 0.0 0.01778143005354181 6.641904887151653 0.0 0.0
-0.001676277 -0.04236205 -4.094334 -4.739839 0.8156439 0.5470269 0.1457196 19.18775 0.7906322 0 0.0 0.0423952023793168 6.2633572985641655 0.0 0.0
-0.01277275 -0.0232987 -1.024116 -4.287286 0.5397696 0.349639 0.01935612 18.05499 1.092411 0 0.0 0.02657014422716783 4.40790594582643 0.0 0.0
-0.005975448 -0.002950633 -3.189597 -5.462456 0.2759139 0.1909275 -0.08535821 14.99155 1.260345 0 0.0 0.006664248937531746 6.325500341818424 0.0 0.0
0.01328105 -0.03628588 -2.98749 -5.825686 0.1722334 0.1125946 -0.220036 16.35092 0.4447165 1 0.9958256 0.038640022987530685 6.54703855729413 0.0 1.0
0.01374951 0.0127005 5.418407 -1.914403 1.414139 0.8913245 -0.5106909 19.13503 0.8263321 0 0.0 0.018717684832534713 5.746657573238378 0.0 0.0
-0.1160193 0.02045437 -1.640099 -0.4240479 0.1425328 0.1013287 -0.1325396 16.34957 1.297119 1 0.0 0.11780857025100891 1.6940310951382829 0.0 0.0
-0.01138439 0.002628015 -4.15316 -5.605873 0.3926465 0.263838 -0.1622332 16.46137 1.146049 0 0.0 0.011683783570073738 6.976714848532151 0.0 0.0
0.03132813 -0.03678668 -1.875655 -3.373809 1.801956 1.051435 0.4539389 19.95002 0.7617607 0 0.0 0.048318852994657276 3.8601384492665547 0.0 0.0
-0.1076775 -0.06233293 -1.212564 -2.84482 0.2905562 0.197561 -0.3279482 17.1646 1.127916 1 0.0 0.12441799776814808 3.092460555366228 0.0 0.0
0.01494055 -0.01602048 -4.903916 -5.251181 1.974507 1.158672 0.5618888 19.40889 0.8278198 0 0.0 0.021906067966043108 7.184935214030603 0.0 0.0
-0.04761263 -0.04566633 -1.764827 -13.49719 2.995097 1.892684 -0.4660773 20.47136 1.304989 0 0.0 0.06597254149406251 13.612081113335647 0.0 0.0
-0.0542737 -0.03463865 -3.043036 -5.055919 0.9924728 0.6924794 0.1076143 19.50932 0.8852806 1 0.9276568 0.06438532896174795 5.901049485630247 0.0 0.0
0.03741762 -0.007046944 -1.418816 -5.825373 0.8013915 0.5372524 0.2143061 19.07224 0.9204998 0 0.0 0.03807542128727581 5.995665887204273 0.0 0.0
0.03399104 -0.002975756 -1.725061 -4.580283 0.714243 0.4689906 0.1600887 18.90625 nan 0 0.0 0.034121048108947886 4.894366947196542 0.0 0.0
-0.0001174153 -0.03261549 -0.7393818 -5.924783 0.8442571 0.5769972 0.2274838 19.22855 0.6615829 0 0.0 0.03261570134602004 5.970740242487546 0.0 0.0
0.01219995 -0.03268089 -3.0407 -5.406606 0.1132757 0.07495517 -0.2204368 15.45722 1.341807 1 0.998001 0.03488379783215411 6.203002896117009 0.0 1.0
-0.06618176 0.04771536 -1.387081 -4.803969 1.014433 0.7669295 -0.05588203 19.74128 1.326725 1 0.6987104 0.08158909814814232 5.000211180892463 0.0 0.0
-0.03156448 0.02986747 -0.9507728 -7.168169 1.853778 0.9337736 -0.1506165 19.71176 0.9482937 0 0.0 0.043455519348769726 7.230948466818226 0.0 0.0
0.003688569 -0.03924548 -0.4514914 -3.304381 1.433121 0.9659645 0.2168153 19.97965 0.6422691 0 0.0 0.0394184378393939 3.3350829491086063 0.0 0.0
0.04684732 -0.0365909 -2.613027 -5.508073 0.4722283 0.2919609 0.2143456 18.17167 1.114571 1 0.9866751 0.059443799962589874 6.096456206359396 0.0 0.0
-0.02601024 0.009370376 -1.200253 -6.88355 2.112061 1.390628 0.5647415 19.65767 nan 0 0.0 0.02764663688839885 6.987407807370985 0.0 0.0
-0.05522797 -0.03651014 -8.747337 -7.649233 1.506551 0.9955633 0.02568029 19.67731 nan 0 0.0 0.06620512814835797 11.62009767944564 0.0 0.0
-0.006239416 -0.06658169 -3.229221 -5.424921 0.7379669 0.4465197 0.2550349 18.86932 0.9344215 0 0.0 0.06687340095491746 6.313290435508413 0.0 0.0
-0.1107328 -0.01813259 -2.186128 -6.599636 2.711243 2.163671 -0.4119285 20.60326 1.683128 0 0.0 0.11220759250580195 6.952291058700003 0.0 0.0
0.007340709 -0.02735332 -0.1011279 -4.071306 2.413293 1.158283 0.223763 19.83512 nan 0 0.0 0.028321195660583984 4.072561773355244 0.0 0.0
0.01111666 -0.05491666 -3.778839 -7.528961 1.935613 1.162171 0.3023206 20.18675 0.693224 0 0.0 0.05603052449434326 8.424065403796554 0.0 0.0
-0.03634685 -0.004149389 -1.614344 -3.792784 1.72247 1.211046 0.1288782 20.09244 0.8531322 0 0.0 0.03658293227716747 4.122052525258746 0.0 0.0
0.007045262 -0.03678323 -3.151751 -5.826633 0.1634096 0.1077659 0.002442533 16.47832 0.4506569 1 0.9940643 0.03745185877738973 6.624438578678951 0.0 1.0
-0.01666864 0.01881513 9.554363 -3.639143 1.995197 1.057377 -0.005969022 19.63283 0.8345966 0 0.0 0.025136679899431826 10.223952959116058 0.0 0.0
