jas1101finalproject/data/gcs/NGC_6541.ecsv
# %ECSV 0.9
# ---
# datatype:
# - {name: x, unit: deg, datatype: float64}
# - {name: y, unit: deg, datatype: float64}
# - {name: pmx, unit: mas / yr, datatype: float64}
# - {name: pmy, unit: mas / yr, datatype: float64}
# - {name: pmx_e, unit: mas / yr, datatype: float64}
# - {name: pmy_e, unit: mas / yr, datatype: float64}
# - {name: pm_corr, datatype: float64}
# - {name: g_mag, unit: mag, datatype: float64}
# - {name: bp_rp, unit: mag, datatype: float64}
# - {name: filter, datatype: int64}
# - {name: memberprob, datatype: float64}
# - {name: r, unit: deg, datatype: float64}
# - {name: pm, unit: mas / yr, datatype: float64}
# - {name: member_prob_GMM, datatype: float64}
# meta: !!omap
# - comments: [deg deg mas/yr mas/yr mas/yr mas/yr dimless mag   mag   zeroone float]
# - __serialized_columns__:
#     bp_rp:
#       __class__: astropy.units.quantity.Quantity
#       unit: &id001 !astropy.units.Unit {unit: mag}
#       value: !astropy.table.SerializedColumn {name: bp_rp}
#     g_mag:
#       __class__: astropy.units.quantity.Quantity
#       unit: *id001
#       value: !astropy.table.SerializedColumn {name: g_mag}
#     pm:
#       __class__: astropy.units.quantity.Quantity
#       unit: !astropy.units.Unit {unit: mas / yr}
#       value: !astropy.table.SerializedColumn {name: pm}
#     pmx:
#       __class__: astropy.units.quantity.Quantity
#       unit: !astropy.units.Unit {unit: mas / yr}
#       value: !astropy.table.SerializedColumn {name: pmx}
#     pmx_e:
#       __class__: astropy.units.quantity.Quantity
#       unit: !astropy.units.Unit {unit: mas / yr}
#       value: !astropy.table.SerializedColumn {name: pmx_e}
#     pmy:
#       __class__: astropy.units.quantity.Quantity
#       unit: !astropy.units.Unit {unit: mas / yr}
#       value: !astropy.table.SerializedColumn {name: pmy}
#     pmy_e:
#       __class__: astropy.units.quantity.Quantity
#       unit: !astropy.units.Unit {unit: mas / yr}
#       value: !astropy.table.SerializedColumn {name: pmy_e}
#     r:
#       __class__: astropy.units.quantity.Quantity
#       unit: &id002 !astropy.units.Unit {unit: deg}
#       value: !astropy.table.SerializedColumn {name: r}
#     x:
#       __class__: astropy.units.quantity.Quantity
#       unit: *id002
#       value: !astropy.table.SerializedColumn {name: x}
#     y:
#       __class__: astropy.units.quantity.Quantity
#       unit: *id002
#       value: !astropy.table.SerializedColumn {name: y}
# schema: astropy-2.0
x y pmx pmy pmx_e pmy_e pm_corr g_mag bp_rp filter memberprob r pm member_prob_GMM
[from data line 12673]
0.08685858 0.02493027 -0.1621653 -10.30588 2.415186 1.919839 -0.1815492 20.68699 0.3553581 0 0.0 0.09036554255848465 10.307155774457089 0.0
0.06915968 -0.01414355 0.4397566 -8.756968 0.2987639 0.2521287 -0.09095645 17.91079 0.9874039 1 0.9869378 0.0705910854450114 8.768002875242889 1.0
0.006002805 0.01072211 -0.008454691 -8.994964 0.5584388 0.4660162 -0.02482633 16.59848 0.6987085 0 0.0 0.012288096301711059 8.994967973433585 0.0
-0.06179931 -0.06930367 0.9128727 -9.648253 0.6796646 0.5979468 -0.1566601 19.08069 0.7615643 1 0.8885355 0.09285555121771126 9.691342658187992 0.0
0.03879669 -0.07628813 2.825877 -1.863268 1.630473 1.425469 -0.144905 20.241 0.6433144 0 0.0 0.08558657566378619 3.384870523218429 0.0
0.1273831 0.0603804 -1.463149 -4.766477 0.9921949 0.8587962 0.2360046 19.99402 1.197536 1 2.344698e-06 0.14096895711386248 4.9859911740525575 0.0
-0.01663939 -0.1240492 -1.584126 -10.53809 1.07178 0.9378045 -0.1960658 19.76352 0.795372 1 0.1324862 0.12516019063668807 10.656490793501208 0.0
0.04042795 -0.009501493 0.6799491 -8.554739 0.1671022 0.1405324 0.1801787 15.89896 0.1662197 1 0.9786359 0.04152947760845962 8.58171836736162 1.0
-0.09138331 -0.1018428 -0.2699602 -3.704643 0.6865508 0.6419244 -0.5112035 18.77769 1.017803 1 0.0 0.13683152143565497 3.7144660810179757 0.0
0.06452165 -0.1429873 1.466038 -5.675713 1.754347 1.556564 -0.5791691 20.05491 0.9733543 0 0.0 0.15687068330319884 5.861995008170256 0.0
0.1105317 -0.0136868 -0.5139415 7.1494 2.966278 2.239714 0.2897408 20.55541 nan 0 0.0 0.1113758735055757 7.167848786450663 0.0
0.07101359 -0.01290595 0.297459 -8.369486 0.4558816 0.3826267 -0.08147747 18.4696 0.7483654 1 0.9474006 0.07217682114148974 8.374770310932535 1.0
0.04118898 0.006771491 7.488172 -17.47425 1.741654 1.598191 -0.1685163 19.32262 1.134352 0 0.0 0.041741887401068496 19.01110551662065 0.0
0.01547244 -0.05514796 0.07983557 -8.469365 0.1463534 0.1309222 -0.4654196 16.09669 1.098478 1 0.9687328 0.057277341870195064 8.469741272403912 1.0
-0.03398414 -0.1643702 0.9103148 0.4168945 1.438847 1.255194 0.2588574 20.04197 1.485081 0 0.0 0.16784660979471583 1.0012362654385278 0.0
0.06312935 -0.02354013 0.3427874 -8.680241 0.0534598 0.04518827 -0.1804103 13.42961 1.411182 1 0.9959172 0.0673754595668141 8.687006792887857 1.0
0.01705198 -0.002951889 0.274164 -9.091977 0.1822739 0.1565886 -0.01006148 16.65086 1.011718 0 0.0 0.017305596510629764 9.09610969961472 1.0
0.07428001 -0.02864554 -0.04059913 -7.721462 1.318442 1.251998 -0.4323525 19.71408 0.3151474 0 0.0 0.07961210239336541 7.721568733541181 0.0
-0.01434663 -0.1385178 -1.616799 -7.4258 1.332254 1.205854 -0.07950414 20.21013 1.330631 0 0.0 0.1392587760580887 7.599772670705421 0.0
-0.04996738 -0.1750053 -1.666229 -3.111833 0.5093539 0.5033053 0.1058433 18.88202 0.8436604 0 0.0 0.18199888486513977 3.529847546329728 0.0
0.07526236 0.01623699 5.172563 -4.678074 0.5557975 0.4715142 -0.1046828 18.41844 0.8829994 0 0.0 0.07699391324663074 6.974222848349843 0.0
0.05990264 -0.1189538 -2.732504 -9.654235 2.35746 2.134718 -0.5386784 20.21039 0.5671768 0 0.0 0.13318533257611215 10.033485513282061 0.0
0.004656776 0.007536959 2.159665 -8.39364 1.243111 1.056105 -0.105887 15.49272 0.866889 0 0.0 0.008859532362481498 8.667026327514241 0.0
0.04315004 -0.1490716 -2.951942 -8.820041 1.052425 0.9396658 0.04431218 19.51368 nan 0 0.0 0.15519106893942575 9.300918492979335 0.0
-0.03380839 -0.1639657 -1.63994 -6.041236 1.460845 1.221268 0.03138817 19.92856 0.835577 0 0.0 0.1674149276823369 6.259867060193531 0.0
-0.005034467 -0.1763922 -0.9665554 -2.286464 0.4099628 0.3830594 -0.5329909 18.0726 0.9416656 1 0.0 0.17646403055244456 2.4823672098553753 0.0
0.005867254 -0.02173713 0.4829751 -8.719106 0.09052148 0.089076 -0.2306255 14.76346 1.199322 0 0.0 0.022515050302795596 8.732472409716276 1.0
-0.06938972 -0.07861985 0.4208419 -9.388108 0.6792985 0.6007961 -0.1719543 19.08586 0.7388134 1 0.8947716 0.10486188085143668 9.397535832571197 0.0
0.01685275 -0.005496236 0.2263075 -8.715322 0.154239 0.1293433 0.1121627 15.25026 1.092038 0 0.0 0.01772635869912927 8.718259725899443 1.0
0.03414531 -0.08164494 -3.339866 -4.197301 1.55892 1.465635 -0.703612 19.56586 0.9642849 0 0.0 0.08849744867847716 5.363957548541655 0.0
-0.01433476 -0.1878454 -4.387076 -7.421855 1.205055 1.147272 -0.1865741 19.03254 1.047815 0 0.0 0.1883915593794414 8.62150610223069 0.0
-0.00416549 -0.02215661 -1.330057 -7.504599 0.7683191 0.7048369 -0.3969256 17.78386 nan 0 0.0 0.0225447704275781 7.621552189288609 0.0
0.07374124 -0.01855881 -2.352275 -10.63389 1.852344 1.488181 0.5150491 20.02491 nan 0 0.0 0.07604077791128717 10.890951024025632 0.0
-0.05004074 -0.0874926 -5.128588 -11.06043 0.8591789 0.8043507 -0.6061875 18.92961 nan 0 0.0 0.10079201711697014 12.191617064960825 0.0
0.01723149 0.007671992 -4.756967 -4.046673 0.7863343 0.6921906 -0.4515644 17.115 0.6345348 0 0.0 0.01886222968973085 6.245342056926747 0.0
0.1217286 -0.07085658 1.786541 -6.625154 1.69104 1.422595 -0.02207298 20.35254 0.8025112 0 0.0 0.14084923495445903 6.861806924447598 0.0
0.0120374 -0.0409565 -0.001864388 -9.35633 0.4308174 0.3674767 0.1166623 18.43718 0.7480431 0 0.0 0.04268880287628127 9.356330185753526 1.0
0.003592811 -0.07645495 -0.02830526 -9.168649 0.9710249 0.8954491 -0.615449 19.16 0.9104156 1 0.8748914 0.07653932107344709 9.168692691597023 1.0
0.04920494 -0.06400101 2.122127 -7.915736 0.4641949 0.4045511 0.1778627 18.50013 0.8014641 0 0.0 0.08072952001234555 8.195260790592634 1.0
-0.06828725 -0.09877925 -2.340206 -4.921723 0.9420432 0.8657109 -0.007851956 19.76633 2.204355 1 1.256205e-05 0.12008533941795309 5.4497634270824085 0.0
0.01297894 -0.07001705 1.272507 -10.23091 0.9369762 0.8413733 -0.5754379 19.16274 0.5990887 0 0.0 0.07120983200532142 10.309742649220153 0.0
0.04369784 -0.03175111 -0.2376373 -6.184638 0.1177636 0.09809736 -0.002254227 15.89216 1.338312 1 0.0 0.054015129425909 6.189201780310227 0.0
0.0006175794 -0.191872 3.605392 2.484559 1.122919 1.011985 0.1094381 19.75991 1.737152 0 0.0 0.19187299390043222 4.378571102328362 0.0
0.05566958 -0.05483614 8.633151 -6.490562 3.190134 2.514126 0.7181749 20.38753 1.119251 0 0.0 0.07814156632341075 10.800865301661945 0.0
0.03522481 -0.04401359 -3.599859 -3.112974 0.2216229 0.1947439 -0.01145992 17.44952 0.9892769 1 0.0 0.056373605031292795 4.759158743365996 0.0
0.1135878 -0.07663892 -4.446414 -6.67182 1.176549 0.9677068 -0.07836273 19.91873 0.8575783 1 0.0003222281 0.13702449550210502 8.017716605854563 0.0
0.07262275 -0.03169146 -2.860837 -3.992431 0.2580033 0.225505 -0.4825688 17.19125 1.213808 1 0.0 0.07923643388299413 4.911608049338831 0.0
0.06241896 -0.0492886 -2.476262 -9.973794 4.088446 3.221617 0.6590168 20.54784 nan 0 0.0 0.07953296585342207 10.27659672494158 0.0
-0.0813911 -0.1142337 -0.1533602 -5.806396 0.6454929 0.5899657 -0.009696285 19.19629 1.036194 1 4.112762e-05 0.14026349979556335 5.808420943747108 0.0
-0.02498519 -0.1165944 0.6290144 -3.298589 0.7145355 0.6223508 -0.208342 19.14802 0.9421711 1 0.0 0.11924140988220534 3.3580274725392525 0.0
0.01962311 -0.03204356 0.511647 -8.376243 0.2081162 0.1832889 0.08327947 16.21279 0.1855164 0 0.0 0.037574674763006265 8.391854946771781 1.0
0.06315616 -0.06079832 -4.17418 0.3610466 2.246848 1.927436 0.4242529 20.08966 1.550266 0 0.0 0.08766490894746884 4.189765306048963 0.0
0.04060596 -0.007178462 2.222069 0.3044982 1.750741 1.572074 0.111185 19.52543 0.9784565 0 0.0 0.041235595111590716 2.2428352134216727 0.0
0.02557907 0.02775721 0.1265159 -8.817512 0.1484271 0.1255264 -0.1150737 16.26869 1.092894 0 0.0 0.03774588095473465 8.818419594411282 1.0
0.05971363 -0.02159495 -3.376941 1.538895 0.2947611 0.2597832 -0.4402076 17.08397 nan 0 0.0 0.06349849977187964 3.7110548821738005 0.0
0.1082686 0.01533197 -1.911951 -4.004512 0.8821517 0.7473921 -0.07030071 19.42945 0.5173607 0 0.0 0.10934879537535337 4.437530054494842 0.0
-0.01035865 -0.038675 9.31923 -13.99088 2.200077 1.968641 -0.843596 19.54853 nan 0 0.0 0.04003819744721908 16.810495857270244 0.0
-0.03274421 -0.01839649 1.522787 -10.87019 1.606687 1.454158 -0.4123969 19.42072 nan 0 0.0 0.037558143362581176 10.976334127725384 0.0
0.01118444 -0.004998999 0.4165434 -8.872263 0.06812567 0.05703594 -0.2002307 13.81748 1.262866 1 0.9981449 0.012250783204171112 8.88203575455833 1.0
0.07565139 0.06231807 -6.967323 -3.701895 0.3858128 0.3237388 -0.05470264 18.32767 0.9037514 0 0.0 0.0980136452615502 7.88971586163621 1.0
0.04874773 -0.003087546 0.5469963 -9.182209 0.2796064 0.2377337 -0.1785183 17.47153 nan 0 0.0 0.048845410433888424 9.198487216488083 1.0
0.1171578 0.01406785 -3.359977 -5.107464 0.8864869 0.7407888 -0.06318789 19.60295 nan 0 0.0 0.11799938349187467 6.113561478534832 0.0
-0.03451317 -0.1244803 -1.769589 -3.389443 0.9754951 0.881872 -0.008429828 19.77978 nan 0 0.0 0.1291762516546246 3.823580662045722 0.0
-0.08099184 -0.1001951 -1.537127 -6.942367 0.4553698 0.4271217 -0.4842839 17.95921 1.460058 1 0.0002785317 0.1288360827198483 7.1105006136571 0.0
-0.1465576 -0.1235589 1.623418 -11.3161 1.039881 0.9699754 0.3381355 19.93725 1.174141 1 0.0421901 0.1916922843699506 11.43195544133741 0.0
-0.01086512 -0.04167344 26.0527 -34.00015 1.60771 1.573234 -0.346306 19.55404 0.3154335 0 0.0 0.04306653496681617 42.83402126012103 0.0
-0.050611 -0.09033884 -22.53904 11.82112 1.978431 1.708326 -0.1016379 19.98621 0.8509674 0 0.0 0.10354988813874016 25.450878220132207 0.0
-0.1171091 -0.14375 -1.97536 -0.3349734 0.1025871 0.0941518 -0.02183258 15.70583 1.289521 0 0.0 0.18541468065611738 2.003560407950696 0.0
-0.1023321 -0.09915586 2.045099 1.106766 1.133593 1.037207 0.01171538 19.87247 1.420605 1 0.0 0.14249120415923783 2.325373281552233 0.0
0.03813919 -0.03640506 0.6089511 -8.015319 0.7947652 0.7137935 0.3179495 18.92582 0.8869514 0 0.0 0.052725005523562546 8.038417761845437 1.0
0.06706247 -0.1143227 -5.013223 -7.589945 1.752323 1.455734 -0.2024048 20.25659 0.6140728 0 0.0 0.13254076587145142 9.096134890751896 0.0
0.04624443 0.04003197 0.2451564 -8.855172 0.06877902 0.05598884 0.1791851 13.83865 1.293715 1 0.9975072 0.06116458066647559 8.858564940781601 1.0
0.07791268 0.01826303 -0.06201723 -5.080147 0.5449018 0.4578878 -0.09477458 18.87376 0.8859787 0 0.0 0.08002452105175825 5.080525531716761 0.0
0.01355888 -0.03870997 0.291017 -9.493899 1.208049 1.009924 0.4892115 19.5357 nan 0 0.0 0.041015911598491876 9.498358232688952 1.0
0.01609991 -0.01640225 0.2691863 -9.021837 0.1278783 0.1062308 0.059339 15.83752 0.2507353 0 0.0 0.022983492055616787 9.025851988520346 1.0
-0.003280542 -0.07596665 0.06940376 -7.866283 2.402263 2.158565 -0.3022867 20.55362 nan 0 0.0 0.07603745043093084 7.866589166722204 1.0
0.00742812 -0.05948754 0.6573817 -9.312144 2.330721 2.056489 -0.3922634 20.16436 1.078936 0 0.0 0.05994951527732314 9.335318772073661 1.0
0.08866246 -0.1127487 -0.1689694 -2.561232 1.13765 0.9670812 -0.1196882 19.89381 1.143164 1 0.0 0.14343396098881742 2.5667995667679935 0.0
-0.0279046 -0.0878711 0.9908442 -7.006921 0.7913352 0.7212936 -0.05858334 19.49953 0.6073322 0 0.0 0.09219542784959565 7.07663155243472 0.0
0.09889225 -0.1042236 -3.403403 -7.690427 0.3433867 0.2960668 -0.03152783 18.21595 1.460491 0 0.0 0.14367406135772212 8.40986441167383 0.0
-0.04355389 -0.1029256 -8.230976 -3.973118 0.6489611 0.6295722 -0.7908255 17.83475 0.8303261 1 0.0 0.11176144446763428 9.1397282538651 0.0
0.06294748 -0.04970114 -1.007384 -7.915493 2.042879 1.660244 0.5871906 20.03703 0.7993088 0 0.0 0.08020341985009118 7.97933906764871 1.0
0.07945311 0.06518181 -7.495266 -2.162353 1.651271 1.355404 -0.008753593 20.32616 0.9884319 0 0.0 0.10276898872494658 7.800947564710649 0.0
-0.06286873 -0.09990627 -1.158894 -7.530629 0.5519328 0.5153547 -0.5029921 18.43711 0.7639103 1 0.1236292 0.11804126395937059 7.619278734819787 0.0
-0.0659322 -0.07767371 2.592179 -11.09047 2.0195 1.74899 -0.2653233 19.32675 1.30975 0 0.0 0.10188356207948415 11.389377366166292 0.0
0.01151438 -0.009725472 0.4511614 -8.899089 0.3547858 0.3078621 0.2526949 16.02201 0.9871178 0 0.0 0.01507201885638364 8.910518034254292 1.0
0.08833354 -0.007420549 -4.575295 -7.442832 1.418987 1.29819 0.2828855 19.94521 0.5070992 0 0.0 0.08864467742844463 8.736651104241774 1.0
-0.04772673 -0.1166655 -2.659874 -10.08904 0.7864047 0.7173879 -0.04182509 19.37737 1.024204 1 0.003484223 0.1260503060160621 10.433774859439703 0.0
0.1253305 0.02910414 -9.874449 -5.750046 0.8852375 0.7778531 0.2700636 19.82366 1.459915 0 0.0 0.1286654001485621 11.426625576070872 0.0
0.06804355 -0.04540374 0.815341 -4.7568 0.9910704 0.8270677 0.1781389 19.44334 0.9797554 0 0.0 0.08180112653619202 4.82617106889934 0.0
-0.01144426 -0.01012219 7.159218 3.071764 0.7017909 0.6652002 -0.5358403 17.84427 nan 0 0.0 0.015278410170685298 7.7903874385822425 0.0
0.04919807 0.008123485 1.707113 -2.388296 0.9482847 0.8110607 -0.1303646 18.87852 0.7115459 0 0.0 0.049864226658699176 2.935675829921451 0.0
0.009987009 -0.04333649 -2.938221 -7.290825 1.160052 0.9891947 -0.07069927 19.57114 1.020264 0 0.0 0.044472370234631985 7.860615231994631 0.0
0.0840545 -0.101729 -4.845143 -2.516772 1.768041 1.482852 -0.03777662 20.47576 0.1533546 0 0.0 0.1319619203075266 5.459812450115206 0.0
-0.0002842416 -0.120217 0.3792567 2.007566 1.614384 1.41616 -0.226255 20.41353 1.051298 0 0.0 0.12021733603057078 2.043075350752118 0.0
0.05904448 -0.02934575 1.984327 -9.882957 1.273906 1.085139 0.3650583 19.74355 0.4985371 0 0.0 0.06593499572710156 10.080198048985842 0.0
-0.01475582 -0.1746238 1.935163 -10.36173 0.5756323 0.5328597 -0.5067746 18.50056 0.7555733 1 0.1632254 0.1752461290594243 10.54088726955511 0.0
-0.02867205 -0.186607 -0.8264784 -7.811366 0.5855246 0.5480708 0.01034661 19.15636 0.8509579 1 0.06567746 0.18879687206148965 7.8549669211030135 0.0
-0.001056869 0.001349692 0.5724992 -8.945302 0.07320833 0.06063558 -0.1624863 13.42421 1.144249 0 0.0 0.0017142463586150621 8.963603248984453 0.0
-0.008202207 -0.1709796 -0.02243221 -7.002601 1.579936 1.367828 -0.1553462 20.29551 1.250816 0 0.0 0.1711762244467112 7.002636929703445 0.0
0.03465235 -0.04292607 2.124713 -4.009784 1.126744 1.089432 0.8278518 18.65319 1.299952 0 0.0 0.055167316829508754 4.537926074654037 0.0
0.0714114 0.02484385 -4.054952 -7.040698 0.9426621 0.7671144 -0.2670587 19.37102 0.5090828 0 0.0 0.07560955582981889 8.124903940940348 1.0
0.1089345 0.01755474 1.013535 -4.872985 0.4080362 0.3535202 -0.04625471 17.92265 1.006536 0 0.0 0.11033990296677626 4.977271944192923 0.0
0.02678671 0.01408099 0.4850105 -8.996406 0.156949 0.1351364 -0.2713973 16.26103 1.007906 0 0.0 0.03026222252254781 9.009470356349826 1.0
-0.01031425 -0.1679701 -1.608847 -3.118321 1.289063 1.116517 -0.1759378 19.96061 0.8961754 0 0.0 0.16828647672071723 3.508890783203433 0.0
-0.02761879 -0.08675326 -1.15009 -14.22781 0.5648495 0.5171853 -0.08761545 18.96018 0.8656483 0 0.0 0.09104353728679318 14.274217470817796 0.0
0.08803808 -0.1031843 -3.691247 -5.545489 0.3976075 0.3425408 -0.03407039 18.4268 0.9555721 1 0.0 0.13563813363717594 6.661662905321013 0.0
0.01158417 0.009042826 -0.1935445 -8.574037 0.1128707 0.09510874 -0.3533809 12.44905 1.523326 1 0.8777091 0.014695771386870986 8.576221192975918 1.0
0.07413261 -0.1296127 -6.831411 -6.083308 2.024722 1.823774 -0.5851948 20.10506 0.9267998 0 0.0 0.14931542407501677 9.147393753074423 0.0
0.09205351 -0.09813971 -1.614216 -6.371515 0.7337021 0.621511 -0.02885598 19.30782 0.7994537 1 0.0002440354 0.1345557556636066 6.572814974566148 0.0
-0.05004439 -0.05681482 -3.143823 -6.559982 0.5328596 0.509008 -0.549819 18.21079 0.9426804 1 0.0 0.07571238169615654 7.274406291626348 0.0
-0.01370047 -0.1731168 -1.071682 -4.655023 0.2686209 0.2453155 -0.07212362 17.79857 0.9050426 1 0.0 0.17365808164453764 4.776791961102451 0.0
0.0121781 0.0005626359 -0.02131962 -9.064106 0.08509257 0.07198644 -0.1456672 12.56286 1.501073 1 0.9726044 0.012191090138538424 9.064131072829484 0.0
