jas1101finalproject/data/gcs/NGC_5986.ecsv
# %ECSV 0.9
# ---
# datatype:
# - {name: x, unit: deg, datatype: float64}
# - {name: y, unit: deg, datatype: float64}
# - {name: pmx, unit: mas / yr, datatype: float64}
# - {name: pmy, unit: mas / yr, datatype: float64}
# - {name: pmx_e, unit: mas / yr, datatype: float64}
# - {name: pmy_e, unit: mas / yr, datatype: float64}
# - {name: pm_corr, datatype: float64}
# - {name: g_mag, unit: mag, datatype: float64}
# - {name: bp_rp, unit: mag, datatype: float64}
# - {name: filter, datatype: int64}
# - {name: memberprob, datatype: float64}
# - {name: r, unit: deg, datatype: float64}
# - {name: pm, unit: mas / yr, datatype: float64}
# - {name: member_prob_GMM, datatype: float64}
# - {name: member_prob_DB, datatype: float64}
# meta: !!omap
# - comments: [deg deg mas/yr mas/yr mas/yr mas/yr dimless mag   mag   zeroone float]
# - __serialized_columns__:
#     bp_rp:
#       __class__: astropy.units.quantity.Quantity
#       unit: &id001 !astropy.units.Unit {unit: mag}
#       value: !astropy.table.SerializedColumn {name: bp_rp}
#     g_mag:
#       __class__: astropy.units.quantity.Quantity
#       unit: *id001
#       value: !astropy.table.SerializedColumn {name: g_mag}
#     pm:
#       __class__: astropy.units.quantity.Quantity
#       unit: !astropy.units.Unit {unit: mas / yr}
#       value: !astropy.table.SerializedColumn {name: pm}
#     pmx:
#       __class__: astropy.units.quantity.Quantity
#       unit: !astropy.units.Unit {unit: mas / yr}
#       value: !astropy.table.SerializedColumn {name: pmx}
#     pmx_e:
#       __class__: astropy.units.quantity.Quantity
#       unit: !astropy.units.Unit {unit: mas / yr}
#       value: !astropy.table.SerializedColumn {name: pmx_e}
#     pmy:
#       __class__: astropy.units.quantity.Quantity
#       unit: !astropy.units.Unit {unit: mas / yr}
#       value: !astropy.table.SerializedColumn {name: pmy}
#     pmy_e:
#       __class__: astropy.units.quantity.Quantity
#       unit: !astropy.units.Unit {unit: mas / yr}
#       value: !astropy.table.SerializedColumn {name: pmy_e}
#     r:
#       __class__: astropy.units.quantity.Quantity
#       unit: &id002 !astropy.units.Unit {unit: deg}
#       value: !astropy.table.SerializedColumn {name: r}
#     x:
#       __class__: astropy.units.quantity.Quantity
#       unit: *id002
#       value: !astropy.table.SerializedColumn {name: x}
#     y:
#       __class__: astropy.units.quantity.Quantity
#       unit: *id002
#       value: !astropy.table.SerializedColumn {name: y}
# schema: astropy-2.0
x y pmx pmy pmx_e pmy_e pm_corr g_mag bp_rp filter memberprob r pm member_prob_GMM member_prob_DB
[from data line 5364]
0.009921216 0.01335148 -1.615069 -7.384893 1.339232 0.8841988 -0.4199056 19.00898 nan 0 0.0 0.01663407782562821 7.559437313465202 0.0 0.0
0.1212819 0.01273384 -6.935892 -3.357797 1.134855 0.7690562 -0.0125787 19.82281 1.104151 1 0.09688298 0.1219485545168765 7.70593268390485 0.0 0.0
0.05828377 -0.005935064 -4.05927 -4.679622 0.8109543 0.5450165 -0.3092167 18.95811 1.161045 1 0.9480675 0.05858517585615832 6.19487974021966 1.0 0.0
-0.07191793 -0.02031323 -0.5198109 -2.132164 3.750324 1.833111 -0.5056258 20.50167 nan 0 0.0 0.07473162629381085 2.1946131081935167 0.0 0.0
0.007167046 -0.02993739 2.938264 -4.542024 1.598236 1.030045 -0.3682026 19.05684 1.619095 0 0.0 0.03078333751200828 5.409563508294546 1.0 0.0
0.06797033 -0.0932732 -4.29489 -7.099886 1.604567 1.062537 -0.3777015 20.01948 1.475994 0 0.0 0.1154116787788346 8.297858839790901 0.0 0.0
-0.01477056 0.02513808 -11.76807 -0.1572632 1.687072 0.7299748 -0.3101282 19.40524 0.8529491 0 0.0 0.029156345943893585 11.769120750462807 0.0 0.0
0.1038743 0.01032276 -5.040341 -4.511529 1.012905 0.694134 -0.01561041 19.54338 1.219501 0 0.0 0.10438596445168097 6.764534818753023 0.0 0.0
-0.01524109 0.02547368 -5.170793 -5.90643 0.9648481 0.4569074 -0.2418849 18.94606 0.9462337 0 0.0 0.02968499953057941 7.8500328402974855 1.0 0.0
-0.04364234 0.01241992 -8.916718 -7.996614 3.245404 3.150231 -0.1549929 20.42826 1.261631 0 0.0 0.045375194252829376 11.97721567629639 0.0 0.0
0.0005376282 0.02454828 -6.093787 -1.152829 2.366633 1.207633 -0.2946916 19.96185 nan 0 0.0 0.02455416655152105 6.201875095856898 1.0 0.0
-0.004551989 0.008137311 -9.002323 2.885381 1.131182 0.6661368 -0.2149974 18.4315 nan 0 0.0 0.009323970944122573 9.453424930229785 0.0 0.0
-0.009885512 0.02921299 -2.118254 -5.179442 0.7750667 0.414667 -0.3332554 18.28024 1.163723 0 0.0 0.03084026803129707 5.595857346276797 1.0 0.0
-0.002128725 0.03873129 -4.68583 -4.725229 3.508361 1.609218 -0.4531237 20.44628 0.938839 0 0.0 0.03878974471673828 6.6546819526812095 1.0 0.0
0.02433372 -0.02544352 -1.956896 -3.294295 1.529469 0.6036429 -0.1830405 19.22069 1.201044 0 0.0 0.035206570963795945 3.8316865088157983 0.0 0.0
-0.01680811 0.02015947 -5.411587 -4.637663 2.010604 0.9825884 0.01654301 19.50995 1.033443 0 0.0 0.026247224471417925 7.126934260966492 1.0 0.0
-0.005347975 0.008118184 -4.442514 -4.375669 0.07815253 0.05179798 -0.2371415 14.75615 1.499263 1 0.988556 0.009721406691342617 6.235576143208982 1.0 0.0
0.02164628 0.01849118 -2.342501 -6.747355 0.5465291 0.3696442 -0.2354191 18.14225 1.178238 0 0.0 0.028469021332508077 7.1424162879956805 1.0 0.0
-0.04590344 0.002126491 7.898856 -12.13033 3.915166 3.096704 -0.5118666 20.66217 1.000118 0 0.0 0.04595266877784881 14.475387111149603 0.0 0.0
-0.02252569 0.02020754 -7.830357 -2.784562 2.646308 1.216593 -0.00410539 19.77419 1.102673 0 0.0 0.030261384350814158 8.310732595824089 0.0 0.0
0.02417036 -0.008906754 -3.648858 -3.748779 3.061619 1.463672 0.1406753 19.87017 nan 0 0.0 0.02575920358524533 5.231396438333173 0.0 0.0
-0.06230049 0.02625771 1.314879 -6.142495 2.379469 1.534081 -0.5677351 19.98857 1.362535 0 0.0 0.06760782786544914 6.281651980941478 1.0 0.0
-0.006278407 0.02907987 -6.388473 -2.53082 0.7936301 0.532862 -0.06378192 18.88099 0.03286362 0 0.0 0.029749911490196894 6.8715090878299065 1.0 0.0
-0.007712247 0.01223403 -2.854933 -2.504941 0.8198936 0.5284369 -0.2450134 17.7983 1.213015 0 0.0 0.014462027652784688 3.7980747554478174 0.0 0.0
-0.02465137 -0.04398305 -4.148248 -6.689013 0.4416086 0.2891846 -0.4413571 18.09629 1.267694 1 0.0 0.05042022144119758 7.870886632627419 0.0 0.0
-0.01512234 -0.02426613 2.321322 -6.650564 2.160141 1.478416 -0.5044881 19.73101 0.8835735 0 0.0 0.028592485590667002 7.04404268483518 1.0 0.0
-0.01320994 0.0001025181 -4.378573 -4.421311 0.0691674 0.04867186 -0.3780734 14.40385 1.569591 1 0.9950707 0.013210337799027987 6.2225310344786555 1.0 0.0
-0.03629557 0.00925769 -1.72765 -2.130087 2.868492 2.249948 -0.1410124 20.33477 1.306292 0 0.0 0.03745761906156076 2.7426347095573993 0.0 0.0
-0.01319764 -0.06863831 -7.291691 -3.642244 1.596169 1.018727 -0.5044102 19.89637 0.9664383 0 0.0 0.06989560287475671 8.150748370242882 0.0 0.0
0.000103359 0.02626871 -3.698068 -8.754282 1.97516 1.179682 -0.1549912 19.95824 nan 0 0.0 0.02626891334157127 9.503323643239138 0.0 0.0
0.0187575 -0.004873047 -3.897039 -4.473634 1.677161 1.166501 -0.524468 19.32651 nan 0 0.0 0.01938015462565273 5.932985263210839 1.0 0.0
0.1071294 0.02608427 -3.617283 -2.676188 1.958758 1.226616 -0.3139336 20.21808 1.765394 0 0.0 0.11025922857426901 4.499635375609117 0.0 0.0
-0.03389632 -0.04151098 -6.60625 -7.105806 1.95629 1.377016 -0.6358108 19.94643 1.069866 0 0.0 0.053592181986767434 9.702320236527756 0.0 0.0
0.04793945 0.03366512 -0.2726045 -5.29638 2.203686 1.236312 -0.5809652 20.0967 0.9623222 0 0.0 0.058579272536596935 5.303390832082834 1.0 0.0
-0.0135101 -0.007076797 -1.184019 -8.201672 0.8600951 0.5586558 -0.4951385 17.42582 0.7214432 0 0.0 0.015251355932808368 8.2866956374628 0.0 0.0
0.07081106 -0.01966748 -6.129533 -4.598622 2.35894 1.890296 -0.2667489 20.55241 0.8106594 0 0.0 0.07349160488024464 7.662799690516059 0.0 0.0
-0.0054947 0.03503849 -8.874421 -3.13972 2.805883 1.364169 -0.285674 20.27207 0.9426098 0 0.0 0.03546670987799826 9.413457906828977 0.0 0.0
0.1035305 0.0491073 2.481645 -0.4299604 3.364231 2.276646 -0.03124612 20.82469 1.19029 0 0.0 0.11458661066433547 2.518616257311375 0.0 0.0
-0.007251809 -0.009326589 -3.837555 -4.848243 0.2975837 0.2236602 -0.4310579 17.16234 nan 0 0.0 0.011814143902433303 6.183226387984997 1.0 0.0
-0.03961463 -0.05369034 -9.496428 -7.747655 0.4767342 0.309405 -0.4593122 18.1967 1.731941 1 0.0 0.0667230958465845 12.255949688139594 0.0 0.0
0.03189927 -0.1203827 -8.865385 -2.483873 1.265924 0.8874793 -0.4736059 19.60918 1.809856 1 0.01425961 0.12453737545742202 9.20677339127851 0.0 0.0
4.304709e-05 0.03478692 -4.302542 -3.125578 2.781285 1.365044 0.08391073 20.08094 nan 0 0.0 0.03478694663431037 5.317998260233638 1.0 0.0
-0.04986047 0.02228842 -0.3665152 -5.76327 1.366197 1.006558 -0.4876636 19.36436 1.122509 0 0.0 0.05461538368186476 5.774912508837779 1.0 0.0
-0.04417396 -0.006203755 -2.514593 -6.35433 1.155886 0.7780468 -0.5425009 19.28606 0.9744015 0 0.0 0.04460745810043008 6.833790141974584 1.0 0.0
-0.03215694 -0.1055475 -1.322361 -6.308141 1.942389 1.235842 -0.5713155 20.05382 1.226933 1 0.4777294 0.110337407738326 6.445252631992171 0.0 0.0
0.0007789988 0.03487084 -1.965415 -4.969701 1.146346 0.6698216 -0.2482978 19.45565 0.8374653 0 0.0 0.03487954015516835 5.344229051194008 1.0 0.0
-0.003876593 0.007900838 -4.137019 -0.8943995 0.6978932 0.4697063 -0.2841286 17.86057 1.068323 0 0.0 0.008800637158177412 4.232596918200604 0.0 0.0
-0.04728576 -0.02376092 -7.687537 -0.3296336 2.261062 1.535007 -0.6061054 19.99827 1.237673 0 0.0 0.05291998127384401 7.694600927703656 0.0 0.0
-0.1206103 -0.0430093 -4.383264 -3.655611 1.934456 1.468512 -0.4242418 20.37568 1.340349 1 0.4160439 0.1280493824763712 5.707582244437394 0.0 0.0
0.03047536 -0.01168619 -7.303202 -5.05185 3.335481 1.964381 0.3171782 20.14678 1.209858 0 0.0 0.03263915752352839 8.88019976550663 0.0 0.0
0.002441785 -0.03027277 -4.491225 -3.835176 0.469727 0.3141138 -0.4082805 18.13251 1.286726 0 0.0 0.03037108686660925 5.905901874532034 1.0 0.0
0.0295446 -0.01756807 -16.79157 -9.698065 3.15193 1.767449 0.2370315 20.1599 1.220539 0 0.0 0.03437325228553301 19.39095891927795 0.0 0.0
0.001549712 -0.03341225 -2.998532 -5.426619 1.273148 0.8929294 -0.4022592 19.59723 nan 0 0.0 0.03344816971592682 6.199950639011974 1.0 0.0
-0.08583269 -0.07006031 -2.031007 -3.714988 0.8695708 0.6199107 -0.344057 19.32228 1.517282 1 0.04282275 0.11079574770690526 4.233925515900463 0.0 0.0
0.0001515625 0.001877533 -1.875675 -13.39827 1.202183 0.9106288 -0.3075899 17.51346 nan 0 0.0 0.0018836404533496434 13.528924410259856 0.0 0.0
-0.07761899 -0.09027292 -2.100652 -6.980823 1.69834 1.201792 -0.4232678 20.17872 1.129169 1 0.3196785 0.11905422165528823 7.290036253849016 0.0 0.0
-0.01609874 -0.02460585 -4.787865 -5.69979 2.102513 1.558041 -0.675912 19.90784 1.046213 0 0.0 0.029404375249443747 7.443873810209642 1.0 0.0
0.01178439 0.04938864 -3.680714 -5.893686 1.334669 0.8342967 -0.3330258 19.84876 0.977869 0 0.0 0.05077508846591702 6.948610668068257 1.0 0.0
-0.03748958 0.009276167 -4.871791 -6.566358 1.919175 1.735938 -0.2403335 20.02014 0.9171047 0 0.0 0.03862014866346696 8.176270845064087 0.0 0.0
0.07947237 -0.07079706 -1.74572 0.09787734 1.198163 0.8291282 -0.2982082 19.67668 1.530546 1 0.0 0.10643345948554195 1.7484616930563495 0.0 0.0
-0.01406178 -0.02276675 -4.725616 -7.294029 0.2656309 0.1764384 -0.3956292 16.15782 1.137234 0 0.0 0.026759270586675186 8.691047441608923 0.0 0.0
-0.03580047 -0.04174457 -0.6576589 -4.826249 0.8638795 0.5915658 -0.4725725 19.16459 1.229506 0 0.0 0.05499347940170544 4.870851531175037 0.0 0.0
0.0006583546 0.03527139 1.762246 -3.908518 3.007966 1.440786 -0.0827614 20.11223 nan 0 0.0 0.035277533690883794 4.287426258355938 0.0 0.0
0.001261058 0.003685689 -3.40397 -3.40998 0.6608833 0.5527357 -0.600143 15.83859 1.215566 0 0.0 0.003895455131827987 4.8181921258185625 0.0 0.0
0.02284123 -0.09573262 -2.602905 -0.486821 0.7082477 0.4872279 -0.4357963 18.83228 1.417856 1 0.0 0.09841979638252307 2.6480387317911345 0.0 0.0
0.02799254 -0.00914843 -2.368343 -4.099908 1.002668 0.7859137 0.003373626 19.24697 1.004637 0 0.0 0.029449551220969396 4.734796106920867 0.0 0.0
0.1208455 0.02609746 -5.223438 -7.030619 0.5107502 0.3272358 0.04866798 18.59126 1.148125 1 0.0 0.12363135641374158 8.758647616099474 0.0 0.0
0.005265307 0.009727992 -7.541865 -2.996302 0.7050505 0.7054288 -0.5255464 18.21809 nan 0 0.0 0.011061522777462106 8.115266684060913 0.0 0.0
0.01901132 -0.002572849 -3.936917 -4.621937 0.2527982 0.1821366 -0.248676 16.93382 0.6326637 0 0.0 0.019184625097176153 6.071376869941282 1.0 0.0
0.1162221 0.02414793 -1.544326 -4.353719 1.322422 0.8942643 -0.0176348 19.76459 1.956404 1 0.316478 0.11870425035227213 4.619503428425722 0.0 0.0
0.1108154 0.02247776 6.92166 -10.73804 3.671246 2.260622 -0.4543547 20.60881 1.552992 0 0.0 0.11307211226371248 12.775557921171192 0.0 0.0
0.04799616 -0.1201015 -2.134395 -0.4237931 0.3819281 0.2804423 -0.3841057 17.8317 1.214228 1 0.0 0.12933677619685593 2.1760612600826774 0.0 0.0
-0.05775564 -0.06235021 -4.313005 -4.894455 0.2359086 0.1565361 -0.318237 17.16377 1.192913 1 0.9555629 0.08498977961410242 6.523626436043836 0.0 0.0
-0.005264804 0.02569631 -2.604738 -3.215206 2.775167 1.211632 -0.3292895 20.08244 nan 0 0.0 0.026230106915041653 4.137899185707646 0.0 0.0
0.04297323 0.02045788 -2.113853 -1.771353 2.461428 1.494776 -0.5089199 20.37881 0.9082851 0 0.0 0.04759436259398061 2.7579097077710863 0.0 0.0
-0.001535346 -0.06574561 1.23136 -6.003735 3.498629 1.872332 -0.5387624 20.54196 0.7706223 0 0.0 0.06576353489291627 6.128709603156687 1.0 0.0
-0.08754679 -0.0571038 -5.855139 -7.809513 1.360504 0.9642651 -0.3810602 19.8354 1.644062 0 0.0 0.1045240853284261 9.760693930581473 0.0 0.0
0.09199193 0.04713128 -11.06484 1.317171 3.473302 2.43389 -0.3586515 20.65361 1.339188 1 0.1250112 0.10336282087657679 11.142962966322782 0.0 0.0
0.03050245 0.02475561 -2.468944 0.5572746 2.78013 1.949644 -0.6735487 20.18997 0.876564 0 0.0 0.03928408943165922 2.531055008280373 0.0 0.0
0.001742508 -0.03607491 -3.650631 -4.232298 1.089332 0.6796283 -0.4515034 19.34262 1.018705 0 0.0 0.03611696921999635 5.589226517056273 1.0 0.0
-0.0006201836 -0.004725711 -4.662485 -3.205388 0.3087848 0.1887077 -0.3795036 15.38893 1.354506 0 0.0 0.004766232490471899 5.658027801784735 0.0 0.0
-0.01035121 -0.005023979 -3.785169 -4.509023 0.1091191 0.077068 -0.3922102 15.67071 1.367398 0 0.0 0.011505994674800653 5.887171882414339 1.0 0.0
0.1044 -0.0613829 2.566882 -8.229245 1.594804 1.075501 -0.3413057 20.08464 1.848175 0 0.0 0.12110830034481535 8.620287493578681 0.0 0.0
0.006457404 -0.01213413 -6.260376 -4.057431 0.9732297 0.5496665 -0.1641418 18.72348 nan 0 0.0 0.013745369303009505 7.460231496484342 0.0 0.0
0.02613399 0.02022161 -2.625539 -3.3496 0.7203633 0.490888 -0.3591665 18.30224 1.098864 0 0.0 0.03304389420622515 4.255969360853177 0.0 0.0
0.01346725 0.01343484 -7.380921 -2.328725 1.896458 0.7854728 -0.2438197 18.94491 0.901041 0 0.0 0.019022664071788157 7.739570720257423 0.0 0.0
0.05716219 0.02503735 -6.483619 -2.30754 2.122831 1.306619 -0.5058211 20.2056 1.094307 0 0.0 0.06240500669512503 6.882009603942804 1.0 0.0
-0.09416714 0.01301369 -4.860178 -3.916344 0.2700984 0.1935199 -0.4365769 17.38417 1.350014 1 0.3210836 0.0950621185499024 6.241720958038736 0.0 0.0
0.01185573 0.04277395 -5.546386 -4.187004 0.9491735 0.563364 -0.2906192 19.24361 1.067234 0 0.0 0.044386587303321706 6.949345304200389 1.0 0.0
-0.01131689 0.001624896 -1.966719 -7.391561 0.6308931 0.4502629 -0.3558035 17.04242 1.058146 0 0.0 0.011432947401388498 7.648735689098036 0.0 0.0
0.009329261 0.005802268 0.4575514 -3.123461 1.187695 0.6565003 0.2625046 17.40818 nan 0 0.0 0.010986420015179877 3.1567961451704414 0.0 0.0
0.04690029 -0.02587402 -4.717771 -5.614838 1.32739 0.8295969 -0.2644994 19.66795 0.9076443 0 0.0 0.053564000159104064 7.3337418126550515 1.0 0.0
0.03359796 -0.01213767 -4.480842 -4.162973 2.306624 1.854582 -0.07188213 20.15854 0.4824104 0 0.0 0.03572318503703862 6.116231619853274 1.0 0.0
0.130481 -0.01664359 -5.922029 -6.775944 2.13966 1.600792 -0.2666233 20.49333 0.7389603 1 0.2112431 0.1315382090842357 8.999102431241518 0.0 0.0
-0.1219842 -0.02843177 -14.2183 0.07960275 1.578593 1.159864 -0.4220122 20.13373 2.038334 0 0.0 0.125253784753088 14.218522830723575 0.0 0.0
0.02106153 -0.001726542 -8.814339 -8.332079 2.265983 1.489078 0.1037827 19.57176 nan 0 0.0 0.02113217909300089 12.129143105313005 0.0 0.0
0.03969947 0.03391796 -6.448404 -5.511679 2.06713 1.324926 -0.4361667 20.25763 0.8606796 0 0.0 0.05221566746525893 8.482954647188501 0.0 0.0
-0.001113837 -0.05358817 -1.933573 -5.90204 1.741052 1.105156 -0.4896007 19.96953 0.8356113 0 0.0 0.05359974437263175 6.210698890457418 1.0 0.0
0.01863469 -0.0137193 -2.169384 -4.555379 2.457613 1.178294 0.2276595 19.77375 nan 0 0.0 0.023140243384331547 5.045562879708963 0.0 0.0
-0.05828147 -0.006774295 -6.032377 -4.878021 1.962776 1.309553 -0.504597 20.14613 0.6173115 1 0.7279474 0.05867385122955477 7.7578773608874485 0.0 0.0
0.01842615 0.02034219 -3.28089 -4.555344 0.6687213 0.3993636 -0.4001451 18.74142 0.9675255 0 0.0 0.027446815804726785 5.613857688830026 1.0 0.0
0.08265252 -0.04965568 1.244923 -7.478728 1.744285 1.246005 -0.3083927 20.19785 0.9860153 0 0.0 0.09642160348497011 7.581636088201082 0.0 0.0
0.004602941 0.02533778 -1.86956 -3.276868 2.915239 1.85635 -0.1483638 19.9334 nan 0 0.0 0.025752478738519154 3.7726805434629633 0.0 0.0
-0.001476427 0.000393601 -2.072221 -6.476716 0.9555014 0.6213885 -0.2606993 15.12667 nan 0 0.0 0.0015279916339856054 6.800143382127835 0.0 0.0
0.05130506 0.05047805 -0.4984088 -0.9388569 0.523955 0.3218455 -0.2892642 18.56307 1.406466 1 0.0 0.07197390300245013 1.0629504271578472 0.0 0.0
0.02100116 -0.002016442 -4.239234 -3.768509 1.461086 1.119694 -0.3088968 19.2944 nan 0 0.0 0.021097742999784695 5.672104106047155 1.0 0.0
0.09181115 -0.01097781 3.272134 -0.5724906 0.671188 0.45 -0.1883249 18.72762 1.185188 0 0.0 0.09246512627319879 3.3218378047466977 0.0 0.0
0.1152526 -0.03287271 -1.652269 -2.967489 0.6835743 0.4710425 0.04550862 19.04144 1.301828 1 0.0003760798 0.11984897525429285 3.396466371610648 0.0 0.0
-0.03364687 -0.007056519 0.05221845 -3.577011 2.270146 1.280358 -0.613274 19.88229 nan 0 0.0 0.03437886445469456 3.5773921312376986 0.0 0.0
0.06015742 -0.05940718 -9.121703 -5.575493 1.15078 0.7441839 -0.3165436 19.64609 1.907467 1 0.0003222339 0.08454660381475296 10.690724382064014 0.0 0.0
0.005400642 -0.1184419 -6.464399 1.332262 1.521642 1.05663 -0.4762834 19.80605 1.407192 0 0.0 0.1185649636681181 6.600255788061929 0.0 0.0
