jas1101finalproject/data/gcs/NGC_6539.ecsv
# %ECSV 0.9
# ---
# datatype:
# - {name: x, unit: deg, datatype: float64}
# - {name: y, unit: deg, datatype: float64}
# - {name: pmx, unit: mas / yr, datatype: float64}
# - {name: pmy, unit: mas / yr, datatype: float64}
# - {name: pmx_e, unit: mas / yr, datatype: float64}
# - {name: pmy_e, unit: mas / yr, datatype: float64}
# - {name: pm_corr, datatype: float64}
# - {name: g_mag, unit: mag, datatype: float64}
# - {name: bp_rp, unit: mag, datatype: float64}
# - {name: filter, datatype: int64}
# - {name: memberprob, datatype: float64}
# - {name: r, unit: deg, datatype: float64}
# - {name: pm, unit: mas / yr, datatype: float64}
# - {name: member_prob_GMM, datatype: float64}
# meta: !!omap
# - comments: [deg deg mas/yr mas/yr mas/yr mas/yr dimless mag   mag   zeroone float]
# - __serialized_columns__:
#     bp_rp:
#       __class__: astropy.units.quantity.Quantity
#       unit: &id001 !astropy.units.Unit {unit: mag}
#       value: !astropy.table.SerializedColumn {name: bp_rp}
#     g_mag:
#       __class__: astropy.units.quantity.Quantity
#       unit: *id001
#       value: !astropy.table.SerializedColumn {name: g_mag}
#     pm:
#       __class__: astropy.units.quantity.Quantity
#       unit: !astropy.units.Unit {unit: mas / yr}
#       value: !astropy.table.SerializedColumn {name: pm}
#     pmx:
#       __class__: astropy.units.quantity.Quantity
#       unit: !astropy.units.Unit {unit: mas / yr}
#       value: !astropy.table.SerializedColumn {name: pmx}
#     pmx_e:
#       __class__: astropy.units.quantity.Quantity
#       unit: !astropy.units.Unit {unit: mas / yr}
#       value: !astropy.table.SerializedColumn {name: pmx_e}
#     pmy:
#       __class__: astropy.units.quantity.Quantity
#       unit: !astropy.units.Unit {unit: mas / yr}
#       value: !astropy.table.SerializedColumn {name: pmy}
#     pmy_e:
#       __class__: astropy.units.quantity.Quantity
#       unit: !astropy.units.Unit {unit: mas / yr}
#       value: !astropy.table.SerializedColumn {name: pmy_e}
#     r:
#       __class__: astropy.units.quantity.Quantity
#       unit: &id002 !astropy.units.Unit {unit: deg}
#       value: !astropy.table.SerializedColumn {name: r}
#     x:
#       __class__: astropy.units.quantity.Quantity
#       unit: *id002
#       value: !astropy.table.SerializedColumn {name: x}
#     y:
#       __class__: astropy.units.quantity.Quantity
#       unit: *id002
#       value: !astropy.table.SerializedColumn {name: y}
# schema: astropy-2.0
x y pmx pmy pmx_e pmy_e pm_corr g_mag bp_rp filter memberprob r pm member_prob_GMM
[from data line 2313]
0.06743776 0.05565335 -8.555552 -0.3051088 0.8462469 0.8296671 0.3300622 19.42246 2.553028 0 0.0 0.08743653035225094 8.560990678919202 0.0
0.06083407 -0.002768697 -4.282945 -8.861342 1.35728 1.39234 0.3763991 19.97509 nan 0 0.0 0.060897042258575326 9.842103429348272 0.0
-0.006685164 0.03417088 -0.5311729 -6.979225 0.2618994 0.20608 0.1417441 17.40545 2.285658 1 0.0 0.03481867972340847 6.999408992930718 0.0
-0.006563626 -0.0003692929 -6.732305 -3.354763 0.5180365 0.4287985 0.1968043 18.24969 2.278166 0 0.0 0.006574006656055834 7.52185917172038 0.0
-0.006715052 0.01073195 -0.9439703 -3.679221 1.391316 1.290441 0.4084937 19.58322 1.843042 0 0.0 0.012659647473970356 3.798387433388423 0.0
-0.01188886 0.04144682 3.708265 -0.3783896 1.913124 1.803193 0.4854977 20.12276 1.928656 0 0.0 0.04311825460535248 3.7275203553586613 0.0
-0.01098125 0.04091851 -6.662663 -4.253872 0.4982832 0.4036195 0.3041554 18.58621 2.119471 1 0.9743908 0.04236640546686254 7.904840621034241 0.0
-0.006140284 0.0111778 -8.468243 -4.353842 0.8779697 0.9044877 0.1747502 19.009 1.742868 0 0.0 0.012753285868381372 9.521926258274267 0.0
-0.008771581 -0.01649406 -8.41465 -0.1748892 0.9577734 0.979619 0.3820384 19.41667 2.304956 0 0.0 0.018681398462726526 8.416467243135722 0.0
0.0723942 0.024136 -3.16938 1.801353 0.9311853 0.9066468 0.09949863 19.39279 1.830767 1 0.0 0.07631164190108873 3.645523585852792 0.0
-0.006866146 0.0005924829 -10.49043 -7.791517 1.525226 1.559886 0.1993089 19.52944 nan 0 0.0 0.00689166140202117 13.06739678536582 0.0
0.03575729 0.005819094 -1.051422 -7.138834 0.8621905 0.9770778 0.3991931 19.29569 1.26536 0 0.0 0.03622769166155823 7.215846388445364 0.0
0.03016329 0.04028769 -6.918233 -3.563499 0.2163861 0.195631 0.2086617 17.08294 2.517637 1 0.9988021 0.05032814350997064 7.782060971573662 0.0
-0.007350151 0.0003879118 -7.714332 -3.701448 0.2724759 0.2138303 0.1913226 17.55684 1.996257 0 0.0 0.007360380104816615 8.556379812919014 0.0
-0.02362712 0.04037918 -7.606598 -3.5278 0.8502563 0.8640749 0.3468085 19.28094 2.14834 0 0.0 0.046783746931672754 8.384849788374506 0.0
0.02662668 0.08972113 0.2815496 -2.798761 1.245165 1.22049 0.3214695 19.79357 1.842813 0 0.0 0.09358878809077131 2.812887006685686 0.0
-0.003598979 -0.01247949 -6.977612 -3.703991 0.2541773 0.1991602 0.1171027 17.24601 2.491727 0 0.0 0.012988083788709595 7.899785981317785 0.0
-0.04150417 0.01260302 -2.224666 -6.790764 0.3963854 0.3318607 0.3649897 18.14598 2.416351 1 0.0 0.0433754797150337 7.145880947458613 0.0
-0.01321845 -0.009570019 -5.949585 -3.855966 1.021794 1.071144 0.4077422 19.62153 1.963457 0 0.0 0.016319089559863963 7.089854403680022 0.0
-0.002963738 -0.01229876 -6.730384 -3.80754 0.2624333 0.205623 0.1266901 17.35624 2.233391 0 0.0 0.012650819754871381 7.732750457570449 0.0
0.001089764 0.007937736 -6.182131 -4.381768 0.5303037 0.4284796 0.1668781 18.64085 nan 0 0.0 0.008012193106846092 7.57750846300979 0.0
0.02967414 -0.03364253 -2.308483 -3.550497 0.2773632 0.2195745 0.1351072 17.59879 2.397739 1 0.0 0.044859496313941156 4.2349879230403955 1.0
0.04372006 0.0728769 -2.905001 -2.171915 2.062909 1.815824 0.1011683 20.36585 2.267696 0 0.0 0.08498521165481439 3.6271539224612455 0.0
0.02087154 -0.04166813 -6.750085 -3.108962 0.2251782 0.183776 0.2785646 17.46212 2.319489 1 0.9967015 0.046603156971051864 7.431641287405428 0.0
-0.01152577 0.03939739 -6.065753 -3.105469 0.3167217 0.2503894 0.2347928 17.84831 2.269993 1 0.968922 0.04104872364526088 6.814491702758907 0.0
0.0792287 0.01055829 3.713283 -2.437519 0.5224629 0.428816 0.2487025 18.68952 2.105993 0 0.0 0.07992912104742614 4.44184303115835 0.0
-0.00895338 -0.001963879 -5.836067 -4.22069 1.721419 1.583365 0.2330301 19.93603 nan 0 0.0 0.00916623336769477 7.202353928028599 0.0
-0.04922146 0.04061257 -3.982913 -4.439043 2.110097 1.751305 0.5099758 20.31634 1.912096 0 0.0 0.06381326638353893 5.963949926132679 0.0
-0.03297842 0.08010814 -1.302097 -0.5435184 1.562034 1.498126 0.1840821 20.27659 2.41898 0 0.0 0.08663076982202109 1.4109815195627333 0.0
-0.02160082 0.05387663 4.970348 -0.05834689 1.302602 1.27578 0.4638407 19.85873 1.734167 0 0.0 0.05804555697750948 4.9706904551255935 0.0
0.01198031 0.0139462 -5.997211 -3.075754 1.688583 1.7018 0.4374089 20.11332 2.168314 0 0.0 0.018385437773849714 6.739940834090238 0.0
0.04453199 0.02454319 -1.978511 -2.537644 0.9489968 0.8843177 0.6652982 19.26629 2.199835 1 4.388694e-06 0.05084748084945998 3.217785394935001 0.0
-0.008711615 0.009790161 -8.087305 -3.923219 0.9910334 1.038981 0.2608914 19.21473 2.134502 0 0.0 0.013104941370114786 8.988667837059396 0.0
0.08107278 0.003968059 2.457553 -5.425256 1.092895 1.114374 0.4411036 19.91786 2.400053 1 0.0 0.0811698290570818 5.955918855503741 0.0
0.05587356 0.001320378 -5.552832 -5.209491 1.216078 1.19836 0.498607 19.78747 nan 0 0.0 0.055889159102069916 7.6139831690978275 0.0
0.03960144 0.03069249 3.220784 2.658426 1.991839 1.772064 0.3787695 20.24993 1.875597 0 0.0 0.05010292399125724 4.1762038231068175 1.0
0.02008559 -0.03127162 -6.262128 -3.465866 0.2769613 0.2166797 0.1128586 17.50546 2.271141 1 0.9921647 0.037166451849382935 7.157267231167214 0.0
0.01361314 -0.009926705 -7.685249 -2.623851 0.5859103 0.4090296 -0.4823508 17.52708 2.372561 0 0.0 0.01684805783515195 8.12081561557717 0.0
-0.02287006 0.02666395 -2.482298 -8.480293 0.2993887 0.2327717 0.2544633 17.55304 2.357447 1 0.0 0.0351284197482053 8.836128831487972 0.0
0.008623615 0.07507344 0.3738991 0.4566869 2.124664 1.905226 0.7040654 20.34744 1.704866 0 0.0 0.07556711010156354 0.5902232303225788 0.0
0.01585216 0.004659667 -7.83493 -4.303571 0.5509395 0.4964429 0.09088645 18.59038 nan 0 0.0 0.016522816745836316 8.93906323151039 0.0
-0.0002715239 -0.007290534 -6.049932 -3.920238 0.4416687 0.3427617 0.1399305 18.08345 2.435799 0 0.0 0.007295588477527171 7.209018184279188 0.0
0.02511189 0.05591397 -3.214552 2.398475 1.753058 1.649633 0.4878745 20.35159 1.713175 0 0.0 0.06129420087196667 4.010738945173196 0.0
0.01445922 -0.0368542 -6.993479 -3.516091 0.2266938 0.1873727 0.2757887 17.45101 2.181957 1 0.9991814 0.039589153825870034 7.8276206118923515 0.0
-0.01110111 -0.003719167 -7.311019 -3.166509 0.2578696 0.2185447 0.1056498 17.04709 2.501466 0 0.0 0.011707555099421443 7.967294275062394 0.0
0.04428757 0.001214438 -5.660349 -5.980158 0.9029911 0.9681382 0.3522204 19.54539 1.920721 0 0.0 0.04430421781456867 8.234187300928065 0.0
0.07992886 0.03423694 -6.374278 -3.095984 2.209453 1.710157 -0.2564175 20.43238 1.346771 0 0.0 0.08695280743865147 7.0863627447047906 0.0
-0.0009370229 -0.007570439 -6.771411 -3.473854 0.4417043 0.3427276 0.1915545 18.11462 2.573193 0 0.0 0.007628208083675052 7.6104972599848555 0.0
-0.004113172 -0.01766796 -6.585738 -4.02045 0.3543694 0.2886194 0.1247634 17.8523 2.248997 0 0.0 0.018140424318719338 7.715955106605015 0.0
-0.0209968 0.07583643 3.641164 -5.715857 0.5362773 0.4288907 0.2948139 18.75287 nan 0 0.0 0.07868945116967649 6.777100893401617 0.0
0.01343119 -0.02424707 -9.564587 -3.943731 2.545071 2.054301 0.2088965 20.41578 1.06814 0 0.0 0.027718536548688857 10.345740122433483 0.0
0.03194366 -0.02130739 -7.127423 -2.383421 0.8640835 0.8528887 0.4790163 19.26237 2.207747 0 0.0 0.03839794633580942 7.515374527205547 0.0
0.0181537 0.0636982 1.518232 -6.592449 0.2000103 0.1660327 0.2883758 17.1195 2.360214 1 0.0 0.06623456429184085 6.765013837637363 0.0
-0.03693631 0.01372686 -6.774902 -2.62065 0.448023 0.3784893 0.3416609 18.30759 2.315533 1 0.9838677 0.03940453884866184 7.264096883446971 0.0
0.006958362 0.001335394 -10.29406 0.3301557 1.038606 1.066536 0.2568728 19.33652 nan 0 0.0 0.007085342536411348 10.299353089871348 0.0
-0.04062661 0.009761629 -2.762729 -1.864695 0.1684529 0.138747 0.3024107 16.74495 2.371328 1 0.0 0.04178290129736973 3.3331305060657317 0.0
-0.007532052 0.02310395 -8.755471 -2.74858 2.316611 2.08825 0.2696339 20.6908 nan 0 0.0 0.024300706017175797 9.176762198523017 0.0
0.07010239 0.06953079 -3.424578 -7.186283 1.786014 1.652085 0.44095 20.1272 1.780598 1 0.001123705 0.09873639572992422 7.960552608592761 0.0
0.02090359 -0.004728996 -5.18396 -8.344739 0.8402025 0.8673331 0.2822092 19.33547 1.794712 0 0.0 0.021431833287334893 9.823854144872113 0.0
-0.05200758 0.06401731 2.43528 -1.660797 0.9637868 1.064504 0.2544608 19.79547 2.230085 1 0.0 0.08248032709132827 2.9476830483634093 0.0
-0.04008464 0.03721939 -2.216806 -4.819163 1.16683 1.173781 0.1458125 19.18312 1.913439 0 0.0 0.05469973817032125 5.304579235170778 0.0
-0.01914912 0.02883279 -10.31749 -10.3337 2.225156 2.248666 0.3613273 20.51264 nan 0 0.0 0.03461240494329309 14.602600987156363 0.0
0.01449174 0.03053385 -1.300956 -6.028494 0.8207097 0.9200334 0.3931921 19.14809 1.948589 0 0.0 0.033798321320001976 6.167270581219215 0.0
0.04371818 0.05423687 -2.585024 -3.07244 1.37034 1.250347 0.2531508 20.08102 2.142521 1 0.03101111 0.06966288344527019 4.01525050702643 0.0
-0.02807317 0.02206741 1.308986 -6.544413 2.286268 1.8844 0.1454964 20.37146 1.530291 0 0.0 0.03570817074504097 6.6740381975806065 0.0
-0.009317429 0.04642554 -4.975584 -3.01147 1.832854 1.695945 0.4684986 20.13983 1.355701 0 0.0 0.04735129615397704 5.815959740400203 0.0
0.08428636 0.03978983 -6.313 -3.654062 1.368689 1.345728 0.1060486 19.92033 1.81815 0 0.0 0.0932063359084483 7.2942537726517305 0.0
-0.0005740935 0.04518777 -6.403464 -3.672479 0.2903186 0.2316317 0.2267072 17.71655 2.396433 1 0.9923523 0.04519141667307679 7.3818326454029695 0.0
0.02586319 -0.02844524 -6.929552 -3.427613 0.2672735 0.212206 0.134025 17.6783 2.521219 1 0.9990224 0.038445237359570304 7.7309263221474955 0.0
-0.05154856 0.02043541 -8.754059 -9.279104 0.8457344 0.8735241 0.4811087 19.36613 1.979956 0 0.0 0.0554514203600025 12.75677545535301 0.0
9.148134e-05 0.01807911 -6.700177 -4.554751 0.4506813 0.3508825 0.2259987 17.80806 nan 0 0.0 0.018079341448948523 8.101736141305146 0.0
0.06703932 0.02252039 -2.608214 -5.930119 0.6640599 0.6714017 0.3964322 19.17719 2.105947 1 0.0 0.07072084835332859 6.4783556265426645 0.0
0.02540952 -0.02746245 -2.587047 -4.880531 0.9023054 0.94587 0.1941715 19.14077 1.984291 0 0.0 0.03741430029591493 5.523802587183036 0.0
-0.03427384 0.009422673 -6.631275 -3.549129 0.1530967 0.1231964 0.2430346 16.19815 2.662778 1 0.9989759 0.035545504284093775 7.52131137397369 0.0
0.02916057 -0.0241172 -6.055661 -5.637439 1.664695 1.519622 -0.04158793 20.12853 1.778952 0 0.0 0.03784148753108022 8.27355719298791 0.0
-0.03285195 0.008337026 -6.854161 -3.500242 0.2806677 0.2296769 0.2886945 17.67859 2.380625 1 0.9990468 0.03389331233926799 7.696181980208434 0.0
0.006868636 0.06589198 -3.011954 -5.439776 1.16662 1.150139 0.1942983 19.60406 nan 0 0.0 0.06624900896482072 6.217960262681967 0.0
-0.02749891 0.03028002 -0.9364423 -1.994897 1.700629 1.537123 0.4830219 19.88879 2.116608 0 0.0 0.04090317423365209 2.2037554814085634 0.0
0.06144019 0.005021783 -4.80586 -1.98446 1.408146 1.323357 0.5329067 20.12817 2.105356 1 0.7265838 0.061645074837615284 5.199458801760045 0.0
0.06367907 0.007151965 0.2058402 -4.374237 0.7013223 0.7053605 0.4149699 19.29258 2.395517 1 0.0 0.06407943944375705 4.379077473635862 0.0
0.006837025 -0.01971124 -4.504842 -2.111413 1.995977 1.757136 0.2473811 20.04294 nan 0 0.0 0.02086331453025202 4.975104652319688 0.0
-0.04114194 0.02087141 -3.068443 -3.857635 0.190861 0.1504149 0.1013994 16.91481 2.215688 1 0.0 0.046133230781636135 4.929167296559735 0.0
-0.003720086 0.0001247444 -6.342215 -5.279608 0.5632737 0.431922 0.0919541 17.47226 nan 0 0.0 0.003722176918515207 8.252148310584886 0.0
0.008773308 -0.003058694 -7.526459 -4.370622 1.120763 1.149813 0.1719912 19.44287 1.794043 0 0.0 0.00929120779277377 8.703443097163616 0.0
-0.05185506 0.05360607 1.903671 -0.6689332 0.8497502 0.9345813 0.2404668 19.58189 1.44825 0 0.0 0.0745825582053103 2.0177796961767753 0.0
-0.009772396 0.09799829 3.786765 0.4052126 1.308403 1.318489 0.4290948 20.07526 1.651495 0 0.0 0.09848433665565766 3.8083837013126396 0.0
0.04592852 0.0710213 -9.007908 -7.079398 2.051735 1.649761 0.4489177 20.0015 2.164877 0 0.0 0.08457809410881992 11.456887997133776 0.0
0.02384023 0.03815854 -1.109113 -1.864761 0.5255774 0.4490718 0.2744547 18.75453 2.372913 1 0.0 0.04499367445968933 2.1696693835444147 0.0
0.0429575 0.01079137 -6.488108 -3.510193 0.5540714 0.4845913 0.1698925 18.63762 nan 0 0.0 0.044292216841414704 7.376787940351343 0.0
-0.0331603 0.08464618 -3.880951 -14.19984 3.200801 2.526921 -0.3992659 20.53195 nan 0 0.0 0.09090974251796338 14.720639819314954 0.0
0.02281468 0.09640421 0.4112241 -1.033575 0.8325286 0.7798126 0.3100042 19.04025 2.08456 0 0.0 0.09906705471157654 1.1123769779376997 0.0
-0.01863317 -0.009557822 -3.188203 -5.189758 1.680315 1.484803 0.3021627 20.32665 1.548185 0 0.0 0.020941513451338326 6.0908313445516615 0.0
0.04238116 -0.005112999 -6.547594 -3.484828 1.704286 1.305129 0.413247 20.21008 2.027338 0 0.0 0.042688470126248386 7.417210619796367 0.0
0.06286055 -0.00475883 2.48667 2.751806 0.4944484 0.4231976 0.2396481 18.57925 2.099627 1 0.0 0.06304042519900543 3.7089033352914447 0.0
-0.005021224 0.03154067 -4.641207 -7.503564 0.2292428 0.176623 0.1962194 17.18344 2.396233 1 0.0 0.031937854569571135 8.822940276288001 0.0
-0.03400821 0.09390151 2.006999 0.4221076 2.01661 2.031348 0.3147682 20.05474 1.952911 0 0.0 0.09987017536624335 2.0509070705370247 0.0
-0.01454956 -0.005933702 -8.696944 -4.692125 1.86932 1.77587 0.4364805 20.24905 nan 0 0.0 0.015713004665512068 9.881946769476196 0.0
0.006686243 0.01011683 -1.777322 -5.191027 0.1700267 0.1323694 0.1098337 16.45249 2.262885 1 0.0 0.01212666873893853 5.486860195632198 0.0
0.05608504 -0.0007424473 -1.310823 -3.162335 0.5532618 0.46982 0.2256267 18.76624 2.35544 1 0.0 0.05608995400064862 3.4232469366894933 0.0
-0.02090268 0.006435669 -6.174258 -4.532765 0.9519102 1.002135 0.3329021 19.5997 1.823017 0 0.0 0.021870982297554926 7.659466064667237 0.0
0.01579409 0.07130098 -2.083436 -2.352909 0.1281546 0.1024839 0.1751143 14.45628 2.716103 1 0.0 0.07302932991537374 3.1427513946185752 0.0
-0.008378561 -0.005170598 -6.850445 -3.941609 0.1686951 0.1439855 0.1052127 15.81429 2.764925 1 0.9978742 0.009845576067875611 7.903472541035743 0.0
-0.01597127 -0.007232657 -7.340566 -3.847467 1.747792 1.573581 0.265452 20.32067 nan 0 0.0 0.017532620816425277 8.287756724014347 0.0
-0.04529195 0.07335262 -4.279386 -11.00723 1.602188 1.543319 0.2265165 20.3161 1.371017 0 0.0 0.0862088603083633 11.809837289729948 0.0
0.04489551 0.02932774 -6.75673 -2.550887 0.7031171 0.5533652 0.2034807 18.87819 2.487501 1 0.97342 0.053625769473898466 7.222217442009691 0.0
-0.03103833 0.02848782 -1.970463 -4.235987 0.1032633 0.07970905 0.1069822 14.78123 2.520063 1 0.0 0.0421299634172794 4.671863685783008 0.0
0.08183836 0.05308738 1.383744 -8.876457 1.509805 1.395735 0.2382077 20.10214 1.702682 0 0.0 0.09754889585615001 8.983664972069306 0.0
0.01700141 -0.00231126 -22.26337 -33.85038 1.583553 1.448874 0.3558292 19.36203 nan 0 0.0 0.017157793120786254 40.51550160002095 0.0
-0.01757535 0.01312537 -6.550402 -3.400572 0.2820056 0.2194958 0.1238515 17.43774 2.315495 1 0.9986819 0.021935547981744154 7.380491602108087 0.0
0.004145035 -0.0009929658 -7.546394 -3.345745 0.2512171 0.1977372 0.1041079 17.29721 2.301189 0 0.0 0.004262311137305046 8.254821137266452 0.0
0.06461718 0.009335263 -0.5568878 -4.458852 1.280951 1.266561 0.08677229 19.83461 1.973993 0 0.0 0.06528803172428749 4.493493649677592 0.0
-0.06519446 0.03558363 -1.29156 -7.469935 1.380877 1.270804 0.4746776 19.86757 1.821838 0 0.0 0.074273227603683 7.580768835535418 0.0
0.08268023 0.02568435 -3.03308 -6.464422 0.9520502 0.9380631 0.2819709 19.54139 1.852484 1 0.0 0.08657774695483476 7.14061104391522 0.0
-0.07485042 0.06605909 4.948942 -7.183939 2.720812 2.813194 -0.1719152 20.47799 1.033676 0 0.0 0.09983180227665181 8.723589082200341 0.0
-0.02229758 0.0714962 -3.896071 -6.455201 1.533696 1.480967 0.3145373 20.18316 1.768263 1 0.01594113 0.07489251423404344 7.539826867206037 0.0
