jas1101finalproject/data/gcs/NGC_6284.ecsv
# %ECSV 0.9
# ---
# datatype:
# - {name: x, unit: deg, datatype: float64}
# - {name: y, unit: deg, datatype: float64}
# - {name: pmx, unit: mas / yr, datatype: float64}
# - {name: pmy, unit: mas / yr, datatype: float64}
# - {name: pmx_e, unit: mas / yr, datatype: float64}
# - {name: pmy_e, unit: mas / yr, datatype: float64}
# - {name: pm_corr, datatype: float64}
# - {name: g_mag, unit: mag, datatype: float64}
# - {name: bp_rp, unit: mag, datatype: float64}
# - {name: filter, datatype: int64}
# - {name: memberprob, datatype: float64}
# - {name: r, unit: deg, datatype: float64}
# - {name: pm, unit: mas / yr, datatype: float64}
# - {name: member_prob_GMM, datatype: float64}
# meta: !!omap
# - comments: [deg deg mas/yr mas/yr mas/yr mas/yr dimless mag   mag   zeroone float]
# - __serialized_columns__:
#     bp_rp:
#       __class__: astropy.units.quantity.Quantity
#       unit: &id001 !astropy.units.Unit {unit: mag}
#       value: !astropy.table.SerializedColumn {name: bp_rp}
#     g_mag:
#       __class__: astropy.units.quantity.Quantity
#       unit: *id001
#       value: !astropy.table.SerializedColumn {name: g_mag}
#     pm:
#       __class__: astropy.units.quantity.Quantity
#       unit: !astropy.units.Unit {unit: mas / yr}
#       value: !astropy.table.SerializedColumn {name: pm}
#     pmx:
#       __class__: astropy.units.quantity.Quantity
#       unit: !astropy.units.Unit {unit: mas / yr}
#       value: !astropy.table.SerializedColumn {name: pmx}
#     pmx_e:
#       __class__: astropy.units.quantity.Quantity
#       unit: !astropy.units.Unit {unit: mas / yr}
#       value: !astropy.table.SerializedColumn {name: pmx_e}
#     pmy:
#       __class__: astropy.units.quantity.Quantity
#       unit: !astropy.units.Unit {unit: mas / yr}
#       value: !astropy.table.SerializedColumn {name: pmy}
#     pmy_e:
#       __class__: astropy.units.quantity.Quantity
#       unit: !astropy.units.Unit {unit: mas / yr}
#       value: !astropy.table.SerializedColumn {name: pmy_e}
#     r:
#       __class__: astropy.units.quantity.Quantity
#       unit: &id002 !astropy.units.Unit {unit: deg}
#       value: !astropy.table.SerializedColumn {name: r}
#     x:
#       __class__: astropy.units.quantity.Quantity
#       unit: *id002
#       value: !astropy.table.SerializedColumn {name: x}
#     y:
#       __class__: astropy.units.quantity.Quantity
#       unit: *id002
#       value: !astropy.table.SerializedColumn {name: y}
# schema: astropy-2.0
x y pmx pmy pmx_e pmy_e pm_corr g_mag bp_rp filter memberprob r pm member_prob_GMM
[from data line 580]
0.02525231 -0.01486457 -14.12191 -7.967249 2.551111 1.449891 0.1355296 20.32163 nan 0 0.0 0.0293024675005536 16.214357794131132 0.0
0.03901992 -0.02505909 1.047881 0.01935811 2.462273 1.255087 0.3386128 20.53078 nan 0 0.0 0.046373614787231114 1.048059791511807 0.0
0.05735897 0.03048723 -0.1553831 -2.097809 0.9868823 0.6461524 0.6064811 19.15521 1.213503 0 0.0 0.06495785273955568 2.103555682231067 0.0
0.03347605 -0.03523318 -4.088682 -3.17979 0.3983457 0.2669215 0.5515771 18.16215 1.246891 0 0.0 0.048600647079178896 5.179612431565126 0.0
0.03788294 -0.02848625 0.03638585 -2.303459 0.2133352 0.1311036 0.3147748 17.35791 1.398111 1 0.0 0.04739813901521978 2.3037463607700444 0.0
0.0556184 -0.01876163 -1.499464 -2.014704 1.875335 1.168536 0.3775447 20.18643 1.526937 0 0.0 0.05869757387504956 2.511458638901306 0.0
0.05497875 -0.02416868 -5.914082 -4.125804 0.8833159 0.6016314 0.395886 19.18563 1.170664 1 0.002951366 0.06005654039740301 7.211007179939568 0.0
0.04837398 0.01927966 -1.337378 -4.222556 1.488343 1.005409 0.3299132 19.81007 0.8970146 0 0.0 0.052074439322531356 4.429284263627703 0.0
0.02585746 -0.0360477 -6.48345 -4.202923 1.046635 0.6907625 0.5440662 19.53666 1.688971 0 0.0 0.04436265223069513 7.7265571664505925 0.0
0.04436689 -0.02564835 0.1935773 -5.429097 1.029362 0.7016794 0.4876733 19.50866 1.038099 0 0.0 0.05124703685087168 5.432546953914368 0.0
0.0405655 -0.04318893 1.488685 0.1370814 1.14349 0.7616338 0.5449352 19.77391 1.242228 0 0.0 0.05925237096348888 1.4949830565765487 0.0
0.05294975 0.02565215 0.6763094 2.476561 0.5355281 0.3821439 0.3499972 18.7494 1.206354 1 0.0 0.058836288331989464 2.5672453702849207 0.0
0.05962485 0.01590639 -4.159957 -8.124617 0.7496915 0.5379065 0.3511439 19.17748 1.104197 1 0.0 0.06171009625948253 9.127685557606485 0.0
0.02513428 -0.05034694 -8.952657 -9.470317 3.657315 1.860358 0.5132639 20.63353 nan 0 0.0 0.05627207476610401 13.03215145093618 0.0
0.06358487 0.009676932 -5.240178 1.863596 0.5472588 0.3901899 0.3183201 18.72029 1.024559 1 0.0 0.06431701723377355 5.561695382066516 0.0
0.05275562 -0.03982514 0.1037844 -3.18415 0.08942011 0.05338746 0.2934107 15.34004 1.659948 1 0.0 0.0660999033100957 3.1858409288888483 0.0
0.06447298 0.0121484 -3.221696 -5.49931 0.7876202 0.5605296 0.3708444 19.27795 1.223648 1 0.0 0.06560753594397827 6.373518305654735 0.0
0.02048144 -0.04577036 -4.43686 -2.142003 0.9224425 0.6396303 0.4940856 19.47305 1.322367 0 0.0 0.050143945187860924 4.926855336988189 0.0
0.05301215 -0.02296047 -2.609121 -2.552842 1.225263 0.8775033 0.4025676 19.75716 1.35812 0 0.0 0.05777085104309439 3.650275971704742 0.0
0.03728606 0.01354808 -2.596392 -4.318827 0.3454959 0.2204551 0.09788109 18.04929 1.44795 1 0.0 0.03967115755823115 5.039198157801795 0.0
0.02948728 -0.03310166 -3.626666 -2.107882 1.462184 0.8835819 0.6129855 19.926 nan 0 0.0 0.044330797156762254 4.194743472666714 0.0
0.05392072 -0.0361292 -3.794016 -7.248685 2.718009 1.896793 -0.06321404 20.54878 0.7232399 0 0.0 0.0649058020361693 8.18156413147761 0.0
0.0391378 -0.002659227 -9.440238 -6.941627 0.5475097 0.3803842 0.4411253 18.79793 1.278955 0 0.0 0.03922803687514236 11.717690852031087 0.0
0.01832112 -0.04340873 -7.632197 -6.797303 1.981713 1.301573 0.2115727 20.58319 0.6398697 0 0.0 0.0471166772838164 10.220262184534112 0.0
0.04918066 -0.04326643 -4.04292 -5.389538 0.8543464 0.5824059 0.4833007 19.28505 1.252787 0 0.0 0.06550359748121092 6.737382427905069 0.0
0.01744041 -0.002583714 -1.047046 -0.4026394 1.483679 1.008393 0.4704898 19.82429 1.064247 0 0.0 0.017630753784279786 1.1217949066332757 0.0
0.05840236 0.009420078 -0.9842678 1.047339 1.358817 0.9638803 0.3274937 20.04718 0.5701656 0 0.0 0.05915719333348806 1.437255051491502 0.0
0.03449747 -0.04817863 -3.937975 -4.399774 0.7954798 0.5092423 0.567277 19.13645 0.8910217 0 0.0 0.05925585055568606 5.904714925523585 0.0
0.02159646 -0.005681901 -10.09192 -4.587263 1.740182 1.184403 0.4057908 20.01559 nan 0 0.0 0.022331392332440917 11.085568596944814 0.0
0.01516472 -0.03052416 -4.997135 -8.37361 0.8376436 0.5603779 0.4867946 19.403 1.084702 0 0.0 0.03408361888626265 9.751343632562898 0.0
0.03106794 -0.02694131 -6.340528 -7.268416 1.068807 0.6486562 0.7170341 19.21913 1.380873 1 0.0 0.04112239147179672 9.645318370475907 0.0
0.03133889 -0.05109222 -5.572246 -8.331492 1.232581 0.7602165 0.3431982 19.95868 nan 0 0.0 0.05993780919386778 10.023157408251155 0.0
0.05306339 -0.03270514 -2.361313 -3.490275 0.9777019 0.6719917 0.4287559 19.41432 1.06576 0 0.0 0.06233257206879642 4.2140026886078275 0.0
0.03735154 -0.04513342 0.7677922 -5.125143 2.050672 1.097042 0.4414356 20.36969 0.9730568 0 0.0 0.058584666434725055 5.182334959536081 0.0
0.04046343 -0.01641354 0.4699276 -4.431252 1.08083 0.6594179 0.6703263 19.20379 1.086359 0 0.0 0.04366570121613187 4.456099890795286 0.0
0.03616186 -0.04010148 -0.45252 -6.008022 0.4490177 0.2766976 0.3987862 15.79812 1.345805 0 0.0 0.053998229756631835 6.025039643262441 0.0
0.02577183 -0.04816507 2.212256 -10.36551 0.2394881 0.1468743 0.3442361 17.56353 1.06432 1 0.0 0.05462656121021897 10.598956277371656 0.0
0.06346985 0.001509723 -1.928541 -6.00415 2.156501 1.351673 0.5181954 20.23164 1.441875 0 0.0 0.06348780294323648 6.306273670812345 0.0
0.02824376 -0.01923685 -2.865698 -2.432574 1.126458 0.7647429 0.5366674 19.74936 0.9491177 0 0.0 0.034172596870300914 3.758941512271772 0.0
0.01530405 -0.02397625 -0.06368774 2.616939 0.7061579 0.4692505 0.4637479 19.12148 0.8368206 0 0.0 0.028444235100719445 2.617713860976273 0.0
0.03084102 -0.04815287 -0.01552897 1.740223 3.123125 1.773332 0.6403098 20.54283 0.3184395 0 0.0 0.05718275442716361 1.7402922854044551 0.0
0.03168043 -0.01526468 -2.432093 -0.8383542 1.035481 0.6971365 0.4878105 19.72197 1.378454 0 0.0 0.03516617836056827 2.5725306850077883 0.0
0.04744097 -0.02885765 -5.626008 -1.487928 0.6222637 0.4036411 0.4236256 18.97075 1.192316 1 0.0001870375 0.05552845755163203 5.819441188743813 0.0
0.05127725 0.002654042 -2.144434 -1.970294 1.420279 1.038394 0.2489847 19.97058 nan 0 0.0 0.05134588889580415 2.9121565251187995 0.0
0.02367035 -0.02853804 -3.399444 -4.267277 0.765309 0.4850502 0.5833815 18.94132 1.192194 0 0.0 0.03707701708827316 5.455810893337946 0.0
0.04328419 -0.03191933 -1.716394 -1.421522 1.093379 0.7377526 0.5572493 19.64852 0.9128685 0 0.0 0.053780709660667364 2.2286168714518877 0.0
0.03916444 -0.006065761 -5.788257 -3.124976 2.884297 1.408521 0.3794188 20.58078 0.9793587 0 0.0 0.039631386766333584 6.577947559735104 0.0
0.05127296 -0.00773147 -5.937919 -4.608887 1.924008 1.198106 0.5217981 20.16577 1.11116 0 0.0 0.05185259931307687 7.516696177798462 0.0
0.03261603 -0.03984683 -4.234604 -3.58918 0.520863 0.3483305 0.5434386 18.63075 0.8350372 0 0.0 0.0514934488455551 5.551043515341598 0.0
0.0547791 -0.03709469 0.8494112 -3.245381 1.760027 1.0875 0.4511164 20.17034 1.118895 0 0.0 0.06615712979721913 3.354697783980912 0.0
0.02621527 -0.04710277 -5.582596 -5.511193 0.191468 0.1175464 0.3627362 17.1166 1.241255 1 0.0 0.05390650538521116 7.844655912305204 0.0
0.03743539 -0.04265771 -3.818657 -6.495263 0.06050471 0.03544655 0.3479426 13.61403 2.086866 1 0.0 0.05675463546615554 7.5346255861069835 0.0
-0.002483096 -0.02463719 -2.165832 -5.443815 0.9476881 0.641562 0.5080226 19.49028 1.056669 0 0.0 0.024762005105429488 5.858835209019707 0.0
0.05724184 0.01690124 -2.374297 -6.07647 0.9387783 0.6696603 0.3816053 19.5326 1.039289 1 0.0 0.059684840287322544 6.523861885808818 0.0
0.04330381 0.02436652 -0.6502594 -4.477441 1.484516 1.112098 0.2677526 20.06129 nan 0 0.0 0.04968850226588139 4.524413243258109 0.0
0.01541662 -0.009947719 -4.311318 -2.687074 1.048974 0.9179759 -0.04337927 19.22405 1.089931 0 0.0 0.018347459920309433 5.080140704606517 0.0
0.06374658 0.000752364 3.515922 -1.504602 3.599707 1.723574 0.4686831 20.0405 nan 0 0.0 0.06375101970388314 3.824334541915495 0.0
0.008155869 -0.02504179 -4.282735 -1.082759 2.122674 2.160347 -0.4838357 19.70536 nan 0 0.0 0.026336466079359643 4.417486404314788 0.0
0.01270014 -0.01965391 -2.445448 -7.324745 1.151358 0.6830742 0.6861235 19.3548 1.216135 0 0.0 0.02340020799710336 7.722182673035455 0.0
0.06352472 0.0004377651 -4.457328 -3.789592 0.7525319 0.4283305 0.3825798 19.01958 1.463701 0 0.0 0.0635262283577514 5.850536763925854 0.0
0.03968844 -0.013846 -7.380362 -3.238717 2.668411 1.924412 0.2286005 20.64005 nan 0 0.0 0.042034319140835386 8.059716561835968 0.0
0.04338574 0.02086079 -8.546519 -6.455434 1.860698 1.331397 0.1115139 20.17488 1.28175 0 0.0 0.04814036762190023 10.710537575010743 0.0
0.008072813 -0.02410337 -1.838947 -1.713212 1.982829 1.318453 0.6476452 19.68864 nan 0 0.0 0.025419338211091748 2.5133287540138873 0.0
0.05763757 -0.0261726 -3.686769 -3.268142 2.251834 1.506773 0.3662915 20.46469 1.209141 0 0.0 0.06330161503678164 4.926765449209552 0.0
0.006826031 -0.02445806 -3.207581 -1.850136 0.2156382 0.133468 0.2359619 16.18747 1.516101 0 0.0 0.025392743021906104 3.7029149450206114 0.0
0.03334617 -0.003105764 -0.1909742 -5.850317 0.8779399 0.625052 0.3359751 19.46412 1.051386 0 0.0 0.03349048855559734 5.853433193054709 0.0
0.03852557 -0.01104565 -2.314561 -3.247467 1.595881 1.114807 0.3341243 19.23981 1.200706 0 0.0 0.04007774853640608 3.9878859736469394 0.0
0.003695183 -0.02778625 -2.897095 -3.254016 0.3072967 0.1923138 0.3090596 18.09794 1.397314 1 0.0 0.028030877019208457 4.356808415260074 0.0
0.05516219 0.01459047 -3.491096 -1.969483 1.146832 0.7839712 0.290462 19.84963 1.015982 0 0.0 0.05705917122090891 4.008318172064813 0.0
0.04457498 0.01377838 -3.384914 -7.861457 0.7382127 0.5426228 0.3319107 18.74114 1.514257 0 0.0 0.0466558956341511 8.55921427178015 0.0
0.03331173 -0.02818167 -3.847635 -2.584584 0.7223461 0.467644 0.4683876 19.17067 1.503298 1 0.6785045 0.04363344909105628 4.6351234661312954 0.0
0.01663485 -0.01708327 0.3431488 -6.523873 0.1804418 0.1143539 0.2865774 17.04993 1.322412 0 0.0 0.02384441964937289 6.532891398077151 0.0
0.01375057 -0.04160951 -8.134654 -4.755012 1.918553 1.161835 0.6957728 20.1055 0.6817856 0 0.0 0.043822705276659955 9.422459064376984 0.0
0.01413906 -0.03577116 2.018773 -2.7239 3.341755 1.690157 0.5410088 20.63009 0.7682838 0 0.0 0.03846412491438223 3.3904388558900456 0.0
0.0151082 -0.0396203 2.653928 -6.212385 1.505166 0.8746137 0.6045303 18.95319 1.055405 0 0.0 0.04240313525353992 6.755520795424214 0.0
0.04374696 0.02346991 -5.0449 -6.144782 1.665041 1.138853 0.1060724 20.00519 0.9981022 0 0.0 0.04964507210841475 7.950431550395487 0.0
0.0243899 -0.03248448 -4.113419 -10.28614 1.317195 0.8126651 0.7417472 19.36211 nan 0 0.0 0.0406215295487553 11.078126735561431 0.0
0.05314262 0.02296843 3.132846 -9.060615 1.718829 1.146846 0.1696116 20.27828 0.8935661 1 0.0 0.05789375473338467 9.586942590729382 0.0
0.002420737 -0.02859493 -2.935458 -2.109036 1.153766 0.7798549 0.5527475 19.79029 1.122791 0 0.0 0.02869721222223631 3.6145465163779535 0.0
0.05226915 -0.01093432 -5.486602 -11.10075 1.323699 0.9170251 0.5649785 19.58254 1.977821 0 0.0 0.053400593588319785 12.382627026156607 0.0
0.01441562 -0.03984529 0.2114028 -5.836307 3.053648 1.904465 0.284351 20.53187 nan 0 0.0 0.04237283605293018 5.840134462672657 0.0
0.03334015 -0.0255152 -5.218342 -3.30572 1.277326 0.7782452 0.7220175 19.48668 1.334572 0 0.0 0.0419832232333643 6.177287264436065 0.0
0.04244228 0.01756712 -3.365515 -1.990886 0.4428201 0.311037 0.3446836 18.44037 1.365566 1 0.8895327 0.04593420116528424 3.9102836572582556 0.0
0.006105625 -0.02560624 -3.125877 -2.147394 2.054235 1.254466 0.7178804 19.81103 1.075819 0 0.0 0.026324098912939544 3.7924145356705137 0.0
0.018879 -0.0180983 -2.917248 -2.233548 0.1775144 0.1093275 0.2858974 17.11909 1.011141 1 0.8872757 0.026152726509677725 3.67410840365496 0.0
0.05607726 0.01568107 -0.6178734 -1.805748 0.4842584 0.3483057 0.3417849 18.60833 1.235886 1 2.455206e-05 0.05822847280714564 1.9085317335406187 0.0
0.0508648 0.01055636 3.992732 -7.344366 3.121843 1.733245 0.6108674 20.40834 nan 0 0.0 0.05194867289440222 8.359522759451044 0.0
0.05550961 -0.01420683 -4.9303 -1.016013 3.282143 1.50205 0.5359627 20.46329 1.11825 0 0.0 0.05729878551069822 5.033899135478283 0.0
0.01763212 -0.01852536 -1.785396 -1.99861 2.715893 1.442522 0.7092775 20.24735 nan 0 0.0 0.02557499987925709 2.6799404487629945 0.0
0.01618853 -0.04010872 -5.738887 -6.844199 0.8982885 0.5582781 0.6303857 18.96422 nan 0 0.0 0.043252490374535664 8.931846614803122 0.0
0.02242609 -0.01494032 -3.256585 -2.099477 0.1709271 0.1054916 0.2583294 16.95711 1.495356 1 0.9894902 0.026947034612188777 3.8746805720928785 0.0
0.0631913 -0.001301567 -2.437727 -4.514531 0.6682698 0.4436401 0.349463 19.02589 nan 0 0.0 0.06320470292901859 5.130643534342451 0.0
0.03595105 -0.002786056 -3.494181 -2.288037 0.6013994 0.4264895 0.3365267 18.95122 1.355118 0 0.0 0.036058842246218 4.176651071627842 0.0
0.04425915 -0.01701565 -3.294338 -3.590635 0.5310043 0.356751 0.4945009 18.47231 1.249367 1 0.0002429793 0.04741734602068108 4.872917253706346 0.0
0.05150137 0.008509511 -1.555378 -2.218838 0.06937333 0.04337408 0.1223168 14.59755 1.683628 1 0.0 0.052199644532659614 2.709694225023923 0.0
0.05757409 0.01619155 -4.643494 -7.076036 1.535972 1.103975 0.3145536 20.06336 0.4364891 0 0.0 0.05980754242343185 8.46358800990053 0.0
0.02586538 0.001950493 -3.630197 -11.61526 1.850706 1.307647 0.2300211 20.26327 nan 0 0.0 0.025938818506004643 12.169330101793156 0.0
0.02073232 -0.03641105 -3.476178 -6.425959 1.743485 0.9631874 0.6441102 20.01947 0.783329 0 0.0 0.04189980494805316 7.305940224048168 0.0
0.05811418 -0.01417369 -6.540378 -5.615405 2.051317 1.359682 0.3394521 20.45068 nan 0 0.0 0.05981765128528953 8.620285244521147 0.0
0.01400178 -0.024781 -3.656266 -4.56174 2.326719 1.256149 0.7132349 20.18615 1.624237 0 0.0 0.02846309547762506 5.846174209716642 1.0
0.04845878 0.02351394 -3.643469 -8.441231 0.2666215 0.1656033 0.1733245 17.73231 0.9682865 1 0.0 0.053862405566517356 9.19397885299515 0.0
0.05637487 -0.0003102793 -0.6943603 -0.4978015 0.6195278 0.3969782 0.1481625 17.59394 1.573895 0 0.0 0.05637572386019454 0.8543667594296609 0.0
0.05630255 0.02355832 -3.317133 -9.5942 3.052196 1.785509 0.4752656 20.54012 0.8559952 0 0.0 0.0610325452338742 10.151455313386796 0.0
0.02406314 -0.003132229 -2.136657 -0.4467776 1.256529 0.8469773 0.4871341 19.87626 1.008398 0 0.0 0.02426614030224092 2.1828681498227875 0.0
0.0156366 -0.02332017 -3.049816 -5.191895 0.1299511 0.0804052 0.255193 16.31225 1.622188 1 0.0 0.028077278863680864 6.021391145315258 1.0
0.0017004 -0.02945513 -12.05875 -10.56646 0.45511 0.2966554 0.3802709 18.49397 1.072435 0 0.0 0.029504169933704284 16.033200818741715 0.0
0.02464617 0.00246954 -4.637416 -0.7859564 1.718558 1.405574 -0.2068383 20.07791 nan 0 0.0 0.024769584644892612 4.703547025358305 0.0
0.02364479 -0.01728277 -8.112818 -6.383683 1.040521 0.6738618 0.5233131 19.39234 1.135349 0 0.0 0.029287714711410992 10.323237115634466 0.0
0.009014845 -0.02364567 -1.11675 -4.090764 1.340804 0.9279881 0.462276 19.53897 1.039755 0 0.0 0.025305832136543645 4.240457601037416 0.0
0.05684315 -0.006448341 -5.090489 -1.730849 1.205926 0.8423711 0.4857387 19.65482 1.186255 1 0.2011981 0.05720773377415663 5.376701267498688 0.0
0.02902255 -0.006417743 -6.067445 0.8330343 1.515067 1.39994 -0.2203317 19.79517 nan 0 0.0 0.029723657811860052 6.124364046413431 0.0
0.0190698 -0.03858325 -0.7777037 -5.404079 1.026409 0.6294287 0.7273559 19.16052 1.504866 0 0.0 0.043038639065408425 5.459752089906162 0.0
0.0400227 -0.008393 -1.65073 -1.472068 1.4176 0.9807362 0.04600741 20.06936 1.182148 0 0.0 0.04089326306728286 2.21176258434851 0.0
0.02979918 -0.003263173 -4.300375 -2.190597 1.861529 1.263886 0.2540243 20.30819 1.489824 0 0.0 0.029977315201670896 4.826172433412839 0.0
0.04517932 -0.0009999773 -8.170421 -1.9206 0.5139731 0.3813338 0.3085268 18.61107 1.030745 1 0.0 0.045190385152849885 8.39312121187589 0.0
