jas1101finalproject/data/gcs/NGC_6717_Pal9.ecsv
# %ECSV 0.9
# ---
# datatype:
# - {name: x, unit: deg, datatype: float64}
# - {name: y, unit: deg, datatype: float64}
# - {name: pmx, unit: mas / yr, datatype: float64}
# - {name: pmy, unit: mas / yr, datatype: float64}
# - {name: pmx_e, unit: mas / yr, datatype: float64}
# - {name: pmy_e, unit: mas / yr, datatype: float64}
# - {name: pm_corr, datatype: float64}
# - {name: g_mag, unit: mag, datatype: float64}
# - {name: bp_rp, unit: mag, datatype: float64}
# - {name: filter, datatype: int64}
# - {name: memberprob, datatype: float64}
# - {name: r, unit: deg, datatype: float64}
# - {name: pm, unit: mas / yr, datatype: float64}
# - {name: member_prob_GMM, datatype: float64}
# meta: !!omap
# - comments: [deg deg mas/yr mas/yr mas/yr mas/yr dimless mag   mag   zeroone float]
# - __serialized_columns__:
#     bp_rp:
#       __class__: astropy.units.quantity.Quantity
#       unit: &id001 !astropy.units.Unit {unit: mag}
#       value: !astropy.table.SerializedColumn {name: bp_rp}
#     g_mag:
#       __class__: astropy.units.quantity.Quantity
#       unit: *id001
#       value: !astropy.table.SerializedColumn {name: g_mag}
#     pm:
#       __class__: astropy.units.quantity.Quantity
#       unit: !astropy.units.Unit {unit: mas / yr}
#       value: !astropy.table.SerializedColumn {name: pm}
#     pmx:
#       __class__: astropy.units.quantity.Quantity
#       unit: !astropy.units.Unit {unit: mas / yr}
#       value: !astropy.table.SerializedColumn {name: pmx}
#     pmx_e:
#       __class__: astropy.units.quantity.Quantity
#       unit: !astropy.units.Unit {unit: mas / yr}
#       value: !astropy.table.SerializedColumn {name: pmx_e}
#     pmy:
#       __class__: astropy.units.quantity.Quantity
#       unit: !astropy.units.Unit {unit: mas / yr}
#       value: !astropy.table.SerializedColumn {name: pmy}
#     pmy_e:
#       __class__: astropy.units.quantity.Quantity
#       unit: !astropy.units.Unit {unit: mas / yr}
#       value: !astropy.table.SerializedColumn {name: pmy_e}
#     r:
#       __class__: astropy.units.quantity.Quantity
#       unit: &id002 !astropy.units.Unit {unit: deg}
#       value: !astropy.table.SerializedColumn {name: r}
#     x:
#       __class__: astropy.units.quantity.Quantity
#       unit: *id002
#       value: !astropy.table.SerializedColumn {name: x}
#     y:
#       __class__: astropy.units.quantity.Quantity
#       unit: *id002
#       value: !astropy.table.SerializedColumn {name: y}
# schema: astropy-2.0
x y pmx pmy pmx_e pmy_e pm_corr g_mag bp_rp filter memberprob r pm member_prob_GMM
[from data line 343]
-0.03035233 -0.01212859 -7.117597 -7.932788 1.460827 1.439477 0.7194249 19.76017 1.230888 0 0.0 0.03268587817111543 10.657828695721893 0.0
-0.01208169 -0.01994398 -2.725216 -5.364646 0.4725577 0.463629 0.675503 18.18946 1.065619 0 0.0 0.023318009595514364 6.017161203754807 1.0
-0.009379196 -0.02224976 -4.017155 -6.352273 1.687223 1.571279 0.6626761 19.85339 0.9994087 0 0.0 0.02414583064762975 7.515910228345866 1.0
-0.01850053 -0.01405099 -4.287733 -4.897352 0.7744449 0.7496289 0.7056666 18.94121 0.8474407 0 0.0 0.023231442707266375 6.509125201683633 1.0
-0.02258156 -0.01886957 -5.384511 -5.589601 1.98457 2.082534 0.771456 20.01368 0.9226665 0 0.0 0.029427665962806156 7.761224004519003 0.0
-0.01157439 -0.02721094 -1.672217 -2.08758 0.9777536 0.9621489 0.6310362 19.20656 0.9664783 0 0.0 0.029570285077349184 2.6747523159143163 1.0
0.002217892 -0.03686165 -3.402197 -8.266369 0.2015891 0.1839438 0.4695495 17.26796 1.087317 1 0.0 0.036928312791761335 8.939116336135802 0.0
-0.04124937 -0.003390062 -2.465582 -4.10717 0.4706775 0.4666673 0.708918 18.2423 0.9983177 0 0.0 0.04138844096798941 4.790400819098961 1.0
-0.02266409 -0.03049296 -0.4408584 0.1241136 1.426496 1.393471 0.634224 19.5953 0.3878613 0 0.0 0.03799317813884093 0.4579959765713231 0.0
-0.009660642 -0.02284868 -6.587364 -6.320883 1.620223 1.629791 0.724915 19.83259 nan 0 0.0 0.024807059108136215 9.12945378257566 0.0
-0.01790896 -0.01714845 -3.560494 -3.375933 2.348655 2.436724 0.7248368 20.00024 1.334709 0 0.0 0.02479516456255332 4.90653045894194 1.0
-0.02753507 -0.0229274 -3.253858 -3.599579 1.73008 1.708029 0.741913 19.69656 1.090405 0 0.0 0.03583079333010783 4.852273782610066 1.0
0.005313917 -0.03732522 4.386357 -5.954071 1.514317 1.487796 0.7258026 19.85483 0.6233559 0 0.0 0.03770158832106797 7.3953423994085625 1.0
0.04257048 0.0261887 -2.886815 -3.757737 0.6379765 0.6078766 0.5662721 18.97063 1.066832 1 0.3848682 0.04998093411612472 4.7385955942023585 0.0
0.01395811 -0.003458948 -2.567476 -3.857174 0.69476 0.6801031 0.6279764 18.7377 0.8662796 0 0.0 0.014380304448752258 4.633543382429046 1.0
-0.009042319 -0.008482491 -2.226048 -3.329623 0.6166448 0.5871223 0.6328115 18.63155 0.7456207 0 0.0 0.012398233199244237 4.005206489113014 1.0
-0.01104328 0.01865321 -2.865044 -4.598155 0.1587365 0.1684474 0.5706158 16.43887 0.2481804 1 0.9792964 0.021677091051672502 5.417703067348837 1.0
0.01440861 -0.002968806 -3.662528 -5.390351 0.7357322 0.7071466 0.6115225 19.02551 0.8883362 0 0.0 0.01471128312546992 6.516900739921162 1.0
0.005680639 -0.01739344 -2.713811 -5.164952 1.356617 0.9778181 0.3310488 19.29644 nan 0 0.0 0.01829757947057263 5.834509345782643 1.0
0.02550872 0.03951958 -4.684031 1.101285 1.003006 1.00091 0.7451776 19.36732 1.05895 0 0.0 0.0470371342602289 4.811753844513038 1.0
0.02086136 0.03484927 -4.067784 -5.286371 1.497003 1.433695 0.7224512 19.78324 0.9240437 0 0.0 0.04061610469484365 6.670276232683096 1.0
-0.01008661 0.0278467 -0.04703541 -0.9557164 2.151246 2.273192 0.7417534 20.16793 0.9312687 0 0.0 0.029617197743576282 0.9568731196051168 0.0
-0.0220509 0.0071067 2.602778 -5.9109 0.4171328 0.4448679 0.6612282 17.94234 1.861557 1 0.0 0.02316780903969989 6.458575084899454 1.0
0.005597211 0.0076119 -3.385371 -5.999197 0.3687439 0.3527338 0.6301519 17.8202 1.068333 0 0.0 0.00944826929064371 6.888475989103105 1.0
-0.002314 -0.01251816 -3.054387 -5.246688 0.3395549 0.3198689 0.616649 17.8171 1.16765 1 0.9850679 0.01273023667437491 6.070997851680809 1.0
-0.002567624 0.001691581 -3.541797 -5.809373 0.2823353 0.2615023 0.5992308 17.3006 1.1562 0 0.0 0.003074758410824662 6.803906278185936 1.0
-0.01872914 0.01081508 -1.574244 -4.501329 0.706234 0.7692714 0.6378694 18.83218 0.9337559 0 0.0 0.021627451087587735 4.768669304719819 1.0
-0.04387402 0.01673165 3.024447 -5.019555 0.2766691 0.262761 0.6617968 17.46904 0.9990807 1 0.0 0.04695612572053725 5.860308187615563 1.0
0.02200576 -0.02849968 -3.713818 -10.00745 0.9402997 0.8625775 0.700022 19.15754 0.9232807 1 0.0 0.03600673872041177 10.674338370111002 0.0
0.02790055 0.0301464 -3.334559 -3.390111 0.9922507 0.9084263 0.6456935 19.23407 1.076763 0 0.0 0.0410761016074128 4.755222004996402 1.0
-0.008227755 0.02206184 -0.1341455 -0.9319905 1.864426 2.062304 0.7299901 19.97633 0.9142284 0 0.0 0.023546140586635955 0.9415950866803098 0.0
-0.01324086 0.03234015 -3.116537 -4.498451 1.835965 1.80142 0.7540705 19.95344 0.8165474 0 0.0 0.03494575332657889 5.472555552186748 1.0
-0.006030029 -0.009857524 -3.682466 -4.800419 0.5112731 0.4914782 0.6443567 18.3761 0.8624134 0 0.0 0.01155560596210415 6.050171767538257 1.0
-0.005242078 -0.002344445 -2.976666 -4.658297 0.1195202 0.110149 0.5219524 15.35636 1.280241 0 0.0 0.005742456278989767 5.528134533073974 1.0
-0.009749367 0.03730336 0.8899326 -1.786243 0.4113981 0.4118017 0.7194699 18.11894 1.199781 0 0.0 0.038556333126871505 1.9956563049763254 1.0
0.01435025 -0.02254773 -2.601011 -3.704674 0.6907771 0.6320307 0.5681731 18.83258 0.7478638 0 0.0 0.02672694900686197 4.526573501932449 1.0
0.02519668 0.02717337 2.663042 -1.817552 0.4797536 0.4481148 0.5205567 18.14788 1.287739 1 0.0 0.03705758654013102 3.224172446763355 1.0
0.02119937 0.03541189 -3.271465 -5.063112 0.4078503 0.4056847 0.697619 18.12167 1.285887 0 0.0 0.04127245136612314 6.0280665532796665 1.0
0.008327169 -0.01008462 1.179548 -4.948038 1.225491 1.345042 0.6880399 19.59073 nan 0 0.0 0.013078276036961486 5.086689840529694 1.0
0.007229204 -0.01127474 -2.362858 -4.373504 0.6912446 0.6710397 0.6801772 18.87247 0.7189827 0 0.0 0.013393324924798024 4.970979296494806 1.0
0.03154709 -0.03152087 -2.324247 -6.311707 0.5609087 0.5259018 0.6954909 18.52545 1.667374 0 0.0 0.04459578604560077 6.7260515438746085 1.0
0.02397897 -0.01205485 -3.010649 -4.522385 0.7045352 0.6542703 0.5480969 19.02184 0.7995949 0 0.0 0.026838599270144484 5.432860525489864 1.0
0.02012384 -0.00150659 -0.04552238 -2.318923 0.2307016 0.2106434 0.4680773 17.47585 1.041746 0 0.0 0.020180157327773736 2.3193697779806186 1.0
-0.004003159 -0.008798871 -1.289933 -4.292195 0.3827563 0.363225 0.7197726 17.73731 1.065151 0 0.0 0.009666716756682282 4.481837241858968 1.0
-0.00546761 0.005391752 -4.254369 5.552334 0.4966981 0.4743338 0.6506114 18.35302 1.033207 0 0.0 0.007678915857176975 6.994860144114177 1.0
0.009790316 -0.02019557 -2.885457 -4.403909 0.6314596 0.5828784 0.5429064 18.88977 0.838335 0 0.0 0.022443514319392052 5.265004898300665 1.0
0.01756573 0.02831706 -3.425881 -4.917302 1.350068 1.329538 0.7361083 19.69089 0.8661785 0 0.0 0.033322826372870894 5.993039261123275 1.0
-0.01019868 0.02024973 -3.133415 -5.49476 0.7372946 0.7974066 0.6666519 18.70762 0.9412422 0 0.0 0.02267299360065406 6.325399356548565 1.0
-0.02328966 0.006759357 -0.1243289 -6.498377 1.467396 1.493536 0.5999071 19.6043 1.765047 0 0.0 0.024250714834186823 6.49956624010435 1.0
0.04086746 -0.01901113 -0.3419336 -4.801464 1.33132 1.250096 0.7067598 19.45629 0.8984051 0 0.0 0.04507296696167782 4.813623908253008 1.0
0.02476444 -0.02728135 -2.17444 -4.967942 2.034808 2.2427 0.56763 20.19922 nan 0 0.0 0.036844939222858 5.42297308023597 1.0
0.03870617 0.002990762 -2.391257 -3.574213 1.021332 0.9616702 0.4841138 19.48384 0.8050213 0 0.0 0.03882154367628294 4.300361451019902 1.0
0.03873439 0.003234895 -7.729599 -6.618264 1.32249 1.289562 0.5754465 19.83516 nan 0 0.0 0.03886923609145316 10.17585962336829 0.0
0.03614055 -0.01064036 3.654575 -8.698167 0.6919359 0.6526442 0.5694617 19.04196 1.377674 0 0.0 0.037674349566145134 9.434724563574392 0.0
-0.01292933 0.01352228 -3.036686 -3.343326 1.056442 1.019039 0.7261972 19.25995 1.060915 0 0.0 0.018708811577631004 4.51655738421112 1.0
0.01491458 -0.01012142 -2.747678 -7.080135 1.460727 1.424285 0.7499583 19.70327 0.869009 0 0.0 0.0180246453333429 7.5946063762323455 1.0
0.03929059 -0.02073491 -2.747948 -3.973941 0.9198724 0.8582871 0.7092944 19.16315 0.6309757 0 0.0 0.044426196722836854 4.831503418418019 1.0
-0.01470419 0.02305884 -12.03328 -14.86091 0.7776611 0.7543812 0.657934 18.4643 0.9275494 0 0.0 0.02734818651577651 19.121884676634256 0.0
-0.02185396 0.007984112 -2.934093 -5.133472 1.132105 1.23272 0.6881564 19.30424 1.054905 0 0.0 0.023266749066213437 5.912819674861817 1.0
-0.004567223 0.02213068 0.5000023 -3.087357 2.180148 2.228697 0.7380237 19.93495 0.2851734 0 0.0 0.022597046780367763 3.1275830197541183 1.0
-0.00411534 -0.0229781 5.167227 0.9749806 0.5792495 0.5685711 0.6713896 18.61889 0.9108925 0 0.0 0.023343716561970162 5.2584048950138245 1.0
0.02876569 -0.007016555 1.114735 0.09768478 1.813872 1.906224 0.8061143 19.93688 0.7591419 0 0.0 0.029609068969559393 1.1190068974178167 0.0
-0.01326559 -0.003142259 1.140501 -5.644772 1.011532 0.9634019 0.6638455 19.27801 nan 0 0.0 0.013632669205668456 5.75883612051819 1.0
-0.01847566 0.0102391 -0.2299651 -3.50632 1.591319 1.739474 0.7620185 19.56538 nan 0 0.0 0.02112319060288005 3.51385314001852 1.0
0.02784407 0.02939683 -0.972263 -0.3799347 1.172512 1.050052 0.6141409 19.39178 0.9487019 0 0.0 0.040490317956442375 1.0438609665243213 0.0
0.0222574 -0.03888523 -2.126164 -5.31778 1.163855 1.107674 0.7140153 19.45772 0.7361526 0 0.0 0.0448046087686624 5.727072330894381 1.0
0.02884402 -0.0360693 -7.256524 -6.1953 2.074716 2.113395 0.8067104 19.92494 0.9700947 0 0.0 0.046184108654930216 9.541429801270667 0.0
-0.005580184 0.004304559 -2.963485 -4.92854 0.2654497 0.2516807 0.6391197 17.3523 0.9904404 0 0.0 0.007047530181442078 5.750891224569023 1.0
0.02580642 -0.02460553 3.771936 0.6254998 2.200431 2.442282 0.6976504 20.30235 nan 0 0.0 0.035656744380233314 3.8234475526540233 1.0
0.0008107139 -0.01768134 -3.857099 -5.220499 0.8672973 0.8352489 0.6417706 19.09229 0.8167038 0 0.0 0.017699916418538627 6.490826026385394 1.0
-0.01154857 0.0004131942 -3.674307 -5.042607 1.068485 1.037298 0.6889155 19.35205 0.8512993 0 0.0 0.011555959436230886 6.239264162278915 1.0
-0.003526073 0.049175 -1.594263 1.005253 0.595683 0.5936765 0.6924759 18.60882 1.129919 0 0.0 0.04930125572235792 1.8847302478545835 1.0
-0.008257132 0.04232169 -1.738776 -5.376598 0.08028838 0.0784441 0.6040103 15.1083 1.471406 1 0.0 0.04311966689715407 5.650765260721773 1.0
-0.001469707 0.00914933 -1.958038 -5.00989 1.040625 0.9742339 0.6693492 19.21687 0.8707466 0 0.0 0.00926662172071079 5.378932107913615 1.0
-0.01053513 0.001506187 -0.635225 -2.724474 0.69885 0.6879891 0.7095475 18.73554 nan 0 0.0 0.010642253680300475 2.797547028612924 0.0
-0.002736422 -0.004560712 -0.4622255 -0.09211165 1.020933 1.019849 0.5878813 19.04929 nan 0 0.0 0.005318655780272681 0.4713140873302776 0.0
0.0244301 -0.008059033 -1.211046 -1.7547 2.414494 2.581508 0.7729726 20.25331 0.5121765 0 0.0 0.02572504225273671 2.1320423316895 0.0
0.002106574 0.04547096 -4.231771 -7.293053 1.144374 1.126203 0.7238386 19.51812 nan 0 0.0 0.04551973041812831 8.431874516218206 1.0
0.02457234 0.0002016684 -2.212049 -2.205457 0.4057675 0.3817874 0.4881482 18.07842 0.9673595 0 0.0 0.02457316754549886 3.1236519263916076 1.0
-0.01098531 -0.001940428 -0.9857227 -7.084086 0.1974609 0.181172 0.5867958 16.88527 1.245813 1 0.0 0.011155370752210972 7.152336939538803 1.0
0.01300077 -0.005070563 -4.51122 -6.083841 0.6852963 0.6537905 0.6076476 18.89576 0.6456013 0 0.0 0.013954591707745125 7.573917559736242 1.0
0.003851516 0.004527778 -3.073452 -4.895075 0.1981087 0.1896486 0.611923 16.76144 0.3349705 0 0.0 0.005944320744672178 5.779953845138299 1.0
0.01545362 0.02678 -4.023265 -3.574945 1.522144 1.570697 0.7800054 19.75152 0.8729687 0 0.0 0.03091897105507232 5.38209002277461 1.0
0.01494134 -0.02288349 -5.261564 -2.100689 0.7344819 0.6651217 0.5676133 18.93454 0.8601685 0 0.0 0.02732943020949577 5.665417019144927 1.0
0.02685712 0.0223837 -0.7584428 -0.5876224 0.3092635 0.2929206 0.5552554 17.86273 0.9980392 1 0.0 0.03496190670407436 0.9594454470440724 0.0
0.0434654 0.006775422 -3.129925 -6.227002 1.844488 1.909665 0.7707078 20.0828 0.06799316 0 0.0 0.04399030961971152 6.969360402047593 1.0
-0.01858798 0.008036092 -2.500128 -3.338877 2.102444 2.075134 0.7228669 19.84286 1.022411 0 0.0 0.02025072282939214 4.171179645797218 1.0
0.003119509 0.004806269 1.667841 -1.493159 1.702756 1.804672 0.6618479 19.58086 nan 0 0.0 0.0057298829046885415 2.238574859271407 0.0
0.01528186 0.001673586 -3.05105 -5.053782 0.2587519 0.2472343 0.612536 17.37002 1.132683 0 0.0 0.015373227870522052 5.903356554200669 1.0
-0.03846677 0.0127164 -0.8705941 -4.092741 0.912555 0.8731422 0.7349864 19.15721 0.8694229 0 0.0 0.040514185456367 4.184311529993412 1.0
0.01426449 -0.03510571 -2.53033 -7.844304 1.050024 1.037765 0.6809359 19.45484 1.405134 0 0.0 0.03789309369217826 8.242310061706972 0.0
0.00314767 0.005094278 -5.350014 -6.439104 1.422744 1.418048 0.669405 19.74423 nan 0 0.0 0.0059882797838932 8.371661132834511 0.0
0.01305778 0.00234711 -3.031623 -4.859543 0.08712746 0.08342621 0.577575 15.17874 1.357502 1 0.9987402 0.013267047293218637 5.727643161281785 1.0
0.03203302 0.0002592545 -10.38175 -14.51034 2.272021 2.434266 0.7823506 20.14665 0.3668003 0 0.0 0.032034069101757434 17.841824457664075 0.0
0.01435213 -0.004656804 -3.419182 -5.009188 0.3450328 0.323382 0.5282764 18.0557 1.059166 0 0.0 0.015088719595489738 6.064880045678398 1.0
-0.02278272 0.005851545 -1.633973 -4.065871 1.014993 1.101388 0.703048 19.25059 0.8029385 0 0.0 0.02352217909729932 4.381914507765982 1.0
-0.005580976 0.0237557 -0.5722267 2.286304 0.4255099 0.4118708 0.6848454 18.10226 0.8320236 0 0.0 0.024402470686440258 2.356826123541762 0.0
0.03310638 0.0148464 -3.167023 -5.199432 1.109337 1.057435 0.5719166 19.68907 0.6411762 0 0.0 0.03628288838646118 6.088031521366573 1.0
-0.01912728 0.03923261 -3.200465 -4.857106 0.09932363 0.09669801 0.5653793 12.60884 1.790911 1 0.9823868 0.043646884512076004 5.8167391991957995 1.0
-0.002877273 -0.0003149564 -3.144044 -4.697764 0.3375757 0.3293436 0.6641571 17.79583 nan 0 0.0 0.002894459785595571 5.652786859030862 1.0
-0.005608103 -0.001428933 -5.268556 -6.378923 0.9334169 0.9085436 0.656438 19.05639 nan 0 0.0 0.0057872850955433324 8.273351253577053 0.0
0.0101026 0.01561488 -1.616415 -2.196136 0.2163698 0.1971691 0.4650888 16.93115 1.077015 1 0.0 0.01859803764310633 2.726868310483842 1.0
-0.01056685 0.04786619 1.605828 0.5575181 2.217372 2.347868 0.7826612 20.09919 1.079231 0 0.0 0.04901867464587961 1.6998558754822746 1.0
0.0009235233 0.01351144 -1.690696 -2.921149 0.7709799 0.7408782 0.6945307 18.98761 0.815731 0 0.0 0.013542965190800827 3.3751391741107506 1.0
-0.02207851 0.003717337 -4.854834 -8.58847 1.77365 1.684454 0.6712793 19.76184 0.8503551 0 0.0 0.022389265244569082 9.865659131981806 0.0
0.02322514 0.02477046 0.5009546 -4.859607 0.6951851 0.6627309 0.6862473 18.76973 0.9616108 0 0.0 0.03395560066662347 4.8853593220673295 1.0
0.03130165 0.002958322 -2.960608 -2.717361 1.037574 0.9935924 0.5203456 19.44666 0.8806248 0 0.0 0.03144113486784763 4.018613011224768 1.0
0.03285036 0.003959317 -1.729995 -5.995371 0.749492 0.5710443 0.05266592 18.57101 1.747206 0 0.0 0.033088099722348656 6.239980458916999 1.0
0.02516928 0.03134475 3.911689 -0.6318291 0.1582513 0.1505003 0.5103334 16.50269 1.039438 1 0.0 0.040199328455596116 3.9623880229386685 1.0
0.01356698 0.02684695 0.5071975 -3.183078 0.5574373 0.5586431 0.6534637 18.34914 1.076353 0 0.0 0.030080253832421362 3.223233602780017 1.0
0.01035478 -0.0007025093 -3.214734 -5.265575 0.2720687 0.2607437 0.6357095 17.4753 1.046268 0 0.0 0.010378583148242658 6.169343139377239 1.0
-0.0178603 0.04143386 -2.712532 -4.722452 0.9790161 0.9620394 0.7665867 19.18622 0.9724197 0 0.0 0.04511934253277191 5.446042851771183 1.0
0.006609812 -0.01265945 -1.012583 -3.414322 0.9937975 0.9384985 0.6520087 19.37727 0.694212 0 0.0 0.01428115152842529 3.5613086150420883 1.0
0.01770785 0.03854043 0.413835 -7.043956 0.2659056 0.2581542 0.6188948 17.12601 1.141106 0 0.0 0.042413826710253344 7.056102007281428 1.0
0.02119806 0.02692609 -3.17882 -5.075087 0.0852489 0.0835107 0.5914822 11.90292 2.237072 1 0.9955652 0.03426911248415546 5.988439249918881 1.0
