jas1101finalproject/data/gcs/NGC_7492.ecsv
# %ECSV 0.9
# ---
# datatype:
# - {name: x, unit: deg, datatype: float64}
# - {name: y, unit: deg, datatype: float64}
# - {name: pmx, unit: mas / yr, datatype: float64}
# - {name: pmy, unit: mas / yr, datatype: float64}
# - {name: pmx_e, unit: mas / yr, datatype: float64}
# - {name: pmy_e, unit: mas / yr, datatype: float64}
# - {name: pm_corr, datatype: float64}
# - {name: g_mag, unit: mag, datatype: float64}
# - {name: bp_rp, unit: mag, datatype: float64}
# - {name: filter, datatype: int64}
# - {name: memberprob, datatype: float64}
# - {name: r, unit: deg, datatype: float64}
# - {name: pm, unit: mas / yr, datatype: float64}
# - {name: member_prob_GMM, datatype: float64}
# - {name: member_prob_DB, datatype: float64}
# meta: !!omap
# - comments: [deg deg mas/yr mas/yr mas/yr mas/yr dimless mag   mag   zeroone float]
# - __serialized_columns__:
#     bp_rp:
#       __class__: astropy.units.quantity.Quantity
#       unit: &id001 !astropy.units.Unit {unit: mag}
#       value: !astropy.table.SerializedColumn {name: bp_rp}
#     g_mag:
#       __class__: astropy.units.quantity.Quantity
#       unit: *id001
#       value: !astropy.table.SerializedColumn {name: g_mag}
#     pm:
#       __class__: astropy.units.quantity.Quantity
#       unit: !astropy.units.Unit {unit: mas / yr}
#       value: !astropy.table.SerializedColumn {name: pm}
#     pmx:
#       __class__: astropy.units.quantity.Quantity
#       unit: !astropy.units.Unit {unit: mas / yr}
#       value: !astropy.table.SerializedColumn {name: pmx}
#     pmx_e:
#       __class__: astropy.units.quantity.Quantity
#       unit: !astropy.units.Unit {unit: mas / yr}
#       value: !astropy.table.SerializedColumn {name: pmx_e}
#     pmy:
#       __class__: astropy.units.quantity.Quantity
#       unit: !astropy.units.Unit {unit: mas / yr}
#       value: !astropy.table.SerializedColumn {name: pmy}
#     pmy_e:
#       __class__: astropy.units.quantity.Quantity
#       unit: !astropy.units.Unit {unit: mas / yr}
#       value: !astropy.table.SerializedColumn {name: pmy_e}
#     r:
#       __class__: astropy.units.quantity.Quantity
#       unit: &id002 !astropy.units.Unit {unit: deg}
#       value: !astropy.table.SerializedColumn {name: r}
#     x:
#       __class__: astropy.units.quantity.Quantity
#       unit: *id002
#       value: !astropy.table.SerializedColumn {name: x}
#     y:
#       __class__: astropy.units.quantity.Quantity
#       unit: *id002
#       value: !astropy.table.SerializedColumn {name: y}
# schema: astropy-2.0
x y pmx pmy pmx_e pmy_e pm_corr g_mag bp_rp filter memberprob r pm member_prob_GMM member_prob_DB
0.01976667 0.0008658762 0.471904 -2.65968 0.5994358 0.5411827 0.2253026 18.71087 0.8007431 1 0.9990329 0.019785625703591648 2.701220296017339 1.0 0.0
-0.06065817 0.02963879 0.4370346 -2.115454 0.4934244 0.3705529 0.04309741 18.49664 1.006035 1 0.9871124 0.06751200974947347 2.1601261231032693 1.0 0.0
0.01341963 0.02570293 -0.06199616 -3.825036 0.745154 0.6409641 0.1813213 19.02288 0.7097473 1 0.9657842 0.028995294099591402 3.825538383698528 1.0 0.0
0.01462298 -0.0004583461 -0.1494516 -2.218539 1.042631 0.9588348 0.2501581 19.47797 0.8566437 0 0.0 0.014630161490147169 2.2235671960306393 1.0 0.0
0.01397855 0.03170627 0.7858368 -3.72796 1.595457 1.471021 0.2118177 19.83029 0.6303577 0 0.0 0.03465093674657873 3.809885200085987 1.0 0.0
0.02317948 0.03055531 -1.977969 -4.206718 0.5429291 0.4752158 0.1928363 18.52979 1.1408 1 0.0001973457 0.03835251311539441 4.648530702973253 1.0 0.0
0.0107433 0.0001465234 0.7942089 -2.359229 2.497555 2.405693 0.3310314 20.0459 0.5974216 0 0.0 0.010744299139392368 2.4893230508072293 1.0 0.0
-0.02314105 -0.03901904 -0.4889323 -1.941387 3.165096 2.154643 -0.1523364 20.37212 0.6715889 1 0.9453967 0.04536511520567428 2.0020085608588913 1.0 0.0
0.01741651 0.01498524 0.3575363 -2.845277 0.8804066 0.704133 0.1190984 19.06985 0.8574295 0 0.0 0.022975905606476103 2.867652944926685 1.0 0.0
-0.05283501 0.01485519 1.146961 -1.586303 0.5453106 0.3992704 0.03599371 18.66529 0.9672031 1 0.979658 0.05488364921938227 1.9575180058763189 1.0 0.0
0.003571635 -0.003337952 1.612274 -3.249593 2.234057 1.537527 -0.03931232 20.10608 0.5732746 0 0.0 0.004888609222215353 3.627572482628707 1.0 0.0
0.01638788 0.01695943 0.9488497 -2.070479 0.2913719 0.2723694 0.2648282 17.06979 1.073687 1 0.9997005 0.023583572181060698 2.2775423251020146 1.0 0.0
0.01832632 -0.0006789424 1.224698 -2.444778 0.3014513 0.2648323 0.1879332 17.6083 0.967741 1 0.9994354 0.01833889221095205 2.7343782950586775 1.0 0.0
0.006567515 -0.06674019 0.73224 -2.263268 1.4553 1.403862 0.3172311 19.97386 0.9615898 1 0.9144514 0.06706254703268677 2.3787722584190356 1.0 0.0
0.01212564 0.01567226 1.980049 -0.9479286 1.31923 1.172849 0.2038652 19.69798 0.6670609 0 0.0 0.019815420230648657 2.195259135751167 1.0 0.0
-0.007065871 -0.06579511 5.730319 -8.665036 1.376022 1.631618 0.5012123 19.53396 1.829189 0 0.0 0.06617343147291624 10.388426479648254 1.0 0.0
-0.02382575 0.03681038 1.437396 -2.108359 0.6738913 0.5058459 0.05201671 18.96533 0.8858585 1 0.9929726 0.04384826608666413 2.551721954621428 1.0 0.0
0.06612269 0.01622558 3.091167 -5.396891 0.2781317 0.2376712 0.1519936 17.41974 0.8239059 1 0.0 0.06808435634690616 6.219465080516974 1.0 0.0
0.01100765 -0.003230451 0.7827078 -2.59964 1.173201 1.302073 0.4613948 19.36886 0.463625 0 0.0 0.011471886165138714 2.714914295107829 1.0 0.0
-0.002365946 0.04275409 1.497487 -1.875061 0.6725967 0.5130125 0.05528666 18.94248 0.9940243 1 0.9918955 0.0428195038761896 2.3996501971933326 1.0 0.0
0.01588871 0.02383927 -4.387781 -7.337429 0.5862531 0.6243058 0.4119725 18.2963 0.76161 1 0.0 0.028648942381822754 8.549297423414512 1.0 0.0
-0.03801542 -0.012388 0.4852745 -2.293381 0.3362824 0.2479645 0.04509536 17.91394 0.9930229 1 0.9987724 0.039982930129949204 2.344160351066294 1.0 0.0
0.01133243 0.023522 0.5208164 -2.472999 0.4255492 0.3443574 0.1105153 17.87125 -0.0266819 1 0.9992772 0.026109547175408847 2.527246283311138 1.0 0.0
0.04043035 0.00672794 0.8471135 -3.536454 0.5740531 0.4993555 0.1717241 18.56259 0.9675293 1 0.9398502 0.04098631939764901 3.63649668994738 1.0 0.0
-0.004893256 0.004495501 1.211654 -5.598256 1.497312 1.838177 0.3848645 19.93976 0.6773643 0 0.0 0.006644808764933495 5.727877063734172 1.0 0.0
0.05342602 0.02233661 -0.07671261 -3.260136 0.746997 0.7336785 0.3320726 19.11885 0.9207726 1 0.9523253 0.057907372236464846 3.2610384179014225 1.0 0.0
-0.003570923 0.02332487 0.873407 -2.268278 0.1691656 0.1080258 -0.1144519 16.10585 1.187203 1 0.9999381 0.02359663220861886 2.4306223221498233 1.0 0.0
0.0007207323 0.01281255 0.8513516 -2.276682 0.1485723 0.1223238 0.1253134 16.30602 1.046866 1 0.9999734 0.012832805326613636 2.430654330822579 1.0 0.0
-0.000278653 0.01372713 0.9983726 -2.265113 0.1858929 0.1453619 0.07074818 16.51427 1.135313 1 0.9999342 0.013729957958104206 2.47537567880105 1.0 0.0
-0.00427608 0.007607354 1.387464 -2.947426 0.7186956 0.6491019 0.221408 18.99421 0.7963905 0 0.0 0.008726780336854825 3.2576642516950702 1.0 0.0
0.007540487 0.02447013 1.674187 -1.706949 1.47882 1.174344 0.1040858 19.71534 1.050137 0 0.0 0.025605589358850326 2.390936427337624 1.0 0.0
-0.01291455 -0.0407195 0.8618212 -2.242794 0.05884861 0.05010074 0.1694349 13.84911 1.695752 1 0.9999288 0.042718418532905686 2.4026778201010304 1.0 0.0
0.007039886 -0.001184645 0.8730275 -2.684879 0.4330061 0.3704875 0.1816454 18.13731 0.9438705 0 0.0 0.007138863962075549 2.8232520717068907 1.0 0.0
-0.006862458 0.001725975 0.8420799 -1.537311 1.117881 0.9172408 0.1077023 19.51543 0.90378 0 0.0 0.0070761797251334 1.752833040738624 1.0 1.0
-0.008420092 -0.001815076 1.076358 -0.7699096 1.456339 1.170005 0.09597337 19.86409 0.7429504 0 0.0 0.008613503942893392 1.3233696899718386 1.0 1.0
-0.02423597 0.0254969 0.8645563 -0.4697259 1.67761 1.151165 -0.08764843 19.50845 0.5478458 0 0.0 0.0351777508014782 0.9839207371534051 1.0 0.0
-0.0001610765 0.01190466 2.57119 -2.319625 2.334354 1.578283 -0.04487289 19.99177 0.7153378 0 0.0 0.011905749676288858 3.4629002522055123 1.0 0.0
-0.04321983 -0.00115284 4.019431 -1.617637 2.311167 1.934755 0.1491326 20.16854 0.5937996 1 0.9329169 0.04323520261655426 4.332732974408877 1.0 0.0
-0.04577669 -0.002093717 0.7522644 -2.185737 0.1439226 0.1143097 0.204662 16.17801 1.173706 1 0.9996376 0.04582454580497432 2.31156829029046 1.0 0.0
0.0128893 0.006472121 0.03613118 -3.471479 2.509482 2.288549 0.2811993 19.98228 0.8066597 0 0.0 0.014422981825151171 3.471667021707179 1.0 0.0
0.07648397 -0.02355482 7.426674 -31.77937 0.8210973 0.8027304 0.2541155 19.17318 1.308146 0 0.0 0.0800289148507794 32.635622321309825 1.0 0.0
-0.03510771 -0.001296249 0.8534682 -2.075273 0.1151169 0.08091605 -0.0008125256 15.83455 1.159145 1 0.9990375 0.03513163194208463 2.243917554844705 1.0 0.0
-0.001924631 0.005862166 1.043747 -1.365653 0.5277446 0.4724097 0.22029 18.43036 0.7508163 0 0.0 0.00617002388145435 1.7188414459798205 1.0 0.0
0.0123601 0.00425963 4.55394 -1.857042 2.677782 2.637507 0.3637376 20.18267 nan 0 0.0 0.013073504493704051 4.918025468962519 1.0 0.0
0.00177879 -0.0002938004 0.5921419 -2.644375 0.2003918 0.1670155 0.1378993 16.91425 1.127726 1 0.9997149 0.0018028900518723152 2.7098618360279203 1.0 0.0
0.01086082 -0.0007470756 0.8737941 -3.920503 2.358507 2.222893 0.3136991 20.03546 0.8934422 0 0.0 0.01088648396060525 4.016697636392838 1.0 0.0
-0.03061072 -0.001737079 0.9537996 -2.119279 0.6412426 0.464998 0.02528976 18.70889 0.9782982 1 0.9983719 0.03065996774901502 2.324021763409534 1.0 0.0
-0.02937675 0.001544694 0.9017554 -2.198381 0.4075502 0.3043129 0.05677311 18.18323 -0.05337143 1 0.9993755 0.029417333667688783 2.3761401100503647 1.0 0.0
-0.004657736 -0.01227581 0.9169073 -2.80165 0.9941986 0.9086408 0.2480229 19.4245 0.7766113 0 0.0 0.013129737842081844 2.94787410166942 1.0 0.0
0.02499899 0.005490626 0.5263841 -1.920803 0.7185832 0.6375657 0.2231437 18.96422 0.8289795 0 0.0 0.025594852507720686 1.9916235551784907 1.0 0.0
-0.001042828 0.001302655 1.780911 -3.638748 1.808033 1.273455 -0.01472576 19.84714 nan 0 0.0 0.0016686522365696814 4.051188837542012 1.0 0.0
-0.0009546175 -0.006139818 -1.150919 -2.095109 1.373033 1.23568 0.2276876 19.84301 0.8556499 0 0.0 0.0062135866972651355 2.390417592480862 1.0 0.0
-0.005510251 -0.004692213 2.967309 -2.969027 1.927527 1.495496 0.02391898 19.97835 0.8062572 0 0.0 0.007237384121377696 4.197623616787242 1.0 0.0
-0.06051096 0.02886732 -1.288932 -13.64764 0.7463284 0.5466716 -0.001213082 19.15621 0.9820709 1 0.0 0.06704400378933227 13.708370554891783 1.0 0.0
0.03484459 8.567019e-05 0.582727 -2.155615 0.2577041 0.2140213 0.1254496 16.961 1.059252 0 0.0 0.0348446953157802 2.2329905473946816 1.0 0.0
0.008686482 0.01449656 -0.1827546 -2.383935 1.428673 1.200353 0.1525973 19.81557 0.191 0 0.0 0.016899858619820584 2.390929804081701 1.0 0.0
0.01339036 0.02761219 0.3923105 -2.437123 0.4191634 0.3423987 0.117325 17.87885 0.09983063 1 0.9988438 0.030687697494691583 2.4684967177493373 1.0 0.0
0.005394032 0.001762258 1.291449 -2.438118 1.39447 1.294206 0.2932316 19.79706 0.2638168 0 0.0 0.0056746043452903395 2.7590324212529653 1.0 0.0
-0.02808421 0.006699485 1.590731 -4.61642 2.197575 1.385437 -0.1848981 20.25967 0.9366264 1 0.9595072 0.028872234942749493 4.882802344019364 1.0 0.0
0.04136979 0.001148758 0.3716421 -2.306059 0.3709881 0.2840048 0.04881154 17.58036 0.07699203 1 0.9979718 0.04138573630596251 2.335813768683927 1.0 0.0
0.01365391 0.01247354 0.08605377 -3.473782 1.523894 1.808946 0.5754183 19.74446 0.4194393 0 0.0 0.01849374106068591 3.474847713908512 1.0 0.0
0.04731883 0.05262585 1.081558 -1.945676 0.294814 0.2897198 0.2825091 17.71531 0.04987526 1 0.9890751 0.0707711223649265 2.22607789718599 1.0 0.0
-0.01027139 -0.009114584 1.005564 -2.1693 1.164969 0.8656289 0.0359774 19.67365 0.9415703 0 0.0 0.013732337529537933 2.391029369977709 1.0 0.0
0.00192555 -0.02143485 -0.7196709 -2.619635 1.528665 1.378129 0.2347034 19.87888 1.137762 0 0.0 0.021521164869146837 2.716691689819036 1.0 0.0
0.004336001 0.005721939 -1.108603 -2.751517 1.037986 0.9770571 0.2641115 19.51173 0.678112 0 0.0 0.007179240251706443 2.966453507624551 1.0 0.0
-0.0216137 -0.03212381 3.625234 -3.54672 0.2462993 0.1778269 0.02141288 17.33594 0.9345016 1 0.0 0.038718099083065796 5.071641185371457 1.0 0.0
-0.007068615 0.01369458 0.7355189 -1.992175 0.4142422 0.3859429 0.1366891 18.2102 0.9553127 1 0.9996967 0.015411256905088079 2.123617028299173 1.0 0.0
0.007715868 -0.001880852 0.548221 -2.288491 0.265915 0.2271661 0.1571706 17.34828 0.9952278 1 0.999913 0.007941802266446073 2.3532397502001365 1.0 0.0
0.0136237 9.771485e-05 0.5701796 -2.488732 0.242389 0.207909 0.1590715 17.20744 1.065315 1 0.9998539 0.01362405042129214 2.553212044480474 1.0 0.0
0.01938577 0.01361082 0.3015026 -2.93754 1.135694 0.9324628 0.1424167 19.38707 0.8959579 1 0.9958771 0.023686757894766854 2.9529722432503083 1.0 0.0
0.007392467 -0.00448151 1.069285 -1.193705 1.274487 1.470005 0.4921535 19.38203 0.7053261 0 0.0 0.008644796135606033 1.6025922869682108 1.0 1.0
0.001132327 0.02801984 0.710508 -2.36517 0.301313 0.2174641 0.009857654 17.21529 0.6736965 1 0.9996801 0.028042710248129175 2.469585136609791 1.0 0.0
0.0009558578 0.007740911 0.7279117 -2.479062 0.2188424 0.1827324 0.1430113 17.08305 1.031628 1 0.9999277 0.0077997030227914335 2.58371899455821 1.0 0.0
0.003512716 -0.01129922 0.5689911 -2.321335 0.3677023 0.3027901 0.1486771 17.95924 0.0272007 1 0.9998371 0.01183264747658173 2.390051684400195 1.0 0.0
-0.004981221 -0.004252555 0.9440851 -2.497455 0.3702754 0.3179214 0.1838878 18.00239 1.000942 1 0.9998323 0.0065495638540948664 2.6699397283584907 1.0 0.0
0.01030276 0.006830849 0.2828544 -2.806715 0.3834723 0.4625329 0.5028536 17.76399 0.007684708 1 0.9994905 0.01236152748160198 2.820931708287948 1.0 0.0
-0.01876574 -0.003719296 0.7882042 -2.34213 0.1038082 0.07424319 0.0107767 15.58635 1.222993 1 0.9999765 0.01913076476472428 2.4712018933704387 1.0 0.0
0.006275925 0.006055675 1.082221 -2.198782 0.3361051 0.2954269 0.197198 17.78267 0.070961 1 0.9998557 0.008721148680721479 2.450682471550527 1.0 0.0
-0.001630668 0.001294069 1.165999 -2.042168 0.2570004 0.2117105 0.122553 16.4964 1.018726 0 0.0 0.002081752315474874 2.3515960129718287 1.0 0.0
0.03990148 0.007742753 0.6556611 -2.165036 0.1633703 0.1340431 0.1149559 16.32438 1.048969 1 0.9995424 0.04064576644878787 2.2621388903754807 1.0 0.0
0.006393824 0.01658233 0.8930739 -2.616227 0.4310174 0.3613726 0.1542714 18.19634 0.9265614 1 0.9995026 0.017772300176732217 2.7644573981868863 1.0 0.0
0.0106855 0.01890721 2.989029 -1.504024 0.7845895 0.6229001 0.09781509 18.76183 0.8725414 1 0.9641133 0.02171779225045907 3.3460996033317656 1.0 0.0
-0.02973118 0.01342552 0.4811162 -2.140023 0.3843512 0.2829074 0.022214 17.88116 0.02287865 1 0.9990906 0.032621889146136215 2.1934382230715865 1.0 0.0
0.03437422 -0.0005608416 1.915499 1.06624 2.33522 1.63519 -0.02549668 19.97471 nan 0 0.0 0.0343787949746452 2.1922600567909365 1.0 0.0
0.01626994 0.01240946 1.1198 -2.344925 0.2236208 0.1923633 0.1387453 16.91469 1.136856 1 0.9997081 0.0204622981381662 2.5985814006155357 1.0 0.0
0.008039829 0.01481797 0.6892499 -2.668807 0.4788542 0.3398268 -0.03547089 17.65254 0.1118946 0 0.0 0.016858561186238314 2.7563737460473337 1.0 0.0
-0.01412197 -0.003043722 1.514115 -2.541517 0.3562778 0.207081 -0.1312101 17.3817 0.2413883 1 0.99897 0.014446254888177211 2.958353071307412 1.0 0.0
-0.001042862 0.007941182 0.5679181 -2.55882 0.3063989 0.2592325 0.1576629 17.65861 0.1191196 0 0.0 0.008009365312443178 2.6210857980439344 1.0 0.0
0.02737859 -0.003514271 -0.7246983 -1.673571 2.223708 1.93107 0.08220302 20.07315 0.7817669 0 0.0 0.02760321160752026 1.8237399809358485 1.0 0.0
-0.01118265 -0.006401428 0.7067818 -2.273223 0.1198906 0.08505358 0.006812301 15.8628 1.205529 1 0.9999824 0.012885260628395687 2.380563656057162 1.0 0.0
-0.01227033 -0.002751779 0.5589886 -2.512061 0.3165275 0.2371279 0.05660033 17.70843 0.1793346 1 0.9998088 0.012575105803679784 2.5735032004353444 1.0 0.0
-0.01147738 0.008270835 1.085316 -2.437968 0.2733025 0.2032964 0.0238217 17.50385 1.014301 1 0.9998125 0.014146977177532485 2.668632381741629 1.0 0.0
0.01782686 0.001542209 -3.551404 -2.571054 1.736251 1.256147 0.02226671 19.81627 0.4971352 0 0.0 0.017893444220140543 4.3843801206250355 1.0 0.0
-0.005569413 0.009284836 0.6732171 -2.097291 0.1916053 0.1500908 0.0635807 16.87842 1.067575 1 0.9999268 0.010827120610368435 2.2026917175159597 1.0 0.0
0.01168542 0.02779635 0.8157561 -2.427224 0.1287744 0.1011669 0.07543626 15.76176 1.185803 1 0.9998195 0.030152713209575355 2.560639443745099 1.0 0.0
-0.005628298 0.01290308 0.691098 -2.41137 0.2260648 0.2082841 0.1217294 17.16389 0.4729614 1 0.9999095 0.014077187640406162 2.508450063785205 1.0 0.0
-0.004099568 -0.0001183576 0.1587326 -2.411382 0.3294021 0.2841491 0.1725953 17.77764 0.1669464 0 0.0 0.004101276180422595 2.4166007506881977 1.0 0.0
0.01906283 0.0177908 0.2477153 -3.519242 1.472434 1.255272 0.1760275 19.81312 0.8847218 0 0.0 0.026074969841763957 3.5279494220323073 1.0 0.0
-0.01720826 -0.0007122241 0.8689106 -2.096394 0.1992935 0.142649 0.01509028 16.85662 1.106232 1 0.9998959 0.017222992637640558 2.269333257595358 1.0 0.0
-0.01694358 -0.002522276 1.090545 -1.950618 0.3276675 0.2391716 0.03154606 17.68182 0.1502609 1 0.9996002 0.017130288364081207 2.2347704533014126 1.0 0.0
-0.02267396 -0.01117838 0.9418856 -2.041913 0.273542 0.1900216 0.006111093 17.4246 nan 0 0.0 0.025279727876423037 2.248678986217544 1.0 0.0
-0.001101596 -0.001723353 1.086486 -3.05829 0.9898415 0.9128708 0.3368568 19.32932 0.7978497 0 0.0 0.002045350656935138 3.24554919116873 1.0 0.0
-0.002776882 -0.004151424 -0.6267214 -2.498922 1.148627 1.076621 0.2782858 19.59541 0.8812809 0 0.0 0.004994536501988949 2.576313427225414 1.0 0.0
-0.01274136 0.009606858 0.8188494 -2.499407 0.1994244 0.1497297 0.03102779 16.95351 1.055149 1 0.9998633 0.01595725462859335 2.6301235125996194 1.0 0.0
-0.0004256156 0.01066011 0.3848517 -2.663874 0.3854156 0.3293339 0.1741646 18.06039 0.9907455 1 0.9996211 0.010668603181816417 2.6915303302896083 1.0 0.0
-0.004981173 -0.00621331 0.7697163 -0.6976807 0.8489977 0.7332217 0.1853901 18.84592 0.8627071 0 0.0 0.007963498327495837 1.0388558810721438 1.0 0.0
-0.004011292 -0.005231004 -0.9178363 0.7048437 2.537473 2.136451 0.1626583 19.73536 0.7593842 0 0.0 0.006591954668933943 1.15725023872427 1.0 0.0
-0.002512526 0.009289665 1.439831 -1.349613 2.527537 2.117198 0.1238976 19.56981 0.7957115 0 0.0 0.00962344339168164 1.97346612799156 1.0 1.0
