jas1101finalproject/data/gcs/NGC_6717_Pal9.ecsv
# %ECSV 0.9
# ---
# datatype:
# - {name: x, unit: deg, datatype: float64}
# - {name: y, unit: deg, datatype: float64}
# - {name: pmx, unit: mas / yr, datatype: float64}
# - {name: pmy, unit: mas / yr, datatype: float64}
# - {name: pmx_e, unit: mas / yr, datatype: float64}
# - {name: pmy_e, unit: mas / yr, datatype: float64}
# - {name: pm_corr, datatype: float64}
# - {name: g_mag, unit: mag, datatype: float64}
# - {name: bp_rp, unit: mag, datatype: float64}
# - {name: filter, datatype: int64}
# - {name: memberprob, datatype: float64}
# - {name: r, unit: deg, datatype: float64}
# - {name: pm, unit: mas / yr, datatype: float64}
# - {name: member_prob_GMM, datatype: float64}
# meta: !!omap
# - comments: [deg deg mas/yr mas/yr mas/yr mas/yr dimless mag   mag   zeroone float]
# - __serialized_columns__:
#     bp_rp:
#       __class__: astropy.units.quantity.Quantity
#       unit: &id001 !astropy.units.Unit {unit: mag}
#       value: !astropy.table.SerializedColumn {name: bp_rp}
#     g_mag:
#       __class__: astropy.units.quantity.Quantity
#       unit: *id001
#       value: !astropy.table.SerializedColumn {name: g_mag}
#     pm:
#       __class__: astropy.units.quantity.Quantity
#       unit: !astropy.units.Unit {unit: mas / yr}
#       value: !astropy.table.SerializedColumn {name: pm}
#     pmx:
#       __class__: astropy.units.quantity.Quantity
#       unit: !astropy.units.Unit {unit: mas / yr}
#       value: !astropy.table.SerializedColumn {name: pmx}
#     pmx_e:
#       __class__: astropy.units.quantity.Quantity
#       unit: !astropy.units.Unit {unit: mas / yr}
#       value: !astropy.table.SerializedColumn {name: pmx_e}
#     pmy:
#       __class__: astropy.units.quantity.Quantity
#       unit: !astropy.units.Unit {unit: mas / yr}
#       value: !astropy.table.SerializedColumn {name: pmy}
#     pmy_e:
#       __class__: astropy.units.quantity.Quantity
#       unit: !astropy.units.Unit {unit: mas / yr}
#       value: !astropy.table.SerializedColumn {name: pmy_e}
#     r:
#       __class__: astropy.units.quantity.Quantity
#       unit: &id002 !astropy.units.Unit {unit: deg}
#       value: !astropy.table.SerializedColumn {name: r}
#     x:
#       __class__: astropy.units.quantity.Quantity
#       unit: *id002
#       value: !astropy.table.SerializedColumn {name: x}
#     y:
#       __class__: astropy.units.quantity.Quantity
#       unit: *id002
#       value: !astropy.table.SerializedColumn {name: y}
# schema: astropy-2.0
x y pmx pmy pmx_e pmy_e pm_corr g_mag bp_rp filter memberprob r pm member_prob_GMM
[from data line 574]
0.004104734 -0.001154221 -3.361622 -4.922321 0.4352707 0.4240214 0.5526656 18.13298 0.8106766 0 0.0 0.0042639262807413775 5.960683391854075 1.0
7.882052e-05 -0.01573965 -4.10628 -6.187825 0.9899703 0.9424185 0.6464811 19.30129 0.7824841 1 0.9063713 0.01573984735621261 7.426352649115514 1.0
0.006301 0.005735039 -2.957101 -4.764588 0.2379425 0.2269273 0.5998077 17.07107 0.8823395 0 0.0 0.008520168621073236 5.607650589502256 1.0
-0.004427204 0.04601831 0.696014 -1.73459 1.089392 1.076292 0.7250389 19.47013 0.9365501 0 0.0 0.04623077968749517 1.869020587445735 1.0
0.01212667 -0.02060584 -3.675135 -5.729856 1.452368 1.320268 0.6793798 19.6267 nan 0 0.0 0.023909344771333656 6.807192302922035 1.0
-0.02129192 0.01480679 -2.267111 -4.488455 0.2591911 0.2445667 0.679477 17.23264 0.9704857 0 0.0 0.025934280159481966 5.028520714220635 1.0
0.00297853 -0.004690416 -2.053912 -4.058184 0.2952871 0.3088629 0.5146821 17.1226 1.016365 0 0.0 0.005556225626624246 4.548341662804147 1.0
0.04070692 0.009107049 -3.164302 -5.361396 0.9833065 0.9322061 0.5877711 19.60938 0.7686405 0 0.0 0.04171320746927525 6.225542082101766 1.0
0.03662791 0.02220787 1.152627 -2.311625 0.9020749 0.8550088 0.5748524 19.42223 nan 0 0.0 0.04283448705079822 2.5830522917188494 1.0
0.00365473 0.01557133 -4.548996 -5.593036 1.3468 1.280912 0.7063198 19.68839 0.7171478 0 0.0 0.015994479339503365 7.20939777688206 1.0
-0.01194228 -0.004582186 -2.005483 -5.359702 0.9477336 0.9118605 0.6729362 19.08834 0.6372356 0 0.0 0.012791187596818208 5.722618945211449 1.0
0.03468448 0.02012364 0.2123757 -6.12183 0.6530233 0.6202434 0.5104775 18.96828 0.939579 0 0.0 0.040099551614949505 6.125512712161366 1.0
0.007568511 0.01576572 -3.318806 -4.70312 0.4658549 0.4526074 0.6533179 18.27222 1.096613 0 0.0 0.017488289964302427 5.75619761648573 1.0
0.005371073 -0.01530679 -3.151113 -6.20464 1.025341 0.9874509 0.689094 19.3469 0.8019924 0 0.0 0.016221783048587138 6.958956147898117 1.0
-0.01450666 0.01908776 -1.466025 -4.331956 0.8031131 0.8763921 0.6644598 19.00985 1.433321 0 0.0 0.02397469011631224 4.5732999121598175 1.0
0.02605868 -0.03021319 -1.712333 -4.670729 0.5277284 0.5061877 0.5601629 18.67401 0.9137917 0 0.0 0.03989851693131588 4.974715438528117 1.0
0.02516822 0.02555022 -4.600653 -7.665839 0.8981443 0.8489455 0.600465 19.07236 0.9938354 0 0.0 0.035864370063013795 8.940419207192132 0.0
-0.0195203 0.03052742 -5.486944 -5.386566 1.205209 1.144541 0.7218145 19.53227 0.7735786 0 0.0 0.0362348655847707 7.689060263224109 1.0
-0.01478628 0.0009393111 -3.950007 -14.02201 0.4309959 0.436836 0.7202195 18.01833 0.9849358 0 0.0 0.014816085231294508 14.567749302488322 0.0
-0.03748322 0.0196804 -3.989934 2.53748 0.2798001 0.2574335 0.5993149 17.30914 1.155615 1 0.0 0.04233568147235143 4.728464663583307 1.0
0.0292779 0.01856851 -2.599832 -4.732539 0.18586 0.1738582 0.4802423 17.20685 1.116367 1 0.8430366 0.03466965520494976 5.399634414915977 1.0
-0.01912304 0.008871437 -4.05323 -2.801147 0.3345048 0.3592628 0.5747748 17.76126 1.037155 0 0.0 0.021080632184224672 4.9269765524618645 1.0
0.02060205 -0.004150246 -3.271982 -5.046461 0.234082 0.2135281 0.4569244 17.41113 1.159466 1 0.9927432 0.02101592267931665 6.014369030317727 1.0
-0.01692998 0.03357189 -0.4039896 0.4520074 0.3179953 0.3035334 0.6486177 17.70562 1.080608 1 0.0 0.037599149205434154 0.6062328649643799 0.0
-0.01340687 0.002122009 -3.248424 -5.502644 0.7107139 0.876944 0.9403592 17.61584 1.215181 0 0.0 0.013573764599144226 6.389941273166132 1.0
-0.03666488 0.01307166 2.789467 -4.170323 0.9210345 0.9156326 0.7634743 19.06756 1.034979 0 0.0 0.03892533520176801 5.0172422772293945 1.0
0.03025384 -0.02467702 -1.869534 -5.532452 1.411033 1.320401 0.7047106 19.66671 nan 0 0.0 0.03904164636418398 5.839793019402315 1.0
0.01221068 -0.02547531 1.731372 -2.936375 0.4212797 0.3935912 0.5130753 18.34702 0.9907265 1 0.0 0.028250524343071938 3.4088043568103172 1.0
-0.01749068 0.01388798 -0.182432 -7.102587 0.6354054 0.6685271 0.5488504 17.93076 1.449009 0 0.0 0.022333828049458965 7.1049295230278675 1.0
0.003203717 -0.006088508 -3.072229 -4.46009 0.3355257 0.3235153 0.6452105 17.78639 0.9032574 0 0.0 0.006879951473822544 5.415809619672852 1.0
-0.0007939935 0.01155641 -0.4879266 -3.377005 1.536676 1.684682 0.6603056 19.87325 nan 0 0.0 0.011583653903934727 3.4120719712533263 1.0
0.003794889 -0.006941108 -3.216971 -6.210356 0.5896785 0.5789738 0.66147 18.37364 0.9224339 0 0.0 0.007910762465779451 6.994099231607813 1.0
0.01860328 -0.003661679 -3.117145 -4.930152 0.1015422 0.09152815 0.390769 15.7878 0.4464102 1 0.9986808 0.018960219404253766 5.832923083165849 1.0
0.002219239 0.04628539 -2.684265 -6.500849 0.5937963 0.5926668 0.7070514 18.60908 0.969471 0 0.0 0.04633856222619797 7.033229436825304 1.0
-0.008704229 -0.01272823 14.8682 -17.05074 1.913992 1.592901 -0.05145275 19.04568 0.5915184 0 0.0 0.015419839215028833 22.62280057348338 0.0
-0.01228343 0.03242607 3.638817 1.24305 0.4950237 0.4881249 0.6878446 18.28227 1.522985 0 0.0 0.03467466897044296 3.8452779433987603 1.0
0.03398123 0.02292953 -2.720053 -4.635011 0.6366047 0.6505783 0.667089 18.71368 0.9993839 0 0.0 0.04099374755171574 5.374199037338495 1.0
-0.002257991 0.005265957 -6.05546 -8.988428 0.6399346 0.6205798 0.6601842 18.42566 0.8728027 0 0.0 0.005729644533645171 10.837916484397914 0.0
0.02356615 0.04285206 -16.27395 -9.409013 0.4611739 0.4596898 0.7134371 18.3177 2.125248 1 0.0 0.04890462628490376 18.798164118782157 0.0
0.0320248 -0.03486838 -3.606722 -4.748087 0.6076605 0.5789027 0.5889004 18.74706 0.8783302 0 0.0 0.04734333890701415 5.96261467351807 1.0
-0.03759415 0.01348912 -2.769966 -4.246781 0.7791399 0.8316442 0.7988757 18.73982 0.9066811 0 0.0 0.03994091226545658 5.070291954425998 1.0
-0.01202871 0.01787684 -1.704918 -4.379085 0.1666104 0.1772846 0.5813809 16.5967 1.22847 1 0.0 0.021546955066776837 4.699269179771361 1.0
0.01297289 -0.002140873 -3.279328 -5.853193 0.8596887 0.8506828 0.726355 19.05106 0.889719 0 0.0 0.013148353971285874 6.709236948180695 1.0
-0.004313044 -0.00191526 -1.719504 -2.880035 0.8214344 0.8469598 0.7738323 18.80826 nan 0 0.0 0.004719170415818441 3.354295098413525 0.0
0.002021051 -0.02473472 -3.482057 -6.351134 1.256076 1.20827 0.6759004 19.486 0.5273323 0 0.0 0.024817151742756484 7.243039695956734 1.0
0.006694458 -0.008701702 -2.285298 -4.04846 0.8415166 0.8127717 0.6621559 19.09391 nan 0 0.0 0.010978860852136164 4.648937009726417 1.0
-0.01475888 0.00794882 -3.1966 -2.458875 1.454398 1.470186 0.7307322 19.50845 1.82037 0 0.0 0.016763301531822424 4.032904390836088 1.0
0.02189887 0.007114354 -2.959391 -3.628971 1.129554 1.094312 0.6403421 19.74225 nan 0 0.0 0.02302551932344233 4.68267291295495 1.0
0.01370325 -0.01833243 -1.742985 -5.163652 1.790875 1.773401 0.6930279 19.94574 0.6309509 0 0.0 0.022887923677507315 5.449889786713948 1.0
0.002725665 0.02078223 -0.5246406 -2.464399 0.4864377 0.4832433 0.6893177 18.04108 1.313448 0 0.0 0.020960208335441825 2.5196250098713815 1.0
0.009848332 0.0036768 -3.819745 -5.480657 0.804291 0.7733359 0.6351906 18.8653 nan 0 0.0 0.010512302384455273 6.680423116590296 1.0
-0.0185068 0.03237387 -3.017491 -4.840492 0.321373 0.30398 0.6637723 17.72067 1.082945 0 0.0 0.037290335276273665 5.7039998893009285 1.0
0.004723772 -0.01080352 -3.806726 -4.467135 0.9695922 0.9311394 0.6065449 19.30897 0.8267155 0 0.0 0.011791101148679203 5.869110490295868 1.0
0.00790423 -0.02165838 -4.61978 -5.508299 1.161849 1.086604 0.5922101 19.66087 -0.001401901 0 0.0 0.023055634368138737 7.189139386727803 1.0
0.0303191 0.01580072 1.104587 -3.869447 1.003041 0.9475402 0.5447696 19.4861 0.9492245 0 0.0 0.03418933426272586 4.024019449055633 1.0
0.01235514 0.01568336 -2.825691 -4.070396 0.7607256 0.730952 0.6216593 18.80371 0.9517765 0 0.0 0.019965401706682488 4.955063392560886 1.0
-0.03117527 0.01671606 -2.348178 -7.92147 0.9988706 0.9750958 0.7529629 19.24485 1.035345 0 0.0 0.03537406000866313 8.262180516097674 1.0
0.04472762 -0.007766612 -3.133352 -4.57537 0.3980296 0.3852057 0.5685116 18.34862 0.9187698 0 0.0 0.04539691897940811 5.545440054026732 1.0
0.00250037 0.01898551 -3.105626 -5.254442 0.514871 0.5034439 0.6629654 18.37663 1.064869 0 0.0 0.019149450125186363 6.1036115196857015 1.0
0.005793563 -0.009727814 -2.336551 -3.440727 0.6489102 0.6299282 0.6403972 18.8765 nan 0 0.0 0.011322355649491186 4.159095197771986 1.0
0.01516725 -0.0163394 -2.859266 -5.289596 1.317157 1.261046 0.5805582 19.85506 0.8302135 0 0.0 0.022293978221091453 6.012921744208218 1.0
-0.00704434 0.006883226 -3.635629 -4.640692 0.1701909 0.1621365 0.6154736 16.446 1.234262 1 0.009194863 0.00984893528269305 5.895237099939662 1.0
0.02074176 -0.01111209 -2.803488 -5.707276 0.9250561 0.8715435 0.6040525 19.40421 1.000275 0 0.0 0.023530812822036132 6.3586590022047895 1.0
0.001514391 -0.0237963 -1.892155 -2.841302 1.814467 1.809405 0.7173195 19.90525 0.4805717 0 0.0 0.023844439053810448 3.4136853398093097 1.0
-0.006480351 -0.01197852 -3.035658 -5.075058 0.0867616 0.08063514 0.4496204 15.0353 1.22396 1 0.9968674 0.013619100207928607 5.913664954689943 1.0
0.03812085 0.02427503 -1.333443 -5.710505 0.5827796 0.5504894 0.530409 18.87422 0.954073 1 0.0009659776 0.045193763797933446 5.864122917306049 1.0
0.009173245 0.01284166 9.647598 -5.167333 0.9358258 0.8125201 0.4947682 18.99135 0.898489 0 0.0 0.01578152893054488 10.944289721242445 0.0
-0.03069561 0.01226251 -1.930395 -2.915952 0.6397255 0.6036668 0.6589631 18.61644 0.9963455 0 0.0 0.03305434350841354 3.497027440888761 1.0
-0.010396 0.02321945 0.3093377 -6.359369 0.5297409 0.5770266 0.6915925 18.37515 1.081875 0 0.0 0.025440512461475693 6.366888085305277 1.0
0.04238904 -0.01416312 -4.030088 -7.743501 0.7161352 0.6731515 0.6552074 18.71935 1.053749 0 0.0 0.044692557325084904 8.729456857373489 1.0
0.02091351 0.007532217 -8.236941 -9.493016 1.705171 1.64006 0.6424818 19.97387 0.9888802 0 0.0 0.02222856705807167 12.568394878175056 0.0
-0.009803943 0.01286832 3.712828 -7.743215 0.6288036 0.6107707 0.4290439 18.36572 1.088982 0 0.0 0.01617748305422228 8.587343611024833 0.0
0.04205329 -0.007456774 -1.690822 -6.10242 1.045096 0.9854866 0.5411564 19.54865 0.5961895 0 0.0 0.04270928093882143 6.332330447164298 1.0
0.04490145 0.007230815 -3.831347 -10.70386 0.7777466 0.7985469 0.5751006 19.2544 0.6655369 0 0.0 0.04547993950816915 11.36889786804372 0.0
0.03200895 0.01772104 -2.29876 -4.323401 1.167962 1.110001 0.5529397 19.8084 1.000626 0 0.0 0.03658699412064484 4.89653895567073 1.0
0.003681651 -0.03034236 -1.658591 -4.01012 1.1113 1.035337 0.5910495 19.61055 nan 0 0.0 0.03056490412966154 4.33958368045611 1.0
-0.02025123 0.0222704 7.052077 -9.291867 1.088155 1.054998 0.7131508 19.4076 1.28241 0 0.0 0.030101213142876816 11.664929590855573 0.0
0.00376712 0.006978723 -3.675995 -3.382203 1.020431 0.8405609 0.466958 19.13529 0.8354473 0 0.0 0.00793055911049965 4.995221353777428 1.0
0.03047884 -0.0255163 -0.4327399 -2.777653 0.3722429 0.3511421 0.5455928 18.17413 1.026169 1 0.0 0.03974973274671919 2.811159904640967 1.0
0.03118962 0.00551801 2.150907 -1.821621 1.364729 1.011586 0.1296499 19.53933 0.5603256 0 0.0 0.03167397717534853 2.8186351289746603 1.0
-0.01909566 0.01442564 -4.020107 -5.969831 1.633059 1.792424 0.6929477 19.79891 1.180946 0 0.0 0.02393205633131428 7.197231583047055 1.0
-0.02137594 0.01196482 -4.44798 -5.390207 0.5805995 0.6274868 0.675341 18.44017 1.048668 1 0.6847668 0.024496688113212366 6.988480348634387 1.0
0.008328504 0.01186515 4.127976 1.417733 2.380634 2.058117 0.2065016 19.88632 0.6242771 0 0.0 0.014496405188891347 4.364648063230872 1.0
0.02538893 0.0009396634 -2.632552 -4.677065 0.7713105 0.7130712 0.4981407 19.12733 0.9293785 0 0.0 0.02540631287397287 5.367053851688931 1.0
0.01294297 -0.02085577 -3.398441 -8.014791 1.27809 1.17389 0.5787978 19.8137 0.5979462 0 0.0 0.02454554164637236 8.705531345309257 0.0
0.01815918 0.04422999 -1.511472 0.8259892 0.2115901 0.1982244 0.5485772 16.92037 1.041857 1 0.0 0.04781263257416914 1.7224418031680024 1.0
-0.0251753 0.002755499 -2.901171 -1.371108 0.23501 0.2460827 0.529294 17.14706 1.310596 1 0.0 0.025325649149212367 3.208851869268041 1.0
0.01846217 -0.006263284 1.361365 -7.62855 0.9158641 0.8474693 0.5640042 19.33556 0.8043575 0 0.0 0.01949565201714362 7.749070251696328 1.0
0.009312678 -0.006966167 -5.563984 -7.20538 0.8334186 0.8087464 0.6670342 18.9651 0.9231968 0 0.0 0.011629851856475772 9.103593735259498 0.0
0.03061736 -0.03546315 -6.699871 -5.242946 0.4057531 0.3757186 0.6680831 18.02141 1.080257 1 0.0 0.04685144332133323 8.507452860613276 1.0
0.001908486 -0.02267288 -1.757195 -4.524829 1.046073 1.029924 0.6586133 19.12499 0.8827534 0 0.0 0.02275306147107672 4.85405106558079 1.0
-0.00707219 0.0009704442 -3.484726 -5.487903 0.3479715 0.3293171 0.6304272 17.75603 1.165085 0 0.0 0.0071384615528427165 6.500799537940314 1.0
0.006329395 0.01093638 -2.968408 -4.931972 0.06908217 0.06568632 0.5695221 14.34999 1.351448 1 0.9980705 0.01263588732817862 5.756369851151679 1.0
0.004132642 -0.009281434 -2.741136 -4.991329 0.1392211 0.1317754 0.5531746 15.00763 1.371763 0 0.0 0.010159908808474612 5.694487839721585 1.0
-0.01222616 0.02177353 -4.119297 -5.777442 0.6820353 0.7469292 0.6774382 18.72904 nan 0 0.0 0.024971295461118953 7.095593268893941 1.0
-0.007665336 0.03531222 -3.509647 -4.409049 1.369036 1.338251 0.7345743 19.63161 0.9176636 0 0.0 0.036134613009153646 5.635364686425361 1.0
-0.01591221 -0.0008785183 -10.55077 -14.79506 0.6033056 0.6095567 0.7134221 18.45133 0.8042393 0 0.0 0.015936443188099874 18.17175137394577 0.0
-0.01073148 -0.00773684 -2.613799 -5.164942 0.8742339 0.9695023 0.7143421 18.93074 nan 0 0.0 0.01322963930634543 5.788658832213641 1.0
0.02678893 -0.03829858 -2.395395 -4.359728 0.8304946 0.7559 0.6569926 18.82785 0.8260269 0 0.0 0.04673786474114216 4.974449259969288 1.0
0.01668447 -0.04004029 -4.92149 -4.615104 1.176894 1.088536 0.5781562 19.74116 nan 0 0.0 0.043377371548596624 6.746869551941552 1.0
0.02195507 0.006460124 -2.223312 -4.708696 0.7751425 0.7430927 0.6087339 19.23712 1.037413 0 0.0 0.022885766336312098 5.207200233307723 1.0
0.03053972 -0.004985613 -2.849579 -5.889618 0.6506858 0.6010129 0.5109601 18.91792 0.9533749 0 0.0 0.030943995130948573 6.542759407403347 1.0
0.00951113 0.01301711 -2.896924 -4.273475 1.343619 1.113215 0.2368466 19.38138 nan 0 0.0 0.016121623572984207 5.162824540636743 1.0
-0.02250597 0.03503212 -4.035983 -6.011321 0.7562646 0.7545598 0.7619322 18.77415 0.7483864 0 0.0 0.04163854124888743 7.240520626400425 1.0
-0.006958651 -0.01720658 -4.096261 -6.020437 1.551636 1.467524 0.7208243 19.77785 nan 0 0.0 0.01856042076667986 7.281827782300952 1.0
0.01488743 -0.0009413456 -3.489862 -5.808618 0.808785 0.7650381 0.6216937 19.20083 nan 0 0.0 0.014917161376868568 6.776369223187887 1.0
0.008187423 0.006829757 -2.491148 -4.495932 1.326029 1.32098 0.3982359 19.51166 0.832058 0 0.0 0.010662057777932832 5.139963317624748 1.0
-0.02225011 0.02016056 0.1921345 -2.319829 0.5889573 0.5714896 0.6834726 18.61338 nan 0 0.0 0.030025248950270172 2.327771950885922 0.0
-0.01247958 0.0217449 -1.979144 -4.419582 0.4984798 0.5423349 0.6703795 18.32995 1.11009 0 0.0 0.025071509587306466 4.842490684292537 1.0
0.01959238 0.02257758 -3.198338 -3.686957 0.9971304 0.9557507 0.6359375 19.2876 nan 0 0.0 0.02989328474291174 4.880882899854595 1.0
0.02445987 0.0009760721 -1.343943 -4.220687 1.352163 1.329162 0.6314076 19.84721 nan 0 0.0 0.024479337351352028 4.429489986354862 1.0
-0.004819734 -0.003755868 -3.597824 -5.213594 0.3180178 0.2966793 0.6354552 17.59223 1.050791 0 0.0 0.006110350257078559 6.334500764212756 1.0
0.01820997 0.002514369 -4.976526 0.6705723 1.155725 0.9809081 0.4328297 19.48878 nan 0 0.0 0.018382738067792323 5.021501591974585 1.0
0.008243968 0.01072837 -4.268849 -6.369501 1.123104 1.057445 0.6232668 19.3297 0.770998 0 0.0 0.013530001154542596 7.667699444670611 1.0
0.007006495 0.03763732 -5.726579 -0.4576839 0.1916096 0.1921825 0.6612952 16.73239 0.8721733 1 0.0 0.03828392389721076 5.744839562212352 1.0
