jas1101finalproject/data/gcs/NGC_6401.ecsv
# %ECSV 0.9
# ---
# datatype:
# - {name: x, unit: deg, datatype: float64}
# - {name: y, unit: deg, datatype: float64}
# - {name: pmx, unit: mas / yr, datatype: float64}
# - {name: pmy, unit: mas / yr, datatype: float64}
# - {name: pmx_e, unit: mas / yr, datatype: float64}
# - {name: pmy_e, unit: mas / yr, datatype: float64}
# - {name: pm_corr, datatype: float64}
# - {name: g_mag, unit: mag, datatype: float64}
# - {name: bp_rp, unit: mag, datatype: float64}
# - {name: filter, datatype: int64}
# - {name: memberprob, datatype: float64}
# - {name: r, unit: deg, datatype: float64}
# - {name: pm, unit: mas / yr, datatype: float64}
# - {name: member_prob_GMM, datatype: float64}
# - {name: member_prob_DB, datatype: float64}
# meta: !!omap
# - comments: [deg deg mas/yr mas/yr mas/yr mas/yr dimless mag   mag   zeroone float]
# - __serialized_columns__:
#     bp_rp:
#       __class__: astropy.units.quantity.Quantity
#       unit: &id001 !astropy.units.Unit {unit: mag}
#       value: !astropy.table.SerializedColumn {name: bp_rp}
#     g_mag:
#       __class__: astropy.units.quantity.Quantity
#       unit: *id001
#       value: !astropy.table.SerializedColumn {name: g_mag}
#     pm:
#       __class__: astropy.units.quantity.Quantity
#       unit: !astropy.units.Unit {unit: mas / yr}
#       value: !astropy.table.SerializedColumn {name: pm}
#     pmx:
#       __class__: astropy.units.quantity.Quantity
#       unit: !astropy.units.Unit {unit: mas / yr}
#       value: !astropy.table.SerializedColumn {name: pmx}
#     pmx_e:
#       __class__: astropy.units.quantity.Quantity
#       unit: !astropy.units.Unit {unit: mas / yr}
#       value: !astropy.table.SerializedColumn {name: pmx_e}
#     pmy:
#       __class__: astropy.units.quantity.Quantity
#       unit: !astropy.units.Unit {unit: mas / yr}
#       value: !astropy.table.SerializedColumn {name: pmy}
#     pmy_e:
#       __class__: astropy.units.quantity.Quantity
#       unit: !astropy.units.Unit {unit: mas / yr}
#       value: !astropy.table.SerializedColumn {name: pmy_e}
#     r:
#       __class__: astropy.units.quantity.Quantity
#       unit: &id002 !astropy.units.Unit {unit: deg}
#       value: !astropy.table.SerializedColumn {name: r}
#     x:
#       __class__: astropy.units.quantity.Quantity
#       unit: *id002
#       value: !astropy.table.SerializedColumn {name: x}
#     y:
#       __class__: astropy.units.quantity.Quantity
#       unit: *id002
#       value: !astropy.table.SerializedColumn {name: y}
# schema: astropy-2.0
x y pmx pmy pmx_e pmy_e pm_corr g_mag bp_rp filter memberprob r pm member_prob_GMM member_prob_DB
[from data line 1344]
0.02117597 -0.04049323 -1.226006 -9.62953 0.4011916 0.2920945 0.0715308 18.22631 2.054342 0 0.0 0.04569598867815204 9.707262164634065 0.0 0.0
0.0278983 -0.03673894 -5.926377 -4.658614 0.2660494 0.2039559 0.2438257 17.41286 2.164604 0 0.0 0.046130953330855845 7.538211243201201 0.0 0.0
-0.04268545 0.02285022 -5.032243 -10.29938 0.2789637 0.2325755 0.1295036 17.55917 2.629887 0 0.0 0.04841673466634135 11.46301435031157 0.0 0.0
0.02307295 -0.03796823 -2.465901 -4.655927 0.1671167 0.1306812 0.1657261 16.22558 2.45196 0 0.0 0.04442912908256699 5.268616893562295 0.0 0.0
0.02103697 -0.03774091 0.2086934 -0.2701067 0.1031632 0.0741962 -0.1994374 15.56762 2.179919 1 0.0 0.04320798993715167 0.3413364389989003 0.0 0.0
0.02251584 -0.03395507 1.315576 -5.817426 1.285437 1.117866 0.337744 19.60446 nan 0 0.0 0.04074199098731553 5.964326070668169 0.0 0.0
-0.02897203 -0.0335787 -5.973497 -11.28752 0.2505496 0.2072842 -0.3040561 17.17295 2.384231 1 0.0 0.044349832198227086 12.770699830448175 0.0 0.0
-0.005739862 0.001344157 -3.413994 1.393084 0.7052719 0.5262514 0.03754307 18.79756 nan 0 0.0 0.005895148328896652 3.6872805782977784 0.0 0.0
0.01004842 -0.03261454 -6.6133 -3.65999 0.3251255 0.2550065 -0.05148437 18.12086 2.492252 0 0.0 0.03412739316015801 7.558522586464897 0.0 0.0
-0.002950016 0.004396008 2.932726 -7.624432 0.2790734 0.2152516 0.3340286 16.79991 2.271546 0 0.0 0.005294098670814514 8.169017389729317 0.0 0.0
-0.002475707 0.003789481 -2.115129 4.795082 0.7441993 0.5821483 0.1624073 17.35275 nan 0 0.0 0.004526509847466368 5.240856997988497 0.0 0.0
-0.03132551 0.01007233 -5.298886 -10.83459 0.1835343 0.1449774 0.151817 15.70432 3.408336 1 0.0 0.03290500582569467 12.060950763065739 0.0 0.0
-0.007190542 -4.446578e-05 -3.407222 0.7750845 0.247231 0.1951584 0.1823625 17.03983 1.998934 0 0.0 0.007190679485233299 3.4942692711673278 0.0 0.0
-0.008808601 -0.001137477 -1.456721 -1.382459 0.3750738 0.2984067 -0.002776559 17.69897 1.722349 0 0.0 0.008881740004229463 2.008290058363582 0.0 0.0
-0.03757787 0.0187491 -2.189101 -5.899108 0.2818487 0.2180012 0.2766512 17.38301 2.47694 1 0.0 0.04199553624549757 6.292188679932048 0.0 0.0
-0.04513328 0.0007813649 -2.440603 -7.220626 0.2462701 0.2106885 0.02050657 16.27197 3.064429 0 0.0 0.045140043139825996 7.621940883756905 0.0 0.0
-0.04521716 0.001294412 -2.984318 -4.232282 0.6804738 0.5103334 -0.193018 18.42102 nan 0 0.0 0.0452356834909272 5.178645078845237 0.0 0.0
-0.0222496 -0.03675501 -0.4218931 -0.9788971 0.458832 0.3609533 -0.1394974 18.52209 2.240795 0 0.0 0.04296481653935112 1.065942456334309 0.0 0.0
-0.02599794 0.01770481 -4.28328 -6.767305 0.2262646 0.1816048 -0.009006109 16.83303 2.332667 0 0.0 0.031453985143057785 8.008926552380476 0.0 0.0
-0.03073948 0.009637595 -2.037401 -5.888104 1.25365 1.122133 0.2145904 19.49167 nan 0 0.0 0.03221488581470412 6.23063171352769 0.0 0.0
-0.0006064428 0.007016737 -3.556129 1.102475 0.612775 0.4488602 0.2279588 18.27209 nan 0 0.0 0.007042895072116356 3.7231041605448 0.0 0.0
0.005725032 -0.03614096 -0.7101582 -8.97749 0.123573 0.09554679 -0.1376015 15.72577 2.860198 1 0.0 0.03659159713817674 9.005534485477652 0.0 0.0
-0.0008017388 0.005929548 -3.291128 1.346578 0.2704224 0.2163726 -0.0883956 17.15865 1.815284 0 0.0 0.005983504373502992 3.5559521681918054 0.0 0.0
-0.009534126 0.00102922 -1.005587 -4.978762 0.3986476 0.2978641 0.541188 17.54041 nan 0 0.0 0.009589517839405483 5.079298796803846 0.0 0.0
-0.02116683 -0.006410822 -3.35434 1.046219 0.5153302 0.4027582 -0.04439079 18.64366 nan 0 0.0 0.022116358899343807 3.5137118594957384 0.0 0.0
-0.01728956 -0.002803448 -7.168198 -4.879192 0.6029076 0.4823613 0.3442283 18.49936 nan 0 0.0 0.017515370555095427 8.671192371298655 0.0 0.0
-0.01000843 0.001313379 -3.630891 -4.263193 0.3556841 0.2802178 0.1298554 17.341 1.730369 0 0.0 0.010094237735586625 5.599837855610643 0.0 0.0
-0.007302195 0.0009740521 -2.823702 -3.047151 0.7796756 0.6183529 0.1797855 17.42682 1.618261 0 0.0 0.007366873781431266 4.15432572165508 0.0 0.0
-0.006018885 0.002005994 0.9446798 0.4116498 0.4312343 0.3396029 0.1778164 18.04663 nan 0 0.0 0.006344366680076192 1.0304734263279574 0.0 0.0
-0.01876797 -0.004165502 -2.928652 0.2036585 0.4672016 0.367223 -0.01504487 18.2853 1.563694 0 0.0 0.019224674375211248 2.9357246672203865 0.0 0.0
-0.02652749 0.01475785 -0.6041661 -4.912158 0.4089981 0.3332716 -0.1709424 18.06793 2.319288 0 0.0 0.030356249147788335 4.9491729504386095 0.0 0.0
-0.005070369 0.003554802 -2.926558 -6.704371 0.3687265 0.30943 0.3837893 16.91194 nan 0 0.0 0.00619235488771154 7.315280735078114 0.0 0.0
0.01796858 -0.04064533 -3.152343 1.49787 0.7774158 0.669486 0.2191082 19.04967 1.590683 0 0.0 0.0444399900767912 3.4901118788011654 0.0 0.0
-0.04136389 -0.008674009 -4.938149 4.001182 1.18824 1.006158 0.4901873 19.02824 nan 0 0.0 0.04226357566586364 6.355688235220872 0.0 0.0
0.03743904 -0.02971468 1.564165 -5.329775 0.9552927 0.7494752 0.1921552 16.78028 2.274941 0 0.0 0.047797948947878505 5.554557921009556 0.0 0.0
-0.007885915 -0.03439967 -1.834727 -1.263778 0.5693245 0.4550234 0.02450658 18.73655 1.898348 0 0.0 0.035291995572595845 2.227859510340138 0.0 0.0
-0.007913577 -0.03813807 -0.8925468 -5.525438 1.185203 1.000612 0.125986 18.84578 1.893604 0 0.0 0.03895044395459222 5.597062165282269 0.0 0.0
0.02722925 -0.03516333 -1.433441 -6.455836 0.6109405 0.4598541 -0.1232218 18.66543 1.729309 0 0.0 0.044473495840235 6.613060680152345 0.0 0.0
-0.01220885 -0.03695204 -4.164933 -4.438977 1.465872 1.337886 -0.06429219 19.88096 nan 0 0.0 0.03891669665431664 6.08696835058455 0.0 0.0
-0.005180425 -0.03490307 -2.10268 -1.363361 0.2904029 0.2394556 0.07540055 17.84728 2.293646 0 0.0 0.03528542331622968 2.5059960891272355 0.0 0.0
-0.005543127 -0.03223089 -0.7010681 -1.191963 1.069926 0.9449594 0.5866207 19.16405 1.172701 0 0.0 0.03270407508446354 1.3828493317084873 0.0 0.0
0.002490161 -0.01058811 -2.978105 2.888617 1.169949 1.059288 0.2919823 19.05627 nan 0 0.0 0.010876992929023213 4.1488814834499665 0.0 0.0
-0.006714509 -0.03373203 -4.120099 -10.53362 0.4928434 0.3852523 -0.0937961 18.7735 2.11635 0 0.0 0.0343938145461067 11.310719078564414 0.0 0.0
0.004582814 0.0009531963 -4.222979 0.1875021 0.2310747 0.1692366 0.01574042 15.78284 2.291946 0 0.0 0.00468089386174582 4.227139537789758 0.0 0.0
-0.03930993 0.0256055 -2.712507 0.03122392 0.4811873 0.3822933 -0.31064 18.4321 2.338881 0 0.0 0.04691388096134128 2.712686704768755 0.0 0.0
-0.01784243 -0.03968783 -4.382182 -6.604586 0.2240997 0.2018841 -0.3051435 16.65111 2.898667 0 0.0 0.04351409149245564 7.926163972093941 0.0 0.0
0.02656007 -0.03415802 -3.359609 -1.782178 1.114828 0.8426273 -0.6191307 18.92404 1.606173 0 0.0 0.04326901488045805 3.8030423421998605 0.0 0.0
0.0153744 -0.04402291 -9.062992 -6.047027 1.754138 1.560569 0.4337924 20.0158 1.830484 0 0.0 0.046630341841209996 10.895153029250805 0.0 0.0
-0.006491608 -0.02912768 -4.879488 -3.378543 1.166507 1.02428 0.5833487 19.18328 2.053514 0 0.0 0.029842297441853634 5.93497733314905 0.0 0.0
-0.01480761 0.005896277 -2.803827 3.512333 0.9089277 0.7974829 0.4996011 18.97222 nan 0 0.0 0.015938362411892542 4.494210603522936 0.0 0.0
-0.02150177 -0.005411426 -7.522569 -2.792301 0.1748994 0.1432635 0.07767022 16.85382 2.344303 0 0.0 0.022172271973940245 8.024088062475512 0.0 0.0
0.01160898 -0.04804702 11.89756 6.549923 1.377999 1.16885 0.2089672 19.644 1.831944 0 0.0 0.04942959182029324 13.58136315910627 0.0 0.0
-0.01430532 0.005129579 -1.007102 -2.783362 0.9717537 0.789264 0.09227155 19.00316 nan 0 0.0 0.015197195827508475 2.9599591992877197 0.0 0.0
-0.02448904 0.006318237 -0.3907885 -1.565302 0.561396 0.4367494 -0.1644466 18.21819 nan 0 0.0 0.025290970699239065 1.6133462129797962 0.0 0.0
0.001792705 -0.01354258 -3.124124 -3.382685 1.081136 0.9553487 0.4318455 19.26241 nan 0 0.0 0.013660719756785329 4.604639896517533 0.0 0.0
-0.006101946 -0.0114885 -2.81194 1.311994 0.450308 0.3347557 -0.7516661 16.91645 2.385986 0 0.0 0.013008434849624148 3.1029558198008558 0.0 0.0
0.004358869 -0.02134752 -2.396452 1.163403 0.6964105 0.5873089 -0.2314413 18.65739 1.90019 0 0.0 0.02178798634820485 2.6639235590971824 0.0 0.0
-0.0009689747 -0.01607553 -13.31562 -7.63025 1.88149 1.573857 0.2606265 19.5153 2.01235 0 0.0 0.01610470666451706 15.346871050702811 0.0 0.0
0.0008722582 0.004117566 -4.31743 -0.8414072 0.7805394 0.5653487 0.02715614 18.39466 nan 0 0.0 0.004208940975093763 4.398655235536406 0.0 0.0
-0.02381426 -0.02174637 5.971014 -8.24576 2.158668 2.195984 -0.1898353 19.98931 1.959871 0 0.0 0.032249396700163246 10.18064664772312 0.0 0.0
-0.0141372 -0.001504161 -3.831551 -3.406213 1.702228 1.535864 0.2422191 19.71846 nan 0 0.0 0.014216994202500085 5.126701675245987 0.0 0.0
-0.001694284 -0.01387446 2.581289 -3.889991 0.2409794 0.1992488 -0.264892 16.58959 2.467497 0 0.0 0.01397752619615703 4.668520416748973 0.0 0.0
0.005084323 -0.01620152 -2.434471 -2.97357 0.8846352 0.7676389 0.06795735 19.01323 2.003782 0 0.0 0.01698056508714386 3.843015429937928 0.0 0.0
-0.01332805 -0.00234903 3.238008 -1.823965 0.2555988 0.2114386 -0.2718824 17.27479 2.231753 0 0.0 0.01353347179194607 3.7163885869603304 0.0 0.0
-0.00978248 -0.03510361 1.959787 -0.8073682 1.159871 1.064562 0.2876166 19.16728 2.110813 0 0.0 0.03644119029316276 2.119577433296609 0.0 0.0
0.01835891 -0.04160669 -3.825447 -3.8895 0.2386247 0.1953467 0.04883408 17.46688 2.327784 0 0.0 0.045477095654232365 5.455479355639521 0.0 0.0
-0.04112325 0.02412865 -1.423403 -6.416997 1.003049 0.7886795 -0.3028793 18.96824 nan 0 0.0 0.047679276854677655 6.572969389736879 0.0 0.0
-0.00331228 -0.0125279 -1.2231 -1.027289 0.5748783 0.4455744 -0.1364766 18.10499 2.059464 0 0.0 0.012958374790397135 1.5972777778210652 0.0 0.0
0.0317201 -0.03371477 -0.004891177 -0.8480537 0.4140956 0.3030989 0.1351743 18.34113 1.833239 0 0.0 0.046290932807223704 0.8480678048930612 0.0 0.0
-0.02069205 -0.009672311 -2.41422 1.621836 0.3939568 0.3158709 -0.1731561 18.26771 1.595837 0 0.0 0.02284107119386525 2.9084033797422255 0.0 0.0
-0.004454813 -0.0475583 8.365835 3.987964 0.9825979 0.8942913 0.1353899 19.32971 1.801102 0 0.0 0.04776648676378627 9.267742557522896 0.0 0.0
0.008039717 -0.04052227 -2.977572 -3.567902 0.5679593 0.4687994 0.780312 17.38392 2.099325 0 0.0 0.04131212189410015 4.647134568396745 0.0 0.0
0.005055546 -0.03871395 -3.010406 -4.982218 0.7254121 0.6288434 0.3636038 18.98745 1.974144 0 0.0 0.039042649371688595 5.821085850969731 0.0 0.0
0.01099909 -0.005124003 -2.590006 -8.320689 0.1933558 0.151652 0.1902598 16.7287 nan 0 0.0 0.012134058989971533 8.714470524062664 0.0 0.0
-0.03996318 -0.02760019 -4.5106 -7.92708 0.5952979 0.4724945 -0.01444844 18.68309 2.254286 0 0.0 0.04856774900845725 9.12053231376327 0.0 0.0
-0.02464768 -0.03956878 -3.803319 -9.163689 0.2570276 0.2068676 -0.09624537 17.09302 2.315519 0 0.0 0.04661755549222631 9.92161435979458 0.0 0.0
-0.007801669 -0.0438582 2.395732 -2.445481 0.5675229 0.4367459 -0.08838335 18.41082 2.029823 0 0.0 0.044546691756241125 3.4234352830431893 0.0 0.0
-0.03810539 0.009837812 -2.868504 -5.364617 1.721835 1.497147 0.5317422 19.53377 nan 0 0.0 0.03935483822860214 6.083373303908367 0.0 0.0
-0.04128897 0.01880519 -2.238325 -3.040112 0.322461 0.266205 0.1196116 17.51355 2.41588 0 0.0 0.04536974999486993 3.775232413795077 0.0 0.0
-0.01026093 0.01907268 -5.12669 -3.492295 0.4421872 0.3580298 -0.02633108 17.18069 2.294989 0 0.0 0.021657650076758097 6.203150386950569 0.0 0.0
-0.03771474 0.009692969 -3.217931 -4.200557 0.397073 0.3486959 0.3665616 17.91584 2.277782 0 0.0 0.038940406537458755 5.291479852650863 0.0 0.0
-0.03958736 0.02032778 -1.100377 -6.963628 0.2515045 0.2063286 0.03817986 17.38168 2.387066 1 0.0 0.04450143493751634 7.050031522235415 0.0 0.0
-0.04014314 0.01297288 -0.3437949 -8.356527 0.2823989 0.234061 0.1336122 17.56211 2.478859 0 0.0 0.04218728842381316 8.36359602294342 0.0 0.0
-0.01162221 -0.04726692 -0.001821055 -5.184044 0.7151858 0.5553725 -0.2549359 18.80114 1.994947 0 0.0 0.04867481372918134 5.184044319850797 0.0 0.0
-0.03126267 -0.01901854 -2.39907 -4.245776 1.000184 0.8398636 0.3900416 19.12079 2.419083 0 0.0 0.03659316055303915 4.876694649768017 0.0 0.0
-0.01575846 0.02430208 -2.909668 1.819856 0.2568014 0.2005318 0.2065939 17.68617 2.101212 0 0.0 0.0289641183863414 3.4319154609284888 0.0 0.0
0.02496922 -0.03949446 2.045242 -0.9382159 1.45315 1.257702 0.3854616 19.67645 nan 0 0.0 0.046725521057554835 2.2501697521691137 0.0 0.0
-0.04889692 -0.006441227 -3.329586 -0.7937447 1.884721 1.478807 0.05175756 19.30941 2.069319 0 0.0 0.04931934905036693 3.422889653519974 0.0 0.0
-0.02731091 0.02500778 0.8733585 -3.933717 0.3611089 0.285173 0.1001755 17.86475 2.346697 0 0.0 0.03703072866629146 4.029501768905338 0.0 0.0
0.002825196 0.002011825 -3.721711 0.9691892 0.2807575 0.2207147 0.167029 16.94654 1.790847 0 0.0 0.0034683097135407327 3.8458367714864914 0.0 0.0
0.03610038 -0.02906771 -5.359471 -5.620584 1.083572 0.9391801 0.3737039 19.39369 1.400471 0 0.0 0.04634834625732077 7.766266406768248 0.0 0.0
-0.02473643 -0.0130929 -4.519978 -1.896219 1.463261 1.327964 0.4377028 19.49157 1.833944 0 0.0 0.02798776517614259 4.901616836967675 0.0 0.0
-0.02747919 0.02902271 -4.072869 -2.122168 0.3944513 0.2968679 0.1403353 18.11987 1.936848 0 0.0 0.03996778175981499 4.592587387452197 0.0 0.0
-0.04951242 -0.001858102 3.900833 -11.65696 0.9731018 0.8553997 0.03566508 18.94588 2.110346 0 0.0 0.04954727315704472 12.292323398588609 0.0 0.0
-0.02518899 0.01883603 -2.095651 -3.486052 0.2290178 0.1833391 -0.004398616 16.99433 2.454933 1 0.0 0.03145284157879857 4.067469933571114 0.0 0.0
-0.03790982 0.008941416 -4.830795 -0.4641098 1.536185 1.38514 0.5847488 19.7723 1.218264 0 0.0 0.0389500112004792 4.853038042142369 0.0 0.0
-0.03392011 0.009331624 -2.578084 1.232565 0.2573125 0.2133623 0.09044591 17.33735 2.377722 0 0.0 0.03518029375786218 2.8575747742239397 0.0 0.0
-0.02097727 0.02887707 -1.829135 -2.521259 0.4160536 0.3070651 0.3085576 18.23054 2.121958 0 0.0 0.035692170408057285 3.114880702901156 0.0 0.0
0.02114763 -0.04325507 -1.279584 -2.512718 1.002861 0.864551 0.3200855 19.28342 1.727165 0 0.0 0.048147931786545105 2.8197671819815193 0.0 0.0
-0.0003831105 -0.03654901 -2.876686 1.876358 0.3482502 0.2724394 -0.07718946 18.207 1.977274 0 0.0 0.03655101784677563 3.434536604370377 0.0 0.0
-0.02467605 -0.03706826 -4.244223 -9.529359 0.3933146 0.3194966 -0.1704633 18.30443 nan 0 0.0 0.04453047656414762 10.431783731683186 0.0 0.0
-0.03080152 0.03582548 -3.774903 -5.650878 0.2411715 0.1881766 0.2042029 17.54328 2.242374 0 0.0 0.047246149594869634 6.795757119724998 0.0 0.0
0.03381205 -0.03339486 -7.253846 0.6835106 1.511624 1.327907 0.6298702 19.38029 1.488319 0 0.0 0.04752337740125485 7.285977527554444 0.0 0.0
0.003773661 -0.001789545 -3.870129 0.7914283 0.2341729 0.1736909 0.1311355 15.88243 2.171677 0 0.0 0.004176480414170046 3.9502224280009712 0.0 0.0
0.0283443 -0.03791015 -1.528545 -3.909064 1.260863 1.119863 0.549551 19.29725 1.240007 0 0.0 0.04733475272474231 4.197288550138172 0.0 0.0
-0.04136056 -0.01905952 -2.280785 -8.311846 1.169365 1.027545 0.5250283 19.35117 2.479036 0 0.0 0.04554076444400115 8.61909300007495 0.0 0.0
-0.003619537 0.001752406 -0.1722698 -2.238696 1.239702 0.9718418 0.1745429 17.1803 2.018763 0 0.0 0.004021439404393034 2.245314379860433 0.0 0.0
-0.02814425 0.007591601 -5.497894 -0.9638343 1.941132 1.737352 0.4518474 19.41184 nan 0 0.0 0.02915014946455165 5.581739423610931 0.0 0.0
-0.006437279 8.908834e-05 -5.410912 -9.458828 0.2708521 0.212271 0.1778543 17.44728 2.135866 0 0.0 0.006437895436877252 10.897127869550216 0.0 0.0
-4.843007e-05 -0.006342331 -2.774057 1.185906 0.1479575 0.1117585 -0.2482697 15.91872 2.290617 0 0.0 0.006342515903428323 3.0169132039362685 0.0 0.0
6.314024e-05 -0.04663316 -1.196327 -6.068487 0.8421641 0.736299 0.4337497 19.12333 nan 0 0.0 0.0466332027452062 6.185283563434905 0.0 0.0
