jas1101finalproject/data/gcs/NGC_6229.ecsv
# %ECSV 0.9
# ---
# datatype:
# - {name: x, unit: deg, datatype: float64}
# - {name: y, unit: deg, datatype: float64}
# - {name: pmx, unit: mas / yr, datatype: float64}
# - {name: pmy, unit: mas / yr, datatype: float64}
# - {name: pmx_e, unit: mas / yr, datatype: float64}
# - {name: pmy_e, unit: mas / yr, datatype: float64}
# - {name: pm_corr, datatype: float64}
# - {name: g_mag, unit: mag, datatype: float64}
# - {name: bp_rp, unit: mag, datatype: float64}
# - {name: filter, datatype: int64}
# - {name: memberprob, datatype: float64}
# - {name: r, unit: deg, datatype: float64}
# - {name: pm, unit: mas / yr, datatype: float64}
# - {name: member_prob_GMM, datatype: float64}
# - {name: member_prob_DB, datatype: float64}
# meta: !!omap
# - comments: [deg deg mas/yr mas/yr mas/yr mas/yr dimless mag   mag   zeroone float]
# - __serialized_columns__:
#     bp_rp:
#       __class__: astropy.units.quantity.Quantity
#       unit: &id001 !astropy.units.Unit {unit: mag}
#       value: !astropy.table.SerializedColumn {name: bp_rp}
#     g_mag:
#       __class__: astropy.units.quantity.Quantity
#       unit: *id001
#       value: !astropy.table.SerializedColumn {name: g_mag}
#     pm:
#       __class__: astropy.units.quantity.Quantity
#       unit: !astropy.units.Unit {unit: mas / yr}
#       value: !astropy.table.SerializedColumn {name: pm}
#     pmx:
#       __class__: astropy.units.quantity.Quantity
#       unit: !astropy.units.Unit {unit: mas / yr}
#       value: !astropy.table.SerializedColumn {name: pmx}
#     pmx_e:
#       __class__: astropy.units.quantity.Quantity
#       unit: !astropy.units.Unit {unit: mas / yr}
#       value: !astropy.table.SerializedColumn {name: pmx_e}
#     pmy:
#       __class__: astropy.units.quantity.Quantity
#       unit: !astropy.units.Unit {unit: mas / yr}
#       value: !astropy.table.SerializedColumn {name: pmy}
#     pmy_e:
#       __class__: astropy.units.quantity.Quantity
#       unit: !astropy.units.Unit {unit: mas / yr}
#       value: !astropy.table.SerializedColumn {name: pmy_e}
#     r:
#       __class__: astropy.units.quantity.Quantity
#       unit: &id002 !astropy.units.Unit {unit: deg}
#       value: !astropy.table.SerializedColumn {name: r}
#     x:
#       __class__: astropy.units.quantity.Quantity
#       unit: *id002
#       value: !astropy.table.SerializedColumn {name: x}
#     y:
#       __class__: astropy.units.quantity.Quantity
#       unit: *id002
#       value: !astropy.table.SerializedColumn {name: y}
# schema: astropy-2.0
x y pmx pmy pmx_e pmy_e pm_corr g_mag bp_rp filter memberprob r pm member_prob_GMM member_prob_DB
[from data line 221]
-0.05926935 0.01179654 -2.217086 -0.442449 1.499452 2.359816 0.2358281 20.21034 1.020466 1 0.9484385 0.06043189725132002 2.2608032751650464 1.0 0.0
-0.005943162 -0.003644182 8.601078 -0.3773087 2.626553 2.795782 0.3846706 19.74754 nan 0 0.0 0.0069714587431446515 8.609349837077112 1.0 0.0
-0.001738995 0.0008721113 -2.913019 -1.165973 0.2078227 0.3169681 0.207745 16.02248 0.8940468 0 0.0 0.0019454258478833599 3.1377018231645275 1.0 0.0
0.03041177 0.02748079 -1.249942 -0.4750968 0.09325465 0.142005 0.1460064 16.42808 1.180441 1 0.9999246 0.040988651765543595 1.3371880842776906 1.0 0.0
0.009058176 0.003501191 -1.333924 -12.57165 0.7726602 2.028221 0.1212151 19.43407 nan 0 0.0 0.009711276479714547 12.642220412580853 1.0 0.0
0.001331051 0.01154562 -1.585603 0.3574217 0.2469076 0.4055563 -0.04009875 17.99784 0.6651955 0 0.0 0.011622092666512386 1.6253883059871848 1.0 0.0
0.001506692 -0.006684811 -3.305074 5.836742 1.523838 2.332649 -0.2392104 19.22921 nan 0 0.0 0.0068525045704899016 6.707538394973226 1.0 0.0
0.004143896 0.002974144 2.218706 0.3996972 0.849605 1.74987 0.007139024 18.67202 nan 0 0.0 0.005100726084740485 2.2544210268101743 1.0 0.0
0.001856616 0.005484084 -4.140215 5.183722 0.4465079 0.6766409 0.1021197 16.68835 0.9870949 0 0.0 0.005789835946770168 6.634180734612904 1.0 0.0
0.006512343 0.01236235 -2.802147 0.395099 0.5438952 1.116935 -0.09597719 19.41927 0.662405 0 0.0 0.013972770264773874 2.8298641362104293 1.0 0.0
0.003175409 0.003584428 -3.70687 -3.72974 0.4307353 0.7763313 0.2977855 17.72972 nan 0 0.0 0.004788668541929479 5.258502226347347 1.0 0.0
0.003433566 -0.005486905 0.5665434 0.7536662 0.5123021 0.8061308 -0.03324948 18.40964 nan 0 0.0 0.00647267347819902 0.9428595680725735 1.0 0.0
-0.006067387 -0.008641422 -1.636156 -0.2014985 0.7621373 1.26567 -0.1736935 19.33183 0.9775963 0 0.0 0.010558757464297254 1.648516940112612 1.0 0.0
0.00679037 0.01309863 -1.371534 1.686728 0.6213568 1.257583 -0.1843739 19.50963 0.7083549 0 0.0 0.014754092063349747 2.1739725985255656 1.0 0.0
-0.005759047 -0.01600382 1.631816 0.8751824 2.147571 4.319854 -0.1559856 20.65858 0.6656456 0 0.0 0.017008494258475938 1.8516931957335048 1.0 0.0
-0.005428009 -0.004079114 -1.581164 10.39127 0.4919897 0.8319387 -0.07129042 18.37115 0.7269878 0 0.0 0.006789878697670305 10.510878736233046 1.0 0.0
-0.009631926 -0.003346088 -0.328945 0.3846948 0.1414277 0.2115813 0.1869541 15.59789 1.319599 0 0.0 0.01019658292631507 0.5061569936018271 1.0 0.0
-0.007592106 -0.005784015 -1.27209 0.3474325 0.2495604 0.6001617 -0.07584939 18.11566 nan 0 0.0 0.009544364988592012 1.3186820352747093 1.0 0.0
0.001918885 -0.006989973 0.6404738 0.8860823 0.4289119 0.6720976 0.1411206 18.23952 nan 0 0.0 0.007248575183024178 1.0933199581365602 1.0 0.0
0.01830455 0.04821948 -1.421678 -0.9755848 0.2751648 0.4756275 0.09552763 18.31056 0.06608772 1 0.9973597 0.05157688243945053 1.7242198344976316 1.0 0.0
-0.00496433 -0.004113492 -1.449399 -4.932062 1.096248 2.68646 -0.3049054 19.34576 nan 0 0.0 0.00644712251961788 5.140621852757213 1.0 0.0
0.02055212 -0.01331457 -1.58248 -1.884368 0.7148562 1.534451 -0.1153666 19.87876 0.8748913 0 0.0 0.024488107537727368 2.460708375615445 1.0 0.0
0.008870479 0.01680682 7.583081 -1.790532 2.18872 2.999116 -0.05589653 20.41131 0.3892002 0 0.0 0.01900406788563546 7.791605886823652 1.0 0.0
0.01177632 0.01121886 -1.154952 -0.634644 0.2089997 0.3612518 0.1647067 17.99246 0.7122803 0 0.0 0.016264825004960858 1.3178342570444888 1.0 0.0
-0.002553599 -0.01271199 -1.135228 -0.1191407 0.1084655 0.1867172 -0.02345512 16.84259 1.141039 0 0.0 0.012965938362220491 1.1414627100262582 1.0 0.0
0.001939515 -0.007554548 -0.5851776 -0.77106 0.189953 0.3441381 0.1226462 17.43924 0.7930508 0 0.0 0.007799545750845302 0.9679702201729968 1.0 0.0
0.01257976 0.01136782 -2.170659 -1.057507 0.2257438 0.4123928 0.02390049 17.98869 0.6016846 0 0.0 0.016955167153702735 2.4145561806116667 1.0 0.0
-0.0006676369 -0.01188808 -1.269534 -0.3855565 0.04971431 0.0791178 0.04975994 15.27197 0.9807405 1 0.9999824 0.01190681255066366 1.3267895054786385 1.0 0.0
-0.0004716335 0.01005406 -0.6761105 -0.167838 0.6673403 0.8934352 0.1487351 19.02151 0.8785362 0 0.0 0.010065116027245897 0.6966311810809576 1.0 0.0
0.005339976 -0.006562491 4.570992 4.285727 0.5690438 0.7586215 0.235062 18.34604 nan 0 0.0 0.008460592875541111 6.2658936938471115 1.0 0.0
-0.006046572 -0.00685996 -0.9621398 0.4281586 0.08138277 0.1255452 0.09888393 15.84801 1.285839 0 0.0 0.009144401793052622 1.0531062536600948 1.0 0.0
-0.00867345 -0.002060703 -1.45148 0.4807138 0.8161793 1.362252 0.0351952 19.15768 nan 0 0.0 0.008914888207751624 1.5290127363467056 1.0 0.0
0.02136295 0.02015973 -1.12869 -0.4882939 0.1418867 0.2194298 0.1429407 17.21096 1.154449 1 0.9999166 0.02937329308020127 1.2297853669958876 1.0 0.0
-0.001090111 -0.009263557 -0.4662308 -0.7556152 0.3501827 0.6529112 -0.3556145 18.41735 nan 0 0.0 0.009327477166124289 0.8878769561936384 1.0 0.0
0.01986978 0.0467018 -0.7874779 0.1880642 0.3496344 0.5536589 0.2762485 18.78993 0.01164818 1 0.9973516 0.050752992822969564 0.8096231137449387 1.0 0.0
0.007822886 -0.003315872 -1.111415 -1.517482 0.3555048 0.6921105 0.03534729 18.49742 0.6890831 0 0.0 0.008496620062670802 1.8809558534290485 1.0 0.0
0.007421012 -0.003163342 0.9099848 6.555347 0.6600145 1.30436 0.01324602 18.72657 nan 0 0.0 0.008067103055813036 6.618205695401137 1.0 0.0
-0.01114889 -0.01412994 -1.225607 -0.6286487 0.2154859 0.3461231 0.278088 18.00679 0.5751896 0 0.0 0.01799869308132399 1.3774293834751348 1.0 0.0
-0.002892616 0.006735352 -1.909218 -9.314066 1.395118 2.128871 0.152723 18.92647 nan 0 0.0 0.007330224681915283 9.507730477031835 1.0 0.0
-0.06898172 0.0128689 -1.584569 -0.2870873 0.2383134 0.4436916 0.1494931 17.97137 0.3767853 1 0.9924249 0.07017183396041747 1.6103658073811333 1.0 0.0
-0.02016886 0.006968032 -1.713927 -1.707823 0.3334839 0.5771403 0.009542548 18.45515 0.8421211 0 0.0 0.021338612505329955 2.4195464783008407 1.0 0.0
0.001413509 0.009687867 2.628774 -3.558461 2.347766 2.771221 0.3114904 20.30804 nan 0 0.0 0.009790443028932347 4.424149345534913 1.0 0.0
0.007263443 0.01856897 -0.445351 -1.637106 0.9172217 1.657638 -0.1277858 19.87579 0.6989937 0 0.0 0.01993901329241618 1.6966005919004625 1.0 0.0
-0.01099412 -0.01328311 -1.117366 -0.893582 0.339572 0.6591128 -0.0005261753 18.76437 nan 0 0.0 0.017242728491932476 1.4307325286998966 1.0 0.0
-0.009745886 -0.006668669 1.831804 -1.244902 2.157432 3.034166 0.04820231 20.32684 0.456171 0 0.0 0.011809040611182478 2.214788225546632 1.0 0.0
0.002175752 0.01105737 -1.620372 -3.539877 1.279626 2.096006 -0.1808638 20.08131 0.5149822 0 0.0 0.011269397858022584 3.89311374012024 1.0 0.0
-0.0292609 0.01505185 0.4472021 -2.229267 0.8406338 1.772368 -0.07675234 19.86002 0.8905411 0 0.0 0.03290529527648248 2.2736800732586393 1.0 0.0
-0.01468488 -0.01778736 -2.120024 2.865121 1.547973 2.475654 0.06019366 20.22749 -0.3212471 0 0.0 0.02306590289548623 3.564185756272672 1.0 0.0
-0.01399402 -0.01663551 1.799048 -1.64414 0.8903259 1.738019 -0.05250534 19.89033 0.922863 0 0.0 0.021738739354445095 2.437164345279981 1.0 0.0
0.001362238 0.0006241449 -1.470003 -1.440879 0.4434581 0.6674582 0.2158434 15.35266 nan 0 0.0 0.00149841557147542 2.0584074214426065 1.0 0.0
-0.01049822 -0.007172064 -0.6632826 0.8152384 0.2179674 0.3213098 0.1248528 16.97746 1.098005 0 0.0 0.012714209577810805 1.0509792844282517 1.0 0.0
-0.0113021 -0.007717398 -1.260585 0.1516269 0.148077 0.2447538 0.004127014 16.90544 1.126945 0 0.0 0.0136856017880254 1.2696713192903941 1.0 0.0
-0.01203496 -0.01303874 -1.72949 -1.308089 0.8363026 1.81226 -0.1962506 19.96751 0.3937836 0 0.0 0.01774398498052791 2.168463163630178 1.0 0.0
-0.005139401 -0.003117839 -0.9491491 -0.8091484 0.1472025 0.2447155 0.002478135 16.87464 1.011788 0 0.0 0.006011186460984387 1.2472390096743164 1.0 0.0
0.0005275955 0.00950856 -1.452555 -1.114191 0.2347205 0.3817299 0.1586242 16.90438 1.030546 0 0.0 0.009523185931463285 1.8306658931946047 1.0 0.0
0.01204502 0.00743093 -1.100247 -0.6294593 0.22539 0.4078793 -0.07841789 18.03249 0.9336109 0 0.0 0.014152781615827328 1.26758134704069 1.0 0.0
0.004566564 2.530333e-06 -4.921953 1.152751 0.6189702 0.9229469 0.1779075 16.92161 0.6194029 0 0.0 0.004566564701028673 5.055141561045546 1.0 0.0
0.01054122 0.006114536 3.616851 -4.522331 2.037856 3.285906 0.2036249 20.30626 nan 0 0.0 0.012186257406755201 5.790776185431621 1.0 0.0
-0.02935893 -0.01286406 -0.9271463 -0.691472 1.020869 1.850858 0.03990574 20.10885 0.8273849 0 0.0 0.032053561587263586 1.1566044217396412 1.0 0.0
-0.001914263 -0.002301711 -5.748865 2.968238 1.20876 1.193544 0.2954794 17.60652 nan 0 0.0 0.0029937061246371527 6.469921607938462 1.0 0.0
-0.07258947 0.06307904 -6.598646 -5.47424 1.483633 2.383082 0.190468 20.22937 1.458916 0 0.0 0.0961675436007518 8.573764203132484 0.0 0.0
0.05267439 0.04928799 -0.9800362 -0.0221636 0.2567082 0.5105178 0.1476275 18.37418 1.012175 1 0.9960863 0.07213804350072298 0.9802867837910496 1.0 0.0
0.03449046 -0.004964509 -0.9454371 -2.191103 0.5044082 0.9705086 -0.1287682 19.28779 0.8030376 0 0.0 0.03484592057361494 2.3863745864104007 1.0 0.0
0.002289696 -0.003411773 -1.069292 0.3902247 0.2222857 0.3397685 0.1999057 16.12854 0.9218779 0 0.0 0.004108880963954176 1.1382709245843408 1.0 0.0
0.01406459 0.04420893 -1.280658 -0.6760966 0.428834 0.7326839 0.0902514 18.96725 0.02776909 0 0.0 0.04639226426477803 1.4481683346543524 1.0 0.0
0.01052078 0.005305816 -2.730871 1.24687 0.3475919 0.8507563 0.1183734 18.13843 0.4340992 0 0.0 0.011782974804108512 3.0020561646213415 1.0 0.0
-0.01161148 -0.008785446 -1.345755 -1.207784 0.3300921 0.6933922 -0.08220806 18.35826 0.1399498 0 0.0 0.014560581348604046 1.8082584745221022 1.0 0.0
0.01154067 0.005405213 -1.658704 -9.61861 2.459465 4.535579 0.04869146 20.56536 nan 0 0.0 0.012743758928364464 9.760581811127654 1.0 0.0
0.03015045 -0.00160262 -2.41552 -4.973933 1.973282 3.44586 0.1293082 20.36366 0.5915871 0 0.0 0.03019301286832601 5.529443584926877 1.0 0.0
0.005574505 0.01672245 -1.962232 -0.569328 0.2918188 0.4448694 0.2432891 18.01836 0.4394245 0 0.0 0.01762712228350178 2.04315657584239 1.0 0.0
-0.007581867 -0.00624178 -2.457498 -0.7484989 0.5325126 1.076352 -0.2434638 19.18237 nan 0 0.0 0.009820617331618669 2.5689583537506424 1.0 0.0
0.005030817 -0.006318381 -0.7752904 0.1428072 0.1034964 0.1831925 -0.1303593 16.63898 nan 0 0.0 0.008076574654434267 0.7883331153161081 1.0 0.0
0.02203722 -0.01583548 -1.489639 0.6558053 0.5953226 1.503965 -0.1679783 19.56795 -0.2915802 0 0.0 0.02713671852230479 1.6276071214605476 1.0 0.0
0.003103749 -0.004147967 -2.307342 -1.925846 0.3020458 0.4810345 -0.04989977 16.68667 0.8168411 0 0.0 0.005180626225476028 3.0054467090068324 1.0 0.0
0.0003422906 -0.008870653 -4.938142 2.188843 0.9009145 1.451373 -0.04024477 19.31579 0.5172043 0 0.0 0.008877254502449356 5.401507205476356 1.0 0.0
-0.09547489 0.001729549 -0.93029 -1.673938 0.6628679 1.489817 -0.1263422 19.71707 0.9529991 0 0.0 0.09549055429860852 1.915073865923714 0.0 0.0
0.01170533 0.006202521 -2.900946 2.159772 0.5769315 1.214868 -0.2182109 19.40011 0.6495228 0 0.0 0.013247113540856401 3.6166424742985033 1.0 0.0
0.008262486 0.01868355 -0.788073 -0.3210549 0.2437087 0.3872266 0.2217013 18.11883 0.1380558 0 0.0 0.020428992033448345 0.8509613987385151 1.0 0.0
-0.01168786 0.06451397 -1.091466 3.037983 3.588314 3.414261 -0.1957387 20.75139 0.5906925 0 0.0 0.06556415481450592 3.2281014137484902 1.0 0.0
0.03049543 0.07831166 -3.17404 2.354629 0.5516172 1.173168 0.2064762 19.41221 1.868822 0 0.0 0.08403979618514375 3.952063720291084 0.0 0.0
-0.002223883 -0.01432181 2.455796 1.299798 1.295134 2.108762 -0.0454553 20.17675 0.7061882 0 0.0 0.014493443251132183 2.7785623682796827 1.0 0.0
0.01846791 0.05201135 -1.112182 0.3518029 0.3346664 0.6194856 0.07545116 18.8212 1.012423 1 0.9968952 0.05519279145495904 1.1664964987398847 1.0 0.0
-0.0008630021 0.01490255 1.309499 0.5957797 1.981154 1.75942 0.07314734 19.93153 0.6211376 0 0.0 0.014927517178925116 1.43865947393158 1.0 0.0
0.03901128 0.0125672 -0.9566082 -1.705062 0.3728079 0.7094436 -0.03209291 18.95143 0.9613457 1 0.9935062 0.040985539926642424 1.9550794541785868 1.0 0.0
-0.03094087 -0.004138934 -1.236282 -2.519231 0.8214602 1.937929 0.006519178 20.02232 0.7405739 0 0.0 0.031216473391676644 2.8062284324133344 1.0 0.0
0.0004556147 -0.005330613 -0.7386688 -0.2894416 0.165416 0.2721872 0.04926055 16.90904 0.8731041 0 0.0 0.005350048570865977 0.7933524033517514 1.0 0.0
0.005298195 -0.0009930369 -7.84769 1.410968 0.6374172 1.037946 -0.1315455 18.00422 nan 0 0.0 0.005390453834584488 7.973523000100019 1.0 0.0
0.004113572 -0.004464518 2.13618 1.870617 0.4983476 0.713636 0.2295501 17.05792 0.7636776 0 0.0 0.00607069975962475 2.8394494102006815 1.0 0.0
0.004051723 -0.004147903 -1.83738 -0.3740296 0.6991549 0.7563834 0.4342129 17.86335 nan 0 0.0 0.005798410003280037 1.8750635738758727 1.0 0.0
0.0127246 0.00882727 -1.591227 -0.7372703 0.2796786 0.5080715 -0.0776511 18.26027 0.1227417 0 0.0 0.015486643949316457 1.7537305553565206 1.0 0.0
0.004010564 -0.004907031 -4.878721 -1.609391 1.422216 2.553318 -0.01586825 19.45172 nan 0 0.0 0.0063374740104443035 5.137320117213059 1.0 0.0
-0.004119913 -0.0106901 -2.162827 -1.409275 0.8586365 1.622255 -0.2988024 19.71873 0.7257175 0 0.0 0.011456523082400218 2.5814485579910365 1.0 0.0
0.01262168 0.008396184 1.079009 -0.4592431 0.7650366 0.9169392 -0.2171972 18.96405 nan 0 0.0 0.015159245092822267 1.1726741435618893 1.0 0.0
0.01026339 0.004455087 -1.485808 0.1932969 0.3131936 0.5412491 0.0001401599 18.2359 0.8098049 0 0.0 0.011188609139194604 1.4983287704684878 1.0 0.0
-0.004882541 -0.01103718 -1.002078 -3.39726 0.2890806 0.5225856 0.04234391 17.85614 0.7164116 0 0.0 0.01206890835863298 3.541967790040446 1.0 0.0
0.01067621 0.05145223 -0.8262486 -1.970984 0.6541614 1.33524 0.04233858 19.78751 0.9085789 1 0.9818957 0.05254820103425997 2.137162763398698 1.0 0.0
0.0071826 0.007224045 1.229917 -11.70644 0.5332434 0.9507263 -0.261188 18.55608 0.6824951 0 0.0 0.010187078527331818 11.770872240428448 1.0 0.0
-0.009284454 -0.01951665 0.3850545 -2.435443 2.828943 2.982407 0.01135241 20.56072 1.193319 0 0.0 0.021612512887228454 2.4656945419534937 1.0 0.0
0.0005792874 -0.00724559 -5.057399 -3.723339 0.7147002 1.321604 0.3422138 18.66147 nan 0 0.0 0.007268710225335631 6.280170216970396 1.0 0.0
0.006558291 -0.02560914 -1.067095 -0.2464635 0.536289 1.058105 -0.05920519 19.40381 0.8685646 0 0.0 0.02643556756304432 1.0951876532618736 1.0 0.0
0.0008369063 -0.007379101 -1.292731 -0.1407525 0.09166776 0.1538737 0.01950882 16.4053 1.117991 0 0.0 0.007426408534626996 1.3003709873021816 1.0 0.0
0.01417196 -0.0102611 1.599104 -2.140354 0.73325 1.409854 -0.04631771 19.59705 0.7225533 0 0.0 0.017496703216651987 2.671750147025728 1.0 0.0
-0.007737839 -0.01576706 -0.9487925 -0.6889051 0.1711169 0.3082292 0.03872292 17.73676 1.047945 0 0.0 0.01756343740369524 1.172517566973843 1.0 0.0
0.0113274 -0.008842728 -2.424748 1.794271 0.4503004 0.8385857 -0.01459579 18.83684 0.8074589 0 0.0 0.014370241098951122 3.0164235917631 1.0 0.0
0.06653755 0.0429828 -7.245449 -4.293254 1.436476 2.245981 0.5645936 20.26513 1.590265 1 0.004601905 0.07921342471981943 8.421909588692875 0.0 0.0
0.001784902 -0.006299518 -0.3876826 0.6232322 0.2225682 0.3468682 0.3140199 15.91827 1.133652 0 0.0 0.006547503507591881 0.7339728697026887 1.0 0.0
-0.007105707 0.009657812 -1.145165 -0.4176368 0.1062129 0.1839292 0.000842217 16.75689 1.041636 0 0.0 0.011990179506462487 1.218943548298788 1.0 0.0
0.004916453 0.004503905 -2.980681 0.349876 0.409032 0.9237345 0.2200263 18.08942 nan 0 0.0 0.0066675835465507295 3.0011451879469275 1.0 0.0
0.005709502 0.006640216 -0.5132298 -8.360123 1.285858 1.957428 -0.3784003 19.55486 nan 0 0.0 0.008757333019513418 8.375861830446885 1.0 0.0
