jas1101finalproject/data/gcs/NGC_5024_M_53.ecsv
# %ECSV 0.9
# ---
# datatype:
# - {name: x, unit: deg, datatype: float64}
# - {name: y, unit: deg, datatype: float64}
# - {name: pmx, unit: mas / yr, datatype: float64}
# - {name: pmy, unit: mas / yr, datatype: float64}
# - {name: pmx_e, unit: mas / yr, datatype: float64}
# - {name: pmy_e, unit: mas / yr, datatype: float64}
# - {name: pm_corr, datatype: float64}
# - {name: g_mag, unit: mag, datatype: float64}
# - {name: bp_rp, unit: mag, datatype: float64}
# - {name: filter, datatype: int64}
# - {name: memberprob, datatype: float64}
# - {name: r, unit: deg, datatype: float64}
# - {name: pm, unit: mas / yr, datatype: float64}
# - {name: member_prob_GMM, datatype: float64}
# meta: !!omap
# - comments: [deg deg mas/yr mas/yr mas/yr mas/yr dimless mag   mag   zeroone float]
# - __serialized_columns__:
#     bp_rp:
#       __class__: astropy.units.quantity.Quantity
#       unit: &id001 !astropy.units.Unit {unit: mag}
#       value: !astropy.table.SerializedColumn {name: bp_rp}
#     g_mag:
#       __class__: astropy.units.quantity.Quantity
#       unit: *id001
#       value: !astropy.table.SerializedColumn {name: g_mag}
#     pm:
#       __class__: astropy.units.quantity.Quantity
#       unit: !astropy.units.Unit {unit: mas / yr}
#       value: !astropy.table.SerializedColumn {name: pm}
#     pmx:
#       __class__: astropy.units.quantity.Quantity
#       unit: !astropy.units.Unit {unit: mas / yr}
#       value: !astropy.table.SerializedColumn {name: pmx}
#     pmx_e:
#       __class__: astropy.units.quantity.Quantity
#       unit: !astropy.units.Unit {unit: mas / yr}
#       value: !astropy.table.SerializedColumn {name: pmx_e}
#     pmy:
#       __class__: astropy.units.quantity.Quantity
#       unit: !astropy.units.Unit {unit: mas / yr}
#       value: !astropy.table.SerializedColumn {name: pmy}
#     pmy_e:
#       __class__: astropy.units.quantity.Quantity
#       unit: !astropy.units.Unit {unit: mas / yr}
#       value: !astropy.table.SerializedColumn {name: pmy_e}
#     r:
#       __class__: astropy.units.quantity.Quantity
#       unit: &id002 !astropy.units.Unit {unit: deg}
#       value: !astropy.table.SerializedColumn {name: r}
#     x:
#       __class__: astropy.units.quantity.Quantity
#       unit: *id002
#       value: !astropy.table.SerializedColumn {name: x}
#     y:
#       __class__: astropy.units.quantity.Quantity
#       unit: *id002
#       value: !astropy.table.SerializedColumn {name: y}
# schema: astropy-2.0
x y pmx pmy pmx_e pmy_e pm_corr g_mag bp_rp filter memberprob r pm member_prob_GMM
[from data line 7192]
0.02958397 0.01497555 -7.142349 1.496386 2.602252 1.844759 -0.7211677 20.38014 0.3080864 0 0.0 0.033158383235064405 7.297418742185281 0.0
0.04022069 -0.03080632 -1.09616 -1.577246 2.781566 1.653075 -0.5382407 20.68442 nan 0 0.0 0.05066293769629334 1.9207476903841378 1.0
0.03954062 -0.03728192 1.873021 -2.235675 2.574911 1.419797 -0.2163846 20.76684 0.5039024 0 0.0 0.05434521311827565 2.9165819673148223 0.0
-0.06897808 -0.09061175 0.08285023 -1.417569 0.3401578 0.2102624 -0.3826164 18.10237 0.9433804 1 0.999914 0.1138791673597454 1.4199880388130224 0.0
-0.03066103 -0.04585151 -0.1991635 -1.204659 0.3023866 0.1971233 -0.4504327 17.85226 0.9067421 1 0.9999662 0.055158496443802746 1.2210116322186493 1.0
0.01775531 0.007624932 15.17159 -0.2499938 1.289172 0.9858578 -0.4310763 18.65976 nan 0 0.0 0.019323318069128913 15.173649528974183 0.0
0.0524209 -0.04812562 0.9094633 -1.616806 2.188748 1.527472 -0.5656012 20.46846 0.6457558 0 0.0 0.07116197058256889 1.855043162754681 1.0
0.15222 -0.1439704 2.545008 -0.6321156 1.553298 1.253029 -0.4328153 20.18877 0.482132 1 0.9662278 0.2095194608530673 2.6223340465751805 0.0
0.02985093 -0.02019973 0.2138319 -1.380906 0.1116841 0.07824314 -0.3532495 16.03239 1.093034 1 0.9998888 0.036043128525945135 1.3973637544653896 1.0
0.002649472 -0.02531395 3.236861 -7.153602 2.679822 1.108299 -0.625637 20.1112 0.5048218 0 0.0 0.025452225177404118 7.851833588896609 0.0
-0.001642408 -0.006991975 0.1165917 0.4118261 0.3206836 0.2333152 -0.3663892 16.46534 0.8229342 0 0.0 0.007182285043013052 0.4280121039761609 0.0
0.02740924 0.01628364 -7.5026 4.183565 2.107941 1.481633 -0.7400537 20.07968 nan 0 0.0 0.03188139534316527 8.590181771605593 0.0
0.05648139 -0.04784016 -0.4382929 -0.8510566 0.7585845 0.4889762 -0.5594482 19.04968 0.7332859 1 0.9997218 0.07401910783816365 0.9572867922383397 0.0
0.02010602 -0.1373713 1.797349 -3.149363 1.983371 1.258359 -0.2575446 20.71076 0.3448048 0 0.0 0.1388348879206174 3.626148195202452 0.0
-0.001381435 -0.007403965 -9.498089 1.724711 0.972576 0.7196749 -0.4782989 17.23218 0.6468716 0 0.0 0.007531736876740318 9.653409899379701 0.0
-0.04085708 -0.05115567 -1.309844 -0.6080539 0.7695804 0.4554549 -0.3982783 19.37741 0.7769661 1 0.9992329 0.06546910385269758 1.4440986287789384 1.0
0.1626947 -0.1422863 -1.569615 -24.0042 0.9301181 0.8168764 -0.4055969 19.71262 1.504173 1 0.0 0.21613643046876665 24.055463181743665 0.0
0.01932714 -0.04768801 -0.6300921 -1.371892 0.2623295 0.1746866 -0.3434106 17.65302 0.924757 1 0.9998986 0.05145565701008686 1.5096700679772417 1.0
0.06981216 0.01622869 3.032896 -2.65427 2.230994 1.611594 -0.6503266 20.48097 0.3966179 0 0.0 0.07167362180734067 4.03033588919286 0.0
0.01548193 -0.02308741 -2.626272 -4.449583 0.9355755 0.5484373 -0.1783201 19.25443 0.6763725 0 0.0 0.027797817486863965 5.166826249437173 0.0
0.01113337 -0.04571271 -0.2037727 -1.98955 0.2280871 0.1548181 -0.3738806 17.20943 0.9373074 1 0.9866007 0.04704895092455303 1.9999581285030168 1.0
-0.07927011 -0.139588 -1.108965 -1.357003 0.7787263 0.4692638 -0.3319695 19.2963 0.2224598 1 0.9982814 0.16052588602282217 1.7525012163288218 0.0
0.01359544 -0.003911086 -2.114255 -2.90038 2.413282 1.730262 0.06397826 19.8411 nan 0 0.0 0.014146822346131162 3.5891890935732267 0.0
0.03695777 -0.02950241 0.6816479 -1.846868 2.095614 1.288198 -0.2435432 20.60406 0.9123516 0 0.0 0.0472892055249504 1.9686455417363506 1.0
-0.01667929 -0.0255783 -0.9920638 0.9650395 2.154369 1.064097 -0.4514195 20.4776 0.4332771 0 0.0 0.03053601391462383 1.3840129406297799 1.0
0.03143943 0.01570639 1.750187 -4.633771 2.966191 1.93261 -0.7289647 20.37822 nan 0 0.0 0.03514439422663307 4.953280550848095 0.0
0.02561571 -0.01138654 -3.034603 -4.857835 1.048874 0.7209991 -0.300848 19.47952 nan 0 0.0 0.028032443560554975 5.727772364090074 0.0
-0.02526518 -0.1386734 -1.136419 -1.415792 1.047682 0.6916307 -0.3427634 19.88472 0.7958851 1 0.9980621 0.1409561676124617 1.8154655410734184 0.0
0.07605985 -0.01613451 1.607796 -1.931426 1.619473 1.078132 -0.6007399 20.0997 0.4556141 0 0.0 0.07775231954715306 2.5130488198783567 0.0
0.001503948 -0.02416956 -0.6890421 -1.06718 0.1863153 0.1269767 -0.3911515 17.01645 0.2194595 0 0.0 0.02421630628688661 1.2702960946064543 1.0
0.03397899 0.002233354 -3.698787 4.170068 1.899923 1.973852 -0.7867614 19.83343 0.3714218 0 0.0 0.03405230728613578 5.574091172199554 0.0
0.0818012 -0.04625657 -0.002339357 -2.082186 1.828993 1.169894 -0.4822237 20.0918 0.4227161 0 0.0 0.0939739676165953 2.082187314145193 0.0
0.02390693 -0.02680198 -0.1126357 -0.3316905 0.2343059 0.1621036 -0.3814696 17.06886 0.1572571 0 0.0 0.03591500290888614 0.35029328955139866 0.0
0.002141957 -0.02457582 1.70897 -1.924344 2.613467 1.271431 -0.0928259 20.63321 nan 0 0.0 0.024668986774130975 2.5736507710324648 1.0
-0.05464501 -0.08558143 0.6048695 -0.5874242 2.920668 1.499823 -0.4063158 20.81472 0.3617802 0 0.0 0.10153944198559002 0.8431692017477215 0.0
0.06744402 -0.04548069 -1.597235 -1.212468 3.906483 2.315393 -0.6548669 20.83385 0.6816139 0 0.0 0.08134610621680978 2.005302544816866 0.0
0.00189537 -0.01672899 -0.9942192 1.930983 0.4287269 0.3096211 -0.4474936 16.99875 0.8469028 0 0.0 0.016836018943235956 2.1719040411440003 1.0
0.03175786 -0.1416001 -0.2843583 -1.663179 0.4168306 0.2859542 -0.3760393 18.56936 0.9025993 1 0.9995864 0.14511771081363434 1.6873126648075305 0.0
0.03024703 -0.04684341 -0.3854349 -1.585914 0.9054815 0.5202694 -0.3699308 19.54231 0.7265015 0 0.0 0.05576009221879928 1.632079433585881 1.0
0.02951512 -0.006531725 2.216959 -2.156966 2.025969 2.160976 -0.671718 20.16805 0.6570816 0 0.0 0.030229219971577584 3.093122941759186 1.0
-0.05490985 -0.09754803 0.8256229 0.8484321 2.729438 1.329259 -0.2800607 20.6975 0.7498837 1 0.9914718 0.11194065295460537 1.1838455141253947 0.0
0.01537886 -0.005274692 0.3740247 -2.071043 0.2826163 0.1963973 -0.368452 17.42607 0.2180023 0 0.0 0.01625828129275859 2.1045459329886556 1.0
0.08128344 -0.1496044 -0.1157279 -1.2942 0.1622707 0.1455379 -0.2747315 16.91226 1.023529 1 0.9999309 0.17026001914011873 1.2993639162445638 0.0
0.06080209 -0.04523518 1.059034 -2.938347 1.224932 0.7932951 -0.5613999 19.74059 0.6013737 0 0.0 0.07578334683821045 3.123369351448048 0.0
0.04351786 -0.05307382 -2.197648 0.6439691 2.462065 1.425147 -0.5539683 20.54264 0.4649658 0 0.0 0.06863406230416498 2.2900552250238007 1.0
-0.007862876 -0.01911682 1.727169 -0.3108781 1.007117 0.630428 -0.4056653 19.4328 0.5691204 0 0.0 0.020670694857787823 1.7549239150517637 1.0
0.0314209 -0.04249063 -0.2463303 -1.491699 0.2591705 0.168569 -0.3741328 17.67403 0.9344673 1 0.9999681 0.052846254310091836 1.51190096345597 1.0
-0.1480132 -0.152765 4.649889 -4.363238 2.226662 1.211705 -0.4647281 20.60059 0.5121632 1 0.8948572 0.21270884466622447 6.376465600704281 0.0
0.09041872 -0.1373472 -9.816043 -28.33352 0.6952128 0.5425425 -0.4534799 19.1742 1.678577 1 0.0 0.16443782494997433 29.985714194733614 0.0
0.03186542 -0.01485117 -0.5484537 0.7949294 2.78714 3.951737 -0.1486001 20.55138 nan 0 0.0 0.03515625466606618 0.9657713042061511 1.0
0.08825398 -0.04515289 2.968137 -1.898855 1.94606 1.038533 -0.6959133 19.84274 0.8064327 0 0.0 0.09913399246067163 3.5235617720985113 0.0
0.01142118 -0.01159023 6.332279 0.7127892 1.671515 0.7373595 -0.137813 18.68671 nan 0 0.0 0.016271963128193845 6.372270064700462 0.0
0.1634247 -0.1472238 -0.9733609 -1.851839 1.939388 1.434559 -0.4098775 20.20064 0.511549 1 0.9824313 0.21996017788802136 2.092065755077935 0.0
0.07410019 -0.04507173 -0.631874 0.7364405 3.651048 2.329874 -0.3685176 20.89902 0.6344681 0 0.0 0.08673118818065967 0.9703655815805969 0.0
0.02309248 -0.008398079 2.555599 -1.32051 0.5195996 0.3621193 -0.306825 17.64691 0.111166 0 0.0 0.02457214608943714 2.8766009297260893 1.0
0.09331166 -0.147838 -4.450403 -0.3621104 2.718258 1.772176 0.00506585 20.77207 0.3216343 1 0.9551701 0.1748231681899044 4.465110391042662 0.0
0.0692418 -0.04437182 0.9354967 -3.184943 4.415025 2.530608 -0.4362234 20.8652 0.6816292 0 0.0 0.08223919550526014 3.319490320660672 0.0
-0.00428128 -0.01175458 1.352029 -2.663526 0.5558341 0.9902874 -0.4637793 17.67785 nan 0 0.0 0.012509976395453351 2.9870308283506217 0.0
0.05230731 -0.00774518 -1.125018 -1.524766 0.7327979 0.4955423 -0.5722367 18.96598 0.9070377 1 0.9993316 0.05287761806916514 1.894881752268463 1.0
-0.01305434 -0.0270034 -3.135856 9.487893 1.360545 0.9383662 -0.4637479 19.0471 0.3920364 0 0.0 0.029993322663479614 9.992682644424619 0.0
0.1678429 -0.1242399 -2.186888 -1.612455 2.456678 1.975393 -0.3382057 20.73279 0.6504612 1 0.9672687 0.20882239303393685 2.717073839918415 0.0
0.04139935 -0.04818389 -4.976077 0.5007267 4.168855 2.074903 -0.731948 20.76232 0.5764999 0 0.0 0.06352632081235778 5.001206808163595 0.0
0.003591938 -0.02308425 -12.82842 -5.605858 2.906207 1.135718 -0.09497564 20.17576 nan 0 0.0 0.023362033658445577 13.999785841667865 0.0
-0.01637156 -0.1465327 1.271644 -0.75192 1.053277 0.7012018 -0.3594661 19.93151 0.5552902 1 0.9956704 0.14744443070568516 1.4773158596373357 0.0
0.01658216 -0.004500198 0.1575801 -1.483572 0.7163175 0.5477098 -0.2225011 18.99233 0.6305027 0 0.0 0.0171819618293373 1.491917345934422 1.0
0.04769893 -0.06906584 2.914257 1.444749 3.155582 2.025455 -0.4029095 20.76599 0.303669 0 0.0 0.08393615536853294 3.252720943310385 0.0
0.03608185 -0.07130403 -0.3817392 -2.432658 2.971178 1.231778 -0.3908328 20.65846 0.3399181 0 0.0 0.07991348192679006 2.4624276155413463 0.0
-0.003991306 -0.01207502 2.574431 0.0933868 2.385309 0.9926592 0.1842518 19.1404 nan 0 0.0 0.012717571764532568 2.5761242338395176 0.0
0.03853506 -0.1467619 -0.9132176 -0.01269438 0.9819739 0.6255632 -0.3254605 19.83761 0.7761135 1 0.9934021 0.15173663414223212 0.9133058262342053 0.0
-0.001410504 -0.0162369 2.880654 0.4227701 0.7845042 0.5188758 -0.3602424 18.85496 nan 0 0.0 0.016298050286583852 2.911511982659527 0.0
0.01582826 -0.004685281 -1.158412 -1.373613 0.420936 0.301984 -0.3230088 18.22523 0.7609425 0 0.0 0.016507140051400818 1.796867005516268 1.0
0.04604401 -0.0634129 -0.7460523 -1.81425 1.629466 0.9015139 -0.288473 20.35971 0.3646889 0 0.0 0.07836610710817592 1.961656722476002 0.0
-0.01665167 -0.04008178 0.7012143 -0.8416123 0.9393286 0.5499983 -0.3620174 19.68259 nan 0 0.0 0.0434030782520929 1.095450938214843 1.0
0.03570326 -0.1353642 -1.09499 -1.516533 1.630332 1.016137 -0.5119035 20.33556 0.6564655 1 0.9967717 0.13999353348018473 1.8705281179894089 0.0
-0.05460562 -0.09884703 0.475132 -1.056474 3.189904 1.968386 -0.5596064 20.83819 0.3772659 1 0.9955944 0.11292700773245211 1.158398778530088 0.0
0.05178211 0.003191401 0.05770867 -4.83369 2.623492 2.202096 -0.6517731 20.54495 0.3791027 0 0.0 0.05188036195319864 4.8340344751246 0.0
0.06740379 -0.05399511 -1.034829 -1.971607 2.138608 1.479473 -0.5483334 20.48848 0.4771729 0 0.0 0.0863640133983837 2.226680314209923 0.0
0.06017428 0.009150742 -2.202459 -1.477997 1.339661 0.8824612 -0.5089621 19.81046 0.8032265 0 0.0 0.06086608294172514 2.6524141416245692 0.0
-0.007066295 -0.04139278 0.6088464 -1.545102 0.3888188 0.2509169 -0.442896 18.27905 0.8460484 0 0.0 0.04199160346016123 1.6607330096065893 1.0
0.01779891 -0.136271 3.195802 -1.82276 2.938774 1.624069 -0.3331803 20.83457 0.2189732 0 0.0 0.13742847826483456 3.6790765744686533 0.0
-0.02346793 -0.04460141 -0.2970077 -1.502633 0.2739896 0.1796104 -0.4397436 17.65895 0.9330196 1 0.9999597 0.05039870546425771 1.5317047713408385 1.0
-0.08286795 -0.1384267 -28.34487 -22.18456 0.5357638 0.3364549 -0.3935531 18.90025 1.141731 0 0.0 0.16133520511683896 35.99425450972002 0.0
0.09396881 -0.0742713 3.097538 -9.733289 3.199179 2.276743 -0.4239652 20.8732 2.111235 0 0.0 0.11977630507118718 10.214286877651567 0.0
-0.009530757 -0.0268167 -5.780769 -2.164536 1.700713 1.264383 -0.1602826 20.04119 nan 0 0.0 0.028459984678194206 6.172722764441717 0.0
0.05478368 -0.04474507 -1.651778 -0.3103827 0.8611462 0.5714129 -0.5553201 19.26697 0.7653561 1 0.998701 0.07073452398685737 1.6806867589599466 1.0
-0.02988096 -0.06365293 -1.178424 -2.322885 1.313971 0.7405701 -0.3399421 20.11054 0.4338837 0 0.0 0.07031761705366942 2.604703024722972 0.0
0.01015922 -0.002250019 -0.3563203 -1.619858 0.299529 0.2075281 -0.3680197 17.16035 0.2999516 0 0.0 0.010405399392082989 1.6585849680845688 1.0
0.06268646 -0.0428179 4.064151 -1.563878 3.158644 1.847885 -0.4446835 20.72958 0.5026035 0 0.0 0.07591419384898716 4.35465701860491 0.0
0.03233689 0.02296974 -0.9643799 -8.44305 2.883852 1.987948 -0.7064935 20.41604 0.4243736 0 0.0 0.03966463677559269 8.497948099042732 0.0
-0.03378435 -0.1494007 -0.5058288 0.09301944 0.9186586 0.591119 -0.3546212 19.72949 0.6407776 1 0.9892573 0.15317294625818392 0.5143105979146779 0.0
0.06450413 0.02225005 0.1427703 -2.088634 1.358537 0.8968765 -0.6130281 19.79291 0.6880989 1 0.9992626 0.06823377105260561 2.0935079040973523 1.0
0.02358534 -0.007633167 0.5548768 -0.3171644 0.3716907 0.2663917 -0.3240493 17.32805 0.8685303 0 0.0 0.024789786230734 0.639125590009976 0.0
0.03552206 -0.02870353 -8.341453 -0.6320013 3.403306 1.765925 -0.177299 20.6708 nan 0 0.0 0.04566956734089453 8.365360948244295 0.0
0.01043617 -0.02709131 -1.82676 -2.669187 2.69812 1.112223 -0.3728627 20.20302 0.3754349 0 0.0 0.029031925905544056 3.234441426053191 1.0
0.07548548 0.004420744 -2.361348 0.4376584 1.669946 1.16245 -0.6074752 20.12122 0.6194134 1 0.9974573 0.07561481778291829 2.4015639179906416 0.0
-0.03235976 -0.05671928 1.096008 -1.278393 1.426325 0.8741267 -0.3660028 20.01284 0.5341301 0 0.0 0.06530107802307708 1.6839008873781733 1.0
0.04929008 -0.05389054 3.189312 -4.227197 3.099581 1.742513 -0.4103763 20.67339 0.5011196 0 0.0 0.07303220034955814 5.295366418875374 0.0
0.002736451 -0.02387581 -6.32709 -1.001916 1.408889 0.6587792 -0.3672798 19.82155 0.938673 0 0.0 0.024032113249389888 6.405927219314625 0.0
-0.07919502 -0.1017292 -1.912446 -0.07896314 2.403335 1.708537 -0.03059178 20.72767 0.6354313 0 0.0 0.12892122139291268 1.914075463610215 0.0
0.1305811 -0.040255 -0.6927804 -1.127216 0.2387626 0.1741426 -0.5175128 17.1155 0.9968109 1 0.9995138 0.13664511956967215 1.3230875229100152 0.0
0.02960274 -0.01024913 -2.892504 0.6819498 1.603635 1.548193 -0.6521105 19.86456 0.6371384 0 0.0 0.03132677578788631 2.9718066760366564 1.0
-0.01453455 -0.04119586 -0.1683724 -0.8634591 1.112096 0.6635116 -0.3447711 19.88851 0.5405369 0 0.0 0.043684688677408476 0.8797220484076604 1.0
-0.04762372 -0.1361815 0.5728014 -1.324956 0.4821742 0.3079446 -0.3653202 18.71371 0.9149342 1 0.9993622 0.14426856777859967 1.4434714565165325 0.0
0.02867485 -0.0104591 -0.3079502 -2.421798 2.039627 2.173905 -0.7881955 19.86339 nan 0 0.0 0.03052277502673209 2.4412986049404197 1.0
-0.02149226 -0.1350785 0.2246892 -0.8710966 1.535573 0.9566069 -0.418467 20.35743 0.4025059 1 0.9978756 0.1367776239088748 0.8996079830282744 0.0
-0.01814347 -0.02233184 -3.642211 3.094852 0.9213053 0.6384023 -0.4711071 18.3923 0.7827358 0 0.0 0.028773192061822057 4.779519836806308 0.0
0.02896479 -0.01021872 0.08431315 -1.330439 0.4121113 0.3541076 -0.4707274 18.28017 0.8167248 0 0.0 0.030714512826715976 1.3331078876009708 1.0
0.01876069 -0.03956849 1.447729 -3.428348 1.823312 1.278585 -0.6307046 19.63127 0.512825 0 0.0 0.043790739776306584 3.7214901943368064 0.0
-0.07381962 -0.1517993 0.9707024 -2.776745 1.459822 0.8582784 -0.3508397 20.30538 0.6622124 1 0.9914093 0.16879681210684758 2.9415261250566447 0.0
0.01368177 0.004507958 0.5187173 -0.7711873 0.5534876 0.3916012 -0.4233039 18.0837 0.6162605 0 0.0 0.014405294709330455 0.9294070631325007 0.0
0.00289639 -0.05038413 0.09520884 -0.3478594 1.039508 0.5090815 -0.2786879 19.53816 0.6291809 0 0.0 0.050467312499171184 0.3606534144889046 0.0
0.05652922 0.02840039 0.8679334 -0.8192461 3.265946 1.679669 -0.6141986 20.43686 0.5495148 0 0.0 0.0632624285493412 1.1935126975448438 1.0
0.01013039 -0.005032842 0.03617745 0.6346567 0.3304463 0.2363671 -0.3790953 16.16656 0.9113569 0 0.0 0.011311688651526083 0.6356869785856814 0.0
