jas1101finalproject/data/gcs/NGC_6356.ecsv
# %ECSV 0.9
# ---
# datatype:
# - {name: x, unit: deg, datatype: float64}
# - {name: y, unit: deg, datatype: float64}
# - {name: pmx, unit: mas / yr, datatype: float64}
# - {name: pmy, unit: mas / yr, datatype: float64}
# - {name: pmx_e, unit: mas / yr, datatype: float64}
# - {name: pmy_e, unit: mas / yr, datatype: float64}
# - {name: pm_corr, datatype: float64}
# - {name: g_mag, unit: mag, datatype: float64}
# - {name: bp_rp, unit: mag, datatype: float64}
# - {name: filter, datatype: int64}
# - {name: memberprob, datatype: float64}
# - {name: r, unit: deg, datatype: float64}
# - {name: pm, unit: mas / yr, datatype: float64}
# - {name: member_prob_GMM, datatype: float64}
# meta: !!omap
# - comments: [deg deg mas/yr mas/yr mas/yr mas/yr dimless mag   mag   zeroone float]
# - __serialized_columns__:
#     bp_rp:
#       __class__: astropy.units.quantity.Quantity
#       unit: &id001 !astropy.units.Unit {unit: mag}
#       value: !astropy.table.SerializedColumn {name: bp_rp}
#     g_mag:
#       __class__: astropy.units.quantity.Quantity
#       unit: *id001
#       value: !astropy.table.SerializedColumn {name: g_mag}
#     pm:
#       __class__: astropy.units.quantity.Quantity
#       unit: !astropy.units.Unit {unit: mas / yr}
#       value: !astropy.table.SerializedColumn {name: pm}
#     pmx:
#       __class__: astropy.units.quantity.Quantity
#       unit: !astropy.units.Unit {unit: mas / yr}
#       value: !astropy.table.SerializedColumn {name: pmx}
#     pmx_e:
#       __class__: astropy.units.quantity.Quantity
#       unit: !astropy.units.Unit {unit: mas / yr}
#       value: !astropy.table.SerializedColumn {name: pmx_e}
#     pmy:
#       __class__: astropy.units.quantity.Quantity
#       unit: !astropy.units.Unit {unit: mas / yr}
#       value: !astropy.table.SerializedColumn {name: pmy}
#     pmy_e:
#       __class__: astropy.units.quantity.Quantity
#       unit: !astropy.units.Unit {unit: mas / yr}
#       value: !astropy.table.SerializedColumn {name: pmy_e}
#     r:
#       __class__: astropy.units.quantity.Quantity
#       unit: &id002 !astropy.units.Unit {unit: deg}
#       value: !astropy.table.SerializedColumn {name: r}
#     x:
#       __class__: astropy.units.quantity.Quantity
#       unit: *id002
#       value: !astropy.table.SerializedColumn {name: x}
#     y:
#       __class__: astropy.units.quantity.Quantity
#       unit: *id002
#       value: !astropy.table.SerializedColumn {name: y}
# schema: astropy-2.0
x y pmx pmy pmx_e pmy_e pm_corr g_mag bp_rp filter memberprob r pm member_prob_GMM
[from data line 3016]
0.002341717 -0.09440964 -7.128275 -13.37428 0.8117357 0.6862676 0.5812361 19.05794 1.071377 1 0.0 0.09443867726433747 15.155318208273458 0.0
-0.0771729 -0.08186455 -3.627039 -5.509997 0.5275788 0.3929643 0.4247017 18.65578 1.122875 1 0.0 0.11250538227619379 6.596626323169292 0.0
0.002254189 -0.1265999 0.1108225 -7.567336 0.3964093 0.297117 0.3152867 18.42482 1.39661 1 0.0 0.12661996701965184 7.568147445934326 0.0
-0.03430709 -0.08710779 -4.748465 -1.885992 0.3796757 0.2753318 0.3815669 18.2665 1.303215 1 0.0 0.0936202088384351 5.109294049111776 0.0
0.1182248 0.01862831 1.871143 -2.182725 1.464979 1.290696 0.4116648 19.98009 1.060055 0 0.0 0.1196834043152855 2.874972095877454 0.0
-0.02454673 -0.1073736 -0.1582865 -0.1563319 1.183227 1.046016 0.5020992 19.42323 0.9932175 0 0.0 0.11014368765686439 0.22247309733956597 0.0
0.0151454 -0.1245787 -0.7815302 -5.881822 2.343929 1.908076 0.4215429 20.46449 0.4541512 0 0.0 0.12549595863951157 5.9335166211274775 0.0
0.1237608 0.04033972 -2.292897 -2.115364 1.531825 1.438859 0.5534777 19.87698 0.8835278 0 0.0 0.13016923072031425 3.1196380407196282 0.0
0.0332724 -0.07308097 0.8135341 -4.452519 1.62052 1.374534 0.4850555 19.91739 1.038826 0 0.0 0.08029869723663578 4.526230570488407 0.0
0.1110079 0.04818731 -5.71981 -6.463998 3.19597 2.694608 0.4425529 20.64319 0.2509136 0 0.0 0.12101558043262901 8.631309088435195 0.0
-0.07130864 -0.07674088 -3.191954 -0.590791 0.6823599 0.5003382 0.5528088 18.85177 1.22513 0 0.0 0.10475726610514424 3.2461676395092414 0.0
0.1281615 -0.02327539 3.679502 0.5493274 1.836979 1.557593 -0.0509701 20.05087 1.169727 0 0.0 0.13025787447176507 3.720281650681136 0.0
0.1024276 0.03611893 1.302701 -7.294086 1.177175 1.050238 0.61619 19.35171 nan 0 0.0 0.10860934741588728 7.409502039327407 0.0
0.07375801 -0.002553661 -0.3034534 -7.713527 1.13605 1.041498 0.5671545 19.43534 0.8169651 1 0.0 0.07380220337945895 7.719493684543084 0.0
-0.07084076 -0.08476299 2.475435 0.280526 1.279509 0.8946176 0.4064182 19.27561 nan 0 0.0 0.11046799423868299 2.4912794455662737 0.0
-0.05288529 -0.112625 -3.734184 -5.662395 1.883395 1.652792 0.8504271 19.45145 nan 0 0.0 0.12442364937335708 6.782834752659172 0.0
-0.07454194 -0.05377392 2.78103 -2.423574 3.172066 2.504737 0.4568175 20.59259 1.066664 0 0.0 0.09191373831549884 3.6888804256001575 0.0
0.1148046 -0.01320502 0.5211167 -3.471702 1.803032 1.506867 0.02745361 20.24074 1.119036 1 0.02111639 0.11556153656974452 3.510595019626002 0.0
0.06465964 -0.09460255 -15.19874 -2.682695 2.127698 1.81809 0.05174736 20.42348 -0.005270004 0 0.0 0.11458844405712165 15.433682323108282 0.0
0.09685514 -0.00421266 -0.8519521 1.871523 0.4060264 0.305989 0.1644274 18.3588 1.354971 1 0.0 0.09694671035520082 2.0563124082258053 0.0
-0.01305314 -0.038439 -5.134437 -2.357781 0.4842509 0.363765 0.3330542 18.05651 1.176342 0 0.0 0.04059484185040755 5.6499181012586375 0.0
-0.1273372 -0.02709522 5.790026 -3.984618 3.3655 2.573135 0.2999652 20.65589 0.02817535 0 0.0 0.13018799272854775 7.028625874706948 0.0
0.01119813 -0.1027107 0.1753461 -1.901012 0.7151595 0.5676729 0.5151703 19.00393 0.9350395 1 6.765175e-06 0.10331933996104942 1.9090816847189147 0.0
0.06951048 -0.09125317 -2.565301 -7.568369 2.613819 2.332297 0.3343447 20.5054 0.5235443 0 0.0 0.11471202144884074 7.991306435168282 0.0
0.073467 -0.07403905 -3.134308 -5.64051 0.4848402 0.3651679 0.216961 18.67803 1.451344 1 0.0 0.10430331257396622 6.45284741017204 0.0
0.04675181 -0.05927861 -1.180628 -6.500997 0.4827257 0.3596915 0.2662573 18.68486 1.093285 0 0.0 0.0754962604491653 6.607332628859622 0.0
0.03690824 -0.04655429 9.227604 0.4413463 3.332276 2.258755 0.2099899 20.51492 0.7635612 0 0.0 0.05940976432625954 9.238152528365164 0.0
0.01793656 -0.08622992 -4.447237 -8.465253 1.158576 0.9974153 0.5311427 19.5435 1.111002 1 2.928432e-06 0.08807564525928833 9.562344131444863 0.0
0.09491025 -0.05546207 -2.996966 -8.38351 1.418398 1.246179 0.3990816 20.08562 nan 0 0.0 0.10992723394931486 8.90309188570218 0.0
0.06266017 -0.08263705 -2.874216 -5.107201 0.8766125 0.7906276 0.2790842 19.21342 1.274708 0 0.0 0.10370717881193857 5.860428283756828 0.0
-0.08096788 -0.03879451 -4.092628 -3.228267 0.256463 0.1819253 0.2778289 17.38315 1.480173 1 0.8615089 0.08978202268736488 5.212610840037169 0.0
0.02401148 -0.04585209 -0.3786803 -6.730858 0.4897293 0.3724154 0.32111 18.5341 1.151758 0 0.0 0.051758722251988604 6.741501923590327 0.0
-0.02484661 -0.03943207 1.345089 -1.643071 2.785809 2.244187 0.5248393 20.45717 nan 0 0.0 0.04660731887780072 2.123428060698549 0.0
0.08815212 -0.03635842 -0.9436297 -4.812024 1.142287 0.9967299 0.3034614 19.47997 0.8382378 1 0.005149417 0.09535581243632084 4.903673315719359 0.0
0.02435524 -0.08087485 -3.650103 -4.573699 1.173038 0.9270063 0.2326273 19.83614 nan 0 0.0 0.08446253061553448 5.851664246452457 0.0
0.0603528 -0.03577845 -2.682759 -6.734921 0.6177891 0.4628591 0.3433723 18.90628 1.251568 0 0.0 0.07016094321089547 7.2495763137111675 0.0
-0.03020579 -0.1258929 -7.008744 0.6467801 0.8637054 0.7597994 0.5518661 19.20615 0.9925194 1 0.0 0.12946587202785953 7.03852377670858 0.0
0.1036183 -0.0649884 -6.450117 -4.855335 1.765314 1.708949 0.5165155 20.18143 1.229712 1 0.1139621 0.12231207720192638 8.073307084207437 0.0
-0.02082823 -0.1223477 -3.867702 -0.313706 0.5220699 0.3832933 0.3051284 18.69497 1.583466 0 0.0 0.12410791618677232 3.8804033572864562 0.0
0.1018767 -0.06327841 4.964329 -3.142756 1.508266 1.495662 0.5129304 19.83088 1.135784 0 0.0 0.11992922569173078 5.875498080654695 0.0
-0.03854416 -0.1001034 -1.308571 -4.240548 0.8966232 0.7018256 0.4552144 19.21762 1.124853 1 0.001301367 0.10726762308201669 4.43786045323025 0.0
-0.01673843 -0.07928515 -4.178615 -5.012425 0.2591124 0.1964442 0.5014049 17.32263 1.411566 1 0.0 0.08103277145320527 6.525735797505902 0.0
0.01457234 -0.03169282 -3.902783 -4.871616 1.532695 1.426983 0.5256328 19.93816 1.095682 0 0.0 0.034882487477644136 6.242143669969877 0.0
0.06652358 -0.002413486 -1.486495 -4.07816 1.389531 1.329321 0.4711847 19.80102 nan 0 0.0 0.06656734642967674 4.340628568609044 0.0
-0.05659484 -0.04376328 -2.885428 4.078882 1.289133 0.9872294 0.5624775 19.53247 1.285366 0 0.0 0.07154160042229975 4.996295939304236 0.0
0.1095036 0.01212409 2.882319 1.416096 0.2748174 0.2146993 0.144454 17.66544 1.431812 1 0.0 0.11017273696921621 3.2114001150552696 0.0
0.1135427 -0.03304255 6.839409 -4.306644 2.540052 1.716711 0.02031429 20.16604 1.198925 1 0.001158613 0.11825292737937822 8.082369579029221 0.0
0.1098003 -0.02511898 1.560043 -8.648766 1.226252 1.006889 0.5376095 19.41677 0.9436512 1 0.0 0.11263689021066943 8.788338152609116 0.0
0.1043993 -0.02093102 -1.370677 -7.026205 1.580439 1.38881 0.2675742 19.85054 0.9045258 0 0.0 0.10647685870051952 7.158652955714085 0.0
0.03134589 -0.1279397 -4.675347 -5.331271 0.518322 0.3874989 0.4710836 18.69562 nan 0 0.0 0.13172369436051395 7.0909322409574616 0.0
0.08129166 0.01638113 -7.249696 -8.046004 2.537222 2.626171 0.1202434 20.47822 0.525692 0 0.0 0.08292572221954114 10.830340366785894 0.0
0.06991444 -0.0240136 -7.184831 -1.658243 2.058879 1.731395 0.1450646 20.33927 0.755022 0 0.0 0.07392348683249188 7.3737077746280395 0.0
-0.0005332254 -0.07219095 -8.398619 -17.59459 2.154992 1.716661 0.5676015 20.33419 0.8960915 0 0.0 0.07219291925964558 19.496317559356203 0.0
0.1044202 -0.03496721 -1.569625 -3.222177 0.1407602 0.1031218 0.1612329 16.42101 1.461906 1 0.0 0.11011940765925006 3.5841522372736905 0.0
-0.01688699 -0.04400115 -3.41461 -2.852029 0.8563056 0.6763419 0.4715091 19.18973 1.258768 0 0.0 0.0471303684749292 4.4490033568138605 0.0
-0.02789954 -0.02111054 -5.696781 -3.266051 2.886101 2.163886 0.3177657 20.28418 nan 0 0.0 0.03498627204066189 6.566612741479583 0.0
0.09381349 0.01290742 1.633971 0.6786365 1.378643 1.286191 0.5096839 19.69274 nan 0 0.0 0.09469726710437054 1.7692961108794791 0.0
0.08739728 -0.03549592 -0.4286031 -3.620932 1.480547 1.259509 0.3405139 19.62399 0.8303337 0 0.0 0.09433050878716175 3.646210247085816 0.0
0.0762112 -0.04090003 -4.804998 -3.883226 1.226958 1.081074 0.5077709 19.56958 1.116159 1 0.4303875 0.08649253990628845 6.177981057520329 0.0
0.1047348 -0.04336354 -5.518344 -11.81882 2.020359 1.665955 0.08030988 20.33951 1.295162 1 3.983378e-05 0.11335684775244767 13.04364315269074 0.0
-0.08459339 -0.05037189 1.800943 0.461128 0.1027955 0.069937 0.3533177 15.69565 1.574859 1 0.0 0.09845490812480706 1.8590413447884906 0.0
0.1017029 -0.01156819 -12.02571 -13.35094 0.3854143 0.2904253 0.1466936 18.10231 1.150862 1 0.0 0.10235869717950742 17.968452907462567 0.0
-0.02834981 -0.1122284 -5.107286 -6.349119 0.2440399 0.1835221 0.3972688 17.4968 1.316639 1 0.0 0.11575372777408122 8.14835458003375 0.0
-0.03233774 -0.05750921 -3.763972 -7.422268 1.268676 0.9558434 0.5101893 19.96286 1.143106 0 0.0 0.06597756181560288 8.32211196035045 0.0
0.06578748 -0.0288071 -1.079982 -7.323302 1.087986 0.9453426 0.502965 19.51684 0.842495 1 0.0 0.07181811425511254 7.402507230900082 0.0
-0.02172786 -0.1259603 1.886597 -7.212013 0.87911 0.7674391 0.5839374 19.09196 1.220816 1 0.0 0.12782056593627492 7.454688441013346 0.0
0.03852718 -0.08202176 -5.585266 -2.877164 1.208581 1.061925 0.4505498 19.49159 nan 0 0.0 0.09061960445869316 6.28277557880687 0.0
-0.06333734 -0.1153349 2.802114 -1.250248 0.7685364 0.5815387 0.5393594 19.09857 1.337854 1 0.0 0.13158175328017788 3.068381157956097 0.0
-0.046673 -0.107153 -0.5832781 -6.447096 0.6336462 0.4563076 0.4678012 18.89016 1.089468 0 0.0 0.1168765773711739 6.4734272356423075 0.0
-0.08897751 -0.05412577 -2.807754 0.4606959 0.2706294 0.1874503 0.3668407 17.59183 1.400232 1 0.0 0.10414699354226697 2.845298444239692 0.0
0.06284366 -0.05649502 -7.693592 -5.749009 2.524091 1.69836 0.2544639 20.31124 nan 0 0.0 0.08450451400366728 9.604293953463992 0.0
0.08568277 -0.0368207 -0.2013021 -1.788877 1.407927 1.192383 0.288238 19.89381 0.9575806 0 0.0 0.09325932137520035 1.80016761902702 0.0
-0.005265538 -0.1280762 -2.818506 -5.078532 1.471808 1.098785 0.4766508 19.97245 0.885191 0 0.0 0.1281843941237366 5.808223768680061 0.0
-0.07054889 -0.08845359 -3.405005 4.555709 0.9781664 0.7718827 0.4955392 19.42014 1.205191 0 0.0 0.11314231509086334 5.687578003219473 0.0
-0.02600626 -0.05500192 -2.191786 -4.256013 3.402729 2.735061 0.6345326 20.56928 0.77281 0 0.0 0.06084025610460561 4.7872301517646925 0.0
0.02142014 -0.09687139 -2.386691 -7.067802 1.326218 1.139414 0.5294206 20.01151 0.8024197 0 0.0 0.09921133301267401 7.459900739331926 0.0
0.08629302 -0.03635369 -2.453419 -2.909493 1.034257 0.9085283 0.3079387 19.32209 0.4775963 0 0.0 0.09363800551771967 3.8058395008999 0.0
0.05802837 -0.03740655 -3.529447 -3.19051 0.1129283 0.08126281 0.2130505 16.02567 1.560739 1 0.8590614 0.06904014562382818 4.757767353066877 0.0
-0.03988971 -0.05649794 -3.155663 -3.166413 2.857758 2.375245 0.8701682 20.18568 1.030735 0 0.0 0.0691607272093614 4.470389273445658 0.0
0.0632409 -0.08288521 -0.2463113 -5.57881 1.174423 1.06531 0.3521883 19.74993 1.179737 0 0.0 0.10425626825066252 5.584244825632888 0.0
-0.02616972 -0.1282822 -2.83735 -8.345946 0.1318006 0.09400336 0.2859842 16.40053 1.389361 1 0.0 0.13092431814494357 8.815064926443593 0.0
-0.02185494 -0.03713142 -6.468581 -5.280928 2.828891 2.509458 0.2784941 20.44851 nan 0 0.0 0.04308573724122636 8.350493440195317 0.0
0.1160055 0.001816484 -1.687023 -1.69702 1.478866 1.337194 0.328575 20.03518 0.7075348 0 0.0 0.11601972092869495 2.3928901944989036 0.0
0.06794644 -0.004493033 -4.343478 -3.132689 0.1474188 0.1086867 0.2311578 16.49538 1.490511 1 0.06559333 0.06809483133258125 5.355328328609274 0.0
-0.03437375 -0.04280966 -5.821556 -6.157478 0.2612906 0.1983183 0.5178487 17.41271 1.158104 0 0.0 0.05490192782023323 8.47378602406386 0.0
-0.04248716 -0.1259107 -1.883653 -3.583615 0.1717382 0.1206176 0.2820829 16.9998 1.299164 1 0.0 0.13288590271114387 4.04851146628412 0.0
0.1252919 -0.01403987 -2.448045 -4.778738 1.562183 1.381152 0.2220692 20.14582 nan 0 0.0 0.12607608082117283 5.36928870472328 0.0
0.05320706 -0.0349541 -3.822355 -7.10054 0.6523417 0.4722901 0.3361152 18.94483 1.366179 1 0.0 0.06366145097823014 8.063998142213638 0.0
0.05562911 0.000268163 -0.2669463 0.5677918 1.964036 1.730435 0.3612032 20.13707 0.8256779 0 0.0 0.055629756343046025 0.62741362372117 0.0
-0.04183406 -0.06370244 -3.757345 -2.884004 0.7954932 0.6289067 0.601548 19.11779 1.029871 1 0.6777663 0.07621082231571313 4.73657265552224 0.0
0.06692655 -0.0124997 -3.429447 -5.585943 0.8228401 0.6004837 0.4637337 18.93019 0.9630241 0 0.0 0.06808381301743095 6.55468274785729 0.0
0.02174322 -0.06702336 -1.963896 -7.136688 1.370398 1.174288 0.5194809 19.77014 1.174309 1 0.0001181427 0.07046203517964834 7.401972919982888 0.0
0.09493688 -0.005525792 -1.931767 -3.949988 0.6607342 0.4985132 0.1448255 18.25794 1.105515 0 0.0 0.09509755812512571 4.39705912428216 0.0
-0.09820567 -0.06927496 -1.592253 -4.205947 2.166654 1.705446 0.5994774 20.26987 0.6096458 1 0.04126937 0.12018058787986727 4.497250246852848 0.0
0.01817393 -0.03694981 -2.019542 -7.206719 1.597273 1.408341 0.5247832 19.84978 0.9691315 0 0.0 0.04117742331279363 7.484340227082478 0.0
-0.0470831 -0.09365863 -4.632998 -3.384906 0.7569287 0.5624618 0.5074384 19.07708 1.123699 0 0.0 0.10482727354599518 5.737792179648893 0.0
-0.01127968 -0.06236083 4.578167 -6.664963 3.71975 2.92911 0.2575016 20.68987 1.025431 0 0.0 0.063372740978999 8.085873166903992 0.0
-0.09725282 -0.05907967 -4.269318 2.113195 1.068818 0.8178862 0.4820883 19.52224 0.9276562 0 0.0 0.11379155682765439 4.763682324961332 0.0
-0.03683786 -0.06657571 -3.454461 -1.459712 1.594668 1.267837 0.5848202 19.78913 1.413733 0 0.0 0.07608779857101729 3.7502079840276856 0.0
0.03303808 -0.08374299 -1.749165 -2.28885 1.03196 0.8547461 0.5652948 19.30029 0.9904327 1 0.1773289 0.09002445836674887 2.8806965337787664 0.0
0.05842272 -0.07488225 -4.52905 -4.764742 1.930576 1.643542 0.1284931 20.30505 0.7506447 0 0.0 0.09497665806534203 6.5738162606711175 0.0
0.0753593 -0.06332817 -2.32679 -2.969677 1.605807 1.317631 0.1622221 20.03959 0.9487476 0 0.0 0.09843516247784072 3.772655985963867 0.0
-0.11396 -0.04916754 -0.4372729 -7.939079 1.563094 1.249644 0.2691819 20.00805 1.120235 0 0.0 0.12411417561927245 7.951112057902053 0.0
0.05117179 -0.04138127 -1.654866 -4.528013 0.947605 0.8468215 0.3340707 19.25542 1.291168 1 0.02431144 0.06581004177644169 4.820942149219901 0.0
0.1017679 0.0005358097 -1.703183 -4.447619 0.3954708 0.2966425 0.1000912 18.30228 1.553558 1 0.0 0.10176931051375268 4.762577778960676 0.0
0.02258827 -0.04510041 -3.101809 -1.682384 3.823797 2.449176 0.2789912 20.57106 0.5360889 0 0.0 0.050440825962319455 3.5286874324509103 0.0
0.04874028 -0.01030225 -3.691428 -3.353586 0.2173392 0.1697082 0.3742992 17.24573 1.456362 0 0.0 0.049817178257513736 4.987301849555529 1.0
0.05127687 -0.07988493 -5.451374 -3.239962 2.851157 2.377368 0.3880884 20.56072 1.234953 0 0.0 0.09492586285150006 6.341516557521553 0.0
0.0944018 -0.0283889 -1.512171 -4.630673 2.610359 1.995352 0.610311 20.20834 nan 0 0.0 0.09857803754614919 4.871323594893897 0.0
0.01831358 -0.09117952 -2.563743 -7.00846 0.5692281 0.4250824 0.354156 18.93584 1.367287 0 0.0 0.09300049505162217 7.462659696224195 0.0
0.01230057 -0.1171189 -9.89336 -2.981415 0.2998436 0.2672312 0.3102362 17.84713 1.232784 1 0.0 0.11776307044033328 10.332831533119322 0.0
0.06059166 -0.1019253 -2.60104 -3.037152 0.3649725 0.280471 0.2903725 18.2368 1.318832 1 0.03702318 0.11857536017927839 3.998712461868695 0.0
-0.07406062 -0.09352856 -3.13748 -5.901047 0.7480224 0.541543 0.5427903 18.991 1.115082 1 0.0 0.11930032259159234 6.683272884344092 0.0
-0.1304634 -0.00268913 -2.16466 0.2479178 0.66101 0.5170102 0.2874848 19.13495 1.325094 1 0.0 0.13049111142034503 2.1788107194423385 0.0
-0.02601178 -0.01726122 -3.012349 -3.657106 0.8317014 0.5686873 0.3624912 18.9528 1.023611 0 0.0 0.031217982232309635 4.738002827461905 0.0
