jas1101finalproject/data/gcs/NGC_5904_M_5.ecsv
# %ECSV 0.9
# ---
# datatype:
# - {name: x, unit: deg, datatype: float64}
# - {name: y, unit: deg, datatype: float64}
# - {name: pmx, unit: mas / yr, datatype: float64}
# - {name: pmy, unit: mas / yr, datatype: float64}
# - {name: pmx_e, unit: mas / yr, datatype: float64}
# - {name: pmy_e, unit: mas / yr, datatype: float64}
# - {name: pm_corr, datatype: float64}
# - {name: g_mag, unit: mag, datatype: float64}
# - {name: bp_rp, unit: mag, datatype: float64}
# - {name: filter, datatype: int64}
# - {name: memberprob, datatype: float64}
# - {name: r, unit: deg, datatype: float64}
# - {name: pm, unit: mas / yr, datatype: float64}
# - {name: member_prob_GMM, datatype: float64}
# - {name: member_prob_DB, datatype: float64}
# meta: !!omap
# - comments: [deg deg mas/yr mas/yr mas/yr mas/yr dimless mag   mag   zeroone float]
# - __serialized_columns__:
#     bp_rp:
#       __class__: astropy.units.quantity.Quantity
#       unit: &id001 !astropy.units.Unit {unit: mag}
#       value: !astropy.table.SerializedColumn {name: bp_rp}
#     g_mag:
#       __class__: astropy.units.quantity.Quantity
#       unit: *id001
#       value: !astropy.table.SerializedColumn {name: g_mag}
#     pm:
#       __class__: astropy.units.quantity.Quantity
#       unit: !astropy.units.Unit {unit: mas / yr}
#       value: !astropy.table.SerializedColumn {name: pm}
#     pmx:
#       __class__: astropy.units.quantity.Quantity
#       unit: !astropy.units.Unit {unit: mas / yr}
#       value: !astropy.table.SerializedColumn {name: pmx}
#     pmx_e:
#       __class__: astropy.units.quantity.Quantity
#       unit: !astropy.units.Unit {unit: mas / yr}
#       value: !astropy.table.SerializedColumn {name: pmx_e}
#     pmy:
#       __class__: astropy.units.quantity.Quantity
#       unit: !astropy.units.Unit {unit: mas / yr}
#       value: !astropy.table.SerializedColumn {name: pmy}
#     pmy_e:
#       __class__: astropy.units.quantity.Quantity
#       unit: !astropy.units.Unit {unit: mas / yr}
#       value: !astropy.table.SerializedColumn {name: pmy_e}
#     r:
#       __class__: astropy.units.quantity.Quantity
#       unit: &id002 !astropy.units.Unit {unit: deg}
#       value: !astropy.table.SerializedColumn {name: r}
#     x:
#       __class__: astropy.units.quantity.Quantity
#       unit: *id002
#       value: !astropy.table.SerializedColumn {name: x}
#     y:
#       __class__: astropy.units.quantity.Quantity
#       unit: *id002
#       value: !astropy.table.SerializedColumn {name: y}
# schema: astropy-2.0
x y pmx pmy pmx_e pmy_e pm_corr g_mag bp_rp filter memberprob r pm member_prob_GMM member_prob_DB
[from data line 18462]
-0.0405148 0.02196472 3.776031 -10.46652 0.9559697 0.6697217 0.4982496 18.68186 0.5135994 0 0.0 0.046085767257564456 11.126834726163635 0.0 0.0
0.01276475 -0.1373082 -8.643256 -9.431312 1.328987 1.211926 -0.2306004 20.05564 0.6913738 0 0.0 0.13790025609041667 12.79279173295962 0.0 0.0
-0.09225827 -0.06962706 3.797602 -9.324569 0.6678601 0.4879359 0.2672414 18.87019 0.4572144 0 0.0 0.11558337193401351 10.068235594490476 0.0 0.0
-0.06090729 -0.116762 3.688194 -9.848413 0.2588808 0.2265941 -0.001679847 17.9039 0.7504425 1 0.999849 0.131693062152659 10.516368841011854 0.0 0.0
-0.01680469 -0.1043672 6.684646 -9.812126 1.539886 1.269772 0.02965807 20.13792 0.619606 0 0.0 0.10571144707095868 11.872754894513402 0.0 0.0
0.08466212 -0.01381801 9.019645 -14.6623 3.390658 3.429332 -0.4464231 20.7225 0.3679619 0 0.0 0.08578235228329018 17.21444269257721 0.0 0.0
0.04524179 0.05716735 4.047406 -10.10418 0.6333517 0.6457279 -0.1327378 19.02249 0.5992584 0 0.0 0.07290353536301651 10.884665764332683 0.0 0.0
-0.05779422 -0.05663585 3.29768 -9.063386 0.5485148 0.4637383 0.000221638 18.84035 0.65942 1 0.9988029 0.08091842417293418 9.644669987479924 0.0 0.0
-0.0227816 -0.03463572 3.851779 -8.947371 0.5135519 0.4837131 -0.0815891 18.77437 0.7179642 0 0.0 0.041456415649189934 9.741234484216156 0.0 0.0
-0.2040217 0.04084012 2.69857 -9.91223 1.090171 1.041853 -0.1154196 19.87209 0.7231216 0 0.0 0.2080691458926681 10.273002658317576 0.0 0.0
-0.1218585 -0.0855837 4.20916 -10.9613 0.930354 0.8064106 0.03043115 19.72271 1.043184 1 0.9984199 0.14890958239126184 11.741683252225807 0.0 0.0
0.03553067 -0.02903742 3.083706 -12.06921 1.03237 0.7593609 0.3844256 19.25821 0.732502 0 0.0 0.04588682023092579 12.456928703277386 0.0 0.0
-0.001112737 -0.09890264 4.489941 -9.832648 0.4299104 0.405088 -0.1571542 18.55826 0.6897163 0 0.0 0.09890889941052206 10.809280127528615 0.0 0.0
0.05898207 0.01265578 1.164148 -5.24688 1.93685 2.781956 -0.6076406 19.88605 nan 0 0.0 0.06032456671119404 5.374475816328882 0.0 0.0
-0.0009601426 0.06333458 5.138304 -8.802824 0.8031746 0.5945197 0.2268294 19.06733 0.6119404 0 0.0 0.06334185738979191 10.192736549690274 0.0 0.0
-0.1578441 -0.05303318 -0.3043063 -9.873254 2.374617 2.436508 -0.3296481 20.63842 0.8191147 1 0.9373713 0.16651509867192943 9.877942441254437 0.0 0.0
0.0002597202 -0.023584 5.08482 -9.602269 0.7432955 0.3967688 0.8373743 16.95476 nan 0 0.0 0.023585430048703546 10.865494207847197 0.0 0.0
0.05439353 -0.02480281 3.651102 -10.17434 0.4739315 0.5147701 -0.3663398 18.51474 0.5997391 0 0.0 0.05978156479849788 10.809613325646946 0.0 0.0
0.03254175 -0.02346088 4.193712 -10.86383 0.403657 0.3466592 -0.0001407973 18.18854 nan 0 0.0 0.04011705850927882 11.645171643554422 0.0 0.0
0.002043739 0.05944216 4.576736 -10.02537 1.139536 0.8094788 0.2197549 19.55919 0.7101784 0 0.0 0.05947728351703464 11.020642270330528 0.0 0.0
-0.1806311 0.03895162 5.128622 -11.50149 3.422748 3.423962 -0.3747282 20.82131 0.1722012 0 0.0 0.18478317831402943 12.593134472361676 0.0 0.0
-0.08484253 0.01588419 4.367977 -10.04641 0.1124376 0.09866712 -0.01185204 15.17957 1.083853 0 0.0 0.08631664027727794 10.954888267829526 0.0 0.0
0.02927858 -0.02936084 3.991805 -9.910255 0.05844292 0.06066014 -0.2346754 14.52932 1.138674 1 0.999987 0.041464372325190214 10.683990889318935 0.0 0.0
-0.04556325 -0.01924221 2.169828 -6.95522 0.7672281 1.117014 -0.5920214 18.82974 0.6996193 0 0.0 0.04945980586543582 7.285824510512451 0.0 0.0
-0.1207399 -0.0133784 5.990432 -9.409401 1.326312 0.9748939 0.146326 19.85401 0.6449089 1 0.9984175 0.12147882547411297 11.154465595689693 0.0 0.0
-0.02665529 -0.06057583 3.709893 -11.34333 1.315713 1.31336 0.1742066 19.54662 0.7900887 0 0.0 0.06618108238139506 11.934590129549862 0.0 0.0
-0.1493354 -0.05650395 3.314011 -10.14626 3.615174 3.869128 -0.4096428 20.9739 -0.02454567 0 0.0 0.15966764875441267 10.673765075910234 0.0 0.0
-0.06277928 -0.01964073 -1.362904 -12.44688 0.570997 0.557276 0.04976854 18.2001 0.639431 0 0.0 0.06577990781577077 12.521275056782995 0.0 0.0
0.03149036 -0.06390311 3.510439 -9.220362 0.6576756 0.5704932 -0.02194752 19.17316 0.6197701 0 0.0 0.07124079056693364 9.866015273846124 0.0 0.0
0.05899725 0.01453976 -3.780564 -7.944564 2.475056 1.818566 -0.0610369 19.97149 0.6656551 0 0.0 0.06076248948504415 8.798224895295187 0.0 0.0
-0.02346742 -0.008010321 4.304727 -9.215245 0.1403658 0.1608116 -0.2836522 15.27069 0.1886826 0 0.0 0.024796875689881596 10.17110686968503 0.0 0.0
0.07976018 0.1221537 4.066859 -9.568269 0.3852958 0.3712528 -0.07989714 18.24992 0.7030144 1 0.999782 0.14588767164267993 10.396687635119275 0.0 0.0
-0.0007009962 -0.09849054 3.510988 -10.70732 0.7882241 0.7154736 -0.1077324 19.40587 nan 0 0.0 0.0984930346022703 11.268262435643926 0.0 0.0
0.001174666 -0.03550921 4.844878 -10.28271 1.205545 0.9692955 0.1698541 17.79396 0.7258778 0 0.0 0.035528634015898446 11.366924288433701 0.0 0.0
0.05485098 -0.02423202 2.546883 -10.85355 1.887153 1.803458 -0.2569658 20.08739 nan 0 0.0 0.05996516322199749 11.148370312211064 0.0 0.0
0.03328894 -0.02300357 2.887067 -9.950969 0.5105961 0.3826107 0.3648918 18.28664 0.71348 0 0.0 0.0404637833014722 10.361319409295808 0.0 0.0
-0.01622487 -0.07085753 -0.6626004 -9.504544 3.766258 2.588476 0.3188528 20.73969 0.4363289 0 0.0 0.07269137475806742 9.527612289446719 0.0 0.0
0.04986611 -0.07406379 3.831914 -10.02757 0.3847948 0.3690593 -0.186485 18.24676 0.6818371 1 0.99988 0.08928647106754864 10.73479040355684 0.0 0.0
0.02924798 -0.02391513 3.800944 -9.988921 0.196696 0.1613011 0.09747525 16.96216 0.9417629 0 0.0 0.03778065347499034 10.687643240461247 0.0 0.0
0.001723677 -0.07738551 3.635015 -10.48435 0.6812808 0.6378693 -0.1351886 19.0436 0.6246567 0 0.0 0.07740470412294352 11.096617906944664 0.0 0.0
0.1254474 0.05317365 4.134669 -10.07734 0.0696404 0.07165134 -0.2433398 11.60475 1.780692 1 0.9999529 0.13625155860056243 10.892578630203271 0.0 0.0
0.05384092 0.0807615 4.508685 -11.16577 0.8391933 0.8415727 -0.1610755 19.31131 0.5269337 0 0.0 0.09706319873513544 12.041705033844876 0.0 0.0
0.1013721 0.02851849 4.491379 -10.34776 0.492125 0.4606906 -0.125121 18.4253 0.6620884 1 0.9997362 0.10530720265152856 11.280453108773646 0.0 0.0
-0.1126316 -0.07186592 3.790591 -9.975005 0.3055686 0.2645505 0.04402975 18.03029 0.690136 1 0.9998687 0.13360609183718533 10.670956137071597 0.0 0.0
0.03546754 0.06465892 -8.634534 17.85747 3.554363 4.096605 -0.1307773 20.65935 0.7066536 0 0.0 0.07374769372134968 19.835433249567703 0.0 0.0
-0.002591949 -0.09570784 3.685259 -8.73591 0.513728 0.464315 -0.09077207 18.79063 0.6946983 0 0.0 0.09574293100320358 9.48141642504858 0.0 0.0
-0.007303873 -0.04848918 1.466461 -12.33973 1.769642 1.926284 -0.005806767 19.6189 nan 0 0.0 0.04903618192592618 12.426562048186174 0.0 0.0
0.1392088 0.1360635 3.417395 -10.17459 1.888144 1.716167 -0.1364273 20.3045 0.934864 1 0.9926692 0.19465961581614713 10.733166832492868 0.0 0.0
-0.03690231 -0.03805509 3.990752 -9.719928 0.09729548 0.09758963 -0.221935 15.93104 1.019161 1 0.9999798 0.053009153532613595 10.507288035011127 1.0 1.0
0.04472325 0.06075982 1.382791 -11.62543 1.547657 1.838039 -0.4630023 19.98471 0.8746414 0 0.0 0.07544484619240005 11.707379452062746 0.0 0.0
0.2129791 0.213685 5.083845 -8.842221 1.093248 0.8891688 0.2093874 19.6832 1.145452 0 0.0 0.30169749130844625 10.199527057509382 0.0 0.0
-0.003689765 -0.02644716 3.552504 -10.45039 0.749479 0.6303085 0.0977365 18.24853 0.7735138 0 0.0 0.026703307619484615 11.037705188222596 0.0 0.0
0.170872 0.04944071 4.304175 -9.602081 0.5805875 0.5395708 -0.1708071 18.99138 0.6959896 1 0.9994159 0.17788092699697766 10.522636644928209 0.0 0.0
0.04264991 0.04615639 3.945119 -8.526244 0.7721782 0.7929887 -0.1622103 19.22088 nan 0 0.0 0.06284446802098177 9.394721958189981 0.0 0.0
-0.01778095 -0.1299369 2.118834 -8.318733 1.194532 1.079161 -0.1128432 20.05579 0.8665047 0 0.0 0.13114785611862856 8.584333185801038 0.0 0.0
0.04641848 -0.03008284 4.912472 -10.72681 0.7783507 0.8457109 -0.3494911 19.22704 0.6070843 0 0.0 0.05531412611599319 11.798170787324787 0.0 0.0
-0.02241528 -0.009788462 5.983498 -5.829831 0.6308262 0.858413 -0.6515231 17.82248 nan 0 0.0 0.024459328809348875 8.353991728782415 0.0 0.0
0.03280053 -0.001750236 5.157972 -10.29864 0.3384315 0.3533076 -0.2532739 17.95982 0.7083702 0 0.0 0.032847193096771546 11.51810144956121 0.0 0.0
-0.002088607 -0.01511012 3.935232 -9.726028 0.1022714 0.10854 -0.2829397 15.01217 1.019004 0 0.0 0.015253786599230008 10.491981297667662 0.0 0.0
0.0486285 0.005378411 3.637972 -9.804015 0.1560523 0.1844915 -0.5146146 16.32053 0.9711828 1 0.9998876 0.048925027512868306 10.45722479403637 0.0 0.0
0.03984734 -0.07793766 3.333234 -10.05407 1.365174 1.126066 -0.01787003 20.06377 0.5759716 0 0.0 0.0875333613621184 10.592203380961678 0.0 0.0
0.1189062 0.04962381 3.845666 -9.872478 0.3106949 0.2910538 -0.1666906 17.76498 0.8230305 1 0.9998835 0.12884567092982246 10.595044541862011 0.0 0.0
0.06715123 0.1059349 8.293985 -12.88863 1.913196 2.37361 -0.4568284 20.24507 nan 0 0.0 0.1254252395992246 15.326675127278094 0.0 0.0
-0.04856734 -0.02107199 4.513601 -10.6622 0.3858678 0.4806409 -0.5302517 17.99225 0.6587906 0 0.0 0.05294162140731714 11.578216737788294 0.0 0.0
0.07465882 -0.01257611 3.374236 -10.55733 0.9913922 1.089729 -0.4352366 19.48763 0.6505337 0 0.0 0.07571061977374442 11.08344194339448 0.0 0.0
-0.05352408 -0.04609862 4.230386 -10.09757 0.5130995 0.4801302 -0.09851855 18.85122 0.5995159 0 0.0 0.07063929434635371 10.947926087341656 0.0 0.0
-0.04115669 -0.03370004 7.940279 -12.27989 0.8754715 1.184788 -0.7012907 18.69176 0.6390686 0 0.0 0.053193663417344175 14.623396630398185 0.0 0.0
-0.01640804 -0.08862911 5.377996 -11.94185 0.814659 0.7347153 -0.05374556 19.49857 0.7636852 0 0.0 0.09013513696685493 13.096969970131108 0.0 0.0
0.2690392 -0.03811435 -14.40642 -0.738974 3.295936 3.246757 -0.5384459 20.73456 0.4551048 0 0.0 0.27172558733502167 14.425360300147654 0.0 0.0
0.09771576 -0.02410883 1.957454 -14.92443 2.774715 3.147277 -0.5378249 20.65352 0.5496197 0 0.0 0.10064594098296513 15.052250230015975 0.0 0.0
0.02509987 0.001163813 6.534022 -7.549059 0.786207 0.6950299 -0.2284814 18.03294 0.7536888 0 0.0 0.025126836942119653 9.984074082355608 0.0 0.0
0.1856824 0.1376514 5.018624 -9.431582 0.9751962 0.8840748 -0.08834464 19.634 0.8054123 1 0.996543 0.23114035041878775 10.68369439267616 0.0 0.0
0.0125966 -0.08527997 4.729331 -10.85951 1.376835 1.205275 -0.05410278 20.15385 nan 0 0.0 0.08620526442602505 11.844641368469583 0.0 0.0
-0.1242651 -0.04949877 6.118379 -10.37344 1.284216 1.060071 0.07247176 20.04368 0.392519 0 0.0 0.13376076894786043 12.043372410634863 0.0 0.0
0.06773581 -0.01174983 3.463246 -9.717506 0.5924763 0.5937221 -0.2152286 18.98294 0.5321732 1 0.9997022 0.06874735239545592 10.31620064348072 0.0 0.0
-0.04518285 -0.04847138 4.325646 -10.61624 0.3406325 0.3844852 -0.2671754 17.95877 0.6593056 0 0.0 0.06626435401652159 11.463671534674917 0.0 0.0
0.02847006 -0.01102337 3.942665 -9.660696 0.06466379 0.05682534 -0.05978687 14.73656 0.8928862 1 0.9999738 0.03052964137621829 10.434253902730228 0.0 0.0
0.06207634 0.04278866 6.05944 -12.68249 1.605643 1.839171 -0.3467045 20.04335 nan 0 0.0 0.07539457150479204 14.055688019933424 0.0 0.0
0.07587761 0.0105577 6.989368 -13.29259 2.521945 2.926042 -0.5099646 20.35526 0.2721539 0 0.0 0.07660859435208363 15.018129508947645 0.0 0.0
-0.000258753 -0.07868799 3.990679 -9.661991 0.7946325 0.748884 -0.1760449 19.21112 0.5297565 0 0.0 0.07868841543299183 10.453687816513462 0.0 0.0
-0.04963419 -0.002691073 2.967368 -9.690763 0.8561059 0.9826306 -0.3208143 18.88744 0.5337639 0 0.0 0.04970708893958114 10.134898143030004 0.0 0.0
0.03754133 0.06287774 3.182922 -10.737 0.6966202 0.7188531 -0.1297961 19.12723 nan 0 0.0 0.07323224457625548 11.198846434257593 0.0 0.0
0.008158336 0.04202095 2.224127 -4.900581 1.480023 1.087175 0.1466746 18.95183 nan 0 0.0 0.04280559175144523 5.381675858846387 0.0 0.0
0.2993869 0.02988285 4.736541 -9.76645 1.094342 0.7964872 0.1225323 19.79056 0.7587814 0 0.0 0.3008745596020582 10.854416900376593 0.0 0.0
-0.1534891 0.03976747 5.106947 -9.328491 0.9413492 0.7612703 0.1224371 19.44858 0.7644978 0 0.0 0.15855710482034824 10.634926045717949 0.0 0.0
0.00189132 0.008315218 4.336768 -9.699626 0.0517397 0.05023278 -0.119973 13.26988 1.248333 0 0.0 0.008527598825573584 10.624984763551428 0.0 0.0
-0.06513227 -0.1367967 4.070862 -10.03524 0.5688452 0.4699247 0.08947499 19.00441 0.6419716 0 0.0 0.15151088979424185 10.829494876523281 0.0 0.0
-0.002820695 -0.09671527 4.07155 -9.692727 0.6031757 0.5565082 -0.1279469 19.07021 0.7257595 0 0.0 0.0967563939564509 10.513157284994314 0.0 0.0
0.2548897 0.1369189 -0.4378987 -7.761413 0.6911498 0.5572681 0.1133075 19.28038 1.14559 1 0.0 0.2893363861378309 7.773756301044604 0.0 0.0
0.0493589 0.05386967 3.609467 -7.763546 1.684425 2.087024 -0.5186892 20.04904 0.568306 0 0.0 0.07306327637821138 8.561594391128617 0.0 0.0
-0.04448138 -0.04792972 2.323544 -7.501715 1.27251 1.550479 -0.3920179 19.78122 0.8361359 0 0.0 0.06538999331688909 7.8533167936331845 0.0 0.0
-0.04582115 0.02672752 3.435371 -9.764776 0.6802871 0.6277722 -0.02510713 18.71224 0.6434631 0 0.0 0.053046565512508914 10.3514551748929 0.0 0.0
0.045611 -0.05541555 5.444518 -10.69325 0.895318 0.7831194 -0.03316983 19.58945 0.369009 0 0.0 0.0717721847431336 11.999515482502785 0.0 0.0
0.07055594 0.008574764 5.208553 -11.65252 2.407916 2.756305 -0.5549727 20.40417 0.4763737 0 0.0 0.07107508175823152 12.763629840457181 0.0 0.0
0.08847516 -0.02867104 3.875432 -9.067552 0.7055902 0.7289932 -0.2837408 19.11931 0.5028324 0 0.0 0.09300474435052869 9.86100767971144 0.0 0.0
-0.1120623 0.0009418128 3.689076 -11.21055 0.8189734 0.658026 0.1188826 19.2845 0.6223774 0 0.0 0.11206625760076154 11.801936834108034 0.0 0.0
-0.2798816 0.04001635 5.429397 -13.92646 2.189704 2.697231 -0.5597615 20.40929 0.4479008 0 0.0 0.28272781661145846 14.947395756960777 0.0 0.0
-0.01001806 -0.02066119 3.59357 -9.718103 0.190055 0.2097445 -0.1673748 15.79634 0.9337769 0 0.0 0.022961844402828356 10.361238886518784 0.0 0.0
0.005566078 0.05450167 3.760923 -7.742502 1.326067 1.153873 -0.1151366 19.82568 nan 0 0.0 0.05478515544461825 8.607605882702401 0.0 0.0
0.02092042 0.09708498 3.988486 -9.628552 0.5423131 0.5188351 -0.00371366 18.38762 0.6051674 0 0.0 0.09931342967885462 10.421949634732458 0.0 0.0
-0.01541503 0.09473006 5.052114 -10.68377 1.142995 0.940304 0.0983164 19.84738 0.9573593 0 0.0 0.09597607731880117 11.818070793572698 0.0 0.0
0.0004121789 0.09212193 4.055164 -9.665117 0.1036457 0.09268592 -0.06277226 15.53646 1.027532 0 0.0 0.09212285209637458 10.48135686304903 0.0 0.0
-0.02294786 0.06649141 3.690618 -9.967341 0.5441273 0.4353141 0.2041866 18.46271 0.6203976 0 0.0 0.07033997357383424 10.62866632424807 0.0 0.0
-0.04952657 0.02506871 3.636608 -10.90151 2.065954 1.191392 0.760192 19.27037 0.5098286 0 0.0 0.05550965102600628 11.492077184989839 0.0 0.0
-0.03779677 0.1732741 4.02561 -8.90708 0.8344137 0.7484476 -0.07336269 19.44322 0.7118435 0 0.0 0.17734855385156906 9.774538863726514 0.0 0.0
0.0289711 0.1043447 2.221058 -8.874067 2.171967 2.221771 -0.2823228 20.22453 0.3830128 0 0.0 0.10829192515280167 9.147795568324263 0.0 0.0
-0.02288652 0.08944323 9.472856 -15.72052 1.646356 1.374597 0.00359901 20.24082 0.9223309 0 0.0 0.09232488391838518 18.354011819412563 0.0 0.0
-0.006784799 0.09010111 4.249188 -9.856959 0.1219187 0.1141523 -0.126808 16.20725 1.004029 1 0.9999726 0.09035620355405875 10.733836191549832 0.0 0.0
-0.06875263 0.07597822 2.59151 -7.897429 1.945469 1.6382 -0.03129485 20.40649 1.098652 0 0.0 0.10246762438099802 8.311757268480655 0.0 0.0
-0.07200229 0.03648148 4.447203 -9.96678 0.4981591 0.4146737 0.01157285 18.52221 0.9063148 1 0.9998633 0.08071696320002691 10.913950617975555 0.0 0.0
-0.03407899 0.06492544 0.3063279 -6.733277 1.599819 1.144958 0.1086036 19.88067 0.3987694 0 0.0 0.07332591846416722 6.740241534325563 0.0 0.0
