jas1101finalproject/data/gcs/NGC_6342.ecsv
# %ECSV 0.9
# ---
# datatype:
# - {name: x, unit: deg, datatype: float64}
# - {name: y, unit: deg, datatype: float64}
# - {name: pmx, unit: mas / yr, datatype: float64}
# - {name: pmy, unit: mas / yr, datatype: float64}
# - {name: pmx_e, unit: mas / yr, datatype: float64}
# - {name: pmy_e, unit: mas / yr, datatype: float64}
# - {name: pm_corr, datatype: float64}
# - {name: g_mag, unit: mag, datatype: float64}
# - {name: bp_rp, unit: mag, datatype: float64}
# - {name: filter, datatype: int64}
# - {name: memberprob, datatype: float64}
# - {name: r, unit: deg, datatype: float64}
# - {name: pm, unit: mas / yr, datatype: float64}
# - {name: member_prob_GMM, datatype: float64}
# meta: !!omap
# - comments: [deg deg mas/yr mas/yr mas/yr mas/yr dimless mag   mag   zeroone float]
# - __serialized_columns__:
#     bp_rp:
#       __class__: astropy.units.quantity.Quantity
#       unit: &id001 !astropy.units.Unit {unit: mag}
#       value: !astropy.table.SerializedColumn {name: bp_rp}
#     g_mag:
#       __class__: astropy.units.quantity.Quantity
#       unit: *id001
#       value: !astropy.table.SerializedColumn {name: g_mag}
#     pm:
#       __class__: astropy.units.quantity.Quantity
#       unit: !astropy.units.Unit {unit: mas / yr}
#       value: !astropy.table.SerializedColumn {name: pm}
#     pmx:
#       __class__: astropy.units.quantity.Quantity
#       unit: !astropy.units.Unit {unit: mas / yr}
#       value: !astropy.table.SerializedColumn {name: pmx}
#     pmx_e:
#       __class__: astropy.units.quantity.Quantity
#       unit: !astropy.units.Unit {unit: mas / yr}
#       value: !astropy.table.SerializedColumn {name: pmx_e}
#     pmy:
#       __class__: astropy.units.quantity.Quantity
#       unit: !astropy.units.Unit {unit: mas / yr}
#       value: !astropy.table.SerializedColumn {name: pmy}
#     pmy_e:
#       __class__: astropy.units.quantity.Quantity
#       unit: !astropy.units.Unit {unit: mas / yr}
#       value: !astropy.table.SerializedColumn {name: pmy_e}
#     r:
#       __class__: astropy.units.quantity.Quantity
#       unit: &id002 !astropy.units.Unit {unit: deg}
#       value: !astropy.table.SerializedColumn {name: r}
#     x:
#       __class__: astropy.units.quantity.Quantity
#       unit: *id002
#       value: !astropy.table.SerializedColumn {name: x}
#     y:
#       __class__: astropy.units.quantity.Quantity
#       unit: *id002
#       value: !astropy.table.SerializedColumn {name: y}
# schema: astropy-2.0
x y pmx pmy pmx_e pmy_e pm_corr g_mag bp_rp filter memberprob r pm member_prob_GMM
[from data line 5335]
-0.005528546 0.02541734 -6.081732 -11.64664 3.984588 3.298121 0.0784162 20.69833 nan 0 0.0 0.02601165111156376 13.138937834141084 0.0
0.03199353 0.001620082 -2.944177 -7.118467 0.1125038 0.08215444 0.1759434 16.11727 1.498417 1 0.9947901 0.032034522433581306 7.703294791024033 0.0
0.004249733 0.07031253 -2.760243 -1.500989 2.237508 1.729999 0.554515 20.34138 1.582857 0 0.0 0.07044084117592711 3.1419594836932574 0.0
0.001459017 0.00481997 -3.148874 -7.003184 0.1265941 0.09291307 0.106041 16.15073 1.844757 0 0.0 0.005035954865483704 7.678541111808414 0.0
-0.001847429 -0.003101253 -8.059022 -2.93185 1.700526 1.026465 0.03853061 18.73721 nan 0 0.0 0.003609814964793902 8.575755361423507 0.0
0.04206533 0.03468928 1.019032 -1.208053 0.4422968 0.2849236 0.3721964 18.21267 1.434797 1 0.0 0.0545237391869569 1.5804487552062547 0.0
0.03487713 0.0404798 -0.414511 -2.355645 2.086707 1.627499 0.5524597 20.23997 1.512598 0 0.0 0.05343246583376908 2.39183668655408 0.0
0.01759235 0.03401861 -0.8921665 -5.899242 0.5677248 0.4742004 0.5388266 18.65469 1.654606 1 0.03672088 0.038298258509423116 5.966323594835119 0.0
0.009398159 0.06412679 -4.544719 -3.996262 2.173151 1.722015 0.5838601 20.28093 1.175219 0 0.0 0.06481180901883067 6.051824581199045 0.0
0.01830962 0.01930525 -1.793474 -4.923585 0.3549268 0.262855 0.2454229 18.1242 1.614645 1 0.0 0.02660704534718013 5.240060900495433 1.0
0.002206584 0.00497255 -3.078566 -7.062416 0.372225 0.3059501 0.1062894 17.65829 1.638874 0 0.0 0.0054401531643471215 7.704238338305221 0.0
0.01876696 -0.00424293 -5.610643 -1.272744 0.1909459 0.142407 -0.006791785 16.92559 1.754678 1 0.0 0.019240614403560504 5.753189738135272 0.0
0.01388123 0.01804875 -2.401458 -5.189714 2.351435 2.041496 0.08436294 20.16769 nan 0 0.0 0.02276940760923305 5.718402917560112 0.0
0.03294278 0.003758029 -7.069159 -8.028884 1.658773 1.29008 0.46811 20.01451 nan 0 0.0 0.033156440341104786 10.697475742096216 0.0
-0.001186151 -0.003532307 -1.2081 -5.725825 0.7538152 0.7090194 0.8207293 17.79032 nan 0 0.0 0.003726143708588009 5.85188666505299 0.0
0.01411565 0.06805558 -2.643428 -6.688974 2.045882 1.56381 0.6215054 20.24175 1.211967 0 0.0 0.06950405415555916 7.192362947172508 0.0
0.04356653 0.05615227 -4.946287 -5.444463 0.6502849 0.4944552 0.2256011 18.81518 1.363504 0 0.0 0.07107123160881483 7.355809435047784 0.0
0.02754274 0.03529705 -2.470805 -7.556783 2.272129 1.725002 0.5907266 20.43558 -0.1014252 0 0.0 0.04477146709021383 7.950462040480037 0.0
0.0183674 0.02166272 -0.6912417 -6.394954 1.064364 0.8777508 0.4412332 19.38815 1.157877 0 0.0 0.02840131723280454 6.432204268362044 0.0
0.01066155 0.03107237 -0.6775376 0.2765255 1.413633 1.121485 0.502657 19.84772 1.124157 0 0.0 0.03285058334062578 0.731794746881945 0.0
0.04557993 0.05646833 -1.166161 0.4662899 0.6914619 0.5412732 0.4988818 19.02972 1.296812 0 0.0 0.07256860417421435 1.2559290381080495 0.0
0.01419752 0.01787897 -2.420448 -5.685657 1.128707 0.9898774 0.3980049 19.32502 1.286062 0 0.0 0.022830399523689898 6.179422630177758 0.0
0.07995955 0.0174077 -0.1715775 -16.23507 2.192956 1.641994 0.6508802 20.25875 0.7223854 0 0.0 0.08183249755135487 16.23597661809742 0.0
0.01040025 -0.007465592 -0.5706838 -7.658948 0.3069172 0.2008743 0.2836799 17.00079 1.802617 1 0.0 0.012802353845014752 7.68017997616504 0.0
0.0387336 0.05208704 -5.253842 -3.161603 1.386397 1.129974 0.6090975 19.83782 1.576475 0 0.0 0.06491033434609315 6.131768854953112 0.0
0.05070237 0.06558393 0.3966753 -4.920207 2.489545 2.091041 0.1469247 20.35314 1.250582 0 0.0 0.08289741972981908 4.93617141279343 0.0
0.04085989 0.04414241 -4.240815 -5.471691 2.140674 1.732191 0.3178108 20.23263 nan 0 0.0 0.060150502669721724 6.922710037529089 0.0
0.02380285 0.02614237 -2.909589 -4.610434 0.4641052 0.3328072 0.2872232 18.58928 1.353155 1 0.0 0.03535532742514769 5.451771255039686 0.0
0.003385503 0.008094859 -1.821882 -8.720548 0.7254042 0.9480262 -0.8513018 17.52979 nan 0 0.0 0.00877430184076716 8.908827725477018 0.0
0.01862291 -0.006855981 -3.013423 -7.242295 0.2535968 0.2333212 0.2150128 17.33706 1.696709 1 0.9870256 0.019844829360326104 7.844205188797269 0.0
0.06356513 0.006686169 -4.714606 -3.434786 1.803939 1.247319 0.3561083 20.12275 1.306561 0 0.0 0.06391580874723765 5.833117914206089 0.0
0.0005964095 -0.003892793 -3.100029 -7.117609 0.1186028 0.1008825 0.356703 15.65727 1.720954 0 0.0 0.003938215539116574 7.763410183529015 0.0
-0.009497825 0.04116422 -4.37737 -6.443715 0.9638253 0.7380064 0.1178428 19.45681 1.613495 1 0.3879796 0.0422457298189891 7.789918556578432 0.0
-0.0132653 0.0417724 -2.871031 -6.5673 1.587592 1.494766 0.3139001 19.79865 nan 0 0.0 0.043828091286867606 7.167443637236431 0.0
-0.002624581 0.05049332 -2.748708 -4.964414 1.087248 0.8015581 0.2844917 19.70564 1.622797 1 0.04434243 0.050561485243690786 5.674575053046703 0.0
0.002810857 0.03196915 -3.456683 -7.633789 0.1453775 0.108922 -0.0176051 16.51087 2.08199 1 0.003352097 0.03209248305751596 8.379939848173732 0.0
0.06412193 0.03307793 -2.10065 -2.984942 0.2374629 0.2078431 0.4288953 17.30799 1.489094 1 0.0 0.0721510315935247 3.650014954197311 0.0
0.04731464 -0.01085012 -4.742895 -5.850148 0.4808372 0.3331016 0.3017897 18.58534 1.162243 1 0.0 0.048542767353582136 7.531220658228585 0.0
0.01986858 0.06950837 -6.435723 -5.217237 1.659898 1.331301 0.5233704 20.11006 1.434847 0 0.0 0.07229228154701788 8.284810948168824 0.0
0.07785168 -0.0007663941 -16.70323 -23.41409 3.346972 2.451077 0.6705619 20.50251 nan 0 0.0 0.07785545220945618 28.76138909998959 0.0
0.0214158 0.02399504 -3.16491 -9.080704 1.125071 0.9280767 0.561346 19.38238 1.177416 0 0.0 0.032162065142673904 9.616435953289347 0.0
0.02178966 0.02423722 -4.706536 -7.874352 1.509677 1.268005 0.2623341 19.86088 nan 0 0.0 0.0325919026177362 9.173707022747129 0.0
-0.03411615 0.04419929 -4.465548 -5.905197 0.8776967 0.7101359 0.2545015 19.16146 1.268044 0 0.0 0.05583447794442606 7.4035444585085735 0.0
0.03501935 0.03323566 -4.521995 -1.11539 0.4985946 0.3656501 0.202584 18.49279 1.228136 0 0.0 0.04828005768490858 4.6575244102554105 0.0
0.0492555 0.03704282 -4.25122 -3.785222 0.1895662 0.1351533 0.2025044 17.00995 1.682806 1 0.0 0.06163014517103135 5.692168047210482 0.0
0.01077378 -0.01082636 -4.921985 -1.444463 0.4834458 0.4321595 0.367802 17.48425 1.518137 0 0.0 0.015273650720701977 5.129562330120768 0.0
-0.003746203 0.04865652 -3.419572 -7.638027 0.7818543 0.5703146 0.000689808 19.04864 1.714064 0 0.0 0.0488005222864224 8.368567925034307 0.0
0.03389809 0.03459584 -0.9336353 -9.986791 0.423262 0.3024588 0.2244612 18.52254 1.353109 1 0.0 0.04843503536649581 10.03033744951221 0.0
0.004851621 -0.001472439 -1.943442 -6.556805 0.9755834 0.7855451 0.5667775 16.79016 nan 0 0.0 0.00507013835475542 6.838761482563125 0.0
0.05213014 0.03336455 -3.639903 -5.768198 0.5483671 0.4569232 0.8029777 17.78453 1.575268 0 0.0 0.0618930100505873 6.8206306172239675 0.0
0.004566172 0.07148745 -1.989038 -2.777504 1.677199 1.373226 0.5531735 20.04194 1.355532 0 0.0 0.07163313084206276 3.416255352789074 0.0
0.05596198 0.05381385 -3.178098 -4.95342 1.164458 0.9891545 0.2632569 19.32189 nan 0 0.0 0.07763809411199442 5.885293246220106 0.0
0.006288826 -0.01078607 -0.1348444 -5.830146 0.5406674 0.3732374 0.5689536 17.93518 1.497581 0 0.0 0.01248553717319267 5.831705187466815 0.0
0.005687831 0.06718253 -0.3221393 -3.784283 2.272438 1.727126 0.6292392 20.34248 1.050301 0 0.0 0.06742287266711099 3.7979693985988736 0.0
0.05711794 -0.01180507 -1.976117 -4.457728 0.5792324 0.4425197 0.3579937 17.06826 1.580841 0 0.0 0.05832511249494937 4.8761026773103335 0.0
-0.002825067 0.002645575 -1.319103 -6.72659 0.3014786 0.2115892 0.3125387 16.50443 1.631072 0 0.0 0.0038704096211013635 6.8547097497055995 0.0
0.02626936 -0.01392568 -3.034038 -7.276204 0.1922891 0.142754 0.01278262 16.87528 1.759945 1 0.9832593 0.0297322020420957 7.883433974801843 0.0
0.0416681 0.05552526 -6.744486 -1.588664 0.8592455 0.7257487 0.5626231 19.19248 1.298288 0 0.0 0.06942107068950752 6.929065211779436 0.0
0.0531289 0.009844705 -3.65985 -6.334636 1.549491 1.277618 0.5826022 19.74686 1.025288 0 0.0 0.05403330668899531 7.315881032042279 0.0
0.02670302 0.0006902602 -3.948621 -6.611114 1.496061 1.25246 -0.1269541 19.59645 nan 0 0.0 0.026711939956957528 7.700547780686579 0.0
0.05414933 0.05173927 -6.368443 -4.859977 1.687969 1.303715 0.6396253 19.936 1.162838 0 0.0 0.07489393833670252 8.011020077666638 0.0
0.03203065 0.04377438 -1.887716 -2.858722 2.435241 2.042963 0.3137671 20.37207 nan 0 0.0 0.054241671100795745 3.425750015681238 0.0
0.01814248 0.06726553 -1.733989 -8.624664 1.181345 0.9674585 0.6085479 19.54069 1.492022 0 0.0 0.06966922639681956 8.797246555884232 0.0
0.08124532 0.001148815 -0.2780777 -4.10702 1.992284 1.442793 0.352982 19.98579 0.7158794 0 0.0 0.08125344175975947 4.116423263907308 0.0
0.04618481 0.05955234 0.7302467 -2.851855 0.5810845 0.4254891 0.3215327 18.85394 1.710115 0 0.0 0.07536257608529381 2.9438643283762063 0.0
0.05126462 0.02458721 -0.5289334 -4.226431 1.565004 1.248347 0.5124696 19.9954 1.186983 0 0.0 0.05685588939879931 4.259400138446324 0.0
0.04066118 0.05448792 -3.531534 -6.033227 0.1345073 0.09967538 0.2076891 16.45834 1.594872 1 0.0 0.0679872413392307 6.990819724945352 0.0
-0.001933756 0.003028965 -2.588755 -6.66139 0.1729822 0.1269604 0.134499 16.81629 nan 0 0.0 0.003593611169667776 7.146731363506327 0.0
-0.02764237 0.02735674 2.666906 -2.073304 0.6466976 0.4741014 0.1839221 18.97972 1.495945 0 0.0 0.03889076809018434 3.3780137787244144 0.0
0.05973068 0.0564618 -5.615069 -6.231605 2.713123 2.20036 0.3290662 20.50631 1.249472 1 0.03995137 0.08219299843966273 8.388200090054243 0.0
0.06828109 0.007847721 -6.28011 -5.562787 2.68149 2.074212 0.4328131 20.42749 1.365557 0 0.0 0.06873058981619422 8.389539964710162 0.0
0.0001076702 0.03600703 -3.871088 -7.125341 0.6874654 0.4787552 0.1127675 18.93407 1.651703 0 0.0 0.036007190980314865 8.108995416821063 0.0
0.08127704 0.007031063 -7.765093 -5.621181 0.5730678 0.4754597 0.4921407 17.70456 1.185091 0 0.0 0.08158059253322182 9.586153823792419 0.0
0.02021362 0.06850888 -1.765553 -2.98244 1.404321 1.129469 0.499399 19.90291 1.297611 0 0.0 0.07142868522070667 3.4658513743969173 0.0
0.001775835 0.0539895 -3.632085 -6.633011 0.2976373 0.2041101 0.1422275 18.0225 1.831001 1 0.1082239 0.05401869769068138 7.562332733578046 0.0
0.04966363 0.05496795 -1.942476 -4.002303 2.600411 1.95201 0.6326539 20.52426 0.8606167 0 0.0 0.07408071052561119 4.448779868052027 0.0
0.02023624 0.01947477 -8.303437 -6.318462 2.387649 1.877684 0.3601533 20.32688 0.786396 0 0.0 0.028085086360744912 10.434080125167386 0.0
-0.00771335 0.01152031 -2.527459 -6.708487 0.2791601 0.2470303 0.3859653 17.51571 1.860106 0 0.0 0.013864101511407078 7.168810698145823 0.0
0.05464041 0.05807913 -0.9344217 -0.8968448 2.001356 1.597996 0.536798 20.18278 0.1199722 0 0.0 0.07974183184831535 1.2951735438611809 0.0
-0.02922366 0.02560361 0.3298692 0.4708476 0.7488 0.5182124 0.03374124 19.07282 1.583475 1 0.0 0.03885314850597954 0.5749009928104142 0.0
-0.03374143 0.04015579 -5.712476 -3.091344 1.371167 0.9693037 0.4478608 19.69291 1.444321 0 0.0 0.05244970513710254 6.495289814697416 0.0
0.02544434 0.0412159 -2.432012 -8.294733 0.5463334 0.393421 0.244532 18.77997 1.246023 0 0.0 0.04843722587892085 8.643915658394233 0.0
0.03317308 0.005136994 -0.7617488 -0.8258064 0.7103967 0.5582442 0.4585096 19.04641 1.2519 1 0.0 0.03356846651311966 1.1234845101657611 0.0
-0.001502594 0.0159112 -0.9817242 -4.945614 0.522853 0.3458882 -0.3734262 18.02251 1.461285 1 0.0 0.015981992183981195 5.042110693138504 0.0
0.06176822 0.0445897 -1.622718 -2.706695 0.7346061 0.5600246 0.6120869 18.89872 1.235161 1 0.0 0.0761810629228708 3.155853534394301 0.0
0.02050248 0.07817146 1.662176 -4.298738 2.082071 1.607474 0.5624969 20.01833 1.278877 0 0.0 0.08081539979906058 4.6089019785215655 0.0
-0.0229273 0.03437652 -2.35305 -7.666926 1.486411 1.1061 -0.05119547 19.97796 1.099758 0 0.0 0.04132077216849172 8.019887691980232 0.0
0.03475277 -0.002748318 -5.798637 -4.846843 1.083873 0.8602551 0.5626155 19.48034 1.170404 0 0.0 0.03486127184286345 7.557517987038999 0.0
-0.02410644 0.03487036 -6.001492 -1.95282 0.5944233 0.4211544 0.05138755 18.73403 1.412781 0 0.0 0.042391773447252715 6.311213209713644 0.0
-0.005930599 0.01093101 -3.374343 -7.32111 0.4432827 0.3939824 0.4055255 17.86388 1.731962 0 0.0 0.012436196529441829 8.061317653693408 0.0
0.0339549 0.0312389 4.957494 -3.8564 0.9906738 0.6231935 -0.5074032 18.7096 1.554417 0 0.0 0.046138965172834126 6.280809479679828 0.0
0.08007277 0.0137894 1.777349 -0.2161542 0.5430603 0.4131325 0.07795927 18.58681 1.362553 0 0.0 0.08125143720472211 1.7904446671088834 0.0
0.02940597 0.002255723 -3.790946 -6.552677 1.45889 1.219671 0.5228346 19.8972 0.8611984 0 0.0 0.02949236100914318 7.570260724786499 0.0
0.05471887 0.0349754 -2.689357 -0.26036 0.3366412 0.2811492 0.5641506 17.75436 0.9233055 1 0.0 0.06494176883360123 2.7019304955992114 0.0
0.001229379 0.05501947 -1.226649 -1.168602 0.4727738 0.3340133 0.2811164 18.61209 1.61199 1 0.0 0.05503320317596043 1.694195503359928 0.0
-0.02600526 0.03980056 -5.128813 -5.916851 0.9605018 0.7471699 0.02565636 19.31155 1.374271 0 0.0 0.04754322374409627 7.8303159926767965 0.0
-0.03376833 0.03126373 -1.269871 -7.377001 1.316883 0.9520126 0.01755566 19.72749 0.9931717 0 0.0 0.04601870189935609 7.485500391466291 0.0
0.01445778 0.03421538 -5.139556 -13.72015 1.13475 0.8383868 0.1868894 16.93165 1.589628 0 0.0 0.03714457741141767 14.651196261726755 0.0
0.0270589 0.06542941 -4.51158 -3.632684 1.623283 1.31204 0.5627218 19.99365 1.350016 0 0.0 0.07080389651818676 5.792300677645801 0.0
-0.001732942 0.04498491 -5.483277 -5.638588 3.160588 2.683493 0.2091326 20.5007 1.796604 0 0.0 0.04501827646282634 7.86511292305921 0.0
-0.005788947 0.06990241 -4.266706 -4.638632 1.30197 0.9279331 0.3108632 19.99654 1.776518 0 0.0 0.07014170536262224 6.302514333332373 0.0
0.02756342 -0.01189648 -2.23645 -6.839468 0.4808833 0.3501225 -0.03596118 18.54833 1.529757 1 0.8647692 0.030021131865517664 7.195834289748757 0.0
-0.02781904 0.05131301 -2.634691 -15.82554 0.7535093 0.5630305 0.24421 19.17842 1.503435 1 0.0 0.05836886140556195 16.043357284467643 0.0
0.02703007 0.0650613 -0.7923165 -6.761255 2.203849 1.639857 0.5728491 20.21365 nan 0 0.0 0.07045280293852686 6.8075204451545535 0.0
0.06126892 0.01723088 1.357664 -4.238972 0.625879 0.4626504 0.2487081 18.88326 1.067745 0 0.0 0.06364576799395856 4.451082469880782 0.0
-0.02304467 0.05073202 0.1474318 -0.761918 0.1780425 0.1275915 -0.07515685 16.92995 1.722166 1 0.0 0.055720684388199146 0.7760510127402966 0.0
0.007929016 0.018814 -3.507182 -6.877556 0.6793324 0.5049329 0.04171869 18.87843 1.695065 0 0.0 0.02041655922843651 7.720175005416652 0.0
0.04360938 0.001916809 0.8991413 -3.761787 2.15341 1.792119 0.5461955 19.99832 1.460472 0 0.0 0.043651485435513886 3.8677508335898128 0.0
0.01813874 0.033927 -5.154256 -9.182584 3.363029 2.951524 0.1814723 20.72532 nan 0 0.0 0.03847148577567027 10.530251840796211 0.0
-0.003054993 -0.002136153 -2.81269 -7.157227 0.1851064 0.1360213 0.1533339 16.28795 1.670573 0 0.0 0.003727751583657098 7.690066538439638 0.0
-0.01275049 0.07792621 -6.958243 -2.648999 3.242361 2.503195 0.4147507 20.58025 1.754723 0 0.0 0.0789624543704424 7.445424188657756 0.0
-0.01438881 0.06315367 -4.030535 -9.957795 1.193812 0.9109228 0.1425701 19.7696 1.723108 0 0.0 0.06477209188906129 10.742573883769664 0.0
0.08107987 0.01518317 1.975002 -3.317212 1.666658 1.349228 0.6096187 19.95921 nan 0 0.0 0.08248923548236946 3.8606383349062887 0.0
-0.02986034 0.04741784 -3.27544 -2.082696 0.1587679 0.113418 -0.002688956 16.77801 1.641425 1 0.0 0.056036518942393275 3.8815112806761234 0.0
0.07682047 0.007290743 -2.521823 -2.927012 3.337802 2.745307 0.5172043 20.5956 nan 0 0.0 0.07716566298887705 3.8635463620193558 0.0
