jas1101finalproject/data/gcs/NGC_6304.ecsv
# %ECSV 0.9
# ---
# datatype:
# - {name: x, unit: deg, datatype: float64}
# - {name: y, unit: deg, datatype: float64}
# - {name: pmx, unit: mas / yr, datatype: float64}
# - {name: pmy, unit: mas / yr, datatype: float64}
# - {name: pmx_e, unit: mas / yr, datatype: float64}
# - {name: pmy_e, unit: mas / yr, datatype: float64}
# - {name: pm_corr, datatype: float64}
# - {name: g_mag, unit: mag, datatype: float64}
# - {name: bp_rp, unit: mag, datatype: float64}
# - {name: filter, datatype: int64}
# - {name: memberprob, datatype: float64}
# - {name: r, unit: deg, datatype: float64}
# - {name: pm, unit: mas / yr, datatype: float64}
# - {name: member_prob_GMM, datatype: float64}
# meta: !!omap
# - comments: [deg deg mas/yr mas/yr mas/yr mas/yr dimless mag   mag   zeroone float]
# - __serialized_columns__:
#     bp_rp:
#       __class__: astropy.units.quantity.Quantity
#       unit: &id001 !astropy.units.Unit {unit: mag}
#       value: !astropy.table.SerializedColumn {name: bp_rp}
#     g_mag:
#       __class__: astropy.units.quantity.Quantity
#       unit: *id001
#       value: !astropy.table.SerializedColumn {name: g_mag}
#     pm:
#       __class__: astropy.units.quantity.Quantity
#       unit: !astropy.units.Unit {unit: mas / yr}
#       value: !astropy.table.SerializedColumn {name: pm}
#     pmx:
#       __class__: astropy.units.quantity.Quantity
#       unit: !astropy.units.Unit {unit: mas / yr}
#       value: !astropy.table.SerializedColumn {name: pmx}
#     pmx_e:
#       __class__: astropy.units.quantity.Quantity
#       unit: !astropy.units.Unit {unit: mas / yr}
#       value: !astropy.table.SerializedColumn {name: pmx_e}
#     pmy:
#       __class__: astropy.units.quantity.Quantity
#       unit: !astropy.units.Unit {unit: mas / yr}
#       value: !astropy.table.SerializedColumn {name: pmy}
#     pmy_e:
#       __class__: astropy.units.quantity.Quantity
#       unit: !astropy.units.Unit {unit: mas / yr}
#       value: !astropy.table.SerializedColumn {name: pmy_e}
#     r:
#       __class__: astropy.units.quantity.Quantity
#       unit: &id002 !astropy.units.Unit {unit: deg}
#       value: !astropy.table.SerializedColumn {name: r}
#     x:
#       __class__: astropy.units.quantity.Quantity
#       unit: *id002
#       value: !astropy.table.SerializedColumn {name: x}
#     y:
#       __class__: astropy.units.quantity.Quantity
#       unit: *id002
#       value: !astropy.table.SerializedColumn {name: y}
# schema: astropy-2.0
x y pmx pmy pmx_e pmy_e pm_corr g_mag bp_rp filter memberprob r pm member_prob_GMM
-0.01332606 -0.0781925 -7.423087 -8.361589 0.5918688 0.3854482 0.3629895 18.9297 1.502714 0 0.0 0.07931992770655807 11.181162337364126 0.0
-0.01170609 -0.0815397 -11.99061 -6.994544 2.615738 1.674474 0.7828196 20.02889 0.750658 0 0.0 0.08237569556111864 13.88158398526753 0.0
-0.0151856 -0.07160097 -3.909906 -4.140135 1.092392 0.6918787 0.4999255 19.42229 nan 0 0.0 0.07319358819118583 5.694566071884758 0.0
-0.01507949 -0.07093148 -7.56797 -7.817435 1.55863 1.014399 0.7088479 19.62672 nan 0 0.0 0.07251665928357774 10.880554209236081 0.0
-0.02288499 -0.07504327 -8.242082 -5.69738 1.485132 0.8798313 0.3844146 19.79298 nan 0 0.0 0.07845517917634882 10.0195835521804 0.0
-0.01653998 -0.0702813 -5.29479 -1.870269 1.009259 0.6371148 0.5131889 19.3193 1.603447 0 0.0 0.07220133009917754 5.615399119961198 0.0
-0.01337992 -0.07245902 -0.8578435 -4.489518 1.208103 0.8002244 0.5534722 19.60869 1.535719 0 0.0 0.07368399988170295 4.570740349529412 0.0
-0.01651229 -0.07727363 -8.168999 -6.566593 1.527119 0.9827348 0.5775066 19.70307 1.493698 0 0.0 0.07901816002933122 10.481063318654744 0.0
-0.008839461 -0.07306888 -2.912099 -1.457799 0.9413015 0.6011057 0.5286241 19.29796 1.515911 0 0.0 0.07360161204229783 3.256608436733222 0.0
-0.008759642 -0.07495142 -0.4278554 -3.946145 1.502904 0.9495005 0.4386972 19.82719 nan 0 0.0 0.0754615576832639 3.969272049675376 0.0
-0.02099903 -0.07897391 -11.21173 -6.913536 0.8163761 0.5148748 0.5267537 19.11551 1.169447 0 0.0 0.08171803792082259 13.171934923017043 0.0
-0.01969883 -0.07500636 -9.434255 -10.83212 2.275448 1.536825 0.6511864 19.67935 1.326086 0 0.0 0.07754997062422718 14.364539362590957 0.0
-0.002652688 -0.0795516 18.16005 8.726319 2.008214 1.294596 0.5129626 19.8165 1.237597 0 0.0 0.07959581531830265 20.147854955112738 0.0
-0.009609135 -0.07656702 -4.964742 -5.234757 1.714859 1.009128 0.3805322 19.84979 1.416613 0 0.0 0.07716763587883604 7.214661736742271 0.0
-0.005652999 -0.077158 -0.2102146 -7.738077 0.6873159 0.4296093 0.4259924 18.4582 1.552322 0 0.0 0.07736480699707071 7.740931845455181 0.0
-0.01367169 -0.0747269 -1.997061 -6.250489 0.4433675 0.2782294 0.3476968 18.13515 1.449879 0 0.0 0.0759672606526397 6.561773036065938 0.0
-0.009052027 -0.07139425 -9.286206 -10.53076 1.873865 1.528601 0.3911262 19.88426 nan 0 0.0 0.07196581220184504 14.040317946971003 0.0
-0.006555744 -0.07692536 -3.702675 -5.99941 0.9732305 0.6338229 0.4918881 19.25666 1.465586 0 0.0 0.0772042018968083 7.050015780388367 0.0
-0.006529026 -0.079506 -0.04518431 -2.844497 0.8889232 0.5916119 0.5626058 19.21852 1.750309 0 0.0 0.07977363108514414 2.844855849578178 0.0
-0.0159544 -0.07932203 -5.407839 -9.156354 2.45686 1.652337 0.8409536 19.7397 1.499842 0 0.0 0.08091061316465782 10.63407453534331 0.0
-0.006874035 -0.08163462 -3.115229 -0.8777488 0.3831364 0.2474104 0.4029884 17.90707 1.814396 0 0.0 0.08192352250560046 3.2365250931118146 0.0
-0.01422887 -0.07759563 -6.949389 -7.396967 0.5919462 0.3773099 0.3383938 18.85246 1.712467 0 0.0 0.07888943235043462 10.149341272831947 0.0
-0.0001835098 -0.08254991 -5.777424 -2.583208 2.213274 1.755988 0.3966059 20.17266 1.664991 0 0.0 0.08255011397239133 6.328632683845698 0.0
-0.01866307 -0.07637946 1.969094 -2.59446 1.637065 1.063067 0.4631957 19.50679 1.537245 0 0.0 0.07862653554441082 3.2570775048248395 0.0
-0.01351217 -0.07630807 -3.205089 -5.703141 0.6392829 0.4259009 0.3050877 19.00425 1.574839 0 0.0 0.07749516297959377 6.542049584327682 0.0
-0.007564414 -0.080475 -1.020808 -6.397944 1.218111 0.7797806 0.4368401 19.35899 1.767685 0 0.0 0.08082973452983375 6.478868450586106 0.0
-0.007485304 -0.07317558 -4.910118 -6.444832 0.9516698 0.6147833 0.4790636 19.39953 1.37991 0 0.0 0.07355742847808654 8.10216750518946 0.0
-0.003873979 -0.08007044 -2.62918 -4.453707 1.055146 0.6977089 0.3796706 19.52423 1.282343 0 0.0 0.08016410091235379 5.1718559061761376 0.0
-0.008202068 -0.0748789 -5.734695 -9.728519 0.6928534 0.4253905 0.3505661 18.72726 1.567257 0 0.0 0.07532677866925297 11.292953939354664 0.0
-0.02097254 -0.07868398 6.36238 4.743701 1.003944 0.6423042 0.4716702 19.31757 nan 0 0.0 0.08143105146497864 7.9361564023021245 0.0
-0.006688106 -0.08286103 -3.269682 -1.002438 0.8978609 0.6013317 0.3893161 19.36869 1.770109 0 0.0 0.08313050616066364 3.4198979992052396 0.0
-0.005573107 -0.08149912 -1.72853 -4.72919 0.9091354 0.5842942 0.4562159 19.13487 nan 0 0.0 0.08168944902744692 5.035181627012078 0.0
-0.01927356 -0.07736948 2.306291 -3.758066 1.740279 1.001648 0.3883082 19.87505 1.373501 0 0.0 0.07973397362820944 4.4093126717252655 0.0
-0.01903569 -0.0715692 -9.062054 -6.636276 1.220547 0.8025758 0.5868608 19.52806 nan 0 0.0 0.0740574633809186 11.232140572797867 0.0
-0.01776116 -0.07166052 -2.874552 0.08773845 1.400354 0.7912477 0.6936884 19.4785 1.119158 0 0.0 0.07382878118468435 2.875890685737621 0.0
-0.01120203 -0.07811214 -4.456333 1.280568 2.418483 1.570473 0.6185278 19.85877 1.528122 0 0.0 0.07891129128014887 4.6366753401023235 0.0
-0.01712319 -0.07591952 -1.285376 -5.927901 1.014616 0.6714572 0.417211 19.49796 1.110184 0 0.0 0.07782658384386726 6.065657567583007 0.0
-0.01691159 -0.07102332 -3.653492 -8.66092 1.450002 0.8813519 0.3663692 19.8196 1.174847 0 0.0 0.07300899848751864 9.399975480843768 0.0
-0.01818502 -0.07709653 -0.825409 -5.15394 1.256248 0.8085693 0.481515 19.55878 1.128782 0 0.0 0.07921218271479015 5.219616608610349 0.0
-0.0130617 -0.06933856 -6.056976 -7.664289 0.09598773 0.06018754 0.2643006 15.47923 2.063491 1 0.0 0.07055808890384999 9.76874015111964 0.0
-0.01839772 -0.07548868 3.165824 -3.571395 1.811665 1.19009 0.2716734 19.86031 nan 0 0.0 0.07769824263997739 4.772557369482425 0.0
-0.01807809 -0.0811687 -8.344703 -2.229083 1.37316 0.9244225 0.4826299 19.64473 1.576288 0 0.0 0.08315753241732284 8.63729582560989 0.0
-0.001218955 -0.08121096 -2.135269 -2.93921 1.899969 1.076764 0.5282217 19.73286 1.577316 0 0.0 0.08122010758065779 3.6329504712369807 0.0
-0.009874184 -0.08128773 -9.220948 -5.363801 1.132585 0.7687811 0.3975744 19.59774 1.41613 0 0.0 0.08188525238538841 10.667532197575266 0.0
-0.01784021 -0.07510139 -6.962349 -2.566555 1.076 0.6861309 0.5186753 19.41071 1.41465 0 0.0 0.07719126811224311 7.420344208042239 0.0
-0.01077701 -0.08001562 -2.646238 -3.158923 1.082538 0.7327005 0.3998013 19.49097 nan 0 0.0 0.08073811608233436 4.120845795777003 0.0
-0.01069816 -0.07243391 -5.619592 -7.057121 1.668807 1.069037 0.7109975 19.40759 1.552406 0 0.0 0.07321968277228262 9.021239995427736 0.0
-0.02288485 -0.07568986 0.4040741 -2.569068 1.152056 0.7083489 0.6402958 19.5408 nan 0 0.0 0.07907383427115508 2.6006511236447714 0.0
-0.01555582 -0.08141624 -5.591013 -3.447117 0.9152635 0.6145836 0.5441461 19.19534 1.457289 0 0.0 0.08288900814709993 6.568260194134973 0.0
-0.01300795 -0.07433962 -1.329462 0.1032158 0.3866117 0.2351235 0.3713309 18.06689 1.399734 0 0.0 0.07546910536734154 1.3334626769481177 0.0
-0.01998998 -0.07965653 -0.1167127 -1.408471 1.319369 0.8364716 0.5245216 19.56096 1.54644 0 0.0 0.08212650042490122 1.4132984158281259 0.0
-0.02022995 -0.07456778 1.18519 0.7618818 1.832514 1.15179 0.7781608 19.70365 1.575441 0 0.0 0.07726321693490959 1.4089496844356224 0.0
-0.006210719 -0.07469756 -5.531392 -7.849246 1.536516 1.123859 0.4873716 19.50892 nan 0 0.0 0.07495531002170934 9.602445533622152 0.0
-0.01598207 -0.07220954 -1.019949 -0.06591341 1.103104 0.6907265 0.6065285 19.45363 nan 0 0.0 0.0739570431297554 1.0220765823649558 0.0
-0.006051003 -0.08149342 2.029694 -3.201135 0.5567728 0.3428547 0.3832595 18.54319 1.270624 0 0.0 0.08171775902827003 3.7903724120277413 0.0
-0.01547667 -0.07814894 -13.59544 -11.60554 1.514362 1.165734 0.3744692 19.91704 1.60885 0 0.0 0.07966670658068212 17.875249578263233 0.0
-0.02023025 -0.07306097 1.229519 -0.06054254 0.6964894 0.446924 0.4895525 18.84103 nan 0 0.0 0.07581008080989889 1.2310086801118227 0.0
-0.01391106 -0.07178389 -0.3963958 -6.797932 1.399694 0.9298069 0.5364783 19.30584 1.44838 0 0.0 0.07311938493898659 6.809479356520706 0.0
-0.005467012 -0.07958604 -1.675192 -0.314445 0.245214 0.1644131 0.3287287 17.57346 1.897188 0 0.0 0.07977359201571498 1.7044482670028445 0.0
-0.001829593 -0.08161914 -2.16817 -6.548102 1.089882 0.7308289 0.5311247 19.42365 1.26734 0 0.0 0.08163964370871084 6.897724331350449 0.0
-0.007378616 -0.07976355 1.064005 -5.322504 1.456547 0.9516763 0.5120017 19.89406 nan 0 0.0 0.08010410652817967 5.4278131388286575 0.0
-0.01784086 -0.07144691 -3.440901 -0.7244684 1.639905 0.9819154 0.8162473 19.27139 1.417122 0 0.0 0.07364073080902783 3.5163410179332097 0.0
-0.01452224 -0.06845566 2.450257 -0.0009090394 1.303092 0.8135394 0.5629766 19.59254 1.592445 0 0.0 0.069979088595474 2.4502571686256998 0.0
-0.01300733 -0.07916712 -4.526364 -1.551369 1.068104 0.6833097 0.4813032 19.56768 1.304148 0 0.0 0.08022857048971581 4.784842404369971 0.0
-0.01521256 -0.06887919 -4.596385 -2.181065 0.5857291 0.3632476 0.3943845 18.69397 1.214779 0 0.0 0.07053910119082679 5.087612367550224 0.0
-0.01430967 -0.06949513 -5.630715 -3.224463 1.437278 0.9496752 0.551649 19.82555 1.361717 0 0.0 0.07095308132298273 6.488614108543827 0.0
-0.01404266 -0.08013428 -6.536951 -8.21634 0.2190288 0.1529903 0.4073413 17.21076 1.667639 1 0.0 0.08135538784244102 10.499522435425385 0.0
-0.00655593 -0.07406052 -5.676576 -4.711183 0.6445361 0.3976326 0.3752407 18.61821 1.452698 0 0.0 0.07435012334109004 7.376907234286263 0.0
-0.01484112 -0.06683065 -2.139309 -2.731981 0.397545 0.2758295 0.5038184 17.26361 1.462885 0 0.0 0.06845870742481851 3.469922647818248 0.0
-0.01802558 -0.07786326 1.56729 -0.1512385 0.6199779 0.3846705 0.2849565 18.85563 1.442533 0 0.0 0.07992251742884479 1.5745701089447401 0.0
-0.0105909 -0.0825333 -3.401322 -4.345294 0.5400999 0.3383814 0.3731207 18.63145 1.244308 0 0.0 0.08321005210730252 5.518203629272845 0.0
-0.02129149 -0.07704183 -3.536153 -2.281318 0.6129386 0.3848763 0.4962307 18.88694 1.568188 0 0.0 0.07992978866585974 4.2081813003402075 0.0
-0.01661779 -0.08155564 2.548783 -5.366789 1.439569 0.9488258 0.4634576 18.77288 nan 0 0.0 0.0832314445404722 5.941272502722796 0.0
-0.01996321 -0.08072464 0.2356369 -4.637401 0.7541209 0.4665995 0.4064776 19.00481 1.509808 0 0.0 0.08315646250673306 4.643383764394518 0.0
-0.009821151 -0.0806049 -1.982878 -3.409535 1.988671 1.197424 0.6851849 19.91496 0.9789906 0 0.0 0.08120101545531803 3.944202591032692 0.0
-0.01938075 -0.0722025 -5.354388 -6.309662 0.4679478 0.2882691 0.424762 18.38257 nan 0 0.0 0.07475837395778817 8.275343219999277 0.0
-0.007193015 -0.07623304 -7.149809 -5.961837 0.1435287 0.09086963 0.1551235 16.14623 1.627419 0 0.0 0.07657163869496215 9.309310884864143 0.0
-0.01138866 -0.07119993 -6.072481 -9.49829 1.428214 0.942726 0.5940951 19.68448 1.420494 0 0.0 0.07210500404687943 11.27353265039229 0.0
-0.01282223 -0.07323906 -2.619481 -3.093696 0.9559859 0.6561183 0.5252632 18.6759 1.643911 0 0.0 0.07435300593692563 4.053718743299416 0.0
-0.01534483 -0.07215794 -2.944279 -2.657562 1.854525 1.170558 0.5095967 19.7479 nan 0 0.0 0.07377148577040116 3.966284736839376 0.0
-0.01274331 -0.06737968 -0.3885387 -0.8616103 0.4764316 0.2867956 0.3894882 18.43917 1.512814 0 0.0 0.06857414400966665 0.945163811444228 0.0
-0.01497236 -0.07710554 2.040999 -5.413711 2.720417 2.062318 0.6624945 20.07162 nan 0 0.0 0.07854575649047629 5.785667092870277 0.0
-0.02304358 -0.07821523 -7.076356 -7.474738 0.1565971 0.09793168 0.2575715 16.64345 1.845249 0 0.0 0.0815391242482362 10.293032711858055 0.0
-0.01892815 -0.07869503 -4.033367 -6.537557 0.09848894 0.0624789 0.1355486 15.08481 2.324336 1 0.0 0.08093937613500242 7.681647016424146 0.0
-0.02145124 -0.0749228 -5.063906 -7.905983 1.004433 0.6290733 0.4434358 18.70615 1.521858 0 0.0 0.07793318713730114 9.388701250605699 0.0
-0.01675159 -0.07518894 2.159542 -2.607436 0.838697 0.5409024 0.493229 19.19778 1.283289 0 0.0 0.07703241178784226 3.3856083860747983 0.0
-0.01690989 -0.08121618 -7.490979 -6.626044 0.2686564 0.1875 0.3980137 17.33949 0.963253 0 0.0 0.08295789458276108 10.000961227220962 0.0
-0.003210276 -0.07852165 -5.535302 -7.844495 0.3925698 0.2462269 0.3908118 18.21022 1.423336 0 0.0 0.07858724699796192 9.600816113030653 0.0
-0.01088387 -0.07386825 -5.354839 -5.097116 1.442731 0.9409526 0.376239 19.67263 1.471369 0 0.0 0.0746657684902486 7.392894712720924 0.0
-0.01183948 -0.07603511 -3.541341 -1.804248 0.1051037 0.06570981 0.1616302 12.89684 2.671505 1 0.0 0.07695135631931707 3.9744693889606197 0.0
-0.01080362 -0.07952544 -2.998897 -4.825052 0.122093 0.07646684 0.1507642 16.25143 1.6798 1 0.0 0.08025592696055538 5.681065922809998 0.0
-0.002572973 -0.08205785 -8.949105 -7.041318 2.099625 1.334535 0.5721489 19.53625 1.504959 0 0.0 0.08209817864411627 11.38712604119885 0.0
-0.01250316 -0.07683627 5.951099 3.056599 0.6634772 0.4286294 0.4205018 18.79624 1.889532 0 0.0 0.07784691000610429 6.690170158867561 0.0
-0.02264573 -0.07639362 -4.437485 -2.959144 0.5787768 0.3627372 0.4502092 18.82974 1.493483 0 0.0 0.07967944693543812 5.333648501538229 0.0
-0.01547653 -0.07904921 -3.530266 -1.499283 1.64225 1.116942 0.6600225 19.73339 1.251404 0 0.0 0.08054998809723686 3.8354435916651153 0.0
-0.006767859 -0.08128557 -1.711452 -2.049213 1.861018 1.022215 0.378857 19.97427 nan 0 0.0 0.08156683030294104 2.6698954787918194 0.0
-0.008919318 -0.0707877 -29.2314 -16.76047 1.869224 1.177438 0.3503117 19.45181 1.2815 0 0.0 0.07134740853650624 33.69552048241576 0.0
-0.01117651 -0.06875087 -4.355512 -4.803773 0.5469489 0.3375763 0.4166511 18.68246 1.561956 0 0.0 0.06965340265584304 6.48434420875951 0.0
-0.0125572 -0.06931561 -2.537371 -0.8541854 1.64085 1.004918 0.3254683 19.73443 nan 0 0.0 0.07044385751442137 2.677290475315325 0.0
-0.01579597 -0.07370105 0.03215352 -5.294168 0.5882646 0.3703999 0.4260742 18.72763 1.57325 0 0.0 0.075374779862653 5.294265639451083 0.0
-0.005546606 -0.0806122 3.796951 -6.790506 0.3422594 0.2157343 0.2229726 18.00019 1.4956 0 0.0 0.08080279467295197 7.779961994279728 0.0
-0.01876935 -0.07599229 -1.20272 -12.19405 0.9577944 0.6133689 0.4744556 19.45692 1.28076 0 0.0 0.07827590075410566 12.253219609592412 0.0
0.0002412846 -0.08121096 -5.784552 -8.24307 1.494386 0.9667625 0.5852858 19.55281 1.235292 0 0.0 0.08121131843764018 10.070215730837349 0.0
-0.01006112 -0.07032241 0.02244301 -1.600939 1.148113 0.7611935 0.632317 19.37796 1.438017 0 0.0 0.07103849297291223 1.6010963026685372 0.0
-0.0145481 -0.07327172 -0.04379346 -6.534528 1.550334 0.9793364 0.7014585 19.48117 1.276718 0 0.0 0.07470202249851338 6.534674747064521 0.0
-0.001457924 -0.07975375 -4.215231 -4.968883 0.8535055 0.5487427 0.4905088 19.19898 1.389732 0 0.0 0.07976707454490402 6.515978103941879 0.0
-0.02028313 -0.07416534 -6.243023 -8.826518 1.222124 0.7691051 0.5548808 19.64969 1.458754 0 0.0 0.07688890049878785 10.811232870623638 0.0
-0.01202514 -0.07776319 -2.233968 -5.017001 1.297556 0.8555704 0.3598248 19.64344 1.510065 0 0.0 0.07868746857661453 5.491895124547172 0.0
-0.02089349 -0.07573521 -9.703059 -3.023314 0.6212096 0.3885556 0.3372516 18.8808 1.557064 0 0.0 0.0785643682474708 10.163158047579355 0.0
-0.0147604 -0.07404613 0.7722269 -4.795572 1.432141 0.8727601 0.4374513 19.85048 nan 0 0.0 0.07550297196890265 4.85734960572817 0.0
-0.007909866 -0.07661456 4.682634 -4.452195 0.2428262 0.1723293 0.2880901 17.28376 1.441771 0 0.0 0.07702179421521908 6.461354462957515 0.0
-0.004272102 -0.08310886 6.275353 -7.277139 2.415434 1.385327 0.3336213 19.81953 2.436815 0 0.0 0.08321858846434493 9.609204301081855 0.0
-0.008706199 -0.07890535 -5.547844 -3.555166 0.06686809 0.04154706 0.1412138 13.42216 2.367438 1 0.0 0.07938420598362184 6.589216822649867 0.0
-0.01160017 -0.07908874 -3.407418 -5.992479 0.1322624 0.08305287 0.1870826 16.43359 1.72976 1 0.0 0.07993492815294513 6.893497080014251 0.0
-0.01598219 -0.0714466 -3.767471 -3.59592 1.131259 0.7350802 0.5868241 19.18545 1.234859 0 0.0 0.07321234218870545 5.2081165868518156 0.0
