jas1101finalproject/data/gcs/NGC_6584.ecsv
# %ECSV 0.9
# ---
# datatype:
# - {name: x, unit: deg, datatype: float64}
# - {name: y, unit: deg, datatype: float64}
# - {name: pmx, unit: mas / yr, datatype: float64}
# - {name: pmy, unit: mas / yr, datatype: float64}
# - {name: pmx_e, unit: mas / yr, datatype: float64}
# - {name: pmy_e, unit: mas / yr, datatype: float64}
# - {name: pm_corr, datatype: float64}
# - {name: g_mag, unit: mag, datatype: float64}
# - {name: bp_rp, unit: mag, datatype: float64}
# - {name: filter, datatype: int64}
# - {name: memberprob, datatype: float64}
# - {name: r, unit: deg, datatype: float64}
# - {name: pm, unit: mas / yr, datatype: float64}
# - {name: member_prob_GMM, datatype: float64}
# meta: !!omap
# - comments: [deg deg mas/yr mas/yr mas/yr mas/yr dimless mag   mag   zeroone float]
# - __serialized_columns__:
#     bp_rp:
#       __class__: astropy.units.quantity.Quantity
#       unit: &id001 !astropy.units.Unit {unit: mag}
#       value: !astropy.table.SerializedColumn {name: bp_rp}
#     g_mag:
#       __class__: astropy.units.quantity.Quantity
#       unit: *id001
#       value: !astropy.table.SerializedColumn {name: g_mag}
#     pm:
#       __class__: astropy.units.quantity.Quantity
#       unit: !astropy.units.Unit {unit: mas / yr}
#       value: !astropy.table.SerializedColumn {name: pm}
#     pmx:
#       __class__: astropy.units.quantity.Quantity
#       unit: !astropy.units.Unit {unit: mas / yr}
#       value: !astropy.table.SerializedColumn {name: pmx}
#     pmx_e:
#       __class__: astropy.units.quantity.Quantity
#       unit: !astropy.units.Unit {unit: mas / yr}
#       value: !astropy.table.SerializedColumn {name: pmx_e}
#     pmy:
#       __class__: astropy.units.quantity.Quantity
#       unit: !astropy.units.Unit {unit: mas / yr}
#       value: !astropy.table.SerializedColumn {name: pmy}
#     pmy_e:
#       __class__: astropy.units.quantity.Quantity
#       unit: !astropy.units.Unit {unit: mas / yr}
#       value: !astropy.table.SerializedColumn {name: pmy_e}
#     r:
#       __class__: astropy.units.quantity.Quantity
#       unit: &id002 !astropy.units.Unit {unit: deg}
#       value: !astropy.table.SerializedColumn {name: r}
#     x:
#       __class__: astropy.units.quantity.Quantity
#       unit: *id002
#       value: !astropy.table.SerializedColumn {name: x}
#     y:
#       __class__: astropy.units.quantity.Quantity
#       unit: *id002
#       value: !astropy.table.SerializedColumn {name: y}
# schema: astropy-2.0
x y pmx pmy pmx_e pmy_e pm_corr g_mag bp_rp filter memberprob r pm member_prob_GMM
[from data line 2172]
-0.01181578 0.008119767 0.8557743 -7.512881 0.1895315 0.1812989 0.02752211 16.27569 0.875493 0 0.0 0.014336780431557464 7.561463520556156 1.0
0.00357716 0.02769059 -0.7805032 -7.256357 1.024087 0.9620004 -0.1843735 19.61089 nan 0 0.0 0.027920688534019 7.298212257577828 1.0
-0.008434163 0.02581692 0.1142416 -8.697141 0.8705184 0.7767647 -0.1006054 19.67237 0.5748558 0 0.0 0.027159684530512665 8.697891279905237 0.0
-0.07445427 -0.01003037 0.1055513 1.616816 1.216504 1.120785 0.1449467 20.15275 1.909901 0 0.0 0.07512687031661708 1.620257712460487 0.0
-0.005494647 0.007987484 -3.989991 -8.038289 1.46802 1.126764 0.4089465 19.53904 nan 0 0.0 0.009694897952266697 8.974080355535158 1.0
0.05256073 0.04466558 -3.437646 -5.423557 0.5192081 0.4739494 0.3287032 18.97984 0.9786415 1 0.0 0.06897567958976047 6.421244470783291 0.0
-0.06348234 0.03022414 -3.376932 -3.40954 0.5600887 0.4956567 0.06029977 19.03447 1.039463 0 0.0 0.07031007133131924 4.798815764771971 0.0
-0.004074598 0.02178158 0.07589095 -6.210628 0.8620009 0.7700766 -0.07831958 19.6733 0.6520596 0 0.0 0.022159412811669988 6.2110916585312035 1.0
0.0496706 0.05451846 -0.8643433 -6.177719 0.6726728 0.6636057 0.1331276 19.63998 0.9030991 1 0.5572264 0.07375249816197144 6.237892383106323 0.0
-0.008881625 0.01804248 4.200658 -13.49119 0.6691638 0.634837 -0.3736426 16.29044 0.9651318 0 0.0 0.020110055872399387 14.13002955584538 0.0
-0.0805843 0.00970765 -1.141529 -4.802644 2.878074 2.363371 -0.3879335 20.59727 1.720726 0 0.0 0.08116691367184353 4.936443846391549 0.0
-0.09558762 0.0203133 2.103291 -1.194791 0.7285454 0.6552737 0.2364812 19.5604 1.593519 1 0.0 0.09772217381001304 2.418958156802635 0.0
-0.04374732 -0.02173115 0.883637 -7.668431 1.021987 0.9060294 -0.06885084 19.92422 0.4487858 0 0.0 0.04884742457392099 7.7191740717210156 1.0
0.02258679 0.06553823 2.487594 -5.294711 0.1621887 0.154612 0.1265012 17.27273 0.9556026 1 0.0 0.06932115603505902 5.849964827446144 0.0
-0.01441177 0.05495585 -1.760195 -6.501114 0.4743631 0.4476775 -0.06344039 18.64926 0.8057098 1 0.06116572 0.05681412292516184 6.735188911902991 0.0
0.02068745 0.008013524 -5.249877 -4.254798 0.3623706 0.3335293 -0.0221193 18.25277 0.9379139 0 0.0 0.02218529139770483 6.7575524071910085 1.0
0.0099537 0.01208369 1.106896 -7.808123 0.6995257 0.6813454 -0.1081216 18.88513 nan 0 0.0 0.015655405063622594 7.886190686126287 1.0
-0.06443854 0.05741394 0.2422955 -6.265697 0.3389633 0.314566 0.1533971 18.31182 0.9411774 1 0.3656581 0.08630577004844578 6.27038005268654 0.0
-0.004222307 0.001266126 0.0489879 -7.036331 0.2051393 0.1848603 -0.06039426 16.22426 1.006048 0 0.0 0.004408055291182836 7.036501528167773 1.0
0.00150032 0.02608091 -0.9543184 -7.414568 0.7330044 0.6508623 -0.08977906 19.3036 0.9242325 0 0.0 0.026124027762397205 7.4757302141799205 1.0
-0.02137965 0.06239933 -0.5322296 -4.21791 0.4414631 0.4178355 -0.09290494 18.52187 0.9183636 1 0.0 0.06596033519147246 4.251356620564329 0.0
-0.004259669 0.0008999117 0.9924509 -7.77207 0.4279567 0.3816114 0.02723547 17.66341 nan 0 0.0 0.004353690510056713 7.835179058184364 0.0
0.003539724 0.0274846 2.105706 -6.054625 0.2022587 0.1815062 -0.06512634 17.21021 0.8524799 0 0.0 0.027711601959399174 6.41034177318659 1.0
0.01397232 0.003922974 -0.8622406 -3.87592 0.8712896 0.7458046 -0.1286181 19.10643 nan 0 0.0 0.014512596293808907 3.970669301098791 0.0
-0.07389369 0.001346009 -2.746863 -8.098094 1.678478 1.544929 0.04444423 20.52081 0.8887501 0 0.0 0.07390594808298032 8.551279598610082 0.0
0.00766218 0.06421579 -2.25801 -5.424244 1.202931 1.075301 -0.1000366 20.13907 0.4246464 0 0.0 0.06467129724751546 5.875460163394523 0.0
0.004941152 0.01130634 -2.892153 -9.085603 0.9852454 0.9024734 -0.2006494 19.4181 nan 0 0.0 0.0123388940866961 9.534816770605401 0.0
-0.03306153 0.03433127 -0.8281802 -6.719021 1.529872 1.527028 0.4970957 20.09383 0.8533154 0 0.0 0.04766236319942392 6.76986895309747 1.0
-0.0009699724 0.05779631 -0.2099401 -5.450262 1.492052 1.383023 -0.03989334 20.40461 0.4904823 0 0.0 0.05780444875675973 5.4543038707274105 0.0
-0.01553891 0.01245975 -0.1751264 -7.244298 0.212887 0.1881368 0.01797676 17.60061 1.068319 0 0.0 0.019917406810390753 7.2464144767451 1.0
0.01120716 0.0134338 0.4198445 -8.438772 1.031043 0.9736863 -0.3539632 19.71057 nan 0 0.0 0.017494782585262384 8.449209564933529 1.0
0.001144504 0.01274855 -0.7775723 -6.172648 0.529106 0.497696 -0.05939838 18.80733 nan 0 0.0 0.012799820956111692 6.221430865454609 1.0
-0.009547286 0.06914782 -0.4732624 -2.585168 0.3909694 0.4265997 -0.3792446 18.1797 nan 0 0.0 0.0698038084972317 2.628130683104963 0.0
-0.01014887 -0.002709747 0.4515613 -10.76086 0.7577577 0.6792108 0.04936683 17.80848 0.9419975 0 0.0 0.010504393894028775 10.770330336032302 0.0
0.02593363 0.02474204 0.4798215 -7.226897 0.3341859 0.3145971 -0.06650539 18.19075 1.04365 1 0.9795137 0.035843014777477915 7.242808082537549 1.0
-0.00487715 0.004821357 -0.5460237 -7.280419 0.8807448 0.8379751 0.08685082 18.20958 0.7981396 0 0.0 0.006857993543591959 7.3008658867645755 1.0
-0.02544295 -0.002803613 3.228896 -3.666249 1.686672 1.593083 0.3953076 20.17379 nan 0 0.0 0.02559695197784824 4.885401836985061 0.0
0.002117069 0.01238993 5.556666 -6.366035 2.020223 1.760117 0.3882677 19.91234 0.5465622 0 0.0 0.012569500648620096 8.45002595598268 1.0
-0.003437287 0.005450917 5.588431 -10.3863 0.7272749 0.6706357 -0.1225063 16.27442 0.8088598 0 0.0 0.006444178618044195 11.79431171081047 0.0
-0.0702391 0.03157964 2.387739 -8.097882 2.566198 2.517885 -0.4153279 20.62577 0.3933983 0 0.0 0.07701171879226952 8.442570131070573 0.0
0.02417447 0.02372832 0.04369851 -6.988342 0.7451793 0.6699508 -0.144954 19.42282 0.7559681 0 0.0 0.033873856730571736 6.988478623329989 1.0
-0.02161731 0.01204903 3.451624 -3.87226 2.204374 2.117997 -0.3313148 20.57648 0.7405224 0 0.0 0.024748479055832908 5.187302357196464 0.0
0.001258089 0.06099301 -4.972859 -4.102959 1.109157 1.000633 -0.1218248 20.06276 1.327255 0 0.0 0.061005983778577175 6.446983728036081 1.0
-0.03641497 -0.006576361 -4.141163 -11.01337 0.2954341 0.2733727 0.06823495 17.97506 1.318975 0 0.0 0.037004034430089115 11.766203710180655 0.0
-0.04679736 0.01730919 -0.654035 -7.007453 1.057909 1.001472 0.06731168 19.91807 0.762228 0 0.0 0.049895901248756896 7.037908732601894 1.0
-0.04261467 0.08361284 3.704261 -7.875238 0.3198647 0.3072218 -0.09567522 18.0216 1.048698 1 0.0 0.09384624186441617 8.70292612359573 0.0
-0.02685523 -0.0171706 -0.4211479 -7.039345 0.7135447 0.6767256 -0.002370005 19.42113 0.5234432 0 0.0 0.031875270708072424 7.051931904286897 1.0
-0.008881493 0.01737872 -0.9013554 -6.203322 1.151664 1.072742 -0.0915807 19.88056 nan 0 0.0 0.019516680730786395 6.268464356825614 1.0
0.00649352 0.01150069 -4.308254 -4.197943 1.044507 1.024164 -0.372276 18.13365 0.7972012 0 0.0 0.013207258325121833 6.015295334375944 1.0
-0.03189507 -0.0004769969 -1.27539 -6.144754 1.156079 1.068895 -0.01344339 20.09462 0.853796 0 0.0 0.03189863659073079 6.275716801498933 1.0
-0.04519694 0.08071875 -2.456978 -8.846536 0.142107 0.1285783 -0.1645507 16.58902 1.109655 1 0.0 0.09251097225154485 9.18139096715634 0.0
0.001820016 0.0662115 0.1733355 -9.605209 0.2554285 0.2311547 -0.1837613 17.55377 0.924242 1 0.0 0.06623650949808765 9.60677287798776 0.0
-0.01146031 0.007540026 -1.757413 -12.53606 1.943552 1.826337 -0.44255 20.02737 nan 0 0.0 0.013718261456058345 12.65864529782587 0.0
-0.05153234 0.00334215 -1.771657 -6.857844 1.988472 2.013673 -0.2389436 20.54751 0.8273468 0 0.0 0.051640604493926094 7.082993212899826 1.0
-0.06656359 0.06372033 1.335024 -4.476409 0.6662111 0.5867853 0.09685028 19.37781 1.079926 1 0.0002972675 0.09214657871563654 4.6712446538216135 0.0
-0.09326346 -0.01746642 -1.242613 -9.937783 1.071429 0.9882289 0.1750216 19.99107 1.13212 0 0.0 0.09488492398051442 10.015169395614734 0.0
-0.000127314 0.005973663 0.6953607 -7.306336 0.2717448 0.2477176 -0.2103668 17.40998 0.9745464 0 0.0 0.005975019539061358 7.339350941874935 1.0
-0.02675129 -0.003555877 3.759004 -7.515346 1.822401 1.645511 -0.2043609 19.23738 0.9192448 0 0.0 0.02698658514712873 8.403007590841032 1.0
-0.01770361 0.04717649 0.125911 -10.09882 1.190803 1.046739 0.05211262 20.00147 0.6610928 0 0.0 0.05038887789733167 10.099604891891612 0.0
-0.05153361 0.02056552 -7.023521 -13.96328 0.3908129 0.3634762 0.1083875 18.58855 1.233097 1 0.0 0.055485615906309446 15.630196275026139 0.0
-0.05075326 0.07448336 -2.306081 -4.395263 1.342173 1.240123 0.006692183 20.24142 1.101929 1 0.04897229 0.09013137254872577 4.963501427191293 0.0
-0.01912881 0.009799501 -0.791587 -6.978959 2.386536 2.182943 0.654053 20.35522 nan 0 0.0 0.02149282652107677 7.023708329810542 1.0
-0.02596081 -0.01248943 2.070514 -7.191132 3.407324 3.438412 0.08142501 20.6835 0.7219448 0 0.0 0.02880884443328125 7.48327519643772 1.0
0.01083282 0.01235815 -0.4393579 -6.48445 0.8217917 0.7427247 -0.1153779 19.56091 0.7176323 0 0.0 0.016433924077191665 6.499317438530943 1.0
-0.02518565 0.005047182 1.880412 -7.520088 0.8272138 0.7203618 0.08508918 19.7404 0.6683331 0 0.0 0.025686397413098316 7.751623882612468 1.0
-0.05007872 0.07423236 -0.6215761 -5.246347 1.28385 1.190101 -0.01869175 20.18551 0.7294064 1 0.3072758 0.08954508064661061 5.283040194102275 0.0
0.0004711174 0.007003629 2.785731 -8.619035 0.5007162 0.4599103 -0.2619753 17.26018 0.8951893 0 0.0 0.007019456586818082 9.058038503759299 0.0
-0.06655651 0.008971753 -1.569492 -8.886845 1.080713 1.143717 -0.2533751 19.87652 0.8032322 0 0.0 0.06715847954855075 9.024373617713808 0.0
0.02817045 0.07090232 0.5677841 -7.118678 0.6494061 0.7045748 0.2012438 19.45384 0.7319221 0 0.0 0.0762935989096392 7.141285266105592 0.0
-0.06725203 0.06082012 -2.198171 -4.229598 0.2004279 0.1776457 0.03130472 17.31492 1.028307 1 0.0 0.09067481754012688 4.766702737411365 0.0
-0.0239696 0.03874689 -1.979234 -4.44327 1.276529 1.095801 0.4041977 19.76879 0.8046532 0 0.0 0.04556164185838895 4.8641561981145305 0.0
-0.02217799 0.01121715 -1.393266 -9.507341 1.341323 1.263214 0.4255574 19.92245 nan 0 0.0 0.024853323611996044 9.608887710710174 0.0
-0.002034436 -0.001526078 -0.08300852 -7.092462 0.173029 0.1555053 -0.03165692 16.19415 1.053358 0 0.0 0.0025431956079271607 7.092947739539365 1.0
-0.0575903 0.03167793 -7.335569 -1.604174 1.18986 1.099184 0.1437187 19.96634 1.759686 0 0.0 0.0657277255286907 7.508924475318485 0.0
0.01163604 0.008451693 1.293904 -8.565196 0.3085416 0.2916525 -0.06166636 17.99971 0.9043961 0 0.0 0.014381534738957766 8.662376699245538 1.0
-0.03422611 -0.008527745 -1.264546 -7.63033 1.250806 1.15958 0.1724751 20.26904 0.470602 0 0.0 0.035272496941911057 7.73440446931863 1.0
-0.0339803 0.08582135 0.002839486 -4.435356 0.2169504 0.1897388 -0.09598882 17.30909 1.077343 1 0.0 0.09230365596179005 4.435356908910121 0.0
0.003388892 0.01233645 -2.242878 -10.86052 1.316451 1.291281 -0.1984647 18.46389 nan 0 0.0 0.012793458781352445 11.089697759329782 0.0
-0.007122165 0.01103901 4.748777 -7.82048 0.778039 0.6744899 -0.009669848 18.94778 nan 0 0.0 0.013137160121857576 9.149360110200549 0.0
-0.07922827 -0.006082783 0.1674881 -10.29982 0.3686139 0.360342 0.1732777 18.48322 1.116407 1 0.0 0.0794614309977991 10.301181694157307 0.0
0.0028461 0.006171936 -13.70045 -12.46135 1.528956 1.123242 0.07155307 19.30296 nan 0 0.0 0.0067965490653783996 18.519923704621462 0.0
-0.0536964 0.01461203 0.6343444 -8.043603 0.8295373 0.7264966 0.1096333 19.73947 0.6618538 0 0.0 0.055649032279824054 8.068577448312704 1.0
-0.07042284 0.005833923 -1.396347 -8.069239 0.4876567 0.4466882 0.149837 19.00783 0.9685841 0 0.0 0.07066407185575657 8.189163753615505 0.0
-0.0270891 0.09075084 -0.6698633 -4.487987 0.5828534 0.516136 -0.04436074 19.05892 0.8408718 1 4.89879e-05 0.09470762535042043 4.537702519211225 0.0
0.0330612 0.02422232 2.588981 -2.463686 1.030844 0.90823 -0.1162245 19.82569 2.197037 0 0.0 0.04098492078341008 3.573873434378587 0.0
-0.08014635 0.04689798 -0.9072275 0.423573 0.8180027 0.7213123 0.07528419 19.20652 0.9680138 0 0.0 0.09285934496001412 1.0012371462771694 0.0
-0.01406316 0.01820136 0.1914996 -5.660121 0.508162 0.4715738 0.1070207 18.8182 0.8382931 0 0.0 0.023001347243915952 5.663359588745991 1.0
-0.02501703 0.004478887 2.116299 -7.768255 1.032526 0.8883163 0.1568389 19.99275 nan 0 0.0 0.025414803142650325 8.051366790950837 1.0
-0.04945642 0.01990412 0.4111166 -0.591948 0.5447347 0.514268 0.0486823 18.91864 1.113514 0 0.0 0.05331145723191967 0.7207074951043315 0.0
0.02156703 0.04783854 0.5497908 -4.3079 1.796739 1.76349 -0.2652444 20.49464 0.9507332 0 0.0 0.05247535318940216 4.342841504564108 0.0
0.005501137 0.002410395 -3.124077 -5.396022 0.3740712 0.339234 -0.2000741 17.5156 0.7919521 0 0.0 0.006006039655945838 6.235135165047587 1.0
-0.02757543 -0.001153121 -0.8390755 -6.524008 2.276061 2.03098 0.7585692 19.94342 0.4333019 0 0.0 0.027599529483770934 6.577744908307425 1.0
0.02943357 0.02691805 -2.284543 -3.509099 0.3883398 0.3638943 -0.0469199 18.43247 0.9341145 1 0.0 0.03988629412150745 4.187232082253144 0.0
-0.02779878 0.08706541 -1.155383 -4.597179 0.6164509 0.5726113 -0.00936887 19.1367 1.767183 1 0.0002971415 0.09139561142613194 4.7401439466254605 0.0
-0.00383135 0.02115981 0.881318 -6.690605 1.248598 1.019906 0.1777731 19.89385 nan 0 0.0 0.021503878767761875 6.748401046407142 1.0
0.005388986 0.002768991 -2.010244 -9.708691 0.7789111 0.6826754 -0.1357147 18.84073 nan 0 0.0 0.006058752451311821 9.914623637487054 0.0
0.01098372 0.01751558 -11.34138 -13.40545 2.610717 2.365599 0.199771 20.18578 nan 0 0.0 0.020674565237866552 17.55941314528763 0.0
-0.01231841 -0.0002383719 0.8071388 -6.5665 0.8196044 0.7020706 0.180983 19.60965 0.7245293 0 0.0 0.01232071613546914 6.615919837215793 1.0
-0.06465819 0.01534892 -1.055072 -4.958286 0.7165025 0.6590396 0.130172 19.45064 1.55368 0 0.0 0.0664550289988839 5.069297484166815 0.0
-0.06228841 0.05951128 -1.376915 -6.982638 0.3153925 0.2942798 0.1458616 18.20962 1.312317 1 0.007748545 0.08614777111200556 7.117101120278466 0.0
-0.002577202 0.007766496 0.124337 -12.56912 1.339477 1.214865 -0.2023636 18.9402 nan 0 0.0 0.008182935308727548 12.569734971906488 0.0
-0.02953028 -0.01378866 3.50188 -4.468002 1.944325 1.879981 -0.3058846 20.19269 0.8301392 0 0.0 0.03259086653456763 5.676812962076873 0.0
-0.01068967 -0.008595952 -5.844586 -1.682796 0.7228667 0.83076 -0.8815813 17.51962 nan 0 0.0 0.013717121982952692 6.082021694224051 1.0
-0.05556726 0.01495305 -1.411598 -6.419854 1.793348 1.685484 -0.1969149 20.45889 0.7833843 0 0.0 0.0575440187005574 6.573213391859419 0.0
0.0121218 0.006681543 0.2329373 -7.268493 0.08161242 0.07327792 -0.2725268 15.23716 1.253251 0 0.0 0.013841280724732412 7.272224575518848 1.0
0.002266175 0.00220087 -1.608324 -7.047335 0.7577992 0.7533821 -0.1925936 17.93269 nan 0 0.0 0.003159015335120265 7.228529358811584 1.0
0.05652135 0.06835 -3.761566 -10.66556 1.318959 1.212658 0.01638676 20.31922 0.4137993 0 0.0 0.08869264628943314 11.309445118393562 0.0
-0.08384463 0.003048773 -7.68585 -9.907287 0.9432512 0.9283376 0.1852091 19.70462 1.273287 0 0.0 0.08390004169630924 12.539004183860415 0.0
-0.009779157 0.01648589 -2.648539 -8.498871 1.395929 1.069073 0.3193865 19.80774 0.4226151 0 0.0 0.019168111036895343 8.9019979279464 1.0
0.003482453 0.01290483 0.4740198 -6.552016 0.8155403 0.7502064 -0.1723225 19.57839 nan 0 0.0 0.013366454886248224 6.569140616172563 1.0
-0.00688021 0.01866463 -2.738059 -9.310891 1.420052 1.316329 -0.5129709 19.91582 nan 0 0.0 0.01989235286940688 9.705135666303795 0.0
0.01323109 0.02663972 -0.1930396 -7.170586 0.06464094 0.05952902 -0.2645451 14.66852 1.379205 1 0.998611 0.02974451923071711 7.173183942334405 1.0
0.003763004 0.01287811 -1.811173 -3.757817 2.202446 2.21999 -0.3799496 20.01017 nan 0 0.0 0.013416628349779835 4.171514861704079 0.0
-0.02527018 -0.01070757 -0.9867894 -7.042152 1.064089 0.9436411 -0.08859477 19.9609 0.7133522 0 0.0 0.02744510981099001 7.11095338974011 1.0
