jas1101finalproject/data/gcs/NGC_6717_Pal9.ecsv
# %ECSV 0.9
# ---
# datatype:
# - {name: x, unit: deg, datatype: float64}
# - {name: y, unit: deg, datatype: float64}
# - {name: pmx, unit: mas / yr, datatype: float64}
# - {name: pmy, unit: mas / yr, datatype: float64}
# - {name: pmx_e, unit: mas / yr, datatype: float64}
# - {name: pmy_e, unit: mas / yr, datatype: float64}
# - {name: pm_corr, datatype: float64}
# - {name: g_mag, unit: mag, datatype: float64}
# - {name: bp_rp, unit: mag, datatype: float64}
# - {name: filter, datatype: int64}
# - {name: memberprob, datatype: float64}
# - {name: r, unit: deg, datatype: float64}
# - {name: pm, unit: mas / yr, datatype: float64}
# - {name: member_prob_GMM, datatype: float64}
# meta: !!omap
# - comments: [deg deg mas/yr mas/yr mas/yr mas/yr dimless mag   mag   zeroone float]
# - __serialized_columns__:
#     bp_rp:
#       __class__: astropy.units.quantity.Quantity
#       unit: &id001 !astropy.units.Unit {unit: mag}
#       value: !astropy.table.SerializedColumn {name: bp_rp}
#     g_mag:
#       __class__: astropy.units.quantity.Quantity
#       unit: *id001
#       value: !astropy.table.SerializedColumn {name: g_mag}
#     pm:
#       __class__: astropy.units.quantity.Quantity
#       unit: !astropy.units.Unit {unit: mas / yr}
#       value: !astropy.table.SerializedColumn {name: pm}
#     pmx:
#       __class__: astropy.units.quantity.Quantity
#       unit: !astropy.units.Unit {unit: mas / yr}
#       value: !astropy.table.SerializedColumn {name: pmx}
#     pmx_e:
#       __class__: astropy.units.quantity.Quantity
#       unit: !astropy.units.Unit {unit: mas / yr}
#       value: !astropy.table.SerializedColumn {name: pmx_e}
#     pmy:
#       __class__: astropy.units.quantity.Quantity
#       unit: !astropy.units.Unit {unit: mas / yr}
#       value: !astropy.table.SerializedColumn {name: pmy}
#     pmy_e:
#       __class__: astropy.units.quantity.Quantity
#       unit: !astropy.units.Unit {unit: mas / yr}
#       value: !astropy.table.SerializedColumn {name: pmy_e}
#     r:
#       __class__: astropy.units.quantity.Quantity
#       unit: &id002 !astropy.units.Unit {unit: deg}
#       value: !astropy.table.SerializedColumn {name: r}
#     x:
#       __class__: astropy.units.quantity.Quantity
#       unit: *id002
#       value: !astropy.table.SerializedColumn {name: x}
#     y:
#       __class__: astropy.units.quantity.Quantity
#       unit: *id002
#       value: !astropy.table.SerializedColumn {name: y}
# schema: astropy-2.0
x y pmx pmy pmx_e pmy_e pm_corr g_mag bp_rp filter memberprob r pm member_prob_GMM
[from data line 921]
0.00202103 -0.02612709 -2.602925 -5.823721 2.143648 2.301558 0.8140128 19.98539 nan 0 0.0 0.026205140605022516 6.378945433335043 1.0
0.03405944 -0.002279915 1.191195 -0.7745744 0.4800903 0.4491075 0.5407521 18.55935 0.9118557 0 0.0 0.034135662664152654 1.4208838901051557 0.0
0.02777988 -0.009467295 -12.34657 -13.68973 1.674676 1.636529 0.6959561 19.9452 0.5679569 0 0.0 0.02934878885799932 18.434926043730147 0.0
5.067479e-05 -0.003708099 -4.504855 -7.60047 1.045272 0.8811576 0.5788461 18.6736 nan 0 0.0 0.0037084452440534353 8.835205871507748 0.0
0.01196117 0.01833651 -3.642063 -4.294988 0.8610123 0.8205279 0.7303518 19.02539 1.06963 0 0.0 0.021892856980051736 5.631300455144708 1.0
0.01725298 0.004440915 -1.415665 -3.05148 1.089248 1.052375 0.644915 19.55305 nan 0 0.0 0.017815359803204228 3.363872408790946 1.0
0.03084196 -0.0379809 -1.284607 -3.791568 1.271318 1.220308 0.5975985 19.79094 0.6462917 0 0.0 0.048926222636246915 4.003274040466503 1.0
0.0003885071 -0.00358603 -2.522561 -3.44578 0.772748 0.7544412 0.651463 18.30819 nan 0 0.0 0.0036070138518794754 4.270446558279473 1.0
-0.01464718 0.01651092 -3.082831 -3.887505 0.9880707 1.080001 0.6694622 19.2058 1.021126 0 0.0 0.02207148298594365 4.961506031396717 1.0
0.001486572 0.006591575 -3.3776 -5.569894 0.8927941 0.8092746 0.5991987 19.05737 0.8509464 0 0.0 0.00675712640786074 6.513977351145458 1.0
0.03951992 -0.006426051 -0.4661838 -5.553264 0.553758 0.5388304 0.5947792 18.81362 0.9614525 0 0.0 0.04003895863107582 5.572797178175287 1.0
0.02733552 0.02093402 -5.718904 -6.351635 1.739891 1.784467 0.7222937 20.02117 nan 0 0.0 0.0344305655926649 8.546878385377962 1.0
-0.002144892 -0.02547478 2.368126 -3.44535 0.4980056 0.510636 0.7199933 18.12826 0.9086895 0 0.0 0.02556491693200007 4.180724503525196 1.0
0.04447887 0.006460384 -4.146996 -5.83631 0.7431572 0.7184483 0.6117472 19.19445 0.7739754 0 0.0 0.0449455941990353 7.1596152298930145 1.0
-0.02489325 -3.680809e-05 -3.16591 -4.928619 0.05668763 0.05391911 0.584538 13.33702 1.607188 1 0.9988063 0.024893277212894034 5.857838455886352 1.0
-0.0009067436 0.03075387 -2.948519 -4.551946 0.2038776 0.1985025 0.6380399 16.94964 1.247267 0 0.0 0.030767234258753922 5.423465375594925 1.0
0.03155533 0.004230465 -0.8214248 -7.943071 1.742558 1.53191 0.4668472 19.71309 nan 0 0.0 0.03183764572836888 7.985431460672368 1.0
0.001739978 0.007604374 -4.736422 -5.832795 1.032689 0.8667861 0.5756628 19.14045 0.3014107 0 0.0 0.007800899138712152 7.513666939258687 1.0
0.01227086 0.01786919 -5.163948 -4.966123 1.146408 1.113689 0.5650168 19.43427 nan 0 0.0 0.021676760744993705 7.164407623651309 1.0
-0.03570895 0.01833047 -1.056401 -9.311574 1.197512 1.113843 0.6879414 19.54071 nan 0 0.0 0.04013894917064223 9.37130692221085 0.0
-0.0003434614 -0.004139161 -3.667359 -6.143981 0.5145671 0.4557133 0.4973873 17.91698 0.9656658 0 0.0 0.004153386511897365 7.1552794888279525 1.0
0.01359256 0.0008898437 -4.62244 -6.748857 0.8070253 0.7736816 0.60388 19.13546 0.7902184 0 0.0 0.013621655889209274 8.180099165661074 1.0
0.027731 0.02724918 -2.396267 -3.805774 1.489137 1.347098 0.5939045 19.71408 0.9587936 0 0.0 0.03887835093818152 4.497333796191361 1.0
0.00235908 -0.01025414 -1.021977 -5.8994 1.552375 1.417059 0.5975345 19.57675 nan 0 0.0 0.010522007678480376 5.9872662667137995 1.0
-0.003214867 -0.01080347 -3.251966 -4.565634 0.6227852 0.6007981 0.6612496 18.62 0.8577003 0 0.0 0.011271660652654027 5.60538104745003 1.0
0.01395696 -0.0147619 -2.606224 -4.841706 0.947081 0.9731711 0.6157603 19.36658 0.9298534 0 0.0 0.020315275633168258 5.498592595256717 1.0
-0.006677909 -0.001692195 -3.567252 -4.845893 0.9934524 0.9805256 0.609839 18.66421 0.8805637 0 0.0 0.006888976159800961 6.017305526475534 1.0
-0.004622281 -0.01512557 -2.339204 -5.053618 0.56034 0.5521565 0.6605369 18.48188 0.8650398 0 0.0 0.01581607882718915 5.5687458411692665 1.0
-0.002201445 -0.009481661 -4.081374 -5.3294 1.171173 1.094289 0.6384593 19.37119 nan 0 0.0 0.00973387155282758 6.712683374618231 1.0
0.006413908 0.01193582 -3.755268 -3.444039 1.718602 1.558524 0.6418436 19.75689 0.3916225 0 0.0 0.013549982099798658 5.095433483556135 1.0
0.005174532 -0.001779868 -2.461711 -3.387151 0.5952316 0.5985938 0.5892736 18.636 nan 0 0.0 0.0054720847504811185 4.187220192958808 1.0
0.00221848 -0.0006029538 -4.188105 -6.606113 0.7369307 0.706466 0.6255037 17.18961 0.7782936 0 0.0 0.002298957762842641 7.8218253917991545 0.0
0.01207452 0.02650758 -2.338008 -4.903532 0.1537063 0.1469451 0.563753 16.4674 1.317146 1 0.0007020355 0.029128093495572275 5.432394268008168 1.0
0.02178415 -0.006116906 -0.762268 -8.536112 0.9492956 0.8761336 0.5631324 19.50518 0.6426144 0 0.0 0.02262665972332938 8.570079380050572 0.0
0.01528566 0.03574646 -4.688467 -4.509142 0.2084979 0.2035863 0.6000311 16.91959 1.077925 0 0.0 0.038877510261939356 6.504927700309436 1.0
0.01832067 -0.01179648 1.463462 -7.223247 0.9142077 0.8646527 0.5548397 19.36642 0.7884884 0 0.0 0.02178999517299855 7.370008022278741 1.0
0.03612166 0.02448538 -0.2636879 -3.226581 1.330619 1.251066 0.5909501 19.85976 0.7749577 0 0.0 0.04363837937985324 3.237337835037828 1.0
0.0223424 -0.03541578 -1.690803 -1.905831 0.1727043 0.1597371 0.4452816 16.88909 1.168663 1 0.0 0.041874339526354325 2.547745392571636 1.0
-0.00411556 -0.01564626 -3.666761 -6.175303 2.069883 2.030264 0.7233161 20.14555 1.185579 0 0.0 0.016178482193988406 7.181887173503216 1.0
-0.02329076 0.01323671 -3.613212 -3.702606 0.5548439 0.5594141 0.7227612 18.29661 1.13438 0 0.0 0.02678936343031876 5.173450700275397 1.0
0.008496805 0.00164175 -3.957916 -5.989857 1.40255 1.298271 0.6076762 19.36652 nan 0 0.0 0.008653960842904537 7.179379217140226 1.0
0.01452522 0.03476617 0.3919875 -1.598942 1.206042 1.18591 0.6024084 19.35654 1.075457 0 0.0 0.03767848978551688 1.6462896827473135 0.0
0.01778299 -0.03342193 -3.542431 -6.070943 0.9978697 0.9481745 0.5764827 19.53933 1.156519 0 0.0 0.03785842228969665 7.028880871021361 1.0
0.01603697 -0.04137154 -3.24561 -3.274891 0.2069129 0.187467 0.4696489 17.24673 1.034472 1 0.0 0.04437103479470025 4.610736962133169 1.0
2.252896e-05 0.03787401 -1.405939 -6.148404 0.5454233 0.5779134 0.6766953 18.31469 1.225712 0 0.0 0.0378740167005579 6.307102046022167 1.0
0.03385851 -0.01789342 2.195587 1.967914 0.9498301 0.8908258 0.7241537 19.19164 nan 0 0.0 0.038295863728560815 2.948438194360703 1.0
0.03144281 0.004667274 -2.792647 -5.815257 0.9096055 0.7935387 0.3842549 19.24627 0.9752159 0 0.0 0.031787320542744336 6.451053498666555 1.0
-0.02428101 0.04025413 -0.6707519 0.09992136 1.453999 1.403547 0.7834742 19.51525 0.7364082 0 0.0 0.047010237487987654 0.678153662187162 0.0
-0.003102283 -0.009880315 -3.533202 -5.682602 1.372362 1.471959 0.6153803 19.6095 nan 0 0.0 0.010355905769719712 6.691448412952759 1.0
0.01007453 0.01677836 -4.326516 -5.298135 0.9935531 0.8922084 0.6542416 19.19029 0.5842113 0 0.0 0.01957062898862732 6.840246718977394 1.0
-0.0203067 0.01655216 -3.84973 -5.639761 0.5864405 0.5686162 0.7073243 18.55319 1.020323 0 0.0 0.026198016443150805 6.82842040372596 1.0
0.04562751 -0.01066036 -1.814372 -6.330977 0.0590095 0.05522024 0.5544122 14.17784 1.364635 1 0.0 0.046856301007758824 6.585834459574048 1.0
0.00573966 0.04761471 -1.784587 -5.037766 0.4564049 0.4539715 0.7193456 18.27393 1.356287 1 0.004197589 0.04795940267872088 5.344514667518933 1.0
-0.002933367 -0.01027513 -0.7814263 -4.311215 0.5131752 0.4868774 0.6398213 17.87028 1.035887 0 0.0 0.010685641696856067 4.381461153377568 1.0
0.01542044 -0.01777948 -1.078229 1.671996 0.5798597 0.5494974 0.4988206 18.10837 1.242165 0 0.0 0.02353507762604577 1.9895095879278895 0.0
-0.0127308 -0.001898617 -0.9610162 -5.323252 1.766592 1.712841 0.6460931 19.89969 0.6186771 0 0.0 0.01287159722616774 5.409303466451706 1.0
-0.006003768 0.03330577 -0.3712112 1.95268 1.332341 1.292237 0.7031761 19.65665 1.406065 0 0.0 0.03384257001899714 1.9876511105839072 0.0
0.04599159 -0.01626999 -4.006844 -5.910715 0.6387906 0.6386368 0.6484335 18.74895 1.048735 0 0.0 0.04878461771222769 7.140822827347069 1.0
-0.0169256 -0.001883813 -4.102703 -4.225966 2.300787 2.364364 0.6645738 20.00971 0.4039345 0 0.0 0.01703011117928973 5.889903270798681 1.0
-9.009113e-05 0.0002649078 -2.697014 -4.460659 0.1538332 0.1468279 0.5510918 13.58675 1.249238 0 0.0 0.0002798080667270279 5.21261577621802 0.0
-0.008366221 -0.01597833 -3.063848 -6.814384 0.6339699 0.6430317 0.7243548 18.55048 0.9436226 0 0.0 0.018036093906656756 7.471478693442149 1.0
0.003513285 -0.01022937 -3.219755 -4.611065 0.7260599 0.6859633 0.6371896 18.5468 0.9172688 0 0.0 0.010815876390201814 5.62394369586414 1.0
0.01494261 -0.01125439 -4.028785 -5.353905 0.6535468 0.6207861 0.588194 18.95463 0.8782806 0 0.0 0.018706760486097 6.700403519583728 1.0
-0.008256357 0.02943756 0.1328363 -1.457566 0.5846755 0.5824251 0.7020624 18.53844 0.9448624 0 0.0 0.030573474936046265 1.4636065478651323 0.0
0.02456675 -0.03096822 5.108883 1.414498 0.3187052 0.2897154 0.4427958 17.86703 nan 0 0.0 0.03952917726858099 5.301083860843271 1.0
-0.005720095 -0.01627574 -3.215175 -4.733893 0.3012603 0.2891363 0.6022784 17.62379 1.136015 0 0.0 0.017251643381331096 5.72250759860343 1.0
0.02583897 -0.001284389 -1.567047 -5.244579 1.823372 1.842738 0.7267696 19.97608 0.867897 0 0.0 0.025870872149276705 5.473686617577773 1.0
-0.01439445 0.02305315 -4.121691 -5.407701 0.6472753 0.6301535 0.7106877 18.70776 nan 0 0.0 0.02717807785191955 6.799379883848379 1.0
0.03572657 0.02114762 -5.280561 -5.467542 0.5130126 0.5219867 0.661055 18.52036 1.32444 0 0.0 0.04151637792039787 7.601206482952887 1.0
0.04524344 0.01977152 -1.566725 -5.945655 0.7711448 0.7185308 0.5367609 19.24945 1.025719 0 0.0 0.04937491130264439 6.148612900862275 1.0
-0.002510973 -0.01703095 -6.461235 -3.849138 0.8331028 0.8254432 0.7150093 19.05516 1.378963 0 0.0 0.017215058620557437 7.520865712686871 1.0
0.01480325 0.001652658 -3.328274 -5.083422 0.7825833 0.7609847 0.6767949 19.06701 nan 0 0.0 0.014895216984907068 6.07606674166438 1.0
0.0001914427 -0.0004427186 -3.434936 -6.796433 0.3517688 0.3331625 0.5529048 15.87197 nan 0 0.0 0.0004823381243165939 7.615135379465358 0.0
0.01429648 0.001620287 -5.32217 -7.89573 1.303763 1.442857 0.7008659 19.54384 nan 0 0.0 0.014388004390907344 9.521976987044235 0.0
0.01910951 -0.007403967 -1.027921 -5.099264 0.60945 0.5734153 0.5500086 18.85675 0.8794842 0 0.0 0.02049370878531236 5.2018376487484685 1.0
0.03597629 0.007036993 -2.394921 -5.377788 0.7208433 0.6892099 0.5634352 19.18737 0.8224773 0 0.0 0.036658051129951644 5.886955951014497 1.0
0.017084 0.004019412 -2.536207 -4.23009 0.6729204 0.6479753 0.6386919 18.90412 0.8634052 0 0.0 0.017550462353617468 4.932140240803073 1.0
0.02851432 0.002566017 -3.2143 -4.551876 1.81826 1.787432 0.7144312 19.93064 0.7013435 0 0.0 0.028629545723023425 5.5723692994431016 1.0
-0.004904307 -0.0005324517 -3.883081 -5.31118 0.4494794 0.4300303 0.6167714 17.77779 1.106771 0 0.0 0.00493312598289177 6.5792819551194945 1.0
-0.02841948 0.03399533 -4.559816 -7.425063 0.1348889 0.1249865 0.5567419 16.13786 1.241777 1 0.0 0.044309697643735955 8.713408202754247 1.0
0.03074198 0.01817718 0.02438488 -5.2 0.5778832 0.5504033 0.5568849 18.92363 1.09104 0 0.0 0.03571385175352555 5.2000571749138125 1.0
0.03462529 0.008753955 4.592297 -11.95067 0.7815233 0.7566954 0.7161216 18.98602 1.049742 0 0.0 0.03571473695445796 12.80264446062254 0.0
-0.005213861 -0.004021004 -1.40285 -7.005727 1.668454 1.507641 0.5628138 19.65517 nan 0 0.0 0.006584285815131129 7.1448022310648325 1.0
0.0131404 -0.01690186 -2.023401 -4.91759 1.091745 1.007307 0.5321931 19.55591 0.4713421 0 0.0 0.021408946345385614 5.317597485227798 1.0
0.01804602 0.04036 -0.3095988 -1.410111 0.7345886 0.7218367 0.6926302 18.8572 1.040018 0 0.0 0.04421072763301233 1.4436981849688806 1.0
0.006385184 -0.0002578545 -2.954465 -4.869939 0.2124502 0.2020194 0.5698637 17.0475 1.219118 0 0.0 0.006390388380765778 5.69606612496256 1.0
-0.005157542 -0.004379583 -3.457015 -4.811023 0.6260761 0.5612424 0.5873034 18.50118 nan 0 0.0 0.0067661648469168265 5.924263246746721 1.0
0.00669622 0.02735672 -2.816498 -3.428539 0.340304 0.2997748 0.3036635 15.97807 1.689004 0 0.0 0.028164330126008677 4.437064419019066 1.0
0.003795034 -0.001692084 -5.627959 -6.420243 1.988781 1.949988 0.6289486 19.69551 nan 0 0.0 0.004155169229310884 8.537765672863713 0.0
0.02667898 -0.02477927 -3.219012 -3.583829 0.5097916 0.4838106 0.5416232 18.57468 0.9755516 1 0.0918686 0.036411264679674336 4.817246989452067 1.0
0.0217603 0.02098843 -5.258735 -6.717753 1.300949 1.454975 0.5638926 19.64665 0.9727764 0 0.0 0.03023284389459417 8.531265976936483 0.0
0.04082358 0.02266636 -3.48137 -6.831563 0.5514005 0.5406474 0.6296277 18.71507 0.9067078 1 0.01505073 0.046693988474599164 7.667476123201754 1.0
-0.01892523 0.003639607 -1.497645 -3.738573 0.2429496 0.2277624 0.5172536 17.06376 0.7185192 1 0.0 0.019272028166940527 4.027389802633214 1.0
0.01407174 0.006436365 -2.947024 -4.759361 0.2215531 0.2118096 0.6130208 17.1688 1.210537 1 0.9941383 0.015473870267028381 5.597898497194907 1.0
-0.003862124 -0.0186179 -1.875243 -3.987013 0.9631765 0.9214135 0.7028887 19.19053 0.6902466 0 0.0 0.019014263125385008 4.405996932729073 1.0
-0.0333143 0.01304963 -3.032499 -4.40523 0.2220907 0.2069383 0.8479602 15.79684 0.4427109 1 0.09221626 0.03577898024856074 5.348093261892598 1.0
0.01469401 0.03318877 -3.308091 -5.0964 0.4112558 0.4283421 0.7365559 17.95427 1.073116 0 0.0 0.03629612078436207 6.075916311494177 1.0
0.008975244 -0.001028569 -3.514563 -5.145067 0.5652509 0.552194 0.6938252 18.45147 1.192335 0 0.0 0.009033989099356774 6.230880155761143 1.0
-0.0226744 0.03185254 0.5740589 -6.257896 0.6744596 0.6554276 0.9097456 17.8736 1.141594 1 0.0 0.03909875598803113 6.284171064467071 1.0
-0.01444725 -0.01028731 -0.07030616 -0.437258 1.612033 1.420971 0.8021066 19.48909 0.6371174 0 0.0 0.01773560767491771 0.4428741522125056 0.0
0.003372728 -0.002107875 -3.920905 -4.054761 0.9210095 0.9468368 0.6867215 18.6286 nan 0 0.0 0.003977239140108248 5.6404417190629665 1.0
0.01452251 0.009238213 -3.983758 -12.30185 0.3701068 0.3556866 0.5994627 17.83774 1.074371 0 0.0 0.017211852780379833 12.93080976679589 0.0
0.04030773 -0.007936901 -4.360511 -5.734151 1.841352 1.882287 0.8395603 19.78762 0.6153202 0 0.0 0.04108171728685038 7.203786773074422 1.0
0.03932739 0.009387833 -2.783419 1.286925 1.169052 1.118659 0.6356584 19.76028 0.8674545 0 0.0 0.04043235106505667 3.0665285397638153 1.0
-0.008001144 -0.001007527 -2.134197 -6.768305 0.8078135 0.7633596 0.6695028 18.73281 nan 0 0.0 0.008064329852161616 7.096812623131175 1.0
0.0005010877 -0.01180098 -2.527531 -5.111099 1.162699 1.105458 0.6518442 19.2963 nan 0 0.0 0.011811613684992043 5.701907219848636 1.0
-0.00763504 -0.003025481 -2.871494 -6.181517 0.2945556 0.2772649 0.6004761 17.48029 1.043449 0 0.0 0.008212634844126519 6.815910079609693 1.0
0.003091248 0.000106563 -1.716788 -4.354447 0.9746531 0.8864333 0.5851083 18.6878 nan 0 0.0 0.003093084200352942 4.6806591109322415 1.0
-0.02940429 0.03026434 -2.58401 -2.925358 1.202141 1.149612 0.7314885 19.54593 0.9433136 0 0.0 0.04219647551679761 3.90318166477862 1.0
0.0005292624 -0.005686021 -0.4690368 -4.109582 1.338559 1.298272 0.4964653 19.55289 nan 0 0.0 0.005710600099857699 4.136261565046175 1.0
0.01604008 -0.01489182 -2.01412 -3.004256 0.9960252 0.9424081 0.7390743 19.18391 1.020376 0 0.0 0.02188722159888733 3.616937031237342 1.0
0.041938 -0.01621147 -3.995434 -8.995935 0.507745 0.4704515 0.6051778 18.45702 0.9242477 0 0.0 0.04496229090650186 9.843289052576937 0.0
0.02719462 0.02040762 -4.406729 -6.428986 1.335941 1.296936 0.5503817 19.84299 0.5840416 0 0.0 0.03400026927847484 7.794300575910388 1.0
-0.0003715863 -0.01432822 -2.105362 -2.87758 1.701866 1.588039 0.6843965 19.84229 nan 0 0.0 0.01433303752687293 3.5655316304085702 1.0
