jas1101finalproject/data/gcs/NGC_6453.ecsv
# %ECSV 0.9
# ---
# datatype:
# - {name: x, unit: deg, datatype: float64}
# - {name: y, unit: deg, datatype: float64}
# - {name: pmx, unit: mas / yr, datatype: float64}
# - {name: pmy, unit: mas / yr, datatype: float64}
# - {name: pmx_e, unit: mas / yr, datatype: float64}
# - {name: pmy_e, unit: mas / yr, datatype: float64}
# - {name: pm_corr, datatype: float64}
# - {name: g_mag, unit: mag, datatype: float64}
# - {name: bp_rp, unit: mag, datatype: float64}
# - {name: filter, datatype: int64}
# - {name: memberprob, datatype: float64}
# - {name: r, unit: deg, datatype: float64}
# - {name: pm, unit: mas / yr, datatype: float64}
# - {name: member_prob_GMM, datatype: float64}
# - {name: member_prob_DB, datatype: float64}
# meta: !!omap
# - comments: [deg deg mas/yr mas/yr mas/yr mas/yr dimless mag   mag   zeroone float]
# - __serialized_columns__:
#     bp_rp:
#       __class__: astropy.units.quantity.Quantity
#       unit: &id001 !astropy.units.Unit {unit: mag}
#       value: !astropy.table.SerializedColumn {name: bp_rp}
#     g_mag:
#       __class__: astropy.units.quantity.Quantity
#       unit: *id001
#       value: !astropy.table.SerializedColumn {name: g_mag}
#     pm:
#       __class__: astropy.units.quantity.Quantity
#       unit: !astropy.units.Unit {unit: mas / yr}
#       value: !astropy.table.SerializedColumn {name: pm}
#     pmx:
#       __class__: astropy.units.quantity.Quantity
#       unit: !astropy.units.Unit {unit: mas / yr}
#       value: !astropy.table.SerializedColumn {name: pmx}
#     pmx_e:
#       __class__: astropy.units.quantity.Quantity
#       unit: !astropy.units.Unit {unit: mas / yr}
#       value: !astropy.table.SerializedColumn {name: pmx_e}
#     pmy:
#       __class__: astropy.units.quantity.Quantity
#       unit: !astropy.units.Unit {unit: mas / yr}
#       value: !astropy.table.SerializedColumn {name: pmy}
#     pmy_e:
#       __class__: astropy.units.quantity.Quantity
#       unit: !astropy.units.Unit {unit: mas / yr}
#       value: !astropy.table.SerializedColumn {name: pmy_e}
#     r:
#       __class__: astropy.units.quantity.Quantity
#       unit: &id002 !astropy.units.Unit {unit: deg}
#       value: !astropy.table.SerializedColumn {name: r}
#     x:
#       __class__: astropy.units.quantity.Quantity
#       unit: *id002
#       value: !astropy.table.SerializedColumn {name: x}
#     y:
#       __class__: astropy.units.quantity.Quantity
#       unit: *id002
#       value: !astropy.table.SerializedColumn {name: y}
# schema: astropy-2.0
x y pmx pmy pmx_e pmy_e pm_corr g_mag bp_rp filter memberprob r pm member_prob_GMM member_prob_DB
[from data line 2250]
-0.04978893 -0.004629731 -3.359461 -6.995565 0.2976803 0.2161609 0.09142981 17.26188 1.803635 0 0.0 0.0500037194584289 7.760406424907526 0.0 0.0
-0.04107188 -0.006150842 -1.569606 -6.276204 0.2435526 0.1998252 0.1494991 16.93341 1.981457 0 0.0 0.0415298950641988 6.469497634658505 0.0 0.0
-0.03518605 0.0340931 -3.917401 -5.178258 0.3236751 0.2561186 0.2991899 17.76255 1.895708 0 0.0 0.04899385249408848 6.493102995437928 0.0 0.0
-0.0376225 -0.02408592 -3.043071 2.772647 1.193745 0.9580457 0.08112249 18.52768 1.463839 0 0.0 0.04467196042817463 4.116776955052338 0.0 0.0
-0.01369565 0.01211533 -1.22817 -1.17192 1.682285 1.422201 0.8582585 19.25549 nan 0 0.0 0.0182852960033848 1.6975859434208331 0.0 0.0
-0.01359217 -0.006076948 -1.651125 -11.37956 1.28432 0.9854535 -0.1201247 18.83301 1.415813 0 0.0 0.01488880056631843 11.498721648914936 0.0 0.0
-0.04454801 0.01206255 -0.3220418 -6.557693 1.636743 1.405447 0.8271105 19.34345 1.538837 0 0.0 0.04615225138021546 6.5655958147906315 0.0 0.0
-0.0308012 0.001437221 -6.047207 -7.172077 0.2741036 0.2130118 0.3197897 17.13793 nan 0 0.0 0.03083471299757533 9.38122598570027 0.0 0.0
-0.03405748 -0.0215476 -4.099115 -7.261222 0.2132021 0.1665708 0.08051118 16.98109 nan 0 0.0 0.04030150133320594 8.338350479351957 0.0 0.0
-0.04249467 -0.0236572 -1.63483 -7.329578 0.125983 0.1024276 0.2632416 15.04069 2.632499 1 0.0 0.04863599582869564 7.5096859313145705 0.0 0.0
-0.04934239 0.004804284 -4.054222 -6.439059 0.3838007 0.3024309 0.205262 18.16351 1.672661 0 0.0 0.04957572587128459 7.609086464928954 0.0 0.0
-0.01251256 -0.002830471 -5.650752 4.244393 0.9849907 0.8153899 0.4519585 19.12502 nan 0 0.0 0.012828707021186547 7.067239213720801 0.0 0.0
-0.04753495 0.007136118 -3.599203 -4.129336 0.6023492 0.4764606 0.3596283 17.86065 1.881447 0 0.0 0.04806761541425187 5.477743881937617 0.0 0.0
-0.004600679 0.01129235 15.4719 -19.63493 0.8602307 0.7542944 0.1007002 17.39646 1.989582 0 0.0 0.012193580925369749 24.99820324973177 0.0 0.0
-0.02799991 0.03781135 -2.49553 -11.47482 1.226226 1.023338 -0.158005 18.99477 nan 0 0.0 0.047049900625087404 11.74304747556187 0.0 0.0
-0.02371839 0.005910371 1.32349 -2.484143 0.3490458 0.2625562 -0.00302232 18.03484 1.498289 0 0.0 0.024443700815337702 2.8147099716576487 0.0 0.0
-0.002766586 0.009720779 -0.2875155 -3.987659 0.5279909 0.414238 -0.341212 18.207 1.766928 0 0.0 0.010106806739135612 3.99801068820748 0.0 0.0
-0.02915592 0.03765455 1.994419 -0.1918594 0.4716266 0.3915704 0.28313 18.6076 1.621622 0 0.0 0.04762281813111127 2.0036260072501952 0.0 0.0
-0.04043639 -0.02158861 -3.732962 -3.535422 0.1622667 0.1337736 0.163788 14.89943 3.181095 1 0.0 0.045838517842140145 5.141421399917342 0.0 0.0
-0.02750398 -0.01783729 -6.018479 -6.46256 0.09740273 0.07645412 0.1496952 15.45885 2.062838 0 0.0 0.03278166912139314 8.831011902779942 0.0 0.0
-0.04360868 -0.006487828 -3.603249 -4.295371 0.5648969 0.4271465 0.1071624 17.87683 1.542252 0 0.0 0.0440886480117046 5.606568949334521 0.0 0.0
-0.0224131 0.009866575 -1.171467 -2.08724 0.4865531 0.3912867 0.1543218 18.71364 1.38695 0 0.0 0.024488698492174405 2.3935132649912347 0.0 0.0
-0.0250204 -0.008501938 -0.4875717 -2.670192 0.1638767 0.1309814 0.2356987 16.36701 1.737403 0 0.0 0.026425430288187248 2.714341813314029 0.0 0.0
-0.03167483 -0.01321918 -4.109621 -6.245816 0.2269172 0.1872354 0.2368235 16.69787 1.798738 0 0.0 0.034322610264974025 7.476576908552269 0.0 0.0
-0.02115726 0.01115627 -3.526522 -2.506432 0.162413 0.130468 0.2177512 16.86256 2.087136 0 0.0 0.023918444995870865 4.326494977127329 0.0 0.0
-0.02147764 -0.01290692 -0.3686775 -1.638884 0.5936185 0.4848067 -0.1748041 18.56999 nan 0 0.0 0.02505748598435206 1.6798404282735457 0.0 0.0
-0.02834502 0.01804347 -2.371126 -3.517993 1.375575 1.153519 0.8201882 19.18603 1.651602 0 0.0 0.033600698927869044 4.24246546903154 0.0 0.0
-0.04164614 -0.01306336 -5.416082 -2.545475 1.124879 0.9017643 0.05348276 18.88697 nan 0 0.0 0.04364690540449803 5.984428728487708 0.0 0.0
-0.0171133 0.01587217 0.3089312 -5.956534 0.2132047 0.1716265 0.2156777 16.86872 1.83486 0 0.0 0.023340754430799793 5.964539863182193 0.0 0.0
-0.03372617 -0.03341499 -1.421196 -7.572094 0.664779 0.5018366 -0.4060108 18.11263 nan 0 0.0 0.04747647943528458 7.70431084622447 0.0 0.0
-0.02745649 -0.009532676 0.3759531 -6.470014 1.170493 0.9800842 0.1591351 18.73169 nan 0 0.0 0.02906425218100538 6.480927548861784 0.0 0.0
-0.04974296 0.002492338 -1.835454 -5.649674 0.107658 0.08495681 0.006668855 15.83739 2.228617 1 0.0 0.049805359332785105 5.940345755290006 0.0 0.0
-0.02692475 -0.02271228 12.91729 -14.68935 0.9309961 0.7190564 -0.2273446 18.11464 1.502489 0 0.0 0.035224846704576304 19.561016956349686 0.0 0.0
-0.02990768 0.03155458 -3.555661 -5.697628 0.3926348 0.3087619 0.2315816 17.95428 1.843004 0 0.0 0.04347598005748461 6.71607697791687 0.0 0.0
-0.01515184 0.006625724 1.005557 -7.777694 1.258745 1.001189 0.129485 19.04791 1.543602 0 0.0 0.01653718458232162 7.8424274837504875 0.0 0.0
-0.01932595 0.02288691 0.492504 -2.34401 0.4054883 0.3114738 0.388224 17.89578 nan 0 0.0 0.029955016153402424 2.3951916562388074 0.0 0.0
-0.04477034 0.005035756 -4.004795 -5.599746 0.3186499 0.249767 0.0766014 17.96329 1.850872 0 0.0 0.045052660101342915 6.8844417534423945 0.0 0.0
-0.02604947 -0.01094366 0.2361095 -5.720129 0.08502973 0.06677626 0.1389005 13.52975 2.318644 1 0.9850083 0.02825488597528753 5.724999866605347 0.0 0.0
-0.03852286 0.02205625 1.882738 -2.639496 0.1821234 0.1422611 0.1511311 16.91962 1.993837 0 0.0 0.04439018930622058 3.2421661756702105 0.0 0.0
-0.02879287 0.005317489 -3.13807 -0.6035274 0.6088436 0.4972262 0.1800811 19.04332 1.562529 0 0.0 0.029279772063696485 3.195579547977293 0.0 0.0
-0.04220232 -0.0059416 0.8252717 -1.16155 0.1401995 0.1131877 0.05817994 16.02728 1.948205 0 0.0 0.04261852207599884 1.4248760582313431 0.0 0.0
-0.02361503 -0.00416803 -0.5899734 0.9472096 0.6390078 0.4972608 0.4086647 18.46638 1.434872 0 0.0 0.023980035779410335 1.115918742131218 0.0 0.0
-0.00633361 0.003243228 -3.30083 -4.405151 0.3790924 0.2979906 0.2831405 16.37194 nan 0 0.0 0.007115696978658099 5.504619334858769 0.0 0.0
-0.01600974 0.02600422 -2.802863 -1.755108 0.3097723 0.2750965 0.09255329 17.67649 1.629015 0 0.0 0.030537374357924096 3.3070296473471474 0.0 0.0
-0.01801395 -0.001908326 -4.066234 -6.809926 0.534515 0.4340983 0.2524546 18.76128 nan 0 0.0 0.01811474821036097 7.931541531646418 0.0 0.0
-0.03723659 0.01138332 2.524535 -4.864417 0.1045282 0.08073021 0.08103112 15.95501 1.765267 1 0.0 0.038937688799548696 5.480495389662691 0.0 0.0
-0.01789211 0.0155325 -1.581031 -4.095936 0.1725615 0.1378449 0.1183592 16.80321 1.671039 0 0.0 0.023693588932496065 4.390484112151757 0.0 0.0
-0.02940218 0.02336461 -3.705815 -4.726756 0.182572 0.1448885 0.1513199 16.87378 1.848337 0 0.0 0.0375552018927405 6.006270648061157 0.0 0.0
-0.007916112 0.001701954 -2.154865 -6.817168 0.9172098 0.689846 0.01616854 18.71957 nan 0 0.0 0.008097004175289772 7.149630949108421 0.0 0.0
-0.02356163 -0.015326 -2.879811 -6.947929 1.263325 1.093536 0.3455469 18.97653 nan 0 0.0 0.02810759122117902 7.521105556017812 0.0 0.0
-0.03255932 0.0005896876 4.471371 -0.8356196 0.823453 0.6492167 0.2042133 18.72139 nan 0 0.0 0.03256465953035582 4.548782115637675 0.0 0.0
-0.03674034 -0.03131056 -0.7239556 -4.060296 0.4202816 0.3334393 0.01433476 18.00768 1.482801 0 0.0 0.04827218402795962 4.124332105733893 0.0 0.0
-0.02271383 0.007131355 -3.987606 -5.004982 0.167121 0.1253682 0.03504896 16.6031 2.06247 1 0.0 0.02380702201882724 6.3992848375080165 0.0 0.0
-0.02971293 -0.02111869 -2.020105 -4.26267 0.3568229 0.2903319 0.3022658 17.66158 1.844898 0 0.0 0.03645349470902618 4.717115616552662 0.0 0.0
-0.03486002 -0.02418008 -3.205689 -5.151249 0.2613238 0.1982804 0.3532897 17.31464 1.812775 0 0.0 0.04242519608919681 6.067273541280465 0.0 0.0
-0.02349182 0.004254857 1.134159 0.8169275 0.3418326 0.2874821 0.3470893 17.69074 1.801086 0 0.0 0.02387403223175442 1.397743602216533 0.0 0.0
-0.02095562 0.008577587 -3.353896 -5.773605 0.4918997 0.3709352 0.05965685 16.78976 1.797013 0 0.0 0.02264316692353278 6.677060212012544 0.0 0.0
-0.03033143 0.02208254 -5.48843 -11.16087 0.6778609 0.5507015 0.285277 18.6328 nan 0 0.0 0.03751845170974543 12.43735836187894 0.0 0.0
-0.03292994 -0.0150202 -1.687487 -0.904949 0.9161893 0.7666925 0.01180417 19.04751 nan 0 0.0 0.036193747477203844 1.9148224637730777 0.0 0.0
-0.02896171 -0.01478603 -3.066822 -6.806 0.5189131 0.4024018 -0.3516426 18.30208 1.806288 0 0.0 0.032517800191356735 7.465054131061877 0.0 0.0
-0.03092636 0.0002508036 -2.663548 -7.946736 0.4246289 0.3411668 -0.03229629 18.35858 1.450836 0 0.0 0.03092737695465577 8.381235052305835 0.0 0.0
-0.01995646 0.03257609 1.640741 -5.383623 0.4892955 0.411771 -0.1028455 18.02794 nan 0 0.0 0.038202904803426925 5.628092717360829 0.0 0.0
-0.03255954 0.001150448 -1.21969 -5.168726 0.534633 0.4192981 0.2324682 18.29279 1.380167 0 0.0 0.03257985843450373 5.310684716604443 0.0 0.0
-0.02344713 0.02392345 -8.355541 -9.65219 0.7533341 0.6379626 -0.0492798 18.82174 1.406084 0 0.0 0.03349775164304912 12.766355674145265 0.0 0.0
-0.03561004 0.02654745 -1.690388 -7.924462 0.7192312 0.5734328 0.1470954 18.21456 1.583746 0 0.0 0.04441668662005418 8.102747039121239 0.0 0.0
-0.03870212 0.02929265 -4.014175 -4.735336 0.7022612 0.5865912 0.162226 19.01431 1.777294 0 0.0 0.048537752693309774 6.207818293371754 0.0 0.0
-0.03048614 0.03284374 -1.444568 -4.474788 0.6108142 0.471886 -0.1049308 18.7236 1.583368 0 0.0 0.04481200719993694 4.702180808047262 0.0 0.0
-0.02890987 -0.01942086 -3.710205 -6.927251 0.1984711 0.1615348 0.3257031 16.20366 1.847788 0 0.0 0.034827437266564704 7.858271283114754 0.0 0.0
-0.01937445 0.01534906 1.586746 -6.74438 0.7634684 0.6214835 0.09977008 18.87611 1.35881 0 0.0 0.024717664850994726 6.928522530302979 0.0 0.0
-0.04443099 -0.01881737 -3.923609 -4.227233 2.613836 2.078188 0.8148042 19.62751 nan 0 0.0 0.04825148998836201 5.767513018725662 0.0 0.0
-0.0297146 -0.01644187 0.1921969 -6.08985 0.07303487 0.05699644 0.1311843 14.86215 1.622761 1 0.9481978 0.0339601611046959 6.092882131706604 0.0 0.0
-0.04785257 -0.008439476 -5.730862 -7.403089 1.699015 1.827255 0.7685076 19.32286 1.69792 0 0.0 0.04859108159692965 9.36207808154605 0.0 0.0
-0.02880191 0.03141383 -0.6130393 -1.601947 0.193651 0.1432391 -0.003725319 17.09619 1.539871 0 0.0 0.04261899500125501 1.7152409084888016 0.0 0.0
-0.03901887 0.00815145 -4.757519 -7.005148 0.08832594 0.0697707 0.0366382 15.18487 2.14956 1 0.0 0.039861238731120734 8.467944587517387 0.0 0.0
-0.02621599 0.03922337 -6.872679 -4.899955 0.09628039 0.07467629 0.07807046 14.61097 2.652397 1 0.0 0.0471778643628238 8.440573181903348 0.0 0.0
-0.03145046 -0.0088093 -3.612066 -5.107373 0.457357 0.3941292 0.3992895 18.30122 1.24695 0 0.0 0.032660912429103996 6.2555798891457695 0.0 0.0
-0.02412557 0.02391562 -2.502619 -2.904814 0.6250944 0.5095064 0.1019084 18.61324 1.818413 0 0.0 0.033970575617868176 3.8341943395916958 0.0 0.0
-0.01623442 0.01846252 0.1300562 -5.933027 0.07791149 0.06144042 0.2091407 15.18911 2.064308 1 0.9945239 0.024584975848814656 5.93445229131446 0.0 0.0
-0.02256841 0.02669698 0.1795031 -7.678963 0.3327426 0.2425082 0.02401336 17.1503 1.896071 0 0.0 0.03495800153110157 7.681060741738644 0.0 0.0
-0.03734462 0.02813742 -1.411137 -2.213696 0.1776901 0.1416851 0.1859216 16.63238 1.926759 0 0.0 0.04675826180688072 2.6252157269803567 0.0 0.0
-0.02412669 0.02776847 -0.8635731 -4.806636 0.7482859 0.5608738 -0.2705542 18.99668 1.67926 0 0.0 0.03678566427967558 4.883595820247578 0.0 0.0
-0.04298156 -0.004854811 -2.720755 -4.762867 1.891549 1.738774 0.8333778 19.37471 1.146561 0 0.0 0.04325486897309159 5.4851991604420345 0.0 0.0
-0.01505223 0.0114933 0.5966631 -4.57186 0.4468807 0.373896 0.5432774 17.7264 1.080791 0 0.0 0.01893846807064658 4.6106301862653885 0.0 0.0
-0.02049986 -0.005769376 -1.647455 -5.785515 0.8055479 0.6667934 0.07778367 19.02726 1.593971 0 0.0 0.02129624284818747 6.015504284118665 0.0 0.0
-0.03559787 -0.001860595 -0.2804497 -6.298402 0.6008764 0.4833598 0.141698 18.93907 1.409582 0 0.0 0.03564646072600932 6.304642716905859 0.0 0.0
-0.01037844 0.005466789 0.09237681 -5.915868 0.07671406 0.06025362 0.192536 14.48036 2.164912 1 0.9965534 0.011730208813321312 5.9165891921317115 0.0 1.0
-0.006761065 0.008042083 0.3920317 -5.086559 0.3663552 0.3012097 0.5647229 17.41303 1.428473 0 0.0 0.010506526491334519 5.101643981530453 0.0 0.0
-0.03781588 0.01453781 5.294858 4.904451 0.5952233 0.4504418 -0.001127109 17.69008 1.5863 0 0.0 0.040514055582852974 7.21728209588381 0.0 0.0
-0.03924346 0.004946998 -5.737329 -5.584663 0.3295571 0.2543749 0.2357038 17.87604 1.790976 0 0.0 0.03955403825127851 8.006585094646157 0.0 0.0
-0.02442953 0.03218961 -2.793674 -6.058777 0.1116048 0.0875824 0.1278871 16.01437 2.408895 1 0.0 0.04041005973731046 6.6718358158759425 0.0 0.0
-0.02430103 0.02243166 -2.541631 -1.697023 0.2903022 0.2272638 0.2997495 17.47887 1.989122 0 0.0 0.03307142920129851 3.0561045798025304 0.0 0.0
-0.0322918 0.02325672 -5.693982 -8.240327 0.3950458 0.3120417 0.430391 17.98322 nan 0 0.0 0.039794916414014496 10.016207869411108 0.0 0.0
-0.03789556 0.02399059 -4.931967 -6.252476 0.1617695 0.1266477 0.07113679 16.91072 2.181087 0 0.0 0.044851107859914675 7.963526519053289 0.0 0.0
-0.01600992 0.02692357 -4.78178 -6.907438 0.1911595 0.1603163 -0.1943469 16.75564 2.144638 1 0.0 0.03132405082283101 8.401078483875985 0.0 0.0
-0.03334192 0.01021004 -3.025582 -3.021964 0.2861683 0.2210258 0.04614815 17.64141 1.922258 0 0.0 0.03487016699254536 4.276261551404451 0.0 0.0
-0.03322123 0.02253919 2.87104 -4.869063 0.2850237 0.2260978 0.298567 17.84861 1.824511 0 0.0 0.04014555029600416 5.652490175097078 0.0 0.0
-0.02004786 -0.005231393 1.079338 -5.994117 0.2699018 0.218323 0.2394662 17.17374 1.792678 0 0.0 0.0207191738083363 6.090517968771867 0.0 0.0
-0.02298983 0.005864799 -5.972826 -1.037366 0.9460498 0.7732561 0.1351124 18.85625 1.201195 0 0.0 0.023726106944446258 6.062242047644749 0.0 0.0
-0.03990704 0.02662561 1.458666 -6.046324 0.1881005 0.1468446 0.0757542 16.88772 2.002743 0 0.0 0.04797389862658339 6.219786203120812 0.0 0.0
-0.03441832 0.0007720436 -1.38756 -5.169182 0.283916 0.2240741 0.3096737 17.69669 1.884657 0 0.0 0.034426977836323376 5.352173885695793 0.0 0.0
-0.04785912 0.002920691 -5.457352 -4.056159 0.3373429 0.2672684 0.2219032 17.66394 1.870111 0 0.0 0.047948157452522414 6.7996409232535955 0.0 0.0
-0.02688536 0.01075407 -5.784893 -5.384428 0.7173445 0.6353022 0.1840277 19.13585 1.360004 0 0.0 0.028956391416999804 7.902977407827572 0.0 0.0
-0.03889225 0.00600002 -3.383104 -5.840896 0.254263 0.2025502 0.2075912 17.16802 2.009524 0 0.0 0.03935234872358828 6.749922870495039 0.0 0.0
-0.03177519 -0.01350913 -3.452781 -2.587316 0.2572982 0.2086645 0.2179823 17.0599 nan 0 0.0 0.034527659823582024 4.3146147820885465 0.0 0.0
-0.04344853 0.02351485 -7.920122 -6.86911 0.6533988 0.5122225 0.03659741 18.84867 1.723824 0 0.0 0.04940367324079658 10.483940322559262 0.0 0.0
-0.01158282 -0.005100081 10.79262 -6.047265 0.8934452 0.7477612 0.1727186 18.31784 1.618488 0 0.0 0.012655929257030516 12.371340284893346 0.0 0.0
-0.008946334 0.004139441 -6.258002 -8.941619 0.7034445 0.5940465 0.5252975 18.12453 nan 0 0.0 0.00985757900460539 10.913988243220944 0.0 0.0
-0.04568869 -0.01523605 -5.313245 -7.434926 0.4566534 0.3698468 0.1726928 16.92091 2.304842 0 0.0 0.04816215956037063 9.138309310561828 0.0 0.0
-0.04164023 -0.02482788 -0.6878773 -0.6758206 1.722756 1.506567 0.8231231 19.28266 1.189247 0 0.0 0.048480226688282925 0.9643177190322959 0.0 0.0
-0.01115614 -0.002570879 -2.988092 -5.503649 0.2846388 0.2214813 0.2808557 17.30037 1.815489 0 0.0 0.01144853171949316 6.262495198853649 0.0 0.0
-0.02637689 -0.008105629 -0.6348377 -1.211107 0.5705623 0.4591625 0.1768426 18.73685 nan 0 0.0 0.027594230330953987 1.3674059641490122 0.0 0.0
