jas1101finalproject/data/gcs/NGC_6388.ecsv
# %ECSV 0.9
# ---
# datatype:
# - {name: x, unit: deg, datatype: float64}
# - {name: y, unit: deg, datatype: float64}
# - {name: pmx, unit: mas / yr, datatype: float64}
# - {name: pmy, unit: mas / yr, datatype: float64}
# - {name: pmx_e, unit: mas / yr, datatype: float64}
# - {name: pmy_e, unit: mas / yr, datatype: float64}
# - {name: pm_corr, datatype: float64}
# - {name: g_mag, unit: mag, datatype: float64}
# - {name: bp_rp, unit: mag, datatype: float64}
# - {name: filter, datatype: int64}
# - {name: memberprob, datatype: float64}
# - {name: r, unit: deg, datatype: float64}
# - {name: pm, unit: mas / yr, datatype: float64}
# - {name: member_prob_GMM, datatype: float64}
# meta: !!omap
# - comments: [deg deg mas/yr mas/yr mas/yr mas/yr dimless mag   mag   zeroone float]
# - __serialized_columns__:
#     bp_rp:
#       __class__: astropy.units.quantity.Quantity
#       unit: &id001 !astropy.units.Unit {unit: mag}
#       value: !astropy.table.SerializedColumn {name: bp_rp}
#     g_mag:
#       __class__: astropy.units.quantity.Quantity
#       unit: *id001
#       value: !astropy.table.SerializedColumn {name: g_mag}
#     pm:
#       __class__: astropy.units.quantity.Quantity
#       unit: !astropy.units.Unit {unit: mas / yr}
#       value: !astropy.table.SerializedColumn {name: pm}
#     pmx:
#       __class__: astropy.units.quantity.Quantity
#       unit: !astropy.units.Unit {unit: mas / yr}
#       value: !astropy.table.SerializedColumn {name: pmx}
#     pmx_e:
#       __class__: astropy.units.quantity.Quantity
#       unit: !astropy.units.Unit {unit: mas / yr}
#       value: !astropy.table.SerializedColumn {name: pmx_e}
#     pmy:
#       __class__: astropy.units.quantity.Quantity
#       unit: !astropy.units.Unit {unit: mas / yr}
#       value: !astropy.table.SerializedColumn {name: pmy}
#     pmy_e:
#       __class__: astropy.units.quantity.Quantity
#       unit: !astropy.units.Unit {unit: mas / yr}
#       value: !astropy.table.SerializedColumn {name: pmy_e}
#     r:
#       __class__: astropy.units.quantity.Quantity
#       unit: &id002 !astropy.units.Unit {unit: deg}
#       value: !astropy.table.SerializedColumn {name: r}
#     x:
#       __class__: astropy.units.quantity.Quantity
#       unit: *id002
#       value: !astropy.table.SerializedColumn {name: x}
#     y:
#       __class__: astropy.units.quantity.Quantity
#       unit: *id002
#       value: !astropy.table.SerializedColumn {name: y}
# schema: astropy-2.0
x y pmx pmy pmx_e pmy_e pm_corr g_mag bp_rp filter memberprob r pm member_prob_GMM
-0.02297038 -0.05168287 -1.117213 -2.91515 0.6502428 0.5168774 0.142262 19.06031 nan 0 0.0 0.05655755837004723 3.121900768741537 1.0
0.06094982 0.02113122 -1.534214 -4.461509 0.75756 0.7000808 -0.1206805 19.46428 1.424009 0 0.0 0.06450898400006622 4.717931236768612 0.0
0.09198818 -0.08477157 1.158082 -3.137003 0.2484815 0.1944107 0.274277 17.27431 1.249153 1 0.0 0.1250921433982858 3.3439410492311317 0.0
-0.01001593 -0.06400446 -1.289695 -3.153436 0.633865 0.5099272 0.1604511 19.27103 1.324804 0 0.0 0.0647834064684507 3.406973994488511 1.0
0.01619333 -0.116126 -0.6754098 -4.752133 0.84771 0.7135205 -0.01345599 19.84231 nan 0 0.0 0.11724961327223599 4.799890253706332 0.0
0.01493309 -0.05341974 0.3731713 -7.523422 2.118313 1.422957 0.4580426 19.93511 0.9258881 0 0.0 0.05546770049871997 7.532671200127329 0.0
-0.01635607 -0.004115167 -1.375939 -2.885455 0.07161877 0.05490739 0.1534225 14.9299 1.752578 1 0.9839588 0.0168658123220552 3.1967262455121177 1.0
-0.005797739 -0.0193109 -1.469423 -2.357973 0.2630448 0.2120342 0.1046442 17.48693 1.347879 0 0.0 0.02016245610837432 2.7783521414064847 1.0
0.0491332 -0.1284508 -2.351584 -6.765221 0.6060979 0.5132366 -0.05940084 19.11631 1.06641 1 0.0 0.1375270132115142 7.162273555784993 0.0
0.1102495 -0.1006574 -0.2559894 -1.638931 1.080385 0.9050576 0.1866656 19.79143 1.029551 0 0.0 0.14928785759401197 1.6588023980189321 0.0
0.1543603 -0.05785071 -0.5681122 -5.525841 0.9736724 0.9396467 -0.1818911 19.95292 1.220797 0 0.0 0.16484479628909765 5.554968067331246 0.0
-0.002823048 -0.135491 -3.327694 -8.570899 0.8622253 0.7050975 0.09139742 19.75687 1.23658 0 0.0 0.1355204068803304 9.194229550421124 0.0
-0.02499968 -0.01706916 -1.316322 -2.650238 0.1306293 0.1108688 0.1083775 16.12797 1.648794 0 0.0 0.03027111202463497 2.9591324850922103 1.0
0.0365704 -0.1212851 -7.325308 -8.275143 0.8664111 0.7333408 0.001726935 19.82762 1.059063 0 0.0 0.12667860765800198 11.051612052787277 0.0
0.0615679 -0.07037261 -4.536416 -7.432975 0.7333598 0.6432981 -0.09467438 19.5637 1.340145 1 0.0 0.09350353227885083 8.707938187405846 0.0
0.04375782 0.05717278 -1.268992 -2.606652 0.06836706 0.05681327 0.0950006 14.96514 1.960656 1 0.9850301 0.0719963442410849 2.899133550764435 1.0
-0.02876893 -0.1074181 -0.7896005 -2.690016 0.3339095 0.2550823 0.3640695 17.90397 1.264431 1 0.7371057 0.11120386477526265 2.803507629712509 0.0
0.01360294 0.0005394768 -1.511538 -2.844608 0.1178054 0.09461432 0.05253139 15.67734 1.494546 0 0.0 0.013613633308611565 3.221264006427911 0.0
0.02438826 0.0263271 -1.798576 -2.369167 0.2022707 0.1579694 -0.005737077 16.72452 1.626923 0 0.0 0.035887371319694064 2.9745298622916865 1.0
0.1397814 -0.01460059 -4.440673 -2.758342 0.6826623 0.6007417 -0.09992154 19.51176 1.205561 0 0.0 0.14054186925720072 5.22762157026434 0.0
0.005538558 0.002524454 -0.544288 -3.03575 0.182181 0.1521593 -0.06652286 14.02068 1.722653 0 0.0 0.006086747301924075 3.084157500751867 0.0
0.0372265 -0.07678337 -2.503221 -4.440025 0.9390857 0.7951016 0.02032573 19.62676 1.198044 0 0.0 0.0853316952298904 5.097051831742149 0.0
0.07599242 0.01505949 -1.55643 -2.689437 0.1620588 0.1426471 -0.008219846 16.97723 1.438532 1 0.9538539 0.07747022742006442 3.107337400712867 1.0
0.02564403 -0.02743779 -4.226888 -5.64836 1.789767 1.595846 0.8170955 19.32254 nan 0 0.0 0.037555939539905006 7.054824792590104 0.0
-0.02552173 -0.01273207 -5.804592 -3.282935 0.1270157 0.1206673 -0.6477689 15.14592 1.558785 1 0.0 0.02852129570475016 6.668654324576211 0.0
0.1329492 -0.08264646 -2.770701 -2.712124 0.304457 0.2560281 0.2844954 17.6654 1.269022 0 0.0 0.15654369080602257 3.8771639922470396 0.0
0.05491099 0.07931522 -2.277642 -9.40518 0.455496 0.4109546 -0.004960978 18.82687 1.36817 0 0.0 0.09646823801867899 9.677037972053432 0.0
0.0535905 -0.1036936 -0.4439625 -0.3799562 1.07224 0.890783 0.07061301 19.88548 0.6761818 0 0.0 0.11672319551490183 0.5843538442798935 0.0
0.03356828 -0.07571301 1.21096 -9.10385 0.82084 0.7407322 -0.2252835 19.55443 1.330421 0 0.0 0.08282082651977399 9.184035547846056 0.0
0.07671254 0.0348492 1.117903 -7.800269 0.6548621 0.5887883 0.09316629 19.15782 1.362461 0 0.0 0.08425722837769825 7.879968501826006 0.0
0.01563988 -0.1623675 7.524312 -2.635912 0.662716 0.5402585 0.07315772 19.42826 1.83074 0 0.0 0.1631190084038779 7.972659728414853 0.0
0.05668801 -0.1006296 -5.185844 -2.9997 0.5798277 0.4964817 -0.08545973 19.21899 1.24559 0 0.0 0.11549825485227082 5.990924643353145 0.0
0.07102518 0.06689993 -3.616899 -5.477253 0.9717076 0.9226471 0.04985432 19.78342 1.215914 0 0.0 0.09757139349234129 6.563707702374475 0.0
0.02419636 -0.01761432 -1.653323 -2.750598 0.2249212 0.1804875 0.09939962 16.83786 1.305016 0 0.0 0.02992871708429882 3.209246998897561 1.0
-0.02825357 -0.05515659 -4.002445 -8.072934 0.6568324 0.5269075 0.1921193 19.4107 1.115044 0 0.0 0.06197187780092677 9.010650883614401 0.0
0.01764653 -0.1042284 -6.881254 -2.360394 0.9469876 0.8010217 0.05617989 19.77463 1.25193 0 0.0 0.10571168046909905 7.274827588867794 0.0
0.1497846 -0.06019234 -10.95516 -11.39679 0.328682 0.2702027 0.2730205 17.91972 1.115248 1 0.0 0.161426590721094 15.808300127771485 0.0
0.02485913 0.0117128 -0.3399393 -3.159929 0.2522236 0.2225638 0.1025024 16.60399 1.402884 0 0.0 0.027480284354367588 3.1781614201807766 1.0
0.08083419 0.03499236 -4.655426 -6.483693 0.7958283 0.7255636 0.08188972 19.70998 1.149601 0 0.0 0.08808309446951611 7.981933735613508 0.0
0.01891332 -0.1345327 -3.482876 -7.946859 0.9520614 0.7832415 0.004783183 19.92834 0.9995308 0 0.0 0.13585566253459 8.676577274320618 0.0
0.0950308 -0.116839 -4.317161 -3.979433 0.1822583 0.1507694 0.06855404 17.24609 1.151409 1 0.0 0.1506061249406544 5.871436459794996 0.0
0.009457856 -0.1582882 -2.764342 -7.61736 0.4498876 0.3638419 0.06846708 18.967 1.451761 1 0.0 0.15857050576748732 8.103441248171297 0.0
0.06855825 -0.1459305 -11.79162 -18.37431 0.6691929 0.5778747 -0.2065158 19.0846 1.188166 0 0.0 0.16123257882113184 21.832488868667724 0.0
0.1105482 -0.1141811 -1.381017 -2.368609 0.3555706 0.3011534 0.03808323 18.41422 1.175323 1 0.6228852 0.15892837418299477 2.7418089921017477 0.0
0.0004656098 0.0153421 -1.16208 -2.799536 0.139487 0.1051392 0.1775319 15.89625 1.588881 0 0.0 0.015349163654605289 3.031143635939412 1.0
-0.02377759 -0.03756119 -4.098955 0.2130211 1.721879 1.411067 0.1128316 19.69617 1.071692 0 0.0 0.044454659828011285 4.1044865794725425 0.0
0.03687833 -0.07955261 -2.605244 -15.22476 0.7889178 0.6785526 -0.04303503 19.56275 1.08173 0 0.0 0.08768482754388583 15.446054944779137 0.0
0.04289877 -0.1349385 -3.490904 -7.8534 0.4678132 0.3795633 0.1110326 18.99099 1.600006 1 0.0 0.14159344352674985 8.594318023974676 0.0
0.07065419 -0.05898851 -2.399994 -8.787878 0.2919562 0.2414413 0.1627516 17.81184 1.152405 0 0.0 0.09204161491725468 9.10970751138147 0.0
0.139681 -0.01130444 -5.26175 -6.474136 0.6710768 0.58051 -0.03329271 19.41305 1.10157 0 0.0 0.14013768987932404 8.342688416151955 0.0
-0.02624288 -0.09501157 -0.727251 -2.916674 1.004083 0.8400018 -0.001062901 19.54684 1.238899 0 0.0 0.09856919997930033 3.0059742579198847 0.0
0.02359509 0.04918891 3.041236 -15.56352 1.386001 1.080688 -0.1182513 19.88556 1.258127 0 0.0 0.054555266831866935 15.857877260153579 0.0
0.04744489 -0.1298189 2.162377 -4.553867 1.960519 1.615606 0.1280535 20.10975 nan 0 0.0 0.13821709150579786 5.041188247210969 0.0
0.03746226 -0.0804647 -2.682725 -4.756582 0.5397802 0.4538364 0.008628745 19.031 1.038925 0 0.0 0.08875803552579113 5.4609601489434985 0.0
-0.002680823 0.06242302 1.095513 -2.701419 0.09901489 0.08950115 -0.06374677 15.78218 1.195216 1 0.0 0.06248055887936446 2.915100915359535 1.0
-0.02576138 -0.106978 3.769756 -4.942571 0.2603216 0.2048714 0.2549462 17.80776 1.210583 1 0.0 0.11003609036813514 6.216113608162017 0.0
-0.005516044 -0.01894085 -4.747381 -4.075269 0.8947118 0.7737253 0.5730854 18.71151 nan 0 0.0 0.01972770995661777 6.256631983864961 0.0
0.1508957 0.0004395736 0.9236918 -0.2487301 0.8331221 0.7301735 -0.1094235 19.77668 1.05835 0 0.0 0.15089634025860207 0.9565945870813037 0.0
0.01927296 -0.1585043 -0.7113371 0.6667447 0.8439805 0.6976083 0.04889265 19.72448 0.9949417 0 0.0 0.15967172606836688 0.9749610068174521 0.0
0.03510458 -0.1481511 0.4519985 -2.633642 0.7865887 0.6419121 0.02040077 18.93987 1.097752 0 0.0 0.15225334140236924 2.6721476059840428 0.0
0.1173394 0.01245743 -3.161229 -2.39001 0.5019743 0.4356356 -0.01503704 18.98867 1.159843 0 0.0 0.1179988235304272 3.9630186210187053 0.0
0.08823734 -0.08863764 3.106795 -2.816491 0.5280788 0.4427737 0.1371883 18.97214 1.10582 1 0.0 0.12506981808192255 4.1934230319759065 0.0
-0.01995441 -0.004352808 -0.3740826 -2.185505 0.2364819 0.1745824 0.04367227 16.69121 1.45928 0 0.0 0.020423648448133942 2.217288861796712 0.0
0.03247642 -0.01530285 -1.378806 -4.506227 1.37831 1.0194 0.5451618 19.50606 nan 0 0.0 0.03590118485703361 4.712450292699648 0.0
0.05618561 -0.1497394 -4.458099 -7.164349 0.1400455 0.1121909 0.454014 16.18293 1.485488 1 0.0 0.1599334570483365 8.438159946789465 0.0
0.08419288 0.03254617 -2.417872 -1.235259 0.6040355 0.5235129 0.04217935 19.27068 1.231466 0 0.0 0.09026457901282928 2.715137161445992 0.0
-0.01949829 -0.007011497 -1.071347 -3.266573 0.1652348 0.1313318 -0.1188048 16.4153 1.52749 0 0.0 0.02072062747855646 3.4377730522444323 1.0
0.06208853 -0.0694729 2.45496 -5.605506 0.5846509 0.5029686 -0.01470232 19.20887 1.201832 0 0.0 0.093174403094256 6.119520088833437 0.0
0.1380778 -0.03821717 -1.899493 -5.095445 1.036042 0.9339989 0.05737234 19.83639 0.7861233 0 0.0 0.14326908576398784 5.43798063669539 0.0
0.1475221 -0.06418052 -4.927964 -2.648904 0.7052054 0.6324727 0.03561892 18.90909 1.493721 0 0.0 0.16087855399611348 5.594776276716702 0.0
0.06382022 -0.01114042 1.173285 -0.5155281 0.1648578 0.13541 0.1661391 16.80093 1.181683 1 0.0 0.06478525633679934 1.2815486386066701 0.0
0.01743209 0.04585705 -2.150497 -1.987115 1.244356 1.071805 0.1746994 19.77503 0.9356995 0 0.0 0.049058605733047496 2.9280135536288077 1.0
0.08313234 0.0341575 1.246569 -5.578157 0.8347248 0.737788 0.2467636 19.49902 1.178696 0 0.0 0.08987614121737537 5.715747526650386 0.0
0.1044971 -0.02664918 -2.541871 -7.302821 0.4632283 0.4486567 -0.1443102 18.78452 1.364508 0 0.0 0.10784165569520156 7.732548269405242 0.0
-0.03641609 -0.1277433 -5.554509 -13.06204 1.861331 1.216108 0.5693379 20.09778 1.257286 0 0.0 0.13283253481650534 14.193993771757157 0.0
0.1045453 -0.107601 -1.94741 -5.331635 0.1688233 0.1384218 0.07066089 17.08232 1.231857 1 0.0 0.15002564765096 5.676155167128979 0.0
-0.02299376 0.007097785 -1.262311 -3.140637 0.1077363 0.08722641 -0.2183647 15.62039 1.810459 1 0.8842449 0.024064321117451555 3.3848234557344345 1.0
0.02453453 0.013235 -4.705011 -4.643882 0.1509168 0.1493275 -0.1451978 16.36695 1.062521 0 0.0 0.027876663848475484 6.610806950747011 0.0
0.01947203 0.04743187 -2.376298 -1.428006 1.698466 1.366325 -0.1614873 19.62548 1.382347 0 0.0 0.0512732117583617 2.7723624079185605 1.0
0.1428867 -0.01217058 -1.611058 -6.625654 0.9631161 0.8503152 0.1531019 19.90959 1.058733 0 0.0 0.14340408660295006 6.818709467859736 0.0
0.1347141 -0.07774102 -3.114961 -2.961372 0.9066682 0.8176228 -0.006965211 19.83773 1.222279 0 0.0 0.1555363460077753 4.297988617237719 0.0
0.05796749 -0.1194907 -0.02552473 -5.082542 0.6780612 0.5702371 -0.09415474 19.46688 1.70031 1 0.0004545917 0.1328091009057365 5.082606092705353 0.0
0.003821745 -0.05966259 -1.085559 -2.591791 0.3233477 0.2572866 0.1395159 18.16415 1.474216 0 0.0 0.05978486748628891 2.809949987128241 1.0
0.01827818 -0.1594271 -7.879609 0.8671616 0.5550432 0.4503174 0.06484608 19.18087 1.009499 1 0.0 0.16047146811356341 7.927181544117403 0.0
-0.008728619 0.01531093 -0.6157649 1.431149 0.8821046 0.6677883 -0.0566191 17.30193 nan 0 0.0 0.017624226709619377 1.557996749763301 0.0
-0.0229 -0.01064815 -1.410071 -2.649858 0.08962262 0.0689991 0.1193786 14.23018 2.340467 1 0.9891896 0.02525456589257673 3.001674140409815 1.0
0.1403572 -0.07191033 -8.163855 -6.251514 0.5697117 0.4967187 -0.146668 19.01798 1.383263 0 0.0 0.157706179817244 10.282507269786926 0.0
0.1115572 0.01623398 -1.100152 -5.148017 0.211019 0.1723522 0.1530348 17.25481 1.4984 1 0.0 0.11273220914397268 5.264258110635629 0.0
0.05841548 0.04560513 -4.367084 -8.97731 1.450993 1.369539 0.008127808 19.9583 1.250074 0 0.0 0.07410935289116549 9.983161698537993 0.0
0.02442585 -0.03867536 -0.4562088 -2.404928 0.2250795 0.1657714 0.197615 16.76903 1.417326 0 0.0 0.045742820413176316 2.4478164053665137 1.0
0.02291474 -0.1340535 1.871736 -1.567956 0.6014227 0.5292051 -0.06796173 19.31938 1.885626 0 0.0 0.1359978903200987 2.4416964740999236 0.0
0.1269055 -0.08442958 -2.272087 -2.002719 0.8402086 0.7535426 -0.1174341 19.67886 1.33807 1 0.2285726 0.1524249320459957 3.028739461975889 0.0
0.03062061 -6.212308e-05 4.539665 -2.415483 0.6559019 0.5383244 0.174009 16.7726 1.375476 0 0.0 0.030620673017573742 5.142287082175985 0.0
0.01700913 -0.06424642 -0.5589767 -2.484206 1.874916 1.402398 0.6070319 20.01592 0.9904346 0 0.0 0.06645985996203498 2.54631781236728 1.0
0.04878013 0.01702289 4.167626 -7.55745 0.6843514 0.635283 -0.08187866 18.94392 1.555906 0 0.0 0.051665073954935935 8.630420440417488 0.0
0.06202083 -0.1523966 -4.825354 -4.438555 0.3536922 0.2947396 -0.0491379 18.16182 1.222923 1 0.0 0.16453360460844738 6.556280326018786 0.0
0.04936937 -0.08000445 0.5126428 -3.020244 1.283335 1.029453 0.1283306 19.97755 0.7888126 0 0.0 0.0940108861462299 3.063441930235962 1.0
0.03080236 -0.1466762 -0.1257684 -2.422911 0.4924382 0.4080714 0.07203613 19.05187 0.9515572 1 0.1467233 0.14987559183539392 2.426172995554843 0.0
0.01499749 -0.1387849 -2.717106 -5.656871 0.526634 0.4042689 -0.03998801 19.03591 1.835951 1 0.0 0.13959288368075967 6.275576031399588 0.0
-0.02276412 -0.02546057 -1.747968 -3.024774 0.09199852 0.07167249 0.1316671 15.56853 1.88902 1 0.6772765 0.034153269010437345 3.493515404302663 1.0
0.1654116 -0.01031184 -0.1310725 -3.263381 0.4065241 0.360134 0.102681 18.73535 1.073801 0 0.0 0.1657327108893884 3.266012178700081 0.0
0.04992928 -0.1582671 -10.21793 -7.838629 0.7532431 0.6069278 0.1025418 19.62077 1.384699 0 0.0 0.165956042203134 12.878283972818002 0.0
0.06142516 0.03990285 -1.248971 -2.767895 0.1805851 0.1896932 0.1242332 16.88954 1.520555 1 0.9642313 0.07324812433877129 3.0366381558997118 1.0
0.03519299 -0.07418047 -2.177081 -0.4107745 0.2848771 0.2293672 0.05808058 17.83964 1.101833 1 0.0 0.08210535107141921 2.2154948364668443 0.0
-0.00930795 -0.156934 -3.113249 -8.840828 0.9054317 0.6943172 -0.04951346 19.68414 1.212112 0 0.0 0.15720979069130045 9.372969596749208 0.0
-0.02169733 -0.03876582 -1.674878 -2.761711 0.1595009 0.1256008 0.2488874 16.44608 1.58863 1 0.9520363 0.044424800836934536 3.2299015406673006 1.0
0.008438574 -0.03215912 19.63235 -5.391614 1.583395 1.428251 0.09213746 19.14903 0.7989407 0 0.0 0.033247834972038044 20.359240360276115 0.0
-0.01295604 0.01061043 -4.874395 -5.643691 1.37733 1.105513 0.3208812 18.1897 1.135733 0 0.0 0.0167463487741806 7.457276628871024 0.0
0.1480875 -0.06327788 -6.82567 -6.102104 2.546917 1.758766 0.7252042 20.11792 nan 0 0.0 0.16104036063529045 9.155623636635355 0.0
0.05235642 -0.1043563 -0.8561806 1.632864 2.138557 1.66043 0.6385944 20.11368 0.7413826 0 0.0 0.11675372398731614 1.843716372523811 0.0
0.02477493 0.01763324 -0.2342409 -3.516323 0.1495065 0.1267532 0.03105312 15.76086 1.63007 0 0.0 0.030409345757554534 3.524116377130842 1.0
0.02846978 -0.0534439 -0.01068254 -0.7394635 0.2202594 0.1832231 0.1173552 17.24959 nan 0 0.0 0.0605539331543245 0.7395406577687947 0.0
0.1124626 -0.00879605 -1.5474 -4.987788 1.730885 1.518249 0.710394 20.06158 1.550692 1 0.07459485 0.11280605876619615 5.22230561083359 0.0
-0.002591705 0.01084452 -0.2661759 -4.339483 0.4869628 0.4188095 0.3411336 16.58797 nan 0 0.0 0.011149912503577102 4.347638705898849 0.0
0.1039546 -0.0270907 -4.120249 -4.11861 0.5942724 0.5874255 -0.2420584 19.16722 1.250692 0 0.0 0.10742655578417284 5.82575318341766 0.0
