jas1101finalproject/data/gcs/NGC_5272_M_3.ecsv
# %ECSV 0.9
# ---
# datatype:
# - {name: x, unit: deg, datatype: float64}
# - {name: y, unit: deg, datatype: float64}
# - {name: pmx, unit: mas / yr, datatype: float64}
# - {name: pmy, unit: mas / yr, datatype: float64}
# - {name: pmx_e, unit: mas / yr, datatype: float64}
# - {name: pmy_e, unit: mas / yr, datatype: float64}
# - {name: pm_corr, datatype: float64}
# - {name: g_mag, unit: mag, datatype: float64}
# - {name: bp_rp, unit: mag, datatype: float64}
# - {name: filter, datatype: int64}
# - {name: memberprob, datatype: float64}
# - {name: r, unit: deg, datatype: float64}
# - {name: pm, unit: mas / yr, datatype: float64}
# - {name: member_prob_GMM, datatype: float64}
# meta: !!omap
# - comments: [deg deg mas/yr mas/yr mas/yr mas/yr dimless mag   mag   zeroone float]
# - __serialized_columns__:
#     bp_rp:
#       __class__: astropy.units.quantity.Quantity
#       unit: &id001 !astropy.units.Unit {unit: mag}
#       value: !astropy.table.SerializedColumn {name: bp_rp}
#     g_mag:
#       __class__: astropy.units.quantity.Quantity
#       unit: *id001
#       value: !astropy.table.SerializedColumn {name: g_mag}
#     pm:
#       __class__: astropy.units.quantity.Quantity
#       unit: !astropy.units.Unit {unit: mas / yr}
#       value: !astropy.table.SerializedColumn {name: pm}
#     pmx:
#       __class__: astropy.units.quantity.Quantity
#       unit: !astropy.units.Unit {unit: mas / yr}
#       value: !astropy.table.SerializedColumn {name: pmx}
#     pmx_e:
#       __class__: astropy.units.quantity.Quantity
#       unit: !astropy.units.Unit {unit: mas / yr}
#       value: !astropy.table.SerializedColumn {name: pmx_e}
#     pmy:
#       __class__: astropy.units.quantity.Quantity
#       unit: !astropy.units.Unit {unit: mas / yr}
#       value: !astropy.table.SerializedColumn {name: pmy}
#     pmy_e:
#       __class__: astropy.units.quantity.Quantity
#       unit: !astropy.units.Unit {unit: mas / yr}
#       value: !astropy.table.SerializedColumn {name: pmy_e}
#     r:
#       __class__: astropy.units.quantity.Quantity
#       unit: &id002 !astropy.units.Unit {unit: deg}
#       value: !astropy.table.SerializedColumn {name: r}
#     x:
#       __class__: astropy.units.quantity.Quantity
#       unit: *id002
#       value: !astropy.table.SerializedColumn {name: x}
#     y:
#       __class__: astropy.units.quantity.Quantity
#       unit: *id002
#       value: !astropy.table.SerializedColumn {name: y}
# schema: astropy-2.0
x y pmx pmy pmx_e pmy_e pm_corr g_mag bp_rp filter memberprob r pm member_prob_GMM
[from data line 7206]
0.01820892 0.0744884 0.1890676 -2.843571 0.5692434 0.3439927 0.02603224 19.24927 0.5391521 0 0.0 0.07668172208633814 2.849849573119739 0.0
0.02206653 -0.02491232 -15.69323 3.422558 2.204393 0.9721206 0.1324156 19.65552 nan 0 0.0 0.03327995543902215 16.06210979592233 0.0
0.006818493 -0.128531 0.3378662 -2.603189 0.6759296 0.3927025 -0.1630422 19.66055 0.5988979 0 0.0 0.12871173143032089 2.625023150150002 0.0
-0.0040663 -0.05481413 -0.2780249 -2.023821 0.655318 0.3792045 -0.09880181 19.36416 0.5733986 0 0.0 0.054964749097461546 2.042828745896486 0.0
-0.005919082 -0.03936833 -9.046236 -2.656229 0.7363471 0.4262685 0.07672819 17.94028 0.749485 0 0.0 0.03981081434373861 9.428146067395064 0.0
-0.008552211 -0.04933786 1.079769 -0.9734386 1.270135 0.6515621 0.01481187 20.00588 nan 0 0.0 0.05007359326399615 1.4537825839275142 0.0
-0.009100628 -0.02278372 0.443417 -1.937358 2.150382 0.9931064 -0.5709209 19.16405 nan 0 0.0 0.02453404424534985 1.9874543154631252 0.0
0.0008768817 -0.07128033 -1.046865 -4.205347 2.174056 2.295687 -0.3800558 20.61154 0.6219521 0 0.0 0.07128572344042457 4.333690081054943 0.0
-0.01844594 -0.09632219 -0.9440929 -2.483463 0.7920391 0.5262644 0.008812117 19.85442 0.7299461 0 0.0 0.09807250883341213 2.6568590245249015 0.0
-0.12489 0.1488954 -1.202911 -4.202537 1.438884 0.9856002 -0.2794251 20.29362 0.6990337 0 0.0 0.1943382418392222 4.371305538427851 0.0
-0.1766105 -0.1000221 -0.7943627 -2.969247 0.2566668 0.1470755 -0.08255282 18.2361 0.8284531 1 0.9934651 0.2029672121271315 3.0736687925279607 0.0
0.0459818 -0.02322046 0.1041988 -3.837166 1.178137 0.8214901 0.4294977 19.84361 nan 0 0.0 0.05151228682413158 3.8385805060565605 0.0
0.01924604 -0.02202896 -4.584131 -3.683156 0.7144901 0.4971531 0.1087636 17.38991 0.856617 0 0.0 0.02925209623878603 5.880467255711658 0.0
-0.08915038 -0.01229056 0.348792 -4.86019 1.553494 2.044493 -0.2015062 20.39642 0.6695824 0 0.0 0.08999360043501982 4.872689472495041 0.0
0.01900656 0.04047481 0.5890448 -2.647871 3.074865 1.432802 -0.6608578 20.10988 -0.4139748 0 0.0 0.04471531692350732 2.7125992348756642 0.0
-0.01774772 0.0611121 -2.307136 -2.11049 2.269213 1.541216 -0.04317078 20.62624 nan 0 0.0 0.06363702013457576 3.1268265961827817 0.0
0.01951147 -0.004969583 -1.602977 1.282274 0.5460997 0.3961055 0.2826951 17.60532 0.4891205 0 0.0 0.02013440380927106 2.052744960681916 0.0
0.01877233 0.07476316 -0.3619133 -2.650249 1.820085 0.9434295 -0.3056688 20.33061 nan 0 0.0 0.07708391834108136 2.674845976634522 0.0
-0.2322214 0.07565485 -0.2147087 2.364035 2.588583 2.901981 -0.4206146 20.92865 0.7255592 0 0.0 0.24423438526645364 2.373765217345787 0.0
0.05180636 0.09321248 -0.7650276 -1.795176 0.9343705 0.6267903 -0.1121933 19.7982 0.6596851 0 0.0 0.1066417618205926 1.9513902991810124 0.0
0.01820294 0.03123166 1.682767 -4.744046 0.8485026 0.5290829 -0.07762866 18.64119 0.5665398 0 0.0 0.03614918548182241 5.033654460370219 0.0
0.03476626 -0.0962399 1.447542 -2.129252 0.7472546 0.4149324 -0.1287182 19.68793 0.6452408 0 0.0 0.10232698171253563 2.574702297600249 0.0
-0.00318998 0.0524513 1.463671 -3.487173 1.404049 0.6329646 0.1582387 20.08247 0.3028355 0 0.0 0.05254821447100177 3.7818921624194943 0.0
-0.06697054 0.07066469 1.20363 -5.163403 1.083516 0.7251403 -0.01835644 20.19315 0.6817112 0 0.0 0.09735785351314859 5.301835127322331 0.0
-0.1279517 0.0339547 -1.0715 -2.346365 1.831491 1.441018 -0.3939227 20.45801 0.4400501 0 0.0 0.13238035800291523 2.5794458635964816 0.0
-0.006657731 -0.03913369 -0.2107985 -1.974657 0.7684079 0.3389501 -0.0273965 19.00067 0.6013794 0 0.0 0.03969598311018964 1.9858767019256887 0.0
-0.01067164 -0.02196722 0.1390144 -2.595926 1.226093 0.8093731 0.5234698 18.41977 nan 0 0.0 0.02442217547267237 2.599645514466032 0.0
0.008279136 -0.244293 0.2291421 -2.371888 0.7443954 0.3642166 -0.1224563 19.69217 0.649847 1 0.9992954 0.24443325048345305 2.382930713750698 0.0
-0.02794208 -0.02950001 0.2219755 -2.858503 0.9238731 0.6108028 -0.3348047 19.53297 0.880434 0 0.0 0.04063262758826335 2.8671087394114037 0.0
-0.02571194 0.08490598 -1.364934 -2.605312 0.2929873 0.1794612 -0.03107393 17.71586 0.8140469 0 0.0 0.08871374920678306 2.9412064602302235 0.0
-0.138402 0.1501711 10.43904 -5.88975 4.224549 2.441512 -0.5812719 20.65679 0.9103508 1 0.9805533 0.20422162686456594 11.985938060247936 0.0
-0.03648436 -0.07283427 0.2731315 -4.945328 1.069119 1.2149 -0.2342361 19.78807 0.3579483 1 0.9981588 0.0814612755304169 4.952864811790874 0.0
0.09471767 0.06134557 2.544145 -3.697163 1.063267 0.5950541 -0.3268916 19.94264 0.5807228 0 0.0 0.1128481987842686 4.487949200870482 0.0
0.06266459 -0.03164431 0.1267819 -2.411681 0.5311653 0.2894516 -0.1350068 19.1256 0.6234779 0 0.0 0.07020123357352205 2.415011158551573 0.0
-0.025807 -0.08537249 -0.6413911 -3.280421 0.3926337 0.2606129 0.03304195 18.67252 0.5992432 1 0.9992956 0.08918779791989541 3.3425356363695227 0.0
-0.08397762 -0.007944117 -0.07053666 -4.185859 1.761525 1.013853 -0.1771351 20.13207 0.5362415 0 0.0 0.08435253200570858 4.186453270763327 0.0
0.0188529 0.07433974 0.7067873 -1.720146 1.631421 0.8436809 0.2083452 19.49425 0.3855457 0 0.0 0.07669308170674588 1.8596909820605383 0.0
0.0405252 -0.04597544 0.1665318 -1.494697 1.036441 0.5455353 -0.1731823 20.00604 0.3630676 0 0.0 0.061286482345078344 1.503945465174931 0.0
0.008755655 0.01532127 2.606769 0.04140458 0.5966331 0.4078661 0.07294717 17.49127 nan 0 0.0 0.01764660899130269 2.6070978038052153 0.0
-0.1456445 0.1575603 -0.9799051 -1.374821 1.767314 1.313029 -0.5656164 20.3623 0.5995579 0 0.0 0.21456367007566776 1.6882970079482489 0.0
-0.006953248 -0.0399462 -7.641607 -0.9635303 1.256671 0.5699736 0.07861911 19.11976 0.6443672 0 0.0 0.0405468439239049 7.702113228294367 0.0
0.009076422 -0.1256851 0.8825291 -2.451548 0.3875599 0.2292801 -0.1072779 18.91968 0.6238651 1 0.9992239 0.1260124033511467 2.605560440414079 0.0
0.2093097 -0.1535363 4.731213 -6.029642 2.573412 1.583035 -0.4960108 20.74133 0.651432 0 0.0 0.25958417889343716 7.664265072368844 0.0
0.06334632 -0.1845615 -0.4541109 -2.672873 0.1765107 0.09547617 -0.2335562 17.37448 0.9248066 1 0.9998852 0.19512996576587716 2.7111744288458848 0.0
0.04900584 -0.2338336 0.4856697 -2.455564 1.091794 0.5708038 -0.1758265 20.0193 0.6155205 0 0.0 0.23891363469476914 2.5031319612825227 0.0
0.04945129 -0.005167751 0.1478666 -2.01412 0.999351 0.7684269 -0.0815086 20.07488 nan 0 0.0 0.049720576556010504 2.019540518483242 0.0
0.04963508 -0.02495641 -1.124236 -2.482079 0.367526 0.2200456 -0.1224089 18.67888 0.5941505 0 0.0 0.055555949876628874 2.72481609396616 1.0
0.03572096 0.1011423 0.04729623 -2.337297 0.753685 0.5012646 -0.2386244 19.55985 0.6248703 0 0.0 0.10726486765298134 2.3377754810035145 0.0
0.1686328 0.02028439 -2.69176 -2.040416 0.9424063 0.5048971 -0.2829401 19.90163 0.7107582 0 0.0 0.16984839626417467 3.3777017853351117 0.0
0.02654168 -0.03888262 0.6453677 -2.852319 1.144837 0.5639486 -0.06927259 19.82685 0.7469063 0 0.0 0.04707779641494279 2.9244184286733472 0.0
0.0154322 -0.02013177 4.703588 0.3336661 0.8604797 0.6144048 0.2322414 18.14091 0.7168732 0 0.0 0.025366138061851277 4.715408056577204 0.0
0.009050112 0.02534631 2.005255 -3.204123 0.5876119 0.3404801 0.1290945 17.31813 0.7238674 0 0.0 0.02691356456935134 3.779874576510972 0.0
-0.1357979 0.07973893 1.053892 -4.189971 1.580795 1.471074 -0.3883266 20.49497 0.7361984 0 0.0 0.1574781464265912 4.320479756752136 0.0
0.009142175 0.04725031 -5.308213 -2.977909 2.117534 1.073063 0.1230774 20.14859 nan 0 0.0 0.04812661590873313 6.086465909347559 0.0
0.05845484 0.05298235 1.812604 0.4071961 0.6634411 0.5185123 -0.4437577 19.1426 0.6744099 0 0.0 0.07889295108530356 1.8577787609592296 0.0
0.009050998 0.01496843 -2.324175 0.6760098 1.063668 0.5246974 -0.2045323 18.33365 nan 0 0.0 0.017492125698750968 2.4204914129822974 0.0
-0.05855945 -0.02818481 -1.102793 -2.559666 1.035644 0.7744435 0.06192749 20.0671 0.5575314 0 0.0 0.06498917370638435 2.7871208141027903 0.0
0.08172237 0.001072068 0.1562607 -2.459801 0.5373863 0.319024 -0.2900661 19.2282 0.5779819 0 0.0 0.08172940161418976 2.4647592916886407 0.0
0.1000228 -0.1296133 0.3423955 -2.502633 0.6676478 0.3519328 -0.04068204 19.48555 0.691679 1 0.999783 0.16371978517189054 2.525946676220472 0.0
0.05466454 0.01311484 0.5425499 -7.482864 1.407857 0.8749076 -0.4874189 19.78946 0.6892624 0 0.0 0.056215753678459206 7.502507183367838 0.0
0.4372952 0.01161812 4.422923 -15.73608 2.273804 1.30607 0.01251684 20.38595 2.147678 0 0.0 0.43744950869257404 16.345839275801318 0.0
0.007115803 0.04817903 -1.179999 5.73348 3.356679 1.579277 -0.03561125 20.31694 nan 0 0.0 0.04870167947900471 5.8536476277959375 0.0
-0.008807394 -0.04914711 1.123045 -1.818166 2.558307 1.101579 0.2320607 19.82485 nan 0 0.0 0.04993003715623829 2.1370441445091863 0.0
-0.001165395 -0.09576112 0.5662634 -2.937089 0.6849547 0.406903 -0.03626922 19.57397 0.5421391 0 0.0 0.09576821105753426 2.991178034169909 0.0
0.1768591 0.06155569 -1.829304 -1.854528 0.9542974 0.5426083 -0.255271 19.96771 0.7353802 0 0.0 0.1872651708785862 2.6049236509348983 0.0
0.003523029 -0.05907707 0.6520705 -2.81958 0.5164595 0.3406397 0.1541085 19.01853 0.5772762 0 0.0 0.059182023732884816 2.893998499199723 0.0
0.04815765 -0.02429333 0.505006 -2.175195 0.5223337 0.319684 -0.04587509 19.3257 0.4867859 0 0.0 0.05393816029502119 2.2330482189287806 0.0
-0.08023206 -0.09740928 1.089978 -2.267675 0.6065712 0.3650519 -0.08226676 19.37146 0.619873 1 0.9992889 0.12619727129364566 2.516029003431598 0.0
-0.1874068 0.07921299 1.459768 -2.304478 1.997794 2.723897 -0.3306931 20.73946 0.3904381 0 0.0 0.20346008569490998 2.727918889246526 0.0
0.1213111 -0.06780448 -1.43371 -2.668137 1.725835 1.515137 -0.4404498 20.4811 0.4109058 0 0.0 0.13897420800738677 3.0289403121997966 0.0
0.2661956 -0.3929526 -4.084587 -7.154592 0.8227034 0.4878154 -0.1387934 19.82681 1.691019 0 0.0 0.4746281105308871 8.238448740329273 0.0
0.02060269 -0.02415349 0.3691625 -3.029043 1.960585 0.8540606 0.3775396 19.63649 0.768898 0 0.0 0.0317468410147561 3.051455791463355 0.0
-0.01653658 -0.002025142 -0.1347989 -2.736161 0.1258448 0.07784498 -0.05266388 15.48492 1.301469 0 0.0 0.016660122395005503 2.7394794690528728 0.0
-0.03316897 0.08948187 0.8663232 -2.25572 0.5860488 0.3597073 -0.04697464 19.48125 0.5918159 0 0.0 0.09543157564222546 2.4163585423645726 0.0
-0.02641598 0.005129416 4.059618 -19.85681 1.353085 0.972648 0.5295996 18.19646 0.8934822 0 0.0 0.026909383267950532 20.267545526827465 0.0
0.009440194 0.01588971 0.02027124 -2.602336 0.1168403 0.06968785 0.08878535 15.62745 0.6414976 0 0.0 0.018482428050495315 2.602414951553103 0.0
0.02542349 -0.08046689 -0.4277435 -3.578417 1.886188 1.63122 -0.4156106 20.72504 0.6449299 0 0.0 0.08438764263831643 3.603891331280849 0.0
0.02801544 -0.02538203 3.830181 -4.553671 0.6400469 0.4139458 -0.009589546 17.46254 0.7000084 0 0.0 0.037803602015079193 5.950311426219807 0.0
-0.2043414 -0.1325422 -0.2416041 -3.7892 1.508564 1.250023 -0.4356129 20.50242 0.8569813 1 0.9939001 0.24356281024573517 3.7968946760657993 0.0
-0.01264458 -0.1267929 -0.03277145 -2.214255 0.4574707 0.2872956 -0.07205862 18.96988 0.5883636 1 0.9998573 0.12742183837076906 2.214497498973549 0.0
-0.02700822 -0.0009720436 -0.1135527 -2.44067 0.08508371 0.05218444 -0.02691599 15.63468 0.4993486 1 0.9999916 0.02702570658333841 2.443310104055007 0.0
-0.06212224 -0.1273667 0.9845592 -3.749564 1.226659 0.880219 -0.3195519 20.28982 0.5199451 1 0.9987947 0.1417090292518709 3.8766721564249713 0.0
0.03602144 0.006433055 -4.006554 -5.055793 3.505746 2.96853 -0.03296823 20.17102 nan 0 0.0 0.03659136969705596 6.450854037549215 0.0
0.01546506 -0.2469701 -0.5508824 -3.013641 0.4451866 0.2265906 -0.1001512 18.95234 0.6203251 1 0.9987639 0.2474538307943799 3.063576911962675 0.0
-0.005368251 -0.03558609 0.0614859 -3.288955 0.3084498 0.1919409 -0.01328419 18.03171 0.7742863 0 0.0 0.03598871934769423 3.289529678833102 0.0
-0.2438959 -0.07156278 -0.8457131 -2.761645 0.7484605 0.4470308 -0.1070529 19.73706 0.5866623 0 0.0 0.2541779721339723 2.8882371359596863 0.0
0.3646497 -0.2803193 -26.47183 -17.86462 0.8294087 0.4927501 -0.1415086 19.77425 1.837263 0 0.0 0.4599438157672957 31.935911311457826 0.0
0.09131434 0.07143245 1.020331 -0.8802467 1.555928 1.114383 -0.5180066 20.29396 0.8519325 0 0.0 0.11593491106063825 1.347556901367022 0.0
-0.232715 -0.03311277 0.003612157 -2.951951 0.7880011 0.4664679 -0.1834446 19.8197 0.6867657 1 0.999175 0.2350589857079982 2.9519532100084502 0.0
0.06005261 0.07491965 -0.5129102 -3.105918 0.5602652 0.3731928 -0.1827875 19.23915 0.582901 0 0.0 0.09601702934341699 3.1479840368064194 0.0
-0.03589605 -0.04136705 0.05095888 -3.366016 2.264176 1.501846 -0.2931933 20.46238 nan 0 0.0 0.05477005779899269 3.3664017169237033 0.0
-0.03831602 -0.04824029 4.160076 -10.16398 3.835897 2.648004 -0.7055499 20.57226 0.6602898 0 0.0 0.06160554332139681 10.982382335639931 0.0
0.1650956 0.2389712 -0.7381165 0.2886541 2.479778 1.903344 -0.446872 20.80049 0.3946915 0 0.0 0.29045445696150024 0.7925510437940637 0.0
-0.002600605 0.00992314 -3.157914 -1.196247 0.6095265 0.3379637 0.1440098 16.00809 0.7172022 0 0.0 0.010258257835793805 3.3768961660680357 0.0
0.05778108 0.008954656 -0.03893022 -2.642338 0.2752696 0.1504782 -0.1236639 17.9219 0.767271 0 0.0 0.05847083948469302 2.6426247687239384 1.0
-0.02873881 0.003764358 0.9754171 -3.376271 0.1447916 0.09709249 0.1153255 16.6679 0.8553305 0 0.0 0.028984299049110436 3.5143483584319597 0.0
-0.007016579 0.0178293 10.29655 -5.102308 1.099282 0.5694492 0.128609 18.27024 0.4686413 0 0.0 0.01916027973055824 11.491409349133987 0.0
-0.00614691 -0.03096645 0.0548914 -2.603959 0.07174381 0.04751347 -0.02094476 15.70129 1.048687 1 0.9999933 0.03157064345480782 2.604537490510544 0.0
-0.01521218 0.05855014 -5.935287 -2.442614 2.487806 1.036899 -0.3653923 20.32854 nan 0 0.0 0.06049404362722003 6.418254819292001 0.0
0.03809651 -0.127586 -1.23476 -2.615023 0.8117786 0.4852658 -0.2630636 19.94323 0.4008503 0 0.0 0.1331522867628645 2.8918813163975106 0.0
0.2580079 -0.06550408 1.403374 -3.893998 1.381611 1.059734 -0.4134241 20.34879 0.7042141 1 0.9935143 0.26619327744903026 4.139164046988232 0.0
0.0007954413 0.04004205 -2.140295 -2.073369 1.679608 0.8541039 -0.2474856 19.93778 nan 0 0.0 0.04004995000077086 2.9798861886296932 0.0
-0.01902124 -0.08228784 1.434532 -1.860281 1.493364 0.9292134 -0.1173599 20.31572 nan 0 0.0 0.08445765911392052 2.349154626240044 0.0
0.01826568 -0.02137872 1.778436 -9.388451 0.8089788 0.5618458 0.2341836 18.17079 0.6771126 0 0.0 0.028119116890485733 9.555409294504187 0.0
-0.02254862 0.07317698 -0.1904267 -2.722035 0.4450223 0.2672328 -0.04057234 18.9486 0.579401 0 0.0 0.07657225780806519 2.7286877559181977 0.0
-0.02723978 -0.01396866 1.368612 -5.750742 1.719545 1.228615 -0.1722043 19.70408 nan 0 0.0 0.030612564032501427 5.911356219777995 0.0
-0.00259988 0.0394775 0.8586657 -2.756216 1.581738 0.7986383 -0.3225215 20.06511 nan 0 0.0 0.03956301786093169 2.886872602490884 0.0
0.02701722 -0.06043363 -5.761833 -7.132889 2.135626 1.141219 -0.08404251 20.1273 0.7536163 0 0.0 0.06619783842018787 9.16934157975424 0.0
-0.006211407 0.01427586 0.4838704 -3.162488 0.1558381 0.09518559 0.04693761 15.5828 0.4854317 0 0.0 0.015568614442500945 3.1992906892216224 0.0
-0.007204589 0.01652659 4.497954 -2.839036 1.163743 0.4635128 0.2732861 18.73167 0.4459286 0 0.0 0.018028707099706873 5.318995731847507 0.0
-0.009734469 -0.05245437 0.2695832 -2.674538 0.6308101 0.3490965 -0.01179585 19.25121 0.4912682 0 0.0 0.05334998424375457 2.6880901426786714 1.0
-0.2359018 0.1276726 -0.2997777 -2.619077 2.244699 3.149096 -0.1726074 20.78595 0.4267216 0 0.0 0.26823488220960373 2.6361773463381195 0.0
0.01451959 0.07430091 -0.2631715 -0.9075887 2.45242 2.547841 -0.1956984 20.92189 0.8651695 0 0.0 0.07570629908135915 0.9449743312809825 0.0
