jas1101finalproject/data/gcs/NGC_6440.ecsv
# %ECSV 0.9
# ---
# datatype:
# - {name: x, unit: deg, datatype: float64}
# - {name: y, unit: deg, datatype: float64}
# - {name: pmx, unit: mas / yr, datatype: float64}
# - {name: pmy, unit: mas / yr, datatype: float64}
# - {name: pmx_e, unit: mas / yr, datatype: float64}
# - {name: pmy_e, unit: mas / yr, datatype: float64}
# - {name: pm_corr, datatype: float64}
# - {name: g_mag, unit: mag, datatype: float64}
# - {name: bp_rp, unit: mag, datatype: float64}
# - {name: filter, datatype: int64}
# - {name: memberprob, datatype: float64}
# - {name: r, unit: deg, datatype: float64}
# - {name: pm, unit: mas / yr, datatype: float64}
# - {name: member_prob_GMM, datatype: float64}
# - {name: member_prob_DB, datatype: float64}
# meta: !!omap
# - comments: [deg deg mas/yr mas/yr mas/yr mas/yr dimless mag   mag   zeroone float]
# - __serialized_columns__:
#     bp_rp:
#       __class__: astropy.units.quantity.Quantity
#       unit: &id001 !astropy.units.Unit {unit: mag}
#       value: !astropy.table.SerializedColumn {name: bp_rp}
#     g_mag:
#       __class__: astropy.units.quantity.Quantity
#       unit: *id001
#       value: !astropy.table.SerializedColumn {name: g_mag}
#     pm:
#       __class__: astropy.units.quantity.Quantity
#       unit: !astropy.units.Unit {unit: mas / yr}
#       value: !astropy.table.SerializedColumn {name: pm}
#     pmx:
#       __class__: astropy.units.quantity.Quantity
#       unit: !astropy.units.Unit {unit: mas / yr}
#       value: !astropy.table.SerializedColumn {name: pmx}
#     pmx_e:
#       __class__: astropy.units.quantity.Quantity
#       unit: !astropy.units.Unit {unit: mas / yr}
#       value: !astropy.table.SerializedColumn {name: pmx_e}
#     pmy:
#       __class__: astropy.units.quantity.Quantity
#       unit: !astropy.units.Unit {unit: mas / yr}
#       value: !astropy.table.SerializedColumn {name: pmy}
#     pmy_e:
#       __class__: astropy.units.quantity.Quantity
#       unit: !astropy.units.Unit {unit: mas / yr}
#       value: !astropy.table.SerializedColumn {name: pmy_e}
#     r:
#       __class__: astropy.units.quantity.Quantity
#       unit: &id002 !astropy.units.Unit {unit: deg}
#       value: !astropy.table.SerializedColumn {name: r}
#     x:
#       __class__: astropy.units.quantity.Quantity
#       unit: *id002
#       value: !astropy.table.SerializedColumn {name: x}
#     y:
#       __class__: astropy.units.quantity.Quantity
#       unit: *id002
#       value: !astropy.table.SerializedColumn {name: y}
# schema: astropy-2.0
x y pmx pmy pmx_e pmy_e pm_corr g_mag bp_rp filter memberprob r pm member_prob_GMM member_prob_DB
[from data line 3056]
-0.02527568 0.04086226 -8.963535 -9.931057 2.424105 2.303324 0.1830086 20.39159 nan 0 0.0 0.048047729309198366 13.377998835157447 0.0 0.0
-0.08098371 0.01740178 -2.616848 -3.219255 1.117477 0.9672871 0.5022102 19.65655 2.117237 0 0.0 0.08283225961262013 4.148674030353433 0.0 0.0
0.01650685 0.03554958 -1.710065 -6.069791 0.2623172 0.2305714 0.4435862 17.3212 2.920948 1 0.0 0.0391950090585383 6.306083181175619 0.0 1.0
-0.06023395 0.005932846 -3.312175 -8.864155 0.4154182 0.3286194 0.2149532 18.39788 1.492657 0 0.0 0.06052542766690886 9.462755787541491 0.0 0.0
-0.04844518 0.004067793 0.1358908 -5.097634 1.841989 1.636496 0.4694742 20.4295 nan 0 0.0 0.04861566008112251 5.099444941116694 0.0 0.0
-0.004269691 0.04196672 1.152177 -6.249807 1.604929 1.370023 0.4456843 19.89022 2.307255 0 0.0 0.042183359856629264 6.355123867917761 0.0 0.0
0.02714694 0.003397806 -3.546386 -5.931055 0.5935044 0.4707023 0.3850055 18.80463 nan 0 0.0 0.02735875430236611 6.910446228285189 0.0 0.0
-0.002723121 -0.02359454 -3.404574 -7.456143 2.323956 1.953481 0.5755298 20.1285 nan 0 0.0 0.023751162198769157 8.196657401521977 0.0 0.0
0.02816359 -0.06970531 0.9881021 1.306568 0.3057826 0.2720947 0.5660204 17.6865 2.332447 0 0.0 0.0751799045216486 1.638128718583619 0.0 0.0
-0.07383665 -0.02884594 -8.388629 -2.946788 1.208631 1.044912 0.3698489 19.67969 nan 0 0.0 0.07927130084530025 8.89115605624966 0.0 0.0
-0.06149703 -0.055387 -2.793337 -6.641673 0.2125317 0.1814258 0.3871428 16.71536 2.21148 1 0.0 0.08276233725445953 7.20517535071132 0.0 0.0
0.0199424 0.04672242 -5.464121 -4.289183 1.201582 1.046519 0.505358 19.69896 2.412352 0 0.0 0.05080043157706832 6.946488977183366 0.0 0.0
0.005373427 0.00152899 0.008508497 -4.177011 0.6059008 0.5112084 0.4314269 16.44641 nan 0 0.0 0.00558672785666431 4.177019665819422 0.0 0.0
-0.05234872 0.04052167 -3.752295 -3.139263 1.626702 1.420436 0.4216464 20.19012 1.33462 0 0.0 0.06619965426818557 4.892309265591659 0.0 0.0
-0.02322997 -0.05080077 1.381061 -8.512221 0.4242509 0.3102613 0.1992979 18.4535 1.600283 0 0.0 0.05586009075175048 8.623528038950301 0.0 0.0
-0.02697862 -0.04024611 -5.029661 -4.686623 1.622963 1.32825 0.6991728 19.59015 1.750568 0 0.0 0.04845198971390649 6.874730897937024 0.0 0.0
-0.04057534 -0.002065879 -1.571828 -3.845197 0.3321216 0.2556855 0.2823889 18.08405 2.182695 0 0.0 0.04062789770783422 4.154056238231856 0.0 1.0
0.005774011 0.002228972 -0.3058089 -4.256549 0.1433206 0.1124836 0.1919699 15.79509 2.450754 0 0.0 0.006189306843654223 4.267520178361224 0.0 0.0
-0.02326691 0.004518053 42.13083 33.86654 2.536252 2.151691 0.4794412 20.06112 nan 0 0.0 0.02370151691050404 54.05505867225102 0.0 0.0
0.04572031 0.01836992 -5.4576 -1.591762 3.085029 2.529354 0.2875981 20.35526 1.923218 0 0.0 0.04927271767725523 5.6849893601170445 0.0 0.0
0.04977811 0.001465746 4.596563 -0.3300297 2.842686 2.376648 0.650752 20.37789 nan 0 0.0 0.049799685204914866 4.608395709555668 0.0 0.0
0.0306026 -0.02860052 -1.741929 -4.247142 0.8582698 0.8234084 0.8115465 17.92367 2.444998 0 0.0 0.041886857975150155 4.5904827425015995 0.0 1.0
-0.03414991 0.05207195 -6.461958 -9.400501 0.6998712 0.5879542 -0.08526487 18.76751 2.311615 0 0.0 0.06227121590117379 11.407292415151153 0.0 0.0
-0.04073041 -0.06483866 0.1248026 -3.439826 3.157039 2.629582 0.6483003 20.2347 nan 0 0.0 0.07657034758549618 3.4420892782208248 0.0 0.0
0.02820572 0.004225405 -3.620859 -6.585152 2.884693 2.384067 0.7614951 20.24787 2.175495 0 0.0 0.02852046086816314 7.514974834354737 0.0 0.0
-0.05192813 -0.01877765 -0.7443529 -4.064058 0.2290157 0.1993675 0.3399357 17.39573 2.377363 1 0.7508059 0.05521893538288655 4.131661731930921 0.0 0.0
-0.0009206499 -0.06616462 -1.918708 -2.525702 1.204754 1.008353 0.7754902 19.26643 1.904882 0 0.0 0.06617102489747888 3.1718466201990285 0.0 0.0
-0.04097385 -0.009760228 -1.201215 -4.520989 0.1793363 0.156567 0.3784087 16.42449 3.074548 1 0.292659 0.04212028530808503 4.677847690374923 0.0 1.0
-0.05933291 -0.03063831 0.1754179 -1.536327 1.343119 1.235332 0.01899863 19.97001 1.554136 0 0.0 0.06677649473223493 1.5463091833683877 0.0 0.0
-0.03271177 0.01847241 -0.09005617 -4.763113 2.883012 2.306905 0.7794457 20.18737 nan 0 0.0 0.03756713760377546 4.763964269862241 0.0 1.0
-0.008074685 0.01705088 5.946258 -2.581863 2.007579 1.442676 0.5597289 19.47623 nan 0 0.0 0.01886618791975806 6.482592132267231 0.0 0.0
0.009722596 0.005572356 -4.899926 -7.687883 0.8049381 0.7222978 0.2744573 18.51662 nan 0 0.0 0.01120624934444848 9.116623268906366 0.0 0.0
-0.06427897 -0.0370013 -4.742178 -8.734471 1.023621 0.8706187 0.4510491 19.23097 2.080107 0 0.0 0.07416793232894457 9.938774362743375 0.0 0.0
0.01701527 -0.02516711 -6.301428 -4.327077 0.1337566 0.1023436 0.09179326 15.95527 2.913973 1 0.0 0.03037931597197343 7.644055873887435 0.0 0.0
0.007489948 -0.01318057 -10.62395 -14.00986 2.045159 1.75301 0.6742607 19.56316 nan 0 0.0 0.015160037815507059 17.582505248743708 0.0 0.0
0.06432807 0.038585 -1.247366 -2.428133 2.35071 2.032078 0.714743 20.29893 2.532009 0 0.0 0.07501268436021272 2.7297896995272364 0.0 0.0
-0.07268881 0.02423613 -0.4925716 -4.196783 2.868763 2.464435 0.7242187 20.26951 nan 0 0.0 0.07662279749913208 4.225590412027124 0.0 0.0
0.02993569 -0.07474676 -1.267057 -6.595133 0.5798788 0.4582981 0.3994656 18.84837 2.14971 0 0.0 0.08051846785845902 6.715743646755584 0.0 0.0
-0.04285002 -0.05304038 -3.364656 -5.305279 2.176733 1.980815 0.4651482 20.05591 1.521957 0 0.0 0.06818655383977694 6.282268321727193 0.0 0.0
-0.05269753 -0.02756698 -4.527601 -6.572985 0.8522805 0.6922579 0.3658796 18.86047 2.116272 0 0.0 0.05947241423064394 7.981434872591895 0.0 0.0
-0.05378271 -0.03282782 -2.620339 -4.534059 0.3281433 0.2831344 0.3589785 17.37716 2.506844 1 0.001141978 0.06300988542202327 5.236780259892714 0.0 0.0
-0.001608016 0.02945075 -0.6426688 -4.298603 0.4514094 0.3645667 0.3452491 17.96818 2.381954 0 0.0 0.029494616305671042 4.346379060563223 0.0 1.0
0.008635453 0.007605654 -0.2163675 -6.756126 1.217899 1.080145 -0.06503979 18.25615 nan 0 0.0 0.011507259503588375 6.759589737767541 0.0 0.0
0.01401771 0.04205388 -6.173484 -8.019209 1.413686 1.226626 0.4647821 19.7324 nan 0 0.0 0.0443286026928269 10.120257787425032 0.0 0.0
0.0009954311 -0.07125914 -3.909073 -5.221568 0.2398806 0.2061256 0.3430828 16.88377 2.318336 0 0.0 0.07126609233439453 6.5227006751768855 0.0 0.0
-0.03652206 0.03781398 -4.378509 -4.160302 1.038814 0.8987919 0.5322112 19.40078 1.868425 0 0.0 0.052571455658788825 6.039822331350898 0.0 0.0
-0.03342222 -0.004219468 -8.508742 -10.07056 2.337728 1.888137 0.6721527 20.14987 1.628199 0 0.0 0.033687515490629816 13.183886723427353 0.0 0.0
-0.04326811 0.009959224 -2.303326 -4.070572 1.171705 1.019529 0.5373483 19.69624 1.636301 0 0.0 0.04439949870949306 4.677057522573354 0.0 1.0
0.01687228 -0.02484856 -2.183546 -4.257546 0.3430915 0.2530451 0.1614576 18.15404 nan 0 0.0 0.030035391898092487 4.784827173078668 0.0 1.0
-0.04041816 0.05335217 -2.5083 -0.6986503 0.3583317 0.3229552 0.07073015 17.79597 2.473246 1 0.0 0.06693341244471628 2.603782082220033 0.0 0.0
0.01667482 0.0009941252 -3.173356 -7.483882 1.265096 1.120119 0.3096665 18.88862 2.329527 0 0.0 0.01670442776468787 8.128879264244242 0.0 0.0
-0.06257495 -0.006868303 -1.412687 -1.233931 0.2951481 0.2573305 0.4261219 17.52672 2.294088 1 0.0 0.06295075816542886 1.875705273418508 0.0 0.0
-0.01262884 0.07222252 -5.51304 -7.516987 0.3237496 0.2840451 0.435166 17.53955 2.624292 0 0.0 0.07331834691873515 9.321947414557165 0.0 0.0
-0.01176093 -0.04833517 1.046999 -1.987709 1.340992 1.132172 0.7522731 19.29911 1.983805 0 0.0 0.04974543329184901 2.246596086234016 0.0 0.0
0.008317142 -0.05864035 4.659106 -1.495945 3.140297 2.629507 0.5894828 20.60849 nan 0 0.0 0.05922723612638584 4.8933751299344515 0.0 0.0
0.05251145 -0.03770256 -4.351941 -3.491593 1.574139 1.356041 0.791021 19.15306 2.158018 0 0.0 0.06464468587328816 5.579481350907986 0.0 0.0
-0.002207959 -0.04060998 -7.68331 -13.21252 3.066738 2.448415 0.6253946 20.43153 1.868986 0 0.0 0.040669958919896644 15.284107344117286 0.0 0.0
-0.01485777 0.03301488 -4.044063 -0.6864448 0.6081449 0.5489969 0.2604495 19.00884 1.978632 0 0.0 0.036204083067898574 4.101908337763783 0.0 0.0
0.03116559 -0.07364647 4.282339 -5.848651 1.542645 1.206608 0.3363345 18.76203 2.057707 0 0.0 0.0799693475245922 7.24880306193526 0.0 0.0
-0.07372911 -0.01444731 -3.132681 -6.804265 0.3002863 0.2631839 0.3071398 17.83858 1.738207 1 0.0 0.07513126132062606 7.490775156015965 0.0 0.0
0.0009960074 0.01797233 0.6290189 1.739208 1.564928 1.394241 0.353951 19.93867 nan 0 0.0 0.017999907676700868 1.8494618795263693 0.0 0.0
-0.07641017 -0.03083083 2.155329 2.80389 0.8530123 0.7456792 0.2683111 19.18202 1.940613 0 0.0 0.08239571686633838 3.536557963661984 0.0 0.0
-0.04446961 0.009129186 1.591184 -0.1052042 0.925038 0.7784343 0.4651276 19.21775 1.978758 0 0.0 0.045397007066267 1.5946580967573079 0.0 0.0
-0.07632415 -0.03125422 -2.136566 -6.364452 1.70318 1.488682 0.3669244 20.21237 nan 0 0.0 0.082475463872784 6.713506053669722 0.0 0.0
-0.04163014 -0.0161176 21.52443 19.36986 1.304884 1.13284 0.4477076 19.809 2.005566 0 0.0 0.04464129910945245 28.956736059930854 0.0 0.0
0.02719586 -0.04369082 -1.143946 -3.501277 0.3917014 0.3492419 0.547441 17.88652 2.385786 1 0.7843664 0.051463604162670144 3.683415952841194 0.0 0.0
0.008575378 -0.0436448 -1.039068 -8.474811 0.1274676 0.09778136 0.09023891 14.60232 3.343477 1 0.0 0.044479272418542146 8.538271710032717 0.0 0.0
0.0540092 -0.008186861 -4.980304 -8.420546 0.5964924 0.4616592 0.2084154 18.78947 2.91857 0 0.0 0.05462616934833817 9.783098837818823 0.0 0.0
0.001626047 0.06788953 0.7140394 -6.109191 0.9792542 0.8547839 0.4751176 19.55439 2.34231 0 0.0 0.06790900023168586 6.150777750759116 0.0 0.0
-0.02109211 0.002275323 -1.106322 -3.667301 0.1648756 0.1302608 0.2390304 14.70242 3.347116 1 0.9725054 0.02121448087996567 3.830541083487423 0.0 1.0
-0.001264332 -0.005480428 1.294871 -1.837391 0.192638 0.1505908 0.2978757 15.27694 2.728738 0 0.0 0.005624377873988198 2.2478204095349787 0.0 0.0
-0.07864762 -0.01860394 -1.583951 -8.079996 1.681937 1.454 0.327849 20.14377 1.602417 0 0.0 0.08081803459122228 8.233786257270527 0.0 0.0
-0.02851891 -0.06344928 -6.102006 -2.491757 3.394868 3.064447 0.2854253 20.36531 1.899582 0 0.0 0.06956392283437227 6.591155450380836 0.0 0.0
0.05800535 -0.03258139 -1.254618 0.4198103 0.3496361 0.2615941 0.1651847 18.1157 2.210226 1 0.0 0.06652944914062192 1.3229916907940464 0.0 0.0
-0.001693483 -0.005343103 0.3430853 -3.697372 0.288049 0.2520071 0.492435 16.7574 nan 0 0.0 0.005605054356551594 3.713255610574108 0.0 0.0
-0.0458253 0.04591391 -3.0738 -3.062336 1.260177 1.069309 0.7566985 19.18571 2.083925 0 0.0 0.06486944775144998 4.338910948256025 0.0 0.0
-0.05785076 -0.01644326 -0.8698106 1.213942 1.735472 1.502258 0.4305855 20.12077 nan 0 0.0 0.06014225828820531 1.4933940066962772 0.0 0.0
-0.01994773 0.002908715 -0.1021016 0.5181979 0.9977867 0.8571287 0.6463289 19.12815 2.094986 0 0.0 0.020158684359454736 0.5281607712495978 0.0 0.0
0.07560075 -0.02571683 0.2726236 -4.343783 0.5389729 0.4144885 0.2260569 18.7792 2.514044 0 0.0 0.07985504834267775 4.3523297644326036 0.0 0.0
-0.05785085 -0.01620102 -2.339202 -8.663239 1.010075 0.8722997 0.453542 19.4631 nan 0 0.0 0.06007656693556066 8.973492963608152 0.0 0.0
-0.02144415 0.06505373 -1.370435 -4.496444 0.3719203 0.3013726 0.3156028 18.31019 2.371712 1 0.3512024 0.06849700253394597 4.700648969489319 0.0 0.0
0.007032233 -0.0126999 -1.621035 -4.591268 0.3487354 0.3031413 0.6068652 17.68055 2.365163 0 0.0 0.014516878485965536 4.869034433955977 0.0 1.0
0.05333942 0.04063387 1.406196 -1.925869 1.346031 1.175833 0.8082847 19.37587 2.404465 0 0.0 0.06705374797215514 2.38460868814508 0.0 0.0
-0.03734645 0.01494658 3.536877 1.856131 1.082598 0.9090557 0.4849729 19.07781 2.074341 0 0.0 0.040226329453467415 3.994336140373016 0.0 0.0
0.005833033 0.04990886 -0.2522495 -5.697665 1.839304 1.631078 0.5264567 20.07957 2.147549 0 0.0 0.05024856794455628 5.703246116246014 0.0 0.0
-0.01835315 0.0675108 1.790351 -2.116715 1.378235 1.207432 0.4721949 19.82202 2.176453 0 0.0 0.06996103366562346 2.772334592798279 0.0 0.0
0.07383568 -0.007933763 -6.105216 -6.326424 0.4294812 0.358871 0.3548791 18.01652 2.893681 0 0.0 0.07426070452401168 8.791888479412828 0.0 0.0
0.00603009 -0.03420139 -0.5081062 1.05598 0.9100954 0.7747719 0.6682735 19.02525 2.25905 0 0.0 0.034728908179500834 1.171864186191574 0.0 0.0
-0.009048784 0.03784664 -0.5814999 -7.522996 0.6192186 0.4809929 0.06956964 18.58442 2.236702 0 0.0 0.03891334798200042 7.545436432024062 0.0 0.0
-0.03055374 -0.04184704 0.1638886 6.686549 0.6264188 0.4692594 0.3832302 18.62747 nan 0 0.0 0.05181414656972746 6.6885571689723164 0.0 0.0
-0.04831561 -0.04421669 -2.451625 -6.811027 0.4726977 0.4105458 0.354232 17.71428 1.573269 0 0.0 0.0654943802492107 7.23882268986843 0.0 0.0
-0.08297725 -0.0002002915 -3.510717 -4.000086 1.777299 1.547099 0.7502582 19.704 nan 0 0.0 0.08297749173268298 5.322200847533377 0.0 0.0
0.01349414 -0.05438924 -3.132792 -2.134085 3.745811 3.069537 0.3617397 20.45323 nan 0 0.0 0.05603821233869974 3.7906074054812113 0.0 0.0
-0.009901966 -0.04565331 -3.535443 -10.31551 0.2213399 0.1918085 0.602752 16.99176 2.535573 1 0.0 0.04671481183330675 10.904545096717651 0.0 0.0
0.01323896 -0.02839397 -0.6175835 -3.571387 0.4107783 0.3566255 0.607383 17.85467 2.474522 0 0.0 0.031328702402788726 3.6243916018059155 0.0 1.0
0.01049214 -0.03830243 -0.8927738 -5.938083 0.331205 0.2925765 0.5852874 17.71253 2.563147 1 0.0 0.039713488208472696 6.004820960932594 0.0 1.0
-0.07125987 -0.03375805 1.119759 -3.840557 0.2178171 0.1843235 0.4353328 16.96371 2.339461 1 0.0 0.07885160120263507 4.000467258749907 0.0 0.0
-0.008962944 0.03810414 -0.4271968 -4.390513 1.392027 1.084779 -0.003029716 19.35257 nan 0 0.0 0.03914409087316675 4.411247160282366 0.0 1.0
-0.0416148 0.03313587 -4.066459 1.42155 2.170754 1.883996 0.4728609 20.08415 1.946135 0 0.0 0.05319565263907287 4.307771256831193 0.0 0.0
0.04219436 -0.005001722 -7.193093 2.096123 2.34686 1.960892 0.7210764 20.15483 2.089025 0 0.0 0.04248977805043095 7.492283933339553 0.0 0.0
-0.02916415 0.0214791 -4.703425 -7.390515 1.681312 1.482124 0.4257544 20.18695 1.600109 0 0.0 0.03622015160145661 8.760246497436587 0.0 0.0
0.0194739 -0.03714364 -1.342996 -2.71911 1.928008 1.647294 0.7471752 19.54066 2.015518 0 0.0 0.041939036394027934 3.0326881554350424 0.0 1.0
0.05372486 -0.003145639 -0.3527327 -3.368869 0.1153835 0.09211726 0.1875621 15.23087 2.99155 1 0.00367361 0.053816871209109884 3.387284856165819 0.0 0.0
-0.06654969 -0.01151627 -5.216397 -11.34446 1.866009 1.675639 0.3051483 20.08606 1.550406 0 0.0 0.06753877192997366 12.486295301377787 0.0 0.0
-0.02910211 -0.00404121 -1.640413 -3.766188 0.2830989 0.2420324 0.5601977 17.47639 2.156401 0 0.0 0.02938135777523224 4.107934622400045 0.0 1.0
0.003569724 -0.04997127 0.7699862 -2.572533 1.134522 0.9502481 0.7670328 19.1902 2.036156 0 0.0 0.05009861030856121 2.685294170901847 0.0 0.0
-0.04159307 0.05877636 -1.39696 -3.640717 1.389153 1.212399 0.4231623 20.01613 nan 0 0.0 0.0720044718533127 3.899527858047561 0.0 0.0
0.06835651 0.02337598 7.80876 0.7068327 2.441718 2.070174 0.7986154 20.10867 1.721239 0 0.0 0.07224298512894176 7.840685250881411 0.0 0.0
0.03042169 0.06965084 0.3726149 -3.083001 2.190581 1.911737 0.5075738 20.50454 nan 0 0.0 0.07600472837371174 3.1054366890508347 0.0 0.0
-0.007989193 0.02381624 -4.178647 -4.966233 1.051831 0.9326346 0.3658364 19.62849 2.157852 0 0.0 0.025120519352291443 6.490343670476779 0.0 0.0
-0.0808038 0.001677693 -7.159686 -9.923557 2.296249 1.897192 0.2465777 20.47075 nan 0 0.0 0.08082121471644835 12.236751495018806 0.0 0.0
-0.01992757 0.06851577 -1.272035 -5.719765 0.9771008 0.8527314 0.4817465 19.3651 2.321875 0 0.0 0.07135487919405231 5.859503792681595 0.0 0.0
