jas1101finalproject/data/gcs/NGC_5824.ecsv
# %ECSV 0.9
# ---
# datatype:
# - {name: x, unit: deg, datatype: float64}
# - {name: y, unit: deg, datatype: float64}
# - {name: pmx, unit: mas / yr, datatype: float64}
# - {name: pmy, unit: mas / yr, datatype: float64}
# - {name: pmx_e, unit: mas / yr, datatype: float64}
# - {name: pmy_e, unit: mas / yr, datatype: float64}
# - {name: pm_corr, datatype: float64}
# - {name: g_mag, unit: mag, datatype: float64}
# - {name: bp_rp, unit: mag, datatype: float64}
# - {name: filter, datatype: int64}
# - {name: memberprob, datatype: float64}
# - {name: r, unit: deg, datatype: float64}
# - {name: pm, unit: mas / yr, datatype: float64}
# - {name: member_prob_GMM, datatype: float64}
# meta: !!omap
# - comments: [deg deg mas/yr mas/yr mas/yr mas/yr dimless mag   mag   zeroone float]
# - __serialized_columns__:
#     bp_rp:
#       __class__: astropy.units.quantity.Quantity
#       unit: &id001 !astropy.units.Unit {unit: mag}
#       value: !astropy.table.SerializedColumn {name: bp_rp}
#     g_mag:
#       __class__: astropy.units.quantity.Quantity
#       unit: *id001
#       value: !astropy.table.SerializedColumn {name: g_mag}
#     pm:
#       __class__: astropy.units.quantity.Quantity
#       unit: !astropy.units.Unit {unit: mas / yr}
#       value: !astropy.table.SerializedColumn {name: pm}
#     pmx:
#       __class__: astropy.units.quantity.Quantity
#       unit: !astropy.units.Unit {unit: mas / yr}
#       value: !astropy.table.SerializedColumn {name: pmx}
#     pmx_e:
#       __class__: astropy.units.quantity.Quantity
#       unit: !astropy.units.Unit {unit: mas / yr}
#       value: !astropy.table.SerializedColumn {name: pmx_e}
#     pmy:
#       __class__: astropy.units.quantity.Quantity
#       unit: !astropy.units.Unit {unit: mas / yr}
#       value: !astropy.table.SerializedColumn {name: pmy}
#     pmy_e:
#       __class__: astropy.units.quantity.Quantity
#       unit: !astropy.units.Unit {unit: mas / yr}
#       value: !astropy.table.SerializedColumn {name: pmy_e}
#     r:
#       __class__: astropy.units.quantity.Quantity
#       unit: &id002 !astropy.units.Unit {unit: deg}
#       value: !astropy.table.SerializedColumn {name: r}
#     x:
#       __class__: astropy.units.quantity.Quantity
#       unit: *id002
#       value: !astropy.table.SerializedColumn {name: x}
#     y:
#       __class__: astropy.units.quantity.Quantity
#       unit: *id002
#       value: !astropy.table.SerializedColumn {name: y}
# schema: astropy-2.0
x y pmx pmy pmx_e pmy_e pm_corr g_mag bp_rp filter memberprob r pm member_prob_GMM
[from data line 803]
-0.03025861 -0.09158921 -4.879297 1.870586 0.2882045 0.1877217 0.1804133 17.5016 0.9880714 1 0.0 0.09645810939239997 5.225574724143269 1.0
-0.04916623 -0.04194187 -3.748993 -3.181682 2.51451 1.769572 0.2155846 20.56257 0.2229347 0 0.0 0.06462537142260615 4.917117942776337 1.0
0.004068301 -0.01725858 -1.359728 -2.341569 0.3803498 0.2563728 0.1726202 17.93437 1.149261 0 0.0 0.017731600509908883 2.7077307132994224 1.0
-0.06708599 -0.02438703 -1.540397 -3.189731 1.236079 0.848025 0.2485072 19.66682 1.045227 1 0.9122901 0.0713810709257083 3.5422036601485805 1.0
0.01579049 0.04624336 -7.975818 -2.623291 1.743184 1.146973 0.537498 20.016 1.145046 0 0.0 0.04886499686411225 8.39614961990346 1.0
-0.002963451 -0.01255501 -1.653895 -2.355699 1.586411 0.9639584 0.4144533 19.64453 0.6969681 0 0.0 0.01290001232284299 2.8783131257085284 1.0
0.01176564 -0.01025549 -2.399703 -3.696893 2.822982 2.003308 0.6290767 20.14889 nan 0 0.0 0.01560786211336133 4.40744737253413 1.0
0.03037465 0.006471321 -1.155596 -2.350382 0.7091423 0.4909311 0.114028 18.8903 1.166534 0 0.0 0.031056357772725716 2.6191024533492384 1.0
-0.01043513 0.02971508 3.023498 -1.147106 2.67393 1.797427 0.2353432 20.66683 0.5285034 0 0.0 0.03149409337516005 3.2337891599855424 1.0
0.009352815 0.02439751 4.014025 3.588495 2.14704 1.524355 0.1587538 20.54937 0.698595 0 0.0 0.02612878953614815 5.384207747259572 1.0
-0.05235921 -0.02435796 -1.70854 -1.523149 2.047278 1.45572 0.1945472 20.2803 0.8815079 0 0.0 0.05774770200783491 2.288906247053601 1.0
-0.0101132 0.01100784 -3.297334 -4.095127 1.2163 0.823616 0.4479569 19.37164 nan 0 0.0 0.014948222493179581 5.257611306827941 1.0
-0.006262586 -0.005509439 -3.671752 -5.047826 0.8042082 0.7104348 -0.02353308 18.23545 0.8937817 0 0.0 0.00834109714019187 6.241979659994095 0.0
0.01878657 -0.06274693 1.241505 -0.6303595 1.125885 0.8105678 0.09355204 19.65934 1.334904 1 0.6986486 0.06549894989074101 1.3923676828572438 1.0
-0.01127237 -0.02498015 0.7095881 -3.461368 1.797511 1.163958 0.3437037 20.25696 0.8099251 0 0.0 0.027405733331538496 3.533353039689865 1.0
-0.0009694613 0.03581539 -2.998481 -5.881025 2.42953 1.643813 0.290637 20.57266 0.7347431 0 0.0 0.03582850842645138 6.601313760001565 1.0
0.005591849 0.01684092 0.500087 -1.448863 2.423842 1.375461 0.6843208 20.05529 1.046549 0 0.0 0.017745009486759958 1.532739704039143 1.0
-0.1102287 -0.04652525 -6.284945 -1.098003 0.8480196 0.5514551 0.351441 19.07124 0.790884 1 0.0 0.11964516367681771 6.380136694541426 1.0
0.0676297 -0.02273187 -3.041621 -7.403511 1.430991 0.9974134 0.1621863 19.91541 2.235289 0 0.0 0.071347839741557 8.003963607785957 1.0
-0.07816967 0.0912273 -1.522192 -4.883488 2.944375 1.934649 0.3521245 20.60297 1.225119 1 0.3765894 0.12013707826145473 5.115224680403393 1.0
-0.0100583 -0.02170318 -1.636202 -3.086767 0.8671877 0.5622592 0.2889255 18.92145 0.2944202 0 0.0 0.02392064842353568 3.4936066603286924 1.0
-0.001851172 -0.01017461 -2.449054 -2.028266 0.5777516 0.3858215 0.2097863 18.68391 nan 0 0.0 0.010341640412704554 3.1798944104595672 1.0
-0.009422616 0.01114525 -0.0797584 -1.425302 0.7754587 0.535937 0.3088178 18.89302 0.323698 0 0.0 0.0145945979679454 1.4275318537863035 1.0
0.05306511 -0.02886354 -2.202353 0.4220429 1.438311 0.8730067 0.3179735 19.72765 0.8772163 0 0.0 0.060407034695006336 2.242427021343038 1.0
0.0567614 -0.04557422 1.764604 -2.493542 2.689368 1.904296 -0.0245974 20.67581 0.7167454 0 0.0 0.07279331053447424 3.0547633267701775 1.0
0.04845659 -0.04088862 -8.29856 -4.687029 1.289417 0.9228537 0.1695591 19.8526 0.7294044 0 0.0 0.06340284189161004 9.530705058936668 0.0
-0.003475942 0.01465902 -2.255431 -1.449884 1.199204 0.9025438 0.03460577 19.37737 nan 0 0.0 0.01506549169950201 2.681255789591325 1.0
0.02655971 -0.04932502 -1.212332 -2.227397 0.1325989 0.09803556 -0.03579947 16.09454 1.45599 1 0.9994523 0.056021208423993316 2.535950763290368 1.0
0.02577858 -0.0110176 -7.446144 -5.308534 3.014987 2.110757 0.5485565 20.52201 1.144691 0 0.0 0.028034312842950153 9.144703040443249 0.0
-0.001621037 -0.009701583 -1.313528 -2.560222 0.3016322 0.2214474 0.2011091 16.37274 1.290917 0 0.0 0.009836080197988322 2.8775149862455973 1.0
0.05614473 0.06973685 -0.9032448 -1.100769 2.203568 1.459233 0.3086994 20.4768 1.257298 0 0.0 0.08952909557621701 1.4239183825233945 1.0
-0.07940343 -0.1016868 -6.842961 -2.705177 0.6507635 0.4234642 0.3414247 18.6621 0.9075966 1 0.0 0.12901592921033006 7.358267312951466 1.0
0.03458013 0.03437809 -0.1507623 -2.959514 1.328272 0.8715621 0.3210189 19.82782 1.036142 0 0.0 0.0487610342677942 2.9633515463571465 1.0
0.01895814 0.02186301 -2.970414 -4.720589 2.523784 1.613495 0.8249857 19.79436 0.9171486 0 0.0 0.028937903837695293 5.577393642044374 1.0
-0.06385522 -0.0723201 -7.954084 0.7517269 3.452632 2.618343 -0.02335305 20.81506 0.7877159 0 0.0 0.09647634935702325 7.989527245791181 1.0
-0.1124181 -0.02346816 -5.307064 -3.621177 1.27385 0.7880077 0.4642004 19.47544 0.985569 1 0.06298222 0.11484155929538575 6.424784133760837 1.0
-0.08222223 -0.05131638 1.199788 -2.421984 3.39736 2.510574 0.009076721 20.69683 0.5456371 0 0.0 0.09692195810278133 2.7028684283923257 1.0
-0.001020106 -0.009468878 -2.813328 -1.193362 1.837496 1.060414 0.3503147 19.37354 nan 0 0.0 0.009523668769445942 3.055965853642347 1.0
-0.03629456 0.01740582 -1.486632 -2.176143 2.696206 1.792919 0.3547946 20.56892 0.6478176 0 0.0 0.040252424218498936 2.6354644865512795 1.0
-0.002300155 0.04659188 4.233596 1.420198 3.85624 2.421388 0.4003654 20.77895 0.654768 0 0.0 0.046648622648031365 4.465456018193439 1.0
0.003379253 0.01727972 -1.243904 -2.178402 0.09603763 0.07178461 0.03495507 15.55875 1.528559 1 0.9997569 0.017607046149664313 2.5085319282042238 1.0
0.04210901 0.07595118 -2.046162 -3.025537 0.7224853 0.5248978 0.1667203 19.03468 1.206388 1 0.8872331 0.08684325228002748 3.652485875210608 1.0
0.02326764 0.01861185 -0.634286 -0.3495074 1.001032 0.7369612 0.02093162 19.19357 0.9837303 0 0.0 0.029795704918529783 0.7242058771169702 1.0
0.0564006 -0.07004526 -17.35541 -6.345735 4.100053 2.45275 0.6245889 20.70579 1.22278 0 0.0 0.08992978443667926 18.479139832749926 0.0
-0.02509784 -0.04731043 -2.890106 -4.210294 1.97494 1.409468 0.1661623 20.22808 1.032011 0 0.0 0.053555376569029 5.106788448494024 1.0
0.04683799 0.08807189 -0.8610504 -2.138735 1.317126 0.8511847 0.4156116 19.87826 0.9103584 0 0.0 0.09975196797764042 2.3055574578754614 1.0
-0.0204459 0.008133581 -0.7426885 -2.058839 0.4679624 0.3500855 -0.01884606 18.31737 0.6870918 0 0.0 0.022004317001296837 2.1886992109363153 1.0
-0.01096701 -0.01337199 -1.474584 -2.394314 0.223907 0.1634716 0.3108198 16.85748 1.296789 1 0.9982561 0.01729408641415325 2.811963282770954 1.0
0.06502907 0.004426932 -1.318768 -2.369678 0.3008718 0.2052794 0.2214506 17.68249 1.196817 1 0.9964202 0.06517958017659767 2.7119223553612297 1.0
0.008172255 0.1214358 -3.685899 0.3018516 1.98102 1.314888 0.3995294 20.32839 2.041613 0 0.0 0.12171047314600754 3.6982382057708993 1.0
0.01786408 -0.07483932 -1.417383 0.8104558 0.4282151 0.3104224 0.07670761 18.26971 1.043665 1 0.0 0.07694185578934784 1.6327318127735002 1.0
-0.03170488 0.02251547 -0.8457385 -1.834359 0.4087137 0.28284 0.2102399 18.18846 1.312752 1 0.9936073 0.0388863189969853 2.0199372641899673 1.0
-0.06746586 -0.06241604 -2.437148 -7.923807 3.54064 2.773766 0.1470919 20.68639 0.7235699 0 0.0 0.09190976180374531 8.290139187441488 1.0
-0.1175349 -0.04011075 -5.94642 -4.737949 3.49829 2.629846 0.1661962 20.67871 0.752676 0 0.0 0.12419067993844184 7.603161943757413 1.0
0.01994335 0.02340011 -3.725768 -4.119454 1.793278 1.146876 0.4352437 19.94874 0.309288 0 0.0 0.030745769745358465 5.554390015828921 1.0
0.03066999 -0.02673954 -4.297087 -5.903173 3.828551 2.620812 0.6169685 20.76161 0.6453972 0 0.0 0.040689695083788724 7.301534643723742 1.0
-0.04952797 -0.01239724 -5.097372 -5.046379 1.399766 0.8265922 0.3613685 19.47996 0.7288914 1 0.05264608 0.05105596313789899 7.172805749358127 1.0
0.04103816 0.02999986 -3.518572 -5.777374 1.291078 0.808803 0.4335796 19.83048 1.232613 0 0.0 0.050834261833975714 6.764495491539631 1.0
-0.04959206 -0.03476666 -5.305842 -1.223727 0.5676605 0.3806515 0.2389151 18.64355 1.275471 1 0.0 0.06056478401347767 5.4451324225856075 1.0
0.008022022 0.01832083 -3.723111 -2.168914 2.099682 1.397233 0.4288116 19.85953 1.185184 0 0.0 0.020000141220936015 4.3087983774733525 1.0
0.09214963 0.05094204 0.5529553 -4.21162 1.586984 1.069275 0.4839084 19.83019 1.033995 0 0.0 0.10529314198227013 4.2477644223989275 1.0
0.05459403 0.004193698 -3.922327 -5.182196 2.388856 1.602548 0.3442847 20.32349 1.093445 0 0.0 0.05475486475698853 6.499215681706909 1.0
0.01918908 0.0839662 -2.022614 -1.923503 1.143797 0.7497107 0.3777209 19.45536 0.1516705 1 0.9102058 0.08613096733281474 2.791206044706302 1.0
0.01686854 -0.002985504 -0.1671145 -3.198686 1.445976 0.9440866 0.323628 19.98494 0.5153141 0 0.0 0.017130699806651682 3.203048451507758 1.0
0.03271866 -0.08638685 -6.474416 -1.69028 1.289131 0.9368708 0.06063762 19.89287 0.6253376 0 0.0 0.09237531361309742 6.691420553175237 1.0
0.001971798 -0.008797507 -2.018303 -1.897437 0.5421534 0.3694441 0.1680197 18.62608 0.5649166 0 0.0 0.009015770447823802 2.7701650075000948 1.0
-0.06742016 -0.005374827 -9.646533 -5.448189 1.043146 0.731794 0.1862729 18.917 1.505116 0 0.0 0.0676340649355451 11.078734688573872 0.0
-0.03780502 -0.009396885 -1.141405 -1.855341 0.2735083 0.1934834 0.1500944 17.42275 1.282209 1 0.9942605 0.03895537170793811 2.1783240347354202 1.0
-0.08776877 -0.01279329 -6.65469 -1.891069 0.8158255 0.5268566 0.3389291 19.05578 1.031292 1 0.0 0.08869625277505809 6.918167456694078 1.0
0.01757683 0.0221227 -2.641104 -1.783712 0.7843983 0.5061853 0.3915223 18.66141 0.3651142 0 0.0 0.028255243905139095 3.1870140943773686 1.0
0.1053857 0.05633262 -1.571934 -2.614117 0.4135882 0.2791366 0.2399588 18.16321 1.233707 1 0.9510066 0.11949690305842407 3.050341651363827 1.0
0.05611765 0.007126243 -4.305168 -9.102783 3.712668 2.992108 0.05004052 20.63706 1.280327 0 0.0 0.056568312515201905 10.069514876761096 0.0
0.04319235 0.04061513 0.654966 4.505182 0.8900424 0.573887 0.3598444 19.36262 2.15976 1 0.0 0.059288851257545884 4.5525427306374615 1.0
0.0170907 0.02168792 -1.662538 -2.09727 0.6171281 0.3843766 0.4048613 18.43739 0.9792461 0 0.0 0.027612640229003817 2.6762985734674674 1.0
0.01798583 -0.0418079 -1.911277 -2.995948 1.132118 0.668648 0.4208303 19.37995 0.8086281 0 0.0 0.04551253215542836 3.553686000399163 1.0
-0.08170187 -0.07490217 1.821923 -4.45877 4.01548 2.725497 -0.01705121 20.87548 1.173494 1 0.4805154 0.11084011292039449 4.816641291484036 1.0
0.005947111 -0.02530388 -5.354847 -4.253119 2.074454 1.429141 0.1577545 20.12068 0.716856 0 0.0 0.025993354387241388 6.838377557693784 1.0
0.08703859 0.006044422 -68.87022 -38.08221 1.718777 1.120629 0.2649264 20.14207 2.132891 0 0.0 0.08724821595025416 78.69791560983366 0.0
-0.006376922 -0.01573665 0.6959246 -0.915913 1.753136 1.228221 0.1966972 20.20504 0.8576832 0 0.0 0.016979613877134665 1.1503076425261896 1.0
0.05260149 -0.03459675 -5.530359 0.3841668 1.216846 0.7782249 0.3464254 19.81502 0.9707336 0 0.0 0.06295912849446536 5.543686029989725 1.0
0.01534652 0.06819701 2.912053 -2.673455 1.937022 1.463154 0.09330959 20.13642 -0.1195755 0 0.0 0.06990241661810055 3.9531524523896113 1.0
-0.0006875589 -0.02419742 -1.219038 -2.345217 1.948538 1.397381 0.2036284 20.32482 1.03573 0 0.0 0.024207186368873382 2.64312247588586 1.0
-0.1248642 -0.02720046 -6.144478 -10.94401 1.632092 0.999557 0.4807062 19.76174 0.832489 0 0.0 0.12779254072852453 12.550934816681346 0.0
0.01399387 -0.06844519 -1.945304 -2.932151 0.9672195 0.6674298 0.122743 19.35651 0.9760857 1 0.9341026 0.06986109383421504 3.5187664229410003 1.0
0.01815465 0.03308602 -1.18975 0.3784131 1.412415 0.9344856 0.1791974 19.8714 0.8365841 0 0.0 0.03773958182151599 1.248479690163845 1.0
0.02313241 0.08818049 1.735569 -4.753325 1.394469 0.9080713 0.3800634 19.78571 1.011187 0 0.0 0.09116417722465442 5.060266624337694 1.0
-0.006456991 0.03005878 -2.20843 -0.8165449 1.838025 1.260841 0.2107456 20.18588 0.5938549 0 0.0 0.03074447898180226 2.3545506234982527 1.0
-0.03940052 -0.01551636 -4.787295 -2.945103 2.356757 1.416923 0.5626578 20.22692 1.12492 0 0.0 0.0423457011267968 5.620660557055015 1.0
-0.06831881 -0.08291687 -11.30975 -5.913979 2.459003 1.872076 0.1328296 20.28601 0.8682117 0 0.0 0.10743680528763408 12.762664011676442 0.0
0.02023732 0.02249596 -1.069585 -2.128602 2.292116 1.471275 0.8307535 19.64262 0.9041271 0 0.0 0.030259169471484177 2.382217149344073 1.0
-0.04721268 -0.08581742 -1.17824 -1.24428 2.85458 2.115395 0.04907347 20.77773 0.8606548 0 0.0 0.09794726503705348 1.7136167062677699 1.0
0.003341591 0.03592214 -6.909291 -9.006279 0.7049619 0.4008862 0.4956548 18.54975 1.753521 0 0.0 0.03607722789504317 11.351271450746035 0.0
-0.0008924875 0.01418225 -0.6594029 -2.474017 0.4428444 0.2803545 -0.1846523 17.49595 1.220989 0 0.0 0.014210304324684826 2.560385186025222 1.0
0.03444205 0.1067086 -0.3441773 -4.741317 0.5366828 0.3656165 0.2920317 18.50562 0.9368343 1 0.0 0.11212930090820375 4.7537926867212335 1.0
-0.005454191 -0.05143833 0.8765108 -0.4075028 1.421405 0.9831357 0.3825155 19.76162 1.138865 0 0.0 0.05172668549842896 0.9666073217829875 1.0
-0.03709376 0.03222558 3.999511 0.8495167 3.275121 2.452936 0.2222613 20.57619 -0.1477566 0 0.0 0.04913690097344357 4.088736585144596 1.0
-0.01324947 0.03101933 -0.7093566 -2.026153 0.3329632 0.2379863 0.1757435 17.85977 1.202375 1 0.9957341 0.03373050976385919 2.1467377029745762 1.0
0.08732871 0.06654143 -0.2459911 -2.007055 0.6640055 0.4313247 0.3270332 18.9207 0.2471867 1 0.9411241 0.10979100826893338 2.0220735383027515 1.0
0.00252274 0.0312301 -0.868786 -2.345262 0.5588441 0.3789963 0.2462287 18.67228 0.2631779 0 0.0 0.03133182668019214 2.5010083891182773 1.0
0.02283879 -0.05673593 -1.147111 -2.395204 0.1131477 0.08337301 0.05160491 15.88758 1.492601 1 0.9982209 0.061160249195282054 2.655723225024965 1.0
-0.01359104 0.006376331 -0.759559 -2.611993 0.4324047 0.262854 0.492995 17.63006 1.020168 0 0.0 0.015012460334773945 2.720190674664186 1.0
0.1154036 -0.002910787 1.85777 -11.54908 0.4439949 0.3004228 0.1391823 18.34587 0.9283237 1 0.0 0.1154403030744435 11.697544965474593 1.0
0.04426969 -0.03026248 -1.300315 -2.428918 0.4875602 0.3394377 0.1346212 18.40651 0.7347355 1 0.9932027 0.053624837048204636 2.755079263823275 1.0
-0.1019425 0.004758125 -2.767703 -9.310485 2.473169 1.779785 0.3692024 20.32946 0.7288589 0 0.0 0.10205348137014056 9.713151436657107 1.0
-0.05058735 0.0512542 -0.8344576 -1.590867 0.5625568 0.4190052 0.3067597 18.42179 1.167112 1 0.9742096 0.07201439437822484 1.7964346071835624 1.0
-0.05776589 -0.006134714 -1.468914 -1.930518 0.2591641 0.1854488 0.1201873 17.43767 1.297483 1 0.989278 0.058090728721147025 2.425821116183137 1.0
-0.02859875 0.02855138 8.79999 3.02377 3.138927 2.119431 0.4420429 20.62626 0.4584694 0 0.0 0.040411258350451056 9.304999140945688 0.0
0.07556146 -0.03093992 -1.80033 -2.780696 1.227996 0.7311774 0.4996297 19.55383 1.157238 1 0.9315536 0.08165055350049992 3.312621069986122 1.0
-0.002849827 0.03205787 -6.992812 -3.501586 0.4787813 0.309407 0.2613936 18.26915 0.9790344 1 0.0 0.032184290311685126 7.820519431773058 1.0
0.009914828 0.01745852 -1.356881 -2.327224 0.2172684 0.1392264 0.3383177 16.77854 1.297182 1 0.9991187 0.020077443434361457 2.6939000713346815 1.0
-0.09386899 0.06071729 -0.9280344 -8.785768 1.269294 0.8457951 0.1278589 19.77288 0.9233322 1 0.0 0.11179434953773021 8.834645844481111 1.0
0.07607168 -0.0321954 -1.255786 -1.998646 0.5237091 0.3458125 0.2714424 18.38249 0.4677734 1 0.9856164 0.08260414202194949 2.360420367458305 1.0
0.004670933 0.01570801 -1.497665 -3.415852 1.755429 1.057707 0.4828412 19.85305 nan 0 0.0 0.016387775726149936 3.7297513775222337 1.0
