jas1101finalproject/data/gcs/NGC_5927.ecsv
# %ECSV 0.9
# ---
# datatype:
# - {name: x, unit: deg, datatype: float64}
# - {name: y, unit: deg, datatype: float64}
# - {name: pmx, unit: mas / yr, datatype: float64}
# - {name: pmy, unit: mas / yr, datatype: float64}
# - {name: pmx_e, unit: mas / yr, datatype: float64}
# - {name: pmy_e, unit: mas / yr, datatype: float64}
# - {name: pm_corr, datatype: float64}
# - {name: g_mag, unit: mag, datatype: float64}
# - {name: bp_rp, unit: mag, datatype: float64}
# - {name: filter, datatype: int64}
# - {name: memberprob, datatype: float64}
# - {name: r, unit: deg, datatype: float64}
# - {name: pm, unit: mas / yr, datatype: float64}
# - {name: member_prob_GMM, datatype: float64}
# meta: !!omap
# - comments: [deg deg mas/yr mas/yr mas/yr mas/yr dimless mag   mag   zeroone float]
# - __serialized_columns__:
#     bp_rp:
#       __class__: astropy.units.quantity.Quantity
#       unit: &id001 !astropy.units.Unit {unit: mag}
#       value: !astropy.table.SerializedColumn {name: bp_rp}
#     g_mag:
#       __class__: astropy.units.quantity.Quantity
#       unit: *id001
#       value: !astropy.table.SerializedColumn {name: g_mag}
#     pm:
#       __class__: astropy.units.quantity.Quantity
#       unit: !astropy.units.Unit {unit: mas / yr}
#       value: !astropy.table.SerializedColumn {name: pm}
#     pmx:
#       __class__: astropy.units.quantity.Quantity
#       unit: !astropy.units.Unit {unit: mas / yr}
#       value: !astropy.table.SerializedColumn {name: pmx}
#     pmx_e:
#       __class__: astropy.units.quantity.Quantity
#       unit: !astropy.units.Unit {unit: mas / yr}
#       value: !astropy.table.SerializedColumn {name: pmx_e}
#     pmy:
#       __class__: astropy.units.quantity.Quantity
#       unit: !astropy.units.Unit {unit: mas / yr}
#       value: !astropy.table.SerializedColumn {name: pmy}
#     pmy_e:
#       __class__: astropy.units.quantity.Quantity
#       unit: !astropy.units.Unit {unit: mas / yr}
#       value: !astropy.table.SerializedColumn {name: pmy_e}
#     r:
#       __class__: astropy.units.quantity.Quantity
#       unit: &id002 !astropy.units.Unit {unit: deg}
#       value: !astropy.table.SerializedColumn {name: r}
#     x:
#       __class__: astropy.units.quantity.Quantity
#       unit: *id002
#       value: !astropy.table.SerializedColumn {name: x}
#     y:
#       __class__: astropy.units.quantity.Quantity
#       unit: *id002
#       value: !astropy.table.SerializedColumn {name: y}
# schema: astropy-2.0
x y pmx pmy pmx_e pmy_e pm_corr g_mag bp_rp filter memberprob r pm member_prob_GMM
[from data line 22852]
0.02532178 -0.006949915 -6.0446 -3.033502 0.4839074 0.3839771 -0.2132742 18.36404 1.668407 0 0.0 0.026258215112143952 6.76308535684742 0.0
0.02464585 -0.09708319 -6.255521 -3.886472 0.3803614 0.3065779 -0.1531239 18.2639 1.815981 1 0.0304867 0.10016268618002715 7.364523581890753 0.0
0.03759864 -0.02208724 3.021653 -1.093984 2.43055 1.172898 0.313771 19.7876 nan 0 0.0 0.04360623694687722 3.213594225266314 0.0
-0.01763773 -0.1063268 -3.538031 -2.615002 2.539855 2.723711 -0.2918931 20.66963 nan 0 0.0 0.10777976580876811 4.399533931789253 0.0
0.03208214 -0.1590916 -6.145531 -6.39599 1.062997 0.6679788 -0.08047452 19.51787 1.565825 1 0.0001183415 0.1622941801098844 8.869962759339016 0.0
0.01447352 -0.06926601 -9.518177 -3.70694 1.684596 1.084703 -0.223829 19.87132 1.418816 0 0.0 0.07076201609981517 10.21455322404896 0.0
0.02517273 -0.01443427 -6.114001 -4.114209 0.3477758 0.2872763 -0.2101237 17.81112 1.630505 0 0.0 0.029017485867762562 7.369377444783378 0.0
-0.02111053 -0.1289494 -4.463401 -3.75343 0.5759249 0.4344076 -0.04774222 18.8466 1.81048 1 0.574868 0.13066599495370207 5.831825207574469 0.0
0.001477653 -0.03773534 1.213768 -5.935075 0.7330866 0.6252739 -0.267582 17.66503 1.400846 0 0.0 0.03776426013182317 6.057916144471546 1.0
0.01290035 -0.03146192 -8.114917 -4.437378 0.2636828 0.2320282 -0.1458501 17.56921 1.351139 0 0.0 0.03400399153347883 9.248902715012902 0.0
0.06048162 -0.09349179 -5.915153 -4.153118 0.4108738 0.3357083 -0.1846421 18.43391 1.582642 1 0.04630829 0.11134963473325138 7.227546204302882 0.0
0.08647913 -0.09462739 -6.922159 -5.141979 0.7000212 0.5483523 -0.2989141 19.0147 nan 0 0.0 0.12819119651430436 8.623006045325608 0.0
0.02412276 -0.007132389 0.04884387 -0.171594 0.97386 0.7868149 -0.1482303 18.9667 1.340782 0 0.0 0.02515508940284095 0.17841027008716986 0.0
0.03674884 -0.02109474 -5.151864 -3.054187 0.1999235 0.1630258 -0.2659648 17.0936 1.808105 1 0.9603005 0.042372931182692565 5.989136908225174 1.0
0.03405627 -0.1611835 -3.732327 -4.289452 0.9371154 0.625154 0.09397177 19.07184 2.264742 1 0.1316052 0.1647420717320348 5.685917981753958 0.0
0.03962335 -0.09658992 -5.141593 -2.966197 0.5229679 0.3346711 -0.1162342 18.43935 1.761202 1 0.8378274 0.10440125722820055 5.935848989020695 0.0
0.02394643 -0.01161457 -4.762201 -3.03764 0.1247247 0.1026693 -0.2907928 16.18572 1.654213 0 0.0 0.026614464977335165 5.6485232702008945 0.0
0.07057748 -0.09923177 -6.632602 -5.005841 1.882192 1.221877 0.09878355 19.95083 1.26119 0 0.0 0.1217707882067095 8.309624143587062 0.0
0.07278526 -0.1438747 -6.759795 -0.4725256 2.509374 2.505249 -0.2851576 20.42076 1.275484 0 0.0 0.16123778519118154 6.776290200742613 0.0
0.001753675 -0.1493418 -4.970234 -5.877568 1.391439 0.8712576 -0.09382145 19.6605 nan 0 0.0 0.14935209607918337 7.697339255182923 0.0
0.01570999 -0.06774053 -11.41225 -5.289524 1.480549 0.9431336 -0.2274621 19.35723 1.760777 0 0.0 0.06953835769185952 12.578494115317461 0.0
0.08182376 -0.09675907 -6.314771 -1.503574 1.440591 0.9721657 -0.02307926 19.57298 nan 0 0.0 0.1267179755512315 6.491307076076205 0.0
0.02159968 -0.02713925 -4.359679 -4.28923 0.5016722 0.3948314 -0.1481364 18.42986 1.586323 0 0.0 0.034685516670000756 6.11590508231946 1.0
0.06740406 -0.1183769 -5.12234 -5.002643 2.91748 1.921369 -0.5080109 20.23272 1.176805 1 0.2116875 0.13622186960284166 7.159944417455279 0.0
0.03279063 -0.02807652 -9.442272 -5.63488 2.184583 1.20611 0.1468983 19.89299 1.333698 0 0.0 0.043168465239191676 10.995834353807991 0.0
0.02116184 -0.1403515 -5.777894 -3.55445 0.6566461 0.5128964 -0.1253546 18.98664 1.595304 1 0.5575701 0.14193789847829788 6.783669646860465 0.0
0.07555817 -0.09237309 4.173731 3.275507 0.6054327 0.507574 -0.1682527 18.58986 2.492672 0 0.0 0.11933911684731457 5.305560909782302 0.0
0.05811487 -0.1108457 0.4345098 -5.60373 3.626583 2.151597 -0.4552389 20.24922 nan 0 0.0 0.12515633153623074 5.620550567266167 0.0
0.0416221 -0.06272861 -6.979501 -5.169746 0.4941804 0.4209629 -0.2194943 18.43846 nan 0 0.0 0.07528132385221517 8.685603485856179 0.0
0.008888454 -0.03915904 -6.689742 -5.535943 2.14831 1.215955 0.3615242 19.82944 1.004122 0 0.0 0.040155137009250955 8.683277775460889 0.0
0.02825957 -0.1214878 -6.356692 -3.260497 1.421628 0.7674732 -0.09456572 19.68311 nan 0 0.0 0.12473126651094706 7.14411463163022 0.0
0.04735791 -0.05377714 -6.827477 -4.750962 1.437394 0.7671167 -0.1059222 19.49283 1.839437 0 0.0 0.07165718684226796 8.317817148204991 0.0
0.02117157 -0.03348671 -6.773761 -1.91569 2.030531 1.050948 0.01168474 19.9229 1.200289 0 0.0 0.039618116094647916 7.039439342818504 0.0
0.0248882 -0.1131584 -0.5571013 -2.565928 3.833491 2.957791 -0.4879755 20.6073 1.286596 0 0.0 0.11586304842269601 2.625709115581101 0.0
0.04500983 -0.05473232 -5.468546 -4.196356 2.956478 1.616109 -0.4972711 19.99866 nan 0 0.0 0.0708626251927721 6.893068912527424 0.0
0.02508638 -0.1572754 -3.152375 -4.426358 0.5511011 0.4324746 -0.1193918 18.86007 1.498672 1 0.00371752 0.1592635485811628 5.434161691078854 0.0
0.04481644 -0.0549572 -3.967731 -7.710666 2.736192 1.455527 0.1120035 19.9084 2.046263 0 0.0 0.07091408270656542 8.671635338960986 0.0
0.00154493 -0.04866063 -5.107884 -3.398026 0.1344477 0.1111024 -0.1965206 16.26802 1.718404 1 0.9665019 0.04868514887213349 6.134905024051473 1.0
-0.006872346 -0.09213718 -4.355899 -5.358871 1.280952 0.7545621 0.01544108 19.5713 1.527075 0 0.0 0.09239312245993268 6.905892736847424 0.0
0.01392987 -0.1114678 -2.764885 -3.485529 0.242713 0.2021087 -0.1575172 17.5227 1.53661 1 0.0 0.11233481969121106 4.4489888146708125 0.0
0.03428953 -0.06642674 -2.181185 -3.356042 0.9541981 0.6211931 -0.06415576 19.32228 1.519291 0 0.0 0.07475482362127878 4.0025724115859544 0.0
0.02302439 -0.03863742 -7.081114 -4.03644 0.09878139 0.0833785 -0.3233055 15.73856 2.009387 1 0.0 0.04497746946114799 8.150768267752188 0.0
0.04200461 -0.05618293 -4.158789 -3.261527 1.961377 1.091191 0.2873743 19.82833 1.883308 0 0.0 0.07014919019231085 5.285175902299752 0.0
0.01849375 -0.01174562 -3.76332 -0.06020703 0.825543 0.7427829 -0.1365726 18.35184 nan 0 0.0 0.02190840884790358 3.7638015767122237 0.0
0.04773993 -0.1525514 -1.676813 -5.563093 0.5274185 0.4173361 -0.1192221 18.82045 1.492996 1 0.0 0.1598468972434714 5.810310281182753 0.0
0.01772981 -0.01222979 -8.673954 0.2326336 0.6968997 0.5915275 -0.2691305 17.87306 1.356089 0 0.0 0.021538661195167168 8.677073031037883 0.0
0.01335138 -0.04256662 -5.205324 -3.084527 0.07555321 0.06687491 -0.3147047 14.83884 2.147766 1 0.9715771 0.044611394128953194 6.050595405305581 1.0
0.08562697 -0.09620892 -6.554769 -3.891197 0.5695394 0.469502 -0.1923266 18.763 1.417519 0 0.0 0.12879493110735105 7.622756111549812 0.0
0.04149343 -0.109798 -3.943122 -2.022026 0.9623712 0.6027418 -0.1220876 19.24027 1.477991 1 0.1887609 0.11737676745065397 4.431342939963008 0.0
-0.00193269 -0.04956855 -7.137434 -1.593576 0.2005222 0.1679228 -0.1806306 17.03682 1.305481 1 0.0 0.049606213721051125 7.3131695298367045 0.0
0.09645194 -0.1209301 -5.063648 -3.908805 3.379739 2.196637 -0.4633225 20.27747 0.8026218 0 0.0 0.15468376067245584 6.396818552681403 0.0
0.01756492 -0.03946285 0.3809092 -1.310722 1.816317 0.9738129 -0.09723984 19.64548 1.307735 0 0.0 0.043195404208421294 1.3649483433187646 0.0
0.03450567 -0.1398864 -3.393716 -6.077486 0.6353259 0.5333987 -0.1512257 18.52427 1.506378 0 0.0 0.14407930513126754 6.960829287437813 0.0
0.06259675 -0.1067316 0.7131284 -1.18344 1.205995 1.272888 -0.4139232 19.06073 1.603168 0 0.0 0.12373353445659951 1.3816954615567645 0.0
-0.01211841 -0.1082935 -6.792249 1.714221 3.095892 2.442978 -0.3995887 20.1554 1.199066 0 0.0 0.10896943609644909 7.005226628371276 0.0
0.07989118 -0.09823583 -7.761587 -2.105914 0.9614354 0.6122776 -0.09801343 19.30184 nan 0 0.0 0.12662100511992982 8.042207814646734 0.0
0.04220923 -0.1290857 -3.567569 -0.8132197 0.390034 0.3609786 -0.2067856 18.18949 1.357075 1 0.0 0.13581140247299892 3.6590811483525605 0.0
0.03040007 -0.03339642 -4.422986 2.408445 2.189155 1.140983 -0.01630472 19.61552 1.498137 0 0.0 0.04516065903882826 5.03621013007013 0.0
0.05370748 -0.05069408 -5.701706 -4.729455 2.341011 1.305333 -0.1435681 20.06098 1.518208 0 0.0 0.07385379580628744 7.407914410106329 0.0
0.01941406 -0.1004415 -10.27563 -9.671611 0.2935008 0.2452319 -0.1726613 17.82705 1.617472 1 0.0 0.10230054079981005 14.111294456293546 0.0
0.04136287 -0.02817485 -4.81327 -3.425696 0.1970085 0.1616669 -0.2633846 17.1205 1.793779 1 0.9388369 0.050047069716012346 5.9078728132311715 0.0
-0.00185208 -0.1336215 -6.422235 -2.326466 1.279706 0.8032387 -0.1359976 19.6229 1.583984 1 0.3941391 0.13363433489405482 6.830632946102506 0.0
0.01592221 -0.03993529 -5.295011 -3.255324 0.2892579 0.2388276 -0.1938606 17.79415 1.674215 1 0.93931 0.04299237326164025 6.215647660147493 1.0
0.03320184 -0.06149737 2.310573 -3.106604 0.8961896 0.5588188 -0.06810336 19.1035 1.487753 0 0.0 0.06988768629953707 3.871658042899063 0.0
-0.0266352 -0.147812 0.1831539 -3.336787 0.3491787 0.2526106 0.06930047 18.03937 1.518435 1 0.0 0.15019261374328632 3.341809814225551 0.0
0.01961551 -0.01101365 1.29567 -5.060775 0.9003376 0.7214601 -0.2335647 19.0931 nan 0 0.0 0.022495971170025088 5.22400271339181 0.0
0.003907388 -0.09993407 -6.601716 -4.826099 0.4477891 0.3585095 -0.1297076 18.58731 1.470493 0 0.0 0.10001042959485497 8.177645486474514 0.0
0.03608468 -0.03003588 -4.954694 -3.262033 0.1335166 0.1094219 -0.2604884 16.2968 1.607536 0 0.0 0.046949528411655 5.932103499326778 1.0
0.04842936 -0.05446107 -5.386126 -7.897667 2.615992 1.401067 0.0501534 20.13689 1.800629 0 0.0 0.07287942820545795 9.559471603115155 0.0
-0.03852611 -0.15326 -8.305555 -8.421705 0.2584394 0.1985967 -0.04092479 17.6898 1.53598 1 0.0 0.15802812645770406 11.828244120115631 0.0
0.03241725 -0.0927468 -7.709794 -4.3739 1.102738 0.6975014 -0.09341581 19.54061 1.921646 1 0.06814142 0.09824890334147501 8.864080591490355 0.0
0.04565669 -0.1143948 -5.637167 -2.940688 1.770175 1.117112 0.09511065 19.95024 2.021744 0 0.0 0.12316941019910789 6.3580891547093765 0.0
0.01539069 -0.1283521 2.575935 -2.061752 0.9893638 0.6109712 -0.04140591 19.39722 1.696981 1 0.0 0.1292715549263878 3.299433653481912 0.0
0.02449906 -0.008616502 -4.494096 -1.63521 0.3966979 0.3049133 -0.2740672 16.98342 1.693843 0 0.0 0.025970137612257735 4.78234363061836 0.0
0.08098698 -0.095144 -7.874841 -2.871333 1.256672 0.8135032 -0.1077434 19.48792 1.530233 0 0.0 0.12494507459488109 8.381985085418012 0.0
0.0172567 -0.1415439 -6.83062 -1.670458 0.5922601 0.4890304 -0.1377831 19.00115 1.555788 1 0.009981241 0.1425919679438502 7.031912934199626 0.0
0.03304975 -0.03064781 -10.79006 -10.06162 1.334796 0.775156 -0.02029731 19.50602 1.275118 0 0.0 0.045072987840375084 14.753358662623233 0.0
-0.0354235 -0.1519186 -5.46765 -3.565743 0.5159431 0.3537597 0.07573369 18.76534 1.332901 1 0.6778893 0.15599386327099535 6.527612095134713 0.0
0.03434448 -0.1624044 -5.235008 -4.006393 1.004655 0.6249874 0.1113139 19.17448 1.543964 1 0.3669036 0.16599618202184774 6.5921539446915975 0.0
0.02714502 -0.03082331 -11.6683 -2.508124 1.798823 1.064517 -0.1790761 19.51191 nan 0 0.0 0.04107223575794846 11.934819265048633 0.0
-0.02379309 -0.08780923 -13.36603 -2.004312 1.641106 1.238256 0.2004074 20.11257 1.342384 0 0.0 0.09097566710357775 13.515473523123191 0.0
0.03895213 -0.1145909 -6.143887 -3.873141 0.5263707 0.4182768 -0.1439718 18.70726 1.46722 0 0.0 0.12103033832203766 7.262820985997797 0.0
0.08200899 -0.1011959 -5.598429 -5.98348 0.4287419 0.3539102 -0.1794916 18.2214 1.555923 1 0.0 0.13025392361702623 8.194171109907396 0.0
-0.04134199 -0.1516603 -4.971532 -1.470179 1.351923 0.8720827 0.199937 19.74674 1.527414 0 0.0 0.15719416889073876 5.184356924350888 0.0
0.08181842 -0.1163552 -1.595681 -3.621541 0.1768532 0.1588716 -0.2429498 17.02151 1.454868 0 0.0 0.14224199948797261 3.957493786279645 0.0
0.03430857 -0.119451 -4.268615 -4.362603 0.5264502 0.4015493 -0.1129386 18.72338 1.464128 1 0.1166319 0.12428040624509118 6.103554616273537 0.0
0.02289509 -0.1644459 -3.820716 -4.202509 2.34313 1.144918 0.06298022 19.9607 1.410215 0 0.0 0.16603204260900395 5.679696527785354 0.0
0.02806975 -0.0197002 -3.862973 -3.819283 0.3411042 0.2745169 -0.2519644 17.69311 1.601387 0 0.0 0.03429298390491122 5.432263159385598 0.0
0.01141976 -0.03983479 -0.726927 -0.1069084 1.995509 1.067223 -0.03434374 19.64241 1.696619 0 0.0 0.041439370323421904 0.7347463979629706 0.0
-0.01171471 -0.06369579 -4.888985 -2.973911 0.3047719 0.2540589 -0.1076203 17.95901 1.681557 1 0.9123587 0.06476409571752083 5.722440123421651 0.0
0.02947879 -0.1152401 -4.684888 -6.863834 2.124915 1.971929 -0.263386 20.38214 1.461433 0 0.0 0.11895074488154372 8.310258284319447 0.0
0.03962479 -0.02638426 -8.700194 -4.593458 1.284383 0.7860709 -0.05587641 19.08568 nan 0 0.0 0.04760517995230876 9.838355148875243 0.0
0.01461419 -0.1135127 -7.731632 -6.107079 2.697077 3.159286 -0.1474525 20.68803 1.510563 0 0.0 0.11444958545423438 9.852641640477188 0.0
0.03915129 -0.02629612 -6.162111 0.9075559 0.2422345 0.1944443 -0.2464801 17.25926 1.42621 0 0.0 0.047162585125483734 6.228584886468661 1.0
0.03336987 -0.0289505 -1.352597 -10.20033 0.3588877 0.2811012 -0.1243616 18.09181 1.401047 1 0.0 0.044177818801598844 10.289618591245693 0.0
0.04240995 -0.05653806 -2.805134 -4.000677 1.625375 0.8748062 -0.09823788 19.65764 1.462206 0 0.0 0.07067641818574354 4.886122513433837 0.0
0.04294083 -0.05690094 -4.509747 -7.023438 1.185099 0.6418646 -0.1657826 19.28489 1.443333 0 0.0 0.07128556553729863 8.346645993682312 0.0
0.01731489 -0.03627749 -5.03967 -3.289467 0.1349989 0.1132118 -0.2896996 16.33986 1.698792 1 0.9749563 0.0401977822325088 6.018211266895588 1.0
0.04299614 -0.09131718 -7.164977 -2.013093 0.3947444 0.3220912 -0.1800264 18.34134 1.887495 0 0.0 0.1009331234929941 7.4424081342787165 0.0
0.06145184 -0.1482758 -6.405319 -1.657472 0.8381724 0.5475364 -0.1436402 19.15842 1.346451 0 0.0 0.16050558091551087 6.6162923849044795 0.0
0.00715442 -0.1318024 -5.063674 -4.793746 1.181186 0.7337523 -0.0525192 19.59041 1.692692 1 0.1749507 0.1319964331764173 6.972861327374294 0.0
0.005823936 -0.1297804 -10.44354 -7.076966 1.895888 1.141813 0.0003598636 20.03726 2.082489 0 0.0 0.12991100975164535 12.615505360339554 0.0
-0.003513182 -0.09943432 -9.417092 -4.609053 0.4376024 0.3245383 -0.08241561 18.29334 1.436518 1 0.0 0.09949636396184297 10.484511972107859 0.0
0.03761707 -0.119362 -7.789466 -7.053646 1.366695 0.9046039 -0.2285492 19.63657 1.348032 1 6.251753e-05 0.1251492349133022 10.508553775780566 0.0
0.03403893 -0.03918581 -4.8611 -3.183183 0.1327296 0.1111732 -0.2692167 16.35739 1.849761 1 0.9637459 0.051905456947232434 5.810589231867024 0.0
0.02699564 -0.0217328 -5.29008 -2.704966 0.1511391 0.1222401 -0.2876234 14.43184 3.061448 1 0.7498161 0.03465658919815393 5.9415307343778 1.0
0.02309626 -0.01041633 -6.482509 -3.734421 2.527083 1.410401 0.3944285 19.53897 nan 0 0.0 0.0253364787738253 7.481231391978329 0.0
0.04151099 -0.03552972 0.5515923 -3.687033 0.4923642 0.406027 -0.08939569 18.45858 1.747129 0 0.0 0.054639942295526815 3.728064700150507 0.0
0.01162997 -0.04935251 -5.188518 -3.328894 0.1739954 0.1435474 -0.1501872 16.84298 1.776745 1 0.9634707 0.050704304013574626 6.164596848096394 1.0
-0.04097225 -0.1556081 -4.610287 -5.628817 1.18576 0.6681346 0.2267816 19.53389 1.484804 0 0.0 0.16091179588728882 7.275872940194736 0.0
-0.03478996 -0.1483934 -4.44656 -8.650631 0.5314665 0.4236811 -0.07240058 18.57094 1.601957 1 0.0 0.15241700193994634 9.726526231484755 0.0
-0.02364865 -0.1252885 -4.17285 -2.852513 0.5684276 0.4769097 -0.1172145 18.90171 1.816422 1 0.4868339 0.12750085050333 5.0546520689033585 0.0
0.08014617 -0.1127436 -4.156262 -2.209481 1.032216 0.6955675 -0.09793098 19.38312 1.265728 1 0.3041722 0.13832761078912953 4.707050042436876 0.0
0.02237086 -0.01104159 -5.705803 -3.769882 2.112458 1.122078 -0.01418418 19.77894 nan 0 0.0 0.024947386373480086 6.838727818003361 0.0
