jas1101finalproject/data/gcs/NGC_6638.ecsv
# %ECSV 0.9
# ---
# datatype:
# - {name: x, unit: deg, datatype: float64}
# - {name: y, unit: deg, datatype: float64}
# - {name: pmx, unit: mas / yr, datatype: float64}
# - {name: pmy, unit: mas / yr, datatype: float64}
# - {name: pmx_e, unit: mas / yr, datatype: float64}
# - {name: pmy_e, unit: mas / yr, datatype: float64}
# - {name: pm_corr, datatype: float64}
# - {name: g_mag, unit: mag, datatype: float64}
# - {name: bp_rp, unit: mag, datatype: float64}
# - {name: filter, datatype: int64}
# - {name: memberprob, datatype: float64}
# - {name: r, unit: deg, datatype: float64}
# - {name: pm, unit: mas / yr, datatype: float64}
# - {name: member_prob_GMM, datatype: float64}
# meta: !!omap
# - comments: [deg deg mas/yr mas/yr mas/yr mas/yr dimless mag   mag   zeroone float]
# - __serialized_columns__:
#     bp_rp:
#       __class__: astropy.units.quantity.Quantity
#       unit: &id001 !astropy.units.Unit {unit: mag}
#       value: !astropy.table.SerializedColumn {name: bp_rp}
#     g_mag:
#       __class__: astropy.units.quantity.Quantity
#       unit: *id001
#       value: !astropy.table.SerializedColumn {name: g_mag}
#     pm:
#       __class__: astropy.units.quantity.Quantity
#       unit: !astropy.units.Unit {unit: mas / yr}
#       value: !astropy.table.SerializedColumn {name: pm}
#     pmx:
#       __class__: astropy.units.quantity.Quantity
#       unit: !astropy.units.Unit {unit: mas / yr}
#       value: !astropy.table.SerializedColumn {name: pmx}
#     pmx_e:
#       __class__: astropy.units.quantity.Quantity
#       unit: !astropy.units.Unit {unit: mas / yr}
#       value: !astropy.table.SerializedColumn {name: pmx_e}
#     pmy:
#       __class__: astropy.units.quantity.Quantity
#       unit: !astropy.units.Unit {unit: mas / yr}
#       value: !astropy.table.SerializedColumn {name: pmy}
#     pmy_e:
#       __class__: astropy.units.quantity.Quantity
#       unit: !astropy.units.Unit {unit: mas / yr}
#       value: !astropy.table.SerializedColumn {name: pmy_e}
#     r:
#       __class__: astropy.units.quantity.Quantity
#       unit: &id002 !astropy.units.Unit {unit: deg}
#       value: !astropy.table.SerializedColumn {name: r}
#     x:
#       __class__: astropy.units.quantity.Quantity
#       unit: *id002
#       value: !astropy.table.SerializedColumn {name: x}
#     y:
#       __class__: astropy.units.quantity.Quantity
#       unit: *id002
#       value: !astropy.table.SerializedColumn {name: y}
# schema: astropy-2.0
x y pmx pmy pmx_e pmy_e pm_corr g_mag bp_rp filter memberprob r pm member_prob_GMM
[from data line 463]
0.02118506 0.006254495 3.109087 -4.043909 1.412193 1.484647 0.9028907 19.26223 1.227207 0 0.0 0.022089035173783054 5.100943243543297 0.0
-0.01369052 0.01753564 -6.043853 -6.101788 1.008132 0.9790753 0.620514 19.0778 0.9758148 0 0.0 0.022246999979323057 8.588362817356577 0.0
-0.005591603 0.03071416 -3.523938 -4.573324 0.1483696 0.1353821 0.4131283 16.65097 1.63026 1 1.382146e-05 0.03121899499687985 5.773511187901172 0.0
0.04184752 0.0129515 4.14901 -2.121844 2.120413 2.287901 0.8781201 19.88737 1.202728 1 5.16711e-05 0.04380589323824364 4.660097202895664 0.0
0.001433992 0.0074103 -3.845415 -5.529908 0.2281674 0.2067565 0.5307892 13.46796 2.093248 0 0.0 0.0075477731249729545 6.735510300689102 0.0
0.01374691 0.001841972 -0.1154544 -3.507466 1.513313 1.404113 0.6022569 18.85921 1.429817 0 0.0 0.013869765513406634 3.509365677673867 0.0
0.001846719 -0.02379774 2.995555 -3.479985 0.2742093 0.2568437 0.6193216 17.47867 1.369551 1 0.0 0.023869285707212962 4.591693081887116 0.0
0.001296252 0.006988778 -2.699537 -3.78237 0.1345735 0.1190142 0.3596871 15.31275 nan 0 0.0 0.007107973493253053 4.646915410384506 0.0
0.02124477 0.03240042 -1.721773 -3.744458 0.5849074 0.5376003 0.4984084 18.85139 1.204609 0 0.0 0.038744386284070884 4.121342982244137 0.0
0.01832044 0.007885749 -4.668287 -4.941822 1.07747 0.9775416 0.8450508 18.94371 nan 0 0.0 0.01994551476108353 6.79812534409693 0.0
0.01353019 0.03423259 -8.413711 -9.324435 1.613471 1.691006 0.8965708 19.5134 0.7816963 0 0.0 0.03680945883253651 12.559284249540099 0.0
0.03991232 -0.007559471 -4.91095 -7.319644 1.994959 1.894362 0.8823793 19.4992 1.492352 0 0.0 0.040621901599780394 8.814455070464424 0.0
0.01044148 0.002591892 -1.552261 -3.270069 0.2340346 0.2148282 0.4444329 16.97543 1.52629 0 0.0 0.010758364593657532 3.619788043087882 0.0
0.01837564 0.00855522 -2.311096 -3.919967 0.09517547 0.08459357 0.4726315 15.40515 1.746009 1 0.9653899 0.02026958151166422 4.550528101474048 0.0
0.02008039 -0.010509 -2.729672 -3.799224 0.3746671 0.3763853 0.7686528 17.6626 nan 0 0.0 0.022664093706832842 4.678163339363003 0.0
0.008871021 -0.001916953 -4.945763 -5.127736 0.5273262 0.4692136 0.6017162 17.35632 0.8643475 0 0.0 0.009075776682281798 7.124201578974658 0.0
0.01049603 -0.003544053 -0.1245218 -2.641703 0.8322366 0.7548555 0.8736243 18.09199 1.193954 0 0.0 0.011078219957543224 2.6446361600197936 0.0
-0.01913948 -0.01901562 -1.337467 1.601186 0.8956512 0.8035442 0.3108249 18.69729 nan 0 0.0 0.02697987210226913 2.086292065527979 0.0
0.03639721 0.02705812 0.08311472 -9.74621 0.4726501 0.4345371 0.5067715 18.31665 nan 0 0.0 0.04535304569396084 9.746564390634305 0.0
-0.02070606 -0.03791198 -4.684983 -4.239086 0.3213952 0.2915267 0.6242829 17.78473 1.541199 1 0.0 0.04319790675766593 6.318141801644294 0.0
0.0158083 -0.03266412 -0.832317 -5.320491 1.415758 1.487966 0.8676227 19.37345 1.114309 0 0.0 0.03628838773305312 5.385199724204293 0.0
0.008978371 -0.0397435 -0.7220268 -3.678192 1.518016 1.606141 0.8903733 19.49249 0.9159698 0 0.0 0.04074502347604725 3.7483888657371507 0.0
-0.006826973 -0.04823678 9.50091 0.3935959 1.876828 2.120496 0.8358567 19.69562 1.620176 0 0.0 0.048717496909335654 9.509059288941089 0.0
-0.009391764 0.004138839 -3.259799 -4.064025 0.9043056 0.8560985 0.8726732 18.47731 1.626268 0 0.0 0.010263294758488474 5.2098549616113115 0.0
-0.01916759 -0.01547177 -3.774547 -3.74061 0.3672341 0.3178484 0.5575223 17.58739 1.517208 0 0.0 0.02463274595616575 5.314072659204896 0.0
0.007714004 -0.003923404 -1.003063 -2.80781 0.3292541 0.3127215 0.8621837 16.90568 nan 0 0.0 0.008654418331651873 2.9815989633196813 0.0
-0.01782503 0.03164376 -3.93302 -5.740409 0.6542224 0.6268931 0.6581953 19.00805 nan 0 0.0 0.03631885517797195 6.958515776204075 0.0
-0.03140091 0.002651185 3.243918 -5.517812 1.719545 1.840232 0.9134402 19.45227 1.079784 0 0.0 0.031512631288617025 6.400722869963048 0.0
-0.000136151 -0.02951787 0.2181251 -8.017342 1.298291 1.240157 0.6130003 19.91084 nan 0 0.0 0.029518183996169227 8.020308678861056 0.0
-0.02255928 0.006076862 -4.932771 -4.656703 1.30308 1.114177 0.166405 19.10642 nan 0 0.0 0.02336341939625799 6.78359142111684 0.0
0.04506784 0.00537053 -0.3475246 -5.009285 1.817593 1.580978 0.3550236 20.04605 nan 0 0.0 0.04538670284066138 5.021325478280627 0.0
0.01807554 0.02800259 -4.047427 -7.786803 0.3530471 0.3182806 0.5042175 18.12394 1.581654 0 0.0 0.03332971936575074 8.77587410353738 0.0
-0.01024814 0.03277379 -3.401479 -2.311454 0.1002973 0.08803678 0.2710168 15.83638 1.742311 1 0.0 0.034338690779115326 4.112527079735403 0.0
-0.03991269 0.002835579 -1.259661 -6.30215 1.631931 1.789191 0.8901784 19.37717 nan 0 0.0 0.040013289433653676 6.426806396447694 0.0
-0.01597768 0.02174869 -0.2559993 1.483907 0.7252844 0.7291837 0.6866524 18.86897 1.406904 0 0.0 0.026986881533413602 1.5058272232396022 0.0
0.002811716 0.02316688 5.317593 4.483987 2.051984 2.136558 0.9111666 19.69931 1.670074 0 0.0 0.023336882306749032 6.95578426418028 0.0
-0.004461744 0.02507609 -3.401974 -4.739708 0.3224762 0.3020868 0.5897996 17.81599 1.60726 0 0.0 0.025469932257656987 5.834231656519991 0.0
-0.00467952 -0.04247839 -2.471185 -4.222898 0.193786 0.1777791 0.3160737 16.67504 1.19011 0 0.0 0.04273536620204043 4.89281338522419 0.0
-0.01074232 0.0128782 -1.729549 -6.222858 0.5396147 0.4587157 0.3297856 18.72425 1.029568 0 0.0 0.0167703748980874 6.458738377699238 0.0
-0.02588303 -0.03758111 -2.562145 -8.25193 0.18846 0.1666928 0.3894876 17.06691 1.555635 1 0.0 0.04563190847217548 8.640540245026639 0.0
0.02419356 0.03556415 -6.793507 -5.836546 1.45889 1.411663 0.8632453 19.22011 nan 0 0.0 0.043013220185148894 8.956394730535552 0.0
-0.006276546 -0.04327573 -2.780969 -4.914657 2.353895 1.708621 0.4059778 19.95782 nan 0 0.0 0.04372852429162247 5.64691437925262 0.0
-0.0140161 -0.02544268 2.153367 2.898666 1.39476 1.647312 0.8615224 19.1112 1.231937 0 0.0 0.029047909129443376 3.6109907250289357 0.0
0.01024841 -0.0002405036 -0.5805245 -6.683389 0.2870422 0.2675345 0.574996 17.63896 1.226631 0 0.0 0.010251231609407377 6.708554033502395 0.0
-0.001072736 0.0008757276 -2.858163 -3.856464 0.09580407 0.08208747 0.2141362 14.70181 1.575563 0 0.0 0.0013847965031360237 4.800146905862881 0.0
0.02531894 0.01506565 -3.200949 -5.339282 0.4722071 0.4494845 0.6903586 18.27567 1.875765 1 0.2306403 0.029462222126752424 6.225271622678403 0.0
0.02044581 0.0327763 -3.871263 -9.148136 0.2690468 0.2470995 0.6153998 17.39372 1.244694 1 0.0 0.03863051887104418 9.933532578577722 0.0
-0.0382578 -0.00384151 -3.515235 -3.97424 0.3489373 0.312176 0.4138272 18.27083 1.32353 0 0.0 0.038450181532992796 5.305795009499048 0.0
-0.03719479 0.03243469 -1.792795 -6.618278 0.1072796 0.09246224 0.1764663 16.30513 1.728249 1 0.0 0.049350395323038705 6.856800828178473 0.0
-0.03211539 -0.00376151 -2.322425 -4.890334 1.162615 1.178888 0.7324712 19.40115 1.232695 0 0.0 0.03233492279768424 5.413780981179512 0.0
0.02823902 0.01463203 0.7993308 -2.726531 0.4615981 0.4389557 0.7433921 18.07743 1.392065 0 0.0 0.03180469387498173 2.8412851004060893 0.0
-0.0232942 -0.0395337 -3.444906 -9.995341 1.784687 1.974562 0.9012265 19.63073 1.256325 0 0.0 0.045886089279105056 10.572332715872927 0.0
-0.02213946 -0.02981555 1.704965 -9.938895 2.400454 2.030389 0.222662 19.74433 nan 0 0.0 0.03713654145035722 10.084073555475982 0.0
-0.0109618 0.002965686 6.157357 -10.61659 0.9429176 0.8208555 0.193095 18.19322 1.368212 0 0.0 0.011355895063384304 12.272938867832309 0.0
0.04583044 -0.01744356 -4.279002 -1.705269 0.5931712 0.5431578 0.502041 18.96242 nan 0 0.0 0.04903781210522346 4.606278376125894 0.0
0.01845454 -0.01580163 -3.109646 -4.520647 0.4122169 0.3659648 0.3555568 18.43169 1.424128 1 0.8254334 0.024295299077568482 5.486906919560875 0.0
0.01715791 -0.03091909 -9.472449 -3.994947 1.85611 2.23024 0.8799675 19.69643 0.7893295 0 0.0 0.03536076925062858 10.28041300680133 0.0
0.009477144 -0.0002194595 -2.176886 -3.957878 0.1483256 0.1315978 0.3640065 16.34817 1.21446 0 0.0 0.00947968463973756 4.517037847957442 0.0
0.02718841 -0.001990274 -0.2691095 -4.63958 0.6371189 0.5881339 0.5082211 18.79315 1.27828 0 0.0 0.027261159713467365 4.647378024154077 0.0
0.04737999 0.0008930926 -4.455127 -4.600109 1.535309 1.419974 0.6287822 20.0094 0.928299 0 0.0 0.04738840645972677 6.403839426313717 0.0
0.03839154 -0.02593819 -2.111765 -6.369972 0.7055156 0.71268 0.7649871 18.65895 1.228689 0 0.0 0.0463324944725373 6.710893733029081 0.0
0.02117615 -0.04424637 -4.61942 -6.27586 1.296005 1.393011 0.8559301 19.18224 1.403818 0 0.0 0.04905273271693841 7.792654225358648 0.0
0.0004146218 -0.02948354 4.378206 2.081522 1.718749 1.871813 0.8933988 19.58761 nan 0 0.0 0.02948645523233736 4.847826483582101 0.0
-0.02212518 0.04218686 1.24797 -2.18456 1.736606 1.7879 0.8837105 19.48324 1.469847 0 0.0 0.04763669537963355 2.515895767813126 0.0
0.0004421591 -0.0298383 -21.5528 -19.09834 2.837507 2.933336 0.8829171 19.95228 nan 0 0.0 0.02984157588934795 28.79704461564763 0.0
-0.04453666 -0.007332215 -4.777418 -8.816594 1.499411 1.584145 0.8995562 19.23192 1.125452 0 0.0 0.045136187928998 10.027764083162308 0.0
-0.004489508 0.03078669 -4.899216 -5.40582 0.4652881 0.4350612 0.5406124 18.44551 1.384972 0 0.0 0.03111231208441706 7.295560793184854 0.0
-0.01236403 -0.02250328 1.210486 -6.227588 0.5527777 0.5059963 0.5825625 18.6532 nan 0 0.0 0.02567619225273288 6.344141285780133 0.0
0.03507325 0.02196207 -1.786169 -6.350156 0.1150992 0.1075164 0.5322693 15.72448 1.7925 1 0.0 0.04138194514818509 6.59658100237517 0.0
-0.0243681 -0.03962166 1.556313 -2.705776 1.553999 1.45826 0.6012389 19.8048 0.9606533 0 0.0 0.046515376369170656 3.121431388985669 0.0
-0.0112392 0.02369473 -5.556194 -5.402817 1.527511 1.538733 0.7547665 19.73783 1.67013 0 0.0 0.02622517581281201 7.749949890233162 0.0
0.01206664 0.002141606 -4.425817 -7.457408 1.393982 1.461987 0.912357 19.04018 1.723722 0 0.0 0.012255214284084794 8.671838916628525 0.0
0.01873309 0.004326573 -2.294087 -0.4984691 0.8547841 0.8175607 0.6615841 18.87366 1.15206 0 0.0 0.01922622934619342 2.347617219059319 0.0
0.001296205 0.002657189 -2.777169 -4.567467 0.5465573 0.4720926 0.2853516 16.18325 nan 0 0.0 0.002956484531288131 5.345504882670111 0.0
-0.006193893 -0.04419126 -0.9888784 -2.828139 0.5555265 0.5074275 0.3971399 18.91064 1.436716 0 0.0 0.044623220086442095 2.996039167518936 0.0
0.007960413 -0.02640915 -2.341794 -4.200007 0.4510999 0.4187731 0.4665145 18.66426 1.345371 0 0.0 0.027582809480781123 4.808748063528074 0.0
0.03856584 0.002267629 -0.1940539 -7.464595 0.5505555 0.5155855 0.5295445 18.9554 1.245848 0 0.0 0.038632449523518964 7.4671169423098105 0.0
0.03589981 0.02211823 1.034821 -7.102284 0.8233082 0.7152413 0.2559187 18.57493 1.170347 0 0.0 0.042166484989491354 7.17727612111287 0.0
0.01763486 0.0290517 2.216031 -5.745109 0.6626628 0.6294407 0.6291984 19.08279 1.300529 0 0.0 0.0339851373413379 6.157683883964977 0.0
0.01595472 0.03304211 -4.329937 -2.722698 0.08880362 0.07817149 0.3583492 15.38278 1.715192 1 0.0 0.03669242596954445 5.114825395179487 0.0
-0.02696141 -0.01780214 -0.1509101 -3.924526 1.447474 1.328625 0.5998852 19.77763 nan 0 0.0 0.03230841713497738 3.927426407070922 0.0
0.01945029 0.0104376 -2.452989 -5.738952 0.5953111 0.5324461 0.405799 18.63243 1.339048 0 0.0 0.022073904839065062 6.24121182883781 0.0
0.01526235 0.00512815 -6.682736 -6.028025 0.1316173 0.1157371 0.3521834 16.24811 1.158016 1 0.0 0.01610084624934354 8.99978032211459 0.0
-0.008897227 0.0216636 -2.251487 -7.95025 0.1287391 0.1149287 0.3763965 14.99193 2.656873 1 0.0 0.023419483624741368 8.262909219740285 0.0
0.04878253 -0.004730333 -4.956072 -3.808173 1.705683 1.797975 0.863573 19.36575 1.27891 0 0.0 0.049011338315657 6.250186498586502 0.0
-0.008396683 -0.04463199 0.003307211 -3.802026 0.4601777 0.4600464 0.6320814 18.3596 1.689642 0 0.0 0.045414962476727744 3.8020274383965984 0.0
-0.04392735 -0.01646819 -1.257613 -8.249198 0.674518 0.6331967 0.5153157 19.00888 0.9116249 0 0.0 0.046912827242648676 8.344510656771492 0.0
0.02791334 0.03577315 -5.854721 -2.8839 0.1457427 0.1258316 0.2535302 16.45812 1.475643 1 0.0 0.04537480370071147 6.526456710791928 0.0
0.02074535 0.01229514 -2.769466 -1.263002 1.788196 1.361413 -0.1454422 19.71761 nan 0 0.0 0.024115140767619416 3.04386530207235 0.0
0.02146164 0.01246859 -2.598178 -4.128901 0.1734164 0.1554731 0.5278054 16.82412 1.634993 1 0.9818599 0.024820711675487873 4.878355500318216 0.0
-0.02041205 0.01441045 -4.568238 -7.099278 0.9902604 0.9578898 0.8740617 18.76773 1.162981 0 0.0 0.024986253308669548 8.442070039150824 0.0
0.008982749 0.01879112 0.4536158 -5.145098 1.303886 1.172926 0.5019693 19.77893 nan 0 0.0 0.020827769214474243 5.165055732866166 0.0
-0.00225715 -0.001647711 -1.135042 -5.157247 0.7152033 0.6337761 0.4791502 16.77712 nan 0 0.0 0.00279458005110267 5.280673911611377 0.0
-0.01553847 0.03407213 -1.07179 -6.000413 0.3826515 0.3489786 0.4706095 18.41739 1.071562 1 0.0 0.03744801854141017 6.095382676638851 0.0
-0.03280395 -0.003975319 0.4509644 -4.733843 1.559267 1.765629 0.8922321 19.20976 0.7994194 0 0.0 0.03304394493328938 4.755274801598365 0.0
-0.04248116 0.02176323 -3.232751 -4.299427 0.3701421 0.3215367 0.2285507 18.42638 1.264988 0 0.0 0.04773140617013603 5.379196181245856 0.0
0.002453912 0.0405848 -6.339737 -2.875435 0.3790772 0.3571306 0.5404711 18.20765 nan 0 0.0 0.04065891876505995 6.961349845281014 0.0
-0.01046553 -0.002060133 -3.055179 -3.806722 0.4909116 0.4693787 0.6994235 18.28139 1.097927 0 0.0 0.010666370805414042 4.881111667164049 0.0
-0.02041557 0.03515477 -2.158056 -2.495098 0.513607 0.4649249 0.439794 18.6046 1.361622 0 0.0 0.040652839411015315 3.2988967441767563 0.0
-0.02057621 0.007778573 -2.61697 -4.170896 0.1530088 0.139984 0.4691243 16.61149 0.8627434 1 0.9849076 0.021997422937254013 4.92391159787785 0.0
0.02270152 0.01356699 -5.385482 -5.042717 1.735079 1.998187 0.863592 19.46386 nan 0 0.0 0.026446591991606403 7.377832413006749 0.0
-0.03494617 -0.02544313 -4.687736 -8.258546 1.407915 1.53301 0.8848493 19.25525 1.276356 0 0.0 0.04322716347235613 9.496233508071082 0.0
0.01471397 0.0259908 -4.247441 -4.885094 2.709851 2.305078 0.2562589 20.1415 0.1955452 0 0.0 0.02986674735890904 6.47339929537156 0.0
-0.00176117 -0.01320814 0.2708731 -3.777407 0.4307797 0.4124276 0.6242972 18.24118 1.573969 0 0.0 0.013325039663299319 3.7871065313709638 0.0
0.0001117343 0.01090266 -2.891164 -3.588258 0.1270922 0.112816 0.3850426 16.36565 0.8799486 0 0.0 0.010903232531199016 4.608082545860046 0.0
-0.01041058 -0.0004198084 7.799642 -13.93012 1.089016 1.048104 0.5235836 18.37761 nan 0 0.0 0.010419040984136234 15.965044896352907 0.0
0.02388097 -0.01225111 -6.671437 -6.245818 0.1245869 0.1144263 0.4171419 16.33215 1.725848 1 0.0 0.02684008987266995 9.138835491138519 0.0
0.01294425 -0.0336537 -20.43115 -21.41483 1.806727 1.941214 0.8714847 19.70339 1.026245 0 0.0 0.036057247978076475 29.59775049309322 0.0
0.009833109 -0.02616134 -0.9150286 -4.818553 1.474051 1.417166 0.8594932 19.20191 1.260647 0 0.0 0.027948269055551207 4.904664142693866 0.0
-0.02413633 0.04034398 2.489026 0.1053349 1.555474 1.614776 0.9073958 19.28198 -0.6410866 0 0.0 0.04701275516399034 2.4912538750263913 0.0
0.003473204 0.03256819 0.560833 -4.084498 1.577981 1.642693 0.9198604 19.14066 1.068998 0 0.0 0.032752864697636996 4.122821553971624 0.0
0.02677173 -0.01768385 -2.731837 -5.470132 1.574141 1.664408 0.8933002 19.51984 1.143715 0 0.0 0.03208495095859428 6.11435012834504 0.0
0.01328241 0.03607321 -2.896234 -3.703769 0.09346282 0.08250808 0.3563243 15.69039 1.694216 1 0.0008570803 0.03844084930269101 4.701709921732411 0.0
-0.01049643 0.03635959 1.551644 -1.165296 1.830026 1.676746 0.4422246 19.31079 0.8991508 0 0.0 0.037844350010444096 1.9404932028615818 0.0
0.03060457 0.0003415914 -3.847519 -6.143693 1.632394 1.72318 0.8914036 19.6016 nan 0 0.0 0.03060647626842159 7.249025185058334 0.0
