jas1101finalproject/data/gcs/NGC_4833.ecsv
# %ECSV 0.9
# ---
# datatype:
# - {name: x, unit: deg, datatype: float64}
# - {name: y, unit: deg, datatype: float64}
# - {name: pmx, unit: mas / yr, datatype: float64}
# - {name: pmy, unit: mas / yr, datatype: float64}
# - {name: pmx_e, unit: mas / yr, datatype: float64}
# - {name: pmy_e, unit: mas / yr, datatype: float64}
# - {name: pm_corr, datatype: float64}
# - {name: g_mag, unit: mag, datatype: float64}
# - {name: bp_rp, unit: mag, datatype: float64}
# - {name: filter, datatype: int64}
# - {name: memberprob, datatype: float64}
# - {name: r, unit: deg, datatype: float64}
# - {name: pm, unit: mas / yr, datatype: float64}
# - {name: member_prob_GMM, datatype: float64}
# meta: !!omap
# - comments: [deg deg mas/yr mas/yr mas/yr mas/yr dimless mag   mag   zeroone float]
# - __serialized_columns__:
#     bp_rp:
#       __class__: astropy.units.quantity.Quantity
#       unit: &id001 !astropy.units.Unit {unit: mag}
#       value: !astropy.table.SerializedColumn {name: bp_rp}
#     g_mag:
#       __class__: astropy.units.quantity.Quantity
#       unit: *id001
#       value: !astropy.table.SerializedColumn {name: g_mag}
#     pm:
#       __class__: astropy.units.quantity.Quantity
#       unit: !astropy.units.Unit {unit: mas / yr}
#       value: !astropy.table.SerializedColumn {name: pm}
#     pmx:
#       __class__: astropy.units.quantity.Quantity
#       unit: !astropy.units.Unit {unit: mas / yr}
#       value: !astropy.table.SerializedColumn {name: pmx}
#     pmx_e:
#       __class__: astropy.units.quantity.Quantity
#       unit: !astropy.units.Unit {unit: mas / yr}
#       value: !astropy.table.SerializedColumn {name: pmx_e}
#     pmy:
#       __class__: astropy.units.quantity.Quantity
#       unit: !astropy.units.Unit {unit: mas / yr}
#       value: !astropy.table.SerializedColumn {name: pmy}
#     pmy_e:
#       __class__: astropy.units.quantity.Quantity
#       unit: !astropy.units.Unit {unit: mas / yr}
#       value: !astropy.table.SerializedColumn {name: pmy_e}
#     r:
#       __class__: astropy.units.quantity.Quantity
#       unit: &id002 !astropy.units.Unit {unit: deg}
#       value: !astropy.table.SerializedColumn {name: r}
#     x:
#       __class__: astropy.units.quantity.Quantity
#       unit: *id002
#       value: !astropy.table.SerializedColumn {name: x}
#     y:
#       __class__: astropy.units.quantity.Quantity
#       unit: *id002
#       value: !astropy.table.SerializedColumn {name: y}
# schema: astropy-2.0
x y pmx pmy pmx_e pmy_e pm_corr g_mag bp_rp filter memberprob r pm member_prob_GMM
[from data line 22704]
-0.0421679 -0.08044292 22.94428 9.4741 2.142212 1.763112 0.168067 20.6129 1.847353 0 0.0 0.09082508006347366 24.823346984812503 0.0
-0.0290854 -0.01133515 -7.265197 -0.890659 0.648925 0.5663262 0.07904037 18.34191 0.8706264 0 0.0 0.031216119532743017 7.3195874817567415 1.0
0.03083555 -0.04200036 -8.211014 -0.9690784 0.255319 0.2038303 0.1946959 18.2871 1.073479 0 0.0 0.05210433171946551 8.26800241010745 1.0
0.0188961 -0.02330862 -9.039416 -0.5166246 1.007336 0.5954122 0.5169533 19.55022 nan 0 0.0 0.030005905444002185 9.054167139962745 1.0
0.1144432 -0.04880705 -9.627049 -2.469422 0.7010265 0.5189985 0.3072962 19.65103 1.796291 1 0.1305386 0.12441613302117414 9.93871809955816 0.0
-0.008634458 -0.1181272 -9.781254 -0.8232924 0.5926811 0.4284629 0.1796246 18.2766 1.299738 0 0.0 0.11844234565725961 9.815841287857795 0.0
-0.09840539 -0.1518333 -19.40778 -1.516878 1.188513 0.7108658 0.004813276 20.06866 1.554054 0 0.0 0.18093361149864362 19.466968007249715 0.0
-0.05948967 -0.07858006 -8.744588 -2.381453 2.679058 2.038788 -0.01321766 20.71034 1.380495 1 0.4359114 0.0985588487468908 9.063064475162527 1.0
-0.0320594 -0.01981599 -7.182908 -1.729584 1.153394 1.273935 -0.1162317 19.9791 nan 0 0.0 0.03768923703181188 7.388208724008818 1.0
0.06562383 0.1156611 -5.800075 -2.620441 1.165794 1.251975 0.1876604 20.51503 1.271591 1 0.0501256 0.1329811156408266 6.364556625571494 0.0
0.09437474 -0.08150807 -9.918399 -2.132113 0.6763685 0.4292988 0.2052965 19.49296 1.666681 1 0.09953964 0.12470026874547023 10.144976321705734 0.0
-0.05411675 -0.131322 -7.57829 -0.6810335 0.5945372 0.3964602 0.1762609 19.28308 1.514303 0 0.0 0.14203552483291812 7.608829473199031 0.0
0.1082985 -0.03801491 -7.895235 -0.8634022 1.539742 1.003441 0.4354183 20.20801 1.188442 0 0.0 0.11477673320215252 7.942304392567048 1.0
0.01001033 -0.08841137 -8.343883 -1.250085 0.3534263 0.3128024 0.1633839 18.86743 1.109009 1 0.9367717 0.08897627241004087 8.437007527845047 1.0
-0.1092197 -0.1052664 -1.374914 -1.575891 1.542121 0.7609585 0.2350984 20.05306 1.384109 0 0.0 0.15169033534490586 2.0913682007903343 0.0
0.04696524 0.1395632 -8.13239 -1.888198 2.177715 2.221653 0.04561387 20.78645 1.414282 0 0.0 0.14725359269809887 8.348715997044335 0.0
-0.08907912 -0.05808394 -11.8619 1.103838 0.8535527 0.6448034 0.1915538 20.00094 1.468824 1 3.14067e-05 0.10634300026752112 11.913149455129153 0.0
0.01269194 0.03510697 -7.013364 2.527183 1.512514 0.6750853 -0.1315695 19.37717 nan 0 0.0 0.03733074716027661 7.454792318501234 1.0
0.04481443 -0.02818727 -4.296959 -4.318624 0.636734 0.4852251 0.1605351 18.76709 1.134495 0 0.0 0.052941999643740315 6.092156424539426 0.0
-0.04959809 -0.005943642 -8.547417 -1.806993 0.2741734 0.2530322 0.06579953 18.55748 1.295942 0 0.0 0.049952951983564135 8.736335677727705 1.0
-0.00253354 -0.06895406 -5.829115 0.6579815 2.027312 0.7722276 0.21776 20.22829 1.819874 0 0.0 0.06900058851499166 5.866133423096277 0.0
0.04269445 0.09864107 -5.566522 -2.123677 0.7672906 0.4832999 0.2320925 19.5494 1.079302 0 0.0 0.10748430932721018 5.957866327538157 0.0
0.03216676 0.03162128 -8.610918 -1.039015 0.03145561 0.03099932 0.2230133 13.61316 1.409613 1 0.9810878 0.0451066048127766 8.673376561233175 1.0
-0.08579501 0.03107322 -7.839421 -1.234302 0.940597 0.7296894 -0.08820109 20.12299 1.173801 0 0.0 0.09124871912563212 7.93599540337852 1.0
0.01098169 0.03041591 -5.979865 -2.667742 1.491178 0.7515381 0.2917176 19.43544 1.029284 0 0.0 0.03233767302055298 6.547948747263452 0.0
0.008413214 -0.04052858 -8.400544 -0.8991443 0.1060639 0.08690354 0.2205734 16.94579 1.361378 1 0.9929748 0.041392607632597826 8.448526496860769 1.0
0.1943441 0.01078455 -4.044616 -0.55731 0.110195 0.09172977 0.2461847 17.0037 1.359156 1 0.0 0.19464309831975163 4.082831495856277 0.0
0.02556195 -0.01165836 -10.3002 -0.9006247 0.8516931 0.7386394 0.3573951 19.21125 nan 0 0.0 0.028095028843055137 10.339499257229535 0.0
0.03402235 0.02752883 3.7098 1.173109 1.583694 0.7031272 -0.01837821 19.44337 0.8727837 0 0.0 0.04376478927964123 3.8908611856350004 0.0
-0.05728647 -0.06219319 -6.428734 0.9030473 0.827808 0.5505063 0.2180454 19.68177 1.237738 0 0.0 0.08455609101322624 6.491849911141915 0.0
0.1524686 -0.04035771 -17.31454 4.73994 0.6945166 0.4808623 0.2809975 19.65697 1.866144 1 0.0 0.15771943045295372 17.951610696959758 0.0
0.002015048 -0.1628411 -7.46185 -0.3139428 1.447134 1.306973 0.5052156 20.17028 nan 0 0.0 0.16285356694789432 7.468451345772552 0.0
0.05045968 -0.0146815 -8.626722 -1.129911 0.3950293 0.3439816 0.2157612 18.66104 1.27062 0 0.0 0.052552124105048316 8.700404090225062 1.0
0.05631438 -0.04099587 -8.418504 -0.8970236 0.4132345 0.3281552 0.2348381 18.9862 0.6943512 0 0.0 0.06965608912249739 8.466159751444156 1.0
0.0559761 -0.04065921 -7.194296 -0.7754571 0.4726567 0.3804405 0.1938481 18.83443 1.038004 0 0.0 0.06918450064164733 7.235967706503146 1.0
-0.01328588 0.03848641 -8.685992 -1.252533 0.2959059 0.2225424 0.1651068 18.52134 0.9477959 0 0.0 0.040715087646503965 8.775835911191196 1.0
-0.03300721 -0.05939889 -6.49466 0.9577474 1.73322 1.751728 0.1402325 20.68819 0.685751 0 0.0 0.06795369044589264 6.564898216865723 0.0
0.003270822 -0.03416415 -10.40294 -0.4769063 0.9102725 0.5720008 0.2687935 19.79078 0.9569836 0 0.0 0.034320364534459476 10.413865769375928 0.0
-0.1952258 -0.008489244 -5.53528 -0.2402729 1.179514 0.7936377 0.08434751 20.23927 1.440651 1 0.03618238 0.1954102869588281 5.540492373866641 0.0
-0.06001103 -0.04289118 -9.456166 -1.354374 1.361569 0.8772399 -0.02192402 20.21463 1.046337 0 0.0 0.07376297881358439 9.552664777507479 1.0
0.0940724 0.0920182 -2.164735 1.262597 0.9106026 0.6290904 0.2763752 20.05018 2.308189 1 0.0 0.13159394200722158 2.506038468306901 0.0
0.02321427 -0.01125112 -7.002388 -2.86435 0.7631663 0.727637 0.4419593 19.50564 nan 0 0.0 0.025797093496890303 7.565575895134751 1.0
-0.02711652 -0.06634033 -6.27131 -0.3347066 0.7172059 0.4152011 0.1989623 19.50224 1.110044 0 0.0 0.07166829872000102 6.280235475217753 0.0
0.001548953 -0.1633904 -6.92543 -1.901268 0.5580037 0.3761467 0.2459759 19.3354 1.304382 1 0.004839628 0.16339774192918397 7.181671162948357 0.0
-0.03062296 -0.01862354 -10.8087 -0.5154255 0.8983788 0.4152692 0.1945297 19.28087 1.077374 0 0.0 0.03584134374285094 10.820982355407953 0.0
-0.162598 0.06001376 -3.359836 -2.99349 0.4798561 0.3772385 0.306524 19.15068 2.101225 1 0.0 0.1733198228516796 4.499942258184654 0.0
0.005790443 -0.001732167 -12.26903 0.872393 1.439967 1.114587 0.1379243 18.4512 nan 0 0.0 0.0060439749049891 12.30000677590663 0.0
0.1283353 -0.09049607 -8.494843 -0.5603075 1.370693 1.120555 0.2734721 20.30599 1.303205 0 0.0 0.15703339743995512 8.513301479990313 0.0
0.1719733 0.04770469 -4.351991 -0.8130096 0.6982943 0.3755735 0.3413525 19.19991 1.457371 1 1.147933e-06 0.1784672332975611 4.427280234384668 0.0
0.06541397 -0.1461649 -3.491741 -1.63309 0.5905417 0.4177113 0.194732 19.35006 1.295647 0 0.0 0.16013483525820013 3.8547682367661222 0.0
-0.05134451 0.0414535 10.48565 0.1061818 2.151764 1.035181 0.2584836 20.12535 1.051003 0 0.0 0.06598978231052213 10.486187605471839 0.0
-0.0093101 0.1053526 -8.648074 5.416443 0.2099145 0.1293389 0.1981764 17.62453 1.075453 1 0.0 0.10576317075792499 10.204265710070715 0.0
0.01956783 -0.0003447806 -8.464336 -0.7031348 0.3272976 0.2623969 0.2414034 18.27631 0.9542179 0 0.0 0.01957086724115813 8.493490593852862 1.0
0.02211593 -0.07756458 -7.602734 -5.524779 2.366698 1.096384 0.3035148 20.6867 1.069666 0 0.0 0.0806559261948017 9.398124667910986 1.0
0.03091045 -0.1658789 -9.275414 1.321538 1.329528 0.8332541 0.1432577 20.21852 1.318655 0 0.0 0.16873430411274554 9.369085737511424 0.0
0.04421091 -0.07042233 -8.73975 -1.140804 0.2527286 0.1946157 0.1590754 18.33685 1.16873 1 0.9446907 0.08314991957697253 8.81389039124699 1.0
-0.0348875 0.04373982 -8.224469 -1.71334 0.7965436 0.5731801 0.4158156 19.77747 1.208809 0 0.0 0.05594916898294737 8.401037095951962 1.0
0.1159993 -0.04793107 -5.298855 -1.003072 1.467973 1.028516 0.3671822 20.25417 nan 0 0.0 0.12551185231616535 5.392960017301166 0.0
-0.002837529 -0.03337825 -9.641577 -0.1051213 1.171432 0.7134185 0.3751995 19.17546 1.363335 0 0.0 0.03349864391118454 9.642150047299756 1.0
0.06538295 0.09583307 -1.816648 -0.02220557 0.8709846 0.6484158 0.2598392 19.97075 1.371265 0 0.0 0.11601253146245626 1.8167837084372551 0.0
-0.128245 0.103791 -9.132633 -2.29673 1.319042 0.9081042 0.3034084 17.34676 1.236921 0 0.0 0.16498288306972939 9.417003462120475 0.0
0.06360022 0.02369495 -9.09225 -3.612842 0.6498513 0.4994484 0.2404231 19.56079 1.248806 0 0.0 0.06787074951369625 9.783743525842446 0.0
0.1150585 -0.04332498 -6.327241 1.493146 1.159101 0.7734514 0.3956911 19.92683 1.249779 0 0.0 0.12294515978374422 6.501035582843475 0.0
-0.02686613 0.03976971 -4.653069 0.5881689 0.08758007 0.06527075 0.2316635 16.46322 1.57452 1 0.0 0.04799394518750256 4.690095284073471 0.0
-0.002942359 -0.03319516 -8.36088 0.9471948 1.285772 0.7126566 0.552293 19.58795 nan 0 0.0 0.03332530755912811 8.414362267192152 1.0
0.04471178 -0.08022725 -8.331829 -0.4588497 0.7175802 0.4844379 0.2375532 19.7247 0.9425964 0 0.0 0.09184527703333961 8.344454298061144 1.0
-0.06215557 -0.06049888 -5.738358 -1.349997 0.461083 0.3064027 0.2430834 19.05208 1.304296 0 0.0 0.08673770439249186 5.895018612029397 0.0
-0.001646885 0.05246782 -4.671148 1.0711 1.387645 0.8290091 0.0002417766 20.24609 0.6057644 0 0.0 0.05249366024345821 4.792377160439691 0.0
-0.07355238 -0.01104571 -10.91545 -1.625541 4.046301 2.661545 -0.2848872 20.64567 nan 0 0.0 0.07437714913243515 11.035824946291102 0.0
-0.0807442 -0.1664702 -8.32846 -0.2186813 1.457104 0.8836118 0.1339341 20.31227 1.124271 0 0.0 0.1850187918068865 8.331330474934342 0.0
-0.01300384 -0.161144 -4.88939 -0.2267253 0.9015267 0.6614548 0.1533083 20.06261 1.189699 0 0.0 0.1616678341252384 4.894643902651151 0.0
0.1878802 -0.03210872 -8.774108 -1.482846 0.9226642 0.3567138 0.155335 18.87774 nan 0 0.0 0.1906041433234818 8.898528162307517 0.0
-0.003553223 -0.02198768 -7.217701 -1.449427 0.6958822 0.5012636 0.1681141 18.45084 0.8189201 0 0.0 0.02227293122761638 7.361796408060331 0.0
-0.00834619 -0.1182491 -6.904534 -0.4590349 0.6927552 0.4396731 0.4466381 19.29814 nan 0 0.0 0.1185432770692885 6.919776210006651 0.0
0.05871109 -0.004839335 -8.395428 -0.6469492 1.411215 1.186736 0.2367269 20.29815 nan 0 0.0 0.05891019650476754 8.420317961369669 1.0
-0.03704909 0.004650461 -7.990193 -4.151752 1.533428 1.586082 0.1364762 20.45771 nan 0 0.0 0.037339815978933544 9.004456055018148 1.0
0.07995373 -0.03041113 -9.766962 1.139191 1.77547 1.225485 0.3044493 20.43524 1.425882 0 0.0 0.08554201171815987 9.833173589636512 0.0
0.04242049 0.01494706 -15.36645 -14.01969 3.950076 4.297653 0.04988669 20.80753 0.6717167 0 0.0 0.0449768004029155 20.800949336475007 0.0
0.07222636 -0.07844697 -7.031398 1.576195 0.8814741 0.5967918 0.2442463 19.91108 1.150673 0 0.0 0.10663289446052987 7.205896787522633 0.0
-0.04782862 -0.1706429 -6.366424 0.5901596 1.22059 0.7185089 0.1920685 20.08836 1.19585 1 0.05790597 0.17721900634952897 6.3937190195728935 0.0
0.02725244 0.04077627 -6.694363 -0.5995928 0.388144 0.2696257 0.169689 18.67906 1.181665 0 0.0 0.0490448741569035 6.721161172117571 0.0
-0.002054041 -0.03305009 -8.667575 -1.061385 0.8343317 0.3478799 0.3435947 19.10238 0.9638309 0 0.0 0.03311385712111745 8.732318964562047 1.0
-0.002686659 0.03201331 -6.946911 0.3800066 0.6016307 0.4722343 0.3050279 18.99478 nan 0 0.0 0.032125848685106845 6.957296706190168 0.0
-0.003029016 -0.1189266 -3.946394 0.6654813 0.7586119 0.4892088 0.2617134 19.70288 1.056868 0 0.0 0.1189651676983152 4.002110813543984 0.0
0.0790084 0.02943047 -9.613382 -2.259527 1.757787 0.6817412 0.1609723 19.92763 nan 0 0.0 0.08431180127942292 9.875351930015102 0.0
0.09298557 0.02387684 1.006512 -1.886194 0.342822 0.2861397 0.2676931 18.74784 1.802116 1 0.0 0.09600218599912452 2.137941582873583 0.0
0.02660825 0.02728836 -9.32565 -1.274672 0.2161814 0.1574488 0.2353725 15.59065 0.5967703 0 0.0 0.03811369254680134 9.412360842534884 1.0
-0.1108417 -0.1528377 -5.976475 2.423369 1.79379 1.034043 0.1453672 20.38718 1.63475 0 0.0 0.1887994835802789 6.449106196659037 0.0
-0.07653665 -0.166194 -6.355346 -2.561635 1.685726 0.8818057 0.06790863 20.24013 1.418863 1 0.07285027 0.1829707747953823 6.852181889948704 0.0
0.1774519 -0.09065453 -7.106391 5.743219 0.9786278 1.286103 0.213492 15.1184 1.275412 0 0.0 0.19926720910157522 9.137032205636686 0.0
-0.03990758 -0.06807859 -8.458439 -0.9212348 0.4929409 0.3154629 0.2656798 19.00519 1.084551 1 0.9444484 0.07891330279391745 8.508458372317047 1.0
-0.01214186 -0.02215893 -8.225809 0.5728893 2.037227 0.8788154 0.1649172 19.8972 nan 0 0.0 0.025267428500037357 8.245734403589257 1.0
-0.02801429 -0.009166855 -8.523177 -0.9377941 0.06052425 0.05104407 0.1780139 15.8636 0.6399736 1 0.9920027 0.02947595078695724 8.57461392409733 1.0
-0.02111995 0.03896029 -2.942406 -1.702787 0.2530479 0.1747852 0.254777 17.60787 1.172394 0 0.0 0.04431654865720705 3.3995935986827894 0.0
-0.1317829 0.009024134 -9.922845 -5.809554 0.5995585 0.4324377 0.2444664 19.45625 1.921961 1 0.0 0.13209151269805322 11.49842469962477 0.0
-0.0331028 -0.06482355 -8.470663 -1.240057 0.06975631 0.0549229 0.2682572 16.04969 0.6289921 1 0.967081 0.07278659218868884 8.560950474264992 1.0
0.1115854 0.08939498 -5.889134 -0.9564451 0.4581988 0.2952129 0.355531 18.82028 nan 0 0.0 0.14297819394005648 5.966295877617034 0.0
-0.07132688 0.05814619 -3.923848 -1.429643 0.03325172 0.03192976 0.1800947 14.64723 1.502207 1 0.0 0.09202447077843207 4.176177945748122 0.0
-0.09051138 -0.01069615 -8.306553 -0.5412452 0.4673569 0.3291913 0.2414911 19.13819 1.171383 1 0.8749198 0.09114119559412692 8.324167772716503 1.0
-0.02780523 -0.06551731 -9.194284 -1.537976 1.217747 0.563964 0.3044954 19.85258 0.9671364 0 0.0 0.0711733708980332 9.32202920233744 1.0
0.06547149 -0.008370009 -7.643521 -2.42795 0.6956387 0.5691836 0.3036805 19.62397 1.07119 0 0.0 0.0660043411714728 8.01987247279787 1.0
-0.03423016 -0.04100647 -8.487656 -0.9007871 0.09746288 0.0767374 0.2120921 16.83902 1.403116 1 0.9904516 0.05341567593400369 8.535322007625863 1.0
0.03134324 0.09710572 -8.352655 -0.6576374 1.398905 1.344857 0.1614822 20.57688 0.7436256 0 0.0 0.10203881394065692 8.378504192211386 1.0
-0.03150054 -0.05719917 -0.392706 -1.558621 2.364932 1.791031 0.2332321 20.67884 1.063856 0 0.0 0.06529953345147652 1.6073323937745423 0.0
-0.002612287 0.0758518 -3.890893 -1.892529 2.633148 1.616933 0.05116855 20.70785 0.8861332 0 0.0 0.07589676940825854 4.326744082250532 0.0
-0.1120847 -0.1173905 -5.621177 0.6948106 0.6411844 0.4277832 0.2413163 19.50097 1.304098 1 5.291369e-05 0.16230683739245244 5.663955564373838 0.0
0.03598433 0.02180332 -8.163131 -2.871838 3.493073 3.122674 -0.1842903 20.32612 nan 0 0.0 0.04207441940860623 8.653563498432597 1.0
0.07558024 -0.08422735 -8.290004 1.120129 0.9488789 0.631975 0.1818608 19.98109 0.8285313 0 0.0 0.11316633406839731 8.365336532181894 1.0
0.008311229 -0.03389859 -8.377233 -0.5917086 0.6895912 0.4445467 0.37762 19.23278 nan 0 0.0 0.03490259204526995 8.3981040600604 1.0
-0.1843444 0.05987023 -9.634926 1.378776 0.6769468 0.4890345 0.2776022 19.65211 1.542742 1 2.404805e-06 0.19382286307763824 9.733078766949951 0.0
-0.02330223 0.03763034 -1.60982 -7.332185 2.296621 1.374349 0.3597533 20.53427 1.409147 0 0.0 0.04426100328154006 7.506827379567549 1.0
0.03530317 -0.1239933 -2.897937 0.909219 0.7110225 1.324302 0.3479824 19.61218 nan 0 0.0 0.12892110865540563 3.0372220936128467 0.0
-0.1341805 0.009313275 -7.216065 -0.2313301 0.5116537 0.3686985 0.2243621 19.22589 1.889067 1 0.2046787 0.1345033221577654 7.2197719977427965 0.0
-0.1579325 -0.09405205 -7.338347 -0.205503 0.07036321 0.06516206 0.180217 16.35219 1.648369 1 0.0 0.18381638301700015 7.341223888114161 0.0
-0.05411033 0.02325764 -8.377599 -2.066576 1.093237 0.8973247 0.3104562 20.10331 0.872261 0 0.0 0.05889690680399523 8.628725361754018 1.0
