jas1101finalproject/data/gcs/NGC_6093_M_80.ecsv
# %ECSV 0.9
# ---
# datatype:
# - {name: x, unit: deg, datatype: float64}
# - {name: y, unit: deg, datatype: float64}
# - {name: pmx, unit: mas / yr, datatype: float64}
# - {name: pmy, unit: mas / yr, datatype: float64}
# - {name: pmx_e, unit: mas / yr, datatype: float64}
# - {name: pmy_e, unit: mas / yr, datatype: float64}
# - {name: pm_corr, datatype: float64}
# - {name: g_mag, unit: mag, datatype: float64}
# - {name: bp_rp, unit: mag, datatype: float64}
# - {name: filter, datatype: int64}
# - {name: memberprob, datatype: float64}
# - {name: r, unit: deg, datatype: float64}
# - {name: pm, unit: mas / yr, datatype: float64}
# - {name: member_prob_GMM, datatype: float64}
# - {name: member_prob_DB, datatype: float64}
# meta: !!omap
# - comments: [deg deg mas/yr mas/yr mas/yr mas/yr dimless mag   mag   zeroone float]
# - __serialized_columns__:
#     bp_rp:
#       __class__: astropy.units.quantity.Quantity
#       unit: &id001 !astropy.units.Unit {unit: mag}
#       value: !astropy.table.SerializedColumn {name: bp_rp}
#     g_mag:
#       __class__: astropy.units.quantity.Quantity
#       unit: *id001
#       value: !astropy.table.SerializedColumn {name: g_mag}
#     pm:
#       __class__: astropy.units.quantity.Quantity
#       unit: !astropy.units.Unit {unit: mas / yr}
#       value: !astropy.table.SerializedColumn {name: pm}
#     pmx:
#       __class__: astropy.units.quantity.Quantity
#       unit: !astropy.units.Unit {unit: mas / yr}
#       value: !astropy.table.SerializedColumn {name: pmx}
#     pmx_e:
#       __class__: astropy.units.quantity.Quantity
#       unit: !astropy.units.Unit {unit: mas / yr}
#       value: !astropy.table.SerializedColumn {name: pmx_e}
#     pmy:
#       __class__: astropy.units.quantity.Quantity
#       unit: !astropy.units.Unit {unit: mas / yr}
#       value: !astropy.table.SerializedColumn {name: pmy}
#     pmy_e:
#       __class__: astropy.units.quantity.Quantity
#       unit: !astropy.units.Unit {unit: mas / yr}
#       value: !astropy.table.SerializedColumn {name: pmy_e}
#     r:
#       __class__: astropy.units.quantity.Quantity
#       unit: &id002 !astropy.units.Unit {unit: deg}
#       value: !astropy.table.SerializedColumn {name: r}
#     x:
#       __class__: astropy.units.quantity.Quantity
#       unit: *id002
#       value: !astropy.table.SerializedColumn {name: x}
#     y:
#       __class__: astropy.units.quantity.Quantity
#       unit: *id002
#       value: !astropy.table.SerializedColumn {name: y}
# schema: astropy-2.0
x y pmx pmy pmx_e pmy_e pm_corr g_mag bp_rp filter memberprob r pm member_prob_GMM member_prob_DB
[from data line 3354]
-0.006338973 -0.03963087 2.815478 -3.224028 1.931774 1.344093 0.1580904 19.75408 0.8007469 0 0.0 0.040134628883940475 4.280335607550885 0.0 0.0
-0.01173985 0.05157245 -0.7982489 -8.389636 2.0818 1.587224 -0.4242899 20.47892 0.56674 0 0.0 0.05289179215176018 8.427525942935281 0.0 0.0
-0.07591128 -0.01904124 -8.433189 -0.01791141 0.2526249 0.1797614 -0.04428863 17.55144 1.043406 1 0.0 0.07826296219781104 8.433208021170188 0.0 0.0
0.04252693 -0.01975521 -9.316919 -0.9795295 0.8045021 0.568397 0.4632765 18.75607 1.472757 0 0.0 0.04689145015212261 9.368268660426603 0.0 0.0
0.009394312 0.01534446 -8.141728 2.266819 2.195841 1.463411 -0.5751462 19.30838 nan 0 0.0 0.01799181899211261 8.451402440112824 0.0 0.0
-0.1200392 -0.009446842 -5.665282 -1.594282 1.41832 0.8790898 0.3284409 19.85083 1.002218 0 0.0 0.12041034988908954 5.885333910242307 0.0 0.0
0.003549071 -0.003354905 -2.95768 -8.180191 0.7356683 0.5151144 0.1543266 16.22489 nan 0 0.0 0.004883778508702662 8.698470887396303 0.0 0.0
-0.03038055 0.0138174 -3.24261 -5.394612 0.7235808 0.6095671 -0.1486921 19.10615 0.9573574 0 0.0 0.03337511589586619 6.294152702520332 0.0 1.0
-0.1162409 0.03308465 -4.019074 -6.996811 1.458442 1.056425 0.01759678 20.21188 0.8328419 0 0.0 0.12085752313543621 8.068972672354084 0.0 0.0
-0.01610192 -0.02071269 -3.736285 -5.381665 1.235748 0.976631 -0.08327487 19.37544 nan 0 0.0 0.0262352311734145 6.551499353083232 0.0 1.0
-0.06981096 0.05443694 -2.921451 -3.293109 0.8479462 0.6586152 -0.08866471 19.52505 0.6112823 0 0.0 0.08852655292444861 4.402208858207661 0.0 0.0
0.01221708 0.001395795 -4.440164 -5.01231 0.9957499 0.7164687 -0.1052193 17.70296 1.043894 0 0.0 0.012296555916533091 6.696141268148097 0.0 0.0
-0.003980267 -0.0154456 -16.72246 -14.68384 2.045846 1.435027 0.4440103 19.52099 nan 0 0.0 0.01595020641720003 22.254343971395787 0.0 0.0
-0.0389343 0.05384854 -2.925939 -5.539238 0.7592807 0.573294 -0.05422332 19.34462 0.6646652 0 0.0 0.06644956716654819 6.264525253549945 0.0 0.0
-0.04895635 0.01951301 -3.966135 -6.769243 0.6443477 0.448729 0.09790453 18.92397 0.860117 0 0.0 0.0527018193669118 7.845564200952919 0.0 0.0
-0.03434191 0.01118813 -7.955979 -6.092497 3.815515 2.475117 0.231035 20.47575 0.6871414 0 0.0 0.036118430687738914 10.020784477447362 0.0 0.0
-0.04785032 0.03069047 -5.624081 -6.862741 2.849045 2.311271 -0.3210408 20.45661 0.7990799 0 0.0 0.056846794746259005 8.872851916246658 0.0 0.0
-0.002154698 0.01588646 -2.985146 -5.100107 0.4390553 0.3032323 0.02679981 16.41917 1.130255 0 0.0 0.016031916130107595 5.9094998140929835 0.0 0.0
-0.002435998 0.03261199 -3.147098 -6.18624 1.956929 1.477367 -0.4530502 20.33847 nan 0 0.0 0.032702843576913984 6.940734194536195 0.0 1.0
-0.1110487 -0.02676933 -2.965839 -4.602048 2.164938 1.625915 -0.2123187 20.42027 0.9791374 0 0.0 0.11422964063822884 5.474947193190542 0.0 0.0
-0.001522451 0.01590554 -14.88344 -9.302737 2.049718 0.9924877 0.3294145 18.44872 nan 0 0.0 0.015978237066053343 17.551572633948478 0.0 0.0
0.006007782 0.00390247 -13.01013 5.438325 0.9856571 0.9307147 -0.07210375 16.88279 nan 0 0.0 0.007163987483268239 14.10102341755821 0.0 0.0
-0.01848267 -0.07243836 -5.597039 -5.433621 3.335769 2.039594 -0.2307721 20.59287 0.8563499 0 0.0 0.07475911375757807 7.800710399647073 0.0 0.0
-0.002337642 0.03296294 -2.422202 -5.500201 0.79074 0.6075679 -0.1009777 19.44228 0.7580051 0 0.0 0.03304572564740808 6.0099312449648705 0.0 1.0
-0.06626167 -0.04723631 1.142016 -8.828432 3.990758 2.740443 -0.08976926 20.89332 0.4189854 0 0.0 0.08137492177326501 8.901989222801834 0.0 0.0
-0.04732364 -0.02879573 -1.334942 1.675943 0.7482659 0.488859 -0.01482205 19.02533 1.023767 1 0.0 0.055396037485387885 2.142628078461822 0.0 0.0
-0.01870645 0.02262193 2.7721 -3.190556 1.09493 0.6516521 0.2051158 19.01089 0.7037354 0 0.0 0.029354437288549747 4.226604547285681 0.0 0.0
0.01617903 0.003867302 -3.506288 -5.512066 0.499745 0.3308487 0.09324929 18.30425 0.9010811 0 0.0 0.016634813990547174 6.532758003117826 0.0 0.0
-0.1240277 0.02016879 1.063663 -10.06063 2.191958 1.6366 -0.4287853 20.53397 0.8941612 0 0.0 0.12565687588569954 10.116701783410885 0.0 0.0
0.03113346 -0.02832182 -2.991829 -5.607582 0.07446478 0.0507053 -0.1377345 14.62072 1.445497 1 0.9990815 0.04208821473624179 6.355786076636391 0.0 1.0
-0.02534702 -0.006107632 -3.109905 -5.377919 2.161702 1.854328 -0.5433896 19.86991 nan 0 0.0 0.026072487252424233 6.2123684597411 0.0 1.0
-0.004460168 0.05475625 1.647632 -6.842459 2.588735 1.362595 -0.2291171 20.26524 0.411129 0 0.0 0.05493760108205239 7.038034979602261 0.0 0.0
-0.0536077 0.02127936 -2.591076 -4.859329 1.855102 1.112091 0.3174699 20.15308 0.791996 0 0.0 0.05767665612099578 5.506973140302847 0.0 0.0
-0.04865246 -0.005011566 -2.218606 -4.132189 2.862871 2.349206 -0.6287946 20.54915 0.1772957 0 0.0 0.04890989325099735 4.690117111006612 0.0 0.0
0.02397059 -0.0269013 0.0132006 -4.736383 0.721613 0.4750691 0.292388 18.7008 0.9041843 0 0.0 0.03603150186486958 4.736401395419244 0.0 0.0
-0.05880759 -0.07264254 -2.312501 -0.4346632 0.8480596 0.5798832 0.1302511 19.3024 1.392469 1 0.0 0.09346267308000399 2.3529965942251683 0.0 0.0
0.03602317 -0.02106939 -6.10378 -8.069136 1.749523 1.207708 0.5242833 19.91738 0.7797375 0 0.0 0.0417323372436891 10.117662085427444 0.0 0.0
-0.02954217 0.03488616 -5.199414 -5.928544 3.242741 1.572566 -0.2429916 20.43372 nan 0 0.0 0.04571415500536459 7.885527243205238 0.0 0.0
-0.005105814 0.03256233 -3.116247 -5.032947 0.5722356 0.4206642 -0.07534573 18.68334 0.9695702 0 0.0 0.032960198294784214 5.9195904309181735 0.0 1.0
-0.04533236 0.02247067 -2.157348 -5.122789 0.8880062 0.5608103 0.1651258 19.06835 0.9512291 1 0.9534907 0.05059598673233382 5.5585175660084944 0.0 0.0
0.01221871 0.01942978 0.2961806 -3.272982 1.410459 0.9337405 -0.06530799 19.2068 0.9626598 0 0.0 0.022952412180694645 3.2863557506971697 0.0 0.0
0.01466047 -0.008175524 -2.15381 -5.515291 0.4428814 0.2925872 0.08714848 16.72287 1.248707 0 0.0 0.01678596357959459 5.920923266753336 0.0 0.0
-0.01919814 0.02201724 -4.117631 -6.142689 0.6630241 0.4077585 0.2155202 18.79854 0.9511318 0 0.0 0.029211768804322684 7.395100621552218 0.0 0.0
-0.02903244 0.01687899 -3.501515 -4.932835 0.9035503 0.5401595 0.3261278 19.06775 0.7962265 0 0.0 0.03358247870205087 6.049253543409302 0.0 1.0
-0.0476585 0.004712452 -0.1468698 -9.089094 3.230268 2.884917 -0.5329756 20.81242 0.9372787 0 0.0 0.047890915903773486 9.09028055007039 0.0 0.0
-0.007660094 -0.02255445 -3.99455 -8.344696 2.249363 1.611538 -0.4204445 20.16441 nan 0 0.0 0.02381974506352526 9.25150696021551 0.0 0.0
0.02060053 -0.02131221 -2.743236 -5.643561 1.122866 0.6630378 0.2791882 19.23079 0.8341999 0 0.0 0.029641054828818087 6.274960120384591 0.0 1.0
-0.03274563 0.03333665 -1.802575 -4.260307 0.9005755 0.4531707 -0.2345423 18.83742 0.8438854 0 0.0 0.046729097116458396 4.6259585347119145 0.0 0.0
-0.02199632 -0.05123491 -3.755347 -5.916227 0.8757753 0.6128445 0.05609879 19.26057 0.7563477 0 0.0 0.055757099065953025 7.007451248916256 0.0 0.0
0.01418092 -0.02654133 -2.900862 -5.781691 0.238736 0.1606241 0.02483068 16.82216 1.185472 0 0.0 0.03009220314658433 6.468612769560797 0.0 1.0
0.009227445 0.04074463 -9.295697 -15.25642 3.46826 2.087647 0.5549556 20.35712 0.6805267 0 0.0 0.041776436122112244 17.86528292337429 0.0 0.0
-0.05362868 -0.0320463 -3.688555 -5.489566 2.524588 1.628383 -0.2750424 20.3928 0.8318291 0 0.0 0.06247399988981336 6.61368073438543 0.0 0.0
-0.1157229 0.01891921 -3.433017 -3.089395 0.9803922 0.7413579 -0.07072136 19.78841 1.095064 1 0.03517155 0.11725922603971979 4.6184377432540975 0.0 0.0
-0.01572787 0.02391931 -1.377083 -5.311817 2.587843 1.578013 0.5220344 20.08288 nan 0 0.0 0.028626897939053753 5.487418102384581 0.0 0.0
-0.0389476 0.002409259 -9.355355 -3.139623 1.480981 1.181654 -0.3079373 19.9336 0.8443356 0 0.0 0.039022046008494744 9.868125442968081 0.0 0.0
0.0007676329 0.006092237 1.750689 -5.174851 1.117884 0.6477983 0.2573566 16.48379 nan 0 0.0 0.006140408124329474 5.462965755605833 0.0 0.0
-0.001480496 0.03366677 -4.48034 -6.295075 1.208809 0.8151373 0.1680899 19.80901 0.4881611 0 0.0 0.03369930667890537 7.726669125258632 0.0 0.0
-0.07201404 0.02165228 -3.730051 -5.286351 1.532528 1.153558 0.06702263 20.12215 0.565937 0 0.0 0.07519869138701817 6.469836733473419 0.0 0.0
-0.02009372 -0.002614394 -7.822575 -7.829028 0.8127946 0.5508971 0.02127413 18.85605 nan 0 0.0 0.02026308563436566 11.06735555837116 0.0 0.0
-0.04803749 0.003796791 -5.681938 -4.923122 1.088531 0.8211393 0.004127528 19.56028 0.9423618 0 0.0 0.04818730193108742 7.518081514770107 0.0 0.0
-0.02505213 -0.005502948 -3.734629 -6.009415 0.7674838 0.5491987 -0.1928541 18.88132 0.9782352 0 0.0 0.025649398710839284 7.075346098239011 0.0 1.0
-0.008167929 0.01353256 -4.566649 -0.3956777 1.468596 0.9280757 0.2221527 19.14844 nan 0 0.0 0.015806493738417797 4.583758712179153 0.0 0.0
0.03524463 0.00975929 -4.585906 -6.998796 1.504229 1.140682 -0.06148672 19.8414 0.7679653 0 0.0 0.036570858414056946 8.36741771937149 0.0 0.0
-0.1243242 0.02167532 -3.590947 0.305836 0.3235918 0.230405 -0.09126095 17.97435 1.071709 1 0.0 0.1261995491384276 3.60394728259238 0.0 0.0
-0.01921227 0.02256846 -1.959557 -4.865902 2.12685 1.156137 -0.1234421 19.76617 nan 0 0.0 0.029638601608788832 5.245652095769696 0.0 1.0
-0.004923101 0.03142937 -2.651669 -6.914749 1.613617 1.019781 0.2811068 20.04435 0.5494308 0 0.0 0.03181261105368594 7.405747917567948 0.0 0.0
0.01354446 -0.07053043 -1.579048 -5.834698 1.828991 1.091654 0.5045198 19.92532 0.7809372 1 0.8160454 0.07181917538287738 6.044592073705885 0.0 0.0
0.0309259 -0.01468805 -3.446835 -6.51943 1.476509 1.038251 0.5321243 19.69321 nan 0 0.0 0.03423667775372634 7.374526360528179 0.0 0.0
0.01532475 0.0275891 -1.769642 -5.163215 2.359261 1.450012 -0.6235202 19.85151 nan 0 0.0 0.03155956909358079 5.458060273063041 0.0 1.0
-0.005791213 -0.0405025 -3.586193 -4.730445 1.203145 0.8530247 0.2179509 19.76079 0.7739983 0 0.0 0.04091443088033083 5.936151120993636 0.0 0.0
-0.006215341 0.02048304 -12.13877 -9.067517 3.016686 2.196719 -0.1903463 19.81764 nan 0 0.0 0.021405265506129117 15.1515544304269 0.0 0.0
0.01497337 0.02666026 -6.850126 -5.896897 1.279534 0.794061 -0.2300443 19.58937 nan 0 0.0 0.030577299953143344 9.038673599842236 1.0 0.0
-0.0004405526 -0.0004976509 -15.34772 -13.17029 1.142979 0.6643003 0.5641747 13.32353 nan 0 0.0 0.0006646375039354686 20.223972109417577 0.0 0.0
0.05012898 -0.01156957 1.747495 -5.566364 3.680283 2.523734 0.007301066 20.43924 0.746603 0 0.0 0.05144676458073238 5.8342220522980615 0.0 0.0
0.01518417 0.02703217 -0.7015885 0.6593734 0.3577604 0.2340184 0.02078004 17.93085 0.8968124 0 0.0 0.031004793718033347 0.9628082384150075 0.0 0.0
-0.06776768 0.0154575 -2.738481 -2.981319 1.421037 1.108206 0.09703535 20.14124 0.8462811 0 0.0 0.06950822080036576 4.048152809260293 0.0 0.0
-0.03761831 0.02155179 -2.662189 -5.329916 0.08218774 0.05588449 -0.2590359 13.35238 1.199549 0 0.0 0.043354548774727206 5.957789425514886 0.0 1.0
-0.09838185 0.01474631 -3.333717 -3.600917 1.831414 1.440896 -0.05227263 20.61967 0.71278 0 0.0 0.09948086282315106 4.907165401428609 0.0 0.0
-0.04443142 0.01730396 -1.961206 -5.598736 1.158489 0.6766888 0.4119388 19.25132 nan 0 0.0 0.04768205233521309 5.932299197792707 0.0 1.0
-0.09266989 -0.01702418 -4.689917 -7.474198 0.9642825 0.7292454 0.0005647341 19.72942 0.6749229 0 0.0 0.09422065175578283 8.823772277778536 0.0 0.0
-0.02231907 0.0323584 -3.166968 -5.341708 0.1552389 0.1089864 -0.1206986 16.53967 1.233452 1 0.9942211 0.03930912026775593 6.209954160079445 0.0 1.0
-0.001171271 0.02376573 -0.753612 -4.669539 0.8088794 0.5261468 0.1713528 19.18028 nan 0 0.0 0.023794574973895647 4.729960414111836 0.0 0.0
0.001175055 0.006532832 7.313318 1.826483 1.023851 0.6577823 0.1490354 16.44728 nan 0 0.0 0.006637668882465364 7.537948017757419 0.0 0.0
-0.03252207 -0.01981156 -8.470752 -4.769694 1.260358 0.8659501 -0.05931807 19.32848 0.8336487 0 0.0 0.038081267661653546 9.72129725392347 0.0 0.0
-0.003826398 0.007316703 18.98425 -0.7477974 1.788368 1.253579 0.1272374 18.06247 nan 0 0.0 0.008256843491590051 18.9989723146792 0.0 0.0
-0.04881341 0.01276487 -8.342825 -6.141137 1.977203 1.447836 -0.1730458 19.86986 0.8766537 0 0.0 0.050454840223163926 10.359357732668276 0.0 0.0
-0.00244927 -0.01042733 -2.430361 -5.753231 0.1592165 0.104342 -0.2814978 14.97809 1.279776 0 0.0 0.010711121998268902 6.245504105329049 0.0 0.0
-0.003938814 0.008119694 -3.600604 -6.241283 0.4355179 0.2887612 0.04483107 16.95135 1.038632 0 0.0 0.009024615580745365 7.205412038940244 0.0 0.0
-0.01716003 0.01587585 -1.226708 -4.564478 2.306139 1.075692 0.4443756 19.42536 nan 0 0.0 0.02337753714195317 4.7264438989316275 0.0 0.0
-0.07127963 0.01447722 -2.067381 -5.372091 0.8379544 0.6199869 -0.01600182 19.40076 0.7611656 1 0.9171849 0.07273496787560506 5.756164166477708 0.0 0.0
0.005136935 0.008421014 1.715441 -6.143544 0.9235925 0.6166686 -0.01624825 17.62494 nan 0 0.0 0.009864156222527145 6.3785476955508456 0.0 0.0
-0.02053046 0.005636731 -6.548705 1.608705 2.463562 1.82033 0.3127126 19.11841 nan 0 0.0 0.021290197842621403 6.743401882881518 0.0 0.0
0.008098167 -0.04393775 -1.210982 -4.161851 1.561312 0.9941007 0.3170098 19.93612 nan 0 0.0 0.0446778041517529 4.334452808662819 0.0 0.0
0.007749688 0.001604026 -2.07593 -5.498212 0.1636889 0.08368633 -0.4061868 14.63616 1.30567 0 0.0 0.007913947403541422 5.87705883600326 0.0 0.0
0.04559383 -0.005468263 -3.567927 -7.669616 1.46588 0.9971709 0.2695487 19.81696 0.7245808 0 0.0 0.045920575282830126 8.458907297327771 0.0 0.0
-0.04079236 -0.02952221 -2.50463 -5.318901 1.016353 0.6364835 0.1675206 19.41116 0.8058357 0 0.0 0.050354518343974856 5.879105313285432 0.0 1.0
-0.06554948 0.01894332 -3.137001 -5.518011 0.1511289 0.1044793 -0.08058173 16.40923 0.3726025 1 0.9955216 0.06823183788300591 6.347379039424226 0.0 0.0
-0.007911823 -0.04127508 -1.196582 -6.220107 0.6045159 0.4051622 0.1772463 18.74114 0.9662781 0 0.0 0.04202652938549326 6.3341565795434045 0.0 0.0
-0.005440783 -0.02385706 -3.798724 -4.749735 3.333496 1.515711 -0.3797971 20.20684 0.8311634 0 0.0 0.024469602193266014 6.081964041195985 0.0 0.0
-0.0342996 -0.04472006 -3.983601 -4.281011 2.085892 1.412487 -0.2221886 20.26174 0.6687889 0 0.0 0.056359083798120775 5.8477458998593645 0.0 0.0
-0.05935166 0.01514865 0.2084495 1.467591 1.551399 0.9678319 0.2715703 19.92489 1.03764 0 0.0 0.06125439691628757 1.4823206594159208 0.0 0.0
-0.02058653 0.004814655 -5.571113 1.840156 3.641553 2.322483 0.4249933 19.80302 nan 0 0.0 0.02114204626354613 5.867152133966274 0.0 0.0
-0.009841174 0.03184109 -3.689743 -5.454676 1.595266 0.9536333 0.1342919 20.04687 0.671072 0 0.0 0.03332722187771396 6.585415223888696 0.0 1.0
-0.05474258 0.01335769 -4.012734 -4.405635 0.3899773 0.2840615 -0.1020919 18.21906 1.017818 1 0.02372573 0.05634871735179515 5.959165537890435 0.0 0.0
0.0008660001 0.009954618 -3.729784 -7.102619 1.744641 1.158209 0.1452665 18.71054 nan 0 0.0 0.009992215755232872 8.022374046740591 0.0 0.0
-0.01931425 -0.05032088 0.5265561 -4.240004 0.6149599 0.4054799 0.1151034 18.87344 1.00621 0 0.0 0.053900196818164776 4.272574779505118 0.0 0.0
0.002986738 -0.02213274 -2.125948 -6.589246 1.032307 0.5572756 -0.07850401 18.89929 0.9030151 0 0.0 0.022333355855944356 6.923714158399378 0.0 0.0
-0.01794918 0.03363125 -3.944331 -6.302868 1.077099 0.60416 0.3213406 19.30357 0.7576847 0 0.0 0.03812130689306047 7.435313851007569 0.0 0.0
-0.002883702 -0.05868134 -1.105262 -6.012306 0.7950043 0.5341273 0.2184871 19.14791 0.8189392 0 0.0 0.05875215231308895 6.11305386253712 0.0 0.0
0.01109409 0.01223154 -4.838152 -6.640451 0.3426551 0.2153894 0.02728537 16.77436 0.5803757 0 0.0 0.016513309895345028 8.216039450885384 0.0 0.0
