jas1101finalproject/data/gcs/NGC_5286.ecsv
# %ECSV 0.9
# ---
# datatype:
# - {name: x, unit: deg, datatype: float64}
# - {name: y, unit: deg, datatype: float64}
# - {name: pmx, unit: mas / yr, datatype: float64}
# - {name: pmy, unit: mas / yr, datatype: float64}
# - {name: pmx_e, unit: mas / yr, datatype: float64}
# - {name: pmy_e, unit: mas / yr, datatype: float64}
# - {name: pm_corr, datatype: float64}
# - {name: g_mag, unit: mag, datatype: float64}
# - {name: bp_rp, unit: mag, datatype: float64}
# - {name: filter, datatype: int64}
# - {name: memberprob, datatype: float64}
# - {name: r, unit: deg, datatype: float64}
# - {name: pm, unit: mas / yr, datatype: float64}
# - {name: member_prob_GMM, datatype: float64}
# meta: !!omap
# - comments: [deg deg mas/yr mas/yr mas/yr mas/yr dimless mag   mag   zeroone float]
# - __serialized_columns__:
#     bp_rp:
#       __class__: astropy.units.quantity.Quantity
#       unit: &id001 !astropy.units.Unit {unit: mag}
#       value: !astropy.table.SerializedColumn {name: bp_rp}
#     g_mag:
#       __class__: astropy.units.quantity.Quantity
#       unit: *id001
#       value: !astropy.table.SerializedColumn {name: g_mag}
#     pm:
#       __class__: astropy.units.quantity.Quantity
#       unit: !astropy.units.Unit {unit: mas / yr}
#       value: !astropy.table.SerializedColumn {name: pm}
#     pmx:
#       __class__: astropy.units.quantity.Quantity
#       unit: !astropy.units.Unit {unit: mas / yr}
#       value: !astropy.table.SerializedColumn {name: pmx}
#     pmx_e:
#       __class__: astropy.units.quantity.Quantity
#       unit: !astropy.units.Unit {unit: mas / yr}
#       value: !astropy.table.SerializedColumn {name: pmx_e}
#     pmy:
#       __class__: astropy.units.quantity.Quantity
#       unit: !astropy.units.Unit {unit: mas / yr}
#       value: !astropy.table.SerializedColumn {name: pmy}
#     pmy_e:
#       __class__: astropy.units.quantity.Quantity
#       unit: !astropy.units.Unit {unit: mas / yr}
#       value: !astropy.table.SerializedColumn {name: pmy_e}
#     r:
#       __class__: astropy.units.quantity.Quantity
#       unit: &id002 !astropy.units.Unit {unit: deg}
#       value: !astropy.table.SerializedColumn {name: r}
#     x:
#       __class__: astropy.units.quantity.Quantity
#       unit: *id002
#       value: !astropy.table.SerializedColumn {name: x}
#     y:
#       __class__: astropy.units.quantity.Quantity
#       unit: *id002
#       value: !astropy.table.SerializedColumn {name: y}
# schema: astropy-2.0
x y pmx pmy pmx_e pmy_e pm_corr g_mag bp_rp filter memberprob r pm member_prob_GMM
[from data line 2983]
-0.004225031 -0.09530328 -1.137863 -3.542871 0.3789363 0.3257371 -0.02870707 18.20208 1.37925 1 0.0 0.09539688708605412 3.7211110074022247 0.0
-0.06892726 -0.07629304 -2.023737 -1.590867 1.405947 0.9585804 -0.2119319 19.4814 1.521803 0 0.0 0.10281826259740631 2.5741735094701754 0.0
-0.04745287 -0.0513748 1.234846 -1.471567 0.4167527 0.3960747 -0.1387747 18.33695 1.191383 0 0.0 0.06993672101462078 1.9210294321548018 1.0
0.03505238 0.006383281 0.9099469 4.21642 2.398429 1.893624 -0.3073489 20.18338 0.758028 0 0.0 0.03562885936974914 4.313490579243174 1.0
-0.0523331 -0.05193707 0.132651 -0.2118577 0.04803302 0.05117904 -0.1340918 13.97396 1.832068 1 0.9992121 0.07373067608394013 0.24995994249137202 1.0
-0.1037952 -0.04800422 -5.961291 -5.798548 0.6643861 0.5111881 -0.1242018 18.75734 1.251587 0 0.0 0.11435842199352177 8.31625813061289 0.0
-0.09838433 -0.05092196 -1.468001 -1.612225 3.130621 1.874531 -0.4106656 20.26769 1.14183 0 0.0 0.11078141721331472 2.1804349076792 0.0
-0.008528043 -0.1105474 -8.662474 -1.042424 0.6330852 0.5182508 -0.1656988 18.93485 1.114979 0 0.0 0.11087585473929773 8.72497012008935 0.0
0.04593381 0.01816871 -0.8005804 1.485853 1.503205 1.019189 -0.4619931 19.4377 0.6469917 0 0.0 0.04939652745062349 1.6878057099302515 1.0
-0.05345431 -0.04505665 -13.7644 -12.69772 2.921397 3.108043 -0.3690593 20.57792 0.6530037 0 0.0 0.06991040671315393 18.726740254470347 0.0
-0.01300057 -0.02060939 2.928792 -2.345367 1.375295 1.048822 -0.3577795 19.54645 0.5630894 0 0.0 0.024367227509443905 3.752141914154234 0.0
-0.07602287 -0.05809673 -1.064124 -2.994831 2.041946 1.228869 -0.2484554 19.84127 0.9394474 0 0.0 0.09568023202171805 3.178265660063205 0.0
-0.01397632 -0.03661615 0.7268868 5.143395 1.988622 2.209929 -0.2853706 20.32806 0.3588066 0 0.0 0.039192856001635044 5.19450445625367 0.0
-0.05032091 -0.05618439 -7.310374 0.6899206 2.082411 1.133231 -0.1676283 20.07635 0.743185 0 0.0 0.0754246621662981 7.34285764904784 0.0
0.06775447 -0.007855566 -4.652766 -2.158619 2.961167 1.724295 -0.1088673 20.57749 0.5552483 0 0.0 0.06820834349374903 5.129119557771782 0.0
0.1237629 -0.01100925 -2.725728 4.870099 3.080802 2.660963 -0.2703149 20.69077 0.6623497 0 0.0 0.12425159557113341 5.580990718482248 0.0
0.09581595 -0.02800157 -3.961947 1.394845 1.786204 1.020537 -0.04341096 20.04694 0.6282024 0 0.0 0.09982376569167986 4.200311489024831 0.0
0.014556 -0.009722712 -1.048975 -0.3433455 0.3307475 0.2318474 0.12495 17.44656 1.144537 0 0.0 0.017504521262660798 1.1037366909708357 1.0
-0.04628084 -0.05310929 0.8068149 -0.4775966 0.2343505 0.2334504 -0.1545602 17.64034 1.282398 1 0.9730275 0.07044510512029704 0.9375760210209996 1.0
0.06322132 0.0197541 -4.260825 -3.037506 1.177051 0.8270032 -0.1766728 19.56829 0.9588623 0 0.0 0.06623563821201091 5.232692651079461 0.0
-0.04484561 -0.0225979 -4.34201 -3.798427 2.946746 1.988722 -0.225928 20.37481 0.6854572 0 0.0 0.05021746529527451 5.768977250295671 0.0
0.01997032 -0.08484756 0.2906973 0.2503868 2.000681 1.733555 -0.1901504 20.33623 0.7860203 0 0.0 0.08716606059043852 0.3836645277342304 0.0
-0.07601686 -0.05599482 0.1272581 -0.04402474 0.04782232 0.05365058 -0.1707556 13.74133 1.767874 1 0.9986216 0.09441389130362121 0.13465809202449588 0.0
0.1109318 0.06614178 -6.565572 -1.503594 1.045513 0.5942921 0.04643152 19.31154 1.163429 0 0.0 0.12915339450749405 6.735542339264152 0.0
0.002688776 -0.03556886 -3.40934 0.4931586 1.223698 0.8465467 -0.150843 19.72953 0.8197441 0 0.0 0.035670342275870806 3.444822875033484 1.0
0.04573477 0.01923321 -9.56144 -2.397443 1.54642 1.146795 -0.2294287 19.73214 nan 0 0.0 0.04961436842142607 9.85742703811948 0.0
0.06394942 -0.03200478 -8.90059 -5.232911 2.146451 1.227916 -0.05377463 20.12584 0.8004284 0 0.0 0.0715110778913645 10.32491452177794 0.0
-0.06324328 -0.02635041 -0.9495854 -8.70328 1.443468 1.047303 -0.3170771 19.71378 1.231129 0 0.0 0.06851318539030644 8.754929765012005 0.0
-0.02380931 -0.08852295 -4.607355 -2.924083 1.781598 1.330429 -0.183097 20.25054 0.9564362 0 0.0 0.09166894741066138 5.456920513157032 0.0
-0.05021494 -0.0573859 1.688648 -1.964297 1.267198 0.8493455 -0.09320933 19.63655 0.6845779 0 0.0 0.07625406033788365 2.590365760295831 0.0
0.004242841 -0.1090171 -6.299658 -3.279708 0.6033849 0.7033352 0.07735886 18.74892 1.138433 0 0.0 0.10909963241075234 7.102265517581555 0.0
0.02658096 0.002154668 0.91292 0.001499204 1.043237 1.532904 -0.5394726 19.139 0.8855019 0 0.0 0.02666814633062868 0.9129212310011382 1.0
0.04625896 0.01933186 1.02068 -0.9028122 1.209114 0.8207082 -0.05546548 19.56364 0.715868 0 0.0 0.05013593712439411 1.3626655975949638 1.0
0.08764274 -0.001141113 -5.194915 2.335439 2.86724 2.898124 -0.4212983 20.54383 0.3836346 0 0.0 0.08765016836028536 5.695736754797047 0.0
0.06381891 0.004105364 -6.298384 -1.9812 2.383465 3.943442 -0.5254688 20.52377 0.8368969 0 0.0 0.06395081928451422 6.602635417123682 0.0
-0.03722403 -0.08747524 -6.442071 -0.740162 0.4702469 0.4545448 -0.1322662 18.71395 1.207874 0 0.0 0.09506600876495498 6.484452062841162 0.0
-0.1122409 -0.05336476 -8.444498 1.932279 0.7541864 0.5758378 -0.1646927 19.04683 1.152283 1 0.0 0.12428120229007925 8.662750637404091 0.0
0.009125933 -0.0670829 -0.04489372 0.09307938 0.3979215 0.344773 -0.1641927 18.3209 1.175158 0 0.0 0.06770079855903097 0.10334029744791139 0.0
0.0708505 0.04819297 -7.373851 0.5980931 1.034121 0.622648 -0.09137135 19.43714 1.554865 0 0.0 0.08568754698129069 7.398066904703459 0.0
-0.01727599 -0.01903915 -2.411791 -0.9032993 1.640177 1.682736 -0.408857 19.70311 0.9178238 0 0.0 0.02570892963938017 2.5754000568963047 1.0
0.06331234 -0.05900815 -0.5122942 0.144264 1.789792 1.653961 -0.02450897 20.23656 0.796257 0 0.0 0.0865471788257601 0.5322193617763639 0.0
0.09194952 -0.02406831 6.163604 1.982213 2.220471 1.533913 0.03191005 20.52152 0.2622356 0 0.0 0.09504734491024197 6.474502501828616 0.0
0.02268842 -0.1060013 -4.741574 0.1228419 0.943918 0.6939966 -0.1039002 19.10491 1.141483 0 0.0 0.10840221401699507 4.743164990791656 0.0
-0.05124084 -0.00777688 -3.18804 1.988157 2.086674 1.230965 -0.4642885 19.80964 0.2708359 0 0.0 0.051827633039142354 3.757175441505094 1.0
-0.01128377 -0.07153894 -2.5374 -0.09853017 0.8732656 0.6309045 -0.1659021 19.19297 1.104023 0 0.0 0.07242336226478649 2.5393122995016246 0.0
-0.02528948 -0.0421752 -0.3913159 0.5665691 1.722135 1.748876 -0.1975039 20.12173 0.7447147 0 0.0 0.0491762675862087 0.6885700245201065 1.0
-0.006361229 -0.04480842 1.931556 1.337942 1.62806 1.305188 -0.251362 19.71878 nan 0 0.0 0.04525770362365772 2.3496802711220095 1.0
-0.07739475 -0.09617736 -1.130125 -0.6757603 2.301583 2.6488 -0.1209099 20.64241 1.68005 0 0.0 0.12345052411444878 1.3167514946568657 0.0
-0.001783105 -0.07186946 0.6807746 0.4861239 2.486865 2.221002 -0.3043031 20.39641 0.8759022 0 0.0 0.0718915763085817 0.8365228640965948 1.0
0.005859921 -0.02178666 2.249554 -1.866167 1.053288 1.047504 -0.2120151 19.12595 nan 0 0.0 0.022560966913717173 2.922853480899273 0.0
-0.1197095 -0.05334174 -8.151292 -1.286617 0.4695292 0.4134811 -0.1672139 18.49208 1.415573 1 0.0 0.13105611628793826 8.252208466462356 0.0
0.09378161 0.02915837 -5.178054 0.6305335 2.075248 1.124083 0.03206278 20.16955 1.085333 0 0.0 0.09820998378601332 5.2163028786237335 0.0
-0.0259587 -0.03674345 -1.41295 -1.324912 2.099999 1.208309 -0.1898052 20.06146 nan 0 0.0 0.044988167595407795 1.9369614116558957 1.0
0.04445309 -0.05427859 -6.802067 -3.620988 0.4329244 0.4555244 -0.3068366 18.36175 1.147003 0 0.0 0.0701586954192864 7.705820499377922 0.0
0.1207545 0.04712734 -7.007992 -4.750262 2.025882 1.00405 -0.05576443 20.16156 1.698442 0 0.0 0.1296249800220837 8.46622353477086 0.0
-0.0904698 -0.05976335 -6.922563 -2.271379 1.930355 1.207692 -0.1079527 19.88762 1.218378 0 0.0 0.10842713090026176 7.28567368543294 0.0
-0.1043441 -0.024278 -7.728335 -1.851614 0.06090713 0.06013004 -0.1731909 14.11637 1.862143 1 0.0 0.10713128622774021 7.947052049484828 0.0
-0.06580597 -0.04485532 -12.71421 0.1324195 1.574892 1.066809 -0.1808594 19.86226 1.091429 0 0.0 0.07963934592865074 12.714899561069297 0.0
0.04093311 0.0203402 -5.968459 -3.796175 2.251434 1.395258 0.05724084 20.04202 1.002239 0 0.0 0.04570824028894681 7.07343250941903 0.0
-0.02870126 -0.0494404 -6.34273 0.9642841 1.431949 1.365355 -0.2023035 19.78198 0.9363251 0 0.0 0.05716743371665025 6.415611247450458 0.0
0.05476688 -0.05355736 -3.841906 1.278602 3.031173 1.751254 -0.1980897 20.3104 0.738905 0 0.0 0.0766015793251288 4.049081968451614 0.0
-0.000195036 -0.04443795 -0.796287 1.235964 1.133562 0.8010516 -0.1668818 19.36362 0.9478798 0 0.0 0.04443837799969522 1.4702652807112735 1.0
-0.006770405 -0.04481229 -1.718 5.509773 1.128519 0.8612248 -0.3665316 19.40466 0.7817879 0 0.0 0.045320853024939024 5.771405592360409 0.0
0.01062048 -0.06146799 -3.689782 -2.056412 2.191915 1.152208 -0.1175326 20.25892 0.9781075 0 0.0 0.06237874950710779 4.224135594564644 0.0
0.03692572 -0.1154863 -2.010966 -1.955964 1.503468 0.8489093 -0.03867199 19.48704 1.32163 0 0.0 0.12124600729594522 2.8053127138435032 0.0
-0.1174974 0.04867695 -17.29834 -0.4472407 0.2586912 0.197482 0.1139362 17.21533 1.224401 1 0.0 0.12718130549755535 17.304120636407283 0.0
-0.07796623 -0.03977418 -4.100411 -2.240466 1.924603 1.536196 -0.225099 20.15095 1.364319 0 0.0 0.08752553007600297 4.672585822227025 0.0
0.02709524 0.001975076 3.286784 -1.439354 1.597868 2.264637 -0.6138346 19.63917 nan 0 0.0 0.0271671300630629 3.588131686542733 0.0
0.08450671 -0.01273573 0.3808399 -1.227231 2.75499 2.262456 -0.0901134 20.61757 0.8262558 0 0.0 0.08546100194625031 1.2849649632550337 0.0
-0.04539759 -0.07069797 -2.874718 -6.750276 0.2594496 0.1981523 -0.0836468 17.25592 1.23707 1 0.0 0.08401871303423422 7.336908726139368 0.0
0.02717386 -0.105958 -9.780423 1.6345 0.1570452 0.1328447 0.01202712 16.73823 1.311373 1 0.0 0.10938700302732313 9.916060927048049 0.0
-0.117756 -0.05825001 -3.456267 -2.710674 1.019148 0.6609796 -0.1815665 19.20977 1.255472 0 0.0 0.1313755654640546 4.392440677979043 0.0
0.08973324 0.03523567 -5.885692 -1.676117 0.4973135 0.3625097 -0.01433855 18.6995 1.203062 1 0.0 0.09640335471987736 6.119700851884265 0.0
0.03711166 -0.08545336 -8.607249 -0.8768137 1.734311 0.9887456 -0.09395783 19.88548 1.266157 0 0.0 0.09316411349465631 8.651793895632782 0.0
0.1192624 0.03070511 -4.702943 -0.7007466 2.49482 2.127768 -0.06528871 20.64716 0.9215317 1 0.05355528 0.12315162944058881 4.754862632995885 0.0
-0.0346328 -0.04437477 -5.230795 0.8371797 0.3966671 0.3558704 -0.1113474 17.69957 1.125149 0 0.0 0.05628988406803571 5.297365966413599 0.0
0.09394131 0.0001472096 -10.54247 -1.300849 0.5213961 0.361162 -0.09931529 18.61226 1.361088 0 0.0 0.09394142534144578 10.622423538049167 0.0
0.04851523 0.02632569 -1.276196 -0.5399921 1.056002 0.5469608 0.04582131 19.04421 0.8448906 0 0.0 0.05519754972758302 1.3857372400561407 1.0
-0.05049738 -0.008352073 0.5605594 0.0320601 0.3207344 0.2697664 -0.09230783 17.93705 1.168459 0 0.0 0.051183420267326106 0.5614754588941266 1.0
-0.03489552 -0.08659602 -0.3941743 -0.3653695 0.9051225 0.6334036 -0.1313571 19.20727 1.21599 0 0.0 0.09336256206805167 0.5374646502894307 0.0
0.1316925 -0.01862265 -10.01156 -3.094161 1.958351 1.222238 -0.06105151 20.33348 1.216198 0 0.0 0.1330026979022324 10.478796015168966 0.0
0.01288703 -0.01837395 4.190304 -1.434951 1.631293 0.6140679 -0.06383209 18.87261 0.8879986 0 0.0 0.02244276232604623 4.429190895052617 0.0
-0.01666052 -0.009692912 1.367715 -1.871248 0.4867551 0.4046218 -0.1700682 18.00571 1.054083 0 0.0 0.019274995971728347 2.3178035720761585 1.0
-0.05510054 -0.07659471 -6.150683 -1.172615 1.189303 0.7941084 -0.1767994 19.59066 0.9520626 0 0.0 0.09435475138155842 6.261463671116682 0.0
0.01472574 -0.01490694 -0.3243563 0.5275099 0.7569005 0.5404459 0.04143862 18.40881 0.9195404 0 0.0 0.020953860711362952 0.619252536488709 1.0
-0.04438931 -0.02189937 -9.059969 -3.26818 0.1642752 0.1481561 -0.1115935 16.82104 1.042236 1 0.0 0.049497406484309864 9.631408972386179 0.0
-0.06189151 -0.04743622 0.8056245 -2.997574 0.6879879 0.5917528 -0.1117333 18.95122 1.678091 0 0.0 0.07797918939030143 3.103945991874899 0.0
0.09111152 0.01888313 -7.790992 0.7160885 0.6804101 0.4235718 -0.1008105 18.97725 1.489437 1 0.0 0.0930477386899182 7.823831483608031 0.0
0.09572049 0.04022845 -4.604296 -3.427601 0.4561433 0.3417428 -0.1360014 18.53615 1.239756 0 0.0 0.10383034428933866 5.740033995615096 0.0
0.04066818 -0.02041581 -7.322892 -2.586334 3.460041 1.775768 -0.08801981 20.34555 0.7597122 0 0.0 0.045505012498278694 7.766200538437055 0.0
-0.01936052 -0.02043616 0.06553079 -0.3739154 0.1499793 0.1295371 -0.1065567 16.55815 0.8325005 1 0.9987575 0.0281507792115245 0.3796142921376698 1.0
0.03299999 -0.1048594 -1.133817 -4.812577 0.3636922 0.3789253 -0.07227421 18.20334 1.167383 1 0.0 0.10992949153143619 4.944333966311135 0.0
0.006397749 -0.05637077 -0.2105063 -0.08550075 1.326804 0.9236451 -0.1593053 19.72956 0.8878384 0 0.0 0.05673266169200861 0.2272075715953421 1.0
-0.12277 0.02362337 0.2788238 0.4484944 1.577316 1.072618 -0.04676742 19.85374 1.04809 0 0.0 0.12502214407918663 0.5281003108101717 0.0
-0.007742366 -0.03680159 -7.608324 -3.169291 0.321726 0.2881804 -0.1386582 18.01173 1.005871 0 0.0 0.03760719688844219 8.242026421436478 0.0
-0.03554062 -0.02722459 -5.628163 0.7257469 2.358938 1.976793 -0.04890692 20.23195 0.4730091 0 0.0 0.044769565227423196 5.674762313738665 0.0
-0.08915669 -0.02091184 3.163524 -2.903063 1.459522 1.086755 -0.3144885 19.70621 0.9569283 0 0.0 0.09157630929417115 4.293676615739127 0.0
-0.005436768 -0.05686274 -5.087063 -0.6419685 2.333586 1.971233 -0.3419065 20.1957 0.7545719 0 0.0 0.05712205919426771 5.12741002075719 0.0
-0.1139624 -0.01540123 -8.674418 -3.103568 2.095362 1.080165 -0.1446176 19.91453 1.283195 0 0.0 0.11499837607232939 9.212907357037082 0.0
0.00129917 -0.03656444 -7.374043 -2.510059 1.01397 0.9853504 -0.1894847 19.38683 0.7647629 0 0.0 0.03658751310491736 7.789538262909426 0.0
-0.01680217 -0.01296597 -1.783579 4.682321 0.845324 1.115235 -0.6380262 18.39485 1.021547 0 0.0 0.021223319597786772 5.0105173381879435 0.0
0.04293528 0.02142937 -0.1780429 0.7703804 1.502225 1.1553 0.003224034 19.74423 0.9425507 0 0.0 0.04798599970069708 0.7906865592284783 1.0
-0.02953429 -0.07075745 1.092663 -1.892391 3.276818 3.254755 -0.337876 20.59564 0.737875 0 0.0 0.07667392657420513 2.1851901813000167 0.0
-0.0001665192 -0.03603799 -1.172171 -0.4547333 2.219521 1.458799 -0.4136903 19.98917 0.6257954 0 0.0 0.03603837471202147 1.257285658619349 1.0
0.0982902 0.03376853 -8.128001 -2.701427 0.2992869 0.2265459 -0.1025888 17.81318 1.115858 0 0.0 0.10392919240714275 8.565168304962254 0.0
-0.02617705 -0.02108042 -0.1044282 -0.2178432 0.144177 0.1293535 -0.113607 15.96987 1.385955 0 0.0 0.03360985055127291 0.24158002554325553 1.0
-0.0006138417 -0.03623636 0.7398852 1.02258 1.836307 1.186241 -0.1322921 19.94292 0.8346157 0 0.0 0.036241558847299314 1.262180639044602 1.0
-0.06934105 -0.06054277 -8.563183 -2.106152 0.3578467 0.3499753 -0.07537247 18.28902 1.505959 1 0.0 0.09205220374534985 8.81838870421309 0.0
0.05785998 0.02258787 -0.2932778 -0.1183019 1.493232 1.063988 -0.1451213 19.89722 0.6005669 0 0.0 0.062112713326156505 0.31623916189562923 1.0
0.003869998 -0.02336573 3.505658 -5.221707 0.3986485 0.3794384 -0.123887 17.31293 1.145344 0 0.0 0.023684049969397214 6.289345117483457 0.0
0.03256489 -0.1153037 -1.206352 -3.256929 1.234864 0.7227034 -0.07168938 19.54953 1.134575 0 0.0 0.11981408637719565 3.4731645021428226 0.0
0.04843483 0.02239282 0.1259552 -0.3244972 0.1788437 0.1431594 0.08428207 16.70956 0.3600616 1 0.9984683 0.05336076409386675 0.3480849683839852 1.0
-0.06066 -0.05048252 -5.946202 -2.158115 0.5317705 0.4826719 -0.0557969 18.71293 1.174009 0 0.0 0.07891844160619495 6.325723561619572 0.0
0.1016011 -0.01629146 -10.68551 -0.7587141 0.4581768 0.2739135 -0.03617509 18.25533 1.087191 1 0.0 0.10289895621502484 10.71241200876996 0.0
