jas1101finalproject/data/gcs/NGC_6528.ecsv
# %ECSV 0.9
# ---
# datatype:
# - {name: x, unit: deg, datatype: float64}
# - {name: y, unit: deg, datatype: float64}
# - {name: pmx, unit: mas / yr, datatype: float64}
# - {name: pmy, unit: mas / yr, datatype: float64}
# - {name: pmx_e, unit: mas / yr, datatype: float64}
# - {name: pmy_e, unit: mas / yr, datatype: float64}
# - {name: pm_corr, datatype: float64}
# - {name: g_mag, unit: mag, datatype: float64}
# - {name: bp_rp, unit: mag, datatype: float64}
# - {name: filter, datatype: int64}
# - {name: memberprob, datatype: float64}
# - {name: r, unit: deg, datatype: float64}
# - {name: pm, unit: mas / yr, datatype: float64}
# - {name: member_prob_GMM, datatype: float64}
# meta: !!omap
# - comments: [deg deg mas/yr mas/yr mas/yr mas/yr dimless mag   mag   zeroone float]
# - __serialized_columns__:
#     bp_rp:
#       __class__: astropy.units.quantity.Quantity
#       unit: &id001 !astropy.units.Unit {unit: mag}
#       value: !astropy.table.SerializedColumn {name: bp_rp}
#     g_mag:
#       __class__: astropy.units.quantity.Quantity
#       unit: *id001
#       value: !astropy.table.SerializedColumn {name: g_mag}
#     pm:
#       __class__: astropy.units.quantity.Quantity
#       unit: !astropy.units.Unit {unit: mas / yr}
#       value: !astropy.table.SerializedColumn {name: pm}
#     pmx:
#       __class__: astropy.units.quantity.Quantity
#       unit: !astropy.units.Unit {unit: mas / yr}
#       value: !astropy.table.SerializedColumn {name: pmx}
#     pmx_e:
#       __class__: astropy.units.quantity.Quantity
#       unit: !astropy.units.Unit {unit: mas / yr}
#       value: !astropy.table.SerializedColumn {name: pmx_e}
#     pmy:
#       __class__: astropy.units.quantity.Quantity
#       unit: !astropy.units.Unit {unit: mas / yr}
#       value: !astropy.table.SerializedColumn {name: pmy}
#     pmy_e:
#       __class__: astropy.units.quantity.Quantity
#       unit: !astropy.units.Unit {unit: mas / yr}
#       value: !astropy.table.SerializedColumn {name: pmy_e}
#     r:
#       __class__: astropy.units.quantity.Quantity
#       unit: &id002 !astropy.units.Unit {unit: deg}
#       value: !astropy.table.SerializedColumn {name: r}
#     x:
#       __class__: astropy.units.quantity.Quantity
#       unit: *id002
#       value: !astropy.table.SerializedColumn {name: x}
#     y:
#       __class__: astropy.units.quantity.Quantity
#       unit: *id002
#       value: !astropy.table.SerializedColumn {name: y}
# schema: astropy-2.0
x y pmx pmy pmx_e pmy_e pm_corr g_mag bp_rp filter memberprob r pm member_prob_GMM
[from data line 576]
-0.03739976 -0.02132144 -1.566294 -0.9433666 1.065892 0.849084 -0.2106707 18.96914 nan 0 0.0 0.043050503501483 1.8284467278079393 0.0
0.02653134 -0.03469989 -6.068348 -8.204023 1.022193 0.8799965 0.3053316 19.04149 1.7831 0 0.0 0.04368059487012167 10.20445201045274 0.0
-0.02560012 -0.002352919 -5.433071 -3.741859 1.62042 1.316349 -0.2061125 19.02525 1.423864 0 0.0 0.025708021546493248 6.596951513155299 0.0
-0.0156948 -0.004092263 -1.573568 -9.238908 1.540845 1.181675 -0.4130846 18.97089 1.230413 0 0.0 0.016219536476150265 9.371954827200566 0.0
0.02655918 -0.02937076 -2.049478 -1.136021 0.3943545 0.323422 0.1750116 18.17611 2.11191 0 0.0 0.03959837856844646 2.3432677578383996 0.0
0.02399532 -0.0394657 -1.734685 -2.785835 0.405754 0.324149 0.04942875 17.45878 2.424419 1 0.0 0.04618784318835856 3.2817691412483603 0.0
0.04122308 -0.009108298 -6.922421 -7.555389 0.4155083 0.3549183 0.2463294 18.22151 1.765564 0 0.0 0.04221733550501742 10.247136938802077 0.0
-0.01175927 -0.004105068 -1.787621 -4.263705 0.9280166 0.7978941 0.2957456 18.45544 nan 0 0.0 0.012455200288133628 4.6232855380850095 0.0
-0.01096447 -0.02580488 -5.104724 -5.324312 0.3196134 0.2655886 -0.03442896 17.07231 nan 0 0.0 0.02803767883037574 7.376076558002906 0.0
-0.01326525 -0.0008112676 -0.7936112 -6.02819 0.7111776 0.5911032 -0.04066129 18.35436 nan 0 0.0 0.013290034337100479 6.080205046942532 0.0
-0.008562744 -0.01051343 -2.427411 -5.305213 0.3154397 0.262743 -0.03181289 17.24115 1.612136 0 0.0 0.013559232838713112 5.834175960518332 0.0
0.03799647 -0.0205244 -0.3565858 -1.357439 0.4745664 0.4213509 0.4645621 17.59986 1.964144 0 0.0 0.043185445786988234 1.4034935238477733 0.0
-0.01080948 0.005733144 -1.512877 -4.869749 0.9170234 0.8133138 0.6952279 18.62548 1.553246 0 0.0 0.012235758987293595 5.099338402197877 0.0
0.02989283 -0.00795982 -1.672691 -9.946707 0.6420706 0.5244473 0.2119489 18.62167 1.831833 0 0.0 0.030934447139738894 10.086370770764377 0.0
0.01007999 -0.04604175 1.482451 -4.332573 0.3209014 0.2645116 -0.05644454 17.21736 2.136738 0 0.0 0.047132249484430504 4.57917566465079 0.0
0.01552144 -0.02893354 -4.968552 -9.063004 0.3463662 0.2538462 0.03653883 17.46656 2.028923 0 0.0 0.032833897676109065 10.335596280849982 0.0
0.0006811508 -0.01757216 -4.502929 -7.678403 1.975572 1.628685 0.72787 19.26768 1.249575 0 0.0 0.017585356791317616 8.901361817691155 0.0
0.01703008 -0.008754043 -2.886561 -5.667928 0.2092062 0.1705382 0.2458829 16.39251 2.106811 1 0.5088898 0.019148286963910088 6.36063221856955 0.0
0.04386017 -0.01829713 0.5494152 -9.244333 0.5443437 0.441351 -0.1989725 17.8721 nan 0 0.0 0.04752367282382328 9.260645208454973 0.0
0.03124079 -0.004958069 -0.8948329 -5.965246 0.5026911 0.412732 0.1410573 18.25494 2.085001 0 0.0 0.03163177845194388 6.031988541056623 0.0
0.006966058 -0.02503967 -3.704634 -7.085658 0.725342 0.6083824 0.04835291 18.20671 nan 0 0.0 0.025990595179184797 7.995677730306543 0.0
-0.007638405 -0.009800008 -2.482284 1.500526 1.134094 0.8982172 -0.2991503 18.08854 1.617334 0 0.0 0.012425191658243708 2.9005710012568215 0.0
0.0311629 -0.000651251 -2.862559 -11.02714 0.1689228 0.1386337 0.09610771 16.30923 2.275374 1 0.0 0.03116970426993174 11.392631856076145 0.0
-0.02208637 -0.005791022 -5.221134 -1.502711 0.8698929 0.7378632 0.1074123 18.39176 1.701315 0 0.0 0.02283295153022018 5.433082053077885 0.0
0.03657128 -0.01815875 -2.629956 -8.237683 0.5813981 0.4825608 -0.03935493 18.40229 1.96076 0 0.0 0.040831344851730025 8.647316911645197 0.0
0.04335869 -0.01761408 -4.619213 -1.647658 0.1952723 0.1610402 0.05250383 16.87843 2.326493 0 0.0 0.04679991252943214 4.904274219936422 0.0
0.03377325 -0.01422289 -2.468754 -2.793184 0.3142299 0.2586453 0.1593565 17.81589 1.922207 0 0.0 0.036645914035736644 3.7278174808286955 0.0
0.03103052 -0.001644938 -3.940817 -3.534927 0.4769895 0.3912567 0.1513146 18.16054 2.00803 0 0.0 0.031074088763698993 5.29393497531071 0.0
-0.006580006 -0.03896901 -2.69698 -7.83646 0.3735395 0.3106669 -0.03964619 16.77053 2.220625 0 0.0 0.0395206303003904 8.287569393495296 0.0
0.0006547955 -0.009397265 -1.68689 -4.422341 0.517363 0.397955 -0.3490557 17.31539 nan 0 0.0 0.009420050245462878 4.733148824237519 0.0
-0.01791396 -0.001515811 3.048714 1.109442 0.32302 0.2837867 0.2660664 16.8887 1.164871 0 0.0 0.017977976690087265 3.2443055659354902 0.0
-0.02348758 -0.0001036311 -8.126478 -8.354536 0.7079955 0.589311 -0.05893194 18.17113 nan 0 0.0 0.02348780861769116 11.654952443479981 0.0
-0.02676187 -0.003995453 -1.173299 -8.361336 0.1926803 0.158869 -0.06303637 16.41517 1.805533 0 0.0 0.02705847982744243 8.443255903281447 0.0
0.01948032 -0.03947616 -7.761396 -2.733868 1.795575 1.736464 0.6945183 19.34786 1.337465 0 0.0 0.04402101856668017 8.228809276574589 0.0
-0.02538427 -0.02006832 0.1413192 -5.525652 0.9373907 0.7218448 -0.2348516 18.87445 1.671555 0 0.0 0.032358903427886734 5.5274588321752915 0.0
0.02824874 -0.03089139 -4.971779 -11.7781 0.2463803 0.2011056 0.1525327 17.22085 2.115015 1 0.0 0.04186011571555554 12.784452512127416 0.0
0.004669057 -0.01567064 -4.967194 -5.304347 1.228658 0.997847 0.01165509 18.98755 1.765261 0 0.0 0.016351423524539048 7.266987913162165 0.0
-0.03558185 -0.009445618 -2.674553 -1.396818 1.162476 0.8755441 0.01926979 19.01481 1.122499 0 0.0 0.03681423296531416 3.017338939352521 0.0
-0.00821805 -0.02673349 -4.50374 -5.355295 0.4935341 0.4140022 0.1316705 18.08672 2.198612 0 0.0 0.027968121734978913 6.9973465345532935 0.0
-0.01455285 -0.04622351 -0.9157395 -6.715417 0.5748819 0.4778907 0.01621336 18.38091 1.486832 0 0.0 0.04846027568888357 6.777566253143473 0.0
0.004669497 -0.006355152 -2.511941 -6.415888 0.4351031 0.3449054 -0.04314952 15.82476 1.849172 0 0.0 0.007886200553886072 6.890099158649678 0.0
-0.01452891 -0.02945028 -4.429097 -3.66831 0.6222963 0.4832603 -0.3369195 17.99797 1.80303 0 0.0 0.032839126326175305 5.750947616828812 0.0
0.002291867 -0.0286081 0.9405333 0.01164473 0.6410345 0.5272184 -0.01037523 18.52619 1.577248 0 0.0 0.028699756792622634 0.9406053838595987 0.0
0.003163814 -0.01191311 -8.319856 -1.568395 1.530307 1.286702 0.213829 18.44196 nan 0 0.0 0.012326066237802552 8.466396325282735 0.0
-0.007187899 -0.03059579 -4.951733 -8.696127 0.7377485 0.6341638 0.1418536 17.98627 1.82074 0 0.0 0.03142878072337998 10.007111696359646 0.0
-0.039803 -0.0211202 -3.768479 -2.836068 0.1284507 0.1057403 -0.1243808 14.72708 1.954143 0 0.0 0.04505931265609807 4.716430395337665 0.0
-0.03045001 -0.03543535 -2.575003 -9.059683 2.221231 1.542932 0.5304957 19.28725 nan 0 0.0 0.04672116371220434 9.418518806611685 0.0
0.007863071 -0.03557784 2.62979 -12.56803 0.5388132 0.4358558 0.08954419 18.01929 nan 0 0.0 0.036436390938409925 12.840217035743594 0.0
0.007414997 -0.02486423 -11.20171 -2.5878 0.5447641 0.4712573 0.1431463 16.47728 1.918996 0 0.0 0.02594633141704062 11.496739353577604 0.0
-0.03620829 -0.02976674 -0.01366209 -6.210853 0.5471308 0.455419 0.005901201 17.98221 1.80267 0 0.0 0.046873223432485414 6.21086802631582 0.0
-0.0381652 -0.02237077 2.978638 -6.365031 1.161613 0.9427104 -0.194253 18.48615 1.595413 0 0.0 0.044238375212397894 7.027510509846642 0.0
0.02286617 -0.01265003 -0.3072631 -0.8023624 0.2055229 0.1683219 0.1323142 17.0338 2.069861 0 0.0 0.026132068220288268 0.8591833526991605 0.0
-0.00122029 -0.02041602 -2.71244 -5.362191 0.5028349 0.4264372 0.1440297 18.2064 1.775967 0 0.0 0.020452456584100113 6.0091948773592785 0.0
0.03910427 -0.02397331 -3.328152 -4.158337 0.1983567 0.1624334 0.05386247 16.88253 2.217844 1 0.0 0.04586789208791919 5.326195860149437 0.0
-0.03658506 -0.01062091 -5.314159 -9.378681 0.2338992 0.1923978 -0.0645933 16.42174 2.027542 0 0.0 0.03809554231707039 10.77960774690072 0.0
0.02593114 -0.007561974 -3.760608 -4.845867 1.024697 0.8807787 0.4121291 18.78178 1.840891 0 0.0 0.027011247147739698 6.13388942770841 0.0
-0.007849343 -0.01425178 -4.018809 -6.237914 0.5811356 0.4844617 0.01695419 18.19356 1.463469 0 0.0 0.016270384712724188 7.420404089392774 0.0
0.03535952 -0.009592404 -5.379779 -4.274786 1.102333 0.9058691 -0.03194075 18.81167 nan 0 0.0 0.03663754725864732 6.871376676812078 0.0
0.02838554 -0.01425553 -3.905886 -13.01902 0.7743511 0.6394002 0.1411704 17.58188 nan 0 0.0 0.03176411523515963 13.592307648276504 0.0
-0.03650535 -0.01191597 -2.029261 -5.69362 0.450082 0.3673692 -0.0304099 18.05723 1.666195 0 0.0 0.03840092342201421 6.044436194594248 0.0
0.03097606 -0.00689013 -2.778127 -0.766242 0.934854 0.7574632 -0.06307203 18.94217 1.857903 0 0.0 0.03173310864917744 2.8818598908852247 0.0
0.004589542 -0.02182184 -0.6972072 -0.8727262 0.9291117 0.772349 0.05120214 18.85297 1.867081 0 0.0 0.02229925103574925 1.1170268125243368 0.0
-0.03164449 -0.01582055 -1.291163 -7.237641 0.6575696 0.5518377 0.07855501 18.41216 1.478415 0 0.0 0.035378857382094744 7.351907856974949 0.0
-0.003648799 -0.04979306 -6.057771 -4.635094 0.3574104 0.2814402 -0.005394586 17.65116 1.601212 0 0.0 0.04992657166585746 7.627626490414761 0.0
0.003981249 -0.04425223 -1.64676 -6.35175 0.409941 0.3286102 0.1029811 17.77582 1.999439 0 0.0 0.04443095996681706 6.561748742530455 0.0
-0.04138754 -0.02104456 -3.632277 -3.290396 0.2528746 0.2114456 -0.1570046 16.46492 2.120361 0 0.0 0.04643061460766161 4.901034792933529 0.0
-0.011862 -0.02843331 -1.196387 -4.624028 0.2482277 0.1902851 -0.4766769 15.56649 2.569537 0 0.0 0.030808443023887137 4.776293206928675 0.0
0.001446844 -0.02981544 -5.735146 -6.487208 0.7505126 0.6272786 0.07414998 18.59234 nan 0 0.0 0.029850524617733874 8.65885484787567 0.0
0.0236277 -0.03096838 -0.2452347 -0.3437725 0.2729075 0.2234592 0.1303679 17.31086 1.641548 0 0.0 0.03895264775486257 0.4222790426250633 0.0
0.02923452 -0.00122096 -5.134434 -2.505992 0.3281491 0.270024 0.07437905 17.118 2.106423 0 0.0 0.02926000517689633 5.713353516492743 0.0
-0.008560318 -0.03854382 -2.732924 -1.007549 0.1541752 0.1259144 -0.1415733 15.09861 2.646529 1 0.0 0.039482972335597076 2.9127355831206168 0.0
0.02003888 -0.01929462 3.083449 -6.027976 1.491906 1.241475 0.3982347 18.87064 1.971577 0 0.0 0.027817963128144375 6.770830997165488 0.0
0.001288198 -0.04589438 -2.22845 -8.708251 0.371677 0.3092175 0.1630528 17.44647 2.228432 0 0.0 0.045912455495993716 8.98886115598083 0.0
0.01605271 -0.00957404 2.018049 3.50482 2.019941 1.714405 0.434256 18.64692 nan 0 0.0 0.018690953433832636 4.044290419690579 0.0
-0.0116795 -0.008585421 1.465223 -1.730229 0.3158407 0.2656077 0.06021781 17.35152 1.400778 0 0.0 0.01449552254998905 2.267282697894111 0.0
0.03770518 -0.02263191 -8.820989 -0.9986009 1.358241 1.140194 0.6570513 19.04326 1.546209 0 0.0 0.04397594739264295 8.877333535223391 0.0
-0.02403531 -0.02875214 -4.447001 -6.1908 0.1750418 0.1431989 -0.1032003 16.33997 1.988286 0 0.0 0.03747508080545924 7.622455151327622 0.0
0.02473731 -0.02873133 -2.288557 -11.63716 0.4702604 0.3870297 0.1955383 18.11255 1.998756 0 0.0 0.03791337270152841 11.860058431890165 0.0
0.02550916 -0.005208196 -0.9396625 -6.752717 0.19504 0.1598161 0.07775296 14.5331 3.351278 1 0.0 0.026035409531636258 6.817782080412607 0.0
0.02156781 -0.03207226 -0.2450145 -7.618609 0.4947933 0.417108 0.3152206 18.30756 nan 0 0.0 0.038649712672977274 7.622547815533284 0.0
-0.0187291 -0.0209671 -1.924664 -4.54797 0.2161534 0.1784058 -0.03313638 16.83607 nan 0 0.0 0.028114026200813002 4.938457515641499 0.0
0.01995814 -0.02679239 5.317519 3.887773 1.558324 1.361968 0.7212353 19.08787 1.59523 0 0.0 0.03340897355758928 6.587168376084675 0.0
-0.03589476 -0.02056176 -2.26873 -5.046003 1.257681 1.095694 0.3231747 19.09056 nan 0 0.0 0.04136689219357915 5.532565597343514 0.0
-0.0136081 -0.004629826 -2.504599 -6.177837 0.5524823 0.4759327 0.4750163 17.81517 nan 0 0.0 0.014374132126854684 6.666234780546662 0.0
-0.01012163 -0.004410063 -3.197842 -2.67042 0.6636508 0.5841548 0.363768 17.58615 nan 0 0.0 0.011040654397311283 4.166213680713461 0.0
-0.01399848 -0.04572752 4.505062 2.603716 0.6705954 0.5542385 -0.0848408 18.60623 nan 0 0.0 0.04782220747373338 5.2033566697373335 0.0
0.02547354 -0.04094999 -0.599138 -5.902774 0.3332696 0.2650804 0.05935669 17.32354 1.565205 0 0.0 0.048226578990549385 5.933102665395231 0.0
0.01990507 -0.02805313 0.3989713 -1.99438 2.434916 1.815569 0.52061 19.64606 1.406334 0 0.0 0.034397527738222695 2.0338951995183256 0.0
-0.01318516 -0.007176079 -1.199909 -5.207374 0.1373594 0.1125334 -0.1026774 15.77806 2.178548 1 0.0 0.015011480741080841 5.343830609605528 0.0
0.02589947 -0.02767686 -2.007171 -6.154686 0.3162787 0.2586566 0.1619553 17.66115 2.109114 0 0.0 0.03790502771058874 6.473707993247533 0.0
-0.02390602 -0.01741292 5.050968 -0.3802759 0.9572504 0.8066919 -8.76717e-05 17.52952 1.350452 0 0.0 0.02957545562061217 5.065262826067845 0.0
-0.01662151 0.009312432 -2.338344 -5.912936 0.1512685 0.1189936 0.01154085 15.7033 1.979803 1 0.4477443 0.019052453501707436 6.358511209586093 0.0
-0.02269588 0.003037957 -3.69702 -5.285703 0.8951405 0.770081 0.05199089 18.72803 nan 0 0.0 0.022898300192552484 6.450318835887804 0.0
-0.01777906 -0.01726095 -3.52112 -8.549512 0.8729443 0.6789442 -0.3669611 18.60985 1.659637 0 0.0 0.02477973707257807 9.246212278146333 0.0
-0.01870509 -0.008311841 -0.4244758 -12.75969 1.195052 0.9308944 -0.4163297 18.53065 1.486729 0 0.0 0.020468685661697503 12.76674855242656 0.0
0.01794873 -0.04045052 -1.897135 -3.967189 0.9754945 0.8348168 0.1728523 18.95808 0.7458115 0 0.0 0.04425383008151158 4.397466289802117 0.0
0.0005225622 -0.0426042 -7.73168 -11.40664 0.5879388 0.4666959 0.003687316 18.26166 1.416916 0 0.0 0.04260740462516896 13.7800693652826 0.0
0.02775335 -0.008369277 -4.751561 -4.559787 1.555273 1.349267 0.1383175 19.01319 2.340858 0 0.0 0.028987811813333358 6.585513603515674 0.0
0.002556378 -0.01133325 0.8088309 -3.590227 1.167074 0.8749762 -0.03820075 18.72742 nan 0 0.0 0.011617987090773685 3.680208871290298 0.0
-0.01975703 -0.03101331 -2.36033 -4.35388 0.484616 0.3951795 -0.09966283 18.17602 nan 0 0.0 0.03677180484524794 4.952517416758875 0.0
0.02450152 -0.02116482 -1.44428 -1.586742 0.376799 0.307571 0.2340002 17.78386 nan 0 0.0 0.032377061138139145 2.1456222624134007 0.0
-0.0156423 -0.002064743 -2.222477 -9.038101 0.3059069 0.2553715 -0.03082125 16.11076 1.895195 0 0.0 0.015777981903464366 9.307345147878099 0.0
-0.038955 -0.02858332 -2.769264 -6.906666 0.3420886 0.282945 -0.02283848 17.46749 1.017946 0 0.0 0.048316645239734925 7.441159744102528 0.0
0.02082741 -0.03702549 0.3421693 -1.888733 0.4800937 0.3665201 -0.09641661 18.24238 1.995344 0 0.0 0.04248138318190923 1.9194770577299147 0.0
-0.01952369 -0.009160769 -1.744402 -4.610991 0.2297391 0.1896092 -0.04470245 16.64432 1.97552 0 0.0 0.021566041822445328 4.929926605912607 0.0
-0.01080599 -0.02615963 -0.951386 -5.47594 0.2449578 0.2011192 -0.08523347 16.64847 1.860658 0 0.0 0.028303633364234353 5.557972130606269 0.0
0.002634737 -0.044153 -1.62906 -0.6802216 0.6249089 0.5416567 0.1575848 18.32676 nan 0 0.0 0.04423154132583635 1.7653718896330484 0.0
0.01055666 -0.03255304 -5.815855 -10.44779 1.024387 0.8285713 0.0324367 18.59687 1.721497 0 0.0 0.034221973695232714 11.9574447632061 0.0
-0.003016317 -0.01252345 -1.510679 -4.225063 0.7154997 0.5823484 0.01079894 18.77238 1.712418 0 0.0 0.012881574754159098 4.48701553318127 0.0
-0.02285082 -0.01232005 1.031566 -8.139424 0.2646857 0.2193158 -0.03147285 17.04554 0.9930172 0 0.0 0.025960423853914633 8.204532373275883 0.0
-0.01151774 -0.03683895 0.544867 -6.257054 0.4538065 0.3793081 0.1212436 18.08205 nan 0 0.0 0.03859749437217525 6.280732824010666 0.0
0.02690729 -0.01160772 1.762181 -4.693526 0.3450832 0.2822057 0.1573304 17.70186 1.837624 0 0.0 0.029304290108147987 5.0134287857151225 0.0
0.0339608 -0.006419994 0.4622344 -1.516137 0.6193739 0.5063636 0.2280955 18.32464 nan 0 0.0 0.03456229534623006 1.5850337672467296 0.0
-0.009935046 -0.02130343 -2.665586 -3.599921 0.6524763 0.5234743 -0.2462907 17.87375 nan 0 0.0 0.023506196391313846 4.479372716088381 0.0
