jas1101finalproject/data/gcs/NGC_5053.ecsv
# %ECSV 0.9
# ---
# datatype:
# - {name: x, unit: deg, datatype: float64}
# - {name: y, unit: deg, datatype: float64}
# - {name: pmx, unit: mas / yr, datatype: float64}
# - {name: pmy, unit: mas / yr, datatype: float64}
# - {name: pmx_e, unit: mas / yr, datatype: float64}
# - {name: pmy_e, unit: mas / yr, datatype: float64}
# - {name: pm_corr, datatype: float64}
# - {name: g_mag, unit: mag, datatype: float64}
# - {name: bp_rp, unit: mag, datatype: float64}
# - {name: filter, datatype: int64}
# - {name: memberprob, datatype: float64}
# - {name: r, unit: deg, datatype: float64}
# - {name: pm, unit: mas / yr, datatype: float64}
# - {name: member_prob_GMM, datatype: float64}
# meta: !!omap
# - comments: [deg deg mas/yr mas/yr mas/yr mas/yr dimless mag   mag   zeroone float]
# - __serialized_columns__:
#     bp_rp:
#       __class__: astropy.units.quantity.Quantity
#       unit: &id001 !astropy.units.Unit {unit: mag}
#       value: !astropy.table.SerializedColumn {name: bp_rp}
#     g_mag:
#       __class__: astropy.units.quantity.Quantity
#       unit: *id001
#       value: !astropy.table.SerializedColumn {name: g_mag}
#     pm:
#       __class__: astropy.units.quantity.Quantity
#       unit: !astropy.units.Unit {unit: mas / yr}
#       value: !astropy.table.SerializedColumn {name: pm}
#     pmx:
#       __class__: astropy.units.quantity.Quantity
#       unit: !astropy.units.Unit {unit: mas / yr}
#       value: !astropy.table.SerializedColumn {name: pmx}
#     pmx_e:
#       __class__: astropy.units.quantity.Quantity
#       unit: !astropy.units.Unit {unit: mas / yr}
#       value: !astropy.table.SerializedColumn {name: pmx_e}
#     pmy:
#       __class__: astropy.units.quantity.Quantity
#       unit: !astropy.units.Unit {unit: mas / yr}
#       value: !astropy.table.SerializedColumn {name: pmy}
#     pmy_e:
#       __class__: astropy.units.quantity.Quantity
#       unit: !astropy.units.Unit {unit: mas / yr}
#       value: !astropy.table.SerializedColumn {name: pmy_e}
#     r:
#       __class__: astropy.units.quantity.Quantity
#       unit: &id002 !astropy.units.Unit {unit: deg}
#       value: !astropy.table.SerializedColumn {name: r}
#     x:
#       __class__: astropy.units.quantity.Quantity
#       unit: *id002
#       value: !astropy.table.SerializedColumn {name: x}
#     y:
#       __class__: astropy.units.quantity.Quantity
#       unit: *id002
#       value: !astropy.table.SerializedColumn {name: y}
# schema: astropy-2.0
x y pmx pmy pmx_e pmy_e pm_corr g_mag bp_rp filter memberprob r pm member_prob_GMM
[from data line 1355]
0.0002902004 0.03915127 -0.5018281 -1.178405 0.1720251 0.1207021 -0.3750357 16.99581 0.9674549 1 0.9999898 0.03915234550936968 1.2808082549603628 0.0
0.08654873 0.09176724 -0.6477336 -1.315708 0.4562388 0.3038361 -0.363999 18.61843 0.8580132 1 0.9992705 0.12614241555412872 1.4665082194904195 0.0
0.02549241 0.02849291 -0.5328374 -1.226898 0.1634059 0.1147994 -0.3227277 16.75869 0.2093296 1 0.9999894 0.03823230162933171 1.337607714258093 0.0
-0.0345702 -0.01075881 0.9537218 0.4312425 2.756833 1.582115 -0.3695857 20.79274 0.4579563 0 0.0 0.03620567249280284 1.0466878071332875 0.0
-0.02378469 -0.0196736 -0.1764945 -0.9104621 1.947825 1.381719 -0.3641732 20.60126 0.5793514 0 0.0 0.030866843300799324 0.9274112054890539 0.0
0.01261491 0.03210215 -0.001811295 -1.31669 0.2930357 0.2127771 -0.3331684 17.98219 0.9114971 1 0.9999653 0.034491795965571295 1.3166912458467919 0.0
-0.02801282 -0.004044174 -0.514177 -1.800668 1.816455 1.259165 -0.4310481 20.57923 0.4965611 0 0.0 0.02830324058645363 1.8726407112825993 0.0
0.07656182 0.1384106 -9.587909 -3.513644 3.239291 3.765067 -0.4435411 20.95519 1.104124 0 0.0 0.1581746075515043 10.211449121012013 0.0
-0.09167672 0.009921675 0.3279888 -1.167529 0.5754679 0.3758265 -0.4749058 18.8626 0.9203529 1 0.9992529 0.09221204164730344 1.2127244611891195 0.0
-0.003401995 -9.23933e-05 -2.940575 -0.03912942 2.795332 1.526468 -0.2800494 20.62967 0.302393 0 0.0 0.0034032494034245994 2.9408353306729937 0.0
0.03811787 0.05055554 4.427896 -0.6886831 2.381375 1.629127 -0.4081868 20.76718 0.469059 0 0.0 0.06331535862670684 4.481132379102586 0.0
-0.02401699 -0.01731418 5.765652 -2.685279 3.918213 2.979422 -0.6569967 20.79361 0.2151508 0 0.0 0.02960737471868284 6.360303946585022 0.0
-0.02599395 -0.01608175 -1.831067 -1.689273 1.674591 1.117723 -0.4367997 20.41735 0.3007889 0 0.0 0.03056645415590431 2.491274699228891 0.0
0.01422907 0.02071922 0.2219335 -1.728593 0.8778647 0.6428715 -0.3031449 19.62975 0.5779266 0 0.0 0.02513468739557546 1.7427817528512428 0.0
0.02537354 0.04683586 -7.036393 -4.394028 1.785865 1.081709 -0.3230511 19.85668 0.543829 0 0.0 0.05326738508760497 8.295680111674569 0.0
-0.02633639 0.0279914 -3.50269 -0.7513578 0.8308218 0.6071386 -0.4748495 19.34903 0.6357327 0 0.0 0.038433369774092146 3.5823701343832184 0.0
-0.01303833 0.01820524 -0.8885272 -1.023918 0.7773434 0.5218528 -0.4068672 19.45523 0.6859264 0 0.0 0.022392606204872628 1.355687521467923 0.0
-0.04992357 -0.01786197 -0.7774811 -1.232848 1.001198 0.6772714 -0.4609397 19.76964 0.5058079 0 0.0 0.05302275750869432 1.4575290912915633 0.0
-0.02686381 1.448852e-05 2.320906 -1.908976 1.969923 1.31935 -0.4050799 20.53888 nan 0 0.0 0.026863813907063005 3.005127955580594 0.0
-0.05336856 -0.01619396 -1.097608 -1.633402 1.489078 0.9993554 -0.4523439 20.31099 0.5059681 0 0.0 0.05577138636393397 1.9679292200859257 0.0
-0.02042655 -0.02095194 -2.214423 -2.204527 1.86216 1.472846 -0.3054027 20.58488 -0.4457359 0 0.0 0.029261369323155404 3.1246773460083843 0.0
-0.01310993 0.03287657 -1.944893 -0.9190743 1.134415 0.9355209 -0.3638034 19.56888 0.612175 0 0.0 0.03539405486193691 2.151117465497756 0.0
-0.03264545 0.02122898 -2.295385 0.5077349 2.136663 1.596996 -0.4348087 20.6951 0.4761105 0 0.0 0.0389409167527281 2.3508694193644635 0.0
-0.04859684 0.04974554 -12.42343 -3.89576 0.3287545 0.2239744 -0.3797211 17.95079 0.9920044 1 0.0 0.06954330742693506 13.019929298675166 0.0
-0.03754137 0.03212852 -4.014074 -1.696377 2.207709 1.429133 -0.3881865 20.65542 0.5709476 0 0.0 0.049412511157269676 4.357807361920098 0.0
-0.0267189 -0.003062086 -2.965801 -0.7604011 3.42243 1.923963 -0.4488454 20.75143 0.0119648 0 0.0 0.026893790879706714 3.061729152698228 0.0
0.02233948 0.02066855 0.7047677 -1.883634 0.908804 0.6298399 -0.314504 19.6599 0.4971161 0 0.0 0.030434213079573783 2.0111624889399886 0.0
-0.02832508 0.04379027 -0.3178064 -1.38959 0.1577851 0.1063159 -0.3529338 16.58108 0.3873444 1 0.9999836 0.052152640428642726 1.425468791654507 0.0
-0.02600705 -0.006129208 2.077655 -4.320115 1.879513 1.319632 -0.3621294 20.62345 0.4212475 0 0.0 0.026719540422877112 4.7937505058409124 0.0
-0.008517986 0.01759462 1.592883 0.7443308 1.994971 1.455004 -0.3315236 20.17726 0.4811745 0 0.0 0.019548062268178807 1.7582106220580174 0.0
-0.00270377 0.03140364 -13.02211 -0.4962556 2.19718 1.525031 -0.3232111 20.13487 0.3290024 0 0.0 0.03151981880440463 13.031562395684999 0.0
-0.0339245 0.02130169 -0.3898455 -1.608925 1.854476 1.210287 -0.4557349 20.36687 0.5419331 0 0.0 0.04005787933860329 1.6554815521458552 0.0
-7.313488e-05 0.03066166 -0.07199931 -1.246631 0.1532933 0.1077642 -0.35506 16.72011 0.2402554 1 0.9999755 0.030661747221355024 1.2487084330625289 0.0
-0.03986227 -0.01295497 0.1471653 -0.368527 2.337234 1.255431 -0.4358797 20.58461 0.4465809 0 0.0 0.041914577622275996 0.3968246152308221 0.0
-0.04540654 0.1371679 -0.07368729 -2.880819 2.511696 2.83365 -0.344726 20.89244 0.5906029 0 0.0 0.14448801564552544 2.8817612544186484 0.0
-0.01189127 9.298109e-05 -0.8641885 -2.758984 0.8934007 0.6651835 -0.4422814 19.53062 0.3606033 0 0.0 0.011891633516720805 2.8911614406304342 0.0
-0.03319296 0.04723196 -2.052998 -1.068452 1.103845 0.7015095 -0.3787003 19.87704 0.5701923 0 0.0 0.05772894108679978 2.31438770829522 0.0
0.0002174481 0.1097498 1.622567 -1.897518 1.878141 1.310928 -0.4024205 20.56739 0.6767502 1 0.9919031 0.10975001541556244 2.4966574113828672 0.0
-0.01365141 -0.01612317 -4.187915 -1.006986 1.331381 0.9436763 -0.3722485 20.1791 0.4983444 0 0.0 0.021126230279844057 4.3072790542778865 0.0
-0.04640004 0.002898571 -4.123651 0.3563123 1.242648 0.8770508 -0.4927786 19.91194 0.695776 0 0.0 0.04649048747694135 4.139016311266759 0.0
0.003197149 0.02262794 -0.3207087 -1.275661 0.1285202 0.09047124 -0.3492839 16.45177 1.013738 1 0.9999971 0.02285268978417641 1.3153573876238693 0.0
0.004474767 0.07972442 0.75094 -1.760622 2.005451 1.093872 -0.3606825 20.41642 0.6117935 0 0.0 0.07984990096450145 1.9140795987847528 0.0
-0.02501771 -0.0001803278 4.515347 -1.498166 2.190201 1.418499 -0.4160501 20.6778 0.4723969 0 0.0 0.025018359893477286 4.757400539576734 0.0
0.0001012769 0.02309521 -0.2801888 -1.497807 0.1553854 0.1072821 -0.3528887 16.73803 0.2134209 1 0.9999653 0.023095432058192235 1.5237885591165332 0.0
-0.02192244 -0.008361351 -0.7243738 -0.9612262 2.008483 1.410846 -0.3714704 20.61862 0.5908527 0 0.0 0.023462855028721485 1.2036084121062298 0.0
-0.03357239 0.03879201 -0.2605526 -1.132475 0.2110468 0.1444341 -0.4046222 17.29858 0.9390545 1 0.9999738 0.05130229439461943 1.1620616519753846 0.0
-0.01878079 0.00730144 -0.8746457 -5.2194 2.605365 1.470048 -0.4471295 20.58474 0.7245026 0 0.0 0.02015016374865723 5.292177383698367 0.0
-0.02253242 -0.003741677 1.459337 -3.459947 1.547974 1.052069 -0.4197157 20.36544 0.4378929 0 0.0 0.022840974099821772 3.755116206241559 0.0
0.01559601 0.01304225 -21.54803 2.285106 2.942733 2.371061 -0.4434398 20.63371 0.3032532 0 0.0 0.02033066189238806 21.66885567611119 0.0
-0.05292697 0.002331987 0.1159946 -1.426697 0.3155193 0.2463048 -0.4256539 17.92908 0.9174995 1 0.9999062 0.05297831930845927 1.4314045818838783 0.0
-0.01075305 0.07306996 -1.282026 -0.1368353 1.443749 0.7926241 -0.3279579 20.09448 0.6578102 0 0.0 0.0738569369707687 1.2893077848217975 0.0
-0.05693042 -0.01655908 1.318109 -1.953566 2.056105 1.390765 -0.4976587 20.61223 0.585741 0 0.0 0.059289761779103146 2.3566568380307302 0.0
-0.1060414 -0.02062805 -2.082938 -1.705872 3.674948 2.927972 -0.358891 20.9017 0.4632778 0 0.0 0.10802913940582189 2.692327987491123 0.0
-0.02524991 0.002560565 -0.6222581 -1.456037 1.230922 0.7729067 -0.3719587 19.94439 0.5490665 0 0.0 0.025379409924726877 1.5834294706063197 0.0
0.03514186 0.03466672 3.633329 -1.619534 2.732495 1.548963 0.08502904 20.70022 0.4386082 0 0.0 0.04936326366659724 3.9779353940702706 0.0
-0.03721725 -0.01682364 -3.948892 3.181117 4.480875 2.356365 -0.6097519 20.8714 0.5610104 0 0.0 0.04084309685139093 5.070823739330031 0.0
-0.1074651 -0.01879615 -0.4996872 -1.255362 1.692544 1.089527 -0.5014144 20.40449 0.6649971 1 0.9957252 0.10909648469511975 1.3511554495644977 0.0
-0.02849029 0.01013322 -3.977531 -0.7864006 1.538541 1.052338 -0.417397 20.36753 0.6374378 0 0.0 0.030238696596455675 4.054525713279095 0.0
-0.148024 0.05396756 1.252625 -0.5831236 1.815543 1.248709 -0.5321622 20.44568 0.5935211 1 0.9715295 0.15755507642838296 1.3817027623559128 0.0
0.008880271 0.02084476 -0.3460314 -1.20944 0.1033342 0.07650924 -0.3511044 15.92532 1.048393 1 0.9999977 0.022657520440044647 1.2579677433805527 0.0
-0.03041608 0.05397966 -0.9281655 0.1413646 1.591793 1.10102 -0.3541582 20.35591 0.626358 0 0.0 0.06195919315389767 0.9388690779461266 0.0
0.009767637 0.007129062 -4.646472 2.263506 3.451138 3.120961 -0.5374792 20.86885 -0.006626129 0 0.0 0.012092570345613582 5.168477673243835 1.0
-0.01648499 -0.002159235 0.3968808 -1.628031 0.9183857 0.6132151 -0.4238925 19.68682 nan 0 0.0 0.01662579896081163 1.6757085982860027 0.0
-0.02415944 0.004435338 -3.322541 1.549247 2.842256 1.480136 -0.3501463 20.79273 0.4994545 0 0.0 0.02456319939030427 3.6659848559002532 0.0
-0.0060178 0.02246398 -0.480423 -1.124135 0.1710666 0.1152997 -0.4496972 16.61734 0.3091717 1 0.999992 0.023256059732474032 1.2224916184391614 0.0
-0.03113835 -0.004741749 -8.916393 0.3639513 1.13676 0.7902884 -0.4239576 19.75699 0.5481968 0 0.0 0.03149731773185617 8.92381783090739 0.0
0.01434594 0.01336258 -0.1496247 -1.564436 0.5122158 0.3668535 -0.3902822 18.75927 0.8869019 1 0.9999423 0.019605217130651727 1.5715748626604111 0.0
-0.02671652 0.01296727 -1.120383 -4.246492 3.203859 3.515506 -0.5295685 20.99061 nan 0 0.0 0.02969718054232253 4.391805138294845 0.0
-0.0280066 0.03582704 -0.4728797 -1.29696 0.08860591 0.06569966 -0.4270607 15.41434 0.8955259 1 0.9999904 0.04547467909421241 1.3804783418337607 0.0
-0.004114225 0.002371916 -0.5911266 -1.825702 0.7098622 0.4968697 -0.3182832 19.34791 0.6003094 0 0.0 0.004748982297469743 1.9190149686835587 0.0
-0.001599274 0.02245816 -0.2463623 -1.25068 0.1331922 0.0906914 -0.3454768 16.44507 0.807888 0 0.0 0.022515031155045644 1.2747136326490316 0.0
-0.0007708952 0.000350081 -0.1252613 -1.00036 0.3484613 0.2433808 -0.3149661 18.19753 0.8107357 0 0.0 0.0008466617482466302 1.0081718716953423 0.0
-0.02243052 -0.002541967 -3.912326 -1.549475 2.510639 1.763884 -0.4194646 20.7628 0.1822681 0 0.0 0.022574096298622653 4.2079885344307915 0.0
-0.0443646 0.004418214 -1.055543 0.4085789 1.747516 1.321814 -0.4755794 20.45632 0.5237484 0 0.0 0.044584059349837085 1.1318603016159767 0.0
-0.08939656 -0.02317388 1.072063 -2.91508 2.220467 1.547405 -0.4690069 20.67336 0.7813168 0 0.0 0.09235135978472651 3.1059636962413135 0.0
0.01296461 0.01984365 4.7716 -3.970477 2.137695 1.027787 -0.2850939 20.20831 0.5701904 0 0.0 0.023703408146817203 6.207483722695454 0.0
-0.03515888 0.02675886 -0.1618644 -2.64319 1.979394 1.716592 -0.3504085 20.60259 nan 0 0.0 0.044183519906793305 2.648141510585747 0.0
0.02551824 0.05118464 -0.08707725 -0.5961179 0.8942237 0.623078 -0.3389982 19.72711 0.5330753 0 0.0 0.05719307601997991 0.6024441867658551 0.0
-0.01500017 0.02276014 -0.7017506 -1.021982 0.2027902 0.1410791 -0.354571 17.13961 0.001647949 1 0.9999576 0.02725855962534521 1.2397181586652508 0.0
-0.02421681 0.01012687 -0.2951774 -0.5647169 1.959724 1.315684 -0.4223617 20.62294 0.4325008 0 0.0 0.026248950123252547 0.6372086586169164 0.0
-0.0625364 -0.04226064 0.1344653 -0.8718546 1.710412 1.213416 -0.4512694 20.45741 0.7411957 0 0.0 0.07547690387244035 0.8821628877056947 0.0
-0.008533026 0.006982133 4.231447 -6.631547 2.975733 1.558581 -0.3232776 20.11134 0.4468212 0 0.0 0.01102554823790477 7.866546848968612 0.0
-0.02906529 0.04973559 0.1533887 -2.033169 1.180248 0.7670685 -0.4206026 19.99171 0.6439762 0 0.0 0.057605728842122984 2.0389468545915292 0.0
-0.09418114 -0.02599241 -2.654997 -0.5365744 3.189897 2.461602 -0.5175313 20.94586 0.4989395 0 0.0 0.09770205990309365 2.7086751663395074 0.0
-0.03765786 0.03109858 1.583369 -0.5194973 0.5782389 0.266161 0.6237691 16.81351 nan 0 0.0 0.04883887895719966 1.6664137646059847 0.0
0.02248109 0.05037933 0.3619533 -2.799386 1.851736 1.398371 -0.3480811 20.59125 0.4199409 0 0.0 0.05516771065430394 2.8226888189059895 0.0
-0.01581424 0.02131826 -0.04168165 -0.00178673 1.117251 0.7147426 -0.3153052 19.99192 0.544075 0 0.0 0.02654351891150079 0.0417199275025185 0.0
-0.02558242 0.01531505 0.3871082 -4.726574 1.794668 1.232831 -0.447031 20.52014 0.6603279 0 0.0 0.02981628698478233 4.74239966008594 0.0
0.06322472 0.1058681 -0.2832112 -0.4117277 5.197916 3.034866 -0.1645126 20.97146 0.623455 0 0.0 0.12331025835950715 0.4997282088823183 0.0
0.01005409 0.08302245 -2.038953 -2.790855 1.433164 0.9562105 -0.3257514 20.33913 0.4865379 0 0.0 0.08362901368383223 3.4563276706981934 0.0
0.01759295 0.1039562 1.993173 -3.46807 1.590527 1.034502 -0.3210618 20.42535 0.556078 0 0.0 0.10543435591941794 4.000031016483372 0.0
-0.03918683 0.01780087 3.726766 -4.486836 1.853335 1.25012 -0.3780004 20.56684 0.5631657 1 0.9778436 0.04304043004206393 5.83270795682863 0.0
-0.02222688 -0.001586411 0.6814145 -1.308169 1.717615 1.157798 -0.4484255 20.47769 0.4607468 0 0.0 0.022283421963318853 1.4750023231748652 0.0
-0.02724591 -0.02733111 0.8382377 -2.55079 0.9068111 0.6797117 -0.380202 19.67461 0.6091442 0 0.0 0.03859182796344584 2.6849901425892218 0.0
-0.01558167 0.02143077 -4.633692 1.87794 2.727061 2.106828 -0.6463219 20.67181 nan 0 0.0 0.0264965345428756 4.999776014429447 0.0
0.009970738 0.01434648 0.7910931 -2.224452 0.6075577 0.4408639 -0.3686774 18.92701 0.7868786 0 0.0 0.01747103616432191 2.3609351946149664 0.0
0.006976509 0.0133488 -1.575823 -0.4843975 1.210466 0.8637617 -0.2910642 19.88596 0.4410057 0 0.0 0.01506194340937055 1.6485930563165823 0.0
0.05057212 0.1017957 0.4435418 -19.71182 1.789519 1.269026 -0.3646874 20.61553 1.366159 0 0.0 0.11366575500028317 19.71680950460158 0.0
-0.04667798 0.0519709 -1.200062 -1.093546 0.5659485 0.3809656 -0.4117446 18.97179 0.8563423 1 0.9995256 0.06985562442416789 1.6235737303738318 0.0
-0.002762111 0.01808844 -0.7050437 -1.442758 1.135095 0.7484553 -0.4508956 19.87462 0.4242134 0 0.0 0.018298112438443506 1.605813583662092 0.0
0.0009879937 0.003510559 0.8045612 -1.885962 1.066625 0.7762488 -0.3301442 19.85762 0.3841305 0 0.0 0.003646937899624929 2.0504076155704842 0.0
-0.01754727 -0.01347925 -5.013146 -2.502933 4.733061 2.464299 -0.04420287 20.86349 0.3082943 0 0.0 0.022126835856384888 5.603240706930678 0.0
-0.01630859 0.01937281 0.4930549 -0.9570559 0.8439825 0.5749308 -0.3219961 19.37448 0.6246033 0 0.0 0.025323425421617037 1.0765960849542506 0.0
0.02355018 0.09827676 0.02191807 -0.6894255 2.23404 1.782125 -0.2815711 20.80227 0.4958744 0 0.0 0.10105905468650497 0.6897738193370164 0.0
-0.01199178 0.01873923 -2.200361 0.765096 4.876035 2.315618 -0.08967363 20.93124 0.3894691 0 0.0 0.022247730863198163 2.329583743834293 0.0
-0.0102627 0.008614914 2.589359 -2.541872 1.842563 1.172908 -0.4212367 20.55004 0.4517975 0 0.0 0.013399244550249689 3.6284836082398115 0.0
-0.05586691 0.03736896 -0.4537402 -0.5844256 0.3833771 0.2587161 -0.3911959 18.24285 0.9295254 1 0.9985207 0.06721272799425493 0.7398874583552555 0.0
0.03047278 0.05689219 -1.045787 -1.657458 1.01338 0.7330574 -0.4338777 19.83394 0.567997 1 0.9990043 0.0645392253123982 1.9598054676760652 0.0
-0.02000215 0.004148725 -6.465892 0.6515195 2.999035 2.132013 -0.551248 20.69928 0.5103054 0 0.0 0.020427871248569318 6.498633472857525 0.0
-0.05135196 -0.03070947 2.397732 -3.677787 4.13033 3.585316 -0.6752066 20.89542 0.06241989 0 0.0 0.059833897946920525 4.390357156450144 0.0
0.03627709 0.09837997 1.831015 -2.778076 2.233198 1.449167 -0.4251283 20.69536 0.69701 0 0.0 0.10485535635373616 3.327209370027832 0.0
-0.01694911 0.008989261 -0.7032468 -1.145394 1.326451 0.9867449 -0.5023783 20.12325 0.4925346 0 0.0 0.019185388792469674 1.3440548638155512 0.0
