jas1101finalproject/data/gcs/NGC_6362.ecsv
# %ECSV 0.9
# ---
# datatype:
# - {name: x, unit: deg, datatype: float64}
# - {name: y, unit: deg, datatype: float64}
# - {name: pmx, unit: mas / yr, datatype: float64}
# - {name: pmy, unit: mas / yr, datatype: float64}
# - {name: pmx_e, unit: mas / yr, datatype: float64}
# - {name: pmy_e, unit: mas / yr, datatype: float64}
# - {name: pm_corr, datatype: float64}
# - {name: g_mag, unit: mag, datatype: float64}
# - {name: bp_rp, unit: mag, datatype: float64}
# - {name: filter, datatype: int64}
# - {name: memberprob, datatype: float64}
# - {name: r, unit: deg, datatype: float64}
# - {name: pm, unit: mas / yr, datatype: float64}
# - {name: member_prob_GMM, datatype: float64}
# meta: !!omap
# - comments: [deg deg mas/yr mas/yr mas/yr mas/yr dimless mag   mag   zeroone float]
# - __serialized_columns__:
#     bp_rp:
#       __class__: astropy.units.quantity.Quantity
#       unit: &id001 !astropy.units.Unit {unit: mag}
#       value: !astropy.table.SerializedColumn {name: bp_rp}
#     g_mag:
#       __class__: astropy.units.quantity.Quantity
#       unit: *id001
#       value: !astropy.table.SerializedColumn {name: g_mag}
#     pm:
#       __class__: astropy.units.quantity.Quantity
#       unit: !astropy.units.Unit {unit: mas / yr}
#       value: !astropy.table.SerializedColumn {name: pm}
#     pmx:
#       __class__: astropy.units.quantity.Quantity
#       unit: !astropy.units.Unit {unit: mas / yr}
#       value: !astropy.table.SerializedColumn {name: pmx}
#     pmx_e:
#       __class__: astropy.units.quantity.Quantity
#       unit: !astropy.units.Unit {unit: mas / yr}
#       value: !astropy.table.SerializedColumn {name: pmx_e}
#     pmy:
#       __class__: astropy.units.quantity.Quantity
#       unit: !astropy.units.Unit {unit: mas / yr}
#       value: !astropy.table.SerializedColumn {name: pmy}
#     pmy_e:
#       __class__: astropy.units.quantity.Quantity
#       unit: !astropy.units.Unit {unit: mas / yr}
#       value: !astropy.table.SerializedColumn {name: pmy_e}
#     r:
#       __class__: astropy.units.quantity.Quantity
#       unit: &id002 !astropy.units.Unit {unit: deg}
#       value: !astropy.table.SerializedColumn {name: r}
#     x:
#       __class__: astropy.units.quantity.Quantity
#       unit: *id002
#       value: !astropy.table.SerializedColumn {name: x}
#     y:
#       __class__: astropy.units.quantity.Quantity
#       unit: *id002
#       value: !astropy.table.SerializedColumn {name: y}
# schema: astropy-2.0
x y pmx pmy pmx_e pmy_e pm_corr g_mag bp_rp filter memberprob r pm member_prob_GMM
[from data line 6207]
0.177504 -0.03874038 -3.241095 -1.070304 0.3841557 0.4527552 0.06966256 19.53211 1.55047 1 0.0 0.18168237960392417 3.4132458820660725 0.0
0.08592355 0.05366179 -0.7355969 -6.765486 2.266381 2.325611 0.4767088 20.93933 0.7164669 0 0.0 0.10130372229393449 6.80535844871419 1.0
-0.01018931 0.009286313 -2.203392 -4.136393 0.7135617 0.9135212 0.105557 19.32941 nan 0 0.0 0.013786139684845392 4.686649480824547 0.0
-0.06502286 -0.04019151 -4.272504 -4.311352 0.7535901 1.117798 0.0351987 20.27692 0.7834702 0 0.0 0.07644167579703953 6.069764945854163 1.0
0.1110858 -0.01751631 -5.419537 -4.515897 0.2183381 0.2788722 0.0864796 18.73297 0.7721424 1 0.9956371 0.1124583304057823 7.054410465019597 1.0
-0.005374028 0.03784468 1.085628 -3.026287 0.5361122 0.6615048 -0.09983523 19.33094 0.9485416 0 0.0 0.03822433755144991 3.215120707026876 0.0
-0.05903263 0.03224225 -4.90417 -4.869313 0.1601597 0.2275885 -0.07673783 18.2744 0.7864704 1 0.9058162 0.06726376505801174 6.91094005768166 1.0
0.02728399 0.01612432 -2.160496 -4.804041 0.1330718 0.1695882 -0.04072505 17.89317 0.8556385 0 0.0 0.03169242505367016 5.267499681603882 1.0
0.06252232 -0.07566934 -3.765189 -1.141796 2.083546 2.539294 0.224772 20.93969 0.8576698 0 0.0 0.09815747304315654 3.934507124321546 0.0
0.0005960506 -0.02050434 -5.614538 -4.335308 0.3543132 0.4063128 0.5059012 18.68687 nan 0 0.0 0.020513001612473984 7.093513403688471 1.0
-0.02519442 0.03665729 -5.336908 -2.031395 1.724104 2.331557 0.3488856 20.22781 0.7961559 0 0.0 0.04448050931903208 5.71044242125678 1.0
-0.01348567 0.006805152 -5.485822 -4.862776 0.5473333 0.7500865 0.3463016 19.43575 nan 0 0.0 0.01510540926595516 7.330813968575386 1.0
0.100701 0.1026854 -1.247554 -0.1883714 0.6142373 0.7478125 0.1880596 20.02507 0.7374077 1 0.0 0.14382274776321025 1.261695195859111 0.0
0.03149433 0.09496141 -5.94098 -4.660296 0.454301 0.572657 0.03702651 19.76697 0.7155342 0 0.0 0.10004779963266058 7.5507352071183105 1.0
0.03599785 0.00593534 -1.62126 0.03248218 3.357816 2.077436 -0.2938906 20.04422 nan 0 0.0 0.03648387952970599 1.621585359954126 0.0
0.005471261 -0.02016926 -5.353816 -4.643171 0.2898853 0.5341635 -0.2360722 18.67838 0.6386108 0 0.0 0.020898175659078977 7.086775197302155 1.0
-0.003659745 -0.02731766 -5.584861 -4.523825 0.02887935 0.0386416 -0.07393195 14.88039 1.248681 1 0.9985238 0.027561717677616268 7.1871875598140615 1.0
0.05369066 0.02933257 -4.338694 -5.783859 0.4309942 0.552694 0.02047399 19.59057 0.910677 0 0.0 0.06118077013278355 7.230303628307528 1.0
0.06581995 -0.08889987 -4.862081 0.8787165 1.599525 1.95041 0.4597384 20.80742 0.8538933 0 0.0 0.11061398059928683 4.940847532350421 0.0
-0.05102877 0.02848382 -5.04604 -4.81804 0.2186106 0.304672 0.0188624 18.68249 0.7448425 1 0.9925368 0.05844025470089346 6.976820846431417 1.0
0.115454 -0.1087395 1.185378 -8.567125 0.191201 0.2501602 0.06484427 18.60075 1.087156 1 0.0 0.15859982653284965 8.648742785428933 0.0
0.001990423 0.01823765 -5.575743 -4.78727 0.04370863 0.06105566 -0.09301595 15.612 0.1556034 1 0.9998251 0.018345943999735447 7.348936253291969 1.0
0.07455784 -0.02364786 -5.371577 -4.932472 0.3356526 0.4339855 0.2194088 19.20458 nan 0 0.0 0.07821823820596575 7.292675743354629 1.0
-0.04275449 -0.02193821 -6.707784 -5.160373 2.448951 1.72318 0.5768141 20.13201 nan 0 0.0 0.04805446361332316 8.463085471019715 1.0
-0.03848511 0.03003281 -3.842203 -2.466683 2.513025 3.127737 0.4868317 20.7769 nan 0 0.0 0.04881673246140303 4.56585686544136 0.0
0.1272348 0.1031029 -5.068131 -5.310462 0.4970109 0.5812819 0.1420516 19.82682 0.9111958 1 0.9070224 0.1637647774078724 7.340773698092389 1.0
0.002052702 0.0505939 -5.941371 -4.580974 0.297803 0.3770178 0.1390755 18.94543 0.7161255 0 0.0 0.05063552411806165 7.502347109292998 1.0
0.07044343 -0.1823044 -1.684956 -6.492995 0.4649046 0.6356735 -0.03768613 19.91682 0.8740444 0 0.0 0.19544096574036085 6.708059390908893 0.0
0.07502709 -0.1098466 4.429931 -8.538185 0.4695427 0.5663895 0.2802729 19.56957 1.5868 0 0.0 0.13302383156949021 9.618986004719313 0.0
-0.006860656 -0.05779778 -5.796892 -1.459785 0.3908022 0.485341 0.1562801 19.35562 0.839016 0 0.0 0.058203539185162405 5.977869947221083 1.0
-0.04858409 0.02739782 -3.397918 -4.177043 0.3135072 0.410946 0.02083091 19.01643 0.757349 0 0.0 0.055776826208386046 5.384564509649133 1.0
0.04484984 0.01651021 -5.578024 -4.8904 0.2601989 0.3397437 0.05478674 19.0075 0.8059368 0 0.0 0.04779220838452331 7.4182453386616976 1.0
0.0334123 -0.004505614 -8.399528 -2.137465 0.9073357 1.176128 0.367818 19.69036 0.847538 0 0.0 0.03371472006122839 8.667227194957393 1.0
0.02177885 0.05223218 -4.802871 -6.355829 0.1752518 0.2945089 -0.2482859 18.03132 0.8881149 0 0.0 0.05659080256432931 7.966437856399935 1.0
-0.008663964 0.005121256 -3.441426 -3.743499 0.3459694 0.4962117 0.1286365 17.92575 0.9025631 0 0.0 0.010064369588346405 5.084997313320529 0.0
-0.004543536 -0.005238341 -5.271035 -5.037511 0.2167719 0.2681832 0.08895893 18.53942 0.8526917 0 0.0 0.006934258130151848 7.291112881196259 1.0
-0.02123364 0.1419542 -6.387279 -6.232705 0.806537 1.081676 0.1646888 20.31601 0.9575539 0 0.0 0.1435334886543541 8.924345614153792 0.0
-0.01167286 -0.0002892458 -4.28382 -2.592625 1.216057 0.8015313 -0.007122547 18.92678 nan 0 0.0 0.011676443110486072 5.007276523523042 0.0
0.06216727 -0.03836822 -5.471795 -4.650193 0.1588928 0.2067115 0.08685998 18.22513 0.854248 1 0.9989756 0.07305401950078654 7.180865926841554 1.0
-0.02809256 -0.00285855 -9.186357 0.09401044 0.608462 0.9507049 -0.1739919 18.39663 0.769968 0 0.0 0.028237620924151878 9.186838024819965 1.0
0.03202663 -0.008638881 -4.461804 -10.9456 1.900765 2.655627 0.5718864 20.62675 0.9797058 0 0.0 0.03317130226700575 11.820061518216225 0.0
0.1309523 0.09208152 -13.78985 0.0824108 0.3863351 0.4716051 0.09774069 19.53816 1.358866 1 0.0 0.16008594941718152 13.79009624920931 0.0
-0.04261067 -0.02258646 -5.489114 -4.889456 0.02266569 0.0323324 -0.09187343 14.19457 1.186905 1 0.9997221 0.04822672882521165 7.3509966998313905 1.0
-0.006670729 -0.05769091 -8.310142 -0.1274461 1.268275 2.912819 -0.7061722 20.30394 nan 0 0.0 0.05807529355947794 8.311119212751628 1.0
-0.07986982 -0.156165 -3.895228 -6.17748 0.7577965 1.09723 -0.007138355 20.30684 0.8824253 1 0.3102704 0.17540437671800665 7.303017206770363 0.0
0.07424986 -0.1736107 -1.658438 -4.561432 0.4442825 0.6500144 0.1054865 19.72338 1.206804 1 0.0 0.18882191839007886 4.85356348371668 0.0
0.06258259 -0.01556495 -5.121605 -4.325902 1.349195 2.077143 0.1504084 20.79596 0.7553043 0 0.0 0.06448913272490644 6.704048470113339 1.0
-0.01730297 -0.04858668 -4.837994 -5.184684 0.4646527 0.6912032 -0.05666403 19.68187 nan 0 0.0 0.0515757524835392 7.09134219480995 1.0
0.01015929 0.130029 -5.246279 -5.179772 0.7561364 0.9382131 0.1788403 20.229 0.8405437 1 0.942436 0.13042527367923787 7.372481354186323 1.0
-0.02802168 -0.002415963 -4.486104 -5.018329 0.7893961 1.219222 -0.0886721 19.98352 nan 0 0.0 0.02812563647706073 6.731177835346277 1.0
-0.01790153 0.02225182 -4.735093 -4.413908 0.1970635 0.2595844 -0.05890197 18.45277 0.799799 0 0.0 0.02855885623853483 6.473305921328993 1.0
0.03353729 -0.02596729 -4.953689 -3.840706 0.571619 0.6766594 0.4761432 19.69749 0.8514538 0 0.0 0.04241520918831121 6.268178147369218 1.0
0.09001183 0.01752921 -6.049705 -3.507664 0.1089755 0.1405448 0.03302825 17.59255 0.9391937 1 0.0 0.09170279572168451 6.993042065075899 1.0
-0.03907134 0.09841418 -5.462164 -5.06762 0.3552835 0.4714651 0.008526096 19.42183 0.942215 0 0.0 0.10588635622434082 7.450906523859764 1.0
0.03886878 0.007288946 -4.770764 -3.908011 0.6737639 0.9650212 0.06344088 20.05647 nan 0 0.0 0.039546311995928465 6.167068924522978 1.0
-0.06054923 0.02874424 -4.990308 -4.282135 0.3383101 0.4683496 0.03513567 19.37196 0.7275162 0 0.0 0.06702567110272377 6.575701794720393 1.0
0.01895398 0.03905096 -5.173564 -4.944058 0.1074242 0.1439273 -0.02699186 17.65732 1.037836 1 0.992726 0.043407727823073165 7.1560795111191995 1.0
0.02552678 -0.02411885 -5.486039 -4.615296 0.03445753 0.04874282 0.05110092 15.40168 1.179015 1 0.999711 0.035118875586939 7.169210631383137 1.0
-0.1023558 -0.168129 -2.346684 -12.61171 0.6240062 0.9355299 -0.09728238 20.06927 1.210522 1 0.0 0.19683513516300896 12.828178160594591 0.0
0.09649867 0.001604511 0.2414949 -3.505601 0.2369189 0.3027323 0.08738354 18.83912 0.8170662 1 0.0 0.09651200840992803 3.5139092415608872 0.0
-0.009948635 0.03207542 -4.975545 -4.970924 0.2306085 0.2826146 0.03225304 18.70093 nan 0 0.0 0.03358285137595712 7.03321643779011 1.0
0.06295865 -0.04017843 -5.287691 -4.489653 0.1317208 0.1710029 0.1050207 17.93911 0.9962769 1 0.9964824 0.07468666445281515 6.936617343625781 1.0
-0.02228981 0.001572526 -5.010564 -5.189313 0.5176434 1.155841 -0.1049991 19.68534 0.8038216 0 0.0 0.022345211295863282 7.213509618075309 1.0
0.033157 -0.02587522 -5.961578 -5.957984 0.5589935 0.6843768 0.3792029 19.81078 nan 0 0.0 0.042058455262270394 8.42840350210762 1.0
-0.0116899 -0.06353693 -4.569387 -4.733109 0.4061256 0.5651776 0.0524978 19.58028 0.5244617 0 0.0 0.06460336861058331 6.578876679316158 1.0
0.03271431 -0.03677703 -5.203479 -4.674963 0.3560599 0.4670691 0.2134667 19.3112 0.7939186 0 0.0 0.04922170267673601 6.995103484210222 1.0
-0.0330459 0.09605798 -5.381881 -4.373437 0.3312773 0.4356585 -0.01897482 19.34017 0.7322369 1 0.9913648 0.10158330093322622 6.934810328417785 1.0
0.02767102 0.0004607235 -5.750308 -4.376921 0.2179348 0.4321675 -0.3080922 18.54147 0.7752457 0 0.0 0.027674855265815795 7.226581455647269 1.0
0.0242122 -0.05469612 -5.044449 -3.201281 2.932435 2.991615 0.4923439 20.80775 nan 0 0.0 0.05981551781849256 5.9745012975613285 1.0
-0.02797053 -0.005498181 -5.499718 -4.718563 0.04023917 0.0590996 -0.08590315 15.8034 1.153888 1 0.9998466 0.028505798406458657 7.246498110431893 1.0
0.05601344 -0.01737232 -5.631525 -4.437719 0.7118078 1.690765 0.08755316 20.11524 nan 0 0.0 0.05864557070074432 7.169897052858291 1.0
-0.01085944 -0.03616991 -5.567945 -5.315763 0.2758288 0.3670561 -0.00273889 18.92764 0.7946758 0 0.0 0.037764928525309036 7.698009339770509 1.0
-0.03895352 0.1294126 0.2980548 -7.087151 0.1025632 0.1410042 -0.01230285 17.46582 0.8322735 1 0.0 0.13514805865845944 7.093415676569649 1.0
0.03252644 -0.0262482 -7.252088 -5.924644 0.6658211 0.8749712 0.3655299 19.38246 nan 0 0.0 0.041796379057444676 9.364517440128989 1.0
-0.02912252 0.04239783 -6.732186 0.3625119 1.947929 2.947756 0.2067605 20.58562 nan 0 0.0 0.05143634084826894 6.741939128784656 1.0
0.06462668 -0.007208467 -3.499617 0.7691762 0.01808237 0.02442711 -0.007089963 13.43026 1.794048 1 0.0 0.06502745392764882 3.5831482209553434 0.0
-0.02748963 0.03216871 -5.68798 -5.302809 0.4331388 0.5695078 0.1426497 19.49786 0.7581825 0 0.0 0.04231436707078342 7.776432329216336 1.0
0.02298798 0.04445672 -7.433713 -5.845971 0.9087088 1.172952 -0.2809562 19.5175 nan 0 0.0 0.050048448304006385 9.457032615953588 1.0
-0.04485817 -0.08005519 -3.837482 -4.222372 1.202505 1.529847 0.2631423 20.45794 1.055016 0 0.0 0.09176649095222612 5.705672038130828 0.0
-0.08876944 -0.1283335 0.1828572 -5.401659 0.9576553 1.490086 -0.1027732 20.33526 1.449528 0 0.0 0.15604326547519953 5.404753158829073 0.0
-0.05480049 0.01033286 -1.882978 -2.134049 1.770115 2.689411 0.3174439 20.89447 0.8250828 0 0.0 0.05576613398846741 2.8460097123665973 0.0
0.08635575 -0.009206341 -5.318705 -4.800527 0.3163746 0.398088 0.1222623 19.10966 0.8423519 1 0.9948958 0.0868451050587814 7.1647527769459005 1.0
0.06545942 -0.02044775 -5.214195 -5.759324 0.4842765 0.6043402 0.2548948 19.7732 0.8206177 0 0.0 0.06857875871433443 7.769018112670416 1.0
0.05507995 -0.01997181 -0.7059267 -3.65839 0.7104414 1.101344 0.005644409 20.25782 1.143719 0 0.0 0.05858902701597459 3.725875722279648 0.0
0.0874048 0.01453273 -5.488022 -4.844589 0.08488667 0.1105753 0.02607933 17.18767 1.06089 1 0.9993593 0.08860473635361092 7.320411740565213 1.0
-0.02141357 0.02013564 -5.48264 -3.546709 0.4790456 0.5599691 0.4999745 19.08014 nan 0 0.0 0.02939362138890851 6.529815165858908 1.0
0.0353502 0.002594613 -5.794891 -3.913279 0.5372117 0.6982658 -0.0173298 19.76973 0.7465134 0 0.0 0.03544529103646589 6.992461242918833 1.0
0.09737554 0.03034117 -5.94494 -6.829693 1.13736 1.314192 0.3790148 20.50226 0.9702187 0 0.0 0.10199305068121309 9.054668303027395 0.0
0.0148348 -0.03055679 -4.852193 -4.493573 0.4900968 0.6966498 0.1347372 19.55645 0.6814117 0 0.0 0.03396746540653423 6.613318018633158 1.0
0.0230101 0.0426409 -5.29967 -4.847744 0.08602835 0.1120218 -0.01520339 17.20572 1.025175 1 0.9987716 0.04845318415563625 7.182417698688653 1.0
-0.01867439 0.08258448 -5.56694 -5.281304 0.3325281 0.4370833 -0.002683884 19.32454 0.7881851 1 0.992084 0.08466952922239795 7.67352545470568 1.0
-0.01614023 0.02467158 -5.28262 -1.772171 0.7704819 0.7168354 0.3594726 19.62993 0.8467464 0 0.0 0.02948209429720521 5.5719533484803145 1.0
0.09137914 0.0644986 -2.777491 -5.712913 1.275498 1.582272 0.3028493 20.71767 1.13238 1 0.330134 0.11184907969715084 6.352309123511701 1.0
0.0251013 -0.01020238 -7.481049 -4.399099 0.5100375 0.7131835 0.1404186 19.56715 nan 0 0.0 0.027095457540968006 8.678603928755017 1.0
0.07130535 -0.02998576 -4.855209 -3.646145 0.6379721 0.8057567 0.3052591 20.01665 0.8492546 0 0.0 0.07735372480624382 6.0718553832173905 1.0
-0.009782072 0.06237943 -3.557747 -2.605783 3.028112 3.089998 0.6812206 20.74249 0.916996 0 0.0 0.0631417628811398 4.409951106202652 0.0
0.03196996 -0.0335488 -5.184072 -3.516509 0.4471958 0.5795331 0.2320172 19.61974 0.6075726 0 0.0 0.046342208879612115 6.264218869760619 1.0
-0.05364628 0.05381545 -0.9287766 -2.723193 0.4911587 0.7104397 0.0002892569 19.58651 1.505007 0 0.0 0.07598701215695285 2.877221939294319 0.0
0.1002677 0.07001783 -4.572559 -25.51829 0.5354373 0.7153072 -0.0077269 19.93458 1.346058 1 0.0 0.12229516826595767 25.924726041610953 0.0
0.08072864 0.04088503 -4.844683 -5.17775 0.5049549 0.6171297 0.1342705 19.83805 0.8287811 1 0.9643518 0.09049143050228844 7.090842575673852 1.0
-0.03144227 -0.0623262 -5.617041 -4.818117 0.1365739 0.1901005 -0.01379031 18.03588 0.6860046 1 0.9990839 0.06980810518265698 7.400364924878367 1.0
-0.02003562 0.08251474 -5.360875 -4.110187 0.3690124 0.4780337 0.03219536 19.46596 0.7802639 1 0.9885198 0.08491235708689283 6.755191924778599 1.0
0.05438618 -0.01649886 -6.792253 -4.407417 0.9840819 1.398511 0.2329723 20.57591 nan 0 0.0 0.056833695606497384 8.096914562220475 1.0
-0.04364423 0.1298548 -4.867429 -3.795277 0.4677291 0.6287698 -0.06929324 19.81139 0.8813705 1 0.8649458 0.13699302133806998 6.1721951181706824 0.0
0.02575876 0.03770955 -5.272997 -6.325561 1.812601 2.085874 0.6294087 20.30125 nan 0 0.0 0.045667536368191576 8.235121087557243 1.0
-0.05594401 -0.09227008 1.517718 -11.01915 0.4701188 0.6483746 0.05842111 19.77674 1.687843 1 0.0 0.10790505047534384 11.123180060127769 0.0
0.03693824 0.0844252 -5.802131 -5.592381 0.2621667 0.3244463 0.102152 18.9234 0.7672081 1 0.9486997 0.09215230854046794 8.058501683956019 1.0
0.003351398 -0.04409465 -5.392985 -5.134282 0.4768199 0.6284543 0.3185919 19.36065 0.7156868 0 0.0 0.04422182749702803 7.446149264267337 1.0
-0.0261351 -0.0194503 -5.038663 -5.301139 0.400191 0.5081893 0.007293942 19.21312 0.8271027 0 0.0 0.032578484036246996 7.313699441793462 1.0
-0.01244906 -0.04139681 -5.606177 -4.78868 0.03943375 0.05581809 -0.0489565 15.32236 0.2911615 1 0.9997535 0.043228173371768784 7.372969327057383 1.0
-0.02519406 0.001867231 -5.820439 -6.395631 0.4790577 0.7553321 -0.2566138 19.15206 0.8683853 0 0.0 0.02526315916291866 8.647635864262671 1.0
0.05791667 -0.03706831 -6.150472 -3.39105 1.123925 2.015024 0.2077264 20.74757 0.3935623 0 0.0 0.06876336430211222 7.023355745317476 1.0
0.0968297 0.03988779 -5.313034 -4.729944 1.539795 1.624915 0.4248765 20.74507 0.676878 0 0.0 0.10472357228997729 7.113416937611066 1.0
