jas1101finalproject/data/gcs/NGC_5694.ecsv
# %ECSV 0.9
# ---
# datatype:
# - {name: x, unit: deg, datatype: float64}
# - {name: y, unit: deg, datatype: float64}
# - {name: pmx, unit: mas / yr, datatype: float64}
# - {name: pmy, unit: mas / yr, datatype: float64}
# - {name: pmx_e, unit: mas / yr, datatype: float64}
# - {name: pmy_e, unit: mas / yr, datatype: float64}
# - {name: pm_corr, datatype: float64}
# - {name: g_mag, unit: mag, datatype: float64}
# - {name: bp_rp, unit: mag, datatype: float64}
# - {name: filter, datatype: int64}
# - {name: memberprob, datatype: float64}
# - {name: r, unit: deg, datatype: float64}
# - {name: pm, unit: mas / yr, datatype: float64}
# - {name: member_prob_GMM, datatype: float64}
# - {name: member_prob_DB, datatype: float64}
# meta: !!omap
# - comments: [deg deg mas/yr mas/yr mas/yr mas/yr dimless mag   mag   zeroone float]
# - __serialized_columns__:
#     bp_rp:
#       __class__: astropy.units.quantity.Quantity
#       unit: &id001 !astropy.units.Unit {unit: mag}
#       value: !astropy.table.SerializedColumn {name: bp_rp}
#     g_mag:
#       __class__: astropy.units.quantity.Quantity
#       unit: *id001
#       value: !astropy.table.SerializedColumn {name: g_mag}
#     pm:
#       __class__: astropy.units.quantity.Quantity
#       unit: !astropy.units.Unit {unit: mas / yr}
#       value: !astropy.table.SerializedColumn {name: pm}
#     pmx:
#       __class__: astropy.units.quantity.Quantity
#       unit: !astropy.units.Unit {unit: mas / yr}
#       value: !astropy.table.SerializedColumn {name: pmx}
#     pmx_e:
#       __class__: astropy.units.quantity.Quantity
#       unit: !astropy.units.Unit {unit: mas / yr}
#       value: !astropy.table.SerializedColumn {name: pmx_e}
#     pmy:
#       __class__: astropy.units.quantity.Quantity
#       unit: !astropy.units.Unit {unit: mas / yr}
#       value: !astropy.table.SerializedColumn {name: pmy}
#     pmy_e:
#       __class__: astropy.units.quantity.Quantity
#       unit: !astropy.units.Unit {unit: mas / yr}
#       value: !astropy.table.SerializedColumn {name: pmy_e}
#     r:
#       __class__: astropy.units.quantity.Quantity
#       unit: &id002 !astropy.units.Unit {unit: deg}
#       value: !astropy.table.SerializedColumn {name: r}
#     x:
#       __class__: astropy.units.quantity.Quantity
#       unit: *id002
#       value: !astropy.table.SerializedColumn {name: x}
#     y:
#       __class__: astropy.units.quantity.Quantity
#       unit: *id002
#       value: !astropy.table.SerializedColumn {name: y}
# schema: astropy-2.0
x y pmx pmy pmx_e pmy_e pm_corr g_mag bp_rp filter memberprob r pm member_prob_GMM member_prob_DB
-0.007671316 0.004098529 -1.148511 -3.244244 2.035008 1.456211 -0.07175385 19.89194 0.8048515 0 0.0 0.00869753005948798 3.4415398659113334 0.0 0.0
-0.001364326 0.007575874 -0.4590561 -1.215369 0.1559855 0.1469058 -0.4132963 15.84429 1.391656 1 0.9999058 0.00769774332503702 1.2991744721584588 0.0 0.0
0.03648467 -0.01755161 6.72441 -6.234609 0.2037778 0.1673507 -0.2137886 16.7607 0.9227924 1 0.0 0.04048691342398183 9.169953065909388 0.0 0.0
0.07543038 -0.00979816 -3.517129 -6.572278 0.7270164 0.4819818 -0.2713936 18.578 1.965134 1 0.0 0.07606409249001793 7.4541957656024165 0.0 0.0
0.002226141 0.007167688 -0.177348 -0.1841259 0.6236386 0.4884321 -0.1752371 18.34492 0.5177345 0 0.0 0.007505428370001609 0.25564557526937565 0.0 0.0
0.005898658 0.009944657 -0.09394957 -1.358595 0.6276162 0.4831118 -0.1586097 18.49003 1.049656 0 0.0 0.011562455147961137 1.3618395264230603 0.0 0.0
-0.0738146 0.006224623 -0.243815 0.1145199 1.004823 0.8573367 -0.2864133 19.30354 0.1525459 1 0.863956 0.07407658945073084 0.2693706771736857 0.0 0.0
0.01283408 0.01055063 3.745388 0.1692371 1.912103 1.247999 0.03565645 19.98055 0.9586067 0 0.0 0.016614132623862733 3.7492095789059876 0.0 0.0
-0.01397442 -0.02808857 -0.4202367 -1.466771 0.1951713 0.1732906 -0.2092607 16.14466 1.378943 1 0.9976037 0.03137279361136493 1.5257837495752438 0.0 0.0
0.004014305 0.0002687591 0.6007583 -2.098151 0.2970506 0.256349 -0.2966209 16.82638 1.082925 0 0.0 0.004023291697958006 2.1824637806433103 0.0 0.0
-0.002292533 0.001142372 -0.6340023 -1.161132 0.1707059 0.1572044 -0.3809843 15.53773 1.341803 0 0.0 0.0025613905095617493 1.3229461205314788 0.0 0.0
-0.01455213 0.007393761 -3.226444 0.9919163 0.6454286 0.5026117 -0.1721027 18.508 1.060446 0 0.0 0.016322750664701735 3.3754760895822815 0.0 0.0
-0.01249075 0.007971931 -1.628322 -1.109646 1.509125 0.8881847 0.1746988 19.30943 1.005686 0 0.0 0.014817912114439774 1.9704686703929093 0.0 0.0
0.03053647 0.04417002 -16.31975 5.481402 0.5533168 0.4320129 -0.2556016 18.16362 0.8724136 1 0.0 0.05369792050779341 17.215690748503356 0.0 0.0
-0.01734825 0.08105706 -5.14585 7.418826 0.4963625 0.421078 -0.3866855 18.36085 1.44665 1 0.0 0.08289275453202227 9.02877352915533 0.0 0.0
-0.01640874 0.00695482 -0.5062514 -0.3855485 1.681617 1.110613 0.02028859 19.82452 0.8160591 0 0.0 0.017821791986778437 0.6363474882909573 0.0 0.0
-0.01717333 0.007498303 -1.411262 0.08404199 1.836683 1.226256 -0.06069319 19.97322 -0.01449585 0 0.0 0.018738938368240317 1.4137621754478933 0.0 0.0
-0.005172525 -0.00813888 1.261241 -5.133905 0.9683892 0.6699809 -0.04973038 19.02935 0.5205746 0 0.0 0.009643463202087981 5.286559316711202 0.0 0.0
0.02530678 -0.01462845 -6.202555 4.102338 0.294819 0.2500572 -0.2056637 16.99185 0.8363686 1 0.0 0.029230543330066586 7.4364551766462625 0.0 0.0
0.04105444 0.05140513 -13.10064 -5.034096 1.524534 1.038352 -0.04247584 19.69117 2.417145 1 0.0 0.06578719050111884 14.034560589730482 0.0 0.0
-0.002128575 -0.006574757 0.0774828 -1.524308 0.4060736 0.3263235 -0.2147102 17.79654 1.056776 0 0.0 0.006910735209778624 1.5262760114605223 0.0 0.0
0.000628896 0.01312626 -0.8271038 -1.772589 0.7750199 0.5819662 -0.132219 18.77522 0.3747463 0 0.0 0.013141316972298325 1.956060443569022 0.0 0.0
-0.001227862 0.0128516 -1.308498 -1.808455 0.7784115 0.5768078 -0.111465 18.81309 1.203075 1 0.9931672 0.012910122681486957 2.232190964731512 0.0 0.0
0.06977026 -0.00222431 0.9868702 2.528769 1.200778 0.9114007 -0.2350962 19.53592 2.229801 1 0.006410804 0.0698057070406403 2.714513850951776 0.0 0.0
0.003332171 0.0148085 2.311524 -1.638243 1.380362 0.943322 -0.02682679 19.59495 1.146746 0 0.0 0.015178769245997549 2.8331931331317675 0.0 0.0
0.02030236 0.01305199 -1.22583 -1.161162 1.001502 0.7589066 -0.134271 18.95928 1.193663 0 0.0 0.024135870908871298 1.6884775329106396 0.0 0.0
0.035316 -0.04514676 -1.800645 -1.353539 0.7579669 0.6430925 -0.2634845 18.89147 0.30023 1 0.9016816 0.05731884327599084 2.2526407260249024 0.0 0.0
0.001693653 0.002941012 5.677603 -5.272124 1.849855 1.476005 -0.1436385 19.06436 nan 0 0.0 0.003393819687100804 7.74793309838082 0.0 0.0
-0.002347388 0.01335512 5.246012 2.149577 2.626344 1.514098 0.2288387 20.0938 0.6579266 0 0.0 0.013559847367759859 5.669331810987341 0.0 0.0
0.01138765 0.01775102 -0.7143911 -1.088886 1.791435 1.071171 0.05223688 19.56382 nan 0 0.0 0.02108974356323234 1.3023161539177843 0.0 0.0
0.02680053 0.01096211 3.590959 -2.198033 1.520224 1.191233 -0.171898 19.5375 -0.3190346 0 0.0 0.028955763915548834 4.210265503358428 0.0 0.0
0.01688236 0.05944688 -4.637765 1.595776 0.5000612 0.3669129 -0.237938 18.10846 1.005894 1 0.0 0.06179761824620751 4.9046269213265345 0.0 0.0
-0.03126395 0.01401846 -5.022635 -8.614497 0.4785291 0.3872784 -0.3983022 18.12024 0.9613247 1 0.0 0.03426297988170468 9.97178123036371 0.0 0.0
-0.04532378 0.04224443 -16.32184 -5.313345 0.2680204 0.2232252 -0.4468186 17.0564 0.9236298 1 0.0 0.06195834810187647 17.164908857160444 0.0 0.0
0.001202171 8.762493e-05 0.5034054 -1.567488 0.7667569 0.6400803 -0.2006616 16.13878 0.9214239 0 0.0 0.0012053602123840428 1.6463400702446502 0.0 0.0
0.001311171 -0.01818668 -3.168303 -6.544811 2.81321 1.958473 -0.03773139 20.39282 0.8506756 0 0.0 0.018233883262038314 7.2713612842115065 0.0 0.0
-0.009008282 -0.007231219 0.6040824 -2.424244 1.865557 1.422138 -0.1540144 19.79816 0.3060322 0 0.0 0.011551609100791326 2.4983743749738068 0.0 0.0
-0.009075389 -0.02168702 -0.6217735 1.909986 1.768783 1.198381 0.01249373 19.88098 0.9395943 0 0.0 0.023509349671603445 2.008643523748863 0.0 0.0
0.01957697 0.002508294 -0.5737835 -1.063183 0.6263584 0.5004367 -0.2003036 18.28704 1.189394 1 0.9984403 0.019737003145648427 1.2081331037436438 0.0 0.0
-0.03273535 0.05106639 -0.3350347 -1.815632 0.6441082 0.4755149 -0.2749311 18.04065 1.045515 0 0.0 0.06065788759307895 1.8462848668686231 0.0 0.0
-0.02498835 -0.0272226 -6.506098 -3.905592 2.750197 1.83116 0.05675545 20.46278 1.074039 0 0.0 0.03695250446833746 7.588343696490559 0.0 0.0
1.45254e-05 0.005002869 0.8037072 -1.433568 0.5936047 0.4658833 -0.1771777 18.23912 0.7703648 0 0.0 0.005002890086580572 1.6434909412454453 0.0 0.0
-0.005663374 -0.01937509 -0.2085421 -1.370301 1.030211 0.7492647 -0.09974694 19.11883 0.04427338 0 0.0 0.020185834577048728 1.3860788715197305 0.0 0.0
-0.009868216 -0.007584149 -0.6311418 -1.425608 0.5808327 0.4463354 -0.1534988 18.32545 0.9943733 0 0.0 0.01244592315084972 1.5590696396797803 0.0 0.0
0.03420862 -0.006371937 0.2333837 -2.341565 0.8864753 0.5898257 0.07807916 19.01393 0.400589 0 0.0 0.03479700078219916 2.3531669300435722 0.0 0.0
0.004109264 -0.01646251 0.7845206 -0.8470417 1.382749 0.981036 -0.05955875 19.63916 1.09201 0 0.0 0.01696762464583054 1.154535496796547 0.0 0.0
0.02161097 0.002191309 -16.07878 -4.971153 1.93419 1.301097 0.00235781 20.0727 2.133095 0 0.0 0.021721783063882692 16.82972157933128 0.0 0.0
0.05666449 -0.03182105 -5.844896 -2.111159 1.630345 1.157376 -0.1326813 19.90599 1.673798 1 0.0328769 0.06498802697468666 6.214483210541083 0.0 0.0
-0.005854507 -0.01839663 0.5866684 -0.4620533 2.37318 1.739832 -0.08242512 20.30018 0.5557899 0 0.0 0.01930573095145452 0.7467751091188364 0.0 0.0
-0.001527816 -0.01750958 -0.2957514 -0.7936996 1.42316 0.9934912 -0.03944389 19.66399 0.9339657 0 0.0 0.01757610916859178 0.8470111838943568 0.0 0.0
-0.04076658 0.01488332 -28.82318 -15.25109 0.9299974 0.7528348 -0.3019263 19.31752 1.451344 0 0.0 0.043398470700230896 32.60937674198175 0.0 0.0
-0.01531166 0.07249527 -2.554552 1.776487 1.223429 0.9368148 -0.2410302 19.44944 1.577467 0 0.0 0.07409460914485276 3.111533702512798 0.0 0.0
0.06685244 -0.0197225 -12.30869 -7.292216 1.204301 0.8968831 -0.2219023 19.50596 0.998455 1 0.0 0.06970097373927857 14.306651030438816 0.0 0.0
0.0375924 0.03072303 -3.971311 -1.506998 0.7086241 0.506929 -0.1507906 18.5442 1.505205 1 0.001234163 0.04854990329692634 4.2476292247234815 0.0 0.0
-0.07410133 0.02744942 -2.726927 1.323581 0.3677485 0.3296991 -0.3771509 17.27594 1.040754 0 0.0 0.07902200811233097 3.0311709827870152 0.0 0.0
0.002895162 0.0101603 2.183611 -3.367261 0.9516069 0.6834597 -0.08534509 19.05274 nan 0 0.0 0.010564736584328263 4.013303332847145 0.0 0.0
0.02790204 -0.006892843 0.695394 -0.9265675 1.298087 0.9255733 -0.02170176 19.48162 -0.3172474 0 0.0 0.028740826724091444 1.158490460596137 0.0 0.0
0.06894805 0.01522843 -6.032496 -4.952575 0.3802547 0.2816833 -0.03593882 17.39942 0.9029522 1 0.0 0.07060976334096723 7.805062915866919 0.0 0.0
-0.006769019 -0.01781113 1.564057 0.008974428 1.888589 1.314976 -0.04138068 19.84601 0.9543934 0 0.0 0.019054027660819144 1.564082747045989 0.0 0.0
0.05179387 -0.02858197 -2.782209 -1.140004 2.136434 1.44781 -0.0985413 20.19201 1.08198 0 0.0 0.059156859100680796 3.0067085059408405 0.0 0.0
0.03487037 0.01512559 0.4006295 -1.141557 1.378733 0.9800178 -0.1365356 19.54181 0.4576225 0 0.0 0.03800955375672017 1.2098166722769403 0.0 0.0
0.004833308 -0.001262873 -6.02177 3.200923 1.313676 1.042406 -0.2009042 18.84717 nan 0 0.0 0.0049955694807492165 6.819649696636111 0.0 0.0
-0.01054726 -0.04518568 -1.357708 -0.2418833 1.851166 1.145626 0.03181115 19.77065 0.8600941 1 0.9407285 0.04640032726791913 1.379086126419554 0.0 0.0
0.007072863 0.0117127 0.7190783 -0.5788771 1.573083 1.07625 -0.03156813 19.72653 -0.03094673 0 0.0 0.01368257038376814 0.9231317882270657 0.0 0.0
-0.03669785 0.01431631 8.067267 -2.548823 0.3743471 0.3264537 -0.4124933 17.7601 1.427284 1 0.0 0.03939148292002473 8.460336608824615 0.0 0.0
0.05273957 0.009818247 -1.488529 -0.3856813 2.027227 1.398338 -0.003326296 19.80225 0.6590538 0 0.0 0.05364569151327914 1.5376828831103928 0.0 0.0
-0.07840004 0.003919411 0.3593469 -22.84032 1.387119 1.633375 -0.7556375 19.41616 1.579578 1 0.0 0.07849794936549949 22.8431466286267 0.0 0.0
-0.03768759 -0.04823551 -4.463106 -8.291961 1.295799 0.9164692 0.0126672 19.60501 2.49263 1 0.0 0.06121289786448768 9.41678991975275 0.0 0.0
0.05882483 -0.02391045 -0.6152474 -0.8149286 0.2648926 0.2228969 -0.3799723 17.08737 1.321518 1 0.9947102 0.06349858458053534 1.0210964627814163 0.0 0.0
0.003850849 0.01090223 -0.6780051 -0.8553479 1.151314 0.8687136 -0.1430321 19.19157 0.2821789 0 0.0 0.011562337868861168 1.0914719170278364 0.0 0.0
-0.00944442 -0.01536228 -0.07157055 -1.605594 0.4596586 0.3657499 -0.1993396 17.94799 1.149012 1 0.9979546 0.01803321147036212 1.6071883637157478 0.0 0.0
-0.03323937 -0.04764667 -7.451756 -1.061969 0.420886 0.3771236 -0.2657648 17.75879 1.02688 1 0.0 0.05809527416310039 7.5270476045058325 0.0 0.0
0.009296492 -0.009594447 -0.6065062 -0.5842992 0.269384 0.2313558 -0.289354 17.10222 1.267134 1 0.9984842 0.01335957247601408 0.8421729785258371 0.0 0.0
-0.04552412 -0.003539641 2.894106 0.3726785 0.8379557 0.766428 -0.4013938 19.04005 0.4544754 0 0.0 0.045661521658649104 2.9180025365990088 0.0 0.0
0.07029717 0.01112109 -1.897711 -0.1502601 1.992871 1.345651 -0.07364439 20.01103 0.9115524 1 0.7688046 0.07117141808898429 1.903650476629838 0.0 0.0
0.01656465 0.03466094 2.630183 6.014549 2.377342 1.568111 0.1376734 19.98979 1.838928 0 0.0 0.03841573103958976 6.5645001551443345 0.0 0.0
-0.01768142 0.02677198 -0.06991626 -1.411186 0.2857506 0.2428586 -0.322898 17.2328 1.273935 1 0.9978781 0.03208382032016761 1.412916915465445 0.0 0.0
-0.00633367 0.00789042 -0.006205999 -1.497063 0.9701339 0.7130386 -0.1040081 19.09016 0.291544 0 0.0 0.010118008867623115 1.4970758632723289 0.0 0.0
0.004205081 -0.00899524 2.720094 0.01670052 2.89962 1.433142 0.255557 20.10212 nan 0 0.0 0.009929604668573719 2.720145267481917 0.0 0.0
0.0261042 0.01070859 -8.516192 -8.470644 0.8863951 0.6008941 0.02865109 19.042 1.061686 1 0.0 0.028215300059154076 12.011550106276875 0.0 0.0
-0.002306348 0.009284843 -1.883958 -1.376332 1.239819 0.7494278 0.03744444 19.06606 1.034847 0 0.0 0.009567003221058985 2.3331496994380796 0.0 0.0
-0.07663062 0.01183038 -6.210135 -1.69007 0.9422214 0.7850287 -0.2854701 19.38402 0.6664906 0 0.0 0.07753844086986016 6.43600134579888 0.0 0.0
-0.009608441 -0.01261571 -0.6478095 -1.214653 0.1646257 0.1530612 -0.3953523 15.99712 1.365982 1 0.9996781 0.015858066630411824 1.376604176478936 0.0 0.0
-0.03391515 0.02269424 -0.449942 -1.026173 0.1600997 0.1537039 -0.5439618 16.1319 1.428109 1 0.9996103 0.04080766997391667 1.1204815167119002 0.0 0.0
-0.03130424 -0.03842601 -6.688082 -8.750104 1.802466 1.257781 0.02261924 19.99145 1.747065 1 0.0 0.049563229177462795 11.013390070706658 0.0 0.0
0.03020845 0.04315921 -4.58534 -0.9004168 0.4281002 0.3475097 -0.2873913 17.80237 1.204792 1 0.0 0.05268081111018129 4.672910584349142 0.0 0.0
-0.0165861 0.006180411 2.146982 -6.441328 3.009898 1.619525 0.1892423 20.34638 nan 0 0.0 0.017700174952212225 6.789715613478079 0.0 0.0
-0.0008182668 0.01047314 0.829791 -1.124002 0.7927576 0.5927884 -0.1311218 18.72629 0.2789345 0 0.0 0.010505056973457225 1.3971161725801473 0.0 0.0
0.05225273 -0.009951201 -1.771466 2.943035 0.8757333 0.5827348 -0.04702118 19.1747 1.202263 0 0.0 0.053191862101220906 3.435046841075242 0.0 0.0
-0.003412893 0.03341277 -0.3876484 -0.7407364 0.1767391 0.1618342 -0.417608 16.22678 1.336419 1 0.9952252 0.03358661992077126 0.8360392911266311 0.0 0.0
-0.0639902 0.01506155 -10.66291 -1.719907 0.2149537 0.1984292 -0.3323951 16.87372 0.8779621 1 0.0 0.0657388468444838 10.800728204929008 0.0 0.0
-0.05196054 0.01181369 -0.1537644 -0.9816003 0.7670547 0.6559206 -0.3117172 19.10006 0.08128357 1 0.9842002 0.05328659295270903 0.993570651573128 0.0 0.0
-0.02610079 0.003390097 4.458434 3.286303 2.604047 1.527027 0.03036283 20.17034 1.121017 0 0.0 0.026320030324707245 5.5387201716791035 0.0 0.0
-0.04646198 0.02020647 -0.9460404 -3.813162 0.2244741 0.2067341 -0.4946468 16.90913 1.037399 1 0.0 0.050665738081876396 3.9287653119874903 0.0 0.0
0.003386107 -0.008089222 -0.6437747 -0.8811008 0.181837 0.1712137 -0.410886 16.20753 1.3483 1 0.999821 0.008769334819741632 1.0912307199308173 0.0 1.0
-0.01354083 -0.001521063 -0.09989092 0.7291147 2.189793 1.431745 0.02361216 20.12609 0.1374397 0 0.0 0.013625993899120496 0.7359255680125106 0.0 0.0
0.04722712 0.01727075 -7.436131 -2.833228 2.948199 2.587202 -0.2964682 20.01064 nan 0 0.0 0.05028597885153375 7.957589154332171 0.0 0.0
-0.01123294 -0.01059407 -0.3847229 -1.110582 0.1693406 0.1595515 -0.4118059 16.03839 1.41011 1 0.9998842 0.015440636651657211 1.1753314802677626 0.0 0.0
0.01131823 0.006060889 -0.05220412 -0.6387419 0.6749785 0.4955009 -0.1095724 18.58701 0.9633007 0 0.0 0.012838874787270924 0.6408716602882237 0.0 0.0
-0.06173098 0.05378768 -4.242906 -1.90434 0.3659019 0.3200818 -0.4308407 17.85633 0.9140186 1 0.0 0.08187691012454489 4.650673301838777 0.0 0.0
0.007863563 -0.00499 0.29423 -2.267306 0.5444749 0.4250407 -0.1730323 18.22033 0.9845257 0 0.0 0.009313201546996018 2.2863175174362813 0.0 0.0
0.003194535 -0.0249559 -0.2849342 -1.15799 1.511369 1.108825 -0.1068125 19.70173 1.516768 0 0.0 0.025159530970910903 1.192530225373613 0.0 0.0
0.001147492 -0.007352942 -0.5147041 -1.114106 0.1886237 0.1702254 -0.3558096 16.33012 1.321931 0 0.0 0.007441941544074906 1.2272540445208604 0.0 0.0
0.001802703 -0.007335784 0.5197579 -1.563851 0.4897587 0.3832253 -0.178272 18.0247 1.010574 0 0.0 0.007554036338333633 1.6479618396107996 0.0 0.0
0.008367448 -0.02121013 -1.2473 -0.856362 1.739262 1.236573 -0.0587624 19.94544 nan 0 0.0 0.02280096052032905 1.5129815481505384 0.0 0.0
0.03826183 -0.009198001 -1.082674 -1.173989 1.048166 0.6436709 0.07830215 19.31188 1.061438 0 0.0 0.03935188505452948 1.597007564915395 0.0 0.0
0.0006014891 -0.006256212 -0.5890844 -1.248966 0.4178677 0.3573151 -0.2398425 17.5824 0.9581623 0 0.0 0.006285059882480262 1.3809187157394023 0.0 0.0
0.006990548 0.005147614 -1.824787 -3.677499 1.046078 0.7312751 -0.02201819 19.02566 0.183466 0 0.0 0.008681341557230656 4.105343650703312 0.0 0.0
-0.01407159 -0.01478101 -0.4915148 -1.094111 0.2952176 0.3951413 -0.928515 15.0887 1.698413 1 0.9997741 0.0204080352250823 1.1994439040405516 0.0 0.0
