jas1101finalproject/data/gcs/NGC_6293.ecsv
# %ECSV 0.9
# ---
# datatype:
# - {name: x, unit: deg, datatype: float64}
# - {name: y, unit: deg, datatype: float64}
# - {name: pmx, unit: mas / yr, datatype: float64}
# - {name: pmy, unit: mas / yr, datatype: float64}
# - {name: pmx_e, unit: mas / yr, datatype: float64}
# - {name: pmy_e, unit: mas / yr, datatype: float64}
# - {name: pm_corr, datatype: float64}
# - {name: g_mag, unit: mag, datatype: float64}
# - {name: bp_rp, unit: mag, datatype: float64}
# - {name: filter, datatype: int64}
# - {name: memberprob, datatype: float64}
# - {name: r, unit: deg, datatype: float64}
# - {name: pm, unit: mas / yr, datatype: float64}
# - {name: member_prob_GMM, datatype: float64}
# - {name: member_prob_DB, datatype: float64}
# meta: !!omap
# - comments: [deg deg mas/yr mas/yr mas/yr mas/yr dimless mag   mag   zeroone float]
# - __serialized_columns__:
#     bp_rp:
#       __class__: astropy.units.quantity.Quantity
#       unit: &id001 !astropy.units.Unit {unit: mag}
#       value: !astropy.table.SerializedColumn {name: bp_rp}
#     g_mag:
#       __class__: astropy.units.quantity.Quantity
#       unit: *id001
#       value: !astropy.table.SerializedColumn {name: g_mag}
#     pm:
#       __class__: astropy.units.quantity.Quantity
#       unit: !astropy.units.Unit {unit: mas / yr}
#       value: !astropy.table.SerializedColumn {name: pm}
#     pmx:
#       __class__: astropy.units.quantity.Quantity
#       unit: !astropy.units.Unit {unit: mas / yr}
#       value: !astropy.table.SerializedColumn {name: pmx}
#     pmx_e:
#       __class__: astropy.units.quantity.Quantity
#       unit: !astropy.units.Unit {unit: mas / yr}
#       value: !astropy.table.SerializedColumn {name: pmx_e}
#     pmy:
#       __class__: astropy.units.quantity.Quantity
#       unit: !astropy.units.Unit {unit: mas / yr}
#       value: !astropy.table.SerializedColumn {name: pmy}
#     pmy_e:
#       __class__: astropy.units.quantity.Quantity
#       unit: !astropy.units.Unit {unit: mas / yr}
#       value: !astropy.table.SerializedColumn {name: pmy_e}
#     r:
#       __class__: astropy.units.quantity.Quantity
#       unit: &id002 !astropy.units.Unit {unit: deg}
#       value: !astropy.table.SerializedColumn {name: r}
#     x:
#       __class__: astropy.units.quantity.Quantity
#       unit: *id002
#       value: !astropy.table.SerializedColumn {name: x}
#     y:
#       __class__: astropy.units.quantity.Quantity
#       unit: *id002
#       value: !astropy.table.SerializedColumn {name: y}
# schema: astropy-2.0
x y pmx pmy pmx_e pmy_e pm_corr g_mag bp_rp filter memberprob r pm member_prob_GMM member_prob_DB
[from data line 10079]
0.05286297 -0.04626232 -4.264951 -0.7912668 1.339568 0.809808 0.7153059 19.62459 1.183922 0 0.0 0.07024739033589292 4.337730994561931 0.0 0.0
-0.02946282 0.03141714 -1.221811 -7.133025 0.7350877 0.4838343 0.419686 19.19054 1.276012 0 0.0 0.04307080737729443 7.236910098263347 0.0 0.0
0.01628456 -0.01127623 8.366837 0.4598396 2.098767 1.376963 0.5049488 19.79619 nan 0 0.0 0.019807580806511935 8.379463815919081 0.0 0.0
-0.01510988 0.08029381 10.10869 2.509916 1.022429 0.6935284 0.4541035 18.85984 1.408886 0 0.0 0.08170314802950067 10.415627289950232 0.0 0.0
-0.009037929 -0.03310312 0.9174687 -3.84733 0.2937487 0.2011142 0.4511857 17.60438 0.7033482 0 0.0 0.03431473028224819 3.9552113653229317 0.0 0.0
-0.01946441 -0.009241584 4.377761 -9.378253 2.035792 1.477964 -0.3589731 19.54287 nan 0 0.0 0.021546928585697688 10.34970631009064 0.0 0.0
0.02142712 0.05413544 -5.947927 -5.397552 0.2323676 0.1574295 0.4663409 17.30445 1.80784 1 0.0 0.05822170845559241 8.031899102331465 0.0 0.0
0.0440923 -0.01068465 3.917725 -0.8107793 1.890604 1.270796 0.3554108 20.36905 nan 0 0.0 0.04536841042964256 4.000741462395875 0.0 0.0
-0.07023125 -0.04007087 2.640916 -2.315673 1.63872 1.108033 0.4531694 19.84895 nan 0 0.0 0.08085853757717487 3.5123750884529685 0.0 0.0
-0.004509214 -0.0229653 0.9235526 -3.172165 0.6916027 0.4631735 0.5571423 19.01603 1.14613 0 0.0 0.02340380342995121 3.3038735133463812 0.0 0.0
-0.05508543 0.007844295 -4.338173 -6.234498 1.052973 0.741994 0.4024409 19.91013 1.616295 1 3.89378e-05 0.05564114990123698 7.595308439420548 0.0 0.0
0.004303877 -0.03262982 0.3878518 -3.378571 1.004989 0.8682786 0.1409905 19.42068 2.076353 0 0.0 0.03291243701799562 3.4007603592144275 0.0 0.0
0.05928683 -0.02137457 -3.18497 -4.102784 1.598214 1.072388 0.436048 20.04194 nan 0 0.0 0.06302222190730662 5.193926304016644 0.0 0.0
-0.0204452 -0.01835507 0.5153082 -3.567979 0.6144361 0.5365998 -0.1851691 18.81652 1.483704 0 0.0 0.027475712870549875 3.6049988467998486 0.0 0.0
0.01558547 0.06544123 -4.990662 -5.802527 0.1846415 0.1261658 0.2972496 16.09282 1.560113 0 0.0 0.06727155014591087 7.653497683018726 0.0 0.0
-0.006828054 -0.0311899 -2.700951 -8.468814 1.143017 0.8922621 0.3954476 19.81217 nan 0 0.0 0.031928548094721065 8.889091453629948 0.0 0.0
0.01205434 -0.01525634 -0.1556906 -2.079615 0.9201348 0.7549992 -0.3128274 18.69913 1.342499 0 0.0 0.019443842805145283 2.0854347535114495 0.0 0.0
0.001495067 0.07748527 -2.762008 -3.597495 0.8758995 0.5803537 0.2097636 19.46956 1.657005 0 0.0 0.07749969220782356 4.535488779292591 0.0 0.0
0.05934128 -0.02161493 -0.8204526 -8.943959 0.9788356 0.6527204 0.3245738 19.80079 1.128054 0 0.0 0.06315530627701287 8.981511290563953 0.0 0.0
0.01555807 0.06470309 -0.2855083 -6.333326 1.808285 1.33378 0.3445053 20.12839 nan 0 0.0 0.06654730195637537 6.339758135106172 0.0 0.0
-0.03171531 -0.01678598 -4.581111 -4.440045 0.8183129 0.5801828 -0.03142453 19.33768 1.292566 0 0.0 0.035883561876665755 6.379700431552095 0.0 0.0
0.04106187 0.06178427 -6.890168 -5.594087 0.6000973 0.3491338 0.6195246 18.54214 0.974472 0 0.0 0.07418472340940417 8.875146445653334 0.0 0.0
-0.0294468 -0.03087686 -8.77704 -5.562178 0.9476713 0.5740294 0.6389374 19.29104 1.28503 0 0.0 0.04266725341171611 10.391066127461801 0.0 0.0
0.01312518 0.04241795 -4.462159 -1.919609 0.3370368 0.223608 0.4132783 18.14889 1.476606 0 0.0 0.044402171481076246 4.857546876167229 0.0 0.0
-0.03196309 -0.008933493 -2.821978 -3.918016 0.3533669 0.2149759 0.3470202 18.03366 0.88834 0 0.0 0.0331880463349253 4.828499685071958 0.0 0.0
0.06819406 0.04429812 -6.499743 -7.713619 0.2832901 0.1800071 0.2368825 17.97239 1.479935 1 0.0 0.08131883702327525 10.086950834777078 0.0 0.0
0.006924691 -0.006907451 0.9173423 -3.772646 0.3113415 0.2764309 -0.07101507 17.08396 0.743288 0 0.0 0.009780809003496694 3.882573210730905 0.0 0.0
0.06980861 0.00558178 -2.105281 -10.25513 0.2806076 0.1888446 0.3552982 17.81048 1.48628 1 0.0 0.07003140936822919 10.468997058260213 0.0 0.0
0.04043468 0.06422781 -0.4750754 -3.661017 0.5555891 0.3677804 0.3618746 18.97891 1.606089 0 0.0 0.07589581624897712 3.691712625594544 0.0 0.0
-0.009424206 0.01918108 7.969439 -1.976318 2.248158 1.282022 0.1593288 19.79599 nan 0 0.0 0.021371230397355133 8.210833746450174 0.0 0.0
0.03612264 -0.01459193 -1.823089 -11.46483 0.4356268 0.2959715 0.2421765 18.07659 1.993578 0 0.0 0.03895856185351944 11.608875071720815 0.0 0.0
0.00452141 -0.0512837 -2.219088 -4.770126 0.6074766 0.3975838 0.2812587 19.16475 1.333088 1 7.116844e-05 0.05148262846900982 5.261031610589315 0.0 0.0
-0.009369639 0.01949389 0.8093722 -4.32544 0.5190602 0.306398 0.1294277 18.25664 1.195036 0 0.0 0.021628728171633693 4.400512987338277 1.0 0.0
0.06186158 -0.05366544 -7.072769 -1.884587 3.180283 1.639011 0.740534 20.32957 nan 0 0.0 0.08189526561706727 7.319544349748146 0.0 0.0
0.06903939 -0.002741425 0.8071507 -6.345902 0.8775911 0.6127757 0.2023919 19.5285 1.108316 0 0.0 0.06909379699077715 6.397027782190295 0.0 0.0
0.009461908 -0.01608579 -7.302358 -1.798369 0.5136256 0.4018504 -0.2940185 18.34951 1.098177 0 0.0 0.018662270572590144 7.520542761019645 0.0 0.0
0.04234877 0.07126904 -4.935524 -7.201658 1.252541 0.8613384 0.5391411 19.8445 1.37302 0 0.0 0.08290171519959343 8.730594201057567 0.0 0.0
0.06320244 0.05282301 -2.45299 -0.8423477 2.339458 1.641908 0.3184598 20.63376 nan 0 0.0 0.08237001157832685 2.5935900963327434 0.0 0.0
0.00119339 -0.04394223 0.857847 -4.425703 0.1680572 0.1110851 0.2743428 16.87222 0.8825016 1 0.9873649 0.04395843214975939 4.5080759221222095 1.0 0.0
0.02250038 -0.04218777 4.144442 -3.879218 2.360939 1.493744 0.8542037 19.98197 1.095011 0 0.0 0.04781291705927698 5.6766831673863924 0.0 0.0
0.00742011 0.05797288 -5.41592 -6.508714 1.087016 0.7243227 0.250507 19.89504 0.7366123 0 0.0 0.05844581120924321 8.467322326461655 0.0 0.0
0.004221103 -0.05757603 1.557883 -5.941859 1.508338 0.9518162 0.5318253 20.15463 nan 0 0.0 0.05773055465780239 6.142693856735007 0.0 0.0
-0.01845168 -0.02794678 -12.65881 -9.79925 1.435941 1.002538 0.371792 19.51184 nan 0 0.0 0.03348861011136174 16.008459363055522 0.0 0.0
-0.06299573 0.04872423 -3.107426 -4.580764 0.8023129 0.542374 0.4201098 19.58693 0.9170666 1 5.340109e-06 0.07963989319007027 5.535295400353264 0.0 0.0
-0.0007169442 0.05966493 -3.399516 -3.50347 3.135972 2.101102 -0.06591886 20.28487 1.153046 0 0.0 0.05966923730776868 4.881701657737392 0.0 0.0
-0.05276668 -0.04871131 -7.832827 -4.931607 0.8911876 0.6690735 0.2060476 19.42208 nan 0 0.0 0.0718130506254852 9.256021089775995 0.0 0.0
-0.01371029 0.02393949 -1.605323 -2.315323 0.7782451 0.5282298 0.4578541 18.91611 0.9878235 0 0.0 0.027587519521410402 2.817407057678744 0.0 0.0
-0.0433787 0.01367628 -0.2733628 -3.760071 1.266385 0.855201 0.5465341 19.81992 0.954483 0 0.0 0.045483538212504976 3.7699948468751043 0.0 0.0
0.06554939 0.05069881 9.572824 -23.13689 2.404348 1.791585 0.2154199 20.66888 nan 0 0.0 0.08286791818785 25.03906224695877 0.0 0.0
-0.001098908 0.02636645 1.083425 -4.612456 1.062825 0.6174456 0.4617226 19.48088 nan 0 0.0 0.026389340355434502 4.737991144204577 0.0 0.0
0.04775165 -0.004445275 -3.707009 -11.17723 0.391532 0.2662553 0.3196632 18.128 1.44693 0 0.0 0.04795811242686815 11.775924006165333 0.0 0.0
-0.0008259891 0.03483699 -2.319007 -3.801248 1.097783 0.7223031 0.4223319 19.9623 nan 0 0.0 0.034846780773170695 4.452783379365428 1.0 0.0
-0.01203401 -0.08186474 -8.55914 -5.96335 1.141712 0.827327 0.494254 19.77604 0.9570484 0 0.0 0.08274450466313579 10.431702677995572 0.0 0.0
-0.03203276 -0.05246874 -1.944972 -6.390012 1.180729 0.8584339 0.3083392 19.84522 1.943617 0 0.0 0.06147411154628589 6.679458768562614 0.0 0.0
-0.006614655 0.05328848 -3.911197 -5.151931 1.550052 1.076597 -0.30359 19.10562 nan 0 0.0 0.053697446507999104 6.468373443267635 0.0 0.0
-0.02629202 0.01357657 -6.134351 -9.810991 1.345796 0.8770929 0.5293842 19.89578 nan 0 0.0 0.02959043035586505 11.570903447582733 0.0 0.0
-0.04085722 -0.01529161 0.2790971 -5.529001 1.480167 1.117162 0.4569967 19.77781 1.216473 0 0.0 0.04362505888271671 5.536040755741364 0.0 0.0
-0.06120813 0.02457054 -8.44638 -2.194298 1.536956 1.08294 0.5316974 19.99363 0.8868294 0 0.0 0.06595564125977776 8.726756488936998 0.0 0.0
0.0580061 0.03596289 -8.491089 -5.638627 0.5596643 0.3773932 0.2646839 18.37287 1.500471 0 0.0 0.06824981387785684 10.19277719029755 0.0 0.0
-0.0244969 0.04327057 -0.9439755 -1.946034 2.239444 1.514543 0.4034973 20.5073 1.104568 0 0.0 0.049723639626790196 2.1629003846123496 0.0 0.0
0.04782936 0.05099369 -4.842509 -5.059222 1.495062 1.003559 0.2972359 20.24048 1.410536 0 0.0 0.06991426247787857 7.003257860479293 0.0 0.0
0.00591876 0.0667563 -4.552825 -3.302384 0.4974712 0.3366094 0.3396332 18.62142 1.194044 0 0.0 0.06701817148824339 5.62440713000766 0.0 0.0
-0.04151343 -0.01172129 -7.065402 1.71008 2.523889 1.039856 -0.1845912 20.00291 nan 0 0.0 0.04313645221421205 7.269407061652553 0.0 0.0
-0.07242313 -0.0253704 -5.310887 -6.654062 0.925214 0.652093 0.2218332 19.71395 1.068066 1 0.0 0.07673830174793354 8.513639751986984 0.0 0.0
0.05288507 -0.05745465 -4.167423 -5.79841 1.018024 0.6167532 0.6182767 19.40599 1.680105 0 0.0 0.07808884322057409 7.140656341613773 0.0 0.0
-0.07443079 -0.001060613 -5.609392 -0.3493654 1.625838 1.234416 0.5530661 20.15494 nan 0 0.0 0.07443834630054505 5.620261096459946 0.0 0.0
-0.01335144 -0.01028212 -4.411352 -8.108813 1.030912 0.7552171 0.05177591 19.36719 nan 0 0.0 0.016851793428831245 9.231081991666686 0.0 0.0
-0.03576906 0.03180635 0.6006478 -5.326985 0.8023706 0.536492 0.4227814 19.39716 0.9908333 0 0.0 0.047865118338996086 5.360741270558563 0.0 0.0
0.00542666 0.05485829 -4.652504 -2.501086 0.9515969 0.6435045 0.4275486 19.32972 1.367376 0 0.0 0.055126043033032035 5.282160982913338 0.0 0.0
0.04517192 0.02820577 -1.038649 -5.339552 0.7361686 0.5337124 0.08967719 19.24931 1.309961 0 0.0 0.05325474455651158 5.439633012061108 0.0 0.0
0.04237306 0.06309986 -0.7333876 -5.754129 1.513153 0.8629518 0.6480165 19.8838 nan 0 0.0 0.07600702958136964 5.800677367383464 0.0 0.0
-0.02918275 0.00360616 -8.009609 9.013515 3.121342 2.222441 0.2283642 19.97989 2.024206 0 0.0 0.02940471539580174 12.05807982176706 0.0 0.0
0.008094654 -0.0564757 -1.180951 0.5532216 1.086156 0.6869645 0.2911084 19.82661 1.36186 0 0.0 0.05705285368734605 1.3041086623083062 0.0 0.0
-0.01089512 -0.0132764 -7.745046 -11.53963 1.244165 0.78163 0.724092 18.74991 nan 0 0.0 0.017174586946252887 13.897798317683849 0.0 0.0
0.05833657 -0.01201091 -5.706143 -2.707028 0.6459964 0.4503377 0.3816554 19.06094 1.418585 1 0.0 0.05956019944890212 6.315700161441565 0.0 0.0
0.0601774 -0.04015479 -1.695979 -7.37474 1.545858 1.071856 0.5077963 19.96077 1.192059 0 0.0 0.07234449965756969 7.567240899828748 0.0 0.0
0.01330305 -0.07150417 -0.002692686 -3.066484 1.286007 0.8468913 0.3718997 20.15206 nan 0 0.0 0.07273113134477835 3.06648518222637 0.0 0.0
0.004823018 -0.01492393 0.6094692 -4.308012 0.5860881 0.3955379 0.3518393 18.91634 1.228542 0 0.0 0.01568391498552654 4.350910260841131 1.0 1.0
0.07078157 0.03424482 -3.928645 -5.764448 1.065556 0.7029686 0.5146048 19.72691 1.280949 0 0.0 0.07863039074363869 6.975895088139515 0.0 0.0
0.03376319 0.03507425 -1.042192 -3.790692 1.687286 1.154898 0.4003519 20.21903 1.377548 0 0.0 0.048684248089485786 3.9313496415007405 0.0 0.0
-0.06635194 -0.04909985 -4.520709 -3.505153 1.489459 1.195532 -0.2420817 19.84098 1.09178 0 0.0 0.0825431718059471 5.720393991333989 0.0 0.0
-0.06112762 0.02717412 -9.932998 -4.701325 0.9404323 0.6547753 0.5021716 19.54928 1.16378 0 0.0 0.06689558075567324 10.989399711705321 0.0 0.0
-0.01179556 -0.01400319 2.435333 -6.241465 2.192256 1.494544 0.2438275 19.80882 nan 0 0.0 0.01830913886259264 6.699756127435833 0.0 0.0
-0.02789508 -0.01657136 0.3761513 -4.289516 0.8414239 0.6533753 -0.07105362 19.34992 1.393982 1 0.8424446 0.0324460392106032 4.3059769291936165 1.0 0.0
-0.004482404 -0.01083075 17.08724 -12.25304 2.627225 1.801703 0.03046006 19.59601 nan 0 0.0 0.011721650531461686 21.026430036009444 0.0 0.0
0.01732047 -0.01836599 -5.461883 -5.356396 1.577767 0.8407321 0.5467241 19.42445 nan 0 0.0 0.02524496523469581 7.650042092335506 0.0 0.0
-0.02288477 0.03670009 0.04701479 -5.135047 0.6467112 0.4151064 0.2288482 19.09 nan 0 0.0 0.0432505410828697 5.135262221414574 0.0 0.0
0.07467219 -0.02794104 -5.25887 -4.732068 0.6509008 0.4526771 0.2876725 19.10604 1.231665 1 0.0 0.07972852485577354 7.074473919205865 0.0 0.0
-0.02493712 -0.06641159 -1.62778 -6.376906 0.6444979 0.4542365 0.2829752 19.20293 1.276464 0 0.0 0.0709391234807881 6.58138267093139 0.0 0.0
-0.08294088 -0.007745998 0.02610722 -4.228977 1.593675 1.119206 0.5463183 20.14799 nan 0 0.0 0.08330180106210432 4.229057584552986 0.0 0.0
-0.03489571 0.03255811 0.8124469 -3.709211 0.6683673 0.4452303 0.4383251 19.23421 1.183489 0 0.0 0.04772568598958218 3.797145797548549 0.0 0.0
0.03271682 0.00363763 -5.884885 -4.221726 0.1120564 0.07644288 0.2423527 16.0981 1.610246 1 0.0 0.03291842436887434 7.2425714965267 0.0 0.0
-0.03505821 0.02833329 -8.30819 -2.934316 2.012592 1.389072 0.5500614 20.45383 0.6098862 0 0.0 0.045076084686097126 8.81114246076841 0.0 0.0
0.0006479465 -0.0120094 -4.61819 -8.859275 2.051715 1.424382 0.736436 19.38345 nan 0 0.0 0.012026866716932646 9.990717311671121 0.0 0.0
0.03563105 -0.01586588 -3.444716 1.389306 0.8848765 0.6041089 0.4120188 19.34494 1.313902 0 0.0 0.03900381868839126 3.7143289410460136 0.0 0.0
-0.08261337 -0.00778963 3.052772 -4.656326 0.7177526 0.4985423 0.3610336 19.36575 1.545238 0 0.0 0.08297980018229618 5.567835189933337 0.0 0.0
-0.0214814 -0.02219093 1.028541 -4.285449 0.1850872 0.1161501 0.33211 16.8828 1.60549 1 0.9926144 0.030885076011318156 4.4071498409155545 1.0 0.0
-0.03503233 0.03296815 -1.311916 -3.480986 1.146095 0.7984247 0.3829252 19.77671 nan 0 0.0 0.04810574871729366 3.7199982692538986 0.0 0.0
-0.0689034 -0.02517558 -2.942508 1.8361 0.8342512 0.5824182 0.227167 19.54242 1.490252 0 0.0 0.0733586283943232 3.468373760145236 0.0 0.0
0.02572394 -0.02293758 1.436148 -4.112291 0.1197727 0.08217696 0.1274985 16.32592 1.144361 0 0.0 0.03446525301488442 4.355853343098801 1.0 0.0
0.006924268 -0.01389025 7.65582 -2.693546 2.014124 1.067319 0.3834474 19.51659 1.06411 0 0.0 0.015520455289659644 8.115834518182096 0.0 0.0
0.03099707 0.00247844 -2.515365 -4.793681 0.3062096 0.2034042 0.2543508 17.02999 1.433605 0 0.0 0.03109599674264358 5.4135421502918035 1.0 0.0
-0.06646712 0.00830937 -0.08780692 -0.1156704 0.1913056 0.1370932 0.2122486 17.12653 1.718645 1 0.0 0.06698450321448463 0.1452229204913825 0.0 0.0
-0.008872625 -0.05371773 -4.619554 -3.4472 0.1487632 0.09984201 0.19851 13.90487 3.30338 1 0.0 0.05444555069740341 5.76398013519443 0.0 0.0
0.05090896 0.03805672 -8.155313 -7.257651 1.505369 0.9568357 0.2265285 19.8519 1.507885 0 0.0 0.06356127866429373 10.917079653724707 0.0 0.0
0.02933768 0.02373246 1.030298 -3.438943 1.152073 0.7503276 0.3581922 19.58507 0.8636303 0 0.0 0.03773498543041987 3.589964195650564 0.0 0.0
0.009732641 -0.04129333 -5.5871 -4.620453 0.5148685 0.3537947 0.4047383 18.86075 1.215635 0 0.0 0.04242479703338345 7.2501222289840745 0.0 0.0
-0.01203941 -0.03065436 -0.3587826 -0.4052051 1.59324 1.308443 -0.286057 20.01588 nan 0 0.0 0.032933830329278435 0.5412172642560195 0.0 0.0
-0.01095073 -0.002427404 0.1896569 -2.117064 0.3108272 0.2136864 0.4021309 17.78683 1.304995 0 0.0 0.011216540362879992 2.1255422178384533 0.0 0.0
-0.04176042 0.06704258 -1.624261 0.2540528 0.3111504 0.2069356 0.2764786 18.01206 1.280659 0 0.0 0.07898506321851494 1.6440093130237554 0.0 0.0
-0.05215002 0.03487471 -0.4764451 -6.404622 0.6886761 0.4633293 0.4463059 19.12136 1.653126 0 0.0 0.06273651236388982 6.422319121329771 0.0 0.0
-0.05909377 0.0004398756 -6.2506 -8.053147 1.447047 1.107849 0.4634428 20.071 0.6771755 0 0.0 0.059095407125735036 10.19427177210854 0.0 0.0
