jas1101finalproject/data/gcs/NGC_6229.ecsv
# %ECSV 0.9
# ---
# datatype:
# - {name: x, unit: deg, datatype: float64}
# - {name: y, unit: deg, datatype: float64}
# - {name: pmx, unit: mas / yr, datatype: float64}
# - {name: pmy, unit: mas / yr, datatype: float64}
# - {name: pmx_e, unit: mas / yr, datatype: float64}
# - {name: pmy_e, unit: mas / yr, datatype: float64}
# - {name: pm_corr, datatype: float64}
# - {name: g_mag, unit: mag, datatype: float64}
# - {name: bp_rp, unit: mag, datatype: float64}
# - {name: filter, datatype: int64}
# - {name: memberprob, datatype: float64}
# - {name: r, unit: deg, datatype: float64}
# - {name: pm, unit: mas / yr, datatype: float64}
# - {name: member_prob_GMM, datatype: float64}
# - {name: member_prob_DB, datatype: float64}
# meta: !!omap
# - comments: [deg deg mas/yr mas/yr mas/yr mas/yr dimless mag   mag   zeroone float]
# - __serialized_columns__:
#     bp_rp:
#       __class__: astropy.units.quantity.Quantity
#       unit: &id001 !astropy.units.Unit {unit: mag}
#       value: !astropy.table.SerializedColumn {name: bp_rp}
#     g_mag:
#       __class__: astropy.units.quantity.Quantity
#       unit: *id001
#       value: !astropy.table.SerializedColumn {name: g_mag}
#     pm:
#       __class__: astropy.units.quantity.Quantity
#       unit: !astropy.units.Unit {unit: mas / yr}
#       value: !astropy.table.SerializedColumn {name: pm}
#     pmx:
#       __class__: astropy.units.quantity.Quantity
#       unit: !astropy.units.Unit {unit: mas / yr}
#       value: !astropy.table.SerializedColumn {name: pmx}
#     pmx_e:
#       __class__: astropy.units.quantity.Quantity
#       unit: !astropy.units.Unit {unit: mas / yr}
#       value: !astropy.table.SerializedColumn {name: pmx_e}
#     pmy:
#       __class__: astropy.units.quantity.Quantity
#       unit: !astropy.units.Unit {unit: mas / yr}
#       value: !astropy.table.SerializedColumn {name: pmy}
#     pmy_e:
#       __class__: astropy.units.quantity.Quantity
#       unit: !astropy.units.Unit {unit: mas / yr}
#       value: !astropy.table.SerializedColumn {name: pmy_e}
#     r:
#       __class__: astropy.units.quantity.Quantity
#       unit: &id002 !astropy.units.Unit {unit: deg}
#       value: !astropy.table.SerializedColumn {name: r}
#     x:
#       __class__: astropy.units.quantity.Quantity
#       unit: *id002
#       value: !astropy.table.SerializedColumn {name: x}
#     y:
#       __class__: astropy.units.quantity.Quantity
#       unit: *id002
#       value: !astropy.table.SerializedColumn {name: y}
# schema: astropy-2.0
x y pmx pmy pmx_e pmy_e pm_corr g_mag bp_rp filter memberprob r pm member_prob_GMM member_prob_DB
[from data line 1104]
0.0003422481 -0.002358965 -1.450413 -1.041167 0.1330298 0.2000108 0.1904002 14.64868 1.315645 0 0.0 0.0023836630703978723 1.785420564589195 1.0 0.0
-0.00401583 0.002764326 3.136442 4.543891 0.8320888 2.155321 0.1094166 19.36651 nan 0 0.0 0.004875283460802664 5.521251111772132 1.0 0.0
-0.004479521 0.001951833 -0.4956465 -0.5091894 0.2558923 0.4294401 0.01598719 17.5768 0.7092133 0 0.0 0.004886282886748372 0.7105908091402604 1.0 0.0
-0.001368356 -0.009568726 -2.627297 -0.9907371 0.2474851 0.4392207 -0.04453094 17.90162 0.5309887 0 0.0 0.009666070318687527 2.807890583253808 1.0 0.0
0.00629578 0.01440701 -0.5583809 -0.5456624 0.4010614 0.8049926 -0.06657266 19.00552 0.7951736 0 0.0 0.015722556501679363 0.7807283037386117 1.0 0.0
-0.02691967 0.06108635 -1.529012 -0.5789689 0.1419124 0.2865035 0.2112777 17.25559 1.156992 1 0.9918875 0.06675485592248252 1.6349564774975542 1.0 0.0
0.001640439 9.009523e-05 -3.6335 -6.179141 0.5876485 0.9501137 0.2597538 15.39681 0.7653885 0 0.0 0.0016429112158573126 7.168270764130008 1.0 0.0
-0.01071003 0.01528892 -1.774913 -0.3579482 0.2274687 0.3768279 0.01087648 17.9104 0.7825718 0 0.0 0.01866697129604318 1.8106471416187748 1.0 0.0
-0.0297294 -0.01191017 -1.833627 -1.817245 0.4424243 0.8600113 -0.02291177 19.19468 0.9557304 0 0.0 0.032026385587338765 2.581582337473279 1.0 0.0
0.02088699 -0.07799261 3.355033 -4.642194 0.5798503 1.038244 0.1545927 19.34032 1.969481 1 0.0 0.0807410277731972 5.727670692762024 0.0 0.0
-0.00035845 -0.009049944 -1.687758 -3.716229 0.6542704 1.145332 -0.1457539 18.81193 0.2868252 0 0.0 0.009057039958266499 4.081529743491403 1.0 0.0
-0.03630101 -0.007065186 -1.194561 -0.3563653 0.1124575 0.2057689 0.2006378 17.05196 1.185179 1 0.9999114 0.03698216029702289 1.2465842168762968 1.0 0.0
0.002011285 0.001936422 -3.992533 0.3345323 0.587803 0.8400619 -0.02096205 17.35459 nan 0 0.0 0.002791952276330847 4.006523632256808 1.0 0.0
0.004010405 -0.002820391 -1.096078 -0.471396 0.3381493 0.5240014 0.2992502 15.42403 1.191134 0 0.0 0.0049028515842217775 1.1931475897390063 1.0 0.0
-0.06541095 -0.07276423 -0.9783684 -8.341789 0.8051816 1.87027 -0.01839249 19.94752 2.008211 0 0.0 0.09784286150453389 8.398967105938656 0.0 0.0
0.001970143 8.247719e-05 5.848201 -23.98775 0.4738801 1.301535 -0.1279145 16.02103 nan 0 0.0 0.0019718686384542195 24.690354493180145 0.0 0.0
0.0009808786 0.008310751 -0.804259 0.09295743 0.3852235 0.519224 0.1750143 18.2783 0.7035866 0 0.0 0.00836843503959605 0.8096132551244482 1.0 0.0
0.0002392737 -0.01611095 3.169833 16.25711 3.49847 4.001501 0.06645572 20.43731 nan 0 0.0 0.016112726703013728 16.56325652762732 0.0 0.0
-0.01352677 -0.003207899 -0.5341602 10.07345 0.7950087 1.918631 -0.1054535 19.47946 0.5588055 0 0.0 0.013901946720769038 10.087602392132831 1.0 0.0
-0.007179935 -0.005818405 -0.6046627 1.85596 0.3615485 0.5353513 0.1270554 17.94988 0.3134747 0 0.0 0.00924149897734399 1.951974513760692 1.0 0.0
-0.007139321 -0.0102549 -0.8611746 0.4696448 0.1908249 0.3536753 -0.05909705 18.01025 0.5650043 0 0.0 0.012495314255793689 0.980911784949187 1.0 0.0
-0.006786687 0.007174402 -1.472445 -0.4493374 0.1397312 0.2333163 0.01708543 16.97068 1.002337 0 0.0 0.009875786778458361 1.5394799047287886 1.0 0.0
