jas1101finalproject/data/gcs/NGC_6626_M_28.ecsv
# %ECSV 0.9
# ---
# datatype:
# - {name: x, unit: deg, datatype: float64}
# - {name: y, unit: deg, datatype: float64}
# - {name: pmx, unit: mas / yr, datatype: float64}
# - {name: pmy, unit: mas / yr, datatype: float64}
# - {name: pmx_e, unit: mas / yr, datatype: float64}
# - {name: pmy_e, unit: mas / yr, datatype: float64}
# - {name: pm_corr, datatype: float64}
# - {name: g_mag, unit: mag, datatype: float64}
# - {name: bp_rp, unit: mag, datatype: float64}
# - {name: filter, datatype: int64}
# - {name: memberprob, datatype: float64}
# - {name: r, unit: deg, datatype: float64}
# - {name: pm, unit: mas / yr, datatype: float64}
# - {name: member_prob_GMM, datatype: float64}
# - {name: member_prob_DB, datatype: float64}
# meta: !!omap
# - comments: [deg deg mas/yr mas/yr mas/yr mas/yr dimless mag   mag   zeroone float]
# - __serialized_columns__:
#     bp_rp:
#       __class__: astropy.units.quantity.Quantity
#       unit: &id001 !astropy.units.Unit {unit: mag}
#       value: !astropy.table.SerializedColumn {name: bp_rp}
#     g_mag:
#       __class__: astropy.units.quantity.Quantity
#       unit: *id001
#       value: !astropy.table.SerializedColumn {name: g_mag}
#     pm:
#       __class__: astropy.units.quantity.Quantity
#       unit: !astropy.units.Unit {unit: mas / yr}
#       value: !astropy.table.SerializedColumn {name: pm}
#     pmx:
#       __class__: astropy.units.quantity.Quantity
#       unit: !astropy.units.Unit {unit: mas / yr}
#       value: !astropy.table.SerializedColumn {name: pmx}
#     pmx_e:
#       __class__: astropy.units.quantity.Quantity
#       unit: !astropy.units.Unit {unit: mas / yr}
#       value: !astropy.table.SerializedColumn {name: pmx_e}
#     pmy:
#       __class__: astropy.units.quantity.Quantity
#       unit: !astropy.units.Unit {unit: mas / yr}
#       value: !astropy.table.SerializedColumn {name: pmy}
#     pmy_e:
#       __class__: astropy.units.quantity.Quantity
#       unit: !astropy.units.Unit {unit: mas / yr}
#       value: !astropy.table.SerializedColumn {name: pmy_e}
#     r:
#       __class__: astropy.units.quantity.Quantity
#       unit: &id002 !astropy.units.Unit {unit: deg}
#       value: !astropy.table.SerializedColumn {name: r}
#     x:
#       __class__: astropy.units.quantity.Quantity
#       unit: *id002
#       value: !astropy.table.SerializedColumn {name: x}
#     y:
#       __class__: astropy.units.quantity.Quantity
#       unit: *id002
#       value: !astropy.table.SerializedColumn {name: y}
# schema: astropy-2.0
x y pmx pmy pmx_e pmy_e pm_corr g_mag bp_rp filter memberprob r pm member_prob_GMM member_prob_DB
[from data line 7417]
-0.05989398 -0.01441638 -0.8482849 -1.511686 1.133364 1.053682 0.2789906 18.94043 1.108217 0 0.0 0.06160455220634917 1.7334306545587597 0.0 0.0
0.07612633 -0.004097021 -0.1267158 -9.093203 0.390884 0.3472358 0.3960674 17.31649 1.498419 0 0.0 0.0762364984790313 9.094085863525738 0.0 0.0
0.02010709 -0.05820957 -0.4605183 -9.219793 0.1102806 0.09065527 -0.3473111 14.83302 1.479079 1 0.9814353 0.061584487558580855 9.231287021184201 0.0 1.0
-0.07816559 -0.05835855 0.6366289 -4.11213 0.4004376 0.3350573 -0.2069328 18.07121 1.285858 0 0.0 0.09754783348773359 4.161118779032293 0.0 0.0
0.04473998 -0.05153841 -4.345323 -7.39871 0.6061844 0.5923699 0.03119126 18.38127 nan 0 0.0 0.06824861548579941 8.580369551390488 0.0 0.0
0.0687979 0.01131865 0.4651271 0.1018125 0.6218375 0.5258003 -0.06138697 18.73765 1.34358 0 0.0 0.06972275727646246 0.47613968991322286 0.0 0.0
0.08025785 0.005425667 1.33247 -2.53594 1.176612 1.372145 0.6567318 19.11744 nan 0 0.0 0.08044103647403725 2.864693349121333 0.0 0.0
0.07195118 0.00544604 -3.024922 -8.277624 1.604507 1.830509 0.4559712 19.30571 nan 0 0.0 0.07215699311275381 8.813013797303395 1.0 0.0
0.02722541 -0.03135548 -1.314953 1.914381 0.6213539 0.5017738 -0.1361201 18.20559 1.079153 0 0.0 0.041525763998974174 2.322489183046931 0.0 0.0
0.05106495 -0.01576664 -0.3291295 -9.794503 0.3163729 0.2879709 0.4223045 17.34453 1.35881 0 0.0 0.05344357824277955 9.800031389989487 0.0 1.0
0.01565481 -0.03188562 -2.578765 -5.308056 0.4413609 0.3918001 -0.7282103 16.74047 1.592271 0 0.0 0.03552134342786742 5.90131234763599 0.0 0.0
0.04372591 -0.02345235 0.4145588 -9.70997 0.4738432 0.4596245 0.5374061 17.4505 0.6785965 0 0.0 0.049618221711893305 9.718815586251107 0.0 1.0
0.02589984 -0.01658659 0.01666221 -9.258922 0.73727 0.6457429 0.239483 18.27764 0.9761829 0 0.0 0.030755758482822367 9.258936992513021 1.0 1.0
0.04362271 -0.002124336 1.893922 -6.009815 1.280452 1.480542 0.59585 19.22087 0.9602108 0 0.0 0.04367440476051158 6.3011758328354075 0.0 0.0
0.06777441 0.01322085 -1.899507 -3.48048 0.9714082 0.8440509 0.03639044 19.01926 1.502869 0 0.0 0.0690518756122569 3.965081067702021 0.0 0.0
-0.07658975 -0.05575785 -0.6270097 -6.472738 0.5138964 0.4222035 -0.3045881 18.10643 1.307882 0 0.0 0.09473609471413205 6.503036089438385 0.0 0.0
0.04747958 0.01960276 -0.1755979 -9.653502 0.5467954 0.4434095 -0.3281212 18.32463 1.381084 0 0.0 0.05136709760726218 9.655098937167262 0.0 1.0
-0.01083486 -0.03925319 -5.347351 -2.456506 0.5272176 0.4083572 0.0596438 17.05163 nan 0 0.0 0.040721089332134766 5.8846057170584505 0.0 0.0
0.02565549 0.006566765 -1.978332 -9.798996 0.5147891 0.4253143 0.3117513 17.95055 1.403477 0 0.0 0.026482571055419166 9.996705462813237 0.0 0.0
-0.0004551993 -0.05654282 0.2764834 -8.747241 0.5861326 0.5032484 -0.1455034 18.29739 1.064636 0 0.0 0.056544652266638976 8.751609462410704 1.0 1.0
0.02163931 -0.0005506917 -0.2282643 -9.373739 0.2738684 0.2263221 0.03344391 16.82482 nan 0 0.0 0.02164631605203409 9.37651787343124 0.0 1.0
0.006269437 -0.06444131 -6.750046 -7.95993 0.6164401 0.4787088 -0.360927 18.40237 nan 0 0.0 0.0647455656768328 10.436647287659769 0.0 0.0
0.06878231 -0.01670601 4.587776 -3.026255 0.5682014 0.4782692 -0.09125122 18.69544 1.162386 0 0.0 0.07078203825163697 5.495990170224197 0.0 0.0
0.07641596 0.01655176 -0.1123823 -9.002904 0.3759178 0.3231016 0.1517324 17.87022 0.6895466 0 0.0 0.07818797670882142 9.003605400869658 0.0 0.0
-0.04446146 -0.04843887 2.091243 -8.19211 0.5505438 0.4341294 -0.5388707 18.24397 nan 0 0.0 0.0657506315726967 8.454818953540578 0.0 0.0
0.06490801 -0.01392873 -0.08306506 -9.38342 0.3726491 0.3182785 -0.02154955 18.07726 1.206673 0 0.0 0.06638568581835244 9.383787652147333 0.0 0.0
-0.05654064 -0.02209951 -0.5364508 -4.015624 0.3198934 0.2718956 -0.1022048 17.80278 1.478157 0 0.0 0.060706114303665494 4.051298010538924 0.0 0.0
-0.01025242 -0.05353536 -2.083281 -5.129221 0.3604822 0.2694178 0.007902594 17.40505 1.013702 0 0.0 0.05450822769257867 5.536150990697599 0.0 0.0
0.06873284 -0.00609159 -5.31872 -7.344467 0.4157935 0.3575052 0.144725 18.1289 1.68185 0 0.0 0.06900225187045493 9.068074655211491 0.0 0.0
0.03808338 -0.008239372 -1.665584 -5.740845 0.1983687 0.1695452 0.09950985 16.61742 1.650627 0 0.0 0.038964484895591574 5.977580729281788 0.0 0.0
0.02224127 -0.0403419 0.1456341 -3.178908 1.297513 1.881985 0.5488421 19.15786 1.218494 0 0.0 0.04606672320474835 3.18224219121468 0.0 0.0
-0.0669302 -0.05740781 -7.145542 -3.218713 0.1418927 0.1164286 -0.2811691 16.2042 1.70542 1 0.0 0.08817770875360789 7.837020087388637 0.0 0.0
0.04398229 -0.003129636 0.700039 -6.3616 0.9452991 0.7181028 -0.3110829 18.7906 0.9807243 0 0.0 0.044093496744266 6.400000715743789 0.0 0.0
0.07097433 -0.008026908 -1.163088 -8.023065 0.1139043 0.09679494 -0.06688359 15.60961 0.5954962 1 2.668685e-05 0.07142679308907383 8.106931952962787 0.0 0.0
-0.04886201 -0.04860457 0.6946919 -2.841838 0.1466121 0.1371887 0.1010327 15.70629 1.725893 1 0.0 0.06891952006597986 2.9255153484761642 0.0 0.0
-0.007457478 -0.04844826 -0.2273102 -8.033518 0.6908909 0.5652198 -0.3096687 18.70239 0.9267406 0 0.0 0.04901885224225557 8.036733253216013 0.0 1.0
0.01039435 -0.04553214 0.4542778 -10.04204 0.9221043 0.7341659 0.0723076 18.80501 nan 0 0.0 0.04670351469538562 10.052309967424048 0.0 1.0
0.05962745 0.0009989392 1.807159 -7.316386 1.616551 1.824674 0.6522296 19.47076 1.557913 0 0.0 0.059635817031611096 7.536267494740151 0.0 0.0
-0.07816452 -0.06005418 -0.909224 -0.4516448 0.6622396 0.5535835 -0.1827984 18.76183 1.270454 0 0.0 0.09857077012128292 1.01521983212654 0.0 0.0
0.0696667 -0.01934628 -1.072815 -1.647038 0.4807921 0.4071185 -0.07514862 18.24354 1.34977 0 0.0 0.07230302648387825 1.9656210717401763 0.0 0.0
-0.08734487 -0.03155119 -5.399914 -6.718447 0.3543017 0.3187241 0.09220707 17.84823 1.355194 0 0.0 0.09286874558070116 8.619547627294892 0.0 0.0
0.02011708 0.003067806 -0.7288027 -8.043536 0.5677168 0.4817539 0.04702664 18.12778 nan 0 0.0 0.02034965211938612 8.076485916462882 0.0 1.0
-0.08209767 -0.05493741 -1.48975 -2.197787 0.6540995 0.5424873 -0.1510135 18.53458 1.160566 0 0.0 0.09878333076454245 2.655112570093592 0.0 0.0
-0.09611054 -0.04323258 -1.081945 -5.00119 0.6762404 0.6091308 0.09005387 18.80669 1.397257 0 0.0 0.10538639320399953 5.116884442619845 0.0 0.0
0.0101981 -0.07580745 0.5485828 -8.714315 0.5472412 0.4540423 -0.2493663 18.42951 1.149946 0 0.0 0.07649033088641008 8.73156509496899 1.0 0.0
0.05190353 0.003428571 0.1289388 -8.978032 0.1504446 0.1276264 -0.09440055 16.28923 1.624919 1 0.9810541 0.05201664661974031 8.978957835248446 1.0 1.0
0.06006468 -0.01088787 -1.113701 -8.955358 0.5829725 0.4949658 -0.04321556 18.7414 1.139463 0 0.0 0.06104352133223722 9.024343013514336 1.0 1.0
-0.05274351 -0.03283048 -0.116403 -2.763419 0.539586 0.4425847 -0.2470673 18.57104 nan 0 0.0 0.06212663087718905 2.76586952475528 0.0 0.0
-0.005216524 -0.02781064 7.775082 -1.030774 1.217704 0.9806987 -0.1874566 18.40108 1.039507 0 0.0 0.028295650193133504 7.843111317952844 0.0 0.0
-0.057563 -0.02618362 1.413303 -2.853099 1.012558 0.9095583 -0.0008989734 19.10402 0.701786 0 0.0 0.06323828686250443 3.1839596846709597 0.0 0.0
-0.07950199 -0.04591586 0.06008286 -9.183391 0.5152432 0.4184329 -0.4012573 18.26294 1.400011 0 0.0 0.09180867395567643 9.183587545667912 0.0 0.0
0.01700511 -0.07574907 -4.249064 -5.373471 0.6756644 0.516698 -0.4012515 18.52991 1.264391 0 0.0 0.07763436978540497 6.850455128233233 0.0 0.0
0.03248263 -0.03941148 -1.392253 -1.576857 0.1331414 0.1096771 -0.3066161 15.32771 1.889344 1 0.0 0.051072360504555686 2.1035318905255513 0.0 0.0
0.03697444 -0.01327253 -0.0266412 -8.982888 0.2512456 0.2112663 -0.0965832 17.12359 1.577435 0 0.0 0.0392844659619359 8.98292750577903 1.0 1.0
-0.05013303 -0.05381404 -0.2654373 -8.955735 0.6130244 0.4844021 -0.5322697 18.17857 nan 0 0.0 0.07354775046255664 8.959667758932598 1.0 0.0
0.0545106 0.01328463 0.7797505 -1.844922 0.1572746 0.1363932 -0.005367905 16.46612 1.558517 1 0.0 0.05610603271125931 2.002934853741941 0.0 0.0
0.06296228 -0.02923229 -1.79463 -5.367001 1.424256 1.597334 0.6495235 19.07842 1.133133 0 0.0 0.0694174004226786 5.659098565222291 0.0 0.0
-0.01014292 -0.03887929 -1.717404 -5.179477 0.775518 0.4690849 0.6842804 17.47554 1.517807 0 0.0 0.040180567654408514 5.456780964336484 0.0 0.0
-0.0844771 -0.05588315 -6.115759 -4.142435 0.1381041 0.1184571 -0.1794891 15.92886 1.691787 1 0.0 0.10128823662366968 7.386628180388262 0.0 0.0
0.00593806 -0.04987106 -0.7459384 -7.212772 0.6053533 0.4818537 0.1182743 18.0252 nan 0 0.0 0.05022333304438486 7.251241550284928 0.0 0.0
0.04346662 -0.05227229 -1.708366 -2.384194 0.2459951 0.1911806 -0.3373477 16.40151 nan 0 0.0 0.06798337558600999 2.9330692831216925 0.0 0.0
0.06937211 -0.00166499 -2.162572 3.323234 0.5221463 0.4406833 -0.07514072 18.56478 1.416943 0 0.0 0.06939208771576338 3.964921420903572 0.0 0.0
0.0721295 -0.02109864 -5.283823 -9.534027 1.515433 1.871562 0.6861151 19.38232 nan 0 0.0 0.07515196191783419 10.900296157997635 0.0 0.0
0.06486532 0.01023741 -0.4743454 -4.519945 0.3090515 0.2721387 0.3388844 17.44877 1.677788 0 0.0 0.06566821378879206 4.544766920484059 0.0 0.0
-0.07149743 -0.05589785 0.2831738 -4.946508 0.8222846 0.6558334 -0.476527 18.67888 1.260059 0 0.0 0.09075490141709923 4.954606825477723 0.0 0.0
-0.07156022 -0.04306906 -2.028496 -2.767723 0.5412886 0.4535342 -0.1910674 18.18955 1.208555 0 0.0 0.08352130875250938 3.431484609719968 0.0 0.0
0.01415692 -0.05928068 -0.4689667 -9.890208 0.5970663 0.5064085 -0.1968979 18.41965 1.243248 0 0.0 0.060947661195068024 9.901320318471313 0.0 1.0
-0.009479084 -0.03290542 -0.4568814 1.21034 1.704161 1.421977 -0.173381 18.78606 1.396078 0 0.0 0.03424353513957716 1.2937014838307792 0.0 0.0
0.05824424 0.003524929 2.431373 4.428753 1.163774 1.423681 0.6433865 19.12964 0.8964291 0 0.0 0.05835080648656573 5.052269569227081 0.0 0.0
-0.05982369 -0.04519714 -1.038731 -8.8311 0.195917 0.1630423 -0.2102441 16.13078 1.484343 0 0.0 0.07497769901374475 8.891978930494663 1.0 0.0
0.05450634 0.003618186 -4.140252 -5.080697 0.1185715 0.1007627 -0.06716486 15.71872 1.682117 1 0.0 0.054626297422818215 6.554019272882328 0.0 0.0
-0.007208353 -0.04901282 -2.981256 0.9456601 0.8284684 0.881572 0.1279983 18.83637 nan 0 0.0 0.04954005326324356 3.1276445389890473 0.0 0.0
0.04108442 0.02478159 -1.937206 -3.733881 0.8196903 0.597067 -0.490495 18.47492 1.183538 0 0.0 0.047979753747434975 4.206499067942009 0.0 0.0
-0.05725695 -0.02952515 0.7188391 -2.552345 0.5566436 0.4692849 -0.2127951 18.37683 1.584871 0 0.0 0.06442121394249724 2.6516399926675205 0.0 0.0
0.02932056 -0.06746014 -1.013551 -7.090013 0.4532745 0.3705091 -0.0278311 17.97462 1.316639 0 0.0 0.07355654782229248 7.162092569198614 0.0 0.0
0.0369912 -0.04969144 -4.058889 -2.630159 0.5026795 0.4226994 -0.2690177 18.08243 1.26652 0 0.0 0.06194826944082942 4.836560376920978 0.0 0.0
-0.08715217 -0.03004616 -3.224108 -4.28233 0.1217784 0.09871311 -0.248748 15.64883 1.857004 1 0.0 0.09218607523077713 5.360337920743803 0.0 0.0
0.01233458 -0.01743326 -0.8020926 -11.41955 0.2955873 0.2356895 -0.3364758 16.86354 1.336008 0 0.0 0.02135557112333922 11.447684252348802 0.0 0.0
0.01595999 -0.02651075 -0.577943 -0.9791914 0.9082497 0.7568125 0.226331 18.11805 1.17976 0 0.0 0.030944161749231466 1.1370285436535708 0.0 0.0
0.03927256 -0.01236534 7.329734 7.326067 1.151929 1.107815 0.2836457 18.59602 1.199503 0 0.0 0.04117323890914097 10.363216595210437 0.0 0.0
-0.008482398 -0.03571106 0.1457295 -8.840879 0.2710107 0.2028743 -0.108663 17.10518 1.291159 0 0.0 0.03670464387722627 8.842079991710731 1.0 1.0
0.0002367432 -0.02209993 1.252655 -6.247484 1.177811 1.202646 0.4970142 18.29741 nan 0 0.0 0.02210119800706845 6.3718286919283225 0.0 0.0
0.08318041 -0.01309281 -5.399606 -5.427879 2.063804 1.936106 0.4266348 19.8128 nan 0 0.0 0.08420452649035086 7.656214168495876 0.0 0.0
-0.009782214 -0.04997621 -14.79363 2.630536 1.054778 0.8264986 -0.1740405 18.65673 nan 0 0.0 0.05092458420749153 15.025684950250888 0.0 0.0
0.05816937 -0.03785878 -1.693227 -8.717452 0.8369336 0.8485883 0.05922358 18.8455 nan 0 0.0 0.0694043430145787 8.880370884475097 1.0 0.0
0.01410628 -0.01807051 -0.2258452 -9.273975 1.114393 1.052641 0.1924923 17.93095 1.122307 0 0.0 0.022924451293291626 9.276724548836624 0.0 1.0
0.05734592 -0.02296391 -1.627104 -6.375095 1.500523 1.715485 0.6615755 19.40855 1.246222 0 0.0 0.061772936656229155 6.579460744304278 0.0 0.0
-0.07105526 -0.05479324 -3.820553 -2.137093 0.9770394 0.7735041 -0.3315498 18.5652 nan 0 0.0 0.08972819581026467 4.377646824089171 0.0 0.0
0.0181176 -0.03722081 -5.085808 -5.465897 0.2394205 0.201833 -0.08318934 16.88956 1.751405 1 0.0 0.041396088303317986 7.466021231383755 0.0 0.0
-0.006820931 -0.04806866 -3.321475 -1.776703 0.8141612 0.6862496 -0.2368853 18.90011 nan 0 0.0 0.04855019231581231 3.7668116127348337 0.0 0.0
0.05993644 0.01012355 -5.616613 -9.532997 0.465652 0.4185915 0.4150015 17.59129 1.577578 0 0.0 0.06078538561592005 11.064554821310164 0.0 0.0
-0.08455198 -0.02738741 -3.339446 -3.683975 0.5655928 0.4968431 -0.02954009 18.63408 nan 0 0.0 0.08887692359903385 4.972280300580509 0.0 0.0
0.05705702 0.01085542 1.397348 -5.932308 1.933889 1.531126 -0.292168 18.92763 1.281986 0 0.0 0.058080493064856124 6.09465828738314 0.0 0.0
-0.0005105196 -0.06374688 -0.1501301 0.4075658 0.6133475 0.4791868 0.1923451 17.95253 1.201229 0 0.0 0.06374892422618898 0.4343373438419151 0.0 0.0
0.01648599 -0.02621709 -3.599368 -7.806185 0.1276603 0.098088 -0.4094362 15.19083 1.523294 0 0.0 0.030969721896526612 8.596044104915295 1.0 0.0
0.06969751 -0.01380736 -0.2337146 -8.924102 0.4843469 0.4102124 -0.05395702 18.48722 0.9858379 0 0.0 0.07105199568182234 8.927161868178326 1.0 0.0
0.07815393 0.006123197 0.3748597 -1.836498 0.5798809 0.4952087 -0.05067095 18.73986 1.295517 0 0.0 0.07839343286236232 1.8743651455060963 0.0 0.0
-0.09354418 -0.03308351 -0.7530799 -7.195916 0.1423898 0.112328 -0.4928471 15.0697 2.271555 1 0.0 0.09922213586590696 7.235215022018352 0.0 0.0
0.04546042 0.02602175 -3.472694 -7.660808 0.3798459 0.325507 0.3161761 17.44444 1.327862 0 0.0 0.05238111548677538 8.411158233590664 0.0 0.0
0.03944094 -0.005243353 -2.4383 -9.410629 1.151816 1.00139 0.1257814 18.87995 nan 0 0.0 0.03978794413847251 9.721380820934906 0.0 0.0
-0.06511727 -0.03163094 -0.5282865 -4.117965 0.3167016 0.2563884 -0.3147165 15.54923 1.738933 0 0.0 0.07239319869667661 4.151713184615147 0.0 0.0
0.05070254 -0.02188145 -2.725798 -3.904686 0.1589248 0.1384046 0.03364213 15.71442 2.017294 0 0.0 0.055222689327432246 4.761989867208875 0.0 0.0
0.0696803 0.004760695 2.858684 -2.731091 0.5789457 0.4772552 0.001432914 18.67636 nan 0 0.0 0.06984274067484054 3.953597382402133 0.0 0.0
0.07210636 -0.01332809 -1.557068 -5.144682 0.1917517 0.1640853 -0.02160769 16.90001 nan 0 0.0 0.07332779238118177 5.375147778224149 0.0 0.0
0.08023182 0.007981532 -3.294644 -4.394749 1.748377 2.143734 0.6620917 19.63328 0.9875679 0 0.0 0.08062784750679769 5.492585717104195 0.0 0.0
0.03941699 0.006467776 0.5970779 -11.52416 1.518767 1.302695 -0.02180317 18.93522 1.193739 0 0.0 0.03994410127974187 11.539617226072467 0.0 0.0
-0.09536834 -0.03662113 -3.096422 -7.885807 0.6822904 0.5967468 -0.04035012 18.85479 1.169043 0 0.0 0.10215785548274053 8.47194081915903 0.0 0.0
-0.07602946 -0.06676862 -3.70226 -3.043771 0.248419 0.21381 0.04245789 17.22789 1.473021 0 0.0 0.10118560868323123 4.792835382948281 0.0 0.0
0.04406116 -0.01489419 -3.485374 -5.747612 0.1830366 0.1746646 0.2238827 16.56109 1.865538 1 0.0 0.04651045813902181 6.721820856168364 0.0 0.0
0.04304644 0.01268834 0.7633052 -10.13817 0.5430089 0.4475058 -0.2756977 18.39399 1.319695 0 0.0 0.044877499580850085 10.166864107346328 0.0 1.0
0.05333388 -0.01847985 1.965302 -8.858472 0.6037999 0.5229127 0.01614084 18.30835 1.426764 0 0.0 0.05644473059442219 9.07386015574342 1.0 0.0
