jas1101finalproject/data/gcs/NGC_4147.ecsv
# %ECSV 0.9
# ---
# datatype:
# - {name: x, unit: deg, datatype: float64}
# - {name: y, unit: deg, datatype: float64}
# - {name: pmx, unit: mas / yr, datatype: float64}
# - {name: pmy, unit: mas / yr, datatype: float64}
# - {name: pmx_e, unit: mas / yr, datatype: float64}
# - {name: pmy_e, unit: mas / yr, datatype: float64}
# - {name: pm_corr, datatype: float64}
# - {name: g_mag, unit: mag, datatype: float64}
# - {name: bp_rp, unit: mag, datatype: float64}
# - {name: filter, datatype: int64}
# - {name: memberprob, datatype: float64}
# - {name: r, unit: deg, datatype: float64}
# - {name: pm, unit: mas / yr, datatype: float64}
# - {name: member_prob_GMM, datatype: float64}
# meta: !!omap
# - comments: [deg deg mas/yr mas/yr mas/yr mas/yr dimless mag   mag   zeroone float]
# - __serialized_columns__:
#     bp_rp:
#       __class__: astropy.units.quantity.Quantity
#       unit: &id001 !astropy.units.Unit {unit: mag}
#       value: !astropy.table.SerializedColumn {name: bp_rp}
#     g_mag:
#       __class__: astropy.units.quantity.Quantity
#       unit: *id001
#       value: !astropy.table.SerializedColumn {name: g_mag}
#     pm:
#       __class__: astropy.units.quantity.Quantity
#       unit: !astropy.units.Unit {unit: mas / yr}
#       value: !astropy.table.SerializedColumn {name: pm}
#     pmx:
#       __class__: astropy.units.quantity.Quantity
#       unit: !astropy.units.Unit {unit: mas / yr}
#       value: !astropy.table.SerializedColumn {name: pmx}
#     pmx_e:
#       __class__: astropy.units.quantity.Quantity
#       unit: !astropy.units.Unit {unit: mas / yr}
#       value: !astropy.table.SerializedColumn {name: pmx_e}
#     pmy:
#       __class__: astropy.units.quantity.Quantity
#       unit: !astropy.units.Unit {unit: mas / yr}
#       value: !astropy.table.SerializedColumn {name: pmy}
#     pmy_e:
#       __class__: astropy.units.quantity.Quantity
#       unit: !astropy.units.Unit {unit: mas / yr}
#       value: !astropy.table.SerializedColumn {name: pmy_e}
#     r:
#       __class__: astropy.units.quantity.Quantity
#       unit: &id002 !astropy.units.Unit {unit: deg}
#       value: !astropy.table.SerializedColumn {name: r}
#     x:
#       __class__: astropy.units.quantity.Quantity
#       unit: *id002
#       value: !astropy.table.SerializedColumn {name: x}
#     y:
#       __class__: astropy.units.quantity.Quantity
#       unit: *id002
#       value: !astropy.table.SerializedColumn {name: y}
# schema: astropy-2.0
x y pmx pmy pmx_e pmy_e pm_corr g_mag bp_rp filter memberprob r pm member_prob_GMM
[from data line 227]
-0.008533005 0.02805222 -5.541767 1.123949 4.565977 1.735911 -0.05537708 20.89798 0.6801529 0 0.0 0.02932131001947943 5.654594842859212 0.0
-0.08862816 0.04353978 -1.098717 -2.485116 1.666941 0.7036874 0.06092115 20.0004 0.4772816 1 0.9708691 0.09874544641366508 2.717164069309213 0.0
0.008015306 0.003256664 -2.095277 -0.4047453 1.413612 0.6471977 -0.0104074 19.51391 nan 0 0.0 0.008651646703520203 2.1340113553121243 0.0
-0.001243153 0.007530849 -2.449253 -2.357729 0.5794808 0.3831777 -0.1509243 18.9489 nan 0 0.0 0.007632765949654817 3.3996656152407105 0.0
-0.04746185 0.06042439 -0.610427 -1.543268 2.014036 0.7948763 0.06845799 20.22039 0.9156132 1 0.9855115 0.07683576063458082 1.6596075566690458 0.0
-0.07945102 0.05987743 0.8952814 -4.337527 1.823477 0.7547017 0.04962577 20.08989 0.651947 1 0.222084 0.09948754295109162 4.428958033320586 0.0
0.0003336738 -0.007483804 -1.063563 0.4310359 0.9282249 0.4734279 -0.08519959 19.34165 nan 0 0.0 0.007491238917243425 1.147587993165583 0.0
-0.009300517 0.01144688 -4.136638 -1.957313 1.288439 0.5139921 -0.02164128 19.54512 0.8188076 0 0.0 0.014748921255525401 4.576335665465657 0.0
0.000738744 -0.004182182 -10.03746 0.9837372 1.944406 1.017348 -0.08283965 19.45958 nan 0 0.0 0.004246927004159596 10.085551156494315 0.0
-0.001084006 0.01068369 0.7050037 -1.599427 3.574595 1.386434 0.1961741 20.67922 nan 0 0.0 0.01073854277935959 1.7479121675137712 0.0
0.02378408 0.000311278 1.804589 -2.143733 1.67988 0.7355829 -0.2441255 19.87747 0.6284695 1 0.9970174 0.023786116863407612 2.8021657042741066 0.0
0.0205075 0.05949969 -3.701624 -1.438532 1.395569 0.7351397 -0.2014657 20.04325 0.6350822 1 0.987943 0.06293465393839948 3.9713215120914094 0.0
-0.02430332 -0.001714253 -3.305988 -2.992898 1.376284 0.528699 0.05964341 19.5346 0.9080524 1 0.9969598 0.02436370305126889 4.4594837251130315 0.0
-0.0188058 -0.000522854 0.8646686 -6.624261 2.897138 2.340066 -0.1969741 20.6995 0.453249 0 0.0 0.018813066999968826 6.68045549225103 0.0
0.02834116 -0.0002049182 -2.264207 -2.925537 1.543693 0.7943329 -0.2063186 20.20176 0.5709171 0 0.0 0.028341900811595034 3.699378336588189 0.0
-0.001127435 0.005873362 -5.545488 -2.365039 1.72357 0.8493146 -0.1203536 19.46526 0.6825333 0 0.0 0.005980592852073196 6.0287516642888015 0.0
0.01956259 -0.02383057 1.172574 -1.879048 3.67018 1.017731 -0.06165983 20.43802 0.8764534 1 0.9972433 0.03083165571345464 2.214893038451293 0.0
-0.0347911 0.001503351 -1.455801 -1.631724 3.092344 1.192034 -0.06137536 20.57099 0.9166737 0 0.0 0.034823565346460444 2.1867509606210302 0.0
-0.001026339 -0.02186712 -3.566633 -2.250017 2.819801 1.251899 0.02945685 20.63813 nan 0 0.0 0.02189119249463859 4.217042501206029 0.0
-0.005322276 0.01704478 0.6954973 -2.23617 4.786344 2.457989 -0.07328879 20.96099 0.4474735 0 0.0 0.017856403531186674 2.341831070595676 0.0
0.01320951 -0.006707003 3.579628 -3.535615 2.805608 2.025866 -0.1971821 20.76683 0.3628426 0 0.0 0.014814690131153907 5.031332830037087 0.0
-0.001069528 0.0127608 -7.036875 -3.56788 2.986993 1.067357 0.1079512 20.43191 0.7483997 0 0.0 0.012805542033931402 7.889700720561269 0.0
-0.001633837 -0.00305684 -1.597822 -2.177188 0.2567999 0.1640008 -0.2410845 17.53904 0.2199345 0 0.0 0.00346607762869919 2.700589330318107 0.0
-0.01264211 0.01116672 0.246209 -1.355926 2.330792 0.7929366 0.02317392 20.15324 nan 0 0.0 0.01686767858392197 1.3780980332171584 0.0
-0.01060258 0.008978851 -1.683457 -5.658546 2.269353 1.344445 -0.09212945 20.61393 0.8773613 0 0.0 0.013893684462251222 5.903657366833293 0.0
-0.0007658351 -0.006156288 -1.042603 -2.08379 0.1693478 0.1136148 -0.2570443 16.9807 0.956707 0 0.0 0.006203739625365978 2.330064758694273 0.0
-0.001836289 0.004858659 -12.40187 -3.397533 2.494024 0.9484413 0.1288493 20.28675 nan 0 0.0 0.005194085537397512 12.858833927809668 0.0
-0.003789417 -0.003451627 -1.689817 -2.054216 0.1083258 0.06132201 -0.1995115 15.97039 1.116608 1 0.9999973 0.00512575947026565 2.6599407640293418 0.0
-0.02733236 0.05433554 -17.09994 -10.05646 0.7700187 0.3955631 -0.0938453 19.13169 0.8664131 0 0.0 0.06082276555913255 19.8378510866273 0.0
-0.0365693 0.007042663 -1.812395 -2.525994 1.776943 0.7804367 0.04272885 20.07814 0.4358826 1 0.9979103 0.037241278235602616 3.1089260724663426 0.0
-0.009532491 0.002091352 -14.21078 -3.543189 2.796477 1.956257 -0.138076 20.63651 nan 0 0.0 0.00975920784966613 14.645834100457407 0.0
0.03225333 -0.03288473 -1.621568 -2.12775 0.1290017 0.08387935 -0.2826021 16.55523 1.087858 1 0.9999746 0.04606172774942121 2.675220148160521 0.0
-0.009952874 -0.01258376 -1.573731 -2.130956 0.1525461 0.09874594 -0.2428158 16.9312 0.45331 1 0.9999915 0.01604402432675406 2.649075826452878 0.0
0.06785108 -0.00377198 -4.184281 0.7492797 2.092422 1.128884 -0.1637994 20.41024 0.472681 0 0.0 0.06795584515173657 4.250838453269318 0.0
-0.0006211359 0.001343406 -0.5012382 -1.717709 0.5794939 0.4656193 -0.2848818 17.75797 nan 0 0.0 0.0014800505015386501 1.7893473508014701 0.0
-0.01094966 0.01061538 -0.7453291 -2.879586 1.896145 0.7688505 -0.03152322 20.10886 0.7529659 0 0.0 0.015250617910760206 2.9744799543286238 0.0
0.005108389 -0.02442098 -1.628267 -2.094936 0.05945073 0.0428447 -0.2767677 14.7681 1.32001 1 0.9999968 0.02494954713688649 2.653301767116775 0.0
-0.04262778 0.01824974 -4.865332 -1.662921 2.260296 0.9228835 0.05269897 20.32154 0.4023438 0 0.0 0.046370040304015266 5.141669157235324 0.0
-0.00392001 -0.02046517 -1.791889 -2.319666 0.2407039 0.1684264 -0.2530813 17.75818 0.8882446 1 0.999944 0.020837218181153645 2.9311630012466043 0.0
-0.01369712 0.02356838 4.259443 -2.850503 4.076777 1.401052 0.1709927 20.77413 0.6611481 0 0.0 0.02725948701129205 5.125253361860075 0.0
-0.002979303 -0.005450545 -0.04275192 -2.116371 0.1608932 0.1044203 -0.2576973 16.32737 1.147611 0 0.0 0.006211657360385713 2.1168027627307855 0.0
-0.008651009 -0.01714621 -1.498264 -1.816486 0.417431 0.288423 -0.2236066 18.71519 0.8965969 1 0.9999058 0.019205011691800163 2.354658446971025 0.0
0.02097845 -0.006957995 -1.609635 -1.946538 0.4697129 0.3487568 -0.3100159 18.77596 0.8280411 0 0.0 0.02210224103620547 2.525853324852613 0.0
-0.0218591 -0.006997939 -1.776075 -2.250673 1.669408 0.8558484 -0.05903909 20.27439 0.494339 1 0.9991596 0.02295193680406342 2.867049242436202 0.0
-0.0003896716 0.00110308 -12.32318 0.2603172 0.8977665 0.6594797 -0.3260662 17.08378 nan 0 0.0 0.0011698843713147723 12.325929188382345 0.0
-0.06092869 0.05162816 -1.885927 -1.400967 1.924556 0.9522486 -0.04038274 20.19052 0.5898285 1 0.9812513 0.07986095522908364 2.3493465441305164 0.0
-0.01681013 -0.008022757 -1.849389 -2.168078 0.1278613 0.08650322 -0.2709424 16.63051 1.070094 1 0.9999837 0.018626462372064886 2.8497020699373117 0.0
-0.0001726812 -0.006945932 -1.901705 -1.234488 0.8711739 0.577492 -0.2486831 18.90981 nan 0 0.0 0.006948078162014115 2.2672544032748068 0.0
-0.01541523 0.0587324 -11.74964 -0.641125 3.729734 1.32735 0.09195243 20.52563 2.429049 0 0.0 0.0607216940286822 11.767118653061377 0.0
-0.0004764574 0.005997336 -1.00651 -1.83983 1.714019 0.7304933 0.04311223 19.44749 0.6774788 0 0.0 0.006016232272021315 2.0971496868368744 0.0
0.04363814 0.03407527 -3.577147 -1.208403 2.647389 1.054005 -0.08637994 20.51471 0.455822 1 0.9883234 0.055366156523931655 3.7757407842724056 0.0
0.002257661 0.004900625 3.606472 -1.999452 1.790632 0.9095417 -0.1105337 20.04058 nan 0 0.0 0.005395661088462284 4.123645060754866 0.0
0.02188949 -0.003902308 -2.929359 -1.84193 1.229203 0.6214608 -0.1678261 19.85738 0.6537075 0 0.0 0.02223460771380876 3.4603251690818015 0.0
-0.008056597 0.008705961 -2.196281 -1.113445 0.93824 0.4156271 -0.04962934 19.1874 0.8599014 0 0.0 0.011861808974769827 2.462399236311204 0.0
-0.01002731 -0.04831984 -5.485014 -5.443976 0.1529427 0.1039378 -0.2565853 16.87373 0.7050419 1 0.0 0.04934930479208092 7.728017421614162 0.0
-0.002718847 -0.002480807 -11.77814 -4.867589 1.494952 0.8230718 -0.1099499 19.02238 nan 0 0.0 0.003680561421937963 12.744332251339065 0.0
-0.01788027 -0.003744465 3.653465 -3.84484 2.921846 1.302596 -0.1194929 20.5358 0.4443455 0 0.0 0.018268143677153546 5.303828912382544 0.0
0.0001889858 0.006052649 -4.140271 -5.229054 1.554916 1.198772 -0.2492872 19.93437 nan 0 0.0 0.006055598694580301 6.669696371526743 1.0
-0.005928861 0.04449345 -2.567687 -1.372202 0.6692148 0.3834426 -0.1571085 19.04182 0.7925262 1 0.997168 0.04488672950505328 2.911349319262977 0.0
0.001577374 0.04526392 2.652706 -4.600402 1.469071 0.7589056 -0.2073897 19.94366 0.5993156 1 0.3945157 0.045291396120038914 5.3104187861260055 0.0
0.001939413 0.004034685 7.732536 1.730946 2.085773 0.7663669 0.06979364 19.45994 nan 0 0.0 0.0044766065087065675 7.92390604728577 0.0
-0.005062186 0.007460347 -17.22002 3.420179 2.345046 1.144699 -0.1660795 20.22098 nan 0 0.0 0.009015681031347825 17.556386678141976 0.0
-0.00718891 0.002325841 2.095338 0.633202 2.233838 1.181253 0.007088647 20.37193 nan 0 0.0 0.007555790054347791 2.1889235041563238 0.0
-0.005337045 0.007317304 2.291546 -4.902031 2.15538 0.8478529 -0.02912296 19.76178 0.9988136 0 0.0 0.00905687513220984 5.411200513294347 0.0
-0.003905132 -0.002530375 0.5933274 3.483 1.349547 0.8505928 -0.2452595 18.84845 nan 0 0.0 0.004653262680963648 3.533175116462636 0.0
0.01199492 -0.01609125 -4.599683 -2.946099 1.417586 0.6272789 -0.08963385 19.88094 0.6345844 0 0.0 0.020070038175571566 5.4622873430724965 0.0
0.05462475 0.007186719 -1.079097 -2.602357 0.3676524 0.2337439 -0.2654304 18.417 0.8940392 1 0.9966749 0.055095482959562674 2.817217118160757 0.0
0.008769291 -0.03050909 -1.697571 -2.096019 0.1763022 0.1353439 -0.3024711 17.27384 1.013622 1 0.9999786 0.03174437016654734 2.6972287534434303 0.0
-0.02716947 -0.01257045 -1.995866 -2.123532 0.1615407 0.1206078 -0.2998522 17.11837 0.6182785 1 0.9999147 0.02993653809783957 2.914252776438585 0.0
0.01669461 0.008658903 -0.1425133 -1.857012 1.102632 0.4411791 -0.1112854 19.37435 0.9749928 1 0.9994948 0.018806557479121716 1.8624724451172132 0.0
-0.01902498 -0.02014945 -1.577812 -2.363544 0.1971904 0.1381819 -0.2408628 17.43714 1.030729 1 0.9999054 0.027711914392601966 2.841800652276651 0.0
0.001722474 -0.001464203 -3.573189 -1.966262 0.3175472 0.229088 -0.2868341 17.02473 0.2988596 0 0.0 0.00226070942535413 4.078463666917361 0.0
0.01529156 0.007119541 5.55421 -8.080865 2.689149 1.364421 -0.1883576 19.8785 0.5264797 0 0.0 0.016867710908249553 9.80559166355223 0.0
-0.003312573 -0.03265505 -4.078822 -11.92726 0.104697 0.07091256 -0.2590588 16.23852 0.9354725 1 0.0 0.03282263594507347 12.605408363685962 0.0
-0.04804472 -0.05811333 -7.928409 -2.846248 1.65475 0.8398495 -0.101703 20.24055 0.6606045 1 0.1027227 0.07540195119204343 8.423823178865105 0.0
-0.01170317 -0.008229177 -4.374244 -0.5291392 2.232133 1.288886 -0.07662702 20.65047 nan 0 0.0 0.014306765607440035 4.406131961767899 0.0
-0.01283267 -0.02209361 -1.393456 -2.171536 0.2054996 0.1341513 -0.2345725 17.37988 1.01965 1 0.9999557 0.025550049357310447 2.580172130543232 0.0
0.01262966 0.009013321 -2.004485 -0.1069744 2.754134 1.452559 0.01453118 20.56472 -0.4164829 0 0.0 0.015516064809243385 2.0073374498275967 0.0
0.01328065 0.008729175 -5.591722 1.996604 1.971374 0.882986 -0.1609288 20.27863 0.6512375 0 0.0 0.01589258193633511 5.937489575409796 0.0
-0.02765398 -0.05632494 -4.875703 -1.854746 1.951215 1.097585 -0.135392 20.60385 0.6480598 1 0.9705032 0.0627474419864587 5.216566156843503 0.0
0.001317409 -0.002135594 -4.031462 2.996515 0.4771708 0.4620782 -0.4482705 17.83957 nan 0 0.0 0.002509248534146628 5.02312532221415 0.0
8.777199e-05 -0.09001665 -1.588981 -1.850272 0.4387054 0.2448841 -0.2150902 18.49119 0.9858112 1 0.9975226 0.09001669279164132 2.4389274471260927 0.0
0.005381108 0.04495692 2.086921 -2.887165 2.514228 0.9558453 -0.1201595 20.21772 0.6399727 0 0.0 0.04527781994745401 3.562437507868173 0.0
-0.01345213 0.01204035 -0.357221 -1.700388 1.462372 0.4280371 0.08525596 19.29344 0.9772644 0 0.0 0.01805352679282915 1.7375057390941189 0.0
-0.01016754 0.02688501 -1.965735 -2.287058 1.118266 0.4596043 0.003615202 19.46467 0.9737206 1 0.9995366 0.028743392846908314 3.01575005356694 0.0
-0.03883686 -0.04076453 3.107616 -4.592989 1.880247 1.043619 -0.136588 20.35855 0.2397099 1 0.686091 0.05630318464155025 5.545522983234044 0.0
-0.05000671 -0.03708235 -3.531214 -1.521439 1.550629 0.6724467 -0.04724211 19.99852 0.741663 1 0.9896754 0.06225569633813921 3.8450291214133867 0.0
0.003110572 0.03770322 -3.10442 -2.694626 3.449883 1.12166 -0.1380645 20.36254 1.226194 1 0.9936031 0.037831315818189354 4.110770343412048 0.0
0.02125203 0.003482865 -1.166819 -2.88092 0.5709422 0.3530609 -0.2515575 19.08049 0.9593906 1 0.9990455 0.02153553174939326 3.108241725664367 0.0
-0.01132721 -0.01107306 -4.619729 -1.711539 2.617251 1.589537 -0.162652 20.76131 0.4941578 0 0.0 0.01584040227228147 4.926587234786572 0.0
0.03364948 0.004627359 -2.029041 -1.902494 0.326843 0.2016786 -0.2647069 18.09132 0.9551983 1 0.9998763 0.03396615897603497 2.781454799150437 0.0
0.03084331 0.003036101 -5.06295 -1.819179 1.960497 0.5453535 -0.003592426 19.70089 0.6436329 0 0.0 0.03099238101595779 5.379858263610761 0.0
-0.0194861 -0.003702328 -0.8554319 -2.236248 1.853237 0.7010058 0.1188266 19.93397 0.7678127 0 0.0 0.019834700043852037 2.3942783574684063 0.0
0.01205193 -0.003828899 -0.1833732 -2.124081 0.4603703 0.2901301 -0.2451495 18.80668 0.9168606 0 0.0 0.012645532186392987 2.131981666206171 0.0
0.04682259 0.07788217 -0.2586574 -2.446297 1.387953 0.5114409 -0.09611716 19.51064 0.7649899 1 0.981968 0.0908734688356123 2.45993346714576 0.0
-0.002010023 -0.006995511 -2.159077 -4.35049 0.3529324 0.2537502 -0.2981535 17.52313 0.2976227 0 0.0 0.007278555255794243 4.8567866673376745 0.0
0.0004204765 -0.007012689 -1.670506 -1.865935 0.1468267 0.1012206 -0.2786129 16.43536 1.002388 0 0.0 0.007025283446080538 2.5044567714897776 0.0
0.006322841 0.0004928447 -1.339519 -2.06197 0.184635 0.1347517 -0.3149283 17.20131 0.9279613 0 0.0 0.006342019726364709 2.4588679167985013 0.0
-0.002834589 -0.002919496 -3.181362 -1.627712 0.1326931 0.08461199 -0.2554307 15.48752 1.012928 0 0.0 0.004069195460153887 3.573585108821112 0.0
-0.02972713 0.005431533 -1.788938 -2.624027 1.507694 0.5531679 -0.0380428 19.62749 0.6813278 1 0.9988675 0.030219262214140653 3.175817511220221 0.0
0.003675518 -0.002715393 -7.53887 4.93552 2.284988 1.086315 -0.01215671 19.16853 0.7027435 0 0.0 0.004569769328179815 9.010766812391719 0.0
-0.008621805 -0.01183616 -1.79593 -2.183118 0.2567386 0.17291 -0.242905 17.91467 0.953249 1 0.9999779 0.01464343556012813 2.826900912098618 0.0
-0.02324656 0.003275224 -0.5636762 -2.08119 0.8685217 0.3885972 -0.03047786 19.21561 0.8986015 1 0.9996419 0.023476150538019984 2.1561731550472563 0.0
-0.02784659 0.005007784 2.004435 -2.549842 3.626359 1.641267 -0.03477721 20.6678 0.8409882 0 0.0 0.028293293820599183 3.2433707611355502 0.0
0.03534187 0.005421158 -2.092819 -2.097296 0.4300679 0.2746716 -0.2827006 18.67376 0.1187229 1 0.9998033 0.03575523359115227 2.962860421683242 0.0
0.02400352 -0.01703603 -3.708378 -1.192636 1.76889 0.8536586 -0.201225 20.22682 0.1357288 0 0.0 0.02943459343275018 3.895439387203965 0.0
-0.01082133 -0.01882646 -1.811536 -2.277418 1.363574 0.6398667 -0.05968658 19.87171 0.7467995 1 0.9994962 0.02171489763044026 2.9100335781602245 0.0
0.03171505 -0.01717782 -0.3825894 -1.204513 1.21579 0.5765436 -0.1875193 19.64899 0.7343769 0 0.0 0.03606829489253547 1.2638141541228916 0.0
0.01961979 -0.01801696 -2.717306 -1.639407 1.910714 0.8419627 -0.1667933 20.23974 0.4667225 0 0.0 0.026637323575871882 3.173548047420269 0.0
0.05801073 0.004488937 -6.365387 -0.2051875 2.07315 0.8930228 -0.2108899 20.18902 0.5754623 0 0.0 0.05818415033772401 6.368693238799091 0.0
-0.06958085 -0.02846954 -2.491528 -9.983136 1.823437 1.047719 -0.1045666 20.42229 1.778913 1 0.0 0.0751798469972778 10.289349647537497 0.0
