jas1101finalproject/data/gcs/NGC_6453.ecsv
# %ECSV 0.9
# ---
# datatype:
# - {name: x, unit: deg, datatype: float64}
# - {name: y, unit: deg, datatype: float64}
# - {name: pmx, unit: mas / yr, datatype: float64}
# - {name: pmy, unit: mas / yr, datatype: float64}
# - {name: pmx_e, unit: mas / yr, datatype: float64}
# - {name: pmy_e, unit: mas / yr, datatype: float64}
# - {name: pm_corr, datatype: float64}
# - {name: g_mag, unit: mag, datatype: float64}
# - {name: bp_rp, unit: mag, datatype: float64}
# - {name: filter, datatype: int64}
# - {name: memberprob, datatype: float64}
# - {name: r, unit: deg, datatype: float64}
# - {name: pm, unit: mas / yr, datatype: float64}
# - {name: member_prob_GMM, datatype: float64}
# - {name: member_prob_DB, datatype: float64}
# meta: !!omap
# - comments: [deg deg mas/yr mas/yr mas/yr mas/yr dimless mag   mag   zeroone float]
# - __serialized_columns__:
#     bp_rp:
#       __class__: astropy.units.quantity.Quantity
#       unit: &id001 !astropy.units.Unit {unit: mag}
#       value: !astropy.table.SerializedColumn {name: bp_rp}
#     g_mag:
#       __class__: astropy.units.quantity.Quantity
#       unit: *id001
#       value: !astropy.table.SerializedColumn {name: g_mag}
#     pm:
#       __class__: astropy.units.quantity.Quantity
#       unit: !astropy.units.Unit {unit: mas / yr}
#       value: !astropy.table.SerializedColumn {name: pm}
#     pmx:
#       __class__: astropy.units.quantity.Quantity
#       unit: !astropy.units.Unit {unit: mas / yr}
#       value: !astropy.table.SerializedColumn {name: pmx}
#     pmx_e:
#       __class__: astropy.units.quantity.Quantity
#       unit: !astropy.units.Unit {unit: mas / yr}
#       value: !astropy.table.SerializedColumn {name: pmx_e}
#     pmy:
#       __class__: astropy.units.quantity.Quantity
#       unit: !astropy.units.Unit {unit: mas / yr}
#       value: !astropy.table.SerializedColumn {name: pmy}
#     pmy_e:
#       __class__: astropy.units.quantity.Quantity
#       unit: !astropy.units.Unit {unit: mas / yr}
#       value: !astropy.table.SerializedColumn {name: pmy_e}
#     r:
#       __class__: astropy.units.quantity.Quantity
#       unit: &id002 !astropy.units.Unit {unit: deg}
#       value: !astropy.table.SerializedColumn {name: r}
#     x:
#       __class__: astropy.units.quantity.Quantity
#       unit: *id002
#       value: !astropy.table.SerializedColumn {name: x}
#     y:
#       __class__: astropy.units.quantity.Quantity
#       unit: *id002
#       value: !astropy.table.SerializedColumn {name: y}
# schema: astropy-2.0
x y pmx pmy pmx_e pmy_e pm_corr g_mag bp_rp filter memberprob r pm member_prob_GMM member_prob_DB
[from data line 1349]
0.01313641 0.009078917 -7.219416 -3.377562 0.7614714 0.6740207 0.1258767 18.71529 nan 0 0.0 0.015968468980493686 7.970438660757638 0.0 0.0
0.02047682 0.02711714 1.005701 -4.268341 0.8649569 0.7609759 0.1722926 18.79556 1.150843 0 0.0 0.033979985860679816 4.385221704051233 0.0 0.0
0.02308821 0.01996008 -5.801762 -7.324075 1.024725 0.7918536 0.3640733 16.48184 1.886378 0 0.0 0.03051999729047334 9.343581588998353 0.0 0.0
0.0249751 0.02797421 -3.040251 -5.947908 0.09264498 0.07314004 0.2411172 14.89212 2.230084 1 0.0 0.03750082725932989 6.679875426942107 0.0 0.0
0.04582535 0.01576593 0.6099116 -3.684241 0.2082031 0.1688366 0.1509961 17.01579 1.44416 0 0.0 0.048461605951385885 3.734384006217834 0.0 0.0
0.03834867 -0.01561762 -2.75561 -4.450283 0.1925835 0.1595737 0.2008413 17.13618 1.818081 0 0.0 0.04140689006956813 5.234348598649979 0.0 0.0
0.01409167 0.0124891 0.8123388 -6.79924 0.4578217 0.3888466 0.198458 18.04467 1.731321 0 0.0 0.01882957201316323 6.847595118257609 0.0 0.0
0.04495369 -0.01637624 -0.496199 2.135686 0.6774707 0.5568503 0.08095849 18.87654 1.498304 0 0.0 0.04784365664488554 2.192571125003018 0.0 0.0
0.01223011 -0.003566666 -0.5933363 -4.924483 0.3402331 0.2852695 0.3208657 17.75166 1.681068 0 0.0 0.012739572087305601 4.9600988681866705 0.0 0.0
0.005273183 0.01429829 -5.00829 -5.064435 0.4524481 0.3761323 0.180516 16.74647 1.903085 0 0.0 0.015239670464796441 7.122602796262402 0.0 0.0
0.02074714 0.002725894 -0.04568582 -5.855607 0.293896 0.2289296 0.2162049 17.60172 nan 0 0.0 0.02092544662077338 5.855785219131425 0.0 0.0
0.04482624 -0.0198361 -0.4973244 -2.521336 0.6037942 0.5005099 0.1786549 18.34744 1.452496 0 0.0 0.04901900300646271 2.569915715297169 0.0 0.0
0.02578049 0.03206332 -5.319735 -8.890705 0.2361454 0.1999494 0.3415214 16.72977 1.755842 0 0.0 0.04114231585682191 10.360705374985335 0.0 0.0
0.04496487 0.004276526 -1.407364 -3.571502 0.2583624 0.2115823 0.2280236 15.1076 1.184648 0 0.0 0.04516777843491503 3.8387888668823664 0.0 0.0
0.03974404 0.01366716 -3.726342 -9.396067 1.693638 1.885641 0.8117433 19.35276 0.6822357 0 0.0 0.04202832352101616 10.10800176936337 0.0 0.0
0.04496417 0.002983343 -2.233374 -1.525208 0.7189101 0.5330269 -0.2851484 18.73912 nan 0 0.0 0.04506303273465456 2.704481256570287 0.0 0.0
0.02182849 0.00704004 -5.278253 -6.386353 1.335697 1.087691 0.1688981 18.84225 1.474112 0 0.0 0.022935673935633543 8.285255540574353 0.0 0.0
0.01075076 0.01723127 1.165371 -4.493446 0.7188658 0.630508 0.2709257 18.78946 1.621189 0 0.0 0.020309985386269977 4.642105828452966 0.0 0.0
0.02218487 0.02450363 -3.167524 0.01437979 0.9241682 0.779798 0.2410775 18.93366 1.65934 0 0.0 0.03305444508827519 3.167556640209681 0.0 0.0
0.0153455 -0.0003590226 5.244585 -5.479334 0.5000664 0.4040786 0.04665978 17.96617 nan 0 0.0 0.015349699263415903 7.584772435991801 0.0 0.0
0.003363516 0.009705498 -0.141864 -5.778042 0.08627961 0.07012025 0.1381155 15.04146 2.108683 1 0.9719479 0.010271802729329453 5.779783278658465 0.0 1.0
0.03702181 -0.006038311 -2.294575 -5.194593 0.1142673 0.09191483 0.122779 16.17596 1.757332 0 0.0 0.037511006590183915 5.6788089302488425 0.0 0.0
0.01408948 -0.0004122058 -0.1806859 -5.385018 0.1165546 0.09584573 0.1784523 15.76467 1.928647 1 0.1225097 0.014095508514840946 5.388048464405531 0.0 0.0
0.02473418 -0.02158626 0.3564228 -5.434279 0.2586913 0.2123174 0.3899796 15.14383 2.772368 0 0.0 0.03282904630140815 5.44595496329164 0.0 0.0
0.02270747 0.005910654 -3.728618 -4.059488 0.6042918 0.4836319 0.378438 18.72751 1.657913 0 0.0 0.023464122069845612 5.511990113567694 0.0 0.0
0.01474133 -0.00757632 -1.18425 -7.252989 0.4796946 0.4036707 0.172387 18.39635 1.422918 0 0.0 0.01657430043505004 7.349033779798607 0.0 0.0
0.04097823 0.01991122 -0.5958889 -2.750788 0.8408055 0.6880426 0.03486666 18.50307 1.545074 0 0.0 0.045559543630520484 2.8145902369771716 0.0 0.0
0.02261052 0.0189188 -2.562628 -2.238628 0.4713986 0.3883305 0.4366645 18.33273 1.517275 0 0.0 0.029481462109440908 3.402722085150064 0.0 0.0
0.01529467 -0.003574803 -5.687768 -3.080473 0.3257927 0.2690398 0.3111454 17.60849 1.90461 0 0.0 0.015706882150755094 6.46838609898582 0.0 0.0
0.04100517 -0.02729186 -0.2889887 -1.784184 0.1100048 0.09026644 0.1699411 16.13866 2.080448 1 0.0 0.04925717804532148 1.807436586600949 0.0 0.0
0.0130382 0.02362819 0.03004975 -1.240714 0.702406 0.5788831 0.3496878 18.93428 1.61492 0 0.0 0.026986774944703935 1.241077844968261 0.0 0.0
0.02356874 0.03100731 -5.340001 -4.896413 1.127842 0.9154657 0.3601624 17.64105 nan 0 0.0 0.03894789825682125 7.245030776095433 0.0 0.0
0.0353569 -0.02265822 -0.372514 -5.51611 0.4554192 0.3908958 0.2675125 17.787 1.564814 0 0.0 0.04199411043442163 5.528674001267936 0.0 0.0
0.01240554 -0.006282756 -3.589212 -5.716452 0.5920886 0.4660691 0.1838206 18.28277 1.716024 0 0.0 0.013905770228474796 6.749834534953283 0.0 0.0
0.02567129 0.003964295 0.999103 -9.403588 0.8542523 0.6939488 0.08334169 18.45128 nan 0 0.0 0.02597558016890335 9.456514901291754 0.0 0.0
0.02827369 -0.02612307 3.014119 -1.449987 0.5265564 0.4186831 0.02109205 16.88972 1.554647 0 0.0 0.038494367541771615 3.344753450753882 0.0 0.0
0.004468934 0.009510897 0.6520302 -6.044368 0.1539444 0.1220416 0.1128073 16.1492 1.940412 0 0.0 0.01050849812489706 6.079434834023311 0.0 1.0
0.03944864 0.02650757 -3.545533 -9.786333 0.4016489 0.3191484 0.1736384 17.74688 nan 0 0.0 0.04752732335356684 10.408800019261491 0.0 0.0
0.007533155 0.0004393251 -0.1885038 -5.441387 0.1352053 0.1108294 0.1956972 15.92352 1.877133 0 0.0 0.007545954598161522 5.444651151945681 0.0 0.0
0.02916096 -0.002403587 -3.546175 -5.712616 0.291458 0.2576639 0.1758259 17.66699 1.599184 0 0.0 0.02925984994131325 6.723789013203865 0.0 0.0
0.02834557 0.03736873 -3.660412 -8.71015 0.2143094 0.1777511 0.3290808 17.06463 1.70631 0 0.0 0.04690302037649388 9.448033077431726 0.0 0.0
0.02807392 -0.02278896 -6.215488 -4.942386 0.1969334 0.1617241 0.3377071 16.73538 nan 0 0.0 0.03615911616795964 7.940999335797731 0.0 0.0
0.02875683 -0.008804509 -2.186798 -3.156944 0.3223809 0.2541723 0.2992146 17.62832 1.719334 0 0.0 0.030074485039314987 3.840362080838212 0.0 0.0
0.0124832 0.009079018 -0.612146 -7.417632 0.6346067 0.5480956 0.1369849 18.09863 1.614311 0 0.0 0.015435635720122576 7.442848057883488 0.0 0.0
0.04121234 -0.01464624 -6.429184 -10.99601 0.1709469 0.1423615 0.1326189 16.62879 1.755102 0 0.0 0.043737504666055194 12.737607421566894 0.0 0.0
0.01763127 -0.001210154 -10.98911 -2.375487 0.7557918 0.6224241 0.2270408 18.6375 1.319761 0 0.0 0.017672751752814728 11.2429300931416 0.0 0.0
0.03873897 0.01346927 -4.135835 -7.306582 0.1364716 0.1121713 0.1924881 16.60299 1.804788 1 0.0 0.04101376635952616 8.395908031294114 0.0 0.0
0.0207981 0.005602163 2.24073 0.004689584 0.4905516 0.3984684 0.104501 18.29356 1.69243 0 0.0 0.021539387036045594 2.240734907368137 0.0 0.0
0.02387186 0.03643553 -1.299035 -5.58707 0.867179 0.7709864 0.128646 18.78104 1.512358 0 0.0 0.04355931067223746 5.736099991817175 0.0 0.0
0.01567255 0.002185319 0.999479 -7.953228 0.789718 0.5638286 -0.7469539 17.82779 nan 0 0.0 0.015824172731434053 8.015784047204926 0.0 0.0
0.04104583 0.004171743 -1.938515 -2.377279 0.3146219 0.2497052 0.2995637 17.75615 1.488968 0 0.0 0.04125728541781377 3.0674575545663223 0.0 0.0
0.03952071 0.01953046 3.826854 -4.011838 0.9689365 0.9147946 0.5360066 19.10454 1.482758 0 0.0 0.04408316443627544 5.544335458426014 0.0 0.0
0.03012793 0.03185205 -1.499829 -4.030203 0.1891467 0.1640767 0.2276982 16.8508 1.881966 0 0.0 0.043843417468160485 4.300235255244764 0.0 0.0
0.04847414 -0.009042559 -0.7966986 -3.512108 0.5727875 0.4798366 0.1346403 18.33277 1.40737 0 0.0 0.04931034497960931 3.6013374269715355 0.0 0.0
0.0264835 0.0300642 -1.80695 -6.519979 0.4013679 0.3145807 0.7823336 17.28053 1.71059 0 0.0 0.040065345298524506 6.765736801187362 0.0 0.0
0.007206592 0.0004965746 0.2274092 -5.50653 1.45945 1.279233 0.6667698 18.5268 nan 0 0.0 0.007223680127734697 5.511223782894743 0.0 0.0
0.03276804 -0.02814651 7.43461 -8.446657 0.501169 0.4130165 0.07497371 18.61344 nan 0 0.0 0.043196880334367894 11.252530396659633 0.0 0.0
0.01562717 0.02806805 1.936447 -1.328297 0.8387995 0.6618552 0.1234269 19.12616 1.235691 0 0.0 0.03212512837346179 2.348233358083902 0.0 0.0
0.02939882 0.03090627 -4.748145 -5.730187 0.1300374 0.1051354 0.2633642 16.23993 1.890163 0 0.0 0.04265545853352534 7.441768875475373 0.0 0.0
0.02506407 -0.01027579 -6.169226 -3.087894 1.134646 0.9605832 0.2081942 18.96259 1.512684 0 0.0 0.027088733176156468 6.898872284244143 0.0 0.0
0.0220344 0.02562519 -3.628803 -0.1480876 0.1092805 0.08837543 0.2924825 15.44322 2.44665 1 0.0 0.03379593386631149 3.631823391917999 0.0 0.0
0.03730904 0.01828789 -2.637642 -7.709747 0.1009247 0.08535793 0.1574862 15.2166 2.218466 1 0.0 0.04155010693576733 8.148457162197824 0.0 0.0
0.01353977 0.01761233 2.856235 -3.882686 0.4300041 0.322997 0.6808179 17.45608 1.799676 0 0.0 0.022215299675714482 4.820096363126053 0.0 0.0
0.04145893 -0.02380927 -3.136531 -7.659891 0.2354129 0.1922614 0.3403446 17.51808 1.792252 0 0.0 0.047809248212848945 8.277182905182293 0.0 0.0
0.01419112 0.006366494 -0.3412289 -6.097395 0.4067497 0.3289367 0.1261788 18.12373 1.586727 0 0.0 0.015553781942229871 6.106935643039003 0.0 0.0
0.005825015 0.001271066 -0.1656767 -5.810728 0.1205443 0.09779066 0.30234 13.8621 2.28455 0 0.0 0.00596208088896662 5.813089424643912 0.0 0.0
0.03209005 0.03696682 -2.14423 -9.346121 0.4272205 0.3730553 0.405308 18.32591 nan 0 0.0 0.048952191880598156 9.588936335149015 0.0 0.0
0.02439928 0.03528334 -5.557841 -5.510965 0.3575287 0.3042666 0.5861406 17.62157 nan 0 0.0 0.04289800631817288 7.826897968704204 0.0 0.0
0.02278498 0.01373458 0.2420914 -8.464851 0.4595727 0.3730391 0.08800973 18.39374 1.862123 0 0.0 0.02660439815851507 8.468312151671958 0.0 0.0
0.01409255 0.01773049 -3.777688 -6.78379 1.266336 0.9133563 0.7672246 18.78635 nan 0 0.0 0.022648846353459155 7.764710773070946 0.0 0.0
0.02679552 -0.01537276 5.972492 -13.06247 0.7027154 0.6045154 0.1842041 18.21476 1.532557 0 0.0 0.030892096757714583 14.363104928634478 0.0 0.0
0.02660819 0.02706581 -0.09198028 -1.556269 0.4399246 0.3696617 0.209107 18.0645 1.582661 0 0.0 0.03795462878269527 1.5589847889796353 0.0 0.0
0.0255545 0.03263941 -0.5467624 -0.671663 0.3728293 0.3036658 0.3062999 18.02139 1.834578 0 0.0 0.041453148920173724 0.8660717681709524 0.0 0.0
0.02469057 0.0006877669 2.108525 -10.85079 0.5501529 0.4659382 0.2566683 18.63462 1.263363 0 0.0 0.024700147170282925 11.053755981553284 1.0 0.0
0.0283404 0.02220531 -0.07256884 -11.41839 0.712684 0.6036021 0.283808 18.81209 1.381998 0 0.0 0.03600352849869162 11.418620600958723 0.0 0.0
0.01938999 0.0001436718 -4.397762 -3.431748 1.471479 1.334637 0.7849247 19.12659 1.249483 0 0.0 0.019390522266979175 5.5782797477491215 0.0 0.0
0.03625569 0.02274773 -1.189954 -4.530679 0.8579874 0.7281384 0.1431065 19.16766 1.556326 0 0.0 0.04280110135883188 4.684340158779783 0.0 0.0
0.01130074 -0.0032461 -2.971682 -5.933654 0.3926826 0.3268217 0.1779041 17.83241 nan 0 0.0 0.011757716179496764 6.636199492242529 0.0 0.0
0.03640956 0.02983156 -2.439603 -2.299442 0.1603103 0.1305557 0.174175 16.70307 1.876826 0 0.0 0.047069927038685754 3.3524761459215484 0.0 0.0
0.02320491 -0.0120033 0.4651431 -6.316482 0.1870828 0.1560281 0.1026649 16.70781 1.689655 0 0.0 0.026125601600692376 6.333585316375047 0.0 0.0
0.002835947 0.01034257 0.2988621 -6.759373 0.3958056 0.3691874 0.3851366 17.88824 nan 0 0.0 0.010724334459149856 6.7659767889008755 0.0 0.0
0.03930484 -0.01186822 -4.893108 -3.195713 0.459132 0.3822068 0.4080513 18.38349 nan 0 0.0 0.04105758265404821 5.844235405768063 0.0 0.0
0.02547472 0.01832669 0.5238768 -4.478901 0.3922168 0.323564 0.3026681 18.25047 1.526798 0 0.0 0.03138198409015115 4.509434672925115 0.0 0.0
0.04058802 -0.00733316 -2.755845 -6.960073 0.1166779 0.0902953 0.5005164 15.0832 2.380839 1 0.0 0.04124515248009152 7.485806424785108 0.0 0.0
0.03830003 -0.0121653 -1.208992 -2.686804 0.4283969 0.3646864 0.5570969 18.05698 nan 0 0.0 0.040185654431536884 2.946281960451172 0.0 0.0
0.03504087 0.002099298 2.645671 -0.7531599 0.3319205 0.2642328 0.3389857 17.69532 1.441284 0 0.0 0.03510369813067712 2.7507862285552127 0.0 0.0
0.0358173 -0.003302645 -9.141292 -3.96426 1.35323 1.157338 0.5655238 19.04697 1.382782 0 0.0 0.035969243017973364 9.963863546680274 0.0 0.0
0.02441364 -0.001368273 -5.260734 -7.323425 0.2917409 0.2423808 0.2517362 18.00042 1.230671 0 0.0 0.02445195266337903 9.017087997207359 0.0 0.0
0.03930337 -0.01498483 -2.685055 -6.355198 0.4447734 0.3345812 -0.2281771 17.94929 nan 0 0.0 0.04206304819536739 6.899134871288501 0.0 0.0
0.01790809 0.001116752 13.08169 -11.21848 1.655204 1.473547 0.319457 18.94987 1.266756 0 0.0 0.01794287665001362 17.23325003493247 0.0 0.0
0.04023676 -0.006512829 -1.283784 -5.21784 0.3651635 0.2927823 0.5138929 17.64603 nan 0 0.0 0.04076044402212568 5.373449136658502 0.0 0.0
0.01110266 0.01827263 -5.636134 -4.961431 0.8430921 0.7168715 0.3163174 18.8985 nan 0 0.0 0.02138125501911663 7.508781794253779 0.0 0.0
0.04058235 -0.01891839 -5.065216 -5.121495 0.3057682 0.2574785 0.2014427 17.97488 1.808647 0 0.0 0.0447753571924848 7.203202354625407 0.0 0.0
0.04776796 -0.01405466 7.721152 -7.778908 0.7997991 0.6746497 0.3884457 18.78345 1.668913 0 0.0 0.04979268490729537 10.960273622477134 0.0 0.0
0.04575032 0.01639539 1.311186 -6.416915 0.4129321 0.344378 0.2199293 18.35043 nan 0 0.0 0.04859938881667649 6.54950432046739 0.0 0.0
0.03777401 -0.009014114 -0.141883 -3.994986 0.5788549 0.4806435 0.4840319 18.61196 1.677763 0 0.0 0.03883465054156012 3.9975047124281167 0.0 0.0
0.03477843 0.0352949 -4.11276 -5.243102 0.2022604 0.161107 0.4776251 16.68145 1.808269 0 0.0 0.049550672642002545 6.663701178774751 0.0 0.0
0.02820569 -0.004539488 -2.62932 -8.559127 0.4790228 0.3934719 0.1996749 18.62122 nan 0 0.0 0.028568652395208352 8.953880648329472 0.0 0.0
0.01632912 0.01961454 -6.671804 -7.08548 0.4721645 0.3870766 0.4952581 18.08779 1.645252 0 0.0 0.025521957984958755 9.732265689181322 0.0 0.0
0.03703309 0.01927983 -2.238341 -8.249641 0.3852592 0.3354894 0.2219543 18.31977 1.365206 0 0.0 0.041751186806808255 8.547908929157002 0.0 0.0
0.01135203 0.004455767 -2.017747 -6.807711 1.069186 0.8621252 -0.03961729 18.67365 1.577873 0 0.0 0.012195181207312543 7.100438860769805 0.0 0.0
0.03594436 9.619572e-05 -2.022458 -4.392147 0.3979381 0.3240053 0.3624355 17.93378 1.318808 0 0.0 0.03594448872116762 4.83542052270255 0.0 0.0
0.03316832 -0.03191177 2.715883 1.943834 0.3530963 0.2948243 0.1119767 18.08632 1.44282 0 0.0 0.04602714977223008 3.339836985429828 0.0 0.0
0.04256281 0.02306518 -5.418934 -9.134931 0.5996569 0.5077451 0.1105959 18.61197 1.660976 0 0.0 0.048410694309506654 10.621290414592616 0.0 0.0
0.0299406 0.0001786856 -2.958955 -2.690814 0.1850534 0.1488541 0.04062131 16.83849 1.892292 0 0.0 0.02994113319337876 3.9994868014060256 0.0 0.0
0.04290299 0.0005926182 -0.2658373 -0.2502822 0.434979 0.341762 0.5293118 17.75339 1.559786 0 0.0 0.0429070827168554 0.36511730951590066 0.0 0.0
0.03317624 -0.01210968 -3.094619 -7.090977 0.3542489 0.292108 0.3144896 17.88865 1.926634 0 0.0 0.03531723729625521 7.736835371758274 0.0 0.0
0.009719276 0.005840709 15.25656 -14.63956 0.8719883 0.7335752 0.227677 17.96774 nan 0 0.0 0.01133923311281927 21.14425075587215 0.0 0.0
0.03783236 0.008785238 -1.78878 -0.1958421 0.5988804 0.5202675 0.1314877 18.97846 1.474943 0 0.0 0.038838999341978986 1.7994688151041711 0.0 0.0
0.003062009 0.008965459 2.907735 -9.443436 0.4844627 0.4348652 0.2340439 17.76909 nan 0 0.0 0.009473930240230926 9.880961811297572 0.0 0.0
0.02546693 -0.007071562 -3.513649 -5.756582 0.7386957 0.6397005 0.488598 19.07531 nan 0 0.0 0.02643050345235111 6.7441801294097266 0.0 0.0
0.02772441 -0.01657088 -1.472003 -5.882179 0.192723 0.1604064 0.09644428 16.88527 1.844989 0 0.0 0.032299179150908776 6.0635651740580805 0.0 0.0
