jas1101finalproject/data/gcs/NGC_6541.ecsv
# %ECSV 0.9
# ---
# datatype:
# - {name: x, unit: deg, datatype: float64}
# - {name: y, unit: deg, datatype: float64}
# - {name: pmx, unit: mas / yr, datatype: float64}
# - {name: pmy, unit: mas / yr, datatype: float64}
# - {name: pmx_e, unit: mas / yr, datatype: float64}
# - {name: pmy_e, unit: mas / yr, datatype: float64}
# - {name: pm_corr, datatype: float64}
# - {name: g_mag, unit: mag, datatype: float64}
# - {name: bp_rp, unit: mag, datatype: float64}
# - {name: filter, datatype: int64}
# - {name: memberprob, datatype: float64}
# - {name: r, unit: deg, datatype: float64}
# - {name: pm, unit: mas / yr, datatype: float64}
# - {name: member_prob_GMM, datatype: float64}
# meta: !!omap
# - comments: [deg deg mas/yr mas/yr mas/yr mas/yr dimless mag   mag   zeroone float]
# - __serialized_columns__:
#     bp_rp:
#       __class__: astropy.units.quantity.Quantity
#       unit: &id001 !astropy.units.Unit {unit: mag}
#       value: !astropy.table.SerializedColumn {name: bp_rp}
#     g_mag:
#       __class__: astropy.units.quantity.Quantity
#       unit: *id001
#       value: !astropy.table.SerializedColumn {name: g_mag}
#     pm:
#       __class__: astropy.units.quantity.Quantity
#       unit: !astropy.units.Unit {unit: mas / yr}
#       value: !astropy.table.SerializedColumn {name: pm}
#     pmx:
#       __class__: astropy.units.quantity.Quantity
#       unit: !astropy.units.Unit {unit: mas / yr}
#       value: !astropy.table.SerializedColumn {name: pmx}
#     pmx_e:
#       __class__: astropy.units.quantity.Quantity
#       unit: !astropy.units.Unit {unit: mas / yr}
#       value: !astropy.table.SerializedColumn {name: pmx_e}
#     pmy:
#       __class__: astropy.units.quantity.Quantity
#       unit: !astropy.units.Unit {unit: mas / yr}
#       value: !astropy.table.SerializedColumn {name: pmy}
#     pmy_e:
#       __class__: astropy.units.quantity.Quantity
#       unit: !astropy.units.Unit {unit: mas / yr}
#       value: !astropy.table.SerializedColumn {name: pmy_e}
#     r:
#       __class__: astropy.units.quantity.Quantity
#       unit: &id002 !astropy.units.Unit {unit: deg}
#       value: !astropy.table.SerializedColumn {name: r}
#     x:
#       __class__: astropy.units.quantity.Quantity
#       unit: *id002
#       value: !astropy.table.SerializedColumn {name: x}
#     y:
#       __class__: astropy.units.quantity.Quantity
#       unit: *id002
#       value: !astropy.table.SerializedColumn {name: y}
# schema: astropy-2.0
x y pmx pmy pmx_e pmy_e pm_corr g_mag bp_rp filter memberprob r pm member_prob_GMM
[from data line 25615]
0.01788559 0.05577131 0.9262789 -9.306616 1.082905 0.9277025 -0.2278319 19.6323 nan 0 0.0 0.05856904770238457 9.352598247120486 1.0
-0.1872074 -0.034534 -8.210725 -10.98423 0.2234922 0.2056389 -0.1253179 17.37021 0.8719044 1 0.0 0.19036598375434619 13.713836579109618 0.0
-0.1671557 0.0639258 0.4720117 -6.565822 0.2421802 0.2284332 -0.5794076 16.96432 1.223064 1 0.0 0.17896238696477537 6.582766407872977 0.0
-0.1611663 0.02905667 -1.921765 -6.59753 1.03892 0.8784594 -0.2625351 19.81681 1.048925 1 0.01580432 0.16376466751768803 6.871723424012712 0.0
-0.1804211 -0.06253987 -2.292456 -3.904448 0.7275022 0.6519794 0.1076235 19.61947 0.5446072 0 0.0 0.19095289645571467 4.527700155337144 0.0
-0.07664443 0.0648841 -8.756074 -6.306948 1.200253 0.9714029 -0.1674766 19.81866 0.4954052 0 0.0 0.10042069051164157 10.791034471642652 0.0
-0.03173966 0.0001091485 -1.017407 -8.894689 1.067855 0.949904 -0.08790436 19.37607 nan 0 0.0 0.03173984767308521 8.952687273124758 1.0
0.02989201 0.09147589 0.8993551 -8.902503 0.2737971 0.2280996 0.08116936 17.59506 0.6209106 1 0.9374192 0.09623601567569286 8.947815334533061 1.0
-0.08939488 -0.0473239 -2.833383 -5.002395 0.7576982 0.6948058 -0.09550013 18.97122 0.8054237 0 0.0 0.10114838644993009 5.7490881851571904 0.0
0.06665515 0.1736491 0.6641176 -5.980009 0.8859275 0.7177098 0.2504148 19.73737 1.322365 0 0.0 0.18600247028556502 6.016773207185955 0.0
-0.1616638 -0.007409491 -8.143655 -5.564804 3.509728 2.665914 0.6310756 20.5896 0.6272945 1 0.0001826003 0.16183350946982236 9.863374692134585 0.0
-0.06056388 0.01628416 0.9765471 -9.832925 1.157617 0.9562518 0.03684686 19.74358 0.9323616 0 0.0 0.06271488999878737 9.881298411349766 0.0
-0.09061759 0.09105252 -4.476095 -8.76702 2.049929 1.667208 -0.01377128 20.43996 0.786253 0 0.0 0.12846053485704667 9.843579944787619 0.0
0.1078055 0.1509263 -6.813525 0.1708434 0.3938206 0.3493756 0.2254536 18.48067 1.039127 1 0.0 0.18547445609015814 6.815666540621582 0.0
-0.03694247 0.1030267 1.28935 -1.565981 0.6509626 0.5252857 -0.0845426 19.0798 1.129799 1 0.0 0.10944974647111294 2.028477240409909 0.0
0.0751168 0.1116275 2.35592 -4.426262 0.9128159 0.7891566 0.3366331 19.83798 1.634109 1 7.48938e-06 0.13454825304882262 5.01419528329761 0.0
-0.1720138 0.06397692 -0.02410488 -13.0989 0.2923338 0.3177348 -0.2284704 17.03266 0.8881378 1 0.0 0.18352600274382483 13.098922179142825 0.0
-0.07070825 0.1057201 2.895278 -4.777451 3.004417 2.400326 0.4199045 20.54701 0.5840549 0 0.0 0.12718646218081742 5.586293292934502 0.0
0.1035316 0.1603332 -1.139603 -7.029964 0.6309275 0.5524851 0.2205257 19.24709 0.9667416 1 0.0002934991 0.19085472805461226 7.121733555736623 0.0
0.192982 0.04608697 2.297437 -7.31733 0.3110746 0.2837053 0.05797765 18.12294 2.140062 1 0.0 0.19840882321051376 7.669519874012258 0.0
-0.1591334 -0.1127993 0.4614457 -2.649863 0.1279298 0.1195965 0.1225163 16.58313 0.9764767 1 0.0 0.19505671246088918 2.68974088953146 0.0
0.116023 0.1005646 -2.474099 -5.118576 1.380045 1.116667 0.1799075 20.21005 1.245493 0 0.0 0.15354014231516136 5.685154890552851 0.0
0.01577265 0.08094126 0.187197 -9.439311 0.7266744 0.5890293 0.0370371 19.08899 nan 0 0.0 0.08246371358609858 9.441167029108742 0.0
-0.1356674 -0.06270019 -3.54065 -5.973573 2.716264 2.522621 -0.1094688 20.42292 nan 0 0.0 0.14945553602592343 6.944046141035426 0.0
-0.1839293 0.05393558 1.566996 -7.996732 1.13251 0.9362938 -0.2369612 19.79075 0.6988068 0 0.0 0.19167429193406818 8.148815812364395 0.0
-0.02123548 0.1748724 1.454041 -10.37895 1.706449 1.374664 0.2097589 20.33037 nan 0 0.0 0.1761570375903001 10.480307167835349 0.0
0.07569729 0.1514903 3.805383 -8.825349 0.4035182 0.3573319 0.2015739 18.58147 1.963043 1 0.0 0.16934990613352607 9.610812907787249 0.0
0.1087498 0.1106147 -7.706014 -19.07316 0.5651036 0.5096484 0.2369876 19.09953 1.231518 1 0.0 0.15511973071189233 20.57104966096276 0.0
-0.1166921 0.02618044 -5.958874 -2.494224 1.446551 1.290694 0.0699737 20.27478 0.07024193 0 0.0 0.11959289962620524 6.459824510778291 0.0
-0.1245437 0.02401315 -4.531498 -5.043589 0.6202999 0.5547904 -0.5851245 18.46243 1.186022 1 0.0 0.12683755194189336 6.78028495897665 0.0
-0.06541565 0.0546473 0.4155096 -9.634156 0.9761743 0.7893419 -0.1447183 19.22297 0.7608929 0 0.0 0.08523810569347785 9.643112052653343 0.0
0.01313644 0.04546523 -0.8305909 -8.888998 0.8702791 0.7396794 -0.03485115 19.44021 nan 0 0.0 0.047324974324625894 8.927719008076298 1.0
0.1895654 0.04768097 -0.4686948 -3.944503 0.2246552 0.199772 0.04303982 17.59674 0.9363365 1 0.0 0.19546998689645656 3.972251091327944 0.0
0.1608999 0.06822301 1.278074 0.1283395 1.377776 1.252654 0.213907 20.25017 1.708002 0 0.0 0.17476600617245364 1.2845015285067782 0.0
-0.1696463 -0.03130784 1.811811 -4.894287 0.2822281 0.2546342 0.0172199 17.79432 0.9270725 1 0.0 0.17251100819702958 5.218879605632803 0.0
0.1856706 0.05889697 -0.8960179 -9.938543 0.8770239 0.7964033 0.2451806 19.78646 1.469221 1 0.2965445 0.19478815359138474 9.978851889870368 0.0
0.1221736 0.1263207 4.147616 0.4750167 0.794613 0.6999059 0.1918974 19.6664 1.485811 0 0.0 0.17573647255322386 4.174728655701457 0.0
0.004791325 0.03488451 2.468257 -7.72501 0.2976909 0.2495724 -0.4207585 15.96527 1.046392 0 0.0 0.035212012626314404 8.109751668093727 0.0
0.08683963 0.134084 -6.37494 -6.680306 3.057668 2.174225 0.4259287 20.77957 0.8679848 1 0.005820408 0.1597486788506775 9.23397792163464 0.0
-0.158245 -0.007476659 3.013482 4.486449 1.651662 1.427903 0.07785552 20.14658 1.292038 0 0.0 0.1584215277504995 5.404562738457664 0.0
0.1647745 -0.008486083 3.786364 -1.621697 1.007623 0.8569782 0.2781526 19.95252 1.515646 0 0.0 0.16499287698241064 4.119035506074813 0.0
-0.01262961 0.06818185 0.1778909 -8.542277 0.3574395 0.2932516 -0.09346761 18.06948 0.9014587 1 0.9731305 0.06934170259068205 8.544129067203503 1.0
-0.03422126 0.09704302 1.392236 -8.758502 0.5415339 0.4037393 0.02904546 18.47023 0.7533207 1 0.842758 0.10290015727251343 8.868465389440273 1.0
0.1463335 -0.04582616 -2.509418 -6.76471 0.7439504 0.6118121 -0.06875489 19.19502 1.007587 1 7.913683e-05 0.15334122134180228 7.215156275703528 0.0
-0.005438048 0.1516484 -1.107949 -0.116051 0.2305045 0.2009849 0.08565676 17.65444 1.041265 1 0.0 0.15174587173498427 1.1140102428622458 0.0
-0.1614827 -0.08263126 -3.912629 -2.270292 0.2037406 0.1929184 -0.04321261 17.42408 1.156687 1 0.0 0.18139621696297198 4.523592759843109 0.0
-0.005206198 0.02808669 0.6061333 -8.647793 0.515423 0.4542212 -0.04106474 18.2422 0.6401901 0 0.0 0.028565130014955368 8.669009248363846 1.0
0.1797407 -0.01154273 3.49417 -8.707824 1.167464 0.9490997 0.1202167 20.16976 0.9970245 1 0.1293165 0.18011094872978406 9.382719371476268 0.0
-0.1411745 -0.04474566 -3.597937 2.419897 2.313383 2.021911 0.3840859 20.50822 0.6560593 1 0.0 0.1480959605765316 4.336018005794949 0.0
0.01520281 0.0985157 0.9918193 -8.666542 1.573178 1.273612 0.07215558 20.29877 0.6920013 1 0.6918936 0.09968183675267074 8.723110440755436 1.0
0.09902634 0.150907 -8.034227 -18.67985 0.3599775 0.3237248 0.1704398 18.42168 2.141071 1 0.0 0.180496921477336 20.334345317959684 0.0
-0.1891586 0.05994656 9.04543 5.770464 2.494251 2.146167 0.1639209 20.60208 2.531794 1 0.0 0.19843025477429999 10.729308396173353 0.0
0.006450373 0.06961716 2.830218 -7.557641 1.83827 1.457095 -0.02825168 20.26308 0.7599697 0 0.0 0.06991535080584756 8.070196491561095 1.0
-0.1328659 0.005463441 1.726498 -10.76933 0.6509527 0.5666209 -0.1596824 19.06654 0.7605629 0 0.0 0.1329781808056137 10.906844822995511 0.0
-0.001524059 0.1576948 -4.48118 -8.177737 2.019636 1.658707 0.06418811 20.33739 0.9127579 0 0.0 0.15770216454721056 9.325039229599467 0.0
-0.1844383 -0.0746066 -7.338779 -0.4585966 1.550601 1.356834 0.2039764 20.38436 1.333282 1 0.0 0.1989563551899009 7.353093774213175 0.0
0.194141 0.008603635 -1.632223 -7.219542 0.6452884 0.5694184 0.100415 19.45865 1.408575 1 0.0004417569 0.19433154766072655 7.4017524013907 0.0
0.02231708 0.09826933 -3.759454 4.729528 0.5201506 0.419517 0.008327479 18.67572 0.7301083 1 0.0 0.10077158963902128 6.041682669662484 0.0
-0.02389905 0.08589767 5.248208 -7.023179 0.7837026 0.6088548 -0.1012829 19.22684 0.8367004 0 0.0 0.08916038527469135 8.767481421554596 1.0
-0.1306679 0.009122763 4.860582 -4.481401 0.362602 0.3428291 -0.410208 17.7056 1.138475 1 0.0 0.13098597213123309 6.611218669921984 0.0
0.03153709 0.06900268 0.8605829 -8.229897 1.653157 1.341458 -0.1593124 20.24907 nan 0 0.0 0.0758680294514791 8.274769335660142 1.0
0.183893 -0.02390357 -3.235941 -2.615656 1.398068 1.102644 0.1857322 20.33799 1.390194 0 0.0 0.18544006068739544 4.160885778991896 0.0
0.1458181 0.06862396 -1.334078 -5.339747 0.5464488 0.4932382 0.289566 19.14222 nan 0 0.0 0.16115882282298913 5.50387700935377 0.0
-0.02421988 0.005132801 -5.989076 -1.18214 0.6034155 0.5233365 -0.3332916 18.16739 nan 0 0.0 0.024757791365951867 6.104628269876553 0.0
-0.1608979 -0.005160564 -2.604381 0.9420585 0.946201 0.8193279 -0.02392964 19.78152 1.391544 0 0.0 0.16098063748540722 2.769526062448817 0.0
-0.01160358 0.1297817 -4.262223 -6.105719 0.209084 0.1705666 -0.07360322 17.20505 0.9012356 1 0.0 0.13029939648251024 7.446230550331489 0.0
-0.08114928 0.09770364 -7.292035 -6.683368 1.181789 0.960147 -0.0209481 19.68237 0.8506546 1 0.0 0.127008688339688 9.89147017710962 0.0
0.02457289 0.0496578 1.98206 -9.725994 1.132601 0.9794818 -0.5759903 19.3059 nan 0 0.0 0.05540509023358865 9.925901527399715 0.0
0.173986 0.09552269 -6.580751 -3.940298 1.040332 0.9683576 0.06538317 19.87644 1.212111 0 0.0 0.19848353206459246 7.670217210275404 0.0
0.008811764 0.05897767 -4.018374 -7.345905 0.1583123 0.1394373 -0.4897752 16.13026 1.1696 1 0.0 0.05963231291355884 8.373150534470344 1.0
0.18125 0.006214031 -2.557698 -2.30043 0.2336607 0.2037457 0.09274763 17.83048 1.242865 1 0.0 0.1813564905959226 3.440028669081698 0.0
0.1135848 0.1081414 5.7312 -7.816433 0.8504949 0.7505982 0.2021578 19.7664 1.230186 0 0.0 0.15683133993242548 9.69243407424002 0.0
0.1762906 -0.007324854 -0.461329 -3.273095 0.5994436 0.5341079 0.1256 19.24643 1.322058 1 0.0 0.17644270779627397 3.3054463125674873 0.0
0.008151547 0.07501093 -2.290966 -3.913096 1.858275 1.475797 -0.1120396 19.90807 0.9494457 0 0.0 0.07545255024157971 4.534406854084887 0.0
-0.04465911 0.02087195 -3.189948 -4.345454 0.6952519 0.5927866 0.2246708 18.83613 0.9185238 0 0.0 0.04929578483800212 5.390615800520382 0.0
0.03782814 0.1349169 0.5739091 -8.618849 0.6985222 0.6266665 0.2287971 19.42612 0.8856449 0 0.0 0.14011972766698344 8.637935502182442 0.0
-0.118339 0.1005105 -2.096455 -5.430589 1.195694 0.9708435 -0.290662 19.82994 1.757345 0 0.0 0.15526261472502 5.821204381736309 0.0
-0.1644674 -0.05461272 0.2007407 -9.414342 0.4753706 0.4301774 -0.07097577 18.69019 0.7813358 1 0.744877 0.17329764813337312 9.416481939748012 0.0
-0.04093045 -0.01077213 -4.436908 -6.361415 1.572959 1.71875 -0.358517 19.60912 nan 0 0.0 0.04232423090783104 7.755885081838758 0.0
-0.0788536 0.09930125 -0.1580738 -9.186814 1.560951 1.247494 -0.126285 20.14507 0.7469425 1 0.5572043 0.1268015318697787 9.188173855388374 0.0
0.07823267 0.1455628 -0.8762112 -5.496357 0.07621323 0.06283471 0.1398471 14.88023 1.372873 1 0.0 0.16525398451828294 5.565760176153338 0.0
-0.1080278 -0.04259386 -4.231243 -10.92692 2.094454 1.840705 0.1156548 20.48476 1.565432 0 0.0 0.11612167102888073 11.717550853802557 0.0
0.05069718 0.05912093 1.088697 -8.35354 1.883105 1.521307 -0.1228727 20.40863 0.8712368 0 0.0 0.07788124565013904 8.42418492730359 1.0
-0.134324 -0.003420446 -0.2803106 -7.741216 0.778874 0.7139818 0.1474924 19.49422 0.6657448 1 0.3726797 0.13436754231152295 7.746289382093104 0.0
0.08196491 0.07729391 -0.721467 -7.781911 0.6697675 0.607011 0.2455712 19.17081 1.162136 0 0.0 0.11266141750571133 7.815283324615301 0.0
-0.08490613 0.09831643 -1.819738 -9.359452 0.7593807 0.6210489 -0.185983 19.43419 0.5756683 1 0.07173209 0.12990446997513905 9.534714895000688 0.0
0.01510729 0.07008863 1.166569 -9.183391 0.8063796 0.6674038 0.0277602 19.39517 0.5287457 0 0.0 0.07169830030357065 9.257189286745842 1.0
0.0808241 0.1488248 0.2605496 -6.209081 0.4265685 0.3793927 0.1223612 18.58987 0.8070335 1 0.0 0.16935570919177778 6.21454527368022 0.0
0.002584322 0.03688355 0.04283619 -10.10818 0.6851974 0.5709176 -0.004490873 19.09216 nan 0 0.0 0.03697397707580541 10.10827076465474 0.0
-0.01743041 0.02233563 -2.484704 -10.86386 0.4864599 0.4134716 0.07432903 18.30807 nan 0 0.0 0.028331952990660565 11.144380111393186 0.0
0.1977333 0.02756248 -4.43612 -5.455237 0.2396362 0.2142656 0.01559241 17.8116 0.9868412 1 0.0 0.1996450556178149 7.031270964809207 0.0
-0.04684825 0.08340078 -2.092751 -5.129952 0.3127529 0.2549281 -0.1017446 17.92124 1.109846 1 0.0 0.09565797736033779 5.540398385522923 0.0
-0.09344563 0.06285757 -3.441568 1.186367 0.2647654 0.2257528 -0.05113745 17.41518 1.198654 1 0.0 0.11261953592695097 3.640310008407663 0.0
0.1532799 -0.04446643 -1.462938 -1.22111 1.860569 1.542865 -0.1700279 19.982 1.186611 0 0.0 0.15959947099208976 1.9055962909136865 0.0
0.08085931 0.07634936 -0.3904448 -4.647626 0.2194638 0.2018208 0.2215641 17.59979 nan 0 0.0 0.11120904992888708 4.663997703443157 0.0
-0.1595449 -0.03282123 -1.499286 -7.592498 1.763095 1.566196 -0.7722784 19.71656 0.7471714 1 0.2256777 0.16288587493924356 7.739113927950666 0.0
0.1068681 0.09630915 -2.93117 -11.42588 0.732487 0.6404184 0.2763068 19.40128 0.8968525 1 0.0001044776 0.14386188922481347 11.795867553651998 0.0
-0.08988472 0.1032568 -0.01325893 -2.622568 1.225168 0.9816398 0.1508293 19.89317 0.3467426 1 0.0 0.13689861078812451 2.6226015164047976 0.0
-0.002935038 0.06663816 -1.638709 -2.641586 0.340601 0.2705763 0.06052716 17.94529 0.8310051 1 0.0 0.06670276468218574 3.108591929166162 0.0
-0.1572964 -0.03273517 -5.390022 -5.496644 0.3492986 0.3309781 -0.4535708 17.63487 0.9356594 1 0.0 0.16066657651138552 7.69840453751425 0.0
0.1824841 -0.01593032 -3.657463 -5.905286 0.6680351 0.5756718 0.2193737 19.45912 1.353914 1 0.0 0.18317811509051077 6.946181565303703 0.0
0.1413039 0.0271956 0.4609025 -2.238385 0.5255693 0.4741495 0.4038152 18.75587 1.001106 1 0.0 0.14389716055075583 2.2853442897583833 0.0
0.1154825 0.1528041 -4.072435 -1.614587 0.5915331 0.4870736 0.2880952 19.00234 1.052052 1 0.0 0.19153407212049764 4.380823896231621 0.0
-0.01889299 0.1827696 -2.308297 -2.295969 0.2189337 0.1961896 0.1027275 17.56136 1.039211 1 0.0 0.18374349445708302 3.2557193812074776 0.0
0.1636721 0.08876153 0.3034366 -1.892946 0.8257387 0.742027 0.2000745 19.71085 0.9634666 0 0.0 0.18619120689858287 1.9171119761598592 0.0
-0.004145585 0.008849252 1.339163 -9.212444 0.2366269 0.2019718 -0.2964959 15.18519 0.4651222 0 0.0 0.009772161273317639 9.309268606808217 0.0
0.1630799 0.00906241 -4.527703 -7.244601 0.6538288 0.5771279 0.2179561 19.39234 1.078539 1 0.0 0.1633315066330379 8.543087153096941 0.0
0.1021297 0.1031991 -2.815135 -2.904783 0.8559834 0.7545842 0.2850084 19.78002 1.610088 0 0.0 0.14519135601990912 4.045089534894624 0.0
0.07723297 0.0730735 3.955862 -1.579319 0.8545718 0.7647051 0.1396088 19.64843 0.8551273 1 0.0 0.1063234125546716 4.259470937429319 0.0
0.1674406 -0.009397561 0.9478443 -9.757895 0.8893893 0.7789742 0.1871664 19.811 0.8621616 0 0.0 0.1677041105074909 9.803821889858439 0.0
0.005436055 0.08654306 -1.263773 -0.1914654 0.2623388 0.2172236 -0.1653684 17.60018 1.153 0 0.0 0.08671362019963545 1.2781945059051694 0.0
0.1588138 0.01425806 -1.344292 -9.116967 2.833671 2.466785 0.5082332 20.77505 0.8894424 0 0.0 0.15945254888337032 9.215541669394861 0.0
-0.01169151 0.1272335 -1.372993 -5.599927 0.2909715 0.2375003 -0.06444115 17.81523 0.9517097 1 0.0 0.12776953834279164 5.765786345623466 0.0
0.07783577 0.1293166 -6.310295 -5.513628 0.8457062 0.7745895 0.2449238 19.53067 1.027859 0 0.0 0.15093439014039478 8.379732496291812 0.0
0.1733513 -0.01700183 -0.07417032 -1.468031 0.3614601 0.3265941 0.07019219 18.54918 1.161505 1 0.0 0.17418305151489025 1.4699034843587189 0.0
