jas1101finalproject/data/gcs/NGC_6229.ecsv
# %ECSV 0.9
# ---
# datatype:
# - {name: x, unit: deg, datatype: float64}
# - {name: y, unit: deg, datatype: float64}
# - {name: pmx, unit: mas / yr, datatype: float64}
# - {name: pmy, unit: mas / yr, datatype: float64}
# - {name: pmx_e, unit: mas / yr, datatype: float64}
# - {name: pmy_e, unit: mas / yr, datatype: float64}
# - {name: pm_corr, datatype: float64}
# - {name: g_mag, unit: mag, datatype: float64}
# - {name: bp_rp, unit: mag, datatype: float64}
# - {name: filter, datatype: int64}
# - {name: memberprob, datatype: float64}
# - {name: r, unit: deg, datatype: float64}
# - {name: pm, unit: mas / yr, datatype: float64}
# - {name: member_prob_GMM, datatype: float64}
# - {name: member_prob_DB, datatype: float64}
# meta: !!omap
# - comments: [deg deg mas/yr mas/yr mas/yr mas/yr dimless mag   mag   zeroone float]
# - __serialized_columns__:
#     bp_rp:
#       __class__: astropy.units.quantity.Quantity
#       unit: &id001 !astropy.units.Unit {unit: mag}
#       value: !astropy.table.SerializedColumn {name: bp_rp}
#     g_mag:
#       __class__: astropy.units.quantity.Quantity
#       unit: *id001
#       value: !astropy.table.SerializedColumn {name: g_mag}
#     pm:
#       __class__: astropy.units.quantity.Quantity
#       unit: !astropy.units.Unit {unit: mas / yr}
#       value: !astropy.table.SerializedColumn {name: pm}
#     pmx:
#       __class__: astropy.units.quantity.Quantity
#       unit: !astropy.units.Unit {unit: mas / yr}
#       value: !astropy.table.SerializedColumn {name: pmx}
#     pmx_e:
#       __class__: astropy.units.quantity.Quantity
#       unit: !astropy.units.Unit {unit: mas / yr}
#       value: !astropy.table.SerializedColumn {name: pmx_e}
#     pmy:
#       __class__: astropy.units.quantity.Quantity
#       unit: !astropy.units.Unit {unit: mas / yr}
#       value: !astropy.table.SerializedColumn {name: pmy}
#     pmy_e:
#       __class__: astropy.units.quantity.Quantity
#       unit: !astropy.units.Unit {unit: mas / yr}
#       value: !astropy.table.SerializedColumn {name: pmy_e}
#     r:
#       __class__: astropy.units.quantity.Quantity
#       unit: &id002 !astropy.units.Unit {unit: deg}
#       value: !astropy.table.SerializedColumn {name: r}
#     x:
#       __class__: astropy.units.quantity.Quantity
#       unit: *id002
#       value: !astropy.table.SerializedColumn {name: x}
#     y:
#       __class__: astropy.units.quantity.Quantity
#       unit: *id002
#       value: !astropy.table.SerializedColumn {name: y}
# schema: astropy-2.0
x y pmx pmy pmx_e pmy_e pm_corr g_mag bp_rp filter memberprob r pm member_prob_GMM member_prob_DB
[from data line 331]
0.005122508 0.004420001 -1.502003 -3.13238 0.6505834 0.9993135 0.08505423 16.7798 0.8371019 0 0.0 0.006765833064011038 3.473876433670173 1.0 0.0
-0.00792323 -0.01494687 -1.172024 -0.631694 0.4317481 0.7596839 0.1027409 19.06655 0.7136898 0 0.0 0.01691704750923754 1.3314193802900722 1.0 0.0
0.02917611 0.008833842 -1.148972 -0.7233579 0.2351829 0.3938478 0.1468126 18.15201 1.026054 1 0.9996763 0.030484129628596323 1.3577125278483697 1.0 0.0
-0.01046949 -0.01812407 1.238343 0.1781472 0.6110854 1.311559 -0.1826246 19.55483 0.7757301 0 0.0 0.020930650592492342 1.2510914477035002 1.0 0.0
-0.009294095 -0.01575536 -0.1804143 1.21276 0.3303821 0.6355806 -0.01218016 18.76188 0.9859772 0 0.0 0.018292391057448586 1.2261060872716072 1.0 0.0
0.01263612 -0.008785209 -0.9050077 0.3714527 0.216005 0.4060554 -0.0505544 18.02677 0.5151978 0 0.0 0.01538997809706307 0.9782719690334483 1.0 0.0
-0.02053776 -0.01432928 -1.833124 0.4623352 0.8558334 1.715758 0.004377781 19.84729 0.8340187 0 0.0 0.025042520862245475 1.8905283485139914 1.0 0.0
-0.01460886 -0.003859922 -0.1734579 -0.2118017 0.7599496 1.544353 -0.1870724 19.81645 0.6227188 0 0.0 0.015110188229988534 0.2737655989990342 1.0 0.0
0.01616563 0.007748658 -1.988739 -2.621176 1.014383 1.958131 -0.0701839 20.09844 0.3458347 0 0.0 0.017926775898020927 3.290235011833805 1.0 0.0
0.0004760166 0.01743931 -7.957455 2.051896 0.8581233 1.154157 0.3992376 19.01331 0.6602802 0 0.0 0.017445805372053636 8.217747092229171 1.0 0.0
0.01673087 0.01201748 -1.003159 -0.650471 0.18609 0.3335265 -0.03953025 17.75667 1.039671 1 0.9998285 0.020599559133809148 1.1955921131899456 1.0 0.0
0.003330094 0.001268917 -2.60798 -0.3200109 0.5826164 0.8718703 -0.05023809 17.139 nan 0 0.0 0.0035636605340190583 2.627540038994422 1.0 0.0
0.01934593 0.01571101 -1.22788 -0.242286 0.2446046 0.4728412 -0.06132862 18.26358 1.035872 1 0.9997715 0.024921894847402756 1.2515557519327696 1.0 0.0
0.03189677 0.007095924 -1.124335 -0.3033912 0.04308713 0.06534694 0.221043 15.19208 1.545378 1 0.9999296 0.03267653705408019 1.1645494461217352 1.0 0.0
0.02719519 0.0543383 -1.783552 -0.9880115 1.086791 0.9141324 -0.002657172 18.89527 1.015711 1 0.9807189 0.060763716196642385 2.0389272818902224 1.0 0.0
-0.009094782 0.004390022 -2.386599 -1.771608 0.4417316 0.7622568 0.03853856 18.78003 0.2798748 0 0.0 0.010098878788658075 2.972280217688938 1.0 0.0
0.008152947 -0.005478755 -1.661197 -2.412179 0.4721761 0.7170556 0.1110214 17.90388 0.5121593 0 0.0 0.00982279497571002 2.9288535301120815 1.0 0.0
-0.003305542 -0.006745764 -0.9795785 -1.643946 0.3645303 0.6051378 -0.05498773 18.15597 0.3577213 0 0.0 0.007512119531627542 1.9136699006302655 1.0 0.0
-0.009952965 -0.01187569 0.3337499 4.351555 0.901482 1.777827 -0.2296174 19.93352 0.8074665 0 0.0 0.015494951605840045 4.364334991012378 1.0 0.0
0.004935136 0.02491635 -1.600325 -2.2128 0.4535634 0.7720506 0.06361183 18.98053 0.7950745 0 0.0 0.025400394970570752 2.7308467451735554 1.0 0.0
0.0129007 0.004860028 -1.603055 -0.6332828 0.1304239 0.205038 0.07436573 17.02863 1.101229 0 0.0 0.01378578734243293 1.7236102917425504 1.0 0.0
-0.007033838 0.007868709 -7.939992 3.517076 2.177901 3.318128 0.1035579 20.10965 nan 0 0.0 0.01055421519284712 8.684082942362998 1.0 0.0
0.001702622 -0.01110985 -1.294965 -0.7031142 0.09565225 0.2372035 0.03731365 16.45228 nan 0 0.0 0.011239559097108035 1.473534502299366 1.0 0.0
0.02177816 0.01235503 -6.658068 4.950231 3.262803 4.025369 0.1608587 20.71988 0.4954433 0 0.0 0.025038670477613226 8.296665381102518 1.0 0.0
-0.009241625 -0.01042624 -3.393642 -0.3768517 1.023299 1.797731 -0.4151695 19.56193 nan 0 0.0 0.013932484099335085 3.4145019004178176 1.0 0.0
-0.02594749 0.008431602 -1.489429 -3.88952 0.7347855 1.484636 -0.1134758 19.84632 0.926527 0 0.0 0.02728303776316897 4.164944726696982 1.0 0.0
-0.004243474 -0.009415984 5.548263 -9.097375 1.289881 2.729042 -0.5171279 19.85683 nan 0 0.0 0.01032801172912444 10.65577093446523 1.0 0.0
0.008500365 0.01258771 -1.675571 -0.2443926 0.3820911 0.6322186 0.01293926 18.29216 0.1817284 0 0.0 0.015189030521311259 1.6933003038373788 1.0 0.0
-0.004047662 -0.009213821 -1.460845 -1.023449 0.1160684 0.1919965 -0.07523254 16.8101 1.148396 0 0.0 0.010063700367473437 1.7836804561428596 1.0 0.0
0.01626749 0.01148709 -7.419976 3.80397 2.753705 3.366193 0.06173613 20.39732 nan 0 0.0 0.019914428627711114 8.338239118751392 1.0 0.0
-0.01039371 0.0002169844 -2.624843 -3.100587 1.126265 2.497723 0.1077786 19.99509 nan 0 0.0 0.010395974691867203 4.062442678883974 1.0 0.0
-0.004272856 0.009413364 -3.486125 0.8610509 0.7740317 1.430876 -0.05115815 19.52011 0.7358074 0 0.0 0.01033773283622826 3.590887935875444 1.0 0.0
0.005761607 0.001219536 1.228412 1.764926 0.6777353 1.091802 -0.08974104 18.37831 nan 0 0.0 0.0058892599940692895 2.1503394679026844 1.0 0.0
0.01373442 0.007786112 -1.231595 -0.6596557 0.1718626 0.2882579 -0.05100118 17.37987 1.086838 0 0.0 0.01578790146957296 1.3971298746242204 1.0 0.0
-0.005046063 0.0031497 -0.673231 0.4947156 0.7237536 2.01398 -0.4306069 18.9304 nan 0 0.0 0.00594839153805203 0.8354540706971031 1.0 0.0
-0.007386356 -0.008187303 -0.2514886 0.2963449 0.993158 2.006897 -0.2434474 20.07379 0.6118679 0 0.0 0.011026793975247067 0.3886731476266016 1.0 0.0
-0.003130944 -0.01645418 -0.8563261 -0.3243589 0.2404132 0.4347214 -0.02840934 18.01983 0.4315338 0 0.0 0.01674941341670018 0.9156981410652858 1.0 0.0
-0.003428805 -0.0007490517 0.407643 4.935223 0.7622537 1.027624 0.1821277 17.371 0.6578703 0 0.0 0.0035096698102952493 4.952029773252377 1.0 0.0
-0.05689528 0.006777578 -2.585268 0.6590709 1.906626 3.113552 0.1155019 20.45376 1.160933 0 0.0 0.057297543139514136 2.6679552250835865 1.0 0.0
-0.003748221 -0.0008939884 -8.155655 -3.456274 0.846653 0.897204 0.3960625 18.20868 nan 0 0.0 0.003853359044285331 8.857795348849566 1.0 0.0
-0.01029056 0.0007929834 -1.070128 -2.291312 0.3758779 0.6564995 -0.01693517 18.43007 0.2757473 0 0.0 0.010321068151420936 2.528889997158437 1.0 0.0
-0.002584953 -0.02158879 -1.124494 -0.7628279 0.2324914 0.437776 0.01459112 18.25496 1.017805 1 0.9997671 0.021742995094427744 1.3588205036186385 1.0 0.0
-0.000131698 0.00746388 -1.338002 -1.396493 0.1964769 0.3259595 0.1399641 17.89397 0.6349945 0 0.0 0.0074650417961056315 1.9340222467833714 1.0 0.0
-0.003130019 -0.0009626935 -1.79232 -2.34557 0.9332515 1.238318 0.2658639 17.87147 nan 0 0.0 0.003274721013354153 2.951967074223559 1.0 0.0
0.002732874 -0.005517464 0.2403885 -4.707594 0.4095569 0.6679382 0.03022449 17.98634 nan 0 0.0 0.0061571916724406095 4.713727601354182 1.0 0.0
-0.0003584759 -0.01283794 -1.019089 0.218993 2.530661 2.953444 0.1873662 20.26581 nan 0 0.0 0.012842943915414443 1.0423532625602512 1.0 0.0
-0.008231041 -0.006188276 -2.529096 -3.49802 2.0664 2.767327 0.01046434 20.17246 nan 0 0.0 0.01029780538735594 4.316534547251533 1.0 0.0
0.0479133 0.07773724 -8.633458 -13.43161 2.486427 3.332339 0.2977421 20.70221 1.982765 0 0.0 0.09131682648727779 15.966989203662159 0.0 0.0
0.006030385 -0.006608192 -1.220823 2.934489 0.3991057 0.6635311 -0.1268876 18.5492 nan 0 0.0 0.00894615810038527 3.1783068587614385 1.0 0.0
0.0008781675 -0.009908245 -0.4989707 -0.7130536 0.700158 1.017607 0.1748894 18.92882 0.3312988 0 0.0 0.00994708485628233 0.8702971882819397 1.0 0.0
0.02296818 -0.02358273 -2.286757 -0.6931134 0.586232 1.256783 -0.08691404 19.49497 0.6981544 0 0.0 0.03291933241676234 2.3894902724866993 1.0 0.0
3.312182e-05 0.02124257 0.1117906 2.633791 3.386783 4.614428 0.1651234 20.86559 0.4081783 0 0.0 0.021242595822070807 2.636162394453225 1.0 0.0
0.01065494 0.004134731 1.34156 1.357523 0.756126 1.473589 -0.06709038 19.57798 nan 0 0.0 0.011429074627718597 1.9085732705686205 1.0 0.0
0.01795155 -0.06342537 -6.493692 -2.525435 0.814883 1.624841 -0.02958702 20.00114 1.667656 0 0.0 0.06591688484022436 6.967485753849017 0.0 0.0
0.01119059 0.004531571 -1.75749 3.437385 0.7220041 1.417121 -0.06504939 19.53612 nan 0 0.0 0.012073294507968445 3.860619994032694 1.0 0.0
-0.009043531 0.002871764 1.929078 -2.357681 0.7409637 1.7854 -0.06409376 19.28586 nan 0 0.0 0.009488544747202123 3.046309509528702 1.0 1.0
0.0007648238 -0.0108314 -0.03604391 0.1243642 1.225027 2.078314 0.03230326 19.72204 nan 0 0.0 0.010858369187177532 0.12948211339690166 0.0 0.0
-0.01293028 -0.007842907 2.517866 -2.821235 1.491616 1.903047 -0.01403439 19.92857 nan 0 0.0 0.015122940556950192 3.7814039878305783 1.0 0.0
-0.008754965 0.003417216 -1.142424 -0.4986743 0.07811366 0.1225121 0.151165 15.86445 1.304996 0 0.0 0.00939823267119308 1.2465186132812018 1.0 0.0
0.008801955 -0.004502087 -1.075128 -1.045217 0.1024755 0.1657365 -0.03900285 16.33562 1.095159 0 0.0 0.009886516028287922 1.4994595004444102 1.0 0.0
-4.927374e-05 0.01809163 0.4128616 1.221111 0.8617757 1.862064 -0.1127948 19.79741 0.243391 0 0.0 0.01809169710000567 1.289017755919429 1.0 0.0
0.008461947 -0.004677619 -1.198826 -0.9724536 0.3042021 0.5388595 -0.03206747 18.19259 nan 0 0.0 0.009668746896054833 1.5436482055277232 1.0 0.0
0.01718149 0.01998653 -1.279088 -0.9068092 0.2376082 0.3693988 0.2639454 18.12022 0.2346973 0 0.0 0.02635649787170139 1.5679186958986873 1.0 0.0
-0.02517824 -0.02006456 -0.526436 -0.9079404 1.011502 1.986145 -0.01387574 20.17604 0.5885792 0 0.0 0.032195191216875856 1.0495192385317003 1.0 0.0
-0.005963117 0.002093125 -7.949965 -5.304971 1.327766 2.675962 0.01583654 19.44227 nan 0 0.0 0.006319805109440797 9.557440076300034 1.0 0.0
0.0009497728 0.01940389 -0.6591088 0.8501316 0.4639429 0.7518244 0.2176691 19.1055 0.8152447 0 0.0 0.01942712061793306 1.075708207441033 1.0 0.0
-0.001749137 0.005701518 -3.331876 -0.9199397 0.4150067 0.6767253 0.03643257 17.80163 nan 0 0.0 0.005963789713688185 3.456542597887677 1.0 0.0
0.00469985 0.007322946 -5.628105 -0.5968643 1.982568 2.910787 -0.3383064 19.85291 nan 0 0.0 0.008701386564302038 5.659665439196869 1.0 0.0
0.0625093 0.002305512 -1.243174 -0.4235331 0.05975753 0.09948393 0.2930489 15.9193 1.376126 1 0.9998701 0.06255180230874363 1.3133399716263912 1.0 0.0
0.002433806 -0.0002913437 -1.561668 -2.531148 0.6871468 0.5287041 0.2096638 16.83637 nan 0 0.0 0.0024511819184152143 2.9741414122613605 1.0 0.0
0.01265269 0.007957502 -1.536214 -0.5426448 0.2599766 0.4471422 -0.05718208 17.96883 0.7042599 0 0.0 0.014946986395795775 1.6292381142003276 1.0 0.0
-0.007952182 -0.001976894 -1.809989 -0.534524 0.3318855 0.6210415 -0.03945076 18.34179 nan 0 0.0 0.008194224090684854 1.8872668297559303 1.0 0.0
-0.003644963 0.002321794 -2.545679 -1.703859 0.2100731 0.3352976 0.2854562 17.10565 0.7804737 0 0.0 0.004321629628948436 3.0632690157611036 1.0 0.0
-0.02171733 0.04896084 2.208027 -7.396176 2.263271 3.377619 0.5217661 20.56841 1.656023 0 0.0 0.05356123855769674 7.718730637592233 0.0 0.0
0.01525297 -0.006655912 -3.109582 0.9581828 1.130327 2.433418 -0.02769894 20.04889 0.4897976 0 0.0 0.016641942746345572 3.253861474147269 1.0 0.0
0.002155968 -0.008840092 -1.283776 0.7743631 0.1363308 0.22492 0.02407565 16.79501 1.040668 0 0.0 0.009099199117806359 1.4992394834774097 1.0 0.0
-0.006199483 0.007166699 0.227464 3.247921 0.6148517 1.223126 -0.01037624 19.29653 nan 0 0.0 0.00947603102695902 3.2558763326540827 1.0 0.0
0.01598644 0.02108097 -0.06747504 -1.028673 1.326886 2.510631 -0.01269615 20.51353 0.7577896 0 0.0 0.026457013437168227 1.0308836122239995 1.0 0.0
0.04193773 -0.07909009 -2.963995 -1.470266 1.131526 1.638822 0.3624662 20.14112 1.246714 0 0.0 0.08952103402977984 3.3086173049751464 0.0 0.0
0.04393055 -0.05594089 -4.016607 -11.3306 0.2252172 0.4180298 0.03712951 18.16033 1.092232 1 0.0 0.07112859057576355 12.021465308041654 0.0 0.0
-0.003222547 0.002352284 -3.253395 -7.1582 0.7061195 1.325489 0.1438099 18.51132 nan 0 0.0 0.003989742997219871 7.86284975476608 1.0 0.0
0.008440109 0.002963216 -1.916659 -0.6612645 0.1286592 0.2069092 0.1425284 17.13976 1.032396 0 0.0 0.008945171266920326 2.027523726431148 1.0 0.0
-0.04204525 -0.01274861 -0.7455927 -0.3653871 0.4127811 0.931236 -0.07794066 19.08331 0.9942226 0 0.0 0.043935522126117954 0.8303109099245295 1.0 0.0
0.01310999 -0.008148038 -1.202358 -7.425827 0.7272344 1.173529 0.1101312 17.6232 1.011192 0 0.0 0.015435749448910603 7.522537563488334 1.0 0.0
0.01334716 -0.008746886 -0.4926768 -1.229138 0.4748912 0.9249187 -0.07089811 19.10962 nan 0 0.0 0.01595790383360534 1.3242018925761434 1.0 0.0
0.05558921 -0.0008951828 -1.630358 -2.089823 0.4499401 0.9478954 0.09302481 19.11496 1.08239 0 0.0 0.05559641733663704 2.65055227820411 1.0 0.0
-0.006168741 0.005774331 1.24402 1.524467 0.2924042 0.5255532 -0.02437746 18.19576 0.8500996 0 0.0 0.008449630999200024 1.967634466685568 1.0 0.0
0.003814462 -0.0004705522 -1.815714 1.327753 0.3318108 0.6293153 -0.2398616 16.40006 nan 0 0.0 0.0038433760839096712 2.2493877742187984 1.0 0.0
0.06574553 -0.05623091 -1.595687 2.443208 1.41763 3.671806 -0.05546786 20.53842 0.666872 0 0.0 0.0865123687943464 2.9181299376883474 0.0 0.0
-0.006580909 0.005110624 1.281665 -4.790205 0.426795 0.7364893 0.01794272 18.55487 0.8579941 0 0.0 0.008332277055862761 4.958702361934018 1.0 0.0
-0.01882815 -0.01766015 -0.6426581 0.4312675 0.488572 0.9914739 -0.03889913 19.35742 0.8623924 1 0.9983266 0.02581433962829574 0.7739516070477922 1.0 0.0
0.01078195 -0.01229133 -1.431892 0.142105 0.2689811 0.5042782 -0.04836048 18.3845 0.9432812 0 0.0 0.016350144922030508 1.4389261727722515 1.0 0.0
0.003618686 -0.0002989047 -0.8842891 -0.1910939 0.3298195 0.5050561 0.1113908 16.1601 nan 0 0.0 0.003631009830099347 0.9047011058885802 1.0 0.0
0.007502677 0.002192504 -3.836171 6.724522 1.847425 2.467947 0.1155821 19.29592 nan 0 0.0 0.007816472091445412 7.741795920180602 1.0 0.0
0.001950249 -0.01910545 -2.026907 -1.133081 0.2010999 0.3734619 -0.02895695 17.93042 1.045002 0 0.0 0.01920473095006803 2.3221163922615937 1.0 0.0
0.06892317 -0.05687152 -0.7899882 -3.315439 1.28803 2.250343 0.1804034 20.21456 1.382021 0 0.0 0.08935755787821924 3.408257196700425 0.0 0.0
0.02058477 -0.04403431 -1.996761 -3.451367 0.1874405 0.3454001 0.04045323 17.90665 1.044243 1 0.0 0.04860815994387156 3.987353591018735 1.0 0.0
-0.003885199 -0.04189434 0.007509516 5.585199 1.396064 2.377452 0.3312175 20.18654 0.4951153 0 0.0 0.04207410718369674 5.585204048415022 1.0 0.0
-0.002191855 0.01223993 -1.252245 -5.963523 0.5807001 1.034185 -0.1052507 19.21736 nan 0 0.0 0.012434633679603312 6.093580565771983 1.0 0.0
0.04263764 0.06256926 -8.437558 18.73711 2.05032 2.599661 0.2902839 20.40584 2.097687 0 0.0 0.07571578858941641 20.549250014427876 0.0 0.0
0.001939611 -0.01012565 -9.526699 -18.15014 2.027577 3.701017 0.2144244 20.00453 nan 0 0.0 0.010309746784175691 20.49842861919423 0.0 0.0
0.03137298 -0.01282093 -1.066719 -8.663612 2.075896 4.125572 0.1449502 20.54564 0.3356838 0 0.0 0.033891593650126575 8.72903558885545 0.0 0.0
0.05825905 0.05355491 0.1070217 0.5382945 1.167138 2.435201 0.2434088 20.27555 0.5632095 0 0.0 0.07913434963409126 0.5488302223831519 1.0 0.0
0.007032335 -0.02458292 -1.534216 -1.190296 0.5466701 0.9244807 -0.0440073 19.1046 0.7977219 0 0.0 0.02556899863660337 1.9418092857621214 1.0 0.0
0.01738787 -0.01225904 -2.234528 0.2306707 0.844019 1.773304 -0.1308376 19.84024 0.7615013 0 0.0 0.021274916800272096 2.2464025361948137 1.0 0.0
-0.01186182 -0.02214827 -1.88263 -2.78597 0.6490863 1.335097 -0.1377106 19.66274 0.8603287 0 0.0 0.02512466194210979 3.362428372144156 1.0 0.0
0.002238468 -0.01025916 -1.477298 -0.8441209 0.1503524 0.2891355 -0.01568382 17.30178 0.9647408 0 0.0 0.010500528695862129 1.7014551050852944 1.0 0.0
-0.007481061 -0.02194309 -0.9071582 -0.5639596 0.1417918 0.2531089 0.0430277 17.39529 1.112343 1 0.9996422 0.023183301586137833 1.0681696636112636 1.0 0.0
0.004497423 0.08519994 -0.1657444 -1.73298 0.6099815 1.133592 0.1119573 19.45713 0.9414558 0 0.0 0.08531855946770625 1.7408879592125852 1.0 0.0
-0.01412635 -0.01047855 0.4915546 -6.749929 1.822792 4.179327 -0.04638932 20.74762 0.1368942 0 0.0 0.017588455714615765 6.767803737537175 1.0 0.0
