jas1101finalproject/data/gcs/NGC_5927.ecsv
# %ECSV 0.9
# ---
# datatype:
# - {name: x, unit: deg, datatype: float64}
# - {name: y, unit: deg, datatype: float64}
# - {name: pmx, unit: mas / yr, datatype: float64}
# - {name: pmy, unit: mas / yr, datatype: float64}
# - {name: pmx_e, unit: mas / yr, datatype: float64}
# - {name: pmy_e, unit: mas / yr, datatype: float64}
# - {name: pm_corr, datatype: float64}
# - {name: g_mag, unit: mag, datatype: float64}
# - {name: bp_rp, unit: mag, datatype: float64}
# - {name: filter, datatype: int64}
# - {name: memberprob, datatype: float64}
# - {name: r, unit: deg, datatype: float64}
# - {name: pm, unit: mas / yr, datatype: float64}
# - {name: member_prob_GMM, datatype: float64}
# meta: !!omap
# - comments: [deg deg mas/yr mas/yr mas/yr mas/yr dimless mag   mag   zeroone float]
# - __serialized_columns__:
#     bp_rp:
#       __class__: astropy.units.quantity.Quantity
#       unit: &id001 !astropy.units.Unit {unit: mag}
#       value: !astropy.table.SerializedColumn {name: bp_rp}
#     g_mag:
#       __class__: astropy.units.quantity.Quantity
#       unit: *id001
#       value: !astropy.table.SerializedColumn {name: g_mag}
#     pm:
#       __class__: astropy.units.quantity.Quantity
#       unit: !astropy.units.Unit {unit: mas / yr}
#       value: !astropy.table.SerializedColumn {name: pm}
#     pmx:
#       __class__: astropy.units.quantity.Quantity
#       unit: !astropy.units.Unit {unit: mas / yr}
#       value: !astropy.table.SerializedColumn {name: pmx}
#     pmx_e:
#       __class__: astropy.units.quantity.Quantity
#       unit: !astropy.units.Unit {unit: mas / yr}
#       value: !astropy.table.SerializedColumn {name: pmx_e}
#     pmy:
#       __class__: astropy.units.quantity.Quantity
#       unit: !astropy.units.Unit {unit: mas / yr}
#       value: !astropy.table.SerializedColumn {name: pmy}
#     pmy_e:
#       __class__: astropy.units.quantity.Quantity
#       unit: !astropy.units.Unit {unit: mas / yr}
#       value: !astropy.table.SerializedColumn {name: pmy_e}
#     r:
#       __class__: astropy.units.quantity.Quantity
#       unit: &id002 !astropy.units.Unit {unit: deg}
#       value: !astropy.table.SerializedColumn {name: r}
#     x:
#       __class__: astropy.units.quantity.Quantity
#       unit: *id002
#       value: !astropy.table.SerializedColumn {name: x}
#     y:
#       __class__: astropy.units.quantity.Quantity
#       unit: *id002
#       value: !astropy.table.SerializedColumn {name: y}
# schema: astropy-2.0
x y pmx pmy pmx_e pmy_e pm_corr g_mag bp_rp filter memberprob r pm member_prob_GMM
[from data line 21122]
0.05788447 -0.05529576 -3.806451 -1.545112 2.570359 2.475011 -0.2681548 20.65413 0.8766289 0 0.0 0.08005143934470198 4.1080944862484605 0.0
0.009051192 -0.1467677 -7.792834 -4.350063 0.664338 0.505164 -0.1380972 18.98542 1.535244 1 0.0002501203 0.14704652950651662 8.924758251937416 0.0
0.05068006 -0.1522607 0.4747884 -3.189188 0.8714421 0.5927069 -0.2923966 19.09834 1.26606 1 0.0 0.16047364034661143 3.224336230004334 0.0
0.07159219 -0.1423393 -8.33731 -2.87828 2.30511 2.230803 -0.3624483 20.41629 nan 0 0.0 0.15932958919637652 8.820160644483751 0.0
-0.01417319 -0.1407914 -1.961188 0.7045011 3.429658 3.048014 -0.1448849 20.69598 1.202177 0 0.0 0.14150299512284573 2.0838858345037066 0.0
0.02124976 -0.03153743 -2.398631 -1.159795 2.571506 1.541677 0.01192823 20.05975 nan 0 0.0 0.03802843398120017 2.66431137748312 0.0
0.02073186 -0.08809769 -5.561876 0.5340338 1.243179 1.004633 -0.1746665 18.22885 1.527691 0 0.0 0.09050421538467532 5.587455300842991 0.0
0.04304688 -0.07812219 3.425908 -2.435711 2.269758 1.399106 -0.09661207 20.2307 1.476154 0 0.0 0.08919703161053343 4.203514446268146 0.0
0.1051234 -0.1250534 -9.333039 -3.345913 2.51741 1.661342 -0.4410898 20.09239 1.327 0 0.0 0.1633685467864607 9.914673508446457 0.0
-0.03837216 -0.1529318 -3.568747 -6.626388 2.473712 1.700001 -0.109238 20.46435 nan 0 0.0 0.1576723124530924 7.526285476684564 0.0
0.02137519 -0.03196474 -12.0134 -3.893866 2.19665 1.142518 0.008530313 19.97299 1.182566 0 0.0 0.03845313187249772 12.628696369220222 0.0
-0.009688403 -0.1022352 -3.532352 -2.803409 0.3991184 0.3257975 -0.08297097 18.34859 1.886301 0 0.0 0.10269323868556493 4.509613361828817 0.0
0.05899384 -0.1100075 -1.078637 -4.761381 0.6585466 0.5439808 -0.1996203 19.10124 1.677126 0 0.0 0.12482757393378915 4.882028963958531 0.0
0.0338842 -0.1193935 -8.139153 -2.595368 1.542006 1.034546 0.06219413 19.79268 nan 0 0.0 0.12410860909658927 8.542935479847252 0.0
-0.003837127 -0.149876 -4.025258 -5.239545 1.360927 0.8605487 -0.1037526 19.7023 1.259424 0 0.0 0.1499251110375248 6.607233443249073 0.0
0.0001152433 -0.04177508 -6.972822 -4.128078 1.871607 1.068356 -0.185077 19.81804 1.084564 0 0.0 0.0417752389583183 8.103164481717497 0.0
0.0124298 -0.1293354 -4.520045 -4.067858 0.4548099 0.3675296 -0.1440503 18.3546 1.645487 1 0.3535791 0.12993131116555393 6.080976526035024 0.0
-0.03450503 -0.1295829 -0.7554779 -1.579645 4.037232 2.122251 0.02956981 20.7901 1.73724 0 0.0 0.1340981918882984 1.7510069055870139 0.0
0.01290981 -0.1022779 -7.270498 -1.986381 0.2092312 0.1813693 -0.2007848 17.11536 1.374771 1 0.0 0.10308943700809556 7.536965612576788 0.0
0.08942716 -0.1073778 1.45943 -2.339786 1.253442 0.8067852 -0.1154631 19.50737 nan 0 0.0 0.1397397898900152 2.757632036856259 0.0
0.07248773 -0.1368094 -4.034878 -5.220005 1.400119 0.9817982 -0.2615605 19.75402 1.392408 1 0.1387703 0.15482662215818344 6.597627806636943 0.0
0.01098553 -0.1607528 -9.658181 -4.811238 2.395174 1.420179 -0.1009882 20.31222 1.900612 1 0.08327195 0.16112772752453533 10.790202561648462 0.0
0.04582903 -0.14521 -4.89344 -4.43225 1.501576 0.9295983 -0.1574293 19.76708 1.302361 0 0.0 0.15227029943735218 6.602317403465241 0.0
-0.02755886 -0.08533937 -1.660439 -2.838261 0.4875068 0.3950988 -0.07310258 18.59636 1.519646 1 0.0 0.0896788650491101 3.288279668282794 0.0
-0.01194597 -0.1035174 -1.397105 -1.82957 1.140866 0.7112705 -0.06952705 19.44768 2.408529 0 0.0 0.1042044063463772 2.302005379212872 0.0
-0.03517154 -0.1537075 -9.502429 -4.97932 1.224608 0.6709207 0.1875404 19.49887 1.608597 0 0.0 0.15768015976089572 10.727990704807727 0.0
0.06179286 -0.1382475 -7.779618 -3.072254 2.764964 1.68377 -0.2090531 20.36752 0.8240433 0 0.0 0.15142895629049816 8.364281252232018 0.0
0.03059724 -0.01260263 1.69136 -1.158606 0.1881368 0.1564097 -0.2837264 17.06139 1.344362 1 0.0 0.03309104680324423 2.0501381692061638 0.0
0.002197817 -0.1338313 12.44546 -4.338456 4.109489 3.064646 -0.419771 20.68414 0.8830166 0 0.0 0.1338493453822449 13.179972499043236 0.0
-0.0005126544 -0.05137286 -0.60354 -1.08913 2.987939 3.152925 -0.2931253 20.66976 nan 0 0.0 0.051375417848553206 1.2451765692061507 0.0
-0.02895979 -0.1299683 6.104754 0.688199 3.217381 2.661026 -0.2842225 20.54243 1.859961 0 0.0 0.13315565493712275 6.1434224390088135 0.0
0.02065065 -0.140809 -2.762138 -7.392568 0.5959195 0.4816405 -0.1352222 18.51854 1.426498 0 0.0 0.1423152269661349 7.891734154523199 0.0
0.002514341 -0.1650392 -3.109663 -3.790286 0.5063454 0.4140147 -0.1064879 18.97775 1.340147 1 0.007460503 0.16505835164360597 4.902680076791163 0.0
0.07163053 -0.1173227 -7.35486 -5.319525 0.1575888 0.1423108 -0.3056252 16.2298 1.306868 0 0.0 0.1374610809042723 9.07696600441056 0.0
0.01181304 -0.1276682 9.919701 5.132245 2.517071 1.515491 0.03799213 20.091 1.718275 0 0.0 0.1282135609258303 11.16872448713039 0.0
-0.0008682062 -0.1511118 -8.434263 -9.71719 0.6079167 0.5056221 -0.1786678 18.97654 nan 0 0.0 0.15111429409968374 12.867034384397558 0.0
-0.02633191 -0.1386223 -0.3589236 -3.656226 2.817419 1.822334 -0.1484507 20.66701 nan 0 0.0 0.1411010685343598 3.673801126042748 0.0
0.02017726 -0.03115168 -4.875128 -3.398572 0.3496937 0.2813824 -0.218507 17.96099 1.708332 0 0.0 0.037115347067352075 5.9428246361110135 1.0
0.04028775 -0.1318726 -4.196373 0.08450269 0.2874324 0.2483139 -0.1413892 17.87247 1.40424 1 0.0 0.13788939564311137 4.197223732391 0.0
0.08491631 -0.1367807 -8.818511 -5.371956 0.5429848 0.4492829 -0.2003065 18.53109 1.475447 0 0.0 0.16099608565585097 10.32589209332816 0.0
-0.01250114 -0.08411605 -3.507152 -2.513263 0.1098943 0.1016197 -0.1895895 16.07708 1.922458 1 0.0 0.08503992220658542 4.314696519834622 0.0
0.07165452 -0.1331308 -5.307066 -3.494849 1.080709 0.7245701 -0.271999 19.40859 1.374443 1 0.4988732 0.1511892196721393 6.354440892884046 0.0
0.01691718 -0.04052691 -4.050576 -3.075181 3.216533 2.014449 -0.5503072 20.15062 nan 0 0.0 0.04391607238017193 5.085656704353628 0.0
-0.01520978 -0.06613057 -4.947881 -3.36144 0.1436881 0.1193396 -0.1923647 16.38746 1.779445 1 0.9642429 0.06785712708458339 5.981705882418576 0.0
-0.04616299 -0.1208268 -5.118903 -1.177286 0.4794175 0.3415723 0.06031027 18.59668 1.284811 0 0.0 0.12934503177153772 5.252539409581332 0.0
0.05378611 -0.1083266 -0.1008615 0.7090736 1.057559 0.651871 -0.08879923 19.37493 1.412558 1 0.0 0.12094460672759286 0.7162111507085113 0.0
0.02932124 -0.1510866 -5.648234 -3.827755 2.526279 1.546356 -0.09529899 20.31484 1.491541 0 0.0 0.1539054768833702 6.823067906651743 0.0
0.05618594 -0.05410733 -5.817875 -6.604997 0.514659 0.4302688 -0.1816281 18.75591 1.680222 1 0.0 0.07800296797822824 8.801912001697927 0.0
-0.02456431 -0.144679 -4.059554 -2.373926 1.172025 0.7158889 0.2058559 19.64345 1.887827 0 0.0 0.14674950891494015 4.702712337831435 0.0
0.01973213 -0.03256293 -1.282945 -1.790705 1.862261 0.9558871 0.02642346 19.9198 nan 0 0.0 0.03807494405145988 2.2028554809723673 0.0
0.05080349 -0.109647 -7.470439 -3.545966 1.556584 1.010589 -0.04384612 19.88705 1.534225 0 0.0 0.1208447731810528 8.269300679372893 0.0
0.0244985 -0.1388463 -11.50659 -11.31752 1.421586 1.04576 -0.06597388 20.03507 2.269428 0 0.0 0.14099103349482903 16.139636686694654 0.0
0.06578622 -0.1027725 -2.742847 -1.267533 1.024569 0.672494 0.03830306 19.26345 1.739357 0 0.0 0.12202464299533272 3.0215640935611474 0.0
0.009275681 -0.08418015 -5.388141 -2.315227 1.691462 1.064713 0.179415 19.98456 1.103212 0 0.0 0.08468964465645289 5.864498230659636 0.0
0.00980678 -0.03712981 -4.15574 -3.030551 2.251621 1.132217 0.06253494 19.92976 1.498795 0 0.0 0.03840306920813101 5.143385491211115 0.0
0.03180552 -0.04135099 -0.1684555 -6.661765 1.144122 0.9378837 -0.2374707 19.07645 1.650167 0 0.0 0.05216795449747383 6.663894519776348 0.0
0.04521863 -0.07855911 -5.719932 -4.794004 1.274673 0.8134631 -0.115268 19.71254 1.567669 1 0.2393065 0.09064357816783825 7.463249723588244 0.0
0.03157682 -0.02226972 -4.829567 -1.867766 0.3462731 0.2894097 -0.2310131 17.95999 1.770836 1 0.01198786 0.03863982388923117 5.178152878995077 0.0
0.08303432 -0.1106543 -4.161782 -5.089723 0.6078367 0.5109589 -0.1948413 19.0342 1.496304 1 0.01501024 0.13834403639605286 6.574626197150147 0.0
0.05567978 -0.07363034 -4.836583 -6.260629 1.156517 0.7634473 -0.009589024 19.54391 1.801046 0 0.0 0.09231286405135526 7.911258470782635 0.0
0.02732974 -0.02893896 -5.484588 -4.051379 0.6141117 0.4852473 -0.1645922 18.53919 1.627396 0 0.0 0.03980424718983139 6.818678561963821 0.0
0.07365213 -0.1137781 -12.09186 -4.624892 2.277938 1.322708 -0.001029345 20.11736 nan 0 0.0 0.13553631355893853 12.946146309665437 0.0
0.03818678 -0.02388444 -10.9747 -2.251124 3.237632 1.574435 0.3181814 20.32517 1.509832 0 0.0 0.0450410550596009 11.203195943719631 0.0
0.05736013 -0.1362506 -6.020642 -6.96123 2.147867 1.273739 -0.1430185 20.1415 1.448479 0 0.0 0.14783237302423613 9.203632609196436 0.0
0.01810973 -0.1544836 -5.562691 -7.625251 2.054782 1.329815 -0.287258 20.10814 1.872511 0 0.0 0.15554145746273854 9.438643121470479 0.0
-0.03496868 -0.1156749 -7.104729 -3.119518 1.431603 0.8352275 0.2665647 19.93512 1.338966 0 0.0 0.12084490502686657 7.759417936660262 0.0
-0.0284862 -0.163316 -3.23494 -5.113387 0.4710374 0.3570155 0.03134202 18.5585 1.539684 0 0.0 0.16578172229302 6.050748996229228 0.0
0.02838345 -0.02842079 -9.820603 -5.812583 0.3212306 0.2658931 -0.206487 18.03 1.721367 1 0.0 0.04016667198221182 11.411851927513693 0.0
0.04203159 -0.07992181 -1.641224 -1.142775 0.625242 0.5026058 -0.1367241 19.0447 1.305988 1 0.0 0.09030033372919614 1.999887726548918 0.0
-0.002530912 -0.0624508 -3.970733 -5.113857 1.772224 0.9559187 0.1199579 19.90453 1.007151 0 0.0 0.06250206345547116 6.474430783763002 0.0
0.00598002 -0.04022288 -8.257874 -4.457486 2.316565 1.189123 0.3799731 19.70621 1.446297 0 0.0 0.040664981429908466 9.384117669769065 0.0
0.1086278 -0.1152614 -7.49583 -1.691486 2.528595 1.441285 -0.1225295 20.19944 1.177891 0 0.0 0.1583830460080876 7.684308184677135 0.0
-0.01378495 -0.08415074 -4.036571 -6.238742 2.337543 1.45674 0.1478492 19.6497 1.34314 0 0.0 0.08527233953076518 7.430733959751554 0.0
0.03461506 -0.08326505 -7.617977 -4.481605 1.033036 0.6533109 -0.09586352 19.46468 1.770725 0 0.0 0.09017356004010321 8.838458969105078 0.0
0.05532261 -0.05722672 -8.213428 -3.107122 2.763334 1.972876 -0.4643626 20.06992 nan 0 0.0 0.0795957829232837 8.78149227831284 0.0
0.03260662 -0.08413717 0.3956886 1.054881 0.7972538 0.54037 0.02767895 18.96963 1.730366 0 0.0 0.09023444488349945 1.1266514067496476 0.0
0.04135762 -0.143329 -13.15832 -4.49204 3.086364 2.008554 -0.5114182 20.24224 0.9727993 0 0.0 0.149176589896218 13.903949387997642 0.0
0.07246296 -0.06561572 -5.560633 -5.386887 0.9693498 0.6115472 -0.1700293 19.2917 1.569427 1 0.01374863 0.09775634651049517 7.742040487588398 0.0
-0.02762896 -0.162625 -3.603913 -1.369879 0.2039576 0.1522099 0.0826305 17.23386 1.929102 1 0.0 0.16495529714344306 3.8554840663929606 0.0
-0.01882271 -0.1585427 -5.063676 -3.056548 1.367508 0.8152845 0.2145689 19.94367 1.632853 1 0.4258932 0.15965613716683147 5.914668233238446 0.0
0.05302431 -0.05686549 -1.631696 -4.250852 3.292134 2.946636 -0.4024227 20.40666 1.413097 0 0.0 0.07775127911434127 4.553259773208641 0.0
0.01886806 -0.09048109 -3.148799 -6.116827 1.230307 0.7951731 -0.008747638 19.61921 1.315577 1 0.007688715 0.09242743821913328 6.879717122842333 0.0
0.008728067 -0.07024497 -11.65241 -6.247619 0.3578552 0.2810496 -0.1604719 17.77919 1.488678 0 0.0 0.07078513236448307 13.221626298502805 0.0
-0.01058356 -0.1545652 -4.716095 -3.114083 0.3849652 0.2803422 0.02638625 18.31226 1.527632 1 0.7982075 0.15492712090952185 5.6514657373033765 0.0
0.03196936 -0.02776696 -5.723795 -3.81851 2.839261 1.672483 -0.006748469 20.2335 1.756315 0 0.0 0.04234435082099146 6.880613913171193 0.0
0.09799287 -0.1036222 -7.731001 -0.3345441 1.295218 0.8521383 -0.04542755 19.5626 1.400093 0 0.0 0.14261894300434602 7.738235988702193 0.0
0.03580328 -0.1324869 1.377743 -4.41002 1.3358 0.855906 -0.04033615 19.58497 2.172958 0 0.0 0.13723940225157058 4.620222091463678 0.0
0.01492414 -0.07931787 -2.991259 -2.978983 1.19581 0.7503425 -0.05914557 19.66338 nan 0 0.0 0.08070969245435458 4.22160752787016 0.0
0.03466686 -0.1175554 -6.343113 -3.720777 2.379196 1.467953 -0.08240199 20.13235 1.230019 0 0.0 0.12256044733689414 7.353860483752598 0.0
-0.008433652 -0.1576929 -7.127362 -4.387865 0.4080673 0.294634 0.002953881 18.33569 1.575481 0 0.0 0.1579182611241243 8.369746013904424 0.0
0.00853106 -0.03858677 -7.271365 -2.254744 1.247316 0.6937921 -0.04794218 19.31572 1.260378 0 0.0 0.03951857542670915 7.612924501711612 0.0
0.007337401 -0.07179731 0.08247514 -5.00247 1.084945 0.6775681 -0.07788093 19.37043 1.323519 1 0.0002661135 0.07217126281748783 5.003149832817124 0.0
-0.02991272 -0.1628286 0.07573402 -2.065887 0.7909075 0.5257186 0.156203 19.18693 1.844046 1 0.0 0.1655533865427053 2.067274712889983 0.0
0.05346297 -0.1293604 -4.756964 -6.389251 0.2068314 0.1924735 -0.1924568 17.32664 1.447474 1 0.0 0.1399728625462125 7.9656283392019365 0.0
0.007401232 -0.0955476 -2.215245 -0.3505673 0.3555024 0.2850687 -0.1342288 18.13102 1.382956 1 0.0 0.09583382545259177 2.242812484773145 0.0
0.04042369 -0.1307931 -9.402251 5.115423 2.766541 2.564948 -0.3775386 20.13553 nan 0 0.0 0.1368974423458163 10.703731888268221 0.0
0.009024037 -0.03753019 -2.906572 -1.512049 0.769455 0.5970141 -0.08399567 18.35877 1.659651 0 0.0 0.03859984980817243 3.276347504399526 0.0
0.02231354 -0.1109484 -1.660702 -1.523863 0.07652575 0.07018793 -0.3017587 15.38059 1.913898 1 0.0 0.11316996743788346 2.2539054051962784 0.0
0.0258334 -0.008445556 -5.208546 -4.753069 0.2767703 0.2199582 -0.2733461 17.14842 1.628284 0 0.0 0.027178888345720395 7.051284730662704 0.0
0.004789836 -0.1517529 -11.19431 -8.570507 2.909687 2.314712 0.002092816 20.44 1.268126 0 0.0 0.15182847291373544 14.098445538893605 0.0
0.01210945 -0.06294439 -6.324648 -4.735315 0.221167 0.186493 -0.4419175 17.10897 1.488691 1 0.0 0.06409863502271013 7.900910104103767 0.0
0.02719011 -0.08631572 -7.077676 -4.172442 0.8831378 0.5651747 -0.09016782 19.14525 1.434561 0 0.0 0.09049699222035228 8.216006925772398 0.0
-0.04584553 -0.1199797 -6.774821 -1.119117 1.596933 1.146274 0.4722541 19.90555 nan 0 0.0 0.12844041822211147 6.866631083852547 0.0
0.07174224 -0.119955 -7.14351 -4.794228 0.2711844 0.2320316 -0.2233658 17.75398 nan 0 0.0 0.1397717819347582 8.60315972396677 0.0
-0.006316554 -0.134114 -6.68984 -1.201879 1.299655 0.9894965 -0.5719799 19.28207 1.442535 1 0.2956099 0.13426266737419942 6.796945810894846 0.0
0.05502767 -0.151827 0.4863908 -4.963389 2.296758 1.885251 -0.1425263 20.41685 0.7807331 0 0.0 0.16149143133500582 4.987164161690052 0.0
0.08637371 -0.1359938 -23.23471 -9.259931 2.845588 1.804226 -0.1780355 20.1667 1.603851 0 0.0 0.16110472189729294 25.011958558035015 0.0
0.03555016 -0.160971 -12.6064 -6.02659 3.160819 1.95421 0.2066221 20.1522 1.418697 0 0.0 0.1648498611374168 13.972870427657305 0.0
0.02651463 -0.08597201 -9.140833 -5.758288 0.3138475 0.2712936 -0.1978842 17.88208 1.503624 0 0.0 0.0899678392953671 10.803365615623356 0.0
0.05892543 -0.1260063 -5.157535 -3.271862 0.08233831 0.08079677 -0.308915 15.42614 1.980622 1 0.9648731 0.13910353676443635 6.107802241663445 0.0
0.03116396 -0.1630201 -7.816975 -2.626011 1.48222 0.9324848 -0.09408172 19.66473 1.215229 0 0.0 0.1659721223787043 8.246273820504992 0.0
0.04931795 -0.1094623 -7.424778 -5.71343 0.9764898 0.6335755 -0.1193573 19.18314 nan 0 0.0 0.12005938244673967 9.368597051543203 0.0
0.08082817 -0.1423124 -8.56073 -4.271657 1.482158 0.9720662 -0.2637525 19.82087 1.277868 0 0.0 0.1636643279988309 9.567295942874821 0.0
0.004010607 -0.134026 -2.5977 -9.517927 0.8201582 0.5216025 -0.1082725 19.1171 1.295351 1 0.0 0.1340859934687753 9.866051878402475 0.0
0.004086236 -0.151295 -3.766391 -1.845192 0.2462797 0.2001191 -0.1654289 17.55792 1.441927 1 0.0 0.15135017129044717 4.194095216103826 0.0
