jas1101finalproject/data/gcs/NGC_6712.ecsv
# %ECSV 0.9
# ---
# datatype:
# - {name: x, unit: deg, datatype: float64}
# - {name: y, unit: deg, datatype: float64}
# - {name: pmx, unit: mas / yr, datatype: float64}
# - {name: pmy, unit: mas / yr, datatype: float64}
# - {name: pmx_e, unit: mas / yr, datatype: float64}
# - {name: pmy_e, unit: mas / yr, datatype: float64}
# - {name: pm_corr, datatype: float64}
# - {name: g_mag, unit: mag, datatype: float64}
# - {name: bp_rp, unit: mag, datatype: float64}
# - {name: filter, datatype: int64}
# - {name: memberprob, datatype: float64}
# - {name: r, unit: deg, datatype: float64}
# - {name: pm, unit: mas / yr, datatype: float64}
# - {name: member_prob_GMM, datatype: float64}
# - {name: member_prob_DB, datatype: float64}
# meta: !!omap
# - comments: [deg deg mas/yr mas/yr mas/yr mas/yr dimless mag   mag   zeroone float]
# - __serialized_columns__:
#     bp_rp:
#       __class__: astropy.units.quantity.Quantity
#       unit: &id001 !astropy.units.Unit {unit: mag}
#       value: !astropy.table.SerializedColumn {name: bp_rp}
#     g_mag:
#       __class__: astropy.units.quantity.Quantity
#       unit: *id001
#       value: !astropy.table.SerializedColumn {name: g_mag}
#     pm:
#       __class__: astropy.units.quantity.Quantity
#       unit: !astropy.units.Unit {unit: mas / yr}
#       value: !astropy.table.SerializedColumn {name: pm}
#     pmx:
#       __class__: astropy.units.quantity.Quantity
#       unit: !astropy.units.Unit {unit: mas / yr}
#       value: !astropy.table.SerializedColumn {name: pmx}
#     pmx_e:
#       __class__: astropy.units.quantity.Quantity
#       unit: !astropy.units.Unit {unit: mas / yr}
#       value: !astropy.table.SerializedColumn {name: pmx_e}
#     pmy:
#       __class__: astropy.units.quantity.Quantity
#       unit: !astropy.units.Unit {unit: mas / yr}
#       value: !astropy.table.SerializedColumn {name: pmy}
#     pmy_e:
#       __class__: astropy.units.quantity.Quantity
#       unit: !astropy.units.Unit {unit: mas / yr}
#       value: !astropy.table.SerializedColumn {name: pmy_e}
#     r:
#       __class__: astropy.units.quantity.Quantity
#       unit: &id002 !astropy.units.Unit {unit: deg}
#       value: !astropy.table.SerializedColumn {name: r}
#     x:
#       __class__: astropy.units.quantity.Quantity
#       unit: *id002
#       value: !astropy.table.SerializedColumn {name: x}
#     y:
#       __class__: astropy.units.quantity.Quantity
#       unit: *id002
#       value: !astropy.table.SerializedColumn {name: y}
# schema: astropy-2.0
x y pmx pmy pmx_e pmy_e pm_corr g_mag bp_rp filter memberprob r pm member_prob_GMM member_prob_DB
[from data line 8040]
-0.04114586 -0.01974951 -2.477739 -5.867826 0.4432016 0.4043491 0.64356 18.32527 1.238712 0 0.0 0.04564016805818861 6.369503318030143 1.0 0.0
0.0475687 -0.01022592 -1.519123 -4.244126 1.633908 1.674305 0.8924999 19.45393 1.017521 0 0.0 0.04865542785277301 4.507808801735606 0.0 0.0
0.03335962 -0.02498917 -0.1461616 -4.492358 0.1917871 0.1664077 0.304605 17.1571 1.084127 1 0.0 0.041681205162918455 4.494735099366654 0.0 0.0
-0.0337221 -0.05655391 -2.905541 -7.838374 0.1909105 0.1833802 0.4178306 17.39708 1.328251 1 0.0 0.06584470187264956 8.3595619183398 0.0 0.0
-0.009263054 0.01693 3.421729 -3.565644 0.5520108 0.4385974 0.3064976 18.61795 1.20698 0 0.0 0.019298421422668643 4.941866700365055 0.0 1.0
-0.06612043 -0.02825891 2.264459 -6.042979 0.9507881 0.8949164 0.6880213 18.71926 1.301846 0 0.0 0.07190603074689214 6.453322381310421 0.0 0.0
0.008052033 -0.02718599 1.360743 -6.550178 1.219688 1.34705 0.8840972 19.11637 1.250641 0 0.0 0.028353364663002326 6.690026408298625 0.0 0.0
-0.01098017 -0.06544174 0.6127217 -3.152691 0.8409143 0.976694 0.6687735 19.15127 1.292103 0 0.0 0.06635650282720225 3.2116800001139416 0.0 0.0
0.007358491 -0.0157972 3.531326 -5.032805 0.435291 0.4400471 0.6861139 18.29994 nan 0 0.0 0.017426959506382088 6.148120809344999 1.0 1.0
0.01275874 0.006963048 3.272455 -6.378986 0.5399244 0.4886862 0.4729026 18.5625 nan 0 0.0 0.01453511210269477 7.169408909751278 0.0 0.0
0.01236658 0.006969737 1.608999 -7.731806 1.177162 0.9660126 0.0003065678 18.43544 nan 0 0.0 0.014195405409693978 7.897449069391774 0.0 0.0
0.03074355 0.07502858 -1.499695 -7.314305 0.5585476 0.5620192 0.730847 18.60981 nan 0 0.0 0.08108300489880046 7.466467888235374 0.0 0.0
0.003798714 -0.04970407 -1.084442 -0.6880637 1.450093 1.577424 0.8897531 19.41877 1.329062 0 0.0 0.04984902007681491 1.2843076370643016 0.0 0.0
-0.02148438 0.07931599 -3.249147 -9.097547 2.148588 2.104014 0.8300795 20.12291 nan 0 0.0 0.08217423473123737 9.660347697925681 0.0 0.0
-0.04277354 -0.0302506 -0.2595707 -4.263435 0.4659414 0.4293503 0.4346924 18.00776 1.233982 0 0.0 0.05238964138540748 4.271329412199847 0.0 0.0
-0.02431811 0.04108589 -3.774724 -4.339147 0.4439139 0.4042736 0.5425123 18.56482 nan 0 0.0 0.04774328048075666 5.751237950544648 1.0 0.0
-0.001057431 -0.02336358 3.168469 -4.135967 0.1656223 0.1337895 0.117825 16.79116 1.861518 0 0.0 0.023387497316646792 5.2101265655500155 1.0 1.0
-0.06742784 0.0293342 -2.018126 -6.689129 1.849887 2.043186 0.8810412 19.59295 1.474428 0 0.0 0.0735323663205911 6.986936333652755 0.0 0.0
-0.01387644 -0.04276157 2.189711 -3.926983 1.321325 1.476924 0.8652305 19.14548 nan 0 0.0 0.04495672870592899 4.496223943022634 0.0 1.0
0.01933677 0.04057978 -3.059377 -5.163203 0.1817775 0.1523762 0.2288778 17.03886 1.721369 1 0.0 0.044951409531640944 6.001537540275659 1.0 0.0
-0.009956889 0.01643979 -7.401789 -8.27548 0.2703684 0.222957 0.225807 17.74824 0.9615803 0 0.0 0.01921994624868709 11.102704608829372 0.0 0.0
0.06625164 0.05051647 0.9460295 -2.056373 2.869192 2.773893 0.4218497 20.5907 -0.02843666 0 0.0 0.08331382564707072 2.2635462729971416 0.0 0.0
0.04163096 0.03280457 3.803415 -1.951128 1.684795 1.858108 0.8794902 19.44052 nan 0 0.0 0.053002609779203326 4.274677313506716 0.0 0.0
-0.04470653 -0.009084975 -2.317019 -0.007834854 0.5270582 0.455127 0.3128364 18.95023 1.231947 0 0.0 0.04562028710334389 2.3170322464951156 0.0 0.0
-0.02314059 0.02629257 3.048222 -4.512067 0.2716764 0.2383277 0.337869 17.94257 1.465433 0 0.0 0.03502550703063412 5.445218634157219 1.0 1.0
0.07143867 0.03891502 -1.931375 -1.808795 1.563281 1.561183 0.2704676 20.09531 1.220345 0 0.0 0.08135024494719914 2.64611956318115 0.0 0.0
0.03598652 0.002420138 2.759756 -2.886922 1.265037 1.342589 0.7501416 19.43979 nan 0 0.0 0.03606780683170858 3.9938166975488496 0.0 1.0
-0.01568571 -0.05406935 -2.455393 -4.808244 0.492801 0.4475225 0.5184299 18.63513 1.309317 0 0.0 0.056298633266062506 5.398904069159314 1.0 0.0
0.0008731542 0.01330711 3.638265 -4.653358 0.3838233 0.3367373 0.4257458 18.02266 1.045099 0 0.0 0.013335725507413448 5.9068361147393444 1.0 1.0
-0.0518318 0.03631282 -1.496358 -3.115989 0.2809222 0.2585553 0.534563 17.75696 1.374281 0 0.0 0.06328630489760324 3.456656580032937 0.0 0.0
0.004885109 -0.006545563 2.661952 -5.050181 0.116518 0.1008004 0.2047524 15.91354 1.220926 0 0.0 0.008167538486523955 5.708792918215286 1.0 0.0
0.005367155 -0.04826309 -3.129282 -4.411191 1.386691 1.427155 0.7122175 19.7184 nan 0 0.0 0.048560603467647775 5.408420460171804 1.0 0.0
0.03044139 0.0695898 -1.701734 -5.037388 1.631452 1.803793 0.8702302 19.61584 1.15962 0 0.0 0.07595668824515783 5.317064647839069 0.0 0.0
0.06479565 0.005160933 -1.631243 -1.836295 1.64356 1.719312 0.8450589 19.77222 1.460655 1 0.0 0.06500085759705782 2.456202974526739 0.0 0.0
0.00494542 -0.008052369 -6.39205 -11.54467 1.835218 1.669257 0.2600982 18.62975 nan 0 0.0 0.009449752668115765 13.196124757344483 0.0 0.0
0.03266925 0.01398374 -1.488369 -0.7842917 0.552366 0.4841068 0.4912454 18.76863 1.303551 0 0.0 0.03553624740951272 1.6823661167682527 0.0 0.0
-0.004949677 0.05854747 -1.589587 -5.47821 1.168848 1.295773 0.8680148 19.19429 1.228121 1 0.0 0.05875632345378009 5.704171424025491 0.0 0.0
0.04367771 -0.007654342 -3.86994 -9.883535 0.5007123 0.4642156 0.5855785 18.71457 1.322714 1 0.0 0.04434333436151441 10.614174470952745 0.0 0.0
0.03852511 0.04755824 25.24409 25.24064 1.462283 1.468401 0.3408987 18.98686 1.240837 0 0.0 0.061204332300987485 35.69809501272722 0.0 0.0
0.0278469 0.07311574 2.088664 -4.76085 0.6648117 0.6756385 0.6086361 19.16139 1.05217 1 0.539067 0.07823912879983774 5.198866225187565 0.0 0.0
0.007750845 -0.005497523 3.436434 -4.030222 0.2199637 0.1951682 0.3753575 17.19262 1.448834 0 0.0 0.009502544782822862 5.296391979984111 1.0 0.0
-0.05221957 0.004533475 -4.596946 -5.731082 0.18916 0.1721044 0.3236144 17.37627 1.744579 1 0.0 0.05241598884463142 7.346918634205772 0.0 0.0
-0.05351685 0.005445004 -3.058632 -7.926604 0.1089669 0.09969535 0.2896503 16.33644 1.687059 1 0.0 0.05379313434335757 8.496250978180907 0.0 0.0
-0.07010433 -0.01604783 1.416105 2.142685 0.8782867 0.8686022 0.7908808 18.84326 nan 0 0.0 0.07191766078271596 2.568355968367703 0.0 0.0
-0.059796 0.03396082 0.02860039 -4.154408 0.5102121 0.4633542 0.4040443 18.91155 1.352421 0 0.0 0.06876698998118501 4.154506446351017 0.0 0.0
-0.02160423 0.06476388 -0.9612517 -12.11671 1.239371 1.152779 0.6122667 18.52545 1.504082 0 0.0 0.06827227040715213 12.154779555995775 0.0 0.0
-0.02250241 -0.0509426 -0.1610711 -3.853915 0.5275446 0.442833 0.2652433 18.86665 1.281376 1 0.0 0.055691174799676293 3.857279446252269 0.0 0.0
-0.05167793 0.01433255 -5.017329 -2.994912 0.3800934 0.361558 0.6008541 18.14003 1.313429 1 0.0 0.05362863450235703 5.843208723123366 1.0 0.0
-0.01861174 -0.04697129 -4.027522 -9.979172 1.81174 1.563311 0.3427848 19.99216 1.003096 0 0.0 0.050524241212428905 10.761264203896678 0.0 0.0
0.0260622 0.007369577 -1.118222 -7.557698 0.8806638 0.8745374 0.7313856 18.9121 0.5500946 0 0.0 0.027084108514014802 7.639975098158894 0.0 0.0
-0.0002731941 0.01541663 3.564851 -8.408967 1.29238 0.9505373 -0.1933184 18.05909 nan 0 0.0 0.01541905041087728 9.133394147812192 0.0 0.0
-0.009958105 0.06234204 -3.037314 -4.201986 0.4502336 0.4100556 0.5411408 18.46572 1.313293 0 0.0 0.06313235150501385 5.184781835216598 0.0 0.0
-6.202382e-05 0.01586391 3.550464 -4.263766 0.1832186 0.1662646 0.3886288 16.88265 nan 0 0.0 0.015864031248152135 5.548467817159256 1.0 1.0
-0.03291666 0.04471969 1.133013 -7.511348 0.5131286 0.4685552 0.2493516 17.82096 1.46937 0 0.0 0.05552798555009627 7.5963193215710065 0.0 0.0
-0.08048237 -0.009512484 -0.5999898 -1.083536 1.339299 1.422863 0.8743533 19.28244 1.120525 1 0.0 0.08104257666601646 1.2385628863323979 0.0 0.0
0.02977726 0.06514764 -3.022715 -6.608444 0.6202012 0.6240712 0.5947229 19.04355 1.060198 1 0.0 0.07163030232155383 7.266934571905888 0.0 0.0
-0.009988602 0.07463584 -2.223071 -3.770918 0.1608096 0.1336243 0.1867294 16.83039 1.674395 1 0.0 0.07530126680488186 4.37742701067248 0.0 0.0
-0.006245867 -0.01040987 3.556198 -4.452358 0.10727 0.08942478 0.04975758 15.78515 1.445448 1 0.9996934 0.01213986194314371 5.698248500668254 1.0 1.0
0.0005111516 0.01451923 0.7512484 -6.805622 0.5412123 0.5364315 0.669753 18.44019 nan 0 0.0 0.014528224796962723 6.846960271929913 0.0 0.0
0.03239651 -0.000284154 -2.701429 -5.816688 1.086088 1.116159 0.7930808 19.32897 1.594786 0 0.0 0.03239775615186669 6.413390517611179 0.0 0.0
0.04374569 0.05797941 -3.406849 -0.3675041 2.613505 2.532965 0.7450695 20.371 nan 0 0.0 0.07263124243412197 3.426613396973433 0.0 0.0
0.02820183 -0.02179585 4.644086 -5.115514 1.193962 1.266784 0.7422897 19.11973 1.111088 0 0.0 0.03564270321638638 6.9091257232440055 0.0 1.0
-0.0274168 -0.07788135 -2.653822 -3.5048 1.416641 1.504013 0.8061798 19.75097 1.354406 0 0.0 0.08256624976382602 4.396179505853236 0.0 0.0
-0.005340817 -0.01714375 -6.633309 -12.19172 2.371435 2.142899 0.7191244 19.15221 nan 0 0.0 0.01795640527193539 13.87943892410212 0.0 0.0
-0.01185506 -0.05819003 -2.26505 -6.914685 0.5141893 0.4691728 0.5230198 18.82531 1.431259 1 0.0 0.059385368896761936 7.276216059994714 1.0 0.0
-0.06801932 -0.03602692 -2.292828 -6.605127 0.4987032 0.4620913 0.5695621 18.71878 1.283957 0 0.0 0.07697120798031429 6.991763935067674 0.0 0.0
-0.05183184 0.03663516 0.6646089 -5.630425 1.710178 1.786243 0.9294663 19.21869 nan 0 0.0 0.06347184089036019 5.669514147665937 0.0 0.0
0.06597231 0.006174483 -3.715965 -8.265434 1.186868 1.234318 0.834675 19.3638 1.352947 1 0.0 0.06626062123956725 9.062328348144366 0.0 0.0
0.004613184 -0.04183723 3.664043 -4.214962 0.4842309 0.4385497 0.4966357 18.53465 1.508739 0 0.0 0.042090798052433695 5.584900694488041 1.0 1.0
0.03007794 0.05220054 -3.850191 -5.959181 1.572783 1.12583 0.08224811 20.03858 1.61174 0 0.0 0.06024598618111583 7.094773352774703 0.0 0.0
-0.04229288 -0.01292705 -0.9620519 -2.196736 2.644604 2.60595 0.4041855 20.24568 1.760719 0 0.0 0.044224386037534764 2.398164488101183 0.0 0.0
-0.01776677 -0.05593006 -0.04507044 -3.395044 0.511116 0.4647757 0.4408855 18.73583 1.345009 0 0.0 0.0586841522716014 3.395343150036207 0.0 0.0
-0.05946395 0.03271442 -4.786522 -5.196944 0.2799472 0.2761335 0.4972897 17.86174 1.284771 1 0.0 0.06786895185236692 7.065339326289998 0.0 0.0
0.04923025 0.008526914 -4.16199 -5.887073 1.47185 1.479987 0.7948009 19.4651 0.9811954 0 0.0 0.049963244264417984 7.2097010525700025 0.0 0.0
-0.01701816 0.06345758 -1.522776 -6.7498 0.1572319 0.1434888 0.3341315 17.06059 1.516806 1 0.0 0.06569994086178464 6.9194397740117655 0.0 0.0
-0.006999655 -0.02847915 -1.08916 -3.244703 0.6530797 0.5592203 0.4399596 18.72145 1.324699 0 0.0 0.029326731062999933 3.4226257557333084 0.0 0.0
-0.03867935 0.04767362 4.448333 1.683645 1.064805 1.192031 0.9078038 18.49917 nan 0 0.0 0.06139109186459303 4.756293406100385 0.0 0.0
-0.07755426 -0.01954547 1.250501 0.247821 0.6045114 0.5774006 0.6650259 18.91713 1.508841 1 0.0 0.07997930133271045 1.2748207713408188 0.0 0.0
-0.02660486 -0.04473731 -1.708204 -4.602375 1.57326 1.831472 0.7875601 19.39219 1.409721 1 1.764311e-05 0.05205041288650552 4.90915639863317 1.0 0.0
-0.04771705 -0.05595176 -6.729201 -3.85722 1.955009 1.695083 0.525555 20.06411 0.9324741 0 0.0 0.07353581649645362 7.756306609901455 0.0 0.0
0.01218733 0.06092862 -2.620162 -3.567648 1.354102 1.458409 0.835281 19.34978 nan 0 0.0 0.06213555944572561 4.426438879974285 0.0 0.0
-0.01442326 0.05846807 -5.980415 -5.381495 0.4285616 0.3930277 0.5690662 18.49712 1.310272 0 0.0 0.060220807355535345 8.045237846530704 0.0 0.0
-0.002263809 -0.05374573 -3.129115 -6.902338 0.3464661 0.3019364 0.2407176 18.0753 1.923502 1 0.0 0.053793385508084365 7.578497908521781 0.0 0.0
-0.02304582 -0.04291937 -2.78571 -6.253048 0.4816947 0.4251631 0.358533 18.92321 0.9570045 0 0.0 0.04871531731056773 6.845494101553518 0.0 0.0
0.05469317 0.02744896 3.131438 -3.829512 1.209478 1.313291 0.6963124 19.48672 nan 0 0.0 0.061194675011233615 4.946823840201711 0.0 0.0
0.07273132 0.01507101 -4.357543 -4.202755 0.5034532 0.4576211 0.6111457 18.59758 1.454704 1 0.0 0.07427637747872806 6.054034240642681 0.0 0.0
-0.03255683 0.07023812 -3.5759 -5.074341 0.610192 0.6292087 0.5460808 19.06094 1.263508 0 0.0 0.077416669269501 6.20773689795895 0.0 0.0
-0.03779485 -0.04706429 -4.766148 -6.243697 1.582264 1.714739 0.8931349 19.47682 -0.0757885 0 0.0 0.06036139560784359 7.854929597756621 0.0 0.0
0.03236574 -0.007278399 -12.75612 -11.70781 0.4664449 0.4199413 0.4682661 18.66808 1.19437 0 0.0 0.03317402926614132 17.31448562477384 0.0 0.0
-0.02256888 0.05091838 -2.304502 -1.323977 0.1998881 0.1742792 0.2814013 17.09892 1.156525 0 0.0 0.055695922348757275 2.657751787607902 0.0 0.0
-0.06785355 0.04789453 -5.37969 -10.65825 2.107029 2.063356 0.8547037 20.07781 1.557041 0 0.0 0.0830541404839241 11.938984779226415 0.0 0.0
0.03134671 0.07175552 10.36175 -2.110312 1.743411 1.953548 0.8603353 19.56567 0.981905 0 0.0 0.0783037092243688 10.574463570311451 0.0 0.0
0.01176548 0.07823686 4.950268 -2.332731 1.622023 1.7891 0.8855307 19.60135 1.183867 1 0.8551951 0.07911657716490268 5.472365776351669 0.0 0.0
-0.02151298 0.05176817 -5.064724 -5.854895 0.05512868 0.0482236 0.15566 14.60855 1.678922 1 0.0 0.056060250923709753 7.741525990216722 0.0 0.0
0.01933316 -0.02935506 2.143868 -4.929085 1.42436 1.529638 0.8527994 19.56736 0.7212658 0 0.0 0.03514954655737681 5.37513245777711 1.0 1.0
-0.02968938 0.05568435 -0.5350766 -5.536443 1.440975 1.756225 0.7685411 19.46222 nan 0 0.0 0.06310472343420023 5.562239482449184 0.0 0.0
0.02962633 0.06416728 -1.809067 -2.089904 0.3309885 0.3045967 0.5004254 18.04686 1.19013 1 0.0 0.07067644057157448 2.764131353554856 0.0 0.0
0.02932144 0.02337104 3.207048 -4.254826 0.08582576 0.07492468 0.203025 15.82963 1.398399 1 0.9990869 0.03749603118138238 5.328104837986956 1.0 1.0
-0.07291936 0.03387648 1.229316 -0.5828259 1.960562 2.180242 0.8467457 19.8469 nan 0 0.0 0.08040428446295633 1.3604792749493873 0.0 0.0
0.03545005 0.07160734 -4.955733 -8.321071 1.311521 1.448153 0.8809685 19.35252 1.278805 1 0.0 0.07990192229776516 9.685014824683027 0.0 0.0
0.02364865 0.003745775 1.075524 0.3516209 1.02885 1.021735 0.5050235 19.01806 1.190243 0 0.0 0.023943464184890313 1.1315428104551812 0.0 0.0
0.05955092 0.03169207 -2.89796 -4.498123 1.091926 1.172114 0.756697 19.27213 1.258999 0 0.0 0.06745887171996949 5.350820748700987 0.0 0.0
-0.01665492 0.03658306 0.03623682 -9.893143 0.5318021 0.4587346 0.2789141 18.83047 nan 0 0.0 0.04019585350717161 9.893209364284813 0.0 0.0
0.02102273 -0.02218447 3.670251 -8.104422 1.405603 1.452614 0.6718759 19.00482 1.380337 0 0.0 0.030563145875936924 8.896763364116469 0.0 0.0
0.0313995 -0.01856219 -0.5354714 -4.192538 0.2973454 0.2706087 0.3698662 18.01235 nan 0 0.0 0.0364757933134579 4.226594906264611 0.0 0.0
-0.02736642 0.05789705 3.986368 -3.898902 1.295407 2.243199 0.6099436 19.1335 nan 0 0.0 0.0640389673739271 5.576070895982941 0.0 0.0
-0.01631951 -0.04472337 0.255859 0.7341698 0.3990849 0.3376793 0.3131845 18.12711 1.134205 0 0.0 0.04760783791348857 0.7774761238218445 0.0 0.0
-0.03468623 -0.0676271 2.263022 -2.130936 1.837106 1.991762 0.8984669 19.67739 1.147413 0 0.0 0.07600367889795138 3.1084010051117925 0.0 0.0
-0.0004541743 -0.003482329 3.745582 -3.796309 0.2885868 0.2629949 0.8734279 15.86752 nan 0 0.0 0.0035118214019254296 5.333042897090272 0.0 0.0
0.02162766 0.006405695 -3.078708 -6.617917 0.6559851 0.5912586 0.4953751 18.45781 1.104429 0 0.0 0.022556342910778446 7.298990914376658 0.0 0.0
-0.03994028 -0.01053688 2.575863 -5.50532 0.6896442 0.6505136 0.5180801 19.04567 1.07515 0 0.0 0.041306800972876125 6.078126232414806 1.0 1.0
0.01755393 -0.0205764 2.470678 -6.323736 1.531732 1.560529 0.8658584 19.58329 1.006416 0 0.0 0.027046787154945042 6.789247880095409 0.0 0.0
-0.00449633 -0.007138743 3.469154 -4.296311 0.08853223 0.07877778 0.3041953 15.67558 1.561954 1 0.9998045 0.00843674315651182 5.522075487028134 1.0 0.0
