jas1101finalproject/data/gcs/NGC_7078_M_15.ecsv
# %ECSV 0.9
# ---
# datatype:
# - {name: x, unit: deg, datatype: float64}
# - {name: y, unit: deg, datatype: float64}
# - {name: pmx, unit: mas / yr, datatype: float64}
# - {name: pmy, unit: mas / yr, datatype: float64}
# - {name: pmx_e, unit: mas / yr, datatype: float64}
# - {name: pmy_e, unit: mas / yr, datatype: float64}
# - {name: pm_corr, datatype: float64}
# - {name: g_mag, unit: mag, datatype: float64}
# - {name: bp_rp, unit: mag, datatype: float64}
# - {name: filter, datatype: int64}
# - {name: memberprob, datatype: float64}
# - {name: r, unit: deg, datatype: float64}
# - {name: pm, unit: mas / yr, datatype: float64}
# - {name: member_prob_GMM, datatype: float64}
# - {name: member_prob_DB, datatype: float64}
# meta: !!omap
# - comments: [deg deg mas/yr mas/yr mas/yr mas/yr dimless mag   mag   zeroone float]
# - __serialized_columns__:
#     bp_rp:
#       __class__: astropy.units.quantity.Quantity
#       unit: &id001 !astropy.units.Unit {unit: mag}
#       value: !astropy.table.SerializedColumn {name: bp_rp}
#     g_mag:
#       __class__: astropy.units.quantity.Quantity
#       unit: *id001
#       value: !astropy.table.SerializedColumn {name: g_mag}
#     pm:
#       __class__: astropy.units.quantity.Quantity
#       unit: !astropy.units.Unit {unit: mas / yr}
#       value: !astropy.table.SerializedColumn {name: pm}
#     pmx:
#       __class__: astropy.units.quantity.Quantity
#       unit: !astropy.units.Unit {unit: mas / yr}
#       value: !astropy.table.SerializedColumn {name: pmx}
#     pmx_e:
#       __class__: astropy.units.quantity.Quantity
#       unit: !astropy.units.Unit {unit: mas / yr}
#       value: !astropy.table.SerializedColumn {name: pmx_e}
#     pmy:
#       __class__: astropy.units.quantity.Quantity
#       unit: !astropy.units.Unit {unit: mas / yr}
#       value: !astropy.table.SerializedColumn {name: pmy}
#     pmy_e:
#       __class__: astropy.units.quantity.Quantity
#       unit: !astropy.units.Unit {unit: mas / yr}
#       value: !astropy.table.SerializedColumn {name: pmy_e}
#     r:
#       __class__: astropy.units.quantity.Quantity
#       unit: &id002 !astropy.units.Unit {unit: deg}
#       value: !astropy.table.SerializedColumn {name: r}
#     x:
#       __class__: astropy.units.quantity.Quantity
#       unit: *id002
#       value: !astropy.table.SerializedColumn {name: x}
#     y:
#       __class__: astropy.units.quantity.Quantity
#       unit: *id002
#       value: !astropy.table.SerializedColumn {name: y}
# schema: astropy-2.0
x y pmx pmy pmx_e pmy_e pm_corr g_mag bp_rp filter memberprob r pm member_prob_GMM member_prob_DB
[from data line 4219]
-0.04066079 -0.071412 -0.3484131 -4.000258 0.8201109 0.9640079 0.0008131892 19.6179 0.4131145 0 0.0 0.08217647830994038 4.015402315436849 0.0 1.0
-0.0617166 -0.02270668 -0.961309 -7.703582 2.282855 3.022991 0.1030939 20.76052 nan 0 0.0 0.06576117420014944 7.763329867022591 0.0 1.0
-0.02093973 -0.1126282 1.154113 -5.019204 0.5660606 0.6730777 -0.02835483 19.05312 0.7592831 0 0.0 0.11455821108813152 5.150183065715723 0.0 1.0
-0.121231 -0.07601183 -0.6469445 -3.627897 0.1633556 0.1637673 -0.00509688 17.13181 1.03388 1 0.9992256 0.14309001943164626 3.685128739771414 0.0 1.0
-0.1435432 0.05035349 -1.037638 -4.268899 0.3268788 0.494028 0.4512346 18.09907 0.3334503 1 0.9943708 0.15211878326301492 4.393198298648151 0.0 1.0
-0.0634815 -0.04223274 -1.770101 -3.155695 0.6211908 0.7133223 -0.01786033 19.28737 0.6101589 0 0.0 0.07624634529049637 3.6182410758856296 0.0 1.0
0.01582347 -0.02113313 0.8756006 -4.374664 0.8675634 1.082261 0.08160022 18.97565 nan 0 0.0 0.026400594433417593 4.461430434694277 0.0 0.0
0.02086993 -0.0778411 -2.38556 -3.991482 1.098608 1.252303 -0.05150802 19.95174 0.1581421 0 0.0 0.08059026509085883 4.650034953623897 0.0 1.0
0.05137971 0.01208307 -0.4532769 -4.156108 0.08644058 0.08617105 -0.2166547 15.77403 0.3491936 1 0.9975827 0.052781390473432964 4.180752761852536 0.0 1.0
0.01854107 -0.0593915 -1.569691 -4.828749 0.5660272 0.5838211 -0.02933824 19.12398 0.5318985 0 0.0 0.062218337722852256 5.077474445084091 0.0 1.0
-0.1223358 0.05221494 0.3482165 -3.057773 0.7522905 0.8012262 -0.07471286 19.48877 0.6912556 1 0.9770197 0.13301296147685607 3.0775364255198103 0.0 1.0
-0.05106833 -0.03670506 -0.8784252 -3.912329 0.1034788 0.1043094 -0.02659407 16.15741 1.06846 1 0.9993743 0.0628906651148841 4.009731791059851 0.0 1.0
0.00496419 -0.04550756 -0.8358928 1.029223 1.666761 1.6984 0.04110995 20.12966 nan 0 0.0 0.04577751849444987 1.325902242558191 0.0 1.0
-0.02038035 -0.2140587 11.21355 5.14832 0.3504109 0.3913722 0.09616465 18.55728 0.8485279 1 0.0 0.2150267092986648 12.338918203185399 0.0 0.0
-0.03159424 -0.1123582 -0.4785326 -3.00469 1.082806 1.415932 0.2238109 20.23512 0.6660728 0 0.0 0.11671572776801592 3.042557385713992 0.0 1.0
0.04297135 -0.0120769 0.08957783 -2.806354 0.4175525 0.573201 0.06882077 18.58764 0.6545353 0 0.0 0.044636178537510354 2.80778328240331 0.0 1.0
-0.03683182 -0.003092304 5.774561 -13.08454 1.726494 2.008563 -0.05362689 19.63344 nan 0 0.0 0.03696140295687944 14.302123679870798 0.0 0.0
0.07069384 -0.1524774 -1.837436 -3.158373 0.897892 1.209478 0.2206044 19.95891 0.6463528 1 0.9480386 0.1680683686024994 3.653969220070826 0.0 0.0
-0.1348738 -0.02821093 -0.5638251 -3.506569 0.4170836 0.4814549 0.1495174 18.7131 0.5971756 0 0.0 0.1377925923186907 3.551608775632672 0.0 1.0
0.02909804 -0.005011102 -1.757159 -3.917126 0.4482686 0.6119138 0.002713936 18.56727 0.6442242 0 0.0 0.029526379308950225 4.293190404717336 0.0 0.0
-0.0728436 -0.01790879 -2.673194 0.06001528 1.637413 2.098988 0.05894635 20.66696 0.4931717 0 0.0 0.07501276438196434 2.673867609936864 0.0 1.0
-0.004821539 0.002243856 -1.774236 -6.75972 0.2251292 0.2865987 -0.125883 14.68602 nan 0 0.0 0.005318094402815448 6.988685703485026 0.0 0.0
0.05199084 -0.06228146 -0.3511929 -4.252227 0.4694387 0.5329402 0.06808737 19.01751 0.5952015 0 0.0 0.08112969680479029 4.2667049244750235 0.0 1.0
-0.01988197 0.06403406 2.734487 -6.940618 1.403368 1.383697 -0.2623351 19.72903 0.6555233 0 0.0 0.06704963513073356 7.459865774602986 0.0 1.0
0.0373879 0.0206247 -0.5641605 -4.054108 0.0925236 0.09413066 -0.2088597 15.89213 0.4342146 1 0.9995118 0.042699336253623425 4.093173432121372 0.0 1.0
-0.04724033 -0.1550394 -1.042711 -3.142691 0.4425809 0.5692292 0.225798 18.89888 0.8115616 1 0.9860172 0.16207672359370082 3.311155833089406 0.0 1.0
-0.1561012 -0.1556825 2.374288 -3.814165 0.4603549 0.517537 0.121993 19.01298 0.9457569 0 0.0 0.22046456732928763 4.492782896398289 0.0 0.0
-0.09033982 0.1173924 -3.268811 -18.74376 0.2565307 0.2803791 -0.06639866 17.76214 1.244398 1 0.0 0.14812919582375514 19.026656676655545 0.0 1.0
-0.02483808 0.008819604 -1.70354 -3.31855 0.5642791 0.7898718 0.05470388 18.57579 nan 0 0.0 0.026357458769828628 3.7302577168474564 0.0 0.0
0.02288948 0.03403362 -1.050539 -3.340737 0.3975801 0.4493705 -0.04277871 18.34258 0.8765545 0 0.0 0.04101482152801351 3.5020216866390186 0.0 0.0
-0.002882323 0.01583655 -0.55209 -3.69103 0.2302429 0.2316777 -0.1539105 17.20877 0.8322887 0 0.0 0.01609671089939895 3.732091347890617 0.0 0.0
0.04216235 0.00996429 0.1239666 -3.095615 0.9922149 1.183088 -0.08962415 19.59888 0.3235168 0 0.0 0.04332379060893218 3.0980961809053893 0.0 1.0
-0.06092025 -0.06290613 -0.5983391 -2.154514 1.345775 1.473587 -0.04739391 20.2622 0.2635384 0 0.0 0.0875697325086665 2.2360546180236316 0.0 1.0
-0.1367319 0.07144707 -0.5803121 -3.882958 0.3283171 0.3568667 0.1036986 18.34376 0.8437881 1 0.9976083 0.15427344648122338 3.9260826485404516 0.0 1.0
-0.08056206 0.01033078 -1.029324 -3.974996 0.6301516 0.7284541 -0.03185794 19.33285 0.5817623 0 0.0 0.08122173678795597 4.106105344117708 0.0 1.0
0.07542889 -0.007776229 -0.4086624 -6.371699 1.257272 1.69007 0.2041405 20.08743 0.8868198 0 0.0 0.07582866993487715 6.38479076429093 0.0 1.0
0.02538321 -0.1553113 -0.710878 -1.814386 1.158399 1.356977 0.09424544 20.2363 0.9003162 1 0.9506881 0.15737187568811048 1.9486775228036064 0.0 1.0
0.06728821 -0.02245451 2.650771 -6.447649 1.904468 2.813444 0.3922723 20.37096 0.7979374 0 0.0 0.07093594451576858 6.971281411737873 0.0 1.0
0.005142894 -0.02900328 2.215835 -2.103524 1.054113 0.8237343 -0.2647851 18.76151 0.6780777 0 0.0 0.029455722864218353 3.0552803416054966 0.0 0.0
-0.06428204 -0.1455468 -0.6184018 -2.800786 1.254594 1.782457 0.3457925 20.36229 0.3552685 0 0.0 0.15911018715595052 2.8682438885212043 0.0 1.0
-0.005745119 0.05788027 -0.519643 -1.290334 2.348705 2.193166 -0.2873516 20.50222 0.6413479 0 0.0 0.05816469760599689 1.3910394239578547 0.0 1.0
-0.05593089 0.1080875 -0.6463582 -4.133004 1.041482 1.093008 -0.1101978 19.84461 0.6555767 0 0.0 0.1217011590431336 4.183240488750705 0.0 1.0
-0.02316985 -0.01768983 -0.9589535 -4.44109 0.2057101 0.2292558 0.1051921 17.28922 0.9569588 0 0.0 0.02915084963515472 4.5434427698896185 0.0 0.0
0.05049919 -0.06388964 -2.491954 -4.347322 0.9269492 1.258433 0.219122 19.835 1.476254 0 0.0 0.0814374256100087 5.010892466397578 0.0 1.0
-0.05307093 -0.05466521 -0.4204429 -1.629195 1.363668 1.593647 0.1254095 20.37286 0.5058098 0 0.0 0.07618929580596608 1.6825720133728035 0.0 1.0
-0.1422639 0.0442798 -1.108432 -3.405107 1.330332 1.52432 0.1242608 20.42349 nan 0 0.0 0.14899569769375892 3.580974054649517 0.0 1.0
-0.02606399 -0.02016721 -0.1967641 -3.498251 0.1725066 0.1808972 -0.007485732 16.84502 0.9579935 0 0.0 0.03295524137226429 3.503780268517107 0.0 0.0
0.03521018 0.02172876 -0.4253823 -3.881768 0.1486114 0.1551164 -0.1374948 16.58475 0.9898968 0 0.0 0.041375062377838175 3.9050061340511735 0.0 1.0
0.1014067 -0.0688218 0.2286277 -7.43926 1.229646 1.551911 0.004274336 20.04841 0.5827713 1 0.8156552 0.12255512620910641 7.44277233111475 0.0 1.0
0.04058275 0.0005627225 -0.122509 -4.574508 0.8251396 0.9616071 -0.07967145 19.48643 0.4639568 0 0.0 0.04058665118206362 4.576148150698904 0.0 0.0
-0.03592732 -0.1543202 -1.099563 -4.870824 0.7261059 0.8750696 0.02166636 19.55982 0.6652489 1 0.9730709 0.1584471408717191 4.993392156635107 0.0 1.0
0.007709802 -0.0660029 -1.764924 -3.566521 0.8249176 0.8935016 -0.07747763 19.11812 0.5552673 0 0.0 0.06645166555692343 3.9793251650521095 0.0 1.0
-0.02665767 0.009802065 0.1625357 -8.30103 0.6745542 1.005696 0.1458008 19.06602 nan 0 0.0 0.02840267325610611 8.30262108702273 0.0 0.0
0.1579598 -0.0803823 6.54535 1.492599 0.853945 0.9523719 -0.07724097 19.74932 1.290905 0 0.0 0.17723603631691273 6.713379059557192 0.0 0.0
0.0445228 -0.01271942 5.505399 -5.067543 1.883687 2.866294 0.4745192 20.3839 nan 0 0.0 0.046304031843635386 7.482607179723522 0.0 1.0
-0.1115057 -0.1545157 -0.6682357 -3.528775 0.6425758 0.7336186 -0.02160985 19.31009 0.7809372 1 0.9865297 0.19054821615271028 3.5914888210016036 0.0 0.0
-0.043036 0.002864325 -0.2991068 -4.649052 0.4290534 0.4987259 0.06894213 18.65572 0.8178864 0 0.0 0.04313121437782183 4.658663904652303 0.0 1.0
-0.04742463 -0.01599098 -0.7759953 -3.890768 0.2387397 0.268036 0.08619854 17.87208 0.8902855 0 0.0 0.05004804663518148 3.9673976780058346 0.0 1.0
-0.06331237 0.04145404 0.2080196 -0.5205443 1.700781 1.83389 0.1735967 20.28265 0.5832043 0 0.0 0.0756762421592041 0.560569819243464 0.0 1.0
-0.04531396 -0.06032765 -0.191793 -2.889884 0.6217963 0.7950381 0.1577284 19.19986 0.5393906 0 0.0 0.07545051573981519 2.8962413725905165 0.0 1.0
-0.03657301 -0.07365373 2.065637 -4.873562 0.636435 0.7782658 0.06017582 19.36679 1.930508 0 0.0 0.0822341595893884 5.293246903707874 0.0 1.0
-0.04199514 -0.01773616 -1.153597 -6.357978 1.853902 2.070096 0.2639443 20.30477 nan 0 0.0 0.04558687481244136 6.461785379203878 0.0 1.0
-0.04557996 -0.04538354 -1.582507 -3.948104 0.575616 0.5858029 0.02381315 18.8513 0.5997601 0 0.0 0.06432105764470296 4.253451962802096 0.0 1.0
-0.01454428 0.04659864 0.7894404 -2.99223 1.362503 1.385667 -0.1465696 20.02307 0.7906418 0 0.0 0.04881566685571344 3.0946173459819164 0.0 1.0
-0.02498984 -0.01889034 1.761308 -2.090361 1.265508 1.074892 -0.05760567 18.95036 nan 0 0.0 0.03132629963052131 2.733462087021695 0.0 0.0
-0.08187384 0.01286033 0.02849459 -1.486608 0.8522352 0.8542658 -0.2155011 19.38171 0.4403286 0 0.0 0.08287770366060163 1.486881060247681 0.0 1.0
0.07345961 -0.006666704 0.05705485 -2.107535 1.683295 2.35693 0.2232905 20.36386 0.9129772 0 0.0 0.07376150244928391 2.1083071484329605 0.0 1.0
-0.01084577 0.04622558 -0.8522663 -3.406086 0.2800536 0.3055054 -0.1150145 17.9334 0.9547462 0 0.0 0.04748089061116377 3.5110938018674025 0.0 1.0
-0.01980079 -0.04717962 -1.278086 -3.900168 0.2387341 0.2408427 0.06593978 17.5536 0.9526978 0 0.0 0.051166276276161625 4.104243444487668 0.0 1.0
-0.001539685 0.06307583 -2.101764 -5.108735 0.9330841 0.970337 -0.2207828 19.59149 0.5193062 0 0.0 0.06309461910565849 5.5241818590557825 0.0 1.0
0.004218193 -0.04123416 -0.7943165 -3.54795 0.1134601 0.125139 0.06192741 16.48607 1.029122 1 0.9994208 0.04144935588270159 3.635778858053973 0.0 1.0
-0.2268142 -0.01486273 -0.9547885 -5.23508 1.408952 2.107432 0.1422563 20.00818 0.5852032 0 0.0 0.22730064246432058 5.3214362427950075 0.0 0.0
-0.06271617 -0.2147636 0.9276943 -4.345389 0.2958037 0.3105968 0.1235296 18.21183 1.225504 1 0.0006227453 0.22373359574375257 4.443312083972213 0.0 0.0
-0.07580898 -0.05944142 -5.330016 -7.866856 1.568123 2.030504 0.1275536 20.48824 0.5198765 0 0.0 0.09633422995102416 9.502446731499841 0.0 1.0
-0.0451962 -0.06974425 1.811532 -2.524548 2.566185 3.560883 -0.03019677 20.79973 0.5391979 0 0.0 0.08310810371138605 3.107248105853152 0.0 1.0
-0.1712447 0.01515071 -0.2122288 -4.239211 0.6017987 0.6592418 -0.0265825 19.21669 1.199829 0 0.0 0.1719136157830266 4.244520110220995 0.0 0.0
-0.03059621 0.002453475 -4.539801 8.226689 1.319115 2.027776 0.2623498 19.62544 nan 0 0.0 0.030694423042952362 9.396180342156168 0.0 0.0
0.04607485 -0.01680851 -0.8858213 -4.534198 1.096024 1.597481 0.3866839 19.76758 0.1452885 0 0.0 0.04904505898602427 4.6199167610182865 0.0 1.0
-0.09070251 0.01632599 0.106979 -1.908499 1.351577 1.570139 0.1056955 20.43561 0.6819553 0 0.0 0.09216009586464306 1.9114949488403048 0.0 1.0
-0.02174955 -0.1622229 -3.921463 -0.6100192 0.3495465 0.4048549 0.1284602 18.62355 1.447897 1 0.0 0.16367440914697845 3.968626397727259 0.0 1.0
-0.08273281 0.03246242 -0.7205264 -3.693026 0.06023039 0.06486842 0.05887152 14.96834 1.146202 0 0.0 0.08887365505453515 3.7626585454666173 0.0 1.0
0.05588388 0.01331899 -1.443384 -3.839088 0.520234 0.6425734 0.09662126 18.87964 1.110498 0 0.0 0.05744913870959686 4.101457551066449 0.0 1.0
-0.03395551 0.09357933 1.609864 -2.050434 1.362289 1.820451 0.03690721 20.22968 0.7617664 0 0.0 0.0995493227631861 2.606902699920348 0.0 1.0
-0.03958235 -0.04305563 -0.6941262 -3.328127 0.3828008 0.4011184 0.003450057 18.47137 0.8252888 0 0.0 0.058485465769021625 3.3997412415734583 0.0 1.0
0.001681637 0.02781469 -1.688349 -3.044938 0.268054 0.2751191 -0.2007149 17.17344 nan 0 0.0 0.02786547833423767 3.4816906481830063 0.0 0.0
-0.03086465 0.00279969 1.085442 -1.663128 0.5439121 0.7169024 0.2330859 18.72866 0.6538506 0 0.0 0.03099136789040781 1.9859957401132562 0.0 0.0
0.05212686 0.005012673 2.438173 -2.431499 1.500111 2.129567 0.2953229 20.03626 0.6513653 0 0.0 0.0523673221013308 3.4433813272610396 0.0 1.0
-0.04218263 -0.0714089 0.9591266 -4.044434 1.425482 1.82915 0.1002834 20.5104 0.3550568 0 0.0 0.08293735752317467 4.156605612177268 0.0 1.0
-0.027174 -0.08048602 -0.4833153 -6.782974 1.054427 1.310788 0.1672697 20.13337 0.4620609 0 0.0 0.0849495479178106 6.800171318716176 0.0 1.0
-0.1076316 0.1249939 0.7498902 -3.121031 0.676289 0.7603178 -0.07488944 19.206 0.5861835 1 0.9245728 0.1649485870074976 3.20985510810333 0.0 1.0
0.1447942 -0.01487525 -5.115864 -8.288248 0.4334794 0.5286224 -0.0913395 18.65132 1.041809 1 0.0 0.1455562895109741 9.739975327278811 0.0 1.0
-0.007926494 -0.08004574 -1.768055 -1.860931 2.278522 2.696225 0.1375418 20.70023 0.6675968 0 0.0 0.08043724137039782 2.5669208538219483 0.0 1.0
-0.04823246 -0.02878151 -1.222678 -2.779056 1.216184 1.265032 -0.0649418 20.0128 0.5503731 0 0.0 0.0561671213035856 3.0361313777272554 0.0 1.0
-0.003180413 0.03352625 3.38972 -5.877419 1.483391 1.065663 -0.7697634 18.99265 nan 0 0.0 0.03367676448106423 6.784854882748856 0.0 0.0
-0.0277983 -0.05769125 -0.07862183 -4.719668 1.711298 1.499072 -0.09300709 20.22149 nan 0 0.0 0.06403925209941556 4.720322809128264 0.0 1.0
0.0166618 -0.06862605 -1.254739 -4.680997 0.7926174 0.9263514 -0.02527562 19.569 0.4237614 0 0.0 0.07061975869289344 4.846246266145582 0.0 1.0
-0.1227909 -0.02897687 -0.1502246 -0.05697175 1.340564 2.702801 0.6078942 19.83833 0.5302429 0 0.0 0.12616364023682458 0.1606649020266172 0.0 1.0
-0.1025182 0.00880484 -0.8154442 -4.014901 0.2029268 0.2240681 0.1100757 17.54714 0.9547348 1 0.9989806 0.10289560990958554 4.096874330891129 0.0 1.0
0.02898164 -0.03191617 -0.08359733 -4.21999 0.2848184 0.3511425 -0.1164709 17.409 0.9532833 0 0.0 0.043111220866017 4.2208179436790605 0.0 1.0
-0.02430633 -0.04823114 -0.8570495 -3.666543 0.2612843 0.2512393 0.0008292972 17.37877 0.9086304 0 0.0 0.054009633805169426 3.7653779911582914 0.0 1.0
-0.006105311 -0.04154407 -0.6627673 -3.602834 0.09867859 0.09824323 -0.04424629 16.04621 1.060167 1 0.9997272 0.04199029143232541 3.6632872294573477 0.0 1.0
-0.003031804 -0.01304738 -0.9345688 -0.7547181 0.6143501 0.5283624 -0.3500313 14.94079 1.004038 0 0.0 0.013394997587114975 1.2012569468690075 0.0 0.0
0.03264586 0.0134286 -0.5871263 -2.641688 0.5574456 0.5927233 -0.1494214 18.99642 0.697588 0 0.0 0.03529985089344713 2.706147220957442 0.0 0.0
-0.04079136 0.0500327 -1.310612 -6.149383 1.503606 2.21171 0.09512558 20.40631 nan 0 0.0 0.06455390088863414 6.287496727254258 0.0 1.0
0.04807098 -0.001638062 -1.906307 -5.429399 0.6720725 0.8057448 -0.04697023 19.32804 0.6447411 0 0.0 0.04809888112291433 5.754335746152635 0.0 1.0
-0.1608882 0.02406776 -1.738068 -4.404632 1.570696 1.736983 0.1211884 20.62746 0.8135548 1 0.9418691 0.16267842503127944 4.735151890705091 0.0 1.0
-0.02507771 -0.001562072 -0.7924453 -3.854237 0.3700503 0.4509176 0.1682332 17.40016 0.7869015 0 0.0 0.025126313055784447 3.9348586258798535 0.0 0.0
-0.03278349 -0.07525735 -6.342438 -2.892627 2.892033 3.466782 0.1520982 20.88999 0.4188442 0 0.0 0.08208791595358357 6.970926103823867 0.0 1.0
0.07283126 -0.2197105 0.06773228 -3.79011 1.389716 1.9126 0.3358138 20.39602 0.8503571 0 0.0 0.23146726819020783 3.7907151665423235 0.0 0.0
-0.03624366 -0.06548365 -0.5916014 -5.472771 0.6477417 0.7930566 0.06154286 19.34634 0.6249084 0 0.0 0.07484458101638422 5.504653906915761 0.0 1.0
