jas1101finalproject/data/gcs/NGC_1904_M_79.ecsv
# %ECSV 0.9
# ---
# datatype:
# - {name: x, unit: deg, datatype: float64}
# - {name: y, unit: deg, datatype: float64}
# - {name: pmx, unit: mas / yr, datatype: float64}
# - {name: pmy, unit: mas / yr, datatype: float64}
# - {name: pmx_e, unit: mas / yr, datatype: float64}
# - {name: pmy_e, unit: mas / yr, datatype: float64}
# - {name: pm_corr, datatype: float64}
# - {name: g_mag, unit: mag, datatype: float64}
# - {name: bp_rp, unit: mag, datatype: float64}
# - {name: filter, datatype: int64}
# - {name: memberprob, datatype: float64}
# - {name: r, unit: deg, datatype: float64}
# - {name: pm, unit: mas / yr, datatype: float64}
# - {name: member_prob_GMM, datatype: float64}
# - {name: member_prob_DB, datatype: float64}
# meta: !!omap
# - comments: [deg deg mas/yr mas/yr mas/yr mas/yr dimless mag   mag   zeroone float]
# - __serialized_columns__:
#     bp_rp:
#       __class__: astropy.units.quantity.Quantity
#       unit: &id001 !astropy.units.Unit {unit: mag}
#       value: !astropy.table.SerializedColumn {name: bp_rp}
#     g_mag:
#       __class__: astropy.units.quantity.Quantity
#       unit: *id001
#       value: !astropy.table.SerializedColumn {name: g_mag}
#     pm:
#       __class__: astropy.units.quantity.Quantity
#       unit: !astropy.units.Unit {unit: mas / yr}
#       value: !astropy.table.SerializedColumn {name: pm}
#     pmx:
#       __class__: astropy.units.quantity.Quantity
#       unit: !astropy.units.Unit {unit: mas / yr}
#       value: !astropy.table.SerializedColumn {name: pmx}
#     pmx_e:
#       __class__: astropy.units.quantity.Quantity
#       unit: !astropy.units.Unit {unit: mas / yr}
#       value: !astropy.table.SerializedColumn {name: pmx_e}
#     pmy:
#       __class__: astropy.units.quantity.Quantity
#       unit: !astropy.units.Unit {unit: mas / yr}
#       value: !astropy.table.SerializedColumn {name: pmy}
#     pmy_e:
#       __class__: astropy.units.quantity.Quantity
#       unit: !astropy.units.Unit {unit: mas / yr}
#       value: !astropy.table.SerializedColumn {name: pmy_e}
#     r:
#       __class__: astropy.units.quantity.Quantity
#       unit: &id002 !astropy.units.Unit {unit: deg}
#       value: !astropy.table.SerializedColumn {name: r}
#     x:
#       __class__: astropy.units.quantity.Quantity
#       unit: *id002
#       value: !astropy.table.SerializedColumn {name: x}
#     y:
#       __class__: astropy.units.quantity.Quantity
#       unit: *id002
#       value: !astropy.table.SerializedColumn {name: y}
# schema: astropy-2.0
x y pmx pmy pmx_e pmy_e pm_corr g_mag bp_rp filter memberprob r pm member_prob_GMM member_prob_DB
[from data line 5707]
-0.08499555 0.09958423 0.8744136 2.444221 0.09642431 0.1520142 -0.1299914 17.17253 0.9734688 1 0.0 0.13092464391586253 2.5959228495288453 0.0 0.0
0.05388364 -0.04073362 2.330934 -1.229341 0.7146329 0.7748345 0.2139545 19.98767 0.6178093 0 0.0 0.06754757181390016 2.6352481110204784 0.0 0.0
0.01521351 0.0182694 -1.567602 12.77432 2.718979 3.93671 -0.2914753 20.83336 nan 0 0.0 0.023774395110708918 12.870144812425538 0.0 0.0
-0.03748441 -0.004457514 2.084251 -1.752033 0.7227998 1.086412 0.03787277 20.0109 0.6757755 0 0.0 0.037748515521915514 2.722815062410593 0.0 0.0
-0.003301169 0.01826647 -1.906573 5.041757 1.585336 1.798139 0.2484751 19.74715 nan 0 0.0 0.018562371697265975 5.3902072549557865 0.0 0.0
0.01012313 -0.004046062 10.39036 -23.83717 0.7290102 1.04336 -0.04097126 18.74661 nan 0 0.0 0.010901760348895218 26.00327391961443 0.0 0.0
0.01580395 -0.03404733 4.860976 -3.772385 2.847572 3.368735 0.3330065 20.96966 0.7159634 0 0.0 0.03753645582272519 6.153046096105651 0.0 0.0
0.01851845 -0.02554856 2.881558 -4.383316 0.8966973 1.168552 0.110115 19.90676 0.5264187 0 0.0 0.03155411080154375 5.245649212749552 0.0 0.0
-0.03898063 0.03060482 2.100607 -3.368898 0.7530911 1.2518 -0.08467218 20.34163 0.6824951 0 0.0 0.049559504864650335 3.9701414965783024 0.0 0.0
-0.0263885 0.007702748 1.447051 -1.538845 0.516732 0.7325544 0.09868631 19.51735 0.5794029 0 0.0 0.027489730064180404 2.112344794446683 0.0 0.0
-0.01479584 0.005425367 3.602535 -7.274507 0.6651327 0.899854 -0.03294032 19.1826 0.8028698 0 0.0 0.01575917156421266 8.11767888742059 0.0 0.0
-0.02189471 -0.007211854 -0.6944028 2.05509 1.787188 1.97729 -0.3233889 20.2135 nan 0 0.0 0.023051879838777052 2.169237229246225 0.0 0.0
-0.03386212 0.02443413 1.994612 -1.471894 0.5061162 0.7989649 -0.0839629 19.7652 0.5817547 0 0.0 0.041757273375440836 2.4789007599700317 0.0 0.0
-0.01108791 -0.00822133 3.047609 -22.20184 0.9416118 2.137969 0.139423 19.30357 nan 0 0.0 0.013803333479163647 22.4100339134612 0.0 0.0
-0.02143661 -0.00727281 2.065911 2.563457 1.282576 2.000503 -0.1457653 20.38932 nan 0 0.0 0.02263674034811991 3.292309227695661 0.0 0.0
-0.01016871 -0.04557095 2.121163 -1.364935 0.7111071 1.081029 -0.07264623 20.14842 0.62183 0 0.0 0.04669169248342364 2.5223758694520533 0.0 0.0
-0.0154833 0.007561515 -1.044993 5.500246 0.7958949 2.096993 -0.6506789 19.1005 nan 0 0.0 0.017231050112666523 5.598635229282668 0.0 0.0
0.04760013 -0.0142609 3.257926 -1.044426 0.6218311 0.6668979 0.0417228 19.8446 0.6131058 0 0.0 0.04969049853671122 3.421243559139279 0.0 0.0
0.008764632 0.02354384 5.307458 -11.63215 2.703885 3.266468 -0.1549169 20.7049 nan 0 0.0 0.025122324256346664 12.785774284112167 0.0 0.0
-0.01839153 0.005648052 -0.268362 0.2828075 1.633917 3.098748 -0.09696951 20.73986 nan 0 0.0 0.019239253289449778 0.38986952317442053 0.0 0.0
-0.0408113 0.02370536 2.652012 -1.452988 0.5648044 0.9414994 -0.06399134 19.9524 0.6746845 0 0.0 0.047196464914436125 3.0239612722864027 0.0 1.0
-0.03221413 -0.01284648 3.371601 -2.036252 1.812217 2.556024 -0.1234886 20.80623 nan 0 0.0 0.03468115078897037 3.938783506452849 0.0 0.0
0.02704032 0.006211063 3.25804 -3.121086 0.2173504 0.2472264 -0.01713674 18.0183 0.8183479 0 0.0 0.0277444806996341 4.511762677822937 0.0 0.0
0.007733628 -0.03367464 4.900199 -0.7860231 1.921425 2.188172 0.551878 20.52033 0.5534935 0 0.0 0.034551271773582866 4.9628401700371745 0.0 0.0
-0.02178359 -0.007637174 14.22726 -6.279714 1.001316 1.39124 -0.1788148 19.61893 nan 0 0.0 0.02308357034763851 15.551518737068609 0.0 0.0
-0.01994004 0.009275593 3.720118 -1.647186 0.8280391 1.242908 0.2705308 20.06642 0.7135868 0 0.0 0.021991858054817674 4.0684763305837235 0.0 0.0
0.01320321 -0.01996699 6.023543 -3.079273 0.6580944 0.7256613 0.334533 19.36691 nan 0 0.0 0.02393753211933511 6.764982814566346 0.0 0.0
0.01822474 -0.1361269 0.8076856 1.672141 0.09957731 0.1342134 -0.07940103 17.24362 0.8111572 1 0.0 0.1373414505955052 1.856989917131582 0.0 0.0
-0.03045424 -0.02917294 -5.239649 8.314346 3.118937 3.223101 -0.01276148 20.79175 0.4948368 0 0.0 0.04217251666928593 9.82762794630103 0.0 0.0
-0.02545998 0.01586258 2.310649 -1.337162 0.2459026 0.3922071 -0.1227681 18.63746 0.8595524 0 0.0 0.029997200300308027 2.669663090250341 0.0 1.0
0.09324609 -0.1361374 -0.9476745 -0.7979956 0.8473587 1.024713 0.00138338 20.46926 0.4499397 1 0.01681158 0.1650097723743903 1.2389043286588395 0.0 0.0
-0.01803762 0.05479856 2.166856 -2.792663 0.7623952 0.8837625 0.01999647 20.17051 0.6147003 0 0.0 0.05769088241081081 3.5347180306645396 0.0 0.0
-0.05304096 0.03326042 2.524941 -1.488805 0.1386773 0.2254231 -0.1330627 17.8347 0.9310875 1 0.9995725 0.06260670073001771 2.931188731812744 0.0 0.0
-0.007951877 0.009980736 6.186352 -3.259314 0.7458429 1.147768 0.06924579 18.7427 0.7636414 0 0.0 0.012761169183300761 6.992430108231329 0.0 0.0
0.01033014 -0.01880705 3.247879 -1.131635 0.7692322 0.87593 0.2821819 19.56126 nan 0 0.0 0.02145732793527889 3.4393772360510266 0.0 0.0
0.02676964 0.006401856 -0.7242954 -2.690495 1.801325 1.357742 0.5512366 20.09622 nan 0 0.0 0.027524487024726475 2.78628196194968 0.0 0.0
0.06223003 -0.07082208 2.301439 -3.341295 0.600933 0.691497 0.02653912 19.86816 0.5442467 1 0.895306 0.09427801254442787 4.057200235106224 0.0 0.0
-0.02171432 -0.006815095 2.998178 -3.046364 0.4915217 0.7037337 -0.1265341 19.45923 0.6248035 0 0.0 0.022758673355919166 4.274272445712837 0.0 0.0
-0.01931527 0.009073512 -4.315937 -3.982203 2.672836 4.485186 0.2164229 20.90366 nan 0 0.0 0.02134029697982303 5.872414573340169 0.0 0.0
-0.0198705 0.008447815 4.31238 -0.714604 1.010152 1.799431 -0.1622316 20.20498 nan 0 0.0 0.021591719443440002 4.371187497833512 0.0 0.0
-0.01438557 -0.0008402252 -1.872154 2.889446 1.176116 1.681217 0.03627116 19.91918 nan 0 0.0 0.014410086835672263 3.4429433318938027 0.0 0.0
-0.01137639 -0.04161903 1.715966 -0.517665 1.132668 1.81768 -0.2169768 20.59741 0.5156136 0 0.0 0.04314586779255923 1.7923493982427088 0.0 0.0
0.000884605 -0.02915399 1.483321 -0.0380882 1.313323 1.254686 0.2527767 19.67215 nan 0 0.0 0.029167407476944622 1.4838099271875222 0.0 0.0
0.01487824 0.0009526252 2.09203 -3.672357 0.8676042 1.856468 -0.4896359 19.88164 nan 0 0.0 0.014908706190319636 4.226440045280306 0.0 0.0
0.007465153 0.002574531 1.447444 -4.800531 0.5631026 0.7010655 -0.3036089 18.38344 nan 0 0.0 0.007896627076376977 5.013999602622342 0.0 0.0
-0.0004827603 0.04394323 2.785502 -2.364042 0.5657826 0.8115721 0.1276434 19.63357 0.5782967 0 0.0 0.04394588172218366 3.6534526094870863 0.0 0.0
0.001224633 -0.0300104 2.930431 -2.926101 0.1067956 0.1287403 0.0009734974 16.85222 0.9420662 0 0.0 0.030035376377609935 4.1411946232895165 0.0 0.0
-0.04821252 0.06147777 1.968987 -2.359676 0.5572096 0.910939 -0.149724 19.99336 0.6835442 0 0.0 0.0781278649965766 3.0732687209459897 0.0 0.0
-0.02996878 0.001186442 2.212024 -0.6427067 0.3806412 0.5316729 0.04217935 19.15354 0.4924164 0 0.0 0.02999225598896762 2.3035021334483043 0.0 0.0
0.01449388 0.03864951 2.663546 3.307466 1.355028 2.279256 0.01130428 20.81529 0.6638565 0 0.0 0.04127780494036111 4.246623203825835 0.0 0.0
0.01252329 -0.01796802 2.729251 -3.60177 0.4288868 0.6454951 -0.1810547 18.79837 0.6842747 0 0.0 0.021901655990917673 4.519021813833277 0.0 0.0
0.1200416 0.01292388 10.83503 3.427912 1.059117 1.240176 0.1227111 20.50327 1.671343 0 0.0 0.12073529891798172 11.36435021374491 0.0 0.0
-0.02406476 0.01649991 1.741733 -0.2267391 0.5940786 0.9857372 0.01312532 19.87151 0.5424671 0 0.0 0.029178068885135286 1.7564294642136389 0.0 0.0
-0.0381339 0.1233956 -0.6394602 4.387431 0.8183962 1.336509 -0.2068732 20.44066 1.82938 0 0.0 0.12915366207959417 4.433786206747574 0.0 0.0
-0.03792569 0.03180105 2.620268 -1.779415 0.2887446 0.4681999 -0.08196748 18.96977 0.6863918 0 0.0 0.04949408796087265 3.1673525433789336 0.0 1.0
-0.02413429 0.01707591 3.145559 -1.204628 1.181578 2.840868 -0.1796205 20.6883 nan 0 0.0 0.029564347720391196 3.368333421866814 0.0 0.0
-0.03241283 0.004065931 1.619528 -2.15984 0.6581146 0.9758687 -0.1059896 19.93426 0.5801601 0 0.0 0.03266685389665893 2.6995888146871554 0.0 0.0
0.01262021 -0.02032551 1.864995 -5.407883 0.8017782 0.8533286 0.3999386 19.72523 nan 0 0.0 0.02392480004522922 5.720437473805128 0.0 0.0
-0.02774496 0.02067624 1.709096 -5.42312 1.039002 1.692311 -0.04431079 20.62102 0.9401474 0 0.0 0.03460187431251665 5.686056601161828 0.0 0.0
0.05474045 -0.001303373 3.01468 -2.654262 1.254677 1.751336 -0.01350483 20.69888 0.5812588 0 0.0 0.05475596449136504 4.016640669395757 0.0 0.0
0.0108889 0.02225049 6.546743 -10.12697 1.198178 2.023156 -0.3007377 20.60325 0.4955559 0 0.0 0.024772009374495644 12.058829349856023 0.0 0.0
-0.0001980059 0.000327896 -0.1367293 3.461433 0.638779 0.7693976 -0.2054294 15.57139 nan 0 0.0 0.00038304323940099763 3.4641324043644017 0.0 0.0
0.04235465 -0.09215129 2.759124 -2.250365 1.31813 2.148204 -0.223578 20.75739 0.5530758 0 0.0 0.10141881790519253 3.56046455966086 0.0 0.0
-0.0260229 0.01882076 0.5720559 1.384797 1.045807 1.867391 -0.1218393 20.43831 0.8262711 0 0.0 0.03211560884348295 1.4983026009233948 0.0 0.0
-0.001100437 0.009708232 4.315655 -4.994874 1.981761 1.284675 0.06962495 19.10477 nan 0 0.0 0.009770400716285542 6.601033582318832 0.0 0.0
0.01318939 -0.01943293 2.590125 -1.792679 0.1544026 0.2034732 -0.1003614 17.50068 -0.06939316 0 0.0 0.02348614010340993 3.149991351204952 0.0 1.0
0.01807131 -0.04631952 1.997307 -2.146792 0.9283688 1.325555 0.054142 20.34382 0.6497593 0 0.0 0.04971991731837957 2.9322263117830794 0.0 0.0
0.02360561 0.01326704 2.96106 -0.7093593 0.7796018 1.051099 -0.2181667 20.05825 0.503643 0 0.0 0.02707838942466298 3.0448426790388514 0.0 0.0
-0.004571702 0.02161192 -0.4225867 7.232452 2.234882 2.345277 0.4595481 20.22277 nan 0 0.0 0.022090168520479965 7.24478719158271 0.0 0.0
-0.01574714 0.008017339 0.6426681 3.675705 2.265714 2.209166 -0.1398455 20.31117 nan 0 0.0 0.017670601088262985 3.7314647973393247 0.0 0.0
0.01288146 0.02319444 3.179907 -7.509324 1.886127 4.106723 -0.7107461 20.48506 nan 0 0.0 0.02653137875507415 8.154860848943102 0.0 0.0
0.02717989 0.009648075 1.920599 0.01807172 0.5770173 0.7986979 -0.0342296 19.8646 0.5497551 0 0.0 0.02884149392139258 1.9206840203075461 0.0 0.0
0.08028562 -0.1386442 5.244672 -10.91017 0.2730705 0.388007 0.004291714 18.91271 0.822504 1 0.0 0.16021234338347468 12.105304366949392 0.0 0.0
-0.01227875 0.03257293 3.488764 -1.311543 1.72985 2.079772 0.2050786 20.46482 0.7674789 0 0.0 0.03481039313692679 3.727146266051951 0.0 0.0
0.03813318 -0.01533913 4.984384 -3.14 1.91618 3.201899 -0.2164283 20.95855 0.4460373 0 0.0 0.04110265594909045 5.8909832676265514 0.0 0.0
0.01430877 -0.001551657 5.614307 -10.83664 0.4505976 0.6494115 -0.04113752 18.99761 nan 0 0.0 0.014392655709025662 12.20463885495384 0.0 0.0
0.01353404 0.02312189 4.098829 -1.571871 0.7970935 1.288556 0.09656771 20.15602 nan 0 0.0 0.026791641157153847 4.38989494314864 0.0 0.0
0.03939332 -0.002752928 1.778636 0.498575 0.9767417 1.243821 -0.0589331 20.34866 0.7634602 0 0.0 0.03948939443946418 1.847193290135334 0.0 0.0
-0.02078834 0.05982781 5.255565 8.056394 1.624149 2.997715 0.07481804 20.84942 1.621645 0 0.0 0.06333657655219219 9.619066885746298 0.0 0.0
-0.00910601 0.0350394 2.524555 -1.324988 0.4502478 0.6400773 0.2799499 19.2877 0.5827541 0 0.0 0.03620330054677474 2.851135063122931 0.0 1.0
-0.0159349 0.01067807 -0.107408 -5.553973 1.329073 1.651093 0.441972 20.27901 0.7232056 0 0.0 0.019181819958880332 5.555011481823687 0.0 0.0
-0.04115482 0.01272273 3.627648 -0.6207597 0.4949213 0.7224662 0.03698693 19.56808 0.5673389 0 0.0 0.043076525717440355 3.680376694993067 0.0 0.0
-0.02345309 -0.02482078 2.046403 -1.837298 0.4820105 0.7682256 -0.1433268 19.42169 0.625988 0 0.0 0.034148478009371076 2.7501689364860846 0.0 0.0
-0.03822003 -0.05038859 4.166177 -1.795988 0.9393325 1.639087 -0.02692821 20.4971 0.6299438 0 0.0 0.06324381942442281 4.536805450035631 0.0 0.0
-0.02463409 0.01690988 4.704305 0.2143972 1.353834 2.553885 -0.1551119 20.58172 nan 0 0.0 0.029879465051143403 4.709188007755991 0.0 0.0
-0.03319254 0.01271937 3.554413 1.816745 0.5033557 0.7534559 -0.08608154 19.57458 0.705677 0 0.0 0.03554612615811321 3.9917933525664875 0.0 0.0
-0.02091602 -0.007486346 1.849109 -0.5417496 0.3091668 0.5085147 -0.1982795 18.75552 0.7122192 0 0.0 0.022215428626792596 1.9268359356678917 0.0 0.0
-0.02114855 0.01319881 -0.8189768 -0.1583768 2.947989 3.860074 -0.05762129 20.85539 0.5044823 0 0.0 0.02492929506661991 0.8341499923373973 0.0 0.0
-0.001169766 0.000280207 2.811282 -3.141728 0.3612465 0.4976116 -0.13317 14.11167 0.9855604 0 0.0 0.0012028584528551147 4.215893892107343 0.0 0.0
-0.07128829 -0.05013599 1.647913 -1.167536 0.980174 1.746187 -0.2416257 20.52898 0.5631447 0 0.0 0.08715295625739956 2.0195934162263947 0.0 0.0
0.03710549 -0.01712792 2.166763 -0.2640013 1.191296 1.533156 0.08515788 20.6739 0.6469955 0 0.0 0.04086787285468256 2.182786884826526 0.0 0.0
-0.08992907 -0.06337733 4.507305 -0.07819724 1.471727 2.200936 0.01902597 20.73648 0.4584236 0 0.0 0.11001783304989152 4.507983270972577 0.0 0.0
0.01566921 -0.001643373 3.085073 -3.984906 0.6525853 2.905497 -0.03550324 19.46341 nan 0 0.0 0.01575515207293249 5.039558635849473 0.0 0.0
-0.01428227 0.006268475 2.514085 -1.481003 0.02800545 0.03938314 -0.1316836 14.03445 1.166664 1 0.9999433 0.01559734000329944 2.9178747871068764 0.0 0.0
0.03228807 -0.0207639 -3.605443 -3.265028 3.118213 3.215246 0.4059374 20.92164 0.5489902 0 0.0 0.03838826653464441 4.864116267836636 0.0 0.0
0.04826709 0.005590533 0.3001321 0.9665239 1.265608 1.668861 -0.1932726 20.68005 0.4337749 0 0.0 0.048589772959874884 1.0120512470826861 0.0 0.0
0.02410527 0.01242199 2.598438 0.8247995 0.5175113 0.5900488 0.04480759 19.64869 0.6564178 0 0.0 0.02711770413093631 2.7262014333215085 0.0 0.0
-0.0844533 -0.01482959 2.482821 -1.590212 0.1461603 0.1957526 0.003266874 17.84169 0.9637947 1 0.9993638 0.08574541748955508 2.948418953097575 0.0 0.0
-0.007956402 -0.02813572 2.163656 -1.668323 0.1743363 0.2521116 -0.0559118 18.10719 0.9228096 0 0.0 0.02923906757583087 2.732161949567595 0.0 1.0
0.03281418 -0.05236689 1.195042 -1.425163 0.9916159 1.58599 0.1059125 20.45622 0.4182606 0 0.0 0.06179855643414739 1.8598964912954161 0.0 0.0
-0.02675429 -0.002215542 0.1794961 3.001853 1.1895 2.461331 -0.3294131 20.56319 0.3905373 0 0.0 0.02684586857894272 3.007214705258707 0.0 0.0
-0.03868041 0.002584055 2.576759 -1.697935 0.4337729 0.579838 0.03653782 19.33682 0.5195789 0 0.0 0.038766628148590956 3.085882403512162 0.0 1.0
0.01643556 0.02005643 2.40525 -1.898484 0.6526518 0.8358971 -0.1308931 19.82098 0.6598186 0 0.0 0.02593044575124963 3.0642240552472657 0.0 1.0
-0.007924002 0.008271753 -5.38111 -3.824055 0.6771567 0.9986384 0.1880194 18.8437 nan 0 0.0 0.011454767801619244 6.601495396887359 0.0 0.0
-0.03819656 0.009284719 3.899289 -8.378335 1.110151 1.954271 -0.1780474 20.52735 0.615118 0 0.0 0.03930881838395248 9.241263554176236 0.0 0.0
0.0321765 0.004235746 1.249866 -0.9097801 1.170616 1.442515 -0.1138065 20.60211 nan 0 0.0 0.032454101380665526 1.5459187715763107 0.0 0.0
0.02569134 -0.005160267 1.556487 -2.214061 0.569456 0.6893339 0.1060373 19.2107 0.7468319 0 0.0 0.026204452035997413 2.7064216029454835 0.0 0.0
0.04385387 0.009963795 1.699839 -2.289963 0.5572397 0.7576706 -0.06299105 19.75043 0.3386021 0 0.0 0.04497153682918703 2.851908688455856 0.0 0.0
-0.07188179 0.06559014 3.547805 -1.330159 0.9392376 1.481225 -0.2410698 20.50412 0.7260571 0 0.0 0.0973090859006686 3.788963352066895 0.0 0.0
-0.08133961 0.05340977 2.686302 -1.922707 0.30286 0.4644504 -0.1215625 19.1135 0.696352 1 0.9946155 0.0973074287318548 3.303486134835895 0.0 0.0
0.0151071 -0.0007144249 3.076565 -1.7702 0.1207618 0.1626225 -0.05157999 16.49486 0.9416513 0 0.0 0.015123983382288543 3.5494873206175845 0.0 0.0
