jas1101finalproject/data/gcs/NGC_6352.ecsv
# %ECSV 0.9
# ---
# datatype:
# - {name: x, unit: deg, datatype: float64}
# - {name: y, unit: deg, datatype: float64}
# - {name: pmx, unit: mas / yr, datatype: float64}
# - {name: pmy, unit: mas / yr, datatype: float64}
# - {name: pmx_e, unit: mas / yr, datatype: float64}
# - {name: pmy_e, unit: mas / yr, datatype: float64}
# - {name: pm_corr, datatype: float64}
# - {name: g_mag, unit: mag, datatype: float64}
# - {name: bp_rp, unit: mag, datatype: float64}
# - {name: filter, datatype: int64}
# - {name: memberprob, datatype: float64}
# - {name: r, unit: deg, datatype: float64}
# - {name: pm, unit: mas / yr, datatype: float64}
# - {name: member_prob_GMM, datatype: float64}
# meta: !!omap
# - comments: [deg deg mas/yr mas/yr mas/yr mas/yr dimless mag   mag   zeroone float]
# - __serialized_columns__:
#     bp_rp:
#       __class__: astropy.units.quantity.Quantity
#       unit: &id001 !astropy.units.Unit {unit: mag}
#       value: !astropy.table.SerializedColumn {name: bp_rp}
#     g_mag:
#       __class__: astropy.units.quantity.Quantity
#       unit: *id001
#       value: !astropy.table.SerializedColumn {name: g_mag}
#     pm:
#       __class__: astropy.units.quantity.Quantity
#       unit: !astropy.units.Unit {unit: mas / yr}
#       value: !astropy.table.SerializedColumn {name: pm}
#     pmx:
#       __class__: astropy.units.quantity.Quantity
#       unit: !astropy.units.Unit {unit: mas / yr}
#       value: !astropy.table.SerializedColumn {name: pmx}
#     pmx_e:
#       __class__: astropy.units.quantity.Quantity
#       unit: !astropy.units.Unit {unit: mas / yr}
#       value: !astropy.table.SerializedColumn {name: pmx_e}
#     pmy:
#       __class__: astropy.units.quantity.Quantity
#       unit: !astropy.units.Unit {unit: mas / yr}
#       value: !astropy.table.SerializedColumn {name: pmy}
#     pmy_e:
#       __class__: astropy.units.quantity.Quantity
#       unit: !astropy.units.Unit {unit: mas / yr}
#       value: !astropy.table.SerializedColumn {name: pmy_e}
#     r:
#       __class__: astropy.units.quantity.Quantity
#       unit: &id002 !astropy.units.Unit {unit: deg}
#       value: !astropy.table.SerializedColumn {name: r}
#     x:
#       __class__: astropy.units.quantity.Quantity
#       unit: *id002
#       value: !astropy.table.SerializedColumn {name: x}
#     y:
#       __class__: astropy.units.quantity.Quantity
#       unit: *id002
#       value: !astropy.table.SerializedColumn {name: y}
# schema: astropy-2.0
x y pmx pmy pmx_e pmy_e pm_corr g_mag bp_rp filter memberprob r pm member_prob_GMM
[from data line 16619]
-0.01611074 -0.02809487 -1.907914 -2.684032 2.183919 1.314458 0.7638086 19.78291 0.8171139 0 0.0 0.0323863808361555 3.2930477689247084 0.0
-0.07984169 0.0820898 -2.465418 -4.338037 0.9721325 0.8343966 0.2322064 19.7922 1.495844 0 0.0 0.1145138887912558 4.989674431071931 0.0
-0.125115 -0.05116896 -5.700873 -4.220748 0.9962092 0.8836369 -0.2634741 19.9129 0.9987583 1 0.007669887 0.13517405702456964 7.093283206078339 0.0
-0.1139398 0.1086134 -1.061151 -2.407199 0.7748312 0.5103096 0.4192079 19.03487 1.253292 1 0.002997917 0.15741394056308988 2.6307125404350056 0.0
0.05251147 -0.122186 -0.558142 -7.454999 0.992244 0.8213436 0.7166899 18.77977 nan 0 0.0 0.1329920038106085 7.475863333566565 0.0
0.0641389 0.0138823 0.5812925 -1.999309 0.3092331 0.2158081 0.3340394 17.71564 1.066624 1 0.0 0.06562405615702217 2.0820992887077336 0.0
0.04361957 -0.007130199 1.369516 -4.247032 1.002522 0.8091175 0.1828631 19.75955 0.6737614 0 0.0 0.04419849120461581 4.462382198252409 1.0
0.06604284 -0.09524341 -4.125346 -8.715634 1.195513 0.9066392 0.431492 20.13351 nan 0 0.0 0.11590066377589776 9.642652935871538 0.0
-0.01557294 -0.06563131 1.40918 -4.3736 1.068401 0.850714 0.3801064 19.96817 0.7206802 0 0.0 0.0674535789455215 4.595015259212966 1.0
0.06046802 0.1128935 -4.77852 -0.4964851 0.8839922 0.9992773 -0.06485103 19.86846 1.228195 1 0.0004699769 0.1280676531563314 4.80424300435792 0.0
0.07610412 -0.004574464 -0.1166868 -3.849002 0.6608778 0.5611879 0.08920925 19.40354 1.072674 0 0.0 0.07624147691290939 3.850770339204643 0.0
-0.1386861 -0.03812357 -2.646896 -3.631985 0.8766941 0.7482567 -0.1688246 19.69417 1.879608 1 0.3462635 0.14383059800596987 4.494148804283298 0.0
0.01435951 -0.003829055 -1.852045 -3.84905 0.4801342 0.379131 0.2178719 17.47893 1.39048 0 0.0 0.014861264738679714 4.271446661790945 0.0
-0.06314392 0.09612463 -0.880918 -3.015318 0.245949 0.207228 0.1323628 17.75764 1.139338 1 0.0 0.11500912627093252 3.1413626285177583 0.0
0.04751273 0.08529643 -2.848204 -5.100473 0.619414 0.5834855 -0.07768299 19.2935 1.118938 1 0.5271553 0.09763677833069771 5.8418396802159 0.0
-0.005322797 -0.02093241 0.7218406 0.6316767 1.734076 1.447903 -0.1141232 19.47901 nan 0 0.0 0.02159856375575258 0.9592024317792621 0.0
-0.1233318 0.03949957 -3.311925 -5.668215 0.8138356 0.7705485 0.1654884 19.81949 1.165459 1 0.1851763 0.12950269851020443 6.56486926692756 0.0
0.002959251 0.01555918 -3.164769 -4.841576 0.617181 0.5816928 0.08526099 18.76991 nan 0 0.0 0.015838094858707 5.784169861539079 0.0
-0.070432 -0.07675185 -3.451006 -3.754129 0.907592 0.6652323 0.02481831 19.5202 1.045839 1 0.4070846 0.10417059615084526 5.09930651762345 0.0
-0.02750129 0.1119721 -12.27295 -10.98542 3.166648 1.963331 0.7525687 20.51291 1.021793 0 0.0 0.11529992250680007 16.47133128435282 0.0
0.09228617 0.04097299 -1.994909 -4.201006 1.507551 1.169884 0.2856624 20.19687 0.7148266 1 0.4668223 0.1009728829082789 4.650603544736639 0.0
-0.1317445 -0.08490393 -2.236096 -5.98537 0.7108959 0.6600617 -0.2979567 19.19937 nan 0 0.0 0.1567331828608572 6.389427154144258 0.0
0.02289367 0.05995337 -7.681911 -9.689295 0.23791 0.1976452 0.2678564 17.64001 1.110258 1 0.0 0.06417574853810278 12.365039191565307 0.0
0.03185928 -0.0638956 0.471589 -4.043722 0.3437366 0.2837776 0.151508 18.08231 1.18017 0 0.0 0.07139790908337862 4.071128074404562 0.0
-0.05597903 -0.07148483 -1.397761 -4.312266 0.4582817 0.4886933 -0.4009879 18.51719 nan 0 0.0 0.09079500382658619 4.533141721574233 1.0
-0.09778034 0.06427056 0.4968466 -5.565167 2.125405 1.706076 0.7619325 20.25534 nan 0 0.0 0.11701153692362647 5.587301699552348 0.0
0.07276765 0.01301238 -2.683521 -5.379274 0.1088133 0.09349797 0.1143161 16.34935 1.627094 1 0.0 0.07392193801427896 6.011478497384566 0.0
0.05981932 -0.09303461 -8.697698 -7.642548 0.5791402 0.4627954 0.1895143 19.32692 1.465677 1 0.0 0.11060646320678778 11.578363029008376 0.0
-0.116631 -0.05404031 -4.372734 -6.20728 0.6901383 0.5482326 -0.06091079 19.16492 1.20941 1 0.00025439 0.12854238703982473 7.592833965862549 0.0
-0.05297975 0.0002385339 -2.254023 -4.51021 0.5325729 0.4312304 0.2214758 19.18648 1.191534 1 0.9323543 0.05298028698000747 5.042084284165528 1.0
0.001966838 0.02254394 0.2830849 0.6896333 0.3769255 0.3895088 -0.841814 16.48746 nan 0 0.0 0.02262957539243377 0.745473774908883 0.0
-0.03698299 -0.0513411 -2.336479 -4.656336 0.8017568 0.6154792 0.2731073 19.55584 1.021729 0 0.0 0.06327440318604435 5.2096640066646325 1.0
-0.1383073 0.04588121 -1.87435 -1.720583 2.486314 1.953173 0.5029572 20.33967 1.61466 0 0.0 0.145718889181719 2.544325801148312 0.0
0.01384291 -0.04166689 4.444442 -2.459104 0.2179168 0.1671346 0.2341909 17.52042 1.062782 1 0.0 0.04390621686663746 5.079395355175653 1.0
0.110191 0.1005993 -4.225291 -7.363277 0.5427433 0.4552586 0.2352411 19.2775 1.066463 0 0.0 0.14920548127160074 8.489460066070752 0.0
0.03221186 0.01369893 -1.606862 -4.635548 0.3363817 0.2710805 0.2043674 18.45688 1.08824 1 0.9037387 0.03500377990738286 4.906150298079748 1.0
0.01979894 0.02731612 -1.682905 -4.619212 0.3264541 0.2798965 0.04492738 18.32047 1.148712 0 0.0 0.03373675202176404 4.916227083848853 1.0
-0.05371599 -0.06953307 -2.020086 -4.366052 0.06688745 0.05378278 0.05599551 15.28579 1.455281 1 0.9862524 0.0878649839543888 4.810733573385663 1.0
-0.04446554 0.107104 -3.293692 -6.023758 0.1554229 0.1444817 0.07164219 16.94928 1.623322 1 0.0 0.11596745691568648 6.865425510005043 0.0
-0.06742448 0.01891346 -4.749141 -6.875328 0.9027291 0.7500663 0.3589686 19.76909 nan 0 0.0 0.07002699102804574 8.35610407698857 0.0
-0.1490397 -0.05462101 -6.302564 -6.315877 1.028274 0.845623 -0.07143585 19.50326 1.255856 0 0.0 0.15873338309728707 8.922590165037562 0.0
-0.0510351 0.02003881 -2.432828 -3.935955 0.7343627 0.5982807 -0.02441692 19.51983 1.158323 0 0.0 0.05482823486330834 4.6271366782935 1.0
-0.1585942 0.01197405 0.1841046 -6.470166 1.99749 1.446024 0.2727766 20.32869 1.003956 0 0.0 0.1590455851227644 6.472784761700111 0.0
-0.08192756 0.07989685 -3.720221 -6.509813 0.2751765 0.2348542 0.1458585 18.06742 1.623978 1 0.0 0.1144361469443816 7.49784699655908 0.0
0.0525893 -0.02758929 -0.8134889 -3.059954 1.449523 1.053917 0.5616808 20.1622 1.033215 1 0.6297363 0.059386895837331824 3.1662410951377673 0.0
0.01490391 -0.1494704 -4.154524 -1.318815 0.7842458 0.646392 0.2707172 19.70083 1.208206 1 0.0 0.15021160743913267 4.358823542058224 0.0
0.006338406 -0.01709875 -3.722615 -4.715054 0.3377699 0.2454668 0.1964533 18.06869 1.213818 0 0.0 0.018235751758107918 6.0074617486207105 0.0
0.01381086 -0.01072206 -2.086871 -4.556678 0.07118949 0.06661817 -0.1464 15.29876 1.458723 1 0.9927258 0.01748434798850675 5.011820524153373 1.0
-0.1167777 0.1070696 -3.700191 -7.567984 2.750154 1.610914 0.7265365 20.26843 0.7875633 0 0.0 0.15843273166063254 8.424119850805601 0.0
-0.04477868 0.1170333 -0.6837225 -1.592763 0.524618 0.500816 -0.04151402 19.0101 1.363134 0 0.0 0.12530731619276028 1.7333119832203463 0.0
-0.08165379 0.1243156 -2.929688 -8.206376 3.049018 1.797358 0.7797542 20.37003 0.7818546 0 0.0 0.14873368759203176 8.713648996300002 0.0
0.05699788 -0.08526465 -4.935764 -7.783322 1.350891 1.006854 0.4910516 20.31002 0.8493347 0 0.0 0.10256129320614527 9.216391247086898 0.0
0.0444777 0.04796093 -2.404382 -3.4812 0.2908374 0.2634788 0.1255604 18.08861 0.9705372 0 0.0 0.06541037076607119 4.230816261896042 0.0
0.07548958 0.05897937 -3.467169 -5.783772 0.296321 0.2590666 0.1134922 18.32486 1.248857 1 1.057461e-06 0.09579792677387805 6.743387829759238 0.0
-0.0880375 0.04718322 -0.3257551 -2.214546 3.412477 2.522714 0.5457717 20.61263 nan 0 0.0 0.09988422125550361 2.238376726847384 0.0
-0.02030347 0.08034782 -5.650546 -5.956401 3.052446 1.832427 0.7426944 20.49433 nan 0 0.0 0.08287341595948185 8.210199934892998 0.0
0.04869924 -0.03140774 -5.658962 -0.381372 0.6505701 0.5339641 0.3291347 19.3622 0.815815 1 0.0 0.057948788671422634 5.67179826155938 0.0
0.0003859309 -0.04311841 -36.3871 -23.30254 1.533277 1.178781 0.2239581 18.53707 nan 0 0.0 0.0431201371007523 43.209135803225685 0.0
-0.06675272 -0.0451421 -2.495406 -3.5956 0.2598842 0.1991646 0.2928932 17.86992 1.193848 0 0.0 0.08058371311753014 4.37668715638164 0.0
-0.03970943 -0.05761833 5.066209 -9.833534 0.3684954 0.3033988 0.1650542 18.68991 2.020012 1 0.0 0.06997650164815186 11.061865329176495 0.0
-0.02443889 -0.009585466 -5.339493 -5.645095 0.4274309 0.3693062 0.09791578 18.59332 1.076191 0 0.0 0.026251485726892794 7.7702820448214105 0.0
-0.04046672 0.1062948 0.5253633 -4.288388 0.3427623 0.3053102 0.06915452 18.6072 1.324692 1 0.0 0.11373715283318112 4.320448846535611 0.0
-0.05189907 0.112468 -0.6479296 -3.699002 1.178931 0.8922577 0.3984642 20.07666 1.053913 0 0.0 0.12386510602613192 3.75532003463888 0.0
0.09069079 0.01016832 -1.92926 -4.156667 1.023734 0.9872406 0.3318657 20.05011 1.03232 0 0.0 0.09125904953727328 4.582567478661825 0.0
0.07503917 -0.06739337 -6.195313 -0.06167234 1.128445 0.9027633 0.5092469 20.06005 0.721859 1 0.0 0.10086001861117119 6.195619956508797 0.0
-0.0799159 -0.1153554 -3.519098 -4.729401 1.160559 1.026432 -0.3022696 19.84591 0.9204655 1 0.2128845 0.1403332440370777 5.89502201458188 0.0
0.02397512 0.1175624 -3.411052 -3.276287 0.5427078 0.5388949 0.03955815 19.23274 1.116762 1 0.06006936 0.11998218314722565 4.729622844696287 0.0
0.07601672 -0.0898901 -0.4408205 -5.734679 0.454393 0.3655767 0.2951305 18.90813 1.247915 1 1.097111e-06 0.11772328485719552 5.751596817081431 0.0
0.07591817 -0.101685 -2.211639 -4.614322 0.8707782 0.6773935 0.403086 19.75608 0.9982033 0 0.0 0.1268992031541132 5.11696341456581 0.0
0.04453913 0.04865515 -5.238929 -2.324988 0.7391268 0.635141 -0.0129473 19.33767 nan 0 0.0 0.06596254787892446 5.731661736982129 0.0
-0.0753744 0.01058625 1.397324 -6.805619 0.3787392 0.3236058 0.1602562 18.73952 1.094414 1 0.0 0.07611418307005928 6.947586943258573 0.0
-0.009870099 0.1487483 -3.04487 -5.448059 0.09937336 0.09531956 -0.02081052 16.22515 1.55742 1 0.0 0.14907540242159267 6.241200219860039 0.0
-0.01001197 -0.1611993 -4.718127 -6.033998 1.49963 0.9941948 0.2915483 20.23252 1.080257 1 0.06517959 0.1615099187782933 7.659624942001599 0.0
-0.004170698 0.001334088 -3.615852 -6.780378 0.4091155 0.3451484 0.1480127 18.07763 nan 0 0.0 0.00437887115578296 7.684263888544432 0.0
-0.007655989 0.01290366 -3.197634 -3.943058 0.3990713 0.3364282 0.3705449 18.30644 1.197956 0 0.0 0.01500395311122109 5.076669143180398 1.0
0.01402873 -0.02829262 -2.218223 -4.56133 0.1647005 0.1258799 0.2759404 16.95965 1.304083 0 0.0 0.03157970252990519 5.072104557935394 1.0
-0.04065966 -0.05832099 -11.31455 -10.24658 1.593561 1.396537 0.009512762 19.03452 2.374428 0 0.0 0.07109532914260754 15.264712358865463 0.0
0.04092616 0.09349993 -2.223875 -4.456847 0.7511225 0.7478137 0.2171749 19.37015 1.059864 0 0.0 0.10206462404942516 4.9808739390827785 0.0
0.01405826 0.005288156 -2.427611 -4.246155 0.05756773 0.04645459 0.04756109 14.85439 1.326653 1 0.975468 0.0150199623204566 4.8911274212952165 1.0
-0.1315773 -0.06361361 -0.1293978 -4.970889 0.2276559 0.1942983 0.001185095 17.36025 1.099634 1 0.0 0.14614813461868784 4.9725728995124685 0.0
-0.0548881 -0.07039263 -3.361908 -2.048786 0.6258511 0.4862589 0.3548951 18.98347 1.135857 0 0.0 0.08926267909897674 3.93699752022528 0.0
-0.09332689 0.06851705 -1.669337 -7.224594 0.5646122 0.4809322 0.06142612 19.36621 1.214231 1 2.326544e-06 0.11577778084664864 7.41494736895718 0.0
-0.0649793 -0.03949405 -3.201841 -6.054367 0.7271604 0.5872253 0.2063768 19.69018 1.229597 0 0.0 0.07604005138012797 6.848879146252327 0.0
0.1479867 0.04835643 -2.509611 -2.302273 0.3249353 0.2881743 0.2997469 17.71242 1.369783 0 0.0 0.15568688994014523 3.4056729640190055 0.0
0.04782509 0.02909803 -1.893266 -4.557092 0.2927591 0.254236 0.03635735 18.1656 1.233908 1 0.9570148 0.05598155574284266 4.934728325168469 1.0
-0.008078105 -0.007844545 0.9182627 -0.07644972 0.4733258 0.3581065 0.2783637 17.2828 1.084679 0 0.0 0.011260224982124025 0.9214396051285013 0.0
-0.04816406 0.004954478 -2.219888 -4.507219 0.6130737 0.4665986 0.4865428 19.07038 0.9100876 0 0.0 0.04841821483632048 5.024233856669592 1.0
-0.01939468 0.1443243 -0.4732857 0.9021794 0.472914 0.5166266 -0.03468847 18.84485 1.215534 1 0.0 0.14562162333524648 1.0187870354538529 0.0
0.01372621 -0.02423751 -1.74664 -6.023239 0.9093116 0.6766239 0.1576445 18.77014 0.9359303 0 0.0 0.027854366479318823 6.271376191931162 0.0
0.04068396 -0.0316372 -3.344771 -7.946634 1.096917 0.8828288 0.4893911 19.70571 0.9493999 0 0.0 0.051537336224543075 8.621860876423199 0.0
0.09346412 0.04225258 -2.613827 -7.959044 0.7939693 0.8613925 0.3490754 19.62407 nan 0 0.0 0.10257105948575748 8.377259276151419 0.0
0.00750456 -0.07188176 -3.01174 -4.617798 0.3741235 0.2883963 0.4139659 18.35523 1.224083 1 0.7409914 0.07227244178448104 5.513133065363469 0.0
-0.06206357 -0.0408141 1.130968 -9.685223 0.8074189 0.6493897 0.2141939 19.79855 1.17746 0 0.0 0.07428107080511764 9.751032415942069 0.0
0.03637803 0.08902112 -5.270044 -6.278028 1.164588 1.158734 0.3827156 19.98548 0.9400558 1 0.09263685 0.09616715069469044 8.19676761478084 0.0
-0.06416648 0.02199995 -2.925025 -4.168395 0.3871695 0.3270907 0.1795037 18.72035 1.049986 1 0.7353753 0.06783314054054183 5.092277302607352 1.0
0.04090732 -0.05584926 -3.170524 -1.692985 0.465999 0.3864066 0.2271648 18.87251 0.9546509 1 0.0 0.06922823608997992 3.5942204502229687 0.0
-0.03532727 0.1286641 -4.581484 -3.485414 0.6295975 0.5497864 0.1246262 19.58876 1.361382 1 0.001199824 0.13342588442451075 5.756570714726954 0.0
0.03735768 -0.0135072 -2.08427 -4.729443 0.2679446 0.218659 0.2102003 18.16768 1.134525 1 0.9590204 0.03972456049879469 5.168347175175929 1.0
0.001885561 0.01633743 -5.777402 -13.09023 0.7352764 0.647081 0.3097135 19.43728 nan 0 0.0 0.01644587970555607 14.308476345247387 0.0
0.01880211 0.07161275 -1.887938 -5.023151 0.3937097 0.3797949 0.1998485 18.45577 1.104836 1 0.7533929 0.07403988994464132 5.366223612620425 1.0
0.0123241 0.03728629 -2.625094 -4.501383 0.3508391 0.2758202 0.2392906 18.46185 1.095247 0 0.0 0.039270228707942355 5.210908502509422 1.0
-0.0886851 7.052249e-05 -3.892972 -5.249055 0.3698771 0.3160444 0.1514457 18.65452 1.195824 1 0.0005082814 0.08868512803977675 6.535121221967424 0.0
0.01327889 -0.0317676 -1.340616 -4.147727 0.2842908 0.2184062 0.2791527 18.04472 1.022236 0 0.0 0.03443122608029084 4.35900109267995 1.0
0.00930494 -0.06946354 -1.020517 -4.206367 0.6120626 0.4524004 0.5141582 18.98433 1.079056 1 0.6888769 0.07008398745601738 4.328392113242284 0.0
-0.008126999 0.04472197 -2.408357 -4.620643 0.3073267 0.2620173 0.2744959 18.27807 1.30924 1 0.9653397 0.04545440257474408 5.210616582794977 1.0
0.009579528 -0.007619738 -0.3457523 -7.578889 0.8301653 0.6632196 0.2055295 17.07982 1.203773 0 0.0 0.012240415184601705 7.5867715879204045 0.0
-0.1153948 -0.02829967 -8.544736 -7.387962 0.7285684 0.6496439 0.2432581 19.4212 1.64006 0 0.0 0.11881427182434315 11.295773361002778 0.0
-0.03952698 0.1245297 -2.999418 -7.464947 0.7806613 0.6893511 0.3084588 19.87805 1.368803 0 0.0 0.1306523185022386 8.044994844717616 0.0
-0.06927411 -0.1101403 -1.769516 -2.823657 0.661233 0.5620925 -0.1807868 19.29838 0.9946098 1 0.052689 0.13011451879164793 3.3323003657991275 0.0
0.01011357 -0.07129094 -3.003524 -2.776974 1.576653 1.066166 0.3697101 20.24074 1.258024 0 0.0 0.07200473890118969 4.090567321931275 0.0
-0.042485 0.04418608 -4.733472 -0.8511507 0.7760771 0.6173311 0.1986798 18.93723 0.9523315 0 0.0 0.06129751129341549 4.809388182388118 1.0
0.08995206 0.07361957 -1.695823 -6.174216 0.08354343 0.07240676 0.02854348 15.768 1.525356 1 0.0 0.11623774853819434 6.402871142072516 0.0
-0.06656106 -0.06783931 0.1393263 -3.155958 0.2177012 0.1956695 0.1628842 17.55627 1.421148 0 0.0 0.095039711119088 3.1590319269731495 0.0
-0.07258534 0.1289756 -2.496978 -5.646149 1.487902 1.02903 0.4362465 20.11258 0.9955635 0 0.0 0.1479977600447912 6.173645411155795 0.0
