jas1101finalproject/data/gcs/NGC_2419.ecsv
# %ECSV 0.9
# ---
# datatype:
# - {name: x, unit: deg, datatype: float64}
# - {name: y, unit: deg, datatype: float64}
# - {name: pmx, unit: mas / yr, datatype: float64}
# - {name: pmy, unit: mas / yr, datatype: float64}
# - {name: pmx_e, unit: mas / yr, datatype: float64}
# - {name: pmy_e, unit: mas / yr, datatype: float64}
# - {name: pm_corr, datatype: float64}
# - {name: g_mag, unit: mag, datatype: float64}
# - {name: bp_rp, unit: mag, datatype: float64}
# - {name: filter, datatype: int64}
# - {name: memberprob, datatype: float64}
# - {name: r, unit: deg, datatype: float64}
# - {name: pm, unit: mas / yr, datatype: float64}
# - {name: member_prob_GMM, datatype: float64}
# meta: !!omap
# - comments: [deg deg mas/yr mas/yr mas/yr mas/yr dimless mag   mag   zeroone float]
# - __serialized_columns__:
#     bp_rp:
#       __class__: astropy.units.quantity.Quantity
#       unit: &id001 !astropy.units.Unit {unit: mag}
#       value: !astropy.table.SerializedColumn {name: bp_rp}
#     g_mag:
#       __class__: astropy.units.quantity.Quantity
#       unit: *id001
#       value: !astropy.table.SerializedColumn {name: g_mag}
#     pm:
#       __class__: astropy.units.quantity.Quantity
#       unit: !astropy.units.Unit {unit: mas / yr}
#       value: !astropy.table.SerializedColumn {name: pm}
#     pmx:
#       __class__: astropy.units.quantity.Quantity
#       unit: !astropy.units.Unit {unit: mas / yr}
#       value: !astropy.table.SerializedColumn {name: pmx}
#     pmx_e:
#       __class__: astropy.units.quantity.Quantity
#       unit: !astropy.units.Unit {unit: mas / yr}
#       value: !astropy.table.SerializedColumn {name: pmx_e}
#     pmy:
#       __class__: astropy.units.quantity.Quantity
#       unit: !astropy.units.Unit {unit: mas / yr}
#       value: !astropy.table.SerializedColumn {name: pmy}
#     pmy_e:
#       __class__: astropy.units.quantity.Quantity
#       unit: !astropy.units.Unit {unit: mas / yr}
#       value: !astropy.table.SerializedColumn {name: pmy_e}
#     r:
#       __class__: astropy.units.quantity.Quantity
#       unit: &id002 !astropy.units.Unit {unit: deg}
#       value: !astropy.table.SerializedColumn {name: r}
#     x:
#       __class__: astropy.units.quantity.Quantity
#       unit: *id002
#       value: !astropy.table.SerializedColumn {name: x}
#     y:
#       __class__: astropy.units.quantity.Quantity
#       unit: *id002
#       value: !astropy.table.SerializedColumn {name: y}
# schema: astropy-2.0
x y pmx pmy pmx_e pmy_e pm_corr g_mag bp_rp filter memberprob r pm member_prob_GMM
[from data line 1368]
-0.009615776 -0.06907154 -0.9959141 -1.727021 1.909697 1.300843 0.04430617 20.67608 0.6992836 0 0.0 0.06973765687240843 1.9936013716437422 0.0
0.01892462 -0.000489063 -1.31991 -0.8553214 0.8125443 0.5165233 0.5681659 19.2119 0.9620094 0 0.0 0.01893093829587876 1.5728118467884071 0.0
-0.02560519 0.03544366 -0.0816686 0.7251177 0.8248232 0.5741984 0.006042063 19.8303 0.9686108 0 0.0 0.04372503618216571 0.7297022948293708 0.0
0.007037357 -0.02764043 0.813034 -0.6967468 0.6991327 0.4612301 0.04191623 19.5563 0.9644947 0 0.0 0.02852223280408371 1.0707382446080087 0.0
0.003933744 0.01303926 -1.593958 1.736683 0.7805152 0.5162708 0.09764246 19.56601 0.8950691 0 0.0 0.013619715239502478 2.357280201472239 0.0
0.02789609 0.02077702 -2.543061 1.690732 2.004516 1.359811 0.1100814 20.58749 0.1402569 0 0.0 0.03478327755356732 3.0538064682531862 0.0
-0.001327539 -0.002952051 8.126474 3.359883 1.72594 1.072578 0.5169196 18.93455 nan 0 0.0 0.0032368140050243847 8.793656432131346 0.0
0.01770856 -0.006272458 0.4329678 -0.2090265 0.657443 0.426572 0.08245392 19.41518 0.9228611 0 0.0 0.0187866129633674 0.480783936440362 0.0
-0.02230606 0.06903476 4.729635 -6.438605 0.841063 0.5179632 0.1784325 16.94568 1.172537 0 0.0 0.07254900689176386 7.9890601186403645 0.0
0.003007426 0.01314221 -1.814277 -0.9047638 1.593967 0.9688331 0.1509864 20.40402 0.40308 0 0.0 0.013481924744990086 2.027362465500296 0.0
-0.01063658 -0.01795829 -1.032325 -0.2974252 3.0213 1.165471 0.4676191 20.5029 0.3960781 0 0.0 0.02087191926537902 1.0743168318610854 0.0
-0.01366761 0.005731503 -0.2066503 -0.4485771 0.5011491 0.3445619 0.001487946 18.93217 0.8816051 0 0.0 0.014820718260297272 0.493888409597249 0.0
-0.003376907 -0.009875658 0.2622053 -0.523879 0.5486314 0.3495441 0.05116001 19.08376 0.9303818 0 0.0 0.010437055227391153 0.5858334456047127 0.0
-0.02110659 -0.02757661 0.3482553 -0.8233777 1.033121 0.6729841 0.5236808 19.62771 1.131859 0 0.0 0.034726899667551665 0.8939980933063447 0.0
0.009921719 0.03715254 0.8130649 -1.403038 3.389288 1.492997 0.3578073 20.67692 0.8443966 0 0.0 0.038454541167026825 1.6216011103400276 0.0
0.02879507 7.11974e-05 -0.6528376 -1.196399 0.866835 0.590976 0.04380316 19.81899 0.9053879 0 0.0 0.028795158019616192 1.3629260798644804 0.0
-0.001113522 0.0101171 0.9551719 1.029161 1.538768 0.9462226 0.1768665 20.26734 0.6384144 0 0.0 0.010178194518404725 1.4041102956928313 0.0
0.0118032 0.002614561 1.708376 -1.55218 0.9536352 0.7440304 -0.1781618 19.66807 nan 0 0.0 0.012089311786148993 2.3082052139651705 0.0
-0.002996348 -0.0001329385 -1.344044 -3.337798 0.8735177 0.6163042 -0.05332416 19.25467 nan 0 0.0 0.0029992955809466744 3.5982425936476266 0.0
-0.005082195 -0.0176995 -1.953874 -0.5559842 0.9336609 0.6101362 0.5033729 19.50615 0.8856239 0 0.0 0.018414695388955665 2.0314384161292316 0.0
-0.01648159 0.00950865 0.824136 0.09674502 1.489064 1.024081 0.02200293 20.28114 0.4888458 0 0.0 0.019027801600568574 0.8297950020280914 0.0
0.003097632 -0.01295795 0.1010886 -0.6379874 0.1963019 0.1248542 0.54189 17.01695 1.544399 1 0.9996423 0.013323054912816504 0.6459464587786823 0.0
-0.04436225 -0.03937621 1.753104 0.6148854 2.361575 1.764493 -0.002360068 20.8209 0.4260731 0 0.0 0.059316904327742864 1.857809917604371 0.0
0.00811098 -0.01227091 0.1920663 0.02708475 0.4577246 0.3125482 -0.0930023 18.7729 0.9823818 0 0.0 0.014709290560339747 0.1939666138237519 0.0
-0.01661832 -0.01652663 -0.4912584 -0.8336255 0.2485491 0.1601762 0.172113 17.97108 1.307772 1 0.9952237 0.023437108584023328 0.9676085416224942 0.0
0.01173817 0.000798754 1.205779 -0.166815 1.212262 0.9169406 0.09939078 20.14871 0.4906464 0 0.0 0.011765315248705237 1.2172634230379222 0.0
-0.0007509715 0.04066519 0.3898416 -0.02312164 0.7686835 0.5311152 0.0490589 19.7388 0.7936153 0 0.0 0.04067212357290816 0.3905266742833959 0.0
-0.00499768 0.001476976 0.01074135 -0.05659107 0.6745505 0.4416183 0.04435339 19.15726 nan 0 0.0 0.0052113590825211805 0.05760143924909689 0.0
-0.006963977 -0.003935914 -2.205171 -0.4949072 0.9917947 0.6715066 0.08460474 19.95944 nan 0 0.0 0.007999274634110582 2.260024839653945 0.0
-0.001743258 -0.001788559 -7.362671 -7.219524 1.704806 0.9745508 0.2612814 19.28428 nan 0 0.0 0.002497577176193961 10.31166577429743 0.0
0.05933469 0.04110196 0.6953736 -0.442769 0.563889 0.4109451 -0.05937559 19.19479 1.196894 1 0.9748294 0.07218016731234211 0.8243717795618432 0.0
-0.01020025 0.0006268552 1.273215 -1.22283 1.12159 0.763911 -0.008062331 19.87322 0.7288609 0 0.0 0.010219493505270554 1.7653298969668532 0.0
0.006581451 0.01949773 3.86304 0.954028 3.71289 2.760116 -0.08990495 20.68838 nan 0 0.0 0.02057855613055253 3.979101339044282 0.0
-0.01055058 0.001138076 -0.4759151 -0.4865601 0.2936947 0.1944879 0.07688615 18.30331 0.9888649 0 0.0 0.010611783795299262 0.6806143646148088 0.0
0.02392902 -0.01158451 -0.3395391 -2.711174 2.4701 1.544262 0.5505116 20.5672 -0.0778141 0 0.0 0.026585689197395276 2.732352696616015 0.0
-0.0117973 0.003831448 -1.27565 1.880118 1.739909 1.113197 0.07820689 19.36362 0.6847668 0 0.0 0.012403881693514494 2.272031385439911 0.0
8.599303e-05 0.00299505 2.949494 -5.094397 0.5331847 0.3491257 0.0340638 18.27131 0.767128 0 0.0 0.002996284249484448 5.886628546939666 0.0
0.01412612 -0.001691809 1.138116 0.2091016 0.9459731 0.6718137 0.3664578 19.69171 0.9875908 0 0.0 0.014227068705354628 1.157165290085457 0.0
-0.005381295 0.03328395 3.132513 0.3287183 3.207608 1.750546 0.2640894 20.7704 0.4998913 0 0.0 0.03371616323782297 3.149713227569121 0.0
0.01498747 -0.002546124 0.2261656 0.4737511 0.6630761 0.4293532 0.5043997 18.931 0.8517971 0 0.0 0.015202203933123512 0.5249676022142414 0.0
0.006912345 0.03590478 -3.328539 -3.363386 2.66036 1.464963 0.2406852 20.64547 0.1280041 0 0.0 0.036564104532278985 4.7319697018807085 0.0
-0.01895015 -0.006253064 -0.4080425 -0.3077689 0.8253513 0.574731 0.05610035 19.79237 0.7834415 0 0.0 0.019955174627414213 0.5110972291193331 0.0
-0.006952023 -0.003172975 -0.2901014 -0.5108148 0.4455106 0.2872457 0.1008317 18.79206 0.9073963 0 0.0 0.00764188420110865 0.587444109835991 0.0
0.01451792 -0.0007838318 -0.6354658 0.1635885 1.247826 0.8438236 0.1661924 20.10626 0.601038 0 0.0 0.01453906439276927 0.6561844102856224 0.0
0.01904502 -0.006539141 0.009257256 -0.168484 0.2687086 0.1742808 0.1352126 18.13917 1.166031 0 0.0 0.020136363917507078 0.16873812564044186 0.0
-0.02234691 0.03352377 -0.6165065 0.5528086 0.9374679 0.6336149 0.0512891 19.96563 0.8241386 0 0.0 0.040289298102113916 0.8280565275246672 0.0
0.01247429 0.002584158 2.064898 -0.9658108 0.9370154 0.6357602 0.02675008 19.71803 0.7387772 0 0.0 0.012739143753528494 2.2796039681928613 0.0
0.001196156 0.02568106 -0.1319262 -0.5828377 0.5047621 0.3577445 0.03912309 19.10428 1.063194 0 0.0 0.02570890180268181 0.5975820502556365 0.0
0.0004661221 -0.004535161 -3.151404 -2.73958 0.5519947 0.3729723 -4.28703e-05 18.36672 0.8517265 0 0.0 0.004559051996635859 4.175720985364802 0.0
0.01300286 0.002462182 -7.615702 -4.48682 2.470305 1.69118 0.4946353 20.46999 nan 0 0.0 0.013233922637703607 8.839144226971523 0.0
0.01232759 -0.007627813 -0.3644901 -0.7576535 0.244919 0.156935 0.2386573 17.77464 1.302307 0 0.0 0.014496655006278827 0.8407686120807912 0.0
-0.006209761 -0.004832437 0.4346361 -0.2167421 0.2086126 0.1270462 0.1607383 17.26279 1.326118 0 0.0 0.007868518223661301 0.4856806330662362 0.0
0.009215992 -0.01356777 1.255806 -0.8860566 0.6240207 0.4288873 -0.1223397 19.1562 0.8428421 0 0.0 0.01640179536870778 1.5369271316622528 0.0
0.01276109 -0.007131825 -5.173126 2.879224 2.893132 1.812773 0.6418859 20.44035 0.6381397 0 0.0 0.014618766904863247 5.920402305084681 0.0
-0.006209725 -0.004424265 0.2777674 -2.718384 2.070166 1.372563 0.05841025 20.32196 nan 0 0.0 0.007624618375095898 2.7325384352207673 0.0
-0.004084089 -0.01585325 -0.2144414 1.098669 2.602712 1.793336 0.6139508 20.57554 nan 0 0.0 0.016370867983171233 1.1194010387680366 0.0
0.01132812 0.002446637 -1.842426 -0.3295601 0.6632895 0.45848 0.1528247 18.49633 0.9968033 0 0.0 0.0115893198827269 1.8716686205063144 0.0
0.02712434 -0.02614788 2.73901 1.701292 1.214323 0.7627643 0.1461783 20.16329 0.91852 0 0.0 0.037675475430709565 3.2243712952084165 0.0
0.01397298 -0.008211157 2.746904 -1.606928 1.952565 1.131533 0.2175287 20.35413 0.4685917 0 0.0 0.016207012968435887 3.182404622671353 0.0
-0.005634247 -0.01250384 1.399021 -0.2083578 2.174069 1.471876 0.1283428 20.79149 0.4727993 0 0.0 0.013714618259456185 1.4144513887941996 0.0
-0.003565715 0.01534331 0.4513713 -2.048402 2.359414 1.85885 -0.1090965 20.78494 0.4297104 0 0.0 0.015752189854662275 2.0975430398606103 0.0
-0.001458187 -0.002192923 0.4341406 -1.505177 0.4947141 0.3308571 -0.00470612 17.5799 nan 0 0.0 0.002633480702586977 1.566536262554225 0.0
0.01305064 0.001008791 -0.800625 0.01639927 0.9373815 0.648628 0.08428856 19.91123 0.2089787 0 0.0 0.013089570798589273 0.8007929362085638 0.0
0.01070425 0.004422553 -0.2327051 0.8067594 1.062955 0.7375076 0.1112447 19.96457 nan 0 0.0 0.0115818799467232 0.8396501611113821 0.0
-0.002954643 0.003033258 -1.031404 1.052939 1.054915 0.8270525 -0.3262323 19.47585 nan 0 0.0 0.0042344503010441625 1.473931731437043 0.0
0.02984973 0.005976785 -0.09688486 -0.6435628 0.6334157 0.4055758 0.539881 18.87861 1.196732 0 0.0 0.03044221312600523 0.6508146845616343 0.0
-0.02309499 0.01491973 0.4362168 -0.7779867 0.6757435 0.4573639 0.02398959 19.5738 0.8629017 0 0.0 0.02749503421298108 0.8919352005494178 0.0
-0.01875032 0.008238918 1.085608 0.5754258 0.7909243 0.4596233 0.05474499 19.52402 1.102051 0 0.0 0.02048058275325983 1.2286820503977582 0.0
0.02523703 0.03512691 0.4304826 -2.718015 2.056118 1.338762 0.1344971 20.49869 -0.2302227 0 0.0 0.043252832154311 2.751894040316189 0.0
0.008019496 0.008847248 1.681086 1.500603 2.622535 1.485922 0.03471566 20.46966 nan 0 0.0 0.011940942729429698 2.253410637900913 0.0
0.006897995 0.0003022086 -2.255344 -1.079611 2.61147 1.643694 0.2910303 20.4726 nan 0 0.0 0.006904611868739542 2.500427257421619 0.0
0.02453297 -0.04043486 -1.221701 -3.674094 1.150179 0.8552196 -0.03279035 20.23476 1.683582 0 0.0 0.04729529067719639 3.871888435148539 0.0
-0.004408854 0.01561039 -2.128504 -4.042158 2.232381 1.553214 0.1170785 20.7991 0.9525852 0 0.0 0.016221044033767246 4.568322512146007 0.0
-0.008477351 0.005726879 0.03528552 -0.1067659 0.3917922 0.2569971 0.07897281 18.57763 1.06958 0 0.0 0.010230475211730978 0.1124456549826644 0.0
-0.0004128164 0.01077322 2.411734 0.5420336 1.593348 1.000824 0.1159457 20.43276 0.7995949 0 0.0 0.010781126404439796 2.4718942757094124 0.0
-0.002621682 0.01362284 -0.07314039 0.4055646 3.375818 1.613608 0.309747 20.72326 0.05739975 0 0.0 0.01387281464500712 0.4121069781288738 0.0
0.02740117 -0.01989167 6.003873 -4.268169 0.2327421 0.1525477 0.1653903 16.13154 0.9400387 0 0.0 0.033860045079086944 7.366393799729281 0.0
0.01841762 -0.01499649 -3.155548 1.198762 1.707807 1.19716 0.01503708 20.54875 -0.3493614 0 0.0 0.02375086185350965 3.3755760268357164 0.0
0.0222576 0.033642 -3.087578 -0.6775777 1.433641 0.8985904 0.2055038 20.30911 0.6332054 0 0.0 0.04033838025702073 3.161051952376185 0.0
0.0002879301 -0.001864874 2.511442 1.65357 1.448512 0.9991476 0.1044602 19.12928 nan 0 0.0 0.0018869707942525263 3.0069311040102003 0.0
0.0188603 -0.004277075 -1.43851 -1.052043 1.178807 0.7232012 0.1825941 20.01112 0.7787418 0 0.0 0.01933919043408035 1.7821631502051094 0.0
0.0235828 0.01144852 4.633942 -5.620797 0.4217916 0.2748901 0.1333279 18.68737 1.089066 0 0.0 0.026214825309934835 7.284694734480848 0.0
-0.006174612 -0.01044767 -2.597386 -1.054559 1.757606 1.20826 0.01632861 20.51903 nan 0 0.0 0.012135882406295966 2.803303179728693 0.0
0.001867349 0.01317269 0.7198797 -0.3755212 0.2651359 0.1764341 0.0862474 18.10034 1.25428 0 0.0 0.013304388528748738 0.8119377772474502 0.0
0.01130539 -0.003935356 0.750065 -3.148683 3.348404 1.992132 0.5270353 20.72926 0.3827438 0 0.0 0.01197075059880691 3.236788862238932 0.0
0.01094768 0.004815504 -0.4427466 -0.8829492 0.8669618 0.5988308 0.09967313 19.67575 0.7663174 0 0.0 0.011959965558329002 0.9877367268620723 0.0
0.01083467 0.005929378 -0.5052889 1.477329 2.982561 1.87222 0.6043518 20.60999 1.024502 0 0.0 0.012351016050341121 1.5613512886932939 0.0
0.01136917 0.005723468 -5.709179 4.911147 2.017566 1.212788 0.3076789 20.31289 0.4642029 0 0.0 0.012728555001881556 7.530875759807089 0.0
-0.006873548 0.009903799 0.3184761 -0.9021811 0.8596403 0.6129556 -0.1307754 19.75303 0.7148857 0 0.0 0.012055326488349661 0.9567433111699396 0.0
-0.0004009355 0.01159338 -0.1237181 -0.2495564 1.46365 0.8152449 0.3430786 20.26491 0.6618404 0 0.0 0.01160031073288816 0.27854006004266246 0.0
0.01107824 0.005376285 0.5577379 -0.6260963 2.657057 2.607583 -0.4424176 20.49076 nan 0 0.0 0.01231388817144386 0.8384915872983462 0.0
0.01255902 -0.00639181 -3.904776 -1.638947 2.179374 1.422801 0.6381617 20.26168 0.5624065 0 0.0 0.014091991287128304 4.234787229482138 0.0
-0.01152498 -0.001486285 0.02790436 -0.5413502 0.3167614 0.2100301 0.0787482 18.34431 1.054007 0 0.0 0.01162042198466239 0.5420688999998521 0.0
-0.01676581 -0.01218165 -1.490924 0.2368688 1.384943 0.8211252 0.1928129 20.26589 0.7979431 0 0.0 0.020724019438289474 1.5096228675366041 0.0
0.005976197 0.01524429 -0.4437335 0.07306303 0.5774513 0.4097368 0.01571909 19.31349 0.9048462 0 0.0 0.016373860515678917 0.44970837814636155 0.0
-0.02165604 0.04097366 1.776303 -0.05090667 1.782666 1.264401 -0.1101551 20.52465 0.2053852 0 0.0 0.046344631644638194 1.777032311709466 0.0
0.002058361 -0.02135032 -0.08410867 -0.190949 0.8531508 0.5552436 0.0782653 19.78126 0.9396725 0 0.0 0.02144931267217486 0.20865231599521944 0.0
0.007990064 0.006543168 1.371837 -1.614871 1.727089 1.141257 0.1768972 20.29855 nan 0 0.0 0.01032735058959073 2.1189018620998 0.0
0.00856695 -0.000563546 -1.84022 -0.3817265 1.964549 1.295205 0.6141714 20.10022 nan 0 0.0 0.008585465415259444 1.879394788010824 0.0
0.01536401 -0.01350948 -1.675645 -0.8508155 1.349383 0.9337118 -0.01007434 20.36402 0.4839039 0 0.0 0.02045871093569925 1.879274642266332 0.0
0.04410659 -0.08751019 1.001672 -4.084057 0.2147052 0.1487773 0.04156688 17.70048 0.9703884 1 0.0 0.09799706442166622 4.205100281186288 0.0
-0.01501826 0.02148266 0.8299157 -0.1779417 0.5765954 0.3475447 0.02034735 19.12594 0.9744415 0 0.0 0.026211692316658992 0.8487775431203278 0.0
0.0138279 0.004804562 -0.3633299 -0.4415533 0.3994328 0.2620999 0.1410087 18.66834 nan 0 0.0 0.014638805771709795 0.5718198431104853 0.0
-0.004463199 0.001187024 -3.779697 -0.2935165 1.177246 0.7336712 0.1076596 18.88319 nan 0 0.0 0.004618351577151419 3.7910765420367407 0.0
0.008915542 0.01387131 0.1317004 -0.8638955 0.2483082 0.1664956 0.09102468 17.95747 1.271009 0 0.0 0.016489394478569067 0.8738766676599222 0.0
0.02326407 0.02370885 -0.6953987 0.1522474 0.5039765 0.3343346 0.08899535 19.09577 1.068897 0 0.0 0.03321635924190669 0.7118698074567077 0.0
-0.001808541 6.538557e-05 0.2135428 -0.7089979 0.6816609 0.4710606 -0.07337277 19.11276 nan 0 0.0 0.0018097225813492037 0.7404583375425318 0.0
0.01377661 -0.006345808 -7.647156 0.311323 3.610528 2.438965 0.4370946 20.749 -0.1503506 0 0.0 0.015167869404269143 7.6534905042513115 0.0
-0.00565478 0.02801969 2.221414 -1.282762 3.316788 1.494999 0.3035779 20.68086 0.798296 0 0.0 0.028584603627556215 2.565181963923807 0.0
-0.0142486 0.01064876 0.4542586 -0.1569998 0.4477212 0.3011863 0.0605095 18.98032 0.9465733 0 0.0 0.017788161554741964 0.4806243989582718 0.0
-0.007041615 -0.008250329 -0.2981594 0.3313949 0.7943167 0.5243606 0.002375173 19.62054 0.8399963 0 0.0 0.01084676313083613 0.44578201798005496 0.0
0.01320449 0.004003357 -10.61711 -2.701085 3.214111 2.626606 0.335382 20.61108 nan 0 0.0 0.013798022446334438 10.955313091341798 0.0
0.03001405 -0.003445449 -0.2765218 -1.415246 1.459313 0.9342207 0.103485 20.30299 0.3258228 0 0.0 0.030211162112936025 1.4420074709900916 0.0
