jas1101finalproject/data/gcs/NGC_6304.ecsv
# %ECSV 0.9
# ---
# datatype:
# - {name: x, unit: deg, datatype: float64}
# - {name: y, unit: deg, datatype: float64}
# - {name: pmx, unit: mas / yr, datatype: float64}
# - {name: pmy, unit: mas / yr, datatype: float64}
# - {name: pmx_e, unit: mas / yr, datatype: float64}
# - {name: pmy_e, unit: mas / yr, datatype: float64}
# - {name: pm_corr, datatype: float64}
# - {name: g_mag, unit: mag, datatype: float64}
# - {name: bp_rp, unit: mag, datatype: float64}
# - {name: filter, datatype: int64}
# - {name: memberprob, datatype: float64}
# - {name: r, unit: deg, datatype: float64}
# - {name: pm, unit: mas / yr, datatype: float64}
# - {name: member_prob_GMM, datatype: float64}
# meta: !!omap
# - comments: [deg deg mas/yr mas/yr mas/yr mas/yr dimless mag   mag   zeroone float]
# - __serialized_columns__:
#     bp_rp:
#       __class__: astropy.units.quantity.Quantity
#       unit: &id001 !astropy.units.Unit {unit: mag}
#       value: !astropy.table.SerializedColumn {name: bp_rp}
#     g_mag:
#       __class__: astropy.units.quantity.Quantity
#       unit: *id001
#       value: !astropy.table.SerializedColumn {name: g_mag}
#     pm:
#       __class__: astropy.units.quantity.Quantity
#       unit: !astropy.units.Unit {unit: mas / yr}
#       value: !astropy.table.SerializedColumn {name: pm}
#     pmx:
#       __class__: astropy.units.quantity.Quantity
#       unit: !astropy.units.Unit {unit: mas / yr}
#       value: !astropy.table.SerializedColumn {name: pmx}
#     pmx_e:
#       __class__: astropy.units.quantity.Quantity
#       unit: !astropy.units.Unit {unit: mas / yr}
#       value: !astropy.table.SerializedColumn {name: pmx_e}
#     pmy:
#       __class__: astropy.units.quantity.Quantity
#       unit: !astropy.units.Unit {unit: mas / yr}
#       value: !astropy.table.SerializedColumn {name: pmy}
#     pmy_e:
#       __class__: astropy.units.quantity.Quantity
#       unit: !astropy.units.Unit {unit: mas / yr}
#       value: !astropy.table.SerializedColumn {name: pmy_e}
#     r:
#       __class__: astropy.units.quantity.Quantity
#       unit: &id002 !astropy.units.Unit {unit: deg}
#       value: !astropy.table.SerializedColumn {name: r}
#     x:
#       __class__: astropy.units.quantity.Quantity
#       unit: *id002
#       value: !astropy.table.SerializedColumn {name: x}
#     y:
#       __class__: astropy.units.quantity.Quantity
#       unit: *id002
#       value: !astropy.table.SerializedColumn {name: y}
# schema: astropy-2.0
x y pmx pmy pmx_e pmy_e pm_corr g_mag bp_rp filter memberprob r pm member_prob_GMM
[from data line 2910]
-0.01564828 0.001496168 -2.031483 -5.505348 0.2481251 0.1542537 0.1664392 16.76231 1.665936 0 0.0 0.015719643305196974 5.868200727684168 0.0
-0.008661631 0.02094624 -4.035608 0.5671014 0.8143551 0.5835019 0.5115544 17.30971 nan 0 0.0 0.022666469105658275 4.075259001283962 0.0
-0.04051284 -0.01442373 -8.920152 -1.565767 2.117528 1.356731 0.3773589 19.13054 nan 0 0.0 0.043003885777665486 9.056530130319945 0.0
0.01071415 0.03467514 -4.122869 -0.7746034 0.1926696 0.1198701 0.1985949 16.36557 1.792412 0 0.0 0.036292676179114976 4.195004078478656 1.0
0.0199579 0.003326467 -2.951242 -7.992281 0.3212296 0.2115837 0.1418315 16.00653 1.168569 0 0.0 0.020233219099097626 8.51976437030538 0.0
-0.03399886 -0.02926051 -4.849212 -2.432601 0.5626722 0.3570576 0.1681663 18.89334 1.463179 0 0.0 0.044856436848680924 5.42516402020667 0.0
0.04153541 0.005946345 -1.155323 -5.828992 2.461124 1.51573 0.5512654 19.96023 nan 0 0.0 0.04195890016107578 5.9423832736026885 0.0
0.05500967 0.009483787 -3.663633 -1.39989 0.1199132 0.07404691 0.198246 16.05429 1.878309 1 0.2517479 0.05582119677479397 3.9219763858020613 0.0
0.06085893 -0.02966789 -5.184633 -6.362814 0.8178374 0.5305658 0.4272785 18.12875 1.705046 0 0.0 0.06770519225138497 8.20766844745114 0.0
-0.001592109 0.01154146 1.482172 -14.96241 0.9235696 0.5829129 0.4474218 17.65076 1.240511 0 0.0 0.011650755769454657 15.035642548480727 0.0
-0.0125123 -0.002909372 -0.2201326 2.015205 0.8893741 0.5108082 -0.03337031 18.66273 nan 0 0.0 0.012846092663700664 2.0271925299802582 0.0
-0.03477497 -0.01246847 -4.789356 -0.9112923 0.7065163 0.4777372 0.2154568 18.95664 nan 0 0.0 0.03694267562916634 4.875283022633177 0.0
0.03223515 0.006468526 -3.941934 -4.616011 0.7263529 0.4437568 0.3172231 18.74128 1.555317 0 0.0 0.03287775424409605 6.070123657099335 0.0
0.04629633 0.0156031 -2.364339 -3.891604 0.6762921 0.3990957 0.1164301 18.40172 1.238285 0 0.0 0.04885495779425973 4.553534956463714 0.0
0.07287024 -0.02314696 -0.9539583 -5.443804 1.350109 1.319406 0.2628698 19.30237 nan 0 0.0 0.07645818226258849 5.526756592121178 0.0
0.04043901 -0.01141962 -2.396402 -0.2372511 0.08850261 0.05422386 0.19678 13.85581 2.645651 1 0.0 0.04202048608386747 2.4081176528681505 0.0
-0.043011 -0.01246972 -0.9459191 -3.378134 1.684131 1.137708 0.4525341 19.55006 nan 0 0.0 0.044782139719740946 3.508069592482568 0.0
-0.01452284 -0.06427666 1.983186 -6.164388 1.279876 0.8161757 0.4666494 19.34153 1.234217 0 0.0 0.06589690358750705 6.475546781943591 0.0
0.009038701 0.02454728 -4.063823 -1.154739 0.1179347 0.07173993 -0.01621862 15.7909 nan 0 0.0 0.026158499023564045 4.224698750615244 1.0
-0.003291725 -0.02324099 -3.908001 -2.332557 1.057426 0.7005269 0.6296001 19.15332 0.9881325 0 0.0 0.023472943353054918 4.551185996446421 1.0
0.02452872 0.00514889 -5.326762 -2.135375 0.1409445 0.08688518 0.2322448 15.78218 1.735727 0 0.0 0.025063303315215654 5.738834358584415 0.0
0.03093218 0.003522078 -2.020157 -1.317583 0.6103351 0.3658451 0.2750796 18.76143 1.376314 0 0.0 0.031132054108113136 2.4118580527340328 0.0
0.06439285 -0.02809651 -3.232461 -8.327068 1.427573 0.970521 0.439444 19.61214 1.267317 0 0.0 0.07025562614696847 8.932461340142762 0.0
-0.01283241 0.007111798 -2.988494 -5.041186 0.6432008 0.426975 0.354967 18.32492 1.608665 0 0.0 0.01467134680937316 5.860431099725685 0.0
-0.004831973 -0.03419114 4.934759 -7.326616 1.775513 1.086432 0.5350464 19.30948 nan 0 0.0 0.0345308849810185 8.833524121183855 0.0
0.003376676 -0.005804011 -6.348735 -0.8636789 0.3978248 0.2804733 0.4758566 17.19285 nan 0 0.0 0.006714795938604315 6.40721291534238 0.0
0.07767152 0.002402237 -7.827921 -4.897485 1.394472 0.9386921 0.5179893 19.35322 nan 0 0.0 0.07770865950275148 9.233726577469467 0.0
0.04147808 -0.004296094 -7.543613 -5.885834 2.008421 1.128208 0.7992278 19.38612 1.306973 0 0.0 0.04169997055326582 9.568131425169964 0.0
-0.01846665 0.01135669 3.558494 1.837639 1.281553 0.8444328 0.5565114 19.18939 1.472269 0 0.0 0.02167928896386134 4.004971490829492 0.0
0.04042692 0.02492873 -11.50538 -2.706631 1.429878 0.8515668 0.4381507 19.35546 1.684389 0 0.0 0.04749502542476738 11.81945939180642 0.0
0.07112889 -0.006128351 -0.6111258 1.477303 1.463199 1.073182 0.2456579 19.48923 1.387554 0 0.0 0.07139240630915378 1.5987178916977942 0.0
0.07407432 -0.01130701 -3.802831 -4.975842 1.295456 0.7439771 0.7603439 19.05636 1.413986 0 0.0 0.07493232519148528 6.262629417706671 0.0
-0.01022724 -0.002973965 -2.849408 0.4933414 0.6389183 0.4160444 0.8565152 17.40508 nan 0 0.0 0.01065086408883453 2.891800768970428 0.0
0.04375542 0.03953764 -4.001655 -2.164137 0.4419713 0.2833707 0.1940748 18.32621 1.432598 0 0.0 0.05897255087026506 4.5493660760367485 0.0
0.06699574 0.01157848 -4.964722 -5.656162 0.3301359 0.2310628 0.5185301 17.71321 1.914755 1 0.0 0.0679888989266483 7.525997150380008 0.0
0.04127424 0.01713496 -10.64188 -5.651271 1.478521 0.8560084 0.4476112 19.41329 1.282434 0 0.0 0.04468970509836913 12.049334996166428 0.0
0.04704079 0.01637332 -5.646279 -6.033116 0.6715081 0.4148334 0.3051 18.66485 1.717396 0 0.0 0.0498088499329838 8.26310808444964 0.0
0.05253373 0.0006025757 0.1607593 2.885772 1.736508 1.060313 0.3943625 19.56563 1.833204 0 0.0 0.05253718573721979 2.890246285097602 0.0
-0.01688992 -0.04180084 -3.58871 -8.688235 0.1540801 0.09464208 0.2404234 16.68109 1.574925 0 0.0 0.045084139365324474 9.40022695892631 0.0
-0.0002634158 0.01656734 -3.982349 -1.108031 0.4189175 0.2547666 0.3371573 18.24834 1.4715 0 0.0 0.016569433984276277 4.133622655100729 0.0
-0.0344475 -0.03790667 -3.135256 -5.32328 0.5100829 0.3163317 0.397003 18.62549 1.468384 0 0.0 0.051220561171651566 6.177955984299014 0.0
-0.0126988 0.001204756 -3.449265 -0.6605815 1.073796 0.6892642 0.3285166 18.77726 nan 0 0.0 0.012755820571783533 3.5119505916751237 0.0
-0.01954582 -0.0423926 -3.632469 -5.451799 0.1963448 0.1239004 0.1711868 16.75236 nan 0 0.0 0.04668159823991034 6.551102454729433 0.0
0.07517376 -0.0334426 -2.452622 -1.918977 0.7101566 0.4354813 0.690207 18.52841 nan 0 0.0 0.0822769815154737 3.114133491264143 0.0
0.001171454 -0.001159568 -5.530945 -2.424886 0.3743711 0.2363434 0.2369679 15.34614 1.367168 0 0.0 0.001648302891079185 6.039157615596814 0.0
0.002420533 0.009370882 -4.230259 -1.104717 0.1426514 0.08411719 0.353326 15.79953 1.715192 0 0.0 0.009678450777991952 4.3721265829307825 0.0
0.0003478345 0.02096377 -5.012797 0.7143362 0.9797361 0.6898978 0.5904218 18.2374 nan 0 0.0 0.02096665546653281 5.063438551996009 0.0
0.02231797 -0.01863333 -4.287698 -1.292854 0.07028376 0.04312725 0.2108548 14.09084 2.234459 1 0.9747491 0.029073919099595086 4.478373097958677 0.0
-0.009401023 -0.03031191 2.914821 -1.437616 1.205764 0.7721025 0.4914035 19.41261 nan 0 0.0 0.031736274533956076 3.250064803276544 0.0
-0.03349778 -0.01831025 -7.884698 -4.180999 0.7575911 0.5249623 0.06049437 18.80676 1.504238 0 0.0 0.038175470134510454 8.924640899734005 0.0
0.04325184 -0.01935917 -1.895819 -8.659933 1.245904 0.783532 0.7637276 19.1754 nan 0 0.0 0.0473866977798042 8.865019415954485 0.0
0.008241776 0.02947784 -0.8371679 -1.177507 0.3404526 0.2023375 -0.03711033 16.69368 1.835744 0 0.0 0.030608330936197355 1.4447743172687595 0.0
0.02713446 0.01129943 -7.342065 -4.183016 0.6061958 0.3658479 0.1896469 18.58248 1.525042 0 0.0 0.02939312909195787 8.45006161637186 0.0
0.04140126 0.002778294 7.08327 -1.115543 1.904284 1.080742 0.6997257 19.59483 1.131273 0 0.0 0.04149437609047805 7.170575296149466 0.0
-0.01596718 0.001765055 -6.914422 -1.514209 1.119864 0.7549818 0.6586181 19.08511 nan 0 0.0 0.016064440740512102 7.0782808993261215 0.0
-0.009374987 -0.02460703 -4.239933 0.7091686 1.293883 0.8063779 0.1310144 19.47614 nan 0 0.0 0.026332419309115312 4.298831463050739 1.0
0.01071044 -0.0005116281 -3.82421 -1.595785 0.2799211 0.1696818 0.3390642 16.19641 nan 0 0.0 0.010722653044200843 4.143804036187643 0.0
0.07261185 -0.01301112 1.33764 -1.393151 0.3374627 0.235621 0.4472725 17.73409 1.654257 0 0.0 0.07376835367606424 1.9313597485711977 0.0
0.05139506 -0.04409174 -0.9230575 0.2425084 1.978522 1.207118 0.853914 19.51919 1.143469 0 0.0 0.0677165690849086 0.9543822464698355 0.0
0.03056509 0.01983765 3.005398 4.154907 1.643278 1.24219 0.277101 19.31917 nan 0 0.0 0.03643840123044094 5.127930315151816 0.0
0.06903104 -0.0434499 -7.20565 -11.20353 2.084063 1.398555 0.7297657 19.99923 nan 0 0.0 0.08156701719133537 13.32067852563825 0.0
0.07376885 -0.02947619 -0.6375094 -3.411973 0.1097201 0.0712985 0.2073205 13.20509 2.903695 1 0.0 0.0794398452115725 3.471019733135691 0.0
-0.02818487 -0.01704215 -4.445041 -1.32953 0.1455774 0.0854965 0.2605028 16.35197 1.770243 1 0.930693 0.03293663269885676 4.639616310922811 0.0
-0.03318002 -0.01514776 -0.5400463 1.855075 0.7623552 0.4818644 -0.1772267 18.74194 nan 0 0.0 0.03647421500482224 1.932085210793947 0.0
0.05622332 -0.05414412 -0.01685245 -0.2779685 0.07249324 0.04622341 0.1638501 14.66868 1.823377 1 0.0 0.07805541263997519 0.278478889798226 0.0
-0.009348361 -0.02527841 -0.5502639 -1.796049 1.676827 1.276215 0.07063703 19.63361 nan 0 0.0 0.026951620832788906 1.8784521207750307 0.0
0.03769371 -0.03502773 -7.212376 -6.486651 0.7110653 0.4280378 0.3102471 18.64498 1.506023 0 0.0 0.051456366394421985 9.700258180129898 0.0
0.02646451 -0.01016188 -3.686813 -6.137555 0.1255311 0.0786037 0.05290471 16.05979 1.63497 0 0.0 0.02834844078030571 7.159760573859575 0.0
0.04434227 -0.0165711 -2.150786 -10.33942 0.7116839 0.4595127 0.3741119 18.60672 1.471222 0 0.0 0.04733749321587383 10.560752168013224 0.0
0.07018546 -0.02562843 -5.249842 -4.978647 0.393328 0.2510553 0.2356457 18.248 1.492556 0 0.0 0.0747182388689435 7.23517566998708 0.0
-0.02970432 0.0005374442 -4.574374 -0.6464893 0.9881663 0.5838848 0.5157516 19.17407 nan 0 0.0 0.029709181626738114 4.619831805043392 0.0
-0.01790791 0.007507758 -5.003603 -1.299752 1.004205 0.6623766 0.6491037 19.07989 nan 0 0.0 0.019418024378259083 5.169661327699621 0.0
-0.03347331 -0.01197022 -3.650768 -1.370311 0.973118 0.6419952 0.434345 19.04332 1.383089 0 0.0 0.035549242596776935 3.899469095472485 0.0
0.03632395 -0.003065785 1.02431 -4.183507 2.065318 1.342515 0.3830879 19.35012 1.595869 0 0.0 0.036453098376800906 4.307080425897454 0.0
-0.03609883 -0.02517188 -2.985683 -2.352086 0.3268849 0.2038086 0.2944569 16.42385 1.733275 0 0.0 0.04400851133705047 3.8008698383245116 0.0
0.03932924 0.004285924 -0.0314438 -3.096363 0.6308231 0.3659705 0.223356 18.87951 1.21406 0 0.0 0.0395620811322076 3.0965226529653296 0.0
0.02295709 -0.0118662 -4.613097 -1.298924 0.1627361 0.1019672 0.1939699 16.79463 1.81181 1 0.8802102 0.02584249762906248 4.792480306603773 0.0
0.07046528 -0.005223804 -4.382802 -4.926709 1.537431 0.961223 0.673381 19.76697 1.422338 0 0.0 0.07065864288046309 6.5940438989958965 0.0
0.04595131 0.01661034 -2.891993 -0.1666112 0.43035 0.266768 0.3067242 18.37759 1.616932 0 0.0 0.048861296397370586 2.896788360238704 0.0
-0.01522105 -0.01234349 -4.155397 -0.5891839 0.1187221 0.0733568 0.263673 15.76649 1.788017 0 0.0 0.01959699233256471 4.196958648310489 0.0
-0.01176878 0.001033207 -5.777667 -3.244645 1.534534 1.050102 0.3910763 18.42096 1.243797 0 0.0 0.011814046698453878 6.626398504384866 0.0
-0.009293343 -0.0458587 -0.2174323 -6.891595 0.950431 0.6194673 0.4718553 19.07444 1.347006 0 0.0 0.046790881481391745 6.895024180458564 0.0
0.005874771 0.003751691 -1.434621 -1.53528 1.053698 0.6869721 0.1487984 14.58087 nan 0 0.0 0.006970517890510145 2.1012429873865135 0.0
0.06917152 -0.03219855 6.767071 -2.618443 1.697939 1.131643 0.6731216 19.67481 1.374578 0 0.0 0.07629839972904347 7.255997082640675 0.0
-0.04003248 -0.01986902 -9.696738 -6.039129 1.138773 0.7549448 0.3467353 19.4657 1.068798 0 0.0 0.04469202849178811 11.42356366985736 0.0
-0.009587891 -0.0205177 -3.55604 -1.400177 1.091296 0.6465463 0.2976378 19.33715 nan 0 0.0 0.02264737660564422 3.8217687152585516 0.0
0.06584972 0.006440829 -3.899026 -5.348169 0.8164785 0.5807143 -0.09004962 18.57286 1.988113 0 0.0 0.06616396226259157 6.618558408085329 0.0
0.02213758 0.006892756 -5.428457 -1.72116 0.9433661 0.5792423 0.4903676 18.94894 nan 0 0.0 0.023185826134341992 5.694781571443192 0.0
-0.01524636 -0.02076444 0.6967761 -3.86098 1.189722 0.8435135 0.3908279 19.16606 nan 0 0.0 0.025760696065192025 3.9233485052861683 0.0
0.04308431 0.02403309 -4.656061 1.839547 0.5089792 0.3390742 0.3254236 18.05694 1.754959 0 0.0 0.04933403676088346 5.006279776533669 0.0
0.03196987 0.007901029 -2.856264 -5.447047 0.2385603 0.1503756 0.1892277 16.5158 1.691772 0 0.0 0.0329317300953919 6.150493074372575 0.0
-0.01280085 -0.03237604 -3.469044 -6.946404 0.1661616 0.1032895 0.2280253 16.52539 1.882552 0 0.0 0.03481479178171399 7.764457148130319 0.0
0.00284507 -0.01341622 -3.781253 -0.828713 0.3844149 0.2387662 0.295784 18.21989 1.552519 0 0.0 0.013714568253988165 3.870999804492116 0.0
-0.01230121 0.009250002 -5.06028 -8.825042 1.121278 0.7982005 0.3428781 18.86781 nan 0 0.0 0.015390981270344786 10.172895358754262 0.0
0.02283056 0.01617185 -5.021746 -4.909617 0.8980725 0.5369837 0.1696328 18.87946 nan 0 0.0 0.027977905610250743 7.022981701186826 0.0
0.05947002 0.002637702 -1.186136 -3.581235 1.391643 0.915711 0.7159139 19.44532 1.402067 0 0.0 0.05952848688351825 3.7725538744623646 0.0
0.006751176 -0.003370403 -3.986699 -1.186534 0.2533677 0.1640208 0.5387404 12.87311 3.467711 1 0.9929444 0.007545726854676427 4.1595230315214025 0.0
0.08050391 -0.01118793 -1.984223 0.8372629 0.684095 0.4361802 0.3194655 19.09245 1.338688 0 0.0 0.08127760640528853 2.1536364775526557 0.0
0.03980616 0.0007685866 -6.190891 -3.454756 1.842094 1.159671 -0.08261903 19.41226 nan 0 0.0 0.039813579333027815 7.089602978546612 0.0
-0.03961075 -0.01133919 -6.048264 -8.3527 1.015005 0.6759256 0.4472482 19.30701 1.439823 0 0.0 0.04120180512330255 10.31256974297367 0.0
0.05149239 -0.009362788 -8.161439 -8.642485 0.1647399 0.1017344 0.2045995 16.78251 1.739727 1 0.0 0.052336679556932574 11.887036364289713 0.0
0.0009056284 -0.01427831 0.5248305 1.327256 0.4719949 0.326849 0.531471 17.65846 1.596464 0 0.0 0.014307001756307523 1.427254547467357 0.0
0.02357362 0.01165127 -5.998616 -6.167489 0.9035969 0.5297373 0.3549693 18.56964 1.41287 0 0.0 0.0262957725217819 8.603564056864863 0.0
0.0416244 -0.03618893 -1.648933 -0.2483783 0.09884191 0.06671865 0.05987297 15.58957 1.937255 1 0.0 0.05515640787709892 1.6675346528333046 0.0
0.05851325 -0.04369124 -5.42095 -4.81325 0.2060015 0.1340966 0.1953467 14.1975 4.47353 1 0.0 0.0730255084083644 7.249418905333034 0.0
0.07041558 -0.0002722916 -3.549841 -6.50669 1.146106 0.6999436 0.6117585 19.35642 1.699469 0 0.0 0.07041610646330733 7.412043300020649 0.0
-0.01586125 0.00405389 -3.922039 -0.4163916 0.2379369 0.2294315 -0.169821 16.51992 nan 0 0.0 0.016371111009781836 3.944080613029044 0.0
0.04198616 0.003558159 -3.745006 -7.963885 0.2444583 0.1505495 0.2440116 16.71511 1.798047 0 0.0 0.04213666013123111 8.800484886258314 0.0
-0.01200807 0.002238623 -2.172296 -8.564414 0.9323067 0.6431834 0.2670233 18.31881 1.231558 0 0.0 0.012214957145280085 8.83561299939127 0.0
0.02309238 -0.001108784 -2.078499 -1.691783 0.5967883 0.3650217 -0.006921574 18.25959 nan 0 0.0 0.023118983888204426 2.6799790693380423 0.0
0.04601411 -0.0206879 -5.759991 -2.231816 0.6899791 0.4497729 0.320262 18.50368 nan 0 0.0 0.050450842663944666 6.177256589938368 0.0
0.0741402 -0.03020888 -6.996412 -6.467092 0.6212227 0.436896 0.1923866 18.65272 nan 0 0.0 0.08005838923494776 9.527489690900117 0.0
0.0780948 -1.851412e-05 -9.863997 -5.899805 1.60079 0.9886977 0.8362185 19.35145 1.44869 0 0.0 0.07809480219459321 11.493743335138209 0.0
0.001091749 -0.0004843656 -8.475874 -3.358533 0.6062531 0.3855917 0.2161862 15.41123 nan 0 0.0 0.001194372602442119 9.117027145729303 0.0
0.07026016 0.005505177 -3.79066 -0.7751166 1.177199 0.7547162 0.747812 19.18764 nan 0 0.0 0.07047550678801061 3.869096661909025 0.0
