jas1101finalproject/data/gcs/NGC_6626_M_28.ecsv
# %ECSV 0.9
# ---
# datatype:
# - {name: x, unit: deg, datatype: float64}
# - {name: y, unit: deg, datatype: float64}
# - {name: pmx, unit: mas / yr, datatype: float64}
# - {name: pmy, unit: mas / yr, datatype: float64}
# - {name: pmx_e, unit: mas / yr, datatype: float64}
# - {name: pmy_e, unit: mas / yr, datatype: float64}
# - {name: pm_corr, datatype: float64}
# - {name: g_mag, unit: mag, datatype: float64}
# - {name: bp_rp, unit: mag, datatype: float64}
# - {name: filter, datatype: int64}
# - {name: memberprob, datatype: float64}
# - {name: r, unit: deg, datatype: float64}
# - {name: pm, unit: mas / yr, datatype: float64}
# - {name: member_prob_GMM, datatype: float64}
# - {name: member_prob_DB, datatype: float64}
# meta: !!omap
# - comments: [deg deg mas/yr mas/yr mas/yr mas/yr dimless mag   mag   zeroone float]
# - __serialized_columns__:
#     bp_rp:
#       __class__: astropy.units.quantity.Quantity
#       unit: &id001 !astropy.units.Unit {unit: mag}
#       value: !astropy.table.SerializedColumn {name: bp_rp}
#     g_mag:
#       __class__: astropy.units.quantity.Quantity
#       unit: *id001
#       value: !astropy.table.SerializedColumn {name: g_mag}
#     pm:
#       __class__: astropy.units.quantity.Quantity
#       unit: !astropy.units.Unit {unit: mas / yr}
#       value: !astropy.table.SerializedColumn {name: pm}
#     pmx:
#       __class__: astropy.units.quantity.Quantity
#       unit: !astropy.units.Unit {unit: mas / yr}
#       value: !astropy.table.SerializedColumn {name: pmx}
#     pmx_e:
#       __class__: astropy.units.quantity.Quantity
#       unit: !astropy.units.Unit {unit: mas / yr}
#       value: !astropy.table.SerializedColumn {name: pmx_e}
#     pmy:
#       __class__: astropy.units.quantity.Quantity
#       unit: !astropy.units.Unit {unit: mas / yr}
#       value: !astropy.table.SerializedColumn {name: pmy}
#     pmy_e:
#       __class__: astropy.units.quantity.Quantity
#       unit: !astropy.units.Unit {unit: mas / yr}
#       value: !astropy.table.SerializedColumn {name: pmy_e}
#     r:
#       __class__: astropy.units.quantity.Quantity
#       unit: &id002 !astropy.units.Unit {unit: deg}
#       value: !astropy.table.SerializedColumn {name: r}
#     x:
#       __class__: astropy.units.quantity.Quantity
#       unit: *id002
#       value: !astropy.table.SerializedColumn {name: x}
#     y:
#       __class__: astropy.units.quantity.Quantity
#       unit: *id002
#       value: !astropy.table.SerializedColumn {name: y}
# schema: astropy-2.0
x y pmx pmy pmx_e pmy_e pm_corr g_mag bp_rp filter memberprob r pm member_prob_GMM member_prob_DB
[from data line 16095]
-0.1258544 0.02851617 -3.630848 -8.027991 0.2320516 0.187572 -0.09140729 17.05469 1.140221 0 0.0 0.12904457350399862 8.81088512552428 0.0 0.0
-0.1226781 0.009167398 -4.081094 -1.277606 0.821467 0.7354354 0.2196347 18.96055 0.9684238 0 0.0 0.12302015040512836 4.276400978401347 0.0 0.0
-0.1302953 -0.01469562 -0.3582703 -2.689571 0.8498208 0.7413599 0.04256851 18.6788 1.38888 0 0.0 0.1311214187281178 2.7133281725407064 0.0 0.0
-0.09536093 0.02552412 -3.18338 -5.112085 0.5779666 0.4472443 -0.4649094 18.19586 0.9830875 1 0.0 0.09871771711420042 6.022235570917581 0.0 0.0
-0.09307961 0.01163082 -3.699034 -0.4269557 0.8128136 0.7031751 -0.01292489 18.91874 1.28784 0 0.0 0.09380346353746485 3.723592848703855 0.0 0.0
-0.1049467 0.0300177 0.5590309 -1.835686 0.1138009 0.09137926 -0.4846745 14.74806 0.9307432 1 0.0 0.10915526626865056 1.9189212171818857 0.0 0.0
-0.1269331 0.0002214474 -7.135786 -6.247348 0.504971 0.4052737 -0.3996045 18.22396 1.370743 0 0.0 0.12693329316834479 9.484134060150142 0.0 0.0
-0.1245483 -0.003409628 -0.4547964 -3.509723 0.2472603 0.2026846 -0.3329967 16.97763 1.629597 1 0.0 0.12459496216135059 3.539067010128794 0.0 0.0
-0.1023898 0.01912888 -0.9925887 -6.115811 0.7192726 0.6134885 -0.08885455 18.69107 1.199343 0 0.0 0.10416134212890309 6.195835417043345 0.0 0.0
-0.1130534 0.02150568 -5.881711 -3.739691 0.5926107 0.4835827 -0.2643035 18.54437 nan 0 0.0 0.11508069135968205 6.969922027038897 0.0 0.0
-0.07336941 0.0205743 -6.64531 -8.329912 0.1492454 0.1170802 -0.4017032 15.71353 2.168699 1 0.0 0.07619955475091766 10.655870631902586 0.0 0.0
-0.1316782 0.01002026 -6.159639 -8.061243 0.2447417 0.2039895 -0.04568899 17.21991 1.088417 1 0.0 0.13205890339430962 10.145185622519184 0.0 0.0
-0.1074486 0.04091414 -6.743535 -7.49978 0.9290506 0.7788922 -0.3768962 19.0008 0.9541397 0 0.0 0.11497464283005884 10.085730729333646 0.0 0.0
-0.03831598 0.03695137 0.2867045 -10.19875 0.7777253 0.61652 -0.3397602 18.53265 0.9724064 0 0.0 0.05323079999621741 10.202779083799681 0.0 1.0
-0.06643757 0.05587179 -0.8033078 -0.8379936 0.3577923 0.3218011 -0.1753357 17.21507 1.399633 0 0.0 0.0868078776684985 1.160834482250506 0.0 0.0
-0.09886407 0.04276952 -0.2675541 -2.494349 0.4994733 0.4008738 -0.3916317 18.19209 1.102509 0 0.0 0.1077187828467965 2.508657435806613 0.0 0.0
-0.05714452 0.02667875 -3.74306 -6.052762 0.09986359 0.07575914 -0.580368 14.20916 2.021332 1 0.0 0.06306545700772254 7.116630241360303 0.0 0.0
-0.126775 0.008005504 0.9970481 -3.065764 0.348496 0.3070376 -0.2427385 17.39238 1.49201 0 0.0 0.12702751166300164 3.2238197557260566 0.0 0.0
-0.04839266 0.02502309 -4.53013 -6.121472 1.040843 0.8516081 -0.2368601 18.81036 nan 0 0.0 0.0544793958760897 7.615411824956284 0.0 0.0
-0.1077125 0.02586111 0.9020614 -5.053162 1.442188 1.218212 -0.09520487 19.77765 1.485476 1 0.003002026 0.11077355129579489 5.133045973650924 0.0 0.0
-0.1171622 0.0032428 -6.028686 -5.031959 0.5976179 0.4934928 -0.1901866 18.80984 1.058809 0 0.0 0.11720706830511546 7.852748962260095 0.0 0.0
-0.05698907 0.04994847 0.05553681 -8.918378 0.6021531 0.4883405 -0.002541894 18.07318 1.20999 0 0.0 0.07577996935078425 8.918550918627364 1.0 0.0
-0.08418927 0.04977654 -2.621579 -11.5128 1.118456 0.9770501 -0.1653654 19.21524 1.036541 0 0.0 0.09780356393048517 11.807507793486355 0.0 0.0
-0.03624018 0.04173944 6.12002 -2.547899 0.3445534 0.2884435 -0.2135482 17.5694 1.301807 0 0.0 0.0552768622295622 6.6292106705550555 0.0 0.0
-0.1249813 -0.01337597 -3.258749 -0.5068604 0.6715688 0.5729983 -0.08889977 18.87074 1.124563 0 0.0 0.12569503539571839 3.297931550243146 0.0 0.0
-0.1075428 0.02175665 -1.46146 -6.192153 0.7348583 0.6074718 -0.2436888 18.85469 nan 0 0.0 0.10972149129073346 6.362281360251918 0.0 0.0
-0.1264216 0.04154088 -3.206202 -4.785907 0.1021534 0.0819493 -0.2133498 15.1547 1.716254 1 0.0 0.13307165610202046 5.760610825030016 0.0 0.0
-0.1228512 -0.0116782 -2.186911 -6.180628 0.4679874 0.3900265 -0.1351199 17.95883 1.293823 0 0.0 0.1234050148765438 6.556122497048465 0.0 0.0
-0.05982453 0.01369034 0.1628403 -9.203705 0.6022961 0.4619985 -0.6003605 18.34249 nan 0 0.0 0.0613710012875503 9.205145446451624 1.0 1.0
-0.04842818 0.045014 0.05688627 -8.08332 1.393601 1.213413 0.04989773 19.08301 1.090212 0 0.0 0.06611768911654732 8.083520165751708 0.0 0.0
-0.06519246 0.005941885 -3.455913 -5.783984 0.9065433 0.763467 -0.05574557 18.87924 1.189487 0 0.0 0.06546268279107438 6.737789368615273 0.0 0.0
-0.06824511 0.01836852 -3.290478 -3.111492 0.4959237 0.417442 -0.1323565 17.95226 nan 0 0.0 0.07067388178034725 4.528645264816841 0.0 0.0
-0.1253396 0.0123748 12.50003 -3.263585 1.516496 1.18846 -0.1580189 19.01248 1.544415 0 0.0 0.125949001596678 12.919045516334595 0.0 0.0
-0.0798879 0.03730343 -5.613831 -4.989887 0.4169556 0.3291482 0.03755734 17.64316 1.563286 1 0.0 0.08816814876232176 7.510930086835452 0.0 0.0
-0.1079088 0.02864758 -2.478865 -8.378729 0.9828813 0.7926805 -0.09120408 18.98971 nan 0 0.0 0.1116467328554508 8.737726897979016 0.0 0.0
-0.1230686 -0.01575823 -1.914248 -8.241696 0.8271951 0.6735027 -0.1955524 19.03662 0.8861732 1 0.1196771 0.12407337393128673 8.46108139435616 0.0 0.0
-0.05599164 0.04935383 -0.7890372 -9.635912 1.247123 0.9812131 -0.2732256 18.86208 1.505629 0 0.0 0.07463822268488512 9.66816320583842 0.0 0.0
-0.1260106 -0.008414088 1.786573 -1.692389 1.530562 1.416635 0.2826106 19.45657 nan 0 0.0 0.12629120392660664 2.4608989438109807 0.0 0.0
-0.1136551 0.04356362 -3.918035 -2.527106 0.9432061 0.8223254 -0.161619 18.90343 1.197922 0 0.0 0.12171799679387761 4.662323776451073 0.0 0.0
-0.09703104 0.03637373 -8.42862 -5.564969 0.2458059 0.1939347 -0.4165784 17.00381 1.152057 0 0.0 0.10362466384792039 10.10002549874806 0.0 0.0
-0.1080283 0.03869158 4.15464 -6.596478 1.507025 1.250685 -0.1959903 19.52942 nan 0 0.0 0.11474821115723939 7.795803713157739 0.0 0.0
-0.07263855 0.0492727 -0.1785695 -6.08978 0.2050614 0.1557122 -0.3141337 14.0567 3.47506 1 0.0 0.08777333257540412 6.09239751778643 0.0 0.0
-0.03524274 0.04051139 -1.031029 -1.40909 0.6455063 0.512791 -0.3243163 18.40327 1.230734 0 0.0 0.053695655712913126 1.7460112906109742 0.0 0.0
-0.07067765 0.01076828 -1.888435 -9.541596 0.7745108 0.6324131 -0.3769025 18.7038 nan 0 0.0 0.07149325886879755 9.726676769402847 0.0 0.0
-0.1164938 -0.0008840727 1.694376 -4.500119 0.4996138 0.4153829 -0.04988211 13.92357 1.48445 0 0.0 0.11649715457031079 4.8085321090263085 0.0 0.0
-0.04313115 0.02564111 -0.6560986 -3.848979 0.7206439 0.7146401 0.2642807 18.13355 1.248648 0 0.0 0.05017731182870003 3.9044980106747347 0.0 0.0
-0.07047135 0.03750561 3.109921 -13.15517 1.430498 1.201285 -0.07585962 18.93691 nan 0 0.0 0.07983033228225096 13.517770021536133 0.0 0.0
-0.09280484 0.0514126 -3.072002 -8.762883 0.5919351 0.4700341 -0.4317057 18.32777 1.223471 0 0.0 0.10609426830034505 9.285758706734361 0.0 0.0
-0.1180983 -0.002373328 0.8523584 -2.9864 0.9796942 0.830489 -0.01269644 19.10793 1.204704 0 0.0 0.11812214503930067 3.105656098483952 0.0 0.0
-0.05751104 0.04067661 -6.385884 -4.663621 0.2098486 0.1659 -0.4575723 16.2166 1.52808 1 0.0 0.07044221974763216 7.907520173423334 0.0 0.0
-0.1298852 -0.009840981 2.852119 -6.50295 0.9218843 0.7592779 -0.3151757 18.68 nan 0 0.0 0.1302574761235698 7.1009113142371385 0.0 0.0
-0.1233725 -0.01639178 -1.066045 -5.870712 0.4825181 0.3987174 -0.1857211 18.46305 1.469742 0 0.0 0.1244566760275173 5.966716964040526 0.0 0.0
-0.03720762 0.03521602 -0.1201829 -8.222423 0.1972602 0.1576976 -0.435306 16.62308 1.757715 1 0.7167874 0.05123060658146456 8.223301278706831 0.0 1.0
-0.06543793 -0.001096362 -0.2461569 -6.223783 0.8444943 0.6808067 -0.1579695 18.72179 0.9696407 0 0.0 0.06544711370503627 6.22864897473815 0.0 0.0
-0.1238729 -0.01436667 -3.302266 -7.878321 0.3619329 0.3023685 -0.1300665 17.97251 1.258007 0 0.0 0.12470323396487719 8.542417837696597 0.0 0.0
-0.04075015 0.02760267 -4.831834 -4.000245 0.09931446 0.08038064 -0.4734179 13.97114 2.06174 1 0.0 0.049218717132320705 6.272844638884418 0.0 0.0
-0.1189897 0.003246776 -5.524602 -7.876313 1.033071 0.9989876 0.1539551 18.67297 1.515549 0 0.0 0.11903398783744153 9.620682602205157 0.0 0.0
-0.1242251 0.005549519 -0.3907266 -8.688746 0.1225459 0.1017882 -0.1901325 15.66786 0.5508232 1 0.9293212 0.12434899529606727 8.697526908751911 0.0 0.0
-0.1068392 0.008777744 0.6690283 -6.220013 0.911579 0.8239896 0.02801837 19.1362 1.209249 0 0.0 0.10719917651908309 6.255890071474234 0.0 0.0
-0.1222097 0.01151199 -6.118993 -8.466068 2.019065 1.567369 -0.1856069 19.85048 nan 0 0.0 0.12275070952076042 10.445878743058095 0.0 0.0
-0.118168 0.01266033 0.9669322 -3.803847 1.15361 0.9627334 0.03140292 19.15012 1.571926 0 0.0 0.1188442686026924 3.9248197256442037 0.0 0.0
-0.07497189 0.0145156 1.006074 -4.304477 0.7361854 0.5619158 -0.5224017 18.46656 nan 0 0.0 0.07636417310186826 4.420487205841117 0.0 0.0
-0.1203268 -0.01689231 0.3276827 1.418185 0.1918654 0.1381774 -0.1739048 16.14291 1.075286 1 0.0 0.12150674440283592 1.4555496027632622 0.0 0.0
-0.06404746 0.04061618 -3.103176 -5.377786 0.3212355 0.3092631 -0.005022263 16.822 1.78303 0 0.0 0.07584030069985219 6.208887464656772 0.0 0.0
-0.08386009 0.05451271 -3.118748 -6.002921 1.435063 1.105183 -0.3203684 19.38909 1.808636 0 0.0 0.10002074907913956 6.764735739091735 0.0 0.0
-0.1157365 0.01829694 0.02927443 -2.28168 0.1830641 0.1484506 -0.3153191 16.42944 1.53408 1 0.0 0.11717386844178868 2.281867790791532 0.0 0.0
-0.04853031 0.02292495 -1.231801 -10.29089 0.6293537 0.5226786 -0.2442979 18.37098 nan 0 0.0 0.05367256581530829 10.364349989058695 0.0 0.0
-0.1221914 -0.006972112 -3.516877 -1.480951 1.011647 0.8778507 -0.1550389 19.17819 nan 0 0.0 0.12239014903046955 3.8159716583761467 0.0 0.0
-0.1165041 0.009997346 -5.766348 -5.235701 1.004606 0.8302504 -0.08955968 19.07385 0.9785118 0 0.0 0.11693225493358843 7.7886670373373255 0.0 0.0
-0.125529 0.03528187 0.1855696 -2.754801 0.4680043 0.3680397 0.07813459 18.04702 1.58256 0 0.0 0.1303930220207236 2.761044118815409 0.0 0.0
-0.1145685 0.04283417 -2.182435 -6.816075 0.5306545 0.4188462 -0.4156019 18.33933 1.195009 0 0.0 0.12231397022351495 7.156947738725636 0.0 0.0
-0.08688357 0.02101377 0.8154824 -9.885261 0.8327808 0.6188229 -0.2240912 18.73117 1.131353 0 0.0 0.08938866407748691 9.918840485804314 0.0 0.0
-0.04399789 0.04883988 -1.714299 -8.748854 0.5572447 0.4527681 -0.2997008 18.31018 1.319818 0 0.0 0.0657354409954516 8.915226714712139 0.0 0.0
-0.1214958 0.04588695 -1.894423 -7.86732 0.4748107 0.3826355 -0.2232275 18.39161 1.423023 0 0.0 0.12987240506721395 8.092191451351667 0.0 0.0
-0.08800907 0.04606409 3.412469 -6.475055 0.6730923 0.5446975 -0.3669138 18.64872 1.150633 0 0.0 0.0993352746500104 7.319240529521216 0.0 0.0
-0.1240929 0.03938412 -0.1729564 -12.79602 1.393277 1.224745 0.1640038 19.68631 nan 0 0.0 0.13019276761243076 12.797188822421155 0.0 0.0
-0.07622368 0.02375784 -2.084847 -2.734507 0.2983417 0.2446953 -0.2352988 17.3095 1.509443 1 0.0 0.07984036794885153 3.438621169372689 0.0 0.0
-0.04394176 0.04677997 1.394666 -12.4533 1.209416 0.9915961 -0.1375516 18.21142 1.148598 0 0.0 0.06418133580020363 12.531152147410708 0.0 0.0
-0.1270293 0.03993046 -8.622058 -2.047147 1.524674 1.299498 -0.1816197 18.86175 nan 0 0.0 0.1331573681562594 8.861754622814436 0.0 0.0
-0.124438 0.0244931 0.7166672 -5.75952 1.236783 1.03078 -0.03531765 18.06386 1.360317 0 0.0 0.12682558019425735 5.803936810989231 0.0 0.0
-0.04396119 0.02351222 2.857659 -3.79684 0.7050327 0.6319843 0.172068 18.4304 1.343243 0 0.0 0.049853893684891855 4.7520741730197145 0.0 0.0
-0.05299005 0.02570213 2.381471 0.2077821 0.4196286 0.3260962 0.002224167 17.66384 1.280434 1 0.0 0.05889435359641363 2.3905182544631214 0.0 0.0
-0.1123688 0.03000355 -1.968681 -7.76419 1.001858 0.7756929 -0.2821532 18.56627 1.27243 0 0.0 0.1163054608607975 8.009890837949104 0.0 0.0
-0.1207578 -0.0007889827 -4.385294 -6.304763 1.393707 1.33078 0.3437128 19.28593 0.9187546 0 0.0 0.12076037741966898 7.6798984337427925 0.0 0.0
-0.05686886 0.02944835 -0.5703843 -8.99314 0.139124 0.1078629 -0.4472768 15.52302 1.476562 1 0.9840907 0.06404117859176313 9.01120998031266 0.0 0.0
-0.1221963 -0.002049247 -3.669378 -5.83133 1.229414 1.145369 0.2889259 19.37138 1.241774 0 0.0 0.12221348185432329 6.889756488859676 0.0 0.0
-0.09404824 0.0473719 0.2074186 -4.285859 0.6076099 0.5202723 -0.3881665 18.24285 1.137434 0 0.0 0.10530512027773199 4.290875183864821 0.0 0.0
-0.1250653 0.04233953 -3.345115 -7.377514 0.3719865 0.2721823 -0.896354 16.00104 1.076201 0 0.0 0.1320377410618301 8.100463393128877 0.0 0.0
-0.1300897 0.02668455 -5.183616 -4.392739 0.8411399 0.7569963 0.03525031 19.08083 nan 0 0.0 0.1327983254969448 6.794558908242462 0.0 0.0
-0.05817115 0.0308649 -5.379467 -4.872444 0.3276502 0.2704527 -0.2396125 17.36644 1.537043 0 0.0 0.06585229490558776 7.258055919957148 0.0 0.0
-0.06455691 0.008433216 -0.3225908 -7.33836 0.7183082 0.5864851 -0.3391362 18.53082 1.188688 0 0.0 0.06510540500489 7.345447046561879 0.0 0.0
-0.1159777 0.009700295 -2.255902 -3.428731 0.9187883 0.8456463 0.2541007 19.13399 nan 0 0.0 0.11638265601186899 4.10430141485308 0.0 0.0
-0.05404662 0.03536621 -3.512271 -5.968046 0.1706379 0.1340625 -0.327986 16.00873 1.828884 1 0.0 0.06458951883385183 6.924855279033419 0.0 0.0
-0.1019159 0.01539277 1.118026 -9.993414 0.5751515 0.4852078 -0.1212916 18.39445 1.210524 0 0.0 0.10307176160851671 10.05575981773988 0.0 0.0
-0.1065234 0.02791254 -1.441431 -3.748303 0.4273256 0.3515936 -0.2001523 18.24386 nan 0 0.0 0.1101196832396988 4.015905714477121 0.0 0.0
-0.1087043 0.02002757 -1.862242 -5.091712 0.8943428 0.7920912 0.202871 18.98986 1.125137 1 1.643534e-06 0.11053383372793554 5.421575080869766 0.0 0.0
-0.09648465 0.0105105 -0.4638641 -3.167016 0.6625198 0.549311 -0.0637368 18.73721 1.192719 0 0.0 0.09705543929050293 3.2008061871229896 0.0 0.0
-0.09414049 0.02298828 -2.794686 -4.171353 0.1854857 0.1468949 -0.3899152 16.4725 1.472803 0 0.0 0.09690661935491558 5.021001462776624 0.0 0.0
-0.07615987 0.01007456 -7.210374 -5.777989 1.407551 1.255878 0.03682912 18.89497 nan 0 0.0 0.07682332040214417 9.239840372214067 0.0 0.0
-0.09570829 0.04498644 -6.044022 -7.413945 0.1792544 0.1378726 -0.401978 15.38925 2.020562 1 0.0 0.10575375434752991 9.565395046703978 0.0 0.0
-0.03939759 0.04154774 0.5960935 -0.2364993 0.3987256 0.3340693 -0.1634841 17.7453 1.402771 0 0.0 0.057257181182063965 0.6412950800082128 0.0 0.0
-0.08022175 0.03961492 -6.358274 -4.964895 0.3980332 0.3401294 -0.4217747 17.55956 1.072275 0 0.0 0.08946994500763314 8.067083154405996 0.0 0.0
-0.08766323 0.02704997 -3.903738 -7.317839 0.5059712 0.3918935 -0.2740008 18.07315 1.289289 0 0.0 0.09174171772445619 8.293969978397861 0.0 0.0
-0.07513579 0.01081143 -0.4931886 -7.284339 0.6300273 0.5172954 -0.2954538 18.43454 1.212856 0 0.0 0.0759096433766422 7.301015659625103 0.0 0.0
-0.06575476 0.02196713 -4.672067 -5.03984 0.1912292 0.1578345 -0.1678909 16.3165 0.6054344 1 0.0 0.06932707453148806 6.872277444784152 0.0 0.0
-0.1205773 0.01283539 -3.824976 -5.965062 1.563836 1.234995 -0.05665658 19.6818 nan 0 0.0 0.12125853583044 7.086071271474765 0.0 0.0
-0.07146587 0.03310669 -1.769966 -6.392722 0.6612232 0.5244798 -0.4533382 18.53005 1.097977 0 0.0 0.07876181497155205 6.633225023353271 0.0 0.0
-0.06618741 0.05427548 -4.030225 -6.712563 0.1629127 0.1178622 -0.208738 15.70474 1.78224 1 0.0 0.08559556630888367 7.82950928089328 0.0 0.0
-0.08758977 0.04064179 -1.289529 -3.766484 0.4894926 0.3895966 -0.3778893 18.01898 1.312384 1 0.0 0.09655942679540408 3.981116271110026 0.0 0.0
-0.09772879 0.008098637 0.342687 -9.392453 0.6936016 0.532001 -0.4454909 18.52546 nan 0 0.0 0.09806377677879773 9.398702449656442 0.0 0.0
-0.08759436 0.0471325 0.1890894 -3.125913 0.6352879 0.4981431 -0.5925629 18.35093 1.191626 0 0.0 0.09946981682932567 3.1316268750860727 0.0 0.0
