jas1101finalproject/data/gcs/NGC_6352.ecsv
# %ECSV 0.9
# ---
# datatype:
# - {name: x, unit: deg, datatype: float64}
# - {name: y, unit: deg, datatype: float64}
# - {name: pmx, unit: mas / yr, datatype: float64}
# - {name: pmy, unit: mas / yr, datatype: float64}
# - {name: pmx_e, unit: mas / yr, datatype: float64}
# - {name: pmy_e, unit: mas / yr, datatype: float64}
# - {name: pm_corr, datatype: float64}
# - {name: g_mag, unit: mag, datatype: float64}
# - {name: bp_rp, unit: mag, datatype: float64}
# - {name: filter, datatype: int64}
# - {name: memberprob, datatype: float64}
# - {name: r, unit: deg, datatype: float64}
# - {name: pm, unit: mas / yr, datatype: float64}
# - {name: member_prob_GMM, datatype: float64}
# meta: !!omap
# - comments: [deg deg mas/yr mas/yr mas/yr mas/yr dimless mag   mag   zeroone float]
# - __serialized_columns__:
#     bp_rp:
#       __class__: astropy.units.quantity.Quantity
#       unit: &id001 !astropy.units.Unit {unit: mag}
#       value: !astropy.table.SerializedColumn {name: bp_rp}
#     g_mag:
#       __class__: astropy.units.quantity.Quantity
#       unit: *id001
#       value: !astropy.table.SerializedColumn {name: g_mag}
#     pm:
#       __class__: astropy.units.quantity.Quantity
#       unit: !astropy.units.Unit {unit: mas / yr}
#       value: !astropy.table.SerializedColumn {name: pm}
#     pmx:
#       __class__: astropy.units.quantity.Quantity
#       unit: !astropy.units.Unit {unit: mas / yr}
#       value: !astropy.table.SerializedColumn {name: pmx}
#     pmx_e:
#       __class__: astropy.units.quantity.Quantity
#       unit: !astropy.units.Unit {unit: mas / yr}
#       value: !astropy.table.SerializedColumn {name: pmx_e}
#     pmy:
#       __class__: astropy.units.quantity.Quantity
#       unit: !astropy.units.Unit {unit: mas / yr}
#       value: !astropy.table.SerializedColumn {name: pmy}
#     pmy_e:
#       __class__: astropy.units.quantity.Quantity
#       unit: !astropy.units.Unit {unit: mas / yr}
#       value: !astropy.table.SerializedColumn {name: pmy_e}
#     r:
#       __class__: astropy.units.quantity.Quantity
#       unit: &id002 !astropy.units.Unit {unit: deg}
#       value: !astropy.table.SerializedColumn {name: r}
#     x:
#       __class__: astropy.units.quantity.Quantity
#       unit: *id002
#       value: !astropy.table.SerializedColumn {name: x}
#     y:
#       __class__: astropy.units.quantity.Quantity
#       unit: *id002
#       value: !astropy.table.SerializedColumn {name: y}
# schema: astropy-2.0
x y pmx pmy pmx_e pmy_e pm_corr g_mag bp_rp filter memberprob r pm member_prob_GMM
[from data line 11317]
-0.1035665 0.02779436 0.3228518 -0.6907548 1.588777 1.275666 0.4883987 20.08099 1.370003 0 0.0 0.10723127514890234 0.7624798216912235 0.0
0.012266 0.04847862 -1.870131 -4.442582 0.2674018 0.208995 0.3356467 17.88987 1.353527 1 0.9689193 0.05000631313248758 4.820158170006976 1.0
-0.009150197 0.09863106 -1.907573 1.238179 0.301716 0.2985602 0.03197145 18.31339 1.254833 1 0.0 0.09905459152337366 2.2741860052269254 0.0
-0.1113328 -0.04377831 -0.5858657 -2.057984 0.5906115 0.5081882 -0.03815575 18.96616 1.051971 1 3.278604e-05 0.11963081869775906 2.139751565647865 0.0
-0.01667137 0.01491185 0.8769335 -4.80516 0.2753069 0.2118464 0.34096 17.57888 1.316015 0 0.0 0.02236733886941851 4.884524028912361 1.0
0.04302444 0.03144072 -4.028275 -4.150083 0.3220082 0.2929821 0.0663275 17.51573 1.263924 0 0.0 0.05328809727727196 5.783613782274366 0.0
-0.03440225 0.1118305 -1.828922 -2.698191 3.306895 1.970168 0.7963533 20.42311 1.205263 0 0.0 0.11700245952676593 3.259630401527909 0.0
-0.1529153 -0.06424179 -2.744685 -4.33069 1.449652 1.275761 -0.03236677 19.92594 1.585066 0 0.0 0.16586167898732396 5.127199198912112 0.0
0.055182 0.08614701 -2.479948 -6.858911 0.9078489 0.7504853 0.3723998 19.66231 nan 0 0.0 0.10230523181118402 7.293476687329918 0.0
-0.02605048 0.01369865 -2.205717 -7.63956 1.227608 1.424672 0.215356 19.6677 nan 0 0.0 0.029432643782930885 7.951607666232596 0.0
-0.009154177 0.007967193 1.721135 -1.502719 0.628645 0.5180887 0.1583321 18.40136 1.06218 0 0.0 0.012135696141819717 2.2848348039160293 0.0
0.06540885 0.0878744 -1.391642 -5.19514 1.391514 1.155749 0.2866739 20.23397 0.9690323 0 0.0 0.1095455514098245 5.378303364051158 0.0
-0.07474693 0.01092287 -3.506653 -8.568384 0.2726285 0.2329851 0.166236 18.15102 1.213575 1 0.0 0.07554080111742131 9.258175826471703 0.0
-0.0354421 0.1185856 -3.991084 -7.23638 0.3876293 0.343891 0.2749191 18.79914 1.171165 1 0.0 0.1237686833563725 8.264015186303567 0.0
-0.02732562 0.04934632 -1.756088 -7.203949 0.2823932 0.2329667 0.275733 17.83414 1.181406 1 0.0 0.05640699252687383 7.414898937837588 0.0
-0.04833308 -0.1574143 -1.922095 -16.17763 0.2430407 0.2047136 0.007839408 17.46749 1.604727 1 0.0 0.16466738738067233 16.29141373871295 0.0
-0.08208561 0.01441344 -8.916663 -5.040855 0.6415634 0.5741617 0.1555765 19.51679 1.399693 0 0.0 0.08334143400317576 10.242904772894942 0.0
0.02304091 0.02689133 -7.087663 -0.4748835 0.4855933 0.383661 0.276663 18.22829 nan 0 0.0 0.03541224594398102 7.103554120307753 0.0
-0.01003159 -0.06206699 -3.535192 -3.530353 3.519374 2.391791 0.5613393 20.60739 0.6936798 0 0.0 0.06287244265644687 4.996095953989775 1.0
-0.01967239 0.07448489 -0.1412948 -0.3709733 1.758066 1.460075 0.2453287 19.39557 nan 0 0.0 0.07703896265283042 0.39697028833393816 0.0
-0.08097619 -0.07143844 -0.5969114 -1.944535 2.439958 1.509754 0.47547 20.30417 1.16366 0 0.0 0.10798423059201609 2.0340893750459834 0.0
0.0545139 -0.08254585 1.691687 -8.394987 0.5655157 0.4648733 0.2126731 19.21053 1.000946 1 0.0 0.09892210392744637 8.563738181199726 0.0
-0.01703596 0.01474007 -0.1968213 -7.938876 0.6214394 0.6520124 -0.3437992 18.26593 nan 0 0.0 0.022527618532070803 7.9413154305511435 0.0
-0.008981956 -0.04953552 -2.483999 -4.249926 0.3850267 0.3071615 0.1798938 18.70028 1.197437 0 0.0 0.050343254515936256 4.922613334142445 1.0
0.001477646 -0.07744305 -1.856687 -9.658111 0.4107252 0.3081028 0.3980273 16.39401 1.143583 0 0.0 0.07745714577108956 9.834957788637936 0.0
-0.1137348 0.07132513 -7.781358 -7.992473 1.768305 1.501512 0.5411122 20.43538 0.7180138 0 0.0 0.13424931620144998 11.15478179884721 0.0
-0.108834 -0.05778811 3.64696 -2.450894 1.417152 1.009108 0.165505 19.713 nan 0 0.0 0.12322461285543607 4.393995748841366 0.0
0.009584245 0.01740468 -2.609994 -3.541743 0.9325325 0.9660116 -0.2548371 19.59207 nan 0 0.0 0.01986908750100077 4.399546812807541 0.0
0.01484287 -0.01294632 -2.320291 -4.436188 0.2035678 0.1840532 0.1643904 17.33131 1.113533 0 0.0 0.01969563381512004 5.006347400652994 1.0
0.0276403 0.02615661 -1.056731 -5.937713 2.499049 1.617433 0.4481217 20.31308 nan 0 0.0 0.03805462430220669 6.0310128566211825 0.0
0.07908435 0.06277335 -2.224081 -4.497516 0.2897797 0.2549273 0.1469362 18.26196 1.075315 1 0.9301186 0.10096944035273742 5.01738841079869 0.0
0.05395523 0.07712657 -3.892629 -9.778384 0.8515158 0.7216801 0.06050751 19.80491 0.8688145 0 0.0 0.0941258447203413 10.524702094743443 0.0
0.006386783 0.04572167 -1.890435 -4.441563 0.3135738 0.2573841 0.2334056 18.36151 1.167252 1 0.967492 0.046165594382375164 4.827134385139283 1.0
-0.07056074 0.001380653 -1.535472 -3.969727 0.297261 0.25428 0.1380814 18.34433 1.137461 0 0.0 0.0705742462379444 4.256337241962036 0.0
0.01988973 0.1042165 -3.050979 -5.283706 1.230894 0.9920162 0.5230235 19.60383 0.9887657 0 0.0 0.10609750341889719 6.101313133488314 0.0
-0.1170681 0.03036289 0.3582927 -4.183089 0.2476795 0.2319411 0.03447013 17.93655 1.059196 1 0.0 0.1209414946441547 4.198405321165917 0.0
-0.1362109 0.01244712 -1.972512 -9.431657 1.386958 1.175954 -0.1242575 20.08358 1.310089 0 0.0 0.136778434247159 9.635712602386654 0.0
0.02354806 0.02812324 -1.629675 -4.080899 0.4534495 0.3626128 0.1573999 18.34968 1.181995 0 0.0 0.03668007303511268 4.394266406788054 1.0
0.05542861 -0.004013653 -2.324446 -3.335243 0.3879755 0.3415328 0.1588643 18.48048 1.123522 0 0.0 0.05557373675520218 4.065328409361905 0.0
0.05018863 -0.08077137 -0.8627851 -7.006139 0.4878206 0.4339568 0.1032033 19.03269 0.945507 1 0.0 0.09509423112341672 7.059063805923772 0.0
0.02636353 0.02578345 -1.363212 -4.170771 0.8525765 0.6180752 -0.0723383 19.41732 1.074385 0 0.0 0.03687576450683294 4.387901285510535 1.0
0.01850626 -0.01683088 -3.747188 -6.486491 0.7848314 0.6485279 0.6213258 19.03298 0.9644508 0 0.0 0.02501519899505099 7.491060232064951 0.0
-0.04684784 0.1376766 -6.126742 -7.735889 0.595754 0.5375512 0.2136494 19.57389 1.422329 1 0.0 0.14542890462430638 9.868178461848215 0.0
0.02943799 0.05131353 -4.660261 -7.948699 0.8392775 0.6722452 0.04945436 19.71749 0.7449036 0 0.0 0.059158039320966346 9.214111372276873 0.0
-0.1092185 -0.05773935 -1.261675 -5.962251 1.036881 0.8708846 -0.06603328 19.70638 nan 0 0.0 0.12354154475589375 6.094280990619485 0.0
0.1232173 0.09991715 -3.88968 -6.368337 0.7338283 0.5972203 0.2286946 19.74209 1.122797 0 0.0 0.1586377631064322 7.462260156813685 0.0
0.01486331 -0.01230546 -1.586831 -4.532337 0.2770224 0.2559481 0.05181208 18.03365 nan 0 0.0 0.01929617397225937 4.80209447055449 1.0
0.009702347 -0.106489 -2.912807 -6.101647 0.6857006 0.5781363 0.2177309 19.55999 0.9901066 1 0.07382248 0.10693008303704064 6.761252896605628 0.0
-0.06070927 -0.0902128 -1.492854 -1.04094 0.7429407 0.6706623 -0.1482129 19.3849 1.25238 1 5.84227e-05 0.10873805565565765 1.8199365782674954 0.0
-0.1164522 0.1156267 -3.491166 -4.485724 0.4714333 0.4070241 0.1552863 19.14829 1.417011 1 0.06580097 0.1641056020912449 5.684185064169886 0.0
0.04607321 0.01898688 1.25287 -1.737482 0.3803602 0.3334566 0.04639293 18.67772 1.271402 1 0.0 0.04983214115245802 2.142084717564644 0.0
0.04516093 -0.09538456 -1.040436 -4.522399 0.4712303 0.3894956 0.2293142 19.02241 1.077003 1 0.3156462 0.105535415310968 4.640538738691554 0.0
-0.07367912 -0.0687723 -2.052622 -10.738 0.4866352 0.4207715 0.220075 19.07541 0.9783611 1 0.0 0.10078810431427113 10.932424299984152 0.0
0.03845004 -0.1480904 -2.830976 -4.423422 0.531162 0.4399016 0.2476862 19.16377 1.267429 1 0.479181 0.15300056257465725 5.251769920956172 0.0
-0.08906968 -0.1037778 -4.949912 -6.99678 0.2397683 0.2077706 -0.02311526 17.55747 1.441088 1 0.0 0.1367597881986602 8.570680204986301 0.0
-0.0772746 -0.09832248 0.7121721 -11.2009 0.8525675 0.7042696 -0.1408515 19.61359 1.276384 1 0.0 0.1250546835528778 11.223517715494479 0.0
0.01274682 0.1067632 -0.2254417 -2.125196 1.071777 1.013023 0.1213461 20.05573 1.471817 1 0.07822402 0.10752145039178183 2.13712002435869 0.0
0.03446926 0.02661402 -2.093494 -4.324167 0.3263207 0.3115457 -0.04895939 18.37924 1.177711 1 0.9712022 0.04354808773652409 4.804283231859358 1.0
-0.006129841 0.1247812 -2.767483 -6.034042 0.8128464 0.8297579 0.08487482 19.84526 1.088215 1 0.1775599 0.12493167262197877 6.638420370318002 0.0
-0.109219 -0.05747995 1.574805 -1.780882 0.3944219 0.3516969 -0.1766314 18.06602 1.280098 0 0.0 0.12342096504647214 2.377299199921836 0.0
-0.02702222 0.01247362 -2.310861 -3.980742 1.509124 1.240989 0.6484281 19.8908 nan 0 0.0 0.029762250748772343 4.6028670882271845 1.0
-0.007599206 -0.09563206 -3.21964 -3.816838 0.2718709 0.214415 0.3263388 17.91539 1.215117 1 0.0002347255 0.09593351255778158 4.99342908709476 0.0
-0.1437259 0.06966236 0.7212618 -0.4015975 2.671336 2.380264 0.7848751 20.46671 1.384535 0 0.0 0.1597184357911747 0.8255296094904713 0.0
0.06335357 -0.09581219 -2.188088 -2.768496 0.30467 0.244893 0.1598382 18.33523 1.327879 1 0.0 0.11486361732220085 3.5287815457690206 0.0
0.01205557 0.01596601 -2.918679 -5.670877 0.6422778 0.5327393 0.07847651 18.57471 1.155369 0 0.0 0.02000625510546639 6.377894092423454 0.0
-0.0323904 0.01233697 -3.894638 -2.231206 1.099147 1.121626 0.1152486 19.47616 nan 0 0.0 0.03466033526873189 4.488483637653144 1.0
0.00826308 0.1159575 0.1477976 -5.887961 1.022272 1.04445 0.06926289 19.8254 1.083092 0 0.0 0.11625153890308894 5.889815690502273 0.0
-0.1260449 0.005618306 0.3774984 -5.409746 1.415312 1.164368 0.5713455 20.14621 0.9324951 1 0.03009763 0.12617005262073736 5.422901144822627 0.0
-0.06047304 -0.03397624 -0.9900383 -5.702068 1.401494 1.245606 -0.1266253 20.0612 0.9445839 0 0.0 0.06936406455347899 5.787378967381597 0.0
0.01353103 -0.1485659 -1.12261 -8.9975 0.1942398 0.1531899 0.3181805 17.09506 1.047472 1 0.0 0.14918081450263937 9.067263063466285 0.0
-0.03272014 0.05259708 -5.690041 -6.847359 0.7718308 0.6468628 0.3797066 19.62195 1.065149 0 0.0 0.061944010090936155 8.90297095674034 0.0
-0.06401955 0.00185852 -0.0124639 -3.585525 0.3262823 0.3174735 -0.09084338 18.28456 1.15906 1 0.0 0.06404652120757925 3.5855466632618533 0.0
0.01514521 0.118775 -0.7264705 -1.717848 0.4179691 0.3995552 -0.0869403 18.72124 1.166309 1 0.0 0.11973670285649302 1.865143731317844 0.0
-0.1273986 0.004283598 -4.078986 -3.927288 1.854364 1.717897 -0.4503268 20.15552 nan 0 0.0 0.12747059462395868 5.662306758127822 0.0
0.01756928 0.08416353 1.942953 -2.604014 0.3948847 0.3810989 0.05413226 16.47716 1.273121 0 0.0 0.0859777842339479 3.248992962812477 0.0
0.09249273 0.05426304 -2.085662 -7.30961 0.7855726 0.7871101 0.07068279 19.84248 1.166203 0 0.0 0.10723517432677815 7.601340956064528 0.0
-0.03925721 -0.06687243 0.7773842 -1.892532 0.7558283 0.570888 0.004035335 19.5501 0.7935734 0 0.0 0.07754386133723933 2.045972523137503 0.0
0.0179325 0.02111412 -1.290321 -1.489517 1.381433 1.097915 0.07679015 19.95637 nan 0 0.0 0.02770163568499882 1.9706824138683534 0.0
0.07426586 -0.04298578 -3.697083 -6.977125 0.7991206 0.6525066 0.2863072 19.86213 0.7653656 0 0.0 0.08580906271337545 7.896119045107793 0.0
0.01283727 0.143636 -1.563949 -1.156356 0.6042337 0.6756196 -0.1185343 19.35776 nan 0 0.0 0.14420851568840484 1.9450181678681049 0.0
0.04705979 -0.0314062 -1.669894 -1.984135 1.867311 1.396454 0.7057555 20.32285 1.183086 0 0.0 0.056577144089146984 2.5933256003558443 0.0
-0.006077389 0.02553433 -0.9221911 -5.438955 1.438837 1.074727 0.4010911 18.73729 1.092447 0 0.0 0.026247603044968145 5.516581180128161 0.0
-0.1195583 0.01210372 -3.147416 -4.275227 0.6843408 0.6491222 0.006411733 19.68665 0.8376865 0 0.0 0.12016941015386737 5.308841057950878 0.0
-0.07959067 -0.03930503 -2.616843 -3.54344 0.1366469 0.1116645 0.148218 16.59582 1.315273 1 0.0 0.08876688647434808 4.404978356388257 0.0
0.004994234 -0.09774889 -3.63391 0.6782017 0.3391348 0.2592342 0.3894288 17.99486 1.404882 1 0.0 0.0978763907665115 3.6966551683897824 0.0
-0.02873631 -0.03711457 -6.396302 -2.573685 1.617271 1.339693 -0.2120214 19.351 1.259607 0 0.0 0.04693896908434398 6.8946743037237805 0.0
-0.05975591 -0.127157 -0.303974 -3.565558 0.1386278 0.1151163 -0.1270823 16.56084 0.9168644 1 0.0 0.14049794101312693 3.578491867259167 0.0
0.06042169 0.07380433 -2.689615 -1.622862 1.111298 0.8720951 0.2816525 20.07409 0.6732788 0 0.0 0.09538270151974623 3.1412911229730045 0.0
0.03920071 -0.03904799 -5.060423 -3.302555 0.2513742 0.1975112 0.2825818 17.57165 0.841114 0 0.0 0.05533029177172482 6.0427436208194365 0.0
0.01011089 0.01689722 -2.080201 -4.737264 0.804542 0.549031 0.4393152 18.95843 nan 0 0.0 0.019691270662923206 5.173867644818236 1.0
-0.08823669 -0.1294492 -5.030226 -1.444365 1.330732 1.143481 -0.0006056353 20.09222 1.05578 0 0.0 0.15666144657443992 5.233484868068407 0.0
-0.09219594 -0.05175846 -6.568455 -7.273466 1.066654 0.9321223 0.2540356 19.81839 1.095203 0 0.0 0.1057309298836211 9.800403498845393 0.0
-0.1202902 -0.0636848 0.2944619 -5.324365 1.085798 0.9769036 -0.3303983 19.73179 1.319611 0 0.0 0.13610836112113026 5.332501332749633 0.0
0.01280905 0.1121114 -1.757279 -1.181991 0.5338266 0.5514491 0.03770607 19.24532 1.304928 1 6.444931e-06 0.1128407629000376 2.1178130719971486 0.0
0.04545858 -0.07905412 -2.125511 -4.447368 0.2386994 0.1864152 0.2886954 17.65731 1.137985 1 0.9639948 0.09119230441539901 4.9291864580826115 1.0
0.01729641 -0.002414717 -4.360324 -5.342853 0.8927658 0.7115255 0.2056558 19.42841 nan 0 0.0 0.017464153488737696 6.896267364639004 0.0
0.05058458 -0.1297028 -1.079579 -7.982378 0.07179228 0.05509487 0.1913956 14.96794 1.541381 1 0.0 0.13921787263715965 8.055051170050069 0.0
-0.06948752 -0.1460368 -2.015196 -7.260001 0.742992 0.5968752 -0.08806968 19.17657 nan 0 0.0 0.16172588657970127 7.534495964456879 0.0
0.007489684 -0.03564215 -0.5167794 -4.777555 1.143327 0.948826 0.03738128 19.34682 nan 0 0.0 0.036420574172332264 4.805423261929105 1.0
-0.01244567 0.04907367 -1.233545 1.589902 0.3675071 0.3275823 0.1451636 18.62742 1.106485 0 0.0 0.05062726329773119 2.0123174790845004 0.0
0.003747269 -0.01262386 -1.938261 -4.627648 0.07768898 0.06074251 -0.0668944 15.3913 1.443544 1 0.9688344 0.013168290179744711 5.017168695193036 1.0
0.06655743 -0.01109183 0.207259 -3.073385 0.3909928 0.3427122 -0.02087976 18.74126 1.127419 1 0.0 0.06747533016557829 3.0803655061219604 0.0
-0.1032883 -0.1186782 -0.6114083 -4.108588 1.147828 1.060356 -0.4187783 19.87884 1.138216 0 0.0 0.15733082365553802 4.15383141967183 0.0
0.005025081 0.009753048 -2.656886 -4.279237 0.435861 0.3966385 0.1266231 18.90026 0.8790913 0 0.0 0.010971480499315714 5.036954687027173 1.0
0.03466765 0.1097819 0.6292735 -1.001539 3.003038 2.352374 0.7747151 20.02407 nan 0 0.0 0.11512563365355476 1.1828209950466935 0.0
-0.08217163 -0.02008305 -0.2085055 -4.667162 0.6284873 0.5076501 0.2946106 19.41234 1.575905 1 0.05807181 0.0845902220954609 4.671817170842011 1.0
-0.108987 -0.03362992 -1.773234 -4.533165 0.5862349 0.6070932 -0.1202071 19.29505 0.9240799 0 0.0 0.11405760688444415 4.867642523437912 0.0
0.06275752 -0.1526122 -1.280974 -2.319556 0.2851069 0.2309717 0.3844552 17.87451 1.24555 1 0.0 0.16501209017944837 2.649761201657991 0.0
0.02613419 -0.02613828 -3.142177 -3.871586 1.867622 1.309438 0.6745367 20.21927 0.6711407 0 0.0 0.03696221811951361 4.9862264744719536 1.0
-0.009309835 -0.1369721 -2.937276 -2.710299 1.999363 2.229637 -0.2692123 19.9426 nan 0 0.0 0.13728812478192434 3.9966624788161687 0.0
-0.04342388 -0.04311027 -2.120407 -4.821752 0.7122657 0.6310289 0.278272 19.26871 0.8921585 0 0.0 0.06118928610244852 5.267391972803334 1.0
0.05454382 0.1154255 -7.050712 -3.934092 0.4448167 0.4343396 0.1338106 18.80456 1.317812 1 0.0 0.12766391169959662 8.074008890966619 0.0
0.04968978 -0.011969 1.662723 -3.655257 0.2901947 0.2376068 0.2061979 18.1859 1.240929 0 0.0 0.0511109694434414 4.015663271587647 0.0
0.04748729 -0.07201786 0.9013494 -3.078102 0.3917098 0.3235267 0.2286326 18.77 1.386353 0 0.0 0.08626479508190871 3.207357582697065 0.0
