jas1101finalproject/data/gcs/NGC_6528.ecsv
# %ECSV 0.9
# ---
# datatype:
# - {name: x, unit: deg, datatype: float64}
# - {name: y, unit: deg, datatype: float64}
# - {name: pmx, unit: mas / yr, datatype: float64}
# - {name: pmy, unit: mas / yr, datatype: float64}
# - {name: pmx_e, unit: mas / yr, datatype: float64}
# - {name: pmy_e, unit: mas / yr, datatype: float64}
# - {name: pm_corr, datatype: float64}
# - {name: g_mag, unit: mag, datatype: float64}
# - {name: bp_rp, unit: mag, datatype: float64}
# - {name: filter, datatype: int64}
# - {name: memberprob, datatype: float64}
# - {name: r, unit: deg, datatype: float64}
# - {name: pm, unit: mas / yr, datatype: float64}
# - {name: member_prob_GMM, datatype: float64}
# meta: !!omap
# - comments: [deg deg mas/yr mas/yr mas/yr mas/yr dimless mag   mag   zeroone float]
# - __serialized_columns__:
#     bp_rp:
#       __class__: astropy.units.quantity.Quantity
#       unit: &id001 !astropy.units.Unit {unit: mag}
#       value: !astropy.table.SerializedColumn {name: bp_rp}
#     g_mag:
#       __class__: astropy.units.quantity.Quantity
#       unit: *id001
#       value: !astropy.table.SerializedColumn {name: g_mag}
#     pm:
#       __class__: astropy.units.quantity.Quantity
#       unit: !astropy.units.Unit {unit: mas / yr}
#       value: !astropy.table.SerializedColumn {name: pm}
#     pmx:
#       __class__: astropy.units.quantity.Quantity
#       unit: !astropy.units.Unit {unit: mas / yr}
#       value: !astropy.table.SerializedColumn {name: pmx}
#     pmx_e:
#       __class__: astropy.units.quantity.Quantity
#       unit: !astropy.units.Unit {unit: mas / yr}
#       value: !astropy.table.SerializedColumn {name: pmx_e}
#     pmy:
#       __class__: astropy.units.quantity.Quantity
#       unit: !astropy.units.Unit {unit: mas / yr}
#       value: !astropy.table.SerializedColumn {name: pmy}
#     pmy_e:
#       __class__: astropy.units.quantity.Quantity
#       unit: !astropy.units.Unit {unit: mas / yr}
#       value: !astropy.table.SerializedColumn {name: pmy_e}
#     r:
#       __class__: astropy.units.quantity.Quantity
#       unit: &id002 !astropy.units.Unit {unit: deg}
#       value: !astropy.table.SerializedColumn {name: r}
#     x:
#       __class__: astropy.units.quantity.Quantity
#       unit: *id002
#       value: !astropy.table.SerializedColumn {name: x}
#     y:
#       __class__: astropy.units.quantity.Quantity
#       unit: *id002
#       value: !astropy.table.SerializedColumn {name: y}
# schema: astropy-2.0
x y pmx pmy pmx_e pmy_e pm_corr g_mag bp_rp filter memberprob r pm member_prob_GMM
[from data line 1266]
-0.01025082 -0.03219442 1.730983 -5.39499 0.3179795 0.2698962 0.07783819 16.97542 nan 0 0.0 0.03378697958990712 5.66588203604602 0.0
-0.01255162 -0.004376009 2.064453 -4.410353 0.599588 0.5019729 0.0210144 18.03216 1.446421 0 0.0 0.01329257760528337 4.869618031613773 0.0
-0.003094999 -0.03008823 -4.776429 -3.566064 0.9501744 0.7984331 0.2476633 19.07634 nan 0 0.0 0.030246993294258208 5.960795789501348 0.0
0.01536654 -0.006140704 -8.091342 -7.905635 1.268601 1.294166 0.5944333 18.93778 nan 0 0.0 0.01654807533180871 11.31233309773846 0.0
-0.0126319 0.00373212 -7.736928 -6.574411 0.5701471 0.4356026 -0.1776452 18.17919 1.452023 0 0.0 0.013171697586279453 10.152976650918932 0.0
-0.009115716 -0.02857798 -3.466217 -1.542578 0.2017965 0.1674046 -0.01643831 16.63658 2.329123 0 0.0 0.02999662012749196 3.793969843998895 0.0
0.003928377 -0.04594786 1.213981 -3.271869 0.586175 0.4797422 -0.01767206 18.37001 1.77512 0 0.0 0.04611548529977462 3.4898247264758155 0.0
0.0295251 -0.001129494 -5.180774 -5.03105 0.3868735 0.3175731 -0.06738577 17.89142 nan 0 0.0 0.029546696713948176 7.221626087078727 0.0
-0.01122692 -0.04011956 -2.769438 -1.714839 0.4955783 0.4199992 0.08222153 17.74822 1.960461 0 0.0 0.041660806848643726 3.2573700483311687 0.0
-0.02385436 -0.01262928 2.700629 -5.466069 0.7560044 0.6014904 0.04241453 18.93192 nan 0 0.0 0.026991280153560705 6.096827642996151 0.0
0.03830935 -0.03092529 -5.313328 -6.599773 0.2232208 0.1780452 -0.03890325 16.88641 2.785127 1 0.0 0.04923392995695753 8.472806978039392 0.0
-0.01246854 -0.03491074 -4.388009 -8.096171 0.3101394 0.2734713 0.3295023 17.34061 nan 0 0.0 0.03707053084431352 9.20883314244112 0.0
-0.00367548 -0.0422495 -0.4607781 -5.790703 0.245013 0.2083067 0.04603913 16.64162 2.089223 0 0.0 0.04240907218367787 5.809006601102172 0.0
-0.01014663 -0.01821545 -7.474778 -4.253873 0.2688119 0.2270016 0.1049487 17.31785 1.870057 0 0.0 0.020850820584797137 8.600450084118446 0.0
0.02991566 -0.01981781 -4.570463 -7.87984 0.4356381 0.3714523 0.2750471 18.0942 nan 0 0.0 0.03588442986075855 9.109391333122593 0.0
0.03052776 -0.00456684 -0.26047 1.48838 0.9516469 0.7640652 0.0548591 19.001 1.988792 0 0.0 0.03086746115577373 1.5109995517206483 0.0
0.002740519 -0.0379217 -4.613387 -7.57536 0.2339002 0.1916212 -0.08951009 16.81553 2.058258 0 0.0 0.03802059672439875 8.869578273027923 0.0
0.02732689 -0.02238436 -5.835229 -7.465355 0.1433482 0.1169637 0.07402366 15.56017 2.278847 0 0.0 0.03532447437233426 9.475305945375379 0.0
-0.001114412 -0.04196143 -4.149097 -5.454308 0.580548 0.4656799 -0.05159222 18.67079 1.63728 0 0.0 0.04197622567300024 6.85306367067117 0.0
-0.01194297 -0.01393557 -5.062296 -4.766175 0.5166284 0.4021292 -0.3475034 17.27896 1.899868 0 0.0 0.018353055430794078 6.952932109710334 0.0
-0.01157516 0.002610728 -1.603096 -5.257056 0.4970013 0.3886909 0.07504537 18.17674 1.407667 0 0.0 0.011865927258987557 5.496048996538514 0.0
0.01821439 -0.03163862 -6.346007 -3.334751 0.7727321 0.6135455 0.2107997 18.96696 1.803761 0 0.0 0.03650707162422782 7.168847123216536 0.0
-0.005472922 -0.0051631 -2.257528 -5.77652 0.246366 0.1806386 -0.3056882 16.35041 1.689447 0 0.0 0.007523993409625237 6.201984842063386 0.0
-0.001854024 -0.02428986 -1.612337 -9.616434 0.5932155 0.4831971 0.2747664 18.23874 1.455881 0 0.0 0.024360515261631393 9.750663232720377 0.0
-0.01772974 0.002245514 6.271009 7.324626 1.046337 0.8616228 0.2923768 19.00759 nan 0 0.0 0.01787137413831953 9.642390778119138 0.0
0.04402158 -0.011652 -1.514937 -4.156547 0.6842195 0.5742282 0.1840275 18.78241 1.88241 0 0.0 0.04553755164363143 4.424015944498618 0.0
0.0426173 -0.02210175 3.102468 -2.993142 0.2707192 0.2224364 0.1145653 17.28583 2.269777 0 0.0 0.04800751620686598 4.310940352543515 0.0
0.009104665 -0.02928942 0.1008722 -2.257056 0.7338952 0.5954611 0.1135815 18.88088 nan 0 0.0 0.030671893464516094 2.2593089624637086 0.0
-0.02240141 -0.01421204 -1.233409 -3.646231 0.5453053 0.45374 0.00250445 17.89875 1.719852 0 0.0 0.02652932812850148 3.849194495818833 0.0
0.0008657434 -0.04876112 -1.001528 -0.4993177 0.3354726 0.2694874 0.03858558 17.33149 1.152473 0 0.0 0.0487688049401361 1.11909628733067 0.0
0.004720861 -0.03694902 0.2873269 -1.355118 1.659134 1.432786 0.7576601 19.09115 1.398184 0 0.0 0.03724938398875505 1.3852442172366612 0.0
-0.0311719 -0.006972207 -3.332757 -1.288011 0.4355533 0.3590579 -0.01569724 17.88258 1.708338 0 0.0 0.03194211984294169 3.572987763366956 0.0
-0.01210367 0.004306298 -2.311895 -6.183266 0.8311639 0.6747425 0.1598086 18.48099 1.410347 0 0.0 0.012846907407376455 6.6013359949165595 0.0
-0.01444886 -0.03510747 -2.675177 -8.804117 1.01942 0.8327651 -0.009414508 19.04051 1.433205 0 0.0 0.03796450980982766 9.201578567344734 0.0
0.04375721 -0.01224697 -1.106711 -8.133157 0.8225184 0.7105099 0.144529 18.79591 2.139286 0 0.0 0.045438768702122635 8.208108918878331 0.0
-0.01048897 -0.02746232 -0.9949374 -3.881809 0.4512938 0.3814729 0.006958171 17.65994 1.85367 0 0.0 0.029397236459288142 4.0072860569716955 0.0
0.004588582 -0.04250703 2.420376 0.90048 0.8905588 0.71908 0.2927581 18.91137 1.635735 0 0.0 0.04275397857733972 2.5824570106346396 0.0
0.008946506 -0.02621667 -0.7706696 -7.503217 0.2356536 0.197269 -0.0004702398 16.68511 1.89757 0 0.0 0.027701150797339376 7.542691627095275 0.0
-0.02443038 -0.03290644 -2.739009 -0.3441813 0.6029942 0.501988 -0.07932319 18.38452 1.625259 0 0.0 0.040983865854967855 2.760549052154424 0.0
-0.007769981 -0.0159207 -0.007203114 -8.443211 0.4115872 0.3408681 -0.01083387 17.62983 1.455006 0 0.0 0.017715566410091463 8.443214072577593 0.0
0.0003641315 -0.04655241 0.2594816 -8.498751 0.8221311 0.6415922 -0.07720681 18.60774 nan 0 0.0 0.04655383409083931 8.502711288803093 0.0
-0.01524606 -0.002301192 -10.01168 -7.689165 0.8175956 0.6409995 -0.06986362 18.2902 nan 0 0.0 0.015418749305454837 12.62366804140639 0.0
-0.02540676 -0.03531376 -4.342108 -3.824823 1.051629 0.830298 -0.5007317 18.82787 nan 0 0.0 0.04350362167722591 5.786464625744548 0.0
0.03129232 -0.009041719 -1.571751 -1.809884 0.3315186 0.2715692 0.2107599 17.16722 1.457533 0 0.0 0.0325724112318594 2.39709851684427 0.0
-0.02784524 -0.002452707 -1.952559 -1.051393 1.123035 0.9058454 0.3890439 19.04523 1.917458 0 0.0 0.02795305282586231 2.2176370056729304 0.0
0.03654097 -0.02873117 1.156603 -4.568134 0.6387597 0.5247116 0.2231552 18.52332 1.914213 0 0.0 0.046483573637466816 4.712279569546463 0.0
0.03327433 -0.00567208 -1.240135 -2.754667 0.4277033 0.3529709 0.1503194 16.14955 2.163309 0 0.0 0.0337543112576053 3.020947715388997 0.0
-0.01421496 -0.009075941 1.469806 -8.320373 1.369016 1.091233 -0.4695529 18.73622 nan 0 0.0 0.016865283657178168 8.44919739009363 0.0
-0.01941382 -0.03066038 -0.08259296 -6.525411 0.3446979 0.2853695 -0.005265153 17.45673 1.673779 0 0.0 0.03628987887465044 6.5259336738862554 0.0
0.01333036 -0.02412671 -0.7524885 -0.6223065 1.482027 1.160141 -0.08365679 18.45989 1.73522 0 0.0 0.02756440881197527 0.9764754592791874 0.0
0.04370374 -0.0137137 -5.361056 -4.929566 0.4135669 0.3548469 0.3366854 17.43418 2.105709 0 0.0 0.04580483006930164 7.282962473025108 0.0
-0.005629298 -0.04204551 -7.269885 -3.758747 0.5363143 0.4575175 0.1401891 18.22409 1.898487 0 0.0 0.042420677825005394 8.184094752825997 0.0
-0.02995575 -0.01092004 -2.259166 -4.98958 0.2577891 0.2171282 0.04508277 16.67018 1.295436 0 0.0 0.03188407489114432 5.477201803106765 0.0
-0.01770139 -0.0085825 1.872444 -6.956727 0.7224533 0.5927744 0.04193948 18.8711 1.721924 0 0.0 0.019672277808685502 7.204311007005805 1.0
-0.01902383 0.001043644 -3.697829 -2.267696 0.847829 0.7458438 0.2220403 18.24609 1.214039 0 0.0 0.019052435557367357 4.337785663406734 0.0
0.01766319 -0.01303806 -4.196252 -7.655796 0.7060846 0.5912683 0.5719326 18.45955 1.148886 0 0.0 0.02195402672722478 8.730391929410729 0.0
-0.02218886 -0.01988063 -2.575391 -5.149212 0.3562252 0.2918783 -0.03872959 17.63064 1.259277 0 0.0 0.029792364076999665 5.757345136764427 0.0
-0.006528717 -0.01596448 1.36097 -7.858593 0.8692382 0.6855551 -0.259011 18.00885 1.569494 0 0.0 0.017247862688938853 7.975570404713947 0.0
0.02841518 -0.003025073 -6.256753 -0.7494911 0.4213161 0.3449705 0.1883988 18.23888 1.731806 0 0.0 0.028575750577854102 6.301483556432422 0.0
0.006042424 -0.01481432 -1.252662 -6.525679 0.1793188 0.1463881 0.1141784 15.72301 2.280994 0 0.0 0.015999217632689917 6.644821178728966 0.0
0.03900293 -0.01309376 -4.039762 -7.505267 0.1331186 0.1090659 0.009746133 15.55849 2.622835 1 0.0 0.04114213289952892 8.523421247241801 0.0
0.004166184 -0.04142554 -6.8755 -4.769143 0.9364149 0.7719468 0.1309432 19.06514 nan 0 0.0 0.041634510365962704 8.36762960487909 0.0
-0.0218458 -0.01870181 0.7046358 -0.02851527 0.2719903 0.224913 0.0120584 17.16821 nan 0 0.0 0.028757549876790616 0.7052125433263456 0.0
-0.02591206 -0.02154283 2.874895 -0.3406842 0.2325281 0.185144 -0.2479284 16.33458 1.145375 0 0.0 0.033697601959968904 2.8950107055336844 0.0
0.02505816 -0.01303203 0.009501166 -2.34903 0.5202844 0.429767 0.08725405 16.66583 1.866266 0 0.0 0.028244383309013847 2.3490492146941833 0.0
0.03997834 -0.01749059 -3.319907 -4.68473 0.6443519 0.5894362 0.5112965 18.72318 1.762962 0 0.0 0.043637007318372556 5.741818323627891 0.0
-0.01849309 -0.01208644 0.7103481 -5.421737 0.4444992 0.3645453 -0.03232978 17.93318 1.77279 0 0.0 0.022092451417208097 5.468073382860056 0.0
-0.02615188 -0.01343285 -0.7880673 -3.627734 0.2027201 0.1677408 -0.0653182 16.57569 2.034877 0 0.0 0.029400038888697067 3.7123448175089133 0.0
0.02487352 -0.01210119 0.893692 -6.447556 0.1791173 0.1456512 0.04366639 15.62945 2.246086 0 0.0 0.027660997751464064 6.509198396423326 0.0
0.001103794 -0.009189368 -2.387164 -4.309439 0.5262932 0.4399189 0.2058828 17.21096 nan 0 0.0 0.009255422488134185 4.926440546440909 0.0
0.009789387 -0.0478785 0.0213736 -2.085776 0.2492557 0.2068288 -0.0406564 16.59804 1.432364 0 0.0 0.048869037846941174 2.0858855081123124 0.0
-0.007559342 -0.00755696 -0.02289233 -7.533734 0.743185 0.5698373 -0.2476468 18.4787 1.422565 0 0.0 0.010688839783370504 7.533768780731781 0.0
-0.007398266 -0.04235461 2.776148 0.1537792 0.8066994 0.6572287 0.110391 19.03736 nan 0 0.0 0.04299589896791153 2.780403884376628 0.0
0.008682831 -0.02170004 -2.152736 -6.088143 0.567777 0.4442725 0.1357971 18.28707 nan 0 0.0 0.023372703955173033 6.457534937895806 0.0
-0.006818658 -0.02418136 -3.302001 -6.562197 0.3874676 0.320486 0.02534609 17.7897 1.934576 0 0.0 0.02512433617770953 7.346130959274412 0.0
0.01132081 -0.04661409 -0.04255234 -5.123372 0.1927453 0.1585654 -0.1047583 15.68668 2.77697 0 0.0 0.04796909552601758 5.123548706904568 0.0
-0.01907043 -0.03123061 -3.776463 -7.015127 0.644498 0.5558948 0.1415821 17.40735 1.728781 0 0.0 0.036592790292037033 7.9670370663439245 0.0
0.02944346 -0.009180388 1.802248 0.009975613 0.2389797 0.1960092 0.1237941 17.10019 1.308247 0 0.0 0.030841479546256274 1.8022756077688913 0.0
-0.0116792 -0.01115271 -6.311316 -5.390649 0.1500875 0.1234029 -0.1118544 14.68429 2.230069 0 0.0 0.016148890147130855 8.300108812121502 0.0
-0.01844169 -0.004413171 0.1835449 -2.769845 0.6010248 0.5061171 0.01340539 16.89577 1.716963 0 0.0 0.01896238403606838 2.7759196772134835 0.0
-0.01861937 -0.04275091 1.67837 -2.315551 0.2599366 0.2128367 -0.08239743 17.30812 1.846138 0 0.0 0.046629617680450694 2.8598430534735644 0.0
0.01341178 -0.007929512 -1.926574 -5.965372 0.1794043 0.1466716 0.1560186 16.56467 1.888631 0 0.0 0.015580532831920221 6.268759883410754 0.0
-0.009695147 -0.04398559 -12.10573 -8.477775 1.901773 1.588941 0.7259293 19.22351 1.069576 0 0.0 0.04504140320860029 14.779085485358184 0.0
-0.02321563 -0.03337536 -5.412905 0.3348507 0.7664402 0.6335001 -0.1002834 18.76634 1.764547 0 0.0 0.04065562853316254 5.423252301923219 0.0
0.0167625 -0.02916072 -5.613535 2.215827 0.8191943 0.623369 0.02126979 18.16261 1.974672 0 0.0 0.033635234459839874 6.035036411667621 0.0
0.02936344 -0.01185637 -4.858123 -7.450369 0.237905 0.1994329 0.3636826 16.89323 2.127374 1 0.0 0.03166678256802387 8.894344119680214 0.0
-0.0156955 0.0002851024 -2.177061 -5.607684 0.6354976 0.5223719 -0.003779924 18.59464 1.125031 0 0.0 0.01569808917124902 6.015456295375855 0.0
-0.01384161 -0.03470112 -0.9906012 0.1341165 0.4320352 0.3577727 0.01144523 17.89096 1.809818 0 0.0 0.03735984337020834 0.9996389213179376 0.0
-0.03573221 -0.03189517 -6.371176 -3.964219 0.4455545 0.3692015 -0.108136 18.02853 1.560644 0 0.0 0.04789668778540954 7.503793434186272 0.0
0.001552802 -0.008521802 2.298208 -4.140792 0.6731928 0.5609373 0.1792882 17.55684 nan 0 0.0 0.008662118873486325 4.735812327207234 0.0
0.03437354 -0.0347786 -1.39029 -5.428128 0.2985034 0.2442584 0.09094627 17.27631 2.459935 0 0.0 0.0488987859776866 5.603345417559407 0.0
-0.01236232 -0.03970199 1.288019 -7.948524 0.2251808 0.1870941 0.03300289 17.01157 2.025371 0 0.0 0.041582147199759896 8.052206326401294 0.0
-0.03121661 -0.03270617 -3.699759 -6.272065 0.4738012 0.4110056 0.341049 17.73257 nan 0 0.0 0.045212501545048356 7.2819651209207255 0.0
-0.00980341 -0.01721025 0.1985137 -1.948186 1.066811 0.7941201 -0.3823423 18.90836 nan 0 0.0 0.019806553276393146 1.9582738265328703 0.0
-0.01416278 -0.004576498 -0.008852606 -1.924167 0.9417241 0.7832593 0.1177219 17.8791 nan 0 0.0 0.014883839265203182 1.924187364193516 0.0
0.01626141 -0.02534594 -2.40712 0.3949462 0.1352546 0.1094205 0.2461576 14.62687 2.192172 0 0.0 0.030113952408670968 2.43930506400787 0.0
0.0190888 -0.01594512 0.268083 -3.110274 0.316911 0.2596373 0.3392771 17.70076 1.702774 0 0.0 0.024872256376420696 3.121806023756921 0.0
0.03329404 -0.02559053 -4.317743 -4.201035 1.667832 1.344018 0.2604156 19.95278 nan 0 0.0 0.041992479388606 6.0242509646655655 0.0
-0.01550817 -0.01521208 -6.442575 -4.393266 0.35273 0.2916871 -0.02954719 17.59813 1.822901 0 0.0 0.02172350604012391 7.797920157156073 0.0
0.01639569 -0.01178853 -0.1172576 -5.024841 0.9200399 0.8202565 0.6231398 18.24851 1.524921 0 0.0 0.020193763644675056 5.0262089510921415 0.0
0.02888653 -0.01702896 -3.048814 -6.732777 0.8331789 0.6893633 0.2088291 18.89437 1.585249 0 0.0 0.0335323290888435 7.390910156288263 0.0
0.008680538 -0.04782499 -0.5492966 -2.453889 0.3476448 0.2852571 -0.09049083 17.24293 1.859677 0 0.0 0.04860639267081589 2.514616865268457 0.0
0.01385962 -0.01624561 -3.68386 0.3715453 0.8438157 0.691301 0.4282445 18.78463 nan 0 0.0 0.02135436514665093 3.702549177195637 0.0
-0.004706338 -0.01810061 -1.55194 -7.613744 0.229613 0.191334 -0.02182325 16.55704 1.717406 0 0.0 0.01870245170405057 7.7703034343026784 0.0
0.0372832 -0.02117835 -0.2820375 -3.806176 0.2599131 0.2280977 0.1560989 16.57483 2.200267 0 0.0 0.042878427104576726 3.816611179355614 0.0
-0.03491618 -0.02470417 0.3885014 1.015404 0.4291456 0.3572297 -0.08228235 17.99549 1.330448 0 0.0 0.04277190247325106 1.0871884018043791 0.0
-0.01344666 -0.02647657 -2.834709 -6.392125 1.371284 1.064114 -0.4105138 18.97593 1.744518 0 0.0 0.02969547817632341 6.992484331788381 0.0
0.006992278 -0.02769661 -3.075333 1.779545 0.4009 0.3430015 0.07337769 17.00991 1.361385 0 0.0 0.028565611443156332 3.553090692328863 0.0
0.03397903 -0.03022753 -3.437705 -5.163798 0.3311453 0.2717345 0.1324996 17.62342 2.250517 0 0.0 0.04547832505317011 6.203436584009624 0.0
-0.01453392 0.004706514 -5.120722 -6.232527 1.01094 0.7669061 0.1955406 18.61164 nan 0 0.0 0.015276979563990914 8.066361423034117 0.0
0.04034361 -0.02844654 -5.291056 -6.625346 1.641467 1.431208 0.6830939 19.16834 2.200483 0 0.0 0.04936408112994407 8.478825579928627 0.0
0.03052445 -0.01531093 -5.744761 -5.054936 0.312793 0.2586108 0.09780573 16.60296 2.213662 0 0.0 0.034149181912124925 7.652101470264034 0.0
-0.03750608 -0.01951141 1.623926 -1.261808 0.5504294 0.4464425 -0.226866 17.4423 nan 0 0.0 0.04227766735706335 2.0565250016326084 0.0
-0.01448161 0.008259912 -6.185111 -2.94372 0.651927 0.5096304 0.3510021 17.95078 1.67886 0 0.0 0.01667162782813496 6.849896752559195 0.0
