jas1101finalproject/data/gcs/NGC_6388.ecsv
# %ECSV 0.9
# ---
# datatype:
# - {name: x, unit: deg, datatype: float64}
# - {name: y, unit: deg, datatype: float64}
# - {name: pmx, unit: mas / yr, datatype: float64}
# - {name: pmy, unit: mas / yr, datatype: float64}
# - {name: pmx_e, unit: mas / yr, datatype: float64}
# - {name: pmy_e, unit: mas / yr, datatype: float64}
# - {name: pm_corr, datatype: float64}
# - {name: g_mag, unit: mag, datatype: float64}
# - {name: bp_rp, unit: mag, datatype: float64}
# - {name: filter, datatype: int64}
# - {name: memberprob, datatype: float64}
# - {name: r, unit: deg, datatype: float64}
# - {name: pm, unit: mas / yr, datatype: float64}
# - {name: member_prob_GMM, datatype: float64}
# meta: !!omap
# - comments: [deg deg mas/yr mas/yr mas/yr mas/yr dimless mag   mag   zeroone float]
# - __serialized_columns__:
#     bp_rp:
#       __class__: astropy.units.quantity.Quantity
#       unit: &id001 !astropy.units.Unit {unit: mag}
#       value: !astropy.table.SerializedColumn {name: bp_rp}
#     g_mag:
#       __class__: astropy.units.quantity.Quantity
#       unit: *id001
#       value: !astropy.table.SerializedColumn {name: g_mag}
#     pm:
#       __class__: astropy.units.quantity.Quantity
#       unit: !astropy.units.Unit {unit: mas / yr}
#       value: !astropy.table.SerializedColumn {name: pm}
#     pmx:
#       __class__: astropy.units.quantity.Quantity
#       unit: !astropy.units.Unit {unit: mas / yr}
#       value: !astropy.table.SerializedColumn {name: pmx}
#     pmx_e:
#       __class__: astropy.units.quantity.Quantity
#       unit: !astropy.units.Unit {unit: mas / yr}
#       value: !astropy.table.SerializedColumn {name: pmx_e}
#     pmy:
#       __class__: astropy.units.quantity.Quantity
#       unit: !astropy.units.Unit {unit: mas / yr}
#       value: !astropy.table.SerializedColumn {name: pmy}
#     pmy_e:
#       __class__: astropy.units.quantity.Quantity
#       unit: !astropy.units.Unit {unit: mas / yr}
#       value: !astropy.table.SerializedColumn {name: pmy_e}
#     r:
#       __class__: astropy.units.quantity.Quantity
#       unit: &id002 !astropy.units.Unit {unit: deg}
#       value: !astropy.table.SerializedColumn {name: r}
#     x:
#       __class__: astropy.units.quantity.Quantity
#       unit: *id002
#       value: !astropy.table.SerializedColumn {name: x}
#     y:
#       __class__: astropy.units.quantity.Quantity
#       unit: *id002
#       value: !astropy.table.SerializedColumn {name: y}
# schema: astropy-2.0
x y pmx pmy pmx_e pmy_e pm_corr g_mag bp_rp filter memberprob r pm member_prob_GMM
[from data line 5890]
0.007062073 -0.1259813 -6.852735 -0.5916928 0.3963638 0.3215984 0.08593189 18.58142 1.30743 1 0.0 0.12617908235816 6.878232138405685 0.0
0.09513049 -0.01693603 0.3595758 -2.517353 0.5119645 0.4711022 -0.0466342 19.07309 1.382984 0 0.0 0.09662628648458452 2.5429040254312865 0.0
0.1076929 -0.07909575 2.80181 -5.46457 0.3464492 0.299325 -0.09484737 18.33695 1.303717 0 0.0 0.1336184806771597 6.140982377519089 0.0
0.06325239 0.06431876 -2.765385 -6.11615 0.5786777 0.5211061 -0.06416094 19.171 1.304852 0 0.0 0.09020957670142178 6.712275696120132 0.0
0.08759772 0.01779348 4.041225 -2.265872 0.7615883 0.6674976 0.4044463 19.30816 1.052195 0 0.0 0.0893866236061571 4.633106454745994 0.0
0.04444226 -0.06857162 -1.895685 -2.954361 0.5096322 0.4100702 0.09291755 18.77782 1.228447 0 0.0 0.08171402292955597 3.510252204264816 0.0
-0.02110698 0.005744287 -6.146172 -6.17153 1.087732 0.8251975 -0.1222112 18.39591 1.010654 0 0.0 0.02187467572008255 8.709949069568891 0.0
0.05760056 -0.0536487 6.556994 -0.403185 0.3705796 0.2902777 0.4391797 17.96211 1.200249 1 0.0 0.07871472240949338 6.569378087784338 0.0
-0.02417437 -0.1245974 -1.43325 -3.815598 0.4012681 0.3245223 0.2495116 18.51873 1.474941 1 0.02897928 0.12692088973709922 4.075904029795599 0.0
-0.01293917 0.1294267 -4.620426 -9.37594 0.5762334 0.5341009 0.09246652 19.2269 1.381731 0 0.0 0.13007187548881927 10.452587588969346 0.0
-0.03457581 -0.09446664 1.628828 -3.466844 0.5863438 0.4704243 0.1744858 19.26493 1.153366 0 0.0 0.10059539109743398 3.830416161975093 0.0
0.1100787 -0.07674276 -4.993297 -2.351235 0.1498844 0.1209952 0.05654642 16.59023 1.344757 1 0.0 0.1341893118176988 5.519177561506243 0.0
-0.007097587 -0.02291593 -6.979618 6.741565 0.9383527 1.032726 -0.09503855 18.89723 nan 0 0.0 0.02398990598121362 9.703801630039074 0.0
-0.01941505 0.003314917 3.476046 -6.41961 0.9156316 0.682751 0.2092683 17.77812 nan 0 0.0 0.01969601079455911 7.300293716434702 0.0
0.08323417 0.0144735 -1.163907 1.048529 1.548933 1.341874 0.368378 19.91389 1.758829 0 0.0 0.08448318920257981 1.5665543618049136 0.0
0.04822098 0.04866628 -2.055511 -2.6763 0.3644011 0.3256246 0.1772116 18.0506 1.507568 0 0.0 0.06851036214470625 3.3745676998870535 1.0
0.04461918 -0.0357768 2.217877 -4.95884 0.7947966 0.5957557 0.5442098 18.84552 1.227301 0 0.0 0.05719135111284223 5.432225375730374 0.0
-0.0004014997 -0.02366318 -1.473902 -2.790014 0.1742937 0.1355856 0.1400155 16.6281 1.322895 0 0.0 0.02366658593294563 3.1554025457617927 1.0
0.06242829 0.004528073 -1.588734 -2.175795 1.228053 1.081938 0.03019895 19.91531 0.9145126 0 0.0 0.06259229055896125 2.694097178050747 1.0
0.114371 0.002625248 -3.835124 -4.522681 0.4050219 0.3617095 0.07186828 18.72126 1.393595 1 0.0 0.1144011257289958 5.929824577770999 0.0
0.00167783 -0.05738512 0.06017409 -1.109454 1.128863 0.9749897 0.0009254717 19.91722 nan 0 0.0 0.05740964301337624 1.111084649890965 0.0
-0.007227539 -0.02346908 -1.675144 -3.121828 0.2301275 0.1797008 0.1608578 17.13756 nan 0 0.0 0.024556771694237846 3.542868538673147 1.0
0.02106164 0.003642405 -0.8657097 -9.317291 0.4141896 0.3304619 0.1483093 17.49566 1.215471 0 0.0 0.021374278787215838 9.357422981962241 0.0
0.04642673 -0.07802599 -0.4436808 -9.591403 0.4140062 0.3182974 0.1824649 18.28614 1.4781 1 0.0 0.09079370228145232 9.601659448277555 0.0
0.03489083 -0.03676956 1.159359 -3.070199 1.311296 0.9931955 0.3404592 19.24924 1.19125 0 0.0 0.05068895896230756 3.281803648983589 1.0
0.02618738 -0.07157788 -1.654713 -2.352347 0.6195742 0.5655696 -0.04464082 18.94087 1.307236 1 0.7798429 0.0762179229352178 2.8760409456017832 1.0
0.1063044 -0.08069535 -4.296843 -5.4765 0.7245925 0.6413081 -0.09135942 19.60135 1.106483 1 0.0 0.13346297228438492 6.9609562573434545 0.0
0.1073776 -0.0507443 1.434691 -4.781426 0.2989681 0.2651089 -0.08564609 18.17676 1.19381 1 0.0 0.11876419058053653 4.992030935296475 0.0
0.1177007 -0.1079773 -1.875371 -5.493769 0.420216 0.3099008 0.390579 18.03431 1.109091 1 0.0 0.15972649152779886 5.805042137056543 0.0
-0.03397766 -0.1544675 -4.559035 -3.630959 0.3597434 0.2722923 0.01872789 18.36584 1.289131 1 0.0 0.15816032984072081 5.828264183348761 0.0
-0.0193936 0.003982497 -1.427376 -2.076531 0.2678375 0.184528 0.2144085 16.66905 1.399974 0 0.0 0.019798282837534396 2.5197982536975063 0.0
0.127844 -0.09076787 -3.111338 -6.587481 2.235075 1.571119 0.485561 20.02758 1.190229 0 0.0 0.15678933178101406 7.285281743049132 0.0
0.09094103 -0.02117886 2.325614 -2.70292 0.9604115 0.8442817 -0.09622044 19.48712 0.9685307 0 0.0 0.0933745953049356 3.5657056809832186 0.0
0.007111678 -0.07456691 0.6817723 -6.261888 0.4884164 0.3768625 0.3986896 18.53391 1.26194 0 0.0 0.07490527371903652 6.298893140353414 0.0
-0.01598613 0.06928733 -2.875031 -1.656913 2.418531 1.94011 0.3640767 20.01826 0.2823677 0 0.0 0.07110759770169289 3.3183073909042844 1.0
0.004664887 -0.07768327 -0.7641845 -4.013881 0.6517653 0.4773119 0.08580811 18.85747 1.494877 0 0.0 0.07782320739095548 4.085978295610642 0.0
0.04112123 0.04187015 -3.124918 -6.238849 1.182322 1.571962 -0.6035301 19.3164 nan 0 0.0 0.05868615695149411 6.977703730563874 0.0
0.01214926 -0.005113581 8.52348 0.5721275 0.80975 0.5385595 0.7434979 17.11683 nan 0 0.0 0.013181548816097486 8.542660076735832 0.0
-0.02059274 -0.03794907 -7.183448 -4.985957 0.2120644 0.175489 0.1596729 17.1452 1.179611 0 0.0 0.04317629968596776 8.744237666861132 0.0
-0.005099271 -0.07565389 -6.659526 -7.34364 2.304858 1.666623 0.7996436 20.09399 nan 0 0.0 0.07582554738914545 9.913543009150462 0.0
0.09384187 -0.07635552 -2.870716 -5.113076 0.321006 0.2808138 -0.0529913 18.14808 1.487173 1 0.0 0.12098124647881298 5.8638346271387976 0.0
0.0362144 -0.03357748 3.208076 -4.067702 1.904832 1.368211 0.5264991 19.9505 nan 0 0.0 0.04938552349130664 5.180535800723705 0.0
0.1479093 -0.07364198 -2.236659 -0.4944579 0.5004831 0.3965493 0.3332177 18.44607 1.513929 0 0.0 0.16522803105045583 2.2906619342786945 0.0
-0.01767766 -0.07721658 -0.9232184 -4.585656 0.9450885 0.7724131 0.1242309 19.94621 1.069912 0 0.0 0.07921426569736036 4.677667491863286 0.0
0.03790836 0.03867181 -1.810715 -2.396104 0.5438353 0.5248435 -0.1239209 18.08176 1.479143 0 0.0 0.054153048358940054 3.0033320146199287 1.0
-0.01927179 -0.1010208 -3.194062 0.1857333 0.5516521 0.4406991 0.3201989 18.91759 1.188038 1 0.0 0.10284261724812384 3.1994575975582005 0.0
-0.002522517 -0.08385531 -1.206323 -1.554837 1.068911 0.8426418 0.3534298 19.82534 1.103073 0 0.0 0.08389324232148493 1.9679261360371227 0.0
-0.007729011 -0.000554258 -0.6677102 -2.936119 0.1914155 0.1665649 -0.322765 15.5082 1.47648 0 0.0 0.007748858817186244 3.011084803413056 0.0
0.04370375 -0.01438328 -1.82739 -2.729653 0.3102385 0.2494857 0.3482903 17.62741 nan 0 0.0 0.04600974361611788 3.284868294545308 1.0
0.07095722 -0.04149467 -3.388448 -5.108464 0.5191693 0.4623539 -0.07674436 18.9899 1.340548 0 0.0 0.08219935953848606 6.130088440471312 0.0
0.08401638 0.04544774 3.076866 2.499 2.566138 1.949562 0.2954738 20.28425 0.777544 0 0.0 0.0955209358172961 3.96384981828979 0.0
0.03737391 -0.0497449 -1.567844 -1.999219 0.8135089 0.5998793 0.2861893 18.93453 1.156157 0 0.0 0.062220287886653985 2.540671450285731 1.0
0.04646259 0.04750805 -0.9465378 -4.260499 0.9197929 0.945907 -0.05113175 19.33074 1.14448 0 0.0 0.06645138888172766 4.364376878298876 0.0
-0.002264941 -0.02798527 -1.019004 -3.614473 0.2279024 0.1797178 0.11365 17.25847 1.400206 0 0.0 0.028076775005445 3.7553673881186374 0.0
-0.01054738 0.1195281 -1.55498 -3.807859 0.6908638 0.6313958 0.1231091 19.3854 1.714188 0 0.0 0.11999255774619691 4.113119614633278 0.0
0.07281488 -0.1143424 -1.182708 -1.070095 1.011061 0.8756852 -0.1667285 19.79622 1.00769 0 0.0 0.13555881080613832 1.5949612917839104 0.0
0.09465001 -0.1247501 -1.4409 -8.072316 0.771074 0.6816355 0.02614014 19.54874 1.575253 1 0.0 0.15659250251212573 8.199907219832186 0.0
0.04506049 -0.02550798 -0.4017377 -6.044808 0.2837486 0.2270801 0.4082631 17.54789 1.197458 0 0.0 0.05177938588589576 6.058143027072346 0.0
-0.01350918 -0.1271879 0.4615634 -3.981854 0.4412905 0.3621169 0.1095031 18.59954 1.282351 1 1.364644e-05 0.1279033222816452 4.0085161905043565 0.0
0.01739913 -0.06355226 2.024801 -7.133443 1.367194 1.137484 0.25546 19.82053 1.119137 0 0.0 0.06589096657254695 7.4152429578436605 0.0
-0.007068501 -0.0834437 -1.094377 -3.795947 0.3788406 0.3117329 0.05774713 18.51245 1.295591 1 0.06619998 0.0837425505706448 3.950553713713813 0.0
0.1248548 -0.03174023 -0.8010406 -4.037432 0.9436695 0.8750972 -0.1606606 19.8588 1.475441 0 0.0 0.12882609705914752 4.116129638079 0.0
0.1440442 -0.06943604 -1.583779 -6.163929 0.3380003 0.2951421 -0.08672887 18.23871 1.217018 1 0.0 0.1599065202064056 6.364147754246597 0.0
-0.007767014 0.1213672 -3.716925 -6.717042 0.5940906 0.525716 0.1299704 19.29229 1.582956 0 0.0 0.12161547492945211 7.676860340359788 0.0
0.03289544 -0.07865375 4.730571 -4.35774 2.697201 1.907754 0.6743082 19.98927 nan 0 0.0 0.08525562950243284 6.43181155613572 0.0
0.0007039099 -0.00352158 -1.426474 -4.063963 0.1854311 0.1576664 -0.1565756 13.67947 1.291165 0 0.0 0.0035912414070510506 4.307043456716568 0.0
0.05849479 0.05968891 -4.437247 -0.5299334 1.512661 1.363565 -0.04264347 19.74081 1.425455 0 0.0 0.08357276131690396 4.468779514301927 0.0
0.1490028 -0.06942191 0.1488942 -2.278694 0.477677 0.3739492 0.0908737 18.28042 0.9597263 1 0.03116965 0.1643813736281824 2.2835533338263945 0.0
0.1158503 -0.07043691 -2.33758 -2.729343 0.2594576 0.2105261 -0.009593186 17.55461 1.250782 1 0.0258485 0.13558263273899834 3.59354886818713 0.0
0.134601 -0.07055386 0.453352 -4.321414 0.3912768 0.2928247 0.2066234 18.01548 1.253662 1 0.0 0.15197130111274168 4.345129111464929 0.0
0.06167551 -0.0507194 -1.739562 -8.515955 1.29434 1.055681 0.1270997 19.79396 1.051722 0 0.0 0.07985190085477052 8.691810255284512 0.0
-0.01574102 -0.03380097 -5.406586 -3.106777 0.9093707 0.6884841 0.2593595 18.63781 1.342407 0 0.0 0.03728652951913466 6.235642348878342 0.0
0.04943793 -0.07578927 -15.94646 -12.22351 0.2984742 0.2314402 0.09544574 17.90325 1.633823 0 0.0 0.090488244373608 20.092381224028674 0.0
-0.005345774 0.01462851 2.31439 -1.726153 0.3570393 0.277204 0.1581625 17.29616 1.073962 0 0.0 0.015574678310616114 2.887214098661372 1.0
-0.0222217 -0.08350095 -1.422382 -6.999237 1.29777 0.9134509 0.7706112 19.10112 0.9900608 0 0.0 0.08640724854890648 7.142302789443542 0.0
-0.02670843 -0.02433692 -5.151963 -2.067717 3.183931 2.431866 -0.2496498 20.12206 nan 0 0.0 0.03613344583832685 5.551412103731627 0.0
0.0824522 0.0135362 -1.21313 -0.771017 2.295483 1.983221 0.7627415 20.0571 0.8820763 0 0.0 0.08355593333378546 1.4374114272500411 0.0
0.03949317 0.04043696 -0.1777259 0.1739441 0.8822677 1.161749 -0.5819099 19.22376 1.662271 0 0.0 0.05652307679780445 0.24868261993074625 0.0
0.00375951 -0.01765897 -1.442639 -4.419362 0.7245172 0.5621735 0.1045127 18.09772 1.001255 0 0.0 0.018054726165217794 4.648867364354999 0.0
0.03672883 -0.008232949 -0.7998488 -2.694911 0.08278816 0.0691951 0.002161421 15.01627 1.859314 1 0.7531073 0.03764024976545056 2.811103591257789 1.0
0.05184888 0.05369473 -1.29076 -2.240461 0.7305073 0.7257317 -0.1092447 19.46039 1.286564 0 0.0 0.07464201489126147 2.585677255598811 0.0
0.09401861 -0.1007317 -0.4753109 -5.252905 0.4085683 0.3465217 -0.009485131 18.55132 1.145332 0 0.0 0.13779105345131118 5.274365496501338 0.0
-0.006787648 -0.0786486 2.202814 -0.3374255 0.3799213 0.3012546 0.1898853 18.43401 1.445412 0 0.0 0.07894095544982911 2.228507457166399 0.0
0.01149814 0.1000424 0.9516685 -1.092999 0.2719788 0.2285823 0.2321198 17.66719 1.488956 1 0.0 0.10070098818392798 1.4492479939241767 0.0
0.1394882 -0.04626577 -1.770725 -4.808327 0.5082189 0.4276986 0.1946361 18.88591 1.373718 1 7.799439e-05 0.1469608091054649 5.124009715501524 0.0
0.08898097 0.04301035 -1.491549 -2.306616 1.038889 0.9208791 0.2624781 19.72315 1.028664 0 0.0 0.09883067959527243 2.7468519783302847 0.0
0.004818418 -0.05392155 -5.834882 0.4004933 1.761894 1.486043 0.4326082 20.05155 nan 0 0.0 0.05413640832586905 5.8486103338544355 0.0
-0.005423988 -0.07606591 0.9764318 -4.922661 0.552591 0.4277226 0.297689 18.86294 1.309635 0 0.0 0.07625904739735637 5.018566566358588 0.0
0.04750573 0.04958621 -1.415455 -2.730402 0.3008965 0.2419465 0.3148216 17.43638 1.632784 0 0.0 0.06867012891350212 3.0754849924246095 1.0
0.06143668 -0.1122197 -2.035237 -8.543596 0.4808875 0.4121135 -0.1783316 18.88984 1.018402 1 0.0 0.12793641669795353 8.782666010807027 0.0
-0.007308017 0.09922297 1.155328 0.7423346 0.2868431 0.2451442 0.2885932 17.94577 1.228138 1 0.0 0.09949173276254257 1.3732601523167995 0.0
0.1076817 -0.003751539 -2.459343 -4.636439 0.8972721 0.8246783 0.06875731 19.82324 nan 0 0.0 0.10774703039879346 5.248326837418761 0.0
-0.02031129 -0.1602289 -6.108773 -5.634185 1.965531 1.333357 0.4738915 20.25615 nan 0 0.0 0.16151114171063896 8.310303735709905 0.0
-0.02197962 -0.09388445 -4.765143 -3.861213 1.795079 1.289505 0.5935169 20.13267 nan 0 0.0 0.09642299335297001 6.133152015221699 0.0
-0.02179107 -0.01996703 -1.408479 -5.578787 1.24113 0.9862729 -0.1779341 19.9133 nan 0 0.0 0.02955559200499628 5.753840238033204 0.0
0.07651947 -0.1106889 -5.913639 -5.600028 0.6724998 0.5501294 0.09783849 19.38487 1.300558 1 0.0 0.1345632263000962 8.144411570095473 0.0
-0.02360773 0.02400428 -4.53814 -5.00089 0.6386592 0.4894311 0.4775847 18.4857 1.170454 0 0.0 0.0336679428250569 6.753044902242247 0.0
-0.02817122 -0.04636367 -8.453212 -9.229684 2.386398 1.894417 0.2764233 20.2122 1.288872 0 0.0 0.05425133668544306 12.515744478727585 0.0
0.04533401 0.04705118 -5.245199 -6.965553 1.586074 1.528881 0.2574194 20.00125 nan 0 0.0 0.06533747777556538 8.719578037119113 0.0
0.06333086 0.01701642 -6.914997 -5.923158 1.145329 1.047875 0.003600809 19.20529 1.212133 0 0.0 0.06557710254315907 9.104997759635802 0.0
0.01642855 0.02639095 -2.041639 -6.019703 0.7311272 0.6713832 -0.2649992 16.32541 1.332744 0 0.0 0.031086644994354085 6.356501711989858 0.0
0.1000857 -0.07142978 0.1445843 -2.517226 0.3138361 0.2792492 -0.1077039 18.27889 1.198807 1 0.001526751 0.12296081007922158 2.521374893759849 0.0
0.0009221287 0.08726436 -3.98592 -7.963738 0.5018069 0.4452264 0.1044598 19.03145 1.449184 0 0.0 0.08726923196378529 8.905542160870612 0.0
0.02089696 -0.09187371 -5.886205 -3.850816 1.315773 1.009957 0.4076769 20.00553 nan 0 0.0 0.09422028192701239 7.033931558373383 0.0
-0.008201145 0.1188685 0.7803514 -3.211621 0.2662842 0.2331602 0.1478051 18.04172 1.253479 0 0.0 0.1191510766697516 3.3050654691129737 0.0
0.09683993 -0.121721 -3.118212 -3.022456 0.8680279 0.737158 0.1654866 19.5042 1.064024 0 0.0 0.15554412198281523 4.342635875695774 0.0
-0.02200259 0.02335641 -1.453644 -2.098669 0.8329457 0.6121692 0.180458 18.80161 1.241678 0 0.0 0.03208793939778932 2.5529380036140714 0.0
0.05053748 -0.006805228 -5.840926 -7.159044 0.4404114 0.3806728 -0.04086327 18.6739 1.096617 0 0.0 0.05099360756881576 9.239498229417656 0.0
0.02472077 -0.05824106 -4.19009 -2.664735 0.341382 0.2876904 -0.1103025 17.68474 1.599236 0 0.0 0.06327035276744156 4.9656486815243985 0.0
0.05423862 0.05675574 -6.148296 -3.824865 1.310506 1.444782 -0.08354128 19.9475 1.186729 0 0.0 0.0785050439300049 7.240934744343509 0.0
0.00987713 -0.1086936 -0.6598962 -4.553473 0.9718562 0.7511038 0.2784555 19.83779 1.149876 0 0.0 0.10914145123644317 4.60104111658475 0.0
0.04059842 -0.05378684 -2.576065 -5.307061 0.247982 0.1898566 0.3571545 17.13363 1.370358 1 0.0 0.06738884079491203 5.899237861109349 0.0
-0.01355599 0.07265251 -4.990043 -3.35939 0.6647412 0.5445029 0.1915054 18.3854 1.432989 0 0.0 0.07390637370470966 6.015482550381889 0.0
0.08432413 0.0333051 0.1634302 -3.642635 0.7473716 0.6815965 0.1134145 19.49458 nan 0 0.0 0.0906630497295723 3.646299380673101 0.0
