jas1101finalproject/data/gcs/NGC_6638.ecsv
# %ECSV 0.9
# ---
# datatype:
# - {name: x, unit: deg, datatype: float64}
# - {name: y, unit: deg, datatype: float64}
# - {name: pmx, unit: mas / yr, datatype: float64}
# - {name: pmy, unit: mas / yr, datatype: float64}
# - {name: pmx_e, unit: mas / yr, datatype: float64}
# - {name: pmy_e, unit: mas / yr, datatype: float64}
# - {name: pm_corr, datatype: float64}
# - {name: g_mag, unit: mag, datatype: float64}
# - {name: bp_rp, unit: mag, datatype: float64}
# - {name: filter, datatype: int64}
# - {name: memberprob, datatype: float64}
# - {name: r, unit: deg, datatype: float64}
# - {name: pm, unit: mas / yr, datatype: float64}
# - {name: member_prob_GMM, datatype: float64}
# meta: !!omap
# - comments: [deg deg mas/yr mas/yr mas/yr mas/yr dimless mag   mag   zeroone float]
# - __serialized_columns__:
#     bp_rp:
#       __class__: astropy.units.quantity.Quantity
#       unit: &id001 !astropy.units.Unit {unit: mag}
#       value: !astropy.table.SerializedColumn {name: bp_rp}
#     g_mag:
#       __class__: astropy.units.quantity.Quantity
#       unit: *id001
#       value: !astropy.table.SerializedColumn {name: g_mag}
#     pm:
#       __class__: astropy.units.quantity.Quantity
#       unit: !astropy.units.Unit {unit: mas / yr}
#       value: !astropy.table.SerializedColumn {name: pm}
#     pmx:
#       __class__: astropy.units.quantity.Quantity
#       unit: !astropy.units.Unit {unit: mas / yr}
#       value: !astropy.table.SerializedColumn {name: pmx}
#     pmx_e:
#       __class__: astropy.units.quantity.Quantity
#       unit: !astropy.units.Unit {unit: mas / yr}
#       value: !astropy.table.SerializedColumn {name: pmx_e}
#     pmy:
#       __class__: astropy.units.quantity.Quantity
#       unit: !astropy.units.Unit {unit: mas / yr}
#       value: !astropy.table.SerializedColumn {name: pmy}
#     pmy_e:
#       __class__: astropy.units.quantity.Quantity
#       unit: !astropy.units.Unit {unit: mas / yr}
#       value: !astropy.table.SerializedColumn {name: pmy_e}
#     r:
#       __class__: astropy.units.quantity.Quantity
#       unit: &id002 !astropy.units.Unit {unit: deg}
#       value: !astropy.table.SerializedColumn {name: r}
#     x:
#       __class__: astropy.units.quantity.Quantity
#       unit: *id002
#       value: !astropy.table.SerializedColumn {name: x}
#     y:
#       __class__: astropy.units.quantity.Quantity
#       unit: *id002
#       value: !astropy.table.SerializedColumn {name: y}
# schema: astropy-2.0
x y pmx pmy pmx_e pmy_e pm_corr g_mag bp_rp filter memberprob r pm member_prob_GMM
[from data line 1967]
0.006971455 0.01595503 -2.75712 -4.401344 0.142594 0.1266761 0.3747104 16.55842 1.407992 1 0.9318563 0.01741161012422243 5.193605655104746 0.0
-0.002174829 0.01570535 -1.24984 -2.723668 0.7632689 0.7226768 0.6811379 19.06044 1.821028 0 0.0 0.015855216800843216 2.996742798410301 0.0
-0.02658759 0.03533667 -1.14198 -8.401135 0.5781914 0.5330178 0.5751141 17.78185 1.552092 0 0.0 0.04422194238946318 8.478395343968398 0.0
-0.0074617 -0.0251312 -2.354034 -5.325885 0.498113 0.4318735 0.5633393 18.61416 1.615593 1 0.0324473 0.02621553318797846 5.8229311438811475 0.0
0.03696062 -0.02225846 0.3614814 -2.011328 2.304399 2.391722 0.9433237 19.5735 nan 0 0.0 0.04314541079136922 2.043553064182567 0.0
-0.009116239 0.003333959 -2.695396 -4.597745 0.2382099 0.2177928 0.6455902 17.2005 1.504536 0 0.0 0.009706755179708716 5.329579597101539 0.0
-0.03556919 0.0324924 -3.300679 -6.932764 0.3997898 0.3382771 0.1499161 18.35324 nan 0 0.0 0.048175962211626865 7.678391663671306 0.0
-0.005040827 0.03722587 -3.453486 -4.89992 0.3656133 0.3318295 0.445781 18.32441 1.495981 1 0.1948359 0.03756561371920907 5.994646074506484 0.0
-0.04310229 -0.01317581 0.6049393 -4.852207 0.7891158 0.7928359 0.807384 18.73085 nan 0 0.0 0.04507115898665354 4.889771398289851 0.0
-0.01479368 0.02711422 -3.561264 -9.319552 1.277178 1.332831 0.9071385 19.0852 1.273401 0 0.0 0.030887439099912446 9.976805639000892 0.0
-0.04343283 -0.01307102 -4.617251 -2.482849 0.4870868 0.4306981 0.3648245 18.61575 1.470327 0 0.0 0.04535705331753045 5.242475174362012 0.0
0.003830904 0.01726361 -2.700104 -4.063876 0.1561194 0.136076 0.3241006 16.60431 1.608826 0 0.0 0.017683553254063955 4.879103376050972 0.0
0.01524014 0.04729772 -0.02787152 -7.464162 1.612859 1.338683 0.1587175 19.7835 1.069822 0 0.0 0.04969241576355491 7.464214036579546 0.0
-0.03499069 0.03287976 -1.099346 -3.076349 0.766365 0.6450801 0.07284018 18.05993 1.211464 0 0.0 0.04801486232755124 3.2668769180238484 0.0
0.02702839 0.02136715 -5.69677 -2.513786 0.5093188 0.4678449 0.3518264 18.5839 1.178991 0 0.0 0.034454157443109826 6.226741401945001 0.0
0.01157269 0.02152985 1.564877 -0.2832772 1.41463 1.504449 0.8734559 19.40285 1.666891 0 0.0 0.02444302753053721 1.5903100317764585 0.0
-0.009638434 -0.01140798 -2.377894 -3.887012 0.1413971 0.1225333 0.3245239 16.54457 1.370115 1 0.9809406 0.014934571224268743 4.556670074010187 0.0
-0.006362779 0.025179 1.290585 -1.043454 1.289661 1.136434 0.2972391 19.19073 nan 0 0.0 0.025970502451874915 1.659640290045105 0.0
-0.04045467 -0.02369773 -2.677353 -2.560209 1.98934 2.132277 0.9004184 19.65247 1.455698 0 0.0 0.046884568164394985 3.70444182169055 0.0
-0.008039381 -0.0348568 -4.200856 -9.923386 0.226224 0.2029669 0.5480452 17.27023 1.541588 0 0.0 0.03577189054415717 10.775935265104929 0.0
-0.03657731 -0.004733626 -1.472205 -7.058602 1.624579 1.758077 0.9015092 19.21312 0.5568161 0 0.0 0.03688233753362138 7.210495805173802 0.0
-0.004379042 0.02374667 -6.158049 -5.228344 0.395428 0.3625291 0.4960465 18.48537 1.526842 0 0.0 0.024147056651415384 8.078189677689984 0.0
0.01284107 0.03157573 -4.527165 -3.822621 0.3884716 0.3529268 0.50786 18.44083 1.558125 0 0.0 0.03408694477036334 5.925171241986682 0.0
0.03410355 0.002818295 -2.621772 -8.238924 1.498288 1.710998 0.8718934 19.46039 1.066889 0 0.0 0.03421980288238851 8.646013942722972 0.0
-0.02452148 0.03735509 -5.748841 -3.403241 0.724024 0.6857217 0.6148814 18.87887 1.521259 0 0.0 0.04468451331611994 6.680660307736204 0.0
-0.02514092 -0.0309739 2.572466 -2.941851 1.413217 1.444126 0.8243032 19.17338 nan 0 0.0 0.039892961028938426 3.9079494146364024 0.0
-0.01104094 -0.035105 -5.277318 -8.741081 0.1006765 0.08758449 0.430496 15.45969 1.717526 1 0.0 0.03680031767639513 10.210611260922873 0.0
-0.04134212 -0.005778491 5.297224 -3.046302 1.826267 2.006292 0.9059745 19.52632 1.227701 0 0.0 0.04174400369312317 6.110690466827787 0.0
0.01066355 0.02186563 -4.396375 -11.51733 1.982091 2.123713 0.8953618 19.68209 1.619291 0 0.0 0.02432729072254862 12.327895338196418 0.0
0.008213421 0.04903218 -1.09345 -8.44143 0.3440951 0.3032251 0.3310346 18.16924 1.218777 1 0.0 0.04971533928352135 8.511954731282351 0.0
-0.03911387 0.002873989 -2.070414 -5.387425 0.2954243 0.2641823 0.564011 17.59467 1.255728 1 0.0 0.03921931461855269 5.7715649751190545 0.0
-0.003331366 -0.003062989 -2.95571 -4.063206 0.1861613 0.1646055 0.5460455 16.28502 nan 0 0.0 0.004525472465950599 5.024526306283608 0.0
0.004709933 -0.04774076 0.259329 -2.754023 1.811755 2.043514 0.8881742 19.68241 1.178925 0 0.0 0.04797252999626025 2.7662057433911165 0.0
-0.04169346 -0.02517444 -0.1685438 -5.692318 0.7510903 0.7618973 0.7324712 18.96871 1.477646 0 0.0 0.04870417883596027 5.69481265939824 0.0
-0.0007146964 0.009828825 -12.74645 -14.72758 1.761389 1.854893 0.88942 19.07385 nan 0 0.0 0.009854775077331696 19.477515248585995 0.0
-0.004682655 0.03797548 -6.858481 -6.843643 0.6313303 0.582897 0.4903266 18.95858 1.432848 0 0.0 0.03826309369456977 9.688870477966459 0.0
0.01225807 -0.01153792 -2.39485 -4.315053 0.1889637 0.1672636 0.3053272 16.33497 1.446927 0 0.0 0.01683400956549865 4.9350773970940915 0.0
-0.004957803 0.02842919 -5.207336 -7.88185 1.480871 1.401338 0.6165136 19.89816 nan 0 0.0 0.02885825106694633 9.446687654378968 0.0
-0.02587138 0.03618751 -2.266337 1.284635 1.663619 1.740857 0.9134383 19.30279 nan 0 0.0 0.044484426298475516 2.6051046967049136 0.0
0.006555949 -0.0256385 -2.609142 -4.825576 1.85372 1.946149 0.9001542 19.50113 0.7030182 0 0.0 0.026463430418987653 5.48578214185908 0.0
0.03308411 0.001943107 -1.134161 -5.558776 1.521553 1.602481 0.8839352 19.48544 1.241421 0 0.0 0.03314112248107401 5.673298140596614 0.0
-0.02473274 -0.007238767 -0.8522006 -4.7584 0.328563 0.2921467 0.4448404 18.11695 1.454651 1 0.0 0.02577029638145221 4.8341096825206975 0.0
-0.02376751 -0.01329822 0.3725631 -6.591992 0.5101229 0.4380771 0.8418589 17.73051 1.646856 1 0.0 0.027234852427881814 6.60251177897818 0.0
0.01828484 -0.04497641 -0.3948507 -6.596902 1.530412 1.593958 0.9005158 19.23951 1.510471 1 0.0 0.048551136241221995 6.60870812435339 0.0
-0.03555856 -0.003436323 0.1310027 2.66666 1.496154 1.663693 0.8885839 19.24025 nan 0 0.0 0.03572421454747367 2.6698758890643752 0.0
0.0328437 0.02942234 -11.21089 -3.346919 0.8813053 0.7988685 0.3172819 18.97578 1.442078 0 0.0 0.044095155298123176 11.69982569890086 0.0
0.02200855 -0.009637682 -2.901781 -6.05263 0.3812908 0.3619389 0.5727138 18.25696 1.577713 0 0.0 0.02402626037142743 6.712277027124327 0.0
0.001984643 -0.01020216 -6.094412 -1.337079 0.7953639 0.6457823 0.1041004 18.41374 1.291756 0 0.0 0.01039340543340098 6.239361976835853 0.0
0.02041949 0.04005284 -0.6141893 -1.47145 0.5914881 0.4698543 0.04144734 18.59543 nan 0 0.0 0.04495759739939068 1.5944885069308243 0.0
-0.02219501 -0.02727115 -4.082791 -8.136323 1.516216 1.409499 0.8044838 19.20562 1.405493 0 0.0 0.03516154278786129 9.103237572974244 0.0
0.01222914 -0.02515829 -2.513446 -4.383991 0.3537596 0.3288067 0.4651269 18.29976 1.338064 0 0.0 0.027973048115350247 5.053393699584172 0.0
-0.004433701 0.01175898 -4.795209 -5.588496 0.5574091 0.5373581 0.5925363 18.62658 1.469837 0 0.0 0.012567072658252637 7.363784142388816 0.0
-0.02625704 0.03578688 -2.633987 -11.29881 0.4723358 0.4152875 0.3393129 18.45965 nan 0 0.0 0.04438617948974658 11.601766888378208 0.0
-0.03828766 0.003423571 -1.172204 -7.267482 0.1501998 0.1355555 0.3787843 16.67445 1.706285 1 0.0 0.03844041813856401 7.361409976216513 0.0
-0.006030287 -0.01222981 -2.154725 -4.133776 0.5351262 0.4787483 0.258546 18.68078 nan 0 0.0 0.01363571098030715 4.661646044456936 0.0
-0.03901009 0.02261699 -4.201629 -3.580323 0.8070193 0.7823417 0.6813386 18.96646 1.047991 0 0.0 0.04509229821674872 5.520181069310136 0.0
-0.001843353 -0.04212164 -2.421905 -4.342973 0.3108571 0.2643426 0.1580157 16.59199 nan 0 0.0 0.042161955677745895 4.972628913135787 0.0
-0.00308292 -0.02424409 -7.534611 -5.588646 2.756064 2.696986 0.8322747 19.90275 nan 0 0.0 0.024439318641371735 9.381008849512774 0.0
0.04151502 0.007389785 0.2849545 -3.079468 0.3663541 0.3426105 0.4674293 18.2809 1.314655 0 0.0 0.042167591915434594 3.092623842321314 0.0
0.01379759 -0.03652626 1.30523 -5.186456 0.8665173 0.7979574 0.3870283 18.94559 1.174065 0 0.0 0.03904537308562565 5.348172696616667 0.0
0.01575212 -0.04109841 -1.893808 0.8623308 0.4860086 0.4494159 0.4354012 18.64724 nan 0 0.0 0.04401373182340371 2.080894795392751 0.0
-0.01442656 -0.04733146 0.6666645 -1.341348 0.4927717 0.4594226 0.5138414 18.52246 1.476606 1 0.0 0.049481236233194496 1.4978838448505445 0.0
-0.04169918 -0.008696858 3.216277 -3.226616 0.4985459 0.4308176 0.2246851 18.50262 1.443506 0 0.0 0.04259644294708848 4.555819196608334 0.0
-0.004269267 0.03581828 0.4904554 -3.743571 1.571011 1.610358 0.9038873 19.32926 1.57826 0 0.0 0.036071814798755125 3.775562253682246 0.0
0.03412329 -0.02464181 -5.855264 -6.328652 0.5354021 0.5318052 0.6898762 18.51222 1.7199 0 0.0 0.04209058945299056 8.621830005677449 0.0
-0.04600426 0.01301674 -2.936439 -3.120986 0.6127244 0.5712673 0.5295019 18.87077 1.367624 0 0.0 0.04781032794674389 4.285233670748539 0.0
-0.006914404 0.03565794 -3.505273 -7.31832 0.5638253 0.5340563 0.5974609 18.88304 1.566999 1 0.0 0.03632213743323506 8.11447758188591 0.0
0.02099024 -0.005159045 -2.965458 -4.107062 0.2468182 0.2304686 0.5425497 17.50523 1.53397 0 0.0 0.0216149466936568 5.065757536796249 0.0
0.0283797 0.02708317 3.618487 -4.468775 0.4155259 0.3649049 0.3728384 18.47646 nan 0 0.0 0.03922888564997609 5.7500781011908 0.0
0.003306793 -0.007192398 -5.934374 -7.670469 0.6074962 0.6101605 0.6356775 17.73426 1.124132 0 0.0 0.007916152407277983 9.698086896488244 0.0
-0.0308262 0.01728833 1.535909 -4.200875 0.1229164 0.107219 0.3123161 16.3052 1.603745 1 0.0 0.035343188320083686 4.472847775400589 0.0
0.01132697 0.04528399 4.183749 -2.948262 0.5469641 0.506218 0.4964717 18.80559 1.262804 0 0.0 0.04667911738348317 5.118203250716505 0.0
0.024576 0.0193745 0.9347873 -6.958499 0.2992053 0.2931346 0.5758457 17.45614 1.632587 0 0.0 0.031294584615393126 7.021006739011314 0.0
-0.01443264 0.003283847 -3.412517 -10.75679 0.613661 0.5157192 0.2081688 18.42358 1.347229 0 0.0 0.014801511696073784 11.285114238650356 0.0
-0.006361796 0.006616683 -2.525984 -3.993179 0.07803837 0.06459487 0.1861421 14.75332 1.761696 1 0.9951385 0.009178940149500105 4.725047480639428 0.0
0.02427076 0.008508398 -0.9582995 -1.506774 1.327852 1.427559 0.855601 19.1919 1.301718 0 0.0 0.025718915752885152 1.785694772007873 0.0
-0.005122223 0.007509382 -2.155426 -4.371137 0.09077375 0.07577378 0.2053357 15.03238 2.019118 1 0.3465504 0.009089993755974368 4.873674169889181 0.0
-0.01697288 0.04575254 -7.273727 -10.85823 1.827291 1.971647 0.8639278 19.42552 nan 0 0.0 0.04879931937994628 13.069363534749082 0.0
0.02142504 -0.03823064 -3.301461 -3.03783 2.807742 2.924313 0.9072606 20.04482 nan 0 0.0 0.04382481230776922 4.486430189295382 0.0
-0.0167525 0.04621605 -5.174038 -7.089557 0.7484975 0.6736831 0.33116 18.96607 1.45088 0 0.0 0.049158616069337226 8.77681534964095 0.0
0.04484809 0.00706243 -5.085185 -3.441515 0.1186373 0.1082393 0.3465649 16.20635 1.66017 1 0.0 0.045400760942444565 6.140287613740092 0.0
-0.03151231 0.007289828 -3.178598 -8.818869 1.882043 1.961572 0.9068243 19.61683 1.106422 0 0.0 0.032344509175525976 9.374216537117382 0.0
0.001020692 -0.003591282 -1.785893 -3.903911 0.3257942 0.2765962 0.2866796 16.25255 nan 0 0.0 0.0037335128983824336 4.293010005039587 0.0
0.01014033 0.02463324 -0.2546605 -0.8478477 1.170782 1.224815 0.8921438 19.06103 1.257368 0 0.0 0.026638746318220382 0.8852670177158641 0.0
0.000332013 -0.02691052 -2.178391 -5.132296 0.6079508 0.5729542 0.572069 18.98627 nan 0 0.0 0.026912568054768927 5.5754685525520635 0.0
-0.01258572 -0.009430331 -1.582194 -6.718609 1.416892 0.8721025 -0.7585378 18.6698 1.181837 0 0.0 0.015726776233162376 6.902394131641353 0.0
-0.02534809 0.03726908 27.50801 22.50119 1.676089 1.765104 0.8824868 19.2511 1.415619 0 0.0 0.04507227518879539 35.53862920226665 0.0
0.04098304 -0.01775652 1.181404 -5.368113 0.5182584 0.4757614 0.4236555 18.65573 1.409082 0 0.0 0.04466434338655389 5.496576442840125 0.0
0.02178754 -0.01334934 -0.8436223 -6.44916 0.6596521 0.6670222 0.7756285 18.73163 1.267252 0 0.0 0.025551942738022877 6.504103573180342 0.0
-0.009753452 0.04835878 -1.819528 -7.050317 0.1286999 0.1146482 0.3518516 16.47223 1.654266 1 0.0 0.04933255952213207 7.281322128794536 0.0
-0.003441641 0.000284405 7.821079 -2.043625 1.379194 1.126951 0.2332582 18.35061 nan 0 0.0 0.0034533721167731113 8.083667476143857 0.0
0.03229225 0.02789089 -0.8813894 0.193747 0.4419313 0.3980667 0.4130369 18.18027 1.276434 1 0.0 0.042669557708682665 0.902432919635227 0.0
0.02507483 0.033443 -2.854176 -5.452657 0.3918452 0.3611717 0.5975917 17.8198 1.330851 1 0.004513269 0.04179929842149148 6.154493399023595 0.0
0.003663575 -0.04932764 -4.725881 -8.183019 1.319024 1.440411 0.8922533 19.15855 0.9204006 0 0.0 0.04946350017690039 9.449642912857714 0.0
0.008236356 -0.01841166 -1.544781 -3.056288 0.6716767 0.6785178 0.7136825 18.81609 1.410526 0 0.0 0.020169947548626298 3.424506486620371 0.0
-0.006058864 0.008287536 -2.284776 -4.368928 0.2237894 0.2020084 0.2542611 16.27924 nan 0 0.0 0.010266113476958648 4.930287338417509 0.0
-0.04009592 -0.02588534 -3.498168 -6.783077 0.3820582 0.3485248 0.6253168 17.88832 1.514313 0 0.0 0.04772560767095585 7.6319927243252135 0.0
0.01700158 0.03196622 -7.67218 -15.88926 2.069767 2.924378 0.8419308 19.60351 nan 0 0.0 0.036206255586359655 17.644572233409342 0.0
-0.01101309 -0.03849626 0.04200869 -3.366339 1.582463 1.714802 0.8829282 19.50126 nan 0 0.0 0.04004060670538971 3.366601103926112 0.0
-0.01525316 -0.04291033 4.389738 -5.158106 0.5053209 0.4447715 0.4100513 18.58069 nan 0 0.0 0.0455406994972025 6.7731718726073975 0.0
0.01401982 -0.01998194 -4.07286 -7.327625 0.1016128 0.09334032 0.3952943 15.78791 1.971939 1 0.0 0.02440969641343374 8.383452553705126 0.0
0.01668902 -0.03624052 -2.532438 -5.497477 1.735225 1.85403 0.8901083 19.69652 1.293083 0 0.0 0.03989860496847979 6.0527262939416815 0.0
0.04212513 0.01902631 -4.35409 -11.31405 1.296032 1.23737 0.8337757 19.13583 1.135048 0 0.0 0.046222581599614274 12.122946305688233 0.0
0.003333838 -0.02514818 -5.645424 -4.830476 0.5338807 0.4913176 0.463002 18.58009 1.244598 0 0.0 0.025368197277746085 7.429960331411737 0.0
-0.01250324 -0.007963572 -0.7358317 -0.4628476 0.4969099 0.4230485 0.2716025 18.57943 1.313593 0 0.0 0.014823949861517477 0.8692963772791475 0.0
-0.019916 0.01339201 -3.448324 -11.02146 0.7735841 0.7858782 0.7021111 18.92967 nan 0 0.0 0.023999853912890803 11.548312384958072 0.0
0.04652792 0.005652261 1.300958 -6.89512 0.09629904 0.08724859 0.3226748 15.67822 1.712349 1 0.0 0.04686998393362773 7.016777859684885 0.0
0.03520746 0.009875167 -1.617526 0.8851596 0.358204 0.3387389 0.5883113 18.11269 1.338856 0 0.0 0.03656616144647246 1.8438811995755475 0.0
-0.0145649 -0.04182305 0.4589979 -2.420978 0.393093 0.3454066 0.4248122 18.34418 1.487196 0 0.0 0.04428660997765013 2.4641050198172176 0.0
0.01581667 0.0308811 2.515306 -6.97334 0.3468838 0.3136579 0.5649029 17.8125 1.120371 1 0.0 0.03469595635083288 7.4131123712807705 0.0
0.01354933 -0.04034474 -4.002173 -9.273755 0.1478188 0.1350144 0.3661821 16.65651 1.651075 1 0.0 0.04255916339775137 10.100491103008506 0.0
-0.008812807 -0.002451007 -1.754329 -3.279705 0.4248311 0.3768492 0.4461151 18.05074 1.299179 0 0.0 0.009147294820508302 3.719426720244129 0.0
0.01374606 -0.00560241 -2.651006 -4.310966 0.1397012 0.1286108 0.4696567 16.51487 1.363839 1 0.9793582 0.014843893132588229 5.0608557245975705 0.0
0.01222676 -0.04845273 -0.7109115 -0.9248694 0.276645 0.2599053 0.5458095 17.5951 1.516817 1 0.0 0.049971598979325245 1.1665241394367327 0.0
-0.01986088 0.01319747 -0.4459037 -6.268024 0.788211 0.7313676 0.392953 18.51876 1.170015 0 0.0 0.023845917234933532 6.283864652763432 0.0
