jas1101finalproject/data/gcs/NGC_7078_M_15.ecsv
# %ECSV 0.9
# ---
# datatype:
# - {name: x, unit: deg, datatype: float64}
# - {name: y, unit: deg, datatype: float64}
# - {name: pmx, unit: mas / yr, datatype: float64}
# - {name: pmy, unit: mas / yr, datatype: float64}
# - {name: pmx_e, unit: mas / yr, datatype: float64}
# - {name: pmy_e, unit: mas / yr, datatype: float64}
# - {name: pm_corr, datatype: float64}
# - {name: g_mag, unit: mag, datatype: float64}
# - {name: bp_rp, unit: mag, datatype: float64}
# - {name: filter, datatype: int64}
# - {name: memberprob, datatype: float64}
# - {name: r, unit: deg, datatype: float64}
# - {name: pm, unit: mas / yr, datatype: float64}
# - {name: member_prob_GMM, datatype: float64}
# - {name: member_prob_DB, datatype: float64}
# meta: !!omap
# - comments: [deg deg mas/yr mas/yr mas/yr mas/yr dimless mag   mag   zeroone float]
# - __serialized_columns__:
#     bp_rp:
#       __class__: astropy.units.quantity.Quantity
#       unit: &id001 !astropy.units.Unit {unit: mag}
#       value: !astropy.table.SerializedColumn {name: bp_rp}
#     g_mag:
#       __class__: astropy.units.quantity.Quantity
#       unit: *id001
#       value: !astropy.table.SerializedColumn {name: g_mag}
#     pm:
#       __class__: astropy.units.quantity.Quantity
#       unit: !astropy.units.Unit {unit: mas / yr}
#       value: !astropy.table.SerializedColumn {name: pm}
#     pmx:
#       __class__: astropy.units.quantity.Quantity
#       unit: !astropy.units.Unit {unit: mas / yr}
#       value: !astropy.table.SerializedColumn {name: pmx}
#     pmx_e:
#       __class__: astropy.units.quantity.Quantity
#       unit: !astropy.units.Unit {unit: mas / yr}
#       value: !astropy.table.SerializedColumn {name: pmx_e}
#     pmy:
#       __class__: astropy.units.quantity.Quantity
#       unit: !astropy.units.Unit {unit: mas / yr}
#       value: !astropy.table.SerializedColumn {name: pmy}
#     pmy_e:
#       __class__: astropy.units.quantity.Quantity
#       unit: !astropy.units.Unit {unit: mas / yr}
#       value: !astropy.table.SerializedColumn {name: pmy_e}
#     r:
#       __class__: astropy.units.quantity.Quantity
#       unit: &id002 !astropy.units.Unit {unit: deg}
#       value: !astropy.table.SerializedColumn {name: r}
#     x:
#       __class__: astropy.units.quantity.Quantity
#       unit: *id002
#       value: !astropy.table.SerializedColumn {name: x}
#     y:
#       __class__: astropy.units.quantity.Quantity
#       unit: *id002
#       value: !astropy.table.SerializedColumn {name: y}
# schema: astropy-2.0
x y pmx pmy pmx_e pmy_e pm_corr g_mag bp_rp filter memberprob r pm member_prob_GMM member_prob_DB
[from data line 9104]
0.02427149 -0.0746193 -0.8118659 -2.957983 0.5066345 0.6591909 0.2068208 18.96268 0.6287708 0 0.0 0.07846747835447561 3.067375045192845 0.0 1.0
-0.02483604 0.03059199 1.976484 -2.80793 1.408098 1.615031 -0.1755125 20.0302 0.6550045 0 0.0 0.03940429843356813 3.433796716050034 0.0 0.0
-0.007178159 0.005706701 -0.3949826 -4.379426 0.2723886 0.3508497 0.0003639173 15.81438 1.068185 0 0.0 0.009170190997611882 4.397201762914542 0.0 0.0
0.04921344 -0.04942742 -0.9194629 -2.404388 1.983678 1.871022 -0.3127009 20.10363 0.646452 0 0.0 0.06974978512146113 2.574197676756859 0.0 1.0
-0.04994607 0.06067535 -3.137541 0.9498835 1.867098 2.294028 0.04238047 20.62516 0.2958984 0 0.0 0.07858821798506059 3.2781766563523163 0.0 1.0
-0.01816507 -0.1258587 -0.1243085 -5.258799 1.601889 2.075638 0.09253302 20.53383 0.500843 0 0.0 0.1271628174184376 5.260268008911072 0.0 1.0
0.03295686 -0.0893097 5.101188 2.346511 0.8102357 0.9982785 0.03139048 19.76303 1.013765 0 0.0 0.09519651850330242 5.615000702089448 0.0 1.0
-0.1973616 -0.005630823 -1.077691 -2.527711 2.058936 1.992581 -0.04236849 20.49987 0.3922386 1 0.9026322 0.19744190872815562 2.7478611302251066 0.0 0.0
-0.01668988 0.07726796 -1.977092 -4.553884 1.608804 1.756583 -0.1316901 20.27857 0.6645546 0 0.0 0.07904991927241925 4.964549552771127 0.0 1.0
-0.00995354 -0.02254486 -2.05652 -2.799176 0.8046965 0.549245 -0.3129246 18.81837 0.7735882 0 0.0 0.024644343589375634 3.4734220574781864 0.0 0.0
-0.05454662 0.02442615 -0.7735868 -3.31309 1.356231 1.648476 0.3218206 20.21835 nan 0 0.0 0.05976596487338676 3.4022054443014227 0.0 1.0
0.001174916 -0.0562126 -1.701724 -3.176713 0.9687365 1.025794 -0.2005836 19.58658 0.4572315 0 0.0 0.056224877290813685 3.6037993918287126 0.0 1.0
0.01475181 -0.06405425 -0.4028386 -0.7862089 1.25174 1.555981 0.1766838 20.38569 0.1941643 0 0.0 0.06573098844029808 0.8834044215924945 0.0 1.0
0.003262158 0.06137258 4.447877 -3.584873 2.071666 3.232986 0.3709132 20.33298 nan 0 0.0 0.061459216157329605 5.712698507120606 0.0 1.0
-0.005656974 -0.004528169 -5.974314 2.591405 0.7529766 0.8539125 -0.1671232 15.38892 0.6823883 0 0.0 0.007246079583418679 6.512127735588499 0.0 0.0
0.1411719 -0.04764163 -0.09037247 -3.966667 0.5057127 0.5508088 -0.08464419 18.90774 0.749527 1 0.9922052 0.14899406115233887 3.967696343247918 0.0 1.0
0.01326398 -0.1476237 0.7462825 -5.242995 1.617399 2.727011 0.3964947 20.56561 0.5580921 0 0.0 0.14821838606303336 5.295841211727486 0.0 1.0
0.05586679 -0.0473471 1.566659 -3.347018 1.918785 2.776547 0.3894079 20.38422 nan 0 0.0 0.0732314556957193 3.6955310734189477 0.0 1.0
0.03819462 0.01149338 -1.354527 -3.182686 0.4450921 0.4742345 -0.1503122 18.73679 0.6673508 0 0.0 0.039886423514383935 3.4589353229462096 0.0 0.0
-0.04322737 -0.07348012 -0.3407458 -3.799732 0.9067269 1.187013 0.1028007 19.81678 0.2794971 0 0.0 0.08525217623223057 3.8149798127960834 0.0 1.0
0.02501737 -0.0732488 -1.675157 -4.877561 0.5824361 0.7726717 0.04374177 19.25768 0.5923176 0 0.0 0.0774032008586008 5.157203921057418 0.0 1.0
-0.02808496 0.05325637 -2.016768 -2.906783 0.5732201 0.6062674 -0.1261253 18.98456 0.7448616 0 0.0 0.06020802208824418 3.5379005886136765 0.0 1.0
-0.01511107 0.0452292 -2.710742 -1.752439 1.354497 1.469791 -0.1414451 19.07558 0.6536922 0 0.0 0.04768673787527199 3.2278730828960733 0.0 1.0
-0.2114192 -0.05131342 -0.3412212 -3.596871 1.020299 1.666877 0.266615 19.67249 0.9809933 1 0.9437444 0.21755722281904685 3.613019913862978 0.0 0.0
-0.01717215 -0.001437769 -0.557658 -3.820853 0.3730484 0.5097106 0.04062462 18.28101 0.6124668 0 0.0 0.01723223477439479 3.86133397837755 0.0 0.0
-0.002792673 0.03092749 -1.623521 -4.955739 0.5994231 0.6550732 -0.1497705 18.32217 nan 0 0.0 0.031053319632287767 5.214898798017273 0.0 0.0
0.01916604 -0.03658339 -1.470303 -0.4460279 1.156666 1.305614 -0.1487378 19.79709 0.6846771 0 0.0 0.04129989725379108 1.5364673115258292 0.0 0.0
-0.02922738 -0.02877665 -1.394283 -4.101805 1.06571 1.088085 -0.05573997 19.47905 0.7432289 0 0.0 0.04101628124156187 4.3323006984873516 0.0 0.0
0.03841042 -0.03689602 0.1039403 -3.346476 1.282688 1.987828 0.4724627 19.8425 0.5497932 0 0.0 0.05326046053515497 3.348089784420378 0.0 1.0
0.02617206 0.01915375 -0.6200995 -3.616427 0.04562188 0.04713055 -0.1848276 13.79756 1.311245 0 0.0 0.03243212703024734 3.6692053139922884 0.0 0.0
0.01284251 -0.07268891 2.104815 -2.115407 1.191915 1.457993 0.1612875 20.32426 0.4808846 0 0.0 0.07381468485395165 2.984156993168087 0.0 1.0
-0.009923793 -0.02490425 1.185212 -5.520673 1.0207 0.7478439 -0.2134859 18.7499 0.6882286 0 0.0 0.026808642926663576 5.646464190789932 0.0 0.0
-0.1030204 0.02144122 -0.72546 -2.374541 1.539228 1.841909 0.03633031 20.52056 0.9779568 0 0.0 0.10522798454426655 2.482888876345657 0.0 1.0
-0.009027773 0.003795594 0.6570672 -5.507831 0.2766411 0.3538061 0.2490851 15.55385 0.6471014 0 0.0 0.009793223123791522 5.546885579302754 0.0 0.0
0.04362634 -0.003865659 -6.097614 -9.561866 1.090369 1.398155 -0.08516447 19.53692 0.6462021 0 0.0 0.04379727002108557 11.34064274611241 0.0 1.0
-0.01466363 0.04583857 0.5928777 -5.41925 1.69002 2.028412 -0.120995 20.28224 nan 0 0.0 0.04812687964559722 5.451584588874806 0.0 1.0
0.05353491 -0.1740382 -0.6605527 -3.406161 1.237595 1.446424 0.08467854 20.29126 0.6471233 0 0.0 0.18208591831316365 3.4696199543175172 0.0 0.0
-0.08515394 0.01680099 2.181436 -2.484767 1.801781 2.217778 -0.01614257 20.54523 0.7009258 0 0.0 0.08679554575266925 3.306467914011113 0.0 1.0
0.013254 0.05315985 -0.7886511 -0.9363387 1.177297 1.129381 -0.2850674 19.73757 0.3316517 0 0.0 0.05478720806924277 1.2242143270885617 0.0 1.0
0.03017242 -0.008594891 -0.03271153 -4.482399 0.310037 0.370437 -0.1073387 17.94553 0.9093552 0 0.0 0.03137271234621388 4.482518359069591 0.0 0.0
0.04436808 0.0205428 1.913445 -3.665348 1.745571 1.528114 -0.3878062 20.12112 0.5820236 0 0.0 0.04889307880187543 4.134736718235999 0.0 1.0
-0.04451824 -0.1200268 -0.230152 -3.381626 0.3606338 0.4319516 0.1528444 18.56781 0.8464203 1 0.9956908 0.1280168208124917 3.38944897394547 0.0 1.0
0.0007866907 0.05395203 -1.191556 -2.951555 0.8969116 1.118282 -0.03316097 19.43267 0.936224 0 0.0 0.05395776518146731 3.182998997668865 0.0 1.0
-0.01055149 -0.054306 0.1324458 -6.584887 1.115451 1.211846 0.09418505 19.97905 0.5028172 0 0.0 0.055321565209419915 6.586218846402437 0.0 1.0
-0.02459802 0.02404118 -2.446899 -3.398601 1.011299 1.616898 0.2000512 19.45552 0.8647766 0 0.0 0.03439536195060026 4.187816074447635 0.0 0.0
-0.006372578 0.01122083 -1.220374 -4.231182 0.33686 0.4221624 -0.04805559 15.00185 0.8292322 0 0.0 0.01290413795086615 4.403659139511141 0.0 0.0
-0.0470501 0.07706275 -3.275786 -1.821499 2.216735 2.402696 -0.1015146 20.73897 0.4144669 0 0.0 0.0902905274520672 3.7481505472428664 0.0 1.0
-0.2138976 -0.05366701 16.88861 -0.3010806 1.267683 1.488671 0.1765416 20.20523 1.9172 0 0.0 0.22052739341882246 16.891293534238173 0.0 0.0
0.03879317 -0.001790259 0.7641794 -6.509155 1.259312 1.973769 0.112794 19.65396 0.6794052 0 0.0 0.038834457198935864 6.553859089834733 0.0 0.0
0.001711798 -0.023781 -1.019814 -3.865986 0.0588303 0.053077 -0.145491 14.33891 1.218115 0 0.0 0.023842529509110477 3.9982331531305175 0.0 0.0
0.01451164 -0.03732469 1.194368 -3.825127 0.6263113 0.6728587 -0.1058257 19.25627 0.6975613 0 0.0 0.040046475239222994 4.00725735204928 0.0 0.0
0.03074323 -0.04311783 0.03426047 -4.096442 0.3757322 0.4065454 0.01303976 18.61986 0.760313 0 0.0 0.05295558001515799 4.096585265702231 0.0 1.0
0.05385482 0.01617959 -1.252691 -3.564654 0.4561374 0.4776056 -0.1556479 18.55122 0.8399067 1 0.9969569 0.05623273752717806 3.7783584902966787 0.0 1.0
0.01415158 0.0008413344 -0.4517674 -4.423002 0.4886226 0.4631838 -0.2408064 17.71431 nan 0 0.0 0.014176567287923525 4.446013998595457 0.0 0.0
0.04840258 -0.02056939 1.710284 -0.2692343 1.871111 2.934587 0.4909594 20.48951 0.4051781 0 0.0 0.052591915306713255 1.7313458548055873 0.0 1.0
-0.0609417 0.1034652 -1.218699 -0.2877363 1.944705 3.161174 0.2043082 20.55342 0.4830952 0 0.0 0.12007888411344435 1.2522058261079485 0.0 1.0
-0.07113812 0.0005519792 -0.9262256 -4.081621 0.2300278 0.2428632 0.0348238 17.81151 0.9485073 1 0.9985807 0.07114026144295249 4.185394109249016 0.0 1.0
-0.03162025 -0.07981796 0.5752823 -4.571299 1.365575 1.567026 0.121363 20.32775 nan 0 0.0 0.08585305439309716 4.6073554531959315 0.0 1.0
-0.05493431 0.02486397 0.9303688 -2.739862 0.3852287 0.4507784 0.1465721 18.56465 0.6301403 0 0.0 0.06029921574396304 2.893515143049616 0.0 1.0
0.0362295 -0.01578007 -0.7978309 -3.767904 0.08215678 0.09551471 -0.1015848 15.59401 1.103706 1 0.9997582 0.03951692396246069 3.8514457932328234 0.0 0.0
-0.06590066 0.06832062 -1.084798 -2.644101 0.69991 0.8699188 0.00430916 19.35991 0.7095985 1 0.9885529 0.09492420189614448 2.8579812453907043 0.0 1.0
-0.0199453 0.0152193 -0.6885637 -3.051004 0.4414142 0.692429 0.1588044 18.62797 nan 0 0.0 0.025088684393168168 3.1277380607994796 0.0 0.0
-0.03810897 0.03625075 -0.4941129 -4.030061 0.3123275 0.3602723 -0.07830602 18.17919 0.7886543 0 0.0 0.052596677366763385 4.060238813378766 0.0 1.0
0.03511265 -0.1441046 -1.963325 -6.853452 0.8127147 1.006951 0.0356408 19.77878 0.5959206 1 0.3886214 0.1483207130888417 7.129126830961068 0.0 1.0
0.02426472 -0.0002756409 0.1815543 -4.205192 0.4375952 0.6419474 0.1278532 18.59983 0.7640285 0 0.0 0.024266285553915187 4.209109373812053 0.0 0.0
-0.1644988 0.07008952 2.221134 -1.894702 1.554475 1.665794 0.08600916 20.47 0.786211 0 0.0 0.17880826607086822 2.9194745956695702 0.0 0.0
0.00785758 -0.01785476 -0.8765248 -4.388534 0.1114449 0.1128097 -0.2215956 14.90378 1.161949 0 0.0 0.01950728115637851 4.475212441233493 0.0 0.0
0.03002183 0.003991686 -0.4472954 -4.050547 0.04459604 0.04685616 -0.1922854 13.84105 1.316793 1 0.999121 0.030286033640466954 4.07516922029873 0.0 0.0
0.002189459 -0.0609018 -6.338814 -6.044839 1.802482 2.104864 0.1783359 20.2704 nan 0 0.0 0.06094114352350701 8.75903199346349 0.0 1.0
-0.04365649 0.03917176 -1.539959 -6.803577 0.6554931 0.7913556 -0.02660492 19.26847 0.5983982 0 0.0 0.05865420616305108 6.975681595128178 0.0 1.0
-0.009833526 -0.004261018 2.287914 -2.603184 0.559443 0.8414014 0.129196 17.52335 nan 0 0.0 0.010717019547850046 3.465705903456322 0.0 0.0
-0.04855948 -0.02235273 2.191767 -5.577378 2.75089 2.824943 0.2854869 20.4859 0.3904819 0 0.0 0.053457157016842 5.9925777372657425 0.0 1.0
0.01432803 0.04777451 2.047052 -4.597737 0.9932781 0.9072583 -0.362596 19.3762 0.6185722 0 0.0 0.049876810738267933 5.032852810471711 0.0 1.0
0.0180027 -0.04050784 -8.997103 1.40399 2.784986 3.083788 0.2432999 20.63097 1.092873 0 0.0 0.044328120970278 9.105989804118439 0.0 1.0
-0.160284 -0.06239653 -3.222994 -7.766385 1.83256 2.019509 0.3112221 20.45535 0.5018368 0 0.0 0.1720008360794822 8.408592408498642 0.0 0.0
-0.02203223 0.02962853 -2.036324 -5.939499 0.8022197 0.8835452 0.04045666 19.33281 0.7248707 0 0.0 0.03692247213735559 6.278874405813274 0.0 0.0
-0.04564605 0.09066666 1.274748 -5.157242 1.062577 1.180629 -0.08656033 19.90643 0.5944443 0 0.0 0.10150864552420202 5.312450236008616 0.0 1.0
-0.06759902 -0.04239671 -1.162223 -3.531474 0.4085786 0.5220674 0.1585782 18.64815 0.7232647 0 0.0 0.07979416346941987 3.7178045826004626 0.0 1.0
-0.03606534 -0.07078229 -1.378245 -2.372017 3.064397 2.770907 -0.1784141 20.70191 nan 0 0.0 0.079440803916877 2.7433599706042955 0.0 1.0
0.2370824 -0.06292564 -9.63089 -1.150114 1.645623 1.765547 -0.05121976 20.30482 0.9848328 0 0.0 0.24529105274993135 9.699319790845955 0.0 0.0
0.03858418 -0.0006115483 -0.7500288 -3.004361 0.6276895 0.934781 0.1166597 19.19212 0.7807999 0 0.0 0.038589026129142376 3.096567166904416 0.0 0.0
0.1931474 -0.1288962 2.816554 1.876513 1.076024 1.22366 0.01208818 20.13549 2.313221 1 0.0001471137 0.2322071241396353 3.384416858793402 0.0 0.0
0.0238815 -0.05155664 -0.0892256 -4.515966 1.182252 1.528683 0.1755215 20.08212 0.6953545 0 0.0 0.05681912680022107 4.516847365237324 0.0 1.0
0.03796326 -0.03961119 -0.5134802 -3.801225 1.383542 1.989523 0.3939352 19.92467 0.4981613 0 0.0 0.05486579520105126 3.835749394370941 0.0 1.0
-0.05879256 -0.0215801 -4.869736 -9.514291 1.787595 2.616864 0.2886356 20.60155 0.9457588 0 0.0 0.06262799555600994 10.688127148494118 0.0 1.0
0.01310921 -0.03486142 -3.288927 2.710046 1.499395 1.76727 -0.1293302 19.37322 0.5942612 0 0.0 0.03724473105340539 4.261618252899361 0.0 0.0
0.03363098 0.007758178 -0.7058295 -4.156327 0.2714606 0.3240989 -0.134986 17.69837 0.9738636 0 0.0 0.03451423100171991 4.215833181471872 0.0 0.0
-0.03056758 -0.008003567 0.5554194 -4.787047 0.9389646 1.119181 -0.1030601 19.4276 nan 0 0.0 0.031598006769096826 4.819160683158984 0.0 0.0
-0.05349849 0.04478402 -2.081904 -7.300677 1.721347 2.140204 0.2598204 20.4657 0.5867329 0 0.0 0.06976888188612815 7.591719760603984 0.0 1.0
0.03793442 -0.04659018 0.2207915 -5.142331 2.019113 2.875248 0.3764401 20.48288 nan 0 0.0 0.060080488456476455 5.1470687774725965 0.0 1.0
0.03368807 0.02803139 -0.5904533 -3.733529 0.1677448 0.1823898 -0.1271248 17.0678 1.025106 1 0.9997071 0.04382516269972081 3.779930408528957 0.0 1.0
0.02557548 0.01893816 -0.7182386 -3.17199 0.266733 0.2642874 -0.2843797 17.60353 nan 0 0.0 0.03182387596469041 3.2522895391754347 0.0 0.0
-0.07829867 -0.002402398 -0.6654858 -2.857101 0.6580408 0.7844826 -0.002729033 19.40782 0.6197071 1 0.9935568 0.0783355171037972 2.9335809984049597 0.0 1.0
-0.02783162 -0.09114516 -2.46736 -2.839042 0.5896389 0.8239514 0.1672214 19.24898 0.8813877 0 0.0 0.09529973380471742 3.761386027432441 0.0 1.0
-0.002315963 -0.03192442 1.510417 -9.138133 1.814211 1.321496 0.08501783 19.81411 nan 0 0.0 0.03200831574690816 9.262118237184083 0.0 0.0
0.05640312 -0.04386417 -0.8492127 -5.004904 0.5691477 0.7740526 0.3456893 18.8985 0.7184353 1 0.9911257 0.07145192338575149 5.076438343864455 0.0 1.0
-0.03900301 0.04167157 -0.8861193 -2.952933 1.493785 2.138822 0.09759553 20.11883 0.7489853 0 0.0 0.057076742508004076 3.0830213616388535 0.0 1.0
-0.007746209 -0.03731639 -0.412869 -3.316357 0.9466062 0.8275592 -0.2474355 19.23728 nan 0 0.0 0.03811189730915769 3.3419581928279714 0.0 0.0
0.08128675 -0.0425426 -3.05669 -7.119972 2.408532 3.365337 0.4363395 20.63136 0.92453 0 0.0 0.09174643611782694 7.748377574491578 0.0 1.0
-0.05109617 -0.02627758 2.153698 -0.3019375 1.31891 1.591608 0.100701 20.2765 0.7629452 0 0.0 0.05745719971705287 2.1747600624230365 0.0 1.0
-0.125762 0.06011868 -0.7341645 -2.590101 1.094631 1.227232 0.1219521 20.1239 0.5844536 0 0.0 0.13939274130650564 2.6921405429994274 0.0 1.0
-0.1483973 0.06381345 -1.661532 -5.111976 0.9275881 0.9988716 -0.0483673 19.66063 0.6047745 0 0.0 0.16153611066319662 5.375219736122422 0.0 1.0
-0.05109645 -0.02775101 0.2146147 -1.808547 1.576344 2.109204 0.1440486 20.07376 nan 0 0.0 0.058146072598436085 1.8212363165347571 0.0 1.0
0.05493688 -0.02331852 -0.7923585 -3.618146 1.171191 2.022722 0.4918592 19.84687 nan 0 0.0 0.059680936312400464 3.703891530517362 0.0 1.0
0.001562106 0.06423931 -0.153037 -6.359791 2.153326 2.777979 -0.004072846 20.58343 0.8219013 0 0.0 0.06425830004311767 6.3616320144323035 0.0 1.0
-0.1068909 0.03959403 -0.07476707 -3.860288 0.5531832 0.6769469 0.337767 19.00366 0.6361561 1 0.9933917 0.11398838412071162 3.861011986215581 0.0 1.0
-0.06311219 0.005269686 -1.4573 -2.14264 0.8511833 0.9399095 -0.07679293 19.54157 0.6199169 0 0.0 0.0633318096783496 2.5912602068491695 0.0 1.0
-0.08466863 -0.05173211 -0.4292665 -4.032094 0.5011413 0.5719984 -0.03440387 19.07281 0.5531387 0 0.0 0.09922191346234459 4.054879992411396 0.0 1.0
0.04434615 -0.0268386 -0.7058352 -3.388962 0.8908761 1.347227 0.4442952 19.52409 nan 0 0.0 0.051835233864452664 3.461685538433992 0.0 1.0
0.009977026 -0.0506277 -0.9380664 -3.433356 0.2298416 0.2446497 0.06777458 17.72117 0.08263397 0 0.0 0.051601405553479605 3.5591996282233116 0.0 1.0
