jas1101finalproject/data/gcs/NGC_6584.ecsv
# %ECSV 0.9
# ---
# datatype:
# - {name: x, unit: deg, datatype: float64}
# - {name: y, unit: deg, datatype: float64}
# - {name: pmx, unit: mas / yr, datatype: float64}
# - {name: pmy, unit: mas / yr, datatype: float64}
# - {name: pmx_e, unit: mas / yr, datatype: float64}
# - {name: pmy_e, unit: mas / yr, datatype: float64}
# - {name: pm_corr, datatype: float64}
# - {name: g_mag, unit: mag, datatype: float64}
# - {name: bp_rp, unit: mag, datatype: float64}
# - {name: filter, datatype: int64}
# - {name: memberprob, datatype: float64}
# - {name: r, unit: deg, datatype: float64}
# - {name: pm, unit: mas / yr, datatype: float64}
# - {name: member_prob_GMM, datatype: float64}
# meta: !!omap
# - comments: [deg deg mas/yr mas/yr mas/yr mas/yr dimless mag   mag   zeroone float]
# - __serialized_columns__:
#     bp_rp:
#       __class__: astropy.units.quantity.Quantity
#       unit: &id001 !astropy.units.Unit {unit: mag}
#       value: !astropy.table.SerializedColumn {name: bp_rp}
#     g_mag:
#       __class__: astropy.units.quantity.Quantity
#       unit: *id001
#       value: !astropy.table.SerializedColumn {name: g_mag}
#     pm:
#       __class__: astropy.units.quantity.Quantity
#       unit: !astropy.units.Unit {unit: mas / yr}
#       value: !astropy.table.SerializedColumn {name: pm}
#     pmx:
#       __class__: astropy.units.quantity.Quantity
#       unit: !astropy.units.Unit {unit: mas / yr}
#       value: !astropy.table.SerializedColumn {name: pmx}
#     pmx_e:
#       __class__: astropy.units.quantity.Quantity
#       unit: !astropy.units.Unit {unit: mas / yr}
#       value: !astropy.table.SerializedColumn {name: pmx_e}
#     pmy:
#       __class__: astropy.units.quantity.Quantity
#       unit: !astropy.units.Unit {unit: mas / yr}
#       value: !astropy.table.SerializedColumn {name: pmy}
#     pmy_e:
#       __class__: astropy.units.quantity.Quantity
#       unit: !astropy.units.Unit {unit: mas / yr}
#       value: !astropy.table.SerializedColumn {name: pmy_e}
#     r:
#       __class__: astropy.units.quantity.Quantity
#       unit: &id002 !astropy.units.Unit {unit: deg}
#       value: !astropy.table.SerializedColumn {name: r}
#     x:
#       __class__: astropy.units.quantity.Quantity
#       unit: *id002
#       value: !astropy.table.SerializedColumn {name: x}
#     y:
#       __class__: astropy.units.quantity.Quantity
#       unit: *id002
#       value: !astropy.table.SerializedColumn {name: y}
# schema: astropy-2.0
x y pmx pmy pmx_e pmy_e pm_corr g_mag bp_rp filter memberprob r pm member_prob_GMM
[from data line 3317]
-0.02269461 -0.002603759 -1.656312 -4.767745 1.291881 1.110901 0.1953562 20.02503 0.7675972 0 0.0 0.022843486686190902 5.047252898990598 0.0
0.001517928 -0.006141841 -0.3586254 -7.509791 0.08207026 0.07120165 0.007751938 15.45 1.19485 0 0.0 0.00632663546306131 7.518349090139814 1.0
-0.004856792 -0.01033443 0.4070157 -7.046935 0.1405154 0.1231121 0.0100539 16.48143 nan 0 0.0 0.011418794680532793 7.0586793859950525 1.0
-0.09189665 0.03564095 -4.693754 -1.111783 0.7844372 0.7280988 0.1947581 19.72195 1.139244 1 0.0 0.09856607731935464 4.823628100465976 0.0
0.04534598 0.03610953 0.7413902 -7.056203 1.568289 1.472227 -0.2051812 20.36593 0.7098923 0 0.0 0.05796685310573017 7.0950447641903605 1.0
0.0464073 0.06688542 1.706583 -2.727724 0.7990857 0.8228078 0.08459488 19.62036 1.277506 0 0.0 0.0814082115137435 3.217592851195595 0.0
-0.04631018 -0.03726339 1.340332 -4.753069 1.024428 0.9621143 0.07623728 19.69921 1.771713 0 0.0 0.059440667946486773 4.938436472101772 0.0
-0.001005988 -0.005329296 -0.2230218 -7.236776 0.1346037 0.1181621 -0.02923372 16.56038 0.4236574 0 0.0 0.00542341292100832 7.240211709435798 1.0
-0.04009101 0.006436225 -1.934325 -6.949934 1.257346 1.131053 0.1291178 20.20658 0.5133972 0 0.0 0.04060436029628746 7.214097019723328 1.0
-0.004950393 -0.009151887 -2.243169 -10.1826 1.536685 1.335695 0.04422933 19.25784 nan 0 0.0 0.0104049712404801 10.426751647687837 0.0
0.01513307 0.007901323 3.262409 -7.512986 1.272615 1.174463 -0.4466923 19.72854 0.8599758 0 0.0 0.017071634742321224 8.190743013883234 1.0
0.001108218 0.05776578 0.4656052 -6.156649 1.100173 1.024285 -0.0468481 20.0202 0.6382599 0 0.0 0.05777640942585412 6.174229920521913 0.0
-0.00141734 -0.003997978 0.7157536 -7.637741 0.09078123 0.07864579 0.07655633 14.67889 1.194747 0 0.0 0.004241778019190066 7.671205302883893 0.0
-0.0003517914 0.0147818 -2.980078 -5.442742 0.7467767 0.6632158 0.05154622 19.34782 0.7801743 0 0.0 0.014785985541353472 6.205183749466892 1.0
0.003651352 0.01980942 -1.314954 -4.931005 1.405936 1.365824 -0.2499951 20.14253 nan 0 0.0 0.02014312518365271 5.103323851387544 0.0
-0.01941542 -0.01908551 20.99099 -28.11417 2.644149 2.759108 -0.09818428 20.31551 nan 0 0.0 0.02722526814811013 35.086011685128874 0.0
-0.01349134 -0.01682883 1.751406 -8.98988 0.4007031 0.3484947 -0.05437319 17.49635 1.10137 0 0.0 0.021569093030642247 9.158895424189316 1.0
-0.05177326 0.01752874 0.114897 -7.464089 0.5841182 0.5145853 0.08120382 19.23254 0.9514637 0 0.0 0.05466010590014622 7.4649732699139655 1.0
0.01831858 0.02312077 -2.165216 -7.412965 0.859217 0.7866259 -0.145668 19.57328 1.271498 0 0.0 0.02949814195181283 7.722707453858458 1.0
-0.07538727 -0.01103521 -3.091005 -3.383842 1.109745 1.054924 0.239263 20.04877 0.8632526 0 0.0 0.07619065781181444 4.583088324589545 0.0
-0.001754573 0.01366024 -0.9101402 -5.08047 0.9365376 0.8244752 0.1022244 19.61685 0.6459618 0 0.0 0.013772461046230228 5.161349688265274 0.0
-0.006053345 -0.009224503 2.202114 -9.789024 0.5107289 0.4547138 0.157587 18.68918 0.8583107 0 0.0 0.01103333319020295 10.033658203345976 0.0
-0.07016114 -0.01776341 -0.8296245 -7.929444 0.3010718 0.2951092 0.1495962 18.14625 0.8992023 1 0.3257472 0.07237488722566482 7.9727259428715005 0.0
-0.004451935 0.05368004 -1.547417 -3.280834 0.5232771 0.4906617 -0.05484038 18.92405 1.094852 1 0.0 0.05386433346515879 3.6274469131118927 0.0
0.004266446 -0.003296256 2.638289 -5.834545 0.4287073 0.3827898 -0.1200187 16.74134 nan 0 0.0 0.005391462240288065 6.403318218279177 0.0
-0.0589664 0.05347332 0.9225262 -6.403823 2.647707 2.421476 0.001430369 20.36434 0.7647762 0 0.0 0.07960171028804847 6.469930726446416 0.0
-0.003571049 0.04106492 0.9243387 -7.70011 1.050677 0.9374843 -0.06496137 19.96505 0.7012653 0 0.0 0.04121989866031697 7.755391417872968 1.0
-0.01910239 -0.00814101 0.5768346 -7.222486 0.6978106 0.6393683 -0.1570893 19.32516 0.7667065 0 0.0 0.02076481031775152 7.245484260969253 1.0
0.004172999 -0.002903333 0.4979236 -7.343238 0.2012079 0.1804998 -0.1638577 16.37759 nan 0 0.0 0.005083626969289741 7.360100015358553 1.0
-0.05774089 0.00357484 -6.900004 -3.353416 1.109824 0.9999423 0.03555966 20.04858 1.11451 0 0.0 0.05785144647299409 7.6717308391960675 0.0
-0.09180722 -0.02570696 0.1961964 -10.02432 2.258644 2.228844 -0.505903 20.50334 0.6145897 0 0.0 0.09533841532441159 10.02623979813833 0.0
-0.05113707 -0.03134827 -1.083487 -6.960985 2.390506 2.016106 0.1050835 20.50248 0.7202377 0 0.0 0.059980946642894856 7.044803492603182 1.0
0.04200124 0.06117919 -6.056827 -3.341287 0.5948582 0.6095536 0.1137796 19.42872 1.407091 1 0.0 0.0742091466774393 6.917322612420069 0.0
-0.03593911 0.02918682 -1.23513 -8.008918 0.3776892 0.359718 0.05937181 18.1297 1.082552 0 0.0 0.04629784108686387 8.103598808407533 0.0
0.0127958 0.009347828 -1.721094 -5.494341 1.205307 1.106443 -0.2913023 19.86125 nan 0 0.0 0.01584658909537267 5.757599116048025 1.0
-0.007609192 0.0154449 1.874049 -5.722806 0.8176022 0.7487294 0.1190364 18.39804 0.8867855 0 0.0 0.01721757064463114 6.021840928489975 1.0
-0.0251927 0.01748691 -1.295649 -6.28224 0.8342755 0.8137489 0.002282271 19.65483 0.7829494 0 0.0 0.030666988026835956 6.414455997884855 1.0
-0.09062958 0.001601119 1.016957 -4.629816 0.200972 0.1867714 0.07559134 17.58467 0.9919434 1 0.0 0.0906437220828258 4.740189630563845 0.0
0.01414517 0.01822803 2.901004 -5.408071 1.39496 1.338846 -0.3726496 19.86422 0.8204136 0 0.0 0.023072644235323354 6.13702339485984 1.0
0.00900339 0.02963532 0.2433747 -7.27505 0.5863527 0.5228273 -0.06466991 19.04707 0.9919014 0 0.0 0.030972781970538262 7.279119709628362 1.0
0.000807548 -0.003376167 0.06199072 -7.140111 0.1253085 0.111087 0.8578694 13.35265 1.626099 1 0.9992567 0.003471402797745171 7.140380097844029 1.0
-0.0005760017 -0.003864445 11.96716 -18.97842 0.9490876 0.8848232 0.08123562 18.08908 nan 0 0.0 0.003907136178382818 22.43642895297734 0.0
-0.01830815 0.01522435 -1.390263 -8.932877 1.158217 1.057526 0.140404 19.40698 0.7607117 0 0.0 0.023811114827848777 9.040416069313292 0.0
-0.05008521 -0.03622607 -0.0470114 -6.998066 0.1433509 0.1320879 0.04837203 16.90406 0.09647751 1 0.9908121 0.0618130763543524 6.998223904112097 1.0
-0.002464255 -0.005542976 -1.445239 -3.533903 1.58812 1.393218 -0.1219473 19.14001 nan 0 0.0 0.006066064262897402 3.818008143067534 0.0
-0.02349365 -0.01192348 7.099001 -27.41021 3.035553 2.731423 -0.1424918 19.8433 0.676569 0 0.0 0.02634617554091865 28.314579768064736 0.0
-0.02887599 -0.0138836 0.6831126 -7.853556 1.594379 1.321864 0.06125699 20.33144 0.9261265 0 0.0 0.03204024262455108 7.883209033725717 1.0
-0.05639219 0.0164817 -0.6514439 -8.114631 0.9872953 0.9113036 0.1738199 19.9249 0.7738476 0 0.0 0.05875138745498782 8.14073801451737 0.0
0.003972719 0.05741848 0.1304765 -5.198599 0.6816483 0.6089438 -0.1038819 19.34411 0.9508095 0 0.0 0.05755574985840564 5.200236117702085 0.0
-0.06158916 -0.053071 -2.463633 -8.417154 0.7292633 0.6248895 0.2367476 19.51336 0.7099895 1 0.04751643 0.08130040387664504 8.770288992867053 0.0
-0.04329972 0.05603574 0.3340151 -7.002545 0.1935901 0.1670728 0.1670645 17.15113 1.123249 1 0.9545124 0.07081574619691583 7.01050658398186 0.0
-0.009758591 0.00800964 -5.145926 -12.83578 1.560076 1.582814 0.219154 19.50062 nan 0 0.0 0.012624754699988472 13.828875681192452 0.0
0.01210193 0.0711728 -1.401563 -4.792203 0.5167923 0.5214634 0.06673188 18.95813 0.8416348 1 5.859386e-05 0.07219434998367184 4.992953878835453 0.0
-0.01753277 -0.006274976 13.61779 -0.4851559 1.878851 1.764481 -0.2547418 19.99969 nan 0 0.0 0.018621851349247636 13.626429493135932 0.0
0.04474916 0.07534048 -1.399082 -1.463805 0.5136936 0.5192141 0.06785073 19.20658 1.165419 1 0.0 0.08762805057363766 2.02488407587916 0.0
-0.00845504 0.03722286 0.3442764 -7.161459 1.018224 0.9536741 -0.02138344 19.74616 nan 0 0.0 0.038171049343464485 7.169729510119469 1.0
-0.01917361 -0.01638079 0.6043121 -6.087317 0.7265862 0.6642971 0.221333 19.39059 0.7091274 0 0.0 0.025218199806017083 6.117239685732071 1.0
-0.05060511 -0.03904954 -2.177947 1.0365 0.2461241 0.2264535 0.08961159 17.94008 1.047436 1 0.0 0.06391982268689189 2.4120085789252492 0.0
0.005146725 0.009933021 0.3691749 -12.25031 0.7038534 0.6818149 -0.1592467 18.26208 0.7333908 0 0.0 0.011187210752107336 12.25587145832111 0.0
-0.07106958 0.0243609 -1.11153 -5.178037 1.152495 1.049378 0.2447864 20.11294 0.8754044 0 0.0 0.07512881371475527 5.2959952902423355 0.0
-0.01130793 -0.003339452 0.2528915 -8.570996 1.680626 1.44326 0.08883356 19.5332 nan 0 0.0 0.011790726039782455 8.574726033103811 1.0
-0.04738986 -0.02342098 1.265196 -4.553611 1.591813 1.496478 0.01558608 20.36835 0.7326679 0 0.0 0.0528615279289201 4.726107706954741 0.0
0.003707065 0.01493805 -4.456429 -4.949143 1.281044 1.204632 -0.338839 20.02912 1.053669 0 0.0 0.01539115553546013 6.659863051631767 1.0
-0.04489673 -0.03092572 -0.3015702 -7.322895 0.5058155 0.4559627 0.1320554 19.09726 0.8873005 1 0.9656062 0.054517121367615336 7.329101975450542 1.0
-0.008382113 0.04745389 -4.438462 -0.5305563 0.1334081 0.1204874 -0.1985849 16.48332 1.012428 1 0.0 0.04818849960806903 4.470059833258801 0.0
-0.01097999 0.03150407 0.5659694 -7.35745 0.6385389 0.5707126 -0.1078323 19.25629 0.8882637 0 0.0 0.033362652876607404 7.379186395818739 1.0
-0.03055967 -0.01188201 0.2163073 -7.288679 0.5700783 0.5367701 -0.01849644 19.21011 nan 0 0.0 0.03278834537071061 7.291887986871047 1.0
-0.02020089 -0.01801393 0.02683129 -7.680282 0.2308866 0.2147378 0.1224187 17.69265 1.053196 1 0.9786258 0.027066171336873633 7.680328867805536 1.0
-0.05892158 0.01964844 5.711343 -14.57495 2.579085 2.442704 -0.3842674 20.617 0.9927292 0 0.0 0.06211130158135474 15.654028438908274 0.0
-0.01188778 -0.002401188 -0.4474341 -7.431642 0.7150386 0.6218297 0.09036675 19.09553 0.8094158 0 0.0 0.012127861193951059 7.445099065157348 1.0
-0.01414061 0.02644871 0.9180485 -8.380472 1.06492 0.9508599 -0.0798143 19.99057 0.6379433 0 0.0 0.029991517331342206 8.43060638335916 1.0
-0.05349207 0.0002575555 -2.770735 -5.20239 1.381676 1.279378 -0.01684137 20.32177 0.9499989 0 0.0 0.05349269004004641 5.894220402421766 0.0
0.004737674 0.03245885 0.6753161 -7.485228 0.9426101 0.8402633 -0.08987295 19.67781 0.6657715 0 0.0 0.03280278186759129 7.515629717256114 1.0
-0.07164623 -0.0124786 -0.5868918 -8.388194 0.542504 0.500171 0.1352592 19.17337 1.406042 1 0.5849605 0.07272480822369283 8.408700289970099 0.0
-0.004339215 0.04962121 -4.961952 -2.378923 0.619933 0.5620949 -0.1181991 19.1623 1.420301 1 0.0 0.049810573864193984 5.502748612305763 0.0
0.06347796 0.07461199 10.7902 -8.190177 0.9561589 1.007665 0.2478767 20.08524 2.134134 0 0.0 0.09796121915085429 13.546490886252757 0.0
-0.01272001 0.03103059 -4.699553 1.366678 0.5103674 0.5136038 -0.1720741 18.75527 0.7250881 1 0.0 0.03353649012863749 4.894242245280979 0.0
-0.02422461 -0.008387649 1.207854 -6.316004 0.995232 0.8846569 -0.06662728 19.87917 0.7677631 0 0.0 0.025635607763407932 6.430460155644541 1.0
0.0165415 0.02356015 -2.005234 -6.290675 1.799429 1.796654 -0.287509 20.39371 0.6322117 0 0.0 0.028787182742889238 6.602541582631722 1.0
-0.01439071 -0.01004277 -1.249974 -7.613075 0.7979267 0.7022522 -0.02328912 19.33584 0.5356522 0 0.0 0.01754849747348758 7.715007839030431 1.0
-0.0111141 0.0440315 0.1730381 -7.160773 0.1358369 0.1230865 -0.1452094 16.553 0.5461082 1 0.9944627 0.045412511613651146 7.162863403805813 1.0
-0.01621657 0.02435754 0.8938769 -6.383538 1.042942 0.9237592 0.02084622 19.98917 0.2399025 0 0.0 0.02926203850411827 6.445818280854464 1.0
-0.03105483 0.001186807 0.4362777 -7.25724 1.139481 1.141224 -0.2247346 19.91978 1.009733 0 0.0 0.031077499532365035 7.270341852287092 1.0
-0.05580663 0.02683935 -0.6837953 -6.378645 0.7937218 0.7041233 0.09814905 19.64626 0.7025223 1 0.7882571 0.06192520214241856 6.415191972835037 1.0
0.05345616 0.07336249 -1.342809 -5.999198 0.4120215 0.42018 0.2200468 18.74413 1.063696 1 0.0009316242 0.09077233048096596 6.147642853458957 0.0
-0.01478953 0.008733042 0.2392563 -7.901273 0.5205832 0.4567604 0.0427049 19.06075 0.8034687 0 0.0 0.017175454002577747 7.9048945975021505 1.0
-0.02964208 0.01369617 -1.658466 -4.135005 0.92414 0.7985011 0.15751 19.80927 0.8628883 0 0.0 0.03265329967086481 4.455196496584747 0.0
0.0005833281 0.007327877 7.759144 -1.934735 1.464742 1.081968 0.3000137 19.2917 nan 0 0.0 0.007351057951028451 7.996719023009437 1.0
-0.00703267 0.03644872 1.085859 -8.548211 1.245368 1.142736 -0.01392135 20.1568 0.7804432 0 0.0 0.0371209864762145 8.616902057491544 0.0
0.0249132 0.07344485 -1.747464 -3.214264 1.553511 1.439071 -0.1318025 20.30855 0.6955147 0 0.0 0.07755522887441246 3.658568503252604 0.0
-0.00895551 0.01338853 2.94225 -9.746597 0.9781831 0.8379314 0.2100674 19.51119 0.6709995 0 0.0 0.016107572595552688 10.181011155229571 0.0
-0.01688146 0.001690365 0.6188368 -6.828474 0.1603698 0.1471065 -0.1197748 16.29618 0.9032135 0 0.0 0.016965878272722137 6.8564579889116395 1.0
-0.02244954 -0.006574735 -0.8654492 -8.34711 0.9208474 0.7819201 0.1361775 19.47031 0.7661533 0 0.0 0.023392498509817738 8.391856032480577 1.0
0.0001345221 0.01492676 -0.9989312 -7.703834 1.126979 1.003259 -0.1489143 19.63065 nan 0 0.0 0.014927366153913036 7.768328123984557 1.0
-0.03501696 0.04617441 1.704169 -6.775096 0.3578524 0.3375697 0.07858307 18.43477 0.9940929 1 0.003158599 0.05795052740475879 6.986137544435909 1.0
0.007803941 0.01840889 -5.31872 -1.136609 1.834787 1.805705 -0.2590413 20.46987 nan 0 0.0 0.01999471745645787 5.4388107576271665 0.0
-0.06037517 0.07075964 -1.889115 -9.697515 0.4952639 0.4395539 0.2355923 18.73418 2.083639 1 2.298167e-06 0.09301659962317747 9.87980529456173 0.0
-0.001736291 0.02444821 5.564687 -10.04379 2.016239 1.963533 -0.1809715 20.67364 nan 0 0.0 0.024509787405050682 11.482310698290174 0.0
-0.05210744 0.07931502 0.8741375 -6.905525 0.6105999 0.5579434 0.01053149 18.81767 1.597097 1 0.6992633 0.09490025132186954 6.960631572963135 0.0
0.08020334 0.05376053 -4.292153 -8.549253 0.6974128 0.67265 0.2217545 19.56399 0.8235817 1 1.619632e-06 0.09655449411102779 9.566206365818061 0.0
0.0119248 0.03916756 1.206803 -9.732278 1.05063 0.9560178 0.001561826 19.86532 1.705736 0 0.0 0.040942625848785025 9.806814393578223 0.0
-0.01963834 -0.02216407 1.786802 -8.427659 0.9386482 0.8536798 0.2070423 19.28446 0.7718639 0 0.0 0.0296126729107742 8.614992606351151 1.0
-0.001211882 0.003433058 5.545386 -12.08959 0.3488962 0.3304746 -0.3523552 15.38807 1.046136 0 0.0 0.0036406792241679303 13.30073277143391 0.0
0.009197065 0.06142314 -4.175938 -8.511277 0.684619 0.6167926 -0.1264388 19.35571 0.9742603 1 0.0 0.062107874960216 9.480521839570489 0.0
-0.03683298 0.0015219 -0.3926346 -8.788406 1.169719 1.01137 0.1275033 20.16546 0.7965508 0 0.0 0.03686440824549338 8.797172383780664 0.0
0.003712572 0.0809895 -0.8264284 -4.173513 1.662332 1.582553 -0.3061092 20.36528 0.7416821 0 0.0 0.08107454780080604 4.254549877659863 0.0
-0.06687619 -0.02710817 2.159802 -5.537872 2.358206 2.314582 -0.3094222 20.66624 0.3913307 0 0.0 0.07216146942562215 5.944137529329886 0.0
-0.05486946 -0.00482912 0.9834991 -8.549505 1.008095 0.9994823 0.0578068 19.97585 0.5940437 0 0.0 0.055081558081321556 8.60588788125466 0.0
-0.01799548 -0.01783751 -0.289634 -7.989674 0.2980597 0.2776338 0.1457979 17.81481 1.047022 0 0.0 0.025337996436784423 7.994922043411806 1.0
0.05634373 0.0611786 0.4862302 -6.690016 0.6832507 0.6811651 0.1485697 19.64913 0.6432323 1 0.8073808 0.0831711308584469 6.707662326596952 0.0
-0.01596576 0.003201324 -0.6235714 -6.404729 0.627801 0.5627277 -0.01412469 19.16417 0.9618797 0 0.0 0.01628354899064009 6.435013197681801 1.0
-0.06359377 0.02964414 -0.05028135 -8.417565 1.131501 1.011686 -0.04493847 20.06188 0.6623859 1 0.7313655 0.0701636844753217 8.417715173571912 0.0
0.01366458 0.0369469 1.285424 -7.39286 1.753224 1.748466 -0.2706221 20.41628 0.3489189 0 0.0 0.03939281871339496 7.503778637418351 1.0
