jas1101finalproject/data/gcs/NGC_6342.ecsv
# %ECSV 0.9
# ---
# datatype:
# - {name: x, unit: deg, datatype: float64}
# - {name: y, unit: deg, datatype: float64}
# - {name: pmx, unit: mas / yr, datatype: float64}
# - {name: pmy, unit: mas / yr, datatype: float64}
# - {name: pmx_e, unit: mas / yr, datatype: float64}
# - {name: pmy_e, unit: mas / yr, datatype: float64}
# - {name: pm_corr, datatype: float64}
# - {name: g_mag, unit: mag, datatype: float64}
# - {name: bp_rp, unit: mag, datatype: float64}
# - {name: filter, datatype: int64}
# - {name: memberprob, datatype: float64}
# - {name: r, unit: deg, datatype: float64}
# - {name: pm, unit: mas / yr, datatype: float64}
# - {name: member_prob_GMM, datatype: float64}
# meta: !!omap
# - comments: [deg deg mas/yr mas/yr mas/yr mas/yr dimless mag   mag   zeroone float]
# - __serialized_columns__:
#     bp_rp:
#       __class__: astropy.units.quantity.Quantity
#       unit: &id001 !astropy.units.Unit {unit: mag}
#       value: !astropy.table.SerializedColumn {name: bp_rp}
#     g_mag:
#       __class__: astropy.units.quantity.Quantity
#       unit: *id001
#       value: !astropy.table.SerializedColumn {name: g_mag}
#     pm:
#       __class__: astropy.units.quantity.Quantity
#       unit: !astropy.units.Unit {unit: mas / yr}
#       value: !astropy.table.SerializedColumn {name: pm}
#     pmx:
#       __class__: astropy.units.quantity.Quantity
#       unit: !astropy.units.Unit {unit: mas / yr}
#       value: !astropy.table.SerializedColumn {name: pmx}
#     pmx_e:
#       __class__: astropy.units.quantity.Quantity
#       unit: !astropy.units.Unit {unit: mas / yr}
#       value: !astropy.table.SerializedColumn {name: pmx_e}
#     pmy:
#       __class__: astropy.units.quantity.Quantity
#       unit: !astropy.units.Unit {unit: mas / yr}
#       value: !astropy.table.SerializedColumn {name: pmy}
#     pmy_e:
#       __class__: astropy.units.quantity.Quantity
#       unit: !astropy.units.Unit {unit: mas / yr}
#       value: !astropy.table.SerializedColumn {name: pmy_e}
#     r:
#       __class__: astropy.units.quantity.Quantity
#       unit: &id002 !astropy.units.Unit {unit: deg}
#       value: !astropy.table.SerializedColumn {name: r}
#     x:
#       __class__: astropy.units.quantity.Quantity
#       unit: *id002
#       value: !astropy.table.SerializedColumn {name: x}
#     y:
#       __class__: astropy.units.quantity.Quantity
#       unit: *id002
#       value: !astropy.table.SerializedColumn {name: y}
# schema: astropy-2.0
x y pmx pmy pmx_e pmy_e pm_corr g_mag bp_rp filter memberprob r pm member_prob_GMM
[from data line 3121]
0.04452486 -0.01464876 -3.570304 -5.829259 3.99659 3.010266 0.3716706 20.70785 nan 0 0.0 0.04687269277049484 6.835739253474857 0.0
0.03514813 -0.03550902 -5.452005 -5.102532 1.931734 1.745993 -0.02925804 19.68486 1.067097 0 0.0 0.04996280160136439 7.467274692352559 0.0
0.03178981 -0.0108177 -4.724693 -6.609932 0.9712758 0.8563398 0.3140685 19.32648 nan 0 0.0 0.033579973989360086 8.124895383257128 0.0
0.04676811 -0.01181127 -1.653934 -5.652645 1.59791 1.274548 0.6299648 19.93511 0.6715469 0 0.0 0.04823652363080284 5.889642873076516 0.0
0.047256 -0.01471058 -2.319463 -0.8067048 0.5972317 0.4869722 0.5290615 17.96399 1.504261 0 0.0 0.04949273380948359 2.4557445393835327 0.0
0.04664756 -0.03096101 0.3383344 -3.608682 1.020746 0.8775435 0.5249988 19.10352 1.227146 1 0.0009427184 0.05598731101038609 3.624507682892583 0.0
0.0369878 -0.0356296 -1.867782 -9.261542 1.476443 1.332404 0.1573589 19.5174 1.354742 0 0.0 0.051357236539751626 9.44800348313272 0.0
0.03017961 -0.01194272 -1.264888 -5.276349 1.648238 1.371502 0.2877211 19.97084 1.340216 0 0.0 0.0324567007064874 5.425845595144134 0.0
0.07789921 -0.02135815 -6.710923 -1.310161 0.446943 0.3023989 0.3290554 18.45182 1.227592 1 0.0 0.08077411398490608 6.837617228088305 0.0
0.04474714 -0.04236832 -3.649252 -9.337068 0.8011689 0.618198 -0.2935679 18.90066 1.048672 0 0.0 0.061622894104399216 10.024863041265352 0.0
0.06418654 -0.02128916 -4.004721 -3.126481 0.5425685 0.3754262 0.3315886 18.75289 1.431324 0 0.0 0.06762499723236372 5.080617455703784 0.0
0.03586931 -0.02409561 -5.36983 -5.099919 0.07544538 0.05888573 0.01262604 13.29713 2.045517 1 0.0 0.043211177039606315 7.405690247064146 0.0
0.04420937 -0.01194787 -8.503658 -6.551676 2.841785 2.241993 0.3640392 20.47558 1.22673 0 0.0 0.04579541454484062 10.734833850132008 0.0
0.0585983 -0.05187899 2.911017 -9.276293 2.935255 2.362642 0.3110708 20.44527 0.8268414 0 0.0 0.07826359540878568 9.722326460067983 0.0
0.04774219 -0.02328235 3.827185 -1.648223 1.284172 1.032524 0.666603 19.30346 1.142994 0 0.0 0.05311670667048739 4.1670114089061485 0.0
0.07074139 -0.02049082 -4.914263 -9.164286 0.1503664 0.1054224 0.2665782 16.55805 1.579842 1 0.0 0.07364929031161468 10.398755633390229 0.0
0.04762254 -0.03901221 -4.467604 -4.533251 2.345138 1.890566 0.2374382 20.04806 1.062439 0 0.0 0.0615618294492269 6.364734882916727 0.0
0.04216502 -0.0239064 3.696149 -1.567433 0.3349766 0.2838137 0.3885887 17.68255 1.29006 1 0.0 0.04847065991463702 4.014768192522452 0.0
0.02103621 -0.02010281 -1.339753 -4.107178 2.31068 1.898089 0.302481 20.17778 0.2147713 0 0.0 0.029097166546937177 4.3201677310832505 0.0
0.02488705 -0.02910414 -3.443328 -5.547037 1.851781 1.211591 0.04290109 20.05501 1.529417 0 0.0 0.0382938144201136 6.528868753080659 0.0
0.0275889 -0.03097188 -6.412006 -6.757312 2.993498 2.241844 0.424253 20.36581 nan 0 0.0 0.041477762161722276 9.315314616768454 0.0
0.04943928 -0.02005181 -3.382711 -7.543001 0.1317518 0.09210602 0.2551281 16.30644 1.569156 1 0.01022626 0.05335089025681296 8.266776747652134 0.0
0.03753892 -0.01436279 -3.182053 -3.502064 0.5356164 0.4022008 0.03449746 18.6986 1.361387 0 0.0 0.040192788549073086 4.731798131250423 0.0
0.03759593 -0.016438 -3.700058 -5.275234 1.679977 1.440522 0.5094722 19.85464 1.360342 0 0.0 0.04103244809373309 6.4434868633465845 0.0
0.03652961 -0.02797721 0.8043589 -15.71876 4.275487 3.386952 0.1536116 20.62349 0.09183121 0 0.0 0.04601235362526242 15.739326833686668 0.0
0.05693253 -0.04825634 -4.190393 -8.140952 3.643144 3.015876 0.4093151 20.69793 1.709263 0 0.0 0.07463234769452519 9.156117788711164 0.0
0.03135668 -0.0204707 -3.269545 -6.441186 0.4276029 0.3156123 0.0164856 18.32313 1.587965 1 0.6644523 0.03744717531553481 7.223489571780456 0.0
0.06129975 -0.05274212 -2.532718 -0.8941765 3.509605 2.812084 0.1896939 20.61459 1.14393 0 0.0 0.08086649845366684 2.6859285323098696 0.0
0.03239355 -0.01080828 0.4876166 -6.418739 0.3162262 0.2748667 0.303588 17.72542 1.390985 1 0.0 0.03414909952196251 6.437233901196738 0.0
0.06834489 -0.04499159 -1.776191 -4.162368 1.394818 1.092577 0.6722842 19.6408 1.700079 0 0.0 0.0818246121887553 4.525501280068872 0.0
0.06224804 -0.05328226 -4.165752 -4.027237 2.922473 2.327115 0.2157396 20.46762 1.199635 1 0.02165223 0.08193788937084723 5.7941459750055495 0.0
0.03627202 -0.02299134 -3.390094 0.1379389 1.373302 1.218064 0.2332411 19.37609 1.088224 0 0.0 0.04294486174009645 3.392899124490619 0.0
0.03724913 -0.02430955 -5.459485 2.328042 0.8280212 0.6469734 0.2923716 18.95361 1.211643 0 0.0 0.044479792119111794 5.935128980821647 0.0
0.07306529 -0.03079917 -0.3014289 -1.712576 0.9365708 0.7394837 0.6642112 19.10472 1.263676 1 0.0 0.07929139597379403 1.7389007842689619 0.0
0.04328815 -0.01654052 -4.520827 -2.507657 1.168728 0.9194952 0.692731 19.36624 0.916935 0 0.0 0.046340616442737355 5.169740843947402 0.0
0.05762038 -0.05377645 -1.957936 -8.639797 1.480685 1.314465 0.4650876 19.62868 1.031237 1 0.09738636 0.07881633565414532 8.858871574941416 0.0
0.03730613 -0.0264496 0.005492268 -2.315852 2.121079 1.665469 0.2788348 20.12674 1.215609 0 0.0 0.04573104717516208 2.315858512714407 0.0
0.05512327 -0.04374292 -5.188114 -4.41438 2.853687 2.368907 0.1008441 20.37044 1.138371 0 0.0 0.07037057585112758 6.811995130752517 0.0
0.0745131 -0.008119552 -2.852261 -4.580485 2.2271 1.734512 0.4740992 20.24369 1.218388 0 0.0 0.07495418064584992 5.395946223540965 0.0
0.06972762 -0.03798077 -3.106854 -1.665789 1.111584 0.8716453 0.6906981 19.24957 1.292498 1 0.0 0.07940075491238922 3.525251022244657 0.0
0.07569128 -0.00933699 0.4053872 -8.331308 1.535412 1.16064 0.6333512 19.69997 nan 0 0.0 0.07626499360977158 8.341164893034296 0.0
0.04699757 -0.01366337 -4.029588 -3.458242 1.399552 0.973462 0.2093417 19.97517 nan 0 0.0 0.04894342923888558 5.310086362791852 0.0
0.0472563 -0.01371113 -4.905837 -2.751978 2.900673 2.560505 0.239166 20.33292 nan 0 0.0 0.04920521289016947 5.6249995184935795 0.0
0.03368298 -0.03141173 -1.298755 0.7968438 1.275904 1.046417 0.3501108 19.13598 1.36231 0 0.0 0.04605692047101391 1.5237206409389619 0.0
0.04934351 -0.05109578 1.137152 -5.683501 2.921449 2.333201 0.1215346 20.39202 1.243917 1 0.05313661 0.07103211043555231 5.796145123105959 0.0
0.0304348 -0.03076067 -7.251289 -3.262611 1.627601 1.43976 0.09525279 19.52166 1.476707 0 0.0 0.04327234532457075 7.951466701108796 0.0
0.04472509 -0.01832047 -1.677703 -8.15478 0.808813 0.6097266 0.5600794 19.06926 1.124285 0 0.0 0.048331907644215744 8.325570503251354 0.0
0.06248355 -0.03894291 2.650145 -3.629004 1.633134 1.236162 0.3779365 20.19943 0.8206005 0 0.0 0.07362570379881336 4.493655366518555 0.0
0.07272914 -0.01133262 -2.636079 -6.305231 0.4639676 0.3199216 0.2998918 18.565 1.462421 1 0.1586697 0.07360676654495835 6.834094706513951 0.0
0.01873602 -0.02303603 -1.928781 -5.615261 1.061412 0.8621798 0.6059658 19.22216 1.646568 0 0.0 0.029693385182584017 5.9372849219219725 0.0
0.05303219 -0.02187256 1.115101 1.299312 0.3203608 0.2587769 0.5244003 17.63074 1.399641 1 0.0 0.05736568710605409 1.7122096581741968 0.0
0.0419357 -0.0213772 -0.2765546 -6.412913 1.160504 0.9915721 0.5390469 19.34702 1.235962 0 0.0 0.0470700288328996 6.418873389649476 0.0
0.04167442 -0.03120379 -7.781915 -9.435987 0.7633969 0.5369507 0.1003438 18.81746 1.413902 0 0.0 0.052061826636226466 12.230946477333388 0.0
0.04268111 -0.02902014 -3.134045 -2.987312 0.2823451 0.2390943 0.3741167 17.31512 1.155502 1 0.0 0.05161245660159667 4.32969641515072 0.0
0.03655713 -0.03339599 0.02468063 -5.052548 1.36785 1.098535 -0.07601562 18.35076 1.767485 0 0.0 0.049514804876087316 5.052608279473207 0.0
0.04072935 -0.01718072 0.1669338 -5.634812 1.379028 1.140447 0.5028402 19.57818 1.131702 0 0.0 0.04420471797377402 5.637284201539464 0.0
0.04905807 -0.04459355 -1.660861 -1.149214 0.7180413 0.4932036 0.1388026 18.69498 1.045683 0 0.0 0.06629689988021611 2.0196910850714276 0.0
0.03063691 -0.02609343 -1.024219 0.7854714 1.376804 1.449969 0.1646701 19.47005 2.368109 0 0.0 0.04024285456466775 1.2907323038411025 0.0
0.05512064 -0.05139902 -2.844345 -6.495991 1.00686 0.8987573 0.4334279 19.17009 1.744316 1 0.2443033 0.07536673146004143 7.091417175086091 0.0
0.06489648 -0.04296455 -3.278091 -4.686356 1.784578 1.433777 0.6467142 19.51563 1.388248 0 0.0 0.07782997926951349 5.719074502313902 0.0
0.07474126 -0.01208885 -8.16141 -5.748559 3.909278 3.122084 0.3120157 20.72267 1.020845 0 0.0 0.07571258971076145 9.98271224490524 0.0
0.03213236 -0.02305722 0.606865 -8.825669 2.446315 1.932277 0.3257645 20.26307 1.475672 0 0.0 0.03954900698245153 8.846508826977226 0.0
0.05915335 -0.02758148 7.019416 -0.08122947 3.431199 2.794335 0.3918847 20.74864 1.641157 0 0.0 0.06526757889804784 7.019885982539352 0.0
0.05866537 -0.02563581 -0.7035189 -5.302108 1.406831 1.100091 0.6820273 19.66969 1.445797 0 0.0 0.06402203051757262 5.348578136880979 0.0
0.06259541 -0.04695382 -6.263998 -4.298819 2.822727 2.205674 0.3614011 20.4629 0.7199898 0 0.0 0.07824862021569774 7.597204468669052 0.0
0.06420627 -0.04384166 -5.169101 -0.7563119 0.2475287 0.176416 0.4964442 17.13123 1.54443 1 0.0 0.077746615739005 5.224137520996419 0.0
0.04826216 -0.01489208 -6.40667 -2.22282 0.8241474 0.5741414 0.5010466 19.07339 1.224199 0 0.0 0.05050752552434142 6.781323561171521 0.0
0.05113174 -0.03161087 -5.556877 -4.588094 0.4118191 0.2963849 0.1000294 18.26121 1.44442 1 0.0 0.06011407437185155 7.206211802741091 0.0
0.04290824 -0.03969372 -3.91688 -5.187923 1.230149 1.233924 0.1512915 19.32551 1.004887 0 0.0 0.058452617283882166 6.50049951837003 0.0
0.0430867 -0.01730722 -1.672762 -5.657411 0.9885961 0.7833078 0.669694 19.10145 1.176283 0 0.0 0.04643278562630504 5.899528110922516 0.0
0.07455831 -0.03464126 -4.793096 -7.414869 2.183339 1.633511 0.6143139 20.26419 1.500965 0 0.0 0.08221288514851977 8.82915916451714 0.0
0.04412354 -0.01042197 -3.648288 -6.351753 2.495908 1.857169 0.5854012 20.39587 nan 0 0.0 0.04533766911534492 7.3249417406524815 0.0
0.06018371 -0.03966683 -5.650911 -9.753337 1.210018 0.8307281 0.7992293 19.03967 1.223654 1 0.03738362 0.07208006903168865 11.272106181432553 0.0
0.05466724 -0.03237688 -2.97108 -5.584975 1.679275 1.254452 0.5565228 20.08126 nan 0 0.0 0.06353557655166119 6.326077941112092 0.0
0.07295733 -0.01530764 -3.408963 -6.969015 0.3149791 0.2557128 0.5340891 17.63218 0.7178211 1 0.4660553 0.0745459310968647 7.758105361851823 0.0
0.05222357 -0.03321339 -5.155254 -1.134391 1.065982 0.9178096 0.5124174 19.27866 1.044092 1 0.0 0.061890472116772545 5.278587571064537 0.0
0.07260239 -0.03735833 -0.5235723 -7.68024 1.047841 0.8227889 0.672719 19.25526 1.449734 0 0.0 0.08165017975547267 7.698065627865698 0.0
0.04777393 -0.0131963 -10.66655 -7.092835 3.498012 2.206555 0.1830632 20.1873 nan 0 0.0 0.049562997501512156 12.809511982886976 0.0
0.03382873 -0.02179681 6.679774 0.07953518 1.378999 1.176768 0.5475117 19.41602 nan 0 0.0 0.040242811775384184 6.680247490619912 0.0
0.03710777 -0.01397931 1.854086 -5.719763 0.817282 0.7151679 0.4181552 19.04336 nan 0 0.0 0.03965359633688979 6.012763397271258 0.0
0.03469452 -0.006212051 -1.415204 -0.6548756 0.6402806 0.443047 0.01189866 18.92901 1.045605 0 0.0 0.0352462664073374 1.5593794961751164 0.0
0.07320647 -0.03640493 3.685894 -1.515391 1.553368 1.111855 0.4411161 19.97798 1.232094 0 0.0 0.08175882935907167 3.9852508656440935 0.0
0.04974664 -0.04871554 -3.257936 -0.160679 1.1527 1.153444 0.1875575 19.25233 1.200104 1 0.0 0.06962709263484439 3.261895878340846 0.0
0.07105774 -0.02022202 1.301626 -6.790032 1.516072 1.40957 0.06565697 19.35632 nan 0 0.0 0.07387917505486914 6.913665077576437 0.0
0.06861313 -0.0226185 -2.220829 -4.858945 1.088535 0.8506915 0.6833045 19.2974 1.357468 0 0.0 0.07224512544557521 5.342417800983559 0.0
0.05161289 -0.05507141 -0.2802336 -6.028705 1.937037 1.964694 0.05363706 19.98425 nan 0 0.0 0.07547682169739396 6.035214565166177 0.0
0.05707551 -0.0503354 -3.723756 -8.121593 1.721528 1.432274 0.7254258 19.48958 1.280478 0 0.0 0.07610037013655124 8.934575065731163 0.0
0.06731843 -0.02515091 -4.161073 -10.98458 3.503477 2.888716 0.1782809 20.67127 nan 0 0.0 0.07186333760334959 11.746298407912553 0.0
0.07683995 -0.01213752 1.065511 -2.787688 0.7294136 0.4889406 0.3850327 18.98366 1.144289 1 0.0 0.07779265587285795 2.984379010190395 0.0
0.06050429 -0.02800732 -0.769717 -0.7525733 1.97262 1.601499 0.6478497 19.30384 1.300936 0 0.0 0.0666721762205682 1.0764900519567704 0.0
0.0288859 -0.01185856 -1.139578 -6.493042 1.429776 1.18418 0.4564114 19.72507 1.524889 0 0.0 0.031225320880394487 6.592285827529628 0.0
0.07464393 -0.035965 -1.406049 -5.466808 1.444744 1.061196 0.7414341 19.4024 nan 0 0.0 0.08285648743969841 5.644728824245236 0.0
0.04017634 -0.04434885 -0.6678782 -7.421604 2.0151 1.771986 0.01583797 19.74867 1.416502 0 0.0 0.059841112891707654 7.451594944899464 0.0
0.05529932 -0.03332505 -2.653911 -3.880207 0.6049965 0.4165975 0.3100544 18.93732 1.161623 0 0.0 0.0645644929505754 4.700983935174635 0.0
0.06677438 -0.01999703 0.0495767 0.6021289 2.183589 1.543418 0.7337962 19.79409 nan 0 0.0 0.06970436882438073 0.6041664186282617 0.0
0.03500967 -0.01131046 -3.32226 -4.68262 2.872381 2.28164 0.1330096 20.36872 0.7490063 0 0.0 0.03679135087110148 5.741458139880495 0.0
0.04834204 -0.03608083 -2.097585 -6.024174 1.664217 1.432301 0.4956234 19.76131 1.242575 0 0.0 0.06032229376317267 6.378913325520343 0.0
0.03397339 -0.01744046 -1.781687 -3.588659 1.451671 1.262424 0.3111872 19.75304 1.403435 0 0.0 0.038188491369831566 4.006604795116433 0.0
0.04471782 -0.04443016 -3.891271 -4.826492 1.245071 1.136762 0.3798371 19.52746 1.48748 0 0.0 0.06303746935892969 6.199759271254409 0.0
0.05644011 -0.05904031 -2.05145 -8.303725 1.841105 1.609911 0.1148455 19.83672 1.150816 0 0.0 0.0816776849678552 8.553379213978824 0.0
0.07999834 -0.02026246 -2.081738 -4.755697 1.982088 1.486605 0.524251 20.08048 -0.1339283 0 0.0 0.08252455203154513 5.191366588524932 0.0
0.0623727 -0.02831321 -6.673114 -11.24026 3.364166 2.845708 0.2722266 20.60211 nan 0 0.0 0.06849811359296036 13.07187420856688 0.0
0.03279221 -0.02966632 -1.25573 -1.791645 0.8850643 0.7165549 0.1599364 18.97701 1.181049 0 0.0 0.04422012640219949 2.1878870260881844 0.0
0.03779993 -0.00473074 -1.387472 -6.814517 1.005052 0.8347074 0.4640068 19.40888 1.125549 0 0.0 0.0380948107877241 6.95433106014324 0.0
0.07160172 -0.0252157 -3.810108 -6.253691 0.1176531 0.07793269 0.384561 13.46755 2.607461 1 0.0 0.07591204010859147 7.322948456403677 0.0
0.03115587 -0.01830773 0.1320536 3.200456 2.472327 2.149899 0.3087606 20.0525 1.29434 0 0.0 0.03613670174780482 3.203179164706364 0.0
0.04862677 -0.04507216 5.780144 -9.346184 0.2961306 0.195701 -0.1182848 17.09566 1.275476 1 0.0 0.06630280814338485 10.989141004764294 0.0
0.06331958 -0.03277487 -4.051199 0.6125302 2.063278 1.494628 0.8253907 19.72842 1.309963 1 0.0 0.07129909757418602 4.0972437788729446 0.0
0.03805688 -0.01234875 -4.775398 -2.426964 0.9585897 0.8532479 0.3118514 19.34493 1.801868 1 0.0 0.040010220467986676 5.356732242300337 0.0
0.03173266 -0.009038131 -5.092976 -7.48012 3.812414 3.185837 0.410772 20.75359 nan 0 0.0 0.03299468930977774 9.049342503794184 0.0
0.07119573 -0.03319587 -0.9740625 -9.058415 1.334761 1.030838 0.7296952 19.23536 2.084839 0 0.0 0.07855442543415234 9.11063554677341 0.0
0.05935327 -0.03111969 -3.19431 -2.251428 0.5139122 0.3558454 0.289239 18.71576 1.365276 0 0.0 0.06701675734761418 3.90801028853354 0.0
0.06667821 -0.04390942 5.961583 -3.70952 2.81385 2.136524 0.6668638 20.30493 1.397808 0 0.0 0.07983746522492119 7.021467830609851 0.0
0.05507062 -0.02963044 -3.034579 -2.950343 2.86386 2.316188 0.2478571 20.55398 1.424829 0 0.0 0.06253587899580529 4.232398082044032 0.0
0.04609575 -0.05057984 -3.326719 -1.539616 0.3010394 0.2476618 0.3792266 17.24555 1.575712 1 0.0 0.06843345952447603 3.6657164009804415 0.0
0.04504158 -0.01737642 -0.5986001 -3.613663 4.37204 3.689117 0.3478003 20.87037 0.3091221 0 0.0 0.04827715713370869 3.662906271977077 0.0
