jas1101finalproject/data/gcs/NGC_1261.ecsv
# %ECSV 0.9
# ---
# datatype:
# - {name: x, unit: deg, datatype: float64}
# - {name: y, unit: deg, datatype: float64}
# - {name: pmx, unit: mas / yr, datatype: float64}
# - {name: pmy, unit: mas / yr, datatype: float64}
# - {name: pmx_e, unit: mas / yr, datatype: float64}
# - {name: pmy_e, unit: mas / yr, datatype: float64}
# - {name: pm_corr, datatype: float64}
# - {name: g_mag, unit: mag, datatype: float64}
# - {name: bp_rp, unit: mag, datatype: float64}
# - {name: filter, datatype: int64}
# - {name: memberprob, datatype: float64}
# - {name: r, unit: deg, datatype: float64}
# - {name: pm, unit: mas / yr, datatype: float64}
# - {name: member_prob_GMM, datatype: float64}
# meta: !!omap
# - comments: [deg deg mas/yr mas/yr mas/yr mas/yr dimless mag   mag   zeroone float]
# - __serialized_columns__:
#     bp_rp:
#       __class__: astropy.units.quantity.Quantity
#       unit: &id001 !astropy.units.Unit {unit: mag}
#       value: !astropy.table.SerializedColumn {name: bp_rp}
#     g_mag:
#       __class__: astropy.units.quantity.Quantity
#       unit: *id001
#       value: !astropy.table.SerializedColumn {name: g_mag}
#     pm:
#       __class__: astropy.units.quantity.Quantity
#       unit: !astropy.units.Unit {unit: mas / yr}
#       value: !astropy.table.SerializedColumn {name: pm}
#     pmx:
#       __class__: astropy.units.quantity.Quantity
#       unit: !astropy.units.Unit {unit: mas / yr}
#       value: !astropy.table.SerializedColumn {name: pmx}
#     pmx_e:
#       __class__: astropy.units.quantity.Quantity
#       unit: !astropy.units.Unit {unit: mas / yr}
#       value: !astropy.table.SerializedColumn {name: pmx_e}
#     pmy:
#       __class__: astropy.units.quantity.Quantity
#       unit: !astropy.units.Unit {unit: mas / yr}
#       value: !astropy.table.SerializedColumn {name: pmy}
#     pmy_e:
#       __class__: astropy.units.quantity.Quantity
#       unit: !astropy.units.Unit {unit: mas / yr}
#       value: !astropy.table.SerializedColumn {name: pmy_e}
#     r:
#       __class__: astropy.units.quantity.Quantity
#       unit: &id002 !astropy.units.Unit {unit: deg}
#       value: !astropy.table.SerializedColumn {name: r}
#     x:
#       __class__: astropy.units.quantity.Quantity
#       unit: *id002
#       value: !astropy.table.SerializedColumn {name: x}
#     y:
#       __class__: astropy.units.quantity.Quantity
#       unit: *id002
#       value: !astropy.table.SerializedColumn {name: y}
# schema: astropy-2.0
x y pmx pmy pmx_e pmy_e pm_corr g_mag bp_rp filter memberprob r pm member_prob_GMM
[from data line 2883]
-0.001819814 -0.0235287 2.015726 -0.3333007 1.041251 0.9102798 0.3307187 19.67936 0.5048676 0 0.0 0.023598971305643725 2.0430958527921517 0.0
-0.007674248 -0.02611576 3.679208 -0.7095893 2.024355 1.08258 -0.04572738 20.47306 0.3241444 0 0.0 0.027219974333990545 3.7470106060616497 0.0
-0.01895064 0.01973313 -0.3947316 5.412448 1.279229 1.092301 0.2523402 19.31204 0.5098572 0 0.0 0.02735915159515185 5.426822863217719 0.0
-0.03964386 0.01985142 3.274566 -1.767746 2.060736 2.597491 -0.2335205 20.78441 0.02379227 0 0.0 0.044336379100192655 3.72125091990207 0.0
0.02651242 -0.0343369 1.020111 -1.448664 1.512299 0.968235 0.1154059 20.44681 0.4370594 0 0.0 0.04338122999485376 1.771793960148019 0.0
-0.0111488 -0.005574438 0.1542263 2.671358 0.9214381 1.207344 -0.4363477 19.31588 nan 0 0.0 0.012464754327937795 2.6758062926481974 0.0
0.01871022 -0.003341862 9.787709 2.995623 0.7643372 0.8241346 0.4754677 19.45209 nan 0 0.0 0.019006324580924213 10.235868533095275 0.0
0.03209258 0.01788984 2.156336 -1.298164 1.959823 1.610222 -0.521912 20.52577 0.7632198 0 0.0 0.03674207487720311 2.5169455130757203 0.0
0.01933047 -0.003181941 1.964305 -3.122933 0.9641219 1.03448 0.4493016 19.82464 nan 0 0.0 0.019590605374729515 3.6893366145574196 0.0
-0.004522832 -0.02730546 3.019704 0.8894382 0.3613824 0.3227944 0.2745605 18.13651 0.8485584 0 0.0 0.027677502689220788 3.147969593124311 0.0
0.03571911 0.01225625 1.48135 -2.377947 0.4663354 0.4535028 0.2966378 19.39021 0.6977234 0 0.0 0.03776334841158289 2.8016119926408436 0.0
0.01150636 -0.007356003 1.229546 -1.283429 0.9349124 0.8684535 0.4650098 19.46809 nan 0 0.0 0.013656760252183129 1.7773500961141562 0.0
0.00530824 -0.001361804 0.04950091 -0.8477335 0.8741664 0.9369113 0.2445844 17.65404 nan 0 0.0 0.0054801388697747425 0.8491775003573034 0.0
-0.004409451 0.009292755 0.6697359 -4.363007 0.5888271 0.5008562 0.303659 19.09154 nan 0 0.0 0.010285842387059312 4.414111038227041 0.0
0.01149467 -0.002637219 1.321626 -4.475628 2.43451 2.600316 0.3791261 19.56198 nan 0 0.0 0.011793318551741956 4.666684184542597 0.0
0.0219766 -0.00702853 -10.93676 -2.334247 1.488853 2.368696 -0.1781289 20.26564 0.2847004 0 0.0 0.023073170166253706 11.183086709607906 0.0
0.1068468 0.005632441 -0.4640574 -1.024195 0.9103883 0.7397925 0.2973595 19.96752 0.6409187 0 0.0 0.10699515438494625 1.1244219263780655 0.0
-0.003312647 -0.0136144 0.1380954 -2.107601 0.3952751 0.3914582 -0.2781855 18.74323 nan 0 0.0 0.01401162080227013 2.1121203362266456 0.0
0.01836163 -0.004261042 3.713776 2.218881 1.800629 1.491888 0.4621162 20.45006 nan 0 0.0 0.01884956060980372 4.326148988458095 0.0
-0.008906579 -0.01987899 8.301871 -8.576898 4.209645 2.339777 -0.6175019 20.74495 nan 0 0.0 0.021783052882994636 11.936676313071617 1.0
-0.001782585 -0.02921259 1.121969 -2.612248 2.313871 1.29647 -0.349923 20.47375 0.4893246 0 0.0 0.029266927132692373 2.8430008882279654 0.0
0.03124704 -0.02745099 2.207213 -3.19634 1.490535 1.065852 0.3612258 20.47837 0.5132599 0 0.0 0.041592479617614767 3.884376220575062 0.0
0.01345671 -0.01138494 0.4008542 -2.244579 1.546149 1.68221 0.6908718 19.99775 nan 0 0.0 0.017626681560285247 2.2800918790475615 0.0
0.03649715 0.0132283 2.069215 -4.209698 2.087082 3.104971 -0.4538635 20.73376 0.3028069 0 0.0 0.038820482725134935 4.690757717835041 0.0
-0.008491172 -0.0196729 -1.034503 -5.344883 1.114369 0.9946684 0.05392847 20.12005 nan 0 0.0 0.02142715558219485 5.444076665578654 0.0
0.02901525 -0.001330066 1.785224 -1.656277 0.2525374 0.2505615 0.2890873 18.30272 0.8298836 0 0.0 0.02904571927370462 2.435216259576344 0.0
0.1200713 0.1039914 10.82769 5.144181 0.2535707 0.2662824 0.03791685 18.55596 0.9190598 1 0.0 0.15884372306657257 11.987554750526106 0.0
0.02421032 -0.03346187 1.284225 -1.91309 0.7512579 0.6268745 0.2353188 19.70131 0.5671806 0 0.0 0.041301771613325496 2.304158674814953 0.0
0.0251497 -0.002437512 2.934123 -3.222994 2.459472 2.378589 0.2105091 20.59079 0.6289368 0 0.0 0.025267545880835837 4.358528203782212 0.0
0.03043907 -0.02610759 1.77181 -2.399212 0.9306868 0.7438458 0.4407191 19.95896 0.6547508 0 0.0 0.040101661288193535 2.9825373253396177 0.0
0.04911306 0.01009431 2.169 -3.39327 1.660269 1.36932 -0.05733649 20.58884 0.6795177 0 0.0 0.05013968245750765 4.027262381928945 0.0
0.04314484 -0.001487835 0.1927295 -3.393944 1.146159 0.9268722 0.6123625 20.04633 0.6482735 0 0.0 0.0431704861174023 3.3994117925468004 0.0
-0.0104968 0.02213189 -2.377266 -3.061406 2.887993 1.439106 -0.1060463 20.3865 0.4899044 0 0.0 0.024494966119839808 3.8760289384358315 0.0
0.04582734 -0.0209725 1.77453 -2.66962 1.205614 1.006345 0.5219466 20.06405 0.6208267 0 0.0 0.05039832187410212 3.2055931846227774 0.0
-0.003235238 -0.002441141 2.684431 1.324672 0.3071778 0.4410968 -0.1216001 16.58125 nan 0 0.0 0.004052892090658842 2.9934805329824683 0.0
0.007039202 0.01616646 2.559519 -0.4686068 1.621537 1.309333 -0.1603001 20.35605 nan 0 0.0 0.017632492555745033 2.602062613460183 0.0
-0.03974973 0.02775537 0.2262332 -3.716581 2.407108 2.793046 -0.1525913 20.82404 0.2973309 0 0.0 0.04848094057369143 3.7234601905140923 0.0
-0.005279295 0.002891587 1.468675 -3.887855 0.325756 0.4286053 0.2908876 16.46261 nan 0 0.0 0.00601932147966812 4.15601043750494 0.0
-0.006769338 -0.01448077 2.138028 -1.607445 1.212342 0.8532652 -0.4134978 19.66683 0.6423817 0 0.0 0.015984887761606087 2.674891242052469 0.0
0.0232951 -0.01826738 2.255007 -1.917342 0.4214854 0.3455012 0.3015658 18.92331 0.8494816 0 0.0 0.029603358864736955 2.959942045887554 0.0
0.004129105 0.001899902 1.119667 -1.798955 0.450516 0.3581435 0.5558972 17.53315 nan 0 0.0 0.004545232195458116 2.1189368284387338 0.0
-0.01094924 0.02833446 1.84369 -1.460575 0.7167466 0.5441334 0.4155812 19.64938 0.4922791 0 0.0 0.030376429679427434 2.3521207763898944 0.0
0.02146035 -0.03227773 3.229847 -0.7194755 1.433324 0.9885796 -0.1920989 20.29969 0.5405788 0 0.0 0.038760785287135245 3.3090114291898796 0.0
0.02581293 -0.01993214 1.854873 -1.920038 0.253968 0.1978431 0.2933446 18.14476 0.9651508 1 0.9999386 0.03261284348480672 2.6696628565369447 0.0
-0.01258205 0.02670892 0.7771672 -2.977499 0.5617954 0.4461994 0.3703648 19.38439 0.5732441 0 0.0 0.029524132328806886 3.0772535078795245 0.0
0.0274507 -0.02639534 2.771153 -2.724013 0.8737158 0.7102164 0.3349629 20.00446 0.5517712 0 0.0 0.03808221243842852 3.8858121124905147 0.0
0.005323187 0.04537586 1.751505 -2.270497 0.130278 0.1265544 0.2581308 17.3801 0.98526 1 0.9998687 0.04568703306821935 2.867564540168887 0.0
0.03347114 -0.02046046 1.770971 -2.4351 1.83395 1.099208 0.02922606 20.41 0.4875011 0 0.0 0.039229423094294925 3.01098825850268 0.0
-0.001268246 0.1408389 0.4797762 -5.322783 1.766199 3.056035 0.2454033 20.78272 0.3761978 0 0.0 0.14084461012451457 5.3443618952289755 0.0
-0.006941484 -0.02529547 2.984785 -1.91386 0.6047367 0.481055 0.3407196 19.38301 0.611908 0 0.0 0.026230611938023025 3.545673644855798 0.0
0.01925885 -0.0342221 3.673304 -1.463119 0.9376501 0.7727732 0.3059061 19.985 0.442091 0 0.0 0.03926901363330253 3.9539700915127063 0.0
-0.02720225 0.0128123 1.65262 -2.468453 0.3938356 0.3927131 0.3951709 18.99815 0.7920914 0 0.0 0.030068545630816602 2.9705913683320695 0.0
0.04436302 -0.007756725 3.134797 -0.9420834 1.313754 1.047591 0.4983747 20.11617 0.6502037 0 0.0 0.04503603364247372 3.2732970173457465 0.0
-0.01199881 0.02794125 1.420219 -2.788884 0.5166725 0.4070346 0.3683867 19.15674 0.3061619 0 0.0 0.030408631882717117 3.129679851584983 0.0
0.0007684858 -0.01712379 1.762407 -2.112624 0.02951194 0.03485358 0.1889492 14.06148 1.464181 1 0.9999815 0.017141025476584 2.7512285617565473 0.0
0.01542339 -0.01155731 0.02101609 1.204422 0.6778553 0.6692226 0.01616279 19.36526 nan 0 0.0 0.019273099738448925 1.2046053420614107 0.0
-0.000748093 0.004314812 1.886041 -0.8472012 0.09979896 0.111951 0.2365924 15.53838 nan 0 0.0 0.004379183226583812 2.0675832575648414 0.0
0.06583684 0.1393579 6.066087 4.910241 0.7775413 0.8127973 0.02389582 20.17249 1.336489 0 0.0 0.15412694051850767 7.804349951767283 0.0
-0.01109067 0.02791099 2.442086 -2.113513 0.9847108 0.6871989 0.3333508 19.91265 0.3072929 0 0.0 0.03003375307598103 3.229662711888813 0.0
0.002167303 -0.0151669 16.38394 15.75269 2.312969 1.768993 0.4102147 19.72406 0.6862755 0 0.0 0.015320967916675794 22.72841244257284 0.0
0.04568663 -0.009020889 1.645934 -1.104603 1.984989 1.294392 0.7229578 20.28709 0.4754105 0 0.0 0.04656870836846584 1.982232710850318 0.0
-0.01199211 0.02738812 2.393749 -1.845336 0.2461517 0.2385936 0.2759715 18.45974 0.8386402 0 0.0 0.02989849192495334 3.02246575297339 0.0
0.00210851 -0.01624645 1.095513 -0.6035589 0.1162814 0.1406848 0.1178065 15.37933 1.073075 0 0.0 0.016382702830198683 1.2507725928154205 0.0
-0.001662275 0.005947475 1.986871 -2.295622 0.2935931 0.1925189 0.4984575 16.60789 0.6079378 0 0.0 0.006175404201447059 3.036039646896101 0.0
-0.0002561868 0.0002483512 7.905159 6.843968 0.8740698 1.087946 0.3614828 16.08079 nan 0 0.0 0.00035680526206276724 10.456167404948383 0.0
-0.01540269 0.005566875 3.317944 -0.947407 1.598907 1.506446 0.8463967 19.66522 nan 0 0.0 0.01637781903983937 3.4505553771509017 0.0
0.04432867 0.04155975 2.057075 2.084464 0.5472126 0.5336873 0.1091746 19.31118 0.7862434 0 0.0 0.06076383631759437 2.928574349904916 0.0
0.06386648 0.01366682 1.891107 -2.107309 0.2650877 0.2473562 0.248685 18.525 0.5590038 1 0.9997801 0.06531239726501241 2.831437251102344 0.0
0.01151722 9.028297e-05 0.2442067 -2.803935 0.7570095 0.7601537 0.2550555 19.39918 nan 0 0.0 0.011517573856636303 2.8145494127035486 0.0
0.03349189 -0.03971708 2.381479 -2.011238 1.035415 0.8858125 0.2964385 19.82729 0.3975983 0 0.0 0.05195337466900972 3.1171333818245572 0.0
-0.001662266 0.005730037 1.328101 -3.452643 0.5874001 0.4347295 0.3621148 16.22187 0.7993336 0 0.0 0.0059662762487270905 3.6992696511135814 0.0
-0.006319835 -0.009372816 1.103145 -1.993106 0.5759591 0.545729 0.5376803 18.73529 nan 0 0.0 0.011304423656121571 2.2780255525917616 0.0
-0.03335463 0.01327301 2.370595 -1.465657 0.9184538 1.038749 0.4120864 19.64512 0.5605831 0 0.0 0.03589852555324522 2.787090076706169 0.0
0.01623062 -0.005999617 8.895878 3.823996 1.71709 1.680759 0.3652799 20.54999 nan 0 0.0 0.017304000396760544 9.682953619578068 0.0
-0.009246329 -0.008675299 -8.378951 -22.43641 2.010401 2.053356 -0.125089 19.89587 nan 0 0.0 0.012678935787976922 23.94993347691181 0.0
-0.02426087 0.02294604 -3.01853 -4.024679 0.8772616 0.9040937 0.2166569 19.72975 0.4614754 0 0.0 0.03339327125093467 5.030861200027387 0.0
0.001312812 -0.001845938 3.278226 -3.302075 0.6723678 0.7463054 0.332546 16.4274 nan 0 0.0 0.002265162786023998 4.653006018983964 0.0
0.02263402 0.0702149 2.474595 -1.090751 1.166235 1.218666 0.009342002 20.47841 0.4526234 0 0.0 0.07377283404729955 2.704322125418124 0.0
-0.001203022 0.005913159 -0.9653299 0.5799241 0.7640617 0.6060042 -0.05231798 18.12381 nan 0 0.0 0.006034294597694498 1.1261322202986734 0.0
-0.02415404 0.02272485 0.3533921 -1.715861 2.535253 1.393255 -0.08863083 20.35914 nan 0 0.0 0.03316378229098877 1.7518746951946678 0.0
0.01517284 -0.01249182 1.602252 -1.92108 0.04821587 0.04764395 0.2308929 15.2523 1.221281 1 0.9999901 0.019653514713099028 2.50155148615894 0.0
0.01022669 -0.01692291 0.890023 -1.722633 0.3187427 0.2976012 0.2269429 18.21958 0.7920246 0 0.0 0.019772963137178 1.9389701888420048 0.0
-0.007806258 -0.01836051 1.823959 3.031863 0.4820018 0.5242443 0.07626068 18.92945 0.6458435 0 0.0 0.01995108998081719 3.5382226731015676 0.0
-0.01586005 -0.01006975 15.23476 -0.9039351 2.615138 1.851435 -0.2743981 19.36818 nan 0 0.0 0.0187867253949431 15.261553358770922 0.0
-0.007428379 0.1135517 -2.10057 -1.254895 1.723901 1.594373 0.02859747 20.81127 0.5678539 0 0.0 0.11379441720689834 2.446866523929125 0.0
-0.005608407 -0.009159087 -2.023176 -4.430583 1.145135 0.7767634 0.4225624 18.89704 0.6209316 0 0.0 0.010739790675391117 4.8706577427350615 0.0
-0.01997316 0.02679745 1.366336 -2.458277 0.5803972 0.5769605 0.282708 19.76883 0.4887791 0 0.0 0.033422005428880235 2.8124721996181576 0.0
-0.004917188 -0.02140799 1.706836 -1.987453 0.09194701 0.08484994 0.2903243 16.59302 0.8393259 1 0.9999892 0.021965444991336822 2.6197821585210095 0.0
0.01085317 -0.008969437 1.44956 -2.576778 0.3401354 0.3334783 0.2681974 18.75062 0.6799011 0 0.0 0.014079847269976653 2.9565197538464036 0.0
-0.01894409 0.01053971 0.6308085 -3.021362 1.06776 1.183506 0.4859272 19.96465 0.7040901 0 0.0 0.021678653851477957 3.0865106023981594 0.0
0.01231015 0.02376024 1.038936 -2.727319 0.7695647 0.7673569 0.04900824 19.81114 nan 0 0.0 0.026759835535370913 2.918502516678202 0.0
-0.0004866913 -0.01419409 2.684348 -1.337567 0.4547418 0.4352684 0.2829824 18.72174 0.7631474 0 0.0 0.014202431459070509 2.9991348193425718 0.0
-0.02908103 0.03679398 1.264907 -2.598093 1.699057 1.369421 -0.01503734 20.64931 0.6774788 0 0.0 0.046898862140795056 2.8896499710688146 0.0
-0.004232561 0.003883533 -2.242193 -6.087555 0.5893302 0.5909494 0.8888489 15.92439 nan 0 0.0 0.005744249400993136 6.487353491777213 0.0
0.01420824 0.003450162 4.724849 -0.7883955 1.423419 1.347625 0.314355 19.39358 0.4717674 0 0.0 0.014621138865486643 4.79017385250486 0.0
0.02682105 0.1404179 1.427955 -0.9082344 0.4455516 0.4778699 0.08747827 19.53307 0.6591969 1 0.9654669 0.14295648066286643 1.6923194755625666 0.0
0.01772069 -0.01671955 -3.513883 -1.541196 2.161951 1.705911 0.3149493 20.46614 0.4226398 0 0.0 0.024363214202534934 3.83701170810111 0.0
0.005351383 0.01200107 1.440825 1.151554 0.9049412 0.7443577 0.2089246 19.12853 nan 0 0.0 0.013140128658334705 1.8444655853501306 0.0
0.004123569 0.01149005 1.91672 -2.892656 1.492786 1.280613 -0.6102113 19.42295 nan 0 0.0 0.012207582492052265 3.470053932251774 0.0
-0.029049 0.04067355 1.734047 -2.288069 1.203422 1.282463 0.04117368 20.49407 0.5471382 0 0.0 0.04998181739995556 2.8709194950346486 0.0
0.02808266 -0.03998373 2.320428 -2.285079 2.14402 1.421874 0.06193591 20.5468 0.3502693 0 0.0 0.048860356705497966 3.256681154093075 0.0
-0.03249412 0.01518489 1.767728 -2.107392 0.9571747 1.03076 0.5349116 20.02036 0.7015362 0 0.0 0.03586709799923183 2.750629623131402 0.0
-0.005461422 -0.002132394 -0.9613127 -6.267534 0.4237748 0.564041 0.3773427 17.79671 nan 0 0.0 0.005862954411669939 6.340828380293642 0.0
-0.02641145 0.02178882 -0.222175 -2.723707 0.7731271 0.8565478 0.3231556 20.05944 0.663578 0 0.0 0.03423912043401378 2.732753474515036 0.0
-0.00831564 0.03556776 0.5163181 -3.100485 1.413888 1.26113 0.1755218 20.3688 0.162487 0 0.0 0.03652691363949601 3.143181766238251 0.0
0.01774353 -0.00939153 6.566273 3.859658 2.602504 1.732412 0.1051655 20.26812 nan 0 0.0 0.020075699056366633 7.616620050093939 0.0
0.02031103 -0.04739477 1.328162 -0.8325507 1.169552 0.8230356 0.322808 20.20091 0.6040993 1 0.9966983 0.05156357399379721 1.5675314881413036 0.0
0.1601528 0.02568697 8.829014 3.135233 0.5065984 0.4772374 0.08938215 17.19757 1.181339 0 0.0 0.16219969104662593 9.369160804281513 0.0
0.01760009 -0.009048143 -5.958029 -0.7672011 2.373818 2.071498 0.6197042 20.09748 nan 0 0.0 0.01978969579747372 6.007221245524606 0.0
0.04590977 0.007122664 2.761049 0.5457633 3.224811 1.937924 0.1159323 20.82747 0.6182613 0 0.0 0.046459006919108765 2.814471381987724 0.0
-0.01801793 -0.01094042 0.8146831 -3.173406 0.325376 0.3019804 0.3053698 18.56616 0.7997856 0 0.0 0.021079340389616088 3.276311064942035 0.0
-0.008484377 0.06082864 1.005232 -4.022065 1.197202 0.978625 -0.1272187 20.33848 0.4612331 0 0.0 0.0614174901581604 4.145780775444957 0.0
-0.01366655 0.03307529 1.625783 -2.074312 1.688241 1.236532 -0.1672602 20.59105 0.3584824 0 0.0 0.03578755925578887 2.6355152506546036 0.0
0.02205404 -0.004709236 4.107513 -1.008234 0.7725922 0.7310912 0.5495321 19.63663 0.5316486 0 0.0 0.02255122134220885 4.229444271287305 0.0
0.03126063 -0.0350537 2.55679 -2.448399 1.575532 1.01159 -0.1038547 20.35994 0.6745434 0 0.0 0.046967955796339486 3.5400328765847644 0.0
