jas1101finalproject/data/gcs/NGC_4833.ecsv
# %ECSV 0.9
# ---
# datatype:
# - {name: x, unit: deg, datatype: float64}
# - {name: y, unit: deg, datatype: float64}
# - {name: pmx, unit: mas / yr, datatype: float64}
# - {name: pmy, unit: mas / yr, datatype: float64}
# - {name: pmx_e, unit: mas / yr, datatype: float64}
# - {name: pmy_e, unit: mas / yr, datatype: float64}
# - {name: pm_corr, datatype: float64}
# - {name: g_mag, unit: mag, datatype: float64}
# - {name: bp_rp, unit: mag, datatype: float64}
# - {name: filter, datatype: int64}
# - {name: memberprob, datatype: float64}
# - {name: r, unit: deg, datatype: float64}
# - {name: pm, unit: mas / yr, datatype: float64}
# - {name: member_prob_GMM, datatype: float64}
# meta: !!omap
# - comments: [deg deg mas/yr mas/yr mas/yr mas/yr dimless mag   mag   zeroone float]
# - __serialized_columns__:
#     bp_rp:
#       __class__: astropy.units.quantity.Quantity
#       unit: &id001 !astropy.units.Unit {unit: mag}
#       value: !astropy.table.SerializedColumn {name: bp_rp}
#     g_mag:
#       __class__: astropy.units.quantity.Quantity
#       unit: *id001
#       value: !astropy.table.SerializedColumn {name: g_mag}
#     pm:
#       __class__: astropy.units.quantity.Quantity
#       unit: !astropy.units.Unit {unit: mas / yr}
#       value: !astropy.table.SerializedColumn {name: pm}
#     pmx:
#       __class__: astropy.units.quantity.Quantity
#       unit: !astropy.units.Unit {unit: mas / yr}
#       value: !astropy.table.SerializedColumn {name: pmx}
#     pmx_e:
#       __class__: astropy.units.quantity.Quantity
#       unit: !astropy.units.Unit {unit: mas / yr}
#       value: !astropy.table.SerializedColumn {name: pmx_e}
#     pmy:
#       __class__: astropy.units.quantity.Quantity
#       unit: !astropy.units.Unit {unit: mas / yr}
#       value: !astropy.table.SerializedColumn {name: pmy}
#     pmy_e:
#       __class__: astropy.units.quantity.Quantity
#       unit: !astropy.units.Unit {unit: mas / yr}
#       value: !astropy.table.SerializedColumn {name: pmy_e}
#     r:
#       __class__: astropy.units.quantity.Quantity
#       unit: &id002 !astropy.units.Unit {unit: deg}
#       value: !astropy.table.SerializedColumn {name: r}
#     x:
#       __class__: astropy.units.quantity.Quantity
#       unit: *id002
#       value: !astropy.table.SerializedColumn {name: x}
#     y:
#       __class__: astropy.units.quantity.Quantity
#       unit: *id002
#       value: !astropy.table.SerializedColumn {name: y}
# schema: astropy-2.0
x y pmx pmy pmx_e pmy_e pm_corr g_mag bp_rp filter memberprob r pm member_prob_GMM
[from data line 1043]
0.03998724 0.0239548 -9.952712 -1.379385 0.4920043 0.2627613 0.2648909 18.62702 0.9790173 0 0.0 0.04661342945823231 10.04784450184063 1.0
0.03684687 0.04169161 -9.049898 -1.208673 0.4457368 0.3190976 0.2285538 19.00774 0.9806938 0 0.0 0.05564065216358449 9.130254335522807 1.0
0.07638796 0.001547435 -8.818671 -0.395021 0.8255217 0.7116465 0.2872977 19.80567 1.10795 0 0.0 0.07640363203435309 8.827513794760222 1.0
-0.125186 -0.08499787 -6.415043 -1.701057 2.08026 1.704945 -0.1244723 20.62945 0.7963905 1 0.2115827 0.15131481256154963 6.636744051799647 0.0
0.1584897 0.0435287 -7.15103 -1.052478 0.2634642 0.1582731 0.2670958 17.96347 1.215651 1 0.001442981 0.16435854930541338 7.228066131503226 0.0
0.025473 0.0437846 -8.905841 -0.8831307 0.7277936 0.5204937 0.3408962 19.4125 nan 0 0.0 0.05065535436812183 8.949520867094702 1.0
0.03738187 0.03581597 -9.129264 0.5497858 2.809387 1.904478 -0.1060571 20.38567 0.8968124 0 0.0 0.0517705313063117 9.14580371578013 1.0
0.02812387 -0.1280711 -9.182913 0.3324489 1.010715 0.5779278 0.1659931 19.81872 1.354729 0 0.0 0.13112268575264505 9.188928851432042 0.0
0.04658192 0.02311647 -6.42661 -0.4756066 1.107123 0.9844724 0.07304717 19.83916 nan 0 0.0 0.05200236971665138 6.444184799496641 0.0
0.134215 -0.05119706 -6.870249 -1.700179 0.6618826 0.4563538 0.2961973 19.64174 1.753401 1 0.03632978 0.1436481993539898 7.077494609962059 0.0
0.01013362 0.06599985 -8.825913 -0.9763502 0.9402098 0.5636866 0.1859515 19.87475 0.8852806 0 0.0 0.06677327649836348 8.879752248605197 1.0
0.1490357 -0.08675013 -7.828916 0.2687426 0.06342106 0.05528624 0.1601889 15.95557 1.778507 1 0.0 0.17244484605086607 7.833527195338685 0.0
-0.01908793 -0.01673226 -7.717957 -1.651972 0.5959578 0.4608771 0.1043697 18.94471 1.024864 0 0.0 0.02538341183514344 7.892773387259576 1.0
-0.05106822 -0.1061368 -5.651246 -0.6472299 0.7253326 0.4825936 0.3382468 19.6708 1.217197 1 0.01375055 0.1177836296274164 5.688188454681334 0.0
-0.0006540336 -0.112121 -10.79901 -2.580718 0.8868712 0.4637119 0.2391958 19.71704 1.305992 1 0.02059412 0.11212290756553688 11.1030951709703 0.0
-0.0554341 -0.01349694 -14.32809 0.5637443 2.672165 1.995967 -0.3578109 20.58776 nan 0 0.0 0.05705354355492391 14.339176081068343 0.0
-0.1736016 0.04988028 -7.941069 -0.8977416 0.7894138 0.5865594 0.1963318 19.89692 1.15029 1 0.5103175 0.1806254629210356 7.991652948116025 0.0
0.06439046 -0.1526313 -2.434636 -2.63573 0.282302 0.230314 0.1269709 18.59825 1.549822 1 0.0 0.16565761400763201 3.588108845254837 0.0
-0.01817013 -0.03173079 -8.836094 -1.551728 0.3789047 0.2982699 0.1618166 18.84394 nan 0 0.0 0.036564964901405275 8.971310771722267 1.0
-0.01967655 0.002676354 -16.48464 -23.72476 1.009005 1.993503 0.2058798 19.15393 nan 0 0.0 0.019857731256007472 28.889575853362746 0.0
0.04890667 0.03840024 -6.536374 -0.4199666 0.3724364 0.3107101 0.1784684 18.70599 1.328209 1 0.003003615 0.062180710855911744 6.549851678701707 0.0
-0.02680191 0.0144173 -7.71316 -5.828386 1.468792 1.157261 0.4364096 19.92767 nan 0 0.0 0.030433549233339515 9.66762228009535 1.0
-0.1183826 0.1364604 -3.070886 -3.776199 0.2170966 0.14442 0.3347538 17.7302 1.160431 1 0.0 0.18065403607702765 4.867239434484089 0.0
-0.181345 -0.01159264 -8.518977 -4.215631 0.2186726 0.1774449 0.2137215 18.04495 1.379015 1 0.0 0.18171515712006417 9.504973111728933 0.0
0.04549193 0.0345326 -7.916881 -1.622371 2.200076 2.030164 0.2742818 20.52365 0.3421841 0 0.0 0.057114062698121026 8.08140411251671 1.0
0.02839226 0.007609664 -8.553695 -1.698015 0.6969038 0.8797402 0.2969582 19.45064 nan 0 0.0 0.029394343233018424 8.720605087564165 1.0
-0.1280841 -0.01774668 -4.347101 -0.8818985 0.7112157 0.5199801 0.2057173 19.69773 1.295906 0 0.0 0.12930770017223414 4.435654638100587 0.0
-0.04592889 0.01091856 -9.235545 -6.363782 1.908627 1.847368 0.04056515 20.55891 0.744276 0 0.0 0.0472088751095141 11.21574842757045 0.0
0.0613385 0.107023 -8.189173 2.588002 2.413752 2.109766 0.03964043 20.82198 0.9436646 0 0.0 0.12335450584088932 8.58838219782591 1.0
-0.02165873 0.0002099961 -3.629158 -7.243917 1.151304 1.821644 0.4142957 19.31186 nan 0 0.0 0.02165974800349522 8.102167690924016 1.0
0.186458 0.02116785 -8.609661 -1.315533 0.3337516 0.4312891 0.3918785 17.87464 nan 0 0.0 0.1876557050494935 8.709586075641596 0.0
-0.0560869 0.001851625 -14.03796 -13.29613 1.993341 1.967415 0.3844657 20.50212 nan 0 0.0 0.056117455989652856 19.335237105825726 0.0
0.08060565 -0.0750003 -8.051775 -0.725736 0.5791088 0.4047708 0.2420381 19.442 0.9044533 1 0.8546437 0.1101013887833051 8.084415463861378 1.0
-0.02731735 0.01453867 -6.040629 -1.177982 0.9471634 0.5207935 0.2088039 19.37426 nan 0 0.0 0.0309452829425003 6.154416325531204 0.0
0.03516522 0.1395264 -11.26868 5.123312 3.090819 2.152745 -0.05431994 20.82727 0.950861 0 0.0 0.14388957222331436 12.37867015441255 0.0
-0.0491249 0.02099701 -5.963442 -0.8734347 1.747437 1.276987 0.3255404 20.45507 nan 0 0.0 0.0534240603937037 6.027066339648842 0.0
0.01507679 -0.009587694 -7.756729 -4.263067 1.076472 0.8979176 0.3627263 19.33983 nan 0 0.0 0.017867105891602477 8.85102169390235 1.0
0.04707118 -0.01749606 -5.78754 -0.12936 1.944535 1.913784 0.06809999 20.26722 nan 0 0.0 0.050217607490958785 5.788985512263785 0.0
-0.01109148 0.1095937 -7.052874 -1.037049 1.066052 0.9374743 0.1287436 20.28158 0.7685757 0 0.0 0.11015352925930426 7.1287097211400745 0.0
-0.09411032 -0.1005957 -6.209952 -0.8665993 0.4098879 0.3161854 0.07746899 19.01674 1.407433 1 0.0001747139 0.13775430007441655 6.270127445998566 0.0
0.01838325 0.06488769 -8.739279 -1.81767 1.068326 0.5585765 0.01693423 19.80275 0.8826561 0 0.0 0.06744150201544001 8.926305040090272 1.0
-0.06677318 0.03086385 -5.455553 -0.6850241 1.132318 1.129621 0.1936731 20.25577 0.846487 0 0.0 0.07356109572413193 5.498392178936476 0.0
-0.03648577 0.03011846 -3.056693 -0.756823 0.255674 0.1733159 0.2778336 17.88327 1.248276 0 0.0 0.047311024563673316 3.1489924022737816 0.0
-0.1672481 0.007765495 -3.592257 -1.159869 0.6360565 0.4510244 0.2604627 19.59403 1.387985 0 0.0 0.16742828275475152 3.7748650904648238 0.0
0.04518634 0.09201326 -5.737013 2.293731 1.946565 1.704104 0.15444 20.71176 0.9428387 0 0.0 0.10250973289606798 6.178553233770022 0.0
-0.06846928 -0.0434145 -8.51375 -0.8963542 0.06158813 0.05303149 0.2104908 15.85003 1.529547 1 0.9845804 0.0810731836920717 8.560805447757684 1.0
0.01550399 -0.006398935 -5.656317 0.5380476 0.9163821 0.6759253 0.2429116 17.85166 1.106791 0 0.0 0.016772598935595073 5.681849806564299 0.0
-0.05711714 0.07004811 -4.900617 -2.302551 3.634215 1.894501 0.4462116 20.9136 0.5692196 0 0.0 0.09038310348926783 5.414590297362303 0.0
0.1315653 0.04586109 -5.830627 -0.05828257 0.7395777 0.4582821 0.2545808 19.60468 1.250488 1 0.01712928 0.13932934988751688 5.830918287122089 0.0
-0.003441548 0.1124346 -9.384955 -1.095947 0.9523032 0.7569437 0.2071828 20.01519 nan 0 0.0 0.1124872594109942 9.448729024521446 0.0
-0.002762633 -0.0693966 -8.415008 0.1203705 2.13693 0.9608024 0.04822288 20.31596 1.497084 0 0.0 0.06945156753200528 8.415868861700154 1.0
-0.01547468 -0.03212524 -6.723931 -0.4233618 1.503966 0.7428652 0.3652079 19.91762 1.010382 0 0.0 0.03565805331422342 6.737245973427143 0.0
-0.003285951 -0.007636746 -6.540549 -0.9900357 0.5350412 0.2692488 0.1384389 18.54468 nan 0 0.0 0.008313685310553737 6.6150549437382224 0.0
0.0886125 -0.0005022459 -5.167006 -0.7688934 1.728539 1.028361 0.3033358 20.25857 nan 0 0.0 0.08861392332581865 5.2239016132197165 0.0
-0.003818535 0.1121293 -5.676643 -0.2207657 0.7817313 0.5052385 0.2187391 19.7846 1.143902 0 0.0 0.11219430078233131 5.680934187591465 0.0
-0.05992884 0.05082134 -11.26351 -2.476583 2.663969 1.02151 0.2021142 20.40715 nan 0 0.0 0.07857655161141394 11.532567835308363 0.0
-0.06800214 -0.1037693 -9.115541 0.1757671 0.5680895 0.3915135 0.4255687 19.1673 nan 0 0.0 0.12406594483205131 9.117235425068468 0.0
0.01723944 0.0413444 -8.382653 -0.843135 0.240397 0.1595189 0.2015889 17.97348 1.073389 0 0.0 0.04479461689615841 8.424947949194344 1.0
0.02651161 0.0637799 -8.19242 0.1303256 1.074796 0.6674278 -0.1091988 19.91296 0.8716183 0 0.0 0.06907055167581985 8.19345654888188 1.0
-0.1309321 -0.02666896 -9.129195 -0.2127921 0.5147131 0.4012228 0.2235657 19.25467 1.517612 1 0.2375732 0.13362053823380446 9.131674645203223 0.0
0.05334876 0.1245554 -11.74374 -12.21334 2.034584 1.711049 -0.07117102 20.75398 1.860567 0 0.0 0.1354995862085844 16.94346786060044 0.0
-0.1859685 0.06788161 -5.054076 -1.645781 0.9331571 0.6033769 0.1524251 19.94657 1.180988 0 0.0 0.1979701895954088 5.315287321842254 0.0
-0.007676662 -0.01206301 -6.835076 -1.281112 0.5711174 0.5525869 0.09697255 18.81666 nan 0 0.0 0.014298508653784282 6.9541003646999515 0.0
-0.07434296 0.03072257 -3.198526 0.1198031 1.314894 0.8901334 0.1209277 20.18245 1.525246 0 0.0 0.08044098463449152 3.2007688694195977 0.0
0.1086073 0.09672047 -9.664207 0.2788602 0.9703922 0.6270881 0.2831796 19.86868 1.389349 0 0.0 0.14543175351452964 9.668229411324134 0.0
0.02120516 -0.07247478 -8.418062 -1.116808 0.5254158 0.3513764 0.2689582 19.294 1.000832 0 0.0 0.07551326073395322 8.491821238386263 1.0
-0.1191953 0.1267051 -7.832087 -0.8206261 0.3877632 0.3132373 0.2366342 19.0701 1.621174 1 0.6793857 0.17395890867702063 7.874961204448578 0.0
0.01493469 -0.01914722 -4.311427 0.2576934 2.077791 1.386424 0.4488648 19.79556 nan 0 0.0 0.024282936377722115 4.319121283864643 0.0
-0.03652872 0.05081696 -10.04175 -1.533687 3.046873 2.37179 0.48276 20.59601 1.016117 0 0.0 0.06258363051533523 10.158195650629546 0.0
0.02539482 0.1084286 -9.500885 -4.199365 0.5129673 0.3598007 0.2300288 19.14499 1.733578 1 0.0 0.11136273245925855 10.387563823459763 0.0
-0.0558932 0.01831647 -8.433129 -1.012594 0.3408428 0.2583806 0.07853373 18.77644 1.018368 0 0.0 0.05881787891025057 8.493704217800204 1.0
-0.02399289 0.01230754 -9.243414 -1.248651 0.788533 0.6040087 0.2774819 19.3346 0.8420887 0 0.0 0.02696542807751622 9.327370031000003 1.0
0.007185021 -0.02938155 -9.789429 0.2115633 0.07087739 0.05472309 0.2365094 15.97579 1.559449 1 0.0 0.030247314048902605 9.791714823050551 1.0
0.004248839 -0.03462973 -8.382348 -1.614546 0.3500061 0.2610464 0.2649469 18.59085 1.15889 0 0.0 0.03488940860377001 8.536422949878949 1.0
0.01971249 -0.1158158 -8.745763 -0.5681241 0.5427669 0.3578779 0.2364641 19.33477 1.074476 1 0.786167 0.11748141040879659 8.764196223566074 0.0
-0.01932329 0.03018068 -9.050309 -0.5412268 0.3870763 0.3121657 0.1967493 18.75242 1.069483 0 0.0 0.03583661509805997 9.066477786026901 1.0
0.09259836 0.1555937 -5.075778 -3.97009 0.3104685 0.2581475 0.1318628 18.64318 1.427715 1 0.0 0.18106312643489728 6.444000070870887 0.0
-0.02096289 -0.02437118 -1.763925 -11.00343 1.860988 0.9837415 0.2504379 19.87158 nan 0 0.0 0.03214649548153733 11.143917765782598 0.0
0.02712756 -0.01396452 -8.38151 -1.461659 0.4997392 0.4576413 0.1805265 18.9444 nan 0 0.0 0.03051085594315571 8.508005460293324 1.0
0.01430096 0.08613126 -8.749701 -0.6804432 0.5814249 0.3943097 0.2435974 19.38863 0.8481636 1 0.8794054 0.08731043125600285 8.77611933247419 1.0
-0.0197525 0.01370076 -9.988743 -2.893189 0.6999785 0.4620423 0.1538162 18.39042 1.07988 0 0.0 0.024038970045066405 10.399304270467807 0.0
-0.00632951 -0.05347488 -6.395318 -0.9334566 0.5443971 0.3176667 0.2782795 19.17951 0.8783913 0 0.0 0.053848170701097174 6.463082356368945 0.0
0.04943596 0.03572864 -11.55685 -2.19405 3.335024 2.069691 0.1019304 20.6373 1.19099 0 0.0 0.06099549046750259 11.763274940466196 0.0
-0.01920348 0.03053938 -7.640936 2.558385 3.221241 1.710324 -0.299678 20.26252 nan 0 0.0 0.03607530145258387 8.057868003654628 1.0
0.01630802 -0.01922459 -7.782041 -0.7467948 0.6721372 0.4935178 0.3089825 18.89217 nan 0 0.0 0.025209846825962667 7.817791542308354 1.0
0.07820062 -0.07364024 -9.38707 0.1930108 0.3891542 0.3267969 0.1676417 18.82895 1.624744 0 0.0 0.10741611571659998 9.389054071301146 0.0
-0.0394719 -0.01660974 -8.135417 -0.5226245 0.337472 0.3040263 0.1091308 18.85168 0.8848228 0 0.0 0.04282422623326194 8.15218658593443 1.0
-0.09048939 -0.164445 -4.723658 -1.468097 3.2118 2.737006 0.04486681 20.99132 1.129681 0 0.0 0.18769786287428022 4.946539568463291 0.0
-0.01951296 -0.0517516 -8.80907 -1.500175 0.2538086 0.1512665 0.3233947 17.81731 1.289795 0 0.0 0.05530807997500546 8.935896110381153 1.0
0.01592236 -0.008161656 -7.397851 -0.8392128 0.3791952 0.2941949 0.1820539 18.36898 1.043879 0 0.0 0.017892293777823344 7.445299023000006 0.0
-0.1169964 0.0614781 -4.640324 -0.6863929 0.4942494 0.3672057 0.2959208 19.25874 1.767397 1 0.0 0.13216548109309784 4.690814645468994 0.0
0.05235973 -0.08004764 -3.22686 -1.581792 0.5894651 0.3981615 0.2890425 19.29075 1.341421 1 0.0 0.09565127283649967 3.593701627968577 0.0
0.007768581 0.1236257 -5.970038 -1.362797 0.2186666 0.1852708 0.1334692 18.25044 1.072096 1 0.0 0.12386954650455277 6.123607546589918 0.0
0.1327682 -0.003571206 -10.37103 1.495152 0.5728265 0.392379 0.3234668 19.38928 1.496021 1 0.0 0.13281622055884001 10.478250940114194 0.0
0.03085761 -0.02461298 -10.16805 -7.731947 0.9350693 1.06705 0.4451044 18.81287 1.176359 0 0.0 0.03947139317774963 12.773889196846394 0.0
-0.03270465 0.008121835 -8.346805 -0.9610555 0.307548 0.2137569 0.1780512 18.4249 1.114929 0 0.0 0.0336980464625136 8.40195104616215 1.0
0.08140202 0.03445627 -11.94534 -0.8309251 0.23029 0.1806995 0.1985185 17.96863 1.203569 1 0.0 0.08839413669691729 11.97420495220497 0.0
-0.1811589 0.01459423 -3.065969 0.135988 0.8263985 0.5760877 0.2196803 19.854 1.218679 1 0.0 0.18174580765041845 3.068983324344562 0.0
0.0446904 0.1308022 -4.392392 -4.595866 2.398483 1.715265 -0.08859759 20.79981 0.6983929 1 0.08695855 0.1382260734340667 6.357286510109482 0.0
-0.02194719 0.01244724 -10.09003 -1.476843 0.733219 0.5043095 0.2246147 19.49732 0.936945 0 0.0 0.02523118967693953 10.197537479585403 0.0
-0.1252918 0.0505098 -8.389376 -0.6505205 0.1943205 0.2075988 0.118066 18.12346 1.216187 1 0.8827976 0.13508987764921546 8.414559203564751 0.0
-0.006510419 -0.003487151 -8.579289 -1.21695 0.05019979 0.03878262 0.1817093 14.99983 1.413618 0 0.0 0.007385511333168612 8.665169764524004 0.0
0.04231464 -0.03933598 -7.985109 -0.7885192 0.6595448 0.456125 0.2937132 19.59542 0.925539 0 0.0 0.05777411254956669 8.023947175215552 1.0
-0.02386607 0.08192594 -8.860677 -0.4628395 1.006748 0.9777414 0.09040927 20.38554 1.101669 0 0.0 0.08533140654019773 8.872757029305449 1.0
-0.01843211 0.01397669 -8.447648 0.07358302 0.5836787 0.3220212 0.2026498 18.91238 nan 0 0.0 0.023132024174468607 8.44796846542033 1.0
0.1708566 0.08879243 -5.72836 0.2530129 0.7133266 0.5038304 0.3094197 19.57135 0.8843136 1 0.002948552 0.19255148243746373 5.733944873921131 0.0
0.08070052 -0.04436843 -7.917461 -1.855917 0.676782 0.4581083 0.2948031 19.59772 1.137957 1 0.480472 0.09209305896176595 8.132073327104841 1.0
-0.1628908 -0.09133035 -8.926982 -1.126655 0.9474583 0.5821942 0.2690604 19.59046 1.411783 0 0.0 0.18674754497921117 8.997797459231288 0.0
-0.103669 -0.135785 -8.168429 0.4215231 0.1841668 0.1136224 0.297141 17.41527 1.607559 1 0.0 0.1708356748047667 8.179297894799689 0.0
-0.1047076 -0.09343917 -10.11672 0.7380466 0.2613902 0.2296921 0.1049993 18.34663 1.863358 1 0.0 0.1403373078979674 10.14360568743539 0.0
0.1271005 -0.1330685 -4.249892 0.2107742 0.1742869 0.12815 0.1900254 17.47985 1.168522 1 0.0 0.18401565909590412 4.255115483162547 0.0
0.01972857 0.0408004 -11.31293 1.384554 1.401894 1.296218 -0.228612 20.03789 1.283407 0 0.0 0.045319853424353664 11.397340697014194 0.0
-0.03598063 -0.02481235 -9.560191 -0.472277 3.084394 1.050848 0.6265959 20.11323 1.103487 0 0.0 0.0437065034945533 9.571849221608645 1.0
-0.02206766 0.01282857 -27.6482 -6.400669 2.463165 1.760221 0.3917083 19.98583 nan 0 0.0 0.025525552415579567 28.37942083425173 0.0
-0.02855671 -0.1212206 -11.23585 -1.765641 3.338331 1.692558 0.1003847 20.53761 nan 0 0.0 0.1245388274811679 11.373733483926067 0.0
