jas1101finalproject/data/gcs/NGC_6218_M_12.ecsv
# %ECSV 0.9
# ---
# datatype:
# - {name: x, unit: deg, datatype: float64}
# - {name: y, unit: deg, datatype: float64}
# - {name: pmx, unit: mas / yr, datatype: float64}
# - {name: pmy, unit: mas / yr, datatype: float64}
# - {name: pmx_e, unit: mas / yr, datatype: float64}
# - {name: pmy_e, unit: mas / yr, datatype: float64}
# - {name: pm_corr, datatype: float64}
# - {name: g_mag, unit: mag, datatype: float64}
# - {name: bp_rp, unit: mag, datatype: float64}
# - {name: filter, datatype: int64}
# - {name: memberprob, datatype: float64}
# - {name: r, unit: deg, datatype: float64}
# - {name: pm, unit: mas / yr, datatype: float64}
# - {name: member_prob_GMM, datatype: float64}
# - {name: member_prob_DB, datatype: float64}
# meta: !!omap
# - comments: [deg deg mas/yr mas/yr mas/yr mas/yr dimless mag   mag   zeroone float]
# - __serialized_columns__:
#     bp_rp:
#       __class__: astropy.units.quantity.Quantity
#       unit: &id001 !astropy.units.Unit {unit: mag}
#       value: !astropy.table.SerializedColumn {name: bp_rp}
#     g_mag:
#       __class__: astropy.units.quantity.Quantity
#       unit: *id001
#       value: !astropy.table.SerializedColumn {name: g_mag}
#     pm:
#       __class__: astropy.units.quantity.Quantity
#       unit: !astropy.units.Unit {unit: mas / yr}
#       value: !astropy.table.SerializedColumn {name: pm}
#     pmx:
#       __class__: astropy.units.quantity.Quantity
#       unit: !astropy.units.Unit {unit: mas / yr}
#       value: !astropy.table.SerializedColumn {name: pmx}
#     pmx_e:
#       __class__: astropy.units.quantity.Quantity
#       unit: !astropy.units.Unit {unit: mas / yr}
#       value: !astropy.table.SerializedColumn {name: pmx_e}
#     pmy:
#       __class__: astropy.units.quantity.Quantity
#       unit: !astropy.units.Unit {unit: mas / yr}
#       value: !astropy.table.SerializedColumn {name: pmy}
#     pmy_e:
#       __class__: astropy.units.quantity.Quantity
#       unit: !astropy.units.Unit {unit: mas / yr}
#       value: !astropy.table.SerializedColumn {name: pmy_e}
#     r:
#       __class__: astropy.units.quantity.Quantity
#       unit: &id002 !astropy.units.Unit {unit: deg}
#       value: !astropy.table.SerializedColumn {name: r}
#     x:
#       __class__: astropy.units.quantity.Quantity
#       unit: *id002
#       value: !astropy.table.SerializedColumn {name: x}
#     y:
#       __class__: astropy.units.quantity.Quantity
#       unit: *id002
#       value: !astropy.table.SerializedColumn {name: y}
# schema: astropy-2.0
x y pmx pmy pmx_e pmy_e pm_corr g_mag bp_rp filter memberprob r pm member_prob_GMM member_prob_DB
[from data line 114]
0.02221055 0.06698267 0.3511426 -3.159364 1.711021 1.346195 -0.330323 19.84308 nan 0 0.0 0.07056902019747333 3.178817706322708 0.0 1.0
-0.01451199 -0.02814398 0.3502323 -6.688989 0.8598437 0.5164807 0.3801889 19.14928 1.189812 0 0.0 0.031665145886297444 6.6981517231311125 1.0 1.0
-0.03150033 -0.01964233 -2.019918 -9.593369 0.7586296 0.5460967 0.468139 18.03527 0.8779278 0 0.0 0.0371226604372289 9.803713454445973 0.0 1.0
0.05185841 0.09306367 -2.384147 -6.805848 1.508078 0.9095843 0.5377074 20.13911 1.06308 1 0.9535375 0.10653704220409443 7.211360753471775 0.0 1.0
0.04366468 -0.06454658 0.130745 -6.535418 0.6145462 0.4267463 0.456884 19.19414 0.9310703 0 0.0 0.07792859083288238 6.536725685673906 0.0 1.0
0.0005242212 -0.03696397 0.02181402 -7.166041 0.270443 0.1936523 0.556385 17.8458 0.9350853 0 0.0 0.03696768705271442 7.166074201761349 0.0 1.0
0.06281945 -0.02353682 3.209221 -4.538954 2.145666 1.377688 0.4797273 20.63025 nan 0 0.0 0.06708401593535453 5.55888503577444 0.0 1.0
-0.02656082 0.07163522 3.663215 -6.31706 3.400774 2.002855 0.6489413 20.83587 0.6937866 0 0.0 0.07640079779374559 7.30235518033908 0.0 1.0
-0.04313561 -0.03112041 -2.743654 -8.372755 2.145419 1.322745 0.04014868 20.51102 1.029697 0 0.0 0.053189855880987305 8.810826497085333 0.0 1.0
0.003192997 0.01042648 -1.043256 -7.398125 1.168976 0.9169836 0.3057543 18.92411 nan 0 0.0 0.010904435566887862 7.471320940580789 0.0 0.0
-0.01704374 0.001612778 1.745882 -5.604588 0.3229576 0.2343792 0.5701064 18.0381 0.5296059 0 0.0 0.017119875176673575 5.870222364414145 0.0 0.0
-0.004767314 -0.06645074 1.980697 -6.174176 1.07398 0.7564163 0.4083187 19.83663 1.151571 0 0.0 0.06662152902269802 6.484104401132434 0.0 1.0
-0.001641245 -0.0175238 0.8048123 -5.903431 1.58786 0.7841761 0.1812492 19.11898 nan 0 0.0 0.017600490095165674 5.958038302158882 0.0 0.0
0.1047079 -0.06474334 0.002450471 -6.484151 0.4198902 0.2742272 0.4135382 18.58179 0.9289742 1 0.9973844 0.12310745061435396 6.484151463037328 0.0 0.0
0.01440206 0.0427319 -1.424666 -7.424811 0.6019783 0.39749 0.4337079 18.8341 0.9963531 0 0.0 0.04509362050061628 7.560257376391164 0.0 1.0
-0.1217452 -0.06395198 3.001386 -7.110051 1.357916 0.9919776 0.3218323 20.21896 nan 0 0.0 0.13751999661489378 7.717586613935539 0.0 0.0
-0.03146983 -0.01917014 1.275854 -8.19262 2.533632 1.770492 -0.6169019 20.08237 nan 0 0.0 0.03684894120390028 8.2913705678685 0.0 1.0
0.08799668 -0.02519209 3.33506 -5.500456 1.399483 0.8300606 0.4339567 20.18012 0.823843 0 0.0 0.09153172722936292 6.432545484606852 0.0 1.0
0.05127553 -0.01892243 0.2975666 -6.226728 0.1119465 0.07870076 0.4785511 15.42789 1.239497 0 0.0 0.0546556340543754 6.233834090463072 0.0 1.0
-0.05161813 0.09125826 0.08095353 -7.257035 0.8049234 0.5621655 0.4354 19.53206 1.052071 1 0.9933883 0.10484513037296724 7.257486511544094 0.0 1.0
0.01014696 -9.710412e-05 2.028191 -4.518736 0.7663234 0.59551 0.6837071 18.65069 nan 0 0.0 0.010147424621632869 4.95303278509006 0.0 0.0
0.05743974 0.07903543 -0.5600935 -5.977901 1.64607 0.9776298 0.3861026 20.3902 0.8496647 0 0.0 0.09770323907912419 6.004082369067171 0.0 1.0
0.0118395 -0.02883073 -0.6054656 -6.748117 0.136988 0.09610961 0.5682899 15.3152 0.2664948 0 0.0 0.03116704593930743 6.775224840436836 1.0 1.0
-0.03943052 -0.006781242 0.08796905 -7.208542 0.4074311 0.2671677 0.3542491 18.54883 0.9808617 0 0.0 0.04000938827991455 7.209078742774412 0.0 1.0
0.1935735 0.002950235 -10.54016 -10.04771 1.714207 1.098083 0.2737187 20.44739 1.210884 0 0.0 0.19359598081779805 14.561986439689472 0.0 0.0
-0.1252996 -0.04743199 -1.569599 -1.986163 0.1192222 0.08332103 0.4368501 16.43926 1.311736 1 0.0 0.13397680185584407 2.531498466001905 0.0 0.0
-0.140703 0.1584588 -3.978109 -4.413959 0.4730153 0.3798818 0.4771258 18.98616 0.8920574 1 0.0 0.21191159832920897 5.942085935895071 0.0 0.0
0.02867708 0.08439069 -1.949881 -7.60105 2.079 1.642092 0.3403603 20.6948 1.587858 0 0.0 0.08913003688994244 7.847164903113799 0.0 1.0
0.05526919 -0.07216439 -2.696759 -9.001868 2.075306 1.375328 0.5072028 20.69412 1.22731 0 0.0 0.09089764874477337 9.397134488422788 0.0 1.0
0.06388964 0.04828852 4.404818 -5.439691 2.22144 1.387256 0.2618823 20.72817 1.030949 0 0.0 0.0800853748391053 6.999475679549504 0.0 1.0
-0.06796075 -0.06342229 -1.145612 -6.563554 0.9408027 0.6426094 0.3946929 19.71454 0.9725304 0 0.0 0.09295725044022442 6.66278229911949 0.0 1.0
-0.06126784 -0.021378 0.3388286 -7.126487 1.045457 0.7318109 0.1498866 19.80401 0.8076229 0 0.0 0.06489042381018635 7.1345372506804505 0.0 1.0
0.0235373 0.06339552 1.053372 -6.61793 0.728972 0.5299339 -0.0420701 19.16426 nan 0 0.0 0.06762393398317196 6.7012379494600856 0.0 1.0
0.02129559 0.07260923 0.1589866 -6.813324 0.2457274 0.1665788 0.4244692 17.78123 0.945385 1 0.99935 0.07566771064754768 6.81517869670015 0.0 1.0
-0.1112098 -0.0365894 -0.3089014 -6.698328 0.300957 0.2172644 0.4845544 17.97218 0.9069862 1 0.9987884 0.11707435162493961 6.705446895659227 0.0 0.0
-0.05988007 -0.02243867 -0.410837 -5.408081 0.7999476 0.5636111 0.2394819 19.53322 0.9018688 0 0.0 0.06394620156486075 5.423663627395231 0.0 1.0
0.04663441 -0.1963472 1.783571 3.959339 0.5067789 0.3716512 0.3766708 19.07929 1.490896 1 0.0 0.20180929399779413 4.342521252563078 0.0 0.0
-0.07444478 0.004428492 -4.99736 -8.125399 2.631635 1.742724 0.6403622 20.70851 0.9786682 0 0.0 0.07457638239176304 9.539167462561972 0.0 1.0
0.01219037 -0.01146217 0.2397937 -5.457246 2.971413 1.920691 0.0331918 19.83842 nan 0 0.0 0.016732795996061152 5.462511777843201 0.0 0.0
-0.07478172 0.03721127 -0.1429395 -6.455679 0.6856533 0.5060253 0.5449999 19.24301 0.9339523 1 0.9971803 0.08352834405859665 6.4572612655599775 0.0 1.0
0.1349929 -0.06582958 -1.281739 -8.324209 3.073003 1.792377 0.4678904 20.90438 1.112896 0 0.0 0.15018860360688624 8.422310273303994 0.0 0.0
0.0005547233 -0.0284305 0.3544194 -6.549523 1.034726 0.8633142 0.5311064 19.5609 nan 0 0.0 0.02843591124246879 6.5591054754917115 0.0 1.0
-0.06965712 0.02489991 0.07290451 -5.998719 1.602114 1.090711 0.4751119 20.32546 0.6826859 0 0.0 0.07397377835897326 5.999162000524685 0.0 1.0
0.004656939 -0.01242952 -0.509932 -7.476727 0.2760122 0.1786446 0.6058307 17.6846 0.9000607 0 0.0 0.01327328325170984 7.4940961614562305 0.0 0.0
-0.02541631 0.02368761 1.071388 -6.383536 0.8968412 0.6152615 0.6273422 19.18705 nan 0 0.0 0.034743224973053384 6.47282041384125 0.0 1.0
0.1111926 -0.008828652 6.333857 -4.984219 2.804266 1.51853 0.4431392 20.77675 0.5328102 0 0.0 0.11154254520539283 8.05978805778477 0.0 1.0
-0.1088288 -0.06698831 1.615168 -6.955067 1.509797 1.079453 0.3389098 20.33947 0.8790894 0 0.0 0.1277933542329025 7.140148782953545 0.0 0.0
0.02446734 0.04637374 -1.15465 -6.738711 0.7577095 0.5166271 0.06455503 19.21959 0.9218502 0 0.0 0.05243257087215159 6.836917621561708 1.0 1.0
-0.02617815 -0.01997197 -0.2162285 -7.031459 0.3795915 0.273677 0.09097257 18.30183 0.8356686 0 0.0 0.03292681465163917 7.034782898774719 0.0 1.0
0.04686702 -0.06550296 0.03135783 -6.872431 0.720413 0.4794859 0.3840185 19.43854 1.340811 0 0.0 0.08054287884376868 6.872502540069615 0.0 1.0
0.006349862 0.03810567 1.309974 -7.432682 0.606215 0.4064935 0.2335027 18.5652 0.8817425 0 0.0 0.038631112248651914 7.547237480946257 0.0 1.0
-0.2096045 0.1257306 -0.8624765 -7.125861 0.4076291 0.332933 0.3938134 18.78723 0.9591999 1 0.9539572 0.2444222375247596 7.177866027195913 0.0 0.0
0.08110683 0.03783206 -0.4112636 -6.332244 0.4964334 0.2892535 0.5078901 18.53215 0.9013824 1 0.9943827 0.08949627163459102 6.345585223146953 0.0 1.0
0.01307463 -0.04201468 0.1725393 -6.801205 0.7703252 0.5447257 0.5098593 19.52596 0.8200493 0 0.0 0.04400203728396334 6.803393216775692 1.0 1.0
0.05050013 0.05979624 0.8179459 -5.43893 1.841594 1.118253 0.3835456 20.47881 1.1481 0 0.0 0.07826783150282433 5.500090457458569 0.0 1.0
0.01754369 0.04838763 0.9745522 -7.696265 1.975392 1.160173 0.1665347 20.458 1.37875 0 0.0 0.05146983384306773 7.757721762266925 0.0 1.0
0.05783353 -0.00186296 1.431663 -6.184576 1.618498 1.078565 0.2857483 20.1899 0.8115788 0 0.0 0.05786352747821809 6.348120922394673 0.0 1.0
-0.08625049 0.04846288 3.314625 -3.016968 1.796588 1.329174 0.5473789 20.44862 1.100788 0 0.0 0.09893329956659942 4.482056983534346 0.0 1.0
0.05807749 -0.003002132 -0.07760321 -6.742106 0.3524958 0.2353441 0.4707984 18.23231 0.8947792 1 0.9995269 0.05815503109143288 6.742552600717202 1.0 1.0
-0.01670824 0.001111983 -0.4570475 -6.735749 0.06338063 0.04525237 0.5338863 15.10874 1.36326 0 0.0 0.01674520200206283 6.7512374427402015 0.0 0.0
-0.06000761 0.1377873 -5.370698 -0.3213354 0.4810087 0.3445472 0.427579 18.86885 0.9171791 1 0.0 0.15028723598230856 5.3803023564198655 0.0 0.0
-0.04391554 0.0536624 0.1222178 -5.883856 2.312821 1.508348 0.6870611 20.4675 0.7617912 0 0.0 0.06934138610708326 5.8851251999743255 0.0 1.0
0.002842283 0.03309854 1.561828 -6.227197 0.8072576 0.5005006 0.4589544 19.29184 0.9164295 0 0.0 0.03322035404362345 6.4200692502801715 0.0 1.0
0.03785819 0.09323773 -0.1592661 -6.716137 0.8278842 0.5544276 0.3582626 19.511 0.9557838 1 0.9956844 0.10063059597174709 6.718025148313916 0.0 1.0
0.07666897 0.03720689 -2.798432 -6.956946 1.600088 0.9757957 0.3607118 20.36363 1.035282 0 0.0 0.08522020666680527 7.4986878389182205 0.0 1.0
0.02487942 0.06847668 -0.8114775 -6.984194 1.078222 0.6964057 0.09315561 19.85729 0.8808384 0 0.0 0.07285630544680947 7.031177821861871 0.0 1.0
0.006212608 0.03766996 0.04823417 -6.896211 1.31449 0.9160025 0.7141397 18.82205 nan 0 0.0 0.038178821152089856 6.896379680069579 1.0 1.0
-0.143111 -0.04708484 -0.5761143 -7.417312 0.5136216 0.399313 0.4310578 18.92293 0.9238644 1 0.9876988 0.15065769306220508 7.4396522090759385 0.0 0.0
0.01055843 -0.04407281 -0.3917027 -7.123343 0.3889677 0.2727529 0.5471149 18.5864 0.8400288 0 0.0 0.045319896572708546 7.1341044638298 0.0 1.0
0.02690773 0.06732008 0.588079 -6.401997 0.5399455 0.38067 0.424778 18.91836 0.8988686 0 0.0 0.07249840760292119 6.428950341871524 0.0 1.0
0.03849639 -0.01128185 1.149593 -3.833392 1.522717 1.288917 0.5025692 20.13492 0.8125534 0 0.0 0.040115485569223765 4.00205675763263 0.0 1.0
-0.06114778 0.03221659 -1.231008 -7.796074 0.7013786 0.4983143 0.514817 19.38534 1.03978 0 0.0 0.0691155530264824 7.892664347958806 0.0 1.0
0.02577875 0.03797472 4.448074 -5.750827 1.600252 0.9312813 0.139121 20.16376 nan 0 0.0 0.04589796630179708 7.270307661537096 0.0 1.0
0.03730718 0.001397755 1.623368 -5.512917 0.801148 0.6537348 0.344513 19.1587 nan 0 0.0 0.03733335504066605 5.746962459622735 0.0 1.0
0.01919141 0.1100962 0.4125263 -7.566273 3.291669 2.435723 0.4178894 20.95221 0.5882702 0 0.0 0.11175635763672732 7.577510478958158 0.0 1.0
0.06436206 0.03928296 0.1832196 -7.159836 0.9591575 0.5787425 0.1904751 19.58085 0.8884468 0 0.0 0.07540308822458931 7.1621799034037235 0.0 1.0
-0.04687002 -0.09269982 -0.7796292 -7.102485 0.3527273 0.2591908 0.468485 18.2884 0.9834518 0 0.0 0.10387519146953618 7.145146245159552 0.0 1.0
0.06487861 -0.01207731 -1.004261 -6.543071 0.8394437 0.5981072 0.2351608 19.42732 0.9185238 0 0.0 0.06599314701064195 6.619691704842605 0.0 1.0
-0.05609817 -0.02116706 -0.1570088 -6.627067 0.3011944 0.2049312 0.427354 18.07635 0.8793488 0 0.0 0.05995872835870104 6.628926669210216 0.0 1.0
0.00519083 0.03520544 -2.480004 -6.771762 1.733921 0.9649605 0.2116531 19.82592 0.9247589 0 0.0 0.0355860607778172 7.211600406612946 0.0 1.0
0.09348548 -0.04457343 -0.5871363 -6.39305 1.320138 0.7606028 0.3341557 19.89317 1.095825 0 0.0 0.10356797590372856 6.419954621122932 0.0 1.0
0.08079669 -0.06843942 0.5704952 -6.304173 0.4267596 0.286687 0.5256645 18.68566 0.8864384 0 0.0 0.10588701206896199 6.329933805906033 0.0 1.0
-0.009769472 -0.003812259 3.668207 -5.079166 1.340951 0.8657218 0.2997782 19.19383 nan 0 0.0 0.010486939584162054 6.265274922172609 0.0 0.0
-0.04949495 -0.02364962 -0.3725706 -6.867387 0.3179586 0.2224904 0.4346353 18.18782 0.9318218 1 0.9995156 0.05485485030192773 6.877485954893209 1.0 1.0
0.03803889 -0.01139246 0.3524569 -6.030683 1.283778 1.174641 0.1169493 19.87276 0.6572533 0 0.0 0.039708252256724925 6.040973705690715 0.0 1.0
-0.04435687 0.01747606 -4.703021 -8.833563 0.4793141 0.3930268 0.4809601 17.71091 nan 0 0.0 0.0476754086434558 10.007509270613243 0.0 1.0
0.0370937 0.002235921 -1.709198 -9.004906 0.4643648 0.3681285 0.3488719 18.64278 0.9902744 0 0.0 0.037161026928870536 9.165680000525875 0.0 1.0
0.01456924 -0.02397118 0.5250326 -8.784424 1.675875 1.216574 0.3578417 19.87273 nan 0 0.0 0.02805138543405655 8.800100240499466 0.0 0.0
-0.193174 -0.0553396 -2.738632 -0.8164251 0.8046293 0.6538282 0.5362578 19.57023 1.89707 1 0.0 0.2009444341208783 2.8577360226819426 0.0 0.0
-0.09550604 0.02267897 -4.490022 -6.609159 2.254145 1.724081 0.5491535 20.79381 0.9350758 0 0.0 0.09816180192285848 7.9900738574662125 0.0 1.0
-0.05533918 0.08694956 0.1342311 -6.695979 2.211974 1.403345 0.6294277 20.47108 0.9311314 0 0.0 0.1030662448489611 6.697324298303631 0.0 1.0
-0.1278493 -0.007669094 -0.2448872 -7.639761 0.4626984 0.3548804 0.5191789 18.69406 0.9094276 1 0.9673658 0.12807911037039113 7.643684836376029 0.0 0.0
0.04446169 0.08966666 -0.6038919 -7.978917 1.499511 0.9787352 0.3888561 20.31612 1.001099 0 0.0 0.1000847230760604 8.001737431319189 0.0 1.0
0.03293063 0.01117873 -0.6607228 -7.356658 0.2548533 0.1623058 0.5013762 17.58838 0.886467 0 0.0 0.034776290725288685 7.3862691223244665 0.0 1.0
-0.02465379 0.02228584 0.4311732 -5.831721 0.2949931 0.2290369 0.636232 17.59449 1.138042 0 0.0 0.03323353766708714 5.847638852583087 0.0 1.0
0.06550242 -0.04827284 -0.07397863 -6.749364 0.1950656 0.1339766 0.4672127 17.45296 1.069496 1 0.9996981 0.08136850808219358 6.749769421409347 0.0 1.0
0.03762701 -0.01713393 0.7770649 -3.844948 1.597131 1.438989 0.4461256 20.07457 0.9183197 0 0.0 0.041344448705781536 3.922684665062438 0.0 1.0
-0.0634346 0.01289841 -0.9746755 -7.432696 1.054147 0.7884397 0.5667045 19.8856 0.910635 0 0.0 0.06473266144449878 7.496329912611654 0.0 1.0
-0.002342866 0.07737714 -0.5036286 -6.882701 0.3611721 0.2391914 0.4303622 18.39791 0.9253941 1 0.9990711 0.0774126011426664 6.9011024352735815 0.0 1.0
0.004824833 0.03858299 -1.195665 -7.389271 0.6388041 0.4457148 0.3385742 18.86134 0.9789982 0 0.0 0.03888349432365858 7.485381800794533 0.0 1.0
-0.04757348 -0.02365326 -1.551036 -8.172023 0.6660887 0.521163 0.3396582 19.23718 1.106924 0 0.0 0.05312920767278579 8.317912754160444 0.0 1.0
0.05998494 0.03109654 -0.1667889 -6.945974 0.09926465 0.06644959 0.4682397 15.84253 1.207915 1 0.9997714 0.0675661736875428 6.947976205042675 0.0 1.0
-0.02122205 -0.01297968 0.3622033 -7.512402 0.5909185 0.4045405 0.2769065 18.50982 nan 0 0.0 0.024876645656215387 7.52112857489718 0.0 0.0
-0.07784723 0.04165763 -4.17771 -8.620946 1.642122 1.248725 0.3929427 20.48308 1.065084 0 0.0 0.08829240825739097 9.579873213097134 0.0 1.0
-0.04476864 0.01793214 -0.9934116 -7.374575 0.510936 0.4158613 0.5885786 18.42258 1.337236 0 0.0 0.04822647377145876 7.441184249676899 0.0 1.0
0.003101511 0.01841791 -1.050778 -6.810354 0.3897658 0.266675 0.454369 18.35214 nan 0 0.0 0.018677226219415477 6.8909401398212715 0.0 0.0
0.06957568 -0.009254738 1.387444 -6.296804 1.615236 1.073995 0.4082323 20.4721 0.8440228 0 0.0 0.0701884992211049 6.44784781671776 0.0 1.0
-0.01166074 0.03577391 11.1707 1.732341 1.268824 0.8128937 0.6057374 19.41978 nan 0 0.0 0.03762639358263957 11.304226812581257 0.0 1.0
-0.005026732 -0.007746503 -5.863774 -7.001064 0.8181688 0.5256991 -0.580557 18.24021 nan 0 0.0 0.00923451911735706 9.13229120512328 0.0 0.0
-0.03650295 0.01255564 0.9229782 -6.818029 0.7656717 0.5804192 0.6826932 19.22963 nan 0 0.0 0.038601935890730917 6.880218615895591 1.0 1.0
0.04345246 -0.01639533 -0.4141593 -7.782482 0.8388316 0.6564933 0.4362752 19.4896 1.01092 0 0.0 0.046442686462569105 7.793494338619904 0.0 1.0
