jas1101finalproject/data/gcs/NGC_2419.ecsv
# %ECSV 0.9
# ---
# datatype:
# - {name: x, unit: deg, datatype: float64}
# - {name: y, unit: deg, datatype: float64}
# - {name: pmx, unit: mas / yr, datatype: float64}
# - {name: pmy, unit: mas / yr, datatype: float64}
# - {name: pmx_e, unit: mas / yr, datatype: float64}
# - {name: pmy_e, unit: mas / yr, datatype: float64}
# - {name: pm_corr, datatype: float64}
# - {name: g_mag, unit: mag, datatype: float64}
# - {name: bp_rp, unit: mag, datatype: float64}
# - {name: filter, datatype: int64}
# - {name: memberprob, datatype: float64}
# - {name: r, unit: deg, datatype: float64}
# - {name: pm, unit: mas / yr, datatype: float64}
# - {name: member_prob_GMM, datatype: float64}
# meta: !!omap
# - comments: [deg deg mas/yr mas/yr mas/yr mas/yr dimless mag   mag   zeroone float]
# - __serialized_columns__:
#     bp_rp:
#       __class__: astropy.units.quantity.Quantity
#       unit: &id001 !astropy.units.Unit {unit: mag}
#       value: !astropy.table.SerializedColumn {name: bp_rp}
#     g_mag:
#       __class__: astropy.units.quantity.Quantity
#       unit: *id001
#       value: !astropy.table.SerializedColumn {name: g_mag}
#     pm:
#       __class__: astropy.units.quantity.Quantity
#       unit: !astropy.units.Unit {unit: mas / yr}
#       value: !astropy.table.SerializedColumn {name: pm}
#     pmx:
#       __class__: astropy.units.quantity.Quantity
#       unit: !astropy.units.Unit {unit: mas / yr}
#       value: !astropy.table.SerializedColumn {name: pmx}
#     pmx_e:
#       __class__: astropy.units.quantity.Quantity
#       unit: !astropy.units.Unit {unit: mas / yr}
#       value: !astropy.table.SerializedColumn {name: pmx_e}
#     pmy:
#       __class__: astropy.units.quantity.Quantity
#       unit: !astropy.units.Unit {unit: mas / yr}
#       value: !astropy.table.SerializedColumn {name: pmy}
#     pmy_e:
#       __class__: astropy.units.quantity.Quantity
#       unit: !astropy.units.Unit {unit: mas / yr}
#       value: !astropy.table.SerializedColumn {name: pmy_e}
#     r:
#       __class__: astropy.units.quantity.Quantity
#       unit: &id002 !astropy.units.Unit {unit: deg}
#       value: !astropy.table.SerializedColumn {name: r}
#     x:
#       __class__: astropy.units.quantity.Quantity
#       unit: *id002
#       value: !astropy.table.SerializedColumn {name: x}
#     y:
#       __class__: astropy.units.quantity.Quantity
#       unit: *id002
#       value: !astropy.table.SerializedColumn {name: y}
# schema: astropy-2.0
x y pmx pmy pmx_e pmy_e pm_corr g_mag bp_rp filter memberprob r pm member_prob_GMM
[from data line 798]
0.06261019 -0.07250456 2.215006 -3.248809 0.3868337 0.254219 0.1025996 18.70501 1.478592 1 0.0 0.09579638360934978 3.9320492746806974 0.0
0.002568719 -0.006144918 3.342038 1.059341 2.989796 2.198225 -0.2783593 20.26698 nan 0 0.0 0.00666020529170723 3.5059123417057934 0.0
0.0299253 -0.01836095 1.586299 -1.048751 0.9714046 0.566357 0.05569936 19.85097 0.9642906 0 0.0 0.03510908806836913 1.9016369730845053 0.0
-0.01628193 -0.0002226889 2.798144 0.1809942 2.275285 1.484126 0.107435 20.72383 0.4454632 0 0.0 0.016283452793283224 2.803991573662382 0.0
0.02232123 -0.01776103 1.147899 -0.7866557 0.4708975 0.3104163 0.09574063 18.94694 0.9223747 0 0.0 0.028525278182233386 1.3915815838618626 0.0
0.01506329 0.0040228 -0.2547096 -0.627434 0.3086365 0.1983542 0.1578315 18.31924 1.179502 0 0.0 0.015591203464264713 0.677163499229071 0.0
-0.00362564 0.004624018 -3.174932 1.596715 2.988568 1.316986 0.2387541 20.24783 nan 0 0.0 0.005875951656874314 3.55382779490636 0.0
0.01405942 0.005239483 -0.2433317 -0.2940319 0.1962648 0.1266343 0.1699842 17.46361 1.322426 0 0.0 0.015003981899605483 0.38166094173035314 0.0
0.005156591 0.01800989 -0.1414362 -0.7900827 0.1705557 0.119791 0.06301931 17.38086 1.480579 1 0.9988716 0.018733567961106104 0.802642430668682 0.0
-0.003988168 -0.000243516 0.1399916 -0.4995936 1.198296 0.5533172 0.3340755 19.30568 nan 0 0.0 0.003995595579945499 0.5188365958869131 0.0
0.003726948 -0.006625519 2.73813 -1.846329 2.158406 1.805193 -0.5517989 20.14635 nan 0 0.0 0.007601818428117381 3.302466755796491 0.0
0.04668261 -0.007911094 0.04382827 -0.8619422 0.3254874 0.2050346 0.1494547 18.32533 1.230709 1 0.9952954 0.04734819410166491 0.8630557765243408 0.0
0.01038322 0.006837209 -2.321776 0.2566437 1.261757 0.8370412 0.1502971 20.11633 0.3505344 0 0.0 0.012432163306443533 2.3359173322114137 0.0
-0.01376409 -0.001787247 1.156662 -0.3123241 2.1677 1.604963 -0.03052284 20.71215 0.7437859 0 0.0 0.0138796406786022 1.198087361457757 0.0
-0.02590402 0.06239842 0.00257686 -0.5484763 0.1721827 0.1080043 0.194031 17.37741 1.388073 1 0.9989991 0.06756168345043513 0.5484823532887358 0.0
0.0164835 0.0002541947 -0.3274363 -0.5393584 0.1611519 0.1046131 0.2661167 17.13817 1.500786 1 0.9990194 0.01648545987212696 0.630969107174234 0.0
0.008560646 0.002465323 1.214252 -3.225002 1.505268 1.028337 0.1659344 19.93959 nan 0 0.0 0.00890856202939874 3.4460188362091113 0.0
0.01159522 0.003396539 -4.78742 0.5763559 1.877466 1.622794 -0.2225207 20.49931 nan 0 0.0 0.012082450249304608 4.821988840703057 0.0
0.007519453 0.02045532 -1.050308 -0.4632977 1.382802 0.8998226 0.09606633 20.30294 0.3497429 0 0.0 0.02179362956741279 1.1479510676371576 0.0
0.01408797 0.01097679 0.06071862 -0.3654854 0.155476 0.09690865 0.06464764 17.0889 1.550531 1 0.9991165 0.017859474164291626 0.3704947076921132 0.0
0.002527068 -0.00405828 -0.4037331 -1.153507 0.9641528 0.6628974 -0.2134747 19.42042 nan 0 0.0 0.004780764503196534 1.2221206221501255 0.0
0.01122109 0.003324 -2.392945 0.3022321 1.736061 1.236106 0.07319917 20.45709 nan 0 0.0 0.011703069545555132 2.4119556412370877 0.0
-0.01015926 -0.003424359 1.572061 1.511803 2.816562 2.546604 -0.3050644 20.74117 nan 0 0.0 0.010720858095716079 2.1810373904474907 0.0
0.06209131 -0.009310739 3.350405 1.451979 3.666177 2.204555 0.3491054 20.75996 -0.1113644 1 0.8898538 0.0627855129647136 3.6515006066637863 0.0
0.009320488 0.0501415 2.214254 0.4725037 2.215596 1.764646 -0.02087165 20.77777 0.2649002 0 0.0 0.0510004070455143 2.2641070034408024 0.0
0.03209847 0.02343001 0.2079399 -1.344555 1.198374 0.7428222 0.2027579 19.91998 1.221966 0 0.0 0.039740120092181405 1.360539286473202 0.0
-0.01001706 0.03624466 0.2229465 1.009094 2.086274 1.418319 0.209981 20.74556 0.6159401 0 0.0 0.037603415663463334 1.0334291667541855 0.0
0.05045688 -0.01991718 -0.1965462 0.3911382 2.570264 1.735831 0.240829 20.78247 0.2494812 0 0.0 0.05424565234640284 0.4377436467085274 0.0
-0.002959261 0.03471432 0.5556992 -0.437171 0.2792174 0.194813 0.08439202 18.18471 1.30521 1 0.995044 0.03484022443567953 0.7070502698688685 0.0
-0.005171059 -0.01436545 -0.01729281 -2.96884 2.41576 1.680494 0.1166405 20.72366 nan 0 0.0 0.015267809433051652 2.9688903628927927 0.0
0.005354497 -0.008109332 1.692236 -0.06090756 1.287466 0.8915783 0.1895936 19.29124 0.824379 0 0.0 0.009717607916006541 1.6933317485245334 0.0
-0.01660814 0.001635144 0.04108832 -0.2169733 1.989027 1.320362 0.07117659 20.71519 0.3978443 0 0.0 0.016688439416564272 0.2208294884142795 0.0
0.01126285 0.002137636 0.3749993 2.331328 1.020451 0.7930373 -0.1513337 19.74946 nan 0 0.0 0.011463911975891824 2.3612951358490726 0.0
0.02690272 -0.005712626 -0.0923486 -0.4950381 0.2155041 0.1397539 0.1428432 17.78248 1.31716 1 0.9995422 0.027502553321724077 0.5035781809943417 0.0
0.009803898 0.03066372 -1.726091 1.079526 1.778552 1.171278 0.05751646 20.53557 0.4208336 0 0.0 0.03219285852845013 2.035869967595426 0.0
-0.01853939 -0.04823391 -0.4123432 0.2407192 2.327945 1.78895 -0.05659066 20.87558 -0.2259941 0 0.0 0.051674162358573354 0.47746481319033346 0.0
0.0110816 -0.01620727 0.02819654 -0.9751305 2.345495 1.643286 0.06288468 20.58288 0.6205559 0 0.0 0.01963357989295126 0.9755380755758443 0.0
0.03934451 -0.02463154 0.3364004 0.1776754 0.8332442 0.5906228 -0.02218273 19.74344 0.9328136 0 0.0 0.04641878100415499 0.38043892661676987 0.0
0.01810695 0.03857322 0.5634814 0.7240502 1.728504 1.082937 0.1844535 20.49541 -0.0847168 0 0.0 0.04261167609318953 0.917474784539608 0.0
0.03373568 -0.04870135 -2.631198 2.637661 3.443139 1.873591 0.3245757 20.73709 0.1544895 0 0.0 0.05924455752965752 3.725648730909155 0.0
0.01492179 -0.0008562273 0.2399696 0.04613108 2.123609 1.454795 0.2785424 20.62799 nan 0 0.0 0.014946335403481528 0.24436342906852163 0.0
0.01456961 -0.0212039 -0.8554955 -0.9711107 1.535608 1.061849 -0.04045785 20.40014 0.6606617 0 0.0 0.02572700741948235 1.29419030369368 0.0
-0.004682551 0.007057857 0.6657301 -0.5865405 0.8051324 0.543154 -0.03919777 19.51077 nan 0 0.0 0.008469924987864414 0.8872577552133653 0.0
0.003032115 -0.008819003 1.663747 4.700359 3.537404 2.108415 0.5045755 20.50518 nan 0 0.0 0.009325692214910055 4.986123625512107 0.0
0.004378844 0.01697605 0.2640503 -0.834634 0.4398765 0.3182519 0.0183883 18.91834 0.9738483 0 0.0 0.01753170124029143 0.8754064626709641 0.0
0.01048924 0.01271949 0.8337913 -0.9030376 0.5850852 0.3823107 0.09533539 19.31255 1.019453 0 0.0 0.016486648587196246 1.229099198181111 0.0
0.003234086 -0.009272943 -0.854316 -1.422837 1.210643 0.8382865 0.3557202 19.65964 nan 0 0.0 0.00982073236254023 1.6596147011957323 0.0
0.008018678 0.01609136 0.2147206 -0.2256082 0.3575909 0.2437284 0.03764406 18.61527 1.23443 0 0.0 0.017978627965372775 0.3114546451276654 0.0
-0.01291107 -0.01399062 2.420631 -2.271215 2.115475 1.467258 0.08948753 20.74649 0.9445686 0 0.0 0.019037677813465066 3.3193180044078336 0.0
0.02934153 -0.01449691 -0.3978417 -0.6239562 0.2662529 0.1701965 0.1332135 18.08522 1.286463 1 0.998342 0.03272744692592137 0.7399995660656362 0.0
-0.003898992 0.001412058 0.5299706 -1.085334 1.106431 0.7445962 0.03172505 19.54383 nan 0 0.0 0.004146811595844209 1.2078156847881882 0.0
-0.005811115 0.003804004 0.7184037 -0.802549 0.4520255 0.3212137 -0.05070753 18.83527 nan 0 0.0 0.006945466433238376 1.0771205937937915 0.0
0.0001513387 -0.006164038 -4.859763 5.302831 1.100772 0.8173127 -0.09479433 19.44868 nan 0 0.0 0.006165895544652187 7.192865425595699 0.0
-0.01540111 0.06297138 0.4239552 -1.122948 0.891493 0.5847731 0.07434564 19.83103 0.914238 0 0.0 0.06482737761421867 1.2003125519259723 0.0
-0.02149698 -0.002216389 -0.3264147 -3.027482 2.056074 1.264414 0.2070499 20.70294 0.03691673 0 0.0 0.021610935410567515 3.0450277201858262 0.0
0.03674857 -0.01371527 -3.796255 -1.353674 0.2572602 0.1590243 0.1897443 17.95187 0.8858643 1 0.0 0.039224558993286335 4.030382776275847 0.0
-0.01571363 0.01825558 -0.2666171 -0.7114382 0.4321733 0.2989774 0.001568385 18.44856 1.144796 0 0.0 0.02408701660466277 0.759755875549278 0.0
0.003103438 -0.009894744 -3.369127 3.332739 1.259393 0.9003025 0.2875253 19.24602 0.6984177 0 0.0 0.0103700186231935 4.739004746172977 0.0
0.06841417 -0.06180281 -0.4211658 -2.350367 1.451579 1.019343 0.01432781 20.47078 0.3319588 1 0.5585525 0.0921959108674837 2.38780352327796 0.0
-0.009599289 0.009000032 0.4135484 -1.033988 0.9897949 0.7002751 -0.09159792 19.95705 0.5474548 0 0.0 0.01315853051470965 1.1136217774839714 0.0
-0.0156964 -0.01124348 1.435729 -1.014689 1.547573 0.8909454 0.2420847 20.34888 0.4025326 0 0.0 0.019307843366632122 1.7580988391333405 0.0
0.04062416 -0.01829079 -0.2036344 -0.3976893 0.1823131 0.1153814 0.1688085 17.44277 1.437553 1 0.9977761 0.044551940188163525 0.44679273516682205 0.0
0.03833981 -0.01238691 -0.05045019 -0.6827406 0.4262127 0.2738861 0.1341569 18.70102 1.14399 1 0.9974503 0.040291147541168394 0.6846020366310607 0.0
0.04751782 -0.03116494 -0.3821824 -0.5593249 0.632654 0.427344 0.05309402 19.31161 1.124649 1 0.9893323 0.056826021352510685 0.6774272880758273 0.0
-0.009545807 0.009282312 -1.727395 0.9357661 1.827825 1.243662 0.08674259 20.45262 nan 0 0.0 0.013314794303577994 1.9645741726731036 0.0
0.03401285 -0.006911208 -0.3277046 -0.6645194 0.2663909 0.173071 0.1091282 18.11137 1.286022 1 0.9985133 0.03470790632034384 0.7409293743924046 0.0
0.0310833 0.0368344 -0.09340763 -2.870963 1.440108 0.9527239 0.1084867 20.39864 0.997673 0 0.0 0.048196935195611766 2.872482120520721 0.0
0.03167461 -0.01129919 0.0587101 -0.3654203 0.3112092 0.2066398 0.09413401 18.40252 1.237814 1 0.9986162 0.033629638911356154 0.3701065677532621 0.0
-0.05563724 0.003009205 -3.2569 -2.372895 1.54534 0.717282 0.8040124 19.11189 1.004553 0 0.0 0.055718558753342 4.029643692812678 0.0
0.00209295 0.01450021 -3.509273 1.744249 1.858134 1.167899 0.1640787 20.56877 0.6086712 0 0.0 0.014650478823117012 3.9188520720397193 0.0
0.000674008 -0.005355319 0.226256 -1.048638 0.2749534 0.1864164 0.00657964 17.93854 1.069275 0 0.0 0.005397566894057451 1.0727690490408455 0.0
0.009599729 0.003983705 4.136886 -2.078078 2.014078 1.351448 0.09670496 20.60963 nan 0 0.0 0.010393493272257696 4.629496079605209 0.0
0.005850606 0.02615432 -1.288005 0.1785554 0.7549785 0.5137085 0.05499866 19.66006 1.022991 0 0.0 0.026800709789661096 1.300322618004532 0.0
0.01551401 0.006853403 0.2776424 -0.3465068 0.2927473 0.1898497 0.1200637 18.17191 1.209177 0 0.0 0.016960354918471164 0.44401831575285267 0.0
-0.0120378 -0.01362838 6.165963 -8.267361 3.454219 3.525912 -0.5941099 20.83211 0.3909798 0 0.0 0.01818354669101713 10.313503654029992 0.0
0.002681379 -0.001082811 2.654961 -1.60693 0.9201061 0.6714213 -0.324749 19.07232 nan 0 0.0 0.0028917594995714977 3.1033920049553845 0.0
-0.02131434 -0.007114516 0.7020605 -1.696242 0.3133212 0.2039697 0.1098542 18.17142 1.225061 0 0.0 0.02247036776623507 1.8357902571438411 0.0
-0.007872611 0.05034732 0.7706436 -1.345521 0.7540428 0.5671685 -0.02772061 19.67198 1.092438 0 0.0 0.050959107479818765 1.550586443788917 0.0
0.01949976 0.02459273 -0.950456 5.692933 4.201897 2.281888 0.160082 20.81749 0.4903622 0 0.0 0.03138539483438913 5.771728748860691 0.0
-0.00997692 -0.01608918 3.966055 0.2332568 1.929882 1.190451 0.1079399 20.67704 0.8147869 0 0.0 0.018931472361092258 3.972908380238744 0.0
0.01300949 0.03112963 1.011804 0.7263804 0.9703223 0.6776093 0.01315779 20.04614 0.9685898 0 0.0 0.03373871209748529 1.2455423798169856 0.0
0.02793952 0.0009329775 -3.460808 -1.38188 1.961669 1.35599 -0.02671872 20.65619 0.2658615 0 0.0 0.027955093003706966 3.726497597914696 0.0
0.007301484 0.003815585 -2.638992 -0.4818377 0.7816744 0.523779 0.0343888 19.5059 0.6556969 0 0.0 0.00823834676949696 2.682619306797983 0.0
-0.04220064 0.02831047 3.087655 1.243633 4.245641 1.687906 0.3828336 20.82166 0.4603214 0 0.0 0.05081709090483732 3.328698910642715 0.0
-0.0006915135 0.0511289 -0.9332635 1.474596 1.369585 0.8826026 0.114203 18.17336 1.284321 0 0.0 0.051133576113261255 1.7451114931855356 0.0
0.0200256 0.01257276 -0.1077134 -0.688123 0.3455487 0.2224549 0.1264179 18.51749 1.14064 0 0.0 0.02364527329885616 0.6965022897798399 0.0
-0.005153192 -0.01371314 1.316221 -4.371179 2.615733 1.941538 -0.116798 20.70284 0.7578716 0 0.0 0.014649423075618508 4.56504584543047 0.0
-0.0218899 -0.00522988 -0.7726494 -0.9740117 1.035223 0.579544 0.0855883 19.89325 0.7659397 0 0.0 0.02250598513339063 1.2432561630883838 0.0
0.0004720795 -0.007247411 1.522935 0.9587177 1.692385 1.526976 0.3997322 20.19603 nan 0 0.0 0.007262769806158064 1.799575128333988 0.0
-0.002183567 -0.02824729 1.284741 -2.659972 4.114428 1.525187 0.3842331 20.79046 0.7498112 0 0.0 0.028331561149848222 2.953982139056531 0.0
0.001570788 -0.001925892 2.780768 -2.296524 1.161966 0.8903804 -0.3320286 19.17755 nan 0 0.0 0.00248524343608589 3.60647932926282 0.0
0.0002285558 -0.007228338 -1.323837 0.6610524 0.8626777 0.5677509 0.06281694 19.50174 nan 0 0.0 0.007231950497338712 1.479707632647328 0.0
-0.02543851 0.003609956 1.543291 -0.8732697 1.421992 0.8262169 0.3351119 20.16073 0.9141464 0 0.0 0.025693376059639107 1.773230689904472 0.0
-0.01213459 -0.02384794 3.94723 2.091148 3.326127 2.014592 0.6312582 20.65237 0.128149 0 0.0 0.02675766276623764 4.466936828611302 0.0
0.06519803 0.04218666 2.413051 -1.051487 2.256567 1.70133 0.0007014807 20.69179 -0.04572487 0 0.0 0.0776562772597071 2.6321930095967505 0.0
-0.00702502 -0.02063284 -0.5251496 -0.9191551 2.631905 1.649785 0.654394 20.53914 0.7677555 0 0.0 0.02179598569613221 1.0585972795337093 0.0
0.009488494 -0.007994459 -3.466016 -5.036051 2.418166 1.506201 0.6107604 20.07133 nan 0 0.0 0.012407372529698502 6.1135158940545 0.0
0.01890215 0.01698987 0.1123643 -1.439378 0.5307707 0.3447345 0.1189383 19.13369 1.153061 0 0.0 0.025415486563105574 1.4437571689167434 0.0
0.01561176 -0.005582489 -1.143273 -1.502447 0.5659216 0.3552603 0.2086045 19.01882 1.752314 0 0.0 0.016579844201099148 1.8879671978977814 0.0
0.002996448 -0.008155247 0.2192214 -1.698913 0.7176167 0.4935211 -0.07097021 19.28433 0.8195953 0 0.0 0.008688311357663984 1.7129983665453274 0.0
-0.02474372 0.003518158 -0.03396814 -1.444942 4.037625 2.205392 0.4556703 20.77875 0.4877605 0 0.0 0.024992581202256083 1.4453412115826005 0.0
0.01968898 0.02734318 1.997964 -0.3674343 2.787217 3.102958 -0.6120732 20.74174 0.6615963 0 0.0 0.03369429367048373 2.0314694460199223 0.0
-0.01019416 0.001702599 1.420885 6.436454 3.559575 1.906158 0.1710855 20.0938 nan 0 0.0 0.01033536363464784 6.591422780958676 0.0
0.01243758 -0.02519829 -0.7220805 -1.680297 2.169194 1.510894 0.1947457 20.68243 0.6379204 0 0.0 0.02810066218402157 1.8288789617383787 0.0
-2.683831e-05 0.01573995 1.4994 -5.641655 2.99758 1.51852 0.3043433 20.25486 0.4578991 0 0.0 0.015739972881087933 5.837505588778909 0.0
-0.01298164 -0.01008818 -3.173915 0.1799933 2.124704 1.289886 0.1852718 20.53098 0.2705326 0 0.0 0.016440631155828538 3.17901462960929 0.0
-0.01778619 -0.006974343 -1.595145 -2.151501 1.425998 0.8834757 0.1775618 20.28645 0.862196 0 0.0 0.019104711853303338 2.6783286064308838 0.0
-0.0003772306 0.002712763 -2.008012 1.626256 1.294737 0.8429377 0.09645098 19.57638 nan 0 0.0 0.0027388658272623286 2.5839544828963223 0.0
-0.0009651622 0.003189606 2.411145 -5.161974 2.496379 1.792321 -0.09183515 20.59473 nan 0 0.0 0.003332435221807746 5.6973323395867475 0.0
-0.00378149 -0.02256714 -1.634067 -0.9704925 1.69977 1.044802 0.1385773 20.54648 0.03553391 0 0.0 0.022881771662170303 1.900534307252897 0.0
-0.003744538 0.002236024 -1.768117 2.468545 1.037653 0.6672747 0.05392357 19.48352 nan 0 0.0 0.004361349351063269 3.0364374096486824 0.0
0.02325016 -0.02452037 -0.9793816 -0.5141271 0.6825549 0.5132467 -0.1222887 19.51274 0.9998093 0 0.0 0.03379080473978831 1.1061261200120762 0.0
-0.03039869 0.01430069 -1.909679 -0.4748521 1.119504 0.634432 0.1258327 19.90652 0.9209862 0 0.0 0.03359449490902044 1.967830887021395 0.0
