jas1101finalproject/data/gcs/NGC_5897.ecsv
# %ECSV 0.9
# ---
# datatype:
# - {name: x, unit: deg, datatype: float64}
# - {name: y, unit: deg, datatype: float64}
# - {name: pmx, unit: mas / yr, datatype: float64}
# - {name: pmy, unit: mas / yr, datatype: float64}
# - {name: pmx_e, unit: mas / yr, datatype: float64}
# - {name: pmy_e, unit: mas / yr, datatype: float64}
# - {name: pm_corr, datatype: float64}
# - {name: g_mag, unit: mag, datatype: float64}
# - {name: bp_rp, unit: mag, datatype: float64}
# - {name: filter, datatype: int64}
# - {name: memberprob, datatype: float64}
# - {name: r, unit: deg, datatype: float64}
# - {name: pm, unit: mas / yr, datatype: float64}
# - {name: member_prob_GMM, datatype: float64}
# meta: !!omap
# - comments: [deg deg mas/yr mas/yr mas/yr mas/yr dimless mag   mag   zeroone float]
# - __serialized_columns__:
#     bp_rp:
#       __class__: astropy.units.quantity.Quantity
#       unit: &id001 !astropy.units.Unit {unit: mag}
#       value: !astropy.table.SerializedColumn {name: bp_rp}
#     g_mag:
#       __class__: astropy.units.quantity.Quantity
#       unit: *id001
#       value: !astropy.table.SerializedColumn {name: g_mag}
#     pm:
#       __class__: astropy.units.quantity.Quantity
#       unit: !astropy.units.Unit {unit: mas / yr}
#       value: !astropy.table.SerializedColumn {name: pm}
#     pmx:
#       __class__: astropy.units.quantity.Quantity
#       unit: !astropy.units.Unit {unit: mas / yr}
#       value: !astropy.table.SerializedColumn {name: pmx}
#     pmx_e:
#       __class__: astropy.units.quantity.Quantity
#       unit: !astropy.units.Unit {unit: mas / yr}
#       value: !astropy.table.SerializedColumn {name: pmx_e}
#     pmy:
#       __class__: astropy.units.quantity.Quantity
#       unit: !astropy.units.Unit {unit: mas / yr}
#       value: !astropy.table.SerializedColumn {name: pmy}
#     pmy_e:
#       __class__: astropy.units.quantity.Quantity
#       unit: !astropy.units.Unit {unit: mas / yr}
#       value: !astropy.table.SerializedColumn {name: pmy_e}
#     r:
#       __class__: astropy.units.quantity.Quantity
#       unit: &id002 !astropy.units.Unit {unit: deg}
#       value: !astropy.table.SerializedColumn {name: r}
#     x:
#       __class__: astropy.units.quantity.Quantity
#       unit: *id002
#       value: !astropy.table.SerializedColumn {name: x}
#     y:
#       __class__: astropy.units.quantity.Quantity
#       unit: *id002
#       value: !astropy.table.SerializedColumn {name: y}
# schema: astropy-2.0
x y pmx pmy pmx_e pmy_e pm_corr g_mag bp_rp filter memberprob r pm member_prob_GMM
[from data line 2875]
-0.06365511 -0.06247947 -3.119314 -5.504361 3.210799 2.538565 -0.5303288 20.85719 0.5990429 0 0.0 0.0891944908645876 6.3267772087309195 1.0
0.05497625 -0.03148924 -7.580086 -4.020902 3.159381 2.502859 -0.2611855 20.78066 0.6896248 0 0.0 0.06335582293554476 8.580521934066715 0.0
-0.007683539 -0.07244914 -4.408615 -3.051181 1.024184 0.8133738 -0.2081914 19.75982 0.7680149 1 0.9839992 0.07285543671068151 5.361491556739225 1.0
0.01602368 -0.05475534 0.3603811 -3.744676 1.73763 1.395652 -0.2573675 20.48625 0.7753735 0 0.0 0.057051779807977945 3.761977257003717 0.0
-0.01247439 0.01207277 -14.73251 -4.382564 3.766979 2.106054 0.5572669 20.24445 nan 0 0.0 0.01735978632774609 15.370547098727359 0.0
0.004820561 0.04019897 -7.952269 -4.475281 1.522315 1.203067 -0.2066757 20.12595 0.7125702 0 0.0 0.04048697318169909 9.125060124586687 0.0
0.0008877001 -0.02046608 -4.696819 -2.71238 1.063863 0.9663235 -0.3735391 19.46979 0.4763489 0 0.0 0.02048532260019207 5.423754602041006 1.0
-0.04021176 0.07014853 -2.303276 -2.150271 2.620451 1.729118 0.2362554 20.37869 0.7999249 0 0.0 0.08085667507051289 3.1509912258870223 0.0
-0.05884474 -0.02088204 -2.067582 -8.789454 3.521039 2.612058 -0.2263371 20.42908 0.7913742 0 0.0 0.06244007543420491 9.029363042033474 0.0
-0.02795952 0.01348592 -9.446357 -0.6301471 3.159235 2.781465 -0.1183055 20.31699 0.8811436 0 0.0 0.031041984422340015 9.467351579987268 1.0
-0.02939834 0.01355431 -13.76056 -12.05182 0.8892872 0.6866929 -0.1312804 19.56419 1.494373 0 0.0 0.032372545688155265 18.292057752642265 0.0
0.004704584 -0.02296097 -11.70536 -5.030102 3.237514 2.231872 -0.1516919 20.64757 nan 0 0.0 0.023437987412616212 12.740383779933948 0.0
-0.04851672 -0.02799846 -1.946371 -3.621644 1.879035 1.416551 -0.2641562 20.37612 0.649929 0 0.0 0.05601594310488756 4.111528345077655 0.0
-0.0296912 -0.01809439 -6.050989 -4.145946 1.277355 1.045063 -0.3595072 19.92563 0.5918541 0 0.0 0.03477030783458927 7.33507574010228 1.0
-0.0314594 -0.008044928 -1.798476 -3.548285 2.854576 2.692625 -0.2095344 20.11742 -0.3457355 0 0.0 0.03247175256873555 3.9780450429577843 0.0
0.002497053 -0.02273966 -3.535761 -3.804654 1.489194 1.117351 -0.2018522 20.19271 nan 0 0.0 0.022876350465063453 5.193938573841339 1.0
0.05735943 -0.01882534 -4.138775 -4.8528 0.7771846 0.6669385 -0.292374 19.25553 0.5795822 0 0.0 0.060369674804826474 6.378018998139234 1.0
0.07330095 -0.01046479 -5.50811 -3.529114 1.219822 1.049348 -0.3243786 20.0096 0.7319851 0 0.0 0.07404418343561228 6.54170630623968 1.0
0.03728029 0.04965484 -5.730183 -4.756564 1.548447 1.288768 -0.1527795 20.26618 nan 0 0.0 0.06209205390313401 7.447140276615246 1.0
-0.03317709 0.03001393 0.6263983 -0.3630597 1.493575 1.167996 -0.02386734 19.84771 0.6674004 0 0.0 0.04473874489648765 0.7240077181957247 0.0
-0.02474473 -0.04381217 -7.252477 -5.557296 1.711827 1.383285 -0.2910432 20.38766 0.5669193 0 0.0 0.05031707367168524 9.136846363332646 0.0
0.01700322 0.04427027 -3.617514 -4.357049 1.319739 1.100636 -0.2658439 20.01414 0.7784939 0 0.0 0.047423267456400554 5.6630630871108085 1.0
0.01117728 0.0673173 -3.550835 -5.291799 2.039976 1.91973 -0.7169876 19.96741 0.7409821 0 0.0 0.06823892193967017 6.372720443705812 1.0
-0.01529399 0.002261103 -5.2237 -3.705153 0.530477 0.4299262 -0.2130852 18.67257 0.9542007 0 0.0 0.015460230169590264 6.404311082654324 1.0
-0.01134824 0.002152736 -5.774108 -4.571848 1.032384 0.8350225 -0.2342462 19.60854 0.7557373 0 0.0 0.01155062004323993 7.364924801433345 1.0
-0.02180137 -0.01408568 -6.840517 -2.768697 0.3735045 0.2902335 -0.08260143 18.2637 1.029547 0 0.0 0.02595584933958625 7.379590497114187 1.0
0.001984346 -0.02187372 -2.104033 -3.800116 1.895135 1.435282 -0.1338279 20.36384 nan 0 0.0 0.021963543787060318 4.34371229233072 1.0
-0.01131809 -0.01978177 -1.407179 -2.445971 1.548878 1.134605 -0.09654343 19.97183 nan 0 0.0 0.022790734643293096 2.8218658492001354 0.0
0.1094497 -0.08903725 -5.375024 -2.20241 1.142104 0.9830543 -0.2011352 19.85673 0.8465614 0 0.0 0.14109170322046757 5.808742790714356 0.0
-0.05415976 0.02042909 -6.827799 -2.81867 1.117244 0.8527076 -0.1106845 19.83508 0.6617832 0 0.0 0.057884603492515174 7.386727269454382 1.0
-0.05609599 0.01704664 -6.905173 -5.555068 0.8942936 0.7367432 -0.1802214 19.49195 0.6807823 0 0.0 0.058628900973578715 8.862290598065096 0.0
-0.02773098 0.01021677 -6.015347 -3.718604 2.184004 1.904403 -0.2600147 20.20014 0.8209438 0 0.0 0.029553166344628793 7.071945647360775 1.0
0.008409183 0.00609542 -6.793711 -3.458256 1.646847 1.433363 -0.1880484 20.0146 nan 0 0.0 0.010385976299986874 7.623256765520692 1.0
0.06970549 -0.02359134 -6.520579 -2.914879 1.66575 1.417214 -0.3261938 20.42153 0.4876251 0 0.0 0.07358944665599612 7.142441464925141 1.0
-0.0364664 -0.03562061 -7.347307 -2.104588 2.235422 1.87968 -0.5080662 20.51291 0.5222683 0 0.0 0.05097672199869368 7.642788156294338 1.0
-0.008595127 -0.06564949 -6.693691 -2.798437 1.854884 1.497949 -0.06513692 20.42651 0.3696976 0 0.0 0.06620975566641392 7.255118803055537 1.0
-0.03682404 0.02862834 -3.99476 -4.056158 1.246292 0.9067193 -0.08503371 19.84477 0.7674294 0 0.0 0.04664323930729083 5.693024255926194 1.0
-0.1147 0.01203492 -5.222471 -13.1755 0.8265384 0.6344043 -0.07636591 19.38685 1.653906 1 0.0 0.1153296549002311 14.172790959999409 0.0
-0.01053971 0.05050026 -3.440694 -5.372835 2.033225 1.667306 -0.3104023 20.63139 0.5926685 0 0.0 0.051588387714210454 6.380104320374472 1.0
-0.01884158 0.007708084 -3.702848 -2.153862 1.359996 1.083014 0.101187 19.90621 0.507719 0 0.0 0.020357300799650625 4.283713905730401 1.0
-0.02902195 -0.01728172 -3.766077 -3.352846 1.16882 1.017636 -0.3762355 19.78685 0.8522701 0 0.0 0.033777676473684515 5.042312194781775 1.0
-0.05665372 0.02268456 -5.924746 -4.277162 1.463819 1.156117 -0.004685223 20.03529 0.7809391 0 0.0 0.061026496312929515 7.307306613161924 1.0
-0.03721555 0.1135128 1.748158 -3.775908 0.2601555 0.2148246 -0.301076 17.23088 1.086924 1 0.0 0.11945774535643346 4.160953931183088 0.0
0.008164135 -0.04654166 -5.127212 -3.122423 0.4579546 0.3818662 -0.0829574 18.47518 0.9113255 1 0.9982132 0.0472522932338085 6.003151529311333 1.0
-0.02785926 0.01059821 -0.9325221 -1.556833 2.923503 1.783919 0.2071182 20.47444 nan 0 0.0 0.029807053241669164 1.8147524505776014 0.0
0.007138467 -0.05478135 -4.657154 -2.602254 1.596982 1.179407 -0.1833735 20.1077 0.8626614 0 0.0 0.055244493109563315 5.334867314210542 1.0
-0.1336894 -0.0988398 -3.981101 -1.799899 1.994921 1.645857 -0.3020126 20.4609 2.112511 0 0.0 0.16625932075044697 4.369073309341696 0.0
0.05519157 0.01158433 -4.646064 -1.957589 0.9924606 0.8489707 -0.2564572 19.68307 0.5384865 0 0.0 0.05639420272167876 5.041633206116546 1.0
-0.04098434 -0.02265181 -5.934035 -2.603526 1.667073 1.402812 -0.4757548 20.15874 0.7300091 0 0.0 0.04682756262621086 6.480055479230174 1.0
-0.02541938 -0.01242114 -3.845504 -4.747237 0.9186942 0.7759542 -0.2584168 19.56703 nan 0 0.0 0.028291864528234966 6.109350223074873 1.0
0.02052193 -0.06423541 -3.292269 -2.938539 1.670922 1.274016 -0.2767933 20.30465 0.9235096 0 0.0 0.06743394923028756 4.412940813435186 0.0
0.008352235 0.006661906 -4.953701 -4.576008 0.4048949 0.3575784 -0.3200846 18.18403 0.8205433 0 0.0 0.010683670766551214 6.743812186995201 1.0
-0.0141268 0.01137071 -5.205262 -3.704938 0.1726853 0.1452893 -0.2209231 16.77864 1.17573 1 0.9995686 0.018134484391459826 6.389156287999848 1.0
0.006242955 -0.0177654 -3.93298 -1.997628 1.406967 1.240855 -0.1598194 19.54083 0.801096 0 0.0 0.018830398941393277 4.411218573907215 1.0
-0.009367964 -0.002356099 -7.561581 -2.612479 3.059575 2.092921 -0.4961093 20.61462 nan 0 0.0 0.009659707656192137 8.000159607470467 0.0
-0.1197999 0.0119489 -4.120012 -4.276778 1.511748 1.220657 -0.2809918 20.12307 0.8315239 0 0.0 0.12039431984616218 5.938461832952032 0.0
0.009404695 -0.01980643 -4.583505 0.8573928 2.474432 1.900831 -0.03700141 20.60833 nan 0 0.0 0.02192585134921618 4.663007666572814 1.0
-0.006774923 -0.01577797 -5.701165 -3.237757 0.7657731 0.5810588 -0.1725871 19.16486 0.8999577 0 0.0 0.017171019741903187 6.556397848534972 1.0
0.0278898 -0.02837846 -5.430988 -5.629978 3.662271 3.057272 -0.1711448 20.81236 0.973484 0 0.0 0.039789168576530975 7.822549644241832 1.0
-0.001120962 0.04405189 -5.986481 -4.29879 1.758571 1.53328 -0.4049742 20.11355 0.6794834 0 0.0 0.04406614991552523 7.37004411299288 1.0
-0.006832221 -0.00863686 -7.801425 -3.256539 1.338142 1.116329 0.09589773 19.89216 0.6956444 0 0.0 0.011012474492703308 8.453832165896483 0.0
-0.01582956 -0.05165206 -6.790518 -2.67999 3.348934 2.175733 0.1544037 20.83985 0.410944 0 0.0 0.054023238259449054 7.300238428190137 1.0
-0.02812841 0.002566318 -6.984354 -3.444728 2.002402 1.636088 0.09238882 20.3907 1.01441 0 0.0 0.0282452374251877 7.787640964457722 1.0
0.06090007 0.001955725 -3.970423 -1.285842 1.218187 1.044128 -0.2320228 19.93798 0.6252995 0 0.0 0.06093146466547908 4.1734456325550715 0.0
-0.006803427 -0.01536598 -4.296975 -2.291275 1.085506 0.8456421 -0.1767811 19.10489 0.8245487 0 0.0 0.01680476004900781 4.869695604065002 1.0
0.01741947 0.07037227 -6.824728 -3.438691 1.492328 1.329843 -0.4754817 20.0016 0.7342911 1 0.972824 0.0724961676230806 7.642087939003647 1.0
0.03875373 0.01701973 -7.00803 -3.515985 1.369361 1.202686 -0.2148999 19.89213 0.5574284 0 0.0 0.04232638418511319 7.840576190633249 1.0
-0.01465368 0.009263044 -4.571034 -4.838127 1.497586 1.264815 0.06959648 20.05928 0.7786179 0 0.0 0.0173359257522734 6.655961590730899 1.0
-0.01713972 -0.05046393 15.10965 -7.862558 3.80913 2.563608 0.03310328 20.89576 nan 0 0.0 0.05329519896504093 17.03294870026514 0.0
0.04654666 -0.07290634 -0.9282752 -5.667357 3.22428 2.957888 -0.4682647 20.48032 0.5989075 0 0.0 0.08649812697019052 5.742876475459318 1.0
0.008224049 0.006997607 -15.61775 -0.07297755 1.155817 0.7304377 0.2005188 19.25972 nan 0 0.0 0.010798216782453018 15.617920501312074 0.0
-0.0607192 0.03553086 -0.9062222 -5.96831 2.256714 1.876809 -0.3827635 20.54207 0.716547 0 0.0 0.07035100042628818 6.036717894011019 1.0
-0.03574145 0.02944495 -9.768683 -4.217628 1.214504 0.8788277 -0.09949613 19.83148 0.9139881 0 0.0 0.04630827494741086 10.640279766099809 0.0
0.03431681 0.0511223 -5.176906 -3.268033 2.005838 1.454636 -0.2988386 20.08464 0.7214432 0 0.0 0.06157217720582975 6.1221234405984495 1.0
-0.01167473 -0.01234314 -5.176494 -2.733788 2.167928 1.990487 -0.328391 20.42381 nan 0 0.0 0.01698977414895501 5.854031684316373 1.0
0.007285407 0.03835828 -4.525407 -2.004358 1.681606 1.412395 -0.2488308 20.36854 0.5395927 0 0.0 0.039044011060776644 4.94942011833841 1.0
-0.01265402 -0.05335311 -3.477463 -1.642834 1.748875 1.416579 -0.2596171 20.45278 0.5536671 0 0.0 0.0548331885707233 3.845991740491001 0.0
0.003622191 -0.02251271 -3.63442 -4.570145 1.030776 0.7538335 -0.1454938 19.58611 0.7355537 0 0.0 0.022802245047025105 5.839112437470699 1.0
-0.02406412 0.06261989 -5.762054 -2.283058 0.9830154 0.8367992 -0.2726401 19.58691 0.7587719 1 0.9844532 0.06708451755052353 6.1978722260369326 1.0
0.05023939 -0.09946162 -3.77628 -1.398696 2.264206 1.71528 -0.1680817 20.56293 0.6276836 0 0.0 0.11142984411995065 4.026989090973056 0.0
0.03090859 -0.03047905 -6.705399 -3.03508 1.015642 0.9339183 -0.0980338 19.38776 1.078886 0 0.0 0.043408679140128185 7.360304773282218 1.0
-0.02503493 -0.01172299 -7.371784 -2.979754 0.7675566 0.659782 -0.1445345 19.16109 nan 0 0.0 0.027643737349443184 7.9512346992886584 1.0
-0.02684841 0.01375506 -3.896746 -3.226156 0.672205 0.5282879 -0.144963 19.11886 0.8142395 0 0.0 0.030166849274190038 5.058923988839128 1.0
0.1074293 0.03089066 -5.702912 -1.553633 2.329701 2.031144 -0.4294871 20.67623 0.9931107 0 0.0 0.11178232138279112 5.910751287140494 0.0
-0.1286074 0.0661446 -6.116036 -1.896831 0.1969668 0.1500816 -0.1720516 16.94395 0.9355736 1 0.0 0.14462009349990063 6.4034259733252945 0.0
-0.1314221 -0.03889747 -2.999107 -4.205879 0.3445325 0.2501272 -0.04668953 17.95703 0.8503056 1 0.0 0.13705758476206598 5.165661715607208 0.0
0.009091041 -0.02505734 -3.923553 2.91401 1.77924 1.491518 -0.2287647 20.13566 0.9509716 0 0.0 0.026655530651991926 4.887302162124724 1.0
-0.03628443 -0.02262007 -9.741862 0.8834726 1.903942 1.556992 -0.448361 20.32343 1.015078 0 0.0 0.042757776219417676 9.781840269703586 0.0
-0.01208751 -0.0157249 -8.94383 -7.400008 1.406827 1.226704 -0.007957086 19.42857 0.8446159 0 0.0 0.01983381904752839 11.608282106710018 0.0
-0.01671904 0.007538583 -7.478899 -2.332813 2.37041 1.975238 0.07515883 20.4513 0.7570744 0 0.0 0.018340025413545343 7.8342802314679805 1.0
-0.01524508 0.08133785 -3.695235 -3.483493 2.357728 1.866536 -0.2153726 20.64506 0.8283787 0 0.0 0.08275420416407193 5.078334883234267 0.0
-0.1427039 0.03898068 -11.98713 -3.878658 2.174118 1.722021 -0.3716604 20.45637 2.142128 0 0.0 0.14793206714053717 12.599018752183204 0.0
0.01118939 -0.1504998 -5.313037 -3.141999 1.191249 0.9736298 -0.3483728 19.96873 0.7940617 1 0.9286669 0.15091518229990017 6.172561857071178 0.0
0.04471232 -0.01791693 -4.042922 -4.121952 0.8246741 0.717661 -0.2422244 19.39518 0.6796074 0 0.0 0.04816853683066676 5.773708218154777 1.0
0.07215387 -0.02619985 -4.366328 -2.130297 1.565952 1.375502 -0.3503596 20.35745 0.6888027 0 0.0 0.07676335776918178 4.858290389817492 0.0
-0.03292476 -0.01588635 -4.081678 -2.707544 1.080405 0.8419847 -0.1066669 19.78276 0.3886967 0 0.0 0.03655702309242507 4.898049592196878 1.0
-0.07534241 -0.01094073 -9.103471 -1.245144 2.926875 2.336526 -0.2976104 20.75923 0.1948376 0 0.0 0.07613263634960371 9.188229852837651 0.0
0.009447752 -0.01460319 -11.0693 0.5501658 1.518163 1.336872 -0.2998461 19.35111 0.8227634 0 0.0 0.017392905911020273 11.082963723548392 0.0
-0.00634649 -0.0427059 -5.319228 -4.327592 2.132459 1.821181 -0.4151119 20.54657 0.7441368 0 0.0 0.04317489814846238 6.857276356867062 1.0
-0.05310731 -0.01460853 -7.054175 -0.5007829 2.111786 1.584289 -0.2342471 20.52788 0.8737335 0 0.0 0.055079901272578544 7.071928198416427 1.0
-0.04525888 -0.01646179 -5.641691 -4.141714 1.547502 1.324424 -0.5032884 20.04523 nan 0 0.0 0.04815970046479214 6.998747902109134 1.0
-0.1337911 0.01442037 1.393554 -4.002623 1.628469 1.311156 -0.3223964 20.23018 0.5743046 0 0.0 0.13456598942580883 4.238276021101623 0.0
-0.02445954 -0.04617151 -5.437775 -4.921031 1.342471 1.076555 -0.2279147 20.06293 0.8187809 0 0.0 0.05225014289637589 7.333890035553165 1.0
-0.02912232 -0.01388475 -5.033281 -4.045093 1.087989 0.9461042 -0.2762113 19.70247 0.7363319 0 0.0 0.03226291686665823 6.457297809735121 1.0
-0.05158665 0.07758559 -7.9385 -2.791378 1.802404 1.353506 -0.1860443 20.34954 0.9716015 0 0.0 0.09317030768367462 8.414961282672904 0.0
-0.002502233 -0.005987417 -5.096123 -2.487294 2.075227 1.974964 -0.7572957 19.9334 0.5047531 0 0.0 0.006489247438507643 5.670723152611579 0.0
0.02933017 0.05410264 -5.516095 -3.271173 0.742353 0.6089406 -0.2292859 19.16003 0.8873405 1 0.9961241 0.06154148622838499 6.413101967453348 1.0
0.06919654 0.01523488 -6.360551 0.6508255 1.832319 1.684784 -0.3608906 20.35027 0.9022751 0 0.0 0.07085381229394788 6.393761244764403 1.0
-0.0387473 0.02825211 -5.624005 -3.023345 0.9331312 0.7142746 -0.0829497 19.57801 0.7039013 0 0.0 0.04795346678543794 6.385142694493993 1.0
-0.07906088 -0.009113511 -3.632861 -8.66112 2.458953 1.800903 -0.168351 20.68988 0.3876553 0 0.0 0.0795844132297369 9.39216049158664 0.0
-0.0474878 0.005683742 -5.519451 -5.654069 3.527553 2.728198 0.1509201 20.76204 0.6409149 0 0.0 0.0478267296808235 7.901445158840375 1.0
-0.07745904 0.005663562 -5.302161 -1.726958 2.016525 1.480321 0.1250342 20.43601 1.745581 0 0.0 0.07766581495258673 5.57631555811586 1.0
-0.1500595 0.01424277 -5.226007 -0.2858363 2.644867 1.89261 -0.2374678 20.70813 0.9582539 0 0.0 0.15073390473786216 5.233818066617017 0.0
0.005274738 -0.009737337 -6.346371 -3.992355 1.181019 0.8629907 -0.2202853 19.65793 0.8076649 0 0.0 0.011074231026135088 7.497687864646408 1.0
