jas1101finalproject/data/gcs/NGC_6342.ecsv
# %ECSV 0.9
# ---
# datatype:
# - {name: x, unit: deg, datatype: float64}
# - {name: y, unit: deg, datatype: float64}
# - {name: pmx, unit: mas / yr, datatype: float64}
# - {name: pmy, unit: mas / yr, datatype: float64}
# - {name: pmx_e, unit: mas / yr, datatype: float64}
# - {name: pmy_e, unit: mas / yr, datatype: float64}
# - {name: pm_corr, datatype: float64}
# - {name: g_mag, unit: mag, datatype: float64}
# - {name: bp_rp, unit: mag, datatype: float64}
# - {name: filter, datatype: int64}
# - {name: memberprob, datatype: float64}
# - {name: r, unit: deg, datatype: float64}
# - {name: pm, unit: mas / yr, datatype: float64}
# - {name: member_prob_GMM, datatype: float64}
# meta: !!omap
# - comments: [deg deg mas/yr mas/yr mas/yr mas/yr dimless mag   mag   zeroone float]
# - __serialized_columns__:
#     bp_rp:
#       __class__: astropy.units.quantity.Quantity
#       unit: &id001 !astropy.units.Unit {unit: mag}
#       value: !astropy.table.SerializedColumn {name: bp_rp}
#     g_mag:
#       __class__: astropy.units.quantity.Quantity
#       unit: *id001
#       value: !astropy.table.SerializedColumn {name: g_mag}
#     pm:
#       __class__: astropy.units.quantity.Quantity
#       unit: !astropy.units.Unit {unit: mas / yr}
#       value: !astropy.table.SerializedColumn {name: pm}
#     pmx:
#       __class__: astropy.units.quantity.Quantity
#       unit: !astropy.units.Unit {unit: mas / yr}
#       value: !astropy.table.SerializedColumn {name: pmx}
#     pmx_e:
#       __class__: astropy.units.quantity.Quantity
#       unit: !astropy.units.Unit {unit: mas / yr}
#       value: !astropy.table.SerializedColumn {name: pmx_e}
#     pmy:
#       __class__: astropy.units.quantity.Quantity
#       unit: !astropy.units.Unit {unit: mas / yr}
#       value: !astropy.table.SerializedColumn {name: pmy}
#     pmy_e:
#       __class__: astropy.units.quantity.Quantity
#       unit: !astropy.units.Unit {unit: mas / yr}
#       value: !astropy.table.SerializedColumn {name: pmy_e}
#     r:
#       __class__: astropy.units.quantity.Quantity
#       unit: &id002 !astropy.units.Unit {unit: deg}
#       value: !astropy.table.SerializedColumn {name: r}
#     x:
#       __class__: astropy.units.quantity.Quantity
#       unit: *id002
#       value: !astropy.table.SerializedColumn {name: x}
#     y:
#       __class__: astropy.units.quantity.Quantity
#       unit: *id002
#       value: !astropy.table.SerializedColumn {name: y}
# schema: astropy-2.0
x y pmx pmy pmx_e pmy_e pm_corr g_mag bp_rp filter memberprob r pm member_prob_GMM
[from data line 350]
-0.0004384689 -0.06087291 -5.361774 -6.390311 2.155456 1.808457 0.2714363 20.21113 nan 0 0.0 0.06087448913004829 8.341744128406061 0.0
-0.0005821701 -0.06156528 -0.2481862 -7.025469 2.349866 1.83408 0.408685 20.29657 nan 0 0.0 0.06156803248036869 7.0298514251605235 0.0
-0.02211788 0.003725547 -2.947709 -7.781472 1.676771 1.258842 0.2279168 19.83697 1.208099 0 0.0 0.02242945198045661 8.321075341292433 0.0
0.0004238298 -0.03200902 -3.62091 -7.083011 0.4778673 0.3307048 0.01331779 18.53434 1.427155 1 0.8937291 0.032011825831398125 7.95487486100322 0.0
-0.008690375 0.0003927861 -5.0816 -15.83732 1.110478 0.8774957 -0.140178 18.26369 1.573654 0 0.0 0.00869924701114862 16.632599416278865 0.0
-0.08031605 0.01082526 -1.762854 1.085509 0.4650352 0.3488244 0.2420169 18.60331 1.70443 0 0.0 0.0810422984722799 2.0702618226680896 0.0
0.003815918 -0.02904504 -1.445983 -6.414081 0.6841983 0.4906647 0.2188818 18.79971 1.194944 0 0.0 0.029294633958872468 6.575051475908763 0.0
0.01134609 -0.04884176 2.294534 -2.887292 0.5403561 0.3923179 0.4103715 17.96732 1.265896 0 0.0 0.050142310259756684 3.687999643495102 0.0
0.02362212 -0.02972384 0.2462543 3.383936 2.74834 2.150094 0.1204521 20.20377 1.028118 0 0.0 0.037967238741314864 3.3928843234576225 0.0
-0.05578568 0.0004615585 -5.715657 -3.534172 1.902879 1.295751 0.02159124 20.1892 nan 0 0.0 0.055787589384300534 6.7200525792015195 0.0
-0.07885324 0.01822268 -1.854479 -0.7697351 0.9768057 0.7131293 0.1748773 19.50545 1.550133 0 0.0 0.08093144954144836 2.007880595457063 0.0
-0.027379 0.0005013192 3.856953 0.4209583 2.259781 1.821276 0.354092 20.21692 nan 0 0.0 0.02738358928154395 3.879857256980969 0.0
-0.0266315 0.0007837321 -0.2284872 -7.734267 0.8785371 0.640516 0.174204 19.36837 1.608789 0 0.0 0.026643029637309835 7.737641270300196 0.0
-0.02391759 -0.07474873 -3.347093 -6.171139 0.4781237 0.3443966 0.2791114 18.58526 1.290665 0 0.0 0.07848199633050244 7.020398002105721 0.0
0.01399154 -0.03617909 2.975458 -2.275418 1.9193 1.514016 0.3434267 20.14076 0.8424854 0 0.0 0.0387903305580102 3.745781278249973 0.0
-0.07259941 -0.01287751 -2.238609 -6.308605 2.896757 2.340056 0.2136687 20.49528 1.543344 0 0.0 0.07373265623960798 6.694017276711048 0.0
-0.04576174 -0.06398267 -2.876565 -4.51956 0.8164574 0.6199012 0.2458725 19.34366 1.149813 1 0.0002393686 0.07866332632273124 5.357335979087461 0.0
-0.002479392 -0.03952208 -5.816755 -6.522568 3.946854 3.751689 -0.2132429 20.78328 1.325533 0 0.0 0.0395997751536049 8.739481222855794 0.0
-0.03357512 -0.06771807 -2.302632 -6.425138 0.9870734 0.861463 0.4386408 19.46368 1.002468 0 0.0 0.07558455984881635 6.825284788671311 0.0
-0.07069714 0.04168304 -2.994939 -0.4251827 0.7818711 0.5873409 0.2957333 19.23722 1.537758 0 0.0 0.08207046623372626 3.024969411762752 0.0
-0.03360408 -0.06666904 -2.880334 -10.44799 2.137507 1.717136 0.2460966 20.30332 0.9275284 0 0.0 0.07465919291800575 10.837749719921383 0.0
-0.01162054 -0.03437073 2.731173 -5.173974 0.5373339 0.4062412 0.1088091 18.82208 1.38673 0 0.0 0.03628200698176026 5.850582270903042 0.0
-0.02625536 -0.01375402 -5.740826 -3.136085 3.215232 2.780585 -0.033285 20.45441 0.7717438 0 0.0 0.0296397873624289 6.5415680298764 0.0
0.007064371 -0.0266686 -4.782191 -9.687073 2.386663 1.817121 0.6989623 19.73107 1.009481 0 0.0 0.02758839545145098 10.803181664112198 0.0
-0.04351068 0.007781933 -7.334637 -7.615502 2.785797 2.285325 0.3424164 20.50717 1.79105 0 0.0 0.04420110581511382 10.573210043963611 0.0
-0.06852678 0.01008303 -4.64148 -3.392938 1.125143 0.8281143 0.224121 19.67704 1.471544 0 0.0 0.06926461629973345 5.749379519760719 0.0
-0.01377356 -0.06799172 -8.098314 -2.114333 1.697072 1.414122 0.6358153 19.74705 0.8016644 0 0.0 0.0693727968560588 8.369772618027625 0.0
0.02313106 -0.04618228 -2.962305 -0.6443749 1.365684 1.165024 0.4737589 19.52347 1.363459 0 0.0 0.05165122382598499 3.0315787841939734 0.0
0.01324414 -0.03641744 -5.627645 -6.4539 1.793736 1.285756 0.3097095 20.00175 0.9602451 0 0.0 0.03875096360728595 8.562897491855487 0.0
-0.07284357 0.01844677 -1.659065 1.739975 0.2183172 0.1675175 0.2788742 17.30176 1.5247 1 0.0 0.07514299045005994 2.4041650681369613 0.0
-0.05608415 -0.05058491 -0.07604865 0.07710738 0.2749924 0.2060476 0.4452751 17.52132 1.36335 1 0.0 0.07552658472968707 0.10830025492715564 0.0
-0.009551925 -0.01648158 -2.071032 -2.182747 0.2119544 0.1474391 0.297318 16.14484 1.548182 0 0.0 0.01904945538596904 3.008913094629521 0.0
-0.0630125 0.02638167 -8.588824 -2.226899 2.671532 2.229781 0.1550313 20.3782 1.030264 0 0.0 0.06831228050825781 8.87282237279531 0.0
0.001544934 -0.03060522 -3.125706 -0.9289284 0.5367542 0.3908576 0.1190672 18.79575 1.13756 1 0.0 0.030644188883257394 3.2608198310796874 0.0
-0.06267759 0.05256016 -4.512967 -6.352401 2.055862 1.621623 0.506886 20.15134 1.407066 0 0.0 0.08179884294679052 7.792295528782902 0.0
-0.00624511 -0.03490258 1.126531 0.2014834 2.889724 2.375099 0.1617183 20.57015 nan 0 0.0 0.035456896220178384 1.1444071191829241 0.0
-0.02953868 0.0185292 4.635483 -3.37085 2.322887 1.843787 0.5044014 20.22123 nan 0 0.0 0.034869253917776906 5.7315209469903365 0.0
-0.06212067 -0.04908032 2.948102 3.766452 0.32726 0.2444427 0.1940786 18.1257 1.447578 1 0.0 0.07916978876156801 4.783039417641047 0.0
-0.02515439 -0.0680198 -0.7156633 -5.412816 1.72552 1.374787 0.5477677 19.96846 1.2397 0 0.0 0.07252197272766442 5.459922253001675 0.0
-0.07037371 0.02544211 0.2973629 -4.223056 1.433126 1.077493 0.2760686 19.52969 1.775076 0 0.0 0.0748315442872603 4.2335123329727535 0.0
-0.05034312 -0.02666678 -7.960174 -0.1239875 0.5025255 0.3699186 0.2004281 18.73532 1.497883 1 0.0 0.0569697014816016 7.961139554764271 0.0
0.01830395 -0.03059862 -0.4591752 -9.444857 2.210116 1.658417 0.495697 20.02054 0.8537998 0 0.0 0.03565543621254549 9.456012141211751 0.0
-0.008545341 -0.02362645 0.4946025 -1.281638 0.9392439 0.7172233 0.4445218 18.98674 1.316296 1 0.0 0.025124330685787052 1.3737640248784542 0.0
-0.06591803 0.02918049 -0.700357 -0.1679919 2.571356 2.196441 0.1104221 20.34464 0.9004211 0 0.0 0.07208805501413532 0.7202230251211148 0.0
0.004074655 -0.02829928 -1.692288 -8.410762 0.5047904 0.4353578 0.4214284 17.68726 1.596079 0 0.0 0.028591118584053773 8.579321423958191 0.0
-0.01210917 -0.03491436 -0.4811695 -0.6217792 0.6258998 0.4917557 0.1688877 19.02483 1.605888 0 0.0 0.036954628022732146 0.7862146407202615 0.0
-0.003571714 -0.03823846 -0.9891596 -4.331038 3.464939 3.162895 -0.01180356 20.73144 0.7112789 0 0.0 0.0384049080726591 4.4425585951922075 0.0
-0.059523 -0.0006326905 -2.321901 -4.90239 2.22055 1.725387 0.3967749 20.25219 1.420185 0 0.0 0.05952636244781626 5.424449462010038 0.0
-0.000610912 -0.06122196 -3.729346 -3.514416 1.530038 1.29882 0.5714759 19.77998 0.916647 0 0.0 0.06122500796009212 5.1243674154740315 0.0
-0.06650537 -0.01090459 -1.746193 -4.874711 1.35214 0.9356596 0.0814436 20.03726 nan 0 0.0 0.0673934293674465 5.1780302554900155 0.0
-0.06022177 0.02272826 -4.897854 0.7315597 2.7003 2.263507 0.1662904 20.34955 1.135223 0 0.0 0.06436796862229303 4.952186729110696 0.0
-0.05521773 0.02113741 2.016823 -9.291254 4.127479 3.42881 0.1967243 20.67361 1.319311 0 0.0 0.059125187592607265 9.507627248995671 0.0
-0.05649598 -0.02373531 -2.864403 -6.75476 2.474717 1.950646 0.5241486 20.31701 0.8011227 0 0.0 0.061279365996691745 7.337001240562046 0.0
-0.0002948066 -0.03827466 -12.47848 -9.425634 3.931195 3.468713 0.1379844 20.7513 0.5292721 0 0.0 0.038275795341795364 15.638255638413 0.0
0.007380626 -0.02579123 -3.470661 -5.309677 0.6193141 0.4590869 0.16974 18.94716 1.310213 0 0.0 0.026826501543525498 6.34335539137214 0.0
-0.01411982 -0.05229047 -4.485541 -4.817635 2.03074 1.534029 0.008653729 20.10352 1.302626 0 0.0 0.054163295409837275 6.582528773648163 0.0
-0.03816371 0.01238381 4.600334 -4.660804 3.123522 2.471093 0.4347092 20.46417 1.308592 0 0.0 0.0401226558328359 6.548753075049631 0.0
-0.05833151 -0.03558442 -0.8913995 -3.389058 1.941017 1.329359 -0.2255042 20.20619 nan 0 0.0 0.06832873484571846 3.504326924812274 0.0
-0.002910649 -0.03463737 0.9565606 -5.373203 1.218933 1.034798 0.4489849 19.66004 1.092571 1 0.05660119 0.034759448760273814 5.457684367997233 0.0
-0.0717545 -0.03793779 -4.151609 -7.884681 2.187981 1.778291 0.4259248 20.12867 0.6314163 0 0.0 0.08116639809880749 8.910895115567346 0.0
0.0128717 -0.02093547 -3.23894 -4.304599 1.425924 1.085719 0.2873612 19.79893 0.8281155 0 0.0 0.02457589398192668 5.387049737509484 0.0
-0.06366194 -0.003872952 0.9310669 -8.509514 2.266282 1.816711 0.378761 20.27883 1.072268 0 0.0 0.06377963908456917 8.560298714908937 0.0
-0.0421289 0.001520475 -2.554439 -4.089372 3.391689 2.839428 0.07478653 20.56588 nan 0 0.0 0.04215632881828806 4.821630632794781 0.0
-0.02067335 -0.05001762 -3.206594 2.597688 2.094553 1.737693 0.393149 20.29748 nan 0 0.0 0.05412161962364855 4.126769684169447 0.0
-0.04458708 -0.05071674 -0.6085308 -20.9708 1.47025 1.084164 0.4386156 19.68021 2.170698 0 0.0 0.0675292190029916 20.979627317341667 0.0
-0.05083078 -0.0299571 -2.469931 -2.51114 0.8296028 0.6288055 0.2833426 19.3646 1.362236 0 0.0 0.05900166129710586 3.5222696155122764 0.0
0.0002801032 -0.03027714 -3.832495 -8.051658 1.37866 1.113671 0.3500876 19.86888 1.201952 0 0.0 0.03027843563300869 8.917242537577913 0.0
-0.02907888 0.02003036 -6.446205 -11.14565 2.428874 1.925785 0.5047545 20.24814 1.079611 0 0.0 0.03531000685052327 12.875522235021188 0.0
0.03184099 -0.04269522 -1.902819 -9.943911 1.106112 0.8617712 -0.2063807 18.89232 nan 0 0.0 0.05326096558483051 10.124331391389854 0.0
-0.03015838 -0.05032811 0.225474 1.116608 0.5429163 0.4071947 0.2098381 18.48009 1.402519 0 0.0 0.05867236607123067 1.1391452718332284 0.0
-0.05241011 -0.03520091 -4.181157 0.0251827 3.291192 2.91624 -0.1157531 20.55301 nan 0 0.0 0.06313417216563626 4.181232835782802 0.0
-0.03788641 -0.06617789 -6.023647 -3.952782 2.284605 1.91112 0.2839063 20.30408 nan 0 0.0 0.07625544693685954 7.204776798772674 0.0
-0.06713439 -0.0192228 -7.501015 -7.439392 3.381196 2.743822 0.2412132 20.51423 1.094259 0 0.0 0.06983224441840674 10.564552965454288 0.0
-0.0113608 -0.048878 -8.43606 -5.124876 2.331295 1.86075 0.3111137 20.31178 1.068316 0 0.0 0.050180939216399684 9.870737679574713 0.0
-0.02288682 -0.04804 0.8694348 -5.978573 1.245118 0.902638 -0.3003676 18.36949 1.441793 0 0.0 0.05321323265610162 6.041461080548317 0.0
-0.01676482 -0.04552154 -1.493811 -5.301936 1.883796 1.543503 0.1109262 20.13861 nan 0 0.0 0.048510512196883675 5.508356982968425 0.0
-0.0575401 0.002038319 -3.093477 -0.9323853 2.530386 2.030177 0.4032315 20.38299 nan 0 0.0 0.057576191714594674 3.230935204733312 0.0
-0.03855518 -0.03386567 -11.36027 -9.973795 0.6432027 0.4646255 0.3677364 18.31341 1.270397 0 0.0 0.05131652277172821 15.117285509473088 0.0
-0.0232577 -0.06721652 0.9473554 1.374471 3.38128 2.833055 0.2434395 20.6915 0.8323231 0 0.0 0.07112651524010156 1.6693270451742404 0.0
-0.003111726 -0.0418853 2.449893 -6.111117 2.986658 2.569167 0.01591645 20.61953 nan 0 0.0 0.04200072850307571 6.583899049889663 0.0
-0.07587836 -0.00965179 -5.471305 -1.145809 1.506 1.026465 -0.06369202 20.03752 1.523922 0 0.0 0.07648975465050009 5.589996124104739 0.0
-0.02962168 0.0007355261 -5.32179 -8.066474 1.30206 0.918811 0.09721009 19.95409 1.350666 1 0.5222608 0.02963081039502938 9.663821790408596 0.0
0.02764371 -0.04652631 1.24268 -0.4652621 0.3783126 0.266022 0.2097036 18.15009 1.143995 1 0.0 0.054119056022626635 1.3269221544975462 0.0
0.01042718 -0.03549789 -4.117401 -5.848974 2.181223 1.731866 0.3359642 20.29417 1.03075 0 0.0 0.03699765232017431 7.152865708754569 0.0
-0.009406423 -0.04652803 -0.5665703 -2.217627 0.6820908 0.5870084 0.4532336 18.94164 1.258717 0 0.0 0.04746934136193411 2.288858103066044 0.0
-0.02689059 0.00268913 -2.784751 -4.640274 1.150651 0.8441612 0.1925917 19.17796 1.523537 0 0.0 0.02702471555271211 5.411744721166825 1.0
-0.03303087 -0.05896133 2.645663 -5.971501 2.417508 2.075794 0.1451129 20.32096 0.7457066 0 0.0 0.06758311037771049 6.531336532637865 0.0
0.007208242 -0.02362066 -5.056909 -3.127887 0.4795217 0.3493342 -0.05510009 18.52616 1.259029 0 0.0 0.02469603878289318 5.94609163392644 0.0
-0.07432594 -0.009490849 -1.206889 -5.689148 1.558567 1.008367 -0.1400101 20.07947 1.429672 0 0.0 0.0749294439564608 5.8157532636989515 0.0
-0.01595983 -0.04722282 -4.790076 -8.778128 3.805638 3.019628 0.05932691 20.74545 nan 0 0.0 0.049846874549777945 10.000017963491866 0.0
-0.08157246 -0.006438784 -0.1517566 -2.212222 3.324195 2.770322 0.2227362 20.67625 1.376072 0 0.0 0.0818261826669817 2.217421079300808 0.0
0.001803677 -0.02817144 -2.610875 -8.912046 1.545962 1.29367 0.4143811 19.96198 0.539341 0 0.0 0.028229121176436382 9.28661575450072 0.0
-0.03846564 -0.0476615 -0.7242658 -4.639478 0.5420002 0.3989348 0.2121772 18.72243 1.335804 0 0.0 0.06124723702224942 4.695670033289567 0.0
-0.07060572 -0.03562176 7.012163 -10.52994 1.733583 1.443595 0.4059052 20.10426 1.106863 0 0.0 0.07908272556137655 12.651089531821716 0.0
-0.008774099 -0.04599775 -2.279777 -5.443668 2.110077 1.716285 0.1603936 20.20241 1.437576 0 0.0 0.04682710559413534 5.901771298851981 0.0
-0.05782789 0.002776359 -3.088831 -4.297147 1.960099 1.569392 0.3638813 20.1692 1.493841 0 0.0 0.057894499144124055 5.29210253927208 0.0
-0.006818571 -0.06897165 -2.26534 -3.385734 1.866291 1.524805 0.5360947 20.02454 0.8201218 0 0.0 0.06930787411401781 4.07369120508121 0.0
-0.01041328 -0.03362106 -7.693118 -8.160055 3.257849 2.833899 0.07014149 20.63454 1.889923 0 0.0 0.035196762292603 11.21474753014748 0.0
-0.04992624 0.01952934 0.4417257 1.777359 0.4263165 0.3159477 0.2367058 18.48207 1.576548 1 0.0 0.05360992969006021 1.8314274784772369 0.0
-0.02001899 0.003998572 -0.9910821 -6.940666 1.290268 0.9842108 -0.02051539 19.81504 1.294758 0 0.0 0.020414419870750284 7.011068980725865 0.0
-0.0419307 0.01331176 -1.186484 -7.633899 2.267521 1.826297 0.3673883 20.27561 1.465155 0 0.0 0.04399302850211156 7.7255522925197395 0.0
-0.02850063 0.002294032 -3.751177 -7.891549 0.9369978 0.7100208 0.2413942 19.27231 1.681002 0 0.0 0.028592804920362813 8.737727078864962 0.0
-0.03464146 -0.05391482 -7.228115 -5.289299 0.7110096 0.544327 0.2863192 19.17418 1.022352 1 0.0 0.06408462035905339 8.95669193199286 0.0
-0.005324931 -0.04473684 3.002748 -6.425832 2.385955 1.902691 0.3365561 20.39657 1.297571 0 0.0 0.04505263303448935 7.092800042559214 0.0
0.01287143 -0.02423136 -1.835928 -5.029554 0.8592144 0.7296061 0.4278959 19.22394 1.522623 0 0.0 0.027437793601062386 5.354161471238984 1.0
-0.006877049 -0.04564098 0.1032497 -5.683727 3.255571 2.787125 0.2417315 20.68143 1.354618 0 0.0 0.046156178982979086 5.684664731633616 0.0
0.003241024 -0.02731506 -3.975812 -9.688132 1.718791 1.421207 0.419726 20.10205 0.7963314 0 0.0 0.027506667180379668 10.47220047118885 0.0
-0.02372448 -0.02023098 -2.124508 -6.817066 3.284898 2.759982 -0.1007587 20.56844 0.6793747 0 0.0 0.031179215882231548 7.140442779717515 0.0
-0.03752492 -0.01423309 0.9567854 -3.681035 0.9032333 0.6889122 0.3012148 19.36776 1.316231 0 0.0 0.04013353301111802 3.803348126700757 0.0
0.01278306 -0.05106202 -3.926523 -4.778601 0.6770965 0.4737204 0.2420793 18.76493 1.221439 0 0.0 0.05263778594739714 6.184869472085082 0.0
-0.03016799 0.0008975493 -0.918275 -9.624082 2.824369 2.318158 0.2741018 20.45617 nan 0 0.0 0.030181338860064348 9.667791025790171 0.0
-0.03986985 -0.06457429 -6.978621 -10.02152 1.94864 1.586838 0.4187148 20.14221 0.9280262 0 0.0 0.0758909999145261 12.211961929683577 0.0
-0.00104215 -0.0416068 -5.463358 -3.238307 2.285083 1.88002 0.3084541 20.23771 nan 0 0.0 0.041619849625659386 6.350977315532862 0.0
-0.01802761 -0.06266111 -0.5266413 -3.220941 0.3090628 0.2569335 0.5051412 17.50228 1.620199 1 0.0 0.06520283298096947 3.2637113819004724 0.0
-0.00819968 -0.03719721 2.884747 -3.832389 1.433566 1.269411 0.4013561 19.85909 nan 0 0.0 0.03809025050963173 4.796766692401247 0.0
