jas1101finalproject/data/gcs/NGC_5024_M_53.ecsv
# %ECSV 0.9
# ---
# datatype:
# - {name: x, unit: deg, datatype: float64}
# - {name: y, unit: deg, datatype: float64}
# - {name: pmx, unit: mas / yr, datatype: float64}
# - {name: pmy, unit: mas / yr, datatype: float64}
# - {name: pmx_e, unit: mas / yr, datatype: float64}
# - {name: pmy_e, unit: mas / yr, datatype: float64}
# - {name: pm_corr, datatype: float64}
# - {name: g_mag, unit: mag, datatype: float64}
# - {name: bp_rp, unit: mag, datatype: float64}
# - {name: filter, datatype: int64}
# - {name: memberprob, datatype: float64}
# - {name: r, unit: deg, datatype: float64}
# - {name: pm, unit: mas / yr, datatype: float64}
# - {name: member_prob_GMM, datatype: float64}
# meta: !!omap
# - comments: [deg deg mas/yr mas/yr mas/yr mas/yr dimless mag   mag   zeroone float]
# - __serialized_columns__:
#     bp_rp:
#       __class__: astropy.units.quantity.Quantity
#       unit: &id001 !astropy.units.Unit {unit: mag}
#       value: !astropy.table.SerializedColumn {name: bp_rp}
#     g_mag:
#       __class__: astropy.units.quantity.Quantity
#       unit: *id001
#       value: !astropy.table.SerializedColumn {name: g_mag}
#     pm:
#       __class__: astropy.units.quantity.Quantity
#       unit: !astropy.units.Unit {unit: mas / yr}
#       value: !astropy.table.SerializedColumn {name: pm}
#     pmx:
#       __class__: astropy.units.quantity.Quantity
#       unit: !astropy.units.Unit {unit: mas / yr}
#       value: !astropy.table.SerializedColumn {name: pmx}
#     pmx_e:
#       __class__: astropy.units.quantity.Quantity
#       unit: !astropy.units.Unit {unit: mas / yr}
#       value: !astropy.table.SerializedColumn {name: pmx_e}
#     pmy:
#       __class__: astropy.units.quantity.Quantity
#       unit: !astropy.units.Unit {unit: mas / yr}
#       value: !astropy.table.SerializedColumn {name: pmy}
#     pmy_e:
#       __class__: astropy.units.quantity.Quantity
#       unit: !astropy.units.Unit {unit: mas / yr}
#       value: !astropy.table.SerializedColumn {name: pmy_e}
#     r:
#       __class__: astropy.units.quantity.Quantity
#       unit: &id002 !astropy.units.Unit {unit: deg}
#       value: !astropy.table.SerializedColumn {name: r}
#     x:
#       __class__: astropy.units.quantity.Quantity
#       unit: *id002
#       value: !astropy.table.SerializedColumn {name: x}
#     y:
#       __class__: astropy.units.quantity.Quantity
#       unit: *id002
#       value: !astropy.table.SerializedColumn {name: y}
# schema: astropy-2.0
x y pmx pmy pmx_e pmy_e pm_corr g_mag bp_rp filter memberprob r pm member_prob_GMM
[from data line 7078]
-0.03892861 -0.05264384 0.5986578 -2.341846 1.201086 0.9105562 -0.2648714 19.98515 0.6680508 0 0.0 0.06547373951805181 2.417154080570132 0.0
0.002214571 -0.03353845 1.028454 -1.802823 1.616832 0.6765808 -0.1859708 19.91257 0.2959023 0 0.0 0.03361148543454366 2.0755453257987404 1.0
0.02222007 0.01115785 -4.166732 5.376839 2.398975 1.956129 -0.7090839 19.83055 0.6370049 0 0.0 0.024864213790655038 6.802356444037978 0.0
0.04478429 -0.07150038 -1.349211 -1.036673 2.476524 1.130788 -0.1173865 20.61522 0.3102722 0 0.0 0.0843678669337355 1.7014879463134611 1.0
0.02113698 -0.1439573 0.08135396 -1.417407 0.1556998 0.1167758 -0.3862141 16.93922 0.2199402 1 0.9999259 0.1455007771347301 1.4197397896997468 0.0
0.1204779 -0.04647641 -3.000108 -4.037482 2.65319 1.773976 -0.4264419 20.64216 0.4363365 1 0.9118856 0.1291316424231416 5.030100288462249 0.0
-0.05610868 -0.1267644 -14.09747 -1.997255 1.690189 1.805578 -0.6764997 19.72097 2.209173 0 0.0 0.138626826692031 14.238247361804225 0.0
0.01885656 0.01273865 8.481039 -2.386816 3.037639 1.681125 -0.7601659 20.20449 nan 0 0.0 0.022756165293302384 8.810500163859995 0.0
0.03445705 0.004104557 0.02739799 -1.649759 0.2289638 0.1600848 -0.4965151 16.79601 0.6639824 1 0.9999543 0.034700658248349545 1.6499864871983165 1.0
-0.004586023 -0.02181202 1.376909 -2.696644 3.07087 1.210202 -0.6286521 20.14993 nan 0 0.0 0.022288917053929047 3.0278321051565924 0.0
-0.01041534 -0.02785425 0.7666765 -2.782236 1.204183 0.6923718 -0.3489062 19.8941 0.4984264 0 0.0 0.029737830290357432 2.885936592399121 1.0
0.1766911 -0.1367586 -1.036752 -1.521511 1.404669 1.255583 -0.4080694 20.14615 0.7707806 1 0.9879486 0.22343379219171391 1.8411546465805093 0.0
0.08515363 -0.1411283 -11.24368 -2.82564 0.7788924 0.5284503 -0.2700953 19.45414 0.9426823 1 0.0 0.16482820681869625 11.59329898484465 0.0
-0.004571309 -0.01359135 5.658932 -9.63119 1.654537 1.303251 -0.6409575 18.59345 nan 0 0.0 0.014339513966518566 11.170646006239926 0.0
-0.03462078 -0.04960634 0.389568 -1.290205 0.7305345 0.4824936 -0.3406563 19.3366 0.8224697 1 0.9997998 0.06049287045598018 1.3477359417367336 1.0
0.04994168 0.0004328386 1.649546 -2.148024 1.346391 0.8232762 -0.6116123 19.77591 0.6431561 0 0.0 0.04994355564510851 2.7083221947715157 1.0
0.05155701 -0.06929171 -1.431172 -1.580718 2.754363 1.626416 -0.5688726 20.70565 0.546833 0 0.0 0.08636820222086483 2.1323514459647592 0.0
-0.0007001648 -0.04940187 -0.2486124 -1.254637 0.2922099 0.1844689 -0.4248727 17.71628 0.9382553 1 0.9999732 0.04940683141271113 1.2790317146977865 1.0
-0.004861288 -0.01343875 1.498926 -1.71526 0.9626241 0.9079555 0.1399466 19.35009 nan 0 0.0 0.01429098046256603 2.277914840611036 1.0
0.04428479 -0.04632161 -6.902431 -1.547115 3.653234 2.802344 -0.5594321 20.81716 0.4897804 0 0.0 0.06408458612128348 7.073692001563681 0.0
0.02633675 0.01454588 -19.46253 12.84297 3.137577 1.880988 -0.7302026 20.36587 0.3963528 0 0.0 0.03008665859707422 23.31806064881469 0.0
0.02773656 -0.03654987 -1.639604 -1.315541 0.5138817 0.3110229 -0.3456903 18.72798 0.8612747 0 0.0 0.04588256485475174 2.1021297294641452 1.0
0.06457449 -0.05047331 0.4518025 -0.3074625 0.9944054 0.845749 -0.5760385 19.39433 0.7649632 1 0.998132 0.08195986689298733 0.5464967409898251 0.0
-0.03775919 -0.1446621 0.2872602 -1.26436 0.4950134 0.3367862 -0.3531072 18.91064 0.9497967 1 0.9995706 0.14950879440978077 1.2965819033535984 0.0
0.04103982 0.0007166215 -0.2156964 -1.306177 0.2153394 0.1617056 -0.5780474 16.85328 0.3103409 1 0.9999853 0.04104607620719259 1.3238667955281451 1.0
0.02542402 0.0105632 -2.918724 5.034619 2.995446 1.852151 -0.7355964 20.46411 nan 0 0.0 0.027531109443689333 5.819479208944474 0.0
-0.005571998 -0.02125505 6.851516 -12.32947 2.602812 1.812479 -0.8149237 19.94902 nan 0 0.0 0.021973263576776758 14.105286313264116 0.0
0.01497022 -0.1437748 6.274724 -6.397965 4.916169 3.535598 -0.3446787 20.9509 -0.3260765 0 0.0 0.14455206882604069 8.961368055012638 0.0
0.0646671 0.01280301 3.177191 -4.689881 2.799555 2.458197 -0.6744157 20.66762 0.5877743 0 0.0 0.06592230948222386 5.66476181711482 0.0
-0.03942042 -0.0470018 -2.014605 0.1136821 1.011712 0.6727562 -0.3542273 19.54051 0.6300087 0 0.0 0.061344426936897865 2.017809933042607 1.0
-0.005238499 -0.02115397 -0.4972706 -1.975082 0.8376295 0.548162 -0.3728557 19.23678 0.6721058 0 0.0 0.02179294194306728 2.0367196558064538 1.0
-0.0096033 -0.02757773 1.682011 -2.804077 1.187555 0.6534848 -0.371173 19.89856 0.6386013 0 0.0 0.02920196162662536 3.26986373203074 1.0
0.09170701 -0.04820096 -1.723156 -0.6255318 0.8739586 0.5888167 -0.5769833 19.3045 0.8205948 0 0.0 0.10360264585454225 1.833182105833253 0.0
0.0609811 -0.1012997 8.060409 -0.3829986 3.094932 2.007379 -0.04574558 20.89246 0.5127773 0 0.0 0.11823841921008586 8.069503155392095 0.0
0.02028463 -0.05073584 1.579385 -1.259491 0.9317052 0.5427887 -0.3094931 19.63417 0.5999622 0 0.0 0.05464056803092827 2.0200927100769412 1.0
-0.007572935 -0.02032991 1.391575 0.02817129 1.099526 0.6704066 -0.3793956 19.87617 0.5185623 0 0.0 0.021694575015941773 1.3918601230746084 1.0
0.04010489 -0.03173713 11.22572 -3.781697 4.443679 2.903501 -0.3396397 20.92696 0.2781143 0 0.0 0.05114340253198842 11.845590813387444 0.0
0.01654276 -0.04769783 -2.178279 2.270341 1.476911 0.6984627 -0.2914547 19.95004 0.5046558 0 0.0 0.050485105676095196 3.1463228788733684 0.0
0.02538766 -0.1387649 -0.5561153 -1.512306 1.236586 0.7777415 -0.3331959 20.20211 0.4805355 0 0.0 0.14106817767407928 1.6113142662218596 0.0
0.02108255 -0.05319241 6.738573 1.148487 1.188186 0.8396012 -0.418411 16.95486 0.2403584 0 0.0 0.05721806005196786 6.8357434464363855 0.0
-0.00351303 -0.0217224 -0.8661438 -0.9379795 1.180524 0.600888 -0.3853793 19.58662 nan 0 0.0 0.022004636819109285 1.2767186944267284 1.0
0.002837804 -0.01485024 5.537741 -0.8206788 2.442183 1.238076 -0.3906 19.65643 nan 0 0.0 0.015118953654271714 5.598221956643952 0.0
0.02814957 0.01009059 -0.1090022 -0.4859528 1.998039 1.309741 -0.6967861 20.02298 0.5208874 0 0.0 0.02990348303681362 0.4980277135187157 0.0
0.05455281 -0.001988114 -1.237255 -0.7533304 1.537534 0.9729505 -0.7036965 19.68557 0.5550671 0 0.0 0.05458902523560112 1.4485532874524014 1.0
0.03715043 -0.0490546 1.679893 -2.088762 1.312844 0.7323191 -0.295315 20.02433 0.5414906 0 0.0 0.061534610020255266 2.6804789094661796 0.0
0.0343091 -0.05461129 1.053177 8.518844 2.866491 1.488385 -0.3767996 20.10735 0.5781803 0 0.0 0.06449424267540553 8.583698788381673 0.0
0.06556632 -0.02691147 -4.163355 -5.051733 3.939884 3.865445 -0.2483554 20.92925 0.4323006 0 0.0 0.07087432211953282 6.546260853289762 0.0
0.03705497 -0.009215834 0.002496241 -1.300586 0.1651926 0.1280854 -0.5672238 16.58521 1.036427 1 0.9999838 0.03818379758505505 1.3005883955406992 1.0
0.04181785 -0.03958547 3.296986 -1.495306 3.409393 1.987919 -0.3905275 20.73441 0.5843678 0 0.0 0.05758248009371774 3.620228821197909 0.0
0.1141732 -0.1413425 -11.17367 -1.389723 1.826304 1.35463 -0.4304457 20.39531 0.8084908 0 0.0 0.18169540969570477 11.259761599857654 0.0
0.02461205 0.01147861 -10.45359 -0.8292489 2.579378 1.767108 -0.6912149 20.15857 nan 0 0.0 0.027157162825571454 10.486429212379742 0.0
0.03133642 -0.05661837 -0.03713589 -1.454599 0.2356349 0.1569364 -0.3825316 17.54547 0.9500732 1 0.9999761 0.06471175349094861 1.455072962131828 1.0
0.0814254 -0.1427913 -1.254258 -2.898624 2.137656 1.248879 -0.1869595 20.49765 0.5625992 0 0.0 0.16437594447135506 3.158351504177456 0.0
0.1677425 -0.1406088 -1.130085 -3.678094 0.8840003 0.7448732 -0.4296955 19.47067 0.8197269 1 0.1747649 0.21887983219951992 3.847787361596402 0.0
-0.0002651455 -0.07967911 -0.2857201 -0.6223546 2.310602 1.434208 -0.5472336 20.60304 0.2638988 0 0.0 0.07967955115666923 0.6848074354774267 0.0
0.02374762 -0.02819818 -0.09009726 -1.275522 0.2302767 0.1518634 -0.3763046 17.45744 0.9285851 1 0.9999827 0.0368657945930479 1.2787000777131077 1.0
-0.005122209 -0.01121859 0.06781086 -1.380349 0.08686843 0.06384233 -0.4099326 15.34966 1.118014 0 0.0 0.012332630969415287 1.3820136303723418 1.0
0.0740216 -0.065015 1.021401 -2.957109 1.641487 1.115615 -0.5704485 20.10917 0.4149036 0 0.0 0.0985197822346355 3.128538579062435 0.0
0.03954051 -0.0367822 -0.3727179 -2.77766 2.764112 1.764364 -0.5418353 20.7091 -0.03357124 0 0.0 0.054003538475734164 2.802554853804009 0.0
0.02780204 0.007544227 -0.5430605 0.4393556 3.097531 2.884541 -0.7837573 20.40968 0.2747803 0 0.0 0.02880744329490434 0.6985327837056826 0.0
-0.004079113 -0.04691083 0.1672555 -1.517764 0.3232051 0.2157199 -0.3851312 17.99188 0.9066296 1 0.9999552 0.04708784486633115 1.526951853195198 1.0
0.01260259 -0.108739 -7.969779 -2.211783 4.587455 1.736612 0.2105051 20.84856 1.151505 0 0.0 0.10946686894082656 8.27099518485714 0.0
0.09920468 -0.04839141 -3.170863 0.3486811 2.050619 1.418389 -0.5556231 20.41687 0.6098862 0 0.0 0.11037797377960197 3.1899765946267085 0.0
-0.03817412 -0.05100369 -0.7726796 -1.281174 0.5544106 0.4623473 -0.2176287 18.78493 0.9275723 1 0.9997642 0.06370745506917146 1.496141899196784 1.0
0.05443604 -0.09276074 0.7684569 -1.098464 2.861036 1.627006 -0.2373876 20.75844 0.5226078 0 0.0 0.10755388108399064 1.3405779225593752 0.0
-0.003904516 -0.0212303 0.5036748 -1.837428 2.380992 1.164753 -0.7751403 19.94153 nan 0 0.0 0.02158635873148262 1.905211263702543 1.0
0.009856704 -0.03676541 -1.605285 0.4348769 0.9738425 0.6857205 -0.3643058 18.94375 0.706953 0 0.0 0.038063762113218866 1.6631469716710576 1.0
0.1694375 -0.1379198 -25.85771 -17.68998 1.291681 1.090969 -0.4096676 20.06731 2.158438 0 0.0 0.2184741120551586 31.329803045095893 0.0
0.03768223 -0.0268644 -5.486316 -0.2768191 2.558717 2.738169 -0.4639929 20.52876 0.632206 0 0.0 0.04627792611097541 5.493295191957266 0.0
0.0360395 -0.1476913 0.5577501 -1.188482 1.0325 0.6573193 -0.3456851 19.8779 0.7620811 1 0.9985754 0.15202488498907013 1.3128498156202064 0.0
0.1049478 -0.04884773 0.471216 -1.439433 1.584082 1.094758 -0.607291 20.07606 0.5423985 1 0.9985716 0.11575898000152256 1.5145995774939989 0.0
0.01445084 -0.003813742 -7.541322 -2.979653 2.405785 1.552299 0.3709357 19.78648 nan 0 0.0 0.014945614900303167 8.108629323633743 0.0
-0.004020522 -0.02156408 1.003846 -3.709353 2.063812 2.318789 -0.2202441 19.64324 nan 0 0.0 0.021935681967946288 3.842786289962662 0.0
0.03100551 0.0102017 0.9203033 -0.8029282 2.833643 2.728668 -0.6200837 20.50525 nan 0 0.0 0.03264071588139727 1.221332001687555 1.0
-0.01622974 -0.02510723 0.8395941 -1.370517 1.244262 0.7393524 -0.4011257 19.92362 0.5221748 0 0.0 0.02989611109727317 1.6072445675888314 1.0
0.007188089 -0.02683207 -0.7111332 -1.250503 0.3216538 0.2114365 -0.2730011 17.96025 0.8322277 0 0.0 0.02777820375684542 1.438564625295381 1.0
0.003637888 -0.1412901 0.04179047 -1.007056 1.314245 0.8318917 -0.3415519 20.24882 0.4345646 0 0.0 0.1413369257735237 1.0079227304306717 0.0
-0.01582377 -0.02551162 -3.826684 2.582571 3.230729 2.089852 -0.6469166 20.69628 0.2780285 0 0.0 0.030020567150493678 4.616620344569932 0.0
-0.1215512 -0.1397888 0.08067332 -1.746475 1.847823 0.9692432 -0.2962824 20.52535 0.4785633 1 0.9943852 0.1852447106583073 1.7483372415483296 0.0
0.02436517 0.01458946 -3.736351 -0.9225213 2.083215 1.389791 -0.7210633 20.0444 0.3383732 0 0.0 0.028399187527471625 3.8485535392085546 0.0
0.00921862 -0.03611314 -0.517496 -1.078982 0.8372063 0.4793108 -0.3437241 19.39976 0.6415997 0 0.0 0.037271193103575316 1.19666380673103 1.0
-0.0105023 -0.02717332 -0.001327644 -1.402598 0.1761787 0.1199849 -0.3826317 16.83984 0.3282909 1 0.9999881 0.029132243736320756 1.4025986283476077 1.0
0.03506546 0.006593768 0.6048221 -1.599128 0.3114359 0.2505587 -0.5218138 17.49271 0.9642639 1 0.9997431 0.03568002608532432 1.709684220267711 1.0
0.00527402 -0.02584986 3.227061 0.325804 2.156246 0.929239 -0.3627226 20.18802 0.4507828 0 0.0 0.026382390888242103 3.243465884534166 1.0
-0.1557551 -0.1615835 -5.879073 -3.039983 0.6211937 0.5063218 -0.2232653 18.84708 0.6138515 1 0.0 0.22443011974389712 6.618534277286626 0.0
0.01951541 -0.04539154 -0.76538 -1.515572 0.6294161 0.3794356 -0.3109811 18.99494 0.7707138 0 0.0 0.04940893776473747 1.6978707346509039 1.0
0.01446546 -0.005356786 0.3483707 -2.320006 0.7319476 0.5052802 -0.2631269 18.7719 0.605135 0 0.0 0.015425455885042618 2.3460157682024407 1.0
0.02346622 0.01565364 -4.923513 -0.2437747 2.037474 1.322072 -0.7292805 20.09756 0.4337425 0 0.0 0.02820815354357672 4.929544235071746 0.0
0.06628616 -0.05154078 -1.224648 -1.018005 1.048071 0.7511921 -0.5984354 19.48849 0.7623272 1 0.9992745 0.08396610632007417 1.592512764133776 1.0
0.03193694 -0.009541095 -0.8188904 -1.607205 2.381061 2.454789 -0.6575007 20.35392 0.6923637 0 0.0 0.033331676080908756 1.8037986027373345 1.0
0.001547531 -0.03350031 1.912289 2.058416 1.445369 0.8076664 -0.2293537 19.93981 0.354393 0 0.0 0.033536034683487266 2.809613078090469 1.0
-0.05588833 -0.1181986 0.6537143 -1.593469 0.8246273 0.4979588 -0.3596683 19.51781 0.7236042 1 0.9992936 0.1307456097624272 1.7223489309618683 0.0
0.04153112 0.0075851 1.806713 -1.636877 2.040374 1.559893 -0.7200304 20.135 0.6379547 0 0.0 0.04221809648082679 2.437945482880616 1.0
0.01416077 -0.002610229 -0.5812835 -1.458003 0.08503706 0.06638638 -0.3903304 15.40963 1.061921 0 0.0 0.014399329929734264 1.5696060828696 1.0
0.01327967 -0.04596624 -1.021327 -2.17836 1.101061 0.5271772 -0.3719696 19.42492 0.5845032 0 0.0 0.04784605370400468 2.4059013135473784 1.0
-0.04164739 -0.1426013 -6.21128 -4.359036 3.081942 1.807312 -0.07526001 20.85165 0.3150387 0 0.0 0.14855852670076564 7.588227335003611 0.0
0.03200014 -0.03794722 -0.2298379 -0.7006925 1.468325 0.7472653 -0.2807011 20.11861 0.5542603 0 0.0 0.04963869927534363 0.7374248706360941 0.0
0.04290835 0.00768843 -0.2929472 -2.360309 1.932087 1.423101 -0.709833 20.06012 0.5656433 0 0.0 0.043591724622769855 2.378418936493073 1.0
0.03771177 -0.02939926 1.513133 -2.62407 2.16323 1.217792 -0.3787788 20.65103 0.4821625 0 0.0 0.0478172990149015 3.0290782163207672 0.0
0.04765051 -0.05100708 -12.03995 -3.471964 1.186275 0.7045438 -0.3596484 19.95943 1.580046 0 0.0 0.06980181454222018 12.530559844627692 0.0
0.004201003 -0.02581365 2.861437 -1.446772 2.176337 1.11988 0.2267389 20.15825 0.6730919 0 0.0 0.02615325892749332 3.2063953163877033 1.0
0.03945312 -0.03510947 -0.4339108 -3.615983 2.260707 1.480907 -0.1306672 20.69217 0.5435829 0 0.0 0.05281310028217715 3.6419241670641136 0.0
0.06936712 -0.1413527 1.159534 -1.213857 1.874356 1.05539 -0.2712094 20.37358 0.6474705 0 0.0 0.1574559720505526 1.6786804084175762 0.0
0.07687089 -0.04702557 1.633826 -0.956796 2.234462 1.376794 -0.5721669 20.41442 0.7078838 1 0.9977563 0.09011402756073551 1.893368950810169 0.0
-0.00445842 -0.1357836 1.220105 -1.812669 1.546364 0.9531422 -0.3370355 20.41597 0.6218376 1 0.9976202 0.13585677582607503 2.1850457923315934 0.0
0.05511877 -0.003666404 -3.265832 0.1227876 2.038614 1.681618 -0.6627519 20.2754 0.6619511 0 0.0 0.05524057679463635 3.2681394472907304 0.0
0.03348915 -0.01387621 -0.7641197 -1.422256 0.9034231 0.7145308 -0.5606663 19.32425 0.8749504 0 0.0 0.036250136160938765 1.6145250216283704 1.0
0.0341134 -0.0178758 -9.258804 -3.495927 3.336407 2.871462 -0.6776247 20.52991 0.7501202 0 0.0 0.038513222212637574 9.89681550296584 0.0
0.007652483 -0.03561349 -0.7303795 -1.009848 2.527857 1.145381 -0.2906035 20.653 nan 0 0.0 0.03642638008429315 1.2462933832465974 1.0
0.01221814 -0.004550149 -6.313457 -3.294197 1.602546 1.733749 -0.005249411 19.5158 nan 0 0.0 0.013037898641337912 7.121198857331397 0.0
0.02462955 -0.009816937 -0.2417386 -1.342351 0.5737761 0.4009516 -0.2451779 18.89947 0.803112 0 0.0 0.026513901735966156 1.363944191648236 1.0
0.03239821 0.004998709 -0.6002414 -0.9972109 1.701676 1.320898 -0.5460608 20.00246 0.6285229 0 0.0 0.03278156651032377 1.1639241029176988 1.0
0.04140035 0.00880005 -2.992487 -0.6462794 2.163768 1.643386 -0.7243403 20.14165 0.300869 0 0.0 0.04232528629702344 3.0614793006050784 1.0
