jas1101finalproject/data/gcs/NGC_6864_M_75.ecsv
# %ECSV 0.9
# ---
# datatype:
# - {name: x, unit: deg, datatype: float64}
# - {name: y, unit: deg, datatype: float64}
# - {name: pmx, unit: mas / yr, datatype: float64}
# - {name: pmy, unit: mas / yr, datatype: float64}
# - {name: pmx_e, unit: mas / yr, datatype: float64}
# - {name: pmy_e, unit: mas / yr, datatype: float64}
# - {name: pm_corr, datatype: float64}
# - {name: g_mag, unit: mag, datatype: float64}
# - {name: bp_rp, unit: mag, datatype: float64}
# - {name: filter, datatype: int64}
# - {name: memberprob, datatype: float64}
# - {name: r, unit: deg, datatype: float64}
# - {name: pm, unit: mas / yr, datatype: float64}
# - {name: member_prob_GMM, datatype: float64}
# - {name: member_prob_DB, datatype: float64}
# meta: !!omap
# - comments: [deg deg mas/yr mas/yr mas/yr mas/yr dimless mag   mag   zeroone float]
# - __serialized_columns__:
#     bp_rp:
#       __class__: astropy.units.quantity.Quantity
#       unit: &id001 !astropy.units.Unit {unit: mag}
#       value: !astropy.table.SerializedColumn {name: bp_rp}
#     g_mag:
#       __class__: astropy.units.quantity.Quantity
#       unit: *id001
#       value: !astropy.table.SerializedColumn {name: g_mag}
#     pm:
#       __class__: astropy.units.quantity.Quantity
#       unit: !astropy.units.Unit {unit: mas / yr}
#       value: !astropy.table.SerializedColumn {name: pm}
#     pmx:
#       __class__: astropy.units.quantity.Quantity
#       unit: !astropy.units.Unit {unit: mas / yr}
#       value: !astropy.table.SerializedColumn {name: pmx}
#     pmx_e:
#       __class__: astropy.units.quantity.Quantity
#       unit: !astropy.units.Unit {unit: mas / yr}
#       value: !astropy.table.SerializedColumn {name: pmx_e}
#     pmy:
#       __class__: astropy.units.quantity.Quantity
#       unit: !astropy.units.Unit {unit: mas / yr}
#       value: !astropy.table.SerializedColumn {name: pmy}
#     pmy_e:
#       __class__: astropy.units.quantity.Quantity
#       unit: !astropy.units.Unit {unit: mas / yr}
#       value: !astropy.table.SerializedColumn {name: pmy_e}
#     r:
#       __class__: astropy.units.quantity.Quantity
#       unit: &id002 !astropy.units.Unit {unit: deg}
#       value: !astropy.table.SerializedColumn {name: r}
#     x:
#       __class__: astropy.units.quantity.Quantity
#       unit: *id002
#       value: !astropy.table.SerializedColumn {name: x}
#     y:
#       __class__: astropy.units.quantity.Quantity
#       unit: *id002
#       value: !astropy.table.SerializedColumn {name: y}
# schema: astropy-2.0
x y pmx pmy pmx_e pmy_e pm_corr g_mag bp_rp filter memberprob r pm member_prob_GMM member_prob_DB
[from data line 1456]
0.003550318 -0.005033064 6.586951 -3.862532 2.201526 1.795599 0.07380969 18.6179 nan 0 0.0 0.006159260599229424 7.635907079543661 0.0 0.0
0.0224573 -0.03156792 1.967024 -2.654934 1.74326 1.259897 0.5345378 20.43991 0.7155113 0 0.0 0.03874098471149643 3.304218207221188 0.0 0.0
0.02056214 -0.02280909 0.7093994 -3.257445 1.177427 1.007982 0.5432779 19.96232 0.9133434 0 0.0 0.030709219918579826 3.333795950076333 0.0 0.0
0.01263681 -0.01700601 -3.490215 -9.575495 0.9171189 0.658871 0.360907 19.69123 0.9289646 0 0.0 0.021187103225693688 10.191746918033727 0.0 0.0
-0.01734513 0.01601352 -4.267827 -8.075343 2.5265 2.215231 0.7738726 20.37037 0.6102409 0 0.0 0.02360691334137735 9.133756722706051 0.0 0.0
0.007767613 -0.02181981 -2.766578 -3.592558 0.852368 0.6390346 0.3549825 19.59539 0.7821712 0 0.0 0.023161172685204626 4.534360684092962 0.0 0.0
-0.093806 -0.008405599 4.269145 -3.782452 0.25884 0.1723303 0.3419219 17.51599 1.068771 1 0.0 0.09418184395385769 5.703730547924665 0.0 0.0
-0.003555667 0.0005707259 -0.1102169 -2.775244 0.4125502 0.2604082 0.3121605 17.19598 nan 0 0.0 0.0036011797883221284 2.777431731758966 0.0 0.0
-0.01023798 0.01250659 -1.691976 -6.607436 2.443692 1.715309 0.5641522 20.42777 nan 0 0.0 0.016162642974108535 6.820629976671656 1.0 0.0
-0.01103062 0.01067166 -0.6040914 -3.177949 0.3571162 0.2628182 0.2240923 17.98201 nan 0 0.0 0.015347928353364175 3.234854906507394 0.0 0.0
0.01753223 -0.03180374 -0.4391028 -2.692566 3.320431 2.060629 0.4577507 20.82247 0.812851 0 0.0 0.03631607036506703 2.728135431631619 0.0 0.0
-0.07427544 -0.05691702 1.920273 -6.671172 1.175509 0.9571098 0.4295074 19.93336 1.076031 0 0.0 0.09357557455273251 6.942044673445498 0.0 0.0
-0.00720762 -0.003368087 -1.579986 -3.817693 0.2917138 0.1876156 0.3190326 17.34988 1.236376 0 0.0 0.007955739821284316 4.131723079109368 0.0 0.0
0.02078805 -0.02653989 -0.9658143 -4.892599 3.139618 2.069607 0.4392123 20.80661 0.4407825 0 0.0 0.03371214594199841 4.987015363610332 0.0 0.0
0.01725155 -0.01228199 -0.9482484 -1.81954 3.412913 2.813543 0.7234576 20.57154 nan 0 0.0 0.02117695104972857 2.051804288840083 0.0 0.0
-0.004318793 -0.0415054 -4.809321 -10.76885 3.718517 3.578753 0.4179146 20.86718 0.5668087 0 0.0 0.04172948840013317 11.793968746929128 0.0 0.0
0.01325967 -0.01603332 2.126418 0.2848003 2.133891 1.700892 0.6720459 20.33432 0.5077152 0 0.0 0.020805917397012322 2.14540549118438 0.0 0.0
-0.01026598 0.008123501 -0.4924084 -2.678397 0.08059602 0.05334774 0.3381289 15.38718 1.506469 1 0.9998361 0.013091280069473762 2.723284142721717 0.0 0.0
0.003607121 0.002191971 -1.712852 -2.199323 0.4710331 0.2039892 -0.8188339 15.39678 nan 0 0.0 0.004220907340072985 2.7876304690961105 0.0 0.0
-0.008765055 0.002466405 1.668189 -2.900784 0.7312579 0.5707312 0.5431006 18.66394 0.6622963 0 0.0 0.009105456758287857 3.346251986084879 0.0 0.0
-0.01264272 -0.009130566 1.550626 -2.090564 0.9131635 0.635743 0.2825036 19.08526 0.8984318 0 0.0 0.015595050640467827 2.6028635826665987 0.0 0.0
-0.01023694 -0.002029314 -0.5334126 -3.19901 0.1477814 0.09854655 0.2802824 15.67802 1.453747 0 0.0 0.010436141809797144 3.2431765264842984 0.0 0.0
-0.0295439 -0.006642073 -2.616212 -3.373539 0.5055398 0.378389 0.3791074 18.67894 1.071901 0 0.0 0.030281333539778743 4.269113562961871 0.0 0.0
-0.01046445 0.01193246 -0.509064 -2.302531 0.2330768 0.1665242 0.3753872 17.38072 1.229916 0 0.0 0.015870989743998327 2.3581338303957646 0.0 0.0
-0.00978288 -0.01780115 -0.3362425 -2.732227 0.2621992 0.1641909 0.1995554 17.47094 0.9433231 0 0.0 0.020312205257354506 2.7528391522817404 0.0 0.0
-0.02181655 0.001356834 -1.057687 -3.339112 0.9969926 1.038482 0.7442183 19.35324 0.9289398 0 0.0 0.021858701983559225 3.5026234080347547 0.0 0.0
0.004993502 -0.02308235 -2.696888 -0.9934479 2.510298 2.288338 0.5305283 20.6228 nan 0 0.0 0.023616306733833383 2.874046557479264 0.0 0.0
-0.07675653 -0.02172775 -2.197841 -3.450282 1.607495 1.299667 0.4941472 20.41915 0.9441013 0 0.0 0.07977255178132013 4.0908374375920875 0.0 0.0
0.00366291 -0.03024059 0.5098232 -1.494849 2.17875 1.713405 0.5440558 20.538 0.5444393 0 0.0 0.030461618361738434 1.5793964758917376 0.0 0.0
0.007712159 -0.0004174452 -0.5827255 -3.139408 0.3898656 0.2630852 0.3074204 17.3667 1.008097 0 0.0 0.007723448513215068 3.19303172530657 0.0 0.0
-0.003129745 -0.05636933 -2.029367 -4.992088 0.200553 0.1348709 0.2947404 17.34327 1.192688 1 0.0 0.05645614818966952 5.388809981845064 0.0 0.0
-0.01108736 0.01218037 2.291617 -3.023628 1.229026 0.9672363 0.406298 19.28611 1.127892 0 0.0 0.016470912698041355 3.7939207631516236 0.0 0.0
-0.06171511 0.01933715 1.8053 -5.943205 0.6849964 0.4597106 0.4643507 18.99198 0.8714485 1 0.0 0.06467364356857126 6.211343957794077 0.0 0.0
-0.07246836 -0.04887089 -1.551809 -4.89785 2.324384 1.668655 0.5652907 20.58084 0.5984364 0 0.0 0.08740724850080626 5.1378055427371905 0.0 0.0
0.007797078 -0.0006787566 -0.8341403 -0.7840774 0.6736777 0.493605 0.3167185 17.60133 nan 0 0.0 0.007826566032438975 1.1448001612835534 0.0 0.0
0.005333182 -0.02302514 -0.813014 -5.104169 1.951019 2.003546 0.7297847 20.11819 nan 0 0.0 0.02363471815496694 5.168513610774088 0.0 0.0
-0.01043478 -0.006597428 -0.7729292 -3.729269 0.2885518 0.1967081 0.2661086 17.85942 nan 0 0.0 0.012345472443919835 3.808525544429713 0.0 0.0
-0.009670115 -0.01095376 -2.092601 -1.152388 0.5294238 0.3172608 0.3341253 18.34575 0.9403706 0 0.0 0.014611501711009207 2.388928012256753 0.0 0.0
0.007429031 -0.0007569382 0.3942947 -1.974915 0.5509532 0.5391397 0.5320955 17.82797 nan 0 0.0 0.007467493357049623 2.013891150899941 0.0 0.0
0.007683812 -0.001085016 -1.693585 -4.232687 0.5056203 0.4310101 0.479921 18.08747 nan 0 0.0 0.007760040371776425 4.558932922537247 0.0 0.0
0.009973154 -0.05585848 1.473363 -1.570135 0.7236899 0.512864 0.4155976 19.3101 0.7936039 0 0.0 0.056741815168516736 2.153165680572213 0.0 0.0
-0.0048581 0.003950509 4.441237 4.964308 1.30518 1.450665 0.9309103 18.21701 nan 0 0.0 0.006261601789405088 6.661001426890179 0.0 0.0
0.0128065 -0.01873599 0.9005523 -1.929312 1.904297 1.47072 0.65225 20.37755 0.5714684 0 0.0 0.02269457564111081 2.1291404928701367 0.0 0.0
0.01886513 -0.01241762 7.437117 3.387104 2.684728 2.517679 0.7412417 20.44606 0.9934254 0 0.0 0.022585181344884082 8.17209781993002 0.0 0.0
-0.01722839 -0.01279316 2.247826 -1.385503 2.274983 1.721679 0.4633335 20.4729 0.6410942 0 0.0 0.021458852829955754 2.640518943178594 0.0 0.0
-0.02071265 0.003085057 0.3591004 -3.19019 0.5785053 0.2013872 -0.1232979 17.69049 nan 0 0.0 0.020941142440558225 3.210337261625351 0.0 0.0
-0.01188007 0.0112972 -1.050744 -2.164822 1.114859 0.7921096 0.5412098 19.69351 0.8945694 0 0.0 0.016393986429325238 2.406349360591683 0.0 0.0
0.009126306 -0.02233106 0.3080748 -2.419874 0.6641922 0.5053418 0.3774568 19.32814 1.156771 0 0.0 0.024123965302769692 2.4394057182582483 0.0 0.0
0.02585579 -0.02108571 9.788925 7.57101 2.056264 1.779234 0.4973878 20.27396 0.3771038 0 0.0 0.03336358857689322 12.375105861192663 0.0 0.0
-0.001856732 -0.01935722 -0.4421888 -2.891287 0.2402792 0.1638696 0.3177891 17.76196 1.110096 0 0.0 0.01944606437941169 2.9249053747453853 0.0 0.0
-0.004262362 -0.03567082 -1.712297 -3.079635 1.029026 0.8256216 0.4465116 19.85137 0.782711 0 0.0 0.03592457556174386 3.523650486276129 0.0 0.0
-0.008056412 -0.01258253 -0.8037402 -2.377758 0.2433539 0.16623 0.1521424 17.53845 0.6445179 0 0.0 0.01494074414193095 2.509926575750781 0.0 0.0
-0.00182807 -0.04693938 3.463305 -2.008289 2.825585 2.240966 0.5554637 20.61229 1.12677 0 0.0 0.04697496391386906 4.003461780827438 0.0 0.0
0.02517617 -0.02254661 0.1740728 -2.578835 1.333167 1.024639 0.4865475 20.15217 0.8936615 0 0.0 0.033796289121159444 2.584703328609464 0.0 0.0
-0.01150652 -0.05638312 -2.923534 -4.662295 1.408357 1.086991 0.4650622 20.2682 0.8206978 0 0.0 0.05754525370041216 5.503094194739992 0.0 0.0
-0.01029338 -0.004457373 2.100333 -1.317365 0.7468244 0.5999393 0.1361993 18.87138 1.077656 0 0.0 0.011217033738271851 2.4792840204611495 0.0 0.0
-0.007094025 -0.01043481 5.926686 -1.215395 1.682216 1.053378 -0.05054103 18.69305 0.8322353 0 0.0 0.012617862356069867 6.050024127937094 0.0 0.0
-0.008793484 0.004377567 -2.758163 -2.866184 1.028699 0.6437656 0.5228098 18.8775 nan 0 0.0 0.009822853643302695 3.977747334412406 0.0 0.0
0.04229149 -0.05682381 2.501773 -5.601036 1.362681 1.119263 0.5633131 20.17113 1.557854 0 0.0 0.07083442319477304 6.134368135091421 0.0 0.0
-0.005620905 -0.03696405 -0.7950623 -3.373695 2.033986 1.438671 0.554564 20.45022 0.8106194 0 0.0 0.0373889765227871 3.466113387341258 0.0 0.0
0.0008889247 -0.04345846 3.69639 -0.744571 1.861379 1.522306 0.5217362 20.53724 0.6313419 0 0.0 0.04346755034153489 3.7706345627945703 0.0 0.0
-0.06679035 -0.0263862 -0.1577896 -2.814298 1.49492 1.242619 0.4734776 20.32523 0.818922 0 0.0 0.07181352521330853 2.81871793386145 0.0 0.0
-0.007631618 -0.01565143 -0.8812481 -2.833797 0.2109426 0.1200951 0.1862881 17.20857 1.156935 0 0.0 0.017412893336342012 2.96765962518659 0.0 0.0
-0.04033797 0.02170229 3.822431 -13.24925 1.062772 0.792049 0.48181 19.74259 1.798595 0 0.0 0.04580547145227304 13.789619440443634 0.0 0.0
-0.01329515 0.004926534 3.715568 2.556914 1.80609 1.98452 0.9102819 19.49817 nan 0 0.0 0.014178566598061174 4.510349738769711 0.0 0.0
0.01424819 -0.03858209 -2.046574 -3.442738 2.760824 2.390031 0.4066251 20.7607 0.8995075 0 0.0 0.041128926402766705 4.005110494620592 0.0 0.0
-0.01207815 0.009895285 -3.555439 -5.437196 1.65967 1.40295 0.662265 19.9197 nan 0 0.0 0.015614044083892071 6.496479571670875 0.0 0.0
0.009127037 -0.01093465 -0.06839213 -3.210949 0.6064465 0.4388877 0.3775659 17.57014 nan 0 0.0 0.014243222073037723 3.211677282051691 0.0 0.0
0.04526852 -0.03941255 1.362854 -8.846672 0.6148724 0.4343572 0.2999894 19.28154 1.230789 0 0.0 0.06002156279615602 8.951032147238664 0.0 0.0
-0.08251259 -0.004860473 9.178493 -10.57528 0.8904034 0.6945813 0.3341168 19.71269 0.9433002 0 0.0 0.08265562114152811 14.002902585873008 0.0 0.0
0.006775973 -0.04074065 2.724091 -1.460194 1.534454 1.296059 0.3010028 20.28108 0.9237537 0 0.0 0.041300295065764714 3.0907666191281735 0.0 0.0
0.0240156 -0.0224911 -0.8667093 -2.428367 2.324379 1.831693 0.5168011 20.54692 1.044212 0 0.0 0.03290286647953336 2.5784009186694554 0.0 0.0
0.03660787 -0.0387997 2.112872 -1.826194 1.403419 1.015652 0.444975 20.27783 1.535595 0 0.0 0.05334372377353216 2.7927070404931484 0.0 0.0
-0.005226162 0.004145046 -0.2950126 -2.371733 0.2008429 0.1237404 0.2533699 15.99563 1.268006 0 0.0 0.006670395459967873 2.3900104304056415 0.0 0.0
-0.0106328 -0.008485718 -0.8288868 -3.050138 0.2431633 0.1709221 0.3648258 17.68151 0.4512119 0 0.0 0.013603817325130618 3.1607586346094574 0.0 0.0
-0.07635742 -0.02696893 2.07654 -5.263223 0.9754098 0.7324336 0.3450651 19.7317 0.868288 0 0.0 0.08098011345016318 5.65805043449853 0.0 0.0
-0.009189128 -0.006839576 0.3716922 -3.988016 0.4397285 0.3085709 0.3024091 17.08349 1.18715 0 0.0 0.011455124323208369 4.005299827453226 0.0 0.0
0.005079126 -0.003331756 2.128111 -2.971225 0.435557 0.2588049 0.176863 17.14564 nan 0 0.0 0.006074382188125143 3.654727681913661 0.0 0.0
-0.00819693 -0.03036857 -0.838223 -2.365974 0.7259762 0.5330564 0.3570035 19.40833 0.8464451 0 0.0 0.03145536051724412 2.510069872813305 0.0 0.0
-0.003753866 0.001350826 -2.497251 -5.039994 1.054197 1.074323 0.9184892 17.11363 nan 0 0.0 0.003989516365204183 5.6247490679173415 0.0 0.0
-0.007972969 0.01390101 -0.7761203 -6.908025 3.343575 1.739866 0.5289838 20.34154 nan 0 0.0 0.01602517749340272 6.951487043841561 1.0 0.0
-0.01714029 -0.03905352 -0.4245454 -2.425769 0.3690279 0.2636383 0.388701 18.43208 1.116146 1 0.994924 0.04264934894783858 2.4626396484305535 0.0 0.0
-0.07788461 0.02236191 -1.084878 -2.768622 0.4349903 0.3159545 0.3699523 18.68934 1.272652 1 0.9672672 0.0810312747875794 2.9735884136457083 0.0 0.0
0.004653732 -0.02587088 -0.3657445 -2.952445 1.107707 0.7445505 0.3630898 19.95173 0.7591705 0 0.0 0.02628611141843205 2.9750126919570024 0.0 0.0
-0.0207344 -0.04193028 2.094923 -3.106438 2.508349 1.449449 0.2847594 20.39413 0.6210556 0 0.0 0.046776743412067494 3.7468199081051385 0.0 0.0
-0.004688104 0.0001701499 -0.9279979 -2.062803 0.295911 0.2023179 0.3178012 15.2854 1.375457 0 0.0 0.004691190691422169 2.2619319881935906 0.0 0.0
-0.008934349 -0.006707952 -0.698799 -3.458774 0.5003553 0.3273547 0.1868878 18.29419 nan 0 0.0 0.011172251880802946 3.5286594657854136 0.0 0.0
-0.04802243 0.05431938 1.566146 -4.068988 0.4500205 0.3200735 0.3771146 18.74322 1.32749 1 0.0 0.07250344010244825 4.359985852896773 0.0 0.0
-0.002083003 -0.0321479 1.76295 5.654848 2.300163 1.746675 0.4737703 20.20082 0.7274132 0 0.0 0.03221531275508604 5.9232844440904575 0.0 0.0
-0.01094463 -0.002969689 -0.3827029 -2.96469 0.1273965 0.08752168 0.3429683 16.62822 1.296729 0 0.0 0.011340369420509236 2.989288929790563 0.0 0.0
-0.04780958 0.0107785 -0.6562832 -2.721236 0.32866 0.2159677 0.2608913 18.1289 0.2602901 0 0.0 0.04900950930203647 2.7992557950816574 0.0 0.0
0.01317465 -0.0170957 0.4150952 -3.753588 2.362289 2.502683 0.7669912 20.26139 nan 0 0.0 0.021583196267293218 3.7764701638973714 0.0 0.0
-0.04880274 0.01719449 0.04776619 -2.251323 0.8922588 0.7423272 0.4589516 19.40081 1.143618 0 0.0 0.051743191995350456 2.251829669232581 0.0 0.0
-0.006839451 -0.006114651 -0.7875561 -1.567362 0.3959502 0.273753 0.3095265 15.35261 1.487281 0 0.0 0.009174260015565396 1.7541004103788387 0.0 0.0
-0.003102586 -0.004069843 -3.081246 -5.825357 0.7596356 0.5925577 0.5073828 17.08105 0.9444847 0 0.0 0.005117583602838843 6.590057745571355 0.0 0.0
-0.06897459 -0.01670935 -7.381857 -8.648451 0.2048725 0.145551 0.3154901 17.5042 1.271814 1 0.0 0.07096968679014021 11.370466897531077 0.0 0.0
-0.04124426 0.02237724 1.801075 -0.7702669 2.026497 1.598585 0.5861442 20.43124 0.8472767 0 0.0 0.04692365984197311 1.9588726995036227 0.0 0.0
-0.03552321 0.01716409 -0.3483251 -2.910606 0.3143883 0.2232442 0.3020699 18.20046 1.239038 1 0.9972339 0.03945255928621361 2.931374705240872 0.0 0.0
-0.0005263834 0.006140227 0.3067289 -2.931419 0.4424837 0.2916847 0.2832222 17.4634 0.9142036 0 0.0 0.0061627483394443875 2.94742259807721 0.0 0.0
-0.01320863 -0.01206793 2.795343 -4.349848 1.852084 1.229055 -0.05441555 19.82532 0.9161854 0 0.0 0.017891418081353975 5.170601523106668 0.0 0.0
-0.01148205 -0.008932104 0.0190958 -3.48199 0.5367169 0.3596925 0.2344928 18.35638 1.000256 0 0.0 0.014547163093514694 3.4820423618442153 0.0 0.0
-0.03196351 -0.0734837 -2.918464 -5.569714 1.09458 0.8463859 0.39938 19.94311 1.210405 0 0.0 0.08013438798175287 6.288016075129898 0.0 0.0
0.006494804 4.41939e-05 1.846753 -0.1791713 0.8821373 0.6760525 0.5234914 17.69081 nan 0 0.0 0.006494954356976899 1.8554242096492894 0.0 0.0
0.03895744 -0.03739843 -0.1911209 -3.15902 0.3682947 0.2446902 0.2590068 18.39399 1.150585 1 0.9736977 0.05400300637759439 3.164796132267734 0.0 0.0
-0.07057764 -0.03784928 -0.238159 -2.517917 0.6353009 0.4988873 0.1436731 19.12305 1.064287 1 0.9545627 0.08008602415208287 2.5291551411825255 0.0 0.0
-0.003130146 -0.03813509 -2.850139 -3.497438 0.7944162 0.5743292 0.3783263 19.48887 0.9445267 0 0.0 0.038263336280170555 4.511692019981528 0.0 0.0
0.02517525 -0.02769264 -0.3181264 -4.112491 1.781803 1.255006 0.5313899 20.42926 0.8557281 0 0.0 0.03742559983129328 4.1247771614304165 0.0 0.0
0.02358989 -0.02921634 -3.006936 -5.244604 1.140419 0.7932445 0.4321331 19.87799 0.7182064 0 0.0 0.03755099776580777 6.045455749975513 0.0 0.0
-0.0322126 0.02685993 -3.676037 -3.230237 2.484568 1.793336 0.1800811 20.74343 0.7901821 0 0.0 0.041941714776161695 4.893636592712826 0.0 0.0
-0.03260813 0.022904 -0.5395514 -2.570285 0.2448165 0.1626259 0.3037206 17.69495 0.4841003 1 0.998113 0.03984825414114024 2.6263055219199005 0.0 0.0
-0.06386475 0.01422642 -2.386639 -2.711254 3.176675 2.630398 0.4288268 20.74452 1.306561 0 0.0 0.06543009489966295 3.61205536624745 0.0 0.0
