jas1101finalproject/data/gcs/NGC_5053.ecsv
# %ECSV 0.9
# ---
# datatype:
# - {name: x, unit: deg, datatype: float64}
# - {name: y, unit: deg, datatype: float64}
# - {name: pmx, unit: mas / yr, datatype: float64}
# - {name: pmy, unit: mas / yr, datatype: float64}
# - {name: pmx_e, unit: mas / yr, datatype: float64}
# - {name: pmy_e, unit: mas / yr, datatype: float64}
# - {name: pm_corr, datatype: float64}
# - {name: g_mag, unit: mag, datatype: float64}
# - {name: bp_rp, unit: mag, datatype: float64}
# - {name: filter, datatype: int64}
# - {name: memberprob, datatype: float64}
# - {name: r, unit: deg, datatype: float64}
# - {name: pm, unit: mas / yr, datatype: float64}
# - {name: member_prob_GMM, datatype: float64}
# meta: !!omap
# - comments: [deg deg mas/yr mas/yr mas/yr mas/yr dimless mag   mag   zeroone float]
# - __serialized_columns__:
#     bp_rp:
#       __class__: astropy.units.quantity.Quantity
#       unit: &id001 !astropy.units.Unit {unit: mag}
#       value: !astropy.table.SerializedColumn {name: bp_rp}
#     g_mag:
#       __class__: astropy.units.quantity.Quantity
#       unit: *id001
#       value: !astropy.table.SerializedColumn {name: g_mag}
#     pm:
#       __class__: astropy.units.quantity.Quantity
#       unit: !astropy.units.Unit {unit: mas / yr}
#       value: !astropy.table.SerializedColumn {name: pm}
#     pmx:
#       __class__: astropy.units.quantity.Quantity
#       unit: !astropy.units.Unit {unit: mas / yr}
#       value: !astropy.table.SerializedColumn {name: pmx}
#     pmx_e:
#       __class__: astropy.units.quantity.Quantity
#       unit: !astropy.units.Unit {unit: mas / yr}
#       value: !astropy.table.SerializedColumn {name: pmx_e}
#     pmy:
#       __class__: astropy.units.quantity.Quantity
#       unit: !astropy.units.Unit {unit: mas / yr}
#       value: !astropy.table.SerializedColumn {name: pmy}
#     pmy_e:
#       __class__: astropy.units.quantity.Quantity
#       unit: !astropy.units.Unit {unit: mas / yr}
#       value: !astropy.table.SerializedColumn {name: pmy_e}
#     r:
#       __class__: astropy.units.quantity.Quantity
#       unit: &id002 !astropy.units.Unit {unit: deg}
#       value: !astropy.table.SerializedColumn {name: r}
#     x:
#       __class__: astropy.units.quantity.Quantity
#       unit: *id002
#       value: !astropy.table.SerializedColumn {name: x}
#     y:
#       __class__: astropy.units.quantity.Quantity
#       unit: *id002
#       value: !astropy.table.SerializedColumn {name: y}
# schema: astropy-2.0
x y pmx pmy pmx_e pmy_e pm_corr g_mag bp_rp filter memberprob r pm member_prob_GMM
[from data line 563]
0.08111029 0.00572233 -0.03550727 -2.267102 1.584887 1.090324 -0.2822514 20.4357 0.05181694 0 0.0 0.08131189460658877 2.2673800397434154 0.0
-0.005001403 -0.01440319 -1.687649 -0.08089474 1.985487 1.608439 -0.3665537 20.57073 0.2513943 0 0.0 0.015246832921774573 1.6895866672534638 0.0
0.05854526 0.02163991 1.789225 -1.565541 1.1653 0.8303416 -0.2912757 20.08783 0.5626278 0 0.0 0.062416609754741566 2.377444999007548 0.0
0.02438957 0.01559336 -0.5502515 -1.581437 1.734604 0.8521074 -0.2224494 20.0831 nan 0 0.0 0.02894829875613591 1.6744311566084913 0.0
0.04099992 0.0302658 0.6131528 -2.445447 1.136834 0.8563504 -0.3687509 19.95779 0.4229927 0 0.0 0.050960887842014684 2.5211440629120823 0.0
0.02630816 0.01592742 0.3629934 -0.3320618 1.715492 1.314216 -0.2187097 20.57733 nan 0 0.0 0.030753893906983555 0.49196468111318725 0.0
0.004377364 -0.09706956 -0.3272634 -1.564847 1.642815 1.141743 -0.4072568 20.36289 0.3019753 0 0.0 0.09716820876285667 1.5987018065882581 0.0
0.0364379 0.02213379 1.583495 -1.116323 1.200666 0.8786171 -0.3497692 20.06388 0.6258354 0 0.0 0.04263361603446393 1.9374296001026723 0.0
0.05339835 0.0271391 1.526696 -1.485267 0.9757177 0.6672585 -0.2874187 19.80968 0.4095669 0 0.0 0.059899203095971985 2.129980924258478 0.0
0.03809692 0.0124181 -0.238347 -1.224384 0.5053723 0.352697 -0.3132768 18.84559 0.8399963 1 0.9999348 0.040069745707907854 1.2473674165477466 0.0
0.03302221 0.02243068 -0.2316947 -1.149736 0.7989965 0.5247134 -0.3307851 19.45486 0.5781422 0 0.0 0.039919941865520045 1.172849224625267 0.0
0.1228991 -0.09776571 -20.23257 -5.781956 2.01429 1.280464 -0.2726846 20.39314 1.917921 0 0.0 0.15704242367148472 21.04252608388156 0.0
0.007457003 -0.006554368 0.1832766 -1.162628 0.5065239 0.3679141 -0.3936184 18.67963 0.7655067 0 0.0 0.009928073006451606 1.1769852074225742 0.0
0.08908383 0.01922442 -2.03567 0.9155293 1.553805 1.20834 -0.2590388 20.46348 0.7975197 0 0.0 0.09113455487248127 2.2320721870178146 0.0
0.02914131 0.0233627 -0.3099001 -0.9180277 0.6931614 0.4619235 -0.3271416 19.26605 0.6988564 1 0.9998686 0.03735012315650512 0.9689235934516716 0.0
0.06686662 0.001461165 -2.28728 -0.4228731 1.618506 1.123559 -0.4106574 20.40873 0.06295204 0 0.0 0.06688258273557941 2.326042015334979 0.0
-0.04629435 -0.09486257 -2.711576 -2.330528 2.734962 2.966451 -0.4809902 20.79407 0.397438 0 0.0 0.10555602317692438 3.5754727187548223 0.0
0.05653852 0.02467386 -0.5951542 -1.334778 0.3224245 0.2216056 -0.2933919 18.07296 0.8926105 1 0.9999278 0.06168795353300351 1.461451617762846 0.0
0.004578852 -0.01321493 -1.174721 -1.38365 1.197753 0.8430502 -0.3658723 20.08684 nan 0 0.0 0.013985716304244271 1.8150638419463376 0.0
0.04455156 0.008742219 1.968916 -1.779101 1.466554 1.006634 -0.2962435 20.37464 0.4951706 0 0.0 0.04540118821658262 2.6536447733743493 0.0
0.02120671 0.01270714 -4.724761 -0.09753251 1.708014 1.131131 -0.3338248 20.49958 0.6448288 0 0.0 0.02472237763654014 4.7257675670337305 0.0
0.004099459 -0.02835165 1.46731 -0.8208104 1.389527 0.9937891 -0.4398986 20.13689 0.4965763 0 0.0 0.028646494058002646 1.6812877055543347 0.0
0.07716385 0.02244422 0.5751976 -1.634604 0.9722226 0.6801039 -0.2776909 19.86123 0.6997795 1 0.9989021 0.08036169957281206 1.7328538645430434 0.0
0.02296557 0.01211035 -2.919903 -2.235281 0.8507933 0.597889 -0.3210996 19.62819 0.4576931 0 0.0 0.02596301181580057 3.677270003463167 0.0
-0.05370589 -0.07487151 -0.5731429 -0.4634286 1.521687 1.02891 -0.4560661 20.23355 0.5443764 1 0.9972636 0.09214155213785039 0.7370609548187789 0.0
-0.01280871 -0.02298015 -0.6928557 1.007704 1.688039 1.190846 -0.389538 20.42834 0.5031052 0 0.0 0.02630875036725614 1.2229130683080012 0.0
0.02071268 0.01111635 -0.07602353 -2.647792 1.572072 1.152988 -0.2720933 20.45615 0.7036324 0 0.0 0.02350719783608629 2.6488831707679488 0.0
0.03476792 0.01440298 0.406193 -1.321576 3.69069 1.937818 -0.1588267 20.79683 0.6531582 0 0.0 0.037633151529028235 1.382590278074094 0.0
0.02740476 -0.02641174 -1.843173 -0.6462413 0.8168614 0.589045 -0.3306755 19.54816 0.5637608 0 0.0 0.0380604897562446 1.9531806178013056 0.0
0.02196255 0.01268815 -1.818604 4.924414 2.825537 2.452148 -0.6428297 20.59695 nan 0 0.0 0.025364202193741477 5.249492713797401 0.0
0.04238075 0.02986749 -0.9713396 -1.715943 0.7897538 0.598204 -0.3752692 19.46613 0.5774078 0 0.0 0.051847805445000276 1.9717913169950718 0.0
0.01241522 -0.02260443 -0.02129424 -1.432892 1.160229 0.6923062 -0.2824247 19.80684 0.5487118 0 0.0 0.02578949288515189 1.4330502183528593 0.0
0.04150756 0.03481876 -1.979883 -1.002377 1.590582 1.196953 -0.3579297 20.46459 0.6141205 0 0.0 0.05417770376355203 2.219165686427672 0.0
0.1371628 -0.07299612 -1.672971 -0.3809835 1.460352 1.031405 -0.1809609 20.40491 0.6968918 1 0.9799439 0.15537717734240894 1.7158031338452702 0.0
-0.003243341 -0.06927001 3.95104 -3.997324 2.664744 1.815605 -0.4502553 20.67821 0.3909111 0 0.0 0.06934589783283782 5.620437371110543 0.0
0.02700603 0.01474687 -0.006275034 -1.474983 0.659692 0.4537401 -0.3199519 19.25607 0.7391338 0 0.0 0.030770047630086634 1.4749963479075807 0.0
0.109066 0.02464087 -1.075094 -2.299858 1.313639 0.9233773 -0.232344 20.22016 0.5453892 0 0.0 0.11181486855672147 2.5387347102444555 0.0
0.06086363 -3.633224e-05 -0.377946 -1.911135 0.7768999 0.5712759 -0.3241358 19.56936 0.7456131 1 0.9994196 0.06086364084417366 1.948147881230016 0.0
0.1591502 0.02617365 -0.5166004 -2.108662 1.013491 0.730724 -0.1909357 19.98965 0.5908432 1 0.9857584 0.16128808422931465 2.17102082061047 0.0
0.009161002 -0.0688807 -0.769221 0.2165624 1.762186 1.491436 -0.3782452 20.53502 0.5501308 0 0.0 0.06948722753236025 0.7991246585700882 0.0
0.02638078 0.01631653 -2.447797 -0.5636792 1.008167 0.6944316 -0.3093524 19.71476 0.5041809 0 0.0 0.031018941062668465 2.5118607432980116 0.0
0.006981749 -0.1218802 -1.561822 -4.207816 3.054473 2.185971 -0.03664494 20.70785 0.4005184 0 0.0 0.1220800064348745 4.488318554819833 0.0
0.1323937 0.02465275 0.5439707 -1.432776 1.47861 1.101982 -0.1867677 20.4732 0.5341759 1 0.9913172 0.1346694096008908 1.5325636001923346 0.0
-0.01878708 -0.0529536 -0.361877 -1.189082 0.06684806 0.05133655 -0.3415035 14.98361 1.179031 1 0.9999958 0.056187526443921706 1.2429283832357356 0.0
0.1233522 0.005202791 0.4374655 -1.448776 0.6096951 0.4344104 -0.2034922 19.22667 0.8218536 1 0.99806 0.12346187378713187 1.5133829528134146 0.0
0.05216854 0.007884057 -0.4111037 -1.257949 0.3912026 0.2920111 -0.3947273 18.35164 0.9209938 1 0.9999425 0.05276092228639345 1.3234205449344851 0.0
0.03995504 0.02322554 -4.725413 2.502315 2.994328 3.112213 -0.637066 20.77008 nan 0 0.0 0.046215050900039044 5.347065398870113 0.0
0.04520813 -0.001015612 -1.659113 -0.4833148 1.324475 0.9247049 -0.3117699 20.21383 0.4021358 0 0.0 0.04521953655038322 1.7280767178189862 0.0
0.02453832 -0.009265096 3.614395 0.6620843 3.202091 2.42791 -0.5946988 20.67893 0.6192627 0 0.0 0.02622920418753905 3.6745349142893566 0.0
0.03845778 0.02419224 -2.150443 -0.5321243 3.257383 1.50996 0.02244146 20.81383 nan 0 0.0 0.04543418667419941 2.21530164241791 0.0
0.02312781 -0.006137231 1.528091 -1.209442 1.491176 1.026345 -0.4089943 20.28944 0.5911446 0 0.0 0.02392825107991516 1.948797592271963 0.0
-0.06209366 -0.06545987 -0.4799778 -2.274894 1.235739 0.836126 -0.4757314 20.06529 0.6895618 0 0.0 0.09022536889707075 2.3249777202650437 0.0
0.04012737 0.03253916 1.230575 -2.107448 1.635231 1.249679 -0.3572137 20.49721 0.6056118 0 0.0 0.051662392091564056 2.440420435771058 0.0
-0.04673496 -0.0552831 0.3786466 -1.32202 1.289255 0.9399149 -0.3742482 20.0984 0.5343113 1 0.9988637 0.07239045262886261 1.3751763988999957 0.0
-0.02821116 -0.06375749 0.806451 -1.155003 2.004489 1.524185 -0.3814512 20.62297 0.5119553 0 0.0 0.06972006224642732 1.4086856091442121 0.0
0.04167063 0.0210382 -0.3709737 -1.930137 1.543923 1.046737 -0.2917576 20.39107 0.7182541 1 0.9990897 0.04668026632140074 1.9654644043738594 0.0
0.04149899 0.009046664 -2.933859 1.649851 1.531191 1.079935 -0.3300542 20.41633 0.5305862 0 0.0 0.042473618877474945 3.365937752556039 0.0
0.0249751 -0.014083 -1.336767 1.612873 1.816518 1.414738 -0.268544 20.59374 0.6458435 0 0.0 0.028672051008081022 2.094828233153735 0.0
0.02211059 -0.009089935 0.01170348 -2.571981 1.630466 1.307743 -0.4046889 20.5208 0.5066452 0 0.0 0.023906173019793968 2.5720076274780195 0.0
-0.03189053 -0.06567186 -0.9213071 -1.247825 1.035248 0.7454159 -0.4012044 19.79479 0.5955238 1 0.9991616 0.0730054730793555 1.5510880062509058 0.0
0.06314227 0.01015351 0.3542893 -1.732338 1.033157 0.7400057 -0.2947503 19.92588 0.6785297 1 0.9992917 0.06395342075349059 1.7681956493381863 0.0
0.008405141 -0.07582539 1.581305 -2.977691 3.124021 3.242158 -0.4790662 20.84759 0.8448963 0 0.0 0.07628981690816922 3.371523275094805 0.0
-0.03016208 -0.07778381 -0.534332 -2.529248 1.549025 1.115897 -0.4360917 20.34829 0.7115097 0 0.0 0.08342704698143462 2.5850737188188657 0.0
0.04844674 0.01022715 -1.492361 -2.495371 1.300598 0.9843766 -0.3638806 20.2023 0.5302315 0 0.0 0.049514454594088986 2.9075793681277213 0.0
0.01157177 -0.01901104 -0.4551709 -0.9441838 1.390763 1.002716 -0.3914612 20.27782 0.3709831 1 0.999678 0.022255909390867405 1.0481715491222083 0.0
0.02568403 0.009760867 0.8836219 -1.329904 0.7063264 0.476237 -0.3253705 19.33461 0.7094498 0 0.0 0.027476242858742332 1.5966941821700267 0.0
-0.01279409 -0.02179187 0.1153923 -1.428717 1.841931 1.343378 -0.4001628 20.54032 0.7879162 0 0.0 0.02527002843340308 1.4333693344662743 0.0
0.01535446 -0.05204222 -2.928182 -2.077569 1.502186 1.058108 -0.4244942 20.27826 0.2521629 0 0.0 0.054260041507724635 3.590340203223784 0.0
0.04124529 -0.02552981 -0.2657415 -1.614574 0.2154187 0.1581533 -0.346374 17.50885 0.9408169 1 0.99986 0.048507165922368624 1.6362969615257037 0.0
0.02353293 0.008476927 3.774511 1.646422 2.063637 1.555215 -0.1816552 20.72203 0.5123253 0 0.0 0.025013138262685655 4.117965358184184 0.0
0.02331916 -0.02442868 0.4265602 -2.076406 1.565259 1.181895 -0.4150457 20.40407 0.4707966 0 0.0 0.033771935533042814 2.119767789419407 0.0
0.05666998 0.0226235 -2.415076 -1.646987 2.504211 2.844088 -0.489428 20.79236 0.6819229 0 0.0 0.06101892645278512 2.923210266803433 0.0
0.02587729 -0.02002808 -0.8786504 -1.26977 0.3904486 0.2482744 -0.2765328 18.24328 0.9759712 1 0.9999292 0.03272244071322462 1.5441315935891475 0.0
0.04908927 -0.0006102351 -0.7776986 -0.9524375 1.198252 0.7627512 -0.2202603 19.94016 0.5663795 0 0.0 0.04909306280942524 1.2296146973130282 0.0
0.04331732 0.003389897 -0.1836054 -1.187738 0.8914813 0.6224473 -0.306579 19.69872 0.599741 0 0.0 0.043449759650117846 1.2018454557692348 0.0
0.02556954 -0.002802854 -0.4855597 -1.105975 2.602271 2.102129 -0.2381425 20.86871 0.5731983 0 0.0 0.025722701381404638 1.2078695802482526 0.0
0.03844768 0.00348797 0.2665583 -0.1332173 1.155139 0.8137824 -0.3121079 20.07061 0.5614643 0 0.0 0.0386055699621609 0.29799358435741535 0.0
0.02205614 -0.03924512 -3.164448 -4.482247 3.54148 1.721997 -0.1692108 20.70735 0.5556278 0 0.0 0.04501836020463207 5.48673576124393 0.0
0.01334501 -0.01371421 -1.856973 -0.8176506 0.9483088 0.6848426 -0.4213586 19.68142 0.5709419 0 0.0 0.01913553886944917 2.0290148413477316 0.0
0.01382381 -0.001522405 -1.876729 1.704195 4.173418 2.078711 -0.2446676 20.86135 nan 0 0.0 0.013907387961084748 2.5350330052024965 0.0
0.03122026 0.02043527 0.4174002 -2.143705 1.426067 0.9620636 -0.3219973 20.29889 0.8415661 1 0.9993194 0.037313602003029675 2.1839629241324223 0.0
0.08289901 0.003983645 -0.4268501 -0.8531166 0.7006521 0.521899 -0.2718885 19.44593 0.6942921 1 0.999439 0.0829946702292751 0.953943887797165 0.0
0.02007477 -0.003659952 0.2472279 -2.335583 1.514967 1.105372 -0.3159679 20.37929 0.4647102 0 0.0 0.020405676641444753 2.3486314279655316 0.0
0.03566252 -0.02561684 -0.6129299 -1.092772 0.3434382 0.2477969 -0.3413971 18.28702 0.8520126 1 0.999954 0.0439094275109116 1.2529300484456467 0.0
0.0516028 0.0038365 -0.206056 -0.9673748 1.447952 1.053239 -0.2435796 20.34856 0.7365799 1 0.9992525 0.05174521910370078 0.9890768821537788 0.0
0.00251442 -0.00576677 -3.537052 -2.224716 1.172359 0.8089401 -0.1603873 19.84044 0.5043373 0 0.0 0.0062911003941520435 4.178528225507158 0.0
0.05340516 0.004260458 -1.091917 -0.4538064 0.9990657 0.7563302 -0.3308542 19.84168 0.6154232 0 0.0 0.05357483193623069 1.1824647916830167 0.0
0.004171759 -0.0113896 -1.2957 -0.8231203 0.5388478 0.3693002 -0.5380813 18.57794 0.7743168 1 0.9998619 0.012129573830686757 1.535045770741736 0.0
0.01882278 0.01380741 -7.855759 -3.109015 2.185962 1.580239 -0.3767979 20.70332 0.6780224 0 0.0 0.02334398461780893 8.448604839635122 0.0
-0.001803082 -0.009684473 -0.09248005 -2.30635 1.654826 0.848274 -0.2158403 19.91947 0.5334091 0 0.0 0.009850894476465222 2.3082033883841353 0.0
0.06959809 0.004958373 0.2601862 -2.117336 1.1985 0.8840816 -0.2585451 20.17746 0.4636021 1 0.9985626 0.0697744910010473 2.133262430074284 0.0
0.01120754 -0.006468342 -0.6061508 -1.344336 0.1341661 0.09607117 -0.2805475 16.41072 0.9291525 1 0.9999699 0.012940185511829573 1.4746721917892938 0.0
0.03703729 0.005368319 -1.0121 -0.154677 1.216932 0.9001689 -0.3080022 20.13863 0.6175385 0 0.0 0.03742431962547697 1.023851251075565 0.0
-0.001657877 -0.027913 2.853474 -1.939911 1.566441 0.9729379 -0.3153172 20.10683 0.26651 0 0.0 0.027962190993323987 3.4504446896881276 0.0
0.02699583 -0.01407508 3.827657 -2.354555 2.678452 2.21197 -0.3544815 20.89762 0.5756207 0 0.0 0.030444748552013037 4.4938722008613015 0.0
0.02856677 -0.01966527 0.8671412 -3.766258 2.118818 1.490587 -0.4119472 20.61674 0.5126743 0 0.0 0.03468116480751187 3.8647940673859247 0.0
0.03457976 0.01025255 -1.723683 1.27488 1.714637 1.184563 -0.3335752 20.50889 0.3862991 0 0.0 0.03606763900174366 2.143922129856633 0.0
0.04208119 0.005769974 -0.06668211 -1.284941 0.1599562 0.1098921 -0.3262671 16.66428 0.2393761 1 0.9999733 0.04247492379954055 1.286670073202549 0.0
0.01357653 0.0006118995 0.4552583 -0.6272394 1.467681 0.9976921 -0.3144028 20.30924 0.3717003 0 0.0 0.013590312278936059 0.7750415373586438 0.0
0.1250595 0.09975122 5.466481 -11.25435 0.4177778 0.2850929 -0.2293767 18.64445 1.819885 1 0.0 0.159969323408391 12.511706855815516 0.0
0.07097791 0.007764623 -1.846704 -0.9522403 1.129042 0.8208051 -0.3142327 20.07495 0.6163692 1 0.9981598 0.0714013520761353 2.0777577463602657 0.0
0.03743518 -0.0206402 -0.3794753 -1.322411 0.07589336 0.05758932 -0.3789901 15.3947 1.059803 1 0.9999963 0.04274822285981489 1.3757806352144553 0.0
0.04753768 0.03983277 1.947526 -0.5780283 1.48274 1.133107 -0.3594444 20.38031 0.6725101 0 0.0 0.06202000149673733 2.031495566393609 0.0
0.01283512 0.00130612 -4.256054 1.483992 1.986176 1.427961 -0.2690617 20.52358 0.007720947 0 0.0 0.01290140515094383 4.50735264950281 1.0
0.01037985 -0.02242146 4.56357 -2.243683 1.760413 1.077894 -0.1934436 20.31323 0.7127056 0 0.0 0.024707552581227064 5.08530083174919 0.0
0.01696492 -0.01434524 -0.5166186 -0.7597087 1.639804 1.287167 -0.4080849 20.48649 0.367136 0 0.0 0.022216984972403438 0.9187230740117776 0.0
0.05091592 0.01683488 4.435035 -1.46227 4.560072 2.255662 -0.06456774 20.92203 0.58284 0 0.0 0.05362689711386256 4.669878906794587 0.0
-0.01228492 -0.01694915 -0.2981169 -2.268993 1.050437 0.7546195 -0.3599778 19.86905 0.3781853 0 0.0 0.020933058666351173 2.288493591888474 0.0
0.02904578 -0.01505704 1.014453 -1.483686 0.9685992 0.6928576 -0.431507 19.64421 0.5829716 0 0.0 0.03271653694036091 1.7973422144391424 0.0
0.1348226 -0.03559479 3.654044 -2.124645 2.275752 1.788025 -0.3451407 20.70782 0.4434204 0 0.0 0.13944218352386803 4.226837343683927 0.0
0.01686128 0.005647578 -0.6620764 -0.8314526 1.211406 0.8302785 -0.4207934 20.02959 nan 0 0.0 0.017781954349971884 1.0628539812616407 0.0
0.002252878 -0.01552477 -0.07727016 -1.289688 0.4413274 0.3421499 -0.3116896 18.61028 0.8485756 0 0.0 0.015687381643721937 1.2920007023877447 0.0
