jas1101finalproject/data/gcs/NGC_4147.ecsv
# %ECSV 0.9
# ---
# datatype:
# - {name: x, unit: deg, datatype: float64}
# - {name: y, unit: deg, datatype: float64}
# - {name: pmx, unit: mas / yr, datatype: float64}
# - {name: pmy, unit: mas / yr, datatype: float64}
# - {name: pmx_e, unit: mas / yr, datatype: float64}
# - {name: pmy_e, unit: mas / yr, datatype: float64}
# - {name: pm_corr, datatype: float64}
# - {name: g_mag, unit: mag, datatype: float64}
# - {name: bp_rp, unit: mag, datatype: float64}
# - {name: filter, datatype: int64}
# - {name: memberprob, datatype: float64}
# - {name: r, unit: deg, datatype: float64}
# - {name: pm, unit: mas / yr, datatype: float64}
# - {name: member_prob_GMM, datatype: float64}
# meta: !!omap
# - comments: [deg deg mas/yr mas/yr mas/yr mas/yr dimless mag   mag   zeroone float]
# - __serialized_columns__:
#     bp_rp:
#       __class__: astropy.units.quantity.Quantity
#       unit: &id001 !astropy.units.Unit {unit: mag}
#       value: !astropy.table.SerializedColumn {name: bp_rp}
#     g_mag:
#       __class__: astropy.units.quantity.Quantity
#       unit: *id001
#       value: !astropy.table.SerializedColumn {name: g_mag}
#     pm:
#       __class__: astropy.units.quantity.Quantity
#       unit: !astropy.units.Unit {unit: mas / yr}
#       value: !astropy.table.SerializedColumn {name: pm}
#     pmx:
#       __class__: astropy.units.quantity.Quantity
#       unit: !astropy.units.Unit {unit: mas / yr}
#       value: !astropy.table.SerializedColumn {name: pmx}
#     pmx_e:
#       __class__: astropy.units.quantity.Quantity
#       unit: !astropy.units.Unit {unit: mas / yr}
#       value: !astropy.table.SerializedColumn {name: pmx_e}
#     pmy:
#       __class__: astropy.units.quantity.Quantity
#       unit: !astropy.units.Unit {unit: mas / yr}
#       value: !astropy.table.SerializedColumn {name: pmy}
#     pmy_e:
#       __class__: astropy.units.quantity.Quantity
#       unit: !astropy.units.Unit {unit: mas / yr}
#       value: !astropy.table.SerializedColumn {name: pmy_e}
#     r:
#       __class__: astropy.units.quantity.Quantity
#       unit: &id002 !astropy.units.Unit {unit: deg}
#       value: !astropy.table.SerializedColumn {name: r}
#     x:
#       __class__: astropy.units.quantity.Quantity
#       unit: *id002
#       value: !astropy.table.SerializedColumn {name: x}
#     y:
#       __class__: astropy.units.quantity.Quantity
#       unit: *id002
#       value: !astropy.table.SerializedColumn {name: y}
# schema: astropy-2.0
x y pmx pmy pmx_e pmy_e pm_corr g_mag bp_rp filter memberprob r pm member_prob_GMM
[from data line 680]
0.0149001 0.01705107 -3.085862 -0.6840057 2.827342 2.377887 -0.5031556 20.62482 0.7617645 0 0.0 0.02264402720707825 3.1607606807027464 0.0
0.002127119 0.0326411 -1.880764 -2.8715 1.656982 0.6566446 -0.1052467 19.89585 0.7280655 1 0.9977991 0.03271033543775057 3.4326062217644484 0.0
0.02514501 -0.00690212 -0.7534832 -2.660083 1.171712 0.8179951 -0.3094637 19.98372 0.5059776 0 0.0 0.026075099010253056 2.7647384143117844 0.0
0.001187201 -0.001214345 -3.590212 8.520372 1.453253 0.9948679 -0.2906874 18.16819 nan 0 0.0 0.0016982579290043076 9.24588347446192 0.0
-0.008739703 -0.05408201 -1.710972 -3.242166 1.523441 0.772792 -0.05606284 20.08507 0.6432362 1 0.9886425 0.05478363089617472 3.665933108546854 0.0
-0.0104018 -0.01952267 -2.474717 -2.420476 1.47069 0.7523604 -0.08195951 20.11117 0.5376854 0 0.0 0.022120851863544944 3.4616366500060343 0.0
0.0006808705 -0.002843224 -2.824356 -3.05113 0.1898016 0.1312452 -0.287871 15.17495 1.143622 0 0.0 0.0029236120385485913 4.157689393357325 0.0
0.0110375 0.02311042 4.183187 -2.539561 3.123593 1.006074 0.01677896 20.3733 0.07501411 0 0.0 0.025610894533897092 4.893712654998248 0.0
-0.02501405 -0.01438276 -3.409464 -2.287531 1.851123 0.9666143 -0.04879177 20.38019 0.4702301 1 0.9977598 0.02885422815845366 4.105757280119832 0.0
-0.003904958 0.005064687 -1.952753 -1.938009 0.07612784 0.04763923 -0.2363994 15.4412 1.178204 1 0.9993821 0.0063952913451799055 2.7512039479271615 0.0
0.03764466 -0.006680477 -4.501864 -5.497694 2.969392 1.635225 -0.1322488 20.7763 0.1306419 0 0.0 0.03823282881847914 7.105731404446132 0.0
0.01067808 -0.01201724 0.5586449 0.7745594 3.996438 1.462515 -0.04596294 20.76168 nan 0 0.0 0.016075927646764278 0.9550007269234773 0.0
0.008203624 -0.00203622 -5.947517 -0.05342164 2.434345 1.701122 -0.3659014 20.47376 nan 0 0.0 0.008452552195743958 5.947756916427343 0.0
-0.02307126 0.01587515 -1.215325 -1.752932 1.346053 0.5750052 -0.03537126 19.74587 0.7873878 1 0.9993832 0.028005417788529777 2.1330226094087705 0.0
0.01397605 -0.003910769 -1.99305 -1.180762 2.193414 1.467035 -0.2806934 20.60964 nan 0 0.0 0.01451289384560712 2.31655934591454 0.0
0.009143721 0.002585334 1.093491 -1.95663 0.7890085 0.3880067 -0.1773732 19.07003 0.6564713 0 0.0 0.009502188464632608 2.241455670759741 0.0
-0.002602983 0.006006892 -1.209454 -2.494637 0.3067986 0.2052982 -0.2478535 18.05171 0.8608589 0 0.0 0.006546622946065628 2.772362303142394 0.0
-0.02278495 -0.006599182 -1.488812 -1.251296 2.098003 1.019199 -0.06970912 20.50641 0.6552887 0 0.0 0.02372136483366048 1.9448143487130076 0.0
0.01277344 0.02073971 -2.315046 -1.64334 1.711504 0.6797837 -0.1123592 19.98765 0.1839066 1 0.9991973 0.024357675182941827 2.8390146772632225 0.0
-0.008592405 -0.002606498 -1.308816 -3.605805 0.5022586 0.4995832 -0.4338694 18.69273 0.7878494 0 0.0 0.008979045356162814 3.83599126952617 0.0
-0.01228004 0.01718247 -4.752373 -2.364915 2.31096 0.9601533 0.1044593 20.39364 0.7681828 1 0.9973534 0.021119579960370897 5.308283346653041 0.0
0.0135565 -0.003849767 -11.00486 -0.009171446 3.175708 1.478365 -0.1131714 20.33234 0.2078323 0 0.0 0.014092529872393 11.004863821739084 0.0
0.007437277 -0.01112668 2.344833 -4.027796 2.408074 1.167593 -0.03873669 20.46678 nan 0 0.0 0.013383426205465064 4.660620389551696 0.0
0.01969087 -0.007045887 -3.942719 0.137303 1.37172 0.6231493 -0.3113282 19.55663 0.7723789 0 0.0 0.02091350962831607 3.94510902596747 0.0
0.01521865 0.01359498 -0.5851717 -2.217693 1.773273 0.6010462 -0.05314748 19.87171 0.6981354 0 0.0 0.020406635906559906 2.2935972097842052 0.0
0.009476753 -0.002884924 -1.196669 -0.702455 1.703046 0.8298789 -0.1152182 19.80416 0.4809952 0 0.0 0.009906141221928191 1.387609355181061 0.0
-0.02534874 -0.02744614 -2.351943 -1.415177 3.328467 1.615457 -0.07694695 20.73846 1.025679 1 0.9942599 0.03736106556948289 2.7448791989043886 0.0
0.008088306 -0.01084818 -3.514705 -2.053877 1.067321 0.5244352 -0.1448135 19.44716 0.6634655 0 0.0 0.013531581698457723 4.07081834133556 0.0
0.00370418 0.009791092 -0.2869069 -1.336783 1.361351 0.6133775 -0.1194276 19.63958 0.5779514 0 0.0 0.010468353835482634 1.3672250576831197 0.0
-0.01747555 -0.007263565 -1.965024 -2.280221 0.1893482 0.1250619 -0.2606167 17.3208 0.02820778 1 0.9998892 0.018924962993668575 3.0101041725191173 0.0
0.006611922 0.0069931 -5.021873 -1.25177 1.305021 0.7462908 -0.1722091 19.87466 nan 0 0.0 0.009623978394826331 5.175532490578047 0.0
0.01433773 -0.004044253 -4.075734 -3.435975 2.095631 1.471841 -0.2493455 20.42969 0.5231304 0 0.0 0.014897197182051024 5.3308096795309625 0.0
-0.03971009 -8.821263e-05 -1.024519 -3.949123 2.965384 1.193784 4.959695e-05 20.65287 0.3912067 1 0.9833656 0.03971018797835376 4.079854366333436 0.0
0.01776458 0.01355517 -2.419161 -1.729542 0.4479718 0.2671819 -0.2469139 18.47061 0.912878 1 0.9997215 0.02234553504182211 2.973828420350609 0.0
0.001013612 -0.003241858 -1.660171 -4.374662 1.373257 0.5562414 -0.0172617 19.24522 nan 0 0.0 0.0033966237028419852 4.679084885261754 0.0
-0.04442668 -0.05757453 -5.018476 -1.024702 3.656629 2.753102 -0.1620522 20.97296 0.6437283 0 0.0 0.07272246145822692 5.122022603560042 0.0
0.01631616 0.03312824 -1.347412 -2.159485 2.303533 1.093937 -0.1829783 20.53242 0.5528698 0 0.0 0.0369282732150205 2.5453672746715745 0.0
-0.01621528 0.00977847 -2.937362 0.1939551 1.896473 0.6659097 -0.04747929 20.07661 0.5231628 0 0.0 0.018935516391672555 2.943758498902383 0.0
-0.03150999 -0.0136321 0.8706859 -1.927015 2.676952 1.722609 -0.1846823 20.76862 0.5829945 0 0.0 0.03433239898710983 2.1145876067649243 0.0
0.007956055 0.03298269 -2.555419 -1.842971 1.720097 0.6740842 -0.09734176 19.96371 0.9680824 1 0.9986687 0.0339286995152942 3.1506679248061036 0.0
0.0002323971 -0.00335058 1.853913 0.7057852 1.301864 0.9219613 -0.2946516 18.69271 nan 0 0.0 0.0033586298915612017 1.9837152416886954 0.0
-0.002038717 0.01319568 -2.479996 -1.608303 1.178668 0.5707198 -0.04776721 19.64106 nan 0 0.0 0.01335224092309935 2.955844836899427 0.0
-0.007883135 0.005896428 -2.688063 -2.011709 1.93801 0.5744554 0.01399533 19.62928 0.5363369 0 0.0 0.00984437304186554 3.357477593767381 0.0
-0.02605401 -0.003073935 5.034413 -3.324085 2.716848 1.416852 -0.1085155 20.60196 0.6763439 0 0.0 0.026234719618557487 6.032814877136046 0.0
0.003761996 0.01195212 -2.478529 -2.571142 1.179176 0.513876 -0.1064341 19.44319 0.6181488 0 0.0 0.012530194986448376 3.5712570879180623 0.0
-0.004483782 -0.001569057 -29.17214 15.41271 3.045913 1.691856 -0.1657315 19.2317 nan 0 0.0 0.004750393761865747 32.99341421744194 0.0
-0.03702773 0.02767837 2.589397 -1.351552 3.578376 1.677175 -0.05712014 20.86647 0.1960239 1 0.9883823 0.04622926513378512 2.9209021949241984 0.0
0.01163066 0.02147968 -3.78063 -2.50131 2.311944 1.029161 -0.1740329 20.29611 0.4626236 0 0.0 0.024426397706948114 4.533179338279041 0.0
-0.002921376 -0.002076446 -6.27915 -1.551396 0.7234176 0.4754895 -0.2538681 18.7263 nan 0 0.0 0.0035841408627859477 6.467963688156884 1.0
-0.01376909 0.0278542 -3.787509 -1.085859 1.632325 0.7408583 -0.02110618 19.93274 0.6843758 0 0.0 0.031071599525420313 3.9400906325821996 0.0
0.007784057 -0.00142398 1.73901 -4.08765 1.764395 0.8466726 -0.09987155 20.10546 0.3918972 0 0.0 0.007913233373258303 4.442188458699158 0.0
-0.004975476 0.004519213 -2.001814 -2.278266 1.222477 0.5557131 -0.0368548 19.68437 0.711937 0 0.0 0.00672150634649295 3.0327801201788436 0.0
0.01044543 0.007016179 -2.141843 -2.020238 0.5319384 0.3384327 -0.2687253 18.86616 0.7071304 0 0.0 0.012583074967786729 2.94429159787087 0.0
-0.01273029 -0.007405129 -1.964174 1.559395 0.6344118 0.4220813 -0.2688659 18.10216 0.8261642 0 0.0 0.014727396884403604 2.5079258897146466 0.0
-0.006016957 0.007107519 -12.03218 -4.285959 3.686335 1.200295 0.1472349 20.594 0.3976536 0 0.0 0.00931238948257696 12.772736594092944 0.0
0.0005506198 0.01221529 9.191637 -0.8604678 3.522357 1.927759 -0.169767 20.89566 0.9209919 0 0.0 0.01222769364795553 9.231825148615297 0.0
0.002952212 -0.004983245 -3.097971 -1.990476 0.4090999 0.2992664 -0.2852911 17.81038 nan 0 0.0 0.00579208826097885 3.6823116412678867 0.0
-0.04330966 -0.04683454 -0.6788302 -4.490364 1.396275 0.7798323 -0.1355247 20.12999 0.2631416 1 0.7268033 0.06379028755482452 4.541385173372551 0.0
-0.002790925 0.01320141 -0.6572034 -2.908582 1.200148 0.5689539 -0.03633198 19.61708 0.7803593 0 0.0 0.013493201560183002 2.9819063633346303 0.0
-0.02013545 0.01037017 -0.3778718 -3.796361 1.572855 0.7127314 -0.1115161 20.0388 0.6673965 0 0.0 0.02264899054111242 3.8151204357865613 0.0
0.01346784 0.01963732 -0.3871852 -1.629302 1.460902 0.9027121 -0.2845508 20.23481 0.4330692 1 0.9989423 0.02381190985721221 1.6746753077247662 0.0
-0.002313683 0.00425022 -2.076184 -7.077436 1.750484 0.7855123 -0.06962804 19.14958 0.4554024 0 0.0 0.004839163055001247 7.375678974572578 0.0
0.07186019 -0.007956971 0.3333868 -2.211129 1.641938 0.8842682 -0.1677535 20.13641 0.6713295 1 0.9843148 0.0722993796261831 2.236121242923836 0.0
-0.002226585 0.02730816 -0.05633545 -2.271137 1.240536 0.5946095 -0.04234557 19.67462 0.8411541 0 0.0 0.02739878251579484 2.271835591695777 0.0
-0.006986292 0.004456341 4.32879 0.5556126 1.934241 0.915525 -0.07209899 19.68248 0.652195 0 0.0 0.008286570522088435 4.36430157360588 0.0
-0.07777615 -0.04125669 -1.852239 -1.187833 1.843404 0.7875895 -0.0494682 20.14021 0.6664047 1 0.9732243 0.08804114934835074 2.2003946348348515 0.0
0.04173936 -0.008628836 -5.275218 -3.66881 4.377295 1.798581 -0.1004976 20.80664 -0.2727013 0 0.0 0.04262195424806911 6.425581044825751 0.0
-0.002443874 0.004656487 -6.986685 -1.115121 2.656575 0.8666982 0.08565158 20.11387 nan 0 0.0 0.00525883934999397 7.075115697560428 1.0
0.03817212 0.02835382 -2.407425 -1.580292 2.019946 0.9254824 -0.2034193 20.11115 0.6520729 1 0.9959075 0.04755049793521409 2.8797600483180887 0.0
0.01183335 0.01894101 0.9873527 -3.574351 2.669383 1.047739 -0.03232202 20.43925 0.423111 0 0.0 0.022333607680860696 3.7082139131121186 0.0
-0.005163919 -0.008095985 -1.779962 -2.271985 0.1644104 0.1075712 -0.2542057 16.99418 0.478344 1 0.9999754 0.009602657577920082 2.8862052182180324 0.0
-0.008114667 0.004366745 -6.038557 -3.985885 2.317875 0.6229694 0.1049285 19.72441 0.7388248 0 0.0 0.009215003115350206 7.235430179020042 0.0
0.00154864 0.02410952 -0.4083315 -2.104402 2.612033 1.042774 -0.01360464 20.55688 0.4699593 0 0.0 0.02415920612271852 2.1436516488217596 0.0
-0.004802125 -0.004185931 -3.08645 -1.934925 1.11183 0.4908092 -0.0344629 19.52146 0.6042061 0 0.0 0.006370433490146961 3.6428159928995867 0.0
0.04930606 -0.009483219 -0.5873009 -1.651252 2.182481 1.148191 -0.1575273 20.63073 0.4621124 1 0.994163 0.05020975000261962 1.7525853801298268 0.0
0.006380758 -0.0008461119 -5.253309 -0.9554158 3.191988 1.454153 0.0006873691 20.30409 nan 0 0.0 0.00643661230787482 5.339482634148241 0.0
0.003009455 0.03046674 -1.734734 -1.976213 0.1564987 0.1064769 -0.311153 16.80071 1.051142 1 0.9999769 0.03061501372896352 2.629585494355527 0.0
0.009867371 -0.003092803 -4.925272 -0.152371 4.056361 2.234734 -0.06319806 20.90448 nan 0 0.0 0.010340717617672865 4.92762835404873 0.0
-0.009762422 0.02888198 -1.636904 -1.393066 1.330993 0.5835911 0.003965704 19.77855 0.8603382 1 0.9990054 0.030487270327572525 2.1494389001718566 0.0
-0.009504224 -0.009886799 -1.927804 -2.523229 1.61803 0.8470886 -0.1015393 20.04836 0.3692493 0 0.0 0.013714192222241054 3.1753917630517656 0.0
-0.02056681 0.03202053 -2.739493 -1.591174 1.862116 0.6613293 0.09081201 19.86825 0.7535572 0 0.0 0.038056642193669686 3.1680682750415907 0.0
0.00927424 -0.003325533 -6.321654 -3.274363 2.885972 0.9486892 0.2744782 20.25949 nan 0 0.0 0.009852446260279169 7.119323166670059 0.0
-0.0388566 -0.0002715144 1.162489 -1.698278 2.606486 1.211188 -0.09032635 20.44945 0.3616695 0 0.0 0.03885754860550788 2.058040048299595 0.0
0.002604764 0.01063793 -13.47914 -3.527735 0.7460378 0.5242007 -0.241549 19.21393 nan 0 0.0 0.010952184721807609 13.933130637793683 0.0
-0.01504547 -0.01203408 -4.334939 -2.227823 2.307776 0.945525 -0.02863646 20.45325 nan 0 0.0 0.01926616850770542 4.8738989990612245 0.0
0.001056995 -0.0004742948 -2.128612 -2.012389 0.09835331 0.0683395 -0.2838904 14.91344 1.104785 0 0.0 0.0011585309608862597 2.9292829385132806 0.0
0.01098135 -0.003487556 -3.07169 -1.998557 1.330412 0.5570015 -0.06613823 19.74683 0.6762886 0 0.0 0.011521852918503866 3.6646295226596917 0.0
0.002127387 0.01112812 3.086327 -8.840497 1.46532 1.505449 -0.3594641 20.21458 nan 0 0.0 0.011329643868285048 9.363749332288748 0.0
0.00256136 0.01106709 -0.7266607 -2.089129 0.4465793 0.2842702 -0.240165 18.46698 0.8066826 0 0.0 0.01135962350246257 2.211898675700469 0.0
0.003878137 -0.006352703 -4.224329 -1.577537 2.15861 0.8801617 -0.06283522 20.07662 0.4661236 0 0.0 0.0074429014501723725 4.509276936118472 0.0
-0.008549023 -0.002965081 -2.002091 -2.853126 1.576736 0.346531 0.2390745 18.9093 nan 0 0.0 0.009048618656518242 3.4854980051862032 0.0
0.002706261 -0.004330936 -4.65978 -1.349888 1.367929 0.7036489 -0.07988946 19.76047 0.5367699 0 0.0 0.005106941867323046 4.851365504777392 0.0
0.004644419 0.01129983 -2.974356 -0.7532667 1.17246 0.5716072 -0.136013 19.56984 0.6066132 0 0.0 0.012217069447148976 3.068257540700404 0.0
-0.01356957 -0.009588978 -1.584665 -2.083599 0.1778985 0.1193011 -0.2616754 17.15834 0.04316521 1 0.9999891 0.01661570729970241 2.617737182191138 0.0
-0.03556507 -0.03332086 -3.839639 -11.10806 1.954197 1.004719 -0.1218633 20.43408 1.558399 1 0.0 0.04873555083555022 11.752949613349026 0.0
-0.03981083 0.002168204 -4.103638 -2.152951 2.296817 0.9888367 -0.009474585 20.39845 0.4833698 0 0.0 0.039869829368515186 4.634117266906935 0.0
0.003834696 -0.004630368 -2.49491 -1.943357 0.6650359 0.4379541 -0.260102 18.3117 nan 0 0.0 0.006012087925824106 3.162469341756375 0.0
0.003183569 0.001240438 -10.53358 17.45658 3.361463 1.772219 0.06742291 19.76719 nan 0 0.0 0.0034166940175562985 20.38844017851292 0.0
0.06204793 0.04121063 -1.658624 -2.083587 0.1713337 0.1179877 -0.3005147 17.01075 0.3605919 1 0.9998376 0.07448665412194187 2.663150082129244 0.0
-0.01036958 0.0343809 1.148098 -1.130714 2.611111 1.170783 -0.0129981 20.71887 0.8668671 1 0.9957672 0.03591064569436757 1.6114103038642889 0.0
0.004008278 -0.00364045 13.40247 5.14996 2.902226 1.295497 -0.06166862 19.97196 nan 0 0.0 0.0054147177883786335 14.357865095566957 0.0
-0.02576182 0.0158412 -6.026088 0.2446928 3.402536 1.658054 -0.2320765 20.85271 0.6209507 0 0.0 0.030242602188839503 6.031053900448564 0.0
0.01089437 -0.0006170018 0.09286386 -1.288893 2.433722 0.938751 -0.1038998 19.86762 0.004655838 0 0.0 0.010911827936606371 1.2922340584983434 0.0
-0.01187582 0.005522819 -6.226318 -0.6244096 1.405646 0.6292477 -0.02907777 19.71046 nan 0 0.0 0.013097199333413271 6.2575492955066805 0.0
0.001201539 0.01701991 1.855943 -1.082376 2.783764 0.9513523 -0.0769654 20.30268 -0.4537983 0 0.0 0.01706226926222362 2.1485023212984897 0.0
-0.01579789 -0.01312883 -0.3102357 -12.06988 2.046189 0.9620343 -0.0778514 19.77349 0.7388039 0 0.0 0.02054116612125514 12.073866381733502 0.0
-0.008490936 0.001442798 -2.232495 -2.178242 0.179342 0.103452 -0.1912166 16.98397 0.3457565 0 0.0 0.008612645367417609 3.11909796825765 0.0
-0.01000976 0.004200907 -1.26139 -1.680899 0.8654729 0.398999 -0.05658315 19.15239 0.8844166 0 0.0 0.010855547654551979 2.10155327800677 0.0
0.0001600718 -0.01346334 -27.98412 -3.556611 2.137587 0.9970005 -0.01191108 20.36473 nan 0 0.0 0.013464291549753192 28.209226398108136 0.0
-0.008736761 0.003514191 1.799409 -2.558404 1.161019 0.5084964 -0.03047446 19.61221 0.7497311 0 0.0 0.009417034095488983 3.127827325236641 0.0
-0.08373332 -0.002458399 -2.503929 -1.006412 3.670652 1.531429 -0.1585862 20.64872 0.8644791 1 0.9460207 0.08376940135792783 2.6986154877612702 0.0
0.0002613332 -0.004765832 -1.132237 -2.963928 0.5894584 0.6715211 -0.5018849 18.62421 0.5819855 0 0.0 0.004772991692182822 3.1728267859044874 0.0
