jas1101finalproject/data/gcs/NGC_6144.ecsv
# %ECSV 0.9
# ---
# datatype:
# - {name: x, unit: deg, datatype: float64}
# - {name: y, unit: deg, datatype: float64}
# - {name: pmx, unit: mas / yr, datatype: float64}
# - {name: pmy, unit: mas / yr, datatype: float64}
# - {name: pmx_e, unit: mas / yr, datatype: float64}
# - {name: pmy_e, unit: mas / yr, datatype: float64}
# - {name: pm_corr, datatype: float64}
# - {name: g_mag, unit: mag, datatype: float64}
# - {name: bp_rp, unit: mag, datatype: float64}
# - {name: filter, datatype: int64}
# - {name: memberprob, datatype: float64}
# - {name: r, unit: deg, datatype: float64}
# - {name: pm, unit: mas / yr, datatype: float64}
# - {name: member_prob_GMM, datatype: float64}
# - {name: member_prob_DB, datatype: float64}
# meta: !!omap
# - comments: [deg deg mas/yr mas/yr mas/yr mas/yr dimless mag   mag   zeroone float]
# - __serialized_columns__:
#     bp_rp:
#       __class__: astropy.units.quantity.Quantity
#       unit: &id001 !astropy.units.Unit {unit: mag}
#       value: !astropy.table.SerializedColumn {name: bp_rp}
#     g_mag:
#       __class__: astropy.units.quantity.Quantity
#       unit: *id001
#       value: !astropy.table.SerializedColumn {name: g_mag}
#     pm:
#       __class__: astropy.units.quantity.Quantity
#       unit: !astropy.units.Unit {unit: mas / yr}
#       value: !astropy.table.SerializedColumn {name: pm}
#     pmx:
#       __class__: astropy.units.quantity.Quantity
#       unit: !astropy.units.Unit {unit: mas / yr}
#       value: !astropy.table.SerializedColumn {name: pmx}
#     pmx_e:
#       __class__: astropy.units.quantity.Quantity
#       unit: !astropy.units.Unit {unit: mas / yr}
#       value: !astropy.table.SerializedColumn {name: pmx_e}
#     pmy:
#       __class__: astropy.units.quantity.Quantity
#       unit: !astropy.units.Unit {unit: mas / yr}
#       value: !astropy.table.SerializedColumn {name: pmy}
#     pmy_e:
#       __class__: astropy.units.quantity.Quantity
#       unit: !astropy.units.Unit {unit: mas / yr}
#       value: !astropy.table.SerializedColumn {name: pmy_e}
#     r:
#       __class__: astropy.units.quantity.Quantity
#       unit: &id002 !astropy.units.Unit {unit: deg}
#       value: !astropy.table.SerializedColumn {name: r}
#     x:
#       __class__: astropy.units.quantity.Quantity
#       unit: *id002
#       value: !astropy.table.SerializedColumn {name: x}
#     y:
#       __class__: astropy.units.quantity.Quantity
#       unit: *id002
#       value: !astropy.table.SerializedColumn {name: y}
# schema: astropy-2.0
x y pmx pmy pmx_e pmy_e pm_corr g_mag bp_rp filter memberprob r pm member_prob_GMM member_prob_DB
[from data line 3611]
0.0310829 0.02177327 -2.406965 0.7467155 0.5330713 0.3714667 0.1515684 18.45507 1.456139 0 0.0 0.0379502563746663 2.520131851543734 0.0 0.0
0.01831976 -0.03444505 -1.250486 -0.688913 2.160068 1.536087 -0.3904313 20.28645 1.109962 0 0.0 0.03901378059045419 1.4276961713771597 0.0 0.0
-0.06225759 0.02274698 -3.288122 -2.259761 1.420601 1.040978 0.1163157 20.09759 1.307007 0 0.0 0.06628297376950208 3.9897701768403904 0.0 0.0
0.03177462 -0.006695998 -1.498078 -2.345547 1.121314 0.825188 0.1128327 19.77206 nan 0 0.0 0.03247249398122054 2.78313284327087 0.0 0.0
0.01758669 0.01328456 -6.41018 -5.842884 0.9589865 0.706288 0.003928273 18.8512 nan 0 0.0 0.0220402177745525 8.673505696652075 0.0 0.0
0.0599174 -0.04521445 -2.130188 -0.9358239 1.113081 0.8011066 0.04683373 19.76377 1.361504 0 0.0 0.07506291568785814 2.326685902126716 0.0 0.0
0.02386664 0.009485916 -1.642612 -2.753726 0.3138369 0.2094059 -0.3340232 17.21383 1.521002 0 0.0 0.025682661607564276 3.2064280852094593 0.0 1.0
-0.03977585 0.05232828 -3.427827 -8.255974 3.437631 2.470266 -0.4760176 20.51917 1.212086 0 0.0 0.06572949970128253 8.939301126520181 0.0 0.0
-0.008725518 -0.03722295 -3.090471 -1.101472 3.502183 2.741379 -0.5144317 20.64807 nan 0 0.0 0.03823195876581298 3.2808918861530625 0.0 0.0
-0.04848053 0.03728366 -4.280133 -3.851989 2.295882 1.693334 -0.4676394 20.21614 1.315153 0 0.0 0.061159080209536344 5.758242592476458 0.0 0.0
-0.01954641 -0.003044566 0.8251678 -4.108159 1.457505 1.002511 0.07170975 19.99425 1.187944 0 0.0 0.019782101152720253 4.190211482423988 0.0 0.0
-0.04975919 -0.05249005 -6.89066 -0.9436174 2.672242 1.873143 -0.3895097 20.50829 1.237265 0 0.0 0.07232691296093453 6.954970095779187 0.0 0.0
0.003308892 -0.06372908 -5.410733 -5.096569 0.3712997 0.2539528 0.1841577 17.88561 1.26745 0 0.0 0.06381492305028709 7.433104813538552 0.0 0.0
-0.03784383 -0.02592006 -4.008344 -1.467719 0.8146809 0.5724592 0.1997558 19.34437 1.360315 0 0.0 0.045869434043516386 4.2686087528956085 0.0 0.0
0.02772263 0.02072698 -2.359727 -1.889293 0.7032332 0.4864029 0.1896411 18.81246 1.452393 0 0.0 0.03461433104997553 3.022869423970873 0.0 0.0
-0.032031 -0.07715351 0.9651644 -4.4021 2.107488 1.443427 -0.3949774 20.20033 1.284813 0 0.0 0.08353830897450641 4.506664701198367 0.0 0.0
-0.04701179 0.0344919 -0.5515186 -5.11975 2.497219 2.006122 -0.4729573 20.4105 1.101175 0 0.0 0.05830780020386723 5.149370139021467 0.0 0.0
-0.04120337 0.05477682 -7.918137 -5.518191 1.17958 0.8313778 0.2613295 19.80212 1.482759 0 0.0 0.06854354607597495 9.651286207716048 0.0 0.0
0.01196393 0.01057874 -4.62216 -0.9784169 0.8437536 0.6140055 0.1714842 19.19935 nan 0 0.0 0.015970139668534524 4.72458068994547 0.0 0.0
0.01280908 -0.03575848 3.245444 -2.723453 2.960257 2.289546 -0.4079496 20.61532 1.238031 0 0.0 0.03798343615784122 4.236756188447124 0.0 0.0
0.04201426 0.02462326 0.1012823 -0.5216098 2.370346 1.596961 -0.3583739 20.29276 1.32699 0 0.0 0.04869807980172524 0.5313519433947053 0.0 0.0
0.01134377 -0.02119191 -2.103445 -1.121334 2.350598 1.580175 0.5641695 19.97705 1.142406 0 0.0 0.02403701660483264 2.383667511961557 0.0 0.0
0.01620152 0.01239593 -2.714005 -2.361814 1.027627 0.7597737 0.05822916 19.65803 1.086081 0 0.0 0.020399713990036723 3.597775494749637 0.0 0.0
-0.02426806 -0.04556215 -3.310801 -0.28611 2.559016 1.880825 -0.3825257 20.52952 1.090317 0 0.0 0.05162216819144756 3.3231404113731036 0.0 0.0
0.009905669 -0.004859152 -4.194205 -4.496011 1.826955 1.3637 0.2454102 20.07454 nan 0 0.0 0.011033296719324874 6.148615331450326 0.0 0.0
-0.009794784 -0.03621786 -1.087851 -2.618648 1.337221 0.8961944 0.3314685 19.81566 1.243557 0 0.0 0.03751894423602903 2.835619358465624 0.0 0.0
0.01300039 -0.04113341 -0.3052009 -7.342271 1.081493 0.8511542 0.4400472 19.49108 nan 0 0.0 0.04313893320864808 7.348611503325088 0.0 0.0
-0.01133437 0.0086066 -2.989148 -2.211513 1.62989 1.144189 0.09772762 19.99066 1.124418 0 0.0 0.014231707798324838 3.7183054628517276 0.0 0.0
-0.01161418 -0.07365163 -2.388178 -2.336642 0.5712792 0.4007063 0.1288487 18.77484 1.388304 0 0.0 0.07456173132867355 3.341150998660192 0.0 0.0
0.02935559 -0.03022633 -2.509365 -3.14173 1.756738 1.220442 -0.003502304 20.28598 1.007673 0 0.0 0.04213527844356793 4.020868077433653 0.0 0.0
-0.005245331 -0.003449321 -1.745912 -2.456265 0.9172249 0.6929344 0.5139891 19.13005 nan 0 0.0 0.006277842994261803 3.0135438377380543 0.0 0.0
-0.01972716 0.01183082 -6.316628 -0.7053742 1.476259 1.060426 0.2175436 19.99737 1.024981 0 0.0 0.023002807296893135 6.355890343013293 0.0 0.0
0.03143982 -0.02810017 -2.920324 -2.135425 0.8852178 0.6191972 0.02645877 19.33686 1.448011 0 0.0 0.04216730766436601 3.6177800092876016 0.0 0.0
0.02532945 -0.01126634 0.7929095 -1.984852 1.182448 0.8469441 0.09645717 19.88218 1.120876 0 0.0 0.02772203914393925 2.1373682268374465 0.0 0.0
-0.03327354 -0.04447908 -0.210702 -3.206501 1.17137 0.8482618 0.358916 19.6428 1.130661 0 0.0 0.05554743037961342 3.2134162500063694 0.0 0.0
0.01155253 0.01046243 -1.497647 -1.902181 0.8615417 0.6134641 0.2091832 18.72549 1.2188 0 0.0 0.015585999836577697 2.4209996062308643 0.0 0.0
0.01489588 -0.0102384 -1.593293 -3.640153 0.809864 0.575828 0.1630935 19.37585 1.190214 0 0.0 0.018075178437138593 3.9735747693050905 0.0 0.0
0.009535367 -0.006058844 -6.085946 -2.294421 2.245569 1.263777 0.5692514 19.93162 nan 0 0.0 0.011297469382168069 6.504083827885139 0.0 0.0
0.0667043 0.006801005 -2.412132 -3.612131 1.745363 1.224892 0.03689621 20.25813 1.291422 0 0.0 0.06705011042123663 4.343486059213843 0.0 0.0
-0.005231637 -0.003062128 -4.272394 -7.820642 1.689167 1.236041 0.1382215 20.05625 nan 0 0.0 0.006061901812810317 8.911553836643755 0.0 0.0
-0.02995766 -0.04006458 -1.928222 2.438431 2.579554 1.981785 -0.1791745 20.42449 1.252459 0 0.0 0.05002631270893349 3.108695196227028 0.0 0.0
-0.05653038 -0.02288344 -2.704443 -6.772563 1.351638 0.9612757 0.2869251 20.01279 1.111645 0 0.0 0.06098635658225535 7.292573039004683 0.0 0.0
-0.04904176 0.03455973 -2.026534 -2.440103 1.02048 0.7739581 0.130825 19.77927 1.256948 0 0.0 0.05999557618333621 3.171898911340808 0.0 0.0
-0.003940551 -0.06869011 -1.887974 -2.813629 0.3904632 0.2738149 0.1554034 18.16519 1.428093 0 0.0 0.06880304610986131 3.388355644603589 0.0 0.0
0.02804458 -0.009348169 -2.526403 -0.3337388 0.843707 0.6439966 0.06554722 19.31046 1.017626 0 0.0 0.02956157524606835 2.54835117380522 0.0 0.0
0.0805947 -0.05372217 -0.5373397 -3.660155 1.153589 0.8102484 0.2622545 19.71606 1.563694 0 0.0 0.09685854230577136 3.699387594889334 0.0 0.0
-0.04030572 -0.00261117 -0.5714301 -4.09545 1.861445 1.2157 0.1797529 20.22447 nan 0 0.0 0.04039021259522287 4.1351231011526135 0.0 0.0
0.08542473 -0.04593598 1.246494 -6.23518 2.623735 1.918235 -0.2324126 20.48765 1.128891 0 0.0 0.09699226131054632 6.3585546254188925 0.0 0.0
0.01031698 -0.005114772 -1.780418 -4.117641 0.9349525 0.6917848 0.08600419 19.44695 nan 0 0.0 0.011515249408171063 4.486073523651279 0.0 0.0
-0.008687976 0.01112262 -3.640866 -3.696192 1.711416 1.073073 0.3974028 20.02614 nan 0 0.0 0.014113596375161647 5.188230963519261 0.0 0.0
0.00881466 0.07372368 -0.9277405 -4.510394 3.097213 2.317933 -0.3831167 20.65 nan 0 0.0 0.07424876580562131 4.604818831460826 0.0 0.0
0.02513744 -0.01152761 -2.891858 -4.070798 2.879962 2.054076 -0.09998395 20.34962 nan 0 0.0 0.02765459603873649 4.993419574697083 0.0 0.0
-0.01989589 -0.04437496 -1.716179 -11.81371 3.428453 2.806007 -0.3739835 20.69893 1.12631 0 0.0 0.04863109616175333 11.937713948832123 0.0 0.0
0.007930009 -0.02317336 4.432886 -7.553658 2.815461 1.810164 -0.1565632 20.46794 nan 0 0.0 0.024492644945568475 8.758323325269512 0.0 0.0
0.008630394 -0.006592831 1.043423 0.3214286 2.193157 1.306112 0.3942872 19.42855 nan 0 0.0 0.010860438351641107 1.0918094622354946 0.0 0.0
0.03594633 0.04973933 -8.868134 -4.555133 1.539579 0.9273976 0.569239 19.65406 1.861959 0 0.0 0.061368881278036996 9.969605673728775 0.0 0.0
-0.05086771 -0.02471954 -4.218209 -1.715005 0.9894998 0.7129016 0.2330275 19.5821 1.224918 0 0.0 0.056555986230068515 4.553518344940096 0.0 0.0
-0.01817644 0.004554531 -4.388336 -7.757158 0.7728073 0.5356187 0.1883757 18.97498 1.294485 0 0.0 0.018738375695442788 8.912406694370494 0.0 0.0
0.009521599 -0.006756932 -1.644994 -2.932206 0.3128014 0.2132205 0.1650938 17.67948 nan 0 0.0 0.011675486181287055 3.3621179762869713 0.0 0.0
0.02071383 0.01608022 -8.458833 0.2154345 4.208981 2.226103 -0.03458774 20.59064 nan 0 0.0 0.02622281885147552 8.461575961112636 0.0 0.0
0.01042657 -0.006232488 -6.454452 -7.932585 2.1925 1.377121 0.3955049 19.84958 nan 0 0.0 0.012147315285076121 10.226722612964966 0.0 0.0
-0.04981865 -0.009342042 -5.019039 4.30854 0.8549657 0.6249223 0.1665179 19.4043 1.42333 0 0.0 0.05068699672058174 6.614701007235399 0.0 0.0
0.01898676 -0.0632709 -8.17498 -0.01284421 2.82386 2.093791 -0.3837416 20.6529 1.263 0 0.0 0.06605833665865044 8.174990090154882 0.0 0.0
0.01150986 -0.005084366 -1.919933 -3.000742 0.8532801 0.5993972 0.1906166 19.4118 1.197794 0 0.0 0.012582831749711828 3.562386177136471 0.0 1.0
-0.004464486 0.0151054 -1.812587 -2.709972 0.1002558 0.06636175 0.05276295 15.22004 1.746885 1 0.9998453 0.015751341035105424 3.260279109731711 0.0 1.0
0.02552805 -0.04363028 -3.910582 -7.645309 0.3252259 0.2229151 0.1783793 17.80064 1.542358 0 0.0 0.05054980385402994 8.587397817977516 0.0 0.0
0.003885965 -0.01881296 0.3907191 -2.588257 1.512299 1.081741 0.01939479 20.09373 nan 0 0.0 0.019210106401132323 2.6175820356110733 0.0 0.0
0.03058947 0.02288729 -3.377169 -3.391719 1.061571 0.7251931 0.1166805 19.62218 1.355902 0 0.0 0.038203975165223315 4.786337663550494 0.0 0.0
-0.0007347919 0.07944986 -0.08448483 0.522396 1.27059 0.9523245 0.04981444 20.01274 1.771196 0 0.0 0.07945325778818578 0.5291835856450282 0.0 0.0
0.08420527 -0.04535144 -5.234935 -4.645322 2.17961 1.608776 -0.2735556 20.34788 1.335751 0 0.0 0.09564141679129654 6.998825682777719 0.0 0.0
0.01064599 -0.005807169 -2.812018 -2.557467 0.5590351 0.3921506 -0.01475023 18.67008 nan 0 0.0 0.012126842741400624 3.8010633628516377 0.0 0.0
0.02360172 -0.01227306 -0.5199176 -2.592061 1.238321 0.8637893 0.1122428 19.8518 1.306246 0 0.0 0.026602052340411634 2.643689569240451 0.0 0.0
-0.00612289 -0.002909584 0.2120005 -1.451221 0.8602304 0.6060451 0.2099675 19.3739 nan 0 0.0 0.006779045729684673 1.4666242200513566 0.0 0.0
0.03444079 0.0145225 -10.53822 -6.884368 4.233168 2.898769 -0.2321622 20.75843 nan 0 0.0 0.0373774132608732 12.587636931840066 0.0 0.0
0.01323393 -0.03650621 -3.434467 -3.693687 1.60069 1.177315 0.04811155 20.20881 1.163363 0 0.0 0.03883091901834155 5.043697773266951 0.0 0.0
0.001719985 -0.009268537 0.08029955 -5.639742 3.28896 2.136602 -0.2424371 20.43181 nan 0 0.0 0.00942677710145912 5.640313629958373 0.0 0.0
0.06544005 -0.07166088 -0.2359496 -6.990289 0.8369097 0.627269 0.1505462 19.30794 1.266304 0 0.0 0.09704474156994236 6.994269977435898 0.0 0.0
0.01888481 -0.01558337 -1.855341 -3.126375 1.317175 0.9390215 0.2244312 20.00104 1.187695 0 0.0 0.02448422899118941 3.635451948094762 0.0 0.0
-0.04066283 -0.0008508101 -1.232529 -2.068058 0.4542018 0.3270892 0.1209245 18.42898 1.425268 0 0.0 0.04067173000297826 2.407486578821365 0.0 0.0
0.01044164 0.008978616 -19.46257 25.91915 2.541557 2.352441 -0.6342138 19.50238 nan 0 0.0 0.0137711071147187 32.41286731727695 0.0 0.0
0.007642091 -0.02359105 -2.22747 -2.247029 1.194301 0.7005356 0.1911106 19.46138 0.8306179 0 0.0 0.0247979675569346 3.163978812783202 0.0 0.0
0.0163503 -0.002389857 -0.5043698 -2.875897 0.7326436 0.5185787 0.1278524 19.16142 1.247028 0 0.0 0.01652403481509432 2.919789795475188 0.0 0.0
0.005876718 0.0382739 -1.938009 -1.262277 1.307933 0.9744466 -0.04090547 19.87859 1.406799 0 0.0 0.03872243840025475 2.3128385392867354 0.0 0.0
-0.03173722 0.001841305 -0.660404 -2.625753 2.068144 1.718449 -0.2451133 20.18263 1.294445 0 0.0 0.03179058881857058 2.707528810599252 0.0 0.0
-0.03868558 -0.009227217 -3.08249 -3.126676 0.4956821 0.2950612 0.4147057 17.34542 1.65686 0 0.0 0.03977078869599506 4.390654553603142 0.0 0.0
0.011045 0.008974746 -2.112534 -3.152211 0.8423841 0.5596753 0.1997261 19.27504 0.9973679 0 0.0 0.014231587780866757 3.7946322733141087 0.0 0.0
0.007505023 -0.02323628 -1.901543 -2.848051 1.060226 0.6975378 0.214251 19.40862 1.041464 0 0.0 0.02441823250091884 3.42450876469166 0.0 0.0
0.01619897 -0.006042408 -1.114522 -1.636775 3.166137 2.45035 -0.2582635 20.7015 nan 0 0.0 0.017289225647765836 1.9801999114001092 0.0 0.0
-0.0146253 0.007448475 -0.7084022 -2.073808 0.9763335 0.6864468 0.2374835 19.51865 1.216185 0 0.0 0.016412774899925514 2.191463734089351 0.0 0.0
-0.08715989 0.01846629 -17.74327 -6.60605 3.368072 2.562246 -0.4522618 20.63261 1.25762 0 0.0 0.0890946142658253 18.93313304488721 0.0 0.0
-0.0004873612 -0.02922702 -0.2038362 -1.759344 1.17482 0.8226207 0.09998908 19.80229 1.126118 0 0.0 0.02923108309693066 1.7711127877033805 0.0 0.0
0.0506769 -0.01883338 -0.06271646 -2.667999 2.771819 2.196722 -0.2225627 20.62249 nan 0 0.0 0.054063336891412836 2.6687360338474715 0.0 0.0
-0.04312563 -0.05253893 -2.762131 -3.096903 1.115925 0.7984243 0.1794013 19.8156 1.049746 0 0.0 0.06797175243026915 4.149719972789731 0.0 0.0
0.03729069 0.04984573 -1.601631 -5.45774 1.651715 1.053156 0.3518214 20.07253 1.405581 0 0.0 0.06225104304273945 5.687894844998543 0.0 0.0
0.05198457 -0.006977869 -2.781614 -2.882436 1.008804 0.7032738 0.1722698 19.44811 1.223612 0 0.0 0.05245079764756739 4.005722623833557 0.0 0.0
0.01231878 -0.005505972 0.959455 1.239197 1.665636 1.201991 -0.07042438 19.9738 1.138645 0 0.0 0.013493260108409087 1.5672150783584236 0.0 0.0
0.03397746 0.02465447 -2.190483 -1.43675 1.077527 0.7531632 0.1346752 19.58379 1.376137 0 0.0 0.04197988421890299 2.619630954121019 0.0 0.0
0.0323253 0.001411991 0.1272301 -3.963221 0.5288656 0.3773416 0.1330968 17.81355 1.364952 0 0.0 0.03235612366576196 3.965262689051888 0.0 0.0
0.01986058 -0.00166942 -1.867003 -2.738686 0.07404806 0.05039627 -0.05084435 14.12957 1.786004 1 0.9986441 0.01993061968612115 3.3145288064225658 0.0 1.0
0.0008564701 0.02662777 0.02639457 -0.6940598 1.04366 0.7567303 0.1574884 19.25697 nan 0 0.0 0.026641540424778256 0.6945615014536329 0.0 0.0
0.03476209 -0.05810179 0.03769307 -2.752631 2.216199 1.553848 -0.3792815 20.18987 1.136179 0 0.0 0.06770687485309154 2.7528890623646687 0.0 0.0
0.01550212 0.01225488 -1.946312 -2.896932 0.2417272 0.1651886 0.08798435 17.25113 0.6983452 0 0.0 0.019761017390529264 3.4900351594171655 0.0 1.0
0.03771281 -0.04522429 -2.5269 0.04803968 0.8533195 0.606466 0.1439747 19.45757 1.337084 0 0.0 0.05888541792413637 2.5273566073774596 0.0 0.0
0.0493304 0.006750466 -1.872776 -2.325887 0.1269836 0.08633181 0.08696317 15.95475 1.678656 1 0.8495462 0.04979013110423748 2.986141370220941 0.0 0.0
-0.006959168 -0.004969567 -1.98465 -3.160602 1.105953 0.7879589 0.0270153 19.18236 1.223915 0 0.0 0.008551410142176143 3.7320558174957674 0.0 0.0
0.03876021 0.01350454 -4.237848 -5.007339 1.166454 0.8058474 0.1932113 19.79343 1.378389 0 0.0 0.04104541971835226 6.559938988437697 0.0 0.0
0.04137858 0.01098976 -2.081422 -2.029558 0.3709754 0.254533 0.02948077 18.0089 1.47311 0 0.0 0.04281310205619303 2.907133161285874 0.0 0.0
-0.008328169 -0.03486353 -1.215617 -2.100201 1.289714 0.9303435 0.09128688 19.94508 1.085903 0 0.0 0.03584444340415207 2.426637371155814 0.0 0.0
-0.03881588 -0.07110926 -4.31481 -6.201049 2.285732 1.602493 -0.009929641 20.62133 1.092945 0 0.0 0.08101357539278216 7.554508192893896 0.0 0.0
0.004558657 0.004862933 -5.444944 -1.457576 1.247888 0.9113235 0.2802453 19.81096 nan 0 0.0 0.006665543564191746 5.636660621228849 0.0 0.0
0.02026442 -0.04509791 2.06281 -0.8412401 0.6594638 0.4292497 0.2681645 18.33906 1.353958 0 0.0 0.049441563530136255 2.227749986409608 0.0 0.0
0.04158763 0.02046349 -1.709726 -2.877784 0.883658 0.622767 0.119704 19.43342 1.363914 0 0.0 0.046349599696189396 3.3473577259880667 0.0 0.0
