jas1101finalproject/data/gcs/NGC_6522.ecsv
# %ECSV 0.9
# ---
# datatype:
# - {name: x, unit: deg, datatype: float64}
# - {name: y, unit: deg, datatype: float64}
# - {name: pmx, unit: mas / yr, datatype: float64}
# - {name: pmy, unit: mas / yr, datatype: float64}
# - {name: pmx_e, unit: mas / yr, datatype: float64}
# - {name: pmy_e, unit: mas / yr, datatype: float64}
# - {name: pm_corr, datatype: float64}
# - {name: g_mag, unit: mag, datatype: float64}
# - {name: bp_rp, unit: mag, datatype: float64}
# - {name: filter, datatype: int64}
# - {name: memberprob, datatype: float64}
# - {name: r, unit: deg, datatype: float64}
# - {name: pm, unit: mas / yr, datatype: float64}
# - {name: member_prob_GMM, datatype: float64}
# - {name: member_prob_DB, datatype: float64}
# meta: !!omap
# - comments: [deg deg mas/yr mas/yr mas/yr mas/yr dimless mag   mag   zeroone float]
# - __serialized_columns__:
#     bp_rp:
#       __class__: astropy.units.quantity.Quantity
#       unit: &id001 !astropy.units.Unit {unit: mag}
#       value: !astropy.table.SerializedColumn {name: bp_rp}
#     g_mag:
#       __class__: astropy.units.quantity.Quantity
#       unit: *id001
#       value: !astropy.table.SerializedColumn {name: g_mag}
#     pm:
#       __class__: astropy.units.quantity.Quantity
#       unit: !astropy.units.Unit {unit: mas / yr}
#       value: !astropy.table.SerializedColumn {name: pm}
#     pmx:
#       __class__: astropy.units.quantity.Quantity
#       unit: !astropy.units.Unit {unit: mas / yr}
#       value: !astropy.table.SerializedColumn {name: pmx}
#     pmx_e:
#       __class__: astropy.units.quantity.Quantity
#       unit: !astropy.units.Unit {unit: mas / yr}
#       value: !astropy.table.SerializedColumn {name: pmx_e}
#     pmy:
#       __class__: astropy.units.quantity.Quantity
#       unit: !astropy.units.Unit {unit: mas / yr}
#       value: !astropy.table.SerializedColumn {name: pmy}
#     pmy_e:
#       __class__: astropy.units.quantity.Quantity
#       unit: !astropy.units.Unit {unit: mas / yr}
#       value: !astropy.table.SerializedColumn {name: pmy_e}
#     r:
#       __class__: astropy.units.quantity.Quantity
#       unit: &id002 !astropy.units.Unit {unit: deg}
#       value: !astropy.table.SerializedColumn {name: r}
#     x:
#       __class__: astropy.units.quantity.Quantity
#       unit: *id002
#       value: !astropy.table.SerializedColumn {name: x}
#     y:
#       __class__: astropy.units.quantity.Quantity
#       unit: *id002
#       value: !astropy.table.SerializedColumn {name: y}
# schema: astropy-2.0
x y pmx pmy pmx_e pmy_e pm_corr g_mag bp_rp filter memberprob r pm member_prob_GMM member_prob_DB
[from data line 2369]
0.05656004 0.003486715 1.19495 -5.657648 0.454703 0.3763355 0.1078644 17.59596 1.503826 0 0.0 0.056667409560459216 5.782463695900217 0.0 0.0
-0.02961955 -0.01709903 2.6491 -2.323897 0.5366117 0.4557414 0.2362102 18.11857 1.554888 0 0.0 0.03420079778518917 3.5239506348144265 0.0 0.0
0.002000243 -0.004151357 1.58986 -5.20887 0.6794341 0.5776432 0.1066742 16.07616 1.518213 0 0.0 0.004608116426534598 5.446097822891176 0.0 0.0
0.002449675 0.008273102 -0.1746963 -10.55227 0.4407151 0.3730878 0.1881347 17.60905 nan 0 0.0 0.008628158801739163 10.553715978276736 0.0 0.0
-0.03828333 -0.01851153 1.512771 -2.020646 0.9400176 0.8036848 0.6365773 18.50705 1.730896 0 0.0 0.04252399438940091 2.5241803334462856 0.0 0.0
-0.03004211 -0.01739861 -1.445753 -5.354959 0.6499458 0.4617037 -0.1717371 18.28007 1.448322 0 0.0 0.034716566696379986 5.546691593075101 0.0 0.0
0.03034648 -0.008895744 -5.120415 -4.049724 0.8517081 0.6484822 -0.6046545 17.98286 nan 0 0.0 0.031623458218606265 6.528316341017875 0.0 0.0
-0.03012551 -0.003719133 8.250661 -4.159666 1.466706 1.252575 0.2837301 18.59643 nan 0 0.0 0.03035421392544681 9.239925766394283 0.0 0.0
0.06008144 -0.02788743 -2.429189 -7.598924 0.5648621 0.4719799 0.07152632 17.65621 1.492725 0 0.0 0.06623811730777454 7.977756899999962 0.0 0.0
0.001762683 0.007796279 -6.165111 -6.317922 0.1371374 0.101472 -0.02869282 14.79344 1.964128 1 0.0 0.007993060590557911 8.82749862873991 0.0 0.0
-0.02428544 -0.009534943 3.830633 -5.405411 1.000705 0.8270099 -0.5124361 18.6682 nan 0 0.0 0.026090184629604465 6.62512016944674 0.0 0.0
0.0317713 -0.01433213 2.702761 -6.743852 0.08159547 0.06599889 0.137545 13.57906 2.164992 1 0.9736256 0.03485434627169042 7.265291241307881 0.0 0.0
-0.03003891 -0.02793099 5.731069 -8.318904 0.7728027 0.6687616 0.1680631 18.36783 1.197309 0 0.0 0.04101799990697011 10.101946131512333 0.0 0.0
0.03209056 -0.007341805 -0.9036448 -5.48413 0.1681205 0.1388715 0.1624374 15.84751 1.845869 0 0.0 0.03291969230979574 5.558080224454038 0.0 0.0
0.06063191 0.008430063 -2.566227 -13.26101 0.2895716 0.2318886 -0.007470432 16.4536 1.365716 0 0.0 0.06121514904361557 13.507031769994066 0.0 0.0
0.0579407 -0.03011013 -0.7573097 0.5496716 0.3285066 0.2675611 -0.0303405 17.391 1.444447 0 0.0 0.06529735557514485 0.935765381685308 0.0 0.0
0.06241429 -0.01434479 -2.260866 -10.39501 0.3959443 0.3307401 0.09888527 17.58225 nan 0 0.0 0.06404152243933775 10.638033087467626 0.0 0.0
-0.03347927 -0.008099482 -1.175413 -9.389413 0.9629411 0.8122991 -0.1404103 18.74912 1.374947 0 0.0 0.034445074080356165 9.462698991574127 0.0 0.0
-0.03408287 -0.01976312 -5.926259 -2.092576 0.4219257 0.3429308 -0.08605511 18.3364 1.58803 0 0.0 0.039398260616064 6.284856406542397 0.0 0.0
0.06271268 -0.002008245 -2.947291 -5.385427 0.5623601 0.4775586 0.212722 17.7552 nan 0 0.0 0.06274482672509683 6.1391651070002995 0.0 0.0
-0.03720407 -0.008486094 1.180439 -1.708386 0.5765826 0.4839259 0.1033482 17.62966 1.311096 0 0.0 0.038159620227954785 2.0765401411282665 0.0 0.0
-0.00299297 -0.004050292 -3.098431 -9.889702 0.872799 0.7395445 -0.01764869 18.37047 nan 0 0.0 0.005036142840127154 10.363709775488939 0.0 0.0
0.04281583 -0.008585635 -6.09767 -6.410917 0.3159362 0.259353 -0.1676847 16.82914 1.809773 0 0.0 0.043668162623839865 8.847679707685456 0.0 0.0
-0.01392749 -0.02534105 10.43615 -11.079 0.9000492 0.7505363 -0.01448358 17.83002 1.489664 0 0.0 0.028916151071721147 15.220297888756974 0.0 0.0
-0.02895521 -0.03057425 -2.526618 -6.942261 0.7250119 0.5917826 -0.006978637 17.96429 1.544571 0 0.0 0.042109250162008345 7.387745685257784 0.0 0.0
-0.03543773 0.001758923 0.5046197 0.08606785 0.4447048 0.3754806 0.1307495 16.45575 1.317374 0 0.0 0.035481354507301846 0.5119069411833682 0.0 0.0
0.04435515 0.007235147 -4.086686 -4.224057 0.7699466 0.6541619 0.1219753 18.64208 1.424704 0 0.0 0.04494136940096629 5.877385473307412 0.0 0.0
0.01415023 -0.02376371 2.971589 -6.338418 0.3193544 0.2702125 0.4513109 17.2527 nan 0 0.0 0.027657601523216002 7.00042026792999 0.0 0.0
-0.02924935 -0.0183654 2.281575 -6.385561 0.1924595 0.16196 0.4456073 16.62868 1.555619 0 0.0 0.03453711615903245 6.78092720543039 0.0 0.0
0.04448077 -0.007218799 -4.299433 -7.627649 0.3631779 0.305324 0.3302273 13.10262 4.738482 1 0.0 0.04506273359213022 8.755921047422138 0.0 0.0
0.03246086 -0.005978171 4.772606 -7.262793 0.736816 0.6699217 0.5290644 18.12184 1.207342 0 0.0 0.03300675628480995 8.690565585281835 0.0 0.0
-0.02977895 -0.01406639 -4.616311 -10.66015 0.9205693 0.7904436 0.2507895 18.88894 1.772924 0 0.0 0.03293401267283718 11.61676053257624 0.0 0.0
-0.02924855 -0.02108146 0.1637281 -1.962416 0.5339904 0.4478849 0.1196248 17.95213 1.325394 0 0.0 0.03605420409375445 1.9692342287766609 0.0 0.0
-0.03881744 -0.003689731 -4.272094 -5.500206 0.8949252 0.7698169 -0.02464885 19.07396 1.521492 0 0.0 0.03899240647877432 6.964413341213458 0.0 0.0
0.03304143 -0.007902878 -5.964064 -5.539916 0.6766309 0.5643356 0.2643973 18.42151 1.620705 0 0.0 0.03397339513689769 8.140069329136699 0.0 0.0
-0.02457777 -0.002544582 -2.492822 -6.015243 0.384445 0.3167902 -0.1370094 17.59018 nan 0 0.0 0.024709141541697153 6.511321668657831 0.0 0.0
0.05479549 0.0137378 -0.8943608 -4.421662 0.4178009 0.3436534 0.06359208 17.92001 1.317421 0 0.0 0.05649135219819136 4.511205613006422 0.0 0.0
0.005328085 -0.02208246 -0.7575017 -8.699228 0.7696579 0.6749132 0.5573579 18.00075 1.428823 0 0.0 0.022716151289750318 8.732146163543467 0.0 0.0
0.06354856 -0.01690327 -2.093729 -8.256553 0.89155 0.7588203 0.1040613 18.83702 nan 0 0.0 0.06575819351811986 8.51788521683933 0.0 0.0
-0.001407892 0.0008344627 3.436272 -7.075792 0.5292285 0.424433 -0.05720197 17.2539 nan 0 0.0 0.0016366086524747722 7.866053501295806 0.0 0.0
0.05712103 0.01416755 3.822454 1.018193 1.08836 0.8516931 -0.03498415 17.86847 1.145357 0 0.0 0.058851776024716536 3.9557390671485146 0.0 0.0
0.006677287 0.008679173 -2.017247 -8.149484 0.8094261 0.6777141 -0.1844852 18.30589 nan 0 0.0 0.010950534491261054 8.395437744707834 0.0 0.0
0.04439362 -0.02483503 3.035347 0.2800186 0.2954171 0.247942 0.4298916 17.44975 1.287746 0 0.0 0.050868184671809355 3.048235854843742 0.0 0.0
-0.004788989 -0.01400863 0.8893504 -6.690153 0.2301214 0.1934319 -0.2259375 17.02175 1.834373 0 0.0 0.014804598276178282 6.749006689683242 1.0 0.0
-0.02536862 -0.009331128 0.08651087 -1.3781 0.2486013 0.2134983 0.1426158 16.65623 1.220306 0 0.0 0.027030294679429304 1.380812710192138 0.0 0.0
-0.02851763 0.009106356 -4.436773 -6.080721 0.9201441 0.7884983 0.1665057 18.86341 1.497055 0 0.0 0.02993628133913155 7.5272918459011535 0.0 0.0
0.008155867 -0.004464477 2.609605 -4.220429 0.99448 0.8911619 0.508757 15.96377 1.260683 0 0.0 0.009297834231971336 4.962061990752031 0.0 0.0
0.03407254 -0.005557188 2.052251 -2.051241 0.7384717 0.6157693 0.3205391 18.64499 1.430748 0 0.0 0.03452275076697892 2.901607107635698 0.0 0.0
0.02968517 -0.01177755 3.508881 -11.02637 1.514182 1.354189 0.4537942 18.93247 1.461647 0 0.0 0.0319361864024401 11.5712177945565 0.0 0.0
0.06515009 0.008339458 -3.523797 -5.374336 0.697393 0.5749307 -0.02257334 18.60276 1.283415 0 0.0 0.06568166248460724 6.426556833803385 0.0 0.0
0.0581486 0.009099123 -2.679898 -5.67498 0.5558234 0.4567334 0.07122933 18.21317 1.615534 0 0.0 0.05885621225774837 6.2759263293002405 0.0 0.0
-0.003574153 -0.005097446 -5.70801 -3.186376 1.469812 1.141887 -0.1722398 18.35504 nan 0 0.0 0.006225634537163662 6.537153063335445 0.0 0.0
-0.01456514 -1.089671e-07 1.355449 -1.221834 0.9251427 0.754756 0.2288597 18.62075 nan 0 0.0 0.014565140000407612 1.8248617249416461 0.0 0.0
-0.01334718 -0.01950258 -0.03231047 -0.9497183 0.1808707 0.1508439 -0.01523394 16.27818 1.158864 0 0.0 0.02363255890945371 0.9502677600689771 0.0 0.0
-0.008093718 0.01869837 2.452785 -6.480391 0.1922435 0.1561952 0.01740081 15.37237 1.66643 0 0.0 0.02037491869236351 6.929041908453578 1.0 0.0
-0.01543649 -0.003322842 0.689471 -1.645682 0.08515263 0.06933877 0.03421222 14.57927 1.737666 0 0.0 0.01579007607572123 1.784275624718614 0.0 0.0
0.0005736785 0.007426268 2.324646 -6.910619 0.2011695 0.1686974 0.1956267 16.7635 1.380435 0 0.0 0.007448393345493123 7.291133930224913 0.0 0.0
-0.03086363 -0.008907348 -3.926078 -1.931235 0.6352715 0.5176784 0.1728194 18.76058 nan 0 0.0 0.03212327046192532 4.375357938193057 0.0 0.0
-0.002306285 0.005082111 1.502198 -6.329163 0.2990641 0.249525 0.2167123 16.78032 nan 0 0.0 0.005580932065304684 6.50499063118257 0.0 0.0
0.05786402 0.01951151 -6.311604 -5.736517 1.06896 0.8699858 -0.3973716 18.75195 nan 0 0.0 0.061065078670550325 8.52900769985026 0.0 0.0
-0.02320505 0.002144012 -4.662085 -3.210954 0.3226368 0.2724873 0.0162489 17.52552 1.737953 0 0.0 0.02330388664919747 5.660853481352525 0.0 0.0
-0.01070479 -0.02775345 -5.440479 -8.016745 0.4973661 0.4444862 0.3511787 17.38476 1.579277 0 0.0 0.02974636979274278 9.68849896240207 0.0 0.0
0.06512678 0.01306588 -7.174309 -8.12859 0.1419963 0.109332 -0.1685509 15.07228 1.860258 0 0.0 0.06642450371167857 10.841802664482554 0.0 0.0
-0.0002189817 0.0049944 0.3685116 -4.047157 0.4414548 0.4092928 0.3856699 17.44578 nan 0 0.0 0.004999198370232461 4.063899676663238 0.0 0.0
0.04646913 0.007674776 -4.822407 -10.84585 1.242617 0.9983283 -0.07194191 18.85161 nan 0 0.0 0.04709864360687127 11.869628111114054 0.0 0.0
-0.01961022 -0.005955721 -2.753919 -7.043028 0.253689 0.219771 0.2900213 17.29828 1.448793 0 0.0 0.02049466616166853 7.5622955025141 0.0 0.0
0.002291303 0.01532839 -1.826446 -4.991594 0.1010589 0.08166445 0.01576988 15.20694 2.044379 0 0.0 0.015498697023618115 5.315253112670365 0.0 0.0
0.002027115 0.01802538 -0.2101038 -4.214852 0.3904138 0.3171188 0.06071605 17.90345 1.574711 0 0.0 0.018139005467985973 4.220085424334256 0.0 0.0
-0.03298089 0.002589468 -6.58997 -11.13175 0.2796227 0.2348684 -0.01288646 17.46828 1.564114 0 0.0 0.03308238881512524 12.936133992170923 0.0 0.0
-0.002649535 -0.00352004 3.730568 -6.046974 0.3607604 0.2984163 0.05716966 17.7667 1.190011 0 0.0 0.004405759561962613 7.105141248370788 0.0 0.0
-0.0267163 -0.007923859 -2.948471 -5.997792 0.2680398 0.2358437 0.1939886 17.0929 1.611946 0 0.0 0.02786661492075923 6.683336749940481 0.0 0.0
0.05236547 0.01559115 -3.124988 -10.75218 1.442645 1.346998 0.5671957 18.93825 nan 0 0.0 0.05463722546619109 11.19709447814673 0.0 0.0
0.05556054 -0.03557713 1.292297 -5.285719 1.004953 0.9388974 0.1527742 19.01754 2.357012 0 0.0 0.0659750390991055 5.44140210636652 0.0 0.0
0.04208025 0.001119271 -2.782899 -8.555158 0.798536 0.6888777 -0.0180646 18.64494 nan 0 0.0 0.04209513282594487 8.996402350337885 0.0 0.0
0.06172563 -0.01729693 -9.177778 -7.878506 1.027309 0.8484342 -0.1292277 18.97503 1.331652 0 0.0 0.0641033320999915 12.095555622182884 0.0 0.0
0.01267243 -0.01300415 -1.652993 -7.134345 0.4250551 0.4017961 0.4432054 17.58847 nan 0 0.0 0.018157598941693807 7.3233369741582965 1.0 0.0
-0.02428261 -0.02107822 -5.857467 -0.8119771 0.4848235 0.4074897 0.09847195 17.30626 1.396524 0 0.0 0.03215488309387083 5.9134783729217615 0.0 0.0
-0.002253295 -0.00140478 -8.440953 -9.76783 1.67187 1.419322 0.2102196 18.22993 nan 0 0.0 0.0026553239360622275 12.909693662403807 0.0 0.0
0.007335597 -0.02175262 -3.914088 -4.037916 0.2091744 0.1749619 0.2430545 16.53212 nan 0 0.0 0.022956207443974908 5.623597646951638 0.0 0.0
-0.01104903 -0.01990474 0.7902881 -6.151334 0.3379802 0.2767085 -0.1037448 17.05587 1.445554 0 0.0 0.02276575802402591 6.201892071018135 0.0 0.0
-0.02394331 -0.004161858 -1.215981 -4.748145 0.126989 0.1050065 0.1054451 16.03857 1.738205 1 0.0 0.024302328196456075 4.901376412130168 0.0 0.0
0.05158059 -0.02008349 -12.69655 -0.940448 1.145654 0.9449801 0.2088108 16.4303 1.486573 0 0.0 0.05535254136286969 12.73133238680084 0.0 0.0
0.04774478 -0.03180795 -0.7511216 -2.734 0.2574085 0.2206127 0.4479116 17.07956 1.821206 0 0.0 0.057369937253328944 2.8353023926887517 0.0 0.0
-0.008490562 0.02414572 -5.344955 -7.004796 0.1467159 0.1215988 0.146635 16.43726 nan 0 0.0 0.025595027591199117 8.811112923668666 0.0 0.0
0.001155023 0.01224613 -0.8183721 -0.05034127 0.3738104 0.3133373 0.1110514 17.21614 1.310078 0 0.0 0.012300478775536706 0.819918982292533 0.0 0.0
-0.007142014 0.01318811 3.21721 -5.98028 0.2554962 0.2104386 0.2659598 17.21916 0.9811478 0 0.0 0.014997820153218799 6.790742894742813 1.0 0.0
0.03745072 -0.01460687 -6.0242 -1.947117 0.2428707 0.2158511 0.4123322 17.04369 1.738746 0 0.0 0.040198471111664184 6.3310544344278865 0.0 0.0
0.009899864 -0.001037131 2.498058 -5.824989 0.2759608 0.2453148 0.2641079 16.35776 nan 0 0.0 0.009954041788623202 6.338043122406552 0.0 0.0
-0.0126393 0.02221886 -0.5204011 -2.47902 0.08298533 0.06787534 0.06689626 13.49002 2.092717 1 0.0 0.025562269934213587 2.5330529929871597 0.0 0.0
-0.02843117 -0.01594092 0.6863606 -4.8418 0.3216638 0.2691658 0.2924179 17.59378 nan 0 0.0 0.03259515850575512 4.890206346692577 0.0 0.0
0.0007850342 0.004677777 3.784841 -5.75427 0.2779843 0.2326236 0.1420703 17.37098 1.311069 0 0.0 0.0047431926333323885 6.887426560637943 0.0 0.0
-0.03060323 0.003305486 2.303892 -8.344978 1.119551 0.9860321 0.07124641 18.94105 nan 0 0.0 0.03078122681325577 8.65716906200566 0.0 0.0
0.03560429 -0.00705118 -7.126629 -1.172945 0.6619974 0.537317 0.0208561 18.08029 nan 0 0.0 0.03629579322451157 7.222509319943173 0.0 0.0
0.0369486 -0.01516553 2.611742 -4.124217 0.9542566 0.8308285 0.5932965 18.86926 nan 0 0.0 0.03993985906511063 4.8816351909634745 0.0 0.0
-0.02077703 0.01500008 -8.268979 -8.216124 0.4544103 0.3865379 0.2120767 18.24586 1.396128 0 0.0 0.025625912191125998 11.656788034695364 0.0 0.0
-0.01697313 0.0218768 -2.575278 -8.509608 0.1021772 0.08380875 0.1070091 14.87035 1.952327 1 0.0 0.027689014432386357 8.890752785391573 0.0 0.0
-0.02132717 -0.007186316 -2.011991 -6.618158 0.07814114 0.06303468 0.2012231 14.16174 2.10309 1 0.0 0.022505361980220538 6.917233774930915 1.0 0.0
-0.02874494 -0.02705704 1.222828 3.311455 0.3759313 0.2814857 -0.4185643 17.37155 nan 0 0.0 0.03947600523311851 3.530020188980369 0.0 0.0
-0.02298828 -0.02114276 -1.890926 -6.015814 0.2333285 0.1958961 0.1279674 17.31876 1.744278 0 0.0 0.031232632258200718 6.30599866952666 0.0 0.0
-0.01866379 0.01866261 -2.816614 -9.758254 0.3937714 0.3335275 0.1095512 18.36818 nan 0 0.0 0.026393750570470276 10.156615359139678 0.0 0.0
-0.03754404 -0.01762242 -2.251812 -5.219464 1.511681 1.229643 -0.01735838 18.81943 nan 0 0.0 0.04147414406805763 5.684493093551966 0.0 0.0
0.01002914 -0.02889778 3.027383 -2.539343 0.5615523 0.4985996 0.2876249 18.57971 1.368126 0 0.0 0.03058864720885839 3.951368206120255 0.0 0.0
0.05722844 0.01712578 -0.05758143 -12.39041 1.173562 1.032499 -0.07191726 18.86393 nan 0 0.0 0.05973597480113638 12.39054379715357 0.0 0.0
-0.003151547 -0.002095265 3.343452 -6.657732 0.1963725 0.1659582 0.1918404 16.46915 1.176319 0 0.0 0.0037844925569267543 7.450105144233067 0.0 0.0
-0.006453632 -0.007790768 -0.8124919 -8.309105 0.5954021 0.4666345 -0.1723681 18.21117 nan 0 0.0 0.010116591917303377 8.348734574089095 0.0 0.0
-0.03593919 0.0002919914 -2.170944 -7.117008 0.3601163 0.3037259 0.1651866 17.83825 1.488182 0 0.0 0.0359403761365094 7.440752698699239 0.0 0.0
-0.02687966 0.009949862 -1.200422 -1.805855 0.2683993 0.2205548 0.03865178 16.186 1.55838 0 0.0 0.02866209824026573 2.168438437933851 0.0 0.0
-0.03984669 -0.006429092 -3.406943 -2.769407 0.7261974 0.5459856 -0.6279277 18.05021 nan 0 0.0 0.04036201094966112 4.390543899894181 0.0 0.0
0.06603704 -0.008785308 -0.4887296 -1.33836 0.5640924 0.4484122 0.06737877 18.2046 1.402195 0 0.0 0.06661885835569734 1.424803183431368 0.0 0.0
-0.00270268 0.007697076 5.053305 -5.679306 0.9333258 0.7231598 -0.3770023 17.29386 1.435616 0 0.0 0.00815778512417286 7.60200026734155 0.0 0.0
0.004351273 -0.01029309 -3.558441 -2.286731 1.070185 0.8484288 0.00685826 18.03581 nan 0 0.0 0.011175029237931728 4.229851181406032 0.0 0.0
