jas1101finalproject/data/gcs/NGC_6652.ecsv
# %ECSV 0.9
# ---
# datatype:
# - {name: x, unit: deg, datatype: float64}
# - {name: y, unit: deg, datatype: float64}
# - {name: pmx, unit: mas / yr, datatype: float64}
# - {name: pmy, unit: mas / yr, datatype: float64}
# - {name: pmx_e, unit: mas / yr, datatype: float64}
# - {name: pmy_e, unit: mas / yr, datatype: float64}
# - {name: pm_corr, datatype: float64}
# - {name: g_mag, unit: mag, datatype: float64}
# - {name: bp_rp, unit: mag, datatype: float64}
# - {name: filter, datatype: int64}
# - {name: memberprob, datatype: float64}
# - {name: r, unit: deg, datatype: float64}
# - {name: pm, unit: mas / yr, datatype: float64}
# - {name: member_prob_GMM, datatype: float64}
# meta: !!omap
# - comments: [deg deg mas/yr mas/yr mas/yr mas/yr dimless mag   mag   zeroone float]
# - __serialized_columns__:
#     bp_rp:
#       __class__: astropy.units.quantity.Quantity
#       unit: &id001 !astropy.units.Unit {unit: mag}
#       value: !astropy.table.SerializedColumn {name: bp_rp}
#     g_mag:
#       __class__: astropy.units.quantity.Quantity
#       unit: *id001
#       value: !astropy.table.SerializedColumn {name: g_mag}
#     pm:
#       __class__: astropy.units.quantity.Quantity
#       unit: !astropy.units.Unit {unit: mas / yr}
#       value: !astropy.table.SerializedColumn {name: pm}
#     pmx:
#       __class__: astropy.units.quantity.Quantity
#       unit: !astropy.units.Unit {unit: mas / yr}
#       value: !astropy.table.SerializedColumn {name: pmx}
#     pmx_e:
#       __class__: astropy.units.quantity.Quantity
#       unit: !astropy.units.Unit {unit: mas / yr}
#       value: !astropy.table.SerializedColumn {name: pmx_e}
#     pmy:
#       __class__: astropy.units.quantity.Quantity
#       unit: !astropy.units.Unit {unit: mas / yr}
#       value: !astropy.table.SerializedColumn {name: pmy}
#     pmy_e:
#       __class__: astropy.units.quantity.Quantity
#       unit: !astropy.units.Unit {unit: mas / yr}
#       value: !astropy.table.SerializedColumn {name: pmy_e}
#     r:
#       __class__: astropy.units.quantity.Quantity
#       unit: &id002 !astropy.units.Unit {unit: deg}
#       value: !astropy.table.SerializedColumn {name: r}
#     x:
#       __class__: astropy.units.quantity.Quantity
#       unit: *id002
#       value: !astropy.table.SerializedColumn {name: x}
#     y:
#       __class__: astropy.units.quantity.Quantity
#       unit: *id002
#       value: !astropy.table.SerializedColumn {name: y}
# schema: astropy-2.0
x y pmx pmy pmx_e pmy_e pm_corr g_mag bp_rp filter memberprob r pm member_prob_GMM
[from data line 3221]
0.01122045 0.05414723 -2.49849 -6.582583 1.963353 1.794433 0.0517418 19.95855 1.301765 0 0.0 0.055297567892949866 7.040799047834627 0.0
-0.001457236 0.01508925 -5.727142 -5.097193 0.518865 0.4554672 0.08084121 18.84287 1.077396 0 0.0 0.015159452573302111 7.666911501211748 0.0
-0.006448934 0.007032388 -5.480006 -5.573572 1.009142 0.9529033 0.5305785 18.89764 nan 0 0.0 0.009541657650476671 7.816339974644143 0.0
-0.02589834 -0.01320433 -2.040119 -2.589442 2.308934 1.983668 0.1021328 19.99831 0.6683922 0 0.0 0.029070231259907445 3.2965581149928176 0.0
-0.005016991 0.03535661 -3.463369 -12.4866 1.697208 1.560926 0.2439842 20.14501 1.198465 0 0.0 0.035710783656847704 12.95801313435671 0.0
-0.06483933 0.005360859 -4.896024 -2.441959 0.6312679 0.5945378 0.2303147 19.13956 0.7057819 0 0.0 0.06506056811976653 5.471216936501147 0.0
0.005866326 0.03830531 1.379576 -5.472025 1.054458 0.9390503 0.07606325 19.3204 1.215904 0 0.0 0.03875191033916104 5.643251504266047 0.0
-0.05079701 0.02507297 -9.251713 -10.71524 1.990108 1.893963 0.5892409 20.22126 1.918695 1 0.04390415 0.05664794832613975 14.156643729781752 0.0
-0.008499129 0.03056889 -4.989792 -5.146102 1.791505 1.596869 0.129353 20.30302 0.3641529 0 0.0 0.031728413600284854 7.168011579069051 0.0
-0.04176343 0.03514851 0.7331305 -1.675019 0.130265 0.1158778 0.00135757 16.54568 1.137362 1 0.0 0.05458572927592889 1.828433477157769 0.0
-0.02436401 -0.008607184 -5.453389 -4.23958 0.1589027 0.1407388 0.05947615 16.81692 1.249161 1 0.9960503 0.025839671044538395 6.907495216192408 0.0
-0.03965994 -0.0300437 -3.481481 0.9932294 0.266988 0.2425375 0.1198066 17.83933 1.081572 0 0.0 0.04975474600973861 3.6203887352583233 0.0
0.009860124 0.02861944 -6.894441 -1.972466 2.086969 1.940037 0.1367174 20.16495 nan 0 0.0 0.0302703549898077 7.171048655785079 0.0
-0.01930843 0.04698565 -5.893831 -4.729037 0.2126134 0.1884655 0.134098 17.11993 0.8828831 1 0.5534953 0.05079829500079112 7.556522666142807 0.0
-0.05164943 0.0378746 -2.0206 -5.404635 1.972973 1.781606 0.1836558 20.12263 1.274073 0 0.0 0.06404802061332497 5.770000333035085 0.0
-0.05412103 0.01765522 2.424575 -2.010036 0.4058487 0.3693494 0.1376405 18.57803 0.9665642 0 0.0 0.05692796045450162 3.1494140172293954 0.0
-0.02863123 -0.03040946 0.8227634 -4.393639 0.5432547 0.4714571 -0.1090364 18.5091 0.7977924 0 0.0 0.0417670035890115 4.470011551965001 0.0
-0.02558527 0.05466303 -6.717598 -5.058773 0.7267956 0.6772105 0.1608275 18.77873 nan 0 0.0 0.06035439412133801 8.409358308166741 0.0
-0.01951535 0.05621716 0.5486206 -4.717895 0.3854254 0.3572134 0.2894526 18.19612 0.8896084 1 0.0 0.05950813359607324 4.749686073180981 0.0
-0.01528348 0.0234612 1.151673 -3.803175 0.4569226 0.4101128 0.1264209 18.63158 0.8743591 0 0.0 0.028000226183915015 3.9737250508249815 0.0
-0.04748523 -0.03887096 -2.188531 -3.379839 1.741838 1.500617 -0.1484676 20.10979 1.203241 0 0.0 0.061366103016848805 4.02653444091591 0.0
-0.05744644 -0.02609002 0.01169956 -5.487265 1.292708 1.168295 0.09945537 20.06972 nan 0 0.0 0.0630934434967216 5.487277472474778 0.0
0.0004884754 0.01497482 -4.159458 -1.7689 0.7698027 0.6983964 0.3025842 19.07603 0.8879452 0 0.0 0.014982784862928693 4.51996659985049 0.0
0.01595369 0.02578042 -4.761293 -3.530905 1.135375 0.9522821 -0.2465818 19.5592 0.687973 0 0.0 0.03031749132089428 5.9276640551632145 0.0
0.0008980997 0.0151007 -5.540211 2.175962 1.133959 0.996293 -0.03494878 19.77726 nan 0 0.0 0.015127383235746363 5.952205351797349 0.0
-0.03691689 0.01896872 -1.762403 0.06684573 0.4605695 0.4271267 0.2276753 18.70191 1.089209 1 0.0 0.04150504915923483 1.7636702316556327 0.0
-0.05303122 0.03611521 -0.5415169 -7.803566 0.5894398 0.5236481 0.07378806 19.19044 1.293655 1 0.0 0.06416088129095875 7.822332316473241 0.0
-0.008112195 -0.0003987798 -6.951715 -5.327171 0.2942067 0.2627081 0.08723017 17.82379 nan 0 0.0 0.008121990707142743 8.758144341381113 0.0
0.0001044545 0.01554703 -2.737572 -1.665696 1.222899 1.088736 0.1562395 19.63799 0.8454494 0 0.0 0.01554738089079541 3.2045036463702146 0.0
-0.06334839 -0.003301238 -2.358297 -2.398364 1.113291 1.06122 0.3691297 19.8347 0.970129 0 0.0 0.06343434943250183 3.3635865704192898 0.0
-0.01075081 0.0170341 -1.175679 -3.852501 1.085836 1.053955 0.4161088 19.68763 nan 0 0.0 0.020143000731422812 4.027900826242126 0.0
0.02765671 0.03128595 1.336375 2.707325 0.3042253 0.2728732 0.2223021 17.74354 1.127224 1 0.0 0.041757685225915 3.0191897582381273 0.0
-0.01420405 -0.001810988 -3.907087 -5.059472 0.6867241 0.6329602 0.2927955 19.22361 0.9224949 0 0.0 0.014319033275282379 6.392463198513778 1.0
0.0101175 0.04017794 -3.38287 -0.05336484 1.424032 1.390201 0.5710495 19.89687 0.7501335 0 0.0 0.041432241900404086 3.383290889511014 0.0
-0.01041797 0.01699218 -9.09504 -7.606194 1.527058 1.423143 0.3081408 19.65552 nan 0 0.0 0.019931590003642457 11.856388141724949 0.0
0.01690258 0.03368811 3.802483 -5.086682 0.8856775 0.8013196 0.1746743 19.65763 nan 0 0.0 0.037690661522829495 6.350843308916778 0.0
0.00427918 0.04991353 -0.6526783 -1.16573 3.208639 3.099936 0.5917031 20.46464 nan 0 0.0 0.05009662522099967 1.3360072590337562 0.0
-0.01423824 0.05152228 -3.115284 -4.106158 1.839031 1.749028 0.2902676 20.02454 1.52426 0 0.0 0.05345346401025849 5.154175775196263 0.0
0.0006678473 0.03639053 4.365664 -6.175039 0.7469403 0.6801181 0.2045959 19.41711 0.8894005 0 0.0 0.03639665772700863 7.5624155408452 0.0
-0.04221076 -0.04677615 3.587231 -3.047385 0.2252653 0.2051555 0.2185662 17.40819 1.14747 1 0.0 0.06300600343300708 4.706886612781957 0.0
-0.004479057 0.03180897 0.5264553 -2.508837 1.533833 1.390628 0.27258 20.25795 nan 0 0.0 0.0321227726709596 2.5634777696455826 0.0
-0.06010651 0.009659559 -1.412763 -11.7176 2.201383 1.729176 -0.2452818 20.16581 0.8475437 0 0.0 0.060877743260197986 11.802459449376176 0.0
0.008632037 0.03856449 -1.760358 -0.6678247 0.8295425 0.7825069 0.1700573 19.3676 0.8743763 0 0.0 0.03951875443039 1.882777235387684 0.0
0.003637811 0.02367607 -4.234967 -4.512279 0.8014292 0.7255414 0.1612132 19.52019 0.5544891 0 0.0 0.02395391324014974 6.188344468832517 0.0
-0.005171771 0.05477721 -5.187527 -4.655611 0.8372616 0.7565232 0.1660318 19.46233 1.276262 0 0.0 0.055020813794968 6.970304882790279 0.0
-0.03751802 0.04788006 -4.862584 -10.36047 2.182019 2.047013 0.5261528 20.2189 0.9878063 0 0.0 0.060828463488107276 11.444826856617622 0.0
-0.04688435 0.03413504 -1.84707 -11.62209 0.371324 0.3249429 0.004944099 18.44724 1.048454 1 0.0 0.057994337919525386 11.767949844939006 0.0
-0.02886081 0.04570512 -3.29225 -8.531375 2.418462 2.331831 0.6073743 20.17404 1.475204 0 0.0 0.05405464224347896 9.144575958081655 0.0
0.008555125 0.03766804 -4.405155 -2.476657 0.5222069 0.4609942 0.0201385 18.78756 1.041658 1 0.007358189 0.038627340074191295 5.053634382271238 0.0
0.002511177 0.02160473 -6.046746 -3.057614 0.6276627 0.5317647 -0.07886814 18.90224 0.940403 0 0.0 0.02175018087966693 6.775849803641754 1.0
-0.0439201 -0.004960269 -4.1987 -2.540499 1.255449 1.151261 0.1566773 20.01289 nan 0 0.0 0.04419931506892794 4.907465421070331 0.0
0.006430197 0.04504966 -1.560004 -7.019206 1.325038 1.231827 0.398168 19.91155 0.9499626 0 0.0 0.04550625560925013 7.190470454042072 0.0
0.007068628 0.02226443 -4.652103 -6.812368 0.5959087 0.5182522 -0.008088945 18.85662 1.081545 0 0.0 0.02335958786081818 8.249267851757088 0.0
-0.05340944 -0.0159442 -2.314024 -7.671183 0.3839528 0.3515911 0.143368 18.45835 1.124454 1 0.0 0.05573854855262738 8.012599808555585 0.0
0.004944817 0.04520616 2.669411 -5.488147 0.7541177 0.6888299 0.1973342 19.37026 1.56164 0 0.0 0.045475797047540456 6.1029101730674356 0.0
-0.04659737 -0.02440897 1.755447 -8.419135 0.2779262 0.2514419 0.1004236 17.8253 1.186584 1 0.0 0.05260335262488314 8.60019931850617 0.0
-0.05602814 -0.002914818 -2.115476 1.140175 1.120512 1.050249 0.2523071 19.93822 0.3033619 1 2.054573e-05 0.056103909274066846 2.4031724318494088 0.0
-0.01885845 -0.02132404 -5.649781 -4.229726 0.1704559 0.1427078 -0.06355049 16.70418 1.28389 1 0.9944764 0.028466749345931647 7.057663025608193 0.0
-0.02282113 0.0626098 -0.9558961 -7.328584 3.03255 2.645498 0.2928935 20.61678 0.6914768 0 0.0 0.06663926042894608 7.3906617294428525 0.0
0.02227572 0.01666192 -5.697568 2.07228 2.173499 1.78983 -0.3938794 19.97611 1.203392 0 0.0 0.027817751160092004 6.062724264967359 0.0
-0.04441629 -0.03616093 -7.486574 -5.162006 1.778159 1.583946 0.07473928 20.10899 1.118387 0 0.0 0.057274948064830224 9.093684412905036 0.0
-0.03047376 0.04425881 3.107834 -2.368858 0.8750958 0.8114112 0.3388615 19.40528 1.411961 1 0.0 0.053735391606963286 3.90770014147964 0.0
0.005226436 0.0436383 -3.211241 -6.437769 0.6115179 0.5500286 0.1342792 18.98042 0.9589367 1 2.509555e-06 0.04395016336888972 7.1942295249346895 0.0
0.003945999 0.04475607 1.904742 -8.235069 0.9876188 0.8935728 0.157789 19.41789 1.212114 0 0.0 0.044929686288164766 8.452479134628193 0.0
-0.0006891788 0.01344513 -4.519642 -4.723482 0.5331369 0.4676111 0.03620575 18.41481 0.9512978 0 0.0 0.013462781589822715 6.537464800095523 1.0
-0.0001260246 0.06094191 -2.543542 -6.608441 0.130724 0.1156832 0.06030938 16.49107 1.328342 1 0.0 0.06094204030591613 7.081037943426444 0.0
-0.02250517 0.02894519 1.260282 2.650698 0.987995 0.9006895 0.1912498 19.83235 1.584892 1 0.0 0.036664788297015985 2.9350486549166437 0.0
-0.005015494 0.008993235 -5.184729 -0.009790405 0.4471729 0.4065265 0.1630182 18.39554 1.027481 0 0.0 0.010297254771503957 5.184738243679334 0.0
-0.01755639 -0.005866614 5.771959 -5.332395 1.789528 1.679275 0.3031603 19.6241 nan 0 0.0 0.01851064530633916 7.8581134589484005 0.0
0.004124139 0.02054037 -5.507606 -4.258778 0.1312499 0.1053652 -0.4118332 15.7729 1.181446 1 0.997923 0.020950306017531603 6.962105565453601 1.0
-0.05115865 0.03056974 0.7038427 -9.99274 0.3827085 0.3399652 0.04443903 18.36835 0.8648033 1 0.0 0.05959627902386272 10.017497055349867 0.0
-0.002941751 0.003992261 -5.571739 -4.184826 0.08569936 0.07387043 0.02384671 15.39658 1.229043 0 0.0 0.00495903688614251 6.968288465211311 0.0
-0.02909351 -0.02529792 -0.4458412 -3.41044 0.3069536 0.2891879 0.2249738 17.88911 0.9674568 1 0.0 0.03855407994553235 3.439458586640845 0.0
-0.05261646 -0.01529141 -4.999888 -2.895719 0.4076889 0.3724572 0.1422146 18.53195 1.183109 1 0.04985776 0.05479342189277559 5.777894819006747 0.0
0.00135932 0.04073165 -5.755388 -4.150779 0.6518223 0.5911334 0.1749836 19.19958 0.8861141 0 0.0 0.040754325691696826 7.096017005150495 0.0
0.02351481 0.05496878 0.8978571 -4.878003 0.6128386 0.5171882 -0.2253773 18.65365 1.087374 0 0.0 0.05978723161365226 4.959945628737215 0.0
-0.02940736 -0.00495424 -5.258358 -7.09745 1.066161 0.9577428 0.03949863 19.77338 0.5975914 0 0.0 0.029821759105512203 8.833126590209382 0.0
-0.05359393 0.03503912 -0.7966113 -4.274661 1.063837 1.007997 0.2328666 19.66433 0.7456284 0 0.0 0.064031627054287 4.348254388626393 0.0
-0.01039669 0.05367049 -1.954787 -5.938644 1.017675 0.9244643 0.1969244 19.82868 1.010319 0 0.0 0.05466820520006305 6.252094430997104 0.0
0.002281159 0.03755398 -3.890408 -4.263773 2.294582 2.157288 0.4878098 20.43036 0.2043591 0 0.0 0.03762319896318867 5.771917757729487 0.0
-0.05843006 0.02953526 -2.08198 -7.434522 0.5292768 0.4905186 0.2539672 18.88236 1.200932 0 0.0 0.06547063078107007 7.720541308022645 0.0
-0.02550972 0.05910718 -0.1635387 -3.072406 0.0943852 0.08239586 -0.03783433 15.79792 1.217051 1 0.0 0.06437704980838126 3.076755358365967 0.0
-0.00949829 0.03548975 -0.7125029 2.315546 1.626008 1.446711 0.1738048 20.02077 nan 0 0.0 0.03673880602287723 2.4226872808153366 0.0
-0.03871315 -0.03009287 -2.216146 -5.647962 1.193274 1.124181 0.2013376 19.95074 nan 0 0.0 0.049033547778632135 6.067188627919854 0.0
-0.005784587 0.02582363 0.1977426 -3.39213 1.622773 1.597166 0.5726904 20.06073 0.8965664 0 0.0 0.02646358466152061 3.3978887669779243 0.0
-0.0132664 0.06099814 2.354515 -2.140801 1.708756 1.489206 0.1542556 20.27453 1.511045 0 0.0 0.062424117554192145 3.1822586015008274 0.0
-0.0015854 0.02381346 -0.4491053 -2.864639 1.15488 1.069401 0.3334741 19.69344 nan 0 0.0 0.02386617628216971 2.899629660975534 0.0
-0.03374837 0.03519008 -2.800565 -1.495881 2.426258 2.310859 0.6792993 20.18437 0.9441071 0 0.0 0.04875750412052795 3.1750313833702495 0.0
0.002638357 -0.006414224 -5.110255 -5.066237 0.3452066 0.2630011 -0.5544779 16.04369 nan 0 0.0 0.006935646846662898 7.1959338174551055 0.0
-0.02898292 0.02760053 1.259889 -3.945771 0.648165 0.5996049 0.2389456 19.16603 1.665253 0 0.0 0.040022480033192594 4.142031998519809 0.0
0.002869447 0.01613826 -6.105657 -4.075103 1.239641 1.093943 0.09855027 19.91046 nan 0 0.0 0.016391374619396906 7.340675163924501 0.0
-0.007191304 0.006971295 -5.539398 -4.273897 0.2176921 0.1971063 0.1856533 16.90247 nan 0 0.0 0.01001567806977845 6.996508112552504 1.0
0.007813035 0.04380214 -4.095423 -6.726789 1.721541 1.540743 0.2676326 20.24939 nan 0 0.0 0.04449349373212701 7.875416166746365 0.0
0.0004884635 0.01281189 -5.373445 -4.419869 0.5467488 0.4790306 0.06725391 18.81207 nan 0 0.0 0.012821198148493465 6.957668657329552 1.0
0.005353915 0.03421981 -5.836245 -4.402003 0.9838939 0.8874637 0.1674852 19.77397 0.9439297 0 0.0 0.03463610547193961 7.310224764809492 0.0
-0.04666638 -0.03905363 0.5134366 -7.244396 0.3917848 0.3594605 0.1434353 18.45494 nan 0 0.0 0.06085176282147708 7.262567765400579 0.0
-0.007985693 0.01600443 -4.71897 -3.985427 0.5963308 0.556972 0.3042111 18.97736 nan 0 0.0 0.01788611395231365 6.1767553159591 0.0
-0.0466164 -0.03681056 -7.696963 -4.515715 0.5343764 0.4929115 0.1506012 18.79833 0.8187675 1 0.0199723 0.05939786255812241 8.923840058214513 0.0
-0.002403932 -0.005414767 -7.985098 -0.1340111 1.590386 1.374554 -0.3257514 18.79047 nan 0 0.0 0.005924406360548962 7.986222451480249 0.0
0.0009492774 0.01275466 -7.757192 -4.955532 0.9551814 0.8272843 -6.737429e-05 19.61677 nan 0 0.0 0.012789936641662879 9.204961984054469 0.0
-0.02199626 0.04179703 -0.1721653 -2.457665 0.9474047 0.8774035 0.3181691 19.57902 0.8010921 0 0.0 0.04723163315838761 2.4636879150470925 0.0
0.03833905 0.04184104 -1.423323 -1.201007 0.2689516 0.2264701 -0.1012661 17.52842 1.084703 1 0.0 0.056749937296741576 1.8623281602279442 0.0
0.01162486 0.01316208 -5.550694 -3.54781 0.2271693 0.2038365 0.1950436 17.00566 1.215599 0 0.0 0.017560686773187433 6.587652061071228 1.0
0.006812551 0.02173039 -1.188715 -6.518305 2.497978 1.914922 -0.4492919 20.30975 nan 0 0.0 0.022773245282122198 6.625808888298092 0.0
-0.0002283435 0.006731262 -2.693728 -5.309851 0.380225 0.3400663 0.1246845 18.13414 0.9487896 0 0.0 0.006735133916013567 5.9540480498720365 0.0
0.006810929 0.0006961483 -5.118861 0.5811125 1.266105 1.192333 0.2212246 19.22954 nan 0 0.0 0.006846413389405719 5.151740451049262 0.0
-0.005940764 0.06377222 -1.741384 -5.896351 0.4606003 0.4146477 0.1486401 18.64621 0.9781055 1 0.0 0.06404833113073359 6.148119497102915 0.0
-0.001201106 0.006651145 -7.150883 -4.020355 1.567813 1.435505 -0.161324 19.61181 nan 0 0.0 0.006758726613368897 8.203559106004784 0.0
-0.04059318 -0.00383334 -2.094884 -4.264447 1.878372 1.648948 0.1469472 20.20244 nan 0 0.0 0.04077377537177542 4.751215338128235 0.0
-0.0212011 0.03647191 2.738694 -7.807437 0.87891 0.7606519 -0.02309714 18.60242 1.023848 0 0.0 0.04218633499438059 8.273845377731263 0.0
-0.008060147 -0.009748598 3.221802 5.801199 0.8650279 0.7367307 -0.05638151 18.22204 1.207279 0 0.0 0.012649155411615948 6.6358057509849555 1.0
-0.02638329 -0.01759901 -3.101132 -6.345196 0.9656882 0.8499299 0.1044054 19.6166 1.003498 0 0.0 0.031714399634932396 7.062473501531881 0.0
-0.007065664 0.03643221 -0.6900204 -6.057973 1.162335 1.015487 0.04606061 19.73233 0.6006546 0 0.0 0.03711104327885428 6.097144005281912 0.0
-0.007219687 0.04104798 -8.045988 3.373436 2.095635 1.880823 0.1717132 20.32584 1.403543 0 0.0 0.04167805828560597 8.724562644754176 0.0
