jas1101finalproject/data/gcs/NGC_6362.ecsv
# %ECSV 0.9
# ---
# datatype:
# - {name: x, unit: deg, datatype: float64}
# - {name: y, unit: deg, datatype: float64}
# - {name: pmx, unit: mas / yr, datatype: float64}
# - {name: pmy, unit: mas / yr, datatype: float64}
# - {name: pmx_e, unit: mas / yr, datatype: float64}
# - {name: pmy_e, unit: mas / yr, datatype: float64}
# - {name: pm_corr, datatype: float64}
# - {name: g_mag, unit: mag, datatype: float64}
# - {name: bp_rp, unit: mag, datatype: float64}
# - {name: filter, datatype: int64}
# - {name: memberprob, datatype: float64}
# - {name: r, unit: deg, datatype: float64}
# - {name: pm, unit: mas / yr, datatype: float64}
# - {name: member_prob_GMM, datatype: float64}
# meta: !!omap
# - comments: [deg deg mas/yr mas/yr mas/yr mas/yr dimless mag   mag   zeroone float]
# - __serialized_columns__:
#     bp_rp:
#       __class__: astropy.units.quantity.Quantity
#       unit: &id001 !astropy.units.Unit {unit: mag}
#       value: !astropy.table.SerializedColumn {name: bp_rp}
#     g_mag:
#       __class__: astropy.units.quantity.Quantity
#       unit: *id001
#       value: !astropy.table.SerializedColumn {name: g_mag}
#     pm:
#       __class__: astropy.units.quantity.Quantity
#       unit: !astropy.units.Unit {unit: mas / yr}
#       value: !astropy.table.SerializedColumn {name: pm}
#     pmx:
#       __class__: astropy.units.quantity.Quantity
#       unit: !astropy.units.Unit {unit: mas / yr}
#       value: !astropy.table.SerializedColumn {name: pmx}
#     pmx_e:
#       __class__: astropy.units.quantity.Quantity
#       unit: !astropy.units.Unit {unit: mas / yr}
#       value: !astropy.table.SerializedColumn {name: pmx_e}
#     pmy:
#       __class__: astropy.units.quantity.Quantity
#       unit: !astropy.units.Unit {unit: mas / yr}
#       value: !astropy.table.SerializedColumn {name: pmy}
#     pmy_e:
#       __class__: astropy.units.quantity.Quantity
#       unit: !astropy.units.Unit {unit: mas / yr}
#       value: !astropy.table.SerializedColumn {name: pmy_e}
#     r:
#       __class__: astropy.units.quantity.Quantity
#       unit: &id002 !astropy.units.Unit {unit: deg}
#       value: !astropy.table.SerializedColumn {name: r}
#     x:
#       __class__: astropy.units.quantity.Quantity
#       unit: *id002
#       value: !astropy.table.SerializedColumn {name: x}
#     y:
#       __class__: astropy.units.quantity.Quantity
#       unit: *id002
#       value: !astropy.table.SerializedColumn {name: y}
# schema: astropy-2.0
x y pmx pmy pmx_e pmy_e pm_corr g_mag bp_rp filter memberprob r pm member_prob_GMM
[from data line 14706]
0.04185187 -0.09175329 -5.145899 -13.0341 0.59975 0.7982614 0.2037963 19.95657 2.075941 0 0.0 0.10084763382608934 14.013138097093064 0.0
-0.005110192 -0.02634899 -5.595887 -4.173711 1.434788 0.9502165 0.2825463 19.96347 nan 0 0.0 0.026839957829642058 6.980960881446766 1.0
-0.02326989 0.05569455 -5.502824 -5.599841 0.4207635 0.5254485 0.1683788 19.47387 0.9137554 0 0.0 0.06036034029323062 7.851069430355142 1.0
0.1296152 -0.0061564 -2.329827 -4.323859 0.9876993 1.179277 0.2356154 20.48413 1.300634 1 0.09160905 0.12976132448460906 4.911603658868455 0.0
0.1760926 -0.03348092 -8.363655 -10.6549 0.4747207 0.5587921 0.2638095 19.64368 1.017365 1 0.0 0.17924724761849592 13.54539106002573 0.0
-0.02541936 0.01244897 -6.277681 -4.811514 0.2843533 0.3816109 0.08153337 18.95721 0.7532158 0 0.0 0.02830407597627062 7.9094845413564725 1.0
-0.05313447 -0.1352173 -3.503252 -4.77864 0.621799 0.8762101 0.04295732 19.99995 0.8811722 1 0.161367 0.14528244946128527 5.925215171207203 0.0
0.06811194 -0.1463633 -3.003041 -6.223944 1.000666 1.338786 0.1979188 20.57309 0.9823818 1 0.08955327 0.16143559693405168 6.910552377546748 1.0
0.1572427 -0.07563424 -8.744181 3.792894 0.9781571 1.367872 -0.03714503 19.23426 2.358664 0 0.0 0.17448726304136816 9.53135595054539 0.0
-0.01707637 -0.04992929 -5.535109 -5.192796 0.3630865 0.493823 0.01014086 19.33022 0.8429756 0 0.0 0.052768706752023026 7.589635165111496 1.0
-0.03535062 0.1117255 -5.355834 -4.140518 0.2138602 0.2832065 0.02292511 18.67901 0.7735977 1 0.9740381 0.11718469902096605 6.769700668706113 1.0
0.08375157 0.01525515 -3.296484 -2.391678 1.095947 1.490622 0.1110144 19.91083 0.888319 0 0.0 0.08512957816756406 4.072705540293823 0.0
0.05318115 -0.04533536 -5.849058 -4.556387 0.1264383 0.1686221 0.06246804 17.9199 0.9980431 1 0.9925175 0.06988225512712151 7.414320061956659 1.0
-0.04188353 0.003881215 -8.090937 -6.979808 1.302193 1.977635 0.2099488 20.40462 nan 0 0.0 0.042062975585865595 10.685550114749965 0.0
0.05746475 0.002910904 -7.258093 -6.62695 2.519881 2.78472 0.1555016 20.89101 0.9725647 0 0.0 0.05753842937254819 9.828345755982998 0.0
0.005547418 0.0008802253 -5.605804 -7.5944 0.5835435 0.608886 0.1285656 18.38276 nan 0 0.0 0.005616817875406331 9.439276976888431 0.0
0.07927238 -0.03621324 -6.510656 -5.96576 0.5230682 0.6282877 0.2192825 19.82866 0.8077755 0 0.0 0.08715221731064564 8.83056815431125 1.0
0.02181818 0.003114093 -4.885452 -4.911954 0.2695184 0.410005 -0.05930561 18.8672 nan 0 0.0 0.022039295672163596 6.927837566111087 1.0
-0.06624746 0.0036362 -6.418256 -5.00108 0.7629332 0.9403071 0.4148843 20.12299 0.709671 0 0.0 0.0663471770830651 8.136633901555115 1.0
-0.02914937 0.02503329 -5.199575 -3.785058 0.6156093 0.7824823 0.2016614 19.83161 0.7829781 0 0.0 0.038423318175568856 6.431348555628827 1.0
-0.01896371 0.1168249 -0.9724437 -7.079729 0.2111083 0.2910805 -0.06518053 18.65846 0.9870453 1 0.0 0.11835404326415765 7.146202450470509 1.0
0.03359728 -0.1194961 -1.992278 -6.990993 0.3544159 0.4250888 0.2604951 19.17174 1.136307 1 0.0 0.1241293484177227 7.269329732192164 1.0
0.01942592 0.01807737 -5.021301 -4.475125 0.1570882 0.2068396 0.03464344 18.03073 0.9112911 0 0.0 0.026535969437035834 6.7260841132285885 1.0
0.02255042 0.03545444 -3.40824 -11.22167 0.5646761 0.6448827 0.07654968 19.5223 nan 0 0.0 0.04201831455318026 11.727829189005952 0.0
0.01373824 0.02703817 -6.202745 -5.366961 0.4181482 0.4798994 -0.1027603 19.20886 nan 0 0.0 0.030328235610508236 8.20233600327041 1.0
-0.03708129 0.008069941 -4.388174 -10.40966 0.2043382 0.2803457 -0.003816219 18.65893 0.9146652 0 0.0 0.03794925580044464 11.2967735380451 0.0
0.05970323 -0.07867584 -1.040616 -9.466453 0.9540926 1.307716 0.09684111 20.63132 1.297567 0 0.0 0.09876418111916131 9.52347699428444 0.0
-0.002995758 -0.01357703 1.162013 -3.295566 0.7919423 0.9177048 0.159743 19.31104 nan 0 0.0 0.01390360779134193 3.4944283470297397 0.0
-0.04090679 0.003448005 -7.310174 0.6170447 0.7498575 1.862846 -0.1674841 20.0031 0.8336334 0 0.0 0.04105184778525962 7.33616985027433 1.0
0.009364154 -0.03896928 -5.13021 -4.521653 0.1577217 0.2065487 -0.0470392 17.36685 1.017477 0 0.0 0.04007857487304303 6.838450153105526 1.0
0.06126061 -0.05857623 -4.661536 -4.095407 0.6972423 0.9230889 0.2925181 20.20148 0.939003 0 0.0 0.08475869901423098 6.205020255804569 1.0
0.04930879 -0.06863501 -2.420017 -5.09929 1.272473 1.972015 0.09694474 20.58243 0.9405022 0 0.0 0.08451107246369673 5.6443990631766106 0.0
0.05257038 -0.04762285 -4.369919 -3.537147 1.443188 2.280022 0.1385449 20.5122 0.6982441 0 0.0 0.07093363585399313 5.622063763972266 1.0
0.06268397 -0.03154122 -5.781849 -4.4149 1.397411 1.752132 0.3632653 20.72724 0.6967926 0 0.0 0.07017213588062786 7.274690362400382 1.0
-0.02471302 0.05554054 -6.070005 -4.409247 0.2913111 0.5643494 -0.3119268 19.01426 nan 0 0.0 0.060790500417515894 7.502427594254676 1.0
-0.03421322 0.06801835 -0.3386981 -7.301714 0.8868616 1.07291 0.2732996 20.26908 1.707289 0 0.0 0.07613829758729111 7.309565222415052 1.0
0.1221434 -0.1119615 -0.6379516 -3.51975 2.045883 2.8869 0.4832711 20.97276 1.755966 0 0.0 0.1656936560216172 3.5770969104068957 0.0
-0.0800712 -0.0775445 -6.43292 -9.304402 0.3592603 0.5276816 -0.02005388 19.34938 0.8388596 0 0.0 0.11146545002685809 11.311691133690134 0.0
0.01656863 -0.01532963 -5.692264 -4.555587 0.3480675 0.4491718 0.191153 18.99697 nan 0 0.0 0.022572484489169552 7.290764182187283 1.0
-0.04307815 -0.1402402 -6.033626 -4.250025 1.110283 2.026496 0.1272336 20.66197 0.8313885 1 0.858632 0.14670733009452017 7.38020021466227 1.0
0.181994 -0.04684583 -7.447135 -6.471888 0.388329 0.4532208 0.1210392 19.4813 1.712749 1 4.437669e-05 0.18792644258961774 9.866364781051278 0.0
-0.01794978 0.03921194 -3.188168 -3.836932 0.5224879 0.6415679 0.1731896 19.39418 0.5621586 0 0.0 0.04312506047082137 4.988633316735958 0.0
-0.05200786 -0.0205296 -5.670966 -4.574942 0.1805486 0.2479751 -0.02290934 18.45547 0.7878246 1 0.9985083 0.05591316462104073 7.286285039477937 1.0
0.04275912 0.005954887 -5.493889 -4.899738 0.1540684 0.2004151 0.04859024 18.19605 0.861412 0 0.0 0.04317178502630125 7.361402638965281 1.0
0.05499453 -0.06278025 -3.9032 -2.724357 1.334962 1.947142 0.1862955 20.80767 0.85182 0 0.0 0.08346111741393952 4.759946565188416 0.0
0.0625097 -0.1080333 -9.975596 7.164908 2.306972 4.086841 -0.4355499 20.94177 0.9684944 0 0.0 0.12481448835363625 12.282036565801292 0.0
0.0142582 -0.02071452 -5.47652 -4.991351 0.2438654 0.2970607 0.2117433 18.65884 0.7486572 0 0.0 0.02514731806913811 7.409848589249378 1.0
0.132988 0.05799713 0.3892914 -3.83831 1.062708 1.117867 0.01245466 20.30674 0.8583279 0 0.0 0.14508437280505748 3.8580009655537877 0.0
0.1444471 -0.002982375 -4.863012 -4.668289 0.4315745 0.4979908 0.2013191 19.56401 0.7666645 1 0.9416827 0.14447788501722547 6.741053916092424 1.0
-0.04665617 0.02232042 -4.29424 -3.143284 1.594658 3.377699 0.4160776 20.61498 nan 0 0.0 0.051720395861258636 5.321722604782779 1.0
-0.01746271 -0.07408422 -5.076579 -6.258853 0.5872066 0.770023 0.2359441 19.97911 0.8209248 0 0.0 0.07611450514555357 8.058839570239005 1.0
0.0495257 0.01441067 -5.049948 -4.570635 0.2470016 0.3316974 0.03023342 18.93646 0.8005238 0 0.0 0.05157967012630946 6.811217153044601 1.0
-0.06074449 -0.1396984 -6.206219 -5.238799 0.991305 1.767506 0.2280051 20.5153 0.8769779 0 0.0 0.15233363393525443 8.121709748468115 0.0
-0.006957712 0.03236637 -4.598853 -6.113502 0.9991708 0.9724869 0.5184498 19.94933 0.4740467 0 0.0 0.03310576480391057 7.650121281366264 1.0
-0.04225959 -0.1212187 -2.387563 -7.918475 0.1019916 0.1395532 -0.08086035 17.49852 0.9142914 1 0.0 0.1283738531658924 8.270592687624871 0.0
-0.02493838 -0.02684193 -5.712864 -4.746907 0.02846996 0.04151552 -0.03938012 14.97645 0.9695091 1 0.9989723 0.03663894107570932 7.427647080276836 1.0
0.04298455 0.005542501 -5.870705 -4.671029 1.106892 1.678316 0.1677 20.52205 nan 0 0.0 0.04334040673594909 7.502245604874982 1.0
0.01102679 -0.01455591 -12.41352 -17.82871 2.462185 2.614272 0.5144689 19.95488 nan 0 0.0 0.01826101348863748 21.724603081633045 0.0
-0.002361188 -0.05651518 -5.294675 -4.615275 0.4272952 0.5105925 0.1629697 19.483 0.9546833 0 0.0 0.05656448337255228 7.023841305243876 1.0
-0.00991342 -0.08286901 -5.416379 -4.801608 0.08028718 0.1159146 -0.07452992 17.12351 1.057995 1 0.9994137 0.0834598628951456 7.2382733339730265 1.0
-0.001284019 0.005191433 -5.500346 -4.059979 0.2589635 0.4075274 -0.1297083 18.6077 0.605217 0 0.0 0.005347866994031359 6.836463676503884 1.0
0.1634687 -0.06899965 -3.485564 -8.559521 0.5278544 0.6559312 0.1131659 19.68326 1.245686 0 0.0 0.17743440359697016 9.241999575175115 0.0
0.05172314 0.03981202 -4.216541 -4.468577 0.1894008 0.2823325 -0.015853 18.50126 0.8589783 1 2.367282e-05 0.06527082156630173 6.143891145651101 1.0
0.05493139 -0.1321848 0.1185353 -4.409873 0.7013907 1.058526 0.01459516 20.26916 1.292122 1 0.0 0.14314425925747806 4.411465798742533 0.0
-0.04708465 0.02214412 -5.001894 -4.197751 0.3137157 0.4329853 0.04942485 19.2479 0.7549362 0 0.0 0.05203197397943787 6.529935454905891 1.0
0.02816468 -0.03556587 -5.458811 -4.675692 0.02957471 0.04417627 -0.008988702 15.13252 1.201907 1 0.9997961 0.045367172144176016 7.187538745118874 1.0
0.07357056 -0.1212938 -2.656658 -6.081738 0.9507977 1.352456 0.2595554 20.51155 0.6669865 0 0.0 0.1418619512665521 6.636668503820874 1.0
-0.02102609 -0.09663953 -4.588923 -2.777585 0.2556888 0.3557823 0.03757899 18.90347 1.012972 0 0.0 0.0989004308347997 5.364064944811351 0.0
0.08944711 -0.03543232 -2.466037 -5.547175 0.1707301 0.2194009 0.1254402 18.34475 0.9387169 1 0.0 0.09620932796737798 6.070625088571522 0.0
0.04351282 0.05464441 -5.309028 -5.170417 0.3537491 0.4373244 -0.00799566 19.33109 0.8284283 1 0.9934262 0.06985253788231678 7.4107347988356045 1.0
0.1369255 0.02216235 -4.534115 -4.771657 1.085226 1.913738 0.161018 20.62621 0.7902203 0 0.0 0.13870747026664607 6.582317932071802 1.0
0.004904785 0.001002434 -5.715135 -5.868964 0.2162204 0.3312245 -0.08458489 18.08533 0.8437138 0 0.0 0.005006175168787145 8.191917144449217 0.0
0.005780018 -0.02185542 -7.245792 -5.73309 1.235632 1.439405 0.5752628 19.91632 nan 0 0.0 0.022606812943374483 9.239579138432877 1.0
0.02527351 -0.01617638 -4.984175 -4.091958 0.2658368 0.3626248 0.0705594 18.99249 0.7388973 0 0.0 0.030007092122105065 6.448730162162858 1.0
0.01147019 -0.1325599 -6.144339 -3.399076 1.239664 2.079011 0.2841474 20.74185 0.862566 1 0.8635407 0.13305522292133481 7.021867230352409 1.0
0.130771 -0.1440124 2.139656 -6.414811 1.122777 1.565478 0.2560363 20.65794 2.226019 1 0.0 0.19452667116557565 6.762242820548298 0.0
0.1034921 0.02004662 -5.276101 -5.911176 0.3586355 0.4270591 0.2056273 19.28299 0.7190571 0 0.0 0.10541575658237434 7.923335375028436 1.0
-0.04633661 0.02339678 -6.571347 -5.735084 0.4469381 0.6107496 0.1400308 19.67423 0.734993 0 0.0 0.051908484283982904 8.722029000265076 1.0
-0.01642369 -0.1189748 -6.020279 -3.032955 0.9197061 1.423577 0.1810216 20.50014 0.9441013 1 0.9021958 0.12010304171109115 6.741110833524843 1.0
0.03231926 0.00564297 -6.216855 -5.038864 0.5534805 0.7707394 0.04072248 19.82928 0.7488384 0 0.0 0.032808195277529366 8.002464401765309 1.0
0.03457321 -0.02479382 -8.28569 -4.468848 3.150623 2.168405 0.7280636 20.54764 nan 0 0.0 0.04254456909990392 9.413992841680091 1.0
-0.09999943 -0.1435829 -5.253637 -10.88307 0.1780596 0.2432342 -0.06360323 18.36657 0.8408527 1 0.0 0.17497409857671764 12.084780277384816 0.0
0.006643721 0.006014533 -5.358529 -4.638135 0.0438313 0.06375705 -0.05886102 15.11327 0.974884 0 0.0 0.00896178754121799 7.087039531572122 1.0
0.07707986 -0.1162388 -5.329441 -4.455284 0.1180093 0.1576584 0.0449837 17.72887 1.019958 1 0.9870325 0.13947316388129868 6.9464017227005375 1.0
-0.03167477 0.07070733 -5.550245 -4.360763 0.1936061 0.2457471 0.07078872 18.44929 0.7712345 1 0.9962205 0.0774778521274422 7.0584327936301845 1.0
-0.0246495 -0.006974682 -6.119613 -5.183042 0.3971679 0.5747633 -0.1637093 19.30344 0.7263699 0 0.0 0.025617260572729554 8.019575278250901 1.0
-0.02125824 -0.02116978 -3.739172 -5.022433 1.000657 1.512531 -0.2363747 20.13336 nan 0 0.0 0.030001205861531634 6.261488679625078 1.0
0.1264803 -0.1207577 -4.893294 -8.850202 2.625299 3.781688 0.574958 20.94907 1.913784 0 0.0 0.17487049035609178 10.11288295251359 0.0
-0.001920581 -0.07300988 -5.284616 -4.391162 0.1234667 0.1710072 -0.02073054 17.88016 0.777113 1 0.9912431 0.07303513681093479 6.870914784633848 1.0
0.02535716 -0.015795 -6.071759 -6.383187 1.085539 1.105764 0.264631 20.12543 nan 0 0.0 0.029874196027100043 8.809729486825916 1.0
0.06267952 -0.1565872 -4.120567 -1.920474 1.116892 2.449488 0.2098318 20.64971 0.7988205 0 0.0 0.16866615970985527 4.546129429103949 0.0
-0.01094453 0.02079874 -5.720168 -5.764604 0.5832056 0.6325341 0.3435563 19.55207 0.7573395 0 0.0 0.023502559913943413 8.12102094721101 1.0
-0.02688927 0.02806477 -6.70837 -7.887368 1.336476 1.405277 0.5723664 20.30847 2.013144 0 0.0 0.03886726329812532 10.354361497664836 0.0
0.06546842 -0.04789843 -2.356939 6.259312 1.278332 1.530284 0.4644757 20.59163 1.270121 0 0.0 0.08111950205567894 6.688359153265097 1.0
0.06249109 0.0552897 -5.175174 -4.887817 0.3732344 0.4638028 0.1038421 19.48223 0.7924938 1 0.9914901 0.0834391230507494 7.118509742619238 1.0
0.02329137 -0.02444466 -5.905762 -5.657727 0.300602 0.421387 0.2610795 18.97598 nan 0 0.0 0.03376432020628432 8.178502283864265 1.0
0.04858064 0.04799723 -7.516351 -10.65649 1.86465 2.433324 0.3401785 20.88765 0.6509457 0 0.0 0.068292112798496 13.04056407811031 0.0
0.1217719 -0.09401508 -0.2942175 -7.960474 1.582377 1.781375 -0.1090148 20.80519 1.045662 1 0.01423801 0.15384157727030884 7.965909253938451 0.0
-0.09127909 -0.1689009 1.498365 -4.820563 0.1469479 0.1957581 -0.1472323 17.92261 0.9655342 1 0.0 0.19198798475956275 5.048061539858047 0.0
-0.03743043 -0.02794138 -7.297306 -7.634914 0.8093506 1.122327 -0.09799061 18.37551 0.8122196 0 0.0 0.04670929036379487 10.561372384545107 0.0
-0.004086488 0.03625039 -5.40031 -4.955057 0.1719268 0.2172782 0.01478717 18.27157 0.8107853 0 0.0 0.036479996701291574 7.329115769951311 1.0
0.1462404 -0.09595131 -4.701588 -3.663254 0.4033479 1.508465 -0.06272649 18.90741 nan 0 0.0 0.1749082859182952 5.960231504753821 0.0
-0.02479182 -0.007409703 -0.6307454 -5.395933 1.380024 2.658908 -0.5219994 20.27389 0.7027779 0 0.0 0.02587543308740182 5.432672703201451 1.0
0.004321687 0.001322979 -5.486134 -4.78004 0.03512418 0.04660814 0.05571108 15.31226 1.172558 1 0.9998655 0.004519651752116528 7.276431039153467 1.0
-0.02098418 -0.02184856 -6.43867 -1.371664 0.669 1.050091 -0.2464525 19.63223 0.6875324 0 0.0 0.030293487490647225 6.583155284344734 1.0
0.03549588 -0.003585416 -8.35694 -0.2913947 0.6072672 0.8745027 -0.5446659 19.38189 nan 0 0.0 0.03567650073742457 8.362018717677454 1.0
0.01461337 0.1356038 -15.16259 -26.27673 0.4152238 0.5845592 0.05777684 19.53305 2.265572 0 0.0 0.13638893341175778 30.33761155728974 0.0
-0.07178274 -0.008220414 -5.054829 -5.093952 0.6072544 0.9099617 -0.06117566 19.97823 0.7188816 0 0.0 0.07225189940921274 7.176325187555606 1.0
0.02826667 0.04191819 -2.202157 -8.789225 0.140821 0.1824167 0.01572568 18.05994 0.8089638 0 0.0 0.050558276135218454 9.060903462308492 1.0
-0.03736802 0.07076792 -4.915276 -5.819178 0.5213544 0.7188917 0.002855568 19.90791 0.8430252 0 0.0 0.0800279165032228 7.61726793226154 1.0
0.01548278 0.05377814 -5.740107 -4.636407 0.4051351 0.4732781 0.07513815 19.48634 0.7145023 0 0.0 0.05596253048592424 7.378692176876469 1.0
0.0412112 0.02674006 -6.146881 -4.599184 0.6093483 0.8503442 0.04003696 20.01019 0.8657017 0 0.0 0.04912630470779988 7.677020222326955 1.0
0.06831634 -0.0151074 -5.717976 -4.032492 0.4622799 0.5492447 0.3175416 19.47208 0.7944508 0 0.0 0.06996681960583602 6.99687367805365 1.0
0.07566971 -0.1164785 -4.751486 -4.59749 0.4226455 0.5272844 0.2364552 19.59789 0.880909 1 0.9226694 0.13889976952368963 6.611621095336302 1.0
