jas1101finalproject/data/gcs/NGC_5904_M_5.ecsv
# %ECSV 0.9
# ---
# datatype:
# - {name: x, unit: deg, datatype: float64}
# - {name: y, unit: deg, datatype: float64}
# - {name: pmx, unit: mas / yr, datatype: float64}
# - {name: pmy, unit: mas / yr, datatype: float64}
# - {name: pmx_e, unit: mas / yr, datatype: float64}
# - {name: pmy_e, unit: mas / yr, datatype: float64}
# - {name: pm_corr, datatype: float64}
# - {name: g_mag, unit: mag, datatype: float64}
# - {name: bp_rp, unit: mag, datatype: float64}
# - {name: filter, datatype: int64}
# - {name: memberprob, datatype: float64}
# - {name: r, unit: deg, datatype: float64}
# - {name: pm, unit: mas / yr, datatype: float64}
# - {name: member_prob_GMM, datatype: float64}
# - {name: member_prob_DB, datatype: float64}
# meta: !!omap
# - comments: [deg deg mas/yr mas/yr mas/yr mas/yr dimless mag   mag   zeroone float]
# - __serialized_columns__:
#     bp_rp:
#       __class__: astropy.units.quantity.Quantity
#       unit: &id001 !astropy.units.Unit {unit: mag}
#       value: !astropy.table.SerializedColumn {name: bp_rp}
#     g_mag:
#       __class__: astropy.units.quantity.Quantity
#       unit: *id001
#       value: !astropy.table.SerializedColumn {name: g_mag}
#     pm:
#       __class__: astropy.units.quantity.Quantity
#       unit: !astropy.units.Unit {unit: mas / yr}
#       value: !astropy.table.SerializedColumn {name: pm}
#     pmx:
#       __class__: astropy.units.quantity.Quantity
#       unit: !astropy.units.Unit {unit: mas / yr}
#       value: !astropy.table.SerializedColumn {name: pmx}
#     pmx_e:
#       __class__: astropy.units.quantity.Quantity
#       unit: !astropy.units.Unit {unit: mas / yr}
#       value: !astropy.table.SerializedColumn {name: pmx_e}
#     pmy:
#       __class__: astropy.units.quantity.Quantity
#       unit: !astropy.units.Unit {unit: mas / yr}
#       value: !astropy.table.SerializedColumn {name: pmy}
#     pmy_e:
#       __class__: astropy.units.quantity.Quantity
#       unit: !astropy.units.Unit {unit: mas / yr}
#       value: !astropy.table.SerializedColumn {name: pmy_e}
#     r:
#       __class__: astropy.units.quantity.Quantity
#       unit: &id002 !astropy.units.Unit {unit: deg}
#       value: !astropy.table.SerializedColumn {name: r}
#     x:
#       __class__: astropy.units.quantity.Quantity
#       unit: *id002
#       value: !astropy.table.SerializedColumn {name: x}
#     y:
#       __class__: astropy.units.quantity.Quantity
#       unit: *id002
#       value: !astropy.table.SerializedColumn {name: y}
# schema: astropy-2.0
x y pmx pmy pmx_e pmy_e pm_corr g_mag bp_rp filter memberprob r pm member_prob_GMM member_prob_DB
0.08726586 -0.2335435 0.829065 -10.44033 4.419872 3.274636 0.007328243 20.93338 -0.320919 1 0.9208728 0.2493148545790836 10.473196230527002 0.0 0.0
0.1408225 -0.1800619 3.723695 -10.51467 0.8805984 0.7566545 -0.1159289 19.27205 0.5994854 1 0.9971059 0.22858972929215346 11.154559142428042 0.0 0.0
0.1366177 -0.2360488 4.627511 -11.853 1.172572 1.202917 -0.4097288 19.7863 0.859251 0 0.0 0.2727332615115545 12.72428650475621 0.0 0.0
0.08457924 -0.1822812 2.421157 -11.06087 1.031035 0.8972519 -0.1143091 19.84687 0.6591625 1 0.9830161 0.2009479626978527 11.322757896181875 0.0 0.0
-0.04832964 -0.2396232 2.74228 -8.057034 0.949939 0.7932541 0.06339885 19.74287 0.7429543 0 0.0 0.2444484241732182 8.510928061942245 0.0 0.0
-0.0668573 -0.182288 3.941168 -7.024829 2.361647 2.719414 -0.390769 20.71308 1.203484 0 0.0 0.19416182299126158 8.054876019124379 0.0 0.0
-0.1141648 -0.1943573 0.6445384 -8.537656 3.141178 3.343119 -0.3230838 20.6631 0.4794483 0 0.0 0.22540710197846475 8.561950696156254 0.0 0.0
-0.2512152 -0.157982 3.599594 -11.68729 0.4543611 0.4538677 -0.1071225 18.66756 1.394094 1 0.3877025 0.2967615019422836 12.22905656659319 0.0 0.0
-0.2017337 -0.2005221 -8.354587 -4.311541 0.7832546 0.7988721 -0.1473921 19.35478 1.094189 1 0.0 0.28443909419083024 9.401516352974664 0.0 0.0
-0.05092386 -0.2953771 4.582122 -4.417558 2.912579 3.414213 -0.4717653 20.64792 0.9355469 0 0.0 0.2997346672003584 6.364798559754111 0.0 0.0
-0.1202068 -0.2351611 2.455349 -10.48708 0.9233081 0.8037452 -0.08399438 19.48078 0.5374737 0 0.0 0.26410304375271787 10.770681762924806 0.0 0.0
0.09606282 -0.1828958 5.16258 -10.70252 0.9324609 1.014794 -0.5315662 19.41167 0.5596142 0 0.0 0.20658881635749887 11.882599320300251 0.0 0.0
0.007808924 -0.2328257 4.133313 -9.598792 1.565131 1.51684 -0.2955594 20.31113 0.9720669 1 0.9930749 0.23295661800972253 10.450889159073164 0.0 0.0
0.1207566 -0.2324992 3.952309 -9.510093 0.3350285 0.3158726 -0.2348517 18.12657 0.6469727 1 0.9992072 0.2619886151041682 10.29867055984072 0.0 0.0
-0.06007212 -0.2185438 -17.62335 -1.642544 0.2740269 0.2211266 0.08588726 17.83807 0.8854942 1 0.0 0.22664962413322992 17.69972926387395 0.0 0.0
-0.112675 -0.2683442 3.193157 -4.884189 2.148374 2.599169 -0.5423685 20.3825 1.083605 1 0.8577592 0.29103997199463855 5.83537092346065 0.0 0.0
-0.1681251 -0.237761 -13.44794 -15.26707 0.3776335 0.3657891 -0.08223725 18.47186 1.316643 1 0.0 0.29119811532873974 20.345282417024837 0.0 0.0
0.06309323 -0.2323079 1.897963 -8.813385 1.307482 1.207313 -0.1737716 20.16067 0.7629623 1 0.9710318 0.2407233185095347 9.015432252953488 0.0 0.0
-0.2479668 -0.1574014 4.293045 -10.28247 0.5209871 0.6645093 -0.4501505 18.65517 0.7215195 1 0.9980118 0.29370518317557825 11.142684805419428 0.0 0.0
0.0129332 -0.2318758 4.613816 -10.33807 0.4612028 0.4221815 -0.1060757 18.75214 0.7760983 1 0.9987025 0.2322362036545551 11.320909389565664 0.0 0.0
-0.1973852 -0.1826353 4.517732 -9.707255 1.054036 1.050555 -0.1343454 19.80655 0.7148037 1 0.9951483 0.26891740364864825 10.707039836427667 0.0 0.0
-0.1175989 -0.2357283 2.099529 -12.62369 1.326014 1.217845 0.04238735 19.99706 0.7496204 1 0.8883574 0.2634337349355621 12.797092296218738 0.0 0.0
0.005765547 -0.3074704 -7.098247 -4.152716 0.3420834 0.2865396 0.07646462 18.09232 0.8119736 1 0.0 0.3075244517243616 8.223755872450555 0.0 0.0
-0.0571314 -0.3028785 0.9088545 -8.900572 0.337108 0.2917424 -0.08717192 18.2821 1.054192 1 0.0 0.3082196986375303 8.946854107973051 0.0 0.0
0.03237933 -0.304587 5.068171 -9.764272 1.35728 1.278893 -0.2629792 20.0647 0.6672115 1 0.9887817 0.3063032183641708 11.00124379219118 0.0 0.0
0.03542776 -0.2101155 5.382576 -10.2692 0.8300152 0.7265051 -0.08455211 19.53256 nan 0 0.0 0.21308132137488636 11.59433452319606 0.0 0.0
-0.04584376 -0.2403217 4.081164 -9.548156 0.6892005 0.5520936 0.1089123 19.14044 0.5217628 1 0.9984692 0.24465520599780335 10.38379422924164 0.0 0.0
0.1310461 -0.1680962 6.472601 -10.72142 2.04798 2.29429 -0.6466995 20.26112 0.8120136 0 0.0 0.2131417668587037 12.523713926850974 0.0 0.0
-0.001311086 -0.2335013 4.565226 -10.73607 0.4794872 0.431039 -0.09501651 18.78915 0.6381111 1 0.9965222 0.2335049807781183 11.666382793135838 0.0 0.0
-0.1598782 -0.27983 -11.4945 -3.163356 0.2564166 0.2440042 -0.1048782 17.83154 1.340841 1 0.0 0.3222822795861417 11.921843457818762 0.0 0.0
0.1245944 -0.1570293 2.48727 -8.992549 0.9777579 0.9751773 -0.3478175 19.64093 0.737627 0 0.0 0.2004543977313793 9.330190221549666 0.0 0.0
-0.09956058 -0.2975202 5.119337 -10.11664 0.7870793 0.7697167 -0.1475054 19.47508 0.7796764 1 0.993298 0.31373647938672417 11.33816635127431 0.0 0.0
-0.03513747 -0.2328496 2.162821 -12.30155 1.070172 0.9436413 -0.06959767 19.8938 1.82914 0 0.0 0.23548583400740034 12.490233267659216 0.0 0.0
-0.03178232 -0.2349536 -0.8840282 -4.277289 1.125103 0.9828947 -0.04978724 19.87695 1.81822 0 0.0 0.2370934626208458 4.367688982507366 0.0 0.0
-0.03225507 -0.2332273 3.573371 -12.31783 1.596887 1.514049 -0.2425123 20.18888 0.8056946 0 0.0 0.235447155442564 12.825674103630616 0.0 0.0
0.1147067 -0.3067377 4.206523 -9.251152 1.201402 1.046684 -0.1177564 19.95343 0.6910839 0 0.0 0.32748380666252797 10.16261034757473 0.0 0.0
-0.2065659 -0.1827835 3.893758 -10.39568 0.9367947 0.8694893 0.04542507 19.58409 0.7612419 1 0.9954449 0.275824724988642 11.100969057923008 0.0 0.0
-0.005581253 -0.2104858 -13.4084 -5.958237 2.686715 2.209123 -0.007360419 20.19389 1.796068 0 0.0 0.21055978340293288 14.672620035568597 0.0 0.0
0.002593234 -0.3037455 -9.841103 2.404226 0.955846 0.7826606 0.06049518 19.81322 1.735674 0 0.0 0.30375656969492654 10.130528659240099 0.0 0.0
0.06237889 -0.3034576 4.255142 -8.837457 1.929971 1.747054 -0.1310009 20.45816 0.7744007 0 0.0 0.30980258377778597 9.80851057332422 0.0 0.0
0.01476389 -0.3036902 -5.218416 -2.025013 1.136933 0.9195374 0.133469 19.91549 1.87677 0 0.0 0.3040488612443272 5.597547963101791 0.0 0.0
-0.1335407 -0.2990493 -11.78495 -4.582642 0.6293659 0.6096046 -0.09168668 19.12718 0.7411098 1 0.0 0.3275112248259287 12.644589918327286 0.0 0.0
-0.205254 -0.1792405 -5.980017 -3.317047 0.6793251 0.7706853 -0.2133312 19.12014 1.187628 1 0.0 0.2725002043233179 6.8383773017067435 0.0 0.0
-0.04858876 -0.234417 2.473927 -9.829321 1.018684 0.8533712 0.06195219 19.8756 0.6035004 0 0.0 0.23939966058317122 10.135870269610303 0.0 0.0
-0.1034449 -0.2145673 1.85004 -17.12534 0.2197119 0.211572 -0.1809826 17.45963 0.867197 1 0.0 0.23820153980463687 17.22497948089344 0.0 0.0
-0.03702729 -0.171935 3.970406 -10.50833 0.9425225 0.8387261 -0.1051605 19.58855 0.7403698 1 0.9984811 0.17587684449564162 11.233393218157016 0.0 0.0
-0.1139719 -0.2776252 2.113266 -11.0342 1.50889 1.541541 -0.1844199 20.16806 0.9123631 1 0.9473717 0.3001088896794795 11.234743558566702 0.0 0.0
0.06814143 -0.2369871 3.870316 -9.803974 0.4820976 0.4105 -0.05154371 18.71721 0.6626835 1 0.9991867 0.2465890103975741 10.54026812431885 0.0 0.0
-0.07035174 -0.2345589 5.958521 -12.97987 1.635003 1.612668 -0.2377625 20.35604 0.8309765 0 0.0 0.24488210406282773 14.282191628890189 0.0 0.0
0.1153319 -0.3040819 4.044411 -10.18288 0.4288817 0.3772146 -0.1251774 18.59727 0.6504421 1 0.9982815 0.325218771083743 10.956655759460594 0.0 0.0
-0.04094678 -0.1787833 3.962296 -9.61316 0.1565833 0.12296 0.0766204 16.72744 0.951952 1 0.9998244 0.18341239639473228 10.397722576469137 0.0 0.0
-0.0584706 -0.2125893 3.900698 -10.64266 0.3208222 0.2732237 0.01406872 18.18358 0.6960831 1 0.9951282 0.22048360832236485 11.334974934370344 0.0 0.0
0.07548999 -0.1820963 3.92306 -10.17884 1.663136 1.516156 -0.231784 20.39836 0.6592388 0 0.0 0.19712382165504527 10.90867469077706 0.0 0.0
-0.09662772 -0.2119718 3.740131 -10.10649 0.8829802 0.6586608 0.1403926 19.21293 0.6996098 1 0.997976 0.23295699231325595 10.776350032235452 0.0 0.0
0.09367193 -0.2472395 0.2016511 -4.100182 0.2106329 0.1935344 -0.2055311 17.3224 0.8399296 1 0.0 0.2643894869887509 4.105137707709111 0.0 0.0
-0.06103584 -0.305008 3.14351 -11.52614 2.233712 2.841735 -0.48122 20.54023 1.925875 0 0.0 0.31105506558888507 11.947115066814247 0.0 0.0
0.1235129 -0.1745619 0.400824 -7.810032 1.880069 2.122567 -0.5252645 20.38937 0.787075 0 0.0 0.2138394103013287 7.820310717612184 0.0 0.0
-0.04456266 -0.239362 1.49746 -7.274394 2.516334 2.7734 -0.3301943 20.56928 0.5175018 0 0.0 0.2434748399943526 7.426923624141828 0.0 0.0
-0.04650094 -0.2943596 5.347802 -7.309855 1.934938 2.164713 -0.4882248 20.4013 0.01866341 0 0.0 0.2980099185145414 9.057205217517653 0.0 0.0
-0.1540958 -0.2543218 -5.351487 -12.38129 0.9973563 0.9306834 -0.03529276 19.78079 0.7292519 1 0.0 0.297363571294266 13.488319212387768 0.0 0.0
-0.08775287 -0.232805 4.418725 -9.53969 0.6315292 0.5617195 -0.1149954 19.1604 0.7032776 1 0.998383 0.24879456227626218 10.513363682557786 0.0 0.0
-0.0707779 -0.2129894 3.48201 -9.713243 0.7946654 0.6571218 0.1251296 19.46642 0.5844383 1 0.9978643 0.2244415194226995 10.318501985130835 0.0 0.0
-0.09065082 -0.2384479 -0.6215871 -11.77414 1.019957 1.004731 -0.1935541 19.75873 1.224182 1 0.001051934 0.2550979658505383 11.7905361736643 0.0 0.0
0.05774029 -0.2354282 3.949743 -10.19145 0.6420893 0.5765646 -0.1311991 19.26251 0.6760826 1 0.9985446 0.24240540102176786 10.930055940778574 0.0 0.0
-0.07594843 -0.2259452 -2.346335 -5.484925 1.382598 1.163118 0.132543 20.25001 1.815016 0 0.0 0.2383681971708997 5.965709529289034 0.0 0.0
0.08497829 -0.2346133 4.205621 -10.7428 1.929188 1.801218 -0.2455208 20.62843 0.6265392 0 0.0 0.24952897689088954 11.53668062467021 0.0 0.0
-0.01979456 -0.1838782 4.265134 -8.666807 1.714746 1.490093 -0.153684 20.25795 1.180504 1 0.9941586 0.1849405770533703 9.659446755027174 0.0 0.0
-0.05563506 -0.247348 -3.732024 -1.280462 2.25347 2.309136 -0.3649715 20.63374 1.196753 0 0.0 0.25352769672208125 3.9455780400367195 0.0 0.0
0.0741174 -0.1807267 0.6690724 -9.97841 2.0913 1.814911 -0.1480044 20.58136 0.7450333 0 0.0 0.19533440320550294 10.000816166920666 0.0 0.0
0.03350684 -0.2455279 5.453042 -11.88538 1.1201 0.8507267 0.1461994 19.58393 0.7501469 0 0.0 0.24780366826420386 13.076617483055928 0.0 0.0
0.1671612 -0.1951141 -4.615696 -4.961152 0.8129814 0.768448 -0.2591956 19.26637 0.9470367 0 0.0 0.2569287426588353 6.776258461091932 0.0 0.0
-0.08871211 -0.2017186 -2.114371 -4.684532 0.2525157 0.2172564 -0.01604536 17.69642 1.755346 1 0.0 0.22036386284191903 5.13959188892124 0.0 0.0
-0.08947965 -0.3021816 -1.081536 -13.69239 0.9562619 0.921763 -0.05648193 19.74342 2.281149 1 0.0 0.3151512766001155 13.735037824170561 0.0 0.0
-0.05127456 -0.2924726 4.253002 -10.10332 1.082221 1.013261 -0.1709686 19.90257 0.9177246 1 0.9937462 0.29693316125679464 10.961984356602777 0.0 0.0
0.1663073 -0.1963673 4.321966 -9.2762 0.6324835 0.5881282 -0.2511688 19.00319 0.7604408 0 0.0 0.25732903944673635 10.23363457160534 0.0 0.0
-0.2072518 -0.1796623 -1.814241 -0.9290688 0.896814 0.7870273 0.1362466 19.35689 0.9156322 1 0.0 0.274284251543048 2.0382932176736595 0.0 0.0
0.03414899 -0.3315139 3.834163 -10.25561 0.5553516 0.4711127 -0.001986672 18.87685 0.7704887 1 0.9967113 0.3332680893983552 10.9488968568833 0.0 0.0
0.1188141 -0.1502496 3.855906 -10.78454 0.6836068 0.6464125 -0.245851 19.03551 0.7149467 1 0.9978898 0.1915508618069102 11.453135557236541 0.0 0.0
-0.05757182 -0.2439304 -6.122845 1.395349 1.509326 1.422684 -0.2045675 20.22164 1.304251 0 0.0 0.25063230937425524 6.279827205092987 0.0 0.0
0.1404177 -0.2686153 6.987613 -12.55348 2.679347 2.971253 -0.5465749 20.62055 0.5112 0 0.0 0.3031028041232545 14.367205558081537 0.0 0.0
0.04961217 -0.2569345 4.949196 -9.29633 0.7855241 0.814705 -0.4716909 19.12166 0.5223846 0 0.0 0.26168053940321756 10.531680422198347 0.0 0.0
-0.07995799 -0.1953575 2.332121 -11.35329 0.9353561 0.8277606 -0.01078124 19.85707 0.7775307 1 0.9669395 0.21108726387702811 11.590340037407918 0.0 0.0
0.0741492 -0.2112352 0.1053231 -7.123706 2.481012 2.164973 -0.224505 20.60779 1.105356 0 0.0 0.22387142198074322 7.124484551869673 0.0 0.0
-0.1109182 -0.2219684 3.188939 -9.860916 0.4757869 0.4226192 0.03287556 18.36441 0.6342449 1 0.9965101 0.24813870655300838 10.363734669740296 0.0 0.0
0.07599648 -0.2568382 -3.803474 -13.20748 4.141649 2.378996 0.2648397 20.78442 1.43362 0 0.0 0.26784571296108217 13.744233060417594 0.0 0.0
-0.03640265 -0.2019435 4.252168 -9.691591 0.4317708 0.3630299 0.0295835 18.67039 0.6627407 1 0.9995899 0.2051982702638414 10.583377004127984 0.0 0.0
0.08863671 -0.1992341 2.808417 -11.4314 1.607293 1.511421 -0.2536406 20.35513 0.843565 0 0.0 0.21806121379657156 11.771325838914196 0.0 0.0
0.07570383 -0.189579 4.000058 -7.416461 1.527327 1.427401 -0.2824686 20.14916 0.9863129 0 0.0 0.20413541367844262 8.426408355158502 0.0 0.0
0.1593889 -0.2553147 2.380947 -5.264855 1.470851 1.483204 -0.4049769 20.02272 1.168272 0 0.0 0.30098242054860946 5.7782009992586785 0.0 0.0
0.1030769 -0.164374 3.134985 -9.301337 0.372373 0.3564594 -0.2496686 18.33452 0.6603394 1 0.9943793 0.1940197391751932 9.815447057459686 0.0 0.0
-0.2024639 -0.1852442 4.070233 -9.552589 0.5603888 0.652981 -0.3042453 18.88548 0.6458874 1 0.9981049 0.27442129005755 10.38358094672594 0.0 0.0
0.02138246 -0.255775 -4.786076 -7.389737 0.6817189 0.520372 0.1947843 18.98905 0.6933193 1 0.0 0.2566672168794675 8.804245362718206 0.0 0.0
-0.2227849 -0.2451162 -0.370127 -5.819879 0.7873721 0.7856437 -0.107207 19.51008 2.340906 0 0.0 0.33123264206664477 5.831636611687152 0.0 0.0
0.01634929 -0.2207795 3.826896 -12.07647 1.367598 1.145649 -0.08404515 20.10313 0.7412376 1 0.983701 0.22138402585497016 12.668317199048815 0.0 0.0
0.0453586 -0.3164279 -15.17677 -8.480802 0.323268 0.2813594 -0.07312541 18.15325 0.9934502 1 0.0 0.3196623507583744 17.385578799571327 0.0 0.0
-0.09982984 -0.2029232 3.719104 -10.90386 1.192305 1.184527 -0.2703917 20.01327 0.717062 1 0.9942253 0.22614999901097854 11.520672613281569 0.0 0.0
0.03216567 -0.2969755 4.577221 -10.19683 0.5874431 0.4897031 0.05163405 18.9764 0.5598755 1 0.9974502 0.2987123665448066 11.177043174817793 0.0 0.0
-0.05375784 -0.2030232 1.85717 -11.10872 1.022992 0.8733047 -0.01009528 19.75483 0.6224651 0 0.0 0.2100198207305815 11.262892188390156 0.0 0.0
0.06446409 -0.185652 7.222639 -9.36251 2.105565 1.862549 -0.1694423 20.65863 0.5673828 0 0.0 0.19652553015709714 11.824682136295293 0.0 0.0
0.1207277 -0.2557189 -8.39661 2.284508 0.2554986 0.2567039 -0.3138579 17.62892 0.9086514 1 0.0 0.28278495957971317 8.701840971551022 0.0 0.0
0.05772579 -0.2588241 2.78269 -8.955018 1.060316 0.8956956 -0.04147736 19.85668 0.7873516 0 0.0 0.2651832980636867 9.37740427924615 0.0 0.0
-0.1430851 -0.261361 -5.670153 -5.145288 1.252012 1.317313 -0.2189637 20.02683 1.539562 1 0.0 0.2979646256907185 7.656671838752984 0.0 0.0
0.107063 -0.2594023 -0.5915197 -5.02391 1.52748 1.378133 -0.1745569 20.01255 2.333153 0 0.0 0.2806279373374825 5.0586131739428435 0.0 0.0
-0.2198804 -0.189861 -4.409223 -1.119129 1.020078 0.9688339 0.007084601 19.73433 0.8601933 1 0.0 0.29050746913833386 4.549032554551571 0.0 0.0
0.04157474 -0.2515467 -9.430269 -3.640469 0.4374749 0.3919123 -0.1274185 18.71282 0.7497406 1 0.0 0.2549592149481121 10.108560132497702 0.0 0.0
0.03396513 -0.2857976 -6.188718 -5.02165 0.2006217 0.1698179 0.03232034 17.13466 0.81217 1 0.0 0.2878087876032921 7.969767826356299 0.0 0.0
-0.01672939 -0.2008588 4.142878 -9.796995 0.595942 0.5170941 0.02432579 18.98568 0.6832161 1 0.9993404 0.2015542855590327 10.636942660036718 0.0 0.0
-0.185879 -0.2560183 -7.532781 -17.12838 0.5521989 0.5359361 -0.1149725 19.0274 1.485212 1 0.0 0.31638010774366015 18.71160578406784 0.0 0.0
-0.07817748 -0.2818895 5.905683 -10.89918 1.832287 2.118004 -0.4689651 20.31584 0.6656971 0 0.0 0.29252932945159604 12.396338829222481 0.0 0.0
-0.1156588 -0.1856045 6.459912 -5.318451 2.915217 3.226886 -0.3898007 20.6432 0.8340454 0 0.0 0.21869153718809056 8.36757934453836 0.0 0.0
-0.08401575 -0.2187867 -6.382452 4.544124 0.831311 0.6567542 0.1836926 19.44886 1.570541 1 0.0 0.23436353458879328 7.834842465530497 0.0 0.0
