jas1101finalproject/data/gcs/NGC_6284.ecsv
# %ECSV 0.9
# ---
# datatype:
# - {name: x, unit: deg, datatype: float64}
# - {name: y, unit: deg, datatype: float64}
# - {name: pmx, unit: mas / yr, datatype: float64}
# - {name: pmy, unit: mas / yr, datatype: float64}
# - {name: pmx_e, unit: mas / yr, datatype: float64}
# - {name: pmy_e, unit: mas / yr, datatype: float64}
# - {name: pm_corr, datatype: float64}
# - {name: g_mag, unit: mag, datatype: float64}
# - {name: bp_rp, unit: mag, datatype: float64}
# - {name: filter, datatype: int64}
# - {name: memberprob, datatype: float64}
# - {name: r, unit: deg, datatype: float64}
# - {name: pm, unit: mas / yr, datatype: float64}
# - {name: member_prob_GMM, datatype: float64}
# meta: !!omap
# - comments: [deg deg mas/yr mas/yr mas/yr mas/yr dimless mag   mag   zeroone float]
# - __serialized_columns__:
#     bp_rp:
#       __class__: astropy.units.quantity.Quantity
#       unit: &id001 !astropy.units.Unit {unit: mag}
#       value: !astropy.table.SerializedColumn {name: bp_rp}
#     g_mag:
#       __class__: astropy.units.quantity.Quantity
#       unit: *id001
#       value: !astropy.table.SerializedColumn {name: g_mag}
#     pm:
#       __class__: astropy.units.quantity.Quantity
#       unit: !astropy.units.Unit {unit: mas / yr}
#       value: !astropy.table.SerializedColumn {name: pm}
#     pmx:
#       __class__: astropy.units.quantity.Quantity
#       unit: !astropy.units.Unit {unit: mas / yr}
#       value: !astropy.table.SerializedColumn {name: pmx}
#     pmx_e:
#       __class__: astropy.units.quantity.Quantity
#       unit: !astropy.units.Unit {unit: mas / yr}
#       value: !astropy.table.SerializedColumn {name: pmx_e}
#     pmy:
#       __class__: astropy.units.quantity.Quantity
#       unit: !astropy.units.Unit {unit: mas / yr}
#       value: !astropy.table.SerializedColumn {name: pmy}
#     pmy_e:
#       __class__: astropy.units.quantity.Quantity
#       unit: !astropy.units.Unit {unit: mas / yr}
#       value: !astropy.table.SerializedColumn {name: pmy_e}
#     r:
#       __class__: astropy.units.quantity.Quantity
#       unit: &id002 !astropy.units.Unit {unit: deg}
#       value: !astropy.table.SerializedColumn {name: r}
#     x:
#       __class__: astropy.units.quantity.Quantity
#       unit: *id002
#       value: !astropy.table.SerializedColumn {name: x}
#     y:
#       __class__: astropy.units.quantity.Quantity
#       unit: *id002
#       value: !astropy.table.SerializedColumn {name: y}
# schema: astropy-2.0
x y pmx pmy pmx_e pmy_e pm_corr g_mag bp_rp filter memberprob r pm member_prob_GMM
0.04015316 -0.03335451 1.493019 -4.420708 1.484792 1.004158 0.476835 19.98132 nan 0 0.0 0.05219961298061222 4.666022391247711 0.0
0.05414363 0.03037614 -7.00632 -4.786219 0.7106956 0.5121191 0.3476028 19.12671 1.269011 1 0.0 0.0620825462660521 8.485069961901376 0.0
0.03190248 -0.01376174 2.888553 -6.651278 0.1088484 0.06643163 0.3241278 15.93808 1.434796 1 0.0 0.03474411774643299 7.251430029111016 0.0
0.038812 0.01884814 -1.437307 -3.872577 2.476225 1.541752 0.2306832 20.46314 0.8734932 0 0.0 0.043146537815444704 4.130702607690125 0.0
0.04075019 0.01309114 1.013992 -3.298814 1.370348 0.9864025 0.3632075 19.95931 1.325413 0 0.0 0.04280135431894299 3.451138012693784 0.0
0.03117946 -0.02417187 -3.601189 -2.296837 0.3494298 0.197291 0.4755831 17.80778 1.447042 0 0.0 0.039451717645604484 4.271302192340177 0.0
0.030827 0.006919911 0.5486593 -4.560572 0.2980293 0.1888056 0.1890185 17.76756 1.35165 1 0.0 0.031594130740501804 4.593456649916322 0.0
0.01051043 -0.0299324 -3.684723 -1.717101 1.250926 0.8451665 0.3988497 19.9421 1.091963 0 0.0 0.03172408719797781 4.065171513101261 0.0
0.05303642 -0.03099042 -6.421869 -2.253285 2.247817 1.458219 -0.105524 20.41715 0.7705765 0 0.0 0.061426932026537026 6.8057104511128 0.0
0.0351099 -0.03752436 -3.157136 -4.972615 0.6321653 0.4313226 0.5289062 18.93394 1.267508 0 0.0 0.05138854611116761 5.890195893238272 0.0
0.04882457 -0.03302002 -2.386549 -2.90667 1.387849 0.8199594 0.2923534 20.05618 nan 0 0.0 0.05894200841916824 3.760897049681233 0.0
0.04400318 -0.0356351 -2.572704 -3.567214 1.946718 1.268248 0.3971995 20.32572 nan 0 0.0 0.05662278871728591 4.3981611604637685 0.0
0.01721516 -0.02823752 -3.248604 -2.016077 0.1001716 0.06040644 0.2593056 15.83561 1.468327 1 0.9943908 0.033071426784703435 3.823348587134712 0.0
0.008211669 -0.01916525 -11.64429 -2.032106 3.294293 1.583092 0.5456874 20.28035 nan 0 0.0 0.020850379261012523 11.820276832601511 0.0
0.04789673 0.00350607 -3.554862 -2.37688 0.5782499 0.4165421 0.3336008 18.91448 1.185184 1 0.7486144 0.04802488179618769 4.2762837105884355 0.0
0.0581949 -0.01929496 -4.81367 -6.370454 1.634316 1.060262 0.3943263 20.13467 0.8858776 0 0.0 0.06131021014000523 7.984616649220926 0.0
0.007685226 -0.01935595 0.3770238 -0.3284762 1.654253 0.9841249 0.2263762 20.04231 1.022816 0 0.0 0.020825837295858622 0.500043557835595 0.0
0.04842464 0.007030645 -0.8699783 -4.63626 0.6708738 0.4621134 0.309936 19.00939 1.248825 1 0.0 0.04893235870306708 4.717178079113708 0.0
0.03537303 0.01093367 -1.057305 -4.379801 1.59618 1.113817 -0.1084558 20.06098 1.066008 0 0.0 0.03702426759639953 4.505613239352218 0.0
0.03736771 0.008600397 -3.102422 -1.750515 0.4540784 0.3372673 0.3116926 18.49175 1.393522 0 0.0 0.03834465515820567 3.5622078871549596 0.0
0.04628891 0.00207426 -0.3330222 -5.751557 0.7732533 0.5556745 0.3700487 19.26809 1.311094 1 0.0 0.046335361696394475 5.761190129646985 0.0
0.03673095 0.01076734 -2.078456 -5.783137 0.5155675 0.380931 0.3320747 18.56794 1.54714 0 0.0 0.0382766024952333 6.145295184505379 0.0
0.02391605 -0.04741702 -4.923345 -1.172809 1.979772 1.327318 0.8289345 19.69983 nan 0 0.0 0.05310697913911975 5.061107283935601 0.0
0.02400186 -0.03342282 -4.56923 -8.682386 1.340541 0.7661588 0.8728746 18.84049 1.184513 1 0.0 0.04114819777599014 9.811304166414168 0.0
0.04780269 -0.02481421 5.680101 -5.719839 0.256568 0.1589388 0.1836572 17.59093 1.423761 1 0.0 0.05385946703375555 8.061023852844128 0.0
0.03885024 -0.03604918 -6.432371 -5.831611 2.380477 1.469894 0.8350874 19.69608 1.210924 0 0.0 0.05299891061833253 8.682343205434925 0.0
0.05508518 0.02843404 -6.373636 -7.07909 1.640775 1.112586 0.03537255 20.21349 0.8587265 0 0.0 0.06199090002858484 9.525584028740495 0.0
0.05117685 0.02803136 -4.880692 -3.68968 0.8803051 0.6422733 0.2798093 19.41628 1.061251 0 0.0 0.05835089647445102 6.1184060752179565 0.0
0.05078856 0.02743643 -4.827626 -5.578706 0.3811447 0.2732307 0.359176 18.07867 1.441135 0 0.0 0.05772551877652119 7.377528951506189 0.0
0.042145 -0.04170745 -0.3714835 -5.433466 0.9503895 0.6337531 0.5581727 19.34097 1.139097 0 0.0 0.059293443233653584 5.446150270046563 0.0
0.03516476 -0.03943363 -7.462386 -5.078852 1.453278 0.9235222 0.8320562 19.22573 1.193628 0 0.0 0.0528353245550219 9.026734872084146 0.0
0.05735221 0.0158388 -5.630977 -3.546384 1.935181 1.322248 0.2198481 20.29475 nan 0 0.0 0.05949910568507816 6.654678162765274 0.0
0.0598677 0.002228675 -2.145589 -2.784485 0.7882497 0.4801919 0.5103736 18.9976 1.232943 1 0.0396052 0.0599091687101868 3.515239518460442 0.0
0.0593308 -0.0194767 -6.957232 -5.342727 1.966771 1.200613 0.3942545 20.25285 nan 0 0.0 0.062445861924790506 8.771990019280288 0.0
0.02341761 -0.04648423 0.2040631 -5.996167 2.203124 1.301506 0.0978186 20.43118 nan 0 0.0 0.05204966951677023 5.999638359157209 0.0
0.02154098 -0.006027121 5.955439 -8.337206 2.439385 1.438589 0.4741519 20.20366 nan 0 0.0 0.022368281268551702 10.245792188462394 0.0
0.04674396 -0.04050556 -2.195568 0.200412 0.9689165 0.6550145 0.5156656 19.51323 1.13233 0 0.0 0.06185222863725446 2.204695854844382 0.0
0.0216242 -0.005496893 -3.302419 -0.88457 2.245458 1.321109 0.5285923 20.38592 nan 0 0.0 0.022311921887041668 3.41883537720976 0.0
0.05392275 -0.03147336 -3.584759 -1.86079 1.152396 0.8180712 0.4128968 19.67288 0.9986 0 0.0 0.06243584993617128 4.038940023345358 0.0
0.00843233 -0.0337889 -2.575123 -1.354818 0.1395082 0.08503419 0.2900437 16.30247 1.521729 0 0.0 0.034825191348202236 2.909774953197068 0.0
0.0287644 -0.04423087 -4.279233 -4.602488 0.8728496 0.5716828 0.5220289 19.32622 1.083559 0 0.0 0.05276135487567486 6.284483340612257 0.0
0.05591764 -0.03104509 2.584061 0.7127452 0.8251769 0.5529253 0.281135 18.93579 1.077845 0 0.0 0.0639576428292796 2.6805553476554147 0.0
0.04353341 -0.03224558 -1.64171 -8.808129 1.95222 1.106144 0.7022161 19.82799 nan 0 0.0 0.0541750423697527 8.959818536373435 0.0
0.02458944 -0.004160393 7.892595 -3.361725 3.252939 1.827759 0.63881 20.55208 1.119097 0 0.0 0.024938913958471587 8.578709157539379 0.0
0.05417351 0.03534095 0.1115548 -1.922467 0.6037275 0.4315511 0.3544273 18.83305 1.206299 0 0.0 0.06468192894945697 1.9257008696814881 0.0
0.02830203 -0.006711309 -5.911475 -3.306189 0.8359776 0.5722472 0.4214242 18.93957 2.546551 0 0.0 0.029086879698832956 6.773213593217476 0.0
0.0453262 0.0218214 -4.159852 -2.18664 0.8685957 0.6139879 0.2098282 19.1742 1.101433 0 0.0 0.05030544607097724 4.699549249822157 0.0
0.04040614 -0.02218325 -5.485753 -6.142094 1.277428 0.8466055 0.4254078 19.90871 1.282097 0 0.0 0.04609504019156616 8.23521734272053 0.0
0.04073332 -0.03830618 -0.7041675 -1.519924 2.523427 1.477229 0.3412217 20.58913 1.589485 0 0.0 0.055915711427243775 1.675118155185553 0.0
0.05570563 -0.00961784 -7.664849 -7.050489 0.9093186 0.6277393 0.4748059 19.34126 1.173731 0 0.0 0.05652981567246173 10.414379738223587 0.0
0.008293742 -0.03484366 -0.3047951 -5.235328 0.3565391 0.2336403 0.3906054 18.26235 1.471588 1 0.0 0.03581712995981341 5.244192914125873 0.0
0.04550569 -0.01782673 -2.401765 -7.009074 0.5819892 0.4089703 0.457135 18.72668 1.181253 0 0.0 0.04887289765165352 7.409156055361569 0.0
0.007324079 -0.03556076 -5.53782 2.108201 1.009696 0.6828045 0.4915454 19.67659 1.155807 0 0.0 0.03630715886675576 5.925534727668128 0.0
-0.001596526 -0.02365298 -2.256576 -1.859206 0.6094763 0.4108574 0.4757095 18.89663 0.9694653 0 0.0 0.023706799829354364 2.9238300556311407 0.0
0.05462446 -0.01078466 -4.477173 -3.747958 1.303608 0.9144374 0.4264884 19.86702 1.036079 0 0.0 0.05567890553528509 5.838858385137715 0.0
0.03259164 -0.02725069 1.451928 -2.198584 1.003512 0.6450823 0.6366754 19.4074 1.428816 0 0.0 0.04248311550917258 2.634742211723948 0.0
0.04103818 -0.03791146 12.4196 2.235945 3.350733 1.632961 0.6593154 20.56758 1.149422 0 0.0 0.055869589376010276 12.619267577915329 0.0
0.05731384 -0.007261088 -0.2476046 -4.992274 0.2970813 0.1839117 0.1804856 17.7609 1.402622 1 0.0 0.057771962529321645 4.9984105202571305 0.0
0.02577468 -0.03448175 -0.7781112 -5.479071 1.500089 0.9184254 0.8221671 19.28489 1.082901 0 0.0 0.043050263787402045 5.5340469877483365 0.0
-4.499308e-05 -0.02737802 -3.290342 -3.117793 0.6123341 0.3905846 0.4328726 19.02418 1.186491 0 0.0 0.02737805697082333 4.5328780777573305 0.0
0.02832495 -0.02770359 -7.425254 -2.847979 1.519281 0.9268246 0.7175661 19.67083 1.185186 0 0.0 0.039620596807602486 7.952696482889121 0.0
0.02935513 -0.006179403 -0.8169272 -1.728478 1.873819 1.092328 0.5745938 19.6053 1.127176 0 0.0 0.029998477940610738 1.9118070631169453 0.0
0.04547139 -0.03580729 3.618123 -3.106886 3.187224 2.282608 0.1982357 20.67595 0.9100742 0 0.0 0.0578775373152331 4.769020304016853 0.0
0.02430902 -0.02110332 -5.672771 -2.247071 1.707505 1.173936 0.4006269 19.85471 1.219919 0 0.0 0.03219128093727865 6.101611172262782 0.0
0.05246507 -0.006290012 -1.192493 -1.567946 0.3752534 0.2119517 0.3854787 17.99589 1.725174 1 0.0001292502 0.05284077801343432 1.9698970059282288 0.0
0.02605475 -0.02002983 -0.2853999 -7.007668 1.188536 0.7987512 0.4950911 19.81538 1.23974 0 0.0 0.03286402421176384 7.0134773045290455 0.0
0.05024488 -0.01471576 -3.527232 -2.202765 0.5096329 0.3666598 0.4109761 18.56155 1.2104 0 0.0 0.05235553035345932 4.158550135209266 0.0
0.04785208 -0.04041824 -0.2262406 -5.884047 2.146137 1.151886 0.2638782 20.44248 0.6181164 0 0.0 0.06263749424285746 5.888394849812414 0.0
0.01073174 -0.03366892 -3.637472 -3.296232 1.544301 1.111832 0.3332757 20.01807 1.046093 0 0.0 0.03533788926059393 4.908803107541389 0.0
0.04923938 -0.03491609 -2.296007 -6.827394 2.090344 1.268774 0.4391924 20.39474 1.058575 0 0.0 0.06036265305362662 7.203121335593687 0.0
0.02943244 -0.03071746 -0.3432682 -3.067732 0.6618207 0.4050318 0.3745228 19.09021 1.239595 0 0.0 0.04254210706118351 3.086877496914194 0.0
0.02566505 -0.02878067 -1.750024 -4.021994 0.2809383 0.1570983 0.495389 17.50561 1.18388 1 0.0 0.03856192107703401 4.386230698060921 0.0
0.05016624 -0.003628311 -5.085005 -4.313482 0.8419984 0.6091634 0.3526717 19.30043 1.13418 1 0.004360363 0.05029727901636749 6.668088392811615 0.0
0.03798825 -0.04647639 4.515756 0.3650779 3.460621 3.118827 0.3178524 20.17586 nan 0 0.0 0.0600263439291 4.530489391291454 0.0
0.05264407 0.02376591 -1.955769 -1.660095 1.339264 0.921712 0.3843565 19.91372 1.276245 1 0.3270736 0.05775999120752184 2.5653358046045356 0.0
0.0487225 -0.01075359 -2.350172 -5.787299 2.494111 1.648804 0.5435983 20.40126 1.591663 1 0.01013578 0.04989510701600008 6.246289950441382 0.0
0.03059932 -0.01733769 -3.085262 -2.078086 1.523674 0.9765915 0.2917893 20.05368 1.218855 0 0.0 0.03516978645085153 3.7198498668682856 0.0
0.03284556 -0.009989252 -2.035523 -2.089015 1.676098 1.068961 0.3719836 20.14565 nan 0 0.0 0.034330976788217143 2.916734056055505 0.0
0.0443109 -0.0272753 1.27206 -5.072336 0.8322347 0.563797 0.5279271 19.25581 1.050879 0 0.0 0.052032661366683906 5.2294100183955745 0.0
0.06535206 -0.002611126 -2.062163 -3.256034 0.4432022 0.3120206 0.4374584 18.23017 1.546423 1 0.0 0.0654042026572565 3.854124238750614 0.0
0.03646418 -0.04826121 0.03812161 -5.206899 1.189318 0.7801842 0.4858739 19.82303 0.9398918 0 0.0 0.06048785674609822 5.207038549247546 0.0
0.02785979 -0.001727307 -3.015829 -1.916423 0.6349138 0.4305793 0.3825432 18.82307 1.30677 0 0.0 0.027913285158081072 3.5732200704924404 0.0
0.01962869 -0.008025706 -3.536311 -3.882142 2.426812 1.442481 0.5405893 20.41773 0.5503597 0 0.0 0.021206070543939443 5.251335258473315 0.0
0.04763238 -0.03543235 1.904111 -4.413406 1.92793 1.16633 0.1234377 20.3969 1.011806 1 0.003114558 0.05936577339668793 4.806640325753218 0.0
0.06290792 -0.01368775 -4.830436 -4.271946 1.056489 0.7567957 0.4455734 19.37941 1.250864 0 0.0 0.0643798174802391 6.448459860851426 0.0
0.0300765 -0.002393488 -2.73238 -1.090734 0.53541 0.3565095 0.4237643 18.62163 1.31237 0 0.0 0.030171586584999868 2.942040299376608 0.0
0.06059867 0.0237127 -3.422359 -0.6266901 0.471992 0.3381545 0.3383729 18.48588 1.193422 1 0.001272538 0.06507296633056542 3.4792645208892945 0.0
0.06038474 -0.01725896 -0.4306789 -5.397384 1.272797 0.8969352 0.4275189 19.86934 1.285421 0 0.0 0.06280277482045837 5.41453953336396 0.0
0.05217624 -0.03418868 -4.670343 -6.711343 2.756659 1.708939 0.1039152 20.67238 0.7285233 0 0.0 0.062379691091572424 8.176443517893217 0.0
0.02336172 -0.04911636 2.869004 -4.226779 1.899405 1.18715 0.2310355 20.356 1.491608 1 0.0009029325 0.05438921566825541 5.108507087873814 0.0
0.03539482 -0.009864068 -2.907906 -2.928658 0.7136353 0.4674302 0.3377765 19.097 0.9730473 0 0.0 0.036743613327230404 4.127100069758426 0.0
0.04262441 -0.01703415 -3.417591 0.2745694 1.453197 0.8699843 0.6235731 19.60217 1.24818 1 0.02337094 0.04590209792668087 3.4286027181196364 0.0
0.06393771 -0.004782861 -2.999349 -5.046531 0.9698659 0.6796155 0.4370803 19.43266 0.8423119 0 0.0 0.06411635141981661 5.870568077942884 0.0
0.06604465 -0.002952908 -11.17639 -5.008815 0.6510752 0.4384023 0.3580593 18.78477 1.096624 1 0.0 0.06611063045591808 12.247445494319416 0.0
0.04990225 0.02905231 -5.562961 -0.3994104 0.3639483 0.2286983 0.1600933 18.01212 1.305206 0 0.0 0.057743149129559954 5.577281036055934 0.0
0.04735509 -0.03610172 -1.571843 0.4717798 2.564087 1.32467 0.3007083 20.51873 0.6539326 0 0.0 0.059546945646829774 1.6411174840141824 0.0
0.04287262 -0.02037019 -1.915128 -0.4575396 0.5520454 0.3678565 0.4779293 18.59097 1.148146 0 0.0 0.047465842311081974 1.9690245661119008 0.0
0.01845981 -0.04214418 -4.546716 -3.65056 0.9355544 0.6454536 0.5274988 19.45085 1.003523 0 0.0 0.04600974345840781 5.830884555387458 0.0
0.04461843 -0.01956972 -9.362736 -4.056617 0.5976054 0.4151241 0.412406 18.76683 1.22035 0 0.0 0.0487214350829622 10.20377218926339 0.0
0.03452877 -0.03527352 -3.544981 -5.222332 0.5146709 0.3426747 0.5778613 18.55485 1.270088 0 0.0 0.04936048187470723 6.3118651608367715 0.0
0.04552636 -0.03698987 -2.409565 -1.102405 1.934369 1.155986 0.3090937 20.51146 nan 0 0.0 0.05865918459599059 2.649773626793429 0.0
0.03939031 0.007150187 2.845121 -5.469913 0.6596727 0.4391588 0.230486 19.04668 1.725454 0 0.0 0.040034006744654835 6.165603111797743 0.0
0.03159495 -0.02452102 3.578061 -2.576606 1.332945 0.7908243 0.8829375 18.89274 nan 0 0.0 0.039994015644129806 4.409242451822875 0.0
0.02843441 -0.0336431 -6.256653 -5.410115 2.349339 1.446661 0.8376638 19.95875 1.26593 0 0.0 0.04404967479628085 8.271339134362343 0.0
0.03242848 -0.01550329 -12.21927 -14.18486 1.323805 0.8921781 0.4988477 19.7482 2.156904 0 0.0 0.03594382166568408 18.722201060572445 0.0
0.05145325 0.02618112 -4.573641 -3.67595 0.1767608 0.1094295 0.1731561 16.99655 1.589424 1 0.0 0.05773116991727172 5.867776444223229 0.0
0.05078865 0.02766531 1.466692 0.5755165 0.9855108 0.7211227 0.3219657 19.38464 nan 0 0.0 0.057834733043549184 1.5755648716051809 0.0
0.06438132 -0.004290994 -1.50163 -7.518496 0.7481502 0.5327372 0.4518848 18.72594 nan 0 0.0 0.0645241582234936 7.666986028350123 0.0
0.006937357 -0.01545919 -3.769889 -2.037892 0.1784849 0.1096987 0.2876554 17.02606 0.8678703 0 0.0 0.016944423200615268 4.285448270132893 0.0
0.04384446 -0.01441198 -1.393686 -6.075763 0.2772238 0.1521136 0.2498129 17.18788 1.555019 1 0.0 0.04615237632248203 6.233558911148992 0.0
0.03103889 -0.03232384 -3.079301 -3.440422 1.195518 0.7956306 0.5827984 19.71503 1.204615 0 0.0 0.04481342795164972 4.617206751563655 0.0
0.05125166 0.007798173 -1.567437 -0.2808797 1.280544 0.9573996 0.3093706 19.84739 nan 0 0.0 0.05184152924917945 1.5924045198507475 0.0
0.0506525 -0.03429486 -3.926254 2.020816 1.029783 0.7076267 0.5209487 18.3165 1.209032 0 0.0 0.06117036193018316 4.415786201614838 0.0
0.03974025 -0.02510319 -2.142665 -5.504014 0.2867731 0.1743587 0.2751017 17.86812 1.490232 1 0.0 0.04700486802703099 5.90636803919473 0.0
0.0419879 -0.01478136 -0.5157747 -3.41859 0.6411245 0.3981899 0.5561198 18.55706 1.195478 0 0.0 0.044513732149299726 3.457279440435802 0.0
0.04198725 -0.0166868 0.6476093 -4.403903 0.4555135 0.2592997 0.4298447 18.12454 1.231876 1 0.0 0.045181616358896455 4.451264925709936 0.0
