jas1101finalproject/data/gcs/NGC_4833.ecsv
# %ECSV 0.9
# ---
# datatype:
# - {name: x, unit: deg, datatype: float64}
# - {name: y, unit: deg, datatype: float64}
# - {name: pmx, unit: mas / yr, datatype: float64}
# - {name: pmy, unit: mas / yr, datatype: float64}
# - {name: pmx_e, unit: mas / yr, datatype: float64}
# - {name: pmy_e, unit: mas / yr, datatype: float64}
# - {name: pm_corr, datatype: float64}
# - {name: g_mag, unit: mag, datatype: float64}
# - {name: bp_rp, unit: mag, datatype: float64}
# - {name: filter, datatype: int64}
# - {name: memberprob, datatype: float64}
# - {name: r, unit: deg, datatype: float64}
# - {name: pm, unit: mas / yr, datatype: float64}
# - {name: member_prob_GMM, datatype: float64}
# meta: !!omap
# - comments: [deg deg mas/yr mas/yr mas/yr mas/yr dimless mag   mag   zeroone float]
# - __serialized_columns__:
#     bp_rp:
#       __class__: astropy.units.quantity.Quantity
#       unit: &id001 !astropy.units.Unit {unit: mag}
#       value: !astropy.table.SerializedColumn {name: bp_rp}
#     g_mag:
#       __class__: astropy.units.quantity.Quantity
#       unit: *id001
#       value: !astropy.table.SerializedColumn {name: g_mag}
#     pm:
#       __class__: astropy.units.quantity.Quantity
#       unit: !astropy.units.Unit {unit: mas / yr}
#       value: !astropy.table.SerializedColumn {name: pm}
#     pmx:
#       __class__: astropy.units.quantity.Quantity
#       unit: !astropy.units.Unit {unit: mas / yr}
#       value: !astropy.table.SerializedColumn {name: pmx}
#     pmx_e:
#       __class__: astropy.units.quantity.Quantity
#       unit: !astropy.units.Unit {unit: mas / yr}
#       value: !astropy.table.SerializedColumn {name: pmx_e}
#     pmy:
#       __class__: astropy.units.quantity.Quantity
#       unit: !astropy.units.Unit {unit: mas / yr}
#       value: !astropy.table.SerializedColumn {name: pmy}
#     pmy_e:
#       __class__: astropy.units.quantity.Quantity
#       unit: !astropy.units.Unit {unit: mas / yr}
#       value: !astropy.table.SerializedColumn {name: pmy_e}
#     r:
#       __class__: astropy.units.quantity.Quantity
#       unit: &id002 !astropy.units.Unit {unit: deg}
#       value: !astropy.table.SerializedColumn {name: r}
#     x:
#       __class__: astropy.units.quantity.Quantity
#       unit: *id002
#       value: !astropy.table.SerializedColumn {name: x}
#     y:
#       __class__: astropy.units.quantity.Quantity
#       unit: *id002
#       value: !astropy.table.SerializedColumn {name: y}
# schema: astropy-2.0
x y pmx pmy pmx_e pmy_e pm_corr g_mag bp_rp filter memberprob r pm member_prob_GMM
[from data line 11237]
0.1196875 0.1561749 -3.630332 -0.9558071 1.410083 0.6494128 0.04901634 20.02209 1.22192 1 0.007044508 0.19676304796953112 3.7540481673300903 0.0
-0.1415581 -0.04177984 0.4499861 -8.953522 1.708953 1.333881 -0.263301 20.38843 2.553818 0 0.0 0.14759488712701263 8.964822569057192 0.0
-0.1055453 0.1523253 -4.699605 -0.3599702 1.016624 0.8154026 0.08641846 20.2351 1.062773 0 0.0 0.18531812478055135 4.713370948791644 0.0
0.02994535 -0.1746206 -4.867598 -0.1917228 0.54443 0.3805514 0.2303731 19.29103 1.220951 1 0.0 0.17716963038563494 4.871372283211769 0.0
-0.007695258 -0.1689918 -9.089513 0.1241232 2.287245 1.893128 0.2142087 20.52084 1.383083 0 0.0 0.16916691598219363 9.090360451926385 0.0
0.1564678 0.06361061 -12.51154 -1.231021 0.5755914 0.3596464 0.3190402 19.31448 2.05467 1 0.0 0.16890376591838352 12.571954735602615 0.0
0.03052437 0.04788975 -8.557941 -0.6924261 0.3403581 0.2859677 0.1947591 18.67863 1.007864 0 0.0 0.05679053899162606 8.585907527072616 1.0
0.1672252 -0.02097526 -5.957685 -4.911229 2.529486 1.528411 0.3972231 20.74607 0.7816982 0 0.0 0.16853554238530102 7.721022008106568 0.0
-0.01757494 0.02899211 -7.248394 -1.313718 1.537036 1.242108 0.1824246 20.17921 nan 0 0.0 0.033903111335918716 7.36648291674935 1.0
0.1155873 -0.09449161 -4.202486 -1.0562 0.7744656 0.5476749 0.1960689 19.77119 1.459486 0 0.0 0.1492953056250668 4.3331797816610385 0.0
-0.06815126 0.06637421 -8.431611 -0.6947738 0.1736448 0.1594168 0.1490029 18.02292 1.24081 1 0.9486452 0.09513217117627297 8.460187627262615 1.0
0.1407527 -0.1168492 -8.733601 3.817567 3.758878 1.951194 0.2534334 20.89085 1.340582 0 0.0 0.18293457327123816 9.531505874031133 0.0
0.1654405 -0.01820599 -29.25191 7.293576 2.654511 2.47426 0.3294555 20.7488 1.089092 0 0.0 0.16643922948671114 30.14747899105124 0.0
0.04976442 0.02689296 -8.084768 -1.140829 0.3712932 0.3582834 0.107546 18.84254 0.9144917 0 0.0 0.05656614531235092 8.164861567783314 1.0
-0.09322681 0.07426076 -8.563251 -3.803718 0.1751255 0.1201615 0.3145265 17.47314 1.292803 1 0.0 0.11918850019424566 9.37003406143889 0.0
-0.02226117 0.01588775 -9.099599 -1.860901 0.579092 0.4346174 0.2873895 19.31323 1.17783 0 0.0 0.027349228322411583 9.287930581814335 1.0
-0.09567996 0.03864237 -6.851839 -0.8043418 0.5838937 0.4711989 0.1912599 19.64907 1.731508 0 0.0 0.10318860162255568 6.8988885636128545 0.0
-0.03097571 0.07343991 -8.650233 -1.102822 1.269402 1.303871 0.2126508 20.51102 nan 0 0.0 0.07970517543304324 8.720249269256756 1.0
0.03137499 -0.0194792 -8.595041 -1.703855 0.7682744 0.7390082 0.2109523 19.52944 nan 0 0.0 0.03693005862627488 8.762297167564338 1.0
0.1220616 0.1488973 -4.535332 1.584918 2.132635 1.617536 0.5304439 20.64161 nan 0 0.0 0.19253425706052937 4.804289897263486 0.0
-0.04109127 0.05656064 -8.449575 0.1171924 1.378383 0.8229554 0.09489808 20.3096 0.7707596 0 0.0 0.06991136150456877 8.450387667985579 1.0
0.03086428 0.04734754 -11.04209 0.4851428 1.904758 1.241537 -0.1235604 20.30208 nan 0 0.0 0.0565189642860695 11.052742424597247 0.0
0.03047014 0.05503095 -6.542157 -0.9240781 1.208868 0.6949011 -0.01075524 19.7194 nan 0 0.0 0.06290337740950083 6.607097588771381 0.0
-0.1019149 0.02572521 -5.780715 -3.266152 0.7984266 0.5983292 0.2118196 19.94527 1.310171 0 0.0 0.10511152777671011 6.639609536586394 0.0
-0.1316876 0.07641666 -8.778572 0.3278246 0.5676986 0.426805 0.331615 19.22766 1.48806 1 0.0243179 0.15225350544179794 8.784690963690707 0.0
-0.01957767 -0.001267948 -7.009039 -2.200225 0.4265647 0.402822 0.1374149 18.86707 nan 0 0.0 0.019618686366818853 7.346265565179767 0.0
-0.07284595 0.007504075 -7.516683 0.3487837 1.806928 1.588305 0.4003127 20.38377 nan 0 0.0 0.07323143841963044 7.524770653772425 1.0
0.09083083 -0.044397 -6.275979 2.228982 1.356453 1.217826 0.4240709 20.40228 1.350374 0 0.0 0.10110060972857136 6.660050537703524 0.0
0.1540698 -0.01404789 -7.144505 -1.691244 1.637415 0.8955626 0.1275471 20.40184 1.586979 0 0.0 0.1547089088756433 7.341951917750551 0.0
0.0460692 -0.03815416 -6.663303 -2.178196 0.8121443 1.704299 -0.09344203 19.04749 nan 0 0.0 0.059817314499612896 7.01028848794577 1.0
0.0161645 0.0562684 -6.213881 -0.1754003 2.151772 1.239753 0.0136936 20.72682 0.7340641 0 0.0 0.05854420465605456 6.216356034478808 0.0
0.1034219 0.06645893 -7.974131 -0.4623819 0.3224117 0.2460344 0.1729092 18.49251 1.113564 1 0.7604209 0.12293444910339371 7.987525413205808 1.0
0.01891216 -0.04310692 -6.926111 -0.4801745 0.7387792 0.510482 0.415659 19.55738 0.955986 0 0.0 0.04707309579528417 6.9427358537374335 1.0
0.07335828 0.04225431 -6.032482 0.6645517 0.4101654 0.3108744 0.1969439 18.87275 1.277903 1 0.0 0.08465733257157645 6.068975864369283 0.0
-0.02093173 -0.001826274 -9.752636 10.16789 0.8998892 0.8537639 0.1754562 18.56726 1.060827 0 0.0 0.021011249308786378 14.088999112804146 0.0
-0.07255498 0.007253367 -5.570213 -1.077824 0.6298503 0.4761939 0.2940797 19.5801 1.120291 0 0.0 0.07291664045769723 5.6735330650614 0.0
0.1086769 0.01934166 -4.21105 0.1531103 0.9239224 0.6092994 0.2962341 20.02379 1.228006 1 0.001084873 0.1103846384474108 4.2138325626994355 0.0
0.04719177 -0.004579743 -9.402231 -2.48144 0.837104 0.7859288 0.2492524 19.77727 0.926096 0 0.0 0.04741347067742404 9.724170517373757 1.0
-0.0969959 -0.1257259 -11.32966 -0.4916505 0.9304527 0.6084621 0.2305121 19.89814 1.698034 0 0.0 0.1587929675634913 11.340322567270752 0.0
-0.006836398 -0.01480165 -8.363266 -1.209874 1.045188 0.5036227 0.2088497 19.14341 0.9391594 0 0.0 0.016304146108794045 8.450326223444394 1.0
0.04020741 0.006612709 -9.419845 -6.506834 1.343696 1.919744 0.335988 20.25636 nan 0 0.0 0.04074756114452472 11.44868413956735 0.0
-0.02856511 0.02994068 -8.534662 -0.7895837 0.288857 0.2185735 0.1832224 18.56124 1.075989 0 0.0 0.04138127388293526 8.571108322355382 1.0
-0.03828039 -0.1695768 -12.53109 4.602071 4.96889 3.050306 0.01026033 20.95275 2.311577 0 0.0 0.17384383611963958 13.349429728536759 0.0
0.03712263 -0.03046021 -7.874197 -0.6474468 0.710278 0.5290193 0.4233772 19.50706 0.949028 0 0.0 0.04801993389584163 7.900769946887406 1.0
0.03879739 -0.0850747 -6.810517 -1.41852 0.1157254 0.09710537 0.1839156 17.10934 1.198475 1 0.0 0.0935037007337255 6.95667598768902 0.0
0.005055845 0.05812063 -6.589195 -1.612975 1.251204 0.8299806 0.01257761 20.01591 0.5610695 0 0.0 0.058340116560227445 6.783743737690126 1.0
0.03143344 0.03333144 -11.67057 -1.96145 1.734685 1.432581 -0.07773648 20.08032 nan 0 0.0 0.04581534723984093 11.834250725221263 0.0
0.006211484 0.0822902 -8.952548 -0.5339189 0.2675392 0.2613756 0.1313003 18.64221 0.9542408 0 0.0 0.08252429672237295 8.968454999835881 1.0
-0.1466728 -0.004454859 -8.459319 -1.180655 0.9565822 0.6610464 0.153751 20.00538 1.200603 0 0.0 0.14674043760514643 8.541312789775704 0.0
0.03293499 -0.140957 -3.575741 -1.4436 0.761388 0.4327041 0.104575 19.54018 nan 0 0.0 0.14475354715964683 3.856151534766366 0.0
0.113886 -0.03729089 -6.510745 -1.434473 0.1457515 0.1034384 0.26766 17.25012 1.367584 1 0.0 0.1198358522020522 6.666896822567003 0.0
0.03269222 -0.04141587 -8.700201 -0.8772863 0.03147559 0.03039216 0.1501414 14.42871 1.445992 1 0.9403255 0.05276415010578016 8.744319795877132 1.0
-0.005566269 0.05194068 -8.581135 -0.8382116 0.2255897 0.1617024 0.2445754 18.02192 1.066383 0 0.0 0.052238085621917285 8.621976372885717 1.0
-0.1347348 0.1212657 -7.444057 -3.149698 1.469641 1.280318 0.1454833 20.53552 1.023174 1 0.1200567 0.1812700646205269 8.0829810163363 0.0
-0.02864481 0.00187962 -5.842534 1.154333 0.7941124 0.6441774 0.2778992 19.59851 0.4548512 0 0.0 0.028706412372159987 5.955475481944745 0.0
0.01529487 -0.05071793 -7.321884 -4.44657 1.977007 1.341654 0.4178179 20.35187 1.274727 0 0.0 0.052973969756870215 8.566327688943263 1.0
-0.05366504 -0.1513022 -5.169213 0.02508347 4.235656 2.120325 0.1909853 20.76665 2.016701 0 0.0 0.1605375103925609 5.169273858080673 0.0
0.08706334 -0.05157468 -2.481281 1.187175 1.440666 1.288049 0.4634864 20.4544 1.405989 0 0.0 0.10119275067443319 2.7506617170393746 0.0
0.04719665 -0.02353885 -7.230167 1.081983 0.4700756 0.3950924 0.1957077 18.85647 0.9803219 0 0.0 0.052740887654124664 7.310677264123893 1.0
-0.08648654 -0.05367025 -8.395171 -0.7916991 0.2957347 0.2770665 0.07475983 18.70668 1.251232 1 0.9442973 0.10178613528489083 8.432418608215663 1.0
0.1107658 0.1227481 -5.747964 0.7515489 0.211809 0.1901605 0.1106102 18.22172 1.052685 1 0.0 0.16533650081954077 5.796888466616139 0.0
0.1287376 0.04561254 -8.633649 -3.59688 0.330343 0.2962764 0.1545428 18.52164 1.149054 1 0.0 0.1365791838422371 9.35293754868496 0.0
0.008170581 0.06125527 -8.502691 -1.429624 0.5546802 0.3432741 0.1612216 19.19271 0.8672409 0 0.0 0.0617977871501113 8.62204030510511 1.0
0.18567 0.006999188 -7.043195 -2.691142 2.101965 1.647817 0.3330559 20.72526 1.294682 0 0.0 0.18580187709670573 7.539817045007723 0.0
0.0002466086 -0.03709357 -9.423207 1.717967 1.420493 0.5787241 0.513672 19.40959 nan 0 0.0 0.037094389752986824 9.578530199249673 1.0
-0.07033715 -0.1267192 -7.098447 -0.8361202 1.741635 1.554469 0.1267637 20.61764 1.51931 0 0.0 0.14493126066781625 7.147520325305626 0.0
0.0309803 0.05429011 -8.532555 -1.705019 0.7618141 0.4416213 -0.003239123 19.16311 0.9428997 0 0.0 0.06250755979801244 8.701240406883722 1.0
0.09797842 0.1410188 -5.812806 0.06626911 0.6091749 0.371263 0.2860389 19.32906 1.059174 1 0.0009171138 0.17171509176288613 5.813183739447447 0.0
-0.01265493 -0.008464481 -8.478889 -0.9857263 0.07320509 0.05793035 0.2264614 16.22633 1.336781 0 0.0 0.015224805151602466 8.535995256139303 1.0
0.09848827 -0.04921725 -6.88319 0.7181978 2.083128 3.692039 0.4617237 20.63902 nan 0 0.0 0.1101012126416208 6.92055725039717 0.0
0.01232796 -0.09883442 -9.475734 -4.149551 2.260341 2.351237 0.4297861 20.69182 1.35141 0 0.0 0.09960030710042013 10.344482023782389 0.0
0.05165851 0.04499274 -9.477401 -1.30402 0.9112026 0.5702405 0.2282585 19.75755 0.9835911 0 0.0 0.06850509694999125 9.566692107264716 1.0
-0.04731333 -0.1644008 -7.642819 -0.1155638 0.723187 0.3999516 0.2961088 19.4199 1.171408 0 0.0 0.17107359304208497 7.643692645484344 0.0
0.1598648 -0.03078736 -5.212624 1.448965 1.533525 1.23659 0.3103378 20.42502 1.204523 0 0.0 0.16280238270618033 5.410263259454293 0.0
0.1088862 0.1230407 -8.7943 -1.363922 0.2688675 0.2466119 0.09636323 18.54688 1.105242 0 0.0 0.1643022166829468 8.899437943605427 0.0
0.04216467 -0.09326794 -6.340986 -2.757698 1.065547 0.7450279 0.2501844 19.22701 1.600172 0 0.0 0.102356084470111 6.914694621702393 0.0
-0.03264122 0.06406835 -8.394676 -0.702425 0.2202571 0.1681463 0.1669216 18.16673 1.142693 1 0.9657975 0.07190412168165952 8.42401246589777 1.0
-0.0165749 -0.02349728 -5.751492 -1.332612 0.1778832 0.1287298 0.3715694 17.48482 1.217014 0 0.0 0.028754990478322192 5.903855940705871 0.0
-0.02507362 0.004600515 -9.009748 1.430341 0.7844671 0.7104774 0.2958102 19.56324 nan 0 0.0 0.02549217837238758 9.122578275892458 1.0
-0.03023472 -0.1738276 -19.19075 -5.294355 2.749827 2.038738 0.1624865 20.76107 1.857801 0 0.0 0.17643744731558095 19.907663861652 0.0
-0.01142548 0.03468812 -4.532483 4.054873 1.522956 0.6082681 0.2551283 19.4954 nan 0 0.0 0.036521326130971754 6.081562068368455 0.0
0.01261597 0.04956472 -8.582559 -1.049832 0.7576457 0.4994671 0.1863898 19.76241 0.800066 0 0.0 0.05114512848472765 8.646529142766187 1.0
-0.1010275 0.01460593 -4.436774 -1.830216 0.8438429 0.6395745 0.1828349 20.05685 1.006266 0 0.0 0.10207785728263942 4.799443106625184 0.0
0.03829093 -0.04578991 -8.539629 -1.166754 0.9229567 0.7835902 0.5668919 19.5365 nan 0 0.0 0.059690126303041116 8.618966199850014 1.0
-0.02754392 -0.002452323 -10.35162 -2.549851 1.134063 2.306505 0.4920488 19.94993 nan 0 0.0 0.027652873576949087 10.6610401343678 0.0
0.04089031 -0.02357063 -7.253868 0.8863378 0.9195761 0.679598 0.3172116 19.85687 0.9635239 0 0.0 0.047197373343153326 7.307817434578729 1.0
0.03484058 0.02882441 -7.895465 -0.9360471 0.5881813 0.3821586 0.264228 19.22719 0.9823437 0 0.0 0.045218498721037836 7.95075793491686 1.0
-0.02783933 0.06592195 -6.844982 -1.826521 1.280073 0.6657607 0.27884 20.01344 0.8765221 0 0.0 0.07155928861197126 7.084487105201406 0.0
-0.02630097 -0.01252908 -8.030214 -0.1493203 0.3860099 0.3437187 0.08611938 19.00722 1.030031 0 0.0 0.029132779966685295 8.031602171284886 1.0
-0.07378102 0.06558359 -5.686818 -0.6108572 0.489631 0.3036838 0.2821492 19.04586 1.2239 1 0.000115874 0.0987159875072346 5.719531928743456 0.0
0.1011108 0.1392026 -4.589652 -3.952595 0.6750975 0.4280586 0.3212223 19.52202 2.089432 1 0.0 0.1720487074156618 6.057054788849858 0.0
0.01156695 -0.06473823 -7.793926 -0.651813 0.6187706 0.4156531 0.3625605 19.4207 1.087152 0 0.0 0.0657634606436994 7.821134360209202 1.0
-0.115681 -0.1557571 -5.903662 -0.746014 1.419121 0.7102957 0.353564 20.01552 1.151331 1 0.1221658 0.19401641157750033 5.950610212275712 0.0
0.02883057 -0.0588812 -1.977341 -2.111637 3.661062 3.00693 0.5496782 20.80262 1.015991 0 0.0 0.06556063971595229 2.8929030834181084 0.0
-0.140364 0.07778421 -9.789025 -3.055773 0.189887 0.1784246 0.1481735 18.10533 1.275246 1 0.0 0.16047565491788496 10.254889520524051 0.0
-0.0005231504 0.01429803 -8.811482 -0.9253246 0.8844909 0.4392382 -0.01056524 18.17352 nan 0 0.0 0.014307597569889927 8.859934573781523 1.0
-0.08967737 -0.1052673 -7.610046 -1.470367 1.654086 1.477559 -0.03121946 20.29532 1.17358 0 0.0 0.13828678584523865 7.750792168340278 0.0
0.04400861 0.05219802 -6.495239 1.499346 1.156138 0.8270145 0.09417537 20.11878 0.7462502 0 0.0 0.06827438059808745 6.666045911545839 0.0
0.05125113 -0.006092798 -11.15325 -3.224298 2.074064 2.747683 0.4257371 20.61807 0.6518421 0 0.0 0.05161201908224192 11.60995620815617 0.0
-0.0277889 -0.002406888 -9.082019 -0.964209 0.7544812 0.5997526 0.3285459 19.2708 1.01763 0 0.0 0.0278929394839365 9.133059077441796 1.0
-0.04310351 -0.164765 -8.048854 0.2226051 0.2048927 0.1308316 0.1963304 17.69822 1.292076 1 0.0 0.17030977012291484 8.05193167779397 0.0
-0.02195314 0.03598392 -8.761502 -0.4528071 0.8316896 0.4576233 0.3861986 19.41359 1.107573 0 0.0 0.0421519021448143 8.773195060285301 1.0
-0.08412875 -0.1109192 -10.47167 -0.8996042 1.373571 1.191691 0.07279035 20.32389 1.507143 0 0.0 0.139214638257629 10.510240734900302 0.0
-0.02028313 0.05830168 -9.325828 -1.735182 1.745003 1.123635 0.2463013 20.49481 nan 0 0.0 0.06172917667861204 9.485880267993476 1.0
0.1936111 -0.02588454 -10.28367 1.436421 1.384319 0.8787465 0.2388456 20.20528 1.204489 0 0.0 0.1953337335285987 10.383504897583522 0.0
0.07890734 0.1460774 -7.574614 -0.1228974 0.07880326 0.06749548 0.1605704 16.49586 1.237247 1 0.0 0.16602703122273674 7.575610933774435 0.0
0.1089406 0.150621 -8.811774 -1.638678 1.102501 0.7030271 0.009857012 20.07346 nan 0 0.0 0.1858890528497039 8.962847015025973 0.0
0.02230318 -0.03948648 -7.947655 -1.349104 0.3391245 0.2600963 0.184964 18.75976 1.045404 0 0.0 0.045349905632788255 8.061346140803098 1.0
-0.04708013 -0.1312582 -3.519326 0.2343968 0.4199171 0.312798 0.1152588 19.03871 1.47253 1 0.0 0.13944623949055385 3.527123098805348 0.0
-0.1167617 0.06592748 -16.1359 -7.634136 0.1858726 0.1916628 0.1006363 18.1315 2.112619 1 0.0 0.1340885051227002 17.8506947001089 0.0
-0.1652603 -0.00933883 -5.280194 -2.128169 3.098041 2.0832 0.08269474 20.81237 0.9838562 0 0.0 0.16552395748609594 5.692938781525496 0.0
-0.04058495 0.01971164 -3.452867 3.080605 2.078833 1.454463 0.6197147 20.20612 nan 0 0.0 0.04511858727832799 4.627355366266351 0.0
0.1088462 0.1499425 -9.879792 0.1760663 0.321276 0.2816397 0.09871605 18.71629 1.13203 0 0.0 0.18528423721593265 9.88136070110082 0.0
0.01506132 -0.06277219 -8.129874 -0.7099142 0.3420762 0.2654437 0.2493601 18.55812 1.057596 0 0.0 0.06455378530759061 8.160810586408536 1.0
0.1516525 -0.082383 -4.645861 1.700747 1.327121 0.9244735 0.1048538 20.26436 1.760788 0 0.0 0.17258458634898424 4.947379588158766 0.0
