jas1101finalproject/data/gcs/NGC_362.ecsv
# %ECSV 0.9
# ---
# datatype:
# - {name: x, unit: deg, datatype: float64}
# - {name: y, unit: deg, datatype: float64}
# - {name: pmx, unit: mas / yr, datatype: float64}
# - {name: pmy, unit: mas / yr, datatype: float64}
# - {name: pmx_e, unit: mas / yr, datatype: float64}
# - {name: pmy_e, unit: mas / yr, datatype: float64}
# - {name: pm_corr, datatype: float64}
# - {name: g_mag, unit: mag, datatype: float64}
# - {name: bp_rp, unit: mag, datatype: float64}
# - {name: filter, datatype: int64}
# - {name: memberprob, datatype: float64}
# - {name: r, unit: deg, datatype: float64}
# - {name: pm, unit: mas / yr, datatype: float64}
# - {name: member_prob_GMM, datatype: float64}
# meta: !!omap
# - comments: [deg deg mas/yr mas/yr mas/yr mas/yr dimless mag   mag   zeroone float]
# - __serialized_columns__:
#     bp_rp:
#       __class__: astropy.units.quantity.Quantity
#       unit: &id001 !astropy.units.Unit {unit: mag}
#       value: !astropy.table.SerializedColumn {name: bp_rp}
#     g_mag:
#       __class__: astropy.units.quantity.Quantity
#       unit: *id001
#       value: !astropy.table.SerializedColumn {name: g_mag}
#     pm:
#       __class__: astropy.units.quantity.Quantity
#       unit: !astropy.units.Unit {unit: mas / yr}
#       value: !astropy.table.SerializedColumn {name: pm}
#     pmx:
#       __class__: astropy.units.quantity.Quantity
#       unit: !astropy.units.Unit {unit: mas / yr}
#       value: !astropy.table.SerializedColumn {name: pmx}
#     pmx_e:
#       __class__: astropy.units.quantity.Quantity
#       unit: !astropy.units.Unit {unit: mas / yr}
#       value: !astropy.table.SerializedColumn {name: pmx_e}
#     pmy:
#       __class__: astropy.units.quantity.Quantity
#       unit: !astropy.units.Unit {unit: mas / yr}
#       value: !astropy.table.SerializedColumn {name: pmy}
#     pmy_e:
#       __class__: astropy.units.quantity.Quantity
#       unit: !astropy.units.Unit {unit: mas / yr}
#       value: !astropy.table.SerializedColumn {name: pmy_e}
#     r:
#       __class__: astropy.units.quantity.Quantity
#       unit: &id002 !astropy.units.Unit {unit: deg}
#       value: !astropy.table.SerializedColumn {name: r}
#     x:
#       __class__: astropy.units.quantity.Quantity
#       unit: *id002
#       value: !astropy.table.SerializedColumn {name: x}
#     y:
#       __class__: astropy.units.quantity.Quantity
#       unit: *id002
#       value: !astropy.table.SerializedColumn {name: y}
# schema: astropy-2.0
x y pmx pmy pmx_e pmy_e pm_corr g_mag bp_rp filter memberprob r pm member_prob_GMM
[from data line 4161]
0.01977044 -0.01492487 5.980954 -1.693748 0.6359944 0.3982945 -0.1061329 18.67245 0.6984634 0 0.0 0.02477139564720769 6.216155808666639 1.0
-0.0928983 0.08556176 6.508982 -2.833387 0.3822066 0.2969102 -0.1502817 18.75184 0.6283836 1 0.9920403 0.12629690778949262 7.098938552212788 1.0
0.006158265 -0.03218131 3.41994 -1.956584 1.303589 0.7209992 -0.09610564 19.53555 0.204174 0 0.0 0.03276523983013591 3.940077480539691 1.0
0.1495599 -0.1126482 5.617736 -2.639573 1.381188 0.7044283 -0.094873 19.94949 0.84235 0 0.0 0.18723723094312733 6.206956048501149 1.0
0.0377209 -0.01291377 7.75564 -3.209868 0.770072 0.6184667 -0.05557129 19.46181 0.6764259 0 0.0 0.03987018626019823 8.393640711099327 1.0
0.0872482 -0.05666416 3.554063 -4.657244 0.9333271 0.5969807 -0.008115019 19.82507 0.7345772 1 0.01233722 0.10403401093750832 5.85843711953154 1.0
-0.08323122 0.04101019 0.2500579 -1.119792 0.4382622 0.2822961 -0.2348425 18.57957 0.8863544 0 0.0 0.0927861609644698 1.1473722484949729 0.0
-0.01872209 0.06977771 11.43147 -2.148128 2.442895 1.042177 0.4744063 20.17894 0.6255226 0 0.0 0.07224572974793873 11.631550209034218 0.0
-0.01566744 -0.06653407 6.848365 -2.243543 0.2886278 0.1797581 -0.1745242 17.99492 0.8571835 1 0.9976015 0.06835386709556746 7.206496261434817 1.0
-0.01621637 -0.02667092 4.570427 -1.72346 0.3756945 0.2483255 -0.06426702 17.76297 0.9909172 0 0.0 0.03121391724252661 4.8845795452555585 1.0
-0.00915703 -0.04289414 17.97119 2.565194 1.489432 0.9889979 -0.2343345 19.18554 0.4263725 0 0.0 0.04386067081977315 18.153343776663736 0.0
0.07716663 -0.1525397 -4.362435 -0.3881995 3.247903 2.209905 0.3299897 20.72904 0.7137413 0 0.0 0.17094750323314728 4.379673273319055 0.0
-0.0433195 0.08789748 6.403846 -2.270658 0.7058687 0.525822 -0.05353238 19.63873 0.7347317 0 0.0 0.09799258171208879 6.794492721659211 1.0
-0.1134618 0.03584849 7.166401 -2.447007 0.5353246 0.3764729 -0.06460476 19.28863 0.5284576 0 0.0 0.11899031176747164 7.572657826077314 1.0
0.006278418 0.030929 5.574355 -2.075681 0.8768973 0.5201656 -0.401918 19.30161 0.5449715 0 0.0 0.03155980946683177 5.948267418314849 1.0
-0.07275102 0.03397868 4.14578 -2.258719 3.110629 2.395161 -0.4144796 20.55962 0.7009811 0 0.0 0.08029484171217227 4.721154872418506 1.0
-0.02391857 0.08596173 7.089795 -2.700275 0.4316243 0.3268427 -0.0319022 19.0171 0.6959934 0 0.0 0.08922733334263554 7.586611774544022 1.0
-0.0385876 -6.469746e-06 7.749364 -3.183178 0.4288308 0.4850881 -0.251114 18.46124 0.6956367 0 0.0 0.03858760054237129 8.37766462590739 1.0
-0.0279258 -0.02751553 11.65167 -4.778115 1.842382 1.447792 -0.5296332 20.24362 nan 0 0.0 0.039204013784571855 12.593323498668848 1.0
-0.02532824 -0.0707097 11.78049 -0.440774 0.8093019 0.5015154 -0.1722041 19.26676 0.6822987 0 0.0 0.07510913004147765 11.788733026037022 0.0
0.0373385 -0.04317127 1.671895 -0.4038114 0.8455248 0.6205242 0.2673017 19.57951 0.1366196 0 0.0 0.057078210690796 1.7199699235146408 0.0
0.1393556 -0.1247581 0.5464138 -0.6671673 0.5417653 0.3110528 -0.03472959 18.79691 1.189064 1 0.0 0.18704161774046438 0.8623689738271721 0.0
0.05166199 -0.0006998785 7.177876 -2.26381 0.3528303 0.2448695 -0.04864385 18.45262 0.7172947 0 0.0 0.05166673050111514 7.526402831863042 1.0
0.01883881 -0.02213374 6.330785 -1.402139 0.5947555 0.3986844 -0.2151361 18.46785 nan 0 0.0 0.02906549859547742 6.484198677673749 1.0
-0.008929681 -0.04442754 8.726238 -4.530657 0.6451677 0.3924751 -0.2051479 18.53669 0.6231003 0 0.0 0.045316062419558926 9.832297924915265 1.0
0.07778563 -0.1664124 0.8502123 -1.311597 2.134903 1.345369 0.07855679 20.5302 0.2369537 0 0.0 0.18369455927777745 1.5630571472215242 0.0
0.08377837 -0.01888338 6.527607 -0.6491578 2.333879 2.993059 -0.06945293 20.82371 0.9282799 0 0.0 0.08588013344238178 6.559806323036515 1.0
-0.04439136 -0.0006289239 10.31515 0.2080564 2.738255 2.966794 0.3097201 20.30363 nan 0 0.0 0.04439581498206324 10.31724803366096 1.0
-0.1193919 0.0639897 -1.020825 -0.03608739 1.157837 0.7907198 -0.1344992 20.28267 0.7811661 0 0.0 0.1354588774931344 1.0214626671308218 0.0
-0.009403119 -0.04339779 16.39345 -3.306082 1.120576 0.7037806 -0.2161145 19.32735 nan 0 0.0 0.04440480631431986 16.72349787255119 0.0
-0.00113895 0.1256412 4.766907 0.06971641 2.383892 1.984273 -0.1557196 20.76236 0.6677723 0 0.0 0.12564636224158063 4.767416776879518 0.0
0.01209094 -0.07651081 6.825271 -2.592884 0.3196547 0.2001051 -0.1312128 18.2116 0.6803017 1 0.9987295 0.07746027934973963 7.3011897428362325 1.0
-0.03460744 -0.003989329 5.570943 -2.75235 0.5776084 0.6804615 -0.254365 19.05624 0.7506142 0 0.0 0.03483661363025748 6.2137618583068495 1.0
0.01945451 -0.02211908 6.267291 -1.162609 0.3118389 0.2654775 0.2070483 17.86382 0.8577271 0 0.0 0.029457285336339126 6.374213376218433 1.0
-0.008610014 -0.04441977 6.840539 -3.313924 1.455734 1.995472 -0.5181865 19.89213 nan 0 0.0 0.045246528131262134 7.6009911253925955 1.0
-0.04690377 -0.006433043 5.074443 1.399903 1.429961 1.600124 -0.3311291 20.26766 0.3917751 0 0.0 0.04734287361845232 5.264000396054126 1.0
0.03400075 0.09063157 6.886231 -2.933749 0.6405591 0.4306859 -0.05882601 19.53807 0.7570572 0 0.0 0.0967994446328459 7.485122616254326 1.0
-0.0549553 0.01907439 9.677895 -2.500989 1.653753 1.707129 0.1863383 20.20252 nan 0 0.0 0.05817144791013973 9.995829010599671 1.0
0.02642749 0.06249818 9.265545 -3.119437 1.902236 0.9189483 -0.3668697 20.22668 0.6789227 0 0.0 0.06785598522615746 9.776564393691375 1.0
0.002806649 0.01302361 6.772423 -2.2926 0.1309697 0.07276422 -0.4141128 15.28627 0.9762917 0 0.0 0.013322600948812548 7.149946017343697 1.0
-0.1166103 -0.05536539 5.784593 -3.066991 0.7380813 0.6273204 -0.2395978 19.26269 0.6378193 1 0.9204343 0.1290863605341095 6.547362061909361 1.0
-0.05443186 -8.927953e-05 0.5735269 -2.214925 3.179311 3.373131 0.28832 20.61525 nan 0 0.0 0.054431933218415794 2.287974182688391 0.0
-0.03915784 0.0007172102 11.16727 -4.602486 0.8614673 1.244875 -0.03484955 19.6195 nan 0 0.0 0.03916440761631132 12.078526260810795 1.0
-0.04045464 -0.1178692 8.064727 -2.865556 0.6078413 0.3520191 -0.2291874 19.04737 0.6628704 0 0.0 0.1246183221126396 8.558693403415324 1.0
0.004244056 -0.03071597 4.302423 -2.986477 0.9261645 0.5047909 0.1223432 19.23925 0.5818405 0 0.0 0.03100778651197205 5.237355109447707 1.0
-0.02063906 0.02869152 6.768734 -0.4626208 0.8817604 0.8287939 0.3141349 19.31856 0.6581669 0 0.0 0.03534365738847637 6.7845248888443646 1.0
0.07243203 0.04028177 6.694242 -2.694059 0.3678227 0.2585883 -0.116789 18.41129 0.7172318 1 0.997939 0.08287955094143427 7.216012046140514 1.0
0.06381203 0.04314174 8.719518 -3.448892 1.393445 1.351166 0.09975233 20.23818 nan 0 0.0 0.07702716990094145 9.376825165267187 1.0
0.05157322 -0.014898 4.523043 -1.639783 0.7122656 0.4976933 -0.006036216 19.37973 0.6549473 0 0.0 0.05368190966394918 4.8111127888398135 1.0
-0.003680132 -0.08116139 5.888999 -2.250577 0.4192361 0.2719634 -0.07694478 18.60162 0.6069145 1 0.9734486 0.08124478197564151 6.3043957723900865 1.0
-0.04775878 -0.1127051 0.07603774 -0.3729604 1.269495 0.6797152 -0.1569558 19.95671 0.07178497 1 8.144208e-06 0.12240645666425608 0.3806326284916568 0.0
-0.009609295 -0.009538637 -1.27045 -3.143999 0.8607679 0.5196828 -0.1050873 17.18621 0.5570974 0 0.0 0.01353972474664068 3.3909840628497503 1.0
-0.05430185 -0.0003788424 5.281381 2.095169 1.492082 1.658874 -0.2866008 20.2999 0.6387558 0 0.0 0.054303171500258963 5.681788310534104 1.0
0.004844903 -0.03025071 8.117086 -1.765505 0.5865203 0.3688299 -0.0982017 19.09522 nan 0 0.0 0.030636229216134105 8.306870231105155 1.0
0.009439344 0.06546602 7.093442 -3.503959 0.8837787 0.619533 -0.1559365 19.82468 0.6922989 0 0.0 0.06614303432554887 7.9116779561004 1.0
0.07362987 0.04017057 7.123864 -2.765616 0.264288 0.2005254 -0.09784107 18.14195 0.8269901 1 0.99742 0.08387510030004018 7.641863002563707 1.0
0.04543614 -0.06967747 6.642714 -2.5568 0.08607229 0.05924237 -0.1303405 15.7292 1.07784 1 0.9996527 0.0831828867237757 7.117785858382928 1.0
-0.01806514 0.03464495 5.224702 1.673566 1.581365 1.772865 0.3420978 19.22834 nan 0 0.0 0.039072008442388784 5.486194869411767 1.0
0.06506731 -0.04284605 2.973377 -3.707923 1.591759 0.9865103 -0.1640017 19.98255 nan 0 0.0 0.07790724504972948 4.752858482856186 1.0
0.03094403 0.002394888 5.643458 -3.203005 1.107675 1.980979 -0.1653805 19.74253 nan 0 0.0 0.031036566839350063 6.489056882767248 1.0
-0.003556095 0.01818096 3.401272 -3.847198 1.505441 0.4802287 0.3174614 18.31728 nan 0 0.0 0.01852547214433751 5.1351322932508765 1.0
0.07600652 -0.0214309 3.748032 -4.382056 2.32727 2.493999 0.2924266 20.46238 0.8731461 0 0.0 0.07897008647152666 5.766295054899636 1.0
0.002988594 0.01332113 6.785508 -2.083 0.07376908 0.04899337 -0.1867542 13.99283 1.149754 0 0.0 0.013652259833951887 7.0980284458477625 1.0
0.03311977 0.004298737 6.556881 -3.750182 1.00084 0.8230642 -0.6132016 19.39491 nan 0 0.0 0.033397579323179535 7.553578852523153 1.0
-0.0109734 0.0256398 4.666263 -1.10504 1.738705 0.5627135 0.3419233 19.24961 0.7558823 0 0.0 0.027889332218610043 4.795323115992185 1.0
0.04242556 -0.01211453 7.286058 -2.37929 0.9038259 0.6267302 0.101455 19.70431 nan 0 0.0 0.04412130979962517 7.6647023480017795 1.0
0.0451549 0.04044612 5.633273 -2.372636 0.516993 0.3756716 -0.03011221 19.19927 0.6472073 0 0.0 0.06062057090678378 6.112541720186865 1.0
-0.03486619 0.1906284 1.274904 -1.100365 0.2963197 0.2498243 -0.04843722 18.6776 1.206215 1 0.0 0.19379070692805705 1.684097189131613 0.0
0.1022227 0.05209907 0.4238658 -1.95568 0.7575587 0.4434254 -0.09419962 19.42316 0.919836 0 0.0 0.11473357612379603 2.0010863246770842 0.0
-0.03322048 -0.01368394 5.961664 -2.942561 0.4645935 0.3637892 -0.1848922 18.74372 0.6857719 0 0.0 0.0359284080548248 6.648315793313145 1.0
0.05714516 -0.01838462 6.367034 -3.019276 0.8554205 0.595631 -0.09222256 19.78809 0.3452129 0 0.0 0.060029689021100216 7.046641009823901 1.0
0.0008875884 -0.03308827 5.88128 -2.295701 0.4421249 0.307332 -0.03071845 18.67108 0.6568909 0 0.0 0.03310017257901709 6.313453691902793 1.0
-0.01504268 0.000467764 11.52602 -2.593058 0.6323442 0.7717005 -0.2719211 17.74296 0.7626972 0 0.0 0.015049950988029694 11.814105418175513 1.0
-0.07123485 -0.03346012 6.921779 -2.587319 0.3788281 0.2734106 -0.007228902 18.77967 0.6671505 1 0.998066 0.07870186455819773 7.389536124318089 1.0
0.1008092 0.1064282 8.232215 -3.555611 1.062326 0.8226033 -0.07463718 20.21306 0.8798084 1 0.9686686 0.14659282574491836 8.967258967463023 0.0
0.08508588 -0.179405 0.8779964 -1.305908 0.2698589 0.1783053 -0.135509 17.75813 0.8253231 1 0.0 0.19855921283177572 1.5736179278582716 0.0
-0.009642756 0.01370811 11.17058 -3.080296 0.2616326 0.1526872 0.1595092 16.9205 0.7878542 0 0.0 0.01675992312176986 11.587496752276394 1.0
0.03000535 -0.05858548 6.499567 -2.119949 0.3940596 0.2909811 -0.0248347 18.65144 0.6205006 0 0.0 0.06582233280166315 6.8365601694192675 1.0
0.01828829 0.03560605 6.760778 -2.45644 0.6957878 0.3850968 -0.2961456 19.05984 0.613884 0 0.0 0.04002814444521005 7.193206283632078 1.0
-0.02845285 -0.03975384 9.450307 -4.86152 3.655831 2.932432 -0.3865528 20.82346 1.074923 0 0.0 0.048886935554073134 10.627449322610248 1.0
0.1753969 0.01540234 -0.6874351 0.4415208 1.12237 0.6403772 -0.1877201 19.78974 1.035812 1 0.0 0.17607187341277877 0.8170114035585121 0.0
-0.02069441 0.03975409 5.98108 -2.577592 0.3937578 0.2807462 -0.05725651 18.43117 0.6217403 0 0.0 0.04481792361294976 6.512856399834408 1.0
0.01422407 -0.004559406 6.889521 -2.488234 0.06328713 0.05348389 -0.007391882 15.16562 1.086622 0 0.0 0.014936945820271826 7.32508075369801 1.0
-0.05688842 -0.01337898 9.20346 -4.979995 1.504131 1.70691 -0.3400905 20.37841 0.7615948 0 0.0 0.05844047771824594 10.464417144381477 1.0
-0.02775603 -0.04502477 7.418541 -0.4500812 2.366665 2.00705 -0.2547577 20.60989 nan 0 0.0 0.05289259981239152 7.432181621520995 1.0
0.01439406 0.004710188 6.267604 -2.010784 0.1013214 0.07937733 -0.1943134 15.21696 0.8745928 0 0.0 0.015145125759759938 6.582257378397779 1.0
-0.03536214 0.04428822 3.595364 -5.29743 1.277913 0.7390892 0.4254023 19.86814 1.105024 0 0.0 0.056673868547576674 6.402297001654641 1.0
0.0428029 -0.06169888 4.670021 -2.767875 1.643241 0.8226451 0.1099962 20.19427 0.7132492 0 0.0 0.07509221025954955 5.428648833371524 1.0
0.07481745 -0.01781766 0.5551634 -1.395701 0.5271893 0.3703039 -0.0002980153 19.16268 1.094746 1 0.0 0.07690981622899706 1.502061144594507 0.0
0.005516838 0.01696744 6.938458 -3.473035 0.8712444 0.5056773 -0.5205914 18.61756 nan 0 0.0 0.017841791436732018 7.759134715223663 1.0
0.04457546 -0.1361963 1.737827 -2.583229 1.464984 0.7952201 -0.283152 20.01951 0.6905918 0 0.0 0.143305281716696 3.113376743725372 0.0
-0.02035027 0.0202003 6.631374 -1.739887 0.3951024 0.2394625 0.228203 18.11282 0.8174419 0 0.0 0.028673779122447392 6.855824377902704 1.0
0.05078659 0.02090126 9.24487 -2.11287 1.532524 1.196914 -0.1591966 20.45031 0.4576988 0 0.0 0.05491939906276925 9.483240002963123 1.0
-0.05237574 0.04164917 5.689098 -2.503909 1.226769 0.7463437 0.3916097 19.83839 0.6127701 0 0.0 0.06691689997479336 6.2157377948144665 1.0
0.06627965 -0.1769829 0.9544685 -1.261839 0.2954733 0.1846419 -0.1164514 18.03468 0.9015942 1 0.0 0.18898661036309555 1.5821655347697503 0.0
-0.04680544 0.1007299 0.839628 -1.725797 1.249083 0.9679174 -0.1716329 20.22471 0.1403179 0 0.0 0.1110732279516698 1.9192056855879207 0.0
0.01380885 0.009234835 6.54316 -2.145079 0.0467134 0.04253898 -0.2608797 14.46029 1.157287 1 0.9923219 0.016612239939265413 6.885804724347111 1.0
-0.03835433 0.04480912 7.343095 -4.27513 3.431887 1.50156 0.4258684 20.47084 0.451582 0 0.0 0.058982301285413576 8.496927721001573 1.0
0.02342983 0.05529977 10.96637 -10.33817 1.46881 1.058491 -0.1303733 20.35407 0.7749863 0 0.0 0.06005848396256602 15.071132337213418 0.0
-0.05571857 0.1005087 0.08709192 -1.508174 0.5131015 0.3590324 -0.0431572 19.1653 1.19039 1 0.0 0.11491978862900375 1.5106865382352772 0.0
0.03950929 -0.06382065 6.317127 -2.168638 0.3844738 0.2524777 -0.1485741 18.42552 0.6763039 1 0.9920554 0.07506037145342807 6.679003242189137 1.0
0.02846192 -0.05067152 6.657646 -2.499321 0.387325 0.2825108 -0.02401161 18.70372 0.6184826 1 0.9981863 0.058117844326822723 7.111318845499546 1.0
0.04372783 -0.003328267 9.353959 0.1608095 0.997065 0.5674542 0.1896669 19.16247 nan 0 0.0 0.04385430968254077 9.355341183995977 1.0
-0.01806611 -0.03218094 6.677189 -2.399303 0.1219955 0.0889517 -0.02453008 16.7634 0.9892578 1 0.9995969 0.03690524664347469 7.095174968070203 1.0
-0.1825072 -0.02104767 0.0003201105 -0.7148924 0.4404129 0.3615955 -0.2109425 18.95084 0.8444366 1 0.0 0.18371685405609608 0.7148924716686365 0.0
0.004561569 0.01754751 6.056229 -3.091926 0.5889356 0.3838003 -0.2784434 18.48111 nan 0 0.0 0.018130720309515035 6.799846769590989 1.0
-0.1107545 0.00813044 7.504666 -2.353823 1.547088 1.219922 -0.007748837 20.43513 0.6884708 0 0.0 0.1110525250718938 7.865144276291758 1.0
-0.003748858 0.007431104 6.222579 0.7972395 0.5224185 0.2567383 0.4119808 15.08893 1.001039 0 0.0 0.008323175053005914 6.273442454633759 1.0
0.03020801 0.01329844 6.719457 -2.647666 0.04307131 0.03401656 -0.09677456 14.2009 1.233373 1 0.9997524 0.0330056415570687 7.2222737155555805 1.0
-0.1398303 0.01963596 0.8820097 -0.6872345 0.4707486 0.3491928 -0.06549689 19.08582 0.1152267 1 0.0 0.14120227945472977 1.1181379024451055 0.0
0.1051029 -0.002344741 6.985777 -1.957642 0.8300654 0.5408823 -0.003209981 19.83945 0.6497288 0 0.0 0.10512905116459047 7.254890936043973 1.0
0.0376461 -0.05267046 6.998232 -2.316388 0.3314313 0.2430086 -0.02334978 18.47322 0.6187 0 0.0 0.06474107044080751 7.371628347411988 1.0
0.00651758 0.05800564 6.865033 -2.208186 0.8535905 0.6057112 -0.1197187 19.78399 0.8017597 0 0.0 0.05837065290765557 7.211432832779142 1.0
-0.02706291 -0.1769511 2.539728 -1.228107 0.7190828 0.4010109 -0.2611837 19.22992 1.020264 1 1.510446e-06 0.1790086391459309 2.8210751704683448 0.0
