jas1101finalproject/data/gcs/NGC_5897.ecsv
# %ECSV 0.9
# ---
# datatype:
# - {name: x, unit: deg, datatype: float64}
# - {name: y, unit: deg, datatype: float64}
# - {name: pmx, unit: mas / yr, datatype: float64}
# - {name: pmy, unit: mas / yr, datatype: float64}
# - {name: pmx_e, unit: mas / yr, datatype: float64}
# - {name: pmy_e, unit: mas / yr, datatype: float64}
# - {name: pm_corr, datatype: float64}
# - {name: g_mag, unit: mag, datatype: float64}
# - {name: bp_rp, unit: mag, datatype: float64}
# - {name: filter, datatype: int64}
# - {name: memberprob, datatype: float64}
# - {name: r, unit: deg, datatype: float64}
# - {name: pm, unit: mas / yr, datatype: float64}
# - {name: member_prob_GMM, datatype: float64}
# meta: !!omap
# - comments: [deg deg mas/yr mas/yr mas/yr mas/yr dimless mag   mag   zeroone float]
# - __serialized_columns__:
#     bp_rp:
#       __class__: astropy.units.quantity.Quantity
#       unit: &id001 !astropy.units.Unit {unit: mag}
#       value: !astropy.table.SerializedColumn {name: bp_rp}
#     g_mag:
#       __class__: astropy.units.quantity.Quantity
#       unit: *id001
#       value: !astropy.table.SerializedColumn {name: g_mag}
#     pm:
#       __class__: astropy.units.quantity.Quantity
#       unit: !astropy.units.Unit {unit: mas / yr}
#       value: !astropy.table.SerializedColumn {name: pm}
#     pmx:
#       __class__: astropy.units.quantity.Quantity
#       unit: !astropy.units.Unit {unit: mas / yr}
#       value: !astropy.table.SerializedColumn {name: pmx}
#     pmx_e:
#       __class__: astropy.units.quantity.Quantity
#       unit: !astropy.units.Unit {unit: mas / yr}
#       value: !astropy.table.SerializedColumn {name: pmx_e}
#     pmy:
#       __class__: astropy.units.quantity.Quantity
#       unit: !astropy.units.Unit {unit: mas / yr}
#       value: !astropy.table.SerializedColumn {name: pmy}
#     pmy_e:
#       __class__: astropy.units.quantity.Quantity
#       unit: !astropy.units.Unit {unit: mas / yr}
#       value: !astropy.table.SerializedColumn {name: pmy_e}
#     r:
#       __class__: astropy.units.quantity.Quantity
#       unit: &id002 !astropy.units.Unit {unit: deg}
#       value: !astropy.table.SerializedColumn {name: r}
#     x:
#       __class__: astropy.units.quantity.Quantity
#       unit: *id002
#       value: !astropy.table.SerializedColumn {name: x}
#     y:
#       __class__: astropy.units.quantity.Quantity
#       unit: *id002
#       value: !astropy.table.SerializedColumn {name: y}
# schema: astropy-2.0
x y pmx pmy pmx_e pmy_e pm_corr g_mag bp_rp filter memberprob r pm member_prob_GMM
[from data line 2185]
0.0208552 -0.02290131 -3.91787 -0.03712977 2.678261 1.895049 0.2668698 20.5242 nan 0 0.0 0.03097433400020249 3.9180459360145656 0.0
-0.03237712 0.02017982 -10.93597 3.792278 1.279036 0.9293119 -0.004370186 19.36094 nan 0 0.0 0.03815105548640562 11.574835302075964 0.0
-0.0007075248 -0.004362337 -6.332688 -2.278383 0.6757884 0.5876013 -0.3157093 19.08467 0.6775875 0 0.0 0.004419341064478282 6.730079226876382 0.0
0.03536556 -0.03300918 -4.763367 -3.989301 1.038114 0.9207221 -0.2901044 19.52023 0.3963966 0 0.0 0.048376944905460906 6.213226830342668 1.0
-0.08913426 -0.1224423 -13.34476 -1.757157 2.54088 2.150085 -0.4641536 20.71546 0.8038406 0 0.0 0.15144977099697973 13.45994874359665 0.0
0.02251769 -0.04833414 -6.201831 -1.458911 3.034038 2.32016 -0.1690545 20.50877 0.7617226 0 0.0 0.053321997828998303 6.371116782674918 1.0
-0.02441643 0.03842322 -7.871229 -1.792603 2.669058 2.072134 -0.2483823 20.69613 0.6614799 0 0.0 0.04552478324070638 8.072773469263831 1.0
0.07163592 0.02222035 0.8269368 -6.310841 2.109427 2.278102 -0.3063014 20.63681 1.074259 0 0.0 0.07500299319606453 6.364788967316611 1.0
0.05043497 0.01565821 -5.626319 -3.51468 0.2488527 0.2171116 -0.08442222 17.23544 1.075567 1 0.9994406 0.05280971254707793 6.63388581392241 1.0
0.04723473 -0.05819328 -3.954996 -3.592838 1.36703 1.191995 -0.508411 20.19188 0.7567139 0 0.0 0.07495050070100466 5.34326475614488 1.0
0.04323962 -0.03758508 2.025556 -2.964183 3.102403 2.136753 0.3970685 20.55048 0.7898865 0 0.0 0.05729138658080113 3.5901612730662946 0.0
-0.04059307 0.1099738 -10.7126 -2.854121 1.560296 1.207945 -0.3636628 20.02895 0.7277508 0 0.0 0.11722642201511099 11.086289074466759 0.0
0.04803506 -0.004844999 -6.05008 -4.742993 1.056903 0.9167841 -0.2742323 19.77176 0.4075871 0 0.0 0.048278784207077964 7.687616705094564 1.0
0.0499253 -0.01738262 -6.574243 -5.274557 1.349367 1.216739 -0.6079561 19.28078 0.7819557 0 0.0 0.05286483763480599 8.428619256396507 1.0
-0.03073901 0.02120632 -5.236735 -3.610237 1.097404 0.7917336 -0.02725569 19.51789 0.6900501 0 0.0 0.03734427323864397 6.3605978222486295 1.0
-0.05332954 -0.03040145 -3.037413 -5.027762 1.230522 1.062353 -0.5253663 19.60053 nan 0 0.0 0.06138638284435809 5.87403340654554 1.0
-0.01336185 0.05948364 -4.848439 -5.25956 1.342669 1.127479 -0.02746947 19.90244 0.772356 0 0.0 0.060965912304107285 7.15334412217957 1.0
-0.02497708 -0.01697009 -4.638902 -3.612435 1.084457 0.9292627 -0.09528 19.6352 0.7141876 0 0.0 0.030196663390753952 5.879549165950481 1.0
-0.002188863 -0.006494767 -4.580111 -3.146164 1.680112 1.236457 -0.1493583 19.96395 nan 0 0.0 0.006853693866599091 5.556596502106033 0.0
-0.01815778 0.007423974 0.1525997 -2.247405 1.608712 1.330468 -0.2586678 20.04376 0.7179203 0 0.0 0.01961683879938549 2.2525798326507966 0.0
-0.009122991 -0.04844144 -4.502777 -1.990603 2.439934 2.077578 -0.4576639 20.64084 0.4115086 0 0.0 0.049293022569727674 4.92315965771353 1.0
0.05123788 -0.01082179 -5.944651 -4.058498 2.183815 1.832775 -0.2489857 20.65381 0.4876633 0 0.0 0.05236822973615301 7.197935921346133 1.0
0.00122986 0.02101303 -5.331634 -3.872038 0.4597947 0.4020762 -0.1950672 18.39067 1.01045 0 0.0 0.021048990127806606 6.589309476978602 1.0
0.01871949 -0.01802394 -3.2202 -4.194061 1.012417 0.8699687 -0.2985565 19.62889 0.5419655 0 0.0 0.025986183232319823 5.287706091654584 1.0
0.006314342 -0.01366461 -5.386066 -3.695402 2.315578 1.666676 0.3164053 20.18269 1.18025 0 0.0 0.015052989116619463 6.531898873831406 1.0
-0.02262753 -0.01363186 -15.41894 -8.666015 2.813381 2.932795 -0.2975976 20.24843 0.6471577 0 0.0 0.026416523635037596 17.68738326332714 0.0
0.03851815 -0.0125937 -5.687549 -3.229613 1.761962 1.49413 -0.2137436 20.29066 0.5725384 0 0.0 0.04052467346089911 6.540536197986369 1.0
-0.03302262 0.1048049 -6.482403 -4.288056 1.529461 1.156763 -0.1890316 20.08314 1.026997 1 0.9303896 0.10988430504705575 7.7723209476671125 0.0
-0.07426586 0.1446822 -3.909185 -3.813814 1.355806 1.024383 -0.2381718 19.89493 0.9017467 1 0.8401188 0.16262950826458156 5.461401339475153 0.0
-0.01322724 -0.01230131 -6.78774 -0.05625573 2.604354 2.054423 -0.6645235 20.28732 0.8429794 0 0.0 0.018063280591678246 6.787973115353201 1.0
0.1006894 0.008459217 -5.326505 -3.0858 1.288438 1.005317 -0.06176083 20.20091 1.06213 1 0.9714824 0.101044117219228 6.155795412050745 0.0
-0.1078277 -0.0160533 -10.59232 -5.682396 1.38091 1.138041 -0.2014464 19.82849 1.291203 0 0.0 0.1090161516848765 12.020269018753948 0.0
-0.08268665 -0.07175852 -5.292352 -1.430093 2.02761 1.701075 -0.08881654 20.43834 1.065928 0 0.0 0.10948226925312109 5.4821670606205535 0.0
-0.02743764 -0.03558052 -2.558524 -2.746087 2.305879 1.542484 0.1700745 20.34441 0.7101898 0 0.0 0.044931030393704524 3.7532704232635568 0.0
0.09217014 0.03041831 -4.635134 -3.758624 1.134623 0.9028952 -0.1031611 20.03208 0.8931675 1 0.9747064 0.09705981810654551 5.967555745138205 0.0
-0.02306898 -0.01423846 -4.835598 -1.925582 1.977134 1.800349 -0.2472475 20.28124 nan 0 0.0 0.027109252690031865 5.204889437473961 1.0
0.008750209 -0.008444318 -9.98578 3.908182 2.732312 2.162672 0.2676738 20.23276 0.8402023 0 0.0 0.012160290458241735 10.72332451964054 0.0
0.08578651 0.02892294 -10.54556 -4.829233 0.3632917 0.3143592 -0.2836317 17.93979 1.212898 1 0.0 0.09053099886902663 11.598720924390284 0.0
0.02880202 -0.02449337 -7.539681 -4.175831 1.108545 0.9731699 -0.2357003 19.6045 0.794632 0 0.0 0.03780848489476007 8.618837167641699 1.0
0.001628753 0.02056098 -5.150426 -2.874255 0.5923326 0.5114424 -0.1765128 18.71289 0.9006805 0 0.0 0.02062539053922153 5.89815477810654 1.0
-0.06783912 -0.004505553 -4.463901 -2.314799 2.271114 1.828446 -0.2242201 20.61725 1.144913 0 0.0 0.06798857411514239 5.028390055296227 1.0
0.008650139 -0.01472903 -3.764541 -3.414555 1.352146 0.9450023 0.06953507 19.67216 0.7337723 0 0.0 0.017081253743804082 5.082416235286717 1.0
0.02352816 -0.05180948 -5.422391 -3.501344 0.0576134 0.05303957 -0.3720398 14.15635 1.279477 1 0.9999538 0.0569016390876045 6.454590146803824 1.0
0.009048902 -0.01538327 -4.115473 -2.397438 1.821185 1.281888 0.08803987 19.98455 nan 0 0.0 0.017847342191444193 4.76285911796402 1.0
-0.01823126 0.02587184 -5.647799 -3.31864 0.3217474 0.2690861 -0.2483706 17.7833 1.051147 0 0.0 0.031650133430574975 6.550649204010317 1.0
-0.0394954 0.1097929 -9.806083 -3.334609 2.959074 2.104631 -0.2473907 20.58722 0.3860092 0 0.0 0.11668062183400464 10.357551881876816 0.0
0.01153927 -0.04295607 -5.496805 -3.69511 0.2888455 0.2368842 -0.1698553 17.77621 1.024572 1 0.9993089 0.044478969209928866 6.623345311859031 1.0
-0.02617805 0.009133674 -2.195014 -7.562425 2.509665 1.962106 0.02170491 20.33599 0.8340549 0 0.0 0.027725697512249823 7.874538611297871 1.0
0.003723121 0.02696773 -7.456418 -4.756497 0.8992182 0.7736457 -0.3005024 19.42437 0.8470612 0 0.0 0.027223520920952544 8.844344696003938 1.0
0.1007049 0.03137791 -5.344432 -3.392781 0.2109343 0.1757117 -0.2321571 17.25439 1.142038 1 0.9989499 0.10548009347729125 6.330396221136952 0.0
0.1076486 0.01887421 10.60167 -22.11442 1.17675 0.9072545 -0.05708008 20.09517 2.484716 0 0.0 0.10929069898707804 24.524334419618814 0.0
-0.03491279 0.0194907 -4.491427 -0.4667795 1.717401 1.411831 -0.09138854 19.88292 1.089527 0 0.0 0.03998487579165527 4.515617299766362 0.0
0.02160207 -0.07775484 -4.007686 -6.757068 2.13157 1.80435 -0.541075 20.51523 0.4653225 0 0.0 0.08069984245158414 7.856176871177227 0.0
0.1045939 0.01028568 -4.661545 -3.977898 0.9931106 0.7692422 -0.07057376 19.83372 0.8170433 0 0.0 0.10509842591719631 6.128105276953799 0.0
-0.009141405 0.019649 -5.908842 -1.641054 0.783585 0.6622457 -0.2413977 19.29051 0.9315109 0 0.0 0.02167137481504173 6.132493131824935 1.0
0.04102391 -0.01634994 -5.475012 -3.438389 0.5954199 0.5150795 -0.2795055 18.89356 0.5405388 0 0.0 0.044161994177026244 6.465158568470305 1.0
0.08537168 0.05094924 -4.439899 -4.11414 0.7466532 0.5906448 -0.06446559 19.3828 1.002497 1 0.9699365 0.09941905653646085 6.05300347511886 0.0
0.03003652 0.02361735 -6.179172 -1.977819 1.207228 1.137691 -0.2067573 19.5928 nan 0 0.0 0.03820957674108547 6.487983862676063 1.0
0.01850591 -0.01755661 -7.397722 -6.42138 2.542128 1.672665 0.3169777 19.57733 0.8256474 0 0.0 0.02550888589531499 9.795938540726151 0.0
0.1037231 0.02817913 -4.753265 -12.14681 1.053956 0.8385638 -0.1196939 19.78574 1.714314 0 0.0 0.10748276532154771 13.043715779497996 0.0
-0.02076743 0.02756905 -6.852462 -7.367026 2.286208 1.825368 -0.3320072 20.51292 0.9899273 0 0.0 0.03451577417221581 10.061277629909632 0.0
0.002739575 -0.0006716408 -2.061814 -6.696356 0.9602341 0.8385549 -0.3997409 19.50307 0.532795 0 0.0 0.0028207042639826034 7.006586947246998 0.0
0.007039464 -0.04060021 -5.237323 -3.635106 0.2275956 0.1859091 -0.1962762 17.34987 1.073111 1 0.9995911 0.04120595958658645 6.375229238040386 1.0
-0.02348176 -0.01593225 -5.545048 -3.764036 0.5903584 0.5282929 -0.2518885 18.74042 0.9673481 0 0.0 0.028376568551537376 6.701904530176479 1.0
0.09154515 0.05678588 -5.25193 -3.283738 0.3227637 0.2603124 -0.09790221 17.89916 1.08968 1 0.9969722 0.10772720480870605 6.194005487367927 0.0
-0.004467856 -0.006634054 -7.990901 -2.14844 0.934757 0.7773127 -0.1796449 19.15857 0.7798843 0 0.0 0.007998275421092474 8.27467783212138 0.0
0.04836643 -0.03714605 -7.929106 -1.716168 1.088239 0.9413707 -0.3648742 19.83477 0.6111031 0 0.0 0.06098475696063239 8.112703283336572 1.0
-0.03610926 0.01861494 -5.428304 -3.716438 0.7613449 0.5259608 -0.04352632 19.16045 0.8746338 0 0.0 0.04062504952552304 6.578631751683628 1.0
0.0190898 -0.01799919 -4.55189 -3.770545 1.093583 0.9331286 -0.2087378 19.7382 nan 0 0.0 0.02623721221273518 5.910728565001526 1.0
0.05814843 -0.04081356 -9.870873 -2.611213 2.134318 1.621491 -0.1338958 20.03169 0.7177181 0 0.0 0.07104214658453459 10.21041463964603 0.0
0.02557524 -0.07152607 -12.96735 0.2955622 4.043275 2.961681 -0.1651226 20.92115 1.081089 0 0.0 0.07596098729415317 12.970717907524195 0.0
-0.02566895 0.03084511 -5.970507 -2.576287 1.422813 1.140711 -0.1520254 20.11397 0.565115 0 0.0 0.04012874038659325 6.502630893985756 1.0
-0.07244508 -0.110808 -2.963748 -7.920326 2.74968 2.552638 -0.5391128 20.63712 1.901665 0 0.0 0.132388452971573 8.456675833551857 0.0
0.01822106 -0.01749554 -4.174584 -3.211544 2.746059 2.44538 -0.08169917 20.08545 nan 0 0.0 0.02526066007481198 5.266988364994933 1.0
0.0007883538 0.04591155 -4.278146 -4.007071 1.123628 0.9391518 -0.2345535 19.8158 0.7907352 0 0.0 0.04591831796915556 5.86166795343757 1.0
-0.1332496 -0.06540551 -4.931861 -4.34159 1.692914 1.396396 -0.3440518 20.26007 1.019892 1 0.8593727 0.1484363049880995 6.570590281810379 0.0
0.1118411 -0.08937854 -5.842074 -6.998385 0.4534645 0.4136207 -0.2952687 18.42022 1.171368 1 0.0 0.14316757685223844 9.11631620939626 0.0
0.0947919 0.05331438 -4.124747 -3.169519 0.2177803 0.1802127 -0.1415003 17.15936 1.083313 1 6.25007e-05 0.10875627531501067 5.201863945295956 0.0
0.05038793 -0.03918949 -3.363059 -4.691271 1.744411 1.474775 -0.3525015 20.45154 0.7156982 0 0.0 0.06383384381458632 5.772191042656332 1.0
0.01804079 -0.09467062 -2.536413 0.1795968 2.137032 1.898674 -0.3951474 20.44444 0.7584419 0 0.0 0.09637425172217162 2.5427634410497646 0.0
-0.1080281 0.005003689 -4.120698 -5.057463 1.528877 1.228945 -0.2609687 20.13209 0.1979237 0 0.0 0.10814391935388101 6.523655723869324 0.0
-0.04650934 -0.07132323 -7.656108 -3.735063 3.607295 2.531776 -0.06406802 20.85694 0.4692459 0 0.0 0.08514764732433011 8.518608179839767 0.0
-0.03446998 -0.1085533 -1.810135 -4.875725 2.366965 2.039679 -0.1791597 20.73928 0.7111225 1 0.7615547 0.11389468144777613 5.200892518967297 0.0
-0.02255933 0.006292316 -2.004224 -5.957845 1.715958 1.418358 -0.3637599 20.21646 0.6951466 0 0.0 0.0234204314796452 6.285923232604818 1.0
0.01861963 0.09506082 -6.324582 -1.823671 1.647696 1.345715 -0.1974793 20.34189 0.736166 0 0.0 0.09686717772501324 6.582257469209558 0.0
0.0765299 -0.1294124 -5.311542 -0.3788635 1.089186 1.238208 -0.7363407 18.9765 nan 0 0.0 0.1503475801859478 5.32503671061489 0.0
-0.0002232702 0.02186943 -5.871374 -1.857596 0.781389 0.6685786 -0.2023734 19.23594 0.7776222 0 0.0 0.021870569679528423 6.158221784500133 1.0
0.01367965 0.004315474 -7.697907 -3.284565 2.349283 1.584313 -0.2337986 20.06994 nan 0 0.0 0.014344202311985703 8.369357168855563 0.0
-0.1065635 -0.09080327 -6.699258 2.544001 3.170636 2.596673 -0.631449 20.69757 0.7258396 0 0.0 0.14000361914944523 7.166030898521511 0.0
0.03802182 -0.004014321 -7.125916 -4.488951 0.8182287 0.7092664 -0.2558356 19.38478 nan 0 0.0 0.03823314751891924 8.421957012444139 1.0
-0.006305376 -0.004724865 -5.378828 -3.924785 0.1172439 0.09621535 -0.1814312 15.58879 1.180073 0 0.0 0.00787922050520234 6.658507937204026 1.0
0.07408792 -0.03189805 3.114609 -5.919974 3.586013 2.923444 -0.1591885 20.87457 0.2055492 0 0.0 0.08066291269058476 6.689310979731545 1.0
-0.03443323 -0.02139321 -2.845708 -4.527081 1.373152 1.068566 -0.151051 19.96128 0.5799274 0 0.0 0.0405378435827191 5.347197060313468 1.0
-0.005507844 -0.001310679 -6.630299 -8.353188 1.332485 1.188969 -0.3501571 19.05058 0.6991272 0 0.0 0.005661645076245683 10.664736967818053 0.0
0.05027478 -0.03691017 -5.306555 -2.746581 1.580718 1.340897 -0.2989553 20.33997 0.7987633 0 0.0 0.06236917630911362 5.975218251878839 1.0
0.06204261 0.009113534 -5.022281 -3.598138 0.2544872 0.2282494 -0.2599499 17.40251 1.095797 1 0.9986131 0.06270838825533037 6.178179627528242 1.0
0.06258451 0.07860754 -7.329067 -4.219815 1.464499 1.154302 -0.03371981 20.26214 0.9388237 0 0.0 0.1004786854849908 8.457071699158876 0.0
-0.02471122 0.01172029 -5.931793 -4.265657 2.455191 1.753597 0.08993448 20.38008 1.207151 0 0.0 0.027349764013104388 7.306298504475299 1.0
0.01909783 -0.06641913 -5.006963 -3.317254 0.7439538 0.5326816 -0.2046269 19.15393 nan 0 0.0 0.06911025930110377 6.006151228855714 1.0
0.04604484 -0.03826684 -3.488512 -4.162085 1.647008 1.414995 -0.3441435 20.42386 -0.2142868 0 0.0 0.059870513061199 5.430715194278651 1.0
-0.02739815 -0.01801956 -5.320049 -3.402118 0.6608065 0.5491363 -0.2299701 19.05193 0.8854198 0 0.0 0.0327927303836704 6.314849819934358 1.0
0.07607322 0.06327955 -4.735527 -4.673558 1.586129 0.9807891 0.4795686 20.02484 0.8612366 1 0.9133106 0.09895168644025679 6.6533721034594935 0.0
0.0131553 0.03509822 -6.054643 -4.835759 0.7031631 0.6056228 -0.195927 19.10654 0.8407459 0 0.0 0.03748262217692887 7.748759059586896 1.0
-0.02051338 0.04502132 -4.589805 -0.7527188 3.373676 2.479487 0.1486734 20.68427 nan 0 0.0 0.049474417768851 4.65111766459401 0.0
0.03076932 0.05385821 -5.627329 -3.263587 0.4156093 0.3599048 -0.2627532 18.31869 1.041494 1 0.9984969 0.06202787951934598 6.505215736684679 1.0
-0.07399732 0.09163903 -2.123997 -3.82798 1.033617 0.7212984 -0.1085895 19.63639 0.8654766 1 0.4062116 0.1177850380418638 4.377761315605158 0.0
-0.01459888 0.03160764 -4.259162 -4.625045 1.362324 1.075779 -0.2324886 19.98983 0.8759785 0 0.0 0.0348162347709226 6.2874082255146275 1.0
0.01706705 -0.02054335 -7.178899 -2.98515 1.632368 1.390867 -0.2702772 20.28865 nan 0 0.0 0.02670792812864749 7.774812626340329 1.0
-0.01689066 0.01352001 -7.318248 -3.118037 1.182703 0.9719892 -0.1643743 19.24087 0.7555485 0 0.0 0.021635273643651934 7.954804115933528 1.0
-0.02918387 0.009522216 -5.419017 -3.477053 0.06341452 0.04996379 -0.0563592 14.66652 1.257921 1 0.9999751 0.030698059641084092 6.438605657368527 1.0
-0.02943078 0.03358909 -7.868082 -2.540115 1.376805 1.006229 -0.1463608 20.00605 0.7160244 0 0.0 0.04465868088554005 8.26794403536629 1.0
-0.08965778 -0.03318834 -4.975618 -4.467209 1.647605 1.347552 -0.3004385 20.27893 0.8943024 0 0.0 0.0956032605431635 6.686757863987974 0.0
0.05195497 -0.03755162 -2.715039 -4.402327 1.92742 1.63854 -0.361527 20.58432 0.7086124 0 0.0 0.06410493797146441 5.172225805825766 1.0
-0.0328696 -0.00766567 -8.887684 -4.116555 1.33154 1.004842 0.2266786 19.69199 0.6462135 0 0.0 0.03375163848924819 9.794741035468013 0.0
