jas1101finalproject/data/gcs/NGC_6540_Djorg.ecsv
# %ECSV 0.9
# ---
# datatype:
# - {name: x, unit: deg, datatype: float64}
# - {name: y, unit: deg, datatype: float64}
# - {name: pmx, unit: mas / yr, datatype: float64}
# - {name: pmy, unit: mas / yr, datatype: float64}
# - {name: pmx_e, unit: mas / yr, datatype: float64}
# - {name: pmy_e, unit: mas / yr, datatype: float64}
# - {name: pm_corr, datatype: float64}
# - {name: g_mag, unit: mag, datatype: float64}
# - {name: bp_rp, unit: mag, datatype: float64}
# - {name: filter, datatype: int64}
# - {name: memberprob, datatype: float64}
# - {name: r, unit: deg, datatype: float64}
# - {name: pm, unit: mas / yr, datatype: float64}
# - {name: member_prob_GMM, datatype: float64}
# - {name: member_prob_DB, datatype: float64}
# meta: !!omap
# - comments: [deg deg mas/yr mas/yr mas/yr mas/yr dimless mag   mag   zeroone float]
# - __serialized_columns__:
#     bp_rp:
#       __class__: astropy.units.quantity.Quantity
#       unit: &id001 !astropy.units.Unit {unit: mag}
#       value: !astropy.table.SerializedColumn {name: bp_rp}
#     g_mag:
#       __class__: astropy.units.quantity.Quantity
#       unit: *id001
#       value: !astropy.table.SerializedColumn {name: g_mag}
#     pm:
#       __class__: astropy.units.quantity.Quantity
#       unit: !astropy.units.Unit {unit: mas / yr}
#       value: !astropy.table.SerializedColumn {name: pm}
#     pmx:
#       __class__: astropy.units.quantity.Quantity
#       unit: !astropy.units.Unit {unit: mas / yr}
#       value: !astropy.table.SerializedColumn {name: pmx}
#     pmx_e:
#       __class__: astropy.units.quantity.Quantity
#       unit: !astropy.units.Unit {unit: mas / yr}
#       value: !astropy.table.SerializedColumn {name: pmx_e}
#     pmy:
#       __class__: astropy.units.quantity.Quantity
#       unit: !astropy.units.Unit {unit: mas / yr}
#       value: !astropy.table.SerializedColumn {name: pmy}
#     pmy_e:
#       __class__: astropy.units.quantity.Quantity
#       unit: !astropy.units.Unit {unit: mas / yr}
#       value: !astropy.table.SerializedColumn {name: pmy_e}
#     r:
#       __class__: astropy.units.quantity.Quantity
#       unit: &id002 !astropy.units.Unit {unit: deg}
#       value: !astropy.table.SerializedColumn {name: r}
#     x:
#       __class__: astropy.units.quantity.Quantity
#       unit: *id002
#       value: !astropy.table.SerializedColumn {name: x}
#     y:
#       __class__: astropy.units.quantity.Quantity
#       unit: *id002
#       value: !astropy.table.SerializedColumn {name: y}
# schema: astropy-2.0
x y pmx pmy pmx_e pmy_e pm_corr g_mag bp_rp filter memberprob r pm member_prob_GMM member_prob_DB
[from data line 112]
0.01101802 -0.0279426 -2.912192 -7.545005 0.4559741 0.3767817 0.2467399 17.95656 nan 0 0.0 0.030036405568582936 8.087518945566 0.0 0.0
-0.00501812 -0.02980755 -3.101265 -1.604888 0.8079888 0.7147414 0.5274249 17.03016 1.30338 0 0.0 0.03022700060106692 3.4919206882128635 0.0 0.0
0.004133632 -0.03193611 -4.218328 -8.133155 0.5499425 0.4879229 0.1347011 18.40975 nan 0 0.0 0.032202515980021246 9.162014045481977 0.0 0.0
0.02457615 -0.003078718 6.812783 5.537259 0.4500658 0.4379767 0.7835478 16.92233 nan 0 0.0 0.024768238801861228 8.779251075016022 0.0 0.0
-0.01948884 -0.02667922 -2.291166 -1.319661 0.5650907 0.4926304 0.180052 18.50517 1.340837 0 0.0 0.0330393048406591 2.6440398624977273 0.0 0.0
-0.003560551 -0.02232878 -2.316193 -3.970038 0.3400553 0.2951688 0.5263288 16.25378 1.0731 0 0.0 0.0226108810025616 4.596297611631889 0.0 0.0
0.006024029 -0.01975778 3.744956 4.258629 0.3191377 0.2916593 0.3553196 17.50662 1.27092 0 0.0 0.02065572065848202 5.6710330982614625 0.0 0.0
0.03027162 -0.01097658 -4.755619 -3.877718 0.09630058 0.08274247 0.2825902 15.01101 1.919218 1 0.0 0.03220025288597591 6.136172174954432 0.0 0.0
0.02206187 -0.0177495 -3.268563 -2.922762 0.7269257 0.6311493 0.313544 18.52633 nan 0 0.0 0.02831555858793713 4.384751052638337 0.0 0.0
0.005645837 -0.02370597 0.8001984 -5.574155 0.4912256 0.4333351 0.3770225 18.2494 1.53948 0 0.0 0.02436900673132717 5.631298379893181 0.0 0.0
-0.01447041 -0.00354802 -1.710286 -0.2386062 0.9496797 0.8383913 0.2814292 18.60643 1.643333 0 0.0 0.0148990339112474 1.7268500573224186 0.0 0.0
-0.01568551 -0.003801866 -3.67543 -7.607883 0.5191861 0.4297148 0.114508 18.5758 nan 0 0.0 0.01613968429189543 8.449181583241598 0.0 0.0
-0.01328186 -0.006960115 -6.001762 -5.69442 0.8142227 0.6682284 0.04829504 18.44116 1.288366 0 0.0 0.014995032706627385 8.27330443299677 0.0 0.0
0.01709367 -0.01955106 -0.3099633 -6.16849 0.3782039 0.324714 0.2023267 17.78257 1.205124 0 0.0 0.025969934562730414 6.176272834602346 0.0 0.0
0.009588407 -0.01405125 -0.1230152 -6.40214 0.09602949 0.08761229 0.5107126 14.38456 1.613441 0 0.0 0.017011030990511686 6.403321741020909 0.0 0.0
-0.01527923 -0.01263474 -1.94412 -6.080908 0.666741 0.5766193 0.2568709 18.26248 1.405485 0 0.0 0.019826535861327363 6.384124425390219 0.0 0.0
0.01361051 -0.02181459 -2.991913 -5.584663 0.2823077 0.250917 0.4260109 17.52287 1.532034 0 0.0 0.025712298989553618 6.335613957868487 0.0 0.0
0.005592362 -0.01357795 -6.728057 -5.306866 0.3235748 0.2873309 0.8673777 16.1045 0.7511253 0 0.0 0.014684523790084036 8.569106005716407 0.0 0.0
-0.02197354 -0.02197426 -2.824564 -3.269278 0.6610987 0.6380336 0.1584927 18.4192 1.458588 0 0.0 0.0310757874024006 4.320456044375408 0.0 0.0
-0.004559368 -0.02530809 -2.673826 -8.522853 0.8789927 0.9821468 0.5705128 18.05136 nan 0 0.0 0.02571550613943898 8.932433528321663 0.0 0.0
0.01485358 -0.01349489 -0.2763444 -1.91588 0.6136722 0.5336011 0.4948834 18.34141 nan 0 0.0 0.020068405390775323 1.935707209732753 0.0 0.0
0.01582404 -0.02420289 -2.842454 -10.26904 0.1528265 0.1351433 0.342514 15.9194 1.762128 0 0.0 0.02891677932055539 10.655173732216477 0.0 0.0
0.02454537 -0.01979471 -1.338815 -12.12041 1.312204 1.234407 0.8620056 18.76177 1.387705 0 0.0 0.03153261378986842 12.194128266191274 0.0 0.0
-0.01503711 -0.006191682 1.030963 -6.50368 1.124861 0.8775415 -0.6032323 18.3744 1.349499 0 0.0 0.016261967997177464 6.5848871098728035 0.0 0.0
0.01482639 -0.01485292 -6.067027 -10.94563 0.7381777 0.5934436 -0.2018587 18.64332 nan 0 0.0 0.0209864497464078 12.514616762635162 0.0 0.0
-0.0005097819 -0.01127373 -2.115534 -5.321469 0.2634336 0.2240197 0.3432277 17.20063 nan 0 0.0 0.011285249917412888 5.7265623565204455 0.0 0.0
0.005105559 -0.03045605 1.993053 -0.9053753 0.196441 0.1646183 0.1933023 17.02709 1.18152 0 0.0 0.03088102514983887 2.1890556627594218 0.0 0.0
0.02913662 -0.01453538 1.463571 1.98173 0.9631266 0.6438525 0.6645666 17.77406 1.194063 0 0.0 0.03256101805485817 2.4635936890934347 0.0 0.0
-0.01101318 -0.01178164 -0.2802216 -6.373021 0.8787561 0.8383223 0.01599091 18.29569 nan 0 0.0 0.01612752847779225 6.379178694122587 0.0 0.0
0.01428463 -0.0282329 1.358918 -6.381865 0.7357923 0.6240816 0.05150479 18.63357 1.395004 0 0.0 0.03164091175435531 6.524941303103731 0.0 0.0
0.004943495 -0.03232524 -1.958636 -6.781723 0.1512287 0.1333799 0.362502 16.45958 1.297325 0 0.0 0.03270105936927159 7.058896643897332 0.0 0.0
0.001920426 -0.005437258 -2.296991 -3.454265 0.8152126 0.6979086 0.2037582 18.6878 nan 0 0.0 0.005766438292398523 4.14826642638898 1.0 0.0
0.006590423 -0.02942426 -0.09895532 -2.5155 0.5389133 0.4639296 0.4113553 18.47856 1.403271 0 0.0 0.030153287579740437 2.5174456112012233 0.0 0.0
0.002460607 0.0002885922 -0.4622726 0.001090496 0.9123303 0.7909294 0.2638188 16.75894 nan 0 0.0 0.0024774729597615876 0.46227388623227034 0.0 0.0
0.0113159 -0.01924703 0.06914532 -3.541524 0.2075905 0.1722043 0.169539 16.22884 1.629206 0 0.0 0.02232706332303691 3.5421989382096966 0.0 0.0
-0.02192268 -0.006425548 23.91581 -17.68611 1.132906 1.039274 0.1639069 18.93099 nan 0 0.0 0.022844946169398254 29.744990416676888 0.0 0.0
0.01439429 -0.0155376 3.831835 -2.150761 0.6709883 0.631469 0.4916545 17.74354 nan 0 0.0 0.021180476820980686 4.394170268247009 0.0 0.0
-0.009824351 -0.02047331 -2.327788 -6.031821 0.2397413 0.2064392 0.27772 16.61978 1.519577 0 0.0 0.022708463068365086 6.465404979503218 0.0 0.0
0.001380369 -0.005792016 1.191365 -3.935566 0.09370781 0.07796528 0.2619371 14.98832 1.697972 0 0.0 0.0059542310939714954 4.111937536439604 1.0 0.0
0.02700421 -0.01203239 2.788007 -3.996907 0.1843106 0.1361376 -0.4312011 16.05982 1.718748 0 0.0 0.029563588531100214 4.8732174791094645 0.0 0.0
0.01965847 -0.02021334 -0.8242457 -11.25448 0.3718829 0.3475512 0.450512 17.48481 1.701628 0 0.0 0.028196357152946196 11.284622326173281 0.0 0.0
-0.01824938 -0.01223084 -0.5660919 -1.417049 0.236175 0.2084249 0.387335 17.05192 1.53715 0 0.0 0.02196891707595074 1.525938369544003 0.0 0.0
-0.02381042 -0.01750001 -8.336315 -4.809608 0.9794075 0.8224093 0.1777284 18.4069 nan 0 0.0 0.029549728434902747 9.624265005333603 0.0 0.0
0.001434393 -0.004311914 -3.010214 -2.472593 0.1566503 0.1367404 0.5282708 15.33323 nan 0 0.0 0.004544236527937889 3.8955236450886805 1.0 0.0
-0.02032799 -0.01472793 -3.013876 -9.058356 0.2702341 0.2155274 -0.1139343 16.83925 1.737856 0 0.0 0.025102571571952545 9.54658378510931 0.0 0.0
-0.0006448057 -0.008242952 -3.470242 -2.582902 0.1576542 0.1414326 0.4735593 15.64081 1.497162 0 0.0 0.008268133529706477 4.325963740043136 1.0 0.0
0.02000852 -0.02529267 -1.804984 -1.741655 0.6375178 0.5631461 0.6171043 18.49044 1.37653 0 0.0 0.032249961679346226 2.508252255910677 0.0 0.0
0.001029341 -0.005303731 -3.6902 -2.497092 0.1471976 0.1330918 0.5478877 15.77885 1.605241 0 0.0 0.005402694273660319 4.45567553761088 1.0 0.0
-0.01371449 -0.002237574 1.294867 -0.8278216 0.572666 0.498857 0.2390617 18.38295 nan 0 0.0 0.013895825753282026 1.5368699193866604 0.0 0.0
-0.0269164 -0.01338086 -6.151592 -4.929561 0.3933858 0.3576377 0.3092581 17.23788 1.681329 0 0.0 0.03005894215203855 7.883061320780461 0.0 0.0
0.001812102 -0.02424371 -1.731079 1.771795 0.5576981 0.5062492 0.3052923 18.59099 1.478336 0 0.0 0.0243113386760685 2.4770732783399847 0.0 0.0
-0.02219131 -0.01324056 5.322097 1.934016 0.8343215 0.6779765 -0.2176707 17.68039 1.203039 0 0.0 0.025841181641513607 5.662608441845949 0.0 0.0
-0.002265008 -0.004054436 -1.22134 -0.3818155 0.9348853 0.8877582 0.5037176 17.96884 nan 0 0.0 0.004644212798544011 1.2796305996811153 0.0 1.0
0.01577026 -0.02272659 -1.122831 -8.929584 0.3047788 0.282241 0.4835852 17.24498 1.694708 0 0.0 0.027662230450484288 8.999901103213135 0.0 0.0
0.00918193 -0.03145577 -1.056152 -5.602142 0.7336437 0.6467972 0.3247437 18.66748 nan 0 0.0 0.03276848035563749 5.700829065606861 0.0 0.0
0.02030702 -0.01714835 1.68989 -6.30967 0.1458887 0.118779 0.0555177 16.05732 1.806806 0 0.0 0.026578957259510764 6.532048968049764 0.0 0.0
-0.02332461 -0.01665686 1.066551 -4.950498 0.5790027 0.5091589 0.7548952 17.15729 nan 0 0.0 0.028661619226967968 5.064085453821351 0.0 0.0
0.0007863446 -0.001471866 -3.751542 -2.817949 0.08921737 0.07982226 0.3137823 14.74869 1.469125 0 0.0 0.0016687502365258739 4.692004256643956 0.0 0.0
0.01628577 -0.005724561 3.416829 -6.780846 1.357311 1.143982 0.2435118 18.4974 1.47883 0 0.0 0.017262586803130666 7.593062155083218 0.0 0.0
0.007023918 -0.005441282 -2.043123 -1.839936 0.3770031 0.3423396 0.4862864 17.66887 1.435289 0 0.0 0.008884985867982458 2.749493785631275 0.0 0.0
0.01072168 -0.0216674 -0.7357299 -5.744614 0.2348541 0.2016834 0.2026145 16.25654 1.753809 0 0.0 0.024175000409149945 5.791535935721199 0.0 0.0
0.0207664 -0.01513046 0.1445984 -4.360781 1.063654 0.9811174 0.6015288 18.11981 1.380165 0 0.0 0.025693855078045412 4.363177698334502 0.0 0.0
-0.01573876 -0.009035638 -5.869129 -7.961199 0.2683326 0.2471828 0.4437558 17.18905 1.683823 0 0.0 0.01814803902366986 9.890771695688967 0.0 0.0
-0.002696831 -0.01307811 -3.589044 -2.870832 0.1734215 0.152341 0.3531 16.41345 1.004843 0 0.0 0.0133532714573868 4.595967058863673 0.0 0.0
-0.01425455 -0.002249087 -4.413031 -4.255367 0.9118589 0.7416988 0.02655032 18.21601 1.479122 0 0.0 0.014430890063889649 6.130496791586307 0.0 0.0
-0.01600751 -0.01767597 -1.503499 -2.914796 1.166348 0.9029021 -0.02121529 18.74496 nan 0 0.0 0.023847018510518247 3.279717208025259 0.0 0.0
-0.002291822 -0.01301707 -1.841277 -7.399052 0.2698037 0.2382122 0.3560847 16.59356 nan 0 0.0 0.013217282605156932 7.624714518553007 0.0 0.0
0.009183889 -0.008256689 1.229199 -2.408362 0.1339432 0.1233007 0.5389802 14.81419 2.143937 1 0.0 0.012349766411031506 2.7039115563651483 0.0 0.0
-0.02100219 -0.01888035 -12.02409 -8.164672 1.587213 1.369162 -0.007728521 18.62726 nan 0 0.0 0.028241097728640082 14.534118796668892 0.0 0.0
-0.001994907 -0.007907275 2.103398 -4.392052 0.6627317 0.5609665 0.1656124 16.89533 1.415655 0 0.0 0.008155038434260993 4.869743721912683 1.0 0.0
-0.0258898 -0.01576861 0.5212436 -5.119355 0.3695758 0.3317968 0.3590614 17.62196 1.375423 0 0.0 0.030313871500883882 5.1458226268076865 0.0 0.0
0.0005703077 -0.00304352 -3.676151 -3.017073 0.1019103 0.08539947 0.3569932 14.50805 1.504292 0 0.0 0.003096492348299813 4.755714001296756 0.0 0.0
-0.01495675 -0.001505315 -0.526623 -3.445474 0.1061032 0.08969761 0.2207379 15.36524 1.098124 0 0.0 0.015032309995863077 3.485487465019061 0.0 0.0
0.007995084 -0.01807372 4.027211 1.176175 0.4836945 0.4487942 0.4505086 17.48139 1.449717 0 0.0 0.019763115210043584 4.195451831346178 0.0 0.0
0.005538234 -0.01605941 -4.351569 -2.608675 0.7827232 0.746567 0.8572235 16.06481 1.525043 0 0.0 0.01698754500764769 5.07359222025046 0.0 0.0
-0.01635795 -0.02133622 -3.02126 -2.740888 0.560317 0.4912899 -0.05642877 18.28955 nan 0 0.0 0.026885252687875186 4.07927432469845 0.0 0.0
0.01055931 -0.02556791 -3.423735 -3.436339 0.9274635 0.8132596 0.3117858 17.97999 1.50964 0 0.0 0.027662556813212332 4.850813032177802 0.0 0.0
-0.01354958 -0.02540802 -7.337321 -8.677288 0.2853033 0.246062 0.03669407 16.45286 nan 0 0.0 0.028795114142798603 11.363608867432255 0.0 0.0
0.01039824 -0.01590717 -2.377731 0.5368144 0.1543132 0.1356913 0.3291805 15.99971 1.664369 0 0.0 0.01900424827522783 2.4375755185036545 0.0 0.0
-0.01411854 -0.009956665 -3.033144 -2.468849 0.6483091 0.5716086 0.2781486 18.07127 1.388918 0 0.0 0.017276236559326946 3.9109049987869815 0.0 0.0
0.007481855 -0.02153743 -2.819161 -1.178207 0.1132625 0.09520026 0.1979764 13.69908 2.687716 1 0.0 0.022799979062401023 3.055460763742516 0.0 0.0
0.02743757 -0.006701457 2.302452 -1.310068 0.2515399 0.2145665 0.5440733 15.92263 nan 0 0.0 0.02824411042018759 2.64906839793313 0.0 0.0
0.01620175 -0.02592337 -0.142469 -1.636479 0.1655954 0.1447857 0.5111465 16.19933 1.190779 0 0.0 0.03056988412178561 1.6426688447164268 0.0 0.0
-0.02157027 -0.0133625 -2.209442 -3.317606 0.8311909 0.7066224 -0.2519848 18.62749 nan 0 0.0 0.02537386360259115 3.9859934172800635 0.0 0.0
-0.0215142 -0.02382239 1.391494 2.991936 0.6877975 0.5604233 0.08827649 17.97303 1.522146 0 0.0 0.032099331253970076 3.2996873458150544 0.0 0.0
0.009290269 -0.02731683 -6.129101 -6.453443 0.1134259 0.095183 0.1924214 16.03685 1.853448 0 0.0 0.0288533932032484 8.90015761784307 0.0 0.0
-0.01717082 -0.002884655 -3.922061 -2.729044 0.1877955 0.1624822 0.01515535 16.58268 1.618119 0 0.0 0.01741144146650199 4.778100421889121 0.0 0.0
0.009533187 -0.02796344 -3.804421 -3.345172 0.7920775 0.6895127 0.274202 18.77793 nan 0 0.0 0.029543791750731133 5.065944616241378 0.0 0.0
0.02025392 -0.01230367 -4.838101 -6.10692 0.9386501 0.89639 -0.01270404 18.93452 nan 0 0.0 0.023698134332375196 7.791129133354228 0.0 0.0
-0.02102931 -0.01828908 2.454748 -9.679706 0.576753 0.4745073 -0.1183079 18.16576 nan 0 0.0 0.027869738540619644 9.986115160057988 0.0 0.0
-0.01633108 -0.0204493 -3.120416 -1.881927 1.201832 1.123743 0.2417168 18.84739 nan 0 0.0 0.0261701747119961 3.643987547506852 0.0 0.0
0.008075639 -0.02404563 -0.7905639 -1.477035 0.6861831 0.5984757 0.007381224 18.39745 nan 0 0.0 0.025365493635157603 1.6752980842847671 0.0 0.0
0.003540025 -0.02255957 -3.61406 -5.798547 0.1703023 0.1504999 0.2955791 16.09133 1.896055 0 0.0 0.02283562952023712 6.832611286675761 0.0 0.0
0.001245387 -0.003102653 -9.689154 -0.8816889 1.655918 1.46482 0.01763797 18.46094 nan 0 0.0 0.003343268523193732 9.729187044768912 0.0 0.0
0.004404185 -0.0173182 -4.676036 -9.313242 0.4411164 0.4313425 0.8718485 16.46749 nan 0 0.0 0.017869440303328613 10.421218221679268 0.0 0.0
-0.008826495 -0.006890998 -4.531551 1.660132 0.4751556 0.3869019 0.5078901 17.99711 1.356001 0 0.0 0.011197895669322385 4.826074255854856 0.0 0.0
0.006698947 -0.02070386 -0.1842039 -1.482543 0.710398 0.6484316 0.007742569 18.51448 1.450224 0 0.0 0.02176064589593813 1.4939427109578902 0.0 0.0
-0.02143575 -0.01092489 0.3991829 -3.643871 0.8527811 0.8309221 0.6126384 18.63808 nan 0 0.0 0.024059189503692763 3.6656708597872516 0.0 0.0
0.007319532 -0.026466 0.9624456 -2.726871 0.1952173 0.1649402 0.1904746 16.20181 1.850731 0 0.0 0.027459510277844067 2.8917342518980473 0.0 0.0
-0.01001456 -0.007228702 -0.9869955 1.409976 0.5314336 0.4757543 0.3536019 18.18516 nan 0 0.0 0.012350932944454196 1.7211020997013076 0.0 0.0
0.02506084 -0.00902022 -1.840444 -6.357598 1.141254 0.7740576 -0.4314997 18.75051 nan 0 0.0 0.0266347530559981 6.61863176545878 0.0 0.0
-0.02130042 -0.01258425 -2.150455 -8.997998 0.6999923 0.5783611 -0.2902064 18.15168 0.7753963 0 0.0 0.024740073569795625 9.251401229815352 0.0 0.0
-0.02027329 -0.01847395 3.540579 -2.36386 0.4726474 0.3734397 -0.07394967 17.83136 1.237539 0 0.0 0.027427962301756943 4.257174386238012 0.0 0.0
-0.02030077 -0.0159162 1.848155 -7.48599 0.7260141 0.6216343 -0.006228478 18.53164 1.559351 0 0.0 0.025796253313861296 7.710753736446587 0.0 0.0
-0.0001317647 -0.01209389 -1.325728 -2.525784 0.2277523 0.2024071 0.364104 16.13159 1.736181 0 0.0 0.012094607776536868 2.8525671849476217 0.0 0.0
-0.007960876 -0.02802054 -3.538221 -2.364335 0.4137407 0.3830896 0.8231738 16.5282 1.53997 0 0.0 0.029129473194326325 4.255477392381024 0.0 0.0
-0.004722157 -0.006814449 -3.383038 -2.984136 0.2518787 0.2172953 0.3426806 17.27585 1.595469 0 0.0 0.008290686455671208 4.511098954350259 1.0 0.0
-0.01708788 -0.01521374 -3.631921 -2.70894 0.2291447 0.1977364 0.3212326 16.8964 1.469799 0 0.0 0.022879106793797697 4.530916692441057 0.0 0.0
-0.01654814 -0.01342647 -3.860737 -8.436004 0.4818594 0.414137 0.1231519 17.85661 1.563564 0 0.0 0.021309881138112902 9.277470219363952 0.0 0.0
0.02754567 -0.006339088 4.671913 -4.332385 0.5979142 0.5204053 0.2695658 17.28174 nan 0 0.0 0.028265667733500373 6.371525003309176 0.0 0.0
0.02454724 -0.01151491 -1.430853 -3.721201 1.011445 0.7378665 -0.07131309 18.74292 nan 0 0.0 0.027113836761434192 3.9868129113378274 0.0 0.0
-0.002750343 -0.03244914 -7.367491 -3.462497 0.1671114 0.1448934 0.2831844 15.47107 1.866222 0 0.0 0.0325654889930621 8.140565650499356 0.0 0.0
