jas1101finalproject/data/gcs/NGC_288.ecsv
# %ECSV 0.9
# ---
# datatype:
# - {name: x, unit: deg, datatype: float64}
# - {name: y, unit: deg, datatype: float64}
# - {name: pmx, unit: mas / yr, datatype: float64}
# - {name: pmy, unit: mas / yr, datatype: float64}
# - {name: pmx_e, unit: mas / yr, datatype: float64}
# - {name: pmy_e, unit: mas / yr, datatype: float64}
# - {name: pm_corr, datatype: float64}
# - {name: g_mag, unit: mag, datatype: float64}
# - {name: bp_rp, unit: mag, datatype: float64}
# - {name: filter, datatype: int64}
# - {name: memberprob, datatype: float64}
# - {name: r, unit: deg, datatype: float64}
# - {name: pm, unit: mas / yr, datatype: float64}
# - {name: member_prob_GMM, datatype: float64}
# - {name: member_prob_DB, datatype: float64}
# meta: !!omap
# - comments: [deg deg mas/yr mas/yr mas/yr mas/yr dimless mag   mag   zeroone float]
# - __serialized_columns__:
#     bp_rp:
#       __class__: astropy.units.quantity.Quantity
#       unit: &id001 !astropy.units.Unit {unit: mag}
#       value: !astropy.table.SerializedColumn {name: bp_rp}
#     g_mag:
#       __class__: astropy.units.quantity.Quantity
#       unit: *id001
#       value: !astropy.table.SerializedColumn {name: g_mag}
#     pm:
#       __class__: astropy.units.quantity.Quantity
#       unit: !astropy.units.Unit {unit: mas / yr}
#       value: !astropy.table.SerializedColumn {name: pm}
#     pmx:
#       __class__: astropy.units.quantity.Quantity
#       unit: !astropy.units.Unit {unit: mas / yr}
#       value: !astropy.table.SerializedColumn {name: pmx}
#     pmx_e:
#       __class__: astropy.units.quantity.Quantity
#       unit: !astropy.units.Unit {unit: mas / yr}
#       value: !astropy.table.SerializedColumn {name: pmx_e}
#     pmy:
#       __class__: astropy.units.quantity.Quantity
#       unit: !astropy.units.Unit {unit: mas / yr}
#       value: !astropy.table.SerializedColumn {name: pmy}
#     pmy_e:
#       __class__: astropy.units.quantity.Quantity
#       unit: !astropy.units.Unit {unit: mas / yr}
#       value: !astropy.table.SerializedColumn {name: pmy_e}
#     r:
#       __class__: astropy.units.quantity.Quantity
#       unit: &id002 !astropy.units.Unit {unit: deg}
#       value: !astropy.table.SerializedColumn {name: r}
#     x:
#       __class__: astropy.units.quantity.Quantity
#       unit: *id002
#       value: !astropy.table.SerializedColumn {name: x}
#     y:
#       __class__: astropy.units.quantity.Quantity
#       unit: *id002
#       value: !astropy.table.SerializedColumn {name: y}
# schema: astropy-2.0
x y pmx pmy pmx_e pmy_e pm_corr g_mag bp_rp filter memberprob r pm member_prob_GMM member_prob_DB
[from data line 6307]
-0.03289285 0.0828898 4.558997 -5.317446 0.2537286 0.2091402 0.3907095 18.24253 0.7988834 1 0.9998388 0.08917767952331178 7.004261960329939 0.0 0.0
0.04597375 -0.03907055 6.767588 -2.987646 1.241062 1.050705 0.4025652 20.33536 0.6117897 0 0.0 0.0603331879347097 7.397720997649208 1.0 0.0
-0.02324147 0.08612511 5.336939 -6.333438 2.409484 1.55919 0.2017064 20.6995 0.7740803 1 0.9963546 0.08920594431019158 8.282231268780473 0.0 0.0
0.0399562 -0.02955063 3.817154 -5.394681 0.3219342 0.234142 0.2667757 18.44063 0.6740608 1 0.9998367 0.04969645512344819 6.608573806160979 1.0 0.0
0.0278013 -0.02080565 4.541347 -6.157802 0.9463339 0.8234062 0.4109368 20.14302 0.4790821 0 0.0 0.03472444893173252 7.651297801393761 1.0 0.0
0.0161987 -0.0130901 5.071399 -5.13784 0.3443629 0.2818669 0.303483 18.69741 0.6844788 0 0.0 0.02082663198167193 7.21917500015071 1.0 0.0
0.02196308 -0.005957581 4.284125 -6.080371 0.5418724 0.4776068 0.3045511 19.34702 0.6066856 0 0.0 0.02275674964615907 7.438053408874261 1.0 0.0
0.007210077 -0.06065654 9.188509 0.6530346 1.934738 1.542604 0.2380972 20.7487 0.5591946 0 0.0 0.06108355797690185 9.211685612952612 0.0 0.0
-0.05705821 0.003681494 3.629294 -6.241111 0.66487 0.5098988 0.2982063 19.46658 0.5297356 0 0.0 0.0571768548144801 7.219642751047797 1.0 0.0
-0.00274876 -0.02158241 9.870894 -7.345328 3.268713 1.19059 0.2548839 20.23392 nan 0 0.0 0.021756748446073 12.303999016044337 0.0 0.0
-0.03473149 -0.08502222 3.687933 -6.199494 2.353531 1.946491 0.1108523 20.87319 1.041887 0 0.0 0.0918425516378356 7.21349954380847 0.0 0.0
-0.02608079 0.02845966 4.273338 -4.785711 0.5556484 0.4492865 0.3763008 19.3092 0.6751366 0 0.0 0.0386025886999784 6.415952574463515 1.0 0.0
-0.00484276 0.01296151 -4.124188 -5.850616 0.6520023 0.4822195 0.2926649 19.00504 0.5733128 0 0.0 0.013836656601133816 7.15811666842613 1.0 0.0
-0.06811513 0.04389953 1.748422 -10.06902 4.105495 3.733568 0.5724752 20.99749 0.4673042 0 0.0 0.08103603932287042 10.21969389221047 0.0 0.0
0.001279062 -0.05349042 4.144664 -5.683581 0.3490267 0.250126 0.2844099 18.56348 0.6899452 1 0.9999536 0.05350571026886985 7.034296884298885 1.0 1.0
-0.02005045 0.004481689 5.1693 -3.461853 0.6123773 0.5359811 0.4330411 19.44714 0.7049141 0 0.0 0.02054522040512637 6.22142175741277 0.0 0.0
0.04381522 -0.02745014 6.208042 1.131016 0.8653774 0.7036863 0.4273787 19.85394 0.719017 0 0.0 0.05170380730340852 6.310228416311093 0.0 0.0
-0.02426697 0.02361349 12.00847 -5.282162 2.630916 0.9375316 0.354854 20.06049 nan 0 0.0 0.033859751076477214 13.118863789793078 0.0 0.0
0.02740313 -0.02061673 2.89708 -9.571814 1.682923 1.889374 0.680074 20.46953 nan 0 0.0 0.03429258067993425 10.000634768703234 0.0 0.0
0.01799144 -0.01168656 4.55599 -5.649561 0.4964363 0.4103793 0.3424355 19.19785 0.4566727 0 0.0 0.021453848090895025 7.257725840290538 1.0 0.0
0.05412632 -0.07451646 2.945982 -5.933942 0.6292907 0.4653058 0.2853843 19.41061 0.575798 1 0.9983985 0.09209973576332345 6.624988875740699 0.0 0.0
0.144376 -0.03377555 4.858139 -5.136886 0.6780895 0.5123837 0.3975468 19.5903 0.6326427 1 0.9983152 0.14827412840344906 7.070297894736615 0.0 0.0
0.004563672 0.01198114 -1.051671 -3.299616 1.052755 0.8380191 -0.009074878 19.38901 nan 0 0.0 0.012820874300264549 3.4631600655610764 0.0 0.0
-0.02632963 0.001344736 3.49166 -4.988872 1.157156 1.289929 0.6290393 20.14128 nan 0 0.0 0.026363947558106622 6.0893787357976015 0.0 0.0
0.01874428 -0.03348196 4.095295 -5.040624 0.3264405 0.2376918 0.2724264 18.30953 0.7868214 0 0.0 0.03837173019502769 6.494561682392508 1.0 0.0
0.04403288 -0.02907719 4.276313 -5.575848 0.2087261 0.165977 0.2995895 17.89016 0.9006939 0 0.0 0.052767200981201384 7.026872262470195 1.0 1.0
0.03027681 0.01502899 5.627623 -7.415262 1.446791 1.398979 0.4473573 20.19819 0.5032558 0 0.0 0.03380171244472978 9.308933943195267 0.0 0.0
-0.02692039 0.03648368 4.763885 -4.990089 0.7464742 0.6121754 0.4161238 19.66733 0.66045 0 0.0 0.045340559150660015 6.898955610898363 1.0 0.0
0.1029818 -0.04311499 4.280245 -5.117513 0.54531 0.4832182 0.3006394 19.28377 0.7587013 1 0.9993515 0.11164297332989703 6.671539295034842 0.0 0.0
0.03355585 -0.08888234 5.166965 -5.878723 0.6150675 0.4514064 0.3011235 19.41813 0.5416832 1 0.9988766 0.0950056073771338 7.826679463345487 0.0 0.0
-0.0734987 -0.03728057 4.897259 -3.813421 1.027472 0.8481369 0.3745258 20.1645 0.74086 0 0.0 0.08241298320783504 6.206877269313612 0.0 0.0
0.0006314035 -0.01432301 8.184519 -5.396854 0.3449465 0.2434489 0.2343779 17.50334 0.7195644 0 0.0 0.01433692037502867 9.803692383927444 0.0 0.0
0.004026121 -0.01766476 3.871889 -4.701906 0.4232299 0.320156 0.2511532 18.88622 0.6823788 0 0.0 0.018117764656939362 6.090931329538776 0.0 0.0
-0.0139599 -0.009469662 3.658681 -5.822804 0.3017485 0.2154751 0.2964558 18.32508 0.7407837 0 0.0 0.016868707905593836 6.876844703945044 1.0 0.0
0.009076113 -0.03790583 3.429759 -6.905962 1.220406 1.032119 0.3369932 20.34352 0.3361206 0 0.0 0.03897727254667352 7.710743021494427 0.0 0.0
-0.0150724 0.0004369658 3.646512 -6.657579 0.4125624 0.336091 0.5664857 18.6458 0.5247593 0 0.0 0.015078732734231005 7.590810754286067 0.0 0.0
0.009060232 -0.04465021 6.650312 -5.231706 1.470026 1.062825 0.3078907 20.24178 0.557518 0 0.0 0.04556016963245335 8.461524529762944 0.0 0.0
0.03761862 0.0001418614 5.762116 -5.645469 2.236616 1.388335 0.1747365 20.73571 nan 0 0.0 0.03761888748170538 8.066802404138643 0.0 0.0
-0.04860858 0.07411804 5.457352 -5.826085 1.044465 0.8871445 0.3713238 20.22933 nan 0 0.0 0.08863564690945736 7.982853955768514 0.0 0.0
-0.01801838 0.05580114 4.112743 -7.184286 0.6812818 0.5268184 0.3597585 19.49062 0.6961517 0 0.0 0.058638121074297736 8.278201514450165 0.0 0.0
0.06525546 -0.03031566 5.16453 -4.5362 0.808454 0.6814887 0.3514534 20.00698 0.7295284 0 0.0 0.07195355655592849 6.87382575869508 1.0 0.0
0.005294491 0.04536734 4.873106 -5.280478 0.4508513 0.3903588 0.3152016 19.03623 0.4872017 0 0.0 0.04567523589019198 7.1854443144262135 1.0 0.0
0.05924119 -0.01996311 4.273625 -5.661263 0.05745712 0.04298559 0.2799324 12.52818 1.600815 1 0.999996 0.06251435317979544 7.09321995963709 1.0 1.0
-0.01665545 -0.02801326 4.233422 -5.468866 0.527756 0.3846382 0.3514398 19.13674 0.5113449 0 0.0 0.03259059297604295 6.915949476105216 1.0 1.0
-0.006560324 0.00768188 -4.252535 -1.805105 1.01287 0.8189573 0.5819798 19.13782 nan 0 0.0 0.010101937008285886 4.619789820679075 0.0 0.0
0.05002891 -0.009111623 4.839817 -5.07946 1.104447 1.053962 0.3818644 20.375 0.9129238 0 0.0 0.05085187813131615 7.016034669604263 1.0 0.0
0.005287292 -0.01816644 2.396303 -6.246221 1.83423 0.8934783 0.004734015 19.82255 nan 0 0.0 0.018920227244059833 6.690107984827301 1.0 0.0
-0.07864919 -0.02115736 7.387884 -1.267648 0.9268153 0.8087804 0.2598101 19.9758 0.879631 0 0.0 0.08144525136449453 7.495849614910907 0.0 0.0
0.004438847 -0.01760374 3.317544 0.2210305 1.006189 0.7202763 0.269717 19.34689 nan 0 0.0 0.018154752123810698 3.32489889678863 0.0 0.0
0.01200439 0.05640465 4.184873 -5.957022 0.3603122 0.321092 0.3557774 18.5663 0.6704998 1 0.9999093 0.057667928009376236 7.28005996778962 1.0 0.0
-0.05285514 0.009207193 5.823623 -5.491009 0.6638984 0.5586744 0.3681626 19.64652 0.6994629 0 0.0 0.05365107852931616 8.004109237398625 0.0 0.0
-0.007226954 -0.02497197 3.698178 -5.304173 0.6036738 0.4587802 0.2713215 19.30569 0.636095 0 0.0 0.025996694978381696 6.466124939530089 0.0 0.0
-0.02739229 -0.07702273 3.797661 -5.292768 0.4492596 0.3581298 0.4745387 18.57851 nan 0 0.0 0.0817486298851363 6.514262980011246 0.0 0.0
-0.005732026 -0.01153652 5.572031 -5.538667 1.868095 1.291544 0.2342347 20.38591 nan 0 0.0 0.012882057901402089 7.856485321175748 0.0 0.0
-0.03697563 0.05020997 3.439013 -5.915936 0.4665916 0.3762619 0.3644603 19.11521 0.64711 1 0.9996731 0.062355739922623 6.842887487768961 1.0 0.0
0.03835914 -0.009353166 4.988291 -6.343544 1.006766 0.8892591 0.4240135 20.08788 0.8873367 0 0.0 0.03948297526482973 8.069919304467486 0.0 0.0
-0.02535157 0.08716226 5.60293 -5.049196 2.034522 1.453664 0.5294 20.57205 0.668169 0 0.0 0.09077423461408254 7.54236069353064 0.0 0.0
0.001315463 -0.001583839 -1.153694 -7.569059 1.679226 0.7331914 0.6906386 19.01398 nan 0 0.0 0.0020588804924740046 7.6564785633551535 0.0 0.0
0.01586039 -0.04213134 2.255104 -6.047019 1.334433 1.084328 0.2805383 20.43928 nan 0 0.0 0.045017794050216414 6.453830865244068 0.0 0.0
-0.02891742 -0.02162037 3.399721 -5.927953 1.73059 1.21835 0.3414372 20.33191 nan 0 0.0 0.03610619861454955 6.83364687762325 1.0 0.0
-0.1101758 -0.03231655 4.127227 -6.005748 0.3228762 0.2282023 0.3285009 18.35011 0.7525387 1 0.9996686 0.1148175348522276 7.287181330873619 0.0 0.0
-0.01787765 0.006936806 3.761206 -8.230925 1.434411 1.243501 0.2519422 20.37879 nan 0 0.0 0.019176278236512318 9.049574406018273 0.0 0.0
0.04340786 0.004591565 4.785339 -3.59419 1.129682 1.05478 0.3140698 20.33057 0.690094 0 0.0 0.04365002610456064 5.984786637886183 0.0 0.0
0.1168717 -0.007775604 3.237105 -7.651259 1.281619 1.025315 0.3442902 20.47628 0.7978172 0 0.0 0.11713007418445023 8.307864531039609 0.0 0.0
-0.008840834 0.03818214 4.220223 -4.64211 0.7493252 0.6553969 0.2357901 19.29491 0.5894089 0 0.0 0.039192297212528336 6.273712411469703 0.0 0.0
0.01016734 -0.05798267 5.339816 -6.214569 0.9508902 0.8423297 0.3148085 20.1127 0.7813396 0 0.0 0.05886734937980901 8.193564716874883 0.0 0.0
-0.09165585 0.0453346 3.84727 -5.92868 0.812777 0.6430126 0.4305133 19.86722 0.5853996 1 0.9993299 0.10225468593850602 7.067583249973077 0.0 0.0
-0.03493851 0.04876484 5.275964 -5.234329 0.4804688 0.3645056 0.363857 19.07339 0.6647301 1 0.9993503 0.0599892415458447 7.43195776424604 1.0 0.0
0.06020609 -0.0530542 4.541151 -5.391955 0.3916126 0.2972003 0.2899646 18.80183 0.6094894 1 0.999856 0.08024662865646194 7.049484458229978 0.0 0.0
0.06022901 -0.0208639 3.316949 -10.06601 1.346501 1.274176 0.4496947 20.50912 nan 0 0.0 0.0637403794214476 10.598429505766456 0.0 0.0
0.04860298 -0.03932532 4.472252 -5.22072 0.6784659 0.4953836 0.3667457 19.48699 0.787487 1 0.9997489 0.06251984051469421 6.874369445258525 1.0 0.0
-0.01807838 -0.02895953 2.379367 -4.16085 2.549947 3.007187 0.1777976 20.62617 nan 0 0.0 0.03413915935176642 4.793126332905174 0.0 0.0
-0.006505896 0.01048378 7.344889 -6.475362 3.336721 2.865409 0.6953439 20.58856 nan 0 0.0 0.012338408562339634 9.791716266996557 0.0 0.0
-0.02950819 -0.02220417 4.278029 -4.975211 1.177686 0.4172706 0.04367431 19.01436 nan 0 0.0 0.03692910021196021 6.561574248559715 1.0 0.0
0.01956564 -0.006895562 3.582126 -5.66082 0.4019162 0.3433438 0.333988 18.97852 0.5034199 0 0.0 0.020745193272308744 6.698993189448397 1.0 0.0
-0.01048029 0.04423783 4.201359 -5.946783 0.3358508 0.2878143 0.342945 18.51687 0.7568817 1 0.9999321 0.045462314960778225 7.281184347066761 1.0 1.0
-0.005917642 -0.06655971 3.453886 -5.836869 0.3774987 0.2939541 0.2056673 18.73659 0.5186768 0 0.0 0.06682225289620415 6.782209685947272 1.0 0.0
-0.002803343 -0.02117043 2.6053 -4.98216 0.8223751 0.5230871 0.3481942 19.4663 1.07893 0 0.0 0.021355229766044405 5.62223321782368 0.0 0.0
0.09005601 -0.006708053 4.053346 -5.552135 0.2983297 0.2483232 0.265471 18.45235 0.6707115 1 0.9999016 0.09030549768519583 6.874286643277323 0.0 0.0
-0.02360417 0.04025333 4.382117 -5.319857 1.463041 1.247684 0.4343478 20.46454 0.5228233 0 0.0 0.046663555559749194 6.8923020756593365 1.0 1.0
0.05069381 -0.01937917 4.301699 -5.942531 0.5797358 0.4587015 0.3450638 19.41046 0.7214832 0 0.0 0.0542716740317175 7.3360949402636555 1.0 1.0
-0.03677977 -0.03361603 1.69214 -68.47492 1.546868 1.149273 0.3791481 20.14793 1.39373 0 0.0 0.049827592297980845 68.49582473980439 0.0 0.0
-0.03702234 0.05481429 4.143108 -5.614675 0.07586461 0.05728738 0.326459 15.71196 1.056108 1 0.9999915 0.06614574852006515 6.977816223954956 1.0 1.0
-0.04682732 -0.03903275 3.728263 -5.484643 0.3773921 0.2762412 0.2952676 18.57905 0.6709194 0 0.0 0.06096190179895063 6.63183638478951 0.0 0.0
-0.03050713 -0.03658583 4.796047 -5.428149 0.9999439 0.7455675 0.2820802 20.01711 0.685276 0 0.0 0.04763620406398688 7.243401714140257 1.0 0.0
-0.003820973 -0.03624233 5.354491 -1.99468 0.6615141 0.5224461 0.5400431 18.85247 0.8735027 0 0.0 0.03644319303375638 5.713958537781054 0.0 0.0
0.02789345 -0.01356729 2.333782 -7.024986 1.601073 1.418768 0.2804828 20.47159 nan 0 0.0 0.031017993340101805 7.402497330206881 1.0 0.0
-0.01339223 0.007582103 4.278248 -6.795504 1.897554 0.7456439 0.3310392 19.88238 nan 0 0.0 0.015389610465359707 8.030085962399157 0.0 0.0
0.02672146 -0.03669551 4.479707 -5.769025 0.5569447 0.4139633 0.3215993 19.17882 0.69594 0 0.0 0.045393797799828335 7.304069020516852 1.0 1.0
-0.0478173 -0.02647518 4.380499 -5.630557 0.1250809 0.0845904 0.3783413 15.83492 0.0294199 1 0.9999889 0.05465738134344162 7.133858957061739 1.0 1.0
0.02529461 -0.05037851 4.899604 -4.471323 1.130186 0.7946607 0.1591077 20.05842 0.7412415 0 0.0 0.05637208143107899 6.633162799686512 1.0 0.0
0.01978981 -0.007557451 5.848273 -6.004558 0.4587352 0.377013 0.3031913 18.89997 0.4996281 0 0.0 0.021183759001968963 8.381945708359904 0.0 0.0
0.05287489 0.0264191 11.63254 -12.04498 5.019096 3.140026 -0.007435965 20.98243 0.3361855 0 0.0 0.059107722315464836 16.745074799832935 0.0 0.0
0.009343674 -0.03975026 -1.320049 0.1642315 1.076965 0.9493371 0.2367543 19.61284 nan 0 0.0 0.04083365540685619 1.3302260514639044 0.0 0.0
0.01550304 -0.0556296 1.00524 -5.787775 1.362556 1.095117 0.289436 20.49563 0.7447853 0 0.0 0.0577494298275022 5.874423112802226 0.0 0.0
-0.04261399 -0.03649433 4.825331 -5.633327 0.6118357 0.3923457 0.2586148 19.10169 0.6267338 0 0.0 0.05610515364802952 7.417424913572769 1.0 0.0
-0.01131195 -0.02691779 8.086269 -4.91489 1.935207 2.058161 0.4058465 20.24456 nan 0 0.0 0.029198075814796425 9.462763341247681 0.0 0.0
0.04504825 -0.03808218 4.839552 -5.325272 1.024758 0.8464139 0.3427276 20.16755 0.5983028 0 0.0 0.058988111188737855 7.195817217987683 1.0 0.0
-0.012837 0.007847288 4.124219 -5.851118 0.4263002 0.304812 0.4871622 18.60058 0.6366348 0 0.0 0.015045547446169713 7.158544838854123 1.0 0.0
-0.09537902 0.04097518 5.163857 -6.746656 2.686825 1.940447 0.3838932 20.77942 0.510767 0 0.0 0.10380810581160221 8.496045332905481 0.0 0.0
0.02015271 -0.05337774 5.232315 -5.896406 0.373101 0.277045 0.2549096 18.70295 0.6102505 0 0.0 0.057055366512289624 7.883192498985484 0.0 0.0
0.02599494 -0.03721796 4.713218 -5.969146 0.9990772 0.7566577 0.326311 20.1097 0.6194992 0 0.0 0.04539728463427301 7.605598456718577 0.0 0.0
-0.05241472 -0.02870498 4.28328 -5.642778 0.09112266 0.0626869 0.3227776 15.53616 0.1936045 1 0.9999944 0.059760176953208566 7.084308795901263 1.0 1.0
-0.05357217 0.07985694 2.710742 -9.34282 2.100457 1.879955 0.6031351 20.66294 0.630415 0 0.0 0.09616188571712027 9.728124574807007 0.0 0.0
0.02633746 0.01745039 1.288583 -4.994342 1.19913 0.915364 0.3267934 20.23952 0.6901436 0 0.0 0.03159395370009427 5.157896679931946 0.0 0.0
0.03746865 -0.02549286 4.324136 -1.76784 0.5040616 0.4286453 0.2781177 19.00175 0.6945457 0 0.0 0.045318711850648404 4.671553318982456 0.0 0.0
0.02988429 0.01444163 4.410511 -5.374037 0.4155417 0.3550173 0.5201064 18.65272 nan 0 0.0 0.033190834063955066 6.952185336891559 1.0 1.0
-0.01397837 -0.0885464 3.142334 -5.574363 0.6175606 0.4604801 0.3311249 19.44705 0.6917934 1 0.9987722 0.08964295722931556 6.399045696299176 0.0 0.0
0.006935663 -0.01746272 4.327749 -5.407891 0.3125125 0.2535689 0.22781 18.37474 0.6764908 0 0.0 0.018789625090670888 6.9263768649187725 1.0 0.0
-0.02611817 -0.05439938 1.220195 -9.160495 2.768451 2.223962 0.343185 20.87471 1.163479 1 0.9942573 0.06034443925112984 9.24140381560345 0.0 0.0
-0.03960779 0.01539044 4.239944 -5.370793 0.5961984 0.5042391 0.3647704 19.46157 0.6926746 0 0.0 0.04249285436491293 6.842699947534233 1.0 1.0
0.01669334 -0.03620724 4.782382 -15.58107 3.533802 3.931079 -0.02710644 20.97648 nan 0 0.0 0.039870187217684344 16.298494407116998 0.0 0.0
