jas1101finalproject/data/gcs/NGC_6522.ecsv
# %ECSV 0.9
# ---
# datatype:
# - {name: x, unit: deg, datatype: float64}
# - {name: y, unit: deg, datatype: float64}
# - {name: pmx, unit: mas / yr, datatype: float64}
# - {name: pmy, unit: mas / yr, datatype: float64}
# - {name: pmx_e, unit: mas / yr, datatype: float64}
# - {name: pmy_e, unit: mas / yr, datatype: float64}
# - {name: pm_corr, datatype: float64}
# - {name: g_mag, unit: mag, datatype: float64}
# - {name: bp_rp, unit: mag, datatype: float64}
# - {name: filter, datatype: int64}
# - {name: memberprob, datatype: float64}
# - {name: r, unit: deg, datatype: float64}
# - {name: pm, unit: mas / yr, datatype: float64}
# - {name: member_prob_GMM, datatype: float64}
# - {name: member_prob_DB, datatype: float64}
# meta: !!omap
# - comments: [deg deg mas/yr mas/yr mas/yr mas/yr dimless mag   mag   zeroone float]
# - __serialized_columns__:
#     bp_rp:
#       __class__: astropy.units.quantity.Quantity
#       unit: &id001 !astropy.units.Unit {unit: mag}
#       value: !astropy.table.SerializedColumn {name: bp_rp}
#     g_mag:
#       __class__: astropy.units.quantity.Quantity
#       unit: *id001
#       value: !astropy.table.SerializedColumn {name: g_mag}
#     pm:
#       __class__: astropy.units.quantity.Quantity
#       unit: !astropy.units.Unit {unit: mas / yr}
#       value: !astropy.table.SerializedColumn {name: pm}
#     pmx:
#       __class__: astropy.units.quantity.Quantity
#       unit: !astropy.units.Unit {unit: mas / yr}
#       value: !astropy.table.SerializedColumn {name: pmx}
#     pmx_e:
#       __class__: astropy.units.quantity.Quantity
#       unit: !astropy.units.Unit {unit: mas / yr}
#       value: !astropy.table.SerializedColumn {name: pmx_e}
#     pmy:
#       __class__: astropy.units.quantity.Quantity
#       unit: !astropy.units.Unit {unit: mas / yr}
#       value: !astropy.table.SerializedColumn {name: pmy}
#     pmy_e:
#       __class__: astropy.units.quantity.Quantity
#       unit: !astropy.units.Unit {unit: mas / yr}
#       value: !astropy.table.SerializedColumn {name: pmy_e}
#     r:
#       __class__: astropy.units.quantity.Quantity
#       unit: &id002 !astropy.units.Unit {unit: deg}
#       value: !astropy.table.SerializedColumn {name: r}
#     x:
#       __class__: astropy.units.quantity.Quantity
#       unit: *id002
#       value: !astropy.table.SerializedColumn {name: x}
#     y:
#       __class__: astropy.units.quantity.Quantity
#       unit: *id002
#       value: !astropy.table.SerializedColumn {name: y}
# schema: astropy-2.0
x y pmx pmy pmx_e pmy_e pm_corr g_mag bp_rp filter memberprob r pm member_prob_GMM member_prob_DB
[from data line 6318]
-0.04990896 0.03976806 -1.13609 -0.3280571 0.2068909 0.1739478 0.009686223 13.55835 3.347593 0 0.0 0.06381538125283905 1.182506638019597 0.0 0.0
-0.0408903 0.02579895 0.4060179 -5.822185 0.5074892 0.4461383 0.3113968 18.39274 1.455439 0 0.0 0.04834875856930041 5.836324931782449 0.0 0.0
-0.04828708 0.02002971 -4.401474 -6.620233 0.1201114 0.0994606 -0.07420485 15.35696 1.826435 0 0.0 0.05227648972158039 7.949871593111741 0.0 0.0
-0.03531604 0.03098527 -3.055355 -4.624255 0.3578812 0.3086405 0.4574678 16.6648 1.574963 0 0.0 0.046982013986785406 5.542465920603392 0.0 0.0
-0.0441123 0.02105972 -7.5301 -8.152424 1.459718 1.387341 0.8756018 18.91167 nan 0 0.0 0.04888155907669476 11.097946795951763 0.0 0.0
-0.02315777 0.02597634 -0.1696167 -7.957215 0.2341846 0.1957012 0.1372884 16.41215 1.753176 0 0.0 0.034800180332413506 7.959022576996744 0.0 0.0
-0.04441376 0.04515321 1.261483 -3.938817 0.2340815 0.1936251 0.09053222 17.02942 1.730943 0 0.0 0.06333557018486294 4.135893944333921 0.0 0.0
-0.03005876 0.03753684 -0.5856875 -8.224993 0.09561537 0.07850218 0.312712 14.89136 1.854912 1 0.0 0.04808891150694929 8.245819528567505 0.0 0.0
-0.03561445 0.05244474 -4.254865 -4.239617 0.3496307 0.2852288 0.02296286 17.92959 1.382267 0 0.0 0.06339431995431531 6.006515501929051 0.0 0.0
-0.02418918 0.02902976 -3.39834 -3.599744 0.5362056 0.4539098 0.2076572 17.97309 1.214972 0 0.0 0.037786815091113465 4.950441558198218 0.0 0.0
-0.02559023 0.03047709 -1.033771 -1.826289 0.5224873 0.4541413 0.3372421 18.22745 nan 0 0.0 0.03979589031949153 2.098574276017411 0.0 0.0
-0.06345463 0.01893397 0.935569 -4.89378 1.571792 1.325478 0.34155 18.69041 nan 0 0.0 0.06621922144209942 4.982406250212943 0.0 0.0
-0.04280323 0.04941112 -2.195343 -7.822789 0.2878419 0.2392582 0.06216167 17.54734 nan 0 0.0 0.06537258812443714 8.124995915455589 0.0 0.0
-0.04375271 0.04459656 -2.359938 -4.836013 1.67626 1.477523 -0.3768749 19.58311 nan 0 0.0 0.06247521745602572 5.381108538211528 0.0 0.0
-0.02102015 0.04002253 -5.072058 -4.308639 0.2436963 0.1994157 0.09733176 17.13272 1.588545 0 0.0 0.045206743010566465 6.655083950461106 0.0 0.0
-0.03100982 0.03617851 -4.711728 -3.348692 0.3450134 0.2965755 0.4030865 14.08212 3.924953 0 0.0 0.047649695930325725 5.780494689630637 0.0 0.0
-0.04791607 0.01786124 -6.6829 -2.231531 0.3980867 0.343565 0.1253441 17.83766 1.562773 0 0.0 0.05113681314456836 7.045628645760504 0.0 0.0
-0.01613009 0.03786624 -4.564387 -3.032175 0.1710153 0.1408597 0.1428994 16.02163 1.78298 0 0.0 0.04115861920844406 5.4797549138984305 0.0 0.0
-0.02062278 0.03566623 -6.341618 -8.59306 0.6410691 0.5424044 0.1402957 17.42685 1.495435 0 0.0 0.041199259912543335 10.679737778687452 0.0 0.0
-0.02842318 0.04835389 -4.906247 -6.665137 0.7857031 0.6444338 0.06023357 18.62083 nan 0 0.0 0.056088999272981326 8.276189392092112 0.0 0.0
-0.04094901 0.03999532 2.090021 -6.094682 1.167456 1.047498 0.4429173 18.41429 nan 0 0.0 0.05724025717868937 6.443084390380511 0.0 0.0
-0.02334725 0.04505932 -2.035155 -8.444206 0.2124714 0.1792926 0.35361 16.62554 1.665103 0 0.0 0.05074875763429978 8.68599279555659 0.0 0.0
-0.01929918 0.02475075 -6.091033 -4.172923 0.7659042 0.6906163 0.5403289 18.79668 nan 0 0.0 0.031385633245720884 7.383357594686716 0.0 0.0
-0.02638706 0.04543812 -0.8025407 -4.012169 0.4722298 0.3874116 0.1359026 18.29611 1.579666 0 0.0 0.052544264050208185 4.091646570724003 0.0 0.0
-0.02659763 0.04214026 -3.678981 -8.47468 0.7575477 0.6275123 0.101353 18.84372 nan 0 0.0 0.04983207234788154 9.238782511822702 0.0 0.0
-0.02577553 0.03165197 -0.3359391 -5.334197 0.7350609 0.6522881 0.4305139 18.29588 1.411633 0 0.0 0.040819421255840954 5.344764982084601 0.0 0.0
-0.04570407 0.03456684 -2.838141 -8.212325 0.1986536 0.1643944 0.04877509 16.69367 1.851381 0 0.0 0.05730382572002065 8.688919739617003 0.0 0.0
-0.02419196 0.04044715 3.314523 -2.338412 0.7915703 0.5916933 -0.01111255 18.30619 nan 0 0.0 0.04712985117485626 4.056381811328046 0.0 0.0
-0.05585114 0.03132106 -9.927494 -7.775162 1.289373 1.119202 0.04944666 18.16479 1.428087 0 0.0 0.06403404281179816 12.609848581417621 0.0 0.0
-0.03254824 0.05293026 2.080677 -7.635176 0.4006833 0.3270726 -0.03314476 18.19307 nan 0 0.0 0.06213694835414111 7.913604067004174 0.0 0.0
-0.02643332 0.02066356 -0.5893371 -8.173409 0.4980527 0.4303833 0.2878249 18.50552 nan 0 0.0 0.033551499491021264 8.194628295335756 0.0 0.0
-0.03787909 0.02967016 0.5618918 -4.580217 0.3488234 0.3016933 0.2141083 17.74172 1.462484 0 0.0 0.0481159417828821 4.614554167197113 0.0 0.0
-0.04898602 0.04410011 -3.867952 -5.597753 0.1689787 0.1392949 0.04804732 16.51758 1.768951 0 0.0 0.06591244083974208 6.804108415017577 0.0 0.0
-0.04557279 0.03644755 -2.271836 -3.547103 0.6430666 0.5753633 0.4799723 18.85376 1.552038 0 0.0 0.05835497484693657 4.212265246100369 0.0 0.0
-0.02508932 0.03531425 -2.469927 -5.132186 0.4154029 0.3513307 0.2222734 18.46365 1.702217 0 0.0 0.04331939786198441 5.695601155622206 0.0 0.0
-0.02953146 0.04194869 -1.134763 -6.939161 0.3263606 0.2732181 0.1272405 17.27735 1.687996 0 0.0 0.05130106940842169 7.031332907073168 0.0 0.0
-0.03149141 0.05462814 -0.09229812 -3.951529 0.1310119 0.1089814 -0.007926141 16.31807 1.88144 0 0.0 0.06305507579606656 3.952606782972034 0.0 0.0
-0.03819608 0.02927903 -5.690612 -7.408517 0.9259312 0.7456136 -0.03635916 18.59138 1.554447 0 0.0 0.04812693762444584 9.341797957236764 0.0 0.0
-0.04385006 0.02562794 -3.192725 -1.905611 0.686521 0.6306165 0.5734877 18.63977 nan 0 0.0 0.05078995048872562 3.7181778076022667 0.0 0.0
-0.06313597 0.01648323 -1.507868 -9.791816 0.418993 0.3504641 0.1157323 18.53074 1.400223 0 0.0 0.06525218447740888 9.907236066798854 0.0 0.0
-0.03183439 0.05254902 1.108521 -1.425703 0.3752111 0.3042824 -0.04087901 18.2651 1.811909 0 0.0 0.06143962800695086 1.805947909450879 0.0 0.0
-0.01856193 0.03923338 -4.062952 -3.153182 0.6058095 0.5036946 0.008994549 18.5216 nan 0 0.0 0.0434028034987292 5.1429695390336505 0.0 0.0
-0.02966307 0.04011951 -0.5194919 -1.896998 0.2586762 0.2172376 0.1046803 17.39822 1.322573 0 0.0 0.04989461698885963 1.966843472717036 0.0 0.0
-0.0324306 0.01652283 -2.92346 -8.621933 0.1629902 0.1354504 0.1026254 16.27777 1.822636 0 0.0 0.0363970840531065 9.104084085073524 0.0 0.0
-0.02519254 0.02549138 2.286974 -3.37373 1.054898 1.096209 0.7609956 18.84567 1.392717 0 0.0 0.035839566486719675 4.075819450070869 0.0 0.0
-0.03500061 0.03584912 -4.948123 -6.788784 0.1501167 0.1234552 0.07660503 16.23649 2.103552 1 0.0 0.050101917180348496 8.400685056695377 0.0 0.0
-0.0305915 0.05097966 -2.917411 -5.228963 0.1938091 0.1572514 0.004354229 17.08226 0.7574301 0 0.0 0.05945389479223039 5.98776594384667 0.0 0.0
-0.06282142 0.02050031 -3.9909 -7.231495 0.5467266 0.4587809 0.1257874 17.73117 1.488211 0 0.0 0.06608171850756078 8.259649069120611 0.0 0.0
-0.03759333 0.04273179 -2.896403 -3.805336 1.009984 0.8522625 0.3327406 18.79016 nan 0 0.0 0.05691453537623759 4.782230903177408 0.0 0.0
-0.01845428 0.02883072 2.48994 -6.615504 0.15464 0.1279391 0.09743582 16.72629 0.8988581 0 0.0 0.03423113883639865 7.068570886509945 0.0 0.0
-0.01718622 0.03160042 -4.19494 -9.237514 0.5684713 0.4950673 0.8242158 16.71052 nan 0 0.0 0.03597155406796876 10.145402234697055 0.0 0.0
-0.03328861 0.05356134 0.8465418 -5.104873 0.4308037 0.3346235 -0.4151102 17.843 nan 0 0.0 0.06306305335398613 5.174588038218718 0.0 0.0
-0.05397117 0.02481995 0.05007174 1.471084 1.033581 0.8796587 0.2384551 18.42411 1.508768 0 0.0 0.05940468928604374 1.4719359069615185 0.0 0.0
-0.0201474 0.03740965 -2.494558 -8.860156 0.4394047 0.3652641 0.2161851 17.84545 1.421185 0 0.0 0.042489994585578617 9.204628398783951 0.0 0.0
-0.03338894 0.03748427 -0.8036456 -3.644839 2.060391 1.826379 0.1185216 19.3085 nan 0 0.0 0.050198523999780115 3.7323849729523295 0.0 0.0
-0.05389746 0.03506817 0.1808125 -5.715428 0.3318367 0.2884102 0.2726203 17.7826 1.290907 0 0.0 0.06430173202644311 5.71828736452972 0.0 0.0
-0.01161 0.03345899 -8.351999 -6.55311 0.4770975 0.4303372 0.2808424 18.39073 1.310654 0 0.0 0.035416043141775454 10.615985021094415 0.0 0.0
-0.02160066 0.03554014 -1.084229 0.446884 0.2821013 0.2386836 0.1118031 17.59179 1.39131 0 0.0 0.041589542719957864 1.1727138755455229 0.0 0.0
-0.02707029 0.03074563 -1.16245 -5.235605 0.6469688 0.5769708 0.1970349 18.79478 1.225136 0 0.0 0.040964550098603544 5.363100755954991 0.0 0.0
-0.02886991 0.03931103 -3.0299 -5.931769 0.4312354 0.3685635 0.1606425 18.38339 1.316589 0 0.0 0.04877323839021764 6.660794057720221 0.0 0.0
-0.0312266 0.05316719 -1.301016 -4.518205 0.3688116 0.3079965 0.02098627 17.59816 1.787888 0 0.0 0.06165914887554077 4.701788920642971 0.0 0.0
-0.06239929 0.02158204 2.5372 -4.885514 0.8975726 0.8045145 0.4257799 18.80873 nan 0 0.0 0.06602617543872809 5.505055030078809 0.0 0.0
-0.03769535 0.03297567 -4.223745 -24.39671 0.2334313 0.1879308 -0.02387526 16.98932 1.344637 0 0.0 0.050083272891968636 24.759634097642174 0.0 0.0
-0.03824594 0.02151992 -0.7497696 -1.759552 0.3460738 0.3171248 0.4588582 17.82625 nan 0 0.0 0.04388460872891543 1.9126363203150147 0.0 0.0
-0.05659048 0.03016479 -5.625597 -7.190517 0.9591159 0.8657915 0.5821585 18.89488 nan 0 0.0 0.0641279734778396 9.129670110891082 0.0 0.0
-0.02704504 0.0350715 -7.908881 -9.019603 1.126475 1.005488 -0.05056238 19.10596 nan 0 0.0 0.04428819595390627 11.99598420096367 0.0 0.0
-0.04295691 0.03803181 -2.517316 -4.161712 0.4499432 0.3772114 0.1283405 18.37485 1.612986 0 0.0 0.05737346676490972 4.863818110784982 0.0 0.0
-0.03381043 0.03339478 -2.622901 -7.598025 0.7247468 0.6379564 0.4566663 18.82622 nan 0 0.0 0.047522168595649124 8.038009303081578 0.0 0.0
-0.04578708 0.04263489 -1.101114 -9.333756 1.147566 0.9492742 -0.2609488 19.13511 nan 0 0.0 0.06256349207196239 9.398481425662977 0.0 0.0
-0.04552485 0.04718785 -5.217703 -5.473861 0.2130403 0.1785549 0.1682328 16.58336 nan 0 0.0 0.0655683243277194 7.562246944098692 0.0 0.0
-0.02564594 0.04152825 -4.181929 -6.542652 0.8728387 0.7212195 0.318082 18.45729 nan 0 0.0 0.048808910933825396 7.764974266161158 0.0 0.0
-0.02524729 0.0329491 -1.616519 -4.423149 0.1679892 0.1393736 0.147684 16.68585 1.632353 0 0.0 0.04150986440780191 4.709286650179834 0.0 0.0
-0.04905426 0.02173451 -1.121434 -4.735401 0.1373964 0.1140134 -0.05293405 13.40494 2.724154 1 0.0 0.05365360518257557 4.866378206341653 0.0 0.0
-0.0469241 0.04360901 0.7212778 -4.709811 1.449809 1.312635 0.06985605 19.02991 1.305941 0 0.0 0.06405947950139854 4.764720487131836 0.0 0.0
-0.03140273 0.02499942 -4.933895 -6.098935 0.2862325 0.2460309 0.2269945 17.16956 1.857881 0 0.0 0.04013854072819912 7.844764369007523 0.0 0.0
-0.01948528 0.03044033 6.917193 -4.437246 0.5374707 0.4501656 0.1348583 18.15487 1.258453 0 0.0 0.03614263171363286 8.218072223080362 0.0 0.0
-0.06450972 0.0159769 -2.615073 -7.661658 0.4370285 0.3922836 0.3590833 18.47181 1.435537 0 0.0 0.0664587489205778 8.0956537786823 0.0 0.0
-0.05397329 0.02872047 -2.682476 -8.160161 0.6559817 0.5659298 0.1808004 18.73975 nan 0 0.0 0.061139033607385394 8.5897558193756 0.0 0.0
-0.0250351 0.02992982 -3.556155 -6.993246 0.4176719 0.3536407 0.2062643 17.00389 1.572818 0 0.0 0.03901987131247872 7.845490934322785 0.0 0.0
-0.05619092 0.02462607 -3.747956 -5.77897 0.3514602 0.2956903 0.1296424 17.7814 1.600132 0 0.0 0.06135032855732152 6.887936442711706 0.0 0.0
-0.04971958 0.03104585 1.302967 -6.722733 0.7082267 0.6187147 0.3659315 18.8128 nan 0 0.0 0.058616392226056524 6.847836300056975 0.0 0.0
-0.03865138 0.04474936 -3.319222 -5.211414 0.3518007 0.2860607 -0.01738539 18.24557 1.398825 0 0.0 0.059130655300901246 6.1786787070279034 0.0 0.0
-0.0273374 0.04099946 1.868679 0.544928 0.8074436 0.7013051 0.3145357 18.55085 1.912298 0 0.0 0.04927767404262908 1.946511682529802 0.0 0.0
-0.05365929 0.03450373 -5.044616 -8.819668 0.3653242 0.3119227 0.1267192 17.75583 1.188166 0 0.0 0.0637951940761763 10.160447540225777 0.0 0.0
-0.04440386 0.02301653 -7.181714 -9.805308 0.5600138 0.4716155 0.2381366 18.85342 2.067598 0 0.0 0.05001463222038627 12.154056152275258 0.0 0.0
-0.02088772 0.03872366 0.4074687 -7.36158 1.092535 0.8486484 -0.2004365 19.06255 1.288744 0 0.0 0.043997939617600276 7.372848217471975 0.0 0.0
-0.03946332 0.02599408 1.645272 -6.183261 0.163226 0.1325021 0.1791315 16.16084 1.761396 0 0.0 0.04725511422553965 6.3984089075413895 0.0 0.0
-0.02982508 0.05150442 -2.611035 -6.688743 0.1867955 0.1623506 0.1866622 16.61622 1.61015 0 0.0 0.05951672602338606 7.180305473395543 0.0 0.0
-0.05492005 0.02032953 0.7596385 -3.628562 0.1676699 0.1397016 0.2226294 16.32991 1.882167 0 0.0 0.05856194738926806 3.707224411675971 0.0 0.0
-0.04214084 0.04572831 1.194217 -2.427203 0.1966677 0.1640558 -0.04591863 15.88476 1.741616 0 0.0 0.06218463420622252 2.705082003618005 0.0 0.0
-0.01623449 0.02978669 -0.7747016 -4.894118 0.811241 0.686594 0.3241779 18.34394 1.424509 0 0.0 0.03392352526958541 4.955053336440139 0.0 0.0
-0.02912719 0.01536228 -0.5962297 -2.529974 0.4409305 0.3755643 0.2108956 18.07855 nan 0 0.0 0.03293012062070985 2.5992803419096777 0.0 0.0
-0.05524031 0.02599227 -2.973532 -5.11982 0.1829837 0.1531933 -0.05442585 16.57037 1.93976 1 0.0 0.06104989720424597 5.920679807878821 0.0 0.0
-0.05463452 0.02967951 -8.279333 -8.152141 0.8048398 0.6841978 0.05830621 18.75357 0.902092 0 0.0 0.062175590785054066 11.619154780308678 0.0 0.0
-0.0247949 0.02054382 -0.5857007 -4.356679 0.173095 0.143979 0.1260933 16.39335 1.765036 0 0.0 0.03219993177325692 4.395872748274395 0.0 0.0
-0.04120811 0.02744105 -1.270014 -1.297477 0.7692038 0.6553131 0.2584929 18.53578 nan 0 0.0 0.04950878260343916 1.815594152261182 0.0 0.0
-0.02363766 0.04360585 -1.81037 -2.892506 0.1052646 0.08435713 0.3037273 14.98325 1.83046 1 0.0 0.04960049520416203 3.412335050509548 0.0 0.0
-0.03688396 0.05426388 -0.6371842 -1.980343 0.437718 0.3587994 0.1191571 18.24454 nan 0 0.0 0.06561246206275147 2.080327402688971 0.0 0.0
-0.03021433 0.02767008 -1.653679 -5.214832 0.1907349 0.1581953 0.1055613 16.55352 1.868122 0 0.0 0.04096997760013178 5.470751961409419 0.0 0.0
-0.05106207 0.02062723 0.9092338 -4.489815 0.5455202 0.4801873 0.3026077 18.49305 1.678946 0 0.0 0.055071023325863486 4.580954577081881 0.0 0.0
-0.02664395 0.01777196 -1.869035 -6.693696 0.2100592 0.1708661 0.04082307 16.99113 1.697921 0 0.0 0.032027217079292104 6.949737978632072 0.0 0.0
-0.05117746 0.03942409 -2.411501 -7.244288 0.8368561 0.7066143 -0.01339064 18.33447 1.554905 0 0.0 0.0646017901019755 7.63511923285714 0.0 0.0
-0.02062326 0.0379684 1.279308 -5.900977 0.466519 0.3796262 0.05046158 18.40876 nan 0 0.0 0.04320784942099757 6.0380591677618565 0.0 0.0
-0.04406054 0.02352404 -1.092825 -8.889984 0.868433 0.7512278 0.6462973 18.76615 nan 0 0.0 0.04994708843379362 8.956901361569246 0.0 0.0
-0.05558437 0.02689044 -2.789699 -5.302193 0.3555849 0.3020831 0.1930115 18.05993 1.03413 0 0.0 0.061747210072119856 5.9912996186011265 0.0 0.0
-0.03569276 0.04968478 -0.5493533 -3.697184 0.4640862 0.3891482 0.1098556 17.82343 1.280918 0 0.0 0.06117638825614013 3.7377745488561627 0.0 0.0
-0.02643843 0.03982097 -4.569131 -6.240045 0.7955313 0.6624643 0.5421476 18.86542 1.340738 0 0.0 0.04779853797560967 7.734023512841554 0.0 0.0
-0.0334431 0.04131993 -2.405501 -5.782095 0.192438 0.1598235 0.1176168 16.04306 2.177956 0 0.0 0.05315804316201736 6.262512087814762 0.0 0.0
-0.0541372 0.03851081 -4.181434 -7.773852 0.2958163 0.2465781 0.198112 16.20886 1.768345 0 0.0 0.06643733070116604 8.82707002432064 0.0 0.0
-0.03928443 0.04140744 -3.083487 -1.840971 0.4748163 0.3892003 0.1484955 18.2609 1.265007 0 0.0 0.05707751332861743 3.5912485714595137 0.0 0.0
-0.0474715 0.02758511 2.341706 -6.051918 0.6414822 0.5746986 0.4496804 18.46311 1.442804 0 0.0 0.054904294968263635 6.489167779396676 0.0 0.0
-0.03449804 0.03469726 2.629512 -5.921404 0.3705483 0.3132148 0.2569332 18.02213 1.371143 0 0.0 0.0489286686447649 6.478993647886992 0.0 0.0
