jas1101finalproject/data/gcs/NGC_5272_M_3.ecsv
# %ECSV 0.9
# ---
# datatype:
# - {name: x, unit: deg, datatype: float64}
# - {name: y, unit: deg, datatype: float64}
# - {name: pmx, unit: mas / yr, datatype: float64}
# - {name: pmy, unit: mas / yr, datatype: float64}
# - {name: pmx_e, unit: mas / yr, datatype: float64}
# - {name: pmy_e, unit: mas / yr, datatype: float64}
# - {name: pm_corr, datatype: float64}
# - {name: g_mag, unit: mag, datatype: float64}
# - {name: bp_rp, unit: mag, datatype: float64}
# - {name: filter, datatype: int64}
# - {name: memberprob, datatype: float64}
# - {name: r, unit: deg, datatype: float64}
# - {name: pm, unit: mas / yr, datatype: float64}
# - {name: member_prob_GMM, datatype: float64}
# meta: !!omap
# - comments: [deg deg mas/yr mas/yr mas/yr mas/yr dimless mag   mag   zeroone float]
# - __serialized_columns__:
#     bp_rp:
#       __class__: astropy.units.quantity.Quantity
#       unit: &id001 !astropy.units.Unit {unit: mag}
#       value: !astropy.table.SerializedColumn {name: bp_rp}
#     g_mag:
#       __class__: astropy.units.quantity.Quantity
#       unit: *id001
#       value: !astropy.table.SerializedColumn {name: g_mag}
#     pm:
#       __class__: astropy.units.quantity.Quantity
#       unit: !astropy.units.Unit {unit: mas / yr}
#       value: !astropy.table.SerializedColumn {name: pm}
#     pmx:
#       __class__: astropy.units.quantity.Quantity
#       unit: !astropy.units.Unit {unit: mas / yr}
#       value: !astropy.table.SerializedColumn {name: pmx}
#     pmx_e:
#       __class__: astropy.units.quantity.Quantity
#       unit: !astropy.units.Unit {unit: mas / yr}
#       value: !astropy.table.SerializedColumn {name: pmx_e}
#     pmy:
#       __class__: astropy.units.quantity.Quantity
#       unit: !astropy.units.Unit {unit: mas / yr}
#       value: !astropy.table.SerializedColumn {name: pmy}
#     pmy_e:
#       __class__: astropy.units.quantity.Quantity
#       unit: !astropy.units.Unit {unit: mas / yr}
#       value: !astropy.table.SerializedColumn {name: pmy_e}
#     r:
#       __class__: astropy.units.quantity.Quantity
#       unit: &id002 !astropy.units.Unit {unit: deg}
#       value: !astropy.table.SerializedColumn {name: r}
#     x:
#       __class__: astropy.units.quantity.Quantity
#       unit: *id002
#       value: !astropy.table.SerializedColumn {name: x}
#     y:
#       __class__: astropy.units.quantity.Quantity
#       unit: *id002
#       value: !astropy.table.SerializedColumn {name: y}
# schema: astropy-2.0
x y pmx pmy pmx_e pmy_e pm_corr g_mag bp_rp filter memberprob r pm member_prob_GMM
[from data line 14538]
-0.01760646 0.02307383 -0.789615 -1.521204 0.8953505 0.661696 0.6136315 18.90822 nan 0 0.0 0.029023939508628048 1.7139292452843553 0.0
-0.05164624 0.04908592 1.133615 -2.621477 0.9080927 0.5601075 0.1142836 19.67301 nan 0 0.0 0.07125139751881363 2.8560855431436227 0.0
0.02700078 0.004198777 0.364424 -2.007624 0.318479 0.2266893 0.05863265 17.91855 0.8248043 0 0.0 0.02732529686763035 2.0404310763052007 0.0
-0.03234177 -0.01303644 0.09901502 -3.013901 0.2292432 0.1420528 -0.07127468 17.78591 0.7902985 0 0.0 0.03487031480509604 3.015527020602966 0.0
0.05237324 -0.1042931 -0.6218633 -1.251385 1.399583 1.110785 -0.326033 20.44605 0.6025848 0 0.0 0.11670478557329 1.3973826899285284 0.0
0.07323079 -0.02784573 1.200262 -3.461671 1.991807 1.165439 -0.3356428 20.49996 0.2871819 0 0.0 0.07834623975186684 3.663849748677612 0.0
0.03052827 -0.03130556 -0.1689995 -2.171523 0.2035173 0.1291703 -0.06627847 17.77138 0.7750244 0 0.0 0.0437265749414072 2.178089293516051 0.0
-0.2232471 -0.09705228 -14.86591 3.155586 0.450067 0.2682707 -0.1137444 18.92167 2.338989 0 0.0 0.24343050899919755 15.197137991460629 0.0
0.1258399 0.1454481 -0.03635577 -2.700702 0.1847016 0.1044902 -0.1785721 17.58015 0.7768917 1 0.9999666 0.1923300034462122 2.7009466923314673 0.0
-0.02666503 -0.02433715 -1.271308 -1.927892 0.882423 0.555326 -0.312257 19.36465 0.4198189 0 0.0 0.036101533139513614 2.3093270869515217 0.0
0.04478658 -0.0229692 -0.907085 -0.8047111 1.466154 1.039408 -0.6652258 19.34691 nan 0 0.0 0.050333109348980214 1.2125853172821326 0.0
0.002647385 0.04174343 -1.299558 -2.515612 0.5198869 0.2578471 0.03520039 18.93484 0.5768166 0 0.0 0.0418272948623638 2.8314580572397676 0.0
-0.04763768 -0.07890857 0.6339432 -2.482795 0.3928324 0.2426498 -0.1668599 18.64072 0.6886406 1 0.9998356 0.09217326605489956 2.562450973745886 0.0
0.03706412 0.057434 0.590533 -0.8876403 2.226155 1.808663 -0.3308485 20.33827 0.5838032 0 0.0 0.06835505356134541 1.0661306328368443 0.0
0.006336877 -0.1668896 1.146179 -1.637476 1.159171 0.5838572 -0.1438946 20.08488 0.5333519 0 0.0 0.1670098637753864 1.9987631051770491 0.0
-0.1011156 -0.1842175 0.6064735 -2.616523 0.7239309 0.4339442 0.03208784 19.49544 0.6815281 0 0.0 0.2101438837311474 2.6858895576198307 0.0
0.02799478 -0.04891299 -0.9500382 -2.373991 0.6894711 0.3393651 -0.1726269 19.22295 0.5592136 0 0.0 0.056357681801050864 2.5570306704340173 1.0
0.1449049 0.1059866 1.519681 -2.996738 2.157341 1.704849 -0.4485026 20.72834 0.5776443 0 0.0 0.17952879831261057 3.3600400269051858 0.0
0.3118281 0.2957513 -79.2065 -9.314867 1.792121 1.238712 -0.06783808 20.52141 2.187721 0 0.0 0.4297738886918329 79.75234410020617 0.0
0.08805415 -0.02542548 -3.194605 -3.068748 4.199892 4.309479 0.07971331 20.99435 0.1609364 0 0.0 0.09165145042743676 4.4297534235585845 0.0
-0.01194054 0.03807624 -2.341183 -2.454626 1.425153 0.6762423 0.1019401 19.31992 0.486618 0 0.0 0.039904593069334755 3.3920976753868692 0.0
0.01444878 0.003339925 0.1853436 -2.336407 0.05251788 0.03187768 0.004828674 13.54815 1.21186 0 0.0 0.014829778909141734 2.343746982869516 0.0
-0.06195479 0.06734286 7.026595 -0.4155312 1.713202 1.410525 0.1485973 20.11064 0.5283871 0 0.0 0.0915065942810883 7.038870894695998 0.0
0.05849964 -0.0770492 1.730524 -2.756706 1.480824 1.061358 -0.6690308 20.18047 nan 0 0.0 0.09674082437507756 3.254864249859278 0.0
0.05873016 0.04044741 -3.277039 -0.7025395 1.751252 1.179393 -0.5267953 20.3576 0.4069729 0 0.0 0.07131076124494605 3.351499120778827 0.0
0.06982788 -0.0809238 1.927211 -3.218302 2.003344 1.601722 -0.3852892 20.59802 0.5964012 0 0.0 0.10688589351141899 3.751214470238272 0.0
-0.02035636 -0.03815157 -4.443742 -1.331037 2.068609 0.8548358 -0.612751 20.06555 0.474802 0 0.0 0.04324261423543332 4.63880399003159 0.0
0.04454494 -0.02311426 14.10002 -14.55686 1.401874 0.8311402 0.08176123 18.95965 0.6271553 0 0.0 0.05018486519809732 20.266048876384364 0.0
-0.05780386 0.00302472 -4.367108 8.60183 2.19545 2.923562 -0.1274296 20.55893 0.7361469 0 0.0 0.05788294361880709 9.646922391756036 0.0
0.07119947 -0.02251607 0.2700849 -4.927604 1.742249 2.061718 -0.2569155 20.65144 nan 0 0.0 0.07467488156352041 4.9350002060814555 0.0
-0.052837 -0.07866197 0.5537973 -2.441639 0.6664507 0.4113022 -0.04356267 19.50799 0.5765533 0 0.0 0.09475998149683705 2.5036558181603734 0.0
0.0441426 0.1684938 2.377128 -2.011843 2.20964 1.755016 -0.01052569 20.33324 0.5240326 0 0.0 0.1741801646950651 3.1142013077245023 0.0
-0.0248817 -0.03562337 3.061259 -2.126307 1.765321 0.7421474 -0.561506 19.87737 nan 0 0.0 0.04345254290656532 3.727262819191853 0.0
0.1705714 -0.05847847 0.751328 -2.949965 2.355797 2.106665 -0.5735934 20.76205 0.6715221 0 0.0 0.1803173146192592 3.044139823465571 0.0
0.1546544 -0.1236693 -0.3200029 -2.545365 1.940006 1.04178 0.07922411 20.44266 0.6398296 0 0.0 0.1980204009738643 2.5654014966927514 0.0
0.03467359 -0.01812451 0.01886717 -2.876319 0.4122628 0.2592686 0.0591265 18.63781 0.617878 0 0.0 0.03912487324232757 2.8763808787893184 0.0
0.005207322 -0.1655908 -0.4061598 -3.276716 0.99482 0.4896058 -0.1324196 19.93571 0.5927734 0 0.0 0.16567265690828914 3.301792471944904 0.0
-0.03095674 -0.05203068 -0.338551 -2.8153 0.9035158 0.5678431 -0.1354666 20.01826 nan 0 0.0 0.060543467134695876 2.8355829858427706 0.0
0.09119535 0.06939912 -7.466732 -3.208725 3.128293 2.141976 -0.665507 20.7719 0.542345 0 0.0 0.11459855897172921 8.126992241010754 0.0
-0.0100084 0.03380549 5.518822 -1.308812 1.392797 0.8358199 0.147865 19.32458 0.6071644 0 0.0 0.03525591049313718 5.671894314867653 0.0
0.02957993 -0.001551192 1.057714 -3.36459 0.9480388 0.4060989 0.3963383 18.81201 0.4491024 0 0.0 0.029620574866564692 3.5269285183989765 0.0
-0.03732956 0.006908437 -1.585452 -4.192937 0.9958207 0.9194294 0.4525879 19.50192 0.7565823 0 0.0 0.03796343703587135 4.4826753987181585 0.0
0.01103648 0.02628873 -0.1454267 -2.421771 0.1142092 0.06553448 0.1144724 15.99776 0.1178102 0 0.0 0.028511422549625614 2.4261334879832748 0.0
0.03685642 -0.00124183 0.581091 -4.778624 1.007471 0.7362857 -0.1801507 19.40849 nan 0 0.0 0.036877335003566894 4.813825306724061 0.0
-0.02754344 0.05755889 -0.620805 -1.105886 1.217547 0.6050963 -0.0765243 19.99172 0.3087749 0 0.0 0.06380961451901822 1.268220285684234 0.0
0.0407993 0.1140244 2.521852 0.2196964 2.404112 2.037195 -0.4900974 20.66189 0.7709236 0 0.0 0.12110386730344329 2.5314035668136676 0.0
-0.02885151 -0.01574588 0.9329725 -3.112963 0.4463577 0.3241353 -0.2185242 18.58918 0.7228737 0 0.0 0.03286856197424067 3.2497655800265424 0.0
0.03765703 0.05035223 -0.04139684 -1.156933 1.291315 0.9057638 -0.3878707 20.13592 0.9692001 0 0.0 0.06287606042361274 1.1576733843580345 0.0
0.02695685 -0.03426673 -0.04941046 -2.530738 0.6965911 0.3442001 0.1405616 19.15619 0.5109501 0 0.0 0.04359908883010516 2.5312203021865582 0.0
0.1201267 0.01726196 0.9222368 -2.343995 0.9607434 0.5625901 -0.3286158 20.01721 0.6593475 0 0.0 0.12136061682412297 2.518895248973097 0.0
-0.08891825 -0.1846957 1.03421 -1.360033 1.404175 0.7066907 0.1482456 20.13393 0.7338448 1 0.9963745 0.20498525991288374 1.7085900869398138 0.0
0.01115723 0.02671981 -0.262699 -2.746258 0.20701 0.1183068 -0.001097201 17.4416 nan 0 0.0 0.02895569076553001 2.7587938971885886 0.0
0.08707521 0.03834021 0.660562 -2.396846 0.9736476 0.5537379 -0.5104854 19.86407 0.5924339 0 0.0 0.09514233494816175 2.4862045176453202 0.0
0.0689134 -0.03813495 11.05368 -4.66818 2.035354 1.980944 -0.5776728 20.64159 0.5818672 0 0.0 0.07876122847608777 11.99898937639333 0.0
0.05910804 0.08468665 2.128149 -1.590833 4.308339 3.294664 -0.4493039 20.88038 0.6941071 0 0.0 0.10327433892726741 2.6570223559635324 0.0
-0.02522615 -0.01571629 -0.1507966 -2.893859 1.955734 1.24225 -0.06680714 19.7058 nan 0 0.0 0.02972137976586215 2.8977852795630943 0.0
0.010752 0.05201692 -1.869084 -2.00127 0.5606267 0.3461291 -0.01384372 19.21501 0.3434868 0 0.0 0.0531165272799945 2.7383492494486528 1.0
-0.06362567 0.03302874 -8.969892 -4.156378 2.955169 2.322105 -0.1958544 20.51006 0.5869026 0 0.0 0.07168768059392422 9.8860730611577 0.0
0.08755257 0.09394361 -0.190903 -2.664891 2.418751 1.876487 -0.4551189 20.73805 0.5732002 0 0.0 0.12841672154916975 2.6717200447071545 0.0
-0.003917225 -0.01899985 -0.1741441 -2.446107 0.5411676 0.3167431 0.03608351 17.29411 0.7558346 0 0.0 0.019399457511052338 2.4522980289952137 0.0
-0.06928649 -0.04481234 -0.3246106 -2.628855 0.4593596 0.2913642 -0.0839278 18.94702 0.5710888 0 0.0 0.08251523200473777 2.648820615416861 0.0
0.03295935 0.01064158 -3.647332 1.397643 0.8292223 0.7683877 -0.03681863 18.7304 nan 0 0.0 0.0346346932615102 3.9059488826241697 0.0
0.1099808 0.1700599 -0.9907971 -2.545017 1.421448 0.939656 -0.3247187 20.27188 0.5593185 0 0.0 0.20252443298686212 2.7310786190912575 0.0
0.03647053 -0.01128225 0.1610475 -2.749133 0.7040655 0.4214477 -0.003073444 19.56408 0.3625622 0 0.0 0.038175760942558826 2.7538461374857617 0.0
-0.1994422 -0.2806545 -3.114838 -3.339415 0.902979 0.5119139 0.02100541 19.74702 2.594639 0 0.0 0.34430239544779523 4.566607965270174 0.0
-0.0589178 0.05187444 -1.653901 -2.131878 1.33686 0.863113 -0.2878116 20.02685 0.6843948 0 0.0 0.07850009351684621 2.698201683470863 0.0
0.1008659 0.01588195 -1.8 -1.1282 1.995342 1.458975 -0.5593036 20.54448 0.6600513 0 0.0 0.10210859963104234 2.1243434844676132 0.0
0.1499093 -0.03753836 -0.3077967 -2.196472 0.5095249 0.2858327 -0.3787933 19.12104 0.6846256 1 0.9997718 0.15453778404642535 2.217933284685292 0.0
-0.1528558 0.0654456 -4.232815 0.8382821 1.494568 1.169401 -0.3176168 20.45851 0.6564655 0 0.0 0.1662769441413932 4.315024878654284 0.0
-0.05170805 -0.02263799 -0.657299 -2.194301 0.6259704 0.2666588 0.150566 18.6429 nan 0 0.0 0.05644644387419459 2.290632850109768 0.0
-0.02527567 -0.05457659 0.2417232 -2.184269 0.7710211 0.4222317 -0.03731087 19.65399 0.4867249 0 0.0 0.060145354517011536 2.1976035060445365 0.0
0.04791695 0.00320862 0.4469563 -2.662001 0.5007325 0.2611344 0.031723 18.91761 0.5329208 0 0.0 0.04802425782463379 2.6992627249141 1.0
0.04541416 -0.07755151 -0.3549905 -2.399848 0.2735759 0.1566945 -0.1865691 18.19271 0.8449402 1 0.9999628 0.08987036570408347 2.425961392560535 0.0
-0.01371727 -0.002345979 3.726972 -3.432152 0.628639 0.3916169 -0.1137863 16.85589 nan 0 0.0 0.013916433225555355 5.0665557965829215 0.0
0.1245505 -0.05789015 0.5743508 -3.322929 1.363001 0.867991 -0.3146289 20.25848 0.4323559 0 0.0 0.13734662907138456 3.3722004656457836 0.0
-0.0006813424 -0.04767309 -8.441045 2.392275 1.713872 0.7955967 -0.252775 19.59245 0.745821 0 0.0 0.04767795861416612 8.773495333540106 0.0
0.1190494 0.0203392 -2.488859 -4.604763 3.803563 2.646363 -0.491659 20.8019 0.1490993 0 0.0 0.12077434618742508 5.234334858226974 0.0
-0.07114468 -0.03180299 -2.136848 -2.230661 0.8541097 0.5384994 -0.2951375 19.81235 0.5885181 0 0.0 0.07792942746641028 3.0890075869160634 0.0
0.007227755 -0.01929723 -0.1852297 -2.758081 1.031396 0.4631078 -0.4896956 18.56759 nan 0 0.0 0.02060639531827255 2.7642939142433987 0.0
-0.07081042 -0.01387604 3.323674 -3.863003 1.793358 2.442121 -0.1842326 20.65431 0.002443314 0 0.0 0.07215718998587736 5.09603777814539 0.0
0.03583985 -0.01239254 1.046741 -3.113274 0.8294949 0.5008321 -0.2996055 19.54491 nan 0 0.0 0.03792189203710833 3.284530669693465 0.0
0.07760871 0.008685024 0.800105 -2.872056 0.3903389 0.2246234 -0.2828043 18.77748 0.6014538 0 0.0 0.07809315917380136 2.9814214190820127 0.0
0.07168296 0.03694204 -1.379878 -1.533243 1.101452 0.6427339 -0.5071666 19.92679 0.62253 0 0.0 0.08064217924711113 2.0627402628380045 0.0
0.1060189 -0.009484589 -0.4258394 -2.680174 2.747915 2.278777 -0.4373756 20.85093 1.051046 0 0.0 0.1064423063716158 2.7137928927735735 0.0
0.04362686 0.02158026 -0.9231041 -2.145865 1.577193 0.7288474 -0.5415256 19.39977 nan 0 0.0 0.04867248231934755 2.33599181883452 0.0
0.05612172 -0.0009224879 -0.0620743 -2.297682 0.5623191 0.333191 -0.1112659 19.31331 0.7053661 0 0.0 0.056129301079596974 2.298520348364245 0.0
0.1706963 0.03919907 1.0734 -2.581055 0.6054442 0.3363524 -0.3359409 19.41759 0.6884251 1 0.9991059 0.1751393557215365 2.7953590955412153 0.0
-0.02485088 0.03856295 -2.389307 0.3595349 2.919893 1.871463 -0.2556987 20.27198 0.4940262 0 0.0 0.04587665364296856 2.4162063828586766 0.0
-0.007065941 0.08266959 -1.365031 -3.676116 1.240631 0.9157487 -0.2352958 20.26316 0.4947567 0 0.0 0.0829710107988542 3.9213694644112533 0.0
-0.0311418 0.003919532 0.6308094 -3.220638 0.8541448 0.4490001 0.3987008 18.79164 0.6338253 0 0.0 0.03138748856374183 3.2818332721471943 0.0
-0.05614128 0.07500334 0.5247336 -3.394757 0.9217487 0.6435261 0.04702089 20.03778 0.4579544 0 0.0 0.09368748225453602 3.435072115693928 0.0
-0.04114218 -0.02797556 -0.9542164 -1.943338 0.75484 0.5021516 -0.3409996 19.6214 nan 0 0.0 0.04975249674605285 2.164969173053732 0.0
0.07565536 -0.07597406 -1.700981 -1.451172 0.7478231 0.4307694 -0.1912701 19.82582 0.5940037 0 0.0 0.10721842793854608 2.235897255229989 0.0
-0.04780928 -0.01238973 -0.1313038 -2.458437 0.09094524 0.05605276 0.00572078 15.90689 1.009647 0 0.0 0.04938858839439836 2.4619409356975726 0.0
0.0526444 0.05340655 2.799873 -4.037269 2.220423 1.544139 -0.6420162 20.41575 0.5796471 0 0.0 0.07499128238843832 4.913128310403668 0.0
0.02178949 0.0163512 -1.220143 -1.967331 0.5403055 0.3521784 -0.3600918 18.55302 0.5310631 0 0.0 0.02724231296898448 2.314981685458872 0.0
-0.03411653 -0.1883667 -0.1983956 -2.58868 0.4169066 0.221687 -0.09453999 18.7342 0.6592827 1 0.9998899 0.19143132264112606 2.5962713564840176 0.0
0.04464754 -0.204064 -1.374229 -2.671157 1.700695 1.189389 -0.2151814 20.43945 0.6262646 0 0.0 0.20889116526088794 3.003928271961566 0.0
-0.02224596 0.04508932 18.43105 11.09198 1.803132 0.9491798 0.03423867 19.48384 0.4915981 0 0.0 0.050278519413204686 21.51129062661978 0.0
0.07185539 -0.01947532 1.066328 -2.232049 0.8156838 0.4640348 -0.1475046 19.8615 0.6234188 0 0.0 0.0744478687482355 2.4736810914070957 0.0
-0.05879422 0.05693266 0.2173295 -2.7863 0.4041205 0.2504995 -0.04577774 18.81806 0.6583118 0 0.0 0.08184184797573917 2.7947629240367156 0.0
-0.02450111 0.04220209 -6.557034 -3.438442 3.254778 1.720399 0.4255803 20.23825 nan 0 0.0 0.04879877858717572 7.403889401153964 0.0
0.09374119 -0.04834122 2.3819 -2.915906 1.587001 1.150147 -0.5381727 20.35285 0.9585571 0 0.0 0.10547172253122872 3.765096998861517 0.0
0.1039533 0.002188253 3.18304 -4.488134 1.956608 1.41755 -0.5459819 20.63488 0.7743587 0 0.0 0.1039763291912251 5.5022804766347555 0.0
-0.02851792 0.07620729 -0.7385084 -2.258347 0.9594734 0.598447 -0.08443335 20.02418 0.5672913 0 0.0 0.08136843866186999 2.3760315295213488 0.0
-0.05107577 -0.04815671 0.0185727 -2.514461 1.438194 1.31618 0.1664046 20.46109 0.1808624 0 0.0 0.07019831193922685 2.5145295913363777 0.0
0.1524262 -0.1163731 -1.318466 -3.600157 1.238408 0.6829371 -0.4603279 20.08223 0.8137932 1 0.9906598 0.19177185625124976 3.8339904822267097 0.0
0.003862668 -0.1645303 1.94452 -3.33366 0.4586296 0.2400812 -0.1113684 18.59174 0.6891041 0 0.0 0.16457563556665433 3.859332458599544 0.0
-0.02501754 -0.04216554 2.697169 -1.540878 3.19825 1.320886 -0.5523326 20.33991 0.6572666 0 0.0 0.049028665810352215 3.106288078309061 0.0
0.009820419 -0.1771584 -1.611573 -1.879559 1.434191 0.7330583 -0.2325064 20.28186 0.5584011 0 0.0 0.1774303787965735 2.475865418153822 0.0
0.05129259 -0.00920092 0.4385391 -1.538287 0.7849043 0.4841781 -0.3682097 19.58685 0.6658192 0 0.0 0.05211129165310049 1.5995760177615221 0.0
0.04084661 -0.04353964 0.5990741 -3.316816 0.873398 0.5195694 0.05200589 19.87564 0.61022 0 0.0 0.059700467333360964 3.3704833711423072 0.0
0.05175784 0.05530965 -0.6981639 -4.084025 1.606688 0.9843839 -0.4513822 20.20188 0.6296387 0 0.0 0.07574979461746481 4.143270813245039 0.0
0.04297322 0.1106665 -3.143092 -2.56033 3.699004 2.773244 -0.5182746 20.9529 0.6464577 0 0.0 0.11871719277096472 4.053926125296809 0.0
