jas1101finalproject/data/gcs/NGC_6356.ecsv
# %ECSV 0.9
# ---
# datatype:
# - {name: x, unit: deg, datatype: float64}
# - {name: y, unit: deg, datatype: float64}
# - {name: pmx, unit: mas / yr, datatype: float64}
# - {name: pmy, unit: mas / yr, datatype: float64}
# - {name: pmx_e, unit: mas / yr, datatype: float64}
# - {name: pmy_e, unit: mas / yr, datatype: float64}
# - {name: pm_corr, datatype: float64}
# - {name: g_mag, unit: mag, datatype: float64}
# - {name: bp_rp, unit: mag, datatype: float64}
# - {name: filter, datatype: int64}
# - {name: memberprob, datatype: float64}
# - {name: r, unit: deg, datatype: float64}
# - {name: pm, unit: mas / yr, datatype: float64}
# - {name: member_prob_GMM, datatype: float64}
# meta: !!omap
# - comments: [deg deg mas/yr mas/yr mas/yr mas/yr dimless mag   mag   zeroone float]
# - __serialized_columns__:
#     bp_rp:
#       __class__: astropy.units.quantity.Quantity
#       unit: &id001 !astropy.units.Unit {unit: mag}
#       value: !astropy.table.SerializedColumn {name: bp_rp}
#     g_mag:
#       __class__: astropy.units.quantity.Quantity
#       unit: *id001
#       value: !astropy.table.SerializedColumn {name: g_mag}
#     pm:
#       __class__: astropy.units.quantity.Quantity
#       unit: !astropy.units.Unit {unit: mas / yr}
#       value: !astropy.table.SerializedColumn {name: pm}
#     pmx:
#       __class__: astropy.units.quantity.Quantity
#       unit: !astropy.units.Unit {unit: mas / yr}
#       value: !astropy.table.SerializedColumn {name: pmx}
#     pmx_e:
#       __class__: astropy.units.quantity.Quantity
#       unit: !astropy.units.Unit {unit: mas / yr}
#       value: !astropy.table.SerializedColumn {name: pmx_e}
#     pmy:
#       __class__: astropy.units.quantity.Quantity
#       unit: !astropy.units.Unit {unit: mas / yr}
#       value: !astropy.table.SerializedColumn {name: pmy}
#     pmy_e:
#       __class__: astropy.units.quantity.Quantity
#       unit: !astropy.units.Unit {unit: mas / yr}
#       value: !astropy.table.SerializedColumn {name: pmy_e}
#     r:
#       __class__: astropy.units.quantity.Quantity
#       unit: &id002 !astropy.units.Unit {unit: deg}
#       value: !astropy.table.SerializedColumn {name: r}
#     x:
#       __class__: astropy.units.quantity.Quantity
#       unit: *id002
#       value: !astropy.table.SerializedColumn {name: x}
#     y:
#       __class__: astropy.units.quantity.Quantity
#       unit: *id002
#       value: !astropy.table.SerializedColumn {name: y}
# schema: astropy-2.0
x y pmx pmy pmx_e pmy_e pm_corr g_mag bp_rp filter memberprob r pm member_prob_GMM
[from data line 14635]
-0.07694057 -0.01472961 -6.339506 -6.03623 2.926887 2.312161 0.5079339 20.65533 0.4185047 0 0.0 0.07833781157702199 8.753594058267495 0.0
-0.06718358 -0.002722724 -2.286523 -3.942252 0.5903376 0.4665941 0.4457764 18.98334 1.036316 1 0.01907982 0.0672387287773689 4.557360887732394 0.0
-0.08687293 0.03780947 -8.010046 -4.068324 0.08110118 0.06647205 0.2885297 15.25844 1.614412 1 0.0 0.09474419237328376 8.983991156000323 0.0
0.0208797 -0.0006227434 -7.074862 -4.187571 1.680615 1.745481 -0.4227848 19.34757 nan 0 0.0 0.020888984691273142 8.221278683944792 0.0
-0.03014881 0.05193864 -3.816777 -7.346252 0.3923573 0.3384412 0.2276763 18.41295 1.503376 0 0.0 0.06005475059864707 8.278599224218611 0.0
-0.04799998 0.07610654 1.415724 -0.9688288 0.1775204 0.1330537 0.1379798 17.07005 1.286144 0 0.0 0.08997890592117688 1.7154893435651066 0.0
-0.09759466 0.03475789 -3.000221 -6.364116 0.7557607 0.6031547 0.3600767 19.41799 1.083044 0 0.0 0.10359936572087544 7.035858050749532 0.0
-0.1025396 0.04305589 1.319955 -6.553808 2.020783 1.67614 0.499652 20.23127 0.9187164 0 0.0 0.11121231600794985 6.685408028152732 0.0
-0.100633 0.0633092 -3.807785 -3.528603 0.926561 0.8152401 0.2385929 19.50332 1.168242 0 0.0 0.11889093949347022 5.1913645352483195 0.0
0.0355527 0.001885006 -2.459968 -5.944671 3.472632 3.043895 0.2609077 20.61894 nan 0 0.0 0.03560263648818772 6.433549242779214 0.0
-0.0740729 0.005714565 -3.833411 0.1137916 0.8286169 0.6662532 0.4088175 19.00371 1.325129 0 0.0 0.0742930061819363 3.8350995323656933 0.0
0.03843021 0.006885477 -7.773436 -6.766121 2.983385 2.853167 0.3857192 20.44215 0.9253941 0 0.0 0.03904216738555416 10.305663522196763 0.0
0.0006868909 0.01064519 -5.380728 -4.661701 0.6065249 0.3221745 0.1483277 17.95709 nan 0 0.0 0.010667328121165245 7.119247855172975 0.0
-0.02325761 0.02681608 -5.295207 -6.076423 0.185095 0.1267062 0.3511327 16.65396 1.402891 1 0.0 0.03549674026553002 8.059909034708642 0.0
-0.09857034 0.06505748 4.164821 3.72966 1.387933 1.108695 0.2969009 20.08088 0.8127365 0 0.0 0.11810413892690638 5.590715310015437 0.0
0.05859857 0.1069795 0.561705 -2.152621 1.360219 1.408586 0.4434907 19.88345 1.218027 0 0.0 0.12197707090389939 2.2246999071034277 0.0
0.01957915 0.06239047 0.1186219 3.527354 2.468456 2.196701 0.3529863 20.36465 nan 0 0.0 0.06539047225355847 3.529348012944545 0.0
0.09264192 0.05101304 -10.55819 4.62087 1.600072 1.507932 0.5685631 20.07398 1.380678 0 0.0 0.1057584776333699 11.525095037916174 0.0
0.03195739 0.04373863 1.18185 -5.608508 0.3825169 0.2908833 0.2979572 18.12065 1.414799 1 0.0 0.05416957199285407 5.731677887718743 0.0
0.001413667 0.05724551 -4.9569 -7.353046 1.449754 1.479586 0.5405445 20.05342 0.8589516 0 0.0 0.057262962458704394 8.86781501205996 0.0
-0.02610841 0.04752758 -1.7932 2.142269 0.4932166 0.4092351 0.3064185 18.73547 1.370047 0 0.0 0.05422656114289841 2.7937220170161887 0.0
-0.0375089 0.08606541 2.89842 -3.293865 2.608001 2.602488 0.340422 20.61821 nan 0 0.0 0.09388382383391773 4.387526083640415 0.0
0.005833571 0.1246968 -0.3247499 -2.856156 0.59339 0.502617 0.205486 18.76467 1.098553 0 0.0 0.12483317860589804 2.874559025987466 0.0
0.02246205 0.1061714 -2.420876 -5.764756 1.098011 0.9353587 0.2056538 19.71584 1.26874 0 0.0 0.10852147192220764 6.252443710015469 0.0
0.04760282 0.08229217 -0.8067843 -0.782923 0.409959 0.3175407 0.04981232 18.08811 1.238028 1 0.0 0.09506855271466637 1.1242194317193999 0.0
-0.01017909 -0.008251206 -3.283868 -2.345909 0.2116922 0.1401066 0.1592287 16.49539 1.493848 0 0.0 0.013103292474891035 4.03572522326595 0.0
-0.04964328 0.02740387 -6.851062 -1.73162 0.6246004 0.5921849 0.4619268 18.96984 1.169037 0 0.0 0.056704738251184085 7.066509630096317 0.0
0.001559468 0.1126196 -3.687202 -4.747551 1.788697 1.571405 0.2125077 20.0885 0.4435558 0 0.0 0.11263039662809958 6.011214443555062 0.0
-0.0322541 0.1228324 -1.037131 -2.161274 2.089131 2.123834 0.5398009 20.39184 1.078699 0 0.0 0.1269965568689561 2.3972371627014715 0.0
0.0006289734 0.06607654 -3.828601 -3.236258 0.5717367 0.5585036 0.2515132 18.84987 1.396542 0 0.0 0.06607953348737798 5.0131378855727675 0.0
0.0003963393 0.01575497 3.870765 -2.723308 2.045596 1.797215 0.3624737 19.85334 nan 0 0.0 0.015759954458742082 4.73278228403642 0.0
0.03773633 0.02320109 -2.843263 -0.4630116 0.08662733 0.06112486 0.1933814 15.05027 1.616159 1 0.0 0.044298094530769605 2.880715922978793 0.0
-0.08922154 -0.03086197 -4.28946 0.02291561 2.245028 1.075303 -0.4381336 20.0425 nan 0 0.0 0.09440839153514109 4.2895212106692835 0.0
-0.07171635 0.07050052 -1.154158 -1.850036 1.435596 1.096097 0.1866697 20.16996 nan 0 0.0 0.1005661880434617 2.1805306441919132 0.0
0.020275 0.04736431 -1.77098 -4.758472 1.00341 0.9447827 0.5909529 19.17869 1.085346 0 0.0 0.051521388634004225 5.077344378233961 1.0
-0.03474453 0.07132408 -5.575204 3.046035 3.097503 3.028979 0.4746974 20.66204 0.771162 0 0.0 0.07933666713926985 6.353048784862351 0.0
-0.03871272 0.007295496 -4.91982 -7.477862 2.700536 2.241695 0.4293075 20.32367 nan 0 0.0 0.039394148698562025 8.951147910935447 0.0
0.002633694 0.01272036 -3.513475 -2.863949 0.3112949 0.1968812 0.3593616 17.22785 nan 0 0.0 0.012990146366197572 4.532847940337951 0.0
-0.03393662 0.1027192 -6.531283 -3.372565 1.862643 1.881198 0.3938215 20.18159 0.5763588 0 0.0 0.10818007314503165 7.350636183713217 0.0
-0.1046807 0.02688987 -5.474617 -7.132924 0.8345518 0.6668085 0.3489752 19.43366 1.080997 0 0.0 0.10807920272238734 8.991664811727858 0.0
0.06819227 0.1068731 -3.136288 -7.590174 1.621612 1.440412 0.6008278 19.73066 nan 0 0.0 0.12677557016776891 8.212614916652308 0.0
0.02708508 0.1102391 -4.280593 -3.727207 2.007051 2.232791 0.403835 20.42103 1.744865 0 0.0 0.11351766702772041 5.67587424565573 0.0
0.04180891 0.04206767 -2.442736 -9.421001 0.3510463 0.2774759 0.3291453 17.83005 1.499517 0 0.0 0.059309980733574685 9.732534048627675 0.0
-0.03764106 0.02342045 -6.314301 -3.319163 2.196988 1.801679 -0.14533 20.03848 1.173136 0 0.0 0.04433245849404361 7.1335292905524685 0.0
0.06371684 0.1115268 -1.938881 -1.538744 1.492786 1.484301 0.5336201 19.75306 1.52829 0 0.0 0.12844478509392898 2.4752762734080815 0.0
-0.0128276 0.05675487 -1.826074 -5.108522 1.476339 1.214129 0.2975988 20.11004 0.9814568 0 0.0 0.05818644679370703 5.425084633253199 0.0
-0.07031687 -0.01425767 -4.110624 -1.959664 0.6160115 0.4865187 0.4137044 19.08005 1.286963 1 0.05122742 0.07174777599637358 4.553845919909016 0.0
-0.03892657 0.0552767 -1.601696 -4.334679 0.7577974 0.6763338 0.2539566 19.30591 1.116369 1 0.009525902 0.0676076283776831 4.6211332062013755 0.0
0.001151728 0.0008051721 -5.601614 -4.262736 0.4788032 0.3128818 0.2092205 16.6392 nan 0 0.0 0.0014052684784774795 7.039104887035851 0.0
-0.02223849 0.01036342 -2.781024 -2.538614 0.7665877 0.6441285 0.3621177 19.02483 nan 0 0.0 0.02453468792498694 3.765455554056109 0.0
-0.07595901 -0.0001627697 -2.703593 -4.903625 0.0774189 0.05553714 0.1918106 15.31019 1.441364 1 0.0 0.07595918439632786 5.599549379215617 0.0
-0.003585503 0.06636451 -2.605639 -4.409282 0.508426 0.4235416 0.2014349 18.76717 1.395409 0 0.0 0.06646129715332909 5.121632782018348 0.0
-0.05280275 0.000524607 -2.219326 -4.857765 1.169079 1.009059 0.3004661 19.90815 1.205666 0 0.0 0.05280535597898143 5.340719866225993 0.0
-0.01619679 0.03231956 -4.450793 -10.00105 1.261445 1.001277 0.2843155 19.67125 1.14167 0 0.0 0.03615093311240666 10.946714549642234 0.0
0.007343439 0.0752946 -3.155055 -5.185492 1.531277 1.317198 0.05227358 20.11686 0.7525902 0 0.0 0.07565185315315627 6.069901097636517 0.0
-0.05388475 0.02361655 -4.356788 -3.001011 0.8053296 0.7115347 0.2881515 19.39537 1.195574 0 0.0 0.0588328795527212 5.290337295396674 1.0
-0.009312011 0.07852174 -2.760601 -3.300248 1.013882 0.8203229 0.3911899 18.78242 nan 0 0.0 0.07907197481719881 4.302621845189861 0.0
-0.09864752 0.0469033 -18.33229 -8.464505 1.875025 1.604439 0.4352937 19.83085 1.654289 0 0.0 0.10923027397677075 20.19209502600275 0.0
0.005249426 0.03430768 -5.686102 -5.032798 1.290642 1.043923 0.4605012 19.51502 nan 0 0.0 0.03470696443528123 7.593471647619947 0.0
-0.007162947 0.1265888 1.017268 -4.233136 0.3758158 0.303544 0.2629619 17.66 1.155916 0 0.0 0.12679129345173826 4.353650718456867 0.0
-0.07598891 0.00182849 -4.079891 -0.5223333 0.09470786 0.06782376 0.2205181 15.76423 1.579512 1 0.0 0.07601090591927057 4.113191297298229 0.0
0.06389574 0.0425227 0.5057223 -4.514242 1.092602 0.967333 0.569195 19.12365 1.286762 0 0.0 0.07675184431293883 4.5424812469928035 0.0
-0.009573621 0.07860755 -9.871046 -6.923263 0.4154189 0.3228865 0.1934074 18.38223 1.174965 0 0.0 0.07918839015950596 12.056911698328266 0.0
-0.05142068 0.04409648 -2.373908 -8.566554 2.63767 2.695316 0.2965844 20.59324 nan 0 0.0 0.0677391015592383 8.889391803007673 0.0
0.03593207 0.01011705 -4.508472 -4.573952 0.5558901 0.4332704 0.3980384 18.52233 1.203466 0 0.0 0.03732918905076027 6.42241050331478 0.0
-0.1264035 0.008132278 -0.6243871 -7.065409 1.329345 0.96774 0.3172721 20.158 1.62315 0 0.0 0.12666482841625487 7.092944634489078 0.0
0.09561237 0.06230679 0.5551557 -3.090674 0.270866 0.2296329 0.4486037 17.42122 1.387918 1 0.0 0.11412213359870643 3.1401375169757277 0.0
-0.0241101 0.09944585 -4.207998 -3.258535 0.1726951 0.1295906 0.1769578 16.84493 1.522413 1 0.6419057 0.10232680002928118 5.322151586926945 0.0
-0.09611332 0.03611863 -2.248693 -3.746316 1.225183 0.9155524 0.400861 20.14518 1.085564 0 0.0 0.10267582828737881 4.369382539913964 0.0
0.07357317 0.04243695 0.4903748 1.375768 0.9488973 0.9605586 0.6141086 18.98319 1.429457 0 0.0 0.08493471651304547 1.4605495658480887 0.0
-0.1129871 0.01981044 -4.140455 0.02043692 1.204295 0.8993243 0.365629 19.94806 1.204145 0 0.0 0.11471067212514971 4.140505437108383 0.0
0.05982053 0.1098058 -1.28584 0.5299348 2.195378 2.118176 0.3292812 20.3361 0.9790077 0 0.0 0.12504323061693862 1.3907607263116974 0.0
0.0364656 0.06164204 -4.144186 -5.814792 0.9775804 0.809012 0.5229496 19.09675 0.918623 0 0.0 0.07162039568950733 7.14045401958867 0.0
-0.004978157 -0.02267245 -3.73353 -2.216518 3.849298 3.423517 -0.08687782 20.39054 nan 0 0.0 0.02321254049256886 4.341911826053588 0.0
-0.1261062 0.03976778 3.009873 -5.025356 3.64454 3.003721 0.3229436 20.82711 0.8449841 0 0.0 0.13222802276585852 5.857775892168033 0.0
-0.110636 0.02401381 -4.396284 -5.50733 0.08023957 0.05821725 0.1715812 15.4824 1.579783 1 0.0 0.11321213524492901 7.046843033412621 0.0
-0.068253 0.05872782 -7.480858 -2.182472 1.1356 0.9764906 0.2216473 19.92154 0.8370399 0 0.0 0.09004126193558372 7.7927158582196485 0.0
-0.02273787 0.05292584 -2.456459 -5.899742 2.414389 2.428434 0.2712743 20.56197 0.4413452 0 0.0 0.05760343107699836 6.390707823492247 0.0
-0.0003590953 -0.009494507 -1.114591 -3.914978 0.5047083 0.3806181 0.3436614 18.00147 nan 0 0.0 0.00950129531208935 4.070548591745958 0.0
-0.1207189 0.02348656 -2.703316 -4.275235 1.462743 1.321142 0.6503603 19.94532 nan 0 0.0 0.12298240247223828 5.058216256851916 0.0
-0.03272616 0.001441135 -2.504122 -2.038614 1.224867 0.958935 0.4377229 19.68295 0.5263672 0 0.0 0.032757875670345674 3.2290205994821406 0.0
-0.02581575 0.0334285 -2.932168 -4.648991 1.053416 0.9705235 0.3546424 19.59012 1.390478 0 0.0 0.04223644824452572 5.496428522077313 0.0
0.03361997 0.07604498 -0.1761494 -4.979778 0.1813688 0.1362587 0.4245278 16.6657 1.125287 1 0.0 0.08314530272962689 4.982892487341499 0.0
-0.1086419 -0.005712907 -1.53525 -5.450222 0.5877276 0.4504295 0.3877933 18.9283 1.246778 1 0.0 0.10879200219685567 5.662323940908362 0.0
-0.0694158 0.059332 -3.184067 -3.490401 0.4352219 0.3730589 0.2797881 18.44114 1.496422 1 0.5912737 0.09131724652901006 4.724529796846454 0.0
-0.0009111033 -0.009368624 -4.173205 -3.496727 0.1811651 0.1460553 0.3761541 16.4674 1.337845 0 0.0 0.009412822365085135 5.444514641779743 0.0
-0.05217069 0.02494458 -4.861202 -4.097723 2.715029 2.800578 0.1516172 20.53135 nan 0 0.0 0.0578274412926294 6.357878472378423 0.0
-0.04231849 0.01932432 0.4698863 -1.642444 1.548264 1.337054 0.2821953 20.1859 nan 0 0.0 0.04652186517480248 1.708337035852027 0.0
0.01838843 0.07141044 -3.930591 -5.807815 1.609226 1.634349 0.4874159 20.15114 1.086712 0 0.0 0.07373998439692336 7.012863943033973 0.0
-0.06603393 0.03111979 -0.6528037 -0.4686318 1.732374 1.39287 -0.2050333 20.04889 nan 0 0.0 0.07299946055204107 0.8035971843560242 0.0
-0.0003300415 -0.00993129 -3.239327 -3.002071 0.1064858 0.07719794 0.2980162 15.6835 1.626829 0 0.0 0.009936772537188434 4.41652235384018 0.0
0.01141415 0.09667383 -2.193659 -5.381326 0.3677242 0.3410145 0.3822485 18.20044 1.098475 0 0.0 0.09734532462882539 5.81126572499976 0.0
-0.0418536 0.01946749 -2.508989 -5.42573 0.9444032 0.8445984 0.238605 19.63734 1.031954 0 0.0 0.04615958188567244 5.977756421519783 0.0
-0.1168798 0.0182935 -0.882806 -1.199816 1.599288 1.478274 0.6207318 20.11472 nan 0 0.0 0.11830274633452091 1.489598894834445 0.0
0.06488954 0.05828276 -0.6134575 -5.47002 1.682469 1.549999 0.5777849 19.88863 nan 0 0.0 0.08722117010582466 5.5043118466077345 0.0
-0.01415887 -0.01461058 -2.006022 -4.286745 1.024238 0.7109243 0.1056336 18.88623 1.21031 0 0.0 0.02034558054254781 4.73289625488548 0.0
-0.03104123 0.002864318 -2.084097 -6.390972 0.5423584 0.4237044 0.3888354 18.69294 1.102018 0 0.0 0.031173101827024274 6.7222007862152555 0.0
-0.02065043 0.0972433 -0.2782718 -9.812946 1.721978 1.37177 -0.2316036 20.08339 1.100502 0 0.0 0.09941176818704564 9.816890770177249 0.0
0.02388153 0.06835613 -3.815089 -3.261684 0.3620563 0.2716239 0.3517265 18.06772 1.491905 1 0.919571 0.07240778952376464 5.019311366490128 0.0
-0.1240984 0.03604795 1.366727 -2.302143 3.536682 2.834565 0.6330456 20.65146 nan 0 0.0 0.12922796749064228 2.6772756834099103 0.0
0.04264259 0.1259831 -3.572087 -3.378498 1.682706 1.648571 0.5099363 20.10212 0.9777031 0 0.0 0.13300425544890696 4.916711733625736 0.0
-0.06512338 0.004531687 -4.753629 -6.941703 1.81159 1.48074 0.5271421 20.2004 1.096498 0 0.0 0.06528086097540663 8.413336389913932 0.0
-0.08141504 0.04993133 -3.852622 -6.043019 0.1558429 0.1118254 0.2756383 16.19882 1.925707 0 0.0 0.09550678747487269 7.166643210684136 0.0
-0.08545874 0.05828553 -0.7238757 -4.853895 0.1832807 0.1431542 0.1825166 17.21183 0.977663 1 0.0 0.10344273415648148 4.907575032546674 0.0
0.08101322 0.04313754 -1.831092 -8.8947 2.754808 2.433647 0.1248878 20.32292 0.7360039 0 0.0 0.09178229225738481 9.081221613993572 0.0
0.1051732 0.05981804 -3.188979 1.993586 3.887202 3.260515 0.5496541 20.74202 0.5210876 0 0.0 0.1209942143562311 3.760847271804187 0.0
-0.01396511 0.1084038 -5.469008 -4.341824 0.08366449 0.06213299 0.1690756 15.2536 1.824019 1 0.0 0.10929962557919445 6.982942370594218 0.0
-0.0371212 0.03876518 -4.57457 -6.508823 1.357412 1.328677 0.09492905 19.71484 nan 0 0.0 0.05367236411666995 7.95559347441968 0.0
-0.03847494 0.117668 1.021855 -5.201476 0.9130561 0.7599318 0.3043136 19.39639 0.8572655 1 0.0 0.1237985429316662 5.300899944311438 0.0
0.03800538 0.05861476 -2.485964 -4.501304 1.766298 1.648976 0.5477434 19.62583 0.9278412 0 0.0 0.06985770536456233 5.142154675786407 0.0
0.06354274 0.1124557 0.3029753 -7.571238 3.383322 3.562796 0.118752 20.64403 0.6947727 0 0.0 0.12916642082676752 7.577297597762285 0.0
-0.0415638 0.02282449 -2.316612 -6.857632 1.591427 1.596239 0.4118294 20.05027 0.8587341 0 0.0 0.04741842272999071 7.2383567061846295 0.0
-0.06863142 0.06025546 -6.377061 -2.877077 0.7159941 0.6206465 0.2775443 19.21099 1.407948 1 0.006579201 0.09132903301266251 6.996033094665148 0.0
0.01489958 0.06056368 -2.67374 -3.902422 1.175002 0.9120691 0.4333039 19.59949 1.249386 0 0.0 0.062369518350864316 4.730516150874448 0.0
-0.01750965 0.08523116 3.401731 -7.992896 3.69996 3.659627 0.3443102 20.91317 0.6126652 0 0.0 0.08701113996534064 8.686665658535327 0.0
0.06493832 0.1127051 -0.6423077 -0.8238303 0.9614096 0.9689552 0.5363349 19.39553 1.639072 1 0.004697801 0.13007468996861918 1.0446317746830125 0.0
