jas1101finalproject/data/gcs/NGC_6235.ecsv
# %ECSV 0.9
# ---
# datatype:
# - {name: x, unit: deg, datatype: float64}
# - {name: y, unit: deg, datatype: float64}
# - {name: pmx, unit: mas / yr, datatype: float64}
# - {name: pmy, unit: mas / yr, datatype: float64}
# - {name: pmx_e, unit: mas / yr, datatype: float64}
# - {name: pmy_e, unit: mas / yr, datatype: float64}
# - {name: pm_corr, datatype: float64}
# - {name: g_mag, unit: mag, datatype: float64}
# - {name: bp_rp, unit: mag, datatype: float64}
# - {name: filter, datatype: int64}
# - {name: memberprob, datatype: float64}
# - {name: r, unit: deg, datatype: float64}
# - {name: pm, unit: mas / yr, datatype: float64}
# - {name: member_prob_GMM, datatype: float64}
# meta: !!omap
# - comments: [deg deg mas/yr mas/yr mas/yr mas/yr dimless mag   mag   zeroone float]
# - __serialized_columns__:
#     bp_rp:
#       __class__: astropy.units.quantity.Quantity
#       unit: &id001 !astropy.units.Unit {unit: mag}
#       value: !astropy.table.SerializedColumn {name: bp_rp}
#     g_mag:
#       __class__: astropy.units.quantity.Quantity
#       unit: *id001
#       value: !astropy.table.SerializedColumn {name: g_mag}
#     pm:
#       __class__: astropy.units.quantity.Quantity
#       unit: !astropy.units.Unit {unit: mas / yr}
#       value: !astropy.table.SerializedColumn {name: pm}
#     pmx:
#       __class__: astropy.units.quantity.Quantity
#       unit: !astropy.units.Unit {unit: mas / yr}
#       value: !astropy.table.SerializedColumn {name: pmx}
#     pmx_e:
#       __class__: astropy.units.quantity.Quantity
#       unit: !astropy.units.Unit {unit: mas / yr}
#       value: !astropy.table.SerializedColumn {name: pmx_e}
#     pmy:
#       __class__: astropy.units.quantity.Quantity
#       unit: !astropy.units.Unit {unit: mas / yr}
#       value: !astropy.table.SerializedColumn {name: pmy}
#     pmy_e:
#       __class__: astropy.units.quantity.Quantity
#       unit: !astropy.units.Unit {unit: mas / yr}
#       value: !astropy.table.SerializedColumn {name: pmy_e}
#     r:
#       __class__: astropy.units.quantity.Quantity
#       unit: &id002 !astropy.units.Unit {unit: deg}
#       value: !astropy.table.SerializedColumn {name: r}
#     x:
#       __class__: astropy.units.quantity.Quantity
#       unit: *id002
#       value: !astropy.table.SerializedColumn {name: x}
#     y:
#       __class__: astropy.units.quantity.Quantity
#       unit: *id002
#       value: !astropy.table.SerializedColumn {name: y}
# schema: astropy-2.0
x y pmx pmy pmx_e pmy_e pm_corr g_mag bp_rp filter memberprob r pm member_prob_GMM
[from data line 2428]
-0.02140805 -0.01852585 1.299497 -4.007646 1.216198 0.7175491 0.3718973 19.88637 1.162418 0 0.0 0.02831098237477817 4.213065263478007 0.0
0.01993545 0.01416823 -3.840354 -7.432855 0.1973039 0.1168088 0.3148823 17.05925 0.612175 0 0.0 0.024457328309433146 8.366340436316287 0.0
0.01548552 0.02745538 -1.254895 -6.837559 3.327659 1.930853 0.4422082 20.59333 nan 0 0.0 0.031521408924964 6.951760535253354 0.0
0.005944401 -0.008585148 -3.324932 -9.303838 2.278936 1.017107 0.4019231 20.26827 nan 0 0.0 0.010442254039751428 9.880110036576921 0.0
0.02771888 -0.0008782519 -3.725223 -7.058043 1.197734 0.6904992 0.4566005 19.65579 1.096825 0 0.0 0.027732789885877938 7.980805560191151 0.0
-0.01351088 -0.01391099 -2.734231 -7.835921 1.008292 0.5591819 0.306895 19.55878 1.100964 0 0.0 0.01939225415351449 8.299257622197421 0.0
0.02056916 -0.0009037267 -2.180287 -2.369267 2.56879 1.48497 0.09377429 20.51777 1.383173 0 0.0 0.020589003498321448 3.2197946393610257 1.0
-0.04882368 0.04260927 -3.899664 -6.742242 2.822375 1.073873 0.5331875 20.21466 nan 0 0.0 0.06480201863117614 7.7887872290530575 0.0
-0.003266887 -0.04701622 -0.6942759 -0.155507 0.5174905 0.3045652 0.3413003 18.74665 1.31583 1 0.0 0.04712958193915122 0.7114783569229706 0.0
-0.001643196 0.01387018 -4.122488 -10.45239 1.110761 0.6419382 0.3846116 19.45427 nan 0 0.0 0.013967175316677885 11.235985227039237 0.0
-0.001332382 0.02189059 -2.414294 -8.389433 1.661003 0.7976348 0.4746082 20.03767 0.7849255 0 0.0 0.021931100572976817 8.729914179413507 0.0
-0.01289127 0.008452732 -4.273738 -7.460299 0.294734 0.1676465 0.2970243 17.7485 0.4877396 1 0.9960096 0.015415366375040328 8.597726307695831 0.0
-0.00165701 -0.01304823 -1.388155 -8.790501 2.292187 1.195691 0.2659819 20.45135 nan 0 0.0 0.013153022020547217 8.89943156246656 0.0
-0.007859229 -0.01778248 -3.666708 -7.785056 0.1101419 0.06102693 0.2550889 15.65113 1.507511 1 0.9572951 0.019441812555027912 8.605338138643942 0.0
-0.00113489 0.06645959 5.544571 -0.007191422 2.159734 1.265072 0.1530517 20.46658 1.91754 0 0.0 0.06646927920686518 5.5445756637087555 0.0
0.005096992 0.0007265616 19.22895 -12.28086 2.373265 1.186417 0.4034995 19.98735 nan 0 0.0 0.00514851621408135 22.81604787078823 0.0
0.02087965 -0.003354716 0.192751 -3.122908 0.271091 0.1500137 0.3527354 17.63009 1.277601 1 0.0 0.021147432552514642 3.128850799329524 1.0
0.008602183 0.01608245 -3.29173 -8.02453 2.109363 1.054357 0.4264066 20.33612 1.836655 0 0.0 0.01823849638451561 8.673440385095178 0.0
-0.01304597 0.0005334064 0.1234599 3.222701 0.3478331 0.1985638 0.3259744 18.06121 1.506737 0 0.0 0.01305687005482022 3.2250649733468952 0.0
-0.002617882 -0.006456445 -3.74667 -7.527999 0.146191 0.08275664 0.2618317 16.13576 1.422186 0 0.0 0.00696699276617602 8.408823046830097 0.0
0.003217349 -0.01439103 8.694888 -1.154582 2.215617 1.193297 0.1913784 20.18683 1.40943 0 0.0 0.014746290348718251 8.771210687656978 0.0
0.04841473 -0.01376228 5.301956 -12.03949 3.344815 1.861139 0.03844409 20.57042 1.655416 0 0.0 0.05033275704520169 13.155229260109305 0.0
-0.02154073 0.01757071 -2.569808 -7.208719 0.9336085 0.5343234 0.3834496 19.54502 1.139875 0 0.0 0.027798073653348715 7.653074073718678 0.0
0.05869651 0.01090346 -5.64554 -1.956622 2.315101 1.183722 0.4208439 20.28904 1.168663 0 0.0 0.05970063421900726 5.974988831996591 0.0
0.004376069 -0.008579368 -3.0935 -7.298451 0.3337361 0.1871853 0.3449458 17.61993 1.285856 0 0.0 0.009630967509663035 7.926987400608191 0.0
-0.02250968 -0.02077287 -1.806705 -5.973209 0.6083305 0.3382938 0.2348233 18.84533 1.600853 1 0.0002254862 0.030630015046344654 6.240465424526122 0.0
-0.04203298 0.02166306 -3.7361 -7.497316 0.1868728 0.1040474 0.2709348 16.91397 1.466913 1 0.9910658 0.04728699161761086 8.37664553469084 0.0
0.007769103 0.02846882 -3.448681 -9.178749 2.766386 1.46309 0.5022113 20.58542 0.9692802 0 0.0 0.029509874171487226 9.805245221041746 0.0
-0.001784132 -0.01585203 2.391812 -9.533836 2.371042 1.278518 0.3649532 20.30119 0.9582672 0 0.0 0.015952115286516834 9.829282451849679 0.0
-0.01402203 0.01141664 -3.554807 -7.039485 2.007162 1.148699 0.4512394 20.23063 0.7868519 0 0.0 0.01808195216812886 7.886127178309642 0.0
-0.01686223 0.01013269 6.628291 -4.412421 3.558415 2.036591 0.310613 20.66599 0.8809795 0 0.0 0.019672473337356437 7.962644074798396 0.0
-0.0195485 0.02002194 -4.292153 -7.471929 2.343337 1.070612 0.2250544 20.43594 0.7888889 0 0.0 0.027982529078223073 8.616977448992774 0.0
-0.02699505 0.01478122 -4.858749 -3.460471 2.424073 1.185512 0.2753801 20.44278 nan 0 0.0 0.03077689375474562 5.965090224534915 0.0
-0.01666573 0.02135173 -6.131288 -7.895136 2.274523 1.147898 0.2255739 20.49685 0.9798527 0 0.0 0.027085843727412295 9.996292562617402 0.0
0.006029751 0.004834954 0.5333597 -5.716369 0.7582852 0.4188757 0.3764173 18.93707 nan 0 0.0 0.007728821210515676 5.741197358891705 0.0
0.0027364 -0.04408843 -8.081473 -1.359051 0.120902 0.07171965 0.1709405 16.05324 1.592347 1 0.0 0.04417326730982099 8.194951218300815 0.0
-0.01893636 -0.01310862 -4.670814 -7.964476 0.4102195 0.2185037 0.2697842 18.20242 0.4262733 0 0.0 0.02303088466286087 9.233059155944577 0.0
0.01954311 0.03819516 -6.392343 -4.00474 2.184329 1.127146 0.2831735 20.41459 1.154879 0 0.0 0.04290458478878102 7.543208302655376 0.0
0.03682834 -0.01736174 -5.666564 -3.66595 0.8018588 0.478333 0.3732516 19.22953 1.299854 0 0.0 0.0407155577511005 6.749010073232666 0.0
0.0124168 0.005702378 -19.21447 -6.830453 2.22988 1.218531 0.4224577 19.94382 1.430813 0 0.0 0.013663602639673185 20.39242372956459 0.0
0.05735848 0.02174729 -3.496798 -5.086258 1.506531 0.796291 0.3204445 20.2065 1.194172 0 0.0 0.06134280601875415 6.172326684109324 0.0
0.009126752 0.04229892 -1.299675 -6.110172 1.250406 0.7116891 0.4194811 19.90386 1.311354 0 0.0 0.04327234954605428 6.246867773149117 0.0
0.01841801 -0.02684528 2.57755 0.9308311 2.935542 1.677981 0.1673752 20.624 1.97645 0 0.0 0.03255598486666469 2.7404763343672958 0.0
-0.002900337 -0.01281937 -8.227789 -7.663769 1.451999 0.80099 0.2889892 20.13704 nan 0 0.0 0.013143371025367464 11.244103659869115 0.0
-0.009003939 -0.01267848 -3.672748 -5.752228 3.041399 1.691717 0.4002006 20.56038 nan 0 0.0 0.015550394613196189 6.824749433897774 0.0
0.002017362 0.05106919 -12.3546 -5.070618 1.088317 0.62407 0.4082019 19.76012 1.33144 0 0.0 0.051109019915227726 13.354673641161135 0.0
-0.008609569 0.007447887 -3.728958 -6.973737 0.7019755 0.4145473 0.3049609 19.0921 1.362707 0 0.0 0.011384010678602247 7.908105684102419 0.0
-0.01743013 0.03154642 -5.93453 -9.035913 1.489125 0.7648863 0.4068259 20.11868 0.9483738 0 0.0 0.03604144900851379 10.810475015672022 0.0
0.01057978 0.005059752 -6.50412 -6.0215 1.715941 1.006057 0.2515966 20.11292 nan 0 0.0 0.011727439411478706 8.863522957853721 0.0
-0.03140994 -0.02216122 -1.903313 -3.240701 2.464481 1.253439 0.1337108 20.39828 1.369999 0 0.0 0.0384409157369072 3.7582899498801314 0.0
-0.04533595 0.009392057 -9.084505 -5.729051 1.491873 0.8194193 0.3334365 20.157 1.205393 0 0.0 0.04629858634012219 10.7401236704065 0.0
0.0174873 -0.01331443 4.419639 -2.334275 0.3217516 0.1620477 0.4208908 17.77787 1.366282 1 0.0 0.021979074309781566 4.998204544228457 0.0
0.03668964 0.04670422 -13.01758 -3.174453 1.718749 0.8677532 0.2756958 20.11272 1.181671 0 0.0 0.059392035233169105 13.399050000116016 0.0
-0.03059993 0.02103086 -2.589289 -4.579004 1.551085 0.9250287 0.3714698 19.7027 1.441439 0 0.0 0.0371302139550057 5.260389259126838 0.0
-0.01707206 -0.007458816 -3.679682 -7.214941 0.2521 0.1441819 0.2830223 17.4589 1.436869 1 0.9723868 0.018630329271525397 8.099100768270821 0.0
-0.01382522 0.02179073 -4.176219 -8.539982 2.032258 1.030133 0.2015255 20.40475 nan 0 0.0 0.02580644535733854 9.506424022537864 0.0
0.002200566 0.01568788 -5.760811 -7.32444 0.7454358 0.4091525 0.2887699 18.91341 1.288948 0 0.0 0.01584146677598877 9.318495838455958 0.0
-0.008975794 -0.0109199 -2.496961 -4.890081 1.345935 0.794734 0.3737558 19.52758 1.187187 0 0.0 0.014135384463835287 5.490692708764715 0.0
0.02390485 0.00521452 1.54966 -1.703768 0.6493751 0.3925929 0.3869822 19.01059 1.19272 0 0.0 0.024466979224107333 2.3031004132308257 1.0
0.03407235 -0.02143896 2.621914 -4.721179 0.8060006 0.4718348 0.2720705 19.20027 1.325918 0 0.0 0.04025610562888691 5.400367040622054 0.0
-0.0230928 0.002788508 -5.291415 -7.687976 1.772582 0.8596741 0.4732303 20.03668 2.301891 0 0.0 0.023260550051666103 9.332954927502918 0.0
-0.00985299 0.006274786 -11.45755 -5.29881 1.767859 1.235259 0.3624384 19.84014 nan 0 0.0 0.011681367697572748 12.623503452631523 0.0
0.01193305 -0.03320368 -7.43625 -0.379558 4.536584 2.716694 0.3422568 20.71091 1.537085 0 0.0 0.035282886047557104 7.4459303205082445 0.0
0.04042224 -0.04792417 -13.37672 -4.578895 2.204641 1.118632 0.3237225 20.36297 1.448296 0 0.0 0.06269516374335823 14.138702818130984 0.0
-0.01091274 0.005668171 -4.695622 -8.957587 0.8631448 0.4991141 0.3658565 19.47037 1.058598 0 0.0 0.012296993811206096 10.113714986564185 0.0
0.006367879 -0.01730175 -2.773617 -8.300067 1.637688 0.8115473 0.2443442 20.07591 0.8157673 0 0.0 0.01843638890946763 8.751232111375975 0.0
-0.01522113 -0.007464325 -7.633657 -12.94266 1.098418 0.5892008 0.2355236 18.66973 nan 0 0.0 0.01695284478140837 15.026149442530146 0.0
0.06257977 0.004649491 -1.556299 -1.257852 0.9091695 0.501819 0.4446375 19.39694 1.356405 0 0.0 0.06275225398192467 2.0010642746561143 0.0
-0.01266308 -0.01483216 -3.82555 -8.186116 1.424214 0.8393217 0.1581999 20.00655 1.075325 0 0.0 0.019502475877487966 9.035891099828284 0.0
-0.02818792 -0.0266142 0.1023321 -5.393868 4.815567 2.38227 0.4009479 20.8479 0.006132126 0 0.0 0.03876692502077512 5.394838631517574 0.0
-0.0132034 0.02180224 -5.572126 -8.576937 2.599941 1.13253 0.3836427 20.53711 1.03124 0 0.0 0.02548857470667201 10.228022118760059 0.0
0.00559104 -0.01192681 -6.030884 -10.08137 2.491345 1.156738 0.1997558 20.41583 nan 0 0.0 0.013172263475109356 11.747577746001769 0.0
-0.04355448 0.006239773 2.070243 -6.170952 0.4316515 0.2435101 0.3772338 18.30236 1.230865 1 0.0 0.0439991760736713 6.508959568575687 0.0
-0.002928646 -0.01034172 -3.34249 -8.247374 2.673989 1.215134 -0.1157837 20.30377 nan 0 0.0 0.01074840173940833 8.898955966627547 0.0
0.01356112 0.003123537 -5.046853 -8.294688 1.137621 0.6361958 0.4231694 19.82233 1.299685 0 0.0 0.013916194129314559 9.709406481394884 0.0
0.03801307 -0.02490753 1.321505 -1.542694 0.5094917 0.3212762 0.1982794 18.49883 1.647728 1 0.0 0.04544643596065373 2.0313247506642065 0.0
-0.02881944 0.02175985 3.449638 -4.574016 1.504131 0.8027293 0.3122049 20.14268 1.357729 0 0.0 0.03611164900604928 5.729016032382874 0.0
0.007919754 -0.05682018 -0.4578387 -3.567474 2.100562 1.143143 0.1614756 20.46381 0.8628006 0 0.0 0.05736946364271602 3.59673282520313 0.0
-0.01758274 0.008744048 -3.875129 -4.461625 4.278564 2.860643 0.2303775 20.72928 nan 0 0.0 0.01963698350902969 5.909545025403055 0.0
0.04780194 -0.02922303 -3.495728 -3.493351 1.223565 0.6842687 0.466792 19.84659 1.047079 0 0.0 0.0560268770336568 4.942025440969016 0.0
-0.02847564 -0.001084397 -2.879163 -3.860646 2.084076 1.159143 0.3660427 19.9515 1.164454 0 0.0 0.028496280288192156 4.816032300336555 0.0
0.05682777 0.002386004 -3.911162 1.836574 0.5053842 0.2838698 0.4244706 18.53458 1.381084 1 0.0 0.05687783802379373 4.320901786400612 0.0
-0.003479672 -0.01043519 -9.143306 -10.8371 1.551376 0.9082754 0.2807748 19.9599 nan 0 0.0 0.011000059434552343 14.178955568716477 0.0
0.009858123 -0.009191905 0.5013967 -6.398259 2.129612 1.092042 0.4874308 20.31653 1.158373 0 0.0 0.013478638900577239 6.417874794809563 0.0
-0.002999373 -0.006511766 -6.154672 -4.027212 1.807175 1.650878 0.2171352 19.68195 nan 0 0.0 0.007169332941905056 7.355163079125302 0.0
-0.01377662 -0.04144931 -1.312953 -7.258506 3.473671 1.506295 0.3109362 20.39624 0.8088894 0 0.0 0.04367883421178386 7.376296830540714 0.0
-0.005189959 0.008151866 -6.253668 -9.619118 3.024609 1.641019 0.5246581 20.42346 nan 0 0.0 0.009663777403460668 11.473264337238465 0.0
-0.02675225 0.001292498 -1.545917 -7.490478 1.654509 0.799528 0.3642968 20.01325 nan 0 0.0 0.026783454428854096 7.648340999156157 0.0
0.0414479 -0.01861616 -7.658876 -7.754192 4.2134 2.584547 0.3775967 20.78379 1.011408 0 0.0 0.04543665731054168 10.898893299607993 0.0
-0.01184336 -0.0180021 3.470288 -8.334104 1.413918 0.7773576 0.3824608 19.82261 0.9858494 0 0.0 0.021548567945448256 9.027745470811634 0.0
-0.03995837 -0.01814843 -3.568338 -7.302912 0.7913676 0.4187578 0.4930203 19.24127 1.172693 0 0.0 0.043886636286252334 8.128072327556392 0.0
0.01997748 0.01157233 0.2766001 -4.543573 2.953515 1.638223 0.4712837 20.34081 nan 0 0.0 0.023087194043003578 4.551984536622353 0.0
-0.007383018 0.06128095 -6.673071 -5.991804 0.5589713 0.3140493 0.3812056 18.80881 0.6649857 1 0.0 0.06172409406132118 8.968366169233782 0.0
-0.02527271 0.02424771 -5.689636 -1.860491 1.957603 0.9288652 0.3150223 20.29615 1.24975 0 0.0 0.03502372497305505 5.986099278626859 0.0
0.03138548 -0.03296444 -0.8170041 -1.806438 0.881167 0.4941689 0.4855011 19.40044 1.380493 1 0.0 0.045515960490184096 1.982602821359036 0.0
0.03551391 -0.01937366 -3.715511 -7.304776 0.2194428 0.1300875 0.2330549 17.2465 0.7005177 1 0.960709 0.04045462279250296 8.195411789611125 0.0
-0.02863112 -0.0008173996 -2.468015 -7.34884 1.410423 0.7852219 0.2197457 19.99554 1.936493 0 0.0 0.0286427857332432 7.752196294330078 0.0
-0.0543679 0.01534169 -3.171978 -4.838639 0.2274348 0.1254735 0.3907951 17.22847 1.571812 1 0.0 0.05649102585779532 5.785660878828364 0.0
0.007145245 -0.01115059 -10.61474 -13.40506 2.265546 1.245368 0.3870947 19.9246 1.193214 0 0.0 0.013243495892630653 17.09878179494668 0.0
0.02204087 0.01313604 -4.648833 -7.578878 0.4957231 0.2914008 0.273538 18.49795 1.379004 0 0.0 0.025658439103704262 8.891065178074728 0.0
0.05364332 0.02593729 -5.002177 -8.389964 1.64171 0.916003 0.2064854 20.26934 1.090565 0 0.0 0.05958480337440496 9.767971675871353 0.0
0.0006883312 -0.01658444 -3.603176 -1.142384 0.8044545 0.471495 0.3664316 19.35358 nan 0 0.0 0.016598718322644476 3.7799363077215995 0.0
0.01418197 -0.005610274 -1.836472 -4.896122 1.556669 0.8519966 0.425261 19.9963 1.127184 0 0.0 0.01525134247979423 5.22921026978912 0.0
-0.005288891 0.008581016 2.212484 -5.860339 2.480103 1.078383 0.3694413 20.41007 nan 0 0.0 0.010079990258037803 6.264076839022411 0.0
0.03493098 -0.03416691 -5.193186 0.2065879 0.7821073 0.4501583 0.4622391 19.2015 1.444534 1 0.0 0.048862573639837065 5.197293467856362 0.0
0.03148616 -0.02497458 -1.656053 -6.815945 0.8162293 0.4911432 0.3443837 19.34802 1.506407 1 0.357663 0.040188405264727785 7.0142439208965355 0.0
-0.01911318 0.04047831 -4.025833 -5.958418 3.385664 1.759296 0.06421005 20.74651 1.190567 0 0.0 0.044763905439187276 7.190971868017077 0.0
-0.03036964 0.001663696 -3.678428 -7.647646 0.2940745 0.1612861 0.3317685 17.60058 1.426462 1 0.995213 0.030415175786275114 8.48630201515949 0.0
0.003741255 0.02886381 -1.043934 -7.535825 1.968941 0.9587795 0.3215082 20.33491 1.188114 0 0.0 0.029105266133315547 7.607789207580676 0.0
0.02473993 0.01302688 -4.688003 -4.963286 1.448159 0.7648512 0.3545258 19.99023 1.074116 0 0.0 0.02796003824996132 6.82726739228844 0.0
0.02782654 -0.02804655 -1.813456 -10.41205 1.827306 1.12028 0.4790471 19.77553 1.689686 0 0.0 0.0395085471167202 10.568794059230978 0.0
-0.01664682 -0.01898296 -1.192461 -1.213354 0.9269902 0.5513212 0.3710074 19.28335 1.373568 0 0.0 0.025248156100475934 1.701232249234948 0.0
-0.01265209 0.02010093 -8.232995 -9.217031 1.66283 0.8680588 0.3799935 20.18829 1.132631 0 0.0 0.02375126877101516 12.358635326159035 0.0
0.041076 -0.03424105 -1.132945 -3.504857 0.9435874 0.5812007 0.4269913 19.40605 1.243919 0 0.0 0.053476043992637494 3.6834205520784615 0.0
-0.003973896 -0.02064715 -2.532283 0.9091759 0.9625217 0.5601807 0.3335076 19.58282 nan 0 0.0 0.021026094562265146 2.690549759664335 1.0
