jas1101finalproject/data/gcs/NGC_6235.ecsv
# %ECSV 0.9
# ---
# datatype:
# - {name: x, unit: deg, datatype: float64}
# - {name: y, unit: deg, datatype: float64}
# - {name: pmx, unit: mas / yr, datatype: float64}
# - {name: pmy, unit: mas / yr, datatype: float64}
# - {name: pmx_e, unit: mas / yr, datatype: float64}
# - {name: pmy_e, unit: mas / yr, datatype: float64}
# - {name: pm_corr, datatype: float64}
# - {name: g_mag, unit: mag, datatype: float64}
# - {name: bp_rp, unit: mag, datatype: float64}
# - {name: filter, datatype: int64}
# - {name: memberprob, datatype: float64}
# - {name: r, unit: deg, datatype: float64}
# - {name: pm, unit: mas / yr, datatype: float64}
# - {name: member_prob_GMM, datatype: float64}
# meta: !!omap
# - comments: [deg deg mas/yr mas/yr mas/yr mas/yr dimless mag   mag   zeroone float]
# - __serialized_columns__:
#     bp_rp:
#       __class__: astropy.units.quantity.Quantity
#       unit: &id001 !astropy.units.Unit {unit: mag}
#       value: !astropy.table.SerializedColumn {name: bp_rp}
#     g_mag:
#       __class__: astropy.units.quantity.Quantity
#       unit: *id001
#       value: !astropy.table.SerializedColumn {name: g_mag}
#     pm:
#       __class__: astropy.units.quantity.Quantity
#       unit: !astropy.units.Unit {unit: mas / yr}
#       value: !astropy.table.SerializedColumn {name: pm}
#     pmx:
#       __class__: astropy.units.quantity.Quantity
#       unit: !astropy.units.Unit {unit: mas / yr}
#       value: !astropy.table.SerializedColumn {name: pmx}
#     pmx_e:
#       __class__: astropy.units.quantity.Quantity
#       unit: !astropy.units.Unit {unit: mas / yr}
#       value: !astropy.table.SerializedColumn {name: pmx_e}
#     pmy:
#       __class__: astropy.units.quantity.Quantity
#       unit: !astropy.units.Unit {unit: mas / yr}
#       value: !astropy.table.SerializedColumn {name: pmy}
#     pmy_e:
#       __class__: astropy.units.quantity.Quantity
#       unit: !astropy.units.Unit {unit: mas / yr}
#       value: !astropy.table.SerializedColumn {name: pmy_e}
#     r:
#       __class__: astropy.units.quantity.Quantity
#       unit: &id002 !astropy.units.Unit {unit: deg}
#       value: !astropy.table.SerializedColumn {name: r}
#     x:
#       __class__: astropy.units.quantity.Quantity
#       unit: *id002
#       value: !astropy.table.SerializedColumn {name: x}
#     y:
#       __class__: astropy.units.quantity.Quantity
#       unit: *id002
#       value: !astropy.table.SerializedColumn {name: y}
# schema: astropy-2.0
x y pmx pmy pmx_e pmy_e pm_corr g_mag bp_rp filter memberprob r pm member_prob_GMM
-0.02174314 -0.04424458 -9.465583 -16.10554 1.272219 0.6722681 0.437069 19.89996 1.534311 0 0.0 0.04929854963826014 18.681158428253028 0.0
-0.04820037 -0.04388305 -8.096079 -1.311045 2.264945 1.074454 0.3758462 20.42868 0.9158669 0 0.0 0.06518433665720164 8.201544620756872 0.0
-0.05029638 -0.02872227 -2.557098 -1.080432 0.2306826 0.1203293 0.3618814 17.36213 1.301201 1 0.0 0.05791972578541183 2.7759833371668496 0.0
-0.05751543 -0.02846755 4.592019 -6.909293 0.2785413 0.1435459 0.3724168 17.6413 1.496597 1 0.0 0.0641749646753888 8.296081500094488 0.0
-0.01285645 -0.0631186 -4.199852 -4.004292 1.65275 0.7648689 0.3531954 20.26911 1.276976 0 0.0 0.06441464097984634 5.80285371547207 0.0
0.00491095 -0.06642925 -1.646592 -6.586717 0.6322608 0.380642 0.3518907 18.96214 1.455973 1 0.01028322 0.06661052983924538 6.789411318557229 0.0
-0.003605466 -0.06359299 -3.326755 -1.279298 1.129021 0.6282921 0.5119644 19.65969 1.497004 0 0.0 0.06369511568572002 3.564253386451221 0.0
-0.01427001 -0.05132942 -8.048775 -3.499071 0.4737383 0.2545235 0.4097397 18.64753 1.337986 1 0.0 0.053276097294532566 8.776461522941121 0.0
-0.04452143 -0.01920265 1.665178 4.676312 0.4701581 0.2400666 0.3759887 18.34435 1.843781 1 0.0 0.048486075282161166 4.963941145201865 0.0
-0.02071068 -0.0530106 0.4157312 -7.911651 1.120772 0.5759993 0.4468417 19.82506 1.414858 0 0.0 0.05691270489462261 7.922566123198622 0.0
-0.03389453 -0.02999147 -4.585676 -2.075118 0.3716309 0.1903058 0.3970373 18.16095 1.255728 1 0.0 0.045258451549758084 5.033342735290336 0.0
-0.03469438 -0.05176976 -5.354204 -2.195108 0.814703 0.4337828 0.4515424 19.30277 1.36393 1 0.0 0.062320205824772434 5.786708875110273 0.0
-0.05784769 -0.01064733 -3.590188 -3.572467 2.12821 1.023581 0.4300604 20.34717 0.8996029 0 0.0 0.05881939199332989 5.06477742269421 0.0
-0.06437421 -0.01291228 -4.400895 -3.560163 2.423583 1.088645 0.4761637 20.42676 1.252352 0 0.0 0.06565642305153777 5.660621643211459 0.0
-0.03242553 -0.02913281 -2.209781 -5.235389 2.287865 1.012343 0.5722472 20.41251 1.217901 0 0.0 0.04359054501009364 5.682642875395391 0.0
-0.03455846 -0.0301652 -1.517353 -3.530624 1.843472 0.8461523 0.3734797 20.34558 1.442953 0 0.0 0.045871848105473144 3.8428720972711283 0.0
-0.03403435 -0.03597676 -2.914443 -8.058043 1.865875 0.8498044 0.3204344 20.33322 1.156174 0 0.0 0.049524380258818994 8.568899286962006 0.0
-0.02906131 -0.03869361 -0.7859124 -5.208872 1.881959 0.8635677 0.4611849 20.27732 1.323412 0 0.0 0.048391685171609806 5.267827428158383 0.0
-0.01723685 -0.04625812 6.183522 -7.775269 0.7955436 0.4168789 0.5015657 19.3469 1.61186 1 0.0 0.049365196888667424 9.93432193694391 0.0
-0.05368998 -0.02063828 -0.9143667 0.9453617 0.4481404 0.2294226 0.4101564 18.47442 1.457563 0 0.0 0.05752001872182241 1.3152091871241547 0.0
-0.0532659 -0.02126182 -0.7385797 -1.15934 1.54306 0.7055042 0.3472566 20.08 -0.3102493 0 0.0 0.057352603188716725 1.3746160223320876 0.0
-0.06135925 -0.02562532 -3.593727 -8.217766 1.358419 0.6796098 0.4519873 19.99277 1.125923 0 0.0 0.06649522227697942 8.969200175115114 0.0
-0.03489395 -0.04443415 -2.386497 -5.203742 0.8708719 0.443626 0.4770742 19.42732 1.315807 1 1.999006e-05 0.05649762324934563 5.724884167699204 0.0
-0.04972981 -0.03292587 -1.814074 -8.674772 2.551162 1.367182 0.2778109 20.5125 1.045246 0 0.0 0.059641989553442964 8.862422565498669 0.0
-0.05894951 -0.01121808 -0.531815 -6.114607 0.2534394 0.1301164 0.3749807 17.49765 1.347929 1 0.0 0.060007416609336714 6.137690604671598 0.0
-0.05516521 -0.005523109 -2.890081 -4.952942 0.8814647 0.4469334 0.4793765 19.43023 1.333138 1 0.0 0.05544100582934964 5.734474922948483 0.0
-0.005696088 -0.05541626 -4.43151 -7.508989 0.1534382 0.0905204 0.1611978 16.6047 1.524685 1 0.7715515 0.05570823360053112 8.719128206548003 0.0
0.001450772 -0.06373028 5.084231 -6.365014 2.293954 1.216234 0.2562449 20.50448 1.130447 0 0.0 0.06374679072921541 8.146337095993328 0.0
-0.04438542 -0.04718341 -5.024172 -2.308752 2.29811 1.079156 0.4830967 20.48604 0.7683468 0 0.0 0.06477916090691899 5.529253121632975 0.0
-0.03352539 -0.03768181 -5.08214 -7.670333 0.9195912 0.478756 0.5137062 19.46397 1.212641 0 0.0 0.050436797871476736 9.201204014176025 0.0
-0.04708663 -0.03738624 -3.812636 -1.929961 0.7704042 0.4033907 0.4890767 19.0899 1.249359 1 0.0 0.06012388598630747 4.273282430406046 0.0
-0.04628475 -0.02733234 3.214636 -4.879457 0.9413728 0.4799927 0.4766918 19.54025 1.093092 1 0.0 0.05375253382342175 5.843199913347567 0.0
-0.0300352 -0.04248372 -29.33889 -19.87045 2.894601 1.391856 0.2247437 20.35483 0.9905396 0 0.0 0.05202864311202436 35.43452059270169 0.0
-0.02475293 -0.03824075 -7.226108 -6.141291 2.093553 1.014983 0.221338 20.408 1.09738 0 0.0 0.04555285396270358 9.483253237910764 0.0
-0.03238264 -0.03133961 -1.836628 -7.930633 2.155132 1.004617 0.286671 20.43192 0.8599281 0 0.0 0.045064470798198655 8.140524687701218 0.0
-0.03542126 -0.02597115 -7.614314 -9.171754 1.993775 0.9590177 0.214759 20.37567 0.9979572 0 0.0 0.04392227558210185 11.92052218349146 0.0
-0.005639152 -0.06632056 0.6154584 -3.469733 0.306158 0.1675784 0.4085422 17.91514 1.606089 1 0.0 0.06655987315186758 3.5238950230419124 0.0
0.004896866 -0.06532871 1.552565 -3.477252 1.292354 0.6709783 0.3274039 19.84273 1.34877 0 0.0 0.06551198094155035 3.808114960282712 0.0
-0.05870178 -0.02925577 -0.5764389 -8.175782 3.492216 1.719823 -0.04709822 20.59918 1.035107 0 0.0 0.06558810146254654 8.19607791062025 0.0
-0.04614184 -0.03232192 -1.769252 -7.330747 0.9977647 0.5185844 0.4779767 19.55323 1.151354 1 0.4898794 0.05633627526800117 7.54122697029555 0.0
-0.01840956 -0.04389315 0.3148743 -4.860615 0.8934568 0.4721421 0.5212261 19.32077 1.432949 0 0.0 0.04759748434860922 4.870803219493218 0.0
-0.05071731 -0.03670468 -7.021948 -6.099612 1.309392 0.6802102 0.4374874 19.63171 1.169474 0 0.0 0.06260574308750357 9.301237566326751 0.0
-0.03714423 -0.02810401 -1.36362 -4.950282 1.831459 0.9865925 0.4209836 20.29114 1.025335 0 0.0 0.04657820520772564 5.134661759446672 0.0
-0.05749969 -0.03239477 -5.899409 -6.043521 0.5725464 0.2919534 0.4063727 18.76819 1.48815 1 0.0 0.06599723837744273 8.445541582795151 0.0
-0.05023597 -0.03963228 0.05023515 -4.71631 1.348907 0.6754156 0.4616518 19.96533 1.282431 0 0.0 0.06398726670079993 4.716577528928738 0.0
-0.04421975 -0.035045 1.92323 -3.01207 1.62436 0.8197453 0.4100146 20.26562 1.059235 0 0.0 0.056422852773167186 3.5737066636477035 0.0
-0.0374923 -0.04723862 -4.917172 -2.007923 0.5930759 0.3022537 0.4182728 18.87835 1.409374 1 0.0 0.060308869818579754 5.3113402500228695 0.0
-0.04119882 -0.02778662 -3.459594 -8.196674 1.480232 0.7505315 0.4341907 20.12038 0.8946285 1 0.8256309 0.04969345047807407 8.896867724492255 0.0
-0.01264605 -0.04706062 -5.538141 -3.903634 1.069349 0.611358 0.3425498 19.76333 1.076504 0 0.0 0.04873011938613428 6.775644924421365 0.0
-0.03778072 -0.02525651 -1.409638 -7.102721 1.345233 0.6926689 0.4843904 20.06426 1.10055 1 0.6407217 0.045445286896426344 7.241251611074221 0.0
-0.02057051 -0.04564631 -4.374096 -3.974257 0.3885607 0.1915152 0.5078474 18.063 1.176165 0 0.0 0.050067269730595464 5.909943698485206 0.0
-0.04621038 -0.03868486 -5.567339 -2.746265 0.4036989 0.206403 0.4073865 18.27626 1.53857 1 0.0 0.0602653931619466 6.207836578965815 0.0
-0.02082482 -0.04531256 5.527499 -5.808758 1.615887 0.9612662 0.7762984 19.26094 nan 0 0.0 0.049868840188899526 8.018410983328616 0.0
-0.03739604 -0.0374024 -11.1396 -5.538956 1.264506 0.6374296 0.4687385 19.95368 1.348993 0 0.0 0.05289048433737018 12.440688153391514 0.0
-0.04127248 -0.01749649 -0.7276769 -2.119127 1.899036 1.023357 0.3430673 20.30677 1.315573 0 0.0 0.04482794627986542 2.2405831635809927 0.0
-0.04320216 -0.03659726 -1.112537 -6.287939 0.4466094 0.2294428 0.3760989 18.32261 1.372313 1 0.0 0.056619661498221625 6.385602199016941 0.0
-0.04000968 -0.03639604 -2.934146 -5.239955 0.425031 0.2170055 0.4195589 18.36869 1.28146 1 0.0 0.054087394292792475 6.005525884661643 0.0
-0.03924525 -0.04213885 -2.042605 -3.286099 0.5308618 0.2791094 0.3711856 18.56631 1.361948 1 0.0 0.05758361161723881 3.869196534660136 0.0
-0.04735401 -0.04041329 -3.86834 -5.595081 0.3359242 0.1629764 0.2954632 17.87336 1.361013 1 0.0 0.062254608437481956 6.80213097140602 0.0
-0.01215078 -0.05720385 -15.12214 -7.769329 3.43102 1.835452 0.6314329 20.64195 1.208582 0 0.0 0.05848009840476417 17.001223229222095 0.0
-0.0223077 -0.04709997 -0.1177322 -5.935225 0.4063088 0.1912355 0.4909627 18.03678 1.253735 1 0.0 0.0521156469142512 5.93639256380016 0.0
-0.04532162 -0.03500338 -3.52186 -0.9702237 0.6036686 0.3162741 0.4460766 18.74318 1.191689 1 0.0 0.05726504912115941 3.6530578817809185 0.0
-0.0257989 -0.03478482 1.795957 -8.315343 0.3009807 0.1624708 0.3770916 17.658 1.148727 1 0.0 0.04330781619572153 8.50707886136587 0.0
-0.05577583 -0.03340116 -0.8713362 -1.792925 0.07279771 0.03746556 0.2978623 14.54213 1.961637 1 0.0 0.06501215810549978 1.993440951986148 0.0
-0.04785293 -0.02716502 -1.82973 -13.66619 0.2492071 0.1293735 0.35882 17.48801 1.311914 1 0.0 0.05502582322133218 13.788134790064971 0.0
-0.02888792 -0.0575191 -3.910099 -5.592707 0.2172765 0.113534 0.351773 17.26169 1.614439 1 0.0 0.0643658200191406 6.8240197667980125 0.0
-0.01835132 -0.0571721 -2.772022 -6.887777 0.8671931 0.4405766 0.4393347 19.44696 1.279161 0 0.0 0.06004514938071517 7.424660124895483 0.0
-0.03530479 -0.03967733 -1.899673 -7.124681 1.689346 0.7590878 0.4372899 20.20693 1.222937 0 0.0 0.05311043883148585 7.3735904997965545 0.0
-0.04478967 -0.0197883 -8.521855 -7.602857 2.282098 1.287639 0.3163525 20.58105 nan 0 0.0 0.048966226683285485 11.420396105366661 0.0
-0.04974755 -0.02274826 0.08073622 -1.628873 0.3995449 0.204782 0.4114495 18.28265 1.239475 1 0.0 0.05470193839371782 1.6308726459625498 0.0
-0.03256593 -0.03285599 -7.176604 -8.14687 3.657475 2.020823 0.4946048 20.64256 0.8013096 0 0.0 0.046260737949637164 10.8570316279228 0.0
-0.05445046 -0.0268756 -3.985326 -4.049594 0.7827773 0.4033801 0.4783344 19.2692 1.02179 0 0.0 0.06072191095125054 5.681728160613811 0.0
-0.03801901 -0.03218216 -6.136242 -6.346559 3.216434 1.621926 0.4960113 20.63035 0.6550503 0 0.0 0.04981100825767031 8.82792597516795 0.0
-0.0323624 -0.05782504 -3.587322 -6.157714 0.9417695 0.4567924 0.5552759 19.33397 1.256542 0 0.0 0.06626507515095414 7.126452191482098 0.0
-0.01877664 -0.04527603 -0.8654187 0.220808 1.069519 0.5402079 0.5179824 19.48524 2.33263 0 0.0 0.0490151109582596 0.8931437169759915 0.0
-0.01825358 -0.04851273 -7.276723 0.5432691 0.16782 0.09233491 0.3643997 16.84951 1.389408 1 0.0 0.05183317619892977 7.296974642531232 0.0
-0.0344832 -0.04896591 -5.07297 -1.700622 0.5024141 0.2560503 0.4048877 18.5984 1.505835 0 0.0 0.059889493438900446 5.350433609324014 0.0
-0.04010531 -0.04776005 -1.161225 -3.734992 0.4496745 0.2292767 0.3980093 18.40799 1.519161 1 0.0 0.06236552145375359 3.911343597881552 0.0
-0.06173835 0.001218543 -5.60329 -7.930317 1.848576 0.8311724 0.555593 20.12751 1.244648 1 0.7163624 0.06175037415081263 9.710138338076806 0.0
-0.02883269 -0.05137362 -5.044262 -1.713409 1.127227 0.5474742 0.5393991 19.54355 1.076916 0 0.0 0.05891156800273186 5.3273210458846005 0.0
-0.01475066 -0.04755674 -6.464793 -6.989085 1.14543 0.6104397 0.4656647 19.84922 1.198351 0 0.0 0.04979182151581924 9.520549231534597 0.0
-0.01357836 -0.04657624 -5.808446 -8.372625 1.014864 0.5656687 0.4099887 19.72886 nan 0 0.0 0.048515131586209265 10.190137110242482 0.0
0.005419443 -0.06502737 -1.940928 -2.301787 1.270335 0.7646358 0.4621633 20.00872 0.9244518 0 0.0 0.06525280998966365 3.010884404050245 0.0
-0.04712105 -0.01902612 -4.911481 -1.255816 1.206385 0.6105249 0.4630659 19.81937 1.748104 0 0.0 0.05081718799143554 5.069489070825284 0.0
-0.0558489 -0.02728432 -1.876986 -2.948617 0.5036722 0.2538491 0.3938993 18.60682 1.563496 1 0.0 0.06215733061411501 3.495342423409329 0.0
-0.05332957 -0.03961244 -3.192861 -2.108305 0.2646975 0.1361576 0.3549536 17.58249 1.366577 1 0.0 0.06643183302557969 3.826135300580208 0.0
-0.03031679 -0.04675052 -6.117221 -4.899673 1.147848 0.5778399 0.4478865 19.81094 1.158447 0 0.0 0.05572000427292248 7.837549889459716 0.0
-0.03632168 -0.04037186 -20.72889 -0.1351067 2.25596 1.031174 0.4272962 20.50797 0.9870758 0 0.0 0.05430609098325896 20.729330294355503 0.0
-0.0196245 -0.04285572 -13.9199 -14.19677 0.7937634 0.396318 0.5235539 18.5983 1.354704 0 0.0 0.04713527062581056 19.882451922308274 0.0
-0.02619195 -0.04815731 -1.10119 2.905579 1.377809 0.6597289 0.5391543 19.94892 0.9192028 0 0.0 0.054819200570955066 3.1072509942618085 0.0
-0.01815561 -0.04149749 -7.68146 -2.485296 1.304932 0.6512772 0.5728482 19.88149 1.099934 0 0.0 0.045295340276591364 8.073507536332396 0.0
-0.03890565 -0.04425592 -2.19751 -6.793677 1.280653 0.6479487 0.4456665 20.01486 1.109068 1 0.561471 0.05892568249048033 7.140244910395511 0.0
-0.03101145 -0.03535045 -3.175262 -9.612503 1.465249 0.7912319 0.3691485 19.84385 1.187046 0 0.0 0.047025145893500424 10.123364198410181 0.0
-0.06032001 -0.01120913 -1.387384 -4.002038 0.5412575 0.2636681 0.4070787 18.69502 1.322952 1 0.0 0.06135265439862403 4.235698586644238 0.0
-0.03300062 -0.0466405 -3.368686 -8.151667 1.098152 0.5542438 0.4811771 19.73215 1.076275 0 0.0 0.05713472814877481 8.820301596061498 0.0
-0.03446938 -0.04773567 -6.631886 -7.95678 1.199025 0.611453 0.4763145 19.75094 1.130829 0 0.0 0.058879812736907546 10.35819771414873 0.0
-0.03540463 -0.0359008 -4.081508 -9.045254 1.253375 0.6335514 0.4672827 19.88724 1.132423 0 0.0 0.05042177372997602 9.923473559121321 0.0
-0.04861338 -0.03414809 1.951957 -2.946857 0.6819307 0.3488096 0.4824222 18.99543 1.267757 1 0.0 0.059408356025667804 3.534699747969833 0.0
-0.05842492 -0.01559332 1.669301 -6.036387 0.9545603 0.4898461 0.4860965 19.45332 1.184492 1 5.663474e-06 0.06047001658366566 6.262949292655178 0.0
-0.007969888 -0.05943134 -2.011016 -2.643549 0.708011 0.3836424 0.4043807 19.22313 1.272326 1 0.0 0.059963349547270485 3.321526255753069 0.0
-0.02585246 -0.05076459 -9.105026 -6.224392 0.1436952 0.0686315 0.45528 15.8969 1.529334 1 0.0 0.056968353372023134 11.02925900640383 0.0
-0.06083127 -0.005155421 -4.11318 -5.008254 3.431953 1.687098 -0.0746571 20.54935 1.699652 0 0.0 0.06104933886210514 6.480806881933453 0.0
-0.06439592 0.003630147 -1.815034 1.82683 3.448596 1.710562 0.6201854 20.59429 1.238651 0 0.0 0.06449815873254064 2.5752002388272643 0.0
-0.04555808 -0.04637126 -5.468001 -3.624442 0.2891321 0.1508215 0.3319869 17.64226 1.59256 1 0.0 0.06500640281752251 6.56015356126402 0.0
-0.01284348 -0.05057398 -2.711018 -7.874767 2.30445 1.141357 0.2876459 20.52096 1.205297 0 0.0 0.052179329542940654 8.32835961643186 0.0
-0.002729805 -0.06358725 -4.57684 -3.268785 1.864852 0.9944935 0.4535908 20.37135 2.212042 0 0.0 0.06364581838503237 5.6242705982042684 0.0
-0.005992262 -0.06566445 -3.027372 -3.470082 0.801373 0.4320382 0.5025171 19.33546 1.095219 0 0.0 0.06593729747024171 4.605046179259009 0.0
0.0008858532 -0.06003384 -4.73808 -3.985983 1.070403 0.637031 0.3833068 19.81392 1.222952 0 0.0 0.060040375423855825 6.191725330042427 0.0
-0.02823821 -0.05748464 -2.748488 -7.447175 3.438147 2.186522 0.3094406 20.57614 0.9662228 0 0.0 0.06404592367929203 7.938173704749033 0.0
-0.0600157 -0.02900265 -1.993125 -4.315143 0.7165909 0.366894 0.4540203 19.07352 1.264908 1 0.0 0.06665611714998482 4.7532101127631625 0.0
-0.03496185 -0.05540524 -4.387074 -6.045922 2.45981 1.129674 0.2859046 20.5339 1.405224 1 0.2198012 0.06551390367609078 7.469912389818237 0.0
-0.05184387 -0.008039545 1.26537 -2.21131 0.9717925 0.5002948 0.5098607 19.62559 1.257032 1 0.0 0.052463521997516756 2.547754531543414 0.0
-0.02712615 -0.03808288 -3.936749 -7.559459 0.07396762 0.0386368 0.326394 14.69396 1.756536 1 0.9987187 0.046756109364626354 8.523110527365112 0.0
-0.02205164 -0.05858598 -4.630928 -7.07129 1.736317 0.8500323 0.6310375 19.89145 1.539412 0 0.0 0.06259865716810545 8.452729523963487 0.0
