jas1101finalproject/data/gcs/NGC_6293.ecsv
# %ECSV 0.9
# ---
# datatype:
# - {name: x, unit: deg, datatype: float64}
# - {name: y, unit: deg, datatype: float64}
# - {name: pmx, unit: mas / yr, datatype: float64}
# - {name: pmy, unit: mas / yr, datatype: float64}
# - {name: pmx_e, unit: mas / yr, datatype: float64}
# - {name: pmy_e, unit: mas / yr, datatype: float64}
# - {name: pm_corr, datatype: float64}
# - {name: g_mag, unit: mag, datatype: float64}
# - {name: bp_rp, unit: mag, datatype: float64}
# - {name: filter, datatype: int64}
# - {name: memberprob, datatype: float64}
# - {name: r, unit: deg, datatype: float64}
# - {name: pm, unit: mas / yr, datatype: float64}
# - {name: member_prob_GMM, datatype: float64}
# - {name: member_prob_DB, datatype: float64}
# meta: !!omap
# - comments: [deg deg mas/yr mas/yr mas/yr mas/yr dimless mag   mag   zeroone float]
# - __serialized_columns__:
#     bp_rp:
#       __class__: astropy.units.quantity.Quantity
#       unit: &id001 !astropy.units.Unit {unit: mag}
#       value: !astropy.table.SerializedColumn {name: bp_rp}
#     g_mag:
#       __class__: astropy.units.quantity.Quantity
#       unit: *id001
#       value: !astropy.table.SerializedColumn {name: g_mag}
#     pm:
#       __class__: astropy.units.quantity.Quantity
#       unit: !astropy.units.Unit {unit: mas / yr}
#       value: !astropy.table.SerializedColumn {name: pm}
#     pmx:
#       __class__: astropy.units.quantity.Quantity
#       unit: !astropy.units.Unit {unit: mas / yr}
#       value: !astropy.table.SerializedColumn {name: pmx}
#     pmx_e:
#       __class__: astropy.units.quantity.Quantity
#       unit: !astropy.units.Unit {unit: mas / yr}
#       value: !astropy.table.SerializedColumn {name: pmx_e}
#     pmy:
#       __class__: astropy.units.quantity.Quantity
#       unit: !astropy.units.Unit {unit: mas / yr}
#       value: !astropy.table.SerializedColumn {name: pmy}
#     pmy_e:
#       __class__: astropy.units.quantity.Quantity
#       unit: !astropy.units.Unit {unit: mas / yr}
#       value: !astropy.table.SerializedColumn {name: pmy_e}
#     r:
#       __class__: astropy.units.quantity.Quantity
#       unit: &id002 !astropy.units.Unit {unit: deg}
#       value: !astropy.table.SerializedColumn {name: r}
#     x:
#       __class__: astropy.units.quantity.Quantity
#       unit: *id002
#       value: !astropy.table.SerializedColumn {name: x}
#     y:
#       __class__: astropy.units.quantity.Quantity
#       unit: *id002
#       value: !astropy.table.SerializedColumn {name: y}
# schema: astropy-2.0
x y pmx pmy pmx_e pmy_e pm_corr g_mag bp_rp filter memberprob r pm member_prob_GMM member_prob_DB
[from data line 6001]
0.01520222 0.05825249 -1.506618 -7.193834 1.980459 1.316972 0.4685194 20.40264 0.7658901 0 0.0 0.060203488969730816 7.3499078509516025 0.0 0.0
0.02099844 -0.05005148 -6.082254 -5.77567 1.080719 0.7483536 0.2987751 19.99976 1.12463 0 0.0 0.05427785121597943 8.38762050103699 0.0 0.0
-0.04862006 0.01539842 -3.252296 -8.580024 1.636046 1.125046 0.6520262 19.8979 0.9631882 0 0.0 0.05100021149858106 9.175741992459901 0.0 0.0
0.03303462 0.0647032 -2.166156 -2.298007 0.699503 0.7344533 -0.1646218 18.60958 nan 0 0.0 0.07264840128168272 3.1580164642358977 0.0 0.0
0.005366515 -0.06317986 -3.699964 -2.935007 0.7584676 0.5051444 0.406892 19.43159 1.460142 0 0.0 0.06340736702359455 4.722711053128807 0.0 0.0
-0.04455352 -0.05345903 -3.05015 0.6414957 1.408481 1.047059 -0.0517924 20.00522 1.18627 0 0.0 0.06959083296621257 3.1168785275686455 0.0 0.0
0.07148242 -0.02380959 -6.245866 -2.797199 1.68897 1.077954 0.5168504 19.73014 1.258879 0 0.0 0.07534343332384383 6.843622164874169 0.0 0.0
-0.04338709 0.03586637 2.152663 -4.752092 1.365411 0.9160703 0.5185222 20.04686 1.073269 0 0.0 0.05629241579151671 5.216927866861205 0.0 0.0
-0.03213206 0.009733682 -2.300524 -4.588223 0.5945071 0.4067347 0.4905732 19.00161 1.187798 0 0.0 0.03357400549712119 5.132660223734375 0.0 0.0
-0.02317765 -2.024429e-05 -2.923245 -3.012895 0.9895885 0.6230871 0.5549827 19.57932 1.942823 0 0.0 0.02317765884108612 4.197963507589126 1.0 0.0
0.02287588 0.06224902 -0.4286586 -3.741575 2.192874 1.455626 -0.327539 20.13845 nan 0 0.0 0.0663192760570771 3.766049876990341 0.0 0.0
-0.02607291 0.01029026 -9.859784 -11.94 0.8163199 0.488279 0.6481966 18.51092 1.321592 0 0.0 0.02803009252099786 15.484797077348349 0.0 0.0
0.004193128 -0.07655222 -2.09748 -4.040528 1.109181 0.7239396 0.2638875 19.98112 1.106791 0 0.0 0.07666697274154488 4.552503582555866 0.0 0.0
0.0121299 -0.0746607 -1.18462 -3.942325 0.2110239 0.1434345 0.3748584 17.12297 1.980751 1 0.0 0.07563963642495909 4.116460973946553 0.0 0.0
-0.05860469 0.05811072 -5.597787 -7.528069 1.039883 0.7005488 0.4047431 19.87201 nan 0 0.0 0.0825309970187838 9.381206860853778 0.0 0.0
-0.004755895 0.003626946 -7.130245 -8.173277 1.161973 0.7156331 0.4969827 18.59599 nan 0 0.0 0.005981076369512514 10.8463289033089 0.0 0.0
0.0232582 0.06236719 -7.83405 -4.228921 0.7823925 0.5166973 0.4373254 19.45075 1.176792 0 0.0 0.0665628293849961 8.902590197618949 0.0 0.0
-0.005057387 0.03247939 -5.770257 -2.792027 0.6434795 0.4394512 0.5414334 19.03213 1.275898 0 0.0 0.03287077635286196 6.410248093075493 0.0 0.0
-0.02418637 -0.005090186 0.4141146 -5.129089 1.653601 1.536903 0.2078138 19.91089 0.9226627 0 0.0 0.024716198884365208 5.145779325996613 0.0 0.0
0.05357997 0.02850732 -3.285299 -6.609787 3.284513 2.102696 0.5714507 20.58923 nan 0 0.0 0.06069168376955198 7.381224404173741 0.0 0.0
0.007193343 -0.07439326 -3.997802 -5.441481 0.783032 0.504604 0.3253639 19.21045 1.460131 0 0.0 0.07474022556122807 6.752194924953292 0.0 0.0
0.04609199 0.008149629 2.30584 -2.585011 1.756504 1.20001 0.4323669 19.99137 1.274546 0 0.0 0.046806922511501876 3.463983252806081 0.0 0.0
0.03428592 0.04853997 -0.7058665 -2.275384 1.025868 0.7261575 0.4985617 19.64289 0.9224949 0 0.0 0.059427712372657426 2.3823559480644887 0.0 0.0
0.04652871 0.008200951 -6.069424 -7.02505 1.291116 0.9225592 0.2849624 19.99912 0.1669407 0 0.0 0.04724591465479847 9.28381576692881 0.0 0.0
-0.01640278 -0.04551696 -2.403709 -6.137037 1.148944 0.8357424 0.4440895 19.96925 1.443676 1 0.02861786 0.0483822781539894 6.590981724754667 0.0 0.0
0.00446965 0.02039827 0.3264254 -2.164961 1.12451 0.7646256 0.1908227 19.72082 nan 0 0.0 0.02088222186730617 2.189431358432175 0.0 0.0
0.008511746 0.05008211 0.4895438 -4.659215 1.257052 0.8316773 -0.05314311 19.83261 nan 0 0.0 0.05080027127900614 4.684862596527612 1.0 0.0
0.06618643 -0.02813609 0.66615 -6.921601 1.12817 0.7650377 0.1784004 18.30636 1.597448 0 0.0 0.07191858644768402 6.953582977552005 0.0 0.0
0.002639434 -0.03795509 -3.019072 -6.791691 1.216667 0.8597297 0.3853403 20.01121 1.410999 0 0.0 0.03804675372155233 7.432486957988221 0.0 0.0
0.02667718 -0.03057864 1.751742 -2.853955 1.02915 0.5686126 0.6117472 19.26207 1.604868 0 0.0 0.040579861470956255 3.348680214142431 0.0 0.0
0.0008668367 0.06464502 -11.54147 -5.058727 1.986471 1.35269 0.4051356 19.77875 1.947968 0 0.0 0.0646508315233831 12.601438355260443 0.0 0.0
-0.01442265 0.04485729 -6.378123 -5.624942 2.193152 1.604713 0.4450076 20.41745 nan 0 0.0 0.047118884740267354 8.50414166782827 0.0 0.0
0.03305566 0.0429518 -0.6901547 -8.210336 1.958543 1.336624 0.4136989 20.33129 0.7599888 0 0.0 0.054199020113610906 8.23929188358005 0.0 0.0
-0.05108189 0.02717141 -1.494596 -1.412761 1.138342 0.7617451 0.500366 19.94343 0.9860611 0 0.0 0.057858836899476296 2.0566260832579655 0.0 0.0
-0.04757442 -0.004868633 -18.69242 6.945412 1.269457 0.7831865 0.2681144 18.78283 1.495071 0 0.0 0.04782289227582423 19.941045943133073 0.0 0.0
0.008921317 0.05029951 -1.240813 -5.933179 0.9321764 0.624751 0.4176151 19.46817 0.982214 0 0.0 0.05108454368255225 6.0615369294437205 0.0 0.0
-0.07878936 -0.01276512 -10.26311 0.5777687 2.099014 1.457819 0.3598791 20.3537 1.324457 0 0.0 0.07981673720357153 10.27936007457661 0.0 0.0
-0.03020076 0.0346766 0.3617893 -2.892352 1.739822 1.160091 0.5557347 20.24438 nan 0 0.0 0.045984263527185036 2.914891351233951 0.0 0.0
0.009574676 0.02718812 -2.515364 -4.775432 1.958772 1.144787 0.4433092 20.16358 nan 0 0.0 0.028824786029377148 5.39738889085454 0.0 0.0
-0.01869957 -0.01370656 -9.791626 -1.535213 1.684953 1.28718 -0.325984 19.77724 0.03414917 0 0.0 0.02318498879056231 9.911247079921125 0.0 0.0
-0.05227017 -0.0009796884 -2.214217 -2.061433 2.032163 1.382032 0.1140528 20.07984 1.453007 0 0.0 0.05227935023687646 3.0252707212046333 0.0 0.0
0.03167497 -0.01343476 -1.206618 -5.145678 1.243643 0.858581 0.3254192 19.95589 nan 0 0.0 0.034406343902811 5.285255819504672 0.0 0.0
-0.01250927 0.02454616 -0.9794662 -2.956479 0.1880415 0.1233177 0.3924782 16.20634 1.077097 0 0.0 0.027549878523842896 3.1145019047005635 0.0 0.0
-0.03936492 0.009550226 -3.461199 -0.3026052 1.279273 0.873779 0.5908651 19.91595 0.7889481 0 0.0 0.04050683575962798 3.47440188013247 0.0 0.0
-0.04109601 -0.03422022 -3.945759 -5.593284 1.799043 1.4021 0.3827435 20.23069 1.208141 0 0.0 0.05347808424736717 6.84498648579652 0.0 0.0
-0.07210417 0.03143638 -9.888086 -8.440248 1.816646 1.30842 0.2340965 20.31439 1.019392 0 0.0 0.07865912101525989 13.00046272426101 0.0 0.0
-0.0003345592 0.02463649 1.940708 -4.955732 1.125297 0.6836427 0.6545715 19.36628 1.18775 0 0.0 0.02463876152282019 5.3221825595415275 0.0 0.0
0.0245522 -0.01564744 -3.327574 -10.30038 0.7285268 0.5203574 0.152716 19.14046 nan 0 0.0 0.029114479273955766 10.824535873185326 0.0 0.0
0.01489878 0.03451558 -3.752383 -3.504137 0.4874347 0.3286459 0.6529171 18.09918 1.343618 0 0.0 0.037593867960410775 5.13413617792302 1.0 0.0
-0.05221542 -0.001345874 -4.252683 -5.470589 1.471285 0.9656561 0.4680729 19.91666 1.519417 0 0.0 0.052232762348934564 6.929116589104993 0.0 0.0
0.04154451 0.03726705 -6.653895 -4.080134 0.5059801 0.3536715 0.2610825 18.80832 1.217535 0 0.0 0.05581020808814997 7.805242605389086 0.0 0.0
-0.03613425 0.06451725 -4.49323 0.04437782 0.7805305 0.5300501 0.3406811 19.47034 1.003265 0 0.0 0.07394700514980306 4.49344914556824 0.0 0.0
-0.00156236 -0.01863363 -3.366644 -6.908583 1.274314 0.8418527 0.3738671 18.75421 1.079422 0 0.0 0.018699014298793937 7.685233300988656 0.0 0.0
-0.04108847 -0.05518388 -9.779917 -5.131088 2.156444 1.534853 0.03158606 20.40924 1.234419 0 0.0 0.06880060304092764 11.044222045514704 0.0 0.0
-0.05977185 -0.007632377 -3.924047 -7.375622 0.8930542 0.6388926 0.360265 19.5184 1.517412 0 0.0 0.06025717576432395 8.354516427962363 0.0 0.0
-0.008281201 0.06683626 -3.914799 -6.586815 1.193004 0.7984005 0.4333414 19.86789 1.671791 0 0.0 0.0673473380378913 7.662361454187997 0.0 0.0
0.02838901 0.05096773 -3.453397 -7.626426 0.4503884 0.2916081 0.6172178 17.81039 1.494366 0 0.0 0.05834076953668849 8.371876992233283 0.0 0.0
-0.03804194 0.05304966 -3.616004 -2.722539 2.211789 1.421287 0.5247837 20.58643 0.4304142 0 0.0 0.06527982555950346 4.526334447932124 0.0 0.0
-0.06150332 0.01509849 -6.820035 -6.365355 1.387931 1.0916 0.3876528 19.83116 1.854528 0 0.0 0.06332947790170466 9.32902040287457 0.0 0.0
-0.03653179 -0.05882537 0.479315 -9.703832 1.738943 1.200713 0.1135517 20.04993 nan 0 0.0 0.06924590844404455 9.715662527766648 0.0 0.0
0.06124316 0.01411635 -9.741102 -9.3004 1.029085 0.6897542 0.2492925 19.64488 1.134779 0 0.0 0.06284899350115401 13.467980855881997 0.0 0.0
-0.01154635 -0.04980409 -0.3798713 -4.422353 0.8885067 0.5731109 0.3242466 19.69242 1.27812 0 0.0 0.05112499955061711 4.438638108831659 1.0 0.0
0.06479406 -0.02960777 -1.699621 -2.90092 1.015877 0.6178342 0.4884365 19.57784 nan 0 0.0 0.07123826398542078 3.3621493705724914 0.0 0.0
-0.0118855 0.06389672 -2.570912 -9.235387 1.545596 1.027589 0.290741 20.15178 1.088854 0 0.0 0.0649927375712733 9.586551076978257 0.0 0.0
-0.045633 0.05419702 -0.9475019 -3.83205 1.312635 0.8589519 0.4214235 20.10606 1.138737 0 0.0 0.07084975416951282 3.9474507030491983 0.0 0.0
-0.037935 0.0599295 1.397671 -6.475959 1.452334 0.9761336 0.4428439 20.13497 nan 0 0.0 0.07092678757176304 6.62506824069926 0.0 0.0
-0.01171 -0.05010165 2.19459 -3.249333 0.8505849 0.5565683 0.3155411 19.61859 1.351429 0 0.0 0.05145191379066963 3.9210190273689056 0.0 0.0
0.005070329 0.02388679 -5.388628 -3.498786 1.400742 0.855561 0.6386858 19.75922 nan 0 0.0 0.024418987953482862 6.424859157692096 0.0 0.0
0.03516053 0.05148465 -8.675996 -0.4368681 1.218657 0.844473 0.4620129 19.6958 nan 0 0.0 0.06234526490041886 8.686987989447989 0.0 0.0
0.009438217 0.02757151 2.272348 -7.437691 3.300035 2.543899 0.3260977 20.13073 nan 0 0.0 0.02914220485514418 7.777069682379412 0.0 0.0
-0.004128078 0.001191286 -1.151034 -9.017124 0.6587331 0.4579306 0.3338409 16.79627 nan 0 0.0 0.004296532358528212 9.090291772024262 0.0 0.0
-0.01076532 0.05748433 0.424464 -3.547559 1.067032 0.7416305 0.5734834 19.69562 1.477236 0 0.0 0.05848367558773389 3.572862234368546 0.0 0.0
-0.00322684 -0.02019006 0.1471933 -4.098694 0.9035631 0.6137949 0.5622899 19.2635 nan 0 0.0 0.02044629597724732 4.10133616925032 1.0 0.0
0.03222187 -0.009452364 -4.802697 -5.380867 0.805846 0.5886418 -0.06590654 19.20011 1.456516 0 0.0 0.03357969760860565 7.212463389542993 0.0 0.0
0.05059294 0.002475274 1.855052 -3.399081 1.16052 0.7810402 0.3933355 20.02644 nan 0 0.0 0.050653455550620397 3.8723338656764863 0.0 0.0
0.03403166 0.01981538 -1.795038 -6.961108 1.321277 0.9725752 -0.06797273 19.86055 1.140265 0 0.0 0.03938023827886266 7.1888236874406655 0.0 0.0
0.03447774 0.05087641 -3.251035 -7.457924 0.3919528 0.2737105 0.3055651 18.42507 1.265579 0 0.0 0.06145830822594858 8.1357150245692 0.0 0.0
0.02590685 -0.05863555 -3.450521 -8.242741 1.856621 1.093024 0.5935351 20.21919 0.9646702 0 0.0 0.06410376432570088 8.93581973657269 0.0 0.0
-0.01278779 0.07431265 -6.116396 -3.544631 0.9000558 0.6031987 0.4267041 19.49724 1.22455 0 0.0 0.07540489057817536 7.069279238718541 0.0 0.0
0.07339577 -0.01862472 -1.244857 -7.070053 1.32703 0.9421455 0.3537064 20.07142 nan 0 0.0 0.07572198656249914 7.178810373122973 0.0 0.0
0.05840672 -0.03496398 -4.849457 -8.921963 1.15376 0.772197 0.4320742 19.83189 1.048164 0 0.0 0.06807220312725892 10.154735691696658 0.0 0.0
0.03591688 0.02543957 0.2649069 -4.369463 0.3726823 0.2429928 0.5653811 17.84074 nan 0 0.0 0.04401356598503807 4.377485873653575 1.0 0.0
0.005095134 -0.03210915 8.130356 -2.125424 3.550676 1.951736 0.8460793 20.22824 nan 0 0.0 0.03251088900969114 8.403577563544708 0.0 0.0
-0.04561032 -0.002813619 2.131441 -3.586756 0.7736306 0.5200903 0.4219272 19.43539 1.171625 0 0.0 0.04569702115433304 4.1722726828452865 1.0 0.0
0.04942897 0.02473073 -5.621276 3.34018 0.7464117 0.5591619 0.1216979 18.91963 1.601833 0 0.0 0.055270535383636375 6.538772537760891 0.0 0.0
-0.04064191 0.07015958 -1.985672 -6.966318 0.6657084 0.4731304 0.4909456 19.08541 1.045645 0 0.0 0.08108101821156725 7.243789047777965 0.0 0.0
-0.0237928 -0.06033454 1.869101 -4.404959 1.253719 0.900494 0.2820182 20.01417 1.124998 0 0.0 0.06485641100810004 4.785102124289721 0.0 0.0
0.007715259 -0.01942734 7.799841 0.770295 1.356042 0.9488871 0.4717658 18.75594 1.378429 0 0.0 0.020903271536118 7.837785019525988 0.0 0.0
-0.03809444 -0.03535405 -4.291951 -6.585333 1.070923 0.7499891 0.3399125 19.87783 nan 0 0.0 0.05197206182475446 7.860499609267213 0.0 0.0
0.02255373 -0.04831609 1.137109 -5.284784 1.135133 0.7634545 0.1395383 19.83246 1.322226 0 0.0 0.05332087105253439 5.405733882141906 0.0 0.0
0.02454186 0.06352659 -6.043131 -3.701828 1.209367 0.8151197 0.4170323 19.43758 1.140667 0 0.0 0.06810235333149435 7.086816127482425 0.0 0.0
-0.04605924 0.02771141 -2.564262 -3.577175 0.8321055 0.5360533 0.5313998 19.37149 1.380505 0 0.0 0.05375291465181865 4.401320322956397 0.0 0.0
-0.01491128 0.02318784 1.306564 -4.303911 0.5109065 0.3406316 0.5423138 18.65775 1.202999 0 0.0 0.027568500051761976 4.497861645495224 1.0 0.0
-0.01507208 0.0005151671 -2.396698 -4.072203 0.7708233 0.6024988 0.1558483 19.09484 nan 0 0.0 0.015080881693963467 4.725145349765762 1.0 0.0
-0.01288957 0.007990333 2.447327 -3.428794 0.2236674 0.1471768 0.4613777 17.12815 1.454535 0 0.0 0.015165303697446649 4.212604626518492 1.0 0.0
-0.04823419 -0.05817167 0.37558 -6.925865 0.9936381 0.6942542 0.2864824 19.85055 1.238386 0 0.0 0.07556771979850259 6.936041113965877 0.0 0.0
0.03572925 -0.05092297 -6.942142 -7.775873 1.762014 1.030491 0.639333 19.99568 0.9409809 0 0.0 0.06220713929432376 10.423892577165836 0.0 0.0
-0.05072366 -0.04198127 0.5805178 -0.5971722 2.375231 2.151965 0.4457222 20.30455 1.554598 0 0.0 0.0658431219992529 0.8328358497145041 0.0 0.0
-0.06184936 0.04939434 -5.143428 -3.823808 1.662661 1.112051 0.479116 20.23434 0.5350208 0 0.0 0.0791526636092886 6.409084116474678 0.0 0.0
-0.01878428 0.003638855 1.283064 -2.577551 1.407056 0.9224207 0.7628372 19.46945 nan 0 0.0 0.0191334900326476 2.879239897211936 0.0 0.0
0.04173573 0.03760648 -8.105326 -7.414179 1.10752 0.7626685 0.1595363 19.7279 nan 0 0.0 0.056179342258727984 10.984824068246018 0.0 0.0
-0.02275396 0.06541142 -2.431472 -4.314125 2.923965 1.779853 0.6970519 20.25533 nan 0 0.0 0.06925602184718668 4.95214404095933 0.0 0.0
-0.05162362 -0.04273698 -2.162442 -7.8776 1.447032 1.049977 0.08596013 20.15434 1.539948 0 0.0 0.06701826319313862 8.169010782424271 0.0 0.0
-0.05298806 -0.04193652 -4.700394 -7.866735 2.736566 2.074793 0.03914034 20.63472 nan 0 0.0 0.06757518932473663 9.164017858748476 0.0 0.0
-0.004263671 -0.02209935 -0.06435556 -4.375946 0.5274976 0.3650326 0.5112935 18.73403 1.362148 0 0.0 0.02250689140727215 4.376419202158188 1.0 0.0
0.01645471 0.03336143 0.2323602 -3.154502 0.1014257 0.0677756 0.1852 15.93654 1.69552 1 0.0 0.03719868939665751 3.1630482339901236 0.0 0.0
-0.0006077863 0.07209703 -5.200209 -5.842047 1.105577 0.7291364 0.4778365 19.90463 0.8855553 0 0.0 0.07209959180888176 7.821233073748027 0.0 0.0
-0.03784175 -0.05692035 -0.9508584 -7.94921 2.142583 1.500543 0.3047785 20.48077 1.274597 0 0.0 0.06835147611562607 8.00587729864445 0.0 0.0
0.04707115 -0.0001706247 -4.524324 -5.630159 1.578264 0.9909044 0.4560034 20.04911 nan 0 0.0 0.04707145924135718 7.222755569881691 0.0 0.0
0.03631421 0.07335966 -0.9475758 -3.956681 0.524407 0.3477659 0.3810624 18.89738 1.47835 0 0.0 0.08185573628793341 4.068565402264862 0.0 0.0
-0.05521072 0.04130104 -6.050109 -6.893748 1.534058 1.026968 0.4701895 20.09137 1.108585 0 0.0 0.06894925313591148 9.172108830546279 0.0 0.0
0.05117601 0.02471852 3.824345 -4.394955 0.7314439 0.4873446 0.3048912 19.38215 1.225765 0 0.0 0.05683299420680297 5.825911442087839 0.0 0.0
0.0008120721 0.04338572 -4.046412 -2.024139 0.4146478 0.2796061 0.4766773 18.42643 1.503014 0 0.0 0.043393319313161545 4.524443475728811 1.0 0.0
