jas1101finalproject/data/gcs/NGC_6715_M_54.ecsv
# %ECSV 0.9
# ---
# datatype:
# - {name: x, unit: deg, datatype: float64}
# - {name: y, unit: deg, datatype: float64}
# - {name: pmx, unit: mas / yr, datatype: float64}
# - {name: pmy, unit: mas / yr, datatype: float64}
# - {name: pmx_e, unit: mas / yr, datatype: float64}
# - {name: pmy_e, unit: mas / yr, datatype: float64}
# - {name: pm_corr, datatype: float64}
# - {name: g_mag, unit: mag, datatype: float64}
# - {name: bp_rp, unit: mag, datatype: float64}
# - {name: filter, datatype: int64}
# - {name: memberprob, datatype: float64}
# - {name: r, unit: deg, datatype: float64}
# - {name: pm, unit: mas / yr, datatype: float64}
# - {name: member_prob_GMM, datatype: float64}
# meta: !!omap
# - comments: [deg deg mas/yr mas/yr mas/yr mas/yr dimless mag   mag   zeroone float]
# - __serialized_columns__:
#     bp_rp:
#       __class__: astropy.units.quantity.Quantity
#       unit: &id001 !astropy.units.Unit {unit: mag}
#       value: !astropy.table.SerializedColumn {name: bp_rp}
#     g_mag:
#       __class__: astropy.units.quantity.Quantity
#       unit: *id001
#       value: !astropy.table.SerializedColumn {name: g_mag}
#     pm:
#       __class__: astropy.units.quantity.Quantity
#       unit: !astropy.units.Unit {unit: mas / yr}
#       value: !astropy.table.SerializedColumn {name: pm}
#     pmx:
#       __class__: astropy.units.quantity.Quantity
#       unit: !astropy.units.Unit {unit: mas / yr}
#       value: !astropy.table.SerializedColumn {name: pmx}
#     pmx_e:
#       __class__: astropy.units.quantity.Quantity
#       unit: !astropy.units.Unit {unit: mas / yr}
#       value: !astropy.table.SerializedColumn {name: pmx_e}
#     pmy:
#       __class__: astropy.units.quantity.Quantity
#       unit: !astropy.units.Unit {unit: mas / yr}
#       value: !astropy.table.SerializedColumn {name: pmy}
#     pmy_e:
#       __class__: astropy.units.quantity.Quantity
#       unit: !astropy.units.Unit {unit: mas / yr}
#       value: !astropy.table.SerializedColumn {name: pmy_e}
#     r:
#       __class__: astropy.units.quantity.Quantity
#       unit: &id002 !astropy.units.Unit {unit: deg}
#       value: !astropy.table.SerializedColumn {name: r}
#     x:
#       __class__: astropy.units.quantity.Quantity
#       unit: *id002
#       value: !astropy.table.SerializedColumn {name: x}
#     y:
#       __class__: astropy.units.quantity.Quantity
#       unit: *id002
#       value: !astropy.table.SerializedColumn {name: y}
# schema: astropy-2.0
x y pmx pmy pmx_e pmy_e pm_corr g_mag bp_rp filter memberprob r pm member_prob_GMM
[from data line 1724]
0.09077001 -0.02117966 -0.07387688 -7.403834 0.8398122 0.7787334 0.3057423 19.48228 0.9331436 0 0.0 0.09320822234714972 7.404202569686659 0.0
-0.006417115 0.003204043 -7.911929 -6.220746 1.149109 1.107994 0.2461235 15.81279 0.9644909 0 0.0 0.007172534870537334 10.06460636575306 0.0
-0.02674089 -0.02295871 -2.746682 -2.446799 0.7593742 0.5894708 0.1070339 19.16259 1.11587 0 0.0 0.03524453947572872 3.67846263478712 0.0
0.03816505 -0.06040185 -2.373849 -1.218318 0.286702 0.2700358 0.3112847 17.94474 1.373917 1 0.9912035 0.07144896447762557 2.6682312163538224 0.0
0.01478538 0.02684853 -2.912827 -1.257423 0.2671947 0.2471753 0.3241502 17.76138 1.204842 0 0.0 0.030650465329343696 3.1726445960520064 1.0
-0.05347151 0.05341006 -5.273338 -11.85187 1.695534 1.655748 0.005577597 20.32211 nan 0 0.0 0.07557669542182761 12.972082182870412 0.0
0.06395831 -0.007532242 -4.445045 -12.15349 1.079362 1.047764 0.3943389 19.79891 1.639555 0 0.0 0.06440031123839902 12.940855622103394 0.0
-0.06587945 0.03461126 -1.94648 -1.494165 0.9381074 0.9306669 0.2614418 19.62498 0.9531326 0 0.0 0.07441801697902263 2.4538364732852513 0.0
-0.05597005 0.05099967 -3.448996 -2.397974 0.4870757 0.4376624 0.2016279 18.84139 0.4564266 1 0.8069982 0.07572062359167019 4.200696693727363 0.0
0.06679694 -0.04814351 -2.223936 -4.147259 0.6728959 0.6155454 0.294262 19.23259 1.000608 0 0.0 0.08233850100945304 4.705916334272954 0.0
-0.00460121 -0.02027913 -2.093019 -0.8608627 1.64063 1.443684 -0.04068311 19.6889 0.8400879 0 0.0 0.020794572537587784 2.2631423116128357 0.0
-0.0007090965 -0.08172614 -5.031265 -5.967628 0.3767405 0.3687554 0.4330015 18.38559 1.014322 1 0.0 0.08172921617846284 7.805524418423723 0.0
0.01349388 0.009337352 -2.950698 -1.704015 0.2009468 0.1847663 0.2088117 16.95432 1.232783 0 0.0 0.016409477134458124 3.4073869471237046 1.0
-0.04202803 -0.06027375 -0.5906407 -0.5316737 1.061402 0.8435517 0.1301782 19.6096 1.035101 0 0.0 0.0734797948060785 0.794690732151936 0.0
0.05619615 -0.06011687 -3.423281 -5.486508 0.6181289 0.6952895 0.5815233 18.76958 0.9588509 0 0.0 0.08229243788720444 6.466886641887655 0.0
-0.03213636 -0.007411631 0.4907641 -1.457398 1.106861 0.9333452 0.368268 19.74705 0.5140953 0 0.0 0.03297996222147262 1.5378095890755819 0.0
-0.02318075 -0.06656549 -8.692121 -6.006496 0.1831887 0.1775174 0.3909797 17.1911 0.9858913 1 0.0 0.07048625135090247 10.565555436258759 0.0
-0.001577842 0.01435842 -3.209852 -2.530051 0.2856961 0.2586674 0.2209833 17.40767 1.094572 0 0.0 0.014444854110490835 4.087090398376944 0.0
0.003813125 -0.0222017 -2.876554 0.827878 1.714844 1.471186 0.1225382 20.01602 nan 0 0.0 0.02252677085504323 2.9933167052284997 1.0
-0.01764154 -0.0313318 -1.240749 -1.322746 1.236542 0.8846715 -0.1483949 19.53281 0.9848213 0 0.0 0.03595699688254846 1.8135917571264488 0.0
0.01410041 0.02012332 -2.682007 -1.484037 0.1973576 0.1666152 -0.1227357 16.85262 1.21353 1 0.9980091 0.024571722975617726 3.065212450290844 1.0
0.05858969 -0.05735644 0.1154685 -7.146436 1.300956 1.441881 0.6178822 19.90068 0.945673 1 0.0 0.08199093232650609 7.147368779948901 0.0
-0.01624645 -0.04095031 -2.792023 -1.300443 0.1255306 0.1190342 0.4282239 16.20494 1.422798 1 0.9987831 0.04405536320016667 3.080023446140954 0.0
-0.08083976 0.02255127 -3.349113 -5.82271 1.155282 1.151501 0.3306202 19.98816 1.188156 0 0.0 0.08392631634636719 6.717180184487312 0.0
0.03674496 0.007221826 -4.347019 -2.91876 0.259827 0.2465303 0.2972626 17.61207 1.18008 0 0.0 0.037447921920660376 5.236003640560328 0.0
-0.08068362 -0.03883854 -3.658353 -6.739046 0.4890541 0.4066219 0.5105369 18.5506 1.38488 1 0.0 0.08954484198230515 7.668004151193777 0.0
-0.0006566796 -0.06103524 2.532559 -6.519925 0.3800169 0.358227 0.3211122 18.29554 1.086016 1 0.0 0.06103877251349879 6.994517645563988 0.0
-0.01208143 0.08006581 -3.45863 -3.118085 0.142234 0.1298475 0.2631949 16.41478 1.239622 1 0.0 0.0809721858529273 4.656670005929667 0.0
-0.0370584 0.07290696 -2.716444 -1.339661 0.9179861 0.8550442 0.2649478 19.80785 0.4322338 0 0.0 0.08178477747723961 3.0288214869907732 0.0
0.043573 -0.07507544 -0.1606592 -8.930569 2.394364 2.59258 0.8021143 20.18107 0.6098042 0 0.0 0.08680396315948713 8.932013996983304 0.0
-0.02770657 -0.04823897 1.075186 2.631226 1.307103 1.216605 0.4592896 19.50892 0.1951218 0 0.0 0.055629598666769114 2.8424241762397107 0.0
-0.04980087 -0.07449097 -8.103196 -2.957507 1.635667 1.381907 0.2320047 20.2429 1.141331 0 0.0 0.08960486183404225 8.626043882885421 0.0
-0.0368949 0.0581556 -3.212985 -4.367105 0.3305354 0.301687 0.3307603 18.03243 1.00296 0 0.0 0.06887167383888677 5.421704408324931 0.0
0.08337431 -0.02918963 -4.917934 -2.854313 1.321034 1.235452 0.4639848 19.94284 nan 0 0.0 0.08833634624271597 5.686227003059673 0.0
0.01609388 -0.01486158 -2.717456 -1.581635 0.1981373 0.1940482 0.3263189 16.84976 1.262975 0 0.0 0.021906152869703068 3.1442226996765035 1.0
-0.02159393 0.007354157 -4.067526 -2.719329 0.6136156 0.5278205 0.4734192 18.58543 0.8483715 0 0.0 0.022811870550780114 4.892802670343144 0.0
-0.03409278 -0.05292544 -3.790769 2.344638 1.572477 1.323969 0.5526469 19.96864 0.6740589 0 0.0 0.06295569749690651 4.45727012446015 0.0
-0.03539116 -0.02448544 -11.97286 -1.938193 2.109812 1.732195 0.249387 20.1595 nan 0 0.0 0.04303569423326641 12.128724940604805 0.0
-0.0564479 0.05824541 -3.012217 -7.775161 0.4328564 0.3990264 0.2364463 18.69318 0.9447708 0 0.0 0.08111037665106789 8.338260000204478 0.0
-0.02612804 -0.05302407 -2.090146 -2.084338 2.745182 2.551903 0.5235636 20.58472 nan 0 0.0 0.05911198248753378 2.9518088013216572 0.0
-0.02357873 -0.05117329 -1.676479 -1.504715 0.3790312 0.3614926 0.5830792 18.1191 1.020554 1 0.4590076 0.05634414004878414 2.25272037072203 0.0
-0.0273121 -0.04879199 -1.350583 -4.904403 0.8560541 0.831728 0.4825966 19.50851 0.2609386 0 0.0 0.05591608976466523 5.086967979680824 0.0
-0.0132807 -0.004677816 -2.459361 -2.128826 0.4100615 0.3604977 0.1451196 17.91385 nan 0 0.0 0.014080445838816895 3.2527460193807016 1.0
0.01638366 -0.01173166 -2.75919 -1.24906 0.1840111 0.1945786 0.4199417 16.86721 1.404288 0 0.0 0.020150835251949235 3.028742369317668 1.0
-0.07143034 0.03393977 -2.207847 -2.169803 0.6073512 0.554687 0.3119337 19.08207 nan 0 0.0 0.07908350940726201 3.0955828908653054 0.0
0.00901921 -0.02465299 -2.99368 -1.522219 0.5791769 0.5527595 0.3632274 18.94701 1.024843 0 0.0 0.02625102026520493 3.3584625390736456 1.0
0.0009204334 -0.05336389 4.037518 -2.499187 0.4279227 0.4032667 0.169674 18.18828 1.445946 0 0.0 0.05337182733967365 4.748419448752712 0.0
-0.0223251 -0.01575926 -5.541385 -3.633877 0.3720083 0.3167392 0.3102724 18.35063 1.025141 0 0.0 0.02732698969439554 6.626613748314745 0.0
-0.04037481 -0.05381477 -2.536963 -1.184625 0.2020934 0.1759938 0.253382 17.3392 1.260456 1 0.9959799 0.06727670289698359 2.7999138654597933 0.0
-0.02662887 -0.04792396 -3.923623 -1.576897 0.7331108 0.7157563 0.4835872 19.29677 nan 0 0.0 0.05482520095319761 4.228642996841658 0.0
0.0160147 -0.01661823 -1.077437 -4.029191 0.6466813 0.6244016 0.5712793 18.47692 0.831543 0 0.0 0.02307891211523845 4.170761393732564 0.0
0.0006573077 -0.09248167 -4.750826 -15.77826 2.390034 2.10198 0.5058464 20.54556 0.739645 0 0.0 0.09248400585723664 16.47798034681059 0.0
-0.05670883 -0.0809454 -2.276962 0.1156793 0.8598029 0.811688 0.4360328 19.48925 1.334085 0 0.0 0.09883344161329656 2.279898605177978 0.0
0.02380292 0.002199986 -2.214119 -0.9102279 0.1947585 0.17903 0.275904 17.14309 0.7609196 0 0.0 0.023904370707604834 2.393916827314477 1.0
0.07384852 -0.03954837 -7.03 -4.194937 0.4177664 0.3903833 0.2957217 18.40728 1.057587 1 0.0 0.08377157916529507 8.186476435803685 0.0
-0.06190905 -0.04433893 -1.04085 0.4143497 1.88352 1.624266 0.6971587 20.03942 1.089849 0 0.0 0.0761490064639546 1.1202921031543918 0.0
-0.04944337 -0.05400969 -0.7001603 -2.180867 0.1943581 0.1686193 0.2901659 17.38695 1.184233 1 0.0 0.07322358534552238 2.2905032891015655 0.0
-0.03940124 -0.0562634 -2.124716 -5.453914 0.4677312 0.4151826 0.3100233 18.62259 0.743063 0 0.0 0.06868790208688572 5.853169739555825 0.0
-0.04822172 -0.07916508 -2.549799 0.2565687 2.31228 2.076704 0.509199 20.45399 1.043795 0 0.0 0.09269543770415457 2.5626748600282268 0.0
-0.05965184 0.04739069 -0.6709599 -1.825797 0.6427553 0.5888133 0.2559641 19.15495 nan 0 0.0 0.07618542848906017 1.945179136382305 0.0
0.06104061 -0.005249179 -2.320287 -1.024044 0.858906 0.7875492 0.1792011 19.48122 1.158991 0 0.0 0.06126589548310007 2.536217237601109 0.0
0.03955894 -0.05836536 -1.057938 -3.174981 0.3244454 0.3054077 0.2230593 17.96448 0.9766178 1 0.0 0.07050833271219226 3.346600836999387 0.0
0.01528881 0.04967178 -3.489588 -5.865263 0.8311897 0.7444194 0.278126 19.3673 0.9109745 0 0.0 0.05197146755273031 6.8248468458210105 0.0
-0.05124901 -0.06933807 -0.7633561 -2.02682 1.078373 0.9120432 0.2813793 19.72779 1.220257 0 0.0 0.08622197502554091 2.1658051269232903 0.0
-0.09103624 0.01134422 -2.960234 -0.2554336 0.5671816 0.5193817 0.26297 19.10295 1.135111 0 0.0 0.09174033093872073 2.9712340296188318 0.0
-0.03341851 -0.02626239 0.1817483 0.7687421 2.619242 1.874524 0.05390428 20.21029 nan 0 0.0 0.04250305799742179 0.7899347193694551 0.0
0.01899055 0.005948984 -1.546191 -1.481696 0.8099684 0.6818672 -0.0573901 19.08534 nan 0 0.0 0.019900537679539112 2.14152507454314 0.0
0.08326966 -0.02859063 -2.662405 -0.7336889 0.6957481 0.6388142 0.3267306 19.33694 0.8321114 0 0.0 0.08804124260999784 2.761648019934512 0.0
-0.01348578 -0.04298885 -2.859736 -1.069153 0.3587867 0.3399091 0.3171215 18.29225 0.8482323 1 0.9919041 0.04505449463184445 3.0530604525795098 0.0
-0.0253523 -0.003717001 3.641091 4.282218 1.946295 1.710191 0.08865223 20.06976 0.6231823 0 0.0 0.025623333345292938 5.620937170063814 0.0
0.008734009 0.02027845 -2.07037 0.6392009 0.8270898 0.778711 0.5308727 19.31017 -0.08802414 0 0.0 0.02207936701118447 2.1667971126667145 0.0
0.02845482 -0.009418923 -3.67518 -1.923844 0.4569484 0.4659394 0.4703961 18.44893 0.8861351 0 0.0 0.029973202893790463 4.148267562336836 0.0
0.01877073 -0.04278182 -2.628869 -1.279 0.1490707 0.1443206 0.3239343 16.78597 1.356779 1 0.9984657 0.046718566194236956 2.9234899040634637 0.0
-0.06618971 0.02656013 -2.094054 -4.120217 2.180628 1.94207 0.6516571 20.18277 0.9699802 0 0.0 0.07131983045059066 4.621823263821866 0.0
0.01585876 -0.00534196 -2.562806 -1.043024 0.1423649 0.1498486 0.4086563 15.99986 1.31874 0 0.0 0.0167343002655982 2.7669249462556804 1.0
-0.0537379 0.05928454 -2.951551 -1.064873 0.3167687 0.2857169 0.1563805 17.83208 1.360697 0 0.0 0.08001511469354775 3.137771153498929 0.0
0.001630651 -0.02393352 -0.8460559 -1.861704 1.306067 1.311554 0.3803636 19.6815 0.7173481 0 0.0 0.02398900586256548 2.044933341099609 0.0
0.01680389 -0.01483499 -2.196564 -0.6691949 0.2583576 0.2733112 0.5992909 17.39525 1.019516 0 0.0 0.022415344017708047 2.296239364761873 0.0
0.07561109 -0.0380639 -6.220976 -1.466704 2.0548 1.878557 0.2723354 20.34704 nan 0 0.0 0.08465162381312068 6.391538391982951 0.0
0.0435488 -0.01176482 -6.151112 -3.573535 2.162997 2.053701 0.4721697 20.32617 nan 0 0.0 0.045109965318900436 7.113812707175317 0.0
-0.05751702 0.0415574 -3.476882 -1.964277 0.3324873 0.2990465 0.3954786 18.00609 1.316296 1 0.9200604 0.07095931992656355 3.993381095594684 0.0
-0.01614328 -0.02900267 -4.864916 -1.469596 0.9988149 0.7220923 -0.1335653 19.27115 0.9865913 0 0.0 0.03319277566410046 5.08203896977109 0.0
0.08487498 -0.02691355 -2.507938 -1.44986 0.2801738 0.2608474 0.2898202 17.93174 0.8323193 1 0.9911714 0.08903988658799437 2.896868487081179 0.0
-0.02082231 -0.0339741 -5.287553 3.73608 2.864285 2.459048 0.350381 20.4265 0.8524513 0 0.0 0.03984730937649492 6.4742961389025915 0.0
0.04745265 0.0125387 -3.486469 -1.179388 0.9822988 0.9472871 0.4224154 19.68976 1.07803 0 0.0 0.049081289609305294 3.6805464461822788 0.0
-0.01933132 0.00436391 -5.06045 -4.414086 1.11986 1.148303 0.53642 19.33668 nan 0 0.0 0.01981776080768208 6.71508074544871 0.0
-0.0581145 -0.05938366 -1.594104 -0.2053323 0.2359247 0.202299 0.3462585 17.51921 1.056068 1 4.542344e-05 0.08308859238936234 1.6072737527376255 0.0
0.08504503 -0.04291636 3.635426 -3.847758 0.1935056 0.1781648 0.2139288 16.62234 1.266736 0 0.0 0.09526001828338318 5.293539820199712 0.0
-0.0344088 -0.05126235 -2.808946 -1.732441 1.683593 1.377189 0.5522277 20.00813 0.3391724 0 0.0 0.061739728254686224 3.3002317266211776 0.0
-0.06115749 -0.06891655 -3.045513 -2.526203 0.1412136 0.1218619 0.3241444 16.58711 0.6233158 1 0.0 0.0921397278431112 3.9568738961935597 0.0
0.01336458 0.02549452 -5.832731 -7.711454 0.9854025 0.8754703 0.2877642 19.26436 1.083559 0 0.0 0.028785109841840104 9.668881719851422 0.0
0.04182232 0.009525762 -3.485887 -5.347621 0.4473118 0.428619 0.3593829 18.60996 1.135933 0 0.0 0.042893432968964425 6.383451929513529 0.0
0.02233915 0.04186555 -3.759408 -2.21295 0.3521531 0.3249706 0.320599 18.00019 1.208345 0 0.0 0.047452733319852086 4.362372773269612 0.0
0.05622314 -0.01344597 -4.178324 -5.154494 0.5748898 0.5498291 0.3555441 18.88804 1.019268 1 0.0 0.05780861164827002 6.635299529411765 0.0
-0.03362229 -0.04525011 -2.937924 -1.533866 0.1681466 0.1519075 0.3141525 17.10163 1.145134 1 0.9964457 0.05637402628743312 3.314233295308585 0.0
0.02515413 0.04037523 -3.52738 -7.144909 0.3781007 0.3383197 0.2296073 18.36749 1.059475 0 0.0 0.04756983764540089 7.968195170970714 0.0
0.006523288 0.005080867 -1.219885 -1.138664 0.6620435 0.4870731 -0.405235 17.43349 0.700819 0 0.0 0.008268524402977415 1.668734585882668 0.0
-0.001973706 0.0784987 -1.989623 -1.523266 0.7714384 0.6991151 0.3929617 19.18415 0.4031429 0 0.0 0.0785235086904835 2.5057811135222883 0.0
0.0003159769 -0.01540193 -6.569964 1.608763 1.680665 1.232238 -0.6700768 19.01723 nan 0 0.0 0.015405170856768633 6.764062784411821 0.0
0.02114388 -0.009914879 -4.198183 -3.985822 0.8623504 1.116027 0.8656613 18.69825 0.9176044 0 0.0 0.02335312585156516 5.788913327833904 0.0
-0.003391865 -0.01377884 0.8402405 -5.768089 0.1383452 0.1318607 0.2973038 16.44446 1.083328 0 0.0 0.014190178995482229 5.828966873277052 0.0
-0.02949731 -0.03771856 -1.519728 -2.874374 0.5510595 0.4045602 -0.1905075 18.40125 1.066879 0 0.0 0.047882993491527866 3.251399558014979 0.0
-0.01753746 -0.025316 -3.886487 -1.674932 1.729931 1.272075 -0.003353192 19.56022 0.7532902 0 0.0 0.030797116086601357 4.232041871932862 0.0
0.02117003 -0.01057483 -2.504566 -1.923729 0.9695017 1.248746 0.8774137 18.62387 0.9474411 0 0.0 0.02366425996581765 3.1580981798856413 1.0
0.02042461 -0.05381998 -1.252139 -0.9444765 0.8531989 0.8345132 0.5546127 19.2668 nan 0 0.0 0.05756522336317736 1.5684029885119608 0.0
0.008760356 0.02074384 -1.067203 -1.749392 0.7900638 0.6929363 0.3651027 18.85659 0.760046 0 0.0 0.022517787084710077 2.0492180491282523 0.0
0.04308711 0.01457778 -3.563528 -0.09113867 1.081177 1.059393 0.4806092 19.79528 0.9373093 0 0.0 0.04548637947650373 3.564693263655846 0.0
-0.04613186 -0.05291515 2.820258 -5.056076 0.6344039 0.5091333 0.126468 18.91446 0.9491577 0 0.0 0.07020086613840387 5.789452452895697 0.0
-0.08988091 -0.04339373 -2.387358 -0.773654 0.169018 0.1507136 0.3093728 16.72861 1.540171 1 0.5859856 0.09980778419412485 2.509585370510435 0.0
-0.01315807 0.06100746 -3.871202 -2.322491 0.290842 0.2597173 0.3196231 17.88346 0.9279804 1 0.03721155 0.0624102954790033 4.51444009483845 0.0
-0.02506023 0.08787011 -2.173705 -7.665529 0.5746093 0.5284828 0.2025548 19.05798 1.142429 1 0.0 0.09137380017852492 7.967768086287778 0.0
-0.05359319 -0.06009251 5.352985 0.3735373 0.9717895 0.8273469 0.3220892 19.68756 1.896187 1 0.0 0.08051918884636258 5.366002098836367 0.0
-0.004393318 0.03445797 -2.420867 -1.129128 0.1461541 0.1270124 0.1222762 16.7199 1.262098 1 0.9914001 0.03473691033425431 2.671240736450573 1.0
-0.04082442 -0.04729182 -3.814085 -2.678002 1.83535 1.601302 0.4769407 20.15173 1.015541 0 0.0 0.0624751911341518 4.660358258678081 0.0
