jas1101finalproject/data/gcs/NGC_6496.ecsv
# %ECSV 0.9
# ---
# datatype:
# - {name: x, unit: deg, datatype: float64}
# - {name: y, unit: deg, datatype: float64}
# - {name: pmx, unit: mas / yr, datatype: float64}
# - {name: pmy, unit: mas / yr, datatype: float64}
# - {name: pmx_e, unit: mas / yr, datatype: float64}
# - {name: pmy_e, unit: mas / yr, datatype: float64}
# - {name: pm_corr, datatype: float64}
# - {name: g_mag, unit: mag, datatype: float64}
# - {name: bp_rp, unit: mag, datatype: float64}
# - {name: filter, datatype: int64}
# - {name: memberprob, datatype: float64}
# - {name: r, unit: deg, datatype: float64}
# - {name: pm, unit: mas / yr, datatype: float64}
# - {name: member_prob_GMM, datatype: float64}
# meta: !!omap
# - comments: [deg deg mas/yr mas/yr mas/yr mas/yr dimless mag   mag   zeroone float]
# - __serialized_columns__:
#     bp_rp:
#       __class__: astropy.units.quantity.Quantity
#       unit: &id001 !astropy.units.Unit {unit: mag}
#       value: !astropy.table.SerializedColumn {name: bp_rp}
#     g_mag:
#       __class__: astropy.units.quantity.Quantity
#       unit: *id001
#       value: !astropy.table.SerializedColumn {name: g_mag}
#     pm:
#       __class__: astropy.units.quantity.Quantity
#       unit: !astropy.units.Unit {unit: mas / yr}
#       value: !astropy.table.SerializedColumn {name: pm}
#     pmx:
#       __class__: astropy.units.quantity.Quantity
#       unit: !astropy.units.Unit {unit: mas / yr}
#       value: !astropy.table.SerializedColumn {name: pmx}
#     pmx_e:
#       __class__: astropy.units.quantity.Quantity
#       unit: !astropy.units.Unit {unit: mas / yr}
#       value: !astropy.table.SerializedColumn {name: pmx_e}
#     pmy:
#       __class__: astropy.units.quantity.Quantity
#       unit: !astropy.units.Unit {unit: mas / yr}
#       value: !astropy.table.SerializedColumn {name: pmy}
#     pmy_e:
#       __class__: astropy.units.quantity.Quantity
#       unit: !astropy.units.Unit {unit: mas / yr}
#       value: !astropy.table.SerializedColumn {name: pmy_e}
#     r:
#       __class__: astropy.units.quantity.Quantity
#       unit: &id002 !astropy.units.Unit {unit: deg}
#       value: !astropy.table.SerializedColumn {name: r}
#     x:
#       __class__: astropy.units.quantity.Quantity
#       unit: *id002
#       value: !astropy.table.SerializedColumn {name: x}
#     y:
#       __class__: astropy.units.quantity.Quantity
#       unit: *id002
#       value: !astropy.table.SerializedColumn {name: y}
# schema: astropy-2.0
x y pmx pmy pmx_e pmy_e pm_corr g_mag bp_rp filter memberprob r pm member_prob_GMM
[from data line 4178]
-0.01269827 -0.04806213 0.9752122 -9.054536 2.519563 1.995059 0.2436101 20.74207 1.538137 0 0.0 0.049711310595575736 9.106901833792042 0.0
-0.01455977 -0.02624631 -0.3395212 -4.909345 0.2911718 0.2759889 -0.15108 17.83035 1.135195 0 0.0 0.030014258129579013 4.921071323835333 0.0
-0.04194449 -0.06833558 3.68526 -3.037444 1.346584 1.094143 0.1624409 20.23537 0.7217121 0 0.0 0.08018161719057867 4.775689198506955 0.0
0.007170691 -0.06534939 4.464367 -8.814081 1.046119 0.9541411 0.3676604 19.80621 1.233568 0 0.0 0.06574162747293058 9.880212375513494 0.0
-0.01754871 -0.03880892 -5.267453 -8.842816 0.3174777 0.2884852 0.1726815 18.27409 1.418718 0 0.0 0.04259212948691929 10.292786596304472 1.0
0.03510855 -0.07275233 -0.5036373 -7.079725 0.4600254 0.3976887 0.1826767 18.7707 1.50712 0 0.0 0.08078064002922607 7.097616262209185 0.0
0.001342271 -0.05802476 -3.914179 -2.267229 0.9750095 0.8931157 0.2527365 19.84857 1.069315 0 0.0 0.05804028311866717 4.523397460148953 0.0
-0.02518304 -0.01023962 -4.195912 -6.163743 2.162386 1.778637 -0.3434399 20.366 nan 0 0.0 0.02718520408946749 7.456366761485985 0.0
0.02032978 -0.07790282 0.1812075 -5.742744 0.6638712 0.5801066 0.2285102 19.32846 1.120358 0 0.0 0.08051179614690508 5.745602214528278 0.0
-0.03292614 0.004126522 -1.751234 -6.792066 1.062601 0.939365 0.1063724 19.9391 0.9570293 0 0.0 0.033183714064523945 7.014198533767917 0.0
0.01821174 -0.08109502 2.648772 -4.748841 0.8451756 0.770919 0.1340005 19.48261 2.081364 0 0.0 0.08311479857779841 5.437599098063869 0.0
-0.01052162 -0.009102199 -4.160613 -9.396398 1.442817 1.187057 -0.04071506 19.97986 nan 0 0.0 0.013912387072677392 10.27633183145489 1.0
-0.05597041 -0.01011591 3.647962 -0.5607846 1.563152 1.389541 0.203818 20.27424 0.911171 0 0.0 0.05687722242423763 3.69081374781242 0.0
-0.06533441 -0.03860612 4.311822 -3.497848 0.8198773 0.7063879 -0.03365587 19.21757 nan 0 0.0 0.07588819164733404 5.552184218016185 0.0
-0.002892772 -0.06795446 -5.440063 -5.622045 2.24973 1.776345 -0.08429746 20.47752 1.399879 0 0.0 0.06801600373247155 7.823149968266875 0.0
-0.0197615 -0.01809582 -4.501764 -10.15457 1.38643 1.231362 -0.01261445 19.87689 1.180712 0 0.0 0.026795066406381605 11.107707729166986 0.0
-0.01675044 -0.00442301 -1.89746 -8.595943 2.110001 1.946348 -0.3665626 20.24179 nan 0 0.0 0.017324556492265535 8.802873991535321 1.0
-0.01926394 -0.06959787 7.583172 -0.9761885 1.722267 1.475883 0.07194012 20.32999 2.240099 0 0.0 0.0722146999776396 7.645746632547815 0.0
0.00503234 -0.05391271 1.055795 -0.1073407 0.8620117 0.703193 0.3764983 19.30364 nan 0 0.0 0.05414706589852954 1.0612375360405841 0.0
0.007721735 -0.02507772 -2.105035 -8.484996 0.7728642 0.6996107 0.26441 19.39683 0.9400997 0 0.0 0.02623961188372696 8.742215364039085 1.0
0.001320691 -0.04679429 -3.910014 -5.960084 0.9221341 0.828377 0.1768354 19.9169 1.328205 0 0.0 0.046812923443442206 7.12817022574882 0.0
0.00752503 -0.02586352 -3.087995 -9.105769 1.146513 0.9926142 0.2183956 19.90511 0.9509277 0 0.0 0.026935993452837415 9.61513089881703 1.0
-0.03897723 -0.0332574 -1.721316 -1.345025 0.5616838 0.505966 0.1004793 19.13181 1.171537 0 0.0 0.05123747762363893 2.1844955990985655 0.0
-0.05262035 -0.01785666 -0.9854104 -9.102174 1.429491 1.236331 0.1691731 20.2782 0.8351593 0 0.0 0.0555676303298791 9.15535936939147 0.0
-0.01178977 -0.005108452 14.77303 9.400817 1.699354 1.748918 -0.141354 19.83313 nan 0 0.0 0.012848928301193215 17.510504722833918 0.0
-0.02822534 -0.0450997 -2.648145 -2.191656 0.2929074 0.2621699 -0.01257102 17.90604 1.132734 1 0.0 0.05320387916501578 3.4374449760484898 0.0
0.02114905 -0.04534468 0.4188709 -0.8315095 0.3416873 0.2707441 0.3885735 17.98462 1.263582 1 0.0 0.05003421149778319 0.9310536394091696 0.0
-0.05656912 0.02169429 -0.08458831 -2.007327 0.2395239 0.2113314 0.2082125 17.77903 1.115372 1 0.0 0.06058636444100685 2.009108475697033 0.0
-0.02497149 0.00612934 -4.290375 -9.208082 0.7495909 0.6871727 0.2339612 19.54593 nan 0 0.0 0.025712722952960464 10.158547719007329 1.0
0.03376074 -0.06325295 -6.080114 0.5084211 0.9561766 0.8274486 0.1892247 19.82421 1.877403 0 0.0 0.07169883715270493 6.101334138360332 0.0
-0.06795648 0.03812358 -1.300329 -2.164277 1.553961 1.255587 0.1066926 20.23065 1.168028 0 0.0 0.077919769802065 2.524866420421088 0.0
-0.07280557 -0.01943841 -0.04238239 -2.903706 1.425988 1.190528 0.4432946 20.23626 0.8774185 0 0.0 0.07535584122251572 2.9040152894601143 0.0
0.03898733 -0.04962628 -2.578517 -8.487332 2.147256 1.782442 0.518069 20.23013 1.283348 0 0.0 0.06310926688820985 8.870375099031213 0.0
-0.01783834 -0.020014 12.71788 4.274473 2.073331 2.070387 -0.3044414 20.06294 nan 0 0.0 0.02680982226639334 13.416988899232532 0.0
0.01457648 -0.04341626 -1.72512 -6.650186 0.5532194 0.4641382 0.2362393 18.93496 0.9273129 0 0.0 0.04579787551380522 6.870299327467181 0.0
-0.04854516 -0.03182257 -4.123897 -1.789933 2.166139 1.985225 -0.307384 20.36695 0.9291115 0 0.0 0.05804574507085338 4.495596357670248 0.0
-0.02924244 -0.01984691 -0.1424191 -7.742614 0.5478144 0.4927654 0.2085881 18.16979 1.352196 0 0.0 0.035341478940498515 7.743923731096582 0.0
-0.05779066 -0.04774586 2.068902 -0.9474266 1.328098 1.153361 0.5133531 20.07079 1.135809 0 0.0 0.07496284099722475 2.275515908094593 0.0
-0.0230708 0.008239645 -4.465062 -9.518186 0.621978 0.556463 0.1802012 19.30145 1.740585 0 0.0 0.024498031805964025 10.513450594093264 1.0
0.01839525 -0.05266034 0.1008422 -3.294665 2.218854 1.846186 0.1017492 20.5552 1.301472 0 0.0 0.05578079088250811 3.296207913880106 0.0
-0.06429898 -0.04678369 -1.651305 -2.559447 0.3837579 0.3303259 0.3775794 18.43999 1.18458 1 0.0 0.07951774945920251 3.045911546456003 0.0
-0.053078 0.02928879 -6.273745 -7.881528 1.222003 1.046844 0.4263466 19.99275 1.34827 0 0.0 0.06062266328415554 10.073646804400529 0.0
-0.006386548 -0.05743762 -3.324603 -5.91345 0.217003 0.185255 0.2075625 17.39661 nan 0 0.0 0.05779159269842547 6.7839425122939385 0.0
-0.03333235 -0.01182677 0.5053771 1.87512 0.7255514 0.6573154 0.2306738 19.57085 1.399157 0 0.0 0.03536831979548081 1.9420301304574061 0.0
-0.03949504 -0.01028945 1.506495 1.533504 0.8826381 0.7798614 0.3464815 19.72411 0.9962635 0 0.0 0.040813367490371344 2.1496887456190024 0.0
-0.001670528 -0.06173646 -2.267976 -7.919734 1.091838 0.9649555 0.2922196 20.01479 0.500515 0 0.0 0.061759057288226026 8.238076339008519 0.0
0.0199799 -0.07988252 -3.456225 -6.090309 0.853684 0.7427268 0.2062403 19.5409 0.7568436 0 0.0 0.08234326569647575 7.002667703533133 0.0
-0.02719969 0.003618281 -3.229491 -8.4292 0.9362626 0.8322016 0.1470995 19.78852 0.9499416 0 0.0 0.027439298341813714 9.026684040060392 1.0
-0.03776586 0.01907723 -1.271432 -7.345026 2.617627 1.925053 0.4434877 20.56667 0.5964527 0 0.0 0.04231076560418755 7.454256922812629 0.0
0.05094218 -0.06247188 -1.883548 -2.149976 1.180407 1.043766 0.2699222 20.09398 1.102646 0 0.0 0.08060918988481897 2.8583474017130945 0.0
-0.01421542 -0.004922068 -3.007512 -8.802137 0.2914192 0.2596646 0.1948217 17.86928 1.359648 0 0.0 0.01504343442080378 9.301760274104735 1.0
-0.05819052 0.003233377 1.249277 -0.6207086 0.2649045 0.2382038 0.03712561 17.71223 1.097237 1 0.0 0.0582802826408257 1.3949810711414545 0.0
-0.01976385 -0.01109967 -3.182286 -9.29039 0.06263338 0.05294589 0.04823645 14.73602 1.656194 1 0.9979261 0.022667431282158992 9.820299920974715 1.0
0.0335792 -0.07528821 -2.829657 -0.9336753 0.3752908 0.3249155 0.1766775 18.34002 1.23 1 0.0 0.0824371108035944 2.9797161447827696 0.0
-0.05169074 0.01818926 -0.5940934 -4.566195 2.455646 2.031218 0.03510057 20.65974 0.8884182 0 0.0 0.0547976439374468 4.60468063452272 0.0
-0.06776903 0.02726335 -1.185585 -1.26278 0.7483725 0.6658828 0.2696079 19.51631 0.8995285 0 0.0 0.07304746183382006 1.7321157930764906 0.0
-0.006108188 -0.004859631 -3.302888 -9.136159 0.3464167 0.3048979 0.3365059 17.76709 1.21611 0 0.0 0.007805509214619184 9.714858229219043 1.0
-0.06539913 -0.03933099 -1.99087 -2.671335 0.2561509 0.21697 0.1877814 17.87316 1.102633 0 0.0 0.07631495907839433 3.3316053246333066 0.0
-0.004202757 -0.06448317 -1.611508 -5.603672 1.225814 1.064397 0.4178627 20.02873 1.445789 0 0.0 0.06461998436745361 5.830788790348009 0.0
-0.08043089 0.01301857 -1.032088 -8.2374 0.8060791 0.7113405 0.3812863 19.64103 0.7921238 0 0.0 0.08147767320583597 8.3018048880797 0.0
-0.03621138 -0.02018267 -3.489471 -6.214585 0.6815555 0.6197393 0.2956852 19.41549 1.284866 0 0.0 0.04145605154658726 7.127234707940099 0.0
-0.06273802 -0.0362191 -4.035859 -6.04233 0.9640702 0.9080975 0.3479971 19.90319 1.178616 0 0.0 0.07244226914122998 7.266217014153995 0.0
-0.02982105 0.001038274 -2.393324 -9.168722 0.6909885 0.6195802 0.07946805 19.3729 1.281076 0 0.0 0.029839119222952543 9.475941266294342 1.0
0.002019968 -0.03230609 0.3253469 -3.866137 1.184789 1.072371 0.3894176 19.98588 0.940527 0 0.0 0.03236917857791767 3.879802302709329 0.0
-0.01814934 -0.003347681 9.016816 -25.07132 3.007817 2.514184 -0.2565801 20.29276 nan 0 0.0 0.018455500819900852 26.643461811864015 0.0
-0.02781147 0.003244154 -2.950601 -8.328579 1.589909 1.437259 0.1546356 20.09035 nan 0 0.0 0.028000042834549665 8.835795064420743 1.0
-0.07448971 -0.01792227 1.365895 -5.519 1.344071 1.198022 0.303802 20.29318 0.9090252 0 0.0 0.07661543354858079 5.685510544447614 0.0
0.008325271 -0.0822906 -1.186831 -6.175368 2.532003 1.90573 0.2416354 20.59684 0.9125595 0 0.0 0.08271065823449504 6.288381171492786 0.0
-0.01231207 -0.01540061 -2.35623 -8.901634 0.7483581 0.6331843 0.1357067 19.4692 1.191572 0 0.0 0.019717146245260747 9.208197852069425 1.0
-0.00854963 -0.04625703 -1.503994 -8.535475 1.462184 1.220212 -0.2539023 20.08285 1.043777 0 0.0 0.04704050379787402 8.666967833542536 0.0
0.0453394 -0.05239268 -4.485141 -2.833869 1.171216 1.021447 0.07080191 19.52605 1.492727 0 0.0 0.06928675277383405 5.3054032173852725 0.0
0.00902465 -0.07563788 0.7838242 -5.837992 1.35117 1.029097 0.112726 20.07459 0.7509975 0 0.0 0.07617436050612372 5.8903761313323315 0.0
-0.05795151 0.004648867 -4.261573 -3.7813 2.221146 1.751853 -0.09336612 20.60723 0.9186344 0 0.0 0.058137676902881054 5.6973005997866215 0.0
-0.004728675 -0.03976017 -1.72953 -10.34054 0.8025555 0.7179262 0.1662973 19.61219 1.065939 1 0.6995082 0.0400403731961195 10.484180536050493 1.0
-0.01806226 -0.00227191 -6.039006 -12.50805 1.502239 1.831865 -0.0526729 20.11385 1.125309 0 0.0 0.018204582152735613 13.889597124126244 0.0
-0.03789541 -0.01733415 -2.290953 -8.275057 0.7910728 0.7088916 0.2258912 19.6405 1.403875 0 0.0 0.04167175128658021 8.586328318988159 0.0
0.004028771 -0.04221296 -2.478494 -8.465993 2.46725 1.966347 0.3589788 20.65736 nan 0 0.0 0.04240477552979194 8.821336065703708 1.0
0.0311285 -0.0457573 -8.877516 -7.483343 2.210851 1.631503 0.2696726 20.43947 1.083763 0 0.0 0.05534179266648308 11.610801556563827 0.0
0.01287082 -0.05383761 -3.22832 -9.096584 0.1233344 0.1013663 0.147243 16.35061 1.292623 1 0.9850824 0.055354731125573174 9.652455153558394 1.0
0.001168106 -0.03310716 -3.928649 -9.45834 0.3811706 0.3354782 0.1084858 18.39948 1.280882 0 0.0 0.03312776048713278 10.24180055072354 1.0
0.02863819 -0.04754131 -2.340908 -3.159295 1.943398 1.535887 -0.05038601 20.42931 1.170914 0 0.0 0.05550064939252694 3.9320471972611166 0.0
-0.04219116 -0.02884602 -1.363803 -2.939763 0.5752335 0.5216575 0.02216657 18.91046 1.229946 0 0.0 0.05110955734484501 3.240704417094839 0.0
-0.03594801 -0.02215852 -1.298433 0.7822409 0.206757 0.1819989 0.1551421 17.58795 1.266558 0 0.0 0.042228656520785744 1.515859189081166 0.0
-0.08237248 0.01025785 1.383941 -2.77417 0.5104983 0.4810029 0.2582514 19.01506 1.270927 0 0.0 0.0830087281433278 3.1002115863890642 0.0
-0.05227177 0.007820391 -2.415907 -3.958689 2.243562 1.74873 0.4065833 20.48901 1.394648 0 0.0 0.05285353776546828 4.637652987381656 0.0
-0.0151716 -0.02553312 -2.513966 -10.29116 3.077242 2.342183 -0.1852609 20.70273 0.8726501 0 0.0 0.029700465711742636 10.593771717134365 1.0
-0.0280472 -0.006563546 -3.112522 -9.385548 1.045633 0.984035 0.2077138 20.01239 0.8137569 0 0.0 0.028804957280546627 9.888190150921856 1.0
0.008595588 -0.02469255 -1.41855 -9.472268 0.6590281 0.5877215 0.1575703 19.26948 1.042717 0 0.0 0.026145863125325276 9.577898786598446 1.0
-0.05079985 -0.02612151 -8.022549 -8.349824 2.367707 1.875832 0.3073852 20.57209 0.9541149 0 0.0 0.05712230776765413 11.579328706292822 0.0
0.02063477 -0.07949365 -6.177269 -7.649813 1.156972 0.9666492 0.3978097 19.88306 0.9188652 1 0.003368761 0.08212815670204342 9.832511949310309 0.0
-0.05439869 -0.008481747 -3.090335 -11.015 0.8730374 0.7798956 0.1696296 19.39358 1.197678 0 0.0 0.05505594886920131 11.440296998427314 0.0
0.04145038 -0.05583829 -0.1792773 -5.442995 1.115381 0.9198594 0.3108681 19.93055 1.755898 0 0.0 0.06954170426635013 5.445946650520944 0.0
0.04611044 -0.0437034 -0.3565779 -2.834712 0.3286287 0.2799743 0.1882158 18.08538 1.246559 1 0.0 0.0635307787497808 2.8570509133917112 0.0
-0.01740159 -0.01936537 -3.725667 -10.71191 1.057428 1.00397 -0.04029966 19.72776 nan 0 0.0 0.02603522401987354 11.3413231345813 0.0
-0.02134146 0.001011446 -3.209153 -9.06073 0.1867928 0.1631923 0.06964512 17.34299 1.388435 1 0.9963784 0.02136541452774825 9.61225733687509 1.0
-0.02998622 -0.01790941 -2.635708 -8.082645 1.651587 1.444004 0.070902 20.08964 1.244762 0 0.0 0.034927358280243584 8.50153555878519 1.0
0.03658879 -0.04417735 -4.028103 -3.030258 0.4018768 0.3535311 0.2362988 18.45031 1.004801 0 0.0 0.05736181488313109 5.040642550823555 0.0
-0.01120927 -0.06970259 -4.304143 -3.017291 0.641172 0.5732742 0.06787395 18.69332 1.191845 0 0.0 0.0705981500227945 5.2563953374085175 0.0
-0.02852405 -0.01458227 0.2400226 -5.456758 1.769064 1.759487 -0.3238988 20.24749 1.686237 0 0.0 0.03203535588619861 5.4620343022609035 0.0
0.006105141 -0.02576799 -2.419236 -9.12328 1.00576 0.8953011 0.0952587 19.9359 1.068913 0 0.0 0.0264813529727992 9.43858785953153 1.0
0.01354738 -0.05515765 1.419418 -2.253113 0.3292803 0.2825297 0.2152953 18.23509 1.155878 1 0.0 0.05679698811017095 2.6629430428555922 0.0
-0.01719649 -0.04831504 1.621629 -10.91351 1.967519 1.509195 0.3330186 20.28953 0.9708958 0 0.0 0.05128413359433597 11.03333046426785 0.0
-0.01196393 -0.008316647 -3.402704 -9.195567 0.9800284 0.8763417 -0.01756889 19.41979 1.087515 0 0.0 0.014570594990168006 9.804939926542385 1.0
-0.0198146 -0.05495344 0.565453 -0.8447654 0.4610237 0.4146344 0.06528734 18.82973 1.452785 1 0.0 0.058416598163480896 1.0165459538290238 0.0
0.05135524 -0.06444826 2.918817 3.377941 1.633841 1.296636 0.1804934 20.24198 1.798254 0 0.0 0.08240715316333407 4.464300401963336 0.0
-0.04108906 0.01947936 -1.072403 -3.774597 0.8531571 0.7618604 0.2411145 19.70013 0.9817924 0 0.0 0.04547258864077566 3.9239814865539313 0.0
0.02423758 -0.07527216 -3.102141 -1.164527 1.247859 1.09156 -0.3977992 19.60397 nan 0 0.0 0.0790781787557225 3.3135180575349215 0.0
-0.06755816 -0.004024571 -3.514036 -11.01354 0.5617495 0.503453 0.2757417 19.08889 1.177244 1 0.1375606 0.06767792959539795 11.560558478762866 0.0
-0.04062745 -0.01579865 0.9386537 -8.841566 1.226284 1.181884 0.2622011 20.06593 1.070248 0 0.0 0.04359113482492742 8.89125188603268 1.0
-0.01154883 -0.007977056 -3.698546 -8.911581 1.12064 0.9283738 -0.3100558 19.69796 nan 0 0.0 0.014035985779275924 9.648601890101851 1.0
-0.03260839 -0.0564011 -2.473411 -7.942452 0.6934379 0.6305456 0.2576326 19.38785 1.125782 0 0.0 0.06514899216106186 8.318672114419766 0.0
0.02241232 -0.05397781 -4.138279 -0.9270463 0.8846621 0.7519382 0.2065609 19.69582 1.803967 0 0.0 0.05844583869000854 4.240845189839484 0.0
-0.040718 -0.04274955 -7.128338 -5.767873 1.864343 1.614341 0.05433966 20.46645 1.107031 0 0.0 0.05903795007622215 9.16959985966525 0.0
-0.02205967 -0.006946278 -2.155347 -10.30155 1.49984 1.362053 0.05470826 20.21651 nan 0 0.0 0.02312746891819734 10.52461177872652 1.0
