jas1101finalproject/data/gcs/NGC_6539.ecsv
# %ECSV 0.9
# ---
# datatype:
# - {name: x, unit: deg, datatype: float64}
# - {name: y, unit: deg, datatype: float64}
# - {name: pmx, unit: mas / yr, datatype: float64}
# - {name: pmy, unit: mas / yr, datatype: float64}
# - {name: pmx_e, unit: mas / yr, datatype: float64}
# - {name: pmy_e, unit: mas / yr, datatype: float64}
# - {name: pm_corr, datatype: float64}
# - {name: g_mag, unit: mag, datatype: float64}
# - {name: bp_rp, unit: mag, datatype: float64}
# - {name: filter, datatype: int64}
# - {name: memberprob, datatype: float64}
# - {name: r, unit: deg, datatype: float64}
# - {name: pm, unit: mas / yr, datatype: float64}
# - {name: member_prob_GMM, datatype: float64}
# meta: !!omap
# - comments: [deg deg mas/yr mas/yr mas/yr mas/yr dimless mag   mag   zeroone float]
# - __serialized_columns__:
#     bp_rp:
#       __class__: astropy.units.quantity.Quantity
#       unit: &id001 !astropy.units.Unit {unit: mag}
#       value: !astropy.table.SerializedColumn {name: bp_rp}
#     g_mag:
#       __class__: astropy.units.quantity.Quantity
#       unit: *id001
#       value: !astropy.table.SerializedColumn {name: g_mag}
#     pm:
#       __class__: astropy.units.quantity.Quantity
#       unit: !astropy.units.Unit {unit: mas / yr}
#       value: !astropy.table.SerializedColumn {name: pm}
#     pmx:
#       __class__: astropy.units.quantity.Quantity
#       unit: !astropy.units.Unit {unit: mas / yr}
#       value: !astropy.table.SerializedColumn {name: pmx}
#     pmx_e:
#       __class__: astropy.units.quantity.Quantity
#       unit: !astropy.units.Unit {unit: mas / yr}
#       value: !astropy.table.SerializedColumn {name: pmx_e}
#     pmy:
#       __class__: astropy.units.quantity.Quantity
#       unit: !astropy.units.Unit {unit: mas / yr}
#       value: !astropy.table.SerializedColumn {name: pmy}
#     pmy_e:
#       __class__: astropy.units.quantity.Quantity
#       unit: !astropy.units.Unit {unit: mas / yr}
#       value: !astropy.table.SerializedColumn {name: pmy_e}
#     r:
#       __class__: astropy.units.quantity.Quantity
#       unit: &id002 !astropy.units.Unit {unit: deg}
#       value: !astropy.table.SerializedColumn {name: r}
#     x:
#       __class__: astropy.units.quantity.Quantity
#       unit: *id002
#       value: !astropy.table.SerializedColumn {name: x}
#     y:
#       __class__: astropy.units.quantity.Quantity
#       unit: *id002
#       value: !astropy.table.SerializedColumn {name: y}
# schema: astropy-2.0
x y pmx pmy pmx_e pmy_e pm_corr g_mag bp_rp filter memberprob r pm member_prob_GMM
[from data line 3241]
-0.01004305 0.02601165 -1.638141 -4.45058 1.858386 1.594562 0.4311632 20.24376 2.080631 0 0.0 0.027883127317878103 4.742485453038418 0.0
-0.0317939 0.01835688 -6.941956 -3.59133 0.2755711 0.2353466 0.2894176 17.50359 2.314081 1 0.9989377 0.036712765089875754 7.815907130642994 0.0
-0.01839167 0.002151402 0.6798086 -1.753911 1.113385 1.247393 0.38104 19.56319 1.745758 0 0.0 0.018517074713747417 1.881048518394717 0.0
0.05862845 0.01669992 -3.482866 -4.687589 2.260094 1.859492 0.1385815 20.31059 1.64736 0 0.0 0.06096049932053461 5.839849844548831 0.0
0.09396326 0.02076918 -2.626696 -7.986345 1.136771 0.9729182 0.1294002 18.25909 2.367273 0 0.0 0.0962312478756251 8.407213470314703 0.0
-0.007683112 0.01189065 -7.048012 -3.815884 0.5763408 0.4969943 0.1921933 17.82755 nan 0 0.0 0.014156898227614833 8.014701732042186 0.0
0.05207097 0.07593345 -0.9221193 -7.898431 1.085251 1.067433 0.3473019 19.71377 2.588671 1 0.0 0.09207211709113351 7.952076223552783 0.0
0.0584841 0.06778396 -2.035834 -0.4917746 1.594254 1.391565 0.5385715 20.03921 2.048422 0 0.0 0.08952684059035927 2.094388295603554 0.0
-0.01769577 -0.001128255 -8.350372 -1.916624 2.187835 2.20067 0.4000761 20.27682 nan 0 0.0 0.017731701419715057 8.567506060444895 0.0
0.009347831 -0.01370839 -7.104442 -3.058509 0.3658215 0.3229805 0.1723985 17.90315 nan 0 0.0 0.016592224106389747 7.734828597612554 0.0
-0.02695371 0.01992315 -7.707794 -3.57153 1.554172 1.187172 0.5369391 19.99971 2.211771 0 0.0 0.0335176727814835 8.495052376962487 0.0
-0.003750366 0.003495983 -7.510657 -5.350019 0.4906798 0.3867383 0.1359213 18.23459 1.75662 0 0.0 0.005127098816118624 9.221316168097156 0.0
-0.06492506 0.05475824 -2.119145 -4.531017 2.406443 2.032303 0.05772101 20.53634 1.972033 0 0.0 0.08493366978943745 5.00208862229709 0.0
0.02157205 0.05443549 -0.2975878 -3.878815 1.893205 1.656013 0.3716698 20.51854 2.05187 0 0.0 0.05855404266780049 3.890213914803894 0.0
-0.004143642 0.005144882 -6.831841 -2.594683 0.5273972 0.4253674 0.1753617 18.53588 nan 0 0.0 0.006606026023116167 7.307970396749702 0.0
0.001452759 0.002631968 -5.395925 -4.359107 0.4881992 0.3184496 -0.4597526 17.38614 2.262283 0 0.0 0.0030062874555013865 6.93670097691071 0.0
0.00641382 -0.0007746023 -8.135411 -6.128189 1.164855 1.209522 0.145441 19.16143 1.776066 0 0.0 0.00646042535097847 10.185264481526339 0.0
-0.07602664 0.0448015 -0.9749936 -4.440375 1.863314 1.79475 0.2354109 20.24384 1.690342 0 0.0 0.08824525138464732 4.546156911135598 0.0
0.009711363 0.01009627 -7.004826 -3.549866 0.2026362 0.1523978 0.1157669 14.05452 3.782343 1 0.9995939 0.014008755805947543 7.852969878220087 0.0
0.0288317 0.03364926 -7.011763 -3.219038 0.7083076 0.7090776 0.3969709 19.19229 2.425255 1 0.9919655 0.04431184518204585 7.715375947652389 0.0
-0.004415881 0.003333852 -6.940631 -0.9330403 0.7193006 0.5438549 0.09849897 17.19858 2.215506 0 0.0 0.005533043842593785 7.003065248845329 0.0
-0.06350327 0.05584421 -2.796057 -6.373004 1.017136 1.115748 0.2637433 19.81883 1.765854 1 7.91558e-06 0.08456501103421557 6.959390399400295 0.0
0.01609456 0.01534367 -6.854634 -3.39742 0.128554 0.09946251 0.09260593 15.36297 2.693555 1 0.9996857 0.022236525597819908 7.650390181576101 0.0
0.04661757 0.007660553 -2.051396 -5.816661 2.182429 1.830641 0.2948673 20.45288 1.824198 0 0.0 0.04724279738722834 6.16780112663638 0.0
-0.004990646 0.003430644 -9.656384 -3.757701 1.114372 1.133745 0.116522 19.46035 nan 0 0.0 0.006056060250034836 10.361759925845464 0.0
0.03070818 0.04493682 1.711347 -3.174614 0.8227013 0.7340901 0.06749368 19.04308 2.104921 0 0.0 0.054427108233166314 3.6065055945339943 0.0
0.005808809 -0.0008909419 4.740374 -7.393351 2.402522 2.32872 0.2751706 19.81013 nan 0 0.0 0.005876737144679572 8.782527237024489 0.0
0.01784826 -0.006197994 -3.826194 -9.18608 1.354911 1.289724 0.4172892 19.55506 2.364626 0 0.0 0.01889379566555212 9.951071615260139 0.0
-0.05736058 0.04793864 -7.113569 -3.603978 0.1735508 0.1412703 0.0001569515 16.88297 2.400282 1 0.9966227 0.07475526297850875 7.974429217332423 0.0
0.00499218 0.0104988 -6.075618 -8.074625 2.484313 2.070277 -0.114116 20.13861 nan 0 0.0 0.011625259678493208 10.105083026504483 0.0
0.04561668 -0.01686403 2.607983 -2.210322 1.904178 1.655121 0.2957793 20.15222 0.9452095 0 0.0 0.04863411356304646 3.418639886266613 0.0
0.0003032427 0.01660759 -0.9205957 -4.941021 3.266557 3.045271 0.3645461 20.72261 nan 0 0.0 0.016610358266551724 5.026050632982072 0.0
0.007351336 -0.01525616 -7.877677 -3.678854 0.4291392 0.3442408 -0.5815207 17.45411 2.223978 0 0.0 0.016934950809804436 8.694352285802836 0.0
0.01049772 0.002893149 -7.436195 2.469006 2.942258 2.833252 0.2300411 20.1069 nan 0 0.0 0.01088909713128692 7.835367681612714 0.0
-0.06670753 0.03828706 1.145498 -0.515405 0.871242 0.954276 0.3952589 19.7214 1.792032 0 0.0 0.0769141958427994 1.2561082684342937 0.0
0.08576452 0.01838814 -2.426544 3.89306 0.323546 0.2648789 0.175971 18.0643 2.0994 1 0.0 0.08771360546397576 4.587377458585243 0.0
0.01530723 -0.00708672 -10.74063 -9.711792 1.837044 1.326095 0.4005584 20.11909 1.855368 0 0.0 0.016868102757313878 14.480332753364612 0.0
-0.04244745 0.06856452 2.322174 -2.770961 0.1047132 0.08391721 -0.02600894 15.32424 2.429208 1 0.0 0.08064043287540625 3.615344651592293 0.0
-0.01071036 0.09735501 -3.605516 -3.562439 0.1242354 0.1035053 0.02496474 16.36146 2.385412 1 0.0 0.09794237991507916 5.068601114210606 0.0
-0.05621092 0.04785868 -0.382124 -10.21033 0.8670529 0.9492798 0.2518391 19.64141 0.5716839 0 0.0 0.07382493331245753 10.217478038159712 0.0
0.0386957 0.05123519 -10.91272 -8.350834 2.72187 2.252715 0.2460723 20.59447 2.187252 1 0.602301 0.06420593347056096 13.741320398489952 0.0
-0.06135454 0.05114339 -1.676143 -4.190469 0.6266475 0.6777269 0.2119621 19.13575 1.834965 1 0.0 0.07987506444005976 4.513256673003431 0.0
0.09314978 0.0361731 -6.804988 -2.764021 0.8478448 0.8318209 0.2391089 19.2092 2.336334 0 0.0 0.09992684663121518 7.3449080163460865 0.0
-0.03515682 0.07957534 -1.070908 -1.625175 0.3536955 0.2787996 -0.05478247 16.35344 2.221604 0 0.0 0.0869956132723254 1.9462881916841093 0.0
0.01034709 0.02911633 -6.522417 -3.724998 0.263034 0.2081559 0.1932393 17.3836 2.425871 1 0.9968796 0.030900209451345147 7.511160604187145 0.0
0.04347115 0.00456621 -1.949983 -7.345448 1.925135 1.557368 0.3041967 20.28238 1.542643 0 0.0 0.043710309494289785 7.599871052918793 0.0
0.009227167 0.001847474 -6.171058 -3.546067 0.8563679 0.8848703 0.1996472 19.08133 2.684977 0 0.0 0.00941030132496112 7.117341358109291 0.0
0.02637923 0.001224969 -7.142901 -2.686885 0.9204478 0.973991 0.2465273 19.53404 2.06917 0 0.0 0.02640765654964221 7.631538881446258 0.0
0.002360198 -0.01214141 -7.499048 -4.500712 0.6680322 0.6018124 0.08620088 18.98293 nan 0 0.0 0.01236868511149443 8.745977899197323 0.0
-0.001874768 -0.00845116 -9.339069 -1.434978 1.970966 2.104393 0.4883621 19.59308 nan 0 0.0 0.00865660790375907 9.448670363984819 0.0
-0.03820874 0.03488163 1.725875 -3.683102 1.556434 1.293698 -0.006019559 19.94283 2.01141 0 0.0 0.05173621481945214 4.067417467881678 0.0
-0.03706291 0.07907688 -1.199972 -5.879533 1.579555 1.316238 0.1155448 20.29939 1.662525 0 0.0 0.08733162226938476 6.000736713010578 0.0
-0.01467207 0.03828483 -2.750099 -0.8335745 2.067403 1.944517 0.4953842 20.21632 1.374123 0 0.0 0.04099997373430622 2.873654634233427 0.0
-0.02153764 0.0003063731 -6.760398 -3.285777 0.2457491 0.2067244 0.2963385 17.53503 nan 0 0.0 0.02153981896966647 7.5166023981672065 0.0
-0.04174899 0.04169626 -1.514319 -3.163118 0.4176303 0.3302484 0.2011771 18.22568 2.395378 1 0.0 0.05900471391344678 3.5069185213923917 0.0
-0.005232608 -0.0001704336 -6.475003 -6.762286 1.023454 1.047796 0.06075649 19.02026 2.106123 0 0.0 0.005235382898477719 9.362380882863343 0.0
0.0002125151 0.07242804 -4.05967 3.086717 2.173804 2.259515 -0.08851111 19.98555 1.498745 0 0.0 0.07242835177545688 5.099876699194697 0.0
-0.03584982 0.04466128 -5.067647 -6.139472 2.004772 1.645395 0.4851041 20.27254 1.851385 0 0.0 0.057269883230811634 7.960789066128621 0.0
-0.008681107 -0.002935668 -6.574068 -3.114828 0.3039166 0.2403906 0.1379995 17.62284 2.277464 0 0.0 0.009164047432858093 7.274649375619969 0.0
0.01624594 0.01837635 -7.313929 -3.533377 0.4603254 0.3680849 0.1843386 18.50627 2.19437 0 0.0 0.024527959674748735 8.122703394878457 0.0
0.002118307 0.009293857 -4.176763 -5.443176 0.9270007 0.968824 0.2969784 19.49955 2.067936 0 0.0 0.009532208688583042 6.861014074110693 0.0
-0.01703394 0.09249299 -2.114801 -5.237407 0.2491403 0.2122739 0.1293776 17.54305 2.293892 1 0.0 0.09404843598414436 5.64825772723324 0.0
-0.008410759 0.09508056 0.5715328 -6.073026 0.4184376 0.3566245 0.1395288 18.59943 1.87907 1 0.0 0.095451839986821 6.0998602064434095 0.0
0.08437334 0.02044692 -2.245146 1.270905 0.4697657 0.3812048 0.1774627 18.56889 2.200348 1 0.0 0.08681553455598831 2.579899238408547 0.0
0.00928815 0.02421352 -4.461094 -3.795857 2.04704 1.771847 0.1069499 20.48066 2.05674 0 0.0 0.025933844319978864 5.857464472046331 0.0
0.0202381 -0.004406622 -4.943228 -1.316057 2.332874 2.012375 0.2799213 20.43226 nan 0 0.0 0.020712291255698484 5.1154187597139105 0.0
-0.003840995 -0.01033468 -5.594562 -3.710106 0.4301155 0.3409767 0.1085182 17.54555 2.21528 0 0.0 0.011025373158874262 6.712973298254656 0.0
0.06864614 0.04431827 -1.928813 -4.402928 0.6831201 0.6255983 0.2883181 19.01148 2.261097 0 0.0 0.08170925034959321 4.806879919672739 0.0
-0.05421632 0.06502888 -2.724256 -4.849875 1.02316 1.057547 0.3621774 19.72117 1.975077 0 0.0 0.08466501395734131 5.5626305170450605 0.0
-0.05236976 0.05677125 2.837364 -4.115834 0.7157024 0.7951207 0.2034307 19.25288 2.08289 1 0.0 0.0772370804019682 4.999072312344762 0.0
-0.07330373 0.04427173 0.8211842 -3.533177 0.5670577 0.6256227 0.3418327 19.111 1.921785 1 0.0 0.08563540686600257 3.6273520925957325 0.0
0.04253341 0.004979721 1.170508 3.597325 0.7540158 0.7933283 0.2728656 19.26945 2.117809 1 0.0 0.0428239254093543 3.7829665784525512 0.0
0.01682074 0.01883171 -1.188983 -6.580988 0.4869474 0.3908525 0.2041689 18.53331 2.209642 0 0.0 0.025250160309821797 6.687531953600894 0.0
-0.01694171 0.05497214 1.533503 -6.752396 1.180182 1.207436 0.3752059 19.81011 1.882118 1 0.0 0.05752354051954469 6.92433991018819 0.0
-0.004143503 -0.009234142 -6.429536 -4.578615 0.4067346 0.3167229 0.09071689 17.65199 nan 0 0.0 0.010121165722740293 7.893202676576917 0.0
-0.06646634 0.04375785 1.030197 -5.413033 0.785276 0.8262631 0.1899418 19.13992 2.07583 0 0.0 0.07957715620464267 5.51019347372649 0.0
0.0217186 -0.03911233 -5.310149 -1.475463 1.985892 1.799381 0.4022404 20.32801 nan 0 0.0 0.04473781335725853 5.511322297468186 0.0
-0.03488393 0.07228691 -4.024089 -3.532965 0.1289844 0.102113 -0.05041708 15.74102 2.477318 1 0.0 0.08026385194838957 5.35491680338229 0.0
-0.01515442 -0.009894809 -6.669256 -3.567719 0.2899394 0.2529497 0.2655309 17.53447 2.424366 0 0.0 0.018098720691885405 7.563570218917585 0.0
-0.005111488 -0.01009008 -6.577093 -3.621706 0.2780156 0.2174221 0.1520635 17.55342 2.24588 0 0.0 0.011310924983419525 7.508322494478044 0.0
-0.06377349 0.04182564 -2.674811 3.325019 0.9786349 0.7676526 -0.04331277 17.13556 2.099489 0 0.0 0.07626560291631936 4.267360453029718 0.0
-0.004567002 -0.009105877 -6.173046 -3.528153 0.6909461 0.7230638 0.2458114 18.9913 nan 0 0.0 0.010186977137852672 7.110158965137488 0.0
0.06287183 0.07275198 -1.318972 -6.936689 2.447823 2.008492 -0.008278877 20.55887 1.360533 0 0.0 0.09615465460116478 7.0609731212847 0.0
0.05844726 0.01900497 -2.006088 -4.941356 1.793385 1.417458 -0.05239912 20.35191 1.851629 0 0.0 0.06145950769578699 5.333046801077223 0.0
0.03070445 -0.007397965 -8.923843 -8.502255 2.41627 1.928368 0.2169364 20.23548 nan 0 0.0 0.03158311472834377 12.325717584533324 0.0
0.07925751 0.002765814 -3.825991 -4.962759 0.1212656 0.1001336 0.1798818 15.6812 2.450469 1 0.0 0.07930575400614193 6.266353327427525 0.0
-0.03340232 0.08417695 1.385198 -5.33323 1.060343 1.113192 0.1513834 19.82005 2.058844 0 0.0 0.0905619892266336 5.510182912762879 0.0
-0.003992341 0.0001805319 -7.545829 -2.317185 0.5133269 0.4911781 0.2774643 17.99217 nan 0 0.0 0.003996420701978034 7.893597508200301 0.0
0.0260777 0.0173006 -6.422627 -3.729439 0.3922217 0.3102547 0.006800277 18.1796 2.311378 1 0.9954319 0.031294683216961945 7.426900621110398 0.0
-0.04402051 0.06641573 2.77631 -7.320445 0.8011817 0.7745738 0.06358949 19.11088 2.013775 0 0.0 0.07967969937250642 7.829228072685392 0.0
-0.01630569 0.03709697 -6.251167 -6.741137 2.391011 2.12666 0.3969319 20.38536 1.49913 0 0.0 0.040522348272983885 9.193476867576162 0.0
-0.0008161977 0.08500413 -0.5248614 -3.858226 0.4688625 0.398667 0.3543385 18.65237 2.161556 1 0.0 0.0850080484174433 3.8937626219745294 0.0
0.07282051 0.04064594 -1.276752 -7.936685 0.3858554 0.3099995 0.2069143 17.88522 2.398859 0 0.0 0.08339615767614057 8.03872281265681 0.0
0.04907199 0.04366577 -2.155108 -3.433669 1.228141 1.187467 0.3176038 19.68038 2.130585 1 0.003068088 0.06568683028014824 4.053957732047166 0.0
-0.01397469 -0.009555261 -6.524014 -4.185841 0.3429246 0.3001872 0.2962802 17.99017 2.364046 0 0.0 0.016929116142735304 7.751388491714049 0.0
0.07475556 0.03390218 -3.677512 -0.1948143 1.886067 1.662936 0.1842796 20.1365 1.646032 0 0.0 0.08208380814549238 3.6826684783765824 0.0
0.005233955 -0.008825505 -6.025538 -3.93906 1.128205 1.132636 0.1415564 19.25321 2.355345 0 0.0 0.010260790585868616 7.198840314456489 0.0
0.02129696 -0.002313835 -2.795629 -3.38413 0.924952 0.8784155 0.4419512 19.34821 1.66646 0 0.0 0.02142228600427193 4.389519035445797 0.0
-0.004506589 -0.0009023704 -6.019203 -3.617928 0.3217068 0.2549556 0.1510204 17.67325 nan 0 0.0 0.0045960435978912514 7.022834738792662 0.0
0.005929715 -0.007878515 -7.329896 -2.935595 0.2033682 0.1551799 0.002084956 15.76446 2.743895 0 0.0 0.009860655078971681 7.895890917106251 0.0
0.08201817 0.04405081 -2.625463 -1.812805 1.442958 1.136771 0.1683999 18.67221 2.116266 0 0.0 0.09309916257305971 3.190504338250302 0.0
0.0006360771 0.0615614 -2.513771 3.1551 1.853401 1.70627 0.4943127 20.15606 1.596264 0 0.0 0.061564686014282125 4.0340675069266005 0.0
-0.04995087 0.06947113 0.5329905 -3.012356 0.9242547 0.9859425 0.2717381 19.68657 2.187561 1 0.0 0.08556475511116596 3.0591449040256737 0.0
0.009317593 -0.01319245 -8.088256 -2.262168 0.8809895 1.06443 0.5481054 19.23373 nan 0 0.0 0.016151107587907058 8.398648056786282 0.0
-0.02513723 -0.003566694 -5.292302 -9.936734 0.6055337 0.5059552 0.3728064 18.83503 2.129137 0 0.0 0.025389006246061226 11.258203366699323 0.0
-0.01939131 0.03252731 0.3228114 -4.622539 2.422057 2.056929 0.3882489 20.55366 1.225164 0 0.0 0.037868836783722305 4.633796931943712 0.0
0.02689805 0.07442705 -5.925498 -3.819038 2.157788 1.81412 0.1270849 20.49708 1.522554 0 0.0 0.07913842850034994 7.049579972838665 0.0
0.04626029 0.06121178 1.464809 -1.095684 0.8957586 0.8820584 0.2743098 19.14779 2.040462 0 0.0 0.07672611316659081 1.8292590943704503 0.0
0.02051042 -0.003069584 -6.941085 -4.041132 1.044178 0.9847477 0.4483469 19.51782 2.012541 0 0.0 0.020738844579905026 8.031774948207214 0.0
0.005687708 -0.008405894 -1.730644 -5.969836 0.7072773 0.5344825 -0.1210074 18.42065 nan 0 0.0 0.010149338709122876 6.21563114427103 0.0
-0.02056964 0.0005605747 -5.158436 -7.04017 2.140471 1.881935 0.3177637 20.10443 nan 0 0.0 0.020577277121229625 8.727740577892769 0.0
-0.02030171 0.09291723 -4.985644 -5.0367 0.1717148 0.1396032 -0.01034226 16.9604 2.356333 1 0.0 0.09510925853878265 7.0869593610190815 0.0
0.009166957 0.01553985 -7.223412 -5.549871 1.238187 1.326593 0.3558244 20.00658 1.532526 0 0.0 0.018042173889594042 9.109267206443393 0.0
-0.01179687 -0.003736352 -7.106184 -3.355011 0.810992 0.8500538 0.244517 19.10408 nan 0 0.0 0.012374427989398298 7.858368141794898 0.0
-0.04882659 0.02668373 -4.868858 -3.850802 1.202268 1.233255 0.4187304 19.85359 1.810389 0 0.0 0.05564222621122379 6.207612606096486 0.0
