jas1101finalproject/data/gcs/NGC_7006.ecsv
# %ECSV 0.9
# ---
# datatype:
# - {name: x, unit: deg, datatype: float64}
# - {name: y, unit: deg, datatype: float64}
# - {name: pmx, unit: mas / yr, datatype: float64}
# - {name: pmy, unit: mas / yr, datatype: float64}
# - {name: pmx_e, unit: mas / yr, datatype: float64}
# - {name: pmy_e, unit: mas / yr, datatype: float64}
# - {name: pm_corr, datatype: float64}
# - {name: g_mag, unit: mag, datatype: float64}
# - {name: bp_rp, unit: mag, datatype: float64}
# - {name: filter, datatype: int64}
# - {name: memberprob, datatype: float64}
# - {name: r, unit: deg, datatype: float64}
# - {name: pm, unit: mas / yr, datatype: float64}
# - {name: member_prob_GMM, datatype: float64}
# meta: !!omap
# - comments: [deg deg mas/yr mas/yr mas/yr mas/yr dimless mag   mag   zeroone float]
# - __serialized_columns__:
#     bp_rp:
#       __class__: astropy.units.quantity.Quantity
#       unit: &id001 !astropy.units.Unit {unit: mag}
#       value: !astropy.table.SerializedColumn {name: bp_rp}
#     g_mag:
#       __class__: astropy.units.quantity.Quantity
#       unit: *id001
#       value: !astropy.table.SerializedColumn {name: g_mag}
#     pm:
#       __class__: astropy.units.quantity.Quantity
#       unit: !astropy.units.Unit {unit: mas / yr}
#       value: !astropy.table.SerializedColumn {name: pm}
#     pmx:
#       __class__: astropy.units.quantity.Quantity
#       unit: !astropy.units.Unit {unit: mas / yr}
#       value: !astropy.table.SerializedColumn {name: pmx}
#     pmx_e:
#       __class__: astropy.units.quantity.Quantity
#       unit: !astropy.units.Unit {unit: mas / yr}
#       value: !astropy.table.SerializedColumn {name: pmx_e}
#     pmy:
#       __class__: astropy.units.quantity.Quantity
#       unit: !astropy.units.Unit {unit: mas / yr}
#       value: !astropy.table.SerializedColumn {name: pmy}
#     pmy_e:
#       __class__: astropy.units.quantity.Quantity
#       unit: !astropy.units.Unit {unit: mas / yr}
#       value: !astropy.table.SerializedColumn {name: pmy_e}
#     r:
#       __class__: astropy.units.quantity.Quantity
#       unit: &id002 !astropy.units.Unit {unit: deg}
#       value: !astropy.table.SerializedColumn {name: r}
#     x:
#       __class__: astropy.units.quantity.Quantity
#       unit: *id002
#       value: !astropy.table.SerializedColumn {name: x}
#     y:
#       __class__: astropy.units.quantity.Quantity
#       unit: *id002
#       value: !astropy.table.SerializedColumn {name: y}
# schema: astropy-2.0
x y pmx pmy pmx_e pmy_e pm_corr g_mag bp_rp filter memberprob r pm member_prob_GMM
[from data line 451]
-0.08131625 0.009095459 1.861903 -3.779415 0.9581857 1.025368 -0.01154983 19.85771 1.252323 0 0.0 0.08182334562020294 4.213153275592285 0.0
0.01803387 -0.007739469 2.54085 4.008444 2.132982 3.534709 0.1949893 20.47855 0.8253727 0 0.0 0.019624470631812236 4.745897388654331 0.0
0.02386664 -0.01025655 -1.441616 0.7837014 1.088261 1.721328 0.05596024 19.64024 0.73032 0 0.0 0.025977169260566094 1.6408670195411814 0.0
0.07639713 -0.03184012 1.479307 0.9842484 1.288552 1.428575 -0.0822825 19.96083 1.051645 1 0.3047263 0.08276662802030356 1.7768213509386812 0.0
0.07134862 -0.01306988 -4.415289 -4.556251 1.021456 1.135078 -0.08600176 19.65952 2.016493 1 2.13499e-06 0.07253583486194118 6.344619778089306 0.0
0.02844204 -0.03224958 -0.6612801 -1.161804 0.5029205 0.5871079 0.07434584 18.65609 0.9695034 1 0.9336936 0.04299982615706719 1.336817079884907 0.0
0.0485012 0.04870792 -4.471383 -5.55406 0.332606 0.3022495 -0.2625314 17.67067 1.186657 1 0.0 0.06873738336717801 7.13027688216166 0.0
0.04855002 -0.03062632 -0.09476973 -0.4975218 0.3437742 0.3959343 -0.05366488 18.14953 0.992382 1 0.9738156 0.057402751839461495 0.5064674157332463 0.0
0.04949459 0.05991384 -2.729237 -3.768679 0.5596565 0.7543972 0.07396172 18.38076 1.082912 1 0.0 0.07771346513194287 4.653136147504175 0.0
0.04800035 0.05992491 -5.466953 -7.063937 0.5482062 0.7196854 0.08425453 18.42965 1.19054 1 0.0 0.07677908855040283 8.932344655474171 0.0
0.007483148 -0.02030386 -1.510732 -2.061026 1.291329 1.771475 0.08663912 20.21494 1.222435 1 0.8798555 0.021638951797383902 2.55541373333165 0.0
0.07038779 -0.03102601 0.0834008 -3.622992 1.794207 1.851651 -0.1265071 20.32491 0.8959637 0 0.0 0.07692239126290992 3.623951810593601 0.0
0.06294951 -0.05317665 4.729121 10.80522 3.296702 3.315065 -0.164588 20.76348 1.366364 0 0.0 0.08240386468159488 11.794802443493532 0.0
-0.01300346 0.003870167 -0.8582436 -0.1276173 0.5224762 0.5623446 -0.1395287 18.39011 1.017511 0 0.0 0.013567172313326348 0.8676798097226015 0.0
-0.007584095 -0.06009495 -4.107076 -5.488874 1.350892 1.780622 0.2224897 20.31058 1.056561 0 0.0 0.060571622996841726 6.855349083573499 0.0
-0.009838347 0.002773259 -0.536406 -1.833657 0.6764551 1.237647 0.2160641 19.01026 nan 0 0.0 0.01022174335294572 1.910505009280269 0.0
0.007248039 -0.00332274 1.158105 -1.448205 0.6305461 0.709971 -0.09292198 18.91746 0.4037285 0 0.0 0.007973372589633636 1.8543206068665687 0.0
-0.0618571 0.00824726 -8.419356 -8.363738 0.650851 0.6624208 -0.2315224 19.00946 1.859228 1 0.0 0.06240447193845646 11.867504741409627 0.0
3.821664e-05 0.00324985 -0.1278629 -0.5114061 0.3090938 0.3275457 -0.1668491 17.64959 0.8754826 0 0.0 0.0032500746966912758 0.5271481009295396 0.0
0.04902023 -0.03552046 -1.69366 -4.255581 1.081151 1.180444 -0.07903415 19.69677 1.91268 1 0.01085667 0.060536650286124184 4.580224213197537 0.0
0.009797284 0.008165331 2.36651 0.497302 1.586797 1.814863 -0.1010414 20.18691 nan 0 0.0 0.012753799595266384 2.4181974400995463 0.0
0.03289073 0.008640851 -0.4621372 -2.001324 0.2843858 0.5680823 0.3399678 17.67177 1.160351 1 0.8590522 0.03400682910735873 2.053988448020056 0.0
0.0008588157 0.004104345 -2.000371 0.1924394 0.7261892 0.779201 -0.1569172 17.37633 0.8789949 0 0.0 0.004193234108130797 2.0096061953311546 0.0
0.005577355 0.0007932642 -0.1911121 2.730502 0.5501934 0.7137451 -0.05234003 18.65244 0.5314102 0 0.0 0.00563348532322812 2.7371819462305407 0.0
0.005752679 0.01867466 2.641332 -0.1628976 1.120329 1.254858 -0.1849217 19.70518 0.9078217 0 0.0 0.019540630537232952 2.6463503854005728 0.0
-0.02596679 -0.06904648 -4.37874 -4.996452 0.4662428 0.5252943 0.2307892 18.93184 0.9947605 1 0.0 0.07376781536208388 6.643635794947221 0.0
0.002470784 -0.002065915 2.343339 0.6021495 0.4881068 0.6342614 -0.08814919 18.03889 nan 0 0.0 0.0032206797980986876 2.419467232526874 0.0
0.005459609 0.01941661 -1.060853 0.1335 0.6830213 0.6860094 -0.2650721 18.87801 0.1532478 0 0.0 0.020169582899132572 1.0692199668959612 0.0
0.001796646 0.003759121 -3.108102 -7.592388 1.054304 1.136877 -0.1535295 19.11855 nan 0 0.0 0.004166404630128595 8.203941344557993 0.0
0.04790694 -0.03799266 0.2334271 -5.828824 3.736269 3.40065 -0.06702754 20.73236 0.3065567 0 0.0 0.06114341431453759 5.833496158736235 0.0
0.006632557 -0.003015678 -0.2209968 -0.7146775 0.5419094 0.6079935 -0.1290381 17.68406 1.028601 0 0.0 0.007285954032104032 0.748066517507962 0.0
-0.006380133 0.001279662 0.9780456 -0.7873163 1.026358 1.066757 -0.1632266 19.50951 0.6915779 0 0.0 0.0065071984703044825 1.2555636789605893 0.0
0.0006829998 -0.003649028 -9.296951 6.048166 0.9935246 1.131037 -0.1177276 18.37124 nan 0 0.0 0.0037123973482891134 11.09115006931008 0.0
-0.0004893121 0.00389835 -0.6670754 0.04846133 0.5810098 0.3395495 -0.7938862 17.16412 nan 0 0.0 0.003928938667592866 0.6688333796922287 0.0
0.008098025 -0.004486189 -2.724751 5.619366 1.852566 2.214845 -0.06391718 19.78138 0.7295113 0 0.0 0.009257640122857768 6.245121476317094 0.0
-0.004797151 0.01670625 -0.04799959 -0.7548164 0.1002487 0.1073316 -0.1540693 15.99219 1.558211 1 0.9993152 0.01738135342196634 0.7563410330989112 0.0
-0.001719729 0.05925151 -3.867223 -6.967583 2.443818 1.759523 -0.7188618 19.88794 1.260546 1 0.0 0.05927646164468271 7.968853530691727 0.0
-0.005149173 0.002933298 -0.3169424 -0.003853362 0.3013498 0.3300033 -0.1355335 17.66314 0.9756622 0 0.0 0.005926062752007693 0.31696582357797354 0.0
-0.007904127 0.00121296 -4.787396 -3.210856 1.669633 1.820872 -0.04830408 18.83795 nan 0 0.0 0.00799665527540915 5.764438976479151 0.0
0.0002726734 0.004131046 -1.429038 -3.409426 1.810108 3.079466 0.1331634 19.47338 nan 0 0.0 0.004140035245886629 3.696800678278449 0.0
-0.02045362 -0.05550686 5.03996 -1.490499 1.470641 1.548395 0.09973181 20.27577 1.092514 1 0.02333347 0.0591554061617702 5.255738204153722 0.0
-0.03682957 0.007090872 1.826512 -0.4179522 1.462277 1.449227 -0.3123914 20.11347 0.9426804 1 0.816694 0.037505968753056944 1.8737209310964213 0.0
-0.002922098 -0.01585985 1.237088 -0.7236798 1.743992 1.801456 -0.1878104 20.05909 0.8427505 0 0.0 0.01612679443485605 1.4332128846309051 0.0
-0.01001411 0.004405958 -0.09736827 -0.7621329 0.1026471 0.1080891 -0.1653213 16.06342 1.469565 1 0.9994253 0.010940514841170135 0.7683274934981846 0.0
-0.04899188 0.006908504 0.7807408 -1.803074 0.2721642 0.2825898 -0.2484453 17.8447 1.269999 1 0.004361087 0.04947657762469446 1.9648491153929963 0.0
0.03239748 -0.02157926 -5.018796 -5.502178 0.5079695 0.5560306 -0.08414635 18.69499 0.8517704 1 0.0 0.03892635575671064 7.4472999156271396 0.0
-0.005325039 0.002126494 0.02714861 -0.6306678 0.2815782 0.2893539 -0.1861902 17.66653 1.023443 0 0.0 0.0057339355667427065 0.6312518681016097 0.0
0.005196475 -0.003746236 -1.309213 -0.7413083 0.7036139 0.8969355 -0.08741027 18.88794 0.9386921 0 0.0 0.0064060624874661505 1.504518751966186 0.0
0.003232743 0.001006835 -0.07456632 -0.5532653 0.1269983 0.1613578 -0.0971682 16.22335 1.227177 0 0.0 0.003385903722977663 0.558267523918804 0.0
-0.00224703 0.06614658 0.002236857 -5.280139 0.4492091 0.4672484 -0.3499227 18.28597 0.939661 1 0.0 0.06618473532104892 5.280139473806562 0.0
0.02158336 -0.0362864 -0.2451512 1.051651 0.9632994 1.137263 -0.08110921 19.60883 1.066078 1 0.8974578 0.042220187752420056 1.0798467190589782 0.0
-0.01162844 -0.03709976 11.29754 -3.988464 3.760212 3.850776 -0.1278459 20.91343 1.116526 0 0.0 0.038879465131238626 11.98091211598249 0.0
-0.0068783 0.003019181 -0.2668631 -0.3008997 0.1638106 0.1699194 -0.1791774 16.86048 1.292625 1 0.9987524 0.007511755107879982 0.4021896860956283 0.0
-0.02035309 0.06647377 -1.790711 -4.794822 0.5384811 0.4775862 -0.402286 18.50147 1.145639 1 0.0 0.06951985594462204 5.118296972353694 0.0
-0.01139144 0.006145534 -1.795279 -6.993354 1.581247 1.605653 -0.1872471 19.40519 0.9437504 0 0.0 0.012943434374954585 7.220112662359016 0.0
-0.03278652 -0.0005087179 -1.27519 1.073556 1.547608 1.571152 -0.3112221 20.21585 0.8183022 1 0.9175764 0.032790466413458966 1.6669229200044013 0.0
0.04137662 0.07037377 -7.662186 1.110084 3.363232 2.968455 -0.1948296 20.69854 2.026161 1 0.1083231 0.08163634109045616 7.742181913753512 0.0
0.005869408 0.03515606 1.273233 -1.541406 0.8448642 0.9109342 -0.1551083 19.41941 0.9787846 1 0.8394253 0.035642650083769926 1.9992635466903808 0.0
0.009358499 -0.008985569 -0.001730562 -0.4575756 0.1181379 0.1370185 -0.09389175 16.33177 1.471194 1 0.9995132 0.012973895089246021 0.45757887250199375 0.0
-0.003596007 -0.003645182 2.910517 20.09545 1.449938 1.512019 -0.1274209 18.43067 0.7816792 0 0.0 0.005120411912841876 20.305127921532257 0.0
-0.01540423 0.03479418 1.590704 -2.463234 0.9097521 0.8972647 -0.2821916 19.47208 0.9963417 1 0.567619 0.038051613155887364 2.9322109327897947 0.0
0.007424078 -0.008356226 0.08411865 -1.349001 1.140025 1.272022 -0.113751 19.70344 0.8178177 0 0.0 0.01117781047938996 1.3516211175025428 0.0
0.002529354 0.001529438 2.12411 5.379179 1.32752 2.140696 0.1855881 18.66171 nan 0 0.0 0.0029558099149234883 5.783373583484037 0.0
-0.07073246 0.02081013 -2.651228 -5.528356 0.4935059 0.5131683 -0.2287614 18.70504 0.8523293 1 0.0 0.07373020011005327 6.131209503085015 0.0
-0.01408784 0.003696673 -0.183596 -0.4432484 0.1406584 0.1475928 -0.1628461 16.67398 1.339738 1 0.9994789 0.014564773500969009 0.47976727203776626 0.0
-0.05333708 -0.02197717 0.5889 -1.455927 0.5655723 0.5481029 -0.3061147 18.85081 0.7156944 0 0.0 0.057687434542847374 1.5705179525650128 0.0
0.06487431 -0.02258788 -9.602271 -3.637477 1.785984 2.025972 -0.09143765 19.70344 2.211025 0 0.0 0.06869416584303575 10.268147217632302 0.0
0.01146846 -0.004022537 0.4878543 -0.5422542 0.6080008 0.5259672 -0.3172373 18.70968 0.6321259 0 0.0 0.012153451307672605 0.729411705037786 0.0
0.0003312554 0.02330562 -0.9916867 0.1560963 0.6205088 0.5539539 -0.2991078 18.80177 0.6807709 1 0.9800578 0.023307974037320985 1.0038966908156337 0.0
-0.05191867 0.02165115 -0.724166 -3.135043 0.9285671 0.9675109 -0.2108167 19.58249 1.889313 1 0.1018565 0.056252294094475824 3.217593978022243 0.0
0.03564535 0.009709444 -0.2994918 2.479321 1.987235 2.235905 -0.05186527 20.45071 2.310207 1 0.8390997 0.036944069610854134 2.4973441811869344 0.0
-0.03761024 0.06263872 -10.69696 -18.971 1.77913 1.96328 -0.3464129 20.21247 1.683195 0 0.0 0.0730625717867637 21.778975968617075 0.0
-0.05289975 -0.03071103 -5.159066 -8.203341 0.2487169 0.2594985 -0.03328177 17.86556 0.9407005 1 0.0 0.06116821816698113 9.690756707019169 0.0
0.0151909 -0.007693931 -0.008336244 -0.5212439 0.09181327 0.1115317 -0.09083365 15.80431 1.59931 1 0.9996613 0.01702821238541383 0.5213105564356408 0.0
-0.04502921 0.03434668 -3.068188 -10.75118 2.41102 2.947102 -0.2936936 20.71063 1.571344 1 0.001243491 0.05663324271350264 11.180413632587301 0.0
-0.009397898 0.02039714 -6.162173 -7.493566 0.32116 0.3326104 -0.2392117 18.08483 0.9910946 1 0.0 0.02245804548481466 9.701850724386818 0.0
-0.009457355 0.002710297 -0.1116004 -0.2424026 0.1900262 0.1993525 -0.1688149 17.07118 1.200157 0 0.0 0.009838052318636754 0.2668588948619101 0.0
0.02122546 0.02078906 0.2346061 -2.853521 0.5024285 0.5715194 -0.07976199 18.69007 1.444899 1 0.07224178 0.029710354556874614 2.863148986622633 0.0
-0.003742468 0.0005815052 1.619419 -2.073906 0.7856019 0.8306194 -0.07712571 18.75293 nan 0 0.0 0.0037873757443183586 2.6312742149758925 0.0
-0.06286602 -0.03103427 -1.982685 -7.680094 1.057616 1.275436 0.1001916 19.91079 1.734104 0 0.0 0.07010893227737318 7.931890295387412 0.0
-0.009076455 0.000650343 -0.260453 -0.3149812 0.1381221 0.1425095 -0.1794446 16.59776 1.390042 1 0.998633 0.00909972424772718 0.4087161870570335 0.0
0.01776828 0.01236587 0.4167001 -1.154304 0.5170593 0.5817991 -0.1107304 18.65147 0.8486443 1 0.9823403 0.021647783143206603 1.227215016920837 0.0
0.002031206 -0.006136202 -1.60484 1.408253 0.7737949 0.9796537 -0.09254783 18.60015 0.9383564 0 0.0 0.006463650114234217 2.135108413549298 0.0
0.001913911 9.89198e-05 -0.04352931 -0.8693484 0.07168845 0.08654288 -0.0719433 15.2159 1.518014 0 0.0 0.001916465612202066 0.870437500003094 0.0
-0.02030727 -0.05775183 5.754902 -8.482189 0.6567863 0.7878467 0.2137616 19.14399 2.03721 1 0.0 0.06121812708015331 10.250191571932936 0.0
0.04452586 0.006545049 2.14173 -0.6883678 1.74301 1.869701 -0.07688088 20.30096 1.864603 1 0.6797916 0.045004331737645 2.2496349972777447 0.0
0.004463799 -0.005100471 -0.3170424 -0.1276146 0.1696866 0.2157967 -0.09043921 16.67685 1.202965 0 0.0 0.006777927849589577 0.34176215345020283 0.0
0.004463752 -0.003011925 0.379207 -1.708409 0.3720701 0.5004789 -0.04684353 18.08259 0.6847229 0 0.0 0.005384865283656499 1.7499883599984316 0.0
0.001796721 -0.004413868 0.9944876 2.971681 0.5551431 0.8939906 0.1448416 18.56724 nan 0 0.0 0.004765546880817037 3.1336709387417754 0.0
0.04986151 -0.0006768044 -1.858527 -1.105187 0.3565148 0.4295118 0.1130608 17.98503 0.9145775 1 0.001822278 0.049866103153103504 2.162304537917358 0.0
0.006983857 0.008226247 0.227083 -1.319218 0.9472786 1.225824 -0.08884691 19.53354 0.9898376 0 0.0 0.010790986901180912 1.3386197445178374 0.0
0.004522376 -0.00333808 -1.274877 -5.448815 1.505932 2.327083 0.05072939 19.5934 nan 0 0.0 0.005620912983828873 5.595971432142412 0.0
0.076484 -0.02907443 -4.231997 -8.796923 0.9385834 1.041385 -0.08467089 19.54922 1.725443 1 0.0 0.08182374188354441 9.761949235472288 0.0
0.005548235 -0.005882457 0.04117931 -1.427207 0.7737883 1.399803 0.1853842 18.74041 0.3606682 0 0.0 0.008086174124521063 1.4278009512607406 0.0
-0.00183729 0.02007267 -1.126973 -5.979902 0.3252531 0.3429423 -0.1577088 18.06603 0.8442707 1 0.0 0.020156579954769112 6.0851701761194 0.0
-0.007347281 0.001304492 -2.820706 -2.955944 1.318205 2.29091 0.2071453 19.7608 nan 0 0.0 0.007462187177431628 4.085827611338002 0.0
-0.05124588 0.01697606 -6.898549 -6.811615 0.3625387 0.3788583 -0.2509245 18.21801 1.303665 1 0.0 0.053984505463123396 9.694744824575116 0.0
0.0009762163 -0.03073528 -0.5464036 -0.9346878 0.575978 0.738346 -0.05553379 18.90621 0.3519955 1 0.972962 0.030750779420086017 1.0826810137625025 0.0
-0.03457275 0.008269205 1.853823 -0.1639014 3.181528 4.321582 -0.02018009 20.87021 0.6714592 0 0.0 0.03554792249758803 1.8610543743402448 0.0
0.008449532 4.568562e-05 0.5691695 -2.391036 0.6218188 1.045166 0.1662778 18.75079 nan 0 0.0 0.008449655507468857 2.457846023050722 0.0
0.009210808 0.01556772 -0.1474852 -1.200164 1.237918 1.402847 -0.08606184 19.84911 0.8798084 0 0.0 0.018088473954738803 1.2091920902466406 0.0
0.01231957 -0.02271641 0.2903989 -0.08441224 0.5624764 0.7005477 -0.05712035 18.75641 0.4801273 1 0.9839775 0.025841963707756422 0.3024184970914107 0.0
-0.002101291 -0.004125856 1.57353 -1.352456 0.6081976 0.6201674 -0.1863163 18.523 nan 0 0.0 0.004630130840420927 2.0748816575496543 0.0
-0.005559624 -0.002344325 1.937144 -7.354793 1.474691 1.603957 -0.1389287 19.75044 0.8630161 0 0.0 0.006033678705980374 7.605623376790689 0.0
0.007775472 -0.0004006617 -0.0178442 -0.3343289 0.2212525 0.2546319 -0.101965 17.13476 nan 0 0.0 0.007785787989704761 0.33480476228520106 0.0
-0.02405988 -0.05880617 -9.968325 -4.495207 1.439652 1.668859 0.1317508 20.39821 1.222794 0 0.0 0.0635377325349536 10.935007511587452 0.0
0.003525846 -0.0005190389 -1.37259 -0.3640655 0.5053146 0.5790982 -0.1646341 18.30526 nan 0 0.0 0.0035638450296595686 1.4200517583490575 0.0
-0.03255064 0.008062868 -2.916416 0.927785 0.4233695 0.4416207 -0.2540978 18.52138 0.9080696 1 1.326757e-06 0.033534370499459565 3.060435800875587 0.0
0.006954181 0.01869377 -0.07606307 -0.7993332 0.5335765 0.6376779 -0.133855 18.65702 0.8846512 1 0.9916377 0.019945367136096064 0.8029440548631422 0.0
0.05968572 -0.02083475 -0.7504822 -3.290426 1.531828 1.68312 -0.07987997 20.09185 0.4510117 0 0.0 0.06321765559937272 3.3749261908955637 0.0
-0.009779593 0.005592317 1.462108 -4.0787 1.179526 1.294997 -0.0579759 19.77173 0.9142551 0 0.0 0.011265631303843473 4.332845888519923 0.0
