jas1101finalproject/data/gcs/NGC_6401.ecsv
# %ECSV 0.9
# ---
# datatype:
# - {name: x, unit: deg, datatype: float64}
# - {name: y, unit: deg, datatype: float64}
# - {name: pmx, unit: mas / yr, datatype: float64}
# - {name: pmy, unit: mas / yr, datatype: float64}
# - {name: pmx_e, unit: mas / yr, datatype: float64}
# - {name: pmy_e, unit: mas / yr, datatype: float64}
# - {name: pm_corr, datatype: float64}
# - {name: g_mag, unit: mag, datatype: float64}
# - {name: bp_rp, unit: mag, datatype: float64}
# - {name: filter, datatype: int64}
# - {name: memberprob, datatype: float64}
# - {name: r, unit: deg, datatype: float64}
# - {name: pm, unit: mas / yr, datatype: float64}
# - {name: member_prob_GMM, datatype: float64}
# - {name: member_prob_DB, datatype: float64}
# meta: !!omap
# - comments: [deg deg mas/yr mas/yr mas/yr mas/yr dimless mag   mag   zeroone float]
# - __serialized_columns__:
#     bp_rp:
#       __class__: astropy.units.quantity.Quantity
#       unit: &id001 !astropy.units.Unit {unit: mag}
#       value: !astropy.table.SerializedColumn {name: bp_rp}
#     g_mag:
#       __class__: astropy.units.quantity.Quantity
#       unit: *id001
#       value: !astropy.table.SerializedColumn {name: g_mag}
#     pm:
#       __class__: astropy.units.quantity.Quantity
#       unit: !astropy.units.Unit {unit: mas / yr}
#       value: !astropy.table.SerializedColumn {name: pm}
#     pmx:
#       __class__: astropy.units.quantity.Quantity
#       unit: !astropy.units.Unit {unit: mas / yr}
#       value: !astropy.table.SerializedColumn {name: pmx}
#     pmx_e:
#       __class__: astropy.units.quantity.Quantity
#       unit: !astropy.units.Unit {unit: mas / yr}
#       value: !astropy.table.SerializedColumn {name: pmx_e}
#     pmy:
#       __class__: astropy.units.quantity.Quantity
#       unit: !astropy.units.Unit {unit: mas / yr}
#       value: !astropy.table.SerializedColumn {name: pmy}
#     pmy_e:
#       __class__: astropy.units.quantity.Quantity
#       unit: !astropy.units.Unit {unit: mas / yr}
#       value: !astropy.table.SerializedColumn {name: pmy_e}
#     r:
#       __class__: astropy.units.quantity.Quantity
#       unit: &id002 !astropy.units.Unit {unit: deg}
#       value: !astropy.table.SerializedColumn {name: r}
#     x:
#       __class__: astropy.units.quantity.Quantity
#       unit: *id002
#       value: !astropy.table.SerializedColumn {name: x}
#     y:
#       __class__: astropy.units.quantity.Quantity
#       unit: *id002
#       value: !astropy.table.SerializedColumn {name: y}
# schema: astropy-2.0
x y pmx pmy pmx_e pmy_e pm_corr g_mag bp_rp filter memberprob r pm member_prob_GMM member_prob_DB
[from data line 1793]
-0.03151769 -0.002733656 3.803345 -4.127037 0.7528246 0.6167268 0.1936291 17.37727 2.431515 0 0.0 0.03163601836613508 5.612296106621068 0.0 0.0
0.03481654 -0.03197606 -1.025089 -8.611243 2.005923 1.656142 0.7313938 19.88388 nan 0 0.0 0.04727218918873125 8.67204205841796 0.0 0.0
-0.000271585 -0.01828996 -1.887642 -7.559894 0.2846611 0.2320831 -0.1642221 17.41388 2.498276 0 0.0 0.01829197625227589 7.791995226602747 0.0 0.0
-0.003172764 -0.0139279 -4.967114 -5.340268 0.5745801 0.457561 -0.3431234 18.41868 2.032425 0 0.0 0.014284706150624731 7.293194348213956 0.0 0.0
-0.04432904 0.01486741 2.685516 0.1609583 1.563363 1.391862 0.6240183 19.58144 1.765642 0 0.0 0.04675578752870814 2.690335250595154 0.0 0.0
-0.02601497 -0.03629223 -2.957305 -2.953265 0.1874107 0.1511485 -0.03183925 16.63673 2.894967 1 0.0 0.04465315915446297 4.179405103989083 0.0 0.0
-0.01982588 -0.01859094 -0.6165091 -7.186542 0.4203705 0.3268768 -0.06871918 18.44856 2.526896 0 0.0 0.027178825726252413 7.212937639280324 0.0 0.0
0.02301669 -0.04064614 1.663947 -6.954499 0.7545468 0.551897 0.06054016 18.71493 1.880257 0 0.0 0.04671056321064541 7.150788485181897 0.0 0.0
-0.002809777 -0.02960248 -2.884881 1.21676 0.3368573 0.2703139 0.002900496 18.06314 1.665253 0 0.0 0.02973552873147086 3.1309812011190674 0.0 0.0
-0.04777812 -0.01429527 -1.103629 -8.052907 1.475271 1.320335 0.5058796 19.75375 1.91555 0 0.0 0.0498708682008575 8.128179877456576 0.0 0.0
0.03498364 -0.03287638 -2.796178 -2.685136 0.5587173 0.4281906 0.2965103 18.63619 1.928217 0 0.0 0.04800741015253791 3.876669543071733 0.0 0.0
-0.01204164 -0.03541851 -3.268735 3.415378 1.363811 1.259286 0.5020802 19.57867 1.855085 0 0.0 0.03740951676391584 4.727518945822323 0.0 0.0
-0.009979019 -0.01828653 -1.936013 -4.87945 1.431874 1.490497 0.1702318 19.50976 2.082365 0 0.0 0.020832138623848993 5.249493179219209 0.0 0.0
-0.0003553348 0.005357345 -1.757396 -2.160322 1.237685 0.9395771 -0.09890953 18.27532 nan 0 0.0 0.005369116153438668 2.784857598603562 0.0 0.0
0.02954388 -0.03667827 -1.870467 -4.007651 0.538003 0.4250255 -0.6439382 17.79175 1.863935 0 0.0 0.04709709476865107 4.422659079772033 0.0 0.0
-0.02752336 -0.02564572 2.001132 0.01537857 1.29524 1.154805 0.3362572 19.33396 nan 0 0.0 0.03761965310855484 2.0011910907854964 0.0 0.0
-0.02403767 -0.02037884 -4.853754 -4.547 0.3645927 0.2858699 -0.1553165 18.0962 2.104721 0 0.0 0.031513595459333105 6.650874896772304 0.0 0.0
0.02354701 -0.03841654 -9.048835 -10.85253 1.928644 1.720492 0.5064049 19.89742 nan 0 0.0 0.04505876413653286 14.130068020293638 0.0 0.0
-0.01265664 -0.02121264 -5.852712 -7.633668 0.1516667 0.1188265 -0.09456574 15.94369 2.988745 1 0.0 0.02470155120350137 9.61910208331152 0.0 0.0
0.007677911 -0.02766862 -3.996324 -4.927236 0.5839232 0.4505299 -0.1792988 18.77781 nan 0 0.0 0.028714157658345493 6.3441516464119925 0.0 0.0
-0.02953799 0.001941723 -4.961816 -2.423894 1.221356 1.067268 0.6146118 19.11354 1.930998 0 0.0 0.02960174220293172 5.522216958893593 0.0 0.0
-0.04289768 -0.01031483 -6.340499 -8.141816 1.651503 1.446448 0.4868117 19.65465 nan 0 0.0 0.04412036567517658 10.31945227940209 0.0 0.0
-0.02487224 -0.03211491 -0.09903102 -4.248592 1.261427 1.100278 0.4860722 19.36244 nan 0 0.0 0.04062013991760368 4.249746007161633 0.0 0.0
-0.02158251 -0.02306014 -8.861163 1.909342 1.754572 1.800728 0.06041499 19.64005 1.928391 0 0.0 0.031584407461905946 9.064535100353078 0.0 0.0
-0.003786408 -0.01614807 -2.40549 -6.528778 0.7092018 0.5709974 -0.07475686 18.69163 nan 0 0.0 0.01658604986931379 6.957824682570265 0.0 1.0
-0.02049531 -0.01890003 -2.999305 2.136864 1.370181 1.179928 0.5076396 19.29854 1.251364 0 0.0 0.02787954206935616 3.6826645567470577 0.0 0.0
-0.001777914 -0.01807063 -3.124963 0.1102181 0.5940571 0.4854675 -0.1409611 18.85223 1.941765 0 0.0 0.018157881120557433 3.126906103632888 0.0 0.0
-0.01282462 -0.01506146 -4.115948 -6.542205 0.7251007 0.6458684 0.3354105 18.85027 1.973648 0 0.0 0.019781770787166652 7.729260909086263 0.0 0.0
0.02736852 -0.036056 3.978055 -1.324182 1.16054 0.9804294 0.1923627 19.37519 nan 0 0.0 0.045266665693315646 4.19265781481735 0.0 0.0
0.0322225 -0.03232825 -2.572627 -7.576772 0.4847187 0.3617454 0.2463631 18.53263 1.927557 0 0.0 0.045644334306817316 8.001617562787727 0.0 0.0
-0.04035757 -0.01514151 -1.154666 -9.79966 0.3278808 0.2740262 -0.07733411 17.93406 2.607986 0 0.0 0.04310450998892112 9.867451022789826 0.0 0.0
-0.01655947 -0.03972008 -4.315418 -3.758947 1.039731 0.9398441 0.3771812 19.14227 nan 0 0.0 0.0430337170354514 5.722981309032296 0.0 0.0
-0.0009410919 -0.0143532 -2.610401 3.105677 1.295993 1.093762 0.3411713 19.12394 nan 0 0.0 0.014384019056030397 4.057021445485591 0.0 0.0
-0.01982219 -0.0426426 -0.8413467 -3.663302 0.4051179 0.3138722 -0.07384749 18.2166 nan 0 0.0 0.04702457390722536 3.7586760718110424 0.0 0.0
0.0294327 -0.03499024 -6.071639 -12.12235 1.086564 0.7153717 -0.4290036 18.13126 2.048571 0 0.0 0.045723087434551044 13.557882197040254 0.0 0.0
0.01760596 -0.0410134 5.098305 1.988621 1.252834 1.158334 0.4160775 19.36338 nan 0 0.0 0.044632598031949695 5.472415129964649 0.0 0.0
0.01036018 0.02906337 -13.07307 7.611085 0.7451133 0.5921296 -0.081605 17.58226 2.02943 0 0.0 0.030854704752910862 15.127252695123627 0.0 0.0
0.02838357 0.01390487 -2.419887 -7.102325 1.881195 1.673596 0.3528673 19.54364 1.976297 0 0.0 0.03160652552340735 7.503257525794647 0.0 0.0
0.02537583 0.04277512 3.273882 -3.474179 2.12964 1.816544 0.3777508 19.91594 nan 0 0.0 0.04973573804824152 4.773701192362694 0.0 0.0
0.03993121 0.001799694 -12.12999 -6.17517 1.337116 0.9680266 0.01934424 18.70965 1.978218 0 0.0 0.039971745402943515 13.611369583146288 0.0 0.0
0.03691747 -0.0003470849 -2.501469 -9.35231 0.6903652 0.5226931 0.4304175 18.86804 nan 0 0.0 0.03691910154823256 9.681066547341826 0.0 0.0
0.04570585 0.0003768058 -12.79603 -2.029162 1.9931 1.809633 0.2378964 19.9654 nan 0 0.0 0.0457074031950341 12.95592073853279 0.0 0.0
0.03119452 -0.01568447 -2.784747 -5.850156 0.1635855 0.1251932 0.02882511 14.23911 3.576763 1 0.0 0.034915622251526605 6.479131197803066 0.0 0.0
0.009661687 0.01754685 -2.767253 -1.858125 0.3605463 0.2746109 0.1106396 17.93661 1.84444 0 0.0 0.02003097952194223 3.3332143167870263 0.0 0.0
-0.02030863 0.03575889 -0.8424015 -4.36783 1.733142 1.492498 0.4394921 19.75805 1.682955 0 0.0 0.04112345640275147 4.448323189259325 0.0 0.0
0.0349437 0.02571548 -0.9420647 -0.3938862 0.4557854 0.3459694 0.0280039 18.5448 1.840067 0 0.0 0.04338603555662121 1.021093647779933 0.0 0.0
0.01245214 0.01947875 -3.070605 1.331447 0.1141045 0.08769893 0.087865 16.08046 nan 0 0.0 0.023118769260972782 3.3468442120651507 0.0 0.0
-0.001220525 0.03599889 -2.79783 -4.683698 0.3535286 0.2700349 0.1419594 17.98744 1.792086 0 0.0 0.03601957471303242 5.455719903377005 0.0 0.0
0.04579165 0.006323889 -2.056856 -2.850995 0.6900924 0.5540281 0.02137626 19.02956 1.575022 0 0.0 0.04622625641133858 3.515512636125918 0.0 0.0
-0.007555502 0.03890929 -3.170902 1.38817 0.4496494 0.3332638 0.5587206 18.03879 2.086918 0 0.0 0.03963607521912461 3.4614499046648066 0.0 0.0
0.01448923 0.02092241 -1.454532 -4.558897 0.5428325 0.4475475 0.389081 18.44481 1.611078 0 0.0 0.025449656701044123 4.785311400069278 0.0 0.0
0.007457471 0.01917778 -2.99466 0.7997971 0.2809093 0.2194401 0.1781119 16.86823 2.099976 0 0.0 0.020576713037903815 3.0996231894810067 0.0 0.0
-0.00962085 0.04174538 -3.186245 -7.424922 1.72792 1.472554 0.363295 19.66458 2.240833 0 0.0 0.04283967210503484 8.079704444229936 0.0 0.0
0.03395547 -0.01833829 -0.9750059 -0.02930074 1.257365 0.9320265 0.3383162 17.65546 nan 0 0.0 0.03859101997932939 0.975446071497219 0.0 0.0
0.02603542 -0.007926145 -0.2237129 -7.853057 0.4295448 0.3228717 0.1075502 18.62256 1.698133 0 0.0 0.02721519555574468 7.856242849280782 0.0 0.0
0.02311057 0.01643125 -3.819603 -0.0856817 1.222583 1.127691 0.3721824 19.036 1.851406 0 0.0 0.028356382390696457 3.820563889182314 0.0 0.0
-0.001778838 0.04911 1.032799 -3.652771 0.3739517 0.2795557 0.1434225 18.3733 nan 0 0.0 0.049142205532823245 3.795972833522653 0.0 0.0
0.003941441 0.01098587 0.3960007 -1.692685 0.4726769 0.3566912 0.1045506 18.06957 1.771612 0 0.0 0.011671516474450996 1.7383897904743602 0.0 0.0
0.04310759 -0.01059146 -5.567084 -5.692514 0.1917139 0.1430757 0.3901748 16.38992 2.38829 1 0.0 0.0443896760580622 7.962232093028438 0.0 0.0
0.009773113 0.01511116 -0.6968636 -4.058852 0.8548185 0.6428733 -0.7729295 17.90879 nan 0 0.0 0.01799613553673035 4.118239725284209 0.0 0.0
0.03435067 -0.0008003261 -5.332516 -5.653478 0.3413976 0.2648266 0.2483843 16.99308 2.220978 0 0.0 0.034359992015645775 7.771585448718942 0.0 0.0
0.02347337 0.0167974 -11.95501 -20.51748 1.664078 1.464105 0.1540247 19.40153 nan 0 0.0 0.028864368101811963 23.746352344107507 0.0 0.0
0.003355502 0.01048998 -12.55463 -14.20012 1.327729 1.030361 0.2785628 18.78454 1.750452 0 0.0 0.011013585886186388 18.954211733841635 0.0 0.0
0.04598182 -0.008112901 -3.286912 -6.22987 0.1891755 0.134377 0.04638539 15.97206 2.79378 0 0.0 0.04669204357434145 7.043796612100891 0.0 0.0
0.00994058 0.01581496 9.12606 -2.079827 2.444925 2.117926 -0.1455948 19.83981 nan 0 0.0 0.018679616980495077 9.360056168289217 0.0 0.0
0.02486864 0.01759059 -0.7215607 2.243283 1.397519 1.236602 0.1941992 19.25564 1.802855 0 0.0 0.030461091772910898 2.356473734602932 0.0 0.0
0.04185694 0.003923871 -2.518342 -6.412583 0.5100727 0.3816262 0.05965929 18.7747 nan 0 0.0 0.042040458962626 6.88935898040253 0.0 0.0
0.02464709 0.02636063 3.507336 -5.519541 1.770702 1.572399 0.3660438 18.97771 nan 0 0.0 0.036088250989276274 6.539628327938599 0.0 0.0
0.02802231 0.02064743 -2.316275 -1.544291 0.968635 0.9101502 0.3263693 19.06439 1.286259 0 0.0 0.03480755985904499 2.7838758176876355 0.0 0.0
0.03455367 0.02807688 -1.25498 -7.271725 0.149359 0.1136229 0.09446969 16.08419 2.840039 1 0.0 0.0445226605337473 7.379224842490233 0.0 0.0
0.001346903 0.0375839 8.644509 7.761146 1.136876 1.00832 0.468259 19.28473 2.126396 0 0.0 0.03760802689455284 11.617354392648828 0.0 0.0
0.02690762 0.02757134 -2.823008 -9.243451 0.2559084 0.2004218 0.2126086 17.55719 2.146954 0 0.0 0.03852530082244654 9.664924239613315 0.0 0.0
0.02818393 -0.005963934 -2.931246 1.917053 0.1969801 0.1552446 0.191199 17.05959 2.149612 0 0.0 0.028808026989039982 3.502469888139654 0.0 0.0
-0.003760366 0.04759552 -6.533626 -4.824054 1.818099 1.435613 0.7280364 19.84112 nan 0 0.0 0.047743836005544806 8.121561777317956 0.0 0.0
0.01136255 0.003956852 20.39348 17.28619 1.302585 1.11416 0.4230313 19.04657 nan 0 0.0 0.012031800374524339 26.733993177722255 0.0 0.0
-0.006774393 0.04453983 0.3027216 -8.178148 0.09778188 0.07426636 0.08957326 14.11495 2.828367 1 0.0 0.04505206828712029 8.183748840049441 0.0 0.0
0.02420062 0.02635499 -3.428478 0.818694 0.3464864 0.2763797 -0.08143334 17.26377 nan 0 0.0 0.03578065827069843 3.524871807898835 0.0 0.0
0.007317663 0.01400124 0.5113853 -6.235461 0.5439193 0.4058665 0.05013844 18.4471 1.925976 0 0.0 0.01579819335617744 6.256395832072735 0.0 0.0
0.009995249 0.001124552 -1.751537 -7.932662 0.3625721 0.2760993 0.07795928 17.30608 2.136315 0 0.0 0.01005831098011515 8.123731178997309 0.0 0.0
0.004639015 0.01217222 -3.102005 2.65771 0.4220103 0.3301497 0.1918131 17.76172 2.015556 0 0.0 0.013026258092738106 4.084832611518494 0.0 0.0
-0.008615519 0.03201035 -1.43437 -6.743124 0.3871792 0.2948906 0.1499769 18.08111 2.107683 0 0.0 0.03314950489467167 6.89399293416203 0.0 0.0
-0.001081068 0.04511602 -1.977286 0.1071143 0.633942 0.4557532 0.5379661 18.72537 1.808254 0 0.0 0.045128970392210636 1.9801851931222216 0.0 0.0
0.00801482 0.007703136 6.643909 -1.077552 0.9939757 0.8897872 -0.280162 18.73806 nan 0 0.0 0.011116458242934033 6.730723966482729 0.0 0.0
0.0426377 0.002588472 -8.785937 -10.18787 1.910125 1.531092 0.5507184 19.95232 nan 0 0.0 0.04271619890140957 13.453080840642748 0.0 0.0
0.04883179 0.003692542 -3.011345 -10.68259 0.2588469 0.2020009 0.1667193 17.54635 nan 0 0.0 0.04897120154770418 11.098915614469956 0.0 0.0
0.04040523 0.0009450542 -1.776316 1.45706 0.2832082 0.2214419 0.1742634 17.86801 1.481588 0 0.0 0.04041628061553707 2.2974599834286558 0.0 0.0
0.01365013 0.001999691 -2.341137 3.29345 0.787039 0.5871053 0.09465747 18.68493 nan 0 0.0 0.013795825930779968 4.040759254802122 0.0 0.0
0.03395937 -0.003531546 -2.137662 -2.03378 0.5652369 0.4237441 0.4217022 18.65865 1.78248 0 0.0 0.034142504711093126 2.950569422102114 0.0 0.0
0.02459101 0.02492822 2.122677 -5.551678 1.774 1.595293 0.2495968 19.6736 1.079298 0 0.0 0.035016195184350056 5.943642507925001 0.0 0.0
0.0334571 -0.003899533 -2.025766 -6.717109 0.8098934 0.6097928 0.4214329 18.74993 1.681433 0 0.0 0.03368358499370411 7.015930530203175 0.0 0.0
0.03354096 -0.003273945 -32.87804 -25.46688 2.155359 1.939999 0.2827406 19.60034 nan 0 0.0 0.03370036666840029 41.587588186573164 0.0 0.0
0.005420109 0.008626427 -3.184201 1.674395 0.6039243 0.4619808 -0.1871923 18.54041 nan 0 0.0 0.010187876341917878 3.5976012319913946 0.0 0.0
0.0299762 0.02350611 -1.790448 -8.635541 0.2445635 0.1916952 0.1964103 17.35374 2.209923 1 0.0 0.038093434785696344 8.81919907947343 0.0 0.0
0.006982888 0.0148939 -3.257332 1.085443 0.2543579 0.2001041 0.2003912 17.61449 1.558346 0 0.0 0.0164495891143379 3.4334236942843215 0.0 0.0
0.002099958 0.01089436 -1.178288 3.691987 0.4934825 0.3858994 0.1931976 17.91974 1.883343 0 0.0 0.011094904389464743 3.875452311551905 0.0 0.0
0.0126174 -0.002606451 -2.932451 2.421612 0.9377388 0.7518749 -0.002284181 18.89646 1.644264 0 0.0 0.012883802605418984 3.8030873702749717 0.0 0.0
0.02212968 -0.008694079 6.287212 2.641591 1.668114 1.464305 0.0305003 19.79245 1.72949 0 0.0 0.023776243323129095 6.819606861412541 0.0 0.0
0.03872479 -0.02073145 -7.884476 -10.92727 1.734968 1.413213 0.5880134 19.99583 1.773277 0 0.0 0.04392496305799926 13.474798382442538 0.0 0.0
0.03289952 -0.002426917 -2.890551 1.307178 0.1113223 0.08445335 0.04566274 16.02223 2.198877 1 0.9964636 0.03298891241546604 3.1723807160057254 0.0 0.0
0.0215233 0.03547449 -2.336004 -6.982803 0.173384 0.1361349 0.1908927 16.90991 2.202348 1 0.0 0.041493275161766874 7.3631822213513765 0.0 0.0
0.02664903 -0.008508012 -7.298362 -4.119971 1.318666 1.165783 0.6121774 19.34461 nan 0 0.0 0.027974221492885983 8.380945586500665 0.0 0.0
-0.005796791 0.02655549 1.873891 -5.377991 0.4345459 0.3245527 0.08167318 18.51306 2.239178 0 0.0 0.027180817409301384 5.695107959991803 0.0 0.0
0.009382562 0.01619456 -1.214578 -1.311175 1.557828 1.4475 0.2837653 19.69512 1.517847 0 0.0 0.018716202693854437 1.7872827416805097 0.0 0.0
0.02054442 0.02190387 -5.047966 -6.637389 0.1772001 0.1391112 0.1852402 16.89202 2.300149 0 0.0 0.030030862693457543 8.338878430249299 0.0 0.0
0.02006933 0.01724048 -3.206386 1.831229 1.249484 1.066404 0.3359617 19.38858 1.682699 0 0.0 0.02645774286063155 3.6924667678175522 0.0 0.0
0.012535 0.01068396 -0.2891788 -8.012034 1.499407 1.356002 0.3774959 19.33238 1.690857 0 0.0 0.016470374199804932 8.017250974961769 1.0 0.0
0.03468464 -0.003810212 3.201217 -7.631719 1.144299 0.9025706 0.2273896 18.94215 2.007784 0 0.0 0.03489329401782733 8.275924430300822 0.0 0.0
0.02743769 0.02701238 -5.36597 -4.518468 0.4511894 0.344259 0.1431983 18.10527 1.806345 0 0.0 0.038503188255006884 7.014997299210029 0.0 0.0
0.03080764 -0.0003550208 -5.051286 -3.008499 0.6894079 0.6020127 -0.1530775 18.92335 1.682476 0 0.0 0.03080968552481561 5.8793329967605175 0.0 0.0
0.0134843 0.01709065 -0.9715257 -3.553471 1.084546 0.8758813 0.1649448 18.63057 1.853655 0 0.0 0.02176962709631242 3.6838863084521885 0.0 0.0
0.04433954 0.002532586 2.295361 -2.352292 0.451351 0.297523 0.05692131 18.5077 1.716558 0 0.0 0.04441180923199364 3.286633501561286 0.0 0.0
0.04154442 -0.01356451 3.995907 1.803583 2.484888 2.104073 0.2113382 19.95988 nan 0 0.0 0.04370280042144325 4.384083072951287 0.0 0.0
0.01552055 0.01173459 -2.43822 0.7026563 0.6395705 0.4758422 -0.36191 18.80174 nan 0 0.0 0.019457339868815572 2.537448057464367 0.0 0.0
