jas1101finalproject/data/gcs/NGC_6101.ecsv
# %ECSV 0.9
# ---
# datatype:
# - {name: x, unit: deg, datatype: float64}
# - {name: y, unit: deg, datatype: float64}
# - {name: pmx, unit: mas / yr, datatype: float64}
# - {name: pmy, unit: mas / yr, datatype: float64}
# - {name: pmx_e, unit: mas / yr, datatype: float64}
# - {name: pmy_e, unit: mas / yr, datatype: float64}
# - {name: pm_corr, datatype: float64}
# - {name: g_mag, unit: mag, datatype: float64}
# - {name: bp_rp, unit: mag, datatype: float64}
# - {name: filter, datatype: int64}
# - {name: memberprob, datatype: float64}
# - {name: r, unit: deg, datatype: float64}
# - {name: pm, unit: mas / yr, datatype: float64}
# - {name: member_prob_GMM, datatype: float64}
# meta: !!omap
# - comments: [deg deg mas/yr mas/yr mas/yr mas/yr dimless mag   mag   zeroone float]
# - __serialized_columns__:
#     bp_rp:
#       __class__: astropy.units.quantity.Quantity
#       unit: &id001 !astropy.units.Unit {unit: mag}
#       value: !astropy.table.SerializedColumn {name: bp_rp}
#     g_mag:
#       __class__: astropy.units.quantity.Quantity
#       unit: *id001
#       value: !astropy.table.SerializedColumn {name: g_mag}
#     pm:
#       __class__: astropy.units.quantity.Quantity
#       unit: !astropy.units.Unit {unit: mas / yr}
#       value: !astropy.table.SerializedColumn {name: pm}
#     pmx:
#       __class__: astropy.units.quantity.Quantity
#       unit: !astropy.units.Unit {unit: mas / yr}
#       value: !astropy.table.SerializedColumn {name: pmx}
#     pmx_e:
#       __class__: astropy.units.quantity.Quantity
#       unit: !astropy.units.Unit {unit: mas / yr}
#       value: !astropy.table.SerializedColumn {name: pmx_e}
#     pmy:
#       __class__: astropy.units.quantity.Quantity
#       unit: !astropy.units.Unit {unit: mas / yr}
#       value: !astropy.table.SerializedColumn {name: pmy}
#     pmy_e:
#       __class__: astropy.units.quantity.Quantity
#       unit: !astropy.units.Unit {unit: mas / yr}
#       value: !astropy.table.SerializedColumn {name: pmy_e}
#     r:
#       __class__: astropy.units.quantity.Quantity
#       unit: &id002 !astropy.units.Unit {unit: deg}
#       value: !astropy.table.SerializedColumn {name: r}
#     x:
#       __class__: astropy.units.quantity.Quantity
#       unit: *id002
#       value: !astropy.table.SerializedColumn {name: x}
#     y:
#       __class__: astropy.units.quantity.Quantity
#       unit: *id002
#       value: !astropy.table.SerializedColumn {name: y}
# schema: astropy-2.0
x y pmx pmy pmx_e pmy_e pm_corr g_mag bp_rp filter memberprob r pm member_prob_GMM
[from data line 9573]
0.08085903 -0.03302607 1.475098 -0.7166771 0.6548781 0.9899716 0.206729 19.80653 0.621851 1 0.9807117 0.08734359754547438 1.639981760651139 1.0
0.08138825 -0.01339779 1.073545 2.404653 1.373222 1.913924 0.07066123 20.48685 0.5105629 0 0.0 0.08248362270745993 2.633411270089425 1.0
-0.02580252 -0.006544716 0.8902522 -0.4353528 0.4821359 0.5724094 0.1447416 19.41628 nan 0 0.0 0.026619604540095182 0.9910000202183046 1.0
0.0009506039 0.001430823 3.658925 -1.311563 0.8992307 0.9058571 0.0424588 20.07089 0.6356258 0 0.0 0.001717819033549288 3.8868920307353534 0.0
0.001178721 -0.005412757 0.5487754 2.089553 0.3964724 0.7335632 0.008968707 18.7928 nan 0 0.0 0.005539613843661848 2.160413427900817 1.0
-0.05680292 -0.102562 -2.064136 -0.7925944 1.204793 1.683458 0.7589457 19.70404 nan 0 0.0 0.1172413560332974 2.2110774091847984 1.0
-0.002434883 -0.07523708 1.851306 -0.2808537 0.1117407 0.135708 0.1468863 17.34128 1.069252 1 0.9996317 0.07527646951172783 1.872488372844993 1.0
-0.1158547 -0.07043046 0.5367938 1.267779 0.6946225 0.8928616 0.0442264 19.88619 2.24526 0 0.0 0.1355830417415895 1.3767393277448858 0.0
0.04687676 -0.003893182 -1.200224 -4.802538 1.741012 1.449498 0.2280011 20.06488 0.1722393 0 0.0 0.0470381493490414 4.95024331640577 0.0
-0.007283795 0.01761898 1.784014 -0.3408693 0.04753553 0.06200051 0.06306833 15.60766 1.229171 1 0.9998844 0.019065207206910312 1.8162868253330724 1.0
0.02314584 -0.0228681 -0.4628173 -0.4649348 2.102964 1.190196 -0.2530773 20.29637 nan 0 0.0 0.032537361707975034 0.6560215098838833 1.0
0.02226933 -0.0388506 2.290483 0.03996877 0.3356124 0.4331304 0.09511568 19.12067 0.881567 0 0.0 0.044780488820566705 2.290831699593908 1.0
0.005017412 -0.08563646 -0.4456601 -2.0698 2.31885 3.481809 0.5606778 20.82978 2.242546 0 0.0 0.08578331833468174 2.117235217148064 1.0
-0.006920094 -0.006016744 1.668316 -0.04440524 0.1144801 0.1279966 0.03359909 17.24006 1.076624 1 0.9997163 0.009170000508744369 1.6689068581545996 1.0
0.008445675 9.376415e-05 1.731783 -0.2307311 0.2190015 0.2569495 0.07946268 18.35472 0.9851208 0 0.0 0.008446195470236895 1.7470859164895727 1.0
-0.07439116 -0.03604288 0.6481542 -3.468158 0.1438435 0.164478 0.1066335 17.82508 0.9140244 1 0.0 0.08266277206118847 3.5282040445447085 0.0
-0.008496726 0.02583532 2.243144 -0.2625155 0.7305905 0.862361 0.1382375 20.09838 0.5538616 0 0.0 0.027196656269134922 2.2584528758591023 1.0
0.01805205 0.007983272 1.356096 -0.9279842 0.2495026 0.2884824 0.07642648 18.46619 1.007381 0 0.0 0.019738519220764358 1.6432136308665528 1.0
0.0134704 0.02770919 -0.8276181 -3.398374 2.172235 1.535365 0.1017297 20.54381 0.6781273 0 0.0 0.0308099153944976 3.4976988954630746 1.0
0.06957143 -0.01390621 0.5858464 0.8547897 1.306197 1.228251 -0.0301129 20.40679 nan 0 0.0 0.07094763243977208 1.0362825076295796 1.0
-0.0769916 0.02256355 1.506652 -8.062737 0.468749 0.52234 0.1266366 19.55263 1.264662 1 0.0 0.08022979657934139 8.20230017618674 0.0
-0.02463959 0.09342488 -2.203381 7.001018 0.2095888 0.2045252 0.2421019 18.13605 0.8326893 0 0.0 0.09661944730944438 7.339559991408545 0.0
0.01106199 0.02302634 1.392462 -1.050333 0.3952336 0.4666897 0.1168819 19.11922 0.9560375 0 0.0 0.025545644571153416 1.7441759751621968 1.0
-0.1182496 0.02468712 -2.077517 -6.474303 0.2733807 0.2881276 0.3343706 18.50226 1.164854 1 0.0 0.12079909682631902 6.799461465520486 0.0
-0.02554407 0.01215531 1.830253 -0.1207077 0.2752117 0.2882662 0.1329048 18.50767 1.002707 0 0.0 0.02828870929118188 1.8342291004256501 1.0
-0.01266657 0.004043369 4.763315 -1.326453 0.6531151 0.7714184 0.1200001 19.88872 0.7436104 0 0.0 0.013296271222980563 4.944557346258005 1.0
-0.06810541 0.1499033 -7.063177 -4.065381 0.1059096 0.1119535 0.1652971 17.08887 0.9825344 1 0.0 0.16464916101261523 8.149588456387844 0.0
-0.006907324 -0.002774246 0.8382723 -8.002341 1.421712 1.502997 0.07247599 20.16189 nan 0 0.0 0.0074436258442705195 8.046127138520015 0.0
-0.02285656 0.09205388 -4.13562 -5.172204 0.8551283 0.8910226 0.3146277 20.08697 0.9150925 0 0.0 0.09484903351161782 6.622314323710103 0.0
0.02467841 -0.0988131 -2.208935 -0.5010715 0.2448632 0.3073416 0.1623188 18.67001 1.038542 1 0.0 0.10184818433206408 2.2650533067319296 1.0
0.08112811 -0.111893 -10.04474 -11.20613 1.094067 1.555518 0.2480387 20.38847 1.261738 0 0.0 0.1382093111232818 15.049058151409342 0.0
0.00667317 -0.05162517 -2.476153 -2.496347 0.2765064 0.3493362 0.1838987 18.69564 1.103382 0 0.0 0.05205467678679602 3.5161174644510953 1.0
0.02084302 0.04986572 2.95334 -0.8188868 2.07161 2.412492 0.09012603 20.70135 nan 0 0.0 0.0540464754987668 3.0647663445708613 1.0
-0.05249859 -0.04267348 1.793594 -0.1526032 0.07515258 0.09833677 0.03644985 16.81361 1.128593 1 0.9998573 0.06765447396365225 1.800074213327395 1.0
-0.008504297 -0.04850551 0.9281482 -0.4701651 0.4930467 0.6284962 0.1241964 19.27048 0.850914 0 0.0 0.049245381182648075 1.040439475616554 1.0
-0.02360883 0.09384585 -1.81021 1.535061 0.4258136 0.4080297 0.2750116 19.04113 1.036686 0 0.0 0.09676993549750562 2.3734516042719305 1.0
-0.03982249 -0.08575538 1.802565 1.789196 0.5253166 0.7274884 0.09468676 19.79607 0.7435856 1 0.901248 0.09455059972704828 2.539776152664049 1.0
-0.009835916 -0.0114502 6.53011 0.5361817 0.9840541 1.19574 0.007192813 19.67347 nan 0 0.0 0.015094778024172997 6.552085731087078 0.0
0.0600369 0.006391189 2.4663 -0.9823253 0.7488551 0.8572707 0.2260224 20.05199 0.6954212 1 0.9846217 0.06037612656045203 2.6547313771867938 1.0
0.005593461 0.007297001 1.720318 0.5081032 0.4040841 0.5597949 0.07246593 19.41569 nan 0 0.0 0.00919418455071041 1.7937845140858586 1.0
0.09328499 -0.01289736 -3.580956 -0.3624992 0.5662109 0.7961433 0.175649 19.88159 1.225029 1 0.0 0.09417234867130425 3.599257082223586 0.0
0.07819771 -0.1196165 -5.599572 -4.448539 2.943878 4.649057 0.4740302 20.95202 0.09940147 0 0.0 0.14290902323329377 7.151552685795233 0.0
-0.07886295 -0.02883644 4.711546 2.181177 2.068571 2.169726 0.03773765 20.77253 0.2272301 1 0.9451426 0.08396966806279575 5.1919359409997545 0.0
-0.1513633 -0.003731558 0.9036235 -8.234334 0.2827875 0.3129501 0.1062661 18.77434 1.342962 1 0.0 0.15140929004521936 8.283766767196447 0.0
-0.03538134 0.07986526 1.783164 -0.7371618 1.384883 1.19606 0.0127135 20.35945 0.618618 0 0.0 0.08735158255614606 1.9295287948810818 1.0
-0.01025554 -0.01122918 0.234465 -1.46515 1.251285 1.817152 -0.07210814 20.4746 nan 0 0.0 0.015207583113828443 1.4837918852470517 1.0
-0.1413824 0.07469642 -4.216844 -8.850702 0.520476 0.5148857 0.221495 18.89057 1.372343 0 0.0 0.15990165161928876 9.80391244417962 0.0
0.0005075351 0.00320086 2.129962 0.9972184 0.5476399 0.6529448 0.1166833 19.75142 0.3204079 0 0.0 0.0032408481324079363 2.3518466486449663 0.0
0.008564604 0.01512362 -1.209653 0.8756584 1.163043 1.384365 0.084218 20.09637 0.7820225 0 0.0 0.01738034302254176 1.4933311802475566 1.0
-0.009651335 0.0009858103 1.12292 3.475069 0.8210279 1.427979 0.02124238 19.603 0.6409512 0 0.0 0.00970155086724855 3.6519931381590793 1.0
-0.02367784 -0.08478133 3.315649 4.242874 1.502232 2.099893 0.3804859 20.61882 0.7009678 0 0.0 0.08802564412507585 5.384747725852809 0.0
-0.06260149 -0.0601842 -0.08615727 -10.54004 1.024471 1.14408 0.1138036 20.45269 1.686581 0 0.0 0.08683941777706769 10.54039213107244 0.0
-0.007176798 -0.02919494 1.436215 -1.582864 0.5751834 0.7177401 -0.004914341 19.60138 0.7976952 0 0.0 0.03006411400883791 2.137328231395683 1.0
0.1115712 -0.07767482 -12.51635 -8.667721 0.230791 0.2894787 0.09541551 18.39463 0.9709988 1 0.0 0.13594671872271283 15.224598669795569 0.0
0.005550148 0.01839778 2.011324 -0.2644412 0.3750928 0.4220931 0.1066089 19.16024 0.7582912 0 0.0 0.019216723231349927 2.028633377728327 1.0
-0.04597439 -0.02794646 1.889643 -0.5803859 0.4214624 0.5012176 0.1345177 19.50081 0.8349571 1 0.9968492 0.05380194385339344 1.9767646446574791 1.0
-0.01318097 -0.0007253651 1.651604 -0.9839013 0.269383 0.2722699 0.1512963 18.30911 0.9212685 0 0.0 0.01320091378159853 1.922461323657173 1.0
-0.04059803 0.04083011 -1.12231 -1.567306 0.4224515 0.4819155 0.1006816 19.231 0.971735 0 0.0 0.057578623832920846 1.9277001410323131 1.0
0.05059349 -0.1316729 1.573288 -0.40652 0.893251 1.126332 0.1301234 20.2672 0.5807858 0 0.0 0.14105833482921207 1.6249595814493356 0.0
-0.001241065 -0.007419292 1.963993 -1.527832 0.1639896 0.1928788 0.03320246 17.46356 1.014498 0 0.0 0.007522375696247097 2.488280354838056 1.0
0.1089408 -0.1153335 -3.308809 -1.79918 4.260223 4.047698 0.104192 20.95675 0.9214458 0 0.0 0.15865028877026982 3.766333186387126 0.0
0.005741658 0.01869527 5.499597 -1.163271 2.267528 2.263281 0.06895154 20.55378 nan 0 0.0 0.019557089685376606 5.62127802033043 1.0
-0.05421724 -0.01058148 -0.06870562 -0.7956897 1.660604 1.134786 -0.02816176 20.12673 0.3471298 0 0.0 0.05524017407836438 0.7986504622835164 1.0
-0.008829734 -0.04888713 2.691287 -0.3924765 2.741033 2.708202 0.1666987 20.9163 nan 0 0.0 0.04967812075901881 2.7197543123269887 1.0
-0.01982238 0.02101246 0.6041262 1.439729 1.876668 1.553054 0.04114829 20.44317 0.5728703 0 0.0 0.028886852097727782 1.5613417495754862 1.0
0.01128263 -0.06611564 1.840036 -0.4600107 0.2559783 0.3294637 0.1517749 18.74492 0.9667263 1 0.998417 0.06707142157675279 1.896666108046034 1.0
0.01169554 0.005890326 1.785752 -0.4489805 0.1830804 0.2115736 0.08848513 18.08287 0.958992 0 0.0 0.013095098177481375 1.8413293281985843 1.0
-0.08316845 0.04193843 -5.566959 -6.023934 0.1776912 0.1793836 0.1740747 17.73029 0.9501362 1 0.0 0.09314409796797327 8.202366325886512 0.0
0.03153177 0.007667564 1.284207 0.5595973 0.6524588 0.8116395 0.03098858 19.92483 0.6759205 0 0.0 0.032450640317673175 1.4008343074811846 1.0
-0.01468333 -0.01748829 4.300262 -9.968302 1.595026 1.342573 0.04717843 19.31727 nan 0 0.0 0.022835070987693468 10.85630222644193 0.0
0.06142812 -0.004531128 2.213544 0.7893981 1.019948 1.117184 0.0700413 20.2214 0.6550255 0 0.0 0.06159500830170237 2.3500907216998264 1.0
-0.003543829 -0.009174353 0.8010938 -1.317146 0.9293315 1.02628 0.1028947 19.9955 0.7656288 0 0.0 0.009835012808829991 1.5416305853590346 1.0
-0.01653246 -0.01311821 2.225086 3.34133 0.3674113 0.4583659 0.07527983 19.22151 0.4067268 0 0.0 0.02110473092118684 4.014410775729858 1.0
-0.1405972 0.07059006 -2.354588 -2.687824 0.476064 0.5430959 0.1528351 19.43933 1.186098 1 0.0 0.1573230091837923 3.5733013453555804 0.0
0.01617237 -0.1385908 -7.287805 -4.813627 1.083952 1.346631 0.1035867 20.38245 1.734858 0 0.0 0.13953119864767483 8.734020071716918 0.0
-0.00352872 0.009273526 -2.47548 2.304564 1.649001 1.556678 -0.4737493 19.47138 nan 0 0.0 0.00992220486137411 3.3821615071572206 1.0
0.00459494 0.025913 3.379719 -1.003337 0.7721088 0.8544009 0.09551765 19.99325 nan 0 0.0 0.026317238506416284 3.5255050212033456 1.0
0.01021653 0.03949869 1.961162 -0.4392263 0.5543022 0.7063596 0.1683498 19.76466 0.8716698 0 0.0 0.04079857836931331 2.0097452905419857 1.0
0.009444178 0.0008638475 1.715781 0.05885867 0.4752378 0.5734196 0.08175797 19.36224 0.8041649 0 0.0 0.009483603249764314 1.7167902559704749 1.0
-0.01134468 -0.006240194 -6.670527 1.678738 1.334988 1.54072 0.1376215 20.00199 nan 0 0.0 0.012947655597058334 6.8785239499745146 0.0
-0.01946111 -0.007086227 1.815312 -0.1971174 0.06997172 0.08411704 0.0521629 16.4911 1.14674 1 0.9999325 0.02071109402053955 1.8259827290329884 1.0
-0.07662855 -0.01858062 -7.352466 -6.223285 1.26093 1.485103 0.2834943 20.43213 1.365854 0 0.0 0.07884905906025068 9.632654487335305 0.0
-0.01781791 -0.01405783 1.555177 -0.03539476 0.1298242 0.1540733 0.05510572 17.49414 1.056614 0 0.0 0.022695825631093486 1.5555797280642538 1.0
-0.003746607 -0.0662041 -3.689737 -9.100466 0.1231855 0.143152 0.1191431 17.45014 0.9824238 1 0.0 0.06631002881029723 9.820012247768585 0.0
0.01537901 -0.07463302 1.793143 -0.4107543 0.4274223 0.5896493 0.1495578 19.59163 0.78335 1 0.9955603 0.07620106051034001 1.839587158418293 1.0
-0.06000784 -0.007372217 1.260741 -0.2979174 0.843476 0.8432026 0.2385603 19.88214 0.6779156 0 0.0 0.06045899804793897 1.2954623291720064 1.0
-0.01204699 -0.01597575 2.002572 -9.50598 0.4370917 0.4730633 0.08447721 18.37418 0.9440212 0 0.0 0.020008861939715614 9.714625591116931 0.0
-0.009339151 -0.0441953 1.810992 -3.916048 1.944473 2.502288 0.2429967 20.59715 0.407547 0 0.0 0.045171277195700375 4.314524766688447 1.0
-0.05372528 -0.04327975 -8.488874 -6.119466 1.001533 1.320026 0.3602373 20.3552 1.01878 0 0.0 0.06898943738820386 10.464647433766318 0.0
0.08746351 -0.106429 -6.038024 -7.174669 0.976895 1.634612 0.2420197 20.35522 1.453508 1 0.0 0.1377570238591125 9.377292204263286 0.0
0.015115 0.0054377 0.9791784 -0.4525502 0.6147739 0.7573438 0.09204857 19.90447 nan 0 0.0 0.016063368460257643 1.0786992271002145 1.0
0.1264894 -0.1011717 0.3723644 -3.703279 0.2297891 0.3064625 0.1870602 18.47618 1.09498 1 0.0 0.16197308786724418 3.7219525249831387 0.0
-0.0203174 0.02107296 -13.76357 4.472038 1.875926 3.094981 -0.1074562 20.31205 nan 0 0.0 0.02927228016266584 14.471868677484052 0.0
-0.0701504 0.04222908 -1.299236 -5.114599 0.353141 0.3452834 0.1834612 18.95789 1.419983 1 0.0 0.08188024070437507 5.277038669035599 0.0
0.07665559 -0.02951375 1.930321 0.8512604 1.612387 1.911312 0.2690487 20.46883 0.6539764 0 0.0 0.08214098195974162 2.1096879939102746 1.0
-0.03054631 0.03976613 4.007377 -0.6142981 3.95082 2.214957 0.1905018 20.77764 0.9568481 0 0.0 0.05014401409732771 4.05418704252685 1.0
-0.01942346 -0.0821213 3.432357 -0.6125636 2.027993 2.562405 0.2043806 20.74172 0.6110573 1 0.9168363 0.0843870766886826 3.486589843886711 0.0
-0.07453416 -0.006509832 2.695297 0.1052304 0.7818603 0.7676608 0.1004487 19.86804 0.7281704 0 0.0 0.07481790507341023 2.697350432423114 1.0
-0.01431285 0.02142193 0.7601854 -1.404102 0.3648367 0.471217 0.0753001 19.23637 0.7845402 0 0.0 0.025763477250701234 1.5966791377033647 1.0
0.01757288 -0.0100369 2.035231 0.8242635 1.256163 1.15225 0.008961018 20.23891 nan 0 0.0 0.020237229877243575 2.195808630275701 1.0
-0.01318096 0.02532902 -1.55712 1.179832 1.901937 2.018941 0.09936331 20.60838 nan 0 0.0 0.028553405413050122 1.953618755700303 1.0
0.0003728611 0.03317675 -3.638311 -0.4623457 1.426061 1.130938 -0.03268791 20.15372 0.7187786 0 0.0 0.03317884515715388 3.66757010553711 1.0
-0.1423254 0.01009682 -5.549656 -7.358399 0.628748 0.7063024 0.3008636 19.86731 0.8279552 1 0.0 0.1426830938102773 9.216545858483915 0.0
0.02273573 -0.09796373 -3.580693 -7.428417 0.3033026 0.3868972 0.1923321 18.99188 0.8512955 1 0.0 0.1005674192477156 8.246377476573455 0.0
-0.08662276 0.1188276 1.436478 -1.149239 0.2957725 0.2965979 0.2082007 18.65716 1.143551 1 0.6527945 0.14704931510135502 1.839624777938425 0.0
-0.07327045 -0.02759257 -2.122022 3.488549 2.040665 1.959661 0.06470759 20.72571 0.8714542 1 0.487698 0.07829373386425889 4.083252563078238 0.0
-0.08692199 0.04286717 1.553929 -0.1672518 0.2615213 0.2580272 0.2606818 18.24767 1.097719 1 0.9975803 0.09691762795987632 1.5629038683310754 1.0
-0.03394548 -0.02792792 -1.565722 10.36672 1.50478 1.630196 0.1440111 19.91346 0.7975349 0 0.0 0.04395752868345535 10.484291532558794 0.0
-0.0379332 -0.09688266 -0.6855034 -6.229108 0.09732314 0.113968 0.1339748 17.0519 1.012493 1 0.0 0.10404411310072088 6.266713762976218 0.0
0.04537126 -0.01872862 1.748665 -0.2453369 0.0453572 0.0553372 0.04827712 15.5768 1.249082 1 0.999955 0.04908474754026958 1.7657914590139487 1.0
-0.0082592 -0.003865807 3.28363 -0.2991736 0.5259487 0.6082414 0.08972984 19.53702 nan 0 0.0 0.00911914735056129 3.2972307804939827 1.0
0.0026414 -0.01512513 6.129871 -13.55449 1.431648 1.973615 -0.1015519 20.03631 nan 0 0.0 0.015354040233010334 14.876139204670713 0.0
-0.05762026 -0.01051554 1.858188 -1.240128 0.5194669 0.5147114 0.1511748 19.3384 0.8699112 0 0.0 0.05857192965883231 2.234005393844876 1.0
0.01696255 -0.009685377 2.408368 6.30342 1.363918 3.269332 -0.2138299 20.32236 nan 0 0.0 0.019532911460778932 6.747839663168057 0.0
