jas1101finalproject/data/gcs/NGC_6362.ecsv
# %ECSV 0.9
# ---
# datatype:
# - {name: x, unit: deg, datatype: float64}
# - {name: y, unit: deg, datatype: float64}
# - {name: pmx, unit: mas / yr, datatype: float64}
# - {name: pmy, unit: mas / yr, datatype: float64}
# - {name: pmx_e, unit: mas / yr, datatype: float64}
# - {name: pmy_e, unit: mas / yr, datatype: float64}
# - {name: pm_corr, datatype: float64}
# - {name: g_mag, unit: mag, datatype: float64}
# - {name: bp_rp, unit: mag, datatype: float64}
# - {name: filter, datatype: int64}
# - {name: memberprob, datatype: float64}
# - {name: r, unit: deg, datatype: float64}
# - {name: pm, unit: mas / yr, datatype: float64}
# - {name: member_prob_GMM, datatype: float64}
# meta: !!omap
# - comments: [deg deg mas/yr mas/yr mas/yr mas/yr dimless mag   mag   zeroone float]
# - __serialized_columns__:
#     bp_rp:
#       __class__: astropy.units.quantity.Quantity
#       unit: &id001 !astropy.units.Unit {unit: mag}
#       value: !astropy.table.SerializedColumn {name: bp_rp}
#     g_mag:
#       __class__: astropy.units.quantity.Quantity
#       unit: *id001
#       value: !astropy.table.SerializedColumn {name: g_mag}
#     pm:
#       __class__: astropy.units.quantity.Quantity
#       unit: !astropy.units.Unit {unit: mas / yr}
#       value: !astropy.table.SerializedColumn {name: pm}
#     pmx:
#       __class__: astropy.units.quantity.Quantity
#       unit: !astropy.units.Unit {unit: mas / yr}
#       value: !astropy.table.SerializedColumn {name: pmx}
#     pmx_e:
#       __class__: astropy.units.quantity.Quantity
#       unit: !astropy.units.Unit {unit: mas / yr}
#       value: !astropy.table.SerializedColumn {name: pmx_e}
#     pmy:
#       __class__: astropy.units.quantity.Quantity
#       unit: !astropy.units.Unit {unit: mas / yr}
#       value: !astropy.table.SerializedColumn {name: pmy}
#     pmy_e:
#       __class__: astropy.units.quantity.Quantity
#       unit: !astropy.units.Unit {unit: mas / yr}
#       value: !astropy.table.SerializedColumn {name: pmy_e}
#     r:
#       __class__: astropy.units.quantity.Quantity
#       unit: &id002 !astropy.units.Unit {unit: deg}
#       value: !astropy.table.SerializedColumn {name: r}
#     x:
#       __class__: astropy.units.quantity.Quantity
#       unit: *id002
#       value: !astropy.table.SerializedColumn {name: x}
#     y:
#       __class__: astropy.units.quantity.Quantity
#       unit: *id002
#       value: !astropy.table.SerializedColumn {name: y}
# schema: astropy-2.0
x y pmx pmy pmx_e pmy_e pm_corr g_mag bp_rp filter memberprob r pm member_prob_GMM
[from data line 10802]
0.1203706 0.06601277 -4.794642 -4.720586 0.5457831 0.6192372 0.2232544 19.85713 0.8324413 1 0.9355143 0.13728352831797738 6.728486017787359 1.0
0.0393129 -0.07101996 -5.80213 -4.775252 0.1506048 0.2040022 0.05941423 18.13156 0.9198532 1 0.9968954 0.08117474252999882 7.5145022589925405 1.0
-0.04918632 -0.1850898 -1.643741 -6.675111 0.5270254 0.6444444 0.04895004 19.69764 0.8793335 1 0.0 0.1915137805464202 6.8745175348821395 0.0
0.06424453 0.03725681 -4.988995 -9.494726 1.348447 3.748039 0.09554212 20.47896 nan 0 0.0 0.07426593786048218 10.725665150707485 0.0
-0.01776497 0.07999117 -4.86221 -4.398828 0.3937372 0.5900649 -0.1154029 19.37068 0.8032722 0 0.0 0.08194010884218912 6.55673499980623 1.0
-0.01562002 0.01229704 -6.361184 -2.128233 0.2632835 0.4076734 0.04104117 18.89334 0.7193146 0 0.0 0.019879693598292704 6.707759505538716 1.0
-0.03542866 0.05037744 -4.216041 -4.809063 1.284656 1.952695 0.3954567 20.41972 0.6200199 0 0.0 0.06158795669892938 6.3954740755983055 1.0
-0.00267397 -0.01948214 -5.645564 -1.213181 2.44253 2.185504 0.6151536 19.8189 nan 0 0.0 0.01966478818956614 5.774443784197488 1.0
0.01400152 0.07050267 -5.195344 -0.4250933 1.842014 2.693072 0.2195314 20.9267 0.05891991 0 0.0 0.07187954534802861 5.212705975982234 0.0
-0.0006189538 0.06464732 -4.50691 -5.334537 0.7883099 1.00319 0.1942318 20.22526 0.9184723 0 0.0 0.06465028296139881 6.983517935286556 1.0
0.001194301 0.05528603 -5.842064 -3.631649 1.080713 1.221677 0.2576314 20.21355 nan 0 0.0 0.05529892827206962 6.878850648131342 1.0
-0.03999496 0.01349745 -6.130228 -2.960587 0.4671507 0.8627161 -0.1482925 19.613 nan 0 0.0 0.04221111206665965 6.807699370312485 1.0
0.07135786 0.08122059 -2.868474 -4.014209 1.484131 2.074918 0.3642777 20.7048 0.6976814 1 0.6014886 0.10811442282936952 4.933762963941113 0.0
0.02783818 -0.08174622 -0.6144018 -6.271246 0.1284298 0.1700558 0.0538442 17.91103 0.9019947 1 0.0 0.08635628957986094 6.301270980076896 1.0
-0.01866077 0.06482327 -4.833335 -3.462585 0.7581127 0.9133029 0.1888832 20.16563 0.130579 1 0.9602155 0.06745576825213541 5.945638914738264 1.0
-0.0262368 -0.02436375 -5.647486 -4.123492 0.17933 0.2533075 -0.03417448 18.4202 0.812006 1 0.9917544 0.03580449676091678 6.9926593220505175 1.0
-0.01288408 0.03966528 -5.505444 -4.784362 0.1603262 0.2121811 -0.03928922 18.14352 0.9059696 0 0.0 0.04170532286081478 7.293835300044826 1.0
0.06184795 -0.05173414 0.4263435 -1.55796 0.5118305 0.5995373 0.2742896 19.73436 nan 0 0.0 0.08063243863819387 1.6152424404999548 0.0
0.01408338 -0.01461853 -6.007262 -3.234158 0.6769629 0.7721321 0.3974672 19.56167 nan 0 0.0 0.020298842616890748 6.822534331581483 1.0
-0.02486973 0.1391508 0.5288507 -2.057356 0.4354509 0.6134144 -0.01962665 19.62139 nan 0 0.0 0.1413557519555285 2.1242402815186634 0.0
-0.008895195 0.01896852 -5.238195 -4.692124 0.03760987 0.04996003 -0.05594194 15.19672 0.8967075 0 0.0 0.02095063829763726 7.032404602225401 1.0
0.04454619 -0.05142909 -5.592109 -5.039304 0.2290732 0.2975489 0.07917407 18.8256 0.7456627 1 0.9975942 0.06803906482120547 7.527700038676953 1.0
-0.01584624 0.01228926 -11.71331 -13.7154 1.360869 2.408692 0.6148515 19.82576 nan 0 0.0 0.020053160186992974 18.036458308551047 0.0
0.1472006 -0.04722734 -5.78186 -4.83758 0.1790814 0.2248462 0.1014219 18.40255 0.7896729 1 0.9909713 0.1545911973038426 7.53870581174249 1.0
-0.0161818 0.03343772 -5.215362 -4.577751 0.121681 0.1683982 0.08805892 17.51381 0.9916382 0 0.0 0.03714743288624935 6.939438378503335 1.0
0.01448979 0.06869422 -6.789915 -2.89016 1.374585 2.179792 0.2401238 20.63437 0.8299656 0 0.0 0.07020576810812984 7.379428875788762 1.0
0.00122747 0.003604522 -4.135251 -3.067771 0.4557358 0.6206539 -0.1429282 18.71759 nan 0 0.0 0.003807789575250187 5.14893384512192 0.0
-0.05089993 0.1324042 -2.382072 -2.555421 1.209972 1.659818 -0.02471324 20.58083 1.729237 0 0.0 0.14185089020392116 3.493485866641656 0.0
-0.02602909 0.0592852 -5.185639 -4.704482 0.03353988 0.04637136 -0.02087171 15.16479 0.882555 1 0.9496029 0.06474757497596416 7.001642859118494 1.0
0.0009915506 0.05581247 -5.741017 -4.20497 0.3760064 0.4831977 0.04729633 19.33513 0.6750908 0 0.0 0.055821277127035177 7.116252447404392 1.0
-0.03582597 -0.05986799 -4.092678 -4.44917 0.7485178 1.157299 0.09900962 20.24965 0.7069168 0 0.0 0.0697687347819996 6.045256562014882 1.0
-0.05703844 -0.03531909 -3.738865 -6.301063 0.7805704 1.313253 0.08103845 20.26331 0.8718567 0 0.0 0.06708816405344313 7.326834679327356 1.0
0.0008595491 0.03337443 -3.212276 -8.514771 1.170644 1.165921 0.2216614 20.20907 1.013042 0 0.0 0.033385496888322784 9.10055175704292 1.0
-0.03663543 -0.003381116 -5.826505 -4.331225 0.1567152 0.2196469 -0.06778266 18.21891 0.8252869 1 0.9930564 0.03679112225374969 7.2600048564481 1.0
-0.0204087 0.0007654651 -4.621584 -4.857646 0.2147147 0.2907403 -0.000570787 18.54983 0.8445473 0 0.0 0.02042305002954549 6.704905915102165 1.0
-0.06796561 -0.05844154 -5.872408 -4.430908 0.3943642 0.4720896 -0.07520991 19.18927 0.7116241 1 0.9912277 0.08963669862418908 7.356501982799162 1.0
-0.006912526 -0.1253713 -4.093572 -3.27316 0.3491352 0.4501943 0.1510346 19.22746 1.837736 1 0.005659569 0.12556172139386537 5.2412697034959 0.0
0.02495796 -0.02233298 -3.70715 -7.471857 1.555549 2.038338 0.1763098 20.25133 nan 0 0.0 0.03349121919312583 8.34095966606655 1.0
0.1465398 -0.04846694 -3.464788 -6.16396 0.7111523 0.8815217 0.2121679 20.23606 1.994473 1 0.03228471 0.1543468731688582 7.071008327427143 1.0
-0.007698778 0.1529409 -1.598052 -1.665045 0.2835891 0.3722372 0.04165102 19.16147 0.9747009 1 0.0 0.1531345489283959 2.3078442423025436 0.0
0.07392319 0.1279126 0.3726514 0.200486 1.253931 1.535362 0.2176969 20.4635 1.01021 0 0.0 0.1477371695225548 0.42315919240630945 0.0
-0.03098489 -0.03014481 -2.882792 -7.159802 1.074023 1.560176 -0.08151897 19.91445 0.6087246 0 0.0 0.04322930693694036 7.718371226785351 1.0
-0.03701903 -0.001527753 -5.210334 -5.83045 0.6089179 0.9381937 0.2627314 19.68782 nan 0 0.0 0.037050541310079524 7.819317591328287 1.0
0.02967836 -0.03188267 4.474445 -5.05213 0.3042393 0.4299786 0.1851806 18.61654 1.387293 0 0.0 0.04355811863038279 6.748679544542399 1.0
-0.03652702 -0.0200512 -6.231132 -5.489573 0.428257 0.622509 -0.00263627 19.61713 0.5783405 0 0.0 0.041668619025837655 8.304361367603953 1.0
0.001799988 0.01983221 -12.80435 -9.453353 1.046889 1.034628 0.5589641 19.5026 nan 0 0.0 0.01991372667996234 15.915943637281108 0.0
0.01810709 -0.009639205 -3.306892 -4.693971 0.6626343 0.794247 0.248368 19.53026 nan 0 0.0 0.020512946675212827 5.7418549658194085 1.0
-0.0192519 0.01274456 -0.649494 -3.156689 0.9543271 1.252197 0.4618577 19.55444 0.7483158 0 0.0 0.023088080543943013 3.2228136618112133 0.0
0.02436331 -0.02250022 -3.409331 -4.353986 0.917772 1.058669 0.3112133 19.56503 nan 0 0.0 0.033163696630570304 5.529984806105437 1.0
-0.01490812 0.1529834 -0.7985419 -6.566489 0.2674066 0.3590966 -0.001227898 19.10717 0.9305134 1 0.0 0.1537080762923484 6.614865603561165 0.0
-0.01663513 0.03414695 -6.383114 -4.852417 0.7637843 0.7888553 0.4081919 19.34473 nan 0 0.0 0.03798344039735474 8.018110443170823 1.0
-0.02696311 -0.0553933 -6.643276 -4.604836 1.385558 2.523328 0.08113379 20.61316 0.7660275 0 0.0 0.06160703682017258 8.08316958866211 1.0
0.04723927 0.02658413 -7.54526 0.8330911 0.5302374 0.7295259 0.007475879 19.59193 0.7753124 0 0.0 0.054205761667831955 7.591112517180812 1.0
0.0006680655 0.003886832 -5.725599 -4.701674 0.2118658 0.3014989 0.04314899 18.55244 0.8407078 0 0.0 0.0039438273933470065 7.408658604030624 1.0
-0.05392625 -0.05608685 -5.485864 -4.524804 0.1635894 0.2333379 -0.06703096 18.30984 0.813343 1 0.9983025 0.07780600993486943 7.111157083408579 1.0
0.00423715 -0.005711308 -6.429778 -5.55114 0.4514387 0.6677407 -0.1140849 19.01359 nan 0 0.0 0.007111432991554093 8.494539447720753 0.0
-0.02105048 -0.04131884 -5.427189 -4.918559 0.3028342 0.3985461 0.01844722 19.10961 0.743721 0 0.0 0.04637207400123484 7.3243841432711605 1.0
-0.009722251 -0.02727356 -6.388821 -3.102094 0.3139629 0.4012532 -0.01799813 18.89856 0.7423019 0 0.0 0.028954606534722604 7.1021138370823795 1.0
-0.03676877 -0.001763884 -5.822283 -5.388612 0.1320802 0.1846409 -0.04911455 17.82342 0.9100056 0 0.0 0.036811054509187265 7.9332287637905035 1.0
-0.0298526 0.1520847 -6.666716 -6.632234 0.1595606 0.2220737 -0.1368861 18.32327 1.21191 1 0.0 0.15498688235089444 9.403809337465962 0.0
0.02409014 -0.0222024 -5.65536 -5.064868 0.7248512 0.931674 0.5119116 19.95531 nan 0 0.0 0.0327609739015738 7.5918367070837345 1.0
-0.01690938 0.03435276 -6.65715 -5.366253 0.3724762 0.4442558 0.2030728 19.17672 0.9813404 0 0.0 0.038288892013245826 8.550691047073856 1.0
-0.006551611 0.02887985 -3.138286 -6.776826 1.565975 1.37042 0.5266506 20.26825 0.8283291 0 0.0 0.029613668173966913 7.4682132837829425 1.0
0.007969382 0.01931217 -5.561173 -3.939723 0.673006 0.7873707 -0.08515094 19.64337 nan 0 0.0 0.020891887410447722 6.815281538766979 1.0
-0.1313583 -0.1355621 -3.054894 -4.990409 0.4693522 0.6472218 -0.1182697 19.62324 0.881319 1 0.0001863598 0.1887646310496222 5.8512015294738395 0.0
0.02640148 -0.08318656 -6.134898 -4.79249 0.5047552 0.6426441 0.1902002 19.82213 0.7806377 0 0.0 0.08727566620097495 7.784917075377489 1.0
-0.01057811 0.08213921 -4.662931 -4.678774 0.4616876 0.645987 -0.05003204 19.72443 1.002878 0 0.0 0.08281754784220673 6.605592452902086 1.0
-0.03107847 0.005804808 -4.630936 -4.191981 0.2788821 0.4476229 0.148778 18.91932 0.6316528 0 0.0 0.031615931007290675 6.246460833180418 1.0
-0.05342566 -0.003053698 -5.467984 -4.585784 0.1577001 0.2339342 -0.05207596 18.2225 0.8263397 1 0.999026 0.053512860303956876 7.136404130856941 1.0
-0.03151074 -0.1551759 -4.01009 -1.542466 0.5483369 0.7094143 0.01889761 19.79841 1.199142 0 0.0 0.15834294008940722 4.296512908075105 0.0
0.02318632 0.06493382 -3.400938 -4.222661 1.123108 1.707341 0.1738182 20.64183 0.844944 0 0.0 0.06894930322298261 5.421922647987981 0.0
-0.05793915 -0.0858966 -1.49018 0.3013521 0.3159819 0.4487283 0.04024117 19.20228 0.9443989 1 0.0 0.10361067027233489 1.5203451978331795 0.0
0.06852887 0.001188449 -5.43379 -4.577257 0.2419398 0.3094554 0.06336621 18.88977 0.7399387 1 0.9978974 0.06853917445156822 7.10474175520469 1.0
-0.02143537 -0.00910786 -9.138705 2.223601 0.7265287 1.160763 -0.4320668 19.678 0.934742 0 0.0 0.02329008803797229 9.405335213814869 1.0
-0.007229013 0.02302792 -17.26332 -11.82291 1.361828 1.195721 0.6288418 19.38784 nan 0 0.0 0.024135942668157155 20.923752490662377 0.0
0.02103097 -0.06725876 -5.386233 -3.583704 0.8130278 1.108111 0.152805 20.30351 nan 0 0.0 0.07047015322729545 6.4695007759412935 1.0
0.04592979 0.02712833 -5.415886 -5.801007 0.3842573 0.5082774 0.09039729 19.49667 nan 0 0.0 0.05334315230686128 7.936214675715684 1.0
0.002203493 0.00389437 -6.023555 -4.07893 0.3586031 0.4435375 -0.2671099 18.80436 0.8388805 0 0.0 0.004474538981610173 7.274674204589853 1.0
-0.05338584 -0.02113532 -3.51974 -4.641335 0.6166631 0.8203352 0.1415802 19.9582 0.6028118 0 0.0 0.057417328952224865 5.824994442042413 1.0
-0.01841959 0.02998764 -5.305706 -4.932371 0.169946 0.2304513 -0.0223252 18.36833 0.7854729 0 0.0 0.035192894858731075 7.244225275353949 1.0
-0.04572175 0.0321565 -5.585518 -4.552547 0.1381913 0.1965057 0.00289829 17.55257 1.024452 0 0.0 0.0558973963196185 7.205809844530523 1.0
0.0175512 -0.07078076 -7.177093 -8.850797 2.46479 2.667278 0.6462966 20.72378 nan 0 0.0 0.07292434852377908 11.395054693412314 0.0
-0.04467602 0.007843527 -5.932809 -4.604576 0.1694804 0.2391397 0.004836891 18.37527 0.7640362 1 0.9933779 0.045359317442396865 7.510016163115563 1.0
-0.03216422 -0.0281627 2.544426 0.1571326 0.1883455 0.2729362 -0.03011654 17.48988 0.8555279 0 0.0 0.04275131248860554 2.5492732932070585 0.0
-0.01205077 -0.0300517 -6.008142 -4.615462 0.3073155 0.4378504 0.1621852 18.54418 0.7664661 0 0.0 0.032377858645730416 7.576295913281635 1.0
-0.03828345 0.1522789 -2.160317 -2.937386 0.2137968 0.2971629 -0.06637914 18.79115 1.042248 1 0.0 0.1570174701398303 3.6462591862736526 0.0
-0.1495735 -0.106592 -4.544866 -7.724255 0.1207557 0.1747792 -0.216752 17.66461 1.082405 1 0.0 0.18366841417688018 8.962138263995987 0.0
-0.03857492 -0.00341464 -5.461807 -4.699666 0.331801 0.4836445 -0.09699718 19.22067 0.720211 0 0.0 0.03872575653665142 7.205428246593328 1.0
0.1538001 0.06667892 -2.84455 -3.06567 0.4924081 0.570638 0.1832538 19.75204 0.6874905 1 2.085034e-05 0.16763218405895808 4.182080493175615 0.0
-0.03535592 0.0495612 -4.892647 -5.162237 1.849319 2.750311 0.3482558 20.80721 0.7611179 0 0.0 0.06087982937300662 7.112431757899545 1.0
0.03770883 0.04996965 -5.220361 -3.49788 0.884605 1.338752 0.06757232 20.36829 nan 0 0.0 0.06260129216790497 6.283894768749791 1.0
-0.03343739 -0.01862004 -6.247147 -6.022389 0.8404352 1.388394 -0.003240505 20.38999 0.7822742 0 0.0 0.0382722476425634 8.677327636255876 1.0
0.04626321 0.02703614 -6.148386 -4.059224 0.229839 0.296102 -0.03475002 18.80593 nan 0 0.0 0.05358392917287515 7.367492781616552 1.0
-0.009965767 -0.1283936 -3.243036 -7.301014 0.2164859 0.2886152 0.03769116 18.67271 1.017818 1 0.0 0.12877978503188414 7.9888727568720235 0.0
-0.064735 -0.05453405 -5.136727 -4.631506 0.4358385 0.5843399 0.08983529 19.69432 0.7686272 1 0.9890318 0.0846438588109173 6.916416131246369 1.0
0.05093465 0.1533391 -1.685831 -9.878892 0.640347 0.8291269 0.07188954 19.86462 1.134445 0 0.0 0.16157728231231178 10.021703114153054 0.0
0.03925989 0.1022972 -4.743545 -8.190349 0.5836488 0.733917 0.1599822 19.94679 1.048462 1 0.000931024 0.1095721501598472 9.46483153092679 0.0
-0.01175346 -0.03039488 -9.439391 -6.218006 3.366637 2.765999 0.7139744 20.68723 nan 0 0.0 0.03258822720225818 11.303349108424326 0.0
0.01520564 -0.08345159 -6.923109 -6.130128 0.6169618 0.8716568 0.1662591 20.11296 0.8063431 0 0.0 0.08482558199822564 9.247048584400593 0.0
-0.005309216 0.01398758 -2.82692 -5.052499 0.4220968 0.5291814 0.07948485 18.6001 0.789669 0 0.0 0.014961289008339354 5.7895788129535815 1.0
0.02563103 -0.07158906 -6.22472 -4.227786 0.6071481 0.7060873 0.3052766 19.67281 0.8401985 1 0.9782319 0.07603909001654675 7.524713518812261 1.0
-0.01164567 0.017472 -5.609952 -4.184846 0.2136734 0.2765148 0.03997986 18.63591 0.7787552 0 0.0 0.02099743826634335 6.998892589975932 1.0
0.0002633706 0.003085753 -5.946086 -5.089604 1.915877 2.719569 0.7934989 19.90706 nan 0 0.0 0.0030969720131046327 7.826877257004353 0.0
-0.0593844 -0.06235574 -6.636713 -5.046289 0.5229935 0.7621315 0.02426807 19.85141 0.7849312 0 0.0 0.08610891518482625 8.337325237502133 1.0
-0.02514169 0.02026177 -2.765356 -2.323854 1.524548 1.431677 0.4727316 20.2824 1.086229 0 0.0 0.03228999689670162 3.6121311188897893 0.0
-0.06154831 -0.04228053 -6.365186 -5.248337 0.597647 0.8486037 0.07472733 20.06582 0.7666798 0 0.0 0.07467153193109807 8.249886913174326 1.0
0.07897162 -0.1244618 -5.588015 -4.856682 0.2245271 0.2959444 0.1427574 18.77258 0.7609711 1 0.9932005 0.14740168392750608 7.403598563492554 1.0
-0.0395817 -0.1655104 -6.017137 -4.847337 0.3908453 0.5189808 0.08163153 19.43703 0.7923813 1 0.955096 0.1701775645702159 7.726746641914564 0.0
-0.03308401 -0.007434854 -6.23324 -4.304387 0.2812247 0.3538396 -0.4050055 18.487 nan 0 0.0 0.03390912519781977 7.5750266232779015 1.0
-0.05048815 -0.1668888 -2.47822 -1.37286 0.538205 0.7005098 0.1243489 19.88337 1.079895 1 0.0 0.17435860992753555 2.8330758810875505 0.0
0.05319302 0.01428847 -4.210584 -4.337274 0.3651981 0.4736395 0.07714481 19.37834 0.7624969 0 0.0 0.05507865059767986 6.0449121889513 1.0
0.004760313 -0.007450907 -5.568953 -4.901575 0.04938145 0.06440882 -0.01129544 16.10291 1.120987 1 0.999684 0.008841752935963433 7.418805496630438 1.0
0.03129764 0.007246484 -2.13411 -4.65918 1.384166 1.963383 -0.2619149 19.06808 0.7701836 0 0.0 0.032125594156869004 5.124683772146336 1.0
