jas1101finalproject/data/gcs/NGC_5694.ecsv
# %ECSV 0.9
# ---
# datatype:
# - {name: x, unit: deg, datatype: float64}
# - {name: y, unit: deg, datatype: float64}
# - {name: pmx, unit: mas / yr, datatype: float64}
# - {name: pmy, unit: mas / yr, datatype: float64}
# - {name: pmx_e, unit: mas / yr, datatype: float64}
# - {name: pmy_e, unit: mas / yr, datatype: float64}
# - {name: pm_corr, datatype: float64}
# - {name: g_mag, unit: mag, datatype: float64}
# - {name: bp_rp, unit: mag, datatype: float64}
# - {name: filter, datatype: int64}
# - {name: memberprob, datatype: float64}
# - {name: r, unit: deg, datatype: float64}
# - {name: pm, unit: mas / yr, datatype: float64}
# - {name: member_prob_GMM, datatype: float64}
# - {name: member_prob_DB, datatype: float64}
# meta: !!omap
# - comments: [deg deg mas/yr mas/yr mas/yr mas/yr dimless mag   mag   zeroone float]
# - __serialized_columns__:
#     bp_rp:
#       __class__: astropy.units.quantity.Quantity
#       unit: &id001 !astropy.units.Unit {unit: mag}
#       value: !astropy.table.SerializedColumn {name: bp_rp}
#     g_mag:
#       __class__: astropy.units.quantity.Quantity
#       unit: *id001
#       value: !astropy.table.SerializedColumn {name: g_mag}
#     pm:
#       __class__: astropy.units.quantity.Quantity
#       unit: !astropy.units.Unit {unit: mas / yr}
#       value: !astropy.table.SerializedColumn {name: pm}
#     pmx:
#       __class__: astropy.units.quantity.Quantity
#       unit: !astropy.units.Unit {unit: mas / yr}
#       value: !astropy.table.SerializedColumn {name: pmx}
#     pmx_e:
#       __class__: astropy.units.quantity.Quantity
#       unit: !astropy.units.Unit {unit: mas / yr}
#       value: !astropy.table.SerializedColumn {name: pmx_e}
#     pmy:
#       __class__: astropy.units.quantity.Quantity
#       unit: !astropy.units.Unit {unit: mas / yr}
#       value: !astropy.table.SerializedColumn {name: pmy}
#     pmy_e:
#       __class__: astropy.units.quantity.Quantity
#       unit: !astropy.units.Unit {unit: mas / yr}
#       value: !astropy.table.SerializedColumn {name: pmy_e}
#     r:
#       __class__: astropy.units.quantity.Quantity
#       unit: &id002 !astropy.units.Unit {unit: deg}
#       value: !astropy.table.SerializedColumn {name: r}
#     x:
#       __class__: astropy.units.quantity.Quantity
#       unit: *id002
#       value: !astropy.table.SerializedColumn {name: x}
#     y:
#       __class__: astropy.units.quantity.Quantity
#       unit: *id002
#       value: !astropy.table.SerializedColumn {name: y}
# schema: astropy-2.0
x y pmx pmy pmx_e pmy_e pm_corr g_mag bp_rp filter memberprob r pm member_prob_GMM member_prob_DB
[from data line 219]
-0.006579001 0.0008084204 -0.8143344 -1.461807 1.550718 1.181191 -0.1472381 19.4947 nan 0 0.0 0.006628483816163177 1.6733260950192466 0.0 0.0
0.005598127 0.006232972 2.853575 -0.3991814 2.515806 1.566852 0.1420842 19.95013 nan 0 0.0 0.008377885524457408 2.881360107784336 0.0 0.0
0.001679909 -0.003345609 -2.796721 6.761038 1.288982 1.036616 -0.06137236 18.56689 nan 0 0.0 0.0037436871970240784 7.316644257395941 0.0 0.0
-0.008299135 0.001967977 -1.122915 -1.029799 2.191535 1.449874 0.07650217 19.66983 nan 0 0.0 0.008529277532168478 1.5236220258403985 0.0 0.0
0.01605778 -0.0744126 -4.253762 -5.201759 0.1500075 0.1507144 -0.4673185 15.96611 1.205367 1 0.0 0.0761254710152154 6.7195824160973725 0.0 0.0
0.05330925 0.001837636 -0.4970629 -1.403183 0.3843649 0.317587 -0.2716567 17.71172 1.199543 1 0.9938584 0.053340913393294984 1.4886215294847143 0.0 0.0
-0.04841877 0.06291501 -0.4355711 -7.080395 0.8490176 0.7113677 -0.3690732 18.9677 2.429049 0 0.0 0.07938939331934083 7.093780059966634 0.0 0.0
0.003058651 -0.002575068 -1.09282 -0.8426893 0.1793823 0.1659875 -0.3885589 15.49353 1.250082 0 0.0 0.003998289777445476 1.3799930466254131 0.0 0.0
0.006033766 -0.01696422 -0.5304048 -0.7772576 1.047504 0.7892832 -0.1255658 19.18493 1.036573 0 0.0 0.01800530733842541 0.9409881129009017 0.0 0.0
0.06012108 -0.0505358 -0.8620496 -1.806814 1.146583 0.7589399 -0.06575817 19.41567 -0.1672611 0 0.0 0.07853923441189378 2.0019256588235637 0.0 0.0
0.02441114 0.009881177 -8.296189 -4.025715 1.430041 0.8739764 0.1301854 19.70132 1.88822 0 0.0 0.026335174482143252 9.221341181463032 0.0 0.0
0.01352826 -0.0072412 -0.9666784 -0.9421923 0.1471746 0.1384092 -0.4269314 15.65347 1.514797 1 0.9927974 0.015344340848260639 1.349886461598104 0.0 0.0
-0.06373592 -0.04937618 -19.29266 -11.98398 0.5709852 0.4693328 -0.1728824 18.16257 1.64255 1 0.0 0.08062428076974579 22.711726189702095 0.0 0.0
-0.01512359 -0.007203252 -1.338282 -1.916392 0.9326627 0.7968355 -0.2679658 18.8521 1.227032 0 0.0 0.01675141229459785 2.337425294889229 0.0 0.0
0.002609599 0.06016335 -3.677756 -11.38149 0.5262409 0.4096598 -0.3923859 18.44121 0.9199505 1 0.0 0.060219919380245776 11.960944938241125 0.0 0.0
0.01593441 0.01952622 -0.8634461 -0.5397392 0.8867205 0.6438641 -0.0871701 18.95102 1.159809 1 0.9947799 0.02520275162629073 1.018262034852449 0.0 0.0
0.0207888 0.06057348 -0.5940829 -0.8692678 0.9262765 0.6545835 -0.235116 19.0098 1.141134 1 0.9677362 0.0640415543592627 1.0528822347201277 0.0 0.0
-0.002470233 0.01198565 0.3244514 -1.438626 0.5207491 0.4026889 -0.1602389 18.19037 1.08617 0 0.0 0.012237559274495425 1.474758786662402 0.0 0.0
0.02124563 -0.05393998 14.17576 -14.23715 1.004879 0.7624269 -0.1296162 19.39824 1.848061 1 0.0 0.05797325449288922 20.09100823005406 0.0 0.0
0.009365294 -0.002834809 -0.8492082 -2.120893 0.4291595 0.3496504 -0.1803483 17.89486 1.054464 0 0.0 0.009784930953916691 2.2845878587605775 0.0 0.0
-0.005104457 -0.004028541 -2.285569 0.393982 1.408015 0.9486547 -0.0008118476 19.58129 0.9828625 0 0.0 0.006502662827913654 2.319277359455958 0.0 0.0
-0.004844797 -0.01107809 -5.712806 -7.970283 0.5635946 0.4463339 -0.1902359 18.32864 1.279884 0 0.0 0.01209115941584218 9.806200257680088 0.0 0.0
-0.01842428 0.06128533 -12.05441 -16.86957 0.3735926 0.3180081 -0.3990608 17.87671 1.441492 1 0.0 0.06399488859844434 20.733817603929094 0.0 0.0
0.001829906 -0.01341832 4.749912 -5.457385 1.102215 0.8841673 -0.2062896 19.28047 nan 0 0.0 0.013542520725154382 7.234964757755839 0.0 0.0
-0.0005451718 0.0003374926 10.59008 -5.924803 1.447713 0.9995073 -0.1461915 17.18889 nan 0 0.0 0.0006411813679217448 12.134788213858906 0.0 0.0
-0.03932669 -0.003626995 0.939551 -0.3996102 1.847625 1.369274 -0.08857748 20.11391 1.246788 0 0.0 0.039493589848051604 1.0210016618718307 0.0 0.0
-0.02932375 0.06160922 -9.414115 2.650571 0.2032076 0.1704813 -0.4789347 16.35289 0.8709412 1 0.0 0.06823179832798561 9.78013741515251 0.0 0.0
0.006594334 -0.0003398044 -0.1010903 2.514741 3.112381 2.454119 -0.1255272 19.67742 nan 0 0.0 0.006603083214212537 2.5167720488425425 0.0 0.0
0.004915449 0.004209306 -6.789118 -1.067316 0.5091246 0.3927867 -0.1585961 18.13933 0.8720074 0 0.0 0.006471467829885041 6.8725022125700335 0.0 0.0
0.008776928 -0.02091261 0.2724507 -1.401394 0.9818248 0.721476 -0.09464575 19.14399 0.366972 0 0.0 0.022679764595984767 1.4276324902321642 0.0 0.0
0.008737845 0.003541507 -0.9703412 -0.9336776 0.3842685 0.305614 -0.1667843 17.59892 0.9946823 0 0.0 0.009428266387574866 1.3465941872588045 0.0 1.0
0.009433861 0.0009684384 -1.312994 -2.161174 1.255314 0.9116206 -0.101958 19.28521 0.8766251 0 0.0 0.00948343852734416 2.528759834842368 0.0 0.0
0.04210798 -0.05488225 4.619359 -57.14527 0.5939348 0.4840312 -0.2050334 18.46756 1.627415 0 0.0 0.06917473053610618 57.33166979029811 0.0 0.0
0.0803591 -0.008229851 -2.053652 0.405712 1.0281 0.7672732 -0.2789793 19.25318 1.401615 1 0.6137104 0.08077942436222359 2.0933439191991363 0.0 0.0
0.008820483 0.01302484 -0.7844589 -1.381779 1.01626 0.7384321 -0.09386722 19.16377 0.2595806 0 0.0 0.015730460176958873 1.5889269871929956 0.0 0.0
0.01045756 -0.0005384557 -0.2302037 -0.7786382 0.2575885 0.2294416 -0.3367692 16.96474 1.195766 0 0.0 0.010471413261564195 0.811955165014011 0.0 0.0
0.008778406 -0.001600708 -0.445801 -0.8021552 0.2773598 0.2412418 -0.3102006 16.98652 1.235664 0 0.0 0.008923154038909113 0.9177099195759191 0.0 1.0
0.007727288 -0.001568208 2.275911 -2.441897 1.556944 1.131577 -0.1055351 19.4584 nan 0 0.0 0.007884811739427136 3.3380580939417457 0.0 0.0
0.01124919 -0.001877489 0.2280036 -1.21481 0.387514 0.3168017 -0.2306189 17.67951 1.134802 0 0.0 0.011404790248015127 1.236021430927862 0.0 0.0
0.01112814 0.01675732 -18.14915 -11.43974 0.5801384 0.4332745 -0.1146661 18.35912 1.623775 0 0.0 0.020115746902414536 21.453654630158006 0.0 0.0
-0.002811238 -0.0005933267 -1.632776 -1.39225 0.4971254 0.3992565 -0.1398865 17.72371 nan 0 0.0 0.002873168227858733 2.1457673519456857 0.0 0.0
0.0008062829 -0.0007687711 -5.05735 4.894583 0.3688154 0.3255281 -0.3233467 14.56275 1.000736 0 0.0 0.0011140471798930331 7.038020443731958 0.0 0.0
-0.01242804 0.05931584 -2.460037 -3.378035 1.155179 0.8942884 -0.2580798 19.37832 0.4335213 0 0.0 0.0606038369507014 4.178863781291992 0.0 0.0
0.01229506 0.07664029 3.495427 -10.00772 1.976422 1.337921 -0.1098023 20.13379 1.998987 0 0.0 0.07762024575900091 10.600588168150342 0.0 0.0
0.007232324 -0.05750879 -1.022584 -7.406834 0.2416851 0.2259138 -0.3463853 17.01691 0.9733009 1 0.0 0.057961775660387384 7.477089536752385 0.0 0.0
0.009147053 -0.000687117 -0.3421307 -1.280695 0.1294728 0.1260718 -0.4579288 15.29178 1.53536 1 0.9998608 0.009172824448145621 1.3256066908806283 0.0 0.0
0.02734803 -0.04041627 -34.4596 -18.82973 1.003002 0.655695 0.1022824 19.02151 1.520012 0 0.0 0.04879948386605948 39.268597683554994 0.0 0.0
-0.007794008 0.001556025 -0.5643378 -1.02917 0.1368381 0.1322977 -0.452033 15.47573 1.531379 1 0.9999396 0.007947815706512639 1.1737410452944208 0.0 0.0
0.001120185 -0.008005254 -4.062969 -0.857629 1.192667 0.7942571 0.01192806 19.36765 nan 0 0.0 0.008083248483050672 4.152498596821196 0.0 0.0
0.01856379 -0.01591653 0.972199 -0.2858048 2.203137 1.315748 0.1888698 19.89874 0.8717995 0 0.0 0.024453020803266824 1.0133386794670576 0.0 0.0
-0.01057884 0.001260163 -2.402852 -1.893972 2.174287 1.622683 -0.06323735 20.10353 nan 0 0.0 0.010653631612373735 3.0595469714792745 0.0 0.0
0.01081259 0.0004952943 0.3623748 -0.6305289 1.213681 0.8701063 -0.08318438 19.37294 0.7815781 0 0.0 0.010823928074027123 0.7272428682429618 0.0 0.0
-0.006687982 -0.003111187 0.2847208 -1.458692 0.2793869 0.2390627 -0.2849907 17.12485 1.196571 0 0.0 0.007376217715150022 1.4862194605160572 0.0 0.0
-0.005650446 -0.004751451 0.8250433 -3.969085 1.454942 1.046468 -0.07222907 19.42499 nan 0 0.0 0.007382670695914657 4.053927994439453 0.0 0.0
0.02408112 -0.001366388 -0.3483678 -1.559289 0.3829842 0.3168245 -0.241667 17.70645 1.144217 1 0.9980786 0.02411985399252956 1.5977303619815952 0.0 0.0
0.004178321 0.005807694 2.485211 -6.673637 2.503663 1.821479 -0.09455603 19.88544 nan 0 0.0 0.007154556308861997 7.121355525620808 0.0 0.0
-0.005131543 -0.008850319 -0.5607156 -1.015903 0.1881754 0.1802686 -0.4286245 16.13795 1.346179 1 0.9998857 0.010230390020063262 1.1603710137246448 0.0 0.0
0.01758416 0.004421687 -0.06878384 -2.619881 1.462224 1.046421 -0.08396485 19.5761 -0.02354622 0 0.0 0.018131574637398954 2.62078378940464 0.0 0.0
0.006225656 -0.002163209 6.782966 4.053494 1.862518 1.765966 -0.3109428 19.33449 nan 0 0.0 0.006590771260483632 7.90186315783765 0.0 0.0
0.008682335 -0.008402306 -0.07297649 -1.428482 0.1603737 0.1531813 -0.4305669 15.91245 1.466896 1 0.9977374 0.012082288159527606 1.4303448508722363 0.0 0.0
-0.003999155 0.007394614 -0.3362606 -1.28581 0.1705181 0.165055 -0.4463406 15.98729 1.411431 1 0.9998425 0.008406756623277552 1.3290517473794463 0.0 0.0
0.001420467 -0.009767648 0.1497044 -1.861469 0.2125857 0.187324 -0.321839 16.58867 1.264136 1 0.6570252 0.00987039380926582 1.867479115101521 0.0 0.0
-0.005404894 -0.001415487 -1.272338 -2.849781 0.9490553 0.6745292 -0.01474729 19.01517 0.5620174 0 0.0 0.005587171251931071 3.12091264443672 0.0 0.0
0.007536566 0.004380825 -0.3780466 -1.512783 0.3479812 0.262131 -0.0465614 17.08308 1.194452 0 0.0 0.008717307769775081 1.5593048569348331 0.0 0.0
0.002908382 -0.006902838 2.412019 -0.5789215 2.145616 1.056163 0.2686961 19.58193 0.7007427 0 0.0 0.007490517893454898 2.4805212677022648 0.0 0.0
-0.003903072 -0.007866079 -0.6124328 -0.4210362 0.5683759 0.7629797 -0.9059728 16.86298 1.141198 0 0.0 0.00878118271484115 0.7431994457925005 0.0 1.0
0.01362585 0.009934463 -0.5513565 -0.6972689 0.2625676 0.2220164 -0.2820021 16.9951 1.23299 1 0.999146 0.01686289842585992 0.888919517728945 0.0 0.0
-0.06768137 0.0001935525 -2.055619 -3.878366 0.3977388 0.3544444 -0.3468807 18.03047 0.8371754 1 0.0 0.06768164675631907 4.389452392168868 0.0 0.0
-0.01168455 0.0008633271 -0.7060917 -0.9511448 0.2689886 0.2338809 -0.3103044 17.02908 1.19894 1 0.9996996 0.01171640057287623 1.1845851254240576 0.0 0.0
-0.004572225 -0.0004636836 0.24731 -0.6556236 1.044692 0.8050231 -0.1591838 18.89322 0.4781113 0 0.0 0.004595676656547321 0.7007171618969811 0.0 0.0
-0.004954462 -0.0002882234 -3.059972 -1.683929 1.535874 0.9591867 0.1400798 19.30303 nan 0 0.0 0.004962838546411877 3.49271320291618 0.0 0.0
-0.006647122 -0.001522364 -1.266875 2.14166 1.595932 1.252937 -0.1033813 19.72289 nan 0 0.0 0.006819224518329045 2.4883086266026164 0.0 0.0
-0.02962838 0.07769189 -4.234818 -0.5135451 1.671403 1.300262 -0.2717225 19.94487 1.593889 0 0.0 0.0831496883529728 4.265842479845922 0.0 0.0
-0.01262606 -0.003035393 -0.6470824 -1.11658 0.1617277 0.1517962 -0.4059521 15.94245 nan 0 0.0 0.012985800005700418 1.290529553628959 0.0 0.0
-0.02645052 -0.0192216 -3.282944 0.8580489 1.818569 1.125086 0.003890212 19.51232 1.315693 0 0.0 0.032697093369753835 3.3932240158774087 0.0 0.0
0.01583622 0.0005538387 2.394739 -4.074952 1.013964 0.7356725 -0.09224716 19.03285 1.07943 0 0.0 0.015845901716027958 4.726521837506413 0.0 0.0
-0.002852155 -0.00200858 0.6098482 -1.828517 0.8250672 0.563126 0.05439862 18.46963 nan 0 0.0 0.003488435431597523 1.9275344993883352 0.0 0.0
0.004301206 0.006336025 -0.4495467 -0.8111829 0.2274809 0.2054416 -0.3578069 16.70477 1.242673 0 0.0 0.0076580406015547475 0.9274211194130205 0.0 0.0
0.005993868 0.003129696 -1.66926 0.4774083 0.9674841 0.6803885 -0.07783508 18.90962 0.9506416 0 0.0 0.006761763871493887 1.7361876720299823 0.0 0.0
-0.06217654 0.0443022 -1.463788 -0.5981564 1.328762 0.9325854 -0.2003947 19.57751 1.106304 1 0.8598127 0.07634531453345124 1.5812863079799813 0.0 0.0
-0.003575855 0.004541235 -0.5647658 -1.03467 0.2148789 0.1869655 -0.3193867 16.58683 1.207746 0 0.0 0.00578009985261933 1.178771571488573 0.0 0.0
-0.01247448 -0.01607783 0.2049565 -0.840551 0.5443897 0.4521434 -0.2389101 18.25251 1.1278 1 0.9971576 0.0203496749059856 0.8651781033366772 0.0 0.0
-0.06095268 0.002657805 -0.4455025 0.9849026 1.106031 0.9580875 -0.3343432 19.60873 0.9876404 1 0.7676449 0.061010598477645055 1.0809743794341335 0.0 0.0
0.02189655 -0.07493809 -6.462885 -7.292219 0.4251529 0.3767275 -0.3194424 18.04706 1.129526 1 0.0 0.07807160965902138 9.74398996649658 0.0 0.0
0.007290589 0.0004745914 -0.7359138 3.680393 1.675051 1.242525 -0.1160118 19.53731 0.6982231 0 0.0 0.007306019775765391 3.7532468284779035 0.0 0.0
0.004314229 -0.01038952 -2.851094 -1.940276 1.309028 0.7864394 0.04806454 19.24949 0.2596741 0 0.0 0.011249653225537266 3.4486820602966572 0.0 0.0
-0.006806549 -0.0752738 -0.4437659 -0.4357892 1.231653 1.04516 -0.154695 19.67647 1.191687 1 0.8879959 0.07558091078922906 0.6219649514558276 0.0 0.0
-0.0005997582 -0.003122438 -0.05438172 -1.599495 0.245074 0.2115387 -0.3144249 16.23741 1.057746 0 0.0 0.003179517095772759 1.6004192033636555 0.0 0.0
0.005815702 -0.01061846 -0.1188492 -1.128552 0.6326336 0.4833378 -0.1535171 18.48687 0.4454861 0 0.0 0.012106778370995481 1.134792822080154 0.0 0.0
0.006690011 0.001716312 0.3399521 -0.4541691 0.4452502 0.3612951 -0.2207389 17.92689 0.7990074 0 0.0 0.006906661571371874 0.5673067967944858 0.0 0.0
0.002840152 -0.00604453 4.305043 -3.610469 1.426194 1.059367 -0.1162905 19.35976 nan 0 0.0 0.0066785332449576075 5.618619192631763 0.0 0.0
0.08197737 0.002350977 -3.42054 -6.557096 0.7958632 0.6342649 -0.2757659 18.87963 1.519819 1 0.0 0.08201107416057558 7.395647493277109 0.0 0.0
0.009626279 0.01648852 0.003912665 -4.438226 1.033337 0.7350938 -0.0686167 19.09078 1.056818 0 0.0 0.019092839997659882 4.43822772466932 0.0 0.0
0.01192007 0.01723408 -0.1156517 -1.397072 0.334637 0.2759236 -0.2416324 17.46792 1.201998 1 0.99893 0.020954750827707303 1.4018507370247697 0.0 0.0
-0.03973112 -0.018308 -0.1362182 -1.310564 0.3681408 0.2902856 -0.005672106 17.43736 1.269611 1 0.9963452 0.04374636854019314 1.3176241482711375 0.0 0.0
0.01199904 -0.01096608 1.47899 -3.834856 0.8135827 0.6533644 -0.2131956 18.79067 nan 0 0.0 0.016255210595006144 4.110174200789548 0.0 0.0
0.03521962 -0.003518849 -5.330808 -5.918222 0.8854505 0.5695285 0.03801901 18.93016 1.806234 0 0.0 0.03539497042277619 7.965102985784176 0.0 0.0
1.45243e-05 -0.003704178 -1.755229 -0.2327603 0.6277344 0.5608926 -0.3402045 16.55608 nan 0 0.0 0.0037042064752082176 1.7705948717019062 0.0 0.0
0.000437694 -0.003872025 -2.89577 -0.01830988 0.9803785 0.8247109 -0.2646923 17.73821 nan 0 0.0 0.0038966849549663366 2.8958278858740236 0.0 0.0
0.009433987 0.002501947 -0.2151177 -0.9676736 0.689874 0.54433 -0.1965039 18.59583 1.026373 0 0.0 0.009760115240455822 0.9912960309565705 0.0 0.0
0.0003012077 0.003764999 2.42988 2.667105 1.561389 1.24745 -0.2237254 19.24241 nan 0 0.0 0.003777028401871012 3.6080141207352554 0.0 0.0
0.03890733 0.04275414 -2.849929 0.909983 0.4600948 0.3741905 -0.2684024 17.93971 0.8843079 1 2.638471e-06 0.05780741141816073 2.991682530839461 0.0 0.0
0.004778814 0.001352104 14.20989 1.245229 2.933471 2.618043 -0.3349918 19.20946 nan 0 0.0 0.004966412032182992 14.264346079457725 0.0 0.0
-0.05756263 0.04816699 -7.640751 -5.782739 1.873225 1.277015 -0.17754 20.00258 0.8780251 0 0.0 0.0750567471862257 9.582335111345355 0.0 0.0
0.003877552 -0.006878071 -2.124498 -4.583157 1.190064 0.698475 0.07693207 18.87437 0.2042561 0 0.0 0.007895775465003106 5.051615567187689 0.0 0.0
-0.001200334 -0.008503073 2.701914 -1.385623 1.783524 1.365924 -0.1251928 19.79956 nan 0 0.0 0.008587377489949128 3.036493102499164 0.0 0.0
0.004778489 -0.006445137 -2.029974 1.53344 0.9431286 0.6647476 -0.07604276 18.96624 0.487299 0 0.0 0.008023325250286815 2.5440583079552246 0.0 0.0
0.01558981 -0.004559729 -0.8649621 0.9197091 1.604906 1.120686 -0.04864051 19.80179 0.07844353 0 0.0 0.01624294629645561 1.2625467369801484 0.0 0.0
-0.005404972 0.0002496285 1.357569 1.753554 1.578345 1.349873 -0.2190808 19.39387 nan 0 0.0 0.00541073347234885 2.2176440698806923 0.0 0.0
