jas1101finalproject/data/gcs/NGC_6864_M_75.ecsv
# %ECSV 0.9
# ---
# datatype:
# - {name: x, unit: deg, datatype: float64}
# - {name: y, unit: deg, datatype: float64}
# - {name: pmx, unit: mas / yr, datatype: float64}
# - {name: pmy, unit: mas / yr, datatype: float64}
# - {name: pmx_e, unit: mas / yr, datatype: float64}
# - {name: pmy_e, unit: mas / yr, datatype: float64}
# - {name: pm_corr, datatype: float64}
# - {name: g_mag, unit: mag, datatype: float64}
# - {name: bp_rp, unit: mag, datatype: float64}
# - {name: filter, datatype: int64}
# - {name: memberprob, datatype: float64}
# - {name: r, unit: deg, datatype: float64}
# - {name: pm, unit: mas / yr, datatype: float64}
# - {name: member_prob_GMM, datatype: float64}
# - {name: member_prob_DB, datatype: float64}
# meta: !!omap
# - comments: [deg deg mas/yr mas/yr mas/yr mas/yr dimless mag   mag   zeroone float]
# - __serialized_columns__:
#     bp_rp:
#       __class__: astropy.units.quantity.Quantity
#       unit: &id001 !astropy.units.Unit {unit: mag}
#       value: !astropy.table.SerializedColumn {name: bp_rp}
#     g_mag:
#       __class__: astropy.units.quantity.Quantity
#       unit: *id001
#       value: !astropy.table.SerializedColumn {name: g_mag}
#     pm:
#       __class__: astropy.units.quantity.Quantity
#       unit: !astropy.units.Unit {unit: mas / yr}
#       value: !astropy.table.SerializedColumn {name: pm}
#     pmx:
#       __class__: astropy.units.quantity.Quantity
#       unit: !astropy.units.Unit {unit: mas / yr}
#       value: !astropy.table.SerializedColumn {name: pmx}
#     pmx_e:
#       __class__: astropy.units.quantity.Quantity
#       unit: !astropy.units.Unit {unit: mas / yr}
#       value: !astropy.table.SerializedColumn {name: pmx_e}
#     pmy:
#       __class__: astropy.units.quantity.Quantity
#       unit: !astropy.units.Unit {unit: mas / yr}
#       value: !astropy.table.SerializedColumn {name: pmy}
#     pmy_e:
#       __class__: astropy.units.quantity.Quantity
#       unit: !astropy.units.Unit {unit: mas / yr}
#       value: !astropy.table.SerializedColumn {name: pmy_e}
#     r:
#       __class__: astropy.units.quantity.Quantity
#       unit: &id002 !astropy.units.Unit {unit: deg}
#       value: !astropy.table.SerializedColumn {name: r}
#     x:
#       __class__: astropy.units.quantity.Quantity
#       unit: *id002
#       value: !astropy.table.SerializedColumn {name: x}
#     y:
#       __class__: astropy.units.quantity.Quantity
#       unit: *id002
#       value: !astropy.table.SerializedColumn {name: y}
# schema: astropy-2.0
x y pmx pmy pmx_e pmy_e pm_corr g_mag bp_rp filter memberprob r pm member_prob_GMM member_prob_DB
[from data line 562]
0.05745381 -0.002576503 -0.5735118 -2.645389 0.1245842 0.08389234 0.09046145 16.48161 1.409628 1 0.9985065 0.057511552328424496 2.706842948170477 0.0 0.0
0.04850954 0.08626347 -27.75688 -50.47857 2.146204 1.539574 0.3373246 20.44949 2.19796 0 0.0 0.09896747813020447 57.60668725572839 0.0 0.0
-0.007718951 0.0287955 -0.8195918 -2.903823 0.2088507 0.1463429 0.3682241 17.42927 1.180571 1 0.9990056 0.02981212882016984 3.017270079717134 0.0 0.0
0.009977167 0.001348619 0.5040548 -0.6879623 0.9239581 0.5231121 -0.009201892 18.66195 nan 0 0.0 0.010067901199011143 0.8528560063834516 0.0 0.0
0.03406434 -0.02301767 -0.355012 -3.014705 0.440919 0.2954843 0.3820929 18.53699 0.2933922 1 0.9942832 0.04111194950211556 3.0355361564588557 0.0 0.0
-0.0007529024 0.009937757 -1.03999 3.834724 1.505853 0.9672117 0.2637632 18.8335 0.8066711 0 0.0 0.009966236813109288 3.9732464504830305 0.0 0.0
0.04204831 -0.01786996 -0.4756069 -2.864855 0.1480306 0.09195416 0.232907 16.73847 1.368509 1 0.9991261 0.04568802736229372 2.904065442505146 0.0 0.0
-0.007266303 0.03707533 -0.858595 -2.560628 0.160773 0.1123073 0.2106404 16.84568 1.373611 1 0.9896362 0.037780673020695495 2.7007408480653967 0.0 0.0
0.0004645943 0.01995515 0.04243842 -2.413263 0.5083758 0.3512042 0.3536835 18.85425 1.027224 0 0.0 0.019960557592063718 2.413636121427813 0.0 0.0
0.002701327 0.01148841 -5.272832 -8.58091 1.823935 1.372614 0.4793971 19.73947 nan 0 0.0 0.011801725801298256 10.071483194064516 0.0 0.0
0.01745882 0.06210457 -0.5026414 -2.755882 0.6421113 0.455175 0.186284 19.08924 1.235613 1 0.9801802 0.06451192146167482 2.8013450296095197 0.0 0.0
0.08580779 0.02241648 -0.2795792 -3.177922 0.4708303 0.331866 0.1852203 18.82812 1.1922 1 0.9345157 0.0886875154701861 3.1901963524455104 0.0 0.0
0.03754625 -0.02225751 -1.865326 -0.677163 3.515207 2.669566 0.4924226 20.67484 0.4258099 0 0.0 0.04364765332137113 1.984437153160815 0.0 0.0
0.08340529 0.0298127 -1.716003 -4.097973 0.3878573 0.2865058 0.1968983 18.35246 1.067938 1 0.001364845 0.08857335649773074 4.442752413171141 0.0 0.0
0.02957215 0.01815536 -0.8202002 -1.173516 1.007695 0.7827152 0.1823427 19.53779 1.145668 0 0.0 0.034700564150343435 1.4317360686718903 0.0 0.0
0.04349225 -0.01705405 -0.5501901 -2.867725 0.08272467 0.05464786 0.2407185 15.54685 1.5623 1 0.9995374 0.04671634009064709 2.920026681686832 0.0 0.0
-0.01522267 0.02642597 -1.425179 -3.182189 1.003096 0.6967052 0.3088551 19.80695 0.8768158 0 0.0 0.030496910866017232 3.4867552271075755 0.0 0.0
0.06929277 0.007946793 -0.3635433 -2.781008 0.2781767 0.1993288 0.1314351 17.81916 1.278599 1 0.993817 0.06974696762768794 2.804669183172748 0.0 0.0
0.02364895 -0.01447064 -0.9485083 -2.65907 0.5615581 0.3863017 0.4739848 18.85167 0.9888306 0 0.0 0.027724939280584546 2.8231757402026694 0.0 0.0
0.02603042 0.005064012 -0.8096348 -1.199654 1.968322 1.699215 0.3347546 20.41682 0.6205139 0 0.0 0.026518427233011836 1.4473003244271867 0.0 0.0
0.07660527 0.02250375 6.586946 -8.469313 0.275633 0.1951245 0.2145604 17.95092 1.368387 1 0.0 0.07984225795802245 10.729264667202735 0.0 0.0
0.03958353 -0.02514388 -0.386164 -2.823755 0.1473734 0.09244348 0.2169202 16.7356 1.379859 1 0.9988569 0.046894248567551436 2.850037707631427 0.0 0.0
0.02544728 0.06908426 2.352152 -1.472493 1.3573 1.103854 0.4774488 20.14573 0.805912 0 0.0 0.07362200105366601 2.7750413809802907 0.0 0.0
0.01309513 0.04166781 -0.6662602 -2.815173 0.08076534 0.05282358 0.1005402 15.49275 1.599058 1 0.9996769 0.04367709720108469 2.8929399706929697 0.0 0.0
0.048899 -0.01714736 0.1784425 -2.262476 0.6321263 0.525388 0.419148 19.16209 1.189789 1 0.9773384 0.05181837662422087 2.2695020106583406 0.0 0.0
0.02014065 -0.0008859613 1.185677 -5.159432 1.52994 1.403083 0.5298164 20.07958 0.8040047 0 0.0 0.020160126731932956 5.293918068024192 0.0 0.0
-0.005934692 0.02168881 -0.4443419 -2.25 0.2204598 0.1403835 0.2346642 17.47876 1.268974 1 0.9383275 0.022486107896898564 2.2934558474266753 0.0 0.0
0.005645903 0.01097334 -1.373095 -3.497836 0.3730693 0.2352528 0.06083358 17.8936 -0.00214386 0 0.0 0.01234060012483222 3.7576916533852267 0.0 0.0
-0.003103264 0.02706381 -0.8685066 -2.633924 0.4344049 0.2984273 0.3353203 18.69605 1.048798 0 0.0 0.027241146436407484 2.7734201542535093 0.0 0.0
0.008618308 0.002813551 -0.3044109 -4.122168 0.3113165 0.1943944 0.2009345 14.66214 1.650578 0 0.0 0.009065941871226894 4.13339267627246 0.0 0.0
0.02863558 0.007270314 -1.02597 -2.254728 1.037885 0.7455761 0.2917051 19.81569 0.8775234 0 0.0 0.029544101062564013 2.477178393835212 0.0 0.0
0.03847847 -0.02927299 2.198786 -3.260457 3.410495 2.743739 0.6275069 20.74837 1.004082 0 0.0 0.04834770518939859 3.9325868995668745 0.0 0.0
-0.004490628 0.02244227 -0.22062 -2.766712 0.1493328 0.09892867 0.2789781 16.9139 1.314377 1 0.9982571 0.022887140987621936 2.775494275862229 0.0 0.0
0.04915664 0.07331045 -0.02204868 -3.625858 0.9844716 0.7377201 0.2683526 19.72872 0.7732639 0 0.0 0.08826549345747804 3.6259250378977423 0.0 0.0
-0.003018219 0.02255102 -0.424061 -2.574152 0.223075 0.1538162 0.3480869 17.57458 0.8516254 1 0.9991322 0.02275210207810173 2.6088476863981542 0.0 0.0
0.0164062 0.02172804 -0.9549489 -2.834728 0.1883708 0.1254073 0.078262 17.0239 nan 0 0.0 0.027226294655747777 2.9912556285939877 0.0 0.0
0.03044755 0.007102091 -8.684421 -2.157484 3.232139 1.973244 0.2683538 20.53844 0.6368866 0 0.0 0.03126488441646284 8.948402389002018 0.0 0.0
0.06951351 -0.003852175 -0.6392594 -2.768634 0.06252035 0.04214086 0.04721084 14.81688 1.724874 1 0.9994808 0.06962016464179559 2.841476166791543 0.0 0.0
0.03550226 0.06772217 1.945701 -4.28581 0.186722 0.1264393 0.1652969 17.18612 1.052584 1 0.0 0.07646373502920518 4.706795060070174 0.0 0.0
0.05068168 -0.01910683 3.236436 -8.835619 0.7101864 0.6250298 0.4152073 19.32807 0.7954273 0 0.0 0.054163674545504206 9.409712062292714 0.0 0.0
0.07070345 -0.00203315 3.567049 -1.522305 1.259347 0.8912665 0.1783444 19.95737 2.302856 0 0.0 0.07073267661289935 3.8783051815742917 0.0 0.0
0.01193106 0.006175968 -7.400598 -5.274223 2.032829 1.479504 -0.1345196 19.88354 nan 0 0.0 0.013434759895905249 9.087699324434816 0.0 0.0
0.04892599 -0.02096779 2.84447 -8.786949 0.2147104 0.1391921 0.2411355 17.56835 1.37562 1 0.0 0.053229697678684976 9.235880158896661 0.0 0.0
0.02830644 0.06075052 2.632854 -1.781018 1.780908 1.462546 0.4571074 20.36255 0.5094681 0 0.0 0.06702149077530281 3.1786703669364647 0.0 0.0
0.071659 0.04031905 3.100669 -8.063608 0.7074318 0.5164364 0.2392839 19.37888 1.562925 1 0.0 0.08222309939367707 8.639208425846954 0.0 0.0
0.04818692 -0.0300675 0.1900798 -2.252676 0.06960306 0.03859399 -0.02352188 14.68863 1.331359 1 0.0 0.05679818496515888 2.260681200732213 0.0 0.0
0.004032011 0.009815632 -1.736677 -3.058114 0.3051533 0.1931844 0.2613333 18.04094 1.010147 0 0.0 0.010611491142320432 3.516832131240415 0.0 0.0
0.00994881 0.0006963077 -0.5873054 -2.865866 0.1245748 0.080512 0.2104964 16.3146 1.1861 0 0.0 0.009973147187782767 2.925425706256298 0.0 0.0
0.002078751 0.03334663 -0.4696066 -2.868058 0.2250682 0.1510569 0.124949 17.51231 1.066128 1 0.9991137 0.03341135941677473 2.9062496537853657 0.0 0.0
0.04501572 -0.03332421 -3.90985 -1.188005 2.122681 1.569363 0.3361913 20.60971 0.9664288 0 0.0 0.0560081960006078 4.08635325229293 0.0 0.0
0.04679861 0.05196421 1.34509 -2.435066 1.891265 1.337681 0.4566311 20.38674 0.7310886 0 0.0 0.06993131643874724 2.781872307000449 0.0 0.0
0.0558066 -0.01582811 -2.691837 -3.942597 2.094407 1.50858 0.2791337 20.56268 0.8957062 0 0.0 0.05800780697226969 4.773893331336384 0.0 0.0
-0.009304232 0.02170007 -0.9340044 -2.947679 0.2597446 0.1817685 0.3675739 17.68213 0.4835987 0 0.0 0.023610628350696723 3.092115086192679 0.0 0.0
0.01082757 0.01531798 -0.7331291 -2.793791 0.1182075 0.07716752 0.2402196 16.41319 1.261646 1 0.9997341 0.018758379018062835 2.888381281781858 0.0 0.0
-0.00539674 0.02277793 3.66732 11.66112 3.70073 3.45815 0.3970438 20.80682 nan 0 0.0 0.023408521903625183 12.224195500596348 0.0 0.0
0.01142371 0.03456117 -0.7963412 -2.155239 0.3770374 0.2637385 0.1499014 18.376 1.149082 0 0.0 0.03640021458635924 2.2976541197357014 0.0 0.0
0.001427287 0.0178666 -1.948037 -5.358411 4.319664 2.067341 0.2384077 20.68209 nan 0 0.0 0.01792351929003813 5.7015275670902446 0.0 0.0
0.08458902 0.0203897 -3.925631 -7.049852 2.026156 1.56828 0.3870374 20.47886 0.2011662 0 0.0 0.08701173582138447 8.06913824209655 0.0 0.0
0.07908373 -0.001478705 -0.684971 -6.069421 0.2703846 0.187166 0.1094945 17.89418 1.005352 1 0.0 0.07909755318080279 6.107950273707376 0.0 0.0
0.007260391 0.02330237 -0.8000975 -2.451797 2.417155 0.8757231 -0.6106772 19.46994 nan 0 0.0 0.0244072473886299 2.5790433378900888 0.0 0.0
0.02939939 0.004237474 2.687109 0.6229875 1.677103 1.605296 0.601412 20.26813 1.002506 0 0.0 0.029703203838521798 2.758381446253808 0.0 0.0
-0.006245956 0.01697383 -0.6202227 -3.036676 0.259102 0.1758763 0.2930494 17.8791 1.166218 0 0.0 0.01808653839801403 3.0993672461603015 0.0 0.0
-0.01581885 0.04026372 4.053385 2.704948 0.3324027 0.2177074 0.286052 18.06321 1.470194 1 0.0 0.0432597175621952 4.873055883214248 0.0 0.0
0.05844026 -0.01335343 -0.833084 -2.807915 0.3717936 0.2700992 0.3292907 18.47511 1.297413 1 0.9930758 0.05994646012595323 2.9288932377744668 0.0 0.0
0.05819535 0.08023262 -1.126078 -2.165561 0.8286438 0.5869025 0.1904875 19.50644 1.034086 0 0.0 0.09911595267002633 2.4408412703010818 0.0 0.0
0.009328011 0.03199403 -0.02018264 -2.933951 0.3317692 0.2393136 0.1762051 18.11665 0.2577248 0 0.0 0.03332611205731957 2.934020417338361 0.0 0.0
0.03084546 0.01420879 -0.6055383 -2.482544 0.2196729 0.1491178 0.1341076 17.49119 1.109531 1 0.9969401 0.033960743747387216 2.5553280307433894 0.0 0.0
0.01298522 0.07872949 -1.097515 -2.896672 3.395795 3.088368 0.5202296 20.80819 0.7659779 0 0.0 0.07979316094821974 3.0976197072605607 0.0 0.0
0.005646336 0.02188719 -1.319835 -2.226588 0.7741092 0.5878021 0.3382358 19.5507 0.79879 0 0.0 0.022603765091705322 2.588369863247716 0.0 0.0
0.01493545 0.03751342 -0.3532337 -2.912552 0.214959 0.1445999 0.1486928 17.47297 0.902483 1 0.9980212 0.04037727512845437 2.9338938630290783 0.0 0.0
-0.01414631 0.02311493 -0.2867271 -2.768785 0.2856512 0.2044407 0.2428173 17.54931 1.058062 1 0.9986731 0.027100148994442817 2.7835917096620704 0.0 0.0
0.03017448 0.05462946 -0.8890006 -3.651239 0.3579964 0.2539825 0.1818591 18.32102 1.604965 1 0.5605839 0.06240895082567884 3.7579074365824074 0.0 0.0
0.01561075 -0.002197648 2.360578 2.953372 0.984862 0.7428734 0.4278194 18.85659 0.8954258 0 0.0 0.01576468116691245 3.780837825729636 0.0 0.0
0.00374917 0.02084965 1.880606 -5.631045 2.974915 2.01372 0.2272808 20.52497 0.401619 0 0.0 0.021184054871799217 5.936779153654026 0.0 0.0
0.08938133 -0.01348202 1.39855 -5.949398 0.3057395 0.2110229 0.1049388 17.93925 0.8947563 1 0.0 0.09039240574212691 6.111569247329527 0.0 0.0
0.01204684 0.03618999 -2.039349 -0.835964 1.398115 1.201784 0.3676031 20.11628 0.9689007 0 0.0 0.038142387578463145 2.2040372394986885 0.0 0.0
-0.003556157 0.02019162 -1.224785 -8.648986 3.016246 1.900343 0.2290933 20.28215 0.6789474 0 0.0 0.020502384515783744 8.735276591180213 0.0 0.0
0.06104426 -0.01422427 -1.686831 -4.117524 0.4754133 0.3241868 0.301464 18.84255 1.250692 1 0.04920063 0.06267959425507236 4.4496519766310945 0.0 0.0
0.001795469 0.02508019 5.980339 -3.157224 2.442134 1.697065 0.291703 20.42296 0.7832584 0 0.0 0.025144375899315157 6.762582194775676 0.0 0.0
0.01181721 -0.001031893 2.545606 2.911774 1.407006 1.537492 0.9052258 18.85412 nan 0 0.0 0.01186217751289994 3.867626886646642 0.0 0.0
0.04754782 0.005581065 -0.4283631 0.5358608 0.8062787 0.6056049 0.1603873 19.13079 1.495684 0 0.0 0.04787424645137117 0.6860333391448625 0.0 0.0
0.07763971 -0.001788808 -4.606452 -9.185647 1.303573 0.9604747 0.2037422 20.14799 0.4053288 0 0.0 0.07766031420838422 10.275967635065468 0.0 0.0
0.01674295 -0.004120385 -0.5198192 -2.799572 0.2465138 0.1564623 0.2456133 17.53351 0.8937511 0 0.0 0.01724250408875477 2.8474225861070637 0.0 0.0
-0.01734777 0.03770388 -0.5224692 -2.894421 0.2116531 0.1430875 0.2647717 17.42286 1.12311 1 0.9988256 0.041503345540176644 2.9411982235459138 0.0 0.0
0.0162337 -0.001146769 -0.456496 -2.331113 0.2087013 0.1406181 0.2527309 17.38792 1.219845 0 0.0 0.016274154197050028 2.375389739976369 0.0 0.0
0.001200943 0.038424 -1.453795 -4.264348 1.261837 1.0369 0.3735274 20.01393 0.974884 0 0.0 0.03844276316927868 4.505350570946616 0.0 0.0
0.04767739 -0.03019893 -4.793868 -9.221504 0.3331485 0.2317965 0.2553908 17.30385 nan 0 0.0 0.056436768957453615 10.393137467744761 0.0 0.0
0.01592179 -0.00557369 -0.5721347 -3.124518 0.291971 0.2228057 0.3883539 17.67821 1.164434 0 0.0 0.016869185428472832 3.1764682978534653 0.0 0.0
0.002560094 0.03008697 2.844488 -1.346653 2.854612 2.409643 0.2079119 20.72264 0.8398838 0 0.0 0.03019569249197203 3.1471552685803417 0.0 0.0
0.03115578 0.009032175 -0.373837 -2.809952 0.2157541 0.1399813 0.01101562 17.26929 1.272076 1 0.9991464 0.032438600657843195 2.83471062806647 0.0 0.0
0.002729635 0.01121184 0.917382 -2.288314 0.6667989 0.4714714 0.2562844 19.22957 nan 0 0.0 0.011539335484282664 2.465354071227904 0.0 0.0
0.05846071 0.0364894 -0.8039097 -2.984831 0.2873307 0.2080409 0.2301891 17.9257 1.301966 1 0.9911943 0.06891393854703197 3.091195060864825 0.0 0.0
0.009410956 0.001608057 -0.366415 -8.428402 1.506566 0.9194674 0.08807284 18.94195 nan 0 0.0 0.009547352520420778 8.436362973807434 0.0 0.0
0.04840402 0.02571666 -0.9111286 -2.770222 0.2522066 0.174186 0.1409143 17.71198 1.272205 1 0.9954777 0.054811456409367555 2.9162107699927935 0.0 0.0
0.009665732 0.001205589 2.675763 -3.750576 0.2410916 0.1403151 0.1472699 16.74875 nan 0 0.0 0.009740627286409485 4.607225625465395 0.0 0.0
0.008873061 0.00196858 2.998347 -2.053678 1.411671 0.9441005 0.03540463 18.54085 nan 0 0.0 0.009088812833705015 3.634236929548347 0.0 0.0
0.02119519 0.04645046 2.202854 -2.705094 2.276887 1.510685 0.2223359 20.53278 0.4745731 0 0.0 0.05105762737679553 3.4885669398983876 0.0 0.0
-0.006869472 0.02936012 0.2294633 -0.8216927 2.698277 1.871073 0.3255925 20.63849 0.5945511 0 0.0 0.030153047805705876 0.8531308805102416 0.0 0.0
-0.007210172 0.04710607 -0.9722558 -1.16504 2.061124 1.319371 0.2785059 20.44827 0.989399 0 0.0 0.047654678795628076 1.517431890476024 0.0 0.0
0.005249403 0.007891078 -0.9981574 -1.807934 1.283491 0.7443519 0.1547316 19.03764 nan 0 0.0 0.009477623323307009 2.065173974155872 0.0 0.0
0.01552566 -0.003620521 -1.530939 -2.505891 0.2967818 0.1909434 0.2265746 17.47532 0.8928719 0 0.0 0.015942217246890128 2.936539447309026 0.0 0.0
0.001767085 0.01963852 -6.526185 -1.765387 4.122023 2.808347 0.5521113 20.7537 nan 0 0.0 0.019717861374591947 6.7607456625725835 0.0 0.0
0.005193008 0.01420822 0.6848081 -3.614606 0.7064914 0.4641255 0.2661312 19.0278 0.8952694 0 0.0 0.015127486495001872 3.6789045474246285 0.0 0.0
-0.05518968 0.05896308 6.188578 -1.572515 1.265767 0.9278764 0.4410877 20.08601 1.548063 0 0.0 0.08076227820950076 6.385240879348953 0.0 0.0
0.03198279 0.03547929 0.4122592 -1.522999 1.229615 0.817488 0.2501055 19.97137 1.124823 0 0.0 0.04776692239498165 1.57780974834916 0.0 0.0
0.05583011 -0.0280485 4.45122 -10.41638 2.180525 1.808057 0.3812954 20.65109 1.529379 0 0.0 0.062479752999368525 11.327591614849116 0.0 0.0
-0.009304552 0.02660005 0.3180198 -0.3896806 2.628108 2.009689 0.5545369 20.59803 nan 0 0.0 0.028180442649525645 0.502978690610646 0.0 0.0
0.009807101 -0.001518114 10.21691 8.574925 0.9359254 0.7187611 0.4084276 16.28602 1.093744 0 0.0 0.009923905488324494 13.33846275639457 0.0 0.0
0.0508166 -0.0376177 2.978035 -1.731506 2.568924 1.927519 0.4132673 20.59812 0.7673607 0 0.0 0.06322513889941248 3.444822998248386 0.0 0.0
0.02905992 0.005565058 0.6669624 -2.052132 1.142328 0.8131869 0.3715081 19.98312 0.9811478 0 0.0 0.029587984401607422 2.1577962342255024 0.0 0.0
