jas1101finalproject/data/gcs/NGC_6401.ecsv
# %ECSV 0.9
# ---
# datatype:
# - {name: x, unit: deg, datatype: float64}
# - {name: y, unit: deg, datatype: float64}
# - {name: pmx, unit: mas / yr, datatype: float64}
# - {name: pmy, unit: mas / yr, datatype: float64}
# - {name: pmx_e, unit: mas / yr, datatype: float64}
# - {name: pmy_e, unit: mas / yr, datatype: float64}
# - {name: pm_corr, datatype: float64}
# - {name: g_mag, unit: mag, datatype: float64}
# - {name: bp_rp, unit: mag, datatype: float64}
# - {name: filter, datatype: int64}
# - {name: memberprob, datatype: float64}
# - {name: r, unit: deg, datatype: float64}
# - {name: pm, unit: mas / yr, datatype: float64}
# - {name: member_prob_GMM, datatype: float64}
# - {name: member_prob_DB, datatype: float64}
# meta: !!omap
# - comments: [deg deg mas/yr mas/yr mas/yr mas/yr dimless mag   mag   zeroone float]
# - __serialized_columns__:
#     bp_rp:
#       __class__: astropy.units.quantity.Quantity
#       unit: &id001 !astropy.units.Unit {unit: mag}
#       value: !astropy.table.SerializedColumn {name: bp_rp}
#     g_mag:
#       __class__: astropy.units.quantity.Quantity
#       unit: *id001
#       value: !astropy.table.SerializedColumn {name: g_mag}
#     pm:
#       __class__: astropy.units.quantity.Quantity
#       unit: !astropy.units.Unit {unit: mas / yr}
#       value: !astropy.table.SerializedColumn {name: pm}
#     pmx:
#       __class__: astropy.units.quantity.Quantity
#       unit: !astropy.units.Unit {unit: mas / yr}
#       value: !astropy.table.SerializedColumn {name: pmx}
#     pmx_e:
#       __class__: astropy.units.quantity.Quantity
#       unit: !astropy.units.Unit {unit: mas / yr}
#       value: !astropy.table.SerializedColumn {name: pmx_e}
#     pmy:
#       __class__: astropy.units.quantity.Quantity
#       unit: !astropy.units.Unit {unit: mas / yr}
#       value: !astropy.table.SerializedColumn {name: pmy}
#     pmy_e:
#       __class__: astropy.units.quantity.Quantity
#       unit: !astropy.units.Unit {unit: mas / yr}
#       value: !astropy.table.SerializedColumn {name: pmy_e}
#     r:
#       __class__: astropy.units.quantity.Quantity
#       unit: &id002 !astropy.units.Unit {unit: deg}
#       value: !astropy.table.SerializedColumn {name: r}
#     x:
#       __class__: astropy.units.quantity.Quantity
#       unit: *id002
#       value: !astropy.table.SerializedColumn {name: x}
#     y:
#       __class__: astropy.units.quantity.Quantity
#       unit: *id002
#       value: !astropy.table.SerializedColumn {name: y}
# schema: astropy-2.0
x y pmx pmy pmx_e pmy_e pm_corr g_mag bp_rp filter memberprob r pm member_prob_GMM member_prob_DB
[from data line 2247]
0.01462943 0.02704498 -9.267052 -13.17471 0.6700345 0.4807726 0.5104204 18.31221 nan 0 0.0 0.030748189626794292 16.107490069989304 0.0 0.0
0.03565496 -0.02594335 -2.103419 -5.291463 1.802567 1.563259 0.5685377 19.4036 1.767595 0 0.0 0.04409459810253519 5.6942033832600325 0.0 0.0
0.03256505 -0.001177519 -6.093125 -6.054679 1.89455 1.613168 0.4624177 19.51975 1.371389 0 0.0 0.032586331989008226 8.589837603742343 0.0 0.0
0.01147387 0.0008154392 -0.08747051 -4.276471 0.524749 0.4024269 0.08033019 16.99921 1.760146 0 0.0 0.011502809824812225 4.277365462987779 0.0 0.0
0.02706946 0.0009103884 -7.026493 -6.492346 1.724007 1.50332 0.4542573 19.73847 1.56311 0 0.0 0.027084764568488583 9.566721510672558 0.0 0.0
0.04247433 0.01485468 -3.095344 -1.125626 1.948592 1.547886 0.6418909 19.7056 nan 0 0.0 0.04499700242073131 3.2936588120526387 0.0 0.0
-0.004792637 0.03768109 -5.429425 -11.14473 1.497322 1.309509 0.4938068 19.63733 1.907038 0 0.0 0.03798465365120326 12.396921497030018 0.0 0.0
0.04333776 0.01029202 -2.356493 -5.642375 0.5006937 0.3884868 0.227521 18.79883 1.770319 0 0.0 0.04454309281468902 6.11469172564521 0.0 0.0
0.04247422 0.01451327 -0.536835 -4.163621 1.211237 1.057296 0.3963374 19.58009 1.777937 0 0.0 0.04488534694865686 4.1980866652400115 0.0 0.0
0.04247266 0.009784953 0.6180151 -3.403443 0.3127956 0.2332426 0.01742948 18.14901 1.815388 0 0.0 0.04358522860657965 3.4590991483444085 0.0 0.0
0.007373933 0.02217613 12.74272 3.604655 1.706477 1.190005 0.5091006 19.9467 nan 0 0.0 0.023369972821237702 13.242750872361263 0.0 0.0
0.02087745 0.01071722 2.973313 -0.7661765 0.1717341 0.1352216 0.1707781 16.78553 2.19051 1 0.0 0.023467567471531853 3.0704424152101026 0.0 0.0
0.02400277 0.01276326 -1.794578 1.703368 0.540747 0.4017631 0.03652316 18.26091 2.000076 0 0.0 0.027185175620188663 2.4742620599904126 0.0 0.0
0.03198073 0.005080638 -4.697542 -1.844215 1.000742 0.8745918 0.5170546 19.1313 1.597612 0 0.0 0.03238178459906038 5.04658595567231 0.0 0.0
0.03886256 -0.02638106 0.3140121 1.198642 0.3817548 0.2808547 0.1336345 18.19951 1.796904 0 0.0 0.04697083027238501 1.2390908938049743 0.0 0.0
0.02204672 -0.00441016 -4.601478 -2.756919 1.314193 1.186669 0.2787514 19.38989 1.473236 0 0.0 0.022483491143147676 5.36415903539828 0.0 0.0
0.04180291 0.009367462 -5.237934 -0.8734638 1.348544 1.099137 0.4382273 19.95308 1.582407 0 0.0 0.042839615180222425 5.310262855854354 0.0 0.0
-0.008336661 0.03511744 -3.419468 -5.849136 1.604878 1.425368 0.5070824 19.8167 1.996342 0 0.0 0.03609341364823395 6.77533418729438 0.0 0.0
0.04020183 -0.02510736 -6.957007 -7.434834 0.4426992 0.3257611 0.2151634 18.59026 1.942944 0 0.0 0.04739796052066481 10.18217575008431 0.0 0.0
0.02958421 0.01764301 0.52988 -7.363621 0.1907417 0.1493833 0.1872731 16.79932 2.20956 1 0.0 0.034445627925532143 7.382661244161282 0.0 0.0
0.001737309 0.01587636 -2.297039 1.108362 0.5837689 0.4337316 0.03473545 18.42954 1.935713 0 0.0 0.015971131751102707 2.5504616230331716 0.0 0.0
0.008935188 0.002654324 -3.185574 0.01225033 0.3582222 0.280243 0.1823661 16.87137 2.008543 0 0.0 0.009321106183941904 3.1855975546294464 0.0 0.0
0.005364697 0.01802203 -8.149458 -7.885196 1.565329 1.408946 0.1950629 19.71377 nan 0 0.0 0.01880355123966505 11.339752274727168 0.0 0.0
-0.007638067 0.01932082 -4.490575 -7.4019 0.3756776 0.2831489 0.06382896 18.27419 nan 0 0.0 0.02077580691498862 8.657562442201904 0.0 0.0
0.0127855 0.004599496 -4.750715 -3.32497 0.3084655 0.2433655 0.2252741 17.52799 1.986919 0 0.0 0.013587655195213632 5.798682480712753 0.0 0.0
0.02690897 0.03411164 15.74872 11.28672 2.72734 1.83185 0.1778363 20.19903 nan 0 0.0 0.04344763112012553 19.37555754028255 0.0 0.0
0.0257582 0.0008992123 -0.66407 0.03087509 0.2040111 0.1598447 0.2015046 17.28368 2.070818 0 0.0 0.02577389085878326 0.6647873615544359 0.0 0.0
0.01870412 0.03115288 -2.114359 -4.177841 0.1792999 0.1403354 0.2029686 16.99362 2.189689 0 0.0 0.036336566118289164 4.68239996178904 0.0 0.0
0.01741997 0.02752338 -8.007718 -6.520739 1.558534 1.370849 0.5046803 19.69072 1.699371 0 0.0 0.03257286910030033 10.326838077245378 0.0 0.0
0.03466355 0.02156707 0.7907914 2.640094 1.412727 1.268329 0.2024528 19.5039 1.978325 0 0.0 0.04082523982767768 2.755983919973039 0.0 0.0
0.03449189 0.005676992 -4.436945 -11.52576 0.4650511 0.3495893 0.07258907 18.71686 nan 0 0.0 0.03495595391260499 12.35028843835742 0.0 0.0
0.01415729 0.04752804 -3.806779 -5.028263 0.3598727 0.2707415 0.1081157 18.3306 2.124266 0 0.0 0.049591767929624164 6.306742039437637 0.0 0.0
0.01738792 -0.003299372 -2.165961 -6.161794 0.6920601 0.5115786 -0.02576658 18.10609 nan 0 0.0 0.017698181192449806 6.531392833994676 0.0 1.0
0.02319308 0.00976124 -6.891918 -3.939238 0.2262218 0.1760008 0.1248306 16.96324 2.260182 0 0.0 0.025163480805007882 7.93826994623942 0.0 0.0
0.03209288 0.007310301 -4.708798 1.929689 0.1888104 0.1483846 0.1868816 17.12813 2.185638 1 0.0 0.03291494261585459 5.088858245375381 0.0 0.0
0.04024266 0.01646329 -0.5721971 -4.920441 0.275327 0.2150078 0.2209951 17.57017 2.228401 0 0.0 0.043480013816691684 4.953599616009495 0.0 0.0
0.03650114 0.007244281 -1.82172 1.9136 1.479075 1.192999 0.09522673 19.7517 nan 0 0.0 0.03721307335475748 2.642069022262666 0.0 0.0
0.03720487 0.02886388 -3.568398 -4.935713 0.2839161 0.2168484 0.08650831 17.28959 2.231898 0 0.0 0.04708849031739391 6.090544072968605 0.0 0.0
0.02712481 -0.001262093 -5.022718 -11.49765 1.51429 1.282503 0.3210196 19.43611 1.55895 0 0.0 0.027154156151071036 12.54685823742438 0.0 0.0
0.01538275 0.02614271 -8.44437 -7.375258 2.195354 1.73773 0.5181159 19.75717 nan 0 0.0 0.03033266034667253 11.211682088940266 0.0 0.0
0.03343755 0.028369 -5.977225 -5.856562 0.1934853 0.151788 0.2052875 17.0908 2.16908 0 0.0 0.04385054060102909 8.368186013734935 0.0 0.0
0.03607283 -0.02783937 -1.231131 2.068644 2.512946 2.004909 0.7549812 20.15897 1.284945 0 0.0 0.045566211014366774 2.4072747117636992 0.0 0.0
0.03150808 0.01185184 -5.121039 -6.008881 0.1493672 0.1170667 0.1721273 16.22901 2.730382 1 0.0 0.03366341065121002 7.895042198220475 0.0 0.0
-0.002838612 0.01332431 -2.644744 1.243054 0.1617297 0.1274808 0.1733921 16.7835 2.069244 0 0.0 0.01362332393590654 2.9223028714443684 0.0 0.0
-0.0004391397 0.03623922 -5.560303 -2.590746 1.221735 1.078268 0.5525202 19.35505 1.662048 0 0.0 0.03624188060634432 6.134242764052056 0.0 0.0
0.02492362 0.01330477 -2.881921 -9.565356 1.10414 0.9694998 0.4969714 19.28116 1.843019 0 0.0 0.02825249968865233 9.99007027287481 0.0 0.0
0.03728167 0.004899927 -6.272003 -10.92233 2.212609 1.788951 0.6863155 20.13188 1.745911 0 0.0 0.037602289858388004 12.595051181353295 0.0 0.0
0.02980471 0.005865078 -3.960183 -4.35681 0.2643138 0.2171903 0.2870744 16.78441 2.481008 0 0.0 0.030376304550260618 5.8876856887565765 0.0 0.0
0.04459473 0.01440193 -3.908952 -3.939028 0.2398884 0.186702 0.19002 17.43645 2.449657 1 0.0 0.04686262403555524 5.549400627373014 0.0 0.0
0.01602082 -0.004050691 -2.878504 1.500261 0.1858391 0.1462533 0.1862168 17.03737 nan 0 0.0 0.016524974161852148 3.2460080631657404 0.0 0.0
0.04437012 0.01032219 0.4049698 -0.8120882 0.1835781 0.1433093 0.1600531 16.95811 2.398327 0 0.0 0.04555496850191535 0.9074622766216125 0.0 0.0
0.04069166 0.02457892 -3.347723 -8.449853 0.2577814 0.200559 0.2962606 17.14648 2.473078 1 0.0 0.04753876840981474 9.088853888491 0.0 0.0
0.02316251 -0.005158036 -2.860754 -6.090833 0.3352644 0.2622535 0.2227493 17.85576 2.206242 0 0.0 0.023729880001327357 6.729202039053739 0.0 0.0
0.04255729 0.01258301 1.119163 -2.533566 0.3396129 0.2626993 0.2496359 17.99919 2.355728 0 0.0 0.044378542932414985 2.769744121200549 0.0 0.0
-0.003257749 0.03755716 -3.023203 -6.150687 0.2040317 0.1601469 0.1944762 16.99724 2.527425 1 0.0 0.03769818557719457 6.853517852255001 0.0 0.0
0.04565366 0.01057923 -3.000441 -5.585753 0.4818492 0.3760891 0.154172 17.53461 2.326395 0 0.0 0.046863384201191655 6.340605867856005 0.0 0.0
0.02992351 0.03697963 -6.247537 -9.204281 0.7986568 0.5960053 0.05249186 18.54658 2.099701 0 0.0 0.0475700481990191 11.12432053175968 0.0 0.0
0.01945948 0.04391102 -4.89824 -7.184979 0.4432321 0.3364099 0.1464891 18.4264 1.884583 0 0.0 0.04802966832397242 8.695785089803048 0.0 0.0
0.03921045 0.0170587 2.101139 -5.818079 1.366021 1.189725 0.2044306 19.07581 1.885895 0 0.0 0.04276047982533054 6.185857123112528 0.0 0.0
-0.007973574 0.03020222 -0.5100288 -4.448717 1.109166 0.9701146 0.5177577 19.26509 2.017443 0 0.0 0.031237028912204118 4.47785800611391 0.0 0.0
0.02458725 0.005133754 -3.063465 -8.119176 0.1204635 0.092376 0.09837674 16.12688 2.515811 1 0.0 0.025117489776946583 8.677893564984592 0.0 0.0
0.009660586 0.002814489 -4.396367 -1.092132 1.083857 0.9657767 0.174872 19.08717 1.580172 0 0.0 0.01006221994365642 4.529988422072732 0.0 0.0
0.03614019 0.01353863 -3.020003 -4.196747 0.3075826 0.2272704 0.4045179 17.51096 2.240589 0 0.0 0.03859284694749793 5.170406512259747 0.0 0.0
0.02832576 0.004738168 -5.835914 -5.17936 1.791011 1.559663 0.2681935 19.65349 1.014896 0 0.0 0.028719312588810757 7.802798358601611 0.0 0.0
0.02313552 -7.494674e-05 -9.814336 -6.191087 1.684292 1.439527 0.4833299 19.12908 1.926716 0 0.0 0.023135641393405036 11.603910951160605 0.0 0.0
0.0268469 0.003920231 -2.206459 -0.8173738 1.449896 1.262802 0.5494593 19.32425 nan 0 0.0 0.02713160980670629 2.35298985284838 0.0 0.0
0.03239997 0.008017851 -4.722783 -6.058209 1.237129 1.090038 0.528037 19.37087 1.822283 0 0.0 0.03337729753378935 7.681573767970336 0.0 0.0
0.03968406 0.01463813 -2.904124 -3.657697 1.399365 1.227204 0.4672739 19.69933 1.813118 0 0.0 0.04229774778851115 4.670405073565354 0.0 0.0
0.023724 0.01412897 -6.339672 -5.83696 1.296018 0.8418468 -0.844053 18.62146 nan 0 0.0 0.027612605260295523 8.617513742906594 0.0 0.0
0.02659444 -0.002679143 -2.362485 2.377069 0.3291201 0.2645342 0.03983988 17.44435 2.07983 0 0.0 0.026729048732194886 3.351386639286192 0.0 0.0
0.01777916 0.001550962 -3.303826 -12.40971 0.6265337 0.4646626 0.024565 18.31703 1.892811 0 0.0 0.017846680739875522 12.841969028243916 0.0 0.0
0.03254668 0.03668526 -4.804534 -1.0787 0.2209655 0.1732437 0.1996633 17.27713 2.43383 1 0.0 0.0490417646530995 4.9241385690449455 0.0 0.0
0.001012059 0.04276426 -5.315777 -9.111266 0.6521479 0.4842447 0.09534455 18.79253 1.949615 0 0.0 0.0427762340180512 10.54858536660177 0.0 0.0
-0.0008018941 0.03098257 -3.611308 -5.01294 0.3709149 0.2798059 0.1660123 18.35554 2.202496 0 0.0 0.03099294561593839 6.178277503840695 0.0 0.0
0.04442578 0.009934977 -5.379333 -3.851566 1.281527 1.114648 0.5807406 19.07867 nan 0 0.0 0.04552311167526808 6.616024801740468 0.0 0.0
0.03052829 -0.001894185 -4.639296 -8.379055 0.1735148 0.1370189 0.2004496 16.5879 2.522295 1 0.0 0.030586997681013497 9.577663079720491 0.0 0.0
-0.009256438 0.0192406 -1.320492 -1.544508 0.1122926 0.08533329 0.01300486 15.73871 2.500964 1 0.0 0.021351401190737904 2.032044311556222 0.0 0.0
-0.001276259 0.02800138 -7.624743 -4.454144 0.2258526 0.1761075 0.1801214 17.32839 2.287431 0 0.0 0.02803044985260638 8.83040795143605 0.0 0.0
0.0375912 0.0139483 -0.09809006 -8.770047 0.278142 0.2175898 0.2053742 17.86762 2.247551 0 0.0 0.04009555324883297 8.770595535200549 0.0 0.0
0.03889925 0.002852865 -2.314398 -7.340563 0.1723422 0.1093761 -0.3325849 16.00038 2.53854 1 0.0 0.03900372404361826 7.69677226240799 0.0 0.0
-0.01199136 0.02386379 -2.47849 -2.446168 0.2256406 0.1769037 0.1922315 17.25609 2.489556 1 0.0 0.026707174837741633 3.4823340684552364 0.0 0.0
0.019734 0.01399422 -10.20918 -10.46218 1.107427 0.7817395 0.05114598 18.73905 1.675028 0 0.0 0.0241923324507663 14.617953571714477 0.0 0.0
0.01613604 0.02503827 0.5813449 1.416751 0.2732045 0.2259339 0.3651242 17.53573 1.612572 0 0.0 0.029787358920765367 1.5313867208373626 0.0 0.0
-0.01098668 0.02219686 -1.415082 -4.272151 0.144728 0.1111568 0.1493292 16.18101 2.826496 1 0.0 0.024767069493220224 4.500414562407001 0.0 0.0
-0.02148131 0.03938838 3.509591 2.916276 0.8543469 0.6440386 0.132394 18.45833 1.878527 0 0.0 0.04486525558091139 4.5631014338339 0.0 0.0
0.007065872 0.001670248 -1.618889 2.732921 0.6990687 0.5752208 0.2520944 18.89616 nan 0 0.0 0.007260597461771862 3.176422324969084 0.0 0.0
0.007262199 0.0200628 -2.423919 1.575942 0.3216592 0.2526407 0.2184241 17.85499 1.912134 0 0.0 0.02133671666765065 2.8911894621288656 0.0 0.0
0.04571259 0.01943885 1.195048 0.6619226 0.9509455 0.8577444 0.161867 19.14505 1.86792 0 0.0 0.04967403520784878 1.3661190470433975 0.0 0.0
0.02333334 0.01396883 -2.401213 -7.883687 0.1377861 0.1048989 0.07412967 16.04498 3.018878 1 0.0 0.027195090864428086 8.241258677249368 0.0 0.0
0.03917846 0.003552778 1.972685 -6.743593 0.279066 0.2296895 -0.1026016 17.38384 2.334064 0 0.0 0.03933921655916502 7.0262032890369746 0.0 0.0
-0.01285717 0.03177539 -6.428445 5.74234 1.935636 1.655717 0.60851 19.19778 nan 0 0.0 0.0342780137998251 8.619708451776372 0.0 0.0
-0.002559761 0.02173763 -2.934463 1.404112 0.1316691 0.09715193 0.01564002 16.06872 2.195246 1 0.9983679 0.02188782616876379 3.2530913923394467 0.0 0.0
0.001458617 0.0452934 -2.251777 -7.732574 0.2051281 0.1577425 0.3076763 16.71325 2.21825 1 0.0 0.04531688037710329 8.053769323938015 0.0 0.0
-0.002587477 0.01235538 -2.86637 1.245339 0.126091 0.09380245 0.01070733 15.53949 2.367785 0 0.0 0.012623408896567084 3.1252113851419714 0.0 0.0
-0.01369439 0.03215677 -2.204843 -2.473795 0.490581 0.3521844 0.5353973 18.26932 nan 0 0.0 0.03495131148190293 3.3137583431315565 0.0 0.0
0.03851158 0.0126701 -0.5710547 -1.705239 1.41195 1.201721 0.3854515 19.47479 1.694096 0 0.0 0.04054224004795985 1.7983168568172545 0.0 0.0
0.02689938 -0.01201186 -0.6297412 -4.0569 1.817714 1.60967 0.1779787 19.4582 1.941351 0 0.0 0.029459487861196773 4.105485548504274 0.0 0.0
0.0434533 0.02198403 -3.92034 -14.57855 0.8632664 0.6439195 0.4914303 18.97266 2.014135 0 0.0 0.04869791428727621 15.09646269223688 0.0 0.0
0.0003422773 0.04744871 0.2710451 -8.221165 0.1912729 0.1485863 0.2778153 17.0117 2.277347 1 0.0 0.04744994451434264 8.225631854359822 0.0 0.0
0.0001747708 0.009034714 -3.124902 -0.2294275 0.6906296 0.5279584 0.3121805 17.05209 1.702514 0 0.0 0.00903640425691152 3.1333128613913184 0.0 0.0
0.03179029 0.02483128 -3.543746 -6.096376 0.3099811 0.2429925 0.1855886 17.77128 1.819527 0 0.0 0.04033875313792557 7.0515201230580065 0.0 0.0
-0.01224334 0.0327234 -0.874511 -2.938675 0.2725981 0.2107079 0.2061746 17.47157 2.36257 1 0.0 0.03493880767736071 3.0660365693751928 0.0 0.0
-0.001052954 0.01987989 -1.978634 1.676629 0.3374987 0.2640742 0.1935742 16.73244 2.212339 0 0.0 0.019907755738360264 2.593468200999773 0.0 0.0
0.02417363 0.03123971 -0.4236779 -3.823253 2.151119 1.698547 0.1916782 19.988 1.880495 0 0.0 0.039500428709838074 3.846656530671462 0.0 0.0
-0.001527362 0.02449758 -1.878722 -8.516564 0.2286773 0.1779574 0.2069155 17.45811 2.193876 1 0.0 0.024545147392823784 8.72132207405391 0.0 0.0
0.02436287 -0.001097511 -6.473141 -9.393945 1.535627 1.351537 0.5066182 19.75313 1.597813 0 0.0 0.0243875780886914 11.408231986986678 0.0 0.0
0.0263151 -0.004418588 -3.447066 1.128084 0.8641823 0.6482537 0.08937427 18.61422 1.766127 0 0.0 0.026683485677919668 3.6269598177277893 0.0 0.0
-0.002029701 0.02859456 -2.964628 1.619817 0.2375568 0.1877781 0.2327992 17.30507 2.106871 0 0.0 0.028666505677235953 3.3782874791635185 0.0 0.0
0.0052821 0.0452666 -5.497375 -6.148805 0.2775693 0.2187469 0.1411612 17.7909 2.131302 0 0.0 0.04557373866570527 8.24796549572378 0.0 0.0
0.005197008 0.0112395 -2.479846 -3.216609 0.5686975 0.4453777 0.1785378 17.07723 2.151374 0 0.0 0.012382861236485854 4.0615526147763985 0.0 0.0
0.004025479 0.02170707 -3.142929 -2.967404 0.1861666 0.1446755 0.1646826 16.80915 2.188124 0 0.0 0.022077168504233982 4.322440190246361 0.0 0.0
0.003691009 0.03479149 -6.116029 -11.91756 0.5197439 0.3972155 0.09164871 18.06608 2.25419 0 0.0 0.03498673068261996 13.395299439819963 0.0 0.0
