jas1101finalproject/data/gcs/NGC_6540_Djorg.ecsv
# %ECSV 0.9
# ---
# datatype:
# - {name: x, unit: deg, datatype: float64}
# - {name: y, unit: deg, datatype: float64}
# - {name: pmx, unit: mas / yr, datatype: float64}
# - {name: pmy, unit: mas / yr, datatype: float64}
# - {name: pmx_e, unit: mas / yr, datatype: float64}
# - {name: pmy_e, unit: mas / yr, datatype: float64}
# - {name: pm_corr, datatype: float64}
# - {name: g_mag, unit: mag, datatype: float64}
# - {name: bp_rp, unit: mag, datatype: float64}
# - {name: filter, datatype: int64}
# - {name: memberprob, datatype: float64}
# - {name: r, unit: deg, datatype: float64}
# - {name: pm, unit: mas / yr, datatype: float64}
# - {name: member_prob_GMM, datatype: float64}
# - {name: member_prob_DB, datatype: float64}
# meta: !!omap
# - comments: [deg deg mas/yr mas/yr mas/yr mas/yr dimless mag   mag   zeroone float]
# - __serialized_columns__:
#     bp_rp:
#       __class__: astropy.units.quantity.Quantity
#       unit: &id001 !astropy.units.Unit {unit: mag}
#       value: !astropy.table.SerializedColumn {name: bp_rp}
#     g_mag:
#       __class__: astropy.units.quantity.Quantity
#       unit: *id001
#       value: !astropy.table.SerializedColumn {name: g_mag}
#     pm:
#       __class__: astropy.units.quantity.Quantity
#       unit: !astropy.units.Unit {unit: mas / yr}
#       value: !astropy.table.SerializedColumn {name: pm}
#     pmx:
#       __class__: astropy.units.quantity.Quantity
#       unit: !astropy.units.Unit {unit: mas / yr}
#       value: !astropy.table.SerializedColumn {name: pmx}
#     pmx_e:
#       __class__: astropy.units.quantity.Quantity
#       unit: !astropy.units.Unit {unit: mas / yr}
#       value: !astropy.table.SerializedColumn {name: pmx_e}
#     pmy:
#       __class__: astropy.units.quantity.Quantity
#       unit: !astropy.units.Unit {unit: mas / yr}
#       value: !astropy.table.SerializedColumn {name: pmy}
#     pmy_e:
#       __class__: astropy.units.quantity.Quantity
#       unit: !astropy.units.Unit {unit: mas / yr}
#       value: !astropy.table.SerializedColumn {name: pmy_e}
#     r:
#       __class__: astropy.units.quantity.Quantity
#       unit: &id002 !astropy.units.Unit {unit: deg}
#       value: !astropy.table.SerializedColumn {name: r}
#     x:
#       __class__: astropy.units.quantity.Quantity
#       unit: *id002
#       value: !astropy.table.SerializedColumn {name: x}
#     y:
#       __class__: astropy.units.quantity.Quantity
#       unit: *id002
#       value: !astropy.table.SerializedColumn {name: y}
# schema: astropy-2.0
x y pmx pmy pmx_e pmy_e pm_corr g_mag bp_rp filter memberprob r pm member_prob_GMM member_prob_DB
[from data line 1233]
-0.02235901 0.01445411 -6.707672 -9.417119 0.831866 0.7724456 0.2776177 18.47009 1.633505 0 0.0 0.026624173678674045 11.56179025582738 0.0 0.0
-0.02718831 -0.005751535 -0.5854774 1.049363 0.7626155 0.5499871 -0.08304344 18.56038 1.094625 0 0.0 0.027790004597198704 1.201643246425394 0.0 0.0
-0.02532946 0.0128551 -5.112236 -5.980315 0.1810642 0.1538925 0.2998522 16.33018 1.904201 0 0.0 0.028404843599315947 7.867599660564905 0.0 0.0
-0.02576084 0.009719318 0.6050799 -6.501277 0.4186543 0.3687928 0.3562132 18.25382 1.160006 0 0.0 0.027533361943117736 6.529373960504407 0.0 0.0
-0.004561492 0.02538923 -4.656851 -12.89727 1.079779 0.9894146 0.3745868 17.03634 1.883923 0 0.0 0.02579574013783989 13.712251262615524 0.0 0.0
-0.02518989 -0.006748597 0.01073088 -5.246892 0.1868493 0.16234 0.2413368 16.57556 1.187503 0 0.0 0.026078230762084088 5.246902973321459 0.0 0.0
0.011211 0.01084712 -1.541475 -6.307098 0.7531185 0.6152798 0.136767 18.25176 nan 0 0.0 0.015599568368849185 6.492736738635642 0.0 0.0
-0.02819223 0.01287919 -4.152105 -2.82257 0.8554665 0.704016 -0.005564891 18.72487 nan 0 0.0 0.030994763548525418 5.020645111529493 0.0 0.0
-0.01828008 0.009743719 -3.644097 -6.891041 0.1017121 0.08997194 0.3807013 15.23247 1.932077 1 0.0 0.020714762483730317 7.795247847829471 0.0 0.0
-0.02822046 0.01760559 2.27612 -6.260217 0.9753445 0.9011739 0.41489 18.63754 1.242695 0 0.0 0.03326185746256063 6.661158993860528 0.0 0.0
-0.004885733 0.02802327 -2.35495 -0.5771347 0.4759312 0.3914204 0.001702683 17.99459 1.660286 0 0.0 0.028445984750755052 2.4246389348610426 0.0 0.0
-0.03043316 0.0105192 0.3821135 -2.806595 0.3615508 0.3176154 0.3319654 18.01645 1.430893 0 0.0 0.03219985708393129 2.832487638262037 0.0 0.0
-0.02257273 0.003200708 -3.153608 -8.229105 0.3498412 0.3171456 0.4896054 17.65928 1.601763 0 0.0 0.022798523446797253 8.812684750896802 0.0 0.0
-0.01482582 0.02852591 -4.181178 -7.493818 0.3282469 0.2809934 0.2763148 16.86111 1.876851 0 0.0 0.032148599969524336 8.581349409318328 0.0 0.0
-0.02532822 0.007493543 -2.847007 -3.063057 0.3237393 0.294591 0.5132715 17.45466 0.7956963 0 0.0 0.02641347979841446 4.181837759083678 0.0 0.0
-0.0255179 0.01025725 -0.4286363 -7.031474 0.2004264 0.1773144 0.4145219 16.42359 1.888476 0 0.0 0.027502261688313927 7.044526647714075 0.0 0.0
0.007349459 0.01691091 0.5800706 -6.378359 0.1997245 0.1704834 0.2212892 16.48998 1.76861 0 0.0 0.018438910613720678 6.404681524780553 0.0 0.0
-0.0102597 0.01524938 -1.800158 -7.486525 0.462144 0.4012694 0.2586016 18.4371 1.557703 0 0.0 0.018379473182722077 7.699910739780624 0.0 0.0
-0.007963814 0.01212533 -0.04997118 -7.054763 0.4850736 0.435184 0.3886472 17.39695 1.770391 0 0.0 0.014506755703309268 7.054939978837496 0.0 0.0
0.007807519 0.001875254 -3.742617 -2.621878 0.132312 0.118062 0.2628559 15.71366 1.591672 0 0.0 0.008029566021889166 4.569619924629728 1.0 0.0
0.001191418 0.0003477413 -3.802573 -3.167734 0.08302891 0.07691594 0.4281929 13.8897 1.756104 0 0.0 0.0012411288661737306 4.949151454045936 0.0 0.0
-0.0223564 0.001758797 -3.788416 -6.555612 1.16298 0.9818797 0.1938067 19.05362 nan 0 0.0 0.02242547631260502 7.571535147088733 0.0 0.0
0.001083418 0.001896509 -2.610726 -1.340579 0.2817904 0.2661176 0.5095107 15.58168 1.463943 0 0.0 0.0021841568052237002 2.934798511366155 0.0 0.0
0.00529686 0.017344 -7.870854 -7.595384 1.104915 0.8977092 -0.1611149 18.515 1.42268 0 0.0 0.018134802504014207 10.938016309951818 0.0 0.0
-0.0272483 0.01815134 -4.767632 -7.517533 0.2137226 0.1894247 0.3808282 16.71251 1.821712 0 0.0 0.032740510024823984 8.901888411652497 0.0 0.0
-0.02891952 0.005734073 -1.850152 -3.263899 0.9471096 0.8184585 0.325106 18.78497 nan 0 0.0 0.02948250718985292 3.751812775886478 0.0 0.0
-0.01560788 0.01974055 -3.922963 -10.86273 0.3266645 0.2979035 0.4931187 17.10171 1.339252 0 0.0 0.02516535778400339 11.549395731044504 0.0 0.0
0.003244167 0.01514491 -5.650847 -6.161277 1.629106 1.238717 -0.7337015 17.38469 nan 0 0.0 0.015488476956498628 8.360227633751249 0.0 0.0
-0.004696168 0.01668027 -7.195661 -2.520292 0.3157565 0.2846606 0.4393652 17.69987 nan 0 0.0 0.017328744938890528 7.624264488603803 0.0 0.0
0.01412754 0.00949066 1.605002 -6.432707 0.3167383 0.2738036 0.2065389 15.66396 2.11041 0 0.0 0.017019401096607364 6.629913330342486 0.0 0.0
-0.02856938 0.009279927 2.503102 -8.309669 0.5788015 0.5101309 0.3542397 18.07015 1.404869 0 0.0 0.03003875028541848 8.678485957352526 0.0 0.0
-0.02446219 -0.0006754329 -5.365505 -7.067136 0.1480431 0.1226153 0.08737923 16.50412 1.66263 0 0.0 0.024471513014084408 8.87316488900781 0.0 0.0
-0.03188908 0.002219907 -3.535043 -7.345218 0.1769724 0.1529118 0.2401881 16.47705 1.926661 0 0.0 0.03196625424310845 8.151610667798911 0.0 0.0
-0.03064945 0.01135456 -0.05671193 -0.8471484 0.8751473 0.765484 0.349358 18.26809 1.399818 0 0.0 0.032685085560483086 0.8490445539704526 0.0 0.0
-0.008989851 0.009367228 0.3087633 -3.922183 0.110294 0.09975794 0.2426823 15.59464 1.920656 1 0.0 0.012983157605381867 3.934317508910013 0.0 0.0
0.005053009 0.000612752 1.852376 1.039929 0.7715422 0.6830066 0.8145292 17.7119 1.416477 0 0.0 0.005090026028183451 2.124323226445778 0.0 0.0
-0.006153678 0.0002770019 -3.522101 -3.724046 0.3465721 0.295515 0.162176 16.0388 1.548948 0 0.0 0.006159909332148292 5.125789116254881 1.0 0.0
-0.01476829 0.002715673 -6.017853 -8.990482 0.1621605 0.1432621 0.3003112 16.48872 1.712366 0 0.0 0.01501590055131656 10.818656169873087 0.0 0.0
-0.02689689 0.01696125 1.926024 -8.469917 0.7087407 0.616189 0.2269315 18.8069 nan 0 0.0 0.03179821839717754 8.686141976474078 0.0 0.0
-0.02362641 0.005464507 -3.936412 -5.07708 0.08472369 0.07131047 0.2155361 14.99036 2.162877 1 0.0 0.024250115179956344 6.424335044200605 0.0 0.0
-0.004830323 -0.003276322 -3.474437 -3.220102 0.1617549 0.1361379 0.2807595 15.84891 1.498831 0 0.0 0.005836634829421232 4.737168917969149 1.0 0.0
-0.02168343 0.01251447 -5.139845 -11.40836 0.1920452 0.1684057 0.3635757 16.36526 1.919063 0 0.0 0.025035636519685295 12.512740887336594 0.0 0.0
-0.02322114 0.004596751 -2.599502 -7.86129 0.2114104 0.1828114 0.2908558 16.06676 1.905031 0 0.0 0.023671743971570854 8.279933037899763 0.0 0.0
-0.02365331 0.004964776 3.391373 -0.107437 0.8367854 0.7127986 0.4895346 18.39516 nan 0 0.0 0.024168741686034795 3.3930743484483212 0.0 0.0
-0.0157694 0.01611084 0.6731727 -5.384937 0.8295964 0.7399587 0.4916018 18.61903 1.302179 0 0.0 0.0225440267446967 5.426850650054255 0.0 0.0
0.007106279 0.01528587 -4.327485 -5.894667 0.1878505 0.1691895 0.4697431 14.75885 2.710664 1 0.0 0.01685695769950026 7.312607296041133 0.0 0.0
-0.005397724 0.00348711 -3.638183 -2.477974 0.1158985 0.1022305 0.292858 15.64658 1.386049 0 0.0 0.006426146631712973 4.401900803762507 1.0 0.0
-0.003642514 0.006584717 1.381743 -3.221089 0.08922377 0.07478314 0.1314547 15.1345 1.175462 1 0.0 0.007525051907481105 3.5049433752872527 0.0 0.0
-0.007044433 -0.005559539 -3.771057 -3.218623 0.3757417 0.339213 0.4546504 17.62725 1.509245 0 0.0 0.008973990761306254 4.957862938139577 1.0 0.0
-0.02133364 0.0191731 0.7158401 -0.5133257 1.364214 1.253947 0.8857407 18.63681 1.186762 0 0.0 0.028683304538696372 0.880869072591665 0.0 0.0
-0.001401285 0.0248133 -3.283376 -8.764032 0.1805305 0.1585139 0.2959725 16.29481 1.845601 0 0.0 0.02485283598588348 9.358889616530371 0.0 0.0
-0.01420195 0.008496922 3.863975 -2.288091 0.5873551 0.4993235 0.1617999 18.19436 1.480709 0 0.0 0.016549715021008184 4.490619470062677 0.0 0.0
-0.001832989 -0.002370239 -10.69374 6.724564 0.6979447 0.6647721 0.284861 18.11906 nan 0 0.0 0.0029963113308269554 12.632332966546441 0.0 0.0
-0.01193507 0.02335925 -8.752823 -7.078824 0.2208075 0.1950134 0.4110514 15.64217 2.478434 0 0.0 0.02623166896076954 11.257071541582429 0.0 0.0
-0.02762507 0.01285836 -6.279143 -4.74313 0.1969641 0.1633843 0.2870347 16.85876 1.818282 0 0.0 0.030471001204333607 7.86923878220435 0.0 0.0
-0.008720638 0.01997974 7.497047 -5.963293 1.658019 1.175611 -0.3396092 18.92541 nan 0 0.0 0.021799989394369987 9.579487310083875 0.0 0.0
-0.0299463 0.007818527 -3.798029 -4.951554 0.7903432 0.6975096 0.3154702 18.86518 1.913395 0 0.0 0.030950125171632648 6.240425570404393 0.0 0.0
-0.003102376 0.005665392 -1.439507 -5.455898 0.8884004 0.7755375 0.3335916 18.56679 1.467472 0 0.0 0.006459210738088672 5.6426060813646215 0.0 0.0
-0.02479062 0.01858299 -4.988216 -7.174015 0.7822828 0.710682 0.8822595 17.86417 1.319231 0 0.0 0.030982291027690317 8.73777947094575 0.0 0.0
-0.02176496 0.01507221 -11.68383 -8.780903 0.4817393 0.4194821 0.3946499 15.49831 1.62892 0 0.0 0.026474232719489718 14.615612917846073 0.0 0.0
-0.00758446 -0.00590862 -2.5701 -2.435225 0.2943272 0.246633 0.3114509 17.60473 1.386335 0 0.0 0.009614355089968335 3.5405839646342243 1.0 0.0
-0.02100997 0.0213895 3.334781 -3.937817 0.4011453 0.3658042 0.5301176 17.58217 1.480396 0 0.0 0.02998215385276548 5.160151843061404 0.0 0.0
-0.007341356 -0.007123584 -3.42204 -5.177844 0.2848496 0.2453854 0.3244821 17.14348 nan 0 0.0 0.010229416255280259 6.206482598858713 0.0 0.0
-0.001535952 -0.002333995 -1.473007 -6.461175 0.3825228 0.3590242 0.4281248 17.35283 nan 0 0.0 0.0027940438805303326 6.6269549570427895 0.0 0.0
-0.00939532 0.01370641 -5.058029 -5.62567 0.2160658 0.1791923 -0.01714941 16.33356 1.929202 0 0.0 0.01661739188291893 7.56517153234089 0.0 0.0
-0.009960792 -0.004680479 0.572468 -3.042106 0.2092603 0.1860739 0.3503423 15.05833 nan 0 0.0 0.011005646775028943 3.0955013368209032 0.0 0.0
-0.02003563 0.01049109 -0.4954229 -5.662216 0.1119917 0.09800013 0.3246374 15.40203 1.850698 1 0.0 0.022616132270682356 5.683848509636794 0.0 0.0
0.0007594298 0.01124824 -15.13805 -15.14635 0.7915443 0.6765294 0.5838038 17.80895 nan 0 0.0 0.011273847467423355 21.41430540841799 0.0 0.0
-0.004830753 0.006430175 -3.864893 -2.54197 0.1049667 0.08779249 0.1288895 15.58639 1.65518 1 0.9791616 0.00804259442453951 4.625906330909544 1.0 0.0
-0.02454376 0.001806009 -1.02638 -4.778442 1.187586 0.9778873 -0.2692719 18.88818 nan 0 0.0 0.024610116282652566 4.887429165907574 0.0 0.0
-0.0170915 0.007842286 -4.640687 -4.360521 0.2167571 0.1880899 0.2794652 16.60553 1.675744 0 0.0 0.01880480847963616 6.367897551265252 0.0 0.0
-0.00329209 0.02803668 1.087352 -0.0363953 0.2016234 0.1643953 -0.1023001 16.77887 1.409668 0 0.0 0.028229298290791786 1.0879609320954913 0.0 0.0
-0.003319054 0.02650508 0.157544 -2.241799 0.3395358 0.2833287 0.1400806 17.79035 1.476467 0 0.0 0.026712083132195363 2.2473279396512202 0.0 0.0
-0.01198626 -0.002365162 -7.842957 -1.140814 0.970703 0.855222 0.1140376 18.62971 nan 0 0.0 0.012217381882950374 7.925492482265377 0.0 0.0
-0.007989736 -0.002664249 -5.086946 -8.076811 0.2496518 0.2050663 0.1403504 16.16896 1.690723 0 0.0 0.008422238662238029 9.545255132087197 0.0 0.0
-0.0001587886 0.003660812 1.18795 -0.8916154 0.6617966 0.6225235 0.3877049 17.86581 1.190548 0 0.0 0.0036642541285825084 1.4853293318376097 0.0 0.0
0.005323428 0.008337501 -1.216806 -3.367811 0.4871351 0.4446136 0.6570365 17.61412 1.393045 0 0.0 0.009892057854470171 3.5808892433803368 0.0 0.0
-0.008558347 0.0169547 0.6027367 -5.444235 1.043177 0.9037668 0.03743153 18.88414 1.423855 0 0.0 0.018992292001293813 5.477498175695898 0.0 0.0
0.01094013 0.002822936 -2.719768 -6.719546 0.1271574 0.1140353 0.5401014 13.4203 2.519308 1 0.0 0.011298469457275882 7.249099007458789 0.0 0.0
-0.01169233 0.02664755 -5.677796 -8.080509 0.8417532 0.6263703 0.02351451 18.83237 nan 0 0.0 0.029099871165202774 9.875828730627976 0.0 0.0
-0.001995135 0.004480954 -0.5739593 0.4505292 0.9189999 0.8075581 0.2662891 17.45422 1.315303 0 0.0 0.004905049685613898 0.7296614544493425 0.0 1.0
-0.0270824 0.002713305 -6.436267 -6.967923 0.2110199 0.1782405 0.1935127 16.46624 2.018981 0 0.0 0.027217979605088708 9.48564619987579 0.0 0.0
-0.007343992 0.03197515 -2.144692 -2.016454 0.6549823 0.5613297 0.2197928 18.56501 nan 0 0.0 0.03280768867230004 2.9437714770307837 0.0 0.0
-0.02405751 0.001003124 -4.180992 -9.029561 0.1511873 0.1325949 0.3492902 16.42062 1.858102 0 0.0 0.02407841450676261 9.950561087535968 0.0 0.0
0.001002439 0.005674968 2.281425 -3.017067 0.3836965 0.3573582 0.4229866 17.78112 nan 0 0.0 0.005762824459390118 3.782537946024336 1.0 0.0
-0.01722563 0.002165995 -4.183936 -8.705921 0.2617186 0.224178 0.1522081 15.5781 2.064016 0 0.0 0.017361274816007174 9.659108701652395 0.0 0.0
0.0002193122 0.01986755 -2.610665 -4.005643 1.057026 0.821392 -0.8018206 18.20256 1.589869 0 0.0 0.01986876042544096 4.781291414008772 0.0 0.0
0.01253381 0.006404765 -4.148189 -2.764297 0.2818758 0.2442872 0.3508248 14.38762 1.654748 0 0.0 0.014075418566469879 4.98485806056 0.0 0.0
-0.001887039 0.0001455525 -0.9461481 -8.203122 0.3113069 0.29072 0.5682846 16.41938 1.680878 0 0.0 0.0018926441075324358 8.257506086828977 0.0 0.0
-0.02473463 0.009887402 -6.369208 -7.637453 0.3667466 0.3350847 0.5536853 17.14557 nan 0 0.0 0.026637617002023738 9.94472216175359 0.0 0.0
-0.001481981 0.000305776 -2.329259 -6.414503 0.3930313 0.3693953 0.3912281 17.46245 nan 0 0.0 0.001513197490923442 6.824316539118771 0.0 0.0
-0.03056676 0.005428447 -5.554539 -3.446498 1.21004 1.083849 0.4609287 18.53445 1.507328 0 0.0 0.0310450455585011 6.536914560136533 0.0 0.0
0.01926022 0.01784406 0.3419122 -7.496885 0.4573226 0.3950577 0.1233162 17.08682 1.393497 0 0.0 0.026255790822826114 7.504677784937461 0.0 0.0
0.01531587 0.009841452 -2.092378 -3.511109 0.2947838 0.2440313 0.09723966 17.64965 1.493462 0 0.0 0.018205220441543796 4.087289089942746 0.0 0.0
0.02630471 -0.001604741 -2.797821 -2.51369 1.271455 0.884862 0.02458152 18.81739 1.517254 0 0.0 0.02635361382924894 3.7611753168578836 0.0 0.0
0.02484899 0.009248415 -3.208228 -5.303779 0.2639625 0.2278804 0.4316795 16.67736 1.801886 0 0.0 0.026514250584022268 6.1986126335515594 0.0 0.0
0.01464103 0.01226006 -4.618985 -5.453803 0.2253709 0.1938973 0.2137979 16.57868 nan 0 0.0 0.019096304110075853 7.146956666514356 0.0 0.0
0.02663039 0.005080436 -2.291855 -6.713841 0.4140062 0.3586294 0.1395945 17.0012 nan 0 0.0 0.027110671358382035 7.094241348749422 0.0 0.0
0.01148292 0.02841187 -5.40432 -7.152713 0.2465974 0.2133562 0.1836317 16.95361 1.756396 0 0.0 0.030644604886069262 8.964818900723483 0.0 0.0
0.0243354 0.007118022 -1.813775 -5.414041 0.1173263 0.09317249 0.02086529 15.38654 1.959362 0 0.0 0.025355037573478057 5.709782806754212 0.0 0.0
0.01782814 0.01398765 -5.853073 -5.588329 0.232616 0.1992009 0.422113 16.24879 1.857096 0 0.0 0.022660470612546862 8.092458498847552 0.0 0.0
0.0215558 0.01716652 0.9918882 -7.412713 0.1228264 0.1007599 0.1134756 15.87365 1.858306 0 0.0 0.027556159430341523 7.478780396673527 0.0 0.0
0.02174423 0.0140556 -4.546416 -7.689119 0.4935467 0.4149636 0.1037879 18.20513 1.550224 0 0.0 0.025891532006679326 8.932661945983236 0.0 0.0
0.02433482 0.004518306 -4.233157 -8.113579 0.9487029 0.8972528 0.8142262 17.94723 1.429819 0 0.0 0.02475072834366771 9.151490718778552 0.0 0.0
0.01094202 0.02165419 -5.936031 -9.00669 0.3939982 0.3345805 0.238036 16.24908 nan 0 0.0 0.02426173419680671 10.78688689052875 0.0 0.0
0.02973414 -0.001693362 -1.581852 -2.867613 0.7830979 0.7245671 0.4361243 17.44211 1.408258 0 0.0 0.029782319526904615 3.2749748193952577 0.0 0.0
0.01067157 0.01803025 -7.844583 -5.300281 0.1787291 0.160539 0.4331878 16.376 1.514277 0 0.0 0.02095166631386153 9.467336537952479 0.0 0.0
0.02927568 0.0005650627 -4.361498 -6.134134 0.6970146 0.6904868 0.7575708 17.81199 nan 0 0.0 0.029281132753316275 7.5266370135645575 0.0 0.0
0.01901543 0.008028887 0.3519349 -5.595143 0.6000855 0.5395091 -0.0119815 18.2144 nan 0 0.0 0.020640969079567677 5.606200439182229 0.0 0.0
0.02274198 0.006731175 -3.867846 -6.895208 0.8757532 0.7149087 0.1721841 18.05653 1.643675 0 0.0 0.02371721676759364 7.905955099985074 0.0 0.0
0.008862806 0.02785898 -2.559451 -0.9432644 0.08629134 0.07078362 -0.05684337 14.39184 2.262074 1 0.0 0.029234775470901704 2.7277348019388468 0.0 0.0
