jas1101finalproject/data/gcs/NGC_6333_M_9.ecsv
# %ECSV 0.9
# ---
# datatype:
# - {name: x, unit: deg, datatype: float64}
# - {name: y, unit: deg, datatype: float64}
# - {name: pmx, unit: mas / yr, datatype: float64}
# - {name: pmy, unit: mas / yr, datatype: float64}
# - {name: pmx_e, unit: mas / yr, datatype: float64}
# - {name: pmy_e, unit: mas / yr, datatype: float64}
# - {name: pm_corr, datatype: float64}
# - {name: g_mag, unit: mag, datatype: float64}
# - {name: bp_rp, unit: mag, datatype: float64}
# - {name: filter, datatype: int64}
# - {name: memberprob, datatype: float64}
# - {name: r, unit: deg, datatype: float64}
# - {name: pm, unit: mas / yr, datatype: float64}
# - {name: member_prob_GMM, datatype: float64}
# meta: !!omap
# - comments: [deg deg mas/yr mas/yr mas/yr mas/yr dimless mag   mag   zeroone float]
# - __serialized_columns__:
#     bp_rp:
#       __class__: astropy.units.quantity.Quantity
#       unit: &id001 !astropy.units.Unit {unit: mag}
#       value: !astropy.table.SerializedColumn {name: bp_rp}
#     g_mag:
#       __class__: astropy.units.quantity.Quantity
#       unit: *id001
#       value: !astropy.table.SerializedColumn {name: g_mag}
#     pm:
#       __class__: astropy.units.quantity.Quantity
#       unit: !astropy.units.Unit {unit: mas / yr}
#       value: !astropy.table.SerializedColumn {name: pm}
#     pmx:
#       __class__: astropy.units.quantity.Quantity
#       unit: !astropy.units.Unit {unit: mas / yr}
#       value: !astropy.table.SerializedColumn {name: pmx}
#     pmx_e:
#       __class__: astropy.units.quantity.Quantity
#       unit: !astropy.units.Unit {unit: mas / yr}
#       value: !astropy.table.SerializedColumn {name: pmx_e}
#     pmy:
#       __class__: astropy.units.quantity.Quantity
#       unit: !astropy.units.Unit {unit: mas / yr}
#       value: !astropy.table.SerializedColumn {name: pmy}
#     pmy_e:
#       __class__: astropy.units.quantity.Quantity
#       unit: !astropy.units.Unit {unit: mas / yr}
#       value: !astropy.table.SerializedColumn {name: pmy_e}
#     r:
#       __class__: astropy.units.quantity.Quantity
#       unit: &id002 !astropy.units.Unit {unit: deg}
#       value: !astropy.table.SerializedColumn {name: r}
#     x:
#       __class__: astropy.units.quantity.Quantity
#       unit: *id002
#       value: !astropy.table.SerializedColumn {name: x}
#     y:
#       __class__: astropy.units.quantity.Quantity
#       unit: *id002
#       value: !astropy.table.SerializedColumn {name: y}
# schema: astropy-2.0
x y pmx pmy pmx_e pmy_e pm_corr g_mag bp_rp filter memberprob r pm member_prob_GMM
[from data line 7000]
0.09086853 0.02396521 -7.914617 -1.62101 0.7491788 0.5519256 0.4724975 19.40135 0.8311653 1 0.0 0.09397564064535555 8.078913025697764 0.0
0.04826513 0.0214057 -0.5010705 -2.262089 1.55769 1.150711 0.2924743 19.37153 0.7564793 0 0.0 0.052798927701298064 2.316920000753425 0.0
0.05088935 -0.01043634 -5.85773 -10.13287 1.548916 1.222753 0.3386081 19.53261 1.331476 0 0.0 0.05194846615654884 11.704189642593802 0.0
0.02559851 -0.01421487 -3.322876 -3.793363 1.762919 1.200252 0.6380965 19.89062 0.8807831 0 0.0 0.029280475462959955 5.04292650760895 0.0
0.09970266 -0.01402457 -2.480386 -3.43438 1.216712 0.8151326 0.5680295 19.88206 1.125963 0 0.0 0.10068420419688731 4.236423101319791 0.0
0.1044177 0.07858774 -2.738685 -2.400322 0.9945355 0.7949073 0.3810402 19.81372 1.246595 1 0.267214 0.1306869884556133 3.6416948297336775 0.0
0.05751215 -0.02113104 -2.704884 -4.007263 1.431184 1.027981 0.471554 20.11684 0.7271767 0 0.0 0.061271267728880065 4.83472379817348 0.0
0.07062495 -0.007792135 -4.130726 -5.942876 1.011045 0.791738 0.7603872 19.32748 1.004025 0 0.0 0.07105350751624247 7.237449304724144 0.0
0.0641883 0.03550149 -4.885979 -6.537083 1.264126 0.9463638 0.4417339 19.97725 nan 0 0.0 0.07335184830057181 8.161264910375719 0.0
0.0992311 -0.02880815 -4.219674 -5.317066 2.704959 2.028277 0.6831258 20.57731 1.264816 0 0.0 0.10332821838023 6.787992303666232 0.0
0.08782093 0.007020003 -0.6574691 -3.60065 1.130792 0.8014445 0.4812861 19.96551 1.084492 0 0.0 0.08810105668029702 3.660183880620591 0.0
0.03693958 -0.02202372 -1.633929 -3.064146 0.8314255 0.5868073 0.5628675 19.40011 0.7630138 0 0.0 0.043006706607397874 3.4725660089272603 1.0
0.1012281 0.07010005 1.480873 1.635869 2.374562 1.890845 0.6996984 20.44736 0.6023579 0 0.0 0.12313060236843033 2.206592900217437 0.0
0.1076933 -0.0528821 -1.797217 -9.649389 2.359069 1.801754 0.7162408 20.47185 1.002131 0 0.0 0.11997651172333693 9.815329694840107 0.0
0.1067167 0.05101752 -0.5899344 -2.304715 0.758516 0.5558363 0.442747 19.40852 0.8871441 0 0.0 0.11828457805580743 2.3790195096989764 0.0
0.1205788 -0.03578751 -3.68377 -4.189541 1.912718 1.485884 0.7161612 20.27139 nan 0 0.0 0.1257775531700315 5.5787467413014005 0.0
0.1137947 -0.05686478 1.434676 -4.851502 0.6899738 0.5455321 0.6879782 18.98378 1.117529 0 0.0 0.1272117799283478 5.0591863852777745 0.0
0.05599988 -0.04453561 -6.850068 0.06925955 1.05829 0.8097096 0.09078754 19.55475 nan 0 0.0 0.07155003227173626 6.850418125186973 0.0
0.06430394 0.03515622 0.1934689 -2.630443 1.029433 0.7590301 0.4799731 19.7795 1.755022 0 0.0 0.07328680989244928 2.637548215960461 0.0
0.06951731 0.04368384 -1.763778 -2.593359 1.703594 1.471963 0.7359316 20.14205 0.7997723 0 0.0 0.08210319279286098 3.1363073408333246 0.0
0.0375763 -0.0212819 -2.054108 -3.169437 0.308499 0.2254709 0.4358493 18.08397 1.325579 0 0.0 0.04318446004409457 3.7768625302799936 1.0
0.03696845 -0.02233081 0.8153864 -2.186519 1.271121 0.8351713 0.6871876 19.64365 nan 0 0.0 0.04318948217631927 2.3336067189365823 0.0
0.08072184 0.04937617 -0.1343025 -3.984711 0.6436238 0.5386935 0.6729933 18.9108 1.254389 0 0.0 0.09462569216050418 3.9869736536660545 0.0
0.06886508 0.005302532 -4.853084 -4.823493 2.063896 2.129218 0.6295883 20.20353 nan 0 0.0 0.06906892274400567 6.842405208119803 0.0
0.1163175 -0.04798396 -6.2452 -2.815447 1.428348 1.063229 0.6780619 20.01145 1.247459 0 0.0 0.12582615476732809 6.850493766861553 0.0
0.06913254 -0.04888344 -0.9073324 -4.525663 2.497005 1.908963 0.6294543 20.45688 0.9436226 0 0.0 0.08466934978541645 4.615720710101376 0.0
0.0987706 0.02550959 -3.935254 -5.125468 0.1150389 0.08163792 0.2630737 16.29683 1.017991 1 0.0 0.10201161995737593 6.461938274507115 0.0
0.1086421 0.02895591 -4.408887 -1.653648 0.668791 0.5317795 0.6907034 18.59387 1.409643 1 0.0 0.11243465042564993 4.7088041248997605 0.0
0.0771151 0.01071207 -1.832079 -1.895291 2.1697 1.780723 0.7244017 20.43497 0.9641857 0 0.0 0.07785555273514472 2.6360275865252247 0.0
0.03971438 -0.03444881 -2.52881 -7.216693 0.8840977 0.6086465 0.7672191 19.01644 1.259552 0 0.0 0.0525733058614398 7.646929963871057 0.0
0.1218322 -0.02271924 -2.224082 -3.465425 2.77254 2.100464 0.6257554 20.57192 nan 0 0.0 0.1239324365249776 4.117731313884989 0.0
0.1076871 0.02911483 -1.86534 -6.504613 0.7912503 0.624549 0.719984 18.91111 1.306364 0 0.0 0.11155350658916509 6.766792711127555 0.0
0.09947427 -0.05837219 -0.7585176 -4.952893 3.31828 2.583716 0.5957423 20.75679 0.9301682 0 0.0 0.1153362170240944 5.010638484161351 0.0
0.1132987 0.0240758 -1.080293 2.38818 0.7200586 0.5890925 0.6516866 18.93891 1.79353 0 0.0 0.11582849203598397 2.6211517846643297 0.0
0.1008178 -0.03670169 -7.270243 -6.741334 2.940859 2.414025 0.4968634 20.52882 0.6093082 0 0.0 0.10729046018027931 9.914737383239407 0.0
0.05140899 -0.01444956 -1.985362 -3.520837 0.8835412 0.7360099 0.6185032 19.12682 nan 0 0.0 0.05340106775162553 4.04202368271303 1.0
0.05528411 -0.02140305 -2.099043 -3.15673 1.371684 0.9575931 0.6135614 19.98861 1.16876 0 0.0 0.059282572209668837 3.790900395519381 1.0
0.1249385 0.03108293 -2.998319 1.954182 0.6415822 0.5390091 0.5898212 18.67447 1.016661 0 0.0 0.1287469507197545 3.5789305825742135 0.0
0.104415 0.02654193 -25.60923 11.36552 1.79591 1.213838 -0.02648985 19.8497 nan 0 0.0 0.10773563139985257 28.017988972503005 0.0
0.09344087 -0.08818635 -3.747973e-06 -1.623877 0.6745501 0.5327547 0.5935134 18.90186 1.304625 1 0.01774051 0.12848357292930251 1.6238770000043254 0.0
0.04082008 -0.00816199 -4.278633 -4.58684 0.8988181 0.7291536 0.5639162 19.08778 1.279224 0 0.0 0.041628079609399474 6.272623178088175 0.0
0.05158419 -0.009206309 0.3697872 -0.08120625 1.003969 0.7179886 0.4317436 19.73578 nan 0 0.0 0.05239928227905017 0.37859876957394156 0.0
0.1102835 -0.07368529 -1.476972 -5.485143 0.7434636 0.5272958 0.3952774 19.10454 1.070459 0 0.0 0.13263473276119683 5.680514062937702 0.0
0.01518232 -0.007270876 -3.029472 -4.91381 1.052604 0.8528498 0.526681 18.70568 1.221739 0 0.0 0.01683355216197033 5.7726275919102905 0.0
0.03812251 -0.03715879 -2.401836 -3.056304 0.1954644 0.1286881 0.4690179 16.97841 1.272802 1 0.9730695 0.05323627938693875 3.8871339456355245 1.0
0.1012172 0.002707716 1.289356 3.92858 0.5815109 0.4736668 0.6501225 18.75212 1.199348 0 0.0 0.10125341130933146 4.134752678351633 0.0
0.1243681 0.002862208 -0.9508961 -6.621448 0.3030719 0.2169772 0.286556 18.03861 1.173874 1 0.0 0.12440103107388324 6.6893779239701505 0.0
0.0620053 0.001822337 -0.2626113 -2.078128 0.2068169 0.1481692 0.3663112 17.21422 1.511753 1 0.0 0.06203207348002781 2.0946552650189694 0.0
0.07670165 -0.07216776 -6.389379 -8.114101 2.414814 1.868407 0.6852144 20.50591 nan 0 0.0 0.10531537730141832 10.32776834770426 0.0
0.09814153 -0.01158798 -1.748744 -3.720487 1.167186 0.8261318 0.3515222 19.78078 1.224014 0 0.0 0.09882328263734867 4.110976659469742 0.0
0.09039767 0.009196853 -9.519627 -8.31382 3.690899 2.991074 0.1555063 20.66027 nan 0 0.0 0.09086429907577843 12.638943832912977 0.0
0.0958493 0.02886437 -5.939772 -5.045506 1.118862 0.8153157 0.5022888 19.98587 1.071962 0 0.0 0.10010114967365209 7.793460220468184 0.0
0.1262381 0.02729589 -4.410548 -3.631327 0.668219 0.4654007 0.3768488 19.19203 1.226887 1 0.0276511 0.12915542382146442 5.71309630946591 0.0
0.1127768 0.02262465 -7.317236 -3.569011 0.4623294 0.3768589 0.6425451 18.35394 nan 0 0.0 0.11502382973046281 8.141239598354602 0.0
0.04023995 -0.01411278 -2.43421 -6.424646 1.515081 1.152924 0.2776065 19.38136 1.631411 0 0.0 0.04264298459689354 6.8703314730379645 0.0
0.1295552 -0.02587776 -3.925184 -4.869573 1.458565 1.068668 0.4994315 20.19581 1.068745 0 0.0 0.13211437586295294 6.254583170458683 0.0
0.06796786 0.005009159 -7.475252 -4.163195 2.318937 1.796256 0.3884766 19.74543 1.366827 0 0.0 0.06815219487930584 8.556376865912872 0.0
0.1164871 0.03113276 -3.651266 -4.233526 0.1999744 0.1410283 0.279054 17.33453 1.508535 1 0.0 0.1205756742117895 5.590571151092883 0.0
0.1210392 0.001594301 -4.372661 -5.425895 0.9365327 0.6560218 0.5275044 19.60482 1.08902 0 0.0 0.12104969943093044 6.968536487092967 0.0
0.08479785 -0.02001705 -1.677726 -5.156537 0.9636888 0.6821632 0.4307636 19.80561 1.141359 0 0.0 0.08712839752529022 5.422604389354344 0.0
0.1003721 -0.05654739 2.923784 -4.354948 2.99091 2.241145 0.7298339 20.55516 1.469532 0 0.0 0.11520488606922061 5.245387017309591 0.0
0.07236169 -0.006503493 -1.123368 -3.060087 1.081129 0.7548102 0.6015775 19.68425 nan 0 0.0 0.072653352302954 3.259768106935369 0.0
0.06440903 0.006732872 -5.235299 -2.483803 1.024373 0.7058055 0.4136977 19.78689 0.9360905 0 0.0 0.06475997769386031 5.794621036979899 0.0
0.06048039 -0.05501801 -5.33698 -1.31746 2.321964 1.852065 0.6520649 20.38795 0.6380005 0 0.0 0.08176098702261489 5.497186223150894 0.0
0.1002 0.04478824 -1.866488 -3.558089 1.170897 0.8382508 0.6008768 19.69383 0.8941765 0 0.0 0.10975439144880536 4.017931655225733 0.0
0.03106513 -0.02638275 -2.022199 -3.258591 1.428999 0.9787269 0.6997719 19.85763 nan 0 0.0 0.040756493954698804 3.835062463752318 1.0
0.07195663 -0.006381252 -2.045284 2.123238 0.5590046 0.437356 0.6723008 18.41381 1.281803 0 0.0 0.07223902669640839 2.948105534966481 0.0
0.1122648 0.03629687 -3.18423 -4.407735 0.7166406 0.5570817 0.3125143 19.35675 1.239624 1 0.1884226 0.11798664369680537 5.437595840362264 0.0
0.08551951 0.03448508 -0.6972062 -3.050519 0.7109154 0.5207002 0.4143405 19.25467 0.8712692 1 0.365438 0.09221066821819751 3.1291792301943078 0.0
0.09844191 -0.04267412 -3.086996 -6.9658 0.3010369 0.2000132 0.256404 17.9863 1.423397 1 0.0 0.1072934767924989 7.619180660938287 0.0
0.1074571 0.03159452 -3.004339 -3.379081 0.1963163 0.1362559 0.3529735 17.13918 1.181824 1 0.08317927 0.11200554465936229 4.521530850440147 0.0
0.0916569 -0.07099447 -7.971085 -5.219442 3.049701 2.432131 0.7033688 20.51918 0.6337566 0 0.0 0.11593619835146786 9.527894356498134 0.0
0.08998152 -0.01169412 4.018459 -4.244549 3.073613 2.331654 0.6993393 20.59272 0.8559933 0 0.0 0.09073823000304115 5.845015735486262 0.0
0.04165808 -0.01293056 -0.6232646 -1.293736 0.8750603 0.5773799 0.5206267 19.19869 1.241243 0 0.0 0.043618746098437994 1.4360402498917502 0.0
0.08656359 -0.01858361 -4.006527 -6.739732 0.9641582 0.6862034 0.4030138 19.82927 1.112566 0 0.0 0.08853590048291257 7.840678926824705 0.0
0.09850356 0.06449786 -3.396061 -2.028427 0.7983935 0.575785 0.3920037 19.17844 1.220844 0 0.0 0.11774092439442287 3.9557232474036907 0.0
0.1279001 0.004940522 -1.295335 -13.37263 3.040285 2.228976 0.4078506 20.04336 0.9173279 0 0.0 0.12799548561430782 13.435219606657904 0.0
0.05904161 -0.03287701 -4.759643 -5.443179 1.221976 0.9038366 0.8303865 19.03045 1.147453 0 0.0 0.06757817323612855 7.230656893636289 0.0
0.1303296 0.003109541 -4.357872 -6.964756 0.6831459 0.5566947 0.647541 18.88305 1.029938 1 0.0 0.13036669007607227 8.215769867025244 0.0
0.1165909 -0.02889731 -1.569438 -3.682537 3.494537 2.506569 0.3729141 20.39729 1.42704 0 0.0 0.1201186600326781 4.003025654703327 0.0
0.05802101 -0.05631415 5.528418 4.608785 3.476738 2.634719 0.6965411 20.79389 -0.04441071 0 0.0 0.08085617534636795 7.197520736958595 0.0
0.07635882 -0.06262323 -2.577827 -10.4984 1.299177 0.8273969 0.3033474 20.15839 0.7125969 0 0.0 0.0987539281619992 10.810254141412633 0.0
0.08146047 -0.04077501 -2.428436 -2.531744 2.332037 1.803693 0.7027348 20.45353 0.9490719 0 0.0 0.09109560699134178 3.5081375525529213 0.0
0.1222778 0.03404696 -4.862411 -4.087123 0.7323464 0.5070958 0.3491335 19.32645 0.9899845 0 0.0 0.12692933411186558 6.351977263029993 0.0
0.06028301 -0.04051256 -1.663085 -5.244001 1.11932 0.919652 0.5145801 18.75628 1.149837 0 0.0 0.07263132115288624 5.501399658743764 0.0
0.1064155 0.03218645 -2.877467 -5.326078 0.2088375 0.152658 0.3635451 17.40106 1.122272 0 0.0 0.11117655420030115 6.053670225423003 0.0
0.07469776 0.04192118 3.242986 -2.726201 0.6542601 0.4927738 0.4056467 19.12169 1.213596 0 0.0 0.08565711109773666 4.236641368890811 0.0
0.08277708 0.04947247 -3.964093 -5.535447 1.205327 0.8777855 0.473319 20.11462 0.9566383 0 0.0 0.09643427949244657 6.808465818556924 0.0
0.09010588 0.004649888 -1.203971 -4.254474 0.3168932 0.2373984 0.4214153 18.06466 1.19499 0 0.0 0.0902257782952685 4.421548957720247 0.0
0.06163018 0.004811288 1.438915 -3.327567 0.5931083 0.4803949 0.6525272 18.73958 1.209064 0 0.0 0.06181769632598213 3.6253521920930663 1.0
0.08066349 0.04839392 -8.545833 -2.473241 1.353547 0.8957408 0.3195898 20.15279 1.316158 0 0.0 0.09406683853487637 8.89652644058174 0.0
0.1084066 0.02272475 0.2192222 -8.681941 1.440734 1.160647 0.617475 19.7188 nan 0 0.0 0.11076283305388365 8.684708279525216 0.0
0.1035261 0.04040699 -2.078501 2.849065 0.6015771 0.4429227 0.4306883 19.10111 1.117826 1 0.0 0.11113225554297951 3.5266609960734816 0.0
0.1042533 0.04627546 7.106789 -2.78311 0.2781741 0.2098975 0.3095369 17.75913 1.201229 1 0.0 0.1140621267516155 7.632309687284773 0.0
0.05571775 -0.02255142 -3.607258 -7.64896 1.026829 0.7479521 0.4756508 19.82357 2.261953 0 0.0 0.06010852027024871 8.456884731398672 0.0
0.09018091 -0.01769474 -2.520021 -2.210142 0.8783312 0.6292861 0.452301 19.7098 1.03249 0 0.0 0.0919004915770079 3.3518999836816428 0.0
0.09492982 -0.06328485 -2.250714 -0.5955769 0.5722563 0.4676975 0.6397343 18.72062 1.218498 0 0.0 0.11409050339425669 2.3281806960821596 0.0
0.0812119 0.04509585 -0.5110058 -5.306859 0.4334568 0.354728 0.6413452 18.29034 1.491253 1 0.0 0.09289245603832694 5.331405009330528 0.0
0.1069765 0.05000837 -0.8252965 -0.8403968 0.1452446 0.09726418 0.3855514 16.46688 1.13942 1 0.0 0.11808813921095929 1.1778714252253895 0.0
0.110675 -0.04972162 0.7984009 -2.407558 2.215491 1.738013 0.7586348 20.42072 0.7722797 0 0.0 0.12133093224905345 2.5364896058302326 0.0
0.1082583 0.01700662 -8.091198 -7.538376 0.9112518 0.6640233 0.4501879 19.6632 0.8777847 0 0.0 0.10958596918727506 11.05868879174109 0.0
0.09932149 0.02722017 -0.5422038 -3.776745 3.326974 2.719771 0.5600475 20.6505 -0.5832138 0 0.0 0.1029839600649004 3.815466911894197 0.0
0.07841159 -0.001953317 -1.868871 -1.044145 0.58533 0.4732264 0.6642382 18.65131 1.171726 1 7.436043e-05 0.07843591583981531 2.1407749988417746 0.0
0.06350976 0.0009043501 -5.318308 -1.944189 0.4772732 0.3837151 0.6754173 18.45774 nan 0 0.0 0.06351619844072037 5.662532194220621 0.0
0.06275633 -0.001910619 0.05717345 -3.83687 1.380006 0.9553794 0.4449933 20.22558 1.193808 0 0.0 0.06278540769981557 3.8372959490095235 1.0
0.08725105 0.02449161 6.57512 -36.82131 1.027838 0.7548596 0.4222649 19.64793 1.723478 0 0.0 0.09062331204769884 37.40375747342103 0.0
0.09003329 0.03171521 -2.012238 0.4908586 0.2994987 0.2146194 0.3496319 18.00642 1.240793 1 0.0 0.09545599956822096 2.071242123422069 0.0
0.1262254 0.01007253 -4.346383 -4.143153 1.378361 0.9953617 0.5853028 19.53061 1.03034 0 0.0 0.1266266459547946 6.004728300605948 0.0
0.0972875 0.06413425 2.832293 -2.458102 3.022061 2.387291 0.7296309 20.66208 0.1377544 0 0.0 0.11652493157823567 3.7502198709213035 0.0
0.1004731 0.0168912 -4.220377 -4.033529 0.8462885 0.5870423 0.3901141 19.56238 1.092615 0 0.0 0.10188305286479199 5.837888164051277 0.0
0.1027318 -0.07716722 -1.759847 -2.138115 0.4111179 0.3345711 0.60335 18.22612 1.252169 1 0.05979188 0.12848580689620312 2.769223215386221 0.0
0.08630995 0.05228978 -1.128271 -5.280137 0.4561148 0.384186 0.6349557 18.42544 1.170416 0 0.0 0.10091396613675879 5.399337198972666 0.0
0.05132741 0.002945487 -0.8060701 -4.997802 0.3954287 0.321035 0.6394131 18.16765 1.345909 0 0.0 0.05141185574335232 5.0623881555366745 0.0
0.04588362 -0.009548008 -1.162926 -6.630545 0.873466 0.6299122 0.3373601 19.56542 1.024834 0 0.0 0.04686652367172611 6.7317548884745495 0.0
0.0908483 0.04040465 -2.505197 -6.57136 0.8243801 0.6033935 0.4369285 19.33872 1.113365 0 0.0 0.09942811149022444 7.032693954553191 0.0
0.08928395 0.03784009 -2.622535 -7.195978 1.7292 1.42112 0.7234721 20.15619 1.448751 1 0.003510456 0.09697162543141473 7.658967894090496 0.0
