jas1101finalproject/data/gcs/NGC_6440.ecsv
# %ECSV 0.9
# ---
# datatype:
# - {name: x, unit: deg, datatype: float64}
# - {name: y, unit: deg, datatype: float64}
# - {name: pmx, unit: mas / yr, datatype: float64}
# - {name: pmy, unit: mas / yr, datatype: float64}
# - {name: pmx_e, unit: mas / yr, datatype: float64}
# - {name: pmy_e, unit: mas / yr, datatype: float64}
# - {name: pm_corr, datatype: float64}
# - {name: g_mag, unit: mag, datatype: float64}
# - {name: bp_rp, unit: mag, datatype: float64}
# - {name: filter, datatype: int64}
# - {name: memberprob, datatype: float64}
# - {name: r, unit: deg, datatype: float64}
# - {name: pm, unit: mas / yr, datatype: float64}
# - {name: member_prob_GMM, datatype: float64}
# - {name: member_prob_DB, datatype: float64}
# meta: !!omap
# - comments: [deg deg mas/yr mas/yr mas/yr mas/yr dimless mag   mag   zeroone float]
# - __serialized_columns__:
#     bp_rp:
#       __class__: astropy.units.quantity.Quantity
#       unit: &id001 !astropy.units.Unit {unit: mag}
#       value: !astropy.table.SerializedColumn {name: bp_rp}
#     g_mag:
#       __class__: astropy.units.quantity.Quantity
#       unit: *id001
#       value: !astropy.table.SerializedColumn {name: g_mag}
#     pm:
#       __class__: astropy.units.quantity.Quantity
#       unit: !astropy.units.Unit {unit: mas / yr}
#       value: !astropy.table.SerializedColumn {name: pm}
#     pmx:
#       __class__: astropy.units.quantity.Quantity
#       unit: !astropy.units.Unit {unit: mas / yr}
#       value: !astropy.table.SerializedColumn {name: pmx}
#     pmx_e:
#       __class__: astropy.units.quantity.Quantity
#       unit: !astropy.units.Unit {unit: mas / yr}
#       value: !astropy.table.SerializedColumn {name: pmx_e}
#     pmy:
#       __class__: astropy.units.quantity.Quantity
#       unit: !astropy.units.Unit {unit: mas / yr}
#       value: !astropy.table.SerializedColumn {name: pmy}
#     pmy_e:
#       __class__: astropy.units.quantity.Quantity
#       unit: !astropy.units.Unit {unit: mas / yr}
#       value: !astropy.table.SerializedColumn {name: pmy_e}
#     r:
#       __class__: astropy.units.quantity.Quantity
#       unit: &id002 !astropy.units.Unit {unit: deg}
#       value: !astropy.table.SerializedColumn {name: r}
#     x:
#       __class__: astropy.units.quantity.Quantity
#       unit: *id002
#       value: !astropy.table.SerializedColumn {name: x}
#     y:
#       __class__: astropy.units.quantity.Quantity
#       unit: *id002
#       value: !astropy.table.SerializedColumn {name: y}
# schema: astropy-2.0
x y pmx pmy pmx_e pmy_e pm_corr g_mag bp_rp filter memberprob r pm member_prob_GMM member_prob_DB
[from data line 5432]
-0.006156037 -0.02056958 -2.242481 -4.386287 0.6188143 0.4855431 0.3693157 18.73717 2.077148 0 0.0 0.021471013318466573 4.926280004397841 0.0 1.0
0.04943214 -0.006762446 -1.568852 -1.982089 1.932492 1.631427 0.8070434 19.75419 2.174553 0 0.0 0.04989255596662207 2.5278396709097275 0.0 0.0
0.0455329 0.06218368 -0.9919562 -4.091446 1.407156 1.240111 0.6605859 19.7909 2.475435 0 0.0 0.07707175254756052 4.209977134573826 0.0 0.0
0.004115146 0.02464037 -5.628657 -7.569148 1.525519 1.361147 0.3183942 19.96334 1.882704 0 0.0 0.024981638463844123 9.432591429164788 0.0 0.0
0.0195733 0.07015041 -0.4932734 -9.094392 0.5762287 0.4865975 0.3427383 18.9108 2.607775 0 0.0 0.0728298983663859 9.107759576142287 0.0 0.0
-0.06986989 -0.008048266 -4.395282 -5.467021 0.6597161 0.5385271 0.3801103 19.01936 1.903122 0 0.0 0.07033189969152587 7.014757477915042 0.0 0.0
0.002426397 -0.002817783 -1.898136 -4.953976 0.448387 0.3394671 0.4260586 14.76102 2.666893 0 0.0 0.003718508227326921 5.305167149399913 0.0 0.0
-0.07414944 0.02681798 1.12143 -3.481322 1.247083 1.087172 0.4569864 19.73963 2.086878 0 0.0 0.07885013318691352 3.657486584060699 0.0 0.0
-0.05305202 0.005075267 -0.1802189 -3.662009 0.1258839 0.1002895 0.2405436 16.04667 2.320159 1 0.002759296 0.05329423196933875 3.6664408856543984 0.0 0.0
0.03673583 0.02023199 0.2431016 -3.980644 0.3624991 0.3153614 0.6177149 17.80714 2.946558 1 0.01209058 0.041938700804257156 3.988060310810076 0.0 1.0
0.05957794 0.03982478 -7.620227 -5.692824 2.214597 1.87263 0.77963 20.03722 1.767811 0 0.0 0.07166271022430006 9.511892799359389 0.0 0.0
-0.07501472 -0.01807571 -0.1992611 -6.594558 0.9228363 0.7732696 0.2651029 18.80205 1.854567 0 0.0 0.07716177491920788 6.597567748900894 0.0 0.0
-0.03445761 0.02006467 -3.053149 -6.571203 0.1440241 0.1139285 0.1818253 16.05639 2.830709 1 0.0 0.03987377420211184 7.245855897229119 0.0 1.0
-0.02681395 -0.0002871337 -0.8518297 -3.413602 0.7565529 0.6537986 0.513779 19.12733 2.09376 0 0.0 0.02681548732289189 3.51827975752442 0.0 1.0
0.02268703 0.02727662 -0.7711233 -4.050287 0.2301048 0.1935053 0.6019969 16.92495 2.875101 1 0.8739704 0.03547837832885404 4.1230396464467685 0.0 1.0
0.01638835 -0.002421906 1.34337 -1.066379 0.5449805 0.4287462 0.2992999 18.62137 2.316233 0 0.0 0.016566340706243365 1.715169708379028 0.0 0.0
0.0692682 0.01446254 -3.079613 -5.450383 0.3294574 0.2621162 0.3152979 18.21142 2.360638 0 0.0 0.07076191485885328 6.26024688622246 0.0 0.0
0.07622237 0.01658405 -4.659911 -7.385934 2.666851 2.255774 0.6691159 20.49397 nan 0 0.0 0.07800564340366278 8.733086028448191 0.0 0.0
-0.05301268 0.05727368 -1.539569 -4.76519 1.496587 1.36066 0.3861164 20.1218 0.1952 0 0.0 0.07804241578478206 5.007724876813921 0.0 0.0
-0.0004347976 0.04956756 -2.094029 -2.498576 0.2306422 0.2027072 0.3806924 17.30009 2.69796 1 0.0 0.049569466945959435 3.260036729949066 0.0 0.0
0.05227801 0.0331765 -0.4841584 -4.537747 2.037543 1.779766 0.8177451 19.90063 1.777163 0 0.0 0.061916641396397624 4.5635027328029025 0.0 0.0
-0.02628136 0.06456471 -7.236924 -10.88242 2.799764 2.428252 0.5457653 20.37132 2.035677 0 0.0 0.06970876315667708 13.069052530240132 0.0 0.0
0.02086979 -0.07930383 -6.670684 -7.590288 1.235459 1.053715 0.8266424 19.11669 2.285366 0 0.0 0.08200393641352226 10.104973871851426 0.0 0.0
0.003254651 -0.07145563 -5.313528 -1.744932 0.8254875 0.72431 0.6129904 18.97866 2.22473 0 0.0 0.0715297127900616 5.592706633769377 0.0 0.0
-0.0529602 -0.01237122 -6.275285 -5.927487 0.2689734 0.2312209 0.3829801 16.83163 2.363502 1 0.0 0.054385934471409055 8.632166817572168 0.0 0.0
-0.05983176 0.00176926 -1.549593 0.1839261 0.124265 0.1027867 0.3349358 16.16879 2.280742 1 0.0 0.05985791330847743 1.5604702098759238 0.0 0.0
0.02369534 0.07135147 -4.879276 -4.244066 0.3390731 0.2861869 0.3583773 18.10874 2.854496 1 0.0 0.07518311917496173 6.466794452936633 0.0 0.0
-0.07318188 -0.02220233 1.415264 -5.868473 0.3888172 0.3270618 0.324238 16.10585 2.305194 0 0.0 0.07647568906367108 6.036716619274505 0.0 0.0
0.02737303 -0.01241606 -0.5956398 -5.266529 0.3433344 0.2621429 -0.07565589 15.75187 2.974243 0 0.0 0.0300573005658276 5.300105138502919 0.0 1.0
0.01243985 -0.005499998 3.698529 -8.319432 0.8363447 0.6788589 -0.651882 17.47489 2.21543 0 0.0 0.01360146484840894 9.104507980471269 0.0 0.0
-0.06984696 0.0045021 0.4333792 -5.150181 1.009602 0.8343299 0.3137185 19.30652 2.106218 0 0.0 0.06999190471512831 5.1683829060697155 0.0 0.0
-0.01196573 0.01080024 -2.613081 -5.099786 0.3341874 0.2891441 0.4270448 17.70582 2.676573 0 0.0 0.016119053275254723 5.73027133374651 0.0 1.0
-0.04546854 0.0005877873 1.931596 1.317485 1.249731 1.089891 0.3899512 19.87907 nan 0 0.0 0.04547233910457699 2.3381252815965614 0.0 0.0
0.001311045 0.05095992 -2.04326 -1.901867 0.2112289 0.1675031 0.1979186 15.28935 4.150919 1 0.0 0.05097678182661617 2.7914171156043666 0.0 0.0
0.0457473 0.01288247 -5.038341 -7.327857 0.356642 0.3123378 0.567418 17.66777 2.663324 1 0.0 0.04752655563567488 8.89282678593989 0.0 0.0
-0.06620981 -0.003526236 -4.148506 -7.335759 0.2013073 0.1753841 0.33936 16.9614 2.632175 1 0.0 0.06630364454963086 8.427541879938481 0.0 0.0
-0.05735443 -0.04329472 0.03179303 0.7104854 0.1275336 0.09777701 0.2774685 15.61727 2.499446 1 0.0 0.07186072237671494 0.7111963866399639 0.0 0.0
0.04002491 0.01397697 -10.54783 -14.83136 0.3299079 0.2587204 0.3209825 18.02311 2.151285 1 0.0 0.0423951543326475 18.199614203562117 0.0 0.0
0.03868013 0.01420238 -4.430906 -7.885121 0.4622922 0.3590127 0.2656962 18.36463 2.714302 0 0.0 0.04120509743322178 9.044780879904001 0.0 0.0
-0.06947013 -0.006331472 -1.249246 -0.955517 0.9965638 0.8584995 0.4598195 19.38795 1.946344 0 0.0 0.06975805688165121 1.5727772588020847 0.0 0.0
0.05431035 0.03466353 0.1851533 -0.3485119 1.731594 1.505536 0.819459 19.75308 nan 0 0.0 0.06442960832709912 0.39464197564691467 0.0 0.0
0.00943207 -0.06640713 1.109888 0.6621719 0.242859 0.216331 0.5450456 17.33766 2.416935 1 0.0 0.06707362267927534 1.2924097638495347 0.0 0.0
-0.03892099 0.01804372 -1.620369 -1.769782 0.1673801 0.1461946 0.3933741 16.66708 2.385372 1 0.0 0.04290010832175718 2.3995257914190042 0.0 0.0
0.04860215 -0.007742559 -6.423216 -6.71553 1.317691 1.11477 0.7771748 19.35174 2.665668 0 0.0 0.049214999791638535 9.292795433213625 0.0 0.0
0.03857453 -0.06473702 4.999169 -2.982782 0.424043 0.3349631 0.3167732 18.36 nan 0 0.0 0.07535831820841878 5.821398384416325 0.0 0.0
-0.05729672 -0.04463557 -0.02084899 -6.068273 0.3324997 0.2885861 0.4973887 17.29382 2.433743 0 0.0 0.07263090411101393 6.068308815717359 0.0 0.0
0.02802432 -0.04927569 -2.579885 -10.98293 2.311648 2.021306 0.8325968 19.80963 nan 0 0.0 0.05668735429033974 11.281868550826365 0.0 0.0
0.04011693 -0.07221612 -8.425473 -7.893225 2.96202 2.552086 0.5226188 20.62731 1.407022 0 0.0 0.08261075027185807 11.545197970340483 0.0 0.0
-0.04799782 -0.05433317 -4.602491 -10.39801 1.127501 0.7519007 0.3169108 18.9178 nan 0 0.0 0.07249747641815747 11.371083297785704 0.0 0.0
-0.02704875 0.0334996 -5.044371 -4.307813 1.733419 1.51274 0.2266089 20.1244 nan 0 0.0 0.04305645220779924 6.633470556851067 0.0 0.0
-0.004809775 -0.07577009 -0.4209693 0.626576 0.5494562 0.4016739 0.1150452 18.67785 2.141045 0 0.0 0.07592259528071156 0.754859348036765 0.0 0.0
-0.04340998 0.005736314 -1.53703 -4.430288 0.199063 0.1571601 0.2177081 15.12784 4.088099 1 0.261952 0.04378734591074225 4.689340357005876 0.0 1.0
-0.02999264 0.01455145 -4.889155 0.05989878 0.3204885 0.279778 0.4055048 18.01326 2.119919 0 0.0 0.033336213811290864 4.88952190688113 0.0 0.0
-0.05680631 -0.05593833 2.790594 1.275645 1.233942 1.022512 0.6082251 19.15054 nan 0 0.0 0.07972486198799594 3.068335874519118 0.0 0.0
0.05064056 0.01401773 -0.985246 -8.250667 0.4113596 0.3335313 0.3463043 18.13004 2.722664 1 0.0 0.05254486722284585 8.309284904575422 0.0 0.0
-0.01087664 -0.01468949 -1.856766 -3.609602 0.4928351 0.3313996 -0.03988824 18.09809 nan 0 0.0 0.01827792149424272 4.059163285353276 0.0 1.0
-0.06929386 -0.01659484 -10.80701 -11.02844 1.829849 1.613317 0.3849967 20.174 nan 0 0.0 0.07125326482572711 15.440788644810212 0.0 0.0
-0.02105447 -0.06382764 -3.914021 -5.196957 1.976501 1.618035 0.7663249 19.73742 1.756956 0 0.0 0.06721055225893104 6.505991273302632 0.0 0.0
-0.04865641 -0.05190914 2.138824 -7.617029 2.759331 2.167387 0.5813589 19.87997 nan 0 0.0 0.07114776911209303 7.911617969152517 0.0 0.0
-0.02199733 -0.07019831 0.8856972 1.575475 1.562746 1.296841 0.7452054 19.49805 1.864159 0 0.0 0.07356415740008852 1.8073685306856595 0.0 0.0
0.003083607 -0.04435031 -5.779963 -9.830924 1.804907 1.516095 0.7483164 19.67995 2.689522 0 0.0 0.04445737991859787 11.404167614304212 0.0 0.0
-0.01016453 0.03238965 -0.8830389 -0.8582866 1.220567 1.031891 0.773652 19.2385 2.280769 0 0.0 0.033947122076008154 1.2314274589486667 0.0 0.0
0.03485581 0.05819628 -5.24512 -10.72238 1.772373 1.599947 0.5641922 20.20435 nan 0 0.0 0.06783608550465232 11.936528669542078 0.0 0.0
-0.003179727 -0.07687249 -4.358221 -2.606959 2.12265 1.849813 0.5804419 20.05961 1.418453 0 0.0 0.07693822445699296 5.078417618955928 0.0 0.0
-0.07166626 -0.02101715 -0.8730387 -11.13342 2.354469 2.0647 0.502718 20.02127 2.039719 0 0.0 0.07468449247675249 11.167597658766978 0.0 0.0
-0.07214497 -0.03727371 -3.208024 -5.144229 1.855596 1.728744 -0.2253805 19.97075 nan 0 0.0 0.0812048407021712 6.062549792704139 0.0 0.0
-0.04797112 -0.04823728 -7.047701 -7.654087 0.2711708 0.2269012 0.5549394 16.97584 2.332146 1 0.0 0.06802987237863084 10.4045728979603 0.0 0.0
-0.02608826 -0.06178373 -1.623591 -2.762917 0.2289655 0.1965428 0.5173044 16.68585 2.324855 1 2.15246e-06 0.0670658378203128 3.2046463274704746 0.0 0.0
0.01899228 0.0005856849 -1.236128 -1.952408 2.03178 1.730902 0.1617125 19.51021 nan 0 0.0 0.019001308544426304 2.3108244050225886 0.0 0.0
0.02558882 -0.07539639 1.265344 2.125081 0.3386804 0.2653585 0.2869962 18.17211 2.010508 0 0.0 0.0796203700947471 2.4732700408360184 0.0 0.0
-0.0426661 0.005847148 -4.639094 -6.976975 2.366247 1.982456 0.7082975 20.1227 nan 0 0.0 0.043064895552455525 8.37850662656902 0.0 0.0
-0.000548836 -0.07471907 -0.8897422 -12.47417 2.602001 2.065832 0.4130703 20.16104 0.9896069 0 0.0 0.07472108566274847 12.505860960819966 0.0 0.0
-0.03100534 -0.07192982 -3.402939 -3.239879 1.671394 1.375294 0.7590025 19.63019 2.484055 0 0.0 0.07832770974404908 4.69859657476166 0.0 0.0
-0.03077641 0.07086194 -6.679786 -6.638697 1.976396 1.691531 0.7366025 19.77467 2.020622 0 0.0 0.07725672755852205 9.41763446219936 0.0 0.0
0.009946856 -0.06626411 -0.448211 -3.751283 1.202014 1.007541 0.7672135 19.27291 nan 0 0.0 0.06700650877621393 3.7779646963159936 0.0 0.0
-0.02916328 0.01688239 -3.981993 -4.64021 1.660193 1.478456 0.4558409 20.25496 1.35363 0 0.0 0.03369735883523366 6.1145578005403625 0.0 0.0
0.0199698 0.03726006 -7.286281 -3.438349 1.958846 1.754256 0.4821492 20.44863 nan 0 0.0 0.042274164489006755 8.056806728274049 0.0 0.0
-0.04266072 -0.01362497 -5.447113 -7.043387 1.148364 1.001989 0.451128 19.74948 1.929613 0 0.0 0.044783667094369345 8.903950834687825 0.0 0.0
0.05589142 0.05435824 -4.865085 -5.488877 2.401585 2.032113 0.791525 20.07838 2.714643 0 0.0 0.0779658199823102 7.3346317411546975 0.0 0.0
-0.02324762 0.0665412 -5.986217 -7.119906 1.995354 1.7949 0.4385964 20.38995 nan 0 0.0 0.07048533984527847 9.302035014980593 0.0 0.0
-0.04474864 -0.01533264 3.263977 -1.467608 1.304445 1.130023 0.4843909 19.66882 nan 0 0.0 0.04730254360200094 3.5787454642923406 0.0 0.0
0.03643903 -0.02489581 -1.529479 -6.041821 0.2784525 0.2440708 0.5003927 17.39554 2.545618 1 0.0 0.044131669613747905 6.232407801763456 0.0 0.0
-0.06840628 -0.01826528 -4.755924 -3.532328 0.2216794 0.1951009 0.2679048 16.68532 2.521088 0 0.0 0.07080282195588534 5.924200721899959 0.0 0.0
0.03731019 0.02878059 1.973322 -5.58857 1.874833 1.550846 0.6474234 19.758 3.051714 0 0.0 0.04712083019837618 5.926728807747491 0.0 0.0
-0.04794201 -0.04986424 -4.683039 -3.282219 0.4054102 0.3320328 0.2176262 18.06928 1.88921 0 0.0 0.0691728180257079 5.7187250186979615 0.0 0.0
0.02896373 -0.07292506 -3.696129 -4.814235 0.4658543 0.3656481 0.2683884 18.44118 2.23361 0 0.0 0.07846631144329712 6.069450405091551 0.0 0.0
0.05282801 0.0515498 5.005049 6.609994 2.335342 2.098169 0.6760001 20.01331 2.205025 0 0.0 0.07381179120303273 8.29111187793513 0.0 0.0
-0.024858 -0.0647609 0.1561157 -6.835745 1.22213 1.009027 0.7437443 19.2669 1.764708 0 0.0 0.06936781914411033 6.8375274636970556 0.0 0.0
0.05251322 0.05164527 -9.01091 -2.908217 2.785484 2.363828 0.7567138 20.39573 nan 0 0.0 0.07365373166473849 9.46859150809607 0.0 0.0
0.01935402 -0.08065022 -4.65989 -7.652451 1.915816 1.628857 0.7002181 20.00837 1.763926 0 0.0 0.08293995464315615 8.959608312839407 0.0 0.0
-0.02604507 0.0211783 -2.071512 -3.967815 0.425452 0.3442793 0.3905919 18.27615 2.370821 0 0.0 0.033568825749419655 4.476015844517197 0.0 1.0
0.04369566 0.04305732 3.515137 -2.924029 1.924058 1.682112 0.8377121 19.71819 2.060148 0 0.0 0.06134528106071403 4.57232257409842 0.0 0.0
0.04123469 -0.0630497 -0.9607734 -4.435498 1.341503 1.103439 0.7172436 19.10041 2.230249 0 0.0 0.07533634135983841 4.538361822745247 0.0 0.0
-0.06183046 -0.008451102 -0.7724028 0.1032785 0.9750652 0.844834 0.4648607 19.50299 1.693621 0 0.0 0.06240534359192331 0.7792769302437291 0.0 0.0
-0.01454535 0.05814803 -3.00851 -3.030392 1.377639 1.207176 0.4707674 19.85235 2.765833 0 0.0 0.059939641302758896 4.270176588124196 0.0 0.0
0.004973625 0.02501228 -3.777674 -0.8698973 1.493931 1.304911 0.4502629 19.86687 nan 0 0.0 0.02550198220607616 3.876537393450925 0.0 0.0
0.03692581 -0.02295043 -1.074663 -3.674965 0.4243421 0.3785395 0.5182 17.93623 2.429558 0 0.0 0.043476863747756694 3.8288729823270446 0.0 1.0
-0.04622659 0.04798326 -2.064932 -7.211431 1.266727 1.095331 0.5130818 19.78926 2.352921 0 0.0 0.06662800359650363 7.501245312105517 0.0 0.0
-0.07389643 -0.02349204 -6.13887 -1.596822 0.09166758 0.07172134 0.2435044 15.3396 2.615364 1 0.0 0.07754068809409999 6.34315106052063 0.0 0.0
-0.03512331 -0.07229501 -3.997428 -7.678182 1.251856 1.038132 0.7321222 19.1952 1.957233 0 0.0 0.08037546501424549 8.656437456616203 0.0 0.0
-0.04516341 0.03343814 -2.87405 -9.202603 1.503101 1.300134 0.5530632 19.88492 1.59531 0 0.0 0.056194686665980265 9.640957700255147 0.0 0.0
-0.05939151 -0.02702772 -4.69426 -9.941384 0.4475315 0.345959 0.1268904 18.61733 2.082691 0 0.0 0.06525219619659173 10.993961650972592 0.0 0.0
0.03223173 -0.03525941 -3.772473 -4.628161 0.2670097 0.2378043 0.4554325 17.40499 2.405701 1 0.0 0.04777143929526302 5.970881574579251 0.0 0.0
-0.01978493 0.07226945 1.395719 -4.19813 1.274998 1.138871 0.2387049 20.04886 2.135462 0 0.0 0.07492874520774655 4.424062276218656 0.0 0.0
0.02098938 -0.04111684 -0.2445927 -1.954545 1.008145 0.8507254 0.7464072 19.01432 2.073973 0 0.0 0.04616436509224404 1.9697897720107824 0.0 1.0
-0.07485746 0.01157983 -2.015508 -6.284179 0.7968024 0.6894106 0.4493735 19.23573 2.11484 0 0.0 0.07574781700141925 6.5994831768938536 0.0 0.0
-0.04367917 0.04708755 -5.405669 -7.840112 0.3436602 0.2999347 0.3951031 18.02657 2.348804 0 0.0 0.064226997881665 9.523056941450314 0.0 0.0
0.04239537 -0.002304786 1.975926 -3.252187 2.228587 1.86423 0.7687331 20.0389 2.373665 0 0.0 0.04245797258398823 3.8053914175081913 0.0 0.0
0.01152085 -0.05198201 -0.5497899 -8.156285 2.667348 2.211301 0.6335065 20.50954 nan 0 0.0 0.05324339722784977 8.17479381607677 0.0 0.0
-0.04196664 0.06425607 0.561917 -0.8122242 0.7018275 0.6142529 0.3518371 19.10609 nan 0 0.0 0.07674660516748932 0.9876532113827403 0.0 0.0
-0.02542109 0.05495563 0.1863088 -3.456662 1.355032 1.179566 0.4021897 19.84579 1.961998 0 0.0 0.0605504177151983 3.4616792386357 0.0 0.0
-0.05591952 -0.05639768 -3.388894 -6.686949 0.5907773 0.4268179 0.3081093 18.43129 2.496725 1 0.0 0.0794209734667915 7.496658553771607 0.0 0.0
-0.06446856 0.006003615 -3.206915 -3.58909 1.836379 1.650182 0.431498 20.34258 1.871275 0 0.0 0.06474749895974226 4.813093687569878 0.0 0.0
