jas1101finalproject/data/gcs/NGC_6715_M_54.ecsv
# %ECSV 0.9
# ---
# datatype:
# - {name: x, unit: deg, datatype: float64}
# - {name: y, unit: deg, datatype: float64}
# - {name: pmx, unit: mas / yr, datatype: float64}
# - {name: pmy, unit: mas / yr, datatype: float64}
# - {name: pmx_e, unit: mas / yr, datatype: float64}
# - {name: pmy_e, unit: mas / yr, datatype: float64}
# - {name: pm_corr, datatype: float64}
# - {name: g_mag, unit: mag, datatype: float64}
# - {name: bp_rp, unit: mag, datatype: float64}
# - {name: filter, datatype: int64}
# - {name: memberprob, datatype: float64}
# - {name: r, unit: deg, datatype: float64}
# - {name: pm, unit: mas / yr, datatype: float64}
# - {name: member_prob_GMM, datatype: float64}
# meta: !!omap
# - comments: [deg deg mas/yr mas/yr mas/yr mas/yr dimless mag   mag   zeroone float]
# - __serialized_columns__:
#     bp_rp:
#       __class__: astropy.units.quantity.Quantity
#       unit: &id001 !astropy.units.Unit {unit: mag}
#       value: !astropy.table.SerializedColumn {name: bp_rp}
#     g_mag:
#       __class__: astropy.units.quantity.Quantity
#       unit: *id001
#       value: !astropy.table.SerializedColumn {name: g_mag}
#     pm:
#       __class__: astropy.units.quantity.Quantity
#       unit: !astropy.units.Unit {unit: mas / yr}
#       value: !astropy.table.SerializedColumn {name: pm}
#     pmx:
#       __class__: astropy.units.quantity.Quantity
#       unit: !astropy.units.Unit {unit: mas / yr}
#       value: !astropy.table.SerializedColumn {name: pmx}
#     pmx_e:
#       __class__: astropy.units.quantity.Quantity
#       unit: !astropy.units.Unit {unit: mas / yr}
#       value: !astropy.table.SerializedColumn {name: pmx_e}
#     pmy:
#       __class__: astropy.units.quantity.Quantity
#       unit: !astropy.units.Unit {unit: mas / yr}
#       value: !astropy.table.SerializedColumn {name: pmy}
#     pmy_e:
#       __class__: astropy.units.quantity.Quantity
#       unit: !astropy.units.Unit {unit: mas / yr}
#       value: !astropy.table.SerializedColumn {name: pmy_e}
#     r:
#       __class__: astropy.units.quantity.Quantity
#       unit: &id002 !astropy.units.Unit {unit: deg}
#       value: !astropy.table.SerializedColumn {name: r}
#     x:
#       __class__: astropy.units.quantity.Quantity
#       unit: *id002
#       value: !astropy.table.SerializedColumn {name: x}
#     y:
#       __class__: astropy.units.quantity.Quantity
#       unit: *id002
#       value: !astropy.table.SerializedColumn {name: y}
# schema: astropy-2.0
x y pmx pmy pmx_e pmy_e pm_corr g_mag bp_rp filter memberprob r pm member_prob_GMM
[from data line 3910]
-0.06998648 -0.03481529 0.874715 -7.410512 1.10645 0.9594864 0.4836561 19.85022 1.403854 0 0.0 0.07816784377590635 7.461957815035475 0.0
0.04105057 -0.01173131 -5.139483 -3.779135 0.2416789 0.229187 0.3027052 17.6018 0.7620811 0 0.0 0.04269394490605196 6.379353169053584 0.0
-0.02474194 -0.02524509 -2.858299 -0.9659537 0.4014971 0.3434609 0.1265046 18.22629 0.588789 0 0.0 0.035347958414478485 3.0171078409537655 1.0
0.01222785 -0.01835909 -2.774313 -1.991605 0.4866003 0.4539398 0.4174292 18.62337 0.3474655 0 0.0 0.022058479123697537 3.4151578437890686 1.0
-0.06047208 -0.07226923 -1.504429 -1.333998 0.7561138 0.6360754 0.3214575 19.30372 1.26582 1 0.8795541 0.094232234741193 2.010685773572042 0.0
0.007780003 -0.06706658 -3.976782 -6.086611 2.792706 2.206997 0.5971922 20.41994 0.9831314 0 0.0 0.06751632839229639 7.270600287517187 0.0
-0.03749357 -0.02734725 -2.765427 -1.598685 0.2818968 0.2405373 0.2626518 17.90032 1.307436 1 0.994892 0.04640732564916233 3.1942730349101343 0.0
0.05729117 0.01400969 0.4911302 -3.888623 1.090492 1.041713 0.4067652 19.92176 nan 0 0.0 0.05897923002095738 3.919514983959245 0.0
-0.01516721 -0.04977162 -1.973796 1.199975 1.393986 1.654754 0.6998346 19.7293 1.010885 0 0.0 0.05203132149588842 2.309937369332987 0.0
0.05818422 0.01183288 -2.117586 -4.187441 0.828841 0.7943492 0.359598 19.35132 1.044806 0 0.0 0.05937525162980617 4.692422891841378 0.0
0.03290853 0.01826865 -2.609864 -1.429122 0.2032056 0.1934085 0.3031337 17.11601 1.150463 0 0.0 0.03763927363251581 2.975530169462242 1.0
-0.013012 -0.04732228 -2.306215 -1.251718 0.485253 0.4653632 0.3858959 18.70435 1.155396 0 0.0 0.04907861375791293 2.6240094469626056 0.0
-0.04187316 0.06863446 -1.691387 2.009662 2.069271 2.09336 0.203084 20.46863 1.1138 0 0.0 0.08039931982222984 2.6266958975132617 0.0
0.06009875 0.002693608 -1.420911 -8.77529 0.7627233 0.8499666 0.6712665 18.91714 1.821472 0 0.0 0.06015908306831284 8.88958394155885 0.0
-0.06210497 -0.02570617 1.681531 -6.409233 1.155902 0.9960531 0.5001273 19.85598 1.169598 0 0.0 0.06721483820385049 6.626146251951432 0.0
-0.08395149 0.0008010364 -2.94144 -3.96797 0.9125967 0.8102861 0.4723371 19.56902 1.156134 0 0.0 0.08395531152067882 4.93931728020179 0.0
-0.06536287 -0.02942954 -2.705638 -1.138822 0.6272583 0.5406114 0.4799844 19.0245 0.1370125 0 0.0 0.07168265201043067 2.93553956449713 0.0
-0.03140547 0.00955066 -2.332574 -0.9537358 0.3380237 0.2968059 0.3553954 18.02036 nan 0 0.0 0.03282557923870499 2.520022508168854 0.0
-0.01966766 -0.02324503 -3.366393 -1.681788 0.4040022 0.3277172 -0.05100773 18.05436 0.8918037 0 0.0 0.030449109503834428 3.7631121040161695 1.0
-0.05262455 -0.004343997 -0.3011769 -5.92936 1.019904 0.8458421 0.5611729 19.59527 0.9785957 0 0.0 0.05280353750117987 5.937004087474895 0.0
0.07435808 -0.02640522 -2.66154 -1.374441 0.1691234 0.1569697 0.2373754 16.79591 1.32819 1 0.9977139 0.0789072854971884 2.995477129620755 0.0
0.02559543 -0.0822998 -2.636022 -1.362054 0.06537504 0.06081353 0.2334679 14.5097 1.877354 1 0.9990659 0.08618806829790827 2.967120335173483 0.0
-0.0001310727 -0.006704422 -17.86064 -17.43933 1.070117 0.9354243 0.04700705 16.4662 1.020655 0 0.0 0.0067057031254574104 24.962625904710027 0.0
-0.02154431 0.02087346 -9.235647 -5.207614 1.472207 1.275112 0.5052798 19.78591 0.919136 0 0.0 0.02999764366992348 10.602660943442688 0.0
-0.0712203 -0.001445211 -4.534098 -6.151516 2.307021 2.131401 0.6179632 20.304 1.127907 0 0.0 0.07123496168964029 7.6419365197481195 0.0
0.002970899 -0.04843343 -2.806207 -1.530391 1.185628 1.124158 0.3590753 19.73384 1.075985 0 0.0 0.0485244616913274 3.1963877017236193 0.0
-0.02577837 0.0161937 -2.757257 -0.631146 0.8226336 0.7636956 0.879967 18.24417 0.4035568 0 0.0 0.030442737714386003 2.8285705643248504 1.0
-0.02376569 0.06874928 1.406108 -14.59291 0.6000581 0.5402717 0.4119673 19.03216 1.080982 1 0.0 0.07274112675573907 14.660496648332348 0.0
-0.01623763 -0.09371135 -0.4250563 -0.06757975 1.652282 1.474294 0.2314695 20.08571 1.060053 0 0.0 0.09510771654728863 0.4303950287581776 0.0
-0.01998307 -0.02385544 -3.210312 -3.97879 2.05042 1.471979 -0.2245709 19.88553 0.8195076 0 0.0 0.03111920796258317 5.112423398100357 0.0
-0.07229107 0.05932786 -4.967751 -6.65446 0.5619404 0.5432869 0.3533917 19.08634 0.8584919 0 0.0 0.09351894874261846 8.304239151758637 0.0
-0.008460986 -0.0844769 -3.286876 0.8810723 2.238186 1.957356 0.4768522 20.48075 0.7818565 0 0.0 0.08489955781806048 3.4029167249880343 0.0
0.0214022 -0.0310865 -8.31131 -5.858173 0.5772278 0.5565031 0.4302674 19.02441 0.743784 0 0.0 0.03774155067150792 10.168385555929172 0.0
0.006546858 -0.03551133 -2.715247 -2.31168 2.832086 2.3726 0.02690274 20.24364 1.459126 0 0.0 0.03610977579605091 3.5660104729808353 0.0
0.06264812 -0.04100727 -4.070549 -4.905231 0.2842004 0.2644102 0.2483661 12.01611 4.519761 0 0.0 0.0748757846862876 6.3742184089315606 0.0
-0.0674481 0.02024213 -2.432955 -0.7178358 0.3889473 0.3337974 0.3901943 18.26673 0.3805561 1 0.9722116 0.07042009670929812 2.536643110054436 0.0
-0.07778977 -0.00839299 -1.800144 -2.214622 2.404978 2.06491 0.6304697 20.35331 nan 0 0.0 0.0782412333606328 2.8539567312101983 0.0
-0.009703794 -0.006760219 -1.670344 -0.0538229 0.3293807 0.3163037 0.2647164 17.73752 0.7777042 0 0.0 0.011826418685400792 1.6712109330962415 0.0
0.04368484 -0.001615881 -7.579521 -9.312767 2.43189 2.422446 0.4962082 20.39968 nan 0 0.0 0.043714715110952755 12.007363065458211 0.0
0.001840886 -0.03014957 -4.945138 -2.605623 0.9760073 0.9325717 0.4073988 19.24007 nan 0 0.0 0.030205718538877633 5.589602942711853 0.0
-0.02434681 -0.02814034 -3.225772 -9.727723 0.6254461 0.451019 -0.241459 18.53561 1.063417 0 0.0 0.03721083031177482 10.248619407545242 0.0
-0.03674276 0.003634103 -2.385195 -1.107111 0.6139117 0.5308774 0.4158635 19.05095 1.144207 0 0.0 0.036922041073486296 2.629610228597767 1.0
-0.08430107 -0.05102003 -2.800275 -6.877138 0.9495015 0.8221113 0.482017 19.59398 nan 0 0.0 0.09853788035240967 7.4254001337752165 0.0
0.04597253 -0.002507666 -4.815723 -1.431726 0.8321089 0.7939233 0.4072751 19.54435 1.189072 0 0.0 0.04604087209608932 5.024044919365769 0.0
-2.588251e-05 0.01056662 -10.84622 -1.236381 1.244844 1.149252 0.2062637 18.44599 nan 0 0.0 0.01056665169903522 10.916461251960774 0.0
-0.05783573 0.002248659 -2.535468 -1.044717 0.4274567 0.3661972 0.4165688 18.35949 0.2968388 0 0.0 0.05787942753631191 2.742267599836493 0.0
-0.06049854 -0.029764 -5.102724 -4.031798 2.51772 2.197549 0.6379737 20.28535 0.8315468 0 0.0 0.06742380171817368 6.503321254019365 0.0
0.07752333 -0.01378867 -3.539457 -1.439655 2.36512 2.147858 0.5277745 20.36136 1.067144 0 0.0 0.0787400413681489 3.821042053402972 0.0
0.0007367881 -0.006210421 -3.674786 -2.816102 0.4480243 0.4091873 0.1839974 16.74384 nan 0 0.0 0.006253973592968123 4.6297389365060315 0.0
0.03456195 0.007503005 -5.659978 -4.562871 0.6986814 0.6679387 0.3611633 19.22231 1.000006 0 0.0 0.03536698279232376 7.270154243420492 0.0
-0.0239279 -0.02092855 -2.637372 -1.484591 0.2078434 0.1876747 0.2693155 17.18274 1.46192 1 0.9974899 0.0317891271272506 3.026506484986444 1.0
0.04752493 -0.05484606 -2.481726 -6.079411 0.5529508 0.5296011 0.3750512 18.77864 1.267282 0 0.0 0.07257209704169021 6.5664451605108995 0.0
0.0392364 -0.01086463 -6.661443 -2.995903 1.142397 1.181662 0.5977717 19.41082 1.067739 0 0.0 0.040712839129651714 7.304126068713354 0.0
-0.08275505 0.047555 -1.132175 -7.660528 1.527678 1.571956 0.2982441 20.31573 1.116302 0 0.0 0.09544567211509644 7.743740018195924 0.0
-0.02825103 0.0162159 2.245263 -6.839834 0.4052976 0.3609558 0.4277481 18.46309 1.049541 0 0.0 0.032574163210601435 7.1989259675819 0.0
-0.07718887 -0.003399072 -1.23047 -4.321958 0.6313646 0.554843 0.4909575 19.07358 1.043613 0 0.0 0.07726367414469806 4.493704193053211 0.0
-0.009333617 -0.02754647 -1.561902 -0.6206194 2.570657 2.218871 0.3117152 20.04019 nan 0 0.0 0.029084779795686765 1.6806862578305208 0.0
-0.05068009 -0.05154221 -2.441376 -8.019921 0.3168859 0.2733416 0.3158328 18.06821 1.191154 1 0.0 0.07228465213371507 8.383283940056963 0.0
-0.03306298 0.01078798 -2.945184 -1.613217 0.4368009 0.3825979 0.4473115 18.51862 1.184742 0 0.0 0.0347784582602622 3.3580616258408655 1.0
-0.08335833 -0.04684213 -4.113502 -8.098475 0.673849 0.5732764 0.565227 18.96234 0.9283676 1 0.0 0.09561797071328067 9.083292136094105 0.0
0.03611891 0.02127541 -3.007663 -1.598311 0.2645099 0.2511092 0.3169115 17.77384 1.210562 0 0.0 0.041919192862651826 3.4059704599849363 0.0
0.03475092 0.02109089 -2.953132 -1.271883 0.2506003 0.2373376 0.2938363 17.58657 1.203436 0 0.0 0.0406503638586237 3.215380999992536 0.0
-0.01306971 -0.009118095 -2.577184 -0.4774052 0.317416 0.2833075 0.1507027 17.71286 1.08285 0 0.0 0.015936027607692107 2.6210290144985118 1.0
0.0007627374 -0.05076226 -4.26657 -2.45876 0.8235909 0.7391218 0.2576661 19.33417 1.271023 0 0.0 0.05076799000008724 4.924339580339682 0.0
0.008255203 -0.04214521 -4.845102 -5.700653 0.4948538 0.4679036 0.4640341 18.54829 1.068655 0 0.0 0.04294609531162652 7.481474321068876 0.0
-0.06042469 0.02069687 4.78731 -3.375636 0.8063847 0.6925392 0.4694249 19.41398 1.214506 0 0.0 0.0638709917677266 5.857751739412997 0.0
0.001209826 -0.03363619 -1.317132 -0.6911774 1.756239 1.505061 0.3473797 20.08609 1.103016 0 0.0 0.03365794046976695 1.487468622759741 0.0
0.01028579 0.0177358 -3.915271 -1.913456 0.4445157 0.4223463 0.4136766 18.19047 nan 0 0.0 0.02050258709441567 4.357827539884639 0.0
-0.0430391 -0.03256614 -1.330982 1.651048 0.6722774 0.5849583 0.3467585 19.16432 1.381355 0 0.0 0.05397145174358014 2.120724541902602 0.0
0.05781808 0.0153884 -2.758781 -1.441753 0.3528607 0.3379198 0.3631845 18.20793 0.5711956 0 0.0 0.05983087187603403 3.1128000769355553 0.0
-0.08393556 0.04338071 -3.647254 -6.813709 1.450693 1.511127 0.3451437 20.05005 0.5010014 1 0.02046783 0.09448314258436635 7.728459877439812 0.0
0.01667926 0.02522126 -3.091516 -1.333489 0.6275777 0.5102262 -0.2625689 18.59742 1.228426 0 0.0 0.030237553970769528 3.366847797477189 1.0
0.03945199 0.001979372 -2.107024 1.611673 2.407784 2.114257 0.3171958 20.21324 0.7303963 0 0.0 0.03950161298573115 2.6527419768053204 1.0
-0.03206358 -0.06857454 1.694572 -4.913507 0.9336603 0.8772879 0.6247771 19.41955 nan 0 0.0 0.07570033486470189 5.197511452823649 0.0
-0.05643122 -0.01595998 -3.958972 1.048953 1.011798 0.8649256 0.4787859 19.71489 1.476805 0 0.0 0.05864472314103631 4.095578309957338 0.0
-0.08916438 0.006646242 -0.1860495 -4.647536 0.6768115 0.6237116 0.3054994 19.3805 0.85812 0 0.0 0.089411739685049 4.651258462797595 0.0
0.0007893639 -0.008903598 -2.125907 -0.8618625 0.5998018 0.5932325 0.457291 17.98917 nan 0 0.0 0.008938520722816902 2.2939676417846986 0.0
0.011623 -0.01884539 -3.684174 -1.161711 0.5353093 0.5164756 0.3724574 18.68125 0.7573719 0 0.0 0.02214142843748117 3.8629924294252764 1.0
0.01449695 0.03326299 -2.925302 -0.7144581 0.8562429 0.8256084 0.5863738 19.35744 1.115931 0 0.0 0.03628481863042173 3.011285799763883 1.0
-0.02655483 -0.0302905 1.026659 -7.701452 1.638109 1.163194 -0.1809093 19.85152 0.8677368 0 0.0 0.04028242031679452 7.769581173434318 0.0
-0.03550824 0.008137812 -3.270181 -1.710288 1.004194 0.8794746 0.343232 19.48251 nan 0 0.0 0.0364288222709017 3.690415805258941 0.0
-0.02554267 -0.07988509 3.785232 -5.228098 0.9479431 0.9033087 0.4433739 19.71177 1.40534 0 0.0 0.08386927682433538 6.4545325153281246 0.0
-0.03010311 -0.03411195 -2.996325 -2.513915 1.806821 1.332359 0.0949001 19.78675 0.5413017 0 0.0 0.04549530046581295 3.9112315365943244 0.0
-0.02718457 -0.0348397 1.160271 -0.9049376 0.686722 0.5907003 0.1164928 17.36275 1.397636 0 0.0 0.04419055942364727 1.4714417600893215 0.0
-0.02323686 0.05842875 5.416202 0.1046879 2.478287 2.264292 0.6443029 20.37788 1.148935 0 0.0 0.06287980986948116 5.417213643674247 0.0
0.02790527 3.214859e-05 -13.14031 -15.42033 1.928122 1.803293 0.2543255 19.77083 0.8080063 0 0.0 0.02790528851857187 20.259672361738726 0.0
-0.005236955 0.06655096 0.341196 -2.236547 2.079877 2.17549 0.4444756 20.24929 0.628027 0 0.0 0.06675669235809714 2.262422859154539 0.0
-0.05109607 -0.01028076 -2.970137 -2.539925 0.901453 0.784056 0.501653 19.52416 1.189028 0 0.0 0.05212007670391996 3.90805997963107 0.0
0.04158257 -0.0590395 -1.789263 -7.646979 0.834984 0.7156882 0.2189787 19.24107 0.96488 1 0.0 0.07221338302596618 7.853518314081276 0.0
-0.002262923 0.0646113 -0.2587964 -7.881822 2.136711 2.212436 0.3776029 20.10912 1.518471 0 0.0 0.06465091575680834 7.886069592410211 0.0
-0.08465284 -0.009276097 8.121072 -5.307513 0.7867989 0.7155572 0.5250099 19.14935 1.321949 0 0.0 0.08515955199282702 9.701623816369763 0.0
0.07862538 -0.016786 -3.430124 -7.76453 0.268546 0.2536969 0.3177328 17.82986 1.013407 1 0.0 0.08039726473048943 8.488443719332537 0.0
0.04221787 0.01183158 -3.380508 -1.564062 1.969524 1.744167 0.3181809 20.2618 0.9188957 0 0.0 0.043844439016063365 3.724798555346047 0.0
0.05276156 0.004267609 -0.05281339 -6.085117 0.4777551 0.4564561 0.3515174 18.61541 1.143406 0 0.0 0.052933871011012226 6.085346182252271 0.0
-0.03232315 0.0801127 -1.342028 -8.49866 0.4882115 0.4464061 0.203596 18.78493 1.824556 0 0.0 0.08638767694071012 8.603967744499277 0.0
-0.0758902 -0.01620972 -2.510406 -0.9907423 0.2658129 0.2223251 0.3776764 17.50213 1.300528 1 0.9889398 0.07760204558204893 2.6988346725661594 0.0
-0.0350161 -0.04377432 -2.964984 -1.468834 0.1900812 0.181053 0.3372378 16.91729 1.578438 0 0.0 0.056056385458504186 3.308867395320036 0.0
0.06789067 -0.06293957 -1.316751 -3.789286 0.7152965 0.6708637 0.3730774 19.42196 1.138695 0 0.0 0.09257717075410006 4.011548527164666 0.0
-0.004708436 0.02203349 -6.25294 -1.073412 3.017463 2.685332 0.4287829 20.33726 nan 0 0.0 0.022530957617158575 6.344404776284691 0.0
0.0506198 -0.01749029 -2.632414 -1.343942 0.07788023 0.07182535 0.1990747 15.31059 1.683702 1 0.9992135 0.053556273174335985 2.955635898881998 0.0
-0.07973239 0.05168121 -3.568822 -2.38147 0.6249165 0.5732695 0.2928283 19.16475 0.149559 1 0.858656 0.0950168484121432 4.290441682226202 0.0
-0.0012622 0.0151328 -1.353529 0.2551898 0.3146413 0.2895005 0.296503 18.14544 nan 0 0.0 0.015185347697040065 1.3773752531046286 0.0
-0.07942071 0.02439875 2.54168 -3.622676 0.3396947 0.3040034 0.218656 18.27612 0.8264656 1 0.0 0.0830839826829853 4.425372145184628 0.0
-0.0809154 0.05029931 -1.417757 -8.955847 0.9163818 0.8328001 0.2877798 19.74498 0.8196869 0 0.0 0.09527498382910438 9.067371747009053 0.0
-0.07175144 0.00552576 -1.959587 -0.4253595 0.5385462 0.4763601 0.4815254 18.86164 1.286379 0 0.0 0.07196390182342255 2.005221163565069 0.0
0.03104102 -0.06357505 -5.607086 -6.641933 3.0919 2.404559 0.574316 20.51053 1.876869 0 0.0 0.07074837033559783 8.692219934394492 0.0
0.03515868 -0.01527477 -2.624795 -1.412502 0.1401613 0.1320419 0.2787201 16.44833 1.379993 1 0.9986016 0.03833342376954216 2.9807231827241187 0.0
0.009001299 0.06611963 -7.049604 -0.60313 2.091846 2.022906 0.6390272 20.22894 0.9409828 0 0.0 0.06672952011684409 7.075357401129359 0.0
0.01037925 -0.09233535 -0.8752019 -7.325514 1.130047 1.072999 0.4492841 19.89956 0.9027958 0 0.0 0.09291687516369133 7.377610299409939 0.0
-0.05272486 0.08392803 4.051254 -5.722 2.16924 1.8362 -0.08549684 20.20985 0.8562183 0 0.0 0.09911521115197455 7.010987303690972 0.0
0.01791696 0.03204172 -2.646491 -1.232448 0.3175602 0.2983281 0.4407844 17.95093 1.246416 0 0.0 0.03671088770651018 2.919390807306381 1.0
0.07137407 -0.04391436 0.3808278 -7.610673 0.3095049 0.2788262 0.2679377 17.57712 1.115759 1 0.0 0.0838017236253199 7.6201950976455874 0.0
-0.006045298 -0.05465916 2.113224 -6.350839 2.209421 1.953106 0.5936572 20.26044 nan 0 0.0 0.054992448570821105 6.693195924078198 0.0
0.01861455 -0.03464504 -3.025502 -0.9340391 0.8752718 0.8608382 0.1960014 19.37533 0.9137268 0 0.0 0.03932912747956786 3.1664003840848696 0.0
