jas1101finalproject/data/gcs/NGC_6553.ecsv
# %ECSV 0.9
# ---
# datatype:
# - {name: x, unit: deg, datatype: float64}
# - {name: y, unit: deg, datatype: float64}
# - {name: pmx, unit: mas / yr, datatype: float64}
# - {name: pmy, unit: mas / yr, datatype: float64}
# - {name: pmx_e, unit: mas / yr, datatype: float64}
# - {name: pmy_e, unit: mas / yr, datatype: float64}
# - {name: pm_corr, datatype: float64}
# - {name: g_mag, unit: mag, datatype: float64}
# - {name: bp_rp, unit: mag, datatype: float64}
# - {name: filter, datatype: int64}
# - {name: memberprob, datatype: float64}
# - {name: r, unit: deg, datatype: float64}
# - {name: pm, unit: mas / yr, datatype: float64}
# - {name: member_prob_GMM, datatype: float64}
# meta: !!omap
# - comments: [deg deg mas/yr mas/yr mas/yr mas/yr dimless mag   mag   zeroone float]
# - __serialized_columns__:
#     bp_rp:
#       __class__: astropy.units.quantity.Quantity
#       unit: &id001 !astropy.units.Unit {unit: mag}
#       value: !astropy.table.SerializedColumn {name: bp_rp}
#     g_mag:
#       __class__: astropy.units.quantity.Quantity
#       unit: *id001
#       value: !astropy.table.SerializedColumn {name: g_mag}
#     pm:
#       __class__: astropy.units.quantity.Quantity
#       unit: !astropy.units.Unit {unit: mas / yr}
#       value: !astropy.table.SerializedColumn {name: pm}
#     pmx:
#       __class__: astropy.units.quantity.Quantity
#       unit: !astropy.units.Unit {unit: mas / yr}
#       value: !astropy.table.SerializedColumn {name: pmx}
#     pmx_e:
#       __class__: astropy.units.quantity.Quantity
#       unit: !astropy.units.Unit {unit: mas / yr}
#       value: !astropy.table.SerializedColumn {name: pmx_e}
#     pmy:
#       __class__: astropy.units.quantity.Quantity
#       unit: !astropy.units.Unit {unit: mas / yr}
#       value: !astropy.table.SerializedColumn {name: pmy}
#     pmy_e:
#       __class__: astropy.units.quantity.Quantity
#       unit: !astropy.units.Unit {unit: mas / yr}
#       value: !astropy.table.SerializedColumn {name: pmy_e}
#     r:
#       __class__: astropy.units.quantity.Quantity
#       unit: &id002 !astropy.units.Unit {unit: deg}
#       value: !astropy.table.SerializedColumn {name: r}
#     x:
#       __class__: astropy.units.quantity.Quantity
#       unit: *id002
#       value: !astropy.table.SerializedColumn {name: x}
#     y:
#       __class__: astropy.units.quantity.Quantity
#       unit: *id002
#       value: !astropy.table.SerializedColumn {name: y}
# schema: astropy-2.0
x y pmx pmy pmx_e pmy_e pm_corr g_mag bp_rp filter memberprob r pm member_prob_GMM
[from data line 9960]
0.03586293 0.04736451 -0.2671737 -1.074942 0.843528 0.7586505 0.3017489 19.20567 1.246346 0 0.0 0.05940998700323877 1.107647096026388 0.0
0.01853463 0.04665897 -4.637285 -8.744011 0.6030253 0.4864399 0.249924 18.00743 1.838762 0 0.0 0.050205497614283244 9.897582560370285 0.0
-0.06917656 0.04625105 -4.339307 -9.348214 1.357448 1.18896 0.6308474 19.25675 1.974249 0 0.0 0.08321391758315493 10.306245205216351 0.0
0.02007198 0.04381486 9.690058 -2.394691 0.3795674 0.3039151 0.2975918 17.69076 1.639505 0 0.0 0.04819363379057445 9.981571470908026 0.0
-0.06222388 0.03677921 1.348628 -4.785316 0.3391849 0.2769498 0.2179363 17.29941 2.087994 0 0.0 0.07228085175534736 4.9717247210842235 0.0
-0.06558936 0.015211 0.5878528 -2.087026 0.9341453 0.7930153 0.5287106 19.28551 nan 0 0.0 0.0673300725249097 2.168236250767854 0.0
0.01793165 0.05439336 -10.19809 -9.378558 1.187845 0.9909828 0.3321658 18.29702 0.9432583 0 0.0 0.05727287039962376 13.854904900700834 0.0
-0.01872911 0.03868432 1.062472 -6.603752 0.239537 0.1936629 0.1669318 17.10002 2.47387 0 0.0 0.04297971818491252 6.688676044501483 0.0
-0.02619364 0.01864811 0.412328 -0.7323027 0.1584826 0.124347 -0.02158692 15.57418 nan 0 0.0 0.03215367448708934 0.840405630639925 1.0
-0.06255288 0.03581583 -1.353066 -1.338821 0.5219919 0.4234713 0.3023346 18.53611 nan 0 0.0 0.072080763556467 1.9034782032891788 0.0
-0.02917093 0.06799623 -9.468568 -2.077443 1.054954 0.8892341 0.6015899 19.14799 1.623701 0 0.0 0.07398939418104328 9.693789217270664 0.0
0.0284738 0.03909626 0.6835696 -0.9328708 0.2834009 0.2336735 0.1407528 17.40062 1.848661 0 0.0 0.04836605041170511 1.1565099772750773 0.0
-0.06916347 0.02390265 0.4746765 -3.912412 0.5793131 0.4727465 0.2868725 18.50024 1.614075 0 0.0 0.07317733432876194 3.9411020587389323 0.0
-0.07158443 0.03186821 -0.7429749 -3.789395 0.3265559 0.2674824 0.4337969 17.1432 1.418732 0 0.0 0.07835759967628539 3.861544531409033 0.0
-0.06254705 0.02481043 0.8565146 -2.453555 0.2841855 0.2309105 0.3637692 17.17945 1.405302 0 0.0 0.06728811856849172 2.5987592035504483 0.0
-0.07187501 0.01305966 1.11214 -0.005868171 0.4255045 0.3475975 0.2974537 17.9263 nan 0 0.0 0.07305184311032611 1.1121554815001744 0.0
-0.04537433 0.06356225 -4.583929 -4.343336 0.1782913 0.1446125 0.1499662 16.39524 2.552073 1 0.0 0.0780960270949259 6.31482166699401 0.0
-0.03748961 0.05663753 -0.9264014 -7.606796 0.4776979 0.3870462 0.1777263 17.50084 nan 0 0.0 0.06792113560927114 7.662999735060544 0.0
0.01669469 0.04647232 -1.2951 -10.33338 1.224076 0.9258687 -0.1987775 18.84646 nan 0 0.0 0.04938004860648174 10.414222305789329 0.0
-0.03591679 0.03231933 -4.105449 -8.748455 0.2845591 0.27731 0.1022754 17.14983 1.936779 0 0.0 0.04831723186972738 9.663859290088302 0.0
-0.02021568 0.06068724 -4.069056 -7.321989 0.8063161 0.6470021 0.1860051 18.92628 1.730886 0 0.0 0.06396573158090198 8.376678318239097 0.0
-0.0649094 0.02684048 -0.261618 -5.08492 0.3978284 0.3286313 0.2781482 17.74917 1.595871 0 0.0 0.07023988592666136 5.091645645989517 0.0
0.001508964 0.07403085 -0.628855 -1.069204 1.13079 1.002655 0.1216768 19.41526 nan 0 0.0 0.0740462269401743 1.2404256546206227 0.0
-0.009559884 0.06632289 -4.522535 -7.069053 0.2293151 0.1829559 0.1571516 16.9476 nan 0 0.0 0.06700833619815938 8.391950496936573 0.0
0.02127711 0.02641201 -6.066335 -6.790328 0.4897653 0.3880408 0.1744227 17.93944 nan 0 0.0 0.033916215623093916 9.10543654526289 0.0
-0.05733154 0.02722778 -2.571901 -5.856069 0.2796698 0.2238468 0.1684323 17.31383 2.425066 0 0.0 0.06346855506863222 6.395953321168158 0.0
-0.02213725 0.05562098 -4.058305 -4.968788 0.7380621 0.6149202 0.3160841 18.86008 1.655422 0 0.0 0.0598644406448678 6.415504162727119 0.0
-0.0365478 0.03060252 -1.741088 -7.719698 0.2345922 0.2278091 0.1445299 16.99622 2.301895 0 0.0 0.0476681855663754 7.913603770403721 0.0
-0.06171629 0.06384475 -4.931992 -7.709248 0.3068969 0.2470205 0.1498373 17.41599 2.323009 0 0.0 0.08879781840747328 9.151887773217501 0.0
-0.08927683 0.04449233 -5.004328 -10.44336 0.4669182 0.3866177 0.3745013 18.25928 nan 0 0.0 0.09974928472765004 11.580460561704099 0.0
-0.01197377 0.03556477 -6.148982 -9.306043 0.382448 0.3118496 0.3713892 18.00523 2.323759 0 0.0 0.03752631121181244 11.154031376779116 0.0
-0.00675697 0.04193382 -8.49399 -13.48156 1.09355 0.8589107 0.2893659 19.23615 nan 0 0.0 0.042474720756860776 15.934250096998603 0.0
0.01570286 0.02215377 0.5519903 0.1003282 0.2041782 0.1637744 0.3240459 16.48467 2.010652 0 0.0 0.027154545427837674 0.5610339018360032 1.0
0.03221276 0.05545653 -5.017353 -4.692879 0.8439255 0.7730312 0.4514408 19.03042 nan 0 0.0 0.06413336593738472 6.870003234005789 0.0
-0.07339346 0.02674014 1.724429 -2.192458 0.2134765 0.1741814 0.2095787 17.05641 1.51758 0 0.0 0.0781129634439201 2.789359685986194 0.0
0.01521008 0.03324125 0.1120372 -9.80389 0.4411014 0.3585586 0.2265888 16.95871 1.942592 0 0.0 0.036555809868869 9.804530150205254 0.0
0.02086888 0.04688365 -1.332954 -1.396625 0.4961877 0.4112725 0.2393685 18.13442 1.706957 0 0.0 0.051318483899827946 1.9306288500747626 0.0
-0.03482477 0.05367814 -0.6145263 -3.698285 0.2914745 0.2357121 0.1974727 17.55039 nan 0 0.0 0.06398521172437034 3.7489938002905108 0.0
0.01326063 0.03390715 -0.1339888 -1.232803 0.3786893 0.3064106 0.33819 17.78255 1.681564 0 0.0 0.036407954201237394 1.2400629965184995 0.0
0.006312762 0.01706203 -0.2663057 -0.724732 0.2381944 0.1896094 0.1037915 17.07745 1.899022 0 0.0 0.018192411379186212 0.7721108713627144 1.0
-0.07051267 0.03036014 1.211843 -5.493383 1.464184 1.149882 0.07212872 18.98463 nan 0 0.0 0.07677092373645442 5.625461780275287 0.0
-0.0705652 0.02636421 -4.813539 -7.041809 1.312327 0.9960468 0.1599523 19.2852 1.476423 0 0.0 0.07532940342232972 8.52978497366739 0.0
-0.08973344 0.03102801 0.002678202 1.006328 0.4528502 0.3821891 0.4330961 18.21833 1.802294 0 0.0 0.09494644626732324 1.0063315638247428 0.0
0.01353506 0.03259868 -2.407109 0.7119225 1.337413 0.9471687 -0.1060628 19.22216 1.693201 0 0.0 0.03529690902821379 2.510180747254518 0.0
0.03108764 0.05880995 -2.814961 -9.603643 0.930309 0.7737655 0.1658372 18.74323 1.899458 0 0.0 0.06652106117442881 10.007695254301561 0.0
-0.006839698 0.04793815 -2.409494 -7.064755 0.7984681 0.6551664 0.4022477 19.0434 nan 0 0.0 0.048423627436962054 7.464343544214789 0.0
-0.02685271 0.01936131 0.1206643 -1.000734 0.1243669 0.1005632 0.1317944 15.06398 2.39631 1 0.9489646 0.03310480870296942 1.007982347092691 0.0
0.02592447 0.05917359 11.58247 -11.26804 1.70568 1.396529 0.06728598 18.7333 nan 0 0.0 0.06460334277937171 16.15928020496272 0.0
0.02215665 0.03135188 -0.8698894 -1.417411 0.4999961 0.402045 0.1992812 18.25806 1.864407 0 0.0 0.03839085201915816 1.6630578796762787 0.0
-0.08200626 0.0143615 -7.972756 -3.527506 0.5740062 0.4907533 0.4447965 18.62556 1.939739 0 0.0 0.08325430536277148 8.71826455296993 0.0
0.02674516 0.04490263 -0.1372413 -0.6093958 0.145837 0.1261234 0.1879609 15.95954 2.009928 1 0.9722649 0.05226423025686401 0.6246586391648883 0.0
-0.03988328 0.06949036 -1.774248 -6.661138 0.5108675 0.4130645 0.2504027 18.35402 2.0847 0 0.0 0.08012231996446434 6.893382001640995 0.0
0.02040405 0.05852427 2.090041 -4.964344 0.2074298 0.1762165 0.2676206 16.90198 2.167993 0 0.0 0.06197915323264267 5.386370088660544 0.0
0.0295152 0.03085054 2.040471 1.206 0.6305429 0.5473335 0.6869863 17.95137 nan 0 0.0 0.0426954663791321 2.370223175534532 0.0
0.02141618 0.03624627 -1.558672 -8.629739 0.4171514 0.3302156 -0.02949593 17.78462 nan 0 0.0 0.042100413949334274 8.7693701947007 0.0
-0.006261902 0.02714046 -0.08557185 -0.4793481 0.1289874 0.1017583 0.298708 14.67869 2.701837 1 0.9912862 0.027853473493788958 0.4869262187293189 1.0
-0.04959021 0.03076561 -2.904838 -3.549415 0.513478 0.4136066 0.3542968 18.03884 1.933987 0 0.0 0.05835847570418714 4.586548882162819 0.0
-0.0279629 0.07003166 -3.075208 -2.635622 1.121955 0.8935386 0.337309 19.14674 1.678156 0 0.0 0.07540793843333472 4.05011204414742 0.0
-0.02965514 0.02738485 -4.652767 -8.628299 0.2760532 0.2652734 0.1358647 17.57361 2.031564 0 0.0 0.040365298685159014 9.802845729158957 0.0
-0.02400276 0.04574246 0.2426704 0.08136548 0.1580051 0.1447354 0.08325394 16.00199 2.114317 1 0.9692512 0.05165757577034757 0.25594777664943763 0.0
0.004281207 0.01906102 3.742494 1.489512 0.4829109 0.3864047 0.2112805 18.03421 nan 0 0.0 0.0195358955980331 4.028015310072692 0.0
0.01587456 0.07404124 -1.849959 -5.880268 0.2632428 0.2151697 0.3367454 16.77968 2.611667 0 0.0 0.07572388576883254 6.164405896232418 0.0
0.000684623 0.0203867 0.4186775 -0.07045856 0.29981 0.2470904 0.4611466 16.55731 2.271811 0 0.0 0.020398192212598865 0.42456478620291105 1.0
0.02377632 0.02965974 -10.23521 -7.463209 1.91332 1.411792 0.08179048 19.51707 nan 0 0.0 0.03801333410278557 12.667241701403704 0.0
-0.03468758 0.05411497 -4.854883 -11.99235 0.2913318 0.2379038 0.215366 17.32591 2.256315 0 0.0 0.06427797588877002 12.937787580038133 0.0
0.03427159 0.05227259 3.274581 -0.3753036 0.8305786 0.6873815 0.3711191 18.64531 1.828728 0 0.0 0.06250572410936618 3.296017827277935 0.0
-0.03314625 0.04199612 -1.46789 -3.014248 0.8551518 0.7111692 0.4053884 18.98176 1.112526 0 0.0 0.053500915731573236 3.352669392827751 0.0
-0.02186008 0.04190529 -3.221855 -2.212954 0.4466796 0.3664299 0.2909389 18.16634 nan 0 0.0 0.04726432510457015 3.908646191092384 0.0
-0.007936551 0.02395318 -4.277795 -2.86771 1.098855 0.8318387 0.3398354 18.93386 nan 0 0.0 0.025233780412138033 5.1500767670127985 0.0
-0.04184945 0.03721545 -3.244293 -4.135828 0.4001088 0.3418998 0.4253449 17.05439 2.239249 0 0.0 0.056003269404607085 5.256473182223324 0.0
-0.08100482 0.03528199 -4.440028 -7.683053 0.2780025 0.2264504 0.1783475 17.08834 nan 0 0.0 0.08835496410271752 8.873733827515506 0.0
-0.08135662 0.02779159 2.510076 -0.537996 0.4654756 0.3889871 0.3777834 17.94827 1.633692 0 0.0 0.08597250777168537 2.5670841867363836 0.0
-0.007389354 0.05471492 -1.604538 -1.000193 0.9602766 0.8007908 0.4576532 19.1439 1.728527 0 0.0 0.055211638475449326 1.8907480611369143 0.0
0.005241765 0.01088799 0.8778214 0.2154286 0.3767209 0.3009972 0.3482966 17.53159 nan 0 0.0 0.01208405670937227 0.9038693998559305 0.0
-0.06707064 0.01303197 3.412852 -8.527949 1.203712 1.035084 0.4266917 18.28904 1.832438 0 0.0 0.06832498073245613 9.185503411381708 0.0
-0.00447714 0.02525417 -0.189222 -0.9402823 0.4440586 0.3568672 0.289498 16.61385 2.021823 0 0.0 0.025647960639561578 0.9591328213429514 1.0
0.0164448 0.02680378 -0.3886366 -0.5696964 0.1585373 0.129487 0.1798928 16.11312 2.209083 1 0.9544434 0.0314463681420987 0.6896320722185998 1.0
0.00620488 0.05390628 1.375375 -10.12112 1.316566 1.048968 0.1284784 18.81878 1.714907 0 0.0 0.054262211153368975 10.214143451363164 0.0
0.02054333 0.0698558 -0.2830062 -2.520062 0.4045281 0.3343011 0.3346099 18.19788 1.548925 0 0.0 0.07281388055260411 2.5359031907946408 0.0
-0.09283168 0.02533218 -2.446414 -7.730368 0.2610255 0.2282225 0.2876925 17.54126 2.085858 0 0.0 0.09622598482309651 8.10823845695352 0.0
-0.0666619 0.06713224 0.0403884 -10.00637 0.9028097 0.7287562 0.1889158 18.77031 2.372408 0 0.0 0.09460732825224269 10.00645150888938 0.0
-0.03234613 0.02820431 -2.439865 -2.050322 0.4851308 0.4057791 0.4693315 17.10216 2.11983 0 0.0 0.04291567579047311 3.1869674491448765 0.0
0.01435974 0.04032716 -1.522082 -5.091546 0.3558885 0.3129563 0.4817496 17.71563 2.18198 0 0.0 0.042807498952090156 5.314186135697544 0.0
-0.003077752 0.05922599 -2.017826 -4.809707 0.5248815 0.4189807 0.211754 18.23896 1.777834 0 0.0 0.059305905682769944 5.215831975066394 0.0
0.017684 0.05116426 -4.815829 -3.35541 0.2972508 0.2555307 0.2375085 17.05942 2.150302 0 0.0 0.05413414225188758 5.869496164522215 0.0
-0.04088845 0.03741796 -3.81662 -3.524883 0.1811653 0.1546393 0.3160313 16.50738 2.361372 0 0.0 0.05542534685470268 5.1953237038791915 0.0
-0.09083295 0.03260264 -5.162725 -4.88459 0.269117 0.2298898 0.2944473 17.22535 2.346017 0 0.0 0.09650677147574724 7.107246224363203 0.0
-0.02073696 0.05757817 -1.303383 0.5008756 1.070031 0.8635807 0.120252 19.15236 nan 0 0.0 0.06119858797873118 1.39631071447739 0.0
0.007465508 0.01166988 0.3752939 -0.7927988 0.1370333 0.1103273 0.1278478 14.98422 2.455415 0 0.0 0.01385351612091544 0.8771404953932124 1.0
-0.05390176 0.03229341 -2.50369 -2.920666 0.2958926 0.2436226 0.2504211 17.40315 2.10536 0 0.0 0.06283521353927032 3.8469148027550597 0.0
0.01394895 0.04967893 -0.548029 -2.65629 0.4247254 0.3350202 0.1677226 18.01168 1.59226 0 0.0 0.051600090039140435 2.7122338300635143 0.0
-0.01900854 0.06877268 -0.3036506 -2.474766 0.383576 0.3157649 0.318099 17.94361 2.27446 0 0.0 0.07135128665493007 2.4933251776766623 0.0
-0.06253691 0.05752528 0.04221939 0.4144082 0.2978123 0.2479334 0.3676715 17.48051 1.609049 0 0.0 0.08497071820001582 0.4165532776479044 0.0
-0.05380232 0.05513967 -6.076174 -5.142514 0.9805122 0.825193 0.5009287 17.73509 2.045101 0 0.0 0.07703942396650756 7.960234966285355 0.0
-0.03912247 0.01147099 -3.335626 -7.991831 0.5633672 0.4503067 0.1551686 17.33371 2.381342 0 0.0 0.04076948945573147 8.66000944251431 0.0
0.02397336 0.05352635 -5.695937 -7.463536 0.710288 0.5875368 0.3834916 18.53619 nan 0 0.0 0.05864974112485152 9.38872024992038 0.0
0.03484451 0.03941308 -1.166814 -3.516607 0.8226412 0.6932276 0.2311405 18.95333 nan 0 0.0 0.052607326031898834 3.7051288375770417 0.0
-0.08694444 0.04691068 -0.7080251 -3.430085 0.5508982 0.477262 0.5219492 18.46852 1.787867 0 0.0 0.09879244680124083 3.5023967007543577 0.0
-0.09067259 0.03831527 -3.077446 -4.381774 1.170329 0.9229131 0.3165759 19.53306 nan 0 0.0 0.09843565661121481 5.354495052756329 0.0
-0.007086115 0.03563383 -3.51502 -6.656555 0.2659837 0.2169037 0.2132408 16.99959 2.376584 0 0.0 0.036331568453097714 7.5276218069470655 0.0
-0.02397214 0.03018232 -1.73172 -3.460417 0.5363238 0.4392076 0.3054372 18.5833 1.827297 0 0.0 0.038543948121099375 3.8695400207633206 0.0
-0.06822948 0.02306396 -2.021509 -8.656624 0.1940998 0.157787 0.1635598 16.67714 2.462331 0 0.0 0.072022275664908 8.889524043190221 0.0
-0.04495336 0.0399132 -5.936524 -8.37012 0.3653886 0.3166934 0.3988799 17.30618 2.002885 0 0.0 0.06011545649439585 10.261638563941725 0.0
0.007465385 0.009728203 0.4720718 1.247978 0.5852693 0.4366504 -0.02964463 18.00368 nan 0 0.0 0.012262540797381021 1.334279158511906 0.0
-0.04658548 0.07037291 -1.93442 -4.809114 0.3925914 0.3364926 0.8906286 12.53123 2.60825 1 0.0 0.08439522148023844 5.183585458097127 0.0
-0.08184585 0.02059292 -8.991592 -5.91321 1.32778 1.019991 0.8765954 18.79033 nan 0 0.0 0.0843967506267208 10.76172751924913 0.0
-0.02576564 0.07041363 -3.943196 -2.068396 0.162008 0.1363955 0.2138833 15.07945 2.842441 1 0.0 0.07497964720100049 4.4527583257158705 0.0
0.02471414 0.05006436 -7.875196 -7.846991 0.9638471 0.8299276 0.2693968 19.2086 nan 0 0.0 0.05583214896588882 11.117282932106074 0.0
-0.04679019 0.03240326 0.6227317 -0.7663076 0.2237749 0.1842731 0.3066586 17.0984 2.002718 1 0.9418593 0.056914788402169264 0.987432077665421 0.0
-0.08819595 0.03121609 3.234215 0.9125781 0.1948149 0.1589827 0.2141503 16.62748 1.388661 1 0.0 0.09355730795234865 3.360497798663854 0.0
-0.04500911 0.04209519 -3.849822 -4.15639 0.2672851 0.2189616 0.2070116 17.14217 2.069604 0 0.0 0.061626495958542055 5.665395596406663 0.0
-0.0646539 0.06169169 -4.619578 -6.502349 1.506392 1.257528 0.4001811 19.7433 1.482586 0 0.0 0.08936437433488861 7.976280048737318 0.0
-0.008294871 0.04376287 -6.730246 -5.556337 1.072787 0.8264443 0.2660641 19.23214 nan 0 0.0 0.04454204390846407 8.727490594557235 0.0
0.0207876 0.05313786 0.3460185 -0.7227388 0.2009172 0.1790478 0.3630179 15.81167 1.994367 0 0.0 0.05705923658041352 0.8012990548900517 0.0
-0.02403642 0.07627527 -10.16048 -9.793278 2.15118 1.679892 -0.04024572 19.31772 nan 0 0.0 0.07997290978818578 14.111826523015509 0.0
