jas1101finalproject/data/gcs/NGC_6139.ecsv
# %ECSV 0.9
# ---
# datatype:
# - {name: x, unit: deg, datatype: float64}
# - {name: y, unit: deg, datatype: float64}
# - {name: pmx, unit: mas / yr, datatype: float64}
# - {name: pmy, unit: mas / yr, datatype: float64}
# - {name: pmx_e, unit: mas / yr, datatype: float64}
# - {name: pmy_e, unit: mas / yr, datatype: float64}
# - {name: pm_corr, datatype: float64}
# - {name: g_mag, unit: mag, datatype: float64}
# - {name: bp_rp, unit: mag, datatype: float64}
# - {name: filter, datatype: int64}
# - {name: memberprob, datatype: float64}
# - {name: r, unit: deg, datatype: float64}
# - {name: pm, unit: mas / yr, datatype: float64}
# - {name: member_prob_GMM, datatype: float64}
# meta: !!omap
# - comments: [deg deg mas/yr mas/yr mas/yr mas/yr dimless mag   mag   zeroone float]
# - __serialized_columns__:
#     bp_rp:
#       __class__: astropy.units.quantity.Quantity
#       unit: &id001 !astropy.units.Unit {unit: mag}
#       value: !astropy.table.SerializedColumn {name: bp_rp}
#     g_mag:
#       __class__: astropy.units.quantity.Quantity
#       unit: *id001
#       value: !astropy.table.SerializedColumn {name: g_mag}
#     pm:
#       __class__: astropy.units.quantity.Quantity
#       unit: !astropy.units.Unit {unit: mas / yr}
#       value: !astropy.table.SerializedColumn {name: pm}
#     pmx:
#       __class__: astropy.units.quantity.Quantity
#       unit: !astropy.units.Unit {unit: mas / yr}
#       value: !astropy.table.SerializedColumn {name: pmx}
#     pmx_e:
#       __class__: astropy.units.quantity.Quantity
#       unit: !astropy.units.Unit {unit: mas / yr}
#       value: !astropy.table.SerializedColumn {name: pmx_e}
#     pmy:
#       __class__: astropy.units.quantity.Quantity
#       unit: !astropy.units.Unit {unit: mas / yr}
#       value: !astropy.table.SerializedColumn {name: pmy}
#     pmy_e:
#       __class__: astropy.units.quantity.Quantity
#       unit: !astropy.units.Unit {unit: mas / yr}
#       value: !astropy.table.SerializedColumn {name: pmy_e}
#     r:
#       __class__: astropy.units.quantity.Quantity
#       unit: &id002 !astropy.units.Unit {unit: deg}
#       value: !astropy.table.SerializedColumn {name: r}
#     x:
#       __class__: astropy.units.quantity.Quantity
#       unit: *id002
#       value: !astropy.table.SerializedColumn {name: x}
#     y:
#       __class__: astropy.units.quantity.Quantity
#       unit: *id002
#       value: !astropy.table.SerializedColumn {name: y}
# schema: astropy-2.0
x y pmx pmy pmx_e pmy_e pm_corr g_mag bp_rp filter memberprob r pm member_prob_GMM
[from data line 1280]
0.01788738 0.05896195 0.9958781 -2.638503 2.607942 1.782603 0.1120167 20.08674 1.873924 0 0.0 0.06161550057466789 2.820189935282482 0.0
0.04356887 0.06427999 -13.98212 0.515118 3.364123 2.15341 0.2836013 20.49877 1.266333 0 0.0 0.07765412769117298 13.99160556363436 0.0
-0.04453256 0.10095 -1.53077 -1.456578 0.5087204 0.3644343 0.002821532 18.55768 1.899315 1 0.0 0.11033608385362242 2.1130253815285798 0.0
-0.02343273 0.1006664 -1.883247 -0.5153553 0.3367411 0.2536808 0.2779178 17.89032 1.890026 1 0.0 0.10335771342387999 1.9524882453543964 0.0
0.026015 0.07076592 -1.422158 0.8353298 0.2485517 0.1762763 0.2514185 16.44716 1.815175 0 0.0 0.07539625758912971 1.6493360032849704 0.0
-0.04489917 0.1162048 -1.616502 -1.642312 4.319566 2.905238 0.1548042 20.81697 0.9290886 0 0.0 0.12457724916584448 2.3044017491201485 0.0
-0.01805619 0.1105518 -3.6198 -7.021995 1.722809 1.083607 0.5914459 19.93172 1.778419 1 0.0 0.11201663483856361 7.900086443832435 0.0
0.04990142 0.02003298 -6.228366 -5.021793 2.755382 1.852764 0.03093628 20.203 nan 0 0.0 0.05377240933505584 8.000684218540624 0.0
0.04796105 0.1043276 -5.600246 -4.940591 0.7016566 0.4645652 0.4117106 19.00561 1.57757 0 0.0 0.11482382348129024 7.468078379998231 0.0
0.03378068 0.01614002 -17.27011 -3.855209 3.589988 2.756072 -0.168602 20.42561 1.885752 0 0.0 0.037438410581417586 17.695178321954852 0.0
0.05455504 0.0586343 -8.751503 -5.571717 0.2192533 0.1381307 0.4227735 16.66716 2.078061 1 0.0 0.08008891013050183 10.374624575718293 0.0
0.04639304 -0.01899664 1.86132 -0.5769016 1.372161 0.906081 0.5152324 19.61448 1.857401 0 0.0 0.05013169149082445 1.9486732918790057 0.0
0.0615777 0.009949214 -0.1995497 -0.3340811 3.206887 2.003768 0.2797841 20.38468 1.433517 0 0.0 0.0623762775140341 0.38914041700561 0.0
0.01740856 0.04636975 -3.807342 -3.680978 0.4505262 0.3187402 0.316573 18.36315 1.770504 1 0.0 0.04952990688802171 5.295795704277875 0.0
-0.0320305 0.1131027 1.941744 -2.464837 3.77173 2.595593 -0.06971619 20.55479 1.902216 0 0.0 0.1175507281029769 3.1378003757576742 0.0
0.03933343 0.040906 -4.505522 -4.17093 0.09504851 0.06580745 0.2463945 14.4974 2.218069 1 0.0 0.05674874052844609 6.13973823199198 0.0
-0.002916094 0.09799989 -2.988713 -1.298068 0.4515211 0.3235585 0.2832556 18.46186 1.425425 1 0.0 0.09804326618503148 3.258433048106559 0.0
0.03937675 0.09783648 -2.477595 -4.816064 2.655455 1.895211 -0.03270486 20.4735 2.352491 0 0.0 0.10546328868072008 5.415990162114495 0.0
0.03831493 0.004315977 -8.472868 -4.014448 2.86888 1.76977 0.4857198 20.29115 1.28196 0 0.0 0.03855724988078674 9.375781828206541 0.0
0.07780159 0.03199373 -4.587982 0.3021809 1.631852 1.022815 0.4168355 20.0092 1.628468 1 0.05903858 0.0841230418247046 4.597922588370623 0.0
0.002890408 0.07965122 -8.024033 -10.55196 3.070759 2.222159 -0.2457561 20.49038 1.771496 0 0.0 0.079703646754053 13.256280225866115 0.0
0.0546856 0.1048492 -5.745415 -0.4153514 1.044235 0.6442671 0.6258175 19.17707 2.108686 1 0.002155635 0.11825341258500746 5.760408866365908 0.0
0.007651473 0.1006584 -5.134982 -11.53944 2.690088 2.253205 -0.1905983 20.47269 1.415087 0 0.0 0.10094879162045342 12.630388578896694 0.0
-0.006648988 0.05793391 -3.610657 -6.071411 0.2167053 0.1545975 0.2533428 16.9533 2.216626 1 0.0 0.05831420898299353 7.063913610922064 0.0
0.04086558 0.07937253 -6.103709 -4.894765 3.165825 2.006265 0.641196 20.44603 1.861248 0 0.0 0.08927482370375928 7.823936858251478 0.0
0.02959057 0.001516337 -6.403168 -2.617475 0.3034916 0.2175399 0.2304583 17.7638 1.943701 1 0.9888106 0.029629396059023358 6.917494908697006 0.0
0.01796483 0.08313183 -7.419769 -8.001151 2.132053 1.441997 0.4027374 20.20706 nan 0 0.0 0.0850507864518477 10.911983748987257 0.0
-0.00374718 0.06144746 -5.636462 -2.959852 1.368803 0.8451237 0.4239733 19.73385 1.678995 0 0.0 0.06156160896536087 6.366351210807333 0.0
0.03345521 0.1078569 -5.041312 -6.968545 1.018445 0.7631616 0.1020812 18.61477 1.787895 0 0.0 0.11292635632904349 8.600897982092858 0.0
0.03937289 0.004761719 -3.021601 -4.141458 1.575205 0.9673641 0.379552 19.78349 1.825008 0 0.0 0.03965978359480875 5.126572633735428 0.0
-0.009835989 0.05479405 -6.060156 -2.514321 0.2139582 0.1528354 0.1832454 16.88406 2.196177 1 0.9838587 0.05566987151961661 6.561044187884806 0.0
0.006928617 0.1323852 -4.537216 -6.884396 1.153298 0.8449321 0.2251784 16.48393 2.060144 0 0.0 0.13256638681269356 8.245073517893701 0.0
0.03076585 -0.001345184 -9.061079 -1.7472 1.187349 0.8460422 0.1937113 18.70261 1.229712 0 0.0 0.03079524388954171 9.227993307552893 0.0
0.03732642 0.04566401 -1.850743 -0.243222 0.6486981 0.4478656 0.314578 18.88413 1.62989 0 0.0 0.0589784998054079 1.8666565279485672 0.0
0.001307439 0.04347652 -5.683356 -1.847512 0.7950727 0.5108559 0.3994962 19.08695 1.531771 0 0.0 0.043496174407057005 5.976105421834524 0.0
0.0130306 0.03603286 -1.245002 -10.5112 2.117919 1.214284 0.6494059 19.65342 1.444992 0 0.0 0.038316622191153546 10.584675499041245 0.0
0.05499755 0.01560036 -6.632804 -1.324371 1.784926 1.122456 0.377609 19.88108 1.717804 0 0.0 0.05716731354657222 6.76373029090139 0.0
0.07657958 0.04544568 -6.338167 -4.011302 0.5898623 0.4112394 0.3311292 18.81837 1.962097 1 0.04731192 0.08904909827527059 7.500860261002933 0.0
0.004375436 0.04541044 -5.6038 -0.9159054 1.374307 0.8367628 0.5390148 19.39828 1.636215 0 0.0 0.045620746390032864 5.678156139254111 0.0
0.04782665 0.01049766 -5.02662 -1.209374 1.002833 0.6171463 0.3656626 19.42221 1.71879 0 0.0 0.04896518473056239 5.170057455800274 0.0
0.05841108 0.1053231 -6.732312 -6.628055 0.6769904 0.476116 0.3507023 18.82951 1.650774 0 0.0 0.1204359151597911 9.44749373899602 0.0
0.06645109 0.02309028 -6.215912 -1.578451 1.635612 1.005699 0.2416009 19.98723 1.498663 0 0.0 0.07034847825409232 6.413194956583263 0.0
0.09428921 0.09302804 -1.497275 -2.554727 1.19921 0.6844156 0.610881 19.21766 1.750959 0 0.0 0.13245629976964365 2.9611589741440767 0.0
0.06254816 0.113689 -8.111998 0.2851577 1.021408 0.635485 0.5195913 19.26316 1.556072 1 0.0 0.12975924260100166 8.117008467771441 0.0
0.03225166 -0.0005218677 -1.405285 -6.498545 1.7259 1.140111 0.4348396 20.10617 1.602476 0 0.0 0.032255881923331495 6.6487527438046605 0.0
0.008267364 0.07530968 -1.272444 -3.620721 1.215295 0.7372029 0.464918 19.48657 1.815109 0 0.0 0.07576210932392852 3.8378033160881238 0.0
0.07333122 0.07816013 1.905184 -0.7896786 1.895285 1.157913 0.7931495 19.53413 1.625025 0 0.0 0.10717496791837774 2.0623574775372866 0.0
0.07314908 0.02822211 -3.937099 -4.433662 1.634936 1.075006 0.3653887 20.01268 1.343557 0 0.0 0.07840456235257297 5.929427229171887 0.0
0.0485824 0.1079855 -3.437604 0.6370713 2.782439 1.676712 0.2579157 20.36614 nan 0 0.0 0.11841080102765118 3.4961380267517597 0.0
0.008900599 0.09720594 -10.35106 -1.358041 2.897929 1.983811 -0.01926463 20.52432 1.067142 0 0.0 0.09761257825630057 10.439766208171571 0.0
0.01759875 0.09427082 -3.635152 -2.420995 1.226252 0.7333283 0.4386522 19.19834 1.810785 0 0.0 0.09589944475874145 4.367556164851117 0.0
-0.003604013 0.05275378 -4.27522 -2.036316 1.493114 0.9058003 0.4284045 19.53657 1.482819 0 0.0 0.05287674549357751 4.7354079972327625 1.0
-0.01657102 0.07053223 -8.622013 -8.104368 2.942041 1.955404 0.1751035 20.35566 1.932123 0 0.0 0.07245270300418957 11.832999993729105 0.0
0.01058669 0.07224999 4.522707 -13.36687 0.6269037 0.4394658 0.3687073 18.92129 1.9841 1 0.0 0.07302149724674371 14.111275357130163 0.0
0.04788382 0.06018405 -4.724262 -7.521643 0.7807032 0.5064144 0.4916155 18.9529 1.836817 1 0.0 0.07690890775583085 8.882216213541135 0.0
0.03507465 -0.0113188 -2.66883 -5.115477 0.9008346 0.605736 0.2626039 19.08268 nan 0 0.0 0.03685574997286719 5.769814425649147 0.0
0.008912115 0.0941313 -3.790738 -4.127151 0.5245645 0.3770057 0.2641643 18.53471 2.179724 1 0.0 0.09455224710953847 5.603844212810078 0.0
-0.043008 0.09881857 -6.486846 -6.478394 1.17101 0.7970769 0.2140839 19.15862 2.542427 0 0.0 0.10777197149929521 9.167811071730917 0.0
0.0925225 0.05201854 3.052181 -7.662382 3.5542 2.152349 0.1802457 20.63781 1.579296 0 0.0 0.10614302384039 8.24790317418221 0.0
0.05594365 0.1004041 -9.705854 -6.704339 4.060646 2.846021 0.1074834 20.62063 1.574152 0 0.0 0.11493770170023629 11.796260564104076 0.0
0.03359945 0.00992978 -11.78155 -6.309415 1.730506 1.096361 0.3010454 19.79009 1.900101 0 0.0 0.03503603246874424 13.364641336179771 0.0
0.03905696 0.01377984 -9.351189 -2.360662 1.989625 1.255016 0.3758442 20.04027 nan 0 0.0 0.041416543975411564 9.644556018395301 0.0
0.04184907 0.1132045 -4.065487 -1.032397 2.392578 1.615631 0.08984544 20.32226 1.910707 1 0.07338582 0.12069218483445769 4.194523585912708 0.0
-0.05257347 0.1118393 -4.54812 -5.507404 0.2083837 0.1452354 -0.007234051 16.73924 2.205713 1 0.0 0.12357992867909781 7.142611171946573 0.0
-0.01383065 0.1091909 -4.282127 -3.066899 0.6693007 0.5041632 0.266301 18.92109 1.846842 1 0.01644728 0.11006334322667334 5.267113167602344 0.0
0.03153071 0.008389589 -6.037539 -4.961624 1.691437 0.9966638 0.2830221 19.8601 1.489418 0 0.0 0.03262776236110931 7.814703442479247 0.0
0.03191952 0.02731413 -7.501771 -3.855619 1.385904 0.8652985 0.3303418 19.65536 nan 0 0.0 0.04201092065983915 8.434593411042526 0.0
0.002783085 0.07323873 -4.718623 -10.08199 2.445048 1.515859 0.7102007 20.2013 1.71245 1 0.0 0.07329158979125863 11.131573355830207 0.0
0.05479574 0.0005019375 -6.323142 -2.745585 0.1686292 0.1282522 0.2230947 16.099 2.021242 1 0.9882335 0.054798038864557065 6.893501413968739 0.0
0.06793961 0.08817142 -9.14166 -3.30111 2.673871 1.953618 -0.08577574 20.53135 1.238884 0 0.0 0.11131033155897299 9.71942769856847 0.0
0.04281447 0.01631064 -9.212396 -2.694204 1.577609 0.9472248 0.3497191 19.89907 1.49346 0 0.0 0.04581610872379386 9.598279807050428 0.0
0.06291214 0.09450462 -8.468003 -4.063484 2.981542 2.037771 0.09048574 20.60456 1.542067 0 0.0 0.11352999850578702 9.392495782605653 0.0
0.02728341 0.09034245 -0.9927232 -1.565155 1.108746 0.6716981 0.4017337 19.33287 1.877054 1 0.000162239 0.09437236212594553 1.8534318238994496 0.0
0.03818753 0.05486078 -10.56428 -3.028332 2.10548 1.317488 0.6565627 20.07127 1.438721 0 0.0 0.06684304473697544 10.989759170274114 0.0
0.01780193 0.05019961 -4.483469 -2.755025 0.4856443 0.3397153 0.3173374 18.52808 1.682695 1 0.06121364 0.053262646910165856 5.262286292533503 0.0
0.01301893 0.03722305 -5.754459 -2.997991 1.917958 1.122617 0.6793151 19.69113 1.66065 0 0.0 0.03943409679005467 6.488586010739319 0.0
0.005852568 0.07719056 -5.833068 -4.286937 2.946796 2.194546 -0.03571262 20.5202 0.5457592 0 0.0 0.0774121121356873 7.238957876282538 0.0
0.07502997 0.09842965 -3.904203 -1.270941 2.577068 1.461768 0.6179004 19.97277 nan 0 0.0 0.12376547336524593 4.105860700351389 0.0
0.05365426 0.03119587 -7.224973 -0.6137045 2.121637 1.342912 0.3986405 20.26355 1.447845 0 0.0 0.06206417582796456 7.250990833261979 0.0
0.01111847 0.04964021 1.180646 -5.274307 0.4831223 0.3424253 0.3112977 18.30456 1.630745 1 0.0 0.050870136858327794 5.4048348085362425 0.0
0.03974636 0.01378709 -6.048061 -2.153664 1.050226 0.6294734 0.3844167 19.18918 1.782751 0 0.0 0.04206966821734752 6.420070909625298 0.0
0.0737414 0.03767051 -5.90536 -5.094641 1.336751 0.8099575 0.4161649 19.57601 1.523342 0 0.0 0.08280616763031665 7.799271994774961 0.0
0.04997839 0.1129551 0.697723 -5.509931 2.408091 1.733543 -0.0138388 20.41295 1.738911 0 0.0 0.12351799092845583 5.553931671301871 0.0
0.03236616 -0.01005866 -4.175023 -1.555032 0.5146912 0.378005 0.1088075 18.28744 1.814859 0 0.0 0.0338931402224875 4.455215098236336 0.0
0.001997131 0.04396097 8.145576 3.512682 1.306958 0.7903121 0.453364 19.58679 2.313438 0 0.0 0.04400631108797988 8.870701393063571 0.0
0.07401423 0.05995569 7.630335 -9.906215 3.223344 2.468019 -0.2239929 20.78282 1.869328 0 0.0 0.09525119949832128 12.50420360672562 0.0
0.03336554 0.09424993 -6.907686 -4.317491 1.827226 1.150131 0.5142185 20.0522 1.822767 1 0.1824929 0.09998154111883102 8.145971667620566 0.0
0.07539196 0.05811556 -8.230146 -7.893631 2.755264 1.843084 0.1926421 20.3573 1.418661 0 0.0 0.0951912072974978 11.403714901095915 0.0
0.06565821 0.01409214 -4.665574 -6.792495 2.979056 1.772234 0.574254 20.47734 1.521029 0 0.0 0.06715347310589155 8.240483546158016 0.0
0.08010711 0.08405416 -6.983462 -6.097166 1.064122 0.6239587 0.681716 19.06607 1.4515 0 0.0 0.11611309523846869 9.270608110420804 0.0
0.03326437 0.05594663 -1.41991 -6.042441 0.4858179 0.3427149 0.3015925 18.57194 1.837454 1 0.0 0.06508873727346229 6.207031307040508 0.0
0.06776646 0.06872808 -9.443704 -5.66876 2.656913 1.71907 0.2199899 20.32704 1.379971 0 0.0 0.09651861002634672 11.014462545999056 0.0
0.004795366 0.1009676 -1.549029 -6.945113 3.007903 2.00009 0.07068611 20.52134 1.470331 0 0.0 0.10108141166818929 7.115763165368139 0.0
0.04595501 0.001786122 -3.878985 -7.723619 1.406404 0.9610112 0.3461555 19.96995 1.897909 1 0.0 0.04598970728216243 8.642963327897787 0.0
0.0731994 0.1004343 -1.478007 2.538383 0.9815143 0.6131301 0.4718518 19.14661 1.737932 1 0.0 0.12427872214039698 2.9373275177851723 0.0
0.006883245 0.03238306 -6.453611 -2.109338 1.176688 0.7031356 0.7119462 18.95463 1.028547 0 0.0 0.03310651954968424 6.7895803800798324 0.0
0.05009379 0.006250339 -8.273826 -1.771251 2.654001 1.919344 -0.1789207 20.36655 1.463947 0 0.0 0.05048221998069242 8.461295809938155 0.0
0.09956688 0.05492347 -22.48003 -13.09085 1.457288 0.848102 0.3650506 19.20151 2.328577 0 0.0 0.11371082248306578 26.013882880558217 0.0
0.02398772 0.05579395 -1.893262 -1.824068 0.5111797 0.3642713 0.3070722 18.56369 1.637659 0 0.0 0.06073199788744727 2.6290045776430286 0.0
0.02129965 0.05498609 -2.074619 0.543999 0.1104603 0.07828301 0.1572961 15.36084 2.086946 1 0.0 0.05896732301546849 2.1447561416538714 0.0
0.08683283 0.04783717 1.572165 -6.11362 2.00755 1.468379 -0.08234448 20.31193 1.627958 1 0.0003458105 0.09913796043603983 6.312531369555719 0.0
0.08896915 0.05400672 1.05099 -1.277224 0.3699871 0.2575487 0.3161301 18.14179 1.652609 1 0.0 0.10407802581179612 1.6540499165007083 0.0
0.0005463639 0.03678555 -10.13253 -6.363451 2.485371 1.759883 0.4850042 20.36799 1.323034 0 0.0 0.036789607259574315 11.96501871416426 0.0
0.03892696 0.01513413 -1.25861 -0.4362082 1.00718 0.6036222 0.3349657 19.18842 1.686596 1 0.0001047066 0.041765417580798825 1.3320573282885537 0.0
0.07120488 0.09328374 -6.598579 -7.057751 1.436144 0.861123 0.3794824 19.72717 1.557932 0 0.0 0.11735412683072548 9.661940488185694 0.0
0.003293329 0.04549824 2.827711 0.0647927 2.488967 1.562001 0.6513138 20.26086 1.316967 0 0.0 0.04561727588315463 2.828453215716019 0.0
0.09241474 0.06980662 -5.736545 1.139874 2.185995 1.536597 -0.05085582 20.37214 2.21376 0 0.0 0.11581644255066721 5.848697399669519 0.0
0.0903524 0.06630738 2.396511 -5.96 0.1806379 0.1285537 0.2154115 16.78785 2.019967 1 0.0 0.11207240886241537 6.4237734216830065 0.0
0.01168956 0.05128425 -6.609879 -1.214742 1.00431 0.6132789 0.421686 19.11563 1.799305 1 0.3829071 0.05259962082616281 6.7205727822266015 0.0
-0.006904059 0.1128311 -2.374998 -1.915205 0.5995229 0.4113456 0.4289724 18.74726 1.791754 1 0.0 0.11304213001304196 3.0510040465441866 0.0
0.009927345 0.0358083 -2.325095 0.8802437 0.7663362 0.4717349 0.541696 18.73014 1.689211 0 0.0 0.037158936040191264 2.486140730211122 0.0
0.05954233 0.02062066 -3.743664 -6.193082 0.6840909 0.5105933 0.324903 18.79645 1.783436 0 0.0 0.06301190903840717 7.2366625459268175 0.0
0.08246137 0.06218182 -4.212583 -5.121337 0.3024747 0.2150322 0.2872117 17.8507 1.874329 1 0.0 0.10327853736759299 6.631285561597992 0.0
0.02461217 0.004375442 -5.340638 -2.014621 1.34743 0.8136829 -0.06669911 19.46806 1.706354 0 0.0 0.024998068021434457 5.707986687150295 0.0
0.04190098 0.1002574 -3.317526 -2.961491 0.8673607 0.5598755 0.4536364 19.09796 1.547007 1 0.001330619 0.10866111714739729 4.447067314956791 0.0
0.03164997 0.009316508 -4.432202 -5.368675 1.336018 0.8200475 0.3846525 19.63556 1.753237 0 0.0 0.03299269498411677 6.961830637442209 0.0
