jas1101finalproject/data/gcs/NGC_5824.ecsv
# %ECSV 0.9
# ---
# datatype:
# - {name: x, unit: deg, datatype: float64}
# - {name: y, unit: deg, datatype: float64}
# - {name: pmx, unit: mas / yr, datatype: float64}
# - {name: pmy, unit: mas / yr, datatype: float64}
# - {name: pmx_e, unit: mas / yr, datatype: float64}
# - {name: pmy_e, unit: mas / yr, datatype: float64}
# - {name: pm_corr, datatype: float64}
# - {name: g_mag, unit: mag, datatype: float64}
# - {name: bp_rp, unit: mag, datatype: float64}
# - {name: filter, datatype: int64}
# - {name: memberprob, datatype: float64}
# - {name: r, unit: deg, datatype: float64}
# - {name: pm, unit: mas / yr, datatype: float64}
# - {name: member_prob_GMM, datatype: float64}
# meta: !!omap
# - comments: [deg deg mas/yr mas/yr mas/yr mas/yr dimless mag   mag   zeroone float]
# - __serialized_columns__:
#     bp_rp:
#       __class__: astropy.units.quantity.Quantity
#       unit: &id001 !astropy.units.Unit {unit: mag}
#       value: !astropy.table.SerializedColumn {name: bp_rp}
#     g_mag:
#       __class__: astropy.units.quantity.Quantity
#       unit: *id001
#       value: !astropy.table.SerializedColumn {name: g_mag}
#     pm:
#       __class__: astropy.units.quantity.Quantity
#       unit: !astropy.units.Unit {unit: mas / yr}
#       value: !astropy.table.SerializedColumn {name: pm}
#     pmx:
#       __class__: astropy.units.quantity.Quantity
#       unit: !astropy.units.Unit {unit: mas / yr}
#       value: !astropy.table.SerializedColumn {name: pmx}
#     pmx_e:
#       __class__: astropy.units.quantity.Quantity
#       unit: !astropy.units.Unit {unit: mas / yr}
#       value: !astropy.table.SerializedColumn {name: pmx_e}
#     pmy:
#       __class__: astropy.units.quantity.Quantity
#       unit: !astropy.units.Unit {unit: mas / yr}
#       value: !astropy.table.SerializedColumn {name: pmy}
#     pmy_e:
#       __class__: astropy.units.quantity.Quantity
#       unit: !astropy.units.Unit {unit: mas / yr}
#       value: !astropy.table.SerializedColumn {name: pmy_e}
#     r:
#       __class__: astropy.units.quantity.Quantity
#       unit: &id002 !astropy.units.Unit {unit: deg}
#       value: !astropy.table.SerializedColumn {name: r}
#     x:
#       __class__: astropy.units.quantity.Quantity
#       unit: *id002
#       value: !astropy.table.SerializedColumn {name: x}
#     y:
#       __class__: astropy.units.quantity.Quantity
#       unit: *id002
#       value: !astropy.table.SerializedColumn {name: y}
# schema: astropy-2.0
x y pmx pmy pmx_e pmy_e pm_corr g_mag bp_rp filter memberprob r pm member_prob_GMM
[from data line 1719]
-0.0181304 0.004246912 -5.809949 5.503494 1.254008 0.7152333 0.6236631 19.12245 1.103928 0 0.0 0.018621161770838682 8.002746627917004 1.0
-0.04128337 0.01913168 -5.344816 -8.215792 2.875921 1.9355 0.3410962 20.53782 0.5271015 0 0.0 0.0455009650247036 9.801341554150637 0.0
0.02197621 0.02000836 -0.4071498 -0.7151114 1.421805 0.9603981 0.2894067 19.83756 nan 0 0.0 0.029720166147814517 0.8228944489118881 1.0
0.007830956 0.02712898 8.253702 0.138567 3.898878 2.861726 0.2007596 20.92155 0.1586323 0 0.0 0.028236597311190596 8.254865081774081 1.0
-0.1016632 0.06193316 -3.737404 -1.138725 1.556539 0.9946587 0.2637117 20.03017 0.5737801 0 0.0 0.11904252409045098 3.907029982587925 1.0
-0.03891973 0.1118527 -3.478075 -5.727448 0.740199 0.4666093 0.3581475 18.96029 1.169767 1 0.0 0.11843045166072322 6.700795945134354 1.0
0.02287061 0.01651006 -2.298114 -2.489995 0.4203398 0.2929981 0.2072749 18.24246 1.248331 0 0.0 0.028207213314606246 3.3884219124868435 1.0
-0.108484 0.07266339 2.9048 -0.9194666 0.3303772 0.2252075 0.1357472 17.84044 1.300356 1 0.0 0.13057084859298457 3.0468478577893516 1.0
-0.1147693 0.01497717 -6.650581 -12.81856 0.8023766 0.5407573 0.1580605 19.1314 0.9465218 1 0.0 0.11574242024296408 14.44111173390612 0.0
0.05041876 -0.07385632 -0.112195 -1.001771 1.920421 1.267453 0.4678605 19.98994 0.926527 0 0.0 0.08942486994052605 1.0080341534223927 1.0
0.07179745 0.07165571 -0.8747547 -0.6092546 1.627799 0.9934902 0.2992345 19.928 -0.1669788 0 0.0 0.10143675173282414 1.0660145180968457 1.0
0.001511856 0.01174846 -2.283391 -3.110191 1.108974 0.6433648 0.9172911 17.76843 0.9186115 0 0.0 0.011845337518886324 3.8583885905079596 1.0
-0.09303064 0.07872736 -6.411522 -5.276067 0.5010077 0.3069437 0.3252066 18.17292 0.9101048 1 0.0 0.12187164227735342 8.303282323573793 1.0
0.0334968 0.01129959 -2.712356 -2.394247 3.183588 2.175441 0.5141336 20.64135 1.0485 0 0.0 0.035351327335873824 3.617912902177857 1.0
-0.05662372 0.007221286 -1.292321 -0.3155257 1.896653 1.281438 0.245553 20.19063 0.9500275 0 0.0 0.05708233210137963 1.3302819379370263 1.0
0.02110675 0.1281742 -4.766365 -5.382499 0.828961 0.5613562 0.458349 18.8717 1.315622 0 0.0 0.12990042510016084 7.189543156433933 1.0
-0.01017388 -0.01721711 -1.329769 -2.190236 0.3629847 0.239611 0.4614972 17.52704 1.203291 0 0.0 0.019998417712571662 2.562307422823616 1.0
-0.09880743 0.01434423 -0.606116 -1.189526 0.7825107 0.5126803 0.2827489 19.00349 1.031301 1 0.8582911 0.09984320286077465 1.3350463325787612 1.0
-0.1055029 0.01989829 -5.149857 -3.099076 0.2293561 0.1624066 0.2008026 17.04566 0.9233093 1 0.0 0.10736295382176339 6.010432528048626 1.0
0.00716317 -0.005383623 -1.265749 -2.142529 0.09702388 0.06918893 0.07708783 15.16977 1.574019 0 0.0 0.008960714316115038 2.4884836842627682 1.0
-0.06120086 0.06094823 -10.64394 -4.185476 3.018491 1.961367 0.3002412 20.72937 1.174932 1 0.05943515 0.0863726345833708 11.437292864580149 0.0
0.01744454 1.292175e-06 -6.73819 -1.4901 0.7435278 0.5059989 0.237305 18.9937 1.256891 0 0.0 0.017444540047857848 6.9009856170042845 1.0
-0.005525531 0.06719491 4.407137 -4.187295 0.6118405 0.4536881 0.1269526 18.71235 1.391829 1 0.0 0.06742171328837662 6.079169018360486 1.0
-0.01252607 -0.0185907 -1.209047 -1.987861 0.13346 0.09594958 0.1077295 16.16155 1.372497 1 0.9974769 0.022416881052789214 2.326668434377791 1.0
0.08701853 0.08940321 3.681633 -1.488123 1.158101 0.7410851 0.4047929 19.54105 2.029507 0 0.0 0.12476040446257378 3.971011408925691 1.0
0.05151544 0.009795531 1.29397 -0.4125506 1.316348 0.934035 0.3509675 19.67801 1.221781 1 0.8705728 0.05243846856998745 1.358144454194899 1.0
-0.07364271 -0.04119983 -9.723903 -5.668117 0.8734027 0.573721 0.2843451 19.24418 1.457685 0 0.0 0.08438409049206491 11.25530274488865 0.0
-0.1237572 0.01283639 -5.158392 -6.227669 1.050437 0.6621165 0.1473552 19.44858 1.127872 1 0.0 0.12442112947595396 8.086585756623434 1.0
-0.01232801 0.1193983 -12.32045 0.4500952 0.9603037 0.5836241 0.3693437 19.07258 1.66581 1 0.0 0.12003305325388544 12.328668780187218 0.0
0.06020589 0.03869398 -4.047074 -2.710354 2.400714 1.574454 0.3598777 20.55318 1.036882 0 0.0 0.07156796265741047 4.870813768436646 1.0
-0.00155814 0.04868235 -1.187299 -2.766955 0.5652717 0.3856672 0.2648263 18.65025 0.2711372 1 0.9844742 0.04870727873513465 3.0109332253349623 1.0
-0.09176883 0.05917837 -0.3998544 -2.695472 1.952448 1.522774 -0.10854 20.19119 0.3234425 0 0.0 0.1091952271641293 2.7249684115569783 1.0
0.01703363 -0.07477049 -0.622866 -2.409423 0.9251051 0.6243336 0.2330199 19.45071 0.8770084 0 0.0 0.07668618340885795 2.488630395797054 1.0
0.001217715 0.01201931 -1.060637 -1.581727 0.3732025 0.23159 0.3618268 17.73576 1.00453 0 0.0 0.012080837830933954 1.9044188479160777 1.0
-0.07323843 0.01052019 -6.21545 -2.220162 0.4116691 0.2573586 0.3061511 17.85559 1.234766 1 0.0 0.07399014817190866 6.600071060885936 1.0
-0.03067832 -0.02366489 0.09253439 -2.809961 0.6294917 0.4141943 0.3139479 18.70696 0.3171177 1 0.8553019 0.03874514597642523 2.8114842049802933 1.0
-0.02007172 -0.006427033 -0.856869 -2.155984 0.2615744 0.1810822 0.2051933 17.40912 1.12921 0 0.0 0.021075594818213056 2.32001971789401 1.0
0.06383015 0.1148594 -3.274148 -1.469252 0.7188091 0.4693707 0.347432 19.03782 1.152924 1 0.01481117 0.13140384247571493 3.588697056789274 1.0
0.03963288 -0.02280254 -2.225927 -3.55185 1.503286 0.9536127 0.4625314 19.81967 0.85322 0 0.0 0.04572440275767416 4.191704835962213 1.0
-0.06301841 0.02587081 -4.74836 -0.2261935 1.751855 1.122091 0.6552531 19.52517 nan 0 0.0 0.06812208752661797 4.753744438760066 1.0
0.003097705 0.01234351 3.809333 0.5098253 1.808946 1.067994 0.4504416 19.72738 0.8503895 0 0.0 0.012726272643123948 3.8432980292203585 1.0
-0.04965811 -0.03098252 -1.933204 -2.68758 1.008816 0.649394 0.1999965 19.36969 1.088997 0 0.0 0.05853071359826822 3.3106440403667685 1.0
0.008455262 0.001497976 0.7291589 -1.246236 0.4882831 0.3437926 0.1490784 18.11775 nan 0 0.0 0.008586931208832407 1.4438756418560463 1.0
-0.02370992 -0.02827852 -1.829726 -5.18926 0.577897 0.4259026 0.08427152 18.66036 0.9654446 1 0.0 0.036903048651795695 5.502391896500648 1.0
-0.01446047 0.005353853 0.9634608 -1.776295 1.001121 0.5856798 0.5964917 18.89681 0.9779015 0 0.0 0.015419757928272057 2.020762390822246 1.0
-0.07172118 0.0948453 -5.914698 2.107595 0.9209552 0.5994225 0.2567256 19.38773 1.016731 0 0.0 0.11890987592577161 6.278981534869249 1.0
-0.02797275 0.1117424 -1.053584 -6.16208 0.975593 0.615673 0.1753391 19.18195 1.39572 1 0.0 0.11519044535169791 6.251501353391519 1.0
-0.09700221 0.01259147 -1.144747 -2.318747 0.9638015 0.617214 0.3063904 19.36034 1.044136 0 0.0 0.09781602047540577 2.585929879949957 1.0
0.06281559 0.07457319 -6.674062 -9.041256 3.896588 2.655867 0.09385471 20.9671 nan 0 0.0 0.09750363590053553 11.237767288806973 0.0
0.06317834 0.1165193 -12.15205 -4.805683 1.222371 0.7920078 0.3876601 19.6707 1.178761 0 0.0 0.13254527497291482 13.067781307436585 0.0
0.01672983 0.007226468 -1.409459 -1.636598 0.4905343 0.3729788 0.06077663 18.42239 1.059669 0 0.0 0.018223859404196577 2.159867515910409 1.0
0.08097768 0.07637416 -2.966962 -6.793292 1.326257 0.7884897 0.4825775 19.67925 0.929903 1 3.036527e-06 0.11131216004501934 7.412940017746536 1.0
-0.03759417 0.12596 -5.943494 -3.817886 1.195787 0.7171658 0.2964429 19.39731 1.325502 1 0.003529859 0.1314505352518159 7.064090489017818 1.0
0.01864301 -0.01665774 -3.349296 -4.075702 2.270172 1.690616 0.2789695 20.20871 0.6945477 0 0.0 0.025000842461159186 5.275332263319534 1.0
-0.08792132 -0.0519971 -3.710106 -1.822108 0.6636053 0.4369931 0.271603 18.78131 0.9138508 1 0.01105979 0.10214625259378045 4.133396193797541 1.0
-0.1040009 -0.08205538 -1.723817 -1.878108 0.6215047 0.4276575 0.1784521 18.73859 0.3480988 1 0.8914623 0.1324736675258687 2.5492812142156853 1.0
0.007829594 0.01180535 -0.5309289 -1.853404 0.8029269 0.501091 0.5126807 18.61447 0.925211 0 0.0 0.014165762627805677 1.927950176760595 1.0
0.01711291 0.004331039 -0.9633605 -2.172665 0.1432785 0.1041411 0.08345642 16.36823 1.30303 1 0.9992409 0.017652466895242174 2.376665027972021 1.0
0.01415841 0.001195883 -1.052988 -2.505661 0.3352292 0.2301319 0.2084767 17.80114 1.031824 0 0.0 0.014208825070279 2.7179258222153524 1.0
-0.04094199 -0.02734644 -1.21552 -2.20425 0.1365012 0.1032067 -0.01203168 16.21069 1.427122 1 0.9994741 0.04923488931472985 2.517182340018299 1.0
-0.08346386 0.01813285 -10.00076 -0.8832719 0.7537352 0.5013287 0.4325827 18.84431 0.9852238 1 0.0 0.08541086684504555 10.039689727622543 1.0
0.03903119 0.1197682 -1.434172 -2.197577 0.5065185 0.3316795 0.3575272 18.4632 1.231823 1 0.9662749 0.12596767650495147 2.6241558636089053 1.0
0.01516925 0.004846379 -0.2151116 -1.313489 0.2978498 0.2269107 -0.001730118 17.37149 1.107481 0 0.0 0.015924620402827223 1.3309869847506246 1.0
0.008237829 0.001005901 -0.5468402 -2.718352 1.453506 1.218664 -0.2368281 18.58968 nan 0 0.0 0.00829901581243475 2.77280936961776 1.0
0.03585748 -0.001629345 3.215951 -2.20906 3.690137 2.555193 0.0003801439 20.91091 0.8391247 0 0.0 0.03589447920055987 3.9015749278978356 1.0
0.04623835 -0.07860714 -5.172197 -1.610135 0.799135 0.729876 -0.2188064 18.71317 1.512436 0 0.0 0.09119795759611123 5.417024693042666 1.0
-0.001914956 -0.01679311 -1.63259 -2.962888 1.600735 1.102246 0.1635406 19.9908 nan 0 0.0 0.01690194071561121 3.3829063552874175 1.0
-0.02216337 -0.02742363 -0.7152314 -2.280025 0.4845116 0.3634359 0.04174896 18.31153 1.16674 1 0.9943842 0.035260040444301824 2.3895752668980657 1.0
0.0142996 0.004434538 -0.8724093 -2.529119 0.3552508 0.228568 0.2191066 17.86552 1.097017 0 0.0 0.014971429037785405 2.6753580887214876 1.0
0.03302477 0.01436679 -1.000999 -1.989925 0.4190768 0.2906271 0.1940862 18.25482 1.114735 1 0.9962935 0.036014442775878126 2.227509933451701 1.0
0.07156764 0.07232347 -32.4449 -9.861703 0.4044148 0.2474312 0.1726913 18.01772 1.082396 0 0.0 0.10174778330760087 33.910539984939916 0.0
-0.02489065 0.0335078 -11.02594 -0.7521659 3.970386 2.462325 0.3385567 20.90406 0.4473572 0 0.0 0.041741072318071795 11.051565790634502 0.0
-0.02659256 0.03536888 -1.148831 -6.120049 0.6747307 0.4605893 0.241935 18.86518 1.079729 1 0.0 0.044250671405166274 6.226942462313426 1.0
0.07642709 0.08284795 -1.363202 0.4855554 0.7913839 0.5186987 0.3463307 19.19489 1.311382 1 5.81981e-05 0.11271593900185813 1.447094930981779 1.0
-0.05980918 -0.04742637 -2.579894 0.2099351 2.024398 1.452267 0.1844657 20.32357 1.357548 0 0.0 0.07633084948858686 2.588421487595869 1.0
-0.007938811 0.007834237 -3.003727 -3.810572 1.207089 0.7516689 0.7591003 18.52415 -0.6714401 0 0.0 0.011153474322644491 4.852095924207703 1.0
-0.1121654 0.008953303 -4.567976 -6.915414 1.218442 0.7158506 0.355835 19.52544 0.9900494 0 0.0 0.11252216933462404 8.287904169811087 1.0
0.01427372 0.002542452 -1.521064 -2.084825 0.4899394 0.3315639 0.2122421 18.35105 1.031244 0 0.0 0.014498384213790998 2.5807229554372935 1.0
0.01919456 -0.06690503 -2.146025 -1.737826 1.277947 0.9014177 0.1047002 19.61657 0.9254475 0 0.0 0.06960398101326173 2.761423999841567 1.0
-0.0176356 0.08783844 -0.9144532 -0.1144985 3.413322 2.253029 0.6711007 20.53313 1.452154 0 0.0 0.08959132730902919 0.9215934903700709 1.0
-0.06931634 0.01567702 -0.6883405 -2.380521 2.005137 1.240156 0.3522317 19.96108 0.7629395 0 0.0 0.07106703840090707 2.4780421456023 1.0
0.01263882 0.01584837 -0.6115688 -3.231218 1.007884 0.6688285 0.318274 19.48848 0.8522072 0 0.0 0.02027092998974887 3.288584218270446 1.0
0.04371188 -0.04662725 -10.10125 -3.717794 0.4422734 0.330634 0.06720815 18.32077 1.032566 1 0.0 0.06391266616013527 10.763700283310381 0.0
0.02780858 0.06077438 -9.594963 -1.917989 0.6942161 0.4553273 0.3468246 19.03358 1.263496 1 0.0 0.0668344401188549 9.784783941175707 0.0
0.01294165 -0.01211722 -0.8586404 -1.904416 0.2522966 0.1781126 0.1544735 17.24107 1.335524 1 0.9957378 0.017728883925698765 2.089034139876168 1.0
-0.02983388 -0.1009732 -4.482737 -5.279982 1.269625 0.8439349 0.2112464 19.83175 1.264221 0 0.0 0.10528840161240173 6.926264572732766 1.0
0.009541735 0.1155191 -5.652967 0.05048773 1.125626 0.7638685 0.4635067 19.31769 1.368624 0 0.0 0.11591249790950166 5.653192453293055 1.0
-0.1050716 -0.06273522 -13.1934 -5.883451 1.422506 0.907598 0.2923548 19.85422 1.664991 0 0.0 0.12237544261414705 14.44578828688144 0.0
0.0007062495 0.02369992 -7.134626 -3.084355 2.819404 2.013165 0.2105569 20.7254 -0.1695652 0 0.0 0.023710440661502904 7.772781608015306 1.0
-0.1070202 -0.02602872 -9.930084 -3.299377 0.5495799 0.3643427 0.3138092 18.48156 0.7262115 1 0.0 0.11013999034355505 10.46386433566419 1.0
0.07608446 0.02695149 1.028806 -3.697874 0.6360533 0.4240749 0.2767803 18.78145 2.006111 1 0.0001156368 0.0807169614561382 3.838321756381557 1.0
0.05336504 0.06531734 -1.130047 -2.293876 0.2068311 0.1453894 0.165748 17.11559 1.238499 1 0.9975767 0.08434561280159864 2.55712207874106 1.0
0.01602224 0.1248374 -4.464592 -2.52891 1.729917 1.134234 0.5647782 19.88054 1.208681 0 0.0 0.12586138650665502 5.131078591735269 1.0
-0.07795137 -0.08281807 -8.525037 -6.386768 2.746662 1.807231 0.4006589 20.48777 0.876627 0 0.0 0.11373323526305668 10.652091876114898 1.0
-0.0187974 0.0137797 -2.073601 -2.417044 1.866002 1.300106 0.436142 20.04473 0.8809586 0 0.0 0.023307131501967376 3.18463856742598 1.0
0.06288824 0.01497613 0.02104791 -2.211719 1.798861 1.089794 0.5059322 19.97382 1.152672 0 0.0 0.06464684988516069 2.211819149360175 1.0
-0.05952042 -0.001989307 -7.363048 -0.9163966 0.7263541 0.5094686 0.1496941 18.97474 1.482899 1 0.0 0.05955365429019993 7.419855697976582 1.0
-0.01309741 0.04073538 1.087103 2.550912 2.50976 1.805684 0.2205088 20.6414 0.7324562 0 0.0 0.04278917307511913 2.7728946904549043 1.0
0.05417146 0.06569832 -1.126538 -2.231329 0.2288562 0.1615012 0.1630595 17.17425 1.32398 1 0.9972762 0.08515172534572626 2.499583359619159 1.0
-0.09579544 0.06720783 -5.922028 -7.398747 1.528083 1.004395 0.2438925 19.77228 1.332283 0 0.0 0.11701990744357346 9.476912619771959 1.0
0.09396587 0.08643206 -7.156037 0.9170123 3.162825 2.02324 0.1379953 20.66752 1.050598 0 0.0 0.12767178905576793 7.214553146503274 1.0
-0.01144531 0.02697219 -5.347578 -2.803549 3.717244 2.705405 -0.04381698 20.89482 1.587057 0 0.0 0.02930007089397908 6.037919961500401 1.0
-0.02257449 0.08042536 -9.322318 2.376735 2.08178 1.415145 0.4439319 20.20649 1.248713 0 0.0 0.08353350303853957 9.620524006172896 1.0
-0.08660078 0.08674097 -6.480936 -1.97568 1.615588 1.088468 0.1486807 20.06551 1.066648 0 0.0 0.12257116697310709 6.775385073816543 1.0
-0.02840475 0.02195583 1.108586 -0.9513876 1.55259 1.002124 0.4554499 19.88165 0.8623524 0 0.0 0.03590109042287434 1.4608563532496137 1.0
0.01222752 0.001234319 -3.211505 -3.235039 1.823117 1.297119 0.5456395 19.56618 nan 0 0.0 0.012289661864516901 4.55842535274474 1.0
0.01128075 -0.002683249 -0.3453125 -1.671113 0.6211455 0.4506302 0.1363538 18.73248 0.9166107 0 0.0 0.011595479539825036 1.706417118240804 1.0
-0.1108621 -0.0002995082 -16.14411 -9.223234 1.711389 0.9672466 0.4369528 19.64443 0.9370708 0 0.0 0.11086250457919426 18.593018396991276 0.0
0.007189616 0.005308971 -1.466622 -2.262916 0.3041757 0.1907405 0.2122656 17.07686 1.13126 0 0.0 0.008937323497910155 2.6966217595243127 1.0
-0.002593452 0.01383889 -6.784445 -2.203319 3.107019 2.123344 0.2665639 20.55787 0.8157825 0 0.0 0.014079803610434486 7.133253715786786 1.0
-0.1051075 -0.0006319549 2.169971 -2.913296 3.049444 1.876995 0.5640027 20.59815 1.433292 0 0.0 0.10510939978539328 3.632639222997103 1.0
-0.001403993 0.01007381 0.1191514 -0.9416907 0.8736867 0.5492749 0.06920171 18.55562 nan 0 0.0 0.01017117713247336 0.9491988361710364 1.0
-0.05478486 0.03204469 -1.910993 -2.016571 1.956601 1.270404 0.3809805 20.058 1.132277 0 0.0 0.0634684413107467 2.7782103671410483 1.0
-0.08342067 -0.08121329 -3.06598 -4.024998 1.05654 0.6907445 0.2433638 19.51943 0.991827 0 0.0 0.11642425286800426 5.059727488749171 1.0
