jas1101finalproject/data/gcs/NGC_6284.ecsv
# %ECSV 0.9
# ---
# datatype:
# - {name: x, unit: deg, datatype: float64}
# - {name: y, unit: deg, datatype: float64}
# - {name: pmx, unit: mas / yr, datatype: float64}
# - {name: pmy, unit: mas / yr, datatype: float64}
# - {name: pmx_e, unit: mas / yr, datatype: float64}
# - {name: pmy_e, unit: mas / yr, datatype: float64}
# - {name: pm_corr, datatype: float64}
# - {name: g_mag, unit: mag, datatype: float64}
# - {name: bp_rp, unit: mag, datatype: float64}
# - {name: filter, datatype: int64}
# - {name: memberprob, datatype: float64}
# - {name: r, unit: deg, datatype: float64}
# - {name: pm, unit: mas / yr, datatype: float64}
# - {name: member_prob_GMM, datatype: float64}
# meta: !!omap
# - comments: [deg deg mas/yr mas/yr mas/yr mas/yr dimless mag   mag   zeroone float]
# - __serialized_columns__:
#     bp_rp:
#       __class__: astropy.units.quantity.Quantity
#       unit: &id001 !astropy.units.Unit {unit: mag}
#       value: !astropy.table.SerializedColumn {name: bp_rp}
#     g_mag:
#       __class__: astropy.units.quantity.Quantity
#       unit: *id001
#       value: !astropy.table.SerializedColumn {name: g_mag}
#     pm:
#       __class__: astropy.units.quantity.Quantity
#       unit: !astropy.units.Unit {unit: mas / yr}
#       value: !astropy.table.SerializedColumn {name: pm}
#     pmx:
#       __class__: astropy.units.quantity.Quantity
#       unit: !astropy.units.Unit {unit: mas / yr}
#       value: !astropy.table.SerializedColumn {name: pmx}
#     pmx_e:
#       __class__: astropy.units.quantity.Quantity
#       unit: !astropy.units.Unit {unit: mas / yr}
#       value: !astropy.table.SerializedColumn {name: pmx_e}
#     pmy:
#       __class__: astropy.units.quantity.Quantity
#       unit: !astropy.units.Unit {unit: mas / yr}
#       value: !astropy.table.SerializedColumn {name: pmy}
#     pmy_e:
#       __class__: astropy.units.quantity.Quantity
#       unit: !astropy.units.Unit {unit: mas / yr}
#       value: !astropy.table.SerializedColumn {name: pmy_e}
#     r:
#       __class__: astropy.units.quantity.Quantity
#       unit: &id002 !astropy.units.Unit {unit: deg}
#       value: !astropy.table.SerializedColumn {name: r}
#     x:
#       __class__: astropy.units.quantity.Quantity
#       unit: *id002
#       value: !astropy.table.SerializedColumn {name: x}
#     y:
#       __class__: astropy.units.quantity.Quantity
#       unit: *id002
#       value: !astropy.table.SerializedColumn {name: y}
# schema: astropy-2.0
x y pmx pmy pmx_e pmy_e pm_corr g_mag bp_rp filter memberprob r pm member_prob_GMM
[from data line 3019]
-0.01955827 0.0290894 -0.4122323 -7.753074 1.83696 1.096192 0.5864854 20.15077 1.086718 0 0.0 0.03505308998865721 7.764025497036913 0.0
0.0249245 0.008477632 -4.011871 0.8398234 0.5393095 0.3905674 0.3067977 18.73381 nan 0 0.0 0.026326810376067662 4.09883059711286 0.0
-0.01207142 -0.002537299 -3.065555 -1.650371 0.1473138 0.09139025 0.2550031 16.71155 nan 0 0.0 0.012335196270501779 3.481573192633755 0.0
0.01902878 0.05538991 -6.136844 -7.79682 0.5269797 0.3442092 0.2520881 18.72236 1.284161 0 0.0 0.05856736803115281 9.922260649304471 0.0
0.01023996 0.04985391 -0.5400226 -4.505316 1.115803 0.7177384 0.4464944 19.78337 0.8918762 0 0.0 0.05089468658995455 4.537565059408709 0.0
-0.003233281 0.05729676 -6.615538 -10.16665 3.106889 1.563369 0.3248423 20.76488 1.615089 0 0.0 0.05738791521324469 12.129555443294038 0.0
-0.03895911 0.02415815 -5.071249 0.3237255 0.8932885 0.6025619 0.5046814 19.4964 1.183329 0 0.0 0.045841340113641965 5.081571077860787 0.0
0.01115448 0.0463672 0.5518971 -1.370614 2.449135 1.406825 0.3948136 20.33363 1.339909 0 0.0 0.04769003732343265 1.477556478103091 0.0
-0.02135765 0.01586927 -3.683057 -2.074154 1.694629 0.9895447 0.6273113 19.82806 0.473135 0 0.0 0.02660794888478629 4.226940226802952 0.0
0.01672182 0.01148499 2.792762 -2.543193 0.2931509 0.1771915 0.2395909 17.66413 nan 0 0.0 0.0202860607169677 3.777214611839391 0.0
-0.01301681 0.02826819 -4.670377 -2.858167 2.370545 1.417359 0.518001 20.37661 nan 0 0.0 0.03112118102598614 5.475540148881935 0.0
0.004472135 0.005853633 4.618337 -3.880529 1.805477 1.380871 0.1048822 19.78066 nan 0 0.0 0.00736647885742666 6.032208713681085 0.0
0.04460984 0.03370253 -3.105337 -0.9514451 0.8183272 0.5638675 0.3096172 19.18988 1.556896 1 0.3351228 0.05590973397563701 3.247824758493446 0.0
0.04913128 0.04202258 -6.877529 -7.83185 2.452918 1.616667 0.3522144 20.20625 0.7164764 0 0.0 0.06465121734580719 10.422968846175307 0.0
-0.002206146 -0.01860996 -1.438066 -1.866337 1.160691 0.7965891 0.4518406 19.71853 nan 0 0.0 0.018740269244995278 2.3561085751562896 0.0
-0.04680103 0.01918108 -3.793541 -5.025828 0.4851643 0.3136536 0.4344933 18.63336 1.140032 0 0.0 0.05057914826316572 6.2968166881579934 0.0
-0.0504131 0.04153379 -6.589668 -6.122825 1.415814 0.9073535 0.5283979 19.99879 1.000069 0 0.0 0.06531872903979455 8.995149266735321 0.0
-0.01623493 0.05044837 -2.184245 -7.920871 0.2419012 0.1520496 0.2249665 16.25154 1.257929 0 0.0 0.05299632994615571 8.216515296563745 0.0
-0.02224474 0.01709936 -3.187317 -4.802774 0.9894538 0.6685346 0.4321792 19.531 0.9189796 0 0.0 0.02805737995745861 5.764167568137224 1.0
-0.0332026 0.05616513 -4.146454 -9.947571 0.3675822 0.2229553 0.2686838 17.9595 1.265371 0 0.0 0.06524518736793465 10.777163336154695 0.0
-0.03805094 0.04534335 -2.102266 -2.254395 0.6116942 0.3603703 0.6524756 18.54342 1.02972 0 0.0 0.05919369412451042 3.0825020925833937 0.0
0.009404565 0.0006100565 -3.484442 -1.388641 0.674191 0.4301573 0.3056905 18.95991 nan 0 0.0 0.009424330839503527 3.7509545289492645 0.0
-0.01426613 0.04599304 -2.401222 -4.325054 0.2739479 0.1700526 0.2991634 17.85208 1.191404 1 0.0 0.048154773321224344 4.946914108431639 0.0
-0.02887009 0.02338271 -7.324951 -0.4147992 0.4943376 0.3240204 0.4256959 18.56733 1.114023 1 0.0 0.037151490192887285 7.336686277109146 0.0
-0.02000454 0.04644048 -3.196306 -2.173789 0.3830343 0.2482521 0.4108493 18.29104 1.294456 1 0.8870218 0.05056579677254182 3.865453487258254 0.0
0.006660593 -0.009628413 6.768042 2.685837 2.312428 1.394231 0.8990237 19.46066 nan 0 0.0 0.011707682777143307 7.2814911181936495 0.0
-0.04356075 0.02611738 -2.874033 -0.8193439 2.069189 1.419572 0.276835 20.3043 nan 0 0.0 0.050790318749018494 2.988543141993471 0.0
0.0209922 0.02600308 -2.085701 -11.17938 0.8605938 0.5890944 0.4538182 19.33753 0.9939804 0 0.0 0.03341904592184523 11.372277073910968 0.0
-0.01401294 0.01317905 -3.448872 1.161139 3.058447 1.568269 0.8246941 19.94784 nan 0 0.0 0.019236679712104684 3.639088051930731 0.0
0.02737008 0.03952112 -8.01497 -1.798122 2.332755 1.356329 0.2885687 20.3558 0.8240433 0 0.0 0.04807327953510973 8.214194228759386 0.0
-0.01007649 0.0003944735 -2.762069 0.7251092 0.8480098 0.5645477 0.3221056 18.5543 1.16337 0 0.0 0.010084208449962856 2.855662534804426 0.0
-0.0138189 0.01285864 -2.938044 -2.383438 2.342654 1.353322 0.7255728 20.04236 1.014904 0 0.0 0.018876085925307713 3.783236609806476 0.0
-0.009110643 0.05564089 -0.08161523 -4.856932 1.357384 0.9978458 0.3095215 19.9407 nan 0 0.0 0.05638184509100025 4.8576176772562025 0.0
-0.04383815 0.02675815 -3.044132 -5.823236 1.171458 0.7859638 0.5713418 19.70435 0.4159431 0 0.0 0.05135934176802697 6.570906873873651 0.0
-0.009273331 0.006637288 1.638954 1.041506 2.782952 1.453842 0.7400086 20.24444 nan 0 0.0 0.011403870388184224 1.9418818095218875 0.0
-0.04473121 0.04375612 -1.790234 -0.5180896 0.2487446 0.1536237 0.3041024 17.65859 1.324444 1 0.0 0.06257378992452431 1.863693807572521 0.0
-0.02715186 0.02422805 -5.079452 -5.087519 2.701818 1.573551 0.5096898 20.51143 nan 0 0.0 0.036389859964859717 7.189136401242155 0.0
0.006468594 0.0281104 -2.379869 -7.646701 1.468648 0.9295794 0.2237127 19.98074 1.11018 0 0.0 0.02884505670815774 8.008483791615115 0.0
-0.04838957 0.04170244 -1.334564 0.9322793 0.5847987 0.3752112 0.4601531 18.75904 1.057526 1 0.0 0.06387991849351797 1.627945258079795 0.0
-0.01415276 0.02417108 -3.145457 -2.665503 0.473566 0.3052691 0.4096707 18.6508 1.240887 0 0.0 0.0280096719720885 4.1229608271068985 0.0
-0.05664683 0.03411915 -2.244626 -2.276691 0.1194305 0.07168916 0.3657592 16.11769 1.521702 1 0.0 0.06612850932669963 3.1971343089330793 0.0
0.01702608 0.007119027 3.652343 4.949675 2.915773 2.006547 -0.1552573 19.96038 1.029028 0 0.0 0.018454483075749616 6.151332538180163 0.0
0.03335253 0.02059304 -0.9777913 -0.6815632 1.357492 0.8721207 -0.02150972 20.03229 1.230421 0 0.0 0.0391977621024785 1.1918910277160115 0.0
-0.007944234 0.02404194 -1.223131 -4.717054 0.396578 0.2598784 0.3841259 18.3302 1.072638 0 0.0 0.025320460754306114 4.873053240225988 0.0
0.01356727 0.05566528 -3.573329 -6.370629 0.410819 0.2790839 0.3292432 18.40603 1.175526 1 0.0 0.057294800922346345 7.304354454562155 0.0
-0.0190621 0.04703763 2.807919 -5.223742 1.033171 0.6854606 0.5399854 19.60073 1.293547 0 0.0 0.050753347598231385 5.930589312465077 0.0
0.01974704 0.03926889 -3.427952 -2.136536 0.5223574 0.3315394 0.5894728 18.39771 1.394064 1 0.8873392 0.043954423106141435 4.0392624318803545 0.0
0.04954477 0.03619166 -4.839219 -5.8563 3.22343 1.621876 0.4284483 20.50005 1.249811 0 0.0 0.0613556883093043 7.596992182433848 0.0
-0.04056442 0.01726257 0.7817752 -5.956593 1.892592 1.168588 0.4726813 20.35326 0.3897362 1 8.83392e-06 0.04408478754560693 6.007676142318595 0.0
0.00729933 0.01469215 -4.647358 0.6925526 1.272349 0.8636826 0.3945764 19.96445 1.2831 0 0.0 0.016405471345602964 4.698676992934368 0.0
-0.002372401 -0.01797291 -5.878693 -2.313302 2.673415 1.611976 0.6913113 20.28663 nan 0 0.0 0.018128810782092164 6.317467651793162 0.0
0.005166896 0.05275912 -1.551046 -6.890946 0.8223245 0.5673883 0.4528434 19.22984 2.431644 1 0.0 0.05301152287426967 7.0633476814490725 0.0
-0.0007100835 0.002016127 -3.628469 -4.336697 1.386146 0.8624909 0.6206012 18.63318 nan 0 0.0 0.002137518808595903 5.654443222260703 0.0
-0.01952481 -0.007470651 0.6900868 -12.17401 1.388462 0.9442982 0.4792235 19.51735 0.9544792 0 0.0 0.020905234557399757 12.193553184844616 0.0
-0.04588948 0.02746885 -1.06316 -4.393262 0.9774314 0.6555288 0.5286226 19.60068 0.9432678 0 0.0 0.05348254009480945 4.5200730288618125 0.0
0.01314591 0.003581366 2.662611 -10.35565 0.6055545 0.4129704 0.3451803 18.7518 1.174809 0 0.0 0.013625018611145307 10.69247325270543 0.0
-0.01016114 0.01886714 -4.150221 -6.508485 0.6223214 0.4222537 0.471659 18.92257 1.492495 0 0.0 0.021429366250059756 7.719113378106711 0.0
0.01140005 0.003560558 -9.262946 -4.099845 2.316978 1.716353 0.4516906 19.72269 nan 0 0.0 0.01194314503277357 10.129703728290428 0.0
0.03712312 0.02476906 -0.3488939 -0.300604 2.15682 1.653202 0.08376613 20.26387 1.166523 0 0.0 0.04462770856562098 0.46053199484206303 0.0
-0.001154046 0.06416325 -3.989196 -4.606838 0.6142127 0.4192911 0.4612807 18.93899 1.053146 1 0.0 0.06417362754849236 6.093984007581575 0.0
0.0270406 0.05408761 -4.867934 -5.431711 0.8517871 0.6201859 0.3787686 19.29346 1.132414 1 5.594944e-06 0.060470353098622635 7.293851233462128 0.0
0.01054407 0.03996619 -14.40473 -1.625495 2.791138 1.852089 0.3056864 20.57667 nan 0 0.0 0.041333687898383806 14.49615398538264 0.0
0.003391363 0.006458297 13.15891 -3.907041 2.836997 1.614888 0.6079294 19.48756 nan 0 0.0 0.007294583136682863 13.726685024570973 0.0
0.02332566 0.05394722 -2.659239 -4.698197 0.7835517 0.5609479 0.3918503 19.26713 1.152845 1 4.391616e-06 0.05877405005752113 5.398574544259809 0.0
-0.04162213 0.03082538 -2.581161 -5.86579 0.6660198 0.4463431 0.5040769 18.96882 1.107981 0 0.0 0.05179387761001584 6.408578971349343 0.0
-0.009468221 0.01847809 -0.01550012 -7.516118 2.298561 1.335003 0.6696323 19.48584 1.328257 0 0.0 0.020762635163989684 7.516133982550072 0.0
0.002199756 0.008527797 -1.027257 -1.715859 0.8347942 0.5458716 0.4186296 18.61968 0.9994507 0 0.0 0.008806943177558545 1.9998572578886724 0.0
-0.009495974 0.01896256 -4.38673 -6.324924 2.061366 1.420043 0.5863987 19.65111 1.59119 0 0.0 0.021207362022709852 7.697276381855858 0.0
-0.02640257 0.01983177 -2.500056 -4.7997 0.1865393 0.1195949 0.2755306 17.10535 1.478226 1 0.0 0.03302112663035288 5.4117834484701985 0.0
-0.02088832 0.02670881 0.3837315 0.6158793 2.469141 1.373698 0.6998174 20.24229 0.9742603 0 0.0 0.03390696748514234 0.7256425954013036 0.0
0.01539117 0.008282723 -6.035946 -1.969399 0.8727881 0.6261239 0.2010041 19.26738 0.3943462 0 0.0 0.017478318404916104 6.349108326065716 0.0
0.04904741 0.04023734 -6.790468 -0.1273572 1.305851 0.90648 0.3472056 19.8894 1.091906 0 0.0 0.06344045994461027 6.791662205632421 0.0
0.03667789 0.01879157 -2.177042 -2.897078 0.5857796 0.448317 0.2456349 18.85994 1.420647 0 0.0 0.04121153622369591 3.623889182611411 0.0
-0.02440762 0.0227447 -2.665951 -6.813077 0.2632086 0.1649123 0.3299479 17.70911 1.369051 1 0.0 0.03336245332937013 7.3160995716522335 0.0
-0.01082412 -0.006233626 -9.175973 4.001662 2.47723 1.501657 -0.07594493 19.94727 nan 0 0.0 0.012490783277371999 10.010583362570486 0.0
-0.01612225 0.03660103 0.4946506 -6.569126 1.956857 1.317386 0.4817674 19.74575 nan 0 0.0 0.039994528902381137 6.587723098306148 0.0
0.006883647 0.01531397 -4.867194 -1.65661 1.236181 0.8094771 0.4308925 19.79689 1.24049 0 0.0 0.016789945597931788 5.141394181127916 0.0
0.01018223 0.02193415 -2.456031 -3.254251 1.129436 0.7694742 0.525775 19.68408 nan 0 0.0 0.024182322965244675 4.077037876199092 0.0
-0.03139912 0.05048742 -5.880231 -9.494124 0.7632358 0.44495 0.664602 18.76981 1.111872 0 0.0 0.059454893112600916 11.167609732648119 0.0
3.814452e-05 0.04532438 -5.248292 -10.26633 1.050259 0.7308731 0.4147333 19.60132 1.590296 0 0.0 0.04532439605100994 11.530052063462854 0.0
0.04089248 0.02441502 -1.42792 -8.417321 0.3430202 0.2313233 0.2333857 18.09697 1.204193 1 0.0 0.04762654850134324 8.537578599546887 0.0
0.005359285 0.01395983 -9.858024 -3.317255 1.551657 1.03162 0.5573792 19.85731 nan 0 0.0 0.014953220032492165 10.401193100774593 0.0
0.01304024 0.05297026 -0.2775414 0.2053588 0.5571351 0.3828688 0.4364474 18.8037 0.9965725 0 0.0 0.05455177635719299 0.34525565230912586 0.0
0.02709532 0.05074783 -3.579193 -8.257774 0.4391182 0.3004629 0.2558649 18.39795 1.366621 1 0.0 0.0575282418957098 9.000080775544461 0.0
-0.03857379 0.03289393 -2.940588 -2.487445 0.4658604 0.3016188 0.4217988 18.53727 1.235609 0 0.0 0.050694653621550664 3.8515503909164943 0.0
0.002338011 -0.007936439 -1.016194 -2.043621 0.6293973 0.4083394 0.2585312 17.97745 1.026928 0 0.0 0.008273654539370253 2.282331491540394 0.0
-0.01506877 0.0354415 -3.198244 -6.404897 0.582797 0.3856589 0.4763289 18.85382 1.192141 0 0.0 0.03851191700711482 7.1590132186038735 0.0
-0.02756304 0.003632409 -2.117625 -1.202513 0.5365122 0.3490534 0.4087101 18.71406 1.314106 0 0.0 0.02780135912477807 2.4352357495310386 0.0
-0.04325281 0.0173494 -2.585611 -3.335788 0.7257138 0.4713822 0.4831178 19.06077 nan 0 0.0 0.04660265285642117 4.220529092929582 0.0
0.0008695135 0.006671963 4.493575 1.537275 0.3820644 0.237425 0.5511623 16.77931 nan 0 0.0 0.006728383461133236 4.749255805518376 0.0
-0.01379303 0.02941824 -2.731619 -2.545012 0.7472368 0.4995715 0.5060907 19.11514 1.248899 0 0.0 0.03249123760767663 3.7334740445468477 0.0
0.0415322 0.03111151 0.1011576 -5.597421 1.299817 0.9403883 0.2172819 19.83518 0.8202991 0 0.0 0.0518926747366148 5.598334994556753 0.0
-0.03086952 0.03889278 -6.159964 -2.581752 1.54931 0.9346337 0.7786443 19.5947 1.126116 0 0.0 0.0496545627426 6.6791166983965775 0.0
-0.03727663 0.05164928 -4.355088 0.1896415 0.3209695 0.1947941 0.3590254 17.96334 1.322073 1 0.0 0.06369611659022315 4.359214996563745 0.0
0.0008972243 0.006404934 -3.445311 -2.312817 0.1166863 0.07328195 0.3283577 15.51076 1.461579 0 0.0 0.006467471761737077 4.149613278633323 0.0
-0.02919777 0.002453294 -2.416428 -7.179045 0.6591922 0.4406358 0.5363577 19.01873 1.209154 1 0.0 0.029300655699545975 7.574814280971449 0.0
-0.009799451 0.001300486 -4.465328 -1.694632 0.9154896 0.5538272 0.6507438 18.52777 1.201782 0 0.0 0.009885368163988483 4.776079120262561 0.0
0.02723177 0.04082578 -1.689365 -2.785146 2.150015 1.293688 0.6021154 20.09872 nan 0 0.0 0.04907457192825323 3.257451817685259 0.0
0.006884831 0.03669153 -2.067428 -2.889199 2.350459 1.431088 0.4871612 20.20956 1.019304 0 0.0 0.03733188009783945 3.552707333398714 0.0
-0.02262864 -0.005474184 -2.826427 -3.40344 1.961002 1.42394 0.09558355 20.30583 0.9978619 0 0.0 0.023281366770777353 4.42403587462048 0.0
0.0098773 0.02127423 -3.013268 -2.414906 0.7081944 0.4519988 0.4711068 19.12209 1.305046 0 0.0 0.023455360099194814 3.861548268332276 0.0
-0.01889604 0.04878097 -2.854749 -0.9344682 0.5806706 0.3892547 0.4892179 18.87179 1.092819 1 0.1657691 0.052312936849526044 3.003801369899854 0.0
-0.01490396 0.04794037 -2.665309 -2.221702 1.885909 1.132557 0.4731226 20.29052 nan 0 0.0 0.050203656235562166 3.46984608337099 0.0
-0.04480841 0.02720412 -5.20026 -2.890733 1.086635 0.7280458 0.5292516 19.4829 0.9605713 0 0.0 0.052420012893002035 5.949709349614399 0.0
-0.008057035 0.05393198 -8.569683 -1.390372 0.4569376 0.3146458 0.4197877 18.41238 nan 0 0.0 0.05453048945050489 8.68173951572339 0.0
-0.02335437 0.02255036 0.5004711 -5.539658 0.1949363 0.118639 0.3817291 17.06623 1.161879 1 0.0 0.0324645242414932 5.562219168542283 0.0
-0.03510859 0.03153311 -6.055284 -3.112272 0.9633543 0.6635634 0.5795939 19.23958 1.023197 0 0.0 0.04719057234300301 6.8082818186852405 0.0
-0.0270473 0.05324265 4.09713 -1.086061 0.4876477 0.2870684 0.5961682 18.19067 1.165854 0 0.0 0.05971880956878243 4.238632177085079 0.0
-0.04738397 0.02157458 -0.3241267 -1.505353 0.259369 0.1607015 0.3288604 17.74752 1.142731 1 0.0 0.05206441313543542 1.5398525163995056 0.0
-0.01892075 0.02899604 -1.697624 -1.564341 2.802055 1.538659 0.5975628 20.53736 nan 0 0.0 0.03462318755175641 2.3084821874246724 0.0
0.02618067 0.05165593 -3.365923 -6.538921 1.348589 0.8229382 0.1444719 19.99965 1.143032 0 0.0 0.05791167918316477 7.354381380250143 0.0
-0.01162902 0.007787221 -5.758862 -3.13185 3.158971 1.677566 0.8735887 19.76999 nan 0 0.0 0.01399553203930601 6.555377636532009 0.0
0.0004538328 0.00933081 -3.947571 -1.379104 1.175699 0.7856117 0.4282936 18.78284 nan 0 0.0 0.009341840261236318 4.181536158262535 0.0
-0.02698698 0.03079127 -4.85634 -3.106415 0.6242481 0.3939445 0.3964345 19.045 0.9118099 0 0.0 0.04094385665436635 5.7648809482785515 0.0
0.01190084 0.02411219 -3.401915 -1.80182 0.1827993 0.1088578 0.3054405 16.97286 1.477564 1 0.943593 0.02688917438862153 3.8496208877790807 0.0
