jas1101finalproject/data/gcs/NGC_6717_Pal9.ecsv
# %ECSV 0.9
# ---
# datatype:
# - {name: x, unit: deg, datatype: float64}
# - {name: y, unit: deg, datatype: float64}
# - {name: pmx, unit: mas / yr, datatype: float64}
# - {name: pmy, unit: mas / yr, datatype: float64}
# - {name: pmx_e, unit: mas / yr, datatype: float64}
# - {name: pmy_e, unit: mas / yr, datatype: float64}
# - {name: pm_corr, datatype: float64}
# - {name: g_mag, unit: mag, datatype: float64}
# - {name: bp_rp, unit: mag, datatype: float64}
# - {name: filter, datatype: int64}
# - {name: memberprob, datatype: float64}
# - {name: r, unit: deg, datatype: float64}
# - {name: pm, unit: mas / yr, datatype: float64}
# - {name: member_prob_GMM, datatype: float64}
# meta: !!omap
# - comments: [deg deg mas/yr mas/yr mas/yr mas/yr dimless mag   mag   zeroone float]
# - __serialized_columns__:
#     bp_rp:
#       __class__: astropy.units.quantity.Quantity
#       unit: &id001 !astropy.units.Unit {unit: mag}
#       value: !astropy.table.SerializedColumn {name: bp_rp}
#     g_mag:
#       __class__: astropy.units.quantity.Quantity
#       unit: *id001
#       value: !astropy.table.SerializedColumn {name: g_mag}
#     pm:
#       __class__: astropy.units.quantity.Quantity
#       unit: !astropy.units.Unit {unit: mas / yr}
#       value: !astropy.table.SerializedColumn {name: pm}
#     pmx:
#       __class__: astropy.units.quantity.Quantity
#       unit: !astropy.units.Unit {unit: mas / yr}
#       value: !astropy.table.SerializedColumn {name: pmx}
#     pmx_e:
#       __class__: astropy.units.quantity.Quantity
#       unit: !astropy.units.Unit {unit: mas / yr}
#       value: !astropy.table.SerializedColumn {name: pmx_e}
#     pmy:
#       __class__: astropy.units.quantity.Quantity
#       unit: !astropy.units.Unit {unit: mas / yr}
#       value: !astropy.table.SerializedColumn {name: pmy}
#     pmy_e:
#       __class__: astropy.units.quantity.Quantity
#       unit: !astropy.units.Unit {unit: mas / yr}
#       value: !astropy.table.SerializedColumn {name: pmy_e}
#     r:
#       __class__: astropy.units.quantity.Quantity
#       unit: &id002 !astropy.units.Unit {unit: deg}
#       value: !astropy.table.SerializedColumn {name: r}
#     x:
#       __class__: astropy.units.quantity.Quantity
#       unit: *id002
#       value: !astropy.table.SerializedColumn {name: x}
#     y:
#       __class__: astropy.units.quantity.Quantity
#       unit: *id002
#       value: !astropy.table.SerializedColumn {name: y}
# schema: astropy-2.0
x y pmx pmy pmx_e pmy_e pm_corr g_mag bp_rp filter memberprob r pm member_prob_GMM
[from data line 115]
-0.004564872 -0.04834204 -3.682024 -2.560305 1.056129 0.9598877 0.5188906 19.50534 1.102892 0 0.0 0.048557088954528406 4.484692010562264 1.0
-0.02972816 -0.03446732 -2.230924 -5.845353 1.924772 2.023781 0.6894601 20.02326 0.1138897 0 0.0 0.045516586481940846 6.256610391288961 1.0
-0.04108108 -0.001305279 -0.4032454 -0.709475 0.5785973 0.5675334 0.7277588 18.54659 nan 0 0.0 0.041101811240312036 0.8160647206234074 0.0
-0.003382929 -0.04499461 -2.760664 -6.001517 1.350499 1.262756 0.4672402 18.51938 0.9791183 0 0.0 0.04512160389072114 6.6060178642041985 1.0
-0.01988022 -0.01186727 -1.506175 -5.911067 1.363665 1.395348 0.7658346 19.22191 0.7978287 0 0.0 0.02315286687434841 6.099940672589693 1.0
0.006664919 -0.03717651 0.3426038 -6.747369 0.4091539 0.3932019 0.5685679 18.35 1.072565 0 0.0 0.037769220816117735 6.756061410758153 1.0
-0.04236892 -0.02459058 -2.279463 -6.669996 1.823748 1.737625 0.7061563 19.92514 0.5450783 0 0.0 0.048987978185497716 7.048744441982913 1.0
-0.02925287 -0.01949263 0.793922 -4.259429 1.216018 1.192005 0.716331 19.44908 1.03866 0 0.0 0.035152425628309066 4.33278750322757 1.0
-0.03462739 -0.02745324 -3.912467 -5.021567 0.9600181 0.9182724 0.7200651 19.16504 0.474699 0 0.0 0.04418977850939853 6.365809701960781 1.0
-0.03902155 -0.01657491 -3.630101 -4.821847 0.6613 0.6571529 0.6790978 18.64497 1.039845 1 0.7985828 0.04239586071670913 6.03554817407748 1.0
-0.02637843 -0.0360917 2.831352 -2.034088 1.280256 1.184323 0.680228 19.47262 0.5635529 0 0.0 0.04470382956923154 3.4862685122703905 1.0
-0.03190117 -0.009824867 -3.071734 -5.468067 0.9612523 0.9573988 0.8385806 18.76938 0.9685783 0 0.0 0.03337982412980316 6.271786546371376 1.0
-0.008421454 -0.0333085 -2.688234 -7.944102 0.9753581 0.9546063 0.6732481 19.33862 0.8625603 0 0.0 0.034356615952740685 8.386617829921667 1.0
0.007284204 -0.03572695 -3.262087 -4.963928 0.1103807 0.09979034 0.3975928 16.04407 1.287158 1 0.992083 0.03646196078402965 5.939847875556494 1.0
-0.01630152 -0.04145168 -1.456311 -6.54476 1.383157 1.359228 0.7333166 19.7639 1.202236 0 0.0 0.044541905315475666 6.704828497905147 1.0
-0.007013729 -0.04104653 -1.91106 -5.647895 1.178145 1.135516 0.6614489 19.24163 1.090073 0 0.0 0.04164144593462553 5.962454884913177 1.0
-0.0327174 -0.01048691 0.1030673 -7.092545 0.6854451 0.6825657 0.6790612 18.75269 1.033815 1 0.0 0.03435700138411529 7.093293836107052 1.0
-0.01424799 -0.03145695 -1.473286 -5.263041 0.1997735 0.1903847 0.6131483 16.92071 1.017132 1 0.0 0.034533243727495395 5.465361123061952 1.0
-0.003777396 -0.02875164 0.3427213 -2.540128 1.230584 1.206789 0.6958527 19.61267 0.8039036 0 0.0 0.02899871588933579 2.563144191390272 1.0
-0.03838001 0.004522455 -1.359795 -3.647841 1.777184 1.760325 0.7867788 19.90126 0.800642 0 0.0 0.038645540063856336 3.893043334372994 1.0
-0.008843103 -0.04180958 -1.846264 -8.738502 0.7460871 0.709869 0.6863333 18.84667 0.892067 0 0.0 0.042734546334844935 8.931411308505504 1.0
-0.01329012 -0.04040422 -3.090666 -4.850891 0.1206342 0.1035281 0.4463391 15.68053 1.310538 1 0.9915534 0.04253384867870294 5.751813611152312 1.0
0.0003883867 -0.04598066 -3.507455 -1.340579 1.962849 1.455063 -0.358931 19.68252 nan 0 0.0 0.04598230027156468 3.7549157956292443 1.0
-0.002876243 -0.04929757 -4.181288 -3.186601 1.333548 1.260538 0.6304839 19.75507 0.8553467 0 0.0 0.049381405222005875 5.257147065866143 1.0
-0.009491914 -0.02048547 -3.048353 -4.74754 0.7263176 0.7307512 0.7445886 18.75395 1.013987 0 0.0 0.022577664017880503 5.641949314218357 1.0
-0.01424923 -0.01951313 -3.128982 -2.665101 1.32067 1.245685 0.626447 19.56087 0.5705109 0 0.0 0.024162011464068964 4.110144972689528 1.0
-0.02353677 -0.02978739 2.111063 -6.546052 1.893034 1.902721 0.6192974 19.93617 0.4492092 0 0.0 0.037964037522963755 6.878036331444681 1.0
-0.04755711 0.001019591 -5.663607 -5.428224 0.6372185 0.6200683 0.7241089 18.68803 0.9753571 0 0.0 0.04756803840142434 7.844874762838793 1.0
0.008972844 -0.03761342 -3.926115 -6.247204 0.7050749 0.6661187 0.5777804 19.00998 0.8472576 0 0.0 0.038668867238965454 7.3784779467611745 1.0
-0.01714871 -0.01877723 -1.279334 -5.088603 1.661862 1.461207 0.5945048 19.75466 0.7694969 0 0.0 0.02542956195330545 5.246958735797815 1.0
-0.046823 -0.005182854 -4.958765 -4.433508 1.274745 1.256557 0.7577473 19.38626 1.464287 0 0.0 0.04710897265474291 6.651717335492316 1.0
-0.02908634 -0.00834223 -5.219141 -7.578013 1.487783 1.429181 0.695271 19.76569 nan 0 0.0 0.03025901478846428 9.201397383335316 0.0
-0.04322487 0.01184332 -2.504903 -1.374909 0.8717971 0.8374302 0.7246092 19.11765 1.376289 0 0.0 0.044818005479263574 2.857431328604416 1.0
-0.0269428 -0.02873707 3.364812 -1.424101 0.6304409 0.5515783 0.4470458 18.52552 1.049456 0 0.0 0.03939205077201363 3.6537683907912117 1.0
-0.02252218 -0.03756539 -4.075041 -5.888712 0.7381758 0.7240628 0.7098243 18.95045 0.8280907 0 0.0 0.04379962463086299 7.161207172720602 1.0
-0.0489936 0.002855861 1.444476 -0.9196904 1.27578 1.258995 0.7818876 19.53304 0.7254543 0 0.0 0.04907676418643879 1.7124080548829945 1.0
-0.01509185 -0.03640279 -0.07074932 -0.6789822 1.411752 1.389574 0.7124768 19.7356 1.394899 0 0.0 0.03940719548771011 0.6826582557893095 0.0
-0.01675455 -0.01933031 -3.354375 -5.067085 0.4671491 0.4560528 0.6689113 18.19556 1.023331 0 0.0 0.025580770715492526 6.07677398278478 1.0
-0.01650081 -0.02261473 1.055248 -3.098338 1.499258 1.414745 0.7095947 19.68488 0.651186 0 0.0 0.02799469134727154 3.273109638210734 1.0
-0.03097093 -0.01532163 -3.358843 -4.839519 0.6263786 0.6817582 0.6890655 18.6274 0.982317 0 0.0 0.0345535938929918 5.890905741056294 1.0
-0.01881067 -0.01052435 -2.127892 -5.028431 0.9750587 0.9893033 0.7845681 19.04174 0.7504654 0 0.0 0.021554657240870245 5.460132112451585 1.0
-0.03133925 -0.004991516 -2.352941 -3.66148 0.243179 0.2572953 0.5842843 17.22269 1.399315 1 0.002533427 0.03173426889879072 4.352328932868126 1.0
-0.008421672 -0.02976465 -3.343602 -4.726988 0.8537342 0.8356018 0.703087 19.12501 0.9479198 0 0.0 0.030933136745213603 5.789999126644839 1.0
-0.02114371 -0.03327936 -3.608089 -5.729795 1.423321 1.420186 0.7493232 19.50855 nan 0 0.0 0.039428064555259365 6.771178403641866 1.0
-0.03404122 -0.00764719 -1.607337 -3.289202 1.229248 1.34434 0.6920953 19.45925 0.8984432 0 0.0 0.03488959979685207 3.66092638936827 1.0
-0.03561426 -0.02095898 -2.014857 -5.248232 0.69704 0.674342 0.6991176 18.72968 1.109507 0 0.0 0.04132377473063176 5.621706845458325 1.0
-0.0324369 -0.006210567 -5.423418 -6.007365 1.109566 1.232289 0.7309908 19.40622 0.73769 0 0.0 0.033026105190765216 8.093324227160863 1.0
-0.04955514 -0.001409172 -1.32389 1.083299 0.4447302 0.4296901 0.6938067 18.16564 1.02371 1 0.0 0.04957517187206902 1.71062019615723 1.0
-0.04603952 0.00907675 -3.004863 -5.431012 0.7973901 0.7686909 0.7454089 18.99304 0.8575268 0 0.0 0.046925736993604056 6.206858544619251 1.0
-0.0252866 -0.004378006 -5.355705 -5.434909 1.625656 1.499608 0.6709618 19.78199 0.9203568 0 0.0 0.025662795562760424 7.6303218729819 1.0
-0.04530986 0.01625435 -2.530242 -7.694908 0.9143555 0.8724664 0.7397229 19.15781 0.8957729 0 0.0 0.04813717178171252 8.100230472463608 1.0
-0.04327184 -0.01771869 1.395128 -4.918011 1.418001 1.559169 0.7112006 19.68865 1.306868 0 0.0 0.0467590003347131 5.112065564182936 1.0
-0.001497466 -0.02706741 -3.102509 -4.21782 1.063148 1.041506 0.6794332 19.4145 0.7225113 0 0.0 0.027108800942300195 5.235987743251601 1.0
-0.004931537 -0.02616722 -4.443783 -4.154832 0.9720308 0.9965545 0.69775 19.30407 0.2935467 0 0.0 0.02662786998073201 6.083571015391617 1.0
-0.01233377 -0.03389626 0.3410731 -6.999825 1.20802 1.184736 0.6794833 19.57163 1.325832 0 0.0 0.03607046332389563 7.008129628522051 1.0
0.001063953 -0.03170989 -3.210451 -4.847382 0.8698933 0.8244576 0.5881893 19.34404 0.9625549 0 0.0 0.03172773423675742 5.814130018955974 1.0
-0.01816187 -0.02047871 -3.674408 -10.3232 1.14934 1.174558 0.5763814 19.46231 0.8821526 0 0.0 0.02737208587523063 10.957633521452705 0.0
-0.008280899 -0.03037308 -2.297841 -3.745177 1.212156 1.173036 0.6974951 19.51652 nan 0 0.0 0.031481697491313916 4.393907602875828 1.0
-0.03809385 -0.01208475 -2.808604 -2.608331 0.4938916 0.5285391 0.6538094 18.27289 0.8940392 0 0.0 0.0399647668626379 3.8329684363919565 1.0
-0.01914494 -0.03586924 -3.288185 -3.84777 1.263644 1.201104 0.6833834 19.58069 0.6492634 0 0.0 0.04065871500405786 5.061372794719333 1.0
-0.009519296 -0.03149659 -6.736765 -5.699529 1.882182 1.946426 0.7801642 20.02289 0.7517986 0 0.0 0.03290368031031963 8.824320568013494 1.0
-0.005578084 -0.04717668 -3.222341 -6.465601 1.270037 1.18885 0.5545521 19.64601 0.7649097 0 0.0 0.04750530661866584 7.224090102669125 1.0
-0.04921489 -0.008109566 -3.190644 -1.057165 2.04728 2.119917 0.7829504 20.02754 1.464993 0 0.0 0.04987855710042599 3.3612210537185736 0.0
-0.01438813 -0.03709699 2.919959 -3.945956 1.657707 1.590543 0.6807412 19.60948 0.7961445 0 0.0 0.039789508063772294 4.908841952601143 1.0
-0.03237486 -0.03044151 -5.898823 -6.704477 1.362918 1.351894 0.7723052 19.48433 0.3807487 0 0.0 0.04443891415302246 8.930068567981882 1.0
-0.0251689 -0.03204598 1.456719 -1.679756 0.3097579 0.3040817 0.5207914 17.55988 1.601841 0 0.0 0.04074823138947751 2.223423141126538 0.0
-0.0446303 0.004589225 -3.763006 -4.914298 1.03532 0.9878338 0.7394048 19.36049 1.199894 0 0.0 0.04486562898467629 6.1895507905533815 1.0
-0.02708248 -0.03407386 -0.04456165 0.3525477 0.2227033 0.2017966 0.5742711 17.05672 1.039532 1 0.0 0.04352572409794006 0.35535281260461765 0.0
0.003034088 -0.03837991 -2.784178 -5.533409 0.9364713 0.8927514 0.588523 19.48661 0.8763695 0 0.0 0.03849965170751346 6.194373438610639 1.0
0.006299121 -0.03507078 -3.650259 -5.137082 0.4295939 0.4090914 0.5688089 18.41622 1.023554 0 0.0 0.03563198752779644 6.3019046519131825 1.0
-0.02553573 -0.02708313 0.7158596 -4.359474 0.3093346 0.2822614 0.5620932 17.47015 0.9286861 1 0.0 0.03722323786601321 4.4178579112040435 1.0
-0.01472654 -0.03094011 -1.042242 -4.923228 0.5968711 0.5660597 0.5770144 17.15127 1.099401 0 0.0 0.034266038393483716 5.032339647375562 1.0
0.002527458 -0.03894448 -2.589332 -4.422605 0.8598724 0.8068709 0.5660603 19.33338 0.9669495 0 0.0 0.039026408576913196 5.124848797013333 1.0
-0.01072943 -0.03390948 -2.123377 -4.611718 1.04312 1.024606 0.7049666 19.4151 0.791563 0 0.0 0.03556646597562513 5.077073250963886 1.0
-0.02725771 -0.002188748 -5.864586 -6.701912 1.303098 1.253932 0.7019295 19.4904 nan 0 0.0 0.027345445182911248 8.905559690841446 0.0
-0.01841432 -0.02712586 -4.527666 -7.125057 1.273797 1.310192 0.7697801 19.50817 0.2116051 0 0.0 0.0327856593925149 8.441930860934896 1.0
-0.01039281 -0.01886429 -3.850042 -6.320841 0.776466 0.7404074 0.6855504 19.00644 0.8999672 0 0.0 0.021537686433324262 7.4010711622740795 1.0
-0.00487528 -0.02507049 -1.630357 -5.423917 0.07430113 0.07115886 0.5748304 14.69538 1.577248 1 0.0 0.025540121846195255 5.663650728137992 1.0
-0.02094776 -0.02626791 -0.7936246 -4.438885 0.9279061 0.904849 0.5987332 19.13025 0.6703033 0 0.0 0.03359779374878207 4.509272674051788 1.0
-0.03870985 -0.02381321 -2.633946 -2.794681 1.185563 1.09002 0.6725415 19.44941 0.7189922 0 0.0 0.0454480082899856 3.8403012150971962 1.0
-0.01331866 -0.03637018 -3.725807 -5.379985 0.1852673 0.1762231 0.5893629 16.68436 1.379593 1 0.5294277 0.03873211454888566 6.544148256379435 1.0
-0.01956602 -0.04359406 -2.082186 -4.326708 0.8341741 0.7910394 0.6751681 19.06606 1.337076 0 0.0 0.04778358720234386 4.801656032647487 1.0
-0.03615336 -0.00480006 -2.896927 -3.461221 1.974519 2.100826 0.8030751 20.03736 1.193323 0 0.0 0.036470618520847715 4.513561437952296 1.0
-0.01954 -0.02876442 -4.863161 -6.654869 1.542309 1.561743 0.751681 19.84647 0.9408321 1 0.692479 0.03477360288978408 8.242427817038012 1.0
0.000923152 -0.04152891 -2.351669 -2.761762 0.8532956 0.8019441 0.5644971 19.32783 0.7667999 0 0.0 0.041539169170834465 3.627351158931955 1.0
-0.02007738 -0.01120354 -0.1379122 -3.41045 2.068613 2.205568 0.8456577 19.91845 nan 0 0.0 0.02299174843712413 3.4132373163038108 1.0
-0.004368529 -0.02763586 -5.159657 -5.057792 0.2380336 0.2293203 0.6318581 17.30365 1.319073 1 0.0 0.027979006479205818 7.225186521669389 1.0
-0.01363014 -0.01756757 -8.337567 -4.672373 0.735217 0.7181831 0.7104908 18.9158 0.695982 0 0.0 0.02223511259527372 9.557514997666392 0.0
-0.01618912 -0.0399296 -1.391654 -6.220782 1.667441 1.68961 0.7343115 19.92106 0.7631207 0 0.0 0.043086663395236355 6.374545438479515 1.0
-0.01264454 -0.02144512 -2.295874 -4.130065 1.090312 1.070195 0.7610502 19.35597 0.7639618 0 0.0 0.024895332165408037 4.7253015065814585 1.0
-0.04293731 -0.007306367 0.1258039 -6.126024 0.7684217 0.7386164 0.675811 18.68571 1.069902 0 0.0 0.04355451284051733 6.127315616959127 1.0
-0.03981289 -0.005781452 -7.421963 -11.59904 1.234244 1.182191 0.7309821 19.56104 1.191103 0 0.0 0.040230478463229885 13.770376309127105 0.0
-0.005719611 -0.02785907 -3.084773 -4.997643 0.0612644 0.0583482 0.5850174 13.88502 1.453208 1 0.9986575 0.02844014295421563 5.873011154167681 1.0
-0.01134762 -0.04629394 -0.5902304 -1.823731 1.906732 1.956061 0.7178746 19.99604 0.6967678 0 0.0 0.04766442447347916 1.916863762880701 1.0
0.0006698751 -0.0360224 -3.321346 -5.553153 1.622377 1.607807 0.711771 19.88864 0.7102604 0 0.0 0.03602862798400184 6.47061415115482 1.0
-0.03488277 -0.01944054 -6.074567 -4.858193 0.9105655 0.8541622 0.6876575 19.16586 0.9186153 0 0.0 0.03993422389836192 7.778329091954004 1.0
-0.00659231 -0.02535857 -2.701586 -5.113115 0.8892049 0.8774124 0.7082677 19.21991 0.983099 0 0.0 0.02620144315836439 5.782950105147112 1.0
-0.005550676 -0.02905878 -4.015915 -5.800888 0.8757214 0.8546306 0.7024286 19.08157 1.102655 0 0.0 0.029584162978617056 7.0553437106755466 1.0
-0.01658309 -0.04050376 -4.500351 -6.905651 0.2194101 0.2064553 0.6128092 17.12059 0.9637165 1 0.0 0.04376703608979822 8.242643681307715 1.0
-0.04074178 -0.006222323 7.190494 -8.856824 0.885337 0.8542818 0.7034076 19.08397 0.8402462 0 0.0 0.04121419586847145 11.408178440531687 0.0
-0.03902683 0.001958795 0.06290088 -5.939807 1.171152 1.135893 0.7336311 19.5509 1.087978 0 0.0 0.03907595600495175 5.940140041947982 1.0
0.0001632464 -0.03644964 -2.172798 -3.146385 1.186265 1.115927 0.6027888 19.70494 0.9016972 0 0.0 0.0364500055626431 3.8237141259551555 1.0
-0.01793415 -0.03977342 1.750443 1.650101 0.2625994 0.2522839 0.6442547 17.44513 1.036076 1 0.0 0.04362979113769512 2.4055943146029426 1.0
-0.04231652 -0.01198681 -2.667552 -3.786826 0.7217589 0.695006 0.7200277 18.77567 1.271336 0 0.0 0.04398149018492325 4.63204974357789 1.0
-0.004874711 -0.04102737 -2.987674 -2.6678 0.4846237 0.4675521 0.6097017 18.45033 1.033661 1 6.384685e-06 0.041315952082100454 4.005415430423666 1.0
-0.03522294 -0.01018617 4.44714 -6.165825 0.2344134 0.2504029 0.6031629 17.21589 1.254612 1 0.0 0.03666624553335806 7.602266248312079 1.0
-0.04437049 -0.01522232 -4.43369 -0.7285142 0.9861455 0.9887773 0.7412919 19.19997 0.8732719 0 0.0 0.046909054659228636 4.493143660701452 1.0
-0.01230592 -0.03067665 -0.3889715 1.694777 0.8793637 0.8579052 0.717382 19.08564 0.8995533 0 0.0 0.03305287464455853 1.7388409667192828 0.0
-0.04009603 -0.0002559454 -3.257909 -4.742887 0.2140363 0.2049008 0.661394 17.01307 1.224426 1 0.9307857 0.04009684688112871 5.754037551758764 1.0
-0.04366935 -0.007005238 0.2054593 1.935047 1.059388 1.007734 0.744275 19.31345 0.941391 0 0.0 0.044227655249392823 1.9459240520034409 1.0
-0.02413086 -0.01276822 0.1619586 -4.447607 1.987774 2.087763 0.77071 19.9892 0.7256088 0 0.0 0.027300656517893485 4.4505548659198615 1.0
-0.02300526 -0.01020074 -0.7075203 -6.215046 1.455675 1.439311 0.7730894 19.70897 0.7051945 0 0.0 0.025165394576982098 6.2551883870134635 1.0
-0.03879778 -0.01150702 -2.036224 -3.973038 0.924591 0.8949844 0.4763417 18.8499 nan 0 0.0 0.040468249804121746 4.464441636713374 1.0
