jas1101finalproject/data/gcs/NGC_5286.ecsv
# %ECSV 0.9
# ---
# datatype:
# - {name: x, unit: deg, datatype: float64}
# - {name: y, unit: deg, datatype: float64}
# - {name: pmx, unit: mas / yr, datatype: float64}
# - {name: pmy, unit: mas / yr, datatype: float64}
# - {name: pmx_e, unit: mas / yr, datatype: float64}
# - {name: pmy_e, unit: mas / yr, datatype: float64}
# - {name: pm_corr, datatype: float64}
# - {name: g_mag, unit: mag, datatype: float64}
# - {name: bp_rp, unit: mag, datatype: float64}
# - {name: filter, datatype: int64}
# - {name: memberprob, datatype: float64}
# - {name: r, unit: deg, datatype: float64}
# - {name: pm, unit: mas / yr, datatype: float64}
# - {name: member_prob_GMM, datatype: float64}
# meta: !!omap
# - comments: [deg deg mas/yr mas/yr mas/yr mas/yr dimless mag   mag   zeroone float]
# - __serialized_columns__:
#     bp_rp:
#       __class__: astropy.units.quantity.Quantity
#       unit: &id001 !astropy.units.Unit {unit: mag}
#       value: !astropy.table.SerializedColumn {name: bp_rp}
#     g_mag:
#       __class__: astropy.units.quantity.Quantity
#       unit: *id001
#       value: !astropy.table.SerializedColumn {name: g_mag}
#     pm:
#       __class__: astropy.units.quantity.Quantity
#       unit: !astropy.units.Unit {unit: mas / yr}
#       value: !astropy.table.SerializedColumn {name: pm}
#     pmx:
#       __class__: astropy.units.quantity.Quantity
#       unit: !astropy.units.Unit {unit: mas / yr}
#       value: !astropy.table.SerializedColumn {name: pmx}
#     pmx_e:
#       __class__: astropy.units.quantity.Quantity
#       unit: !astropy.units.Unit {unit: mas / yr}
#       value: !astropy.table.SerializedColumn {name: pmx_e}
#     pmy:
#       __class__: astropy.units.quantity.Quantity
#       unit: !astropy.units.Unit {unit: mas / yr}
#       value: !astropy.table.SerializedColumn {name: pmy}
#     pmy_e:
#       __class__: astropy.units.quantity.Quantity
#       unit: !astropy.units.Unit {unit: mas / yr}
#       value: !astropy.table.SerializedColumn {name: pmy_e}
#     r:
#       __class__: astropy.units.quantity.Quantity
#       unit: &id002 !astropy.units.Unit {unit: deg}
#       value: !astropy.table.SerializedColumn {name: r}
#     x:
#       __class__: astropy.units.quantity.Quantity
#       unit: *id002
#       value: !astropy.table.SerializedColumn {name: x}
#     y:
#       __class__: astropy.units.quantity.Quantity
#       unit: *id002
#       value: !astropy.table.SerializedColumn {name: y}
# schema: astropy-2.0
x y pmx pmy pmx_e pmy_e pm_corr g_mag bp_rp filter memberprob r pm member_prob_GMM
[from data line 689]
0.07639074 0.0198065 0.7363546 2.12124 2.19161 1.324723 -0.4436084 20.13882 0.81814 0 0.0 0.07891668137977927 2.2454124865024596 1.0
-0.09102491 -0.04373889 0.8944198 -0.07710756 1.234115 0.7689551 -0.1369215 19.56528 1.211227 0 0.0 0.10098824059731014 0.8977373527046725 0.0
0.02495688 -0.006553373 0.6857731 -0.1586739 0.6675782 0.6274175 -0.04599946 18.34747 1.022182 0 0.0 0.02580295636184988 0.7038907239229822 1.0
0.04016086 -0.001814888 1.581344 7.372532 3.038201 2.702689 0.2756456 20.45446 0.8172264 0 0.0 0.04020184690274993 7.540217300407197 0.0
-0.07743153 -0.09690603 -4.643137 -2.446486 0.1747025 0.1823554 -0.1771214 17.07564 1.599468 1 0.0 0.1240420109821741 5.248239223679215 0.0
0.1024913 0.05823447 -8.138899 0.8546488 0.8631948 0.4676253 0.01733412 19.2003 1.259802 1 0.0 0.11788010888979912 8.183648422527842 0.0
0.002394603 -0.01886047 1.342877 -0.04704789 0.3816767 0.3282514 -0.127545 16.4405 0.7354498 0 0.0 0.01901187660775519 1.3437009120643078 1.0
0.03505004 -0.009112022 -1.037942 0.481683 0.6790446 0.5775531 -0.3268537 18.95478 1.030022 0 0.0 0.03621511078169006 1.1442648766142391 1.0
-0.01503174 -0.01074139 0.2659615 -2.524123 0.5808259 0.9326954 -0.6212901 18.27889 1.020227 0 0.0 0.01847513644224854 2.538096223276661 1.0
-0.03235058 -0.1092572 -7.046771 -2.508008 2.122788 2.139207 -0.3607602 20.29196 0.7679424 0 0.0 0.11394602133543935 7.479778449560187 0.0
0.1069341 0.04529628 -6.218402 3.439001 2.44192 1.63985 0.06512181 20.40633 0.9993687 0 0.0 0.11613205726520305 7.106001077371506 0.0
-0.01769779 -0.01160447 -10.75676 0.1715977 0.1625606 0.1628149 -0.3682114 16.19819 1.38114 0 0.0 0.0211630691267831 10.758128622964371 0.0
-0.1212768 -0.02559386 -3.098992 -1.764384 1.203923 0.7338549 -0.1377642 19.37836 1.109524 0 0.0 0.12394800477595273 3.566062578744237 0.0
0.04298648 0.01506259 -1.503058 1.29397 1.498878 1.10863 -0.3140475 19.71674 0.8389416 0 0.0 0.045549084297036094 1.9833158377484912 1.0
0.109501 -0.0334835 -1.493041 -1.351157 2.598361 2.145307 0.356589 20.51594 0.9364738 0 0.0 0.11450595518683733 2.013652568426341 0.0
0.02440287 -0.02747669 -3.69754 -5.346587 1.86736 1.119909 -0.2849104 19.25176 nan 0 0.0 0.03674872184978683 6.500599556976956 0.0
0.06642096 -0.09310833 -5.398563 -4.243356 0.1996206 0.1702754 -0.04435722 17.34078 1.257671 1 0.0 0.11437178429451252 6.866625998822494 0.0
0.06502645 0.01594068 0.04195978 -0.1654554 0.1372097 0.1167711 -0.03953887 16.27702 1.352287 0 0.0 0.06695180713367564 0.1706930359645888 0.0
0.08850081 0.04368764 -1.806243 -0.2100215 1.762024 1.008748 -0.1610109 20.03267 0.9484577 0 0.0 0.09869652100973823 1.8184121660149688 0.0
0.03206571 -0.04137073 -6.678778 -2.668026 0.3210975 0.2741719 -0.028147 17.69212 1.126432 1 0.0 0.0523425931583161 7.191970405247786 0.0
0.003622762 -0.01970742 12.36016 3.583763 0.9224821 0.9280037 -0.2209261 18.73987 nan 0 0.0 0.020037634779710004 12.869223460091483 0.0
0.09348452 -0.06483535 -5.397126 -0.4907335 3.114105 3.179993 0.2765989 20.61448 0.4452419 0 0.0 0.11376721007941129 5.419390042052542 0.0
-0.05721913 -0.00972946 2.661472 0.2431933 1.3339 1.006047 -0.3044028 19.49949 0.9135399 0 0.0 0.05804042754708566 2.67255985675698 1.0
0.00765619 -0.04035687 13.6378 -16.08373 1.084526 0.9873904 -0.2252127 18.88612 1.071966 0 0.0 0.04107668683709776 21.08734121583136 0.0
-0.0721788 -0.05260115 -3.151252 -2.958785 2.589736 2.413253 -0.3954214 20.33419 1.161413 0 0.0 0.08931215007356222 4.322591565684757 0.0
-0.02145547 -0.03993783 -0.2589995 -0.4934677 0.3893753 0.3403581 -0.1160316 18.26602 1.132563 0 0.0 0.045336160600891205 0.5573070176693812 1.0
0.06662387 0.0267378 -5.713964 -1.273964 0.117587 0.104192 -0.03382838 16.18614 1.379486 1 0.0 0.07178892674094592 5.854260744670671 0.0
0.09224049 0.04482467 -4.52203 -1.949083 0.8951844 0.5114711 -0.07603498 19.25211 1.339352 0 0.0 0.10255515119217073 4.92419332091958 0.0
-0.05165534 -0.0286552 5.620775 -3.218303 2.05945 1.09723 0.08411691 19.7141 0.942358 0 0.0 0.0590710981576913 6.476927188137442 0.0
0.006761595 -0.04055509 -1.522914 -6.428562 1.59747 1.088425 -0.2295371 19.46171 1.016666 0 0.0 0.04111489379594851 6.606487450925795 0.0
-0.04754728 -0.01546333 -7.442015 -1.791113 0.4923272 0.8221765 -0.6661525 18.05397 nan 0 0.0 0.04999858408082473 7.654519778470364 0.0
0.0106981 -0.01429547 -1.029096 -0.7031435 0.4800164 0.3718612 -0.01021967 17.91295 0.5043507 0 0.0 0.017855245899480073 1.2463744857819619 1.0
0.03055532 -0.1083481 -3.860303 -0.02128217 2.343672 1.72732 0.004630373 20.26717 1.420279 0 0.0 0.11257414602790643 3.8603616647367263 0.0
0.04773288 -0.02017467 -1.13251 -0.4101677 1.346507 0.7616421 -0.05601299 19.62745 0.7948284 0 0.0 0.051821280789877244 1.204498419352757 1.0
-0.001080246 -0.03427943 -0.8373678 -1.910697 2.036953 1.095136 -0.02647401 19.84455 0.7943382 0 0.0 0.0342964466460509 2.0861322724807843 1.0
0.09633069 0.04025769 1.203706 -1.108234 1.083128 0.6458275 -0.1521995 19.4655 1.033903 0 0.0 0.1044044225117509 1.636181754326823 0.0
0.04938381 -0.05188802 -8.836282 -2.579279 0.5626847 0.4998114 -0.1016829 18.61354 1.173754 0 0.0 0.0716318875197108 9.205029046307512 0.0
-0.004983795 -0.1104248 -4.942356 -2.496519 1.150865 0.6692154 -0.1654995 19.29685 1.620399 0 0.0 0.11053720942579484 5.5371012224897065 0.0
-0.008276873 -0.02833305 2.917215 -1.448258 2.380348 2.4316 -0.253305 20.47479 0.6194954 0 0.0 0.029517255105457028 3.2569302403933986 1.0
0.09676568 0.03857448 -8.69773 -0.9615869 0.6018149 0.4304193 -0.1367062 18.92179 1.164234 1 0.0 0.10417095244420492 8.750723199779069 0.0
-0.1011459 -0.002481215 -3.594735 -3.399378 2.748895 2.338824 -0.3132024 20.2521 0.9925404 0 0.0 0.10117632882589793 4.9475135681581515 0.0
0.02976737 0.009671477 0.01465859 2.883276 2.633116 1.957632 -0.2123761 20.19063 nan 0 0.0 0.03129910196920079 2.8833132619326656 1.0
0.007983454 -0.01917391 0.05266985 -0.1624245 0.1753838 0.1323449 -0.008263323 16.62377 0.6170855 0 0.0 0.020769553737579823 0.17075078711172167 1.0
-0.04307167 -0.07641776 -0.5897073 0.05925544 2.132243 1.214909 -0.1763337 20.09135 0.8558693 0 0.0 0.08772025307764736 0.5926768991979388 0.0
0.06960385 -0.03168115 -0.5938488 0.3885863 1.21099 0.793465 -0.0709308 19.67216 0.7279167 0 0.0 0.07647477492706337 0.7096870506139519 1.0
-0.05883296 -0.07283426 2.461285 1.15137 4.02686 3.4023 -0.358314 20.81689 -0.07999039 0 0.0 0.09362770216185591 2.717273767606974 0.0
-0.006477641 -0.02911478 0.6392118 -3.028597 2.9279 2.487828 -0.1208579 20.51385 nan 0 0.0 0.029826670068468605 3.0953176757270393 1.0
-0.01779626 -0.07661837 -3.890768 -6.774167 3.402481 3.179339 -0.5024074 20.74356 0.9153576 0 0.0 0.07865800335277079 7.812004491403791 0.0
0.02329112 -0.004816808 1.453609 -2.499845 0.7589537 0.7268679 -0.0522614 18.68281 0.5124626 0 0.0 0.02378398432061508 2.8917475942595683 1.0
0.05118842 -0.02065525 -7.796861 -1.443346 1.061582 0.7189452 0.05464771 19.30093 1.012423 0 0.0 0.05519867475455276 7.92933093829719 0.0
0.05959753 -0.08456163 -7.215544 -4.724783 1.922421 1.95277 -0.2029431 20.34347 0.7428684 0 0.0 0.10345305626397801 8.624827512073793 0.0
-0.1099446 -0.003325478 -3.233221 0.4439557 2.968598 2.345604 -0.1940456 20.38001 1.193226 0 0.0 0.10999488112220716 3.2635585942960317 0.0
0.1060845 -0.03326564 0.2985335 -1.403301 1.447488 0.865772 -0.06487989 19.99173 0.7198563 0 0.0 0.11117789323808758 1.434704132294617 0.0
0.07344838 -0.002603874 -13.02475 -5.285584 2.135657 1.671672 -0.09178332 20.36976 0.8240509 0 0.0 0.0734945214586249 14.056369046932284 0.0
-0.07094663 -0.03119493 -8.860038 0.1405799 2.33264 1.510714 -0.4552047 19.91771 0.6428318 0 0.0 0.07750192233784785 8.861153202023312 0.0
0.07915573 -0.08927577 -7.482196 -1.323437 1.74837 1.760634 -0.1747674 20.4412 1.043358 0 0.0 0.11931384119592243 7.598338139052842 0.0
-0.114635 -0.001563143 -3.586212 -2.42209 1.211685 0.7402542 -0.1803264 19.41751 1.128944 0 0.0 0.11464565687821955 4.3275208234096345 0.0
-0.04171118 -0.1083493 -4.429196 -1.217369 0.2612604 0.2568663 -0.1388589 17.82544 1.419733 1 0.0 0.11610078960748889 4.593447995632149 0.0
-0.001194679 -0.02595958 -0.1294309 -2.090081 1.362136 0.6080154 0.1207456 18.90579 0.8312149 0 0.0 0.02598705546400825 2.0940847510155387 1.0
-0.1194456 0.02420055 -10.59878 0.310553 3.297541 2.479439 -0.1288329 20.3282 1.601393 0 0.0 0.1218725480970284 10.603328753472137 0.0
0.06564642 -0.03673359 1.194747 0.05345849 1.572453 0.9037878 -0.05991891 20.02734 0.4577236 0 0.0 0.07522505628515343 1.1959423916569225 1.0
0.007991378 -0.02831393 2.757685 1.1993 1.176141 0.8146972 -0.1811778 19.29206 1.017567 0 0.0 0.02942007400371019 3.0071825766363105 1.0
0.004530543 -0.08251646 -12.82694 4.560073 3.579069 2.929655 -0.242817 20.56026 1.289391 0 0.0 0.08264074050252967 13.613399851944736 0.0
-0.1083212 -0.06940378 -6.808459 -7.030681 0.9171031 0.6098117 0.1480731 18.91425 1.238724 1 0.0 0.1286482298662846 9.787011253617829 0.0
0.007992034 -0.02455645 -15.32998 -4.412341 0.5393102 0.3532433 0.08015061 18.08309 1.389736 0 0.0 0.025824249148032476 15.952336502866313 0.0
0.01984467 -0.1114245 -1.989783 -0.1253641 1.736767 0.9952964 -0.1797267 19.88366 1.092243 0 0.0 0.11317786942533818 1.993728302617438 0.0
0.06651256 -0.06937723 -8.191189 -2.184624 0.8691501 0.5549383 -0.1704686 19.24255 1.252626 0 0.0 0.09610994059006851 8.477509024182574 0.0
-0.1115284 -0.07242511 -8.739931 -5.045181 0.542608 0.519502 -0.1350967 18.81865 1.555668 1 0.0 0.1329811286050472 10.091592798340706 0.0
9.998973e-05 -0.02812631 -0.8470057 -3.06592 2.180664 1.178991 -0.02553373 19.3086 nan 0 0.0 0.028126487732424137 3.1807678478997006 1.0
0.02475955 -0.07192191 0.5614573 1.582017 0.4577043 0.3355748 0.05664172 18.22065 1.220806 0 0.0 0.07606442305211156 1.6786935658458604 0.0
-0.02242623 -0.03981622 -4.17121 -1.343058 0.5722624 0.4615576 -0.1308158 18.78138 1.153086 0 0.0 0.045697561938262084 4.38209968570593 0.0
-0.08532477 -0.09976204 -5.612349 -0.6488815 0.3725312 0.3597646 -0.1757755 18.2183 1.318693 1 0.0 0.1312736873882748 5.649735259181907 0.0
-0.0995441 -0.08628677 0.320518 -1.857167 2.608684 1.477358 -0.07362543 20.26866 1.563938 0 0.0 0.13173623086244307 1.8846222576986085 0.0
-0.01254739 -0.04141462 -4.956999 -1.771674 1.388409 0.9644707 -0.2001191 19.81524 0.8618755 0 0.0 0.04327363799770595 5.2640923100072055 0.0
-0.006398131 -0.05310158 0.4291621 0.285212 0.7236312 0.5471202 -0.1669683 19.0644 1.104654 0 0.0 0.05348564180029591 0.5152921433715151 1.0
-0.02175981 -0.06031989 6.43115 -2.093471 2.804211 2.76834 -0.4756793 20.44319 0.7699623 0 0.0 0.06412471022038385 6.7633062292299755 0.0
0.05520246 0.01574758 -2.700889 -0.7300067 1.554869 1.027432 -0.1744032 19.87708 0.7256908 0 0.0 0.05740468505190147 2.7978047059017346 1.0
0.07210764 -0.03141037 -6.776404 -1.522214 0.7278452 0.5096798 0.004626663 19.05124 1.223164 0 0.0 0.07865191091071151 6.945270810631649 0.0
0.05046867 0.01737811 3.487 0.1987713 2.53174 2.004931 -0.2240771 20.32794 0.4120102 0 0.0 0.05337682417249082 3.492660737847822 1.0
0.00743045 -0.02398415 1.157201 -0.03318191 0.4187624 0.2664899 -0.005688321 16.53763 1.244168 0 0.0 0.025108784088939868 1.1576766360051705 1.0
0.08724417 0.01462963 0.08665788 -0.214315 0.0768464 0.05905849 0.0985918 14.43213 1.577217 1 0.9983973 0.08846225903132815 0.23117202986324795 0.0
-0.02902832 -0.05881713 -0.1738739 0.6990912 1.40991 1.569949 -0.2295712 19.9492 0.7108517 0 0.0 0.06559038148584974 0.7203892274448932 1.0
0.07647043 0.03901721 -5.631388 -1.144729 0.56374 0.4135146 -0.127877 18.68122 1.151001 1 0.0 0.08584910797771285 5.746558560563444 0.0
-0.117951 0.01003278 -2.750202 -4.963964 1.536503 1.511558 -0.1779762 19.62162 nan 0 0.0 0.11837691952204366 5.674905253314807 0.0
0.1162707 -0.01761575 -4.826595 1.123189 0.6667904 0.4437271 -0.09064115 18.94168 1.243927 1 0.0 0.11759757789407273 4.955559789140476 0.0
0.0585352 -0.0008619458 -2.006809 4.842797 2.529881 2.367555 -0.135403 20.53661 0.6524696 0 0.0 0.058541545842266056 5.242133644394237 0.0
0.01200228 -0.08807201 -2.380817 -0.4077533 2.292244 2.098312 -0.3584435 20.37817 0.6761208 0 0.0 0.08888607129713014 2.415481803108831 0.0
0.1219949 -0.03479303 -5.513029 0.2416054 0.9553125 0.582989 -0.1141067 19.41807 1.035305 0 0.0 0.12685941258964942 5.518320570984452 0.0
0.01510242 -0.02761763 5.537708 -0.5421999 1.855362 0.7440476 0.005048098 19.34799 0.7986107 0 0.0 0.03147723902557688 5.564188226940567 0.0
0.0595257 0.02839934 -0.04210744 -0.1008447 1.796855 1.115958 -0.4009592 19.91115 0.5915585 0 0.0 0.06595325217853627 0.1092826153669631 0.0
-0.1189964 -0.001955743 4.857932 3.448468 0.608996 0.5457097 -0.09111796 16.72721 1.918343 0 0.0 0.11901247053835178 5.9574688302707886 0.0
0.1229546 -0.03537925 -4.048783 0.3615457 0.9015257 0.5445654 -0.1132714 19.31671 1.13233 0 0.0 0.12794344450468145 4.064893488675625 0.0
-0.1189406 -0.01974741 -1.584782 1.175875 1.658908 1.565903 -0.2694651 19.77855 1.617887 0 0.0 0.12056876266292235 1.9733768021209228 0.0
-0.01742923 -0.04165655 -2.425391 1.432499 1.53034 1.732108 -0.2272479 20.0929 0.8153229 0 0.0 0.04515579936503616 2.8168377461050182 1.0
-0.001803975 -0.02497922 -0.6100044 1.931387 0.8924148 0.7659356 0.1472531 17.81041 1.105129 0 0.0 0.0250442759449944 2.0254286242147264 1.0
-0.1248762 0.03412721 -4.026206 -1.275483 0.379309 0.3383022 -0.04711513 17.6378 1.321074 0 0.0 0.12945552050346906 4.223409953784383 0.0
0.06070683 -0.02243309 -1.206766 -0.5310553 0.875313 0.5816364 -0.03517246 19.21835 0.8283157 0 0.0 0.06471910641840631 1.3184475379832488 1.0
-0.02299229 -0.01179374 -0.7766425 0.4293259 1.726942 1.058591 -0.435331 19.02574 nan 0 0.0 0.025840621173487684 0.8874087565587011 1.0
-0.02159069 -0.05586425 -7.156941 -1.839079 1.082885 0.7325583 -0.1417784 19.42641 nan 0 0.0 0.05989133762689392 7.389453027506298 0.0
0.05729559 -0.06273099 1.523843 0.2563799 1.082788 0.648833 -0.1410044 19.36513 0.8997307 0 0.0 0.08495858838180045 1.5452598945721105 0.0
0.04973879 -0.02292339 -8.078396 -1.30712 0.2929287 0.1902622 -0.05384099 17.64021 1.205242 1 0.0 0.05476704337241695 8.183461653066873 0.0
0.02541423 -0.006164526 2.102877 -0.04353178 0.7151808 0.5953513 -0.03613136 18.8851 nan 0 0.0 0.026151184816324783 2.1033275287027857 1.0
0.00848 -0.01134624 -0.4687715 0.3888387 0.1436143 0.1235313 -0.04001009 15.89926 1.28089 0 0.0 0.014165011900369163 0.6090502884244781 1.0
-0.08061015 -0.06234272 -3.064061 -2.144737 0.8781636 0.5891658 -0.1257142 19.15159 1.634186 0 0.0 0.10190491165798095 3.7401024866826846 0.0
0.01788196 -0.003528822 -13.13481 -0.9067352 0.4151021 0.4348702 -0.09875888 18.24451 1.125494 0 0.0 0.018226823040488543 13.166070122060685 0.0
0.02458627 -0.1111025 -8.549436 -3.289755 0.6336324 0.4875147 -0.08395796 19.01943 1.327044 0 0.0 0.11379037823455418 9.160531855635949 0.0
-0.02857242 -0.02722352 -0.135656 0.1399862 0.4620679 0.3659022 0.08597229 18.08407 1.171524 0 0.0 0.03946521539085781 0.19493251787846994 1.0
-0.1004065 0.003463725 -0.8850533 0.3198336 1.307399 0.8329836 -0.09062194 19.57212 0.8580856 0 0.0 0.10046622633067107 0.9410700694049567 0.0
-0.01597069 -0.02163648 -0.1494681 -0.3947612 0.07683952 0.07470819 -0.06226822 15.07624 1.448436 1 0.9912921 0.026892381929953694 0.4221103148977172 1.0
0.06716632 -0.09045058 0.5055979 -0.1241581 1.552674 0.7966101 -0.0127374 19.79974 1.260464 0 0.0 0.11266153720182767 0.5206193141634491 0.0
0.01343337 -0.006018298 1.100898 0.1533728 0.9846268 0.8086986 0.330347 18.52936 0.8904648 0 0.0 0.014719896072109476 1.1115303064621496 1.0
0.02469921 -0.1130939 -5.302221 -0.5714384 0.2522514 0.2606367 0.02132039 17.47358 1.583412 1 0.0 0.11575958358526563 5.332925030209553 0.0
0.09079274 0.06966509 -16.31814 -3.262875 2.362047 2.19703 -0.1842533 20.44494 1.814119 0 0.0 0.11444014331263178 16.641155198039137 0.0
0.0201005 -0.02661629 -3.404562 0.4364075 2.317445 0.813501 -0.02121571 19.50238 nan 0 0.0 0.03335351546110395 3.4324180861165865 1.0
