jas1101finalproject/data/gcs/NGC_7492.ecsv
# %ECSV 0.9
# ---
# datatype:
# - {name: x, unit: deg, datatype: float64}
# - {name: y, unit: deg, datatype: float64}
# - {name: pmx, unit: mas / yr, datatype: float64}
# - {name: pmy, unit: mas / yr, datatype: float64}
# - {name: pmx_e, unit: mas / yr, datatype: float64}
# - {name: pmy_e, unit: mas / yr, datatype: float64}
# - {name: pm_corr, datatype: float64}
# - {name: g_mag, unit: mag, datatype: float64}
# - {name: bp_rp, unit: mag, datatype: float64}
# - {name: filter, datatype: int64}
# - {name: memberprob, datatype: float64}
# - {name: r, unit: deg, datatype: float64}
# - {name: pm, unit: mas / yr, datatype: float64}
# - {name: member_prob_GMM, datatype: float64}
# - {name: member_prob_DB, datatype: float64}
# meta: !!omap
# - comments: [deg deg mas/yr mas/yr mas/yr mas/yr dimless mag   mag   zeroone float]
# - __serialized_columns__:
#     bp_rp:
#       __class__: astropy.units.quantity.Quantity
#       unit: &id001 !astropy.units.Unit {unit: mag}
#       value: !astropy.table.SerializedColumn {name: bp_rp}
#     g_mag:
#       __class__: astropy.units.quantity.Quantity
#       unit: *id001
#       value: !astropy.table.SerializedColumn {name: g_mag}
#     pm:
#       __class__: astropy.units.quantity.Quantity
#       unit: !astropy.units.Unit {unit: mas / yr}
#       value: !astropy.table.SerializedColumn {name: pm}
#     pmx:
#       __class__: astropy.units.quantity.Quantity
#       unit: !astropy.units.Unit {unit: mas / yr}
#       value: !astropy.table.SerializedColumn {name: pmx}
#     pmx_e:
#       __class__: astropy.units.quantity.Quantity
#       unit: !astropy.units.Unit {unit: mas / yr}
#       value: !astropy.table.SerializedColumn {name: pmx_e}
#     pmy:
#       __class__: astropy.units.quantity.Quantity
#       unit: !astropy.units.Unit {unit: mas / yr}
#       value: !astropy.table.SerializedColumn {name: pmy}
#     pmy_e:
#       __class__: astropy.units.quantity.Quantity
#       unit: !astropy.units.Unit {unit: mas / yr}
#       value: !astropy.table.SerializedColumn {name: pmy_e}
#     r:
#       __class__: astropy.units.quantity.Quantity
#       unit: &id002 !astropy.units.Unit {unit: deg}
#       value: !astropy.table.SerializedColumn {name: r}
#     x:
#       __class__: astropy.units.quantity.Quantity
#       unit: *id002
#       value: !astropy.table.SerializedColumn {name: x}
#     y:
#       __class__: astropy.units.quantity.Quantity
#       unit: *id002
#       value: !astropy.table.SerializedColumn {name: y}
# schema: astropy-2.0
x y pmx pmy pmx_e pmy_e pm_corr g_mag bp_rp filter memberprob r pm member_prob_GMM member_prob_DB
[from data line 109]
-0.004099531 -0.001958949 1.200108 -1.72012 0.4800233 0.4908662 0.2961701 18.33711 0.8797455 1 0.9996502 0.004543526780438518 2.0973964875683375 1.0 0.0
0.0133013 0.01408242 1.606541 -0.1191535 1.314569 1.518243 0.5223556 19.61385 0.6270065 0 0.0 0.019371090179605276 1.6109536123809556 1.0 0.0
-0.0169138 -0.007309719 0.7318576 -2.337084 0.149804 0.1076477 0.01350695 16.30838 1.155166 1 0.999959 0.018425759748215566 2.448995134689687 1.0 0.0
0.01203738 0.01440293 -0.4547395 -2.740612 1.35353 1.18531 0.2128255 19.82452 0.8355694 1 0.996181 0.018770799392921443 2.778082458712169 1.0 0.0
-0.01576848 0.004700947 0.7336395 -2.143596 0.3901767 0.2844096 0.01201813 18.02442 0.08568382 1 0.9997934 0.016454296223394334 2.265663418775227 1.0 0.0
-0.03279008 0.02566737 -0.3965509 -3.385958 0.9236079 0.7884034 0.133968 19.37676 1.084572 1 0.9681586 0.04164136440035677 3.409100202994158 1.0 0.0
-0.06063919 -0.03449675 1.661615 -5.908019 0.2467773 0.1831284 0.04811885 17.4819 1.024292 1 0.0 0.06976487027450565 6.137234956605948 1.0 0.0
-0.0198253 0.01146405 0.8776599 -2.055895 0.1311574 0.09865953 0.05838557 16.07292 1.181644 1 0.9996872 0.022901243688771576 2.2353950771827806 1.0 0.0
-0.01632516 -0.01756548 0.8593419 -2.308827 0.07278859 0.05182874 0.02048252 14.27258 1.520975 1 0.9999802 0.023980344798521975 2.463564615962936 1.0 0.0
-0.01297727 0.02176428 -0.8561159 -0.5960706 1.246706 0.9673214 0.06780051 19.65369 0.7007122 0 0.0 0.025339562359506133 1.0431848323366142 1.0 0.0
0.01524203 0.02412447 1.320578 -4.052712 1.257423 1.364583 0.4226505 19.27066 0.5890217 0 0.0 0.028536109253046393 4.262440710324074 1.0 0.0
-0.01074237 0.004686967 2.434249 -3.39617 1.141922 0.7900087 -0.03690149 19.42904 0.7891006 0 0.0 0.011720331602646274 4.178461303267149 1.0 0.0
-0.01679772 0.01082441 0.6777435 -2.222364 0.3826341 0.2923183 0.05389819 18.08918 -0.07266426 1 0.9997368 0.019983274232379937 2.3234108548184604 1.0 0.0
-0.009214025 0.006216735 -0.1132098 -2.444019 0.7100085 0.6630183 0.1330037 19.04264 0.8997116 0 0.0 0.011115127114021234 2.4466395997729293 1.0 0.0
-0.007979973 0.01759031 0.1082318 -2.097014 0.5017348 0.3770478 0.04975761 18.47096 0.8978806 0 0.0 0.019315770110892007 2.0998051906610864 1.0 0.0
0.008068815 0.004426736 0.08905193 -2.16217 0.4298846 0.3755375 0.1808419 18.21079 0.9372749 0 0.0 0.009203356296369331 2.164003085750278 1.0 0.0
-0.03402341 0.01793478 1.208072 -2.008189 0.4549038 0.374284 0.08649724 18.33975 1.056791 1 0.9973898 0.03846100312883818 2.3435573423547797 1.0 0.0
0.005746942 0.009107448 1.941884 -4.304473 1.361545 1.162918 0.1742665 19.37156 0.740591 0 0.0 0.01076907384244662 4.722224187518526 1.0 0.0
0.003953779 -0.0003710785 0.7638186 -2.445118 0.4186609 0.364807 0.1864773 18.20655 0.8371353 0 0.0 0.003971154446002227 2.5616441766236697 1.0 0.0
-0.005804072 -0.007895613 0.9233507 -2.274529 0.4159598 0.3630128 0.2005157 18.16975 0.9807816 1 0.9998221 0.009799385512722365 2.454803187025691 1.0 0.0
0.002719322 -0.0006066159 1.556877 -3.598927 1.115019 0.9706763 0.1874176 19.56147 0.6994076 0 0.0 0.00278616133592741 3.9212423470703777 1.0 0.0
-0.01685436 -0.01531199 4.331246 -4.177689 2.091925 1.372362 -0.1794179 20.08074 0.8374519 0 0.0 0.022771176710255882 6.017705317912883 1.0 0.0
0.002337292 0.004828379 2.18273 1.2109 1.691862 1.9703 0.511389 19.93438 0.3359814 0 0.0 0.005364343171433479 2.496114793614268 1.0 0.0
0.001014649 0.008901532 1.222446 -2.103288 0.430656 0.3772377 0.1970512 18.21774 0.04944611 0 0.0 0.008959173206285555 2.432733983373439 1.0 0.0
-0.006215718 -0.002059138 0.5352598 -4.011863 0.9798769 0.8278632 0.165359 19.23073 0.7959232 0 0.0 0.006547915665199729 4.04741248012419 1.0 0.0
0.002249076 0.001357959 1.060565 -1.410283 0.6053761 0.6560164 0.2792428 18.71521 nan 0 0.0 0.0026272410432727714 1.7645668758406408 1.0 0.0
0.001690628 0.001363686 1.172869 -2.124887 0.3320476 0.2821079 0.1526189 17.78479 0.2020874 0 0.0 0.0021720641199053036 2.427090120685674 1.0 0.0
0.01338348 -0.07753706 0.8202558 -0.009303243 1.447156 1.408551 0.303186 20.04686 0.7901363 0 0.0 0.07868362733348025 0.8203085564371232 1.0 0.0
0.003189774 0.01123038 0.9611027 -2.420438 0.94636 0.8518659 0.2317727 19.38589 0.8812981 0 0.0 0.011674591775110425 2.6042731254212352 1.0 0.0
0.0004561577 -0.001447739 -0.9627621 -0.4260972 1.365618 1.251784 0.2389597 19.81039 0.4713898 0 0.0 0.0015179025197259177 1.0528388694592588 1.0 0.0
0.01444683 0.002427485 3.133418 -1.783694 2.126524 1.556447 0.03632217 20.02488 0.6907501 0 0.0 0.014649354268162301 3.605533614925813 1.0 0.0
0.02559233 0.0495379 -0.08878125 -3.488856 1.578071 1.929156 0.7442512 19.84546 nan 0 0.0 0.05575814641143391 3.4899854296382906 1.0 0.0
-0.007097432 -0.002969926 2.682533 0.6800808 2.192782 1.71627 0.02835091 20.112 0.5687275 0 0.0 0.007693763801943753 2.7673982710512846 1.0 0.0
-0.0002198573 0.00608152 1.123437 -0.4911608 1.533799 1.571915 0.357825 19.97753 0.6191101 0 0.0 0.006085492810180889 1.226111587265058 1.0 0.0
0.005981511 -0.01064411 -3.095726 -0.916016 2.678427 2.618996 0.3470648 20.16383 0.8004246 0 0.0 0.012209649934998996 3.2284059192319665 1.0 0.0
0.009626091 -0.006724645 1.434363 -0.7680146 1.51526 1.762544 0.5279046 19.78353 0.4373684 0 0.0 0.011742337004033992 1.6270352305903397 1.0 0.0
-0.01024211 -0.00690015 0.3166495 -2.103144 0.3328488 0.2429803 0.02841535 17.82915 1.00152 0 0.0 0.012349610814701813 2.126847806164383 1.0 0.0
0.00124981 0.01153463 3.658391 1.248565 2.60884 1.915638 0.02571673 20.16522 0.6809769 0 0.0 0.011602142658707485 3.865583949173268 1.0 0.0
0.0007794919 0.005520758 2.357785 -3.996438 2.175805 1.5302 -0.009959765 20.0606 0.6073151 0 0.0 0.005575515807235202 4.640114954833447 1.0 0.0
0.003013092 -0.01062592 0.6161323 -1.027434 2.30362 1.724023 0.05784589 20.15252 0.04774284 0 0.0 0.011044858498272579 1.198014872803877 1.0 0.0
-0.002982701 0.001388467 3.287916 -7.576954 3.043983 2.227817 0.01716671 19.96932 0.8510189 0 0.0 0.003290037365363804 8.25957768540087 1.0 0.0
0.01144792 -0.01391067 4.186426 -0.7891628 2.322013 1.678798 -0.02931494 20.17749 0.59972 0 0.0 0.018015593583762375 4.260157341974571 1.0 0.0
-0.007744042 -0.002995698 1.577976 -1.657583 0.4893589 0.4112753 0.1722006 18.43259 1.014608 0 0.0 0.008303276040513646 2.288578086599843 1.0 0.0
0.01291741 -0.01391553 0.6407321 -2.267632 0.1968737 0.1651901 0.1580718 16.84754 0.8805618 1 0.999912 0.01898687589597088 2.356415182304343 1.0 0.0
0.007656658 -0.01331636 1.96402 -2.426855 2.247358 2.09381 0.2959622 20.02395 1.081131 0 0.0 0.015360659340619594 3.122018537969466 1.0 0.0
0.002425294 -0.01002319 -2.072069 -6.121282 2.712243 1.949481 0.002366873 20.0078 0.6374035 0 0.0 0.010312438545879243 6.462473463333137 1.0 0.0
-0.02070514 -0.00791565 -0.1825936 -3.487419 2.480754 1.54676 -0.2157792 20.11244 0.8775177 0 0.0 0.022166649213223456 3.492195828461222 1.0 0.0
-0.008802639 0.00881933 2.312277 -5.464634 3.391041 1.576992 -0.3979706 20.22579 0.4120235 0 0.0 0.012460619367159122 5.933704549325404 1.0 0.0
0.01062612 0.00760617 0.009733942 -1.731188 2.830582 2.640343 0.305332 20.17913 0.7051678 0 0.0 0.013067832579402751 1.7312153652769084 1.0 0.0
0.004100712 -0.001679523 1.794012 -1.009094 2.409639 1.628068 -0.05560864 20.02253 0.5715923 0 0.0 0.004431324453757928 2.058336648116629 1.0 0.0
0.02243318 -0.07341035 7.563004 0.9931577 0.6715381 0.5596394 0.1125933 18.62355 1.517935 1 0.0 0.07676149459224267 7.627934957843132 1.0 0.0
0.008127677 0.006374137 -2.256366 -3.160527 2.257769 1.651264 0.03546573 20.13567 0.5186825 0 0.0 0.010329024925475687 3.8833128181599017 1.0 0.0
0.02226426 -0.005726177 0.8636248 -2.322459 0.2219742 0.1920195 0.168555 17.06036 1.085655 1 0.9998647 0.02298883155758311 2.4778344581218574 1.0 0.0
-0.001571797 -0.01002414 -2.681545 0.3519555 2.372445 1.75999 -0.05247542 20.10499 0.6034927 0 0.0 0.010146621533732744 2.704543632668042 1.0 0.0
-0.01762084 0.01201262 -3.15427 -0.3191378 3.189276 1.953916 -0.1637759 20.0094 0.558176 0 0.0 0.021325971058078458 3.1703735061170377 1.0 0.0
0.01603279 -0.01312897 -1.806537 -2.920423 0.2258973 0.1930635 0.181288 17.12218 0.9531975 1 0.0 0.020722456621863155 3.434013167024553 1.0 0.0
0.003278107 0.02080527 2.313736 -2.532506 2.146871 1.597131 0.04834268 20.16632 0.7449493 1 0.9918195 0.021061938307675984 3.4303004121697565 1.0 0.0
0.007304655 0.00565319 -0.936796 -1.524265 3.340109 2.318519 -0.02821803 20.41881 0.2143116 0 0.0 0.009236695396359296 1.7891256344485704 1.0 0.0
-0.006098317 0.003497926 0.6986983 -2.034489 0.7088802 0.5934025 0.1059999 18.97359 0.8463078 0 0.0 0.007030288510009031 2.1511217551649398 1.0 0.0
0.01153587 -0.01781216 0.6685955 -2.249887 0.1444296 0.1259307 0.1951312 16.23101 1.027174 1 0.9999348 0.021221435873250896 2.3471283423343623 1.0 0.0
0.01900214 -0.002772319 1.066323 -2.29477 0.1212244 0.1041353 0.1568018 15.81413 1.206617 1 0.9997508 0.019203309017389713 2.530417770493442 1.0 0.0
-0.005069553 0.002131338 -0.9219104 -3.017934 2.056784 1.460019 -0.02932167 19.98892 0.6804256 0 0.0 0.005499360807407803 3.155605237348956 1.0 0.0
0.01826719 -0.004612844 0.7342995 -2.041638 0.307275 0.3586419 0.3362797 17.57672 0.1136379 1 0.9997363 0.018840609338989966 2.1696731271655296 1.0 0.0
-0.01309328 -0.002874853 2.814844 -1.015577 2.127766 1.307208 -0.21717 19.90854 0.9532719 0 0.0 0.013405176646729017 2.992447725068059 1.0 0.0
0.01953003 -0.01482681 1.216665 -1.480547 0.3808646 0.3293724 0.1958821 17.97246 0.02708435 1 0.9955758 0.02452052949218267 1.9163228176468599 1.0 0.0
0.00886175 -0.01086165 2.65016 -1.059958 1.340435 1.469959 0.4620944 19.55827 0.4797916 0 0.0 0.014018061698573022 2.8542703073402143 1.0 0.0
0.01759234 0.008757729 0.7255997 -2.318864 0.2059562 0.1455122 -0.03281923 16.46135 1.135216 1 0.9999263 0.019651672801902668 2.4297376761980067 1.0 0.0
0.0092145 -0.009364396 2.287653 -3.144333 1.143368 1.321931 0.5030614 19.34241 0.7954845 0 0.0 0.013137690919443036 3.8884683698466675 1.0 0.0
-0.001895275 0.009798934 0.4679939 -2.892007 1.518538 1.4074 0.2604579 20.00258 0.9140873 0 0.0 0.0099805398081457 2.9296284369329517 1.0 0.0
0.01235996 0.001861139 0.7042864 -2.395725 0.1086711 0.1171202 0.396882 15.21311 1.315902 1 0.9999729 0.012499297963442627 2.4971018419059243 1.0 0.0
0.01694427 -0.008462713 0.4865882 -2.854543 0.4314079 0.3801658 0.191869 18.08177 0.02967072 1 0.9989494 0.018940058002901394 2.8957181864311727 1.0 0.0
0.004188796 -0.006123647 0.734416 -2.308918 0.1121836 0.09102366 0.1384306 15.70035 1.244037 1 0.9999878 0.007419236113659209 2.422905114068646 1.0 0.0
0.0001034541 -0.0100928 0.6454822 -2.261096 0.1082192 0.08896341 0.1407574 15.60911 1.219909 1 0.9999744 0.010093330203198884 2.351425608377361 1.0 0.0
0.03516587 -0.01180003 -0.2077392 -0.9830887 1.346907 1.230756 0.2201874 19.83412 0.9512844 0 0.0 0.03709284460455682 1.0047979733679453 1.0 0.0
-0.02637663 -0.01503834 1.470063 -0.5355881 0.8627102 0.6518121 0.0457417 19.19087 0.9408989 1 0.9624774 0.030362448519717578 1.5645893508619473 1.0 0.0
-0.002541699 -0.008468705 0.6225863 -2.245454 0.09258308 0.07457485 0.1244833 15.21231 1.257777 1 0.9999631 0.008841900145535798 2.330166810995232 1.0 0.0
-0.02384905 -0.01560928 0.8008576 -2.431993 0.3121037 0.2339166 0.05817353 17.73523 0.05115509 1 0.9995879 0.028503101726319188 2.560461452068115 1.0 0.0
-0.005069027 -0.01911366 -0.5298602 -3.335105 1.256578 1.179385 0.2798688 19.78004 0.9144897 0 0.0 0.019774403488407154 3.376933104544572 1.0 0.0
-0.005539611 -0.005844252 2.24241 -2.296045 0.6579952 0.6121247 0.2666858 18.84248 0.97159 0 0.0 0.008052488526587605 3.209396399656016 1.0 0.0
-0.002953181 -0.007523619 1.309325 -2.250107 0.2776288 0.2311441 0.1603412 17.50965 0.1038475 1 0.9997106 0.008082457601244934 2.6033273837675504 1.0 0.0
-0.004597432 -0.08002385 0.3425457 -3.238346 1.272252 1.272986 0.3398571 19.85577 0.825716 0 0.0 0.08015580421789256 3.2564125003298474 1.0 0.0
-0.0009545561 -0.01930625 0.5129537 -1.908046 0.3257426 0.2686664 0.150424 17.77605 1.006973 1 0.9994209 0.01932983358465735 1.9757937737678215 1.0 0.0
0.01926514 -0.01895047 0.8061207 -2.120911 0.2083947 0.1801624 0.1847605 16.93612 1.104202 1 0.9998043 0.027023433024700987 2.268941174400405 1.0 0.0
-0.01682547 -0.0091627 0.283351 -2.528674 0.4930704 0.3773125 0.06277196 18.49741 0.9354935 1 0.9992858 0.019158588466035277 2.5444999484136366 1.0 0.0
-0.01950192 0.0109491 12.0174 4.469692 0.4122017 0.3252242 0.07014238 18.19588 nan 0 0.0 0.022365323035815957 12.821702279138446 1.0 0.0
0.0158855 -0.01759883 -0.6599934 -3.796709 1.458339 1.34868 0.2677442 19.93651 0.593153 0 0.0 0.0237079718158028 3.8536463925384434 1.0 0.0
0.01462186 -0.01621972 2.364975 -2.681315 1.974785 1.46566 -0.02515206 20.01096 0.3191319 0 0.0 0.02183753893500822 3.575270182776401 1.0 0.0
0.004307529 0.04961098 0.8961885 -3.500179 2.042668 1.235514 -0.1708448 19.99663 0.2341747 1 0.9316291 0.04979763189797524 3.613088271766032 1.0 0.0
-0.07257737 -0.01441434 -0.6012684 -1.807706 2.548481 1.477513 -0.3475202 20.22634 0.6836758 1 0.8459733 0.07399491762109409 1.9050786522541687 1.0 0.0
0.001308425 -0.01547725 1.625392 -2.185652 0.4146758 0.3509872 0.1737652 18.16895 0.9253044 0 0.0 0.01553245774316238 2.7237793263713566 1.0 0.0
-0.03395986 -0.01082326 0.8969351 -2.252719 0.4901038 0.3596924 0.04589669 18.4979 0.9952602 1 0.9986033 0.035642882154045846 2.424713481336096 1.0 0.0
0.02429103 -0.01597078 0.9375243 -3.234794 1.251343 1.263052 0.2874119 19.54185 0.9937267 0 0.0 0.02907094687603588 3.367913899660514 1.0 0.0
-0.01982629 0.02177613 0.8099676 -2.324395 0.128618 0.09137684 -0.0006833034 16.07203 1.183016 1 0.9999342 0.02944964537886662 2.4614750921093553 1.0 0.0
-0.002247176 -0.06458098 0.706378 -2.374307 0.1011083 0.08790266 0.1870957 15.61485 1.250461 1 0.9990957 0.06462006482305148 2.477156355406941 1.0 0.0
-0.00160116 -0.01359088 0.9904521 -1.741095 0.3308279 0.2745904 0.1573726 17.8154 1.016829 1 0.9994308 0.013684872396920622 2.003099388802116 1.0 0.0
0.02564139 -0.02837157 -1.872399 -3.598552 0.1606655 0.1382609 0.1704027 16.43061 0.9553566 1 0.0 0.03824169014827927 4.056532326002715 1.0 0.0
0.00748023 -0.01572056 -1.940201 -4.41302 1.400698 1.611216 0.5229611 19.6502 1.005365 0 0.0 0.017409475798153717 4.820697609350851 1.0 0.0
0.01279856 -0.0346093 1.192919 -2.362442 0.1583065 0.1587963 0.2936047 16.33746 1.170521 1 0.9937857 0.036899956430375365 2.646542639733016 1.0 0.0
-0.02338047 -0.001143896 -0.1659381 -2.394627 0.6657318 0.5060206 0.09232106 18.79022 0.9591789 1 0.9979489 0.02340843598961101 2.400369538667038 1.0 0.0
-0.02740602 -0.009434685 0.542406 -2.20278 0.3649934 0.273327 0.05434193 18.01585 1.066643 1 0.9994396 0.028984534036096302 2.268577527270338 1.0 0.0
0.002278366 -0.007892682 0.6893124 -2.198071 0.2330633 0.1910513 0.144032 17.2052 1.057358 1 0.9999458 0.008214948617190493 2.303620564640531 1.0 0.0
-0.02235072 -0.01073202 0.9396218 -2.274663 0.1802797 0.1300182 0.02335342 16.77914 0.9586601 0 0.0 0.024793768124244445 2.4610934339444 1.0 0.0
-0.02079489 0.007625418 1.25019 -1.532211 2.187495 1.23385 -0.2461256 20.02875 0.6019096 0 0.0 0.022148915318516708 1.9775352296788546 1.0 0.0
0.05059787 -0.002902612 1.086746 -2.075185 0.1838691 0.1343133 0.01013734 16.21124 1.161943 1 0.9962215 0.050681057654309504 2.34252207091865 1.0 0.0
0.01967782 -0.006113104 0.3100541 -2.528687 0.3786571 0.3352306 0.1984612 17.92323 -0.02141571 1 0.9993466 0.020605500247924485 2.5476246758295873 1.0 0.0
-0.01715022 0.008183655 0.6320165 -2.659341 0.3678942 0.2821566 0.05605359 17.99544 0.1357574 1 0.9994621 0.019002690735983287 2.733411679669429 1.0 0.0
0.02614394 -0.005246936 0.9805029 -2.001083 0.2103394 0.2419763 0.3229278 16.87621 0.8688278 1 0.9996546 0.02666525709817357 2.2283893532768033 1.0 0.0
-0.02264608 0.002549767 0.5362968 -2.370209 0.1280024 0.09268041 0.02933205 16.06504 1.181884 1 0.9997305 0.02278916960138497 2.4301244744603596 1.0 0.0
