jas1101finalproject/data/gcs/NGC_6624.ecsv
# %ECSV 0.9
# ---
# datatype:
# - {name: x, unit: deg, datatype: float64}
# - {name: y, unit: deg, datatype: float64}
# - {name: pmx, unit: mas / yr, datatype: float64}
# - {name: pmy, unit: mas / yr, datatype: float64}
# - {name: pmx_e, unit: mas / yr, datatype: float64}
# - {name: pmy_e, unit: mas / yr, datatype: float64}
# - {name: pm_corr, datatype: float64}
# - {name: g_mag, unit: mag, datatype: float64}
# - {name: bp_rp, unit: mag, datatype: float64}
# - {name: filter, datatype: int64}
# - {name: memberprob, datatype: float64}
# - {name: r, unit: deg, datatype: float64}
# - {name: pm, unit: mas / yr, datatype: float64}
# - {name: member_prob_GMM, datatype: float64}
# meta: !!omap
# - comments: [deg deg mas/yr mas/yr mas/yr mas/yr dimless mag   mag   zeroone float]
# - __serialized_columns__:
#     bp_rp:
#       __class__: astropy.units.quantity.Quantity
#       unit: &id001 !astropy.units.Unit {unit: mag}
#       value: !astropy.table.SerializedColumn {name: bp_rp}
#     g_mag:
#       __class__: astropy.units.quantity.Quantity
#       unit: *id001
#       value: !astropy.table.SerializedColumn {name: g_mag}
#     pm:
#       __class__: astropy.units.quantity.Quantity
#       unit: !astropy.units.Unit {unit: mas / yr}
#       value: !astropy.table.SerializedColumn {name: pm}
#     pmx:
#       __class__: astropy.units.quantity.Quantity
#       unit: !astropy.units.Unit {unit: mas / yr}
#       value: !astropy.table.SerializedColumn {name: pmx}
#     pmx_e:
#       __class__: astropy.units.quantity.Quantity
#       unit: !astropy.units.Unit {unit: mas / yr}
#       value: !astropy.table.SerializedColumn {name: pmx_e}
#     pmy:
#       __class__: astropy.units.quantity.Quantity
#       unit: !astropy.units.Unit {unit: mas / yr}
#       value: !astropy.table.SerializedColumn {name: pmy}
#     pmy_e:
#       __class__: astropy.units.quantity.Quantity
#       unit: !astropy.units.Unit {unit: mas / yr}
#       value: !astropy.table.SerializedColumn {name: pmy_e}
#     r:
#       __class__: astropy.units.quantity.Quantity
#       unit: &id002 !astropy.units.Unit {unit: deg}
#       value: !astropy.table.SerializedColumn {name: r}
#     x:
#       __class__: astropy.units.quantity.Quantity
#       unit: *id002
#       value: !astropy.table.SerializedColumn {name: x}
#     y:
#       __class__: astropy.units.quantity.Quantity
#       unit: *id002
#       value: !astropy.table.SerializedColumn {name: y}
# schema: astropy-2.0
x y pmx pmy pmx_e pmy_e pm_corr g_mag bp_rp filter memberprob r pm member_prob_GMM
[from data line 8364]
-0.07725394 -0.00727659 -1.444142 -3.507048 0.749359 0.6855788 0.3014749 19.1405 1.253365 0 0.0 0.07759587622774615 3.792747261612353 0.0
-0.05744654 -0.01913047 -2.847799 -4.347718 0.4585924 0.3881937 0.07931466 18.49845 1.224695 0 0.0 0.06054816132957713 5.197365770457666 0.0
0.01622282 0.0165086 1.394891 -2.301053 0.6457541 0.5237677 -0.2037562 18.2149 1.1703 0 0.0 0.023145491196179008 2.6908299483040543 0.0
0.02591887 0.03203996 -2.031717 -10.46705 0.1217552 0.09904625 0.3937422 15.7498 1.408759 1 0.0 0.041211004099372534 10.662411062728214 0.0
0.005474754 -0.03105185 -2.29097 -6.182028 0.20141 0.1685222 0.3273506 16.26885 1.441319 0 0.0 0.03153078368488509 6.592875983490361 1.0
0.0166751 0.04324955 0.3557176 -8.015198 1.101594 0.9287619 0.2683078 19.67144 0.8850498 0 0.0 0.04635280504146971 8.023087559671387 0.0
-0.05497887 0.0403478 -3.39281 -6.17691 0.7082333 0.6320913 -0.01020895 18.95087 1.028702 0 0.0 0.06819546254199688 7.04736666026396 0.0
-0.03367683 -0.008302826 -4.372792 -3.069723 1.218911 1.10979 0.3041625 19.75446 1.061659 0 0.0 0.03468523891275906 5.342706165604936 0.0
0.01599178 0.05317741 -3.963189 -7.684492 0.3969091 0.3261768 0.2487721 18.37336 nan 0 0.0 0.05552993752811631 8.646287315824347 0.0
-0.04942376 0.04689679 -3.407598 0.2765081 0.3195556 0.303842 0.1784083 17.15867 1.461875 0 0.0 0.0681323488868665 3.4187981600219706 0.0
-0.06054698 -0.0290868 -0.7409008 0.3398759 0.4846981 0.4175659 0.1844296 18.60607 0.867239 0 0.0 0.06717126410423135 0.8151377937756598 0.0
-0.02763554 -0.0496408 -3.849071 -2.934113 1.817897 1.612414 0.2460913 19.98193 nan 0 0.0 0.05681489325636017 4.839872587146277 0.0
-0.06240101 -0.01136106 -2.711236 -4.486778 0.7553396 0.5968213 -0.1823278 18.93424 1.04248 1 1.814273e-05 0.06342680611022204 5.24232557830778 0.0
0.03487223 0.02484266 -2.909514 -7.096498 0.4448423 0.3870739 0.3408534 18.33486 1.323164 0 0.0 0.04281623735276723 7.669781977357635 0.0
-0.001211921 0.000112465 -0.06380779 -4.660889 0.7672528 0.6603336 0.1335164 14.21864 nan 0 0.0 0.001217128130669076 4.661325745363189 0.0
-0.01491385 0.05990861 1.129802 0.5725181 0.4760776 0.4147561 0.1548323 18.51946 1.191658 0 0.0 0.06173705916185675 1.2665818307679966 0.0
-0.02851717 -0.004724906 0.3635647 -6.782337 0.1082252 0.08527743 -0.4160694 14.61577 1.578692 1 0.9643056 0.028905946127358226 6.792074386566676 1.0
-0.03809829 0.05426231 -2.118858 -4.010306 0.4867775 0.4230182 0.1228391 18.46011 1.242495 0 0.0 0.0663014176881626 4.535649174903191 0.0
-0.06234066 -0.02341166 -3.393955 -6.624369 1.021004 0.9714957 0.424218 19.51957 1.185263 0 0.0 0.0665917691099373 7.443197914215771 0.0
0.004370414 -0.002714316 0.6121723 -6.700325 0.13105 0.1015532 0.1350298 14.79077 1.472566 0 0.0 0.0051447089207507166 6.728232310979779 0.0
-0.01673157 0.05801623 -1.198571 -2.69926 0.8384109 0.7611848 0.2978764 19.25911 0.9047031 0 0.0 0.06038069540902788 2.9534009192185544 0.0
0.007980242 0.02669677 -3.235727 -4.603266 1.795892 1.48863 -0.2183341 19.31242 nan 0 0.0 0.027863987345881854 5.626720811030613 0.0
-0.02760903 -0.05032172 -5.213506 -6.999978 0.3846031 0.3311899 0.5265693 17.72782 1.366034 0 0.0 0.057398031684887066 8.728134784277795 0.0
-0.06906092 -0.01333392 2.388435 -6.582643 0.8304196 0.7628472 0.3143058 19.04101 1.303251 0 0.0 0.0703363639507531 7.002557433871856 0.0
-0.003372524 0.03928363 1.301662 -6.312873 0.7583895 0.6612905 0.13887 18.95127 1.320984 0 0.0 0.039428130872607645 6.445672150860063 0.0
-0.03138366 0.06625618 -0.7704131 -4.073483 1.499946 1.353461 0.4418858 19.75841 nan 0 0.0 0.07331313322446395 4.1456965754792785 0.0
0.01923048 0.04332156 1.456675 -2.187235 1.752829 1.3656 0.1275095 19.90719 nan 0 0.0 0.04739798436499173 2.6279077230469867 0.0
-0.01525437 0.0469653 -4.97486 -7.317545 0.2307751 0.2054525 0.2746466 16.71029 1.493848 0 0.0 0.04938051445850782 8.848485567972917 0.0
-0.01187339 -0.0257538 2.504537 -4.092884 0.7823772 0.7348889 0.3609328 18.98777 1.061047 0 0.0 0.028359048018791112 4.7983752481256605 0.0
-0.05299677 0.02859772 -3.428453 -7.822157 0.3811637 0.3264215 0.5420785 17.60323 1.35465 0 0.0 0.06022032231424289 8.540516969473101 0.0
-0.004529907 0.002450777 0.05150038 -5.959844 0.2096096 0.16447 -0.2208982 15.67957 1.309103 0 0.0 0.005150375261316208 5.9600665091487155 0.0
-0.01696864 0.05763281 0.8400075 -7.303816 1.442183 1.159233 -0.2506593 19.55808 nan 0 0.0 0.060078910875162345 7.351961694807192 0.0
-0.02215791 0.05207567 -5.866491 -6.009409 0.4748083 0.4285827 0.267304 18.42322 nan 0 0.0 0.05659371326849829 8.398137482940012 0.0
-0.0334733 0.01248925 -3.732612 -5.558224 0.51482 0.4401434 0.09660654 18.3467 1.189072 0 0.0 0.0357273449678604 6.695240576463253 0.0
-0.06633387 -0.03570142 -0.7334318 -3.288902 1.106575 1.012833 0.3128299 19.5678 0.8591309 0 0.0 0.07533109384041427 3.369688200836279 0.0
-0.03495991 0.04557932 -5.31078 -1.51018 0.590516 0.5167012 0.1354952 18.6302 1.146194 0 0.0 0.057442751665205766 5.521324826597327 0.0
-0.08217429 -0.01136233 -1.081595 -8.349833 1.444658 1.336852 0.3657727 19.7641 1.356096 0 0.0 0.0829561117702186 8.419593747439006 0.0
0.002421865 -0.003151031 0.8983342 -6.524863 0.1947518 0.1549479 0.2442741 15.41082 1.316512 0 0.0 0.003974220230584359 6.586413402122481 0.0
-0.06891664 -0.03125718 -4.912937 -2.891097 1.403259 1.288356 0.3073837 19.8688 1.483339 0 0.0 0.07567373765344224 5.700472947868273 0.0
0.0008944877 -0.01963431 5.133652 -1.75095 2.515233 2.33091 0.3329153 19.36809 nan 0 0.0 0.01965467469640623 5.424039892884638 0.0
0.01500931 0.003313759 1.015753 -7.249956 0.3198863 0.2801306 0.2028886 17.45408 1.257816 0 0.0 0.015370763981864434 7.320766090986995 0.0
0.002818039 0.03861226 -5.295744 -1.921915 1.544815 1.302626 -0.08117606 19.50738 nan 0 0.0 0.03871495791180873 5.6337076406893 0.0
-0.00426571 -0.01741234 0.6621883 -6.478764 1.331946 1.163507 -0.04081603 19.3161 nan 0 0.0 0.017927238105176713 6.512516895360264 0.0
0.00234306 0.004772097 -0.5000734 -8.155034 0.2420876 0.224982 0.28671 16.11723 nan 0 0.0 0.005316280649195357 8.170352069925968 0.0
-0.01602118 0.06411032 -6.421335 -3.434612 0.6959779 0.6547959 0.2779997 18.8646 nan 0 0.0 0.06608185332672503 7.282177062717508 0.0
-0.06119572 -0.001999033 -3.723468 -7.523521 0.1046023 0.08737148 -0.0668381 15.17683 1.729674 1 0.0 0.06122836172276284 8.394497137081233 0.0
-0.07214307 -0.01104542 -5.991442 -4.23392 0.3850992 0.3291683 0.09220348 17.95665 1.360777 0 0.0 0.0729837231990894 7.336447083279754 0.0
-0.001554253 0.0008658629 -0.7067548 -8.554112 0.6507638 0.5769676 0.3346231 15.99121 nan 0 0.0 0.0017791629912982706 8.583258964744513 0.0
0.02620413 0.01526666 -0.3392613 -6.630858 0.3692811 0.3290543 0.01678853 17.94818 1.416498 1 0.9063525 0.030327006720289755 6.639531312211856 1.0
-0.06614945 0.04193352 0.5320333 -3.172791 1.482461 1.338826 0.6003873 19.56714 1.491383 0 0.0 0.0783209412283388 3.2170890820724707 0.0
-0.01433141 0.04090961 -7.130888 -11.16025 1.409857 1.270167 0.33087 19.81286 1.126884 0 0.0 0.04334726638370867 13.243894583204895 0.0
0.0009213438 0.03655999 -2.930015 -3.033011 1.114451 0.9621792 0.07406605 19.54784 1.086588 0 0.0 0.036571597493107934 4.2171250427685925 0.0
0.03352565 0.01522819 -0.2610924 -6.800721 1.098409 0.9539082 0.3363772 19.41729 1.456015 0 0.0 0.03682209905204482 6.805731067356303 0.0
-0.01703083 -0.03911554 -6.461796 -0.4729402 1.628294 1.459757 0.3197136 19.80157 1.411816 0 0.0 0.042662332800498616 6.479080179963205 0.0
-0.01814659 0.01604669 -3.186529 -4.629927 0.3767004 0.3343959 -0.06784807 17.97157 1.003225 0 0.0 0.02422385164634642 5.620515198197582 0.0
-0.01732038 -0.03905837 -5.971381 -4.815362 1.948932 1.620899 0.3811931 19.8425 1.547522 0 0.0 0.04272647692475124 7.671056135774591 0.0
0.01456533 0.0281208 -0.7335615 -7.319206 0.15436 0.1303628 0.05034409 15.68358 1.320986 0 0.0 0.03166904214921727 7.355874451397213 0.0
-0.01259126 0.02930745 -4.785936 -4.364845 1.147945 1.206036 0.8070296 18.921 0.9843483 0 0.0 0.03189774998162252 6.477426593186603 1.0
-0.06401923 -0.03302006 0.6223719 -4.897724 0.6183715 0.5365311 0.2158996 18.97338 1.199303 0 0.0 0.0720332296388028 4.937109190820638 0.0
-0.02121244 0.06596709 -2.518357 -2.650996 0.5147209 0.4551767 0.2124571 18.42418 1.434084 0 0.0 0.06929375566255376 3.6564876276920453 0.0
-0.0002112779 -0.005922379 -0.07645324 -7.548471 0.9329231 0.7848092 -0.03143864 18.30664 nan 0 0.0 0.005926146418261146 7.548858161056379 0.0
-0.06046704 0.01192888 0.7643029 -5.33693 0.3420748 0.3031925 0.1456694 17.99309 1.158119 0 0.0 0.06163246794033158 5.39138022660695 0.0
-0.063193 0.03268865 -2.300995 -3.579329 0.3232025 0.3136809 0.2447545 17.45795 1.3661 0 0.0 0.07114705255892545 4.255135024915896 0.0
-0.04526936 0.007458641 -5.35626 -6.361684 0.6224174 0.5712591 0.2555743 18.45947 nan 0 0.0 0.04587969355146655 8.316281891774473 0.0
0.02994283 0.01175798 -7.119081 -0.7072722 1.49927 1.456268 0.5159513 18.98749 1.091345 0 0.0 0.032168667396852174 7.154128056545664 1.0
-0.003449511 -0.01861012 -6.56337 -4.631451 0.7986798 0.6419693 0.09902083 18.93416 1.514433 0 0.0 0.01892711527289674 8.032942432403024 0.0
-0.07322316 -0.0102623 -0.3968074 -5.943325 1.293901 1.327474 0.5535817 19.72233 1.082989 0 0.0 0.0739387987573209 5.956556737606027 0.0
-0.07854405 -0.007378707 3.266308 -4.398334 1.02325 0.9463139 0.3018386 19.5128 1.009521 0 0.0 0.07888987962593395 5.478513477798517 0.0
0.005107566 -0.005264477 1.001067 -6.49811 0.399276 0.3427348 -0.04586305 14.79832 1.15512 0 0.0 0.007334981153887514 6.574767578446329 0.0
-0.04544417 -0.01306642 1.243466 -6.788364 0.5971101 0.5041705 0.2057212 18.84106 1.157812 0 0.0 0.0472853457067335 6.90131099789395 0.0
-0.07240687 -0.01036279 -1.066219 -6.539778 0.6808276 0.6221567 0.1971734 18.99175 1.33901 0 0.0 0.07314466651630179 6.626123998631855 0.0
0.0003680136 -0.001890244 -1.309684 -5.692684 0.6969917 0.572237 0.2754643 15.44638 nan 0 0.0 0.0019257352853704892 5.841397375946273 0.0
-0.006797263 0.04160851 -2.71853 -3.148291 0.578473 0.5030802 0.1334682 18.58491 0.9375477 0 0.0 0.04216006272186119 4.159584303939638 0.0
0.04115909 0.005425316 3.109173 -7.304972 1.004017 0.9062983 0.3975156 19.44659 nan 0 0.0 0.04151511463705666 7.939116617402279 0.0
-0.02035855 0.01455661 -2.38775 -6.518953 0.8753574 0.7748166 0.1750933 18.87942 nan 0 0.0 0.025027294156472448 6.942485021857015 1.0
-0.06621134 -0.02230031 -2.424625 -5.161452 0.5789719 0.4934811 0.1025011 18.68165 1.386829 0 0.0 0.06986590993246777 5.702577762637612 0.0
0.02501543 0.001331884 -0.01018359 -7.270611 0.1090197 0.09440813 0.0573373 15.77636 1.323114 1 0.9283904 0.025050861324001538 7.270618131825263 0.0
-0.007507947 0.03389514 1.124782 -8.011213 1.426041 1.251543 -0.05273812 19.43592 1.033274 0 0.0 0.03471670755953694 8.089787900735901 0.0
-0.06173059 -0.03064584 -4.253315 -5.223561 0.847444 0.7776486 0.3552455 19.35228 1.140869 0 0.0 0.06891903402583135 6.736191654781357 0.0
-0.007056261 -0.01989778 0.8686199 -8.228759 1.088623 0.8711208 0.1490074 18.96382 1.21006 0 0.0 0.021111903472413873 8.27447733761819 0.0
-0.03602756 -0.05974866 -1.461894 -2.949899 0.3626746 0.2926687 0.802092 16.62064 1.239691 1 0.0 0.06977024760848424 3.29226945699118 0.0
-0.06756152 0.0267348 2.430424 -6.689428 0.8255852 0.7154577 0.1690253 19.12402 nan 0 0.0 0.07265885022315176 7.117261256056293 0.0
-0.03068065 0.00910081 -3.586206 -8.49391 1.183319 1.049888 0.598394 19.25468 -0.8438702 0 0.0 0.03200198473655345 9.219944715806921 0.0
-0.04291915 -0.06716531 -3.402065 -7.251581 0.6279102 0.5438435 0.07085084 18.84749 1.327333 0 0.0 0.07970716595211876 8.009960877793723 0.0
-0.04008489 0.01573498 -3.891483 -4.34732 1.390174 1.231432 0.5911174 19.31334 0.6252022 0 0.0 0.04306260560988501 5.834623477285317 0.0
-0.06373865 -0.01926789 -1.029405 -3.825099 1.335904 1.274256 0.4428753 19.83092 1.360388 0 0.0 0.0665872892440787 3.9611938874316666 0.0
-0.06085616 0.002416692 9.067919 3.120022 2.747199 2.238268 0.2572726 20.21213 nan 0 0.0 0.06090412638047166 9.589665910293487 0.0
-0.06404622 0.008186293 -5.887792 0.1448767 1.552872 1.569646 0.4695019 19.78112 1.227627 0 0.0 0.06456728033121924 5.889574169111626 0.0
-0.006029041 -0.02748132 1.673171 -2.803197 2.126722 2.094775 0.459391 19.87815 0.5884285 0 0.0 0.028134894425287632 3.264569591240168 0.0
-0.05882244 0.03613223 -4.285274 -1.00109 0.4628847 0.4151394 0.0224579 18.34172 1.153656 0 0.0 0.06903345198037325 4.400653865413185 0.0
-0.06233565 0.01002227 -4.318843 -2.332929 0.7310046 0.703416 0.3748264 18.90545 1.33176 0 0.0 0.06313619529933207 4.908661994646811 0.0
-0.02969762 0.06745071 -3.192072 -7.917554 1.099712 0.990217 0.3045421 19.43493 0.6581898 0 0.0 0.07369902925526563 8.536801801383232 0.0
-0.04478903 0.05123823 -0.9624883 -6.566769 1.284424 1.156727 0.2516033 19.51332 1.227596 0 0.0 0.06805448862399746 6.6369299248220095 0.0
-0.0369961 0.06587275 3.798918 -1.587436 1.168278 1.062766 0.2940812 19.71617 1.007111 0 0.0 0.07555084782960744 4.117247991658991 0.0
-0.07718517 -0.02768326 -4.146945 -5.714141 0.7762027 0.7032493 0.263331 19.21537 nan 0 0.0 0.08199947165778874 7.060351280276782 0.0
0.01119473 0.03601767 -1.982223 -4.957359 0.8117713 0.7199714 0.2556531 19.02197 nan 0 0.0 0.037717297517210854 5.3389714624270095 0.0
-0.001869799 -0.02241905 -3.035122 0.1309173 0.4617045 0.3903337 0.2699151 18.07448 nan 0 0.0 0.022496887589240004 3.037944188809809 0.0
-0.003897776 -0.001026292 0.8309957 -7.21049 0.2625206 0.2013793 -0.2313545 15.34683 nan 0 0.0 0.004030624395232083 7.258217404674407 0.0
-0.06733348 0.001557955 1.365316 -5.404728 0.1092846 0.09262744 -0.06639657 15.45783 1.560147 1 0.0 0.06735150148803236 5.574510968133438 0.0
0.005848023 0.04817939 -2.683188 -5.537333 2.028348 1.923334 0.8560707 19.4482 nan 0 0.0 0.048533009321292134 6.1531743511973565 0.0
0.01079557 -0.0005137336 -1.226866 -8.209302 1.192973 1.140945 0.4453921 18.67042 nan 0 0.0 0.010807786722389972 8.300472246153227 0.0
-0.05275966 -0.02032183 -3.584638 -6.990709 0.5189783 0.4317545 0.1705445 17.50368 nan 0 0.0 0.05653811544316365 7.856184946507115 0.0
0.01092403 -0.02913733 1.208985 -4.311286 1.131173 0.9592885 0.5390301 19.23754 nan 0 0.0 0.031117815330929 4.4775921770546505 0.0
-0.05041241 0.02270729 0.4961206 1.418326 1.410056 1.477775 0.476203 19.79249 nan 0 0.0 0.05529043408359352 1.5025925236138904 0.0
-0.01865601 0.06345564 -4.152967 -5.686116 0.6605356 0.5886382 0.2322702 18.87581 0.9561958 0 0.0 0.06614125004057377 7.041239242388019 0.0
-0.02783043 -0.01221677 -0.7307958 -5.713381 0.7832675 0.6487733 0.05872197 18.5236 1.169878 0 0.0 0.03039378724703126 5.759929248910844 0.0
-0.06488798 -0.03291382 -4.662073 -4.553516 0.9103187 0.8861865 0.4354059 19.08253 1.411102 0 0.0 0.07275829502862749 6.5168575724489335 0.0
-0.02387267 -0.04661666 -3.727496 -5.728984 0.4256534 0.3654357 0.1336498 18.00897 1.221699 0 0.0 0.05237382325632243 6.834872647114355 0.0
-0.05001739 0.02281812 -2.148235 -5.955413 0.3633214 0.3165061 0.455888 17.65645 1.174494 0 0.0 0.054976412239673304 6.331023425623538 0.0
-0.03614252 0.03772062 0.01483114 -7.151734 0.7653041 0.6818936 0.291434 19.08482 0.943409 0 0.0 0.05224104636332239 7.151749378261916 0.0
-0.001764486 -0.02285202 -2.895487 -6.967224 0.3134373 0.2655609 0.2288148 17.79214 1.257936 0 0.0 0.022920039897971294 7.544935734209073 0.0
-0.07624679 0.01804045 2.550026 -2.855694 2.175117 1.90308 0.1977005 20.06229 0.6476421 0 0.0 0.07835196756627494 3.8285272393326393 0.0
0.02588573 0.006325097 4.505447 -3.729997 2.129704 2.142295 0.7697456 19.64646 nan 0 0.0 0.02664728634762476 5.849096536202664 0.0
0.002263835 -0.004924861 -0.2771999 -5.993929 0.2208871 0.1947729 0.1640847 15.63919 1.205215 0 0.0 0.005420258737048075 6.000335377426915 0.0
0.0257805 0.006739019 -1.009259 -6.170641 1.209289 1.178363 0.490191 19.28711 1.003962 0 0.0 0.026646736335475703 6.252632571962149 0.0
