jas1101finalproject/data/gcs/NGC_6642.ecsv
# %ECSV 0.9
# ---
# datatype:
# - {name: x, unit: deg, datatype: float64}
# - {name: y, unit: deg, datatype: float64}
# - {name: pmx, unit: mas / yr, datatype: float64}
# - {name: pmy, unit: mas / yr, datatype: float64}
# - {name: pmx_e, unit: mas / yr, datatype: float64}
# - {name: pmy_e, unit: mas / yr, datatype: float64}
# - {name: pm_corr, datatype: float64}
# - {name: g_mag, unit: mag, datatype: float64}
# - {name: bp_rp, unit: mag, datatype: float64}
# - {name: filter, datatype: int64}
# - {name: memberprob, datatype: float64}
# - {name: r, unit: deg, datatype: float64}
# - {name: pm, unit: mas / yr, datatype: float64}
# - {name: member_prob_GMM, datatype: float64}
# meta: !!omap
# - comments: [deg deg mas/yr mas/yr mas/yr mas/yr dimless mag   mag   zeroone float]
# - __serialized_columns__:
#     bp_rp:
#       __class__: astropy.units.quantity.Quantity
#       unit: &id001 !astropy.units.Unit {unit: mag}
#       value: !astropy.table.SerializedColumn {name: bp_rp}
#     g_mag:
#       __class__: astropy.units.quantity.Quantity
#       unit: *id001
#       value: !astropy.table.SerializedColumn {name: g_mag}
#     pm:
#       __class__: astropy.units.quantity.Quantity
#       unit: !astropy.units.Unit {unit: mas / yr}
#       value: !astropy.table.SerializedColumn {name: pm}
#     pmx:
#       __class__: astropy.units.quantity.Quantity
#       unit: !astropy.units.Unit {unit: mas / yr}
#       value: !astropy.table.SerializedColumn {name: pmx}
#     pmx_e:
#       __class__: astropy.units.quantity.Quantity
#       unit: !astropy.units.Unit {unit: mas / yr}
#       value: !astropy.table.SerializedColumn {name: pmx_e}
#     pmy:
#       __class__: astropy.units.quantity.Quantity
#       unit: !astropy.units.Unit {unit: mas / yr}
#       value: !astropy.table.SerializedColumn {name: pmy}
#     pmy_e:
#       __class__: astropy.units.quantity.Quantity
#       unit: !astropy.units.Unit {unit: mas / yr}
#       value: !astropy.table.SerializedColumn {name: pmy_e}
#     r:
#       __class__: astropy.units.quantity.Quantity
#       unit: &id002 !astropy.units.Unit {unit: deg}
#       value: !astropy.table.SerializedColumn {name: r}
#     x:
#       __class__: astropy.units.quantity.Quantity
#       unit: *id002
#       value: !astropy.table.SerializedColumn {name: x}
#     y:
#       __class__: astropy.units.quantity.Quantity
#       unit: *id002
#       value: !astropy.table.SerializedColumn {name: y}
# schema: astropy-2.0
x y pmx pmy pmx_e pmy_e pm_corr g_mag bp_rp filter memberprob r pm member_prob_GMM
[from data line 1843]
-0.03626907 -0.009639385 -1.677826 -5.9576 0.7081765 0.5891614 0.0007082108 18.87953 1.538298 0 0.0 0.03752816518087615 6.189353588726047 0.0
0.02015503 -0.03031732 -1.523108 -1.230959 1.729625 1.76558 0.5902137 19.29578 nan 0 0.0 0.036405564496149484 1.9583457405026823 0.0
0.03945246 0.02167074 -1.704966 -0.4404703 2.119705 1.754312 0.05164863 19.94588 0.5853367 0 0.0 0.04501241575609112 1.760943822595738 0.0
0.02273978 0.02829699 -4.066604 -5.326667 0.5962148 0.5078878 0.4227068 18.73353 nan 0 0.0 0.03630175254045595 6.701540824445151 0.0
0.02553409 5.05533e-05 -3.950453 -2.522872 0.6740329 0.6207011 0.5018491 19.00497 1.334188 0 0.0 0.02553414004356209 4.687319280099554 0.0
-0.03242957 -0.0295759 -0.07290846 -6.775468 0.5423313 0.4742043 0.3461343 18.53878 1.368349 0 0.0 0.043890897361467784 6.775860259964308 0.0
0.01489533 -0.01667908 -2.34179 -4.076802 0.2782604 0.2462557 0.5467133 17.11147 1.570499 0 0.0 0.022362078737346847 4.701520493553548 0.0
0.04669438 -0.004139962 2.166693 -5.60236 0.6432629 0.5727163 0.463161 18.94956 0.4529972 0 0.0 0.04687754695956097 6.0067458849071516 0.0
0.02001434 -0.03531264 -1.136958 -6.574514 1.345513 1.657279 0.8351206 19.1738 1.310127 0 0.0 0.04059010161856213 6.672099207143131 0.0
-0.007218544 0.04149951 -3.390703 -6.647976 0.4425154 0.363586 0.08903802 18.66001 1.447542 0 0.0 0.042122638897866264 7.462737549370539 0.0
-0.01259405 0.03524873 -0.5437889 -6.752545 0.7714932 0.7246354 0.5274492 19.07166 nan 0 0.0 0.03743104409464689 6.774405534420581 0.0
0.0278243 -0.02421901 0.7975845 -4.641469 0.5995584 0.5440987 0.4878854 18.84639 1.040871 0 0.0 0.03688837372221904 4.709498435353944 0.0
0.02332481 0.0117659 2.224732 -3.627063 0.653087 0.5265242 0.2145307 18.48586 1.30854 0 0.0 0.026124378736079066 4.254999233583127 0.0
0.01069482 -0.04469762 1.153426 -2.802115 1.057747 0.9969623 0.1408481 18.87965 nan 0 0.0 0.045959290774519136 3.030221115810033 0.0
0.02340975 0.0171427 -2.963928 -4.620969 0.3171569 0.2697134 0.3464116 17.95638 1.647112 1 0.0 0.029015315927153024 5.4898291128363 0.0
-0.02107274 0.003387294 -2.904028 -5.464391 0.4665388 0.4075582 0.4821748 17.84348 1.196409 0 0.0 0.02134324557676353 6.188129574084967 0.0
0.01959811 -0.0115947 0.9757694 -2.764705 0.712832 0.7268415 0.6775716 18.59417 1.082724 0 0.0 0.02277109974643517 2.9318457768104653 0.0
-0.01712276 -0.02003819 -2.467074 -7.28235 0.5952126 0.4652292 0.1447441 18.67955 1.219229 0 0.0 0.026357503077751882 7.6888930051065225 1.0
0.02206688 0.02257315 -0.3240258 -6.496258 0.1029916 0.08514637 0.1575245 15.36601 2.175637 1 0.0 0.03156729785485131 6.504333995239608 0.0
0.00274849 -0.01441997 -3.56959 -4.078845 0.4022803 0.3755555 0.5227261 18.18796 1.348522 0 0.0 0.014679568525028249 5.420235170370839 0.0
-0.0001064002 0.03916511 -9.405237 -5.581114 0.4374138 0.3949511 0.3123256 18.64874 1.382235 0 0.0 0.039165254528914534 10.936512995793723 0.0
0.03183967 0.03086812 -2.160142 -2.872365 0.4274889 0.3609073 0.5112425 18.37118 1.213104 1 0.0 0.04434642508752312 3.5939802661379483 0.0
0.02232172 0.03959429 -6.787451 -6.669011 0.439896 0.3735953 0.4386696 18.52415 1.168736 0 0.0 0.04545290952582133 9.515524094631992 0.0
0.001713223 0.009805287 -4.246188 -7.766011 1.187024 1.408519 0.8661247 18.96132 1.157305 0 0.0 0.00995383273920644 8.851047360819226 0.0
0.02218121 0.03651776 -4.068064 -3.258176 0.3392426 0.3100351 0.2980465 18.05798 1.303085 0 0.0 0.0427264891195345 5.2119915152532625 0.0
-0.0001063417 -0.03348198 2.251551 -10.24354 0.4562508 0.3521705 -0.2293363 18.0372 nan 0 0.0 0.0334821488748491 10.488069109097298 0.0
-0.03680695 0.01212713 -3.348246 -5.650615 0.4261037 0.3505166 -0.004088654 18.24021 1.658615 0 0.0 0.0387533076051503 6.568120062448691 0.0
0.04728195 -0.00481728 -0.6542111 -9.424049 0.638832 0.5368153 0.2785968 18.71406 1.336836 0 0.0 0.04752671861596275 9.4467291544621 0.0
0.03310062 0.03495335 -0.9807437 -2.736431 0.4509652 0.4007675 0.4611463 18.49142 1.652615 1 0.000625697 0.04813925342801755 2.9068733757855174 0.0
0.04194105 0.01194821 -0.8941253 -1.444931 0.1068819 0.08933623 0.2048455 15.78864 1.137393 1 0.0 0.0436097626375861 1.6992014732988816 0.0
0.001377358 0.01567229 -1.646443 0.6803301 1.626685 1.9751 0.8772982 19.46432 1.189051 0 0.0 0.015732698080884407 1.7814666983177123 0.0
-0.01354507 0.02590835 -6.771142 -6.301258 1.772989 1.650485 0.8199504 19.71326 nan 0 0.0 0.02923544973191622 9.249552225201391 0.0
-0.02350978 0.01291218 -0.413551 -3.908087 0.1058496 0.08776119 0.1212182 15.80029 1.58712 1 0.9668571 0.02682226962806839 3.9299069237286015 0.0
-0.03022881 0.01445004 -4.976382 -5.576027 0.18899 0.1631644 0.04455116 16.9554 1.109322 1 0.0 0.03350499380715806 7.4737176100420735 0.0
0.007453638 0.03955019 -1.922397 -6.694936 0.2722905 0.2461001 0.186032 16.72767 1.658186 0 0.0 0.04024641907637429 6.965470427021064 0.0
0.005267722 -0.008192549 -2.479181 -7.343999 0.09525759 0.07872301 0.1314576 13.38079 2.523433 1 0.0 0.009739956580328528 7.751171507763327 0.0
0.001824913 -0.01085321 -1.593541 -4.349068 0.4254482 0.3635376 0.3146615 18.29947 nan 0 0.0 0.011005565626612247 4.631820958036374 0.0
0.01641293 0.03344968 -3.803313 1.746239 0.1419039 0.1249285 0.1050747 16.28544 1.259703 1 0.0 0.03725943321210482 4.185037684548372 0.0
-0.0003583894 0.03495178 -3.384846 -7.888958 0.6237958 0.5327718 0.4435161 18.84359 nan 0 0.0 0.03495361738261767 8.5844534345222 0.0
0.03057261 6.283335e-05 1.283008 -4.306382 0.3383369 0.2901766 0.5550016 17.76019 1.380135 1 5.45369e-06 0.030572674568018616 4.493443607967947 0.0
0.02113344 -0.03703897 -3.255387 -3.418581 1.536733 1.930321 0.827183 19.28742 1.177671 0 0.0 0.04264396305333851 4.720618664256836 0.0
-0.03858951 -0.01886589 -4.101265 -10.25093 1.342888 1.777162 0.7933579 19.36388 1.122499 0 0.0 0.042954302316906515 11.04092117828603 0.0
0.001377507 0.02994308 -5.011146 -3.293256 1.347611 1.342513 0.3744144 20.01955 2.245304 0 0.0 0.029974748796636294 5.996425544843528 0.0
0.02394556 0.0386327 -5.565693 -7.796865 1.222059 1.483948 0.8873301 19.04327 1.270807 0 0.0 0.04545190153341882 9.579563789571736 0.0
-0.001645757 -0.01273576 -0.2066497 -3.725793 0.142988 0.1168217 0.1265709 16.1668 1.131554 0 0.0 0.01284165483419676 3.7315194729974395 0.0
0.002244571 -0.02160685 -5.857291 -4.98 1.714607 1.641807 0.5907024 19.89402 nan 0 0.0 0.021723122839420236 7.688189504602563 0.0
-0.02579566 -0.03651718 -0.2173395 -5.464141 0.5364043 0.4413032 0.7199312 17.8372 1.463131 0 0.0 0.044709288855762405 5.4684616965048995 0.0
0.01276914 -0.007239387 -5.067826 -8.681648 1.46668 1.70375 0.8877442 19.17462 nan 0 0.0 0.014678544221937304 10.052555514006375 0.0
0.03015344 0.003133761 -3.01027 -6.918295 0.3966897 0.3334593 0.378523 18.19482 1.233717 1 0.0 0.030315844072674625 7.544834735096919 0.0
0.02299376 0.03977155 -5.335454 -6.86617 1.706574 2.034051 0.877747 19.40634 1.001154 0 0.0 0.04594006082212017 8.695479276901073 0.0
0.0060506 -0.02655463 -1.395628 -7.654433 0.6503862 0.5890257 0.4240011 18.90917 1.154875 0 0.0 0.027235237006438918 7.780624786344154 0.0
0.03068897 0.01894747 -6.866072 -4.370082 0.3856976 0.3264818 0.3667716 18.30832 1.585852 1 0.0 0.03606687537147902 8.138830468556769 0.0
0.04927028 -0.002168701 -2.778203 -5.533025 0.1102095 0.09045446 0.1524118 15.79266 1.618954 1 0.0 0.049317986123784505 6.191346990747167 0.0
0.03043317 0.002296371 -0.4068023 -3.9811 0.1320943 0.1105809 0.2357972 16.23782 1.134173 1 0.9623711 0.03051968472999911 4.00183024643541 0.0
0.01021888 -0.04783708 2.889931 -1.141428 1.757659 2.128592 0.8450466 19.51834 0.9991169 0 0.0 0.048916374879796644 3.1071786340577523 0.0
-0.001169889 -0.01875916 -10.47114 -17.9935 1.619389 1.957792 0.8115197 19.0679 nan 0 0.0 0.018795603852441695 20.818520964506583 0.0
-0.001393883 -0.01009408 -0.08393844 -3.220183 0.3281358 0.2911092 0.5911107 17.59389 1.365597 0 0.0 0.010189865595977654 3.221276798910431 0.0
0.01495347 0.002375327 -0.003570806 -4.347647 0.6328643 0.5846089 0.5331014 18.91762 1.452011 0 0.0 0.015140952526107102 4.347648466385535 0.0
-0.001897645 -0.01367227 -0.1093586 -4.444986 0.3834246 0.3103273 0.244049 18.06952 1.393284 0 0.0 0.013803333782058775 4.446331054205249 0.0
0.020577 -0.01630982 6.425467 2.189013 1.232064 1.096625 0.4844624 18.5675 1.184547 0 0.0 0.026256868766713216 6.788107547929541 0.0
0.03863796 0.01274649 -1.759837 -2.6723 1.553774 1.872517 0.8846415 19.34803 1.159451 0 0.0 0.04068617652571571 3.199720856038695 0.0
0.04426396 0.01012594 -2.806334 -3.749725 0.1253178 0.1055399 0.2550266 16.08363 nan 0 0.0 0.04540740926066141 4.6835828267663855 0.0
0.02610006 0.03106012 -3.678905 -3.203463 0.7591221 0.7337958 0.5932144 19.05589 1.162462 0 0.0 0.04057023769240205 4.87816740091953 0.0
0.006665555 -0.04115541 0.4914332 -3.60755 0.7554485 0.5778956 -0.1788434 18.77241 1.009432 1 0.5318799 0.041691694565298316 3.640868521735197 0.0
0.02384975 -0.02669397 -2.094981 -7.963311 0.3453343 0.2945354 0.5462465 17.78989 1.140963 0 0.0 0.03579634910746346 8.234273949358377 0.0
-0.005676762 0.0007643432 0.8512683 -4.401967 0.6902552 0.6831476 0.5743868 18.29484 nan 0 0.0 0.0057279880701717805 4.483522185478052 0.0
-0.003268882 -0.02238697 -1.931212 -6.34848 0.7870303 0.7196616 0.3875344 18.82944 1.14492 0 0.0 0.022624367732841155 6.6357198629345415 0.0
-0.0006381208 -0.0188736 1.358415 2.616278 0.6498314 0.563755 0.3270291 17.91893 1.071457 0 0.0 0.01888438442511147 2.947914836881995 0.0
0.005575656 -0.007160686 0.3921003 -4.432754 0.7170876 0.6214625 0.07028169 18.64948 nan 0 0.0 0.009075426371302452 4.450061872578413 0.0
0.001629501 0.03081282 -4.204798 -10.7386 1.407487 1.905628 0.80525 19.57043 1.972939 1 0.02175287 0.030855877071660126 11.532469647946359 0.0
0.04893696 0.004772266 -2.191652 -8.094301 0.3748141 0.3180442 0.3546672 18.14473 1.11986 0 0.0 0.04916910185082046 8.38576455475021 0.0
-0.02093746 0.03292261 -4.17808 -4.552758 0.3077486 0.2696467 0.2813889 17.78152 1.151728 0 0.0 0.039016348886892274 6.179316943883361 0.0
-0.02596334 -0.03764255 1.95352 -0.732324 0.2772614 0.2420594 0.4723038 17.23424 1.568121 1 0.0 0.045728072280144284 2.0862739109177393 0.0
0.01355159 -0.01969254 -1.11772 -4.8966 1.638841 2.059523 0.8701104 19.45302 0.6010628 0 0.0 0.02390484727371627 5.022548114095076 0.0
0.02040733 -0.02754217 -0.6347531 -8.044029 1.267715 1.61674 0.8672648 19.09235 1.184746 0 0.0 0.03427871418297075 8.06903427002269 0.0
-0.004333827 0.02139809 -2.276149 -3.134286 1.624995 1.97443 0.8726126 19.36707 1.001371 0 0.0 0.021832551662919045 3.8735775453703005 0.0
-0.005396829 0.0004401057 -0.0148872 -3.905614 0.1141173 0.09594305 0.2299419 15.84297 1.377004 0 0.0 0.0054147443413713895 3.9056423729931855 0.0
0.03155234 0.0001350819 -1.341771 -5.533435 1.5857 1.868852 0.8734542 19.29385 1.412128 0 0.0 0.03155262915503726 5.693790680703498 0.0
-0.001001959 -0.01920548 0.6163723 -2.974866 0.7363948 0.6637136 0.3684049 19.02313 nan 0 0.0 0.019231598578071482 3.0380491322826377 0.0
-0.0001343641 0.003594971 1.191663 -4.178219 0.7475841 0.5440654 0.1761719 17.77237 nan 0 0.0 0.0035974810912928804 4.34483310583157 0.0
-0.04041588 0.004492864 2.104361 -6.085372 1.775346 1.468889 -0.1106973 19.90322 nan 0 0.0 0.04066483964184411 6.438950814900281 0.0
-0.02166055 0.003207908 -2.810633 -5.694934 0.8087749 0.6163763 -0.3961338 18.55991 nan 0 0.0 0.021896805704005415 6.350742564853736 0.0
-0.02963675 -0.004121676 -4.105502 -8.677432 1.212859 1.576473 0.4787752 19.1128 1.302395 0 0.0 0.029921984620199845 9.599633992326375 0.0
0.00661195 0.005908419 2.848145 -3.460828 1.504163 1.245181 0.08915258 18.73677 1.249897 0 0.0 0.008867203498401343 4.482104459582462 0.0
0.02517271 0.01319988 0.5046572 -7.533129 0.5232655 0.5107653 0.589088 17.70758 1.141298 0 0.0 0.028423619768750425 7.550014001321642 0.0
0.03869808 0.02685704 -1.905985 -6.425824 0.6867826 0.5894398 0.2539705 17.95789 1.255323 0 0.0 0.04710458569235059 6.702536303460131 0.0
-0.002737375 -0.01056521 0.3229114 -3.749753 0.2263042 0.196297 0.3191575 17.044 0.5963402 1 0.9392577 0.010914068179864234 3.7636311367161053 0.0
0.0006493554 -0.01085129 -0.6211079 -6.913248 1.201018 1.161895 0.6084602 18.96082 nan 0 0.0 0.010870701775856476 6.941093064708642 0.0
-0.00892466 0.01312569 -3.224338 1.519703 0.2575145 0.2294614 0.3543079 17.59566 1.08131 0 0.0 0.015872406688706663 3.564527001784809 0.0
-0.01079945 0.002741944 -0.06713217 -3.685551 0.4266594 0.3854754 0.2564397 18.11758 1.238066 0 0.0 0.011142099317527016 3.686162354244575 0.0
0.03093217 -0.01843663 -5.952899 -4.838167 0.3890836 0.3634026 0.6100005 17.66467 1.255733 0 0.0 0.03600983847042083 7.671040765377929 0.0
0.0001455615 0.003949737 -1.00389 -8.257488 0.5620779 0.4854845 0.1822807 17.33134 nan 0 0.0 0.003952418312811948 8.318287275770416 0.0
-0.0217948 -0.03132085 -5.527884 -2.898788 0.1566225 0.142694 0.2907212 16.38717 1.697597 1 0.0 0.038157685356458665 6.24183253431234 0.0
0.01802956 -0.01994294 0.5072406 -3.825805 0.5098301 0.4331507 0.3438608 18.41942 0.835701 0 0.0 0.02688467759965144 3.859284509376493 0.0
5.598534e-06 0.004281616 -0.1246219 -3.316413 0.1401566 0.1150601 0.2177248 16.18136 1.074883 0 0.0 0.004281619660249956 3.31875365228102 0.0
-0.03591237 0.01668022 -0.4557412 -4.592067 0.3940821 0.3245614 0.03742839 18.41156 1.455942 1 0.4229558 0.0395970713344472 4.61462667762696 0.0
-0.0063762 -0.006678163 -3.315599 -5.869984 0.401488 0.3347015 0.601747 17.80211 0.6819267 0 0.0 0.009233297758361798 6.741654758963633 0.0
0.03802004 0.005668503 0.5340258 -10.09045 0.3568991 0.3119167 0.3924502 18.07528 1.087854 0 0.0 0.038440283139729976 10.104571478175888 0.0
-0.002653441 -0.008852413 -0.07724256 -5.359381 0.3565059 0.3100818 0.5424956 17.77279 nan 0 0.0 0.009241534778544632 5.3599376037633455 0.0
0.006639104 -0.01074846 1.380885 -3.769472 0.7812465 0.7122869 0.4365923 18.89429 1.035484 0 0.0 0.012633570132564113 4.014444238248801 0.0
0.03913792 -0.0005249856 -2.403283 -6.942322 1.358638 1.752899 0.8499947 19.07131 1.353903 1 0.1873245 0.039141440849904945 7.346536866427133 0.0
-0.006181869 0.0275187 0.5787312 -3.730707 1.347817 1.600644 0.867142 19.08809 1.151655 0 0.0 0.02820450946255157 3.7753283991862805 0.0
-0.002233754 0.0007110407 -1.014938 -3.153343 0.2803713 0.2336973 0.1832858 16.84706 nan 0 0.0 0.002344191931044148 3.3126531993996897 0.0
-0.03960239 -0.001152642 -2.866312 0.7448288 0.4404706 0.3601305 -0.03278972 18.48065 1.129568 0 0.0 0.03961916048192168 2.9615054318122467 0.0
0.04258117 0.0003246255 -1.466096 -6.313414 0.2540652 0.2207957 0.5261072 17.19797 1.085974 0 0.0 0.04258240740357631 6.481406777591729 0.0
0.02897331 -0.01710867 -1.99351 -5.98484 0.110226 0.09589906 0.2448067 15.77422 1.637669 1 0.0 0.03364757467522733 6.30812111057643 0.0
-0.001953816 -0.0005993034 -4.394302 -5.223138 0.1078287 0.09093483 0.1871529 14.86063 1.902823 0 0.0 0.002043663750989277 6.825764472515002 0.0
0.004930733 -0.03783082 -2.272983 -7.295303 0.8496828 0.682725 -0.0910225 18.89895 1.295078 0 0.0 0.038150793829089445 7.641197391776894 0.0
-0.03739547 0.01440434 -4.936378 -6.527655 0.3853563 0.3119328 0.05851436 18.04142 1.849407 1 0.0 0.04007375933645981 8.184015368870527 0.0
-0.01382363 0.01239285 -3.748406 -8.863528 1.626538 2.05371 0.868905 19.37256 nan 0 0.0 0.018565437713649522 9.623548002042698 0.0
0.006389924 0.04556983 -2.445252 -1.120992 1.136077 1.531402 0.7578577 19.24125 0.8512764 0 0.0 0.04601565532462486 2.6899591832531584 0.0
-0.01514164 0.03223103 -1.003693 -2.895638 1.384924 1.315279 0.6599651 19.85176 0.1642838 0 0.0 0.03561051188554441 3.064656435115199 0.0
0.002999891 -0.03625339 -0.5887614 -2.800871 0.5391891 0.414508 -0.259023 18.2037 1.483896 1 0.1931205 0.03637729556335904 2.8620828682571298 0.0
0.03250475 0.002940561 -0.304201 -2.135916 0.2769084 0.2312002 0.5139622 17.15621 nan 0 0.0 0.032637488744651 2.1574696770654738 0.0
