jas1101finalproject/data/gcs/NGC_6401.ecsv
# %ECSV 0.9
# ---
# datatype:
# - {name: x, unit: deg, datatype: float64}
# - {name: y, unit: deg, datatype: float64}
# - {name: pmx, unit: mas / yr, datatype: float64}
# - {name: pmy, unit: mas / yr, datatype: float64}
# - {name: pmx_e, unit: mas / yr, datatype: float64}
# - {name: pmy_e, unit: mas / yr, datatype: float64}
# - {name: pm_corr, datatype: float64}
# - {name: g_mag, unit: mag, datatype: float64}
# - {name: bp_rp, unit: mag, datatype: float64}
# - {name: filter, datatype: int64}
# - {name: memberprob, datatype: float64}
# - {name: r, unit: deg, datatype: float64}
# - {name: pm, unit: mas / yr, datatype: float64}
# - {name: member_prob_GMM, datatype: float64}
# - {name: member_prob_DB, datatype: float64}
# meta: !!omap
# - comments: [deg deg mas/yr mas/yr mas/yr mas/yr dimless mag   mag   zeroone float]
# - __serialized_columns__:
#     bp_rp:
#       __class__: astropy.units.quantity.Quantity
#       unit: &id001 !astropy.units.Unit {unit: mag}
#       value: !astropy.table.SerializedColumn {name: bp_rp}
#     g_mag:
#       __class__: astropy.units.quantity.Quantity
#       unit: *id001
#       value: !astropy.table.SerializedColumn {name: g_mag}
#     pm:
#       __class__: astropy.units.quantity.Quantity
#       unit: !astropy.units.Unit {unit: mas / yr}
#       value: !astropy.table.SerializedColumn {name: pm}
#     pmx:
#       __class__: astropy.units.quantity.Quantity
#       unit: !astropy.units.Unit {unit: mas / yr}
#       value: !astropy.table.SerializedColumn {name: pmx}
#     pmx_e:
#       __class__: astropy.units.quantity.Quantity
#       unit: !astropy.units.Unit {unit: mas / yr}
#       value: !astropy.table.SerializedColumn {name: pmx_e}
#     pmy:
#       __class__: astropy.units.quantity.Quantity
#       unit: !astropy.units.Unit {unit: mas / yr}
#       value: !astropy.table.SerializedColumn {name: pmy}
#     pmy_e:
#       __class__: astropy.units.quantity.Quantity
#       unit: !astropy.units.Unit {unit: mas / yr}
#       value: !astropy.table.SerializedColumn {name: pmy_e}
#     r:
#       __class__: astropy.units.quantity.Quantity
#       unit: &id002 !astropy.units.Unit {unit: deg}
#       value: !astropy.table.SerializedColumn {name: r}
#     x:
#       __class__: astropy.units.quantity.Quantity
#       unit: *id002
#       value: !astropy.table.SerializedColumn {name: x}
#     y:
#       __class__: astropy.units.quantity.Quantity
#       unit: *id002
#       value: !astropy.table.SerializedColumn {name: y}
# schema: astropy-2.0
x y pmx pmy pmx_e pmy_e pm_corr g_mag bp_rp filter memberprob r pm member_prob_GMM member_prob_DB
[from data line 449]
-0.02345564 0.0002950212 -3.112555 1.224218 0.3386207 0.2762168 0.07047711 18.10357 2.169975 0 0.0 0.023457495290803095 3.3446536950107406 0.0 0.0
-0.01000827 -0.000798056 -3.226663 0.7785032 0.2251307 0.1810292 -0.08669548 16.78441 2.147263 0 0.0 0.010040037936782709 3.3192501183217935 0.0 0.0
-0.01212847 -0.001860631 -4.472413 4.813602 2.014082 1.710429 0.3575165 19.69992 2.038467 0 0.0 0.012270359907478712 6.570634844288108 0.0 0.0
-0.01745252 -0.03561749 -2.877433 -0.06863671 1.068111 0.9895053 0.455989 19.26313 1.656881 0 0.0 0.039663535498622664 2.878251494822616 0.0 0.0
0.008906264 -0.01221155 -1.072188 -1.381443 0.292433 0.2576926 -0.2014564 17.0209 nan 0 0.0 0.015114347218460876 1.7487057698746806 0.0 0.0
0.009991831 -0.04304201 -3.488744 -4.252096 0.310232 0.2344747 0.265605 17.62578 2.227699 0 0.0 0.04418655125230595 5.500150460737597 0.0 0.0
-0.03798207 -0.03003527 -0.739223 -2.107482 0.4245046 0.3388438 -0.02442883 18.36507 2.060053 0 0.0 0.04842267119292161 2.233367641937395 0.0 0.0
-0.01329961 -0.007676252 -6.858375 0.05042808 2.000418 1.760459 0.09180738 19.91552 nan 0 0.0 0.015355926247530755 6.858560390626993 0.0 0.0
-0.0488741 0.006978888 -5.033579 -1.799708 0.3666619 0.2594158 0.1231962 17.54838 2.568039 1 0.0 0.04936985445113793 5.3456399462089665 0.0 0.0
-0.04326372 -0.0001869289 -3.103975 -7.69762 0.4402695 0.3890816 0.1479101 18.24694 2.358149 0 0.0 0.04326412382854939 8.299880388597476 0.0 0.0
-0.007272657 -0.02812636 -3.057631 -6.668646 0.3965588 0.331736 0.1197289 18.13944 nan 0 0.0 0.029051396983436943 7.336207930905244 0.0 0.0
-0.01433175 -0.008134126 -2.519751 0.571988 0.7616259 0.5178764 -0.1456744 18.92929 1.996939 0 0.0 0.016479170605536435 2.583856686069295 0.0 0.0
-0.01795789 -0.0116174 -3.792151 -6.594296 0.3234699 0.2655441 0.08051561 17.81067 2.320524 0 0.0 0.021388076024086412 7.606914548121137 0.0 0.0
-0.009252889 -0.03030468 1.272483 -3.143827 0.516727 0.4348489 0.1047277 18.60775 2.284962 0 0.0 0.031685794683875626 3.3915868249564243 0.0 0.0
0.01387089 -0.02061767 0.212374 -4.440171 1.0371 0.8288673 0.5135428 18.90185 nan 0 0.0 0.024849344168830695 4.445247037580364 0.0 0.0
-0.01324387 -0.007094505 -6.281491 -1.744786 0.6713433 0.5082969 -0.03453341 18.0138 2.167818 0 0.0 0.015024383307541278 6.519310344574571 0.0 0.0
0.01389893 -0.01930351 -2.530001 -5.898613 0.2710585 0.2105939 0.3651375 17.18362 2.228989 0 0.0 0.023786671760988337 6.418297311886541 0.0 0.0
0.01085648 -0.04214753 -12.82878 1.797739 1.7335 1.321646 0.5176949 19.58548 1.832005 0 0.0 0.0435232977046926 12.954129140954285 0.0 0.0
-0.03050833 -0.02402133 -1.297538 -0.9178213 1.754267 1.590762 0.3865955 19.81222 nan 0 0.0 0.03883017504928094 1.5893397371794649 0.0 0.0
-0.03665205 0.001030096 -3.007972 -2.267772 1.586528 1.391251 0.6108662 19.34713 1.994001 0 0.0 0.036666522428118485 3.7670526140164275 0.0 0.0
-0.0292871 0.002845864 -0.417896 2.049611 0.1012961 0.08326801 0.04771486 14.74353 2.479665 1 0.0 0.029425043216901075 2.091779701148522 0.0 0.0
0.02229551 -0.01769298 -1.824279 -3.125901 0.6515406 0.3926565 0.2819125 18.30295 1.601999 0 0.0 0.028462805684621114 3.6192887328371577 0.0 0.0
-0.02576779 -0.01708327 -6.983853 -3.199599 0.2761991 0.2285881 -0.09387924 17.27482 2.645874 1 0.0 0.03091629207031464 7.6819031812702505 0.0 0.0
-0.01834846 -0.01148775 -0.3698155 -1.684989 0.5376832 0.4790002 0.2731678 18.67479 nan 0 0.0 0.021647964902828627 1.7250946160026268 0.0 0.0
-0.04817535 0.003667993 -4.599021 -4.610804 0.3817368 0.3168016 -0.0459209 17.42985 2.472797 0 0.0 0.04831478573139437 6.512335040894087 0.0 0.0
-0.02440051 -0.01928409 -2.582723 -6.451982 1.409171 1.436677 0.2075139 19.45192 2.203709 0 0.0 0.031100820172275202 6.949714369889816 0.0 0.0
0.01813959 -0.01456428 -3.292096 2.16849 0.5235595 0.3906576 -0.0007699177 18.4361 1.970995 0 0.0 0.023262909905824337 3.942111737801961 0.0 0.0
-0.03597647 -0.02050368 -1.394142 -3.302216 0.1805063 0.1528717 -0.08388464 16.776 2.586321 0 0.0 0.04140902422423523 3.5844472972579746 0.0 0.0
-0.03580654 -0.02975618 -7.795605 -6.415692 0.4159846 0.3279657 -0.05424951 18.42597 2.095699 0 0.0 0.04655683145322499 10.096165665978793 0.0 0.0
-0.004567148 -0.0255208 -3.051006 -4.698379 0.557591 0.4356633 -0.06461607 18.66488 1.770359 0 0.0 0.025926242949835674 5.602089149565277 0.0 0.0
-0.03146274 0.0007110293 -1.315015 -3.015136 0.1733937 0.142516 0.0966174 16.11218 2.955441 1 0.0 0.03147077328209554 3.289423893134024 0.0 0.0
9.105798e-05 -0.005600372 -3.697791 0.2237889 0.2971344 0.2338298 0.1855648 17.30144 1.895241 0 0.0 0.005601112219381583 3.7045566200888618 0.0 0.0
0.01554557 -0.01224079 -0.3566267 -3.384078 1.311861 1.144076 0.4628951 19.32842 nan 0 0.0 0.019786401553819735 3.4028174375415574 0.0 0.0
0.01127817 -0.003930027 -1.86648 1.544661 0.5859379 0.4451946 0.1157071 18.48283 1.976118 0 0.0 0.011943292291894602 2.4227515752385758 0.0 0.0
0.0126437 -0.01892001 0.2986492 3.693372 0.9547315 0.7169613 0.4265327 18.94839 nan 0 0.0 0.022755876781396494 3.7054268411405236 0.0 0.0
-0.04245102 -0.01125691 -0.2387037 -1.821009 2.152419 1.922714 -0.09808934 20.40056 nan 0 0.0 0.043918186686024506 1.83658738819439 0.0 0.0
0.008096625 -0.02255123 -5.201799 -5.022636 0.7764922 0.6779169 -0.01921251 18.9765 1.786743 0 0.0 0.023960661737596582 7.230877209916996 0.0 0.0
-0.02010159 -0.03936391 6.311117 11.79323 1.325564 1.146128 0.485324 19.26762 2.16605 0 0.0 0.04419944944245573 13.375741909164852 0.0 0.0
0.01197294 -0.03277874 27.69989 11.80269 1.873856 1.638656 0.3627568 19.8146 1.838099 0 0.0 0.03489694955481353 30.109589788773278 0.0 0.0
0.01208601 -0.01679135 -1.353667 2.377967 0.3483382 0.2674035 0.1207482 18.17412 1.800732 0 0.0 0.020688670149204853 2.736264131983241 0.0 0.0
0.01108172 -0.01751224 -5.425902 -1.106896 0.2709491 0.213263 0.2352209 17.69154 2.400925 0 0.0 0.020723973267112655 5.537655755680376 0.0 0.0
-0.03662797 0.01452269 -3.102841 -3.855802 0.271275 0.2467655 0.1714905 17.51916 2.362135 0 0.0 0.039401988670078575 4.949225326703665 0.0 0.0
0.02639579 -0.01915478 -4.347943 -5.87587 0.8474001 0.5935492 0.2559424 18.74367 1.899614 0 0.0 0.03261354513959652 7.309613983525327 0.0 0.0
0.006980995 -0.02015172 -2.551746 2.550878 0.4507969 0.3291239 0.1383667 18.58663 1.501574 0 0.0 0.021326652577196098 3.608100084448878 0.0 0.0
0.0167728 -0.0137878 -3.009023 -5.56816 0.2937021 0.2251198 0.4422504 17.49271 2.212534 0 0.0 0.021712444557902732 6.32918835239788 0.0 0.0
0.01406486 -0.03243753 -11.63991 -9.133071 1.149833 0.9648448 0.0006902646 19.40688 1.698868 0 0.0 0.03535553194792153 14.795286097238572 0.0 0.0
0.008151067 -0.04385822 -4.575301 -8.048334 0.8411575 0.4799011 -0.4742972 18.7619 nan 0 0.0 0.044609229480085055 9.2579187410647 0.0 0.0
-0.02783188 -0.01776272 -2.651207 -5.736282 0.4405128 0.36982 -0.04257821 17.62185 2.217499 0 0.0 0.03301708294402762 6.319321936756586 0.0 0.0
-0.03896723 -0.0004354247 1.736803 -4.209841 0.1643487 0.1325414 -0.01734065 16.05914 2.809264 1 0.0 0.03896966266908491 4.5540362214292935 0.0 0.0
-0.01659097 -0.01163438 -6.594453 2.545321 1.000868 0.8130478 -0.1350822 18.98286 2.069622 0 0.0 0.020263738142931576 7.068625705344003 0.0 0.0
0.01744257 -0.01177564 3.436895 -2.220568 0.5991693 0.4078935 -0.2317626 18.74986 nan 0 0.0 0.02104540200648351 4.091841820457995 0.0 0.0
0.007455292 -0.01858391 -2.981287 1.792426 0.2356038 0.1859337 0.180012 17.42769 1.616972 0 0.0 0.02002356336153393 3.47862949188973 0.0 0.0
-0.02905953 -0.01656517 -4.202343 -7.192837 0.8163974 0.6206122 0.05101061 18.46977 2.394764 0 0.0 0.033449381772310834 8.330461619755415 0.0 0.0
0.005725408 -0.02766661 -2.754878 1.394568 0.1235431 0.0988715 -0.04640001 16.14453 2.35181 1 0.9976896 0.028252815889014748 3.0877455694256937 0.0 0.0
0.006004682 -0.02024704 -5.291135 -0.3840732 0.6711261 0.5097243 -0.0684192 18.48763 1.710306 0 0.0 0.021118684492238714 5.305056249577683 0.0 0.0
0.01548964 -0.01336993 -3.470143 1.704786 0.6140087 0.4522925 -0.1784498 18.421 nan 0 0.0 0.020461768631633487 3.8662886268675027 0.0 0.0
-0.01268697 0.003546649 0.4777953 1.436242 0.4176729 0.3253482 -0.1697899 18.10384 1.918015 0 0.0 0.01317337947946923 1.5136312071525513 0.0 0.0
0.01409229 -0.03673479 -1.477911 -6.388162 0.3158928 0.2420315 0.2854808 17.5752 2.495071 1 0.0 0.03934510685953464 6.55689214965177 0.0 0.0
0.01677295 -0.01259571 -3.753619 -10.05272 0.2240082 0.1751755 0.1984695 17.29611 2.063905 0 0.0 0.02097578990423483 10.730649327769546 0.0 0.0
-0.01761883 -0.04314391 -3.058214 -1.831935 0.1890384 0.1566994 0.07315189 16.77012 2.557181 1 0.0 0.04660279112517833 3.564920576116809 0.0 0.0
0.006004664 -0.02063042 -2.779749 1.856775 1.389011 1.170143 0.3170395 19.19601 nan 0 0.0 0.02148651249340609 3.3428457792165647 0.0 0.0
0.009712845 -0.04423217 1.044946 1.111885 1.201948 1.013294 0.4519652 19.40748 nan 0 0.0 0.04528602677319932 1.5258441585368407 0.0 0.0
0.01911644 -0.01119795 -1.086734 -7.429848 0.37644 0.2998667 0.1509149 17.0935 2.026178 0 0.0 0.022154736795459793 7.508903521144748 0.0 0.0
0.009963846 -0.04427606 0.6412332 -3.441077 2.064813 1.866614 0.7298083 19.83665 nan 0 0.0 0.04538334183635353 3.500312976965237 0.0 0.0
0.009657018 -0.04487494 -2.794046 -5.570454 0.4702581 0.3587786 -0.1172751 18.52893 1.998037 0 0.0 0.045902268317109605 6.231905873505472 0.0 0.0
-0.01036842 -0.0323647 0.2402075 -5.633001 1.489549 1.323211 0.482126 19.72179 1.952707 0 0.0 0.03398496637318331 5.638120246062268 0.0 0.0
0.01816502 -0.03210998 -0.1977184 -6.897101 0.5356619 0.3746133 -0.007348435 15.64585 2.349748 0 0.0 0.03689198784561223 6.899934403304104 0.0 0.0
-0.02663183 -0.02049569 -15.48138 -8.800907 1.470521 1.396263 0.3819376 19.70199 1.744427 0 0.0 0.03360547094931121 17.808118674555406 0.0 0.0
-0.02431382 -0.03519517 -3.328588 -5.205361 1.994024 1.822261 0.01204451 20.39146 nan 0 0.0 0.04277688434565215 6.178614829722354 0.0 0.0
-0.03212559 -0.02633724 5.151348 -3.715817 1.63103 1.386999 0.3354034 19.92494 1.948503 0 0.0 0.041541590528838684 6.3516676703518575 0.0 0.0
-0.01754207 0.007715545 1.243929 -2.727631 0.7870291 0.6869524 0.1129091 18.6585 1.86458 0 0.0 0.01916386846468961 2.9978876278476485 0.0 0.0
0.01883434 -0.0326365 -2.882568 -3.661219 0.4023328 0.2977981 0.3953124 18.07023 nan 0 0.0 0.03768120878482536 4.659798583692754 0.0 0.0
0.01713282 -0.03357277 -5.536691 -2.90299 0.3393395 0.2589105 0.3252357 17.83433 nan 0 0.0 0.03769170209244072 6.251583652929952 0.0 0.0
0.02307327 -0.03617723 -1.462342 -3.140894 1.236897 1.070735 0.3107232 19.3395 2.045961 0 0.0 0.04290883078068895 3.4646297412854956 0.0 0.0
-0.02289011 -0.04231504 0.2836346 -3.643517 0.1141119 0.08803772 -0.1095805 15.63584 2.632708 1 0.0 0.0481094558898113 3.6545402878619577 0.0 0.0
-0.006492613 -0.009132945 -1.565704 1.745077 0.4672932 0.3794093 -0.1556799 17.58118 1.99064 0 0.0 0.01120556593576576 2.3445090640782347 0.0 0.0
-0.006743707 -0.008724785 2.865724 5.156822 0.4550779 0.3437992 -0.03468044 17.46789 2.318478 0 0.0 0.011027214398844071 5.899592120126611 0.0 0.0
0.001569485 -0.017857 -2.816661 1.447265 0.3133729 0.2589308 -0.2610852 17.14959 2.139016 0 0.0 0.017925839789678617 3.166726254216805 0.0 0.0
0.002043701 -0.01780742 -3.216108 0.8790911 0.486621 0.4265773 -0.1314119 17.14509 1.946802 0 0.0 0.017924310888672988 3.3340893553957445 0.0 0.0
-0.02970779 0.01242066 -2.957419 -9.369081 0.4996203 0.3733857 -0.6326096 17.17018 2.229478 0 0.0 0.032199776109775986 9.824764929814961 0.0 0.0
0.008432229 -0.00913115 1.137275 -15.98867 0.9016583 0.5536552 0.1339901 18.57887 nan 0 0.0 0.012429013888114413 16.029066185979925 0.0 0.0
0.01225067 -0.04531576 -5.912513 -6.976984 0.3221293 0.2599611 0.04681955 17.93385 nan 0 0.0 0.04694248629787838 9.145278328811267 0.0 0.0
-0.004009691 -0.01229332 -1.81302 1.052783 0.5494083 0.4510551 -0.2622055 17.81048 2.086288 0 0.0 0.012930712994180986 2.09651939306294 0.0 0.0
-0.03500146 -0.01572169 -5.086242 -6.855297 0.3602645 0.2965238 0.02785695 17.89439 2.51178 1 0.0 0.03837021942324151 8.536097155068761 0.0 0.0
0.002712703 -0.0406136 -7.424156 -1.31273 0.3056853 0.2547179 0.08818962 17.89711 1.996363 0 0.0 0.040704093928328744 7.539320417997633 0.0 0.0
0.001206845 -0.01842539 -1.241601 -5.612911 0.3024399 0.2500055 -0.263088 17.55387 2.157707 0 0.0 0.018464871283226564 5.748594866323597 0.0 0.0
-0.02504746 0.008463897 -2.159441 -3.031814 0.4078653 0.3319625 -0.1167059 18.09506 1.990406 0 0.0 0.026438850294182782 3.7222414702806423 0.0 0.0
-0.02552173 0.00825781 1.155114 -1.400912 1.037245 0.9962906 -0.6455495 18.89737 nan 0 0.0 0.026824431553883858 1.8157210096102319 0.0 0.0
-0.0288896 -0.02803211 -5.237773 -1.685448 0.3995781 0.3198296 -0.1644144 18.22024 2.42347 0 0.0 0.04025429392266246 5.5022723451527735 0.0 0.0
-0.0003832311 0.004098495 -3.192112 1.139234 0.2463219 0.1939213 0.1543262 16.2291 nan 0 0.0 0.004116373080884701 3.3893116007974244 0.0 0.0
-0.0002715895 -0.01615755 -2.817311 -1.548733 1.653445 1.42409 0.3895858 19.63592 1.945227 0 0.0 0.01615983238957045 3.2149362631333767 0.0 0.0
0.01604407 -0.04145189 0.6206862 -2.990162 1.227174 1.094735 0.3353076 19.35632 1.917015 0 0.0 0.044448524910698665 3.0539024452517207 0.0 0.0
0.0006210694 -0.01480333 -1.456708 -1.145707 1.114175 0.9575198 0.3364673 19.19948 1.646111 0 0.0 0.014816352664826669 1.8532789123909548 0.0 0.0
-0.03304462 -0.03194317 -2.283313 -4.754893 0.5042797 0.3973195 -0.03793312 18.78993 2.094313 0 0.0 0.045959906664323195 5.274706219062631 0.0 0.0
-0.0008573999 -0.01505129 -6.767647 -3.971209 0.9003906 0.8279636 -0.8379577 17.35197 nan 0 0.0 0.01507569120314621 7.8467539045321155 0.0 0.0
-0.02956563 0.0008144741 -0.7805938 -14.53756 1.430114 1.270511 0.6628636 19.37712 nan 0 0.0 0.029576846440357206 14.558501895256889 0.0 0.0
-0.02504706 0.006363906 -3.798729 2.340022 0.3069167 0.2478019 -0.08325493 17.62632 1.651424 0 0.0 0.0258428813064727 4.461619098032125 0.0 0.0
0.007481417 -0.04909958 -3.093299 -3.822767 0.2480491 0.2032226 0.05741549 17.32659 2.183791 0 0.0 0.04966628994100816 4.91752440153478 0.0 0.0
-0.02973553 0.01173019 -4.487532 -6.272657 0.3337608 0.2686181 0.002564622 17.79848 2.35277 0 0.0 0.03196559246779262 7.712598089533318 0.0 0.0
-0.004650656 -0.03028918 -2.538027 -3.345829 1.450142 1.297362 0.5741907 19.70395 1.881027 0 0.0 0.03064413526766151 4.19954196906877 0.0 0.0
-0.01134483 -0.03015035 -4.320411 -9.038288 0.2102295 0.1725266 0.1083142 16.90406 2.740457 1 0.0 0.03221410828893763 10.017814191721914 0.0 0.0
0.02561291 -0.02835186 -3.112414 -2.081766 0.2532348 0.1888912 0.4336196 16.96017 2.268991 0 0.0 0.03820797199705449 3.7444452975243205 0.0 0.0
-0.01042448 -0.02885709 -4.322995 -1.738795 2.207315 1.918581 0.5174681 20.01861 nan 0 0.0 0.03068226566827326 4.6595808633449 0.0 0.0
-0.04574427 -0.007101922 -2.643598 -6.782158 0.2549708 0.2294793 0.1558766 17.16416 2.415203 0 0.0 0.04629228374067307 7.279167364648789 0.0 0.0
-0.03488734 -0.02513061 -1.630734 3.495443 0.4283188 0.3339925 -0.06538387 18.32475 1.957191 0 0.0 0.042996209731180964 3.8571252436244534 0.0 0.0
-0.007803782 -0.008896506 -3.846008 0.3476557 0.3307781 0.2741653 -0.2671221 17.3546 nan 0 0.0 0.011834138435541474 3.861689011534524 0.0 0.0
0.03161104 -0.02348372 2.994562 2.904827 1.841933 1.572598 0.5290779 19.32441 1.660801 0 0.0 0.03937947377657553 4.1719805214997105 0.0 0.0
-0.01709462 -0.0001503005 -9.127381 -5.550662 0.6002036 0.4620006 -0.2893545 18.18374 1.915588 0 0.0 0.01709528072845545 10.682646327451124 0.0 0.0
-0.0162576 -0.0006003268 -3.929041 3.723872 1.803836 1.567253 0.4089109 19.74158 nan 0 0.0 0.01626868003332779 5.413371024792685 0.0 0.0
-0.01625756 -0.0009322054 -1.73697 2.611717 1.774849 1.641253 -0.3631903 19.81893 nan 0 0.0 0.01628426430826364 3.1365794217569243 0.0 0.0
0.03026833 -0.03972638 -4.808658 -1.889188 0.1746934 0.1365272 0.2731402 16.6053 2.115958 1 0.0 0.049943538810273545 5.166451689535866 0.0 0.0
