jas1101finalproject/data/gcs/NGC_6553.ecsv
# %ECSV 0.9
# ---
# datatype:
# - {name: x, unit: deg, datatype: float64}
# - {name: y, unit: deg, datatype: float64}
# - {name: pmx, unit: mas / yr, datatype: float64}
# - {name: pmy, unit: mas / yr, datatype: float64}
# - {name: pmx_e, unit: mas / yr, datatype: float64}
# - {name: pmy_e, unit: mas / yr, datatype: float64}
# - {name: pm_corr, datatype: float64}
# - {name: g_mag, unit: mag, datatype: float64}
# - {name: bp_rp, unit: mag, datatype: float64}
# - {name: filter, datatype: int64}
# - {name: memberprob, datatype: float64}
# - {name: r, unit: deg, datatype: float64}
# - {name: pm, unit: mas / yr, datatype: float64}
# - {name: member_prob_GMM, datatype: float64}
# meta: !!omap
# - comments: [deg deg mas/yr mas/yr mas/yr mas/yr dimless mag   mag   zeroone float]
# - __serialized_columns__:
#     bp_rp:
#       __class__: astropy.units.quantity.Quantity
#       unit: &id001 !astropy.units.Unit {unit: mag}
#       value: !astropy.table.SerializedColumn {name: bp_rp}
#     g_mag:
#       __class__: astropy.units.quantity.Quantity
#       unit: *id001
#       value: !astropy.table.SerializedColumn {name: g_mag}
#     pm:
#       __class__: astropy.units.quantity.Quantity
#       unit: !astropy.units.Unit {unit: mas / yr}
#       value: !astropy.table.SerializedColumn {name: pm}
#     pmx:
#       __class__: astropy.units.quantity.Quantity
#       unit: !astropy.units.Unit {unit: mas / yr}
#       value: !astropy.table.SerializedColumn {name: pmx}
#     pmx_e:
#       __class__: astropy.units.quantity.Quantity
#       unit: !astropy.units.Unit {unit: mas / yr}
#       value: !astropy.table.SerializedColumn {name: pmx_e}
#     pmy:
#       __class__: astropy.units.quantity.Quantity
#       unit: !astropy.units.Unit {unit: mas / yr}
#       value: !astropy.table.SerializedColumn {name: pmy}
#     pmy_e:
#       __class__: astropy.units.quantity.Quantity
#       unit: !astropy.units.Unit {unit: mas / yr}
#       value: !astropy.table.SerializedColumn {name: pmy_e}
#     r:
#       __class__: astropy.units.quantity.Quantity
#       unit: &id002 !astropy.units.Unit {unit: deg}
#       value: !astropy.table.SerializedColumn {name: r}
#     x:
#       __class__: astropy.units.quantity.Quantity
#       unit: *id002
#       value: !astropy.table.SerializedColumn {name: x}
#     y:
#       __class__: astropy.units.quantity.Quantity
#       unit: *id002
#       value: !astropy.table.SerializedColumn {name: y}
# schema: astropy-2.0
x y pmx pmy pmx_e pmy_e pm_corr g_mag bp_rp filter memberprob r pm member_prob_GMM
[from data line 1743]
-0.02831514 -0.0644155 -4.547312 -3.271873 0.3105319 0.264806 0.3030275 17.76009 2.028347 0 0.0 0.07036408027871607 5.602070987900189 0.0
-0.04848453 -0.05391067 -2.535273 -4.078482 0.1393871 0.1190247 0.2880348 16.37288 1.415892 1 0.0 0.0725059307172165 4.802252035124042 0.0
0.03961081 -0.07696719 -11.37434 -5.769316 2.094262 1.608327 0.06753534 19.73549 nan 0 0.0 0.0865619119783765 12.753847166383013 0.0
-0.05722841 -0.07201151 5.31916 -1.28537 1.580614 1.485482 0.5228159 19.7395 1.700737 0 0.0 0.09198232701779294 5.472260880340045 0.0
-0.0272665 -0.09068514 -1.82206 -2.387173 1.022053 0.9812391 0.4241469 19.42715 1.458652 0 0.0 0.09469559989286515 3.0030813468051445 0.0
-0.0327602 -0.06256271 0.1059349 -6.25181 0.1170235 0.1000406 0.189063 15.6111 2.080296 1 0.0 0.07062098403862764 6.252707451907375 0.0
0.04410752 -0.08290254 -2.253703 -4.122027 0.3420083 0.2789753 0.2449306 17.57182 1.57075 0 0.0 0.09390582760937682 4.697902063787409 0.0
-0.03646382 -0.06330194 -7.254361 -4.643587 0.7735564 0.7202825 0.3482012 19.19088 nan 0 0.0 0.07305303400103243 8.613283563478564 0.0
0.06905255 -0.06564349 -4.562175 -5.33179 1.075896 0.7645703 -0.1177724 19.14392 nan 0 0.0 0.09527498328985737 7.017223477610286 0.0
-0.01113824 -0.08876563 -4.416168 -6.690495 1.986495 1.720962 0.310777 19.87108 nan 0 0.0 0.08946170946049768 8.016561803494625 0.0
-0.04803552 -0.07839892 -4.324361 -5.078757 0.3540029 0.2796833 0.4859433 17.38373 2.211931 0 0.0 0.09194455850585612 6.670372607536254 0.0
0.0481454 -0.0694516 -7.963346 -20.46951 1.112966 0.9463005 0.2541111 18.8724 1.527119 0 0.0 0.08450742147125305 21.963964103863763 0.0
0.04434052 -0.0469415 -7.14104 -3.023861 0.7074147 0.5236546 -0.370142 18.42505 nan 0 0.0 0.06457233259005284 7.754881535453717 0.0
0.02814286 -0.08179711 -6.478872 -7.790161 0.4225304 0.3425132 0.1051441 17.95298 1.872469 0 0.0 0.08650310846051545 10.132245101570778 0.0
-0.02463608 -0.077377 1.81693 -1.69866 0.6713156 0.6764534 0.4884208 18.49017 1.635565 0 0.0 0.08120428909094889 2.4873038456328573 0.0
0.0336836 -0.08319093 -1.512148 -1.597511 0.4141803 0.3453062 0.2816315 18.2571 1.672905 0 0.0 0.08975141081467689 2.1996892892008635 0.0
0.0009309414 -0.07807824 -0.4069894 -0.8460237 0.8665663 0.7383385 0.4182338 19.24484 1.762381 0 0.0 0.07808378969663186 0.9388271793434881 0.0
0.04930068 -0.06220607 -9.993162 -3.965995 1.015104 0.8561617 0.4042551 19.2404 nan 0 0.0 0.07937349805386745 10.751390751817599 0.0
-0.03668008 -0.07363601 -3.335867 -5.34893 0.3096318 0.2651703 0.3302007 17.67562 nan 0 0.0 0.08226597253741368 6.303892510710267 0.0
0.0634527 -0.07135284 0.9344463 -1.292376 0.9029443 0.7498696 0.4204638 19.13015 nan 0 0.0 0.09548545917235567 1.5948120933074497 0.0
-0.02936009 -0.05481989 -3.380247 -3.901084 0.173725 0.1525074 0.3179055 16.24847 2.645378 1 0.0 0.062187098536756004 5.1618336040660004 0.0
0.04207718 -0.08411869 -1.937807 -9.494485 0.3478342 0.2832704 0.3353424 17.66723 nan 0 0.0 0.09405553191635513 9.690218851216622 0.0
0.0201901 -0.06814078 1.325172 -9.125712 0.3916622 0.3329685 0.2954702 17.91164 1.667706 0 0.0 0.07106902304814947 9.221426155239111 0.0
0.04232845 -0.07192511 -3.996642 -9.470099 0.1574787 0.1250938 0.004482971 13.98391 1.102336 0 0.0 0.0834560910174602 10.278906670748839 0.0
0.001095495 -0.08237931 -0.8922179 -6.038803 0.3402276 0.2855454 0.1150495 16.48635 2.345947 0 0.0 0.08238659372356115 6.104358643943638 0.0
0.06007684 -0.07429602 0.06322206 -2.918302 0.4453585 0.3756312 0.304828 18.11695 nan 0 0.0 0.09554645619920187 2.918986740647282 0.0
0.0402458 -0.06517428 0.5401085 -0.5758232 0.09808342 0.07939591 0.05351084 14.96475 2.250106 1 0.9646259 0.07659902865675518 0.7894868899674585 0.0
0.07234873 -0.05920816 3.357152 -4.14815 0.5133615 0.409927 0.2432507 17.7734 1.788216 0 0.0 0.09348767268040477 5.33644244545034 0.0
0.07402137 -0.06078849 -2.599833 -5.33605 0.9601829 0.8003978 0.4506339 19.13555 1.518513 0 0.0 0.09578310776518478 5.935702252504669 0.0
-0.01725584 -0.08361844 -5.991004 -13.22866 0.2420644 0.2073661 0.2172335 16.9957 2.137482 0 0.0 0.08538036965332957 14.522037540359685 0.0
0.04046671 -0.06102396 -0.5809 -4.972321 0.1780887 0.1529168 0.2496561 16.27621 2.276483 0 0.0 0.07322211627852408 5.006138325799737 0.0
-0.06147915 -0.07484797 0.7997756 -2.543477 1.509025 1.301966 0.5152191 19.68474 nan 0 0.0 0.09686023176641381 2.6662551003016124 0.0
0.05522629 -0.06340079 -9.301314 -9.790382 0.7087414 0.6045085 0.5308406 18.68379 nan 0 0.0 0.08408093291459247 13.504296421232763 0.0
0.07663019 -0.05715093 -0.8237054 -1.855984 0.5371417 0.437419 0.2045015 18.53851 2.050911 0 0.0 0.09559505645848534 2.0305583454422482 0.0
0.02718522 -0.07117868 -0.0034074 -4.63485 0.5035965 0.3990816 0.0636189 18.22497 1.192408 0 0.0 0.07619344245399862 4.634851252507977 0.0
-0.03138365 -0.08038268 -0.9648493 -3.305635 0.6239187 0.5407627 0.3797543 18.87395 1.610411 0 0.0 0.08629199691341544 3.4435674706524178 0.0
0.0554135 -0.07367003 4.883842 -7.139238 1.073628 0.8860109 0.3943369 19.49006 nan 0 0.0 0.09218421395472708 8.649892016759978 0.0
-0.05882352 -0.06410061 -6.593069 -7.484042 0.8559323 0.7792557 0.3139254 19.10824 1.615759 0 0.0 0.08700054429463358 9.973938213991753 0.0
0.02082184 -0.06394473 -3.906947 -7.596938 0.3939668 0.3215161 0.1469629 17.05684 2.076031 0 0.0 0.067249368143935 8.542698744346133 0.0
0.0588223 -0.0595287 -3.981605 -5.154876 0.8842755 0.7164824 0.08595736 18.6311 1.654789 0 0.0 0.08368828532703965 6.5135186306174795 0.0
-0.04019513 -0.06314103 -3.460762 -2.874803 1.062619 0.952643 0.3782301 19.5194 2.024021 0 0.0 0.07484943650541265 4.499040554324111 0.0
-0.05890628 -0.06320992 1.190501 -7.389109 0.566127 0.4856175 0.4157452 18.70622 1.915091 0 0.0 0.08640279978012749 7.484398736363663 0.0
0.03547513 -0.05498178 -2.157991 -2.828683 0.477536 0.3904648 0.1507736 17.70769 1.641224 0 0.0 0.06543302667984495 3.557860687347103 0.0
-0.02288364 -0.06075793 -1.508054 -6.989137 1.487232 1.28486 0.1257636 19.12327 nan 0 0.0 0.06492447179249516 7.149983417581121 0.0
0.02189204 -0.06279861 -1.67213 1.122494 0.4911027 0.406036 0.2648371 18.25127 1.480282 0 0.0 0.0665050887774289 2.0139541993143735 0.0
-0.00705166 -0.08121794 -9.68584 -4.423854 0.8367158 0.7362286 0.3695743 19.18067 nan 0 0.0 0.08152349162418891 10.64828534173066 0.0
0.05193749 -0.05550287 -2.205306 -5.893183 0.2985474 0.2440792 0.04683897 17.5996 2.121498 0 0.0 0.07601362671085363 6.2922953224658 0.0
0.02630924 -0.06264883 0.7725152 0.1923783 0.4683762 0.3810255 0.2016583 18.34723 nan 0 0.0 0.06794889263075964 0.7961087517053999 0.0
0.0607728 -0.05468312 -0.7284785 0.5266671 0.7808195 0.6734755 0.5840443 18.89278 1.261826 0 0.0 0.08175314570568157 0.8989211084320248 0.0
0.04195176 -0.05122644 -5.340184 -4.098171 0.3453492 0.2805613 0.1172917 17.91772 2.326651 0 0.0 0.066212523907273 6.731461260313171 0.0
-0.0362964 -0.07237895 -1.193365 2.5622 1.976778 1.399753 -0.07899108 19.67408 nan 0 0.0 0.08097000096370569 2.8264799421232407 0.0
0.04273861 -0.07561979 -0.8537964 -8.875352 0.1598139 0.1300854 0.09655211 16.29055 2.173038 1 0.0 0.08686162227575651 8.91632443423617 0.0
-0.03050941 -0.06661331 -3.052391 -9.662171 0.6608969 0.5848797 0.3559476 18.66852 nan 0 0.0 0.07326770890169966 10.13284951285284 0.0
-0.01533444 -0.09305954 -5.999612 -1.568617 0.2127318 0.1831295 0.2149338 17.02695 2.256267 1 0.0 0.09431449005919079 6.201282403118971 0.0
-0.02965738 -0.07275856 -3.829348 -11.50438 1.074125 0.9765216 0.6002662 19.34791 nan 0 0.0 0.07857078491231967 12.124960424244854 0.0
0.05571397 -0.07640912 -3.809215 -10.619 0.3767924 0.3057371 0.1354934 17.6127 2.031923 0 0.0 0.09456426424572499 11.281545989633912 0.0
-0.04586759 -0.08042557 -5.87035 -1.387071 0.5198506 0.4390538 0.250505 18.31411 2.256239 0 0.0 0.09258567989831365 6.031995945086584 0.0
-0.02809857 -0.05225229 -8.694835 -4.85669 0.1511008 0.1263397 0.2127224 15.75013 2.472987 0 0.0 0.059328167393650384 9.959296834281274 0.0
0.02822559 -0.07999469 -1.0019 -4.193916 0.4072789 0.3690422 0.483301 18.02487 nan 0 0.0 0.0848282639162455 4.311929385444061 0.0
-0.03496124 -0.04179995 1.139415 -0.4762501 1.376578 1.02774 0.05372987 19.50333 nan 0 0.0 0.05449334016501558 1.234941577555396 0.0
-0.03582984 -0.07302349 -1.616948 -4.125311 0.3161482 0.2656295 0.4181957 17.46409 2.459713 0 0.0 0.0813400733107962 4.430881591898501 0.0
0.04701405 -0.08582191 -2.327887 -5.601609 0.5820206 0.4758236 0.3455844 18.38464 1.610134 0 0.0 0.09785561370432766 6.066059781575681 0.0
0.04126691 -0.04803329 4.143062 -0.6232046 0.4029855 0.3224477 0.178732 16.29432 2.213465 0 0.0 0.06332578313114019 4.189671432141804 0.0
-0.02598572 -0.05270384 -2.321886 -2.124647 0.2005747 0.1698848 0.2659016 16.78737 1.457851 0 0.0 0.05876182770016603 3.1472653958007735 0.0
0.01387948 -0.07373984 -7.25397 -6.280262 0.5664552 0.4935339 0.6224197 18.10807 2.159967 0 0.0 0.07503468510159818 9.594882570909556 0.0
-0.005268963 -0.07335576 -5.670353 -5.452618 0.1262985 0.1078649 0.009325771 14.41173 2.803205 1 0.0 0.07354474485830358 7.8666349984305874 0.0
-0.01174384 -0.06728705 -4.248781 -6.604287 0.1897208 0.1627416 0.06355733 16.83343 2.431955 0 0.0 0.06830420833043964 7.852945101318996 0.0
-0.002854659 -0.08025646 -4.437824 -3.564893 0.16254 0.1366032 0.09998192 16.32287 nan 0 0.0 0.08030721293718193 5.6923408152029165 0.0
-0.01393574 -0.09160024 -0.4983752 -0.7072974 1.473516 1.259502 0.4344777 19.34115 1.554171 0 0.0 0.0926542433858547 0.8652441574618114 0.0
0.000409716 -0.0816259 4.034549 -3.741533 0.55634 0.4587684 0.351476 18.59109 1.803009 0 0.0 0.0816269282651911 5.5024226322130145 0.0
-0.02636319 -0.08244138 0.3677591 -0.3731052 0.9794337 0.8551547 0.235077 19.08641 1.806673 0 0.0 0.08655402314901658 0.5238838095416292 0.0
-0.01256771 -0.05957573 -0.6086934 -2.634951 1.07018 0.9941234 0.3774355 19.22484 nan 0 0.0 0.060886902858307716 2.7043436223240125 0.0
-0.04091452 -0.04570811 -0.6487586 -5.471192 0.3528972 0.3146156 0.04412542 17.82226 nan 0 0.0 0.06134516498145962 5.509521723519925 0.0
0.03187687 -0.06949376 -2.761238 -2.854786 0.580385 0.4778554 0.2385932 18.84831 nan 0 0.0 0.0764559841996328 3.9716795437749006 0.0
0.02754506 -0.05748973 -4.89392 -5.774205 0.4968923 0.3948251 0.1189346 18.12556 1.962822 0 0.0 0.06374793632641375 7.569141057506129 0.0
-0.01966799 -0.09421412 1.744773 -4.571764 0.3510369 0.3036034 0.02261986 17.15403 2.248884 0 0.0 0.0962451569587504 4.89338930530006 0.0
-0.01371639 -0.0909479 3.768631 -0.9546514 0.5016666 0.4312361 0.3406667 18.74964 1.984304 0 0.0 0.09197640930718104 3.8876649688062064 0.0
-0.01165927 -0.0901733 2.677175 -6.005172 0.1852207 0.1594227 0.1710154 16.80307 2.68418 1 0.0 0.09092393859607545 6.574903552920682 0.0
-0.02416777 -0.08688312 -1.845336 -2.568086 0.6646837 0.5769796 0.323304 18.87879 1.849588 0 0.0 0.09018180330702696 3.162329941086477 0.0
0.001808826 -0.07468317 -0.8713027 -0.5757011 0.9918547 0.9226979 0.3960346 19.3812 nan 0 0.0 0.07470507166683649 1.0443180318123881 0.0
-0.008011595 -0.08369946 -7.286003 -3.538061 0.166392 0.1497758 0.322144 16.31414 2.544888 1 0.0 0.08408201507299659 8.09961204970522 0.0
-0.04046857 -0.06581141 2.559784 -1.499056 0.3782848 0.3206186 0.4362596 18.22333 nan 0 0.0 0.07725831245913284 2.966422595954932 0.0
0.02625318 -0.06798748 -1.593975 -5.311737 0.2763584 0.2250971 0.1290322 17.42389 2.217443 0 0.0 0.07288022294740049 5.545746681718702 0.0
0.0470781 -0.06287464 2.833209 -4.774515 0.5140023 0.4215022 0.2208541 18.11383 nan 0 0.0 0.07854659671010322 5.551852548735962 0.0
-0.05086904 -0.05989121 2.921173 3.507826 0.6431777 0.596019 0.5239685 17.31393 nan 0 0.0 0.0785787265472386 4.564876224193269 0.0
0.04010504 -0.07565892 -1.611744 -7.907532 0.2887234 0.236441 0.1850283 16.45567 2.266787 0 0.0 0.08563110654994481 8.070116545165874 0.0
-0.05503279 -0.07400364 -4.970312 -8.529059 1.278657 1.2498 0.410795 19.67633 1.589987 0 0.0 0.09222335229449045 9.871618347709001 0.0
-0.03149076 -0.0901426 -2.082697 -4.035333 0.5153886 0.4288597 0.3794581 18.53117 nan 0 0.0 0.09548484853701975 4.541094495239886 0.0
-0.02738451 -0.05507881 -2.812106 -9.512903 0.4350911 0.3627856 0.1675235 18.04271 2.179516 0 0.0 0.06151086651117996 9.919841916212425 0.0
0.0527326 -0.05678687 0.1219415 -8.674336 0.418613 0.3395555 0.2283231 17.84527 2.280525 0 0.0 0.07749500440129609 8.675193068186912 0.0
-0.03171665 -0.0662436 -5.141773 -8.424969 0.2595612 0.22564 0.266805 17.39934 2.216354 0 0.0 0.07344494828225083 9.870052291375664 0.0
0.0611448 -0.07800636 -3.131239 -2.962265 0.2165506 0.1823268 0.2574405 16.83079 2.501199 1 0.0 0.09911447304753024 4.310414319453062 0.0
-0.03887529 -0.0719964 -3.59053 -7.651104 0.2700049 0.2371662 0.2923279 17.53807 2.407291 0 0.0 0.08182157286158767 8.451703857786073 0.0
-0.05478652 -0.07264931 -2.888265 -5.888159 1.588574 1.443061 0.232633 19.79406 nan 0 0.0 0.0909916755378562 6.558390894076534 0.0
-0.02051889 -0.09068377 4.122904 -3.385514 0.2936462 0.2442271 0.07970466 17.40334 1.884563 0 0.0 0.09297618505964308 5.334795444758122 0.0
-0.01190556 -0.09584386 -2.71182 -4.881245 1.091759 0.9955659 0.5392098 19.33805 1.904745 0 0.0 0.09658047348513674 5.583952046931008 0.0
0.0638927 -0.06940568 -1.557607 -5.178894 0.2574297 0.2224861 0.2033401 16.8497 2.138062 0 0.0 0.09433676658415 5.408057195489429 0.0
0.03508299 -0.08184284 0.6146151 -0.8506608 0.1860719 0.1516912 0.1172907 16.61134 2.002024 0 0.0 0.08904530670734814 1.0494643956822214 0.0
-0.05393197 -0.08161535 -0.211502 -3.085414 0.4104056 0.3620995 0.4349779 17.98804 2.259489 0 0.0 0.0978249597173615 3.092654627888475 0.0
0.05665445 -0.06027914 -7.524267 -3.698015 0.1597503 0.1288688 -0.01921147 13.98695 3.741543 1 0.0 0.08272424931023611 8.383907730140761 0.0
0.06104442 -0.05999713 -0.2337371 -9.435539 0.3301128 0.2584816 0.2850816 16.90131 2.077429 0 0.0 0.08559250446956965 9.43843362282309 0.0
-0.03048277 -0.06354438 -2.164207 -0.5997754 0.383368 0.3299977 0.3270299 18.05404 1.741425 0 0.0 0.07047756732789023 2.245778811302253 0.0
-0.02107309 -0.05937858 -3.893806 -10.92053 0.2075887 0.1733268 0.2333176 17.09098 2.292469 0 0.0 0.06300707011887238 11.593951036921624 0.0
0.04158517 -0.07918802 0.9142589 -5.18973 0.2675832 0.2205257 0.1571807 17.4719 2.158335 0 0.0 0.08944310412462941 5.269645795414451 0.0
-0.03572388 -0.06057993 1.096258 -3.024856 0.2219319 0.1888765 0.2484642 17.06711 1.594376 0 0.0 0.07032868206542264 3.2173802111811405 0.0
0.03171253 -0.06849618 0.5949962 -2.13478 0.3277387 0.2682168 0.1630958 17.63175 1.738319 0 0.0 0.07548119788128234 2.2161466843181747 0.0
0.009297849 -0.07724319 -1.052626 -3.641059 0.1265674 0.1093699 0.1973065 15.41136 1.465707 0 0.0 0.07780077375838174 3.7901625476167906 0.0
0.05547419 -0.06132952 3.553349 -10.75978 1.137465 0.9071188 0.126752 18.72101 1.743313 0 0.0 0.0826964072955198 11.331335083042994 0.0
-0.05451292 -0.07106227 -1.834298 -5.060924 0.2431943 0.2192718 0.3958625 17.46012 2.039858 0 0.0 0.08956285315061875 5.383084699926242 0.0
0.02646884 -0.08492096 -5.395326 -11.20116 0.2526963 0.2080925 0.1890176 17.45626 1.469013 0 0.0 0.0889503734577163 12.432840704837973 0.0
0.04305312 -0.04078601 -5.372973 -0.7059861 0.8471416 0.6847196 0.2255027 18.59579 1.802973 0 0.0 0.059304888107596154 5.419156321063475 0.0
-0.05229556 -0.06029619 -1.376301 -3.610648 0.6984459 0.6816253 0.4441756 19.05578 nan 0 0.0 0.07981513718731366 3.864063071755558 0.0
-0.004226196 -0.08167176 1.214268 -0.4847225 1.43976 1.280278 0.2029681 19.70503 nan 0 0.0 0.08178103150564937 1.3074412712738763 0.0
-0.007217038 -0.06836625 0.8303656 -0.8136893 0.2578894 0.2221582 0.1040136 15.89759 2.215253 0 0.0 0.0687461255385054 1.1625821719766092 0.0
0.05898202 -0.06929822 -9.00288 -7.652737 0.6068384 0.4996765 0.156435 18.66533 1.878855 0 0.0 0.09100067020878912 11.815931274578784 0.0
0.05612622 -0.07480143 -0.6240525 -1.211058 0.2878718 0.2329998 0.118987 17.71913 1.559263 0 0.0 0.09351687816396193 1.3623887118294287 0.0
