jas1101finalproject/data/gcs/NGC_4833.ecsv
# %ECSV 0.9
# ---
# datatype:
# - {name: x, unit: deg, datatype: float64}
# - {name: y, unit: deg, datatype: float64}
# - {name: pmx, unit: mas / yr, datatype: float64}
# - {name: pmy, unit: mas / yr, datatype: float64}
# - {name: pmx_e, unit: mas / yr, datatype: float64}
# - {name: pmy_e, unit: mas / yr, datatype: float64}
# - {name: pm_corr, datatype: float64}
# - {name: g_mag, unit: mag, datatype: float64}
# - {name: bp_rp, unit: mag, datatype: float64}
# - {name: filter, datatype: int64}
# - {name: memberprob, datatype: float64}
# - {name: r, unit: deg, datatype: float64}
# - {name: pm, unit: mas / yr, datatype: float64}
# - {name: member_prob_GMM, datatype: float64}
# meta: !!omap
# - comments: [deg deg mas/yr mas/yr mas/yr mas/yr dimless mag   mag   zeroone float]
# - __serialized_columns__:
#     bp_rp:
#       __class__: astropy.units.quantity.Quantity
#       unit: &id001 !astropy.units.Unit {unit: mag}
#       value: !astropy.table.SerializedColumn {name: bp_rp}
#     g_mag:
#       __class__: astropy.units.quantity.Quantity
#       unit: *id001
#       value: !astropy.table.SerializedColumn {name: g_mag}
#     pm:
#       __class__: astropy.units.quantity.Quantity
#       unit: !astropy.units.Unit {unit: mas / yr}
#       value: !astropy.table.SerializedColumn {name: pm}
#     pmx:
#       __class__: astropy.units.quantity.Quantity
#       unit: !astropy.units.Unit {unit: mas / yr}
#       value: !astropy.table.SerializedColumn {name: pmx}
#     pmx_e:
#       __class__: astropy.units.quantity.Quantity
#       unit: !astropy.units.Unit {unit: mas / yr}
#       value: !astropy.table.SerializedColumn {name: pmx_e}
#     pmy:
#       __class__: astropy.units.quantity.Quantity
#       unit: !astropy.units.Unit {unit: mas / yr}
#       value: !astropy.table.SerializedColumn {name: pmy}
#     pmy_e:
#       __class__: astropy.units.quantity.Quantity
#       unit: !astropy.units.Unit {unit: mas / yr}
#       value: !astropy.table.SerializedColumn {name: pmy_e}
#     r:
#       __class__: astropy.units.quantity.Quantity
#       unit: &id002 !astropy.units.Unit {unit: deg}
#       value: !astropy.table.SerializedColumn {name: r}
#     x:
#       __class__: astropy.units.quantity.Quantity
#       unit: *id002
#       value: !astropy.table.SerializedColumn {name: x}
#     y:
#       __class__: astropy.units.quantity.Quantity
#       unit: *id002
#       value: !astropy.table.SerializedColumn {name: y}
# schema: astropy-2.0
x y pmx pmy pmx_e pmy_e pm_corr g_mag bp_rp filter memberprob r pm member_prob_GMM
[from data line 12049]
-0.02861087 0.03042889 -4.251452 0.808745 1.63543 1.317458 0.2366062 20.26401 nan 0 0.0 0.041767202788659426 4.327691368770305 0.0
-0.1243814 0.04195516 -6.946819 0.2474789 0.6842835 0.5720653 0.290149 19.73745 1.042524 1 0.1604522 0.13126678222835206 6.951225792959556 0.0
-0.00034071 -0.1216958 -2.547129 2.109342 1.741306 1.258689 0.2943489 20.40289 1.09149 0 0.0 0.12169627693953543 3.307142243025691 0.0
-0.03238723 0.06824968 -7.956804 -0.7661523 0.2953791 0.2850596 0.1428209 18.68022 0.9575233 0 0.0 0.07554436767340963 7.993604896491401 1.0
0.05426402 -0.03370405 -12.52251 -1.768575 2.047367 0.76412 0.09743269 19.99961 nan 0 0.0 0.06387915820487071 12.646782762059487 0.0
-0.01894604 0.02834236 -9.58155 -1.418754 0.4898658 0.3798829 0.2925043 19.26641 0.9945526 0 0.0 0.03409166763376647 9.686018961111731 1.0
0.1066067 -0.01672706 -4.559336 3.016882 0.2721949 0.2100779 0.2019667 18.43174 1.280035 1 0.0 0.1079109958305158 5.467094453438682 0.0
0.01820482 0.02336105 -6.27919 -0.2595311 2.219016 0.707688 0.5253522 19.4345 nan 0 0.0 0.02961678794763031 6.284551173152082 0.0
-0.01566044 -0.1750008 -19.97522 -12.07049 0.9615358 0.5503937 0.1812484 19.82998 2.479864 0 0.0 0.17570011207063474 23.338940483417407 0.0
0.140017 0.02998734 -8.485744 -0.3435231 0.5560981 0.391996 0.3361277 19.25654 0.9700546 1 0.6422185 0.14319218152285967 8.492694469587942 0.0
-0.02011349 -0.0003224374 -3.726735 3.496088 0.9062912 0.7734926 0.1895749 18.62715 0.9799633 0 0.0 0.0201160743152589 5.109910475142299 0.0
0.09368257 0.03585185 -18.27411 -2.562701 0.9549086 0.6147062 0.2772754 19.97812 2.520784 1 0.0 0.10030841973746472 18.452927483396802 0.0
-0.005818116 0.09061398 -6.623932 -2.519498 1.529862 0.9848918 0.09108718 20.49106 0.7673626 0 0.0 0.09080057183316555 7.0869136662321495 0.0
0.07637786 0.07987902 -6.019157 2.066312 1.176316 0.8283042 0.02562798 20.28938 1.180033 0 0.0 0.11051803171582454 6.363952881031803 0.0
-0.01349066 -0.1959571 -7.743775 -2.368198 0.345038 0.2627105 0.1144145 18.7872 1.30901 1 1.818284e-05 0.19642093306887023 8.097802974747472 0.0
0.0183187 -0.09141567 -7.52211 -2.942519 0.4861247 0.2773771 0.004043453 18.98541 nan 0 0.0 0.0932330386249365 8.077162677417176 1.0
0.007029757 -0.0167701 -8.329223 -1.155928 0.03017081 0.02765727 0.1927639 13.85734 1.556726 0 0.0 0.01818388675418567 8.409050203495816 1.0
0.1121269 -0.01745176 -9.894097 -2.466514 0.9250349 0.5975032 0.417273 19.64688 1.111126 0 0.0 0.11347689469979165 10.196903782894346 0.0
0.07063993 0.03996768 -11.06936 -1.32995 1.942201 1.726269 0.3885223 20.45242 1.001593 0 0.0 0.08116289272190402 11.14896846403738 0.0
-0.132305 -0.01469202 -10.0951 -0.02129655 3.006622 2.126235 0.1868937 20.85045 1.018923 0 0.0 0.13311824997602845 10.09512246349899 0.0
0.01040416 0.04620144 -7.646691 -1.119313 0.7989833 0.4581368 0.007631674 19.3106 nan 0 0.0 0.047358416394334815 7.728178623805871 1.0
-0.03699061 -0.024036 -8.340287 -0.8000471 0.205896 0.148736 0.2649369 17.98226 1.286968 1 0.9847783 0.044113881309312375 8.378571632718039 1.0
-7.316523e-05 0.08181052 -9.057504 -0.6129421 0.869543 0.5341947 0.175992 19.71175 0.9894199 0 0.0 0.08181055271675702 9.078219909650151 1.0
0.03676631 -0.02611841 16.83052 1.771721 2.243054 2.128094 0.492326 20.22722 1.04332 0 0.0 0.045099145135403626 16.923516146836658 0.0
0.03744053 -0.06031467 -8.264982 -2.743589 0.4062341 0.3321834 0.2748714 18.79028 1.141966 0 0.0 0.07099051136518035 8.708456123862886 1.0
-0.02830448 0.06500577 -13.81577 -2.722766 3.205861 2.14982 0.4514803 20.67285 1.061443 0 0.0 0.07090059041618271 14.081511118614223 0.0
0.04526127 0.1384838 -9.510139 -2.234256 0.9397363 0.7667047 0.1656878 20.27475 1.038469 1 0.3428534 0.14569264025493153 9.769065649940991 0.0
0.01259478 -0.01543008 -3.909865 0.658817 2.090554 0.8056597 0.4470744 18.94315 nan 0 0.0 0.019917727080538083 3.964982239268418 0.0
0.08234007 -0.09978027 -6.788382 -1.37816 1.614115 0.8166003 0.2587571 20.24688 1.553068 0 0.0 0.1293676520961782 6.926864742690159 0.0
0.03042432 0.01197831 -8.217489 -0.5816705 0.3687843 0.3980081 0.1024853 18.86158 1.080975 0 0.0 0.03269738763140719 8.238049892765353 1.0
0.07469893 -0.03673071 -11.28657 -4.705982 1.232552 0.7606759 0.2450397 19.65466 nan 0 0.0 0.08324106678946996 12.22836575136776 0.0
0.03172322 0.1403561 -9.357183 -1.216665 0.6416034 0.4148318 0.2947874 19.53698 0.8574905 1 0.6428846 0.14389648186935775 9.43594973586199 0.0
-0.0408776 -0.1432454 -4.985334 -0.7590728 0.07810787 0.06500763 0.2244843 16.45374 1.61572 1 0.0 0.14896383051908943 5.042791549058501 0.0
-0.06798654 0.02403903 -7.996637 -0.8736714 0.4239531 0.3059416 0.1424887 19.06262 0.9969387 0 0.0 0.07211133464659006 8.044221840858627 1.0
0.1552787 -0.03574071 -2.719946 0.9558602 0.2062209 0.1420922 0.2802589 17.78745 1.273996 1 0.0 0.1593388622558668 2.883014908886189 0.0
-0.08489597 -0.1624136 -12.4274 -0.2873835 0.7905768 0.4509346 0.1858732 19.66841 1.393414 1 1.289398e-05 0.18326348023324476 12.430722426153366 0.0
0.182811 0.07264886 -2.348495 -3.851669 1.190404 0.6962841 0.3210642 20.10823 1.231695 0 0.0 0.19671735708955526 4.5111841960383305 0.0
-0.05838798 -0.09586504 -9.194548 -2.742865 0.2311944 0.1940797 0.1277633 18.30847 1.503311 1 0.0 0.11224643469920102 9.594947698269594 0.0
0.114781 0.05048159 -7.635152 0.1301068 0.1773311 0.1071798 0.2704162 17.26571 1.231865 1 0.0 0.12539166196333829 7.636260461934902 0.0
0.009327613 0.03708485 -5.610038 0.1787944 2.061439 0.6478301 0.5920312 19.71833 0.9449463 0 0.0 0.03823990669183529 5.612886405310138 0.0
-0.03706966 -0.1386908 -6.399541 -1.171308 1.469733 1.24546 0.1956382 20.30284 1.271799 0 0.0 0.1435593873529544 6.505850247396185 0.0
-0.02581717 0.09239867 -7.536573 -1.212311 1.324611 0.880652 0.2297849 20.37749 0.8735046 1 0.6254746 0.09593769063604668 7.633454692670285 1.0
0.1536739 -0.113062 -6.58473 -2.639764 0.291706 0.2365577 0.1461721 18.52147 1.24482 1 0.0 0.19078438978388665 7.094154153145814 0.0
-0.0682456 -0.08077508 -5.382501 1.570805 0.5423436 0.3591267 0.2462734 19.23173 1.512924 0 0.0 0.10574533308078612 5.607026427887246 0.0
0.03612058 -0.02705565 -7.324952 1.611254 1.967619 2.08421 0.5965288 20.54217 nan 0 0.0 0.04512986257965894 7.500070749987629 1.0
0.02908507 0.07805091 -6.330232 -1.827073 0.6241638 0.5596912 0.2056315 19.34677 0.8674507 0 0.0 0.08329397246339618 6.588629062343167 0.0
0.04420385 -0.008708011 -7.080218 -0.6749273 0.5489259 0.4083806 0.2541698 19.3043 1.134743 0 0.0 0.04505341064113372 7.1123142357329305 1.0
0.03095336 -0.001618109 -7.726502 -6.597194 1.054502 0.9793634 0.3329706 19.46751 0.5411282 0 0.0 0.030995625046536503 10.159813080447888 0.0
-0.03321477 0.04711487 -8.49334 -2.866259 3.545484 1.734496 0.6061393 20.62087 0.7733917 0 0.0 0.05764574504046071 8.963942492602293 1.0
-0.07929731 -0.08848388 -6.713127 -0.18572 1.601185 1.269078 0.02658869 20.48272 nan 0 0.0 0.11881691964148246 6.715695499092332 0.0
-0.03120059 -0.1865702 -5.455779 -2.602966 1.672063 1.783528 0.1531346 20.54396 1.576727 0 0.0 0.1891610857031332 6.044911620031925 0.0
0.03439233 0.05336899 -8.603782 -1.124817 0.17561 0.1321981 0.2707835 17.28063 1.187378 0 0.0 0.0634907982029601 8.67699706044741 1.0
0.02423811 0.141099 -7.848088 -0.6682286 0.5659561 0.3646335 0.2777681 19.31825 1.003006 1 0.7404391 0.14316568645234828 7.876484921435574 0.0
-0.08004506 0.04302202 -7.513788 -0.9245595 0.5734313 0.4058495 0.2571497 19.45578 1.061861 1 0.794098 0.09087412082261924 7.570457078537877 1.0
0.001949236 0.02561996 -7.926927 -0.3408032 0.502023 0.3254448 0.07049487 18.82237 0.8379574 0 0.0 0.025694004580549448 7.93424971150135 1.0
0.1140473 0.1469457 -10.31449 -1.976018 0.7078003 0.4748919 0.3385036 19.60184 1.605171 0 0.0 0.1860102830108594 10.502064135036692 0.0
-0.05705853 -0.1151941 -9.406243 3.866525 1.921342 1.606996 0.1318142 20.63712 1.002947 0 0.0 0.12855098801864923 10.169927381779774 0.0
-0.05322179 -0.007623865 -8.9777 -1.007131 0.1947425 0.1630601 0.1341175 18.02763 1.427153 0 0.0 0.05376506531514981 9.034014065804913 1.0
0.02153135 -0.06107682 -3.413515 1.387732 2.95295 2.056925 0.3181948 20.71638 0.475502 0 0.0 0.06476092165909084 3.6848181446373984 0.0
-0.08210386 -0.1625696 -6.397694 -0.601167 0.871396 0.5163354 0.1829324 19.55763 1.359888 0 0.0 0.18212610650606795 6.425876615647472 0.0
0.001763991 -0.08710429 -2.826439 0.8501458 0.1519734 0.1013075 0.2816601 17.33109 1.220011 1 0.0 0.08712214988538897 2.9515259277158044 0.0
0.1027556 0.1330525 -9.147294 -2.653362 0.2243615 0.1883596 0.1187426 18.16736 1.43112 1 0.0 0.16811210868825005 9.524353911183686 0.0
-0.05152164 0.03247322 -7.484964 1.008616 1.237231 0.7999381 0.3005011 20.11277 nan 0 0.0 0.060901472933402846 7.552614932376203 1.0
0.09379277 0.1105591 -5.349128 -3.996934 2.96029 2.008268 0.3800166 20.74006 0.8462029 0 0.0 0.14498413119056477 6.677473456386031 0.0
-0.06594534 0.006200647 -8.058902 -0.4761688 0.7016308 0.5544362 0.2673156 19.70564 0.812336 0 0.0 0.0662362128365912 8.072957213543091 1.0
-0.1522676 -0.07500225 -5.788207 -0.4298411 0.7125201 0.5612157 0.1905155 19.82514 1.348003 1 0.007677254 0.16973732504909608 5.804145384645203 0.0
0.08512317 -0.007513726 -7.896234 -1.484278 0.2304359 0.1587234 0.303583 17.75096 1.61935 1 0.1607081 0.08545414062087323 8.034525036617909 1.0
-0.08498685 0.03411321 -2.950606 -2.644431 4.238368 2.081181 0.3150946 20.84873 1.530073 0 0.0 0.09157770345136745 3.9622078543404307 0.0
0.01550464 0.04579376 -8.91698 -0.8358274 0.7574954 0.6132881 0.008044027 19.60274 nan 0 0.0 0.04834730929914508 8.956067204023805 1.0
-0.02359352 -0.03746618 0.6655665 2.219995 4.094282 1.808577 0.2929031 20.40065 nan 0 0.0 0.04427605255420587 2.317618727475952 0.0
-0.04269422 0.0747 -6.523788 -5.575135 1.962116 2.023075 0.2953601 20.68012 0.7790337 0 0.0 0.08604002801840781 8.58148822391367 1.0
-0.003138746 -0.1475368 -8.145005 -0.9888506 0.1540736 0.104362 0.2394977 17.42828 1.370028 1 0.951036 0.14757018357612933 8.204811512712853 0.0
-0.1035634 0.09456524 -5.162914 0.6250044 0.1840544 0.1737371 0.1585267 18.0779 1.251343 1 0.0 0.14024251294032633 5.200606836842731 0.0
0.1223722 0.03226284 -8.268105 -0.8568603 0.7494969 0.5086842 0.314411 19.73652 1.043171 1 0.7814441 0.12655372842277543 8.31238653244308 1.0
-0.0927114 -0.04346728 -9.246005 -0.8410305 1.13048 0.8052568 -0.05201515 20.23938 1.124805 0 0.0 0.10239535204567832 9.28417690277147 0.0
-0.02239568 0.02871261 -6.957977 0.3671915 0.5133632 0.2678509 0.1888654 18.76748 nan 0 0.0 0.0364140145503692 6.967659114092856 0.0
0.01347208 -0.1930808 -5.529364 -7.24788 4.143658 3.237007 -0.1508293 20.85072 1.401768 0 0.0 0.19355023189902512 9.116228975782477 0.0
0.01073486 0.03691629 -19.13623 -3.207715 1.300214 0.6916846 0.1182883 19.41771 1.136736 0 0.0 0.038445411775447275 19.403214530951438 0.0
-0.1544583 0.004344119 -5.354775 0.113044 0.6669781 0.4753167 0.277205 19.24027 1.382921 0 0.0 0.15451937680684633 5.355968096111197 0.0
-0.03231439 0.001858732 -5.953572 -0.6218082 1.87645 1.147152 -0.01550357 20.36487 nan 0 0.0 0.032367803226662197 5.985955646074505 0.0
-0.0696063 -0.1690446 -12.06805 -0.2687725 3.719905 2.064312 0.3370315 20.56639 1.543444 0 0.0 0.18281442445510146 12.071042600341373 0.0
-0.1231855 0.01065859 -11.50236 2.306037 1.746551 1.453985 -0.06534152 20.68775 1.519342 0 0.0 0.1236457558957771 11.73124427394507 0.0
-0.0296173 0.06419514 -7.165125 -3.106141 1.081101 0.9594293 0.04838326 20.31007 0.9784412 0 0.0 0.07069795229643924 7.809425598435905 1.0
-0.02237099 0.02901782 -9.322221 -1.032798 0.3304529 0.2321361 0.1281502 18.3712 1.220573 0 0.0 0.03664007466057486 9.379257757501124 1.0
0.02452441 -0.03053219 -8.469415 -1.724869 0.810978 0.5932681 0.4152235 19.69866 0.8535461 0 0.0 0.03916198810127239 8.643272731401341 1.0
0.05041024 0.007184543 -9.800319 -2.130877 2.481647 2.830197 0.4929263 20.54919 nan 0 0.0 0.05091964213323233 10.029301535545235 0.0
-0.0144392 0.09573655 -8.837008 -2.134195 1.139449 0.8677396 0.08507699 20.31923 0.5662575 0 0.0 0.09681930335703981 9.091066972038487 1.0
-0.02140977 -0.1507296 -7.874648 4.209331 1.758334 1.563129 0.2556522 20.46624 1.732351 0 0.0 0.1522425386270634 8.929084420670744 0.0
-0.008884158 0.0180726 -11.97971 -3.04917 0.9910809 0.6987715 0.2878587 18.97993 1.38607 0 0.0 0.020138200866238375 12.361670169236842 0.0
-0.04290479 0.00256348 -8.094142 -1.053827 0.3241178 0.2527008 0.1997449 18.74238 1.038099 0 0.0 0.0429813033149822 8.162455884235639 1.0
-0.1139116 0.01930474 -9.657007 -1.789 1.166025 0.8253222 0.03219573 20.34129 1.262306 1 0.5441774 0.11553581955838457 9.821318913366422 0.0
0.1673493 0.06578822 -6.616237 2.173469 1.098446 0.7258085 0.2644482 20.09983 1.315807 1 0.001189914 0.1798162342539138 6.964090718401793 0.0
0.1580842 0.03915252 -4.412114 -3.188422 1.525267 1.28563 0.5106592 20.50822 1.227659 1 0.0004442271 0.16286047436990475 5.443600352623252 0.0
-0.0218302 0.02891161 -0.6474189 -1.537275 1.057976 0.7026665 0.437587 19.78038 nan 0 0.0 0.03622759755810617 1.6680424627994965 0.0
0.01522153 -0.02933268 -9.389427 -2.900518 0.9934625 0.7497941 0.3574585 19.76893 nan 0 0.0 0.03304695283264858 9.827224636521391 1.0
-0.09644531 0.003344681 -5.027128 -0.8897195 0.3250327 0.2664887 0.1218692 18.77797 1.225267 1 0.0 0.0965032886071136 5.105253834733809 0.0
0.06759514 -0.06400335 -10.25706 0.002740881 2.875414 1.108766 -0.6510693 19.91696 nan 0 0.0 0.09308883801424368 10.25706036620769 0.0
0.01368269 0.09239542 -8.390245 -4.060445 1.043395 0.7879159 -0.03333223 20.22563 1.21788 1 0.02063808 0.09340304942887304 9.321127869418486 0.0
-0.04285893 0.002159221 -7.524164 -0.5131365 0.5579422 0.4440011 0.286011 19.20136 nan 0 0.0 0.042913286008784524 7.541641264773089 1.0
-0.04423359 0.04934412 -7.492533 -2.217948 0.1625697 0.1100382 0.2822459 17.46448 1.247391 0 0.0 0.06626803650978728 7.813919892524686 1.0
-0.1144287 0.03090627 -10.09204 -0.4218951 1.69276 1.434066 -0.06241794 20.52629 0.9416676 0 0.0 0.1185290045052387 10.100854757742239 0.0
0.04514192 -0.1207251 -6.662382 -3.09038 0.4281023 0.3104667 0.1511143 18.91567 1.132824 1 0.0 0.12888887737619723 7.344234640745351 0.0
0.05786747 -0.09667223 -2.292375 0.332932 0.6246077 0.4379234 0.2532007 19.46092 1.365976 1 0.0 0.11266838126721178 2.3164254482389453 0.0
-0.1776679 -0.06611937 -9.923849 2.632581 0.990381 0.6583327 0.0610308 20.01942 1.167183 0 0.0 0.18957229169793482 10.267096069306161 0.0
-0.02423985 0.05907546 -13.1671 -2.801572 2.905819 1.650489 0.4643399 20.59983 0.9774323 0 0.0 0.06385515094519863 13.461847127388722 0.0
0.02469366 -0.05491595 -10.12654 -1.777348 1.990469 1.603904 0.5572919 20.62016 1.114515 0 0.0 0.06021244396798804 10.281331542397805 0.0
0.052103 -0.06219413 -8.206243 -0.9212478 0.7261001 0.5249975 0.3131603 19.6989 1.013432 0 0.0 0.08113465606913546 8.257791574268138 1.0
0.003828743 -0.01348859 -8.716481 -1.369797 0.3094183 0.2616948 0.1966882 18.12948 1.022806 0 0.0 0.014021459736708906 8.823456513440183 1.0
-0.1370211 0.09894135 -4.382375 -0.8027666 0.2327764 0.2451556 0.05903544 18.47396 1.142235 1 0.0 0.16900938608560326 4.455294025617227 0.0
-0.02633226 -0.02282881 -8.601283 -1.638926 0.8168109 0.6405408 0.2024651 19.76737 nan 0 0.0 0.034850286695000086 8.756034929096904 1.0
-0.09996417 -0.04248017 -4.513276 0.3155206 0.7777127 0.5270216 0.1503521 19.93353 1.20849 1 8.369374e-05 0.10861583736738303 4.524291491626105 0.0
0.04310572 -0.06096706 -7.873303 -1.061256 1.226716 0.7333089 0.2303899 20.15104 1.041714 0 0.0 0.07466649517529264 7.944505297836045 1.0
-0.1104774 -0.002557328 6.130447 0.2564359 0.5677168 0.4228433 0.2172575 19.4973 1.528582 0 0.0 0.11050699451735888 6.135807998187184 0.0
-0.02229234 0.05717038 -8.584855 -1.352643 0.2424497 0.1937154 0.2100991 18.31352 1.039049 1 0.9481387 0.06136286150449635 8.69076397427027 1.0
0.01475889 0.01313289 -9.164641 -1.760931 1.161434 0.5291372 -0.2879662 18.88756 nan 0 0.0 0.019755951857204957 9.332283892254994 1.0
