jas1101finalproject/data/gcs/NGC_6218_M_12.ecsv
# %ECSV 0.9
# ---
# datatype:
# - {name: x, unit: deg, datatype: float64}
# - {name: y, unit: deg, datatype: float64}
# - {name: pmx, unit: mas / yr, datatype: float64}
# - {name: pmy, unit: mas / yr, datatype: float64}
# - {name: pmx_e, unit: mas / yr, datatype: float64}
# - {name: pmy_e, unit: mas / yr, datatype: float64}
# - {name: pm_corr, datatype: float64}
# - {name: g_mag, unit: mag, datatype: float64}
# - {name: bp_rp, unit: mag, datatype: float64}
# - {name: filter, datatype: int64}
# - {name: memberprob, datatype: float64}
# - {name: r, unit: deg, datatype: float64}
# - {name: pm, unit: mas / yr, datatype: float64}
# - {name: member_prob_GMM, datatype: float64}
# - {name: member_prob_DB, datatype: float64}
# meta: !!omap
# - comments: [deg deg mas/yr mas/yr mas/yr mas/yr dimless mag   mag   zeroone float]
# - __serialized_columns__:
#     bp_rp:
#       __class__: astropy.units.quantity.Quantity
#       unit: &id001 !astropy.units.Unit {unit: mag}
#       value: !astropy.table.SerializedColumn {name: bp_rp}
#     g_mag:
#       __class__: astropy.units.quantity.Quantity
#       unit: *id001
#       value: !astropy.table.SerializedColumn {name: g_mag}
#     pm:
#       __class__: astropy.units.quantity.Quantity
#       unit: !astropy.units.Unit {unit: mas / yr}
#       value: !astropy.table.SerializedColumn {name: pm}
#     pmx:
#       __class__: astropy.units.quantity.Quantity
#       unit: !astropy.units.Unit {unit: mas / yr}
#       value: !astropy.table.SerializedColumn {name: pmx}
#     pmx_e:
#       __class__: astropy.units.quantity.Quantity
#       unit: !astropy.units.Unit {unit: mas / yr}
#       value: !astropy.table.SerializedColumn {name: pmx_e}
#     pmy:
#       __class__: astropy.units.quantity.Quantity
#       unit: !astropy.units.Unit {unit: mas / yr}
#       value: !astropy.table.SerializedColumn {name: pmy}
#     pmy_e:
#       __class__: astropy.units.quantity.Quantity
#       unit: !astropy.units.Unit {unit: mas / yr}
#       value: !astropy.table.SerializedColumn {name: pmy_e}
#     r:
#       __class__: astropy.units.quantity.Quantity
#       unit: &id002 !astropy.units.Unit {unit: deg}
#       value: !astropy.table.SerializedColumn {name: r}
#     x:
#       __class__: astropy.units.quantity.Quantity
#       unit: *id002
#       value: !astropy.table.SerializedColumn {name: x}
#     y:
#       __class__: astropy.units.quantity.Quantity
#       unit: *id002
#       value: !astropy.table.SerializedColumn {name: y}
# schema: astropy-2.0
x y pmx pmy pmx_e pmy_e pm_corr g_mag bp_rp filter memberprob r pm member_prob_GMM member_prob_DB
[from data line 10901]
-0.07070729 -0.02500174 -1.179044 -7.21582 0.646904 0.4316891 0.3001275 19.19914 0.9418259 0 0.0 0.07499738570224765 7.311511678602176 0.0 1.0
0.002979512 0.0199215 4.827168 -9.201875 0.7352385 0.4936808 0.0005725772 18.50794 nan 0 0.0 0.02014307955621841 10.391152699092098 0.0 0.0
-0.03578503 -0.04196196 1.640619 -4.26034 2.084516 1.102598 0.1939246 20.29362 nan 0 0.0 0.05514865781814187 4.565317909933656 0.0 1.0
-0.02202993 -0.04089671 0.7265144 -6.320836 0.4829093 0.3182436 0.4208854 18.70253 0.7880096 0 0.0 0.046452757772052676 6.362451643219252 0.0 1.0
-0.1130202 -0.09801516 -2.064831 -1.303459 2.370306 1.444222 0.280559 20.50494 1.042398 0 0.0 0.14960126068274157 2.441829728552341 0.0 0.0
-0.01599143 -0.005478138 2.013448 -4.651237 0.7272275 0.5640324 0.4148853 18.48969 nan 0 0.0 0.016903722353137016 5.068330936203061 0.0 0.0
0.03817522 -0.05130898 -0.1574911 -7.48867 0.6562097 0.4515191 0.4948737 19.22539 0.929039 0 0.0 0.06395278610575773 7.49032588179441 0.0 1.0
0.01713128 -0.01594985 0.375772 -7.050823 0.3807898 0.2628686 0.5359218 18.36393 0.7283039 0 0.0 0.023406803913838814 7.060829241194904 0.0 0.0
0.004031693 -0.01355426 3.636446 -7.062663 1.356343 0.8681951 0.4674357 18.98338 nan 0 0.0 0.014141163763773086 7.943862295035394 0.0 0.0
0.05052798 -0.02933963 0.2453234 -6.145174 0.7349725 0.528997 0.4847313 19.2577 nan 0 0.0 0.0584285088926399 6.1500688663513 0.0 1.0
0.012877 0.03936759 -4.75644 -2.249224 2.93992 1.456503 0.5679787 20.0391 nan 0 0.0 0.04142009501930313 5.261438023561239 0.0 1.0
-0.01925588 0.08055825 -3.210849 -2.105434 0.6506959 0.4250723 0.336302 19.17997 0.9481201 1 0.0 0.0828276557536002 3.839583783323005 0.0 1.0
-0.02742756 -0.08407985 -0.4145589 -6.958592 0.6473241 0.4746558 0.4427397 19.34001 0.8385353 0 0.0 0.08844033143072283 6.9709297589369825 0.0 1.0
-0.003028925 -0.04612342 -1.977491 -7.228907 3.231491 2.334466 0.7750187 20.72498 nan 0 0.0 0.04622276775737282 7.494502456449661 0.0 1.0
-0.0761096 0.06237354 0.4939179 -6.836702 0.5407271 0.3879348 0.5523842 19.01266 0.9721661 1 0.9960853 0.09840289479629956 6.854520342718694 0.0 1.0
0.0840618 -0.03410875 0.8802299 -7.278498 1.10398 0.6850506 0.2918203 19.84476 0.7687073 0 0.0 0.09071820680438135 7.331530386819522 0.0 1.0
-0.09077716 -0.002156715 -0.1918369 -7.178219 0.1881496 0.1325041 0.494376 17.39165 1.061632 0 0.0 0.09080277637416613 7.180781949632131 0.0 1.0
0.03032618 0.2062887 2.633534 -7.511877 0.2885466 0.2186551 0.289201 18.11535 1.327715 1 0.0 0.20850588706576703 7.9601380259568995 0.0 0.0
-0.01844578 -0.08459471 0.1546015 -6.377768 0.9358225 0.6617826 0.5361404 19.87016 1.110962 0 0.0 0.08658239867197316 6.3796415483651 0.0 1.0
-0.02132836 -0.04776626 -0.2734472 -6.636428 0.2429161 0.1726689 0.4746801 17.84787 0.9051247 0 0.0 0.05231170552254247 6.6420591664311335 1.0 1.0
-0.02593474 0.01854158 0.7923275 -6.076221 0.7525838 0.5930683 0.6575894 19.27127 nan 0 0.0 0.03188104339202216 6.12766223841501 0.0 1.0
-0.02689332 -0.1149149 -0.3848326 -6.282148 0.7230858 0.5177086 0.4073154 19.44835 1.055855 1 0.9910156 0.11801984961281894 6.293924024321136 0.0 0.0
0.03056671 0.002397699 2.352332 -6.876103 3.061335 2.092235 0.4409657 20.12258 nan 0 0.0 0.030660605354733313 7.267341900917624 0.0 1.0
-0.03145479 -0.008411858 1.530912 -8.671637 1.634804 1.150452 -0.07391356 19.97289 nan 0 0.0 0.0325601469431 8.805735620123569 0.0 1.0
-0.003837214 -0.01906697 1.638285 -6.429626 0.4783331 0.3360196 0.4990672 18.20204 1.145777 0 0.0 0.01944925593082409 6.63506354461666 0.0 0.0
-0.01492393 -0.005526646 -0.6741573 -6.935762 0.8883594 0.5841508 0.4975312 18.12362 nan 0 0.0 0.015914380372927372 6.968449080375582 0.0 0.0
-0.06184674 -0.03723476 -1.806576 -9.911012 0.7397552 0.5263251 0.3709812 19.10676 0.9287395 0 0.0 0.07219034977672015 10.074317629890373 0.0 1.0
-0.07900522 0.0194421 1.143708 -6.40471 0.9043263 0.6615695 0.4405688 19.6462 0.9738846 0 0.0 0.08136227651472394 6.506026296700929 0.0 1.0
0.06100582 0.006513884 1.186684 -5.463594 0.7759303 0.5557842 0.3510727 19.41214 0.8563423 0 0.0 0.061352593740100804 5.590981873758133 0.0 1.0
-0.04069838 0.08272008 0.8236104 -3.701124 3.13241 2.17632 0.331621 20.88256 1.200483 0 0.0 0.09218985719606469 3.7916557009259373 0.0 1.0
0.04946116 -0.007044483 1.537493 -5.231981 2.027145 1.690421 0.5832353 20.23032 nan 0 0.0 0.049960295128060335 5.453210972391404 0.0 1.0
-0.0627784 0.0008967963 1.245354 -5.493015 2.314571 1.602915 0.5465085 20.75766 0.7760983 0 0.0 0.06278480508979616 5.63241692131726 0.0 1.0
-0.02902873 -0.08354606 -1.225846 -7.339835 1.044568 0.8224307 0.5475506 19.99911 1.027531 0 0.0 0.0884455273427464 7.441496908750349 0.0 1.0
-0.1072025 0.01666559 1.953446 -5.322151 1.36205 1.029504 0.4983791 20.21419 0.9152393 0 0.0 0.10849017419240371 5.66932469891406 0.0 1.0
0.2400517 -0.02105437 -3.810734 -11.20454 1.188204 0.844183 -0.07012012 20.05823 1.812391 0 0.0 0.24097324575352116 11.834838834152157 0.0 0.0
-0.02349486 0.02837423 -1.055311 -7.953415 0.5829037 0.3791928 0.6569685 18.82216 0.8545074 0 0.0 0.03683891114721634 8.023122301756716 0.0 1.0
-0.02376925 0.02036718 3.528113 -3.074617 0.8746849 0.6792922 0.7259754 18.97124 0.6655293 0 0.0 0.031301745426012585 4.679834509622963 0.0 1.0
0.005144904 -0.02230172 -1.270638 -7.264617 0.575143 0.3964015 0.4469344 18.46406 0.8895092 0 0.0 0.022887480248546716 7.374902106722027 0.0 0.0
-0.07680694 -0.03009713 0.008120972 -2.803846 2.154017 1.593805 0.1355656 20.68626 0.9377918 0 0.0 0.08249329225094912 2.8038577606401907 0.0 1.0
0.01306022 0.06774689 -3.860941 -8.489543 2.452389 1.472265 0.4668504 20.66724 0.8398228 0 0.0 0.06899427839408497 9.326264297902457 0.0 1.0
0.07947466 0.02949023 -0.1156813 -6.611639 0.377859 0.2901362 0.2368003 18.21711 0.8756943 0 0.0 0.08476965994722699 6.612650938125397 0.0 1.0
0.04911182 0.04149147 0.01731813 -6.720146 0.2224442 0.1485379 0.4483785 17.48304 1.046818 1 0.9996811 0.06429240193423559 6.72016831477774 0.0 1.0
-0.01614407 0.009108071 8.694659 -0.3213082 0.9583106 0.7785981 0.6276645 19.04202 nan 0 0.0 0.018536125633636092 8.700593892698834 0.0 0.0
0.02147645 -0.09461523 2.148574 -6.077467 2.403386 1.839598 0.4619354 20.85624 1.274607 0 0.0 0.09702205755680199 6.4460821721077215 0.0 1.0
-0.1511336 -0.03197744 -10.26598 -12.10795 2.928234 2.228485 0.37496 20.94437 1.202787 0 0.0 0.15447951876515412 15.874281040818826 0.0 0.0
0.08472057 0.02600834 0.5543913 -6.368391 1.153941 0.7623172 0.3663036 20.0567 0.9395752 0 0.0 0.08862284542193677 6.392476331000115 0.0 1.0
0.05626253 -0.009447598 15.06623 -10.90082 2.601368 1.731188 0.3498053 20.12823 0.9918232 0 0.0 0.05705023566971922 18.596213676049757 0.0 1.0
0.02368831 -0.04347201 -1.559076 -7.876463 1.207237 0.8091372 0.5927357 20.02948 0.7696896 0 0.0 0.04950708721078427 8.029283116452241 0.0 1.0
0.01452403 0.03808917 -6.096519 -4.513204 3.481804 1.456233 0.6096919 20.31809 nan 0 0.0 0.0407643510770109 7.585285377820467 0.0 1.0
-0.007726018 0.004201715 -0.3930858 -6.963857 0.04159667 0.02752384 0.4303745 13.63359 1.247879 1 0.999683 0.008794643999477695 6.97494234833598 0.0 0.0
0.08485912 0.05230268 0.4538589 -7.004724 0.9255528 0.6285452 0.3270268 19.65443 0.9453182 0 0.0 0.09968269951379125 7.019412099120924 0.0 1.0
-0.03705077 -0.04102596 0.5964879 -7.028808 1.537955 0.9646146 0.04248761 20.18604 0.9782524 0 0.0 0.05528009543691562 7.054072562407507 0.0 1.0
0.02283252 -0.1706336 -0.01770885 -1.805279 2.407608 1.78593 0.4560628 20.84897 1.583464 0 0.0 0.17215443479187634 1.8053658552241767 0.0 0.0
-0.002846073 0.03777547 -0.7117823 -7.128973 1.070417 0.7541226 0.5660816 19.69901 0.9885483 0 0.0 0.037882532455502875 7.164418334890997 0.0 1.0
-0.06183024 -0.07038029 -1.161556 -8.570678 2.895454 2.285247 -0.3355443 20.61082 nan 0 0.0 0.09368224911338166 8.649030796616461 0.0 1.0
0.08802984 0.02565269 0.04521951 -6.19329 0.3473493 0.2321663 0.3947465 18.32489 0.9433498 1 0.9937672 0.09169140218505605 6.193455080016697 0.0 1.0
0.007188207 -0.06025926 1.397446 -7.017834 1.811081 1.207973 0.5906248 20.55239 1.061693 0 0.0 0.06068647901816721 7.155616631323396 0.0 1.0
0.04702305 0.06079866 0.7265557 -6.546497 0.4413165 0.294428 0.4245448 18.63281 0.909481 0 0.0 0.076861201454948 6.586691594132177 0.0 1.0
0.05598803 -0.009557261 3.658272 -6.497606 1.744938 1.540258 0.23989 20.14917 0.9944439 0 0.0 0.056797893808688195 7.456663983124089 0.0 1.0
0.06885122 -0.1888864 -1.323635 -3.798339 0.5109925 0.3682501 0.3684338 19.10014 1.025692 1 0.0 0.20104368331397135 4.022361094201513 0.0 0.0
-0.009800112 0.02039807 -0.1513593 -7.136291 0.8782011 0.6366893 0.6438784 19.24532 0.920887 0 0.0 0.022630144828026267 7.137895969708265 0.0 0.0
-0.007771855 0.02308447 0.06499509 -6.849408 0.09634881 0.06668829 0.4675005 15.07773 1.268712 0 0.0 0.024357637104652104 6.849716367280335 0.0 0.0
0.02082099 -0.0751014 0.4666262 -6.251454 0.3330539 0.2361725 0.5569649 18.34624 0.9182644 1 0.9961537 0.07793416392404617 6.268844959371897 0.0 1.0
0.04288896 0.01298369 -0.2731354 -5.862431 0.6228713 0.4520749 0.3193826 19.0212 0.9510746 0 0.0 0.04481114923652037 5.868790350361321 0.0 1.0
-0.003898171 -0.03704647 -0.7999603 -7.584799 0.9000551 0.829599 0.3956536 19.65538 1.210043 0 0.0 0.03725099564583665 7.626867794316163 0.0 1.0
-0.04352056 0.1153515 0.9330649 -9.257084 3.172461 2.207978 0.5312121 20.89198 1.123083 0 0.0 0.12328831126657384 9.303989160068278 0.0 0.0
-0.004142201 -0.02246885 -0.291334 -7.183007 0.2825309 0.1824472 0.6668902 17.6942 0.965786 0 0.0 0.022847473590025244 7.188912648071682 0.0 0.0
-0.03462604 -0.04326669 -2.209287 -5.509872 2.070936 1.102429 0.29946 20.35445 nan 0 0.0 0.05541632529893785 5.936298384073445 0.0 1.0
0.0304752 0.00207822 -1.817927 -10.68753 3.660579 2.648207 0.2428429 20.37802 nan 0 0.0 0.030545978678189378 10.841040359588604 0.0 1.0
-0.04141274 -0.0175106 5.199987 -4.891098 2.390814 2.091859 -0.5156284 20.26269 0.8090954 0 0.0 0.04496260831699603 7.138816739892754 0.0 1.0
0.07007873 -0.01396639 0.4288969 -7.641524 1.190289 0.8161498 0.267366 19.88792 1.041573 0 0.0 0.07145689923334905 7.653550914014071 0.0 1.0
0.1991288 0.03981971 -2.672516 -4.114029 1.952722 1.352203 0.2610652 20.725 0.7675247 0 0.0 0.2030711409677015 4.905871623177374 0.0 0.0
0.1993267 0.03694924 -1.171892 -5.766144 0.651729 0.4489841 0.1117256 19.11996 0.9479332 1 0.6428261 0.20272242024371057 5.884024769526382 0.0 0.0
-0.1158163 -0.01944193 -1.718496 0.1611981 1.414147 1.054788 0.5183452 20.32058 1.396067 0 0.0 0.11743680848786252 1.7260397821196387 0.0 0.0
-0.08743866 0.02167161 -0.6070111 -7.61265 0.4016543 0.282902 0.5376992 18.45033 0.9022102 1 0.9814538 0.09008428243921189 7.6368123257039136 0.0 1.0
0.01792403 -0.03878618 -0.6885576 -6.232059 1.181254 0.8346125 0.4604117 19.99763 0.7585354 0 0.0 0.042727492442610066 6.269981734263567 0.0 1.0
0.2390439 -0.03082056 0.9269198 0.7289075 0.3162302 0.2115499 0.2450207 18.11197 1.044065 1 0.0 0.2410225986208007 1.1791888988572992 0.0 0.0
-0.05743591 -0.1407195 0.03013283 -6.359916 0.586369 0.4242783 0.437364 19.24514 1.016111 0 0.0 0.1519896754315177 6.3599873832028795 0.0 0.0
0.01034438 -0.1308757 0.140789 -6.660843 1.575605 0.9731107 0.6431216 20.01451 1.048 1 0.9818676 0.13128387200290217 6.662330749307632 0.0 0.0
-0.040177 -0.03849713 -0.7924245 -5.570698 3.171875 1.658909 0.2591729 20.6481 1.120872 0 0.0 0.05564369099221312 5.626776412423391 0.0 1.0
0.03325123 0.02916669 -0.1835627 -6.853645 0.0996463 0.0676705 0.471721 15.46043 0.2516766 1 0.9998722 0.04423053359466738 6.856102759648246 1.0 1.0
-0.04752677 -0.05708705 0.944536 -5.923552 1.142608 0.7774229 0.4310111 19.60388 1.021454 0 0.0 0.0742813916424255 5.998384495178681 0.0 1.0
-0.05900524 -0.1742954 -8.815963 0.6886502 0.428257 0.3086732 0.4543539 18.72227 1.294621 1 0.0 0.18401224092059093 8.842818708722294 0.0 0.0
0.03928679 -0.1185904 0.8242623 -7.17516 1.438057 1.017744 0.3537412 20.39777 1.296495 0 0.0 0.12492851892447977 7.222349296787112 0.0 0.0
-0.01823332 0.008313282 -0.1854155 -6.676557 0.3060421 0.2260004 0.5498647 17.90506 0.9578152 0 0.0 0.020039077220119793 6.679131102313328 0.0 0.0
0.02736506 0.05570456 -3.312915 -6.556744 1.706334 0.9461944 0.3833773 20.17369 0.8346272 0 0.0 0.06206322996426467 7.346175717933856 0.0 1.0
0.0478599 -0.007812144 -1.686834 -8.072855 0.9862337 1.002623 0.06531078 19.54856 0.8967285 0 0.0 0.048493294607468526 8.24720539301532 0.0 1.0
0.05618455 -0.060547 -0.1711064 -6.818118 0.07676661 0.0525031 0.4513383 15.32416 0.2000055 1 0.9998519 0.08259929096367898 6.8202646914943825 0.0 1.0
0.04075819 0.198045 -0.01751683 -5.079338 0.9584224 0.7103902 0.09695977 19.60566 1.514032 0 0.0 0.20219557877727223 5.079368204568088 0.0 0.0
0.2016076 -0.141312 0.06994828 -4.48445 0.1971662 0.1350856 0.2573912 17.45953 1.014437 1 0.0 0.24620053964554994 4.484995492124263 0.0 0.0
-0.07744968 0.01872942 0.149649 -6.437305 0.3409951 0.2373558 0.5227829 18.32798 0.9270782 1 0.9987914 0.07968214420834069 6.439044221483962 0.0 1.0
-0.003806502 -0.1099564 -1.636426 -7.052092 0.729054 0.5162237 0.4033741 19.43304 0.9903851 1 0.97525 0.1100222675572359 7.239467634428653 0.0 1.0
-0.05882962 0.02876497 0.03114193 -7.046211 0.5184746 0.3652612 0.5912174 18.91985 0.9058094 1 0.9985234 0.06548547692767687 7.04627981819663 0.0 1.0
0.03439702 0.1324788 -0.3372557 -0.3303677 3.309121 2.276139 -0.4054519 20.75046 1.909096 1 0.2103962 0.13687142665406976 0.47210615796214733 0.0 0.0
-0.02896948 0.01607246 -0.6779891 -6.998096 0.4416932 0.3243702 0.5767595 18.67873 0.9678593 0 0.0 0.03312936374158128 7.030861742698033 0.0 1.0
0.2100316 0.03033481 -3.977076 -4.926729 0.2668612 0.1774841 0.2760857 17.81606 1.190475 1 0.0 0.21221091794791358 6.33165003369714 0.0 0.0
-0.1355648 -0.01862432 -4.573423 -3.594877 1.057082 0.8070616 0.4540138 19.93457 1.355566 1 0.0 0.13683815365058974 5.817158978578632 0.0 0.0
-0.06407258 -0.05265349 -0.3854779 -7.355408 0.6361691 0.4590385 0.4584763 19.30877 0.9262161 0 0.0 0.08293181245479023 7.365502023477585 0.0 1.0
-0.03792186 0.04162706 1.736158 -6.007203 1.68395 0.9771304 0.6450652 20.07445 1.057703 0 0.0 0.056310563752312054 6.253057850697768 0.0 1.0
0.08242011 -0.2252444 -0.01327522 -6.210635 0.8920646 0.6258151 0.4609746 19.89109 1.270824 1 0.9368016 0.23985019129400775 6.2106491878620105 0.0 0.0
-0.02052144 0.06010062 -1.462214 -6.55813 1.055751 0.7008027 0.5416302 19.73207 1.019508 0 0.0 0.0635075902869728 6.719162066708616 0.0 1.0
-0.003852565 0.02551957 0.2403131 -6.49743 0.3304461 0.2418827 0.5455669 18.2089 0.8618126 0 0.0 0.025808733213083607 6.501872575722444 0.0 0.0
0.1228462 0.0290326 1.569863 -5.553256 0.6545204 0.4259061 0.2980426 19.19758 0.9980164 1 0.7294622 0.126230268625239 5.770885724072606 0.0 0.0
0.005038134 -0.02938823 -2.032217 -8.630843 1.258594 1.173465 0.4945659 19.80928 nan 0 0.0 0.02981695585962551 8.866868490382497 0.0 1.0
-0.002251198 -0.04674903 -0.06159483 -6.708033 2.113015 1.587372 0.838546 19.92128 nan 0 0.0 0.046803201796203044 6.708315783575765 1.0 1.0
-0.03609037 -0.02617688 -0.2338218 -7.953756 0.5853077 0.3834081 0.1705803 18.41932 0.8554802 0 0.0 0.04458412108891797 7.957192164431574 0.0 1.0
0.0119617 -0.00107046 -1.05834 -6.962949 1.405022 1.141763 -0.7073124 18.33012 nan 0 0.0 0.012009502550130877 7.042921434475966 0.0 0.0
0.01641473 0.00354779 0.8283174 -5.924681 0.4389639 0.2900537 0.2636532 18.12861 0.9484673 0 0.0 0.016793754043006585 5.982303458276231 0.0 0.0
0.02527384 -0.07141718 0.06510422 -6.624817 0.5025873 0.3599998 0.4814347 18.99259 0.9261017 1 0.9987695 0.07575737975602112 6.6251368923933045 0.0 1.0
-0.05587038 0.007447232 -0.1034861 -6.701946 0.1532916 0.1063228 0.4535922 17.02586 1.128687 1 0.9998126 0.05636453340360606 6.702744927252507 1.0 1.0
0.04337641 -0.00871408 -1.071295 -6.692706 0.402298 0.2817282 0.4358167 18.29718 0.9119797 0 0.0 0.044243057474981314 6.777904291111008 1.0 1.0
