jas1101finalproject/data/gcs/NGC_6101.ecsv
# %ECSV 0.9
# ---
# datatype:
# - {name: x, unit: deg, datatype: float64}
# - {name: y, unit: deg, datatype: float64}
# - {name: pmx, unit: mas / yr, datatype: float64}
# - {name: pmy, unit: mas / yr, datatype: float64}
# - {name: pmx_e, unit: mas / yr, datatype: float64}
# - {name: pmy_e, unit: mas / yr, datatype: float64}
# - {name: pm_corr, datatype: float64}
# - {name: g_mag, unit: mag, datatype: float64}
# - {name: bp_rp, unit: mag, datatype: float64}
# - {name: filter, datatype: int64}
# - {name: memberprob, datatype: float64}
# - {name: r, unit: deg, datatype: float64}
# - {name: pm, unit: mas / yr, datatype: float64}
# - {name: member_prob_GMM, datatype: float64}
# meta: !!omap
# - comments: [deg deg mas/yr mas/yr mas/yr mas/yr dimless mag   mag   zeroone float]
# - __serialized_columns__:
#     bp_rp:
#       __class__: astropy.units.quantity.Quantity
#       unit: &id001 !astropy.units.Unit {unit: mag}
#       value: !astropy.table.SerializedColumn {name: bp_rp}
#     g_mag:
#       __class__: astropy.units.quantity.Quantity
#       unit: *id001
#       value: !astropy.table.SerializedColumn {name: g_mag}
#     pm:
#       __class__: astropy.units.quantity.Quantity
#       unit: !astropy.units.Unit {unit: mas / yr}
#       value: !astropy.table.SerializedColumn {name: pm}
#     pmx:
#       __class__: astropy.units.quantity.Quantity
#       unit: !astropy.units.Unit {unit: mas / yr}
#       value: !astropy.table.SerializedColumn {name: pmx}
#     pmx_e:
#       __class__: astropy.units.quantity.Quantity
#       unit: !astropy.units.Unit {unit: mas / yr}
#       value: !astropy.table.SerializedColumn {name: pmx_e}
#     pmy:
#       __class__: astropy.units.quantity.Quantity
#       unit: !astropy.units.Unit {unit: mas / yr}
#       value: !astropy.table.SerializedColumn {name: pmy}
#     pmy_e:
#       __class__: astropy.units.quantity.Quantity
#       unit: !astropy.units.Unit {unit: mas / yr}
#       value: !astropy.table.SerializedColumn {name: pmy_e}
#     r:
#       __class__: astropy.units.quantity.Quantity
#       unit: &id002 !astropy.units.Unit {unit: deg}
#       value: !astropy.table.SerializedColumn {name: r}
#     x:
#       __class__: astropy.units.quantity.Quantity
#       unit: *id002
#       value: !astropy.table.SerializedColumn {name: x}
#     y:
#       __class__: astropy.units.quantity.Quantity
#       unit: *id002
#       value: !astropy.table.SerializedColumn {name: y}
# schema: astropy-2.0
x y pmx pmy pmx_e pmy_e pm_corr g_mag bp_rp filter memberprob r pm member_prob_GMM
[from data line 8081]
-0.02428729 -0.01004455 0.9579774 -0.5258653 0.5549463 0.6948405 0.1613004 19.74644 0.5230503 0 0.0 0.02628241694073435 1.0928197530493535 1.0
-0.009282076 0.02720823 1.631554 -0.9430211 0.3611374 0.4368443 0.1129118 19.23131 0.8895378 0 0.0 0.02874795148532632 1.8844779781046022 1.0
-0.1184457 -0.03179572 -2.751114 -7.16919 0.1204703 0.1419321 0.04404866 17.38826 1.092751 1 0.0 0.12263911145637187 7.678926584952873 0.0
0.001621542 -0.05960437 -3.473134 -0.9967057 0.466841 0.6330464 0.1858412 19.50511 1.240675 1 0.0 0.05962642301492404 3.613320084682298 0.0
-0.01086877 0.001076684 -7.728945 -6.178277 2.637133 1.534058 0.5323095 19.94636 0.522337 0 0.0 0.01092196913329991 9.894831858185059 0.0
0.06043007 -0.1551022 -3.472383 -8.122089 0.1644479 0.2410962 0.2105575 18.00827 0.9058533 1 0.0 0.1664586609493327 8.83321987853863 0.0
-0.05143176 -0.006522249 1.591048 -1.06939 0.9900991 0.8819627 0.3002023 20.09301 0.5646458 0 0.0 0.05184366565662194 1.9170364395086494 1.0
-0.05799124 0.07498632 1.964415 -0.9984022 0.7704544 0.8966361 0.08331611 20.05501 0.8470879 1 0.9750692 0.09479415648593535 2.2035728363704794 1.0
0.01303873 -0.001373762 3.121203 0.3523656 1.171141 1.180785 -0.03862034 20.27271 nan 0 0.0 0.013110900123391377 3.141030035398 1.0
-0.01522252 -0.09746002 1.956829 -0.8482661 0.2706863 0.290704 0.04716181 18.60132 0.9542789 1 0.9814984 0.09864167787274707 2.1327763857587625 1.0
-0.05000072 0.05898791 2.857428 -8.217781 1.584606 1.428901 0.2050157 20.42829 2.077293 0 0.0 0.0773281677442735 8.700391907215732 0.0
-0.06309332 0.02093793 -4.974552 -5.497989 0.4384693 0.3586604 0.4263811 18.7217 0.8725147 0 0.0 0.06647679250164902 7.414448775521009 0.0
-0.04280629 -0.08031471 2.414424 -0.09771206 0.6056386 0.7850831 -0.04438425 19.99894 0.6494617 1 0.9883468 0.09101006046557819 2.416400401101904 1.0
-0.001930472 -0.01304984 26.75406 0.2033323 3.938292 3.451105 0.1408936 20.9298 nan 0 0.0 0.013191855296673929 26.75483265707007 0.0
0.004235418 -0.1545448 -2.226817 -6.090671 0.3385582 0.4491015 0.09116557 19.17054 1.809608 1 0.0 0.15460282653520513 6.484981663947093 0.0
-0.07338356 -0.0482078 -7.841343 0.1500397 4.05987 3.218736 0.02382572 20.91398 0.5581245 0 0.0 0.0878017019146759 7.842778331383917 0.0
0.03422335 -0.1542712 -1.896376 -13.38947 1.873583 1.82956 0.09969799 20.72974 1.886938 0 0.0 0.1580216467281065 13.523096864781971 0.0
0.005527588 0.02100704 -9.531102 2.741149 1.654263 1.493937 -0.04648521 20.52378 nan 0 0.0 0.02172210760168875 9.917449428890727 0.0
-0.05470329 -0.04142869 1.547619 -0.3463863 0.08648145 0.1028557 0.3536612 16.47817 nan 0 0.0 0.06862059670346943 1.5859092149264693 1.0
0.003198006 -0.03015512 1.696729 -0.2671592 0.4210241 0.3829726 0.427309 18.69771 nan 0 0.0 0.030324223066559117 1.7176330625560394 1.0
-0.06678486 0.05523452 1.929231 -0.07061157 0.5485929 0.5797257 0.2476248 19.62069 0.7220535 1 0.9941111 0.08666642789944674 1.9305227906395885 1.0
-0.008230825 -0.004750804 2.074224 -0.4274369 0.4945984 0.3230995 -0.5420292 18.0443 nan 0 0.0 0.009503505607250464 2.1178072399672287 1.0
-0.01864603 -0.006284296 1.716786 -23.70464 2.485705 2.00695 0.08305808 20.47105 0.5458126 0 0.0 0.019676554855373337 23.76672698752178 0.0
0.08248344 -0.04968843 -12.046 -3.140759 3.654887 2.529521 0.2404123 20.85039 0.8376198 0 0.0 0.09629360285137586 12.448714114159783 0.0
-0.0955736 -0.08819697 1.813694 -0.1916348 0.07328894 0.1002032 0.02097015 16.68483 0.2138844 1 0.9995545 0.13005006164604807 1.8237899610994244 1.0
0.0003907872 -0.002765324 1.996254 -1.54353 0.7578305 1.100062 -0.1241434 20.12801 nan 0 0.0 0.002792799932086049 2.52339352725967 0.0
0.03241399 -0.1288087 -1.017354 -5.461288 0.7790965 0.9573616 0.2418864 20.14026 1.166204 1 2.94197e-06 0.132824500538907 5.555238588959074 0.0
-0.004885793 0.006091759 1.354756 1.124437 0.4816392 0.629006 0.05406944 19.567 0.7866573 0 0.0 0.007809001277559763 1.7606028474658901 1.0
-0.09072413 0.03174795 -7.071431 -6.134066 0.5780762 0.6357116 0.3219929 19.68162 1.855402 1 0.0 0.09611867713123917 9.361191274625094 0.0
-0.08941191 0.03573696 -5.013734 -8.367161 0.7391459 0.7887812 0.3577137 19.95551 1.060467 1 0.0 0.0962892515283492 9.75432785089147 0.0
-0.02393179 -0.01456069 0.317776 -1.725271 1.415928 1.716968 -0.1080701 20.52205 0.9692287 0 0.0 0.028013287309421576 1.754292338698713 1.0
-0.007578783 0.008402553 4.345492 -2.545974 1.785322 1.514468 -0.01779632 20.1355 nan 0 0.0 0.011315513628594063 5.0363959664367135 1.0
-0.04560713 0.08554202 -1.112402 -5.196133 4.357543 2.139041 0.0930515 20.90979 1.187374 0 0.0 0.09694043270234201 5.313872068773673 0.0
0.06052626 -0.03198648 3.311922 -3.690844 2.701303 2.652281 0.2905437 20.67431 0.7434807 0 0.0 0.068458476848218 4.958947142934678 0.0
-0.03616379 0.06320876 2.017851 -8.55623 1.775207 2.504798 -0.02921079 20.22754 1.547419 0 0.0 0.07282284701865 8.790949577326728 0.0
-0.02859922 0.08639251 -2.00631 -6.132945 0.562658 0.5952124 0.2364408 19.72539 1.475101 1 0.0 0.09100319317863798 6.452774146762383 0.0
0.08176799 -0.09527127 1.854128 -0.8728156 0.3579384 0.520898 0.2149797 19.331 0.7924252 1 0.9820656 0.12554926951620626 2.0492920026163572 1.0
-0.1558269 0.001854226 -5.220686 -7.210106 0.500831 0.5834856 0.2797487 19.56621 0.964941 1 0.0 0.15583793157530382 8.901752122016878 0.0
0.04293232 -0.1148152 -3.169656 -2.903098 0.5445511 0.7132097 0.1797632 19.90174 0.8360367 1 0.0 0.12257942017982629 4.298220231205004 0.0
-0.08523957 -0.06456324 -0.4854019 -0.5812117 0.2916517 0.3362927 0.07014397 18.72071 1.331919 1 0.0 0.1069308012365123 0.7572463567033519 0.0
0.03245601 0.03703154 -2.281705 -4.115443 0.1100819 0.1222752 0.1377252 17.1277 1.124462 1 0.0 0.049241522518010145 4.705640104520744 0.0
0.01464324 -0.08275009 1.707516 0.5023411 0.4003194 0.5476493 0.140352 19.47599 0.829237 1 0.9925339 0.08403571783893858 1.7798756897618468 1.0
-0.1140394 0.01529881 -5.595397 -9.921915 0.6558309 0.7253373 0.3029335 19.9061 0.9961567 1 0.0 0.11506102007098712 11.390911502370388 0.0
-0.02073481 0.01855479 3.128951 -7.885511 1.301863 1.673252 0.1004961 19.34025 0.7005672 0 0.0 0.027824675697664475 8.48360878939629 0.0
-0.09604782 -0.1189463 6.349751 -2.086202 0.7037406 0.8586684 -0.07665515 20.09921 2.105722 0 0.0 0.15288363552206102 6.683679865673176 0.0
0.0007684632 -0.004054704 1.225919 -4.92969 2.261168 2.140687 -0.1962003 20.34273 nan 0 0.0 0.004126882627040687 5.079834730644394 0.0
0.1352528 -0.02608282 0.7780451 -2.952269 1.212116 1.633243 0.1958226 20.50185 0.9029579 0 0.0 0.13774481263188246 3.0530716378747176 0.0
-0.04957402 -0.1172658 1.629734 1.206317 0.37342 0.4474793 0.08366637 19.31414 0.8134117 1 0.7250434 0.12731398708940192 2.0276177192076914 1.0
0.02633382 0.03049528 4.302719 -0.05667769 2.023886 1.508607 0.1579187 20.51232 nan 0 0.0 0.040291837610995106 4.303092278060596 1.0
-0.01148915 -0.02125493 -0.8439374 2.355153 2.273135 1.580416 -0.04100994 20.43288 nan 0 0.0 0.024161386901984744 2.5017945536210124 1.0
-0.03787265 0.07722055 -7.578362 -6.239456 0.4705146 0.5216482 0.2647508 19.4997 1.401575 0 0.0 0.08600785406185298 9.816434270089115 0.0
0.0329812 0.02496089 2.048999 -0.05500458 0.2234883 0.2431922 0.1345567 18.19494 1.044727 1 0.9990986 0.0413618856319692 2.0497371553011314 1.0
-0.01765098 0.02086208 2.507497 -0.2109174 0.4481744 0.595338 0.1194145 19.4732 0.7656593 0 0.0 0.027327339367139276 2.5163519933887946 1.0
0.01839294 0.01759598 0.8298352 -0.8206617 1.428443 1.173599 0.0731408 20.22489 nan 0 0.0 0.025454248250616242 1.1670955766371194 1.0
0.01746802 -0.007557248 8.40968 24.41493 3.535736 3.147608 0.1355153 20.40269 nan 0 0.0 0.019032701333596976 25.822693984309613 0.0
-0.03269912 -0.06350919 1.633389 2.282323 0.3887974 0.4989994 0.1286364 19.4257 0.6260738 0 0.0 0.07143283322975856 2.806591865884671 1.0
-0.006344761 -0.02485351 4.574713 -0.452608 1.532267 2.607498 0.5263221 20.23323 0.5950336 0 0.0 0.025650593588983882 4.5970482958125425 1.0
-0.08350974 -0.1297719 -3.375944 0.7122437 1.501589 1.633384 0.3446044 20.67573 0.9254436 1 0.005704771 0.1543198713856307 3.4502592626244324 0.0
0.02120354 -0.002510514 2.104272 0.3142663 0.7826251 0.9389597 0.1621546 20.1203 nan 0 0.0 0.021351646050733326 2.1276099166199827 1.0
0.02616622 0.0309075 4.272786 -1.851242 1.046832 1.153762 0.1270332 20.24419 0.7351913 0 0.0 0.04049622976695979 4.6565864261667045 1.0
-0.05867756 0.04929587 -5.73715 -2.741266 0.3703537 0.3181891 0.2552929 18.78617 1.162537 1 0.0 0.07663640679605548 6.358414063684119 0.0
-0.1556418 -0.02274226 -3.453271 4.782298 0.3704769 0.472707 0.1171888 19.32297 0.8406296 1 0.0 0.1572945653770263 5.898767223771844 0.0
-0.02229226 -0.00227529 11.38396 3.458908 1.063638 1.251363 0.170036 20.02335 0.4506302 0 0.0 0.022408074448548677 11.897839712908558 0.0
0.007120238 -0.002087682 -1.338648 0.9330534 1.921251 2.545355 0.02002368 20.49901 nan 0 0.0 0.0074199868807005315 1.6317374528874307 1.0
0.003798549 0.08246986 2.809871 -11.42735 0.2680317 0.2802599 0.2484988 18.52468 1.645132 1 0.0 0.0825572939413896 11.767739929958555 0.0
-0.07259598 0.02578577 -0.4895516 -1.921769 1.643528 1.527292 0.3669544 20.65706 0.9167252 0 0.0 0.07703948498434618 1.9831431764811034 1.0
0.06131063 -0.01179396 -5.153884 -0.8818142 0.2310094 0.2471658 0.104948 17.6349 1.303698 0 0.0 0.06243469262740468 5.228777731820089 0.0
0.001578888 -0.01497242 1.992949 -1.104922 0.3544704 0.4632915 0.03022304 19.21532 0.8448772 0 0.0 0.01505543914912295 2.2787492935127815 1.0
-0.02719338 0.01338128 3.755025 0.143007 0.3622705 0.3754913 0.06010485 17.24925 0.2434254 0 0.0 0.030307401245616556 3.7577471645487273 1.0
0.01386137 0.06941116 2.318348 1.401983 1.856941 1.732947 0.09505936 20.70495 0.5474281 0 0.0 0.07078168344156911 2.7092976546317313 1.0
0.1099585 -0.02589108 -5.761167 -0.2928665 0.5269915 0.7522015 0.1474018 19.77807 1.25169 1 0.0 0.11296556885093971 5.768606069815416 0.0
-0.03885883 0.07846209 1.822846 -0.2452179 0.05737265 0.06233318 0.08064524 15.97742 1.18522 1 0.9998522 0.08755745677060862 1.8392659835370222 1.0
-0.05087414 -0.005849309 4.600359 0.3630943 0.5932776 0.6692021 0.1036032 19.67646 0.6558323 0 0.0 0.05120930126956509 4.614665795003305 0.0
-0.07278387 -0.05396565 -2.296271 -6.710303 0.5340485 0.6586826 0.07427731 19.86816 0.8783607 1 0.0 0.09060785347915158 7.09232168314791 0.0
0.03328939 -0.1160615 2.298437 -5.810561 2.050628 3.051367 0.5197051 20.79195 1.214989 0 0.0 0.12074127408977471 6.248634393024607 0.0
-0.0334282 0.04637582 1.034549 -0.2914054 0.3992407 0.4182213 0.1065535 19.26868 0.9443436 1 0.9892952 0.05716783392706426 1.0748063735157882 1.0
0.00688876 0.0149107 1.512464 -0.2685041 0.4679196 0.5801096 0.1474112 19.51206 0.682169 0 0.0 0.01642510239930333 1.5361125619604867 1.0
0.12082 -0.04217213 0.5684098 -1.34659 0.5165368 0.6766449 0.1599719 19.28554 1.347982 0 0.0 0.12796859360302784 1.4616409712497935 1.0
-0.006484421 -0.06454166 -1.175263 -2.133374 2.121642 1.936995 -0.2102109 20.70719 nan 0 0.0 0.0648665830089796 2.435678086908243 1.0
-0.03547125 -0.02399402 1.283394 -7.97697 1.037782 1.599547 0.1675151 20.34284 0.7447834 0 0.0 0.04282432220506123 8.079551382356325 0.0
-0.004678404 -0.002178451 -2.5653 0.8489274 1.22994 1.124074 -0.4575468 19.63846 nan 0 0.0 0.005160727927978475 2.702118024896537 0.0
-0.02145261 -0.1530845 -4.456484 -8.930357 0.3649607 0.5138978 0.104735 19.15218 0.9260902 1 0.0 0.15458033062476642 9.980557388728599 0.0
-0.01927601 -0.005766146 1.065789 -1.192214 1.39806 1.550637 0.0553519 20.48021 0.5284882 0 0.0 0.02011996523887196 1.5991499036416192 1.0
-0.02962479 0.08598654 5.059912 -0.7600342 4.377008 2.191417 0.1794611 20.98417 0.3731728 0 0.0 0.09094676049049631 5.116674841429113 0.0
0.02139491 -0.04235909 -2.04233 -2.936831 0.6306273 0.7823383 0.06644334 19.6842 0.7170563 0 0.0 0.047455607461460235 3.5771620247706144 1.0
0.123317 -0.1107327 -10.62728 -6.825545 2.943943 2.284085 0.1511587 20.7358 0.8365192 0 0.0 0.16573718152029135 12.630405565357947 0.0
0.0394212 -0.09445966 1.94658 0.3447682 0.3530368 0.4694537 0.1544935 19.31688 0.8095322 1 0.9933036 0.10235554883227191 1.9768760224483577 1.0
-0.07473448 0.03023282 1.780972 0.4756167 1.07679 1.0679 0.2399251 20.34173 0.5290413 0 0.0 0.08061802469685549 1.8433861532795808 1.0
-0.1296876 0.08994221 -0.5230077 -1.378088 0.1578155 0.1565097 0.1525312 17.61786 0.9322376 1 0.0 0.15782418931660666 1.473995790361455 0.0
-0.02980787 0.06587515 -3.465281 -7.472393 1.165382 1.126778 0.2554662 20.47481 0.994833 0 0.0 0.07230521766414509 8.236797287502588 0.0
0.07799696 -0.07646346 -2.637117 -5.933075 0.4501511 0.4070367 0.4870256 18.62234 nan 0 0.0 0.10922539303849266 6.492747109453286 0.0
0.1153532 -0.07671403 1.436797 -0.03038581 0.1743941 0.2300676 0.04440456 17.99623 1.051176 1 0.9861734 0.13853303991857285 1.4371182681527488 0.0
-0.00417032 -0.001140732 2.991854 -0.5380601 0.361555 0.4231315 0.09569601 18.78029 0.8905449 0 0.0 0.004323521527438484 3.03985181029076 0.0
0.08654446 -0.02792498 0.8716364 -0.5045239 0.4676981 0.6362067 0.1760461 19.40455 0.7693958 0 0.0 0.09093815516433133 1.0071218295102982 0.0
-0.002062578 0.001270514 3.667629 -9.844372 2.09809 2.311443 0.1919658 20.54905 nan 0 0.0 0.002422485052643256 10.505387311090677 0.0
-0.0127277 0.08604405 1.539743 -1.907455 1.317791 1.539433 0.07064883 20.38993 0.6347675 0 0.0 0.08698030172224341 2.45136555476208 1.0
-0.06095968 -0.002927387 -3.763899 -6.821501 0.3448858 0.3708179 0.1216216 19.02183 0.9872589 0 0.0 0.061029928562551745 7.791008379869835 0.0
-0.01884162 -0.0110605 0.6919141 0.2865801 1.023336 0.9923326 0.06646639 20.18437 0.6502743 0 0.0 0.021848141899813815 0.7489147317918241 1.0
-0.01188123 -0.04166382 0.767331 -3.600619 1.02108 1.467892 0.3045614 20.40453 0.7476578 0 0.0 0.043324791093614055 3.681474439232466 1.0
0.02032074 0.004646859 -4.972027 -3.199032 1.877544 1.849527 0.1953064 20.27298 0.9438515 0 0.0 0.020845281785418036 5.912263375878395 0.0
-0.01544912 -0.1585105 -2.776469 -8.315297 0.1734298 0.1884863 -0.06861404 17.83986 0.9456863 1 0.0 0.15926158959091297 8.766581107031977 0.0
0.05933452 0.02588667 1.372979 -0.8096358 0.6892249 0.8037501 0.2236019 19.9576 0.7264843 0 0.0 0.06473565437468984 1.593920155805378 1.0
0.001244121 -0.003596966 1.650592 -0.01210769 0.1037673 0.1226317 -0.02985467 16.98016 0.2568054 0 0.0 0.003806048011756683 1.650636406547831 1.0
-0.04907651 -0.003303826 -0.8022361 -7.224855 0.4441016 0.4890091 0.110952 19.49352 1.830074 0 0.0 0.049187590914969354 7.269258045438214 0.0
0.01964854 0.004266119 1.139049 0.3344342 1.479277 2.017618 0.02704202 20.53911 nan 0 0.0 0.020106339683138772 1.1871305145310014 1.0
-0.03528755 -0.1046899 -1.519313 -3.41339 0.7980859 1.011878 0.1446632 20.11746 1.230402 1 0.0004427833 0.1104770851670721 3.73624721934577 0.0
-0.1417795 0.005874224 -0.9022616 -12.33585 1.223539 1.178974 -0.04040898 20.33593 1.845612 1 0.0 0.1419011385713736 12.368802335607704 0.0
0.006889947 -0.03168202 1.653395 -0.05960896 0.03374401 0.04245058 0.008280121 15.02776 1.23094 1 0.9978887 0.03242255019185272 1.6544691759405135 1.0
-0.1010659 -0.04589035 6.170895 -20.53355 1.042942 1.076017 0.4264616 20.36675 1.533587 1 0.0 0.11099657817217835 21.440770058547923 0.0
0.001272128 -0.003184981 0.7486671 3.283638 1.036517 1.349579 -0.1973019 19.81448 nan 0 0.0 0.003429637534601142 3.367904532742341 0.0
-0.105826 -0.01266011 -0.3274304 -2.941137 2.758967 2.732249 0.1658055 20.89303 0.2930126 1 0.4799919 0.1065805829464828 2.9593069323091785 0.0
0.0002739592 -0.01917615 4.02396 0.3082843 1.600629 2.81438 -0.144138 20.37941 nan 0 0.0 0.019178106853017702 4.035751886727737 1.0
-0.004958803 0.0869404 3.810768 3.341831 1.918594 2.137647 0.1987141 20.68702 0.6295376 1 0.9352732 0.08708170232231803 5.068509364930186 0.0
-0.009740916 0.06468357 -5.108588 -4.372508 0.3979302 0.4593879 0.1064246 19.06023 0.9395142 0 0.0 0.06541291670965266 6.724321345965555 0.0
