jas1101finalproject/data/gcs/NGC_6934.ecsv
# %ECSV 0.9
# ---
# datatype:
# - {name: x, unit: deg, datatype: float64}
# - {name: y, unit: deg, datatype: float64}
# - {name: pmx, unit: mas / yr, datatype: float64}
# - {name: pmy, unit: mas / yr, datatype: float64}
# - {name: pmx_e, unit: mas / yr, datatype: float64}
# - {name: pmy_e, unit: mas / yr, datatype: float64}
# - {name: pm_corr, datatype: float64}
# - {name: g_mag, unit: mag, datatype: float64}
# - {name: bp_rp, unit: mag, datatype: float64}
# - {name: filter, datatype: int64}
# - {name: memberprob, datatype: float64}
# - {name: r, unit: deg, datatype: float64}
# - {name: pm, unit: mas / yr, datatype: float64}
# - {name: member_prob_GMM, datatype: float64}
# - {name: member_prob_DB, datatype: float64}
# meta: !!omap
# - comments: [deg deg mas/yr mas/yr mas/yr mas/yr dimless mag   mag   zeroone float]
# - __serialized_columns__:
#     bp_rp:
#       __class__: astropy.units.quantity.Quantity
#       unit: &id001 !astropy.units.Unit {unit: mag}
#       value: !astropy.table.SerializedColumn {name: bp_rp}
#     g_mag:
#       __class__: astropy.units.quantity.Quantity
#       unit: *id001
#       value: !astropy.table.SerializedColumn {name: g_mag}
#     pm:
#       __class__: astropy.units.quantity.Quantity
#       unit: !astropy.units.Unit {unit: mas / yr}
#       value: !astropy.table.SerializedColumn {name: pm}
#     pmx:
#       __class__: astropy.units.quantity.Quantity
#       unit: !astropy.units.Unit {unit: mas / yr}
#       value: !astropy.table.SerializedColumn {name: pmx}
#     pmx_e:
#       __class__: astropy.units.quantity.Quantity
#       unit: !astropy.units.Unit {unit: mas / yr}
#       value: !astropy.table.SerializedColumn {name: pmx_e}
#     pmy:
#       __class__: astropy.units.quantity.Quantity
#       unit: !astropy.units.Unit {unit: mas / yr}
#       value: !astropy.table.SerializedColumn {name: pmy}
#     pmy_e:
#       __class__: astropy.units.quantity.Quantity
#       unit: !astropy.units.Unit {unit: mas / yr}
#       value: !astropy.table.SerializedColumn {name: pmy_e}
#     r:
#       __class__: astropy.units.quantity.Quantity
#       unit: &id002 !astropy.units.Unit {unit: deg}
#       value: !astropy.table.SerializedColumn {name: r}
#     x:
#       __class__: astropy.units.quantity.Quantity
#       unit: *id002
#       value: !astropy.table.SerializedColumn {name: x}
#     y:
#       __class__: astropy.units.quantity.Quantity
#       unit: *id002
#       value: !astropy.table.SerializedColumn {name: y}
# schema: astropy-2.0
x y pmx pmy pmx_e pmy_e pm_corr g_mag bp_rp filter memberprob r pm member_prob_GMM member_prob_DB
[from data line 1009]
-0.005995091 -0.006796829 -2.616934 -4.050717 0.2820078 0.2326162 0.3486636 17.53461 0.384243 0 0.0 0.009063001740787762 4.822515088047418 1.0 0.0
-0.01937369 -0.05491169 -2.37713 -5.513437 1.878366 1.433284 0.09709175 20.51312 0.4839745 0 0.0 0.05822914702167807 6.004059842295795 1.0 0.0
0.01824459 0.0277146 -4.692987 -4.283144 1.087613 0.7647846 0.2273293 20.09525 0.6600838 0 0.0 0.03318077933726241 6.353695736097614 1.0 0.0
0.05238029 0.01862452 0.01769489 -3.625 2.002219 1.895529 0.4366527 20.65267 0.6288395 0 0.0 0.05559287297589953 3.625043187209238 0.0 0.0
0.01988031 -0.007992329 -3.79417 -3.261799 0.767886 0.7060745 0.443677 19.22532 0.8188305 0 0.0 0.021426713433010232 5.00350464227835 1.0 0.0
0.03374034 0.001345939 -2.125425 -4.729446 1.39531 1.090239 0.01220136 20.35577 0.7328949 0 0.0 0.03376717481678503 5.185083499572692 1.0 1.0
-0.03368347 0.02952987 -1.392164 -5.23118 1.896982 1.973506 0.6215406 20.58474 0.5035133 0 0.0 0.04479497040358214 5.413258242066048 1.0 0.0
0.02357068 0.02548707 -2.118396 -4.928683 0.8033829 0.6200013 0.3498681 19.77427 nan 0 0.0 0.03471552524227885 5.36465448349705 1.0 0.0
-0.004844765 0.02138423 -6.628322 -6.856545 1.521183 1.406995 0.3217777 20.39194 0.9458752 0 0.0 0.021926172502243182 9.53660641280267 0.0 0.0
0.03277372 -0.02287126 -3.478359 -4.487037 1.676532 1.779241 0.4333066 20.51357 0.9647293 0 0.0 0.03996512550494493 5.677365795177372 1.0 0.0
0.01394817 0.00682182 -4.890707 -4.706042 1.688832 1.496843 -0.007441725 20.35193 nan 0 0.0 0.015527030445687288 6.787182498328228 1.0 0.0
0.01237446 0.008680961 -10.84448 -0.5998232 1.286547 0.9836081 0.1797931 19.74583 nan 0 0.0 0.015115764756542124 10.861055857588536 0.0 0.0
0.006382555 0.003666414 0.03763565 -4.167527 0.9162263 0.6788202 0.2600561 18.45202 1.085531 0 0.0 0.00736067931290455 4.167696934504706 1.0 0.0
0.00614049 0.0009145833 -3.021601 -5.667233 0.4469128 0.3372101 0.2282091 17.51555 nan 0 0.0 0.006208226804228313 6.422429639901866 1.0 0.0
0.003901263 -0.02590801 -2.162403 -9.298274 0.2798723 0.2137418 0.2692927 18.20377 1.265041 0 0.0 0.026200092273793024 9.546406974013049 0.0 0.0
-0.01180601 -0.01849925 -2.850373 -5.094502 0.4105284 0.3428533 0.2835459 18.41135 0.8625832 0 0.0 0.021945480689258095 5.83768591713643 1.0 0.0
-0.01613331 -0.00481484 -0.3055553 -8.650314 2.120328 1.9121 0.2298603 20.67646 nan 0 0.0 0.01683645971639228 8.65570888720006 0.0 0.0
-0.02230536 0.02849584 -3.963128 -4.176396 2.125131 1.267496 0.3757831 20.64756 0.8587437 0 0.0 0.03618759431124429 5.7574879151588325 1.0 0.0
0.005414266 -0.006263256 -6.721931 -5.359152 1.610112 1.129948 0.3473198 19.62824 nan 0 0.0 0.008279048981633822 8.59679396797812 0.0 0.0
0.02544899 -0.01089646 -2.892658 -5.762551 1.445419 1.567577 0.6511224 20.26252 nan 0 0.0 0.027683640160782688 6.447826326178847 1.0 0.0
-0.04352564 -0.04477718 -2.730831 -7.641303 1.95083 1.657599 0.3675303 20.61539 1.083454 0 0.0 0.06244579398295773 8.114613329565987 0.0 0.0
-0.007720482 -0.0278978 -4.43873 -5.176031 0.6444228 0.6171993 0.3977733 19.28067 0.8664207 0 0.0 0.028946382971838193 6.818623096040798 1.0 0.0
-0.01231997 0.0004245241 -3.042686 -4.431135 0.2522101 0.176401 0.2092395 17.93758 0.9892349 0 0.0 0.012327282000196994 5.375211203554796 1.0 0.0
-0.04310453 -0.07179528 -2.744926 -4.487114 0.7982385 0.6063692 0.3586146 19.74999 0.5894146 1 0.9205499 0.08374104571116425 5.26011509327239 0.0 0.0
-0.01564937 -0.01256203 -4.862431 2.696965 1.632587 1.34738 0.1859647 20.32261 1.134262 0 0.0 0.020067570334193423 5.560292747777405 1.0 0.0
0.009317777 0.01661307 -5.204877 -2.972398 2.842055 1.271166 -0.3079374 20.45263 nan 0 0.0 0.019047704928589926 5.993821356658287 1.0 0.0
0.0225133 -0.009127552 -2.689934 -4.738584 4.051736 3.456233 0.4386108 20.99825 nan 0 0.0 0.02429322708910251 5.448846047505105 1.0 1.0
-0.03825601 -0.0063837 -2.100345 -5.262021 1.863436 1.87535 0.3753206 20.63498 0.6540432 0 0.0 0.0387849703726856 5.665713911191245 1.0 0.0
0.02105887 0.02803659 -3.12378 -7.040876 1.931486 1.285292 0.2262763 20.42559 0.6737862 0 0.0 0.035064603013651816 7.702722657332016 0.0 0.0
0.01857815 0.01143491 -3.911812 -6.028611 1.532453 1.23226 -0.008432302 20.44681 0.2961864 0 0.0 0.021815242930817894 7.186544629560509 1.0 0.0
0.02254202 0.02115542 -0.9520183 -4.357027 1.004962 0.680637 0.1948295 19.90348 0.6768665 0 0.0 0.030914308354818485 4.459823216481108 1.0 0.0
-0.01734511 -0.03705423 -3.167645 -3.271227 1.77083 1.505431 0.2300385 20.5531 0.5251923 0 0.0 0.04091294173980893 4.553559149890775 1.0 0.0
-0.004239609 0.01345061 -2.929158 -4.874864 0.2354294 0.1844215 0.3333205 17.92826 1.025494 0 0.0 0.014102949827783583 5.687201913723478 1.0 0.0
-0.009263722 -0.01475995 -2.169461 -6.036974 2.229441 1.068352 -0.4115673 19.9963 nan 0 0.0 0.017426206394272507 6.4149525413051185 1.0 0.0
0.03627602 0.07881403 -2.060525 -4.764924 0.7170652 0.5459188 0.271995 19.68255 0.8526897 1 0.9010939 0.08676174820669129 5.191364368005871 0.0 0.0
-0.005783183 -0.002023692 -4.922835 -4.018344 0.580737 0.4447083 0.3565589 17.64106 nan 0 0.0 0.00612703312561251 6.354635547343451 1.0 0.0
-0.02711797 0.01081261 -4.121971 -4.669595 1.208189 1.021027 0.4482508 20.20167 0.3816624 0 0.0 0.02919412324309466 6.228624437937 1.0 0.0
-0.006721341 -0.001862031 1.687022 -6.099322 0.9715655 0.8083561 0.3379144 18.76418 nan 0 0.0 0.0069744952708595325 6.32833090855464 1.0 0.0
-0.00905187 -0.01459736 -2.258799 -6.351949 0.6110844 0.4516738 0.2315289 19.09461 0.9332466 0 0.0 0.017176124984014874 6.741619169087052 1.0 0.0
0.01727946 -0.05465428 -4.411482 -7.656767 0.7608145 0.5772618 0.281124 19.74471 1.475042 0 0.0 0.05732076465130241 8.836699289248955 0.0 0.0
-0.005722997 -0.02829503 -0.9779063 -5.192598 0.8054086 0.6920936 0.3780583 19.94089 0.6628914 0 0.0 0.028867999885044147 5.28387875723731 1.0 0.0
-0.001727884 0.004578084 -2.741972 -5.405029 0.2960629 0.2601032 0.2882411 16.51717 nan 0 0.0 0.004893305245793685 6.0607548159965186 1.0 0.0
-0.01050482 -0.02599612 -1.723777 -5.746361 0.6152941 0.5922442 0.4209658 19.4007 0.7641258 0 0.0 0.028038357624632724 5.999339287625764 1.0 0.0
0.004717979 0.01484918 -2.174385 -6.962798 2.525585 1.424082 -0.5731908 20.13503 0.9014473 0 0.0 0.015580676253514832 7.294416091575048 1.0 0.0
0.005959641 -0.05322598 -5.191873 -8.897633 2.120822 2.556036 0.5486253 20.58009 0.6136875 0 0.0 0.053558587246204326 10.301622117454029 0.0 0.0
-0.005057088 -0.02149868 -2.66594 -4.617956 0.06585541 0.05049859 0.269786 15.53146 1.178656 1 0.9997108 0.022085456318177897 5.3322372135470495 1.0 1.0
0.01500853 -0.0275705 -2.918098 -4.635033 0.1979315 0.1696551 0.3052251 17.78723 1.07637 1 0.9963217 0.03139089745469059 5.477118480432297 1.0 1.0
-0.006691081 -0.002085191 3.444793 9.949061 0.8922368 0.6468334 0.1896659 18.94042 nan 0 0.0 0.007008465342358625 10.528552302884286 0.0 0.0
-0.01725308 -0.005445176 -2.611995 -4.525836 0.2753545 0.2214764 0.2619702 18.33669 0.9086933 0 0.0 0.018091951557457145 5.225486520786461 1.0 1.0
0.003568164 -0.002921123 -0.8708989 0.01977652 0.8115395 0.7345612 0.371822 18.67044 nan 0 0.0 0.004611372237417513 0.871123415346253 0.0 0.0
0.04031147 -0.04313192 -3.230811 -5.377832 0.6761996 0.5362876 0.2798782 19.60636 0.789957 0 0.0 0.059037082723041964 6.273692432526876 1.0 0.0
-0.02757203 0.008928174 -4.971926 -12.64214 2.631417 3.115259 0.4788939 20.6295 1.3806 0 0.0 0.028981530830775246 13.584688142503529 0.0 0.0
-0.006539419 0.02118446 -3.1624 -2.024157 1.80874 1.922679 0.4351718 20.64882 0.4483261 0 0.0 0.022170821959259 3.7547283950572243 1.0 0.0
-0.001576629 -0.01193717 -2.663312 -4.090739 1.246869 0.8299375 -0.07404679 19.20688 nan 0 0.0 0.012040838285291478 4.8813293655996 1.0 0.0
0.01001407 0.004893384 -11.33735 -0.9273181 1.169335 0.8582258 0.03805163 19.29169 nan 0 0.0 0.011145707915442428 11.375210937872213 0.0 0.0
0.003931686 -0.04371072 -2.659087 -4.323322 0.6451292 0.4689537 0.2848707 19.40702 0.9393654 1 0.9794808 0.04388718717030059 5.075613932250265 1.0 1.0
0.008259275 -0.01900764 2.380368 -5.128525 3.325578 3.279568 0.5235057 20.94908 nan 0 0.0 0.020724526578313557 5.654018083721434 1.0 0.0
0.0275965 0.008497592 -4.054685 -0.3423323 2.27124 2.111314 0.5272366 20.66585 nan 0 0.0 0.028875177610682572 4.0691106955756675 1.0 0.0
-0.003271336 -0.00215008 -4.682669 -8.379682 0.8447694 0.7466618 0.5922396 17.47606 nan 0 0.0 0.003914649822307993 9.599294733712734 0.0 0.0
-0.002847746 -0.017015 -2.441628 -4.094788 0.2612396 0.2259824 0.3205512 17.7011 0.1469402 0 0.0 0.017251663174329482 4.7674769066381435 1.0 0.0
0.02418042 -0.05706914 -0.5305616 -4.844651 0.2550739 0.1852677 0.1860955 18.105 1.426113 1 0.0 0.06198047637535549 4.873616616353359 1.0 0.0
-0.01785834 -0.005216747 0.4516034 4.941745 2.906243 2.444127 0.2583798 20.3774 nan 0 0.0 0.018604697170811705 4.962337078022467 1.0 0.0
0.02835377 -0.002473429 -2.77878 -4.694016 0.1326462 0.1005711 0.25871 16.9364 0.3282738 1 0.9990057 0.028461449791444937 5.454851464215685 1.0 1.0
0.006382401 0.01426603 -1.468535 -3.332881 1.792108 1.191812 -0.06880165 20.23786 nan 0 0.0 0.01562864851756866 3.642072323058124 1.0 0.0
-0.02729869 0.02453218 -2.708831 -4.638498 0.5461993 0.4335206 0.3222193 19.34521 0.9228554 0 0.0 0.036702129791995726 5.371538800247561 1.0 1.0
0.04781036 0.02231615 -2.496514 -4.531156 0.6997913 0.5637181 0.3057432 19.74151 0.709177 1 0.971959 0.05276211779441856 5.173389299920507 1.0 0.0
0.0099838 0.00510796 5.35668 1.429953 1.768956 0.9724931 -0.108227 19.46985 nan 0 0.0 0.011214611798970127 5.5442570471262425 1.0 0.0
0.0002694466 0.02606245 -1.13319 -3.950525 1.941603 1.981239 0.4094093 20.68655 0.5649109 0 0.0 0.02606384279941758 4.109837874141144 1.0 0.0
0.04832463 0.0238645 -2.736896 -4.439129 0.3269362 0.2567645 0.2725776 18.58849 0.93009 1 0.9903791 0.05389605017890365 5.215023105745266 1.0 0.0
0.01721633 0.0118087 -3.833302 -3.462172 1.778716 1.374207 -0.0425499 20.41398 nan 0 0.0 0.020876958934646108 5.165349860443918 1.0 0.0
-0.007115571 -0.05214402 -6.440585 -11.67635 1.518359 1.218391 0.3968547 20.55289 1.469339 0 0.0 0.052627275935739265 13.334852247577585 0.0 0.0
0.01113381 0.004235852 -1.378797 -1.970485 1.536155 1.466784 0.03003349 19.86408 nan 0 0.0 0.011912353557631003 2.4049724119902085 0.0 0.0
0.006110539 -0.02161216 -0.4755481 -5.477479 0.9461811 0.8295238 0.3877623 19.99557 0.5976849 0 0.0 0.02245938883264905 5.498083501626236 1.0 0.0
-0.09048365 0.02856846 -4.754459 -3.710773 1.618632 1.661705 0.3582032 20.48384 0.4137497 0 0.0 0.09488649969355019 6.031145549579284 0.0 0.0
0.04009428 0.01552665 -2.656179 -4.899325 0.4912406 0.3978081 0.2864299 19.25804 0.8768787 1 0.9872431 0.04299567593306215 5.573030803401862 1.0 1.0
-0.01480162 -0.001840853 -2.454578 -5.055563 0.2264176 0.1804024 0.2865511 17.96573 0.09835625 0 0.0 0.014915652663963752 5.6199350890426665 1.0 0.0
-0.08101452 0.0145128 -2.579945 -5.651359 1.042713 0.8356296 0.2303874 19.99368 0.763216 0 0.0 0.08230415429776557 6.212404908721421 0.0 0.0
0.005837686 0.01401187 -7.639287 -4.962764 2.42491 1.250274 -0.5035286 19.8019 nan 0 0.0 0.01517929770218293 9.109760281591663 0.0 0.0
0.01960843 -0.01902302 -5.6171 -6.72889 2.274108 2.183047 0.4221639 20.80452 0.4863682 0 0.0 0.02731969650243758 8.765259439520316 0.0 0.0
-0.01522609 -0.02458645 -1.653233 -5.02072 0.7070488 0.4842642 0.2581108 19.48441 0.919735 0 0.0 0.028919324685936217 5.285906608207243 1.0 0.0
-0.004421359 -0.004148017 -1.777848 -5.005785 0.242337 0.2181679 0.3245677 17.23019 0.8252726 0 0.0 0.006062545706151006 5.3121207608006245 1.0 0.0
0.04959709 0.01079454 -1.414212 -6.021359 0.2235684 0.2071971 0.3653782 17.88187 0.940052 1 0.0 0.050758185845040805 6.185204910738609 1.0 0.0
0.01863821 0.02240074 -4.619146 -6.53356 1.205216 0.7165223 0.07430848 19.87566 nan 0 0.0 0.029140624985605577 8.001494613065487 0.0 0.0
0.03800656 0.01139134 -2.503925 -4.62649 0.05321943 0.04054894 0.2101039 15.15075 1.220012 1 0.9989957 0.039676960947496974 5.260613094091315 1.0 1.0
0.01863871 0.01065719 -3.634777 -4.49031 1.147707 0.9769413 -0.002701797 20.13254 1.208155 0 0.0 0.021470379809407192 5.777065668298137 1.0 0.0
-0.0480972 -0.05747678 -1.440542 -4.572627 0.4950358 0.3669544 0.2344467 18.8551 0.897068 0 0.0 0.07494611989294976 4.794171350180655 0.0 0.0
-0.0002450278 -0.03201297 -2.210422 -4.578047 0.7173037 0.617827 0.3538452 19.78605 0.7420254 0 0.0 0.03201390770967632 5.083746625501019 1.0 1.0
0.001601046 -0.001889736 -6.089175 -6.43294 0.9788396 0.6039369 0.3386062 15.96002 nan 0 0.0 0.0024767822762229224 8.857808375903433 0.0 0.0
0.03155851 0.04170527 -2.467812 -4.672362 0.1085737 0.09317823 0.3465636 16.58176 1.189018 1 0.9976303 0.05229980018310777 5.284038486459765 1.0 0.0
-0.0159819 -0.002280932 -2.923155 -12.19028 1.820719 1.4189 0.03856665 20.1694 nan 0 0.0 0.016143846456115222 12.53585903049428 0.0 0.0
-0.01117 -0.0004299987 -1.248873 -3.805518 0.5252504 0.4590165 0.3278832 19.23439 0.8419819 0 0.0 0.011178273519734685 4.005202993414066 1.0 0.0
0.02502513 -0.008051195 -0.4623883 -4.701357 1.06494 0.8418197 0.196625 19.90733 0.7102261 0 0.0 0.026288379037987964 4.724040704886643 1.0 0.0
0.004173169 0.0245571 -1.707836 -4.583884 3.095134 2.278814 0.2116269 20.64981 0.7958488 0 0.0 0.02490916497822761 4.891696671744069 1.0 0.0
-0.004814875 -0.01258469 -3.401813 -6.606363 2.090582 2.124667 0.07687844 20.41466 nan 0 0.0 0.01347432535089327 7.430771411821117 1.0 0.0
0.01942493 0.02420894 -3.95618 -5.117247 1.423968 0.935803 0.2355944 20.35416 0.6450386 0 0.0 0.031038696516260154 6.468197357178351 1.0 0.0
0.02786867 0.01166142 -0.5578461 -3.824237 0.7265002 0.5956313 0.1569852 19.66939 0.4727535 0 0.0 0.030210122210697857 3.8647096790644198 1.0 0.0
-0.0466446 -0.05950016 -3.004233 -5.401525 0.4116032 0.3025442 0.2523201 18.80039 0.6688442 1 0.8197928 0.07560415166633114 6.180767609602711 0.0 0.0
0.02475293 -0.011195 -1.945688 -4.083394 0.8502859 1.026097 0.5338597 19.26949 nan 0 0.0 0.027166810055376394 4.5232519665148 1.0 0.0
0.007986343 0.01151041 -2.259509 -3.991944 0.202339 0.151452 0.2525465 17.43198 0.9827099 0 0.0 0.014009682825879713 4.5870467427547545 1.0 0.0
-0.0002752606 0.02006957 1.052265 -6.766852 1.5817 1.264107 0.3466109 20.46326 0.7795639 0 0.0 0.020071457555016086 6.848178416201566 1.0 0.0
0.00971155 -9.720093e-05 -5.392803 -6.4396 1.600909 1.905868 0.865055 19.76769 nan 0 0.0 0.009712036419994153 8.399450717565346 0.0 0.0
-0.01607217 0.01196744 -4.142392 -6.411776 0.7821645 0.7007656 0.4765947 19.70816 0.6068039 0 0.0 0.02003832000599102 7.633497426202487 1.0 0.0
0.004960332 -0.007925992 -2.691203 -5.280423 0.4673257 0.3260079 0.1188152 17.88996 0.8663616 0 0.0 0.00935020014407649 5.926671970519205 1.0 0.0
0.03068554 -0.02397815 -1.743708 -2.773497 3.362534 2.589542 0.3165466 20.8621 1.280386 0 0.0 0.038942958831014625 3.2760957248336013 0.0 0.0
0.008167932 0.01071648 9.920457 -5.729303 1.904763 1.118391 -0.07429054 19.77968 0.6673012 0 0.0 0.013474348101003774 11.456019376496272 0.0 0.0
0.009983822 0.004155239 7.94311 -9.581187 1.938548 1.348636 -0.2849517 19.73704 nan 0 0.0 0.01081400540386424 12.445567114481726 0.0 0.0
0.05545944 0.07826767 -4.652737 -8.209772 2.110738 2.108215 0.5984055 20.64121 0.855381 0 0.0 0.09592485419505468 9.436541627267532 0.0 0.0
0.01370667 -0.01269084 -0.9502948 -6.391703 0.8321399 0.6966649 0.4150452 19.95004 0.4182911 0 0.0 0.018679674044118116 6.461960031377171 1.0 0.0
-0.004360521 0.02728509 -2.335718 -4.740471 0.4463269 0.3557924 0.3686679 18.91619 1.008408 0 0.0 0.02763132786710659 5.284661188511994 1.0 1.0
0.026387 -0.008137423 -3.293888 -5.158211 0.2692752 0.2016074 0.2397914 18.2316 0.9972496 0 0.0 0.0276132472208708 6.120199251418617 1.0 0.0
0.01915262 0.02326193 -5.880124 -5.01783 1.001508 0.748005 0.1509068 19.9016 0.7450886 0 0.0 0.03013204673083626 7.730101950445156 0.0 0.0
