jas1101finalproject/data/gcs/NGC_6864_M_75.ecsv
# %ECSV 0.9
# ---
# datatype:
# - {name: x, unit: deg, datatype: float64}
# - {name: y, unit: deg, datatype: float64}
# - {name: pmx, unit: mas / yr, datatype: float64}
# - {name: pmy, unit: mas / yr, datatype: float64}
# - {name: pmx_e, unit: mas / yr, datatype: float64}
# - {name: pmy_e, unit: mas / yr, datatype: float64}
# - {name: pm_corr, datatype: float64}
# - {name: g_mag, unit: mag, datatype: float64}
# - {name: bp_rp, unit: mag, datatype: float64}
# - {name: filter, datatype: int64}
# - {name: memberprob, datatype: float64}
# - {name: r, unit: deg, datatype: float64}
# - {name: pm, unit: mas / yr, datatype: float64}
# - {name: member_prob_GMM, datatype: float64}
# - {name: member_prob_DB, datatype: float64}
# meta: !!omap
# - comments: [deg deg mas/yr mas/yr mas/yr mas/yr dimless mag   mag   zeroone float]
# - __serialized_columns__:
#     bp_rp:
#       __class__: astropy.units.quantity.Quantity
#       unit: &id001 !astropy.units.Unit {unit: mag}
#       value: !astropy.table.SerializedColumn {name: bp_rp}
#     g_mag:
#       __class__: astropy.units.quantity.Quantity
#       unit: *id001
#       value: !astropy.table.SerializedColumn {name: g_mag}
#     pm:
#       __class__: astropy.units.quantity.Quantity
#       unit: !astropy.units.Unit {unit: mas / yr}
#       value: !astropy.table.SerializedColumn {name: pm}
#     pmx:
#       __class__: astropy.units.quantity.Quantity
#       unit: !astropy.units.Unit {unit: mas / yr}
#       value: !astropy.table.SerializedColumn {name: pmx}
#     pmx_e:
#       __class__: astropy.units.quantity.Quantity
#       unit: !astropy.units.Unit {unit: mas / yr}
#       value: !astropy.table.SerializedColumn {name: pmx_e}
#     pmy:
#       __class__: astropy.units.quantity.Quantity
#       unit: !astropy.units.Unit {unit: mas / yr}
#       value: !astropy.table.SerializedColumn {name: pmy}
#     pmy_e:
#       __class__: astropy.units.quantity.Quantity
#       unit: !astropy.units.Unit {unit: mas / yr}
#       value: !astropy.table.SerializedColumn {name: pmy_e}
#     r:
#       __class__: astropy.units.quantity.Quantity
#       unit: &id002 !astropy.units.Unit {unit: deg}
#       value: !astropy.table.SerializedColumn {name: r}
#     x:
#       __class__: astropy.units.quantity.Quantity
#       unit: *id002
#       value: !astropy.table.SerializedColumn {name: x}
#     y:
#       __class__: astropy.units.quantity.Quantity
#       unit: *id002
#       value: !astropy.table.SerializedColumn {name: y}
# schema: astropy-2.0
x y pmx pmy pmx_e pmy_e pm_corr g_mag bp_rp filter memberprob r pm member_prob_GMM member_prob_DB
[from data line 1791]
-0.05318026 -0.01289169 -3.981272 -6.872025 2.286439 1.887661 0.2661385 20.48224 0.3724918 0 0.0 0.05472052379796542 7.9419930961068586 0.0 0.0
-0.02136079 -0.01715773 -0.9548065 -4.802219 2.426618 2.089585 0.5993422 20.49779 0.8100357 0 0.0 0.027398376743467852 4.896219232877879 0.0 0.0
-0.04138904 0.03342074 -1.595456 -21.79831 0.6894716 0.4946405 0.2984264 19.27385 1.090256 0 0.0 0.05319773016087435 21.856619105068287 0.0 0.0
0.04344922 -0.06518597 3.377586 -1.360355 2.005613 1.779503 0.475303 20.50592 0.8048534 0 0.0 0.07833929667446153 3.6412433197221246 0.0 0.0
-0.0487792 0.03113149 -9.54727 -21.18784 3.849199 3.401954 0.315918 20.95861 0.8226566 0 0.0 0.05786691647444246 23.239512222043302 0.0 0.0
-0.03431442 -0.06396277 -0.6499122 -4.229848 2.492673 1.420036 0.3918879 20.32229 0.9208946 0 0.0 0.07258591713279718 4.2794859470283155 0.0 0.0
-0.01091511 -0.0188312 -8.801517 1.775026 3.628972 1.719616 -0.1412912 20.44558 nan 0 0.0 0.021765884308984552 8.97872033209438 0.0 0.0
0.009521983 -0.03154548 0.1193321 -2.551236 0.7791525 0.5513732 0.3349817 19.46873 1.011494 0 0.0 0.03295125898478978 2.55402530875996 0.0 0.0
0.008759423 -0.004394328 0.5075654 -1.906986 0.2621673 0.173071 0.3955013 17.30731 1.05657 0 0.0 0.009799878053553167 1.9733773687445493 0.0 0.0
-0.004970905 -0.008723826 8.472892 -1.292552 0.9036562 0.5423276 0.2909166 18.5956 0.6930981 0 0.0 0.010040669130954421 8.570915325469503 0.0 0.0
0.005475454 -0.003825774 -5.799952 -9.615231 1.21785 0.8257927 0.6268712 17.63201 nan 0 0.0 0.0066796065157456695 11.229074333428601 0.0 0.0
-0.04657739 0.05239535 -7.357351 -1.488515 1.028216 0.7667353 0.4145636 19.63915 1.321384 0 0.0 0.07010510652466481 7.506416631284598 0.0 0.0
-0.006415014 -0.001416832 0.9779001 -3.502044 0.3969593 0.2788751 0.335262 17.42264 nan 0 0.0 0.00656961319534263 3.636014409145818 0.0 0.0
-0.02189723 -0.0262902 -3.816514 -0.603301 3.670145 1.672399 -0.1379872 20.56991 0.758173 0 0.0 0.034214957222140435 3.8639036231248056 0.0 0.0
-0.001177441 -0.009210118 -1.2202 -5.223552 1.119905 0.7342788 0.7651048 17.86002 nan 0 0.0 0.00928507624537381 5.364175941997428 0.0 0.0
-0.05478837 0.04650253 -1.009133 -2.792302 0.5006121 0.3498336 0.3077725 18.85413 1.219383 1 0.9783322 0.07186272179411103 2.96905706763831 0.0 0.0
-0.03583709 0.02677323 -6.292145 -3.083699 2.934146 2.385253 0.3985199 20.72748 0.7432728 0 0.0 0.04473368824835484 7.007159782938162 0.0 0.0
-0.03243171 -0.005734804 -2.736732 -2.159487 1.029061 0.6356724 0.02558825 19.1464 0.9408665 0 0.0 0.0329348415882408 3.4861276716427065 0.0 0.0
-0.0008943907 -0.002370364 12.36038 -7.730774 0.5868613 0.3494278 0.2497058 15.17423 nan 0 0.0 0.0025334877573697664 14.578884058235596 0.0 0.0
-0.06633888 0.03747014 -1.47399 -2.658968 1.457757 1.076278 0.3831027 20.22971 0.8393421 0 0.0 0.07618962128317741 3.040190346857249 0.0 0.0
0.01073858 -0.0383033 1.575577 -0.5036835 3.298753 2.495857 0.4055623 20.89838 0.5704842 0 0.0 0.03978014443546428 1.6541281543765736 0.0 0.0
-0.02362839 0.0008339311 -2.026159 -4.27678 2.260168 2.289527 0.7325637 20.38902 0.6168022 0 0.0 0.02364310163814484 4.732458923401342 0.0 0.0
-0.04399359 -0.06034529 -0.1450627 -3.845018 1.9851 1.231414 0.2289317 20.17709 0.766037 0 0.0 0.07467924736010802 3.8477534493851464 0.0 0.0
0.00561699 -0.0042206 -6.591955 -1.158363 1.562865 1.178797 0.4616366 18.49853 nan 0 0.0 0.007025954811988189 6.692957161210132 1.0 0.0
0.002955899 -0.0005317079 -1.7034 -3.256902 0.5577736 0.3431927 0.2292819 13.81913 1.171561 0 0.0 0.0030033401720623337 3.675456733197114 0.0 0.0
-0.04922408 -0.07431642 -1.886151 -3.124297 0.3156389 0.2172792 0.3476559 18.16085 0.9806309 1 0.06427581 0.0891400041141058 3.6494927509189545 0.0 0.0
-0.01611774 -0.07106442 0.9242315 -2.497387 1.117042 0.8462985 0.3869751 20.01029 0.00658226 0 0.0 0.07286928936557567 2.66292051953513 0.0 0.0
-0.06406756 -0.03840506 -6.842906 4.13955 0.1827651 0.1249024 0.3104719 17.06596 1.100782 1 0.0 0.07469672601899764 7.997576928503783 0.0 0.0
0.03127969 -0.07120427 -6.563169 -8.841798 0.8448767 0.5858178 0.3327689 19.6609 1.056566 0 0.0 0.07777189127653383 11.011474887378393 0.0 0.0
0.007683348 -0.009683343 -1.721622 -4.512177 0.3723424 0.2533467 0.2920814 18.09304 nan 0 0.0 0.012361268872763549 4.829464110045027 0.0 0.0
-0.03612266 -0.07518796 1.403773 -9.867441 0.1797416 0.12212 0.3320883 17.11861 1.282383 1 0.0 0.08341508193628536 9.966793392260621 0.0 0.0
-0.01414257 -0.01461433 -0.5385344 -2.919164 0.09036897 0.05607152 0.1900585 15.74353 1.521711 1 0.9995917 0.02033693505801206 2.9684234466934396 0.0 0.0
-0.0167495 0.007243598 -1.020916 -2.297583 0.7922438 0.5504871 0.553677 19.08676 0.9452648 0 0.0 0.018248711248622575 2.514191146461422 0.0 0.0
-0.002338164 -0.006656193 1.125166 -0.2126991 0.6668298 0.4198908 0.0614013 16.42199 1.102475 0 0.0 0.0070549214130382065 1.145093635776922 0.0 0.0
-0.01819058 -0.01514694 -0.1826381 -4.209249 3.547231 1.889188 0.01643522 20.62578 0.5352612 0 0.0 0.023671227093245505 4.213209444066673 0.0 0.0
-0.01720242 0.006637007 -0.1669199 -3.168336 0.6970028 0.53896 0.5698749 19.12052 nan 0 0.0 0.018438359899254842 3.1727299383830343 0.0 0.0
-0.01827722 -0.001755461 -0.4612523 -2.880419 0.201205 0.1375396 0.329701 17.50027 1.2365 0 0.0 0.018361329316008715 2.917116264363882 0.0 0.0
-0.03701001 -0.03615241 -0.4678721 -2.708576 0.198519 0.1347905 0.3110609 17.45862 1.317982 1 0.9986792 0.05173719734396327 2.7486884599267354 0.0 0.0
-0.009981635 -0.009229537 -0.6787326 -2.818031 0.09329192 0.06589981 0.3544331 15.95701 1.390883 0 0.0 0.013594755992940587 2.898616335299268 0.0 0.0
-0.08924679 -0.01063427 -2.101604 -6.291745 0.4484808 0.322142 0.3500096 18.75257 0.9486332 1 0.0 0.08987812427802998 6.6334602220742225 0.0 0.0
-0.02105475 0.01901518 -1.377599 -3.42278 0.6969825 0.4941755 0.3370444 19.35401 0.9324684 0 0.0 0.028370399503618204 3.6896072871243355 0.0 0.0
-0.01942831 -0.07234085 -3.069907 -5.460645 2.153714 1.7003 0.2628845 20.64925 0.4183464 0 0.0 0.07490432436233972 6.264421186723799 0.0 0.0
-0.02916514 -0.05895293 -1.362218 -2.539744 0.4288227 0.297282 0.3440542 18.70255 1.136578 0 0.0 0.06577274014973453 2.8820023360608156 0.0 0.0
0.00805174 -0.003104918 1.456892 -3.525446 0.4021603 0.3463238 0.4084836 17.32079 nan 0 0.0 0.00862966006365975 3.814617123458133 0.0 0.0
0.05391847 -0.0680048 -0.7516691 -4.39472 2.119468 1.680837 0.6260235 20.438 0.9623737 0 0.0 0.08678625599817578 4.458539033617942 0.0 0.0
-0.009584764 -0.017248 -3.054916 -2.085572 1.807294 1.111399 -0.11744 19.89698 nan 0 0.0 0.019732237707257023 3.698935297384911 0.0 0.0
-0.0208734 -0.05903539 -0.4813631 -2.697005 0.2029987 0.1373275 0.2925513 17.4927 1.061716 1 0.997827 0.06261689947619652 2.739625230586587 0.0 0.0
-0.03980747 -0.05269178 -0.8233913 -2.774195 2.391473 1.542385 0.3646269 20.32245 1.413809 0 0.0 0.06603830969497401 2.893809104094583 0.0 0.0
-0.01649111 -0.02359057 -0.7751772 -2.764609 0.3313885 0.2225298 0.1011711 18.02549 0.3017654 0 0.0 0.028783184360959786 2.8712301569677137 0.0 0.0
-0.05885671 0.02275824 -0.6828436 -2.808623 0.2131617 0.1549938 0.3969867 17.46249 1.136143 1 0.9975916 0.06310348484768254 2.890439160091414 0.0 0.0
-0.00497079 -0.012014 -2.69036 -1.572951 0.9820806 0.6266351 0.2959768 18.6953 1.007912 0 0.0 0.013001728701372752 3.1164421666382647 0.0 0.0
-0.05642256 0.02527883 5.553001 -3.626369 0.272523 0.1970025 0.4028158 17.88557 1.18096 1 0.0 0.061826568100797084 6.632222269357534 0.0 0.0
0.02055681 -0.05969529 13.37606 -9.021847 1.877473 1.540274 0.5337224 20.49594 0.779789 0 0.0 0.06313564829444772 16.13420913509581 0.0 0.0
0.02853598 -0.06573533 2.001947 -2.073265 3.487151 4.244086 0.6782439 20.86882 1.476545 0 0.0 0.07166195479310691 2.8820512748794047 0.0 0.0
-0.02954418 -0.005310744 -2.725114 -4.83966 1.200414 1.049901 0.445402 19.71731 nan 0 0.0 0.03001770433770604 5.554147569933302 0.0 0.0
-0.01066129 -0.006156848 -0.3966633 -2.695989 0.1066534 0.07091966 0.2814693 15.92682 1.467085 0 0.0 0.012311372050230794 2.72501347917545 0.0 0.0
-0.01111578 0.01347736 -0.3676393 -3.02061 0.2579899 0.1623009 0.2412401 17.67952 0.4025536 0 0.0 0.017469968448111176 3.0429004957448886 0.0 0.0
-0.01994479 -0.02147004 -1.397067 -2.966142 0.3665486 0.2326739 0.3330376 17.85786 1.206703 0 0.0 0.029304560493986255 3.278687933709611 0.0 0.0
-0.02370985 -0.01999051 -0.7877494 -2.186235 2.882084 2.710481 0.3978494 20.63316 0.4495583 0 0.0 0.031012537417673517 2.323827143404896 0.0 0.0
0.003550269 -0.007010985 1.191947 -1.559811 0.9591284 0.6584859 0.3876828 18.46673 nan 0 0.0 0.007858646234726818 1.9630965352040128 0.0 0.0
-0.02694226 0.008479903 -0.5147123 -2.53488 0.4330259 0.3503565 0.5073666 18.50368 1.036751 0 0.0 0.02824524966781156 2.586608854498741 0.0 0.0
-0.02728478 0.0229261 -1.641573 1.713171 0.363801 0.2566034 0.3442331 18.45123 1.136274 1 0.0 0.03563797526317117 2.372702423307651 0.0 0.0
-0.02260622 -0.01782359 -4.390034 -2.631473 0.6066639 0.4303656 0.3324993 19.09082 1.166363 0 0.0 0.028787524089030302 5.1183052537812745 0.0 0.0
0.01936768 -0.06381118 -1.760874 -3.348196 1.652637 1.340488 0.57064 20.37713 0.7886581 0 0.0 0.06668563354707518 3.783000620974308 0.0 0.0
0.003040887 0.002062284 2.737371 5.353372 1.017218 0.8894217 0.5790133 17.08237 nan 0 0.0 0.0036742358448288263 6.012636007777704 0.0 0.0
0.01801449 -0.02327413 -1.423183 -5.102196 1.149722 0.894614 0.347327 19.83094 0.4759426 0 0.0 0.029431394415096953 5.296966478457741 0.0 0.0
-0.01151065 -0.005399696 -0.7324387 -3.580554 0.3832127 0.2843373 0.2786228 17.74306 0.5492153 0 0.0 0.012714235341337522 3.654700178697794 0.0 0.0
-0.004291749 0.0002216608 -1.000842 -3.082937 0.3612906 0.3512926 0.455962 16.38262 nan 0 0.0 0.004297469370368757 3.241324614248471 0.0 0.0
-0.005648178 -0.062883 3.736251 -8.967751 0.9718901 0.7381188 0.3944927 19.83368 1.809752 0 0.0 0.06313615132172441 9.714943619651223 0.0 0.0
0.0002944655 -0.0949473 15.20828 -8.64261 3.146274 2.322245 0.1601367 20.92843 1.39583 0 0.0 0.09494775662026296 17.492469470332082 0.0 0.0
-0.02088404 0.01346101 -0.3040694 -2.656924 0.3342981 0.2086442 0.3270747 17.97683 1.201078 0 0.0 0.024846366272388804 2.6742668793133495 0.0 0.0
-0.006697566 -0.01325766 -1.293661 -4.458175 0.831537 0.4644088 -0.004616529 18.59612 0.9715176 0 0.0 0.014853381399531757 4.642077456650847 0.0 0.0
-0.01037686 -0.02435484 -4.564627 -2.963254 2.660562 1.500806 0.3150672 20.39456 0.7936554 0 0.0 0.026473334789655797 5.442122188783067 0.0 0.0
-0.01719947 -0.01782092 -1.784301 -1.874433 1.260842 0.9963771 0.1434735 19.99676 nan 0 0.0 0.02476705388065565 2.58790052553996 0.0 0.0
0.004739139 -0.01117667 -2.187279 -3.649244 1.190955 0.7520866 0.4122219 19.39211 nan 0 0.0 0.012139909009140925 4.254547119891493 0.0 0.0
-0.09830636 -0.009633153 -5.654658 -6.696117 0.1202114 0.07872791 0.2683467 16.5437 1.295045 1 0.0 0.0987772142407904 8.764310581822908 0.0 0.0
0.02876578 -0.04886489 1.121944 -2.387471 1.159823 0.8306184 0.4129194 20.0916 1.1651 0 0.0 0.05670315311973841 2.637949225246195 0.0 0.0
-0.005282639 0.0001834805 -2.374583 -4.35333 0.8486258 0.9295936 0.6740015 18.03901 nan 0 0.0 0.005285824429377243 4.958843263583655 0.0 0.0
-0.01015289 0.01034748 -1.7858 -3.44649 1.521568 1.236883 0.4885335 19.90265 nan 0 0.0 0.014496603660944171 3.8816716708268877 0.0 0.0
-0.003526907 -0.01754909 4.832055 -7.75519 1.471989 0.9750596 0.2397286 19.04164 0.9896049 0 0.0 0.017899989743425805 9.137380776739306 0.0 0.0
-0.04210097 0.0469093 1.891537 -7.267351 0.2177135 0.1533205 0.3228659 17.60455 1.033348 1 0.0 0.06303153259624028 7.509480859524844 0.0 0.0
-0.04156322 0.04809583 0.4593667 -2.791818 1.010491 0.8664934 0.4817855 19.78289 1.038914 0 0.0 0.06356658021442793 2.82935779112379 0.0 0.0
-0.01952327 0.0009833264 -0.004385894 1.751149 1.02449 0.7008296 0.3281108 17.45431 1.206285 0 0.0 0.01954801786120109 1.7511544924041338 0.0 0.0
0.02412072 -0.07021869 2.887487 0.8661437 0.4355759 0.3162885 0.369165 18.66711 1.353155 1 0.0 0.07424603395895635 3.0145955092215426 0.0 0.0
-0.04911682 0.02478753 -3.324685 -5.157255 1.147683 0.87591 0.5272259 19.80995 1.013254 0 0.0 0.05501712142972676 6.136025544621698 0.0 0.0
-0.02065734 0.01208775 -0.5238872 -2.536365 0.4382442 0.2679188 0.4852936 18.39118 0.877615 0 0.0 0.023934063506602887 2.5899044792325525 0.0 0.0
-0.0584238 -0.06603629 1.09181 -1.8221 0.1828929 0.1307601 0.3369782 17.31377 1.143866 1 0.0 0.08817103834822464 2.1241698345706728 0.0 0.0
-0.0269978 0.002742588 -0.9599842 -3.223494 0.8863448 0.6806727 0.3357007 19.7058 0.9854641 0 0.0 0.027136746189949598 3.363403519098718 0.0 0.0
-0.01380215 -0.02202626 -0.01384319 -2.678019 0.2274081 0.1483647 0.304394 17.49197 1.017529 1 0.9948827 0.025993373659648336 2.6780547788031472 0.0 0.0
-0.01182085 -0.01992609 1.292429 -1.971608 3.211664 1.776077 -0.02586896 20.56843 0.3833065 0 0.0 0.023168546726340004 2.357458552277219 0.0 0.0
-0.0050273 -0.01506004 -0.4782473 -2.489678 0.5950867 0.3314349 -0.0234038 18.6564 0.7823696 0 0.0 0.015876981768950926 2.5351956578617934 0.0 0.0
-0.001007689 0.005478375 0.3140218 -3.479069 0.6671538 0.3392454 -0.1220445 17.38513 nan 0 0.0 0.00557028094097111 3.4932121031560963 0.0 0.0
-0.04314925 0.04832805 -2.074321 -3.017743 1.788733 1.080914 0.131003 20.06076 0.7106533 0 0.0 0.06478779354450188 3.661909396078772 0.0 0.0
-0.0007810654 -0.01742125 -5.259308 -1.338352 2.498395 0.777097 -0.6326907 19.26056 nan 0 0.0 0.017438750377294157 5.42692424074337 0.0 0.0
-0.03948913 0.0239532 -0.6363195 -2.553569 0.2028086 0.1441822 0.2652889 17.42839 1.097775 1 0.9969896 0.0461860063049069 2.6316567298645257 0.0 0.0
-0.01813261 -0.02573081 -1.458135 -1.685236 2.12205 1.138442 -0.04826841 20.23023 0.9545345 0 0.0 0.031478026124079 2.228492327543669 0.0 0.0
-0.006074653 -0.01620831 -3.337389 -4.650154 2.244959 1.260268 0.1938772 20.09739 nan 0 0.0 0.01730926694364926 5.723818442354457 0.0 0.0
-0.0829688 -0.04779707 6.682769 0.460818 1.24841 0.8744387 0.351976 19.94487 2.052244 0 0.0 0.09575166669058507 6.698638274790258 0.0 0.0
-0.004914486 -0.002933114 0.1855461 -3.473976 0.277459 0.1755571 0.2198063 15.61432 1.208747 0 0.0 0.005723227269748424 3.478927507695613 0.0 0.0
0.03134633 -0.02565682 -10.27938 -16.36473 1.928085 1.536064 0.5481542 19.97493 1.088535 0 0.0 0.0405075896219622 19.32537298882741 0.0 0.0
-0.04079561 0.0377525 -5.186092 -5.519098 0.3004072 0.2105037 0.3366689 18.1238 1.252348 1 0.0 0.055583568179112974 7.573373948648515 0.0 0.0
0.006381425 -0.002965597 1.600601 0.2499905 0.6538356 0.5743834 0.5279681 17.23213 1.01006 0 0.0 0.00703685658494146 1.6200058059436855 0.0 0.0
0.0007473541 -0.0545001 -3.912716 -7.265231 1.818683 1.409305 0.541711 20.39445 0.8341541 0 0.0 0.054505223952945894 8.251843913939295 0.0 0.0
-0.01074534 -0.01778596 -4.710544 -2.428376 1.81157 1.176993 0.1119252 19.876 0.9444027 0 0.0 0.020779862964832082 5.2996447780310705 0.0 0.0
-0.005253491 -0.02248536 -3.981037 -3.99268 1.781949 1.393441 0.3876431 20.47776 nan 0 0.0 0.023090919904080933 5.638275372644458 0.0 0.0
0.001228857 -0.00846816 -0.7395707 -2.609656 0.3589892 0.2298581 0.2896142 17.73707 nan 0 0.0 0.008556858261771607 2.7124286642480553 0.0 0.0
0.002616129 -0.002543954 0.6883638 -4.182765 0.7675903 0.4459111 0.3181419 15.22501 0.9988194 0 0.0 0.0036490865841682903 4.239029106573278 0.0 0.0
0.04113514 -0.04318784 -1.756739 -0.6978602 2.588503 1.593354 0.03356693 20.74445 0.8087158 0 0.0 0.059643015238041074 1.8902753166840645 0.0 0.0
0.001200549 -0.008250722 -0.3187827 -2.442733 0.1672862 0.1120689 0.2827754 16.93608 1.058113 0 0.0 0.00833760945491482 2.4634461469876485 0.0 0.0
-0.003782311 0.006359523 0.07588012 -2.747998 0.2501493 0.1724613 0.3545331 17.00402 1.043261 0 0.0 0.0073992843767657695 2.7490454344399646 0.0 0.0
0.03929374 -0.04946631 -2.825954 -16.07525 2.268375 1.511617 -0.051347 20.56188 2.346354 0 0.0 0.06317367986910134 16.321754763891533 0.0 0.0
