jas1101finalproject/data/gcs/NGC_288.ecsv
# %ECSV 0.9
# ---
# datatype:
# - {name: x, unit: deg, datatype: float64}
# - {name: y, unit: deg, datatype: float64}
# - {name: pmx, unit: mas / yr, datatype: float64}
# - {name: pmy, unit: mas / yr, datatype: float64}
# - {name: pmx_e, unit: mas / yr, datatype: float64}
# - {name: pmy_e, unit: mas / yr, datatype: float64}
# - {name: pm_corr, datatype: float64}
# - {name: g_mag, unit: mag, datatype: float64}
# - {name: bp_rp, unit: mag, datatype: float64}
# - {name: filter, datatype: int64}
# - {name: memberprob, datatype: float64}
# - {name: r, unit: deg, datatype: float64}
# - {name: pm, unit: mas / yr, datatype: float64}
# - {name: member_prob_GMM, datatype: float64}
# - {name: member_prob_DB, datatype: float64}
# meta: !!omap
# - comments: [deg deg mas/yr mas/yr mas/yr mas/yr dimless mag   mag   zeroone float]
# - __serialized_columns__:
#     bp_rp:
#       __class__: astropy.units.quantity.Quantity
#       unit: &id001 !astropy.units.Unit {unit: mag}
#       value: !astropy.table.SerializedColumn {name: bp_rp}
#     g_mag:
#       __class__: astropy.units.quantity.Quantity
#       unit: *id001
#       value: !astropy.table.SerializedColumn {name: g_mag}
#     pm:
#       __class__: astropy.units.quantity.Quantity
#       unit: !astropy.units.Unit {unit: mas / yr}
#       value: !astropy.table.SerializedColumn {name: pm}
#     pmx:
#       __class__: astropy.units.quantity.Quantity
#       unit: !astropy.units.Unit {unit: mas / yr}
#       value: !astropy.table.SerializedColumn {name: pmx}
#     pmx_e:
#       __class__: astropy.units.quantity.Quantity
#       unit: !astropy.units.Unit {unit: mas / yr}
#       value: !astropy.table.SerializedColumn {name: pmx_e}
#     pmy:
#       __class__: astropy.units.quantity.Quantity
#       unit: !astropy.units.Unit {unit: mas / yr}
#       value: !astropy.table.SerializedColumn {name: pmy}
#     pmy_e:
#       __class__: astropy.units.quantity.Quantity
#       unit: !astropy.units.Unit {unit: mas / yr}
#       value: !astropy.table.SerializedColumn {name: pmy_e}
#     r:
#       __class__: astropy.units.quantity.Quantity
#       unit: &id002 !astropy.units.Unit {unit: deg}
#       value: !astropy.table.SerializedColumn {name: r}
#     x:
#       __class__: astropy.units.quantity.Quantity
#       unit: *id002
#       value: !astropy.table.SerializedColumn {name: x}
#     y:
#       __class__: astropy.units.quantity.Quantity
#       unit: *id002
#       value: !astropy.table.SerializedColumn {name: y}
# schema: astropy-2.0
x y pmx pmy pmx_e pmy_e pm_corr g_mag bp_rp filter memberprob r pm member_prob_GMM member_prob_DB
0.03223629 -0.09917782 8.165521 -1.95756 1.814395 1.535032 0.478038 20.6429 0.5568867 0 0.0 0.10428527399837668 8.39689075521654 0.0 0.0
0.04418918 -0.08787506 1.890554 -6.836007 2.397357 1.834042 0.2715639 20.85893 0.7887325 0 0.0 0.09836010267926727 7.092614900793994 0.0 0.0
-0.01342629 -0.1234126 4.554278 -5.413797 0.3054473 0.2291373 0.3355877 18.40618 0.7168579 1 0.9997504 0.12414078742268433 7.074648122591893 0.0 0.0
-0.04029981 -0.1505184 4.077887 -5.429994 0.2907709 0.2133841 0.3154189 18.27096 0.8202744 1 0.9995522 0.15581997119944574 6.79072876978642 0.0 0.0
0.002149829 -0.1228492 3.92613 -5.500552 0.3769954 0.2659064 0.3108483 18.69597 0.7226105 1 0.9996733 0.12286800928382148 6.758000375969507 0.0 0.0
-0.05401055 -0.1499824 0.2181392 0.1226772 1.201476 1.00629 0.3768582 20.36688 0.9660397 0 0.0 0.15941097773071494 0.2502686675884139 0.0 0.0
-0.0779265 -0.1503052 4.469867 -5.342527 0.4469913 0.3202991 0.378928 18.98081 0.6854305 1 0.9991273 0.1693050281276076 6.965795413548835 0.0 0.0
-0.0571485 -0.1785616 6.877214 5.116371 0.7503571 0.4980369 0.3103525 17.56676 2.512339 0 0.0 0.1874838554297676 8.57165821830508 0.0 0.0
0.06503613 -0.1084634 4.735842 -5.397675 1.098066 0.9583736 0.326365 20.30677 0.7079773 1 0.997863 0.12646741613924473 7.180744728410069 0.0 0.0
-0.06360701 -0.1518031 4.358522 -5.640461 0.3627096 0.2791771 0.387011 18.66586 0.6999092 1 0.9995828 0.1645905006090877 7.128219575532519 0.0 0.0
-0.008544691 -0.1568459 4.226772 -5.822505 0.3799496 0.2833579 0.3423877 18.7293 0.6514797 1 0.9995515 0.15707847749165219 7.194940306563287 0.0 0.0
0.01950001 -0.156256 4.193016 -5.39875 0.5185374 0.4033733 0.3354468 19.22731 0.7126579 1 0.9991209 0.15746805366803804 6.835779746214472 0.0 0.0
0.06303343 -0.1122178 3.356106 -6.029574 0.9200464 0.7110208 0.3796793 20.00205 0.795887 1 0.9981563 0.12870916025833165 6.900667366618391 0.0 0.0
-0.01607951 -0.1457022 5.421569 -5.157514 1.877916 1.628189 0.3639683 20.69869 1.037638 0 0.0 0.14658677200443465 7.482871179029945 0.0 0.0
0.01940644 -0.1306251 3.714994 -5.757978 1.211376 1.127194 0.3492814 20.41887 0.7347527 1 0.9970359 0.13205880002288223 6.85240768405675 0.0 0.0
0.0563361 -0.1061013 3.846431 -6.592414 1.040944 0.8712857 0.370853 20.22152 0.7079144 1 0.9976778 0.12013010457374954 7.632493287593314 0.0 0.0
0.01752009 -0.09908116 4.011716 -6.960635 0.9727813 0.8841027 0.3523357 20.1903 0.6785316 0 0.0 0.10061823801157373 8.033947029193122 0.0 0.0
0.006231834 -0.1792513 4.261449 -5.011226 1.346864 1.229325 0.4347805 20.39876 0.6526699 0 0.0 0.17935959496690873 6.578170992204216 0.0 0.0
-0.09678266 -0.1008622 4.727144 -6.314817 1.019428 0.6591923 0.3970945 19.96369 0.5422096 1 0.9965002 0.1397857884962402 7.88814326316561 0.0 0.0
-0.1343606 -0.1400789 0.3223792 -4.786348 1.475643 1.234353 0.4121643 20.60413 0.7630959 1 0.5727331 0.19410015213175388 4.797192462857483 0.0 0.0
0.04471754 -0.1400125 -0.3016374 -4.387321 2.015238 1.662427 0.2897153 20.82313 0.1412735 0 0.0 0.14698012974515162 4.3976778733917925 0.0 0.0
0.0368228 -0.1375721 15.79858 0.9413384 0.8174668 0.6272648 0.378494 19.85352 2.213316 1 0.0 0.14241489142027952 15.82659938204397 0.0 0.0
-0.02244264 -0.1439199 4.280647 -6.006629 0.7081918 0.4759501 0.324277 19.51383 0.696043 1 0.9987627 0.14565922458320174 7.375874909612419 0.0 0.0
-0.1053922 -0.1415706 4.469756 -5.771854 0.429514 0.3194506 0.382051 18.79877 0.6870689 1 0.9991202 0.17649291941944867 7.30020666124268 0.0 0.0
0.0309551 -0.09768783 3.621963 -4.85052 1.133394 0.9827559 0.3356036 20.27682 1.007652 1 0.9977465 0.10247502303546412 6.053607209240537 0.0 0.0
-0.08560835 -0.1435473 4.008078 -5.386466 0.4599398 0.322187 0.3607516 19.07321 0.6005783 1 0.9989486 0.16713652182276767 6.714067710653506 0.0 0.0
-0.153215 -0.07079153 1.663865 -5.528893 0.6079214 0.4348757 0.3874965 19.2452 0.6493111 0 0.0 0.16877878108560002 5.773829279055105 0.0 0.0
0.04955048 -0.09758374 3.534638 -6.406298 1.008981 0.7868425 0.3158816 20.18643 0.6333141 0 0.0 0.1094433021277136 7.31671510008747 0.0 0.0
-0.06659195 -0.1422548 5.538377 -5.402336 0.8324384 0.6213798 0.4013624 19.94249 0.4286022 1 0.9953856 0.15706978044118639 7.736850396060724 0.0 0.0
-0.01631653 -0.1441019 4.387455 -5.553378 0.4550953 0.307759 0.2611954 18.88894 0.6247768 1 0.9995738 0.14502271110019596 7.077412563070561 0.0 0.0
0.02521505 -0.1402622 4.559841 -5.729221 0.2061929 0.152848 0.3440231 17.66385 0.9722557 1 0.9996201 0.142510643445823 7.322303135771012 0.0 0.0
0.0332843 -0.105377 4.689055 -5.584255 0.5342957 0.3845265 0.2995585 19.1953 0.7090149 1 0.999601 0.11050862751609035 7.29185440735414 0.0 0.0
0.06195888 -0.1062072 4.251107 -7.281976 1.100017 0.9404889 0.3281144 20.34214 0.4338531 0 0.0 0.12295882295587576 8.4320273475615 0.0 0.0
0.1028475 -0.08520813 4.109319 -5.548388 0.9151529 0.6805852 0.3497319 19.94744 0.7180462 1 0.9986196 0.13355910180271094 6.904426988701163 0.0 0.0
0.05465458 -0.1068844 3.937218 -5.655509 0.5591694 0.4037492 0.3157947 19.22814 0.6439075 1 0.9995567 0.12004748259891335 6.8910425647071 0.0 0.0
0.01310929 -0.1081443 5.256578 -5.137953 0.5456961 0.437303 0.2871207 19.28642 0.6467285 1 0.9983737 0.1089359587408772 7.350521974682683 0.0 0.0
0.006882488 -0.1073808 2.175933 -6.13306 1.973416 1.769291 0.4931198 20.75515 0.6242981 0 0.0 0.10760113777144804 6.5076193330655885 0.0 0.0
0.04417731 -0.1075188 2.053988 -6.007667 1.484434 1.197212 0.3534105 20.54498 0.8667545 0 0.0 0.11624081500177164 6.349088870620177 0.0 0.0
0.0704652 -0.1487764 1.217948 -3.149158 0.9283245 0.7082658 0.4121711 20.0473 0.5639801 1 5.688064e-05 0.16462005226581602 3.3764764829135117 0.0 0.0
0.08672638 -0.1405192 9.334253 -6.684476 3.10011 2.168683 0.3641172 20.79211 1.0028 1 0.9311235 0.16512755844057164 11.480875335207894 0.0 0.0
0.0242182 -0.1092333 4.534349 -5.678935 0.3445377 0.2636928 0.2376259 18.61005 0.6924534 1 0.9998018 0.1118858125060099 7.267091824659023 0.0 0.0
0.02263664 -0.110015 4.54001 -5.529068 0.3798706 0.293366 0.250828 18.77374 0.6824455 1 0.9997742 0.11231971196317056 7.154179460198352 0.0 0.0
0.01260558 -0.1017165 4.708723 -4.255046 1.066411 1.036975 0.2671151 20.26098 0.6819859 0 0.0 0.10249461946554268 6.346454817679316 0.0 0.0
0.1232574 -0.09955629 4.675122 -9.580407 1.886261 1.557799 0.4576098 20.64762 2.141148 0 0.0 0.15844191848536832 10.660251591802746 0.0 0.0
0.03004741 -0.1015423 4.199571 -5.549282 0.2320443 0.1676565 0.2921124 17.69172 0.9492226 1 0.9999353 0.10589469078758434 6.959233240779116 0.0 0.0
-0.02414126 -0.1392186 5.880131 -5.100706 0.828755 0.6014077 0.3367324 19.83569 0.7085838 1 0.9938142 0.14129621021226152 7.784159702600982 0.0 0.0
-0.123532 -0.1465669 4.92394 -5.937933 0.8733704 0.6632552 0.5928438 19.66863 nan 0 0.0 0.19168205758393247 7.713898718293429 0.0 0.0
-0.07881446 -0.1373626 5.343884 -6.044665 0.7466067 0.5938507 0.3673678 19.74451 0.6060753 1 0.9926922 0.15836730402406804 8.068151657454203 0.0 0.0
0.01539233 -0.1053846 4.384513 -5.43267 0.6635894 0.5390913 0.2756629 19.53899 0.6852837 1 0.9994902 0.10650275930692547 6.981250430694275 0.0 0.0
0.0225992 -0.1140795 3.933501 -4.913946 0.3545314 0.2736629 0.2408232 18.61752 2.078659 1 0.9928393 0.11629641508185022 6.294386023109562 0.0 0.0
-0.1013238 -0.1092203 3.308121 -6.125453 0.9181777 0.6926966 0.4127007 20.02748 0.5040607 1 0.9972237 0.1489818323774077 6.961669268634498 0.0 0.0
-0.1282881 -0.1105005 3.651014 -5.596131 0.4810287 0.3551835 0.3857498 19.10711 0.6886425 1 0.9984142 0.16931685415770042 6.681810039005674 0.0 0.0
-0.1254913 -0.1471489 4.07275 -5.362244 0.4932064 0.3497657 0.3478258 19.07404 0.6593838 1 0.998292 0.19339303282926196 6.733569133679107 0.0 0.0
-0.1378255 -0.0727022 -5.305583 -1.080816 2.314711 1.629151 0.5178823 20.58715 0.9640675 0 0.0 0.15582515308861403 5.4145520771108115 0.0 0.0
0.08022423 -0.1069757 3.705138 -6.32649 0.9404045 0.8056538 0.3360485 20.0685 0.7391815 1 0.9977722 0.1337150981362348 7.331611236225227 0.0 0.0
0.1046927 -0.09903426 3.81961 -5.939591 0.9629155 0.828934 0.3733795 20.09979 0.5439548 1 0.9977511 0.14411226903715588 7.0617392899611495 0.0 0.0
0.1652898 -0.08967773 6.000095 -0.4937233 1.042034 0.7368201 0.3474054 19.97121 1.352018 0 0.0 0.18805002856153172 6.020373967287073 0.0 0.0
0.0214142 -0.1041878 3.182542 -6.009464 1.681138 1.409281 0.2045961 20.63091 1.020168 0 0.0 0.10636571642441939 6.800164053099014 0.0 0.0
0.0157652 -0.1140307 3.389559 -4.736345 0.8500817 0.67753 0.3124329 19.86667 0.7954407 0 0.0 0.11511534247670899 5.82426597722889 0.0 0.0
0.1635462 -0.05874566 -2.527981 -11.56315 0.8541525 0.6362221 0.3781644 19.90605 2.062769 0 0.0 0.17377690325033301 11.836263171240365 0.0 0.0
-0.1738039 -0.04456246 7.596271 -3.472642 3.07647 1.679244 0.2285126 20.61518 0.693882 1 0.9561151 0.17942577433708237 8.35239938973257 0.0 0.0
-0.153244 -0.120869 -4.200521 -5.147532 2.154644 1.63368 0.3650974 20.74834 1.789797 0 0.0 0.19517438022701647 6.643904150607909 0.0 0.0
-0.1482719 -0.1248392 6.873492 -4.55198 1.026639 0.7986172 0.397385 20.25893 0.7945862 1 0.9347497 0.19382822855881957 8.244113912026203 0.0 0.0
-0.1343511 -0.06788773 4.647929 -5.331503 0.2964142 0.2056934 0.3593874 18.20794 0.8606148 1 0.9993639 0.15052894059204328 7.073059325924674 0.0 0.0
0.1130327 -0.08324173 4.830188 -4.658018 1.607389 1.328019 0.3358987 20.54907 0.8692455 0 0.0 0.14037655389231815 6.710279264208606 0.0 0.0
0.1280086 -0.08383161 2.91825 -4.660615 1.264993 1.188847 0.3926226 20.40944 0.4142246 1 0.9863038 0.1530161446029539 5.498864904753071 0.0 0.0
-0.1358491 -0.06681948 5.700686 -5.388116 0.7275261 0.5290609 0.403309 19.55811 0.6654816 1 0.9939369 0.1513929353645024 7.844081520487405 0.0 0.0
0.04996264 -0.1098787 4.070685 -5.503616 0.9038132 0.7082583 0.3076913 20.02982 1.012505 1 0.9988553 0.1207045736890678 6.845455824463482 0.0 0.0
0.1298121 -0.08289714 3.554123 -5.547722 1.065152 0.7213834 0.2599364 20.0112 0.8343563 1 0.9969642 0.15402310582048917 6.588551410470514 0.0 0.0
0.1610214 -0.08229402 4.899603 -5.860575 0.8470744 0.5226273 0.2853117 19.61815 0.7338963 1 0.9964756 0.18083195786619244 7.638877462574851 0.0 0.0
0.114856 -0.0829212 4.394541 -5.529121 0.5285965 0.3971261 0.3211209 19.17426 0.6861019 1 0.999419 0.1416609549079774 7.062801825998093 0.0 0.0
-0.04659268 -0.1811909 19.75518 -12.82675 1.715128 1.584351 0.3987243 20.76568 1.486408 0 0.0 0.18708559557697751 23.554036859844217 0.0 0.0
0.002924694 -0.171885 7.515534 -5.986455 3.133014 2.258682 0.3149383 20.87265 0.5304604 0 0.0 0.17190988063515616 9.608376281775241 0.0 0.0
0.1776825 -0.07703723 1.289817 -0.6705726 0.234196 0.1862472 0.3702832 18.05257 1.117109 1 0.0 0.19366415675680126 1.4537178217796465 0.0 0.0
0.131961 -0.07665112 2.935481 -6.492066 1.974879 1.887266 0.592998 20.71979 0.1924362 0 0.0 0.1526076659878343 7.124883834120877 0.0 0.0
0.1113049 -0.07578231 5.97083 -5.217313 1.522776 1.194171 0.3474926 20.54299 0.7294521 0 0.0 0.13465414688358507 7.929133989842081 0.0 0.0
-0.02782954 -0.1397497 1.924378 -6.182036 1.80383 1.237926 0.3205331 20.60097 0.4345455 0 0.0 0.1424937259906611 6.47462738635823 0.0 0.0
0.1733138 -0.07194745 4.351085 -6.132008 0.6831254 0.5325445 0.4087577 19.61358 0.8771915 1 0.9967331 0.18765422678943977 7.518873771336303 0.0 0.0
0.1503959 -0.07102621 4.061751 -5.254513 0.6512242 0.503795 0.3910853 19.57586 0.7680016 1 0.9980635 0.16632392865662504 6.641364923957274 0.0 0.0
0.01632534 -0.1174125 3.693838 -6.131502 0.982953 0.8119933 0.3703569 20.10246 0.9779282 0 0.0 0.11854202580673912 7.15819502013238 0.0 0.0
0.1323965 -0.06859689 8.445525 -2.318195 0.8618242 0.637776 0.3588369 19.88677 0.6971436 1 0.0001886296 0.1491119261827239 8.757906175773408 0.0 0.0
0.1163014 -0.06868622 3.454757 -4.331313 1.577321 1.246621 0.393752 20.5658 0.6833191 0 0.0 0.13506965780606836 5.540362644540337 0.0 0.0
0.1581378 -0.06721813 4.873709 -5.307835 0.482942 0.3775932 0.3779331 19.14864 0.7575397 1 0.9982173 0.1718308493534758 7.2059802805659965 0.0 0.0
-0.009231351 -0.1544504 4.101726 -5.014703 0.5092591 0.3820055 0.362224 19.21938 0.7087116 1 0.9972965 0.15472602851959072 6.4785339666690795 0.0 0.0
0.1676121 -0.06297823 4.125132 -5.937894 0.4760807 0.3753292 0.3876292 19.12373 0.7345104 1 0.9988704 0.17905327006324934 7.230165915984224 0.0 0.0
0.17341 -0.06076099 4.374747 -5.969818 0.6789901 0.4923971 0.3537405 19.47645 0.7191887 1 0.9976658 0.18374690747269762 7.401157900432405 0.0 0.0
0.1540846 -0.05915978 4.996656 -5.550592 0.7861399 0.6125672 0.3883522 19.84312 0.6773682 1 0.9972473 0.1650513360346059 7.468309228520201 0.0 0.0
0.1441151 -0.05472746 4.245557 -5.48792 1.680216 1.19208 0.4124769 20.63248 0.5407581 0 0.0 0.1541565987107318 6.938445082772436 0.0 0.0
0.04251827 -0.09170819 3.135498 -7.736379 1.072229 0.9372663 0.3604508 20.27315 0.8199997 0 0.0 0.10108508988406252 8.347628869304446 0.0 0.0
0.01167152 -0.1697112 5.140343 -5.781248 2.057406 2.059324 0.5615037 20.7277 1.211769 1 0.9850325 0.17011206830954234 7.736016713732784 0.0 0.0
0.1371402 -0.0470132 4.13941 -5.756066 0.3858624 0.2966516 0.3767136 18.83993 0.7018833 1 0.9996652 0.14497474066291685 7.089923197359474 0.0 0.0
0.1634281 -0.04004202 6.663038 -4.160968 1.295529 1.179837 0.5540035 20.38524 0.9539013 1 0.9796848 0.16826201958638912 7.855554091626383 0.0 0.0
-0.04470089 -0.1523549 3.761555 -5.781904 0.964105 0.8164758 0.399151 20.2202 0.6876011 1 0.997103 0.15877715553820107 6.897804714779985 0.0 0.0
0.1544044 -0.03381916 5.042943 -6.039766 0.8955974 0.7084686 0.3713199 20.03017 0.9112663 1 0.9957243 0.15806471561504673 7.86829380717351 0.0 0.0
0.02787282 -0.1120169 4.310771 -5.912803 0.3664531 0.2820585 0.2641751 18.70765 0.7072086 1 0.999735 0.11543257763890748 7.317375617750534 0.0 0.0
0.005581452 -0.1234215 2.296016 -6.369435 1.697399 1.493328 0.3550564 20.73428 1.036837 1 0.9934286 0.12354763967263116 6.770627126897552 0.0 0.0
0.01634707 -0.1143607 4.142839 -5.864297 0.3268042 0.2613583 0.263583 18.47572 0.6607914 1 0.9998123 0.11552314227926325 7.180048348314236 0.0 0.0
-0.08663167 -0.1117755 1.439033 -7.178375 2.910556 1.428989 0.2847646 20.7116 0.6212692 1 0.9851906 0.1414171441065011 7.321194138643913 0.0 0.0
0.04617432 -0.09966324 1.552634 -7.36054 3.081591 2.086542 0.1745353 20.91061 0.6064911 1 0.9899167 0.1098400165457016 7.522514302382948 0.0 0.0
-0.01252006 -0.1753895 3.778172 -4.776283 0.6170267 0.4509986 0.3747767 19.25542 0.6735497 0 0.0 0.17583580014506034 6.089947697449707 0.0 0.0
0.02838045 -0.1195778 4.828382 -5.398368 1.062993 0.8788388 0.4357739 20.2095 0.7247505 1 0.9982414 0.12289955327438135 7.242627272015867 0.0 0.0
-0.03748402 -0.1813115 4.412039 -6.132665 1.093791 0.8378734 0.4003787 20.17887 0.7403412 1 0.994131 0.18514565019899978 7.554844018227378 0.0 0.0
0.07425273 -0.1556338 0.1473972 -3.131301 2.036031 1.496718 0.2656587 20.75143 0.1827335 1 0.7175668 0.17243940273293948 3.1347682350006103 0.0 0.0
0.01512994 -0.1114328 2.969733 -6.461529 0.9575036 0.7626299 0.3096768 20.06872 0.7724724 1 0.9974675 0.11245525332434941 7.1113058652493635 0.0 0.0
0.02473229 -0.1117892 3.766193 -5.31774 0.9258597 0.634001 0.2235088 19.83614 0.7090282 1 0.9987982 0.11449240763161592 6.51633090173059 0.0 0.0
0.0523939 -0.1146157 10.96888 -1.943488 2.885255 1.883869 0.184487 20.87896 0.5913334 1 0.9063781 0.1260233289661085 11.13972504420751 0.0 0.0
0.06539586 -0.1793252 -1.498759 -4.145457 0.6733614 0.5169019 0.4115951 19.58542 0.8186607 1 0.0 0.19087730577567255 4.408071265182767 0.0 0.0
0.06615173 -0.1490904 5.15659 -4.745716 0.9202322 0.7646606 0.4213678 20.0853 0.7090149 1 0.9950576 0.16310732280971602 7.008012612770899 0.0 0.0
-0.095501 -0.1588577 3.480915 -5.780039 1.260631 0.9696419 0.4446685 20.41791 0.8659935 1 0.9928556 0.18535428198531048 6.7472676009438075 0.0 0.0
-0.1022968 -0.1585355 4.27899 -5.266458 0.6981488 0.5138633 0.3930636 19.60153 0.7787037 1 0.9973768 0.18867469372040863 6.785671321679529 0.0 0.0
