jas1101finalproject/data/gcs/NGC_2298.ecsv
# %ECSV 0.9
# ---
# datatype:
# - {name: x, unit: deg, datatype: float64}
# - {name: y, unit: deg, datatype: float64}
# - {name: pmx, unit: mas / yr, datatype: float64}
# - {name: pmy, unit: mas / yr, datatype: float64}
# - {name: pmx_e, unit: mas / yr, datatype: float64}
# - {name: pmy_e, unit: mas / yr, datatype: float64}
# - {name: pm_corr, datatype: float64}
# - {name: g_mag, unit: mag, datatype: float64}
# - {name: bp_rp, unit: mag, datatype: float64}
# - {name: filter, datatype: int64}
# - {name: memberprob, datatype: float64}
# - {name: r, unit: deg, datatype: float64}
# - {name: pm, unit: mas / yr, datatype: float64}
# - {name: member_prob_GMM, datatype: float64}
# - {name: member_prob_DB, datatype: float64}
# meta: !!omap
# - comments: [deg deg mas/yr mas/yr mas/yr mas/yr dimless mag   mag   zeroone float]
# - __serialized_columns__:
#     bp_rp:
#       __class__: astropy.units.quantity.Quantity
#       unit: &id001 !astropy.units.Unit {unit: mag}
#       value: !astropy.table.SerializedColumn {name: bp_rp}
#     g_mag:
#       __class__: astropy.units.quantity.Quantity
#       unit: *id001
#       value: !astropy.table.SerializedColumn {name: g_mag}
#     pm:
#       __class__: astropy.units.quantity.Quantity
#       unit: !astropy.units.Unit {unit: mas / yr}
#       value: !astropy.table.SerializedColumn {name: pm}
#     pmx:
#       __class__: astropy.units.quantity.Quantity
#       unit: !astropy.units.Unit {unit: mas / yr}
#       value: !astropy.table.SerializedColumn {name: pmx}
#     pmx_e:
#       __class__: astropy.units.quantity.Quantity
#       unit: !astropy.units.Unit {unit: mas / yr}
#       value: !astropy.table.SerializedColumn {name: pmx_e}
#     pmy:
#       __class__: astropy.units.quantity.Quantity
#       unit: !astropy.units.Unit {unit: mas / yr}
#       value: !astropy.table.SerializedColumn {name: pmy}
#     pmy_e:
#       __class__: astropy.units.quantity.Quantity
#       unit: !astropy.units.Unit {unit: mas / yr}
#       value: !astropy.table.SerializedColumn {name: pmy_e}
#     r:
#       __class__: astropy.units.quantity.Quantity
#       unit: &id002 !astropy.units.Unit {unit: deg}
#       value: !astropy.table.SerializedColumn {name: r}
#     x:
#       __class__: astropy.units.quantity.Quantity
#       unit: *id002
#       value: !astropy.table.SerializedColumn {name: x}
#     y:
#       __class__: astropy.units.quantity.Quantity
#       unit: *id002
#       value: !astropy.table.SerializedColumn {name: y}
# schema: astropy-2.0
x y pmx pmy pmx_e pmy_e pm_corr g_mag bp_rp filter memberprob r pm member_prob_GMM member_prob_DB
[from data line 2791]
-0.004182692 -0.01009487 -11.95484 -10.67989 2.641533 2.507258 0.03518664 20.11001 nan 0 0.0 0.01092709076944838 16.0305411586041 0.0 0.0
0.003006356 -0.01838034 3.578076 -2.471985 0.651414 0.7329026 0.1102224 19.54985 0.9032421 0 0.0 0.018624582543357474 4.348946734785447 0.0 1.0
-0.05310141 0.05439771 2.735834 -1.431803 1.380877 1.277181 0.08734567 20.42537 0.7560463 0 0.0 0.07601888316222621 3.0878548389399723 0.0 0.0
-0.02704386 -0.000448211 -1.967045 6.581235 0.4289164 0.4587362 0.09108117 18.23824 1.319687 0 0.0 0.02704757395405586 6.868909677470654 0.0 0.0
-0.0230203 -0.06202377 -0.6220835 0.007540043 2.288179 1.801373 -0.2823547 20.75487 0.6275311 0 0.0 0.06615800977283778 0.6221291933519049 0.0 0.0
-0.02747338 -0.007642879 8.317562 -9.414413 1.199408 1.288076 -0.09971725 19.43846 0.8265762 0 0.0 0.028516665443789897 12.562364815527886 0.0 0.0
0.01349202 -0.006597834 3.506689 -1.528422 0.5963464 0.6109279 0.01108557 19.54419 nan 0 0.0 0.015018855388209717 3.825302805374367 0.0 1.0
0.05553336 0.04851759 3.606974 -1.157289 1.267839 1.199106 -0.07302534 20.37702 0.686718 0 0.0 0.07374219017833482 3.788083851526653 0.0 0.0
0.01587891 0.04759331 -1.448488 4.018337 0.2550421 0.2394192 0.02845788 18.32392 0.9848614 1 0.0 0.05017233241084373 4.271434153971357 0.0 0.0
0.0006617402 0.001402738 2.291459 -3.879417 1.3346 1.349081 0.0009165052 18.16626 nan 0 0.0 0.0015509912923482325 4.5056254403323415 0.0 0.0
-0.001171179 -0.0102588 9.033409 -7.02887 2.324723 1.475327 -0.3925084 20.47157 nan 0 0.0 0.010325436440656685 11.445850411314181 0.0 0.0
-0.03213641 0.01654436 3.03043 -1.783181 1.704278 2.112256 0.5390627 20.25178 0.7759762 0 0.0 0.03614505077459015 3.516139994889424 0.0 1.0
-0.001096949 -0.02296937 3.546627 -1.142405 0.4683056 0.5008468 0.0352709 19.23108 0.8696957 0 0.0 0.022995548597619955 3.726077328928373 0.0 1.0
-0.08269721 0.05399077 -4.058501 2.056824 0.6106613 0.6360768 0.07965786 19.55068 1.749876 1 0.0 0.09876148939225754 4.5499401461971996 0.0 0.0
0.002099642 -0.005391263 5.224853 1.064379 1.355072 2.480332 0.8290382 19.55433 nan 0 0.0 0.005785690387787183 5.332165744540394 0.0 0.0
-0.01271583 -0.01956768 3.049183 -1.630961 0.4767278 0.5025384 0.01643148 19.25109 0.8455334 0 0.0 0.023336375750559468 3.457969165711285 0.0 1.0
0.0488237 0.03396133 -3.190809 9.115252 1.360728 1.408553 -0.3375372 20.26793 nan 0 0.0 0.05947373888582169 9.657591889181536 0.0 0.0
0.003561722 -0.01788445 -2.278131 1.946835 1.814309 2.055977 0.1348561 20.6411 nan 0 0.0 0.018235663284009825 2.996672716595191 0.0 0.0
-0.001541459 -0.009610306 3.364271 1.242078 0.6103828 0.6367991 0.01977369 19.51756 1.102657 0 0.0 0.00973314323650469 3.586234392719611 0.0 0.0
0.06467233 0.04719837 -1.318303 4.877414 0.8896548 0.8725105 -0.05743853 19.98331 1.171625 0 0.0 0.08006370212703008 5.0524340794517055 0.0 0.0
-0.004252553 0.02661396 2.62943 0.6460831 2.015154 1.617887 -0.2056462 20.81484 0.1922302 0 0.0 0.026951569043367568 2.70764205481552 0.0 1.0
0.0278719 0.04728481 -2.503841 5.476254 2.032576 2.868901 0.5780895 20.63043 1.408857 0 0.0 0.054888032086658926 6.021509580312648 0.0 0.0
-0.02503235 0.001215661 4.143637 -4.202835 1.351202 1.275353 0.008007722 20.56653 0.9614162 0 0.0 0.02506185105273393 5.901995393508369 0.0 1.0
-0.02329332 -0.01468346 3.077945 -2.390594 0.1590642 0.1966316 0.0717841 17.56768 1.118156 1 0.9996334 0.027535118561466194 3.8972663619338364 0.0 1.0
0.004854742 0.03707764 2.485587 -2.239563 1.545668 1.302081 -0.06995228 20.63494 0.6817131 0 0.0 0.03739411595232817 3.345711458798861 0.0 1.0
0.002809274 -0.00792043 9.262486 -3.076573 1.487068 1.625995 0.247481 19.56376 nan 0 0.0 0.00840388194776533 9.760069073757881 1.0 0.0
-0.02383539 0.002551176 3.219609 -0.4040981 0.882551 0.8282252 -0.02080617 20.03281 1.081438 0 0.0 0.023971531353567634 3.2448693944910345 0.0 1.0
-0.04885836 -0.05519199 0.5266079 -2.619423 1.725494 1.814764 -0.3195961 20.68361 0.872633 0 0.0 0.07371088862610259 2.671833215841028 0.0 0.0
-0.04329429 0.05557863 -0.1276216 1.735045 2.116756 1.815617 -0.04752859 20.77317 1.248718 0 0.0 0.07045125732931244 1.7397322853851853 0.0 0.0
8.15643e-05 -0.003647919 3.451606 -3.254008 0.1466611 0.1315481 -0.03700038 16.45703 nan 0 0.0 0.0036488307395103284 4.743643330110307 0.0 0.0
-0.01902822 -0.01924851 4.416828 -0.632925 0.7012198 0.7514475 -0.0005390164 19.76524 nan 0 0.0 0.02706618358004135 4.461946171482686 0.0 1.0
-0.001430567 0.0008457817 1.262176 -0.3329035 0.576525 0.5739988 0.07654127 18.63927 nan 0 0.0 0.0016618870676264046 1.3053401837407175 0.0 0.0
0.006954012 0.03515869 -1.807689 -1.893584 1.148411 1.103407 -0.03597544 20.40917 1.593313 0 0.0 0.035839806994628805 2.6178998998771896 0.0 0.0
0.03112631 0.04692501 0.7212286 1.061359 0.5273313 0.5709838 0.1091562 19.20301 1.155247 1 0.0 0.05630989023001377 1.2832200202377455 0.0 0.0
0.01358453 -0.006922099 3.284921 -2.288455 0.5249941 0.5480945 0.02169147 19.3044 0.7852783 0 0.0 0.015246472047221318 4.003465032102317 0.0 1.0
0.0603987 0.04706062 -0.8452406 3.58478 0.355028 0.3329931 -0.05927207 18.71075 1.175406 1 0.0 0.07656830229588743 3.683080140356487 0.0 0.0
0.01317719 -0.00711658 5.188939 0.668107 2.103921 2.981414 0.1968584 20.77636 nan 0 0.0 0.014976115891395206 5.231773591161033 0.0 1.0
-0.009610579 0.01834323 2.452821 -1.920631 0.6491151 0.784041 0.1965274 19.61793 0.7875824 0 0.0 0.020708387565142317 3.115309662971243 0.0 1.0
0.004292802 0.03649402 -3.652693 -13.48769 2.103425 1.999345 -0.1021565 20.53228 nan 0 0.0 0.03674563436343975 13.973544564223818 0.0 0.0
-0.00330795 0.02706795 3.243742 -2.018548 0.09748729 0.08936492 -0.04676768 16.43764 0.361454 1 0.9998328 0.027269331682404686 3.8205232875704347 0.0 1.0
-0.0005046214 -0.02229416 9.910921 -0.9271507 3.240201 2.389822 -0.3969524 20.84691 0.7630787 0 0.0 0.022299870243186127 9.95419326157331 0.0 0.0
-0.01964574 0.007458032 4.025523 -1.926139 0.748481 0.771448 -0.005086053 19.87599 0.8504772 0 0.0 0.021013741729178647 4.462605390447378 0.0 1.0
-0.001295145 0.02287947 1.437682 -1.628316 1.615925 0.9469565 -0.5709634 19.58359 nan 0 0.0 0.022916098011047277 2.1721746083084574 0.0 1.0
0.005192974 0.01605864 1.81429 -3.92524 0.9052887 0.7611365 -0.1728666 19.71005 nan 0 0.0 0.016877407905667146 4.324252219945086 0.0 1.0
-0.03442141 -0.009659767 3.663013 -1.796847 1.048178 1.08335 0.01898536 20.33781 nan 0 0.0 0.03575114774216891 4.079990610231597 0.0 1.0
0.02943153 -0.02639282 4.461806 -2.182979 0.9958123 1.15669 0.1723912 20.20192 0.6777725 0 0.0 0.03953221351876594 4.967203448226879 0.0 1.0
-0.001547348 -0.02398027 3.111023 -2.884557 1.223779 1.082957 -0.1377231 20.31878 0.8604603 0 0.0 0.024030140139125366 4.242538531678646 0.0 1.0
-0.003894585 0.02911642 0.9265 1.640564 0.1937521 0.2086533 -0.1955244 17.58881 0.9984131 1 0.0 0.029375733283419924 1.8841052221402073 0.0 1.0
0.0004889259 0.001799467 3.372292 -6.812121 1.053875 0.9285719 -0.2076348 19.28353 nan 0 0.0 0.0018647064165116744 7.601141088804035 0.0 0.0
-0.0209401 0.0469627 2.061508 -2.513544 1.162304 1.174359 -0.2324066 20.18493 0.8051491 0 0.0 0.051419675021337895 3.2508027737775786 0.0 1.0
0.0183258 0.0001684636 3.374195 -2.319532 0.2290558 0.2193342 0.003864578 18.15314 1.125572 1 0.9998027 0.018326574301394272 4.094559878307924 0.0 1.0
0.01729232 0.01570214 2.744468 -2.503372 0.5854836 0.6480687 0.07975284 19.49106 0.7323856 0 0.0 0.023357686776776503 3.714697292298257 0.0 1.0
0.006018423 -0.006947862 -2.180284 0.9940325 1.716633 2.027862 0.2389404 19.23028 0.7990036 0 0.0 0.00919207276831363 2.396192590697219 0.0 0.0
-0.01869542 0.008472973 3.711539 -1.653651 0.6827676 0.6992935 -0.00785706 19.75552 0.8099613 0 0.0 0.020525837386940613 4.0632601908223895 0.0 1.0
0.006255714 0.02809011 3.231184 -2.28398 0.3432487 0.3033716 -0.04553292 18.71322 1.003054 1 0.9995166 0.028778259806004534 3.9569072117319104 0.0 1.0
0.01855278 0.04679927 2.771185 -2.389022 0.5726057 0.5597454 -0.01439953 19.42342 0.7827492 1 0.9952798 0.050342599438857945 3.6588102466114583 0.0 1.0
-0.004220333 0.001375925 1.653217 -5.834009 0.5843677 0.5592334 0.1300452 18.95391 nan 0 0.0 0.004438961616922813 6.0637271921789155 0.0 0.0
0.01154762 -0.009347922 2.606846 -1.992472 1.33993 1.826028 0.5588767 20.24872 nan 0 0.0 0.01485702437847108 3.2810959660607306 0.0 1.0
0.0194556 0.001549113 1.474615 -3.827353 0.9466088 0.9769283 -0.04565443 20.20315 0.7436504 0 0.0 0.019517175063178814 4.101599734839322 0.0 1.0
-0.002688583 -0.03047673 3.90622 -1.166518 1.908941 2.113702 0.278836 20.78496 0.6540928 0 0.0 0.030595090293064817 4.076679890882285 0.0 1.0
-0.003336571 -0.02605933 4.272157 -1.917893 2.547348 2.046778 -0.58718 20.60836 0.9024124 0 0.0 0.026272064747311752 4.682909244486593 0.0 1.0
0.01879904 0.01770452 3.03018 -0.5071337 1.124333 1.140228 -0.06072054 20.25047 nan 0 0.0 0.025823515123855622 3.072324107589512 0.0 1.0
-0.02946201 -0.003744976 3.970237 -1.536809 0.9682227 1.112689 0.1228046 20.21643 0.7279911 0 0.0 0.029699072013796592 4.2572953548761445 0.0 1.0
-7.893355e-05 0.03173721 3.192643 -2.553298 0.4970402 0.4609375 -0.03414035 19.11679 0.9768143 0 0.0 0.031737308157583494 4.088068003623839 0.0 1.0
0.05858061 0.02709586 5.702387 7.933667 1.627778 1.425236 -0.124286 20.60929 1.836241 0 0.0 0.06454357827942064 9.770378168968588 0.0 0.0
0.005181515 -0.06426362 0.5294157 4.759807 0.245407 0.2488831 0.03675244 18.37382 0.9923878 1 0.0 0.06447217192866721 4.789158972163641 0.0 0.0
0.00715329 -0.01428362 3.348367 -2.728449 0.621447 0.7073445 0.1157624 19.59392 0.8209324 0 0.0 0.01597470995444049 4.319258676241793 0.0 1.0
-0.01582597 0.01248285 5.096304 -2.253894 1.918857 1.986199 0.3437293 20.61314 nan 0 0.0 0.020156459772574152 5.572463783969528 0.0 1.0
0.00803677 -0.003934431 3.791945 4.445924 1.866664 2.330624 0.02889861 20.53992 nan 0 0.0 0.008948151726846222 5.843379766607764 0.0 0.0
0.01140743 0.04543115 3.25797 -1.290177 1.221022 1.154645 -0.07695086 20.46081 0.5977612 0 0.0 0.04684142236874751 3.5041297367861537 0.0 1.0
-0.01588159 0.01280327 3.842839 -0.7815361 0.8060778 0.9618869 0.05380923 19.95775 0.766346 0 0.0 0.020399721165275764 3.9215061208066744 0.0 1.0
0.03568979 0.04632417 3.415266 -1.407294 0.797207 0.7079359 -0.006127845 19.88431 1.041521 1 0.9840324 0.058478114166181865 3.69384870469704 0.0 0.0
-0.00260948 0.002764544 3.137713 -1.749711 0.5627625 0.5379451 0.07781701 18.2572 0.9066868 0 0.0 0.0038015903775046565 3.5925939728683507 0.0 0.0
0.01782315 0.01543118 2.883883 -2.364239 0.4528631 0.3842284 0.04211152 18.8528 nan 0 0.0 0.023575113830369938 3.729129550821478 0.0 1.0
0.004242657 0.02261234 3.698457 -2.324602 0.1864875 0.1869761 -0.05400955 17.82729 1.183363 1 0.9991806 0.02300691328047396 4.368335911906615 0.0 1.0
-0.01352388 0.01478735 3.240876 -2.778319 1.719334 2.245563 0.5704896 20.33699 0.7251186 0 0.0 0.020038988254822147 4.268762550568607 0.0 1.0
0.002459183 0.04579433 3.734392 -3.076359 2.410614 2.848963 -0.236798 20.88649 1.149988 0 0.0 0.045860312266450924 4.838353883971799 0.0 1.0
-0.0136289 0.01524891 5.022355 0.07200426 1.38906 1.892436 0.4877194 20.28119 0.6707859 0 0.0 0.020451801177355993 5.02287112710282 0.0 1.0
0.006942232 0.04163986 2.755879 -1.841092 0.363974 0.3592131 -0.05432734 18.92381 0.9519997 0 0.0 0.04221460086227778 3.314285566318177 0.0 1.0
-0.03248415 -0.008472574 0.6308775 -0.4954536 1.805445 2.006906 0.2102301 20.81328 0.8869915 0 0.0 0.03357088785552113 0.8021724813026249 0.0 1.0
0.04393442 -0.03074451 3.367572 -1.77265 0.6259838 0.6355203 -0.02943248 19.65363 0.8972778 1 0.9939682 0.05362329862920128 3.805631248253567 0.0 1.0
-0.0006037257 0.0275563 4.942778 -3.031861 0.8800954 0.7143768 -0.1181482 19.82907 0.8338146 0 0.0 0.0275629126619601 5.798554602709626 0.0 1.0
-0.02046053 0.007537934 2.488042 -1.912996 0.5475604 0.5839602 0.01515653 19.45018 0.8085136 0 0.0 0.021804901670708265 3.1384560997057136 0.0 1.0
0.02332422 0.01820303 3.962888 -1.33901 0.8130609 0.8135459 0.01307001 19.92551 0.9481201 0 0.0 0.02958664461863325 4.182992837747156 0.0 1.0
0.0842903 0.01646008 1.793094 -1.382337 1.126646 1.091465 -0.04874977 20.37607 1.206345 0 0.0 0.0858824132619502 2.2640763402334736 0.0 0.0
0.05863076 0.04474643 0.7462294 -4.805279 3.173602 3.03773 0.04444996 20.84702 0.5626602 0 0.0 0.0737550609512493 4.862876163883403 0.0 0.0
-0.01205537 -0.02105912 3.553303 -3.655361 0.8719 0.7859512 -0.03117404 20.03286 0.8382797 0 0.0 0.02426558223103868 5.097806023195665 0.0 1.0
0.02057145 0.02027899 3.3113 -1.638228 0.556326 0.601991 0.1159398 19.38975 0.865591 0 0.0 0.02888636340079173 3.6943874553143448 0.0 1.0
0.02211462 0.01951945 3.669596 -1.96284 0.4686058 0.472553 0.02043988 19.15391 0.9151306 1 0.9986332 0.029496870105943446 4.161571298057502 0.0 1.0
0.04070329 0.04429614 4.10992 -2.64383 0.3197069 0.2913063 -0.0613465 18.69187 1.082594 1 0.9782272 0.06015734232596799 4.886847600989824 0.0 0.0
0.05085067 -0.02083809 0.3509486 2.090903 1.008288 1.173006 0.1526228 20.19988 1.029045 0 0.0 0.054954678001940836 2.1201510029361024 0.0 0.0
-0.004866554 -0.02843216 0.2884322 2.576908 0.1996747 0.2078459 -0.005717367 18.05447 1.027754 1 0.0 0.028845642133613805 2.5929998022485155 0.0 1.0
0.01343327 0.01081627 2.843339 1.191536 1.487139 1.454593 -0.2751019 20.38343 0.7710323 0 0.0 0.01724657762009031 3.0829101038170084 0.0 1.0
0.07279385 -0.01238667 -0.07636277 4.884781 0.2191673 0.2199903 0.0169951 18.20533 1.017654 1 0.0 0.07384019360423832 4.885377845223752 0.0 0.0
0.0174801 -0.0004951017 2.55568 -1.519312 0.2939396 0.2899136 -0.02527996 18.62521 1.011873 0 0.0 0.01748711015872385 2.973181665445958 0.0 1.0
0.006030182 -0.01457344 2.225555 -2.405381 0.9798215 1.16055 -0.07304481 20.09362 0.5717506 0 0.0 0.015771754765615778 3.277034148919721 0.0 1.0
0.01202869 0.029272 -1.120082 -12.2689 1.711675 2.450115 0.4779101 20.25822 0.8762054 0 0.0 0.0316471067732281 12.31992251991562 0.0 0.0
-0.01568182 -0.02947116 3.54479 -2.468845 0.3475653 0.3440529 0.002782089 18.82471 0.8129768 1 0.9992103 0.03338365992904313 4.319806914449417 0.0 1.0
-0.02489528 -0.002862207 1.468106 -7.777287 1.633592 1.883233 -0.05414234 20.71581 0.6738987 0 0.0 0.02505927363650529 7.914640124958621 0.0 0.0
0.02379749 0.01132118 3.852249 -2.059309 0.1967823 0.1867439 -0.02770156 17.8707 1.229767 1 0.995984 0.02635317147693044 4.368131856467018 0.0 1.0
-0.02250921 0.005439292 4.734044 -1.163995 0.6113209 0.6909179 0.09476228 19.5501 0.8900604 0 0.0 0.023157081687582397 4.875044302769052 0.0 1.0
-0.08517622 0.05046717 11.12686 22.28034 1.637164 1.762882 0.07894995 19.39562 2.098803 0 0.0 0.09900466504815467 24.90422783334589 0.0 0.0
0.01702955 -0.0005064472 6.099594 5.646893 2.596877 2.215067 -0.2853315 20.85039 nan 0 0.0 0.017037079032771078 8.312186686924505 0.0 0.0
0.02982914 -0.01914123 2.607568 -4.179902 2.140306 1.88703 0.2609802 20.792 0.6534863 0 0.0 0.03544240791837513 4.926559814335761 0.0 1.0
-0.08211969 0.05097013 -2.299379 1.599372 0.6313236 0.6610133 0.08355592 19.58837 0.9449692 0 0.0 0.09665194068363553 2.800916739216823 0.0 0.0
-0.008431175 0.01560059 1.842906 -1.893137 0.3860206 0.3773456 0.0627497 18.87002 0.9342175 0 0.0 0.017733108025067827 2.642020103179573 0.0 1.0
0.04938792 -0.03130087 3.031741 -0.3044568 0.5858074 0.6101304 -0.01887705 19.49167 0.7597332 0 0.0 0.05847145546917146 3.046989897283422 0.0 0.0
0.01014851 0.004209705 2.81306 -2.729657 0.2163676 0.2312837 0.03344074 17.87968 1.079439 0 0.0 0.01098698645703748 3.9197364581370775 0.0 0.0
-0.008073133 0.01560444 4.903178 -1.637708 1.577769 1.583858 -0.004392321 20.73862 nan 0 0.0 0.017569121325475813 5.169452774999303 0.0 1.0
-0.01180192 0.01701541 3.799334 -1.2175 1.22731 1.470621 0.1746452 20.46417 0.9407444 0 0.0 0.02070771578794967 3.9896422262598934 0.0 1.0
