jas1101finalproject/data/gcs/NGC_6553.ecsv
# %ECSV 0.9
# ---
# datatype:
# - {name: x, unit: deg, datatype: float64}
# - {name: y, unit: deg, datatype: float64}
# - {name: pmx, unit: mas / yr, datatype: float64}
# - {name: pmy, unit: mas / yr, datatype: float64}
# - {name: pmx_e, unit: mas / yr, datatype: float64}
# - {name: pmy_e, unit: mas / yr, datatype: float64}
# - {name: pm_corr, datatype: float64}
# - {name: g_mag, unit: mag, datatype: float64}
# - {name: bp_rp, unit: mag, datatype: float64}
# - {name: filter, datatype: int64}
# - {name: memberprob, datatype: float64}
# - {name: r, unit: deg, datatype: float64}
# - {name: pm, unit: mas / yr, datatype: float64}
# - {name: member_prob_GMM, datatype: float64}
# meta: !!omap
# - comments: [deg deg mas/yr mas/yr mas/yr mas/yr dimless mag   mag   zeroone float]
# - __serialized_columns__:
#     bp_rp:
#       __class__: astropy.units.quantity.Quantity
#       unit: &id001 !astropy.units.Unit {unit: mag}
#       value: !astropy.table.SerializedColumn {name: bp_rp}
#     g_mag:
#       __class__: astropy.units.quantity.Quantity
#       unit: *id001
#       value: !astropy.table.SerializedColumn {name: g_mag}
#     pm:
#       __class__: astropy.units.quantity.Quantity
#       unit: !astropy.units.Unit {unit: mas / yr}
#       value: !astropy.table.SerializedColumn {name: pm}
#     pmx:
#       __class__: astropy.units.quantity.Quantity
#       unit: !astropy.units.Unit {unit: mas / yr}
#       value: !astropy.table.SerializedColumn {name: pmx}
#     pmx_e:
#       __class__: astropy.units.quantity.Quantity
#       unit: !astropy.units.Unit {unit: mas / yr}
#       value: !astropy.table.SerializedColumn {name: pmx_e}
#     pmy:
#       __class__: astropy.units.quantity.Quantity
#       unit: !astropy.units.Unit {unit: mas / yr}
#       value: !astropy.table.SerializedColumn {name: pmy}
#     pmy_e:
#       __class__: astropy.units.quantity.Quantity
#       unit: !astropy.units.Unit {unit: mas / yr}
#       value: !astropy.table.SerializedColumn {name: pmy_e}
#     r:
#       __class__: astropy.units.quantity.Quantity
#       unit: &id002 !astropy.units.Unit {unit: deg}
#       value: !astropy.table.SerializedColumn {name: r}
#     x:
#       __class__: astropy.units.quantity.Quantity
#       unit: *id002
#       value: !astropy.table.SerializedColumn {name: x}
#     y:
#       __class__: astropy.units.quantity.Quantity
#       unit: *id002
#       value: !astropy.table.SerializedColumn {name: y}
# schema: astropy-2.0
x y pmx pmy pmx_e pmy_e pm_corr g_mag bp_rp filter memberprob r pm member_prob_GMM
[from data line 1279]
-0.03558314 -0.07233677 -2.519579 -4.578246 0.3102815 0.2640409 0.3574238 17.73495 1.615904 0 0.0 0.08061493748861001 5.225764515719877 0.0
0.04686155 -0.05548739 -3.402253 -6.26307 0.16935 0.1382744 0.1122785 16.45199 2.19546 1 0.0 0.07262819918884537 7.12750807091153 0.0
-0.001647698 -0.077651 -4.847116 -5.174845 0.1922668 0.1629756 -0.01858678 16.59288 2.319403 0 0.0 0.07766847951195648 7.09038463635655 0.0
-0.05621914 -0.05993179 -4.734376 -6.571892 1.212551 0.9911924 0.5416891 19.30144 1.512878 0 0.0 0.08217305613729904 8.099634594785126 0.0
0.04038358 -0.06341003 -1.417132 -8.004119 0.1431547 0.1165659 0.1106273 15.76034 2.430361 1 0.0 0.07517755940583135 8.128602836378771 0.0
-0.00376017 -0.07202056 -6.793232 -7.214501 0.8380395 0.7195092 0.2478719 18.71562 nan 0 0.0 0.07211865182560265 9.909441239788698 0.0
-0.02096425 -0.05426115 -0.9396841 -2.172727 0.7818613 0.735206 0.3656308 19.22163 nan 0 0.0 0.058170200080324634 2.3672238644289245 0.0
0.02910901 -0.05736804 -13.74092 -4.848862 2.238071 1.72007 0.1128089 19.66219 nan 0 0.0 0.06433060295552732 14.57135357959047 0.0
-0.0568465 -0.06755194 3.354462 -4.035841 0.9963104 0.8797371 0.4126342 19.30934 1.552145 0 0.0 0.08828810316239442 5.247897472962386 0.0
-0.02332084 -0.06971683 -3.63588 -6.952242 1.012082 0.8820915 0.268683 19.02685 1.839128 0 0.0 0.07351393040475049 7.845590621550681 0.0
0.0561024 -0.06722925 -0.909321 -0.3320221 1.372652 1.023474 -0.1591971 19.19268 nan 0 0.0 0.08756284224100142 0.9680409887651504 0.0
0.0299839 -0.06950853 -2.029225 -2.546294 0.2939188 0.2422803 0.2005771 17.71414 1.546722 0 0.0 0.0756998679125063 3.2559740839049995 0.0
0.07306037 -0.06197616 -7.435708 -3.791743 1.129729 0.8314088 0.1884192 19.17948 nan 0 0.0 0.09580637803863844 8.346680084878837 0.0
0.04977414 -0.04554749 0.2366683 -7.220061 0.417833 0.335705 0.1258342 18.00428 2.08601 0 0.0 0.06746879914478766 7.223938865186076 0.0
-0.02551286 -0.0822352 -2.063748 -9.479165 0.1759255 0.1456828 0.1764637 16.1685 2.121468 0 0.0 0.08610188235119834 9.701217702161363 0.0
-0.03937344 -0.05901325 -3.530033 -5.220506 0.51932 0.4373317 0.4199062 18.38619 2.121428 0 0.0 0.07094245169851476 6.301969206297743 0.0
0.02298636 -0.07871563 0.6930699 -6.833334 0.4732486 0.3785484 0.03082501 18.02464 1.657249 0 0.0 0.08200318989128715 6.868391328531158 0.0
0.04483032 -0.05773346 -0.9619318 -0.4674481 0.6048927 0.4767191 0.07346216 18.69887 2.178577 0 0.0 0.07309521184642671 1.0694954483516281 0.0
-8.404895e-05 -0.0830011 -1.632929 -5.927567 0.2959151 0.2537125 0.202024 17.79937 1.997633 0 0.0 0.08300114255500339 6.148374391538791 0.0
-0.03213211 -0.05184705 -2.432589 -0.7833021 0.09040842 0.07421933 0.1840793 14.53282 2.278409 1 0.0 0.06099663176565244 2.5555921863210904 0.0
-0.01758801 -0.0635818 -3.983377 -3.596488 0.5730328 0.4892679 0.08612528 18.59743 1.319963 0 0.0 0.06596956409587756 5.366751182817497 0.0
0.06172237 -0.07515518 -2.407807 -1.374285 1.321524 1.043633 0.03821674 18.70507 1.5163 0 0.0 0.0972520027518678 2.7723985663093247 0.0
-0.004226425 -0.07529931 -1.756468 -4.976193 1.173966 1.02891 0.150515 19.19472 1.845661 0 0.0 0.07541782783106872 5.277089785883219 0.0
-0.02062831 -0.09239086 2.23467 -9.009411 0.870026 0.7733174 0.1748855 19.25194 1.672277 0 0.0 0.09466571810848794 9.282415449430228 0.0
0.05671229 -0.05411271 -3.677035 -5.319442 0.17409 0.1388282 0.02565722 16.6931 1.455813 0 0.0 0.0783866648135268 6.466610362669843 0.0
0.002302506 -0.08056353 -1.363151 -3.352944 0.8947067 0.7229997 -0.0564099 18.45965 nan 0 0.0 0.08059642609905811 3.619449421657526 0.0
0.02268289 -0.08762669 1.050293 -1.613773 0.9023738 0.7534639 0.3576365 19.241 nan 0 0.0 0.09051491755013755 1.9254554477780055 0.0
0.0743039 -0.04786066 -2.218272 -10.26863 0.3387539 0.2739389 0.4325255 15.17716 4.541597 1 0.0 0.08838389180640102 10.505498214881767 0.0
-0.04302232 -0.05957147 5.144566 -0.4646258 1.739288 1.43272 0.279575 19.28417 nan 0 0.0 0.07348251530904001 5.1655044731741 0.0
-0.03774836 -0.07867556 -3.964305 -5.582145 0.8190357 0.7621001 0.5302141 19.08942 1.388807 0 0.0 0.08726272070021196 6.846609155928941 0.0
0.03023178 -0.06570534 -0.0414123 -3.555824 0.2490428 0.2052493 0.1846332 17.29284 2.308537 0 0.0 0.07232670479486812 3.5560651424808416 0.0
-0.04165431 -0.04879065 0.8519564 -6.159214 0.1546669 0.1393885 0.3710634 16.07154 nan 0 0.0 0.0641530129378083 6.2178570910963336 0.0
-0.05028763 -0.07215902 -2.272933 -6.910021 0.4644303 0.3971633 0.4377938 18.25054 1.82621 0 0.0 0.08795322562804221 7.274243235067824 0.0
-0.03697592 -0.09247688 -1.587176 -1.642778 0.5173807 0.4433842 0.2417848 18.4321 2.371565 0 0.0 0.09959514041548814 2.2842607583767665 0.0
-0.05248557 -0.06488726 -2.976435 -3.308173 0.3796818 0.3353271 0.2454783 17.97456 1.435188 0 0.0 0.08345712413288935 4.450075719260741 0.0
0.04207773 -0.08258327 -4.173791 -2.456469 0.847846 0.6816532 0.2835043 18.09947 1.871693 0 0.0 0.09268512203070027 4.843012622288114 0.0
-0.03536292 -0.07484677 -0.5438921 -0.107345 0.4658132 0.3993195 0.3747703 18.36274 1.846134 0 0.0 0.08278028201425326 0.5543839513075843 0.0
-0.01037142 -0.07500214 -0.8190779 -3.983915 0.6150036 0.5530012 0.254434 18.84021 nan 0 0.0 0.0757158329373454 4.067243210516604 0.0
-0.05009764 -0.06736387 1.847468 0.4735661 1.429729 1.332379 0.5229554 19.78665 1.196596 0 0.0 0.08395036935562881 1.9071976463107359 0.0
-0.02820121 -0.08188868 -1.759099 -0.9561587 1.133502 1.009201 0.5800075 19.22433 nan 0 0.0 0.08660868407732854 2.0021660149414906 0.0
0.04343272 -0.05316865 -3.597304 -0.1414185 0.589185 0.4622949 0.2294926 18.40915 1.819994 0 0.0 0.06865352510556832 3.6000826741282275 0.0
0.01736245 -0.08092146 8.457748 -0.4288448 1.226104 0.9905042 0.1369509 18.95104 1.379324 0 0.0 0.0827631400959032 8.468613174185668 0.0
-0.03155188 -0.06682721 -3.377368 -2.76569 0.4236279 0.3605094 0.3159824 17.94476 nan 0 0.0 0.07390126607791303 4.365278431386021 0.0
-0.06386811 -0.07064353 -2.258196 -3.094012 1.123489 1.02768 0.5049463 19.68843 1.728334 0 0.0 0.09523467753834734 3.830451596164609 0.0
-0.03709604 -0.05951414 -1.730361 -3.186533 0.4901541 0.4178346 0.436125 18.65731 1.891096 0 0.0 0.07012880323819308 3.626036644934797 0.0
0.04554943 -0.04289266 -6.758468 -6.861097 0.2430219 0.2007987 -0.08422442 16.71845 2.521305 0 0.0 0.06256621176961652 9.630760185490708 0.0
-0.004363374 -0.08110528 -1.817899 -0.3178847 1.107092 0.9941153 0.3630355 19.22336 nan 0 0.0 0.08122256753231996 1.8454829873762286 0.0
0.02243569 -0.08932609 -1.573709 -8.39462 0.5687626 0.4681789 0.1296635 18.69875 1.72578 0 0.0 0.09210054582066385 8.540855048593262 0.0
-0.05610182 -0.07580086 -3.994426 -9.071131 0.4425021 0.3819568 0.4672958 18.15802 1.962984 0 0.0 0.09430368277035632 9.911652571021493 0.0
-0.04488492 -0.06766504 -8.443453 -14.29633 0.4238139 0.359339 0.4357032 18.22734 1.881525 0 0.0 0.08119860640188352 16.603522217653367 0.0
0.04999198 -0.04949007 2.691136 -0.07458583 0.7959903 0.617446 0.1193336 18.96411 nan 0 0.0 0.07034532744202204 2.6921693885290336 0.0
-0.03980735 -0.0740204 -1.279889 -6.380748 1.441309 1.359018 0.1478396 19.25438 nan 0 0.0 0.08404549202772567 6.507846102346382 0.0
-0.04359766 -0.06179755 -7.1158 -1.866949 1.311427 1.180715 0.01400438 19.29524 2.274975 0 0.0 0.07562865292650729 7.356637017591734 0.0
-0.05272527 -0.08098348 2.116796 0.2969823 0.2449072 0.2110723 0.294672 17.56318 1.614178 0 0.0 0.09663476667061031 2.1375274950580847 0.0
0.03637029 -0.08823284 0.1865929 -1.44844 0.4348607 0.3543693 0.3399683 18.20267 1.470203 0 0.0 0.09543496240450719 1.4604093069856854 0.0
-0.03692537 -0.0787802 -5.043121 -10.39259 1.304824 1.175749 0.358216 19.27015 2.040451 0 0.0 0.08700461402521649 11.551579819606538 0.0
-0.01687473 -0.0632193 0.5697474 -5.56362 0.2397786 0.2054178 0.2070061 17.52334 1.876393 0 0.0 0.06543268606027801 5.5927166568857 0.0
0.04205607 -0.06643376 0.09791487 -4.548907 0.6079592 0.5123275 0.3098158 18.66572 1.957294 0 0.0 0.07862669706647037 4.549960682952779 0.0
0.04018847 -0.07236496 -5.435688 -0.3088383 0.8223414 0.6459241 -0.06477072 18.53833 1.734488 0 0.0 0.08277560363260723 5.444454529968167 0.0
-0.02691963 -0.04827901 -1.182672 6.236263 1.556454 1.212926 0.008693452 18.66406 1.510975 0 0.0 0.05527684222092467 6.347415951767538 0.0
-0.008450052 -0.08978965 -0.9136209 -5.098375 0.1588019 0.140973 0.2864855 16.68855 2.459451 1 0.0 0.09018638825191529 5.17958789765574 0.0
-0.01703944 -0.0625899 -2.684976 -0.5201714 0.4933459 0.4130132 0.2735613 18.16857 nan 0 0.0 0.06486785103210681 2.7348993411008675 0.0
-0.05621408 -0.07051566 -1.445176 -0.1020998 0.2001394 0.168209 0.2405882 16.24759 2.593502 1 0.0 0.09018026999007044 1.4487781197050291 0.0
0.02589072 -0.09435647 -3.794617 -5.311593 1.038544 0.9278531 0.2843614 19.51801 nan 0 0.0 0.09784412508157707 6.5277973600854065 0.0
0.07226501 -0.06150265 0.04683429 -10.71234 1.167233 0.9298359 0.3107228 19.41042 nan 0 0.0 0.09489366484293142 10.712442379136505 0.0
0.05503944 -0.05227895 0.1567741 -3.353245 0.4930702 0.413186 0.2358379 17.96871 1.554544 0 0.0 0.07591066175851782 3.356907825433372 0.0
-0.01248247 -0.08718648 -1.931097 -7.057599 0.4020222 0.3443717 0.161283 17.66704 2.139721 0 0.0 0.08807550370046884 7.317023935194554 0.0
-0.01330765 -0.06705643 -8.439462 -9.916379 0.9956461 0.9200075 0.269253 19.50857 nan 0 0.0 0.06836415985637065 13.021485757051114 0.0
0.04597623 -0.07421529 -9.708886 -12.88733 1.002345 0.8110066 0.1161467 17.85 1.954067 0 0.0 0.08730247988915894 16.13523293571853 0.0
0.05119077 -0.06907523 -2.981454 -8.477459 0.1466092 0.115666 0.2551131 15.18968 2.832582 1 0.0 0.08597605674108229 8.986455310677119 0.0
-0.05755347 -0.08048219 -3.853562 -2.269156 0.7736828 0.6781422 0.2668373 18.95808 nan 0 0.0 0.09894334144467226 4.472025160951133 0.0
-0.03964944 -0.05417631 1.085686 0.302383 0.166561 0.1411705 0.3022754 16.52488 1.442923 0 0.0 0.06713531602316102 1.1270091256440649 0.0
0.006362529 -0.07809939 -2.862811 -2.492347 0.166026 0.1473131 0.2976398 16.78224 2.313954 1 0.0 0.078358129722754 3.795718692175436 0.0
-0.01467747 -0.08247559 -3.16574 -6.20698 0.4044099 0.3495398 0.3270996 17.90894 1.860271 0 0.0 0.08377142156755489 6.967676116755141 0.0
-0.03734075 -0.06647985 -1.835421 -3.513574 0.321345 0.2763333 0.3225022 17.91679 nan 0 0.0 0.07624894797034906 3.9640853296462986 0.0
0.04754356 -0.06522468 -3.050825 -9.860933 0.2599165 0.2232855 0.3380111 17.08698 2.02358 0 0.0 0.08071337546265799 10.322089556437398 0.0
-0.01725508 -0.08878353 -6.276166 -4.824028 0.2508649 0.2171649 0.09883781 16.90092 2.982435 0 0.0 0.09044475100892975 7.915902084054602 0.0
-0.05758721 -0.06761334 0.3379706 -4.019885 1.294507 1.056169 0.1517468 19.15328 1.69471 0 0.0 0.08881357160670715 4.034067369255174 0.0
-0.002992046 -0.07128431 0.8670884 -6.835346 0.5869232 0.5050908 0.1451367 17.85347 1.556559 0 0.0 0.07134707556334889 6.890123165309207 0.0
-0.02768013 -0.08139646 2.352869 -2.961982 0.1711557 0.1483056 0.2368534 16.80766 2.162092 0 0.0 0.0859742595045081 3.78276749212597 0.0
-0.04310291 -0.06425213 -9.04424 -14.62819 1.794687 2.165499 0.8539876 19.42643 nan 0 0.0 0.07737051802854238 17.198320262563435 0.0
0.01489503 -0.06965633 -3.754401 -5.005609 0.2256038 0.1832346 0.003445375 16.84715 2.113956 0 0.0 0.07123107627833375 6.257127801929732 0.0
0.04561766 -0.07921621 -3.111951 0.5482476 0.418401 0.340186 0.3556066 16.75481 1.833963 0 0.0 0.09141213721732852 3.1598757028254703 0.0
-0.0380514 -0.07469312 -3.604166 -2.676672 0.6503278 0.5341473 0.6579894 18.53808 1.570724 0 0.0 0.08382703154290029 4.489385876836608 0.0
-0.01838425 -0.05967759 -6.021941 -2.315562 0.1933196 0.1618944 0.3524651 16.48681 2.216185 1 0.0 0.06244513909241135 6.451790509875921 0.0
-0.05804844 -0.07806011 -12.31645 -11.20086 1.658279 1.294797 0.2130655 19.59287 1.578287 0 0.0 0.09727796338146528 16.64794898304593 0.0
0.04236524 -0.0459356 -4.561945 -7.147509 0.2911046 0.2306593 -0.09028595 16.75854 2.732438 0 0.0 0.0624891423178267 8.47928222717619 0.0
-0.01166061 -0.07665021 -2.271713 -5.902557 0.1620075 0.1383981 0.2155594 15.95752 2.41465 0 0.0 0.0775320870260578 6.32462323720694 0.0
-0.004693086 -0.06772907 -4.652547 -7.557096 1.234634 0.9569283 0.07459331 19.4014 2.631523 0 0.0 0.06789147206585151 8.874451731821239 0.0
0.07017726 -0.06587494 -6.545881 -4.599036 0.1442695 0.1169016 0.1079879 15.95184 2.482491 1 0.0 0.09625152227944866 7.999980637192629 0.0
-0.005213428 -0.08840664 0.9776709 -3.561989 0.2698659 0.2319608 0.2116807 17.10036 1.999194 0 0.0 0.08856022712030939 3.693725223243847 0.0
-0.03316484 -0.0870398 -2.351262 -7.836993 0.1959962 0.1667009 0.1595369 15.09666 4.326778 1 0.0 0.09314415384910424 8.18210805811638 0.0
-0.02828836 -0.06172994 -8.185148 -5.169153 1.189251 0.9400331 0.6519096 19.0472 nan 0 0.0 0.06790299554432926 9.6807432834113 0.0
-0.006421117 -0.07421413 -0.2136745 -4.472294 0.5586152 0.4796364 0.1076089 18.37318 1.986061 0 0.0 0.07449139436998471 4.477395494524272 0.0
0.08008916 -0.05437804 -1.415575 -0.377328 0.6702912 0.5447443 0.1774883 17.76409 1.507578 0 0.0 0.096805189859569 1.4650013652584084 0.0
-0.03739275 -0.07551497 -2.541844 -1.961173 0.2103414 0.1791508 0.3563948 17.18538 2.272516 0 0.0 0.08426582015659374 3.2104782285922764 0.0
-0.01448685 -0.07109442 -4.041547 -2.830323 0.1139345 0.09730633 0.1832495 15.48345 2.568744 1 0.0 0.07255539523742463 4.934048078154285 0.0
-0.0338504 -0.08769422 -5.06095 2.92935 0.6915757 0.6142198 0.3828157 18.64275 2.037956 0 0.0 0.09400066915489698 5.847589787681759 0.0
0.05001908 -0.05028735 -1.566395 -2.753095 0.7510776 0.6153349 0.2786624 18.58321 1.914577 0 0.0 0.0709276105199442 3.1675109115913083 0.0
0.07234765 -0.06096674 2.483473 -3.446269 0.5949498 0.4811383 0.1770785 18.86954 1.598625 0 0.0 0.09461038973997571 4.247871015236927 0.0
0.01689746 -0.07156967 -4.637367 -2.703572 0.1940479 0.1564978 0.04835972 14.851 3.975877 1 0.0 0.07353734981871797 5.367911535399312 0.0
0.04112386 -0.06478357 1.178527 -0.3014539 0.6785607 0.5643298 0.3601902 18.80686 1.591173 0 0.0 0.07673384392329437 1.2164704449982375 0.0
-0.0379193 -0.05901086 0.01191552 -0.01843578 0.5059678 0.422173 0.4060523 18.37442 1.830446 0 0.0 0.07014381591009716 0.02195125511397469 0.0
-0.0447173 -0.07558619 0.3338609 -6.825825 0.6374797 0.5738625 0.4569642 19.09875 1.913536 0 0.0 0.08782316914121295 6.833984930563852 0.0
-0.01566522 -0.08076292 -3.529752 -7.061555 0.1423727 0.1217951 0.1723527 14.55385 3.371601 1 0.0 0.08226814915004957 7.894599939169115 0.0
0.02625293 -0.06908039 0.2946987 -7.753297 0.2124165 0.1744425 0.1566325 17.18139 2.182761 0 0.0 0.0739007213505863 7.7588956491237004 0.0
0.02147716 -0.08106138 0.5578904 1.375309 0.7733715 0.6635643 0.4959921 18.96203 nan 0 0.0 0.08385830745471792 1.4841551616637525 0.0
-0.004884345 -0.0866099 -8.208285 -7.529889 0.5495976 0.469983 0.3405519 18.74712 1.575378 0 0.0 0.08674751641452927 11.138903491526714 0.0
0.02608434 -0.08705901 0.01562186 -4.911438 0.3427528 0.2843291 0.3284566 17.96378 1.644669 0 0.0 0.09088269370686425 4.911462844240386 0.0
0.02169693 -0.07935244 1.520297 -2.995822 0.6861856 0.5743421 0.3763097 18.86192 1.570957 0 0.0 0.08226522050890339 3.359501811860354 0.0
0.01900693 -0.08965546 -0.8182426 -4.728425 0.2116629 0.1807461 0.151426 16.76549 2.1454 0 0.0 0.09164804905635744 4.798700233717434 0.0
-0.03017929 -0.07012083 -4.786568 -1.3915 0.1343142 0.112911 0.2421628 15.73662 2.660496 1 0.0 0.07633950710341926 4.98472722108482 0.0
0.02142553 -0.06334021 -0.9553738 -4.410978 0.6422159 0.5185175 0.1722172 18.58557 nan 0 0.0 0.06686580246003931 4.51325448143692 0.0
-0.0306468 -0.065797 -2.622616 -7.502706 0.3392267 0.2800627 0.2136341 15.04055 5.245008 0 0.0 0.07258423767761152 7.947874684838205 0.0
-0.02205814 -0.07358469 1.750215 -3.001134 0.6174137 0.5214109 0.299151 18.68869 1.892759 0 0.0 0.07681971194072326 3.4741988763139338 0.0
