jas1101finalproject/data/gcs/NGC_6139.ecsv
# %ECSV 0.9
# ---
# datatype:
# - {name: x, unit: deg, datatype: float64}
# - {name: y, unit: deg, datatype: float64}
# - {name: pmx, unit: mas / yr, datatype: float64}
# - {name: pmy, unit: mas / yr, datatype: float64}
# - {name: pmx_e, unit: mas / yr, datatype: float64}
# - {name: pmy_e, unit: mas / yr, datatype: float64}
# - {name: pm_corr, datatype: float64}
# - {name: g_mag, unit: mag, datatype: float64}
# - {name: bp_rp, unit: mag, datatype: float64}
# - {name: filter, datatype: int64}
# - {name: memberprob, datatype: float64}
# - {name: r, unit: deg, datatype: float64}
# - {name: pm, unit: mas / yr, datatype: float64}
# - {name: member_prob_GMM, datatype: float64}
# meta: !!omap
# - comments: [deg deg mas/yr mas/yr mas/yr mas/yr dimless mag   mag   zeroone float]
# - __serialized_columns__:
#     bp_rp:
#       __class__: astropy.units.quantity.Quantity
#       unit: &id001 !astropy.units.Unit {unit: mag}
#       value: !astropy.table.SerializedColumn {name: bp_rp}
#     g_mag:
#       __class__: astropy.units.quantity.Quantity
#       unit: *id001
#       value: !astropy.table.SerializedColumn {name: g_mag}
#     pm:
#       __class__: astropy.units.quantity.Quantity
#       unit: !astropy.units.Unit {unit: mas / yr}
#       value: !astropy.table.SerializedColumn {name: pm}
#     pmx:
#       __class__: astropy.units.quantity.Quantity
#       unit: !astropy.units.Unit {unit: mas / yr}
#       value: !astropy.table.SerializedColumn {name: pmx}
#     pmx_e:
#       __class__: astropy.units.quantity.Quantity
#       unit: !astropy.units.Unit {unit: mas / yr}
#       value: !astropy.table.SerializedColumn {name: pmx_e}
#     pmy:
#       __class__: astropy.units.quantity.Quantity
#       unit: !astropy.units.Unit {unit: mas / yr}
#       value: !astropy.table.SerializedColumn {name: pmy}
#     pmy_e:
#       __class__: astropy.units.quantity.Quantity
#       unit: !astropy.units.Unit {unit: mas / yr}
#       value: !astropy.table.SerializedColumn {name: pmy_e}
#     r:
#       __class__: astropy.units.quantity.Quantity
#       unit: &id002 !astropy.units.Unit {unit: deg}
#       value: !astropy.table.SerializedColumn {name: r}
#     x:
#       __class__: astropy.units.quantity.Quantity
#       unit: *id002
#       value: !astropy.table.SerializedColumn {name: x}
#     y:
#       __class__: astropy.units.quantity.Quantity
#       unit: *id002
#       value: !astropy.table.SerializedColumn {name: y}
# schema: astropy-2.0
x y pmx pmy pmx_e pmy_e pm_corr g_mag bp_rp filter memberprob r pm member_prob_GMM
[from data line 5326]
-0.005110806 0.003162628 -8.41623 -2.08779 0.5202362 0.3508997 0.2524507 17.62297 1.712534 0 0.0 0.006010204142624442 8.671320228027565 0.0
0.07086194 -0.04789789 2.400115 -0.2259423 0.5817394 0.4266695 0.211591 18.82796 1.863543 1 0.0 0.08553141181469939 2.410726433288168 0.0
0.1023316 0.0009186492 -4.461731 -1.170811 2.267632 1.893093 -0.3245775 20.41802 1.273447 0 0.0 0.10233572335657114 4.612791119710712 0.0
0.03296405 -0.05309635 -4.289165 -4.355458 3.716812 2.354419 -0.2732827 20.43796 1.218323 0 0.0 0.06249680772427501 6.112851281275293 0.0
0.0551291 -0.02935215 -2.885504 -6.525494 1.426006 1.03033 0.1631983 20.03189 1.624979 1 0.0001860849 0.06245611560473882 7.134998617943244 0.0
0.1113168 -0.006106265 -5.439656 0.01972684 1.17329 0.7576954 0.4132134 19.71113 1.611984 0 0.0 0.11148415328866351 5.439691769443595 0.0
0.08302814 0.01781621 -3.684734 -3.283733 1.241661 0.785081 0.3318585 19.74239 1.6154 1 0.06186816 0.08491813334396664 4.93560199631666 0.0
0.002245473 0.0005420788 -8.164245 -3.320166 0.6439059 0.4702105 0.144279 16.85705 nan 0 0.0 0.002309978012695887 8.813534971144154 0.0
0.009805396 0.01365255 -5.583934 -2.296224 0.42023 0.3538801 0.3281932 18.25109 nan 0 0.0 0.01680886409664008 6.037628969598248 0.0
-0.1001083 0.02467214 -1.722196 -6.480008 3.688107 2.062797 0.2806036 20.39319 1.244953 0 0.0 0.10310376433995802 6.704958071642207 0.0
-0.001187393 -0.09275009 -6.651622 -2.126612 2.092246 1.166212 0.6813506 19.66476 1.921583 1 0.4121568 0.09275769023183225 6.983305365615053 0.0
0.01036398 0.01322523 6.437978 3.434811 1.891358 1.143947 0.2651359 19.46454 1.660685 0 0.0 0.0168023447766465 7.296950550346699 0.0
0.02394614 -0.0323942 -5.734636 -2.485516 0.8461254 0.5492423 0.4884517 19.01045 1.755575 0 0.0 0.04028401437964692 6.25010718618105 0.0
0.1038636 0.03276918 1.044071 -10.96692 1.144876 0.7567469 0.3897659 18.98066 1.450979 0 0.0 0.10891036021808209 11.016506639558704 0.0
0.1207063 -0.02581689 -9.466609 -3.868615 3.587135 2.082114 0.0437861 20.64514 1.167137 0 0.0 0.1234363101723399 10.226576552155956 0.0
0.04602226 -0.05949322 -0.09160152 -3.416569 0.6427997 0.4761366 0.4556259 18.68936 1.769758 1 0.0 0.0752162990413381 3.4177967420879947 0.0
0.1143026 -0.01885211 -7.307401 -7.989165 4.227005 2.439618 0.07554562 20.66448 1.933655 0 0.0 0.11584682308208585 10.827043307017203 0.0
-0.008140959 0.0002402874 -6.541807 -0.9220552 1.660052 1.322832 0.09663097 18.33909 nan 0 0.0 0.008144504372537335 6.6064683921968514 0.0
-0.112741 0.02211647 -5.098126 -2.079871 1.131891 0.8750257 -0.3461812 19.22422 1.658747 1 0.1931463 0.11488982255300466 5.506065027632437 0.0
-0.1287521 -0.03108766 7.219034 1.655782 0.5994961 0.409613 0.1519218 18.63442 1.803291 1 0.0 0.13245205116828354 7.406488096573166 0.0
0.1185617 0.01315772 2.218566 -1.051524 2.205758 1.362133 0.5975898 20.21325 1.93078 0 0.0 0.11928957331841036 2.4551451726796114 0.0
0.1029949 0.03221731 3.348118 6.371539 2.255401 1.3628 0.381461 19.40722 2.107018 0 0.0 0.10791619197157626 7.197666522592235 0.0
-0.05479723 -0.04527825 -5.926752 -2.658735 0.1385827 0.1014431 -0.002017402 15.71855 2.2616 1 0.9729806 0.07108344630598182 6.4957879483345975 0.0
0.08865346 -0.008473856 -5.593101 -0.3902253 1.717917 1.214111 0.1389623 20.26439 1.613268 0 0.0 0.08905752189164225 5.606697297069023 0.0
-0.00278957 -0.09360844 -4.737675 -2.959146 1.885234 1.050128 0.5007975 19.92809 1.513626 1 0.2320717 0.09364999594243718 5.5858848408234305 0.0
-0.1109702 0.02239391 -8.082209 -0.7706333 1.47623 1.242265 -0.4964246 19.52522 nan 0 0.0 0.11320721042905395 8.118865561317659 0.0
-0.0831258 -0.0520959 -3.096509 3.9141 1.44516 0.7362034 0.2109921 19.16349 1.633968 0 0.0 0.09810138338703486 4.9908463006869885 0.0
-0.03077832 -0.002630743 -4.992837 -3.397979 2.905291 2.251318 -0.3060403 20.27024 1.572737 0 0.0 0.03089054532950898 6.0394273398237015 0.0
0.03764041 -0.07988928 -1.703427 -6.297831 0.8923386 0.5715341 0.3997367 19.06035 1.806055 1 0.0 0.08831249925059588 6.524135103512956 0.0
0.09702687 -0.002423225 -6.891286 -2.239647 2.234347 1.534413 0.4506706 20.3224 1.142075 0 0.0 0.09705712504189234 7.246091458048609 0.0
0.1131621 -0.01881976 -4.599702 -4.630071 0.5973118 0.4158905 0.2613979 18.95548 1.908464 1 0.0 0.11471636432029914 6.526470405498289 0.0
0.0885792 -0.05848829 -6.289674 -3.356007 0.4573707 0.3400849 0.1344909 18.64238 1.994587 1 0.4484311 0.10614685459194775 7.1290098899023135 0.0
0.02176823 -0.007212681 0.6270405 -2.270819 1.358956 0.7727297 0.3028544 19.20862 1.768044 0 0.0 0.022932043182862294 2.3558010780626724 0.0
-0.03810078 0.06843352 -0.87191 -3.686259 1.39153 0.9737786 0.410179 19.42629 1.850151 0 0.0 0.07832506684452174 3.7879720779304855 0.0
0.1261043 -0.009743467 -5.943224 -5.339175 1.105744 0.693981 0.4846646 19.49109 1.873985 1 0.0001206619 0.12648015507450205 7.9892866511848855 0.0
-0.0007373862 0.002308315 -4.526146 -3.52062 0.4553635 0.369716 0.3013457 14.38415 2.184172 0 0.0 0.0024232326646806824 5.734174988410801 0.0
0.0659465 -0.04669916 -5.446006 -2.38076 1.570304 0.8510843 0.5727212 19.4718 1.663765 0 0.0 0.08080688341320683 5.943652036386046 0.0
0.08102013 -0.01274866 -7.117718 -1.97918 1.735466 1.214948 0.2186922 20.34257 1.627686 0 0.0 0.08201700919329172 7.3877644115066365 0.0
-0.03233385 -0.03135229 -6.174708 -2.303146 0.4015073 0.2911721 0.159297 18.15747 2.062279 1 0.963811 0.045038249789113693 6.590257990593388 0.0
0.00748896 -0.08634179 1.667601 -0.7029152 1.759163 0.9819968 0.5150432 19.59492 1.880274 0 0.0 0.0866659634590518 1.8096913752328159 0.0
-0.09203896 0.02665523 -4.133603 -5.180122 3.362631 2.384304 -0.3205091 20.47941 nan 0 0.0 0.09582103863053511 6.627242088266656 0.0
0.03835538 -0.1186889 2.817996 -1.801067 4.641985 2.891506 -0.2411565 20.73998 1.335623 0 0.0 0.1247324743527298 3.3443898986967713 0.0
-0.007297568 -0.1118201 -2.952763 -3.223923 2.099088 1.370501 0.2985656 20.10702 1.944859 0 0.0 0.11205797277625822 4.37178325676125 0.0
0.01704544 -0.07929389 -2.86851 -4.436971 3.159355 1.906603 0.5704979 20.5853 2.071224 0 0.0 0.08110528969263164 5.2834705710300875 0.0
-0.0193144 -0.1207907 -8.536421 -9.023378 1.911368 1.854514 -0.4805594 20.23777 2.035952 1 0.0001031845 0.12232513745690213 12.421426408433334 0.0
-0.04431196 -0.004941963 -0.5926765 4.349563 0.6071006 0.4530405 0.1819903 18.72716 1.896801 1 0.0 0.044586688566599884 4.389756681710416 0.0
-0.01110306 -0.1321414 -5.26151 -0.3898546 2.673832 2.158001 0.0394824 20.27821 1.264257 1 0.0636101 0.13260704180142016 5.275933480365457 0.0
0.05416005 -0.03836553 -1.212969 -1.65957 0.4979208 0.3800781 0.06544211 18.27749 1.849998 0 0.0 0.06637186834934963 2.0555939238723684 0.0
-0.1054322 0.01542143 -6.725973 -0.4976222 2.648108 2.046481 -0.2797919 20.25616 0.598526 0 0.0 0.10655406749666997 6.744356207278931 0.0
0.00560816 -0.005004677 -1.510244 -0.2161142 0.7292678 0.4333221 0.9120161 16.3017 nan 0 0.0 0.007516531810611128 1.5256284891734422 0.0
-0.1125629 -0.03034684 -0.2866618 -2.573796 0.5562737 0.3563114 0.09157203 18.49876 1.758221 1 0.0 0.11658189033634511 2.589710570159384 0.0
-0.06206591 0.03695685 -4.897679 -3.167837 1.565469 0.9607887 0.4357774 19.52157 1.723312 0 0.0 0.07223562795498216 5.832876721276561 0.0
0.02796066 -0.1236317 -8.594953 -2.191193 2.835738 2.375277 -0.5004932 20.59459 nan 0 0.0 0.1267540758813128 8.86986718251508 0.0
-0.09241344 -0.08751539 -0.05128196 -6.390517 2.256519 1.152372 0.1452649 20.02332 1.761253 1 6.036939e-05 0.1272760282986773 6.39072275777243 0.0
-0.07241237 0.1094644 -4.81001 -2.747321 0.5653691 0.3906188 0.2560334 18.76881 1.736681 1 0.0778701 0.13124788073099278 5.539311227683546 0.0
0.03893538 -0.03459046 -2.244018 -2.736618 0.1435425 0.1062267 0.01648688 15.97836 2.095762 1 0.0 0.05208131851975332 3.5390245636683564 0.0
0.0949703 0.014822 -2.94919 -6.710861 3.171696 2.284967 -0.1183597 20.65777 1.493572 1 0.04274244 0.0961199748548136 7.330305383639962 0.0
0.09740827 -0.001599771 -2.235966 -4.952166 1.779078 1.204805 0.2517163 20.0314 1.170038 0 0.0 0.09742140592110823 5.433552433234817 0.0
-0.07283935 -0.03153865 -5.712439 -0.04082558 0.5427436 0.4247471 -0.3906434 17.99851 1.781559 1 0.0 0.07937416048214305 5.7125848839823234 0.0
-0.02151549 -0.0215902 -14.1915 -3.110503 3.197309 2.132979 0.1748726 20.01415 1.414839 0 0.0 0.03048037148691105 14.528382606574242 0.0
-0.06485784 0.03454729 -2.057507 -5.255328 1.215793 0.7306524 0.3704506 19.56522 1.505812 0 0.0 0.07348506416823557 5.643740554156703 0.0
0.05695223 -0.05192134 -7.965991 -2.731819 0.5039488 0.3254966 0.3604137 18.26392 2.175585 1 0.1071257 0.07706738641843579 8.421392263803058 0.0
-0.06837895 -0.03774073 -1.231344 -9.390685 3.424709 2.66227 -0.346623 20.42826 nan 0 0.0 0.07810277526461784 9.471070309925958 0.0
-0.09206992 0.03221703 -5.280339 -4.483266 1.654441 1.024416 0.3479021 19.83596 1.490459 0 0.0 0.0975438731588371 6.9268790939121345 0.0
-0.06964314 0.113507 -4.041677 -5.813742 1.140396 0.5732108 0.09742869 19.31646 1.804394 1 0.0 0.13316908799740126 7.080589595146226 0.0
-0.01649135 -0.1187796 2.069302 -5.885897 1.882947 1.107536 0.2925035 20.00083 1.804998 1 0.0 0.1199189643091638 6.239053955674129 0.0
-0.1223151 0.01102658 -3.585521 -1.487526 0.2610838 0.1891066 -0.02520204 17.44485 1.993307 1 0.0 0.12281111168988904 3.8818416302210217 0.0
0.08519333 -0.08963878 1.41484 0.5879468 0.1847399 0.1409195 -0.07758071 16.79055 1.903563 1 0.0 0.12366492775389998 1.5321402237491972 0.0
-0.03296879 -0.04535633 -6.754482 -3.079621 0.3594891 0.1938959 0.4463709 17.02864 nan 0 0.0 0.056072611720277485 7.4234151569183435 0.0
0.09803889 -0.001016988 -3.128343 -6.692081 1.734957 1.248344 0.1193336 20.08901 nan 0 0.0 0.09804416462505172 7.387183362839317 0.0
-0.06755565 0.03337367 -6.362954 -2.470159 0.4104198 0.280115 0.216166 18.1288 1.348646 0 0.0 0.07534963633748606 6.825603936018923 0.0
-0.0621146 0.02462771 -2.425459 -1.436954 3.304535 2.713609 -0.3668238 20.45773 1.031721 0 0.0 0.06681876707186461 2.819164443376264 0.0
0.009587959 -0.01222632 -6.023864 -2.138872 0.1260805 0.09273766 0.1275091 15.83949 2.148899 1 0.9290171 0.015537434103740585 6.392316553713528 0.0
-0.07160147 0.04864376 -5.914642 -5.753956 0.2244928 0.1616114 0.09061891 17.12136 2.133282 1 0.0 0.08656203494083593 8.251727070019948 0.0
-0.06830727 -0.03817172 2.2647 -2.95222 1.761527 1.411826 -0.3901277 19.67459 1.404921 0 0.0 0.07824936640389685 3.7208156388619957 0.0
-0.04467872 0.04932188 -2.748799 -1.912174 1.413201 0.892365 0.3943122 19.73595 1.908413 1 0.1246917 0.06654949937882929 3.3484780645357377 0.0
-0.1054793 0.01510856 -11.45333 -9.4967 3.391908 2.377603 0.08782891 20.31864 nan 0 0.0 0.10655586006299043 14.878376221177497 0.0
-0.03946987 0.07051559 -4.191207 -14.04342 2.407245 1.519988 0.457859 20.06211 2.043539 0 0.0 0.08081038962203438 14.655506180724329 0.0
0.06829543 -0.0245952 -4.834956 -6.916208 2.787025 1.704572 0.6561671 20.15516 1.475042 0 0.0 0.07258918391830081 8.438645188725499 0.0
-0.07317931 0.02182483 -8.063688 -0.4133722 1.837001 1.118166 0.4561079 20.03926 0.9131832 0 0.0 0.07636448530963198 8.074276483814314 0.0
0.01205935 -0.08220348 -4.224302 -2.000966 2.413068 1.43412 0.4917472 20.07918 1.517262 0 0.0 0.08308333194168913 4.674247781232826 0.0
0.01166689 -0.0144506 -3.813983 -0.7110539 2.318875 1.252713 0.6610891 19.67145 nan 0 0.0 0.01857245709732829 3.879698953913075 0.0
-0.005331758 -0.06143928 -3.763027 -5.825983 2.33308 2.224034 -0.47782 20.29592 1.471111 0 0.0 0.06167019353211861 6.9355929897174615 0.0
0.06069249 -0.03846618 -1.9252 -5.57614 0.5175937 0.3739623 0.1921503 18.75879 1.755747 1 0.0 0.07185558674308143 5.899129795113852 0.0
0.003743275 0.008884759 -6.447318 -3.330418 0.1781245 0.1271171 0.1903484 16.28179 2.052264 0 0.0 0.00964111249875791 7.256693010445461 0.0
0.1112617 -0.06401716 0.4205124 -4.723583 0.6228704 0.4258838 0.2521731 19.00705 2.036232 1 0.0 0.1283641798219254 4.742263914676487 0.0
-0.05955168 0.0588897 -4.870701 -5.16196 0.3136325 0.2017469 0.2918126 17.35721 1.795082 1 0.0 0.0837520110618987 7.097151490069872 0.0
0.02442527 -0.1242026 -5.39421 0.7657404 2.769847 2.248286 -0.2650755 20.40186 1.938854 0 0.0 0.12658151390046218 5.448289629259091 0.0
0.01459996 -0.08010587 -5.19406 -6.569708 1.887672 1.020245 0.5497248 19.67668 1.594294 0 0.0 0.08142548274624167 8.374922237780122 0.0
0.01654761 -0.07618098 -6.871313 -2.63595 0.545551 0.4125453 0.09142463 18.72846 1.04493 0 0.0 0.07795745705493798 7.359563488853738 0.0
-0.09903443 -0.02935396 -4.670831 0.5808787 0.7323832 0.5014253 0.1537487 18.76878 1.766491 0 0.0 0.1032931425270163 4.706812328389001 0.0
0.07594985 0.01248354 -0.2694021 -5.546955 1.31238 0.7919165 0.3659192 19.55473 1.851185 0 0.0 0.07696894494504976 5.553493248713768 0.0
-0.03520407 0.05590373 -5.469808 -3.099412 1.414146 0.9080274 0.519387 19.7282 1.607618 0 0.0 0.06606476801198805 6.286903395361503 0.0
-0.005532482 -0.07585884 -5.830459 -1.425973 1.430007 0.9064811 0.2562528 19.70297 1.912468 0 0.0 0.07606031792745757 6.00230381998529 0.0
0.003695779 0.009754512 -6.681153 -2.566077 0.2578548 0.1814544 0.1868846 17.11951 1.880713 0 0.0 0.010431169003279787 7.156993543334939 0.0
0.08837637 -0.04018511 0.3480622 -0.5243408 0.2778461 0.2052783 0.1466423 17.74074 1.665487 1 0.0 0.09708360232340475 0.6293493224064677 0.0
0.1005904 -0.07056635 -2.471723 -0.9068812 0.9692256 0.6028833 0.3356674 19.3943 1.931738 1 0.0005632954 0.12287407507071009 2.6328403103193403 0.0
-0.0365241 0.05571996 -6.944471 -2.308911 2.137934 1.370966 0.379019 20.29114 1.37689 0 0.0 0.06662374819245462 7.318247568630212 0.0
0.08119676 -0.003742355 1.854321 -1.651831 0.6376236 0.4656201 0.2196752 18.99369 1.74859 1 0.0 0.08128295673413724 2.483354993471936 0.0
0.111427 -0.0419036 -8.866887 -4.86829 2.778347 2.445757 -0.3270371 20.50077 1.556158 0 0.0 0.11904573920119947 10.115430420642959 0.0
-0.01077598 -0.09892307 -3.625133 -7.121948 0.8318889 0.5716836 0.379508 18.89509 1.852997 1 0.0 0.09950826861716217 7.991478748166261 0.0
-0.02701306 -0.02929776 -5.348911 -5.897015 1.333521 0.8374035 0.3701286 19.52005 1.693794 0 0.0 0.03985052260110525 7.961509580233261 0.0
0.1039204 0.03098001 -4.436135 -7.913377 0.2626691 0.1920177 0.2244041 17.37488 2.079424 1 0.0 0.10843989374653637 9.071980449844125 0.0
-0.03570159 -0.1135606 -5.245738 -0.06932257 0.4891653 0.3328951 0.3209203 18.16546 1.670912 1 0.0 0.11904038558778318 5.246196029825364 0.0
-0.1205533 -0.01165264 -3.368594 -0.5806717 1.851899 0.9255297 0.1702987 19.81043 1.411728 0 0.0 0.12111516073497818 3.4182751732440866 0.0
-0.08917543 0.01838861 -0.916228 -4.69997 1.590235 0.9485048 0.3059176 19.6765 1.540604 0 0.0 0.09105162433156808 4.788443562253188 0.0
-0.03331139 0.07778192 -2.705825 -6.422489 0.8094547 0.5307042 0.444274 19.00352 2.165518 1 0.0 0.08461486738522078 6.969207550772612 0.0
0.1009012 -0.07745613 -3.123968 -2.425154 0.9079862 0.5713686 0.2980878 19.33791 1.970993 1 0.004204578 0.12720261096383556 3.954813268504595 0.0
-0.0263104 -0.06623139 -11.53462 -5.384997 4.479302 2.775314 -0.007262733 20.62778 1.754883 0 0.0 0.07126593975730693 12.729715284891842 0.0
0.04677199 -0.07495849 -0.4979509 0.4071322 1.263951 0.8326824 0.2394529 19.81638 1.784338 1 2.844816e-05 0.08835380168187558 0.6432042654457836 0.0
-0.08942005 -0.04228069 -5.210568 -4.117196 3.800605 2.324181 -0.2294937 20.45586 1.650595 0 0.0 0.09891209273328817 6.640882605877023 0.0
-0.0734019 -0.03891304 -10.08991 -1.853593 3.546315 2.934403 -0.06284646 20.42224 1.781439 0 0.0 0.08307865914692895 10.258756787142826 0.0
0.03163208 -0.03089421 -5.055098 -1.826608 0.6987099 0.4865713 0.3652582 18.85231 1.790365 0 0.0 0.04421584214566652 5.374989541875221 0.0
0.06202796 -0.05969231 -10.42613 -8.117633 1.602304 0.9976194 0.2371459 20.04013 2.249983 0 0.0 0.08608507242778914 13.2136350902993 0.0
