jas1101finalproject/data/gcs/NGC_5946.ecsv
# %ECSV 0.9
# ---
# datatype:
# - {name: x, unit: deg, datatype: float64}
# - {name: y, unit: deg, datatype: float64}
# - {name: pmx, unit: mas / yr, datatype: float64}
# - {name: pmy, unit: mas / yr, datatype: float64}
# - {name: pmx_e, unit: mas / yr, datatype: float64}
# - {name: pmy_e, unit: mas / yr, datatype: float64}
# - {name: pm_corr, datatype: float64}
# - {name: g_mag, unit: mag, datatype: float64}
# - {name: bp_rp, unit: mag, datatype: float64}
# - {name: filter, datatype: int64}
# - {name: memberprob, datatype: float64}
# - {name: r, unit: deg, datatype: float64}
# - {name: pm, unit: mas / yr, datatype: float64}
# - {name: member_prob_GMM, datatype: float64}
# - {name: member_prob_DB, datatype: float64}
# meta: !!omap
# - comments: [deg deg mas/yr mas/yr mas/yr mas/yr dimless mag   mag   zeroone float]
# - __serialized_columns__:
#     bp_rp:
#       __class__: astropy.units.quantity.Quantity
#       unit: &id001 !astropy.units.Unit {unit: mag}
#       value: !astropy.table.SerializedColumn {name: bp_rp}
#     g_mag:
#       __class__: astropy.units.quantity.Quantity
#       unit: *id001
#       value: !astropy.table.SerializedColumn {name: g_mag}
#     pm:
#       __class__: astropy.units.quantity.Quantity
#       unit: !astropy.units.Unit {unit: mas / yr}
#       value: !astropy.table.SerializedColumn {name: pm}
#     pmx:
#       __class__: astropy.units.quantity.Quantity
#       unit: !astropy.units.Unit {unit: mas / yr}
#       value: !astropy.table.SerializedColumn {name: pmx}
#     pmx_e:
#       __class__: astropy.units.quantity.Quantity
#       unit: !astropy.units.Unit {unit: mas / yr}
#       value: !astropy.table.SerializedColumn {name: pmx_e}
#     pmy:
#       __class__: astropy.units.quantity.Quantity
#       unit: !astropy.units.Unit {unit: mas / yr}
#       value: !astropy.table.SerializedColumn {name: pmy}
#     pmy_e:
#       __class__: astropy.units.quantity.Quantity
#       unit: !astropy.units.Unit {unit: mas / yr}
#       value: !astropy.table.SerializedColumn {name: pmy_e}
#     r:
#       __class__: astropy.units.quantity.Quantity
#       unit: &id002 !astropy.units.Unit {unit: deg}
#       value: !astropy.table.SerializedColumn {name: r}
#     x:
#       __class__: astropy.units.quantity.Quantity
#       unit: *id002
#       value: !astropy.table.SerializedColumn {name: x}
#     y:
#       __class__: astropy.units.quantity.Quantity
#       unit: *id002
#       value: !astropy.table.SerializedColumn {name: y}
# schema: astropy-2.0
x y pmx pmy pmx_e pmy_e pm_corr g_mag bp_rp filter memberprob r pm member_prob_GMM member_prob_DB
[from data line 1787]
0.008662565 -0.01143003 -4.800943 -2.07656 0.2908842 0.1688624 -0.2060001 17.10719 1.664348 0 0.0 0.014341743903030935 5.230789149148435 1.0 0.0
-0.06083206 -0.03317047 -5.922224 -4.710879 3.011525 2.129936 0.3303328 20.54252 1.260748 0 0.0 0.06928794703167716 7.567371938712739 0.0 0.0
-0.01563022 -0.04063715 -10.18543 -5.18365 2.288389 2.146995 -0.3902524 20.20141 0.1953697 0 0.0 0.043539427389102166 11.428613722031207 0.0 0.0
-0.05655153 -0.01578153 -4.798386 -1.421917 2.032149 1.733478 0.243023 20.212 1.05966 0 0.0 0.05871228350593937 5.004633469084924 0.0 0.0
-0.01274368 0.006814739 -6.564389 -2.486828 1.002405 0.7127696 0.04753411 19.38095 1.749002 0 0.0 0.014451368363602148 7.019652159822807 0.0 0.0
0.008200483 0.0006702741 -1.157283 -2.124741 1.127328 0.9271624 -0.5250514 17.74055 1.488711 0 0.0 0.008227830139375739 2.4194685902424937 0.0 0.0
0.03696451 0.06933626 -3.476877 -2.228626 0.9048624 0.6549172 -0.1294442 19.25878 1.650665 1 0.04662385 0.07857411755996818 4.129824151341676 0.0 0.0
0.01790523 -0.04341506 -3.130301 0.5024084 2.553785 2.735587 -0.08932517 20.56405 1.491386 0 0.0 0.046962375324897054 3.1703625267454125 0.0 0.0
-0.05967279 -0.03263873 2.350759 -2.024508 4.292946 2.456086 0.4499002 20.72405 1.343327 0 0.0 0.06801564939333447 3.1023701452510464 0.0 0.0
0.05698289 -0.04678411 -9.933975 0.7064287 2.617986 2.460093 -0.2083922 20.47089 1.026793 1 0.08579521 0.07372789635710625 9.959061241342413 0.0 0.0
0.01398767 0.009427452 0.7054914 -0.5213972 0.5785668 0.3999957 -0.01470405 18.15657 1.456823 0 0.0 0.01686806933947107 0.8772531878778212 0.0 0.0
-0.01526121 -0.04601194 -2.908698 -2.190173 0.5373552 0.3911433 -0.08646895 18.66456 1.484636 1 0.000562603 0.04847683109721282 3.6410687751171356 0.0 0.0
-0.01077519 0.02905873 -6.322134 -0.8637186 0.305789 0.2308984 -0.1781447 17.70878 1.520361 1 0.04401113 0.03099216850672118 6.380861080915487 0.0 0.0
0.03437411 0.02427139 0.527361 -1.366021 2.294426 2.73786 -0.2586042 20.26231 1.184887 0 0.0 0.04207944641774889 1.4642824170090958 0.0 0.0
-0.06946187 -0.01502828 -4.758779 -3.912899 0.3093287 0.2283604 -0.008452145 17.95261 2.015427 1 0.0 0.07106898468147199 6.160905465517386 0.0 0.0
0.004225188 0.005050072 -4.835073 -4.23647 0.6964863 0.4911047 -0.1269182 17.65234 1.534421 0 0.0 0.0065844848576428515 6.428499745370533 0.0 0.0
0.01296748 -0.04117803 -3.841956 -4.467776 1.05402 0.7773606 -0.06137069 19.56189 1.591255 0 0.0 0.043171584314584746 5.892507810101909 0.0 0.0
0.004705672 0.06957943 -5.498993 -2.071283 1.102841 0.8373628 0.02975626 19.61017 nan 0 0.0 0.06973837127504831 5.8761498687608364 0.0 0.0
0.01082371 0.008440281 -4.375217 -2.031766 0.2722254 0.1911026 -0.06363981 17.36362 1.784926 0 0.0 0.013725561610479223 4.823960704218578 0.0 0.0
0.08158376 0.001965794 -5.962024 -2.396543 2.092388 1.639587 -0.0009105208 20.30422 1.628918 0 0.0 0.08160743986787011 6.42566327529112 0.0 0.0
0.006114844 -0.04457934 -3.96105 -5.339112 0.7956796 0.612706 -0.07180157 19.18186 1.515812 0 0.0 0.044996765127950436 6.648009781208509 0.0 0.0
0.009915073 -0.0336013 -8.150591 -1.270352 1.375607 1.229151 -0.5309984 19.55826 1.321388 0 0.0 0.03503364146481677 8.24899556632109 0.0 0.0
-0.02207387 -0.005277496 -12.32914 -2.334628 2.907613 2.692468 -0.4349906 20.64916 0.3791218 0 0.0 0.022695984244066526 12.548234180074264 0.0 0.0
-0.03877424 -0.009095385 -4.391214 -4.91141 0.410548 0.2946771 -0.00364418 18.07242 1.543097 1 0.0 0.03982672112885801 6.5882249947839515 0.0 0.0
0.03825683 -0.05655362 -3.671278 -5.353685 1.830345 1.229574 0.1065868 20.12875 1.12546 0 0.0 0.068278085626014 6.491550294999569 0.0 0.0
0.003750765 0.0001520414 -5.710859 -0.9611194 0.1243981 0.093396 -0.2647999 14.43554 2.074833 0 0.0 0.003753845318142313 5.791170954041796 0.0 0.0
-0.02411656 0.01727018 -4.75326 -1.627726 1.552919 1.072198 0.1564698 19.9038 nan 0 0.0 0.029662561984191455 5.0242385053534235 0.0 0.0
0.05914417 0.05814035 -2.71397 -2.883414 0.3475778 0.2656617 -0.1824102 17.97797 1.414576 1 0.0 0.0829357169325219 3.9597612877919803 0.0 0.0
0.07718381 -0.02653785 -6.72838 -1.442045 2.260628 1.855334 0.03505126 20.15476 1.579752 0 0.0 0.08161861312677765 6.881176585906293 0.0 0.0
0.07651507 -0.009771144 -4.539119 -4.989029 0.5347625 0.4543503 0.01690611 18.57202 1.514193 1 0.0 0.07713644529127354 6.744924881642642 0.0 0.0
0.04840607 -0.0238634 -5.284557 -1.832484 0.243951 0.1975809 -0.2206942 17.34605 1.285994 1 0.8787699 0.05396859709502277 5.593258468594581 0.0 0.0
-0.01736945 -0.04175165 -9.828932 -4.351443 2.576362 2.448246 -0.3571765 20.47849 1.005573 0 0.0 0.045220549211890386 10.749091144970025 0.0 0.0
-0.04676021 -0.03095707 0.6541727 -6.098528 4.397882 2.517125 -0.06210672 20.61213 nan 0 0.0 0.056079028363809943 6.133513323390542 0.0 0.0
0.003824094 0.0692667 -0.8244714 -3.03194 0.8538837 0.6490423 -0.05251082 19.17149 1.731535 0 0.0 0.0693721804746747 3.142039664456507 0.0 0.0
0.003644551 0.002593456 -5.245323 -1.48463 0.07494921 0.05661439 -0.3394652 14.46333 2.037633 1 0.9903835 0.004473115917963339 5.451379606230793 0.0 0.0
-0.0160123 0.05968162 -4.565839 -3.560669 1.34632 1.001965 -0.08294369 19.88843 1.469109 1 0.04767208 0.06179230953051035 5.790099265252885 0.0 0.0
0.01774744 0.07629018 -5.471623 -7.224591 0.7641531 0.5704019 -0.1437973 19.04929 1.801889 1 0.0 0.07832728254564944 9.062746458519625 0.0 0.0
0.04920912 -0.01407953 -4.10341 -4.426062 1.324657 1.06577 -0.04499365 19.79656 1.439779 0 0.0 0.05118369521825579 6.035561155016492 0.0 0.0
0.06072311 -0.03149186 -2.76279 -2.52217 0.8684236 0.7409825 -0.08465344 19.42348 1.488697 0 0.0 0.06840345995877475 3.7409023100049 0.0 0.0
0.05694753 -0.02018417 -1.86685 -1.915267 0.2416841 0.1800219 -0.1313249 17.18051 1.483534 1 0.0 0.060418721367551304 2.674579706007843 0.0 0.0
0.007593545 -0.04380136 -4.56177 -5.916992 2.312381 2.148401 -0.4997202 20.48613 1.126366 0 0.0 0.04445470800170242 7.47131446674305 0.0 0.0
0.075281 0.004684758 -4.224616 -3.701812 3.033751 1.746585 -0.03237072 20.34799 1.304768 0 0.0 0.07542662605816704 5.617009206935663 0.0 0.0
-0.05173734 -0.02329856 -0.9540881 -5.404159 1.511055 1.035215 0.2646394 19.89799 1.751999 0 0.0 0.056741301080863484 5.48773346654542 0.0 0.0
-0.06854023 -0.0104531 -2.616293 -2.580666 0.3014098 0.2080858 0.07570451 17.85652 1.618855 1 0.0 0.06933275148198648 3.674891299808064 0.0 0.0
0.01684216 0.0374531 1.013693 -3.671881 1.293651 1.037034 -0.223623 19.58635 nan 0 0.0 0.04106571627374348 3.809236613340001 0.0 0.0
0.005327601 0.001204745 -5.3662 -1.587925 0.1347138 0.1034497 -0.2436851 16.08188 1.745379 0 0.0 0.005462118904804802 5.596213741953125 0.0 0.0
0.009091734 0.007464086 -5.108367 -2.72656 0.7780407 0.5004736 -0.1455304 18.63725 1.536793 0 0.0 0.0117631716361767 5.790470001674216 0.0 0.0
0.07898876 0.0004748662 -7.340786 -5.46453 1.285828 0.8842834 0.02511331 19.67942 nan 0 0.0 0.0789901873921407 9.151405750959576 0.0 0.0
0.01102588 0.04542754 -5.771915 -6.334604 1.447501 1.175466 -0.1872939 19.92346 0.9964905 0 0.0 0.04674645890573959 8.569843090981363 0.0 0.0
0.01397625 0.03610745 -5.510267 0.3469817 1.148359 0.8748281 -0.04434659 19.59998 1.681923 0 0.0 0.03871799981358799 5.521180916382281 0.0 0.0
0.01835797 0.07665234 -4.351929 -5.087466 1.139665 0.8573776 -0.122178 19.56676 1.585657 0 0.0 0.07882002467645198 6.694893301778379 0.0 0.0
0.04926574 -0.0246196 -3.312405 -5.305423 0.8852131 0.5432267 -0.03689313 18.89315 1.60107 1 0.0 0.05507483855543836 6.254561542822486 0.0 0.0
-0.01091242 0.07823394 -4.990299 -4.918778 0.9743288 0.7206813 -0.08410777 19.43936 1.334984 1 4.809968e-05 0.0789913303988482 7.006958050586931 0.0 0.0
0.04443316 -0.05372855 7.78217 -2.163541 0.6163356 0.4733512 -0.09456445 18.73489 1.388468 0 0.0 0.06972132236760932 8.07731883533026 0.0 0.0
0.005703341 -0.01130369 -3.694708 -2.79677 0.506821 0.3968866 -0.6959069 17.64434 nan 0 0.0 0.012661023109463982 4.633874150013571 0.0 0.0
0.008907757 0.006624888 -14.69075 4.000377 1.607932 1.156615 -0.127793 19.17311 nan 0 0.0 0.011101228570910204 15.225674096887435 0.0 0.0
-0.0205897 -0.05924334 -3.861452 -2.864801 0.4384521 0.3569519 0.144729 18.543 nan 0 0.0 0.06271928794593892 4.808107352992963 0.0 0.0
-0.01494896 0.06613262 -5.025856 -2.07239 0.64721 0.4811191 -0.07126679 18.8883 1.619518 1 0.3845715 0.06780114182774506 5.436361728659711 0.0 0.0
0.0500746 0.02675973 -8.811699 1.290233 3.753522 2.887257 -0.4623597 20.55381 nan 0 0.0 0.05677630416672874 8.905657778114428 0.0 0.0
-0.02994526 -0.0532326 2.516206 -1.245438 1.365443 1.300118 0.4275669 19.72237 2.132011 0 0.0 0.06107723224923998 2.807562723480991 0.0 0.0
0.000915697 -0.04333536 7.605875 -2.37811 2.978551 2.770982 -0.2507965 20.46008 1.182943 0 0.0 0.04334503347934351 7.96898623964962 0.0 0.0
0.06321899 -0.04442317 -7.308571 -2.330151 1.183986 1.003364 -0.04179077 19.77483 1.603941 0 0.0 0.07726615513579668 7.671037331733043 0.0 0.0
0.04179844 -0.01780694 -4.105792 -4.043301 1.56839 1.272982 -0.07099309 19.80088 1.547985 0 0.0 0.04543343150805583 5.762448344572383 0.0 0.0
0.0353968 0.02004776 -2.874747 -2.245323 0.8373428 0.6614599 -0.1621858 19.1481 1.74333 1 0.04519979 0.04067980003954788 3.647690459501464 0.0 0.0
-0.01518668 -0.03743266 -5.27422 -2.112996 0.3231614 0.2662317 -0.1630791 17.9541 1.241726 0 0.0 0.04039603054878041 5.681738176334421 0.0 0.0
0.01958947 0.009337712 -5.434147 -8.564493 0.9270995 0.491937 -0.1961485 18.77602 1.547295 0 0.0 0.021701156657557313 10.143002216536187 0.0 0.0
0.0005397541 0.0401531 -7.882261 -2.315211 1.317851 1.04698 -0.1982815 19.84112 1.470968 0 0.0 0.04015672763184852 8.215244393604003 0.0 0.0
-0.03805149 -0.01783427 -5.048349 0.4982387 0.9683606 0.5938402 -0.202398 19.11691 1.577915 0 0.0 0.04202353004749839 5.072875853791288 0.0 0.0
0.05043322 0.02723999 2.52863 -4.703655 0.5360521 0.4239638 -0.2770809 18.50679 1.500893 0 0.0 0.05731951443242083 5.340256551508084 0.0 0.0
-0.002194595 -0.07669491 -4.976996 -3.275681 1.038584 0.716833 0.1824853 19.73132 nan 0 0.0 0.07672630231623394 5.958235913236148 0.0 0.0
-0.03199304 -0.03992448 -8.513425 -0.4854127 3.010257 2.863856 -0.3520269 20.66106 1.478886 1 0.1591206 0.05116169183785853 8.527252237382585 0.0 0.0
0.04666609 -0.0527122 -6.348565 -5.465534 1.175681 0.796685 0.153275 19.35493 nan 0 0.0 0.07040099420269645 8.377131935476545 0.0 0.0
0.02013771 0.02436739 1.255636 -4.396571 2.435473 2.080748 -0.56262 20.35803 nan 0 0.0 0.031611660181904394 4.572358070245264 0.0 0.0
0.07756555 -0.0002818875 -6.031709 -6.052718 0.5205985 0.4199523 -0.1946832 18.42676 1.417652 1 0.0 0.07756606221386488 8.544993191817358 0.0 0.0
0.004555051 0.01478133 -5.128819 -1.881296 0.186312 0.1470489 -0.2020223 16.62745 1.874978 1 0.9553648 0.015467262401003644 5.4629716248921705 1.0 0.0
0.004620424 -0.009201674 -4.424482 -5.242723 0.2944477 0.239639 -0.3752741 17.47337 1.53207 0 0.0 0.010296558762132715 6.860188439325336 0.0 0.0
0.0102511 0.0001854047 -12.45178 6.622741 2.77712 2.751118 -0.7097726 19.69312 nan 0 0.0 0.010252776507501863 14.10345785690449 0.0 0.0
-0.03391925 0.004225484 -3.940307 -5.238334 0.4115995 0.2911445 -0.07256495 18.19595 1.531166 0 0.0 0.0341814311519684 6.554857919879347 0.0 0.0
0.001226146 0.00247914 -5.093651 -0.6820292 0.3105315 0.2584996 0.1468755 16.59611 1.474332 0 0.0 0.00276578544954521 5.139109294367424 0.0 0.0
0.030757 -0.06045816 -4.224717 -2.331313 0.8991188 0.7223982 -0.1220778 19.40096 1.580967 0 0.0 0.06783201426749466 4.825272431071431 0.0 0.0
0.03309481 -0.0331656 -2.940144 -2.872371 0.2606297 0.2019625 -0.05884063 17.40724 1.790901 1 0.0 0.04685321197416566 4.110348148560776 0.0 0.0
0.001729197 0.003139067 -3.931831 -0.1066269 0.8174566 0.5788897 -0.07091403 16.27397 1.612653 0 0.0 0.003583833686891455 3.9332765359639548 0.0 0.0
-0.03928355 0.03329312 2.18034 -2.334579 3.210699 2.977703 -0.2817185 20.54826 1.302444 0 0.0 0.051493971879598685 3.194392214935574 0.0 0.0
-0.06261966 -0.03366491 -1.486129 -4.731022 2.670374 1.884339 0.3473519 20.52302 1.479908 0 0.0 0.0710953443189053 4.958946316418943 0.0 0.0
0.0006167764 0.007518368 -5.639728 -2.499666 0.2436499 0.1966672 -0.02263645 17.18542 1.83403 0 0.0 0.007543624494301195 6.168862295880821 0.0 0.0
0.003634489 -0.002415241 -5.473482 -1.550805 0.1585752 0.09547998 -0.2523131 15.27243 1.868666 0 0.0 0.004363817065276911 5.688936750601909 0.0 0.0
0.05807497 -0.007639001 -4.419114 -3.652335 0.2529324 0.1853059 -0.08604058 17.26832 1.600771 1 0.0 0.05857522067204613 5.733072430836803 0.0 0.0
0.001855985 0.02923541 12.47729 -4.632333 3.091495 2.545499 -0.3965796 20.42299 nan 0 0.0 0.029294263571360262 13.309443067498693 0.0 0.0
0.01027423 -0.07082136 -5.467625 -4.302959 0.8653576 0.6803316 -0.07038719 19.47608 1.481773 1 0.0005721509 0.07156273355834375 6.957756771855855 0.0 0.0
0.007139132 -0.04513262 -5.743832 -2.880832 0.2771568 0.2328192 -0.1706329 17.47776 1.804771 1 1.818584e-05 0.04569376974794073 6.425791706587446 0.0 0.0
0.0586919 -0.04791918 -2.09562 -4.512689 2.470741 1.980707 -0.3075593 20.26083 1.358458 1 0.02608987 0.0757693007588324 4.975538683913633 0.0 0.0
-0.04503835 -0.01204211 -2.2805 -4.370146 1.666091 1.078712 0.3260402 20.02198 nan 0 0.0 0.046620439551495 4.92938701172022 0.0 0.0
0.03330736 0.02121659 -5.044425 -4.580975 0.22743 0.1720424 -0.1647837 17.1289 2.015846 1 0.0 0.039490808062100986 6.814070408445307 0.0 0.0
0.05179787 0.04477087 -7.730239 -3.475407 0.9288123 0.6876582 -0.07600648 19.37997 1.466507 1 0.001495331 0.06846495553999725 8.475555958919156 0.0 0.0
0.05936026 -0.00844551 -2.081823 -1.440265 0.6160476 0.4178839 -0.1241703 18.72255 1.435999 1 1.96609e-05 0.05995804455140027 2.531471957884187 0.0 0.0
0.007001792 0.005950009 -1.367732 1.071703 1.780586 1.005861 -0.3614336 18.81676 nan 0 0.0 0.009188454620410605 1.7375955064493578 0.0 0.0
0.01584807 -0.06814881 -10.41791 -0.4669929 1.664072 1.319335 0.1283638 20.03306 1.407112 0 0.0 0.06996728969412065 10.42837145180159 0.0 0.0
-0.02140683 -0.004552395 -0.6448633 -6.51716 2.676572 2.186448 -0.5687938 20.30525 nan 0 0.0 0.021885535654512206 6.548986420911779 0.0 0.0
0.04484558 -0.04680909 -5.510262 -10.80144 3.922934 3.076854 -0.3614113 20.6398 2.108477 0 0.0 0.0648245088848693 12.125761558856581 0.0 0.0
0.006817936 0.005641046 -4.913968 -1.179465 0.183591 0.125402 -0.1650233 16.32454 1.807593 0 0.0 0.0088490480433893 5.053535316117718 0.0 0.0
0.0400156 -0.05610113 -6.255335 -3.108757 0.8166303 0.6732982 -0.06679497 19.37846 1.399933 0 0.0 0.06890997772918592 6.985240586212761 0.0 0.0
0.01098392 -0.009805453 -3.483811 4.43211 1.937463 1.214888 0.08214198 19.74212 nan 0 0.0 0.01472390597299538 5.637423004868536 1.0 0.0
-0.01243707 -0.05492986 -5.204771 -5.176533 0.3617885 0.2796796 0.1110504 18.16867 1.425026 1 0.0 0.056320247068034957 7.34071761223179 0.0 0.0
0.06048461 -0.05151872 -2.639148 -4.826494 1.375582 1.419732 -0.4484524 19.98705 1.715626 1 0.01183628 0.0794516617654439 5.50092233156768 0.0 0.0
-0.03059137 -0.01068389 -6.12834 -4.166832 0.4808276 0.3053916 -0.08654898 18.27032 1.63471 0 0.0 0.03240335513506279 7.410738159712837 0.0 0.0
0.0005101868 -0.008018893 -5.531684 -1.563593 0.2705864 0.1991321 -0.3054999 16.20506 1.794131 0 0.0 0.008035106440884478 5.748421604710723 0.0 0.0
-0.010672 0.0008872152 -5.917987 -2.185981 0.3436139 0.2605976 -0.283912 17.36052 1.719936 0 0.0 0.010708815752038645 6.308809956285734 0.0 0.0
0.07139888 -0.003533678 -8.347007 -3.416861 1.588937 1.21807 -0.04914588 19.87917 1.325615 0 0.0 0.07148627102781403 9.019282951064902 0.0 0.0
-0.06107266 -0.03398331 -9.677992 -3.105693 3.55871 3.369155 -0.3146323 20.65461 0.9320049 1 0.04361261 0.06989088036383359 10.164096524645611 0.0 0.0
0.05487705 0.06155586 -6.367404 -4.587494 0.1088592 0.08400282 -0.2653339 15.72505 1.914078 1 0.0 0.08246583848504846 7.847861804291154 0.0 0.0
