jas1101finalproject/data/gcs/NGC_288.ecsv
# %ECSV 0.9
# ---
# datatype:
# - {name: x, unit: deg, datatype: float64}
# - {name: y, unit: deg, datatype: float64}
# - {name: pmx, unit: mas / yr, datatype: float64}
# - {name: pmy, unit: mas / yr, datatype: float64}
# - {name: pmx_e, unit: mas / yr, datatype: float64}
# - {name: pmy_e, unit: mas / yr, datatype: float64}
# - {name: pm_corr, datatype: float64}
# - {name: g_mag, unit: mag, datatype: float64}
# - {name: bp_rp, unit: mag, datatype: float64}
# - {name: filter, datatype: int64}
# - {name: memberprob, datatype: float64}
# - {name: r, unit: deg, datatype: float64}
# - {name: pm, unit: mas / yr, datatype: float64}
# - {name: member_prob_GMM, datatype: float64}
# - {name: member_prob_DB, datatype: float64}
# meta: !!omap
# - comments: [deg deg mas/yr mas/yr mas/yr mas/yr dimless mag   mag   zeroone float]
# - __serialized_columns__:
#     bp_rp:
#       __class__: astropy.units.quantity.Quantity
#       unit: &id001 !astropy.units.Unit {unit: mag}
#       value: !astropy.table.SerializedColumn {name: bp_rp}
#     g_mag:
#       __class__: astropy.units.quantity.Quantity
#       unit: *id001
#       value: !astropy.table.SerializedColumn {name: g_mag}
#     pm:
#       __class__: astropy.units.quantity.Quantity
#       unit: !astropy.units.Unit {unit: mas / yr}
#       value: !astropy.table.SerializedColumn {name: pm}
#     pmx:
#       __class__: astropy.units.quantity.Quantity
#       unit: !astropy.units.Unit {unit: mas / yr}
#       value: !astropy.table.SerializedColumn {name: pmx}
#     pmx_e:
#       __class__: astropy.units.quantity.Quantity
#       unit: !astropy.units.Unit {unit: mas / yr}
#       value: !astropy.table.SerializedColumn {name: pmx_e}
#     pmy:
#       __class__: astropy.units.quantity.Quantity
#       unit: !astropy.units.Unit {unit: mas / yr}
#       value: !astropy.table.SerializedColumn {name: pmy}
#     pmy_e:
#       __class__: astropy.units.quantity.Quantity
#       unit: !astropy.units.Unit {unit: mas / yr}
#       value: !astropy.table.SerializedColumn {name: pmy_e}
#     r:
#       __class__: astropy.units.quantity.Quantity
#       unit: &id002 !astropy.units.Unit {unit: deg}
#       value: !astropy.table.SerializedColumn {name: r}
#     x:
#       __class__: astropy.units.quantity.Quantity
#       unit: *id002
#       value: !astropy.table.SerializedColumn {name: x}
#     y:
#       __class__: astropy.units.quantity.Quantity
#       unit: *id002
#       value: !astropy.table.SerializedColumn {name: y}
# schema: astropy-2.0
x y pmx pmy pmx_e pmy_e pm_corr g_mag bp_rp filter memberprob r pm member_prob_GMM member_prob_DB
[from data line 4843]
0.02714569 -0.05258001 4.813434 -6.158655 1.286004 0.9111773 0.2354669 20.24811 0.8313427 1 0.9992094 0.05917386194238298 7.81653236936821 0.0 0.0
-0.01854214 0.0337483 5.107246 -5.384215 0.7275433 0.6396114 0.5239632 19.58109 0.6564636 0 0.0 0.03850660603934863 7.421167891291842 1.0 0.0
0.1313419 -0.02877214 4.545154 -5.902614 0.3084685 0.237247 0.3479134 18.41312 0.7035542 1 0.9993641 0.13445642690399595 7.449783682544883 0.0 0.0
-0.00365537 0.01090924 4.422013 -5.229429 0.2662975 0.2224382 0.3182293 18.26021 0.758688 1 0.999928 0.011505357326676126 6.848439722901122 0.0 0.0
0.01330521 0.01584475 27.13848 -7.32168 1.680325 1.209457 0.2553023 19.94775 nan 0 0.0 0.02069020820839172 28.10879034630982 0.0 0.0
-0.0151828 0.003301789 7.170794 -5.636145 0.7192355 0.5452629 0.3467105 19.01386 0.6219749 0 0.0 0.01553767120390057 9.12065880578048 0.0 0.0
0.005860705 -0.02743428 5.563515 -4.123035 1.397074 1.018832 0.4305363 20.07351 0.5659657 0 0.0 0.028053298954230407 6.924746693305828 1.0 0.0
0.07249717 -0.09572678 3.201506 -6.933555 1.493647 1.199782 0.297644 20.53016 0.6676884 0 0.0 0.12008103958234746 7.637003706039496 0.0 0.0
-0.01220515 -0.06250328 5.226295 -3.818706 2.431379 2.544848 0.638941 20.81656 0.4003315 0 0.0 0.0636837946206168 6.472764088197638 0.0 0.0
-0.01252728 -0.04773853 1.286519 -5.211226 1.081804 0.6836354 0.2412654 19.9783 0.7589493 0 0.0 0.049354837561877356 5.367681767806005 0.0 0.0
-0.01438752 -0.04043933 2.615418 -6.599486 3.841735 3.535702 0.1980739 20.91716 0.7693024 0 0.0 0.04292248993941638 7.098846862619308 1.0 0.0
0.0222218 0.004479381 4.617638 -5.145402 0.8758618 0.6610212 0.3577166 19.48878 nan 0 0.0 0.022668772560135695 6.913591139245074 1.0 0.0
0.02463567 -0.05415491 1.550334 -6.626943 1.120073 0.9398073 0.2295267 20.20815 nan 0 0.0 0.05949513016589677 6.805873128174298 1.0 0.0
-0.04489945 0.02786446 4.153045 -5.776489 0.1354189 0.1033542 0.3473689 17.03858 0.9572258 1 0.9999847 0.05284305764614781 7.11446469800406 1.0 1.0
-0.02976869 -0.004195047 5.279695 -4.59314 0.8434004 0.6541203 0.3544719 19.77567 0.575428 0 0.0 0.030062822948756975 6.998007884578653 1.0 0.0
0.008532639 0.08306014 4.24954 -5.689619 0.3748006 0.3291531 0.4184222 18.72217 0.6849365 1 0.9998972 0.08349726214148534 7.1014332762310035 0.0 0.0
0.003136082 -0.009793103 4.544026 -5.535283 0.358393 0.3564265 0.263995 18.71253 nan 0 0.0 0.010282989676126928 7.161531273321718 1.0 0.0
-0.004579085 0.01023019 3.595273 -6.041516 1.068736 1.142703 0.5257102 19.98985 nan 0 0.0 0.011208247270350748 7.030355860323501 1.0 0.0
-0.01508305 0.003601256 3.651618 -7.265471 3.82365 1.389117 0.5409842 20.22932 nan 0 0.0 0.015507012674272116 8.131505572141299 0.0 0.0
-0.006645348 -0.02631852 4.517224 -6.358991 0.5349673 0.3964775 0.2555319 19.17903 0.7588215 0 0.0 0.027144523297186564 7.800133281185456 0.0 0.0
-0.03884282 0.01836235 2.981516 -4.717979 0.8304257 1.197452 0.2193865 19.71363 nan 0 0.0 0.042964410423918305 5.581107730791173 0.0 0.0
-0.002753628 0.003539274 3.082248 -5.805154 0.8940571 0.5001692 0.6561947 18.45208 nan 0 0.0 0.00448429789481698 6.5726756878169486 0.0 0.0
-0.02443892 0.03790521 4.369124 -5.836019 0.4741396 0.3203173 0.2680733 18.86827 0.5941906 0 0.0 0.045100618132244044 7.2902923326665725 1.0 1.0
0.008746941 0.005738146 4.28862 -6.007419 0.2969223 0.2408067 0.3254089 18.46496 0.7074432 0 0.0 0.01046113265257625 7.381147915193205 0.0 0.0
-0.06960095 -0.07599157 2.761496 -7.124135 1.798118 1.253649 0.3835157 20.64878 0.503376 0 0.0 0.10304858539527556 7.640625606338856 0.0 0.0
-0.006501818 0.02881912 4.292931 -6.256197 0.4683875 0.3490446 0.3190453 18.87817 0.5657101 0 0.0 0.02954344791793138 7.587440772326991 1.0 0.0
-0.1078189 -0.03084756 4.526426 -5.614192 0.64482 0.4022816 0.3230193 19.14185 0.6942329 1 0.9995851 0.11214493816112968 7.211635330931536 0.0 0.0
0.002522401 0.005213931 3.262857 -7.065172 0.8539443 0.8472543 0.3593431 19.78035 nan 0 0.0 0.005792027561878655 7.782216341893419 0.0 0.0
0.01027149 0.05778192 3.111667 -4.265866 2.045337 1.790735 0.3111235 20.68547 1.058407 0 0.0 0.05868776521308765 5.280159490852999 0.0 0.0
0.03145613 -0.004885958 4.211981 -5.362875 0.3504288 0.3553887 0.1323751 18.71893 0.9905605 0 0.0 0.03183332687851938 6.819179731462281 1.0 1.0
-0.002706049 0.01130218 4.940423 -4.99467 0.5729313 0.4610699 0.3735968 19.33023 0.6014442 0 0.0 0.011621616666488402 7.025276352416964 1.0 0.0
-0.06536913 0.01622931 4.317579 -5.698737 0.2096564 0.1632291 0.3437652 17.86631 0.4283695 1 0.9999732 0.06735364622671144 7.1496217953406465 1.0 1.0
-0.03745794 -0.01693839 5.531478 -3.931378 1.385621 1.105939 0.356443 20.3466 nan 0 0.0 0.04110968650860403 6.786234732410013 1.0 0.0
-0.1060269 0.02749421 4.852217 -6.936343 1.209686 0.9661195 0.4505929 20.23964 1.006126 1 0.9945667 0.10953371675942572 8.465037745263633 0.0 0.0
-0.05354869 0.02223979 4.273744 -5.567671 0.1223013 0.0953572 0.3335419 16.84339 0.9681301 1 0.9999902 0.05798336364820689 7.018820993712334 1.0 1.0
-0.02348068 0.01630278 2.289105 -9.15323 1.392265 2.212509 0.861611 19.70667 nan 0 0.0 0.028585362845183544 9.435126980275625 0.0 0.0
0.03410113 -0.04939278 4.734395 -5.536274 0.4881658 0.3554023 0.2912152 18.979 0.6151981 0 0.0 0.06002111114770618 7.284560784227214 1.0 0.0
0.008805771 0.00547302 -0.5955066 -7.080797 1.081434 0.7296324 0.2633361 18.85414 nan 0 0.0 0.010368006116165297 7.105794414831642 1.0 0.0
0.1161083 -0.02727175 4.048588 -8.206528 2.451432 1.409729 0.5094891 20.64874 0.451561 1 0.9782932 0.11926812515065582 9.150856058780949 0.0 0.0
0.005568624 0.0154849 3.900233 -5.336643 0.2906383 0.2462353 0.3122327 18.37887 0.7157688 0 0.0 0.016455749793411904 6.609960360224409 0.0 0.0
0.05357904 0.007139291 4.527874 -4.256642 0.7567989 0.584203 0.3315501 19.77002 0.5220985 0 0.0 0.05405259478789414 6.214550995529765 0.0 0.0
0.04475815 0.06834798 4.433039 -5.851391 0.1557488 0.11596 0.3292906 17.30284 0.9584885 1 0.9998276 0.08169907197455122 7.341022504420075 0.0 0.0
-0.02700625 -0.004657848 4.288383 -5.745289 0.1523808 0.109747 0.3130788 17.07363 0.9287148 1 0.9999891 0.027404982887307264 7.169279911414395 1.0 1.0
0.01230191 -0.009749852 4.830806 -5.666307 0.2997342 0.2460043 0.3554464 18.40953 0.6092319 0 0.0 0.01569702531277834 7.446054097834973 0.0 0.0
-0.0373265 -0.0173141 4.778214 -5.832588 0.5220151 0.3858221 0.3519053 19.10809 0.6367321 0 0.0 0.04114663608437511 7.539921206984858 1.0 0.0
-0.01605179 0.002569248 4.465803 -5.493873 0.4679322 0.3961524 0.3719808 19.10104 0.6214581 0 0.0 0.016256106467712497 7.0799743625904465 1.0 0.0
0.01749242 -0.07390609 5.914388 -3.208557 2.871061 2.403621 0.2565568 20.83155 0.8817978 0 0.0 0.07594797493379596 6.728656882082263 0.0 0.0
0.1137602 -0.02707675 2.291018 -6.235606 1.095198 0.9681607 0.3419718 20.3754 0.6299191 1 0.9944697 0.11693816098520833 6.643157808118064 0.0 0.0
-0.0241206 -0.06368391 4.506323 -7.132339 1.522927 1.055687 0.3448408 20.49936 0.9537048 0 0.0 0.0680987792640081 8.43665849677762 0.0 0.0
0.0006547767 0.04671404 3.062184 -6.272135 1.965626 1.424585 0.2624642 20.62485 nan 0 0.0 0.04671862867902334 6.979731248986669 1.0 0.0
0.008495293 0.005198385 6.189108 -4.707632 0.6704021 0.7695169 0.317882 18.87046 nan 0 0.0 0.00995957879451104 7.776043780939508 0.0 0.0
-0.02731599 -0.02540987 3.802603 -6.069989 0.8605189 0.6855812 0.2480962 19.6241 nan 0 0.0 0.03730716825352736 7.162719876955261 1.0 0.0
0.006208013 0.05635743 -3.50395 -4.958969 2.48586 2.439594 0.2560627 20.85241 0.6661472 0 0.0 0.05669831868418206 6.071988071913597 0.0 0.0
0.0002809266 -0.01140477 6.387001 -0.4066098 1.440387 1.298092 0.3231504 20.0419 nan 0 0.0 0.011408229420356499 6.399930726457673 0.0 0.0
0.06591915 0.02804693 4.990667 -3.950606 0.4402321 0.3338274 0.312071 18.55566 0.6451092 0 0.0 0.07163773181185595 6.365064404397256 0.0 0.0
0.0373597 -0.004002723 4.597502 -4.978418 0.4193089 0.3365 0.2916412 18.29815 0.7253418 0 0.0 0.03757351428206748 6.776552989738072 1.0 0.0
0.01903089 0.01859052 4.616038 -4.643638 0.607384 0.5151824 0.4031558 19.42142 0.5524807 0 0.0 0.026604176515398856 6.547608776682369 0.0 0.0
-0.02593989 -0.002321099 3.808115 -9.562479 1.593773 1.213864 -0.1241189 19.91581 nan 0 0.0 0.0260435288273287 10.292849191485612 0.0 0.0
-0.02475784 0.005577493 4.133437 -6.018696 0.2191476 0.1728582 0.3504443 17.88233 0.9037304 1 0.9999217 0.02537831888897783 7.3013699381270225 1.0 0.0
0.02723334 0.007644497 4.842824 -7.059188 0.8626289 0.8051508 0.3156816 19.96218 nan 0 0.0 0.028285917731949394 8.56067050611808 0.0 0.0
0.005254539 -0.02576532 3.363559 -7.214345 1.466911 1.124139 0.3852936 19.9449 nan 0 0.0 0.026295663041743612 7.959918525054512 0.0 0.0
-0.0244836 0.01541566 5.735396 -5.134976 0.8984467 0.8696992 0.3816248 19.95571 0.596508 0 0.0 0.0289324945726358 7.698230043158752 0.0 0.0
-0.0207511 0.08229373 4.224095 -5.158205 0.4717456 0.3771157 0.3845736 19.11109 0.6597137 1 0.9996657 0.08486970100408567 6.667087624371678 0.0 0.0
0.0006462393 0.04577754 3.947098 -3.922774 2.437857 2.078128 0.2141368 20.68614 nan 0 0.0 0.04578210123710427 5.56486643835052 0.0 0.0
-0.03984873 -0.1300754 7.166802 -5.587338 2.817476 2.266478 0.1666672 20.98812 0.463871 0 0.0 0.13604238665861793 9.087430705840237 0.0 0.0
0.02720535 0.02269348 4.043513 -5.775744 0.3457169 0.2310776 0.2942859 18.46954 0.6956444 0 0.0 0.035427744821437616 7.050476305520429 1.0 1.0
-0.02707901 -0.02513516 4.780725 -6.028229 0.5903645 0.4112677 0.3478894 19.16488 0.4974995 0 0.0 0.036946570217081046 7.693820663497818 0.0 0.0
-0.01606073 -0.006685208 6.745562 -2.994341 0.7808387 0.6024893 0.1994221 19.66148 0.5991268 0 0.0 0.017396524196981532 7.380290286982281 1.0 0.0
-0.1615538 0.07821635 7.867593 -1.988794 3.12535 2.206722 0.1936134 20.81031 0.5122337 0 0.0 0.17949213827285723 8.115067540574447 0.0 0.0
0.01771181 0.05508593 6.849243 -4.418426 0.9547497 0.7562677 0.3581864 20.13173 0.7768841 0 0.0 0.05786335539390193 8.150743401096921 0.0 0.0
-0.02618716 -0.002544315 3.93056 -5.862503 0.4707575 0.3620385 0.3488837 18.87495 0.6314163 0 0.0 0.02631047106542992 7.0582039740013895 1.0 0.0
-0.01570437 -0.04930295 2.492476 -5.050697 1.131041 0.7712194 0.318212 20.07631 0.6065826 0 0.0 0.05174367706106128 5.632226628642086 0.0 0.0
0.02530078 -0.007039737 3.233478 -5.003597 0.5860878 0.6138364 0.2066395 19.31067 nan 0 0.0 0.02626189950551119 5.9574627917338265 0.0 0.0
-0.002197891 -0.022723 2.934613 -4.171518 0.4808037 0.2961304 0.2440217 18.57744 0.7191868 0 0.0 0.02282904846566937 5.100344682871246 0.0 0.0
-0.01627821 -0.006578428 2.615132 -4.131751 2.356815 1.733623 0.4285624 20.36062 nan 0 0.0 0.017557216059366703 4.889814076570294 0.0 0.0
0.03640773 -0.001982534 3.750359 -5.09916 0.3617201 0.3021652 0.3050796 18.81122 0.7015724 0 0.0 0.03646166815731359 6.329820324028242 0.0 0.0
-0.01389361 0.0204967 3.910588 -5.523014 0.4764749 0.3799619 0.5003492 18.95477 0.5603275 0 0.0 0.024761807480919076 6.767302427846712 1.0 0.0
-0.03411313 -0.01816759 3.026595 -4.474768 0.4846683 0.3439833 0.3208657 18.33745 0.7481785 0 0.0 0.03864928155612986 5.402205655826979 0.0 0.0
0.01779274 -0.04457303 2.965164 -5.313051 1.830536 1.182913 0.2275683 20.54802 nan 0 0.0 0.04799308908674769 6.084464518385903 0.0 0.0
0.02572626 -0.007364081 4.918939 -4.772232 1.154938 1.336433 0.6194475 20.13515 nan 0 0.0 0.02675948696373234 6.853477886996134 1.0 0.0
-0.01065652 -0.07882239 5.441334 -5.305289 0.8642646 0.6737462 0.3521263 19.93517 nan 0 0.0 0.07953949071890327 7.599618876830403 0.0 0.0
-0.001209622 -0.02210309 3.893509 -5.741658 0.3457257 0.2208068 0.2841164 18.32189 0.751976 0 0.0 0.02213616436808744 6.937294063397125 1.0 0.0
-0.02016696 -0.02164138 4.650224 -5.841792 0.8981673 0.7272543 0.2411764 19.87366 0.7941971 0 0.0 0.02958133877879769 7.466667062447608 1.0 1.0
0.01206978 -0.03555625 4.549723 -5.721104 0.2819296 0.2121817 0.2784309 18.22564 nan 0 0.0 0.03754898804642943 7.30965186281433 1.0 1.0
0.004088658 -0.009610028 2.491013 -7.665093 1.718466 1.085955 0.4583925 20.10154 0.6543541 0 0.0 0.010443646987606772 8.059702008437904 0.0 0.0
-0.0232246 -0.01400303 3.036668 -6.088137 0.6362076 0.4799348 0.4092561 19.31231 -0.09005928 0 0.0 0.027119492885024604 6.803437709937014 1.0 0.0
0.03484922 0.083923 4.902672 -5.612576 0.4930288 0.3870176 0.3712272 19.21129 0.641655 1 0.9995857 0.09087099682301499 7.45232863575943 0.0 0.0
0.00671764 0.04546454 2.905233 -5.818309 0.6836714 0.6135644 0.4865175 19.40987 0.7451763 0 0.0 0.04595814492101699 6.503314416800867 0.0 0.0
-0.02433016 -0.05228374 4.530961 -5.810093 1.160287 0.9325656 0.3091452 20.22984 nan 0 0.0 0.05766754853479728 7.367956857377084 1.0 0.0
-0.01093184 -0.07851914 6.010058 -5.952091 0.6366365 0.4842686 0.3371621 19.48927 0.8043308 0 0.0 0.07927648120423357 8.458615988188907 0.0 0.0
-0.01379369 -0.1075512 4.987149 -1.941636 1.542062 1.365325 0.2695172 20.64121 0.891552 1 0.9592319 0.10843212856555062 5.3517852633207355 0.0 0.0
0.03482394 0.02592819 7.476991 -5.663172 2.734587 1.50169 0.2822178 20.32339 nan 0 0.0 0.04341633141802402 9.379600818567122 0.0 0.0
0.03040953 -0.05687236 2.463661 -6.186687 1.511538 1.390657 0.2922528 20.48857 nan 0 0.0 0.06449189752822054 6.65918325013586 0.0 0.0
0.04599754 0.06909135 4.079073 -7.886797 1.051191 1.144658 0.2095976 20.1201 nan 0 0.0 0.08300233930964897 8.879211871474743 0.0 0.0
0.01381619 0.009136541 4.272808 -5.590148 0.1144943 0.09043513 0.2731768 16.65512 0.9094162 0 0.0 0.016563921261608952 7.036095711882266 1.0 0.0
-0.07054003 0.02745862 5.644079 -6.383634 1.446666 1.312553 0.493902 20.52387 0.4305534 0 0.0 0.0756959156408409 8.520939549380515 0.0 0.0
0.009860762 0.004837786 3.134983 -5.693438 0.2655393 0.2049167 0.2959484 14.79235 1.101773 0 0.0 0.010983569574707487 6.499488800677558 0.0 0.0
0.03914219 0.04611227 4.634025 -5.308269 1.044039 0.7766606 0.2432039 20.09543 0.5332489 0 0.0 0.06048514265957384 7.046410964241725 1.0 0.0
-0.05403624 -0.0147344 4.218405 -6.007969 0.5831277 0.4265345 0.3483682 19.2846 0.6260719 0 0.0 0.0560090865547511 7.341023923744289 1.0 1.0
-0.0214967 -0.06951987 3.235731 -6.484825 2.596198 2.288055 0.1980092 20.8611 0.7205963 0 0.0 0.07276757819047505 7.24726916741651 1.0 0.0
-0.02596641 0.01309409 4.426846 -4.205702 1.464788 1.552117 0.5781443 20.25397 nan 0 0.0 0.029081087345836983 6.106135833775728 0.0 0.0
-0.01939519 0.0585494 5.844757 -1.200392 0.9744873 0.7220194 0.3545315 20.00093 0.3711433 0 0.0 0.06167824280486678 5.966751657536369 0.0 0.0
0.02486752 -0.007176971 4.361802 -3.410569 1.976663 2.707434 0.3100731 20.24968 nan 0 0.0 0.02588247406422425 5.536903249196702 0.0 0.0
-0.0322124 -0.06049682 4.070689 -5.883574 1.403156 1.08643 0.3654467 20.44269 2.372042 0 0.0 0.06853833922610322 7.154505709564917 1.0 1.0
-0.01076642 -0.07938506 3.238866 -6.692476 1.533036 1.301765 0.330879 20.61517 nan 0 0.0 0.08011181904575629 7.4350176850181064 0.0 0.0
-0.01186622 0.006365382 4.867748 -5.726626 1.334372 1.264517 0.5817553 20.13547 nan 0 0.0 0.013465707003136672 7.515930809645602 0.0 0.0
0.01625894 -0.03921316 -0.3536881 -5.165107 2.89978 2.370205 0.2138565 20.85329 0.6059933 0 0.0 0.0424502655717158 5.177202487205866 0.0 0.0
-0.05012872 0.01210568 4.57961 -5.251715 0.4069487 0.3261325 0.3766337 18.92843 0.7031002 0 0.0 0.05156972035119834 6.968022545408776 1.0 0.0
-0.04901495 0.02450393 3.781272 -6.074099 0.274636 0.2179487 0.3484125 18.29735 0.6421318 0 0.0 0.054798794776412744 7.154907169194091 1.0 0.0
-0.01408842 0.02317078 4.054991 -3.431873 1.904712 1.502769 0.3480655 20.52186 1.09038 0 0.0 0.027117681020042993 5.312316283713725 0.0 0.0
-0.0546379 -0.04231685 4.142042 -4.746855 1.958184 1.408799 0.2879915 20.52984 0.8047066 1 0.9981224 0.06910872528366081 6.2999320885854795 0.0 0.0
-0.01708597 -0.01133929 5.529157 -3.89182 0.3059812 0.3171469 0.06456977 17.75202 1.07242 0 0.0 0.020506337277656387 6.761496878875934 1.0 0.0
