jas1101finalproject/data/gcs/NGC_6652.ecsv
# %ECSV 0.9
# ---
# datatype:
# - {name: x, unit: deg, datatype: float64}
# - {name: y, unit: deg, datatype: float64}
# - {name: pmx, unit: mas / yr, datatype: float64}
# - {name: pmy, unit: mas / yr, datatype: float64}
# - {name: pmx_e, unit: mas / yr, datatype: float64}
# - {name: pmy_e, unit: mas / yr, datatype: float64}
# - {name: pm_corr, datatype: float64}
# - {name: g_mag, unit: mag, datatype: float64}
# - {name: bp_rp, unit: mag, datatype: float64}
# - {name: filter, datatype: int64}
# - {name: memberprob, datatype: float64}
# - {name: r, unit: deg, datatype: float64}
# - {name: pm, unit: mas / yr, datatype: float64}
# - {name: member_prob_GMM, datatype: float64}
# meta: !!omap
# - comments: [deg deg mas/yr mas/yr mas/yr mas/yr dimless mag   mag   zeroone float]
# - __serialized_columns__:
#     bp_rp:
#       __class__: astropy.units.quantity.Quantity
#       unit: &id001 !astropy.units.Unit {unit: mag}
#       value: !astropy.table.SerializedColumn {name: bp_rp}
#     g_mag:
#       __class__: astropy.units.quantity.Quantity
#       unit: *id001
#       value: !astropy.table.SerializedColumn {name: g_mag}
#     pm:
#       __class__: astropy.units.quantity.Quantity
#       unit: !astropy.units.Unit {unit: mas / yr}
#       value: !astropy.table.SerializedColumn {name: pm}
#     pmx:
#       __class__: astropy.units.quantity.Quantity
#       unit: !astropy.units.Unit {unit: mas / yr}
#       value: !astropy.table.SerializedColumn {name: pmx}
#     pmx_e:
#       __class__: astropy.units.quantity.Quantity
#       unit: !astropy.units.Unit {unit: mas / yr}
#       value: !astropy.table.SerializedColumn {name: pmx_e}
#     pmy:
#       __class__: astropy.units.quantity.Quantity
#       unit: !astropy.units.Unit {unit: mas / yr}
#       value: !astropy.table.SerializedColumn {name: pmy}
#     pmy_e:
#       __class__: astropy.units.quantity.Quantity
#       unit: !astropy.units.Unit {unit: mas / yr}
#       value: !astropy.table.SerializedColumn {name: pmy_e}
#     r:
#       __class__: astropy.units.quantity.Quantity
#       unit: &id002 !astropy.units.Unit {unit: deg}
#       value: !astropy.table.SerializedColumn {name: r}
#     x:
#       __class__: astropy.units.quantity.Quantity
#       unit: *id002
#       value: !astropy.table.SerializedColumn {name: x}
#     y:
#       __class__: astropy.units.quantity.Quantity
#       unit: *id002
#       value: !astropy.table.SerializedColumn {name: y}
# schema: astropy-2.0
x y pmx pmy pmx_e pmy_e pm_corr g_mag bp_rp filter memberprob r pm member_prob_GMM
[from data line 1265]
0.009547359 -0.02222281 -7.239264 -4.999742 2.610194 2.567907 0.5059169 20.34595 nan 0 0.0 0.02418688380447099 8.797974956105525 0.0
-0.01251128 -0.02576322 -3.51926 -5.450993 0.9991051 0.8258339 -0.1780975 19.50704 0.7679272 0 0.0 0.028640454465786676 6.4883368927367675 0.0
-0.00961927 -0.02924567 3.346078 -5.102466 0.588479 0.5033209 -0.1500639 18.85738 1.435734 0 0.0 0.03078700324945252 6.1017536219713095 0.0
-0.02514682 -0.04583503 -0.1450528 -10.58006 0.3641775 0.3284998 0.08074333 18.23282 0.8761673 0 0.0 0.05228013514914914 10.581054291439385 0.0
-0.003452252 -0.03342612 4.231215 -0.8483142 0.2360459 0.2056426 0.02962143 17.65409 1.049673 1 0.0 0.03360392152898087 4.3154162439035515 0.0
0.05115043 0.009298992 0.5498201 -4.550023 0.5928701 0.5298227 0.1179764 19.16238 1.351564 1 0.0 0.051988823235393236 4.583122455585603 0.0
0.03576885 -0.04421364 1.668598 -1.969923 0.5898136 0.5536676 0.1590548 19.13637 0.9305687 0 0.0 0.05687052481182234 2.5816304754036743 0.0
-0.0005097019 -0.03325821 -5.676072 -4.394752 0.8342986 0.755573 0.1986996 19.649 0.4095039 0 0.0 0.033262115513463114 7.178554066849952 0.0
-0.008799754 -0.03606245 -1.020651 3.610086 0.2373267 0.2124717 0.2326933 17.59486 0.976223 0 0.0 0.03712055994274623 3.7515929138429986 0.0
-0.01721372 -0.05669738 -3.682865 -4.984357 3.010151 2.942922 0.1190585 20.48552 0.6373806 0 0.0 0.05925289068984567 6.197363093419168 0.0
0.02151885 -0.04243899 -1.050624 -6.158317 0.8995442 0.8170578 0.1976639 19.69439 1.840174 1 0.0 0.04758286222520247 6.2472937390413295 0.0
0.02003859 -0.02631773 -6.768125 -2.771133 1.115915 1.050625 0.3201031 19.93118 0.7385578 1 0.6311091 0.03307821037391533 7.313459791324076 0.0
-0.009184315 -0.02875353 -1.094779 0.1478289 0.5381436 0.4570311 -0.1742036 17.9833 1.026489 0 0.0 0.030184716819611296 1.1047146430260666 0.0
0.01614384 -0.05445414 -2.400822 -7.241607 0.7951798 0.7104419 0.1125985 19.46579 0.9771309 1 0.0 0.05679680389850471 7.629208230093933 0.0
0.01029132 -0.006517781 -5.348696 -4.309313 0.1084123 0.09513624 0.05087154 16.06237 1.199348 0 0.0 0.012181655737475141 6.868677269488282 1.0
0.01707322 -0.01080274 -2.850884 -10.79503 1.22028 1.221058 0.4102855 19.67643 1.032808 0 0.0 0.020203812330250943 11.165133778077001 0.0
0.0114175 -0.006624731 -4.383087 -4.2325 1.518846 1.500245 0.4635856 19.72329 nan 0 0.0 0.013200241174780141 6.0930704820778985 0.0
0.006115567 -0.0603275 -4.196802 -3.990022 0.4991898 0.4388333 -0.02583449 18.79694 0.9491749 1 0.1517804 0.06063668374821869 5.790805003424653 0.0
-0.02386787 -0.04496111 -4.318223 -3.907895 0.7376515 0.6832824 0.1923078 19.43129 0.9232655 1 0.4683761 0.05090360135362723 5.823975721854787 0.0
0.02648936 -0.01890366 -6.343117 -4.485131 0.4683027 0.4383561 0.1797138 18.81041 1.046272 0 0.0 0.032542811104838504 7.768624933850907 0.0
0.01141744 -0.007025275 -5.75003 -4.502676 1.12428 1.148091 0.6031358 19.04211 nan 0 0.0 0.013405686292735072 7.303214098044504 0.0
-0.02663155 -0.04296681 -2.924807 -8.207339 1.023362 0.8883287 -0.04354273 19.70784 0.7323895 0 0.0 0.050550828054331615 8.712916242462681 0.0
0.053896 -0.0221472 -3.542484 -6.252459 0.2598958 0.2411238 0.1385829 17.82355 0.8308144 1 0.0 0.0582690079187899 7.186267211629206 0.0
0.00747155 -0.057211 0.3789401 -5.024132 0.9613813 0.8115436 -0.1997372 18.92428 0.9990654 0 0.0 0.057696816033490965 5.038402321451912 0.0
0.004096874 -0.01527582 -5.614263 -5.301033 0.9736791 0.9382137 0.263074 19.69853 nan 0 0.0 0.015815658482790908 7.721457109915072 0.0
-0.01158526 -0.06218199 -5.85745 -9.419156 0.6218348 0.5716256 0.1302985 19.15274 0.7209301 0 0.0 0.0632520207552905 11.091898857041384 0.0
-0.009847479 -0.04794152 1.576523 -4.806336 0.3278011 0.2960831 0.03480371 18.04741 1.510302 1 0.0 0.04894243743997474 5.0582892873406315 0.0
0.01233751 -0.0167338 -5.809726 -4.206076 0.9341538 0.8742394 0.1772665 19.5647 nan 0 0.0 0.020790243275154333 7.172446689439526 1.0
0.006373932 -0.02480507 -1.712931 -8.54282 0.6049855 0.5631131 0.3749489 18.91445 0.7360096 0 0.0 0.025610906013757574 8.712858667691162 0.0
0.02660598 -0.0564632 -1.681829 1.173232 0.5812128 0.5424451 0.191921 19.13618 1.352873 1 0.0 0.06241771484122436 2.050615056773211 0.0
0.02226109 -0.0413291 -2.959205 -8.201901 0.6375801 0.5700994 0.1241139 19.27865 1.105871 0 0.0 0.046943057365260096 8.719407906837825 0.0
0.007987561 -0.00862707 -6.986732 -3.697483 1.064794 1.083419 0.6316335 19.24394 nan 0 0.0 0.01175701779847343 7.904796301936755 0.0
-0.002556999 -0.02285175 2.743731 -5.241369 0.7225655 0.6520462 0.1464808 19.17714 0.8225555 0 0.0 0.022994362829800285 5.916080526372338 0.0
0.03051484 0.003052434 -2.286289 -5.600667 0.4863034 0.4267616 0.07040666 18.61362 nan 0 0.0 0.030667129202942293 6.0493460999028645 0.0
-0.0006630772 -0.05310989 -2.139753 -1.480411 0.4521117 0.4149804 0.08904973 18.51324 0.9653301 1 0.0 0.05311402909952567 2.6019530414536693 0.0
0.03355738 -0.00647397 -1.541145 -6.930547 0.4223992 0.3586639 -0.1279725 18.45657 0.9872704 1 0.0 0.03417616186796434 7.099831662105377 0.0
-0.01990325 -0.04093944 4.418758 -6.828776 2.907652 2.645521 0.07728331 20.43814 0.4719067 0 0.0 0.045521172085921734 8.133732471672523 0.0
0.0007439254 -0.05190826 -0.7633973 -2.276576 0.4422437 0.406161 0.1434699 18.73316 1.122028 1 0.0 0.05191359052529852 2.401160911189271 0.0
-0.002531096 -0.0337656 -0.567413 -5.386594 1.959714 1.806366 0.2301925 20.40749 0.710537 0 0.0 0.03386033358254487 5.416396628147258 0.0
0.01395227 -0.001204411 4.133123 0.9510156 0.8844214 0.7961045 0.1038112 18.57544 0.9287186 0 0.0 0.014004158097144611 4.241124426914679 0.0
0.01231344 -0.005808507 -4.218422 -3.575442 1.500387 1.522393 0.4166599 19.68688 0.8388634 0 0.0 0.013614681715069545 5.5298164224002955 0.0
-0.002454324 -0.03412418 -5.506164 -4.407102 2.609855 2.435429 0.2831358 20.57854 nan 0 0.0 0.03421232770463559 7.052686724454731 0.0
0.01047081 -0.003775035 -11.36276 -5.985711 1.412103 1.335341 0.5608398 19.12292 nan 0 0.0 0.0111305323910101 12.842937786702892 0.0
0.0275443 -0.0006964367 -5.64252 -4.266138 1.062403 0.9699536 0.1354236 19.52958 0.8230209 0 0.0 0.027553103029733454 7.073751860607212 0.0
0.005681077 -0.0547008 -8.68466 -11.3055 0.5264838 0.4766558 0.09677793 18.94765 1.227406 1 0.0 0.05499501937921224 14.256144274157723 0.0
0.03351699 -0.04538768 -0.5165962 -5.470537 0.4242869 0.3937548 0.2498698 18.59067 0.8792152 0 0.0 0.05642189392817738 5.494874584758367 0.0
0.02506594 0.01526881 -2.781467 -0.1982989 0.09852986 0.08446083 -0.1144656 15.83174 1.253571 1 0.0 0.029350262467305124 2.7885266944804763 0.0
0.0248702 -0.04332488 -1.53561 -6.723501 0.3346362 0.3080853 0.1236136 18.29606 1.253267 1 0.0 0.049955701126642195 6.896634234835206 0.0
0.02611395 0.009691419 -0.3002506 -0.2834121 0.4559767 0.3865563 -0.1535463 18.36928 1.097834 1 0.0 0.027854299252288883 0.41288356860835473 0.0
0.01594653 -0.0138581 -6.572531 -4.143729 1.015158 1.078906 0.5185879 19.39658 0.7313786 0 0.0 0.021126730808407154 7.769726750111744 0.0
0.00465929 -0.02705945 -8.143239 -9.690789 2.580834 3.071997 0.8158797 20.2573 0.59552 0 0.0 0.02745765499103301 12.657951368750078 0.0
0.04624187 0.02189783 -2.263896 -4.844574 1.505064 1.471193 0.1473265 20.03021 0.9797649 0 0.0 0.0511646899707777 5.347440728076562 0.0
-0.01435199 -0.03646753 -5.198138 -5.641334 0.5866943 0.5366656 0.1223224 19.01578 nan 0 0.0 0.03919005436665022 7.6710682415554095 0.0
0.01159727 -0.002008971 -4.6062 -4.125723 0.6211702 0.5864409 0.3087707 19.03961 1.124407 0 0.0 0.01176998878214168 6.183742290290645 0.0
-0.003604924 -0.05423911 -5.805148 -4.518088 1.446203 1.376244 0.2942628 20.08094 0.3542461 0 0.0 0.054358776022256756 7.356144538931246 0.0
0.01776752 0.005428662 -1.758008 -4.651084 0.07606795 0.0610233 -0.3694189 14.34577 1.504892 1 0.0 0.01857835132783972 4.972240390721269 0.0
0.03006703 -0.03404153 -5.897633 -2.603646 1.080866 0.9780007 0.1094185 19.69099 1.039299 0 0.0 0.045418631174461876 6.446785826751576 0.0
0.0505261 -0.008053709 -3.217879 -2.735973 0.9175679 0.8271722 0.10837 19.80886 0.7533207 0 0.0 0.05116394247775166 4.223777162134622 0.0
0.02124567 -0.008167688 -4.257771 -5.860898 0.8238908 0.7731198 0.2786379 19.19023 nan 0 0.0 0.022761582128978733 7.24422109373016 0.0
-0.009564652 -0.06094197 1.878297 -9.121455 0.9418391 0.8584875 0.1141227 19.64843 0.8634415 0 0.0 0.06168797512775082 9.312837426758506 0.0
0.03386259 -0.01150949 -4.495295 -4.308402 1.042554 0.9024502 -0.01710404 19.80719 0.7396545 0 0.0 0.035765113750248295 6.226556426358714 0.0
0.05717355 -0.01914709 3.926866 -8.191876 1.793608 1.65765 -0.02136747 20.24026 nan 0 0.0 0.060294492908312944 9.08444324003029 0.0
0.008576216 -0.008833119 -4.717641 -1.787457 0.721375 0.7221662 0.4896014 19.01065 0.7940521 0 0.0 0.012311599089753409 5.044912202578951 0.0
0.06158982 0.001670558 -7.265683 0.8311736 1.493882 1.482903 0.5621859 20.03557 nan 0 0.0 0.061612471884057406 7.313070422867947 0.0
0.0414391 -0.009887659 -10.4564 -5.879235 0.5253964 0.4765298 0.1224696 18.81601 0.8488922 0 0.0 0.042602403797324405 11.99590368189179 0.0
0.0418629 -0.03369539 -1.041092 -1.028292 0.0873034 0.07744249 0.00793633 15.73705 1.234691 1 0.0 0.0537390147254497 1.4633034510066598 0.0
-0.008260245 -0.05941596 -0.309076 -2.911359 0.8613473 0.7876372 0.1193336 19.70336 1.071815 1 0.0 0.05998739826148176 2.927719112322253 0.0
-0.03044176 -0.04844977 -1.334118 -5.172844 0.476686 0.4309115 0.09848412 18.60346 0.8512001 0 0.0 0.05721958550138668 5.342114364767943 0.0
0.03315776 -0.04819135 -1.412659 -5.689091 0.5483954 0.507742 0.1562345 18.94153 0.94034 1 0.0 0.0584965235124285 5.8618565196157775 0.0
0.009699005 -0.03946907 -3.530844 -3.217808 0.9615957 0.9208384 0.2804252 19.68799 0.8767376 0 0.0 0.04064330430286058 4.77714848808366 0.0
0.005041045 -0.06347074 -3.873615 -2.069384 0.5337223 0.4919611 0.1389908 18.77335 0.8125572 1 0.0001151075 0.06367061308672647 4.391724411627055 0.0
0.03790727 -0.009477898 -5.875938 -6.115223 0.2357543 0.2079648 0.04716549 17.73046 1.071119 1 0.0 0.03907418162100525 8.480719292582027 0.0
0.01400107 -0.01633351 -7.762255 -5.433537 0.9688523 0.9546105 0.5139225 19.51178 0.8298225 0 0.0 0.021513100893757738 9.475015937474407 0.0
0.04052609 0.008362279 -5.463777 -2.560681 1.622169 1.512444 0.002878271 20.33678 0.5160027 0 0.0 0.04137984631148285 6.034065486012726 0.0
0.04108264 -0.005897318 1.912099 0.6101517 0.4417505 0.3647277 -0.2100768 18.4113 1.040447 1 0.0 0.04150375487787489 2.0070893559614853 0.0
0.001204931 -0.01317002 -5.384765 -3.999343 0.1142235 0.09852111 -0.0921931 16.02173 1.233466 0 0.0 0.01322502497219423 6.707491225255088 1.0
0.002510193 -0.01300602 -5.788924 -3.543855 0.4353702 0.4000317 0.2084617 18.42034 0.3510075 0 0.0 0.013246041866823802 6.7875289567559856 1.0
-0.008492154 -0.04188364 -4.093012 -2.067286 0.6646967 0.6180471 0.2026396 19.29682 0.814106 0 0.0 0.042735886315944306 4.585457298671529 0.0
0.002279989 -0.007741729 -4.740162 -3.581839 0.6061331 0.5516039 0.1541676 18.72713 nan 0 0.0 0.0080704843565651 5.941271447103305 0.0
0.02470685 0.01289236 -3.418067 -6.922182 0.3375231 0.299543 0.02641827 18.26341 1.160072 1 0.0 0.02786828633576345 7.720089744142422 0.0
0.04621158 -0.03591008 -3.037095 0.7131132 1.530743 1.415675 0.407243 20.17029 0.8934364 1 0.01102316 0.05852387522800246 3.11969172756528 0.0
0.02464072 -0.04054772 -0.08872039 -3.356894 0.6927379 0.6165548 0.1013344 19.30148 0.6952858 0 0.0 0.04744768360327826 3.3580662046537664 0.0
-0.003862196 -0.02094827 -3.432833 0.4925731 0.6992924 0.6293607 0.1380028 19.03136 1.052952 0 0.0 0.021301327985252846 3.4679923103623818 0.0
0.04127206 0.01602948 -2.80425 -5.592412 1.026535 0.9206081 0.1087014 19.83224 nan 0 0.0 0.04427558204828029 6.256108218392965 0.0
0.01034219 -0.009264369 -8.003509 -8.142052 1.569196 1.662027 0.6797997 19.66759 nan 0 0.0 0.013884863231744884 11.417055972700888 0.0
0.03031733 -0.05022356 -5.789532 -0.9775646 1.885522 1.665578 0.2052677 20.44279 0.4242115 0 0.0 0.05866469532352912 5.871483060198433 0.0
0.01441041 -0.01714992 4.456231 -3.648454 2.143343 2.117344 0.6117206 20.20472 nan 0 0.0 0.022400439111198243 5.759271769544913 0.0
0.03400907 -0.02986587 3.177043 -5.430541 0.5304847 0.4960359 0.2385309 18.93546 1.027992 0 0.0 0.04526131939218962 6.291611699439978 0.0
0.06462993 -0.006533217 -3.431868 -1.150685 0.265635 0.2439177 0.120009 17.79451 1.13389 1 0.0 0.06495930092122289 3.619640028877043 0.0
0.005502621 -0.04490465 -8.439594 -6.016282 0.3212879 0.280718 0.01670444 18.13166 0.9623051 1 0.0 0.04524053966844495 10.3644776032543 0.0
-0.01363428 -0.04476057 -4.124283 -4.351345 1.280527 1.226671 0.2492332 19.93101 0.6207752 1 0.3697744 0.04679104847984601 5.995324309252503 0.0
0.04255157 0.01483868 -0.3485087 -0.5577321 0.4775339 0.4373417 0.1416077 18.74665 0.8791218 1 0.0 0.045064648379936345 0.6576651194537384 0.0
0.02119838 0.008052417 -10.52073 -2.863659 1.545006 1.285702 -0.2066851 19.87032 0.9953823 0 0.0 0.022676259263077078 10.90349955753569 0.0
0.05503381 -0.003200294 -5.552645 -4.319755 0.08280319 0.07305213 -0.007220395 15.59011 1.275504 1 0.9893632 0.05512678228232205 7.035065725069667 0.0
0.01023429 -0.05681455 -4.444321 -7.921747 1.230797 1.105053 0.196133 20.01451 1.250154 0 0.0 0.05772896832186246 9.083284905971517 0.0
-0.005932639 -0.05704304 -0.6660425 -2.486231 0.8479948 0.7800832 0.1455256 19.66446 0.6355572 1 0.0 0.057350715932287376 2.5738992204760565 0.0
-0.008826405 -0.02543471 -1.807705 -3.952819 0.5748414 0.5416834 0.2436247 18.86602 nan 0 0.0 0.026922665135683074 4.346559031439237 0.0
-0.02271308 -0.05857545 -1.708933 -3.058873 0.8135271 0.7480752 0.1499515 19.41191 nan 0 0.0 0.0628248943157798 3.503877285039817 0.0
0.03243377 0.0005645669 -2.135892 -7.121494 2.454448 2.29502 0.4505362 20.5655 0.958683 0 0.0 0.03243868326855262 7.434898212329474 0.0
0.04550511 -0.01661116 -2.305277 -4.549703 0.6462816 0.584499 0.2199471 18.99595 0.8905087 0 0.0 0.04844218897467062 5.100401889551254 0.0
0.02454998 0.00115839 -2.340407 -3.04482 0.378466 0.3223859 -0.1233715 18.28251 0.9479923 1 0.0 0.024577294102331525 3.8403689611870626 0.0
-0.01629747 -0.03156599 -3.759591 -6.945643 0.8577871 0.8114691 0.2466991 19.57679 0.9690285 0 0.0 0.03552491031770524 7.8978782701894055 0.0
0.02016713 -0.0237314 0.9302332 -2.007418 0.4030296 0.3602051 0.1156105 18.60238 1.167202 0 0.0 0.03114309680164932 2.212478436755088 0.0
0.05307287 -0.02916193 5.612865 -2.535549 1.895779 1.572477 -0.03423708 20.26912 0.8330059 0 0.0 0.06055697888238647 6.158998476994941 0.0
0.04234463 -0.04290811 -2.392757 -6.811031 1.014144 0.9534735 0.2075852 19.79913 1.22879 0 0.0 0.06028410730540015 7.21910169924278 0.0
0.05988729 -0.01762301 2.053094 -4.062749 1.768859 1.647766 0.2808448 20.35094 1.277649 0 0.0 0.06242642056857177 4.552046178350677 0.0
0.0003859276 -0.01751495 -4.181416 -3.479127 1.47757 1.504215 0.4623171 19.79703 0.9938755 0 0.0 0.01751920128359001 5.439537153764555 0.0
0.05876039 -0.01890399 -3.105851 -2.496175 1.307234 1.193732 0.3772187 19.98653 nan 0 0.0 0.061726366091583586 3.9846204417517614 0.0
0.02347613 0.005797354 2.172332 -6.214152 0.9274773 0.8287745 0.06936765 19.55866 nan 0 0.0 0.024181356313867426 6.582910556686002 0.0
0.01504469 -0.04952536 1.440717 -3.260604 0.5073404 0.4720428 0.1364298 18.76677 1.034349 1 0.0 0.051760061633712336 3.5647165271456016 0.0
0.05881183 -0.01851493 -5.812406 -5.625468 0.6381579 0.5944034 0.1980559 19.24014 0.7788849 0 0.0 0.061657391940089394 8.08887839739602 0.0
0.02380892 0.005831597 -5.703153 -4.62618 0.5098697 0.4575532 0.1053226 18.8998 0.7246456 0 0.0 0.02451269457111578 7.3435342672182715 0.0
0.01138517 -0.05874874 1.122106 -0.8402518 1.691838 1.496852 0.221023 20.2329 1.542952 0 0.0 0.059841762570269436 1.4018362823950734 0.0
