jas1101finalproject/data/gcs/NGC_5897.ecsv
# %ECSV 0.9
# ---
# datatype:
# - {name: x, unit: deg, datatype: float64}
# - {name: y, unit: deg, datatype: float64}
# - {name: pmx, unit: mas / yr, datatype: float64}
# - {name: pmy, unit: mas / yr, datatype: float64}
# - {name: pmx_e, unit: mas / yr, datatype: float64}
# - {name: pmy_e, unit: mas / yr, datatype: float64}
# - {name: pm_corr, datatype: float64}
# - {name: g_mag, unit: mag, datatype: float64}
# - {name: bp_rp, unit: mag, datatype: float64}
# - {name: filter, datatype: int64}
# - {name: memberprob, datatype: float64}
# - {name: r, unit: deg, datatype: float64}
# - {name: pm, unit: mas / yr, datatype: float64}
# - {name: member_prob_GMM, datatype: float64}
# meta: !!omap
# - comments: [deg deg mas/yr mas/yr mas/yr mas/yr dimless mag   mag   zeroone float]
# - __serialized_columns__:
#     bp_rp:
#       __class__: astropy.units.quantity.Quantity
#       unit: &id001 !astropy.units.Unit {unit: mag}
#       value: !astropy.table.SerializedColumn {name: bp_rp}
#     g_mag:
#       __class__: astropy.units.quantity.Quantity
#       unit: *id001
#       value: !astropy.table.SerializedColumn {name: g_mag}
#     pm:
#       __class__: astropy.units.quantity.Quantity
#       unit: !astropy.units.Unit {unit: mas / yr}
#       value: !astropy.table.SerializedColumn {name: pm}
#     pmx:
#       __class__: astropy.units.quantity.Quantity
#       unit: !astropy.units.Unit {unit: mas / yr}
#       value: !astropy.table.SerializedColumn {name: pmx}
#     pmx_e:
#       __class__: astropy.units.quantity.Quantity
#       unit: !astropy.units.Unit {unit: mas / yr}
#       value: !astropy.table.SerializedColumn {name: pmx_e}
#     pmy:
#       __class__: astropy.units.quantity.Quantity
#       unit: !astropy.units.Unit {unit: mas / yr}
#       value: !astropy.table.SerializedColumn {name: pmy}
#     pmy_e:
#       __class__: astropy.units.quantity.Quantity
#       unit: !astropy.units.Unit {unit: mas / yr}
#       value: !astropy.table.SerializedColumn {name: pmy_e}
#     r:
#       __class__: astropy.units.quantity.Quantity
#       unit: &id002 !astropy.units.Unit {unit: deg}
#       value: !astropy.table.SerializedColumn {name: r}
#     x:
#       __class__: astropy.units.quantity.Quantity
#       unit: *id002
#       value: !astropy.table.SerializedColumn {name: x}
#     y:
#       __class__: astropy.units.quantity.Quantity
#       unit: *id002
#       value: !astropy.table.SerializedColumn {name: y}
# schema: astropy-2.0
x y pmx pmy pmx_e pmy_e pm_corr g_mag bp_rp filter memberprob r pm member_prob_GMM
[from data line 1493]
-0.06498119 0.03995411 -2.50586 -10.39691 1.857715 1.580784 -0.1778779 20.10767 0.5112705 0 0.0 0.07628162268664845 10.694628179029882 0.0
0.02561317 -0.01659445 -9.361611 0.6239375 2.651237 1.864269 0.2296971 20.38496 0.866785 0 0.0 0.03051901453604621 9.382380216087347 1.0
-0.02809486 -0.0242777 -4.685255 -2.112286 1.609835 1.25355 -0.09781378 20.06579 0.4157143 0 0.0 0.03713122507687566 5.139393598550416 1.0
0.02877746 -0.004178191 2.07007 0.9443841 1.391076 1.255833 -0.4298441 19.0617 0.6127682 0 0.0 0.029079193319005277 2.275313414286658 0.0
0.03074962 0.02736705 -6.348375 -2.795751 1.971458 1.834056 -0.7562325 19.92578 0.660635 0 0.0 0.0411642387983417 6.936720319763944 1.0
-0.001960892 -0.01186395 -10.5946 -9.972735 1.428456 1.11734 -0.0837434 19.17311 nan 0 0.0 0.012024907776700991 14.549948197166373 0.0
0.0182453 -0.05212918 -12.21907 -1.860902 3.195401 2.209661 -0.1365439 20.76806 nan 0 0.0 0.05522990475786102 12.359960676252333 0.0
-0.0151681 0.02501578 -4.977155 -3.753664 1.070901 0.8698141 -0.2113658 19.48403 0.5005131 0 0.0 0.029255093686713772 6.2339446034530175 1.0
0.01216357 -0.07066797 -6.946759 -4.846672 2.274826 1.59459 0.1762532 20.41278 0.2311077 0 0.0 0.07170714343122168 8.470400821665113 0.0
-0.07241979 -0.0165755 -6.17929 -2.128973 1.424906 1.148536 -0.1930156 20.00424 0.8352757 0 0.0 0.07429248403367665 6.535759400316769 1.0
0.01803175 -0.05182588 -3.473295 -3.780154 1.473878 1.253612 -0.3850756 19.99217 nan 0 0.0 0.054873179658526255 5.133550664086311 1.0
-0.05016329 0.04049007 -3.489519 -3.814207 1.909441 1.485486 0.06370396 20.3048 0.6982479 0 0.0 0.06446550575485312 5.169614868654144 1.0
-0.01532478 0.02464193 -9.034983 -0.5223453 1.72934 1.529857 -0.2230542 19.38772 0.6591225 0 0.0 0.029018504375196527 9.0500697468429 1.0
0.05231986 -0.01229082 -6.036874 -2.155222 1.206709 1.025201 -0.2736867 19.97686 nan 0 0.0 0.053744134625947786 6.410056907794189 1.0
0.03027045 -0.01711222 -5.737947 -4.813982 1.656305 1.359579 -0.2993826 20.01664 0.6762352 0 0.0 0.03477252099763404 7.489890417832092 1.0
-0.01097998 0.03065809 -5.935478 -2.473389 1.581944 1.259886 -0.2547519 20.10359 0.6786594 0 0.0 0.03256498799705751 6.4302062357132055 1.0
-0.05694645 0.1557638 -7.87211 -4.611565 1.755297 1.311512 -0.1952583 20.30055 1.903046 0 0.0 0.16584709692377042 9.12341205916542 0.0
0.0524336 -0.01286688 -6.744795 -4.827454 0.5583645 0.4916585 -0.3344788 18.59325 0.85746 0 0.0 0.05398924902139684 8.294369880475612 1.0
-0.04463204 -0.01699947 -4.941192 -4.327561 1.593914 1.305947 -0.3134943 20.25033 nan 0 0.0 0.047759825950714055 6.568345498646139 1.0
-0.04034114 0.07430651 -6.09175 -6.734957 2.115633 2.600784 -0.7498814 20.03656 0.8175793 1 0.7394906 0.08455096099323592 9.081247923845543 0.0
0.01963264 0.1028656 -6.796392 -0.7465117 2.799404 2.173424 -0.1790134 20.91496 0.5721588 0 0.0 0.1047223577691488 6.837267285685187 0.0
-0.03533786 0.00967538 -5.289487 -3.618281 0.5956797 0.4650621 -0.1124142 18.90959 1.029448 0 0.0 0.0366384678654007 6.408637149826006 1.0
0.01948104 0.03328555 -4.539934 -3.689097 0.7953869 0.685433 -0.2888505 19.24625 0.857769 0 0.0 0.03856732760101612 5.849823706725272 1.0
-0.04607161 0.03257589 -0.6920714 -4.391537 2.623698 2.397684 -0.155024 20.7454 0.8091087 0 0.0 0.05642501091966399 4.445735039908131 0.0
0.0162554 -0.01904027 -5.462715 -3.186435 0.347213 0.3060212 -0.3098451 17.97463 0.9416409 0 0.0 0.0250353731914046 6.324130231142461 1.0
-0.04071608 0.03813165 -5.157827 -3.193827 0.445317 0.3433855 0.05541077 18.40493 1.010931 1 0.9983665 0.05578370642301299 6.066606157305582 1.0
-0.03233484 0.02230271 -5.381318 -4.917223 2.011227 1.415666 0.1212243 20.28924 nan 0 0.0 0.03928043725787303 7.289558659401336 1.0
0.001514303 -0.02666306 -6.21114 -5.10118 1.053257 0.9489463 -0.3544759 19.68249 nan 0 0.0 0.026706027075164306 8.037431025644949 1.0
-0.0133444 0.02369035 -7.633566 -2.61003 1.554159 1.23243 -0.2422175 20.15216 0.7137184 0 0.0 0.027190176433456625 8.06743989610434 1.0
-0.03802587 0.04860752 1.086412 -1.588535 2.536166 1.732163 -0.2148344 20.70766 0.8008537 0 0.0 0.06171432402455122 1.924508893190416 0.0
0.05985936 -0.07103235 -5.601445 -5.009615 1.105833 0.937969 -0.3409777 19.87954 0.8963566 0 0.0 0.09289099916639987 7.514813938897623 0.0
-0.04068846 0.04136461 -5.432906 -3.442458 0.1818329 0.1417835 -0.03345853 16.82752 0.179409 1 0.9997802 0.058022252090242935 6.4317170869527525 1.0
-0.007518995 0.0526424 -6.177162 -3.265916 0.846106 0.713692 -0.2525456 19.39099 0.7226048 0 0.0 0.05317666371229042 6.987384181029407 1.0
0.002753428 -0.0218661 -9.772033 -4.722921 3.327061 2.224414 -0.002545786 20.5521 nan 0 0.0 0.022038777074991796 10.853506886040567 0.0
-0.01906737 -0.008971708 -5.291986 -3.59181 0.233719 0.1862254 -0.1032919 17.47074 1.078466 0 0.0 0.021072639681685917 6.395796658767068 1.0
-0.01908386 0.008615952 -4.933011 3.387655 2.041787 1.51959 -0.2391353 20.29985 nan 0 0.0 0.020938680506801376 5.984212891028025 1.0
-0.03021243 0.0238977 -6.887139 -5.424684 2.167233 1.585615 -0.073667 20.34757 0.5059643 0 0.0 0.038521305686527556 8.766976679858171 1.0
-0.1074063 0.05154536 -2.710119 -1.459454 2.725301 1.96137 -0.3060952 20.77472 0.9088783 1 0.7227625 0.11913453494776231 3.0781083431674396 0.0
0.02043113 0.0004141741 -5.706908 -3.348478 0.4524002 0.3178627 -0.05979518 17.60365 1.010065 0 0.0 0.0204353275790238 6.61672908897954 1.0
-0.03395021 -0.01603345 -2.05586 -5.215405 1.514052 1.235305 -0.3345534 19.94992 0.9594746 0 0.0 0.037545815718220854 5.6059798120957405 1.0
-0.01389626 -0.01672832 -0.4937995 -1.952369 1.101339 0.8740534 -0.143361 19.32562 0.8473644 0 0.0 0.021747246538585067 2.01384772472033 0.0
-0.06175522 -0.0430695 -6.065429 -4.703592 1.110024 0.8974423 -0.2633919 19.81211 0.708456 0 0.0 0.07529069681905196 7.67549390309868 1.0
-0.03124984 0.01148064 -3.612578 -4.979341 1.247704 0.8908727 -0.1039478 19.9252 nan 0 0.0 0.0332920049686888 6.151792958184223 1.0
-0.003968904 -0.02247838 -5.642734 -3.46874 0.1157864 0.09522309 -0.1925898 15.99058 1.159763 1 0.9997576 0.022826076456229086 6.623639798657231 1.0
-0.004468153 0.003280344 -2.261701 -11.68029 2.064985 1.520714 0.08193412 20.07262 0.5069237 0 0.0 0.005543017949614181 11.897246147638578 0.0
0.02578824 -0.07476478 -6.323812 -4.08254 0.8089447 0.6601579 -0.2937286 19.4638 0.669239 1 0.9769942 0.079087329268006 7.527132990916528 1.0
-0.03077591 0.1315196 0.2650256 1.217369 3.194222 2.227679 -0.4777564 20.65835 2.044279 0 0.0 0.13507243175603265 1.245883562302818 0.0
0.01126675 -0.06880824 -8.996998 -4.790423 2.363172 1.537411 -0.1160412 20.53543 0.6954136 0 0.0 0.06972455483873741 10.192846782471175 0.0
0.01696741 -0.02006269 -6.684154 -2.718431 1.174735 1.016988 -0.2895833 19.67311 0.8114815 0 0.0 0.026275550082618632 7.215800842420542 1.0
0.009745805 -0.03064592 -4.277864 -2.382166 0.7124777 0.6198006 -0.2731811 18.80604 0.4032478 0 0.0 0.032158251316643835 4.896410445831926 1.0
0.01579974 -0.01810943 -4.417613 -3.639553 1.189944 1.038508 -0.3150263 19.79898 0.6171932 0 0.0 0.024032961511068502 5.72377940329447 1.0
-0.006031766 -0.07815584 -6.325493 -3.70705 4.073003 2.746299 0.04333665 20.91629 0.4415092 0 0.0 0.07838824865491227 7.331717492889984 1.0
-0.03394194 0.01023074 -4.753813 -4.19218 1.256217 0.9680369 -0.1110747 19.98358 0.7292156 0 0.0 0.0354502938198148 6.338226186510623 1.0
-0.0662688 -0.01234977 -8.928353 -1.286057 2.874586 2.324296 -0.3273144 20.87387 nan 0 0.0 0.06740972238848711 9.020500534884857 0.0
0.0204002 0.08693911 -6.684389 -0.1949271 1.99848 1.662965 -0.285422 20.54378 0.8202782 0 0.0 0.08930048716346457 6.687230583555155 1.0
-0.08563198 -0.0749321 -4.783337 -5.31138 0.8846655 0.6891781 -0.1749814 19.54341 0.7831631 1 0.7262394 0.11378776563906332 7.147801785162274 0.0
0.01557745 0.03543749 -4.971514 -3.383932 0.2476021 0.2145297 -0.1907444 16.78389 0.2246552 1 0.9988033 0.03871011038478966 6.013896177422753 1.0
0.02686186 -0.04251172 -5.472971 -3.332519 0.06783784 0.06023425 -0.2667185 14.44326 1.370969 0 0.0 0.050287233568948694 6.407737077330967 1.0
-0.03016012 0.04707771 -5.088093 -4.088581 0.5657836 0.4979254 -0.2467107 18.68068 0.9695454 1 0.9957506 0.05591013876980185 6.527264738786837 1.0
0.007883959 0.04092363 -16.00579 -8.44533 3.165997 2.214904 -0.02842674 20.54693 1.046738 0 0.0 0.04167613588002829 18.09720730756544 0.0
0.01064271 -0.03488411 -5.583611 -3.446042 0.1734527 0.1435909 -0.1851536 16.85035 1.09687 1 0.9998035 0.03647147387529328 6.561395984475027 1.0
-0.04842273 -0.01043556 -7.113557 0.6429455 2.511456 1.984408 -0.5147219 20.53869 0.8136749 0 0.0 0.04953444955953886 7.1425536125547735 1.0
-0.005251637 0.004069961 -18.64779 7.303291 2.357299 1.33931 0.2939004 20.02927 0.6376457 0 0.0 0.006644115721545644 20.02693514531819 0.0
0.0604247 0.05932514 -1.625947 -0.1451103 1.678716 1.462451 -0.3270881 20.17663 1.096296 0 0.0 0.0846794934214276 1.6324094602688046 0.0
0.04400796 0.05682082 -6.874428 -3.21549 1.703114 1.404126 -0.1919803 20.36675 0.2904224 0 0.0 0.07187006420502211 7.589277717100884 1.0
-0.0256667 -0.06492094 -2.41021 -4.214633 2.738863 2.156174 -0.2656747 20.57928 0.4523087 0 0.0 0.06981051453308161 4.855125494648825 0.0
-0.0394385 0.002121252 -4.151347 -2.148377 1.869476 1.694669 -0.3611076 20.09787 0.5989876 0 0.0 0.03949550597596521 4.6743133879253325 0.0
-0.04143532 0.01144765 -11.95375 -2.217389 1.845478 2.27489 -0.4580782 20.57532 0.9538994 0 0.0 0.042987607912337945 12.157670543316305 0.0
0.01662596 -0.01678582 -5.443685 -3.895597 0.5688173 0.493296 -0.2988082 18.80232 0.9388504 0 0.0 0.02362596662560074 6.6939810550698455 1.0
-0.0366333 0.006096882 -4.552699 -2.344412 1.737193 1.683456 -0.7262298 19.29689 0.8123055 0 0.0 0.03713718674067711 5.120872563376772 1.0
-0.05100267 -0.0465082 -8.000408 -0.1301615 2.383095 2.077892 -0.3706042 20.65391 0.7958069 0 0.0 0.06902380034719112 8.001466751949062 0.0
-0.01196147 0.01111723 -0.1385532 -2.645079 0.994331 0.8669653 -0.2045108 19.06421 nan 0 0.0 0.016330020435804726 2.648705326281359 0.0
-0.02267692 0.1243304 -6.251854 -2.29753 1.920445 1.470506 -0.186901 20.44307 0.6188545 0 0.0 0.12638152976145842 6.660654813020714 0.0
0.04065247 -0.07259372 -5.991098 -3.835386 0.9084224 0.7932478 -0.3903403 19.54904 0.8178844 1 0.9855539 0.083201391217571 7.113609562985588 1.0
-0.01874245 0.01236966 -4.519194 -5.164631 0.7473475 0.6066352 -0.002675193 19.16434 0.8280849 0 0.0 0.02245635590468988 6.862691001043031 1.0
0.05634979 0.06087741 -3.216532 -0.6774942 1.833185 1.54646 -0.2424375 20.50747 0.1988106 0 0.0 0.08295395036616521 3.2871076188737174 0.0
-0.04016759 0.01186952 -5.497632 -3.656675 0.4146946 0.3695787 -0.3435528 18.18361 1.052208 0 0.0 0.041884612824264 6.602668374456573 1.0
-0.002288276 -0.02558161 -10.48074 -9.454265 2.392451 2.039979 -0.3936895 20.12253 0.5347614 0 0.0 0.025683749283238924 14.114851668998332 0.0
-0.01271743 0.02225799 -5.30419 -2.377463 1.556665 1.298346 -0.05782352 20.10786 0.7355576 0 0.0 0.025634959423509917 5.8126381164208905 1.0
-0.03772156 -0.02788471 -3.838016 -3.0566 1.402462 1.121751 -0.3278032 20.0546 0.465498 0 0.0 0.04690920102301573 4.906441722496661 1.0
0.02944837 0.003134453 -6.150492 -5.580367 1.635782 1.400635 -0.3057334 20.28432 0.2253704 0 0.0 0.029614714100698474 8.304760544215167 1.0
0.06851537 0.05204893 -4.445876 -3.096718 1.904701 1.671032 -0.303195 20.58359 0.5341225 1 0.9528446 0.08604328585300425 5.418069377453559 0.0
-0.00582322 0.05008281 -4.759362 -2.830391 1.121033 0.9490761 -0.2744554 19.78096 0.775526 0 0.0 0.05042021170785085 5.537385652085739 1.0
-0.01200207 -0.01550746 -0.5706865 -2.086807 2.225331 2.100514 -0.1097908 20.09227 nan 0 0.0 0.019609462000179913 2.163433968608991 0.0
-0.05128639 -0.008275494 -3.681333 -3.07744 2.338706 2.017628 -0.3349769 20.60794 1.258125 0 0.0 0.051949760347629485 4.798213168512733 0.0
0.06893061 -0.005343379 -4.891973 -3.487372 1.429032 1.209986 -0.2573676 20.11436 0.5346203 0 0.0 0.06913740445019427 6.007758591947 1.0
0.06120754 0.05709704 -2.654964 -0.4403836 1.25314 1.097864 -0.3015417 19.91948 0.7785854 0 0.0 0.08370444987940127 2.691239780555601 0.0
0.008892526 -0.0104356 -7.275358 -2.21959 0.4852865 0.4385841 -0.3272497 17.45731 0.9801941 0 0.0 0.01371053485538314 7.606406102507544 1.0
-0.02364673 -0.05329914 -3.666196 -1.797704 1.746159 1.408478 -0.2784549 20.38453 0.7328243 0 0.0 0.05830922881013348 4.083225781417433 0.0
-0.03181773 0.002430155 -7.185285 -2.680681 2.529721 2.374676 -0.1794024 20.64944 0.3587933 0 0.0 0.03191039949102682 7.6690528199371535 1.0
0.01364593 -0.05272378 -4.388971 -3.684834 1.239974 0.9329408 -0.2276446 19.88003 0.2996426 0 0.0 0.054461072180533684 5.730712699690764 1.0
-0.05148811 -0.001596028 -7.138319 -3.108362 2.108396 1.424401 -0.2137616 20.41936 0.3423901 0 0.0 0.051512840891848356 7.785724916075895 1.0
-0.01566306 -0.01004706 -8.404066 -6.720282 0.6425049 0.504538 -0.07712491 18.49656 0.9188595 0 0.0 0.018608462139768564 10.760600145525341 0.0
-0.0331782 -0.02905665 -8.739285 -4.657109 1.356498 0.9852019 -0.1649709 20.05275 0.5537243 1 0.8253521 0.044103082255807245 9.902715109963832 0.0
-0.03873752 0.04549263 -4.835726 -4.153389 1.311216 1.02495 -0.217304 20.00988 0.7767544 0 0.0 0.05975094007684984 6.374549876845972 1.0
0.04834228 -0.06765598 -5.238501 -5.466809 1.304809 0.9672806 0.05009907 19.64449 0.8341103 0 0.0 0.08315231605528976 7.5715185642962 0.0
-0.0222045 0.01496699 -5.157512 -3.064183 0.4984241 0.3981271 -0.02595961 18.49409 0.5774078 0 0.0 0.026777800692179703 5.999095555801141 1.0
-0.004125714 -0.0171874 -5.196565 -8.538517 1.942672 1.704858 -0.3513019 20.19298 0.9065514 0 0.0 0.01767563958587626 9.995527017547099 0.0
-0.008784217 0.002107133 -3.935006 -5.630839 2.578335 2.245537 -0.06288376 20.35067 nan 0 0.0 0.009033408979049825 6.869542929770291 1.0
0.05530951 0.06083584 -5.875074 -2.367176 1.262142 1.036343 -0.2105076 19.90848 0.710062 1 0.9748365 0.08222007859972952 6.3340363687345524 1.0
-0.03238311 0.04784781 -7.092523 -5.726626 1.292205 1.015409 -0.1879037 19.8669 0.7839317 0 0.0 0.05777610868748603 9.115817453712257 0.0
-0.02263191 0.01519772 -6.687051 -6.965345 2.080371 1.537378 0.236515 19.70211 nan 0 0.0 0.02726121867133786 9.65570722659019 0.0
-0.000807211 -0.008301012 -4.802543 -1.210327 1.479327 1.245653 -0.2090148 20.08916 0.9046001 0 0.0 0.008340167253878365 4.952707412494504 1.0
-0.002730527 0.01547407 -7.871887 -6.985662 2.420617 1.660414 0.08631992 19.85818 0.7440567 0 0.0 0.0157131352715691 10.524546475692576 0.0
-0.03623463 0.006896158 -4.415216 -4.676121 2.086902 2.29543 -0.3886799 20.22729 nan 0 0.0 0.03688502957024521 6.431192730224853 1.0
-0.002360342 0.02855848 -0.7324895 -4.690117 2.293593 1.949429 0.01046715 20.58784 nan 0 0.0 0.028655854450135736 4.74697149151954 1.0
0.03151503 0.07638573 -2.640512 -5.632914 3.104743 2.445169 -0.3682135 20.85135 0.5112019 0 0.0 0.08263157304283757 6.221095060641655 1.0
0.06472885 -0.004942861 -6.476583 -3.311074 1.19657 1.029746 -0.4073415 19.80007 0.6360931 0 0.0 0.06491730044593522 7.27388055919019 1.0
-0.01973506 -0.0222374 -4.611153 -3.20036 4.517832 2.66816 0.2850606 20.73529 nan 0 0.0 0.029731709536513367 5.612934715370294 1.0
-0.04372403 0.0436869 -4.71577 -3.454545 1.101218 0.8456813 -0.09755422 19.83245 0.8473835 0 0.0 0.061808866929032924 5.845713630509538 1.0
0.001001578 -0.02956223 -5.987023 -3.799051 0.2645524 0.218788 -0.2031219 17.59723 1.065702 0 0.0 0.029579192028569404 7.090644040080562 1.0
-0.0470548 -0.01225855 -3.045672 -4.094519 2.764131 2.098185 -0.006873093 20.52206 0.9327793 0 0.0 0.048625366334275576 5.103058276459813 1.0
-0.03020575 -0.00910134 0.6556919 -8.952803 1.142156 1.094305 -0.6854289 19.13476 0.8492508 0 0.0 0.03154713493897821 8.976781908041133 1.0
0.07604116 -0.02762658 -4.80346 -5.169875 1.732607 1.510565 -0.3429219 20.481 0.5850029 0 0.0 0.0809041774980872 7.056970701882289 1.0
