jas1101finalproject/data/gcs/NGC_7078_M_15.ecsv
# %ECSV 0.9
# ---
# datatype:
# - {name: x, unit: deg, datatype: float64}
# - {name: y, unit: deg, datatype: float64}
# - {name: pmx, unit: mas / yr, datatype: float64}
# - {name: pmy, unit: mas / yr, datatype: float64}
# - {name: pmx_e, unit: mas / yr, datatype: float64}
# - {name: pmy_e, unit: mas / yr, datatype: float64}
# - {name: pm_corr, datatype: float64}
# - {name: g_mag, unit: mag, datatype: float64}
# - {name: bp_rp, unit: mag, datatype: float64}
# - {name: filter, datatype: int64}
# - {name: memberprob, datatype: float64}
# - {name: r, unit: deg, datatype: float64}
# - {name: pm, unit: mas / yr, datatype: float64}
# - {name: member_prob_GMM, datatype: float64}
# - {name: member_prob_DB, datatype: float64}
# meta: !!omap
# - comments: [deg deg mas/yr mas/yr mas/yr mas/yr dimless mag   mag   zeroone float]
# - __serialized_columns__:
#     bp_rp:
#       __class__: astropy.units.quantity.Quantity
#       unit: &id001 !astropy.units.Unit {unit: mag}
#       value: !astropy.table.SerializedColumn {name: bp_rp}
#     g_mag:
#       __class__: astropy.units.quantity.Quantity
#       unit: *id001
#       value: !astropy.table.SerializedColumn {name: g_mag}
#     pm:
#       __class__: astropy.units.quantity.Quantity
#       unit: !astropy.units.Unit {unit: mas / yr}
#       value: !astropy.table.SerializedColumn {name: pm}
#     pmx:
#       __class__: astropy.units.quantity.Quantity
#       unit: !astropy.units.Unit {unit: mas / yr}
#       value: !astropy.table.SerializedColumn {name: pmx}
#     pmx_e:
#       __class__: astropy.units.quantity.Quantity
#       unit: !astropy.units.Unit {unit: mas / yr}
#       value: !astropy.table.SerializedColumn {name: pmx_e}
#     pmy:
#       __class__: astropy.units.quantity.Quantity
#       unit: !astropy.units.Unit {unit: mas / yr}
#       value: !astropy.table.SerializedColumn {name: pmy}
#     pmy_e:
#       __class__: astropy.units.quantity.Quantity
#       unit: !astropy.units.Unit {unit: mas / yr}
#       value: !astropy.table.SerializedColumn {name: pmy_e}
#     r:
#       __class__: astropy.units.quantity.Quantity
#       unit: &id002 !astropy.units.Unit {unit: deg}
#       value: !astropy.table.SerializedColumn {name: r}
#     x:
#       __class__: astropy.units.quantity.Quantity
#       unit: *id002
#       value: !astropy.table.SerializedColumn {name: x}
#     y:
#       __class__: astropy.units.quantity.Quantity
#       unit: *id002
#       value: !astropy.table.SerializedColumn {name: y}
# schema: astropy-2.0
x y pmx pmy pmx_e pmy_e pm_corr g_mag bp_rp filter memberprob r pm member_prob_GMM member_prob_DB
[from data line 8215]
0.01892599 -0.01741742 -0.7497687 -4.05562 0.2262515 0.2513139 -0.04193585 17.46056 nan 0 0.0 0.025720801249893052 4.124343182604921 0.0 0.0
-0.0390407 -0.01182955 -0.3540682 -5.076499 1.232824 1.706703 0.03238484 19.93162 nan 0 0.0 0.04079355965949159 5.088831534571787 0.0 0.0
0.01937517 -0.04029794 -1.596847 -2.281597 1.268024 1.334157 -0.3329439 19.26001 0.6696682 0 0.0 0.044713769476219516 2.7848887252129124 0.0 1.0
0.1858551 -0.114707 3.044539 -9.11208 0.1439583 0.1225355 -0.2913649 16.36372 0.8853617 1 0.0 0.21840287096329572 9.60724828704458 0.0 0.0
0.04335331 0.02391197 0.397044 -6.304918 1.207778 1.454845 -0.02670369 20.05775 0.6032639 0 0.0 0.04951052208608792 6.317407294504605 0.0 1.0
-0.03877372 -0.02222464 0.7433785 -4.657718 1.124556 1.108296 -0.2219556 19.38237 0.7241058 0 0.0 0.04469156504048611 4.716667103133975 0.0 1.0
-0.1864033 0.008370744 -0.5202679 -4.167305 2.247122 3.327463 0.3761045 20.46617 0.6299553 0 0.0 0.18659115629097628 4.199655896712898 0.0 0.0
-0.0172054 -0.05435715 0.2067545 -0.3485215 2.496095 2.236693 0.07067239 20.50676 nan 0 0.0 0.05701513435292861 0.4052340795546446 0.0 1.0
0.1166035 -0.08786711 -4.540603 -9.051395 0.8474502 0.9883722 -0.04380298 19.64098 1.272562 0 0.0 0.14600344253476388 10.126441973844218 0.0 1.0
-0.05814089 -0.04302933 0.9056334 -4.276698 1.409556 1.479116 0.07702179 20.35491 nan 0 0.0 0.07233177953182819 4.371534929335411 0.0 1.0
-0.01063796 0.02185348 0.6943232 -3.626321 0.335475 0.4590639 0.02662027 18.06205 0.9224739 0 0.0 0.02430515955660444 3.692192939311168 0.0 0.0
-0.0711433 -0.01881905 -1.362891 -2.789458 0.7825426 0.8870923 -0.03458376 19.57733 0.7897339 0 0.0 0.07359025599760134 3.1046010712561767 0.0 1.0
0.152882 -0.1242313 12.38708 4.802372 0.9481394 1.111286 0.04603992 19.9981 2.371834 1 0.0 0.19699320248092317 13.285425388476801 0.0 0.0
-0.03340913 -0.06717775 0.4192535 -3.748421 1.564076 1.652282 0.08963873 20.00072 0.6785107 0 0.0 0.07502679562942428 3.7717944655698368 0.0 1.0
0.0157919 0.008218098 -0.6743095 -3.480541 0.2880392 0.2939048 -0.1679705 17.1011 0.8837242 0 0.0 0.017802281885971924 3.5452586583310466 0.0 0.0
-0.008762342 -0.08916855 -1.301497 -6.301882 1.408718 1.833932 0.2262707 20.53078 0.6340885 0 0.0 0.08959804097427278 6.434874605066753 0.0 1.0
0.04604317 -0.006122598 -1.957454 -1.359563 0.6837014 0.728241 -0.1447351 18.696 nan 0 0.0 0.046448462944628253 2.383282969578938 0.0 1.0
0.01713846 -0.05653439 -2.692261 -4.433255 1.712518 1.749118 0.01733963 20.35982 0.8661518 0 0.0 0.05907507142478712 5.186715645487614 0.0 1.0
0.1697822 -0.1359856 -1.682249 -0.6954838 1.208448 1.497716 0.09145333 20.34041 0.7421417 0 0.0 0.21752719104562537 1.8203459599931657 0.0 0.0
0.08541534 -0.0772703 -1.467336 -6.948963 1.611468 2.24052 0.1899648 20.5843 0.7818298 0 0.0 0.11518020476369019 7.102194147745117 0.0 1.0
-0.007865724 -0.04309947 -1.977653 -7.540393 1.677222 1.591903 0.183309 20.10213 0.4901104 0 0.0 0.04381134474454164 7.795424169527788 0.0 1.0
-0.04192129 0.07196069 2.127946 1.016426 0.9046296 0.9708554 -0.1107895 19.71215 0.4201393 0 0.0 0.08328106303680446 2.3582357796437576 0.0 1.0
-0.05133114 -0.007053369 -0.3924298 -1.998847 1.138911 1.466067 -0.01097289 19.78978 0.6008701 0 0.0 0.05181347264901051 2.03700527179903 0.0 1.0
-0.03277115 0.02496235 -0.458938 -4.148615 0.3926264 0.5285918 0.06737804 18.52202 0.6742592 0 0.0 0.041195475356463604 4.173922676100864 0.0 0.0
-0.03173124 -0.009476858 -0.8926106 -3.764594 0.477045 0.5731384 0.1175318 18.86805 0.7380695 0 0.0 0.03311619587890137 3.8689690704460746 0.0 0.0
-0.01350544 -0.05372984 2.173819 2.207699 3.639913 2.837398 -0.3339057 20.67807 nan 0 0.0 0.0554011968825512 3.098293710958017 0.0 1.0
-0.04244292 -0.01943935 -0.1017042 -3.264497 0.9464269 1.224291 0.07277627 19.70484 0.5752735 0 0.0 0.046682863949728926 3.266080894176787 0.0 1.0
0.0265574 0.04357166 -11.13291 2.893927 2.012223 1.843439 -0.3447222 20.11603 0.6195621 0 0.0 0.05102729710572176 11.50289087792408 0.0 1.0
-0.0408867 0.0120698 0.1624407 -3.739893 0.7034947 1.105819 0.1642401 19.39142 0.7239819 0 0.0 0.04263100173500501 3.743419109913488 0.0 1.0
-0.02232704 0.070771 -0.573999 -3.75867 0.1172782 0.1290411 -0.1275002 16.42418 1.040052 1 0.9997674 0.07420937377556558 3.8022460494950874 0.0 1.0
-0.04318057 0.03104924 1.093186 -4.359836 0.7628728 0.9991652 0.05266462 19.44173 1.110794 0 0.0 0.05318474339603887 4.4947998373111115 0.0 1.0
0.02077853 -0.05370458 -0.3771477 -3.851611 0.6600436 0.7694655 -0.03427121 19.4281 0.5509968 0 0.0 0.05758410563634118 3.870032000247064 0.0 1.0
-0.06614443 0.04763549 -1.792585 -3.07495 1.67322 2.029956 0.2522374 20.38362 0.6037598 0 0.0 0.08151211889998321 3.5593087088260553 0.0 1.0
-0.05705854 -0.004665154 0.5676213 -5.388626 1.055423 1.405775 0.03056773 19.84303 0.8400841 0 0.0 0.057248935787273074 5.418439268653816 0.0 1.0
-0.07442158 0.09968632 -0.6652849 -3.750277 0.0700597 0.07750221 -0.05346042 15.13888 1.169525 1 0.9997819 0.12440230691124181 3.808829423182011 0.0 1.0
0.0978843 -0.2292353 6.158915 -7.333606 0.3104944 0.3745371 0.1561692 18.3534 1.098852 1 0.0 0.24925922039631754 9.576743232459613 0.0 0.0
-0.03366869 0.004015011 -1.070425 -3.534611 1.205636 1.720742 -0.100783 19.80574 nan 0 0.0 0.033907241109329744 3.6931402088122782 1.0 0.0
-0.0665253 -0.04403635 -0.6114486 -3.854063 0.4304537 0.5541867 0.166451 18.78757 0.6884842 0 0.0 0.07977979481931813 3.9022648549798564 0.0 1.0
-0.0300077 -0.0697073 0.8563613 -3.066961 0.6877682 0.8187296 0.0101454 19.45136 0.5355473 0 0.0 0.0758918291555817 3.1842745565762214 0.0 1.0
0.02835574 -0.03806935 -1.176351 -4.144698 0.4098531 0.5145454 -0.03834821 18.67119 0.6898537 0 0.0 0.04746918369184475 4.308401465323885 0.0 1.0
-0.04772739 -0.04068536 -0.5612589 -3.196651 0.5448789 0.5506036 0.04180745 18.88857 0.7403984 0 0.0 0.06271524754429102 3.245549132062279 0.0 1.0
0.02438834 -0.04717542 -0.05837225 -4.996309 0.4464451 0.4946093 0.04094369 18.90696 0.6143341 0 0.0 0.053106603922035915 4.99664997203637 0.0 1.0
-0.08684857 0.03418702 -9.323752 -7.498354 3.309067 3.175211 0.05469548 20.83703 0.2632408 0 0.0 0.09333502262026457 11.964851192840637 0.0 1.0
-0.07595302 0.06293695 0.1754045 -3.603544 1.359825 1.640009 0.2087374 19.98958 0.8025379 0 0.0 0.09864036152824512 3.6078104299638927 0.0 1.0
-0.0151166 -0.0520532 1.635063 -4.496018 1.166564 1.039091 -0.1903175 19.67766 0.7014503 0 0.0 0.054203756565389456 4.784099588249915 0.0 1.0
0.05968933 -0.0623838 -0.6856491 -3.861537 0.1506189 0.1604315 -0.1540807 16.62732 1.057728 1 0.9996508 0.08633976267218309 3.9219360895735935 0.0 1.0
0.05510029 -0.09233681 -0.7315082 -0.7686337 1.926748 2.65792 0.1658604 20.73352 0.7758389 0 0.0 0.10752733810087647 1.061085298853457 0.0 1.0
0.002606998 -0.03984945 0.5280494 -2.865981 0.8609017 0.8309703 -0.2466796 19.08005 nan 0 0.0 0.0399346353917812 2.9142208669216134 0.0 0.0
-0.05834967 -0.04267547 -2.549252 -5.45157 0.9978262 1.067955 -0.04791576 19.81244 0.7924118 0 0.0 0.0722902464294444 6.018164273630623 0.0 1.0
-0.2408381 -0.01727082 -0.3512265 -4.579533 0.9598857 1.126957 0.1735752 20.05011 0.9823341 1 0.9333362 0.24145656262583215 4.592981880259408 0.0 0.0
-0.1098672 -0.01681555 -0.2982693 -7.488012 1.956792 1.928843 -0.1713139 20.57241 0.6105728 0 0.0 0.11114658950072422 7.4939501124217855 0.0 1.0
-0.03161901 -0.0693552 -1.723615 -5.179709 1.491475 1.86549 0.1956125 20.53508 0.6764793 0 0.0 0.07622273650571791 5.458959057632325 0.0 1.0
0.01800028 -0.004692605 -0.6065353 -3.771656 0.08797534 0.105368 -0.1268039 15.70667 0.7673006 0 0.0 0.018601898337654278 3.8201144030620457 0.0 0.0
-0.03536378 0.0437968 -0.3455191 -3.927843 0.1177007 0.1565817 -0.004006611 15.94848 0.2669992 1 0.9991551 0.05629171010129644 3.943010788866017 0.0 1.0
-0.04832311 -0.03506239 0.7898057 -3.869902 1.240451 1.281275 0.05166205 20.14125 0.5352154 0 0.0 0.059703384766562444 3.949675244036716 0.0 1.0
-0.07690319 0.07747121 -1.102868 -3.229988 0.6659599 0.747742 -0.00744276 19.19742 0.6807232 0 0.0 0.10915992401536471 3.4130836944862635 0.0 1.0
-0.04542466 -0.0095216 0.1687044 -8.260632 1.126225 1.562282 0.07053595 20.05718 0.7457294 0 0.0 0.046411858427298516 8.262354519990252 0.0 1.0
-0.05538056 0.03055368 0.3164132 -2.783052 0.8061562 0.927313 -0.0141089 19.62107 0.4477539 0 0.0 0.06324977302296032 2.8009812116182147 0.0 1.0
-0.07816863 0.03396307 -0.7674403 -2.388942 1.646284 2.055819 0.3539592 20.48349 0.5231247 0 0.0 0.0852280754206136 2.5091848264781316 0.0 1.0
-0.04240337 0.04140601 -0.7486883 -2.941582 0.8693944 1.026742 0.02216676 19.61589 0.2212658 0 0.0 0.05926637707399534 3.0353646952682456 0.0 1.0
-0.05342793 -0.04939037 -0.899221 -3.40085 0.3079805 0.3589581 0.1098892 18.34243 0.7768574 1 0.9980477 0.07275955162603602 3.517723572047838 0.0 1.0
0.01997283 -0.0527977 -0.6108105 -3.254179 1.127187 1.359298 0.1491293 20.09937 nan 0 0.0 0.05644919010489788 3.3110074646474676 0.0 1.0
0.004396621 -0.005387453 -1.191359 -3.773215 0.09351121 0.1026595 -0.1471199 14.75401 1.064445 0 0.0 0.0069537706350475785 3.9568279850286645 0.0 0.0
-0.0859574 -0.06958733 3.498321 -5.127988 1.616522 1.763455 0.003272373 20.56457 0.4979477 0 0.0 0.11059417304401215 6.207617155333034 0.0 1.0
-0.05767737 0.03053224 -1.11143 -2.977116 1.106566 1.345385 0.2363946 19.75648 0.5818844 0 0.0 0.06526022287377281 3.1778131352167325 0.0 1.0
-0.01964853 -0.005517416 0.2552199 -3.387425 0.5081891 0.5538102 0.0192878 18.47629 0.8090076 0 0.0 0.020408493586689735 3.397025953386434 0.0 0.0
0.01415241 -0.01483421 -0.8018757 -4.095159 0.04980703 0.05682753 -0.02976572 14.13867 1.190255 1 0.9987055 0.0205023046297776 4.172928452961 0.0 0.0
0.09247436 -0.03908665 -1.225856 -5.85424 2.311138 3.884328 0.5321025 20.67511 1.211809 0 0.0 0.10039558489113005 5.981207980862728 0.0 1.0
0.04201575 -0.006165227 -1.513056 -5.765336 0.6863848 1.121448 0.3699071 19.07898 0.7108212 0 0.0 0.04246567168930722 5.960573600923991 0.0 1.0
-0.01755739 0.03762571 3.026446 -2.85144 1.042444 1.1166 -0.1848943 19.52864 0.6440144 0 0.0 0.04152054908856818 4.158134854056082 0.0 1.0
0.0276098 -0.03776616 -0.3798227 -1.692638 1.270768 1.979211 0.2990049 19.9521 -0.01216888 0 0.0 0.04678230324797615 1.734730146875672 0.0 1.0
-0.05771472 -0.004039402 -3.564877 0.1523178 1.070634 1.669986 0.1303577 19.90602 nan 0 0.0 0.0578559043935535 3.568129585276555 0.0 1.0
0.01919464 -0.01938006 -1.084888 -2.91344 0.7056819 0.9400495 0.1850558 19.01683 nan 0 0.0 0.027276747062895897 3.1088767434789046 0.0 0.0
0.029111 -0.1239762 -0.7222203 -3.691547 0.4630283 0.6534985 0.4736044 18.67986 0.8929939 1 0.9962167 0.1273481389241319 3.761531791031559 0.0 1.0
0.02844562 -0.04149207 -1.827497 -6.027424 1.105453 1.464994 0.2021483 19.84499 0.5193481 0 0.0 0.05030651220338476 6.298379582145316 0.0 1.0
-0.1142541 -0.08954087 -2.251338 -7.533208 1.754892 2.921253 0.4127183 20.77566 0.3007908 0 0.0 0.14516048624597155 7.862426187984725 0.0 1.0
-0.01397807 0.03709334 -0.4364817 -3.4472 0.1239133 0.1127983 -0.2851036 15.92412 0.3102951 1 0.9980951 0.039639655816877374 3.474723602595592 0.0 0.0
-0.0008240006 0.02596742 -0.1442332 -4.058291 0.1526512 0.159521 -0.1591509 16.84107 0.9373856 0 0.0 0.025980490342662903 4.06085324244342 0.0 0.0
-0.1286867 0.05643509 -1.29917 -4.026304 0.8073749 0.8550023 -0.05329499 19.47029 0.5398769 1 0.9856775 0.1405175652372261 4.230717030163563 0.0 1.0
0.07135011 -0.03887667 0.6156447 -1.671374 1.92354 2.774355 0.4651026 20.37403 0.7197857 0 0.0 0.0812541301553404 1.7811539642922758 0.0 1.0
-0.007117794 0.03188792 -0.6922302 -3.769173 0.06110802 0.06548496 -0.167381 14.92638 1.133353 1 0.9998683 0.032672655743799524 3.8322118618000545 1.0 0.0
0.04539353 -0.04532253 -1.803608 -0.3396697 1.375331 2.183366 0.4922689 20.08339 0.5703125 1 0.9088863 0.06414596083512819 1.8353139575457083 0.0 1.0
-0.04887948 0.02212574 -0.4826507 -4.262297 0.3660452 0.4887214 0.02524327 18.30052 0.8200703 0 0.0 0.05365400204661345 4.289536969699584 0.0 1.0
-0.03805686 -0.01644834 -0.506777 -3.853955 0.1038941 0.1118537 0.03214956 16.32099 1.084037 1 0.9997766 0.04145928703939806 3.8871315992327813 0.0 1.0
-0.1548598 -0.12512 0.2140444 -4.036548 0.6726527 0.8014797 0.03484361 19.52735 0.9401932 1 0.9675766 0.19908935696324903 4.04221903927476 0.0 0.0
0.09685836 -0.03371876 2.013489 -6.575835 1.7261 2.005729 -0.1136134 20.31456 nan 0 0.0 0.1025597224929319 6.877190116635282 0.0 1.0
-0.0120695 0.02807245 -2.118089 -0.9239678 0.9766217 1.586655 0.333444 19.45091 nan 0 0.0 0.030557082309220884 2.310847789742509 0.0 0.0
-0.01511561 -0.03460382 2.043093 -6.299763 1.715136 1.391822 -0.2908298 19.78029 nan 0 0.0 0.03776117085399366 6.622782108964328 0.0 0.0
-0.03986616 0.05390161 -0.7762164 -7.662477 1.635429 1.952822 -0.2766853 20.23318 0.3493862 0 0.0 0.0670424811126326 7.701692390322919 0.0 1.0
-0.07900944 0.01507676 0.8228669 -1.33538 1.88812 2.925754 0.4154345 20.57355 0.6016064 0 0.0 0.08043506885190811 1.5685501839327967 0.0 1.0
0.03598596 0.02022492 -1.001512 -3.043043 0.2475405 0.2612523 -0.1609279 17.81483 0.9234543 0 0.0 0.04127997948313444 3.203613114280967 0.0 0.0
0.04784035 -0.04630916 -0.8777057 -3.759207 1.269576 1.963811 0.4765732 20.00161 0.8360119 0 0.0 0.06658256068992915 3.860311459540731 0.0 1.0
-0.01672291 0.02645431 -1.989576 -2.582752 0.8714929 1.025126 0.06535373 19.14471 0.693697 0 0.0 0.03129674482185328 3.2602178689897396 0.0 0.0
-0.03232839 -0.01343835 -0.4797746 -4.011034 0.3376406 0.3329857 -0.05525295 18.20254 0.7380829 0 0.0 0.0350101992384305 4.039625900496377 0.0 0.0
-0.1153793 -0.06911079 -2.984009 -5.097129 0.9107801 1.097476 0.0231581 19.9612 0.557066 0 0.0 0.13449417891832383 5.906355369830196 0.0 1.0
-0.06245946 -0.009868141 -1.272724 -3.527064 0.4196554 0.4642462 0.0792293 18.79161 0.7242279 0 0.0 0.06323420237725373 3.7496675639677717 0.0 1.0
0.02862568 -0.05123002 0.6000302 -10.62436 3.177221 4.476332 0.374182 20.86617 0.6127777 0 0.0 0.058685130183572055 10.64129041284524 0.0 1.0
0.01367943 -0.09998395 1.679502 -3.107617 1.244101 1.464658 0.02196727 20.16121 nan 0 0.0 0.10091539556840373 3.532422736125024 0.0 1.0
-0.01206952 0.02752218 -1.581388 -1.346742 0.677412 0.9430501 0.06428391 19.00633 nan 0 0.0 0.030052349408703473 2.0771379398364473 0.0 0.0
-0.05822409 -0.01419878 -0.452702 -3.164952 0.4211637 0.4770525 0.08228419 18.8013 0.6272335 0 0.0 0.0599303763530357 3.197164409771258 0.0 1.0
-0.09574054 0.1077364 0.01576024 -1.757147 1.791049 1.867913 0.09072878 20.45129 0.8989754 0 0.0 0.14412974323314254 1.7572176771173962 0.0 1.0
0.06550314 -0.04281495 -1.431154 -4.920821 1.083745 1.633604 0.4466981 19.65373 0.9288349 0 0.0 0.07825459279404691 5.124712780806062 0.0 1.0
0.0167766 0.003839839 1.051429 -5.617834 0.8691328 1.00669 -0.1303921 18.6524 nan 0 0.0 0.017210423327330474 5.715379409417804 0.0 0.0
-0.05341994 -0.00952202 0.06772765 -4.267619 0.6344618 0.8622531 0.0472035 19.33559 0.8915749 0 0.0 0.05426194665217974 4.2681563893249646 0.0 1.0
0.002070404 -0.09976399 -1.539291 -4.920302 1.451954 1.801478 0.1756559 20.53385 0.2704163 0 0.0 0.09978547125430293 5.155462011680913 0.0 1.0
-0.1310153 -0.06915409 -2.397451 -4.076943 0.7660845 0.9205239 0.02095777 19.71115 0.7497082 1 0.9087339 0.14814620142891988 4.729612618666565 0.0 1.0
0.07834048 -0.06835372 -2.011897 -10.65273 1.614063 2.320159 0.3918777 19.93501 1.917059 0 0.0 0.10396856180821586 10.841050963421813 0.0 1.0
-0.02718461 -0.1853394 2.687579 -1.440686 0.5387515 0.6557036 0.02585321 19.24053 1.61109 1 0.0 0.18732243916096145 3.0493699401412417 0.0 0.0
-0.0294607 0.01954605 -0.4009224 -1.913397 0.9358161 1.230967 0.01556869 18.70252 0.7616138 0 0.0 0.03535506915694693 1.9549493217039566 0.0 0.0
0.08412108 -0.04198859 -0.1256702 -2.84091 0.8962438 1.082721 0.02648327 19.76352 0.8052807 1 0.9881531 0.09401807161686788 2.8436882085186554 0.0 1.0
