jas1101finalproject/data/gcs/NGC_6535.ecsv
# %ECSV 0.9
# ---
# datatype:
# - {name: x, unit: deg, datatype: float64}
# - {name: y, unit: deg, datatype: float64}
# - {name: pmx, unit: mas / yr, datatype: float64}
# - {name: pmy, unit: mas / yr, datatype: float64}
# - {name: pmx_e, unit: mas / yr, datatype: float64}
# - {name: pmy_e, unit: mas / yr, datatype: float64}
# - {name: pm_corr, datatype: float64}
# - {name: g_mag, unit: mag, datatype: float64}
# - {name: bp_rp, unit: mag, datatype: float64}
# - {name: filter, datatype: int64}
# - {name: memberprob, datatype: float64}
# - {name: r, unit: deg, datatype: float64}
# - {name: pm, unit: mas / yr, datatype: float64}
# - {name: member_prob_GMM, datatype: float64}
# meta: !!omap
# - comments: [deg deg mas/yr mas/yr mas/yr mas/yr dimless mag   mag   zeroone float]
# - __serialized_columns__:
#     bp_rp:
#       __class__: astropy.units.quantity.Quantity
#       unit: &id001 !astropy.units.Unit {unit: mag}
#       value: !astropy.table.SerializedColumn {name: bp_rp}
#     g_mag:
#       __class__: astropy.units.quantity.Quantity
#       unit: *id001
#       value: !astropy.table.SerializedColumn {name: g_mag}
#     pm:
#       __class__: astropy.units.quantity.Quantity
#       unit: !astropy.units.Unit {unit: mas / yr}
#       value: !astropy.table.SerializedColumn {name: pm}
#     pmx:
#       __class__: astropy.units.quantity.Quantity
#       unit: !astropy.units.Unit {unit: mas / yr}
#       value: !astropy.table.SerializedColumn {name: pmx}
#     pmx_e:
#       __class__: astropy.units.quantity.Quantity
#       unit: !astropy.units.Unit {unit: mas / yr}
#       value: !astropy.table.SerializedColumn {name: pmx_e}
#     pmy:
#       __class__: astropy.units.quantity.Quantity
#       unit: !astropy.units.Unit {unit: mas / yr}
#       value: !astropy.table.SerializedColumn {name: pmy}
#     pmy_e:
#       __class__: astropy.units.quantity.Quantity
#       unit: !astropy.units.Unit {unit: mas / yr}
#       value: !astropy.table.SerializedColumn {name: pmy_e}
#     r:
#       __class__: astropy.units.quantity.Quantity
#       unit: &id002 !astropy.units.Unit {unit: deg}
#       value: !astropy.table.SerializedColumn {name: r}
#     x:
#       __class__: astropy.units.quantity.Quantity
#       unit: *id002
#       value: !astropy.table.SerializedColumn {name: x}
#     y:
#       __class__: astropy.units.quantity.Quantity
#       unit: *id002
#       value: !astropy.table.SerializedColumn {name: y}
# schema: astropy-2.0
x y pmx pmy pmx_e pmy_e pm_corr g_mag bp_rp filter memberprob r pm member_prob_GMM
[from data line 1260]
0.02898288 0.04741474 -9.055862 -10.97908 3.081546 2.462415 0.2201216 20.60253 1.579882 0 0.0 0.05557125967946021 14.231965226540009 0.0
-0.002999232 0.01863497 -4.485151 -2.836735 0.149766 0.120012 -0.04048532 16.67406 0.5298824 1 0.9970572 0.018874784753493853 5.306943089295946 1.0
0.00212765 -0.0352796 -4.638982 -3.516195 0.8470851 0.9171552 0.2881617 19.37161 1.300642 1 0.9076939 0.03534369916523312 5.820977690590216 1.0
0.01723371 0.03692759 1.599525 -9.0476 0.6454106 0.7045515 0.2440683 19.09698 1.290682 1 0.0 0.040751044938408636 9.187902153681492 1.0
0.04918495 -0.03643798 -2.132562 -12.08885 2.897121 2.660146 -0.1702321 20.76321 1.411709 0 0.0 0.06121181007765495 12.275508747353163 0.0
0.007559708 -0.005948845 -4.54403 -3.101325 0.1073944 0.08116761 0.1771871 15.65234 1.553766 1 0.9824713 0.009619664332984234 5.50149301522096 1.0
0.02614464 -0.009384724 -3.74859 -2.298658 0.2858238 0.3088508 0.2463167 17.47176 1.470028 1 0.9336985 0.027777963303413304 4.397244090230152 1.0
-0.02027195 0.00377659 -0.1334086 -8.512046 2.1801 1.628578 0.1836255 20.12425 nan 0 0.0 0.020620732014906745 8.513091386838859 1.0
-0.007393696 -0.004859898 -5.03878 -4.443888 0.9085718 1.005265 0.1960416 19.173 1.289921 0 0.0 0.00884790083075189 6.718440625989338 1.0
0.02324549 -0.01943397 -4.348693 -2.569868 0.2515559 0.2707428 0.3041567 17.49123 1.444548 1 0.9859314 0.030299042811630206 5.051272349188173 1.0
-0.02738244 -0.002649491 -2.291695 -6.209466 0.100597 0.08354713 0.04031888 14.618 2.528092 1 0.0 0.0275103221157565 6.618861985128636 1.0
0.009970578 0.0102635 -4.23581 -2.059595 0.8746342 0.9348086 0.2649062 19.33928 1.120621 0 0.0 0.014309152941529558 4.709991286629413 1.0
0.03093597 0.04095293 -4.472469 -7.957773 0.9194745 0.9586712 0.4451712 19.47167 1.146639 0 0.0 0.05132423126970145 9.12847906693607 0.0
-0.02420875 0.04527339 1.12418 -6.711474 0.4200321 0.3487923 -0.02006667 18.41608 1.307165 1 0.0 0.05133949180362618 6.80497346982896 1.0
-0.01758642 -0.007251397 -3.9336 -2.886449 1.976489 1.774667 0.1630831 20.26276 1.001318 0 0.0 0.019022747616157056 4.879015965294744 1.0
0.03139366 0.01530821 -3.616735 -2.936142 0.3188698 0.3402113 0.05310253 17.64572 1.36075 0 0.0 0.03492711241427925 4.658508549352357 1.0
-0.001717508 0.0119085 -2.667571 -1.861159 1.751106 1.325452 -0.1875211 20.38668 nan 0 0.0 0.012031716668043011 3.252667807096507 1.0
0.02684642 -0.05221563 3.757942 -1.98615 0.998827 1.063171 0.2452265 19.61061 1.284576 0 0.0 0.05871288004444425 4.250519956177597 1.0
-0.0006799221 -0.00553313 -4.210755 -2.653091 0.1672654 0.1311871 -0.04519355 16.63836 1.380561 0 0.0 0.00557474857361015 4.976881505953903 1.0
0.005179373 -0.001345607 -7.672586 -3.410554 3.577971 2.804623 0.344552 20.52456 nan 0 0.0 0.005351314125668386 8.396454877763114 0.0
-0.05158243 -0.02397385 -1.089614 -4.427944 0.6288793 0.5071346 -0.04000726 18.99005 1.248617 0 0.0 0.056881390353325574 4.560038019154226 1.0
-0.002663535 -0.01497269 -4.198886 -2.830056 0.2427114 0.2681446 0.3826382 17.30244 0.4507446 1 0.9970752 0.015207756722551981 5.063581795935758 1.0
0.05071107 0.02000517 -3.440704 -2.819004 0.98194 1.053142 0.3591504 19.55853 1.153456 1 0.6763437 0.05451439669732941 4.448058853885817 1.0
-0.004433542 0.02071482 -0.7926731 0.6731023 1.061851 1.098169 0.1785373 19.71014 1.581545 0 0.0 0.02118395766371723 1.039902567421054 0.0
-0.005654229 0.01630518 -6.402008 -1.039599 1.69709 1.460244 -0.1121218 20.37405 1.428457 0 0.0 0.01725772871547241 6.485867136541189 1.0
0.00994006 0.009211266 -2.253116 -2.435912 1.152701 1.27404 0.2950376 19.69852 1.205671 0 0.0 0.013551834345444014 3.318161988390561 1.0
0.02760952 0.01205876 0.8331249 -5.100474 0.2574299 0.2815339 0.2715146 17.41259 1.492691 1 0.0 0.03012804818384357 5.168068509963468 1.0
0.02095677 0.01239795 -3.136222 -1.800113 0.7980369 0.8547174 0.219974 18.98391 1.160925 1 0.8669471 0.024349442971768366 3.616116044328915 1.0
-0.009835083 0.01274645 -1.365991 -3.187693 1.535851 1.232446 -0.07213727 20.2149 1.006834 0 0.0 0.016099715687532774 3.4680423980006356 1.0
0.007529198 0.004403498 -2.889046 -2.306312 2.326183 2.877075 0.2493185 20.47922 nan 0 0.0 0.008722363049037112 3.6967095952292492 1.0
0.01051986 -0.01703472 -3.956051 0.2740475 2.597251 2.745946 0.4283335 20.6024 nan 0 0.0 0.020021217243164812 3.9655316852670905 1.0
0.003775593 0.02908083 -3.126381 -9.117251 0.1838356 0.1466243 -0.04358284 17.09853 1.617889 1 0.0 0.029324900272474055 9.638388037123324 1.0
-0.005379556 -0.01936409 -1.431213 -2.340007 0.5091217 0.4544265 0.1499801 18.6744 1.299276 0 0.0 0.0200974526815026 2.7429916900016305 1.0
0.05089394 -0.03027868 -3.17631 -5.778428 0.8520714 0.9082737 0.1777468 19.37714 1.4627 1 0.009827124 0.05921985808211634 6.593874078816186 1.0
0.01125229 0.003432863 0.1928649 -7.545236 3.505109 3.080322 -0.1269292 20.71277 1.692366 0 0.0 0.01176429252530168 7.547700521705138 1.0
-0.01096421 -0.001437879 -5.017143 -2.205356 2.057623 1.628973 -0.08425287 20.50471 nan 0 0.0 0.01105809192142754 5.4804487926797565 1.0
0.0260835 -0.05103111 -0.1359517 -7.894537 0.4327975 0.4654846 0.3034897 18.39305 1.413385 1 0.0 0.05731075954898957 7.8957075242882375 1.0
0.006278009 0.03172102 -1.945538 -7.099698 2.587293 2.203341 -0.01567986 20.45249 1.00334 0 0.0 0.03233630323405075 7.361442100610994 1.0
-0.000405268 -0.000311942 -5.207263 -3.407984 0.4609936 0.4012892 0.05732342 18.22121 nan 0 0.0 0.0005114195569080244 6.223338565064976 0.0
0.02083457 -0.0538999 0.2463264 -3.166831 1.78993 1.736817 0.1183665 20.45583 1.103018 1 0.05802074 0.05778649087022762 3.176396586998853 1.0
-0.03049503 -0.05365679 -4.127208 -5.306343 1.158866 1.262241 0.3130051 19.73942 1.589272 0 0.0 0.06171708003304272 6.722434224959959 1.0
0.02989828 0.002082664 1.180532 -8.664678 2.511877 2.379635 -0.2162537 20.5164 0.904089 0 0.0 0.0299707296590406 8.744729878430094 1.0
0.03536083 -0.004629789 -4.207492 -2.73333 0.721031 0.7688355 0.2452244 19.1161 1.168255 1 0.9397161 0.03566263092472877 5.017377982468931 1.0
0.003653514 -0.003679247 -6.364423 -4.888981 1.346464 1.532692 0.2519671 19.93587 nan 0 0.0 0.005185076955572116 8.025460444191973 1.0
0.01277819 0.03541281 1.035312 -3.404983 0.1082387 0.08518391 -0.1162376 15.84453 1.620859 1 0.0 0.03764769915641858 3.5589015394687444 1.0
0.05901177 0.02424129 1.287551 -6.59518 1.89559 1.871047 0.3337578 20.47331 1.262873 0 0.0 0.06379678000806153 6.719686511289124 1.0
-0.01474838 0.03903495 -4.466457 -2.867091 0.5050045 0.3927755 -0.151856 18.56428 1.272722 1 0.9676006 0.04172819231798689 5.307489890252265 1.0
0.02257417 0.00626803 -4.466543 -5.838281 1.305378 1.438351 0.2861773 19.73222 1.222178 0 0.0 0.02342821698870403 7.350886436737409 1.0
0.005484529 -0.03032097 -3.91146 -2.31013 1.472272 1.443378 0.1513481 20.1534 1.234331 0 0.0 0.03081300504807574 4.542710638869704 1.0
-0.002297332 -0.001952024 -3.044608 -1.336467 1.408012 1.46968 0.1484531 19.71595 nan 0 0.0 0.0030146528846286763 3.325023596270108 0.0
0.0270603 0.0514039 -1.358415 -4.381596 1.097752 1.157412 0.3457887 19.76666 1.230068 0 0.0 0.0580914862204437 4.587338533337277 1.0
-0.008461813 0.01723238 -4.272758 -3.423236 0.463501 0.3977033 0.0386662 18.5853 1.183128 1 0.9799359 0.019197843621390633 5.474943436991838 1.0
-0.003914757 0.04385644 -2.818153 -7.257934 1.080051 1.099336 0.1319774 19.43377 1.045355 0 0.0 0.044030814798759386 7.785858480589343 1.0
-0.01963117 0.05121063 -4.212666 -2.73097 0.4280863 0.3573248 0.004720626 18.3251 1.346582 1 0.9466486 0.05484442962202998 5.020433444281081 1.0
0.01363261 -0.0164989 -6.913272 -1.258016 1.735212 1.615283 -0.001909284 20.20788 1.126987 0 0.0 0.021402377359118308 7.026801121580146 1.0
0.004080769 0.03979226 -0.5929186 1.125907 1.075707 1.123673 0.1546485 19.53196 1.753666 0 0.0 0.04000095788276777 1.2724853786487922 0.0
0.01167955 0.01893961 -3.524849 -2.409611 0.8476754 0.8680316 0.1401339 19.08677 1.138626 1 0.9352932 0.022251308167265133 4.269752410166426 1.0
0.01979716 0.03951923 -6.463681 2.283388 2.986346 3.329355 0.04349613 20.81624 0.3381977 0 0.0 0.04420064574028869 6.8551464483484965 1.0
-0.001412336 0.01312926 -2.71281 -1.454875 1.080793 1.075811 0.2564889 19.50545 1.355347 0 0.0 0.013205005154277525 3.078311121658271 1.0
-0.02945763 0.008477975 -4.62432 -2.89687 0.3647778 0.3094723 0.08924014 18.19344 1.428322 1 0.985446 0.030653352595067393 5.4567564779179945 1.0
-0.06205004 0.01998306 -2.996426 -5.057436 0.3805284 0.31148 -0.05144395 18.26565 1.579582 1 0.0 0.0651884203748273 5.878454530535386 1.0
-0.01316146 0.01013263 -4.819746 -5.090012 0.7984002 0.8438923 0.1332072 19.30647 1.255915 1 0.6710423 0.016610063818315087 7.009862599556428 1.0
0.001242653 -0.05290505 -4.642903 -2.210896 1.44519 1.443793 0.1587732 20.13576 0.9672585 0 0.0 0.052919641929825165 5.142432244592533 1.0
-0.005257494 -0.007164808 -4.342224 -1.636278 0.9906342 1.060395 0.2600392 19.49705 1.022217 0 0.0 0.008886828277675899 4.640292551063995 1.0
-0.02240824 0.05077244 0.2357183 -4.912843 2.732441 3.149121 0.07939082 20.58603 1.205776 0 0.0 0.05549747637011254 4.918494633483286 1.0
-0.01926489 0.009084684 -3.329994 -3.56677 1.246411 1.218849 -0.01832594 19.81059 0.8573685 0 0.0 0.021299471122353156 4.879621734615912 1.0
0.01869847 -0.006905066 -4.218522 -2.933396 0.1224231 0.1120581 0.1798804 16.15909 1.516376 1 0.9991258 0.019932704703708826 5.13816503795859 1.0
-0.0005883694 -0.02866453 5.612792 -4.986298 0.7840078 0.8371858 0.2786744 19.25117 1.446278 1 0.0 0.028670567812161592 7.507769427737375 1.0
0.03008143 0.02073731 -4.287111 -2.995677 1.438852 1.340224 0.1574434 20.03834 0.4680843 0 0.0 0.03653667276697482 5.2300479361713315 1.0
-0.01563335 0.008015173 -5.339884 -3.338838 2.080123 1.417784 -0.5022394 20.17889 nan 0 0.0 0.01756828478942748 6.2977932900103974 1.0
-0.006539229 0.01880091 -4.313221 -3.112973 0.2189167 0.2332159 0.2004658 17.22352 1.424877 1 0.9961395 0.01990567086893936 5.319255238618467 1.0
0.05464769 -0.0006102198 -2.408195 -4.08228 1.464966 1.610047 0.1860569 20.07764 1.437666 0 0.0 0.05465109688323201 4.739663823144528 1.0
0.01430401 0.003731956 -6.154705 9.999158 2.244561 2.218523 0.09750685 20.38956 1.177635 0 0.0 0.014782834561275318 11.741531175531962 0.0
0.04381413 0.007239432 -4.946591 -3.630697 1.50486 1.437717 0.09021295 20.10937 0.8987637 1 0.7142792 0.04440819027318636 6.136018515869227 1.0
-0.0001916481 0.0164769 -2.24599 1.939967 0.4273547 0.404198 0.6599311 17.61543 1.530045 1 0.0 0.016478014522515554 2.9678178921876257 1.0
0.00640005 -0.01639521 1.712977 -4.201121 0.6721139 0.7238875 0.3154856 18.60553 1.510756 0 0.0 0.017600100878875667 4.536927138402158 1.0
-0.03046466 -0.005557074 -2.318771 0.7160107 1.407395 1.318483 0.07487696 20.10316 0.8638363 0 0.0 0.030967347002238924 2.426802479180267 0.0
-0.001686991 0.01551863 -4.333717 -2.88963 0.2042373 0.1405435 0.008334402 16.95447 0.4859638 1 0.998501 0.015610054955411944 5.208748849098889 1.0
-0.002510952 -0.002961905 -11.68839 0.9060104 2.083667 1.650414 -0.1013855 20.36992 nan 0 0.0 0.003883009293747441 11.723451524060998 0.0
-0.003579043 -0.03001753 -1.169157 -4.243552 1.372448 1.167027 0.09115202 20.11577 1.206408 0 0.0 0.030230144824276793 4.4016657832408175 1.0
0.05653981 0.01107148 -9.573574 -2.089368 0.7473183 0.8295402 0.4281581 19.18706 2.900858 0 0.0 0.0576136076307195 9.798917173489121 1.0
-0.001961638 -0.02872384 -3.025411 -4.886471 0.154761 0.1296131 0.101586 16.75739 1.601215 1 0.0 0.02879074517946078 5.747235035455049 1.0
-0.04404489 0.01926723 -5.70187 -5.761368 1.045335 1.068859 0.211593 19.68449 1.3025 0 0.0 0.0480747177525256 8.105842505768539 1.0
0.0614226 0.01958362 -4.120438 -5.115325 0.6660016 0.7278436 0.4127731 19.09649 1.188362 1 0.02932652 0.06446901552733995 6.568451809023874 1.0
-0.01029283 0.003522897 0.4355708 0.7010068 0.603337 0.4903685 -0.1468912 18.88392 1.574154 0 0.0 0.010879023516911295 0.8253074914593227 0.0
-0.04395333 0.0180254 -3.896716 -1.921236 0.975047 0.9973976 0.2156101 19.57964 1.111748 1 0.7788274 0.047505897141817036 4.344599331624494 1.0
0.05867606 0.01960977 2.41997 -3.122922 0.4280224 0.4665995 0.4528281 18.39554 1.29022 1 0.0 0.06186617085755753 3.950809615633738 1.0
-0.008156636 0.01017728 -2.068535 -1.289027 1.921632 1.6417 0.5698115 19.89532 0.7355576 0 0.0 0.013042535759387283 2.4372992538779474 0.0
-0.03278413 0.05773602 -1.59389 -5.93992 1.353456 1.279478 -0.136216 19.67958 1.3496 1 0.02597442 0.06639463220244013 6.150051620799617 1.0
-0.05210122 -0.02378786 -8.601597 -6.496072 0.9516373 1.022799 0.2598883 19.59149 nan 0 0.0 0.057274771137630916 10.778980581650243 0.0
0.03801586 0.006200605 7.220383 -4.612782 2.193738 2.272948 0.08263708 20.47044 2.325003 1 0.0002271382 0.03851821794820764 8.568062117317602 1.0
0.05080252 -0.001875429 1.8491 4.132319 1.913769 1.802407 0.138943 20.38935 1.167492 0 0.0 0.05083712494117307 4.527165904598704 1.0
0.02611419 0.01745727 -4.755188 1.716435 2.427718 2.359645 -0.1223586 20.4176 nan 0 0.0 0.03141189575955262 5.055488307232943 1.0
0.003439887 -0.02582061 -3.894609 -8.068359 1.296827 1.229822 0.1746861 19.90974 1.592146 1 0.005602418 0.026048737461628904 8.959151534367637 1.0
-0.04877477 -0.04308404 2.862138 2.820973 0.8877994 1.065745 0.04543121 19.3325 nan 0 0.0 0.06507851174753845 4.018671745461801 1.0
0.009085557 -0.01576561 -4.159971 -3.336901 0.9276437 0.9963762 0.2532668 19.36928 nan 0 0.0 0.01819620302899341 5.332941683971614 1.0
0.02651095 0.03641629 -5.500043 -2.801976 1.864194 1.797388 0.2132913 20.29328 1.23395 0 0.0 0.045044163298551786 6.17264469303272 1.0
-0.04624212 0.01864257 -1.926589 -8.639509 0.7084498 0.7260843 0.2181217 19.14731 1.361383 1 0.0 0.049858590817423824 8.851715140920545 0.0
-0.0111168 0.00772401 -4.101175 -2.909137 0.06987185 0.05334225 0.1141565 14.50417 1.656508 1 0.9991463 0.013536748971599497 5.028191967834362 1.0
0.0352389 0.04094317 -2.250281 -12.05493 1.174772 1.272871 0.4477974 19.69814 1.012012 0 0.0 0.054019656078680284 12.263160354650061 0.0
-0.03131898 -0.05515064 -2.860104 -7.340261 0.4403491 0.3939528 0.1658269 18.52264 1.366598 1 0.0 0.06342295799353732 7.877793246775203 1.0
-0.0006799234 0.01485067 -5.095078 -3.300756 1.840777 1.608838 0.5592616 19.73417 1.010611 0 0.0 0.0148662266657941 6.070816254641545 1.0
0.0148838 -0.02289958 -3.115102 -2.400504 1.154986 1.222385 0.2568859 19.75335 1.313662 0 0.0 0.02731150429061717 3.932719151480309 1.0
0.04680476 -0.004571389 -2.016319 -2.147983 1.093061 1.175223 0.1258559 19.69758 2.16313 1 0.3385078 0.04702747235443259 2.9460776089658602 1.0
-0.01929535 -0.02282401 -5.125097 -0.9386072 1.058029 1.149712 0.3198692 19.66748 1.175861 0 0.0 0.029887220749052593 5.210336144175425 1.0
-0.01679298 -0.00551091 -5.219982 -3.31945 1.864406 1.58882 0.1133576 20.38516 1.314701 0 0.0 0.017674114017638902 6.186029452146506 1.0
-0.01224593 0.002039812 -0.7842775 -5.347734 0.6509345 0.6614372 0.1441427 19.06191 1.337605 0 0.0 0.012414654024991756 5.404937569645209 1.0
-0.03504234 0.0301311 -5.246748 -4.27987 1.598831 1.278597 -0.1756929 20.26148 1.124355 0 0.0 0.04621524402062159 6.7709417212381915 1.0
-0.02176728 -0.00385841 -4.180534 -7.479694 0.560262 0.4286079 0.1634001 18.65572 1.279139 1 0.0 0.02210660096727898 8.568703919426321 1.0
-0.02332362 -0.01970878 -3.895889 -3.604858 0.6366321 0.7088781 0.3489875 18.82171 nan 0 0.0 0.030535671909961305 5.307819919749067 1.0
0.03322465 0.001776286 -1.149325 -8.581211 1.433384 1.287517 -0.009401724 19.94303 1.188868 0 0.0 0.03327209881531816 8.657836345308567 1.0
0.0581268 0.02962478 2.666789 -8.765707 2.634644 2.693705 0.2544685 20.79022 nan 0 0.0 0.06524072706744155 9.162389578072416 1.0
-0.003792672 -0.003622385 -1.529466 -0.5658112 1.600155 1.629415 0.1599212 19.88175 nan 0 0.0 0.005244619527459452 1.6307693151397715 0.0
0.05562425 0.002712079 -1.241178 -9.90145 1.685815 1.656167 0.2885178 20.43067 -0.1182289 0 0.0 0.05569032735192657 9.978939569422396 1.0
