jas1101finalproject/data/gcs/NGC_5286.ecsv
# %ECSV 0.9
# ---
# datatype:
# - {name: x, unit: deg, datatype: float64}
# - {name: y, unit: deg, datatype: float64}
# - {name: pmx, unit: mas / yr, datatype: float64}
# - {name: pmy, unit: mas / yr, datatype: float64}
# - {name: pmx_e, unit: mas / yr, datatype: float64}
# - {name: pmy_e, unit: mas / yr, datatype: float64}
# - {name: pm_corr, datatype: float64}
# - {name: g_mag, unit: mag, datatype: float64}
# - {name: bp_rp, unit: mag, datatype: float64}
# - {name: filter, datatype: int64}
# - {name: memberprob, datatype: float64}
# - {name: r, unit: deg, datatype: float64}
# - {name: pm, unit: mas / yr, datatype: float64}
# - {name: member_prob_GMM, datatype: float64}
# meta: !!omap
# - comments: [deg deg mas/yr mas/yr mas/yr mas/yr dimless mag   mag   zeroone float]
# - __serialized_columns__:
#     bp_rp:
#       __class__: astropy.units.quantity.Quantity
#       unit: &id001 !astropy.units.Unit {unit: mag}
#       value: !astropy.table.SerializedColumn {name: bp_rp}
#     g_mag:
#       __class__: astropy.units.quantity.Quantity
#       unit: *id001
#       value: !astropy.table.SerializedColumn {name: g_mag}
#     pm:
#       __class__: astropy.units.quantity.Quantity
#       unit: !astropy.units.Unit {unit: mas / yr}
#       value: !astropy.table.SerializedColumn {name: pm}
#     pmx:
#       __class__: astropy.units.quantity.Quantity
#       unit: !astropy.units.Unit {unit: mas / yr}
#       value: !astropy.table.SerializedColumn {name: pmx}
#     pmx_e:
#       __class__: astropy.units.quantity.Quantity
#       unit: !astropy.units.Unit {unit: mas / yr}
#       value: !astropy.table.SerializedColumn {name: pmx_e}
#     pmy:
#       __class__: astropy.units.quantity.Quantity
#       unit: !astropy.units.Unit {unit: mas / yr}
#       value: !astropy.table.SerializedColumn {name: pmy}
#     pmy_e:
#       __class__: astropy.units.quantity.Quantity
#       unit: !astropy.units.Unit {unit: mas / yr}
#       value: !astropy.table.SerializedColumn {name: pmy_e}
#     r:
#       __class__: astropy.units.quantity.Quantity
#       unit: &id002 !astropy.units.Unit {unit: deg}
#       value: !astropy.table.SerializedColumn {name: r}
#     x:
#       __class__: astropy.units.quantity.Quantity
#       unit: *id002
#       value: !astropy.table.SerializedColumn {name: x}
#     y:
#       __class__: astropy.units.quantity.Quantity
#       unit: *id002
#       value: !astropy.table.SerializedColumn {name: y}
# schema: astropy-2.0
x y pmx pmy pmx_e pmy_e pm_corr g_mag bp_rp filter memberprob r pm member_prob_GMM
[from data line 1148]
0.001861291 -0.02202283 -5.778977 -0.6969354 1.91679 1.125702 -0.1679763 19.43347 0.9081802 0 0.0 0.022101344877531345 5.820849948100549 0.0
-0.01436616 -0.0680608 -14.40222 -0.2718151 2.291395 2.232357 -0.140534 20.06384 0.8456268 0 0.0 0.06956047045402727 14.404784773712796 0.0
0.1217669 -0.02030034 -8.71019 2.968276 0.8596424 0.4864315 -0.1226612 19.22728 0.9195061 0 0.0 0.12344748575700357 9.202068911297937 0.0
0.09593829 -0.0377484 -4.23694 -1.000809 0.8986841 0.5369553 -0.0416912 19.35147 1.383137 0 0.0 0.10309751301890895 4.353536403670124 0.0
-0.08108231 -0.08570096 -5.903732 -4.145493 0.2319452 0.2336374 -0.1605419 17.57663 1.355457 1 0.0 0.1179787927547053 7.2138175566667195 0.0
-0.1138839 -0.04308819 -5.600586 -4.218777 2.219059 1.144497 0.264039 19.66623 nan 0 0.0 0.1217626165811416 7.011750346320453 0.0
0.01691103 -0.05351624 4.13309 1.10489 2.64826 2.392304 -0.2633413 20.59291 0.8427658 0 0.0 0.05612460137407214 4.278225667283109 0.0
0.08949548 0.04040125 -2.923665 -1.246348 1.355703 0.805439 0.02421683 19.70094 0.8831043 0 0.0 0.09819216843512979 3.178238563942141 0.0
-0.01817981 -0.02075611 -0.05517144 -0.5737108 1.087575 1.052222 -0.1313646 19.37309 nan 0 0.0 0.02759205671870439 0.5763575017541748 1.0
0.1046478 0.05033316 -5.893194 -1.187078 0.3704809 0.2562887 -0.01160611 18.29928 1.828089 1 0.0 0.1161231632381137 6.0115629997297715 0.0
0.0005854752 -0.02765711 -2.969829 -0.2986906 0.450487 0.3051706 -0.07495336 17.95057 1.11483 0 0.0 0.02766330628760624 2.984811612777155 1.0
-0.03163902 -0.08023456 -8.254078 -2.87622 0.5275218 0.4556624 -0.1480504 18.61735 1.094099 0 0.0 0.08624738955443231 8.740849221813862 0.0
0.1143501 -0.02032317 -6.726352 -2.062751 1.013934 0.5833894 -0.05620594 19.45106 1.069527 0 0.0 0.11614205357603635 7.035535012769462 0.0
0.01370787 -0.0433986 3.441612 2.306751 1.203281 1.173298 -0.3069632 19.74616 nan 0 0.0 0.045512022388561245 4.143162238501529 0.0
0.0523576 -0.005641912 -7.601224 -0.9533133 2.203757 1.000672 0.1800807 19.99994 0.888752 0 0.0 0.05266070118006162 7.660771015121969 0.0
-0.1161539 -0.02232662 -4.670242 -0.4448993 1.47368 0.9295328 -0.1522939 19.67253 1.26581 0 0.0 0.11828020310193249 4.69138526724298 0.0
0.1057972 0.007148038 -7.005596 -2.472453 1.775419 0.8709804 -0.02714262 20.06336 0.8991547 0 0.0 0.10603839858791457 7.429091408269587 0.0
-0.005589475 -0.1304215 -6.780602 -0.3109325 1.315926 1.032257 -0.1808484 19.95288 1.440922 0 0.0 0.13054121913413258 6.787727344403298 0.0
-0.1007767 -0.07487969 5.220636 -8.054719 2.482673 3.942327 -0.01695199 20.45222 nan 0 0.0 0.1255504330434033 9.598621693423333 0.0
-0.03574755 -0.07905885 -8.640088 -1.158819 0.2686355 0.2631597 -0.1468603 17.8484 1.116299 1 0.0 0.08676513755146707 8.717452731303165 0.0
0.1006179 -0.030377 -23.58169 -18.75714 2.613981 2.522041 -0.3240107 20.65401 0.5319538 0 0.0 0.10510339637428469 30.13181714128273 0.0
-0.03692191 -0.1200982 -9.509128 -7.529318 2.953886 2.462666 -0.3012829 20.30314 2.033024 0 0.0 0.12564555336854585 12.129061994462228 0.0
0.03690391 -0.02481859 3.306166 0.3613542 1.511023 0.9566271 0.6160625 19.03759 1.167831 0 0.0 0.04447314901011845 3.3258548491197932 1.0
-0.005523029 -0.1300972 -0.8734611 -1.02733 1.985051 1.124781 -0.2605804 20.04411 1.590557 0 0.0 0.13021438206732328 1.3484588321907385 0.0
0.03751873 -0.006436061 -5.670195 2.532334 2.124395 1.409758 -0.07750729 20.0536 0.7154408 0 0.0 0.038066756914775665 6.2099780052413225 0.0
0.05682468 -0.005345878 -3.776118 -3.417381 1.566487 0.9051277 -0.1590796 19.78221 0.8470345 0 0.0 0.05707558732674841 5.092893092249728 0.0
0.1236295 0.02426956 -7.841552 0.3115926 0.8047508 0.4429233 0.04004186 19.15833 1.518032 1 0.0 0.12598914561518226 7.847740293681919 0.0
0.1011319 0.05158083 -4.859144 -0.9983945 2.122969 1.625254 0.04634999 20.42351 0.9214497 0 0.0 0.11352639878503545 4.9606523754810965 0.0
-0.01746909 -0.03695304 -3.243469 -4.036135 2.158558 1.493609 -0.3174663 20.04005 nan 0 0.0 0.040874151620182896 5.177883437485437 0.0
-0.003524454 -0.0588996 1.508293 0.2968352 2.799752 2.344258 -0.3378411 20.4028 0.683054 0 0.0 0.05900495450517792 1.5372244175162066 1.0
-0.1170711 0.04977286 -5.712419 -1.066832 0.688767 0.4179395 0.09563269 18.54842 1.121468 1 0.0 0.12721234235635157 5.811184160546368 0.0
-0.05432121 -0.02020491 0.9878576 -0.3681649 0.7498643 0.6223743 -0.2458634 18.91288 1.029181 0 0.0 0.057957158694782476 1.0542333856740498 1.0
-0.01375084 -0.02685427 0.06675238 -0.3502418 1.195928 0.8357851 -0.1876916 19.51868 0.9240932 0 0.0 0.03017014116537243 0.35654620836983303 1.0
0.03415925 -0.1050433 -2.768208 -4.46906 1.101065 0.6154057 0.1232213 19.24597 1.556271 0 0.0 0.11045790707528594 5.25694519800844 0.0
-0.0786408 -0.0846324 -8.111491 0.5324615 1.067403 0.7263713 -0.1986901 19.36587 1.092449 1 0.0 0.11552929738555497 8.128948363230219 0.0
0.008022582 -0.01321918 7.391967 0.2891982 0.7450696 0.5149687 -0.03961968 17.39324 1.018362 0 0.0 0.015463134928568786 7.397622031975697 0.0
0.009115524 -0.02387383 0.5680366 -0.4280754 0.4857064 0.3541004 -0.01586246 18.28915 1.054434 0 0.0 0.025554892616942767 0.711276406908538 1.0
-0.0226375 -0.05519337 -4.324532 -1.70971 1.472234 0.954161 -0.138382 19.71308 1.020794 0 0.0 0.05965538113369908 4.650234972893735 0.0
-0.005905685 -0.03543184 1.60265 -8.281201 3.993686 2.291385 -0.09744286 20.42824 nan 0 0.0 0.03592064032147569 8.434854890565752 0.0
-0.05447166 -0.07766208 -4.323298 -3.600625 1.438188 0.9669512 -0.2009371 19.82481 1.03837 0 0.0 0.0948607422123715 5.626313712141282 0.0
-0.112291 0.03303826 -4.323593 -4.588487 1.489896 0.9644382 -0.02742938 19.76697 1.126694 0 0.0 0.11705039643174046 6.304575273467515 0.0
-0.006353038 -0.03527549 -5.633371 -5.913499 3.293179 2.898406 -0.4265361 20.5541 0.8686504 0 0.0 0.035843008893918823 8.167272448415199 0.0
-0.05034423 -0.07817996 -9.912747 -7.701775 0.8357852 0.5769004 -0.163318 19.1127 1.847679 0 0.0 0.0929873520426004 12.553082937535065 0.0
0.04587215 -0.02432698 0.4332154 -0.01653046 1.171414 0.7461894 -0.04387036 19.60482 0.7819672 0 0.0 0.051923560177850867 0.43353066662575507 1.0
0.115163 -0.03777369 -2.533323 -7.038187 1.295407 0.7654458 -0.05224493 19.73854 1.141315 0 0.0 0.12119970389904465 7.480227380855344 0.0
0.05565619 0.03629682 -8.084302 3.147201 2.679128 1.514202 -0.4380477 20.21099 0.7553902 0 0.0 0.06644599782852613 8.675299012806704 0.0
0.0868294 -0.003107951 0.4418511 0.6379674 2.209124 1.27319 -0.04646687 20.32802 0.7596321 0 0.0 0.08688500482694583 0.7760378844064058 0.0
-0.1174348 0.03911745 -7.866288 0.3599188 1.150465 0.7313155 -0.08938924 19.3922 1.057573 0 0.0 0.12377845994171402 7.874517664056475 0.0
-0.03427194 -0.0560818 0.8105698 0.01068006 1.424139 1.146737 -0.159458 20.03804 0.4918461 0 0.0 0.06572468457591561 0.8106401571311673 1.0
0.03836586 -0.007008968 -0.2477613 0.02270764 3.232036 2.21828 0.4179587 20.37497 nan 0 0.0 0.03900083134966002 0.248799716020858 1.0
0.003736805 -0.02226709 0.06105669 -1.050463 0.1766796 0.1428958 -0.1196071 16.76279 1.272869 0 0.0 0.022578463381641475 1.052235921152075 1.0
-0.07072459 -0.02705182 -3.200981 -2.279084 1.494318 1.062602 -0.3083456 19.68388 1.146324 0 0.0 0.07572165209489622 3.929440576140197 0.0
0.04956734 -0.07563852 -7.403717 -4.418327 2.357267 1.548861 -0.2305604 20.01695 1.055534 0 0.0 0.09043288617790544 8.621869802717855 0.0
-0.02597139 -0.01438551 1.014966 -2.666908 1.508083 1.51395 -0.3561255 19.5475 0.8934727 0 0.0 0.029689324621691885 2.8535161225442547 1.0
0.1040656 0.008128571 -0.4938982 -3.506893 2.938652 0.8493982 0.1784027 19.98936 1.643936 0 0.0 0.10438257886190608 3.5415016511943405 0.0
0.09676875 -0.009582364 -1.65786 -3.712024 0.9488251 0.5890456 -0.1180699 19.17424 1.469965 0 0.0 0.09724203142875511 4.0654178083163846 0.0
0.03217848 -0.002800402 -8.198436 -6.51339 0.1597072 0.1403822 -0.1391438 16.72674 1.140096 0 0.0 0.03230010567276838 10.470845340190829 0.0
0.12018 -0.008260737 -5.644358 -3.861683 1.310898 0.7589257 -0.08581051 19.85914 1.176783 0 0.0 0.1204635719866515 6.838959922726043 0.0
0.06516223 -0.05592084 -6.401671 -7.757155 0.2354145 0.2233957 -0.216195 17.19531 1.104424 1 0.0 0.08586766891489776 10.05757651157902 0.0
0.06180677 -0.01161226 -8.379325 -7.148795 1.166173 0.7629297 -0.04523592 19.50421 0.9419804 0 0.0 0.06288816581949659 11.014461285403385 0.0
0.01747698 -0.01648719 0.2854643 0.2777481 0.2877259 0.2336475 -0.02361509 16.51665 0.8228149 0 0.0 0.02402649088020346 0.3982886812703821 1.0
0.04722579 0.02358808 -5.611719 -2.19301 1.451926 1.069631 -0.4055611 19.56566 0.7472553 0 0.0 0.05278894542620168 6.02500481286621 0.0
0.02547836 0.006389609 0.9056142 -0.4055706 1.105655 1.678369 -0.5370116 19.15805 0.8038349 0 0.0 0.02626735486230924 0.9922825156305033 1.0
-0.04100725 -0.07745346 3.891554 -3.351939 3.436944 3.233911 -0.3542611 20.67871 0.9060955 0 0.0 0.08763922077776651 5.136116002840765 0.0
0.05582767 -0.08857374 -8.945115 0.2711423 0.4525484 0.4259066 -0.08755503 18.74845 1.239601 0 0.0 0.10469974286127211 8.949223458494837 0.0
0.080683 0.02214519 -9.978559 -4.532585 0.3660887 0.2709618 -0.1116018 17.84191 1.260389 0 0.0 0.08366693450304069 10.959742994190421 0.0
0.01551912 -0.005893073 2.300853 -0.5185304 0.4534016 0.3984013 -0.1468794 18.05186 1.041422 0 0.0 0.01660034321807019 2.358558522346469 0.0
0.0571878 -0.004377396 -5.92705 -0.5263835 1.081931 0.5873876 0.01395436 19.28477 1.081116 0 0.0 0.05735508752134213 5.950378247773183 0.0
-0.08517261 -0.04882787 -9.279867 -12.78006 3.85144 4.004335 -0.3073985 20.76145 1.473372 0 0.0 0.09817603772280178 15.79385529695929 0.0
-0.04119506 -0.03787615 -0.08951054 -0.9231667 2.609247 1.365246 0.1070548 20.028 0.6436234 0 0.0 0.05596101953347615 0.9274960338243942 1.0
0.07064753 -0.0215242 -2.203786 1.153639 0.60341 0.3852764 -0.06454421 18.75464 1.211271 0 0.0 0.07385367073301706 2.487479784061973 0.0
0.02333365 0.00389594 -6.380667 -5.13653 0.3572009 0.289381 -0.01680391 17.09905 1.139832 0 0.0 0.02365666017860721 8.191266801038102 0.0
0.04234778 -0.0880252 -14.61966 -1.699995 1.385372 1.241311 -0.3980871 19.7475 1.728247 0 0.0 0.09768198557548059 14.718167056927468 0.0
-0.03151285 -0.04257579 0.1626827 0.01235396 1.061493 0.980157 -0.1788874 19.32063 nan 0 0.0 0.05296940257588904 0.1631510993127892 1.0
0.02873056 -0.03322414 1.026103 0.3797547 3.121984 1.230806 0.1568348 20.02754 0.6989555 0 0.0 0.04392366738619625 1.0941211079131459 1.0
-0.02049871 -0.03005351 -1.097462 3.446287 1.616751 1.137948 -0.1648778 19.7401 0.8623791 0 0.0 0.03637871046345926 3.616810325108714 1.0
-0.04044908 -0.03123791 -7.218495 -4.461702 0.5557145 0.4787084 -0.1249112 18.84177 1.101864 0 0.0 0.05110709436090551 8.486074169003533 0.0
0.04060595 -0.004710637 -0.9116271 -0.5315622 1.489028 0.8265991 -0.002081661 19.75843 nan 0 0.0 0.04087827389149729 1.0552830624639296 1.0
-0.02572346 -0.01503387 0.2610515 -0.1935329 0.1245941 0.1156972 -0.1090475 16.19025 1.343781 0 0.0 0.029794523683866803 0.3249659505773797 1.0
0.0161607 -0.0768085 5.761804 1.332516 2.094614 0.8085604 0.1221673 19.75901 0.7741203 0 0.0 0.07849021529299051 5.913880640042712 0.0
-0.1239998 0.04491759 -2.708605 -0.6150885 2.021793 0.838428 -0.0207513 19.53368 1.24522 0 0.0 0.13188457184768845 2.7775663644379858 0.0
0.08536579 -0.08803573 -10.56927 0.004346939 2.334613 2.471078 -0.229678 20.59309 0.3736687 0 0.0 0.12262792446648113 10.569270893906479 0.0
0.0442866 -0.08859925 1.566898 1.583095 1.295775 0.9912404 -0.5144504 19.46033 0.878891 0 0.0 0.09905114860577086 2.227410856000527 0.0
-0.1260282 0.005902818 -11.05711 -1.818205 0.6164607 0.4694161 -0.1389248 18.73159 1.315237 1 0.0 0.12616636023750993 11.205603552425233 0.0
-0.03156333 -0.09342572 -4.200464 0.7063916 0.9925384 0.6862015 -0.1803197 19.37901 1.14257 0 0.0 0.09861343193605676 4.259446784248696 0.0
0.04984353 -0.01417259 -2.99808 2.773262 3.338717 2.885281 0.2573029 20.53249 0.6314373 0 0.0 0.051819299398669985 4.084050171954796 0.0
-0.0008704794 -0.05383737 -0.4097469 -0.8544321 1.754604 0.9757316 -0.223894 19.82875 0.7708702 0 0.0 0.05384440679311756 0.9476005147582076 1.0
-0.07417917 -0.08625 -19.24841 -1.108906 0.506934 0.4461753 -0.1528672 18.64571 1.630775 1 0.0 0.11376120499488786 19.280325724554967 0.0
0.04337742 -0.004751326 -0.7454167 0.8302898 1.376804 0.7598795 -0.02113891 19.61999 0.8001041 0 0.0 0.04363686130572037 1.1158078726299299 1.0
0.09809379 -0.008959573 -5.809009 -4.363722 0.4084214 0.2447905 0.08638221 17.93827 1.190622 1 0.0 0.09850210954546318 7.265442536787763 0.0
0.08786924 -0.0863849 -5.741461 -3.092016 0.4338842 0.3585701 -0.04849559 18.69837 1.188272 0 0.0 0.12322075428347126 6.521114732833413 0.0
0.005010295 -0.04276739 -1.963806 0.3614207 2.093555 1.515652 -0.09600656 20.14334 0.7767849 0 0.0 0.04305987347170362 1.9967871514071023 1.0
0.05345305 -0.01362353 -2.567983 0.584346 0.8879367 0.4788455 -0.03448201 19.03778 0.8728065 0 0.0 0.055161844820159886 2.6336280937150183 1.0
0.1140463 -0.008523517 4.296926 -4.593036 3.332679 2.760215 -0.2817508 20.65137 0.7558727 0 0.0 0.11436436895178187 6.2896385227429406 0.0
-0.03809471 -0.08080787 -6.353942 -0.7897659 1.229137 0.8389886 -0.1815753 19.61968 0.9984341 0 0.0 0.08933710754172088 6.402836021339826 0.0
-0.03651045 -0.04058442 -8.334123 -4.69331 2.580992 3.058252 -0.351619 20.74291 0.1472988 0 0.0 0.054590366420632315 9.564766852110354 0.0
-0.02656895 -0.01841036 0.2486202 -0.3325875 0.110795 0.1342436 -0.3239882 15.82467 1.393761 1 0.9993302 0.03232414669302347 0.41524263871174166 1.0
-0.1049606 -0.04603468 -6.931924 -4.398549 0.340924 0.2473541 -0.1425295 17.6575 1.221621 1 0.0 0.11461203826414745 8.209677438680341 0.0
-0.0479385 -0.078185 -6.948717 -1.804293 0.4033489 0.3804553 -0.1453377 18.50706 1.145838 0 0.0 0.09171147151392786 7.179146270688319 0.0
0.07658232 -0.07057173 -3.70076 -2.603093 3.243185 2.302835 0.1553033 20.57299 1.41654 0 0.0 0.10414038991561007 4.524568238434359 0.0
0.1158644 0.002435392 -4.514042 -0.9876798 0.5442678 0.3266469 0.02672127 18.56314 1.155592 0 0.0 0.11588999232700667 4.620831804458159 0.0
-0.02053276 -0.0177969 -0.01914676 -0.2983603 0.6628899 1.186658 -0.1956727 18.31379 nan 0 0.0 0.027172115906340454 0.2989740240131032 1.0
0.04649418 -0.01177343 -10.03881 -1.475282 0.2480868 0.1727796 -0.0349377 17.47746 1.106979 1 0.0 0.04796167665790366 10.146633096531282 0.0
-0.04505779 -0.07772812 -0.7443133 -3.410467 1.05101 0.7170496 -0.1539941 19.3405 1.126045 0 0.0 0.08984355891447367 3.4907431080854248 0.0
-0.02956901 -0.04650363 -10.94443 -4.314928 0.9520177 0.916336 -0.1737765 19.27577 1.20504 0 0.0 0.05510820225299497 11.764316880723845 0.0
0.106033 0.05557138 -10.83442 -8.449711 0.5472191 0.3598464 -0.006225885 18.84279 1.704376 1 0.0 0.11971288720979208 13.739806138367491 0.0
-0.09213137 -0.01881964 -6.930406 -0.2148991 1.390627 0.8904171 -0.2369163 19.64673 1.197025 0 0.0 0.09403386723838651 6.9337370117431485 0.0
-0.01067548 -0.02927197 1.238815 -0.09704125 1.220587 0.9241593 -0.3777489 19.44698 nan 0 0.0 0.031157889866152685 1.2426099985218864 1.0
0.03423573 -0.002855301 2.208207 0.6863449 1.052502 0.8839091 -0.04163798 19.45531 1.018097 0 0.0 0.03435459143161946 2.312411614874179 1.0
0.02909501 -0.01391437 0.4066084 -0.1454438 0.1370873 0.1387989 -0.03593006 16.51198 1.320477 1 0.9993193 0.032251035632937436 0.43183826823129046 1.0
-0.08803291 -0.08528658 -6.53994 -0.7496271 1.061018 0.7190796 -0.2028723 19.36214 1.477156 0 0.0 0.12257077127588167 6.582762033725236 0.0
0.05009997 -0.05819831 -12.08991 -4.189951 3.942255 2.946633 0.2109103 20.53026 0.8111362 0 0.0 0.07679225404203864 12.795374679566871 0.0
0.1147957 -0.002089976 -17.45139 -4.056334 2.246135 1.379944 -0.1408786 20.42356 1.778383 0 0.0 0.11481472352521073 17.916608452819858 0.0
