jas1101finalproject/data/gcs/NGC_5824.ecsv
# %ECSV 0.9
# ---
# datatype:
# - {name: x, unit: deg, datatype: float64}
# - {name: y, unit: deg, datatype: float64}
# - {name: pmx, unit: mas / yr, datatype: float64}
# - {name: pmy, unit: mas / yr, datatype: float64}
# - {name: pmx_e, unit: mas / yr, datatype: float64}
# - {name: pmy_e, unit: mas / yr, datatype: float64}
# - {name: pm_corr, datatype: float64}
# - {name: g_mag, unit: mag, datatype: float64}
# - {name: bp_rp, unit: mag, datatype: float64}
# - {name: filter, datatype: int64}
# - {name: memberprob, datatype: float64}
# - {name: r, unit: deg, datatype: float64}
# - {name: pm, unit: mas / yr, datatype: float64}
# - {name: member_prob_GMM, datatype: float64}
# meta: !!omap
# - comments: [deg deg mas/yr mas/yr mas/yr mas/yr dimless mag   mag   zeroone float]
# - __serialized_columns__:
#     bp_rp:
#       __class__: astropy.units.quantity.Quantity
#       unit: &id001 !astropy.units.Unit {unit: mag}
#       value: !astropy.table.SerializedColumn {name: bp_rp}
#     g_mag:
#       __class__: astropy.units.quantity.Quantity
#       unit: *id001
#       value: !astropy.table.SerializedColumn {name: g_mag}
#     pm:
#       __class__: astropy.units.quantity.Quantity
#       unit: !astropy.units.Unit {unit: mas / yr}
#       value: !astropy.table.SerializedColumn {name: pm}
#     pmx:
#       __class__: astropy.units.quantity.Quantity
#       unit: !astropy.units.Unit {unit: mas / yr}
#       value: !astropy.table.SerializedColumn {name: pmx}
#     pmx_e:
#       __class__: astropy.units.quantity.Quantity
#       unit: !astropy.units.Unit {unit: mas / yr}
#       value: !astropy.table.SerializedColumn {name: pmx_e}
#     pmy:
#       __class__: astropy.units.quantity.Quantity
#       unit: !astropy.units.Unit {unit: mas / yr}
#       value: !astropy.table.SerializedColumn {name: pmy}
#     pmy_e:
#       __class__: astropy.units.quantity.Quantity
#       unit: !astropy.units.Unit {unit: mas / yr}
#       value: !astropy.table.SerializedColumn {name: pmy_e}
#     r:
#       __class__: astropy.units.quantity.Quantity
#       unit: &id002 !astropy.units.Unit {unit: deg}
#       value: !astropy.table.SerializedColumn {name: r}
#     x:
#       __class__: astropy.units.quantity.Quantity
#       unit: *id002
#       value: !astropy.table.SerializedColumn {name: x}
#     y:
#       __class__: astropy.units.quantity.Quantity
#       unit: *id002
#       value: !astropy.table.SerializedColumn {name: y}
# schema: astropy-2.0
x y pmx pmy pmx_e pmy_e pm_corr g_mag bp_rp filter memberprob r pm member_prob_GMM
[from data line 459]
-0.1247146 0.03865293 -4.416054 -1.85262 3.671853 2.372071 0.1599818 20.73751 0.455143 0 0.0 0.130567149202029 4.78891781045739 1.0
-0.01901767 -0.032176 -6.04969 -4.182587 3.081177 2.178127 0.5584271 20.58772 1.192036 0 0.0 0.03737601835708159 7.354779609795863 1.0
-0.01436463 -0.03332716 -1.336493 -2.561149 0.6277835 0.4241601 0.2455733 18.82567 1.04879 0 0.0 0.03629107588240531 2.8888921300820494 1.0
0.08750551 -0.02592703 -4.624999 -1.783723 0.1460126 0.1048778 0.127278 16.38566 1.232312 1 0.0 0.09126568448754986 4.9570438257826615 1.0
0.05774123 0.1040337 -0.8775646 -1.970442 0.2948039 0.2001877 0.2443924 17.69893 1.258856 0 0.0 0.11898344581328489 2.1570260319563044 1.0
-0.0503761 0.06220631 -7.801421 -4.815351 2.209879 1.564064 0.216553 20.40333 1.922447 0 0.0 0.08004608956736176 9.167866429679373 1.0
0.06062034 0.04607895 -14.42352 -6.168916 0.3056912 0.2046288 0.2579952 17.67135 0.900034 0 0.0 0.07614522476700755 15.687366056972598 0.0
0.04897994 -0.04212487 2.253962 -4.105339 2.765624 1.968108 0.02702704 20.76665 0.1504345 0 0.0 0.06460293487853706 4.683391186134786 1.0
-0.083806 0.09557087 -1.945129 -0.6961779 1.259895 0.8056393 0.2986225 19.69017 1.678492 0 0.0 0.12711112000355004 2.0659599451803055 1.0
-0.01328022 -0.01952923 3.12055 -0.591985 3.968095 2.456429 0.5112343 20.88214 0.3526974 0 0.0 0.023616838646213854 3.176205053633188 1.0
-0.04458649 -0.07517687 -0.631343 -2.140526 0.294953 0.1996214 0.3883322 17.23169 1.24901 1 0.9848299 0.08740432983277774 2.231691183906277 1.0
0.003223945 -0.03266992 -3.584179 -2.697535 0.841206 0.5674167 0.2298634 19.20007 1.182812 0 0.0 0.03282860786218972 4.485870504179316 1.0
-0.001416332 -0.01791081 -1.683529 -1.781796 0.6019817 0.4121658 0.2008476 18.72599 1.113935 0 0.0 0.017966722327411977 2.451339813134238 1.0
0.01688174 -0.0008340168 -3.293124 -3.864399 1.829995 0.9565219 0.7878741 19.00327 nan 0 0.0 0.01690232911318089 5.077228112915255 1.0
-0.0007508732 -0.0948265 -2.549248 -5.695411 0.3409874 0.2433578 0.1418329 17.94788 0.9723682 0 0.0 0.09482947280678343 6.239901587719553 1.0
-0.02948603 0.004316319 -0.2581405 -0.007053246 1.408133 0.918659 0.3433674 19.88943 0.9706936 0 0.0 0.02980027810055908 0.25823684094138566 1.0
0.0219968 5.749247e-05 -1.358475 -2.575588 0.1345475 0.1047525 -0.03952837 16.19915 1.408278 1 0.9718835 0.021996875133166227 2.9118907725684013 1.0
0.04418945 0.03908876 -1.101493 -1.103126 0.8566635 0.5774657 0.266883 19.28122 0.2065525 0 0.0 0.058996937629338865 1.5589014724879184 1.0
-0.004933169 0.00111296 -3.244598 -3.253179 0.8845196 0.6817864 0.5905493 17.54123 1.049726 0 0.0 0.005057156942805018 4.5946261858441755 1.0
0.1009124 0.06077054 -15.28445 -6.838108 0.3139219 0.2187945 0.4783155 17.47705 1.200935 1 0.0 0.11779800934502925 16.74437615506066 0.0
0.08343704 0.09212274 2.007938 0.9252964 1.527106 1.057268 0.2770864 20.05119 1.539423 1 0.1574168 0.12429134671838261 2.2108795624585613 1.0
-0.002464654 -0.01851737 -1.555887 -3.063918 1.167605 0.7672992 0.3169487 19.71192 0.9964294 0 0.0 0.01868067212539784 3.4363320368516486 1.0
-0.09084411 -0.09265328 -3.877968 1.67874 3.252695 2.642769 -0.2813682 20.33473 1.77779 0 0.0 0.12975855508000428 4.2257311552705294 1.0
0.01433693 -0.001916939 -4.08785 -4.011241 1.270735 0.8543287 0.2775289 19.61252 0.7099762 0 0.0 0.014464515787077734 5.727178361338243 1.0
0.001690958 0.01468959 -2.343037 -3.024772 0.717233 0.4804888 0.1963984 17.8984 0.8808804 0 0.0 0.014786595055179675 3.8261035055723465 1.0
0.04352912 0.02312077 -1.138125 -2.358221 0.1928291 0.1477076 0.0006917487 16.84741 1.265524 1 0.9987115 0.049288480331283295 2.6184985775184217 1.0
0.00302286 0.06743536 -16.08471 -7.170888 1.946717 1.336385 0.3236932 20.31361 1.189648 0 0.0 0.06750307741806442 17.61077881561869 0.0
-0.0349258 -0.01544581 -8.098138 -1.652179 2.878404 2.161476 -0.08284873 20.50266 0.8143902 0 0.0 0.03818880139774094 8.26495822827224 1.0
0.06699526 -0.05003317 -6.202981 -3.830079 1.097562 0.6722057 0.3178516 19.36096 1.539892 1 0.001701507 0.08361628407622824 7.2901631279829395 1.0
-0.01477987 0.07985863 -1.283694 -2.053237 0.4492312 0.2954531 0.5686009 17.79691 1.214628 1 0.9899658 0.08121480987291542 2.4214979793105345 1.0
-0.02304737 -0.01995849 -2.411827 -0.4190524 1.854551 1.375422 0.1379108 20.17127 0.3524399 0 0.0 0.030488072864597395 2.4479612725439024 1.0
0.0234121 -0.01530466 -0.8355696 -1.610588 0.4933333 0.3697318 0.1646093 18.43818 0.5769253 0 0.0 0.027970681867369628 1.8144338682322263 1.0
-0.00664298 -0.04782971 -8.674176 -5.027348 3.036943 2.138171 0.3314124 20.75299 0.9465714 1 0.3180682 0.0482888221223556 10.025744720073416 0.0
0.01202237 -0.002813047 -1.110001 -2.268312 0.5385141 0.4024985 0.05854719 18.35878 0.933239 0 0.0 0.012347089286188424 2.525339887885391 1.0
0.005334713 -0.005303384 -2.049066 -3.31584 0.3087964 0.3399533 -0.4101988 16.81332 nan 0 0.0 0.007522303147562254 3.897879728513439 1.0
-0.007747249 0.01082116 -1.916592 -1.9941 1.439934 0.9347278 0.7331014 19.06238 0.3193245 0 0.0 0.01330854502992724 2.7658198973295423 1.0
-0.007768388 -0.03941077 -3.498382 -3.986406 1.405647 0.9164459 0.3076173 19.95078 0.4598846 0 0.0 0.040169100613673736 5.3037825572660875 1.0
0.03603142 -0.07634406 -5.335548 -0.05663081 2.286705 1.486252 0.2492628 20.41055 0.9316559 0 0.0 0.08441965840075404 5.335848527548853 1.0
-0.06029363 0.006761084 1.406038 -2.923899 3.272508 2.198834 0.446825 20.64013 0.8102589 0 0.0 0.0606715260680985 3.2443995160345156 1.0
0.005897318 -0.005291976 -0.816469 -2.151051 0.3383818 0.2783952 -0.0455736 16.64854 nan 0 0.0 0.007923595747998507 2.30079160998166 1.0
0.001434915 -0.0009773677 -2.778443 -1.831324 0.5401464 0.4569376 -0.7599749 14.13353 1.210976 0 0.0 0.001736153414369908 3.3276858471353634 0.0
-0.03766496 -0.008050237 1.533455 -1.507877 2.877891 1.809095 0.4581295 20.43786 0.2708073 0 0.0 0.038515653020009526 2.150622534094256 1.0
0.006038021 -0.004532861 -1.51563 -2.33131 0.4056615 0.3007637 0.4287428 17.27951 nan 0 0.0 0.007550134200248497 2.7806726907351034 1.0
0.001907683 -0.01731954 1.097971 -1.668392 0.7051057 0.4746431 0.2491808 19.00533 1.086077 0 0.0 0.017424285358088265 1.9972661771794467 1.0
-0.1100269 -0.06475925 1.068441 -1.587752 0.8207707 0.5426297 0.2337212 19.13068 0.9200497 1 0.4763344 0.12767019693010778 1.9137718212955797 1.0
0.009275352 0.01757303 -0.3986714 -1.023097 2.864687 1.805912 0.4583821 20.55877 0.6572456 0 0.0 0.019870670298326728 1.0980283951642416 1.0
-0.08670409 0.1007103 -6.337073 -1.377456 2.586484 1.492841 0.3963727 20.27243 1.150585 0 0.0 0.1328915488239117 6.485050442306906 1.0
0.008348777 -0.04257321 -0.8797536 -1.247516 0.9855961 0.6608914 0.2510001 19.38366 0.867157 0 0.0 0.04338410177818401 1.5265197564948054 1.0
-0.0513504 -0.08803227 -0.6114217 -1.710009 0.7600057 0.4866501 0.4639098 18.60612 0.3346329 1 0.9540034 0.10191439614457272 1.8160306372173047 1.0
-0.001262908 -0.01847538 -1.343176 -2.431285 0.5847415 0.3968268 0.2224597 18.74546 1.125214 0 0.0 0.01851849353378573 2.7776372186088305 1.0
0.01539647 -0.01204133 -0.1396882 -1.975796 0.9542721 0.6492996 0.4560331 19.20158 1.002279 0 0.0 0.01954596931926887 1.9807278023078385 1.0
-0.03015327 -0.02635026 -1.872315 -1.759415 0.6106455 0.4139623 0.2444896 18.75454 0.3350945 1 0.9732607 0.040044424003355325 2.569261489504328 1.0
-0.004139876 -0.008995947 0.6279584 -0.10635 0.8917042 0.5749603 0.4584697 18.46167 nan 0 0.0 0.009902809486311701 0.6369003647593241 1.0
0.02933879 0.04480938 -0.7059256 -2.210748 0.5229382 0.3432322 0.2511788 18.46334 1.251398 1 0.9924044 0.053559734266037023 2.320719214433181 1.0
-0.1080182 0.05809945 -0.7858696 -2.408852 0.3042148 0.2189704 0.1079749 17.71831 1.188961 1 0.9704143 0.12265185535303777 2.5338032650756768 1.0
-0.02369883 -0.02198427 -1.577279 -1.401421 0.7826847 0.5717852 0.1165825 19.10898 0.9975491 0 0.0 0.03232557301583067 2.109926506559411 1.0
-0.1213564 -0.003162937 -0.4006337 -3.027724 1.079136 0.6849693 0.2807583 19.50059 1.228386 1 0.7710832 0.12139761114381933 3.054115253514787 1.0
0.03613831 -0.06496869 -0.4209104 -1.933114 0.5706903 0.3932312 0.09464149 18.65212 0.2913895 0 0.0 0.07434317809975707 1.9784072638928922 1.0
-0.01305513 -0.07166465 4.079459 4.519861 1.160039 0.7853508 0.4223124 19.54901 1.638054 0 0.0 0.07284406962093345 6.088606506582766 1.0
-0.002695722 0.01238167 -0.7595085 -2.318404 0.2350397 0.1503653 0.3366389 16.91002 1.187592 0 0.0 0.012671727154977098 2.43964142217422 1.0
0.004206641 -0.06512158 -0.3472452 -0.9863331 0.6867592 0.4708809 0.1902133 18.8231 0.9892902 1 0.8241375 0.0652573061825209 1.0456730909221343 1.0
0.008350911 -0.02010464 -1.827735 -2.215906 0.2800809 0.1904969 0.1579984 17.12997 1.290947 1 0.9889228 0.021770031328859428 2.8724300915881313 1.0
0.05783542 0.0719292 -4.953977 -3.767669 0.5084077 0.3429959 0.293882 18.57102 1.010511 1 0.0 0.09229705097789637 6.223923024113489 1.0
0.01909833 0.01952838 -0.7015095 -1.878221 0.6178654 0.4373909 0.4281355 18.59967 0.2985477 0 0.0 0.027314901321683373 2.0049512970222616 1.0
-0.009458422 -0.01267373 -1.952541 -2.392398 0.7917397 0.5275342 0.288078 19.13593 0.8434315 0 0.0 0.01581408166296684 3.088038948440418 1.0
0.01477486 0.09336646 -1.60679 -1.911435 2.969386 2.026487 0.3627503 20.736 0.6943073 0 0.0 0.09452826212805988 2.4970698555156603 1.0
-0.03794413 -0.04256955 -4.313698 0.8604971 1.94644 1.234602 0.3865868 20.32211 1.791668 0 0.0 0.057025639747918654 4.398686814756468 1.0
0.04315861 0.07624441 -5.623882 -4.128647 1.05678 0.6992779 0.3511642 19.5484 0.9473934 1 0.004241528 0.0876120749290884 6.976659286544886 1.0
0.03440341 -0.0249976 2.220503 -1.540634 2.383964 1.647729 0.4448927 20.37449 0.7652111 0 0.0 0.04252616400979637 2.7026258888283077 1.0
-0.03999494 -0.08584818 -5.155937 -9.291176 0.2471757 0.1778352 0.10703 17.36464 1.00725 1 0.0 0.09470747190647631 10.625894682846475 0.0
-0.004766355 -0.009564369 -0.4778771 -2.662591 0.7211537 0.4566987 0.4610528 18.38935 0.8281555 0 0.0 0.01068621983463685 2.7051353674050045 1.0
-0.0100409 0.0499292 0.8426183 -8.962402 2.131169 1.530911 0.2246176 20.4671 0.5829887 0 0.0 0.05092881979243187 9.001925083508466 0.0
-0.008157335 -0.1176731 -8.7341 -5.225779 0.9874412 0.6872159 0.1121963 19.52417 2.079132 1 0.0 0.11795550253342243 10.178077862093657 1.0
-0.04535708 -0.04267224 -0.09123691 -2.443418 1.733778 1.055937 0.5190943 19.91283 1.097242 0 0.0 0.06227507344631558 2.4451207938403265 1.0
-0.03447709 -0.08371343 -1.158705 -2.216468 0.2417821 0.1732963 0.2582693 17.2002 1.298399 1 0.9966233 0.09053512079426967 2.501065307433814 1.0
-0.07697434 0.0562743 -4.756623 -1.471148 1.035148 0.6614743 0.3378598 19.35126 1.87355 1 0.007944086 0.09535117125093745 4.9789294835368985 1.0
0.0250505 -0.008541652 6.737716 -4.288888 1.641888 1.166008 0.171036 20.10474 2.189974 0 0.0 0.026466721919026995 7.986950430120372 1.0
-0.04675956 0.09543048 -1.653907 0.0715084 2.938301 1.623067 0.3101237 20.46537 1.003252 0 0.0 0.10627056490121806 1.655452148483779 1.0
0.06081026 0.09890853 -3.923811 -3.903308 1.449386 0.9261564 0.4371933 19.98198 0.8784046 0 0.0 0.11610678286830833 5.534627910400572 1.0
-0.03044258 0.03398289 -1.382446 -2.670167 2.537613 1.717082 0.4185472 20.42455 0.6491089 0 0.0 0.04562441769281554 3.006817046447123 1.0
-0.0138894 -0.04777715 -1.657546 -2.388642 1.272343 0.9210165 0.310445 19.63998 -0.0004005432 0 0.0 0.04975511525946352 2.9074162664262575 1.0
0.02370879 -0.05291002 1.354662 -3.335732 1.985349 1.170257 0.4409282 20.01001 0.8497448 0 0.0 0.05797910778603359 3.600307918785281 1.0
0.07097537 -0.0114964 -6.105261 -2.589524 0.3628658 0.2528948 0.1676316 18.0305 1.210522 1 0.0 0.07190041974562388 6.631730273819721 1.0
0.006241801 -0.0158816 -1.371856 -2.859683 0.5725605 0.3834625 0.2028262 18.32147 1.100582 0 0.0 0.017064152433789406 3.1717149533375473 1.0
-0.05899729 -0.01937253 3.776488 -1.751387 2.056584 1.247424 0.4590935 19.94786 0.9663868 0 0.0 0.06209649866091485 4.162837738600077 1.0
0.03199314 -0.04409306 -1.328117 -3.053623 0.5960123 0.4068531 0.2312727 18.79776 0.9755383 0 0.0 0.054477141511125565 3.3299411694229675 1.0
-0.001748708 -0.01911244 1.490021 -0.2043701 0.8148251 0.5608583 0.2027726 19.27305 0.8711967 0 0.0 0.01919227298739949 1.5039713156224124 1.0
-0.001288933 0.01267544 -1.326383 -2.359425 0.2600781 0.1649609 0.3427918 17.11937 1.199701 0 0.0 0.01274080560530177 2.7066913738573892 1.0
-0.03513737 -0.02990359 -2.310329 -3.330782 2.006686 1.263932 0.5720492 19.86176 0.8760052 0 0.0 0.04613956507602776 4.053606890136857 1.0
-0.03693349 -0.01439377 -0.8372602 -1.338142 1.369228 0.9427158 0.2240337 19.78552 1.14086 0 0.0 0.039639163694419687 1.57848935842724 1.0
0.05391961 -0.07370581 -19.76696 -2.562649 3.098314 2.338778 0.2742635 20.73323 0.9006977 0 0.0 0.09132289291469144 19.932382635771393 0.0
-0.03902378 -0.05775251 -6.641949 -9.07897 1.250282 0.8201998 0.2534676 19.22006 1.619999 0 0.0 0.06970084516552508 11.249141424104375 0.0
-0.001544723 0.01315608 -8.849206 -7.812831 2.400612 1.473075 0.4188407 20.19275 nan 0 0.0 0.01324645651157807 11.804608213108855 0.0
-0.01026644 0.009077587 -1.485515 -2.440205 0.4226564 0.2648513 0.3829548 17.77975 1.151495 0 0.0 0.013704100700745342 2.8568085790353543 1.0
-0.03458681 0.09817505 -2.71633 -3.248488 1.234628 0.8610248 0.2790487 19.68075 1.20314 1 0.7252897 0.10408932639074288 4.234515669476735 1.0
-0.1314631 -0.01685697 -4.935591 -4.155891 1.403068 1.033221 0.1109326 19.77501 0.7779713 1 0.04121021 0.1325394435599867 6.452246781018376 1.0
0.1231058 0.0185975 9.568487 -8.944957 1.632614 1.066799 0.298716 20.12538 2.468578 0 0.0 0.12450263049385744 13.09840445249031 0.0
-0.09354741 -0.08511065 -21.80172 9.185099 1.325144 0.8465606 0.2582597 19.81977 1.936991 0 0.0 0.1264711060326848 23.657578882848536 0.0
-0.07367822 -0.09024541 -2.73371 -1.840923 0.8672689 0.5589771 0.3698798 19.03118 0.9591198 0 0.0 0.11650199195050916 3.2957803106440515 1.0
-0.09786671 0.05401815 -4.793304 -6.103013 1.03268 0.6747066 0.2283767 19.51257 0.8205452 0 0.0 0.1117848534267796 7.760317707064898 1.0
-0.03310531 0.005184783 -1.34869 -2.682137 0.3557965 0.2706727 0.0526856 17.93259 1.153557 1 0.9921558 0.03350885741043984 3.0021365063682564 1.0
-0.02767436 -0.02294292 -14.37807 -10.05766 1.292499 0.8639621 0.1427388 19.72596 1.031185 0 0.0 0.03594784805153154 17.546664116022168 0.0
0.005847541 0.01530739 -0.6488473 -3.840514 1.177625 0.7195966 0.4920325 19.39896 0.3892517 0 0.0 0.016386272436365173 3.8949391013099666 1.0
-0.03679244 -0.01538553 1.68136 -2.929686 2.834373 2.064261 -0.0009090117 20.56953 1.669302 0 0.0 0.03987979657087659 3.377873814723694 1.0
-0.01240433 -0.06591199 -1.257584 -2.27589 0.5322128 0.3689769 0.1686218 18.46791 1.126276 1 0.9907856 0.06706905268832267 2.6002293762581794 1.0
0.01029598 -0.004220451 -1.120614 -1.828995 0.7568029 0.4667866 0.5167301 18.68493 0.9751701 0 0.0 0.011127417076923152 2.1449938104854755 1.0
0.002816406 0.01419365 -1.974195 -2.114184 0.4848579 0.3025227 0.4065378 18.14412 1.242865 0 0.0 0.014470378124960524 2.8926147140400498 1.0
-0.02198831 -0.01181003 0.8080801 -3.052527 1.454321 1.003121 -0.2174984 19.29053 1.104973 0 0.0 0.024959218442431246 3.1576754953200954 1.0
0.03316095 0.1044889 -10.047 -0.1983204 0.6851802 0.4605894 0.3162596 18.93619 0.8831406 1 0.0 0.10962471814382237 10.048957158882516 1.0
-0.08872126 0.09521892 -9.068844 -2.969141 0.8261036 0.5402696 0.2237776 19.13547 1.215633 1 0.0 0.13014647402812723 9.542522191444828 1.0
-0.03258859 -0.07778467 -5.028607 -5.612415 0.6286633 0.4406366 0.008709727 18.76333 1.208603 1 0.0 0.08433546754003916 7.535654616068467 1.0
-0.01081931 0.03321692 -1.557596 -2.286396 0.3901437 0.2742574 0.1891238 17.89419 0.9987087 1 0.9960042 0.03493452795104723 2.7665342882444093 1.0
-0.08644016 -0.05069863 -8.440578 -3.371317 0.9099825 0.5927417 -0.08161726 19.07132 nan 0 0.0 0.10021103903613864 9.088956776691868 0.0
