jas1101finalproject/data/gcs/NGC_2298.ecsv
# %ECSV 0.9
# ---
# datatype:
# - {name: x, unit: deg, datatype: float64}
# - {name: y, unit: deg, datatype: float64}
# - {name: pmx, unit: mas / yr, datatype: float64}
# - {name: pmy, unit: mas / yr, datatype: float64}
# - {name: pmx_e, unit: mas / yr, datatype: float64}
# - {name: pmy_e, unit: mas / yr, datatype: float64}
# - {name: pm_corr, datatype: float64}
# - {name: g_mag, unit: mag, datatype: float64}
# - {name: bp_rp, unit: mag, datatype: float64}
# - {name: filter, datatype: int64}
# - {name: memberprob, datatype: float64}
# - {name: r, unit: deg, datatype: float64}
# - {name: pm, unit: mas / yr, datatype: float64}
# - {name: member_prob_GMM, datatype: float64}
# - {name: member_prob_DB, datatype: float64}
# meta: !!omap
# - comments: [deg deg mas/yr mas/yr mas/yr mas/yr dimless mag   mag   zeroone float]
# - __serialized_columns__:
#     bp_rp:
#       __class__: astropy.units.quantity.Quantity
#       unit: &id001 !astropy.units.Unit {unit: mag}
#       value: !astropy.table.SerializedColumn {name: bp_rp}
#     g_mag:
#       __class__: astropy.units.quantity.Quantity
#       unit: *id001
#       value: !astropy.table.SerializedColumn {name: g_mag}
#     pm:
#       __class__: astropy.units.quantity.Quantity
#       unit: !astropy.units.Unit {unit: mas / yr}
#       value: !astropy.table.SerializedColumn {name: pm}
#     pmx:
#       __class__: astropy.units.quantity.Quantity
#       unit: !astropy.units.Unit {unit: mas / yr}
#       value: !astropy.table.SerializedColumn {name: pmx}
#     pmx_e:
#       __class__: astropy.units.quantity.Quantity
#       unit: !astropy.units.Unit {unit: mas / yr}
#       value: !astropy.table.SerializedColumn {name: pmx_e}
#     pmy:
#       __class__: astropy.units.quantity.Quantity
#       unit: !astropy.units.Unit {unit: mas / yr}
#       value: !astropy.table.SerializedColumn {name: pmy}
#     pmy_e:
#       __class__: astropy.units.quantity.Quantity
#       unit: !astropy.units.Unit {unit: mas / yr}
#       value: !astropy.table.SerializedColumn {name: pmy_e}
#     r:
#       __class__: astropy.units.quantity.Quantity
#       unit: &id002 !astropy.units.Unit {unit: deg}
#       value: !astropy.table.SerializedColumn {name: r}
#     x:
#       __class__: astropy.units.quantity.Quantity
#       unit: *id002
#       value: !astropy.table.SerializedColumn {name: x}
#     y:
#       __class__: astropy.units.quantity.Quantity
#       unit: *id002
#       value: !astropy.table.SerializedColumn {name: y}
# schema: astropy-2.0
x y pmx pmy pmx_e pmy_e pm_corr g_mag bp_rp filter memberprob r pm member_prob_GMM member_prob_DB
[from data line 1896]
-0.06656559 0.003293436 -0.4440926 3.265328 0.3337014 0.3459604 0.08326421 18.74166 0.9917698 1 0.0 0.06664701413217396 3.2953884725414024 0.0 0.0
-0.001805816 -0.05333055 1.817301 -1.733737 1.565687 1.509531 0.1058353 20.65446 1.008896 0 0.0 0.05336111444421261 2.5116581992321327 0.0 1.0
0.01020567 -0.03101522 2.394741 -2.33691 1.177393 1.070603 -0.02689909 20.45539 0.7916222 0 0.0 0.0326511802512145 3.346032397509175 0.0 1.0
-0.01389397 -0.0218834 -0.00855244 0.4750838 3.164553 3.001308 -0.4548236 20.90221 0.5199566 0 0.0 0.02592152769265153 0.47516077410955715 0.0 1.0
-0.001492591 0.01691329 3.598183 -4.010941 1.536809 1.872889 0.5101933 20.18253 0.2474442 0 0.0 0.01697902254304944 5.388373465803015 0.0 1.0
-0.0185322 -0.02936116 2.356115 -2.563205 0.746537 0.8325624 -0.1121426 19.85427 0.9235611 0 0.0 0.034720601282028515 3.481565418780753 0.0 1.0
0.02597679 -0.00652848 4.022639 -2.370831 0.7808358 0.9666643 0.1700691 19.816 nan 0 0.0 0.026784597622785004 4.669310886510128 0.0 1.0
0.01938843 0.004475003 5.036125 -2.544446 0.9777188 1.247454 0.1265381 19.76636 0.8301544 0 0.0 0.019898162470813958 5.642407328662209 0.0 1.0
0.002951807 0.007937262 9.123945 -1.989058 0.4877462 0.505932 0.199263 18.99002 nan 0 0.0 0.0084683701278282 9.338239881818684 1.0 0.0
0.005716371 -0.002187097 3.671816 -1.981362 0.05666833 0.0573357 0.0750244 15.44549 1.296575 0 0.0 0.0061204812471773815 4.172292908329903 0.0 0.0
0.01661829 -0.01907631 2.413078 -1.699142 0.8107697 0.9334516 0.1794262 19.90422 0.8523769 0 0.0 0.025299667304931106 2.9512758207676897 0.0 1.0
0.01300199 0.01572586 3.52151 -1.620236 0.6115021 0.6451091 0.1142325 19.42864 nan 0 0.0 0.020404764558791165 3.876363937480071 0.0 1.0
0.02632247 -0.006280639 2.651792 -1.508413 0.6489996 0.7002717 0.09780216 19.62552 0.8210602 0 0.0 0.027061390451143138 3.0507885193557747 0.0 1.0
-0.06147892 -0.05306841 0.9237338 -1.707166 0.8992428 0.7602467 -0.1039543 19.90863 0.776226 1 0.5982296 0.08121523098713997 1.9410563837298596 0.0 0.0
-0.0245585 -0.05368149 -1.701277 3.781569 1.784 1.298178 -0.3241703 20.45538 1.198622 0 0.0 0.05903238340834715 4.146638100014275 0.0 0.0
0.01911686 0.004517031 4.94517 -1.129415 1.103072 1.876265 0.4345827 19.90662 nan 0 0.0 0.019643266156995406 5.072502791633042 0.0 1.0
0.002346895 0.007807582 -3.029871 -3.796432 1.287876 1.324866 0.1264734 19.34177 nan 0 0.0 0.008152683780679158 4.85726406604222 0.0 0.0
-0.07792602 0.006960397 3.078603 -2.113021 0.3453002 0.3498621 -0.009225385 18.80649 0.917141 1 0.9958667 0.07823625578616354 3.733986365541524 0.0 0.0
0.01269448 -0.05371302 3.41065 -1.895106 0.184678 0.193846 0.002675403 17.87543 1.146341 1 0.9986302 0.05519273810920056 3.9017893553773506 0.0 0.0
-0.0533314 -0.05292515 3.771598 -3.21909 1.017712 1.04853 -0.1557946 20.175 1.015772 1 0.9805429 0.07513527619222878 4.958577608720469 0.0 0.0
0.02313091 -0.009442022 3.719183 -0.5861999 1.153676 1.248507 0.06386237 20.38041 1.144882 0 0.0 0.02498381029540098 3.7650966136673056 0.0 1.0
0.04006724 -0.05281047 3.989711 -2.410819 0.9874831 1.029221 -0.004082879 20.27453 0.8393002 1 0.9854946 0.0662897387446843 4.661527873378213 0.0 0.0
-0.008856014 0.005735739 7.52166 -7.842576 1.118686 1.317067 0.03896878 19.76992 nan 0 0.0 0.010551193574393231 10.866525087228943 0.0 0.0
0.01553669 0.003262782 3.714245 -2.180162 0.4447276 0.4708198 0.005879983 19.13482 0.9917393 0 0.0 0.015875593927019677 4.306822757703061 0.0 1.0
0.07936588 0.0121088 -3.154541 6.236919 0.2498598 0.235037 -0.007880072 18.28708 1.628414 1 0.0 0.08028428205828586 6.9892980715692765 0.0 0.0
-0.009441069 -0.005288804 3.134019 -1.779609 0.4330419 0.5333101 0.1138344 19.1298 0.781929 0 0.0 0.010821517066159301 3.604037081557569 0.0 0.0
-0.003264204 0.01431542 9.95239 -7.929852 1.481724 1.291422 -0.05558209 20.43346 nan 0 0.0 0.01468285658616933 12.725274828230784 0.0 0.0
-0.009516572 0.006685522 1.336977 -1.204369 2.085571 1.283544 -0.2128895 19.82153 nan 0 0.0 0.011630191186892328 1.7994477449178679 0.0 0.0
-0.02333073 -0.03421472 3.706539 -3.440527 0.8428361 0.7405211 -0.05688925 19.90505 0.7090702 0 0.0 0.04141219659727433 5.057238119393825 0.0 1.0
-0.009535112 0.006876255 0.3698506 0.61714 1.434641 1.59643 0.2072347 19.66255 0.9017849 0 0.0 0.01175590250374547 0.7194798439986766 0.0 0.0
0.02805752 -0.003801684 2.998699 -1.957191 0.623579 0.7063657 0.04196683 19.54002 0.7534885 0 0.0 0.028313905237290313 3.58089266846718 0.0 1.0
-0.01793398 -0.02835775 -2.364573 2.152416 1.897902 1.365793 -0.1970584 20.57792 1.067087 0 0.0 0.03355278861291413 3.1975146769616245 0.0 0.0
0.02813511 0.0407158 6.004299 0.3576479 0.1655412 0.1998384 0.003026973 17.60697 0.8597736 1 0.0 0.04949101720870264 6.014941271681329 0.0 0.0
-0.005317857 -0.01486712 3.117344 -4.669671 2.885464 2.70091 -0.05341644 20.85985 nan 0 0.0 0.015789580747025838 5.614593561654931 0.0 1.0
-0.03031543 0.01685025 4.58307 -3.308849 1.358292 1.420465 0.03793295 20.37531 nan 0 0.0 0.03468365928138783 5.65269956124514 0.0 1.0
-0.07410609 0.007837645 -0.4451934 -1.697331 1.604 1.832272 0.1936816 20.74038 0.7554379 0 0.0 0.07451940186444148 1.7547449065219023 0.0 0.0
-0.00905974 0.006067595 4.848628 4.093331 1.163289 2.653035 0.5068428 19.95245 nan 0 0.0 0.010903879949431991 6.345435537293323 0.0 0.0
-0.05382974 -0.05474891 2.464396 0.2440887 0.6283153 0.6223381 -0.2135464 19.33101 1.398211 1 0.05071008 0.07677945073166192 2.476454509633417 0.0 0.0
-0.005287032 -0.01443987 5.405323 -1.342452 1.541362 1.291618 -0.1666858 20.21381 0.8793564 0 0.0 0.015377338943585917 5.569532665011761 0.0 1.0
-0.006276308 0.01005041 -9.577476 -32.65503 2.144924 2.202463 0.284374 20.36699 1.067493 0 0.0 0.011849168041637522 34.03056024856887 0.0 0.0
0.02472422 -0.04510611 0.4716896 3.619449 1.033472 1.084 -0.0334522 20.29941 0.9610958 0 0.0 0.051437809186827735 3.650055087577331 0.0 0.0
0.05330081 -0.001789104 2.081329 -2.471886 0.7248221 0.6288838 -0.1391557 19.58079 0.7131157 0 0.0 0.05333082823076082 3.231431695585875 0.0 1.0
0.05459971 0.02012545 1.747569 -2.75592 1.683658 1.809549 0.1294689 20.69654 0.4854107 0 0.0 0.05819073869428537 3.2632947240727432 0.0 0.0
-0.06155747 -0.0551513 -1.663668 2.020904 0.6051465 0.6142533 -0.1670923 19.24903 1.296318 1 0.0 0.08264979131547097 2.6176027566152964 0.0 0.0
0.001692897 0.02133452 1.011387 -1.815951 1.995447 1.58533 -0.2696778 20.74336 0.6177464 0 0.0 0.02140158040619919 2.0786008992035967 0.0 1.0
0.02456896 0.01088607 2.480426 -3.016689 1.03327 0.9683317 -0.06092674 20.15981 0.7851582 0 0.0 0.02687266855983045 3.9054994129044496 0.0 1.0
0.002870868 -0.01118581 3.269749 -3.218973 0.3130789 0.295197 -0.03280517 18.38865 nan 0 0.0 0.011548343103212858 4.588359804737419 0.0 0.0
-0.01246972 -0.05411353 -2.834334 3.354011 0.3123711 0.309147 0.07675451 18.73635 1.045883 1 0.0 0.055531685063027754 4.391222951715957 0.0 0.0
-0.08933854 0.02299292 -7.061068 15.08149 2.12999 3.173801 0.6109599 20.64839 2.212049 0 0.0 0.09224992736830745 16.65262807849632 0.0 0.0
-0.001961673 0.01350294 2.892457 -7.984667 0.876849 0.9048088 -0.276709 19.02328 0.881319 0 0.0 0.013644689428584624 8.492421009213922 0.0 0.0
-0.003967156 -0.001080727 7.80066 -3.740851 0.6726374 0.5303331 -0.2092017 19.18442 nan 0 0.0 0.004111726836362674 8.651257864599865 0.0 0.0
0.02955673 -0.05443852 3.444129 -0.9344098 1.28001 1.119068 -0.09474849 20.48138 0.7798996 0 0.0 0.06194475561404129 3.568633666121677 0.0 0.0
0.002259954 -0.01051822 3.351983 -2.174692 0.2632261 0.2480739 -0.03787006 18.40471 nan 0 0.0 0.010758268636286974 3.995632030999977 0.0 0.0
-0.009337401 0.005247402 2.411704 -4.752521 0.7576501 0.9297081 0.2310833 19.39891 nan 0 0.0 0.010710848947884804 5.32942511337358 0.0 0.0
0.001599634 -0.0111133 5.035332 -2.066098 0.5166796 0.5277962 0.06091308 18.93951 0.9310818 0 0.0 0.011227834422717322 5.442731786137179 0.0 0.0
-0.0923325 0.0174696 0.1530717 2.495127 1.784975 1.76688 -0.03007933 20.58489 1.289669 0 0.0 0.09397062030448665 2.4998179316642024 0.0 0.0
-0.01881166 0.03001073 2.965255 -2.310088 1.366052 1.112546 -0.1981823 20.31952 0.5520954 0 0.0 0.03541923865766315 3.7588886366543233 0.0 1.0
0.01527883 -0.02154796 4.76756 -0.89885 2.981746 3.251612 0.4591732 20.86763 1.478884 0 0.0 0.02641509466821007 4.851552295513262 0.0 1.0
0.06989609 -0.002507789 -3.715365 5.093152 1.068272 1.075161 0.001732222 20.35097 1.582209 0 0.0 0.06994106378199162 6.30429491524064 0.0 0.0
0.02245639 -0.05922743 -1.788796 4.222869 0.3498938 0.3605959 -0.0416801 18.95575 1.278414 1 0.0 0.06334175491914476 4.586110958184178 0.0 0.0
0.0172782 0.007599731 1.464216 -0.2170142 2.868558 2.557648 -0.3184827 20.88038 0.9087963 0 0.0 0.01887570148398096 1.480210680159294 0.0 1.0
0.001791388 0.008726939 2.941396 -2.27597 0.07161833 0.07443423 0.02751533 16.01168 1.313106 0 0.0 0.008908902024170263 3.7191195019407486 0.0 0.0
-0.01091282 -0.02868453 3.118108 -2.919902 0.4783838 0.5064499 0.009947275 19.25326 0.7950497 0 0.0 0.030690257439019635 4.271817551027665 0.0 1.0
0.05668364 -0.01798486 4.549546 -1.16703 1.157368 1.21267 0.1206648 20.4198 0.884449 0 0.0 0.05946839692533506 4.696842325117589 0.0 0.0
-0.01459572 0.002515281 4.111917 -0.9816443 0.1997001 0.2249061 0.07251111 17.85723 1.088491 0 0.0 0.014810863608424762 4.227468148503486 0.0 1.0
-0.03706386 -0.05956483 -0.8126143 1.896759 0.3988103 0.4083426 0.0005762399 18.95035 0.998106 1 0.0 0.07015481944263345 2.063501079390435 0.0 0.0
0.03907468 -0.02703788 4.136906 -2.192707 0.6414171 0.6958689 0.04393206 19.64788 0.7989597 1 0.9948785 0.047517129248270035 4.682088768988153 0.0 1.0
-0.03211931 -0.0405464 7.060266 -4.290765 1.802934 1.598872 -0.2106519 20.58688 0.8233299 0 0.0 0.0517267883000298 8.261841215853826 0.0 0.0
-0.01188117 -0.03057295 3.081807 -1.782075 0.3429068 0.3267149 -0.01188292 18.89774 0.8743095 1 0.9983647 0.03280041878195155 3.559961473228889 0.0 1.0
0.003624663 0.008993905 0.5821827 -1.818941 2.02203 1.323476 -0.7166157 19.90564 0.3597164 0 0.0 0.009696829843438216 1.9098384899410445 0.0 0.0
-0.003961563 0.01043584 8.848663 -4.158961 1.774663 1.278851 -0.4591372 19.77198 nan 0 0.0 0.011162470063053653 9.777310135568474 0.0 0.0
0.0201125 -0.01222211 -2.215276 -6.306505 2.430523 2.962774 0.2428152 19.9249 0.9982548 0 0.0 0.02353492360518937 6.684269075314144 0.0 0.0
0.003853018 0.00834921 -2.237675 -4.62121 2.045739 1.496206 0.6418764 20.0856 0.629694 0 0.0 0.009195382283104058 5.134468937458381 0.0 0.0
0.003025215 -0.009339505 10.25647 -0.4271411 3.294205 2.696873 0.3054618 20.19763 0.6567688 0 0.0 0.009817243983993165 10.265360509023013 1.0 0.0
-0.05626946 0.001985385 3.743265 -2.909818 0.4309855 0.4618788 0.06228643 19.10161 0.7986069 1 0.9940338 0.05630447479809953 4.741210146507851 0.0 0.0
0.03953366 0.002365577 0.422784 -3.526369 2.770453 2.909063 0.1720997 20.95156 0.8212166 0 0.0 0.039604371318561905 3.551622817081932 0.0 1.0
0.0107551 0.01672565 5.307922 -1.803928 0.6723752 0.6835465 -0.09280486 19.64724 0.8028107 0 0.0 0.019885158886277475 5.606085281840439 0.0 1.0
-0.01031897 0.006574795 2.443579 -5.055528 1.074464 1.20976 0.04363326 19.99945 nan 0 0.0 0.012235565828882824 5.615108341610605 0.0 0.0
-0.002578254 -0.008416332 4.042089 -0.4387598 0.9206632 0.8829228 -0.03071195 19.77665 nan 0 0.0 0.008802388199956874 4.065832466545693 0.0 0.0
-0.03291318 -0.05984146 3.007897 -0.3837904 1.036542 1.027335 -0.08599904 20.2459 1.160994 1 0.8655747 0.06829551780786203 3.032282874954307 0.0 0.0
0.003154898 -0.0071308 3.149079 -2.530858 0.3047979 0.3582357 -0.01023038 17.3072 0.3698273 0 0.0 0.007797543846007151 4.040042173592375 0.0 0.0
-0.006644212 -0.01911298 3.398429 -2.362115 0.1367223 0.1528706 -0.02001787 17.19455 1.155334 1 0.9998505 0.020234909379123596 4.138708366298114 0.0 1.0
-0.01807523 -0.004279416 3.264859 -2.124653 0.08667125 0.09312656 0.1156614 16.54773 1.201582 1 0.9999513 0.018574911597473515 3.895311882287476 0.0 1.0
-0.01562732 0.03801084 2.696961 -3.311404 2.470772 1.826993 -0.1236262 20.60147 0.885025 0 0.0 0.041097896392491916 4.270713650754051 0.0 1.0
-0.01068311 0.006281015 4.001669 -3.128291 0.8442096 1.005346 0.1446435 19.48286 0.9236622 0 0.0 0.012392739354247912 5.079326664651723 0.0 0.0
-0.0104165 0.04397407 2.624357 6.531128 2.160612 2.127259 -0.1128136 20.60904 nan 0 0.0 0.04519095379182542 7.038670514794182 0.0 0.0
-0.05141314 0.003670983 4.182561 -1.702121 0.5540269 0.6070961 0.08897555 19.33359 0.859499 1 0.9912096 0.0515440305064116 4.515643079048874 0.0 1.0
-0.006547385 0.003759952 -0.5569649 0.4183051 0.7330655 0.751297 0.04293558 18.08229 1.088028 0 0.0 0.007550197969624969 0.696555135303746 0.0 0.0
-0.06985207 -0.0352226 7.887273 -1.21988 1.951692 1.864582 0.0477076 20.78629 0.4420929 0 0.0 0.07823006604908947 7.981051471512322 0.0 0.0
-0.0159896 -0.002493687 1.80191 0.03048534 1.699571 1.654673 -0.3308867 20.59249 nan 0 0.0 0.016182885497153125 1.8021678623410515 0.0 1.0
0.004688373 -0.06075406 4.479189 -3.238748 0.7649431 0.7913215 0.001821556 19.92028 0.7502022 0 0.0 0.06093469166140687 5.527442691265555 0.0 0.0
0.01297534 0.003858338 1.88374 -8.268397 2.51444 2.994688 0.2302412 20.91354 0.7001438 0 0.0 0.013536846761260319 8.48026328230492 0.0 0.0
0.0004268697 -0.06008635 3.368721 -5.086565 1.126539 1.123816 -0.01364267 20.44267 0.8153324 0 0.0 0.06008786627983455 6.100936376906909 0.0 0.0
0.03455032 -0.01730829 2.724468 -7.201287 1.547678 1.636918 0.1864284 20.64851 1.196491 0 0.0 0.038643259629934174 7.69943246865592 0.0 0.0
0.01320616 0.0184724 3.159191 -2.073573 0.3700073 0.3475103 0.4091241 18.37686 1.249294 0 0.0 0.022707536715936408 3.778914230411958 0.0 1.0
-0.01259261 -0.01840036 2.96208 -7.476271 1.100468 1.00391 -0.1308415 19.76886 0.6713161 0 0.0 0.022296795167505577 8.041675571163077 0.0 0.0
0.01486578 -0.01963672 7.85761 21.14465 2.999657 4.209076 0.5733928 20.80848 0.4778976 0 0.0 0.024629092296850893 22.557443528347797 0.0 0.0
0.02085133 0.02811812 3.995787 -1.562235 0.3996667 0.4139202 0.01232555 19.0485 0.7616024 0 0.0 0.03500580859090817 4.290325389127729 0.0 1.0
-0.01657192 0.03724008 3.411829 0.2602197 3.587261 3.381706 0.1450498 20.9984 1.15163 0 0.0 0.04076091376420308 3.421738069681706 0.0 1.0
-0.0699044 -0.05965197 -0.116645 7.571387 0.7855715 0.9375566 -0.01690779 19.95208 1.543394 0 0.0 0.09189658679320413 7.572285464758575 0.0 0.0
-0.03105286 -0.03866914 4.40686 -3.662265 2.006083 1.745394 -0.07035329 20.80214 0.6789913 0 0.0 0.0495941781111372 5.729973821041855 0.0 1.0
0.002260668 0.01439938 -1.515404 2.093062 0.1113956 0.1173337 0.01831305 17.0375 1.066139 1 0.0 0.014575759472172418 2.5840584008609406 0.0 0.0
-0.0387851 0.004273298 3.100089 -3.792671 0.5825201 0.6559331 0.138947 19.40132 0.8020077 1 0.9896652 0.03901980340553761 4.898459464174629 0.0 1.0
0.03843757 -0.005076356 5.280463 -2.158621 1.181539 1.093113 -0.03295761 20.31178 0.8981323 0 0.0 0.038771331905721726 5.704641453764645 0.0 1.0
-0.01006981 -0.05941561 1.150975 -2.729427 1.053746 0.9889802 -0.05299865 20.22901 0.8089905 0 0.0 0.06026288895421626 2.96218081807205 0.0 0.0
-0.01918649 -0.002738541 3.919964 -1.806691 2.681229 2.188678 -0.4330561 20.5692 0.4543591 0 0.0 0.019380944386917294 4.316277346368858 0.0 1.0
0.0126094 0.03135473 3.874918 -0.9491511 2.55135 2.411466 0.137323 20.83911 0.99053 0 0.0 0.03379520767406083 3.9894708066804063 0.0 1.0
-0.01708812 -0.00271517 2.887015 -2.618584 1.329104 1.538494 0.06246796 20.60866 0.3630962 0 0.0 0.01730248517593065 3.897670814124892 0.0 1.0
0.01368534 0.005002627 6.101704 2.817869 2.373581 2.435837 -0.2093261 20.96289 nan 0 0.0 0.014571026313088898 6.720950632520447 0.0 0.0
-0.0492334 0.002138865 3.782421 -1.501307 1.084862 1.096983 0.01656768 20.34724 0.8200531 0 0.0 0.04927983785533618 4.069475559515009 0.0 1.0
0.01698882 -0.01764206 4.028744 -2.935712 0.6193779 0.7260139 0.192995 19.58323 nan 0 0.0 0.024492086191992713 4.984895501861598 0.0 1.0
