jas1101finalproject/data/gcs/NGC_1261.ecsv
# %ECSV 0.9
# ---
# datatype:
# - {name: x, unit: deg, datatype: float64}
# - {name: y, unit: deg, datatype: float64}
# - {name: pmx, unit: mas / yr, datatype: float64}
# - {name: pmy, unit: mas / yr, datatype: float64}
# - {name: pmx_e, unit: mas / yr, datatype: float64}
# - {name: pmy_e, unit: mas / yr, datatype: float64}
# - {name: pm_corr, datatype: float64}
# - {name: g_mag, unit: mag, datatype: float64}
# - {name: bp_rp, unit: mag, datatype: float64}
# - {name: filter, datatype: int64}
# - {name: memberprob, datatype: float64}
# - {name: r, unit: deg, datatype: float64}
# - {name: pm, unit: mas / yr, datatype: float64}
# - {name: member_prob_GMM, datatype: float64}
# meta: !!omap
# - comments: [deg deg mas/yr mas/yr mas/yr mas/yr dimless mag   mag   zeroone float]
# - __serialized_columns__:
#     bp_rp:
#       __class__: astropy.units.quantity.Quantity
#       unit: &id001 !astropy.units.Unit {unit: mag}
#       value: !astropy.table.SerializedColumn {name: bp_rp}
#     g_mag:
#       __class__: astropy.units.quantity.Quantity
#       unit: *id001
#       value: !astropy.table.SerializedColumn {name: g_mag}
#     pm:
#       __class__: astropy.units.quantity.Quantity
#       unit: !astropy.units.Unit {unit: mas / yr}
#       value: !astropy.table.SerializedColumn {name: pm}
#     pmx:
#       __class__: astropy.units.quantity.Quantity
#       unit: !astropy.units.Unit {unit: mas / yr}
#       value: !astropy.table.SerializedColumn {name: pmx}
#     pmx_e:
#       __class__: astropy.units.quantity.Quantity
#       unit: !astropy.units.Unit {unit: mas / yr}
#       value: !astropy.table.SerializedColumn {name: pmx_e}
#     pmy:
#       __class__: astropy.units.quantity.Quantity
#       unit: !astropy.units.Unit {unit: mas / yr}
#       value: !astropy.table.SerializedColumn {name: pmy}
#     pmy_e:
#       __class__: astropy.units.quantity.Quantity
#       unit: !astropy.units.Unit {unit: mas / yr}
#       value: !astropy.table.SerializedColumn {name: pmy_e}
#     r:
#       __class__: astropy.units.quantity.Quantity
#       unit: &id002 !astropy.units.Unit {unit: deg}
#       value: !astropy.table.SerializedColumn {name: r}
#     x:
#       __class__: astropy.units.quantity.Quantity
#       unit: *id002
#       value: !astropy.table.SerializedColumn {name: x}
#     y:
#       __class__: astropy.units.quantity.Quantity
#       unit: *id002
#       value: !astropy.table.SerializedColumn {name: y}
# schema: astropy-2.0
x y pmx pmy pmx_e pmy_e pm_corr g_mag bp_rp filter memberprob r pm member_prob_GMM
[from data line 2651]
-0.003816088 -0.02685525 2.380529 -0.6246369 0.6459261 0.5442223 0.2641989 19.49368 0.527565 0 0.0 0.02712502498038009 2.461115514697067 0.0
-0.01744052 -0.007960884 0.9852803 1.423986 1.498253 2.156766 -0.5627059 20.13451 nan 0 0.0 0.019171526072064685 1.7316216092911552 0.0
-0.05462582 0.05312839 1.394893 -2.739215 0.5366247 0.5691589 0.3249875 19.63151 0.6151352 1 0.9986471 0.0762010894585143 3.0739266903545377 0.0
0.0117323 -0.001157186 1.538688 -1.980187 0.09355595 0.0945814 0.2602094 16.61169 0.776701 0 0.0 0.011789229946378856 2.507728317883139 0.0
-0.01265939 -0.01768274 1.426276 -2.176095 0.2645726 0.2557703 0.1932255 18.50268 0.8565292 0 0.0 0.021747171059236646 2.6018556218977644 0.0
-0.01136618 -0.0139325 4.667349 -10.67193 1.44286 1.347536 -0.2786597 20.07896 nan 0 0.0 0.017980673069782457 11.647928425806068 1.0
0.04386444 -0.0238275 1.814485 -1.15364 0.543134 0.4402648 0.4249243 19.25763 0.7840405 1 0.9984447 0.04991832181437593 2.150172333750251 0.0
-0.002932168 0.01905089 8.058838 0.249016 1.464291 0.9777986 0.5196095 19.94836 0.8235645 0 0.0 0.019275217741242873 8.06268434694674 0.0
0.07074113 -0.001164924 0.9397004 -1.903863 0.6792782 0.5086069 0.3987978 19.6133 0.5791759 0 0.0 0.07075072099705186 2.123141814511965 0.0
-0.01165677 -0.01709878 -2.414659 -8.184132 0.8374867 0.7870195 0.01971149 19.56875 0.5317059 0 0.0 0.020694167398600506 8.532912438300594 0.0
0.0256458 0.05499626 1.911429 -1.608406 0.728376 0.7163111 0.1595659 20.13579 0.5563145 0 0.0 0.060681922115466976 2.4981054186877305 0.0
0.002066387 0.01040302 1.0434 -4.544229 0.5100104 0.8076526 0.1323925 18.94967 nan 0 0.0 0.010606261374969457 4.662477963963046 0.0
-0.01345468 -0.01378438 4.516545 -0.6822818 0.749075 0.6590991 0.09068261 19.78276 nan 0 0.0 0.019262334902259384 4.5677879976676055 0.0
0.02975757 0.05732799 3.132777 -0.4161993 1.17777 1.154469 -0.04103398 20.47305 0.4745884 0 0.0 0.06459110937075628 3.1603027685728926 0.0
0.0534996 -0.04464848 19.06718 7.89722 0.3095377 0.3011879 0.2263702 18.91978 0.8200226 0 0.0 0.06968280969127465 20.637912609583363 0.0
-0.00872469 0.01364843 1.779274 -1.761362 0.08911459 0.08824272 0.196233 16.58194 0.7388248 0 0.0 0.016198760973018894 2.5036397628492804 0.0
-0.03236324 0.0416857 2.714878 -2.242206 0.8007601 0.7963029 -0.01636904 20.17571 0.3019562 0 0.0 0.05277382767800342 3.5210865228392216 0.0
0.008306264 -0.01518678 -4.334188 -1.560876 2.216113 1.399214 0.4909276 20.04769 nan 0 0.0 0.017309890479321237 4.606682049666549 0.0
0.08646317 0.03156853 2.679944 -2.921444 0.7909126 0.7059838 0.1772131 20.01845 0.6994553 1 0.9872199 0.09204592252136866 3.9644589653913687 0.0
-0.008521296 -0.0212026 0.2546854 -3.596316 1.287665 1.102463 0.1725831 19.99138 nan 0 0.0 0.022850880339269554 3.6053229293406104 0.0
0.07033778 0.01072241 1.553449 -2.136264 0.07891353 0.07512162 0.2382383 16.26957 1.12045 1 0.9999634 0.07115035749408784 2.641368522811045 0.0
-0.0008519587 -0.0239025 1.053447 -5.052248 1.490889 0.9813288 0.4576643 20.07247 0.3562393 0 0.0 0.02391767839646034 5.16090693922231 0.0
-0.004926912 0.00443277 4.920053 -6.654377 0.4250818 0.4882849 -0.5065595 17.47318 nan 0 0.0 0.006627511729800559 8.275726843059648 0.0
-0.01896093 0.0001904295 -0.1392607 -4.575039 0.7986875 1.337313 0.1438022 20.0595 nan 0 0.0 0.018961886242127135 4.577158004055081 0.0
-0.03598239 0.03999269 2.814156 -1.386002 1.074487 1.193467 -0.102655 20.42485 nan 0 0.0 0.053797282863990444 3.13695322508003 0.0
0.05962279 0.1533371 0.9791332 -1.795405 1.307798 1.351394 -0.1958246 20.65703 0.7514114 0 0.0 0.16452095101777797 2.0450381261402537 0.0
-0.0147399 -0.01508946 5.188351 -4.511651 0.7746378 0.6897297 0.001285433 19.88277 0.4303417 0 0.0 0.021093990971402257 6.875607670962764 0.0
-0.01795008 0.01228349 2.72366 -0.7635989 1.664985 1.316628 0.5518755 20.18215 nan 0 0.0 0.021750620648305647 2.828675851998813 0.0
-0.003290444 0.007282518 1.894593 0.5378439 0.4503584 0.4431444 0.2530927 16.67585 0.876255 0 0.0 0.007991375985239338 1.9694564469457583 0.0
-0.0006736119 -0.02410849 8.227302 -0.5632097 2.746576 1.561335 0.2664309 20.40295 nan 0 0.0 0.02411789881129618 8.246557061306135 0.0
0.0140223 0.0007913835 1.789655 15.63378 1.602294 2.59971 0.09983081 19.45094 nan 0 0.0 0.014044614097014992 15.735880722330892 0.0
-0.01262215 -0.01165551 2.041029 0.08902355 0.9985476 0.9420602 0.00103521 19.67991 0.5357361 0 0.0 0.017180500108628968 2.042969547324581 0.0
0.01114999 -0.02119562 1.101476 -0.0639417 2.347631 1.368166 0.30195 20.41144 nan 0 0.0 0.023949458953899144 1.1033303764398448 0.0
0.04626836 0.05541253 1.387824 -1.019106 0.5283337 0.5189653 0.1279489 19.75323 0.5625896 0 0.0 0.07218940100936218 1.7218108183572318 0.0
-0.002128019 0.005253178 22.0535 6.35176 1.57822 1.552951 0.1005548 18.17864 nan 0 0.0 0.005667834151070848 22.949982948743124 0.0
0.03970505 -0.01387058 1.575062 -2.207328 0.2617397 0.2058117 0.3074046 18.20239 0.9264469 1 0.9999288 0.04205810248975695 2.711663180306138 0.0
-0.01024677 -0.001790015 0.3404443 -2.370249 0.1892331 0.1787694 0.3029314 16.57848 0.7841063 0 0.0 0.010401944488081303 2.394573582791619 0.0
0.0008991293 -0.01154289 1.808878 -2.287214 0.1072344 0.1022929 0.2616073 16.59198 0.6805916 0 0.0 0.011577855719010256 2.9160568411263865 0.0
0.02921572 0.03762167 2.657834 -2.869481 0.7771744 0.7339161 0.136213 20.00593 0.5291538 0 0.0 0.04763347928408443 3.9112661352709046 0.0
-0.01258544 0.009847956 8.886205 0.0591748 1.824166 2.548097 0.06627757 19.82541 0.633358 0 0.0 0.015980473627885253 8.88640202550954 0.0
-0.00571369 -0.0183983 0.5766946 -2.329539 1.038783 0.7752965 0.1813406 20.12163 nan 0 0.0 0.019265090093381343 2.399860123880173 0.0
0.01692892 -0.006377564 1.064639 -1.985327 0.7279554 0.7246124 0.449266 19.70823 0.6246014 0 0.0 0.018090374648981042 2.2527715146570015 0.0
0.002400826 -0.002631817 2.63104 -2.878851 0.5601296 0.3947782 0.5576649 15.61417 nan 0 0.0 0.003562362446995673 3.9000198155651726 0.0
-0.005237411 -0.01768488 2.155328 -1.808326 2.635106 1.201691 -0.4050374 20.33343 nan 0 0.0 0.018444117072858788 2.8134465891251605 0.0
0.02348124 0.03919712 0.1827609 -0.856453 1.034311 1.123596 -0.2620454 20.32186 0.6166744 0 0.0 0.04569226245473078 0.8757358550258234 0.0
0.03047857 -0.02280791 2.239673 -0.6174384 1.264359 0.8710018 0.2802155 20.24471 0.7375965 0 0.0 0.03806762387926255 2.3232230467011896 0.0
0.0607667 0.006694583 1.709453 -2.544689 0.4478993 0.4156055 0.2636268 19.36367 0.7378941 1 0.9993716 0.061134354257110536 3.065562210415897 0.0
-0.02456829 -0.001094376 0.1790832 -0.7400332 0.8452709 0.8025874 0.3728025 19.2956 nan 0 0.0 0.02459265199919431 0.7613934131738204 0.0
-0.004704781 0.00332272 -0.1415581 6.58429 0.9267246 1.081407 0.5076441 18.32419 nan 0 0.0 0.005759811842097014 6.585811529323901 0.0
0.01200747 0.03819896 0.670696 0.04561533 1.47778 1.656552 -0.1921724 20.55511 0.7700844 0 0.0 0.04004172674701354 0.6722454036637282 0.0
0.006910271 0.000854289 4.526099 -0.8300763 0.335132 0.3389747 0.2258914 16.56271 nan 0 0.0 0.006962876918987007 4.60158655483331 0.0
0.01840049 -0.004917188 2.240875 -0.1086021 1.078296 1.21578 0.3261927 19.70768 0.7060738 0 0.0 0.019046174683317485 2.2435051107027615 0.0
-0.004424106 0.004051359 -0.013024 -3.142185 0.2118412 0.2108712 0.2685818 14.42372 1.185158 0 0.0 0.005998851860657754 3.1422119913845723 0.0
0.01111622 0.02143363 2.045084 -2.04126 0.3838592 0.349446 0.305172 18.57994 0.8836956 0 0.0 0.02414478912861531 2.8894828178509733 0.0
-0.01134789 -0.009415894 11.75995 -9.154552 2.466763 2.345337 -0.008426765 19.77599 nan 0 0.0 0.014745632142140804 14.903095192717652 0.0
0.02114193 0.03558972 2.440524 -1.583674 0.4578123 0.4204733 0.1428892 19.42334 0.7505589 1 0.9990175 0.04139576516750596 2.9093265084641153 0.0
-0.007851749 0.00273476 4.537205 -2.932693 0.7711147 0.6866126 -0.4324252 18.17039 nan 0 0.0 0.008314377584437755 5.402491781046409 0.0
-0.01621958 0.007275535 1.568665 -1.727986 0.1151746 0.1146846 0.3306593 16.89555 0.943552 0 0.0 0.01777661905179455 2.3338049400969654 0.0
-0.006024758 0.03921884 -1.771284 -3.30061 3.722411 1.478761 -0.2631125 20.63431 0.5082798 0 0.0 0.03967890018516345 3.745860833073754 0.0
0.0411399 -0.008485685 5.241548 -0.4531148 1.005261 0.858767 0.468771 19.68739 0.9101562 0 0.0 0.042005930794701184 5.261096697294494 0.0
0.01513723 0.002580068 -7.432983 -5.503247 1.556389 1.963877 0.03406869 19.57605 nan 0 0.0 0.015355535905904555 9.24851143813414 0.0
0.04372973 0.01192783 2.858265 -4.528431 1.219208 1.027074 -0.1646859 20.34274 0.4046974 0 0.0 0.0453272811271733 5.355031851631323 0.0
-0.002706845 0.0354274 7.60948 -0.3063102 3.377181 1.660506 0.1132175 20.71159 0.6314716 0 0.0 0.03553065831945737 7.615642573612816 0.0
0.05283032 0.004657413 1.687691 -2.35935 0.3693672 0.2996462 0.4463334 18.48723 0.920063 1 0.9997331 0.05303521666925637 2.9008332137475605 0.0
0.009363841 -0.01376032 1.035936 -2.327744 0.1196083 0.1186549 0.2013241 16.62073 0.7844181 0 0.0 0.016644155874530886 2.547853120890606 0.0
0.01455593 0.001992822 0.2599237 -2.819568 0.5462647 0.5710233 0.06994864 19.03942 0.5145168 0 0.0 0.014691713231906755 2.831523271393984 0.0
-0.004968395 0.005477992 -3.183209 -3.20229 0.803873 1.072663 0.2783319 19.02822 nan 0 0.0 0.007395494927865815 4.515249802810582 0.0
-0.005634622 0.02234649 1.786822 -2.359671 0.06344584 0.0634113 0.2513973 15.54152 1.148577 0 0.0 0.023045923292482427 2.9598614980983484 0.0
0.03447868 -0.01239324 1.742761 -1.996184 0.7741966 0.60126 0.578287 19.47022 0.6258869 0 0.0 0.03663839205314556 2.64989933110241 0.0
0.007445954 0.002566991 1.553383 -2.163363 0.1057752 0.1121429 0.2179872 16.53375 0.8737516 0 0.0 0.007876018903240203 2.6632946165338147 0.0
-0.006459681 -0.005668768 0.007823733 -4.386305 0.1827431 0.1790843 0.2568818 16.67623 0.3931465 0 0.0 0.008594324246826216 4.386311977484394 0.0
-0.005766461 0.0005149631 -0.7834622 -3.020426 0.3238201 0.352965 0.2590225 16.88669 0.8366232 0 0.0 0.005789409249559285 3.120382386872615 0.0
-0.005412435 0.005687742 -4.158501 -3.750266 1.043505 1.037623 0.1555764 18.80104 nan 0 0.0 0.007851424182133393 5.599787999358279 0.0
0.01995826 -0.05732425 0.8494342 -1.596212 0.812503 0.6476895 0.4453683 19.82747 0.6125679 0 0.0 0.06069927330940709 1.808156854112397 0.0
0.03047796 -0.03778823 -4.755188 -2.526544 2.856756 1.405644 -0.2887037 20.59821 0.5723763 0 0.0 0.04854746514798172 5.3847226018876775 0.0
0.005209389 0.008209284 0.2569563 1.709467 0.9166869 0.916434 0.1235098 19.00951 nan 0 0.0 0.009722657946568777 1.7286711555986265 0.0
0.01523331 -0.007952348 0.9840731 -2.997883 1.771796 1.190409 0.6593285 19.84712 nan 0 0.0 0.0171841081313289 3.1552658125477495 0.0
0.01874231 -0.004501545 1.027118 -3.526586 0.6119274 0.6546702 0.3832106 19.57337 0.4004726 0 0.0 0.019275323383101128 3.6731158709357374 0.0
-0.009530138 0.01351854 -23.01492 -24.00173 2.795251 1.870845 0.8197981 19.96335 nan 0 0.0 0.016540086276396627 33.25311392335009 0.0
0.03972728 -0.002502801 1.521643 -2.072478 0.08157421 0.07671102 0.2469464 16.30024 1.109582 1 0.9999851 0.03980603960511521 2.571101413778344 0.0
0.0384695 -0.002501565 2.192336 -2.501637 0.619939 0.5901518 0.2863874 19.76734 0.7205086 0 0.0 0.03855074911981899 3.32633804906612 0.0
0.007817014 0.05245552 1.702174 -1.405794 1.096002 1.154438 -0.1681393 20.45943 0.347393 0 0.0 0.053034774312205726 2.207635181979124 0.0
0.009137653 -0.03242558 1.936612 -1.860464 0.5954443 0.4817132 0.3645219 19.49461 0.7697182 0 0.0 0.033688498641002235 2.6854780456819975 0.0
-0.001565311 -0.02442514 0.9098676 0.7941176 1.056883 0.6797269 0.3172022 19.87117 0.4757671 0 0.0 0.02447524591390904 1.2076762033589632 0.0
0.02331975 -0.0504024 3.282087 -0.1633821 1.842039 1.367756 -0.4817111 20.32094 nan 0 0.0 0.05553568821778029 3.2861510595481476 0.0
0.0007324451 0.03395501 0.1796326 3.01647 3.219274 1.304249 -0.294491 20.56263 nan 0 0.0 0.03396290888490876 3.021813881079171 0.0
0.02638126 0.06978154 1.494634 -1.27591 1.270383 1.176008 0.00702882 20.4843 0.5301075 0 0.0 0.07460183780550718 1.9651659273598248 0.0
-0.007134786 -0.01461816 6.709971 -2.150267 1.581825 1.05302 -0.4403601 19.8197 nan 0 0.0 0.016266400125762182 7.046088204963802 0.0
-0.09010077 0.09211509 6.31743 -0.4599906 0.8033155 0.839715 0.2162261 20.15164 1.684166 0 0.0 0.1288539427425525 6.334154494246913 0.0
0.0147781 0.00249628 5.082193 -6.44571 2.2405 2.534056 0.3076082 19.63736 nan 0 0.0 0.014987449864750174 8.208280154414139 0.0
-0.007633225 -0.01322589 2.405774 -0.6751677 0.8535943 0.6880722 0.1763387 19.8449 nan 0 0.0 0.015270569412851803 2.498719664588105 0.0
0.0008912797 0.02656594 1.84906 -1.780085 0.132361 0.1270007 0.2502363 16.48701 0.8515139 0 0.0 0.0265808868848884 2.566656480876434 0.0
0.005235419 -0.02554316 1.243542 -3.454793 0.9823854 0.6539137 0.5391524 19.62992 nan 0 0.0 0.026074175632053276 3.671783133385331 0.0
0.0003988682 0.0009693278 2.742523 -3.303106 0.3473852 0.3824178 0.05177477 15.50712 0.9125662 0 0.0 0.0010481852054022133 4.293243721565897 0.0
0.02869636 0.02121122 4.25778 -2.711778 1.515478 1.405115 -0.4929962 20.35964 0.5314713 0 0.0 0.03568468762842124 5.048012524715445 0.0
-0.02455591 0.03176544 1.625431 -2.167054 0.1257375 0.1299576 0.1074684 17.31356 0.9916267 1 0.9999721 0.0401501668031616 2.708901802331897 0.0
0.02060609 0.03134425 2.12205 -2.659925 0.9328199 0.8618983 -0.02739689 20.12691 0.630331 0 0.0 0.03751097110380641 3.4026897020041367 0.0
0.03118671 0.01490365 1.746869 -3.633486 1.378044 1.287293 -0.4891454 20.23005 0.3932095 0 0.0 0.03456486169430741 4.031596683121589 0.0
0.002177876 -0.02071347 0.8851014 -1.364637 1.078075 0.8517425 0.306004 20.04865 nan 0 0.0 0.020827649490815715 1.6265419238528591 0.0
-0.01382227 -0.001432515 -1.311551 -3.220386 0.3824262 0.4431277 0.2524272 18.44382 0.5138931 0 0.0 0.01389630336377718 3.477219005843175 0.0
0.01498678 -0.05587629 0.7093594 -1.786164 0.5476413 0.4680254 0.2877824 19.3706 0.7119789 0 0.0 0.05785121743690879 1.9218669551413698 0.0
-0.01140834 -0.003480242 4.967434 0.3783557 2.90285 1.962148 -0.02833094 19.81938 nan 0 0.0 0.011927376322316822 4.981822315185327 0.0
0.006875825 0.02824001 1.885568 -2.040944 0.1425219 0.1366617 0.2412394 17.31935 1.005688 1 0.9999434 0.02906501564132944 2.7786361931278445 0.0
0.002064755 -0.02103008 1.49488 -2.234308 0.9194238 0.7163174 0.3328677 19.8228 0.6177902 0 0.0 0.02113119679564849 2.6882705320082647 0.0
-0.01318623 -0.0163821 4.485155 0.4868584 1.29223 1.435863 0.104398 19.41491 0.5921936 0 0.0 0.021029737564289764 4.511501576601249 0.0
0.005485995 0.00942995 1.666254 -2.385884 0.1258725 0.1277544 0.232408 17.13617 nan 0 0.0 0.0109096332725956 2.9101279789679353 0.0
-0.02469416 0.01588858 1.195372 2.99392 1.351159 1.355742 0.5484139 19.45719 0.5245228 0 0.0 0.02936406839186287 3.2237355947385016 0.0
-0.01518423 0.009164218 -1.093883 0.9903393 1.312348 1.829725 0.4765996 20.18222 nan 0 0.0 0.017735380803479354 1.475585289576136 0.0
-0.001202653 -0.006290057 2.670954 -1.717213 0.1562509 0.1549838 0.256326 16.73302 0.6782999 0 0.0 0.006403998071646961 3.1753449824365543 0.0
-0.01915835 0.02152975 4.718212 0.4366559 1.138521 1.142326 0.5072232 20.27059 0.3196659 0 0.0 0.02881965492133797 4.738374494692121 0.0
0.01635639 0.00354089 5.738726 -4.615937 1.316158 1.203741 -0.305348 19.59908 0.6370888 0 0.0 0.016735273999077517 7.364770905537048 0.0
-0.00144899 0.006416691 1.320952 -0.3535045 0.1900267 0.1769897 0.2245021 16.46259 0.6719828 0 0.0 0.006578259299357316 1.367435416326581 0.0
-0.006700575 -0.02234285 6.374112 -9.34162 1.771765 1.272868 0.3072097 19.72182 0.5843296 0 0.0 0.023325965177310993 11.309074586938758 0.0
0.00330258 -0.01852391 -2.576122 -5.742311 2.726956 1.210938 -0.1036589 20.25076 nan 0 0.0 0.018816011169865414 6.293690505546407 0.0
-0.0003410962 0.00447122 2.709463 7.575386 0.8113467 1.199135 -0.332546 18.42788 nan 0 0.0 0.004484211737424365 8.04535038375365 0.0
