jas1101finalproject/data/gcs/NGC_6139.ecsv
# %ECSV 0.9
# ---
# datatype:
# - {name: x, unit: deg, datatype: float64}
# - {name: y, unit: deg, datatype: float64}
# - {name: pmx, unit: mas / yr, datatype: float64}
# - {name: pmy, unit: mas / yr, datatype: float64}
# - {name: pmx_e, unit: mas / yr, datatype: float64}
# - {name: pmy_e, unit: mas / yr, datatype: float64}
# - {name: pm_corr, datatype: float64}
# - {name: g_mag, unit: mag, datatype: float64}
# - {name: bp_rp, unit: mag, datatype: float64}
# - {name: filter, datatype: int64}
# - {name: memberprob, datatype: float64}
# - {name: r, unit: deg, datatype: float64}
# - {name: pm, unit: mas / yr, datatype: float64}
# - {name: member_prob_GMM, datatype: float64}
# meta: !!omap
# - comments: [deg deg mas/yr mas/yr mas/yr mas/yr dimless mag   mag   zeroone float]
# - __serialized_columns__:
#     bp_rp:
#       __class__: astropy.units.quantity.Quantity
#       unit: &id001 !astropy.units.Unit {unit: mag}
#       value: !astropy.table.SerializedColumn {name: bp_rp}
#     g_mag:
#       __class__: astropy.units.quantity.Quantity
#       unit: *id001
#       value: !astropy.table.SerializedColumn {name: g_mag}
#     pm:
#       __class__: astropy.units.quantity.Quantity
#       unit: !astropy.units.Unit {unit: mas / yr}
#       value: !astropy.table.SerializedColumn {name: pm}
#     pmx:
#       __class__: astropy.units.quantity.Quantity
#       unit: !astropy.units.Unit {unit: mas / yr}
#       value: !astropy.table.SerializedColumn {name: pmx}
#     pmx_e:
#       __class__: astropy.units.quantity.Quantity
#       unit: !astropy.units.Unit {unit: mas / yr}
#       value: !astropy.table.SerializedColumn {name: pmx_e}
#     pmy:
#       __class__: astropy.units.quantity.Quantity
#       unit: !astropy.units.Unit {unit: mas / yr}
#       value: !astropy.table.SerializedColumn {name: pmy}
#     pmy_e:
#       __class__: astropy.units.quantity.Quantity
#       unit: !astropy.units.Unit {unit: mas / yr}
#       value: !astropy.table.SerializedColumn {name: pmy_e}
#     r:
#       __class__: astropy.units.quantity.Quantity
#       unit: &id002 !astropy.units.Unit {unit: deg}
#       value: !astropy.table.SerializedColumn {name: r}
#     x:
#       __class__: astropy.units.quantity.Quantity
#       unit: *id002
#       value: !astropy.table.SerializedColumn {name: x}
#     y:
#       __class__: astropy.units.quantity.Quantity
#       unit: *id002
#       value: !astropy.table.SerializedColumn {name: y}
# schema: astropy-2.0
x y pmx pmy pmx_e pmy_e pm_corr g_mag bp_rp filter memberprob r pm member_prob_GMM
[from data line 4403]
0.02317377 -0.03324462 -6.744876 -2.673089 3.548325 2.164648 0.5698672 20.64162 1.493097 0 0.0 0.040524417021806744 7.255257201319399 0.0
-0.111584 0.03476785 -6.174556 -4.159255 2.688018 1.978185 -0.3511762 20.43277 1.142336 1 0.094927 0.11687511475768698 7.444766212055352 0.0
-0.06663858 -0.04441862 -18.49155 -11.04035 1.632648 1.248857 -0.315257 19.48388 1.513796 0 0.0 0.0800856675511967 21.536637377385542 0.0
-0.06378706 0.07359931 -5.419384 -3.538446 1.391661 0.8533163 0.2160953 19.62167 1.578466 0 0.0 0.09739428862063576 6.472273405409571 0.0
0.06540543 -0.1054183 -7.723001 -4.547037 2.507946 1.957266 -0.1354728 20.46945 1.632311 0 0.0 0.12406001873438074 8.962158775951808 0.0
0.003421147 -0.01662411 -5.566578 -5.453061 1.292542 0.6795124 0.5176978 19.23836 1.571011 0 0.0 0.016972485972529452 7.79247488926368 0.0
-0.02923199 -0.0928362 -0.07807701 -5.013734 2.056954 1.121194 -0.0197497 19.54798 1.819986 1 0.002538729 0.09732969366950714 5.014341895228779 0.0
0.1061059 0.04555275 -4.678537 -7.703433 1.010044 0.595962 0.4425062 19.30238 1.418024 0 0.0 0.115470840680115 9.012856841526887 0.0
-0.03958248 -0.02642355 -6.68036 4.383887 0.839294 0.6529696 -0.2805208 18.951 1.883509 1 0.0 0.04759177153198754 7.990348863370673 0.0
0.003242915 -0.01699794 -9.273721 -4.612239 2.792486 2.016982 0.4498122 20.15759 nan 0 0.0 0.017304521430563314 10.357347622773023 0.0
0.06390494 -0.005838062 -2.767194 -5.291177 2.711251 1.606739 0.08757139 20.2629 1.402109 0 0.0 0.06417105519094604 5.971090074598189 0.0
0.02534345 -0.04452542 -1.347345 -0.09676031 2.867821 1.523008 0.5440594 20.36612 1.406507 0 0.0 0.051232835994886136 1.350814978676316 0.0
-0.06532067 -0.09561824 0.9728901 -1.462218 1.733224 0.9823531 0.1033115 19.86073 1.764662 0 0.0 0.11579999028474268 1.7563019746621051 0.0
-0.1034162 -0.03039017 0.98963 -2.800492 3.307345 2.72185 -0.4144477 20.41496 1.054203 0 0.0 0.10778902010441 2.970205881578582 0.0
-0.08603011 0.002599625 -5.3607 -5.062755 2.014664 1.346411 0.434774 20.30024 1.274342 0 0.0 0.08606937827562557 7.373506132093809 0.0
-0.03403493 -0.07577903 -4.943402 -5.588211 2.779037 2.388651 -0.3249715 20.51742 1.639513 1 0.1430881 0.08307128172747667 7.460919883910093 0.0
-0.08710382 0.0545736 2.321907 -3.997163 0.3971022 0.2780671 0.1138214 18.2126 1.933815 1 0.0 0.10278790432513156 4.622614429651039 0.0
0.1088689 0.04047884 -8.239319 -9.085236 4.169283 2.519276 0.1156175 20.68738 nan 0 0.0 0.1161506516337967 12.264904841027386 0.0
0.01101693 0.008204988 -3.127458 -3.841125 1.16558 0.7351673 0.06645933 19.13107 1.588108 0 0.0 0.013736614382919976 4.953305442569537 0.0
-0.1144796 -0.05717488 -10.38749 -1.111731 2.369543 1.257551 0.2829719 19.93515 1.695658 0 0.0 0.12796306388631995 10.44681263910007 0.0
-0.06091001 0.0756961 -4.822832 -3.651897 2.793651 1.506157 0.4149909 20.39902 1.286453 0 0.0 0.09715929638181876 6.049467761616141 0.0
-0.05161883 -0.05554885 -1.891581 -3.553522 2.680402 1.800308 0.02790027 19.6686 1.870119 0 0.0 0.0758299304159736 4.025617627649825 0.0
0.00514084 -0.05870412 -1.887905 -2.599395 2.167047 1.482287 0.5274159 20.1567 1.333858 0 0.0 0.058928787030448876 3.2126374920071514 0.0
-0.04328721 0.08827078 -3.746871 -3.571634 2.49582 1.841678 0.4750965 20.01264 1.940411 0 0.0 0.0983133416754435 5.176447789806925 0.0
0.1283878 0.03094389 -6.5549 -1.015061 1.598983 1.041485 0.5257384 20.04077 1.669214 1 0.09757418 0.1320641946826319 6.633028180531197 0.0
-0.004338096 -0.0006367595 -5.729088 -6.43349 2.170357 2.54143 0.720386 18.3851 nan 0 0.0 0.004384579747941215 8.614652801584286 0.0
-0.04686094 0.07653833 -7.198102 -4.794964 0.2157683 0.1582736 0.2035784 16.92129 2.183012 1 0.0 0.08974443524181597 8.648950928505721 0.0
0.006720182 -0.05754459 -6.565956 -3.692349 1.172399 0.7566983 0.2758927 19.55099 1.536289 0 0.0 0.05793565986835072 7.53294227587979 0.0
-0.01099204 -0.006432002 -5.750724 -2.345001 0.1410221 0.1033589 0.05786335 15.92181 2.076446 1 0.9556664 0.012735603365746124 6.210463446006022 0.0
-0.1147315 0.02539775 -7.77793 -2.438084 3.17155 2.196922 0.1039356 20.15775 1.850817 0 0.0 0.11750899028292473 8.151101071386368 0.0
0.1012181 -0.02160938 -8.458273 -9.54832 4.418081 2.595266 0.2439834 20.58861 2.009943 0 0.0 0.10349912594604073 12.755892636931724 0.0
-0.02337372 -0.07876545 -5.263471 -0.8828228 1.676192 1.078474 0.4881352 19.94708 nan 0 0.0 0.08216037305380801 5.336993822747113 0.0
-0.007379404 -0.1235236 -0.008151482 -11.54433 2.159526 1.641103 -0.1532066 20.01078 1.770626 0 0.0 0.12374382958497451 11.54433287789116 0.0
-0.04674874 0.01433596 -6.185154 -2.380963 0.5316631 0.3741659 0.2036656 18.29018 1.86537 1 0.9517911 0.048897489104341545 6.627602493442481 0.0
0.08366248 -0.08945385 -0.6978751 0.04592254 0.8859544 0.5338533 0.1443356 19.02245 1.889654 1 0.0 0.12248020999154476 0.699384397080791 0.0
0.07750316 -0.05632386 -1.227626 -2.48438 0.5846904 0.4512967 0.128907 18.84414 1.789913 1 0.0 0.09580770853791046 2.7711386793655777 0.0
-0.08747754 -0.01870724 -1.853586 -0.8654365 0.2185707 0.1548606 0.1052749 17.00758 1.712978 1 0.0 0.08945546843468655 2.0456689358076128 0.0
-0.08087778 -0.07612971 -0.7559477 -4.233137 2.57972 1.479094 0.1816471 20.43266 1.671045 1 0.012115 0.11107181479751063 4.300105322652492 0.0
-0.06279223 -0.04263365 -8.188404 -3.528363 0.5097483 0.3691465 0.2830093 18.21734 1.939819 0 0.0 0.07589790682683813 8.916238305865598 0.0
-0.03913136 -0.004294241 -3.098961 -1.707478 1.557695 0.9956109 0.398843 19.59284 nan 0 0.0 0.03936627797005555 3.5382256004959607 0.0
-0.1029844 -0.05787446 3.268972 -5.681757 3.496542 2.598406 -0.1131764 20.5383 1.692099 0 0.0 0.11813229771595743 6.555039324354431 0.0
-0.06973097 -0.03979054 -0.2778415 0.7027779 1.519563 1.159725 -0.2106407 19.61928 1.604023 0 0.0 0.08028508734897472 0.7557067393180108 0.0
0.1097247 0.01713156 -2.431438 -7.264117 2.207942 1.48133 0.5029261 20.20596 2.094851 0 0.0 0.11105404152089018 7.66024063182959 0.0
0.05898944 -0.01538201 -6.878207 -2.114135 0.9006482 0.5818012 0.3907558 19.12994 1.991497 0 0.0 0.06096195750756122 7.195783371744455 0.0
0.0083307 0.006565033 -6.442369 -7.507862 1.023829 0.7371707 0.09015043 17.63752 1.463263 0 0.0 0.010606612125513452 9.893033414641083 0.0
-0.06921449 -0.08223617 -1.66043 -6.557141 0.5253547 0.4188135 0.17153 17.71266 2.175711 0 0.0 0.10748689818870484 6.764105696896006 0.0
-0.05643527 -0.01645949 -5.267123 -5.217826 2.749915 1.727688 0.6029775 20.1968 1.763916 0 0.0 0.05878651640498015 7.4140604842019595 0.0
-0.03487185 0.0332179 -6.387224 -3.561151 0.5175422 0.3699361 0.2408996 18.56445 1.817118 1 0.7127733 0.04816092610023711 7.31289456172978 0.0
-0.0815105 0.0617633 -1.326619 -4.560645 2.393573 1.518477 0.4070238 20.31503 1.489788 0 0.0 0.10226762360170495 4.749673755868502 0.0
-0.07154992 0.06837724 -2.897437 -0.715129 0.8683001 0.5506641 0.2613756 19.05255 1.744984 1 0.0003297787 0.09896887390500106 2.984384468464142 0.0
-0.08494896 0.002856509 -3.500281 -3.003713 1.805897 1.094929 0.4123686 19.89278 1.646805 0 0.0 0.08499697317404122 4.612402721503186 0.0
-0.004194879 -0.01104706 -5.811996 -2.467071 0.2236994 0.1546625 0.1210253 15.97292 nan 0 0.0 0.011816706159850171 6.31393196218149 0.0
-0.128568 -0.02784483 -10.60598 -7.116877 1.789979 0.9054586 0.1611145 19.78198 1.452646 0 0.0 0.13154871790226197 12.772499755080405 0.0
0.1087128 0.03948726 -8.295867 -1.038893 3.203166 2.360876 -0.2618815 20.65791 1.097198 0 0.0 0.1156620792919944 8.360664324510223 0.0
-0.02475718 -0.02614982 -5.751821 -2.562352 0.6716887 0.4764892 0.2182425 18.90162 nan 0 0.0 0.03601015200724374 6.296752543013342 0.0
0.01122043 -0.057816 -1.00059 -0.491557 0.6155978 0.4635213 0.1007883 18.76262 1.711761 0 0.0 0.058894718824228205 1.114813272413367 0.0
-0.07242801 -0.02721236 -8.252945 -4.318943 1.777993 1.129528 0.3060689 19.94535 1.764103 0 0.0 0.07737137176843706 9.314739384989469 0.0
0.0341927 -0.0169069 -0.7352334 -5.741144 1.196701 0.7820639 0.2795569 19.6377 2.021608 0 0.0 0.03814425252774001 5.78803097617934 0.0
-0.08935824 -0.06308597 -4.970832 -6.907228 0.1716829 0.1192965 0.07645696 16.35281 2.130409 1 0.0 0.10938342958025453 8.509933572960955 0.0
-0.07284394 -0.02706401 -1.986006 -1.060561 2.910114 2.817945 -0.4320732 20.4071 nan 0 0.0 0.07770907432213885 2.2514460834665795 0.0
0.01005412 0.007426932 -3.960448 -0.5580796 0.3733428 0.2588569 0.2307595 16.86806 1.971341 0 0.0 0.012499785914447654 3.9995751275154414 0.0
0.01214297 -0.009628905 -5.319497 -2.121571 0.2400658 0.1737532 0.2291741 17.08351 1.789641 0 0.0 0.015497339511023335 5.726963579511398 0.0
-0.1067503 -0.05660972 -1.668011 -3.257164 0.6378558 0.4363436 0.1185247 18.8236 1.774628 1 0.0 0.12083164713173615 3.6594231811881226 0.0
-0.02461802 -0.01633455 -6.214785 -2.6696 0.1110504 0.08288544 0.006372868 15.12205 2.317982 1 0.9963713 0.029544279182659037 6.763898044487735 0.0
-0.01661674 -0.03928526 -4.441289 -1.829666 3.169727 2.295373 0.002074122 20.53619 1.565578 0 0.0 0.042654984485933176 4.803407712559595 0.0
0.01124637 -0.1188435 -10.47882 -5.78525 2.769391 2.576983 -0.1315706 20.27508 nan 0 0.0 0.11937444588531877 11.969744615274797 0.0
0.02709958 -0.1107568 -1.359854 -2.458779 2.610766 2.140044 -0.1145369 20.29588 1.470179 0 0.0 0.11402392723641999 2.809768152740898 0.0
-0.07760147 -0.02171321 -0.9832528 -2.023985 0.3977337 0.2733673 0.0478349 17.88709 1.664743 1 0.0 0.08058195601165934 2.2501780704941643 0.0
-0.007054017 -0.05533973 -1.346623 -3.141013 1.803779 1.145696 0.2778547 20.00427 1.542557 0 0.0 0.055787497455157355 3.4175073036202863 0.0
0.01217852 -0.01020493 -5.110772 -4.799605 0.8084938 0.5687406 0.2961673 17.22612 nan 0 0.0 0.015888893784505576 7.011148165030389 0.0
0.004717483 0.003155025 -11.02419 -6.513913 0.8088349 0.7089987 0.2527031 18.19237 nan 0 0.0 0.005675282249008766 12.804836107021012 0.0
-0.008639631 -0.003444769 -4.925249 -4.742706 1.081589 0.9124285 -0.02959293 18.40161 nan 0 0.0 0.00930105678294257 6.83749500288205 0.0
0.112756 0.03232077 -6.640257 -5.351645 1.627414 1.105075 0.330677 20.0006 1.683205 1 0.02596521 0.11729683588824082 8.528371311808252 0.0
-0.01222788 -0.006157545 -0.3850709 2.353161 0.772247 0.5358649 0.1367672 18.19549 1.810213 0 0.0 0.013690741752053648 2.38445932864199 0.0
0.06805063 -0.007295308 -5.742176 -3.931832 1.008089 0.6841898 0.2708801 19.56633 1.581331 0 0.0 0.06844055641366284 6.959302270429127 0.0
-0.097665 0.08955975 -2.932051 -3.74864 0.1893308 0.1388508 0.003804084 16.93058 2.10974 1 0.0 0.1325118902025871 4.759120182996117 0.0
-0.09855899 0.03048409 -5.371968 -4.564213 1.163263 0.8223138 -0.1516839 19.10459 1.718966 0 0.0 0.10316566411819487 7.0491191295361855 0.0
0.09623604 -0.05111298 -5.044525 -4.53604 0.3931678 0.2925889 0.1421083 18.18519 1.675083 1 0.0 0.10896748193549302 6.78401734647141 0.0
0.08693589 0.02510907 -5.785526 -6.21419 0.2735622 0.1952462 0.2390877 17.28284 1.618851 1 0.0 0.0904893052595554 8.490492827437993 0.0
-0.02881357 -0.0418183 -2.825167 -0.5555247 3.919664 2.797675 -0.01088732 20.61312 1.525568 0 0.0 0.050783777242687456 2.8792666202002013 0.0
0.005971824 -0.06097775 -6.163327 -4.591236 0.6922139 0.535817 0.0962014 18.79246 1.621216 0 0.0 0.06126947589909249 7.685443885464586 0.0
-0.03224593 -0.0418503 -14.81944 -4.80668 2.523737 1.614456 0.6137743 20.21136 1.851555 0 0.0 0.052832259195068496 15.579472858091188 0.0
0.02040242 -0.00483572 -5.380641 -6.506169 1.484883 0.8670242 0.2274652 19.52016 1.432386 0 0.0 0.020967663908380448 8.442839133102206 0.0
-0.07253467 -0.03909525 -7.441713 -3.013125 1.344119 0.8506999 0.3394339 19.64888 1.638882 0 0.0 0.08239973861955753 8.028574882256128 0.0
-0.006709709 -0.05478275 -7.991221 -2.599601 1.140252 0.7312551 0.2777654 19.59283 1.538944 0 0.0 0.05519211802809511 8.403424208621269 0.0
0.05172068 -0.06087043 -6.13121 -5.578985 2.476318 1.73424 0.299268 20.58641 1.523033 0 0.0 0.0798763919318299 8.289560283532836 0.0
-0.06907228 -0.05760072 -2.771827 -1.663292 0.8043632 0.567036 0.01069893 18.84864 1.899017 0 0.0 0.0899378830577905 3.232578722195795 0.0
0.1114599 0.02457134 -6.841623 -9.824338 0.3129954 0.2367637 0.2218155 17.95033 1.636099 1 0.0 0.11413614702365592 11.971859605440292 0.0
-0.1139136 -0.01763841 0.7748119 -5.221548 1.809304 0.9562488 0.2162458 19.68389 1.58354 1 7.236462e-06 0.115271079513849 5.278721151631863 0.0
-0.0490065 0.0307262 -5.840275 -3.566103 2.725322 2.112212 -0.2439723 20.48016 1.254158 0 0.0 0.057842340968273405 6.842945468307781 0.0
0.1290995 0.03008048 -0.8702226 -3.307683 0.7902621 0.514385 0.3373479 19.10027 1.871967 1 0.0 0.1325575956981734 3.420241833853238 0.0
-0.0436673 -0.02913819 -2.160299 -1.394516 0.1849434 0.131112 0.1531389 16.22266 2.458558 1 0.0 0.05249635421404138 2.5712966852654326 0.0
0.08410542 -0.0762479 2.54708 -0.8090345 3.020163 3.128037 -0.3654428 20.38179 nan 0 0.0 0.11352296652125683 2.672480748029862 0.0
-0.04536738 -0.008326266 -5.469296 -2.712139 0.3881068 0.2783049 0.1983105 18.00495 1.266205 0 0.0 0.046125111095445134 6.104825688824948 0.0
0.04368718 -0.1107116 -4.746486 1.246076 2.428246 2.070311 -0.2963348 20.51115 nan 0 0.0 0.11901944408756243 4.907324601651291 0.0
-0.06662848 -0.05518368 -6.450469 -4.983597 1.96698 1.074177 0.2110267 19.894 1.747301 0 0.0 0.08651354163050315 8.151367331826606 0.0
0.0121549 -0.009350434 -0.7997857 -1.605633 0.6485569 0.5330013 0.272141 18.62281 nan 0 0.0 0.015335325558929486 1.7937989008284878 0.0
-0.02461398 0.006309493 -5.486734 -3.599893 1.322142 0.8733894 0.3877656 19.3642 1.919256 0 0.0 0.025409795618175465 6.562277013217668 0.0
0.120937 -0.0507845 -7.128611 -2.120161 0.6078825 0.4186083 0.08697856 18.97597 1.517639 1 0.3113167 0.13116715827237396 7.4372157058432835 0.0
-0.01426535 -0.03782754 -1.213436 -2.670997 3.719993 3.055989 -0.3207723 20.64294 1.607916 0 0.0 0.040427997638692176 2.933709580054747 0.0
0.06685253 -0.1060185 2.868529 0.8604866 4.715875 2.590493 0.1708151 20.74252 1.572836 0 0.0 0.12533628010137726 2.9948114819835587 0.0
-0.0676302 0.04929233 -5.134605 -6.036096 0.5497581 0.3861064 0.1957864 18.68631 2.11297 1 0.0 0.08368738106111877 7.924558248081781 0.0
0.0007836347 -0.01104694 -5.12797 -3.599263 1.057448 0.7417543 0.0815745 17.47396 1.480703 0 0.0 0.011074699395768902 6.265043532495924 0.0
0.08474115 -0.001034237 -5.170872 -3.680757 1.194862 0.7192465 0.3723497 19.45889 1.996868 0 0.0 0.08474746102093365 6.34711661571087 0.0
0.04810014 -0.02446805 -3.8043 -1.66208 2.357184 1.648559 0.4849652 20.22864 1.612314 0 0.0 0.05396581268564479 4.151530852155624 0.0
0.08068918 -0.03215366 -5.989887 -4.312439 2.284995 1.716026 -0.08965881 20.40717 1.708532 0 0.0 0.0868596662465842 7.3807774930213155 0.0
-0.06515475 -0.03069577 -3.188834 -1.317647 2.007418 1.399418 0.3387907 20.28612 1.274784 0 0.0 0.07202341107900541 3.450341417333218 0.0
-0.04518269 0.03767529 -2.645986 -10.13926 1.666809 1.049137 0.3483563 19.68706 1.678459 0 0.0 0.058829439502856046 10.478827952581147 0.0
-0.02014378 0.0009436203 -5.793662 -4.362636 2.225442 1.514374 0.5879346 20.06001 1.473671 0 0.0 0.020165869481849077 7.252524542443135 0.0
0.09691128 -0.05231553 -2.209901 -5.848902 2.258675 1.830451 -0.2469508 20.55316 1.439337 0 0.0 0.11013042663323928 6.252464876782995 0.0
0.08385121 -0.05026188 -2.069945 -4.428264 1.249225 0.7776544 0.3541147 19.70864 1.944328 1 3.369925e-05 0.09776135227991938 4.888168814261738 0.0
0.06285272 -0.0669257 -5.369743 -5.382677 0.923769 0.5812234 0.2742925 19.32346 1.700758 1 3.156403e-05 0.09181238332539027 7.603114596820042 0.0
-0.015493 -0.01820881 -8.727031 -1.459807 1.286246 1.00768 -0.3392043 18.97348 nan 0 0.0 0.023908028162441586 8.848282689438104 0.0
-0.02635486 -0.04240481 0.8896388 1.212457 0.7306824 0.5010798 0.2594835 18.96629 1.728115 0 0.0 0.04992741287865515 1.5038314969817728 0.0
