jas1101finalproject/data/gcs/NGC_6440.ecsv
# %ECSV 0.9
# ---
# datatype:
# - {name: x, unit: deg, datatype: float64}
# - {name: y, unit: deg, datatype: float64}
# - {name: pmx, unit: mas / yr, datatype: float64}
# - {name: pmy, unit: mas / yr, datatype: float64}
# - {name: pmx_e, unit: mas / yr, datatype: float64}
# - {name: pmy_e, unit: mas / yr, datatype: float64}
# - {name: pm_corr, datatype: float64}
# - {name: g_mag, unit: mag, datatype: float64}
# - {name: bp_rp, unit: mag, datatype: float64}
# - {name: filter, datatype: int64}
# - {name: memberprob, datatype: float64}
# - {name: r, unit: deg, datatype: float64}
# - {name: pm, unit: mas / yr, datatype: float64}
# - {name: member_prob_GMM, datatype: float64}
# - {name: member_prob_DB, datatype: float64}
# meta: !!omap
# - comments: [deg deg mas/yr mas/yr mas/yr mas/yr dimless mag   mag   zeroone float]
# - __serialized_columns__:
#     bp_rp:
#       __class__: astropy.units.quantity.Quantity
#       unit: &id001 !astropy.units.Unit {unit: mag}
#       value: !astropy.table.SerializedColumn {name: bp_rp}
#     g_mag:
#       __class__: astropy.units.quantity.Quantity
#       unit: *id001
#       value: !astropy.table.SerializedColumn {name: g_mag}
#     pm:
#       __class__: astropy.units.quantity.Quantity
#       unit: !astropy.units.Unit {unit: mas / yr}
#       value: !astropy.table.SerializedColumn {name: pm}
#     pmx:
#       __class__: astropy.units.quantity.Quantity
#       unit: !astropy.units.Unit {unit: mas / yr}
#       value: !astropy.table.SerializedColumn {name: pmx}
#     pmx_e:
#       __class__: astropy.units.quantity.Quantity
#       unit: !astropy.units.Unit {unit: mas / yr}
#       value: !astropy.table.SerializedColumn {name: pmx_e}
#     pmy:
#       __class__: astropy.units.quantity.Quantity
#       unit: !astropy.units.Unit {unit: mas / yr}
#       value: !astropy.table.SerializedColumn {name: pmy}
#     pmy_e:
#       __class__: astropy.units.quantity.Quantity
#       unit: !astropy.units.Unit {unit: mas / yr}
#       value: !astropy.table.SerializedColumn {name: pmy_e}
#     r:
#       __class__: astropy.units.quantity.Quantity
#       unit: &id002 !astropy.units.Unit {unit: deg}
#       value: !astropy.table.SerializedColumn {name: r}
#     x:
#       __class__: astropy.units.quantity.Quantity
#       unit: *id002
#       value: !astropy.table.SerializedColumn {name: x}
#     y:
#       __class__: astropy.units.quantity.Quantity
#       unit: *id002
#       value: !astropy.table.SerializedColumn {name: y}
# schema: astropy-2.0
x y pmx pmy pmx_e pmy_e pm_corr g_mag bp_rp filter memberprob r pm member_prob_GMM member_prob_DB
[from data line 1359]
-0.0777969 -0.00371856 -1.266914 -10.14746 1.623148 1.428651 0.4555232 20.00666 nan 0 0.0 0.07788571973143472 10.226241515581178 0.0 0.0
0.0400913 0.0493144 1.409277 -6.977236 2.387232 2.040369 0.7891353 20.11697 1.375675 0 0.0 0.06355487694150623 7.118137668128161 0.0 0.0
0.02015793 -0.05602075 -8.450207 -4.823133 0.3061181 0.2436663 0.1836328 15.13518 5.410842 0 0.0 0.059537102486159 9.72977955960658 0.0 0.0
-0.05666178 -0.06008867 1.343468 -5.401008 2.361954 1.949075 0.7289655 20.03135 1.811357 0 0.0 0.08259059011253825 5.5655901468836175 0.0 0.0
0.007435725 0.04906193 -9.893801 -6.800692 0.9611111 0.8341004 0.4831005 19.31847 2.350962 0 0.0 0.04962220250654463 12.005694894776603 0.0 0.0
0.01095297 0.006333306 0.6024887 -1.960117 0.4984298 0.460189 0.4059681 17.63747 2.337359 0 0.0 0.012652206001742779 2.0506221707854158 0.0 0.0
0.01587021 -0.03301191 -1.304617 1.263339 0.4661982 0.3585072 0.2507227 18.21237 2.079302 0 0.0 0.03662853760788437 1.8160536736589037 0.0 0.0
0.02076475 -0.009931664 -1.573383 -4.918634 0.3467038 0.3067141 0.5871486 17.72306 2.313135 0 0.0 0.023017662617463918 5.16415477020635 0.0 1.0
-0.00624251 -0.004471562 0.1914666 -2.260817 0.3244118 0.2743814 0.5677777 16.49848 2.505566 0 0.0 0.007678788825065058 2.268910083367025 0.0 0.0
0.03851687 0.04803879 -0.6758636 -0.4029265 2.580277 2.153129 0.7710843 20.3104 1.921776 0 0.0 0.061573327173874565 0.7868553680360896 0.0 0.0
-0.01168093 0.0284604 -2.227577 -4.610318 0.3561057 0.2792437 0.09994469 18.31685 2.380814 0 0.0 0.030764240504600467 5.120266726651357 0.0 1.0
-0.003352984 0.0001958101 -0.707888 -6.377132 1.05236 0.8996367 0.568479 16.20835 2.407495 0 0.0 0.0033586966667917494 6.416300956623528 0.0 0.0
0.005917884 0.02353024 -6.281552 -9.70509 0.3243074 0.2811109 0.3964761 17.81886 2.523216 0 0.0 0.024263007758624156 11.560565186737367 0.0 0.0
0.00620376 0.01660273 -1.572994 -3.648477 0.1507874 0.1176765 0.1057203 16.00544 2.735882 1 0.8796225 0.01772391834754663 3.9731215113012843 0.0 1.0
-0.07145932 -0.03546332 -0.7354865 -0.4548505 0.7641109 0.60505 -0.0632114 18.97194 2.02774 0 0.0 0.0797751933892034 0.8647712813411995 0.0 0.0
-0.05154826 0.04309686 25.23517 19.59743 1.277517 1.117703 0.2975093 20.01239 1.6012 0 0.0 0.06719049375385777 31.95110432416695 0.0 0.0
0.002456323 0.0800584 -1.33123 -6.537275 1.635761 1.471288 0.2241159 20.30754 1.854282 0 0.0 0.08009607314494468 6.671441953470404 0.0 0.0
-0.0751043 -0.01035671 -0.08949386 -5.153737 0.1406937 0.1115962 0.02383904 16.22021 2.255393 1 0.0 0.0758150204149158 5.154513965074369 0.0 0.0
-0.06456795 -0.02997856 0.3903414 -0.02597571 1.416322 1.24065 0.2960492 20.14714 nan 0 0.0 0.0711880202483262 0.39120473676064316 0.0 0.0
0.07081639 0.02111657 -1.600109 -4.746895 1.885037 1.635906 0.8272812 19.82164 2.079029 0 0.0 0.07389770376132807 5.009327395260366 0.0 0.0
0.07004814 0.03071852 -5.527583 -8.116372 3.008405 2.642801 0.6887579 20.54741 nan 0 0.0 0.07648770743361315 9.81986090860115 0.0 0.0
0.005630481 -0.01072955 -3.038574 -4.440731 0.3427442 0.2993212 0.5803116 17.38276 2.480556 0 0.0 0.01211715971231959 5.380801405723594 0.0 0.0
-0.04000516 0.005775381 -2.81032 -4.191048 0.511987 0.4054516 0.1996864 18.65399 2.132952 0 0.0 0.04041989426409674 5.046065976649929 0.0 1.0
-0.03469629 -0.06369468 -2.9017 -2.356647 0.3883985 0.2862292 0.2067681 18.22038 1.970636 0 0.0 0.07253168135419515 3.738134290339099 0.0 0.0
0.05325484 0.0443456 1.502058 -0.748935 2.509673 2.231476 0.7469245 20.26073 nan 0 0.0 0.06930086740283703 1.6784164767985923 0.0 0.0
-0.0008062134 -0.07409346 1.406327 0.8323235 2.708308 2.240356 0.5835582 20.22175 2.402578 0 0.0 0.0740978460875749 1.6341719736861389 0.0 0.0
-0.04818146 -0.01584866 -1.276334 -3.435929 2.388596 2.005835 0.7443596 20.0765 nan 0 0.0 0.05072113081869529 3.6653289855887423 0.0 0.0
0.01106578 -0.01644998 -1.26399 -3.660011 0.3628711 0.2908116 0.3743351 18.06363 2.468374 0 0.0 0.019825572602293232 3.872124899873582 0.0 1.0
0.07030101 0.02043016 -4.513864 -4.474337 0.9684087 0.8513993 0.7247667 19.10403 2.396957 0 0.0 0.07320944914862902 6.355679334269862 0.0 0.0
0.0430222 -0.01163571 -2.040414 -5.751336 1.797757 1.529649 0.7331149 19.70136 1.95636 0 0.0 0.044567919404478594 6.102553160464233 0.0 0.0
0.0009954293 -0.07154333 -4.296914 -6.984265 1.526372 1.206789 0.6615857 19.14974 nan 0 0.0 0.07155025469542509 8.200208992069715 0.0 0.0
-0.04401589 0.02349165 -3.650284 -10.02786 1.749326 1.554596 0.4965192 20.18039 nan 0 0.0 0.049892446244041794 10.671576709196069 0.0 0.0
-0.02394273 -0.06540735 -2.787652 -5.157537 2.117867 1.778801 0.8440033 19.61352 1.557571 0 0.0 0.06965181802275804 5.862694907589256 0.0 0.0
0.01724332 -0.03235593 -1.111873 -3.752218 1.446002 1.215448 0.7544822 19.49914 nan 0 0.0 0.03666385537265959 3.9134896815569857 0.0 1.0
0.02633586 -0.05483912 -2.394046 -6.015896 0.3480889 0.3088612 0.5706039 17.70109 2.488783 1 0.0 0.06083507708809121 6.474755665886705 0.0 0.0
-0.005698891 -0.005171538 -3.006079 -5.744684 0.6967902 0.6150033 0.3695496 18.18592 nan 0 0.0 0.007695593798747761 6.4836644896306135 0.0 0.0
0.004228318 -0.02247686 -1.532591 -4.067212 0.4923337 0.3778781 0.2782659 18.62725 2.207783 0 0.0 0.022871115157961232 4.346383396138104 0.0 1.0
0.02981169 0.02346834 -1.373323 -2.622455 0.6835675 0.4868465 0.2690835 18.8094 2.504061 0 0.0 0.03794074120271901 2.9602848324703483 0.0 1.0
-0.04334755 -0.01282789 -5.900186 -3.283053 1.628669 1.422929 0.4287101 20.2018 1.720167 0 0.0 0.04520580552157654 6.752083518100543 0.0 0.0
-0.07866452 0.01456866 -2.610085 -9.937171 0.5934681 0.5456805 -0.6594351 17.56998 nan 0 0.0 0.08000220347606683 10.274235309280492 0.0 0.0
0.009578082 -0.01785941 -1.217837 -4.965466 0.4910412 0.3767079 0.4188902 18.41564 2.344839 0 0.0 0.020265689732817484 5.112629417014791 0.0 1.0
-0.02907958 0.02824258 0.1538444 -7.997001 0.1493469 0.1180706 0.2034381 15.90403 3.089383 1 0.0 0.040537208809102776 7.998480674066316 0.0 0.0
-0.08229688 0.01159512 -3.911195 -4.145807 0.9786708 0.8451352 0.4813121 19.49457 1.721853 0 0.0 0.08310970620540539 5.6995755990489325 0.0 0.0
0.03308836 -0.04226909 -2.0527 -1.469351 0.4683176 0.375438 0.1285983 18.29528 2.410992 0 0.0 0.05367974978441777 2.5243949079335826 0.0 0.0
0.03333908 -0.07321586 -8.438538 -10.58072 0.6638389 0.520583 0.2660963 18.68592 2.559597 0 0.0 0.08044909204450973 13.5336823996961 0.0 0.0
0.006517282 -0.01258925 -0.3360423 -0.8825535 0.4694987 0.3999606 0.5581449 17.85095 nan 0 0.0 0.014176183556586166 0.9443649229781568 0.0 0.0
0.04206541 0.04681906 -0.1442932 -0.4635334 2.33042 1.999232 0.8274896 19.97355 2.177128 0 0.0 0.06294063153283179 0.48547269797775444 0.0 0.0
-0.05395011 0.03693912 -7.211132 1.035758 2.904661 2.587811 0.04193596 20.67826 nan 0 0.0 0.06538434793883395 7.285136879701575 0.0 0.0
-0.002494771 0.007478083 -1.46073 -4.417506 0.2150888 0.1771531 0.172996 16.24039 2.506879 0 0.0 0.007883248549762339 4.652750948947945 0.0 0.0
-0.03023649 -0.05518316 -7.174855 -6.125803 1.571662 1.263488 0.3654527 18.94913 1.930025 0 0.0 0.06292397377077913 9.43419348253119 0.0 0.0
-0.002608636 -0.02710024 -3.467239 -4.082523 0.4080356 0.3288068 0.3631666 17.94715 2.437174 0 0.0 0.027225502563554195 5.356187107322708 0.0 0.0
-0.0382933 0.02539862 -0.1745687 -2.6566 0.2860358 0.2477723 0.4529591 17.32903 nan 0 0.0 0.04595069882813971 2.662329391908464 0.0 1.0
-0.03519547 -0.006796691 -4.568081 -5.805739 1.621448 1.393863 0.611784 19.79886 nan 0 0.0 0.03584572662215652 7.387419668509567 0.0 1.0
0.009240168 0.07216363 -0.767585 -3.504923 0.3649098 0.2983383 0.2504423 18.39229 2.69014 1 0.6324686 0.07275280200408178 3.5879899621032942 0.0 0.0
-0.002694744 -0.01045863 -0.3343379 -3.268061 0.3932327 0.3453856 0.8627708 16.67259 2.397466 0 0.0 0.010800212345247476 3.285118647948261 0.0 0.0
-0.002923916 0.005364734 -0.3056217 -3.288006 0.6613536 0.6347119 -0.7859051 16.67631 2.235508 0 0.0 0.006109799969378048 3.302179292459283 0.0 0.0
0.03182718 -0.05504043 3.291384 -3.731942 0.4406719 0.3479145 0.2619422 18.37608 2.440582 0 0.0 0.06358001510960264 4.976002384125233 0.0 0.0
-0.005014813 0.07391668 0.1313606 -2.574389 1.923805 1.741306 0.4782005 20.44705 1.697138 0 0.0 0.07408659751700958 2.5777382199427 0.0 0.0
-0.06749255 -0.01433383 -7.373722 -5.5698 0.4533973 0.3559545 0.2138985 18.33192 2.16453 0 0.0 0.06899784770535528 9.240911652715008 0.0 0.0
-0.007704609 0.05534854 2.302328 2.386114 1.926587 1.769009 0.3544346 20.43455 2.45426 0 0.0 0.05588221434387224 3.3157584713878063 0.0 0.0
0.03694458 -0.06394888 -0.9557288 -3.652552 0.3679911 0.3273511 0.5782446 17.97069 2.357412 0 0.0 0.07385364747005255 3.7755203153808403 0.0 0.0
0.003370244 -0.0164706 -1.802789 -4.464591 0.3242614 0.2583611 0.3891594 17.94631 2.489828 0 0.0 0.01681187702130657 4.814833431781623 0.0 1.0
-0.002294666 0.01972517 0.2956952 -1.234079 0.4881789 0.385623 0.2083482 18.64362 nan 0 0.0 0.01985819285787244 1.2690100982829253 0.0 0.0
0.03971779 0.04369354 4.2174 3.100197 1.779168 1.503599 0.8234387 19.64607 2.15193 0 0.0 0.059047678025606565 5.234279721108626 0.0 0.0
-0.0004918439 -0.01140274 -1.287354 -3.490178 0.1954741 0.1708752 0.5847828 16.54163 2.459189 0 0.0 0.01141334262736238 3.7200299451751726 0.0 0.0
-0.04588156 0.04258939 1.13052 -4.09676 1.065949 0.9262614 0.437663 19.71234 1.880053 0 0.0 0.06260170675473394 4.249884465253144 0.0 0.0
-0.04433936 0.05384891 -2.449374 -4.532736 1.698933 1.433311 0.4371162 19.78345 nan 0 0.0 0.0697544547208112 5.152196486700793 0.0 0.0
0.002940778 -0.03467814 -2.727726 -4.047744 0.4282384 0.3595691 0.7140397 17.84737 2.473032 0 0.0 0.0348026086537329 4.881057326093599 0.0 1.0
-0.0006636179 0.01668106 -0.8962118 -4.075857 0.2852888 0.2488527 0.5129292 17.41375 2.421878 0 0.0 0.016694255043002083 4.17322487710742 0.0 1.0
0.03360216 -0.04707953 -4.093687 -8.873048 0.5545515 0.438781 0.2817209 18.62723 2.517464 0 0.0 0.057841052045121896 9.771860317476555 0.0 0.0
-0.008335147 0.07153235 -3.930922 -5.47691 0.4063516 0.3291099 0.3448595 18.40709 2.448732 0 0.0 0.07201632989839254 6.741564426613752 0.0 0.0
0.007575717 -0.0143288 -1.44506 -4.24738 0.3718041 0.2976266 0.3911602 18.04891 2.496019 0 0.0 0.01620820772029064 4.486472474896062 0.0 1.0
0.01773492 0.01387624 -1.410781 -4.111897 0.3902745 0.3135001 0.3337039 17.82636 2.458128 0 0.0 0.022518379691798433 4.347182992303177 0.0 1.0
-0.0007208398 0.01534973 0.2606852 -2.948402 0.4589488 0.4005384 0.8692377 17.06151 2.505506 0 0.0 0.015366646383976045 2.9599039050454055 0.0 1.0
-0.02657343 -0.06772139 -0.2968591 -3.527651 0.341797 0.2631035 0.2593608 17.84544 1.87952 1 0.343237 0.07274842847441448 3.540119617054459 0.0 0.0
-0.0007208134 0.009686812 -0.2588488 -3.597923 0.2599582 0.2119638 0.4821077 15.54993 2.650925 0 0.0 0.009713593499882706 3.6072222852480884 0.0 0.0
0.04533734 -0.01901972 -1.683106 -2.136756 0.2754039 0.2106581 0.09420026 13.941 5.190001 1 0.0 0.04916527379313574 2.720031619443421 0.0 0.0
0.0354626 -0.04148188 -7.626466 -3.523022 0.398504 0.3552593 0.4601466 17.82937 2.634117 1 0.0 0.05457419140119622 8.400873029729707 0.0 0.0
-0.0008066377 0.006986006 -2.055359 -4.15162 0.2444173 0.203306 0.2497505 16.2396 2.496331 0 0.0 0.007032420935289447 4.632542416781632 0.0 0.0
-0.06972316 -0.01618876 -2.876369 -3.59046 0.2573691 0.2249356 0.3798754 17.34734 2.426497 1 0.0 0.07157789456754927 4.600532755644829 0.0 0.0
0.01450515 0.05193199 -0.0497715 -7.167762 1.312682 1.163338 0.3129076 20.08739 nan 0 0.0 0.05391967138144111 7.167934799567881 1.0 0.0
0.04549477 -0.06716314 -0.6371961 -3.276193 1.438143 1.228264 0.8092709 19.06538 2.263367 0 0.0 0.08112127632139733 3.33758287434248 0.0 0.0
0.01395964 0.03282613 -6.741485 -6.873857 1.450706 1.25445 0.5736266 19.74893 2.824446 0 0.0 0.03567108576573609 9.62795565328767 0.0 0.0
-0.02674955 -0.04163462 -0.7018633 -5.201286 3.147451 2.51569 0.6764171 20.25611 1.087593 0 0.0 0.049487170132741475 5.248427206857583 0.0 0.0
0.03508734 -0.05646783 -1.353183 -9.777226 0.6554482 0.5263939 0.4049855 18.91589 2.446133 0 0.0 0.06648110448228503 9.870423115883382 0.0 0.0
0.002997584 -0.05537287 -2.29358 -8.134044 0.1451828 0.1277944 0.5152272 16.30543 2.511263 1 0.0 0.0554539470360222 8.451223639824944 0.0 0.0
-0.03765343 -0.01692148 -0.09585778 -6.720344 0.2641805 0.2296162 0.5172225 17.48196 2.068146 1 0.0 0.04128095536873269 6.721027614310369 0.0 0.0
0.03816127 -0.001222215 -4.709716 -0.2059953 2.262507 1.933425 0.7255983 19.87093 2.380861 0 0.0 0.03818083730772709 4.71421879681863 0.0 0.0
-0.01742287 -0.05945745 0.3679279 0.03736047 1.225028 1.018892 0.7093886 19.0971 1.769852 0 0.0 0.06195760453357925 0.3698198809110063 0.0 0.0
0.06862287 0.04326569 0.8819574 -1.23696 1.339991 1.165062 0.8143912 19.37167 2.64349 0 0.0 0.08112347513644248 1.519183628471147 0.0 0.0
0.05898025 0.04847674 -2.098388 -3.202753 1.39463 1.21678 0.7959632 19.46436 nan 0 0.0 0.0763456888834602 3.828950114268009 0.0 0.0
-0.01320085 0.06668926 -9.5718 -6.224944 1.747189 1.542673 0.780659 19.7412 2.546505 0 0.0 0.06798323205077926 11.417936899595128 0.0 0.0
-0.01098819 -0.05513291 -2.096222 -2.378421 0.5570393 0.4564273 0.346341 18.01754 1.918091 0 0.0 0.05621724010073956 3.170336437434519 0.0 0.0
-0.02729194 -0.04770581 -1.36288 -4.474021 2.708167 2.191156 0.7067967 20.30935 1.511635 0 0.0 0.05496084330429893 4.676997520080698 0.0 0.0
0.03144309 0.02507782 -1.649096 -2.900018 0.6292481 0.4543828 0.03016854 18.74924 2.578726 0 0.0 0.040218962750181664 3.3361088138038903 0.0 1.0
-0.02020274 -0.01619151 -3.545961 -1.662389 0.5423713 0.4222141 0.01361548 18.04195 2.426577 0 0.0 0.02589045576245617 3.916296286141027 0.0 0.0
0.0007384248 0.006741865 -0.4499979 -3.185433 0.2805753 0.195354 0.3996301 14.75948 3.287349 1 0.7427963 0.0067821836353404675 3.2170610046272685 0.0 0.0
-0.03369882 -0.04771661 -3.921554 1.293556 1.533385 1.283425 0.6760913 19.16944 2.021717 0 0.0 0.05841648174346432 4.129391347408477 0.0 0.0
0.007291676 0.02892607 1.161657 -0.68719 1.300538 1.121805 0.4020874 19.83891 nan 0 0.0 0.029830958156483612 1.3496951810497806 0.0 0.0
0.01123456 -0.05578333 -0.6230745 -7.710228 0.5409619 0.383972 -0.2652064 18.54951 2.94338 0 0.0 0.056903385174192404 7.735362799800295 0.0 0.0
0.03933242 -0.008638281 -1.086208 -2.388798 1.348421 1.145856 0.7596575 19.3526 2.249113 0 0.0 0.0402698294221786 2.624157713261152 0.0 1.0
0.03793884 0.02508208 1.041381 -4.819017 3.261202 2.733507 0.6387158 20.47544 2.819801 0 0.0 0.04548039487154877 4.93025346543664 0.0 0.0
0.0003950032 -0.02241577 -0.958549 -3.747567 0.1207587 0.09449252 0.2720359 15.7513 2.922938 1 0.9778232 0.0224192500369863 3.8682133608282263 0.0 1.0
0.07362635 0.03308769 -3.257055 -10.16805 3.304508 2.830808 0.5631733 20.59741 nan 0 0.0 0.0807194811917086 10.676968112508577 0.0 0.0
-0.04427863 0.0416419 -3.061684 -7.194674 1.946916 1.795305 0.2014186 20.25311 1.374397 0 0.0 0.06078359079790285 7.819030814757799 0.0 0.0
0.04447032 0.04982628 -4.94084 -7.606265 0.197717 0.1607118 0.4682757 15.17372 3.284456 1 0.0 0.06678523444250832 9.070124980165653 0.0 0.0
0.04391515 0.009720622 0.5896997 -2.566385 2.164235 1.851353 0.7520345 19.91051 2.140421 0 0.0 0.044978115696295944 2.6332636982279403 0.0 1.0
0.01026092 -0.07402132 -2.119254 -2.3347 0.3997291 0.355171 0.5853619 18.08689 2.363003 1 0.0 0.07472912614094186 3.153103488075836 0.0 0.0
0.0002234209 0.01816307 -0.9170974 -4.270928 0.3610504 0.3156005 0.4916009 17.73346 2.317783 0 0.0 0.018164444079669953 4.368282685709655 0.0 1.0
0.0003091772 -0.02519287 -0.3560358 -3.420733 0.1298682 0.1017979 0.2638479 14.6115 3.18755 1 0.2149388 0.025194767103069237 3.4392115009360267 0.0 1.0
-0.05252821 -0.02076531 -5.189855 -10.5961 0.6348562 0.5142549 0.2132913 18.93817 2.099325 0 0.0 0.05648372283410682 11.798810538822334 0.0 0.0
0.06559199 -0.01768231 -5.954833 -4.892383 1.699103 1.477024 0.7965674 19.3974 2.457916 0 0.0 0.06793359433370355 7.706844196983484 0.0 0.0
