jas1101finalproject/data/gcs/NGC_7099_M_30.ecsv
# %ECSV 0.9
# ---
# datatype:
# - {name: x, unit: deg, datatype: float64}
# - {name: y, unit: deg, datatype: float64}
# - {name: pmx, unit: mas / yr, datatype: float64}
# - {name: pmy, unit: mas / yr, datatype: float64}
# - {name: pmx_e, unit: mas / yr, datatype: float64}
# - {name: pmy_e, unit: mas / yr, datatype: float64}
# - {name: pm_corr, datatype: float64}
# - {name: g_mag, unit: mag, datatype: float64}
# - {name: bp_rp, unit: mag, datatype: float64}
# - {name: filter, datatype: int64}
# - {name: memberprob, datatype: float64}
# - {name: r, unit: deg, datatype: float64}
# - {name: pm, unit: mas / yr, datatype: float64}
# - {name: member_prob_GMM, datatype: float64}
# meta: !!omap
# - comments: [deg deg mas/yr mas/yr mas/yr mas/yr dimless mag   mag   zeroone float]
# - __serialized_columns__:
#     bp_rp:
#       __class__: astropy.units.quantity.Quantity
#       unit: &id001 !astropy.units.Unit {unit: mag}
#       value: !astropy.table.SerializedColumn {name: bp_rp}
#     g_mag:
#       __class__: astropy.units.quantity.Quantity
#       unit: *id001
#       value: !astropy.table.SerializedColumn {name: g_mag}
#     pm:
#       __class__: astropy.units.quantity.Quantity
#       unit: !astropy.units.Unit {unit: mas / yr}
#       value: !astropy.table.SerializedColumn {name: pm}
#     pmx:
#       __class__: astropy.units.quantity.Quantity
#       unit: !astropy.units.Unit {unit: mas / yr}
#       value: !astropy.table.SerializedColumn {name: pmx}
#     pmx_e:
#       __class__: astropy.units.quantity.Quantity
#       unit: !astropy.units.Unit {unit: mas / yr}
#       value: !astropy.table.SerializedColumn {name: pmx_e}
#     pmy:
#       __class__: astropy.units.quantity.Quantity
#       unit: !astropy.units.Unit {unit: mas / yr}
#       value: !astropy.table.SerializedColumn {name: pmy}
#     pmy_e:
#       __class__: astropy.units.quantity.Quantity
#       unit: !astropy.units.Unit {unit: mas / yr}
#       value: !astropy.table.SerializedColumn {name: pmy_e}
#     r:
#       __class__: astropy.units.quantity.Quantity
#       unit: &id002 !astropy.units.Unit {unit: deg}
#       value: !astropy.table.SerializedColumn {name: r}
#     x:
#       __class__: astropy.units.quantity.Quantity
#       unit: *id002
#       value: !astropy.table.SerializedColumn {name: x}
#     y:
#       __class__: astropy.units.quantity.Quantity
#       unit: *id002
#       value: !astropy.table.SerializedColumn {name: y}
# schema: astropy-2.0
x y pmx pmy pmx_e pmy_e pm_corr g_mag bp_rp filter memberprob r pm member_prob_GMM
[from data line 6309]
0.0378694 0.1515306 0.4587982 -5.59068 1.217661 1.198506 0.7354079 20.10768 0.4209728 0 0.0 0.15619095426022594 5.609474008382893 0.0
-0.1444661 -0.002966564 2.705425 1.385292 2.874392 2.199733 0.2966061 20.64741 1.091751 0 0.0 0.14449655549934778 3.039466788087838 0.0
-0.1861711 0.00957424 -7.537408 -5.204745 2.878967 1.562827 0.2901082 20.64275 1.22312 0 0.0 0.18641712514355435 9.159797479938572 0.0
-0.08288144 0.07619494 -1.005358 -6.313977 1.997036 1.51401 0.225457 20.48195 0.5951405 0 0.0 0.11258331127692595 6.393516267649047 0.0
-0.05514811 0.07606809 0.7379018 -5.038576 2.006832 1.722498 -0.02257076 20.38853 0.6881371 0 0.0 0.09395567227592062 5.092322375323389 0.0
-0.1291519 -0.0289271 -3.638732 -3.351385 0.5724613 0.4704714 0.3967948 19.054 0.9794483 1 0.0 0.13235176760444115 4.9469335942631165 0.0
-0.1509802 0.002075 -3.383795 -10.79171 2.686283 2.183123 0.3426742 20.57708 0.8875847 0 0.0 0.15099445823287688 11.309777775275915 0.0
-0.0116684 0.08633093 -0.7694491 -6.829807 0.8868994 0.9853363 0.314337 19.41487 0.7876587 1 0.9966478 0.08711590574186151 6.873013573007098 0.0
-0.07735153 0.07601705 -1.153166 -4.42327 2.368228 2.027036 0.3535172 20.60132 0.4602337 0 0.0 0.10845206814092298 4.571116856574113 0.0
-0.03158418 0.1398192 -1.435137 -6.176368 1.924854 1.723456 0.6922434 20.44545 0.8732052 0 0.0 0.1433421400527856 6.340910019878298 0.0
-0.1482541 0.07378866 14.7983 -2.601431 0.6132708 0.5289065 0.407931 19.23422 1.634432 1 0.0 0.16560206674859346 15.02521634246113 0.0
-0.1698396 -0.03684038 -0.9896036 -7.652018 0.2578862 0.2077998 0.485387 17.86325 0.7579346 1 0.9946769 0.173789249744351 7.715743305570563 0.0
-0.04237614 0.07584195 1.759187 -8.53409 0.8604074 0.8231223 0.05300652 19.44648 0.5847092 1 0.7856463 0.08687772223707353 8.713520013695327 0.0
-0.04689532 0.07557151 2.582423 -9.215376 0.9475679 0.8832906 0.1157757 19.55474 0.804985 1 0.1096036 0.08893944097858103 9.570374254557917 0.0
0.008182451 0.1483065 -0.7481475 -8.320824 0.6287113 0.6111297 0.6875175 19.11431 0.6535759 1 0.9633208 0.14853205191680818 8.354390266245183 0.0
-0.1896716 -0.03455151 2.128318 -2.590289 3.154894 1.908671 0.3782361 20.69222 0.8925915 0 0.0 0.19279295290502735 3.352511687175005 0.0
-0.138598 -0.03477876 -1.820297 -7.893834 1.505717 1.265154 0.4504327 20.37877 0.9099483 1 0.9777465 0.1428949535537823 8.100993543249187 0.0
-0.1497155 -0.02498696 -4.575936 -20.68836 1.588706 1.277488 0.4031471 20.39559 1.82766 0 0.0 0.15178629421094514 21.18837959273186 0.0
-0.1853735 -0.03952557 -2.198598 -0.835423 0.3216224 0.2557874 0.4882423 18.2165 1.284225 1 0.0 0.18954051067271846 2.3519703983113818 0.0
0.04143593 0.1503088 -10.82302 -5.66841 1.047254 1.007801 0.7248881 19.88026 1.527899 1 0.0 0.15591559143461214 12.217554331718766 0.0
-0.01021383 0.1546197 -1.261872 -7.614131 1.141256 1.055494 0.7161668 20.0456 0.6501827 1 0.9871454 0.15495668411320276 7.717986254817056 0.0
-0.05270341 0.1411 -0.6102731 -3.952738 0.9709983 0.8072292 0.5604336 19.7822 1.700968 1 0.009990065 0.15062157689264874 3.99957134618544 0.0
-0.183559 -0.07416054 -1.136571 -7.493064 2.770339 1.78377 -0.1367539 20.59665 0.8314285 0 0.0 0.19797396842537557 7.578773102959146 0.0
-0.06236147 0.0746573 -15.89511 -9.549594 0.924149 0.837008 0.114901 19.58755 1.608028 1 0.0 0.09727623236870812 18.543173069270967 0.0
-0.07404283 0.08249436 0.1131664 -6.910872 0.4494149 0.3728256 0.2948269 18.60018 0.6354084 1 0.9957098 0.11084971856625754 6.911798494926842 0.0
-0.1208967 0.08548149 0.8681996 -7.70499 3.143724 3.042061 0.2696893 20.72002 1.028969 0 0.0 0.14806450352299194 7.753750153670168 0.0
0.0007958495 0.1149683 -0.9344232 -7.074939 0.492828 0.4096028 0.5941753 18.59183 0.6248932 1 0.9984372 0.1149710545368557 7.13637923392663 0.0
-0.03930984 0.05309014 -0.1683689 -8.522258 0.6223676 0.6003834 0.2213636 18.90716 0.5926247 1 0.9872689 0.0660592649523532 8.523921017058477 0.0
-0.1038164 0.06930245 -1.207512 -6.803239 0.3587364 0.289972 0.2942253 18.22448 0.6286411 1 0.9920827 0.12482257201709353 6.909569170452308 0.0
-0.157914 -0.04178488 -2.671525 -8.510298 1.723202 1.487784 0.5037673 20.45086 0.6757317 0 0.0 0.1633487300000046 8.91976557284041 0.0
-0.03291419 0.06631169 -0.6442071 -6.767016 0.6415507 0.6555252 0.146458 18.85177 0.5498447 1 0.9985067 0.07403096739886762 6.797610486924535 0.0
-0.06708801 0.1526692 -0.6186265 -7.192164 0.2823516 0.2209774 0.4398925 17.92912 0.7764034 1 0.9988325 0.16675936469775873 7.218720229334162 0.0
-0.03271818 0.06820573 0.09052315 -6.444783 0.8497376 0.8811412 0.1735196 19.3809 0.7802563 0 0.0 0.07564721348037415 6.4454187108189425 0.0
-0.0387855 0.08389204 -3.035771 -11.49471 2.110047 2.30575 0.247549 20.61306 1.129536 0 0.0 0.09242396542894922 11.888829359888254 0.0
-0.07445065 0.05860652 -4.97146 -11.48455 2.678899 2.314147 0.1816146 20.58075 0.6555634 0 0.0 0.0947503217510785 12.514403830550618 0.0
-0.101346 0.06881606 -0.9874316 -7.237745 0.3849888 0.2947281 0.3640621 18.18927 0.6886463 1 0.9989038 0.12250168092693095 7.304791157158674 0.0
-0.03526626 0.1518612 -1.027092 -7.503806 0.2882731 0.247037 0.5772665 17.98227 0.7365398 1 0.9982471 0.15590231928944356 7.573772010174322 0.0
-0.05000021 0.04636508 1.293218 -7.79984 2.168755 2.328011 0.3238687 20.61227 0.7659721 0 0.0 0.06818901409648405 7.906321320381812 0.0
-0.07102531 0.05626806 -2.420077 -5.755381 2.12998 2.210785 0.4768846 20.58138 0.5269871 0 0.0 0.09061285359572172 6.243491262193774 0.0
-0.1524428 -0.04383657 -2.053883 -7.273526 1.442615 1.502944 0.7657166 19.86268 0.7941246 1 0.9578974 0.1586204657073131 7.557950505948355 0.0
0.01340502 0.1355212 -3.010514 -8.864885 1.145821 1.240965 0.6448446 19.98261 0.7536011 0 0.0 0.13618256206519394 9.362124791275804 0.0
-0.09915672 0.0688978 0.8744032 -8.097714 1.254276 1.116286 0.5533264 19.69482 0.7628593 1 0.9416204 0.12074337234812683 8.144786859210388 0.0
-0.07712013 0.06412105 -0.850584 -6.139141 0.6907668 0.5781435 0.2735882 19.22872 0.7202644 1 0.990143 0.10029468333027129 6.197785520565954 0.0
-0.0697707 0.07234575 -1.261734 -7.387473 0.517989 0.4442655 0.3294943 18.79032 0.5982094 1 0.9982725 0.10050800028630806 7.494446611490738 0.0
-0.111301 0.05759485 6.552058 -5.36924 1.713741 1.435458 0.2310572 20.23577 2.123795 0 0.0 0.12531990802551085 8.471021320535321 0.0
0.007901694 0.1499297 -0.541663 -7.247761 0.8879802 0.893762 0.7173312 19.7223 0.7140293 1 0.9922525 0.15013777575999865 7.267973467115162 0.0
-0.1582925 -0.0537425 -0.6546015 -7.619792 0.5960821 0.5639549 0.6719488 18.85922 0.5567436 1 0.9928913 0.1671668982259945 7.6478580823042375 0.0
0.04469124 0.1424171 0.008809061 -5.835567 1.59257 1.498597 0.8112742 20.13785 0.5626984 0 0.0 0.14926465524412535 5.835573648840764 0.0
-0.06153002 0.03666713 -0.4278345 -7.044531 0.4654552 0.390829 0.4243599 18.73456 0.610548 1 0.9994245 0.07162696268610934 7.0575108479797075 0.0
-0.06146191 0.07176236 -1.135662 -7.193123 0.781567 0.6567537 0.2556098 19.40095 0.5745716 1 0.9975238 0.09448493368584061 7.2822212731674805 0.0
-0.03962897 0.08837215 -2.411293 -2.73565 3.058691 2.75664 0.4549202 20.54897 0.9833031 0 0.0 0.09685087588082722 3.6466580391296635 0.0
-0.1500415 -0.05935586 0.6252436 -7.38096 1.19836 1.059064 0.6126654 19.79313 0.7130184 1 0.9576496 0.16135541465531797 7.4073949591567585 0.0
0.02995218 0.1649908 0.2317637 -6.615079 0.5453036 0.5268228 0.7147716 18.95258 0.6297626 0 0.0 0.1676874985542822 6.619137752674338 0.0
-0.05999786 0.06179332 1.096562 -7.709703 1.084417 0.8326469 0.2116502 19.69487 0.6080761 1 0.9848586 0.08612872692198578 7.7872953307328086 0.0
-0.07032839 0.06529972 0.05295604 -6.049556 0.7789524 0.6141616 0.250911 19.27192 0.6899204 1 0.9894311 0.09596945280697657 6.0497877763859185 0.0
-0.03796484 0.0606379 -0.9896842 -6.546496 0.7876648 0.7803193 0.2192153 19.2862 0.7180557 1 0.9974936 0.0715421833091191 6.6208824709207486 0.0
-0.1602695 -0.06536443 -0.5424009 -7.47455 0.2305348 0.183311 0.5218616 17.64814 0.8337688 1 0.9958158 0.17308616738340157 7.494204189827016 0.0
-0.07013749 0.02229293 -0.9692537 -6.736827 0.9777775 0.865802 0.4707087 19.74754 0.4673729 0 0.0 0.07359512369365921 6.806195028273336 0.0
-0.05228297 0.07095183 -1.4991 -8.501196 1.375234 1.251447 0.1093521 20.11416 0.9148445 1 0.9902334 0.08813439244908766 8.63235971449383 0.0
-0.1017986 0.1476253 -0.868318 -7.067054 0.6410899 0.5312054 0.04897209 18.98637 0.6907177 1 0.9916804 0.17932145482916984 7.12019861998526 0.0
-0.07106081 0.07031757 -0.2573442 -7.669157 0.93597 0.7037221 0.2328203 19.47191 0.5457726 1 0.9955243 0.09997099263566907 7.6734734721586575 0.0
-0.002489912 0.1478604 -1.664059 -9.331821 1.999923 2.297699 0.2711658 20.60852 0.3930492 0 0.0 0.14788136309193173 9.479028195523103 0.0
-0.1730828 -0.06624633 11.5595 -23.62511 2.034794 1.432433 0.3895279 20.50787 1.262146 0 0.0 0.1853273641271275 26.30148023899225 0.0
-0.1120802 0.08322705 3.911121 -1.162538 2.670468 2.291913 0.6090714 20.4941 1.70179 0 0.0 0.13960198094490817 4.080240443660766 0.0
-0.163323 0.001064868 -0.4518405 -7.224 0.08658684 0.06367666 0.3016026 15.36183 0.1156406 1 0.9981146 0.16332647143943757 7.23811687094373 0.0
-0.01994736 0.0704818 -1.153447 -6.892267 0.5250682 0.5513292 0.2554378 18.60719 0.653574 1 0.9985816 0.07325012834261521 6.988117370300674 0.0
-0.05466682 0.0659994 0.193205 -7.35353 0.8367166 0.7295892 0.3011592 19.5435 0.7683849 1 0.9960088 0.08569936994676448 7.356067674574847 0.0
-0.1866418 0.06560008 8.465939 -13.70904 0.2948158 0.2409747 0.4156669 18.07742 1.123516 1 0.0 0.19783460769856825 16.11241449545415 0.0
0.03001532 0.1963321 -17.45108 -11.05159 1.015483 0.9558747 0.7337937 19.72483 2.422678 0 0.0 0.19861322444669288 20.656181512915207 0.0
0.01475288 0.1346132 17.2741 -21.70589 0.7243704 0.7084283 0.6997853 19.44647 1.161598 1 0.0 0.1354192049989011 27.740587439744314 0.0
0.002340542 0.137351 -8.836077 -11.56573 1.447473 1.344967 0.694706 20.27994 1.809708 0 0.0 0.1373709406601475 14.554805638785734 0.0
-0.1757094 -0.07328597 -10.87337 -5.68733 0.438755 0.3449917 0.5113208 18.67019 1.12936 1 0.0 0.19038021600786384 12.270937115224736 0.0
-0.08379488 0.1456751 -3.838246 -3.801457 0.9037899 0.8135618 0.0502796 19.43117 2.400133 0 0.0 0.16805599267572818 5.402148431815346 0.0
-0.09292308 0.06540229 -2.708663 -7.17288 1.339184 1.155351 0.2212716 20.12432 0.7271061 0 0.0 0.1136316783908893 7.667272183897543 0.0
-0.05025979 0.06504936 -0.4035453 -7.717424 0.5732726 0.5081853 0.09099349 18.87204 0.6493168 1 0.9982481 0.0822038060387334 7.727967520954529 0.0
-0.04798573 0.1421451 -1.268375 -7.757237 0.7307459 0.6109917 0.5182232 19.42236 0.7459068 1 0.9927989 0.15002619683789528 7.860248152240106 0.0
-0.1228565 0.01848218 -2.38777 -9.90344 1.485437 1.432847 0.6030424 19.98688 0.7346458 0 0.0 0.12423892534066124 10.187225795401808 0.0
0.02000893 0.1659368 -0.6468354 -7.808019 1.34932 1.26495 0.7263768 20.1802 0.6666107 0 0.0 0.16713880122217253 7.834765901994402 0.0
-0.01683419 0.09030147 -1.85368 -6.789598 0.6885001 0.6771365 0.2263504 19.09465 0.6954193 1 0.9915229 0.09185720133509946 7.03809424091522 0.0
-0.142153 0.03791614 -2.496495 -9.61704 0.1370004 0.1069261 0.507341 16.511 0.7749996 1 0.0 0.147122768739239 9.935791143468395 0.0
-0.139319 0.06519802 -0.4857912 -7.283794 0.723527 0.6273414 0.4551123 19.37369 0.6776772 1 0.9936592 0.1538199127971421 7.299975898894012 0.0
-0.06917091 0.05230747 -1.335174 -9.554945 1.694749 1.732923 0.4758906 20.25848 0.6700306 0 0.0 0.08672189001647163 9.647780240205568 0.0
-0.1778835 -0.08290951 6.127168 -5.035764 0.6600447 0.5416755 0.5951885 19.2393 1.562469 1 0.0 0.196256277404546 7.931021798224994 0.0
-0.06984412 0.05163001 -5.523195 -9.592293 3.04017 2.601394 0.485729 20.66777 0.6207218 0 0.0 0.08685539149168864 11.06877445817169 0.0
-0.1140141 -0.01931365 1.522181 -4.313055 0.504016 0.4178901 0.4355151 18.9136 0.86343 1 0.0 0.11563836766027312 4.573781633373636 0.0
-0.04742532 0.06612995 0.5634109 -6.587201 1.018116 0.9365477 0.1490885 19.63905 0.6193161 0 0.0 0.08137770741489896 6.611251686075778 0.0
-0.03671067 0.1960882 -0.3923589 -4.672548 1.000334 1.020219 0.7523902 19.74421 0.846468 1 0.2862878 0.1994950011180453 4.688992463068502 0.0
-0.0366728 0.05713065 -0.5839277 -7.175226 0.3415667 0.3062336 0.1623848 17.84656 0.7533436 1 0.9996945 0.06788818328149973 7.1989471250942865 0.0
-0.09036931 0.06600295 -1.45275 -7.424095 0.4511104 0.3650549 0.3024317 18.55429 0.6609535 1 0.9970159 0.11190621787272859 7.564897165958372 0.0
-0.03910977 0.1371851 -0.4987559 -7.505722 0.5175723 0.4248309 0.5042631 18.91607 0.6745186 1 0.996316 0.14265106298749722 7.522274934424346 0.0
-0.07378124 0.06621148 2.755449 -90.0542 0.6528468 0.550951 0.2839162 19.15683 1.499435 0 0.0 0.09913441107772819 90.0963453023018 0.0
-0.1050861 0.04188523 -9.243905 -14.34311 2.193074 2.266203 0.5340304 20.59274 1.041853 0 0.0 0.11312586311433341 17.063838493173947 0.0
-0.04298614 0.05231081 -1.568019 -7.299634 0.853417 0.6777888 0.3243123 19.21724 0.5901604 1 0.9979301 0.06770693520575052 7.466146269550109 0.0
-0.07332246 0.04847721 -1.771458 -7.778566 2.729675 2.584148 0.2137113 20.6729 0.6895905 0 0.0 0.08789893645451975 7.977728527727676 0.0
-0.05985951 0.06625086 -0.4031148 -7.471857 0.4548185 0.3787368 0.2769571 18.62992 0.6322098 1 0.9988798 0.08928794648876016 7.48272333916122 0.0
-0.05642321 0.03772224 0.5504665 -8.239524 1.108618 0.8412002 0.2006412 19.72005 0.7463074 0 0.0 0.06787154055509349 8.257891323709597 0.0
-0.0581751 0.0654982 -0.7176776 -6.910847 0.3492943 0.2865493 0.2976771 18.21712 0.6615295 1 0.9993428 0.08760340440445223 6.948011758406196 0.0
-0.002180878 0.1417913 -3.349694 -6.633233 2.156037 1.834632 0.6810501 20.52922 0.467804 0 0.0 0.14180807094288 7.431031551939811 0.0
0.01127129 0.1419377 -3.977286 -4.830233 3.015158 3.069292 0.1548461 20.75761 0.7155361 0 0.0 0.1423845239467903 6.256992469236717 0.0
-0.0887664 0.1039011 1.253035 1.582742 1.319922 1.136778 0.01640081 20.06277 0.5078506 0 0.0 0.13665618299283058 2.0187047703388923 0.0
-0.05758398 0.06155215 -0.8159037 -6.179808 1.525556 1.160036 0.2684127 20.08827 0.7407722 0 0.0 0.08428868205318493 6.233436112172619 0.0
-0.084696 0.06034565 -1.074067 -7.325655 0.6056432 0.4806154 0.3695603 18.73168 0.7099819 1 0.998301 0.10399523974645425 7.403974682527893 0.0
-0.0446772 0.07378699 -0.2398646 -7.043833 0.2803474 0.2545939 -0.002184123 17.63392 0.8274536 1 0.998932 0.08625875082042458 7.047915887567201 0.0
-0.07498556 0.06155307 3.129945 -4.777835 2.34705 2.079917 0.4048083 20.53605 0.6686611 0 0.0 0.09701347656350895 5.71176531295273 0.0
-0.04958703 0.06741854 -0.0287681 -7.689107 1.180729 0.9853065 -0.219971 19.47511 0.7253494 1 0.9951844 0.08369069888555418 7.689160816436773 0.0
-0.01624955 0.1308307 1.541996 -6.914733 1.419328 1.205025 0.5668697 20.37409 nan 0 0.0 0.1318359584396173 7.084580730382356 0.0
-0.06451644 0.06132201 -1.032968 -10.17207 1.453238 1.259282 0.2587846 20.23666 0.7161942 0 0.0 0.08900988675823433 10.224384136657033 0.0
-0.1139058 -0.0147035 0.9571263 -7.855699 2.549766 2.501923 0.4746486 20.69588 0.5836773 0 0.0 0.11485087803708773 7.913791602812946 0.0
-0.09238584 0.05967299 -0.7952904 -7.1463 0.1071448 0.07221335 0.2905085 15.40627 0.1023645 1 0.999865 0.10998185835875705 7.190416574186239 0.0
-0.03367053 0.0603148 1.09579 -8.099578 1.131859 1.114801 0.2271753 19.70528 0.6477604 0 0.0 0.06907662187398064 8.173366473013674 0.0
-0.1740342 0.06161735 -0.554209 -6.998371 0.3724716 0.3074036 0.4037166 18.41652 0.6463528 1 0.9965344 0.18462015217917707 7.020280925242379 0.0
-0.09360395 0.07578923 0.7906606 -5.718987 0.7826719 0.7329138 0.4301818 19.2641 0.8130188 1 0.9631013 0.12043963981843935 5.773383452583188 0.0
-0.07860699 0.01501741 -2.917103 -8.704028 0.9839264 0.8492662 0.315995 19.63137 0.592308 1 0.9735506 0.080028629127133 9.179847130393457 0.0
-0.1670975 0.01329586 -6.536699 -2.966033 2.508443 2.161628 0.3981953 20.59484 1.43067 0 0.0 0.1676256376554303 7.178146388427169 0.0
