jas1101finalproject/data/gcs/NGC_7099_M_30.ecsv
# %ECSV 0.9
# ---
# datatype:
# - {name: x, unit: deg, datatype: float64}
# - {name: y, unit: deg, datatype: float64}
# - {name: pmx, unit: mas / yr, datatype: float64}
# - {name: pmy, unit: mas / yr, datatype: float64}
# - {name: pmx_e, unit: mas / yr, datatype: float64}
# - {name: pmy_e, unit: mas / yr, datatype: float64}
# - {name: pm_corr, datatype: float64}
# - {name: g_mag, unit: mag, datatype: float64}
# - {name: bp_rp, unit: mag, datatype: float64}
# - {name: filter, datatype: int64}
# - {name: memberprob, datatype: float64}
# - {name: r, unit: deg, datatype: float64}
# - {name: pm, unit: mas / yr, datatype: float64}
# - {name: member_prob_GMM, datatype: float64}
# meta: !!omap
# - comments: [deg deg mas/yr mas/yr mas/yr mas/yr dimless mag   mag   zeroone float]
# - __serialized_columns__:
#     bp_rp:
#       __class__: astropy.units.quantity.Quantity
#       unit: &id001 !astropy.units.Unit {unit: mag}
#       value: !astropy.table.SerializedColumn {name: bp_rp}
#     g_mag:
#       __class__: astropy.units.quantity.Quantity
#       unit: *id001
#       value: !astropy.table.SerializedColumn {name: g_mag}
#     pm:
#       __class__: astropy.units.quantity.Quantity
#       unit: !astropy.units.Unit {unit: mas / yr}
#       value: !astropy.table.SerializedColumn {name: pm}
#     pmx:
#       __class__: astropy.units.quantity.Quantity
#       unit: !astropy.units.Unit {unit: mas / yr}
#       value: !astropy.table.SerializedColumn {name: pmx}
#     pmx_e:
#       __class__: astropy.units.quantity.Quantity
#       unit: !astropy.units.Unit {unit: mas / yr}
#       value: !astropy.table.SerializedColumn {name: pmx_e}
#     pmy:
#       __class__: astropy.units.quantity.Quantity
#       unit: !astropy.units.Unit {unit: mas / yr}
#       value: !astropy.table.SerializedColumn {name: pmy}
#     pmy_e:
#       __class__: astropy.units.quantity.Quantity
#       unit: !astropy.units.Unit {unit: mas / yr}
#       value: !astropy.table.SerializedColumn {name: pmy_e}
#     r:
#       __class__: astropy.units.quantity.Quantity
#       unit: &id002 !astropy.units.Unit {unit: deg}
#       value: !astropy.table.SerializedColumn {name: r}
#     x:
#       __class__: astropy.units.quantity.Quantity
#       unit: *id002
#       value: !astropy.table.SerializedColumn {name: x}
#     y:
#       __class__: astropy.units.quantity.Quantity
#       unit: *id002
#       value: !astropy.table.SerializedColumn {name: y}
# schema: astropy-2.0
x y pmx pmy pmx_e pmy_e pm_corr g_mag bp_rp filter memberprob r pm member_prob_GMM
[from data line 5505]
0.08378093 0.002387622 -2.88337 -8.146505 1.518999 1.662519 0.3222223 20.15723 0.4267826 0 0.0 0.08381494479196287 8.641722413496339 0.0
0.04248118 -0.007892577 -0.7755657 -8.690718 1.838793 1.360462 0.6244507 19.55689 0.6225681 0 0.0 0.04320814073636274 8.72525538368594 0.0
-0.01127387 0.06827983 -5.409342 -7.882437 1.942291 2.016442 0.2748097 20.51555 0.7434864 0 0.0 0.0692043013808087 9.560010142878145 0.0
0.1659596 0.07570766 -13.02169 -17.47235 1.147592 1.379416 0.7365275 19.89711 0.9268475 0 0.0 0.18241227649156622 21.790994125523508 0.0
-0.01446136 -0.04573604 -0.7709872 -7.918157 0.5378043 0.4892038 0.4563962 18.65158 0.5405159 0 0.0 0.047967867243929034 7.955603782191068 0.0
-0.006578095 -0.1012049 -1.616785 -7.248167 0.8017798 0.7677428 0.5380507 19.40596 0.6066151 0 0.0 0.10141845550903951 7.426299118411134 0.0
-0.03286215 -0.03135026 1.772503 -8.928691 2.782034 2.469156 0.06712769 20.42141 nan 0 0.0 0.04541761447599488 9.10292754329562 0.0
0.01529921 0.0002157087 -2.005858 -7.748197 0.8108397 0.7650372 0.6182642 18.45774 nan 0 0.0 0.01530073059913662 8.003625620115736 0.0
0.0438615 0.00963742 -1.49737 -9.694778 1.041037 1.22202 0.3251609 19.62645 0.6073761 0 0.0 0.044907806075407425 9.809731769329067 0.0
0.07816975 0.001956142 -1.231452 -2.657882 1.963533 2.282848 0.3503698 20.50738 0.6117687 0 0.0 0.07819422169563851 2.929302093371047 0.0
0.08171518 -0.02668863 4.923724 0.06833262 1.192338 1.128393 0.2380625 19.63886 2.323915 0 0.0 0.0859630944865836 4.9241981453970824 0.0
-0.05415405 -0.02205313 -2.181011 -6.912189 2.148034 1.970266 0.2833589 20.58459 0.6817513 0 0.0 0.05847222994036913 7.2481146344302525 1.0
-0.007620071 -0.01787102 -1.200726 -6.93259 1.038823 0.8969725 -0.07209707 19.07812 nan 0 0.0 0.019427785202782148 7.0358046473147615 1.0
0.06424037 0.03062147 0.4792257 -6.520113 0.7435543 0.794877 0.3092576 19.18641 0.5617523 1 0.9950929 0.07116529746089593 6.537700727649553 0.0
-0.0286991 0.04347026 3.702525 -9.192782 1.455056 1.212106 0.09938745 19.63427 0.503458 0 0.0 0.052089364032186065 9.910395162411486 0.0
0.01160047 0.05129868 -1.180146 -9.116324 1.188111 1.247541 0.2790783 19.84191 0.4811325 0 0.0 0.05259396803782065 9.192394021923343 0.0
0.03323717 0.0458019 -1.666338 -6.83912 2.16884 2.122838 0.1834906 20.45144 0.6470776 0 0.0 0.05659084301562312 7.039193469755182 1.0
0.04272999 0.06860346 -0.5781748 -7.165446 0.4501484 0.3930017 0.6042419 18.48034 0.6165962 1 0.9994779 0.08082256349171127 7.18873441422557 0.0
0.04706324 0.01911204 0.1588092 -7.620234 0.8096746 0.8383829 0.2583918 19.21686 0.6068058 0 0.0 0.05079585251040876 7.621888648934767 1.0
-0.01595788 0.03947077 -2.358327 -7.243821 1.475562 1.531151 0.2410514 20.17394 nan 0 0.0 0.042574588882187694 7.618047579200986 1.0
0.0199033 0.02169566 -0.6838028 -7.55674 0.410137 0.3954758 0.22764 18.15552 0.7578239 0 0.0 0.029442197841288955 7.587615283927344 1.0
-0.06429778 -0.04326543 -0.9085382 -6.476397 0.998547 0.8616279 0.4931422 19.5795 0.7562256 1 0.9961924 0.07749904480710262 6.53981343483652 0.0
0.1320911 0.002442116 1.058422 -20.54117 0.5346264 0.4897807 0.6208375 18.72536 1.471306 1 0.0 0.13211367313706576 20.568420505692313 0.0
0.05224366 -0.0073944 -0.8671253 -7.37399 0.1697681 0.1191928 0.1844843 15.8627 0.9811516 1 0.9998999 0.05276435502832949 7.424798637404256 1.0
-0.01991145 0.01765208 -1.125016 -12.0951 1.592954 1.382561 0.6512476 19.44369 0.7266273 0 0.0 0.026609430084631652 12.147308550055687 0.0
-0.04122219 -0.0253387 0.6891902 -7.990096 1.613525 1.689063 0.4441113 20.2536 0.4811325 0 0.0 0.04838717460325721 8.019764162429718 0.0
-0.03677313 0.01360875 -2.155809 -2.451103 3.679382 2.978571 0.1089268 20.81131 0.6783352 0 0.0 0.03921047266432018 3.264263831415898 0.0
0.01073093 0.05717148 -0.8044405 -4.632616 1.425961 1.686115 0.3255952 20.11264 0.5471897 0 0.0 0.05816984600336587 4.701941675679979 0.0
-0.01965894 0.01775893 -21.48452 13.07498 2.001494 2.014845 -0.4046907 19.46538 0.7160053 0 0.0 0.02649251812622764 25.150341978406576 0.0
-0.1283372 -0.146684 5.136718 -3.066218 2.342957 1.753864 0.4435974 20.59585 1.079174 0 0.0 0.19490159763285678 5.982270859385088 0.0
-0.03393327 -0.01043645 -1.460332 -7.965883 1.578868 1.650358 0.5495878 20.17293 nan 0 0.0 0.03550191968746761 8.098633311856576 0.0
0.01687242 0.01744078 0.1850985 -7.183809 0.6676043 0.6513154 0.07606522 18.85523 0.5720272 0 0.0 0.024266424616428355 7.186193234472842 1.0
-0.00723203 0.06858719 -1.437127 -7.164993 0.3124382 0.282931 0.1693147 17.77938 0.8012371 1 0.9978246 0.06896741904709064 7.307698591497736 0.0
0.04495917 0.02000159 -4.452265 -4.212848 1.440613 1.412638 0.1364449 19.73104 0.5477238 0 0.0 0.04920762714881708 6.129498503248778 0.0
-0.02258116 0.04264174 -2.954883 -5.545302 2.231795 1.858669 0.09215223 20.34401 nan 0 0.0 0.0482517023240963 6.283447128359799 0.0
-0.06796421 -0.002816195 0.01792503 -7.081493 0.4575967 0.4104194 0.5434429 18.36801 0.5787296 1 0.9986188 0.06802253152597398 7.081515686330823 0.0
0.0009636751 0.02530203 9.217154 -12.34741 0.9611249 1.153355 0.2488383 19.45924 0.3807297 0 0.0 0.02532037503314791 15.408259524288134 0.0
-0.006493875 -0.1036921 -0.5152339 -7.357495 0.2548897 0.2463884 0.489386 17.62352 0.9052143 1 0.9993904 0.10389524539133456 7.37551344970194 0.0
-0.02161455 -0.03449128 -0.2935302 -7.067597 1.897796 1.593423 0.03382005 20.03551 0.2635384 0 0.0 0.04070426473652239 7.073689796189895 1.0
-0.04287635 -0.02760134 0.0455359 -6.926953 0.7176392 0.7050938 0.4277547 19.22155 0.5970325 0 0.0 0.05099230686209539 6.927102668677418 1.0
0.008565342 -0.01305502 -1.487895 -7.91625 0.4000844 0.3865883 0.6183963 18.20049 0.4288654 0 0.0 0.015614052349642102 8.054864716028755 0.0
0.0391844 0.03795346 -2.029847 -6.971522 0.7467898 0.796005 0.2959918 19.12699 0.5642567 0 0.0 0.05455164827327952 7.261019063457485 1.0
0.03631488 0.01147074 -0.5178105 -6.951114 0.7924648 0.8348047 0.2801901 19.1509 0.7474957 0 0.0 0.03808343978111746 6.970373989601006 1.0
-0.06602864 -0.002563455 0.006321486 -7.500095 1.061224 1.038826 0.5005985 19.80493 0.5900402 0 0.0 0.06607838225763872 7.500097664044799 0.0
0.1156463 0.06189224 -0.3763304 -7.241946 0.7324288 0.6293423 0.7437988 18.90693 0.6231823 1 0.9963106 0.1311667491245689 7.251717481871461 0.0
0.007923195 0.03825651 -2.05863 -4.010109 2.166964 2.894974 0.2564733 20.59366 0.2777309 0 0.0 0.03906837053663904 4.507652567443613 0.0
0.07248479 0.02065136 -1.690523 -5.012348 2.441541 3.15204 0.3021921 20.77825 0.8074589 0 0.0 0.07536924738375526 5.289754293597483 0.0
0.005172736 0.02885151 -0.5305813 -7.75018 0.3814549 0.4167544 0.222173 18.06042 0.6591682 0 0.0 0.029311547673328272 7.768320703235012 1.0
0.02630425 -0.1026073 -1.529649 -9.099167 1.171629 1.163985 0.5293611 19.84319 0.7441635 0 0.0 0.10592531133469706 9.22684486469183 0.0
0.06055126 0.001484622 -2.319619 -7.370136 1.461313 1.643651 0.3600469 20.10559 0.7061214 0 0.0 0.060569457567906985 7.726547544903674 0.0
0.1481683 0.004168598 -0.8975404 -7.428625 0.7710195 0.7448495 0.6642908 19.28993 0.8001213 1 0.9942609 0.14822692850550337 7.482649808741364 0.0
0.003992676 -0.02241035 -2.559806 -7.012846 0.6750599 0.6654735 0.5574965 19.0981 0.445507 0 0.0 0.022763243370914347 7.465428037115621 1.0
0.001833065 -0.007861051 3.420696 -5.32788 0.5279332 0.4703047 0.6052037 17.68037 nan 0 0.0 0.008071942152841904 6.331466371924912 0.0
-0.0665046 -0.004465318 4.029146 -10.62282 1.35189 1.232562 0.4947251 19.78401 0.6352482 0 0.0 0.06665433883852666 11.361264112840438 0.0
0.01644518 -0.03433223 -9.13895 -5.148109 2.045633 1.944788 0.4904044 20.11119 nan 0 0.0 0.03806764980932366 10.489205564692732 0.0
-0.01479816 -0.04333472 -0.7565761 -6.861323 0.5548511 0.5249342 0.5504403 18.84845 0.4783649 0 0.0 0.04579174048738484 6.902909582590533 1.0
-0.0235297 0.01071638 1.725085 -6.773362 2.642356 2.636289 0.3921663 20.73245 nan 0 0.0 0.02585512681064241 6.989588760454294 1.0
0.008789082 -0.02326889 -0.9279149 -7.200165 0.4433583 0.3980111 0.5690817 18.33518 0.6562881 0 0.0 0.02487346385678569 7.25971088190618 1.0
0.06334088 0.02734889 1.827111 -3.348875 1.8231 2.220773 0.4172868 20.40914 nan 0 0.0 0.06899296241941275 3.814878552712524 0.0
0.01616468 -0.03462784 -3.29794 -9.300508 1.736691 1.58435 0.4237024 20.0613 nan 0 0.0 0.0382149732770808 9.867920616911347 0.0
-0.04086611 0.002661286 -0.626018 -7.356989 0.6523731 0.6118647 0.5656546 18.9765 0.728302 0 0.0 0.04095267255877076 7.383575399658691 1.0
0.01948401 0.03263818 -1.371449 -4.810378 1.067615 1.234443 0.1496688 19.46533 0.5776615 0 0.0 0.038011543501842965 5.002060461698259 0.0
-0.02801782 0.006368664 -2.717459 -6.544204 2.390261 2.406372 0.4765757 20.6192 0.8228207 0 0.0 0.028732527189533744 7.085985422670371 1.0
-0.005909807 0.0005273506 -0.4073911 -7.94011 0.1092876 0.1065585 0.6787288 14.86784 0.9846239 0 0.0 0.005933288922054055 7.950554340450684 0.0
-0.01360154 0.04837644 3.389617 -5.459149 1.698349 1.431363 0.09366597 19.8733 0.7141953 0 0.0 0.050252182414748915 6.425870463282776 0.0
0.02099659 0.01533067 1.011548 -7.882258 1.001969 1.072164 0.01382941 19.35044 0.4950657 0 0.0 0.02599781210557919 7.946900058190489 0.0
0.001664508 -0.02732173 -1.945736 -5.813536 1.105498 1.132743 0.5840619 19.76088 0.6299343 0 0.0 0.027372386031819806 6.130504824644705 0.0
0.05969462 0.03078188 0.9680224 -4.998252 1.368924 1.534967 0.3326964 20.00531 0.5944977 0 0.0 0.06716376845650339 5.091128600065585 0.0
0.03146082 0.01032183 -0.3393509 -6.816158 0.9701684 0.9627224 0.1500902 19.28961 nan 0 0.0 0.033110774222619745 6.824600275056028 1.0
0.01582811 -0.03463352 -0.3798822 -6.413643 0.4431625 0.4276324 0.5777634 18.44013 0.5996571 0 0.0 0.038078993864892226 6.424883424415251 0.0
-0.003554627 0.05259995 -0.6904518 -7.033542 0.1215835 0.1218672 0.1799663 15.57297 0.06553364 1 0.9999131 0.05271992140653881 7.067350051744093 1.0
-0.02560498 0.006048713 -4.598116 -8.305278 1.879194 1.859828 0.5363463 20.36191 nan 0 0.0 0.026309730704755778 9.493171936014853 0.0
0.00107548 -0.02858629 2.717287 -7.494748 1.124324 1.178839 0.5825286 19.75396 0.682806 0 0.0 0.02860651382455576 7.972132476563156 0.0
-0.02530245 0.03824863 -1.914547 -6.691627 1.388066 1.130142 0.3304996 19.82631 0.6484432 0 0.0 0.045860349681172294 6.960126588097231 1.0
0.04445434 0.02066361 1.032874 -5.860099 0.7853932 0.8151618 0.2659545 19.15583 0.6858215 0 0.0 0.04902216970991492 5.950427630824275 0.0
0.1108245 0.001008018 -1.041456 -7.338632 0.4287305 0.3817703 0.6225263 18.41565 0.6586952 1 0.9989457 0.11082908418162772 7.412162318201079 0.0
-0.05129543 -0.01570244 -0.6572158 -6.529846 0.7638567 0.7234741 0.5104338 19.36992 0.6685219 0 0.0 0.05364501617893781 6.562836383111012 0.0
0.03558314 0.002931732 -0.8877313 -6.75872 1.611342 1.61032 0.09392807 19.90069 0.5649166 0 0.0 0.03570370995820216 6.816770709023422 1.0
-0.03666122 -0.087412 -0.3981405 -6.474847 0.7241038 0.692695 0.5353818 19.27532 0.6346283 1 0.9968781 0.09478872715617823 6.487076346949313 0.0
0.02181527 0.04615329 -0.7415528 -5.935212 1.46201 1.458215 0.1677982 19.93806 0.4814129 0 0.0 0.05104931128817509 5.981357875945214 0.0
-0.00321673 0.006209434 -1.620418 -6.889606 0.3130494 0.2859493 0.6097663 16.74793 0.8218708 0 0.0 0.006993169702878373 7.077600252201306 0.0
0.03359701 0.02589672 1.97556 -6.149215 1.854712 2.255759 0.1549207 20.19156 0.5898743 0 0.0 0.042419325639365124 6.458767872421566 0.0
-0.02324914 0.01075839 -2.336309 -8.133106 1.081552 0.9959303 0.5782925 19.70644 0.6605358 0 0.0 0.025617678781101542 8.462018255163304 0.0
0.05539879 -0.177838 -0.8955105 -12.5183 0.901525 0.8814156 0.5431199 19.54287 1.252949 1 0.0 0.18626695943581648 12.550289795284021 0.0
0.01412329 0.02261955 1.207928 -7.848581 0.4009876 0.3831858 0.2130021 18.10561 0.6701412 0 0.0 0.026666671382581664 7.940989470257785 0.0
0.009209213 -0.03210948 -1.811597 -7.571761 1.032682 1.035329 0.5487266 19.71235 0.8038082 0 0.0 0.033404016374528514 7.7854639124158815 1.0
-0.007395697 -0.0173236 -0.4301317 -7.067039 0.4210223 0.4128248 0.5080209 18.12384 0.7123508 0 0.0 0.01883622709238262 7.080116772120775 1.0
-0.05398625 -0.02083427 -0.7802648 -7.197332 0.06168448 0.05626533 0.5741317 14.62516 1.094936 1 0.9999698 0.057866933524210525 7.23950281969301 1.0
-0.0003552052 0.0571166 -0.02339721 -8.481898 1.301131 1.351937 0.3307241 19.79166 0.5677261 0 0.0 0.05711770449076281 8.481930270394809 0.0
-0.02639028 0.004745841 -0.8669204 -7.688448 0.3814696 0.3458065 0.5263045 18.278 0.6878681 0 0.0 0.026813613804850717 7.737168967305817 1.0
0.04518086 0.0117446 -4.20118 -8.752757 1.834438 2.235068 0.3299158 20.43814 0.5876293 0 0.0 0.04668239217841776 9.708793359292853 0.0
0.1157607 -0.0005296698 -0.2390537 -7.368957 0.6341518 0.5892512 0.6345524 19.0221 0.6806507 1 0.9963119 0.11576191176111006 7.372833508179382 0.0
-0.03553109 -0.01473984 -6.851528 -11.56882 2.046472 1.997096 0.2373334 20.16618 0.7354603 0 0.0 0.038467144939723565 13.44548370744556 0.0
-0.007002407 -0.02843579 2.445231 -6.580775 1.194066 1.021497 -0.02949201 19.36836 nan 0 0.0 0.0292852839617059 7.020381346051367 1.0
-0.08148701 -0.001221573 -1.192446 -8.009245 1.204236 1.149726 0.4902597 19.99797 0.7629585 0 0.0 0.08149616579529634 8.09752634654195 0.0
-0.01379396 0.009184226 1.204315 -7.079046 0.5167604 0.4319405 0.5669046 18.15397 0.5608234 0 0.0 0.016571763325025975 7.180756707293529 1.0
-0.03163407 -0.005947892 0.1919534 -3.685388 1.574761 1.517525 0.558806 20.15965 0.7320843 0 0.0 0.032188379953153344 3.6903835597828527 0.0
-0.04607914 -0.01230356 -0.9046065 -7.01998 0.4140645 0.387429 0.5274288 18.45836 0.5639439 1 0.999616 0.04769344537578723 7.078024591666961 1.0
0.02795144 -0.0008735247 -3.065455 -7.576005 0.6788861 0.5508305 0.3904833 18.61148 nan 0 0.0 0.027965086151755553 8.172690261905807 0.0
0.001383231 -0.1036404 -2.95026 -9.225394 3.066279 2.499681 0.4580559 20.61467 0.7359848 0 0.0 0.10364963019789004 9.685655812738547 0.0
0.01434488 -0.004277899 1.261395 -7.497138 0.3647249 0.3346747 0.5614363 17.9036 nan 0 0.0 0.014969168382665786 7.602512448991386 0.0
-0.02072493 0.0163912 1.023881 -7.549199 0.7011856 0.6526197 0.535818 19.11079 0.573307 0 0.0 0.026423363921819265 7.618315945388587 1.0
0.008651509 0.0180729 -0.5265316 -7.268381 0.07849706 0.07210438 -0.005286923 13.09804 1.271276 1 0.9999485 0.02003692397517845 7.287427384678324 1.0
0.06231249 -0.07192239 -1.479451 -8.172235 1.067855 1.06175 0.5328687 19.81347 0.7052059 1 0.9943335 0.09516131878716373 8.305070749646026 0.0
0.002113129 -0.03707591 -0.08635896 -6.299732 0.4406632 0.4303773 0.6009159 18.24336 0.6816177 0 0.0 0.03713607971365234 6.300323891816697 0.0
0.0523933 0.01655612 -13.61791 -1.375141 2.037191 2.1175 0.3470529 20.01986 0.9127769 0 0.0 0.05494691068972304 13.687164992721502 0.0
0.001609041 0.02510557 1.605029 -6.832685 0.6867238 0.7634767 0.2358146 19.01382 0.5847588 0 0.0 0.025157079678781898 7.018668135769492 1.0
0.01535929 0.0348665 -0.2149327 -8.718676 1.681685 2.209627 0.1783658 20.20937 0.3304443 0 0.0 0.0380996143229049 8.721324856838283 0.0
0.07348463 0.001945445 0.1927792 -7.149747 0.4939783 0.4816108 0.2799444 18.38994 0.5880623 1 0.9971099 0.07351037751559247 7.152345488296943 0.0
0.1230702 0.0774019 -1.578667 -7.711143 1.429514 1.397601 0.8240489 19.96961 0.7998905 0 0.0 0.14538682282672663 7.871080984422534 0.0
0.03825423 0.0235151 -0.5453635 -6.602295 1.362495 1.593556 0.2544007 19.96892 0.6588001 0 0.0 0.04490374194766957 6.6247807974420745 0.0
-0.07820501 -0.0006874642 -2.5829 -8.710279 2.673857 2.311054 0.3810564 20.70891 0.9381733 0 0.0 0.07820803153210278 9.085171031292752 0.0
-0.03262259 0.02142423 1.483543 -6.97484 0.8413127 0.6997636 0.5190579 19.25052 0.6208019 0 0.0 0.03902859220367806 7.130869011449376 1.0
-0.006722527 -0.01646526 -2.24409 -7.460202 0.6033337 0.5348151 0.3756403 18.54013 0.4938087 0 0.0 0.01778474503987417 7.79041422575873 0.0
