jas1101finalproject/data/gcs/NGC_6101.ecsv
# %ECSV 0.9
# ---
# datatype:
# - {name: x, unit: deg, datatype: float64}
# - {name: y, unit: deg, datatype: float64}
# - {name: pmx, unit: mas / yr, datatype: float64}
# - {name: pmy, unit: mas / yr, datatype: float64}
# - {name: pmx_e, unit: mas / yr, datatype: float64}
# - {name: pmy_e, unit: mas / yr, datatype: float64}
# - {name: pm_corr, datatype: float64}
# - {name: g_mag, unit: mag, datatype: float64}
# - {name: bp_rp, unit: mag, datatype: float64}
# - {name: filter, datatype: int64}
# - {name: memberprob, datatype: float64}
# - {name: r, unit: deg, datatype: float64}
# - {name: pm, unit: mas / yr, datatype: float64}
# - {name: member_prob_GMM, datatype: float64}
# meta: !!omap
# - comments: [deg deg mas/yr mas/yr mas/yr mas/yr dimless mag   mag   zeroone float]
# - __serialized_columns__:
#     bp_rp:
#       __class__: astropy.units.quantity.Quantity
#       unit: &id001 !astropy.units.Unit {unit: mag}
#       value: !astropy.table.SerializedColumn {name: bp_rp}
#     g_mag:
#       __class__: astropy.units.quantity.Quantity
#       unit: *id001
#       value: !astropy.table.SerializedColumn {name: g_mag}
#     pm:
#       __class__: astropy.units.quantity.Quantity
#       unit: !astropy.units.Unit {unit: mas / yr}
#       value: !astropy.table.SerializedColumn {name: pm}
#     pmx:
#       __class__: astropy.units.quantity.Quantity
#       unit: !astropy.units.Unit {unit: mas / yr}
#       value: !astropy.table.SerializedColumn {name: pmx}
#     pmx_e:
#       __class__: astropy.units.quantity.Quantity
#       unit: !astropy.units.Unit {unit: mas / yr}
#       value: !astropy.table.SerializedColumn {name: pmx_e}
#     pmy:
#       __class__: astropy.units.quantity.Quantity
#       unit: !astropy.units.Unit {unit: mas / yr}
#       value: !astropy.table.SerializedColumn {name: pmy}
#     pmy_e:
#       __class__: astropy.units.quantity.Quantity
#       unit: !astropy.units.Unit {unit: mas / yr}
#       value: !astropy.table.SerializedColumn {name: pmy_e}
#     r:
#       __class__: astropy.units.quantity.Quantity
#       unit: &id002 !astropy.units.Unit {unit: deg}
#       value: !astropy.table.SerializedColumn {name: r}
#     x:
#       __class__: astropy.units.quantity.Quantity
#       unit: *id002
#       value: !astropy.table.SerializedColumn {name: x}
#     y:
#       __class__: astropy.units.quantity.Quantity
#       unit: *id002
#       value: !astropy.table.SerializedColumn {name: y}
# schema: astropy-2.0
x y pmx pmy pmx_e pmy_e pm_corr g_mag bp_rp filter memberprob r pm member_prob_GMM
[from data line 8885]
0.0005536324 -0.01509443 3.157881 2.570894 0.7166009 0.8155709 0.0115618 19.84065 0.5834618 0 0.0 0.015104579631993397 4.072064386695893 1.0
0.002770054 0.003658422 -3.372373 -1.324444 3.30647 2.041962 0.2230013 20.50117 nan 0 0.0 0.004588818006088278 3.6231273177001384 0.0
-0.02879938 -0.07245194 -4.591981 -3.433283 0.2675365 0.3596059 0.1334614 18.66991 0.8574333 1 0.0 0.07796594062889257 5.7335609931743114 0.0
-0.04901253 -0.1089024 -1.880272 -6.266919 0.2112221 0.2536679 -0.07205366 18.10915 1.434586 1 0.0 0.11942345172854826 6.542911931743006 0.0
0.01770885 -0.009220687 -0.2766796 -2.464118 0.8380206 1.143495 0.2211802 20.05147 0.8417358 0 0.0 0.01996558131070741 2.4796026131177067 1.0
0.02204923 0.03782513 -0.3811667 12.74922 0.9167415 1.502476 0.3736845 19.83815 nan 0 0.0 0.04378251937828384 12.754916646595104 0.0
-0.0329263 -0.009340826 -0.1870733 -2.035726 1.211152 0.9688181 0.2721395 20.23185 0.5564365 0 0.0 0.03422560827877681 2.0443034918154614 1.0
0.0112139 0.01941754 0.2761232 0.03164064 0.6040158 0.7911838 0.1114998 19.69724 0.6437321 0 0.0 0.022423033087912082 0.2779301201342697 0.0
-0.04648183 -0.03720985 1.811004 -0.1978246 0.02803177 0.03474686 -0.003740853 14.56788 1.368661 1 0.9999527 0.059541023313102376 1.821776621976789 1.0
-0.081534 0.1081237 -3.17855 -4.920818 0.8922475 0.8980511 0.2751941 20.0794 1.228767 1 0.0 0.13541982003270422 5.858125117443635 0.0
-0.01204443 0.008598536 0.1043558 -2.670861 1.39664 1.234705 0.2186947 20.38792 0.6726131 0 0.0 0.014798753845111284 2.6728989158429917 1.0
-0.07291186 -0.09186163 1.241187 -0.235987 0.5878049 0.6841192 0.1181496 19.93294 0.5680256 1 0.9742348 0.11728042630770276 1.263421953718551 0.0
0.006829272 0.005549453 0.7060895 -1.212862 0.3309878 0.4137539 0.1261603 18.98116 0.7533684 0 0.0 0.008799737760251324 1.4034231767554113 1.0
0.03569653 -0.01256561 0.1227291 -17.67144 0.1988114 0.2136318 0.1615958 17.93713 1.275549 1 0.0 0.03784358345496631 17.67186617495693 0.0
-0.07392074 0.02070691 -4.441944 -9.043739 4.066724 1.881297 0.2090698 20.74471 1.454393 0 0.0 0.07676621603215636 10.075717423551387 0.0
-0.03382284 -0.005993144 2.579418 0.2259423 0.2876758 0.237369 0.3606711 18.19265 1.024017 0 0.0 0.03434970568535247 2.589294718963697 1.0
0.01104251 -0.07897102 2.69391 -0.6652259 0.3926207 0.5460512 0.140737 19.49591 0.6497459 0 0.0 0.07973931920289075 2.7748291093562516 1.0
-0.01230083 0.008239785 1.422518 -1.317727 1.314081 1.898083 -0.05551552 20.46024 nan 0 0.0 0.01480555556320414 1.939062120421365 1.0
-0.00181989 0.09462377 -6.310148 -3.542474 0.9606895 0.9897412 0.2156178 20.15253 1.382473 1 0.0 0.09464126926782522 7.236510887339285 0.0
0.0109532 0.02855772 -3.525949 1.632381 2.629546 1.505203 -0.02404648 20.47193 nan 0 0.0 0.030586205417449223 3.885483763929789 1.0
-0.02695183 -0.04302254 0.6831316 0.8597031 0.4650689 0.5789384 0.2998994 19.50919 0.7760887 0 0.0 0.05076751016546409 1.0980702177311659 1.0
-0.03843006 -0.0966777 1.899199 -1.718151 0.7149465 0.7977989 0.3204851 19.92696 nan 0 0.0 0.1040357976318421 2.561054411839389 0.0
-0.05952137 -0.0710001 -7.193724 -9.922301 0.3023254 0.343968 0.1842966 18.95976 0.9621601 1 0.0 0.09264884071960587 12.255681218225977 0.0
0.01645173 0.00813736 -0.5993859 -0.4561722 0.8229893 0.9027332 0.08647269 19.46349 0.7579002 0 0.0 0.018354183385879633 0.7532307303686235 1.0
-0.1076554 0.09904835 -3.391532 -0.403354 0.3847309 0.3777655 0.2062876 19.03563 0.7648811 1 0.0 0.14628827973177652 3.4154331725770892 0.0
-0.02307946 0.01186102 -0.2954253 2.203801 0.5983372 0.6918646 0.1251736 19.59615 0.8500156 0 0.0 0.025948897266203818 2.223514100580675 1.0
0.005883307 0.02366196 -0.440757 11.99052 3.630441 3.301678 -0.1151181 20.71437 0.6491375 0 0.0 0.024382404563493096 11.998618112243134 0.0
-0.0770124 0.1027338 -2.7122 -7.609614 1.232539 1.158228 0.2739488 20.30031 1.938715 0 0.0 0.12839448358944397 8.078505682921564 0.0
0.05171029 -0.03277588 -22.24452 -0.4901424 2.746081 2.478926 -0.150523 20.67109 0.9957943 0 0.0 0.06122264615041153 22.249919316767823 0.0
-0.07599773 -0.1364912 -11.74166 -11.91913 0.3227313 0.3752583 0.09502876 18.80107 0.8651104 1 0.0 0.15622260605492697 16.73117567633847 0.0
0.01819978 0.03473179 2.744151 -0.6189105 1.160635 1.224605 0.3366726 20.18336 nan 0 0.0 0.03921134056178773 2.8130792590702542 1.0
-0.003733769 -0.01503377 1.93688 -0.3894522 0.09399 0.1146994 0.02014836 16.6645 0.343998 0 0.0 0.015490489706857591 1.975646008394429 1.0
-0.06638724 0.01760754 4.390999 0.04477217 1.354821 1.147324 0.03337809 20.3538 0.6136017 0 0.0 0.06868253853541816 4.3912272504628485 0.0
-0.02303948 -0.008868013 -3.998654 1.513103 2.267113 2.270763 0.150274 20.70874 0.6825657 0 0.0 0.024687229355246997 4.2753613297971675 1.0
0.03018056 -0.02523579 1.092832 0.5356848 1.400042 1.333983 0.1873033 20.47264 nan 0 0.0 0.03934096209852652 1.2170620301262545 1.0
0.03238567 -0.00556331 1.946257 -0.3565664 0.0865385 0.1099225 0.05980317 16.90129 0.2277679 1 0.9992361 0.032860037119653414 1.9786500215192073 1.0
-0.1234414 -0.08019243 -5.645288 -9.530062 0.2013558 0.233959 0.07627406 18.33273 0.8600483 1 0.0 0.1472025986973902 11.07661312526478 0.0
0.02317588 0.008374261 0.7839991 -3.696172 1.489313 1.433508 0.1217572 20.38866 0.5620518 0 0.0 0.02464243618375669 3.778404695421708 1.0
0.03585101 -0.03846775 1.941969 -0.5412087 0.1123904 0.1262774 0.05327301 17.13122 0.1365261 1 0.9943579 0.05258386357127631 2.015973822726052 1.0
-0.002798179 -0.00770938 2.155994 -0.1164508 0.1240155 0.1445294 0.01801826 17.32862 1.062397 1 0.9950703 0.008201484359580343 2.1591366137548222 1.0
0.03861921 0.0209216 1.82245 -0.1487722 0.07566775 0.09072205 0.02020986 16.54176 1.162388 1 0.9998824 0.04392216669956185 1.8285122832491005 1.0
0.03727063 -0.02697306 2.458775 0.4475567 1.829038 1.710686 0.1125323 20.63403 0.6936607 0 0.0 0.046007019316192395 2.499176164326935 1.0
-0.02359464 -0.008555912 1.029136 1.180404 0.8094674 1.145875 0.1889748 19.46248 0.6865673 0 0.0 0.02509802117461343 1.5660378378928141 1.0
0.006612961 -0.03801431 1.116212 -2.495846 1.956232 2.410086 0.2231696 20.65627 0.5290432 0 0.0 0.038585217609385346 2.734076898088274 1.0
-0.10792 -0.067849 -2.911723 -10.58069 0.1338334 0.1533868 0.07049156 17.5704 0.9143238 1 0.0 0.1274763240801993 10.974020762912243 0.0
0.007546509 0.01390336 2.009019 -0.3427854 0.09432441 0.1084451 0.1078442 14.72735 1.316355 0 0.0 0.01581939371078048 2.0380527895062386 1.0
0.02334663 0.003201311 2.401209 0.3727202 0.3548536 0.4204615 0.09356074 18.99861 0.9026299 0 0.0 0.02356509122570123 2.4299639933894164 1.0
-0.02531925 0.09680379 -5.715669 -4.515463 0.6318581 0.7016227 0.2607693 19.87556 0.8083248 1 0.0 0.10006017279080923 7.284111354306028 0.0
0.0009891169 -0.06280104 2.750964 0.2557787 0.5371785 0.7381505 0.1885449 19.8932 0.9010086 0 0.0 0.0628088288166836 2.762829287645129 1.0
0.1047401 -0.0335664 -4.942571 -7.283199 0.5315911 0.7474668 0.138593 19.6309 1.372883 0 0.0 0.10998723451823852 8.801931365538021 0.0
-0.09011756 -0.09330394 1.780773 0.04150634 0.1779412 0.2080408 0.07405981 18.12781 0.9914036 0 0.0 0.12971815539806755 1.7812566501740268 1.0
-0.07250942 0.1002266 1.713409 -4.037857 1.233516 0.9851602 0.126038 20.14731 0.9122868 0 0.0 0.12370524377040935 4.386349228427896 0.0
-0.1134527 0.04209738 -14.05402 -2.699159 2.243757 1.450345 0.006700937 20.57563 1.138645 1 0.0 0.12101117526970144 14.310867809734006 0.0
-0.01054384 -0.05296213 1.931936 -0.6374739 0.4965397 0.6552911 0.1464649 19.81456 0.6800003 0 0.0 0.05400147938790659 2.034391722672212 1.0
0.004871748 0.03061264 -1.084578 -6.33038 1.904188 1.947415 -0.05954443 20.36522 0.6400204 0 0.0 0.030997865351425475 6.422617876106595 1.0
-0.0266178 0.02527636 -5.316947 0.1119969 3.479503 3.097901 0.2447493 20.91747 0.8253536 0 0.0 0.036706970069587605 5.318126428209338 0.0
0.005182376 -0.01098291 1.912872 -0.5079541 0.161831 0.1871303 0.06961021 17.8357 0.9285183 0 0.0 0.012144189271971842 1.9791656464507486 1.0
-0.01660756 -0.01253082 1.648264 1.239826 0.3690702 0.4740859 0.07878374 19.29692 0.7133121 0 0.0 0.020804626865820016 2.0625088421560767 1.0
0.04722428 -0.006571997 2.122556 -0.2131538 0.7153254 0.879188 0.1879148 20.04599 0.683691 0 0.0 0.047679385126975046 2.1332319413487224 1.0
0.02812582 -0.06817843 -5.928273 -5.381849 0.7182817 0.8996905 0.2755786 20.08001 0.8570156 0 0.0 0.07375201738215233 8.006792080560729 0.0
-0.002755034 -0.0466498 2.08107 -2.481272 0.8180202 1.022877 -0.08506572 20.0485 0.5736542 0 0.0 0.046731082294134335 3.2384507226271024 1.0
0.04785105 -0.1409123 -2.812545 -5.720774 0.4702696 0.5939201 0.1368986 19.62312 1.752939 1 0.0 0.1488153193639435 6.374767802524339 0.0
-0.06410185 0.09772472 -3.407018 -3.805524 0.1716377 0.1732602 0.2091934 17.65045 0.9384766 1 0.0 0.11687244359771426 5.107816027119615 0.0
0.03742959 -0.01981699 2.323091 -5.893674 0.6499018 0.7611616 0.09912671 19.41803 0.7595673 0 0.0 0.04235194564867357 6.3349936868600745 0.0
-0.003768134 0.01625437 1.9097 -0.2086124 0.06111973 0.07314335 0.0525811 15.9469 1.181911 1 0.9997931 0.016685424116241576 1.9210604424207376 1.0
-0.07278552 -0.05003649 -1.126932 -5.190044 0.6793799 0.7986126 0.2081964 20.04965 1.679712 0 0.0 0.08832543378433247 5.310982249505265 0.0
-0.02479788 -0.02546425 -3.526001 -8.611418 1.577239 2.71045 0.2707869 20.36849 nan 0 0.0 0.0355438163476701 9.305331967357478 0.0
-0.03590774 0.001556018 1.474344 -0.6869206 0.5146236 0.5446135 0.149376 19.60733 0.7019596 0 0.0 0.03594143825619565 1.6265147220484542 1.0
0.03693816 0.02320624 1.582282 -0.009935373 0.3197924 0.3830507 0.02871111 18.92915 0.9990883 0 0.0 0.043622898105504175 1.5823131925003497 1.0
-0.03113699 -0.08834017 1.738609 0.1110488 0.08315503 0.1313183 0.1239621 16.83388 0.1575775 1 0.9969211 0.09366695138568885 1.7421518564299843 1.0
-0.01447895 0.01888121 2.359184 -0.6605097 0.4323508 0.5042496 0.07424813 19.14618 0.852623 0 0.0 0.023793698412953795 2.4499024898248685 1.0
0.06540689 -0.03296452 1.59099 0.5090505 0.5800897 0.6548569 0.148317 19.63511 0.8191967 1 0.9903536 0.07324425464364082 1.6704435314162074 1.0
0.06319909 -0.03595516 1.555506 -0.3582645 0.1713158 0.2002764 0.1608335 17.79637 1.078465 1 0.9988187 0.07271106179566972 1.5962306750580413 1.0
-0.08981915 0.09940298 -4.834814 -7.986312 0.3973236 0.3795905 0.2900499 19.0397 0.9354324 1 0.0 0.1339717587389331 9.33577022938868 0.0
-0.03721851 -0.0007201517 4.083233 0.2435818 1.245083 1.065636 0.3191078 20.19429 nan 0 0.0 0.037225476559623966 4.090491880639814 1.0
0.03906088 -0.1240762 -3.802562 -2.111462 0.9297596 1.121184 0.1302984 20.30691 0.9520168 1 1.183276e-06 0.13007942094280095 4.3494539359887465 0.0
-0.005113781 0.003841025 3.645263 -4.921208 0.5900515 0.659426 0.06019194 19.08938 0.8534279 0 0.0 0.0063956414194813955 6.124233055528912 0.0
0.01581603 0.02314494 2.120264 -1.331214 0.5689388 0.673049 0.1486056 19.47254 0.8251438 0 0.0 0.028032749643310054 2.503527539990723 1.0
0.01198322 0.003456363 6.834273 -9.023657 1.339331 2.757786 -0.4312142 20.25141 nan 0 0.0 0.012471728298682946 11.319614529310527 0.0
-0.01791062 -0.08125763 1.88852 -1.048238 0.446738 0.5946513 0.07501051 19.63765 0.7460213 1 0.9869362 0.08320812906201712 2.159933030222002 1.0
0.04930048 -0.09082912 -5.285864 -8.033741 0.1209237 0.1505761 0.1500893 17.48849 1.005522 1 0.0 0.10334634182304084 9.616722554050158 0.0
0.08030024 -0.1388366 -10.16726 -9.253928 0.1876736 0.2473654 0.2543963 18.00444 1.049507 1 0.0 0.16038619031455795 13.74803110764534 0.0
-0.0131878 -0.01720487 1.674728 -0.1983537 0.2816227 0.2520503 0.01699428 18.2869 nan 0 0.0 0.02167776788686741 1.6864335339074854 1.0
-0.06204966 -0.1349736 1.9834 -0.1069183 0.4313742 0.5240644 0.08791732 19.5636 0.6810856 1 0.9855358 0.14855313191944355 1.986279709123287 0.0
-0.01636593 0.03027032 5.400152 -7.688123 2.694632 2.400411 0.01174456 20.75588 0.5771713 0 0.0 0.034411276315581496 9.395151775582606 0.0
-0.01485931 -0.001527731 1.95147 0.411953 0.2353771 0.2526051 0.1329645 18.30928 0.9894772 0 0.0 0.014937638892557987 1.9944774842321484 1.0
-0.005349366 -0.004169906 1.662313 -0.07263178 0.6910689 0.8818111 -0.2209513 19.4458 nan 0 0.0 0.006782612524005186 1.6638990009718042 1.0
-0.01898966 0.001398157 -2.367153 1.248662 1.279965 1.108537 0.291836 20.1524 nan 0 0.0 0.019041061680280566 2.6762978376206563 1.0
0.04838729 -0.02878426 -8.400321 -3.087322 0.2236428 0.2345253 0.09636429 18.24037 0.9338894 1 0.0 0.05630154045220877 8.949689940703253 0.0
-0.009791422 -0.007475263 1.439033 0.4422676 1.703524 1.544262 0.1659639 20.47011 nan 0 0.0 0.01231874594677774 1.5054622562850122 1.0
0.02458974 0.02236475 6.557291 -4.03604 2.417893 2.8059 0.2101499 20.72913 nan 0 0.0 0.03323909378773886 7.699849618030277 0.0
-0.1304247 0.1007481 3.651427 -4.272449 0.3230672 0.2960004 0.2037653 18.69737 2.124733 1 0.0 0.16480528518133147 5.620208145071675 0.0
0.06320062 0.01193483 2.21433 -0.0101185 0.4158045 0.5383371 0.09058479 19.45274 0.8374424 0 0.0 0.06431763782597508 2.2143531183942295 1.0
-0.04072308 0.09763077 2.118854 1.222821 1.183923 0.9610068 0.4426166 20.10734 0.8492699 0 0.0 0.10578344149950548 2.4463919292208676 1.0
0.002492156 0.0184366 -0.7872689 -2.481361 1.623406 1.169709 0.1692022 20.28002 0.7729111 0 0.0 0.018604275344348567 2.603256563081751 1.0
-0.1008848 -0.03567344 -3.361316 -7.916728 0.4681191 0.5885685 0.1608973 19.66008 1.108498 1 0.0 0.10700624838052028 8.600757378152228 0.0
0.03492146 0.02111972 -3.75541 -5.725518 0.237018 0.2763616 0.1315369 18.45517 1.030977 1 0.0 0.040811161970838325 6.847237445599795 0.0
-0.02575301 -0.041823 1.730503 -1.0508 0.2751115 0.3477511 0.1753823 18.82805 0.9614849 1 0.9872333 0.049115993862082236 2.0245545863248537 1.0
-0.09092128 0.1042042 2.033136 0.4166857 0.3834607 0.429716 0.2600739 19.15751 0.9602776 1 0.9839889 0.13829386990925663 2.0753960988400477 0.0
-0.0024112 -0.043392 1.704054 -1.75365 0.4645529 0.5791135 0.11382 19.50528 0.8399696 0 0.0 0.04345894096086558 2.4452174458350324 1.0
-0.06656436 0.0992648 -3.625629 -9.725123 0.8360677 0.9076106 0.2726456 19.41146 1.088486 0 0.0 0.11951700523879269 10.378978900198709 0.0
-0.03364425 0.005985353 2.188872 -1.466988 0.4902779 0.5305441 0.134188 19.55035 0.7020969 0 0.0 0.034172503692253935 2.634997993268306 1.0
0.1217517 -0.09515793 -4.713287 -6.511542 0.3571918 0.5104734 0.1451133 19.24965 0.878912 1 0.0 0.15452672291475963 8.0383613729499 0.0
0.03161339 0.03348533 1.170734 -1.534347 0.5700167 0.88887 0.05425112 19.69748 0.8159409 1 0.9704337 0.04605077363629193 1.9299841489413843 1.0
-0.01530917 0.01788109 1.350538 0.9494115 0.5761614 0.7333006 0.06231772 19.84491 0.5489616 0 0.0 0.023539415151549538 1.6508588933571064 1.0
0.05403417 -0.136329 -42.33385 -45.69152 0.8681524 1.061884 0.09567837 20.28538 1.732939 0 0.0 0.1466468130188614 62.28860133068409 0.0
0.001165793 0.01132613 1.425786 -0.3031191 0.251521 0.2616137 0.163338 18.42354 0.9182606 0 0.0 0.01138596917683115 1.4576511607997333 1.0
-0.1521594 0.02150077 -3.621279 -4.819235 0.3910885 0.4094963 0.303494 19.06709 0.935463 1 0.0 0.15367096706584787 6.028157892844712 0.0
0.1077912 -0.07678241 1.720779 0.1213132 0.2847409 0.3874915 0.1273657 18.81029 0.9159603 1 0.992885 0.13234228833917033 1.7250499295195023 1.0
-0.01449433 -0.07378544 1.250629 2.111693 1.02343 1.353382 0.1805197 20.37222 0.6737099 1 0.9382885 0.07519559001791594 2.45424534671862 1.0
0.09374136 -0.09211668 -2.084503 -11.40839 2.953311 3.731142 0.1762282 20.95277 1.064663 1 0.02533475 0.1314265015469559 11.597263261179727 0.0
-0.004517915 -0.02898047 -9.252219 -19.10282 0.3004526 0.3341907 0.04714728 18.43543 1.304018 0 0.0 0.02933051648655586 21.225486764179546 0.0
-0.104601 -0.06232888 -3.0877 -4.427026 0.9283398 1.101085 0.09449497 20.34249 1.003645 1 0.0 0.12176312447968145 5.397448517093609 0.0
-0.0341287 0.003054768 2.541547 -2.033982 0.6628372 0.67705 0.1271311 19.93188 0.8598785 0 0.0 0.03426513929964132 3.2552333141470826 1.0
