jas1101finalproject/data/gcs/NGC_6569.ecsv
# %ECSV 0.9
# ---
# datatype:
# - {name: x, unit: deg, datatype: float64}
# - {name: y, unit: deg, datatype: float64}
# - {name: pmx, unit: mas / yr, datatype: float64}
# - {name: pmy, unit: mas / yr, datatype: float64}
# - {name: pmx_e, unit: mas / yr, datatype: float64}
# - {name: pmy_e, unit: mas / yr, datatype: float64}
# - {name: pm_corr, datatype: float64}
# - {name: g_mag, unit: mag, datatype: float64}
# - {name: bp_rp, unit: mag, datatype: float64}
# - {name: filter, datatype: int64}
# - {name: memberprob, datatype: float64}
# - {name: r, unit: deg, datatype: float64}
# - {name: pm, unit: mas / yr, datatype: float64}
# - {name: member_prob_GMM, datatype: float64}
# meta: !!omap
# - comments: [deg deg mas/yr mas/yr mas/yr mas/yr dimless mag   mag   zeroone float]
# - __serialized_columns__:
#     bp_rp:
#       __class__: astropy.units.quantity.Quantity
#       unit: &id001 !astropy.units.Unit {unit: mag}
#       value: !astropy.table.SerializedColumn {name: bp_rp}
#     g_mag:
#       __class__: astropy.units.quantity.Quantity
#       unit: *id001
#       value: !astropy.table.SerializedColumn {name: g_mag}
#     pm:
#       __class__: astropy.units.quantity.Quantity
#       unit: !astropy.units.Unit {unit: mas / yr}
#       value: !astropy.table.SerializedColumn {name: pm}
#     pmx:
#       __class__: astropy.units.quantity.Quantity
#       unit: !astropy.units.Unit {unit: mas / yr}
#       value: !astropy.table.SerializedColumn {name: pmx}
#     pmx_e:
#       __class__: astropy.units.quantity.Quantity
#       unit: !astropy.units.Unit {unit: mas / yr}
#       value: !astropy.table.SerializedColumn {name: pmx_e}
#     pmy:
#       __class__: astropy.units.quantity.Quantity
#       unit: !astropy.units.Unit {unit: mas / yr}
#       value: !astropy.table.SerializedColumn {name: pmy}
#     pmy_e:
#       __class__: astropy.units.quantity.Quantity
#       unit: !astropy.units.Unit {unit: mas / yr}
#       value: !astropy.table.SerializedColumn {name: pmy_e}
#     r:
#       __class__: astropy.units.quantity.Quantity
#       unit: &id002 !astropy.units.Unit {unit: deg}
#       value: !astropy.table.SerializedColumn {name: r}
#     x:
#       __class__: astropy.units.quantity.Quantity
#       unit: *id002
#       value: !astropy.table.SerializedColumn {name: x}
#     y:
#       __class__: astropy.units.quantity.Quantity
#       unit: *id002
#       value: !astropy.table.SerializedColumn {name: y}
# schema: astropy-2.0
x y pmx pmy pmx_e pmy_e pm_corr g_mag bp_rp filter memberprob r pm member_prob_GMM
[from data line 3149]
0.01923454 -0.06793242 -2.040726 -8.32227 0.2439691 0.2039437 0.2215527 17.52409 1.899488 0 0.0 0.07060298305360758 8.568823755917494 0.0
0.04672663 0.03700006 -0.2924314 -3.661622 0.9969801 0.8131258 0.2584755 19.37579 1.554432 0 0.0 0.05960186566845454 3.6732807944111703 0.0
-0.01128763 -0.06892484 0.07406313 -2.459629 1.261922 1.037455 0.262002 19.7469 2.101376 0 0.0 0.06984299649959544 2.4607438234945134 0.0
-0.003515583 -0.04417066 -1.231441 -3.616617 1.712132 1.438568 0.2539963 20.01458 1.195824 0 0.0 0.04431034335982389 3.8205190041629162 0.0
0.08025513 -0.006184393 -0.7566106 -6.539369 1.029311 0.8956892 0.4053191 19.4583 1.317719 0 0.0 0.08049305937840447 6.582993735238805 0.0
-0.003515375 -0.04961423 -3.422257 -5.778448 0.2649275 0.2243992 0.2209982 18.04659 1.642115 0 0.0 0.0497386135701783 6.715824913050741 0.0
0.03802434 -0.05617564 -6.052593 0.7828764 1.484491 1.316075 0.4032025 19.15814 1.732105 0 0.0 0.0678347474517684 6.103013803140704 0.0
0.01957808 -0.03636017 -1.365776 -2.31085 1.220254 1.07618 0.3273523 19.98176 nan 0 0.0 0.04129604313872335 2.6842823630676413 0.0
-0.006702099 -0.06161544 1.388947 -2.722364 0.7900693 0.6738495 0.2170236 19.35343 nan 0 0.0 0.061978872024258405 3.0562132643689965 0.0
-0.03588881 -0.03657106 -2.013504 -5.11543 0.3189683 0.2702346 -0.05823608 17.85683 nan 0 0.0 0.05123913653390053 5.497437807098503 0.0
-0.01263783 -0.04798615 -4.017696 -7.100225 0.5169555 0.4365405 0.1990994 18.94703 1.484797 0 0.0 0.04962242778151226 8.15812945466306 0.0
-0.05049858 -0.05226012 0.7886472 -9.087301 1.110334 0.9142318 0.09808529 19.82501 nan 0 0.0 0.07267204912778227 9.121458428928394 0.0
0.05747867 -0.02546405 -2.571214 -3.857183 1.316334 1.138592 0.3696949 19.92111 1.043049 0 0.0 0.06286664733681445 4.6356231651510456 0.0
0.06561488 0.04279264 -4.947521 -3.053255 1.056643 0.9056376 0.2433979 19.89346 1.071579 0 0.0 0.07833595927531621 5.813805134373356 0.0
-0.03265007 -0.03335216 -3.130714 -1.987675 0.3464187 0.2944448 0.1570288 18.38948 1.420694 0 0.0 0.046673264806208925 3.7083988533356282 0.0
-0.007947013 -0.04844148 -0.9147123 -3.251706 0.6122435 0.4739983 -0.4148023 18.34387 nan 0 0.0 0.049089021177984075 3.3779121513454564 0.0
0.06821457 -0.0199019 -1.754699 -3.297681 1.082744 0.969117 0.5349746 19.6809 1.257349 0 0.0 0.07105851943218984 3.735460956610576 0.0
0.06398687 0.0144315 2.365264 -6.349386 1.28278 1.145943 0.6899575 19.58077 1.272251 0 0.0 0.06559411349082248 6.775631067781952 0.0
0.06188428 -0.02718924 -4.363154 -0.8141232 0.512579 0.4249623 0.2024934 18.89844 1.381952 0 0.0 0.06759377843334399 4.438457999406352 0.0
0.03994885 -0.04023293 0.9449725 -8.209254 1.196367 0.9063807 -0.2537917 19.41703 nan 0 0.0 0.05669743620929786 8.263463212374836 0.0
0.06645652 -0.01328975 -1.928024 -2.213148 1.193919 1.038605 0.4452319 19.27282 1.164604 0 0.0 0.06777231370975098 2.9351832335443726 0.0
0.02965142 -0.06496163 -3.820002 -3.19282 0.7405997 0.6358905 0.3315502 19.01704 1.437881 0 0.0 0.07140882354634685 4.978605711683142 0.0
-0.02686625 -0.04591972 -2.937442 -6.961234 0.8403177 0.7246948 0.4191934 19.48152 1.925081 0 0.0 0.05320165480453498 7.555616738964464 0.0
0.06463144 0.009050421 -4.740308 -8.969602 1.237991 1.053063 0.3192441 19.49073 1.394241 0 0.0 0.0652620345740986 10.145160421268262 0.0
0.06541369 0.01510952 -0.463383 -5.045756 0.4734648 0.404856 0.2320301 18.90328 1.437441 0 0.0 0.06713604422399713 5.06698898915569 0.0
0.03768992 -0.05016354 -5.751326 -8.293753 0.08815633 0.0750069 0.2276815 15.71137 1.841383 1 0.0 0.0627448070754704 10.092774127230085 0.0
-0.01797704 -0.04518514 -1.651233 -4.693943 1.423682 1.275509 0.6024235 19.79004 1.320902 0 0.0 0.04862993773367595 4.975909093576569 0.0
0.05604594 0.04845232 2.494454 -1.997064 0.7927988 0.6631044 0.05970181 19.48937 1.629578 0 0.0 0.0740862652849096 3.1953975305448306 0.0
0.01905967 -0.03648976 -6.808774 -6.248551 1.146287 0.9962303 0.390411 19.62469 nan 0 0.0 0.04116762812412807 9.241417260500523 0.0
0.01456966 -0.07443181 0.1104811 -4.45905 1.322509 1.148729 0.2706248 20.00328 nan 0 0.0 0.07584437574660167 4.460418475429992 0.0
-0.0660252 -0.04705142 -1.137896 -9.790911 0.4358299 0.3689623 0.08793823 18.75055 1.305172 0 0.0 0.08107504646348591 9.856812137640496 0.0
0.05892754 -0.02979655 -5.245171 -8.147593 1.760996 1.659585 0.5550556 19.75608 nan 0 0.0 0.06603248717377 9.689947910741832 0.0
0.01908551 -0.0368617 0.1536655 0.673831 0.6656125 0.5740032 0.360519 19.15899 1.310682 0 0.0 0.04150953648079077 0.6911304525567152 0.0
-0.02085357 -0.0461604 -2.809466 -3.023745 0.2675725 0.2301826 0.231865 17.85482 1.541111 0 0.0 0.05065228435031237 4.127485073283851 0.0
0.02359619 -0.03386248 9.962727 6.269842 2.890508 2.218839 -0.04790885 19.97464 nan 0 0.0 0.0412728449984551 11.771442051910759 0.0
0.05858 -0.04642841 -0.5249909 -1.870426 0.2599491 0.2163289 0.3343958 17.54394 1.714619 1 0.0 0.07474766655306439 1.9427065827239094 0.0
0.03896142 -0.04626164 -10.12788 -10.15085 0.1716878 0.1425601 -0.01029399 16.9366 1.717931 1 0.0 0.060482489895059714 14.33923669575546 0.0
0.02328861 -0.02014666 -5.137267 -7.088797 0.681713 0.5976932 0.5163441 18.94497 1.524664 0 0.0 0.030793623769990112 8.75457338403751 0.0
0.03431942 -0.05424205 2.981024 -6.285441 0.1305455 0.1116913 0.2680258 16.17941 1.861443 0 0.0 0.06418740201424965 6.956527341501433 0.0
-0.0556272 -0.0563715 -0.174889 -3.782991 1.947863 1.59757 -0.08522853 19.72678 1.13032 0 0.0 0.07919678902638666 3.7870314321909184 0.0
-0.03489715 -0.05436052 0.1080073 -4.422592 0.9180586 0.8157553 0.7352889 19.06484 1.300556 0 0.0 0.0645978112074465 4.4239106653861455 0.0
0.05871813 0.007738301 -2.302113 -0.7576592 0.1542244 0.1288449 0.1659259 16.93845 1.71867 1 0.0 0.0592258397413114 2.423586542319799 0.0
0.05911726 0.02360337 -5.278768 -9.627999 0.2607886 0.2201417 0.1892444 17.97264 1.611311 0 0.0 0.06365508232077388 10.980152837817196 0.0
-0.03875602 -0.05990672 1.643753 -1.457325 0.09085785 0.07711299 0.2090172 15.80397 1.769978 1 0.0 0.0713501519788066 2.1967521664115868 0.0
0.04036337 -0.04061649 0.9261095 -4.115358 1.262272 1.107595 0.6075967 19.49838 nan 0 0.0 0.05726168786961314 4.2182757465763485 0.0
0.06294753 -0.0265262 -3.949536 -7.234178 0.6380519 0.5542211 0.5187849 19.02965 1.035536 0 0.0 0.06830835102343563 8.242097181602508 0.0
0.06865824 -0.01591778 -1.938857 -9.22863 0.9815952 0.8381125 0.269396 19.52106 0.9100018 0 0.0 0.07047928518384675 9.430099582896727 0.0
-0.03717549 -0.05957801 -2.856454 -4.682316 1.499711 1.325258 0.3908872 19.39252 1.158361 0 0.0 0.07022504063580312 5.484834781283024 0.0
0.05967611 0.005433609 -3.038145 -4.755835 0.375865 0.3178545 0.2853217 17.51271 1.907846 0 0.0 0.059922968980992426 5.643429062923534 0.0
-0.006675966 -0.06465575 -3.180822 -7.458911 0.5198785 0.4307784 0.1147547 18.89594 1.534964 0 0.0 0.0649994963834002 8.108821239958678 0.0
-0.01646854 -0.07505392 -5.265945 -2.99829 1.191242 1.043096 0.522023 19.76308 1.183926 0 0.0 0.07683946718385025 6.059696334563721 0.0
0.06779433 0.007953334 -9.417268 -2.241863 2.977902 2.664699 0.507866 20.29929 nan 0 0.0 0.06825926092380767 9.680438331738548 0.0
0.04872364 -0.06184359 -2.140015 -5.617812 0.3789236 0.3283896 0.414543 18.42174 1.475658 0 0.0 0.07873133251087333 6.011611752896972 0.0
0.05127703 -0.03665653 -2.714708 -6.514749 1.442026 1.329615 0.3354583 19.9589 1.711428 0 0.0 0.06303201565285534 7.057732926249406 0.0
0.03411243 -0.05335696 -1.359993 -7.746345 1.152364 0.9841516 0.2732684 19.86463 nan 0 0.0 0.063329480188507 7.864823063430862 0.0
-0.03796186 -0.0377411 1.164768 0.4863424 1.615607 1.511722 0.3544851 19.82578 nan 0 0.0 0.05353030397699606 1.2622255835870861 0.0
0.03092152 0.01369319 -3.983267 -7.258368 0.1704223 0.1424969 0.1523372 17.10678 1.378138 0 0.0 0.03381780376497711 8.27951218470708 0.0
0.01641531 -0.03991103 -5.122639 -5.154549 0.5212867 0.4459885 0.3688576 18.96206 1.432388 0 0.0 0.043154984857568884 7.2671043557748645 0.0
0.04609161 -0.03987149 -1.609359 -10.85789 0.9999169 0.8807306 0.4705493 19.54515 1.18552 0 0.0 0.0609440089525804 10.976511815826601 0.0
0.0626014 -0.001791459 -0.4156324 -4.195934 0.2623697 0.2211382 0.2398018 17.67457 1.595531 0 0.0 0.06262702777003457 4.21646918929639 0.0
0.06302337 0.008622379 2.427546 -7.105511 0.163599 0.1356982 0.03773276 16.91736 0.9906864 1 0.0 0.06361045971989622 7.508745977407745 0.0
0.07154543 -0.003630921 -0.1021613 -0.9989296 1.295679 1.132762 0.09013252 19.83085 nan 0 0.0 0.07163750512959773 1.0041400684037312 0.0
-0.04969635 -0.05017877 3.166808 4.153706 1.259774 1.032053 0.0459403 18.95302 1.700714 0 0.0 0.07062319846930892 5.223212272471797 0.0
0.01888628 0.002795935 -2.154552 -10.80674 1.289854 1.099751 0.1595292 18.94893 nan 0 0.0 0.019092114203582193 11.019424837454267 0.0
0.039864 0.003336669 2.138792 -7.764746 0.8906417 0.7740188 0.520055 19.40548 1.680342 0 0.0 0.040003398055859715 8.053925233312016 0.0
-0.04199241 -0.06576751 -2.278069 -5.165035 0.125613 0.1064747 0.2089745 16.41454 1.901302 1 0.0 0.07803030096833025 5.645102737770677 0.0
-0.04298757 -0.04316208 -5.102443 -4.212225 0.3736419 0.3079128 0.07350298 18.29428 1.499542 0 0.0 0.06091712669218157 6.61647670734765 0.0
0.01911976 0.003341389 -2.756204 -7.692432 0.5161223 0.4154612 -0.100968 18.44913 1.460995 0 0.0 0.01940953639082915 8.171301644428507 0.0
0.05273972 -0.01704028 -4.072487 -7.570199 0.2872506 0.2340957 0.08497303 17.98747 1.611242 0 0.0 0.05542426551752219 8.596107448419312 0.0
0.05489428 -0.05582365 0.9099409 -2.853479 0.2429948 0.2059275 0.4866275 17.42861 1.38962 1 0.0 0.07829215718091372 2.9950517265873406 0.0
-0.01349054 -0.06514859 -5.65462 4.619704 0.7600377 0.6552518 0.3437857 19.442 1.364548 0 0.0 0.0665306955358179 7.301807474318671 0.0
-0.01413603 -0.07999929 -0.9131047 -3.506435 0.312871 0.2690305 0.412367 18.04603 1.25144 0 0.0 0.0812386222474569 3.6233750292216635 0.0
0.0769868 -0.007921112 -2.261303 -5.451218 1.545239 1.455224 0.566998 19.82755 0.7094383 0 0.0 0.07739322573427562 5.901632735212604 0.0
0.05328067 -0.02303348 -4.276688 -7.390628 0.4082709 0.3385348 0.1598476 18.4037 1.528696 0 0.0 0.058046283227776954 8.538819735989748 0.0
-0.0264421 -0.0789396 3.239332 -1.584461 0.3567302 0.2929732 0.1511362 18.4597 1.36529 0 0.0 0.08325049609804136 3.606076603005682 0.0
0.05311599 -0.03891206 -7.687095 -4.018963 0.1894812 0.1615721 0.275572 17.08323 1.669634 1 0.0 0.06584418582626488 8.674300728842297 0.0
0.06735323 0.007593168 0.1398876 -5.133157 0.2691226 0.2268837 0.1206679 17.98891 1.399279 0 0.0 0.0677798922373673 5.135062738397921 0.0
0.02171325 0.005276774 -4.860443 -6.886693 0.5307836 0.4341216 0.09278013 18.68111 1.405718 0 0.0 0.022345235944370247 8.429142698548768 1.0
0.05376775 -0.0323874 3.555019 3.389759 0.1557271 0.1324736 0.1949897 16.8648 1.366486 1 0.0 0.06276873918458534 4.912089796455477 0.0
0.005114683 -0.0455917 -1.054446 -5.028166 1.261773 1.113757 0.6427531 19.42637 1.357729 0 0.0 0.04587769709870461 5.137539264129472 0.0
0.04586014 -0.03627793 0.8369611 -9.27679 1.163925 1.008611 0.4663305 19.68635 nan 0 0.0 0.05847427336790514 9.314469205865313 0.0
0.05267838 -0.0336418 -1.746164 -6.840303 1.466513 1.376093 0.5330271 19.82022 1.287624 0 0.0 0.06250425926818427 7.059662445663036 0.0
0.06629333 -0.02390784 -1.115223 -1.537828 0.4899069 0.418197 0.2995739 18.7646 nan 0 0.0 0.07047262174741692 1.8996413601817055 0.0
-0.03425045 -0.05127037 -0.7679208 -5.324823 1.373937 1.191641 0.6183275 19.63812 0.8612595 0 0.0 0.06165828545410098 5.379910997070644 0.0
0.07729655 -0.009571228 -4.256851 -4.199322 0.3447628 0.2984546 0.1769876 18.25057 nan 0 0.0 0.07788687339552465 5.979555643681644 0.0
0.06000811 0.03750546 -11.66448 -5.736837 1.348696 1.099005 0.09443134 19.32761 nan 0 0.0 0.0707646295516602 12.998899662470244 0.0
-0.05332212 -0.05426824 -2.274788 -10.15968 0.4464618 0.3856157 0.4404234 18.51557 1.412901 0 0.0 0.07608081462492368 10.41123230685705 0.0
0.0008127524 -0.02101157 8.352459 4.735614 1.030776 0.9135095 0.3881987 16.55834 1.913576 0 0.0 0.021027283236990123 9.60154213153684 0.0
0.02128923 -0.03425293 -0.9640976 -3.945419 0.537919 0.4618998 0.3963149 18.89767 1.220812 0 0.0 0.04032982181435718 4.061504064738426 0.0
0.009934998 -0.04711225 -2.295637 -9.578326 2.238915 1.939769 0.7572766 19.90804 nan 0 0.0 0.04814839857484882 9.84958264080489 0.0
0.0482794 0.03009466 -6.339708 -2.367471 0.6506057 0.5433846 0.03161731 18.83159 1.485392 0 0.0 0.056891027630687076 6.767334516713726 0.0
0.07353299 0.01772601 -3.445727 -6.18624 1.147968 1.008002 0.4989479 19.77087 1.290449 0 0.0 0.07563935515893959 7.081143968041393 0.0
0.01694119 0.00103583 -4.738363 -7.173658 0.8429965 0.6751669 -0.1514739 19.00932 nan 0 0.0 0.016972827177727343 8.597293354348972 1.0
-0.01354136 -0.07196927 -5.631835 -3.711405 1.011724 0.8120926 -0.006042199 19.40723 nan 0 0.0 0.07323212583956921 6.744782616307956 0.0
0.01083816 -0.08023344 2.39013 0.7055279 1.094793 0.9722314 0.4313793 19.7322 1.891525 0 0.0 0.08096215539632823 2.492085679622274 0.0
0.05820649 0.01882223 -2.077196 -8.131539 0.3026643 0.2553047 0.1363057 18.18019 1.502497 0 0.0 0.06117411070291909 8.392655701918017 0.0
-0.04726047 -0.0498704 0.2176458 -10.26992 1.095344 0.9096098 0.1918306 19.54142 1.285536 0 0.0 0.06870668687093637 10.272225975934216 0.0
0.003999936 -0.05332022 1.327065 -8.029276 1.069004 0.94017 0.569077 19.47476 1.276617 0 0.0 0.053470041601372406 8.138204629916908 0.0
0.07825232 -0.01371861 -0.4035313 -7.719697 0.7920608 0.6899919 0.5571216 18.98198 1.243353 0 0.0 0.07944574152032631 7.7302366899008135 0.0
-0.04467095 -0.0457111 -0.9152055 -5.772152 0.7640381 0.6323792 -0.05102377 19.11747 1.77788 0 0.0 0.06391399249861097 5.844256994548943 0.0
0.03543159 -0.05977759 -0.05512097 -2.053324 0.4196264 0.3530253 0.09803957 18.47626 nan 0 0.0 0.06948926417898091 2.054063721092834 0.0
0.03652464 -0.04786472 -3.875761 -7.422888 0.1965781 0.1680749 0.2579441 17.33128 1.607378 0 0.0 0.060208643464273466 8.373815712664388 0.0
-0.007065133 -0.05814981 -3.89936 -8.822349 0.8739418 0.7497184 0.263114 19.58901 1.461815 0 0.0 0.05857744025940182 9.645664844239667 0.0
0.01185142 -0.05781079 -6.88985 -2.952263 0.397274 0.32958 0.1179403 18.19539 1.569101 0 0.0 0.059013079875909716 7.495724771072441 0.0
-0.009163131 -0.06776494 0.7438316 -2.927539 1.228394 1.085436 0.3503792 19.95223 0.7199345 0 0.0 0.06838165004536495 3.0205579030502894 0.0
0.04553417 -0.0664978 -0.4014676 -6.010372 0.1450395 0.1251283 0.1074336 16.56454 2.063546 1 0.0 0.0805935359841526 6.023765252085589 0.0
0.03655051 0.01746196 -2.438975 -7.546713 0.3061536 0.2626786 0.3709826 17.94373 1.661776 0 0.0 0.040507528044817796 7.931045085926192 0.0
-0.04477304 -0.04896508 -5.445003 -8.456964 0.681588 0.5783426 0.1856928 18.50304 1.374517 0 0.0 0.06634910828525128 10.058245262833124 0.0
0.04840528 -0.02663759 -3.224246 -4.667711 0.6750331 0.5821929 0.3764226 19.08265 1.112192 0 0.0 0.055250631968209195 5.673031662879822 0.0
0.0793978 -0.008190183 -0.2665496 -0.3846862 0.5165681 0.4418157 0.2021137 18.90499 1.225224 0 0.0 0.07981910637443575 0.4680087197164172 0.0
0.01556636 -0.002271271 -4.684121 -7.425702 0.1915853 0.1606689 0.257679 17.31054 1.860788 0 0.0 0.015731186719540297 8.779637790674796 0.0
-0.03596633 -0.03718526 -3.075179 -3.748169 1.306783 1.086038 -0.129979 19.3461 nan 0 0.0 0.05173316590869439 4.848246769152948 0.0
0.01327987 -0.03535197 -14.52734 -10.20726 0.9623318 0.8470911 0.4667582 19.10216 1.356918 0 0.0 0.037763960731070044 17.754767364941735 0.0
-0.03540778 -0.07426961 -5.24539 -4.319584 0.6231883 0.5736863 0.5542077 18.73983 1.38199 0 0.0 0.08227810069563164 6.795066017718739 0.0
0.02391776 0.006767776 -3.345469 -7.131179 0.2515206 0.2115913 0.2733858 17.56971 0.9662304 0 0.0 0.024856830759446707 7.876920512484686 0.0
