jas1101finalproject/data/gcs/NGC_4147.ecsv
# %ECSV 0.9
# ---
# datatype:
# - {name: x, unit: deg, datatype: float64}
# - {name: y, unit: deg, datatype: float64}
# - {name: pmx, unit: mas / yr, datatype: float64}
# - {name: pmy, unit: mas / yr, datatype: float64}
# - {name: pmx_e, unit: mas / yr, datatype: float64}
# - {name: pmy_e, unit: mas / yr, datatype: float64}
# - {name: pm_corr, datatype: float64}
# - {name: g_mag, unit: mag, datatype: float64}
# - {name: bp_rp, unit: mag, datatype: float64}
# - {name: filter, datatype: int64}
# - {name: memberprob, datatype: float64}
# - {name: r, unit: deg, datatype: float64}
# - {name: pm, unit: mas / yr, datatype: float64}
# - {name: member_prob_GMM, datatype: float64}
# meta: !!omap
# - comments: [deg deg mas/yr mas/yr mas/yr mas/yr dimless mag   mag   zeroone float]
# - __serialized_columns__:
#     bp_rp:
#       __class__: astropy.units.quantity.Quantity
#       unit: &id001 !astropy.units.Unit {unit: mag}
#       value: !astropy.table.SerializedColumn {name: bp_rp}
#     g_mag:
#       __class__: astropy.units.quantity.Quantity
#       unit: *id001
#       value: !astropy.table.SerializedColumn {name: g_mag}
#     pm:
#       __class__: astropy.units.quantity.Quantity
#       unit: !astropy.units.Unit {unit: mas / yr}
#       value: !astropy.table.SerializedColumn {name: pm}
#     pmx:
#       __class__: astropy.units.quantity.Quantity
#       unit: !astropy.units.Unit {unit: mas / yr}
#       value: !astropy.table.SerializedColumn {name: pmx}
#     pmx_e:
#       __class__: astropy.units.quantity.Quantity
#       unit: !astropy.units.Unit {unit: mas / yr}
#       value: !astropy.table.SerializedColumn {name: pmx_e}
#     pmy:
#       __class__: astropy.units.quantity.Quantity
#       unit: !astropy.units.Unit {unit: mas / yr}
#       value: !astropy.table.SerializedColumn {name: pmy}
#     pmy_e:
#       __class__: astropy.units.quantity.Quantity
#       unit: !astropy.units.Unit {unit: mas / yr}
#       value: !astropy.table.SerializedColumn {name: pmy_e}
#     r:
#       __class__: astropy.units.quantity.Quantity
#       unit: &id002 !astropy.units.Unit {unit: deg}
#       value: !astropy.table.SerializedColumn {name: r}
#     x:
#       __class__: astropy.units.quantity.Quantity
#       unit: *id002
#       value: !astropy.table.SerializedColumn {name: x}
#     y:
#       __class__: astropy.units.quantity.Quantity
#       unit: *id002
#       value: !astropy.table.SerializedColumn {name: y}
# schema: astropy-2.0
x y pmx pmy pmx_e pmy_e pm_corr g_mag bp_rp filter memberprob r pm member_prob_GMM
[from data line 1132]
0.01523464 -0.003491044 -2.750179 -2.609038 1.379611 0.745408 -0.2056208 20.08108 0.5309238 0 0.0 0.015629511961015804 3.7908526504580733 0.0
-0.01661998 0.01332236 -1.951517 -1.876548 0.2407832 0.1492016 -0.2240134 17.67251 0.9964294 1 0.9999443 0.021300446266921264 2.707369756348955 0.0
0.005020586 0.009291401 3.66555 -3.340689 3.227579 1.592416 -0.1990365 20.64419 nan 0 0.0 0.01056108026322104 4.959481807328363 0.0
-0.00803991 0.05580602 0.2887336 -5.836623 4.132642 2.014761 -0.04828503 20.9503 -0.2194958 0 0.0 0.0563821959580194 5.843760359212035 0.0
-0.005149354 -0.004874474 11.46892 -3.144426 2.764448 1.349783 -0.1207592 19.39797 nan 0 0.0 0.007090581315660374 11.892163000727665 0.0
0.06690919 0.073851 -4.083071 -2.803803 2.541793 1.06363 -0.1198371 20.37191 1.639284 0 0.0 0.09965344904947394 4.953057646933861 0.0
0.007653909 -0.002587469 1.381767 -2.259678 1.50501 0.6647727 -0.1656821 19.723 nan 0 0.0 0.008079438025397682 2.648664702444045 0.0
-0.003557607 0.01284475 0.7694892 -4.275682 2.954406 2.27876 -0.3169191 20.42647 nan 0 0.0 0.013328322104786822 4.3443722439543135 0.0
-0.02787623 0.0006704784 0.6032267 -0.6450975 2.352331 1.242909 -0.04743924 20.52019 0.08534813 1 0.9969226 0.027884291999220035 0.8831949026682275 0.0
0.04021436 0.01656115 -2.076823 -1.946932 1.351862 0.5955386 -0.1689651 19.60287 0.7177029 1 0.9985791 0.043490992625279314 2.8467065155988593 0.0
0.01511868 -0.0009638176 -1.954439 -1.694332 0.2299598 0.1495155 -0.2971638 17.64263 0.9681664 1 0.9997599 0.015149370591165487 2.5866180102490977 0.0
-0.003615486 0.01203413 -19.30577 -5.894774 3.397429 0.9930539 0.09456821 20.26333 nan 0 0.0 0.012565509296208253 20.185666097604408 0.0
-0.02587884 -0.08850026 -5.119033 -8.27073 0.3844712 0.2651312 -0.2598188 18.50825 0.8640041 1 0.0 0.09220634674366618 9.726740131615987 0.0
0.01109609 0.01180748 0.06254265 -1.83911 1.565368 0.5901487 -0.09542624 19.81784 0.7127743 0 0.0 0.016203079868916895 1.8401731372805719 0.0
0.01189247 0.0008212056 -9.426283 -1.014561 1.956241 2.563034 -0.3865741 19.93669 nan 0 0.0 0.011920789459527056 9.480724931080427 0.0
0.07307147 -0.03250213 -1.570916 -8.893164 0.5154822 0.3373111 -0.2712832 18.81209 0.7157478 1 0.0 0.07997392189018743 9.030843981043633 0.0
0.01364345 -0.005783812 0.006089796 -3.216274 3.020978 1.32454 0.01947318 20.63623 0.4410725 0 0.0 0.014818778935993478 3.216279765302036 0.0
0.0006663478 0.01146761 -1.590621 -1.365006 2.955712 1.76404 -0.09740842 20.74798 0.547163 0 0.0 0.011486953403869314 2.0960239849956395 0.0
0.03127952 -0.009102187 -1.666794 -2.117093 0.1443669 0.1009402 -0.2814102 16.61477 1.068109 1 0.9999856 0.03257695780169426 2.694491604938676 0.0
-0.01298927 0.01149672 -1.794731 -2.106939 0.221729 0.1145119 -0.190945 17.19267 1.013905 1 0.9999873 0.01734634560624514 2.7677159016203237 0.0
0.004774494 0.01545785 0.7998513 -2.363457 3.770893 1.195509 -0.08485705 20.52322 0.4898624 0 0.0 0.016178409055853916 2.4951334819926347 0.0
-0.004483844 -0.003936077 0.302394 -2.17218 3.033609 1.322624 -0.1847899 20.53408 nan 0 0.0 0.005966369010232689 2.1931274663448086 0.0
-0.0494159 0.0045034 -3.762787 -1.947655 0.1338289 0.08790492 -0.2593617 16.63042 1.089037 1 0.0 0.04962067899948568 4.236971324707544 0.0
0.01491578 0.00321898 3.225168 -4.141739 4.201625 1.204184 -0.02498298 20.60331 0.5919685 0 0.0 0.015259171840201551 5.249353348017735 0.0
-0.0202207 0.02341263 -0.8215819 -2.746003 2.179435 0.9269791 0.01225987 20.3816 0.6643353 1 0.9976402 0.030935868373247584 2.866274462506445 0.0
0.0102864 0.005476939 0.3526538 -3.543354 1.717645 0.6804902 -0.1822096 19.94732 0.3088913 0 0.0 0.011653621144078821 3.5608597658389245 0.0
0.006294043 -0.003186432 -0.1394095 0.3857428 1.394325 0.8896872 -0.2393226 19.01877 0.7259483 0 0.0 0.007054666978424495 0.4101615735805708 0.0
0.008838946 0.02149859 1.22133 -1.843901 2.091473 1.012751 -0.2437272 20.33557 0.6177711 0 0.0 0.02324470559888888 2.211700220803217 0.0
0.002619332 0.003924068 -1.020985 -2.390412 0.3073672 0.1780109 -0.2159489 17.39231 0.1718884 0 0.0 0.004717966701328868 2.599322969538222 0.0
-0.002530569 0.01159352 -1.166911 -2.794928 1.202805 0.5578757 -0.02513978 19.50935 0.7295914 0 0.0 0.011866485808956289 3.0287462434322556 0.0
-0.03867787 0.02235341 -1.706246 -2.14931 0.1857353 0.1154061 -0.2289011 17.12639 1.027582 1 0.9999556 0.044672727321767594 2.7442319305437723 0.0
0.01844696 -0.009550374 -1.857279 -2.055796 0.2130134 0.1379201 -0.271595 17.52064 0.940403 1 0.9999809 0.020772577518966585 2.7705202539337264 0.0
