jas1101finalproject/data/gcs/NGC_6539.ecsv
# %ECSV 0.9
# ---
# datatype:
# - {name: x, unit: deg, datatype: float64}
# - {name: y, unit: deg, datatype: float64}
# - {name: pmx, unit: mas / yr, datatype: float64}
# - {name: pmy, unit: mas / yr, datatype: float64}
# - {name: pmx_e, unit: mas / yr, datatype: float64}
# - {name: pmy_e, unit: mas / yr, datatype: float64}
# - {name: pm_corr, datatype: float64}
# - {name: g_mag, unit: mag, datatype: float64}
# - {name: bp_rp, unit: mag, datatype: float64}
# - {name: filter, datatype: int64}
# - {name: memberprob, datatype: float64}
# - {name: r, unit: deg, datatype: float64}
# - {name: pm, unit: mas / yr, datatype: float64}
# - {name: member_prob_GMM, datatype: float64}
# meta: !!omap
# - comments: [deg deg mas/yr mas/yr mas/yr mas/yr dimless mag   mag   zeroone float]
# - __serialized_columns__:
#     bp_rp:
#       __class__: astropy.units.quantity.Quantity
#       unit: &id001 !astropy.units.Unit {unit: mag}
#       value: !astropy.table.SerializedColumn {name: bp_rp}
#     g_mag:
#       __class__: astropy.units.quantity.Quantity
#       unit: *id001
#       value: !astropy.table.SerializedColumn {name: g_mag}
#     pm:
#       __class__: astropy.units.quantity.Quantity
#       unit: !astropy.units.Unit {unit: mas / yr}
#       value: !astropy.table.SerializedColumn {name: pm}
#     pmx:
#       __class__: astropy.units.quantity.Quantity
#       unit: !astropy.units.Unit {unit: mas / yr}
#       value: !astropy.table.SerializedColumn {name: pmx}
#     pmx_e:
#       __class__: astropy.units.quantity.Quantity
#       unit: !astropy.units.Unit {unit: mas / yr}
#       value: !astropy.table.SerializedColumn {name: pmx_e}
#     pmy:
#       __class__: astropy.units.quantity.Quantity
#       unit: !astropy.units.Unit {unit: mas / yr}
#       value: !astropy.table.SerializedColumn {name: pmy}
#     pmy_e:
#       __class__: astropy.units.quantity.Quantity
#       unit: !astropy.units.Unit {unit: mas / yr}
#       value: !astropy.table.SerializedColumn {name: pmy_e}
#     r:
#       __class__: astropy.units.quantity.Quantity
#       unit: &id002 !astropy.units.Unit {unit: deg}
#       value: !astropy.table.SerializedColumn {name: r}
#     x:
#       __class__: astropy.units.quantity.Quantity
#       unit: *id002
#       value: !astropy.table.SerializedColumn {name: x}
#     y:
#       __class__: astropy.units.quantity.Quantity
#       unit: *id002
#       value: !astropy.table.SerializedColumn {name: y}
# schema: astropy-2.0
x y pmx pmy pmx_e pmy_e pm_corr g_mag bp_rp filter memberprob r pm member_prob_GMM
[from data line 4865]
0.006354481 0.0782845 -0.6458086 -4.557983 1.570986 1.440914 0.6578669 20.0624 1.766602 1 0.0 0.07854197838754358 4.603507116984067 0.0
0.02773971 -0.01117622 -7.654905 -2.969122 0.721639 0.5569944 -0.2483852 18.32961 2.167791 0 0.0 0.029906511069874065 8.210557594336027 0.0
0.03061305 -0.01652701 -6.844873 -9.801369 1.557656 1.52592 0.3751658 20.09285 2.476931 0 0.0 0.034789378980410096 11.954878529717062 0.0
0.05357614 0.01435931 -0.6341054 -2.770007 0.5370706 0.4995327 0.3598455 18.90496 2.201237 1 0.0 0.05546704031202404 2.84165945151036 0.0
0.01766968 0.06518023 -2.996286 -1.055981 1.089946 1.150789 0.6699791 19.56367 1.923929 0 0.0 0.06753280665095522 3.1769207837396576 0.0
0.01361311 -0.01062479 -6.902214 -3.195993 0.4434062 0.3284221 0.3005862 17.8593 nan 0 0.0 0.017268553107200383 7.606242788515562 0.0
0.05933268 0.07831717 1.428222 -1.487873 3.35566 3.008872 0.2191657 20.4158 1.547363 0 0.0 0.09825449624720134 2.0624219125612977 0.0
0.03013602 0.08330744 -0.6289717 -9.22885 1.038034 1.003161 0.3050366 19.51445 2.306761 0 0.0 0.0885906838262015 9.25025825163281 0.0
-0.01349231 0.0420886 -4.537627 0.7668845 3.325578 3.13367 0.4129089 20.71203 nan 0 0.0 0.044198333442519076 4.601974644374874 0.0
0.06949253 0.03992837 0.5173446 -1.89013 1.510562 1.417313 0.5622572 19.98817 1.898455 0 0.0 0.08014665592935116 1.9596522273222767 0.0
0.04050674 0.006362745 -3.061911 -4.201774 1.736709 1.555334 0.406548 20.17949 2.08461 0 0.0 0.041003420703187986 5.1990579645736785 0.0
0.01122333 -0.01283201 -5.755083 -8.515592 0.3353981 0.2651161 0.2598678 17.05021 2.434521 0 0.0 0.017047686556509654 10.277951519994293 0.0
0.03785051 0.07326799 -0.9063039 -6.960721 1.494938 1.36354 0.235838 20.15093 1.978846 0 0.0 0.08246732362518017 7.0194745956514595 0.0
0.02383581 -0.04150521 6.926311 -3.894708 0.4454734 0.3719897 0.2891308 18.68623 2.184986 1 0.0 0.04786259808556364 7.946227688279829 0.0
0.04477778 0.06097685 0.1293355 0.006082716 0.4911212 0.40572 0.289025 18.55804 2.199024 1 0.0 0.07565200471666894 0.12947845764522628 0.0
0.04428934 0.01834338 1.040087 -19.46229 0.68409 0.6280067 0.422278 19.12201 1.899075 1 0.0 0.04793772238498613 19.490061903741328 0.0
-0.00659392 0.002452629 -6.80534 -1.312528 0.4024317 0.3186085 0.1289569 17.9361 2.285912 0 0.0 0.0070352803766474716 6.930756255011714 0.0
0.04613871 0.05600998 -2.432172 -3.000001 1.066554 0.9753811 0.3917062 19.5039 2.050869 0 0.0 0.07256651032028824 3.8620547170625383 0.0
0.02855542 -0.02666013 2.092605 -4.319601 2.116301 2.248663 0.3059098 20.45217 1.834562 0 0.0 0.03906628396703864 4.799786295787136 1.0
-0.06320161 0.06194872 -13.12998 -6.226578 1.001359 1.0413 0.1386076 19.51987 1.973791 0 0.0 0.08849908144286302 14.531574188314355 0.0
0.01697093 -0.008138685 -7.017875 -3.187714 0.3592951 0.2676041 0.335224 17.91212 2.305454 0 0.0 0.018821547720475194 7.707923848963546 0.0
0.04259629 0.02906619 -3.623853 -4.648162 1.853737 1.811594 0.3664948 20.29151 1.78026 0 0.0 0.051568278261739556 5.893871439372681 0.0
-0.03098169 0.08248055 -0.8431008 1.282173 1.621601 1.311647 0.02182503 20.02571 2.218746 0 0.0 0.0881073563532501 1.5345313815265036 0.0
-0.03345712 0.01024528 -2.830171 -4.919366 2.068662 1.824981 0.5722156 20.38671 nan 0 0.0 0.034990636475674464 5.675388068775297 0.0
0.03875315 0.01708745 -4.345916 0.3484762 3.385065 3.477001 0.65591 20.67063 nan 0 0.0 0.04235312954700042 4.359864853527279 0.0
0.004417288 -0.001011565 -5.431456 -5.012779 0.9152675 0.8655124 0.2741499 18.34624 nan 0 0.0 0.004531632931313943 7.391120861058694 0.0
-0.004597666 0.02970342 -6.113138 -2.727375 0.9796075 1.014201 0.2830096 19.43742 1.880795 0 0.0 0.030057140455205585 6.69395478007351 0.0
0.02798253 0.001476161 -6.949109 -3.394017 0.2718209 0.2153837 0.1333211 17.67396 2.349028 1 0.9992428 0.02802143887274208 7.733658079471189 0.0
-0.03950798 0.01705019 -4.519306 -4.942871 0.3099922 0.2509785 0.2687054 17.79843 2.05324 1 0.0 0.043030099496939346 6.697469704618081 0.0
0.01207031 -0.01303421 -6.897125 -3.720646 0.3966199 0.2899616 0.2804578 17.53848 1.466043 0 0.0 0.017764656310218896 7.836679138700333 0.0
0.002269429 -0.01593941 -5.126435 -2.403062 0.4966377 0.3617679 0.4196598 18.08514 2.245052 0 0.0 0.016100158357424347 5.6617172999955585 0.0
-0.01303993 0.08925827 -3.509634 -1.138767 1.050902 1.027423 0.5283605 19.71137 1.957699 1 0.03873526 0.09020575667770767 3.6897589479863044 0.0
-0.006019153 0.002156521 -6.556078 -3.586003 0.3930089 0.3120563 0.1243554 18.03105 2.789402 0 0.0 0.006393808384746137 7.472722145115059 0.0
-0.05312393 0.03892839 -0.7523838 -0.4644911 0.4326769 0.3451427 0.238863 18.35551 2.066624 1 0.0 0.06586024207848769 0.8842134156874403 0.0
-0.03388534 0.07035866 0.9110582 1.638279 1.949678 1.651837 -0.02074689 20.44303 2.307817 0 0.0 0.07809326029761596 1.8745626491606622 0.0
0.03245717 -0.03094145 -4.066289 -8.879704 1.420692 1.326035 0.4670605 19.97 nan 0 0.0 0.04484240417853842 9.766465551013683 0.0
0.001815661 -0.02249354 -6.47531 -3.666055 0.518823 0.42895 0.2907377 18.40375 2.120024 0 0.0 0.022566700392359557 7.4410751144659875 0.0
0.02148155 0.05975318 -3.791333 -8.340259 2.13078 1.968064 0.6281934 20.31352 1.967205 0 0.0 0.06349724018030155 9.161556969422282 0.0
0.05835902 0.03766124 -7.398705 -3.15612 0.2295346 0.172448 0.3993446 16.6452 2.591011 1 0.9245834 0.06945605958948434 8.04375093668526 0.0
0.01276607 -0.01244962 -7.164176 -3.865346 0.2913452 0.2161588 0.3076855 17.54385 2.303986 1 0.9985696 0.017831589424089488 8.14041260985535 0.0
-0.01742379 0.005698157 -6.937831 -3.115401 0.2763387 0.2171833 0.1283924 17.43362 nan 0 0.0 0.018331869821727107 7.605210212437392 0.0
0.01442963 -0.01741069 -9.1242 -6.574574 2.248528 1.861439 0.02456053 20.37683 nan 0 0.0 0.0226129685847082 11.24615707348408 0.0
0.001059547 0.0218404 1.234311 -8.685953 0.9981563 1.116069 0.3311747 19.30536 nan 0 0.0 0.021866085886715275 8.773215098407766 0.0
-0.005596861 0.09631179 -2.275182 -6.792078 1.614607 1.534948 0.3937688 20.32908 1.498434 0 0.0 0.09647427504810503 7.163014497486935 0.0
0.008380452 0.01736997 -6.084842 -3.761207 0.9133308 1.028991 0.4397956 19.47265 1.65564 0 0.0 0.019285949121710447 7.153459321322307 0.0
-0.01058668 -0.01071483 -6.419269 -2.75228 0.957301 1.063296 0.5056213 19.22743 2.189802 0 0.0 0.01506271474042113 6.984415486836461 0.0
0.0716056 0.01183517 -4.796707 -3.981653 1.152874 1.153429 0.3399613 19.91148 2.059093 1 0.3801901 0.0725770845397423 6.233936048457507 0.0
0.00121068 -0.02331131 -6.576187 -3.572302 0.2776366 0.2305675 0.2940579 17.83585 2.334097 0 0.0 0.023342727346616972 7.483821018582218 0.0
0.001271369 0.04135877 -7.782642 -6.187338 2.161271 2.20239 0.2678586 20.47001 nan 0 0.0 0.041378306333718654 9.942467904218148 0.0
-0.0264732 0.07748932 -3.210498 -7.570902 0.869513 0.9550601 0.1665194 19.33297 2.084217 0 0.0 0.08188665967239352 8.22349405676249 0.0
-0.001814652 0.08313349 -6.83699 -3.327241 0.2712666 0.2237257 0.2650061 17.41979 2.269997 1 0.9945594 0.0831532929081056 7.603615254086769 0.0
-0.06113936 0.02705599 4.018935 1.262976 0.3269837 0.267513 0.3298368 18.03507 1.9797 1 0.0 0.06685841709231306 4.212712535979757 0.0
0.05076358 0.02142065 0.1146838 -4.510667 0.4658706 0.4304028 0.2863257 18.65347 2.343494 1 0.0 0.05509796094991992 4.512124683435891 0.0
-0.01358163 -0.003781704 -6.440937 -3.336287 0.30809 0.2622526 0.1380095 17.46414 2.472138 0 0.0 0.014098296301344926 7.2537218298152295 0.0
0.05581957 0.05172779 -0.5016363 1.793276 1.347934 1.219055 0.2481902 19.77998 2.27589 0 0.0 0.07610248782575377 1.8621164812260511 0.0
0.03591268 0.05550074 -4.745237 -1.971884 1.751844 1.701275 0.6820419 19.96666 1.778759 0 0.0 0.06610637431692953 5.138638019516942 0.0
0.0005452157 -0.01520937 -6.753866 -3.437807 0.3333332 0.2571783 0.3412469 17.47633 2.173018 0 0.0 0.01521913913322388 7.578471014340887 0.0
-0.01915155 0.08396134 0.4197715 -4.231995 1.107285 1.172048 0.2749781 19.85683 2.069429 0 0.0 0.08611787550792285 4.25276260708698 0.0
-0.05636477 0.06768077 2.202264 1.835378 1.187071 1.265847 0.1978959 19.73959 1.310776 0 0.0 0.0880776584892321 2.8668064337481876 0.0
0.04973827 0.04976587 1.153328 4.571404 1.321103 1.309433 0.309547 19.88584 1.687855 0 0.0 0.07036005485678504 4.714647389444941 0.0
-0.04610751 0.06075069 0.682645 -10.28 0.818095 0.9045409 0.260577 19.55465 2.100267 0 0.0 0.07626630195490142 10.30264064189492 0.0
-0.05989937 0.02965064 -1.579689 -1.249037 0.1142687 0.09007399 0.2774956 15.33161 2.657693 1 0.0 0.0668363297825853 2.0138298746641934 0.0
0.05139936 0.02554188 -5.801608 -2.814407 1.029451 1.014887 0.09760803 19.5966 1.718246 0 0.0 0.0573958347124946 6.448220075905676 0.0
-0.0007252575 -0.01685303 -9.417494 -4.273568 0.1702129 0.1248836 0.3799765 15.54396 2.36495 1 0.0 0.016868628237714123 10.341787886562942 0.0
0.07542378 0.0491494 1.395183 -13.39458 0.8748295 0.8569212 0.2607528 19.22755 2.073566 0 0.0 0.09002449727628808 13.467045295085667 0.0
-0.00411321 -0.01371403 -6.666675 -3.989746 0.3888066 0.2877587 0.3968494 17.52046 2.316395 0 0.0 0.014317580638676355 7.769339013078333 0.0
0.06416515 0.02101736 -0.3719149 -0.1478796 1.108362 1.090394 0.39942 19.80156 1.881212 0 0.0 0.06751959638425055 0.40023626639545046 0.0
-0.08407491 0.04896326 -0.1260887 -4.876659 1.331479 1.159083 0.2320943 20.12759 1.369492 0 0.0 0.09729332619114069 4.878288774001462 0.0
0.008380234 0.006161914 -10.13218 -3.584386 0.8321019 0.7476676 0.1862989 19.00039 2.25209 0 0.0 0.010401803018619033 10.747506434024405 0.0
-0.03536933 0.08839966 -0.3890529 -3.674548 0.8579845 0.9208073 0.2540185 19.51301 2.085903 1 0.0 0.09521286358872157 3.695086624600621 0.0
0.01331075 -0.006400008 -6.833976 -2.871968 0.3877287 0.3184777 0.4453305 17.87595 2.365313 1 0.9967477 0.014769433569455667 7.412923051104739 0.0
-0.008681468 0.01497004 -6.995145 -3.030395 1.207136 1.356459 0.3410477 19.52064 2.187832 0 0.0 0.017305201074723865 7.623342274032433 0.0
0.06504257 0.02179638 0.07312667 -5.747895 1.158691 1.070269 0.3981796 19.93228 1.847731 0 0.0 0.06859750792346103 5.748360152329557 0.0
0.02320391 0.01957623 0.8168586 -4.350074 0.488138 0.4396105 0.2229748 18.54154 2.179432 0 0.0 0.030358692664556555 4.426104582798509 0.0
-0.002086684 0.02606088 -7.618251 -3.340717 1.959756 1.727774 0.290559 20.42716 nan 0 0.0 0.02614428649801436 8.318541841758686 0.0
-0.01645533 -0.00561715 -6.515507 -4.221537 0.4942614 0.4018094 0.3666429 18.62042 2.154457 0 0.0 0.017387646750822838 7.763582041133977 0.0
0.03170628 0.04131803 -6.92897 -3.030324 0.2572071 0.224815 -0.04980965 17.37572 2.390022 1 0.9949536 0.0520813574565727 7.562637688391265 0.0
0.005567603 0.06094958 -0.556494 -5.151206 1.85006 1.894207 0.439497 20.4434 2.448811 0 0.0 0.06120334554043602 5.181178324133613 0.0
-0.003811107 0.03056746 -7.237519 -4.680583 0.6280718 0.4891666 0.3463171 18.88607 2.188349 1 0.9687631 0.030804125493463518 8.619137920653666 0.0
-0.002600709 -0.01786727 -6.471872 -3.522557 0.3358375 0.2611884 0.4209626 17.42221 2.235008 0 0.0 0.018055553842393785 7.368414687205994 0.0
-0.04767849 0.04014497 -10.70215 -2.110004 2.678225 2.767948 0.2342971 20.78833 1.99671 0 0.0 0.0623286212343976 10.908168109380968 0.0
-0.002782223 -0.01489562 -6.051012 -3.13679 0.4981353 0.4593124 0.1606409 18.32861 1.898146 0 0.0 0.015153226059362045 6.815731635579851 0.0
0.02465269 -0.03807728 -6.875776 -5.416819 1.719829 1.457171 0.4186913 20.10262 1.781736 0 0.0 0.04536115492835803 8.753183631167406 0.0
0.02752772 -0.01490698 -2.715653 -8.048562 1.001056 1.051167 0.2870559 19.6359 1.611176 0 0.0 0.03130484660749514 8.494358214971452 0.0
0.01860586 0.02495613 -1.555586 -5.260003 0.7527925 0.802315 0.2926326 19.23441 2.18605 0 0.0 0.03112854720215031 5.485205498739769 0.0
-0.01222053 0.001851691 -6.722057 -3.842263 0.1305896 0.111896 0.1100822 15.43125 2.79019 1 0.9984694 0.012360020754043296 7.742676234508195 0.0
0.02026851 -0.001088791 0.7457169 -5.884858 0.8237037 0.5823696 0.3236462 18.70173 2.24185 0 0.0 0.020297732963604112 5.931917681080008 0.0
0.03391706 0.0704421 -7.923026 -4.774992 2.635661 2.16545 0.1299879 20.51397 1.393196 0 0.0 0.07818220009345861 9.250669683689933 0.0
-0.004385397 -0.01949997 -4.97247 -2.556607 0.6059195 0.5075056 0.414857 18.74755 2.167473 0 0.0 0.01998700920219203 5.591216080008803 0.0
0.08467685 0.02549704 1.230839 -3.692471 1.053176 0.9167987 0.2524384 19.80368 1.983274 0 0.0 0.0884322790313814 3.8922110335594597 0.0
-0.01346107 0.01054201 -6.758941 -4.077698 0.3560112 0.280208 0.2022031 17.85132 2.384293 0 0.0 0.01709778875717559 7.893725636268656 0.0
-0.04852767 0.05874867 -1.922076 -7.681744 0.9958921 1.09179 0.2303925 19.7483 nan 0 0.0 0.07619935027543083 7.918558393502696 0.0
0.0005149803 -0.003469638 -6.330591 -2.468313 0.3212684 0.2459244 0.06950696 17.56399 2.303853 0 0.0 0.003507647724677051 6.794773835474585 0.0
-0.01010294 1.687662e-05 -7.014021 -3.323544 0.2953078 0.2518328 0.1400763 17.45546 2.225883 0 0.0 0.010102954095901982 7.7616000482102265 0.0
0.003902892 -0.01630277 -6.936482 -3.19106 0.139014 0.1016693 0.2795018 14.892 2.895415 1 0.9992722 0.016763438657881744 7.635289546567569 0.0
-0.04199166 0.04828469 -6.155869 -7.101333 1.214854 1.24762 0.3598102 19.81943 2.199009 0 0.0 0.06398992731634956 9.398066477847983 0.0
0.01040809 0.04935377 2.065702 -6.478828 2.206353 2.105888 0.5027448 20.15623 2.150316 0 0.0 0.05043929966465632 6.800171836533838 0.0
-0.02698376 0.01665109 -3.175379 -2.469184 2.00927 1.914405 0.4195608 20.28584 2.024523 0 0.0 0.03170776090999962 4.022424818377218 0.0
0.003660964 -0.008511253 -6.965334 -3.089797 0.3275288 0.2667681 0.02430127 17.6265 nan 0 0.0 0.009265208310626643 7.619889975108893 0.0
-0.01887664 0.0240096 2.469816 -1.974784 2.719876 2.420596 0.332315 20.34374 1.94067 0 0.0 0.03054158525436425 3.162240174387771 0.0
0.004356714 -0.008291437 -3.705716 -3.809472 1.553812 1.151762 -0.1087877 17.88324 nan 0 0.0 0.009366369862586306 5.314546828417264 0.0
-0.03863456 0.06048202 6.072562 -2.469728 0.3524977 0.2766981 0.2646433 18.02796 2.06122 1 0.0 0.07176840509356468 6.555575156904846 0.0
0.01491455 0.009444761 -7.903955 -3.642584 1.009437 1.078554 0.3535293 19.71864 1.698305 0 0.0 0.01765353539803348 8.702926107872052 0.0
0.002934974 -0.007413568 -4.759311 -3.168191 0.7937399 0.6143449 0.1758729 18.61694 2.050146 0 0.0 0.007973397197637906 5.717383615536219 0.0
-0.05645485 0.06246273 -0.4165954 -5.482865 1.304861 1.336692 0.2137476 19.77924 1.423424 0 0.0 0.0841946716103543 5.498668960350874 0.0
0.02601635 0.00324535 -6.620032 -3.365688 0.151643 0.1170797 0.1249166 16.00038 2.650588 1 0.9991719 0.026217985505087915 7.426484995902705 0.0
-0.03751579 0.06796464 -4.628309 -7.827054 1.715406 1.409947 0.2021932 20.21317 1.403154 0 0.0 0.07763135184739282 9.09307530587958 0.0
-0.04961381 0.0323785 0.2867081 2.156107 0.5133261 0.4070938 0.2269226 18.36388 2.361977 0 0.0 0.05924438711781986 2.175085959233476 0.0
-0.03981499 0.06581438 0.001877845 -10.16294 1.348794 1.298223 0.04726509 20.00482 1.35228 0 0.0 0.07692051770161522 10.162940173488273 0.0
0.04798199 0.03579236 2.081907 -4.598144 0.7494057 0.6621346 0.3215432 19.3109 2.070173 1 0.0 0.05986120946597805 5.047500866902848 0.0
-0.03700148 0.06834854 2.364296 -9.128748 0.8703335 0.9577833 0.2571683 19.62937 1.568989 0 0.0 0.07772150566170216 9.429948866410676 0.0
0.006232114 -0.01476691 -7.403875 -3.410949 0.3219857 0.2525865 0.1944905 17.83574 2.494368 0 0.0 0.016028127646643447 8.15180581811331 0.0
-0.01969241 0.001308296 -11.33638 -8.646573 0.5725064 0.9003925 0.814481 17.40643 nan 0 0.0 0.019735821493713303 14.2575150762231 0.0
0.001997371 0.02421171 -6.981019 -3.04731 1.384386 1.159142 0.3126895 19.92623 nan 0 0.0 0.024293957932698843 7.617133615374027 0.0
0.01337169 0.007905581 -9.541368 -4.607941 2.164414 1.727049 0.2619291 20.28238 nan 0 0.0 0.015533843838653104 10.595792729706684 0.0
