jas1101finalproject/data/gcs/NGC_6652.ecsv
# %ECSV 0.9
# ---
# datatype:
# - {name: x, unit: deg, datatype: float64}
# - {name: y, unit: deg, datatype: float64}
# - {name: pmx, unit: mas / yr, datatype: float64}
# - {name: pmy, unit: mas / yr, datatype: float64}
# - {name: pmx_e, unit: mas / yr, datatype: float64}
# - {name: pmy_e, unit: mas / yr, datatype: float64}
# - {name: pm_corr, datatype: float64}
# - {name: g_mag, unit: mag, datatype: float64}
# - {name: bp_rp, unit: mag, datatype: float64}
# - {name: filter, datatype: int64}
# - {name: memberprob, datatype: float64}
# - {name: r, unit: deg, datatype: float64}
# - {name: pm, unit: mas / yr, datatype: float64}
# - {name: member_prob_GMM, datatype: float64}
# meta: !!omap
# - comments: [deg deg mas/yr mas/yr mas/yr mas/yr dimless mag   mag   zeroone float]
# - __serialized_columns__:
#     bp_rp:
#       __class__: astropy.units.quantity.Quantity
#       unit: &id001 !astropy.units.Unit {unit: mag}
#       value: !astropy.table.SerializedColumn {name: bp_rp}
#     g_mag:
#       __class__: astropy.units.quantity.Quantity
#       unit: *id001
#       value: !astropy.table.SerializedColumn {name: g_mag}
#     pm:
#       __class__: astropy.units.quantity.Quantity
#       unit: !astropy.units.Unit {unit: mas / yr}
#       value: !astropy.table.SerializedColumn {name: pm}
#     pmx:
#       __class__: astropy.units.quantity.Quantity
#       unit: !astropy.units.Unit {unit: mas / yr}
#       value: !astropy.table.SerializedColumn {name: pmx}
#     pmx_e:
#       __class__: astropy.units.quantity.Quantity
#       unit: !astropy.units.Unit {unit: mas / yr}
#       value: !astropy.table.SerializedColumn {name: pmx_e}
#     pmy:
#       __class__: astropy.units.quantity.Quantity
#       unit: !astropy.units.Unit {unit: mas / yr}
#       value: !astropy.table.SerializedColumn {name: pmy}
#     pmy_e:
#       __class__: astropy.units.quantity.Quantity
#       unit: !astropy.units.Unit {unit: mas / yr}
#       value: !astropy.table.SerializedColumn {name: pmy_e}
#     r:
#       __class__: astropy.units.quantity.Quantity
#       unit: &id002 !astropy.units.Unit {unit: deg}
#       value: !astropy.table.SerializedColumn {name: r}
#     x:
#       __class__: astropy.units.quantity.Quantity
#       unit: *id002
#       value: !astropy.table.SerializedColumn {name: x}
#     y:
#       __class__: astropy.units.quantity.Quantity
#       unit: *id002
#       value: !astropy.table.SerializedColumn {name: y}
# schema: astropy-2.0
x y pmx pmy pmx_e pmy_e pm_corr g_mag bp_rp filter memberprob r pm member_prob_GMM
[from data line 690]
-0.02386584 -0.05243791 -6.253395 -4.502296 0.4710159 0.4277636 0.08104391 18.82034 1.102865 0 0.0 0.057613476930955136 7.705557624055576 0.0
0.05370646 0.002812487 -4.011989 -4.401717 0.3927953 0.3473622 0.06095227 18.36187 nan 0 0.0 0.0537800514025114 5.955767648608363 0.0
-0.006852946 -0.06464579 -4.329172 -3.508698 0.9349864 0.849032 0.1214781 19.69069 0.7121048 0 0.0 0.06500800745756645 5.572494222589019 0.0
0.02002151 0.01118456 4.606181 -3.221605 0.3051932 0.2757307 0.1465648 17.86832 1.072676 1 0.0 0.022933714157844124 5.6210001050334455 0.0
0.01386649 -0.05837907 -0.3191617 -4.08395 0.3273076 0.3044442 0.1729703 18.25235 0.9292011 1 0.0 0.06000329456775686 4.0964022987552005 0.0
0.01989259 0.007079973 -4.731493 -4.167376 0.5536541 0.4708618 -0.1526733 18.69203 0.9149952 0 0.0 0.021114950972920328 6.305081183809214 0.0
0.005349862 -0.03262132 -6.935451 -5.270991 0.913023 0.8329769 0.1897442 19.765 0.9832344 1 0.7671845 0.033057095183355784 8.711132342897908 0.0
0.008627818 -0.00460644 -4.05072 -4.641246 0.7557961 0.7646916 0.4550373 18.86015 nan 0 0.0 0.009780518028955522 6.160316302830237 0.0
0.02257539 -0.01289443 1.667474 -5.091299 0.72103 0.7785865 0.5227716 19.1216 0.8633156 0 0.0 0.025998356845712386 5.357405626614154 0.0
0.04487699 -0.04393933 -0.6475688 -4.441863 0.8408045 0.7860218 0.2122978 19.64786 1.066961 0 0.0 0.06280612193336729 4.4888185819324935 0.0
0.03965617 0.009407901 5.119225 -4.653881 2.150441 1.939986 0.3335242 20.36588 1.324642 1 2.748448e-05 0.04075684507287949 6.918458857490301 0.0
0.01945756 0.007804862 -6.781118 -4.025119 0.7522755 0.6748079 0.09304761 19.46501 0.6942596 0 0.0 0.020964553703636143 7.885755784583048 0.0
0.05752634 -0.02755873 -2.315474 -5.519382 0.7769218 0.7083739 0.1590636 19.45329 1.131222 1 5.900493e-05 0.0637868590934567 5.985398692367953 0.0
0.02308266 -0.03044217 -6.09909 -4.256709 0.4451815 0.3915134 0.004225704 18.67399 1.061783 1 0.9342924 0.038203859844058954 7.437638760976564 0.0
0.04083392 0.009746872 -1.734205 -6.410026 0.6993182 0.6280572 0.1226716 19.39717 1.076817 1 0.0 0.041981073549288664 6.640474403436927 0.0
0.02175789 -0.006844113 -8.502384 3.071625 1.77462 1.386801 -0.4057428 19.31982 nan 0 0.0 0.02280893816048588 9.040210939136376 0.0
0.02555137 0.01183926 -4.648627 -7.079283 0.7396403 0.6458387 -0.05094114 19.32465 0.9789009 0 0.0 0.028160976300982535 8.46911924459787 0.0
0.04843633 -0.03825731 -5.363598 -6.447668 1.093582 1.022288 0.2927349 19.92544 1.153793 1 0.1090888 0.0617227659158677 8.386930674795638 0.0
0.008342234 -0.04720513 -6.191669 -8.522465 1.510905 1.500727 0.2865304 19.86957 1.044004 0 0.0 0.04793659527362843 10.534190746411705 0.0
-0.004988262 -0.01988021 5.972413 2.777247 0.8731698 0.7673133 -0.01500647 19.521 nan 0 0.0 0.020496475487867274 6.586563439425601 1.0
0.03314318 -0.01891736 -0.4910497 -5.891022 1.387745 1.342818 0.368236 20.01734 0.9450684 0 0.0 0.03816198225828947 5.911452445241702 0.0
0.01755807 -0.01803168 -5.555795 -4.233017 0.1349856 0.1134169 -0.1700086 16.22098 1.283912 1 0.9973008 0.02516798175752875 6.984646805981961 1.0
0.01802369 0.006298361 -0.5477927 -1.661888 0.5703298 0.4888344 -0.1258562 18.68643 0.986721 0 0.0 0.01909247895121063 1.7498424405406592 0.0
0.02828972 0.009004103 -4.722187 -4.012165 0.6903997 0.6236413 0.1379122 19.34748 0.8859539 0 0.0 0.02968808057980524 6.196492398945875 0.0
0.06426088 0.01391765 -2.590813 -2.10518 2.495652 2.292765 0.4405216 20.57188 1.323973 1 0.08324003 0.06575075421542251 3.3382772253617583 0.0
-0.0131709 -0.06395605 -9.225431 -4.68374 1.833304 1.697408 0.2371521 20.1009 0.06374168 0 0.0 0.065298154173089 10.346303568103973 0.0
0.03492834 -0.03468419 -2.801219 -5.362949 0.6333745 0.6221522 0.4285744 18.96069 1.107159 0 0.0 0.04922379476545566 6.050458648942409 0.0
0.04416032 -0.04455313 -5.107598 -5.041103 0.8504533 0.8035546 0.3121049 19.46661 0.9767056 0 0.0 0.06273049701141623 7.176369331787001 0.0
0.01164682 -0.01444489 -5.329324 -4.237959 0.1520063 0.1360941 0.09510541 16.85019 1.218718 1 0.9953778 0.018555410618590472 6.8089640021560545 1.0
0.0110289 -0.0439286 -3.493048 -10.61267 0.4909777 0.4319826 0.05969692 18.8432 0.7802143 1 0.0 0.04529192569509492 11.17274133143715 0.0
0.02722203 -0.0496389 -1.840585 -4.373523 0.4556958 0.4378957 0.240088 18.71063 0.9049835 1 0.0 0.05661324324335164 4.745045476468481 0.0
0.01935504 0.007228866 -8.701795 -2.400465 1.120843 0.93149 -0.3205487 19.48639 nan 0 0.0 0.02066093117571316 9.026819397675464 0.0
0.02660973 -0.04406926 -1.376822 -3.404115 0.416032 0.4095278 0.3338338 18.49167 0.7921925 1 0.0 0.05147987381123326 3.672007319288593 0.0
0.02593584 0.01339173 -5.333494 -4.131227 0.4323561 0.3879782 0.09573865 18.66504 1.225353 1 0.9674627 0.029189145737731008 6.7463467724069 0.0
0.01579422 -0.00688862 -3.544092 -3.974875 1.407735 1.424822 0.5967409 19.88157 0.9060497 0 0.0 0.017231090241560457 5.325431378779469 0.0
0.03522611 0.006159658 -2.163081 -8.189059 0.4294463 0.3881993 0.1116866 18.50026 0.8995762 1 0.0 0.03576059580612526 8.469923654794181 0.0
0.03113179 0.01041458 -3.985019 -7.447948 1.171616 1.07924 0.1453244 19.97331 0.9099655 1 0.02295626 0.03282760766764005 8.447029409269568 0.0
0.02238711 -0.04880594 3.982523 -3.035597 1.339494 1.271531 0.3397814 20.08286 0.586937 1 0.0 0.053695460454638994 5.007528191826582 0.0
0.008752809 -0.03471204 -3.742358 -5.724833 0.8438408 0.7700511 0.2073575 19.64116 nan 0 0.0 0.035798566819805526 6.839514330568583 0.0
0.01988705 -0.01748286 -5.348665 -4.285266 0.08954029 0.0820546 0.1058695 15.69498 1.167289 1 0.9944615 0.026479145595772156 6.853591903008304 0.0
0.0335619 0.005427884 -5.578559 -4.897905 0.6665548 0.6050438 0.1225926 19.17918 0.9952221 0 0.0 0.033997986062816364 7.423597100160137 0.0
0.02127669 0.01434283 -2.828137 -3.09319 0.9951799 0.896046 -0.02875188 19.35533 1.028093 0 0.0 0.025659585144054843 4.191203081081731 0.0
0.02856532 -0.0095316 -0.8661009 -5.375505 0.3144453 0.2740447 0.04229003 18.11702 1.040876 1 0.0 0.030113600005020988 5.444831014274531 0.0
0.0518415 0.009092595 -0.7300231 -5.403993 1.361434 1.28516 0.3263241 20.0669 0.502615 0 0.0 0.05263284531624739 5.453079320034012 0.0
0.02418961 -0.006169544 -4.443102 -3.982788 0.8363103 0.7389377 -0.02230771 19.32474 nan 0 0.0 0.024963984159585506 5.966888270727716 0.0
-0.007929987 -0.03408635 0.2916365 -5.477642 1.027436 0.9359468 0.1760566 19.68817 1.029263 1 0.0 0.034996627696717714 5.485400051800803 0.0
0.01507482 -0.02291404 -1.582818 -6.334364 0.3046953 0.2888049 0.1889847 16.6734 1.417576 0 0.0 0.027428150268547093 6.529125523806385 0.0
0.01857773 -0.0370863 1.305627 -5.322805 0.7021881 0.6333875 0.1657842 19.42974 0.8709164 1 0.0 0.04147922009443886 5.480594395789018 0.0
-0.005090007 -0.03061858 -9.369932 -3.689187 1.634795 1.559294 0.4274417 20.08442 0.1431141 0 0.0 0.031038775950034642 10.070041032964713 0.0
0.02997646 0.0006302855 -5.99643 -3.378329 1.036755 0.9543267 0.1903804 19.74667 0.6807766 0 0.0 0.029983085464026386 6.882607033467841 0.0
0.04390413 -0.04524728 -6.831011 -7.101661 0.1764942 0.1662388 0.2646714 16.95807 0.9684296 1 0.0 0.06304672060032385 9.853745493011376 0.0
0.006272799 -0.007558817 -4.876155 -4.409071 0.9218013 0.9079159 0.3928051 18.75604 0.9692478 0 0.0 0.009822612775320526 6.5739481795239305 0.0
-0.004988233 -0.02038375 -6.034693 -4.041878 0.8340013 0.7019205 -0.2423798 19.3015 1.261131 0 0.0 0.020985226530223326 7.263215360371259 0.0
0.03191745 -0.01155072 -11.02048 -17.1786 2.07628 1.890665 0.4381891 20.41812 nan 0 0.0 0.033943228294033845 20.409685871918754 0.0
0.031056 0.01329471 -5.905105 -4.470226 0.7670553 0.6903969 0.1190673 19.5053 0.972599 0 0.0 0.03378201370528554 7.406293644738979 0.0
0.01889241 -0.001369362 -5.655049 -3.930039 0.2326906 0.2007013 -0.03406668 17.60364 nan 0 0.0 0.018941972122647206 6.886565597881283 1.0
0.001460292 -0.04767777 -2.987309 -6.341775 0.338846 0.3035172 0.1412284 18.2605 1.026928 1 0.0 0.04770012793377146 7.010144450159783 0.0
0.03761068 0.01526436 -3.979287 -5.533975 1.162547 1.075899 0.1587853 19.96154 0.4812336 0 0.0 0.04059019507555981 6.816128250626891 0.0
0.03236203 0.01432802 -5.576522 -4.259778 1.204688 1.05981 -0.03128253 19.81722 0.584198 0 0.0 0.03539199263733677 7.017357495935917 0.0
0.01126185 -0.02288677 -4.244857 -9.222153 1.125608 1.035328 0.2338441 19.92275 1.049011 0 0.0 0.025507518625993396 10.152187789134814 0.0
0.01243604 -0.04395168 -8.002917 -5.971319 1.553947 1.492633 0.3476824 20.24302 0.7782879 0 0.0 0.045677185396037705 9.985155537529197 0.0
0.02806168 0.0164085 -5.538033 -3.958936 0.8244509 0.7260676 0.06723214 19.52704 0.8857708 1 0.8915661 0.03250687245295062 6.807568123873973 0.0
0.006733593 -0.006425886 -6.366796 -3.962455 1.014535 1.009455 0.6861303 18.84987 nan 0 0.0 0.009307700337604611 7.499142679842876 0.0
-0.004450329 -0.03008068 1.151127 -1.283661 0.6998823 0.6516302 0.2112132 19.1704 1.051394 1 0.0 0.030408103154761907 1.7242038548414163 0.0
-0.01644603 -0.05816971 -3.538633 -0.8889979 1.442333 1.293295 0.07950875 20.0656 0.5189915 0 0.0 0.060449872326126544 3.648594356035405 0.0
0.03029481 -0.04132386 -4.781047 -6.749475 1.434774 1.413528 0.3114514 19.91058 1.020458 0 0.0 0.05123901753776803 8.271264908817393 0.0
0.02936786 0.01787674 0.1695961 -3.419519 0.8024957 0.6718928 -0.3121306 19.16244 0.9520702 1 0.0 0.03438093998143739 3.4237221015287163 0.0
0.01543208 -0.02865903 -0.854863 3.541787 1.898122 1.991609 0.6464178 20.1772 1.323801 1 0.02517169 0.032549794064898475 3.643493639645608 0.0
0.01448026 -0.05927944 -5.449467 -2.264928 0.4602256 0.4294928 0.207297 18.83236 nan 0 0.0 0.06102237242504752 5.901405716375803 0.0
0.006887124 -0.006952326 -3.489286 -2.111241 0.9333214 0.9665569 0.7161535 18.75637 nan 0 0.0 0.009786077549337732 4.078290738762625 0.0
-0.02657668 -0.05522723 -2.416311 0.7694584 1.024768 0.9303468 0.06922095 19.65279 nan 0 0.0 0.061289206662309643 2.5358677169859547 0.0
0.06058345 -0.0100742 -1.021067 -3.808563 0.8782489 0.8129456 0.08571459 19.50649 1.384449 0 0.0 0.06141533944823964 3.943060986525316 0.0
0.005451767 -0.03982347 -5.642426 -6.683388 1.319915 1.218038 0.2283555 20.00921 0.8808956 0 0.0 0.04019490672041906 8.746693450900175 0.0
-0.006726409 -0.04690745 0.6922641 -2.391863 0.1272175 0.1149348 0.07879222 16.3733 1.014946 1 0.0 0.047387270901981485 2.490027749828867 0.0
0.008908337 -0.01485656 -5.743942 -4.187259 0.08412578 0.07200032 -0.07135732 15.56323 1.131962 0 0.0 0.017322697340171046 7.108164856870231 1.0
0.03291971 -0.00054569 3.042006 -6.681056 1.071942 0.9463806 0.1072078 19.74123 0.792469 0 0.0 0.0329242324748839 7.3410019601667456 0.0
-0.0242782 -0.04136778 -4.705632 -6.343217 1.024574 0.9364207 0.09219066 19.74982 0.8175392 0 0.0 0.04796586512686287 7.898061434840388 0.0
-0.002223373 -0.06048754 -6.093006 -5.177064 0.907347 0.8311109 0.1299569 19.68985 0.8496342 0 0.0 0.06052838906454333 7.995418299009251 0.0
0.02907828 -0.006289275 -5.568583 -4.354048 0.4646458 0.3987333 -0.09714573 18.62095 1.141857 0 0.0 0.029750652896768922 7.068723407673623 0.0
-0.0008933766 -0.04676987 -5.455996 -4.226753 0.1289385 0.1187758 0.1102737 16.4594 1.273767 1 0.9925865 0.04677840165681516 6.901690609917616 0.0
0.004862815 -0.04860486 -3.606746 -12.38046 1.707483 1.520768 0.2563974 20.32757 0.8855076 1 4.015343e-06 0.04884751155733345 12.895131116825295 0.0
0.01228434 -0.03097406 1.2369 2.615207 1.303453 1.354934 0.4991219 19.97567 1.500069 0 0.0 0.03332112546297319 2.8929620223654857 0.0
0.005222729 -0.0190181 3.171847 -5.377556 1.047421 0.9584528 0.2299867 19.78008 nan 0 0.0 0.019722196272662966 6.243294156496633 0.0
0.02221847 -0.007363026 -5.663878 -4.878425 0.6813016 0.5949053 0.08151398 19.13396 nan 0 0.0 0.023406720424219537 7.475195280359504 0.0
0.00988233 -0.001753178 0.3146757 -0.8019731 0.1249047 0.1118745 0.08094896 16.16902 1.026931 0 0.0 0.010036636853477563 0.8614996513604054 0.0
0.004428528 -0.03619182 -3.705791 -5.025816 1.663165 1.640497 0.4211565 20.25246 1.034698 0 0.0 0.03646175661099152 6.244334504295634 0.0
0.04415243 -0.009206144 -0.9389989 -2.77929 1.882368 1.714458 0.383251 20.29252 0.7473831 0 0.0 0.04510199732000387 2.9336277606917363 0.0
0.04233485 -0.009983451 -2.697408 -7.215951 0.9167401 0.8328158 0.1480821 19.74308 1.308151 1 5.004486e-05 0.043496078195532764 7.703632828274268 0.0
0.006016487 -0.01288412 1.322684 -1.051885 0.1395979 0.1257618 0.1802963 16.52492 1.272974 1 0.0 0.01421965766098358 1.6899571051008957 0.0
0.06162264 0.01201218 2.859322 0.2847895 1.556967 1.458411 0.1757992 20.13839 1.259901 0 0.0 0.0627824993841596 2.8734695681343574 0.0
0.01001036 -0.001329761 -4.150272 -0.249179 0.7750777 0.6781118 -0.02451855 17.38329 nan 0 0.0 0.010098295482244564 4.15774552468342 0.0
0.02800337 -0.005983752 -1.865643 -3.15167 0.3588475 0.3197642 0.1149804 18.01675 1.252085 1 0.0 0.028635537699760485 3.6624646882050618 0.0
0.06477065 0.01083882 -6.567468 -4.362468 1.377593 1.149807 -0.262056 19.87488 0.6592464 0 0.0 0.06567128078859814 7.884336559409928 0.0
0.02495759 -0.005731068 -1.113832 -6.882114 1.270374 1.168725 0.22485 19.86399 nan 0 0.0 0.02560715601211357 6.971665140640361 0.0
0.01960442 -0.02251438 -6.555862 -4.671881 0.5625412 0.5348481 0.4667537 18.77075 nan 0 0.0 0.0298534853965295 8.050204881939651 0.0
0.01021521 -0.000677471 -5.124995 -2.93801 0.9372587 0.7790099 -0.1429817 19.00865 nan 0 0.0 0.01023765023332703 5.907408612084067 0.0
0.0637108 -0.003343461 -1.274155 -5.462326 0.7919964 0.743936 0.1321912 19.50405 0.8067856 0 0.0 0.06379846995107737 5.60896392342659 0.0
0.03085784 -0.04086629 1.882015 -2.688844 0.5236149 0.5134674 0.2617875 18.48447 0.9287624 0 0.0 0.0512080066769807 3.282051571282968 0.0
0.02357497 -0.007508337 -6.044058 -3.87372 1.36363 1.406199 0.5042719 19.93242 0.3647499 0 0.0 0.024741752868510936 7.178881789371099 1.0
0.02605143 -0.02864627 -0.5197943 -2.236586 0.6968656 0.6556955 0.2700666 19.33624 1.105431 1 0.0 0.038720611952263874 2.2961931647203575 0.0
0.04069603 -0.01169548 -1.120018 -1.932755 0.2932702 0.258767 0.07257633 18.06625 1.080132 1 0.0 0.042343253420011315 2.233826808494562 0.0
0.008473567 -0.01165599 -4.735287 -2.339251 0.342211 0.305646 0.08247924 18.27118 0.5327587 0 0.0 0.014410532279676175 5.281575353374218 0.0
0.01226218 -0.006319669 -8.566624 -8.298194 2.218789 2.241116 0.7035267 20.02008 nan 0 0.0 0.013794900312142925 11.926737626820337 0.0
0.01820048 -0.005336502 -5.212338 -8.307097 0.4342052 0.3885422 0.1049919 18.53881 0.9877396 0 0.0 0.01896670044647735 9.806953043308253 0.0
0.02293707 0.0001059674 -5.571542 -4.851872 2.064703 1.622056 0.008586075 20.09921 nan 0 0.0 0.022937314779083513 7.388013411069853 0.0
0.01858548 -0.0002668494 -4.272137 -3.044097 1.639236 1.68369 0.5254674 19.75046 nan 0 0.0 0.018587395606503895 5.245729795955754 0.0
0.01712237 -0.02129316 -6.292803 -4.395816 0.5737557 0.5293779 0.2297245 18.99276 1.071243 0 0.0 0.02732351033821423 7.676103692803075 0.0
0.0234176 -0.02182485 7.990147 5.315711 1.583359 1.519307 0.3441254 19.51062 1.540976 0 0.0 0.032011061639416145 9.59683450504019 0.0
0.01230971 -0.03249994 1.070334 -3.581251 1.082483 0.9818166 0.08428706 19.87508 1.234777 0 0.0 0.03475305828682851 3.7377765578692634 0.0
0.01822709 -0.0004498801 -7.545722 -3.994178 0.9635731 0.8506505 0.07213804 19.4332 1.038235 0 0.0 0.018232641113466695 8.537644780439626 0.0
0.003303774 -0.007985902 -5.373187 -4.494443 0.1343547 0.1131703 -0.1605039 15.55664 0.9969473 0 0.0 0.00864231180857761 7.005080757365899 1.0
0.0330729 -0.00157953 -3.58903 -2.688033 2.505851 2.057749 -0.09543567 20.31887 nan 0 0.0 0.033110596935586954 4.48404479794627 0.0
-0.01609227 -0.0342515 -4.59912 -5.146627 2.54446 2.023433 -0.2092196 20.35573 nan 0 0.0 0.03784344601120384 6.902149973126417 0.0
0.01111113 -0.0004906591 -8.526666 -5.220987 1.588574 1.344513 -0.2706893 19.58822 nan 0 0.0 0.0111219582911155 9.9981367428999 0.0
