jas1101finalproject/data/gcs/NGC_6535.ecsv
# %ECSV 0.9
# ---
# datatype:
# - {name: x, unit: deg, datatype: float64}
# - {name: y, unit: deg, datatype: float64}
# - {name: pmx, unit: mas / yr, datatype: float64}
# - {name: pmy, unit: mas / yr, datatype: float64}
# - {name: pmx_e, unit: mas / yr, datatype: float64}
# - {name: pmy_e, unit: mas / yr, datatype: float64}
# - {name: pm_corr, datatype: float64}
# - {name: g_mag, unit: mag, datatype: float64}
# - {name: bp_rp, unit: mag, datatype: float64}
# - {name: filter, datatype: int64}
# - {name: memberprob, datatype: float64}
# - {name: r, unit: deg, datatype: float64}
# - {name: pm, unit: mas / yr, datatype: float64}
# - {name: member_prob_GMM, datatype: float64}
# meta: !!omap
# - comments: [deg deg mas/yr mas/yr mas/yr mas/yr dimless mag   mag   zeroone float]
# - __serialized_columns__:
#     bp_rp:
#       __class__: astropy.units.quantity.Quantity
#       unit: &id001 !astropy.units.Unit {unit: mag}
#       value: !astropy.table.SerializedColumn {name: bp_rp}
#     g_mag:
#       __class__: astropy.units.quantity.Quantity
#       unit: *id001
#       value: !astropy.table.SerializedColumn {name: g_mag}
#     pm:
#       __class__: astropy.units.quantity.Quantity
#       unit: !astropy.units.Unit {unit: mas / yr}
#       value: !astropy.table.SerializedColumn {name: pm}
#     pmx:
#       __class__: astropy.units.quantity.Quantity
#       unit: !astropy.units.Unit {unit: mas / yr}
#       value: !astropy.table.SerializedColumn {name: pmx}
#     pmx_e:
#       __class__: astropy.units.quantity.Quantity
#       unit: !astropy.units.Unit {unit: mas / yr}
#       value: !astropy.table.SerializedColumn {name: pmx_e}
#     pmy:
#       __class__: astropy.units.quantity.Quantity
#       unit: !astropy.units.Unit {unit: mas / yr}
#       value: !astropy.table.SerializedColumn {name: pmy}
#     pmy_e:
#       __class__: astropy.units.quantity.Quantity
#       unit: !astropy.units.Unit {unit: mas / yr}
#       value: !astropy.table.SerializedColumn {name: pmy_e}
#     r:
#       __class__: astropy.units.quantity.Quantity
#       unit: &id002 !astropy.units.Unit {unit: deg}
#       value: !astropy.table.SerializedColumn {name: r}
#     x:
#       __class__: astropy.units.quantity.Quantity
#       unit: *id002
#       value: !astropy.table.SerializedColumn {name: x}
#     y:
#       __class__: astropy.units.quantity.Quantity
#       unit: *id002
#       value: !astropy.table.SerializedColumn {name: y}
# schema: astropy-2.0
x y pmx pmy pmx_e pmy_e pm_corr g_mag bp_rp filter memberprob r pm member_prob_GMM
[from data line 1832]
-0.0201193 -0.02788382 -0.6272372 -5.974422 0.6570882 0.5879767 0.1383442 19.07682 1.464903 1 0.0 0.034384497237598226 6.007257672111946 1.0
0.01656228 0.005374537 -6.039262 -3.604197 1.421796 1.668838 0.4143865 19.91777 nan 0 0.0 0.01741248881586917 7.032988093225596 1.0
-0.04822573 0.01610286 1.571608 -4.14583 1.528422 1.447304 0.1051986 20.22492 1.503819 0 0.0 0.050843122781871884 4.433718314751626 1.0
0.007681773 -0.01115966 -4.228351 -3.123656 0.4673161 0.385441 0.007871361 18.34115 1.344637 1 0.9910476 0.013547975780135165 5.257012363076294 1.0
-0.01712865 -0.01691796 -4.579134 -3.291337 0.9228428 0.9917934 0.3188814 19.4461 1.181459 0 0.0 0.024075049769088742 5.639270115673216 1.0
0.007925901 -0.02313954 -0.9806498 -4.260476 2.440483 2.375211 0.1668743 20.65602 1.544731 0 0.0 0.024459317612586847 4.371879433014597 1.0
-0.001748021 -0.01133248 -4.374057 -3.672865 1.150477 1.246608 0.3067987 19.71128 1.165901 0 0.0 0.011466502534201135 5.711594518825193 1.0
-0.0003747518 0.0295369 -5.812107 -3.541169 0.8528906 0.8567259 0.1463285 19.18751 1.291758 0 0.0 0.029539277251171926 6.805914021350108 1.0
-0.01676249 0.0111398 -4.229517 -10.62544 2.52871 1.772261 -0.397699 20.38796 1.055817 0 0.0 0.020126505286315856 11.436292635591702 0.0
0.05730252 -0.02935377 -7.446944 -4.498636 2.107754 2.163861 0.3252159 20.38747 1.744186 0 0.0 0.06438340323067196 8.700270156703871 1.0
-0.009224721 -0.0097656 -4.326414 -2.493987 1.444724 1.184574 0.0233887 20.14178 1.119394 0 0.0 0.01343363022000535 4.993779055541505 1.0
0.001639379 -0.022984 4.273563 -1.443639 0.4444777 0.3904661 0.1157866 18.51421 1.447153 1 0.0 0.023042391792208575 4.510813039496317 1.0
0.006461092 -0.003711614 -3.454142 -2.03207 0.8265251 0.8965127 0.3144821 19.14862 1.156773 0 0.0 0.007451294405501637 4.007543566957694 1.0
-0.01065905 0.01998072 -4.306444 -2.27123 0.7538406 0.7764877 0.1985815 19.21984 1.204071 0 0.0 0.022646070710410228 4.868669801705185 1.0
0.01232039 -0.0006655534 -4.929394 -2.261123 0.4912471 0.5308808 0.2727303 18.56185 1.338694 0 0.0 0.012338353661666194 5.423246484197911 1.0
0.02947091 -0.04441631 -0.6950567 -11.32025 3.002938 3.748023 0.5239818 20.70963 1.830927 1 0.008244071 0.0533042505832715 11.341567963853802 0.0
-0.002175274 0.05633307 -1.95713 -3.849359 2.369621 1.730522 0.006810953 20.69795 0.5532665 0 0.0 0.05637505292769113 4.318324043860187 1.0
0.003592457 -0.06531607 1.275494 -0.679421 1.245597 1.393018 0.229304 19.77684 1.292568 0 0.0 0.06541478997552273 1.445163602945009 0.0
0.02852506 0.02373143 -5.23688 -13.79143 2.11863 2.138941 0.06838319 20.45964 1.588579 0 0.0 0.03710606173994352 14.75223554514027 0.0
0.0430816 -0.02214619 5.920172 -4.250574 0.5328998 0.5725826 0.1857321 18.53736 1.380243 1 0.0 0.0484404581943245 7.288059813081943 1.0
0.02083475 0.04011125 -2.32266 -3.070414 0.9499886 1.013232 0.2669794 19.61293 1.518351 1 0.369684 0.04519954849470291 3.8499599487521943 0.0
-0.01963106 -0.01296212 -0.7958869 -4.539778 1.079325 1.162822 0.3030498 19.68738 1.344477 0 0.0 0.023524350609910573 4.609015105950035 1.0
0.03883963 -0.04575688 3.607787 -7.127492 2.121221 1.711194 0.3783976 20.26982 1.418892 1 9.00464e-06 0.06001840489276019 7.988571164321753 1.0
0.02644978 -0.02247012 -3.146568 -4.972414 0.3899799 0.417192 0.277 18.21579 1.388708 1 0.0 0.03470586628889704 5.884368374432382 1.0
-0.02686357 -0.03067643 -4.137244 -2.809495 0.3842775 0.3405286 0.1389896 18.31056 1.401821 1 0.9777734 0.0407761541920005 5.001004906072478 1.0
-0.02002786 0.02961711 -0.7333008 -3.781536 2.028947 1.482134 -0.3752126 20.34327 0.9704113 0 0.0 0.03575315903429654 3.8519793071324564 1.0
-0.03672068 -0.00402272 -2.481803 -4.498082 1.113521 1.147901 0.1899612 19.80146 1.252615 0 0.0 0.036940365670372025 5.137323019777226 1.0
-0.02899973 -0.04414726 -4.093826 -2.53502 0.3162197 0.3000583 0.2246096 17.95537 1.460533 1 0.9485998 0.0528201183790845 4.815157081412402 1.0
-0.01532819 0.01759453 -4.004561 -2.773459 0.4566572 0.3787508 0.05294319 18.51703 1.277792 1 0.9864065 0.02333497149338306 4.871199403371001 1.0
0.01344952 -0.004541675 -5.303957 -6.071767 2.34875 2.721705 0.2521929 20.57463 0.8815536 0 0.0 0.014195647221455773 8.062153208674344 0.0
-0.02970178 0.01249482 0.360162 -4.756734 1.603287 1.27347 -0.1826819 20.28684 1.107901 0 0.0 0.032222915169189764 4.770349569266386 1.0
0.005423519 0.01709291 -5.682641 -3.297231 1.06534 1.146973 0.1912907 19.64256 1.214926 0 0.0 0.017932711189651746 6.5699422373596255 1.0
-0.03064766 -0.03879354 -1.548831 -3.555834 1.706298 1.440634 0.08674 20.4013 1.251211 0 0.0 0.04943903123249079 3.8785091081647596 1.0
-0.03379115 0.03688249 -6.002641 -2.908435 1.197352 1.085641 0.07773402 19.86559 1.198769 1 0.7055081 0.05002159420612862 6.670134415745007 1.0
-0.01084207 -0.06366696 0.1942192 -0.7306972 0.5782017 0.6297992 0.3134782 18.85761 1.965397 1 0.0 0.06458352946012241 0.7560684464626731 0.0
0.00743764 -0.004866127 1.456859 2.712322 0.317185 0.2633956 0.07147453 17.94608 1.533516 1 0.0 0.008888063948337062 3.0788193804711894 1.0
-0.02005829 -0.0160793 -4.495265 -3.235563 0.4867321 0.4281682 0.1522128 18.45821 1.29982 0 0.0 0.025707564766311492 5.538616735900219 1.0
-0.01987514 -0.04019328 -2.202564 -6.529261 0.7322919 0.8081147 0.3360261 19.14975 1.752033 1 0.0 0.044838833026496126 6.890757387995676 1.0
0.01616552 -0.02356301 -4.237254 -3.08067 0.5065759 0.5423668 0.2791322 18.59869 1.292952 1 0.9769253 0.02857515489250233 5.238783170681528 1.0
-0.013253 0.008454135 -7.14974 -6.457172 3.001374 3.34979 0.2455177 20.65306 nan 0 0.0 0.01571987301469783 9.633994618287058 0.0
0.04524846 0.01372578 5.680966 -10.01374 1.153314 1.235517 0.3608629 19.82686 2.44978 1 0.0 0.04728446012148177 11.512965016917057 0.0
-0.029366 -0.02191792 -4.178007 -5.745989 2.057794 1.626881 0.09755264 20.23265 nan 0 0.0 0.036643651198077956 7.104374151195163 1.0
0.05733336 0.03199151 -9.576274 1.930648 1.06871 1.159045 0.3427605 19.71185 1.393373 1 0.0 0.06565493797856868 9.76895211488827 0.0
0.03917531 -0.04713625 -4.814346 -4.634181 1.362855 1.305955 0.1106802 20.09101 1.523746 1 0.3961713 0.06129054558134231 6.682331999270688 1.0
0.04408893 0.04612195 -1.148574 2.301732 2.837747 3.339935 -0.01230246 20.71407 1.46769 1 0.1337983 0.06380492159972771 2.5723904123013677 1.0
0.05748562 -0.03106689 -4.093192 -4.334125 1.112203 1.168809 0.2083586 19.74861 nan 0 0.0 0.06534330999464674 5.961447832908463 1.0
0.04863571 -0.02286534 0.4954644 -4.040715 2.325057 2.296116 0.02234227 20.5475 1.231779 0 0.0 0.05374249771381769 4.070978099043565 1.0
0.03871781 0.02310949 -0.936115 -5.257293 1.403503 1.607792 0.5883472 19.71769 nan 0 0.0 0.045090102453378834 5.339985110566695 1.0
-0.008553339 -0.01579881 -4.754299 -2.918402 1.13639 1.237351 0.2750688 19.74783 0.8190632 0 0.0 0.017965578350418364 5.57856874251855 1.0
-0.01023183 0.03765135 -3.895907 -4.393156 0.3144517 0.314553 0.1102825 17.77768 1.473911 1 0.002196397 0.0390168489497986 5.871789420013715 1.0
-0.01627415 -0.02625979 -3.963924 -4.795018 1.470257 1.211086 0.04145585 20.18662 1.330244 1 0.6618958 0.030893761976596507 6.221325509736651 1.0
0.007315583 0.01282882 -3.552993 -1.891272 1.488458 1.167358 0.2562944 19.89038 nan 0 0.0 0.01476808644416361 4.025005470310941 1.0
0.01305286 0.05357642 -5.290027 -2.79471 0.6062417 0.553726 0.1204383 18.93606 1.322996 1 0.7835176 0.055143539369503655 5.982874697403331 1.0
-0.01969212 0.002923232 -1.302549 -1.721855 1.477684 1.584716 0.1261804 19.77024 1.039915 0 0.0 0.019907909870707775 2.159031852110107 0.0
0.02818935 0.01482894 -4.125017 -1.674325 0.8353532 0.9348881 0.164977 19.12399 1.004211 0 0.0 0.03185179610235661 4.451868086086334 1.0
0.02648038 0.01259139 -12.04166 -1.497755 1.105729 1.218748 0.2388827 19.67694 1.058121 1 0.0 0.02932155567285781 12.13444871412068 0.0
-0.02301845 -0.01581528 -3.573946 -2.819474 1.019187 1.101864 0.3066561 19.57956 1.384954 0 0.0 0.027927980984684516 4.5521998690294785 1.0
0.01329694 0.0008270649 -4.902428 -2.522892 1.45728 1.418777 0.1311448 20.07222 1.03236 0 0.0 0.013322636740240725 5.5135092580722125 1.0
0.01045889 0.0506694 -2.425329 -6.260346 0.3027186 0.3374466 0.3720784 17.79083 1.283272 1 0.0 0.05173757315908913 6.713728680692793 1.0
0.006522126 -0.005184862 -4.248192 -2.722509 0.1018847 0.08666384 0.1142786 15.84465 0.7219563 1 0.9980693 0.008331921838262767 5.0457101109700115 1.0
-0.06046289 -0.02682175 9.200613 -10.26563 1.957622 1.677896 0.1489654 20.52268 2.192854 0 0.0 0.06614504773763943 13.785297924697494 0.0
-0.01191025 0.00984066 -3.624291 -3.564908 1.403132 1.107516 0.01118662 20.14167 0.5857048 0 0.0 0.015449681041953585 5.083704781076985 1.0
-0.003182326 -0.01397595 -4.464696 -4.064401 1.396201 1.627131 0.4200982 19.88554 1.08283 1 0.9072418 0.014333679819668639 6.037620877565682 1.0
0.00496575 -0.006433608 -8.140806 -3.07542 1.436777 1.164407 -0.04067516 20.059 nan 0 0.0 0.008127114184023995 8.702352010004882 1.0
-0.0329366 0.01051644 -2.778441 -6.946708 0.9887499 1.002178 0.1754782 19.61413 1.315008 1 0.001324235 0.0345747759187764 7.4817435419656695 1.0
-0.00165648 0.05852121 -1.77032 -2.296391 1.21031 1.31734 0.232815 19.90143 1.729338 0 0.0 0.05854464916501336 2.8995593677800424 1.0
0.003714547 -0.007541777 2.151786 -9.042556 1.262247 1.335702 0.1784836 19.78859 1.670845 0 0.0 0.008406917373980667 9.295052555146313 0.0
-0.002449924 0.02910328 -3.157289 -2.62122 1.703188 1.340641 -0.263541 20.0011 1.183527 0 0.0 0.02920621568029956 4.103567730392786 1.0
0.03203445 -0.009132433 -8.679203 -7.083627 0.871042 0.9601105 0.1410925 19.34585 1.309555 1 1.004058e-05 0.03331076881883679 11.202961045649403 0.0
0.006613697 0.02889594 -6.119645 -5.587309 2.144831 1.752385 -0.218702 20.53825 0.4407387 0 0.0 0.02964314990839214 8.28662034773562 1.0
-0.05951708 0.01391573 1.777047 -3.162791 1.781846 1.321124 -0.3389818 20.22523 1.977156 0 0.0 0.06112225742852844 3.6278289581911105 1.0
-0.008278683 -0.01833675 -3.471145 -2.5474 1.463081 1.234721 0.0776822 20.18575 0.9775238 0 0.0 0.020118970967149114 4.305588736865726 1.0
-0.04047437 0.01949368 -4.142503 -6.375865 1.275481 1.320337 0.1809752 19.73061 1.419455 0 0.0 0.04492413813129084 7.603419336274568 1.0
0.001029037 -0.01611251 -5.896096 -3.017224 1.54016 1.280387 0.03824603 20.21289 0.9949741 0 0.0 0.016145336653271402 6.623261183691309 1.0
0.01799655 -0.02149843 1.175734 -1.092083 0.5954899 0.6174355 0.1734485 18.73054 1.458424 1 0.0 0.028036731342426492 1.6046793192550965 0.0
-0.009133161 -0.01952804 -3.455211 -2.978573 1.086891 1.177816 0.2828415 19.69928 1.196716 1 0.9057373 0.02155826932046079 4.561839559963722 1.0
-0.02417812 -0.008665172 -4.609037 -6.516579 3.090297 3.768651 0.3928891 20.82893 1.10198 0 0.0 0.025683977350168804 7.98179327786745 1.0
0.007040907 -0.02006629 -3.711431 -1.807941 0.508194 0.5630852 0.3551014 18.45105 1.243509 1 0.931241 0.02126570868197787 4.128361748592534 1.0
0.008963499 -0.00337476 -7.980268 -5.174114 2.357921 2.021507 0.5053432 20.22953 nan 0 0.0 0.00957775126951003 9.510842919364192 0.0
-0.05030072 -0.02274412 0.147197 -8.169036 0.791604 0.8374623 0.2271669 19.35353 1.592522 1 0.0 0.055203780913020806 8.170362055998803 1.0
0.007010402 -0.001986924 13.89312 18.87043 2.188084 1.691121 0.2097981 19.77109 nan 0 0.0 0.007286535746387305 23.433137043923505 0.0
-0.03324158 -0.04942404 -1.76572 -6.505895 0.4180274 0.4560622 0.3368077 18.36448 1.532234 1 0.0 0.05956289424480648 6.741248910211296 1.0
0.05055855 0.0356566 3.374659 1.683534 2.33683 2.687032 0.4154679 20.59909 0.6640816 0 0.0 0.06186727811745478 3.7712875911864634 1.0
-0.01139149 0.04365318 -3.086993 -6.071829 0.2766061 0.2889865 0.2431864 17.68488 1.4079 1 0.0 0.04511503262253614 6.811507409325046 1.0
-0.002480434 -0.004845442 -5.174495 -3.485095 0.3953103 0.3257568 -0.002647621 18.14924 1.247118 0 0.0 0.005443423647275674 6.238692624584898 1.0
-0.02344579 0.02832112 0.3544543 -4.727332 0.5825272 0.4897185 0.01961455 18.70582 1.61384 0 0.0 0.03676670921878242 4.740601827723194 1.0
-0.002205778 -0.01314089 -6.298379 -2.954548 1.160818 1.292499 0.3023586 19.67047 1.2085 0 0.0 0.013324730638079856 6.956934088515213 1.0
-0.0113915 0.05846664 -1.058784 -1.237484 0.5443047 0.4369584 -0.07489772 18.78381 1.611351 1 0.0 0.05956604960159437 1.6286160409722115 1.0
-0.01133034 -0.06184199 -5.308693 -5.908904 0.9190861 0.9929168 0.3197314 19.4031 1.51359 0 0.0 0.06287136336740043 7.943385163106785 1.0
-0.01538923 0.02421905 -4.18975 -3.323045 1.248841 0.9410333 -0.1741383 19.98537 0.8802891 0 0.0 0.028694786684960737 5.34758198950937 1.0
-0.02842006 0.01266601 -7.832576 -5.026907 2.748782 1.848414 -0.4036361 20.42782 nan 0 0.0 0.03111474923125205 9.30693509069581 1.0
-0.04843933 0.0118166 -7.485138 -1.743949 2.12556 1.744859 0.2020823 20.50158 nan 0 0.0 0.049859810733785384 7.6856131176143005 1.0
-0.01300878 -0.06102738 -5.321595 -7.087195 0.8662867 0.9465973 0.2899303 19.36619 1.53138 1 0.001340635 0.06239847327261141 8.86271438736745 1.0
-0.06064622 0.01380466 -2.757739 -3.806417 0.8968653 0.9402894 0.1981401 19.38262 1.508316 1 0.2230339 0.06219752919533058 4.700418573915519 1.0
0.01305282 0.01569953 1.652086 -1.058983 0.2129827 0.1739225 0.07760832 16.80034 1.37985 0 0.0 0.020416937874551608 1.9623539807295216 0.0
-0.02869471 0.01258048 -3.777536 -3.452601 0.8436926 0.8651809 0.1801031 19.39639 1.259174 0 0.0 0.031331371802308626 5.117639289408448 1.0
-0.03748369 0.02163016 0.2097873 -3.048338 0.5683547 0.4412197 -0.09803494 18.92314 1.448589 1 0.0 0.043276908827245275 3.055548277066702 1.0
0.05007024 0.02704409 -9.477099 -7.289437 1.082455 1.150815 0.4336817 19.72181 1.671732 0 0.0 0.05690704470964645 11.956224204688118 0.0
-0.002358374 0.03604078 -1.610601 -1.531464 0.1553418 0.1252085 -0.01286049 16.7846 1.535947 0 0.0 0.036117859168730865 2.222480048166237 0.0
-0.008553333 -0.02249319 0.1041703 -5.127606 0.269595 0.293283 0.3954412 17.49269 1.477139 1 0.0 0.02406456111764744 5.128664030977082 1.0
0.00722405 0.04363736 -3.360254 10.95791 2.655539 2.028496 -0.1040963 20.33139 1.748045 0 0.0 0.04423127949960412 11.461548696080124 0.0
0.01167948 -0.0464364 -0.7876615 -6.15942 0.8725707 0.9534334 0.2122485 19.40181 1.350355 1 2.877732e-06 0.04788266385687413 6.20957851830398 1.0
-0.06052414 0.01242144 -7.615055 -6.553242 0.7851062 0.6728599 -0.0576638 18.45754 1.935802 0 0.0 0.06178562692417388 10.046593619908641 0.0
0.01399885 0.01336758 -3.677575 -3.296635 0.5015065 0.4528478 0.1518707 18.62629 1.17433 1 0.9630644 0.01935613588449151 4.9388622377881735 1.0
-0.0281759 0.005245112 2.105302 -5.133365 1.093186 1.126634 0.2219181 19.73658 1.047722 0 0.0 0.0286599466276988 5.548308997742375 1.0
0.00838367 -0.007947956 -3.687882 -3.530488 0.4865757 0.4240652 0.08907672 18.61767 1.1688 1 0.9545367 0.011552312636300837 5.105371599018822 1.0
0.03783281 0.02136969 -0.7543436 -4.989776 1.40976 1.545812 0.3599513 20.07338 1.358154 0 0.0 0.04345095123460705 5.046473897389836 1.0
0.0123204 0.008539937 -4.016002 -2.749809 0.7395442 0.8185908 0.3603046 19.09578 1.100389 1 0.9742223 0.014990756489382683 4.867208810035275 1.0
0.03856506 -0.02420781 -3.449094 -2.797091 0.9256549 0.9847237 0.2610681 19.42255 2.171389 1 0.7809823 0.045533305588324025 4.440717001016503 1.0
0.0482389 -0.03967862 2.344737 -7.115588 1.829033 1.692237 0.6907905 19.66158 1.419212 0 0.0 0.062461062737631995 7.4919546304628 1.0
-0.04703539 -0.02226086 1.942965 1.086967 1.702925 1.520424 0.5779966 19.8088 1.437136 1 0.01922514 0.052037234749664596 2.2263445937936024 1.0
-0.03699518 -0.04553002 -3.638627 -7.411209 2.780071 3.305168 0.5254095 20.65121 1.265251 0 0.0 0.058665373640954505 8.256247651736835 1.0
-0.0219199 0.01772011 -4.98372 -8.785228 1.693515 1.280724 -0.167406 20.38091 0.9279652 0 0.0 0.028186598134966552 10.10038098540763 0.0
0.008536294 0.04484858 1.495466 -3.086875 1.279791 1.029407 -0.04090385 20.06909 1.453709 0 0.0 0.04565373416568284 3.4300460379973035 1.0
