jas1101finalproject/data/gcs/NGC_6316.ecsv
# %ECSV 0.9
# ---
# datatype:
# - {name: x, unit: deg, datatype: float64}
# - {name: y, unit: deg, datatype: float64}
# - {name: pmx, unit: mas / yr, datatype: float64}
# - {name: pmy, unit: mas / yr, datatype: float64}
# - {name: pmx_e, unit: mas / yr, datatype: float64}
# - {name: pmy_e, unit: mas / yr, datatype: float64}
# - {name: pm_corr, datatype: float64}
# - {name: g_mag, unit: mag, datatype: float64}
# - {name: bp_rp, unit: mag, datatype: float64}
# - {name: filter, datatype: int64}
# - {name: memberprob, datatype: float64}
# - {name: r, unit: deg, datatype: float64}
# - {name: pm, unit: mas / yr, datatype: float64}
# - {name: member_prob_GMM, datatype: float64}
# - {name: member_prob_DB, datatype: float64}
# meta: !!omap
# - comments: [deg deg mas/yr mas/yr mas/yr mas/yr dimless mag   mag   zeroone float]
# - __serialized_columns__:
#     bp_rp:
#       __class__: astropy.units.quantity.Quantity
#       unit: &id001 !astropy.units.Unit {unit: mag}
#       value: !astropy.table.SerializedColumn {name: bp_rp}
#     g_mag:
#       __class__: astropy.units.quantity.Quantity
#       unit: *id001
#       value: !astropy.table.SerializedColumn {name: g_mag}
#     pm:
#       __class__: astropy.units.quantity.Quantity
#       unit: !astropy.units.Unit {unit: mas / yr}
#       value: !astropy.table.SerializedColumn {name: pm}
#     pmx:
#       __class__: astropy.units.quantity.Quantity
#       unit: !astropy.units.Unit {unit: mas / yr}
#       value: !astropy.table.SerializedColumn {name: pmx}
#     pmx_e:
#       __class__: astropy.units.quantity.Quantity
#       unit: !astropy.units.Unit {unit: mas / yr}
#       value: !astropy.table.SerializedColumn {name: pmx_e}
#     pmy:
#       __class__: astropy.units.quantity.Quantity
#       unit: !astropy.units.Unit {unit: mas / yr}
#       value: !astropy.table.SerializedColumn {name: pmy}
#     pmy_e:
#       __class__: astropy.units.quantity.Quantity
#       unit: !astropy.units.Unit {unit: mas / yr}
#       value: !astropy.table.SerializedColumn {name: pmy_e}
#     r:
#       __class__: astropy.units.quantity.Quantity
#       unit: &id002 !astropy.units.Unit {unit: deg}
#       value: !astropy.table.SerializedColumn {name: r}
#     x:
#       __class__: astropy.units.quantity.Quantity
#       unit: *id002
#       value: !astropy.table.SerializedColumn {name: x}
#     y:
#       __class__: astropy.units.quantity.Quantity
#       unit: *id002
#       value: !astropy.table.SerializedColumn {name: y}
# schema: astropy-2.0
x y pmx pmy pmx_e pmy_e pm_corr g_mag bp_rp filter memberprob r pm member_prob_GMM member_prob_DB
[from data line 1249]
0.08060486 0.01262173 1.850034 -1.495693 1.476693 1.020781 -0.0060218 19.38075 1.60553 0 0.0 0.08158707939258826 2.3790173079246397 0.0 0.0
0.02782048 -0.01434817 -3.899646 -4.059656 1.932246 1.261682 0.3302642 20.00855 nan 0 0.0 0.03130254126711281 5.629213600819568 0.0 1.0
-0.02133134 -0.04831465 -4.377052 -1.788814 1.694628 1.152258 0.5871265 19.76966 nan 0 0.0 0.05281412188816643 4.728471183934613 0.0 0.0
0.002796118 -0.05663813 -1.38976 -3.600484 0.8725754 0.6042876 0.4153058 19.29811 nan 0 0.0 0.05670710754188424 3.859393461653787 0.0 0.0
0.02553952 0.01127572 -3.375316 -2.139728 0.5650798 0.4257032 0.07316344 18.80314 nan 0 0.0 0.02791789647070137 3.996397629595934 0.0 1.0
-0.001722829 -0.031587 -3.987882 -6.845443 0.8093854 0.4389515 0.2829874 18.61195 nan 0 0.0 0.03163394867485311 7.922328743000571 0.0 1.0
0.03236697 -0.01681947 -4.290352 -7.128778 1.448885 0.9242348 0.4476523 19.80692 nan 0 0.0 0.03647622949349069 8.320252163077031 0.0 1.0
-0.06514072 -0.01687635 2.072722 -0.8071812 2.245012 1.754959 -0.1248602 19.96679 nan 0 0.0 0.06729134113272597 2.2243466409077164 0.0 0.0
0.05901398 0.05017624 -1.236416 -0.6645766 0.6631268 0.4850946 0.0498636 18.82932 1.307076 1 0.0 0.0774616349942215 1.4037045922570603 0.0 0.0
0.05651798 -0.0370264 -3.14933 -5.769029 0.3645517 0.2453689 0.5366678 17.7898 1.833042 0 0.0 0.06756653284163988 6.572668792183355 0.0 0.0
-0.01453202 -0.004690546 -4.384335 -4.631426 0.270913 0.2223436 0.1579582 17.26599 nan 0 0.0 0.015270259560941196 6.377499524555137 0.0 1.0
0.05335283 0.03541823 -3.948005 -4.036568 1.319129 0.9221215 -0.01499251 19.41911 1.162552 0 0.0 0.06403885918207632 5.6462930050298485 0.0 0.0
-0.004223164 -0.07176917 -5.246097 -6.673356 0.6733248 0.4302832 0.3173646 18.98697 1.389711 0 0.0 0.0718933159386865 8.488534269009286 0.0 0.0
0.03295867 -0.01757114 -2.362855 -5.850961 0.1426303 0.09848844 0.09958429 16.09083 2.116715 0 0.0 0.03734995166085895 6.310057715627171 0.0 1.0
-0.04261087 -0.04061341 -3.610373 -2.416066 2.901161 1.638292 0.0995045 20.23327 1.840769 0 0.0 0.0588653999730317 4.344210873735873 0.0 0.0
0.06345035 -0.005290093 -8.280125 -4.703387 1.668793 1.196713 0.1188574 19.71046 nan 0 0.0 0.06367049551457213 9.522726462909349 0.0 0.0
0.05693996 0.04838254 0.2742132 -4.722416 0.5392473 0.3814829 0.06883139 18.32357 1.880695 0 0.0 0.07471967091504887 4.730370572810362 0.0 0.0
0.05734201 -0.00527902 -6.155793 -3.650162 0.4654335 0.345314 0.0470576 17.92356 1.805952 0 0.0 0.05758449585609394 7.156638183189996 0.0 0.0
-0.03690648 -0.04515459 -1.90601 -2.36784 0.573977 0.402445 0.3247537 18.41496 1.866013 0 0.0 0.058318309852554026 3.0396612287720486 0.0 0.0
0.008344833 0.04762868 -1.196282 -6.536824 3.187274 1.823282 0.3081907 20.10391 nan 0 0.0 0.04835418695770087 6.6453862664633725 0.0 0.0
-0.06512309 0.04268636 -4.037582 -4.650969 1.593915 1.140016 0.2029769 20.20333 1.589128 0 0.0 0.07786618124190822 6.159024358263652 0.0 0.0
-0.0179697 -0.04453176 -4.430345 -4.524185 0.2767954 0.1921233 0.6015496 17.22453 1.735771 1 0.7301506 0.04802070143997898 6.33215656259777 0.0 0.0
-0.06041855 -0.04097484 -2.540988 -7.179608 1.922464 1.388212 0.3229034 20.20735 1.30628 0 0.0 0.07300231980648354 7.615995735936831 0.0 0.0
0.01117185 0.0492821 -2.642766 -2.3445 1.78893 1.426833 0.02913098 20.26183 1.467695 0 0.0 0.05053252034910291 3.53283064705287 0.0 0.0
-0.04615805 0.01335927 -5.38315 -4.387098 1.227897 0.8360218 0.5012637 19.66638 1.51536 0 0.0 0.04805242631475959 6.944417382624981 0.0 0.0
0.033081 -0.05702086 -6.758705 -3.695724 1.44843 0.9690089 0.2799422 19.78719 1.380356 0 0.0 0.06592215891594874 7.703146705158938 0.0 0.0
-0.04734027 -0.05195649 0.4905382 -2.737683 0.1466483 0.1106716 0.007738914 16.44235 1.990443 1 0.0 0.07028924538500182 2.7812831452673494 0.0 0.0
0.01919274 0.03771862 -3.995291 -4.882093 0.7850053 0.631571 -0.2929131 18.58146 nan 0 0.0 0.042320864398213795 6.308500791418671 0.0 0.0
-0.01171571 0.07915301 -7.610442 -1.634889 2.047353 1.373548 -0.28057 19.9003 nan 0 0.0 0.08001535385702047 7.78406638446031 0.0 0.0
-0.06301507 0.02876588 -3.997183 -6.856273 1.602685 1.066197 0.4011623 20.00916 nan 0 0.0 0.06927030315567632 7.936368904355316 0.0 0.0
-0.03967788 0.02966016 -6.952379 -6.747735 2.804748 1.923109 0.4545778 19.93749 1.406404 0 0.0 0.04953846235522455 9.688524211141035 0.0 0.0
-0.01636508 0.01648267 -1.269105 -2.667987 0.6963616 0.4249876 0.5108829 18.02455 nan 0 0.0 0.02322701560113352 2.954451240618806 0.0 0.0
-0.008902079 -0.07587979 -10.48865 -6.76086 3.059167 1.908366 0.4644251 20.23982 1.327774 0 0.0 0.07640019333068694 12.478822330736984 0.0 0.0
0.02192304 -0.03810855 -5.214692 -2.165046 1.611443 1.027673 -0.02266243 19.43962 nan 0 0.0 0.04396454555598295 5.646276369164018 0.0 0.0
0.04952915 -0.0252813 0.8765199 -2.26059 0.8433508 0.5635155 0.5785086 18.69796 1.397402 0 0.0 0.05560828022347482 2.4245730104898904 0.0 0.0
-0.03998464 -0.01391333 3.328294 5.670552 2.657965 1.996773 0.5385504 19.91015 1.207218 0 0.0 0.04233618059790585 6.57515786389498 1.0 0.0
0.0516608 -0.01236002 -1.502726 -8.48352 0.1041095 0.07426907 0.05349957 14.27831 2.438501 1 0.0 0.053118813531934234 8.615584543226072 0.0 0.0
0.03299952 0.02769404 -2.632513 -10.27074 1.943249 1.5104 -0.4845523 19.98675 1.526285 0 0.0 0.043080484813335145 10.602746099137194 0.0 0.0
0.02727467 -0.0444746 -3.520696 -2.985884 1.330639 0.9155193 0.2939579 19.75705 1.269653 0 0.0 0.0521718091383546 4.616362592547514 0.0 0.0
-0.02948494 0.06202352 0.4344197 -4.083588 1.710404 1.066198 0.4794029 20.05678 nan 0 0.0 0.06867516814682 4.1066301792944655 0.0 0.0
0.07361917 -0.009330642 5.805915 -0.3804531 2.127165 1.489818 0.1911519 19.95011 1.100723 0 0.0 0.07420810650879771 5.818366914222977 0.0 0.0
0.0623804 0.05199012 -7.726521 -5.296925 0.2928432 0.2299729 0.2979693 17.48414 1.949446 1 0.0 0.08120521462181109 9.367846135535425 0.0 0.0
-0.04301148 0.01915702 -4.812542 -4.410951 0.1648537 0.1152425 0.1042649 16.81657 2.044455 1 0.9121886 0.04708480463027111 6.528173498472984 0.0 0.0
-0.04890381 -0.04430872 -4.255231 1.689825 2.36848 1.56962 -0.05649106 19.94732 0.9825649 0 0.0 0.06599125169713407 4.578482215099891 0.0 0.0
-0.03171209 0.03597042 -3.678054 -0.9647934 1.634687 1.030268 0.4313351 19.89706 nan 0 0.0 0.047953391612528304 3.802487019254577 0.0 0.0
0.07186834 -0.01203598 -4.457394 -0.4822967 1.973585 1.38974 -0.2626914 19.64639 1.448053 0 0.0 0.07286921921439807 4.483410685858132 0.0 0.0
0.02916095 -0.03221848 -1.068039 -2.173085 0.1142644 0.07919393 0.1636989 15.78774 1.430551 1 0.0 0.04345562631481567 2.4213644341044573 0.0 0.0
-0.08002043 -0.01602049 8.353699 -4.755069 2.550349 2.59613 -0.5352116 20.34899 nan 0 0.0 0.0816083654855616 9.612230135476471 0.0 0.0
-0.002100037 -0.00230158 -7.052609 -6.585474 0.1670792 0.1168949 0.1701409 14.23514 2.387357 0 0.0 0.0031156742284406116 9.649236317530885 0.0 0.0
-0.007589728 -0.000888483 -5.899023 -4.165685 0.5077754 0.4093184 0.3985467 17.23974 1.690928 0 0.0 0.007641555676383769 7.221592890336175 0.0 0.0
-0.02275483 -0.05821408 -5.529092 -5.990857 1.14815 0.7777161 0.3551434 19.48504 nan 0 0.0 0.06250329110195159 8.152375478283187 0.0 0.0
-0.001023099 -0.05960784 -2.859687 -1.802422 2.710998 1.880361 0.3776034 20.13042 nan 0 0.0 0.059616619503536104 3.380315784664652 0.0 0.0
0.0126176 -0.01929106 0.4703745 -1.483256 0.8489311 0.7847085 0.4124025 18.4959 1.552807 0 0.0 0.023051004873618847 1.556052869213077 0.0 0.0
0.05836289 -0.008331329 -1.66215 -5.781632 1.461223 0.9762328 -0.5080859 19.38845 1.871822 0 0.0 0.05895454157279438 6.015813428450387 0.0 0.0
0.02706848 -0.008864351 -5.12552 -7.893925 0.6902964 0.4225583 0.5555999 18.56105 1.341938 0 0.0 0.028482965578773587 9.411960857123503 0.0 0.0
-0.0352195 0.06002289 -4.199583 -3.327913 1.166803 0.7797659 0.5731192 19.07048 nan 0 0.0 0.06959281934368014 5.3583115166494375 0.0 0.0
0.02942368 -0.05506286 -1.492344 -7.468637 1.837444 1.211251 0.05129283 19.93299 nan 0 0.0 0.062431334249093216 7.616273974333184 0.0 0.0
0.002663617 0.02294598 -2.081539 -0.5287895 1.223126 0.875376 0.3112362 19.69077 1.693134 0 0.0 0.023100061767949646 2.1476552199622847 0.0 0.0
-0.02731877 0.01451968 0.2326215 -5.057168 1.32414 0.8290316 0.5362273 19.38018 nan 0 0.0 0.03093761952082448 5.062515278247193 0.0 0.0
0.02894148 -0.04793687 -3.636959 -4.656849 0.6546155 0.4494066 0.5239125 18.56124 1.796547 0 0.0 0.05599600673250995 5.908782732211602 0.0 0.0
0.004359008 0.01499419 -1.902409 2.972839 0.9239477 0.5341328 0.4685361 18.9508 1.42613 0 0.0 0.015614950672357693 3.529437876376633 0.0 0.0
-0.01369304 -0.04214504 -7.588415 -4.044166 0.4821799 0.3463309 0.5399095 17.25085 nan 0 0.0 0.04431369699137277 8.598797639657594 0.0 0.0
0.06474552 0.04513371 0.2305394 -0.6601008 1.2729 0.915704 -0.3946785 19.17663 1.586185 0 0.0 0.07892423036326993 0.6992006014821498 0.0 0.0
-0.06778674 -0.002302026 -0.7669591 -1.88323 0.3489423 0.26333 0.5279904 17.46853 1.542257 0 0.0 0.06782581693966006 2.033416212675804 0.0 0.0
0.05304967 0.02116858 0.7719975 -7.002568 0.652733 0.4276349 0.3019657 18.25216 1.8008 0 0.0 0.05711721514854607 7.044993877543844 0.0 0.0
-0.05158301 0.04518854 -4.967455 -4.78313 0.09105657 0.06371301 0.1092482 14.85949 2.529514 1 0.8669158 0.0685770447598298 6.8959366132473265 0.0 0.0
-0.01070819 -0.0319442 -1.621081 -7.9021 0.4457885 0.3048951 0.6598561 17.81461 1.675304 0 0.0 0.03369120429305102 8.066665235310127 0.0 0.0
-0.01281774 0.06145079 6.540495 -8.430217 1.442219 1.004457 -0.4495047 19.41598 nan 0 0.0 0.0627733546206645 10.669893791041877 0.0 0.0
0.00530106 0.01617861 -6.826971 -4.689848 1.081648 0.7826822 0.329016 17.81245 1.72298 0 0.0 0.01702494225117078 8.282644945785435 0.0 1.0
-0.03036437 0.02978719 -0.5452692 -7.089039 0.2744418 0.202817 0.4986101 17.54766 1.973001 1 0.0 0.04253553401090669 7.109978371555685 0.0 0.0
-0.06332664 0.009396567 0.4493948 -2.945717 0.3935198 0.3058076 0.4442085 17.78995 nan 0 0.0 0.06401998754354057 2.979799377534676 0.0 0.0
-0.05690119 -0.02867242 -8.409927 -4.101707 1.262728 0.8914298 0.3528242 19.76771 1.450163 0 0.0 0.06371697648250817 9.356862319131237 0.0 0.0
-0.01629311 0.07430775 -1.22185 -0.08670533 0.1571424 0.1169096 0.002337578 16.82086 2.033885 1 0.0 0.07607303821679925 1.2249225431636113 0.0 0.0
-0.0312891 0.06247314 -3.437365 -1.079361 1.467655 1.030487 0.3223506 19.87214 2.044979 0 0.0 0.069870601831311 3.6028458628625786 0.0 0.0
0.03104144 -0.04138191 -4.277238 -5.164203 0.3199419 0.2064077 0.134996 17.25256 1.694637 0 0.0 0.05173039215511226 6.705502034438063 0.0 0.0
-0.05688995 0.0008132938 -7.581082 -5.690323 2.320981 1.62102 -0.2418196 20.22708 nan 0 0.0 0.0568957630918825 9.47906008711059 0.0 0.0
0.0621009 -0.012192 -5.050201 -6.040225 1.045701 0.5886335 -0.1293425 18.99777 1.743561 0 0.0 0.0632863859357603 7.87329970158802 0.0 0.0
0.046023 0.01725986 -6.3893 -6.536325 2.226552 1.679561 0.06041403 19.89928 1.644428 0 0.0 0.04915301919739621 9.140388339432029 0.0 0.0
0.05472387 -0.02087976 -5.06051 -2.972333 1.674159 1.127104 -0.08905555 19.81814 1.364681 0 0.0 0.05857189023272597 5.868860615399637 0.0 0.0
0.05981118 -0.01685035 4.251929 -2.518836 1.559624 1.061502 -0.1227848 19.7271 0.8960667 0 0.0 0.06213945242850873 4.942007184933769 0.0 0.0
-0.008769668 -0.05095647 0.6784521 -0.5433926 3.206954 2.12881 -0.3277555 20.31833 nan 0 0.0 0.05170559845598079 0.8692368893053091 0.0 0.0
-0.008150845 -0.05331962 -6.270131 -3.810207 2.27094 1.558748 0.4061152 20.21839 1.014801 0 0.0 0.05393902252690926 7.337044373588728 0.0 0.0
-0.02381391 -0.01264013 -3.188695 -6.343466 0.3185663 0.2346888 0.3914506 17.53832 2.026722 0 0.0 0.026960623062255072 7.0998124409156755 0.0 1.0
-0.07362045 -0.01060284 1.198781 0.3626021 1.316733 0.8608358 0.4950109 19.5594 1.306034 0 0.0 0.07438004352155288 1.2524201247526368 0.0 0.0
0.05209237 0.04519974 7.835373 0.463245 1.819506 1.461118 0.004626899 20.09671 1.53046 0 0.0 0.06896833699810732 7.849055101039487 0.0 0.0
0.04418559 -0.0002526428 0.1785249 -2.642907 0.8408789 0.499092 0.2781944 18.94014 1.570478 0 0.0 0.04418631227011926 2.648929699061304 0.0 0.0
0.0155607 0.05238862 -8.112656 -9.737912 3.168767 2.017155 -0.1427422 20.35011 1.544462 0 0.0 0.05465073549362716 12.674467148329352 0.0 0.0
0.05533662 0.01947179 -1.868903 -4.115436 0.5114546 0.3304157 0.3893839 18.06836 1.049639 0 0.0 0.058662527381868744 4.519912819237224 0.0 0.0
0.05701539 0.03833841 -7.183591 -5.481144 2.030137 1.283364 -0.2465404 19.89181 nan 0 0.0 0.06870653810359098 9.035868480894186 0.0 0.0
0.07793066 -0.0007925828 -1.099437 -5.042116 0.8237198 0.5357196 0.1793758 18.99904 1.537922 0 0.0 0.07793469032164338 5.160590612945867 0.0 0.0
0.01902575 0.006852025 -1.778732 -0.03900536 0.2320695 0.1613975 0.3031104 16.93351 1.941586 0 0.0 0.020222003107089194 1.7791596178906293 0.0 0.0
-0.05462026 -0.01723858 -6.285505 -12.97207 1.007859 0.6392597 0.30666 19.27318 1.116491 0 0.0 0.05727601105946537 14.414651337785628 0.0 0.0
0.05070514 0.01510626 0.9786583 -5.461573 0.9021741 0.5732014 0.4649768 18.85468 1.824053 0 0.0 0.05290756386006826 5.548563030414981 0.0 0.0
0.01563881 0.03412575 -0.7605341 -4.337823 1.735559 1.023895 0.1517987 19.59855 1.374645 0 0.0 0.037538502784189465 4.403989157183725 0.0 1.0
0.03319125 0.03841328 -7.976148 -2.172752 0.2871799 0.241902 0.2995527 17.40425 1.694521 1 0.0 0.05076651609989502 8.26678826216131 0.0 0.0
0.02802096 0.03207283 -3.748385 -3.159486 2.562966 2.033797 -0.00855833 20.20759 nan 0 0.0 0.042589207829337464 4.90232005201833 0.0 0.0
-0.05165529 0.02756842 -0.6484551 -1.254069 0.881386 0.5579849 0.4356034 19.15196 nan 0 0.0 0.05855157355938865 1.4118013576551802 0.0 0.0
0.01278874 0.06212599 -3.095694 -4.350677 1.56849 1.084341 -0.01928579 19.63095 nan 0 0.0 0.06342862527493166 5.339635914551197 0.0 0.0
-0.05462309 0.04112629 -6.955311 -7.845585 1.498999 0.9321351 0.6769153 19.49907 1.150341 0 0.0 0.068374364277207 10.484729614966044 0.0 0.0
0.06180287 0.03091426 1.978223 -2.61437 1.938463 1.420898 -0.1960001 19.78159 1.664412 0 0.0 0.069103445728737 3.2784595063274766 0.0 0.0
-0.04992783 0.01735729 -5.825897 -1.389452 2.908277 1.882049 0.5709415 20.51445 nan 0 0.0 0.05285890392973543 5.989294842876998 0.0 0.0
-0.03489588 0.05843608 -4.422498 -7.545224 0.2047011 0.1412186 0.1190819 16.94547 1.87086 0 0.0 0.06806245577953238 8.7457929183225 0.0 0.0
-0.05770402 0.01335558 -3.942293 -7.44717 2.285505 1.755462 0.2706485 20.36428 0.2044334 0 0.0 0.05922943053328134 8.426269346914387 0.0 0.0
-0.01807238 -0.07359785 -3.634845 -4.67383 0.1803325 0.1336974 0.1003509 16.76427 1.941951 1 0.0 0.07578426250539687 5.92087705014426 0.0 0.0
-0.009691556 0.03052347 -12.68031 -9.954072 1.875713 1.301846 -0.09440914 19.65724 1.581125 0 0.0 0.03202512261556598 16.12060206931751 0.0 0.0
-0.00374044 -0.03354972 -1.275848 -3.694413 0.8646196 0.5522256 0.3354399 19.00208 1.605049 0 0.0 0.0337575858655799 3.9085132126772963 0.0 1.0
0.06766175 0.01623939 -0.774513 -3.341081 0.6002628 0.383834 0.360534 18.13307 1.687077 0 0.0 0.06958326092268599 3.4296782116883793 0.0 0.0
0.01176681 0.07364267 -1.123538 -4.464487 1.884287 1.340432 0.06117386 19.61993 1.284269 0 0.0 0.07457681048626978 4.603692193295833 0.0 0.0
0.009710821 -0.03012259 -2.377587 -0.6312105 0.7444075 0.4343491 0.5264761 18.52466 1.431973 0 0.0 0.03164917807466951 2.4599485030949837 0.0 0.0
0.03555013 0.008011298 -12.33353 -5.225631 1.689314 1.336384 -0.1866215 19.62796 1.069824 0 0.0 0.0364416333149559 13.39489386329959 0.0 0.0
0.06156119 -0.01491538 -1.620304 -1.609557 1.181493 0.8130689 -0.283724 19.31026 1.518864 0 0.0 0.06334231346233338 2.2838692582249536 0.0 0.0
0.01528572 0.01207876 -2.831756 -18.90483 1.34441 1.03096 -0.4020684 18.97325 nan 0 0.0 0.019482034777096563 19.11573800229633 0.0 0.0
0.04336646 -0.02941948 -2.282244 -5.05258 1.079735 0.7273011 0.3818799 19.54069 1.546185 0 0.0 0.05240377521135286 5.544114206249362 0.0 0.0
