jas1101finalproject/data/gcs/NGC_5272_M_3.ecsv
# %ECSV 0.9
# ---
# datatype:
# - {name: x, unit: deg, datatype: float64}
# - {name: y, unit: deg, datatype: float64}
# - {name: pmx, unit: mas / yr, datatype: float64}
# - {name: pmy, unit: mas / yr, datatype: float64}
# - {name: pmx_e, unit: mas / yr, datatype: float64}
# - {name: pmy_e, unit: mas / yr, datatype: float64}
# - {name: pm_corr, datatype: float64}
# - {name: g_mag, unit: mag, datatype: float64}
# - {name: bp_rp, unit: mag, datatype: float64}
# - {name: filter, datatype: int64}
# - {name: memberprob, datatype: float64}
# - {name: r, unit: deg, datatype: float64}
# - {name: pm, unit: mas / yr, datatype: float64}
# - {name: member_prob_GMM, datatype: float64}
# meta: !!omap
# - comments: [deg deg mas/yr mas/yr mas/yr mas/yr dimless mag   mag   zeroone float]
# - __serialized_columns__:
#     bp_rp:
#       __class__: astropy.units.quantity.Quantity
#       unit: &id001 !astropy.units.Unit {unit: mag}
#       value: !astropy.table.SerializedColumn {name: bp_rp}
#     g_mag:
#       __class__: astropy.units.quantity.Quantity
#       unit: *id001
#       value: !astropy.table.SerializedColumn {name: g_mag}
#     pm:
#       __class__: astropy.units.quantity.Quantity
#       unit: !astropy.units.Unit {unit: mas / yr}
#       value: !astropy.table.SerializedColumn {name: pm}
#     pmx:
#       __class__: astropy.units.quantity.Quantity
#       unit: !astropy.units.Unit {unit: mas / yr}
#       value: !astropy.table.SerializedColumn {name: pmx}
#     pmx_e:
#       __class__: astropy.units.quantity.Quantity
#       unit: !astropy.units.Unit {unit: mas / yr}
#       value: !astropy.table.SerializedColumn {name: pmx_e}
#     pmy:
#       __class__: astropy.units.quantity.Quantity
#       unit: !astropy.units.Unit {unit: mas / yr}
#       value: !astropy.table.SerializedColumn {name: pmy}
#     pmy_e:
#       __class__: astropy.units.quantity.Quantity
#       unit: !astropy.units.Unit {unit: mas / yr}
#       value: !astropy.table.SerializedColumn {name: pmy_e}
#     r:
#       __class__: astropy.units.quantity.Quantity
#       unit: &id002 !astropy.units.Unit {unit: deg}
#       value: !astropy.table.SerializedColumn {name: r}
#     x:
#       __class__: astropy.units.quantity.Quantity
#       unit: *id002
#       value: !astropy.table.SerializedColumn {name: x}
#     y:
#       __class__: astropy.units.quantity.Quantity
#       unit: *id002
#       value: !astropy.table.SerializedColumn {name: y}
# schema: astropy-2.0
x y pmx pmy pmx_e pmy_e pm_corr g_mag bp_rp filter memberprob r pm member_prob_GMM
[from data line 17173]
-0.08023076 -0.1313905 -2.575563 -1.078822 3.807149 4.639888 -0.4511612 20.93463 0.5761318 0 0.0 0.1539494668403486 2.792379213977392 0.0
0.04077471 0.07347616 -2.431129 -2.389283 1.198829 0.7730481 -0.1738008 19.71386 0.5537262 0 0.0 0.08403167893080382 3.4086744445209196 0.0
-0.03885591 -0.09225976 0.8035234 -2.609177 0.4300405 0.2614933 -0.06880943 18.7966 0.6310959 0 0.0 0.1001081667856609 2.7301015497004064 0.0
-0.02117623 0.02589354 0.3294677 -2.209013 1.083948 0.5931966 0.4999213 19.06327 nan 0 0.0 0.033450084166478565 2.233447424837283 0.0
-0.1543943 -0.005209965 0.02289777 -2.584452 0.1014996 0.05600038 -0.09263133 16.2117 1.017179 1 0.9999836 0.15448217893268865 2.5845534330276427 0.0
-0.01469672 -0.09503341 -2.099317 -1.000142 1.816774 2.869869 -0.08284201 20.61588 0.7194786 0 0.0 0.0961631041251607 2.3253851050208865 0.0
-0.112521 0.01815007 0.3405361 -2.856135 0.477959 0.2792826 -0.07464028 19.1798 0.576807 0 0.0 0.11397543806454485 2.876364367326958 0.0
0.009057389 -0.2183036 0.7237838 -2.645005 1.058177 0.5025236 -0.1386892 19.96027 nan 0 0.0 0.21849141417560855 2.7422462397034004 0.0
-0.03177868 -0.06075465 0.1370326 -2.240659 0.5383663 0.3264084 -0.0218317 19.16737 0.558012 0 0.0 0.06856392636922787 2.2448453594276288 0.0
-0.09748903 -0.05685034 0.07565098 -2.25343 1.115609 0.9225995 0.03334293 20.02113 0.3541336 0 0.0 0.11285420740254437 2.2546995000830954 0.0
-0.01952797 -0.06142137 3.261885 -3.726575 1.682006 1.609938 -0.2768395 20.53003 0.4240189 0 0.0 0.06445096046606133 4.952499872170619 0.0
0.2422666 0.08602853 0.3443357 -2.668819 0.7973389 0.4357819 -0.1474788 19.73064 0.6919079 0 0.0 0.25708755988869025 2.6909407145189004 0.0
0.08023774 0.01146599 -0.8407198 -2.055437 0.9708501 0.5501866 -0.4468955 19.88345 0.7424221 0 0.0 0.08105284601411415 2.220727593173246 0.0
-0.02962091 0.06581827 -0.6643471 -2.268547 0.7187323 0.443131 -0.2721983 19.58051 0.549984 0 0.0 0.07217647106239679 2.3638237160345543 0.0
0.03169974 -0.08685862 -0.310818 -2.374295 1.143115 0.4983087 -0.1744036 20.0163 0.8859558 0 0.0 0.09246238902587364 2.394553105727455 0.0
-0.09183833 -0.03080481 -1.121197 -1.580473 1.083284 0.7537413 -0.08457584 20.01648 0.9568386 0 0.0 0.09686699735371691 1.9377764619630409 0.0
0.02190888 0.02317381 0.8197959 -3.220666 0.3776963 0.2436656 -0.2859148 18.51606 0.6696339 0 0.0 0.03189082145023078 3.3233649816432758 0.0
0.04111075 0.002686965 -0.4049152 -2.450378 0.7684098 0.4973272 -0.2283564 19.37914 0.6350727 0 0.0 0.04119846534124451 2.48360799283523 0.0
0.027838 0.03670784 1.334401 -0.5922554 1.565249 1.171419 -0.5341172 20.17906 0.5947247 0 0.0 0.04606972716942873 1.4599289323902584 0.0
0.0434731 0.003763652 -2.181003 -1.458186 1.283267 0.8078099 -0.3739779 19.64267 0.856081 0 0.0 0.04363571358402546 2.623562558164947 0.0
0.02531168 0.05027418 0.579316 -2.744703 0.5016886 0.2873876 -0.02469056 19.04805 0.4603157 0 0.0 0.05628653763640823 2.805174074111088 0.0
0.02140016 0.08299195 -0.7756977 -2.430812 0.9253311 0.6012247 -0.1109534 19.85032 0.4917698 0 0.0 0.08570665442559346 2.551578707610112 0.0
0.007246073 -0.09105927 -0.6658075 -2.94738 0.7818151 0.4935401 -0.1656829 19.64685 0.632719 0 0.0 0.09134711942285989 3.021646652316622 0.0
-0.06356175 -0.08446587 3.40168 -4.738969 2.978839 2.665351 -0.2366204 20.67483 0.7288723 0 0.0 0.10570988249884397 5.833459865753856 0.0
0.01097507 -0.02886226 -0.8620743 -2.054708 0.4308628 0.2304608 0.05448283 18.51948 0.6435757 0 0.0 0.03087850731192329 2.2282273366926657 0.0
0.05665897 -0.0013628 1.450003 -3.353782 0.5077833 0.2974109 -0.1276192 19.01425 0.4804993 0 0.0 0.056675357125481794 3.6538147741138984 0.0
-0.04916223 -0.1802012 -1.169039 -2.273617 4.209482 4.016814 0.0889443 20.92913 0.3208618 1 0.9848133 0.18678703739824373 2.556557538216185 0.0
-0.0182543 0.00231245 -4.930991 2.470801 0.8889662 1.127318 -0.2477986 19.05019 nan 0 0.0 0.01840018732221224 5.515390269390009 0.0
0.2604086 0.07819991 -7.245843 -16.74927 0.08994114 0.04891687 -0.08370025 15.94247 0.8791237 1 0.0 0.2718967908563249 18.249391395702734 0.0
0.03480274 -0.04345596 -0.08136197 -2.102895 0.2949333 0.1647009 -0.140005 18.43914 0.7155819 0 0.0 0.05567451096353878 2.104468377331264 0.0
-0.2102075 0.1020543 -12.65309 -24.5575 0.2202734 0.1221366 -0.07902535 17.7404 0.7569904 1 0.0 0.23367129306943119 27.625558687528837 0.0
0.06461937 8.561424e-05 0.1592159 -2.105838 0.8390127 0.4585519 -0.1501533 19.6467 nan 0 0.0 0.0646194267151527 2.1118483338196445 0.0
-0.1271874 -0.03377049 0.007179365 -2.495407 0.5905605 0.3568343 -0.08911124 19.47727 0.6775208 1 0.9998838 0.13159437949091937 2.495417327608912 0.0
0.0434183 0.07191318 -0.3859496 -1.349917 0.6147418 0.4062169 -0.1394214 19.15708 0.8154602 0 0.0 0.08400389415141657 1.4040060543420603 0.0
-0.009257552 0.02547412 0.003772975 -2.798487 0.09575553 0.05498256 -0.0737204 15.684 0.288209 1 0.9999901 0.027104115163699847 2.7984895433982513 0.0
0.06972919 -0.05334743 0.4667175 -3.329961 0.6581085 0.370806 -0.1855085 19.56211 0.6046696 0 0.0 0.08779583262126398 3.3625088083642622 0.0
0.04473812 0.02823355 -1.063662 -2.558838 1.993933 1.480484 -0.5595262 20.40599 0.6311626 0 0.0 0.05290210512575941 2.7711060536341803 1.0
-0.01020805 -0.08856231 -0.01357721 -2.48733 0.7085736 0.4402337 0.02719614 19.63573 0.5839958 0 0.0 0.08914867939200558 2.487367055649685 0.0
0.05491928 0.0137196 2.435676 -3.511568 1.392502 0.9532011 -0.53001 20.16586 1.655769 0 0.0 0.05660702023493553 4.273596541041281 0.0
0.05988175 0.02119528 -3.132271 -0.4689405 0.8805124 0.5231211 -0.4161316 19.42452 0.5915585 0 0.0 0.06352215265040141 3.167179630204332 0.0
0.1928292 -0.199666 -0.9240241 -3.782272 0.2176133 0.1256358 -0.2255839 17.84749 1.03784 1 0.0 0.27757811860562787 3.893507675524065 0.0
-0.01763373 -0.06031925 -0.4234797 -1.931461 0.8158464 0.4933756 -0.003416405 19.71305 0.6048031 0 0.0 0.06284393649569861 1.9773408029050255 0.0
0.04926282 0.08245383 -0.5412866 -2.12516 0.8981454 0.5585294 -0.1617414 19.72668 0.620121 0 0.0 0.09604925567656056 2.193010763525697 0.0
0.02885999 0.02924466 0.5100098 -2.623607 0.7136487 0.7939111 -0.3859362 18.95232 0.5848694 0 0.0 0.04108709239305819 2.6727184076413733 0.0
-0.002586732 0.02832333 -6.85003 -0.2103638 0.838459 0.4323816 -0.081554 19.19981 nan 0 0.0 0.02844120610538034 6.853259365385965 0.0
-0.01779508 -0.2224662 2.422348 -10.61037 0.6727368 0.3258276 -0.180598 19.43168 1.308334 1 0.0 0.22317677973894684 10.883369026638949 0.0
-0.06994147 0.0007107859 -3.57722 -3.793746 3.848936 3.460352 0.1111033 20.67027 nan 0 0.0 0.06994508161662648 5.214308356907559 0.0
0.04062719 0.07333877 -0.541662 -2.326069 1.609843 1.025642 -0.6143061 19.9488 0.624691 0 0.0 0.08383998898144608 2.3883037317320004 0.0
0.04448125 0.000664628 -0.2252274 -2.835429 0.07188495 0.04631778 -0.127739 15.66951 0.5932856 1 0.9999852 0.04448621507771687 2.8443602085094213 0.0
0.04553918 -0.05574666 3.430179 -3.552635 1.483026 0.9273239 -0.2944443 20.48389 0.6831818 0 0.0 0.07198268553081359 4.938354322572045 0.0
-0.1416572 0.02189478 0.941257 -2.215404 0.9399208 0.5667113 -0.06477827 20.09695 0.6623802 0 0.0 0.14333926085719992 2.407068678551777 0.0
-0.04609373 0.04223979 1.142169 0.451118 2.925715 2.213945 -0.08498429 20.43998 0.5645485 0 0.0 0.06252065102473742 1.2280299159568548 0.0
-0.2815023 0.0181283 0.3335852 -2.751453 0.4371482 0.2340716 -0.122072 18.90408 0.5934467 1 0.9994821 0.28208541289152117 2.7716011070982134 0.0
0.03308798 0.1143746 -0.5760321 -1.404616 2.667452 2.367384 -0.3545136 20.82774 0.9526291 0 0.0 0.11906453521364119 1.5181433027505704 0.0
-0.1483181 -0.00929655 -1.226566 -2.116217 0.5702963 0.3413181 0.02845817 19.37622 0.608057 0 0.0 0.14860916738045638 2.445984166638247 0.0
-0.0174497 -0.003106463 -4.329807 -2.525463 0.8354529 0.5031888 -0.08584884 17.29616 0.6037626 0 0.0 0.01772405547442145 5.012503568239927 0.0
0.03787373 0.08223171 -1.482796 -2.815816 0.6872797 0.4351779 -0.1662036 19.53481 0.633976 0 0.0 0.09053437774479371 3.182373913208817 0.0
-0.3250881 -0.3312532 2.426494 -4.209289 1.133187 0.6224092 -0.1026472 19.99894 2.241568 0 0.0 0.4641238576844009 4.858599285551032 0.0
0.001641369 0.01058497 1.335711 -2.797412 0.3022596 0.1780448 0.03607855 13.46343 1.067093 0 0.0 0.010711474319395113 3.099941575782518 0.0
0.03574301 0.07561248 -0.4643025 -2.394255 1.159298 0.7572205 -0.1382143 20.14862 0.6222343 0 0.0 0.08363498009571413 2.4388591219115647 0.0
0.111116 0.1103231 -11.40355 2.136474 4.256283 3.176023 -0.1475001 20.80347 0.7623768 0 0.0 0.15658209300430875 11.601959910083123 0.0
0.05558781 -0.006845087 -1.465101 -2.070495 2.248321 2.076593 -0.4084787 20.52836 0.4616032 0 0.0 0.05600767658664006 2.536428687195049 0.0
-0.06429365 -0.05052799 0.3753971 -2.381361 0.4759902 0.2977865 -0.1164808 19.14862 0.4897976 0 0.0 0.08177255776703209 2.4107681752938026 0.0
0.04230832 0.02943419 -0.3591628 -2.690825 1.770326 1.562011 -0.4902539 20.21129 nan 0 0.0 0.05153994064973785 2.714689134602494 1.0
-0.03685157 0.0303019 -0.08922438 -2.614275 0.1365872 0.08964991 0.06304861 16.88151 0.9053497 1 0.9999943 0.047709992193196805 2.6157971568169014 0.0
-0.03416493 0.03761187 0.5985408 -2.445808 0.349326 0.2057889 -0.09866818 18.52778 0.6248188 0 0.0 0.05081235289574574 2.5179809098022647 0.0
-0.2474458 0.1395951 7.199189 -13.30154 2.851596 3.15131 -0.1424788 20.94384 1.548695 0 0.0 0.28410599409665754 15.124790531750216 0.0
-0.247109 0.2088176 -13.20556 10.20908 4.560547 2.846997 -0.3988596 20.85086 1.872309 0 0.0 0.3235237981211892 16.691678446459484 0.0
-0.1123691 0.02212482 -0.2009141 -2.905153 0.2872783 0.167561 -0.06757091 18.31754 0.641325 1 0.9999382 0.11452651350164468 2.912092105169033 0.0
-0.05527824 0.006378401 0.628308 -2.929788 0.4533575 0.3051513 0.1883938 18.78982 0.609642 0 0.0 0.05564501610040562 2.9964026211121895 0.0
-0.05703016 -0.006174842 -3.804117 -9.525767 1.209349 0.9161844 -0.04279995 20.06083 0.4270725 0 0.0 0.05736347115848695 10.257267817892735 0.0
0.1520823 -0.2146971 -0.1809438 -2.696884 0.05252553 0.03134877 -0.1760297 15.16408 1.080451 1 0.9999706 0.26310429628134163 2.702947274405189 0.0
0.001104413 0.01053347 -4.15102 -5.912683 0.6917117 0.4107027 0.176213 17.23938 nan 0 0.0 0.010591209483126513 7.224319158155252 0.0
-0.08898293 -0.05281996 -0.1876105 -2.737417 0.772436 0.4733855 -0.1345431 19.75439 0.5343723 0 0.0 0.10347903172037559 2.7438384667467672 0.0
-0.02975177 0.02982665 -5.155393 -2.149122 2.072113 1.365455 0.5317916 19.79073 0.4776649 0 0.0 0.04212833806780657 5.585409775059749 0.0
0.05634543 0.03283198 -0.1104845 -3.085499 1.255047 0.7683657 -0.5451948 19.77865 0.0777359 0 0.0 0.06521308451994354 3.08747646205461 0.0
-0.04401607 0.0686862 -0.1211172 -0.8597505 3.219929 4.289941 -0.3543484 20.88915 0.3385181 0 0.0 0.08157946119388691 0.8682397701016061 0.0
0.04388777 0.07213272 -0.5207548 -2.770129 0.5482595 0.3525483 -0.1454404 19.14276 0.4541721 0 0.0 0.08443497883088086 2.8186522024478364 0.0
-0.01321393 0.05048751 3.69313 -2.745051 1.843718 0.7844451 0.1644817 20.14419 0.4108772 0 0.0 0.052188088794714454 4.60157735885218 0.0
-0.2135375 0.02037865 -2.637233 -1.007592 2.584074 1.418998 -0.5435738 20.53095 0.6677074 1 0.9920577 0.21450769982001228 2.823161266161216 0.0
-0.02120314 0.02557121 -0.3165981 -3.618707 0.3955728 0.2230044 -0.01899367 18.48417 0.5872173 0 0.0 0.0332183673097234 3.6325300699061818 0.0
0.01617477 0.1290515 -2.433149 -3.085077 2.907252 1.965478 -0.6146154 20.64196 0.7767735 0 0.0 0.1300611888181978 3.9291111147599276 0.0
0.06766476 -0.03870033 0.9155532 -1.071233 0.5162827 0.408571 0.4396633 18.80758 0.2411633 0 0.0 0.07795021031380545 1.4091762850400371 0.0
-0.1039641 -0.04371591 -0.2656482 -3.049193 0.3358239 0.2223151 -0.006666242 18.41288 0.7073174 1 0.9998623 0.11278127005818875 3.060742870188909 0.0
-0.02098125 -0.006159488 0.500599 -4.267958 0.7272581 0.6562086 -0.1505663 19.14601 nan 0 0.0 0.02186669028418896 4.297215941579501 0.0
0.01131728 0.03622986 -0.9496241 -2.432417 0.3333681 0.2266153 0.1862218 18.15263 nan 0 0.0 0.03795633783991812 2.611213969246835 0.0
-0.04917756 -0.03867237 0.5445736 -2.37564 1.559409 1.397961 -0.2613763 20.51053 0.5919762 0 0.0 0.06256184627207305 2.4372578475444406 0.0
-0.0697922 -0.140187 -1.709323 -2.29299 1.138497 0.7070936 -0.1785963 20.09741 0.5877266 0 0.0 0.15659931720745146 2.8599979472770607 0.0
-0.08253781 0.06506616 0.002026604 -2.646508 0.0705473 0.04572405 -0.02543323 15.61684 0.6346807 1 0.9999925 0.10510040559741765 2.646508775951399 0.0
0.05155658 0.0001394955 2.167126 -1.676587 1.253257 0.7870835 -0.2385258 19.38731 0.6721497 0 0.0 0.05155676871460158 2.739959683726204 1.0
0.1494274 -0.04819349 0.9585485 -2.399377 1.499875 0.9410144 -0.5567774 20.28033 0.803772 0 0.0 0.1570068799420589 2.583761834028293 0.0
0.01645637 0.1289562 -1.630288 -9.488214 1.989914 2.526427 -0.1308283 20.50217 0.8356323 0 0.0 0.13000197549274742 9.627255261638178 0.0
0.05365778 0.0131067 2.45304 -3.484792 1.504997 1.234994 -0.5431854 20.23926 0.683424 0 0.0 0.05523534139858647 4.261593660224307 0.0
-0.1182658 -0.04191947 0.3251077 -1.782969 0.9487647 0.6884837 0.1075663 20.14126 0.6773396 0 0.0 0.1254752621623916 1.8123668148474497 0.0
0.06327333 -0.03908451 0.3315138 -2.185251 0.5569585 0.3236501 -0.1627475 19.44616 0.6873417 0 0.0 0.07437145427668469 2.210254133033448 0.0
-0.09450865 -0.3172828 2.342113 -3.031655 1.399193 0.7471997 -0.3851491 20.20593 0.7657204 1 0.9882571 0.3310592999760956 3.8309822948943526 0.0
-0.1018077 0.1036628 -0.750392 -2.634568 0.6452989 0.3874741 -0.1104974 19.55676 0.7179413 1 0.9997489 0.1452955053782807 2.739349685653148 0.0
0.01078311 0.01010485 -4.03498 -0.4627759 1.003137 0.949062 -0.1923539 18.40054 nan 0 0.0 0.01477780277289557 4.061431414417928 0.0
-0.01800977 -0.05984617 -0.1025671 -2.58019 0.3353575 0.2155846 -0.02850476 18.49454 0.6757393 0 0.0 0.062497326975813935 2.582227806778947 1.0
-0.01229196 0.01660908 -0.813121 -1.801681 0.148862 0.09089389 -0.03020968 15.68349 0.6062717 0 0.0 0.02066286086407204 1.9766689622701117 0.0
-0.08839443 -0.05583788 0.1259596 -2.462998 0.524188 0.2699996 -0.02275442 18.95935 0.641449 1 0.9999332 0.1045535465583033 2.4662167319268917 0.0
-0.05666325 -0.04823589 -1.58906 -2.458315 1.025387 0.7719238 0.02755128 20.12955 0.5805168 0 0.0 0.07441387629101577 2.92718710075475 0.0
-0.001927789 0.09861288 -0.8442024 -2.47019 0.7298419 0.4673303 0.01118707 19.80749 0.648325 0 0.0 0.09863172143039439 2.6104628570936916 0.0
-0.0573641 -0.02784787 0.2927462 1.340224 3.439109 1.793811 -0.3112441 20.51765 nan 0 0.0 0.06376632208577582 1.3718238617951068 0.0
-0.1556168 0.0765275 -0.6465282 -2.55547 0.8803613 0.54414 0.06395417 20.04589 0.7372055 1 0.9994792 0.1734158202082209 2.635986652905367 0.0
0.003789638 -0.001782223 1.851084 -1.247535 0.8803955 0.7350116 0.5058784 16.61218 nan 0 0.0 0.00418780073460677 2.2322310703153025 0.0
0.0933163 -0.008090808 -1.052982 0.040742 2.32215 1.721155 -0.4985494 20.77041 0.9206505 0 0.0 0.09366639215739478 1.0537699003520646 0.0
0.05233737 -0.03140958 0.4752525 -7.609387 2.501751 1.650113 -0.2128381 20.46731 0.6045132 0 0.0 0.06103902042376909 7.624213759760757 0.0
0.04334965 -0.2875751 3.427404 -3.854135 1.361448 0.8703324 -0.2137097 20.30759 0.6094284 1 0.9520351 0.2908240538455038 5.157659815986413 0.0
0.01526298 0.03602055 -0.5896455 -3.057839 0.6503113 0.3585866 -0.1126029 19.1926 0.3717709 0 0.0 0.03912082029792959 3.1141710238185776 0.0
0.2126941 0.0563439 -0.2999954 -1.786142 0.9936373 0.4861978 -0.2112261 19.7893 0.6669559 0 0.0 0.2200304870739962 1.8111599830454403 0.0
0.04541823 0.1009686 -0.6668331 -2.268416 0.8343605 0.5584046 -0.2369451 19.67372 0.6333256 0 0.0 0.11071347615486066 2.364397921736443 0.0
0.03833316 -0.07553824 0.703881 -1.828654 2.292675 0.9390497 -0.4107739 20.22302 0.6759586 0 0.0 0.08470806843437761 1.959444797353832 0.0
