jas1101finalproject/data/gcs/NGC_6235.ecsv
# %ECSV 0.9
# ---
# datatype:
# - {name: x, unit: deg, datatype: float64}
# - {name: y, unit: deg, datatype: float64}
# - {name: pmx, unit: mas / yr, datatype: float64}
# - {name: pmy, unit: mas / yr, datatype: float64}
# - {name: pmx_e, unit: mas / yr, datatype: float64}
# - {name: pmy_e, unit: mas / yr, datatype: float64}
# - {name: pm_corr, datatype: float64}
# - {name: g_mag, unit: mag, datatype: float64}
# - {name: bp_rp, unit: mag, datatype: float64}
# - {name: filter, datatype: int64}
# - {name: memberprob, datatype: float64}
# - {name: r, unit: deg, datatype: float64}
# - {name: pm, unit: mas / yr, datatype: float64}
# - {name: member_prob_GMM, datatype: float64}
# meta: !!omap
# - comments: [deg deg mas/yr mas/yr mas/yr mas/yr dimless mag   mag   zeroone float]
# - __serialized_columns__:
#     bp_rp:
#       __class__: astropy.units.quantity.Quantity
#       unit: &id001 !astropy.units.Unit {unit: mag}
#       value: !astropy.table.SerializedColumn {name: bp_rp}
#     g_mag:
#       __class__: astropy.units.quantity.Quantity
#       unit: *id001
#       value: !astropy.table.SerializedColumn {name: g_mag}
#     pm:
#       __class__: astropy.units.quantity.Quantity
#       unit: !astropy.units.Unit {unit: mas / yr}
#       value: !astropy.table.SerializedColumn {name: pm}
#     pmx:
#       __class__: astropy.units.quantity.Quantity
#       unit: !astropy.units.Unit {unit: mas / yr}
#       value: !astropy.table.SerializedColumn {name: pmx}
#     pmx_e:
#       __class__: astropy.units.quantity.Quantity
#       unit: !astropy.units.Unit {unit: mas / yr}
#       value: !astropy.table.SerializedColumn {name: pmx_e}
#     pmy:
#       __class__: astropy.units.quantity.Quantity
#       unit: !astropy.units.Unit {unit: mas / yr}
#       value: !astropy.table.SerializedColumn {name: pmy}
#     pmy_e:
#       __class__: astropy.units.quantity.Quantity
#       unit: !astropy.units.Unit {unit: mas / yr}
#       value: !astropy.table.SerializedColumn {name: pmy_e}
#     r:
#       __class__: astropy.units.quantity.Quantity
#       unit: &id002 !astropy.units.Unit {unit: deg}
#       value: !astropy.table.SerializedColumn {name: r}
#     x:
#       __class__: astropy.units.quantity.Quantity
#       unit: *id002
#       value: !astropy.table.SerializedColumn {name: x}
#     y:
#       __class__: astropy.units.quantity.Quantity
#       unit: *id002
#       value: !astropy.table.SerializedColumn {name: y}
# schema: astropy-2.0
x y pmx pmy pmx_e pmy_e pm_corr g_mag bp_rp filter memberprob r pm member_prob_GMM
[from data line 2081]
0.002483236 0.01794427 -1.584171 -7.519333 1.300251 0.7133557 0.3818802 19.98081 0.794323 0 0.0 0.018115277719775537 7.684397603074036 0.0
-0.0007245741 -0.002168703 -10.02924 -12.91819 2.259973 2.168384 0.001053271 19.17709 nan 0 0.0 0.0022865433143939807 16.354366018091316 0.0
0.005846287 0.01041014 -12.35077 -10.85297 1.836667 1.005555 0.3002703 20.10581 0.9845734 0 0.0 0.011939434094879414 16.44166893638842 0.0
0.03874597 0.02009235 -5.207027 -1.302391 0.5970932 0.3337403 0.3640077 18.91121 1.335995 1 0.0 0.043645764052922705 5.367434442600114 0.0
0.05290196 -0.02878236 -4.880554 -6.811732 1.322038 0.7906736 0.4090531 19.81109 1.148722 0 0.0 0.06022492523043262 8.379707643273719 0.0
0.05107447 -0.003948 -1.372467 -3.492251 0.6797431 0.3920842 0.394318 19.03399 1.275991 0 0.0 0.05122683076065608 3.7522636785132786 0.0
-0.002433976 -0.01940543 -7.171231 -9.201482 1.910224 0.984347 0.1222424 20.34172 0.8819294 0 0.0 0.019557478177246575 11.665925812025593 0.0
0.01036613 -0.01787038 -3.816433 -7.731976 0.1825614 0.08831487 0.4092794 16.66253 0.9470043 1 0.9980464 0.020659311036946515 8.622564218842617 0.0
-0.003466125 0.01313391 3.269391 -6.769646 2.009831 1.223821 0.06432411 20.16288 1.474606 0 0.0 0.013583578851087992 7.517780555203577 0.0
-0.002787822 0.01313393 -0.9356407 -5.872506 2.117981 1.041906 0.2315044 20.40663 nan 0 0.0 0.013426543440088519 5.946574664420896 0.0
-0.03184923 0.04611985 -3.746194 -1.577101 2.703592 1.226602 0.5936791 20.37162 1.003988 0 0.0 0.0560483185797344 4.064630001591412 0.0
0.01797162 0.01758456 0.2331237 -10.71173 0.7067492 0.4296767 0.4045396 19.14135 1.646662 0 0.0 0.025143505638991554 10.714266482237674 0.0
-0.001318075 0.003297754 -3.906694 -7.680451 0.07267683 0.03972075 0.2712179 14.52733 1.624757 1 0.9997486 0.003551408614921831 8.616935973595082 0.0
-0.007674271 -0.04140307 0.7098322 -3.587233 3.193296 1.432006 0.4306711 20.58509 1.004982 0 0.0 0.042108296579253135 3.656788529358218 0.0
-0.001741947 0.0003051192 -5.541259 -8.986398 1.101059 0.5914658 0.5366514 19.38808 nan 0 0.0 0.0017684674373642394 10.557504455101357 0.0
0.04150171 -0.02777526 -0.4402776 -2.091934 1.051832 0.6272062 0.4621612 19.63897 1.286272 0 0.0 0.049938532227045876 2.137763369837214 0.0
-0.00278784 0.01402085 -4.880765 -7.238961 1.04644 0.5823236 0.4203776 19.46751 0.9617977 0 0.0 0.014295323941348793 8.73065996043518 0.0
-0.004638433 -0.004737976 -2.140085 -6.311997 0.4457655 0.2622744 0.2357993 16.49938 1.414737 0 0.0 0.006630496004980698 6.664928351845502 0.0
0.01456586 0.01751057 -0.3324065 -5.764447 1.375309 0.8034926 0.325941 20.01648 0.7244282 0 0.0 0.022776837780177035 5.774023146563517 0.0
0.02982097 0.05041182 -1.097232 -4.88195 1.699653 0.8417604 0.3664573 20.13914 1.491165 0 0.0 0.05857168127562415 5.003733992162653 0.0
0.01330805 0.0165265 -7.280743 -8.019854 1.716147 0.8655082 0.3005526 20.07873 1.483465 0 0.0 0.02121860968707658 10.831771637796146 0.0
0.000956957 0.01100917 -5.618655 -8.895367 1.217171 0.6936193 0.3107267 19.57337 nan 0 0.0 0.011050682820022889 10.521256487402729 0.0
-0.0532514 0.01504839 -4.377049 -4.985155 1.982238 0.9473977 0.3607473 20.2156 1.079609 0 0.0 0.05533683803355681 6.6340280616248535 0.0
0.008346803 -0.0009558753 -13.64454 -10.52207 3.223893 1.4097 0.1605575 20.34685 nan 0 0.0 0.008401358099138442 17.23042161110691 0.0
0.002355796 0.002733165 7.531756 0.5876192 2.785988 1.786721 0.3665569 19.99837 nan 0 0.0 0.0036083189591333245 7.554643920645409 0.0
0.01828427 0.03105803 -3.587036 -5.358311 0.5577361 0.3095254 0.4086479 18.81576 1.226454 1 0.0 0.036040473871937366 6.448125622071657 0.0
0.0009003643 0.0003394594 -4.345424 -7.701492 0.06674732 0.03539143 0.3012298 14.28477 1.779073 1 0.9515584 0.0009622310309706551 8.842832621159353 0.0
-0.0241044 0.0515745 -10.20815 -5.812905 2.141194 1.137231 0.1773209 20.34806 1.079004 0 0.0 0.05692935226761324 11.747177999908105 0.0
-0.02341692 -0.002435773 -5.216928 -4.771986 1.424557 0.7722114 0.3371914 20.05066 0.9698219 0 0.0 0.023543260870022422 7.070232537999016 0.0
0.05011331 -0.004937568 -4.160225 -7.635531 0.06170533 0.0334916 0.3081348 13.96598 2.005939 1 0.9928077 0.05035596704374491 8.695332408975863 0.0
-0.009047082 -0.0009311231 -2.176827 -8.101242 2.566651 1.67601 0.04916071 19.8772 nan 0 0.0 0.00909487124384274 8.388605231532415 0.0
-0.02045442 0.03016891 -1.730843 -8.676167 1.950827 0.833015 0.344293 20.24228 1.160587 0 0.0 0.03644923083035498 8.847128986430455 0.0
0.02759637 -0.04907502 -7.513718 -6.937526 1.39261 0.8479626 0.4433285 19.95723 1.254929 0 0.0 0.056302017949424334 10.226691800587323 0.0
-0.0525076 0.02890174 -3.096187 -5.845785 1.350125 0.7074139 0.3583695 19.97294 1.144211 0 0.0 0.05993628811319233 6.61510213112345 0.0
0.005294472 -0.008314278 -5.199028 -8.136411 2.004527 1.023578 0.3288486 20.27032 nan 0 0.0 0.009856908867391845 9.655624066092518 0.0
-0.008354697 -0.001278218 3.177772 -4.066402 4.008949 2.519475 0.01891158 20.25868 nan 0 0.0 0.00845191121683924 5.16080033614826 0.0
0.0144085 -0.001210043 -5.388794 -6.053355 3.730611 2.520424 -0.1194152 20.4457 nan 0 0.0 0.014459221151633617 8.104456029275562 0.0
0.03662965 -0.02080064 2.419989 -11.64108 3.983761 2.950248 -0.1458902 20.62852 1.096153 0 0.0 0.04212360245197578 11.889957540988991 0.0
-0.02248942 0.02919203 2.52738 -3.803623 2.936722 1.119174 0.5460694 20.23702 0.9587135 0 0.0 0.03685035450924862 4.5667491271723035 0.0
0.03456157 0.01466894 -4.38811 -5.785371 0.6784325 0.3901179 0.3443925 19.06666 1.488911 1 0.0003294765 0.03754570443590718 7.261268964839479 0.0
0.01500986 -0.05937469 1.494993 -2.953857 1.161228 0.6828575 0.468081 19.79398 1.323893 0 0.0 0.061242548198255926 3.310630641811013 0.0
0.0007591937 0.02433772 -4.310226 -7.316392 0.9594249 0.5381432 0.3924489 19.48453 1.325314 0 0.0 0.02434955830959814 8.491621757281703 0.0
-0.008679711 -0.0008261957 -8.876037 -7.409877 1.111856 0.6614939 0.3745779 19.39265 1.037127 0 0.0 0.008718943879749398 11.562452593654081 0.0
0.002708611 -0.0201474 -4.312058 -7.915229 0.3063205 0.1788354 0.3099445 17.88471 1.373995 0 0.0 0.020328657120167112 9.013583877559746 0.0
0.003585001 -0.002237411 -3.048672 -6.09031 0.9501535 0.5370605 0.4867366 19.35263 nan 0 0.0 0.004225901105435621 6.81074715869588 0.0
-0.0284941 0.02026646 -4.268126 -3.379753 2.031029 1.005944 0.2452977 20.37056 1.173304 0 0.0 0.03496631430021758 5.444229044858877 0.0
-0.01766762 0.009478367 -2.415117 -7.494128 1.216059 0.6979779 0.4134391 19.77953 0.9716835 0 0.0 0.020049544569667635 7.873674148964573 0.0
0.0008155116 -0.01218419 -5.638493 -10.99749 1.560004 0.8548831 0.2615082 19.89776 nan 0 0.0 0.012211451393091426 12.358696922052463 0.0
-0.01448916 0.01918332 -4.071445 -7.699227 0.3721011 0.202508 0.4201992 18.13728 1.400604 1 0.9969711 0.024040289593264055 8.709463863267015 0.0
-0.009060662 -0.009455065 -3.203808 -8.212739 1.995451 0.9653311 0.4533312 20.12657 1.153553 0 0.0 0.013095566044752286 8.815524237558705 0.0
0.003245257 -0.02948006 -5.966102 0.1327696 0.6040391 0.3354075 0.2456115 18.86062 1.407043 0 0.0 0.02965814610860984 5.967579144099235 0.0
0.0586107 -0.02543532 -3.442132 -4.493321 0.7907449 0.4578297 0.4635646 19.273 1.276451 1 0.0 0.0638918590901251 5.660230235111024 0.0
-0.02638855 0.02095161 -4.300998 -8.343268 1.740761 0.8422468 0.2331535 20.19489 0.9195576 0 0.0 0.03369459203929616 9.386623712274185 0.0
0.03875495 0.05272517 -3.029644 -5.994716 1.666079 0.8096624 0.3248132 20.14932 0.8573875 0 0.0 0.06543614980292926 6.716797055694925 0.0
0.008583117 -0.06461745 -3.090401 -8.655043 1.221163 0.7027697 0.3479322 19.94582 1.218285 1 0.514669 0.06518500396516204 9.190231100067614 0.0
-0.003890131 0.01556387 -4.136635 -7.770111 0.1448884 0.07958155 0.3600804 16.39495 1.500456 1 0.9988776 0.016042667127820768 8.80263449630541 0.0
-0.03477525 0.04673904 -1.64567 -7.656802 2.537932 1.061681 0.6073065 20.18466 1.006895 0 0.0 0.05825680966791865 7.831656696772657 0.0
-0.003226356 0.03334228 -11.04403 -1.626142 3.658572 1.947346 0.04109149 20.70736 nan 0 0.0 0.033498014995476014 11.163106039318267 0.0
-0.008550097 -0.04097397 -5.954071 -5.375278 0.6734816 0.4002288 0.3694052 19.09297 1.39607 0 0.0 0.041856545202277606 8.021507031121084 0.0
-0.001855214 0.01746935 -3.557053 -7.228481 0.2551913 0.1386263 0.3319874 17.4214 1.397451 0 0.0 0.017567584023089118 8.05627479745881 0.0
0.008618875 0.05791632 -1.81581 -2.943123 0.6851749 0.3710254 0.4835912 19.05795 1.486017 1 0.0 0.058554121363128875 3.45819880128789 0.0
-0.02177516 -0.01992017 -4.150924 -3.348396 0.8271099 0.484461 0.3491877 19.35625 1.182287 0 0.0 0.029512213841975665 5.333097207682605 0.0
0.02180123 0.01699083 -0.5141007 -9.529453 0.9293001 0.5390704 0.4266143 19.22256 1.392731 0 0.0 0.027640223110564792 9.54331043238925 0.0
-0.02666773 0.002658176 -6.38848 -5.753564 1.207848 0.6304655 0.4016726 19.72088 1.157513 0 0.0 0.026799882891532865 8.597451681312085 0.0
-0.01126525 -0.003702661 -2.787813 -8.648259 1.410304 0.817236 0.3550422 19.97366 0.9603558 0 0.0 0.011858143026773668 9.086489148953516 0.0
0.0102808 -0.02556461 -5.870063 -2.966425 1.268537 0.7499926 0.3586918 20.00369 1.121954 0 0.0 0.027554385006602854 6.577029489411919 0.0
-0.02693838 0.01400494 -2.706714 -1.020244 1.256887 0.6658799 0.340399 19.91424 1.25808 0 0.0 0.030361400847589363 2.8926110172873227 0.0
-0.01197322 0.01378957 -4.903565 -8.297691 0.8922369 0.5180017 0.3931036 19.46783 1.137594 0 0.0 0.018262262673428502 9.638289559911863 0.0
0.01035431 0.0134769 -5.269601 -4.524431 1.222954 0.6743312 0.3422382 19.93033 1.191132 0 0.0 0.01699525137166556 6.94544243176502 0.0
-0.0179172 -0.02794194 -3.166667 -8.271653 1.696267 0.9147796 0.2633796 20.25268 1.067793 0 0.0 0.03319304244572347 8.857088869447908 0.0
0.01377437 0.01627659 -2.358312 -5.696331 1.423145 0.8404409 0.4215466 19.92994 0.9994183 0 0.0 0.02132277305898555 6.165210649353759 0.0
-0.007350987 -0.0106585 -3.948759 -7.719567 0.09165241 0.05083807 0.2366509 15.20992 1.647641 1 0.9995864 0.012947611058576365 8.670894550596842 0.0
0.01436325 -0.02915842 -1.635702 -3.50152 0.2343472 0.1364224 0.2639424 17.41418 1.154993 1 0.0 0.032504098317887545 3.864733282285338 0.0
0.0314957 0.01757455 -2.893643 -6.505376 0.3411929 0.1980047 0.4052631 17.8762 1.38143 0 0.0 0.03606721400652538 7.119907774179733 0.0
0.006906128 0.0106981 -5.644241 -8.269319 1.067971 0.6042914 0.4346312 19.64739 0.9493294 0 0.0 0.012733575600057669 10.011947522327612 0.0
0.04454826 0.001251745 -0.08827536 -3.041335 1.312292 0.7566306 0.3549449 19.85667 1.252207 0 0.0 0.044565842688909466 3.0426158353311927 0.0
0.03363268 0.03051542 -9.611743 -8.245944 4.214212 2.9214 0.02404218 20.83892 1.008387 0 0.0 0.04541308205527125 12.664169769439487 0.0
-0.06025553 0.003166589 -2.259938 -0.8372096 1.77233 0.8686001 0.4642013 20.18494 1.763594 0 0.0 0.06033867898351622 2.4100289787004967 0.0
0.05099323 0.005802396 -3.785342 -7.903377 0.2267902 0.1281972 0.2812169 17.34931 0.6424656 1 0.928682 0.0513222885808273 8.763114860658453 0.0
0.004079705 0.003364458 -3.198818 -7.592837 1.258313 0.6825127 0.3997574 19.57749 nan 0 0.0 0.005288059239530983 8.239151067051326 0.0
0.03317642 0.01353059 -3.870495 -6.479396 3.055524 1.268483 -0.04419676 20.37411 nan 0 0.0 0.03582948101444535 7.547403796660213 0.0
0.04389814 0.0008208887 -4.007271 -2.374792 0.7788563 0.4514288 0.362749 19.23611 0.976738 0 0.0 0.043905814577540725 4.658095953359592 0.0
-0.02289733 0.01724243 -3.109626 -7.161828 0.4730896 0.2651615 0.3429071 18.56441 1.342047 1 0.9457183 0.02866337582061471 7.80778804537239 0.0
-0.03822367 -0.006890772 -3.106473 -7.60791 1.00682 0.570378 0.4023531 19.52362 1.270569 0 0.0 0.03883982089331624 8.217692441788572 0.0
-0.008427199 0.02965134 -1.382864 -4.897944 1.229481 0.6415893 0.2123225 19.60256 1.005251 0 0.0 0.030825632950212085 5.089417281932382 0.0
0.04748872 -0.03638121 -1.059537 -5.969273 1.549172 0.8864383 0.4412196 20.14498 1.931734 0 0.0 0.059822829825264025 6.062576911091355 0.0
-0.03266768 -0.02056125 5.322024 -8.194229 2.309557 1.253663 0.363502 20.48863 1.195652 0 0.0 0.03859977095974664 9.770840719253231 0.0
-0.02125642 0.006462352 -5.36378 -7.68061 0.866501 0.4945958 0.4323971 19.36799 1.201155 0 0.0 0.02221705166281755 9.368132463863862 0.0
-0.03255461 -0.02075386 -0.7421476 -9.060344 2.42995 1.237777 0.5764189 20.38267 1.157465 0 0.0 0.03860732232558611 9.090688447995662 0.0
-0.0582208 0.003245648 -5.650713 -2.743406 1.693096 0.7872101 0.3313316 20.24567 1.134556 0 0.0 0.05831119775463289 6.281467494877689 0.0
0.03713882 0.03484994 -3.552356 -4.533233 1.666293 0.8927504 0.2886467 20.28887 1.011799 0 0.0 0.050929463662952514 5.7592911528264485 0.0
-0.02430157 0.04738211 -4.477733 -9.729232 1.837938 0.9105366 0.1804137 20.22392 -0.05637169 0 0.0 0.05325063992589197 10.710184318167125 0.0
0.0282303 0.01277445 0.07246858 -4.343527 1.103234 0.6539251 0.482672 19.35645 1.276217 0 0.0 0.030986068012777937 4.344131500635797 0.0
-0.02409696 0.008149897 2.819429 -5.551893 1.677895 0.9183233 0.3461387 20.12404 0.8681831 0 0.0 0.025437851763704594 6.226772500219516 0.0
-0.005542583 -0.008228457 -3.766426 -7.520152 0.2678622 0.1531967 0.3163855 17.53188 0.6203575 0 0.0 0.009921075088554566 8.410627260590022 0.0
0.002059118 0.006698548 -5.220442 -6.4784 0.6046136 0.3360927 0.3566995 18.63066 1.300896 0 0.0 0.007007889286099489 8.320016901146536 0.0
-0.009949868 -0.02247469 -2.600738 -7.118608 0.9892489 0.5391686 0.3535252 19.50135 1.139048 0 0.0 0.024578681083685595 7.578813759573987 0.0
-0.02477526 0.008271849 -6.001345 -8.406147 1.99159 1.180029 0.1145088 20.38688 1.168165 0 0.0 0.026119666803893212 10.328574402822202 0.0
0.01623148 0.0007714932 -3.551326 -8.68168 2.386452 1.223747 0.3961052 20.49576 0.894474 0 0.0 0.01624980445260946 9.379951171550735 0.0
-0.006122488 0.005782902 -4.341614 -7.785574 0.1580394 0.08907087 0.2784307 16.58975 0.8243055 0 0.0 0.0084218059139206 8.914301690792836 0.0
-0.01273746 0.02643904 -1.57833 -6.200257 1.530636 0.7259645 0.2962798 20.02865 1.115982 0 0.0 0.029347329067109327 6.397992845803205 0.0
0.06213049 0.01118808 -3.383001 -1.843151 0.1025565 0.05370356 0.4435153 15.2632 1.64039 1 0.0 0.06312979424745893 3.8525188351002257 0.0
0.03297347 -0.008268455 1.406901 -5.295981 1.076989 0.6348398 0.3904932 19.71208 1.471609 0 0.0 0.0339943682383998 5.479670170380879 0.0
0.01128414 -0.02187207 -3.554344 -7.625925 0.251468 0.1304069 0.3561254 17.25445 1.474369 1 0.9945457 0.024611364481159918 8.413566032067555 0.0
0.04389796 0.0002524988 -3.470439 -9.269046 1.413115 0.856914 0.3045796 19.9749 nan 0 0.0 0.04389868617402577 9.897432020622167 0.0
0.009336777 0.01232684 -6.947763 -3.400155 0.5111107 0.2829719 0.3406732 18.69444 1.199835 0 0.0 0.01546371201016525 7.735144777455299 0.0
0.004884604 -0.01185049 -4.012723 -7.400799 1.252493 0.7056305 0.513681 19.67425 0.549839 0 0.0 0.012817701411599351 8.418656170264349 0.0
-0.005486419 0.0007933042 0.06428575 -5.49308 1.169061 0.7222113 0.3731058 19.44756 nan 0 0.0 0.005543475894896508 5.493456156560555 0.0
-0.02024191 0.02660219 1.248242 -6.964001 2.35934 1.155662 0.3093036 20.41727 1.146284 0 0.0 0.03342770457635702 7.074985372321627 0.0
0.060795 0.02730958 -0.7545145 -10.2805 2.69276 1.444693 0.4321257 20.54447 1.022259 0 0.0 0.06664716936807144 10.30815077405789 0.0
-0.00715424 0.01012779 -4.162268 -7.820012 0.1647307 0.08668243 0.3834806 16.62661 1.506134 1 0.9982423 0.012399809686511321 8.858728045490956 0.0
-0.02635667 0.00161873 -5.576775 -5.152339 2.750489 1.557029 0.1014327 20.55021 nan 0 0.0 0.026406331443458782 7.59256324119503 0.0
0.007033321 0.01096131 -4.776486 -7.995848 2.713501 1.323068 0.09909344 20.51504 nan 0 0.0 0.013023744515504787 9.31388231336965 0.0
-0.01125388 0.03072689 -13.80598 -11.5119 2.685549 1.252701 0.2998768 20.44254 1.066113 0 0.0 0.03272295194701266 17.975787197516553 0.0
