jas1101finalproject/data/gcs/NGC_7006.ecsv
# %ECSV 0.9
# ---
# datatype:
# - {name: x, unit: deg, datatype: float64}
# - {name: y, unit: deg, datatype: float64}
# - {name: pmx, unit: mas / yr, datatype: float64}
# - {name: pmy, unit: mas / yr, datatype: float64}
# - {name: pmx_e, unit: mas / yr, datatype: float64}
# - {name: pmy_e, unit: mas / yr, datatype: float64}
# - {name: pm_corr, datatype: float64}
# - {name: g_mag, unit: mag, datatype: float64}
# - {name: bp_rp, unit: mag, datatype: float64}
# - {name: filter, datatype: int64}
# - {name: memberprob, datatype: float64}
# - {name: r, unit: deg, datatype: float64}
# - {name: pm, unit: mas / yr, datatype: float64}
# - {name: member_prob_GMM, datatype: float64}
# meta: !!omap
# - comments: [deg deg mas/yr mas/yr mas/yr mas/yr dimless mag   mag   zeroone float]
# - __serialized_columns__:
#     bp_rp:
#       __class__: astropy.units.quantity.Quantity
#       unit: &id001 !astropy.units.Unit {unit: mag}
#       value: !astropy.table.SerializedColumn {name: bp_rp}
#     g_mag:
#       __class__: astropy.units.quantity.Quantity
#       unit: *id001
#       value: !astropy.table.SerializedColumn {name: g_mag}
#     pm:
#       __class__: astropy.units.quantity.Quantity
#       unit: !astropy.units.Unit {unit: mas / yr}
#       value: !astropy.table.SerializedColumn {name: pm}
#     pmx:
#       __class__: astropy.units.quantity.Quantity
#       unit: !astropy.units.Unit {unit: mas / yr}
#       value: !astropy.table.SerializedColumn {name: pmx}
#     pmx_e:
#       __class__: astropy.units.quantity.Quantity
#       unit: !astropy.units.Unit {unit: mas / yr}
#       value: !astropy.table.SerializedColumn {name: pmx_e}
#     pmy:
#       __class__: astropy.units.quantity.Quantity
#       unit: !astropy.units.Unit {unit: mas / yr}
#       value: !astropy.table.SerializedColumn {name: pmy}
#     pmy_e:
#       __class__: astropy.units.quantity.Quantity
#       unit: !astropy.units.Unit {unit: mas / yr}
#       value: !astropy.table.SerializedColumn {name: pmy_e}
#     r:
#       __class__: astropy.units.quantity.Quantity
#       unit: &id002 !astropy.units.Unit {unit: deg}
#       value: !astropy.table.SerializedColumn {name: r}
#     x:
#       __class__: astropy.units.quantity.Quantity
#       unit: *id002
#       value: !astropy.table.SerializedColumn {name: x}
#     y:
#       __class__: astropy.units.quantity.Quantity
#       unit: *id002
#       value: !astropy.table.SerializedColumn {name: y}
# schema: astropy-2.0
x y pmx pmy pmx_e pmy_e pm_corr g_mag bp_rp filter memberprob r pm member_prob_GMM
[from data line 563]
0.05143868 0.02023005 3.811899 2.807774 1.198755 1.361218 -0.03915516 19.8258 1.946598 0 0.0 0.055273797799182386 4.734360444798959 0.0
0.008741971 0.01445572 -0.5750162 2.328136 1.535075 1.745543 -0.08486096 20.14705 0.8037796 0 0.0 0.016893486842071443 2.398095257648962 0.0
0.009651219 -0.001390493 -0.755878 -0.06242947 0.5584913 0.5869705 -0.2047996 18.71998 0.581831 0 0.0 0.009750871703033017 0.7584517055215058 0.0
-0.02921331 -0.01634409 4.462367 9.420843 0.9912558 1.060437 -0.2627783 19.7429 2.264997 1 0.0 0.0334745688409007 10.424250672030963 0.0
-0.005002614 0.003833563 -5.22323 8.119647 3.128501 2.943729 -0.2159785 20.46774 0.6069088 0 0.0 0.006302567104598332 9.65457399565144 0.0
0.001386414 -0.005955009 0.365255 -1.165273 0.2402132 0.282879 -0.1092057 17.13582 1.152617 0 0.0 0.00611426822845359 1.221176637327295 0.0
-0.03699921 0.04012809 1.71014 -3.406958 1.640585 1.750944 -0.2965105 20.33806 2.514282 1 0.3844645 0.05458209548626912 3.8120783876205904 0.0
0.004521854 0.01942803 -0.6829964 -0.2243346 0.5307848 0.6064726 -0.1327981 18.76679 1.0769 1 0.9894634 0.019947318448308184 0.7188950515688085 0.0
0.01691841 0.01227233 -1.685636 1.189349 1.199943 1.398528 -0.06815076 19.82082 0.797718 0 0.0 0.020900781816884265 2.0629880678998123 0.0
-0.005354317 0.00319461 2.219627 -3.131294 1.808831 2.76608 0.2314736 19.71501 nan 0 0.0 0.006234921297706091 3.838195687242249 0.0
0.004903291 0.0003583708 -4.276052 -13.59998 1.128605 1.4548 -0.08103074 18.94916 nan 0 0.0 0.004916369825488481 14.256369688918145 0.0
-0.001075509 -0.006004602 -0.5060938 0.7687122 0.8940934 0.9012243 -0.2582651 18.60593 0.7101364 0 0.0 0.006100161046028622 0.9203528566953437 0.0
-0.006350861 0.0001791213 0.06136678 -0.3802454 0.7744296 0.8291414 -0.1481177 18.78931 0.5207825 0 0.0 0.006353386489222476 0.38516547860462313 0.0
-0.01517095 0.01998742 -0.2707268 -1.00464 0.6937498 0.7080999 -0.266184 19.21209 1.152918 1 0.9807895 0.02509292095709266 1.040478029483679 0.0
-0.005764692 0.0006788287 0.8745163 -1.861841 0.6746148 0.6330485 -0.2636332 18.72542 0.5980568 0 0.0 0.005804522569411518 2.056995544051248 0.0
-0.01332474 0.02018374 -1.760514 1.331838 1.23049 1.529149 -0.1783687 19.89018 1.079195 0 0.0 0.02418536864418651 2.2075330127633426 0.0
0.009827903 -0.01821139 0.9548675 -0.4521737 0.5058275 0.5894312 -0.07172036 18.72488 0.7917042 0 0.0 0.02069401853457924 1.05651928403032 0.0
-0.04529862 0.009596983 -2.977101 -4.70322 1.161101 1.178728 -0.3092933 19.84701 1.347532 1 9.211549e-05 0.04630407170656473 5.5662742236258 0.0
-0.002306202 0.01698087 -1.394079 1.028003 1.797401 1.836647 -0.1901124 20.31738 0.9422207 0 0.0 0.017136759134145054 1.7321219432389858 0.0
-0.001368567 -0.001909523 0.8033751 2.02222 1.122447 1.096433 -0.4003894 18.3533 nan 0 0.0 0.0023493092008115917 2.175956175960355 1.0
-0.05591533 -0.01805494 -0.1532459 -0.2281708 0.8695169 0.9520408 0.01271319 19.75998 0.9161053 1 0.860547 0.058758020621975514 0.27485672602184946 0.0
-0.01666811 -0.01095156 -0.3663801 -1.206998 0.3821302 0.3974281 -0.1675365 18.30955 1.194866 1 0.9836229 0.0199439854945219 1.2613796215572892 0.0
0.0004193347 -0.05516651 -2.727901 -5.139355 0.8897181 0.9710302 0.1165516 19.47733 0.8187866 1 3.849612e-05 0.05516810371193417 5.818454578479238 0.0
-0.0315291 -0.01814427 0.7083866 -0.9518081 0.9930766 1.037816 -0.2592252 19.67126 0.9813766 1 0.9248578 0.036377172521279054 1.1864865082609115 0.0
-0.004152482 0.01451088 0.4833055 -1.005899 0.5120644 0.5383109 -0.1613079 18.70969 0.7853603 1 0.9893677 0.01509333446044061 1.1159825287750926 0.0
-0.01941582 0.06383772 -3.146894 -2.061521 0.9814242 0.8934994 -0.4548087 19.3805 1.120802 1 0.0005585444 0.06672502200127625 3.7620221531348004 0.0
-0.02780064 0.02470185 -0.1215082 -0.21042 0.5723361 0.6001158 -0.284697 18.802 0.6454716 1 0.9792136 0.0371894740192988 0.24298316622194222 0.0
-0.006673124 0.003759225 -1.082479 -3.482753 1.238244 1.37964 -0.1331952 18.85667 0.5559273 0 0.0 0.007659135494297056 3.647098743446632 0.0
0.01454436 0.01601627 0.6172081 -1.241717 1.085516 1.220286 -0.1024409 19.63449 1.053789 0 0.0 0.02163467847051349 1.3866531458135483 0.0
-0.01927619 -0.006320284 -0.8653233 -0.6089934 0.6524652 0.6874986 -0.1514054 19.03316 0.1609135 1 0.9832524 0.020285893886066643 1.058138636836615 0.0
-0.0174886 -0.009017441 -0.02559166 -0.8252219 0.475771 0.5351371 -0.1004236 18.64551 1.121456 1 0.9934311 0.01967651829334857 0.8256186270313707 0.0
-0.04986494 0.03119118 0.8487421 -0.8088001 0.6445639 0.6476699 -0.3700556 19.07652 0.4287033 1 0.822985 0.058816680890679304 1.1723995709963477 0.0
-0.006526723 -0.0003129689 1.181041 2.669915 1.149921 1.181786 -0.1605047 19.15495 nan 0 0.0 0.006534222421305859 2.9194698064727436 0.0
-0.01388242 0.007555225 0.2534743 -1.391292 0.527489 0.5487921 -0.1640325 18.78083 0.7658825 1 0.9831492 0.015805157697948633 1.4141932859494455 0.0
-0.008900447 0.00424378 -0.01951888 1.061617 0.7830805 0.8714716 -0.09620664 19.13008 1.004486 0 0.0 0.009860406963620163 1.0617964218085567 0.0
0.006691132 -0.001802603 5.276449 -5.096146 1.612372 1.027711 -0.5567894 18.82032 nan 0 0.0 0.006929691552806156 7.335640265369957 0.0
0.06123906 -0.02040322 -0.3365893 -7.198778 3.470813 2.983982 -0.3118363 20.72566 1.235565 0 0.0 0.06454853876000603 7.206642564340102 0.0
-0.0198039 -0.00785374 0.782924 -1.421999 1.054664 1.057285 -0.1980993 19.65565 0.9839382 0 0.0 0.021304358408494727 1.6232840619488014 0.0
-0.003976538 0.0199926 -11.04601 -10.09472 0.5569025 0.576484 -0.1801164 18.74231 1.513201 1 0.0 0.02038423187724875 14.963880138470103 0.0
0.003115539 -0.0006582823 3.440055 -1.007637 1.235321 2.03493 0.1726026 19.17954 nan 0 0.0 0.0031843239230666047 3.584593523231609 0.0
-0.01370767 -0.008119379 0.03477485 -0.5197293 0.4443904 0.484133 -0.1266092 18.54812 0.9305019 1 0.9959958 0.015931871584171805 0.5208913854835886 0.0
0.001063963 0.00461933 0.1799386 -0.3110027 0.8904583 0.8872147 -0.2204271 18.98841 nan 0 0.0 0.0047402770925621006 0.3593056904326037 0.0
-0.003448859 0.0310533 0.2044981 -0.7202661 0.444259 0.4727058 -0.1814725 18.7568 0.6691322 1 0.9884828 0.031244232576459308 0.7487340834453979 0.0
-0.06113259 -0.01806866 -4.916964 -3.723303 0.2886145 0.2938656 -0.0291056 18.18879 1.70624 1 0.0 0.06374692176335811 6.167618682044554 0.0
-0.03776309 0.02949858 -2.931793 -2.865907 0.8695134 0.7602613 -0.459542 16.84777 1.001846 0 0.0 0.04791886046604719 4.0998576960058015 0.0
0.00613426 -0.001163659 0.02614223 -0.4154338 0.695369 0.7999021 -0.08097299 19.13937 0.7734833 0 0.0 0.006243656622195122 0.4162555205301341 0.0
0.009064188 0.0175876 0.9549329 1.63535 0.6411521 0.743226 -0.08017349 19.03874 1.738615 0 0.0 0.019785933838445534 1.8937440339186313 0.0
0.00308602 0.01282095 -0.3319559 -0.5060092 1.481566 1.354776 -0.3108709 19.88759 0.9245319 0 0.0 0.01318712547687706 0.6051776846757075 0.0
-0.01230241 -0.03337658 -0.913626 -3.542608 0.1729792 0.1869762 -0.1099532 17.05338 1.031473 1 0.0 0.035571693582179924 3.658522093624692 0.0
0.009360655 -0.05453305 -6.371516 -17.94414 0.3945003 0.5569019 0.03163916 18.02081 1.408525 1 0.0 0.0553306009756945 19.041753503232208 0.0
0.01402036 -0.03318382 0.4210894 -0.3464505 0.3166557 0.4280133 -0.005434344 17.85373 1.245346 1 0.9746926 0.03602410865409442 0.545292794508244 0.0
0.03339354 -0.01852352 0.5324792 -1.040386 0.5256284 0.562348 -0.1287558 18.77532 0.6029739 1 0.9536916 0.03818703061147855 1.168733129259473 0.0
0.001151708 0.03473446 -4.719312 -3.684524 1.64071 1.822775 -0.3023106 20.39814 1.940012 0 0.0 0.03475354863620209 5.987288439679519 0.0
0.0223728 -0.01851936 -0.9703734 -3.136216 0.7469936 1.249108 0.1915359 19.14695 1.109276 1 0.713225 0.02904322424679464 3.2829065375187825 0.0
0.04003823 0.02477643 -5.651785 -10.73122 0.7346133 0.828033 -0.04565386 19.24895 1.946032 1 0.0 0.04708430040977354 12.128551289194641 0.0
0.01457621 -0.01845715 -1.419886 -0.8651624 1.16514 1.669454 0.06618608 19.80846 0.9805412 0 0.0 0.02351876451020759 1.6627032902384478 0.0
-0.03939886 0.05559905 -4.815461 -13.4548 0.4919096 0.4871917 -0.2928573 18.42509 1.147762 1 0.0 0.06814341149518492 14.290567087506394 0.0
-0.002364995 0.001723986 -2.956867 -8.452848 1.839531 1.528006 -0.2333723 19.37482 nan 0 0.0 0.0029266583466850036 8.955093621330432 0.0
0.00836148 0.003095532 -12.55619 -9.510347 0.3870488 0.4347209 -0.1076836 18.04709 1.563921 0 0.0 0.008916090295270903 15.751336685389878 0.0
0.0004778298 0.001361576 -0.7524531 -0.1315879 0.5391249 0.6221467 -0.1075585 17.11678 nan 0 0.0 0.0014429866671400813 0.7638723997671469 0.0
0.007423829 -0.001732005 0.9459245 0.4428881 0.6305856 0.7674106 -0.1070198 18.77847 nan 0 0.0 0.00762319344771376 1.0444726079806306 0.0
9.683218e-05 0.001096454 -0.5740304 0.8015104 0.5906414 0.6784278 0.02525955 16.94025 nan 0 0.0 0.0011007215111914332 0.9858650117700293 0.0
0.01047222 -0.00858497 -0.6207787 -0.5684463 0.2311424 0.2722615 -0.08438307 16.45723 1.409682 0 0.0 0.013541384775173478 0.8417228702829571 0.0
-0.002892369 0.01266836 1.230412 -3.931008 1.166019 1.195059 -0.178623 18.88791 1.029762 0 0.0 0.012994350446319393 4.1190699903992885 0.0
0.02702229 0.06080593 -4.821393 -8.222507 2.639249 2.617799 -0.1916698 20.58777 0.9513969 0 0.0 0.06653995250981924 9.531812620141984 0.0
-0.002130533 0.00195668 -0.1898882 2.350923 0.9182004 1.35225 0.005206987 18.45896 nan 0 0.0 0.002892709367788095 2.3585793351991025 0.0
0.00208974 0.001672484 -0.654303 -1.762283 0.4119711 0.546588 -0.02250478 17.65126 nan 0 0.0 0.002676605312304375 1.8798281272228055 0.0
-0.03523955 0.04883099 -0.2448679 -0.2997707 2.555614 2.52291 -0.3017354 20.57475 1.223017 0 0.0 0.06021869700170039 0.38706945246157054 0.0
-0.0353423 -0.03405854 3.624182 -2.61634 0.6202157 0.664894 0.1103873 19.2069 2.4079 1 0.0 0.04908219958622067 4.469891515990517 0.0
0.005489501 -0.001676755 -0.225328 0.00555942 0.750135 0.9755555 -0.07141777 18.86175 nan 0 0.0 0.005739871824268029 0.22539657214504483 0.0
-0.00693696 0.00173363 -4.929544 -2.686527 1.995597 2.112158 -0.1612548 20.23284 nan 0 0.0 0.0071503067779291815 5.614074400082795 0.0
-0.05498158 -0.03309274 -3.760393 -15.25114 2.100206 3.419867 0.2073324 20.71937 2.198038 0 0.0 0.06417245187776449 15.707890590847931 0.0
0.01038343 0.00782776 -2.108448 -7.169034 0.474563 0.6643651 -0.01555633 18.14658 nan 0 0.0 0.013003439744256133 7.472656921193425 0.0
-0.05704411 0.03147732 2.820101 -2.562133 0.3435132 0.343961 -0.2424752 18.21029 0.9168606 1 0.0 0.06515252995912361 3.8101830874499982 0.0
0.003056548 0.02354597 0.4070348 -0.9415702 0.5328159 0.5603057 -0.1523956 18.75252 0.7002602 1 0.9854994 0.02374352941155135 1.0257834907713614 0.0
0.01952855 -0.007073662 6.194749 3.142826 3.234563 2.938727 -0.2132487 20.68093 0.7938251 0 0.0 0.020770194009511415 6.946385422597641 0.0
-0.01640651 -0.03728253 6.367256 0.1122256 2.789675 3.430996 0.0338006 20.80423 1.28689 0 0.0 0.04073279530772471 6.368244935210278 0.0
0.005870618 -0.005516237 -1.264026 0.3818336 0.6372748 0.7646481 -0.05087174 18.72387 0.5250931 0 0.0 0.008055620791850434 1.320438800840448 0.0
-0.005383674 0.001373093 -0.2429304 -2.203029 0.7095744 0.7463761 -0.1622232 18.973 nan 0 0.0 0.005556017469818196 2.2163826280868473 0.0
-0.003918165 0.008092648 -0.9917344 1.495552 0.9287152 0.9927392 -0.1641505 19.38424 0.9688358 0 0.0 0.008991271802093906 1.7944951671284488 0.0
-0.03333208 0.06613984 1.362548 -4.458535 0.6260655 0.5809642 -0.4186889 18.69531 1.494596 1 0.0 0.0740642018275496 4.662088737736445 0.0
0.001532855 0.007261011 -2.54496 0.3191641 1.827864 1.673444 -0.2507341 20.106 0.6522503 0 0.0 0.007421046098303527 2.5648951487982528 0.0
0.01310967 -0.003175572 1.088649 -1.5792 0.7643884 1.239012 0.1623661 18.80934 0.4498768 0 0.0 0.013488799243671915 1.9180795826036519 0.0
-0.007112782 0.002374506 4.304163 6.525046 2.112836 2.434516 -0.1291672 20.16307 0.7300739 0 0.0 0.007498662982396261 7.816779671494201 0.0
0.007628886 0.0008200357 -0.2423906 -11.95969 0.1653171 0.1923677 -0.08454827 16.88024 0.8743515 0 0.0 0.007672832602779138 11.962146049061111 0.0
0.04006137 0.0550594 -0.8372969 -7.311379 0.9161919 0.816884 -0.1974285 19.04491 1.087875 1 0.0 0.06809148914979683 7.35916632373468 0.0
0.006427294 0.0002058267 -0.08004124 -0.7620023 0.2280506 0.2647164 -0.07989032 17.50903 1.114912 0 0.0 0.006430588837180378 0.7661945610000294 0.0
0.004493023 -0.001379234 1.857022 1.127095 0.6310964 0.8408941 -0.06790082 18.44753 0.8931255 0 0.0 0.004699951287543839 2.1722969059290675 0.0
0.03011264 -0.03082836 -0.8492963 -2.125681 0.8106847 0.9004224 0.05934787 19.23348 1.049112 1 0.7115795 0.04309476613301434 2.289066167447916 0.0
0.00461023 -0.0003454479 -0.4803212 -1.610663 0.6073316 0.8898186 0.0116908 18.64745 nan 0 0.0 0.004623154215956288 1.6807568993576791 0.0
-0.00315645 -0.007829912 -2.875501 2.90865 1.392995 1.331738 -0.1963476 19.26491 0.7488289 0 0.0 0.008442197494150679 4.090079562001331 0.0
-0.06076691 0.02722886 -2.600988 -9.378445 0.2508821 0.2503681 -0.2341664 17.70628 0.948164 0 0.0 0.06658849876553533 9.732439015692263 0.0
0.01905592 0.03112095 -3.567316 -6.69666 1.051543 1.207259 -0.09616151 19.58253 2.017941 0 0.0 0.036491665020233044 7.58755550882206 0.0
-0.0163171 -0.01948889 -0.4522623 -2.195239 1.983606 2.131238 -0.0917266 20.52117 1.199743 0 0.0 0.025417800570507666 2.2413423333177573 0.0
-0.001749562 -0.0008986251 -0.5930406 -1.438685 1.982705 2.476686 -0.03798826 19.4395 nan 0 0.0 0.001966848815286526 1.5561207159065005 0.0
0.00478516 0.03741624 -3.385302 -17.2156 0.6006884 0.5468052 -0.3313773 18.50932 0.7726002 0 0.0 0.03772098582968372 17.545288626614383 0.0
-0.02832909 0.01785836 -4.196337 -9.575991 1.354404 1.50652 -0.2128592 20.08281 nan 0 0.0 0.033488182424815174 10.455087175612167 0.0
0.0193158 0.07035512 3.304633 -3.975547 0.5685075 0.5225816 -0.4440529 18.61634 1.453924 1 0.0 0.07295850217660996 5.169678250519852 0.0
-0.03914423 0.009982858 -0.3221054 -2.256921 1.568357 1.52504 -0.3548569 20.16957 1.163706 1 0.7236896 0.040397131038491636 2.2797904046096344 0.0
0.003643182 -0.006189584 -0.2286578 -0.3867734 0.1368255 0.1740041 -0.09731576 16.59852 1.294225 0 0.0 0.007182181087815873 0.44930841573289054 0.0
0.004111877 0.005447159 -0.02795205 -1.086954 0.2356893 0.2880741 -0.1183334 17.21277 1.05109 0 0.0 0.0068248863458969045 1.0873133472992975 0.0
0.0007123041 -0.002542766 8.285906 30.17002 0.334242 0.5087039 0.1827514 16.98729 nan 0 0.0 0.002640650689059954 31.287159427490955 0.0
-0.03190734 -0.0008617215 0.7397711 -7.127122 1.558817 1.550183 -0.3258715 20.21119 1.806599 1 0.005565664 0.031918974134817715 7.165412010713634 0.0
0.06818721 -0.0247764 9.841767 -1.274394 1.622175 1.81914 -0.0627896 20.22829 1.299816 1 5.706383e-06 0.07254905653793231 9.923933582482553 0.0
-0.002658065 0.00209783 1.03001 1.331698 0.7427813 0.9324611 -0.1333258 18.59162 nan 0 0.0 0.003386177823612487 1.6835498695625266 0.0
0.004170473 0.006311189 0.3232453 -4.26262 0.1711356 0.2088304 -0.1246159 16.9139 1.007284 0 0.0 0.0075646514551200575 4.274858686362871 0.0
-0.005178643 -0.003238882 -1.953741 -0.9959816 1.230172 1.095955 -0.3291979 19.31823 nan 0 0.0 0.006108084800604278 2.1929622072939514 0.0
0.04105777 0.05401248 0.6849865 -3.117968 1.827865 1.765473 -0.1392064 20.11071 0.7521725 1 0.2546383 0.06784606453673861 3.192323754603572 0.0
0.029489 0.02324679 2.076856 0.9516891 0.2729358 0.3221943 -0.07164171 17.75329 0.8675423 1 0.0 0.037550158006379945 2.2845224857275555 0.0
0.0009174218 0.005849569 0.8159289 1.131885 0.601363 0.5900963 -0.01304232 18.39429 nan 0 0.0 0.005921074247539566 1.3953148831286113 0.0
-0.01428792 0.07351707 -3.762468 -5.856939 0.5854296 0.5452437 -0.4335855 18.52319 1.500519 1 0.0 0.0748926180561963 6.961314523906028 0.0
0.00414128 0.0008943183 -0.319473 -0.6952343 0.4632252 0.5777886 -0.107788 18.2895 nan 0 0.0 0.004236744653636196 0.7651233427529773 0.0
