jas1101finalproject/data/gcs/NGC_6333_M_9.ecsv
# %ECSV 0.9
# ---
# datatype:
# - {name: x, unit: deg, datatype: float64}
# - {name: y, unit: deg, datatype: float64}
# - {name: pmx, unit: mas / yr, datatype: float64}
# - {name: pmy, unit: mas / yr, datatype: float64}
# - {name: pmx_e, unit: mas / yr, datatype: float64}
# - {name: pmy_e, unit: mas / yr, datatype: float64}
# - {name: pm_corr, datatype: float64}
# - {name: g_mag, unit: mag, datatype: float64}
# - {name: bp_rp, unit: mag, datatype: float64}
# - {name: filter, datatype: int64}
# - {name: memberprob, datatype: float64}
# - {name: r, unit: deg, datatype: float64}
# - {name: pm, unit: mas / yr, datatype: float64}
# - {name: member_prob_GMM, datatype: float64}
# meta: !!omap
# - comments: [deg deg mas/yr mas/yr mas/yr mas/yr dimless mag   mag   zeroone float]
# - __serialized_columns__:
#     bp_rp:
#       __class__: astropy.units.quantity.Quantity
#       unit: &id001 !astropy.units.Unit {unit: mag}
#       value: !astropy.table.SerializedColumn {name: bp_rp}
#     g_mag:
#       __class__: astropy.units.quantity.Quantity
#       unit: *id001
#       value: !astropy.table.SerializedColumn {name: g_mag}
#     pm:
#       __class__: astropy.units.quantity.Quantity
#       unit: !astropy.units.Unit {unit: mas / yr}
#       value: !astropy.table.SerializedColumn {name: pm}
#     pmx:
#       __class__: astropy.units.quantity.Quantity
#       unit: !astropy.units.Unit {unit: mas / yr}
#       value: !astropy.table.SerializedColumn {name: pmx}
#     pmx_e:
#       __class__: astropy.units.quantity.Quantity
#       unit: !astropy.units.Unit {unit: mas / yr}
#       value: !astropy.table.SerializedColumn {name: pmx_e}
#     pmy:
#       __class__: astropy.units.quantity.Quantity
#       unit: !astropy.units.Unit {unit: mas / yr}
#       value: !astropy.table.SerializedColumn {name: pmy}
#     pmy_e:
#       __class__: astropy.units.quantity.Quantity
#       unit: !astropy.units.Unit {unit: mas / yr}
#       value: !astropy.table.SerializedColumn {name: pmy_e}
#     r:
#       __class__: astropy.units.quantity.Quantity
#       unit: &id002 !astropy.units.Unit {unit: deg}
#       value: !astropy.table.SerializedColumn {name: r}
#     x:
#       __class__: astropy.units.quantity.Quantity
#       unit: *id002
#       value: !astropy.table.SerializedColumn {name: x}
#     y:
#       __class__: astropy.units.quantity.Quantity
#       unit: *id002
#       value: !astropy.table.SerializedColumn {name: y}
# schema: astropy-2.0
x y pmx pmy pmx_e pmy_e pm_corr g_mag bp_rp filter memberprob r pm member_prob_GMM
[from data line 5947]
0.09657015 -0.07831948 -0.1082309 -4.092421 1.846999 1.518485 0.643254 20.334 1.029312 0 0.0 0.12433718196297075 4.093851923183813 0.0
0.07190394 0.005951688 -0.4581136 -2.798504 2.908817 2.176734 0.652128 20.52218 nan 0 0.0 0.07214983837523785 2.8357525823881318 0.0
0.08915956 -0.03421185 1.668937 -6.321813 0.6796074 0.5361746 0.6422463 18.93245 1.262753 0 0.0 0.09549805139276979 6.538399675527491 0.0
0.1012699 -0.006033696 -4.444535 -6.982461 0.6893456 0.5576975 0.6606198 18.98159 1.031445 0 0.0 0.10144948562427715 8.27699540792104 0.0
0.1203933 -0.01158312 -2.380339 -3.629243 1.88221 1.487937 0.7543678 20.11903 0.6283131 0 0.0 0.12094922634653105 4.340209500469995 0.0
0.1071324 0.02143047 -0.2236862 -5.202352 1.414853 1.13718 0.6226286 20.01237 0.7408905 0 0.0 0.10925482220104017 5.207158711617541 0.0
0.04318644 -0.03365428 -0.7560396 -2.516005 1.545737 1.057631 0.6229582 19.86039 1.241455 0 0.0 0.05475106539778016 2.627142370864807 0.0
0.1190408 -0.04233817 -1.19515 -4.279997 0.5652126 0.4523715 0.6568917 18.66735 1.508099 0 0.0 0.12634568731693574 4.443732422469764 0.0
0.117443 0.03224028 -3.732204 -5.805958 0.6467861 0.5384134 0.6585685 18.91772 1.163118 1 0.0001742434 0.12178790540722179 6.902064545871764 0.0
0.1215515 -0.0105883 -6.8058 -7.881058 2.451695 1.913288 0.7071945 20.45237 nan 0 0.0 0.12201179963077342 10.412972142446364 0.0
0.08196823 0.05291371 -3.817773 -4.101957 2.134765 1.698469 0.7162331 20.43695 1.172237 0 0.0 0.09756357637610975 5.603698948853158 0.0
0.08422708 -0.003926372 -3.275508 -0.6883999 0.9914858 0.7034713 0.4801199 19.87099 1.249207 0 0.0 0.08431854720290657 3.3470654430984776 0.0
0.05806207 -0.02064294 -2.634224 -2.949081 0.4300562 0.3702535 0.599864 18.26163 nan 0 0.0 0.061622519783992115 3.9542653965985894 1.0
0.1063194 0.01725197 -5.958552 -7.780478 0.5720394 0.4416702 0.4795286 18.96201 nan 0 0.0 0.10771000550200013 9.800009175770603 0.0
0.09247416 -0.004027906 5.25117 -2.509814 0.4882997 0.3806849 0.602339 18.34639 1.690277 1 0.0 0.09256184037955617 5.82013339052431 0.0
0.1256376 -0.04163336 5.521012 1.916545 0.8514003 0.602084 0.3960678 19.5822 1.072678 1 0.0 0.13235612263378524 5.844203815847716 0.0
0.1144666 -0.003839028 -1.829853 -4.21653 1.114364 0.9142591 0.8835129 18.79867 1.154222 1 0.04408572 0.11453095935835335 4.596464646063211 0.0
0.04466252 -0.03164241 -1.998576 -2.298541 0.6958597 0.5097817 0.5227479 19.02806 1.221918 0 0.0 0.05473557164548937 3.0459147651332925 0.0
0.1081462 0.02288895 -12.4347 -15.67494 1.378039 0.9868811 0.6779792 19.85469 nan 0 0.0 0.11054186811585237 20.008136047458294 0.0
0.1030561 -0.01911345 -5.146402 -4.174752 1.248172 0.8804987 0.3439063 20.09831 0.9669418 0 0.0 0.10481356647930887 6.626764505179583 0.0
0.04076288 -0.005341007 -1.865148 -3.346577 0.1592218 0.112556 0.2918119 16.85916 0.6391792 1 0.9576479 0.04111129700785964 3.831234093452526 1.0
0.1060321 0.02065677 -2.95172 -5.199882 0.5435195 0.4523759 0.6558227 18.65394 1.913832 0 0.0 0.1080254987363766 5.979249432188291 0.0
0.09751956 0.06496 -5.755614 -10.39522 3.753962 2.832431 0.3777802 20.62613 nan 0 0.0 0.11717451165929219 11.882242690897876 0.0
0.1168309 0.02602655 0.2000304 -3.610104 1.461982 1.071188 0.4510816 20.12745 1.022886 0 0.0 0.1196947805867595 3.6156414440234754 0.0
0.103307 0.01294321 -3.047804 -6.447473 2.845531 2.325153 0.8955342 20.22424 0.7876968 0 0.0 0.10411466243572083 7.131550834716458 0.0
0.132813 -0.003739753 -2.523254 -1.673241 0.4124288 0.3362658 0.6197234 18.2006 1.274454 1 0.0 0.13286564161400422 3.02763045839432 0.0
0.04680387 -0.03041656 -4.417339 -5.598141 1.24841 0.8830316 0.5233438 19.86272 1.000343 0 0.0 0.055819077108193935 7.131063489887185 0.0
0.09676363 0.007894467 -7.126932 -7.481279 0.9837759 0.7046654 0.3557295 19.71138 nan 0 0.0 0.09708513119932934 10.332603505819092 0.0
0.05316863 -0.03192141 -5.13841 -0.7701497 0.9017206 0.6362616 0.5415723 19.59443 1.014278 0 0.0 0.06201515647376051 5.19580483549085 0.0
0.1128966 -0.05883448 1.082308 -6.809739 0.8808856 0.677354 0.666816 19.43223 1.003679 1 0.0 0.1273072595276106 6.895211081249435 0.0
0.09195756 0.05786011 -1.423114 -2.369082 2.777539 2.132166 0.6956274 20.54033 1.077679 0 0.0 0.10864614659694885 2.763657536620628 0.0
0.0942915 -0.01438199 -2.329544 -7.406065 0.5931892 0.425321 0.4161454 19.19511 1.2579 0 0.0 0.09538201407293777 7.763798943311258 0.0
0.09198672 0.05825873 -1.602597 -3.330106 2.431861 1.903512 0.7622281 20.42322 1.095152 0 0.0 0.10888359048805885 3.695662743763965 0.0
0.1184213 -0.059666 -3.0281 -1.189527 0.994717 0.6926127 0.5072999 19.54638 1.224594 0 0.0 0.13260330255951394 3.253361967830969 0.0
0.1259815 0.03247262 -2.416297 -0.492877 1.340172 1.095502 0.178855 20.06713 1.426458 0 0.0 0.1300992290212144 2.466053310319548 0.0
0.07859182 -0.0504897 -6.437684 -5.066164 2.08327 1.732817 0.6860412 20.22819 0.9218369 0 0.0 0.09341244016190992 8.192056698946363 0.0
0.0115649 -0.01201608 -2.267707 -3.294424 0.1549536 0.1173112 0.3435329 16.11233 0.7529593 0 0.0 0.01667732264412966 3.9994655304959186 0.0
0.1177635 -0.04863726 -5.330384 -3.247597 2.178486 1.683969 0.6669013 20.44498 1.220062 0 0.0 0.12741202844534577 6.241784990038106 0.0
0.09712615 -0.01621081 2.692316 -1.50081 2.731195 2.121635 0.9125925 20.09978 1.178343 0 0.0 0.09846968759307911 3.0823685859994097 0.0
0.08092514 0.05080087 0.2351814 -6.731705 2.163286 1.705708 0.6941924 20.28223 0.8861923 0 0.0 0.09554897527852667 6.735811940511029 0.0
0.08662388 -0.07080874 -1.983426 -6.095832 0.9896383 0.7198979 0.5069081 19.6941 1.015165 0 0.0 0.11188196568992698 6.410393628296159 0.0
0.1102094 -0.05394991 -5.171934 -9.296821 2.10447 1.70799 0.6017739 20.38854 0.9678898 0 0.0 0.12270576448304334 10.63859868621789 0.0
0.09562128 0.03518164 0.6441092 -2.661228 1.063383 0.780332 0.4822369 19.85097 nan 0 0.0 0.10188806103723833 2.738067042551851 0.0
0.07397157 -0.03096784 -3.89782 -3.860691 1.137562 0.8142039 0.4977645 20.04348 nan 0 0.0 0.08019227071564004 5.4861585604028065 0.0
0.1098045 -0.05381805 0.08619992 -1.581875 3.088035 2.282784 0.698644 20.81752 nan 0 0.0 0.12228413930699475 1.5842218726658859 0.0
0.1210219 0.01805664 -2.742569 -4.24673 0.710798 0.5171193 0.4190444 19.38099 0.9969177 1 0.2638948 0.12236152388598141 5.055333857685465 0.0
0.09790883 0.03689696 -4.565076 -7.998085 0.6240857 0.4563359 0.4387851 19.19261 1.128593 0 0.0 0.10463041933018571 9.20919554320577 0.0
0.09558638 -0.07891783 -2.925722 -1.505896 0.9365558 0.6717685 0.4404659 19.78332 0.8439121 0 0.0 0.12395474953955295 3.290527614851454 0.0
0.04637715 -0.003620101 -1.765933 -3.519414 0.4936435 0.4039841 0.6128328 18.49045 1.236008 0 0.0 0.046518224099515025 3.9376127620532975 1.0
0.08383646 -0.03335276 -2.129203 -2.594188 1.735308 1.329982 0.7154755 20.18893 nan 0 0.0 0.09022726098552034 3.356086529658167 0.0
0.1176858 0.006597709 -5.346064 -4.094107 1.137971 0.8365716 0.403892 19.92799 1.136515 0 0.0 0.1178705955091798 6.733655204979314 0.0
0.0587618 -0.00521845 -6.212052 -8.972276 2.751217 2.234626 0.5528937 19.94118 1.211624 0 0.0 0.05899306196191634 10.912897262912358 0.0
0.1038995 -0.05967945 -4.401085 -3.843044 0.7218317 0.5026377 0.5622493 19.26852 1.181185 0 0.0 0.11981962632454042 5.8428192136297525 0.0
0.1145131 0.02240225 1.156559 -3.056862 0.3835091 0.3134545 0.6012865 18.12477 1.065414 0 0.0 0.11668380725993004 3.2683381109556278 0.0
0.02420823 -0.02394405 -4.439161 -5.002504 2.086189 1.289012 0.5981008 19.94287 nan 0 0.0 0.03404931614783768 6.68813850439246 0.0
0.06139816 0.003392304 -2.573774 -7.084434 0.7827605 0.5659156 0.5033317 19.40696 1.431688 1 0.0 0.06149180252532866 7.537474225722566 0.0
0.1185103 -0.01469269 -0.8063346 -2.616889 0.9865202 0.7071643 0.4459518 19.83789 -0.6822243 0 0.0 0.11941761321315252 2.738299385654929 0.0
0.02264829 -0.005091602 -2.406218 -8.690646 1.459286 1.154892 0.5881898 18.42428 1.157942 0 0.0 0.02321356178725066 9.017605722188122 0.0
0.0468701 8.765041e-05 3.184683 0.02524147 2.192408 1.719981 0.6543632 20.31394 0.8460369 0 0.0 0.04687018195616882 3.1847830290769825 0.0
0.08376183 -0.06749807 -0.3432898 -10.62739 1.006139 0.7219291 0.4501761 19.90853 nan 0 0.0 0.10757338713024611 10.632933090116012 0.0
0.1057999 0.06646951 -5.165885 -4.817205 1.134132 0.8157439 0.3344439 19.8937 1.036587 0 0.0 0.12494724726719712 7.063415027113302 0.0
0.09475628 -0.01111686 -2.208117 0.3711049 0.2346332 0.1652094 0.3140278 17.68411 1.247896 1 0.0 0.09540616948446258 2.239084530001717 0.0
0.0403881 0.0005737699 -1.545879 -2.698035 0.7220222 0.5403323 0.9518237 16.92715 nan 0 0.0 0.04039217539955166 3.109523234173689 0.0
0.0992846 -0.03632123 1.547242 -0.8219359 0.5081018 0.41141 0.6338858 18.56506 1.423548 0 0.0 0.10571974056850925 1.7520092551903972 0.0
0.07405596 -0.03652016 -2.556732 -3.554719 1.142314 0.8857683 0.8886869 18.97576 1.012255 0 0.0 0.08257122560521432 4.37868766741646 0.0
0.05385882 -0.04519105 -2.283582 -3.367961 0.7327673 0.5199674 0.4983878 19.29222 1.007803 0 0.0 0.07030649679720147 4.069140947208022 0.0
0.1156555 0.04256597 -2.745444 -5.963447 0.4740675 0.3936428 0.5680568 18.35602 1.338369 1 0.0 0.12323983318022992 6.565071429843319 0.0
0.03323625 -0.02070117 -7.159608 -8.001289 1.250823 0.8609617 0.7257465 19.40165 1.100863 0 0.0 0.03915592871368779 10.736880942582207 0.0
0.1084025 -0.07488381 -8.093383 -9.062529 2.632052 1.964622 0.7182366 20.59088 1.075634 0 0.0 0.1317523700218182 12.150402473191164 0.0
0.108402 0.01543678 -0.7543318 -2.858746 2.279569 1.794319 0.6561826 20.45436 nan 0 0.0 0.10949560621672634 2.9565935055410035 0.0
0.08102194 0.01063397 -0.1784508 -0.7290421 0.8444999 0.6069808 0.4595049 19.37609 1.307461 0 0.0 0.08171680414287198 0.7505645019537296 0.0
0.0936144 -0.03553411 -8.970337 -9.412054 0.9735622 0.6634354 0.4138026 19.75498 0.8806038 0 0.0 0.10013155776703017 13.002065466397445 0.0
0.04513597 0.008257291 -2.146886 -2.198941 1.146575 0.801836 0.4497338 19.9602 nan 0 0.0 0.045885059033410655 3.0731841823224655 0.0
0.1087218 -0.07311781 -0.523369 -2.901175 0.2560968 0.1862816 0.4134307 17.76628 1.479467 0 0.0 0.13102153996361093 2.9480046626126626 0.0
0.07873506 0.009254116 -0.9716638 -6.578522 1.025885 0.7167611 0.5025296 19.78704 1.272467 1 0.0 0.07927703536425322 6.649893401003842 0.0
0.05094427 -0.02032977 -2.168397 -2.229046 0.9521124 0.6646129 0.6242438 19.56923 1.176386 0 0.0 0.054850872318367 3.1097574856771386 0.0
0.0456509 -0.01416373 -3.044916 -3.396815 0.4741238 0.3698109 0.4403346 17.97121 1.38398 0 0.0 0.047797655991930185 4.56178315916934 1.0
0.06377923 -0.05241377 -2.756015 -5.88895 0.6942017 0.5576556 0.6855171 18.88152 1.180307 0 0.0 0.08255297368966064 6.501949767779278 0.0
0.07635325 0.05455472 -2.494668 -3.770603 0.07684231 0.05597045 0.2841169 15.22517 nan 0 0.0 0.09384048305417496 4.521152000744169 0.0
0.1137877 0.01961037 0.01038532 -9.599374 3.788283 2.773977 0.7749964 20.72665 0.8997116 0 0.0 0.1154651777932503 9.599379617805907 0.0
0.07358987 0.02334599 -4.592988 -2.462407 0.7298323 0.5849638 0.6604627 18.94677 1.341961 0 0.0 0.07720430179528211 5.211428499153855 0.0
0.1202585 0.002378772 -1.648264 -6.982588 0.8387137 0.6479125 0.7749845 18.93596 1.050121 1 0.0 0.12028202433646511 7.174490183381673 0.0
0.1179926 -0.0520592 -1.845826 -5.354976 0.5899329 0.4651255 0.707175 18.68308 1.300505 1 0.0 0.1289667164790978 5.664171747294745 0.0
0.0306898 -0.02188515 -3.03612 -2.16879 1.917902 1.276028 0.7132665 20.19572 0.7992859 0 0.0 0.03769381400923101 3.7311760503224716 1.0
0.04614017 -0.02392376 -2.693962 -8.127653 0.6946509 0.5196798 0.4352916 19.16689 0.9860439 0 0.0 0.05197366237015148 8.562486469820142 0.0
0.1134802 -0.0512131 -2.84084 -3.053597 0.6559834 0.4608718 0.4589502 19.16088 1.305859 1 0.5291919 0.12450115422617575 4.170710556249259 0.0
0.05751811 -0.003415583 -3.114946 -3.880491 0.1674006 0.11949 0.3368404 16.75068 1.405427 1 0.0003395158 0.05761943409303834 4.976052550365299 0.0
0.08658045 0.01473968 -8.824105 -8.720421 1.821177 1.598427 0.6339068 20.17484 1.215244 0 0.0 0.08782614923076669 12.406069944517723 0.0
0.08613478 -0.06557664 -0.7556612 -1.937741 0.9813346 0.6991209 0.4179139 19.8449 1.0425 0 0.0 0.10825662122631576 2.079871157612038 0.0
0.0953791 -0.03580212 -1.133468 -4.967133 0.6296266 0.4507172 0.4700031 19.22166 1.366304 0 0.0 0.10187720310896055 5.0948169689119345 0.0
0.1181223 0.05196751 -1.245303 -6.022199 1.39911 0.9637202 0.380678 20.00038 1.130323 0 0.0 0.12904843994752552 6.1496065205352775 0.0
0.07439632 0.01431244 -4.183871 -2.958089 1.92648 1.563379 0.7564299 20.33581 1.535006 0 0.0 0.07576053305182058 5.123969855157425 0.0
0.0549385 -0.01641522 -3.595952 -4.868348 1.313917 1.0221 0.3732066 20.05183 1.083141 0 0.0 0.05733845332670214 6.052411340565676 0.0
0.03934609 -0.000469307 0.01400311 -1.88551 2.83758 2.00806 0.301934 20.09612 nan 0 0.0 0.03934888876891378 1.8855619977051066 0.0
0.0907496 0.01799336 -3.611132 -7.557746 3.110622 2.315282 0.6606553 20.62063 nan 0 0.0 0.0925162196820082 8.376144633537557 0.0
0.1150068 -0.01809301 -0.8433654 -2.311997 2.099314 1.730821 0.5671016 20.36142 0.9682846 0 0.0 0.11642130843234885 2.461015100710713 0.0
0.04561993 -0.02177023 -1.297249 -5.938719 1.522672 1.113277 0.4546346 20.0135 0.8193493 0 0.0 0.05054820399834004 6.0787530241787255 0.0
0.07308963 0.004064818 -4.255839 -3.789175 0.9851818 0.7197907 0.4848735 19.58309 1.130499 0 0.0 0.07320257344458611 5.698246464882508 0.0
0.05619311 0.0152311 5.215858 3.033265 2.062342 1.804443 0.5833413 20.32462 1.573233 0 0.0 0.058220718122349704 6.033727805957856 0.0
0.1117685 0.02983509 2.178308 -1.393263 2.481422 1.872808 0.7812161 20.39527 1.21368 0 0.0 0.11568202188567635 2.585770200546251 0.0
0.05818499 0.0004828124 -2.301451 -2.886957 0.8312581 0.6021242 0.5140196 19.45765 1.10236 0 0.0 0.05818699312658881 3.6920451548227304 1.0
0.02476093 -0.003554572 -4.898449 -4.517294 0.2540614 0.1828981 0.3950409 16.99325 nan 0 0.0 0.025014768369267065 6.663388604009 0.0
0.0941068 -0.08692978 -3.492509 -0.7030159 1.007162 0.6788519 0.3029102 19.69159 1.420717 0 0.0 0.12811274900293257 3.5625623462241065 0.0
0.02846132 -0.02510819 -0.9886596 -8.251509 1.725146 1.186528 0.7323857 19.0947 nan 0 0.0 0.03795349708812746 8.310526372123078 0.0
0.1114257 -0.0519766 -3.025401 -3.446134 1.03692 0.7370534 0.4567641 19.8869 0.901804 0 0.0 0.12295224100458682 4.5857268515205964 0.0
0.07662582 -0.04780517 2.848048 -2.504444 2.83833 2.263964 0.71642 20.38418 1.056616 0 0.0 0.0903152842513453 3.792573949106332 0.0
0.1156972 -0.02414359 -1.926228 -3.795509 0.6835612 0.5057717 0.4898042 19.25282 1.177387 1 0.4319914 0.11818948779789216 4.2563179952941725 0.0
0.1064382 -0.02437409 -4.332773 -9.096026 0.7662191 0.5433757 0.4601183 19.49241 1.380346 0 0.0 0.10919334541339092 10.075247434291875 0.0
0.08701278 0.01125282 -6.179774 -9.392073 1.348563 0.9642767 0.5905677 19.07367 1.516344 0 0.0 0.0877373913521527 11.242804006492554 0.0
0.1063052 -0.05216979 -3.371987 -7.169106 0.6775802 0.4862304 0.4228281 19.14644 1.069563 0 0.0 0.11841656360359433 7.922523409079016 0.0
0.04950009 -0.01152694 -7.611998 -11.21034 1.18284 0.839442 0.3755435 19.58105 1.337994 0 0.0 0.05082449464354465 13.550433073064639 0.0
0.04484563 0.00463722 -1.940612 -2.59954 1.051389 0.784066 0.4515299 19.32743 1.148106 0 0.0 0.04508474619453125 3.244007266660172 0.0
0.117303 0.03911636 -3.383933 -7.144787 0.6295725 0.4802251 0.6022316 18.35774 1.100756 1 0.0 0.12365307690732812 7.90562988153746 0.0
0.1000298 -0.04828455 0.2998948 -0.7190041 0.6676038 0.4648635 0.4212872 19.07015 1.206923 0 0.0 0.1110736632003397 0.7790402986263613 0.0
0.06399315 -0.02194587 1.517272 -0.6353933 2.377776 1.853384 0.3916548 20.32837 nan 0 0.0 0.06765164046037168 1.6449434542466468 0.0
0.1014979 -0.060584 -3.367859 -4.57148 0.8937056 0.6385066 0.4356994 19.7806 0.808403 0 0.0 0.1182042501791285 5.6781073989738 0.0
