jas1101finalproject/data/gcs/NGC_6235.ecsv
# %ECSV 0.9
# ---
# datatype:
# - {name: x, unit: deg, datatype: float64}
# - {name: y, unit: deg, datatype: float64}
# - {name: pmx, unit: mas / yr, datatype: float64}
# - {name: pmy, unit: mas / yr, datatype: float64}
# - {name: pmx_e, unit: mas / yr, datatype: float64}
# - {name: pmy_e, unit: mas / yr, datatype: float64}
# - {name: pm_corr, datatype: float64}
# - {name: g_mag, unit: mag, datatype: float64}
# - {name: bp_rp, unit: mag, datatype: float64}
# - {name: filter, datatype: int64}
# - {name: memberprob, datatype: float64}
# - {name: r, unit: deg, datatype: float64}
# - {name: pm, unit: mas / yr, datatype: float64}
# - {name: member_prob_GMM, datatype: float64}
# meta: !!omap
# - comments: [deg deg mas/yr mas/yr mas/yr mas/yr dimless mag   mag   zeroone float]
# - __serialized_columns__:
#     bp_rp:
#       __class__: astropy.units.quantity.Quantity
#       unit: &id001 !astropy.units.Unit {unit: mag}
#       value: !astropy.table.SerializedColumn {name: bp_rp}
#     g_mag:
#       __class__: astropy.units.quantity.Quantity
#       unit: *id001
#       value: !astropy.table.SerializedColumn {name: g_mag}
#     pm:
#       __class__: astropy.units.quantity.Quantity
#       unit: !astropy.units.Unit {unit: mas / yr}
#       value: !astropy.table.SerializedColumn {name: pm}
#     pmx:
#       __class__: astropy.units.quantity.Quantity
#       unit: !astropy.units.Unit {unit: mas / yr}
#       value: !astropy.table.SerializedColumn {name: pmx}
#     pmx_e:
#       __class__: astropy.units.quantity.Quantity
#       unit: !astropy.units.Unit {unit: mas / yr}
#       value: !astropy.table.SerializedColumn {name: pmx_e}
#     pmy:
#       __class__: astropy.units.quantity.Quantity
#       unit: !astropy.units.Unit {unit: mas / yr}
#       value: !astropy.table.SerializedColumn {name: pmy}
#     pmy_e:
#       __class__: astropy.units.quantity.Quantity
#       unit: !astropy.units.Unit {unit: mas / yr}
#       value: !astropy.table.SerializedColumn {name: pmy_e}
#     r:
#       __class__: astropy.units.quantity.Quantity
#       unit: &id002 !astropy.units.Unit {unit: deg}
#       value: !astropy.table.SerializedColumn {name: r}
#     x:
#       __class__: astropy.units.quantity.Quantity
#       unit: *id002
#       value: !astropy.table.SerializedColumn {name: x}
#     y:
#       __class__: astropy.units.quantity.Quantity
#       unit: *id002
#       value: !astropy.table.SerializedColumn {name: y}
# schema: astropy-2.0
x y pmx pmy pmx_e pmy_e pm_corr g_mag bp_rp filter memberprob r pm member_prob_GMM
[from data line 2196]
0.03718596 0.05279998 -4.286238 -5.443647 1.958787 0.9941696 0.2297268 20.32287 nan 0 0.0 0.06458044215644547 6.928573363489269 0.0
0.003218476 0.03486816 -7.878279 -8.723406 2.437017 1.249984 0.207528 20.51049 1.069069 0 0.0 0.03501638430146917 11.75436481664054 0.0
-0.01454303 -0.006481969 -2.075707 -10.24766 1.808057 1.079874 0.2081983 20.05336 1.057892 0 0.0 0.015922174590735434 10.455768504775198 0.0
0.004899645 0.01431643 -3.696375 -7.520972 0.2477467 0.1356548 0.3526375 17.32123 1.421322 1 0.9981683 0.015131645286317183 8.38022720249332 0.0
0.01398478 0.0005790925 -3.797499 -7.661305 2.355605 1.109903 0.2495754 20.44565 1.058863 0 0.0 0.013996764618009272 8.550824109875375 0.0
0.01761399 -0.01702614 -14.34562 -3.356029 0.7107525 0.4036787 0.3061003 18.62815 1.299545 0 0.0 0.02449779759528803 14.732947560934337 0.0
-0.01465749 0.007140303 -8.39504 -4.831051 3.936858 2.164545 0.3209363 20.58245 1.076042 0 0.0 0.016304169406379125 9.685853104719326 0.0
-0.008158638 0.02905627 -2.096556 -8.420503 2.60103 1.46966 0.3845733 20.35448 nan 0 0.0 0.030179963557432337 8.677581335495795 0.0
-0.001798723 0.02027315 -3.858958 -9.876656 1.376866 0.7419355 0.3684586 20.01903 1.109257 0 0.0 0.020352788883915368 10.603767754345624 0.0
0.006947605 -0.007835606 -19.33256 -9.29345 2.001432 0.9459161 0.07537357 20.00603 0.9511776 0 0.0 0.010472150525238883 21.450316758875612 0.0
-0.03285106 -0.02177055 -7.674382 -11.76522 3.077232 1.587121 0.2476002 20.6088 1.246778 0 0.0 0.03941001129695473 14.0469406181675 0.0
0.005971729 -0.0304529 -4.196472 -9.104113 1.328909 0.7655224 0.3701551 20.05302 1.00396 0 0.0 0.03103289650772936 10.02473195469849 0.0
0.005817151 -0.01070611 -5.896455 -6.178694 0.7568595 0.4139612 0.396432 19.16873 1.086332 0 0.0 0.01218441779852041 8.540751788493855 0.0
-0.02545436 0.01280168 2.120372 -3.165901 0.6645472 0.3892755 0.3746657 19.0886 1.525915 0 0.0 0.02849223497432239 3.8103682971840134 0.0
0.04011661 0.01950259 -5.533738 -5.260766 2.852672 1.342477 0.2238689 20.59278 2.053988 0 0.0 0.04460597958346168 7.635307142440309 0.0
0.02659099 0.01232082 -4.947905 -7.655669 0.7595356 0.4302249 0.4321327 19.24232 1.123482 0 0.0 0.029306711767997786 9.115428225080048 0.0
0.04036049 0.03218639 -14.04836 -0.8122197 3.977961 3.139119 -0.1739754 20.7766 0.82061 0 0.0 0.051622987653488245 14.071820050393912 0.0
-0.02477416 0.002025283 -1.731007 -6.767233 1.400416 0.7988917 0.2526673 20.00807 0.8835812 0 0.0 0.024856805404872305 6.985114724207327 0.0
0.02737728 -0.01364788 -0.5245669 -4.872796 1.465941 0.882515 0.427565 19.9923 1.188307 0 0.0 0.030590522857460282 4.9009500395527 0.0
0.0182799 -0.002553267 -2.171618 -6.98272 1.974038 1.157366 0.2529577 20.35909 0.7807388 0 0.0 0.018457353991926606 7.3126126204198725 0.0
0.04396388 -0.01484609 -6.331706 -3.359403 0.6958846 0.3808586 0.355851 18.70385 1.280678 0 0.0 0.04640290004883854 7.167711586472003 0.0
0.02527159 -0.01660388 -5.409234 -4.5522 1.338879 0.7940215 0.4671339 19.96578 nan 0 0.0 0.03023809008820663 7.0698187605309935 0.0
-0.006177796 -0.02184123 -4.230127 -9.451425 2.51546 1.387369 0.2775643 20.61387 0.9469719 0 0.0 0.02269811647098754 10.354873681834754 0.0
-0.006531278 -0.01566525 -4.53438 -7.819367 1.600316 0.8838988 0.4506328 20.06384 nan 0 0.0 0.016972261189240046 9.03897683729132 0.0
0.01730241 -0.02314488 -2.148829 -7.658948 1.48852 0.8163867 0.3678684 20.12726 1.033422 0 0.0 0.028897385037793648 7.9546810456450725 0.0
0.03351448 0.008941424 -4.46594 -7.117501 2.30573 1.287358 0.3041617 20.46547 1.147476 0 0.0 0.03468673280691302 8.402585350271723 0.0
-0.008002442 0.01614162 -7.014092 -7.624549 1.026297 0.561706 0.4357648 19.65201 0.9764671 0 0.0 0.01801640847082914 10.360078862531163 0.0
-0.01606807 -0.01463796 1.215747 -3.748536 1.596336 0.8061346 0.2097787 19.97411 1.184513 0 0.0 0.021735978158033284 3.940756641979431 0.0
0.04836347 0.001507976 -6.144756 -8.041904 2.401683 1.317964 0.1255249 20.31838 nan 0 0.0 0.04838697368153412 10.120782886948618 0.0
0.04217736 0.01113445 -3.284715 -8.29524 1.443306 0.7437184 0.3213809 20.07248 1.370043 0 0.0 0.04362230706154937 8.921903344512593 0.0
0.04710555 0.0004994158 -2.683079 -2.889884 1.484191 0.7667693 0.5491165 19.81336 1.117531 0 0.0 0.04710819734339014 3.943392252071432 0.0
-0.008073719 0.0269353 -0.1889346 -7.161612 2.895967 1.40209 0.5147444 20.58149 0.8704319 0 0.0 0.028119305193780322 7.16410376262245 0.0
-0.007959991 0.0151498 -3.565837 -7.382689 0.1538619 0.08334285 0.3386728 16.5937 1.534306 1 0.9741891 0.01711367572323611 8.198737121123594 0.0
0.01032579 0.009934954 -2.792494 0.3421445 1.023596 0.5222987 0.4854608 18.81325 1.502073 0 0.0 0.014329174788040517 2.8133761922139473 0.0
0.05513552 0.01100217 3.404773 -3.999025 2.438396 1.359577 -0.02743435 20.52466 1.336737 0 0.0 0.0562225338310121 5.2521119687373385 0.0
0.01217069 -0.0621477 -5.952761 -4.297287 1.112332 0.6715439 0.4194482 19.83399 1.46961 0 0.0 0.06332821101504527 7.341800806579404 0.0
0.03968948 0.008247449 -3.795131 -6.19712 0.6507175 0.3594316 0.403632 19.05515 1.390278 0 0.0 0.04053733140795039 7.2668642206636145 0.0
0.01069323 0.01037362 -1.123323 -3.999552 1.314212 0.7203558 0.4109616 19.78832 nan 0 0.0 0.014898226731302621 4.154307495002386 0.0
0.03668008 0.01003927 -3.315658 -6.847489 0.9407511 0.5388268 0.4152385 19.52911 1.278069 0 0.0 0.03802913634227446 7.608001943880207 0.0
0.02358112 0.01278866 5.025602 -5.604975 3.423668 2.222976 -0.159523 20.6174 1.222895 0 0.0 0.02682571611439292 7.528108674363635 0.0
0.01135783 0.01586291 -3.778986 -7.521458 1.108131 0.6270323 0.414826 19.69585 0.7914028 0 0.0 0.019509797948133654 8.41742630701095 0.0
-0.02635649 0.0006879434 -2.548169 -8.387953 0.7170596 0.3979923 0.4260655 19.01983 1.090939 0 0.0 0.0263654666418348 8.766465695066056 0.0
0.03482876 0.009395054 -3.865126 -7.677182 0.1816315 0.1008415 0.3555637 16.91071 0.7993031 1 0.9976561 0.036073668552013334 8.59524999386289 0.0
-0.01982914 0.005821691 -3.777214 -6.947936 1.35579 0.7581941 0.4049039 20.00636 0.8923893 0 0.0 0.02066608040338276 7.908296925501217 0.0
-0.006403268 -0.03438778 -4.20653 -10.00515 1.670494 0.9218169 0.3972784 20.22791 1.154919 0 0.0 0.03497886868393865 10.853475073145928 0.0
0.01821787 0.06408186 5.303178 -7.45675 0.8984359 0.5005254 0.4508568 19.41525 2.234579 0 0.0 0.06662113454750301 9.150235923853767 0.0
0.04443409 -0.002311146 -5.466417 -5.847169 2.088126 1.251065 0.1626418 20.49397 1.181917 0 0.0 0.044494154109966134 8.004442524776476 0.0
0.03941688 -0.00640282 -2.07425 -7.654349 1.307695 0.7291193 0.3275188 19.90443 1.188936 0 0.0 0.03993352642688597 7.930420649391872 0.0
0.02887634 -0.00668064 -1.422681 -5.336381 0.4737701 0.2696466 0.3181391 18.35624 nan 0 0.0 0.029639061432596005 5.522769541174247 0.0
0.008402753 -0.01048881 -3.819164 -8.702505 1.787238 1.019589 0.3586639 20.25305 nan 0 0.0 0.01343954587012184 9.503662816720771 0.0
-0.01607069 0.008282651 -2.828024 -7.822453 0.4279086 0.2385412 0.3150293 18.39015 1.359262 1 0.8448758 0.01807952943701525 8.317961930772766 0.0
0.01099149 0.02974081 -2.353994 -7.691262 0.6337566 0.3810722 0.3966182 18.93298 1.456251 0 0.0 0.031706917729041405 8.043432035187468 0.0
0.009393076 0.008941291 -4.178491 -8.449899 0.5717565 0.3119412 0.4069234 18.74689 1.281254 0 0.0 0.012968290615515101 9.426588998533987 0.0
0.007087705 -0.03143905 0.5749792 -3.175867 0.5507031 0.3186371 0.3371739 18.82894 1.350105 0 0.0 0.03222808444617094 3.227496286926081 0.0
0.0009711631 0.02187342 0.08948455 -7.970907 1.799243 1.064291 -0.2920192 19.8505 1.023861 0 0.0 0.02189496883448802 7.971409278624308 0.0
-0.008891418 -0.004646628 -3.441403 -7.302928 0.5248025 0.3045801 0.2545033 18.51166 1.34166 0 0.0 0.01003237089730578 8.073166168337735 0.0
-0.006009053 -0.003353293 -4.978577 -6.239248 1.965778 1.227347 0.1703808 20.05174 nan 0 0.0 0.006881372820931736 7.982132832171675 0.0
0.005112627 0.04216943 -2.451623 -1.616731 2.545925 1.169509 0.4400613 20.4791 1.052996 0 0.0 0.04247822714480948 2.9367115044706043 0.0
0.01124178 -0.02156116 -4.426242 -7.708459 1.379419 0.7469017 0.4262053 19.84325 nan 0 0.0 0.024315863918725977 8.888867104262781 0.0
-0.03500222 -0.006790751 -1.59165 -8.041099 1.162482 0.6686475 0.372138 19.71292 1.314598 0 0.0 0.03565486928979548 8.197110640359872 0.0
-0.04099172 -0.01131469 -5.59766 -6.965946 1.71703 0.8350625 0.4569274 20.32884 1.150297 0 0.0 0.04252462014356507 8.93634159768504 0.0
0.009661945 0.01451264 -6.731634 -11.31777 3.623121 1.71293 -0.1651211 20.33292 nan 0 0.0 0.017434732603416235 13.168402108185184 0.0
0.01080321 -0.0294175 1.718179 -1.008602 1.240511 0.727696 0.3644381 19.98894 1.30398 0 0.0 0.03133845325720623 1.9923395971683642 0.0
0.005351529 0.005884023 -3.580143 -7.191001 1.226955 0.681974 0.4261934 19.77286 0.6545467 0 0.0 0.007953652576167128 8.032927192652128 0.0
-0.03675231 0.03986255 -6.889619 -7.236559 1.923071 0.9693476 0.2620207 20.30696 0.7817631 0 0.0 0.05421950924564515 9.991728385301613 0.0
0.03755576 0.008379642 -7.760596 -3.246901 1.692286 0.8471402 0.2042738 20.23112 1.498013 0 0.0 0.038479260767662414 8.412444138240502 0.0
0.03940509 0.0524179 -5.015537 -7.568579 1.158285 0.6475498 0.4378416 19.79079 0.9634132 0 0.0 0.06557741500179845 9.079592473101973 0.0
0.01190516 -0.02900369 -3.495081 -7.615497 1.192559 0.6907897 0.391625 19.85521 1.105103 0 0.0 0.031351983481778305 8.379223457670168 0.0
0.001918029 0.02264971 1.77945 0.3015074 1.393785 0.7780021 0.3620339 19.97338 1.955219 0 0.0 0.022730776456798413 1.8048127367554674 0.0
-0.01687316 -0.01653396 3.81192 -7.337794 2.259088 1.201277 0.1202037 20.22294 1.083479 0 0.0 0.02362361872506412 8.268854507901079 0.0
-0.0096425 0.02770958 0.3683482 -7.543273 2.403118 1.114848 0.3480398 20.32384 1.142187 0 0.0 0.029339369966418845 7.552261114988824 0.0
-0.03755011 0.01050824 1.724779 1.425171 0.836957 0.4493706 0.3460015 19.26493 1.405094 1 0.0 0.038992741233589874 2.237403624311447 0.0
0.06142772 0.01986111 -2.440184 -10.50822 2.267047 1.008967 0.3290156 20.36032 1.147451 0 0.0 0.06455872113688824 10.78782580144192 0.0
0.0008155617 -0.003547717 -4.195406 -6.658781 0.8521149 0.4898331 0.4271202 18.78691 nan 0 0.0 0.0036402522987556635 7.8702475126769045 0.0
-0.006489451 -0.003561215 -4.148479 -7.218206 1.134354 0.6585262 0.3722237 19.75998 1.147722 0 0.0 0.007402379790150328 8.325405447897237 0.0
0.03071372 -0.004073683 -3.923669 -7.707016 0.2042633 0.1036486 0.3685519 16.89431 0.7664108 1 0.9980799 0.030982696613156335 8.648310473486541 0.0
0.01856499 0.01635234 -5.238301 -7.893253 1.004402 0.6108767 0.3859108 19.57626 1.140558 0 0.0 0.02473980349913273 9.473290890108357 0.0
0.0002220934 -0.01889806 -4.408331 -7.278845 0.9397218 0.553249 0.3553402 19.45522 1.206791 0 0.0 0.018899364995732623 8.509698392985852 0.0
-0.02635607 -0.001547469 -3.771554 -8.749688 1.924694 0.9863533 0.3214555 20.20107 1.290369 0 0.0 0.026401459924611383 9.527940998571518 0.0
-0.00309882 0.01807586 -4.178657 -7.829953 1.075757 0.5913887 0.4101278 19.68943 nan 0 0.0 0.018339558340701664 8.875209197864464 0.0
0.01352193 0.03638388 1.089954 -10.51153 2.221917 1.218847 0.3193501 20.47408 1.381115 0 0.0 0.038815323195605364 10.567888278318238 0.0
0.01113125 0.009919634 -6.848299 -7.599174 1.256945 0.711558 0.4156021 19.94415 1.688494 0 0.0 0.014909857989144498 10.22969426110463 0.0
0.02664551 0.001731209 -3.815884 -7.398944 0.1440018 0.08667747 0.3163699 16.41432 1.550267 1 0.9933311 0.026701690728524685 8.324983064042353 0.0
-0.01187404 0.01067488 -5.955432 -8.216116 0.8887967 0.5212562 0.3122385 19.45098 1.219223 0 0.0 0.015967025049645284 10.147498826414319 0.0
0.05851542 0.01716917 -1.404661 -8.97357 1.816143 0.8082848 0.275048 20.12544 0.9721527 0 0.0 0.060982249681897596 9.08284267560663 0.0
-0.01454166 -0.01974949 -1.32145 -3.453727 0.8968327 0.4909255 0.354472 19.39888 1.089165 0 0.0 0.024525542416340154 3.6978994433365817 0.0
-0.003493683 -0.01517686 -12.52355 -11.9013 2.398814 1.358989 0.2264759 20.06031 0.9533081 0 0.0 0.015573788889158894 17.27658086232632 0.0
-0.0028719 -0.02159698 -5.867151 -8.55218 1.214194 0.6963425 0.3099374 19.88888 1.158733 0 0.0 0.02178709147018941 10.371270105883898 0.0
0.006679818 0.00621203 -17.03965 -17.9883 2.321845 1.38752 0.5430554 19.87548 1.134199 0 0.0 0.009121912367153283 24.77758279196137 0.0
-0.01814759 0.005745624 -0.008528567 -0.7472984 0.8357659 0.4773799 0.3731395 19.38499 1.160559 0 0.0 0.019035420088810127 0.7473470646879089 0.0
0.01639073 0.03355117 -2.21947 -4.909081 0.840189 0.4783335 0.4519936 19.30704 1.359211 0 0.0 0.03734082267842796 5.387496946213612 0.0
0.01006976 -0.0133137 -10.82384 -7.284153 3.698158 1.715789 0.1318588 20.72822 nan 0 0.0 0.016692952828891598 13.046623979904112 0.0
-0.01435847 -0.01505357 2.380535 -10.06179 0.5816965 0.3109619 0.2827788 18.78931 1.049183 0 0.0 0.020803260092730657 10.339563089914632 0.0
0.005945015 0.005941219 -1.026932 -9.487452 1.586222 0.8832153 0.2981039 19.7999 nan 0 0.0 0.008404837092780918 9.542868268237175 0.0
-0.002844457 0.01854126 -3.99244 -7.594668 0.7874316 0.432508 0.396156 19.16772 1.012264 0 0.0 0.018758178430019506 8.580125825640554 0.0
-0.001049277 -0.03984265 -2.404577 -7.54781 1.029323 0.6080153 0.4287669 19.66513 1.335644 0 0.0 0.03985646423411426 7.9215797884657455 0.0
0.03604286 0.004847628 -4.015043 -8.064903 1.21793 0.6672792 0.4809152 19.7235 1.314518 0 0.0 0.03636739273313368 9.009063807702663 0.0
-0.01489788 0.008729099 0.8846136 -2.518519 1.532971 0.8252882 0.5337338 19.91943 0.9764023 0 0.0 0.01726684678353871 2.6693593191374516 0.0
0.01466429 0.0127708 -7.958712 -9.016505 1.048134 0.6204087 0.4353677 19.46477 1.15913 0 0.0 0.01944568676709825 12.026573041143891 0.0
-0.002674632 0.005758214 -1.193855 -6.281802 1.866472 0.8972998 0.622549 19.54959 1.152931 0 0.0 0.0063490696015416305 6.394241638242098 0.0
0.01343478 0.01180961 -3.79345 -7.371519 0.5204503 0.2882599 0.4012195 18.7283 1.311901 0 0.0 0.01788743139750646 8.290329020603526 0.0
-0.02365771 0.001018395 -4.302816 0.2592854 0.9759952 0.544215 0.3599483 19.5168 1.220726 0 0.0 0.0236796193132433 4.310621120964955 0.0
-0.002208326 0.00591844 0.08556921 -7.549247 1.022396 0.5695116 0.3969723 19.54221 1.185093 0 0.0 0.006317011615936446 7.549731939394208 0.0
0.03107203 -0.0449902 0.003022835 -7.157838 0.9975855 0.5673552 0.4796546 19.58064 1.334923 1 0.007829626 0.05467713548057269 7.157838638288477 0.0
-0.01058619 -0.01489684 -1.011436 -6.409598 2.096895 1.142394 0.009743171 20.33121 0.9162121 0 0.0 0.01827520890993315 6.488909716100233 0.0
0.01295234 -0.009691881 -3.991899 -7.64 0.206082 0.115173 0.3754133 17.02066 1.478764 0 0.0 0.016177010502369124 8.620026544402343 0.0
0.002708799 -0.0103646 -4.376171 -7.100512 0.5295484 0.3081563 0.3338099 18.71909 1.122141 0 0.0 0.01071272725231073 8.340751961507129 0.0
0.03253879 0.006086352 -4.132095 -5.529977 1.350271 0.7699884 0.3638312 19.86333 1.016525 0 0.0 0.03310311972204438 6.903249576073141 0.0
-0.006151151 0.01495915 -2.541084 -5.78928 1.625309 0.854961 0.307888 20.22551 1.013643 0 0.0 0.01617444983136369 6.322410206041364 0.0
-0.0201935 -0.01526982 0.9747423 -1.48561 1.146815 0.658909 0.3736311 19.86548 1.419851 0 0.0 0.02531688853477852 1.776839785548852 0.0
-0.0056837 -0.01254861 0.5801479 -6.081046 3.270012 1.869478 -0.01350098 20.48314 nan 0 0.0 0.013775777967944314 6.1086571388473265 0.0
-0.01246886 0.02552735 3.139642 -2.861544 2.111358 1.076684 0.3615987 20.48804 0.8938389 0 0.0 0.028409823437010307 4.248033186322818 0.0
-0.03121596 -0.005002673 -3.621817 0.04771184 0.3515525 0.2021408 0.3220479 18.0619 1.305397 0 0.0 0.031614283099044474 3.62213125123389 0.0
0.05469079 -0.006146627 -4.79761 -3.486595 2.120976 1.041631 0.3757765 20.30194 1.213264 0 0.0 0.05503511183145928 5.930717191548169 0.0
-0.01828964 0.0115058 0.1560934 -8.235969 2.489424 1.187401 0.4401356 20.38655 0.7566986 0 0.0 0.021607738543623668 8.237448058621347 0.0
