jas1101finalproject/data/gcs/NGC_6388.ecsv
# %ECSV 0.9
# ---
# datatype:
# - {name: x, unit: deg, datatype: float64}
# - {name: y, unit: deg, datatype: float64}
# - {name: pmx, unit: mas / yr, datatype: float64}
# - {name: pmy, unit: mas / yr, datatype: float64}
# - {name: pmx_e, unit: mas / yr, datatype: float64}
# - {name: pmy_e, unit: mas / yr, datatype: float64}
# - {name: pm_corr, datatype: float64}
# - {name: g_mag, unit: mag, datatype: float64}
# - {name: bp_rp, unit: mag, datatype: float64}
# - {name: filter, datatype: int64}
# - {name: memberprob, datatype: float64}
# - {name: r, unit: deg, datatype: float64}
# - {name: pm, unit: mas / yr, datatype: float64}
# - {name: member_prob_GMM, datatype: float64}
# meta: !!omap
# - comments: [deg deg mas/yr mas/yr mas/yr mas/yr dimless mag   mag   zeroone float]
# - __serialized_columns__:
#     bp_rp:
#       __class__: astropy.units.quantity.Quantity
#       unit: &id001 !astropy.units.Unit {unit: mag}
#       value: !astropy.table.SerializedColumn {name: bp_rp}
#     g_mag:
#       __class__: astropy.units.quantity.Quantity
#       unit: *id001
#       value: !astropy.table.SerializedColumn {name: g_mag}
#     pm:
#       __class__: astropy.units.quantity.Quantity
#       unit: !astropy.units.Unit {unit: mas / yr}
#       value: !astropy.table.SerializedColumn {name: pm}
#     pmx:
#       __class__: astropy.units.quantity.Quantity
#       unit: !astropy.units.Unit {unit: mas / yr}
#       value: !astropy.table.SerializedColumn {name: pmx}
#     pmx_e:
#       __class__: astropy.units.quantity.Quantity
#       unit: !astropy.units.Unit {unit: mas / yr}
#       value: !astropy.table.SerializedColumn {name: pmx_e}
#     pmy:
#       __class__: astropy.units.quantity.Quantity
#       unit: !astropy.units.Unit {unit: mas / yr}
#       value: !astropy.table.SerializedColumn {name: pmy}
#     pmy_e:
#       __class__: astropy.units.quantity.Quantity
#       unit: !astropy.units.Unit {unit: mas / yr}
#       value: !astropy.table.SerializedColumn {name: pmy_e}
#     r:
#       __class__: astropy.units.quantity.Quantity
#       unit: &id002 !astropy.units.Unit {unit: deg}
#       value: !astropy.table.SerializedColumn {name: r}
#     x:
#       __class__: astropy.units.quantity.Quantity
#       unit: *id002
#       value: !astropy.table.SerializedColumn {name: x}
#     y:
#       __class__: astropy.units.quantity.Quantity
#       unit: *id002
#       value: !astropy.table.SerializedColumn {name: y}
# schema: astropy-2.0
x y pmx pmy pmx_e pmy_e pm_corr g_mag bp_rp filter memberprob r pm member_prob_GMM
[from data line 1731]
0.03882341 0.01220865 0.1000329 -3.006873 0.4968983 0.4183046 0.05287657 18.50599 1.400091 0 0.0 0.04069776773793128 3.0085364912547448 1.0
0.02730775 -0.08324755 -1.621343 -2.650259 0.1697723 0.1293588 0.1157459 16.79301 1.436033 1 0.9259716 0.08761202994489399 3.106867536720869 1.0
0.04913732 0.08024738 -0.2281738 -5.842593 1.443901 1.227956 0.2792806 19.83186 nan 0 0.0 0.09409632412398902 5.847046797029714 0.0
-0.009667687 0.05505991 -0.5348385 -5.516115 1.097048 1.160607 -0.3068728 19.61818 0.881031 0 0.0 0.055902216960851105 5.541983121077441 0.0
0.09714339 -0.07000569 -4.461815 -5.050778 0.925045 0.8096474 -0.1246413 19.8358 0.8660984 1 0.0001006159 0.1197398632580988 6.739299036213558 0.0
-0.009108522 -0.05074824 2.775704 -3.578448 0.6323563 0.5099303 0.2574613 19.27065 1.171745 0 0.0 0.051559179940356734 4.528777184220924 0.0
0.045991 -0.08146268 -0.7703794 -4.267239 0.684267 0.5435683 0.1810035 19.30608 1.282738 1 0.04274137 0.09354859867353653 4.336221062522685 0.0
0.01276022 0.1116045 -0.6782863 -1.935713 0.7324781 0.6380584 -0.03198912 19.33628 1.303329 0 0.0 0.11233159677801433 2.05111119228985 0.0
0.02358959 0.08901051 -0.554145 -1.89162 0.9593203 0.8347174 0.312606 19.677 1.334805 0 0.0 0.0920833299073627 1.971117171916728 0.0
-0.00578231 0.04318528 -0.6123605 -1.257972 1.399816 1.10226 0.3174769 19.74769 0.7243748 0 0.0 0.04357067267801244 1.3990993298348229 0.0
0.06838057 -0.05871111 1.384859 -3.58348 0.5104137 0.4052284 0.06196435 18.7602 nan 0 0.0 0.09012711462682582 3.8417656566064777 0.0
0.016664 -0.05961146 1.255471 -5.824308 1.717137 1.2483 0.108445 20.02224 1.102745 0 0.0 0.06189680976699526 5.958084516915231 0.0
0.09009669 -0.117697 -0.2215904 -6.416708 0.650613 0.5184985 0.1979763 19.00302 1.666035 1 0.0 0.14822279635048077 6.4205329889843386 0.0
-0.01282784 -0.07845126 -11.37422 -6.005803 0.7825932 0.6269354 0.1510021 18.59858 1.479717 0 0.0 0.07949310457299551 12.862447289812659 0.0
0.01295904 -0.06723227 -1.997923 -4.831318 1.356156 1.227364 0.360734 20.05865 0.7147846 0 0.0 0.06846980974907481 5.228128721737156 0.0
0.1446433 -0.07231764 -5.314959 0.1068514 0.4927381 0.4295585 0.05524963 18.86137 0.9682789 0 0.0 0.1617143323582038 5.316032956384202 0.0
-0.01270928 0.07182491 -4.20765 -4.013942 0.5227573 0.4451022 0.1016448 18.91183 1.317608 1 5.515936e-06 0.072940684769383 5.815156825216668 0.0
-0.0001849287 0.01633774 5.16846 -1.397079 0.7070898 0.5939828 0.07581237 18.22583 nan 0 0.0 0.016338786580761856 5.3539526056775095 0.0
0.04973653 -0.05589207 7.339278 -8.63109 1.222472 1.007768 0.1349207 18.86773 1.080145 0 0.0 0.07481741712546484 11.329638835787486 0.0
0.04238314 0.0765105 -4.383722 -5.961836 0.4822315 0.4585471 0.05139912 19.00505 nan 0 0.0 0.08746534837585453 7.40003426101393 0.0
0.003147954 -0.1043936 0.3719626 -3.63179 0.5236832 0.4236661 0.08660959 19.10931 1.325924 0 0.0 0.10444105196399601 3.650788240900691 0.0
0.01358612 0.1138283 -0.1132894 -2.55705 1.399402 1.196833 0.1991085 19.90844 -0.0926075 0 0.0 0.1146362269858198 2.5595583975858727 0.0
0.09790101 0.01938676 -1.939755 -3.948444 0.4763909 0.4238984 0.2948815 18.7057 1.331942 1 0.09656532 0.09980207524053646 4.399188502571923 0.0
0.01221778 0.01138879 -0.1759667 -2.492344 0.7145795 0.7254259 -0.9294298 16.79516 nan 0 0.0 0.016702655052191553 2.4985481571994748 0.0
0.114364 -0.01187825 -1.395433 -5.028362 1.312569 1.168989 0.3306295 20.25335 1.006702 0 0.0 0.114979203854708 5.218396081223904 0.0
0.1197141 -0.1074741 -5.410788 -0.3396021 0.8980042 0.6832357 0.2801342 19.39579 nan 0 0.0 0.16087929608753265 5.4214348992926595 0.0
0.1460027 -0.03991893 -0.3284258 -5.672548 0.4783397 0.4351362 -0.09751355 18.96356 1.852291 0 0.0 0.15136151882045484 5.682047546299629 0.0
-0.01452731 0.05088944 -2.987263 -3.776818 1.155267 1.122842 -0.1349252 19.77482 0.9139805 0 0.0 0.05292237560191058 4.815401793858224 0.0
0.01258693 0.1137904 -0.863486 -8.366018 0.7919283 0.729959 -0.1078325 19.49477 1.16036 0 0.0 0.11448443535688552 8.410461654898619 0.0
0.06857624 -0.05807429 -5.680754 -8.046537 0.4622138 0.3614735 0.1030034 18.57405 1.135817 0 0.0 0.08986280571817075 9.849757545284302 0.0
0.03535531 0.08532716 -5.786286 -4.538137 0.978274 0.9782539 0.222142 19.9658 1.814564 1 0.0004235628 0.09236190870083673 7.353624487595555 0.0
0.01695967 -0.0114243 -1.384678 -3.300226 0.1638273 0.1228127 0.2258152 15.25495 1.633958 0 0.0 0.020448594988382453 3.5789418568565763 1.0
0.05038622 -0.05594222 -5.167518 -3.116896 0.3559631 0.3154984 0.04144885 18.28042 1.231178 0 0.0 0.07528813415417333 6.034756246538877 0.0
0.07266958 -0.006271861 -1.088524 -3.81641 1.002323 0.8464044 0.2383721 19.66452 0.8605289 0 0.0 0.07293972921378115 3.968610561226183 0.0
0.09267144 -0.0906473 -1.561042 -2.305761 0.3198859 0.2788115 -0.1164946 18.2108 1.39818 1 0.7027797 0.12963382579004448 2.7844902432734435 0.0
-0.01384172 0.087545 1.740459 -0.1725674 2.186029 1.538945 0.3594688 20.17297 0.1360741 0 0.0 0.0886325010228099 1.748993149850439 0.0
0.04084948 -0.005012293 -1.767458 -2.729828 0.5954645 0.5170655 0.01903457 19.00042 1.22905 0 0.0 0.041155839165156735 3.252056071372079 1.0
0.02451699 0.07430067 -1.018348 -6.326054 0.8226744 0.7178516 0.2610399 19.67017 1.280003 0 0.0 0.07824111681915717 6.407494975419021 0.0
0.0439841 -0.04467982 -0.05008777 -6.641114 0.4813146 0.3930507 0.4194747 17.62889 1.33926 0 0.0 0.06269678913662485 6.641302880135762 0.0
0.08169998 0.002932402 3.925521 -1.036392 0.4980242 0.4263558 0.2038712 18.48205 1.384985 0 0.0 0.08175258842073445 4.06002752442702 0.0
-0.002607894 -0.1106268 -2.625492 -2.251204 0.3102634 0.2465732 0.1849644 18.1541 1.213488 1 0.001765905 0.11065753471569496 3.4584863295493884 0.0
-0.0273521 -0.03790991 -1.286874 -2.394249 0.1644906 0.1239885 0.2950505 16.82323 1.410872 1 0.9630865 0.046747177996303686 2.718174565011784 1.0
0.02589246 0.0921185 -3.341902 -3.421823 1.827432 1.652327 0.6260208 20.13868 nan 0 0.0 0.09568823087037194 4.783009682295552 0.0
-0.004676 0.04482189 -1.576352 -2.393841 0.1450973 0.1208813 -0.05217755 16.25336 nan 0 0.0 0.045065139511290764 2.866244993224585 1.0
0.1089604 0.03065469 -1.600529 -3.0194 0.5906099 0.5338994 0.2146408 19.24572 1.08914 0 0.0 0.11319045360433935 3.41737756764467 0.0
0.1009945 -0.02222934 -5.884849 -5.169608 1.062682 0.9678048 0.05617444 19.87359 0.9703655 0 0.0 0.10341195572604553 7.833025892109958 0.0
0.1414245 -0.02510266 0.4178934 -1.250586 0.8549698 0.7890702 -0.02969545 19.8833 1.404638 1 0.04595572 0.14363506793024328 1.3185599103414147 0.0
0.05829361 0.03230721 -2.089787 -4.392099 0.5182428 0.4827874 0.03182339 18.58165 1.418489 0 0.0 0.066647586489056 4.863922627999957 0.0
0.007886272 -0.1098911 -1.207999 -0.3895532 0.4300165 0.3450778 0.1243194 18.54929 1.197849 1 0.0 0.11017371349495299 1.269256979351006 0.0
-0.014376 0.0532317 -3.615104 -2.173488 0.9528207 0.7938531 0.7730161 18.56699 1.105305 0 0.0 0.05513876368662975 4.2181781632548425 0.0
0.1060771 -0.08654287 -6.239521 -5.001958 0.4186151 0.3660872 -0.0712538 18.76286 1.549833 1 0.0 0.13690149558075287 7.996949802468751 0.0
0.009502409 0.1132683 0.6084839 -3.568417 1.890723 1.54482 0.6634366 20.03209 1.273266 0 0.0 0.11366619357440136 3.6199243835262926 0.0
0.1289577 -0.03790999 -2.780449 -4.48205 1.373618 1.162908 0.1023718 20.03651 1.972002 0 0.0 0.13441449226586433 5.2744354052449065 0.0
0.008856004 0.005465173 2.307943 -8.899897 0.2852046 0.2797848 -0.2978339 16.20853 1.141087 0 0.0 0.01040658074335394 9.194279063736209 0.0
0.08267863 -0.1008021 -2.394729 -6.113889 0.6279753 0.5429533 -0.1319296 19.31555 1.087934 0 0.0 0.13037184981078892 6.566153035664186 0.0
0.05770014 -0.04068646 -0.4506409 1.812141 0.543698 0.460057 0.1982031 15.80958 1.087769 0 0.0 0.07060236669794576 1.867332917461107 0.0
-0.01407696 -0.0164513 -1.957284 -1.177604 0.1971571 0.1976799 -0.2006978 16.4864 1.490515 0 0.0 0.021651930041721452 2.284231126106113 0.0
0.0429112 -0.0309461 5.000636 -8.051891 0.7138456 0.5175266 0.4609268 18.6886 1.423714 0 0.0 0.05290588049215323 9.478360041714863 0.0
-0.0142684 -0.1185745 -4.629711 -2.73051 0.8495581 0.6971087 0.2816678 19.64481 0.8980427 1 0.002778615 0.11942989277735286 5.374933376668125 0.0
0.05622316 -0.06688434 -3.621806 -2.989475 0.3390923 0.2517476 0.1788779 17.81181 1.393984 1 0.0 0.08737596155477317 4.696215441955469 0.0
0.02570911 0.02148187 -0.7906688 -3.238862 0.2385037 0.1989064 -0.2937172 16.87915 nan 0 0.0 0.03350267266486362 3.3339742360038476 1.0
-0.01071407 -0.03605049 -1.12687 -2.702297 0.2118281 0.170001 0.09621588 17.5127 1.48209 0 0.0 0.03760889688896764 2.9278396597336065 1.0
0.009223125 -0.003640567 -4.659299 -4.143256 0.2025031 0.1687074 0.02660782 15.27746 1.432386 0 0.0 0.009915632246463864 6.23503307552871 0.0
-0.01493154 0.104028 -0.4593951 -6.719087 0.1647718 0.1419989 0.2807324 16.8668 1.162767 1 0.0 0.10509412767025378 6.7347734907324845 0.0
0.01657629 -0.06338799 -15.10571 -11.16998 1.848277 1.423634 0.5583835 20.17097 0.8471928 0 0.0 0.06551954415595548 18.78698825795396 0.0
0.007873728 0.1162784 -4.090248 -0.6605715 1.391596 1.261298 -0.05360218 19.52282 1.872459 0 0.0 0.11654467769562875 4.143245516272992 0.0
0.01425576 -0.1647055 -2.877462 -5.448701 0.7380019 0.5524672 0.0178865 18.63909 1.429283 0 0.0 0.1653212884761899 6.161828474474521 0.0
0.04607548 -0.1382139 1.76161 1.021916 3.166051 2.354689 0.8702047 20.27414 1.17481 1 0.102822 0.1456915646509447 2.036561342841408 0.0
-0.01307476 -0.13513 -3.98302 -4.520516 0.574406 0.4586005 0.1536738 19.06917 1.100571 1 3.862905e-06 0.13576106308164207 6.024907735945505 0.0
0.05903209 0.03327158 -1.634334 -3.093847 0.09346907 0.07673818 0.2064896 15.48491 1.876469 1 0.4683926 0.06776271604255912 3.4989908377938055 1.0
-0.02466691 -0.08571828 -4.457351 -5.985132 0.185437 0.1448837 0.1565156 17.07269 0.9449654 1 0.0 0.08919686079177057 7.462558743127253 0.0
-0.004572347 0.1060325 -0.8415657 -6.668936 1.995301 1.625435 0.6745704 20.03823 1.883413 1 0.003701227 0.10613103887807002 6.721825659708268 0.0
0.0602184 0.005991446 -3.833282 -9.707258 0.5306834 0.4614906 0.016548 18.84082 1.320044 0 0.0 0.06051572625137135 10.436709671639237 0.0
0.01000417 0.0001587416 8.961184 3.771693 0.6360166 0.516284 -0.1601724 16.40946 1.261308 0 0.0 0.010005429340336703 9.722576138457594 0.0
0.06430639 -0.0416967 -5.097686 -0.3517141 0.762461 0.5915729 0.01547416 18.54063 1.330818 0 0.0 0.07664154608123522 5.109804826285913 0.0
0.1610796 -0.03254319 1.210885 -0.4842346 0.5815765 0.5141559 -0.1007773 19.26863 1.076775 1 0.0 0.16433410100017615 1.3041187181626372 0.0
0.02440975 -0.0255032 -1.534589 -3.138163 0.1693363 0.1271517 0.4446585 16.27702 1.683332 1 0.8732378 0.03530225354424983 3.4932836148085658 1.0
-0.009195078 -0.05127087 -0.593029 -8.647485 0.866753 0.7012803 0.1462848 19.78782 nan 0 0.0 0.052088881443000716 8.667795580196039 0.0
0.1025066 0.01174938 -0.9927957 -10.83815 0.6288289 0.567528 0.1094355 19.45666 1.240036 0 0.0 0.10317776395107814 10.883526024429697 0.0
-0.008769642 -0.0001576779 -4.606638 1.475037 0.4548039 0.4050409 -0.8489719 16.23042 nan 0 0.0 0.008771059407409826 4.837028820920235 0.0
0.004680711 0.1182891 -1.466944 -4.276509 1.112838 0.9188727 0.2374995 19.86519 1.201303 0 0.0 0.11838167186805362 4.521112023188211 0.0
0.04215884 -0.111634 -3.493183 -4.07674 0.2304605 0.1937682 -0.06754715 17.72389 1.16032 1 0.0 0.11932945045606135 5.368625196369085 0.0
0.008951159 -0.07995733 0.2752364 -6.274768 0.05276459 0.04007569 0.1557311 13.57493 1.871662 1 0.0 0.08045680746942535 6.280801583373651 0.0
0.0379275 -0.1300713 -4.081627 -8.108862 0.4271805 0.3408461 0.1183834 18.75983 1.12867 1 0.0 0.13548814833755757 9.07817833610758 0.0
-0.0118803 -0.05398742 -2.379633 -3.399589 0.76696 0.6228545 0.1356155 19.54444 1.365276 0 0.0 0.05527913753258457 4.149681744858273 0.0
0.00728184 0.07337843 -2.718115 -7.239147 0.7188071 0.637315 0.07302519 19.4619 0.7762394 0 0.0 0.07373885802648764 7.732619119084685 0.0
-0.02299025 -0.05615752 -2.042357 -2.109774 1.431563 1.186019 -0.1086154 20.04215 nan 0 0.0 0.06068128745843236 2.9363869715221456 1.0
0.05367343 0.05568434 -1.39333 -5.52732 0.4907654 0.5604102 -0.2614348 18.65529 1.537804 1 8.765145e-05 0.0773406931000783 5.700231124375572 0.0
0.09263063 0.005426001 -1.271979 -5.794465 0.08447186 0.07591314 -0.1643403 15.07576 1.877736 1 0.0 0.09278941265601859 5.93243248698761 0.0
0.09493444 0.02208107 -0.6729507 -3.552248 0.4463382 0.4021198 0.006138325 18.80857 1.448935 1 0.2551318 0.09746856698679066 3.615429227371833 0.0
0.1454411 -0.05644665 -0.8889285 -0.8869936 0.2900902 0.2337796 0.1123969 17.90462 1.219599 1 0.0 0.15601069791983016 1.2557673050980465 0.0
-0.01465149 -0.1434273 -2.787428 -5.974724 1.065376 0.7587232 0.13216 19.75327 1.11582 1 0.0001802333 0.14417370268017016 6.592956979334842 0.0
0.05326034 -0.1331008 -4.785705 -5.79248 2.012549 1.517245 0.7294831 19.90256 nan 0 0.0 0.1433613852386883 7.513707267216697 0.0
0.04359009 0.007349143 -4.815754 -4.063765 0.5982425 0.5359777 -0.06246432 18.99743 nan 0 0.0 0.044205269471439136 6.301243731497855 0.0
0.02694008 0.05696561 6.342744 -8.763228 1.767536 1.459936 -0.4010815 19.75487 nan 0 0.0 0.063014669983096 10.817789350395023 0.0
-0.01303657 -0.016905 -2.42641 -3.730885 1.126985 0.9564211 -0.6485508 18.38572 nan 0 0.0 0.02134786130657823 4.450502035874717 0.0
-0.007539931 -0.120225 2.476845 -10.63555 0.3168442 0.2631831 0.04858596 18.26758 1.445419 1 0.0 0.12046120198837781 10.920150409061453 0.0
-0.02289306 0.02659856 -3.381969 0.1895743 1.3392 0.9828996 0.2290311 19.16574 nan 0 0.0 0.03509381128115326 3.387278071281053 1.0
0.04573376 -0.07825814 -6.821372 -5.286143 0.9209133 0.7290296 0.1036912 19.71183 1.080893 0 0.0 0.09064167518309224 8.629856532922954 0.0
-0.02611243 -0.0005443783 -0.9936697 4.558866 1.077404 0.8850589 0.1779826 19.44021 nan 0 0.0 0.02611810384079233 4.665901700491995 0.0
0.0262619 0.09279354 -4.114533 -11.20281 0.7059857 0.6293667 0.2311733 19.28559 1.115358 0 0.0 0.09643821056687851 11.93450182052812 0.0
0.08978664 0.002977633 1.11842 -4.127127 1.363558 1.246764 0.2404304 19.98406 1.144432 0 0.0 0.0898360006944448 4.275984163970793 0.0
0.06328688 0.05615527 -2.097417 -3.530463 0.6454688 0.5639686 -0.09008249 19.24385 1.073408 0 0.0 0.08460876744704003 4.106498151254668 0.0
-0.001658167 -0.03015963 -1.614087 -0.6207716 0.9570574 0.7778674 0.2181786 18.65373 1.130821 0 0.0 0.030205178356314817 1.7293450271520603 0.0
0.1163949 -0.06880531 -5.871346 -3.833271 0.576944 0.5026859 -0.04660871 18.97409 1.075741 0 0.0 0.13521073711139253 7.011894922997421 0.0
0.03052768 -0.09374338 -5.054841 -2.07532 0.7305804 0.6139745 -0.004910965 19.60903 nan 0 0.0 0.09858884592085862 5.464281346863556 0.0
-0.02315309 0.02601481 -1.368719 -2.82203 0.6172163 0.4540967 0.2052904 18.3247 1.341721 0 0.0 0.03482579382992152 3.1364382700542666 1.0
0.03977857 0.0137911 -3.227432 -3.763365 0.2695614 0.2323264 0.263515 17.45085 1.436081 1 0.0 0.04210141411466959 4.957744793537581 0.0
-0.001597441 0.1251213 -3.345555 6.472736 0.960431 0.8209525 0.00482906 19.67835 1.355955 0 0.0 0.125131496959952 7.2862232729803855 0.0
-0.0004225585 -0.1070448 -1.988024 -3.280346 0.8859337 0.7476223 0.04943821 19.83083 0.8555031 0 0.0 0.10704563401991658 3.835741037178084 0.0
0.02359003 0.09008244 -1.890641 -5.405531 0.6715458 0.5811505 0.3052836 19.3215 1.026285 0 0.0 0.093120005969472 5.726629792717702 0.0
-0.01506794 -0.03929777 -2.072724 -1.521086 0.5839203 0.4644888 0.1647069 19.07181 1.189125 0 0.0 0.042087498652408656 2.5709701280979522 1.0
-0.02861191 -0.1185989 1.286983 -1.57506 0.2443411 0.2017166 0.07287838 17.64852 1.11867 1 0.0 0.1220013953816025 2.033995881482802 0.0
0.1227313 -0.06234106 0.2914798 -1.258594 0.7768703 0.7092321 -0.1411748 19.70563 1.542437 0 0.0 0.1376567461536615 1.2919053102468616 0.0
-0.02227246 -0.1201792 -3.871055 2.967003 0.7271915 0.6208246 0.06755786 19.39928 1.269577 0 0.0 0.12222562164739274 4.877312130162884 0.0
