jas1101finalproject/data/gcs/NGC_5927.ecsv
# %ECSV 0.9
# ---
# datatype:
# - {name: x, unit: deg, datatype: float64}
# - {name: y, unit: deg, datatype: float64}
# - {name: pmx, unit: mas / yr, datatype: float64}
# - {name: pmy, unit: mas / yr, datatype: float64}
# - {name: pmx_e, unit: mas / yr, datatype: float64}
# - {name: pmy_e, unit: mas / yr, datatype: float64}
# - {name: pm_corr, datatype: float64}
# - {name: g_mag, unit: mag, datatype: float64}
# - {name: bp_rp, unit: mag, datatype: float64}
# - {name: filter, datatype: int64}
# - {name: memberprob, datatype: float64}
# - {name: r, unit: deg, datatype: float64}
# - {name: pm, unit: mas / yr, datatype: float64}
# - {name: member_prob_GMM, datatype: float64}
# meta: !!omap
# - comments: [deg deg mas/yr mas/yr mas/yr mas/yr dimless mag   mag   zeroone float]
# - __serialized_columns__:
#     bp_rp:
#       __class__: astropy.units.quantity.Quantity
#       unit: &id001 !astropy.units.Unit {unit: mag}
#       value: !astropy.table.SerializedColumn {name: bp_rp}
#     g_mag:
#       __class__: astropy.units.quantity.Quantity
#       unit: *id001
#       value: !astropy.table.SerializedColumn {name: g_mag}
#     pm:
#       __class__: astropy.units.quantity.Quantity
#       unit: !astropy.units.Unit {unit: mas / yr}
#       value: !astropy.table.SerializedColumn {name: pm}
#     pmx:
#       __class__: astropy.units.quantity.Quantity
#       unit: !astropy.units.Unit {unit: mas / yr}
#       value: !astropy.table.SerializedColumn {name: pmx}
#     pmx_e:
#       __class__: astropy.units.quantity.Quantity
#       unit: !astropy.units.Unit {unit: mas / yr}
#       value: !astropy.table.SerializedColumn {name: pmx_e}
#     pmy:
#       __class__: astropy.units.quantity.Quantity
#       unit: !astropy.units.Unit {unit: mas / yr}
#       value: !astropy.table.SerializedColumn {name: pmy}
#     pmy_e:
#       __class__: astropy.units.quantity.Quantity
#       unit: !astropy.units.Unit {unit: mas / yr}
#       value: !astropy.table.SerializedColumn {name: pmy_e}
#     r:
#       __class__: astropy.units.quantity.Quantity
#       unit: &id002 !astropy.units.Unit {unit: deg}
#       value: !astropy.table.SerializedColumn {name: r}
#     x:
#       __class__: astropy.units.quantity.Quantity
#       unit: *id002
#       value: !astropy.table.SerializedColumn {name: x}
#     y:
#       __class__: astropy.units.quantity.Quantity
#       unit: *id002
#       value: !astropy.table.SerializedColumn {name: y}
# schema: astropy-2.0
x y pmx pmy pmx_e pmy_e pm_corr g_mag bp_rp filter memberprob r pm member_prob_GMM
[from data line 15927]
-0.04506765 -0.07638841 -5.194589 -1.78569 2.878672 1.495786 0.2568485 20.25808 1.32925 0 0.0 0.08869206423829926 5.492944898232732 0.0
0.1025481 0.007181369 -7.013853 -7.976233 1.274566 0.7945083 0.03210137 19.69281 1.2887 1 2.281796e-06 0.10279924549491674 10.6214135959343 0.0
-0.09876541 0.1305913 -7.553791 -4.333904 1.579497 1.289459 -0.1478713 20.10432 2.040659 0 0.0 0.16373360634933226 8.708758944470619 0.0
0.1540144 0.05831054 -1.442323 -4.239044 0.9348424 0.5662773 -0.1498365 19.14782 1.564438 1 0.003702853 0.16468319429271341 4.477699149146244 0.0
-0.0736183 -0.08711716 -3.937444 -3.923223 1.64368 0.9433156 0.2588554 20.03568 0.9333515 0 0.0 0.11405723853116732 5.558340036455578 0.0
0.0923284 0.06797462 -3.295401 1.871676 0.916045 0.660826 -0.08037499 19.09917 1.399467 1 0.0 0.1146520056985677 3.789833611093896 0.0
0.1099654 -0.06738624 -1.614367 -4.153344 0.4076204 0.2817659 -0.2229524 18.06537 1.762146 1 0.0 0.12897013041203612 4.456057359709926 0.0
-0.02539848 0.007156796 -7.929887 -4.466419 1.038867 0.6590001 0.2410598 18.98455 1.286068 0 0.0 0.026387544700028763 9.1012090689276 0.0
0.08496944 0.02569871 -7.080331 -5.406622 0.2219299 0.1826852 -0.135654 17.49336 1.292515 1 0.0 0.08877065635432521 8.908571631886057 0.0
-0.03297267 -0.03231096 -5.547391 2.215849 0.6542919 0.5243201 -0.1133704 18.02709 1.302042 0 0.0 0.046164868710422 5.973569594277947 1.0
0.0769414 0.05095062 -3.775186 -3.012647 1.018726 0.8751111 -0.1292452 19.85146 1.416409 0 0.0 0.09228187640238142 4.829914210542978 0.0
-0.1254136 -0.07222774 -3.490166 -7.932006 1.440193 0.8876018 0.1420986 20.09377 nan 0 0.0 0.14472531737905292 8.66590894780184 0.0
0.08670901 0.07710246 -11.08879 -5.088254 3.306052 1.949102 -0.3356242 20.45892 1.594641 0 0.0 0.11603121025496416 12.200475090446927 0.0
-0.1045168 -0.008409864 0.5746936 -4.141759 1.049815 0.6268083 0.03702045 19.02445 1.50771 0 0.0 0.10485460073234029 4.181439984976702 0.0
-0.04555125 -0.01584962 -3.574204 -4.601057 3.210343 1.467456 -0.02225817 20.02898 nan 0 0.0 0.04822993707964898 5.826204575095608 0.0
0.008275176 -0.01025879 -28.6726 -11.90521 2.010462 1.112247 0.3960583 19.1368 nan 0 0.0 0.013180338011412152 31.04596617765503 0.0
-0.1265611 0.009552748 -7.744403 -3.469539 2.355548 1.315757 0.07533842 20.24951 1.275381 1 0.2973553 0.12692110552450095 8.486075577022042 0.0
0.04136905 -0.02116344 -3.886153 -1.911234 0.6584747 0.5497226 -0.1772562 19.03126 1.447353 0 0.0 0.046468155661012624 4.330704393301972 0.0
-0.06499155 -0.01577334 -3.547071 -4.497468 0.3532275 0.3040545 -0.1796591 18.04636 1.612068 1 0.000504362 0.06687824628500735 5.727908090224999 0.0
0.1072491 -0.05595872 -4.801033 -3.541433 1.728069 1.457044 -0.1667932 20.37394 1.249819 1 0.3730796 0.1209700284981714 5.965875087577514 0.0
0.04418794 0.005880205 -7.240203 -2.514552 2.070002 1.460077 -0.134388 19.9764 1.270178 0 0.0 0.04457747023200874 7.664431566783867 0.0
-0.06757836 -0.03192081 -1.416204 -4.852141 0.7520155 0.4658575 -0.03778473 17.75235 1.569216 0 0.0 0.07473802814729394 5.054592570474597 0.0
-0.1180769 0.07440581 -8.074508 -3.295881 0.2924166 0.2383282 -0.1049579 17.63374 1.283854 0 0.0 0.13956496292180964 8.721267740886356 0.0
0.1444655 0.08286183 -7.875517 -1.93136 2.620502 1.743432 0.08288989 20.32309 nan 0 0.0 0.16654237767366867 8.108879051193759 0.0
-0.07311533 0.005115458 -5.208006 -3.137106 0.1142784 0.09534925 -0.2611301 13.49112 2.795288 1 0.9682123 0.07329406109337007 6.0798651754189414 0.0
-0.0456641 -0.06866423 -5.197695 -3.023287 0.1611797 0.1382891 -0.1792959 16.66567 nan 0 0.0 0.0824620307190097 6.013010693271217 0.0
0.09349362 0.06954398 -10.04229 -4.294543 1.994393 1.786248 0.1984807 20.39755 1.383436 1 0.1185092 0.11652219588964499 10.922027651629023 0.0
0.1092455 0.05495691 -4.496867 -0.5094242 0.5059649 0.3932623 -0.05393581 18.57714 1.30834 1 0.0 0.1222899882533239 4.525629882263312 0.0
0.09362635 -0.03864511 -5.717601 -3.203631 2.378675 1.637189 -0.05275588 20.11975 1.360563 0 0.0 0.10128838996269317 6.553946351577957 0.0
-0.04492644 0.01817046 1.076053 -0.9309329 0.277385 0.2106002 -0.1581575 17.64174 1.321756 1 0.0 0.04846184713447476 1.4228584339671357 0.0
-0.01112016 -0.005273565 -3.367712 -2.143484 0.2253922 0.1950234 -0.1667326 15.96835 1.506214 0 0.0 0.012307251774251838 3.991992957558918 0.0
0.1016089 0.03355447 -8.584826 -1.115882 0.1015276 0.08338122 -0.1436826 16.02074 1.650001 1 0.0 0.10700593916316468 8.657045112981681 0.0
4.765781e-05 0.00307431 -5.273706 -2.881262 0.3004685 0.3148183 -0.5792602 16.11448 0.858099 0 0.0 0.003074679372382427 6.0094630115410475 0.0
-0.06354301 0.03536852 -5.507093 -4.98319 0.3466865 0.279687 -0.08091287 15.76359 1.673272 0 0.0 0.0727230797398632 7.426995077872948 0.0
-0.1404891 0.003092973 -5.475947 -5.015079 1.238774 0.7799815 0.2866148 19.54926 1.259705 0 0.0 0.14052314293663065 7.425430150708442 0.0
0.08764879 0.06682773 -3.523129 -3.718612 1.898248 1.166647 -0.177188 20.01376 1.190601 0 0.0 0.11021912667689307 5.122549478256408 0.0
0.1188917 -0.05063094 -6.30095 -8.238256 2.556925 1.618013 0.3495703 20.42922 1.082853 0 0.0 0.12922355982627007 10.37163597625929 0.0
-0.06469786 -0.02545083 -3.513744 -2.805686 0.30015 0.2541859 -0.2078292 17.92094 1.671963 1 0.000519005 0.0695237933104092 4.496473154388003 0.0
-0.1077621 -0.05609341 -7.160979 -4.08422 1.806334 1.04564 0.3848385 20.03451 1.525496 1 0.3493756 0.12148720443667349 8.243814241407978 0.0
0.09361722 -0.03837806 -6.264271 -3.418746 3.409377 1.789762 -0.4079353 20.23364 nan 0 0.0 0.10117835425570036 7.136449773799084 0.0
-0.1320364 0.03396327 -9.100357 -4.922174 1.076352 0.7049279 0.08204958 19.32909 1.062983 0 0.0 0.13633456874194783 10.346221262554025 0.0
-0.0630709 0.02971196 -1.113381 -2.691677 0.2264883 0.1836149 -0.1389487 17.41823 1.292513 1 0.0 0.06971900023560006 2.912858102189326 0.0
-0.1573483 -0.004712017 -2.156786 -3.382385 1.111842 0.6930379 0.3019984 19.64039 1.205915 0 0.0 0.15741883819002822 4.011515192295923 0.0
-0.03883929 0.02715188 -6.165535 -7.939511 1.25176 0.7796523 0.1305724 19.24794 1.575623 0 0.0 0.04738897588298886 10.052345833453304 0.0
-0.06025068 0.01118766 -3.424128 -0.7361015 0.886042 0.5276799 -0.007281122 19.16147 1.06687 0 0.0 0.0612805693245257 3.5023560610946243 0.0
-0.1255894 -0.06429362 -8.917187 -9.147677 1.348144 0.8052194 0.2678987 19.87202 1.58433 1 0.0 0.14108992510120769 12.774827532663524 0.0
-0.06101827 -0.01590152 -1.947576 -5.678784 0.4206571 0.3386746 -0.09921606 18.45077 1.573936 0 0.0 0.06305622579970435 6.00346899670782 0.0
-0.07829431 -0.04409492 -1.746633 -6.90086 2.464873 1.438517 -0.1434168 19.92018 nan 0 0.0 0.08985744792827415 7.118468625785254 0.0
-0.02386754 -0.05535766 -6.224497 -6.553944 1.08952 0.6565592 0.0775549 19.40191 1.375757 0 0.0 0.060283745622905685 9.038724736274748 0.0
-0.09041083 -0.1033285 -10.70692 -4.350476 1.841652 1.103206 0.2065936 20.24529 1.152298 0 0.0 0.13729856916056665 11.557022856816369 0.0
-0.1205745 -0.009062539 -5.181839 -3.07319 0.5245795 0.4231079 -0.03503671 18.86451 nan 0 0.0 0.12091459656872085 6.024612203123202 0.0
-0.01084754 -0.01345221 -5.549609 -3.418376 0.1665175 0.1669057 -0.2615063 16.0214 1.560248 0 0.0 0.017280945516252862 6.517933302071831 0.0
-0.01993242 -0.06475142 -5.717686 -3.839082 2.353664 1.249286 0.1087885 19.9867 1.359301 0 0.0 0.06774989121078204 6.886979294096941 0.0
0.0468791 0.03748619 -2.99653 -1.916303 1.872028 1.240997 -0.4105784 19.65231 1.54759 0 0.0 0.06002386573294076 3.556881953159115 0.0
-0.02846664 -0.02103558 -3.435575 -3.024442 1.539349 0.795201 -0.340948 19.44959 1.198284 0 0.0 0.03539555365898378 4.577163422032144 0.0
-0.0181589 -0.05612948 -3.378284 -7.150641 1.374755 0.8488516 0.2188215 19.52886 1.713982 0 0.0 0.058993763859245325 7.908506148163318 0.0
-0.06080146 -0.1231934 -5.979292 -7.419763 0.6095812 0.4748121 0.08440174 18.9456 1.423639 0 0.0 0.13738060758961432 9.529156090516777 0.0
-0.07662129 -0.1393947 -1.70407 0.1360827 1.276787 0.8270521 0.2204721 19.93076 1.599529 1 0.001090358 0.1590650950691386 1.7094949740023484 0.0
0.0420573 -0.01896297 -4.47957 -2.188045 1.019421 0.6257997 -0.0852302 19.16714 1.39151 1 0.5124837 0.046134701846992573 4.9853874781129095 0.0
-0.1261971 -0.01429585 -3.140146 -7.724728 3.29592 4.161447 -0.02152979 20.79567 0.5795631 0 0.0 0.12700424943927074 8.338581388659584 0.0
-0.02872133 0.03191608 0.9555047 4.036871 2.117415 1.191394 -0.041882 19.32094 nan 0 0.0 0.04293659231396106 4.148411346812546 0.0
0.1088349 -0.03442835 -9.063441 -5.805373 1.513734 0.9492816 0.1286376 19.72158 1.39802 0 0.0 0.1141505442025245 10.76328567072388 0.0
-0.08755768 0.02756698 3.054245 -4.098356 1.402363 0.8695232 0.1912888 19.40768 1.476767 0 0.0 0.09179480221288568 5.111255660085983 0.0
-0.03262144 -0.02321266 -8.310036 -1.901689 1.489638 0.9296912 -0.1612317 19.55833 1.107183 0 0.0 0.040037306751943245 8.52485304119766 0.0
-0.1036588 0.1289481 -7.815348 -2.488848 1.12235 0.6105919 0.05420705 19.13567 1.34396 1 0.09284024 0.16544714960086196 8.202074659999626 0.0
-0.01390723 -0.02989818 -5.493687 -3.31598 1.287244 0.6841474 0.196621 19.11025 1.331724 0 0.0 0.032974417562487736 6.416877762149518 0.0
-0.05925706 0.0439839 -2.464596 -7.403587 2.343322 3.125696 -0.2227097 20.51437 0.9023685 0 0.0 0.07379690114804009 7.803033635054061 0.0
-0.1291292 -0.0623501 -2.320218 -2.939073 2.415152 1.453607 0.07874668 20.37854 1.060604 0 0.0 0.1433941604900632 3.7445375771719798 0.0
-0.06187604 -0.03251566 -3.324595 -2.232328 0.1437924 0.1157941 -0.2073399 16.41477 1.62644 1 0.0 0.0698993023664557 4.0045249672850085 0.0
-0.009022693 -0.05173612 -5.009041 -2.43994 0.5863642 0.4491731 -0.005301505 18.76627 1.503986 0 0.0 0.05251699821606952 5.571696235732975 0.0
-0.04193211 -0.06319428 -2.206488 -4.890291 0.788291 0.6518149 -0.04085882 18.11807 1.404102 0 0.0 0.07584074679069623 5.365028924323242 0.0
0.08959677 0.0676137 -4.51957 -2.542304 0.5195609 0.4846984 -0.2862413 18.65955 nan 0 0.0 0.11224612965319962 5.18553976103896 0.0
-0.1562913 -0.002709573 -7.996167 -4.531385 1.869749 1.235407 0.1341679 20.3122 1.482145 0 0.0 0.15631478574188792 9.19087246729678 0.0
-0.05569342 -0.08767607 -0.7647077 -2.764413 3.359538 1.754938 0.2848808 20.49904 nan 0 0.0 0.10386939049566672 2.8682324001043376 0.0
-0.120845 -0.01665069 -4.922391 -2.568294 1.144731 0.6736768 0.01706109 19.42602 nan 0 0.0 0.1219867185495048 5.55212276767337 0.0
-0.06742728 -0.06973952 -5.385268 -2.577604 2.817134 2.7711 -0.2820398 20.63891 0.95784 0 0.0 0.09700535417196723 5.970356255085621 0.0
-0.00967952 -0.05183925 -0.3163894 -9.93701 0.4896939 0.3816704 -0.0003525173 18.58186 1.648758 0 0.0 0.05273519648197871 9.942045563792814 0.0
0.09643811 0.05556096 -3.064791 2.319155 0.4661341 0.3894115 -0.1898032 18.59896 1.359938 1 0.0 0.1112983797568217 3.8433610014811252 0.0
0.06968819 0.06895968 -10.824 -5.192302 3.020553 1.668571 -0.1168071 20.45128 1.303337 0 0.0 0.098040202423182 12.0049563122572 0.0
-0.1484798 0.0008558436 -3.799387 -1.729476 0.8274748 0.5226683 0.270243 19.21304 1.359966 1 0.07153592 0.14848226653815486 4.17449743206832 0.0
-0.1642932 -0.009546176 -2.98631 -2.5687 1.876305 1.803294 -0.2022335 20.63824 1.241743 0 0.0 0.1645703042546345 3.9390693197886226 0.0
-0.0004552626 0.006961485 -5.566325 -2.435196 0.2675329 0.2408436 -0.1558133 16.09172 1.508558 0 0.0 0.006976355598748085 6.075701898878927 0.0
-0.1302397 -0.03107636 -5.383307 -5.874791 0.5395537 0.3694338 0.1096656 18.64853 1.308016 1 0.0 0.13389592826871025 7.968259756680251 0.0
0.04416231 -0.02134909 -6.418663 -3.964697 0.2417516 0.2020909 -0.2084622 17.55384 1.333359 0 0.0 0.04905194459309641 7.544405676352379 0.0
-0.02336026 -0.02666326 -2.656378 -4.048591 1.448902 0.8837762 -0.2842792 19.21673 1.32938 0 0.0 0.03544899407733878 4.842254966868742 0.0
-0.09295778 0.08684089 -4.580622 -0.8416437 1.98869 1.220846 -0.04983546 20.09366 1.268402 0 0.0 0.12721041246108944 4.657302011318752 0.0
0.1398632 -0.04089262 -8.522889 -4.440084 2.06269 1.233988 0.07397816 19.93425 1.961796 0 0.0 0.14571863671028631 9.610097961695136 0.0
-0.1263337 0.07977072 -6.413321 -3.856453 0.8359013 0.5075239 0.07730581 18.97822 1.163446 1 0.3150621 0.1494107476890749 7.483509603805557 0.0
-0.02009029 -0.0569161 -8.148083 -6.035873 1.687772 1.034796 0.2842613 19.64098 1.4128 0 0.0 0.06035778484581836 10.14016861038405 0.0
-0.0194818 0.03621999 -9.120846 -8.430618 1.687326 0.9094007 0.004672988 19.40186 1.207979 0 0.0 0.0411269766314046 12.420352314553723 0.0
0.08084392 0.07419085 -8.583033 -5.900759 2.172692 1.378477 -0.2986272 20.10809 nan 0 0.0 0.10972703233337217 10.415729079386137 0.0
0.1114298 0.08200567 -4.033638 -2.272114 4.133396 2.348706 -0.2895576 20.79559 1.152617 0 0.0 0.13835291916034478 4.629550468894362 0.0
-0.0946756 0.08353012 -7.110967 5.425616 1.475349 0.8933623 0.032553 19.89057 2.505516 1 0.0 0.1262566837144648 8.944448594214457 0.0
-0.1642773 0.01905665 -0.3309699 -3.114439 3.502932 2.362633 -0.8036583 19.92044 nan 0 0.0 0.16537892007300234 3.131975631997639 0.0
-0.05606652 -0.09045743 -7.330391 -5.795309 0.4594184 0.4602399 -0.2453327 18.46592 1.361713 1 0.0 0.1064236877162002 9.344529876797548 0.0
-0.01961682 0.03510223 -1.865504 -1.002956 0.3434775 0.2755858 0.0002952467 17.76677 nan 0 0.0 0.04021176665958982 2.1180240583978267 0.0
-0.04807832 -0.03079813 -5.271677 -3.458312 1.118747 0.6932805 -0.1089788 19.15406 1.499434 0 0.0 0.05709684461963989 6.30479978125182 0.0
-0.1066295 -0.07419159 -4.817057 -4.958861 1.091566 0.660508 0.280287 19.6175 1.46697 0 0.0 0.12990089413463674 6.913345106283209 0.0
-0.1022205 -0.01508436 5.072851 2.853945 2.885895 1.614406 -0.124025 20.09068 nan 0 0.0 0.10332748200193209 5.820551462810547 0.0
0.109349 -0.02945136 -0.7103733 -2.33904 1.830715 1.196421 0.2217507 19.90787 1.12673 0 0.0 0.113245690455971 2.4445323370642673 0.0
0.00875145 0.003355782 -4.909885 -2.565168 0.4138159 0.5069986 -0.5104965 16.65445 nan 0 0.0 0.009372787735461845 5.5395900192567495 0.0
0.1268341 -0.06770732 -9.075262 -8.397481 1.638547 1.085662 0.02044122 19.96212 nan 0 0.0 0.14377471997674837 12.364387065843783 0.0
0.1210967 0.04406739 -4.345247 -8.50608 1.494011 0.9833664 0.1120522 19.87517 nan 0 0.0 0.1288656106659263 9.551678829263944 0.0
0.1258227 -0.03079728 -0.01477472 -3.303626 0.2320453 0.2129386 -0.1484925 17.54888 1.393158 1 0.0 0.1295369610987088 3.3036590381313684 0.0
0.1075339 -0.0286804 -4.98011 -5.336812 1.149397 0.7258297 -0.01549283 19.40488 1.353468 0 0.0 0.11129287934710828 7.2995245006400244 0.0
-0.07064948 0.01175681 -3.301277 -3.383272 0.2450351 0.195356 -0.1876268 17.23184 1.348597 0 0.0 0.07162102767795572 4.727045510328095 0.0
-0.02241682 -0.0189304 -3.678776 -7.206507 2.072413 1.301272 -0.1300139 19.59743 1.187094 0 0.0 0.02934065205601948 8.091176428630451 0.0
0.132781 -0.02047477 2.612714 -8.65861 1.883843 0.979753 -0.2908829 19.69249 nan 0 0.0 0.13435032626515242 9.044213707000514 0.0
-0.1439825 0.06066932 -9.128393 -6.005545 2.653621 2.035211 0.6478081 19.83748 nan 0 0.0 0.1562425252468495 10.926762078011675 0.0
-0.01936996 -0.07047322 -4.185875 -1.778166 1.857988 1.168513 -0.1025717 19.99972 nan 0 0.0 0.07308672990064613 4.547903235468077 0.0
-0.1371076 0.06395527 -2.031922 1.009768 1.600368 0.9683576 0.09541354 19.87261 1.838573 0 0.0 0.15129035176947966 2.268995025976919 0.0
-0.1198097 0.03984018 -9.439515 -3.66849 1.63504 1.221392 0.2085221 19.85096 2.058804 0 0.0 0.12626006556517544 10.127302815425487 0.0
0.1243824 0.04939177 -21.00462 -4.803892 4.00236 2.292839 -0.2401601 20.62478 1.714556 0 0.0 0.1338302221977267 21.546958943017085 0.0
0.1244065 -0.01094938 -2.378297 -0.2689696 2.434586 1.461212 0.05372573 20.09727 1.778028 0 0.0 0.12488741395606845 2.393458014240726 0.0
-0.04096782 0.04920284 -2.417926 -2.39 0.4251461 0.3739167 -0.270307 18.30706 1.395781 1 0.0 0.06402563345737393 3.3997744250870525 0.0
