jas1101finalproject/data/gcs/NGC_6362.ecsv
# %ECSV 0.9
# ---
# datatype:
# - {name: x, unit: deg, datatype: float64}
# - {name: y, unit: deg, datatype: float64}
# - {name: pmx, unit: mas / yr, datatype: float64}
# - {name: pmy, unit: mas / yr, datatype: float64}
# - {name: pmx_e, unit: mas / yr, datatype: float64}
# - {name: pmy_e, unit: mas / yr, datatype: float64}
# - {name: pm_corr, datatype: float64}
# - {name: g_mag, unit: mag, datatype: float64}
# - {name: bp_rp, unit: mag, datatype: float64}
# - {name: filter, datatype: int64}
# - {name: memberprob, datatype: float64}
# - {name: r, unit: deg, datatype: float64}
# - {name: pm, unit: mas / yr, datatype: float64}
# - {name: member_prob_GMM, datatype: float64}
# meta: !!omap
# - comments: [deg deg mas/yr mas/yr mas/yr mas/yr dimless mag   mag   zeroone float]
# - __serialized_columns__:
#     bp_rp:
#       __class__: astropy.units.quantity.Quantity
#       unit: &id001 !astropy.units.Unit {unit: mag}
#       value: !astropy.table.SerializedColumn {name: bp_rp}
#     g_mag:
#       __class__: astropy.units.quantity.Quantity
#       unit: *id001
#       value: !astropy.table.SerializedColumn {name: g_mag}
#     pm:
#       __class__: astropy.units.quantity.Quantity
#       unit: !astropy.units.Unit {unit: mas / yr}
#       value: !astropy.table.SerializedColumn {name: pm}
#     pmx:
#       __class__: astropy.units.quantity.Quantity
#       unit: !astropy.units.Unit {unit: mas / yr}
#       value: !astropy.table.SerializedColumn {name: pmx}
#     pmx_e:
#       __class__: astropy.units.quantity.Quantity
#       unit: !astropy.units.Unit {unit: mas / yr}
#       value: !astropy.table.SerializedColumn {name: pmx_e}
#     pmy:
#       __class__: astropy.units.quantity.Quantity
#       unit: !astropy.units.Unit {unit: mas / yr}
#       value: !astropy.table.SerializedColumn {name: pmy}
#     pmy_e:
#       __class__: astropy.units.quantity.Quantity
#       unit: !astropy.units.Unit {unit: mas / yr}
#       value: !astropy.table.SerializedColumn {name: pmy_e}
#     r:
#       __class__: astropy.units.quantity.Quantity
#       unit: &id002 !astropy.units.Unit {unit: deg}
#       value: !astropy.table.SerializedColumn {name: r}
#     x:
#       __class__: astropy.units.quantity.Quantity
#       unit: *id002
#       value: !astropy.table.SerializedColumn {name: x}
#     y:
#       __class__: astropy.units.quantity.Quantity
#       unit: *id002
#       value: !astropy.table.SerializedColumn {name: y}
# schema: astropy-2.0
x y pmx pmy pmx_e pmy_e pm_corr g_mag bp_rp filter memberprob r pm member_prob_GMM
[from data line 12754]
0.0176098 0.02641006 -5.962252 -4.692885 0.3409881 0.478248 0.02414125 19.25879 0.7898674 0 0.0 0.03174265781631399 7.587596360820007 1.0
0.06612405 0.03152208 -4.687532 -6.589662 0.255464 0.3462026 0.008044979 18.77266 0.7587223 0 0.0 0.07325320140395845 8.086816526005025 1.0
0.02287651 0.02736697 -5.469311 -4.195487 0.2517746 0.3143138 -0.01605286 18.84627 0.7908821 0 0.0 0.03566911488614485 6.89314688526873 1.0
-0.006767558 0.03419748 -5.690539 -4.049038 0.5593833 0.6789861 -0.5419268 19.01509 0.6411819 0 0.0 0.034860686734970725 6.984049171932067 1.0
-0.06212953 -0.02409348 -5.463392 -4.955294 0.3010706 0.4138617 0.01218416 19.14537 0.6568508 0 0.0 0.06663763408563737 7.375878983016194 1.0
0.03261193 -0.01571212 -4.12047 -3.91696 0.6815365 0.6949906 0.4755623 19.78789 0.6213913 0 0.0 0.03619956758331928 5.6851428005372036 1.0
-0.0334426 -0.04067665 -5.540017 -4.785754 0.1022187 0.1377201 0.004136346 17.45356 1.031282 1 0.9996194 0.05265925702079835 7.3208762937782925 1.0
-0.05482883 0.01233933 -5.421932 -3.751012 0.4629622 0.6258432 0.02070859 19.70867 0.7203388 0 0.0 0.05620017494650529 6.592983970613609 1.0
-0.009977857 -0.01275492 -3.229734 -2.980843 0.1443368 0.2119424 0.1330092 16.20508 1.242981 0 0.0 0.016193999336755853 4.395066177136017 0.0
-0.0459275 -0.003938615 -5.102366 -5.485433 0.4944961 0.7129017 -0.07978084 19.88345 0.7319603 0 0.0 0.04609607298206893 7.491602898942589 1.0
-0.01127898 -0.05384741 -6.037014 -5.132505 0.6427138 0.7184208 0.1229257 19.93811 nan 0 0.0 0.05501598816297404 7.923897122705531 1.0
-0.01069971 0.005822348 -7.086636 -3.594753 0.8047123 1.011439 -0.4537039 19.29214 0.9753819 0 0.0 0.012181277860602474 7.9462355192572165 1.0
-0.07408112 -0.003565743 -2.094126 -1.312366 0.1127146 0.1631827 -0.02956409 17.4334 0.877346 0 0.0 0.07416688522242558 2.4713697056150865 0.0
0.03435957 0.08500118 -4.315472 -8.533221 0.1794472 0.2370924 0.139334 16.50462 0.903656 0 0.0 0.09168304451738774 9.562382507389305 0.0
0.104183 -0.1316071 -5.362002 -4.632273 0.2025992 0.2637596 0.03914678 18.61582 0.8179493 1 0.9896457 0.16785269214227694 7.085832244312097 1.0
0.05229083 -0.07802544 -5.296403 -5.316927 0.4070778 0.5051944 0.2044996 19.52152 0.8416996 1 0.9832519 0.09392710039856708 7.504771646208697 1.0
0.02019204 0.008463708 -3.854208 -6.092132 1.635581 1.872109 0.3934515 20.11786 nan 0 0.0 0.021894127807950334 7.208952185490483 1.0
0.03204802 0.007565939 0.3781481 -14.1675 1.377981 1.792066 -0.2615818 20.1249 nan 0 0.0 0.03292899966400621 14.172545721765502 0.0
0.02638168 0.06258834 -1.971637 -4.110265 1.622106 2.571069 0.05270645 20.89141 0.3536644 0 0.0 0.06792122896103986 4.558687402092185 0.0
0.1656842 -0.09029358 -2.144467 -5.186041 0.2017946 0.2492028 0.01962194 18.66702 0.8255959 1 0.0 0.18869071179805433 5.611930146372993 0.0
-0.04800028 -0.03875562 2.370776 -2.703405 0.2606464 0.3528544 -0.01085041 18.92509 1.197889 1 0.0 0.061692989566585275 3.595688729047747 0.0
-0.0310458 -0.06603357 -3.698714 -5.438273 1.145264 1.369563 0.2268381 20.63893 0.9573326 0 0.0 0.07296762339959346 6.576876042341454 1.0
0.05425171 0.03513731 -6.38582 -2.931421 0.9164258 1.019157 0.1496135 20.17415 nan 0 0.0 0.0646365112916856 7.026515932639803 1.0
-0.02622959 0.001957687 -5.988072 -4.35583 0.111847 0.1672933 -0.07954639 17.65245 0.7461872 0 0.0 0.026302546073680187 7.404745861005899 1.0
-0.006424267 -0.04692577 -5.887957 -5.142623 0.4380951 0.4813276 -0.2909838 19.20241 nan 0 0.0 0.04736347851013679 7.817583319285955 1.0
0.03261255 -0.01525435 -5.324652 -5.196888 0.3665625 0.4555981 0.3707813 19.15791 0.6967239 0 0.0 0.03600379995812942 7.4404007825955185 1.0
-0.008862495 -0.1348476 -3.851501 -7.08699 1.415566 1.822871 0.360015 20.61823 0.9418888 0 0.0 0.13513851798575055 8.065946144941769 0.0
-0.04482345 0.03614073 -6.206989 -4.231103 0.6145661 0.9290383 0.0737261 20.09628 0.7395134 0 0.0 0.05757859007335452 7.511920196775922 1.0
0.04223186 -0.07104014 -3.320453 -4.201878 2.017913 2.582855 0.001688382 20.77593 0.6981049 0 0.0 0.0826452145636951 5.355481943961066 0.0
0.1987182 0.02131571 -4.85865 -1.633282 1.383019 1.990737 0.2640669 20.78193 0.7040768 0 0.0 0.1998581559607816 5.125825778742778 0.0
0.06443589 -0.05652453 -5.417509 -4.838629 0.1634227 0.2170976 0.07142104 18.32724 0.8038483 1 0.9984291 0.08571468025847731 7.263727305228494 1.0
0.04651219 -0.08504794 -0.6358978 -6.589388 0.2704506 0.374773 0.09706565 18.90056 1.149336 0 0.0 0.09693573085730411 6.62000001711396 1.0
0.01173507 -0.1233284 -0.9875056 -11.31474 1.086452 1.604223 0.2003434 20.66394 1.456993 0 0.0 0.12388545562117008 11.357751035201968 0.0
-0.06352388 -0.1804618 1.833128 -4.225677 0.1338566 0.1733181 -0.1474076 17.73063 1.198061 1 0.0 0.19131582420044194 4.606159395061465 0.0
0.005560836 0.007502537 -5.126416 -5.951202 0.1282931 0.1941529 -0.2425838 15.55988 1.276245 0 0.0 0.0093386807663216 7.854740368074555 1.0
0.03237348 -0.01616193 -4.028393 -4.690317 1.399384 1.499988 0.3433183 20.60318 nan 0 0.0 0.036183562409404915 6.182800637489293 1.0
0.04260003 -0.02360878 -5.707783 -4.747213 0.1846634 0.2563148 0.05111257 18.5488 0.7579479 0 0.0 0.04870458961011066 7.423935482105027 1.0
0.04054178 -0.04576867 -6.862611 -4.43667 0.4348788 0.5436853 0.1968097 19.6394 0.6577988 0 0.0 0.06114251449799313 8.171870680953107 1.0
-0.01026695 -0.004179602 -5.598037 -5.149556 0.9706645 1.323543 0.3027247 19.74299 nan 0 0.0 0.011085095181409314 7.606309568411279 1.0
-0.01340153 0.005325096 -4.902059 -4.661276 0.3540207 0.622884 -0.08364419 18.94318 nan 0 0.0 0.014420736935056959 6.764442060337053 1.0
0.03141846 0.0824493 -5.602902 -5.723404 0.4338661 0.5117916 0.2327209 19.54659 0.7367496 0 0.0 0.08823268498272961 8.009361033741705 1.0
-0.03605978 -0.03837632 -3.724218 -8.01779 1.444739 1.857485 0.004907183 20.65833 nan 0 0.0 0.05265975380108418 8.84051786919884 1.0
0.06660588 -0.06184048 -5.450832 -5.864045 0.154779 0.2010466 0.08093671 18.22033 0.8445263 1 0.006510883 0.09088777815088672 8.006159707016156 1.0
0.009871812 0.01147608 -5.469252 -4.903394 0.428353 0.5895846 -0.1119022 19.26765 nan 0 0.0 0.015137803154016239 7.345474127565899 1.0
-0.0633889 0.05769827 -2.959172 -9.219425 0.2562137 0.3431924 0.01390878 18.92725 0.8663788 1 0.0 0.0857160603632884 9.682690548406935 0.0
-0.03080758 -0.03872003 -6.346199 1.431422 0.5639243 0.6630628 0.0617657 19.82139 nan 0 0.0 0.04948078120500221 6.505629154023845 1.0
-0.06245096 -0.02392646 -5.493821 -5.234802 0.5948086 0.7562572 0.1220253 19.76923 nan 0 0.0 0.0668774842009865 7.588492680318338 1.0
0.03311206 -0.01525503 -5.943063 -3.307641 1.161879 1.589635 0.3768516 20.45949 nan 0 0.0 0.0364571592111138 6.801506216041415 1.0
0.002464141 -0.1244854 -10.46746 -8.401721 0.7686391 1.279221 0.08322997 20.3287 1.083923 0 0.0 0.12450978597695797 13.422244023017948 0.0
0.134916 0.0808674 -6.715132 -5.958827 0.9159 1.123749 0.247332 20.43484 0.9009457 1 0.8452548 0.1572954654106723 8.977784637278452 0.0
0.04002079 0.04905043 -5.572546 -4.60454 0.2964369 0.3596251 0.08690209 19.0901 0.7506351 1 0.9976021 0.06330567364311827 7.228765975857566 1.0
-0.03626888 -0.0653313 -5.273862 -4.498208 0.5492536 0.7843197 0.03595741 19.94929 0.837595 0 0.0 0.07472355998039976 6.9316300829103685 1.0
-0.02583474 -0.0334957 -4.686101 -7.636357 0.6745611 0.9526825 -0.00259893 20.0824 0.8996811 0 0.0 0.04230124950113886 8.959547467012493 1.0
0.03206343 0.0825629 -5.774729 -3.92078 0.2180194 0.2703541 0.1271164 18.62977 0.7179699 1 0.8610517 0.0885702884706542 6.979972122569044 1.0
0.1306081 -0.05587557 -3.437303 -4.135919 0.1813963 0.2373117 0.09601582 18.44697 0.9008675 1 0.0 0.1420582806753443 5.377813485829534 0.0
-0.06326752 -0.01170624 -5.478835 -4.605379 0.05212163 0.06863741 0.1235305 15.49923 0.1334734 1 0.999422 0.06434139524355995 7.157314349032464 1.0
-0.03830749 0.07618333 -5.165195 -4.371231 0.3245089 0.5317739 -0.1674397 19.19361 nan 0 0.0 0.08527229069275083 6.7666017943563075 1.0
-0.05593508 0.006706297 -6.488889 -4.169626 0.6511533 1.019865 0.04727291 20.15981 0.8455925 0 0.0 0.05633566893237897 7.713070817398023 1.0
-0.04079312 -0.028725 -4.882229 -3.822702 0.4329944 0.5533482 0.1394183 19.3853 nan 0 0.0 0.04989192584311013 6.200742744965719 1.0
-0.1215362 -0.1518758 -4.82342 -0.5568283 0.3752683 0.5186471 -0.1177912 19.28652 2.092093 1 0.0 0.19451813934972748 4.855454484606038 0.0
0.07782734 0.04691412 -5.534779 -4.770629 0.02801764 0.03819444 -0.01618621 12.34934 1.78546 1 0.9997841 0.09087370085371234 7.307029467196776 1.0
0.01036666 0.05511601 -5.883528 -4.921999 0.5552836 0.6511257 0.120121 19.85875 0.8969707 0 0.0 0.056082458914313835 7.670852356992995 1.0
-0.01451799 -0.0384759 -5.47859 -6.70169 1.150881 0.953465 0.004242454 20.14409 nan 0 0.0 0.04112379985422189 8.656072853448034 1.0
0.009629318 0.0004669614 -4.71814 -6.986698 0.4175018 0.6242587 -0.2387832 18.24571 nan 0 0.0 0.009640633697751094 8.43058681248251 1.0
-0.03142854 0.0003722241 -5.812426 -4.117816 0.3961648 0.5492133 0.006268196 19.44179 nan 0 0.0 0.03143074414187836 7.123250986405856 1.0
0.00208457 0.005084566 -9.201786 -3.044211 1.560003 1.313339 -0.02124335 20.12728 nan 0 0.0 0.005495292848725717 9.692269404134256 0.0
-0.009828713 0.03019863 -5.659032 -4.89545 0.1883778 0.2363676 0.0173983 18.4256 0.7628746 1 0.999049 0.03175784711080506 7.482651527334679 1.0
-0.0313339 -0.06351624 -5.685313 -5.030146 1.112366 1.33808 0.09276478 20.61681 0.8070869 0 0.0 0.0708246145979461 7.591123282445425 1.0
0.0170296 0.01450099 -5.775921 -4.48504 0.3730057 0.5820049 -0.1477957 19.15214 nan 0 0.0 0.022367073727694017 7.31278655505827 1.0
0.04871442 -0.02783173 -6.430876 -5.457175 0.2794429 0.3565666 0.1825909 19.03463 0.8071728 0 0.0 0.056104366235875974 8.434270869968607 1.0
0.06996716 0.1209128 -0.5733687 -8.33158 1.697261 2.464156 0.4320435 20.81708 0.2676716 0 0.0 0.1396972035593612 8.351285946639578 0.0
0.1258294 0.07858144 -3.525683 -8.032042 0.7037797 0.9212809 0.01495996 20.14087 1.188662 0 0.0 0.14835120699486606 8.771780851472123 0.0
-0.001558603 0.01782569 -5.326492 -4.648235 0.05939337 0.07712882 -0.01828979 16.46748 1.091499 1 0.9993268 0.017893699094589387 7.069484114225663 1.0
0.09974329 0.1169182 -5.718751 -4.140027 0.4363449 0.5347883 0.09011464 19.72711 0.7844028 1 0.9619918 0.15368340636276936 7.060023835705514 1.0
-0.01455397 -0.03791135 -6.124336 -5.461867 0.495333 0.4074143 0.7208225 18.13967 0.9634476 0 0.0 0.04060897070332367 8.206063768128114 1.0
-0.1070149 -0.1409045 -2.59744 -4.565229 0.3623717 0.4866211 0.06092513 19.17933 1.456568 1 0.0 0.1769357706690764 5.252428997715343 0.0
0.009760664 0.001550283 -5.070365 -3.573458 0.2369321 0.2803102 0.4072511 18.22423 1.146179 0 0.0 0.009883012653082309 6.203080147071211 1.0
0.002274972 0.00457338 -6.706584 -2.61306 1.109663 1.35977 0.003760757 19.87716 nan 0 0.0 0.00510796458730716 7.197662920188469 1.0
0.0177013 0.02118386 -5.616421 -5.151545 0.5385067 0.6784004 0.05320101 19.73968 0.7528992 0 0.0 0.02760601286295433 7.621194180459254 1.0
0.03483807 -0.005934318 -5.584492 -4.229059 0.1628122 0.2097517 0.05010684 18.30197 0.7453747 0 0.0 0.035339881882230785 7.005104633304559 1.0
0.02346675 -0.02749659 -5.057693 -7.047363 0.3161728 0.4216548 0.09692655 18.99984 0.8813477 0 0.0 0.036149008522926324 8.67442123348976 1.0
-0.01404035 0.01907291 -6.617127 -6.175211 0.7708294 0.6412626 0.6292324 19.29216 0.7050495 0 0.0 0.023683482091757538 9.050944736802341 1.0
-0.009150015 0.03148064 -6.67099 -7.128587 1.488761 1.249522 0.5392935 20.02176 nan 0 0.0 0.032783432848160134 9.76313782534432 0.0
-0.06318701 -0.0516613 -1.810699 -4.821419 2.683343 2.022231 -0.3310262 20.85133 0.9534931 0 0.0 0.08161794012611505 5.15021475689723 0.0
-0.06342016 0.05138866 -5.369316 -1.311504 1.279263 1.653716 0.2734983 20.60899 1.008499 0 0.0 0.08162665662037862 5.527168990529601 1.0
0.007558915 0.03985063 -7.225355 -5.622851 1.622542 1.376039 0.2187335 20.04392 nan 0 0.0 0.04056118720370651 9.155446916684406 1.0
-0.05848713 0.02344685 -5.608837 -4.342287 1.008903 1.377951 0.07776424 20.45177 0.7379513 0 0.0 0.06301189689700985 7.0932720857822735 1.0
-0.06182202 -0.009474724 -2.974209 -4.261115 0.2919631 0.4076327 0.05187795 18.95553 0.7965508 0 0.0 0.06254384503495589 5.196443035279613 0.0
0.02070305 -0.03437579 -12.70956 -8.733293 1.746796 3.145626 0.6066552 20.29088 nan 0 0.0 0.04012868322567537 15.420872933055671 0.0
0.021836 -0.1087939 -6.828016 -5.522116 0.6216832 0.8825199 -0.0361381 20.03362 0.2514648 0 0.0 0.1109636137353592 8.781546994334882 0.0
0.08226604 0.1185475 -0.3732747 -4.568963 0.6022759 0.7710483 0.1719796 20.02172 0.8433533 0 0.0 0.14429556851660968 4.584185521663482 0.0
-0.03191258 -0.1731512 -1.991592 -4.468693 0.03999621 0.0600015 -0.1564247 15.36608 1.263992 1 0.0 0.17606746100201592 4.892407977950429 0.0
0.07244665 0.08999121 0.80576 -17.67728 0.2050684 0.2484513 0.1330221 18.53469 1.318747 1 0.0 0.11552893565460819 17.695634415753506 0.0
0.05199857 0.152429 -2.023884 -4.633798 1.420136 1.616256 0.4301866 20.64968 1.07502 0 0.0 0.16105418753650866 5.056499812148716 0.0
0.06417679 0.02965809 -5.939823 -5.976592 0.5079144 0.6366589 0.09954861 19.83916 0.8032722 1 0.9646676 0.07069839232367452 8.42621796571825 1.0
-0.06623052 0.07178223 -0.608673 -7.121016 1.460494 2.468033 0.2214511 20.66816 1.662546 0 0.0 0.09766867626441601 7.146981998940881 1.0
0.03413581 -0.006139313 -6.123856 -4.726752 0.08544699 0.114836 0.004584979 16.93226 0.5285301 0 0.0 0.034683493025761826 7.735877246844084 1.0
-0.0228601 0.06387365 -6.420843 -4.393084 0.2246036 0.3062254 0.00168171 18.14827 0.8410435 0 0.0 0.06784119203207223 7.77987222656677 1.0
0.001895254 -0.1319697 -2.463729 -10.10556 0.04121143 0.05691746 -0.1041951 15.63306 1.086953 1 0.0 0.1319833084363872 10.401552936895577 0.0
0.007618444 0.03962173 -5.690717 -2.536995 1.706679 2.027889 0.4138273 19.92705 0.6812267 0 0.0 0.0403475176085721 6.230618236107393 1.0
-0.04015111 -0.02880786 -5.453051 -6.05076 0.2867662 0.4898075 -0.2037774 19.01625 nan 0 0.0 0.04941664124575546 8.145395127690309 1.0
-0.05151633 0.01119454 -5.616744 -4.633827 0.2633903 0.3767068 -0.05621464 18.98944 0.7193565 0 0.0 0.052718592379543856 7.281494752278889 1.0
0.01873711 0.06702048 -5.393032 -4.972284 0.1705687 0.2229893 0.05150402 18.34718 0.7938938 1 0.9982085 0.06959040185673955 7.335421073781655 1.0
-0.05043122 0.004673675 -6.553443 1.214277 2.316267 2.730261 0.3883761 20.79446 nan 0 0.0 0.05064732163396229 6.664989406366524 1.0
-0.003826972 0.05334027 -5.47485 -4.355548 0.2145618 0.27725 0.05166216 18.61291 0.7713852 1 0.9974881 0.05347737950163307 6.99605466693936 1.0
0.01288385 -0.01139826 -4.555805 -4.118833 0.4380155 0.5301664 0.3529318 19.19763 0.7484608 0 0.0 0.01720214875677164 6.14167277538571 1.0
0.017502 0.009076149 -7.699257 -3.346781 1.018992 1.290197 -0.08439206 19.89867 0.8819485 0 0.0 0.019715387002800656 8.395207050097692 1.0
-0.02070456 -0.01512682 -7.631084 -6.074159 0.2794611 0.4061793 -0.07968869 18.62548 0.6754341 0 0.0 0.025641752828268197 9.753401999935049 0.0
0.009416068 0.002954228 -5.781623 -6.88659 0.7391263 1.13321 0.4572605 19.35928 nan 0 0.0 0.009868627040100766 8.991789940953302 0.0
-0.0007000506 -0.01950489 -6.16932 -4.55829 2.623471 1.886958 0.3088986 20.35998 nan 0 0.0 0.01951744872555479 7.670626896577619 1.0
-0.03094107 0.0007390619 -7.627879 -2.894111 2.370008 1.678935 -0.2688939 19.99371 nan 0 0.0 0.03094989539945057 8.158456748611345 1.0
0.04156902 -0.08387927 -5.529405 -4.913994 0.07072886 0.1024157 0.001032511 16.89418 1.072578 1 0.9990911 0.09361471764361254 7.397408781868216 1.0
0.004828458 0.03613581 -5.199419 -4.895727 0.231083 0.3094969 -0.007538414 18.74084 0.7734585 0 0.0 0.036456971500851025 7.141575512174467 1.0
0.005646626 -0.03302483 -5.953683 -5.910365 0.5198194 0.5978125 0.2010695 19.61242 0.7560635 0 0.0 0.033504086045030024 8.389204711873111 1.0
