jas1101finalproject/data/gcs/NGC_6316.ecsv
# %ECSV 0.9
# ---
# datatype:
# - {name: x, unit: deg, datatype: float64}
# - {name: y, unit: deg, datatype: float64}
# - {name: pmx, unit: mas / yr, datatype: float64}
# - {name: pmy, unit: mas / yr, datatype: float64}
# - {name: pmx_e, unit: mas / yr, datatype: float64}
# - {name: pmy_e, unit: mas / yr, datatype: float64}
# - {name: pm_corr, datatype: float64}
# - {name: g_mag, unit: mag, datatype: float64}
# - {name: bp_rp, unit: mag, datatype: float64}
# - {name: filter, datatype: int64}
# - {name: memberprob, datatype: float64}
# - {name: r, unit: deg, datatype: float64}
# - {name: pm, unit: mas / yr, datatype: float64}
# - {name: member_prob_GMM, datatype: float64}
# - {name: member_prob_DB, datatype: float64}
# meta: !!omap
# - comments: [deg deg mas/yr mas/yr mas/yr mas/yr dimless mag   mag   zeroone float]
# - __serialized_columns__:
#     bp_rp:
#       __class__: astropy.units.quantity.Quantity
#       unit: &id001 !astropy.units.Unit {unit: mag}
#       value: !astropy.table.SerializedColumn {name: bp_rp}
#     g_mag:
#       __class__: astropy.units.quantity.Quantity
#       unit: *id001
#       value: !astropy.table.SerializedColumn {name: g_mag}
#     pm:
#       __class__: astropy.units.quantity.Quantity
#       unit: !astropy.units.Unit {unit: mas / yr}
#       value: !astropy.table.SerializedColumn {name: pm}
#     pmx:
#       __class__: astropy.units.quantity.Quantity
#       unit: !astropy.units.Unit {unit: mas / yr}
#       value: !astropy.table.SerializedColumn {name: pmx}
#     pmx_e:
#       __class__: astropy.units.quantity.Quantity
#       unit: !astropy.units.Unit {unit: mas / yr}
#       value: !astropy.table.SerializedColumn {name: pmx_e}
#     pmy:
#       __class__: astropy.units.quantity.Quantity
#       unit: !astropy.units.Unit {unit: mas / yr}
#       value: !astropy.table.SerializedColumn {name: pmy}
#     pmy_e:
#       __class__: astropy.units.quantity.Quantity
#       unit: !astropy.units.Unit {unit: mas / yr}
#       value: !astropy.table.SerializedColumn {name: pmy_e}
#     r:
#       __class__: astropy.units.quantity.Quantity
#       unit: &id002 !astropy.units.Unit {unit: deg}
#       value: !astropy.table.SerializedColumn {name: r}
#     x:
#       __class__: astropy.units.quantity.Quantity
#       unit: *id002
#       value: !astropy.table.SerializedColumn {name: x}
#     y:
#       __class__: astropy.units.quantity.Quantity
#       unit: *id002
#       value: !astropy.table.SerializedColumn {name: y}
# schema: astropy-2.0
x y pmx pmy pmx_e pmy_e pm_corr g_mag bp_rp filter memberprob r pm member_prob_GMM member_prob_DB
[from data line 342]
0.06716466 -0.04677147 -0.9319876 -1.469006 0.4969618 0.3153335 0.5279228 18.07994 1.921597 0 0.0 0.08184535392358262 1.73970673235168 0.0 0.0
0.05269106 -0.05117888 -4.060491 0.08325724 1.587153 1.221056 -0.1335595 19.75439 nan 0 0.0 0.07345492197244512 4.061344473089351 0.0 0.0
0.03555389 -0.06166414 -3.385762 -1.770214 1.546773 1.055332 0.2515163 19.99541 nan 0 0.0 0.07117966883929497 3.820607533683616 0.0 0.0
0.07082584 -0.04228775 -2.796722 -7.133058 0.9845989 0.6684912 -0.2534178 19.19169 1.330181 0 0.0 0.08248971700623114 7.661734162488803 0.0 0.0
0.06589801 -0.05069982 -5.339969 -2.665355 0.4719965 0.283472 0.5133724 18.20742 1.752708 0 0.0 0.0831445696963578 5.968197901962199 0.0 0.0
0.06533586 -0.04628587 -5.456285 -5.038464 0.5937064 0.3752722 0.3893523 18.8928 1.767193 0 0.0 0.08006969691210589 7.426787022698376 0.0 0.0
0.05220097 -0.06333226 -1.334545 -3.159379 1.691595 1.243427 -0.04085543 19.87788 1.119125 0 0.0 0.08207262896757055 3.429677247594298 0.0 0.0
0.05882017 -0.05756025 -6.391586 -3.157154 1.194687 0.8054881 0.2576535 19.82679 1.143993 0 0.0 0.08229820641357502 7.128814275537833 0.0 0.0
0.05559115 -0.06047486 -1.36926 -4.907506 1.158561 0.7788029 0.2768834 19.10829 1.761526 0 0.0 0.08214368296066411 5.094947309603506 0.0 0.0
0.05077459 -0.06537244 -3.261129 -6.374962 1.797707 1.204404 -0.1973943 19.72108 1.422995 0 0.0 0.0827744821863701 7.160663576518939 0.0 0.0
0.06921758 -0.03344613 0.3772652 1.178358 0.3530015 0.2583278 0.3438971 17.73486 1.826248 1 0.0 0.07687468369387479 1.2372779022091358 0.0 0.0
0.06124351 -0.05281612 1.522358 -4.91644 1.502387 1.010673 0.259329 19.75026 1.62635 0 0.0 0.08087218340674684 5.146742285539854 0.0 0.0
0.04776802 -0.05298283 -10.79266 -9.230427 1.096838 0.7274144 0.316293 19.32804 1.515261 0 0.0 0.07133697505171704 14.2014890936806 0.0 0.0
0.06814125 -0.03384408 -1.598752 -3.467048 0.39518 0.2670324 0.2289539 17.90554 1.579073 0 0.0 0.07608318935618368 3.8179090863728016 0.0 0.0
0.03988523 -0.05824579 -7.255772 -5.256356 1.241277 0.8714357 0.5326699 19.43405 1.305138 0 0.0 0.07059322648014468 8.959659910661788 0.0 0.0
0.06603997 -0.03859969 0.9333147 -6.710823 0.8422769 0.5724626 0.1617178 19.00805 1.581589 0 0.0 0.07649322653475274 6.775413025533211 0.0 0.0
0.06560959 -0.03854793 -4.586963 -4.611262 1.991656 1.387186 0.2422273 20.1218 nan 0 0.0 0.07609573711616834 6.50414996721424 0.0 0.0
0.03945427 -0.0599508 1.401218 -4.015654 0.523953 0.4005573 0.4663409 18.26975 1.583784 0 0.0 0.07176864107584106 4.253103447041935 0.0 0.0
0.04101458 -0.05893096 -5.331761 -6.448402 0.3768476 0.2490429 0.3462348 18.1003 1.739395 0 0.0 0.07179870346390664 8.367171787092996 0.0 0.0
0.06485695 -0.03759189 -1.243164 -7.546865 2.789632 1.772349 -0.4382257 20.19996 nan 0 0.0 0.07496381898672586 7.6485703277881285 0.0 0.0
0.06302939 -0.0347107 1.076059 -7.163445 2.244078 1.51059 0.02215674 19.93516 1.527752 0 0.0 0.0719551019613071 7.2438144122765875 0.0 0.0
0.07042925 -0.03179325 -9.853452 -8.042202 1.258929 0.9637046 -0.2519409 19.57969 1.503475 0 0.0 0.0772728283494593 12.718786472187825 0.0 0.0
0.05495534 -0.04164709 -4.592185 -3.122735 1.059967 0.7040597 0.2850175 19.59885 1.50701 0 0.0 0.06895338642868601 5.553344663754447 0.0 0.0
0.06970015 -0.03598894 -4.76666 -7.863064 1.965721 1.375627 -0.09426864 19.84072 1.257227 0 0.0 0.07844306669391567 9.19504339433458 0.0 0.0
0.04112271 -0.05751193 -8.600188 -4.358146 0.5614375 0.3643741 0.5435536 18.42789 1.493025 0 0.0 0.07070148067805228 9.641403953401184 0.0 0.0
0.04330229 -0.05502179 0.09344319 -6.01548 2.248362 1.671455 0.1860679 19.90318 1.478775 0 0.0 0.07001775270635441 6.016205719567557 0.0 0.0
0.04004516 -0.06210632 -1.97886 -2.240254 0.5651869 0.3665718 0.5521368 18.39069 1.598978 0 0.0 0.07389729239537807 2.98908428855996 0.0 0.0
0.04771494 -0.05137301 4.299918 -0.9626481 2.143153 1.356248 0.5503155 20.06565 nan 0 0.0 0.07011349125285161 4.406357472012185 0.0 0.0
0.06539775 -0.033047 1.622472 -17.68058 0.9558677 0.6312919 0.279952 18.38206 1.60306 0 0.0 0.07327325510759367 17.754867629109036 0.0 0.0
0.04725771 -0.05131177 2.520772 -1.545775 1.615622 1.011809 0.3850083 19.99467 1.34234 0 0.0 0.06975807404865046 2.9569768052199867 0.0 0.0
0.05919726 -0.05656672 -2.317192 -3.881884 0.832317 0.5655202 0.3306923 19.23547 1.354273 0 0.0 0.08187862604529952 4.520885107400983 0.0 0.0
0.07212674 -0.02786715 -1.608578 0.85698 0.1098989 0.08102434 -0.06890749 15.14733 2.234456 1 0.0 0.07732298928617608 1.8226184193308264 0.0 0.0
0.05557245 -0.04471061 -3.797994 -11.66803 1.338415 0.8827529 0.3045418 19.51694 1.219763 0 0.0 0.07132556235722647 12.270602369278208 0.0 0.0
0.0542812 -0.04489115 3.371821 3.587563 1.020922 0.655161 0.4880045 18.84575 1.455557 0 0.0 0.07043908021661342 4.923391629254167 0.0 0.0
0.05260506 -0.06195536 -6.061343 -4.889514 0.2830369 0.2023886 0.6524078 17.23712 nan 0 0.0 0.0812758203301154 7.787632895806338 0.0 0.0
0.03928984 -0.06826678 -2.610197 -1.569836 0.605955 0.3808875 0.5378168 18.46187 1.530437 0 0.0 0.07876575892349416 3.0459010892845813 0.0 0.0
0.04574436 -0.0678955 3.79566 -8.421644 0.9095632 0.5608056 0.5799699 18.91652 1.605808 0 0.0 0.08186785322737856 9.237484641304473 0.0 0.0
0.03415266 -0.07009797 -1.292217 -6.491488 0.1091827 0.07235806 0.2758963 15.65898 2.208891 1 0.0 0.07797518568875934 6.6188549787129345 0.0 0.0
0.04564126 -0.05741649 -6.93231 -7.51188 0.818253 0.5245247 0.2281066 18.99963 1.086475 0 0.0 0.07334696952368039 10.221803317932702 0.0 0.0
0.05327766 -0.06149792 3.079321 -7.552336 2.531381 1.785917 0.04114912 19.79423 1.315863 0 0.0 0.08136647478785104 8.155979210244286 0.0 0.0
0.07777891 -0.0244684 -2.175704 -9.903214 1.610881 1.130393 -0.1821791 19.73961 1.459551 0 0.0 0.08153687165539343 10.139395219903996 0.0 0.0
0.07907049 -0.02422329 -2.281027 -6.203339 0.399037 0.2831482 0.1135839 17.99667 1.653913 0 0.0 0.08269770351868423 6.609425007037299 0.0 0.0
0.04367454 -0.06554288 -6.527167 -4.395932 0.5243973 0.3440605 0.5197067 18.32413 1.914988 1 0.005557779 0.0787612503894269 7.869442622861737 0.0 0.0
0.04900704 -0.04913818 -1.985204 -5.660416 2.121945 1.299759 0.6285685 19.9488 nan 0 0.0 0.06939921255514359 5.9984451497593945 0.0 0.0
0.0486037 -0.04885571 -8.294501 -8.00989 0.9625939 0.6347565 0.327721 19.47198 nan 0 0.0 0.0689144400927273 11.530701828210676 0.0 0.0
0.04836115 -0.04989129 -2.953855 -7.020538 2.096642 1.299983 0.179425 20.11432 nan 0 0.0 0.06948339116066947 7.616640543603787 0.0 0.0
0.04811956 -0.04881162 -0.06851073 -2.409758 1.085772 0.7074681 0.2987613 19.64643 nan 0 0.0 0.06854244160823278 2.410731701929755 0.0 0.0
0.05110596 -0.04730238 -9.880552 -7.719815 1.250282 0.9027463 0.0566585 19.0889 nan 0 0.0 0.06963716178295896 12.538773921677071 0.0 0.0
0.05622018 -0.04061397 -6.52935 -7.946086 1.234509 0.8329754 0.3079516 19.68288 1.483389 0 0.0 0.06935562845503816 10.284585268346799 0.0 0.0
0.03829826 -0.05860379 5.551456 1.908607 2.197154 1.42084 0.152146 20.07594 1.266733 0 0.0 0.07000829180455484 5.870387074153203 0.0 0.0
0.03659952 -0.07120504 2.657891 -2.526037 2.675241 2.382121 -0.2274744 20.21886 nan 0 0.0 0.08006049328871262 3.6667761716867857 0.0 0.0
0.04712437 -0.0487139 14.37405 0.8735569 3.485457 2.073934 0.6359126 20.00318 nan 0 0.0 0.06777721077992882 14.400569956082906 0.0 0.0
0.03619923 -0.06206108 -3.749068 -2.077033 1.225747 0.7852242 0.3641343 19.73449 nan 0 0.0 0.07184679466308361 4.285974445993933 0.0 0.0
0.07492905 -0.02163777 -4.776796 -7.242837 0.1543735 0.1200795 -0.1850203 15.93467 2.271727 1 0.0 0.07799074063294566 8.6762012329236 0.0 0.0
0.03402044 -0.06303503 0.08842407 -2.302854 0.517014 0.4086239 0.3127479 17.22627 1.598089 0 0.0 0.07162964012819345 2.3045510108199743 0.0 0.0
0.05752899 -0.05789714 -14.85457 -6.970928 3.055933 1.838234 -0.02839058 20.16327 nan 0 0.0 0.08161901439370424 16.408902677086118 0.0 0.0
0.05739469 -0.05755947 0.1184192 -8.324959 1.5171 1.115881 -0.2856818 19.82172 1.156645 0 0.0 0.08128494957171961 8.325801190192426 0.0 0.0
0.03875048 -0.07239408 5.355153 0.6523018 1.951021 0.9227945 -0.1081511 19.66559 1.591467 0 0.0 0.08211274273385831 5.394734589550466 0.0 0.0
0.06474975 -0.03693188 8.239801 7.411047 1.23081 0.8680817 0.3952911 18.77105 1.47341 0 0.0 0.0745418934921625 11.082325485014866 0.0 0.0
0.03961675 -0.0569487 1.324683 -1.225336 1.154808 0.7601103 0.4411117 19.54708 1.504295 0 0.0 0.06937320312809911 1.8045036335194784 0.0 0.0
0.05820666 -0.04820437 0.6673776 -4.171792 1.34889 0.8491414 0.4309502 19.76393 0.5837841 0 0.0 0.07557563466787759 4.224836251530437 0.0 0.0
0.04284552 -0.05384859 -6.690399 -6.272503 1.485803 1.089885 0.200309 19.46196 1.496998 0 0.0 0.06881430976954211 9.170917765644287 0.0 0.0
0.05234218 -0.04956128 -1.803181 -9.702816 1.166074 0.9130876 0.1630297 19.08741 nan 0 0.0 0.07208345359644473 9.86894624813698 0.0 0.0
0.05896442 -0.03984487 -5.496806 -6.359372 0.8983076 0.5962748 0.229261 19.31452 1.413357 0 0.0 0.07116471380714813 8.405741397165393 0.0 0.0
0.0660357 -0.04551001 0.6081167 -6.340173 1.676019 1.087036 0.279662 20.15906 1.333208 0 0.0 0.08019896934930087 6.369269941739625 0.0 0.0
0.06744253 -0.03267825 -1.559543 -3.087311 0.8000972 0.4968844 0.3594636 18.77222 1.483212 0 0.0 0.07494239705175837 3.458852928294292 0.0 0.0
0.06690424 -0.03307273 -3.55966 -6.528637 0.8116517 0.4703177 0.3554914 18.68629 1.752525 0 0.0 0.07463231739421268 7.436012398683114 0.0 0.0
0.04977978 -0.06482075 -4.453902 -3.896572 1.878008 1.295024 -0.1149407 19.91414 1.409737 0 0.0 0.08172977503585153 5.917813479384764 0.0 0.0
0.05153681 -0.0463184 -2.407523 -7.43348 1.624248 1.02771 0.3043844 19.82786 0.9933605 0 0.0 0.06929240191778678 7.81362860046016 0.0 0.0
0.06873462 -0.03145646 -0.2943031 -3.222384 0.4472058 0.2990901 0.1665927 18.05689 1.563198 0 0.0 0.07559071941896042 3.2357955680366475 0.0 0.0
0.06514511 -0.05030645 -4.84198 -0.854489 1.888788 1.251907 0.1914968 19.52771 nan 0 0.0 0.08230810572789657 4.9167999523593595 0.0 0.0
0.06644479 -0.03648851 3.659232 -1.88344 1.411429 0.9845258 -0.2864277 19.54206 1.66468 0 0.0 0.07580449511845719 4.115498154953298 0.0 0.0
0.05218303 -0.04498547 -6.968459 -3.665449 0.3132013 0.2265579 0.5104406 17.36407 1.834333 0 0.0 0.06889674252895996 7.873686379725954 0.0 0.0
0.03369698 -0.06535807 -0.6736048 -1.147041 0.0968559 0.06572308 0.2268392 13.38355 2.634316 1 0.0 0.07353341944480278 1.3302054285951626 0.0 0.0
0.04645117 -0.05043785 12.99283 -1.696518 1.866482 1.279058 -0.2258142 19.54588 1.380505 0 0.0 0.06856885522590704 13.103121946056367 0.0 0.0
0.04257013 -0.06995985 -1.471627 -4.233843 0.6675518 0.4155464 0.2948104 18.98848 1.413231 0 0.0 0.0818938128324686 4.482311075302338 0.0 0.0
0.0448569 -0.06784363 -2.872407 -4.512716 0.1766035 0.1202872 0.3386295 16.6768 1.877771 1 0.0 0.08133203310619316 5.349329646816038 0.0 0.0
0.06756716 -0.04831668 -7.823701 -1.821154 0.07210187 0.04692302 0.2423657 14.71459 1.917684 1 0.0 0.08306517126141377 8.032863700394586 0.0 0.0
0.04749353 -0.06540336 -2.089744 -7.065542 2.20741 1.43873 0.4894252 20.24199 nan 0 0.0 0.08082842873117416 7.368101094535824 0.0 0.0
0.07489914 -0.025935 2.418567 -9.864763 1.767572 1.269314 -0.5090798 19.5773 1.230082 0 0.0 0.07926225708204127 10.156919581234165 0.0 0.0
0.07152969 -0.03561822 1.320942 -6.183835 1.729622 1.360005 -0.1081701 19.39946 1.424936 0 0.0 0.07990715955072174 6.323345876558469 0.0 0.0
0.04240846 -0.07073798 -1.674688 -4.696497 0.3856834 0.2762595 0.5643045 17.65228 1.841959 0 0.0 0.08247629534631148 4.9861472068474875 0.0 0.0
0.0529634 -0.0443736 -7.157694 -1.318435 2.424688 1.952368 -0.1435031 19.90769 nan 0 0.0 0.06909513815399748 7.278107875461933 0.0 0.0
0.05320573 -0.04391405 -6.311298 -2.574452 1.352928 0.8735069 0.4734804 19.77745 0.9019852 0 0.0 0.06898763289340634 6.816178221342808 0.0 0.0
0.0598968 -0.05613605 -2.094108 -3.42572 0.2341573 0.1708712 0.5408277 17.18499 1.512747 1 0.0 0.08209069837589701 4.015077313584883 0.0 0.0
0.04117705 -0.05609098 0.3035514 -7.131028 2.48672 1.539073 0.610547 20.01166 0.9645214 0 0.0 0.06958266654895384 7.137485817094557 0.0 0.0
0.06907726 -0.04242966 -2.925311 -8.604629 0.2903942 0.2082025 0.175677 17.07698 2.020553 0 0.0 0.08106752677134785 9.08829382636598 0.0 0.0
0.05936525 -0.04464971 -3.0619 -5.270823 0.9916625 0.6465729 0.3053033 19.45065 1.451113 0 0.0 0.0742820941455382 6.0956383346889105 0.0 0.0
0.05699277 -0.05470014 -3.424248 -4.214737 0.5264472 0.3391841 0.4838484 18.20728 1.461168 0 0.0 0.0789954501746303 5.43042193063053 0.0 0.0
0.04033823 -0.06942874 -3.344927 -6.386534 0.8743755 0.5304212 0.5077243 18.93145 1.417818 0 0.0 0.0802964677773593 7.209462751723252 0.0 0.0
0.07570967 -0.02110044 -0.1908659 -5.263196 1.168501 0.8182757 -0.2191271 19.46232 nan 0 0.0 0.07859505518607708 5.266655668087558 0.0 0.0
0.06149127 -0.04294001 -11.72377 -6.326949 3.02478 1.756063 0.6411508 20.27223 nan 0 0.0 0.07500013829995915 13.322051893815043 0.0 0.0
0.07414856 -0.02200534 -0.2004514 -1.625163 0.2553862 0.1843639 0.2098428 17.12486 2.058868 1 0.0 0.07734496711867683 1.6374784091190209 0.0 0.0
0.06923734 -0.04447634 -4.113569 -4.549767 1.228927 0.8394071 -0.1441929 19.46861 nan 0 0.0 0.0822918833790502 6.13366364190685 0.0 0.0
0.04071604 -0.06598803 -1.468474 -2.762407 1.422253 1.009172 0.4619274 19.86987 nan 0 0.0 0.0775384808760302 3.128467407905187 0.0 0.0
0.04466965 -0.06545555 1.236388 -5.11812 1.246298 0.8430918 0.2889795 19.82127 nan 0 0.0 0.07924523113049138 5.265340218916913 0.0 0.0
0.07576466 -0.01943727 -0.1674704 -4.207359 0.515636 0.3263071 0.3554223 18.11992 1.876839 0 0.0 0.07821822786261844 4.210690690344894 0.0 0.0
0.08026054 -0.01587762 0.8462911 -8.572027 2.192075 1.341179 -0.2515054 20.0775 nan 0 0.0 0.08181597092228388 8.613701615140162 0.0 0.0
0.05174803 -0.05452582 -7.946946 -6.840814 0.2194809 0.1429023 0.3847425 16.56084 1.859834 1 0.0 0.0751726257061259 10.485737308816772 0.0 0.0
0.03727172 -0.07151808 -0.7041134 -4.658706 1.528902 1.050488 0.1325963 19.8359 1.462572 0 0.0 0.0806474852592739 4.7116151449896195 0.0 0.0
0.06634208 -0.02859202 -2.920805 -0.05953586 1.294819 0.8912265 -0.2843788 19.57571 1.640541 0 0.0 0.07224109070609883 2.9214117078308117 0.0 0.0
0.07899477 -0.01746359 -6.654338 -6.139268 0.1239568 0.08604984 0.1174142 15.78984 2.072774 1 0.0 0.08090210543021116 9.0537741187898 0.0 0.0
0.05174589 -0.05894514 -0.959634 -4.134499 1.252077 0.8393098 0.2469908 19.68942 nan 0 0.0 0.07843574861956569 4.244405658623713 0.0 0.0
0.0513428 -0.05822016 -1.386131 0.321831 0.7215402 0.4526104 0.4925718 18.90858 1.445164 0 0.0 0.07762519012708181 1.4230018769214607 0.0 0.0
0.070703 -0.02463897 5.187952 -1.409414 2.452171 1.724279 0.01868862 19.91264 0.9982891 0 0.0 0.07487317978863259 5.3759923528312425 0.0 0.0
0.04641945 -0.06152906 -4.921175 -1.920067 1.992467 1.352533 -0.7014609 19.57051 nan 0 0.0 0.07707522664764664 5.2824824339617065 0.0 0.0
0.04894607 -0.06480701 -3.730084 -7.020838 0.5370441 0.3430539 0.3393424 18.21959 1.320822 1 0.0 0.08121370767047273 7.950200806853875 0.0 0.0
0.03942377 -0.06972213 -7.823272 -3.735406 1.697328 1.172036 0.5370014 19.91628 1.29545 0 0.0 0.08009624868088268 8.66930463017767 0.0 0.0
0.04956645 -0.06087816 6.353151 -1.852496 1.436946 0.9524291 -0.1735894 19.52868 nan 0 0.0 0.07850467075651041 6.617723857854527 0.0 0.0
0.06173434 -0.04125406 3.183361 4.331003 1.71651 1.043593 0.3275157 20.00387 2.041233 0 0.0 0.07424975556673032 5.37506969650906 0.0 0.0
0.06492964 -0.05079269 -0.4635167 -6.485629 0.1421771 0.09215142 0.2424531 16.45593 1.88205 1 0.0 0.08243637248184627 6.502171272491974 0.0 0.0
0.08201078 -0.01414135 3.570825 2.392138 0.5276743 0.3394854 0.3775089 18.19223 1.552776 0 0.0 0.08322106593904514 4.298036225029868 0.0 0.0
0.07843011 -0.01696727 0.6339761 -2.634522 0.1509432 0.106126 0.1254517 15.7901 1.364406 0 0.0 0.08024444158859229 2.7097291126338092 0.0 0.0
