jas1101finalproject/data/gcs/NGC_5927.ecsv
# %ECSV 0.9
# ---
# datatype:
# - {name: x, unit: deg, datatype: float64}
# - {name: y, unit: deg, datatype: float64}
# - {name: pmx, unit: mas / yr, datatype: float64}
# - {name: pmy, unit: mas / yr, datatype: float64}
# - {name: pmx_e, unit: mas / yr, datatype: float64}
# - {name: pmy_e, unit: mas / yr, datatype: float64}
# - {name: pm_corr, datatype: float64}
# - {name: g_mag, unit: mag, datatype: float64}
# - {name: bp_rp, unit: mag, datatype: float64}
# - {name: filter, datatype: int64}
# - {name: memberprob, datatype: float64}
# - {name: r, unit: deg, datatype: float64}
# - {name: pm, unit: mas / yr, datatype: float64}
# - {name: member_prob_GMM, datatype: float64}
# meta: !!omap
# - comments: [deg deg mas/yr mas/yr mas/yr mas/yr dimless mag   mag   zeroone float]
# - __serialized_columns__:
#     bp_rp:
#       __class__: astropy.units.quantity.Quantity
#       unit: &id001 !astropy.units.Unit {unit: mag}
#       value: !astropy.table.SerializedColumn {name: bp_rp}
#     g_mag:
#       __class__: astropy.units.quantity.Quantity
#       unit: *id001
#       value: !astropy.table.SerializedColumn {name: g_mag}
#     pm:
#       __class__: astropy.units.quantity.Quantity
#       unit: !astropy.units.Unit {unit: mas / yr}
#       value: !astropy.table.SerializedColumn {name: pm}
#     pmx:
#       __class__: astropy.units.quantity.Quantity
#       unit: !astropy.units.Unit {unit: mas / yr}
#       value: !astropy.table.SerializedColumn {name: pmx}
#     pmx_e:
#       __class__: astropy.units.quantity.Quantity
#       unit: !astropy.units.Unit {unit: mas / yr}
#       value: !astropy.table.SerializedColumn {name: pmx_e}
#     pmy:
#       __class__: astropy.units.quantity.Quantity
#       unit: !astropy.units.Unit {unit: mas / yr}
#       value: !astropy.table.SerializedColumn {name: pmy}
#     pmy_e:
#       __class__: astropy.units.quantity.Quantity
#       unit: !astropy.units.Unit {unit: mas / yr}
#       value: !astropy.table.SerializedColumn {name: pmy_e}
#     r:
#       __class__: astropy.units.quantity.Quantity
#       unit: &id002 !astropy.units.Unit {unit: deg}
#       value: !astropy.table.SerializedColumn {name: r}
#     x:
#       __class__: astropy.units.quantity.Quantity
#       unit: *id002
#       value: !astropy.table.SerializedColumn {name: x}
#     y:
#       __class__: astropy.units.quantity.Quantity
#       unit: *id002
#       value: !astropy.table.SerializedColumn {name: y}
# schema: astropy-2.0
x y pmx pmy pmx_e pmy_e pm_corr g_mag bp_rp filter memberprob r pm member_prob_GMM
[from data line 4966]
-0.05736572 0.06460469 -10.26069 -4.937146 0.3361952 0.3063742 -0.1212231 17.82701 1.197954 1 0.0 0.08639786919313752 11.386710231731376 0.0
-0.1516497 -0.06847913 -3.33864 -6.098936 0.9068154 0.5732698 0.2193218 19.14919 1.998756 0 0.0 0.1663941788514457 6.952951702816294 0.0
-0.0459096 -0.08417502 -5.182165 -3.364727 0.1489608 0.131974 -0.3349878 16.41085 1.807286 1 0.9533781 0.09588078725250644 6.1786909513062716 0.0
0.1123752 -0.0006422029 -6.026961 -4.135297 2.135375 1.306359 -0.05168714 20.13165 1.397356 0 0.0 0.11237703501874735 7.309236634131501 0.0
-0.07560611 -0.03960061 -1.016673 -5.354716 2.076913 1.910544 -0.4240366 20.25902 nan 0 0.0 0.08534923656192948 5.450376815375704 0.0
-0.1399247 0.05394098 -4.575008 -0.5513417 0.4609795 0.3651067 -0.08664676 18.20528 1.74264 0 0.0 0.14996183178879352 4.608109793638048 0.0
0.08317571 0.03450626 -4.28515 -2.123057 0.3996046 0.3240914 -0.04439125 18.06313 1.354984 0 0.0 0.09004932377975805 4.782246495921033 0.0
-0.02314679 -0.008798921 -4.869877 -3.239451 0.1592678 0.1352283 -0.2186704 16.03486 1.64888 0 0.0 0.024762772422900085 5.848909708358473 0.0
-0.01694303 -0.02632862 -5.545255 -2.324662 2.539608 1.305813 -0.1813591 19.82611 nan 0 0.0 0.03130914397880115 6.012811857132152 1.0
-0.1583283 0.01924112 -7.27247 -3.807686 2.543273 1.684091 -0.0003208378 20.57527 0.7922745 0 0.0 0.15949317000970417 8.208976341511528 0.0
-0.02249674 -0.07390784 -3.172784 -2.654474 0.143996 0.1237296 -0.2003208 16.48936 1.806529 1 0.0 0.07725588731024452 4.136760873839822 0.0
-0.069421 -0.1056616 -6.853932 -3.712347 1.990412 1.050477 0.3316547 20.09939 1.386709 0 0.0 0.12642645670728891 7.794735666399022 0.0
-0.1207854 -0.002246195 -1.273633 -3.892145 1.35785 0.9559006 0.272279 19.85354 1.09581 0 0.0 0.12080628396378239 4.095233048278693 0.0
-0.06771604 0.07713365 -4.106981 -7.883104 0.8883292 0.5374212 0.01265535 19.10641 1.302841 1 0.0 0.1026404502893674 8.88879190943162 0.0
0.1132205 0.02510123 -8.69395 -1.844859 0.98049 0.6156578 -0.01456012 19.35632 1.424244 0 0.0 0.1159696226076592 8.887534603723408 0.0
0.1603437 -0.002078554 -4.854936 -4.055611 0.2779282 0.2265555 -0.07847795 17.83084 1.464287 1 0.08429011 0.16035717170248706 6.326008547845711 0.0
0.1172833 0.0402738 -5.987538 1.042864 0.413472 0.327743 -0.04622905 18.3246 1.536297 1 0.0 0.12400544917595355 6.077678555496333 0.0
-0.09152436 -0.01235002 -7.337502 -4.911529 2.225545 1.274225 -0.06226896 20.15741 1.678473 0 0.0 0.09235383840106484 8.829612263165636 0.0
-0.04281234 -0.08275302 0.02050317 -2.799451 1.636412 0.803355 -0.07782895 19.62633 1.448286 0 0.0 0.09317166294209844 2.79952608156828 0.0
-0.05727417 0.005412115 -6.066294 -3.348269 1.204546 0.7297183 0.07886588 19.38778 0.6447811 0 0.0 0.05752931025105485 6.928984643567699 0.0
-0.1632681 -0.02906252 -6.842382 -4.701797 1.101241 0.6934428 0.2756489 19.61487 1.27026 0 0.0 0.16583456378680653 8.30211337330038 0.0
0.1393922 -0.08876585 -4.840905 -2.252273 0.6317666 0.5808906 -0.2836573 18.92417 1.376375 1 0.3571981 0.1652560484432037 5.339203581579747 0.0
-0.134263 0.007158603 -4.133408 -2.438864 1.480269 0.9326414 0.2722215 19.7728 1.691586 0 0.0 0.1344537049170145 4.799283207413374 0.0
0.1594788 -0.0232473 -3.32631 -4.20266 1.228418 0.7954922 0.03413649 19.73775 1.302668 0 0.0 0.16116427832100388 5.359728471825788 0.0
0.0908505 0.0148425 -3.676928 -3.475938 0.5656181 0.4641891 -0.1296653 18.939 1.328339 1 0.3248414 0.09205494639887636 5.05983641010537 0.0
-0.1187672 -0.03932002 -8.651771 -3.554334 2.789876 1.801227 0.2797923 20.44847 nan 0 0.0 0.1251068014483641 9.353418178398579 0.0
-0.06639818 0.04929967 -7.131106 -5.431051 0.9714952 0.5818099 0.01528107 19.23677 1.188759 0 0.0 0.08269930936483871 8.9637596882021 0.0
-0.1222095 0.058301 -1.625754 -1.773491 2.763186 3.222676 -0.3824208 20.54879 1.601238 0 0.0 0.1354037240671393 2.4058982512976312 0.0
-0.1172672 -0.02095224 -9.22375 0.2146514 1.716192 1.36218 -0.02317013 19.08113 1.48802 0 0.0 0.11912427358375623 9.22624730245304 0.0
0.09314012 0.02311211 -11.41338 -1.666601 2.771763 1.763158 -0.1651388 20.41088 1.123701 0 0.0 0.09596484555433046 11.53441814386842 0.0
-0.108129 0.04033391 -10.27321 -3.58406 0.670492 0.4838385 -0.1142423 18.30324 1.18717 0 0.0 0.11540669363987559 10.880456322585925 0.0
-0.02088831 -0.02170298 3.52469 -4.540439 2.393286 1.049043 0.0199045 19.04469 nan 0 0.0 0.030122098790364857 5.7479584122382965 0.0
0.1219695 -0.05576582 -5.272612 -4.693664 0.1813643 0.1568298 -0.1501651 17.22567 1.282679 1 0.0 0.13411333121849742 7.0591018584123 0.0
-0.0288091 -0.07712709 -5.59683 -2.383394 1.487326 0.8601963 -0.03088536 19.65252 1.237011 0 0.0 0.08233196374846223 6.083179514705775 0.0
-0.1200152 -0.08768987 1.973352 -1.397184 1.395097 0.9010932 0.1220342 20.00688 1.994911 0 0.0 0.14863768543561523 2.4179001728276543 0.0
0.1491651 0.04660738 -1.965794 -2.08251 1.325966 0.826394 -0.006761408 19.79418 1.624084 1 0.05975123 0.15627691745256048 2.863772677873717 0.0
0.009487751 0.009859698 -4.575191 -1.562158 0.7821537 0.6684829 -0.1832249 18.11503 1.394285 0 0.0 0.013683240248172397 4.834533100873858 0.0
-0.1166045 0.08214953 -9.810479 -0.04372763 3.885749 3.120863 -0.3151813 20.76978 nan 0 0.0 0.1426364423962926 9.810576451721195 0.0
0.1480848 0.007891428 -3.816961 -2.363798 0.4446428 0.3594363 -0.02480284 18.6137 1.818996 1 0.02766315 0.1482949177379966 4.489624957646797 0.0
-0.1618117 0.03348486 -7.192876 -3.80889 1.020206 0.6289701 0.284085 19.34857 1.380613 1 0.2042435 0.16524001363504423 8.139109790602163 0.0
-0.04663036 0.05850542 -7.045069 -0.7670111 2.235434 1.381921 0.1940514 19.99155 1.079729 0 0.0 0.07481493596272071 7.086699037089427 0.0
0.06413384 0.05804992 -5.501964 -1.630903 2.764129 1.724535 -0.25433 20.36145 0.9592838 0 0.0 0.08650400363654852 5.738593246842383 0.0
0.08767672 0.08702651 -5.006112 -2.811822 2.157868 1.461428 -0.2648547 20.13315 1.681406 0 0.0 0.12353469420668228 5.741733215347784 0.0
-0.04864842 -0.03086357 -7.103126 -3.869889 1.15993 0.6469121 -0.03915443 19.44937 nan 0 0.0 0.05761274790913293 8.088908445779133 0.0
0.1262244 -0.0538888 1.094348 -4.677308 3.299937 1.589798 -0.4456711 20.25509 nan 0 0.0 0.13724650057761034 4.803624430778076 0.0
0.1208634 -0.05020111 -6.010038 -3.562206 0.9933057 0.6444951 0.142209 19.13409 1.473694 0 0.0 0.13087441654040755 6.986405967869317 0.0
-0.03807182 0.03528926 -3.751907 -5.316324 2.245787 1.346564 -0.3147642 19.74524 nan 0 0.0 0.05191141829559273 6.506927616750089 0.0
-0.1165069 -0.06239714 0.2290832 -4.16532 1.645083 0.984726 0.2798958 19.89149 1.564245 0 0.0 0.13216376518467382 4.171614773073161 0.0
0.03174346 0.009758373 0.186635 0.3728221 2.38079 1.530485 -0.1822114 19.82839 1.696177 0 0.0 0.03320953321530926 0.41692798115910856 0.0
0.1150586 -0.09705398 -1.936986 -4.013685 2.75903 1.855296 -0.4025861 20.23886 1.273952 0 0.0 0.150525600705662 4.456633487669925 0.0
-0.0006002304 -0.001373631 -5.750242 -2.362134 0.3986836 0.3789955 0.02410987 16.03343 nan 0 0.0 0.001499045915656075 6.21650706526744 0.0
0.05749847 0.02387117 -9.840522 -6.589603 0.3411294 0.274186 -0.1794767 18.05648 1.386877 1 0.0 0.06225678123312994 11.843088318934932 0.0
-0.1206753 -0.02625569 -2.510966 -2.206402 2.562731 1.442967 0.4434352 20.31662 0.9976101 0 0.0 0.12349853961673433 3.342627714652052 0.0
-0.01954658 -0.01738417 -2.753657 -1.956161 0.4295762 0.3547919 -0.1909937 18.04012 nan 0 0.0 0.026158710906413182 3.3777496549581647 0.0
-0.01938991 -0.04559379 -4.13385 0.6626234 1.786481 1.319329 -0.7038911 19.33198 nan 0 0.0 0.049545557786467596 4.186619829018102 0.0
-0.1413771 -0.04876692 -10.77992 -11.79843 1.891567 1.205639 0.3171341 19.76011 2.017645 0 0.0 0.14955165291863678 15.981540153292485 0.0
-0.1015072 0.04402987 -5.004382 -3.004843 0.2442445 0.2134019 -0.129786 17.50339 1.740316 1 0.914904 0.11064511333112231 5.837201440465542 0.0
-0.06454287 -0.102786 -7.916262 -4.949568 1.662079 0.8288691 0.3847929 19.27756 nan 0 0.0 0.12137027586619756 9.336242683181924 0.0
0.07280156 -0.02790411 -5.201481 1.92095 1.540858 0.9685243 -0.1213267 19.76482 1.317575 0 0.0 0.0779660598807308 5.544858293578025 0.0
0.0436146 -0.00745926 -7.819804 -5.324282 1.532448 1.017076 0.05356407 19.53675 nan 0 0.0 0.04424786879509114 9.460301972661338 0.0
-0.09790634 0.03467623 -2.168875 -3.993592 1.21667 0.7518877 -0.1263197 19.45833 1.603086 1 0.1638321 0.10386574189408411 4.544534720748539 0.0
-0.06085692 -0.06569077 -5.550404 -4.836238 1.048931 0.8710193 -0.04712414 18.81842 1.590649 0 0.0 0.08954798699624296 7.361805658658751 0.0
-0.1436926 -0.02134234 -3.061077 -5.06365 1.038888 0.7109331 0.2328413 19.48922 1.320927 0 0.0 0.14526891880727824 5.916987723701055 0.0
0.1326434 -0.04177192 5.227481 2.265614 2.125333 1.403074 -0.1614734 20.16622 1.612087 1 1.076636e-06 0.13906532588696005 5.697329585196647 0.0
-0.01779169 0.045395 -2.402667 -4.786199 1.240656 0.6571664 0.05199643 19.29537 1.255793 0 0.0 0.048757053418516785 5.355418711967347 0.0
0.09664781 0.0398325 -4.140329 -2.581277 1.104799 0.6920328 -0.01449459 19.53922 1.371548 1 0.4997607 0.10453433519206069 4.879069089382728 0.0
-0.1326463 -0.03782752 -4.110873 -4.434323 3.594708 2.276103 0.2711824 20.64446 1.222183 0 0.0 0.1379346300717858 6.046693087172359 0.0
0.1416278 0.02519582 -5.631634 -4.124404 0.4479029 0.370406 0.04452592 18.55875 1.739742 1 0.2272219 0.1438515313728443 6.980401841238941 0.0
-0.1364865 -0.08938673 -5.861053 -4.560393 0.3496094 0.2442502 -0.001095144 18.10549 1.431971 1 7.298469e-05 0.16315192975365905 7.426245793350635 0.0
-0.04919127 0.06309571 -5.828169 -3.233997 1.009427 0.6175113 -0.05386704 19.29621 1.408464 1 0.6848281 0.08000531022761552 6.665304980911976 0.0
0.003491759 0.02041198 -5.427803 -2.46289 2.042948 1.090086 0.08051277 19.49379 nan 0 0.0 0.020708483972383902 5.960442312354763 0.0
0.1200016 -0.05854929 5.515367 -0.8903855 1.137333 0.7496029 -0.0938363 19.50579 1.234514 1 0.0 0.1335230443109507 5.586775410135909 0.0
0.1520542 0.0389992 -0.8971284 -2.947349 0.3669737 0.3052906 0.05099796 18.20854 1.375324 1 0.0 0.15697584953832866 3.0808611610859 0.0
-0.07006131 0.01949391 -4.985052 -3.41386 0.1238116 0.103678 -0.2036193 16.18497 1.662671 1 0.9626957 0.07272275906484985 6.041951964580982 0.0
-0.0893553 0.06721361 -6.209504 -6.837045 0.9085397 0.5541616 -0.02055834 19.099 1.20118 1 0.0 0.11181251722111482 9.235969048131388 0.0
-0.04489865 -0.08146179 -5.066986 -3.263917 0.1295627 0.1101209 -0.2159992 16.28027 1.730687 1 0.971447 0.09301565460623605 6.02722998624451 0.0
0.07084839 -0.02853436 -9.196152 -10.80928 1.35263 0.8188655 -0.1019432 19.62214 nan 0 0.0 0.07637868856036806 14.191890139283913 0.0
-0.138749 0.08205507 -3.932889 -3.506769 1.043607 0.6383298 -0.006455237 19.34909 1.401438 1 0.3935748 0.16119652450876507 5.269254663202567 0.0
-0.09428058 0.03629727 -3.247376 -4.560788 1.160197 0.700064 0.05428356 19.52644 1.383587 0 0.0 0.10102633109535998 5.598771121087198 0.0
-0.07783628 0.01762009 -3.031239 -3.130593 1.061619 0.6433271 -0.01109502 19.40138 1.63059 0 0.0 0.07980572696145621 4.357639545300873 0.0
-0.1458499 0.04464176 -1.387898 -0.9142469 0.6131937 0.3781559 -0.1528968 18.40121 1.364124 1 0.0 0.1525289482882105 1.6619591609193078 0.0
0.144043 -0.004375566 -5.576098 -4.306846 0.4095604 0.3299555 -0.03995481 18.4952 1.696791 1 0.05162959 0.14410944253177985 7.045693108085251 0.0
-0.1019194 -0.108933 -7.344392 -3.23024 2.682309 1.384125 0.5156299 20.24327 1.191109 0 0.0 0.14917762092673284 8.023374870169286 0.0
-0.118275 0.01457162 2.770335 6.370918 3.673498 4.20167 -0.0567239 20.69053 1.241232 0 0.0 0.11916923988355552 6.947183038825809 0.0
-0.03371839 0.06428809 -6.364919 -2.622298 0.6061202 0.4912662 -0.2291942 18.54845 1.200066 1 0.4916616 0.07259399658401651 6.883940781076273 0.0
0.1217798 -0.05815333 -7.51472 -2.381963 1.112175 0.7091945 0.01222905 19.46429 1.014437 0 0.0 0.1349523229815956 7.883195063663527 0.0
-0.09808435 0.04578428 -8.76425 -2.778575 1.075529 0.6814617 -0.1875547 19.21971 1.190659 1 0.04731793 0.10824389132898402 9.194158857292221 0.0
0.122012 -0.1024274 -5.843056 -0.7818204 1.859653 1.137079 -0.2854893 19.84517 1.419548 1 0.1346682 0.15930568230530887 5.895129053463728 0.0
-0.1042209 0.09812787 -5.664699 -5.390948 0.6555335 0.5250795 -0.03534402 19.10843 1.464268 1 0.002844398 0.14314703932511808 7.819919123578261 0.0
-0.09037903 -0.1147878 -6.285518 -4.985646 1.903503 1.071138 0.222126 20.07546 1.468895 0 0.0 0.14609794006960158 8.022742833073986 0.0
0.1254544 -0.05648073 -5.056433 -4.142911 0.2009559 0.1825399 -0.152281 17.42669 1.223236 1 0.01364935 0.137582263903066 6.536912592150059 0.0
0.01113086 0.004923119 -6.235405 -5.488368 0.6187364 0.5673857 -0.2826859 17.01015 1.535458 0 0.0 0.012170996057338979 8.306771865017662 0.0
-0.1065502 -0.03261875 -4.422668 -5.502486 0.2867009 0.220975 0.02097413 17.96434 1.391619 1 0.0 0.11143127016956461 7.05955695624166 0.0
-0.1286429 -0.01431012 -8.638525 -1.414017 1.152306 0.8792586 -0.01557183 19.93638 1.494545 0 0.0 0.12943637531553642 8.753488347619706 0.0
0.05380654 -0.03171988 -2.582973 -3.418088 2.964115 3.283504 -0.02287231 20.57863 1.804216 0 0.0 0.06246034369090519 4.284282331321432 0.0
-0.04736589 -0.0949835 -7.127159 -4.496077 0.9748883 0.6227921 0.09136451 19.40924 1.248066 1 0.1095992 0.10613855476565573 8.4268086367978 0.0
-0.02110203 -0.04078419 19.9631 17.95803 3.154956 2.159729 0.3942264 20.32685 1.386133 0 0.0 0.045919993729060984 26.851744879819265 0.0
0.08855095 -0.014492 -1.584505 0.4778068 2.167127 1.292315 -0.1836993 20.03049 1.46961 0 0.0 0.08972897419397205 1.6549789826916959 0.0
-0.1116959 -0.05900179 -5.33575 -5.662516 0.2144679 0.173867 -0.01370888 17.48364 1.396807 1 0.0 0.12632175307528826 7.780380165053376 0.0
-0.09358107 0.1031094 -5.908883 -1.841387 1.676237 1.030589 0.1410893 20.03049 1.011272 0 0.0 0.13924426390593223 6.189152154492407 0.0
-0.02285662 -0.009039105 -4.413592 -2.973464 0.1295388 0.1557473 -0.08689443 16.14947 nan 0 0.0 0.02457906623583217 5.32177437531506 0.0
0.0705848 0.02113726 -2.118712 0.02414354 0.5780802 0.4298528 -0.04283706 17.91257 1.806742 0 0.0 0.07368173281993035 2.1188495580073003 0.0
-0.09016843 -0.0236847 -14.79968 -2.549629 2.538144 1.417996 -0.1611114 20.22657 1.389017 0 0.0 0.09322719980110365 15.017694101959895 0.0
0.07641903 -0.02015458 -0.810016 -8.577643 2.635924 1.563845 -0.2079065 20.33518 1.253504 1 0.03649476 0.07903211525144256 8.61580439400205 0.0
0.1248407 -0.04030091 -4.511315 -8.242551 2.047027 1.936401 -0.1649187 20.54913 1.267336 0 0.0 0.1311844644891997 9.396361530764235 0.0
0.1519556 -0.06305178 -5.035481 -3.675694 0.4987468 0.4334676 -0.1627782 18.79444 1.347057 0 0.0 0.16451757150082297 6.2343239635903585 0.0
0.04147307 0.009052697 0.01850592 -3.191831 2.376616 3.318416 -0.0935267 20.49442 nan 0 0.0 0.04244958018872164 3.1918846472947684 0.0
-0.1201174 -0.07418989 -2.083832 -3.167251 0.9423735 0.5631959 0.2735361 19.39962 1.721247 0 0.0 0.14118190238473238 3.791284043859679 0.0
0.09640239 -0.0277979 -7.070356 -4.49508 3.093547 3.345806 -0.2496769 20.79398 1.508734 0 0.0 0.10033017513251984 8.378286111916685 0.0
0.05224823 0.0007945618 4.570053 1.957261 1.739006 1.298975 0.5795251 19.36101 1.514965 0 0.0 0.052254271276010726 4.971544533133541 0.0
-0.0397691 0.02825736 -7.904797 -4.159886 1.64686 2.007544 -0.3662584 20.12432 1.337093 0 0.0 0.04878585562414172 8.932550987495398 0.0
0.1081237 -0.06205662 -2.273592 -5.927836 0.9899822 0.6841876 -0.1822268 19.09567 1.523455 0 0.0 0.12466658970034594 6.348894409687406 0.0
-0.04890832 0.0796823 -4.608494 -1.555386 1.118112 0.7247039 0.006198984 19.45953 1.259089 1 0.2339956 0.09349488060055695 4.863891709015735 0.0
-0.09443299 0.1026461 -4.96695 -4.63103 0.6014928 0.3812402 0.06141064 18.53316 1.21002 0 0.0 0.13947692083477503 6.790952154403681 0.0
-0.03846205 -0.09051596 -2.969011 -0.5040822 1.215272 0.7658318 0.2513964 19.35599 1.603605 0 0.0 0.09834870769320815 3.01149882657753 0.0
