jas1101finalproject/data/gcs/NGC_6522.ecsv
# %ECSV 0.9
# ---
# datatype:
# - {name: x, unit: deg, datatype: float64}
# - {name: y, unit: deg, datatype: float64}
# - {name: pmx, unit: mas / yr, datatype: float64}
# - {name: pmy, unit: mas / yr, datatype: float64}
# - {name: pmx_e, unit: mas / yr, datatype: float64}
# - {name: pmy_e, unit: mas / yr, datatype: float64}
# - {name: pm_corr, datatype: float64}
# - {name: g_mag, unit: mag, datatype: float64}
# - {name: bp_rp, unit: mag, datatype: float64}
# - {name: filter, datatype: int64}
# - {name: memberprob, datatype: float64}
# - {name: r, unit: deg, datatype: float64}
# - {name: pm, unit: mas / yr, datatype: float64}
# - {name: member_prob_GMM, datatype: float64}
# - {name: member_prob_DB, datatype: float64}
# meta: !!omap
# - comments: [deg deg mas/yr mas/yr mas/yr mas/yr dimless mag   mag   zeroone float]
# - __serialized_columns__:
#     bp_rp:
#       __class__: astropy.units.quantity.Quantity
#       unit: &id001 !astropy.units.Unit {unit: mag}
#       value: !astropy.table.SerializedColumn {name: bp_rp}
#     g_mag:
#       __class__: astropy.units.quantity.Quantity
#       unit: *id001
#       value: !astropy.table.SerializedColumn {name: g_mag}
#     pm:
#       __class__: astropy.units.quantity.Quantity
#       unit: !astropy.units.Unit {unit: mas / yr}
#       value: !astropy.table.SerializedColumn {name: pm}
#     pmx:
#       __class__: astropy.units.quantity.Quantity
#       unit: !astropy.units.Unit {unit: mas / yr}
#       value: !astropy.table.SerializedColumn {name: pmx}
#     pmx_e:
#       __class__: astropy.units.quantity.Quantity
#       unit: !astropy.units.Unit {unit: mas / yr}
#       value: !astropy.table.SerializedColumn {name: pmx_e}
#     pmy:
#       __class__: astropy.units.quantity.Quantity
#       unit: !astropy.units.Unit {unit: mas / yr}
#       value: !astropy.table.SerializedColumn {name: pmy}
#     pmy_e:
#       __class__: astropy.units.quantity.Quantity
#       unit: !astropy.units.Unit {unit: mas / yr}
#       value: !astropy.table.SerializedColumn {name: pmy_e}
#     r:
#       __class__: astropy.units.quantity.Quantity
#       unit: &id002 !astropy.units.Unit {unit: deg}
#       value: !astropy.table.SerializedColumn {name: r}
#     x:
#       __class__: astropy.units.quantity.Quantity
#       unit: *id002
#       value: !astropy.table.SerializedColumn {name: x}
#     y:
#       __class__: astropy.units.quantity.Quantity
#       unit: *id002
#       value: !astropy.table.SerializedColumn {name: y}
# schema: astropy-2.0
x y pmx pmy pmx_e pmy_e pm_corr g_mag bp_rp filter memberprob r pm member_prob_GMM member_prob_DB
[from data line 7335]
-0.01679312 0.05131484 3.485643 0.304322 1.039328 0.8847828 0.5392967 18.57393 1.504999 0 0.0 0.05399279288534721 3.4989025426743456 0.0 0.0
-0.002254466 0.05017946 3.395867 -3.605405 0.5487735 0.4298263 0.09410886 16.2864 1.706084 0 0.0 0.050230078865523956 4.952863605603732 0.0 0.0
-0.005453272 0.05643734 -0.2250143 -2.389233 0.6701273 0.5067379 -0.7882035 17.74738 nan 0 0.0 0.056700189786116094 2.3998053595017845 0.0 0.0
0.00900699 0.05850655 -7.321925 -5.377999 0.6876925 0.5524551 -0.05817641 18.29481 1.309765 0 0.0 0.059195795980479894 9.084792730141178 0.0 0.0
-0.005135488 0.04558646 -7.281748 -7.209536 0.9723452 0.7764266 0.3025717 18.60837 nan 0 0.0 0.04587481413945722 10.24701240707749 0.0 0.0
-0.002360287 0.05379197 -0.249903 -5.141343 0.5906374 0.5069221 0.2526503 18.41279 1.791134 0 0.0 0.05384372750101231 5.147412879598644 0.0 0.0
-0.009391161 0.04627088 0.7612744 -1.496344 0.4861171 0.4326175 0.3845378 17.2023 1.442535 0 0.0 0.047214280052779806 1.6788639249299986 0.0 0.0
-0.0006155725 0.04816723 -7.137416 -1.409215 1.093693 1.036494 0.4136248 19.0494 nan 0 0.0 0.04817116331764945 7.275204057157503 0.0 0.0
-0.01097766 0.05125653 -0.3203641 -1.341613 0.3650737 0.2944996 -0.2848391 17.70288 nan 0 0.0 0.052418898182969284 1.3793326641306694 0.0 0.0
-0.01443854 0.03780928 -1.171427 -4.616832 0.5189035 0.4230714 0.1069147 18.71561 1.655537 0 0.0 0.040472374423179074 4.763127012011437 0.0 0.0
-0.01190366 0.0580256 0.3438467 -8.016652 0.6218296 0.477007 0.02645615 18.71417 nan 0 0.0 0.059234005239858625 8.024022672089412 0.0 0.0
-0.006060753 0.04774934 -4.900308 -7.189111 0.8775524 0.6863114 -0.2832018 18.96019 nan 0 0.0 0.04813244433189124 8.70036409957566 0.0 0.0
-0.001408643 0.05375003 -5.430675 -9.754361 0.2490766 0.2031823 -0.03462984 16.89753 1.684349 0 0.0 0.05376848519441801 11.164219160959982 0.0 0.0
-0.01404215 0.03826138 -5.820896 -6.409564 0.5790312 0.4838359 0.3808859 18.49832 1.262375 0 0.0 0.040756780738018306 8.658252763283825 0.0 0.0
0.004327688 0.05465021 2.392457 -7.007723 0.3741465 0.2977519 -0.1422856 17.62628 1.385334 0 0.0 0.05482129455302423 7.404865437101339 0.0 0.0
0.008082311 0.06555047 -1.012282 -2.648595 0.577463 0.4378085 -0.2191721 17.75833 nan 0 0.0 0.06604686115419582 2.835448874790198 0.0 0.0
0.001816315 0.05080889 -2.640127 -4.137261 0.1729585 0.1370802 -0.1216827 15.81563 1.795658 0 0.0 0.05084134442765381 4.907871143199462 0.0 0.0
-0.01256381 0.05212418 9.587369 1.285256 0.8376754 0.7059434 0.2075638 18.07666 nan 0 0.0 0.05361696991054698 9.673134307332708 0.0 0.0
-0.0006420142 0.04949284 -1.950074 -13.90404 0.9276149 0.7878477 -0.2146516 18.56658 1.151142 0 0.0 0.04949700388405951 14.040125246132101 0.0 0.0
0.00432783 0.05792703 1.991333 -1.160517 0.849686 0.7131382 0.426696 17.82733 1.662918 0 0.0 0.05808847490793505 2.304822514680469 0.0 0.0
-0.01809057 0.06332709 -4.61685 -8.77174 0.4467252 0.3485629 -0.1123171 16.00287 1.745573 0 0.0 0.06586037542250273 9.912553987247685 0.0 0.0
-0.01314391 0.04123315 1.858767 -3.365854 0.822381 0.6687366 0.3274348 18.90993 nan 0 0.0 0.043277419389452974 3.8449951767986654 0.0 0.0
-0.02104829 0.048062 -4.08128 -7.142214 1.231313 1.118933 -0.07922543 19.12673 nan 0 0.0 0.05246890846895998 8.226060251432395 0.0 0.0
-0.007197939 0.05562088 2.616629 -3.705969 0.2731313 0.2152162 -0.1914585 16.09064 1.794023 0 0.0 0.056084691474787673 4.536623585068746 0.0 0.0
-0.03165109 0.05799646 1.758194 -2.542215 0.7707638 0.6865604 0.1558744 18.90018 1.234945 0 0.0 0.06607102898184422 3.090971246689461 0.0 0.0
-0.02660114 0.05523039 -4.649455 -4.587781 0.3282828 0.2769404 0.1550493 17.41739 1.557497 0 0.0 0.06130266412523765 6.531857798588851 0.0 0.0
-0.0199109 0.04421321 -1.860164 -4.130952 0.1526164 0.1239966 0.1617483 15.78473 2.197711 1 0.0 0.04848970898359878 4.53044970540453 0.0 0.0
-0.004501667 0.05782785 -0.2484241 -2.323491 1.177286 0.9878781 0.2949754 18.66718 1.205669 0 0.0 0.05800280373741763 2.336733823211752 0.0 0.0
0.008398752 0.05596411 -5.755291 -6.135311 0.1938255 0.1494804 -0.1883015 16.14408 nan 0 0.0 0.05659081765842939 8.412218230728563 0.0 0.0
-0.01185152 0.06413484 -1.785393 -8.484867 0.9732386 0.9008427 -0.3990068 19.02264 nan 0 0.0 0.06522067331863418 8.670674493494609 0.0 0.0
0.004777471 0.06281745 -0.7880978 1.451171 0.1280734 0.09947386 -0.1552198 12.77735 2.20518 1 0.0 0.06299885914568883 1.6513616846729369 0.0 0.0
-0.01367504 0.05944062 -1.179233 -5.412273 0.9975834 0.8474474 0.1952475 18.93997 nan 0 0.0 0.060993393289650644 5.539249903625761 0.0 0.0
0.008346621 0.06476271 -4.723819 -5.615401 0.1728153 0.1309496 -0.2379127 16.45157 1.802706 0 0.0 0.06529835134719514 7.338064754113444 0.0 0.0
-0.03032884 0.05647481 -0.1313367 -0.2611009 0.9359888 0.7773394 -0.02301623 19.14971 0.6963615 0 0.0 0.06410337510834901 0.2922721484296785 0.0 0.0
0.006760296 0.06362415 0.2558318 -9.020071 0.9822479 0.7799249 -0.4400961 18.92538 nan 0 0.0 0.06398229493563135 9.02369828589876 0.0 0.0
0.00255656 0.0546827 0.9730812 -7.562185 0.2310172 0.1890222 0.06032932 16.8847 1.461024 0 0.0 0.054742430328983384 7.6245346740649325 0.0 0.0
-0.006509835 0.0435169 2.660396 -6.191141 0.9134726 0.7656753 0.2100389 17.88048 nan 0 0.0 0.044001119728220836 6.738540922091147 0.0 0.0
-0.004845292 0.05704772 -6.605049 -4.732754 0.9316324 0.7332261 -0.1710733 18.69543 1.539703 0 0.0 0.05725311530182148 8.125615836163865 0.0 0.0
-0.02401065 0.0557899 -5.387951 -6.57685 0.3145243 0.2755161 0.4489276 17.40252 1.592283 0 0.0 0.06073733823137544 8.502056921763169 0.0 0.0
-0.002386984 0.06471917 14.69852 2.58853 1.52279 1.197528 -0.0439568 18.94156 nan 0 0.0 0.06476317362595163 14.924710307114843 0.0 0.0
-0.01893267 0.04293357 -7.117986 -8.262683 0.2130826 0.1779975 0.101016 17.00823 1.670918 0 0.0 0.04692267496929176 10.905854164378185 0.0 0.0
-0.007118382 0.05211328 -4.108098 -6.926483 1.546239 1.294034 0.3823959 19.07079 nan 0 0.0 0.05259719873392806 8.053113430648608 0.0 0.0
-0.003628955 0.04862493 -0.5355355 -6.049032 0.9896156 0.7301202 -0.3341334 18.69866 nan 0 0.0 0.04876015926857627 6.072691858540515 0.0 0.0
-0.01150494 0.0391944 -3.126433 -7.986324 0.2512591 0.2132029 0.2110928 16.40567 1.845857 0 0.0 0.04084806771150381 8.576476802071173 0.0 0.0
-0.01409525 0.03993411 0.05436079 -3.54083 0.8524422 0.662427 -0.1918879 18.8205 1.330891 0 0.0 0.04234866248247517 3.5412472639437964 0.0 0.0
-0.01695228 0.05456303 0.5957421 -9.65096 0.8891457 0.7930168 0.04694042 19.05705 1.248964 0 0.0 0.05713583849020945 9.669329737438495 0.0 0.0
-0.01716398 0.0558371 -1.617068 -11.29241 0.2928636 0.249868 0.2208844 17.39354 1.689074 0 0.0 0.058415613887473614 11.407604153577736 0.0 0.0
-0.001540783 0.05168246 -4.238309 -6.009116 0.2082388 0.1599085 -0.208343 16.29742 1.773186 0 0.0 0.05170542219056613 7.353416775957759 0.0 0.0
-0.01155971 0.05556134 1.80159 -3.708786 0.5006319 0.4284092 0.2683393 13.44385 0.8579235 0 0.0 0.056751118031979776 4.123205078806534 0.0 0.0
-0.001144385 0.06135463 1.581236 -2.466009 0.1792977 0.140575 -0.2227048 16.56827 1.716011 0 0.0 0.06136530159190229 2.9294210478824994 0.0 0.0
-0.01832567 0.04798434 1.674708 -2.272525 0.1515403 0.1217749 0.2396571 15.69763 1.796385 0 0.0 0.05136464801966913 2.8229446967464664 0.0 0.0
0.007897083 0.06348101 -2.07187 -9.200734 0.3818369 0.2986841 -0.1846305 17.74399 1.455791 0 0.0 0.06397032554652969 9.431126732032395 0.0 0.0
0.0004946656 0.05833339 -5.356148 -6.902139 0.4121169 0.3435122 0.02825471 17.39394 1.519867 0 0.0 0.0583354873378797 8.736580805625563 0.0 0.0
-0.01980561 0.04643529 -2.260994 -4.136664 0.5518852 0.4990313 0.516593 18.02926 1.255684 0 0.0 0.050482653900683544 4.714242560256313 0.0 0.0
-0.01925255 0.05688385 1.28384 -4.700957 0.3733107 0.3005771 0.05118879 17.05804 nan 0 0.0 0.06005358500809922 4.873114185143725 0.0 0.0
0.001895559 0.04780482 -5.009577 -2.142782 0.3283455 0.2515961 0.04961583 17.26702 1.765654 0 0.0 0.04784238663732068 5.448612338793521 0.0 0.0
-0.01631935 0.06374129 0.3544194 -5.274072 0.1658007 0.1295971 -0.1411535 15.15086 2.1824 0 0.0 0.06579721297506909 5.2859671368899335 0.0 0.0
-0.00738232 0.04668495 0.2687989 -4.642052 0.5355421 0.4520359 0.09013401 18.57132 1.382742 0 0.0 0.04726503152527141 4.649827912874326 0.0 0.0
-0.0233758 0.05404483 -2.646392 -4.40303 1.121991 0.8848856 -0.243702 18.99924 nan 0 0.0 0.05888354333231739 5.13712602517828 0.0 0.0
-0.01211494 0.05635855 -3.14292 -1.322237 0.1566572 0.1179136 0.08160817 13.11785 2.38938 1 0.0 0.057645970625067114 3.4097297269093048 0.0 0.0
0.0009440252 0.05328083 -2.318535 -3.334358 0.6937102 0.6181389 0.2944906 17.99008 1.609453 0 0.0 0.05328919242273367 4.06122491600613 0.0 0.0
0.008266466 0.0546347 -3.470583 -6.741042 0.2550958 0.204043 -0.09569143 17.10027 1.670847 0 0.0 0.05525653720800061 7.58199140105375 0.0 0.0
-0.01383356 0.05874632 -0.2186221 -1.378324 0.4810328 0.4238616 0.2384758 18.06339 1.573038 0 0.0 0.06035310676192237 1.3955546107495795 0.0 0.0
