jas1101finalproject/data/gcs/NGC_6304.ecsv
# %ECSV 0.9
# ---
# datatype:
# - {name: x, unit: deg, datatype: float64}
# - {name: y, unit: deg, datatype: float64}
# - {name: pmx, unit: mas / yr, datatype: float64}
# - {name: pmy, unit: mas / yr, datatype: float64}
# - {name: pmx_e, unit: mas / yr, datatype: float64}
# - {name: pmy_e, unit: mas / yr, datatype: float64}
# - {name: pm_corr, datatype: float64}
# - {name: g_mag, unit: mag, datatype: float64}
# - {name: bp_rp, unit: mag, datatype: float64}
# - {name: filter, datatype: int64}
# - {name: memberprob, datatype: float64}
# - {name: r, unit: deg, datatype: float64}
# - {name: pm, unit: mas / yr, datatype: float64}
# - {name: member_prob_GMM, datatype: float64}
# meta: !!omap
# - comments: [deg deg mas/yr mas/yr mas/yr mas/yr dimless mag   mag   zeroone float]
# - __serialized_columns__:
#     bp_rp:
#       __class__: astropy.units.quantity.Quantity
#       unit: &id001 !astropy.units.Unit {unit: mag}
#       value: !astropy.table.SerializedColumn {name: bp_rp}
#     g_mag:
#       __class__: astropy.units.quantity.Quantity
#       unit: *id001
#       value: !astropy.table.SerializedColumn {name: g_mag}
#     pm:
#       __class__: astropy.units.quantity.Quantity
#       unit: !astropy.units.Unit {unit: mas / yr}
#       value: !astropy.table.SerializedColumn {name: pm}
#     pmx:
#       __class__: astropy.units.quantity.Quantity
#       unit: !astropy.units.Unit {unit: mas / yr}
#       value: !astropy.table.SerializedColumn {name: pmx}
#     pmx_e:
#       __class__: astropy.units.quantity.Quantity
#       unit: !astropy.units.Unit {unit: mas / yr}
#       value: !astropy.table.SerializedColumn {name: pmx_e}
#     pmy:
#       __class__: astropy.units.quantity.Quantity
#       unit: !astropy.units.Unit {unit: mas / yr}
#       value: !astropy.table.SerializedColumn {name: pmy}
#     pmy_e:
#       __class__: astropy.units.quantity.Quantity
#       unit: !astropy.units.Unit {unit: mas / yr}
#       value: !astropy.table.SerializedColumn {name: pmy_e}
#     r:
#       __class__: astropy.units.quantity.Quantity
#       unit: &id002 !astropy.units.Unit {unit: deg}
#       value: !astropy.table.SerializedColumn {name: r}
#     x:
#       __class__: astropy.units.quantity.Quantity
#       unit: *id002
#       value: !astropy.table.SerializedColumn {name: x}
#     y:
#       __class__: astropy.units.quantity.Quantity
#       unit: *id002
#       value: !astropy.table.SerializedColumn {name: y}
# schema: astropy-2.0
x y pmx pmy pmx_e pmy_e pm_corr g_mag bp_rp filter memberprob r pm member_prob_GMM
[from data line 8149]
-0.02643952 0.01382112 -6.12016 -1.818085 0.3712088 0.238641 0.2492137 15.04776 1.866269 0 0.0 0.029834067370789388 6.384496181596869 0.0
-0.05552311 -0.01490958 -2.074586 -6.070683 0.7950257 0.4955643 0.3262806 18.91311 1.452259 0 0.0 0.05749009758078777 6.4153798919382 0.0
-0.03679812 -0.001440895 -5.784514 -7.097931 0.7735538 0.4866484 0.1346685 18.06477 1.205185 0 0.0 0.03682631958172612 9.156485499194382 0.0
-0.05206794 -0.01770583 -4.728379 -1.021524 1.215268 0.8173382 0.4173488 19.54496 1.152534 0 0.0 0.05499606160292299 4.837466201454745 0.0
-0.04576399 0.02414063 -5.101486 -6.726834 0.5991869 0.3859125 0.3338366 18.76808 1.473673 0 0.0 0.05174082331696124 8.44247920173642 0.0
-0.05540454 0.01120972 1.309026 6.727015 1.42236 0.8960965 0.4996438 19.38688 1.250805 0 0.0 0.056527169353241105 6.853194866549543 0.0
-0.02548437 0.01997066 -4.182035 -6.432785 0.1557212 0.09811844 0.3107245 16.3161 1.831271 0 0.0 0.032377158231266995 7.672687899129613 0.0
-0.05275825 -0.01850918 -0.02582653 -1.621366 0.1377556 0.08473395 0.351101 16.37535 1.893252 1 0.0 0.05591084588284191 1.6215716806875486 0.0
-0.03116812 0.008280841 -8.712053 -5.864627 0.8867596 0.577899 0.527976 18.85505 1.321114 0 0.0 0.03224940359141051 10.502081571000007 0.0
-0.03363831 0.00490023 -1.337037 -3.3937 0.4625806 0.2735351 0.3415048 18.25107 1.487804 0 0.0 0.0339933545521621 3.6475838070384343 0.0
-0.05134174 0.01718568 -3.035884 -3.228475 0.1056069 0.06789512 0.1327164 14.284 2.921762 1 0.0 0.05414168323288444 4.431663625218073 0.0
-0.02436926 0.02455811 -1.409483 -3.020781 0.3477832 0.2479814 0.5011589 17.14424 1.587745 0 0.0 0.034597132825130175 3.3334306918323646 0.0
-0.05564291 0.009744748 -2.459015 -9.696666 0.6782918 0.4314514 0.2414103 18.59948 1.245932 0 0.0 0.05648976497429958 10.00360366496899 0.0
-0.04790381 -0.003301382 0.8330842 -1.069789 0.7506338 0.4600257 0.3273798 18.80085 1.284521 0 0.0 0.04801743574604983 1.3559047860416453 0.0
-0.05582536 0.003269199 -3.772939 -4.363446 0.5269541 0.3411378 0.227989 18.63038 1.285763 0 0.0 0.05592100214795154 5.768425235073867 0.0
-0.05209686 -0.01312248 1.030088 0.2957494 0.5590644 0.3407266 0.4263584 18.64252 1.239105 0 0.0 0.05372413147934549 1.0717037815293737 0.0
-0.05305007 -0.01929516 -7.813505 -3.731714 0.9496484 0.6063706 0.4146165 19.09522 0.9928875 0 0.0 0.056450094122423744 8.658900031922126 0.0
-0.04987724 0.01140142 0.5003484 -3.085333 0.8747978 0.5635878 0.1926184 19.18434 nan 0 0.0 0.05116377085432621 3.1256404531346145 0.0
-0.04116698 0.0263227 -9.454263 -6.644934 2.080666 1.319306 0.7484145 19.38706 1.213251 0 0.0 0.04886312288024989 11.555874555286804 0.0
-0.0483763 -0.01540373 -4.997562 -2.341735 0.5883358 0.3602066 0.4033681 18.74961 1.576359 0 0.0 0.05076949181942734 5.518998890566023 0.0
-0.04979086 -0.002163604 -5.043561 -7.30721 1.011391 0.6439645 0.5123117 19.32513 1.183245 0 0.0 0.04983784627979439 8.878785139016543 0.0
-0.03053479 0.02301912 -0.1495766 -2.442462 0.8646118 0.5215421 0.6215742 18.87089 1.313349 0 0.0 0.03823942057508848 2.4470377562905643 0.0
-0.04476456 -0.01226449 -6.770461 -13.19392 1.26081 0.7812674 0.1941509 19.37395 nan 0 0.0 0.04641426016811751 14.829654989881625 0.0
-0.03803021 0.02479614 -1.292495 -5.054463 1.210007 0.7435327 0.7362321 19.19353 1.352346 0 0.0 0.045399839554162526 5.217100683655051 0.0
-0.05216187 0.009960221 -2.865003 -4.515047 0.8352167 0.596954 0.5593433 18.90026 nan 0 0.0 0.053104300054381104 5.347325649539029 0.0
-0.0541575 0.01484008 -3.21295 -5.914872 0.09963419 0.06308436 0.1374202 15.84669 1.664618 1 0.0 0.05615392043888298 6.731178089969393 0.0
-0.02128501 0.01853539 -4.525974 -4.489818 0.2392226 0.1539388 0.2994934 17.04474 1.92939 0 0.0 0.028224321659735242 6.375178924689094 0.0
-0.04673408 -0.004687479 -1.399066 -3.5206 0.9961338 0.6208732 0.3645669 18.30979 1.570858 0 0.0 0.04696857133043159 3.7884046817038963 0.0
-0.0517503 -0.01543401 -4.134227 -2.57828 1.514649 1.177568 0.4102844 19.54841 nan 0 0.0 0.0540027982124084 4.872305475432447 0.0
-0.05538826 -0.01859641 0.4405893 -2.208859 0.4484599 0.2808238 0.4361324 17.99782 1.515594 0 0.0 0.05842675594892891 2.252371419894039 0.0
-0.03828981 0.008423361 -3.517833 -5.426078 0.08825112 0.05458842 0.1111558 15.2665 2.101585 1 0.0 0.03920538943018448 6.466642983648703 0.0
-0.0436768 -0.008727789 -2.669619 -5.278309 1.209775 0.9172743 0.6064733 19.20227 nan 0 0.0 0.04454028692171304 5.915015765375609 0.0
-0.03922283 0.01606194 -1.679154 -0.5828223 1.77902 1.119348 0.7999175 19.53329 1.589539 0 0.0 0.0423841516344553 1.7774251008392141 0.0
-0.05595323 -0.005765984 -0.8502222 -6.001019 1.525419 0.9285215 0.7726015 19.46176 nan 0 0.0 0.05624953794406809 6.060949333869559 0.0
-0.03682778 0.007071592 -5.608685 -5.229529 0.12856 0.07543902 0.2101652 15.80549 2.077374 0 0.0 0.0375005705708975 7.668462752799026 0.0
-0.05332195 -0.007460199 -6.521408 -8.009478 2.417342 1.637001 0.7615002 19.89854 1.616581 0 0.0 0.05384129382659838 10.328625278077814 0.0
-0.03608775 0.01833284 -3.695668 -7.370217 0.2506653 0.176804 0.4768128 17.35753 1.73472 0 0.0 0.04047738532227718 8.24488087199039 0.0
-0.05690755 -0.009667043 -1.075122 1.359536 1.962695 1.128619 0.5447621 19.67735 1.13249 0 0.0 0.05772279417497345 1.7332701607597125 0.0
-0.03441394 0.01975059 -4.144308 -1.327906 0.1456273 0.09056681 0.02590502 15.71181 1.677363 0 0.0 0.039678773565619434 4.351852840308366 0.0
-0.03414383 0.006811224 -3.4088 -0.8847067 0.6173452 0.3595716 0.3528442 18.75924 1.385214 0 0.0 0.03481657506773284 3.521735848274951 0.0
-0.05051023 0.001797604 -11.31163 -6.924163 1.715397 1.085696 0.6364211 19.73729 nan 0 0.0 0.05054220726080051 13.262616880068164 0.0
-0.05055901 -0.006966688 -2.340687 -6.49946 0.990517 0.6177918 0.6357755 19.23393 1.457375 0 0.0 0.05103673416147867 6.908096403754727 0.0
-0.05075117 0.005377577 -2.284324 -7.73595 1.408142 0.8715576 0.7562192 19.2698 1.412142 0 0.0 0.05103527790420886 8.066167524882928 0.0
-0.01655499 0.02164335 -5.896801 -3.791371 0.3087332 0.1916408 0.2423859 16.9297 1.383429 0 0.0 0.027248895264259797 7.010474740931744 0.0
-0.05088019 -0.002274771 0.09778748 -7.927654 1.448038 0.8653932 0.6450844 19.52537 1.309381 0 0.0 0.05093101528085358 7.92825708052916 0.0
-0.03310787 0.007990309 -6.910696 -3.412958 0.9100888 0.6165111 0.6389562 19.00072 nan 0 0.0 0.034058421775713284 7.707528885069455 0.0
-0.06177266 -0.004645933 0.4346849 -2.714892 0.8149145 0.5053517 0.5233639 18.98722 1.414518 0 0.0 0.06194712436357388 2.749470773431136 0.0
-0.04979245 0.001078888 -5.493829 -5.855365 1.058174 0.6787204 0.7063879 19.1672 1.336966 0 0.0 0.049804137140593494 8.029162868223935 0.0
-0.04328271 0.00168269 -4.171457 -3.179392 0.2813474 0.1905493 0.5738341 17.2903 1.792364 0 0.0 0.04331540638826098 5.244958245068592 0.0
-0.05560571 -0.009630082 0.2868634 -1.562016 0.3233482 0.2148383 0.5984884 17.67636 1.656078 0 0.0 0.05643344277935579 1.5881387201738897 0.0
-0.04153666 0.02041168 -3.766285 -0.5537563 0.5590535 0.3646821 0.4241205 18.78927 1.569283 0 0.0 0.04628099830792331 3.8067766865177015 0.0
-0.05562835 -0.01679028 -2.566364 -6.851915 1.507494 1.053818 0.494481 19.62728 1.2619 0 0.0 0.05810702906018256 7.316759074051912 0.0
-0.05642727 -0.01334414 0.3663419 -4.036663 0.3754755 0.2316077 0.5142789 18.09493 1.626919 0 0.0 0.057983643141773185 4.053252343891829 0.0
-0.04638355 -0.01588727 -4.617513 -5.598301 0.4414501 0.3063214 0.5338319 17.74695 1.651081 0 0.0 0.04902896142746041 7.256886411662373 0.0
-0.05513923 0.01199379 -4.757754 1.283587 2.002519 1.339621 0.6567226 19.7763 nan 0 0.0 0.056428589239471506 4.927861474421233 0.0
-0.06262782 0.003343428 -3.483051 -2.003977 0.6144246 0.3725586 0.4743405 18.88816 1.786928 0 0.0 0.06271700207075896 4.018403673740357 0.0
-0.05575034 0.01181226 1.883882 7.648946 0.9755377 0.6258085 0.5137068 19.19458 1.204889 0 0.0 0.0569879802802591 7.877524122517175 0.0
-0.04659787 -0.01200401 -2.837403 -5.972021 0.140396 0.08670121 0.2131545 16.48367 2.011054 1 0.0 0.048119203491090744 6.611799347291931 0.0
-0.05168139 0.005729967 -2.344311 -0.8568881 0.3619622 0.2291665 0.2169195 18.27812 1.375774 0 0.0 0.051998063369256255 2.4960070674264143 0.0
-0.05216682 0.01960377 0.5540409 -4.873476 1.870326 1.26296 0.5851903 19.26321 nan 0 0.0 0.0557286722174977 4.904867953518098 0.0
-0.05211026 0.01295288 -0.3811365 -3.42218 1.353753 0.8071294 0.7056499 19.47068 nan 0 0.0 0.05369596165040719 3.4433386391745224 0.0
-0.04264029 -0.009507453 -6.89026 -6.857871 1.738675 1.163304 0.7100357 19.46861 1.150206 0 0.0 0.04368736652433182 9.72142363649692 0.0
-0.04940218 0.01814031 6.741696 -0.02338023 1.051468 0.6582441 0.3693538 18.79074 1.50176 0 0.0 0.05262742854869977 6.741736541245946 0.0
-0.02987016 0.02232695 -2.372917 -4.243965 1.473404 0.9743208 0.6247225 19.43763 1.203218 0 0.0 0.03729234713353532 4.862301308034499 0.0
-0.03903969 0.02357887 1.951203 -3.081628 0.2577001 0.1882633 0.4654753 17.15783 1.270441 0 0.0 0.045607680337559374 3.6474133680723657 0.0
-0.04415331 -0.0126991 -3.674102 -0.7919706 1.344004 0.9727972 0.2677 19.62998 1.306944 0 0.0 0.045943246780850176 3.758489448923378 0.0
-0.02184167 0.0118958 -2.141231 -3.79139 1.204075 0.7836256 0.6740214 19.39057 nan 0 0.0 0.024871039504389438 4.35425175288028 1.0
-0.05273074 -0.02031542 -4.341294 -0.86917 0.1283241 0.07995848 0.2718754 16.2471 1.803868 1 0.9095793 0.056508824361545515 4.427447355230325 0.0
-0.05885643 0.006496627 -2.953232 -6.299041 0.1944876 0.1289791 0.105692 17.02529 1.082258 0 0.0 0.05921389629742354 6.956974684840027 0.0
-0.0483754 -0.0172882 3.238479 -4.105192 0.3602463 0.231336 0.3774764 17.74162 1.52441 0 0.0 0.0513717936653958 5.228799823124327 0.0
-0.03127299 0.00368982 1.46976 1.161891 0.7547702 0.4814567 0.2908492 18.33873 nan 0 0.0 0.031489913864164505 1.8735488126763604 0.0
-0.05996622 -0.004114606 1.115311 -5.534014 0.7898868 0.4921503 0.6367682 19.03287 1.223675 0 0.0 0.060107216901330876 5.645283835106699 0.0
-0.04996869 -0.01872329 3.00512 1.652139 1.061066 0.6893683 0.3512649 19.36881 1.188753 0 0.0 0.05336133027521147 3.4293307641172497 0.0
-0.06347692 0.001405033 -2.532825 -2.241112 0.09522125 0.06143019 0.1993591 15.8374 1.948613 1 0.0 0.06349246798178103 3.3819795205129495 0.0
-0.05760424 0.0007295224 -0.2281482 -2.905507 0.6227089 0.408282 0.3547042 18.78634 1.40453 0 0.0 0.057608859291863275 2.914450639179233 0.0
-0.03743435 -0.005431301 0.02203254 -1.684121 0.9992993 0.6424776 0.3710003 19.05831 1.527195 0 0.0 0.03782630817929634 1.6842651143628937 0.0
-0.0511816 0.01583535 -4.277654 -5.142287 0.3365197 0.2405987 0.4200975 17.5433 1.760023 0 0.0 0.05357531603436885 6.688904195313684 0.0
-0.05835089 0.005342973 2.246891 -5.833859 0.5952516 0.3654887 0.3765844 18.85228 1.286562 0 0.0 0.05859499743383243 6.251594196503961 0.0
-0.05861748 0.006847717 -3.007293 -7.027063 0.8474407 0.5183664 0.2800071 19.09981 nan 0 0.0 0.05901610110522796 7.643521805674267 0.0
-0.06240947 -0.006046317 -1.51205 -7.932922 1.255211 0.7748145 0.6670185 19.57846 1.396627 0 0.0 0.0627016737810514 8.075738149580136 0.0
-0.06424497 -0.002576088 1.659857 -2.056385 1.591216 1.017395 0.6576255 19.58091 1.434862 0 0.0 0.06429659710812574 2.642696450346502 0.0
-0.02362288 0.01505206 -19.58967 -13.6406 2.354638 1.497811 0.8543037 19.71923 1.383791 0 0.0 0.02801080094781297 23.8709266487269 0.0
-0.02423604 0.02313144 -4.202478 -1.122694 0.09032923 0.05910287 0.2085034 15.44621 1.925451 1 0.9936301 0.03350297227642945 4.349857831943477 1.0
-0.04684809 0.01205708 -3.95494 3.139411 0.4631386 0.332327 0.4916715 17.2016 1.542418 0 0.0 0.04837475286525504 5.049500156502721 0.0
-0.04136777 -0.002720579 -6.69378 -2.896936 0.9354622 0.5188973 0.6175181 18.76035 1.229361 0 0.0 0.04145713382360316 7.293759584500712 0.0
-0.05648474 -0.00555647 -6.464375 -1.483809 1.053604 0.6159355 0.5563348 19.13121 1.353249 0 0.0 0.0567573802401811 6.632483191769581 0.0
-0.05365378 0.01712345 1.987865 0.4003038 1.568903 1.008354 0.7144331 19.63641 nan 0 0.0 0.056319984447715354 2.0277698070834966 0.0
-0.05370484 0.01317711 -2.508128 -7.476656 1.012349 0.65333 0.6549843 19.15145 1.191509 0 0.0 0.05529779441693583 7.8861328296396325 0.0
-0.03204284 0.001334004 -0.5097786 -6.022962 0.6237443 0.3581929 0.29134 18.78958 1.442194 0 0.0 0.032070596532300676 6.044497123372792 0.0
-0.04993298 0.0166714 -4.164601 1.043695 0.9155321 0.5889509 0.6659224 19.06576 nan 0 0.0 0.05264254999181176 4.293390355211835 0.0
-0.04011935 -0.00171872 -1.254835 -9.383454 0.1586286 0.09804079 0.2242133 16.75133 1.770641 1 0.0 0.04015614825728309 9.466985784680412 0.0
-0.03904054 0.02580284 -3.210951 -2.649218 1.335108 0.8530437 0.702978 19.36 1.233158 0 0.0 0.04679690497839788 4.162758981243689 0.0
-0.0552129 0.0008739035 -6.348315 -3.559239 0.6298226 0.4045365 0.2599722 18.55181 1.426056 0 0.0 0.05521981558949027 7.278000109806677 0.0
-0.03039867 0.01222547 0.5818006 0.3476034 0.7447653 0.509477 0.5600417 18.58968 1.203609 0 0.0 0.03276493940921912 0.6777315558920951 0.0
-0.0599212 0.009639314 -5.039996 -2.404905 1.067277 0.6920348 0.2737969 18.82859 1.557262 0 0.0 0.06069156929780772 5.584364577912244 0.0
-0.04615102 -0.001440905 1.349541 -5.989658 0.6105689 0.3785868 0.3654708 18.90117 1.342173 0 0.0 0.04617350814330037 6.139809758261651 0.0
-0.05414685 -0.005114597 -2.374865 -3.041926 0.6503584 0.4083555 0.3481589 18.99241 1.360151 0 0.0 0.05438787059073842 3.8591835351147785 0.0
-0.04124137 0.01316769 -2.34719 -4.214074 0.1220582 0.07430355 0.1001398 15.87393 2.050772 1 0.0 0.04329247809277034 4.823662568378514 0.0
-0.05375891 0.01491086 -3.614186 1.331332 1.190614 0.9466825 -0.09227779 19.09184 nan 0 0.0 0.055788476859721665 3.851595167825923 0.0
-0.02396744 0.01117052 -4.764837 -5.735575 1.138947 0.7077474 0.5031873 19.08424 nan 0 0.0 0.026442743753703018 7.456573758583361 0.0
-0.050137 -0.0006893938 -9.961813 -9.527832 1.21228 0.8069189 0.09714758 15.02198 1.706417 0 0.0 0.050141739427461814 13.78467630621746 0.0
-0.0432387 0.02309842 -2.359816 -2.76548 0.1156966 0.07408671 0.1357321 16.09155 1.888837 1 0.0 0.04902165015772521 3.635465745163335 0.0
-0.04570837 0.0186494 0.7731721 -0.1865474 0.4513403 0.276985 0.2419052 18.29854 nan 0 0.0 0.049366539360349126 0.7953584277953998 0.0
-0.06065802 -0.002480419 -2.969635 -1.394464 1.299517 0.805389 0.6229992 19.22661 1.258869 0 0.0 0.06070871328512869 3.2807410566091617 0.0
-0.04498068 -0.004215571 0.1621378 4.434915 0.8857515 0.5528166 0.3750757 18.41167 1.236929 0 0.0 0.04517778892463022 4.4378778400733205 0.0
-0.04490008 -0.006216345 -7.833229 -1.024492 0.5492692 0.3325961 0.4372405 18.65669 nan 0 0.0 0.04532835899484367 7.899940532972701 0.0
-0.0404361 -0.006981221 -4.663672 -6.269334 0.6038154 0.377108 0.3777289 18.67354 1.366751 0 0.0 0.04103432258318445 7.813730564022539 0.0
-0.03037196 0.01175055 -3.917439 -3.027784 1.200132 0.8047167 0.6170567 19.00777 nan 0 0.0 0.032565800766204106 4.951141713723916 0.0
-0.03949291 0.02719884 -5.402189 -6.892298 0.2850318 0.1852287 0.136825 16.95455 1.7353 0 0.0 0.0479527563088265 8.757135245759597 0.0
-0.06047073 -0.004652778 -1.813926 -8.317228 1.301793 0.9611919 0.3415514 19.74473 1.353817 0 0.0 0.060649464382220096 8.512732178182278 0.0
-0.0594102 -0.0007840471 -7.083316 -7.043455 0.1545381 0.09702105 0.2829947 16.49365 1.853704 1 0.0 0.05941537338008589 9.989175335976489 0.0
-0.0592437 -0.01288799 1.949383 -5.217133 1.583858 1.085108 0.4710456 19.88479 nan 0 0.0 0.06062933511040757 5.569431822042352 0.0
-0.05959536 -0.002205131 -2.416076 -4.160359 0.1174913 0.07642263 0.1914008 16.33988 1.690989 1 0.0 0.0596361428687064 4.8110300608764645 0.0
-0.05786866 -0.001525115 -2.252168 -4.210046 0.1001311 0.06505365 0.1865289 15.98044 1.965249 1 0.0 0.05788875353606109 4.7745940164939675 0.0
