jas1101finalproject/data/gcs/NGC_6093_M_80.ecsv
# %ECSV 0.9
# ---
# datatype:
# - {name: x, unit: deg, datatype: float64}
# - {name: y, unit: deg, datatype: float64}
# - {name: pmx, unit: mas / yr, datatype: float64}
# - {name: pmy, unit: mas / yr, datatype: float64}
# - {name: pmx_e, unit: mas / yr, datatype: float64}
# - {name: pmy_e, unit: mas / yr, datatype: float64}
# - {name: pm_corr, datatype: float64}
# - {name: g_mag, unit: mag, datatype: float64}
# - {name: bp_rp, unit: mag, datatype: float64}
# - {name: filter, datatype: int64}
# - {name: memberprob, datatype: float64}
# - {name: r, unit: deg, datatype: float64}
# - {name: pm, unit: mas / yr, datatype: float64}
# - {name: member_prob_GMM, datatype: float64}
# - {name: member_prob_DB, datatype: float64}
# meta: !!omap
# - comments: [deg deg mas/yr mas/yr mas/yr mas/yr dimless mag   mag   zeroone float]
# - __serialized_columns__:
#     bp_rp:
#       __class__: astropy.units.quantity.Quantity
#       unit: &id001 !astropy.units.Unit {unit: mag}
#       value: !astropy.table.SerializedColumn {name: bp_rp}
#     g_mag:
#       __class__: astropy.units.quantity.Quantity
#       unit: *id001
#       value: !astropy.table.SerializedColumn {name: g_mag}
#     pm:
#       __class__: astropy.units.quantity.Quantity
#       unit: !astropy.units.Unit {unit: mas / yr}
#       value: !astropy.table.SerializedColumn {name: pm}
#     pmx:
#       __class__: astropy.units.quantity.Quantity
#       unit: !astropy.units.Unit {unit: mas / yr}
#       value: !astropy.table.SerializedColumn {name: pmx}
#     pmx_e:
#       __class__: astropy.units.quantity.Quantity
#       unit: !astropy.units.Unit {unit: mas / yr}
#       value: !astropy.table.SerializedColumn {name: pmx_e}
#     pmy:
#       __class__: astropy.units.quantity.Quantity
#       unit: !astropy.units.Unit {unit: mas / yr}
#       value: !astropy.table.SerializedColumn {name: pmy}
#     pmy_e:
#       __class__: astropy.units.quantity.Quantity
#       unit: !astropy.units.Unit {unit: mas / yr}
#       value: !astropy.table.SerializedColumn {name: pmy_e}
#     r:
#       __class__: astropy.units.quantity.Quantity
#       unit: &id002 !astropy.units.Unit {unit: deg}
#       value: !astropy.table.SerializedColumn {name: r}
#     x:
#       __class__: astropy.units.quantity.Quantity
#       unit: *id002
#       value: !astropy.table.SerializedColumn {name: x}
#     y:
#       __class__: astropy.units.quantity.Quantity
#       unit: *id002
#       value: !astropy.table.SerializedColumn {name: y}
# schema: astropy-2.0
x y pmx pmy pmx_e pmy_e pm_corr g_mag bp_rp filter memberprob r pm member_prob_GMM member_prob_DB
[from data line 4695]
-0.007365337 -0.01874927 -5.362263 -5.655578 2.575314 1.845124 -0.2108765 19.00578 nan 0 0.0 0.020144064005469923 7.793550345975382 0.0 0.0
-0.001339023 -0.06258566 0.7833311 -4.578799 2.671368 1.612328 0.2562872 20.53113 0.7903595 0 0.0 0.0625999825896951 4.64532107551547 0.0 0.0
-0.002632688 0.0308763 -7.604968 -4.935365 2.152652 1.634186 -0.08913101 19.354 0.7964516 0 0.0 0.030988335673206847 9.066055700482378 1.0 0.0
-0.07538049 -0.0388602 -4.120245 -5.22535 0.56117 0.3783613 0.1471512 18.68034 1.050898 1 0.725013 0.08480762593470058 6.654374612427902 0.0 0.0
0.01227548 0.02573165 0.5776756 -4.158046 2.518809 1.632375 -0.4983467 20.08721 0.7858963 0 0.0 0.028509739054451196 4.197982329280503 0.0 0.0
-0.03046282 -0.05741445 -8.417026 -2.913775 4.477326 3.008372 0.331189 20.85267 1.212307 0 0.0 0.06499540346174412 8.907098934855332 0.0 0.0
-0.006269743 -0.01831625 -7.21714 -4.468023 1.110654 0.7549247 0.2321518 18.72638 nan 0 0.0 0.019359614958685233 8.488247128125394 0.0 0.0
-0.03303358 0.004089301 -2.356176 -6.260177 2.207705 1.460501 0.1928606 20.23086 0.7458725 0 0.0 0.033285729529109034 6.688899865770528 0.0 0.0
-0.002631538 -0.02817712 1.649498 -3.801386 1.869569 1.032895 0.4443879 19.84304 nan 0 0.0 0.028299736460607613 4.143836286944744 0.0 0.0
0.01813492 0.02712336 -4.402282 -4.256719 2.442547 2.396464 -0.3554702 20.20189 nan 0 0.0 0.03262747279664792 6.123703409905235 0.0 0.0
0.003409172 0.01965344 -2.333748 -4.89617 0.94795 0.684811 -0.05970189 18.94087 nan 0 0.0 0.019946933537744193 5.4239155963569345 0.0 0.0
-0.01666794 0.01310835 -0.4894107 -4.973949 0.9754905 0.5909977 0.4559731 18.76482 0.8774796 0 0.0 0.0212049301712149 4.99796873618428 0.0 0.0
-0.02377215 -0.01480867 -5.170922 -5.658099 0.4447847 0.3165943 -0.1422097 17.32267 1.144836 0 0.0 0.028007353012939294 7.665019153523688 0.0 0.0
-0.003165276 -0.02754961 -3.004252 -3.843981 1.40983 0.9999802 0.5019855 19.41523 nan 0 0.0 0.02773084894676461 4.8787006474946795 0.0 0.0
-0.004907229 -0.01870529 -6.919439 -7.653694 1.800434 1.233698 0.008507366 19.0396 0.8849316 0 0.0 0.019338272167971498 10.317832520464606 0.0 0.0
-0.07648687 -0.01958706 -2.375997 2.210515 2.606658 2.193209 -0.5781076 20.60606 1.239199 0 0.0 0.07895501378532271 3.245263981440339 0.0 0.0
-0.003502369 -0.0274142 0.4435781 -4.100666 2.265107 1.46923 0.6830526 19.58485 0.6100082 0 0.0 0.027637021370838084 4.124587636886337 0.0 0.0
0.04545716 -0.03586754 -7.118472 -4.934976 2.513399 1.625295 0.6384611 20.17677 1.979956 0 0.0 0.05790365982316835 8.661791485331426 0.0 0.0
-0.04267357 -0.07653701 -4.992431 -7.433053 2.399937 1.741454 -0.07476577 20.43724 0.7382202 0 0.0 0.08762960388068064 8.95402949462252 0.0 0.0
-0.004177776 0.01223002 -2.504797 -5.275836 0.2320881 0.1571226 0.01921714 16.26324 nan 0 0.0 0.01292390039835405 5.840244302262106 0.0 0.0
-0.05856947 -0.03903497 -0.6019932 -7.802344 2.407851 1.652316 -0.290896 20.32416 0.6729927 0 0.0 0.07038545090415917 7.825533062174246 0.0 0.0
-0.02050427 0.01822333 -8.430316 -4.448769 2.165532 1.570877 -0.4130714 19.57139 nan 0 0.0 0.027432004019425926 9.532144222325687 0.0 0.0
0.004096102 -0.03099049 -4.017072 -7.313806 1.821938 1.219947 -0.2907486 19.20989 0.811367 0 0.0 0.03126001474782927 8.344376888589105 0.0 0.0
0.0009079083 -0.02572043 -2.513382 -5.837842 0.6574443 0.4266769 -0.1099506 18.59937 0.9586277 0 0.0 0.025736449189157948 6.355901847486948 0.0 1.0
0.05167652 -0.005382714 -2.966662 -5.849138 0.4620755 0.3057996 0.1145879 18.2662 1.103632 1 0.9877345 0.05195610002026899 6.5584677147400825 0.0 1.0
0.004996857 0.01959808 -3.908664 -6.218853 0.4162872 0.2762619 -0.02008765 17.44421 1.046055 0 0.0 0.020225066614596082 7.345188009881368 0.0 0.0
0.02401052 -0.03930479 -3.763265 -6.225995 0.9329864 0.5199763 0.391316 19.03836 0.7523041 0 0.0 0.04605834981427906 7.27496922331978 0.0 0.0
-0.07582025 0.04408252 -3.756848 -4.656775 0.5651504 0.4105288 -0.03987718 18.87251 1.075769 1 0.6020352 0.08770392738990028 5.983265019680225 0.0 0.0
-0.004933561 -0.06684103 1.989895 -2.876207 1.554234 0.952595 0.2825457 19.8799 1.096592 0 0.0 0.06702285666548106 3.4974631975010118 0.0 0.0
0.004938767 -0.03205101 -2.029357 -5.140271 2.92232 1.660244 0.5650794 20.29733 nan 0 0.0 0.0324292870951612 5.526361894310759 0.0 1.0
0.03688147 -0.01563177 -3.780251 -4.810968 0.2020791 0.1348591 0.09745544 16.82957 1.272793 1 0.0004825939 0.04005739710332912 6.118472907517447 0.0 0.0
-0.0378285 -0.03064668 -2.108161 -5.008596 1.320618 0.8821032 0.1737678 19.81544 0.7892342 0 0.0 0.04868484782016269 5.434185927361797 0.0 0.0
0.033771 -0.04024529 -1.691553 -5.851658 1.044187 0.6066032 0.3092951 19.23455 0.7000332 0 0.0 0.05253726114087125 6.091243953477236 0.0 0.0
-0.001283193 -0.02722152 -3.411413 -2.879209 1.367473 0.9756864 0.2473759 19.86863 0.7839622 0 0.0 0.027251747382244115 4.464032159634382 0.0 0.0
0.003900416 0.001731984 -5.177007 -6.538552 0.4049881 0.2397875 0.1511632 15.46531 1.07342 0 0.0 0.004267670740499084 8.3399078972584 0.0 0.0
0.009854672 -0.02969761 -3.029145 -5.49801 0.07485036 0.05037492 -0.2322949 13.00186 1.739449 1 0.9989966 0.031289976029707726 6.277247278156644 0.0 1.0
-0.002757953 -0.02784906 -2.402182 -6.053278 0.2257301 0.149716 0.05157575 17.01912 0.3231564 0 0.0 0.027985289843662668 6.512499743294275 0.0 1.0
0.009025934 -0.03075231 -7.566089 -2.793915 1.50573 0.782177 -0.1593024 19.40335 0.9236622 0 0.0 0.03204952503405403 8.065461163699569 0.0 0.0
-0.01016349 0.02025964 -4.59122 -6.444225 1.702892 0.7608585 -0.01381806 19.42661 0.678709 0 0.0 0.022666043808077758 7.912479822345521 0.0 0.0
-0.005651667 -0.01914019 -1.627263 -5.69665 3.599717 2.160271 0.563075 19.85252 nan 0 0.0 0.019957159445046006 5.924508932702271 0.0 0.0
0.009225927 0.01848206 -6.361834 -5.200365 1.715767 1.082894 -0.3950902 19.21915 nan 0 0.0 0.020656821412137177 8.216856331759793 0.0 0.0
0.06542296 -0.01834911 -1.431655 -5.149549 2.473645 1.547401 0.5181232 20.26123 0.6902294 0 0.0 0.06794743212921074 5.344856494090932 0.0 0.0
-0.01458325 -0.03632607 -2.16474 -7.451183 1.071489 0.7288959 0.1117704 19.70706 0.7343369 0 0.0 0.03914402307131192 7.759267192659949 0.0 0.0
-0.0004265765 0.0223562 1.237248 -8.166104 2.826106 1.245123 -0.3515783 19.89518 nan 0 0.0 0.022360269362204747 8.259300040095408 0.0 0.0
-0.02110258 -0.01922565 -6.861181 -6.319726 0.8258555 0.5440171 -0.02291556 18.96785 0.9174023 0 0.0 0.02854723280072694 9.328169243202924 1.0 0.0
-0.0007633041 -0.06374151 -0.5368388 -5.418883 1.993268 1.064271 -0.1706122 19.69289 nan 0 0.0 0.06374608011657797 5.4454098895192855 0.0 0.0
-0.004330667 -0.03933896 -0.6733848 -4.002674 1.833961 1.130176 0.3038247 20.09316 0.7569141 0 0.0 0.03957661494552672 4.058921807468954 0.0 0.0
0.01297301 -0.02657364 1.190958 -3.203299 1.364277 0.7858402 0.2672848 19.29073 0.869976 0 0.0 0.02957122471778435 3.417529142694324 0.0 0.0
-0.1151781 0.0391433 1.185163 -1.958742 0.2401674 0.1632001 -0.02096857 17.31746 1.201765 1 0.0 0.12164782223492536 2.289384537191819 0.0 0.0
0.01047657 0.02073646 -3.07328 -5.278552 0.5861707 0.3844523 0.08475548 18.71854 0.4616833 0 0.0 0.0232327202948019 6.108040698546794 0.0 1.0
-0.02489471 0.05513169 3.937573 -12.75785 3.343778 2.944201 -0.6981845 20.67035 0.5834446 0 0.0 0.06049173355294258 13.351674717159229 0.0 0.0
-0.0514408 -0.0238305 1.772634 -1.330334 0.3076642 0.1759469 -0.0570951 17.29256 1.078693 1 0.0 0.05669258006908841 2.216307706414432 0.0 0.0
0.02843389 -0.04191299 -5.927241 -6.218889 1.653274 0.9519085 0.295963 19.80395 0.7658978 0 0.0 0.050647653758809 8.59108644272667 0.0 0.0
-0.05075021 0.08233086 -2.078335 -4.148512 1.042478 0.7927712 0.0009830358 19.85294 0.9422112 1 0.5332293 0.09671584318705856 4.640003037323252 0.0 0.0
0.005474742 0.02391439 -6.333709 0.8278651 2.838454 1.281311 -0.0003923168 19.96511 0.9074669 0 0.0 0.024533056251487786 6.3875840754137245 0.0 0.0
-0.01230999 -0.01493875 7.16276 -7.071064 2.37835 2.085147 -0.1450694 20.00324 nan 0 0.0 0.019357223596440685 10.065042320313214 0.0 0.0
-0.003164774 -0.04892908 -3.168013 -5.050506 0.5441848 0.3759322 0.1179672 18.58977 1.035967 0 0.0 0.049031323295598256 5.961871956374525 0.0 1.0
0.01082784 0.02084133 0.7545903 -7.958592 2.654451 1.772548 -0.8453018 19.40752 nan 0 0.0 0.02348623331303894 7.9942850301523585 0.0 0.0
-0.06523829 0.07295766 -4.085871 -7.818166 0.8987117 0.6882593 -0.04017116 19.60449 0.9802551 0 0.0 0.0978716232357454 8.821454609767994 0.0 0.0
0.05553241 -0.02297 -2.152871 -5.658679 0.7562882 0.5034998 0.4104733 18.71304 nan 0 0.0 0.060095502830146114 6.054378710295715 0.0 0.0
-0.1003198 0.05134882 -4.89189 -4.78865 1.032314 0.7463671 -0.01848135 19.84293 1.671453 1 0.3845434 0.1126976645163173 6.84556473890942 0.0 0.0
-0.02532333 0.0174405 -2.368583 -6.834944 2.062878 1.079327 0.05473327 19.67876 0.8070641 0 0.0 0.030748041930160366 7.233715843950812 0.0 0.0
-0.01383837 -0.04141861 -3.716759 -5.20268 0.6298019 0.4113097 0.09618476 18.86521 0.8914089 0 0.0 0.04366923102813926 6.393917159807515 0.0 0.0
0.005711407 -0.02809329 -3.549677 -4.756646 0.2827256 0.1814752 -0.1923016 17.21262 1.168591 0 0.0 0.028667980622006654 5.935140097221379 0.0 0.0
-0.03723684 -0.03705902 -4.193603 -5.281259 2.287379 1.51879 -0.2793445 20.30235 0.679493 0 0.0 0.05253525689045405 6.743738039595697 0.0 0.0
-0.0497132 -0.02373639 -3.008506 -5.521314 0.2929091 0.1951016 -0.1361693 17.45348 1.20858 1 0.9950956 0.055089186456800214 6.287767222045677 0.0 1.0
0.0229562 -0.04522501 1.913477 -7.819889 2.437258 1.43062 0.5109879 20.1609 nan 0 0.0 0.05071773504347469 8.050593655243691 0.0 0.0
0.04171112 -0.02339799 -1.554924 -4.709187 1.460431 1.049709 0.4979561 19.70101 0.6351433 0 0.0 0.0478255524557166 4.959257086171778 0.0 0.0
-0.002968244 -0.04554925 -3.639442 -5.383264 0.2779059 0.1928446 0.0329878 17.4735 1.141157 1 0.9525332 0.045645861236327176 6.498081975864878 0.0 0.0
-0.06354646 0.03207255 -3.520466 -5.442839 0.5937878 0.4515399 -0.04400318 18.93397 0.858696 1 0.9571146 0.07118146557941961 6.48214295099059 0.0 0.0
-0.03176627 -0.008353938 -2.119493 -6.354806 1.358602 0.9389808 0.006309782 19.82276 0.8228931 0 0.0 0.03284637255193858 6.698940951724011 0.0 0.0
-0.01612032 0.01576726 3.098632 -2.520872 1.717032 0.9399839 0.5524513 19.59672 nan 0 0.0 0.02254930608267137 3.994535756731688 0.0 0.0
0.008860672 0.01925075 -2.942694 -5.645513 0.1849659 0.125584 -0.0191239 16.6581 0.3903656 0 0.0 0.021192047655997852 6.3664169680287985 0.0 1.0
-0.02178987 -0.02527777 -2.459522 -4.607338 1.293794 0.9290779 0.09213976 19.85094 0.8068142 0 0.0 0.033373104302563766 5.222720738726895 0.0 0.0
-0.07101385 0.07029782 -2.43041 -6.726315 1.233741 0.9500272 0.06144189 20.02539 0.679451 0 0.0 0.09992372285185785 7.151937237373172 0.0 0.0
-0.0929609 0.05898538 -2.200676 3.723132 0.8551699 0.6304939 -0.04460627 19.54201 1.836386 0 0.0 0.11009543125195705 4.324891530015521 0.0 0.0
-0.0241888 -0.04129609 -6.503172 -2.61528 1.704593 1.163869 0.1766811 19.978 0.844511 0 0.0 0.047858803732731346 7.009346299048436 0.0 0.0
0.02330113 0.0004559227 -2.498242 -2.756098 1.690314 1.218035 0.2236555 19.57539 0.7628574 0 0.0 0.02330558999007052 3.7198507061665795 0.0 0.0
0.01186766 0.02181209 -4.147414 -5.396604 0.7043205 0.4633106 0.05937979 18.9949 nan 0 0.0 0.02483160534568194 6.806201409024861 0.0 1.0
-0.02926631 -0.00610461 -2.388512 -4.674666 0.8305426 0.5716699 -0.05707793 19.0149 0.8960876 0 0.0 0.029896206519694102 5.249523005540599 0.0 0.0
-0.004093318 0.006933318 -3.291708 -4.866457 0.5355363 0.2831813 0.5388649 16.63273 nan 0 0.0 0.008051468855944734 5.87518044745121 0.0 0.0
-0.009316817 -0.03266159 -0.5855132 -5.654973 1.485868 1.0691 0.04257547 20.08605 0.8126984 0 0.0 0.033964430516933285 5.685204071808086 0.0 0.0
0.0252737 -0.04357176 -1.037548 -5.060627 1.49781 0.877939 0.3463584 19.80994 0.6139336 0 0.0 0.05037120388860684 5.16589309659356 0.0 0.0
-0.08958552 -0.0505056 -1.255648 -2.232495 1.25854 0.8549958 0.2300904 19.75201 1.257772 0 0.0 0.10284153356028099 2.5613835762979744 0.0 0.0
-0.09496556 -0.008364501 -3.865214 -4.472052 2.620839 1.279048 -0.2756189 20.15525 -0.1280804 1 0.5696578 0.09533321804645326 5.910932951446836 0.0 0.0
0.01668584 0.01246366 -4.337257 -5.340444 0.4482317 0.311299 -0.2756672 17.7461 1.057394 0 0.0 0.020826907526111504 6.879835783010013 0.0 0.0
-0.01670664 -0.01474848 -0.6514131 -5.058384 1.853256 1.233922 0.1334188 19.94449 0.5631924 0 0.0 0.022285185267347452 5.1001556562822286 0.0 0.0
0.05869359 -0.02102202 -2.460473 -3.392251 1.992579 1.310593 0.4556889 20.04177 0.6429691 0 0.0 0.06234470973521731 4.190619790762459 0.0 0.0
-0.07467696 0.009562056 -5.321349 -5.901774 1.199802 0.9132534 -0.003881689 20.05354 0.5431194 0 0.0 0.07528666063645495 7.946552178578896 0.0 0.0
-0.014322 0.01645792 -2.505958 -3.985273 2.299125 1.33893 0.5878397 19.84915 nan 0 0.0 0.021817030382854583 4.707677387235981 0.0 0.0
-0.08919429 0.05894023 6.75503 -7.799704 0.232384 0.1615389 0.04805255 17.23922 1.139416 1 0.0 0.10690917678598504 10.318227211518264 0.0 0.0
0.008384184 0.03895941 -2.922288 -5.502661 0.5646039 0.4231843 0.01936293 18.94303 0.8714619 0 0.0 0.039851350904253624 6.2304931775795245 0.0 1.0
-0.04170091 0.09306087 -8.276923 -2.027266 0.8908907 0.6736053 -0.006956045 19.62774 0.9524765 1 0.0 0.1019769161133293 8.521576249889748 0.0 0.0
0.03537994 -0.01006954 -3.145827 -5.879287 1.199335 0.8041939 0.512139 19.31585 0.7432613 0 0.0 0.036784994090188455 6.668001435385118 0.0 1.0
-0.0256931 -0.03293837 2.894867 -8.124561 1.071543 0.7034046 0.05864089 19.07584 0.9880238 0 0.0 0.04177405421870015 8.624891094408671 0.0 0.0
-0.02870447 -0.005795499 0.3452082 -6.402591 1.742414 1.266705 -0.04946418 20.13483 nan 0 0.0 0.02928368840566196 6.411890533581203 0.0 0.0
0.004123344 -0.05872715 -0.4467418 -2.65239 1.888864 1.350127 0.2627266 20.40463 nan 0 0.0 0.05887172592055405 2.6897492351457672 0.0 0.0
-0.003600006 -0.05294978 -4.17086 -4.941931 1.243246 0.8368822 0.2444461 19.79357 0.6336861 0 0.0 0.05307201941935539 6.466742236115571 0.0 0.0
-0.004991495 -0.01904861 -5.991726 -7.507478 3.734525 2.171182 0.06098354 20.09405 nan 0 0.0 0.019691738502913475 9.605363417360115 0.0 0.0
-0.1075987 0.0503781 -0.9391198 -3.020212 1.14123 0.8278051 0.01615254 19.91219 0.7999916 0 0.0 0.11880838859819622 3.16285101193465 0.0 0.0
-0.03714367 0.03277285 -2.541983 -5.637433 0.9111455 0.552083 0.1840817 19.18769 0.8685341 0 0.0 0.049534956527601794 6.184038195368622 0.0 1.0
0.03656224 -0.001439104 4.404777 0.07255824 2.543396 1.838083 0.6025147 20.12405 nan 0 0.0 0.03659055088599263 4.405374571806681 0.0 0.0
0.03070152 -0.01307819 -0.8127383 -6.384665 1.630941 1.136769 0.5340174 19.57158 0.625 0 0.0 0.033370981166074516 6.4361860372826305 0.0 0.0
0.01228926 0.02275428 -4.555877 -5.602227 0.9623974 0.6833596 0.04373564 19.37037 0.917345 0 0.0 0.025860842400548364 7.220869933647745 0.0 0.0
-0.02450445 -0.00449386 -3.830417 -7.46855 0.3614746 0.2529126 0.003790617 17.98891 1.244219 0 0.0 0.024913105938483462 8.393529263449851 0.0 0.0
-0.03887604 -0.002175987 -6.211171 -3.451162 2.939675 1.934144 -0.6205418 20.09973 0.858839 0 0.0 0.03893689003381971 7.105572766602633 0.0 0.0
-0.004908435 0.01448639 -2.567027 -7.124156 0.5097517 0.3559533 -0.07923472 15.68828 1.251333 0 0.0 0.015295366271564895 7.572531038633318 0.0 0.0
-0.07096033 0.07546103 -13.55389 -8.394315 0.7910054 0.5730359 0.02675691 19.36287 0.8678207 1 0.0 0.10358443648719531 15.942787035249673 0.0 0.0
0.01219088 0.02242241 -2.246214 -5.306276 0.9447846 0.6250259 0.1268869 19.47838 nan 0 0.0 0.025522186923978517 5.762121338706085 0.0 1.0
-0.06041529 -0.05692099 -2.741569 -6.236492 3.970157 2.539518 -0.2222868 20.74325 0.5371075 0 0.0 0.08300606223863531 6.812490957632531 0.0 0.0
-0.01089112 -0.01686886 -6.508602 -6.509389 1.378816 1.044358 -0.2759093 19.29885 0.8800125 0 0.0 0.020079216432769484 9.205109730346782 0.0 0.0
