jas1101finalproject/data/gcs/NGC_5053.ecsv
# %ECSV 0.9
# ---
# datatype:
# - {name: x, unit: deg, datatype: float64}
# - {name: y, unit: deg, datatype: float64}
# - {name: pmx, unit: mas / yr, datatype: float64}
# - {name: pmy, unit: mas / yr, datatype: float64}
# - {name: pmx_e, unit: mas / yr, datatype: float64}
# - {name: pmy_e, unit: mas / yr, datatype: float64}
# - {name: pm_corr, datatype: float64}
# - {name: g_mag, unit: mag, datatype: float64}
# - {name: bp_rp, unit: mag, datatype: float64}
# - {name: filter, datatype: int64}
# - {name: memberprob, datatype: float64}
# - {name: r, unit: deg, datatype: float64}
# - {name: pm, unit: mas / yr, datatype: float64}
# - {name: member_prob_GMM, datatype: float64}
# meta: !!omap
# - comments: [deg deg mas/yr mas/yr mas/yr mas/yr dimless mag   mag   zeroone float]
# - __serialized_columns__:
#     bp_rp:
#       __class__: astropy.units.quantity.Quantity
#       unit: &id001 !astropy.units.Unit {unit: mag}
#       value: !astropy.table.SerializedColumn {name: bp_rp}
#     g_mag:
#       __class__: astropy.units.quantity.Quantity
#       unit: *id001
#       value: !astropy.table.SerializedColumn {name: g_mag}
#     pm:
#       __class__: astropy.units.quantity.Quantity
#       unit: !astropy.units.Unit {unit: mas / yr}
#       value: !astropy.table.SerializedColumn {name: pm}
#     pmx:
#       __class__: astropy.units.quantity.Quantity
#       unit: !astropy.units.Unit {unit: mas / yr}
#       value: !astropy.table.SerializedColumn {name: pmx}
#     pmx_e:
#       __class__: astropy.units.quantity.Quantity
#       unit: !astropy.units.Unit {unit: mas / yr}
#       value: !astropy.table.SerializedColumn {name: pmx_e}
#     pmy:
#       __class__: astropy.units.quantity.Quantity
#       unit: !astropy.units.Unit {unit: mas / yr}
#       value: !astropy.table.SerializedColumn {name: pmy}
#     pmy_e:
#       __class__: astropy.units.quantity.Quantity
#       unit: !astropy.units.Unit {unit: mas / yr}
#       value: !astropy.table.SerializedColumn {name: pmy_e}
#     r:
#       __class__: astropy.units.quantity.Quantity
#       unit: &id002 !astropy.units.Unit {unit: deg}
#       value: !astropy.table.SerializedColumn {name: r}
#     x:
#       __class__: astropy.units.quantity.Quantity
#       unit: *id002
#       value: !astropy.table.SerializedColumn {name: x}
#     y:
#       __class__: astropy.units.quantity.Quantity
#       unit: *id002
#       value: !astropy.table.SerializedColumn {name: y}
# schema: astropy-2.0
x y pmx pmy pmx_e pmy_e pm_corr g_mag bp_rp filter memberprob r pm member_prob_GMM
[from data line 114]
0.0007702847 -0.07436837 0.2583021 -1.243906 2.064068 1.350604 -0.3771021 20.57435 0.7631912 0 0.0 0.07437235907900162 1.2704416994496086 0.0
-0.05412734 -0.1224482 -6.688588 2.536811 3.767543 2.918976 -0.5986824 20.91755 0.497818 0 0.0 0.1338780438261465 7.153504000380862 0.0
0.02713618 0.01917575 -0.436433 -1.192949 0.2152758 0.1464771 -0.322152 17.33922 0.9506073 1 0.9999894 0.0332277241630374 1.2702759857960002 0.0
0.04257495 -0.0536934 -30.04089 -6.899497 0.6141886 0.4538706 -0.2981313 19.16383 1.256622 0 0.0 0.0685245034353588 30.823013007250104 0.0
-0.02141551 -0.02402647 -0.3624083 -1.273882 0.976348 0.7106094 -0.3709889 19.79006 0.6081104 0 0.0 0.03218532785635405 1.3244301136084493 0.0
-0.02665662 -0.07328684 0.09571613 -0.7639154 1.952779 1.43725 -0.3668082 20.58611 0.5692387 0 0.0 0.07798420549707485 0.7698885087461281 0.0
0.03005769 0.01915715 0.4524008 -1.0481 1.208179 0.829966 -0.3227664 20.08521 0.8034039 0 0.0 0.03564352850460516 1.1415691366888998 0.0
0.01647115 -0.01987469 4.625958 -5.113281 2.739322 1.523213 -0.3051628 20.58155 nan 0 0.0 0.025812827914015932 6.895297673249864 0.0
0.07636747 -0.1218412 -11.21136 -6.725796 2.163803 1.469064 -0.3553318 20.46113 0.778923 0 0.0 0.1437959265474544 13.074055410744442 0.0
0.03841539 0.01851596 0.2513465 -0.941197 1.555064 1.066023 -0.2860801 20.43861 0.4887352 0 0.0 0.04264484685836848 0.9741800941670128 0.0
0.03784836 0.01933028 2.19634 2.088293 2.055541 1.612766 -0.3718031 20.68757 nan 0 0.0 0.04249891856939421 3.0306562077294417 0.0
0.05335541 -0.07306536 0.3564859 -1.846135 0.7069175 0.5094342 -0.2980078 19.23496 0.2821007 1 0.9988172 0.09047290538165391 1.8802384516661206 0.0
-0.02299209 -0.07438025 -0.7573856 -1.204555 0.343488 0.235199 -0.3446999 18.11862 0.9002457 1 0.9998417 0.07785279566355083 1.4228793677302234 0.0
-0.01968575 -0.02682474 -0.3291269 -1.054636 0.1243491 0.0946264 -0.3159998 16.39716 1.014032 1 0.9999669 0.03327304358080427 1.1047993522805895 0.0
0.06228005 0.02345697 1.413131 -2.206704 1.280507 0.9188823 -0.2766741 20.2434 0.7140751 1 0.9978119 0.06655098849441231 2.620397253619573 0.0
0.03357616 0.01369131 -1.282528 -10.87111 3.500743 2.500854 -0.3818702 20.81243 0.3620605 0 0.0 0.036260315633784825 10.946502213167639 0.0
0.01445449 -0.07132939 0.3270856 -0.8373505 1.219809 0.9818816 -0.4201036 20.0274 0.545229 0 0.0 0.07277921515743489 0.8989665453050019 0.0
0.04372395 -0.05482419 -0.309592 -1.260595 0.1371439 0.1029071 -0.3427767 16.65794 0.2934456 1 0.9999875 0.07012471470714587 1.2980550683576564 0.0
0.004593957 -0.03543553 -0.3148362 -1.44933 0.1584165 0.1193217 -0.4150055 16.67732 1.003267 1 0.999981 0.03573207560860059 1.4831315793719855 0.0
0.02831376 0.01754897 -1.52197 -0.435269 1.600191 1.15049 -0.3027945 20.44127 0.7117481 0 0.0 0.033311189612478566 1.5829882448271686 0.0
-0.03163376 -0.09411235 -2.036014 -1.152779 1.834704 1.302334 -0.4086066 20.51064 0.544714 0 0.0 0.09928660128265092 2.339712040195759 0.0
-0.02012163 -0.02434133 -0.1672626 -1.324384 0.1805591 0.138815 -0.3320049 17.17923 0.9743195 1 0.9999885 0.03158132897814467 1.3349043998784182 0.0
0.005423749 -0.07034951 1.703812 -0.7059423 1.538907 1.120893 -0.4150788 20.39129 0.5070229 1 0.9964832 0.07055827811430139 1.8442694657433578 0.0
0.04582726 0.02222559 0.3501284 -1.984334 1.086195 0.816386 -0.368715 19.764 0.4787769 0 0.0 0.0509324514426284 2.014986679867279 0.0
-0.03583242 -0.07108607 -0.7796429 -1.365845 0.154161 0.11919 -0.3620754 16.62797 0.1834278 1 0.9972685 0.07960648008234819 1.57269692425 0.0
-0.01818806 -0.0247478 -0.2635031 -1.304564 0.1697472 0.1260431 -0.3346619 16.90201 0.08286476 1 0.999993 0.030712524015515233 1.3309098819249974 0.0
-0.0842451 -0.1372281 6.174953 -6.36503 1.503148 1.055391 -0.4256561 20.16691 1.557838 0 0.0 0.16102418546174982 8.868125588483116 0.0
0.09121968 0.02073992 -1.91397 1.259071 1.534995 1.177755 -0.2397939 20.46963 0.5576401 0 0.0 0.09354771136114876 2.290969433218392 0.0
-0.008505673 -0.02932806 -0.1197279 -0.3086019 0.7233232 0.454981 -0.2705055 19.05158 0.7338123 1 0.9993225 0.030536561308479527 0.3310134479473908 0.0
0.04001051 -0.09552402 -3.159786 0.4923465 3.285629 2.026777 -0.208268 20.74668 0.661129 0 0.0 0.10356485556123998 3.1979137952512495 0.0
-0.002079547 -0.03199854 -0.4635589 -1.442285 0.1914313 0.1501337 -0.3340796 17.14078 0.9397869 0 0.0 0.032066042441449005 1.5149497928955302 0.0
0.04133326 0.0343457 -1.308636 -4.253978 1.608682 1.394462 -0.315214 20.56761 0.4136028 0 0.0 0.053740724694756395 4.450714212907856 0.0
-0.01065733 -0.02783449 0.8449998 -0.475929 1.693032 0.8525413 -0.2362449 19.8482 nan 0 0.0 0.029804991466011194 0.9698108449801126 0.0
0.04751343 0.02167671 1.889421 -2.31884 1.730635 0.9096136 -0.1218463 19.78444 0.7074108 0 0.0 0.05222457071904948 2.991142032876573 0.0
-0.0151349 -0.02369904 1.440185 -1.518373 0.9976475 0.522016 -0.2642394 19.34638 0.6208839 0 0.0 0.028119560717258726 2.0927468555355664 0.0
0.04983094 -0.05418363 9.652322 -18.05712 0.3203099 0.232651 -0.3329277 18.15252 0.8707905 1 0.0 0.07361377820259261 20.4750312011016 0.0
-0.00165791 -0.03142825 -0.3473545 -1.281253 0.05420464 0.04394243 -0.3464844 14.38725 1.228004 1 0.9999992 0.03147194883750608 1.3275030691788439 0.0
-0.006995643 -0.08100962 -0.5417654 -0.9567422 0.3167915 0.2347251 -0.3514608 18.04638 0.9390106 1 0.9998317 0.08131111580545337 1.0994841453599957 0.0
0.004564856 -0.03456578 -0.4946068 -1.370325 0.139546 0.1281779 -0.4362871 16.57673 0.5597935 0 0.0 0.03486590106836672 1.4568550004139877 0.0
0.01189571 -0.08118484 -0.5173914 -1.489524 0.294762 0.2156588 -0.3634499 18.00325 0.9023399 1 0.999804 0.08205172857551327 1.5768245328412291 0.0
-0.02321309 -0.09667711 -0.1420842 0.2372944 1.772403 1.269395 -0.4728194 20.46691 0.3772564 0 0.0 0.0994249020381725 0.2765801008044505 0.0
-0.008624341 -0.07856242 -0.4691212 -1.490749 0.8666262 0.6384279 -0.3687747 19.58391 0.6614742 1 0.9993159 0.07903437918994924 1.5628202971840495 0.0
-0.08197942 -0.08132483 1.134609 1.044587 2.013089 1.481303 -0.5488156 20.57124 0.5803699 0 0.0 0.11547447024370928 1.5422384975904342 0.0
0.02202054 0.01392794 -0.00179803 -1.157278 0.2490579 0.171025 -0.311277 17.63528 0.9176502 1 0.9999608 0.0260555501675785 1.1572793967732602 0.0
-0.07200241 -0.08006072 -3.862276 -3.390524 0.487408 0.3379101 -0.4498841 18.72467 0.735302 1 0.0 0.10767574440293645 5.139341289966254 0.0
-0.01667713 -0.03624353 -2.853389 2.545282 2.44572 1.899622 -0.362387 20.77928 0.4540443 0 0.0 0.03989636740228113 3.823648682194142 0.0
-0.002937318 -0.03002633 0.4826487 -1.266484 0.8520499 0.661863 -0.3522748 19.59218 0.6614819 0 0.0 0.03016965910152158 1.3553344568289 0.0
-0.0142051 -0.03194458 -0.5032427 0.5543531 1.86657 1.090593 -0.3539307 20.31137 0.4923515 0 0.0 0.034960564317333326 0.748705933316212 0.0
0.01333521 -0.07773816 -0.9863832 -2.192357 1.45099 1.04301 -0.3723032 20.25239 0.5895691 1 0.9964365 0.07887362896386663 2.404034324357961 0.0
-0.01009064 -0.03357374 0.7335511 -6.680995 2.094782 1.589379 -0.3235383 20.24268 0.5026474 0 0.0 0.03505733922015759 6.721145096360903 0.0
0.01416102 -0.03792412 -0.1040224 -1.16759 0.8884062 0.6534242 -0.3446374 19.6724 0.5083542 0 0.0 0.040481765836173696 1.1722145997221498 0.0
0.007443582 -0.03350711 -1.177552 -2.400161 1.355164 0.9478948 -0.3758133 20.20043 0.1963043 0 0.0 0.03432394694004208 2.673462462542723 0.0
-0.02961707 -0.03562007 0.9658388 -2.478582 1.278322 0.7466894 -0.3282889 19.84234 0.4563217 0 0.0 0.04632450995088669 2.660115282898363 0.0
-0.02467275 -0.0286609 -0.3834446 -2.786406 1.519741 1.043619 -0.3833613 20.34099 0.5302048 0 0.0 0.03781787647888892 2.8126656676727793 0.0
0.02007947 -0.04573224 -0.3042041 0.4045996 1.360415 0.9690352 -0.3388134 20.24321 0.5346966 1 0.998177 0.049946199964546856 0.5062024997735294 0.0
-0.02275567 -0.04482593 -1.408209 1.005212 1.892428 1.347901 -0.4198707 20.54124 0.6745548 0 0.0 0.05027111016790658 1.7301744861790676 0.0
0.003969702 -0.07790265 -1.37984 -1.804145 0.9363095 0.6695575 -0.3860489 19.72671 0.5612812 1 0.9973183 0.07800372690449671 2.2713206745470798 0.0
0.0001740179 -0.04727641 -0.7176516 -0.5511524 1.044243 0.8412383 -0.4191102 19.8615 0.5357647 0 0.0 0.04727673026677734 0.9048716964345386 0.0
-0.01615478 -0.04815116 -0.5022203 -1.253419 0.08021668 0.06134331 -0.3507613 15.47783 1.060929 1 0.9999891 0.050788887821983264 1.3502904944096623 0.0
0.04056661 0.01829709 -0.4168034 -1.113798 0.1179571 0.08145198 -0.3173507 16.19713 1.047081 1 0.9999862 0.044502060057487226 1.1892312891341028 0.0
0.0239315 -0.0373814 -1.362258 -2.408905 1.912891 1.57744 -0.3682962 20.57557 0.5325451 0 0.0 0.044385648110735074 2.767412177032724 0.0
0.000464821 -0.04640094 -2.478089 -4.329684 2.268077 1.878886 0.1599894 20.35696 nan 0 0.0 0.04640326811169275 4.988696085329011 0.0
-0.02247835 -0.03634399 -0.6479749 -1.318642 0.153886 0.116888 -0.3523339 16.77507 0.1829147 1 0.9999384 0.042733614729421145 1.4692474928323038 0.0
0.0768095 0.001379313 -0.2462847 -1.332463 0.09238389 0.07058374 -0.3602711 15.86649 0.9733791 1 0.9999855 0.07682188356583018 1.3550327670662026 0.0
0.132437 0.005415257 -2.050881 -0.5349318 1.433652 1.03106 -0.1086847 20.414 0.5226784 1 0.9849791 0.13254766681226815 2.119496380466888 0.0
0.00828761 -0.04995032 -10.83238 0.07870116 2.100973 1.505935 -0.4357779 19.81605 0.5377007 0 0.0 0.050633180303181625 10.832665892428574 0.0
-0.009814848 -0.0418154 -0.2678258 -0.1481988 0.990411 0.7063385 -0.3884124 19.7333 0.618187 0 0.0 0.042951820897641865 0.30609401083177046 0.0
-0.03349414 -0.08731423 1.717781 -2.077336 1.8187 1.289135 -0.4380524 20.52487 0.6196957 0 0.0 0.09351808474745674 2.695569776662626 0.0
-0.006005409 -0.04168587 -0.9539051 1.223389 1.111133 0.9421339 -0.408359 20.08403 0.5240211 0 0.0 0.042116228403243576 1.5513270400296033 0.0
-0.01300326 -0.09993207 -2.318123 -1.209801 3.169881 3.523687 -0.6442465 20.67794 0.4570103 0 0.0 0.10077451753847547 2.6148255587572184 0.0
-0.07578058 -0.1076032 1.589091 -1.657459 1.956783 1.31811 -0.4895456 20.5453 0.6451664 1 0.9869543 0.13160982089257778 2.296166488511232 0.0
-0.0264908 -0.03346144 1.826635 -1.885294 1.265824 0.7529923 -0.3222562 19.76008 0.58535 0 0.0 0.04267821987282975 2.625057883106771 0.0
-0.006677396 -0.1269728 1.008834 -2.499488 1.875448 1.365003 -0.3625974 20.57755 0.7986813 1 0.9850889 0.12714825817596093 2.6954009537914763 0.0
-0.03599595 -0.08896551 -0.8955824 -0.5801823 2.185288 1.685578 -0.3882578 20.72894 0.5981712 1 0.9937561 0.09597171659381007 1.0670891885981462 0.0
0.1166377 -0.06388777 -21.81314 -6.373565 1.125356 0.8954796 -0.3238495 19.92344 1.168671 0 0.0 0.1329887221416271 22.72521523481846 0.0
0.01616868 -0.05137076 -18.22922 -0.21518 1.032449 0.7046474 -0.3677316 19.7591 nan 0 0.0 0.05385518727030852 18.230489961621988 0.0
-0.01430734 -0.03790313 -0.2582049 -1.218633 0.12211 0.09378906 -0.3229378 16.39946 0.7821474 1 0.9999934 0.04051354392882089 1.2456870229206893 0.0
-0.0415902 -0.06710038 -0.042785 -1.126835 0.2405505 0.1722842 -0.3617915 17.61534 0.9400787 1 0.9998236 0.07894432045552359 1.1276469631272015 0.0
0.003009306 -0.04341782 -0.07063547 -1.289916 0.7283006 0.5326242 -0.369272 19.36765 0.6951942 1 0.9998448 0.04352198313673259 1.2918485424685515 0.0
-0.07886108 -0.1005733 1.163498 1.018264 1.757822 1.323888 -0.3907453 20.54088 0.5158291 0 0.0 0.12780476756231124 1.5461530227309328 0.0
-0.02376187 -0.0670712 -0.7658722 -1.274987 0.8449887 0.6040592 -0.4066447 19.55051 0.6233082 1 0.9994913 0.07115597188807768 1.4873305203961358 0.0
-0.01952655 -0.03353481 -0.3072119 -1.32677 0.1205462 0.08060299 -0.3164207 16.11338 1.049756 1 0.9999953 0.03880553615965897 1.3618728958319164 0.0
0.08333788 -0.06476843 1.908553 -5.387631 3.105921 2.122972 -0.3642587 20.879 1.109425 1 0.9302033 0.10554691737592009 5.715692639214429 0.0
0.02707366 -0.04825665 1.868375 -2.067521 1.68621 1.137373 -0.4557729 20.3374 0.3419151 1 0.9983256 0.055332516073445456 2.7866589719709154 0.0
0.02480034 -0.01183426 -2.766257 0.9247404 1.014823 0.7249678 -0.40911 19.65773 0.6095333 0 0.0 0.027479202569638005 2.916731492174273 0.0
0.05918891 0.00914127 8.267997 -2.616527 2.857586 1.466944 -0.1685334 20.56355 0.712429 0 0.0 0.059890649388706745 8.672138602082994 0.0
-0.02966021 -0.03272852 -1.969679 -2.033334 1.60537 1.207682 -0.5223368 20.16309 0.394743 0 0.0 0.044168813416646135 2.8309154912496064 0.0
0.04313032 -0.004836543 -1.746897 1.104856 2.836186 1.989391 -0.4905963 20.8194 0.6635132 0 0.0 0.04340065266206545 2.0669678055898695 0.0
0.0203411 -0.04486246 -0.6897647 -0.438313 1.706977 1.254454 -0.260573 20.46642 0.06041527 0 0.0 0.049258508569196446 0.8172475924315042 0.0
0.004594005 -0.03730092 -0.5467786 -2.288194 1.448489 1.100649 -0.4528103 20.25048 0.5855942 0 0.0 0.03758275555073663 2.352615272213874 0.0
0.02332834 0.01682727 -1.961117 -1.586978 3.78515 1.923777 -0.07194619 20.84173 0.6071053 0 0.0 0.028764013329306115 2.522791917731821 0.0
0.007706602 -0.06423066 -1.394648 -1.535146 1.268411 0.8892287 -0.3936565 20.10299 0.6819057 1 0.9985545 0.06469133943907796 2.0740579271611486 0.0
0.04046334 0.02507769 4.024921 0.1112317 3.712913 2.198726 -0.1500087 20.92719 0.3859787 0 0.0 0.04760433194249973 4.026457692230962 0.0
0.07387535 -0.1103067 -0.1532056 1.951927 3.75536 2.008651 -0.1871309 20.72905 0.5876713 0 0.0 0.13275969042790248 1.957930276899655 0.0
-0.0446277 -0.06002339 -1.695634 0.9669496 2.657563 2.484907 -0.3331649 20.84936 0.4459457 1 0.9932863 0.0747959822074829 1.9519647002177472 0.0
0.0600958 -0.007793778 -1.354082 -1.551087 0.6453674 0.4199692 -0.4326083 18.81731 0.9701786 1 0.9986731 0.060599077164205095 2.058982502182328 0.0
0.04344957 -0.002501871 -0.1672602 1.294969 1.937475 1.411133 -0.3198519 20.69919 0.5093803 0 0.0 0.043521540548164664 1.3057261142617314 0.0
-0.01584764 -0.02775209 -0.8631795 -1.104705 0.7376073 0.5363257 -0.385374 19.39474 0.585289 0 0.0 0.03195819445678526 1.401945785772492 0.0
-0.0133061 -0.06473196 1.71454 -2.987999 1.24548 0.9370813 -0.4388394 20.06751 0.5655956 1 0.9953205 0.06608539129529006 3.4449652299553035 0.0
0.04989909 0.01455913 2.701539 -3.070221 1.649788 1.245502 -0.3463571 20.46895 0.523098 0 0.0 0.05197968304236762 4.089568431676135 0.0
0.01818503 -0.004030179 -1.348985 -0.905537 1.574289 1.065642 -0.2399305 19.82686 0.4226913 0 0.0 0.018626262611510156 1.6247331438097765 0.0
0.004769192 -0.06424411 -0.6037732 -2.367891 1.375723 0.9678875 -0.3901629 20.14983 0.7526569 0 0.0 0.06442088839829022 2.443655021667183 0.0
0.04317446 -0.007043335 -0.4216302 -1.976373 0.6315255 0.4588025 -0.3373907 19.22974 0.7896805 1 0.9995779 0.043745200470609626 2.0208469166864274 0.0
-0.05158107 -0.0692283 2.149221 -0.864586 1.611372 1.115353 -0.4329234 20.38178 0.5065289 1 0.9929721 0.08633171087865049 2.3166052443687937 0.0
0.03843645 -0.01196537 2.302863 -0.3817981 2.634777 2.051131 -0.2681187 20.86247 0.3628216 0 0.0 0.04025581657151423 2.3342981356143455 0.0
0.02807082 -0.009020437 -0.6933099 -0.9408345 0.3771938 0.275609 -0.358985 18.43634 0.7740707 1 0.9999458 0.029484558995232894 1.16869507307435 0.0
0.1415492 -0.06607285 -4.755989 -2.489103 1.497251 1.037769 -0.220792 20.48845 1.224028 0 0.0 0.15621074715832614 5.367966571498932 0.0
0.01653383 -0.06922922 -1.057117 -1.627152 1.356201 0.9708463 -0.3526705 20.11756 0.509428 0 0.0 0.0711762069534286 1.9403917085972615 0.0
0.03147206 -0.006437323 3.895107 -5.524808 1.189358 0.8544145 -0.3561158 19.83644 0.5364399 0 0.0 0.03212366243207535 6.759834463824761 0.0
-0.07217657 -0.1155564 -4.299428 2.80278 1.625897 1.11642 -0.4142042 20.22643 1.896868 0 0.0 0.13624514243790456 5.132314960676517 0.0
0.01308429 -0.02687875 1.319829 -0.7957525 2.731278 1.452079 -0.001434983 20.53993 0.4648666 0 0.0 0.029894244368550277 1.54115885959146 0.0
