jas1101finalproject/data/gcs/NGC_6624.ecsv
# %ECSV 0.9
# ---
# datatype:
# - {name: x, unit: deg, datatype: float64}
# - {name: y, unit: deg, datatype: float64}
# - {name: pmx, unit: mas / yr, datatype: float64}
# - {name: pmy, unit: mas / yr, datatype: float64}
# - {name: pmx_e, unit: mas / yr, datatype: float64}
# - {name: pmy_e, unit: mas / yr, datatype: float64}
# - {name: pm_corr, datatype: float64}
# - {name: g_mag, unit: mag, datatype: float64}
# - {name: bp_rp, unit: mag, datatype: float64}
# - {name: filter, datatype: int64}
# - {name: memberprob, datatype: float64}
# - {name: r, unit: deg, datatype: float64}
# - {name: pm, unit: mas / yr, datatype: float64}
# - {name: member_prob_GMM, datatype: float64}
# meta: !!omap
# - comments: [deg deg mas/yr mas/yr mas/yr mas/yr dimless mag   mag   zeroone float]
# - __serialized_columns__:
#     bp_rp:
#       __class__: astropy.units.quantity.Quantity
#       unit: &id001 !astropy.units.Unit {unit: mag}
#       value: !astropy.table.SerializedColumn {name: bp_rp}
#     g_mag:
#       __class__: astropy.units.quantity.Quantity
#       unit: *id001
#       value: !astropy.table.SerializedColumn {name: g_mag}
#     pm:
#       __class__: astropy.units.quantity.Quantity
#       unit: !astropy.units.Unit {unit: mas / yr}
#       value: !astropy.table.SerializedColumn {name: pm}
#     pmx:
#       __class__: astropy.units.quantity.Quantity
#       unit: !astropy.units.Unit {unit: mas / yr}
#       value: !astropy.table.SerializedColumn {name: pmx}
#     pmx_e:
#       __class__: astropy.units.quantity.Quantity
#       unit: !astropy.units.Unit {unit: mas / yr}
#       value: !astropy.table.SerializedColumn {name: pmx_e}
#     pmy:
#       __class__: astropy.units.quantity.Quantity
#       unit: !astropy.units.Unit {unit: mas / yr}
#       value: !astropy.table.SerializedColumn {name: pmy}
#     pmy_e:
#       __class__: astropy.units.quantity.Quantity
#       unit: !astropy.units.Unit {unit: mas / yr}
#       value: !astropy.table.SerializedColumn {name: pmy_e}
#     r:
#       __class__: astropy.units.quantity.Quantity
#       unit: &id002 !astropy.units.Unit {unit: deg}
#       value: !astropy.table.SerializedColumn {name: r}
#     x:
#       __class__: astropy.units.quantity.Quantity
#       unit: *id002
#       value: !astropy.table.SerializedColumn {name: x}
#     y:
#       __class__: astropy.units.quantity.Quantity
#       unit: *id002
#       value: !astropy.table.SerializedColumn {name: y}
# schema: astropy-2.0
x y pmx pmy pmx_e pmy_e pm_corr g_mag bp_rp filter memberprob r pm member_prob_GMM
[from data line 466]
0.04818953 -0.04934169 -1.39505 -7.702867 1.217517 1.046282 0.1238127 19.5224 nan 0 0.0 0.06896979899693054 7.828175044171471 0.0
0.06043596 -0.03628888 -3.543561 -5.228701 1.304548 1.249088 0.4938093 19.71132 nan 0 0.0 0.07049388677591838 6.316339027326035 0.0
0.03120564 -0.07468726 -9.097925 -3.523311 0.7542995 0.6684275 0.2838772 18.98385 1.259495 0 0.0 0.08094429426536005 9.756329212790332 0.0
0.03131052 -0.0758584 -0.1340936 -8.842519 0.979834 0.8805118 0.3848552 19.42326 1.062643 0 0.0 0.08206610453305556 8.843535682006488 0.0
0.03428429 -0.0743545 4.440576 -8.492604 1.189422 1.051468 0.2698487 19.08461 0.8440132 0 0.0 0.08187798367726272 9.583477339285151 0.0
0.03294222 -0.0747584 -6.270556 -2.202526 0.5928532 0.5038409 0.1993604 18.7546 1.440908 0 0.0 0.08169460342696083 6.646126189729774 0.0
-0.0155505 -0.07871564 -2.948676 -5.924831 0.5364461 0.4521724 0.4262086 17.91415 1.137568 0 0.0 0.0802369617499292 6.618029354085475 0.0
0.04684503 -0.05398734 -0.9824966 -7.774663 2.219419 1.866473 0.263402 19.95535 nan 0 0.0 0.07147789669524769 7.836496942676655 0.0
0.005604937 -0.05607245 2.984647 -3.4272 0.880318 0.7832815 0.3750404 19.00625 1.216972 0 0.0 0.056351885219364836 4.544647132023453 0.0
0.04772084 -0.03900745 1.36012 -3.857619 0.2730428 0.2397114 0.2020813 17.63101 1.454588 0 0.0 0.06163489049076099 4.090372936977874 0.0
0.0242349 -0.06668968 -3.304414 -4.440661 0.7802173 0.6935459 0.3251377 19.03499 1.283726 0 0.0 0.07095663321009812 5.535216526958724 0.0
0.04039264 -0.06493454 -7.417209 -4.218923 1.329285 1.201953 0.4068405 19.55681 1.578703 0 0.0 0.07647260850252983 8.533129591750614 0.0
0.0327343 -0.06708316 -4.101153 -3.932893 0.6535882 0.5849963 0.1283613 18.54917 1.224859 0 0.0 0.07464371877174662 5.682174168296674 0.0
0.03168243 -0.0649237 1.419191 -3.358553 0.946867 0.7973409 0.09556965 19.15193 1.230145 0 0.0 0.07224169981662183 3.6460912424526626 0.0
0.003341043 -0.07398234 -3.387165 -2.660743 0.8567698 0.7309962 0.05573316 19.02059 1.475946 1 0.0 0.07405774233801249 4.3072543515880275 0.0
0.03573309 -0.069909 -1.696748 -7.325936 0.5475875 0.4850989 0.1100268 18.62523 1.545038 1 0.009857627 0.07851192267387228 7.519859842550258 0.0
0.04200152 -0.05638839 -2.204038 -6.285248 0.353749 0.2965565 0.1396054 17.98533 1.084141 0 0.0 0.07031200615188347 6.660489916436178 0.0
0.03704965 -0.06759587 0.8333593 -5.748016 0.5318166 0.4440643 0.09988574 18.41047 1.487402 1 0.04013468 0.07708357935500532 5.808112917217819 0.0
0.04171201 -0.05645121 6.98441 -5.686395 0.9951704 0.8285341 0.08449019 18.10056 1.201014 0 0.0 0.07018996287721059 9.006501604070527 0.0
0.03612862 -0.06768708 -1.949025 -6.012798 0.6778721 0.5928648 0.2015272 18.93132 1.247223 1 0.001577788 0.07672560186815611 6.320794114621121 0.0
0.02736301 -0.07843023 -4.903414 -6.042853 1.057841 0.9753292 0.2119877 19.37484 1.34936 0 0.0 0.08306645107450421 7.782001107363389 0.0
0.03020993 -0.0612802 -3.608414 -6.132267 1.175861 1.014371 0.4987388 19.43162 nan 0 0.0 0.06832205194990049 7.115149341699371 0.0
0.072343 -0.02380764 -3.944933 -9.176625 1.576479 1.52345 0.5868032 19.82062 1.763815 0 0.0 0.07615978841468508 9.988640686555604 0.0
0.03376237 -0.0618364 -2.729332 2.697385 1.641126 1.495594 0.541826 19.59114 1.107683 0 0.0 0.07045309072692908 3.837334883020897 0.0
0.008921815 -0.04614686 0.6134595 -4.325281 1.16014 1.138761 0.5838053 19.25824 nan 0 0.0 0.04700139860423118 4.368568219348446 0.0
0.03713081 -0.06175179 -2.669733 -3.602428 0.372085 0.3174021 0.2046572 18.08073 1.286982 1 0.0 0.07205539965512786 4.483855683055935 0.0
0.006182824 -0.07331109 2.030619 -3.417198 1.909077 1.917233 0.3962835 19.86602 nan 0 0.0 0.07357134788491423 3.97500386092454 0.0
-0.003684674 -0.06586086 -3.97783 -7.436892 1.176225 1.007855 0.2122163 19.47193 1.151237 0 0.0 0.06596385148265582 8.433889620368767 0.0
0.007340673 -0.07203897 -2.704784 -6.367214 1.240192 1.122719 0.4289068 19.644 1.201935 0 0.0 0.07241200645441216 6.917894955002714 0.0
0.0043943 -0.05708328 1.547635 -4.38848 0.6703094 0.5693071 0.2906691 18.92524 nan 0 0.0 0.057252167889507904 4.65337842901531 0.0
0.06717479 -0.03591371 -0.4302304 -5.519793 1.029038 0.9476122 0.3424545 19.31742 1.358128 0 0.0 0.0761724817602013 5.5365343817168835 0.0
0.046093 -0.03028627 -4.071946 -4.502724 0.9280206 0.864335 0.3735291 19.30075 1.029743 0 0.0 0.055152722503181116 6.070853947105959 0.0
-0.0006849091 -0.05185514 -2.135943 -5.737808 1.046168 0.9301259 0.4408971 19.32067 nan 0 0.0 0.05185966298477906 6.1224744298455835 0.0
0.05463751 -0.002594057 -1.585385 -9.222357 0.5277312 0.474111 0.3179275 18.29546 1.329302 0 0.0 0.054699055117244474 9.357634008320373 0.0
0.06209108 -0.04132532 3.620672 -0.2204742 0.2601659 0.2277978 0.1817751 17.59065 1.229309 1 0.0 0.07458608642815898 3.6273784754902043 0.0
0.05505884 -0.002558054 -3.379191 -1.684684 1.307242 1.251836 0.4372751 19.73534 nan 0 0.0 0.05511823203271777 3.7758564583862295 0.0
0.04153941 -0.02912265 -0.09545857 -6.759218 0.5216279 0.4819591 0.347079 18.59815 1.413475 0 0.0 0.05073116720686209 6.759892033909303 0.0
0.003657399 -0.05776608 0.6101268 -5.092757 1.225303 1.123763 0.07121354 19.45869 nan 0 0.0 0.05788174639738854 5.129174258409168 0.0
0.03208954 -0.02723654 -4.454511 -4.587536 0.6992516 0.6748184 0.5019368 18.83351 1.047892 0 0.0 0.04208999511265355 6.394384630315649 0.0
0.05618419 -0.06033228 -1.154665 -0.09106909 1.059548 0.8956288 0.1110739 17.99479 1.239067 0 0.0 0.08244178076651729 1.1582507679161833 0.0
0.01671094 -0.05528598 -7.141141 -4.862137 0.5286087 0.46062 0.1874807 18.48317 1.306454 1 0.0 0.05775634251096584 8.63922861074124 0.0
0.04391529 -0.01426926 -7.382784 -5.966798 1.520214 1.428035 0.4206552 19.69136 nan 0 0.0 0.04617536655763222 9.492532747557947 0.0
0.01963151 -0.05861103 1.937151 -1.019122 1.200187 1.105151 0.5663388 19.25731 1.042103 0 0.0 0.061811398807509604 2.188872688779546 0.0
0.006841976 -0.05423575 5.827877 -1.552298 1.175249 1.054104 0.3973411 19.55291 1.333742 0 0.0 0.054665612716286976 6.031067849720562 0.0
0.02486994 -0.05296838 -1.263982 -4.957638 0.3982545 0.3614533 0.1798424 18.00498 1.291603 0 0.0 0.05851634981291981 5.116231526755606 0.0
0.04136698 -0.06331561 -5.618332 0.3475193 2.821015 2.847505 0.1385526 20.19518 nan 0 0.0 0.07563129976400312 5.629069561312641 0.0
-0.003474787 -0.04817211 -0.817974 -2.843775 0.5692735 0.4965697 0.4335653 18.42743 1.093792 0 0.0 0.04829727038402345 2.9590771729208076 0.0
0.05089622 -0.006809187 -5.418882 -9.556648 1.997005 1.92213 0.5698453 19.94226 1.080946 0 0.0 0.05134968585969508 10.986073144023207 0.0
0.02705515 -0.05002211 -3.077092 -4.827138 1.088049 0.9596715 0.2899588 19.48844 nan 0 0.0 0.05686996246151917 5.724487439719647 0.0
-0.004159165 -0.04641166 -0.666409 -6.610588 0.6679661 0.57052 0.3461675 18.87097 1.035126 0 0.0 0.04659764841118943 6.644093215859106 0.0
0.0609187 -0.02196499 -4.828883 -3.763782 1.8899 1.800281 0.417289 19.93895 0.6802788 0 0.0 0.06475761573274684 6.122431377419677 0.0
0.03994534 -0.06479512 -4.509882 -3.230647 2.058972 1.735304 0.4809557 19.95123 nan 0 0.0 0.07611857699359599 5.547622526139733 0.0
-0.01328816 -0.07568835 4.937653 -3.535316 2.098504 2.102735 0.729079 19.94394 0.34692 0 0.0 0.0768459596980095 6.0727980674698046 0.0
0.04638306 -0.02923927 -5.97221 -10.5668 1.710727 1.792619 0.5712607 19.84481 nan 0 0.0 0.05482994770284301 12.137732676414487 0.0
0.04654087 -0.0295388 -2.966178 -9.030586 1.520695 1.465144 0.6212307 19.68706 0.3880138 0 0.0 0.05512343681046112 9.505245679680247 0.0
0.04395556 -0.04179232 -2.290662 -3.685822 0.2790886 0.2347081 0.1698561 17.5642 1.030966 0 0.0 0.06065219918433296 4.339633188868386 0.0
0.032285 -0.0729977 -4.040986 -8.223285 1.349479 1.25771 0.3252642 19.79738 1.077868 0 0.0 0.07981845294347667 9.162531530282502 0.0
0.03648018 -0.04233474 -0.85265 -2.658376 0.3163136 0.2460801 -0.1224889 17.50725 1.18837 1 0.0 0.05588410993923049 2.791769148743499 0.0
0.042651 -0.01546461 0.4577009 -5.958544 0.7749352 0.6942349 0.2030863 18.25709 1.167118 0 0.0 0.045368072071139416 5.976097113819086 0.0
0.02894473 -0.06815771 -0.2263448 -7.482068 1.153644 1.071558 0.2295042 19.49031 1.239084 0 0.0 0.07404911091442624 7.485490867345376 0.0
0.03637572 -0.04011074 1.160538 -6.707348 0.9231669 0.834596 -0.01846209 18.90197 nan 0 0.0 0.05414854078242552 6.807008567832716 0.0
0.0008679506 -0.04327971 -0.9611447 -2.300563 1.269594 1.177242 0.5845105 19.43888 0.732235 0 0.0 0.04328841225926565 2.4932687884195497 0.0
-0.006605787 -0.06298855 -2.710981 -2.893958 1.387653 1.204651 0.1767569 19.33486 1.447033 0 0.0 0.06333398655533906 3.965401730988299 0.0
0.05558608 -0.04776061 -1.305919 -3.17536 0.7056515 0.6581232 0.5002206 18.87262 1.226479 1 0.0 0.0732863435937317 3.433414563399095 0.0
0.02611154 -0.03555843 0.9465561 -9.923749 1.210164 1.043481 0.4556253 19.36926 nan 0 0.0 0.04411592076831787 9.968789428283067 0.0
0.05426128 -0.01626954 -2.658796 -1.38437 2.631871 2.545463 0.4348192 20.15949 nan 0 0.0 0.056647898805251375 2.997611793831216 0.0
0.04309777 -0.01729204 -5.744802 -6.127385 0.86067 0.8097821 0.4269424 19.11147 1.198622 0 0.0 0.046437403311710916 8.399261691210068 0.0
0.03736894 -0.05840067 -3.244363 -7.288323 0.8318136 0.7363821 0.2843911 19.17957 nan 0 0.0 0.06933307964581192 7.97781570532298 0.0
0.04905482 -0.05578896 1.249699 -5.144534 0.2070839 0.1606339 0.04143749 16.38955 1.113017 1 0.0 0.07428851474564557 5.294145603188205 0.0
0.04072722 -0.01984878 -1.970964 -4.185798 0.8759164 0.8266747 0.4507197 19.12823 1.011786 0 0.0 0.04530651737241343 4.6266190664566285 0.0
0.04929502 -0.04917058 0.0118035 -4.857153 0.3889172 0.3337291 0.1190291 18.16533 1.487049 1 0.0 0.06962574907558841 4.857167341982491 0.0
0.006973433 -0.05606872 -1.296679 -7.422092 1.313559 1.187241 0.3872169 19.61714 0.8738594 0 0.0 0.05650070911275264 7.534509014229461 0.0
-0.01147261 -0.07585978 -1.110933 -4.252303 0.8355036 0.7546148 0.4072315 19.05085 1.192307 0 0.0 0.07672240221643545 4.395025931015425 0.0
0.0147132 -0.0394356 2.569253 -7.006883 0.7937737 0.7509 0.4529413 18.98828 0.9892864 0 0.0 0.04209091115193398 7.463073787233917 0.0
0.03227598 -0.02068105 0.1371029 -8.024929 1.241737 1.160441 0.488052 19.38773 1.07741 0 0.0 0.03833333685009564 8.026100090344588 0.0
0.04576213 -0.006060877 -1.019736 -6.965593 2.075159 2.045865 0.670978 19.95996 0.8062515 0 0.0 0.04616174576579647 7.039840008930956 0.0
0.05953125 -0.05227572 3.824478 0.7530395 2.259155 1.84277 -0.1343419 19.9305 1.664787 0 0.0 0.0792257573525233 3.8979097553745716 0.0
-0.01289436 -0.06899923 -2.505831 -7.162165 0.8677357 0.8091024 0.6095216 19.00889 1.373182 0 0.0 0.0701937195224936 7.587871670487449 0.0
0.03480474 -0.01678139 -0.8304105 0.3304836 0.2910183 0.2563735 0.223077 17.51803 1.105167 0 0.0 0.038639163769415355 0.8937566829843624 0.0
0.01210836 -0.03131375 -2.107102 -0.1755074 1.273608 1.307196 0.5410338 19.19724 0.9469032 0 0.0 0.03357325305882795 2.1143986582143772 0.0
0.05764082 -3.421133e-05 0.6914319 -4.639376 0.4393672 0.3816053 0.4292732 18.35443 nan 0 0.0 0.05764083015265742 4.690616989449641 0.0
0.01173963 -0.03295593 -2.270313 -4.122138 0.2775112 0.2337985 -0.113063 17.24815 1.475351 1 0.0 0.034984457044547654 4.705990098694747 0.0
0.01492432 -0.03586698 -6.683334 -3.995285 1.740322 1.702019 0.2535777 19.77216 0.7030411 0 0.0 0.03884810911463774 7.786479023716753 0.0
0.01166051 -0.03421668 0.1742148 -7.306369 1.122893 0.995752 0.3591925 19.44773 0.9758968 0 0.0 0.03614897901300256 7.308445714425198 0.0
0.01579278 -0.03707256 1.117083 -7.290841 0.6775505 0.5526994 0.2114814 18.86223 1.266062 0 0.0 0.040296235619248603 7.375922784043364 0.0
0.01347662 -0.03558448 -0.609569 -0.9066372 0.5944108 0.4661734 0.1822716 18.59625 1.32089 1 0.0 0.03805094615768181 1.0925041776509783 0.0
0.01734539 -0.03934638 -2.40159 -4.748809 0.9772612 0.9184444 0.4208259 19.11979 1.01519 0 0.0 0.04300000201577321 5.321543145233439 0.0
0.04243592 -0.02573559 -1.67213 -6.241192 0.1850215 0.1718388 0.4888231 16.51381 1.478503 0 0.0 0.0496299093178146 6.4613076321874665 0.0
0.01774033 -0.03870559 1.75198 -4.931714 1.134504 0.9746937 0.3782389 19.45485 1.351027 0 0.0 0.04257748237926944 5.233663812110595 0.0
0.06411649 -0.0032197 -3.676345 -3.893054 0.2496505 0.2131731 0.389187 17.61757 1.472628 1 0.0 0.06419727998918723 5.354566462930589 0.0
0.01579255 -0.03845157 -5.82475 -4.716069 1.082418 0.9366079 0.3474392 19.41131 1.734493 0 0.0 0.04156835179517465 7.494599347214033 0.0
0.06643493 -0.04007504 0.5520853 -8.78865 1.807101 1.633994 0.2059995 19.69949 nan 0 0.0 0.07758613764782019 8.805973370444411 0.0
0.02305598 -0.04453746 -1.483271 -4.215621 1.096354 1.012868 0.3212072 19.35003 1.288664 0 0.0 0.05015140633134828 4.468954382747937 0.0
0.02800294 -0.04893709 1.341545 -4.669809 1.305637 1.167087 0.05631243 19.64617 1.203913 0 0.0 0.05638265182049972 4.858689029306774 0.0
0.02547671 -0.04739145 -1.8959 -8.565671 1.480761 1.40017 0.4783769 19.74082 0.7647018 0 0.0 0.053805318375850175 8.772978769508166 0.0
0.005289634 -0.04677792 -2.230611 -8.227107 1.827395 1.719128 0.6489042 19.81827 nan 0 0.0 0.047076045154413264 8.52413720107613 0.0
0.04344565 -0.004656012 -1.77166 -5.013991 0.3655952 0.3200323 0.1936475 18.07808 nan 0 0.0 0.04369442700924964 5.317789475306539 0.0
0.06746976 -0.02806899 -0.8457215 -3.189877 1.150626 1.076391 0.4060359 19.56287 0.9846954 0 0.0 0.0730755548324999 3.3000848671952743 0.0
0.0314057 -0.02534995 3.370775 -2.589063 0.1116223 0.09808799 0.2903406 15.56847 1.571744 1 0.0 0.040360103536692025 4.250337788763853 0.0
0.008712407 -0.03324363 -0.7347157 -7.109307 0.4371719 0.3733701 0.4300067 17.99535 1.332119 0 0.0 0.034366334854193416 7.147170991383618 1.0
0.03562661 -0.07326207 -0.4414063 -4.016538 1.287855 1.187388 0.2496845 19.72428 1.103163 0 0.0 0.08146524560066704 4.040719864965114 0.0
-0.006683946 -0.07446888 -1.016995 -1.626136 1.063807 0.9680898 0.2500239 19.21271 0.2964478 0 0.0 0.07476823672245665 1.917966923729656 0.0
0.03950034 -0.05898897 -3.107949 -2.759943 0.5717595 0.4902169 0.2084374 18.71602 1.209793 0 0.0 0.07099278443459237 4.156516853069406 0.0
0.06601051 -0.005954191 -3.963879 -6.627809 0.160892 0.1382585 0.5468759 16.2633 1.766478 1 0.0 0.06627850195142147 7.722706058573122 0.0
0.03024435 -0.03513428 -2.701856 -6.920483 0.3731541 0.3034711 -0.2609414 17.42969 1.329006 1 0.0 0.04635880000648097 7.429206606228218 0.0
0.02453459 -0.02595452 3.657475 -2.900309 1.1925 1.181348 0.4905973 19.45569 nan 0 0.0 0.03571530785109516 4.6678598598400525 0.0
0.00657764 -0.0714133 -0.4084525 -3.588214 0.9415062 0.8494519 0.428816 19.27676 1.399342 0 0.0 0.07171558244105392 3.611386597216123 0.0
0.07334191 -0.02577105 -0.6885151 -3.074225 0.2989264 0.2777596 0.1698828 17.67516 1.749451 1 0.0 0.07773791083217119 3.1503828963402225 0.0
0.05419461 0.005960649 1.567226 -8.579049 0.8841245 0.7736587 0.563216 19.29755 1.139233 0 0.0 0.054521418631151744 8.721025116319582 0.0
0.05152683 -0.00933294 -2.378648 -6.840742 0.7571197 0.7138212 0.441361 18.89232 1.216627 0 0.0 0.052365236358604364 7.242493867340724 0.0
0.01384554 -0.03273496 -1.72999 -4.477895 0.3028123 0.2485485 0.0244969 17.32434 1.319908 0 0.0 0.03554260238211603 4.80045925210547 0.0
0.02505948 -0.03224318 -3.859469 -6.724966 0.9332305 0.7845486 0.08875922 19.07948 0.8876724 0 0.0 0.04083626077866092 7.753751908793381 0.0
0.02225968 -0.07384749 -0.3881581 -4.319803 0.5697589 0.4830635 0.2354444 18.71844 1.053278 0 0.0 0.07712940511246343 4.337207012514461 0.0
0.0513777 -0.04255888 -16.98425 5.001883 1.152248 1.076038 0.388361 19.21844 1.257669 0 0.0 0.06671526305235106 17.705467562540928 0.0
0.07441663 -0.03183151 6.021486 -6.354665 0.3539596 0.3047053 0.1598533 18.04844 1.178787 0 0.0 0.08093874133835416 8.754430930130239 0.0
0.06576697 -0.01569677 0.217873 1.401838 0.4833561 0.4243114 0.2115655 17.44748 1.234076 0 0.0 0.0676142213695743 1.418667833699277 0.0
