jas1101finalproject/data/gcs/NGC_7099_M_30.ecsv
# %ECSV 0.9
# ---
# datatype:
# - {name: x, unit: deg, datatype: float64}
# - {name: y, unit: deg, datatype: float64}
# - {name: pmx, unit: mas / yr, datatype: float64}
# - {name: pmy, unit: mas / yr, datatype: float64}
# - {name: pmx_e, unit: mas / yr, datatype: float64}
# - {name: pmy_e, unit: mas / yr, datatype: float64}
# - {name: pm_corr, datatype: float64}
# - {name: g_mag, unit: mag, datatype: float64}
# - {name: bp_rp, unit: mag, datatype: float64}
# - {name: filter, datatype: int64}
# - {name: memberprob, datatype: float64}
# - {name: r, unit: deg, datatype: float64}
# - {name: pm, unit: mas / yr, datatype: float64}
# - {name: member_prob_GMM, datatype: float64}
# meta: !!omap
# - comments: [deg deg mas/yr mas/yr mas/yr mas/yr dimless mag   mag   zeroone float]
# - __serialized_columns__:
#     bp_rp:
#       __class__: astropy.units.quantity.Quantity
#       unit: &id001 !astropy.units.Unit {unit: mag}
#       value: !astropy.table.SerializedColumn {name: bp_rp}
#     g_mag:
#       __class__: astropy.units.quantity.Quantity
#       unit: *id001
#       value: !astropy.table.SerializedColumn {name: g_mag}
#     pm:
#       __class__: astropy.units.quantity.Quantity
#       unit: !astropy.units.Unit {unit: mas / yr}
#       value: !astropy.table.SerializedColumn {name: pm}
#     pmx:
#       __class__: astropy.units.quantity.Quantity
#       unit: !astropy.units.Unit {unit: mas / yr}
#       value: !astropy.table.SerializedColumn {name: pmx}
#     pmx_e:
#       __class__: astropy.units.quantity.Quantity
#       unit: !astropy.units.Unit {unit: mas / yr}
#       value: !astropy.table.SerializedColumn {name: pmx_e}
#     pmy:
#       __class__: astropy.units.quantity.Quantity
#       unit: !astropy.units.Unit {unit: mas / yr}
#       value: !astropy.table.SerializedColumn {name: pmy}
#     pmy_e:
#       __class__: astropy.units.quantity.Quantity
#       unit: !astropy.units.Unit {unit: mas / yr}
#       value: !astropy.table.SerializedColumn {name: pmy_e}
#     r:
#       __class__: astropy.units.quantity.Quantity
#       unit: &id002 !astropy.units.Unit {unit: deg}
#       value: !astropy.table.SerializedColumn {name: r}
#     x:
#       __class__: astropy.units.quantity.Quantity
#       unit: *id002
#       value: !astropy.table.SerializedColumn {name: x}
#     y:
#       __class__: astropy.units.quantity.Quantity
#       unit: *id002
#       value: !astropy.table.SerializedColumn {name: y}
# schema: astropy-2.0
x y pmx pmy pmx_e pmy_e pm_corr g_mag bp_rp filter memberprob r pm member_prob_GMM
[from data line 4702]
0.05985404 0.01075656 -0.9675523 -7.058963 0.3071064 0.2976343 0.3365772 17.63463 0.8555965 1 0.9996407 0.060812907243077925 7.124964286830096 0.0
0.03698818 0.01126265 -0.2154381 -7.791515 1.020465 1.135828 0.195576 19.56744 0.5940056 0 0.0 0.038664877404886465 7.794492900128694 1.0
0.008760245 -0.03529281 1.142306 -9.446158 1.465276 1.410218 0.5584212 20.10825 nan 0 0.0 0.03636377772119015 9.514975772885604 0.0
-0.009222441 0.03287007 -0.5706875 -7.629597 0.5869852 0.4531704 0.2647152 18.37247 0.5554085 0 0.0 0.03413934562646714 7.650910704293003 1.0
0.03909173 0.008904569 -1.743445 -8.092138 0.5287966 0.5207618 0.2665736 18.57555 0.66012 0 0.0 0.04009307550523732 8.277819633156366 0.0
0.04077956 0.02356585 -0.5349501 -10.29982 1.840889 1.925864 0.1173518 20.27866 0.4464207 0 0.0 0.04709906368513179 10.313702712502916 0.0
0.01967024 -0.036652 -0.7762106 -7.333137 0.2408105 0.2225793 0.5805505 17.47711 0.2418251 1 0.9999039 0.04159672397746726 7.374103413725723 1.0
0.01218154 -0.03978488 -3.498909 -10.50362 1.3937 1.327102 0.5673763 19.58347 0.5443134 0 0.0 0.041608011168355545 11.071061254219533 0.0
0.03561986 0.03552259 -0.80163 -6.96 1.662956 2.017353 0.2509014 20.25558 0.5496864 0 0.0 0.05030535584535408 7.006012464797647 1.0
-0.001028824 0.06118497 -0.2181569 -7.80266 0.6801784 0.6702401 0.2834318 18.98225 0.5185413 0 0.0 0.06119361921576363 7.80570916116003 0.0
-0.02729891 0.05812471 1.070459 -6.977746 1.620026 1.775917 0.2949022 20.28726 0.2295322 0 0.0 0.06421613815679203 7.059378280783443 0.0
0.008283449 -0.03530422 1.258496 -5.080386 2.222399 1.512454 0.5043988 19.86477 0.5358677 0 0.0 0.03626297667241343 5.2339405891748525 0.0
0.0267309 0.06851415 -0.521684 -6.594849 0.6866869 0.6182765 0.6228479 19.16707 0.6113605 1 0.9983866 0.07354406682413273 6.615450667086635 0.0
-0.013492 0.07537686 0.9337352 -8.06312 1.393961 1.430049 0.2112405 20.09721 0.7033119 0 0.0 0.07657483325126867 8.117004715910854 0.0
-0.01771799 -0.01968205 -1.004208 -5.393099 0.6227372 0.6002399 0.3818547 18.65938 0.7967014 0 0.0 0.026482263155602846 5.485795341704337 0.0
-0.002318981 0.007718165 -2.528324 -10.28405 0.7647814 1.006392 0.9540968 16.32012 0.4355783 0 0.0 0.008059016307564218 10.590283596366813 0.0
-0.03548959 -0.06533415 1.325115 -6.947532 0.7840176 0.5703118 0.3343559 19.00331 0.8194618 1 0.9784223 0.0743509391641464 7.072773900970467 0.0
0.07332088 0.01030163 0.7577267 -8.808019 1.124265 1.141678 0.2744568 19.56243 0.6334953 0 0.0 0.07404103608561471 8.84055136607745 0.0
0.04852606 0.02958858 -1.17449 -7.68016 0.9540366 1.122203 0.278922 19.53831 0.7252159 0 0.0 0.05683539887728422 7.76944556488428 0.0
-0.05400406 0.02332085 1.670625 -6.39066 1.390879 1.379715 0.5060054 20.18539 0.5321903 0 0.0 0.05882431930083084 6.605416196291116 0.0
0.02826666 0.03050802 -1.816125 -6.934527 0.6920691 0.7498003 0.2396933 18.99919 0.6836681 0 0.0 0.04159018335949001 7.1684011278216015 1.0
0.01707235 0.04512211 2.386975 -7.78508 1.516802 1.475322 0.165763 19.97432 0.4596539 0 0.0 0.048243859146782614 8.142795604522135 0.0
0.06479611 0.01930109 -0.1158031 -8.157022 1.434372 1.805424 0.4041902 20.00608 0.6444283 0 0.0 0.06760967346704316 8.157843971690902 0.0
-0.004673881 -0.043416 -1.97731 -7.469695 1.049031 1.044486 0.5350783 19.70961 0.5920811 0 0.0 0.043666854931425525 7.726972125556362 1.0
0.03053203 -0.002518223 -8.313671 -2.849265 1.661354 1.50004 0.2109504 18.84261 0.6293163 0 0.0 0.030635703076616817 8.788369390078342 0.0
0.04173678 -0.05603382 -0.9244164 -7.893147 1.466185 1.486775 0.5269756 20.24155 nan 0 0.0 0.06986950542662228 7.947094767535993 0.0
-0.02496102 0.01310412 -1.306927 -7.635731 1.080657 0.9852056 0.5609638 19.70538 0.5666237 0 0.0 0.028191673955528077 7.7467700422621295 1.0
0.03175343 0.06116785 -0.3848464 -6.445356 0.4041481 0.39837 0.2683548 18.20324 0.6531754 1 0.9979551 0.06891869260503568 6.456835193678786 0.0
0.02905775 -0.07373446 -1.771375 -6.663015 1.833638 1.926132 0.5507368 20.44099 0.7413692 0 0.0 0.07925353888978144 6.89445706933113 0.0
-0.0781505 -0.09377556 8.477782 -2.618842 1.578164 1.314688 0.5353089 20.26719 1.551479 0 0.0 0.12207111166678052 8.873055903153546 0.0
-0.0735993 -0.009494896 -1.374229 -6.3934 0.9928231 0.8995831 0.4549704 19.7745 0.6736412 1 0.9943133 0.07420923130272147 6.539424202820994 0.0
-0.01674152 0.02258874 -0.69755 -7.456531 0.2741445 0.236011 0.4616578 17.57001 0.8592682 1 0.9998579 0.028116359414013754 7.489087431487297 1.0
0.03023272 0.03857567 1.353044 -5.842376 1.941116 2.057481 0.1477674 20.24361 0.4488316 0 0.0 0.04901121988430098 5.997006369123848 0.0
-0.03766473 -0.008495764 -3.555225 -0.2109837 3.499195 3.507453 0.004060417 20.78835 0.6716805 0 0.0 0.03861100739318512 3.5614798781252004 0.0
0.006656553 -0.03896433 0.05878376 -7.297959 0.5826771 0.5644579 0.5471638 18.94479 0.6152935 0 0.0 0.039528833908815335 7.298195742518882 1.0
0.0206642 0.04321997 0.4723498 -9.944334 1.46374 1.800485 0.2537846 19.97632 0.5669537 0 0.0 0.04790589701112902 9.955545843253198 0.0
0.03907108 -0.0617417 -0.6413229 -4.749172 2.435725 2.287856 0.6311718 20.51244 0.5955086 0 0.0 0.07306563358554007 4.792278137550909 0.0
-0.05221086 0.0299248 -0.3140956 -5.822774 1.426413 1.47217 0.4231285 20.20945 0.4277267 0 0.0 0.06017863040132768 5.831239413796638 0.0
0.08662546 0.0628316 -3.818797 -9.126521 1.688811 1.53835 0.6912841 20.22758 0.8155327 0 0.0 0.10701299116822967 9.893260134589104 0.0
-0.02569007 0.01084759 0.1016397 -6.588881 1.57843 1.29729 0.7985798 19.6069 0.642725 0 0.0 0.02788637490626919 6.589664897457008 0.0
0.01355644 -0.03338777 -4.154977 -7.117637 3.169233 2.724436 0.4892133 20.69993 nan 0 0.0 0.036034986486004124 8.241637600276901 0.0
0.01089666 0.02441086 -0.6482843 -7.118997 0.2082968 0.1885779 0.2077374 16.96705 0.8877983 1 0.9999253 0.02673251363218955 7.148453736273005 1.0
-0.009639745 -0.01728178 -2.000105 -5.791119 0.4468707 0.4153795 0.5876547 18.00986 0.6532688 0 0.0 0.019788496750218928 6.126783763377487 0.0
-0.06362259 0.01125645 -3.197834 -5.42962 2.047138 1.869899 0.4930657 20.36758 nan 0 0.0 0.06461069280630413 6.301342367778154 0.0
-0.02891304 -0.005466625 -1.303928 -6.775724 0.626114 0.5945527 0.5595314 19.02665 0.6492615 0 0.0 0.029425293047516538 6.90004811239458 1.0
0.04046157 -0.007346449 -0.1564363 -7.623031 0.4519376 0.4344576 0.2550721 18.33297 0.5618896 0 0.0 0.04112309521150495 7.624635987568107 1.0
0.00764271 0.04067504 18.81296 -13.82828 1.567693 1.665349 0.2325723 19.14376 0.6336746 0 0.0 0.04138683238840223 23.34842161089267 0.0
-0.009948296 -0.01734665 -0.9298255 -7.622282 0.4446397 0.4165702 0.5784706 18.28263 0.5140858 0 0.0 0.01999687124342496 7.678786254869597 0.0
0.02030216 0.06161449 0.2034123 -6.263555 0.675545 0.6773548 0.2885585 19.01377 0.6501236 1 0.9962872 0.06487313063684919 6.266857091223343 0.0
-0.0383335 -0.02416673 -3.671435 -7.235501 0.8762109 0.8633278 0.3976718 19.47713 0.6771374 0 0.0 0.045315428511081085 8.11368656531826 0.0
0.002337393 -0.04319087 -0.6160012 -7.297398 0.4513673 0.435654 0.5605431 18.41741 0.5622406 1 0.9996915 0.043254070992143026 7.32335135363622 1.0
0.04340573 -0.09776901 -0.4864769 -8.609235 1.099427 1.051737 0.5177439 19.80837 0.5025158 0 0.0 0.10697119571741263 8.622968575813008 0.0
-0.07749419 -0.01703303 -0.9450778 -7.239838 0.6655377 0.7058868 0.7181781 18.49215 nan 0 0.0 0.07934402053549468 7.301261967242159 0.0
-0.02754857 -0.0922602 0.08042923 -6.964881 0.9583098 0.8279694 0.5121666 19.51815 0.6735802 1 0.9957412 0.09628534786292721 6.965345375873287 0.0
0.01746525 0.04521361 -1.874761 -6.601283 1.720435 1.884301 0.2337383 20.34633 nan 0 0.0 0.048469634688066296 6.862336777892061 1.0
0.001833564 0.0285941 -0.387548 -6.838949 0.4282991 0.4252395 0.2239065 18.28859 0.6317673 0 0.0 0.028652827290724665 6.849920939463828 1.0
0.02074207 0.00243513 -0.956062 -8.249342 0.4004844 0.404231 0.2772344 18.05493 0.5515099 0 0.0 0.020884523600068067 8.304558867321491 0.0
-0.058372 0.002046351 0.7164389 -4.675098 2.276714 1.947255 0.2721478 20.56802 nan 0 0.0 0.058407858515915484 4.729675042435496 0.0
-0.007484562 0.06706321 -2.697061 -6.874111 2.104316 2.209552 0.2269876 20.56371 0.407793 0 0.0 0.06747957323394943 7.384276543984658 0.0
0.01078264 0.002190255 -1.41799 -6.744528 0.4657354 0.3959861 0.488322 17.65296 0.7221079 0 0.0 0.011002842466136874 6.891977479859028 0.0
-0.03264503 -0.001605102 -0.1613193 -5.459301 0.8816911 0.7946186 0.6000772 18.59105 0.6174488 0 0.0 0.032684466281879286 5.46168392761367 0.0
0.02071229 -0.008753373 -1.143927 -7.618361 0.3906866 0.3426281 0.5473397 18.10245 0.5901947 0 0.0 0.02248600666906485 7.703764878788164 0.0
-0.0671744 -0.06716782 -0.8280147 -7.198512 0.4910466 0.4161391 0.407039 18.56884 0.5994091 1 0.999106 0.09499429487559977 7.245977046441708 0.0
-0.03659913 -0.007064957 -3.285291 -6.89486 0.7488724 0.6978376 0.562105 18.97794 0.4541969 0 0.0 0.03727478952547887 7.6375540177651775 1.0
0.006320566 -0.02701478 -1.172058 -7.489275 0.570319 0.5315966 0.4662651 18.6931 0.572258 0 0.0 0.027744330826472565 7.580432704073627 1.0
-0.05459516 0.02786963 -0.06647669 -8.196424 2.249511 2.046053 0.3841206 20.65379 0.3095703 0 0.0 0.061297208515253776 8.196693573514223 0.0
0.05716054 -0.05501718 -1.786722 -7.422535 1.464376 1.497224 0.6067524 20.09955 0.1694469 0 0.0 0.07933610419124448 7.634553119306264 0.0
-0.005598411 -0.06623745 1.152856 -4.819279 0.9210158 0.9345536 0.5716222 19.55624 0.5820827 0 0.0 0.0664736187387705 4.9552524695091975 0.0
0.07630126 0.0215476 -2.065051 -5.981454 0.8158124 0.8990264 0.3099964 19.30634 0.6835403 0 0.0 0.07928544219052827 6.327892823580138 0.0
-0.05871369 0.01352653 -1.546303 -3.98372 1.465399 1.511225 0.4340175 20.23716 0.5862675 0 0.0 0.06025167555559762 4.273298258512855 0.0
0.007442945 -0.01915466 -0.6473519 -6.501422 0.5489099 0.5659124 0.6221594 18.75997 0.5310516 0 0.0 0.020549900972720647 6.533571190743819 0.0
-0.0167694 0.02113533 3.624389 1.499879 1.691758 1.690142 0.4210595 20.2324 0.6178837 0 0.0 0.026979899009612694 3.9224778696586675 0.0
0.02436708 0.0351608 -1.380568 -4.655055 1.221331 1.196494 0.1655881 19.61316 0.6619797 0 0.0 0.0427789252362235 4.855461363830321 0.0
-0.0394268 -0.02624034 -1.452202 -8.151801 1.567439 1.404235 0.4098584 19.91028 0.4078007 0 0.0 0.047360616566463745 8.280141918614984 0.0
-0.02353212 0.02448362 -0.9041806 -7.506945 1.366331 1.087293 0.2883817 19.73219 nan 0 0.0 0.03395892106647089 7.561201345714936 1.0
0.02964717 -0.07097466 1.452885 -4.516761 1.73235 1.795985 0.5306815 20.41629 0.5853615 0 0.0 0.07691785911688195 4.744681733725245 0.0
-0.04705544 -0.02795369 -0.2176034 -7.236296 0.2746864 0.2447673 0.5402194 17.77616 0.7794418 1 0.9993217 0.054732286798650207 7.239567047780382 1.0
0.008563953 -0.03473395 2.995948 -5.900752 1.330513 1.043279 0.4925597 19.72525 0.4751873 0 0.0 0.035774132744047185 6.617747243904681 0.0
0.002927866 0.0265208 2.393567 -5.673725 0.7514644 0.5749674 0.3034731 18.2095 0.6169167 0 0.0 0.026681927065974 6.157947576840355 0.0
0.0506998 0.06422713 -1.299903 -8.42576 1.390172 1.295258 0.6513048 20.14599 0.5190125 0 0.0 0.08182660904667198 8.525443061038471 0.0
0.0552911 0.03560937 -0.1696919 -4.800972 1.167623 1.263608 0.2703043 19.78001 0.7471848 0 0.0 0.06576574314190406 4.803969971358024 0.0
-0.06644976 -0.001928517 -1.39817 -6.693329 1.847885 1.867434 0.4974969 20.45677 0.5957527 0 0.0 0.06647773899492136 6.8378017265156945 0.0
-0.0534458 0.03063194 -1.058508 -8.436395 1.057402 1.02475 0.5021655 19.78912 0.5606537 1 0.9963346 0.06160169872498323 8.502540783912124 0.0
0.06436855 0.06383788 -4.531813 -9.291499 1.856168 1.684111 0.646949 20.31544 0.9761677 0 0.0 0.09065641263582461 10.337760044321497 0.0
0.004132777 -0.02716919 -2.679089 -6.277896 1.000796 0.8285983 0.4382566 19.16026 0.5588875 0 0.0 0.027481716303532227 6.825649863327081 1.0
-0.00921911 -0.01549456 11.56767 -9.745168 0.9206516 0.8132575 0.5472486 18.3488 0.6267433 0 0.0 0.018029791423799114 15.12545168175562 0.0
0.03616506 0.08014293 -1.855618 -8.329797 1.464903 1.369111 0.6707641 20.2196 0.5348911 0 0.0 0.08792497252651546 8.53398126451734 0.0
-0.06117778 -0.05853229 -1.731573 -6.411779 1.073585 0.9987623 0.4048356 19.78749 0.4942875 1 0.9905987 0.08466846956436912 6.641479880205164 0.0
0.005620759 0.006440144 1.483604 -6.374362 0.404705 0.3358373 0.6321408 15.63408 0.1844254 0 0.0 0.00854800482433281 6.544736185352316 0.0
-0.06860831 -0.005027141 0.8675785 -7.734775 1.34128 1.297063 0.514198 20.13267 0.6058693 0 0.0 0.06879224046133388 7.783279305940861 0.0
-0.1050307 -0.06435788 -2.396734 -8.670989 0.9387295 0.7623143 0.4641359 19.7557 0.7060318 1 0.971244 0.1231802933126253 8.996131618916934 0.0
0.06933648 0.0637839 -0.5533045 -6.852179 0.8913332 0.8166356 0.6496982 19.31444 0.6419277 0 0.0 0.09421217202676309 6.874482010868982 0.0
-0.04184205 -0.01645637 -3.329598 -8.796163 1.692702 1.608307 0.4663751 20.37121 0.7167797 0 0.0 0.044961864527390316 9.405248873058756 0.0
0.009040815 -0.03378412 -1.350091 -7.993675 0.7713843 0.5233349 0.5030514 18.72784 nan 0 0.0 0.03497289093052825 8.106885080837522 0.0
-7.452751e-05 0.02800474 -0.9454638 -7.596121 0.6015149 0.580256 0.2401197 18.81659 0.5884895 0 0.0 0.028004839167853596 7.654734224240019 1.0
0.005142576 -0.02577495 -0.2589479 -7.363871 0.6480729 0.6358894 0.5857768 19.04913 nan 0 0.0 0.026282962835614175 7.36842249871405 1.0
0.0529062 0.03648962 2.192639 -9.64612 2.262511 2.148972 0.1743873 20.41735 0.2253494 0 0.0 0.06426942014818868 9.892183623382707 0.0
-0.06106954 0.01145791 0.6710379 -6.875252 1.1423 0.9405176 0.3116452 20.01701 0.54772 0 0.0 0.06213511420589568 6.907921679256389 0.0
-0.01547215 -0.03556808 -3.860229 -8.227679 0.6842081 0.4953307 0.3168806 18.6485 0.5082512 0 0.0 0.03878757198522357 9.088237984311482 0.0
0.1650224 -0.001535027 -1.513188 -7.536857 1.871156 1.755059 0.724628 20.21286 0.6832752 0 0.0 0.16502953920329153 7.687259027884582 0.0
-0.02555017 0.01285796 -1.315903 -7.040626 1.13781 1.101179 0.4453819 19.71856 0.9485779 0 0.0 0.028603117354416112 7.162542507886776 1.0
0.02254663 0.05625449 -2.003859 -7.083345 1.09716 0.9906191 0.1996304 19.53201 0.6975403 0 0.0 0.060604605184069966 7.361333254302918 0.0
0.03799285 0.09138433 -1.419099 -7.125919 0.9259483 0.8117532 0.6310543 19.52443 0.6717072 1 0.9956172 0.0989674311108023 7.2658491290668845 0.0
-0.0001306862 0.06762227 0.4240279 -5.805984 0.7379728 0.7278022 0.2568034 19.17732 0.6914253 1 0.9899033 0.06762239628137834 5.821447403200891 0.0
-0.0564415 -0.05191743 -1.358831 -7.447135 0.4152379 0.367759 0.5172967 18.38449 0.594883 1 0.9988942 0.07668808551564513 7.570088598872935 0.0
-0.000214697 -0.0534314 -0.3796504 -8.532316 1.05003 1.025485 0.5354683 19.73929 0.7475967 0 0.0 0.05343183134388909 8.540758206978825 0.0
0.006629157 -0.02586657 -0.5278466 -7.10342 0.130688 0.1188282 0.6201546 15.90565 0.006524086 1 0.9999413 0.026702531080321747 7.123004824477627 1.0
0.08889995 0.06440367 -0.3238741 -6.172388 1.282401 1.210028 0.6784726 20.01902 0.7878494 1 0.9904224 0.10977720081816351 6.1808792299473705 0.0
-0.0233908 0.01864143 1.020114 -9.257061 0.88788 0.8200409 0.5441822 19.19632 0.6436195 0 0.0 0.02991040683583057 9.313098889774391 0.0
0.02886009 0.04985603 0.9998795 -8.703705 1.582968 1.461141 0.1976323 19.93826 0.7816277 0 0.0 0.057606670813101155 8.760949705456893 0.0
-0.03222222 -0.009934391 2.982919 -4.96586 2.583378 2.477164 0.2000135 20.61404 1.159246 0 0.0 0.03371889064410751 5.792889719316345 0.0
0.04090246 0.05852179 -0.1900803 -8.145638 1.600641 1.404537 0.6681775 20.12362 0.7714291 0 0.0 0.07139895754740191 8.147855481505063 0.0
0.01667153 -0.01849745 -2.961997 -10.22343 1.46277 1.148989 0.7959558 19.45663 0.5722942 0 0.0 0.024901718194602556 10.643868995478524 0.0
-0.001477544 0.02928266 0.4855471 -7.271471 0.9100173 0.906106 0.2323485 19.29659 0.6336365 0 0.0 0.02931991324931805 7.2876639940490815 1.0
