jas1101finalproject/data/gcs/NGC_1904_M_79.ecsv
# %ECSV 0.9
# ---
# datatype:
# - {name: x, unit: deg, datatype: float64}
# - {name: y, unit: deg, datatype: float64}
# - {name: pmx, unit: mas / yr, datatype: float64}
# - {name: pmy, unit: mas / yr, datatype: float64}
# - {name: pmx_e, unit: mas / yr, datatype: float64}
# - {name: pmy_e, unit: mas / yr, datatype: float64}
# - {name: pm_corr, datatype: float64}
# - {name: g_mag, unit: mag, datatype: float64}
# - {name: bp_rp, unit: mag, datatype: float64}
# - {name: filter, datatype: int64}
# - {name: memberprob, datatype: float64}
# - {name: r, unit: deg, datatype: float64}
# - {name: pm, unit: mas / yr, datatype: float64}
# - {name: member_prob_GMM, datatype: float64}
# - {name: member_prob_DB, datatype: float64}
# meta: !!omap
# - comments: [deg deg mas/yr mas/yr mas/yr mas/yr dimless mag   mag   zeroone float]
# - __serialized_columns__:
#     bp_rp:
#       __class__: astropy.units.quantity.Quantity
#       unit: &id001 !astropy.units.Unit {unit: mag}
#       value: !astropy.table.SerializedColumn {name: bp_rp}
#     g_mag:
#       __class__: astropy.units.quantity.Quantity
#       unit: *id001
#       value: !astropy.table.SerializedColumn {name: g_mag}
#     pm:
#       __class__: astropy.units.quantity.Quantity
#       unit: !astropy.units.Unit {unit: mas / yr}
#       value: !astropy.table.SerializedColumn {name: pm}
#     pmx:
#       __class__: astropy.units.quantity.Quantity
#       unit: !astropy.units.Unit {unit: mas / yr}
#       value: !astropy.table.SerializedColumn {name: pmx}
#     pmx_e:
#       __class__: astropy.units.quantity.Quantity
#       unit: !astropy.units.Unit {unit: mas / yr}
#       value: !astropy.table.SerializedColumn {name: pmx_e}
#     pmy:
#       __class__: astropy.units.quantity.Quantity
#       unit: !astropy.units.Unit {unit: mas / yr}
#       value: !astropy.table.SerializedColumn {name: pmy}
#     pmy_e:
#       __class__: astropy.units.quantity.Quantity
#       unit: !astropy.units.Unit {unit: mas / yr}
#       value: !astropy.table.SerializedColumn {name: pmy_e}
#     r:
#       __class__: astropy.units.quantity.Quantity
#       unit: &id002 !astropy.units.Unit {unit: deg}
#       value: !astropy.table.SerializedColumn {name: r}
#     x:
#       __class__: astropy.units.quantity.Quantity
#       unit: *id002
#       value: !astropy.table.SerializedColumn {name: x}
#     y:
#       __class__: astropy.units.quantity.Quantity
#       unit: *id002
#       value: !astropy.table.SerializedColumn {name: y}
# schema: astropy-2.0
x y pmx pmy pmx_e pmy_e pm_corr g_mag bp_rp filter memberprob r pm member_prob_GMM member_prob_DB
[from data line 5931]
0.01410511 -0.02269841 2.977743 0.1528879 0.4888049 0.6320789 0.135344 19.18632 0.6211891 0 0.0 0.02672399567131008 2.9816653205910635 0.0 0.0
0.05330909 0.01151844 2.406553 -2.170257 0.6118239 0.8737642 -0.02396475 19.97319 0.5606022 0 0.0 0.05453928434313839 3.240603769031012 0.0 0.0
0.02511204 0.04823607 2.425172 -1.991189 0.4942529 0.5899603 0.003592438 19.7387 0.7043209 0 0.0 0.054381366312428195 3.1378803137317073 0.0 0.0
-0.01261393 -0.01742062 -2.532878 -1.382028 3.093782 3.011107 0.4611148 20.61645 nan 0 0.0 0.02150788765149428 2.8853894634291573 0.0 0.0
-0.08991379 -0.04599946 2.8315 -1.036267 1.169405 1.74011 -0.03727373 20.67476 0.7427082 0 0.0 0.10099722744934982 3.015168576595511 0.0 0.0
0.01449373 -0.02280526 2.656291 0.5546144 1.045298 1.199423 0.3486645 20.17171 nan 0 0.0 0.027021252616792214 2.7135731074301943 0.0 0.0
0.001633829 -0.04783838 -0.7894142 3.667537 2.276851 4.152153 -0.2561106 20.76653 0.7261295 0 0.0 0.04786627203183512 3.751533343251882 0.0 0.0
0.01653212 -0.03746349 1.037927 -0.1051208 1.78249 3.232796 0.2577512 20.9381 0.9271851 0 0.0 0.04094904241462186 1.043236713273474 0.0 0.0
-0.02790526 0.02346666 2.910818 -2.394036 0.7670156 1.270458 -0.05025096 20.31906 0.8097878 0 0.0 0.0364607688786619 3.768855237127051 0.0 0.0
-0.0415049 0.0007578204 3.694833 -2.262366 0.8926953 1.233163 -0.06214954 20.37829 0.5750008 0 0.0 0.04151181778444129 4.332446285396393 0.0 0.0
0.009500722 0.02608628 1.694908 -3.590805 1.175451 2.376941 -0.03447316 20.35584 nan 0 0.0 0.027762523710204805 3.9707170229681443 0.0 0.0
-0.04647603 -0.03335113 3.986655 -1.240476 0.555662 0.8348366 -0.120524 19.64105 0.5684738 0 0.0 0.05720418897980986 4.175188474260892 0.0 0.0
-0.01965558 0.01016255 2.827863 -0.5623618 0.6404725 0.9187965 0.2843115 19.54111 nan 0 0.0 0.02212734163063652 2.883237753094295 0.0 0.0
0.00755694 0.0283676 2.356855 -1.988034 0.3618901 0.5269515 0.03454761 19.23486 0.6164227 0 0.0 0.029356908419034863 3.0833495870856096 0.0 1.0
0.08539312 -0.02025473 1.630264 -1.723612 0.8608713 0.9656396 0.138872 20.25809 0.4288902 0 0.0 0.08776240100810427 2.3724668672586344 0.0 0.0
-0.009291681 0.01079317 2.78191 -0.5731259 0.2044675 0.255087 -0.06371561 17.05305 0.8756943 0 0.0 0.01424176444316718 2.8403338792034307 0.0 0.0
-0.00199513 -0.0394575 2.484797 -1.848963 0.7985028 0.9445523 -0.01755158 20.05834 nan 0 0.0 0.03950790870151064 3.0972375282787077 0.0 1.0
0.001557923 -0.01421755 3.968692 -19.31319 1.359815 1.294051 0.2085821 19.13672 0.5786686 0 0.0 0.014302651924605765 19.716739694152377 0.0 0.0
0.009091161 0.02678058 1.968983 -2.234101 0.4595901 0.6349039 0.07437126 19.47579 0.4970398 0 0.0 0.028281596020456854 2.977935750228671 0.0 0.0
0.003202641 -0.01984999 2.646784 -1.742875 0.05050001 0.06408717 0.009121839 15.86779 1.068302 1 0.9995659 0.020106690736542924 3.1690816979498964 0.0 1.0
-0.02038455 0.01076707 2.195598 -1.930412 0.532288 0.8019723 0.2292904 19.47956 nan 0 0.0 0.02305340918578855 2.9235493954007348 0.0 0.0
0.004536991 0.03177236 2.955072 -0.2020139 0.5967705 0.7505552 -0.00254186 19.85423 0.3879337 0 0.0 0.03209465917101599 2.9619689635405044 0.0 0.0
-0.01330779 -0.0189542 -0.3064539 0.2939913 1.351421 2.132657 -0.3497441 19.89304 0.7653923 0 0.0 0.023159425129396023 0.42467031601102045 0.0 0.0
0.02991414 0.006439293 0.9211296 2.220686 1.120144 2.499497 -0.4889921 20.4917 0.6146984 0 0.0 0.03059935074931246 2.4041476765357324 0.0 0.0
0.002349657 0.01434498 -7.592943 2.295782 3.245347 1.970296 0.2488331 20.33001 nan 0 0.0 0.014536139075354535 7.932427017803127 0.0 0.0
-0.006825302 -0.02722585 1.411705 -0.6427118 2.331239 3.157098 0.1346969 20.99548 nan 0 0.0 0.028068339024846196 1.5511252254038808 0.0 0.0
-0.0069112 0.02044642 2.016097 -2.269939 0.4716269 0.6973008 0.2679321 19.28467 0.6212273 0 0.0 0.021582881555909074 3.0359957472186943 0.0 0.0
-0.02650161 0.0174302 2.89672 -1.698637 0.3816137 0.6310465 -0.09307596 19.26133 0.5492668 0 0.0 0.03171982352775784 3.3580283524962975 0.0 0.0
0.002849475 0.01433925 6.420856 0.3790182 1.744609 1.618482 0.540097 20.01941 nan 0 0.0 0.014619630581451945 6.432032848848585 0.0 0.0
0.02696866 0.02812842 -0.8839939 -4.363944 1.027905 1.642383 -0.208996 20.61656 nan 0 0.0 0.03896814896671383 4.452578180152844 0.0 0.0
-0.006890396 0.0208565 4.543515 2.077238 2.693926 1.714801 0.6147065 20.24779 nan 0 0.0 0.02196522591021581 4.9958428982373935 1.0 0.0
-0.08069333 0.05265679 -8.85547 4.516069 0.6861942 1.076675 -0.1479098 20.24488 1.764816 0 0.0 0.09635429953869729 9.940534599993152 0.0 0.0
-0.007596746 -0.008284013 9.021816 -18.25226 1.190394 2.402283 -0.7350194 19.26461 nan 0 0.0 0.011239903076658845 20.360210191583388 0.0 0.0
-0.01740442 0.0455194 1.430898 -0.8851765 0.8152384 1.164805 0.05792998 20.29131 0.5752125 0 0.0 0.048733249551988635 1.6825595153088198 0.0 0.0
-0.02545825 0.007321471 2.31912 -0.5664878 0.4288412 0.5710921 0.117835 19.18141 0.5419693 0 0.0 0.026490119491356417 2.3873051757052006 0.0 0.0
-3.836641e-05 0.02279646 2.088722 -0.5637759 0.2184609 0.2494317 0.02598215 18.27104 0.8546734 0 0.0 0.022796492285284076 2.1634700965589544 0.0 0.0
0.01613311 -0.01057936 -4.821181 -12.47343 1.472204 1.537633 0.1721485 20.10285 0.8232517 0 0.0 0.019292488079086637 13.372742508538067 0.0 0.0
-0.008863715 0.04514073 3.149212 -0.41521 0.6792697 0.7946103 0.03525946 20.01897 0.6296673 0 0.0 0.04600272762058925 3.176465892315546 0.0 0.0
0.06397573 0.03320765 2.728211 -1.673381 0.188839 0.2289679 0.02025986 18.29474 0.9188137 1 0.9986207 0.07208080221220765 3.2005217124215855 0.0 0.0
-0.03138643 0.03555079 2.397445 -2.760516 0.4197802 0.7429605 -0.1294121 19.4713 0.6206341 0 0.0 0.04742327126811266 3.6562536993869834 0.0 0.0
-0.01292619 -0.01786697 2.46821 -0.5989562 0.7036445 1.059583 -0.2599138 19.89258 0.7692966 0 0.0 0.02205255098388846 2.5398443128700703 0.0 0.0
-0.003314782 0.007972506 2.774288 0.7573703 0.3470648 0.4483156 -0.05490498 18.03606 0.5110722 0 0.0 0.008634154945769738 2.8758100907859143 0.0 0.0
-0.002920034 0.04764918 3.359524 -3.921324 1.055882 1.452022 -0.06089021 20.46299 0.5950775 0 0.0 0.04773856882263602 5.163640519977354 0.0 0.0
-0.01275971 -0.01705823 1.710776 -2.2393 0.925769 1.889881 -0.4392149 20.00535 nan 0 0.0 0.02130242732687991 2.8180168580361618 0.0 0.0
-0.00775814 0.02019651 3.428749 -1.640336 0.9925646 1.286727 0.008203394 19.80195 nan 0 0.0 0.02163533573669935 3.800923821638234 0.0 0.0
-0.002294926 0.03835087 -0.8162061 -2.830532 1.296844 0.7656672 0.5012488 19.48334 nan 0 0.0 0.0384194731236957 2.9458621489644097 0.0 0.0
-0.01533722 0.005041925 1.702121 1.334905 0.4838261 0.6612518 -0.07791828 19.00886 0.6886387 0 0.0 0.01614469959565755 2.1631429119838566 0.0 0.0
0.00094724 -0.005397968 12.29439 -17.39139 2.036791 1.629758 0.4526124 18.52981 nan 0 0.0 0.0054804490825683255 21.29818000685035 0.0 0.0
-0.06938451 0.02035497 2.78531 2.500068 0.2910789 0.4362016 -0.04104945 19.01582 1.815073 1 0.0 0.07230860966469345 3.7427652612372047 0.0 0.0
-0.000996048 -0.02356737 7.282022 -1.440625 1.852902 1.972276 0.09432936 20.53108 nan 0 0.0 0.02358840902509544 7.423155986445995 0.0 0.0
-0.0004688451 0.0363825 3.611459 -6.379966 0.7374818 1.150245 -0.08455714 19.75431 0.4543171 0 0.0 0.03638552077376101 7.331207422371638 0.0 0.0
-0.01543053 -0.0264465 2.881273 -0.3289016 0.6316514 1.098662 -0.2955946 19.86568 0.5612507 0 0.0 0.030618925819350686 2.8999845453056405 0.0 0.0
0.03824983 0.0258691 1.683123 -3.044899 1.419531 1.976745 -0.1119304 20.76399 0.8498611 0 0.0 0.04617639905664906 3.47912531440447 0.0 0.0
0.04111547 -0.1271087 0.7738208 2.098628 1.329553 3.359199 -0.1405729 20.7933 0.5033875 0 0.0 0.13359305179915196 2.2367472170311604 0.0 0.0
-0.0112883 -0.01806899 1.41676 -3.557763 0.491357 0.8594929 -0.0844503 19.39046 0.5782738 0 0.0 0.021305260301392705 3.829476003550486 0.0 0.0
0.02142338 -0.001348583 2.220138 0.9335969 0.4602355 0.7463267 -0.1749186 19.37675 0.5208778 0 0.0 0.021465784093116398 2.4084467838699717 0.0 0.0
-0.02908849 0.03653745 2.368496 -1.976692 0.4206164 0.7997467 -0.1835803 19.48496 0.5633297 0 0.0 0.046702521377144084 3.0849772389565535 0.0 0.0
-0.008656951 -0.03317307 3.242846 -2.153992 0.5720843 0.7930664 -0.03788254 19.75094 0.6908474 0 0.0 0.03428403963714458 3.8930363106166888 0.0 0.0
0.03161446 0.03268018 3.755462 -4.639099 0.6148369 0.850217 -0.1740051 19.74775 0.6674652 0 0.0 0.045469420998336896 5.968645940684118 0.0 0.0
-0.02158794 -0.01525318 0.07976479 2.084955 1.711732 3.618693 -0.2259997 20.82315 nan 0 0.0 0.02643290853379552 2.086480235647763 0.0 0.0
-0.008199768 -0.02077909 -4.232431 2.391225 2.44993 4.084592 -0.2799309 20.80536 nan 0 0.0 0.022338459581670442 4.861216840502592 0.0 0.0
-0.02420208 0.008616809 1.530403 -2.186799 0.6366954 1.046777 0.1028312 19.61252 0.3750725 0 0.0 0.02569027196564647 2.669124052720293 0.0 0.0
-0.009465384 0.01292176 2.376088 -1.686394 0.04797989 0.06116502 -0.01408918 15.64771 1.0847 1 0.9999013 0.016017658248478645 2.9137122210300728 0.0 0.0
1.716912e-05 -0.003292252 9.706522 -22.06632 0.8812759 1.422572 -0.4505615 16.07999 nan 0 0.0 0.003292296768243345 24.106825748714492 0.0 0.0
-0.0005799375 0.03686888 3.080319 4.638463 2.117541 1.898281 0.1166484 20.5661 nan 0 0.0 0.03687344084782848 5.568096994856501 0.0 0.0
0.0548045 0.03417519 3.296467 -2.409498 0.410601 0.5828188 -0.05159013 19.43287 0.5939255 1 0.9750972 0.06458697106836718 4.083182005996426 0.0 0.0
-0.1170669 -0.0285162 1.969238 -2.123754 0.9856856 1.377127 -0.03514112 20.55296 0.8823853 1 0.9394877 0.12048996944995048 2.8962440078764082 0.0 0.0
-0.02179133 0.03700813 0.8028803 -2.510964 1.070494 1.800042 0.07603313 20.59047 0.4946613 0 0.0 0.04294722050687099 2.6362012414502978 0.0 0.0
-0.008615611 -0.02886628 1.68055 3.404497 1.521613 2.95137 -0.1655164 20.56906 nan 0 0.0 0.030124589191252403 3.796689100454368 0.0 0.0
0.004139324 -0.02654862 2.443062 -0.9181582 0.2055712 0.246675 -0.04502385 18.14024 0.888155 1 0.9962419 0.026869373403214596 2.609897778854804 0.0 0.0
-0.07531982 0.01983466 2.759448 -1.742188 0.4785054 0.7360807 -0.08144954 19.68947 0.6697235 1 0.9936518 0.0778876692561024 3.263398886444622 0.0 0.0
0.0161677 -0.0114186 11.32793 -4.510435 1.634031 2.397427 0.1974598 19.87637 0.4847431 0 0.0 0.01979340671157949 12.192867668195412 0.0 0.0
-0.02482055 -0.1280924 2.537353 -1.085623 0.4154659 0.6293864 -0.02854693 19.33716 0.7133312 0 0.0 0.13047498856126602 2.7598437536820812 0.0 0.0
-0.008470435 -0.02066276 1.868806 3.653685 0.5534774 0.7264689 -0.04780473 19.16275 0.5980415 0 0.0 0.022331545398982692 4.103882301536071 0.0 0.0
0.03752349 0.03468318 2.317211 -1.470723 0.9470109 1.438526 -0.09136683 20.60617 0.6771755 0 0.0 0.05109731183430788 2.7445387520036952 0.0 1.0
-0.05571446 0.0186299 2.338593 -1.053714 0.1739768 0.2626424 -0.03823989 18.22514 0.8825531 1 0.9973221 0.05874669545686464 2.5650205483475177 0.0 0.0
0.03877032 -0.04221196 3.315871 -1.207635 0.8455344 1.184098 0.0707902 20.17843 0.6177044 0 0.0 0.05731480855716086 3.5289350775929558 0.0 0.0
0.001697141 0.01620656 3.879366 -3.551506 0.1647735 0.2025118 -0.03036847 17.36385 0.867197 0 0.0 0.016295179489882305 5.259531864148367 0.0 0.0
-0.02272372 0.009687107 1.456035 -1.841657 1.258474 3.013999 -0.0339008 20.65816 0.7699356 0 0.0 0.024702378279587756 2.3477091870319033 0.0 0.0
0.07173779 -0.01571623 1.002269 3.761244 1.6069 2.04599 -0.1013474 20.69443 0.5473404 0 0.0 0.07343916121182893 3.8924927200827235 0.0 0.0
-0.04482343 -0.05568558 1.902771 0.9278444 1.52444 2.912684 -0.1447389 20.86626 0.3899422 0 0.0 0.0714844297515291 2.1169394674983883 0.0 0.0
-0.03181308 -0.006933595 3.529306 0.4630049 0.6965914 0.9495645 -0.09179513 19.99205 nan 0 0.0 0.03255989555742501 3.5595469345213036 0.0 0.0
-0.0222802 0.01389289 4.821936 0.1113534 0.7251211 1.124043 0.03175377 20.01522 0.6273937 0 0.0 0.026256803015449158 4.823221575647087 0.0 0.0
-0.05814331 -0.04324178 1.372858 -4.494355 1.253973 2.384255 -0.2769391 20.77063 0.404686 0 0.0 0.07246030661903453 4.699358036390609 0.0 0.0
-0.004724475 0.02271245 3.307648 -4.052909 0.9659286 1.040436 0.2291657 20.21202 0.8031139 0 0.0 0.02319862170535407 5.231310223470311 0.0 0.0
0.00873569 -0.09288449 2.013906 0.05518327 0.9768161 1.409447 -0.1302228 20.08944 0.6978588 0 0.0 0.09329437690630771 2.0146618997052315 0.0 0.0
-0.03234052 -0.007174056 0.0987675 5.604449 0.4270989 0.5220959 0.01159303 18.66661 0.7994595 0 0.0 0.03312667072558811 5.6053192248664345 0.0 0.0
-0.1027071 0.02010516 3.729933 -3.834076 1.394663 2.176141 0.00871134 20.79885 0.9325333 0 0.0 0.10465641809767616 5.349068980511001 0.0 0.0
0.02673554 0.009255257 4.395827 1.415261 1.064016 1.55165 -0.0957196 20.51655 0.6582336 0 0.0 0.028292205308664945 4.618036239793923 0.0 0.0
0.03277477 -0.01730982 3.744774 -1.952965 1.155135 1.585321 -0.01246679 20.48523 nan 0 0.0 0.03706501607965792 4.223435166106022 0.0 0.0
0.05378748 0.09138462 -0.08072711 -2.905839 1.794159 2.972774 0.1387817 20.9498 0.9141884 0 0.0 0.10603886918151664 2.906960123601621 0.0 0.0
-0.02855268 -0.02977522 1.446085 -0.375268 0.8748864 1.48771 -0.3893296 20.00734 0.641304 0 0.0 0.04125311213994406 1.4939839018707666 0.0 0.0
-0.01313461 -0.01586618 2.247986 -2.215245 0.7606861 1.222092 -0.3521311 19.79785 0.7115898 0 0.0 0.02059741847039332 3.15606582095827 0.0 0.0
-0.02509267 -0.01579743 2.659062 -1.513398 0.08603652 0.11661 0.01952554 16.78613 0.9865322 1 0.9997559 0.029651321763688718 3.059572556133945 0.0 1.0
-0.01030113 0.04622209 3.146129 -3.438061 1.446637 1.960188 0.01058439 20.69729 0.5593891 0 0.0 0.04735604378793693 4.660299467240491 0.0 0.0
-0.03905057 0.009887179 2.74143 -1.396278 0.7254186 1.148729 -0.01682352 20.21837 0.6036148 0 0.0 0.0402827919328209 3.0765290016809526 0.0 0.0
-0.04481861 0.1452401 2.730555 -1.119133 1.602762 2.749211 -0.1137744 20.94176 0.8310642 0 0.0 0.15199800804728364 2.950998014183337 0.0 0.0
0.02494496 0.01107714 3.055623 -4.923994 0.9200855 1.347414 -0.1396006 19.96656 nan 0 0.0 0.02729384655890774 5.7950451965592995 0.0 0.0
-0.01870853 -0.009803426 3.196238 -1.315551 0.9061874 2.629277 -0.586186 20.00895 nan 0 0.0 0.02112146434550351 3.4563871001733877 0.0 0.0
-5.921286e-05 0.06380445 2.542126 -2.717103 0.7843873 0.934992 0.008861592 20.19707 0.6412506 0 0.0 0.06380447747584247 3.72089415496934 0.0 0.0
-0.04213445 0.03591577 2.966771 -0.2744659 0.6738292 1.136223 -0.05719386 20.18769 0.5926571 0 0.0 0.05536473978531282 2.9794398293477604 0.0 0.0
-0.01922849 -0.01365063 9.123425 -9.990621 1.88233 1.61167 -0.053879 19.75166 nan 0 0.0 0.02358123251819124 13.52957470492942 0.0 0.0
-0.01956559 0.01179526 3.059523 -1.089153 0.5424649 0.8523957 0.09910828 19.63037 0.7499256 0 0.0 0.022846016513075097 3.247604539493379 0.0 0.0
0.08269454 0.04467323 2.556186 -1.325235 0.2314097 0.2952916 -0.05029697 18.58976 0.8871078 1 0.9974794 0.09398981021602554 2.8792941273550015 0.0 0.0
0.1231011 -0.05969568 3.228354 -5.518836 0.5870833 0.608311 0.07697634 19.76487 1.881439 1 0.0 0.13681175034284299 6.39373289590768 0.0 0.0
-0.01068365 -0.02813211 7.096102 -17.98555 3.302275 3.787217 0.1122442 20.77215 0.6229 0 0.0 0.030092457366831974 19.334804689908403 0.0 0.0
0.009501852 0.04103989 2.811347 -1.146939 0.3518718 0.5558049 0.08217693 19.17175 0.5301228 0 0.0 0.042125500147084355 3.0363038425246573 0.0 0.0
-0.01248198 -0.01836093 7.160712 -22.77455 0.980005 1.357217 -0.1477018 18.52957 0.7381458 0 0.0 0.02220188224419948 23.873749685573987 0.0 0.0
0.01851783 0.0173706 4.342862 0.4717671 0.868259 1.197667 -0.1215784 20.29425 0.68367 0 0.0 0.025389914774746686 4.368410986581552 0.0 0.0
-0.01011535 -0.01898251 -1.43151 -2.767745 0.8669688 1.367702 -0.3247008 19.86018 nan 0 0.0 0.021509439591086515 3.1160284442098725 0.0 0.0
0.02426477 0.01163041 2.281038 -1.964547 0.2789534 0.3755911 -0.01506979 18.90579 0.7153454 0 0.0 0.02690809357648736 3.0104118111402967 0.0 0.0
