jas1101finalproject/data/gcs/NGC_6642.ecsv
# %ECSV 0.9
# ---
# datatype:
# - {name: x, unit: deg, datatype: float64}
# - {name: y, unit: deg, datatype: float64}
# - {name: pmx, unit: mas / yr, datatype: float64}
# - {name: pmy, unit: mas / yr, datatype: float64}
# - {name: pmx_e, unit: mas / yr, datatype: float64}
# - {name: pmy_e, unit: mas / yr, datatype: float64}
# - {name: pm_corr, datatype: float64}
# - {name: g_mag, unit: mag, datatype: float64}
# - {name: bp_rp, unit: mag, datatype: float64}
# - {name: filter, datatype: int64}
# - {name: memberprob, datatype: float64}
# - {name: r, unit: deg, datatype: float64}
# - {name: pm, unit: mas / yr, datatype: float64}
# - {name: member_prob_GMM, datatype: float64}
# meta: !!omap
# - comments: [deg deg mas/yr mas/yr mas/yr mas/yr dimless mag   mag   zeroone float]
# - __serialized_columns__:
#     bp_rp:
#       __class__: astropy.units.quantity.Quantity
#       unit: &id001 !astropy.units.Unit {unit: mag}
#       value: !astropy.table.SerializedColumn {name: bp_rp}
#     g_mag:
#       __class__: astropy.units.quantity.Quantity
#       unit: *id001
#       value: !astropy.table.SerializedColumn {name: g_mag}
#     pm:
#       __class__: astropy.units.quantity.Quantity
#       unit: !astropy.units.Unit {unit: mas / yr}
#       value: !astropy.table.SerializedColumn {name: pm}
#     pmx:
#       __class__: astropy.units.quantity.Quantity
#       unit: !astropy.units.Unit {unit: mas / yr}
#       value: !astropy.table.SerializedColumn {name: pmx}
#     pmx_e:
#       __class__: astropy.units.quantity.Quantity
#       unit: !astropy.units.Unit {unit: mas / yr}
#       value: !astropy.table.SerializedColumn {name: pmx_e}
#     pmy:
#       __class__: astropy.units.quantity.Quantity
#       unit: !astropy.units.Unit {unit: mas / yr}
#       value: !astropy.table.SerializedColumn {name: pmy}
#     pmy_e:
#       __class__: astropy.units.quantity.Quantity
#       unit: !astropy.units.Unit {unit: mas / yr}
#       value: !astropy.table.SerializedColumn {name: pmy_e}
#     r:
#       __class__: astropy.units.quantity.Quantity
#       unit: &id002 !astropy.units.Unit {unit: deg}
#       value: !astropy.table.SerializedColumn {name: r}
#     x:
#       __class__: astropy.units.quantity.Quantity
#       unit: *id002
#       value: !astropy.table.SerializedColumn {name: x}
#     y:
#       __class__: astropy.units.quantity.Quantity
#       unit: *id002
#       value: !astropy.table.SerializedColumn {name: y}
# schema: astropy-2.0
x y pmx pmy pmx_e pmy_e pm_corr g_mag bp_rp filter memberprob r pm member_prob_GMM
[from data line 2420]
0.0128011 0.03371901 -4.220465 -4.516418 1.080858 0.892513 -0.08752964 19.02869 1.19503 0 0.0 0.036067156757777566 6.181452609779436 0.0
0.01403031 0.007931535 -3.385422 -3.091476 0.1044768 0.08707968 0.1574144 15.66126 1.735193 1 0.0 0.01611703589846238 4.5845726056700205 0.0
-0.02608731 0.0232419 -3.149485 -1.992142 0.3950953 0.3329261 0.160802 18.54004 1.541046 0 0.0 0.03493899910767479 3.7266453431187947 0.0
0.01316096 -0.00769719 2.829243 -5.68893 0.9368814 0.9453519 0.58 18.9149 1.078573 0 0.0 0.01524656033398025 6.353624201819699 0.0
-0.02247089 -0.005232245 -0.5688272 -4.23405 0.6434736 0.5522697 0.168508 18.88643 nan 0 0.0 0.023072002191663492 4.272088925333816 0.0
0.0151208 -0.003026303 0.1436211 -5.044102 0.745681 0.6761045 0.3373304 18.90966 nan 0 0.0 0.015420671272282832 5.046146253010233 0.0
0.003840537 0.002309362 0.2271328 -4.400059 0.3982866 0.3571165 0.5600458 17.42142 1.258738 0 0.0 0.004481392338929164 4.405917442748654 0.0
0.002664595 -0.01093142 5.935562 -0.905506 0.9144194 0.803145 0.433817 17.96949 nan 0 0.0 0.011251489222784024 6.004234953087695 0.0
0.01543074 0.0143992 1.916627 -0.985823 0.6725005 0.6048561 0.473003 18.93666 nan 0 0.0 0.021105560821442295 2.155297205597873 0.0
-0.005676686 -0.0009942322 2.395166 -4.15788 0.9163683 0.8387933 0.6204083 18.33838 nan 0 0.0 0.005763094794475694 4.798414973921701 0.0
0.01651796 -0.0221362 -0.1574604 -4.996751 0.1567453 0.1305834 0.2318929 16.6673 1.648128 1 0.0 0.027619818120356986 4.999231374278366 0.0
-0.01172645 0.03944497 -1.361456 5.00524 2.559971 3.190441 0.8648034 19.97719 nan 0 0.0 0.04115112741959083 5.1870984083142275 0.0
-0.01675708 -0.03447296 2.44074 -0.5730151 1.728959 2.112573 0.8183745 19.52587 1.31949 1 0.295798 0.03832994522938951 2.507101524156533 0.0
-0.04357517 -0.007274576 -3.432373 -4.299318 1.75372 2.270177 0.7052917 19.62184 1.74642 0 0.0 0.044178217443766064 5.501392521557883 0.0
-0.004837665 0.01879264 -8.697536 -9.389979 1.887336 2.463606 0.8450596 19.3211 nan 0 0.0 0.019405316818383176 12.799173336264221 0.0
-0.001786018 0.01063117 -1.675927 -4.865937 0.5669813 0.4800374 0.3648747 18.71897 nan 0 0.0 0.010780150085468385 5.146462299220504 0.0
-0.001981671 -0.009678283 -1.184171 -6.488083 0.8679202 0.7365398 0.119924 18.96452 nan 0 0.0 0.009879077982298246 6.595262085173719 0.0
-0.03607859 0.01027529 3.127614 -8.606045 1.071608 1.404789 0.7528134 19.22375 1.495882 1 0.0 0.03751328086121234 9.156745048051791 0.0
-0.006378598 0.04297965 -1.092347 -7.088614 0.5503854 0.5440993 0.403791 18.9194 1.299253 0 0.0 0.043450395010495635 7.172284880664249 0.0
0.04274236 -0.02053419 -3.610649 -5.064494 0.5957201 0.5409565 0.4629616 18.90195 1.224268 0 0.0 0.04741900776403593 6.219797880738328 0.0
0.000509481 0.008014296 -0.120457 -4.152586 0.1365962 0.1164861 0.232897 16.10377 1.513804 0 0.0 0.008030473912850786 4.154332723343786 0.0
-0.01905675 -0.0002554352 -0.0195429 -4.070945 0.5032201 0.4146069 -0.005454118 18.45969 1.309074 0 0.0 0.01905846183992557 4.0709919083640305 0.0
0.01103351 -0.01004494 -4.241629 -15.09391 0.07466979 0.06154732 0.1614693 14.51659 1.641413 1 0.0 0.014921097899407404 15.678569311698723 0.0
-0.006993221 0.01659909 -5.026187 -6.966445 1.637833 1.544826 0.7122402 19.9248 0.7162304 0 0.0 0.018012077303380114 8.590338276051416 0.0
0.001461204 0.003087608 -0.2517553 -3.863929 0.129424 0.1118214 0.2420066 16.34845 1.241937 0 0.0 0.0034159098775114072 3.872121905121156 0.0
-0.008197491 0.02421315 -3.210013 -4.29383 0.7994294 0.7278121 0.7601366 18.7764 1.089048 0 0.0 0.02556316669776225 5.361078205834065 0.0
0.004511085 -0.03466652 -2.071482 -6.398705 1.709893 2.09465 0.8219205 19.44201 2.087568 0 0.0 0.034958797130159175 6.725657094540949 0.0
-0.03165771 0.01928293 1.601824 -3.750574 1.166206 1.549158 0.8051364 19.35318 1.463985 1 0.1352336 0.037068072405090066 4.0783140458346265 0.0
0.02522406 -0.01104062 -2.965627 -5.768014 0.5793581 0.4833856 0.3258445 18.72969 1.290871 1 4.21581e-05 0.027534496415732756 6.485748145536103 0.0
-0.03330529 0.002740089 -4.774239 -6.713213 0.7403928 0.634747 0.2620768 18.81885 nan 0 0.0 0.03341781605239967 8.237753747987979 0.0
0.02495215 0.0312053 -8.105025 -7.909039 1.279814 1.511308 0.8670883 19.05134 1.236029 0 0.0 0.039954731105496126 11.324501232025453 0.0
-0.01093863 -0.006596447 -0.1501574 -3.782522 0.1493852 0.1247468 0.1165428 16.40811 1.579301 1 0.9919475 0.0127736736806883 3.785501277936485 0.0
-0.0480276 -0.001813475 -3.756213 -9.208535 1.220471 1.559516 0.7587655 19.26853 1.569414 0 0.0 0.04806182532255329 9.945162288650398 0.0
-0.02661662 0.0101879 -1.44009 -5.47329 1.332727 1.64493 0.7550656 19.4307 0.8494701 0 0.0 0.028499785378742766 5.6595726545561735 0.0
-0.009426312 -0.01835704 -0.9905737 -2.730052 0.5869953 0.4935239 0.8464003 17.49778 1.320299 1 0.0 0.020635800820005604 2.904207323493915 0.0
-0.0101262 -0.01582413 -1.57734 0.3328862 0.5988699 0.4990731 0.3000513 18.76239 nan 0 0.0 0.018786777709253386 1.612083961135536 0.0
-0.005033915 0.02612829 -1.676153 -5.874549 1.016713 0.9759224 0.3252897 19.66702 nan 0 0.0 0.026608792504571207 6.108994584447592 0.0
0.02751813 -0.01614896 -5.034648 -3.501768 0.4048711 0.346685 0.5829281 18.04229 1.072035 0 0.0 0.031906682494087346 6.132704102574002 0.0
0.01411062 -0.02642745 -5.92411 -8.252015 0.4779445 0.4196027 0.4034624 18.59684 1.600725 1 0.0 0.029958633318075443 10.158288775789208 0.0
0.03421612 0.01772017 -2.446359 0.08732033 0.6466903 0.5952948 0.4764476 18.84249 1.382893 1 0.0 0.03853241872350217 2.447916909723921 0.0
-0.02664373 0.005799083 -2.555518 -9.809063 1.175606 1.53266 0.7431671 19.34558 1.343294 0 0.0 0.027267521191956356 10.136488010464621 0.0
0.03191091 -0.02187581 -4.812423 -2.728545 0.6403553 0.5830947 0.5152185 18.96124 1.083986 0 0.0 0.03868923933323321 5.532121920922748 0.0
0.02032822 0.003904302 -0.282619 -2.166494 0.6916082 0.617934 0.2579939 18.81683 1.209923 0 0.0 0.02069976092798185 2.1848500523370022 0.0
-0.02680618 -0.0212853 -3.345042 -7.157293 0.4207824 0.3626139 0.2502624 18.23822 1.409534 0 0.0 0.0342291583636291 7.900389172035325 0.0
0.01358338 0.01723563 2.502053 -4.942575 1.600141 1.477265 0.240039 19.83706 nan 0 0.0 0.021944820658216825 5.539793935286221 0.0
0.03692471 -0.007219142 -0.7208994 -4.414537 1.52737 1.976384 0.8716829 19.31502 0.8903446 0 0.0 0.03762379858281543 4.473011610681261 0.0
-0.03854081 0.006009767 1.637134 -4.915418 0.5728755 0.4333411 -0.3873007 18.44847 nan 0 0.0 0.03900655502412882 5.180882342678706 0.0
0.01347024 0.005961303 -2.006347 -6.293283 0.481852 0.4108051 0.3981439 18.47407 1.368792 0 0.0 0.014730393718954323 6.60536442616893 0.0
0.04079769 0.02620219 -4.808588 -1.485325 0.3050607 0.2786894 0.4507429 17.33044 1.609552 1 0.0 0.0484871763472797 5.032763545942626 0.0
-0.02432072 0.008040666 -1.298595 -5.441045 1.412327 1.770566 0.7843757 19.27725 nan 0 0.0 0.0256154197904691 5.59386446618525 0.0
-0.01833332 0.03111292 -7.38911 -9.729791 1.190949 1.521323 0.8124038 19.16388 1.073105 0 0.0 0.03611266278120183 12.217519367522238 0.0
0.0236851 -0.008501653 -5.096537 -3.934144 0.6754012 0.6221578 0.3680776 18.93472 1.319395 0 0.0 0.02516469880094751 6.43833661787771 0.0
0.03505901 0.02909729 -0.01812436 -4.490005 0.8201255 0.8748604 0.7046664 19.01801 1.122097 1 0.39088 0.04556079968047313 4.490041580258518 0.0
0.0303259 0.02277369 0.4290827 -4.887056 0.5195976 0.4430256 0.421163 18.70022 1.310776 0 0.0 0.03792494122640271 4.905856531797 0.0
-0.04144443 -0.01832888 5.255712 -4.430511 1.145941 1.435378 0.7679683 19.15153 1.233627 0 0.0 0.045316538041638835 6.874004389587266 0.0
-0.01810268 -0.01744051 -2.594798 -7.149653 0.5244119 0.4388377 0.02718847 17.31475 1.493418 0 0.0 0.025137191812979028 7.605952582103901 1.0
0.003280859 0.009057576 -2.539157 -6.98611 2.133255 1.883259 0.27899 19.76464 nan 0 0.0 0.00963346867818944 7.433239616933454 0.0
0.006918173 -0.02648601 -1.803998 -2.477503 1.618927 2.139636 0.8069468 19.42436 -0.1430759 0 0.0 0.027374620424364407 3.064707147349156 0.0
-0.04152729 -0.02183652 -8.147075 -13.38999 1.145236 1.529846 0.7745593 19.11319 1.250816 0 0.0 0.046918540263466216 15.673757151867735 0.0
0.009912548 -0.02837447 -4.480587 -6.687313 0.1551759 0.1272972 0.08483148 13.14421 3.309247 1 0.0 0.0300561001401247 8.049584773423906 0.0
0.03720205 -0.0162715 -2.754885 -7.008507 1.466395 1.771158 0.8777875 19.29438 0.8229351 0 0.0 0.04060485483846113 7.530508729977941 0.0
-0.04259799 0.0004028213 -3.728129 -8.29092 1.324391 1.086549 -0.04425445 18.39397 1.408779 0 0.0 0.04259989456606476 9.09056105457969 0.0
0.008905796 -0.01750061 0.3562944 -3.738666 0.7633789 0.660463 0.549453 18.85644 1.24271 0 0.0 0.019636307004264216 3.755605032351959 0.0
0.03432691 0.01315014 -2.472223 -3.226773 0.6112135 0.5336174 0.4673581 18.83871 nan 0 0.0 0.036759528454098814 4.064966242818998 0.0
-0.02244027 -0.02067223 0.1453267 -5.248528 0.3452756 0.2884164 0.2333264 17.989 1.352001 1 0.0004963243 0.03051076549098367 5.250539592891086 0.0
-0.000890141 0.0004554719 0.4318245 -4.919016 0.4649123 0.3774889 0.07812313 14.92855 nan 0 0.0 0.0009999028210634323 4.937933860133836 0.0
-0.01992704 0.01659014 -2.662665 -6.220809 0.572133 0.4974612 0.2236442 18.67121 1.381668 0 0.0 0.025929127798312076 6.766701524133158 0.0
0.004763976 -0.006128779 -0.806765 -4.934946 0.5300654 0.4459196 0.240993 18.31933 1.096666 0 0.0 0.007762563968136881 5.000456158006087 0.0
0.002328822 -0.005218908 0.2418929 -6.453427 0.9596548 0.8231817 0.2110463 15.81148 1.349301 0 0.0 0.005714928925205282 6.457958827632722 0.0
-0.03304769 -0.01986193 -3.308243 -7.599769 0.5021941 0.4078103 -0.1071732 18.64913 1.267408 0 0.0 0.038557049649331314 8.28860426129816 0.0
0.01732756 -0.03756484 -7.56094 -5.308766 1.481178 1.386977 0.4101088 19.6176 0.9980354 0 0.0 0.04136860572679722 9.238550217775298 0.0
-0.01194912 0.02473357 -5.007345 -4.99226 0.1532094 0.1381635 0.3110927 16.4725 1.823756 1 0.0 0.02746872683105826 7.070796550362979 0.0
0.01011134 0.009368128 -1.935257 -5.822681 0.7844174 0.6941635 0.6440911 18.81506 1.133274 0 0.0 0.013784085708525757 6.135864542491954 0.0
-0.03174207 0.02084503 0.4577028 -1.845991 0.4991524 0.4183338 0.1493181 18.25643 1.453238 0 0.0 0.03797465317268612 1.9018871220997422 0.0
0.03541897 0.01416265 -1.968677 -0.024952 0.4010154 0.3391368 0.3723531 18.36059 1.358328 1 0.0 0.03814556449816151 1.9688351207333232 0.0
-0.006767731 -0.01318796 -0.4906935 -4.092364 0.1230582 0.1031964 0.1388355 15.97534 1.572762 1 0.9299786 0.01482310601223512 4.121677233777318 0.0
0.01265584 -0.02114395 0.6695206 -3.319807 0.5522563 0.470704 0.7996287 17.85114 1.19162 0 0.0 0.02464217741410243 3.386646770933361 0.0
-0.03529298 0.003630304 -1.499084 -6.080161 0.6854273 0.5133083 -0.5010801 18.12154 1.339258 0 0.0 0.03547919875663508 6.262236870717763 0.0
0.03175077 0.01046523 5.577552 0.6978951 0.468927 0.3998265 0.2982106 18.4263 1.49572 1 0.0 0.03343101007366962 5.62104473237031 0.0
-0.04028326 0.02858462 -5.220604 -6.832298 0.7686431 0.6979681 0.2516617 18.90086 nan 0 0.0 0.04939454966665857 8.598546510057384 0.0
-0.02037925 0.04435916 1.438892 -6.500539 0.1556579 0.1286156 -0.03582514 16.7367 1.686062 1 0.0 0.0488164819140841 6.657883858868747 0.0
-0.04778023 0.01077893 1.344713 -3.739198 0.6080388 0.457607 -0.4010996 18.57088 1.422987 1 0.08325141 0.048980972946622854 3.9736450188174834 0.0
-0.03918939 0.02197599 0.8539058 -2.474151 0.7205754 0.8152345 0.5121353 19.02111 0.8443966 0 0.0 0.04493052887572324 2.617360939204725 0.0
-0.04892678 0.007520759 -6.124795 -12.52673 1.248777 1.520212 0.7496613 19.22351 0.9786968 0 0.0 0.04950143045513414 13.943890356888389 0.0
-0.01836238 0.0387137 -4.68507 -5.785821 1.188066 1.456372 0.8204711 19.05591 nan 0 0.0 0.042847725341660786 7.444837509908527 0.0
-0.02799287 0.03166436 -4.016877 -9.47391 1.002714 1.282576 0.8114087 19.14078 1.105661 0 0.0 0.04226384347224587 10.290299875184834 0.0
-0.02785305 0.03245021 -1.552325 -4.098929 0.2429572 0.2170585 0.3291535 17.42556 1.622761 1 2.376438e-05 0.04276457088930742 4.383027703844228 0.0
-0.03261402 0.03733956 -4.535897 -1.099459 1.585735 1.936539 0.8119962 19.68136 nan 0 0.0 0.04957738437588252 4.6672445497627395 0.0
-0.04067223 0.01883032 -1.457218 -6.611206 0.7645213 0.6610197 0.2082631 18.76529 nan 0 0.0 0.04481976399397145 6.769898749166047 0.0
-0.04106281 0.01447191 -4.365543 -6.43368 0.527792 0.4505186 0.07345247 18.718 1.335117 0 0.0 0.04353838012770112 7.774972927750231 0.0
-0.04154143 0.023072 0.1918236 -6.561962 1.145771 1.483457 0.7384317 19.25039 0.7557449 0 0.0 0.047518497350451855 6.564765158249072 0.0
-0.01503121 0.0459754 0.3200018 -3.660776 0.2037704 0.1638262 -0.05660053 16.38549 1.266164 0 0.0 0.04837018378323675 3.6747356468430814 0.0
-0.04274163 0.01178774 -3.562132 -7.961704 1.024945 1.323477 0.6926414 19.1037 0.8330173 0 0.0 0.04433731779623684 8.722242542433683 0.0
-0.04313679 0.02169629 -2.234137 -6.178281 0.574052 0.492414 0.1751156 18.9029 1.74609 1 9.210143e-06 0.04828572927137168 6.56981919459965 0.0
-0.04313541 0.01747342 -2.170201 -4.114724 0.4115634 0.3406384 0.05854086 18.51461 1.519985 0 0.0 0.046540133243948706 4.651959369618033 0.0
-0.04318993 0.0129835 -0.7975038 -5.855325 1.024228 1.318425 0.7400663 19.05779 1.772421 1 0.1861036 0.045099238637197635 5.909386022814844 0.0
-0.04884318 0.008535499 -3.986729 -1.394069 0.3159135 0.2591345 0.01500267 18.04609 1.335409 0 0.0 0.049583373984546486 4.223438941928959 0.0
-0.0363336 0.0214046 -1.296066 -0.7715127 1.478124 1.940329 0.7528485 19.68301 nan 0 0.0 0.04216974496152425 1.5083165856733427 0.0
-0.03501899 0.02599595 -3.612806 -2.840005 0.519168 0.4321907 0.1073642 18.74106 1.108183 0 0.0 0.043613290142141305 4.595432035582835 0.0
-0.04568304 0.01760798 -0.4432544 -7.173058 0.584047 0.5142176 0.2146786 18.9586 1.259064 1 0.0 0.04895897367512926 7.186740257897412 0.0
-0.04031021 0.02514948 0.5251794 -6.180973 0.4979997 0.4027849 0.069088 18.56147 1.196768 1 2.337617e-06 0.047512202374911015 6.203244363146865 0.0
-0.02491405 0.03700364 -5.726669 -5.988123 0.1155798 0.0950338 0.08898372 16.21724 1.629553 1 0.0 0.0446091835909614 8.285671662496046 0.0
-0.03456971 0.02093778 -2.055122 -6.98471 0.2950061 0.2755625 0.3914108 17.67548 1.220171 0 0.0 0.04041602999816409 7.280776072575231 0.0
-0.03636269 0.02539095 0.423086 -0.4085623 1.461073 1.956781 0.8033963 19.62189 nan 0 0.0 0.04435026004364123 0.5881538203372396 0.0
-0.02079877 0.04120052 -1.883291 -4.385524 1.337204 1.647897 0.8067415 19.42048 0.2114143 0 0.0 0.046152699615334525 4.772798523430148 0.0
-0.01511453 0.04000157 -2.181084 -2.75202 0.1759683 0.1480165 0.069811 16.93838 1.634233 0 0.0 0.04276183601747942 3.5115155553487156 0.0
-0.006266863 0.04862732 -4.805476 -6.185593 0.116989 0.09703526 0.06405783 16.03282 1.833878 1 0.0 0.04902947911454056 7.832889655052278 0.0
-0.03275012 0.02162489 -3.892741 -5.627834 0.6027666 0.669162 0.4737283 18.92297 1.15279 0 0.0 0.03924546123472752 6.842948781383432 0.0
-0.01724232 0.0382847 -4.736987 -4.921883 0.6331647 0.6542898 0.4994743 18.98055 nan 0 0.0 0.041988282330578844 6.831103725157305 0.0
-0.02037907 0.04319567 -4.200231 -6.619834 0.8538 0.9992578 0.7389939 19.01635 1.27116 1 7.787483e-05 0.047761620584040064 7.839907055629996 0.0
-0.03235887 0.02445549 -4.69218 -4.527362 0.413848 0.3465892 0.03457345 18.35345 nan 0 0.0 0.040560663934617734 6.520242313859509 0.0
-0.02589289 0.03116125 0.5187395 -0.8007785 0.2310207 0.2059605 0.3477788 17.46173 1.417528 1 0.0 0.04051500035930643 0.9541157555152834 0.0
-0.01766281 0.04192196 -2.737049 -7.091375 0.359418 0.3005817 0.03005121 18.20838 1.661638 1 0.0 0.04549093961810088 7.601252305970774 0.0
-0.03096043 0.03047542 -1.995779 -2.848484 0.4346828 0.4074435 0.2806236 17.19665 1.673136 0 0.0 0.043443059859559846 3.4780734487783604 0.0
-0.03563404 0.02270561 -4.555869 -7.470547 1.161628 1.552806 0.8150047 19.14509 0.7122822 0 0.0 0.0422531600261294 8.750143703069682 0.0
