jas1101finalproject/data/gcs/NGC_6496.ecsv
# %ECSV 0.9
# ---
# datatype:
# - {name: x, unit: deg, datatype: float64}
# - {name: y, unit: deg, datatype: float64}
# - {name: pmx, unit: mas / yr, datatype: float64}
# - {name: pmy, unit: mas / yr, datatype: float64}
# - {name: pmx_e, unit: mas / yr, datatype: float64}
# - {name: pmy_e, unit: mas / yr, datatype: float64}
# - {name: pm_corr, datatype: float64}
# - {name: g_mag, unit: mag, datatype: float64}
# - {name: bp_rp, unit: mag, datatype: float64}
# - {name: filter, datatype: int64}
# - {name: memberprob, datatype: float64}
# - {name: r, unit: deg, datatype: float64}
# - {name: pm, unit: mas / yr, datatype: float64}
# - {name: member_prob_GMM, datatype: float64}
# meta: !!omap
# - comments: [deg deg mas/yr mas/yr mas/yr mas/yr dimless mag   mag   zeroone float]
# - __serialized_columns__:
#     bp_rp:
#       __class__: astropy.units.quantity.Quantity
#       unit: &id001 !astropy.units.Unit {unit: mag}
#       value: !astropy.table.SerializedColumn {name: bp_rp}
#     g_mag:
#       __class__: astropy.units.quantity.Quantity
#       unit: *id001
#       value: !astropy.table.SerializedColumn {name: g_mag}
#     pm:
#       __class__: astropy.units.quantity.Quantity
#       unit: !astropy.units.Unit {unit: mas / yr}
#       value: !astropy.table.SerializedColumn {name: pm}
#     pmx:
#       __class__: astropy.units.quantity.Quantity
#       unit: !astropy.units.Unit {unit: mas / yr}
#       value: !astropy.table.SerializedColumn {name: pmx}
#     pmx_e:
#       __class__: astropy.units.quantity.Quantity
#       unit: !astropy.units.Unit {unit: mas / yr}
#       value: !astropy.table.SerializedColumn {name: pmx_e}
#     pmy:
#       __class__: astropy.units.quantity.Quantity
#       unit: !astropy.units.Unit {unit: mas / yr}
#       value: !astropy.table.SerializedColumn {name: pmy}
#     pmy_e:
#       __class__: astropy.units.quantity.Quantity
#       unit: !astropy.units.Unit {unit: mas / yr}
#       value: !astropy.table.SerializedColumn {name: pmy_e}
#     r:
#       __class__: astropy.units.quantity.Quantity
#       unit: &id002 !astropy.units.Unit {unit: deg}
#       value: !astropy.table.SerializedColumn {name: r}
#     x:
#       __class__: astropy.units.quantity.Quantity
#       unit: *id002
#       value: !astropy.table.SerializedColumn {name: x}
#     y:
#       __class__: astropy.units.quantity.Quantity
#       unit: *id002
#       value: !astropy.table.SerializedColumn {name: y}
# schema: astropy-2.0
x y pmx pmy pmx_e pmy_e pm_corr g_mag bp_rp filter memberprob r pm member_prob_GMM
[from data line 465]
-0.001126446 0.02697051 -2.675105 -2.111174 0.6220822 0.5407015 0.2520737 19.04411 0.9495468 0 0.0 0.026994023232023344 3.407820772766813 0.0
0.06036789 0.01741042 -3.361955 -5.252434 0.7377403 0.6654901 0.1882934 19.43905 nan 0 0.0 0.06282837629310899 6.2362492209966245 0.0
0.03619531 0.06170745 -1.722476 -6.10101 0.5738415 0.4795882 -0.2339073 18.76569 nan 0 0.0 0.07153956843243185 6.339498922681192 0.0
-0.001126466 0.02799666 -1.220913 3.161515 1.622124 1.32085 0.01991428 20.21104 1.040634 0 0.0 0.028019312925279878 3.389071502461109 0.0
0.04262887 0.03380245 -1.959873 -5.448001 0.4502176 0.4084189 0.1627477 18.5015 1.340927 1 0.0 0.054404284605896615 5.789802852613377 0.0
-0.001869282 0.009720429 -3.880655 -5.009021 1.350298 1.202054 0.2665446 19.90117 nan 0 0.0 0.009898532979162366 6.336384979423678 0.0
-0.003159948 0.0293241 -2.87202 -9.067008 0.1252014 0.1082642 0.07879858 13.14936 2.945109 1 0.9961292 0.029493865670215287 9.51100062834947 1.0
0.0002290711 0.00995697 1.061165 -13.50523 0.9566641 0.877973 -0.1147978 19.37144 nan 0 0.0 0.009959604668346793 13.546856037846013 0.0
0.003574627 0.03124669 -3.210189 -3.026123 0.7103616 0.6306366 0.04649187 19.35042 1.093096 0 0.0 0.0314504943386464 4.411658852047606 0.0
0.009059004 0.005615147 -3.423203 -8.764213 0.8533438 0.7291732 0.1141678 19.50844 nan 0 0.0 0.010658115654449666 9.409024831967338 1.0
0.06645734 0.02819564 -2.289091 -0.98081 2.491372 2.108928 0.1712053 20.7486 0.8143139 0 0.0 0.07219121937524813 2.4903666120434957 0.0
0.02162866 0.01179549 -4.227738 -9.232254 2.082249 1.951521 -0.4670457 20.19252 1.219378 0 0.0 0.02463600044113695 10.15422486047852 1.0
-0.007705627 0.01202785 -8.083454 -13.74804 1.89236 1.575742 0.456786 20.16018 nan 0 0.0 0.014284462295992418 15.948380244141283 0.0
0.01409341 0.03675353 -2.826745 -3.788778 1.225407 1.042902 0.2294246 19.94505 0.1170521 0 0.0 0.03936300513031239 4.727084305183165 0.0
-0.01336553 0.005446479 -3.40739 -10.41833 0.4422225 0.4122962 0.1096596 18.29411 1.120049 0 0.0 0.014432654838190409 10.96138251321429 0.0
0.06125222 -0.03598484 0.4860835 -4.387789 0.4944946 0.4267368 0.1628158 18.69654 1.301678 1 0.0 0.07104043330916555 4.414631295758825 0.0
0.01540155 0.02172711 -1.259497 -11.50044 2.418917 1.861836 -0.001256546 20.45983 1.569298 0 0.0 0.026632218295789784 11.569202776622467 0.0
-0.04741872 0.03398952 -3.045738 -10.28387 0.7412929 0.6540433 0.2340402 19.44692 0.9366322 0 0.0 0.05834228720464085 10.725413844768136 0.0
0.02814046 0.05320509 1.544187 -4.385766 1.395617 1.216924 -0.06343291 20.16398 1.144886 0 0.0 0.06018859602050624 4.649672773187915 0.0
-0.05300372 0.04392967 -4.122664 -3.499421 0.5651367 0.5067791 0.201102 19.07565 1.132046 0 0.0 0.06884192211252747 5.407615536642467 0.0
-0.02399313 0.07249021 -0.2825099 -3.549385 0.7619815 0.6788209 0.192499 19.50636 1.05592 1 0.0 0.07635771626391795 3.5606103018756508 0.0
-0.05374168 0.037753 -0.4680949 -2.978347 0.5444871 0.4724713 0.2771304 18.95339 1.265247 1 0.0 0.06567691510890565 3.0149069119651126 0.0
-0.006022781 0.01469452 1.042161 -10.28306 1.770858 1.59212 0.381091 20.24775 nan 0 0.0 0.015880894464870704 10.335735218818302 1.0
0.0002945907 -0.0008424385 -2.452846 -1.077311 0.5728693 0.4968779 0.3017396 18.8125 nan 0 0.0 0.0008924608152791583 2.6790021445375887 0.0
0.01924022 -0.006064093 -3.923494 -8.892122 0.7308385 0.6286561 0.2338031 19.28817 1.171803 0 0.0 0.020173232005830124 9.719240650941822 1.0
0.02534493 0.06330004 -4.21203 -10.28907 0.7706998 0.6845707 0.1782812 19.53747 1.156193 0 0.0 0.06818548629075326 11.11783064207222 0.0
-0.006110186 0.01437407 -2.026546 -11.35101 2.171901 1.673057 0.1503449 20.27825 nan 0 0.0 0.015618843149205896 11.530495076544458 0.0
-0.004536888 0.02203031 -2.987512 -10.14891 0.6589965 0.5801621 0.185268 19.24127 1.138351 0 0.0 0.022492619043158225 10.579489691768881 1.0
0.05110981 0.004758209 4.267968 1.738637 1.540225 1.368448 0.06917724 20.20094 nan 0 0.0 0.05133082145381837 4.608514887335507 0.0
0.04592705 0.05708488 0.7324055 3.29199 0.2749763 0.228464 0.3163139 17.87749 1.155041 1 0.0 0.07326648242079661 3.3724792032761672 0.0
-0.001541143 -0.0006326496 -4.907145 -9.73366 1.563665 1.218058 0.1325989 19.69756 nan 0 0.0 0.0016659433552282503 10.90065177164306 0.0
0.01041403 0.005267785 -2.536588 -9.361181 0.503134 0.4405784 0.1637395 18.83419 1.17831 0 0.0 0.01167054324558737 9.698762209504109 1.0
0.03946843 0.04908633 -0.08125457 -4.62682 0.3527441 0.3025913 0.1302137 18.38684 1.095316 1 0.0 0.06298590921415519 4.627533426950679 0.0
0.0006005452 -0.0008691437 -2.704357 -8.0263 0.7125946 0.5776037 0.2813046 18.74696 0.7888165 0 0.0 0.001056439921856766 8.469653976016318 0.0
0.00442621 0.01549956 -3.534386 -8.840897 0.2756397 0.2446636 0.1210652 17.84875 1.239439 0 0.0 0.016119171664750645 9.521204974245908 1.0
0.009648305 0.0006216142 -3.165334 -9.237856 0.2809587 0.2371452 0.1989175 17.88184 0.8865242 0 0.0 0.009668308724211625 9.765107414068316 1.0
0.02503102 -0.006001423 -1.396958 -3.058494 3.362456 2.887169 -0.4449441 20.66409 1.266821 0 0.0 0.02574041647420121 3.3624213302023884 0.0
0.002065684 0.02555142 -1.447025 -8.969341 2.870401 2.105168 0.4340384 20.63829 nan 0 0.0 0.025634783291540734 9.085315587523969 1.0
0.001168662 -0.00512254 -1.281369 -6.558953 0.7367411 0.5371418 0.7663803 18.05138 nan 0 0.0 0.005254159011853753 6.682946279177321 0.0
0.004098299 0.01533937 -1.860014 -7.592153 0.7070615 0.7209884 0.001293491 19.27115 nan 0 0.0 0.01587741561748325 7.816676995731946 0.0
-0.04254316 0.03502703 -10.70337 -14.18215 1.811893 1.214783 0.2914285 20.13293 0.8946114 0 0.0 0.05510728893174205 17.767822263276948 0.0
-0.01620996 0.01672964 -1.568963 -9.678357 0.9997048 0.9316861 0.2026289 19.18511 0.7221603 0 0.0 0.023294713085402017 9.804704947871608 1.0
0.0004912398 -0.005164492 -4.507738 -7.141858 1.833129 1.678708 -0.6839318 19.71326 nan 0 0.0 0.005187802440260041 8.445462543212656 0.0
0.06130119 0.0319549 -0.6906862 -6.302694 0.2606719 0.230053 0.1076487 17.67537 1.167082 1 0.0 0.0691299611559713 6.3404257810108025 0.0
-0.02648984 0.0288986 -3.061692 -7.809144 0.3370375 0.2953168 0.1907807 18.28819 1.206758 1 0.003579116 0.03920255993153508 8.387889359999928 0.0
-0.03976384 0.03180556 -2.233827 -7.875126 0.6934901 0.6284577 0.1885174 19.30947 1.194189 1 0.4949922 0.050919118398291226 8.185816549483931 0.0
0.02155382 0.04618501 -1.831234 -5.928688 0.3233166 0.2926478 0.1287941 18.24013 1.124334 1 0.0 0.05096687458823133 6.205059174907198 0.0
0.003464379 0.01563695 -3.468815 -9.638971 0.5807341 0.5395406 0.2840471 18.92662 1.005262 0 0.0 0.01601612085238311 10.244141713343584 1.0
0.002501852 -0.0004533919 -0.1134718 -8.368891 2.453097 2.106143 -0.4476674 19.86804 nan 0 0.0 0.002542602533800675 8.369660233203989 0.0
0.008820802 0.02040095 -2.764088 -10.06008 0.6749062 0.6010367 0.255281 19.30102 1.214437 0 0.0 0.022226230198252334 10.432899504842553 1.0
0.05343446 0.06164855 -3.6005 -4.551713 1.577709 1.275209 0.2575956 20.22502 1.140137 0 0.0 0.08158299597706682 5.8035929805913335 0.0
-0.03492149 0.05189301 -3.364186 -9.288455 0.2096034 0.1856297 0.01264385 17.40842 1.442553 1 0.9715899 0.06254914028729892 9.878924219246802 0.0
0.04580577 0.01370805 5.210036 -4.626273 1.879141 1.68182 0.08605623 20.41228 1.890539 0 0.0 0.04781296058701448 6.967558897621534 0.0
0.01362474 -0.004036918 -2.345099 -9.189663 0.6159558 0.558792 0.1711295 19.26433 nan 0 0.0 0.014210216289920571 9.484165507485095 1.0
-0.04278154 0.03205521 -5.72615 -9.621315 2.220836 1.547224 0.3185279 20.40956 0.7526417 0 0.0 0.05345836373212053 11.196360844119171 0.0
-0.001388187 0.0002828816 -7.703377 -13.35882 0.5961905 0.5066798 0.1626785 17.89133 1.083117 0 0.0 0.0014167163253762413 15.420768106567486 0.0
-0.01920365 0.01308189 -2.439415 -9.217367 1.050866 1.023853 0.3560185 19.69948 1.106936 0 0.0 0.02323609302990931 9.534705027158102 1.0
0.03745533 0.01342404 -2.95674 -8.418146 0.358525 0.3069331 0.197516 18.31597 1.281029 1 0.797807 0.039788272082744436 8.922303150247474 1.0
0.0213846 0.001854478 -2.806526 -9.173076 0.2012972 0.170291 0.0769025 17.06748 1.340502 1 0.9968024 0.021464859790189268 9.59280519402182 1.0
-0.008056251 0.01848227 -13.65957 -20.2871 0.959464 0.8732153 0.1184015 19.30365 1.066553 0 0.0 0.020161782771568118 24.457111010806244 0.0
0.009889425 0.004909294 -2.317188 -10.5017 0.8654986 0.7444885 0.1971964 19.53626 nan 0 0.0 0.011040919092587401 10.75430439951111 1.0
-0.04473004 0.03522759 -3.897582 -9.036391 0.9538733 0.834567 0.2310356 19.85994 1.11636 0 0.0 0.05693645208133099 9.841113135799477 1.0
0.03721785 0.05270032 -2.218596 -3.127843 0.3513408 0.3079076 0.304391 18.33581 1.096691 1 0.0 0.06451737817615422 3.8347842238990446 0.0
-0.01010031 0.08251162 -3.132561 -9.260241 0.1009256 0.08722672 0.08362426 16.0672 1.359847 1 0.991624 0.08312751468148497 9.775735358365733 0.0
0.002590395 0.02513559 -3.324801 -8.720098 1.073036 0.9217878 0.1430362 19.90889 0.7045555 0 0.0 0.025268716447499364 9.332438631954941 1.0
0.06006232 -0.02488665 2.71491 -12.6254 1.056655 1.000421 0.1494086 20.02869 2.628092 1 0.0 0.06501405718769519 12.914002534772091 0.0
0.0003165981 0.02767624 -2.781142 -8.959825 0.4916659 0.4388451 0.2089913 18.90992 1.239212 1 0.9816644 0.02767805077845121 9.381535847332728 1.0
0.07826477 -0.004297251 0.2223682 -6.562468 0.6152983 0.5365784 0.2159819 18.99355 nan 0 0.0 0.07838265490087651 6.5662343749972285 0.0
0.002174969 0.02462444 -2.568464 -9.07132 1.397309 1.260992 0.2339496 20.10282 1.201817 0 0.0 0.02472030613614162 9.427929457823494 1.0
5.421425e-05 0.01710953 -2.593708 -9.657172 1.788292 1.4653 0.09679288 20.34595 nan 0 0.0 0.017109615892994298 9.999414594207403 1.0
0.02496262 0.0387946 0.4486242 -6.211662 0.9960796 0.8765471 0.3282211 19.68914 nan 0 0.0 0.04613191288494766 6.227841397713147 0.0
0.01887469 0.01248308 -2.601122 -5.674395 1.317502 1.269873 -0.05678767 20.14601 1.939255 1 0.157264 0.022629211406553697 6.242162628040782 0.0
0.02449611 0.02133492 -5.340219 -5.110516 0.5864174 0.5068829 0.2499812 18.9311 1.589796 1 0.0 0.032484430371156274 7.391570384851719 0.0
0.01149195 0.04090448 -1.751608 -1.912027 0.6582816 0.6153294 0.3919653 18.96128 nan 0 0.0 0.04248813244745996 2.5930634073221195 0.0
-0.03057296 0.0180667 -1.204117 -7.584887 0.1990706 0.1783154 0.1089352 16.66975 1.243057 0 0.0 0.03551213218115184 7.67987034737293 0.0
0.0195668 -0.009684348 -4.746537 -3.952344 2.772665 2.000729 0.2086238 20.59273 0.5808277 0 0.0 0.021832229808819437 6.176620158849417 0.0
0.04633662 0.0493865 -3.083023 -8.487745 0.5613373 0.5220716 0.1463123 19.05433 1.213341 1 0.7727806 0.06772081463829567 9.03032923007539 0.0
0.03082689 0.04542176 -4.570003 -4.436464 0.7074548 0.6379237 0.1966926 19.27908 nan 0 0.0 0.05489474864292303 6.369233881975523 0.0
0.00164954 -0.0006097644 -1.712304 -7.225622 0.51508 0.4060826 0.3843764 18.62374 0.83004 0 0.0 0.0017586343665206136 7.4257389043313395 0.0
-0.06540951 0.04859019 0.3538686 -5.219863 1.198844 1.020858 0.2310151 20.03234 1.046976 0 0.0 0.08148257827705381 5.231844103644045 0.0
0.04970615 0.0507456 -1.775755 -5.183979 0.06804992 0.05526947 0.1275181 12.62406 2.347981 1 0.0 0.07103391631595783 5.479684670897222 0.0
-0.04625848 0.03233487 1.79653 -11.94237 2.000934 1.505387 0.2062213 20.49027 0.4142609 0 0.0 0.05643926638278796 12.076742990467256 0.0
0.004384314 0.0399861 -2.928582 -1.542101 1.0038 0.9033776 0.1456224 19.78019 nan 0 0.0 0.040225743031802354 3.3097836824972413 0.0
-0.009980916 0.02372336 -3.022588 -9.466829 0.6523968 0.5774012 0.1595056 19.30278 1.06077 0 0.0 0.025737453135239625 9.93765010115495 1.0
-0.0004047855 0.006577147 -4.085064 -9.166686 1.05568 0.9768333 -0.01780194 19.55289 nan 0 0.0 0.006589591334871932 10.035730173071215 1.0
0.05507573 0.06216202 -2.019415 -2.487771 1.397425 1.162985 0.01751613 20.16673 1.315632 0 0.0 0.083050904664027 3.2042224471259795 0.0
-9.879237e-05 0.006710663 -2.102461 -10.78909 1.008592 0.9625818 0.1111427 19.63891 nan 0 0.0 0.006711390156438473 10.992033719226892 0.0
-0.03641617 0.02830202 -3.424005 -1.052021 0.4240804 0.3827505 0.2309553 18.5647 1.227009 0 0.0 0.04612094723170048 3.581976887762678 0.0
-0.05057054 0.03747353 -0.1988443 -5.046032 1.337898 1.159184 0.1116993 20.05358 1.415291 0 0.0 0.06294159965041006 5.0499483166332 0.0
0.07680688 -0.01623916 0.01672851 1.062549 0.9503414 0.8044005 0.2031688 19.75327 1.216402 0 0.0 0.07850482235404395 1.0626806766135442 0.0
-0.01634021 0.01345659 -10.30981 -10.83975 3.000108 2.277023 0.3673127 20.62355 0.3219795 0 0.0 0.021167954017150548 14.95969125010941 0.0
0.0002509172 0.007187499 -8.498407 -10.60834 1.31132 1.205853 0.3338502 19.94767 nan 0 0.0 0.007191877454201847 13.592637679760651 0.0
0.01209305 -0.01373354 -3.047591 -9.94894 0.9295139 0.7985513 0.3903941 19.555 nan 0 0.0 0.01829896115177307 10.405249541788079 1.0
0.04723824 0.0009467493 -4.937771 -11.67459 2.428878 2.485331 -0.4005926 20.4881 nan 0 0.0 0.047247726427148334 12.675868179992289 0.0
0.03902309 0.004233417 -3.989986 -8.79992 1.958685 1.646907 -0.1760303 20.39791 0.7318573 0 0.0 0.03925204927954704 9.662224396410798 1.0
0.01687117 0.03862963 -3.015629 -9.33695 0.6202088 0.5494239 0.1169914 19.09873 1.239014 0 0.0 0.04215311010003651 9.811862899986984 1.0
0.02403799 0.023746 -3.907265 -8.907962 0.6346887 0.583194 0.1135261 19.30415 1.125029 0 0.0 0.03378901417976115 9.727204468585462 1.0
0.02120786 -0.003398296 -2.240563 -5.182067 0.7814346 0.6865054 0.08298346 19.06785 1.217821 0 0.0 0.021478401744152567 5.645701103446586 0.0
0.00405538 0.02695512 -1.861262 -8.915343 0.8008278 0.717581 0.2014553 19.22475 1.005272 0 0.0 0.027258477601634322 9.10755933498613 1.0
0.03027748 -0.002154862 -9.684984 -7.886924 2.283537 1.780127 0.1798014 20.42382 1.17346 1 0.2661384 0.030354064396542417 12.490095486505778 0.0
-0.02926372 0.02291203 -2.541494 -9.2541 0.67153 0.6041987 0.1378848 19.18287 1.223785 0 0.0 0.03716620006079852 9.596747290724915 1.0
-0.01754071 0.08098399 -1.469169 0.006900966 1.298011 1.131781 0.3682056 18.93037 2.011303 0 0.0 0.08286183164536132 1.4691852074849967 0.0
-0.005017836 0.02173654 -4.332397 -9.6978 0.8930433 0.7959343 0.1515099 19.74387 nan 0 0.0 0.022308201390844936 10.621534192648868 1.0
-0.02714124 0.01903732 -3.091503 -8.691041 1.08803 0.9286601 0.3190463 19.8891 nan 0 0.0 0.033152171294200325 9.22450998496343 1.0
0.003967897 0.02656603 -2.428858 -10.07255 1.424359 1.34917 0.1484227 19.8906 nan 0 0.0 0.026860717722419648 10.361255459000324 1.0
0.01574819 0.009924344 -2.840266 -7.023814 1.557627 1.417729 -0.1478514 20.06289 nan 0 0.0 0.01861445922143418 7.576349652527396 0.0
0.05268426 -0.01871121 1.191076 -6.843481 0.9220295 0.830847 0.1009523 19.57873 1.497028 0 0.0 0.05590832345377296 6.946358343415419 0.0
0.0004039077 0.006065978 -3.592489 -10.99999 1.154803 1.04549 -0.07607792 19.25006 nan 0 0.0 0.006079410376558181 11.571765518503259 0.0
0.01472456 0.02468367 -0.4492811 -5.074172 1.318458 1.154376 -0.2803043 19.80623 nan 0 0.0 0.028741889845006714 5.094023458171469 0.0
0.01379595 0.07383625 5.029678 -2.915786 2.328022 1.832244 -0.07984895 20.59393 1.097321 0 0.0 0.07511404695837524 5.813731055138344 0.0
0.01782309 0.004655654 -3.28092 -9.778431 0.2267021 0.2073312 0.04154038 17.46099 1.137001 0 0.0 0.018421119708525214 10.314172233784008 1.0
0.01697252 0.01090057 -4.538909 -8.998054 0.9710442 0.82891 0.2913664 19.76398 1.389002 0 0.0 0.020171486347696346 10.078029107776828 1.0
0.01954274 0.04948161 -1.992759 -4.68802 0.5146146 0.4862648 0.3912319 18.60429 nan 0 0.0 0.05320101892726962 5.093978793878219 0.0
0.03960487 -0.008126594 -2.01711 -7.906524 0.7641477 0.681904 0.1554021 19.59457 0.9764767 1 0.6001748 0.04043002915850712 8.159770493995282 0.0
-0.02649201 0.03370131 -3.292398 -6.979861 0.4117293 0.3511506 0.2084732 17.97582 1.089014 0 0.0 0.04286729393787529 7.717405274425142 1.0
