jas1101finalproject/data/gcs/NGC_6981_M_72.ecsv
# %ECSV 0.9
# ---
# datatype:
# - {name: x, unit: deg, datatype: float64}
# - {name: y, unit: deg, datatype: float64}
# - {name: pmx, unit: mas / yr, datatype: float64}
# - {name: pmy, unit: mas / yr, datatype: float64}
# - {name: pmx_e, unit: mas / yr, datatype: float64}
# - {name: pmy_e, unit: mas / yr, datatype: float64}
# - {name: pm_corr, datatype: float64}
# - {name: g_mag, unit: mag, datatype: float64}
# - {name: bp_rp, unit: mag, datatype: float64}
# - {name: filter, datatype: int64}
# - {name: memberprob, datatype: float64}
# - {name: r, unit: deg, datatype: float64}
# - {name: pm, unit: mas / yr, datatype: float64}
# - {name: member_prob_GMM, datatype: float64}
# meta: !!omap
# - comments: [deg deg mas/yr mas/yr mas/yr mas/yr dimless mag   mag   zeroone float]
# - __serialized_columns__:
#     bp_rp:
#       __class__: astropy.units.quantity.Quantity
#       unit: &id001 !astropy.units.Unit {unit: mag}
#       value: !astropy.table.SerializedColumn {name: bp_rp}
#     g_mag:
#       __class__: astropy.units.quantity.Quantity
#       unit: *id001
#       value: !astropy.table.SerializedColumn {name: g_mag}
#     pm:
#       __class__: astropy.units.quantity.Quantity
#       unit: !astropy.units.Unit {unit: mas / yr}
#       value: !astropy.table.SerializedColumn {name: pm}
#     pmx:
#       __class__: astropy.units.quantity.Quantity
#       unit: !astropy.units.Unit {unit: mas / yr}
#       value: !astropy.table.SerializedColumn {name: pmx}
#     pmx_e:
#       __class__: astropy.units.quantity.Quantity
#       unit: !astropy.units.Unit {unit: mas / yr}
#       value: !astropy.table.SerializedColumn {name: pmx_e}
#     pmy:
#       __class__: astropy.units.quantity.Quantity
#       unit: !astropy.units.Unit {unit: mas / yr}
#       value: !astropy.table.SerializedColumn {name: pmy}
#     pmy_e:
#       __class__: astropy.units.quantity.Quantity
#       unit: !astropy.units.Unit {unit: mas / yr}
#       value: !astropy.table.SerializedColumn {name: pmy_e}
#     r:
#       __class__: astropy.units.quantity.Quantity
#       unit: &id002 !astropy.units.Unit {unit: deg}
#       value: !astropy.table.SerializedColumn {name: r}
#     x:
#       __class__: astropy.units.quantity.Quantity
#       unit: *id002
#       value: !astropy.table.SerializedColumn {name: x}
#     y:
#       __class__: astropy.units.quantity.Quantity
#       unit: *id002
#       value: !astropy.table.SerializedColumn {name: y}
# schema: astropy-2.0
x y pmx pmy pmx_e pmy_e pm_corr g_mag bp_rp filter memberprob r pm member_prob_GMM
[from data line 1958]
-0.01934059 -0.03451676 -6.059596 -3.531364 2.10469 1.262864 0.4125299 20.50277 0.6944942 0 0.0 0.03956595938993139 7.013503787958769 0.0
0.001062902 -0.0004526999 0.02614843 -3.361091 0.1331116 0.08222857 0.3972525 15.93884 0.7865047 0 0.0 0.0011552912451256651 3.3611927125162677 0.0
0.02608735 0.009025504 -8.0991 -6.307952 3.249031 1.730638 0.3248962 20.71482 0.5734406 0 0.0 0.027604520507998612 10.265752736370771 0.0
0.0003479757 0.02182132 -1.561063 -5.025594 1.068364 0.6789479 0.3731143 19.77899 0.6086903 0 0.0 0.021824094336998053 5.26246261201018 0.0
-0.02539117 0.006322861 1.281277 -2.336986 1.101739 0.6619135 0.4934558 19.61555 0.6941242 0 0.0 0.026166583368759114 2.6651781019145795 0.0
0.01792414 0.001992853 -1.292968 -3.283655 0.04842033 0.03215462 0.4588857 13.87493 1.578363 1 0.999978 0.01803458504704805 3.5290446877376036 0.0
0.003267216 -0.01120063 -0.9163574 -3.103966 1.466653 0.9467877 0.2866364 20.04016 nan 0 0.0 0.011667425285278496 3.2364047666648186 0.0
-0.06677584 0.02749657 2.530488 -0.7463452 1.953656 1.142341 0.5273281 20.3344 0.3661976 0 0.0 0.0722154704303067 2.638257128429115 0.0
-0.00888635 -0.01675305 -0.4272168 -2.537001 2.585954 1.836962 0.3778412 20.70511 nan 0 0.0 0.018963963209862014 2.5727200135660393 0.0
-0.008975696 -0.01726327 12.31313 -10.62173 2.41811 1.374745 0.2820143 20.08462 0.4043541 0 0.0 0.019457225130457736 16.261436547544008 0.0
0.02185516 -0.01300779 -2.843762 -3.726184 1.151911 0.670368 0.2519922 19.80945 0.820961 0 0.0 0.02543325813398079 4.687369146386915 0.0
0.01244193 -0.01490689 4.05489 -1.013374 1.714499 1.001716 0.5211654 19.93389 0.5532036 0 0.0 0.01941692538990146 4.179600432574387 0.0
0.006573881 -0.006193901 -2.003758 -4.853281 2.619226 1.122394 0.1310756 19.99241 nan 0 0.0 0.009032182515868577 5.250655443611302 0.0
0.007765791 0.005146207 13.05792 0.4698224 1.703411 0.9671304 0.2528865 19.93217 nan 0 0.0 0.009316166397318696 13.06636934323922 0.0
0.01110141 -0.01606745 11.15815 -7.226503 3.850137 2.793545 0.6358525 20.79386 0.2622089 0 0.0 0.01952957381743391 13.293857868636515 0.0
0.03127111 0.01017315 1.207539 -2.31428 1.080637 0.6661767 0.2565845 19.74902 0.7174053 0 0.0 0.03288427133987615 2.610372072123244 0.0
-0.02426093 0.02557002 -3.173213 -3.942777 1.015518 0.6716801 0.3777172 19.71647 0.6754723 1 0.977997 0.035247959476617935 5.06110375462685 0.0
-0.05446534 -0.0007207148 -0.5839802 -2.109467 0.9991201 0.6423983 0.3429372 19.73416 0.832695 1 0.962205 0.05447010823505438 2.1888087851799756 0.0
-0.03263881 0.07377827 2.973441 -4.26031 1.174094 0.7683121 0.3675664 20.04428 1.571562 0 0.0 0.080675430227604 5.1953433646469405 0.0
0.05495233 -0.002480347 -2.442141 -3.486407 2.093427 1.324086 0.128623 20.51337 0.7087383 0 0.0 0.055008278410338465 4.256652021663269 0.0
0.02996034 0.0104823 -1.548716 -4.947727 1.395062 0.8854947 0.4069661 20.11802 0.666769 0 0.0 0.03174114973036736 5.184450184463634 0.0
0.01932129 -0.03767533 -1.978547 -3.740763 0.9656751 0.6100949 0.3427622 19.71913 0.7471581 1 0.9911438 0.04234079283472382 4.231779301118857 0.0
0.009701439 -0.0143708 6.604651 -2.710396 3.399705 2.250547 0.5620078 20.62092 nan 0 0.0 0.017338910326509013 7.139163908233022 0.0
-0.05142952 0.01298421 -4.107133 -3.866575 2.413151 1.399746 0.5066948 20.46977 0.7610073 0 0.0 0.05304323931241851 5.6408282822927704 0.0
-0.03212294 -0.0009639623 -0.6678983 -1.559409 1.444215 0.9984838 0.4405279 20.16636 0.7033291 0 0.0 0.0321374002924851 1.6964211058649 0.0
0.04258955 -0.003016833 -1.16003 -3.026063 0.2478289 0.1558738 0.3967397 17.65084 1.045364 1 0.9984546 0.042696265065604845 3.240791088741914 0.0
-0.009452884 -0.001447553 -2.132637 -3.975262 0.3672673 0.2429063 0.2801558 18.11592 0.9578705 0 0.0 0.009563076158081404 4.511191477028325 0.0
0.008093701 0.01199358 -1.84237 -1.971523 2.523997 1.986855 -0.1172387 20.19106 nan 0 0.0 0.014469068978127136 2.698375466170155 0.0
0.04110014 -0.002599836 -1.577909 -3.461174 1.01082 0.6257704 0.3058021 19.71396 0.6886005 0 0.0 0.04118228569720841 3.8038825258618334 0.0
-0.01427838 -0.009360411 -3.160496 -3.306513 0.3601387 0.2586296 0.4047233 18.3247 0.8870354 0 0.0 0.017073061515537308 4.5740313931131915 0.0
0.03072797 -0.04764138 -1.895586 -4.048847 2.54242 2.005127 0.555718 20.69513 0.5614796 0 0.0 0.05669135056272076 4.4706160999134115 0.0
0.03868723 -0.002242788 0.1180504 -4.844067 1.303105 0.8638354 0.3762216 20.09506 0.7203293 0 0.0 0.03875218526852188 4.845505236549555 0.0
0.02906012 -0.04692593 -2.961025 -4.492583 2.752126 2.247073 0.5394332 20.81135 0.5790138 0 0.0 0.05519541177289376 5.3806106588856615 0.0
0.0004373292 0.007802307 -2.39916 -5.962207 0.6569005 0.4248441 0.3653603 17.85915 0.8590393 0 0.0 0.007814553816528595 6.42680955190435 0.0
-0.03629346 -0.001338356 -0.8581724 -3.327749 0.1705221 0.1124012 0.3949695 16.80566 1.084803 1 0.9975935 0.03631812819453029 3.4366223643459515 0.0
0.05519705 0.02745925 -13.28885 -13.6985 0.8749033 0.5624011 0.323499 19.53296 1.809855 1 0.0 0.06165001816110843 19.085136535338172 0.0
-0.05936781 0.07302582 -2.254461 -13.02755 0.9380889 0.6278496 0.3939998 19.57643 1.199072 1 0.0 0.09411326819778655 13.221181997197565 0.0
0.08836314 -0.0407129 -3.483494 -0.9642161 0.4863385 0.3689274 0.4077154 18.72511 1.354637 1 0.0 0.09729123669205568 3.6144768826948126 0.0
0.004816512 0.004159226 -1.044847 -1.455266 1.285675 0.8269007 0.5950433 19.41522 nan 0 0.0 0.006363799868413526 1.7915089684857846 0.0
0.006633873 0.009877417 16.12038 2.231151 1.985352 1.096006 0.1020603 19.35744 0.8829288 0 0.0 0.01189838802409881 16.274049469299307 0.0
0.01717821 -0.0155795 -2.522698 -5.058602 2.837181 1.536622 0.7125105 20.35245 nan 0 0.0 0.02319076797033897 5.652739105390236 0.0
0.001212074 0.04694682 -7.281226 -12.38624 3.432838 3.531535 0.651465 20.77406 0.362648 0 0.0 0.046962464069657546 14.367852776273706 0.0
0.006335946 0.009184103 1.841384 -3.543409 1.539353 0.8867365 0.2882775 19.43646 nan 0 0.0 0.01115759649877719 3.9932996853150153 0.0
-0.008081867 -0.02337629 -1.185186 -3.721659 0.8966514 0.6026868 0.4035785 19.55632 0.9189034 0 0.0 0.024733934348780604 3.905817656634395 0.0
-0.009751039 0.005376929 -1.849781 -4.542786 0.8171658 0.5120052 0.3274053 19.40564 0.802166 0 0.0 0.01113526501932316 4.9049561047737225 0.0
-0.02380283 -0.09537105 -1.784316 -4.019497 1.937073 1.339179 0.3693915 20.58935 0.8734951 1 0.8061304 0.09829655077423317 4.397742571009017 0.0
0.01077391 -0.01215165 0.61361 -1.830336 0.491191 0.3092687 0.3545695 17.89551 0.8708534 0 0.0 0.016240065714479113 1.9304525648137536 0.0
0.01422808 -0.03566751 -2.410546 -4.492702 2.730575 2.137194 0.4988421 20.80884 0.7576103 0 0.0 0.03840064491758569 5.0985393279762 0.0
-0.02788867 -0.03898742 -1.746872 -3.398268 1.025577 0.6584681 0.350807 19.783 0.7500896 1 0.9903317 0.047935340122140575 3.8209667865879178 0.0
-0.04636139 -0.006922781 0.7383467 -11.25312 0.614863 0.497946 0.5144982 18.99618 0.8304176 1 0.0 0.046875402713001425 11.277316417650116 0.0
-0.01645278 -0.01230167 14.19876 5.095688 2.293652 1.412396 0.284853 19.33652 0.7444668 0 0.0 0.020543248392532767 15.08545066383315 0.0
-0.003912009 -0.0002133552 0.6677088 -4.174429 1.9823 1.449968 0.7883876 19.51305 nan 0 0.0 0.003917822718991767 4.227492462162226 0.0
-0.05302752 -0.03908387 -5.286182 -2.749608 0.2009241 0.1321868 0.4104275 17.24875 0.8631954 1 0.0 0.06587462919460951 5.95852870185149 0.0
0.005412421 0.009004834 -0.01421407 -5.800068 1.24521 0.7968392 0.3136481 19.62377 0.6540031 0 0.0 0.010506252255147742 5.8000854169925775 0.0
0.03115154 0.006757104 -4.524829 -4.775018 1.423882 0.9082353 0.3900752 20.18712 0.6381626 0 0.0 0.03187596114375872 6.578364111203104 0.0
0.02072372 -0.006633341 0.2313121 -2.893551 1.068135 0.6738317 0.3759186 19.79737 0.7103214 0 0.0 0.02175945273807871 2.902781885916923 0.0
0.01380933 -0.06799131 4.38857 1.590316 3.002362 2.17546 0.1061174 20.84185 0.6178837 0 0.0 0.06937950583972907 4.66783157630564 0.0
0.005978454 0.009173621 -0.2917527 0.1969324 2.132646 1.651523 0.5175115 19.95394 nan 0 0.0 0.010949759562737303 0.35199717062364294 0.0
-0.0865176 -0.005435867 -2.68826 -3.370597 1.333764 0.8824618 0.3592737 20.15175 0.7391014 0 0.0 0.0866881985036123 4.311341550377215 0.0
-0.04753926 0.08055657 -1.342697 -3.098533 1.553935 0.9884007 0.5284888 20.11286 0.7313023 1 0.910736 0.09353791857590428 3.3769426980477477 0.0
0.02811519 0.02789755 -1.27537 -3.25503 0.1368758 0.0898055 0.4439543 16.54065 1.138211 1 0.999846 0.03960728726811014 3.4959675252782314 0.0
0.01318734 -0.001263658 -5.343262 -6.557193 3.053453 2.871856 0.6953754 20.57285 nan 0 0.0 0.013247745763584234 8.458559501469088 0.0
-0.02205376 -0.003607443 0.8599163 -0.397062 1.354636 0.8536513 0.3154754 19.86346 0.699892 0 0.0 0.022346856045892653 0.9471611662487488 0.0
0.006276355 0.008829338 9.997883 4.363492 0.8621795 0.6489428 0.4263032 18.39263 0.7133999 0 0.0 0.01083281318976142 10.908607927492536 0.0
-0.005907902 -0.001485595 1.28568 -1.322758 0.2734776 0.1727039 0.194074 16.69341 0.7049942 0 0.0 0.0060918222680597794 1.8446305291206693 0.0
0.01539103 -0.01379029 -1.477093 -2.411988 2.021753 1.262253 0.4723428 20.47332 0.1526146 0 0.0 0.020665330937224308 2.8283369394032603 0.0
-0.06486068 -0.005906342 -1.182931 -2.979858 0.9358666 0.5864054 0.2964922 19.64279 0.8526936 1 0.9840734 0.06512904640698622 3.206069158786972 0.0
-0.02026419 -0.03155281 0.2794955 -3.961274 2.512582 1.936049 0.465343 20.70919 0.7424488 0 0.0 0.03749956286748154 3.97112193688336 0.0
-0.02374846 -0.03939231 -0.2686857 -2.544376 0.3337801 0.2167119 0.3898294 18.009 1.001106 1 0.7085494 0.0459972112144606 2.5585232527300765 0.0
0.007319023 0.00831528 4.584065 2.981269 2.637133 1.56671 -0.08457244 19.91187 nan 0 0.0 0.01107754391338301 5.468237081051442 0.0
-0.002869461 0.00867681 -2.376774 -4.976736 0.74115 0.4632484 0.3775017 19.20151 0.6693153 0 0.0 0.009138973586055548 5.515156920774966 0.0
0.001599098 -0.004060453 -0.1166882 -2.793765 0.2179927 0.1315182 0.3364139 16.39256 1.009406 0 0.0 0.004363988196456655 2.7962008174028274 0.0
-0.03929656 -0.03843386 -0.1314421 -2.210858 2.685511 2.098468 0.452133 20.78252 0.622427 0 0.0 0.05496709217643953 2.214761865712973 0.0
-0.04764475 0.006201451 2.003432 -4.439572 2.008809 1.2834 0.341686 20.60008 0.7297955 0 0.0 0.04804664605430749 4.870681607517371 0.0
0.006693409 0.008110257 3.887938 -3.646098 2.882454 1.526185 -0.5844935 20.06523 nan 0 0.0 0.010515607098371923 5.33011186725457 0.0
-0.01004878 0.001129252 4.276659 -0.5708202 2.296469 1.721048 0.5157998 19.70012 0.6785355 0 0.0 0.010112031920830947 4.314585484494315 0.0
-0.00224369 -0.009976099 -2.677153 -5.403842 0.8031432 0.8578301 0.9613591 16.90399 nan 0 0.0 0.010225296869719774 6.03064312875277 0.0
-0.01445715 -0.00882541 -3.327367 -3.021559 2.865501 1.670364 0.5693631 20.48795 nan 0 0.0 0.01693803553516759 4.494573388339543 0.0
-0.001677876 0.01654463 -2.525813 -0.78034 2.935486 1.916647 0.3408279 20.55137 nan 0 0.0 0.016629493368959743 2.643607729329183 0.0
0.00687207 0.004931656 -2.426226 -3.731759 0.410805 0.2771985 0.3815381 17.80751 nan 0 0.0 0.008458520969249648 4.451134443842041 0.0
0.03073464 0.008214369 -1.683804 -5.294071 1.701294 1.100958 0.4273653 20.3613 0.5868511 0 0.0 0.03181342411620857 5.5553923050903435 0.0
-0.04129934 0.006113855 0.4089976 -1.272297 2.162856 1.84472 0.5877927 20.47504 0.4301014 1 0.9613876 0.04174942762956906 1.3364201034909493 0.0
-0.02402029 0.0008965854 -1.181487 -3.129103 0.2441461 0.1618667 0.4010912 17.59081 1.024998 1 0.9996448 0.02403701722476383 3.3447267624991435 0.0
-0.03828408 -0.03688876 12.04928 -2.938673 1.009906 0.639763 0.3446064 19.74721 1.657536 1 0.0 0.05316438089345159 12.402457317778964 0.0
-0.004090751 -5.027967e-05 2.682181 -1.659492 1.250142 0.6237165 0.4708747 19.24378 nan 0 0.0 0.004091059983575933 3.1540463875512357 0.0
-0.0008136926 -0.05306881 2.901047 -1.383234 2.377144 1.526103 0.2543752 20.73979 0.3583488 0 0.0 0.05307504771984096 3.213939948873501 0.0
0.009759837 -0.0454005 0.2248863 -3.706266 1.280698 0.8476724 0.4038457 20.10236 0.5102749 0 0.0 0.04643769824739991 3.7130824809965763 0.0
-0.003226251 -0.04727526 -1.278532 -3.32055 0.1656141 0.09970674 0.4893084 16.6919 1.117554 1 0.999772 0.047385218197055934 3.5581872319376338 0.0
-0.03560349 -0.03606917 0.1925302 -3.490752 2.97475 1.567208 0.5249757 20.66516 0.7712402 0 0.0 0.05068129363649867 3.4960574084840257 0.0
-0.001856462 -0.00634069 2.872744 -0.01650931 1.894344 1.35693 0.4267196 19.21353 0.6573219 0 0.0 0.006606875270015623 2.8727914381055712 0.0
-0.01079326 -0.005217481 -1.264992 -3.035241 1.586164 1.209624 0.5913753 20.0405 nan 0 0.0 0.011988184575362569 3.2882963200029587 0.0
0.04079047 -0.07672029 -5.156333 -3.434264 2.005002 1.431739 0.3956984 20.62707 1.717358 0 0.0 0.08688996110313894 6.195315910313614 0.0
-0.01016897 0.02739916 -1.29538 -3.282721 0.1302915 0.09326819 0.3820775 16.51427 1.130857 1 0.9999 0.02922536431879849 3.5290602868527197 0.0
-0.04478538 0.009248954 1.310438 0.6211312 3.583932 2.599595 0.5839712 20.69806 0.8521805 0 0.0 0.045730442943825896 1.4501902356096044 0.0
-0.03539367 -0.04566501 -1.485582 -3.411921 1.32468 0.8779862 0.3868058 20.13152 0.938055 1 0.9780166 0.05777547069794412 3.721311434019598 0.0
-0.01124011 -0.005043931 -3.584409 -7.5132 1.608469 1.012312 0.3408367 19.78039 0.5664139 0 0.0 0.01231995587430657 8.32443163941425 0.0
-0.01174686 0.002141029 -1.446034 -3.399789 0.08311209 0.05179544 0.1822721 15.03733 1.235306 0 0.0 0.011940382114423347 3.694533742392536 0.0
-0.02235241 0.005020423 -1.05217 -3.122985 0.2203067 0.1463977 0.4158615 17.49658 1.0319 1 0.9996542 0.022909274975586397 3.295466130781046 0.0
-0.03107972 -0.005793241 -2.954543 -3.080578 1.340969 0.8939917 0.4209402 20.10861 0.6310005 0 0.0 0.03161503813950698 4.268405457888578 0.0
-0.00182667 -0.006683059 1.992521 -4.395568 1.347079 0.9036729 0.268022 19.99141 nan 0 0.0 0.006928203294244547 4.826091376887201 0.0
-0.02899565 0.004725076 -1.423733 -3.096511 0.143556 0.09444536 0.3763004 16.68641 0.7962646 1 0.9970099 0.02937812216817603 3.4081367385141697 0.0
0.02936628 0.02594143 0.339256 -3.906949 1.617882 1.093069 0.1203039 20.19033 0.7944508 0 0.0 0.03918336626022961 3.921650815936702 0.0
0.00338684 0.02454404 -3.502637 -1.221421 1.757781 1.188431 0.3449532 20.45786 0.3366146 0 0.0 0.02477661366505116 3.709492581608703 0.0
0.02549325 0.02647017 11.43626 -11.07095 2.551368 1.143937 -0.1362753 20.15403 0.6022015 0 0.0 0.036750179528696185 15.917096993173724 0.0
-0.0001286981 0.01130992 -1.022822 -5.338615 1.373158 0.8814096 0.3016005 19.84799 nan 0 0.0 0.011310652218477216 5.4357129212191655 0.0
0.02468324 -0.03195565 -1.514451 -4.044849 2.59943 1.818074 0.2852416 20.63982 0.6184578 0 0.0 0.04037853271009361 4.319069953612931 0.0
-0.02071585 0.02891201 -0.5921921 -4.390095 0.9451546 0.6031642 0.3434785 19.55223 0.8180943 0 0.0 0.035567552115131566 4.429856159327006 0.0
0.002939507 -0.01420947 -3.062056 -4.245899 1.169874 0.7493062 0.3657489 19.95085 0.5862808 0 0.0 0.014510332149332386 5.2348682185263264 0.0
0.009641484 -0.02446163 -3.14402 -3.206617 2.682889 1.789232 0.6593183 20.54455 0.567606 0 0.0 0.02629314655911605 4.490796627001606 0.0
-0.006443799 -0.01424768 0.4420324 -2.09811 1.945899 1.226703 0.273301 20.13523 0.5256443 0 0.0 0.015637101103938705 2.144168420332172 0.0
0.01553945 -0.02244203 -5.212987 1.085339 1.823186 1.217648 0.3181632 20.52522 0.4146099 0 0.0 0.02729687192378277 5.324771751642506 0.0
-0.002273542 -0.002820681 -3.467705 -2.251328 0.4855342 0.2939111 0.3029958 17.88619 nan 0 0.0 0.003622876554552335 4.134423264568953 0.0
-0.03616965 -0.03442511 -1.233252 -5.65189 2.068731 1.485244 0.4712472 20.5663 nan 0 0.0 0.049933273271783415 5.784874334642369 0.0
0.01283103 0.02221487 -0.3684405 -2.321033 1.364556 0.8528169 0.350211 20.11917 0.6751556 0 0.0 0.025654157167558634 2.350094166013194 0.0
