jas1101finalproject/data/gcs/NGC_5286.ecsv
# %ECSV 0.9
# ---
# datatype:
# - {name: x, unit: deg, datatype: float64}
# - {name: y, unit: deg, datatype: float64}
# - {name: pmx, unit: mas / yr, datatype: float64}
# - {name: pmy, unit: mas / yr, datatype: float64}
# - {name: pmx_e, unit: mas / yr, datatype: float64}
# - {name: pmy_e, unit: mas / yr, datatype: float64}
# - {name: pm_corr, datatype: float64}
# - {name: g_mag, unit: mag, datatype: float64}
# - {name: bp_rp, unit: mag, datatype: float64}
# - {name: filter, datatype: int64}
# - {name: memberprob, datatype: float64}
# - {name: r, unit: deg, datatype: float64}
# - {name: pm, unit: mas / yr, datatype: float64}
# - {name: member_prob_GMM, datatype: float64}
# meta: !!omap
# - comments: [deg deg mas/yr mas/yr mas/yr mas/yr dimless mag   mag   zeroone float]
# - __serialized_columns__:
#     bp_rp:
#       __class__: astropy.units.quantity.Quantity
#       unit: &id001 !astropy.units.Unit {unit: mag}
#       value: !astropy.table.SerializedColumn {name: bp_rp}
#     g_mag:
#       __class__: astropy.units.quantity.Quantity
#       unit: *id001
#       value: !astropy.table.SerializedColumn {name: g_mag}
#     pm:
#       __class__: astropy.units.quantity.Quantity
#       unit: !astropy.units.Unit {unit: mas / yr}
#       value: !astropy.table.SerializedColumn {name: pm}
#     pmx:
#       __class__: astropy.units.quantity.Quantity
#       unit: !astropy.units.Unit {unit: mas / yr}
#       value: !astropy.table.SerializedColumn {name: pmx}
#     pmx_e:
#       __class__: astropy.units.quantity.Quantity
#       unit: !astropy.units.Unit {unit: mas / yr}
#       value: !astropy.table.SerializedColumn {name: pmx_e}
#     pmy:
#       __class__: astropy.units.quantity.Quantity
#       unit: !astropy.units.Unit {unit: mas / yr}
#       value: !astropy.table.SerializedColumn {name: pmy}
#     pmy_e:
#       __class__: astropy.units.quantity.Quantity
#       unit: !astropy.units.Unit {unit: mas / yr}
#       value: !astropy.table.SerializedColumn {name: pmy_e}
#     r:
#       __class__: astropy.units.quantity.Quantity
#       unit: &id002 !astropy.units.Unit {unit: deg}
#       value: !astropy.table.SerializedColumn {name: r}
#     x:
#       __class__: astropy.units.quantity.Quantity
#       unit: *id002
#       value: !astropy.table.SerializedColumn {name: x}
#     y:
#       __class__: astropy.units.quantity.Quantity
#       unit: *id002
#       value: !astropy.table.SerializedColumn {name: y}
# schema: astropy-2.0
x y pmx pmy pmx_e pmy_e pm_corr g_mag bp_rp filter memberprob r pm member_prob_GMM
[from data line 5852]
0.007471084 -0.008343902 1.679957 -7.869275 0.6055352 0.705211 -0.4077332 16.61964 nan 0 0.0 0.011199901638883264 8.046598321494244 0.0
0.02958562 0.03804913 -0.4322799 0.5031029 0.8975336 0.5748726 -0.05316384 19.27773 0.8450375 0 0.0 0.048197979257862046 0.6633087063595804 1.0
-0.008098429 0.03922145 -11.04296 -0.2292992 0.4708893 0.321923 -0.05129651 18.26212 1.081587 0 0.0 0.04004880388189566 11.045340360745822 0.0
0.01052385 0.01474968 2.790207 -0.2294205 0.3881706 0.323785 0.09961136 17.37018 1.04504 0 0.0 0.018119174344458967 2.799622986880421 1.0
-0.02595935 0.0315816 0.04708453 0.03940224 0.1117237 0.1029309 -0.07330897 15.94566 1.38226 1 0.9989723 0.040881356520821324 0.06139616830339251 1.0
-0.02093399 0.0267891 0.3559396 0.1849145 0.3105378 0.2769895 -0.1389081 17.83695 1.175053 0 0.0 0.03399835019718016 0.401106433703587 1.0
-0.03650207 0.02054231 0.1161596 -0.2344062 0.06994298 0.06492123 -0.07051857 14.73803 1.545461 1 0.9994927 0.041885410519905374 0.2616090963070665 1.0
-0.03662376 0.00588614 -2.513012 1.957009 1.403095 0.9366153 -0.1189122 19.65203 0.8679028 0 0.0 0.03709375204312985 3.185139484893087 1.0
0.003816753 0.0231545 3.453061 -1.609731 0.5477851 0.5649825 -0.02189859 17.07254 1.199652 0 0.0 0.0234669655838374 3.809837813094148 1.0
0.01413893 0.08932982 -6.785736 -3.532003 0.5092007 0.3845845 -0.006038966 18.63188 0.7817421 0 0.0 0.09044183812139878 7.6499188396809155 0.0
0.03103875 0.01598777 3.730305 -1.42219 1.100017 0.8510587 -0.1173683 18.81964 1.304949 0 0.0 0.03491436367937127 3.992217402537718 1.0
-0.01590041 -0.004699203 6.083338 0.2267317 0.850059 1.454965 -0.47495 18.53073 0.9493656 0 0.0 0.016580275842196023 6.087561784986572 0.0
-0.01783836 0.007003575 0.3328443 -0.04271627 0.4708738 0.3477991 -0.1350341 18.35292 1.105915 0 0.0 0.019163954452832147 0.3355741464493397 1.0
-0.002386251 0.005034789 -0.6515631 1.929441 0.5537756 0.4339292 0.08713242 16.40127 nan 0 0.0 0.005571650932131516 2.036486446250652 0.0
-0.04081236 0.1205104 -15.04928 -6.096284 4.443443 2.858203 0.1456227 20.85607 2.808914 1 0.001787753 0.12723366392951826 16.237164380736434 0.0
-0.004961283 0.03259577 1.096825 4.479857 0.9055735 0.6719999 -0.06674908 18.81167 1.136971 0 0.0 0.03297117757828781 4.6121734378787185 0.0
0.01603118 0.04218338 0.2857216 0.05134283 0.5862499 0.4972054 -0.08865561 18.731 1.034058 0 0.0 0.04512689087912882 0.29029798293989045 1.0
-0.001262573 0.01961079 0.3774126 -0.138776 0.06221025 0.05682732 -0.1135642 14.37195 1.570831 1 0.9996231 0.019651391172240934 0.40211820254094444 1.0
-0.02103467 0.05927501 -0.504988 0.8873638 2.086528 1.066842 0.08599685 19.87024 1.667624 0 0.0 0.06289661479371525 1.0209933367532034 1.0
0.01669435 0.004513009 -7.243567 -2.267011 1.618266 1.621624 -0.1575265 19.34031 nan 0 0.0 0.017293599167223145 7.5900330537890275 0.0
0.0123227 0.007428823 -1.837559 -2.219172 0.6577073 0.7389609 -0.2220674 17.83283 1.073006 0 0.0 0.014388757641135284 2.8812059010187037 0.0
0.01608219 0.02453657 1.527346 2.44523 2.118125 1.908324 -0.04947225 20.18396 nan 0 0.0 0.029337349958048358 2.8830427601088404 1.0
0.04199389 0.03404545 2.322467 -3.398275 1.323149 0.8821564 0.09960721 19.41973 0.669466 0 0.0 0.054060886628269425 4.116081381813776 0.0
-0.02192542 0.02728836 1.687958 -1.179416 1.010981 1.040834 -0.01579756 19.27602 nan 0 0.0 0.035005408634466766 2.059180494959099 1.0
0.006898216 0.1086758 -11.31879 -4.695229 1.556335 0.8759971 -0.01201195 19.91401 1.360476 0 0.0 0.1088945126699351 12.253986389193559 0.0
-0.08098244 -0.007857984 -6.376155 0.07736893 0.9498625 0.5975888 -0.1087735 19.10425 1.60911 0 0.0 0.08136278941197786 6.376624384057315 0.0
-0.04148113 0.02578328 -0.7153734 0.6424073 1.435554 0.9161119 -0.1512413 19.77967 0.9112301 0 0.0 0.04884118829057397 0.9614812741394656 1.0
-0.02225168 0.03185058 -0.3384103 -0.3258182 0.4717672 0.4493367 -0.06992288 17.9123 1.204773 0 0.0 0.03885352891512945 0.4697648673510292 1.0
0.01734942 0.09947198 -7.038693 -1.295837 0.4401429 0.3451004 0.004647186 18.29085 1.168756 1 0.0 0.1009736459649586 7.156982092950772 0.0
-0.0035073 0.09002995 -5.107299 -0.4948413 1.927716 0.9252713 0.03296406 19.91082 0.8279667 0 0.0 0.09009824110543169 5.131215351901213 0.0
0.001452429 -0.005680657 2.420444 -2.630256 0.7117111 0.5728355 0.003597462 15.05885 1.062226 0 0.0 0.005863396110761237 3.5744644050083925 0.0
-0.008072315 0.1076189 -7.782716 0.5734443 0.4694539 0.3705928 0.06132006 18.40459 0.9772892 0 0.0 0.10792122083570602 7.803813599891946 0.0
-0.02547748 0.09076306 -6.414156 -2.977526 0.6929642 0.4692236 0.2123575 18.69442 1.1401 1 0.0 0.09427107216805164 7.07156688952399 0.0
0.01429196 0.02915295 -1.229028 -0.6229843 1.524145 1.304872 -0.04590195 19.85133 0.9828949 0 0.0 0.03246774729395466 1.3779039381722116 1.0
-0.05851477 0.04288506 -0.841574 -1.612643 1.571548 1.00714 -0.1163446 19.90938 1.075226 0 0.0 0.07254727203249271 1.8190283788124362 1.0
-0.05868288 0.0103836 -8.406848 -0.3223582 2.387845 1.283925 -0.2130454 20.1496 0.9125443 0 0.0 0.05959445908852937 8.413026096727101 0.0
0.03954985 0.04067757 -1.068497 -3.894901 2.686851 2.045914 -0.2535244 20.3034 0.6224422 0 0.0 0.05673495691482809 4.03880423378133 1.0
0.0006530402 0.03758947 -8.791474 -7.660011 3.990799 3.199801 -0.1820305 20.4874 1.000687 0 0.0 0.03759514219129535 11.660436681908486 0.0
-0.01804516 0.04834718 1.778325 -0.246477 1.323099 0.8651259 0.007943353 19.64553 0.9715328 0 0.0 0.05160501538976613 1.795324682934538 1.0
-0.002368668 0.0334581 -0.3575665 -0.08980923 1.927253 1.031411 -0.1241095 19.7965 1.128122 0 0.0 0.033541840195556116 0.3686726186136461 1.0
0.02539765 0.01546101 -2.008288 1.286542 1.07802 1.001653 -0.3047192 19.02226 1.048195 0 0.0 0.02973354092170322 2.3850389952174784 1.0
-0.06439079 0.03150937 -4.608589 0.4922922 2.13558 1.065369 -0.1480208 19.99146 0.7549744 0 0.0 0.07168691815541382 4.634807890420253 0.0
-0.001452431 -0.003216362 1.061221 1.781358 1.167407 0.7897105 0.1528451 16.65285 nan 0 0.0 0.0035290990811827597 2.0735058078059487 0.0
-0.04036229 0.1082504 -4.861972 -3.107669 2.089403 2.291959 -0.08511032 20.49227 1.451538 0 0.0 0.11553035771693992 5.770301408275394 0.0
0.0354951 0.02449131 2.196387 -3.755247 1.383912 0.7949389 0.08135438 19.20259 0.6718178 0 0.0 0.04312454509355548 4.350401807279185 1.0
-0.02731205 0.0302533 -0.1303125 -1.753899 1.23058 0.988901 0.1363872 19.44766 0.8159771 0 0.0 0.040757946907229024 1.7587333651970245 1.0
-0.06168012 0.0004614409 0.4709441 1.048394 0.9802474 0.6401238 -0.1039326 19.16562 0.9655266 0 0.0 0.06168184604013236 1.1493121092900789 1.0
-0.03709294 0.04415863 -6.266606 -1.105721 2.348146 2.30027 0.02706506 20.30437 0.5911999 0 0.0 0.05767036328410373 6.3634086533144325 0.0
0.08845042 0.07690998 -5.864946 -2.197282 2.514012 2.26175 -0.1307016 20.52841 1.130945 0 0.0 0.11721186723952828 6.263037583348834 0.0
-0.00128149 0.01457921 1.703463 -8.920206 0.9459321 0.7343289 -0.1209894 18.636 nan 0 0.0 0.014635422127297867 9.081401944347855 0.0
0.05751724 0.1141944 -5.024297 -3.728399 2.474603 2.56128 -0.05153835 20.71954 1.117004 0 0.0 0.12786162007646235 6.256558115082925 0.0
-0.03841852 -0.0009207529 -6.21425 -0.3553253 0.4800211 0.4175407 -0.1316053 18.57456 0.9143429 0 0.0 0.038429551973621266 6.224400302946469 0.0
0.04855719 0.08400387 -1.734455 0.1963501 0.1916151 0.1652299 -0.02546058 17.1214 1.205288 1 0.0 0.09702809322909009 1.7455335885611052 0.0
-0.09809125 0.03883107 0.4681176 -1.020106 2.026042 1.449111 -0.2516158 20.03735 1.424685 0 0.0 0.10549760814306361 1.1223860025257621 0.0
0.03199862 0.0397069 -1.566926 -7.375898 2.131129 1.551014 -0.2219778 19.89552 1.202639 0 0.0 0.05099558401974038 7.540499213969856 0.0
-0.0001095103 0.004271911 -2.359066 6.909169 1.046595 0.8673109 -0.0212097 15.93975 0.7871695 0 0.0 0.004273314415968838 7.300808767726834 0.0
-0.0110151 0.03715709 -0.3617341 2.259647 2.835534 1.512775 0.3036957 19.99325 0.8305569 0 0.0 0.03875540949697345 2.288417821052749 1.0
-0.01569343 0.0584074 0.5274496 -1.877358 1.143344 0.9498846 0.03334399 19.51228 0.8243675 0 0.0 0.06047898907823195 1.9500451637601013 1.0
-0.0288104 0.01816742 -1.458123 -3.970461 1.180696 0.6377872 -0.1369625 19.04663 1.008701 0 0.0 0.03406015704039545 4.229737963000781 1.0
-0.00854054 0.007315244 0.06639891 -0.1039062 0.1768703 0.1686112 -0.1756485 16.10509 0.7035494 0 0.0 0.011245159770814108 0.12330982786310303 1.0
-0.08756903 0.02511564 -5.289038 -0.8706934 0.5087105 0.3730933 -0.07467771 18.41348 1.16955 1 0.0 0.0910995630491744 5.360226670789917 0.0
-0.02902098 0.01965121 0.6369562 -1.468505 0.7598425 0.4617192 -0.09153448 18.67999 1.135809 0 0.0 0.035048357088806596 1.6006936420637898 1.0
-0.05328597 0.05570883 -0.1486715 0.3726364 0.6108912 0.5031782 -0.09758056 18.8776 1.232479 0 0.0 0.07709000154890257 0.4011995781618046 1.0
-0.02278085 0.0226035 2.513221 0.09791819 1.859888 1.116408 0.2668944 19.46364 nan 0 0.0 0.03209182666930164 2.5151277833887242 1.0
0.02466255 0.06598325 -2.173834 -2.368428 2.486145 2.395356 -0.03524683 20.61201 1.178993 0 0.0 0.07044168263936487 3.2148103288903376 0.0
-0.01176729 0.03367409 -1.799363 -1.20549 3.062149 3.218111 -0.06831182 20.62475 nan 0 0.0 0.03567090482833593 2.1658516444736002 1.0
0.09271855 0.08797944 -4.868961 -2.09847 2.104312 1.772004 0.03352848 20.49924 0.9494133 0 0.0 0.1278167100844647 5.301920176730408 0.0
0.001109913 0.008494768 2.182221 -0.4687723 0.2439076 0.1895635 -0.05277371 15.62882 nan 0 0.0 0.00856697089065867 2.232002679677668 1.0
-0.01624474 0.05318107 2.150553 -1.117094 2.706649 2.110159 -0.1887191 20.22729 0.5605412 0 0.0 0.05560681418686472 2.4233813588960778 1.0
0.008230764 0.03250374 3.535402 4.778655 0.7175384 0.7220655 -0.02509605 18.04845 1.051769 0 0.0 0.03352966731137212 5.944292296870082 0.0
-0.01975345 0.02969261 2.226568 1.612646 2.657238 1.387443 0.260102 19.89121 0.8345184 0 0.0 0.03566300429737517 2.749223923208148 1.0
-0.01814441 0.05820432 0.1689854 -0.189055 0.1745213 0.1391142 -0.04386296 16.68267 1.287753 1 0.9988863 0.0609668965989782 0.25357022387922445 1.0
0.006585507 -0.007702897 3.709428 -2.843924 0.7892681 0.7896422 -0.2647521 16.59437 nan 0 0.0 0.01013427474660412 4.674158726975369 0.0
-0.03603732 -0.0008959283 0.6131179 -1.305738 2.728843 1.515152 -0.2810374 20.2158 0.6366653 0 0.0 0.036048455172186515 1.4425204622272816 1.0
-0.003143489 0.07327203 -1.923831 -1.520668 2.659292 2.008918 0.00726582 20.43878 0.9865112 0 0.0 0.0733394293911128 2.4522554684993567 0.0
0.0007480778 0.01975958 0.524896 -0.02833047 0.1305832 0.1015223 -0.02596242 15.10201 1.459748 0 0.0 0.019773735665555278 0.5256599911981327 1.0
-0.06121417 0.03670172 -3.560653 -3.026516 0.6222119 0.466207 -0.02090857 18.78704 1.351061 1 0.0 0.07137360057995742 4.6731198234867675 0.0
-0.01521409 0.02220991 -25.41878 -9.535605 1.074688 1.100273 -0.05043065 18.87369 nan 0 0.0 0.026921155932392648 27.148520022358955 0.0
0.0001098948 0.1332086 -11.27872 -0.538762 1.097015 0.6638781 -0.001121282 19.37898 1.27951 1 0.0 0.13320864533065063 11.291580462054194 0.0
-0.05034005 0.03047411 -7.123455 -3.16986 0.3473978 0.2995886 -0.07554522 18.05796 1.087879 0 0.0 0.05884549272709508 7.796898329247663 0.0
-0.004733012 0.03736798 2.994739 -0.1096702 2.92458 1.823921 0.1965597 19.80923 1.027252 0 0.0 0.037666528003952586 2.9967464408736753 1.0
-0.00150131 0.03514042 -6.589398 -6.3993 2.73375 2.663968 -0.001704224 20.39841 nan 0 0.0 0.03517247573732193 9.185380040717098 0.0
-0.01588116 0.02219061 1.556659 -0.7260436 0.4368226 0.4148838 -0.1114301 17.92903 1.173971 0 0.0 0.027287990309249596 1.7176514638837415 1.0
-0.04346083 0.002935213 -7.025939 1.414908 2.764231 2.895339 -0.2084911 20.61452 0.927063 0 0.0 0.04355983493591624 7.166992638491058 0.0
-0.0458699 0.07823882 2.183501 -0.2452694 2.391948 2.331787 0.03535831 20.39473 0.9760704 0 0.0 0.09069377421302081 2.1972331909875567 0.0
0.05804594 0.1094178 -1.483622 -3.442538 1.810935 0.9495687 0.02939854 19.95307 0.6712399 0 0.0 0.1238611565718793 3.748626697915918 0.0
-0.002204898 -0.002384788 0.1194826 -1.098076 0.132428 0.1061331 0.0376632 14.2245 1.237144 0 0.0 0.00324788992968481 1.1045573744621688 0.0
-0.04098033 -0.001342591 -2.102134 1.271601 0.9501756 0.6482761 -0.2413454 19.20007 0.8863411 0 0.0 0.04100231697724144 2.456814290327415 1.0
-0.001099751 -0.01478633 0.2459085 -0.369379 0.2129108 0.1538764 0.05542602 16.65522 nan 0 0.0 0.014827171245079117 0.4437474912754437 1.0
0.02559192 0.03916161 1.221434 -1.591968 0.8879618 0.7430486 -0.03270489 19.23949 0.8700352 0 0.0 0.04678224093690361 2.006555040206971 1.0
0.02152421 0.04548466 -4.614037 0.492812 0.2678162 0.216889 -0.04162888 17.58041 1.212048 1 0.0 0.05032043234551647 4.64028028299078 0.0
-0.02556805 0.03068537 -6.742672 -2.633835 1.516233 1.582185 0.2998825 19.72314 nan 0 0.0 0.03994142101677656 7.238833642708541 0.0
-0.04530945 0.07109826 -7.600169 -6.005461 2.072177 1.105177 0.1098339 19.93608 1.665998 0 0.0 0.08430841496748767 9.686492174728786 0.0
-0.01510305 0.03225785 7.361987 -1.969509 2.789638 1.194056 0.2671439 19.83064 nan 0 0.0 0.03561840824524588 7.620880414312378 0.0
-0.09087333 0.01413811 -5.992939 -3.957603 1.255842 0.6480263 -0.1108138 19.27773 1.927279 0 0.0 0.0919665605514363 7.181778286979486 0.0
-0.07720601 -0.01655661 0.4930876 -8.509369 2.677391 1.639513 -0.4845236 20.25539 0.6537056 0 0.0 0.07896131530573818 8.52364336181628 0.0
-0.006719411 0.1269901 -13.26727 0.9144946 3.410472 2.320133 0.1174855 20.65074 0.9076824 0 0.0 0.12716774741339457 13.298750077594855 0.0
-0.03722541 0.03118092 0.103384 -0.1605478 0.06359512 0.06125034 -0.05019885 14.39136 1.517624 1 0.9995197 0.04855904572491618 0.19095509299529037 1.0
-0.04731596 -0.008962841 -16.60446 0.9123675 1.80162 1.367517 -0.3241753 20.06444 1.253496 0 0.0 0.04815737315835324 16.62950709872834 0.0
0.02948282 0.01163623 2.195087 -0.4955828 1.252707 1.218154 -0.1343191 19.50007 0.8453197 0 0.0 0.03169603324968757 2.250335363723558 1.0
-0.01072369 0.01400958 0.1769303 -0.2948297 0.5945295 0.4259802 0.1078912 18.20087 0.9397926 0 0.0 0.017642728218518245 0.3438442715244504 1.0
-0.03304964 0.04307835 -3.811548 -3.525209 2.739566 2.155535 -0.2694925 20.25976 0.9249516 0 0.0 0.054295699119286604 5.191820167338714 0.0
-0.07579669 0.04671258 -4.899438 -2.517919 1.220956 0.7720168 -0.09888275 19.55333 1.653601 0 0.0 0.08903484343341375 5.508575932707563 0.0
0.06830982 0.06449322 -4.482867 0.09710434 0.7029898 0.4356723 -0.05038375 19.01743 1.292173 0 0.0 0.09394470147060344 4.483918575591648 0.0
-0.07439614 0.02387626 -6.059065 -5.166473 1.523297 0.988273 -0.08575121 19.82907 1.893082 0 0.0 0.07813361273157156 7.962707575564608 0.0
0.06911747 0.106797 -5.279404 0.3551972 2.652657 1.778711 0.1464301 20.44694 1.215624 0 0.0 0.12721172850095583 5.291339305516501 0.0
-0.01359705 0.03233462 -1.660761 -2.193045 2.749205 2.40852 0.06512856 20.42909 0.7734337 0 0.0 0.035077163785672584 2.750922294639745 1.0
0.03257274 0.04268959 -2.09718 -3.15865 2.221837 1.655473 -0.1143829 20.18487 0.7882633 0 0.0 0.05369715528289837 3.791468551221281 1.0
-0.008364951 0.03698599 -5.737371 -1.01286 0.6072087 0.4134621 -0.05045136 18.67452 0.9399147 0 0.0 0.03792012475602501 5.82608885713572 0.0
0.001539113 0.02317371 1.272647 -0.5795647 0.2408318 0.1861346 -0.1115 16.53456 0.6512957 0 0.0 0.023224764885588594 1.3984010970015328 1.0
-0.01532201 0.03144525 -1.577217 -1.943361 2.796016 1.840618 0.1596763 20.52409 nan 0 0.0 0.034979533130140544 2.5028514621147617 1.0
-0.05699511 0.001562332 -3.739772 -1.252618 1.594926 0.9928752 -0.09900221 19.90261 0.9005451 0 0.0 0.05701651905536082 3.9439759717711262 0.0
-0.0448583 -0.009647012 3.602876 -6.185083 3.137099 1.820324 -0.4533644 20.18597 0.9032955 0 0.0 0.04588389607932334 7.157930370453808 0.0
0.01004841 0.01914813 4.665309 -2.888046 1.207769 1.050032 0.01134275 18.63404 0.9427376 0 0.0 0.021624556088507343 5.486885980553724 0.0
