jas1101finalproject/data/gcs/NGC_6388.ecsv
# %ECSV 0.9
# ---
# datatype:
# - {name: x, unit: deg, datatype: float64}
# - {name: y, unit: deg, datatype: float64}
# - {name: pmx, unit: mas / yr, datatype: float64}
# - {name: pmy, unit: mas / yr, datatype: float64}
# - {name: pmx_e, unit: mas / yr, datatype: float64}
# - {name: pmy_e, unit: mas / yr, datatype: float64}
# - {name: pm_corr, datatype: float64}
# - {name: g_mag, unit: mag, datatype: float64}
# - {name: bp_rp, unit: mag, datatype: float64}
# - {name: filter, datatype: int64}
# - {name: memberprob, datatype: float64}
# - {name: r, unit: deg, datatype: float64}
# - {name: pm, unit: mas / yr, datatype: float64}
# - {name: member_prob_GMM, datatype: float64}
# meta: !!omap
# - comments: [deg deg mas/yr mas/yr mas/yr mas/yr dimless mag   mag   zeroone float]
# - __serialized_columns__:
#     bp_rp:
#       __class__: astropy.units.quantity.Quantity
#       unit: &id001 !astropy.units.Unit {unit: mag}
#       value: !astropy.table.SerializedColumn {name: bp_rp}
#     g_mag:
#       __class__: astropy.units.quantity.Quantity
#       unit: *id001
#       value: !astropy.table.SerializedColumn {name: g_mag}
#     pm:
#       __class__: astropy.units.quantity.Quantity
#       unit: !astropy.units.Unit {unit: mas / yr}
#       value: !astropy.table.SerializedColumn {name: pm}
#     pmx:
#       __class__: astropy.units.quantity.Quantity
#       unit: !astropy.units.Unit {unit: mas / yr}
#       value: !astropy.table.SerializedColumn {name: pmx}
#     pmx_e:
#       __class__: astropy.units.quantity.Quantity
#       unit: !astropy.units.Unit {unit: mas / yr}
#       value: !astropy.table.SerializedColumn {name: pmx_e}
#     pmy:
#       __class__: astropy.units.quantity.Quantity
#       unit: !astropy.units.Unit {unit: mas / yr}
#       value: !astropy.table.SerializedColumn {name: pmy}
#     pmy_e:
#       __class__: astropy.units.quantity.Quantity
#       unit: !astropy.units.Unit {unit: mas / yr}
#       value: !astropy.table.SerializedColumn {name: pmy_e}
#     r:
#       __class__: astropy.units.quantity.Quantity
#       unit: &id002 !astropy.units.Unit {unit: deg}
#       value: !astropy.table.SerializedColumn {name: r}
#     x:
#       __class__: astropy.units.quantity.Quantity
#       unit: *id002
#       value: !astropy.table.SerializedColumn {name: x}
#     y:
#       __class__: astropy.units.quantity.Quantity
#       unit: *id002
#       value: !astropy.table.SerializedColumn {name: y}
# schema: astropy-2.0
x y pmx pmy pmx_e pmy_e pm_corr g_mag bp_rp filter memberprob r pm member_prob_GMM
[from data line 18394]
-0.03588585 -0.04126007 0.9143479 -3.480146 0.7526287 0.6334272 0.07073972 19.44596 0.915451 0 0.0 0.0546826078989234 3.598256280971439 0.0
-0.07702187 -0.04319235 -2.668206 -6.021389 0.7330607 0.607193 0.05147884 19.55102 nan 0 0.0 0.0883059882274096 6.586079922666973 0.0
-0.153804 0.03386022 -4.647246 -6.328176 0.7396429 0.575239 0.2653122 19.61721 1.19936 1 0.0 0.15748709443776146 7.851286956384412 0.0
-0.03902476 -0.04460759 -1.496723 -2.861836 0.3779594 0.3112077 0.09910662 18.56633 1.064804 0 0.0 0.05926861714824887 3.2295951804560583 1.0
-0.02948471 -0.01930668 -1.344987 -2.431578 0.06795056 0.0535633 0.09107158 15.12485 1.918928 1 0.9778954 0.03524338259030339 2.7787697997950462 1.0
-0.1622236 0.03503886 -1.636718 1.25733 0.2329859 0.1824659 0.1928171 17.77152 1.337635 1 0.0 0.16596450857656161 2.06391001267594 0.0
-0.04380824 -0.04965024 -5.459396 5.574109 1.731809 2.103122 -0.08337373 19.99902 0.1741066 0 0.0 0.066214108949341 7.802287858615381 0.0
-0.06626559 -0.1286511 -5.059189 -6.800016 0.584468 0.4369274 0.06092664 19.11154 1.2022 1 0.0 0.14471431839751758 8.475589120407914 0.0
-0.1292206 -0.1048129 -0.9205682 1.099963 0.4885352 0.3674682 -0.0149542 18.71977 nan 0 0.0 0.16638421641120288 1.4343515650705165 0.0
-0.1269794 -0.03173342 -5.137841 -5.147589 0.5802827 0.3694794 0.3997265 18.58791 1.475666 1 0.0 0.13088459790692103 7.272900566775404 0.0
-0.1288902 -0.0007202695 -0.6611879 -2.994001 0.08184844 0.06583175 0.01857675 15.43833 1.708263 1 9.847894e-05 0.12889221250406338 3.066139498964033 0.0
-0.0398757 -0.004340226 0.9804652 -1.253024 1.343301 1.155633 0.1627166 19.71977 nan 0 0.0 0.04011120806234931 1.5910314745431782 0.0
-0.1338791 -0.02754518 -2.293191 -3.09564 0.6701907 0.4895122 0.1133421 19.25456 1.485832 1 0.2985551 0.13668339459510948 3.8524942533482123 0.0
-0.05394915 0.001004193 -2.407092 -2.604581 0.4192534 0.3264389 0.2412466 16.80279 1.580414 0 0.0 0.05395849506151695 3.5465383237778494 0.0
-0.1437524 -0.08276771 -0.6143971 -2.892772 1.552507 1.017252 0.5456451 19.89067 1.570696 0 0.0 0.165877202545751 2.9572983685236105 0.0
-0.1074281 -0.09401836 -3.330225 -7.732803 0.7078552 0.5224022 0.1186499 19.45246 1.78425 0 0.0 0.1427594083999356 8.419420454368222 0.0
-0.03958547 -0.04826627 -0.9002471 -8.641167 1.105462 0.9963827 -0.04463651 19.7851 nan 0 0.0 0.06242309071836959 8.687934850293676 0.0
-0.08494366 -0.1358853 3.000078 -0.8100218 0.7745598 0.5812273 0.1312838 19.52024 1.524733 0 0.0 0.1602505542277018 3.1075075740147824 0.0
-0.05504663 -0.03031552 -1.320254 -3.224873 0.4788168 0.4117776 -0.01047335 18.71937 1.312174 0 0.0 0.06284236013412688 3.4846630383216395 1.0
-0.1507521 0.01973094 -4.825476 -9.96741 2.467384 1.539896 0.6110056 20.11859 0.8670349 0 0.0 0.15203784281452298 11.074045364485192 0.0
-0.03739918 -0.04603703 -0.4479813 -4.471202 1.103685 0.940176 0.08142332 19.70584 nan 0 0.0 0.05931363077651966 4.493588162031951 0.0
-0.1376946 -0.0358931 1.247331 -1.943099 0.3313074 0.2443372 0.1250974 18.14547 1.294979 1 0.0 0.14229588011172353 2.3089972601460573 0.0
-0.08397104 -0.1354566 -2.521073 -5.166356 0.8729531 0.6377453 0.1454448 19.72186 1.185005 1 0.0007490375 0.1593726012909421 5.7486557898403525 0.0
-0.1570618 -0.02053487 0.3432233 -6.22476 0.1809045 0.1328038 0.08320144 17.21684 1.609026 1 0.0 0.1583985161078124 6.234215210534754 0.0
-0.08859288 -0.08342731 -1.234368 -6.620789 0.7522403 0.5749511 0.00774521 19.50723 1.344658 1 0.0 0.12169147234104163 6.734872778452834 0.0
-0.088854 -0.06849698 -0.1908191 0.8640044 0.9738079 0.7076716 0.06400775 19.54935 1.277704 0 0.0 0.11219121884140666 0.8848251421293193 0.0
-0.159576 0.003139976 0.901482 1.128249 2.10357 1.317041 0.610184 20.19812 nan 0 0.0 0.15960688965480335 1.44416605773886 0.0
-0.06295382 -0.07133159 -0.2102348 -2.817242 0.662223 0.5549296 0.07494108 19.31144 1.357803 0 0.0 0.09513873650895568 2.825075425133821 1.0
-0.03579723 -0.04443003 4.37437 -5.548852 1.08273 1.010674 -0.08635373 19.57749 0.8922157 0 0.0 0.05705671951202417 7.065753421596596 0.0
-0.06762569 -0.03859914 -4.589738 -6.274165 0.8398423 0.7394013 -0.01733682 19.5123 1.164589 0 0.0 0.07786608733406154 7.773727635817259 0.0
-0.1038477 -0.02692648 -1.900786 -7.472655 0.4545795 0.3582422 0.2481564 18.89301 1.274435 0 0.0 0.1072817790702615 7.710613475387091 0.0
-0.1541601 -0.01972215 2.205641 -6.728425 0.7497207 0.5397638 0.1926322 19.40344 1.007116 0 0.0 0.15541653590475016 7.080717138927807 0.0
-0.114152 -0.09766286 0.5741985 -5.329389 1.496572 1.046405 0.2933588 19.93816 1.309467 0 0.0 0.15022886981995037 5.360232367232157 0.0
-0.1597918 0.002780798 -0.1216242 -8.117544 1.07171 0.7816726 0.1211068 19.67706 1.234022 0 0.0 0.15981599477135197 8.118455089360392 0.0
-0.05273424 -0.02371393 -2.547769 -2.744672 1.035515 0.8502213 0.1148398 19.87683 1.494183 0 0.0 0.057820848700295815 3.744910047644002 0.0
-0.08604088 -0.03824596 -1.93405 -8.555677 0.5933038 0.4566916 0.3241497 19.03841 0.8376904 0 0.0 0.09415830546210992 8.771553929084002 0.0
-0.06705255 -0.1029715 -4.440345 -8.032269 0.6372664 0.4685499 0.1324714 19.25954 1.439024 0 0.0 0.12287869739606007 9.177908749131579 0.0
-0.1109798 -0.04787482 -2.140688 -5.344995 0.5198742 0.3662817 0.2386884 18.64121 1.172043 0 0.0 0.12086568743060373 5.757735376288928 0.0
-0.1352367 -0.02150966 -3.59463 -2.663507 0.8522017 0.6302523 0.09049921 19.63469 1.256012 1 0.05363317 0.13693659299181354 4.473883589896926 0.0
-0.050156 -0.1475824 -1.929387 -1.429215 0.7346083 0.5535231 -0.0178358 19.45738 1.333849 0 0.0 0.15587234881710096 2.4010809465726055 0.0
-0.07532778 -0.04657757 0.5745234 -7.604085 0.8372981 0.683182 0.2116605 19.30522 1.141754 0 0.0 0.08856491668168213 7.625758049162887 0.0
-0.09685216 -0.02489254 -0.2579115 -7.317167 0.4349666 0.3451732 0.215066 18.83908 nan 0 0.0 0.0999998972215332 7.321710950844841 0.0
-0.1254534 -0.05592295 -4.714943 -8.398691 0.9994639 0.7223121 0.1659498 19.75978 1.054567 0 0.0 0.13735331051074998 9.63165084534993 0.0
-0.05378246 -0.06157196 -0.992183 -5.706047 0.7290514 0.587817 0.2019684 19.54008 0.9421864 0 0.0 0.08175364983836012 5.7916663812497 0.0
-0.09221392 -0.1203096 -1.714858 -3.372475 0.6477394 0.4788624 0.04709656 19.24235 1.070396 0 0.0 0.1515843227181703 3.783427756121293 0.0
-0.1465889 0.02851165 0.747361 -7.446479 2.129325 1.466641 0.7717495 20.11985 1.310202 0 0.0 0.1493359293302603 7.4838892269836546 0.0
-0.05687776 -0.04107856 -1.231373 -2.91252 0.1053276 0.08033318 0.2216715 15.91185 1.783392 1 0.9550315 0.07016072743559035 3.162127798734422 1.0
-0.1428785 -0.05100429 -2.060166 -5.854248 0.5100193 0.3711659 0.1446236 18.94567 0.9915352 0 0.0 0.15170927249398466 6.206166577933596 0.0
-0.1409985 -0.02258392 -7.958317 -6.639045 0.5958518 0.4282949 0.1878074 19.12904 1.118448 0 0.0 0.14279569476989284 10.36396294785513 0.0
-0.1155423 -0.1166819 -2.655884 -4.620178 0.7356359 0.5465725 0.09786671 19.55139 1.203197 0 0.0 0.16420928377195973 5.329142949212378 0.0
-0.09132783 -0.03772383 4.265471 -4.461406 0.9973188 0.7540204 0.3785993 19.86937 1.85589 0 0.0 0.09881224560942738 6.172389030892091 0.0
-0.1266146 0.009466209 -1.800749 -3.99461 0.3214404 0.2537142 0.08617347 18.21259 1.430178 1 0.0002262022 0.12696797252059938 4.381735502412372 0.0
-0.07926115 -0.05311741 -1.696028 -2.856519 1.002441 0.7411337 0.1664421 19.79066 0.6508369 0 0.0 0.09541377858795133 3.3220794352551235 0.0
-0.1318021 0.002359265 0.9991591 -10.72711 2.337108 1.584974 0.84808 19.96676 nan 0 0.0 0.13182321379692663 10.773542029398353 0.0
-0.04480331 -0.07921489 -4.480374 -1.926422 0.210399 0.1641331 0.188996 17.37776 1.093723 0 0.0 0.09100733698262024 4.876971693782936 0.0
-0.07072345 -0.1094227 -1.883882 -4.944895 2.421371 1.498079 0.6841796 20.10514 1.383318 0 0.0 0.13028865512849727 5.291596918790111 0.0
-0.07930782 -0.0506837 -1.588577 -2.898277 0.5458659 0.4740754 0.07218097 19.08908 0.9341106 0 0.0 0.09411996471972564 3.3050849389475605 1.0
-0.04466189 -0.01011155 -2.488404 -1.937627 1.204877 0.9554013 0.3174419 19.90978 nan 0 0.0 0.04579222490526749 3.153815603098095 1.0
-0.1252418 -0.02368823 -1.4118 -3.008354 0.4577344 0.4127703 0.2804667 18.50443 nan 0 0.0 0.12746231093061547 3.3231570876676897 0.0
-0.08041611 -0.07914288 -1.118055 -3.452266 0.369818 0.2757777 0.07512598 18.49701 1.18141 1 0.2177411 0.11282883586311834 3.628799735143977 0.0
-0.07188406 -0.06362107 -2.210449 -2.064267 1.485059 0.9734727 0.4565614 20.0458 1.948862 0 0.0 0.09599457604483964 3.02444755763594 1.0
-0.1398677 -0.006299995 -4.289937 -5.330741 0.6967804 0.55694 0.2212194 19.53662 1.756804 0 0.0 0.14000951196361636 6.842540396157702 0.0
-0.1318675 -0.09234477 -5.826003 -3.752899 0.5871829 0.4458356 0.2196825 19.08302 1.444187 0 0.0 0.1609863165073445 6.930119902296785 0.0
-0.04855101 0.0009632008 -0.2875331 -1.142406 1.208743 0.8979504 0.8347523 18.78175 1.209513 0 0.0 0.04856056350374469 1.1780351235984476 0.0
-0.05087504 -0.1169205 -4.241754 -1.827192 0.5289405 0.3801816 0.1781875 18.9136 1.239063 1 0.0 0.12750950166654876 4.618561204680523 0.0
-0.1309572 0.002593882 6.224223 0.3260733 2.181307 1.577521 0.6939277 20.20271 0.570816 0 0.0 0.1309828861174998 6.232758277897667 0.0
-0.08681238 -0.05824759 -1.095454 -3.188392 0.5281797 0.4687588 0.05493795 19.12473 1.090347 0 0.0 0.10454267579353659 3.371329561431217 0.0
-0.1170987 -0.02133274 -0.01527823 -0.2954024 0.9619343 0.7346618 0.4063928 19.69287 1.414286 0 0.0 0.11902601118073981 0.29579723162614774 0.0
-0.06003343 -0.06880315 -6.513382 -11.71646 1.203635 1.019938 -0.001321274 19.85006 2.117653 0 0.0 0.09131202641211834 13.405207197560356 0.0
-0.1579462 -0.0378904 -8.797442 -10.91608 0.3821634 0.2701885 0.2348709 18.35848 1.237932 1 0.0 0.16242747460512955 14.019835530767256 0.0
-0.03787518 -0.04687657 0.7868305 -3.765423 0.5503921 0.4525059 0.06665611 19.18692 0.6050377 0 0.0 0.06026559611417861 3.8467535149342815 0.0
-0.1322382 -0.03445747 -2.409968 -10.5534 0.7295846 0.5137476 0.2589309 19.34395 nan 0 0.0 0.1366537916709262 10.825072624284052 0.0
-0.1335885 -0.03141644 -3.287561 -4.341999 1.293516 0.9861275 0.08266217 19.43985 1.733923 0 0.0 0.1372329407778016 5.4461924906049735 0.0
-0.03151028 -0.04049458 -1.597107 -9.398014 1.274315 1.097435 0.01604619 19.95077 0.8532143 0 0.0 0.05130992842574232 9.532755001238886 0.0
-0.1458803 -0.02879493 -4.561795 -3.161292 0.994925 0.7078756 0.2205312 19.71991 1.028637 1 0.01062903 0.14869502319107689 5.55011177646802 0.0
-0.0895245 -0.1386159 -0.9346742 -7.235114 0.9793374 0.7017691 0.226217 19.81908 1.029749 0 0.0 0.16501213238141005 7.295237518624163 0.0
-0.05409787 -0.02539748 1.423454 2.653611 0.1713082 0.1299037 0.286728 16.6548 1.227503 1 0.0 0.05976296117903881 3.011290857661711 1.0
-0.08351826 -0.02986518 -4.182755 -5.291236 0.4508639 0.3575835 0.1437936 18.57435 1.334946 0 0.0 0.08869739979198939 6.74482155417925 0.0
-0.1129892 -0.01722757 -0.9583666 -9.573453 0.6872569 0.5600838 0.1303952 19.47155 0.8370361 0 0.0 0.1142950063858649 9.621302868281644 0.0
-0.0993475 -0.02294365 -1.19941 -3.815155 0.8046298 0.5606201 0.2775812 19.4418 0.6491489 0 0.0 0.10196242852920138 3.99924893225278 0.0
-0.1427623 -0.001603533 -0.7279242 -1.522571 0.1711282 0.1330699 0.1362598 17.18478 1.175711 1 0.0 0.14277130530807683 1.6876303182233483 0.0
-0.0520079 -0.06024282 -4.429719 -6.400027 0.3853322 0.3010226 0.2279742 17.93547 1.188099 0 0.0 0.07958655052182122 7.7834925335410965 0.0
-0.0444339 -0.02473311 0.6609094 -1.584076 2.9255 1.933372 -0.0998443 20.05735 nan 0 0.0 0.050853694059351286 1.7164201143031272 0.0
-0.1393741 -0.04916086 -6.390249 -9.450811 1.825828 1.178882 0.5638683 20.16824 0.9586983 1 1.584704e-06 0.1477901549723445 11.408466629644932 0.0
-0.03958509 -0.04880796 -7.149768 -5.680942 0.3769335 0.3013499 0.2306859 18.28806 0.9019299 0 0.0 0.06284263130765372 9.131937607166838 0.0
-0.09427255 -0.1049855 -5.898966 -4.758922 1.831364 1.172185 0.5994395 19.92872 0.3573437 0 0.0 0.14110020869492892 7.579257118691778 0.0
-0.06585165 -0.07443236 -3.479008 -5.198321 0.7209966 0.5839938 0.1204822 19.49716 1.159807 0 0.0 0.09938116533273345 6.255080965351688 0.0
-0.1222034 -0.0872118 -5.568488 -8.542726 2.574636 1.542614 0.7503589 20.13236 1.09864 0 0.0 0.1501318388310754 10.197363684659873 0.0
-0.04809047 -0.1352439 -0.4999823 -3.2805 0.9923002 0.7518406 0.0379882 19.87353 1.050365 1 0.2346631 0.1435395617661936 3.31838252019162 0.0
-0.07666224 -0.1181278 -6.070793 -2.056427 0.5657992 0.3882269 0.3192867 18.85514 1.494631 1 0.0 0.1408235639893324 6.409634908103425 0.0
-0.05448149 -0.07809406 -8.34922 -5.71241 1.249613 0.9301073 0.0104164 20.04127 0.6109715 0 0.0 0.09522034950525912 10.116377939583911 0.0
-0.0525711 -0.06008311 0.0525489 -5.08524 0.6027228 0.456506 0.01651726 18.76435 nan 0 0.0 0.07983545993154983 5.085511502739052 0.0
-0.1093259 -0.04050929 -0.5329524 -8.000047 0.593598 0.4680391 0.2400159 19.2424 1.040108 0 0.0 0.11658968645259365 8.017779634217616 0.0
-0.04928721 -0.02549617 -1.612011 -1.88984 1.586136 1.130984 0.1146534 20.05591 1.09103 0 0.0 0.05549129440059044 2.483963504104076 0.0
-0.1422681 -0.07018695 -3.58189 -7.601228 0.6397363 0.4683037 0.130361 19.0781 0.993103 0 0.0 0.15863927706565137 8.40289254245727 0.0
-0.04810499 -0.01397479 -1.529688 -2.737938 0.08961044 0.07120834 0.09123485 15.79031 1.688807 1 0.9771051 0.05009376027455116 3.1362796222894413 1.0
-0.1111028 -0.09644002 -2.592037 -4.445705 0.4658961 0.3436118 0.1269023 18.84824 1.187607 0 0.0 0.14712073146039073 5.146158640811027 0.0
-0.04697505 -0.01757112 1.707769 -4.727896 1.172738 1.010569 0.004962237 19.84361 1.275488 0 0.0 0.050153759386080916 5.026875326102389 0.0
-0.05122823 -0.06029553 1.743168 -2.934398 0.5838576 0.4591152 0.2004767 18.91989 0.997057 0 0.0 0.07911941915177209 3.4131109414474063 0.0
-0.1105923 -0.03532371 -0.9218971 -6.193738 0.5507394 0.4316087 0.2666795 19.19106 1.216032 0 0.0 0.11609660334158835 6.261971309071321 0.0
-0.107795 -0.03664975 1.401175 -0.2695847 1.753837 1.227442 0.7274979 20.05857 0.776022 0 0.0 0.11385502272654685 1.4268732568448712 0.0
-0.1306858 0.01682717 -0.8489511 -1.329372 0.5534456 0.4354023 0.2127212 19.10423 1.167795 1 0.06008519 0.1317646840843513 1.5773230121237725 0.0
-0.141386 -0.05017283 5.291197 -3.433851 0.3368439 0.246896 0.1276131 18.2851 1.198729 0 0.0 0.15002437757314277 6.307780781147201 0.0
-0.05129678 -0.03188372 -3.998013 -7.495983 0.779469 0.8451241 -0.2793068 19.25558 1.017761 0 0.0 0.060398106256792525 8.495520530518304 0.0
-0.04012734 -0.04775166 -1.481247 -2.578349 0.1446085 0.1161529 0.09256867 16.9231 1.319017 0 0.0 0.06237326709601799 2.9735460717483426 1.0
-0.03279574 -0.02761306 1.749941 0.9757162 0.8236661 0.6762039 0.1924004 16.8109 1.186988 0 0.0 0.0428723879054013 2.0035757051889607 0.0
-0.05243984 -0.06154021 -3.452979 -2.346104 0.6414443 0.5231276 0.1318409 19.44164 1.045238 0 0.0 0.08085254644146775 4.174597939114257 0.0
-0.105564 -0.03634809 -2.846798 -6.005958 0.5273715 0.4208348 0.2023049 19.13758 1.595842 1 0.0 0.11164650349495098 6.6464870684120045 0.0
-0.03388619 -0.052558 -1.381187 -2.907604 0.1889908 0.147107 0.1772579 17.30323 1.514095 1 0.9587649 0.06253492813393248 3.2189809800284626 1.0
-0.1141164 -0.08286557 -6.072629 -9.24671 0.3523664 0.2626918 0.2480276 18.17565 nan 0 0.0 0.1410292715729075 11.062480228038423 0.0
-0.1067814 -0.01064685 -0.6427569 -3.426177 0.3341185 0.2603664 0.2076011 18.37754 1.265858 1 0.03872863 0.10731086991019362 3.485946825157637 0.0
-0.06402029 -0.1442506 -4.291297 -3.700421 0.5857456 0.4205893 0.2582508 19.02119 1.629723 0 0.0 0.15781898850279108 5.666422638618656 0.0
-0.163311 -0.02541213 -3.110304 -7.40762 1.037511 0.7650276 0.0906218 19.68597 1.209564 0 0.0 0.16527631128548612 8.034103872667817 0.0
-0.06953086 -0.1473278 -8.613636 -4.59045 1.676717 1.13439 0.4695541 20.14065 0.9613075 0 0.0 0.16291108355535422 9.76047930908088 0.0
