jas1101finalproject/data/gcs/NGC_6540_Djorg.ecsv
# %ECSV 0.9
# ---
# datatype:
# - {name: x, unit: deg, datatype: float64}
# - {name: y, unit: deg, datatype: float64}
# - {name: pmx, unit: mas / yr, datatype: float64}
# - {name: pmy, unit: mas / yr, datatype: float64}
# - {name: pmx_e, unit: mas / yr, datatype: float64}
# - {name: pmy_e, unit: mas / yr, datatype: float64}
# - {name: pm_corr, datatype: float64}
# - {name: g_mag, unit: mag, datatype: float64}
# - {name: bp_rp, unit: mag, datatype: float64}
# - {name: filter, datatype: int64}
# - {name: memberprob, datatype: float64}
# - {name: r, unit: deg, datatype: float64}
# - {name: pm, unit: mas / yr, datatype: float64}
# - {name: member_prob_GMM, datatype: float64}
# - {name: member_prob_DB, datatype: float64}
# meta: !!omap
# - comments: [deg deg mas/yr mas/yr mas/yr mas/yr dimless mag   mag   zeroone float]
# - __serialized_columns__:
#     bp_rp:
#       __class__: astropy.units.quantity.Quantity
#       unit: &id001 !astropy.units.Unit {unit: mag}
#       value: !astropy.table.SerializedColumn {name: bp_rp}
#     g_mag:
#       __class__: astropy.units.quantity.Quantity
#       unit: *id001
#       value: !astropy.table.SerializedColumn {name: g_mag}
#     pm:
#       __class__: astropy.units.quantity.Quantity
#       unit: !astropy.units.Unit {unit: mas / yr}
#       value: !astropy.table.SerializedColumn {name: pm}
#     pmx:
#       __class__: astropy.units.quantity.Quantity
#       unit: !astropy.units.Unit {unit: mas / yr}
#       value: !astropy.table.SerializedColumn {name: pmx}
#     pmx_e:
#       __class__: astropy.units.quantity.Quantity
#       unit: !astropy.units.Unit {unit: mas / yr}
#       value: !astropy.table.SerializedColumn {name: pmx_e}
#     pmy:
#       __class__: astropy.units.quantity.Quantity
#       unit: !astropy.units.Unit {unit: mas / yr}
#       value: !astropy.table.SerializedColumn {name: pmy}
#     pmy_e:
#       __class__: astropy.units.quantity.Quantity
#       unit: !astropy.units.Unit {unit: mas / yr}
#       value: !astropy.table.SerializedColumn {name: pmy_e}
#     r:
#       __class__: astropy.units.quantity.Quantity
#       unit: &id002 !astropy.units.Unit {unit: deg}
#       value: !astropy.table.SerializedColumn {name: r}
#     x:
#       __class__: astropy.units.quantity.Quantity
#       unit: *id002
#       value: !astropy.table.SerializedColumn {name: x}
#     y:
#       __class__: astropy.units.quantity.Quantity
#       unit: *id002
#       value: !astropy.table.SerializedColumn {name: y}
# schema: astropy-2.0
x y pmx pmy pmx_e pmy_e pm_corr g_mag bp_rp filter memberprob r pm member_prob_GMM member_prob_DB
[from data line 560]
-0.0209217 -0.01625583 -1.915865 -1.523983 0.5247756 0.4847653 0.2106733 17.82771 1.358843 0 0.0 0.02649470777115498 2.448073300069669 0.0 0.0
-0.001265893 -0.004496925 -5.570718 -4.795088 0.8301652 0.7378132 0.5014299 18.4312 nan 0 0.0 0.004671704136936969 7.350222307064461 0.0 0.0
0.01436726 -0.01579509 1.735216 -8.263942 1.618817 1.534469 0.8959776 18.81474 nan 0 0.0 0.021351885818721026 8.444152529769935 0.0 0.0
-0.01085113 -0.0122165 -5.759429 -6.801696 1.082062 0.8177885 0.01622535 18.86302 nan 0 0.0 0.01633982541298713 8.91258048392591 0.0 0.0
-0.003101279 -0.03280392 1.208861 -4.222572 1.359693 1.229303 0.1869343 18.55822 nan 0 0.0 0.032950191180056015 4.392204368253486 0.0 0.0
0.02376292 -0.01743134 -10.7581 2.197509 0.6609584 0.6128557 0.3357024 17.97326 nan 0 0.0 0.029470798786629452 10.98024414187048 0.0 0.0
0.02700521 -0.008028863 0.1508304 -5.679536 0.10015 0.08639812 0.2586858 15.2547 1.653593 1 0.0 0.028173462836805652 5.68153843469004 0.0 0.0
0.0008941861 -0.0225042 -1.572194 -7.47091 0.2652743 0.229261 0.5022483 16.90552 1.711615 0 0.0 0.022521957872739064 7.634545841223039 0.0 0.0
-0.0111206 -0.01753994 1.368126 -2.611048 0.1341966 0.1126246 0.366172 15.91773 1.727769 0 0.0 0.020768178532639785 2.9477687172130715 0.0 0.0
-0.01851845 -0.01775457 1.513575 2.990976 0.7026428 0.5659666 -0.06677738 18.36491 1.38876 0 0.0 0.025654585287768737 3.352140616561453 0.0 0.0
0.01107285 -0.0198173 1.840906 -5.314952 0.2854085 0.2478721 0.2210534 17.31729 nan 0 0.0 0.022700955627737347 5.624735519394667 0.0 0.0
0.005267922 -0.02250814 -3.295376 -2.9667 0.2049753 0.1711303 0.1416826 14.62424 1.71507 0 0.0 0.023116387443925662 4.434051406036696 0.0 0.0
0.008022365 -0.0142533 -5.08655 -1.316695 0.7854111 0.7113585 0.8020274 17.96308 1.11203 0 0.0 0.01635588276685869 5.254205613175507 0.0 0.0
0.004862524 -0.03196285 0.7260976 0.832685 0.181084 0.1554742 0.2526175 16.75185 nan 0 0.0 0.032330603455133285 1.104799544691597 0.0 0.0
-0.01122875 -0.01604649 -5.941921 -9.672952 1.272782 1.18288 0.335655 18.66653 1.184298 0 0.0 0.019585062366063583 11.352199151025541 0.0 0.0
-0.02653674 -0.02010989 1.609428 -5.06994 1.02888 0.8481088 0.4394946 18.66989 nan 0 0.0 0.03329573915142446 5.319262175413429 0.0 0.0
-0.004343166 -0.03082032 -3.928127 -1.510535 0.6106622 0.5315779 0.7842396 17.18964 1.663 0 0.0 0.031124832783582242 4.208550547914804 0.0 0.0
0.006402817 -0.006146963 -6.799821 -4.769377 0.3517657 0.3064232 0.587982 16.60551 1.69367 0 0.0 0.00887587852884761 8.30569218067766 0.0 0.0
-0.006152933 -0.01289896 -0.1981529 -2.489904 0.9010291 0.7813789 0.334806 18.73993 1.342449 0 0.0 0.014291317419471481 2.4977763112405422 0.0 0.0
-0.02105696 -0.01493024 3.303438 -9.888251 1.007319 0.8466824 -0.1326445 17.89803 1.428434 0 0.0 0.025812935340623313 10.42545972410066 0.0 0.0
0.006428626 -0.02633053 -2.964407 -2.061329 0.383782 0.3594972 0.4697351 17.76101 1.566786 0 0.0 0.027103948832758226 3.610648987078362 0.0 0.0
0.005051776 -0.02594326 -3.99526 -6.251438 0.9427894 0.8240031 0.47183 18.61635 1.509026 0 0.0 0.02643053499613233 7.419068643397498 0.0 0.0
-0.01946418 -0.0135929 -1.063859 -2.646454 0.252939 0.2084287 0.1147048 13.06881 1.491945 0 0.0 0.02374070836100726 2.8522823748705175 0.0 0.0
0.01196392 -0.01886182 -3.355905 -1.50289 0.7510382 0.6683537 0.2447513 18.09692 1.430115 0 0.0 0.0223361508653304 3.677060880802084 0.0 0.0
0.003728948 -0.02446311 0.8648914 -4.11597 0.581752 0.5281499 0.04527453 18.44854 1.149431 0 0.0 0.024745682533702802 4.205858553814424 0.0 0.0
0.004322781 -0.02749772 -2.948595 -6.971336 0.4171999 0.3788912 0.2610414 18.01532 nan 0 0.0 0.027835427799341634 7.569262718318146 0.0 0.0
0.02279041 -0.0198897 -1.600457 -4.749912 0.7704347 0.7406335 0.4105114 17.65247 1.595715 0 0.0 0.030249015753543124 5.012297538713459 0.0 0.0
0.003405488 -0.008023659 -4.584217 -3.106504 0.3615857 0.324895 0.4098078 17.55723 1.313725 0 0.0 0.008716447227306834 5.537636012334596 0.0 0.0
0.01882153 -0.02003009 -7.499067 -8.596768 0.1459222 0.1233074 0.1927058 16.41976 1.760995 0 0.0 0.027485532502554866 11.407910672700458 0.0 0.0
-0.00696261 -0.01829109 -3.876382 -2.893921 0.06289242 0.05266556 0.1872895 13.12613 1.861327 1 0.9669663 0.019571456547743196 4.837470016875041 0.0 0.0
0.02662454 -0.01882055 -2.627768 -6.042676 0.3600488 0.3309994 0.4254815 17.45143 nan 0 0.0 0.032604895836577975 6.58931695267423 0.0 0.0
-0.01595244 -0.02491625 -8.583065 -5.577093 0.6013666 0.5644352 0.2653915 16.94705 1.772212 0 0.0 0.029585466973095085 10.235866896598157 0.0 0.0
-0.01166149 -0.009155288 -5.971619 -4.297333 0.6015236 0.5224517 0.3693651 18.0393 1.557882 0 0.0 0.014825978800168439 7.357126096109131 0.0 0.0
-0.008851947 -0.02593397 -8.196387 -6.611212 0.2799035 0.2231322 0.2441538 16.7566 0.8737345 0 0.0 0.0274030612459942 10.530379098717813 0.0 0.0
0.006455916 -0.02141148 -3.546575 -8.418131 0.7013136 0.6433872 0.1454753 18.74746 1.508373 0 0.0 0.022363593789672 9.13472078192793 0.0 0.0
0.002540854 -0.03248538 -4.36389 0.9507454 1.058719 0.9179822 0.1552034 18.31043 nan 0 0.0 0.03258459532959886 4.4662571296020515 0.0 0.0
-0.02505251 -0.01702917 -0.3570951 -3.695464 0.6581276 0.6239895 -0.0441631 18.64082 nan 0 0.0 0.030292257891893763 3.7126770780314313 0.0 0.0
-0.00890709 -0.01191687 -4.645446 -7.541841 0.1636862 0.1407417 0.1937492 16.30819 1.524302 0 0.0 0.014877770090473906 8.857738662220568 0.0 0.0
0.02322275 -0.01822468 -5.678697 -8.171089 0.2367846 0.21695 0.4208018 17.29878 1.561351 0 0.0 0.029520079245572834 9.950592699117475 0.0 0.0
-0.01228245 -0.009876334 0.7325747 -3.49103 0.5722226 0.4971305 0.386702 18.15298 1.457708 0 0.0 0.015760728132991064 3.567065481874434 0.0 0.0
0.02802913 -0.01639094 -3.592913 -2.802561 0.3968803 0.3384216 0.03664596 16.94938 1.7061 0 0.0 0.03246990980339336 4.556684319139301 0.0 0.0
-0.01209109 -0.03099066 -5.690251 -9.211829 0.203323 0.1570446 0.3960901 15.93011 1.642656 0 0.0 0.03326583028610138 10.827592066948311 0.0 0.0
0.00205493 -0.03237093 -5.832125 -5.145039 0.4169584 0.3768288 0.375797 17.83864 nan 0 0.0 0.0324360886416627 7.77721726115106 0.0 0.0
-0.02402563 -0.02105154 -0.3656468 -5.607953 0.4976558 0.4113847 -0.126604 16.96002 1.808915 0 0.0 0.03194367282058373 5.619860712914444 0.0 0.0
-0.004910359 -0.02481983 -1.978382 -10.07536 0.2234892 0.1910646 0.7530751 15.81306 1.715878 0 0.0 0.025300900907631353 10.267758979812683 0.0 0.0
-0.008933247 -0.02218985 -3.086814 -5.493944 0.5675752 0.5167383 0.2062911 18.44636 1.062971 0 0.0 0.02392054232214456 6.301733201725696 0.0 0.0
0.02776044 -0.01124866 -2.140901 -6.625564 0.248805 0.2078801 -0.089151 16.43263 nan 0 0.0 0.02995286932481094 6.962869768270623 0.0 0.0
0.00429672 -0.003798913 -4.096591 -2.613514 0.1504147 0.1263102 0.1397237 15.97453 1.207999 0 0.0 0.005735289246408502 4.85927085574338 1.0 0.0
0.00272998 -0.0263113 -1.601277 -4.556162 0.9389641 0.8307003 0.4601052 18.4391 nan 0 0.0 0.02645254805288897 4.829358156212169 0.0 0.0
0.001164217 -0.01808869 -1.986797 0.7440031 0.9339452 0.8413129 0.8554543 18.32256 1.1819 0 0.0 0.018126116714265884 2.121533156002661 0.0 0.0
0.01037203 -0.00770748 -3.697121 -2.964852 0.07709384 0.06518564 0.2401104 14.26918 1.773808 1 0.9780114 0.012922238748425135 4.739098128393735 0.0 0.0
-0.007961291 -0.02235762 4.07632 -5.065338 0.3550171 0.309737 0.2048837 15.36923 1.955996 0 0.0 0.02373279011096422 6.50184849074815 0.0 0.0
0.0249504 -0.01962315 -4.159393 -10.77357 0.9205436 0.7841205 0.119446 18.72778 1.678459 0 0.0 0.031742565682101063 11.548608603349106 0.0 0.0
-0.01525186 -0.01520775 2.647041 -5.306198 0.5988481 0.4877692 0.1667007 17.81409 1.534569 0 0.0 0.021538219367489505 5.929802970663107 0.0 0.0
0.003863687 -0.03149741 -1.317742 -1.808973 0.6123536 0.5708139 0.5068684 17.0482 0.9699812 0 0.0 0.031733498293476395 2.2380409498695504 0.0 0.0
0.02535547 -0.01923795 6.007372 -2.768717 1.183928 0.9720557 0.005357377 19.01207 nan 0 0.0 0.03182763860426029 6.614704239228916 0.0 0.0
-0.01489893 -0.02929156 -0.6474781 -2.981962 0.372844 0.3068704 -0.1405794 17.80694 1.402689 0 0.0 0.03286295182083466 3.0514464208672596 0.0 0.0
-0.007071086 -0.01093636 -3.96229 -5.55948 0.3847316 0.37625 0.3267512 17.58621 1.709475 0 0.0 0.013023218775287313 6.826972968636978 0.0 0.0
0.00313535 -0.01213971 -4.008281 -2.552933 0.2736442 0.2371402 0.5453076 16.24946 1.528163 0 0.0 0.012538061194084195 4.752239837955361 0.0 0.0
-0.01641245 -0.01796976 -4.292294 -3.63148 0.8476664 0.6978547 0.1258209 17.12265 1.557053 0 0.0 0.02433681962500647 5.622404714429227 0.0 0.0
-0.009176542 -0.01853348 -0.2398138 -0.1881188 0.2656701 0.2339401 0.3587171 16.87592 1.545856 0 0.0 0.020680880155065064 0.3047939329840409 0.0 0.0
0.01685045 -0.02101968 -7.626382 -4.300593 0.07690821 0.06411845 0.1605189 14.74774 1.762106 1 0.0 0.026940018791843854 8.755387059495028 0.0 0.0
0.001380168 -0.02164971 -0.214147 -1.685232 0.8826402 0.8998646 0.8817808 17.48848 nan 0 0.0 0.021693658215993075 1.6987836329070871 0.0 0.0
0.00291886 -0.03011837 3.739173 -6.741506 0.7093951 0.59146 0.186607 18.53968 1.290115 0 0.0 0.03025947711307153 7.709041306930779 0.0 0.0
0.001488017 -0.03223359 -3.153391 -6.01242 0.2638082 0.2348033 0.3744326 17.3012 1.616766 0 0.0 0.03226791779586016 6.78918765798096 0.0 0.0
0.0006781674 -0.02758728 0.4199509 -8.795917 0.3422782 0.3143957 0.440624 17.6426 1.677326 0 0.0 0.027595614304103153 8.805936328937417 0.0 0.0
-0.02332664 -0.007177335 2.187558 -2.358296 1.003374 0.7869054 0.2851016 18.62704 nan 0 0.0 0.02440586551204085 3.21667064322414 0.0 0.0
0.0001382536 -0.005250321 -4.12803 -2.986847 0.1889885 0.1665632 0.4429998 16.52075 1.36729 0 0.0 0.005252140959737653 5.09528082467581 1.0 0.0
0.02773336 -0.01155955 1.316117 -4.674476 0.2471314 0.2043531 -0.1358381 15.84947 1.28755 0 0.0 0.030046005609599757 4.8562217651446895 0.0 0.0
0.004377799 -0.002065136 -3.528707 -2.566113 0.1734885 0.1441927 0.07318715 16.08198 1.429669 0 0.0 0.004840445308326187 4.363107725076015 1.0 0.0
0.002081988 -0.02911318 -3.170758 -9.886429 0.1750956 0.1412719 0.04284531 16.44886 1.886601 0 0.0 0.029187530278263422 10.382445986693357 0.0 0.0
0.007455274 -0.01545489 -1.077253 -8.172441 0.6282921 0.5499232 0.3301605 18.27052 nan 0 0.0 0.017159100656129272 8.243134472061582 0.0 0.0
-0.02057241 -0.007239722 1.626222 0.2545048 0.6250277 0.5420824 0.1935963 18.57573 1.207296 0 0.0 0.02180911799787841 1.6460166118563446 0.0 0.0
-0.01098601 -0.01342768 -2.068321 -10.60795 1.455579 1.282269 0.7194508 18.60074 nan 0 0.0 0.01734920764480326 10.807708127144302 0.0 0.0
0.003405634 -0.003358284 1.64959 -3.032868 0.3120971 0.2641841 0.2365211 16.19188 1.539223 0 0.0 0.004782929475396014 3.4524535440066386 0.0 0.0
0.001245098 -0.02837502 -2.55602 -2.394627 0.5776784 0.4971069 0.03168728 18.63228 nan 0 0.0 0.028402324359636556 3.5024957829423577 0.0 0.0
-0.00869089 -0.01432583 -5.051091 -2.787583 0.4088834 0.3716449 0.4906031 17.64973 0.9556856 0 0.0 0.016755923554999885 5.769240788194752 0.0 0.0
-0.008447819 -0.01518793 1.150031 -2.442754 0.3385706 0.2875549 0.2360995 18.07421 1.208363 0 0.0 0.01737926533377234 2.6999293334228214 0.0 0.0
-0.01414487 -0.01512558 0.9850005 -3.604075 0.7156511 0.7057065 0.8371813 17.74866 nan 0 0.0 0.020708947767892505 3.7362524795074075 0.0 0.0
-0.02210956 -0.01695415 -1.855499 -5.605067 1.000541 0.8049909 0.2910134 17.85808 1.289787 0 0.0 0.027861727254714485 5.904206349162434 0.0 0.0
-0.008231223 -0.02304238 2.043472 -6.380635 0.1751812 0.1449121 0.1283523 16.52235 1.705868 0 0.0 0.02446843493442376 6.699871701608099 0.0 0.0
0.01028877 -0.03146922 -8.14617 -4.631185 0.158553 0.1330253 0.176515 16.11551 1.518147 0 0.0 0.03310846712732711 9.370590172082279 0.0 0.0
-0.006773968 -0.01260527 -0.3759509 -4.427649 0.5795526 0.5205766 0.2667594 18.3033 nan 0 0.0 0.014310117897415242 4.443581297378479 0.0 0.0
-0.007448949 -0.01319087 -6.42762 -4.132113 1.195827 1.14285 0.1034413 18.22501 nan 0 0.0 0.015148791785535274 7.64124706505221 0.0 0.0
-0.004343212 -0.02966447 -5.244406 -7.566462 0.2922808 0.2504925 0.4083578 16.16068 1.566482 0 0.0 0.029980731659815175 9.206255562946316 0.0 0.0
0.007887629 -0.01058928 -9.357433 -9.564792 0.3936131 0.35921 0.8892278 16.2256 1.399179 0 0.0 0.013204072938303583 13.380836982519181 0.0 0.0
0.000300248 -0.01303803 -4.511338 -4.578222 0.141676 0.1195905 0.3565914 16.1209 1.758028 0 0.0 0.01304148669218368 6.427463514601075 0.0 0.0
-0.01614487 -0.00169622 -3.427931 -2.709409 0.2457483 0.2114271 0.2705805 16.96885 1.560327 0 0.0 0.01623372999668591 4.369394474070978 0.0 0.0
0.002109294 -0.01316202 -4.291492 -2.823797 0.7290551 0.6283632 0.4435775 18.39735 1.701086 0 0.0 0.01332996217769713 5.137191166705109 0.0 0.0
-0.02494444 -0.01733814 -1.595809 -3.434535 0.6351705 0.543699 0.1599915 18.10582 nan 0 0.0 0.03037821893352538 3.7871674151938413 0.0 0.0
-0.001481638 -0.02489984 -2.208796 -2.745936 0.5441055 0.5320696 0.8603766 17.32687 1.355417 0 0.0 0.024943882680702377 3.52405225354449 0.0 0.0
0.007049235 -0.0314537 2.475321 -2.246223 0.5999838 0.564495 0.4563643 17.3481 1.370337 0 0.0 0.032233941083510485 3.3425636596435977 0.0 0.0
-0.01484697 -0.01441233 -6.069817 -8.407106 0.6725983 0.6226636 0.8484046 16.38166 nan 0 0.0 0.020691732025371872 10.369286846679717 0.0 0.0
-0.01130987 -0.0148525 -2.479956 -2.352737 0.5498756 0.5205926 0.2580652 18.46037 1.404871 0 0.0 0.018668420277755157 3.4184138358462395 0.0 0.0
-0.02507959 -0.01669158 0.3675991 1.118699 0.3046287 0.276305 0.2137848 17.19638 1.489787 0 0.0 0.030126312045527577 1.1775468359780048 0.0 0.0
-0.01635814 -0.02003922 -1.585363 -6.238381 0.2360601 0.1898132 0.05369579 16.0664 1.59043 0 0.0 0.025868109371734147 6.4366740901594515 0.0 0.0
-0.01273947 -0.02697958 -3.313134 -1.845284 0.4168914 0.39708 0.1506099 17.36468 1.330359 0 0.0 0.029836082733115284 3.7923515056771833 0.0 0.0
-0.01460381 -0.01556433 -6.185978 -4.482177 0.5350165 0.4467623 0.270287 17.86318 nan 0 0.0 0.021342905961115044 7.63912524284116 0.0 0.0
-0.004694809 -0.01480242 -0.8936336 -5.778435 0.1699297 0.1462809 0.2682913 16.06203 nan 0 0.0 0.0155290975076751 5.847126820950095 0.0 0.0
0.006646133 -0.001332829 -5.359703 0.05674171 0.1627962 0.1429706 0.3293904 15.91139 nan 0 0.0 0.006778459780579214 5.360003346068239 1.0 0.0
0.02427488 -0.02205486 -2.491796 -8.014027 0.159312 0.1386541 0.2412506 15.26606 2.470885 0 0.0 0.03279766224342826 8.392477349528267 0.0 0.0
0.02373602 -0.01695259 -3.771295 -4.575772 0.1511272 0.1329332 0.337485 16.33678 1.756695 0 0.0 0.029168286770883546 5.929616798158967 0.0 0.0
0.01274679 -0.0198194 2.626028 -5.167408 0.5939858 0.5223471 0.4009268 18.09188 nan 0 0.0 0.023564576628153113 5.796389263606094 0.0 0.0
0.008724187 -0.01661084 -3.32228 -8.00891 0.6714417 0.5861782 0.2941328 18.67661 1.37565 0 0.0 0.018762501014432192 8.670650712979967 0.0 0.0
-0.006503851 -0.01443058 -7.041756 -3.679055 0.3626727 0.2978015 0.1043463 17.94854 1.251884 0 0.0 0.01582850962556491 7.94492122406264 0.0 0.0
-0.01006775 -0.0160521 1.031396 -1.207742 0.76148 0.719352 0.5255192 16.40887 1.613176 0 0.0 0.018948073898750237 1.5882123432904052 0.0 0.0
0.01488064 -0.01306002 -7.898859 -8.660323 0.1759345 0.1511522 0.194298 16.64317 0.976757 0 0.0 0.019798928486410572 11.721483181159712 0.0 0.0
-0.02375695 -0.01507957 -0.7932521 -3.880043 0.4160044 0.366026 0.08118144 18.09636 1.292051 0 0.0 0.02813869408283547 3.9603008188777036 0.0 0.0
-0.01257931 -0.01117909 -3.469757 -6.345528 0.3097004 0.2833467 0.5474806 17.54926 1.599852 0 0.0 0.016828876768940938 7.232215375514822 0.0 0.0
-0.01012252 -0.007793287 -3.312096 -10.78389 0.1722758 0.145059 0.3107596 16.79509 1.684422 0 0.0 0.012775004243238786 11.281057727239764 0.0 0.0
0.01252969 -0.02942859 3.064233 1.500289 0.7635723 0.6628154 0.2376144 18.67592 nan 0 0.0 0.031984918960100556 3.4118017178332622 0.0 0.0
