jas1101finalproject/data/gcs/NGC_6934.ecsv
# %ECSV 0.9
# ---
# datatype:
# - {name: x, unit: deg, datatype: float64}
# - {name: y, unit: deg, datatype: float64}
# - {name: pmx, unit: mas / yr, datatype: float64}
# - {name: pmy, unit: mas / yr, datatype: float64}
# - {name: pmx_e, unit: mas / yr, datatype: float64}
# - {name: pmy_e, unit: mas / yr, datatype: float64}
# - {name: pm_corr, datatype: float64}
# - {name: g_mag, unit: mag, datatype: float64}
# - {name: bp_rp, unit: mag, datatype: float64}
# - {name: filter, datatype: int64}
# - {name: memberprob, datatype: float64}
# - {name: r, unit: deg, datatype: float64}
# - {name: pm, unit: mas / yr, datatype: float64}
# - {name: member_prob_GMM, datatype: float64}
# - {name: member_prob_DB, datatype: float64}
# meta: !!omap
# - comments: [deg deg mas/yr mas/yr mas/yr mas/yr dimless mag   mag   zeroone float]
# - __serialized_columns__:
#     bp_rp:
#       __class__: astropy.units.quantity.Quantity
#       unit: &id001 !astropy.units.Unit {unit: mag}
#       value: !astropy.table.SerializedColumn {name: bp_rp}
#     g_mag:
#       __class__: astropy.units.quantity.Quantity
#       unit: *id001
#       value: !astropy.table.SerializedColumn {name: g_mag}
#     pm:
#       __class__: astropy.units.quantity.Quantity
#       unit: !astropy.units.Unit {unit: mas / yr}
#       value: !astropy.table.SerializedColumn {name: pm}
#     pmx:
#       __class__: astropy.units.quantity.Quantity
#       unit: !astropy.units.Unit {unit: mas / yr}
#       value: !astropy.table.SerializedColumn {name: pmx}
#     pmx_e:
#       __class__: astropy.units.quantity.Quantity
#       unit: !astropy.units.Unit {unit: mas / yr}
#       value: !astropy.table.SerializedColumn {name: pmx_e}
#     pmy:
#       __class__: astropy.units.quantity.Quantity
#       unit: !astropy.units.Unit {unit: mas / yr}
#       value: !astropy.table.SerializedColumn {name: pmy}
#     pmy_e:
#       __class__: astropy.units.quantity.Quantity
#       unit: !astropy.units.Unit {unit: mas / yr}
#       value: !astropy.table.SerializedColumn {name: pmy_e}
#     r:
#       __class__: astropy.units.quantity.Quantity
#       unit: &id002 !astropy.units.Unit {unit: deg}
#       value: !astropy.table.SerializedColumn {name: r}
#     x:
#       __class__: astropy.units.quantity.Quantity
#       unit: *id002
#       value: !astropy.table.SerializedColumn {name: x}
#     y:
#       __class__: astropy.units.quantity.Quantity
#       unit: *id002
#       value: !astropy.table.SerializedColumn {name: y}
# schema: astropy-2.0
x y pmx pmy pmx_e pmy_e pm_corr g_mag bp_rp filter memberprob r pm member_prob_GMM member_prob_DB
[from data line 672]
0.03867344 -0.001226669 -2.395078 -4.922323 0.5880238 0.4644551 0.3042507 19.47607 0.8155746 1 0.9820903 0.03869288924685208 5.474090092646722 1.0 1.0
-0.02853861 0.03689187 -1.630292 -5.571116 1.820842 1.969531 0.6389675 20.6601 -0.06908417 0 0.0 0.04664185173027546 5.804755420404894 1.0 0.0
-0.04345849 0.02245971 -2.742115 -3.998538 0.3410759 0.2661452 0.3119114 18.62046 1.026924 1 0.9019488 0.0489191059440399 4.848453445240967 1.0 0.0
-0.01065544 0.003254986 -4.297192 -7.810109 3.077356 2.399145 0.184092 20.63375 nan 0 0.0 0.011141514055719537 8.914239265172604 0.0 0.0
0.08312539 0.02330082 2.948681 2.607078 3.805557 2.936412 0.1634623 20.87763 0.6073704 0 0.0 0.08632936160614475 3.9359338584184824 0.0 0.0
0.03089997 -0.06094731 -2.673816 -5.215773 1.265223 0.9325116 0.2676533 20.38897 0.6829109 0 0.0 0.06833288185227519 5.861192710480095 0.0 0.0
0.02505355 0.02440139 -2.876219 -5.369961 2.051772 1.473774 0.1840484 20.60655 0.6341877 0 0.0 0.034972963865457556 6.091725279219508 1.0 0.0
0.001843105 0.009311647 -3.170643 -5.168692 0.3198729 0.2623035 0.179337 17.93236 nan 0 0.0 0.009492302454812213 6.063691451938579 1.0 0.0
-0.003150428 -0.02257778 -6.42821 -5.095377 0.9594275 0.7211754 0.2156868 18.85465 0.810936 0 0.0 0.022796520486942386 8.202728239813203 0.0 0.0
-0.01849137 0.05424153 -6.251299 -11.09518 1.67249 1.788429 0.4089045 20.63044 1.420681 0 0.0 0.05730684375550446 12.735060204796874 0.0 0.0
-0.03995703 -0.07591592 12.22664 -1.719719 2.974823 2.738605 0.4096624 20.8013 0.9013996 0 0.0 0.08578922517348725 12.346989881285277 0.0 0.0
0.02629954 -0.0642416 -1.158125 -3.291059 1.105197 0.8515872 0.1861567 20.10987 0.9465103 1 0.6935804 0.06941648921381431 3.488885618231988 0.0 0.0
-0.03123534 -0.01299846 -3.341354 -6.460227 2.172688 2.431455 0.4486681 20.65864 0.924757 0 0.0 0.03383203256216215 7.27318220896775 1.0 0.0
0.01609662 0.0122092 -3.87625 -6.51729 1.72951 1.815753 0.3002722 20.64354 0.5716038 0 0.0 0.020203112138093973 7.582900698716818 1.0 0.0
0.002387851 0.005196068 -2.230086 -4.79228 0.444037 0.3320048 0.2398638 16.28411 nan 0 0.0 0.005718474889236202 5.285757388094539 1.0 0.0
-0.04079716 0.004210896 -1.353537 -3.929115 1.717975 1.383125 0.2459354 20.63552 0.6408863 0 0.0 0.04101389897569379 4.155719804509683 1.0 0.0
-0.04993561 0.01233714 -3.725509 -4.469581 1.306917 1.123869 0.3716635 20.19873 0.6617031 0 0.0 0.05143705055163738 5.818640015041487 1.0 0.0
0.01328239 0.006622481 -6.683287 -7.780017 1.153317 0.9034725 0.1521608 19.97581 nan 0 0.0 0.014841803755186261 10.256460873257305 0.0 0.0
0.08364218 0.01097516 -4.754643 -3.837508 1.204385 0.8581659 0.06127991 20.19878 0.7251968 1 0.5975146 0.08435916317850717 6.110081644913839 0.0 0.0
-0.003029204 0.00151918 11.11988 -8.024692 1.932316 1.139027 0.07927871 18.88803 nan 0 0.0 0.003388802848502108 13.713038062707476 0.0 0.0
0.02160401 0.01913883 -3.995907 -6.943968 2.032734 1.379398 0.3551402 20.6347 0.5504799 0 0.0 0.028862225517949928 8.011614340298276 0.0 0.0
0.02187658 0.01470283 -4.58333 -1.642644 2.924538 2.815527 0.1766081 20.74507 0.6542778 0 0.0 0.026358261750451223 4.868797921421262 1.0 0.0
0.04593726 -0.007630372 -9.058969 2.164394 3.434237 3.004699 0.413787 20.5915 0.9048386 0 0.0 0.04656666654556652 9.313942276511971 0.0 0.0
-0.009747632 -0.0004567354 -1.572234 -4.382957 0.2438381 0.1668012 0.1133197 16.82777 0.6792011 0 0.0 0.009758326538553483 4.656418346176061 1.0 0.0
0.03667414 0.02186257 -6.207053 -10.71507 3.125416 2.844495 0.3511215 20.9323 0.5481834 0 0.0 0.042696188492001255 12.38306230500796 0.0 0.0
-0.06598675 -0.06922516 -4.365319 -6.9088 0.6004108 0.4382092 0.3519951 19.11578 1.79565 0 0.0 0.09563667681694141 8.172363636779815 0.0 0.0
-0.0189181 -0.01768027 -2.695445 -4.624687 0.03320908 0.02514714 0.262917 13.42088 1.730447 1 0.999747 0.025893753201938496 5.352864055437426 1.0 1.0
-0.03011416 0.007630867 -3.605565 -4.575389 1.017225 0.8619012 0.1918115 20.05358 0.4813519 0 0.0 0.031065942182352833 5.82531402334209 1.0 0.0
-0.003634451 0.003104669 -0.7326456 -3.340281 0.3285841 0.2560209 0.2878085 18.10219 nan 0 0.0 0.004779979463445633 3.4196851805627313 0.0 0.0
0.05900518 0.03681145 1.334441 -4.471044 3.96196 3.143491 0.2723817 20.95565 1.374588 0 0.0 0.06954634510838725 4.665936908319378 0.0 0.0
0.05540654 0.01805746 3.103577 -4.183424 0.4337827 0.4372717 0.4607242 18.84768 1.117535 1 0.0 0.05827483621961713 5.208956379036495 1.0 0.0
0.006564426 -0.01613043 -1.003386 -4.085463 1.190889 0.9614514 0.2995741 20.14141 0.5441284 0 0.0 0.017415006766991967 4.206874301588414 1.0 0.0
0.0211804 0.01787472 -3.275249 -5.306213 0.3853019 0.3046742 0.2280848 18.74373 1.052456 1 0.9512331 0.027714886960592135 6.235635686389159 1.0 0.0
0.01412977 0.005999282 0.9040928 -2.576113 0.9162405 0.6932771 0.03376796 19.65317 nan 0 0.0 0.015350628155499826 2.730154204395942 1.0 0.0
-0.03628231 0.07308341 -3.132557 -5.005986 0.781157 0.6170588 0.2657089 19.80711 0.8829689 1 0.9096579 0.0815940612799988 5.905320413867904 0.0 0.0
0.002176024 0.00284669 -2.272754 -5.677834 0.4070595 0.5041116 0.2417058 16.64603 nan 0 0.0 0.0035831165770423934 6.115816354017835 1.0 0.0
0.008168233 -0.00554605 1.01572 -2.989816 1.218888 0.9423597 0.3354697 19.01027 0.6303978 0 0.0 0.009873130250573474 3.1576394398753003 0.0 0.0
-0.04566886 0.01017661 0.8623024 -1.821041 2.013867 2.619788 0.6557478 20.58958 0.3836288 0 0.0 0.04678897482090947 2.014883558106215 0.0 0.0
0.0006628802 0.001743761 -8.361572 -17.4431 1.618974 1.353461 0.3086225 18.11408 nan 0 0.0 0.0018655059862335043 19.34367141783545 0.0 0.0
0.00723007 -0.005823109 -2.165189 -3.175207 2.308421 1.801744 0.5485108 19.68482 nan 0 0.0 0.009283453593936957 3.8431735452058366 1.0 0.0
0.06591971 -0.06452785 -5.802299 1.699759 2.519281 2.674781 0.692661 20.81697 0.9373627 0 0.0 0.09224560473055939 6.046143758089283 0.0 0.0
-0.01936873 0.0580019 -0.1740305 -4.458167 1.746357 1.901914 0.5669333 20.69496 0.5902653 0 0.0 0.06115037289684259 4.461562463399931 0.0 0.0
0.002599792 -0.01199963 -1.21034 -3.832137 1.129012 0.797093 0.2883962 19.9133 nan 0 0.0 0.012278030728914308 4.0187307576359235 1.0 0.0
0.02708455 -0.03244892 -2.591394 -4.694218 0.1081272 0.08450608 0.2981441 16.65497 1.153333 1 0.9992408 0.04226707060903204 5.361996409431845 1.0 1.0
0.04064636 -0.06464725 -3.227249 -5.556571 0.4935254 0.3591736 0.2493674 19.14916 0.9209385 1 0.7218047 0.07636356142697968 6.425777570538993 0.0 0.0
-0.04098476 -0.06079772 -5.320844 -7.482998 0.8300343 0.5589849 0.2310698 19.6989 1.044525 0 0.0 0.073321983807423 9.18186473110664 0.0 0.0
0.03186511 -0.0135196 -3.11084 -4.380161 1.079616 0.7991794 0.4088331 19.87692 0.568327 0 0.0 0.034614517466983415 5.37244226507098 1.0 0.0
0.03028975 0.01024013 -1.015712 -2.987117 3.03895 3.053872 0.1699837 20.69612 0.5771065 0 0.0 0.031973883365637654 3.15508143137907 0.0 0.0
0.006412975 -0.007123934 -1.650372 -4.730212 1.28887 0.9456752 0.2019741 19.80301 nan 0 0.0 0.009585232599524176 5.0098536209482205 1.0 0.0
-0.05172504 -0.02145944 -0.9975901 -5.651179 0.4276102 0.312482 0.2969907 18.85373 0.9479618 1 6.675155e-05 0.05599988685805713 5.738554704597579 1.0 0.0
-0.02938695 0.02122974 0.1623597 -3.239188 0.9862616 0.8347221 0.5957845 19.85858 0.5935192 0 0.0 0.036253202489850464 3.2432544722127634 0.0 0.0
-0.004603129 -0.02233506 -3.86783 -4.233252 1.025835 0.8132881 0.2815657 20.0637 nan 0 0.0 0.022804466707078263 5.734154811687945 1.0 0.0
0.06387711 0.03695661 -4.636242 -5.37924 0.9791492 0.7262549 0.1160686 20.01254 0.8888168 0 0.0 0.07379753522065761 7.101476104315497 0.0 0.0
-0.07045512 0.001610153 -2.001155 -4.475846 0.3500111 0.2622898 0.2544487 18.54637 1.056408 1 0.9556047 0.07047351649306148 4.9028378261717975 0.0 0.0
-0.009172516 0.005170884 -1.754311 -6.802256 1.391621 1.140472 0.4359373 19.86485 nan 0 0.0 0.010529629201055088 7.024834074500052 1.0 0.0
0.02224028 0.003675035 -1.453457 -3.576182 1.19402 1.048969 0.08331619 20.20996 0.1247864 0 0.0 0.022541870746005645 3.860260994799834 1.0 0.0
0.010287 -0.01962176 -2.342663 -5.638009 0.6323741 0.5000913 0.2806711 19.43598 1.117897 0 0.0 0.02215481515376736 6.10534318573903 1.0 0.0
0.004294436 0.001848209 -1.816965 -5.697911 0.3651046 0.2728716 0.3241292 15.86493 nan 0 0.0 0.00467526010675096 5.980597927895337 1.0 0.0
-0.02421159 0.03255049 -3.750276 -5.138004 1.160554 0.8784198 0.2553503 20.28037 0.6671543 0 0.0 0.0405676655671509 6.361104871026101 1.0 0.0
-0.01616289 0.01371553 -1.835317 -4.328954 3.340928 1.911677 0.3211136 20.83405 0.1297779 0 0.0 0.021197989912560104 4.701939091970993 1.0 0.0
0.01252508 0.03304639 -1.832533 -2.278341 1.677382 1.140882 0.2903719 20.42132 0.7768078 0 0.0 0.03534036673604987 2.9238698514759514 0.0 0.0
0.002630053 -0.01153948 -2.44512 -3.97804 0.2147718 0.1603133 0.2168309 17.51185 0.2492428 0 0.0 0.01183540356106242 4.6694126028870055 1.0 0.0
-0.04797626 -0.05866793 -3.378765 -4.770829 0.5115425 0.3835337 0.2602819 19.10366 0.842123 1 0.9401902 0.07578685594529239 5.846098038218825 0.0 0.0
-0.000910799 -0.0004306161 6.436059 -6.492965 1.139596 0.5153217 -0.6509774 16.51413 nan 0 0.0 0.001007464661405158 9.142289097523989 0.0 0.0
-0.04699531 0.05770786 0.2611668 -12.49032 1.767758 1.780741 0.3662191 20.62893 1.327221 0 0.0 0.07442282088026293 12.493050139970713 0.0 0.0
-0.002938564 -0.02085736 -2.491982 -4.88994 1.052818 0.8099323 0.2398472 20.0116 0.3587151 0 0.0 0.021063347895139934 5.488304609979662 1.0 1.0
0.02941271 0.001610273 -3.056591 -4.816494 1.242055 1.09107 0.01484363 20.23943 0.4504833 0 0.0 0.02945675624841658 5.7045037464548125 1.0 1.0
0.01203981 0.07284366 -2.538483 -4.542643 0.1361163 0.1043925 0.2268377 17.05187 1.143637 1 0.9962034 0.07383194313460605 5.203796822199921 0.0 0.0
0.0615612 -0.06460573 0.3025138 -3.710129 0.2215347 0.1711764 0.2511325 18.00226 1.003323 1 0.0 0.08923946265118868 3.722441644382278 0.0 0.0
0.01882021 0.01242388 -3.027651 -3.625184 0.8968782 0.7390994 0.219496 20.01787 0.6524467 0 0.0 0.0225511218944535 4.7232012038083875 1.0 0.0
-0.05443902 0.05798862 -3.006396 -5.005421 0.5797353 0.464971 0.3394888 19.39808 0.7850533 0 0.0 0.07953795916456996 5.83889170100431 0.0 0.0
-0.05985328 0.07343312 -0.9684909 -3.716493 0.4578885 0.4106218 0.3760817 19.03732 0.9236565 1 0.06247211 0.09473562286538681 3.840611258957591 0.0 0.0
0.03152487 0.08854924 1.993514 -1.155891 3.481432 3.32827 0.1150548 20.92867 0.819746 0 0.0 0.09399353878376163 2.304383230297643 0.0 0.0
0.09265963 0.01437919 -2.67186 -5.050317 1.064667 0.8401672 0.1545012 20.13586 0.5595589 1 0.8136701 0.09376869486557335 5.713539853723697 0.0 0.0
-0.03559172 0.007160637 -3.353061 -5.63695 0.8498508 0.7420197 0.3979904 19.92699 0.4980602 0 0.0 0.03630489298709155 6.558827896219034 1.0 0.0
0.0205762 -0.004225761 -2.458537 -5.235774 0.46067 0.5176849 0.4402107 18.79668 0.9024963 0 0.0 0.021005643586168004 5.784266034636115 1.0 1.0
-0.05649746 0.05157876 -0.0920208 -4.863854 0.8787792 0.7231305 0.3972302 19.98984 0.8215714 1 0.1334465 0.076500532479122 4.864724407502304 0.0 0.0
0.006503614 0.003163829 -2.552455 -5.259465 0.243436 0.1763466 0.26166 16.80152 0.6608114 0 0.0 0.007232344640725924 5.846109699043458 1.0 0.0
0.03640308 0.006206552 -2.6586 -4.652997 0.04264007 0.03130073 0.1507046 14.42736 1.410085 1 0.9997862 0.036928383679970395 5.358967721680082 1.0 1.0
0.00402211 -0.002562538 1.855463 -1.601813 1.016005 0.7943666 0.2773245 16.49339 0.827116 0 0.0 0.004769063834081486 2.451233940556878 0.0 0.0
-0.006842691 -0.0210738 0.4417871 -7.001753 2.413556 1.70161 0.1326843 20.35911 nan 0 0.0 0.022156883051581984 7.015676796627351 1.0 0.0
0.0003602525 -0.0007806154 -4.204019 -5.228914 0.3934753 0.2747455 0.00194045 16.61895 nan 0 0.0 0.0008597338346682711 6.709345524844952 0.0 0.0
-0.01407531 -0.002088832 -4.89826 -4.722438 1.453125 1.409023 0.04125572 20.14893 nan 0 0.0 0.014229461364377924 6.803996743932496 1.0 0.0
0.07413516 0.03856945 1.408267 -1.043026 1.21183 1.005455 0.3427376 20.36831 0.763319 1 0.006282953 0.08356808255265942 1.7524608925636542 0.0 0.0
0.02411701 -0.004103511 -1.916217 -4.434703 1.912128 1.978861 0.475196 20.59749 nan 0 0.0 0.02446362552581324 4.830991439580285 1.0 0.0
-0.03752744 0.01990475 -2.849956 -4.643174 0.1151753 0.08058003 0.2666203 16.77906 0.6243935 1 0.9975552 0.04247949888494566 5.448055983211994 1.0 1.0
-0.002060777 0.00409791 -24.08563 -28.43748 1.160575 1.058215 0.6837984 18.1898 nan 0 0.0 0.004586901809699985 37.266712240916824 0.0 0.0
0.01358508 0.004830537 3.748822 -5.442707 1.749993 1.303875 0.03671451 20.39284 nan 0 0.0 0.01441833854210564 6.608836953317354 1.0 0.0
0.06285029 0.02268139 -3.896297 -5.68354 1.290228 1.028189 0.2536542 20.45144 0.8119564 1 0.8124479 0.06681769530159058 6.8908459019055845 0.0 0.0
0.00586882 -0.05159901 5.913017 -6.943172 1.44128 1.149453 0.3218213 20.35539 1.502941 0 0.0 0.05193169437994971 9.119835934043605 0.0 0.0
-0.09384502 0.01737303 -3.389241 -6.664899 1.261689 1.045596 0.3242115 20.39411 0.6971092 1 0.4444509 0.09543956176649859 7.477154086701838 0.0 0.0
-0.012592 0.01219669 -5.237237 -4.260097 1.57936 1.239939 0.3945098 20.33915 nan 0 0.0 0.017530479484489294 6.751079753904409 1.0 0.0
-0.002363213 0.03978059 0.5577592 -2.160156 2.429205 2.830531 0.658577 20.76771 0.5772839 0 0.0 0.039850722909772526 2.2310018533207545 0.0 0.0
-0.03377605 0.006144354 -2.607548 -4.189133 0.7285802 0.5600342 0.3051903 19.59504 0.4689941 0 0.0 0.0343303748840559 4.934383635672544 1.0 0.0
0.01524701 0.07725069 -6.635722 -2.113371 0.4090499 0.3275934 0.2813888 18.93605 1.192749 1 0.0 0.07874097039925403 6.964132641250093 0.0 0.0
0.01355469 0.008725818 -1.119114 -3.884502 1.209399 0.9649957 0.1279989 19.80554 nan 0 0.0 0.01612046899954291 4.0424957554708705 1.0 0.0
0.03607164 -0.01144265 -9.313911 -10.62255 1.920692 2.613852 0.6778792 20.39444 1.018387 0 0.0 0.03784306345041453 14.127544252927365 0.0 0.0
0.008227578 0.05757812 -2.569428 -4.16127 1.057461 0.8927395 0.3324692 20.17225 0.7544022 0 0.0 0.05816298601757379 4.890616347668666 1.0 0.0
0.02892831 0.004538975 -4.860023 -4.873764 1.021986 0.8174738 0.2326333 20.06478 0.7679482 0 0.0 0.02928223716703908 6.882833652517326 1.0 0.0
-0.005570709 0.04779958 0.1328183 -11.20497 1.132536 0.9029981 0.1946345 20.20218 1.314806 0 0.0 0.04812309889168694 11.205757154325399 0.0 0.0
0.04045985 -0.0108858 -1.809341 -5.105997 1.042217 1.181099 0.5866328 20.00309 0.6943626 0 0.0 0.041898688567334655 5.417095182686936 1.0 0.0
-0.00778062 -0.005642855 0.3457212 -4.101001 1.036151 0.812692 0.2048857 19.41991 nan 0 0.0 0.009611444227348198 4.115547636722291 1.0 0.0
0.004506118 0.0173931 -1.526617 -6.8008 3.083252 1.881324 -0.1764871 20.66055 0.6310349 0 0.0 0.017967332218221048 6.970038744848482 1.0 0.0
0.05479744 0.04901746 -6.811375 -9.917933 4.106048 3.582221 -0.07888613 20.94758 0.4569798 0 0.0 0.07352190704412666 12.031634318874305 0.0 0.0
0.04424147 0.00260381 -6.716749 -9.333772 0.4971286 0.3837228 0.217865 19.19647 1.101414 1 0.0 0.044318026741688304 11.49930506061062 0.0 0.0
0.01407079 -0.04273967 -0.3395277 -3.996165 0.2681305 0.2035287 0.2820722 18.26037 0.867197 1 0.0 0.04499629454669573 4.0105627742615235 1.0 0.0
-0.001879177 0.009376497 3.581291 -8.263152 1.050354 0.822218 0.2220356 19.14738 0.7861214 0 0.0 0.00956294945026575 9.00584955469416 0.0 0.0
0.04657833 -0.0602097 2.333421 -6.610604 0.4747394 0.3558565 0.2389251 19.13905 2.015242 1 0.0 0.07612324743256096 7.010345127599425 0.0 0.0
0.01298045 -0.01656564 -2.854427 -4.319427 0.8025961 0.7225543 0.5905636 19.54317 0.7822018 0 0.0 0.0210454867088433 5.177374151696784 1.0 1.0
-3.316696e-05 0.01848551 -1.97955 -2.213546 2.829321 2.650212 0.3354222 20.76475 nan 0 0.0 0.018485539754287288 2.969579784517668 1.0 0.0
-0.03752888 0.003013744 -5.788684 -3.158145 0.8510594 0.6361832 0.2485521 19.31666 0.7371387 0 0.0 0.0376496943805914 6.594144545949914 1.0 0.0
