jas1101finalproject/data/gcs/NGC_6715_M_54.ecsv
# %ECSV 0.9
# ---
# datatype:
# - {name: x, unit: deg, datatype: float64}
# - {name: y, unit: deg, datatype: float64}
# - {name: pmx, unit: mas / yr, datatype: float64}
# - {name: pmy, unit: mas / yr, datatype: float64}
# - {name: pmx_e, unit: mas / yr, datatype: float64}
# - {name: pmy_e, unit: mas / yr, datatype: float64}
# - {name: pm_corr, datatype: float64}
# - {name: g_mag, unit: mag, datatype: float64}
# - {name: bp_rp, unit: mag, datatype: float64}
# - {name: filter, datatype: int64}
# - {name: memberprob, datatype: float64}
# - {name: r, unit: deg, datatype: float64}
# - {name: pm, unit: mas / yr, datatype: float64}
# - {name: member_prob_GMM, datatype: float64}
# meta: !!omap
# - comments: [deg deg mas/yr mas/yr mas/yr mas/yr dimless mag   mag   zeroone float]
# - __serialized_columns__:
#     bp_rp:
#       __class__: astropy.units.quantity.Quantity
#       unit: &id001 !astropy.units.Unit {unit: mag}
#       value: !astropy.table.SerializedColumn {name: bp_rp}
#     g_mag:
#       __class__: astropy.units.quantity.Quantity
#       unit: *id001
#       value: !astropy.table.SerializedColumn {name: g_mag}
#     pm:
#       __class__: astropy.units.quantity.Quantity
#       unit: !astropy.units.Unit {unit: mas / yr}
#       value: !astropy.table.SerializedColumn {name: pm}
#     pmx:
#       __class__: astropy.units.quantity.Quantity
#       unit: !astropy.units.Unit {unit: mas / yr}
#       value: !astropy.table.SerializedColumn {name: pmx}
#     pmx_e:
#       __class__: astropy.units.quantity.Quantity
#       unit: !astropy.units.Unit {unit: mas / yr}
#       value: !astropy.table.SerializedColumn {name: pmx_e}
#     pmy:
#       __class__: astropy.units.quantity.Quantity
#       unit: !astropy.units.Unit {unit: mas / yr}
#       value: !astropy.table.SerializedColumn {name: pmy}
#     pmy_e:
#       __class__: astropy.units.quantity.Quantity
#       unit: !astropy.units.Unit {unit: mas / yr}
#       value: !astropy.table.SerializedColumn {name: pmy_e}
#     r:
#       __class__: astropy.units.quantity.Quantity
#       unit: &id002 !astropy.units.Unit {unit: deg}
#       value: !astropy.table.SerializedColumn {name: r}
#     x:
#       __class__: astropy.units.quantity.Quantity
#       unit: *id002
#       value: !astropy.table.SerializedColumn {name: x}
#     y:
#       __class__: astropy.units.quantity.Quantity
#       unit: *id002
#       value: !astropy.table.SerializedColumn {name: y}
# schema: astropy-2.0
x y pmx pmy pmx_e pmy_e pm_corr g_mag bp_rp filter memberprob r pm member_prob_GMM
[from data line 2759]
-0.05181339 -0.04597526 -2.636528 -1.403163 0.07345056 0.06343543 0.309914 15.22795 1.79413 1 0.9991092 0.06927013725523935 2.986661396836441 0.0
-0.05033381 -0.060333 -2.951383 -3.059341 1.132863 0.8957849 0.1658623 19.7546 1.032679 1 0.7103279 0.0785720263078158 4.250909192980956 0.0
-0.003050811 0.01189218 -3.570895 -1.366442 0.5927632 0.5235259 0.0681066 17.51165 nan 0 0.0 0.012277271395148068 3.8234087984923875 0.0
0.005991999 -0.08006121 0.5490288 -14.40608 0.5209847 0.5269215 0.4586613 18.86627 0.7801704 1 0.0 0.08028512563781724 14.416538197141136 0.0
0.001577117 -0.08219536 -3.462854 -0.5004433 1.250411 1.23344 0.4250874 20.02058 1.549938 0 0.0 0.08221048901181216 3.498828564224159 0.0
-0.02205228 -0.05917426 -1.715255 -4.341126 0.9910311 0.9605917 0.4832073 19.79489 1.651279 0 0.0 0.0631497909715147 4.667705503017623 0.0
-0.01779097 0.06711214 -2.154934 -3.716782 0.3231591 0.2893693 0.3425845 17.97428 0.9988441 1 0.0 0.06943023800132404 4.2963017794237865 0.0
-0.0612773 -0.003908462 1.898198 0.4849388 2.328031 2.07832 0.696719 20.17879 1.325792 0 0.0 0.0614018205796493 1.9591634150701773 0.0
-0.01887259 -0.05542756 -3.207773 -1.478523 0.4238738 0.4144571 0.4294122 18.55282 1.250977 1 0.9856999 0.0585524470954178 3.5321152134461866 0.0
0.04599429 -0.06765507 -3.30299 -7.681158 1.308518 1.22265 0.4269967 20.02799 1.153811 0 0.0 0.08180882109717141 8.361215890112154 0.0
-0.01238148 -0.04430286 4.096086 -4.97236 0.2244604 0.2197942 0.3599741 17.50878 0.9304829 1 0.0 0.04600048316235385 6.442226671656004 0.0
0.008959909 -0.09739731 -1.795809 -4.370326 1.987717 1.757039 0.4889354 20.18888 0.7493515 0 0.0 0.09780856795048368 4.724899926004466 0.0
0.08056198 -0.02801042 -1.858314 -0.2875136 0.5713024 0.5484201 0.3838569 19.01107 1.599224 0 0.0 0.08529253337834913 1.8804241523605678 0.0
0.005468955 -0.03506303 -1.362776 -6.816922 0.9246335 0.8728816 0.4375734 19.63226 1.188675 0 0.0 0.035486977070087626 6.951804368670051 0.0
0.07164113 -0.03825354 0.4896654 -3.019185 0.799537 0.8694545 0.5873326 19.05924 1.135544 0 0.0 0.08121443732618296 3.058635360447884 0.0
-0.05321568 0.06683411 -2.894523 -1.002107 0.2911151 0.2596485 0.1252354 18.01045 1.324213 1 0.9861322 0.08543246957307567 3.0630837136745055 0.0
0.02774699 -0.001636736 -2.559794 -6.32348 0.9610161 0.9176934 0.4475372 19.56095 1.387381 0 0.0 0.027795221869842953 6.82194580987243 0.0
-0.03409689 -0.04121624 -3.937023 -1.67277 1.125076 0.9307201 0.1550602 19.73223 1.163666 0 0.0 0.05349183439937071 4.2776523439182155 0.0
0.0103068 -0.03231112 2.305294 -4.933849 1.014449 0.9603576 0.3956026 19.744 1.098545 0 0.0 0.03391516772617231 5.445846709303981 0.0
0.01739069 0.03156116 -0.5285458 -1.440616 1.110065 0.9750732 0.02993557 19.46498 0.1593113 0 0.0 0.03603530101472305 1.5345146210296075 0.0
-0.06445615 -0.009029839 -1.034697 -7.569292 3.593873 2.406981 0.2879713 20.37716 nan 0 0.0 0.06508558415800246 7.63968450023121 0.0
-0.0006569722 -0.01774416 -3.286737 0.6627063 0.7352421 0.6150059 0.02971903 18.88185 nan 0 0.0 0.017756317934109336 3.352882304410444 1.0
0.008129025 0.02092318 -5.902469 -2.303364 2.454091 2.379696 0.2435177 20.06854 0.8809013 0 0.0 0.02244683738888454 6.33597869412903 0.0
-0.0333874 -0.0402833 -16.13522 -17.78972 1.128378 0.9152794 -0.01208215 18.65433 1.041183 0 0.0 0.05232076774713842 24.01706605992497 0.0
0.07850644 -0.03381471 -4.109688 -2.913672 2.163623 1.944282 0.2908188 20.35272 1.008982 0 0.0 0.08547921229081196 5.037759420707583 0.0
-0.04562765 0.04910916 -2.811894 -1.355728 0.1100502 0.0978897 0.1969191 14.97745 2.519083 1 0.9988061 0.06703426019900645 3.1216576169112464 0.0
-0.02801006 0.001516036 -2.19374 -0.8652753 0.6447332 0.5573954 0.2982488 19.03027 0.956213 0 0.0 0.028051057490884296 2.3582189322431644 0.0
-0.03294064 -0.03979296 -1.887429 -4.218936 1.862236 2.060014 0.5575494 19.81053 1.239315 0 0.0 0.051658159366853175 4.6218837287557335 0.0
0.03267641 -0.04625687 -3.921462 -0.7007977 1.133017 1.175264 0.4226527 19.71142 nan 0 0.0 0.05663431638754899 3.983589039267139 0.0
0.01288378 -0.02934741 -1.94847 -1.655163 0.4130041 0.3977245 0.3172935 18.337 0.3337917 0 0.0 0.03205093229215805 2.5565797264057695 1.0
-0.01770151 0.009281365 -2.843718 -0.3451722 0.4648359 0.4778091 0.5827696 17.88906 0.712347 0 0.0 0.019987175702017655 2.864590007518849 1.0
-0.003997361 0.002534693 -2.80848 -1.959775 0.07496199 0.06608013 0.1415347 14.45083 1.484282 0 0.0 0.004733240282150273 3.4246573494329327 0.0
-0.06477067 0.06856662 -0.1791241 -4.370388 0.3832192 0.3645843 0.3183008 18.46237 1.034918 1 0.0 0.0943219013298253 4.374057237136342 0.0
-0.005731745 -0.02284267 -3.07409 -1.647037 0.5102568 0.498273 0.3925553 18.66073 0.9569798 0 0.0 0.023550806217068766 3.487514904264783 1.0
-0.04584659 -0.04471532 -6.277401 -3.508755 0.2157248 0.1868863 0.3227153 17.51476 1.039291 1 0.0 0.06404193670814852 7.191461949063347 0.0
0.02472571 -0.09225783 -5.067041 0.7265595 0.5224127 0.4853328 0.3536657 18.87577 0.8501434 1 0.0 0.09551370546321088 5.118866398209788 0.0
-0.04217906 -0.07564131 -1.465466 3.00881 2.729798 1.970041 0.6439215 20.1841 0.5773888 0 0.0 0.08660647135751288 3.346719022155281 0.0
-0.04450924 -0.03737523 -5.116198 -4.4925 0.4042229 0.367549 0.3823446 18.27955 1.261969 0 0.0 0.05812039455243314 6.808673749358534 0.0
-0.03539934 -0.07417376 -3.844479 -1.950933 2.26612 2.111718 0.6261694 20.36644 nan 0 0.0 0.08218795498717073 4.311166704261157 0.0
0.04094579 -0.07315169 -3.097509 3.29358 2.50382 2.249864 0.3550246 20.21454 1.432701 0 0.0 0.08383154220566505 4.521308574017151 0.0
0.02110508 -0.06746338 -2.093967 -3.016874 0.511461 0.4917108 0.4019589 18.84079 0.9898701 1 0.0202032 0.07068756639488163 3.672359803854328 0.0
-0.06165087 -0.03692491 -3.857945 -1.524087 0.8490827 0.7310402 0.4618868 19.45472 1.150583 0 0.0 0.07186291637739872 4.148081581477635 0.0
0.016684 0.05288353 -2.032899 -9.825346 1.159194 1.108707 0.4648626 19.91892 0.7003403 0 0.0 0.05545289533704169 10.033449175827672 0.0
-0.008130673 0.05077891 -5.783808 -0.9391029 0.2227851 0.1974643 0.4373205 17.27634 1.18725 1 0.0 0.05142572842674208 5.859551965607303 0.0
-0.05203216 -0.03015202 -1.28596 -0.4207299 1.010573 0.8703356 0.5012665 19.72914 1.153282 0 0.0 0.06013725953471774 1.3530361304688097 0.0
0.004418036 -0.01918049 -4.657548 -2.384487 1.678745 1.988899 0.5740471 19.94036 nan 0 0.0 0.0196827396146318 5.232449868414699 0.0
-0.0197945 0.0834768 -3.812838 -1.770826 0.9688014 0.8906078 0.4265879 19.64962 0.5518684 0 0.0 0.085791598472636 4.203993141825995 0.0
0.001578616 0.01014699 -4.44069 -4.031164 1.474062 1.37114 -0.02446899 18.8779 nan 0 0.0 0.010269052270563043 5.997500385243506 0.0
-0.04898613 -0.02244665 2.931602 3.261299 1.971399 1.752979 0.7345991 20.13618 1.412092 0 0.0 0.05388407026756053 4.385243602561322 0.0
0.0001582035 -0.01251993 -3.420561 -1.998458 0.1941323 0.1801024 0.2297845 17.07013 1.007513 0 0.0 0.012520929500333122 3.961574425968166 0.0
-0.08992762 0.00714908 1.508611 -7.674189 1.037041 0.9581003 0.2888724 19.97309 0.6427994 0 0.0 0.09021134176870889 7.821066676422213 0.0
0.0005791043 0.01215925 -2.545029 -4.826842 0.4099464 0.3775361 0.2446012 17.92822 0.7887249 0 0.0 0.01217303258653235 5.4567001295476185 0.0
-0.01567374 -0.005839748 -1.07628 -2.087347 0.6117531 0.5521842 0.3497791 18.55739 nan 0 0.0 0.01672629015326184 2.3484880533673147 0.0
-0.03631763 -0.007914734 -3.172353 -2.225488 0.8788713 0.7442785 0.4040338 19.32153 0.8979378 0 0.0 0.037170058691205425 3.8751284359041573 0.0
0.04758833 0.02105494 -0.4434204 -6.274681 1.76068 1.752126 0.5862765 20.02364 1.052296 0 0.0 0.052038059635160304 6.290329347728715 0.0
-0.01625231 -0.005891341 -2.728871 -1.426204 0.2526265 0.2161942 0.111681 17.45471 1.104671 0 0.0 0.0172871478016005 3.0790899279262693 1.0
-0.03547647 -0.00685203 -4.67501 -7.951957 1.023054 0.8666532 0.4244054 19.65494 0.8411713 0 0.0 0.036132121980058135 9.224388252342212 0.0
-0.05123723 0.008085028 3.853569 -4.475687 0.9644211 0.8555986 0.4624002 19.5596 1.997898 0 0.0 0.05187120025441559 5.9060789158061535 0.0
-0.01367895 0.02209177 -2.197414 -0.9926551 0.3178288 0.2814801 0.2632775 18.0723 0.8883095 0 0.0 0.025983840648283695 2.411222186973239 0.0
-0.01364931 -0.001643276 -2.680515 -1.087949 0.1737158 0.146408 0.04983371 16.4036 1.233208 0 0.0 0.013747873271465517 2.8928867402347436 1.0
0.05412097 -0.05784022 -1.457533 -0.8820682 0.9406666 0.8981875 0.3943443 19.59865 0.7155018 0 0.0 0.07921218620508652 1.7036568772907998 0.0
-0.06384992 0.02900501 -3.260447 -1.671113 0.5379286 0.4761638 0.4184843 18.84423 1.388809 0 0.0 0.07012918714135008 3.6637594487872702 0.0
-0.06082688 0.03286742 -5.717659 -3.102914 1.043339 0.9236275 0.3450392 19.65841 1.261396 0 0.0 0.06913882142465838 6.505359308422326 0.0
0.06448498 -0.04611826 -1.089419 -7.42146 1.443502 1.552369 0.6103913 20.00225 0.9515419 0 0.0 0.07927929459214429 7.5009934201518265 0.0
-0.08789742 0.001716896 -6.914413 -3.493043 0.2318965 0.2030973 0.3457723 17.42664 1.079594 0 0.0 0.08791418642364392 7.7466416294041895 0.0
-0.01423841 0.07026748 -3.643588 -1.890247 0.5003347 0.4486651 0.411644 18.72687 0.1889553 1 0.9475935 0.07169554424703463 4.104724988930805 0.0
0.04024921 0.02179831 -0.9954562 -11.31186 0.8137211 0.7779613 0.370201 19.43589 0.9486332 0 0.0 0.04577297482663979 11.35557615032009 0.0
0.0697541 -0.06669455 -2.514382 -1.118212 0.3809218 0.3590044 0.3305471 18.30273 1.3402 1 0.9860138 0.09650801762813543 2.751820291891896 0.0
0.002499913 0.03678881 -5.201267 0.5125036 0.967928 0.9052692 0.478539 19.6032 0.8199444 0 0.0 0.03687365056817224 5.226455619758189 0.0
-0.03788145 0.02348917 3.053488 -4.937743 1.193143 1.132802 0.730508 19.45679 1.054844 0 0.0 0.04457292184041113 5.805608917262082 0.0
0.05382966 -0.06175585 -12.88202 -14.19447 2.461585 2.639558 0.6878775 20.28675 0.9156933 1 0.008517006 0.08192324032250006 19.168448499064812 0.0
0.04677964 -0.01952732 1.870362 -1.699159 0.3403717 0.317179 0.2993499 17.8799 1.609396 0 0.0 0.05069172461962603 2.52693397585394 0.0
0.02966426 -0.01030048 -2.33732 -8.509907 1.198691 1.14591 0.8541049 18.95667 0.958744 0 0.0 0.03140172303517755 8.825054216890058 0.0
-0.04270122 -0.02367393 -1.323205 -5.348732 0.3084115 0.2637968 0.3604723 18.01895 1.241667 0 0.0 0.048824677685913094 5.509973273968668 0.0
-0.01433332 -0.00024338 -3.198268 -1.717232 0.1673709 0.1449383 0.1790437 16.83452 1.152371 0 0.0 0.014335386149204352 3.630124507733585 1.0
-0.03878401 -0.02214069 3.857143 -3.281026 2.130837 1.939063 0.6643347 20.12829 1.002535 0 0.0 0.04465881307598983 5.063860556445547 0.0
0.0002108328 0.003652481 -4.173597 -0.8678447 0.6573847 0.5969223 0.2597806 16.46153 nan 0 0.0 0.003658560909007371 4.262870669129794 0.0
0.0144732 0.0504749 -2.753887 -1.19106 0.7366887 0.6640328 0.3252943 19.22357 1.079268 0 0.0 0.05250894255505437 3.00041955938982 0.0
0.01453102 -0.09081764 -0.7705654 -3.565642 0.537745 0.5167216 0.4071717 18.74641 0.8847675 1 0.0 0.09197279096238192 3.647954756824865 0.0
0.0558927 0.006436425 -0.4351308 -0.8003624 2.457522 2.320333 0.5420061 20.38417 0.4280872 0 0.0 0.05626207852604296 0.9109987839961149 0.0
0.0001056271 0.003957657 -2.669119 -0.8631079 0.4201277 0.3720347 0.1335203 15.95327 nan 0 0.0 0.003959066305823054 2.8052007919582884 0.0
-0.01889213 0.04530523 -1.248649 -0.2994297 0.7607508 0.6905357 0.4033493 19.27714 1.118471 0 0.0 0.04908641809390659 1.284049247670466 0.0
-0.008809144 -0.01222278 -0.06227389 1.136734 1.381116 1.067472 -0.4535885 18.46157 nan 0 0.0 0.015066431858311243 1.1384385025690813 0.0
-0.05143787 -0.06011233 -0.04117353 1.117513 0.8192506 0.6713781 0.1947064 19.3344 1.230846 1 0.01521279 0.07911603306641328 1.1182712393429695 0.0
0.08862945 -0.03290216 -1.813929 -0.849171 0.2921173 0.2735846 0.3107264 17.99446 1.280279 1 0.7045033 0.09453957658022433 2.0028554127250424 0.0
0.02187521 -0.03219096 -2.926944 -1.28783 0.07940591 0.07519174 0.2808955 15.46544 1.523887 1 0.9970213 0.03892020963799783 3.1977347119540735 0.0
0.01429928 -0.05855864 -1.213893 -1.123705 1.466653 1.393443 0.5861734 20.03686 0.7890873 0 0.0 0.06027921471923801 1.6541611597646708 0.0
-0.05696764 0.001984049 -4.734109 -7.282586 2.052814 1.72342 0.6832785 20.16746 0.8142624 0 0.0 0.05700217941100148 8.686072004725554 0.0
-0.0656821 0.01505344 -0.7807825 -1.17253 0.5585075 0.4787486 0.450185 18.82297 1.139179 0 0.0 0.06738504519731064 1.4087043384636289 0.0
0.002788583 0.01075922 -0.2204996 0.9120336 1.132459 0.9480589 -0.2504121 19.00997 nan 0 0.0 0.011114720426366513 0.9383098428179893 0.0
-0.03504306 -0.04189559 -3.511594 -9.758142 2.016616 1.744515 0.4283176 20.08286 1.509764 0 0.0 0.054619195486675744 10.370758299806239 0.0
-0.004155934 0.02048856 -3.623417 -1.427141 1.531331 1.384768 0.2081965 19.88023 0.7662621 0 0.0 0.020905809677837305 3.894339763011183 1.0
-0.0008413043 0.0125865 -2.653991 -1.722519 0.3147027 0.2887081 0.2566504 17.98523 nan 0 0.0 0.012614585810687504 3.163975337047051 1.0
-0.08371567 -0.02873597 -1.844578 -3.152695 0.8582183 0.725229 0.4609584 19.4369 0.9526234 1 0.1001279 0.08851027836014189 3.6526639266580494 0.0
0.03708099 -0.07717846 1.746301 -1.838718 0.6600096 0.6245588 0.3612627 19.11914 1.051235 1 0.0 0.08562426354341215 2.535833406619015 0.0
-0.02521732 -0.01716187 -3.209929 -0.7851107 0.3758202 0.3326277 0.3178329 18.34734 1.144955 0 0.0 0.030503163932275944 3.3045488340007156 1.0
-0.002077051 -0.01259434 -2.215316 -1.480703 0.1922137 0.1871906 0.3000628 16.90448 0.9783993 0 0.0 0.012764463987657336 2.664602475804787 1.0
-0.09296862 -0.003403326 -1.266946 -2.364602 0.2100564 0.1915189 0.4176438 17.27566 1.016508 1 0.0 0.09303089235606996 2.6826283352935794 0.0
-0.02083885 0.04331928 -3.22427 -1.17625 0.5613227 0.5112622 0.4305045 18.94457 0.8186951 0 0.0 0.04807096513531739 3.4321248659394668 0.0
0.05760774 -0.02886388 -3.06674 -1.547689 0.1076678 0.09583281 0.2293683 15.89307 1.868171 1 0.9737462 0.06443427097874235 3.4351470810317566 0.0
-0.01510937 0.08589043 -2.089789 -0.8280255 0.3986139 0.3675806 0.3484821 18.22201 0.8713741 1 0.9616882 0.08720928291977753 2.247853263265031 0.0
-0.01184135 0.05383028 -2.461666 -1.431055 0.5676662 0.5174965 0.4115343 18.82383 0.2109947 0 0.0 0.05511729868835101 2.8474054696479394 0.0
-0.009790514 0.07117402 4.466254 -1.245416 0.273367 0.2426796 0.2573231 17.77598 0.9134789 1 0.0 0.07184424324428922 4.636645965088558 0.0
-0.02647914 -0.01857555 -2.62629 -1.20928 0.3085412 0.2573668 0.207864 18.10233 0.8999138 0 0.0 0.032344951892715815 2.8913244858541907 1.0
-0.02692498 0.07237623 -6.190114 -1.604027 0.1077643 0.09625305 0.2374081 15.97144 1.265675 1 0.0 0.0772222326601174 6.394561278909212 0.0
-0.01461515 -0.05001186 -3.458832 -2.099073 0.9703032 0.8982434 0.3630003 19.64823 nan 0 0.0 0.05210363471181353 4.045939478483706 0.0
0.02962083 0.01982992 -3.400801 -1.70825 0.5694627 0.554328 0.423277 18.97758 1.033039 0 0.0 0.03564574725118412 3.8057279860889954 0.0
-0.04716317 0.01399033 -6.825492 -8.29855 0.4939332 0.4579342 0.5126761 18.68834 1.015472 0 0.0 0.04919445027599963 10.744918480126502 0.0
0.06735308 -0.04222158 4.570147 0.8016218 1.030749 1.108276 0.634086 19.56535 0.7965202 0 0.0 0.0794927619546761 4.639918222538436 0.0
-0.08629834 0.007671164 -1.768279 -0.9439116 2.475907 1.811452 -0.1238743 20.16504 1.225458 0 0.0 0.08663861866321794 2.004440004204556 0.0
0.007784125 -0.01558916 -6.437782 -6.2142 1.358955 1.813358 0.8748488 19.21282 nan 0 0.0 0.017424537627186123 8.947699074037079 0.0
-0.0195432 0.01168809 -2.54937 -1.528153 0.6041426 0.5448312 0.595631 18.51731 1.040161 0 0.0 0.02277165154502633 2.972295239088641 1.0
-0.08243282 0.008805572 -2.583466 -1.226298 0.4031051 0.3492715 0.4052979 18.29743 0.1017666 1 0.9898032 0.08290179679234694 2.859738337323889 0.0
-0.06158762 0.07102725 -2.679625 -1.754715 0.2832807 0.2595248 0.2049671 17.89382 1.342979 1 0.9815742 0.09401013338904961 3.2030321371865753 0.0
