jas1101finalproject/data/gcs/NGC_288.ecsv
# %ECSV 0.9
# ---
# datatype:
# - {name: x, unit: deg, datatype: float64}
# - {name: y, unit: deg, datatype: float64}
# - {name: pmx, unit: mas / yr, datatype: float64}
# - {name: pmy, unit: mas / yr, datatype: float64}
# - {name: pmx_e, unit: mas / yr, datatype: float64}
# - {name: pmy_e, unit: mas / yr, datatype: float64}
# - {name: pm_corr, datatype: float64}
# - {name: g_mag, unit: mag, datatype: float64}
# - {name: bp_rp, unit: mag, datatype: float64}
# - {name: filter, datatype: int64}
# - {name: memberprob, datatype: float64}
# - {name: r, unit: deg, datatype: float64}
# - {name: pm, unit: mas / yr, datatype: float64}
# - {name: member_prob_GMM, datatype: float64}
# - {name: member_prob_DB, datatype: float64}
# meta: !!omap
# - comments: [deg deg mas/yr mas/yr mas/yr mas/yr dimless mag   mag   zeroone float]
# - __serialized_columns__:
#     bp_rp:
#       __class__: astropy.units.quantity.Quantity
#       unit: &id001 !astropy.units.Unit {unit: mag}
#       value: !astropy.table.SerializedColumn {name: bp_rp}
#     g_mag:
#       __class__: astropy.units.quantity.Quantity
#       unit: *id001
#       value: !astropy.table.SerializedColumn {name: g_mag}
#     pm:
#       __class__: astropy.units.quantity.Quantity
#       unit: !astropy.units.Unit {unit: mas / yr}
#       value: !astropy.table.SerializedColumn {name: pm}
#     pmx:
#       __class__: astropy.units.quantity.Quantity
#       unit: !astropy.units.Unit {unit: mas / yr}
#       value: !astropy.table.SerializedColumn {name: pmx}
#     pmx_e:
#       __class__: astropy.units.quantity.Quantity
#       unit: !astropy.units.Unit {unit: mas / yr}
#       value: !astropy.table.SerializedColumn {name: pmx_e}
#     pmy:
#       __class__: astropy.units.quantity.Quantity
#       unit: !astropy.units.Unit {unit: mas / yr}
#       value: !astropy.table.SerializedColumn {name: pmy}
#     pmy_e:
#       __class__: astropy.units.quantity.Quantity
#       unit: !astropy.units.Unit {unit: mas / yr}
#       value: !astropy.table.SerializedColumn {name: pmy_e}
#     r:
#       __class__: astropy.units.quantity.Quantity
#       unit: &id002 !astropy.units.Unit {unit: deg}
#       value: !astropy.table.SerializedColumn {name: r}
#     x:
#       __class__: astropy.units.quantity.Quantity
#       unit: *id002
#       value: !astropy.table.SerializedColumn {name: x}
#     y:
#       __class__: astropy.units.quantity.Quantity
#       unit: *id002
#       value: !astropy.table.SerializedColumn {name: y}
# schema: astropy-2.0
x y pmx pmy pmx_e pmy_e pm_corr g_mag bp_rp filter memberprob r pm member_prob_GMM member_prob_DB
[from data line 1800]
0.04245431 0.02528284 1.27592 0.6412342 3.827545 2.534645 0.4072237 20.7365 0.5566673 0 0.0 0.04941245223667512 1.4279891966151703 0.0 0.0
-0.02189114 0.06776144 3.716247 -6.494211 0.8556168 0.7314035 0.371871 19.90065 0.7523937 0 0.0 0.07120979399895214 7.48233040419427 0.0 0.0
-0.007030284 -0.02009487 -7.293328 2.496734 1.07988 0.5763204 0.05746491 18.25525 0.729454 0 0.0 0.021289168453407382 7.708846475468298 1.0 0.0
0.005623055 -0.005131638 4.216817 -5.664719 0.03508697 0.0256262 0.3005496 13.3933 1.354988 1 0.9999979 0.007612651055714363 7.061910999187826 0.0 0.0
-0.09551208 -0.03474288 4.324772 -7.398748 2.476892 2.004642 0.5773567 20.73073 0.8730965 0 0.0 0.10163476342581214 8.570013116646205 0.0 0.0
0.002497086 0.01770516 4.449539 -7.022885 1.368068 1.930457 0.1961514 20.14246 nan 0 0.0 0.01788038391973159 8.313802441467201 0.0 0.0
-0.04240969 -0.01492596 4.113548 -6.797037 0.9870535 0.7116072 0.3262541 19.66797 0.7392368 0 0.0 0.04495960506741246 7.944871876101779 0.0 0.0
0.002757397 -0.01163559 1.301037 -6.932481 0.5796371 0.4661891 0.2809791 19.00407 0.6157551 0 0.0 0.01195785067910237 7.053509062213644 1.0 0.0
-0.05439154 0.06734054 4.628364 -5.291034 0.6514108 0.4991859 0.4116025 19.33011 0.7401447 1 0.999645 0.08656320206105594 7.029707967309311 0.0 0.0
-0.03873298 0.01136624 2.663976 -5.256128 0.8569654 0.8991684 0.2700505 19.90535 nan 0 0.0 0.04036626253962584 5.892677632533448 0.0 0.0
-0.006237753 -0.01101203 4.396942 -5.102893 0.4812836 0.3106336 0.2767382 18.87404 nan 0 0.0 0.012656001233008356 6.73591982737421 0.0 0.0
-0.02585717 0.009058162 5.543207 -6.944628 0.8693251 0.8133525 0.5026618 19.86526 nan 0 0.0 0.027397874720991477 8.885662716040542 0.0 0.0
-0.04983903 -0.008724348 4.860021 -6.866953 0.8762486 0.6454928 0.3623997 19.85767 0.6459522 1 0.997411 0.05059686906683065 8.412778828939341 0.0 0.0
0.02802201 0.02045597 1.787514 -8.074618 1.224772 0.9696323 0.3493525 19.79211 1.067566 0 0.0 0.03469408815750891 8.270106537773259 0.0 0.0
0.00983731 -0.03976365 4.833819 -3.989392 0.6112628 0.4761979 0.2665594 19.33204 0.5963287 0 0.0 0.04096242826491857 6.267459984269943 0.0 0.0
0.003554901 -0.03407557 2.416313 -8.974591 2.204934 1.572516 0.4514005 20.45021 nan 0 0.0 0.03426049900314794 9.294183779722134 0.0 0.0
-0.001093788 -0.008120321 4.50295 -5.084789 1.808113 1.491907 0.1913726 20.41299 nan 0 0.0 0.008193655187520708 6.792027523282058 0.0 0.0
-0.001162993 0.004435755 4.513125 -5.575542 0.5579799 0.484002 0.108036 18.90411 nan 0 0.0 0.004585681534742028 7.173211683715253 0.0 0.0
-0.08022517 -0.008733977 4.237935 -6.957769 0.7774653 0.5835186 0.3671133 19.71227 0.6051807 0 0.0 0.08069919612837187 8.146817938409205 0.0 0.0
0.002934678 0.01785011 3.83801 -6.612037 0.51916 0.4764823 0.2249979 19.12885 0.5632553 0 0.0 0.018089741899092533 7.645217724137685 1.0 0.0
-0.05545191 -0.005745742 3.121145 -6.187356 1.008443 0.851203 0.3770403 20.06974 1.050415 0 0.0 0.0557487925768681 6.930001470545371 1.0 0.0
-0.1193832 0.001920678 3.320202 -6.451977 0.7440248 0.5402482 0.3765345 19.57667 0.8051968 1 0.9979838 0.1193986492646365 7.256152460452647 0.0 0.0
-0.03740204 0.03386004 3.093286 -4.742949 0.5512858 0.4375008 0.3738625 19.20358 0.6334705 0 0.0 0.050452105059781205 5.662506820693199 0.0 0.0
-0.01429995 0.002416893 3.455925 -6.077399 2.340971 2.337822 0.6596396 20.45623 nan 0 0.0 0.01450275635098201 6.991294315849247 1.0 0.0
0.007097925 0.05531024 4.940075 -6.858346 1.766668 1.081491 0.3005991 20.35531 0.5436344 0 0.0 0.0557638161190859 8.452292639357738 0.0 0.0
-0.03682161 0.06745053 6.652375 -6.072278 1.676442 1.183755 0.3491874 20.56815 0.5076027 0 0.0 0.07684663271915693 9.007033543287656 0.0 0.0
-0.04469975 -0.1249064 5.276396 -6.525993 2.108532 1.706667 0.480638 20.69072 0.3985329 0 0.0 0.13266377203676405 8.392195146972275 0.0 0.0
0.03868013 -0.01593172 4.215038 -6.08769 0.3471229 0.3079908 0.2709865 18.73419 0.6096439 1 0.9998925 0.04183266856148792 7.404492884562994 1.0 0.0
-0.09955125 0.001960617 4.460204 -5.526147 0.6316605 0.437703 0.4041033 19.28261 0.712595 0 0.0 0.0995705548622844 7.101529440002696 0.0 0.0
-0.05054087 0.01055673 4.341586 -6.628569 0.9095594 0.793007 0.3959155 20.07425 nan 0 0.0 0.05163161907833028 7.923843510769063 0.0 0.0
-0.02019835 0.006480564 3.622074 -8.148685 1.099688 0.9707963 0.4777644 19.83616 nan 0 0.0 0.021212521125047724 8.917426046270359 0.0 0.0
-0.06605 -0.02484965 3.566879 -5.980995 1.991898 1.42834 0.2841195 20.70532 0.4904232 0 0.0 0.07056987746285592 6.963829908223348 1.0 0.0
0.02034405 -0.03205362 3.597557 -7.56019 0.9152768 0.7633196 0.4836948 19.54201 nan 0 0.0 0.03796465363343777 8.372507939939442 0.0 0.0
-0.009150915 -0.04234233 3.104557 -7.232136 2.120708 1.242084 0.2232257 20.59217 0.6077576 0 0.0 0.04331988175383359 7.87032815635695 0.0 0.0
-0.07957246 0.120043 0.3826447 -4.708047 0.7472226 0.5897802 0.4897148 19.67786 1.731787 1 2.268291e-06 0.14402117288597394 4.723571055954074 0.0 0.0
0.1053843 -0.04771388 4.934463 -5.114008 0.85436 0.6864426 0.4060996 19.81666 0.8387089 1 0.998738 0.1156826047041836 7.1064761255092534 0.0 0.0
-0.02451857 0.007454376 6.806123 -3.55894 1.049077 0.917216 0.4899546 20.0926 nan 0 0.0 0.025626704750987318 7.6804533860136806 1.0 0.0
0.04101941 0.02271417 2.083611 -6.91484 1.56448 1.518002 0.2588537 20.55475 0.3487453 0 0.0 0.046888436906523126 7.221942053556024 1.0 0.0
-0.01258543 -0.02281331 7.47028 -3.256049 1.79125 1.215814 0.2302194 20.32102 0.9052486 0 0.0 0.026054561240615816 8.149045242775438 0.0 0.0
0.01418301 -0.04538315 5.109566 -5.543215 0.3013031 0.2183121 0.2426205 18.32156 0.7764645 0 0.0 0.0475477452313209 7.538892308859505 1.0 0.0
0.0208524 -0.002959022 3.81405 -5.048206 0.3002033 0.2558947 0.4168486 18.41813 0.7208633 0 0.0 0.021061300932195142 6.327034156770138 0.0 0.0
0.01708423 -0.03354273 4.276157 -5.655694 0.04476313 0.03133753 0.2246349 13.92957 1.273769 1 0.9999974 0.03764286985002339 7.090302765769951 1.0 1.0
0.0003627783 -0.01619984 1.768786 -4.692692 0.3197409 0.2259234 0.2400976 16.45268 0.9268017 0 0.0 0.0162039015092215 5.01497379062543 0.0 0.0
-0.03510187 -0.01400796 4.658314 -4.569277 0.7395876 0.4774919 0.3445496 19.37128 nan 0 0.0 0.037793706101128796 6.525195907045626 1.0 0.0
-0.03994734 -0.04794891 3.46188 -4.557402 1.872612 1.478873 0.3726366 20.65095 0.7232914 0 0.0 0.062409037352483654 5.72315700675807 0.0 0.0
0.001037055 0.05094072 7.501947 -5.105908 3.519586 1.677816 0.01670837 20.72843 0.520359 0 0.0 0.05095127512821858 9.074662819921906 0.0 0.0
-0.08913777 -0.04923931 4.692337 -7.040862 1.310121 1.048602 0.3636628 20.45895 0.77598 0 0.0 0.101833450741144 8.461191655116494 0.0 0.0
-0.0678164 0.06682221 4.407804 -6.013036 0.5706201 0.4402885 0.4303983 19.25872 0.7678375 1 0.9995837 0.0952064696238869 7.455557527087561 0.0 0.0
-0.1566004 -0.00484949 3.885781 -5.210471 1.306599 1.111417 0.509929 20.18322 0.710783 1 0.9949169 0.1566754697884136 6.499869384980133 0.0 0.0
0.02104589 -0.003508373 4.011715 -9.507837 0.8219582 0.6781433 0.2933541 19.55939 nan 0 0.0 0.021336310997902827 10.31953592269507 0.0 0.0
0.001928615 0.04614373 5.139594 -5.029273 0.4349446 0.3592096 0.3300008 18.98535 0.6517677 1 0.9993799 0.04618401643567961 7.190897954592667 1.0 0.0
0.03121352 0.02181127 3.521668 -5.364226 0.5850025 0.4138965 0.3921918 19.15875 0.6288815 0 0.0 0.0380790668189663 6.4169358794755 1.0 0.0
-0.06817002 -0.002937361 4.140956 -6.056483 0.7430159 0.5325827 0.4590245 19.53125 0.765667 0 0.0 0.06823327426149738 7.336791050808589 1.0 0.0
0.07141858 -0.05176747 0.8682641 -9.941431 3.034338 3.959991 0.3777529 20.85261 0.351593 0 0.0 0.08820705481659219 9.97927516782205 0.0 0.0
0.03417987 -0.02554332 5.016001 -4.124999 1.046233 0.9409914 0.3346456 20.18695 nan 0 0.0 0.04266995090036196 6.494296172950691 1.0 0.0
0.0261168 0.05607996 2.206796 -7.203253 0.9245763 0.6272749 0.313009 19.8299 0.8594723 0 0.0 0.06186314860918089 7.533711062127682 0.0 0.0
-0.02625453 -0.01745408 4.864268 -6.13139 0.334977 0.210682 0.2912439 18.24319 0.7585716 0 0.0 0.031526897312728064 7.826560324173321 0.0 0.0
0.03103954 -0.07858196 5.086993 -5.59574 0.6527343 0.5236204 0.4404835 19.27401 0.547369 0 0.0 0.08449010285739508 7.562394060722371 0.0 0.0
0.04557189 -0.04838207 4.583546 -5.927647 1.191629 0.968814 0.3662684 20.33027 0.8980064 0 0.0 0.06646519281290772 7.493056311727879 0.0 0.0
-0.01949104 0.01003217 3.138856 -5.190677 0.1683908 0.1206645 0.3480172 16.78384 -0.05455589 0 0.0 0.021921338353086475 6.06593312748047 0.0 0.0
0.01365194 -0.03065645 4.189276 -5.864469 0.6145871 0.4633529 0.2926098 18.88236 0.6951962 0 0.0 0.03355880499013783 7.207081937659444 1.0 1.0
-0.1188075 0.06451666 4.7709 -5.760294 0.8535793 0.6751786 0.3457001 19.84297 0.7584763 1 0.9983896 0.13519475386939242 7.479470153455791 0.0 0.0
0.04054867 -0.01544599 3.552383 -5.738575 0.4497105 0.4064399 0.2787683 19.09759 0.4595776 0 0.0 0.043390935065391247 6.749123499337821 1.0 0.0
0.03706928 0.005122128 3.525871 -5.80715 1.139766 1.017478 0.2740658 20.39783 nan 0 0.0 0.03742148734305979 6.793729272729449 1.0 0.0
-0.02423802 -0.08876555 5.634021 -4.873668 0.6269135 0.4473322 0.3935051 19.16964 0.6664677 1 0.9972162 0.09201524047853649 7.449485378377824 0.0 0.0
-0.04572334 0.02956167 4.777225 -6.525064 1.355542 1.279266 0.4369714 20.32534 0.6707592 0 0.0 0.054447370496145175 8.086923945773263 0.0 0.0
0.111226 -0.04734748 3.714857 -6.457586 2.518451 1.833222 0.5261916 20.71386 1.082731 1 0.9937222 0.12088427084757719 7.449871104780605 0.0 0.0
-0.01948155 -0.04071093 2.021896 -9.538498 0.853195 0.8792637 0.1291734 19.13583 nan 0 0.0 0.04513214610305386 9.750436273871031 0.0 0.0
-0.01481834 0.08044834 4.35993 -5.729393 0.3598947 0.3096816 0.342719 18.75396 0.6172371 1 0.9998968 0.0818017029719504 7.199648168719705 0.0 0.0
0.003275923 -0.09956814 4.080909 -4.654983 0.3418573 0.2643296 0.1949741 18.49715 0.6664486 1 0.9517695 0.09962201651523386 6.190531883172075 0.0 0.0
0.009566159 0.01083452 2.791038 -7.118213 2.165251 2.193728 0.4683404 20.42246 nan 0 0.0 0.014453311788087913 7.645838700287432 0.0 0.0
-0.02479626 0.1203712 7.979096 -2.869559 1.782441 1.390593 0.3218368 20.65369 1.094076 1 0.9618777 0.12289865865593326 8.47940692688451 0.0 0.0
-0.02377966 0.03075852 3.736099 -5.564056 0.7634659 0.6304636 0.3606996 19.78989 0.5992279 0 0.0 0.038878770329139785 6.702026179368222 1.0 0.0
-0.04782523 0.002707252 5.442378 -5.896428 0.4487872 0.3452204 0.341926 18.93558 0.6808033 0 0.0 0.04790179368191137 8.024172322057149 0.0 0.0
-0.03284562 -0.01046534 4.157174 -5.27404 0.4395226 0.3152121 0.3342053 18.84347 0.7124481 0 0.0 0.03447257017543078 6.71547418935372 1.0 1.0
-0.06850806 0.03181433 18.51295 -2.611584 0.7106542 0.5871021 0.4554476 19.61433 1.990154 0 0.0 0.07553479912141488 18.696247984329798 0.0 0.0
-0.01195805 0.02817209 6.053529 -5.989063 2.616133 2.219265 0.1821262 20.8559 nan 0 0.0 0.0306049279491163 8.515520475684971 0.0 0.0
-0.01839455 0.01249474 -6.29609 -10.61955 2.084103 1.249944 0.4055257 19.53102 nan 0 0.0 0.0222368612301759 12.345670961539515 0.0 0.0
-0.01828764 0.010637 3.107254 -5.374964 0.5303734 0.3484198 0.3056019 19.01536 0.5979481 0 0.0 0.021156170394700455 6.208483343121088 0.0 0.0
0.01789239 -0.02887939 2.762699 -4.018987 0.976698 0.8878211 0.2880743 19.94456 0.5344677 0 0.0 0.03397288310821147 4.876962402025465 0.0 0.0
-0.03084901 -0.02401078 0.5369576 -6.219267 2.434847 1.756823 0.5783243 20.32094 0.9908199 0 0.0 0.039091929783377284 6.242403822365769 0.0 0.0
-0.05119992 -0.009144565 3.961367 -5.143975 0.5937928 0.4127389 0.3540998 19.24314 0.6864662 1 0.9997011 0.05201014205946399 6.49252703570143 0.0 0.0
0.01871988 0.01544345 4.878084 -4.686123 1.359126 0.8513853 0.317514 20.15383 nan 0 0.0 0.024267963555207925 6.764277661523439 1.0 0.0
-0.01205875 -0.0362963 3.658266 -6.595411 0.7767779 0.4828807 0.2280698 19.50142 0.6681023 0 0.0 0.03824702400517587 7.5420392723504825 0.0 0.0
0.006525184 0.006962812 4.195062 -5.670306 0.1899544 0.1527777 0.3134633 17.66294 0.6353378 0 0.0 0.009542472278251585 7.053432874670318 1.0 0.0
0.05323878 -0.009250399 5.132676 -6.435743 0.8456662 0.6944395 0.3925835 19.98693 0.6214237 1 0.99866 0.05403644675168419 8.231837637066526 0.0 0.0
0.04637898 0.06903588 4.321963 -5.37689 0.3537672 0.2712177 0.3434048 18.76952 0.6285 0 0.0 0.08316827828694544 6.898573058645462 0.0 0.0
0.01968281 -0.04457334 3.765042 -5.64466 0.3515286 0.3476999 0.1787534 18.41829 0.675436 0 0.0 0.04872571855038877 6.785110741717043 1.0 0.0
-0.09623044 -0.008843585 4.447209 -8.425061 1.315712 1.067331 0.4731289 20.36564 0.6746788 0 0.0 0.09663594868497864 9.526768641223633 0.0 0.0
-0.03691842 -0.01612187 -4.059792 -0.2919471 2.485707 1.245369 0.1979946 20.26555 nan 0 0.0 0.040285039749183564 4.070275689982487 0.0 0.0
-0.0208577 0.01139378 3.143026 -8.928899 0.5495337 0.479195 0.5178295 18.90803 nan 0 0.0 0.023766822925633115 9.46593100486566 0.0 0.0
-0.03914494 0.01131078 4.590107 -3.742159 0.6205677 0.8771576 0.2911078 19.46598 nan 0 0.0 0.04074628905571647 5.9222323707137665 0.0 0.0
-0.005489023 0.04270848 0.3792745 -7.320151 1.289201 1.348418 0.4254442 20.3576 nan 0 0.0 0.043059768199619104 7.329969973277602 1.0 0.0
0.03735769 0.06576045 2.073156 -2.935296 2.534564 1.645365 0.2654319 20.73643 0.7645855 0 0.0 0.07563090496839635 3.5935968621914176 0.0 0.0
0.02073653 0.01653982 6.703137 -6.104716 0.803244 1.001505 0.4654492 19.26468 nan 0 0.0 0.02652488118867453 9.066399675804337 0.0 0.0
0.02380655 -0.0239061 5.579968 -4.574096 1.354868 1.369744 0.3439987 20.36934 nan 0 0.0 0.0337380117984522 7.215150524988373 1.0 0.0
-0.01189686 0.03035601 4.285169 -5.796559 1.177298 1.506169 0.3600995 20.2218 0.5576973 0 0.0 0.03260402768032962 7.208520624860693 1.0 1.0
0.02025125 -0.0457045 4.886634 -5.651752 0.3611297 0.2666778 0.2807721 18.66258 0.6056404 0 0.0 0.049990143496618414 7.471378220881339 1.0 0.0
-0.03042209 0.04127597 4.928463 -6.493844 1.019185 0.7206261 0.3561944 19.85868 0.7624893 0 0.0 0.05127581554113986 8.152285411999815 0.0 0.0
-0.08223987 0.1204321 4.315715 -6.141074 0.9887783 0.873766 0.5126775 20.1932 0.8077049 1 0.9974052 0.14583307899110853 7.5058767532314965 0.0 0.0
-0.0670817 0.004185323 -0.7765917 -7.754128 1.819422 1.289349 0.2755105 20.64343 0.5514927 0 0.0 0.0672121373228402 7.7929195882475835 0.0 0.0
0.03347377 -0.02581968 4.059314 -5.008002 0.7323018 0.6212204 0.2996892 19.77396 0.4001007 0 0.0 0.04227468690972531 6.446558320732079 1.0 0.0
-0.02792057 -0.01827272 4.567304 -5.792913 0.3951019 0.2895223 0.3402822 18.72291 0.684454 0 0.0 0.03336840609503696 7.376862941249824 1.0 1.0
-0.009917142 -0.01533624 5.092971 -5.476742 0.4034269 0.3120382 0.2771048 18.75947 0.6967793 0 0.0 0.018263350261815713 7.478840588046051 1.0 0.0
0.02098732 0.01661417 4.14728 -9.343688 0.4372563 0.3439881 0.3103837 18.42253 nan 0 0.0 0.026767484857029435 10.222741160752532 0.0 0.0
-0.1037301 0.003511398 2.67261 -9.157922 3.715479 3.993346 0.4688027 20.9668 0.5946693 0 0.0 0.10378951566475492 9.53993603595873 0.0 0.0
-0.04164917 -0.02861282 2.597768 -10.10233 2.056003 1.748449 0.3155016 20.66704 0.9160786 0 0.0 0.05053065238091925 10.430986051698277 0.0 0.0
0.07478764 -0.05949057 4.267145 -6.001603 1.92968 1.325905 0.332114 20.5784 0.7808933 0 0.0 0.09556316767298215 7.3639503678823095 0.0 0.0
0.01657448 0.02025411 5.721439 -6.108877 2.577381 1.89442 -0.1100003 20.69823 nan 0 0.0 0.026171403461841703 8.3697815044271 0.0 0.0
-0.006491534 0.01291946 2.243699 -5.361669 1.182547 0.8080468 0.1226412 19.96073 0.5000896 0 0.0 0.014458646560614033 5.812200931502798 0.0 0.0
-0.04243165 0.1044435 5.132263 -2.835747 4.433168 2.758362 0.4034937 20.8391 0.2449799 0 0.0 0.11273371108045942 5.863581205132065 0.0 0.0
-0.007968689 -0.03858858 12.06474 -4.356482 1.397008 0.931331 0.139307 20.13056 1.147528 0 0.0 0.039402772882058956 12.827193250431835 0.0 0.0
