jas1101finalproject/data/gcs/NGC_6638.ecsv
# %ECSV 0.9
# ---
# datatype:
# - {name: x, unit: deg, datatype: float64}
# - {name: y, unit: deg, datatype: float64}
# - {name: pmx, unit: mas / yr, datatype: float64}
# - {name: pmy, unit: mas / yr, datatype: float64}
# - {name: pmx_e, unit: mas / yr, datatype: float64}
# - {name: pmy_e, unit: mas / yr, datatype: float64}
# - {name: pm_corr, datatype: float64}
# - {name: g_mag, unit: mag, datatype: float64}
# - {name: bp_rp, unit: mag, datatype: float64}
# - {name: filter, datatype: int64}
# - {name: memberprob, datatype: float64}
# - {name: r, unit: deg, datatype: float64}
# - {name: pm, unit: mas / yr, datatype: float64}
# - {name: member_prob_GMM, datatype: float64}
# meta: !!omap
# - comments: [deg deg mas/yr mas/yr mas/yr mas/yr dimless mag   mag   zeroone float]
# - __serialized_columns__:
#     bp_rp:
#       __class__: astropy.units.quantity.Quantity
#       unit: &id001 !astropy.units.Unit {unit: mag}
#       value: !astropy.table.SerializedColumn {name: bp_rp}
#     g_mag:
#       __class__: astropy.units.quantity.Quantity
#       unit: *id001
#       value: !astropy.table.SerializedColumn {name: g_mag}
#     pm:
#       __class__: astropy.units.quantity.Quantity
#       unit: !astropy.units.Unit {unit: mas / yr}
#       value: !astropy.table.SerializedColumn {name: pm}
#     pmx:
#       __class__: astropy.units.quantity.Quantity
#       unit: !astropy.units.Unit {unit: mas / yr}
#       value: !astropy.table.SerializedColumn {name: pmx}
#     pmx_e:
#       __class__: astropy.units.quantity.Quantity
#       unit: !astropy.units.Unit {unit: mas / yr}
#       value: !astropy.table.SerializedColumn {name: pmx_e}
#     pmy:
#       __class__: astropy.units.quantity.Quantity
#       unit: !astropy.units.Unit {unit: mas / yr}
#       value: !astropy.table.SerializedColumn {name: pmy}
#     pmy_e:
#       __class__: astropy.units.quantity.Quantity
#       unit: !astropy.units.Unit {unit: mas / yr}
#       value: !astropy.table.SerializedColumn {name: pmy_e}
#     r:
#       __class__: astropy.units.quantity.Quantity
#       unit: &id002 !astropy.units.Unit {unit: deg}
#       value: !astropy.table.SerializedColumn {name: r}
#     x:
#       __class__: astropy.units.quantity.Quantity
#       unit: *id002
#       value: !astropy.table.SerializedColumn {name: x}
#     y:
#       __class__: astropy.units.quantity.Quantity
#       unit: *id002
#       value: !astropy.table.SerializedColumn {name: y}
# schema: astropy-2.0
x y pmx pmy pmx_e pmy_e pm_corr g_mag bp_rp filter memberprob r pm member_prob_GMM
[from data line 695]
-0.001981293 -0.02626776 -2.734059 -5.076884 0.110012 0.09625508 0.3459563 16.07086 1.851483 1 0.0 0.026342375317526874 5.7662665360644745 0.0
0.03879435 0.02752467 2.758267 -5.132221 1.991062 1.961673 0.822847 19.57817 1.239336 0 0.0 0.04756689027602498 5.826467989797078 0.0
0.01476091 -0.04041545 -0.7709073 -8.233556 0.08031222 0.07149786 0.258693 15.07461 2.078187 1 0.0 0.04302665525846275 8.269567248068626 0.0
0.0002218974 -0.004516342 -2.683779 -8.70034 1.102217 0.9682206 0.2404326 16.65666 nan 0 0.0 0.004521789857688077 9.104866052635867 0.0
0.01690861 -0.0412378 -6.8411 -3.985501 0.1310729 0.1193064 0.2751582 16.09857 1.738275 1 0.0 0.04456968971141823 7.917377560215314 0.0
0.01060328 -0.03668996 0.6498597 -2.207185 1.843717 1.903164 0.9067963 19.5832 1.34864 0 0.0 0.03819139577915424 2.3008657618186006 0.0
-0.001596723 0.04758859 -0.3113942 -5.715695 0.055735 0.04879817 0.2693948 13.60897 2.022921 1 0.0 0.04761536960401367 5.724171178504242 0.0
0.01195754 0.0129334 -2.302107 -5.321464 0.8762777 0.8716184 0.6820403 18.78547 1.455399 0 0.0 0.017614073873229892 5.7980751756720945 0.0
-0.01316067 -0.04094742 -2.873446 -2.597765 1.347316 1.463553 0.8809725 19.24067 1.1793 0 0.0 0.04301039920188256 3.8736384588834563 0.0
-0.04757436 0.01260795 -2.174845 -6.682052 0.3181592 0.2758021 0.2045521 18.18584 1.218901 0 0.0 0.049216665191905276 7.027074050038821 0.0
0.00959058 0.04058634 -4.546631 -9.402823 2.564928 2.640023 0.9253054 19.80449 nan 0 0.0 0.04170407916897338 10.44437330908322 0.0
-0.006331781 -0.0401782 1.290574 -0.8562857 1.722985 1.981445 0.8774693 19.5678 1.378721 0 0.0 0.04067406060220642 1.5488080738104675 0.0
0.01988787 -0.008813337 -1.450158 -4.173764 0.7232583 0.6787985 0.5599329 18.9423 1.050192 0 0.0 0.021753213146854165 4.418513794553549 0.0
-0.03698654 -0.0175168 -3.400735 -4.866689 0.7247522 0.6887607 0.5309528 18.33113 1.551857 0 0.0 0.040924838709658955 5.937142440850312 0.0
0.02976876 -0.03775367 -6.832735 -5.94852 0.5676449 0.5250437 0.5266822 18.97742 1.550108 1 0.0 0.048078255692220156 9.05931331672688 0.0
-0.01790131 -0.01113808 4.078259 -0.2480498 0.7634035 0.7103295 0.5316223 18.7303 1.439003 0 0.0 0.02108349415544065 4.085795537512987 0.0
-0.01996213 -0.04053255 -1.552147 -4.50206 0.6007115 0.5669213 0.7125935 18.68193 1.787672 0 0.0 0.04518156973412279 4.762111354557871 0.0
0.03355604 0.01502739 -3.979058 -6.427295 1.566328 1.644747 0.8885461 19.54245 1.215637 0 0.0 0.03676724453496209 7.559300469249056 0.0
0.0002219913 0.04635073 -1.897534 -4.277912 1.209316 1.189565 0.6831318 19.72463 nan 0 0.0 0.04635126159739533 4.679868199094927 0.0
-0.03913495 -0.01694909 -2.305148 -6.949284 0.5880634 0.540985 0.4812167 18.9297 1.192902 0 0.0 0.04264757863385212 7.3216292868841695 0.0
0.01741612 0.0405931 -2.839859 -5.012894 0.5611032 0.4850203 0.3257001 18.72514 1.398062 0 0.0 0.044171495372744625 5.761415225022147 0.0
0.009480412 0.04123676 -7.295076 2.042671 0.3124602 0.2846701 0.470027 18.09233 1.322338 1 0.0 0.04231251099837191 7.575660938823556 0.0
0.02135395 0.02657917 -2.894928 -7.014741 1.311597 1.228143 0.6029126 19.53572 nan 0 0.0 0.03409462506747068 7.58862302544177 0.0
-0.02398343 -0.03539489 -3.146222 -8.554153 1.185723 1.291764 0.891383 19.07813 1.202803 0 0.0 0.042755153521850435 9.114397754141136 0.0
0.01346809 -0.02808811 -4.591476 -4.20385 1.469379 1.732933 0.8728941 19.13313 nan 0 0.0 0.031150142401282853 6.225271615044279 0.0
0.01071804 0.01502397 -3.919373 -5.644606 0.3564028 0.324803 0.5310916 17.85996 1.472517 0 0.0 0.018455244674685296 6.871903783404203 0.0
0.002535817 0.004625553 -2.16678 -4.286706 0.1671506 0.1466044 0.3650632 16.44656 1.343751 0 0.0 0.005275045820966677 4.80320558573501 0.0
-0.02679864 -0.006687987 -5.458422 -8.642591 1.717531 1.856954 0.9023181 19.42741 1.280159 0 0.0 0.02762057703889926 10.22197387608504 0.0
0.0238005 -0.001375389 -2.42525 -9.689845 1.775416 1.863401 0.900867 19.37771 1.613415 0 0.0 0.023840207531632792 9.988740345335092 0.0
0.02162937 0.02604888 -3.699984 -5.49255 0.6783696 0.6287499 0.6528492 18.85763 1.289896 0 0.0 0.033858142238629985 6.6225363043743295 0.0
0.01281173 0.01478534 -5.602055 -5.163854 0.3251287 0.3028225 0.6710561 17.70839 1.569366 1 0.0 0.01956391332296532 7.618950607291072 0.0
0.04836749 -0.009393633 -4.369289 -6.241508 0.1292465 0.120544 0.501927 16.19951 1.773765 1 0.0 0.04927123328920019 7.618865301315216 0.0
-0.02986752 0.03965795 -3.517096 -5.864369 1.713557 1.781591 0.9209875 19.40616 1.184862 0 0.0 0.04964697119817985 6.838186019799183 0.0
-0.02613985 0.003680506 -0.678154 -6.357055 0.8523258 0.811453 0.6865404 19.05805 1.284641 0 0.0 0.026397687066077133 6.393124519414665 0.0
0.00771492 0.01034356 -2.938018 -4.409548 0.1724879 0.1571234 0.5706672 16.57742 1.36287 0 0.0 0.0129038453214536 5.298685056938939 0.0
-0.003661083 -0.02995661 -3.797942 -7.87722 2.028719 2.241258 0.9024588 19.70123 0.9159927 0 0.0 0.03017949654028359 8.744996190037135 0.0
0.009287381 0.03932943 -8.811698 -8.053123 1.72059 1.647266 0.6309816 20.00676 0.9259796 0 0.0 0.040411131015650394 11.937286613646041 0.0
0.02805042 0.03283771 -2.550661 -2.350275 0.6109402 0.5077146 0.1704525 18.70178 1.379572 1 0.02108111 0.043187281232100035 3.4683806181770187 0.0
-0.02247484 -0.003553326 -1.30175 -3.920088 0.507686 0.4524493 0.3754261 18.57982 1.317911 0 0.0 0.02275400093803013 4.130574171981905 0.0
-0.005177433 0.01019683 -2.431417 -7.511183 0.3201917 0.298893 0.4561929 17.92158 1.340721 0 0.0 0.011435958836861429 7.8949134692774185 0.0
0.02430245 0.02899331 -0.2745458 -8.626021 2.256491 2.017435 0.7504352 19.43982 nan 0 0.0 0.037831482931000734 8.630388965089502 0.0
-0.03851356 0.020685 -5.173821 -7.244272 2.028838 1.711113 0.2677971 19.83196 0.8918858 0 0.0 0.04371685634710712 8.902128989743128 0.0
-0.01420984 -0.0172926 -3.071472 -3.79663 0.3067666 0.2677724 0.4045844 17.95376 1.523373 0 0.0 0.02238199203792192 4.883476180312954 0.0
0.02297401 -0.002067596 -4.663328 -4.913262 0.5861914 0.5381849 0.4372167 18.93792 1.284462 0 0.0 0.0230668612667462 6.773977525518371 0.0
0.01677985 0.02259545 -5.145937 -2.387924 0.6737501 0.6284561 0.5420809 19.0423 1.329353 0 0.0 0.028144586099727954 5.672992917124522 0.0
-0.01076912 0.004562155 -1.386996 -5.2103 0.6000262 0.5530112 0.6397481 16.28052 1.220312 0 0.0 0.011695606175757843 5.391751477397303 0.0
0.01022223 0.01580793 -2.735053 -6.986383 0.7396027 0.6700793 0.3084976 19.05296 1.196836 0 0.0 0.018825106561658558 7.502670346982999 0.0
0.01148721 -0.007986359 -1.798153 -4.25797 0.462862 0.4329651 0.5565618 18.30186 nan 0 0.0 0.013990636999828885 4.622084241152361 0.0
-0.02305101 -0.01539616 -3.84733 -4.431834 0.7216049 0.6371997 0.5697789 18.43777 1.490807 0 0.0 0.027719863000485772 5.868824476201005 0.0
-0.01307886 -0.0336499 -1.769645 -7.173913 0.7103643 0.6670465 0.651505 18.88975 1.436295 0 0.0 0.036102248529829836 7.388956026232258 0.0
0.005178891 -0.02752861 -4.857371 -4.346266 1.708015 2.022471 0.8691752 19.5844 0.8996677 0 0.0 0.028011520496431123 6.5179813726641616 0.0
-0.03998562 -0.02630873 -5.194633 -1.550121 0.3446766 0.3210714 0.5322433 18.11098 nan 0 0.0 0.047864382175029696 5.420985806966294 0.0
0.04944807 0.006141283 -2.848139 -5.871221 0.5375378 0.498328 0.5228227 18.92436 1.293444 0 0.0 0.04982797390634089 6.525575207915545 0.0
-0.008237448 0.04255292 -6.9387 -4.141822 0.1427584 0.1274554 0.36794 16.6863 0.8371258 0 0.0 0.04334289503573918 8.08085683388117 0.0
0.006006975 0.01069652 -6.105727 -3.526643 0.6204197 0.5249714 0.1215546 18.32343 1.188719 0 0.0 0.012267815158414517 7.051036310215542 0.0
0.03094452 0.03685769 1.023119 -4.354124 1.788931 1.446246 0.05211669 19.91987 1.515215 0 0.0 0.04812538446772659 4.472713750681682 0.0
0.04911372 -0.003111129 -2.003838 -3.347451 0.43002 0.3990794 0.485017 18.61797 1.251411 0 0.0 0.04921215922811192 3.901383719610902 0.0
-0.02424346 0.02503367 -3.877517 -3.453732 0.5371131 0.4851358 0.3691183 18.76899 1.129961 0 0.0 0.03484867266396957 5.19262966261922 0.0
-0.02274936 -0.008451449 -4.482816 -8.651681 1.545085 1.667924 0.8282424 19.19756 1.207409 0 0.0 0.024268505734989145 9.744086587034056 0.0
0.0390052 -0.001945846 -2.658564 -5.195553 0.4775591 0.4804471 0.6845685 18.40249 1.416435 0 0.0 0.03905370588939948 5.836243099623679 0.0
0.001406071 -0.02448438 -7.359725 -13.0076 1.343049 1.476043 0.8825579 19.2466 1.184708 0 0.0 0.02452472017457979 14.94534074003082 0.0
0.001351556 0.0257094 -4.409921 -6.316399 0.6099773 0.5751286 0.5652199 18.98708 1.455452 0 0.0 0.025744901475459873 7.70352513810671 0.0
0.01236513 -0.0417694 -2.250186 -2.615006 1.952745 2.063337 0.8900303 19.81298 0.5157146 0 0.0 0.04356121229117597 3.4498686083142354 0.0
0.04258733 0.001661641 -13.73743 -11.44061 0.6324351 0.5983605 0.6022753 19.03564 1.206282 0 0.0 0.04261973401303416 17.877486964811357 0.0
0.01080092 0.01758362 -0.1397735 -3.366692 1.523786 1.364362 0.5306763 19.65216 0.7572021 0 0.0 0.02063597744597527 3.369592208883183 0.0
-0.001100073 -0.0218942 -2.577711 -3.816274 0.5059054 0.4566039 0.5597136 18.62041 1.376394 0 0.0 0.02192181913631551 4.605273199561238 0.0
0.04296623 -0.01715258 -1.078786 -5.228462 0.1592165 0.1472232 0.4626604 16.62027 1.888002 1 0.0 0.046263462052350775 5.3385947700907215 0.0
-0.01575269 -0.01324159 -6.08998 -7.676317 0.3654563 0.3194279 0.3591049 18.15565 1.114546 0 0.0 0.020578798506331705 9.798658024693433 0.0
-0.0200171 -0.0411658 -0.5944135 -4.645699 0.1444706 0.1255555 0.3202172 16.18353 2.022717 1 0.0 0.04577452765512715 4.683571992356181 0.0
-0.008564854 -0.003139542 -2.483571 -3.742507 0.1711129 0.1604748 0.5665139 16.55925 1.544209 0 0.0 0.009122140538880115 4.491601446821612 0.0
0.004630183 0.02628534 -1.736661 -10.08835 2.072278 2.411013 0.8752805 19.69842 nan 0 0.0 0.026690029852532743 10.236737622476264 0.0
0.02043944 -0.004666854 -5.55277 -0.8287534 1.605242 1.672463 0.9088739 19.34734 0.7598705 0 0.0 0.02096545334045787 5.614275275662171 0.0
0.0006901957 0.003141661 -2.186665 -4.33556 0.1676715 0.1486926 0.3906585 16.36193 1.246005 0 0.0 0.0032165826498349905 4.855778447975669 0.0
-0.02077244 0.02748908 -4.179306 -9.854826 0.05844325 0.05103841 0.259763 13.25636 2.190744 1 0.0 0.03445495295019281 10.704400689992504 0.0
0.02763698 0.03216451 -1.409674 -3.311614 0.3548019 0.3215967 0.474877 17.84011 1.47287 0 0.0 0.04240705562828549 3.599162134618556 0.0
0.01074608 0.02042748 -12.76531 -8.692326 1.071701 0.9463861 0.4105325 19.06801 nan 0 0.0 0.023081598179432897 15.44375830833855 0.0
0.01533853 -0.04541469 -2.203951 -6.565197 1.959041 2.049616 0.9448902 19.33955 nan 0 0.0 0.047935003602346794 6.925258959722012 0.0
-0.0203897 0.04509778 0.7798183 -2.981383 0.9076275 0.8166181 0.4920314 18.64667 1.149006 0 0.0 0.04949292501982885 3.0816815496906704 0.0
0.006391049 -0.01930419 -1.714134 -3.620918 0.8052297 0.8177734 0.7663437 19.10952 1.399733 0 0.0 0.02033463200740306 4.0061580763469635 0.0
0.0228667 0.01298713 0.8247593 -2.785122 1.507607 1.524025 0.8353157 19.10613 0.996212 0 0.0 0.026297367064535185 2.904674242978116 0.0
-0.03023681 -0.02579471 -4.381595 -8.826497 1.349775 1.331771 0.6341944 19.10917 nan 0 0.0 0.039744581303118545 9.854208442844813 0.0
-0.03026451 -0.02516339 -2.153179 -6.811916 0.487639 0.4344498 0.4517849 18.73 1.499481 0 0.0 0.03935907470752076 7.144115018467788 0.0
0.01143123 -0.01741628 -6.011961 -5.756966 0.5365263 0.5080921 0.53142 18.83665 1.694218 0 0.0 0.02083266253629862 8.323841216089901 0.0
-0.01649587 -0.01665775 1.468276 0.4818075 1.885276 2.109293 0.5327232 19.35151 1.361292 0 0.0 0.023443428975288574 1.5453067265861007 0.0
-0.01443306 0.006724704 -2.870972 -2.751436 0.9667139 0.9681671 0.8260965 18.98713 1.268517 0 0.0 0.015922778176286196 3.9765412467218293 0.0
-0.04881031 0.003448367 -4.356083 -6.656014 0.7464269 0.6764602 0.3351807 18.55498 1.280609 0 0.0 0.048931969071996165 7.954745845788223 0.0
-0.0128601 -0.01920934 0.08026008 -7.990921 0.4842671 0.4213543 0.3968635 18.69788 1.150518 0 0.0 0.02311668045471927 7.99132405228837 0.0
0.01093403 -0.03334069 -2.837971 -5.2636 0.6736675 0.6224036 0.4798732 18.96975 nan 0 0.0 0.03508781300846492 5.979930129762471 0.0
-0.02104308 -0.0003563504 -5.57937 -11.97778 0.5909921 0.5540776 0.5478717 18.89855 1.193153 0 0.0 0.021046097060832446 13.213500040689445 0.0
0.0008003855 0.003931302 -0.1236639 -5.134503 0.5592966 0.4875019 0.3401023 16.65184 0.9939356 0 0.0 0.004011951191604186 5.135991999329069 0.0
0.003637091 -0.01468638 -3.10327 -4.62679 0.276349 0.246035 0.5607951 16.71381 1.579414 0 0.0 0.015130042579143028 5.571128287609253 0.0
0.02211423 -0.03404795 -2.818123 -5.623292 0.1271241 0.1167047 0.410636 16.42283 1.943269 1 0.0 0.04059928654170415 6.289930854977104 0.0
0.006997 -0.01844782 -1.566541 -4.673483 1.86041 1.943145 0.8714776 19.69557 0.6419106 0 0.0 0.019730181746562804 4.929045957989233 0.0
0.04933835 0.007274293 -2.859344 -2.681559 1.537865 1.454786 0.8529484 19.32801 1.060961 0 0.0 0.049871716627486865 3.9200263750154796 0.0
-0.007545916 0.0002880321 -2.66208 -4.448863 0.1797562 0.1578498 0.3974496 16.72159 0.8638029 0 0.0 0.007551411177368532 5.184501125389887 0.0
-0.02544474 -0.02673965 1.772962 4.314513 2.398989 1.804424 -0.1596692 20.10285 nan 0 0.0 0.03691129469132856 4.664591802142284 0.0
0.02989145 0.01264226 -3.120681 -4.600377 1.502966 1.608002 0.5688832 19.95112 1.205549 0 0.0 0.0324549768296035 5.5589673902524375 0.0
-0.01878231 -0.01352431 -2.847116 -4.455744 1.617912 1.77483 0.8718204 19.38715 1.589046 0 0.0 0.02314480783917205 5.2876955387949485 0.0
0.0008554847 0.004865903 -3.382445 -4.531064 0.3009211 0.284576 0.5486536 17.01912 nan 0 0.0 0.004940532975028412 5.654332423029354 0.0
0.01782363 0.001402746 -0.8561428 -4.759265 1.516291 1.470503 0.8697745 19.19942 1.347189 0 0.0 0.01787874387974211 4.8356575389720104 0.0
0.03382992 0.009297636 1.095413 -7.22937 1.249052 1.325191 0.8861487 19.21625 0.9508324 0 0.0 0.03508432017860537 7.3118889650670305 0.0
-0.02255368 -0.02375026 -5.953726 -8.430461 1.408216 1.121479 0.1559314 19.62221 1.165066 0 0.0 0.032752760671583094 10.320829712556883 0.0
0.003528099 0.02538892 -4.023471 -8.460013 0.4027093 0.3688105 0.4949053 18.51847 1.364456 0 0.0 0.02563288398366834 9.368038153637611 0.0
0.01300383 0.007871183 -1.881349 -4.414426 0.3602357 0.3304218 0.4413191 18.1171 1.295996 0 0.0 0.015200497244774232 4.798607190558214 0.0
0.01506965 0.006148606 -2.508475 -4.067575 0.07115629 0.06091876 0.2137214 14.59379 1.884135 1 0.9952634 0.0162757398254499 4.778871541091055 0.0
0.0001668249 0.007181427 -2.071311 -4.526152 0.2639306 0.236651 0.4346648 16.84225 1.367101 0 0.0 0.00718336441394901 4.977587888307448 0.0
-0.008562617 -0.03450589 -3.140126 -4.605156 2.599132 2.534067 0.8543823 19.92286 nan 0 0.0 0.035552424032417096 5.573854418641735 0.0
0.008374274 -0.01537135 -5.769037 -5.600654 1.404136 1.493024 0.8910724 19.15452 nan 0 0.0 0.017504481307641654 8.040467221193369 0.0
-0.01900094 -0.0243104 -3.451221 -9.526539 0.7445527 0.6385551 0.3196549 19.08445 nan 0 0.0 0.030855003954684563 10.132416874041553 0.0
0.02645211 0.03173372 8.12867 -4.702243 0.7818872 0.6798189 0.3266888 19.05348 1.678312 0 0.0 0.04131274753015708 9.390759564590555 0.0
0.01132592 0.03416225 -2.406724 -6.912733 0.828115 0.8171412 0.6909896 18.99467 1.12726 0 0.0 0.03599077366366136 7.319712968516252 0.0
-0.01649881 0.004796108 -3.636705 -6.560186 1.033953 0.9856626 0.7090069 19.08253 1.152672 0 0.0 0.01718177474429705 7.500777533804145 0.0
-0.01831267 -0.02284927 -2.62727 -3.560796 0.9695008 0.7374539 -0.1282824 18.97927 1.431522 0 0.0 0.029282128031647564 4.425134552362899 0.0
-0.004625723 -0.009422132 -2.63271 -3.907359 0.1222507 0.109015 0.4276504 16.21186 1.617002 1 0.9864272 0.010496374836016146 4.711540756374819 0.0
0.02568292 0.04244746 -1.060396 -5.578525 0.6625708 0.5777809 0.2587244 18.85915 nan 0 0.0 0.04961249076772905 5.678413585891837 0.0
