jas1101finalproject/data/gcs/NGC_6426.ecsv
# %ECSV 0.9
# ---
# datatype:
# - {name: x, unit: deg, datatype: float64}
# - {name: y, unit: deg, datatype: float64}
# - {name: pmx, unit: mas / yr, datatype: float64}
# - {name: pmy, unit: mas / yr, datatype: float64}
# - {name: pmx_e, unit: mas / yr, datatype: float64}
# - {name: pmy_e, unit: mas / yr, datatype: float64}
# - {name: pm_corr, datatype: float64}
# - {name: g_mag, unit: mag, datatype: float64}
# - {name: bp_rp, unit: mag, datatype: float64}
# - {name: filter, datatype: int64}
# - {name: memberprob, datatype: float64}
# - {name: r, unit: deg, datatype: float64}
# - {name: pm, unit: mas / yr, datatype: float64}
# - {name: member_prob_GMM, datatype: float64}
# meta: !!omap
# - comments: [deg deg mas/yr mas/yr mas/yr mas/yr dimless mag   mag   zeroone float]
# - __serialized_columns__:
#     bp_rp:
#       __class__: astropy.units.quantity.Quantity
#       unit: &id001 !astropy.units.Unit {unit: mag}
#       value: !astropy.table.SerializedColumn {name: bp_rp}
#     g_mag:
#       __class__: astropy.units.quantity.Quantity
#       unit: *id001
#       value: !astropy.table.SerializedColumn {name: g_mag}
#     pm:
#       __class__: astropy.units.quantity.Quantity
#       unit: !astropy.units.Unit {unit: mas / yr}
#       value: !astropy.table.SerializedColumn {name: pm}
#     pmx:
#       __class__: astropy.units.quantity.Quantity
#       unit: !astropy.units.Unit {unit: mas / yr}
#       value: !astropy.table.SerializedColumn {name: pmx}
#     pmx_e:
#       __class__: astropy.units.quantity.Quantity
#       unit: !astropy.units.Unit {unit: mas / yr}
#       value: !astropy.table.SerializedColumn {name: pmx_e}
#     pmy:
#       __class__: astropy.units.quantity.Quantity
#       unit: !astropy.units.Unit {unit: mas / yr}
#       value: !astropy.table.SerializedColumn {name: pmy}
#     pmy_e:
#       __class__: astropy.units.quantity.Quantity
#       unit: !astropy.units.Unit {unit: mas / yr}
#       value: !astropy.table.SerializedColumn {name: pmy_e}
#     r:
#       __class__: astropy.units.quantity.Quantity
#       unit: &id002 !astropy.units.Unit {unit: deg}
#       value: !astropy.table.SerializedColumn {name: r}
#     x:
#       __class__: astropy.units.quantity.Quantity
#       unit: *id002
#       value: !astropy.table.SerializedColumn {name: x}
#     y:
#       __class__: astropy.units.quantity.Quantity
#       unit: *id002
#       value: !astropy.table.SerializedColumn {name: y}
# schema: astropy-2.0
x y pmx pmy pmx_e pmy_e pm_corr g_mag bp_rp filter memberprob r pm member_prob_GMM
[from data line 458]
-0.001472849 -0.005864114 -2.28154 -3.165627 0.2908726 0.308375 0.5458999 18.08507 1.336535 0 0.0 0.006046248190555611 3.9021300689147975 0.0
-0.02240625 0.003922733 -3.394085 -5.875588 1.734946 1.923022 0.6488904 20.4043 1.127277 0 0.0 0.022747040977933567 6.785451151763528 0.0
0.04621446 -0.008632315 -0.4324517 -0.391341 1.590426 1.78796 0.5482406 20.56177 1.033703 1 0.6149989 0.04701375517176675 0.583234302072409 0.0
-0.007506134 -0.008197968 -1.076074 -2.021757 0.287469 0.3002833 0.5743357 17.99618 1.4613 0 0.0 0.011115247498593092 2.290291819948934 0.0
-0.03986667 -0.01372997 -1.315702 -2.162721 1.861522 2.061147 0.7103256 20.55475 1.133476 0 0.0 0.04216471810755765 2.531488470573192 0.0
0.00492609 -0.009640177 -2.191922 -3.545383 0.2756286 0.315211 0.5502471 18.04012 1.149904 0 0.0 0.010825866029072638 4.16824455505828 0.0
-0.03806756 0.02172352 -2.131265 -1.393801 1.889687 2.203542 0.5090059 20.5892 0.9920025 0 0.0 0.043829789476382386 2.5465607646050783 0.0
0.04923111 -0.008838646 -4.146013 -4.920606 1.192461 1.344391 0.6644744 20.1464 0.1871185 1 0.4742842 0.05001823522422014 6.434422056673388 0.0
0.004743211 0.001624861 5.765587 0.6238808 3.695801 3.959696 0.3516828 20.58397 nan 0 0.0 0.0050138033327846035 5.799243115026101 0.0
0.0009953458 -0.04716226 -7.414996 -3.268982 1.049228 1.235989 0.4545224 20.2687 1.066956 0 0.0 0.0471727620727171 8.103604691514759 0.0
0.01772489 -0.0632854 0.1775245 0.6699497 0.5968329 0.6389747 0.5285871 19.28311 1.561958 1 1.794104e-05 0.06572072411859216 0.6930710992606314 0.0
-0.02054746 0.00767278 -6.10988 -5.789433 1.569067 1.73983 0.6594963 20.38778 1.535969 0 0.0 0.021933300375912422 8.417135384196277 0.0
-0.01774435 -0.003687202 -1.823994 -2.947509 0.07849217 0.06879173 0.286489 15.61644 1.705518 1 0.9997111 0.018123394149863428 3.466231875843998 0.0
0.007424685 -0.004018967 -1.618291 -3.366647 0.5609926 0.558426 0.5560108 18.77749 1.301535 0 0.0 0.008442632474312381 3.7353952646661104 0.0
-0.0165565 -0.03598721 3.926143 -6.937201 1.739615 1.918287 0.7276196 20.23366 1.04291 0 0.0 0.039613090965413184 7.971157793623835 0.0
-0.006774808 -0.005344579 -1.659357 -2.990039 0.2337751 0.2207692 0.4878522 17.69648 1.446859 0 0.0 0.008629168449167337 3.4196196974181206 0.0
-0.0066225 -0.01272936 -1.527422 -3.510111 2.132525 2.409364 0.6142022 20.82342 nan 0 0.0 0.014349010846033952 3.828040908663987 0.0
-0.04654001 -0.0166825 5.676788 -0.5172715 1.373987 1.520932 0.6909477 20.18795 1.429573 0 0.0 0.04943964337502951 5.700306290161631 0.0
0.05550913 -0.02698484 0.9333453 -3.993793 0.8742258 0.9164507 0.6002719 19.6892 1.502203 0 0.0 0.0617207023873068 4.101404146860084 0.0
-0.02606172 0.04415714 -4.068954 -10.35274 0.5589095 0.6071365 0.5252568 19.27246 1.09823 1 0.0 0.05127442113118392 11.123651026606147 0.0
-0.01225928 0.0212997 -0.2923614 1.787513 0.7990813 0.8450223 0.6292762 19.58146 1.403858 0 0.0 0.02457574345179409 1.8112641754804735 0.0
0.01147724 0.003558012 -3.066085 -2.500011 1.433052 1.57651 0.7002789 20.28947 1.485735 0 0.0 0.012016092851245117 3.956125911462627 0.0
-0.01299074 0.007462134 1.56567 3.830509 1.429433 1.595545 0.6114044 20.26245 1.124146 0 0.0 0.014981414138243292 4.138130223661527 0.0
-0.04087185 -0.004160522 -2.008898 -3.04128 0.06979768 0.06464018 0.3884815 15.49162 1.689714 1 0.9955429 0.04108306300332272 3.6448669677786594 0.0
0.002945358 0.02772334 -3.140072 -5.180247 0.7949632 0.8449247 0.5677538 19.40967 1.325916 0 0.0 0.02787936000886254 6.057640724423412 0.0
0.0176632 -0.01908141 8.527677 -4.200013 1.217364 1.356728 0.6102302 20.1546 1.023085 0 0.0 0.026001708440564056 9.505860519516263 0.0
-0.000802462 0.024416 -1.549965 -3.702104 1.694153 1.875288 0.6747756 20.44331 1.535843 0 0.0 0.02442918339325824 4.013473000786352 0.0
-0.006013069 -0.01165552 -0.9563479 -2.739827 0.8388236 0.8977228 0.6404659 19.66302 1.074821 0 0.0 0.01311518758040315 2.9019395747953487 0.0
-0.007201454 -0.01274771 -1.760313 -2.083581 0.5093815 0.5711302 0.5752791 18.83009 1.255705 0 0.0 0.014641210672557648 2.727638473392323 0.0
-0.03471512 0.04288424 -5.088579 -4.021974 0.651276 0.7160515 0.5590077 19.4583 1.47098 1 0.0001539856 0.05517424758881629 6.486132213878855 0.0
-0.03410639 0.0229305 -0.686198 -6.900557 2.248365 2.74288 0.3781299 20.94466 1.488266 0 0.0 0.041098098120011584 6.9345911635404285 0.0
0.02567811 -0.05707085 -1.426602 -4.528213 0.6844767 0.7180538 0.5829157 19.47399 1.115438 1 0.08072684 0.06258152485274387 4.747621113755077 0.0
0.007059005 3.462278e-05 -0.7755898 -3.60162 1.905571 1.904009 0.5187447 19.24423 1.140083 0 0.0 0.007059089907836557 3.6841832422212715 0.0
-0.00692733 -0.03043742 -7.323505 1.745306 0.5973333 0.6387944 0.6268682 19.22344 1.383074 0 0.0 0.031215772250343256 7.528600037102581 0.0
-0.007597243 0.03303152 -1.850379 -3.591343 0.3043507 0.3633713 0.4712202 18.2181 0.6396637 0 0.0 0.03389394362878786 4.040005815254478 0.0
-0.01941987 0.01675245 -1.902734 -3.030647 0.1371397 0.1321124 0.5053859 16.76851 1.544761 1 0.9989385 0.025647142761317486 3.5784379152592547 0.0
0.004743498 -0.06146044 -0.6623721 -6.732543 0.755332 0.9037415 0.8054766 19.07096 1.447765 1 0.0 0.061643219077767215 6.7650478228692075 0.0
-0.03904372 -0.007641266 -3.716303 -1.206441 1.041757 1.037922 0.6516019 19.89109 1.31156 0 0.0 0.03978443184866608 3.9072250862076014 0.0
-0.0346853 0.02373542 -6.574518 -5.143773 2.499236 3.033028 0.0223725 20.92903 0.8679676 0 0.0 0.04202903994461925 8.347615684005405 0.0
-0.03041905 0.03795528 0.7972337 -11.97172 2.095028 2.484952 0.4788791 20.89539 1.444286 0 0.0 0.048640743032779626 11.998235759094571 0.0
-0.02740512 -0.05953224 0.4861405 -6.204584 0.2956167 0.3040222 0.5461208 18.1012 1.460901 1 0.0 0.0655372276010513 6.223599858506027 0.0
0.008460669 -0.0003659099 -4.63072 -8.311048 3.013015 3.34935 0.8412121 20.80568 0.5836239 0 0.0 0.008468577801642908 9.514046803369427 0.0
-0.01006608 -0.0472509 -3.051872 -3.506826 1.779525 1.960267 0.7168288 20.49735 1.031742 1 0.6539307 0.04831121523390195 4.648844081990705 0.0
0.0009038749 0.0150595 0.5678117 -0.144595 2.726141 2.940435 0.8219362 20.65947 0.9611015 0 0.0 0.01508660101165435 0.5859333073668795 0.0
-0.008511457 0.01896936 -0.3217875 -5.531591 0.625907 0.6574108 0.6013734 19.08718 1.331549 0 0.0 0.020791380884213752 5.540942716400996 0.0
-0.02679544 -0.05079899 -5.287167 -2.852521 2.100996 2.123749 0.5858941 20.59949 1.029873 0 0.0 0.05743285636126502 6.007579457762502 0.0
-0.01216808 0.00312529 -2.912043 -4.577238 2.053657 2.105717 0.467643 20.2398 0.691494 0 0.0 0.012563025450523452 5.425043976088397 0.0
0.007759828 0.0009573077 -0.87289 -2.171218 0.744783 0.7914426 0.6046677 19.55171 0.9916 0 0.0 0.007818655167102798 2.340112081850782 0.0
-0.03886105 -0.01196261 -4.449255 -4.851886 0.8268876 0.8825232 0.6593928 19.62409 1.199863 1 0.2091541 0.0406606104862507 6.583059153009413 0.0
0.01754201 -0.06085902 -1.541152 -6.101374 0.3879212 0.4332612 0.5867778 18.54978 1.824003 1 0.0 0.06333673839250407 6.293005178369075 0.0
0.03603722 -0.01194483 -2.343928 -4.292923 0.7210248 0.7618357 0.5972991 19.54217 1.283709 0 0.0 0.03796524975628766 4.891133442578826 0.0
0.01348828 0.006210681 -4.453002 -8.93922 1.038258 1.148404 0.67594 19.9242 1.196447 0 0.0 0.014849453048586033 9.986935516984378 0.0
-0.01990806 -0.01774599 -1.43134 -2.653619 0.3475792 0.3861819 0.659553 18.2814 1.338417 1 0.9881482 0.026669289717645275 3.0150336636198607 0.0
-0.005159979 -0.03278585 0.607357 -0.7039021 1.941084 2.218031 0.745899 20.46191 1.168814 0 0.0 0.03318941613681899 0.9297100041590441 0.0
-0.01073615 -0.01531426 -2.794665 -5.296107 1.350516 1.475396 0.7298874 20.10592 1.170275 0 0.0 0.01870271306976878 5.988230274269186 0.0
-0.01722663 -0.02109653 -1.777519 -3.553983 0.2714574 0.2852722 0.5972289 17.96915 1.13027 1 0.9204668 0.027236379333490712 3.973709722620665 0.0
-0.03980387 0.03439076 4.677687 -5.276625 2.330247 2.884434 0.4090796 20.95444 1.776598 0 0.0 0.05260296988150479 7.051491123201815 0.0
-0.0008939272 -0.03905102 -3.719 -7.839983 2.761572 3.094522 0.7576468 20.85218 0.7049732 0 0.0 0.03906125022166213 8.677343743351937 0.0
-0.02743527 -0.04720219 0.008275736 -8.269669 0.696986 0.7282084 0.592261 19.41681 1.173164 1 0.0 0.0545961608610807 8.26967314090269 0.0
0.009009126 0.001820155 -2.110268 -3.821616 0.3651348 0.4104045 0.6226785 18.26199 0.7122879 0 0.0 0.009191154198896948 4.365544626192705 0.0
-0.04659875 0.03208649 -3.125735 -3.698457 2.369537 2.809403 0.428928 20.89864 1.063982 0 0.0 0.056577259937916756 4.8423964595098985 0.0
-0.04081186 -0.02859962 -5.053051 -8.570486 2.505112 2.733716 0.8368267 20.63682 0.4776115 0 0.0 0.04983519018528975 9.949198695613482 0.0
-0.01402649 0.02605617 -2.457977 -3.669347 0.6668661 0.6878567 0.7432796 19.03863 1.34811 1 0.9637241 0.029591661271192598 4.4165323885303955 0.0
-0.028441 -0.05269556 0.2203514 -3.413586 1.146501 1.106412 0.4625454 19.93544 nan 0 0.0 0.059880819339030424 3.4206905909301355 0.0
-0.02795165 0.01399939 2.4326 5.3874 1.901263 2.067171 0.7021453 20.57375 2.320356 0 0.0 0.03126144043537661 5.9111438419311035 0.0
0.05596623 -0.02737296 -1.669874 -3.521213 1.06384 1.118475 0.6046152 20.05652 0.6679344 0 0.0 0.06230166803203988 3.8971040744692718 0.0
0.05014577 -0.01967163 -2.055882 -9.393043 0.2931822 0.3220462 0.5335436 18.14158 1.550171 1 0.0 0.053866235024826084 9.61539950276498 0.0
0.03573364 -0.04503519 0.002864282 -3.403687 0.9527209 1.008939 0.5385182 19.84707 1.305645 0 0.0 0.05748966312291019 3.4036882051798423 0.0
-0.005190381 -0.01861163 -1.990602 -2.476808 0.4152843 0.4634763 0.595529 18.59658 1.210726 0 0.0 0.01932182253779547 3.1775893679435674 0.0
-0.004976968 0.004854242 -2.224422 -3.42235 0.2313462 0.2203393 0.4828643 17.72958 1.221262 0 0.0 0.006952256890218312 4.081731588013107 0.0
-0.05890903 0.02463368 -2.870585 -8.007905 0.4531608 0.5118571 0.4963046 18.86722 1.266108 1 0.0 0.06385211042622867 8.50686785669379 0.0
-0.002356435 0.026732 -1.496334 -3.489555 0.6535292 0.7026867 0.6245572 19.27509 1.540422 1 0.9445468 0.026835659297085007 3.796842048015825 0.0
-0.01929842 -0.006490261 -1.950429 -0.7977812 0.7068191 0.7424866 0.6061356 19.25291 1.334942 0 0.0 0.020360562427018586 2.1072797932677187 0.0
-0.0072928 -0.003110832 -1.393448 -2.660113 0.3025482 0.3156928 0.5237005 18.09745 0.8321095 0 0.0 0.007928569074695887 3.0029816019204976 0.0
0.03317363 -0.03392354 0.846242 -3.14899 0.8524584 0.897063 0.5899176 19.63946 1.56678 0 0.0 0.04744782706835478 3.2607151888295918 0.0
-0.04266768 0.04294152 -6.857115 -12.02093 0.2252466 0.2178769 0.3710177 17.71001 1.154364 1 0.0 0.06053515554198898 13.839175704792718 0.0
0.006540876 0.01965623 -0.9167808 -1.273139 1.534649 1.691784 0.7543943 20.08865 1.271418 0 0.0 0.020715946434094582 1.5688753770040629 0.0
-0.009243142 -0.02565115 1.427173 -8.937319 0.9863687 0.9862903 0.6183342 19.96416 1.243437 0 0.0 0.027265677515049283 9.050552120157644 0.0
-0.007506271 -0.02722854 -0.9639859 -2.893112 1.75524 1.931573 0.7197094 20.48963 0.8882637 0 0.0 0.028244247110819593 3.049486163264692 0.0
0.007180699 0.02721243 -2.488007 -3.42175 0.9190124 0.9963633 0.5719631 19.58223 1.297499 0 0.0 0.028143894269157227 4.2306680198934306 0.0
-0.007018566 -0.003874489 -3.043618 -4.126755 1.44892 1.615368 0.6923973 20.07062 0.7886562 0 0.0 0.008016977841273917 5.127739985602721 0.0
-0.007445077 0.007709558 -2.738196 -3.438795 0.8159548 0.8663363 0.6192329 19.3974 nan 0 0.0 0.01071757696922644 4.395796672554476 0.0
-0.04336924 0.02507542 -2.94324 -5.400023 1.850339 2.229086 0.8669569 20.16172 1.310465 0 0.0 0.05009658338004699 6.150033341220924 0.0
-0.02457077 -0.04242459 2.357365 -2.329214 1.778802 1.99784 0.6954954 20.53768 0.9017525 0 0.0 0.04902620294353826 3.3139715751679284 0.0
-0.02597232 -0.03591406 -0.4812291 -3.785534 0.9030496 0.9064464 0.6097385 19.84904 1.130764 0 0.0 0.04432133923818187 3.815999097463574 0.0
-0.006622263 0.02415781 -2.243824 -3.642652 0.4211861 0.4579225 0.7311822 18.35122 1.549608 1 0.9807549 0.025049034936245926 4.278277660002913 0.0
-0.01171096 0.008063411 -0.5985586 0.7988795 2.497247 2.859489 0.8180003 20.4477 nan 0 0.0 0.014218480266066447 0.9982388757978773 0.0
-0.01137579 0.007886977 -0.0294413 -1.845479 0.9457162 1.012656 0.6889 19.69382 1.114449 0 0.0 0.013842434913071798 1.8457138265686506 0.0
0.01394522 0.01500953 -1.29834 -2.982136 2.265565 2.724864 0.3719062 20.74027 1.168789 0 0.0 0.02048792697344707 3.252510088853838 0.0
-0.05604474 0.0262984 1.135656 0.5121186 0.490806 0.5340078 0.4877972 19.06648 1.530428 1 0.0 0.061908147478563755 1.2457848974850996 0.0
0.0015133 0.003693848 -3.825882 2.077112 2.645399 2.804579 0.3301113 20.68453 nan 0 0.0 0.003991815368614135 4.3533627621033375 0.0
-0.004580755 0.02579621 2.41882 0.6358119 1.178368 1.22677 0.5607415 19.65714 1.180372 0 0.0 0.02619976653968743 2.5009891972140967 0.0
-0.0248746 -0.005105407 0.1860764 -4.156216 1.259816 1.401065 0.6926709 20.17898 2.057081 0 0.0 0.025393127136996128 4.160379293441038 0.0
-0.02304639 -0.007383062 3.179631 -10.08136 0.1622282 0.1541233 0.4911642 17.22074 1.23875 1 0.0 0.02420011769657214 10.570897442779444 0.0
-0.0008329717 -0.02467868 -1.306243 -11.83865 0.7373945 0.7879562 0.6007435 19.38369 1.271492 0 0.0 0.02469273351404014 11.91049556473403 0.0
0.02506808 -0.0324358 0.8266709 -5.299362 0.5062541 0.5354143 0.5470057 19.05065 1.258371 1 0.0 0.040993777046356684 5.36345246869503 0.0
-0.04275996 0.02216001 1.018807 -5.05014 0.5608429 0.606405 0.572805 19.12463 1.266647 1 0.0 0.04816098236541381 5.151881377016458 0.0
0.03893173 -0.00497885 -2.971428 -4.038953 1.032114 1.097197 0.4803944 19.90784 1.336935 1 0.8137873 0.03924880314245773 5.014232313664078 0.0
0.008490943 0.02348334 -1.965362 -2.982958 0.1824049 0.1697772 0.4065334 17.32238 1.543293 1 0.9978772 0.024971250881460644 3.5722102710797974 0.0
0.04472255 -0.03588124 -5.396525 -3.716577 0.5478461 0.5728402 0.5504671 19.16416 1.206974 1 0.0 0.05733733393209088 6.552513004378854 0.0
0.04399129 -0.0374844 2.064722 -5.060691 0.7387088 0.7775791 0.5687298 19.52894 1.283627 1 0.0 0.05779544825697003 5.465681140970904 0.0
-0.02856052 0.03344268 -2.464017 -6.04651 0.8738735 0.9799161 0.6039494 19.82862 1.766706 1 0.05821503 0.04397858738355292 6.5292926842337975 0.0
0.01415919 -0.03420006 -1.8775 -2.811389 0.1707579 0.1605124 0.3954533 17.34761 1.495731 1 0.9940373 0.037015223428471966 3.380667738675453 0.0
-0.03834157 0.0275872 3.46654 -10.93877 0.2075593 0.1909921 0.5073314 17.52877 1.375648 1 0.0 0.04723483453876916 11.474911271312733 0.0
-0.01567219 0.004973558 -0.7887467 -5.730097 1.174338 1.305908 0.6373359 20.14367 1.0121 0 0.0 0.01644243955669182 5.784127677201627 0.0
-0.02977945 0.02894614 -1.786391 -2.41116 0.3407907 0.3966456 0.5653159 18.404 0.6171951 1 0.9532398 0.04152944332882515 3.0008141146163987 0.0
-0.03928847 -0.03370732 -5.071253 -8.069154 1.449029 1.578326 0.6642462 20.32247 0.8636951 0 0.0 0.051766468843483036 9.530417266086777 0.0
0.004225185 0.007011927 -1.783041 -3.167711 0.1874275 0.1788685 0.4847862 17.44781 nan 0 0.0 0.008186532143560788 3.6350554586143526 0.0
0.0469469 -0.03378067 -3.69943 -3.953384 0.4129916 0.4597823 0.5956935 18.51678 1.24605 1 0.004162753 0.05783722923220734 5.414335358689559 0.0
-0.03928642 0.02025753 -0.4839327 -1.48994 2.54395 3.333093 0.8552939 20.56812 0.9890556 0 0.0 0.04420170039848354 1.5665605834851362 0.0
0.0201621 -0.031873 -1.959536 -3.055245 0.5264265 0.5596582 0.5564726 19.10032 1.361347 1 0.9704117 0.037714697472073136 3.629642316444005 0.0
0.03938981 -0.03188484 -3.228999 -3.409513 0.617874 0.6560607 0.5676243 19.33292 1.336527 1 0.5648 0.050677412657531166 4.695871957280138 0.0
-0.03633033 0.03378124 -1.551572 -8.71991 0.5479786 0.6380535 0.5311265 19.16408 1.78084 1 0.0 0.04960912268773254 8.856873380560659 0.0
