jas1101finalproject/data/gcs/NGC_1261.ecsv
# %ECSV 0.9
# ---
# datatype:
# - {name: x, unit: deg, datatype: float64}
# - {name: y, unit: deg, datatype: float64}
# - {name: pmx, unit: mas / yr, datatype: float64}
# - {name: pmy, unit: mas / yr, datatype: float64}
# - {name: pmx_e, unit: mas / yr, datatype: float64}
# - {name: pmy_e, unit: mas / yr, datatype: float64}
# - {name: pm_corr, datatype: float64}
# - {name: g_mag, unit: mag, datatype: float64}
# - {name: bp_rp, unit: mag, datatype: float64}
# - {name: filter, datatype: int64}
# - {name: memberprob, datatype: float64}
# - {name: r, unit: deg, datatype: float64}
# - {name: pm, unit: mas / yr, datatype: float64}
# - {name: member_prob_GMM, datatype: float64}
# meta: !!omap
# - comments: [deg deg mas/yr mas/yr mas/yr mas/yr dimless mag   mag   zeroone float]
# - __serialized_columns__:
#     bp_rp:
#       __class__: astropy.units.quantity.Quantity
#       unit: &id001 !astropy.units.Unit {unit: mag}
#       value: !astropy.table.SerializedColumn {name: bp_rp}
#     g_mag:
#       __class__: astropy.units.quantity.Quantity
#       unit: *id001
#       value: !astropy.table.SerializedColumn {name: g_mag}
#     pm:
#       __class__: astropy.units.quantity.Quantity
#       unit: !astropy.units.Unit {unit: mas / yr}
#       value: !astropy.table.SerializedColumn {name: pm}
#     pmx:
#       __class__: astropy.units.quantity.Quantity
#       unit: !astropy.units.Unit {unit: mas / yr}
#       value: !astropy.table.SerializedColumn {name: pmx}
#     pmx_e:
#       __class__: astropy.units.quantity.Quantity
#       unit: !astropy.units.Unit {unit: mas / yr}
#       value: !astropy.table.SerializedColumn {name: pmx_e}
#     pmy:
#       __class__: astropy.units.quantity.Quantity
#       unit: !astropy.units.Unit {unit: mas / yr}
#       value: !astropy.table.SerializedColumn {name: pmy}
#     pmy_e:
#       __class__: astropy.units.quantity.Quantity
#       unit: !astropy.units.Unit {unit: mas / yr}
#       value: !astropy.table.SerializedColumn {name: pmy_e}
#     r:
#       __class__: astropy.units.quantity.Quantity
#       unit: &id002 !astropy.units.Unit {unit: deg}
#       value: !astropy.table.SerializedColumn {name: r}
#     x:
#       __class__: astropy.units.quantity.Quantity
#       unit: *id002
#       value: !astropy.table.SerializedColumn {name: x}
#     y:
#       __class__: astropy.units.quantity.Quantity
#       unit: *id002
#       value: !astropy.table.SerializedColumn {name: y}
# schema: astropy-2.0
x y pmx pmy pmx_e pmy_e pm_corr g_mag bp_rp filter memberprob r pm member_prob_GMM
-0.06563224 -0.005253161 1.998174 -2.225398 1.139552 0.975644 0.2832992 20.36167 0.4921532 0 0.0 0.06584213413847945 2.990835266723997 0.0
-0.03723288 -0.0343722 0.82 -1.904959 1.852885 1.170978 -0.01788416 20.40838 0.7959156 0 0.0 0.050672827885706165 2.073950045608862 0.0
-0.04513578 0.008981308 2.06743 -1.267302 0.5240525 0.5626326 0.3095345 19.54675 0.735651 0 0.0 0.04602067502328996 2.4249373526142897 0.0
-0.04605152 0.004650575 2.489402 0.9228543 1.060069 1.140358 0.1636593 20.35888 0.331913 0 0.0 0.046285746641282835 2.6549543078238638 0.0
-0.06753581 -0.06816841 1.955819 -1.279043 0.6337532 0.6466206 0.1768474 19.91495 0.699749 1 0.9965365 0.09595841679750766 2.336916548918681 0.0
-0.05371774 0.0002960225 2.23886 -1.475762 0.6017217 0.5702936 0.3666811 19.49258 0.6717072 0 0.0 0.053718555639816916 2.681486076832024 0.0
-0.06676738 -0.0186294 3.830747 -1.293226 0.6790001 0.6324578 0.3755626 19.72968 0.6038151 0 0.0 0.06931765703213287 4.043149275637124 0.0
0.07845328 -0.06405714 1.135585 -1.800801 0.7026974 0.5596735 0.1116678 19.59794 0.6158237 1 0.9974129 0.10128294193860089 2.128952215017049 0.0
0.01146679 -0.07654314 1.57923 -1.833764 0.2690612 0.2236256 0.3000602 18.31954 0.921175 1 0.9997609 0.07739728389267739 2.4200532639997823 0.0
-0.03665244 -0.02481965 1.021168 -2.228569 0.8205061 0.7369275 0.2626644 20.11278 0.5640717 0 0.0 0.04426529548163098 2.4513881520446734 0.0
-0.02379272 -0.01344971 0.1731323 -3.739839 0.9508434 0.7703751 0.2383165 20.11766 0.6328735 0 0.0 0.027331085307438854 3.743844352964515 0.0
-0.02136515 -0.01293716 3.516437 -4.751037 1.246457 0.9927203 0.3026673 19.95437 0.4925346 0 0.0 0.024976784088190776 5.910810583188908 0.0
-0.0190153 -0.01354251 1.005131 -1.325553 1.05797 1.187908 0.1515938 20.27865 0.4617538 0 0.0 0.02334483264429411 1.6635441331596825 0.0
-0.03742519 -0.0009785044 1.722375 -2.396967 0.7358631 0.7964455 0.4188672 19.86915 0.5465755 0 0.0 0.037437979611577854 2.9516142091597946 0.0
-0.05128577 -0.002252804 1.16161 -2.852309 1.360162 1.300619 -0.04030233 20.39823 0.5199451 0 0.0 0.05133522504436224 3.0797734370536087 0.0
-0.007390674 -0.03068571 1.345809 -2.269239 0.2062753 0.1701501 0.3292089 17.62552 -0.0729332 1 0.9999184 0.031563188374725014 2.6383039066040133 0.0
-0.03837074 0.009186768 2.905073 -1.65839 0.7808811 0.8065056 0.3922613 19.91833 0.6299152 0 0.0 0.03945516942598807 3.3451018710091622 0.0
-0.03864253 0.006626842 1.234064 -1.115967 0.9755228 1.021766 0.429427 20.18574 0.5354042 0 0.0 0.03920663412859951 1.6638197922807025 0.0
-0.01273788 -0.02392361 3.547759 -4.847607 1.718463 1.224934 0.07811841 20.47851 nan 0 0.0 0.02710337068201112 6.007153031888733 0.0
-0.009364865 -0.03194879 2.332061 -1.678651 0.1950374 0.187211 0.2312575 17.93397 0.9254608 1 0.9933087 0.03329303048585882 2.8733913216827953 0.0
-0.05585255 -0.01216954 -0.02053908 -1.546079 0.9507832 0.8030336 0.1260928 20.2091 0.6260567 0 0.0 0.057162969178604604 1.5462154209709094 0.0
-0.04203768 0.002202165 1.898171 -2.018622 0.8164196 0.8816331 0.3304133 20.1225 0.4901505 0 0.0 0.04209532124202908 2.7709002010402686 0.0
-0.05743872 0.00604721 1.082345 -2.303334 1.29583 1.22483 -0.1071408 20.2914 0.619173 1 0.9976648 0.057756171133676266 2.544959373856683 0.0
-0.03323198 0.00456416 2.413469 -1.014114 1.277822 1.361356 0.2181323 20.45113 -0.2218838 0 0.0 0.033543942094303704 2.617873147988076 0.0
-0.005051426 -0.04336158 1.80597 -2.381978 0.9821224 0.8010056 0.2049712 20.15802 0.5920143 0 0.0 0.04365482246819789 2.989205050407884 0.0
-0.07370803 0.006966455 0.07351158 2.512731 1.773442 1.819376 -0.1602021 20.43739 0.317831 0 0.0 0.07403651249044572 2.5138060845568613 0.0
-0.03435137 -0.01984705 2.69709 -1.25957 1.637571 1.434238 -0.008068344 20.64138 0.6932755 0 0.0 0.03967268600157292 2.9767114494018396 0.0
-0.0364361 0.007319383 3.250005 4.885102 1.549296 1.673973 0.09343254 20.44979 0.1590977 0 0.0 0.03716399804529498 5.867431640030329 0.0
0.007020434 -0.07766744 3.410589 -1.652113 1.163766 0.819946 -0.05138635 20.10042 0.3844109 0 0.0 0.07798408638755702 3.7896694699788793 0.0
-0.06057091 0.006130305 1.758935 -2.746236 0.6044636 0.5780689 0.343808 19.5637 0.6285934 0 0.0 0.06088033982839719 3.26123665224114 0.0
-0.03350717 0.003110529 1.484643 -1.706762 0.4577794 0.4568675 0.31155 19.34938 0.671505 0 0.0 0.03365123819518 2.2621231978150527 0.0
-0.002226997 -0.1312785 15.40601 7.06638 1.784982 1.295728 0.2243949 20.59735 1.923981 0 0.0 0.13129738793246423 16.949302948041844 0.0
0.09020089 -0.01247673 1.557667 -2.193736 0.512164 0.4182312 0.2944606 19.37678 0.6897602 1 0.9991401 0.09105970210957755 2.6905025776952898 0.0
-0.1284052 0.00930334 -1.455821 -0.9539652 0.9944996 1.293053 -0.03748678 20.30241 0.3643837 1 0.6785003 0.12874178623195967 1.740535660896392 0.0
-0.03768877 -0.07406836 0.8973444 -5.131786 3.423934 2.516403 0.3043842 20.84302 0.494173 0 0.0 0.08310574791915719 5.209650134318749 0.0
-0.0548145 -0.01396864 2.223947 -3.285674 0.9887277 0.8448992 0.1348453 20.28207 0.5117188 0 0.0 0.05656635319427619 3.967567755323783 0.0
-0.04443571 -0.003919219 1.480896 -1.277102 0.6552611 0.6685903 0.2774941 19.80277 0.5499763 0 0.0 0.04460821225709523 1.9555159117787817 0.0
-0.03795227 0.00176758 2.098949 -4.029236 0.9733339 1.016363 0.1748797 20.18179 0.4967804 0 0.0 0.037993409128548865 4.543162956388094 0.0
-0.05902192 0.008085759 2.490819 -1.284648 0.8946947 0.8730269 0.426269 20.09119 0.7283783 0 0.0 0.05957320319650842 2.8025880494045143 0.0
-0.0339908 -0.01161843 3.418051 -1.225643 1.879187 1.930561 -0.1878159 20.74026 0.5886574 0 0.0 0.03592161466728493 3.631153177993184 0.0
-0.06269836 0.009495393 0.6993586 -2.399514 1.047312 1.018197 0.09845857 20.21104 0.6699677 0 0.0 0.0634133017190719 2.4993538940274065 0.0
-0.01240082 -0.02375566 4.808828 -9.121967 2.087915 3.246199 -0.527039 20.50653 nan 0 0.0 0.026797606585439677 10.311891615153497 0.0
-0.03119671 -0.02352563 2.845685 -0.03343611 1.928779 1.428139 -0.04800089 20.67756 0.7734356 0 0.0 0.039072880386797695 2.845881426320663 0.0
0.01074459 -0.05646238 1.162267 0.1534616 2.133776 1.090715 -0.0998449 20.44696 0.4947033 0 0.0 0.057475617174002576 1.1723544864773452 0.0
-0.03786952 -0.005136947 3.081958 -2.127075 1.29537 1.875299 -0.04992171 20.16668 0.4405956 0 0.0 0.03821634165525539 3.744718036032753 0.0
-0.01509823 -0.0281473 1.426834 -3.622585 1.853273 1.197872 -0.09766901 20.51747 0.4499588 0 0.0 0.031940993197189405 3.8934531390246625 0.0
-0.03808727 -0.004976937 -0.06631511 -3.641344 1.161218 1.338642 -0.2997625 20.20833 0.3280144 0 0.0 0.03841106660787837 3.6419478057971 0.0
-0.08550864 0.01056682 3.604632 -0.3133018 1.708648 1.569603 -0.06115609 20.58141 0.5698566 0 0.0 0.08615906916606052 3.61822192151162 0.0
-0.03559572 -0.002643849 1.481084 -2.634745 0.5375133 0.5002846 0.2933584 19.61488 0.5408001 0 0.0 0.035693770042588675 3.022497482229059 0.0
-0.1145964 -0.1013231 1.652393 1.7016 1.345502 1.038601 0.2790493 20.34134 0.9148064 0 0.0 0.15296635409974965 2.3718864193820495 0.0
-0.02889016 -0.02506121 4.131398 -1.041138 1.23716 1.137313 -0.1992256 20.37145 0.7411556 0 0.0 0.03824533424471147 4.260565428373093 0.0
-0.01596453 -0.02079672 1.393134 -2.161031 0.7316431 0.636444 0.3464045 19.80741 0.3263817 0 0.0 0.026217737905458206 2.5711626406972004 0.0
0.0665014 -0.06777756 0.9087396 -2.639086 1.676096 1.058027 -0.07851129 20.41359 0.8634968 0 0.0 0.0949538511147052 2.791161510196814 0.0
-0.03258424 0.0002807895 -0.5534536 -4.696425 1.297292 1.451735 -0.153187 20.33813 0.386982 0 0.0 0.032585449806944666 4.728923626786328 0.0
-0.01759804 -0.04040495 0.7609281 -2.142264 0.6157748 0.5139975 0.348892 19.69033 0.6244278 0 0.0 0.04407097680269976 2.2733909956418867 0.0
-0.03767185 -0.002481729 0.877498 -1.605833 0.649518 0.6125352 0.2821885 19.87675 0.3113232 0 0.0 0.03775350660868393 1.8299460002669479 0.0
-0.0136956 -0.07844737 2.162193 -2.441766 0.5503613 0.4395137 0.3505379 19.44031 0.6476231 1 0.9978545 0.07963390809998527 3.2614873551809147 0.0
-0.04643117 -0.01132964 1.490327 -2.862811 0.347914 0.3345639 0.2712456 18.97541 0.8060417 0 0.0 0.04779345446918961 3.2275007960727136 0.0
-0.03380788 -0.02717462 0.4979937 -1.765725 1.567697 1.459218 -0.1676315 20.60339 0.42803 0 0.0 0.04337548526804974 1.83460690636024 0.0
-0.05121739 -0.01648918 1.338581 -2.119831 0.5637672 0.5247808 0.3183725 19.6483 0.6338024 0 0.0 0.05380626446320633 2.507086468816343 0.0
-0.04114042 0.001615639 -1.500772 2.543834 3.57281 3.313642 -0.2702935 20.85283 0.2366695 0 0.0 0.04117213192384772 2.953541605520396 0.0
-0.04434101 0.01655819 3.451213 0.02422647 2.474079 2.617253 0.2950718 20.81671 0.1210403 0 0.0 0.047331795063109534 3.4512980301935188 0.0
0.01175606 -0.08258188 1.914115 -2.314542 0.5258915 0.4271096 0.3315787 19.37215 0.6922169 1 0.9989012 0.08341445828546751 3.003488122664879 0.0
-0.03501081 -0.01201605 2.074369 -2.784409 2.311581 2.592307 -0.4722138 20.74845 nan 0 0.0 0.03701543292274994 3.472166503415699 0.0
-0.03836282 -0.01257608 3.982418 -1.629535 0.6697496 0.5969847 0.3709766 19.68373 0.4745445 0 0.0 0.04037157101871068 4.3029103456787245 0.0
-0.01339751 -0.02202792 -2.190263 1.068307 2.598723 1.734913 -0.1096493 20.70732 0.768465 0 0.0 0.025782213514873 2.4369103092682747 0.0
-0.0423154 -0.01701659 1.056249 -1.23002 1.257647 0.9693144 0.3143 20.17092 0.4678917 0 0.0 0.04560874271878255 1.6212992168014513 0.0
-0.03339943 -0.02151707 1.27544 -0.4033183 1.611287 1.296176 -0.1689664 20.71341 0.4267559 0 0.0 0.03973041940012464 1.3376893677961599 0.0
0.002996114 -0.04421587 1.675891 -1.767496 2.521759 1.22287 0.05428939 20.5044 0.6250381 0 0.0 0.04431726366731023 2.435703749206171 0.0
-0.03227547 -0.007447538 10.5517 4.463941 3.221957 2.209874 0.4869389 20.33689 0.3812828 0 0.0 0.03312358353171263 11.457100075563668 0.0
-0.01294354 -0.04021625 0.2795907 -0.5325469 1.933158 1.238016 -0.145156 20.50579 0.578352 0 0.0 0.04224786375420774 0.6014791436335096 0.0
-0.07590311 0.0177999 2.547161 -2.723714 1.024232 1.158368 -0.2263098 20.25635 0.3737926 0 0.0 0.07796228926655566 3.7291617172921048 0.0
-0.03117859 0.0005451297 0.4705266 -1.835564 0.6158255 0.5718626 0.4059619 19.70369 0.5351601 0 0.0 0.031183355187951185 1.8949117339347392 0.0
-0.005187243 -0.03540414 1.331392 -0.4378464 3.256455 2.473286 -0.004259393 20.75951 0.2037792 0 0.0 0.035782127089940434 1.4015399129732125 0.0
-0.0002189618 -0.04130896 6.763018 -3.205659 4.017327 3.019039 0.414552 20.89598 0.2904034 0 0.0 0.041309540309127854 7.484294361702043 0.0
-0.03248886 -0.02855062 4.633799 -4.207668 1.722507 1.547302 -0.1902259 20.51052 0.7045708 0 0.0 0.04325117254461432 6.2591184020295545 0.0
-0.03751839 -0.005991107 -0.4110393 -3.801896 0.7085805 0.6458654 0.3881915 19.87442 0.5333652 0 0.0 0.03799372252461647 3.824051058885131 0.0
-0.04811215 -0.06583606 -5.11084 -4.333044 3.71288 2.177177 0.04225824 20.72276 0.7158947 0 0.0 0.08154241702295867 6.700444448806064 0.0
-0.033731 -0.004992079 2.054597 -1.957902 0.5750033 0.5444461 0.2859972 19.59282 0.6213684 0 0.0 0.0340984048562721 2.8380889827510694 0.0
-0.02897514 -0.0009371227 1.953977 -2.064519 0.5066591 0.454053 0.3310468 19.35373 0.7113724 0 0.0 0.028990290391344053 2.842580661633017 0.0
-0.02404235 -0.1076652 0.3996344 -7.286685 3.964402 1.907055 -0.05595926 20.88934 1.508921 0 0.0 0.1103169519365111 7.297635640595409 0.0
-0.03677593 -0.008862882 4.487588 -2.06533 0.9625663 0.8187439 0.2833692 20.16652 0.4956684 0 0.0 0.03782882108539498 4.940043933675489 0.0
-0.03310767 -0.006200815 2.084968 -1.168234 0.5662868 0.5122528 0.3327826 19.66144 0.5569878 0 0.0 0.03368334780708599 2.3899502588505896 0.0
-0.1042438 0.01946004 1.214084 -2.472142 1.05912 1.150218 -0.06288303 20.43842 0.4462547 0 0.0 0.10604462737565538 2.754176106791285 0.0
-0.02712969 -0.004208833 1.586597 -2.602191 1.67694 2.670455 -0.3971547 20.54094 nan 0 0.0 0.02745422289408296 3.0477349033159036 0.0
-0.0436548 -0.007630057 2.572186 -0.3794911 1.613518 1.538195 -0.05789675 20.65525 0.3910389 0 0.0 0.044316580789398104 2.6000296755181873 0.0
-0.02744289 -0.004426485 2.348186 -1.743958 0.7628248 0.7637347 0.3692186 19.8497 0.5557079 0 0.0 0.02779758948195554 2.924955896481176 0.0
-0.01558926 -0.08464695 1.201548 -1.203027 0.6154679 0.5893269 0.247235 19.87903 0.6222115 1 0.9958938 0.0860705011699717 1.7002916099990024 0.0
0.06139005 -0.05614976 1.338363 -3.683591 2.828671 1.944299 -0.2896333 20.77104 0.4695301 0 0.0 0.08319575582360016 3.9191910102787793 0.0
-0.07223181 0.02110645 1.111282 -2.124193 0.9718843 0.9524742 0.1179559 20.2034 0.5210094 0 0.0 0.07525235283682896 2.3973200839214193 0.0
-0.02842081 -0.006197192 1.601065 -3.616178 1.118042 1.165047 0.03460451 20.26519 0.5601158 0 0.0 0.029088616841317225 3.9547632624354394 0.0
-0.0120132 -0.02533482 -0.5828382 -1.962218 1.564465 0.9658528 -0.1754279 20.27276 0.361805 0 0.0 0.028038724626352034 2.0469489116495407 0.0
-0.03300061 -0.03295321 5.639566 -7.049598 3.391061 1.632876 -0.02266969 20.74918 0.4128284 0 0.0 0.046636405411182795 9.027820148294936 0.0
-0.03879171 -0.01671926 1.061377 -2.856899 0.5796473 0.5409915 0.3220469 19.68264 0.6598148 0 0.0 0.042241335439018736 3.0476865049295996 0.0
-0.01566527 -0.04059869 -5.825651 -5.256312 3.537037 2.120529 -0.01335638 20.88317 0.6638031 0 0.0 0.043516138545245484 7.846465791370341 0.0
-0.03101432 -0.006393678 0.08935356 -3.198506 0.9481064 0.8025402 0.1127077 20.23988 0.4367657 0 0.0 0.03166649907125959 3.199753848457827 0.0
-0.07889334 0.02156683 1.301016 -2.831891 1.679951 1.798184 -0.2312289 20.69626 0.5293541 0 0.0 0.08178806302025071 3.1164481815260463 0.0
-0.0662952 0.02308516 -1.289516 -3.34911 1.711124 1.891595 -0.005020081 20.55335 0.5196476 0 0.0 0.07019955950905675 3.588786606411142 0.0
-0.08230497 0.02244113 1.865588 -1.935156 0.153796 0.1709327 0.2191794 17.86809 1.00172 1 0.999759 0.0853095094486998 2.6879820181839014 0.0
-0.05176504 0.01656449 2.62176 0.7425679 2.823273 3.59612 -0.1780938 20.97413 -0.9793873 0 0.0 0.0543507285614618 2.7248912975952657 0.0
-0.03465734 -0.01069585 2.031142 -0.8902252 0.5824215 0.5528814 0.3010712 19.67402 0.5597286 0 0.0 0.036270269134624576 2.217665153010941 0.0
-0.08438178 0.02221171 4.133456 -3.499612 1.015225 1.204967 -0.1931112 20.28355 0.4679718 0 0.0 0.08725620239898423 5.415971072160559 0.0
-0.1228652 0.02476279 1.267306 -0.8922782 0.7482193 0.7983188 0.2978062 20.07682 0.646183 1 0.9826847 0.12533576161504784 1.5499112503079782 0.0
-0.02704735 -0.006905768 -2.540244 -1.009772 1.912798 2.416134 -0.3949549 20.65594 nan 0 0.0 0.027915027739415274 2.7335835585399617 0.0
-0.05239811 0.01620127 0.5219276 -4.801934 2.030142 1.81254 0.0747224 20.7222 -0.110672 0 0.0 0.054845629554094825 4.830215167049783 0.0
-0.02424209 -0.007876708 13.15253 8.14576 1.665645 1.437032 0.3772921 20.18114 nan 0 0.0 0.02548963429485335 15.470696538246106 0.0
-0.02541892 -0.03212748 3.172715 -9.467961 4.046175 4.547171 0.004671559 20.98855 0.1831036 0 0.0 0.040967016795427025 9.985409654528253 0.0
-0.06052725 0.02466601 0.4168455 -4.190874 1.098356 1.281716 0.04814538 20.42053 0.5414467 0 0.0 0.06536023287812398 4.211553757788953 0.0
0.02126278 -0.09256126 3.369423 -1.197797 2.268348 1.685409 -0.2161841 20.56726 0.8014774 0 0.0 0.09497206255586957 3.575993429263818 0.0
-0.06621592 0.02516812 -0.3697801 -3.284885 0.9244089 0.963132 0.3786348 20.3034 0.5555992 1 0.9905656 0.07083771824233753 3.3056325847832833 0.0
-0.02975313 -0.008200882 -2.660708 -6.120729 1.180664 1.014893 0.07128187 19.98071 0.487402 0 0.0 0.03086265073474448 6.6740310572175945 0.0
-0.04113188 -0.01926983 -0.3957767 0.2646125 2.094973 1.911076 -0.1372648 20.85952 0.1654301 0 0.0 0.04542199798075048 0.4760871468745402 0.0
-0.145485 0.02745607 0.1658728 -7.51119 0.2923931 0.3384724 0.2616545 18.7473 1.774658 1 0.0 0.1480531019764358 7.513021296514462 0.0
-0.1504155 0.02747208 1.466339 -3.229714 0.9125073 1.17403 -0.06361442 20.23117 0.5404377 1 0.9720718 0.15290368805158494 3.54699909567468 0.0
