jas1101finalproject/data/gcs/NGC_1904_M_79.ecsv
# %ECSV 0.9
# ---
# datatype:
# - {name: x, unit: deg, datatype: float64}
# - {name: y, unit: deg, datatype: float64}
# - {name: pmx, unit: mas / yr, datatype: float64}
# - {name: pmy, unit: mas / yr, datatype: float64}
# - {name: pmx_e, unit: mas / yr, datatype: float64}
# - {name: pmy_e, unit: mas / yr, datatype: float64}
# - {name: pm_corr, datatype: float64}
# - {name: g_mag, unit: mag, datatype: float64}
# - {name: bp_rp, unit: mag, datatype: float64}
# - {name: filter, datatype: int64}
# - {name: memberprob, datatype: float64}
# - {name: r, unit: deg, datatype: float64}
# - {name: pm, unit: mas / yr, datatype: float64}
# - {name: member_prob_GMM, datatype: float64}
# - {name: member_prob_DB, datatype: float64}
# meta: !!omap
# - comments: [deg deg mas/yr mas/yr mas/yr mas/yr dimless mag   mag   zeroone float]
# - __serialized_columns__:
#     bp_rp:
#       __class__: astropy.units.quantity.Quantity
#       unit: &id001 !astropy.units.Unit {unit: mag}
#       value: !astropy.table.SerializedColumn {name: bp_rp}
#     g_mag:
#       __class__: astropy.units.quantity.Quantity
#       unit: *id001
#       value: !astropy.table.SerializedColumn {name: g_mag}
#     pm:
#       __class__: astropy.units.quantity.Quantity
#       unit: !astropy.units.Unit {unit: mas / yr}
#       value: !astropy.table.SerializedColumn {name: pm}
#     pmx:
#       __class__: astropy.units.quantity.Quantity
#       unit: !astropy.units.Unit {unit: mas / yr}
#       value: !astropy.table.SerializedColumn {name: pmx}
#     pmx_e:
#       __class__: astropy.units.quantity.Quantity
#       unit: !astropy.units.Unit {unit: mas / yr}
#       value: !astropy.table.SerializedColumn {name: pmx_e}
#     pmy:
#       __class__: astropy.units.quantity.Quantity
#       unit: !astropy.units.Unit {unit: mas / yr}
#       value: !astropy.table.SerializedColumn {name: pmy}
#     pmy_e:
#       __class__: astropy.units.quantity.Quantity
#       unit: !astropy.units.Unit {unit: mas / yr}
#       value: !astropy.table.SerializedColumn {name: pmy_e}
#     r:
#       __class__: astropy.units.quantity.Quantity
#       unit: &id002 !astropy.units.Unit {unit: deg}
#       value: !astropy.table.SerializedColumn {name: r}
#     x:
#       __class__: astropy.units.quantity.Quantity
#       unit: *id002
#       value: !astropy.table.SerializedColumn {name: x}
#     y:
#       __class__: astropy.units.quantity.Quantity
#       unit: *id002
#       value: !astropy.table.SerializedColumn {name: y}
# schema: astropy-2.0
x y pmx pmy pmx_e pmy_e pm_corr g_mag bp_rp filter memberprob r pm member_prob_GMM member_prob_DB
[from data line 782]
-0.01047841 0.007108083 5.428932 -8.393062 0.8244239 0.9859652 0.2839763 19.78076 nan 0 0.0 0.01266182925421872 9.995838754024998 0.0 0.0
0.01044776 0.06037651 1.305722 -2.399503 0.6136492 0.6990755 0.05999993 20.0071 0.6496811 0 0.0 0.061273800672046616 2.7317621763786466 0.0 0.0
-0.02637188 -0.005326347 3.531921 -1.99604 0.3553545 0.4704227 -0.04959474 18.7614 0.7199249 0 0.0 0.026904386763106292 4.056925144963979 0.0 0.0
0.04449801 0.02552181 2.731812 -1.772108 1.024376 1.108056 0.04390747 20.57168 0.7367783 0 0.0 0.051297521184129356 3.256249923916775 0.0 0.0
0.04111751 0.02711178 2.176159 -2.486627 0.7737488 0.9772947 -0.06053705 20.34563 0.7680683 0 0.0 0.049251378085983545 3.304388268713288 0.0 0.0
-0.02092904 0.02898979 2.368438 -1.510632 0.4262336 0.7161115 -0.07742606 19.53372 0.6986103 0 0.0 0.03575517640238543 2.809182727995457 0.0 1.0
-0.003537 0.01110246 2.530301 -1.977795 0.9182734 1.021341 0.6720017 19.14198 0.4574909 0 0.0 0.011652252445411572 3.2115566650186946 0.0 0.0
-0.02460153 -0.007549956 2.077654 -0.3318982 0.6254233 1.206511 -0.3142967 19.72656 0.2339458 0 0.0 0.025733968095550987 2.103996805814885 0.0 0.0
0.06783908 0.02602254 1.505627 -2.421536 0.5021829 0.7391805 -0.03712262 19.75518 0.7465744 1 0.9662839 0.07265888358141762 2.851446871752129 0.0 0.0
0.005090748 -0.009527477 6.593187 4.746597 1.153399 1.550865 0.2542673 18.73982 nan 0 0.0 0.010802246673032097 8.12405673893148 0.0 0.0
-0.001627588 -0.02230471 2.479986 -1.709634 0.1224289 0.1548641 -0.08246036 17.42774 -0.09303856 0 0.0 0.022364014194277464 3.0121718035583562 0.0 1.0
-0.004854445 -0.02731349 2.143368 -0.1996291 0.6743624 0.895679 -0.03792436 19.56593 0.5901184 0 0.0 0.027741527936256956 2.1526444576359585 0.0 0.0
-0.01758913 0.02573636 1.276842 -0.8285156 0.2800215 0.4354424 -0.02807275 18.79089 0.7594929 0 0.0 0.03117270793829917 1.522091847559588 0.0 0.0
0.03077368 0.02987468 4.704739 0.8662835 0.685909 0.7915725 0.00676069 19.79031 0.6063557 0 0.0 0.04288957782311223 4.78382860902157 0.0 0.0
0.03633294 -0.07254378 4.329309 -3.802633 0.9675392 1.663813 -0.04028576 20.49493 0.7819729 1 0.8682286 0.081133732477509 5.762198725327859 0.0 0.0
0.0313633 0.02779552 2.481964 -1.48698 0.2930347 0.4103953 -0.001416711 18.9866 0.7780609 1 0.9991943 0.04190760693430728 2.893312084393248 0.0 1.0
-0.004571115 0.005468117 3.440421 -5.128358 0.5098709 0.6648854 0.005888017 18.58264 0.6344414 0 0.0 0.00712708887757926 6.175479935471008 0.0 0.0
0.002209964 -0.03417797 3.68769 -7.73543 1.199976 1.237943 0.4292452 20.02755 nan 0 0.0 0.03424934414265762 8.569476928086102 0.0 0.0
-0.02844071 0.08887712 12.59842 -7.999884 0.265662 0.4276449 -0.156387 18.94712 1.659693 1 0.0 0.09331675329113472 14.923750551046343 0.0 0.0
-0.04456926 0.01006272 3.06947 -1.838717 0.6949233 0.9996111 0.03213031 20.11307 0.5573902 0 0.0 0.04569110712979058 3.5780618059207696 0.0 0.0
-0.03250913 0.0006956214 2.477031 -3.869978 1.53194 2.055369 -0.1798379 20.85216 0.65522 0 0.0 0.03251657150575746 4.594824511931332 0.0 0.0
-0.02477333 0.01894499 2.627205 -2.421925 1.711446 2.949755 0.1870435 20.84449 0.632206 0 0.0 0.031187024952518315 3.573223589092908 0.0 0.0
0.1061759 0.02604939 2.73051 -1.577499 0.6311736 0.7524059 -0.009717486 20.04306 0.7716045 1 0.9824097 0.10932471111410312 3.1534406534927846 0.0 0.0
-0.04025369 0.03846651 2.327666 -1.092439 0.4434383 0.7044111 -0.05175231 19.60653 0.6011925 1 0.9964955 0.05567793054879285 2.57127438759013 0.0 0.0
0.004875496 -0.01191738 -0.3793481 -0.8436725 0.9287325 1.008231 0.4976604 18.96578 nan 0 0.0 0.01287611771111215 0.9250341984109886 0.0 0.0
-0.002419485 0.01657085 2.333484 -1.221989 0.0885873 0.1051905 -0.007823764 16.8555 0.9366798 0 0.0 0.016746551208763106 2.6340851721948932 0.0 0.0
0.002252386 0.009652903 1.056414 -19.30211 0.9115629 0.8622489 0.04580421 19.04618 nan 0 0.0 0.009912203540101715 19.330997413260803 0.0 0.0
-0.08738692 -0.03780943 1.870736 -1.557818 0.9063072 1.402979 0.01765955 20.42149 0.7420216 0 0.0 0.09521568559859925 2.4344301392358747 0.0 0.0
0.001460992 0.005794349 2.543296 -1.91063 0.5551662 0.6577721 -0.04931725 15.50829 0.9577551 0 0.0 0.00597569895140853 3.18101580324839 0.0 0.0
0.05019865 -0.09376398 2.597954 -1.781301 1.2089 1.595597 -0.07720288 20.60367 0.3639355 0 0.0 0.1063559514426104 3.149983847373983 0.0 0.0
-0.01250971 -0.01866229 11.19742 3.628245 1.964708 1.548442 0.01358993 20.21552 nan 0 0.0 0.02246717410642024 11.770572477004889 0.0 0.0
0.02068636 -0.009027445 0.9453902 4.249914 1.848829 2.520666 0.1801091 20.63679 nan 0 0.0 0.022570340123215356 4.3537950844811295 0.0 0.0
0.0007600765 0.03411085 0.2508026 -2.145479 1.029968 1.370147 0.01131426 20.34331 0.7116051 0 0.0 0.03411931716796736 2.1600884434688687 0.0 0.0
-0.005812212 -0.02516586 2.538112 -1.502645 0.1430296 0.1880977 -0.07112727 17.75294 0.8974018 0 0.0 0.025828323946252185 2.949568531254868 0.0 1.0
0.02768747 0.04499876 5.179484 -1.997589 1.286609 1.700351 -0.03192059 20.73305 0.9993439 0 0.0 0.052834500059511305 5.551343649890268 0.0 0.0
0.02247962 0.04418918 1.460818 0.8627118 0.9895732 1.430655 7.183022e-06 20.71571 0.4655418 0 0.0 0.049578391910355464 1.6965438040272465 0.0 0.0
-0.01101859 0.07200365 2.625377 1.728239 1.329318 2.122535 -0.07893922 20.89625 0.5178623 0 0.0 0.07284184881584624 3.143153580919965 0.0 0.0
0.04600589 0.02921389 2.036612 -1.416504 0.3860027 0.5424111 -0.008281913 19.3699 0.7030411 0 0.0 0.05449764475300011 2.480780526479519 0.0 0.0
0.004357539 0.06248449 2.54467 -3.161948 1.947891 2.960307 -0.2781422 20.93399 0.4292774 0 0.0 0.06263624858415948 4.058726470656036 0.0 0.0
-0.04597739 0.02621555 2.062819 -1.27022 0.2237156 0.3696588 -0.1260031 18.58492 0.8715 0 0.0 0.0529261320428255 2.422536083355829 0.0 0.0
-0.002599031 -0.02919598 4.864358 -1.14168 1.652366 2.805715 -0.588877 20.46234 nan 0 0.0 0.029311434804515472 4.996540000296606 0.0 0.0
0.03745488 0.01413914 0.86359 -1.62612 1.133328 1.648217 -0.01260212 20.6956 0.3917255 0 0.0 0.04003477632951132 1.8412099126661252 0.0 0.0
-0.006332677 -0.02546343 2.262134 -2.826483 1.113688 1.08667 0.0605349 20.06026 nan 0 0.0 0.026239075161888403 3.62025639744549 0.0 0.0
-0.0390497 0.007108172 2.781234 -1.204255 1.044814 1.576219 -0.1165469 20.61942 0.9936275 0 0.0 0.039691374116696744 3.0307577712151463 0.0 0.0
0.03815591 0.01378989 1.978156 -2.090329 1.292181 1.857024 -0.2719158 20.68908 0.1968861 0 0.0 0.04057135115004429 2.8779465750039557 0.0 0.0
0.1273796 -0.0958213 -1.076758 -0.512353 1.741303 3.778062 -0.3565985 20.68245 0.4044285 0 0.0 0.15939662490106243 1.1924400979390957 0.0 0.0
-0.01997237 -0.09274464 2.174172 -1.813067 0.743686 1.035705 0.01568723 20.1518 0.6074982 0 0.0 0.09487077427820698 2.8309425695469344 0.0 0.0
-0.01194742 -0.02006414 2.252602 -8.268825 0.9920578 1.363424 -0.1963755 19.65219 0.6774445 0 0.0 0.023351885546910343 8.570162346830367 0.0 0.0
-0.04961314 0.02074389 1.792911 -4.079787 0.6617486 1.119499 -0.08366881 20.169 0.7164478 0 0.0 0.05377520462993795 4.456365314837867 0.0 0.0
-0.04178746 -0.005353419 -0.9462062 -1.654066 1.682878 2.441373 -0.001557346 20.93313 -0.00421524 0 0.0 0.04212897943507724 1.9055814087239726 0.0 0.0
9.352516e-05 0.004270386 2.116809 -0.2756983 0.3049706 0.369047 -0.04710038 16.19945 0.3724613 0 0.0 0.00427141001831351 2.1346873061654463 0.0 0.0
0.02944578 0.02204915 2.833292 6.034653 1.48923 2.997859 -0.06349184 20.71479 nan 0 0.0 0.03678612476914224 6.666676862401012 0.0 0.0
-0.008148857 -0.05663342 2.559709 -1.244766 0.3741123 0.5573523 -0.02799486 19.24281 0.6069298 0 0.0 0.057216677038280095 2.8463226379728983 0.0 0.0
0.09412855 -0.0599262 4.841061 -4.580485 1.400989 2.536081 -0.2532448 20.70466 0.5235672 0 0.0 0.11158554284289027 6.664586591900957 0.0 0.0
0.03815215 -0.02143312 0.1367219 -1.410013 0.7482121 0.7458366 0.2144395 19.91515 0.5464859 0 0.0 0.04376031515605092 1.4166261109088063 0.0 0.0
0.04807192 0.00347345 1.864446 -1.491683 0.5075367 0.63769 -0.05426717 19.49519 0.5325089 0 0.0 0.04819724418873863 2.3877347129455146 0.0 0.0
0.1268677 -0.03284014 2.478315 0.5272461 0.6461339 0.6772519 0.02103879 19.96856 1.855001 1 0.4100444 0.13104918198336685 2.533778539886667 0.0 0.0
-0.03710837 -0.03209107 2.465925 -1.184377 0.4256222 0.6558774 -0.1201677 19.37294 0.53932 0 0.0 0.049059839969182534 2.7356050489341475 0.0 0.0
0.01015812 -0.0004488056 2.053369 -0.7551104 0.1232315 0.1498524 -0.05129684 16.87103 0.8306227 0 0.0 0.01016802972069768 2.1878107702333764 0.0 0.0
0.01298415 -0.05784308 0.4845087 -0.4443563 0.9944641 1.369098 -0.04299432 20.45365 0.4922523 0 0.0 0.05928245992794918 0.6574201105270359 0.0 0.0
0.01865605 0.01317823 2.084874 -2.676031 0.9160386 1.415637 -0.2963064 20.11524 nan 0 0.0 0.022841058371612294 3.39232096194287 0.0 0.0
0.001211214 0.01772482 3.524891 0.09848204 0.1810059 0.2261239 -0.005487259 17.55755 0.9018841 0 0.0 0.01776615556011474 3.5262664780307746 0.0 0.0
-0.00459084 -0.0245917 -0.757708 -0.06307321 1.228955 2.283077 -0.6925207 20.141 nan 0 0.0 0.025016544941210406 0.760328641498993 0.0 0.0
-0.01614546 0.02871202 3.032148 0.2913387 0.667509 1.005306 0.04833982 19.90544 nan 0 0.0 0.03294018778167484 3.046112232341693 0.0 0.0
-0.01707127 -0.1063531 2.087524 -1.466203 1.345889 2.094313 -0.07571093 20.62534 0.4987411 0 0.0 0.10771448435109784 2.5509817105939825 0.0 0.0
-0.1121683 0.05001193 2.647539 -1.72715 0.2837891 0.4227583 -0.09354107 19.03316 0.7764263 1 0.9927105 0.12281254279272497 3.161093146210817 0.0 0.0
0.02482168 0.05472111 2.840424 -2.214888 0.4728267 0.6888659 0.04998051 19.65573 0.6865311 1 0.994385 0.06008756674766003 3.601907460266019 0.0 0.0
-0.1173114 0.09231412 2.079077 -2.359163 1.543876 2.790483 0.007509835 20.87067 0.7490768 0 0.0 0.14927779915759207 3.1445526283555822 0.0 0.0
0.06683424 0.05561178 2.009407 -1.26418 0.2749861 0.3530385 -0.06639702 18.8336 0.8781242 1 0.9921641 0.08694530298495716 2.373998223261551 0.0 0.0
-0.02358158 -0.005781648 2.56465 -1.838424 0.07343903 0.102567 -0.03785175 16.4819 1.013774 1 0.9995651 0.0242799993593967 3.1555082675024004 0.0 1.0
-0.004945574 -0.004131582 1.913005 -0.5610661 0.149335 0.180367 -0.05023728 15.98662 0.8706455 0 0.0 0.006444274358855309 1.9935855383188879 0.0 0.0
0.01429929 0.03707787 2.048284 -1.002951 0.4527537 0.6283482 0.0008665414 19.55217 0.5830498 0 0.0 0.03973962931685448 2.28065298830335 0.0 0.0
0.04278984 -0.01612646 1.972412 -1.093133 1.525968 2.21105 -0.001298163 20.88566 0.661768 0 0.0 0.04572781559791808 2.2550718067132585 0.0 0.0
0.1171806 -0.1067786 2.586139 -1.827249 0.9743687 1.196419 0.05591779 20.56171 0.4941063 0 0.0 0.15853378956651482 3.166536567816958 0.0 0.0
-0.02470969 -0.02224419 7.311921 0.03814578 1.227725 2.515607 -0.3804302 20.50295 0.773386 0 0.0 0.033247146774606086 7.312020501254958 0.0 0.0
0.01680738 -0.002845149 2.400821 1.094843 0.5622222 0.9047683 -0.1051891 19.64952 nan 0 0.0 0.017046492169845415 2.6386782048385515 0.0 0.0
0.003051136 0.02859095 2.106781 -2.095112 2.260897 2.055181 0.2470245 20.63086 0.3237591 0 0.0 0.028753292903474482 2.9711984912666134 0.0 0.0
0.009354712 0.02318712 2.274713 -4.099952 0.715243 0.9013225 -0.1202677 20.12187 0.4344406 0 0.0 0.025003063222280263 4.688701913608179 0.0 0.0
0.01598626 0.03535533 2.357061 -1.833816 0.2310911 0.2861735 -0.0239243 18.64648 0.8317032 1 0.9993773 0.03880154466250667 2.9864054780918483 0.0 1.0
-0.01991589 -0.01173766 2.156638 -1.956619 0.3101618 0.4887956 -0.144879 18.96228 0.7296371 0 0.0 0.023117424959707342 2.9119487245150797 0.0 0.0
-0.01637542 -0.01801614 3.131555 -2.476755 0.7334841 1.376124 -0.3958831 19.77398 0.6322498 0 0.0 0.024346163572029168 3.992612183527221 0.0 0.0
0.0009336298 0.03114302 2.595558 0.3359957 0.3985118 0.6373089 0.01073679 19.34595 0.487421 0 0.0 0.03115701139910322 2.6172150163451398 0.0 0.0
-0.007382065 -0.0001338992 2.369038 -0.1565637 0.07531203 0.08825513 -0.01277747 15.11329 1.067519 0 0.0 0.007383279261953027 2.3742058119720144 0.0 0.0
-0.0166656 0.02445094 2.730618 -1.723928 0.5574916 0.9615537 -0.002782472 19.64304 0.672266 0 0.0 0.02959038171845034 3.2292727371821663 0.0 1.0
0.003571826 0.02812364 4.516137 0.04168847 0.8420732 0.8826372 -0.01145976 19.7378 0.6711826 0 0.0 0.028349551457190217 4.516329409077679 0.0 0.0
-0.01615178 0.02384447 2.26278 -2.984493 1.274199 2.009428 0.03069273 20.56308 0.7544365 0 0.0 0.02879997824216713 3.745313310719011 0.0 0.0
0.02299048 0.02800714 3.055569 -2.378025 0.9127552 1.239899 -0.07600957 20.45307 0.6350327 0 0.0 0.036234818360383704 3.871886467135368 0.0 0.0
0.002182857 0.003202252 -7.569027 1.790548 1.040593 0.966338 -0.04625057 18.12531 nan 0 0.0 0.0038754719137097356 7.777932364519057 0.0 0.0
-0.0926268 0.04815675 4.343885 0.8544555 0.2628808 0.3925449 -0.1469679 18.86703 1.174503 1 0.0 0.1043973019230023 4.427124472465762 0.0 0.0
-0.01926853 -0.02408192 3.338274 -2.390837 1.331011 2.124315 -0.2564869 20.04204 0.5756569 0 0.0 0.030841775552767712 4.106114326178096 0.0 0.0
-0.02108641 0.01519582 2.367234 -1.125415 0.4572572 0.6752652 0.03017355 19.44763 0.5894661 0 0.0 0.02599133763699937 2.621136343836581 0.0 1.0
0.01739734 -0.002980651 2.87299 -4.245066 0.5095268 0.7465338 -0.09042242 19.32421 0.5049477 0 0.0 0.01765082772731639 5.125881083721705 0.0 0.0
-0.02072066 0.02840617 2.361586 -2.546241 0.8077235 1.455723 0.03945258 20.35412 0.4894962 0 0.0 0.035160435789456594 3.4728132206436038 0.0 0.0
0.04004352 0.01195634 -1.053016 -4.798527 1.761782 2.730824 -0.08871536 20.91496 nan 0 0.0 0.041790400335316245 4.912708424686428 0.0 0.0
0.01491627 -0.02941809 -9.521739 -11.0866 3.253466 4.465518 0.220217 20.85679 0.8584423 0 0.0 0.03298361911557008 14.61424692360578 0.0 0.0
0.03964776 0.01170088 3.138165 1.385052 1.024672 1.678479 -0.1850806 20.48082 0.3401146 0 0.0 0.04133830506675376 3.4302257374594167 0.0 0.0
-0.07920392 0.04727901 4.674199 -1.254891 0.7870093 1.16773 -0.01186928 20.33819 0.7469883 1 0.703469 0.09224188706843817 4.839719797000855 0.0 0.0
0.08035131 0.1377056 6.153764 -1.186757 0.4464042 0.6600669 -0.09253531 19.53834 1.191591 1 0.0 0.1594338900299309 6.267152746243305 0.0 0.0
0.05924988 0.02336232 2.405777 -1.440017 0.5460204 0.8028048 -0.02243285 19.89598 0.6411533 0 0.0 0.06368945184091947 2.8038209525606304 0.0 0.0
0.01005764 -0.04168376 2.345853 -0.5284154 1.242681 1.753449 -0.05762707 20.55781 0.5032387 0 0.0 0.04287997166635258 2.404630768447863 0.0 0.0
0.01128089 -0.01928778 3.443236 0.916466 1.530874 2.20193 0.3732603 20.26373 nan 0 0.0 0.022344505734531252 3.5631143794231477 0.0 0.0
0.02464771 -0.01792213 2.096467 -2.419646 0.5676336 0.7757397 -0.07691391 18.66094 nan 0 0.0 0.030474782230247358 3.201540355423464 0.0 0.0
0.0008290613 -0.03332918 2.583985 -1.853276 0.1489164 0.1760473 0.0189824 17.66599 0.9732132 0 0.0 0.0333394898298033 3.179875848582929 0.0 1.0
-0.01180874 -0.01888538 4.041193 -7.675881 0.8627167 1.173408 -0.09946256 19.46055 0.6345234 0 0.0 0.02227339036006867 8.674698265035506 0.0 0.0
0.008430611 0.01184418 3.358269 -1.034528 0.9742438 2.329375 -0.4325822 19.71522 nan 0 0.0 0.014538218656552148 3.51400325258031 0.0 0.0
-0.01134608 0.006886756 -4.060406 -6.16563 1.550752 1.707857 0.7144277 19.70931 nan 0 0.0 0.01327256341367168 7.382539548267656 0.0 0.0
-0.05658813 0.04718824 3.104446 0.8076535 0.8580895 1.526156 -0.09645385 20.51317 0.7236824 0 0.0 0.07368138469922034 3.20778570714726 0.0 0.0
0.0476557 0.02244791 2.390246 -1.446134 0.4626665 0.6349576 0.03102427 19.63782 0.604248 0 0.0 0.05267802583485926 2.7936677480459267 0.0 0.0
0.06983464 0.05652567 3.738371 0.1880225 0.4174889 0.6840156 -0.1794628 19.40093 1.303045 1 0.0632905 0.08984446734706875 3.7430963378127537 0.0 0.0
0.001745055 -0.03276461 1.957232 -2.205713 0.8536766 1.042173 0.3134681 19.76801 nan 0 0.0 0.03281104822167565 2.9488857116193903 0.0 0.0
