jas1101finalproject/data/gcs/NGC_5024_M_53.ecsv
# %ECSV 0.9
# ---
# datatype:
# - {name: x, unit: deg, datatype: float64}
# - {name: y, unit: deg, datatype: float64}
# - {name: pmx, unit: mas / yr, datatype: float64}
# - {name: pmy, unit: mas / yr, datatype: float64}
# - {name: pmx_e, unit: mas / yr, datatype: float64}
# - {name: pmy_e, unit: mas / yr, datatype: float64}
# - {name: pm_corr, datatype: float64}
# - {name: g_mag, unit: mag, datatype: float64}
# - {name: bp_rp, unit: mag, datatype: float64}
# - {name: filter, datatype: int64}
# - {name: memberprob, datatype: float64}
# - {name: r, unit: deg, datatype: float64}
# - {name: pm, unit: mas / yr, datatype: float64}
# - {name: member_prob_GMM, datatype: float64}
# meta: !!omap
# - comments: [deg deg mas/yr mas/yr mas/yr mas/yr dimless mag   mag   zeroone float]
# - __serialized_columns__:
#     bp_rp:
#       __class__: astropy.units.quantity.Quantity
#       unit: &id001 !astropy.units.Unit {unit: mag}
#       value: !astropy.table.SerializedColumn {name: bp_rp}
#     g_mag:
#       __class__: astropy.units.quantity.Quantity
#       unit: *id001
#       value: !astropy.table.SerializedColumn {name: g_mag}
#     pm:
#       __class__: astropy.units.quantity.Quantity
#       unit: !astropy.units.Unit {unit: mas / yr}
#       value: !astropy.table.SerializedColumn {name: pm}
#     pmx:
#       __class__: astropy.units.quantity.Quantity
#       unit: !astropy.units.Unit {unit: mas / yr}
#       value: !astropy.table.SerializedColumn {name: pmx}
#     pmx_e:
#       __class__: astropy.units.quantity.Quantity
#       unit: !astropy.units.Unit {unit: mas / yr}
#       value: !astropy.table.SerializedColumn {name: pmx_e}
#     pmy:
#       __class__: astropy.units.quantity.Quantity
#       unit: !astropy.units.Unit {unit: mas / yr}
#       value: !astropy.table.SerializedColumn {name: pmy}
#     pmy_e:
#       __class__: astropy.units.quantity.Quantity
#       unit: !astropy.units.Unit {unit: mas / yr}
#       value: !astropy.table.SerializedColumn {name: pmy_e}
#     r:
#       __class__: astropy.units.quantity.Quantity
#       unit: &id002 !astropy.units.Unit {unit: deg}
#       value: !astropy.table.SerializedColumn {name: r}
#     x:
#       __class__: astropy.units.quantity.Quantity
#       unit: *id002
#       value: !astropy.table.SerializedColumn {name: x}
#     y:
#       __class__: astropy.units.quantity.Quantity
#       unit: *id002
#       value: !astropy.table.SerializedColumn {name: y}
# schema: astropy-2.0
x y pmx pmy pmx_e pmy_e pm_corr g_mag bp_rp filter memberprob r pm member_prob_GMM
[from data line 2742]
-0.0766017 0.05612373 5.174782 -4.755155 3.996009 1.722419 -0.4701549 20.75229 0.9951439 0 0.0 0.09496153701369255 7.0277925283512035 0.0
-0.02838937 0.01176528 -4.859759 -0.5292202 0.7453975 0.4725638 -0.3639331 19.21041 0.6662159 0 0.0 0.03073073611997116 4.888489701141759 0.0
-0.0405453 -0.0199191 0.1064907 -0.8076148 0.4118559 0.2644916 -0.4393055 18.19082 0.8967075 0 0.0 0.045174017940626005 0.8146053856718172 0.0
-0.1624079 0.01929435 2.964777 -3.605522 2.958094 1.973529 -0.1018625 20.84362 0.6735573 1 0.9778277 0.16354998601141027 4.667942967969189 0.0
0.006693703 0.009064206 0.6244323 -0.297332 0.3547558 0.240863 -0.3917668 16.91052 0.8206587 0 0.0 0.011267896443553471 0.6916082818382744 0.0
0.001633873 0.03731955 -3.934615 -2.9262 1.70033 0.9089622 -0.2356443 20.35007 0.5135498 0 0.0 0.03735529886351639 4.90345201243216 0.0
-0.08382617 0.07216021 4.974679 -1.596409 3.35943 2.483396 -0.4358226 20.66542 0.4901276 0 0.0 0.11060706434994556 5.2245528850153296 0.0
-0.09372413 0.01851726 -0.6109641 -0.6229266 0.4207682 0.2777308 -0.4992855 18.04892 0.9686127 1 0.9987031 0.09553586479518832 0.872533483871175 0.0
0.00593822 0.05668304 3.418174 -2.976721 2.504289 1.500485 -0.6035173 20.61826 0.5711136 0 0.0 0.05699324065544965 4.532635150342127 0.0
-0.06784175 0.03415699 -9.016908 2.531099 4.039944 1.690453 -0.5394777 20.66289 0.3989811 0 0.0 0.07595526979033515 9.365420013446542 0.0
-0.03025131 -0.02462661 0.120912 -1.648585 0.4465385 0.2992457 -0.3442152 18.54553 0.8009071 0 0.0 0.03900784122209534 1.6530130713243014 1.0
-0.008410792 0.04457148 0.8090887 -2.099002 0.7643587 0.4443084 -0.3587795 19.30023 0.7858753 0 0.0 0.045358111198083015 2.2495408243620942 1.0
-0.0454117 0.05687004 -1.387748 -1.333919 1.844815 1.055602 -0.6108469 20.23229 0.3697205 0 0.0 0.07277653431217786 1.924885557654013 1.0
0.023374 0.0546608 0.5485203 -1.035185 2.424302 1.420437 -0.5571619 20.53624 nan 0 0.0 0.05944869159737664 1.1715299841391555 1.0
-0.03319638 0.04341858 -1.066922 -1.61603 1.396886 0.7756806 -0.2843719 19.8351 0.4778938 0 0.0 0.0546550339339461 1.9364595309440369 1.0
-0.006035402 -0.004153744 0.004460055 -0.6103334 0.5477237 0.4007303 -0.4047754 16.87628 nan 0 0.0 0.007326640875540441 0.6103496958680025 0.0
-0.008007096 -0.002173837 3.06311 -6.368876 1.203893 0.9275698 -0.5991264 18.40397 nan 0 0.0 0.008296936401816335 7.06719352893891 0.0
0.0155634 0.03889761 8.764543 3.679522 2.993244 1.918704 -0.5665752 20.69378 0.2297325 0 0.0 0.041895626063732476 9.505582367605522 0.0
0.01122816 0.05882143 1.423289 0.097818 2.799381 1.980686 -0.5944059 20.68495 0.3135414 0 0.0 0.05988348857765804 1.4266463957985525 1.0
-0.05036414 0.02157783 -0.2954752 -1.758865 0.4856517 0.3021446 -0.3376271 18.67438 0.8823833 1 0.9998196 0.05479187298722777 1.7835110546447532 1.0
-0.009674088 0.003367095 0.2156672 -2.205746 0.4191992 0.3195626 -0.3252714 16.89012 0.7832079 0 0.0 0.010243305490454192 2.216264369986541 0.0
0.003663601 0.01676408 -2.232761 -2.572071 0.8920338 0.5409556 -0.6272114 18.84503 nan 0 0.0 0.01715973049128689 3.4059904451072676 0.0
-0.007296667 -0.001815286 7.423171 -9.443533 1.55781 1.156435 -0.5392579 18.38801 nan 0 0.0 0.007519083226742805 12.011818480868332 0.0
-0.06944715 0.07941326 -2.103292 -12.76271 0.2952101 0.1880251 -0.3865786 17.85748 0.6809673 1 0.0 0.10549584118319592 12.934860021715117 0.0
0.007853696 0.004467544 -0.06807559 -1.866961 0.2878152 0.2315311 -0.416183 17.20828 0.3105745 0 0.0 0.009035457390323525 1.8682017186253865 0.0
0.01757731 0.04754953 0.9743765 2.005783 3.042841 1.85344 -0.6419036 20.692 0.2481098 0 0.0 0.050694374737804984 2.229927130388177 1.0
-0.004859296 0.05804485 -0.4844574 -0.9395964 1.848617 1.019993 -0.3483937 20.49181 0.4977264 0 0.0 0.058247895834425786 1.0571378185022613 0.0
-0.064035 0.09795632 -0.1425305 -1.327329 0.07997956 0.0544571 -0.4051212 15.26311 1.200468 1 0.9999914 0.117029576829716 1.3349596314762668 0.0
-0.007035202 0.01049664 -1.159157 -0.7318043 0.3580705 0.2104824 -0.425657 16.65269 0.8575773 0 0.0 0.01263619873499954 1.370832770306973 1.0
-0.06251968 0.0001793975 1.196276 -2.720256 2.800137 1.787118 -0.573685 20.7116 0.4356613 0 0.0 0.06251993738612832 2.9716778044922703 0.0
-0.04591244 0.02665205 -2.133289 -0.2971083 1.68559 0.9630317 -0.1160873 20.2828 0.3305321 0 0.0 0.05308751186443098 2.1538791283286742 1.0
-0.1666793 0.1453797 -9.684828 -2.060153 0.1472259 0.09751009 -0.4515204 16.17681 0.9686136 1 0.0 0.22117243549000404 9.901521285792047 0.0
0.01289447 0.06429373 5.063196 -6.586481 2.903894 1.912754 -0.5626869 20.74081 0.3148441 0 0.0 0.06557401218389644 8.307688348618827 0.0
-0.06413271 0.1080081 0.6056198 -0.8694625 3.15705 1.817851 -0.2761022 20.70056 0.5943394 0 0.0 0.12561351104699725 1.0595944417834071 0.0
-0.05861408 -0.02628261 -4.313876 -0.09116584 4.184691 3.46002 -0.2938346 20.8178 0.5070362 0 0.0 0.06423695169182998 4.314839203696808 0.0
0.006403639 0.01226663 -1.441674 -0.7325178 1.01348 0.5339482 -0.47178 18.82985 nan 0 0.0 0.013837514372141445 1.61709809522887 1.0
-0.0424148 0.04368188 1.987777 -1.117843 1.535656 0.7843785 -0.1963611 20.17072 0.4596367 0 0.0 0.06088613881150948 2.2805329145570337 1.0
-0.0941098 0.1094846 -6.02361 1.384435 2.812056 1.41659 -0.2519173 20.91809 0.7105217 1 0.9258918 0.14437289251518098 6.180658355007579 0.0
0.008954453 0.02527868 -0.6485423 -0.1508379 0.6609356 0.407617 -0.3645089 19.11886 0.7523499 0 0.0 0.02681779057028392 0.6658522260724973 0.0
0.01493854 0.05733779 -5.021657 3.205282 3.121813 1.794267 -0.6002258 20.80463 0.5074463 0 0.0 0.059251853468188655 5.957421566850293 0.0
-0.03390489 -0.02231614 2.292395 -0.1478856 2.582399 1.482913 -0.7395898 20.27104 0.3699303 0 0.0 0.04059004398139647 2.2971602004893694 1.0
-0.04650878 -0.03531945 2.323964 0.6003763 4.325988 2.555577 -0.6639019 20.83544 0.369276 0 0.0 0.058399744566144295 2.4002625637412445 1.0
-0.009223196 0.03099311 -0.370144 -1.434461 0.2242425 0.1475498 -0.3793788 17.30156 0.05087662 1 0.9999729 0.0323363605238208 1.4814469080115562 1.0
0.01581137 0.02172768 -0.9781917 -1.371347 1.735923 1.076101 -0.6419791 20.13239 nan 0 0.0 0.026871760259783876 1.6844736852672677 1.0
-0.06378908 0.0177618 -1.897622 -1.275024 2.906054 1.673582 -0.1053302 20.79175 0.7771988 0 0.0 0.06621577052701569 2.2861879746556273 1.0
-0.124319 0.02876357 2.758366 -3.913758 4.572893 3.073019 -0.3525757 20.94074 0.7970085 0 0.0 0.12760312190595063 4.788119116367094 0.0
-0.01325446 0.01102724 2.42227 -1.632643 0.2728713 0.1838131 -0.3901602 17.26333 0.2047215 0 0.0 0.017241830874625816 2.921115389427299 0.0
-0.007180472 0.003265886 2.212665 -0.8387458 0.8141859 0.500911 -0.444018 17.39718 0.6841631 0 0.0 0.007888294461274883 2.3663011049405016 0.0
0.003605664 0.01437036 -1.258768 -2.979023 1.208274 0.8226554 -0.4349012 19.0844 0.4225788 0 0.0 0.01481580437946236 3.2340493058011655 0.0
-0.1407628 -0.08646214 0.4776948 -1.981348 2.005712 1.153017 -0.3964904 20.57981 0.728548 1 0.994751 0.1651964512851883 2.0381197754428078 0.0
0.01418605 0.04314134 0.3531149 -1.110403 1.466171 0.9447205 -0.5780459 19.98528 0.5829716 0 0.0 0.04541386607191795 1.1651973888620804 1.0
-0.09772434 0.01999193 -4.587614 0.1361751 3.236508 2.614347 -0.5899167 20.74559 0.492466 0 0.0 0.09974830271017399 4.589634611911499 0.0
-0.08109654 0.1141549 -2.432512 -2.337 1.34067 0.785069 -0.2849626 19.99052 0.7297878 1 0.9719341 0.1400285327852206 3.3732304442691134 0.0
0.02462503 0.02221889 2.223046 -2.780742 2.51743 1.707846 -0.6566648 20.52583 0.238987 0 0.0 0.033167320894715024 3.56012072670015 0.0
-0.06028331 0.01079682 -0.01233952 -2.163296 2.495188 1.498814 -0.5862108 20.57289 0.3394718 0 0.0 0.06124254066144301 2.1633311922518543 1.0
0.008520153 0.0134283 0.2796213 -6.101431 0.8019288 0.477487 -0.4132249 17.62675 0.7327518 0 0.0 0.015903215021919593 6.10783499442926 0.0
-0.03782611 0.01580493 -2.2471 -1.752251 1.921068 1.055193 -0.04760974 20.39989 0.5544567 0 0.0 0.040995248627578786 2.849533642019515 1.0
-0.08411256 0.01930773 0.5245991 -1.388952 1.104378 0.6102712 -0.3670667 19.85327 0.552454 0 0.0 0.08630012275487503 1.4847194597043611 1.0
-0.02462856 0.05471057 -0.2232966 -1.367365 0.5697206 0.3414384 -0.3797109 18.92338 0.7621517 0 0.0 0.059998436957961664 1.385477684698155 1.0
-0.00572894 0.05654951 -1.138354 -1.447459 0.7735532 0.4287596 -0.365159 19.29624 0.792244 0 0.0 0.056838964054279704 1.8414633816606294 1.0
-0.05513705 0.01006461 4.68456 -1.838863 1.412167 0.8669026 -0.3723943 19.71874 0.5346336 0 0.0 0.05604811020145639 5.0325460282414705 0.0
-0.008224308 0.003388002 -2.51579 -0.03504463 0.7761221 0.3253097 -0.03916198 17.85253 nan 0 0.0 0.008894818695783967 2.5160340717470095 0.0
-0.002193253 0.001278294 -6.33083 1.629446 1.045408 0.6696643 -0.2444172 17.04093 nan 0 0.0 0.002538581153409321 6.537163204006459 0.0
-0.07105467 0.0464702 2.654281 -1.672564 4.084736 2.421561 -0.3645647 20.9904 0.9767685 0 0.0 0.08490138760261166 3.137304250635727 0.0
-0.06228743 -0.03971097 -1.202305 -0.494156 1.88218 1.085498 -0.6117637 20.26567 0.3717365 0 0.0 0.07386937846188907 1.2998951747587186 1.0
0.0224496 0.02996434 -1.715431 1.508139 2.851088 1.750839 -0.655153 20.6614 0.6257305 0 0.0 0.037441236782398093 2.2841161877369545 1.0
-0.006006194 0.001974566 -7.089326 -6.302433 0.9238752 0.5853001 -0.235762 17.43413 nan 0 0.0 0.006322442348807303 9.485736916748483 0.0
-0.0506025 0.04936033 -2.510114 -0.8131115 1.804774 0.9410064 -0.1643785 20.34117 0.4739914 0 0.0 0.07068985205783714 2.6385265972561753 0.0
-0.04461527 -0.002498291 -0.7081709 -1.002644 0.4084715 0.2214479 -0.382166 18.17621 0.8993568 0 0.0 0.04468516280706137 1.227518233812765 1.0
-0.04751925 0.08789932 0.5743547 -0.9783413 1.166344 0.6462501 -0.3220796 19.91555 0.5945454 1 0.9992096 0.09992181732246917 1.1344756589269687 0.0
-0.02533618 -0.02746172 0.5410598 -3.295132 1.060542 0.6147306 -0.3951956 19.70695 0.416872 0 0.0 0.03736399446460188 3.339257493006498 1.0
-0.02822937 0.01507642 -0.5015921 -1.231006 2.133303 1.282856 -0.4156423 20.30937 nan 0 0.0 0.03200305876964419 1.3292743910940323 1.0
0.001184672 0.01622999 -6.132734 -11.13905 2.523247 1.429027 -0.4954175 19.7089 nan 0 0.0 0.016273168810888798 12.715693501231302 0.0
-0.04184958 0.04340709 -7.522861 -2.58399 1.822148 1.111479 -0.2336206 20.03828 0.3648643 0 0.0 0.06029562843560468 7.954271930567939 0.0
-0.03032034 0.07864677 -1.534231 -2.674922 1.780461 0.914121 -0.33859 20.39 0.3466625 0 0.0 0.08428901143772242 3.083678398835553 0.0
-0.09108028 0.05673722 1.266724 -1.018722 1.294102 0.6969298 -0.3629991 20.04679 0.5684433 0 0.0 0.10730670779688845 1.6255412038641162 0.0
-0.005266054 0.0267243 -2.697965 -0.6648619 1.334069 0.7551712 -0.3545734 19.76398 0.6005173 0 0.0 0.02723819992622339 2.7786789104350667 1.0
-0.006238149 0.002302638 2.883872 1.535633 0.4446765 0.3330644 -0.378733 16.72976 0.4657049 0 0.0 0.006649559737700309 3.26724446943797 0.0
-0.08690001 0.01101213 -1.569566 -0.5021772 1.610976 0.9045277 -0.5273478 20.0139 0.646244 0 0.0 0.08759496986207027 1.6479439822262891 1.0
-0.03140699 -0.0005823741 -2.700443 9.78522 2.670661 2.830856 -0.4411457 19.88633 nan 0 0.0 0.031412388964426934 10.151006001606394 0.0
-0.04505171 0.04784628 0.5392226 1.520432 2.539496 1.759292 0.1476324 20.68506 nan 0 0.0 0.06571851401060815 1.613218670538734 1.0
-0.03267946 0.01741942 0.4462518 -1.348463 0.7146727 0.4345603 -0.3892701 19.16555 0.7481213 0 0.0 0.03703219273858895 1.4203848532606365 1.0
-0.1273437 0.0354739 -0.2358464 -1.532863 0.3284936 0.2018534 -0.3334881 18.00792 0.9623432 1 0.9998548 0.13219234286031853 1.5509005452194413 0.0
-0.002787401 0.01805916 -5.341504 -5.05853 2.306292 1.40742 -0.05528895 20.24592 nan 0 0.0 0.01827300917310559 7.356656220248164 0.0
0.00718647 0.01251462 -2.148089 -2.39196 0.3666576 0.2122718 -0.3593808 16.20479 0.9371319 0 0.0 0.01443125305735091 3.214927525391669 0.0
-0.04287045 0.01797094 -0.3144877 -1.186911 1.917409 1.09018 -0.05183479 20.47191 nan 0 0.0 0.046484730478793784 1.2278681669349891 1.0
-0.1306448 0.04041637 -0.2124404 -1.314843 0.1349586 0.09091638 -0.3514775 16.42897 1.063852 1 0.9999755 0.13675359860353548 1.331894529683623 0.0
0.01711635 0.0185597 -1.8581 -0.6611247 3.254192 2.224772 -0.721449 20.56877 0.4439678 0 0.0 0.025247413756907852 1.9722123311018238 1.0
-0.04708395 -0.01725671 0.8255989 -2.051072 1.156017 0.6759048 -0.6275756 19.52405 0.5860424 0 0.0 0.050146708642009596 2.2109974882087067 1.0
-0.07815179 0.02538559 -1.715407 -1.54206 0.9495585 0.5222048 -0.2675914 19.5472 0.6261406 0 0.0 0.08217134816864209 2.3066361263209676 0.0
-0.1064208 -0.02531969 5.986456 -3.981662 3.948719 3.475293 -0.3755369 20.85347 0.8450203 0 0.0 0.10939137705658568 7.189665341459226 0.0
-0.006657955 0.01889086 1.723581 -0.8463711 0.3644371 0.2427653 -0.3811461 18.11051 0.7918472 0 0.0 0.020029801704500846 1.9201759040453066 1.0
-0.08752335 -0.01784384 -1.817573 -1.319498 1.894476 1.173608 -0.2748486 20.54723 0.5252647 0 0.0 0.08932378978283502 2.2460290697880563 0.0
-0.05549151 -0.0104698 -0.4715712 -0.9535032 1.024833 0.5837988 -0.3626335 19.77189 0.4648075 0 0.0 0.05647056219057944 1.0637423320897217 1.0
-0.03962243 0.02143964 0.7034475 -1.280254 1.244914 0.6918266 -0.08365202 19.88338 nan 0 0.0 0.045051027984214745 1.460783587589979 1.0
-0.005571586 -0.00833276 0.5464568 -2.08085 1.589826 1.527626 -0.1582039 19.03307 nan 0 0.0 0.010023844560496537 2.1514069249600922 0.0
-0.09309568 0.02807846 -2.045877 3.424435 4.499408 3.394696 -0.1444182 20.89316 0.4265537 0 0.0 0.09723788125331609 3.9890309309848675 0.0
-0.03104833 -0.0219066 1.289092 -1.538308 1.859791 1.629053 -0.6989761 20.12188 0.5508423 0 0.0 0.03799865680979921 2.007025083881116 1.0
-0.03072486 0.003514489 3.545458 -5.857027 2.877369 1.532634 -0.6434346 20.35969 0.2209721 0 0.0 0.030925210669463854 6.8465347226529865 0.0
-0.1227457 0.06035387 -4.444385 -4.102066 2.631748 1.373644 -0.03116893 20.77779 0.7661552 1 0.8702901 0.1367811993384577 6.048099163917619 0.0
-0.146097 -0.02990679 1.775192 -3.33406 2.280623 1.695578 -0.6097024 20.5533 0.777771 1 0.9918747 0.14912662236201857 3.7772030287587137 0.0
0.01243468 0.008555258 -8.199012 15.55913 2.391146 2.14902 -0.5424991 20.17661 nan 0 0.0 0.015093498804086612 17.587220477751565 0.0
0.002619668 0.0282463 -0.6050681 -0.8700311 0.5262081 0.3182058 -0.3758434 18.79115 0.7745209 0 0.0 0.02836751882206521 1.059745969845991 1.0
-0.002975875 0.01698723 2.274553 -0.2340747 1.694325 0.9036155 -0.04587071 19.84186 nan 0 0.0 0.01724592169437531 2.286565615719149 1.0
-0.1015172 -0.09606042 -6.623983 1.140439 2.712449 1.021853 -0.5211398 20.31202 0.5994015 1 0.9274583 0.13976174793703888 6.721439719063914 0.0
-0.02865191 0.002079811 -5.134755 -3.945812 3.206688 1.64551 -0.6762373 20.33106 0.6454239 0 0.0 0.028727296434642453 6.47573480381717 0.0
0.02389692 0.04629906 1.421807 -1.678384 1.350181 0.8501987 -0.5744759 19.88654 0.4718571 0 0.0 0.05210245428355559 2.199660882205482 1.0
-0.02064244 0.05808415 -3.601947 0.7114797 1.333412 0.7087647 -0.3693013 20.02116 0.4491272 0 0.0 0.06164315704420159 3.6715426668256343 0.0
0.01817405 0.02377259 3.320323 -5.48684 2.864313 1.822156 -0.6504979 20.52455 nan 0 0.0 0.029923771966625465 6.41326422424096 0.0
-0.109618 0.03254553 -7.733175 -18.48014 3.308447 3.105387 -0.580999 20.73815 0.7741013 0 0.0 0.11434735435059659 20.03291216973271 0.0
-0.06988663 0.03153519 -0.2584887 -1.365576 0.6431393 0.3556993 -0.3739477 18.84861 0.9023113 1 0.9998645 0.07667208919217607 1.3898252479371966 1.0
-0.1264109 0.1221278 0.6180964 -1.878137 0.5444304 0.3048731 -0.1934891 18.64626 0.9333401 1 0.997727 0.1757694944284986 1.977230828826508 0.0
-0.07307963 -0.01263579 8.805784 -5.101749 3.100507 1.663021 -0.6195764 20.5893 0.7419109 0 0.0 0.07416397717127232 10.176918723938842 0.0
