jas1101finalproject/data/gcs/NGC_5986.ecsv
# %ECSV 0.9
# ---
# datatype:
# - {name: x, unit: deg, datatype: float64}
# - {name: y, unit: deg, datatype: float64}
# - {name: pmx, unit: mas / yr, datatype: float64}
# - {name: pmy, unit: mas / yr, datatype: float64}
# - {name: pmx_e, unit: mas / yr, datatype: float64}
# - {name: pmy_e, unit: mas / yr, datatype: float64}
# - {name: pm_corr, datatype: float64}
# - {name: g_mag, unit: mag, datatype: float64}
# - {name: bp_rp, unit: mag, datatype: float64}
# - {name: filter, datatype: int64}
# - {name: memberprob, datatype: float64}
# - {name: r, unit: deg, datatype: float64}
# - {name: pm, unit: mas / yr, datatype: float64}
# - {name: member_prob_GMM, datatype: float64}
# - {name: member_prob_DB, datatype: float64}
# meta: !!omap
# - comments: [deg deg mas/yr mas/yr mas/yr mas/yr dimless mag   mag   zeroone float]
# - __serialized_columns__:
#     bp_rp:
#       __class__: astropy.units.quantity.Quantity
#       unit: &id001 !astropy.units.Unit {unit: mag}
#       value: !astropy.table.SerializedColumn {name: bp_rp}
#     g_mag:
#       __class__: astropy.units.quantity.Quantity
#       unit: *id001
#       value: !astropy.table.SerializedColumn {name: g_mag}
#     pm:
#       __class__: astropy.units.quantity.Quantity
#       unit: !astropy.units.Unit {unit: mas / yr}
#       value: !astropy.table.SerializedColumn {name: pm}
#     pmx:
#       __class__: astropy.units.quantity.Quantity
#       unit: !astropy.units.Unit {unit: mas / yr}
#       value: !astropy.table.SerializedColumn {name: pmx}
#     pmx_e:
#       __class__: astropy.units.quantity.Quantity
#       unit: !astropy.units.Unit {unit: mas / yr}
#       value: !astropy.table.SerializedColumn {name: pmx_e}
#     pmy:
#       __class__: astropy.units.quantity.Quantity
#       unit: !astropy.units.Unit {unit: mas / yr}
#       value: !astropy.table.SerializedColumn {name: pmy}
#     pmy_e:
#       __class__: astropy.units.quantity.Quantity
#       unit: !astropy.units.Unit {unit: mas / yr}
#       value: !astropy.table.SerializedColumn {name: pmy_e}
#     r:
#       __class__: astropy.units.quantity.Quantity
#       unit: &id002 !astropy.units.Unit {unit: deg}
#       value: !astropy.table.SerializedColumn {name: r}
#     x:
#       __class__: astropy.units.quantity.Quantity
#       unit: *id002
#       value: !astropy.table.SerializedColumn {name: x}
#     y:
#       __class__: astropy.units.quantity.Quantity
#       unit: *id002
#       value: !astropy.table.SerializedColumn {name: y}
# schema: astropy-2.0
x y pmx pmy pmx_e pmy_e pm_corr g_mag bp_rp filter memberprob r pm member_prob_GMM member_prob_DB
[from data line 4695]
-0.01687113 -0.02079514 -9.306722 -4.306668 2.043688 1.373724 -0.6671467 19.61963 0.7838192 0 0.0 0.026778216428591732 10.25487511613418 0.0 0.0
-0.0006201294 -0.01118781 14.32396 -20.80903 1.027775 0.692928 -0.3215381 17.49483 nan 0 0.0 0.011204983403327482 25.262453555078533 0.0 0.0
0.08342559 -0.04805056 -5.385848 -5.748143 1.699903 1.387853 -0.470816 20.05595 1.004526 0 0.0 0.09627401198226705 7.877087445722117 0.0 0.0
0.04658905 -0.0224177 -6.264025 -5.259991 2.272912 1.37664 -0.2078728 20.21548 1.032446 0 0.0 0.051701961792493915 8.179579116354704 0.0 0.0
0.02027296 0.02494223 3.770769 -5.655766 1.143232 0.7427673 -0.316839 19.17899 nan 0 0.0 0.032141993474806445 6.797528072624416 1.0 0.0
0.03889312 -0.00818443 -2.675658 -3.936083 1.758838 1.271593 -0.1001245 19.85138 nan 0 0.0 0.039744932730592215 4.759400709737834 0.0 0.0
0.007267885 0.01485859 -9.762676 -2.559014 1.902211 1.515981 -0.5928839 19.07764 0.8786602 0 0.0 0.016540853942929458 10.092492027897372 0.0 0.0
0.03253405 0.03612254 -3.873681 -4.13103 1.353999 0.8983924 -0.384136 19.75943 1.100319 0 0.0 0.04861380776542916 5.663109865671069 1.0 0.0
0.02193788 0.02562077 -1.488733 -6.073619 1.5522 1.126003 -0.5848918 19.75462 0.8893719 0 0.0 0.03372972627056585 6.253412964329958 1.0 0.0
0.09057798 0.0453859 -5.461191 -3.55991 1.122001 0.7111956 0.07817548 19.84653 0.8940334 1 0.4921178 0.10131263682132846 6.519015749833789 0.0 0.0
0.01131143 0.0340689 -8.16185 -5.030135 3.791172 1.868072 -0.4815358 20.53042 1.076441 0 0.0 0.03589760989056096 9.58739034047978 0.0 0.0
-0.00285183 0.01749485 -1.88708 -6.533141 0.3590103 0.2664103 -0.6722555 16.88573 0.3912315 0 0.0 0.01772576404196445 6.800220750261053 1.0 0.0
0.0299165 -0.02212297 -6.134677 -2.468806 1.402712 0.6894445 -0.1103323 19.11356 1.226568 0 0.0 0.037207832157637184 6.612810670204085 1.0 0.0
-0.007557268 0.03000291 -2.769116 -1.603306 0.7440493 0.4013732 -0.34634 18.2759 1.186211 0 0.0 0.030940053459745737 3.1997802348117594 0.0 0.0
0.04403225 0.01630686 -4.550672 -4.39594 0.9200915 0.6353725 -0.4002716 19.34647 0.8009033 0 0.0 0.046954794463633855 6.327156085887561 1.0 0.0
0.01751745 0.003374633 -13.13772 1.357986 1.890253 1.268968 -0.518157 18.91994 nan 0 0.0 0.01783954041973024 13.207717924554416 0.0 0.0
0.02702136 0.005862767 -4.470511 -4.331755 0.2067977 0.1335916 -0.2966906 17.09309 0.4556274 0 0.0 0.027650062082134445 6.2249152589530095 1.0 0.0
0.03268675 -0.02780423 -4.211168 -4.714569 0.09649156 0.05944355 -0.2405989 15.40899 1.348308 1 0.9971414 0.04291268846687889 6.3214790025740815 1.0 0.0
0.08692058 -0.04794397 -4.608702 -4.888778 1.493208 1.114217 -0.3811337 19.96312 1.206583 1 0.6991399 0.0992663663427714 6.718651982212504 0.0 0.0
-0.00540813 0.006107834 2.791164 -6.681216 1.013958 0.7964115 -0.3472915 18.2788 nan 0 0.0 0.00815803323531205 7.240804079213302 0.0 0.0
0.004538427 -0.042972 -4.363068 -4.192245 0.6975916 0.4513212 -0.4557627 18.7464 1.266518 0 0.0 0.043210995170608245 6.050725618688142 1.0 0.0
-0.04710031 -0.08760355 -5.260611 -3.144045 1.839795 1.30984 -0.4453226 20.21756 0.932375 0 0.0 0.09946266221401175 6.128543632491001 0.0 0.0
0.1059024 0.05377314 -3.208548 -1.700036 0.2077481 0.1429996 -0.07516955 17.28746 1.182125 1 0.0 0.11877234068258316 3.6311021287757796 0.0 0.0
-0.01624419 -0.02098573 -9.696914 -0.3615084 2.60914 1.509545 -0.5937873 20.06095 nan 0 0.0 0.026538171986574356 9.703650315559942 0.0 0.0
0.02413678 0.0359808 -8.952214 -4.108247 2.858451 1.900173 -0.6526709 20.3498 nan 0 0.0 0.043326690589155316 9.849864410985818 0.0 0.0
-0.004058097 0.01881086 -0.7196552 -7.979862 2.224987 0.9078403 0.00171028 19.12715 nan 0 0.0 0.01924361206221454 8.012246947388169 0.0 0.0
-0.01186994 -0.008854164 -7.558357 -2.63868 1.000969 0.8852555 -0.5892661 18.4682 nan 0 0.0 0.014808500793209825 8.005710004855846 0.0 0.0
-0.009094436 -0.02704225 7.574106 -8.207494 2.77321 2.266439 -0.6627808 19.7354 nan 0 0.0 0.02853054593274717 11.168260359575793 0.0 0.0
0.02426961 0.03633552 -7.84466 -4.295165 1.879344 1.472786 -0.5274065 20.13161 0.7476234 0 0.0 0.04369535425216851 8.943552587916336 0.0 0.0
-0.05684367 0.005140128 -6.764575 -3.032144 1.997109 1.327684 -0.5458887 20.18555 nan 0 0.0 0.057075596667273513 7.413054172698389 0.0 0.0
0.02751178 0.02740418 -5.172079 -5.21753 0.2843217 0.179921 -0.2354249 17.35427 0.4175987 0 0.0 0.03883152224985263 7.346633275394995 1.0 0.0
0.05163147 -0.01776712 -7.877895 0.9573504 2.119016 1.529001 -0.1488929 20.25484 1.453056 0 0.0 0.054602923433231115 7.935852154583347 0.0 0.0
0.060366 -0.01061356 1.167744 -3.672845 0.4141006 0.2868156 -0.3359482 18.08602 1.186811 1 0.0 0.06129193757643497 3.8540130310574976 0.0 0.0
0.001104633 0.02719948 -4.561795 -4.491381 0.1914504 0.1234642 -0.2775049 16.92131 1.283152 0 0.0 0.027221901592928605 6.4017557676926415 1.0 0.0
-0.05919554 0.005367163 -8.136197 -1.699316 2.733631 2.004123 -0.4714687 20.47091 0.8555374 0 0.0 0.05943835793963498 8.311761335039945 0.0 0.0
0.1026674 0.05318642 -6.097334 -2.746745 0.5045525 0.3364291 0.006581472 18.68234 1.223282 1 0.0 0.11562607964977625 6.687457663610365 0.0 0.0
0.02001097 -0.007070642 -4.489008 -4.640041 0.1772568 0.1130548 -0.2685724 16.74507 0.5452538 0 0.0 0.021223404501471105 6.456095825322375 1.0 0.0
0.1040916 0.03622046 -7.188547 -3.709054 2.350809 1.790325 -0.1771653 20.5904 0.4244347 0 0.0 0.110213351791748 8.089022780665474 0.0 0.0
0.003939952 0.03450835 -4.301226 -4.082272 2.700675 1.599703 -0.4301917 20.26024 nan 0 0.0 0.03473254153506196 5.930049728717289 1.0 0.0
0.02040824 0.03431109 -8.942385 -0.6219766 3.153763 2.050389 -0.5547567 20.47462 0.5652103 0 0.0 0.03992176294811767 8.963989311638684 0.0 0.0
-0.007478248 -0.03553739 -3.788592 -4.741789 3.032034 1.59977 -0.5693287 20.29443 1.026365 0 0.0 0.0363157029556307 6.069430966984054 1.0 0.0
0.04144824 -0.01018854 -3.195015 -4.160994 0.5626109 0.3605504 -0.293421 18.59411 0.9934845 0 0.0 0.04268211506508551 5.246140668935689 1.0 0.0
0.006147433 0.03013655 -5.543075 -3.750987 1.061922 0.6138929 -0.3286771 19.35993 nan 0 0.0 0.03075715491380809 6.692950315801993 1.0 0.0
0.02512789 0.005745179 -3.953962 -4.937717 0.4959536 0.3201489 -0.3278529 18.4959 1.054056 0 0.0 0.02577630573984839 6.325730366489943 1.0 0.0
0.002660773 0.02565068 -3.996247 -4.497748 0.07121299 0.04477603 -0.2337292 14.74886 1.547789 1 0.9961033 0.02578831319454471 6.016620908492822 1.0 0.0
0.01151641 0.03333263 -4.78411 -6.407388 0.6994313 0.6159496 0.1249472 18.69189 nan 0 0.0 0.03526601653157045 7.996394779814463 0.0 0.0
0.03704293 -0.04286671 1.028719 -3.257555 0.9687202 0.5138578 -0.2285956 18.96293 1.436745 1 0.0 0.05665450987528707 3.416127538454324 0.0 0.0
0.07975863 -0.02887384 -6.924121 -0.3939888 0.09117828 0.05194785 -0.1529253 14.98149 1.55932 1 0.0 0.0848241575014011 6.93532110267192 0.0 0.0
0.03854007 -0.03774434 -2.252129 -5.743645 1.675884 0.8165903 -0.1004694 19.64945 0.8587818 0 0.0 0.053944158141920245 6.169403773353305 1.0 0.0
0.0007065289 0.02636407 7.197787 -7.712705 1.638405 0.8820869 -0.166159 19.27703 0.9832211 0 0.0 0.026373535410548113 10.549595068740505 0.0 0.0
0.01449643 0.03374409 -7.837756 -4.444168 2.63218 1.643868 -0.3728281 20.46177 0.812149 0 0.0 0.036726149984350386 9.010052626248084 0.0 0.0
-0.01992444 -0.008859711 -4.15634 -4.703738 0.06194501 0.0439944 -0.3484995 13.84807 1.788176 1 0.9981303 0.02180545317843959 6.276966892396677 1.0 0.0
0.1083022 0.05266721 -2.039624 -3.694145 1.007143 0.6574972 0.0546236 19.61559 1.219395 0 0.0 0.12042923870067476 4.219807263655651 0.0 0.0
-0.04796062 -0.1167102 -4.693793 -0.5800451 0.5142505 0.3399385 -0.3191998 18.39731 1.208328 0 0.0 0.12618039409838755 4.729497335328884 0.0 0.0
0.00296144 0.002819704 -3.612974 -4.428553 0.07752369 0.04882679 -0.2557505 14.41527 1.516662 0 0.0 0.0040891145155419655 5.715388245647447 0.0 0.0
-0.0393795 0.002526984 -1.642897 -3.358284 1.783208 1.439674 -0.4325767 19.9435 1.16185 0 0.0 0.03946049503473387 3.738606956777484 0.0 0.0
0.05239811 -0.007754082 -0.5520867 -3.588583 2.102737 1.528242 -0.1741984 20.2959 1.150873 0 0.0 0.0529687428511837 3.6308026209373994 0.0 0.0
-0.01651275 -0.00608177 -4.13953 -4.474251 0.1215311 0.08843158 -0.3671945 15.12836 1.524793 0 0.0 0.017597125870306207 6.095459837608726 1.0 0.0
-0.03672443 -0.02570804 -3.775309 -3.556944 1.296091 0.9327316 -0.6340967 19.42762 0.9595947 0 0.0 0.044828418212853556 5.186984544474468 1.0 0.0
0.007494967 -0.00571028 -0.9102926 -3.740114 0.3111798 0.1941956 -0.2500646 16.69193 1.145895 0 0.0 0.009422410944630307 3.8492967345491516 0.0 0.0
-0.0486571 0.02669901 -4.99685 -5.128817 1.499674 1.051381 -0.5011046 19.83668 0.8687077 0 0.0 0.0555009055366676 7.1605358557854455 1.0 0.0
-0.02529434 0.003532598 -4.755779 -4.257412 1.030549 0.6698717 -0.397211 19.19187 0.5363846 0 0.0 0.025539829378153724 6.383023643586557 1.0 0.0
0.04102784 0.03617935 -0.9776597 -6.931988 2.795562 1.7706 -0.3514467 20.54138 0.8953228 0 0.0 0.054701270748384816 7.000591126551249 1.0 0.0
0.0354622 0.0285185 -1.981966 -4.912758 2.629437 1.581303 -0.4785018 20.40653 0.8202724 0 0.0 0.0455068398275468 5.297488120960726 1.0 0.0
-0.01137559 -0.008762533 -4.608037 -7.336398 0.519062 0.3741263 -0.3827256 15.34467 1.484521 0 0.0 0.014359179378508682 8.663529339003418 0.0 0.0
-0.00786452 -0.03021975 -9.924728 -0.4625958 1.835115 1.149137 -0.5240423 19.97118 nan 0 0.0 0.031226334477375023 9.935503044544934 0.0 0.0
0.006301777 0.0009502928 -7.262423 -5.84209 0.7837964 0.4979288 -0.388643 13.59177 1.562229 0 0.0 0.006373025165763967 9.320558105555108 0.0 0.0
0.0405291 -0.03720753 -4.681131 -2.763926 0.4348066 0.2607416 -0.2309267 18.11353 1.412548 1 1.787726e-06 0.0550182536574081 5.436200361708258 1.0 0.0
-0.01319633 -0.008568286 -2.821218 -8.585975 0.8233003 0.565313 -0.4601025 17.96393 1.138939 0 0.0 0.01573399664569355 9.037601324696116 0.0 0.0
-0.0743164 -0.008951616 -9.908057 0.4075176 0.7656807 0.4943979 -0.4625273 18.90083 1.958996 1 0.0 0.07485358199826816 9.916434042011208 0.0 0.0
-0.06458438 0.01691737 -5.344234 -1.936338 2.008845 1.552296 -0.5409976 20.15638 1.013954 0 0.0 0.06676330989174593 5.684209874468043 1.0 0.0
0.04056156 -0.02199453 -7.148815 -7.070602 2.293816 1.167845 -0.08882807 20.01406 0.961895 0 0.0 0.04614108255724502 10.054798284730978 0.0 0.0
-0.05056321 0.02682362 0.3019292 -8.822022 3.316584 2.780332 -0.3223823 20.5511 1.03763 0 0.0 0.057237616961300024 8.827187174309643 0.0 0.0
0.04286763 -0.03677779 -4.502259 -3.739353 1.464092 0.8417703 -0.2264343 19.75646 1.032913 0 0.0 0.056482205508469656 5.852614540672399 1.0 0.0
0.09848512 0.04808423 -4.666332 -4.024321 0.3386948 0.2311111 -0.1715539 17.88234 0.2163563 1 0.6992573 0.10959658770284456 6.161965096076494 0.0 0.0
0.04169109 -0.007171246 -10.46267 -2.520572 2.948738 2.33321 -0.06542111 20.54389 0.2011223 0 0.0 0.042303353940091035 10.762004773093347 0.0 0.0
0.03845485 -0.0393808 -5.524761 -0.1941392 0.5453598 0.3432979 -0.2649465 18.55453 1.565821 1 0.0 0.055042010293615724 5.528170957567941 1.0 0.0
0.06700159 -0.112258 -13.04962 -23.32694 1.236885 0.9268853 -0.4446499 19.65939 1.242357 1 0.0 0.1307328253596934 26.728986361401738 0.0 0.0
0.0210311 -0.02392044 -3.354842 -6.702798 1.002768 0.5462522 -0.3685854 18.99413 1.108595 0 0.0 0.03185113211494373 7.495496372740633 1.0 0.0
-0.002211086 -0.03132181 9.832614 -8.049668 2.435664 1.535442 -0.4252056 19.52319 nan 0 0.0 0.031399756097388654 12.707377895664393 0.0 0.0
0.005251133 -0.01999994 -4.965599 -0.4040662 1.974721 0.9214428 -0.49578 19.45369 1.001226 0 0.0 0.020677814144326016 4.982011935230931 0.0 0.0
0.1257696 0.04166849 -6.619439 -2.40289 0.9016083 0.5907571 0.08612609 19.41833 1.244287 1 0.0004072061 0.1324924727787964 7.0420773232634275 0.0 0.0
-0.01888034 -0.03680591 -9.173294 -8.155364 2.903786 2.483899 -0.6237609 20.4573 1.371485 0 0.0 0.04136595519800915 12.274334392663906 0.0 0.0
0.0118147 0.01249289 1.607039 -10.41346 1.122225 0.7199489 -0.4339401 18.84984 0.9247932 0 0.0 0.017194750264022444 10.53673210815958 0.0 0.0
0.02667848 0.0248639 -5.336216 -3.885791 2.165662 1.105244 -0.5594252 19.9233 0.848753 0 0.0 0.036468545601934826 6.601103914826444 1.0 0.0
0.03582619 -0.04179418 -1.518296 -0.07292525 0.4380492 0.284218 -0.2773006 18.21567 1.124447 1 0.0 0.05504788253682879 1.5200463268280882 0.0 0.0
0.1153226 0.05848546 -3.121611 -1.846937 0.5227669 0.3449764 0.01118252 18.70631 1.480818 1 0.0 0.12930526324234293 3.6270692738476886 0.0 0.0
0.06426991 -0.09666496 -7.195725 -1.904032 2.085749 1.362243 -0.4542547 20.23686 1.207706 0 0.0 0.11608072976687259 7.44337263158637 0.0 0.0
0.008156474 -0.02103017 -4.777182 -4.553842 0.9992509 0.5831055 -0.373048 19.03983 0.9548912 0 0.0 0.022556509444982307 6.599920061795294 1.0 0.0
0.05035424 0.03641391 3.385975 -8.780905 4.02179 2.209075 -0.2613817 20.62112 nan 0 0.0 0.062141148424097375 9.411116794496284 0.0 0.0
-0.0786842 0.02779849 2.219737 -1.982952 0.6681617 0.4635503 -0.4701965 18.76338 1.228687 1 0.0 0.08345034077773499 2.9764628308569554 0.0 0.0
-0.01847939 -0.001405417 -6.84739 -2.610569 0.4994277 0.3662186 -0.4322284 18.23251 1.267536 0 0.0 0.018532756182392 7.328152585465248 0.0 0.0
0.007963631 -0.02059528 -2.031842 -8.403602 1.887406 0.9915792 -0.2868281 19.31033 1.418676 0 0.0 0.022081326431683423 8.6457451088595 0.0 0.0
0.04589888 -0.00785657 -9.173138 -2.942724 1.36295 0.9099885 -0.2739728 19.77741 1.30492 0 0.0 0.04656643509459684 9.633591506142452 0.0 0.0
-0.03165035 0.004861479 -4.263609 -4.522453 0.1862926 0.1303518 -0.4103097 16.71498 1.401546 1 0.9965511 0.03202153389814331 6.215379541274209 1.0 1.0
0.04597044 0.04908919 -7.472366 -2.37424 3.528974 1.848694 -0.326213 20.65055 0.8088722 0 0.0 0.06725347521615296 7.840489092879092 0.0 0.0
-0.04919888 0.02508122 -6.806834 -3.158818 1.593797 1.154648 -0.4940905 19.91624 1.019712 0 0.0 0.05522315990544909 7.504073577776273 1.0 0.0
0.03876994 -0.01314347 -3.125555 -4.150983 0.6029555 0.3803345 -0.2341386 18.63413 1.278166 0 0.0 0.04093725749539776 5.196128744008755 1.0 0.0
0.07371718 0.04147167 -0.2195144 -3.783436 0.7248324 0.4840406 -0.1471065 19.25385 0.9874973 1 9.115946e-06 0.08458204324643204 3.789798746358883 0.0 0.0
-0.001356472 0.03511879 -0.09267444 -7.937972 3.255243 1.642378 -0.1781317 20.3655 0.6243553 0 0.0 0.03514497727059848 7.938512960536962 0.0 0.0
0.08823764 0.03574135 -6.47137 -4.949079 1.106893 0.7768845 -0.04783595 19.84585 1.055569 1 0.4597184 0.09520149795350964 8.146902026239239 0.0 0.0
-0.0343905 -0.09310114 -1.013608 -7.902432 4.08705 2.290528 -0.5443699 20.62073 0.9467125 0 0.0 0.09924983002277435 7.967172189195361 0.0 0.0
0.02881207 -0.01014057 -4.569197 -4.897869 0.6961521 0.4982672 -0.115937 18.73271 1.25959 0 0.0 0.030544500938954625 6.698259622168284 1.0 0.0
0.0313781 0.01306319 -6.333178 -3.820637 0.9216201 0.591994 -0.4429494 19.19375 0.9474716 0 0.0 0.03398870536790273 7.396378212710124 1.0 0.0
-0.008975241 -0.01592239 0.4307612 -6.939048 1.70325 1.25923 -0.6811073 19.17011 1.060987 0 0.0 0.018277785815579005 6.952405508723541 1.0 0.0
0.07019917 0.03425006 1.462873 -2.015536 3.592269 1.897001 -0.4031176 20.63417 1.827711 0 0.0 0.07810883483123085 2.490458347659121 0.0 0.0
0.02720931 0.02501248 -5.887213 -3.809533 1.986289 1.423497 -0.580133 20.08085 nan 0 0.0 0.03695904092947353 7.012262016315277 1.0 0.0
0.02429867 0.01461844 -4.132671 -4.515295 0.06131494 0.03892076 -0.2514332 14.37823 1.605191 1 0.998314 0.028357082921247383 6.1210177692329895 1.0 0.0
0.09030086 -0.02340043 -5.564142 -0.1065227 2.515021 1.707929 -0.1811808 20.59878 0.7941875 0 0.0 0.09328357540813119 5.565161568344561 0.0 0.0
0.001502172 -0.0002777863 -4.509033 -4.531171 0.219358 0.1442665 -0.2727934 15.10403 1.187011 0 0.0 0.0015276406468969362 6.392408718654495 0.0 0.0
-0.02516233 -0.06530356 -4.311994 -4.844933 0.2711262 0.2028962 -0.6423788 16.939 0.5762119 1 0.9718549 0.06998355378017394 6.485882209115812 1.0 0.0
