jas1101finalproject/data/gcs/NGC_6864_M_75.ecsv
# %ECSV 0.9
# ---
# datatype:
# - {name: x, unit: deg, datatype: float64}
# - {name: y, unit: deg, datatype: float64}
# - {name: pmx, unit: mas / yr, datatype: float64}
# - {name: pmy, unit: mas / yr, datatype: float64}
# - {name: pmx_e, unit: mas / yr, datatype: float64}
# - {name: pmy_e, unit: mas / yr, datatype: float64}
# - {name: pm_corr, datatype: float64}
# - {name: g_mag, unit: mag, datatype: float64}
# - {name: bp_rp, unit: mag, datatype: float64}
# - {name: filter, datatype: int64}
# - {name: memberprob, datatype: float64}
# - {name: r, unit: deg, datatype: float64}
# - {name: pm, unit: mas / yr, datatype: float64}
# - {name: member_prob_GMM, datatype: float64}
# - {name: member_prob_DB, datatype: float64}
# meta: !!omap
# - comments: [deg deg mas/yr mas/yr mas/yr mas/yr dimless mag   mag   zeroone float]
# - __serialized_columns__:
#     bp_rp:
#       __class__: astropy.units.quantity.Quantity
#       unit: &id001 !astropy.units.Unit {unit: mag}
#       value: !astropy.table.SerializedColumn {name: bp_rp}
#     g_mag:
#       __class__: astropy.units.quantity.Quantity
#       unit: *id001
#       value: !astropy.table.SerializedColumn {name: g_mag}
#     pm:
#       __class__: astropy.units.quantity.Quantity
#       unit: !astropy.units.Unit {unit: mas / yr}
#       value: !astropy.table.SerializedColumn {name: pm}
#     pmx:
#       __class__: astropy.units.quantity.Quantity
#       unit: !astropy.units.Unit {unit: mas / yr}
#       value: !astropy.table.SerializedColumn {name: pmx}
#     pmx_e:
#       __class__: astropy.units.quantity.Quantity
#       unit: !astropy.units.Unit {unit: mas / yr}
#       value: !astropy.table.SerializedColumn {name: pmx_e}
#     pmy:
#       __class__: astropy.units.quantity.Quantity
#       unit: !astropy.units.Unit {unit: mas / yr}
#       value: !astropy.table.SerializedColumn {name: pmy}
#     pmy_e:
#       __class__: astropy.units.quantity.Quantity
#       unit: !astropy.units.Unit {unit: mas / yr}
#       value: !astropy.table.SerializedColumn {name: pmy_e}
#     r:
#       __class__: astropy.units.quantity.Quantity
#       unit: &id002 !astropy.units.Unit {unit: deg}
#       value: !astropy.table.SerializedColumn {name: r}
#     x:
#       __class__: astropy.units.quantity.Quantity
#       unit: *id002
#       value: !astropy.table.SerializedColumn {name: x}
#     y:
#       __class__: astropy.units.quantity.Quantity
#       unit: *id002
#       value: !astropy.table.SerializedColumn {name: y}
# schema: astropy-2.0
x y pmx pmy pmx_e pmy_e pm_corr g_mag bp_rp filter memberprob r pm member_prob_GMM member_prob_DB
-0.01431736 0.03461431 -2.569048 -3.199683 1.192563 0.814804 0.3771092 20.0551 0.9647617 0 0.0 0.03745847372952747 4.1034106456450345 0.0 0.0
-0.08650329 0.04008193 -1.753647 -5.082794 2.107393 1.40413 0.07105441 20.50767 1.139809 0 0.0 0.09533824150543684 5.376808779103549 0.0 0.0
0.004286757 0.007429531 -1.214134 -1.815 0.347165 0.2097029 -0.07192959 17.729 nan 0 0.0 0.008577541399317755 2.1836543613759023 0.0 0.0
0.001625366 0.007000433 7.388788 -2.621144 0.9447819 0.5892281 0.2899957 18.86573 nan 0 0.0 0.007186645728115794 7.839935202390387 0.0 0.0
0.07106094 0.0335826 -2.354468 -0.06526115 2.549485 1.852344 0.1850559 20.67083 0.7612457 0 0.0 0.07859674431198534 2.3553722807070905 0.0 0.0
0.009326382 0.007108856 -1.348266 -3.449936 0.8560555 0.537968 -0.08784148 18.31413 nan 0 0.0 0.011726774272520982 3.70403558444732 0.0 0.0
0.04035265 -0.008027554 7.572647 2.906385 1.956982 1.852808 0.5842371 20.48153 0.5049248 0 0.0 0.04114338324986675 8.111230261485245 0.0 0.0
0.04539124 -0.00962743 4.699721 -3.21392 0.6847732 0.5867189 0.435582 19.2823 1.064074 1 0.0 0.04640099219997887 5.693562965686865 0.0 0.0
0.03200674 0.0160434 0.5983957 -2.172005 2.123975 1.75124 0.2858807 20.45354 0.5403175 0 0.0 0.0358025430519621 2.2529276805533485 0.0 0.0
0.07084143 -0.009218202 -1.07555 -10.21535 0.5705609 0.422591 0.1821453 18.91888 1.173872 1 0.0 0.07143866916843919 10.271815001498032 0.0 0.0
0.02407646 0.002601968 1.000614 -2.740122 1.483834 1.140769 0.367136 20.13083 0.6524029 0 0.0 0.024216650544710432 2.9171042065514214 0.0 0.0
-0.08953413 0.04119967 -5.416961 -2.930389 1.76665 1.357611 0.4602529 20.49731 2.282673 0 0.0 0.09855847626138403 6.15878609523354 0.0 0.0
-0.01236247 0.02367395 -0.887728 -3.276766 0.9394502 0.7314075 0.3827962 19.73199 1.058386 0 0.0 0.026707425430082175 3.394886805291157 0.0 0.0
-0.05516361 0.06480148 5.842614 -5.688915 3.913729 2.108343 0.1123543 20.61444 1.289051 1 0.2000121 0.08510144345675048 8.154746607358257 0.0 0.0
0.006722134 0.01786454 -0.5556701 -2.809381 0.09858004 0.06440546 0.2477072 16.11061 1.465985 1 0.999883 0.019087400947367248 2.863807057606188 0.0 0.0
0.01094338 0.04859929 -6.888357 -6.642354 3.768937 3.113049 0.5909404 20.86423 1.068827 0 0.0 0.04981614752596291 9.569238675086174 0.0 0.0
0.0410025 -0.01241846 2.040103 0.1412994 1.67051 1.357739 0.5527055 20.22511 0.9179306 0 0.0 0.042841838838005075 2.044990408547033 0.0 0.0
0.0325009 0.07232531 -0.1007413 -2.320859 3.786934 1.780243 0.1510532 20.68688 1.624409 0 0.0 0.07929223775002255 2.323044404958005 0.0 0.0
0.005476224 0.01620711 -0.1991663 -2.921552 0.1930591 0.1254596 0.2265486 16.49114 1.275813 0 0.0 0.017107292125005523 2.928332853990422 0.0 0.0
0.03383908 -0.01802036 -1.823122 -1.954998 0.8081913 0.6390784 0.4729344 19.37463 0.9400826 0 0.0 0.03833818866060315 2.6731612384755246 0.0 0.0
0.0224081 0.01546921 -1.192965 -3.506751 1.146608 0.7730016 0.04471706 19.56815 0.5506306 0 0.0 0.027229017676627634 3.7041150180881264 0.0 0.0
0.009722215 -0.0008409997 0.7574202 -2.501402 0.3642337 0.2519572 0.2720878 16.67371 nan 0 0.0 0.009758521660662801 2.6135602776618794 0.0 0.0
-0.06317358 0.05188541 -2.301461 -10.57128 1.126356 0.8334087 0.3322832 19.97306 2.210312 0 0.0 0.08174959927048266 10.818903991297871 0.0 0.0
0.05303867 0.07712948 2.989701 -4.666448 2.920238 1.801328 0.04097059 20.61276 0.6091385 0 0.0 0.09360586092996154 5.542025713230227 0.0 0.0
0.01462084 0.007249554 -0.322705 -2.284361 0.2042043 0.1355446 0.2758046 17.49129 1.035902 0 0.0 0.01631946676532404 2.3070421962647325 0.0 0.0
-0.01086208 0.02820402 -1.922208 -4.164689 1.417404 1.04729 0.4464642 20.18459 0.6291676 0 0.0 0.030223360602136883 4.586885442430953 0.0 0.0
0.03347295 -0.01005519 -5.926822 -5.07071 2.622871 2.182407 0.3950616 20.62799 0.5228634 0 0.0 0.03495061126273188 7.79995634114602 0.0 0.0
0.01425285 0.00793433 -0.5836165 -2.805567 0.1221795 0.08040423 0.2442415 16.48683 1.261411 0 0.0 0.01631248986731946 2.8656263557137467 0.0 0.0
0.003069976 0.03815695 -3.930224 -2.508314 3.108945 2.208775 0.46809 20.74231 1.537298 0 0.0 0.038280250599272155 4.6624349660635485 0.0 0.0
0.03931236 0.01791459 5.957984 -6.13781 2.177672 1.52588 0.1290452 19.94459 1.541115 0 0.0 0.04320178449598697 8.55396311310471 0.0 0.0
0.01241217 0.003852776 2.709633 2.343965 1.541235 1.162406 0.2269336 19.78181 nan 0 0.0 0.012996378226839815 3.5827758673846737 0.0 0.0
0.01753725 0.008967746 0.6499766 -3.505638 1.20264 0.8351362 0.2145467 19.83985 0.9756527 0 0.0 0.019697096382030932 3.5653846030395595 0.0 0.0
0.0003796672 0.02680444 -2.053469 -3.775776 3.997446 1.652847 0.1940909 20.55066 0.5657368 0 0.0 0.026807128732789638 4.298048317101263 0.0 0.0
0.04004818 0.01664409 1.355638 -0.9190723 1.457565 1.123568 0.3104207 20.27199 1.012445 0 0.0 0.04336914171666878 1.6378181460929322 0.0 0.0
0.02110519 0.01241766 1.342269 -2.890851 3.515699 1.652924 -0.0186407 20.39008 nan 0 0.0 0.02448728904578251 3.18727243463153 0.0 0.0
0.0405502 -0.01020008 -2.865654 -4.53428 0.6122121 0.4531941 0.3277165 19.2116 1.559486 0 0.0 0.04181339919267985 5.363922815078159 0.0 0.0
0.01428102 0.006568666 1.255005 -1.236063 0.6942055 0.4326874 0.3743024 18.90811 0.9701576 0 0.0 0.015719252694067744 1.7615019982940694 0.0 0.0
-0.001092698 0.01488732 0.532642 -4.642388 0.7612869 0.5453438 0.278209 17.5018 0.9621105 0 0.0 0.014927367004987988 4.6728442990011985 0.0 0.0
-0.009502733 0.02610031 4.653121 0.7038514 1.565357 1.190251 0.5092141 20.23392 0.7307911 0 0.0 0.027776394952646197 4.7060537432038485 0.0 0.0
-0.006019849 0.02666317 -1.086324 -2.263514 0.6889103 0.5351734 0.3783305 19.28099 0.9563885 0 0.0 0.02733428646282359 2.5106962104507984 0.0 0.0
0.0572407 -0.03968961 -0.553664 -2.48044 1.10218 0.7983766 0.3551609 19.88112 0.9992695 0 0.0 0.06965459696561382 2.541481146594639 0.0 0.0
-0.00808704 0.02827859 -0.3752922 -3.300395 1.440634 1.13616 0.4880957 20.19939 0.5261135 0 0.0 0.029412223111313772 3.32166394919863 0.0 0.0
-0.06713727 0.04909887 -3.592243 -4.904995 1.621634 1.166066 0.4201515 20.31087 1.081911 0 0.0 0.08317518895878626 6.079735662105221 0.0 0.0
-0.0257581 0.03604322 -0.05888767 -1.721537 3.2146 2.794652 0.3899331 20.81695 0.3003006 0 0.0 0.04430116729363234 1.7225438746362975 0.0 0.0
0.0007759918 0.007347578 -0.6579516 -2.757114 0.1057028 0.06714388 0.2384986 16.18876 1.375612 0 0.0 0.0073884413606491615 2.8345331038706463 0.0 0.0
0.005419227 0.006512058 14.58057 -8.38453 2.946333 2.093999 0.05309144 19.43059 nan 0 0.0 0.008472008066148957 16.819434141664814 0.0 0.0
-0.001687299 0.01535843 -0.1522227 -2.256302 0.2359463 0.1651829 0.3972672 17.4005 1.340017 0 0.0 0.015450836546294216 2.2614310658517294 0.0 0.0
0.0432138 -0.001825696 -0.5815743 -2.646257 0.8690493 0.5922127 0.2727483 19.53599 1.040565 0 0.0 0.0432523487954633 2.7094104112277804 0.0 0.0
0.002758736 0.05191084 -0.2758348 -2.234797 0.4941285 0.3624681 0.2859807 18.76929 1.196598 1 0.9832078 0.05198409308455132 2.2517554192451805 0.0 0.0
0.02467797 0.04281259 -1.156762 -3.985911 0.5595219 0.4167954 0.1615304 18.98158 0.9524193 1 0.7461696 0.04941578761720792 4.150371648968921 0.0 0.0
0.03310402 -0.01399378 -0.5997097 -2.769156 0.2503153 0.1668932 0.3819978 17.45101 0.449831 1 0.9991194 0.035940256243505 2.8333507860146954 0.0 0.0
0.05159383 -0.001691157 -0.6691758 -2.089825 0.4929303 0.3345754 0.1248787 18.78118 1.077801 1 0.9637529 0.05162153916794373 2.1943483729642015 0.0 0.0
0.001427276 0.01673554 -2.741022 -7.899656 0.3273384 0.2080367 0.2587122 17.9262 0.9644871 0 0.0 0.016796291729777025 8.361684430951696 0.0 0.0
-0.01947167 0.03776655 -1.853519 0.1015792 1.50975 1.100064 0.4114908 20.23567 1.038015 0 0.0 0.04249068405534795 1.8563003574943469 0.0 0.0
0.01903841 0.01329533 -3.217738 -2.843685 0.9530753 0.5986268 0.2605004 19.47743 0.6984253 0 0.0 0.023221258689765288 4.294226614405556 0.0 0.0
0.000238059 0.01134157 -0.3977828 -1.949834 0.8653005 0.5653479 0.3479136 18.43949 nan 0 0.0 0.011344068148260614 1.9899959255063413 0.0 0.0
0.09023305 -0.009601105 0.1381161 3.685404 1.016296 0.7297404 0.121724 19.67949 1.700672 0 0.0 0.09074240755855845 3.687991146992521 0.0 0.0
0.08218945 0.0329262 4.007244 -1.963991 2.180756 1.671002 0.3483671 20.43429 0.9939041 0 0.0 0.08853948462546243 4.462652252149724 0.0 0.0
0.01060034 0.005689699 -0.6164242 -2.938535 0.2396639 0.1592151 0.2431721 17.49408 1.017595 0 0.0 0.012030788952774502 3.002493420570749 0.0 0.0
0.01034556 0.006031134 0.04560399 -0.5945335 1.586613 1.133414 -0.1923324 19.73778 nan 0 0.0 0.011975190563809662 0.5962799732727656 0.0 0.0
0.01003411 0.005830884 -0.1132332 -2.727685 0.3798735 0.2367165 0.1250796 18.03178 nan 0 0.0 0.011605282060921915 2.730034288577204 0.0 0.0
0.02539359 0.08575639 -1.368719 2.095561 1.839501 1.441631 0.3921342 20.35153 1.724607 0 0.0 0.08943708872117988 2.502951778537094 0.0 0.0
0.01283718 0.00758542 -0.5533629 -5.374085 1.804594 1.107225 0.007687672 19.59813 0.8348141 0 0.0 0.014910794309117138 5.402499429553085 0.0 0.0
0.06713539 -0.003965475 -9.95359 -16.26148 0.4354254 0.308358 0.1388974 18.42788 1.062471 1 0.0 0.06725240205693567 19.065929971509387 0.0 0.0
0.01539196 0.06913148 0.8272669 -5.676735 2.641437 1.808026 0.4495046 20.63342 1.620407 0 0.0 0.07082424697539678 5.736696853073257 0.0 0.0
0.0875191 -0.003524504 7.260282 -5.586929 0.2568396 0.176163 0.1024833 17.79466 0.9815559 1 0.0 0.0875900393495517 9.161084563006991 0.0 0.0
-0.01245017 0.05524246 1.284103 -9.476495 2.787881 2.389054 0.2945873 20.72256 1.416718 0 0.0 0.05662805064524559 9.563099811234535 0.0 0.0
-0.0123935 0.05486672 -1.388033 -2.891579 2.646607 1.804761 0.2177771 20.74884 0.8486156 0 0.0 0.056249051599190546 3.207470143638129 0.0 0.0
0.07781853 -0.0371645 -2.181834 1.637342 2.739492 1.642632 0.3598801 20.6555 1.852331 0 0.0 0.08623760010349836 2.727872509579581 0.0 0.0
0.06745873 0.02122282 0.5362353 -1.990115 1.33434 0.9829564 0.2437678 20.16785 0.6105385 0 0.0 0.07071837343975962 2.061093401617474 0.0 0.0
0.07124755 -0.04615421 3.430917 -4.552633 2.833711 1.98716 0.1944667 20.7474 1.895082 0 0.0 0.08489066192300894 5.700671775639956 0.0 0.0
0.0001248316 0.04118203 -1.201089 -2.730909 0.7202769 0.5420702 0.2125457 19.27088 -0.006177902 0 0.0 0.041182219195294203 2.9833670160075845 0.0 0.0
0.0437532 0.003056952 -0.1953883 -3.274494 2.243224 1.54902 0.3464562 20.5166 0.6417828 0 0.0 0.04385986167066996 3.280318207706821 0.0 0.0
0.01368655 0.007453734 0.1540625 -4.559592 3.619946 2.160858 -0.01156259 20.2457 nan 0 0.0 0.015584601420801753 4.56219404019275 0.0 0.0
0.002361577 0.01214263 -8.032875 1.628914 3.027106 1.46527 -0.02202212 19.90999 nan 0 0.0 0.01237014588611747 8.19636758479151 0.0 0.0
-0.01049493 0.04140099 -1.394784 -3.616489 1.392466 1.039855 0.2530968 20.23114 1.002605 0 0.0 0.04271048499707068 3.8761340397072184 0.0 0.0
0.02741358 -0.01639583 1.682261 -2.805276 0.5419538 0.3720141 0.3747076 18.9178 0.8346653 0 0.0 0.03194256736402539 3.2710205606655856 0.0 0.0
0.002900369 0.05316396 -2.416112 -0.4312128 2.450982 1.856501 0.4248496 20.54503 1.192728 0 0.0 0.053243016285873225 2.4542904627260076 0.0 0.0
0.04818771 0.05597109 -4.869035 -4.495137 0.9420839 0.7219522 0.3164573 19.71405 1.28618 0 0.0 0.07385674181029245 6.626745693022632 0.0 0.0
0.06931589 0.05552178 0.6944281 -9.792167 0.4064448 0.2943787 0.2253217 18.45207 1.00878 1 0.0 0.08881081387342704 9.816759391059689 0.0 0.0
0.008731934 0.008995261 -0.6023259 -2.866121 0.3112246 0.1963317 0.1137621 17.41611 1.044472 0 0.0 0.012536402667371408 2.928727723167828 0.0 0.0
0.02008602 0.01325131 -0.6894873 -2.809579 0.1297813 0.08095301 0.2065547 16.53515 1.382333 1 0.9997524 0.02406336252805289 2.8929443295891972 0.0 0.0
-0.001177943 0.05159996 2.193286 -0.6993272 2.524557 2.41407 0.6038356 20.1174 nan 0 0.0 0.05161340350832184 2.302077759428608 0.0 0.0
0.06750535 0.05991527 2.890111 -12.0958 0.5543155 0.404078 0.299852 18.81785 1.337446 0 0.0 0.09025969121260831 12.436282371847344 0.0 0.0
-0.01536429 0.02677882 0.2861315 -3.924292 3.377279 2.089377 0.6203101 20.72882 nan 0 0.0 0.030873396440892275 3.934709511076548 0.0 0.0
0.04600962 -0.0232976 -0.6242011 -2.096424 1.152761 0.7739523 0.2935141 19.87883 1.141336 0 0.0 0.05157192354667799 2.187377562520291 0.0 0.0
-0.08039554 0.05637617 10.70989 -6.084516 1.586052 1.062586 0.4362669 20.28432 2.033476 0 0.0 0.09819223694244113 12.317592247121837 0.0 0.0
0.004541451 0.003670139 0.5068719 -2.032594 2.097523 0.7774852 -0.3274948 17.73407 nan 0 0.0 0.005839066489150641 2.094840684120301 0.0 0.0
-0.00307463 0.01236387 -1.332816 -2.199813 0.9872639 0.6797939 0.3189475 19.47537 0.4904442 0 0.0 0.012740432920972506 2.5720761506660335 0.0 0.0
0.02337049 0.01372002 0.5206469 -2.591173 1.230571 0.8730455 0.04784927 19.80578 0.9360352 0 0.0 0.02710016146890088 2.6429624875144575 0.0 0.0
-0.003555971 0.01274533 1.132318 -3.214289 0.9187881 0.6887136 0.3389617 19.46309 0.838398 0 0.0 0.01323209607589595 3.407902262190775 0.0 0.0
-0.003046325 0.01276823 -1.961462 -3.326252 1.876817 1.340609 0.5863474 20.26074 nan 0 0.0 0.013126606314601082 3.8615133749539186 0.0 0.0
0.01646188 0.01344251 -7.144778 -0.5659305 2.781279 1.912839 -0.093156 20.19277 1.102085 0 0.0 0.021253107260692496 7.167156339868292 0.0 0.0
0.007967364 0.006826651 11.5272 -4.498613 1.199384 0.6622402 0.2448698 18.56623 nan 0 0.0 0.010491999475042734 12.373918488650594 0.0 0.0
0.001682073 0.01397179 -17.61909 -2.128351 2.443766 1.422255 0.2200308 20.4471 nan 0 0.0 0.01407267868536154 17.747174716199222 0.0 0.0
0.0004079518 0.01566743 -2.912071 -3.926167 1.795619 1.665347 0.4957785 20.2779 nan 0 0.0 0.01567274026697384 4.888245576986696 0.0 0.0
0.008194594 0.01952004 -0.6826814 -2.492794 0.1876301 0.1272222 0.2636997 17.35031 1.064465 0 0.0 0.021170340867034614 2.5845842645079227 0.0 0.0
0.007854363 0.01134326 0.9387127 -4.983399 0.7510037 0.4654072 0.1941794 17.46246 1.162661 0 0.0 0.01379712164052231 5.071040043851191 0.0 0.0
-0.003386068 0.01185651 -2.631259 -2.963012 0.8316791 0.6067474 0.3437708 19.37019 0.7685432 0 0.0 0.012330542805599597 3.9626965613361063 0.0 0.0
0.01000521 -0.002435563 1.758179 -7.00162 0.9090285 0.7442264 0.4961581 18.89138 nan 0 0.0 0.010297387740153763 7.218994114171378 0.0 0.0
0.01266755 0.010353 0.2779373 -5.130305 2.203447 1.58141 -0.1189482 20.26808 nan 0 0.0 0.016360055990200646 5.137828192510556 0.0 0.0
0.008873807 0.01394291 -0.6271687 -2.885584 0.106171 0.06945126 0.2462889 16.25585 1.334897 1 0.9997873 0.016527225718230783 2.9529537076147485 0.0 0.0
0.03515787 0.04943651 25.2714 7.130109 2.37152 1.482517 0.2289356 20.39282 1.961969 0 0.0 0.06066336904522366 26.25799139903662 0.0 0.0
0.0156124 0.0128418 -3.215106 -3.158948 2.407597 1.734232 -0.113474 20.39397 0.6769562 0 0.0 0.020215312537776902 4.507311732944594 0.0 0.0
0.07617083 0.004340297 -2.711423 -11.20105 1.660635 1.415054 0.4429032 20.26783 0.9458103 0 0.0 0.07629438721778364 11.524553604692418 0.0 0.0
0.03380186 0.06381443 -3.327309 -5.390678 2.2792 1.784194 0.3837976 20.55206 0.4710026 0 0.0 0.07221389904779066 6.334855521727785 0.0 0.0
-0.001404134 0.01300668 -7.283073 -3.637874 4.563189 1.806589 0.1702864 20.49604 nan 0 0.0 0.013082251981687098 8.141085895825261 0.0 0.0
0.008421035 0.01817916 -0.6880816 -2.792215 0.1106911 0.07337762 0.2336753 16.35238 1.408056 1 0.9998068 0.02003486183573086 2.8757470150351474 0.0 0.0
0.06886626 -0.05426499 -4.93615 -3.176327 1.15858 0.8131997 0.3700284 20.0462 0.9001179 0 0.0 0.08767696907448215 5.869806643615188 0.0 0.0
0.01365847 0.009902772 1.280471 -3.315721 1.978642 0.9795484 -0.2749509 19.83282 nan 0 0.0 0.016870645987183894 3.554379232957845 0.0 0.0
-0.008114994 0.02190423 0.349664 -2.663549 1.819203 1.262592 0.4154646 20.47755 0.7373219 0 0.0 0.023359118551712008 2.686402462085121 0.0 0.0
0.0638204 -0.009943489 1.019293 -1.003739 3.107793 2.409615 0.3916598 20.76773 1.158422 0 0.0 0.06459037412535339 1.4305419252751734 0.0 0.0
