jas1101finalproject/data/gcs/NGC_7006.ecsv
# %ECSV 0.9
# ---
# datatype:
# - {name: x, unit: deg, datatype: float64}
# - {name: y, unit: deg, datatype: float64}
# - {name: pmx, unit: mas / yr, datatype: float64}
# - {name: pmy, unit: mas / yr, datatype: float64}
# - {name: pmx_e, unit: mas / yr, datatype: float64}
# - {name: pmy_e, unit: mas / yr, datatype: float64}
# - {name: pm_corr, datatype: float64}
# - {name: g_mag, unit: mag, datatype: float64}
# - {name: bp_rp, unit: mag, datatype: float64}
# - {name: filter, datatype: int64}
# - {name: memberprob, datatype: float64}
# - {name: r, unit: deg, datatype: float64}
# - {name: pm, unit: mas / yr, datatype: float64}
# - {name: member_prob_GMM, datatype: float64}
# meta: !!omap
# - comments: [deg deg mas/yr mas/yr mas/yr mas/yr dimless mag   mag   zeroone float]
# - __serialized_columns__:
#     bp_rp:
#       __class__: astropy.units.quantity.Quantity
#       unit: &id001 !astropy.units.Unit {unit: mag}
#       value: !astropy.table.SerializedColumn {name: bp_rp}
#     g_mag:
#       __class__: astropy.units.quantity.Quantity
#       unit: *id001
#       value: !astropy.table.SerializedColumn {name: g_mag}
#     pm:
#       __class__: astropy.units.quantity.Quantity
#       unit: !astropy.units.Unit {unit: mas / yr}
#       value: !astropy.table.SerializedColumn {name: pm}
#     pmx:
#       __class__: astropy.units.quantity.Quantity
#       unit: !astropy.units.Unit {unit: mas / yr}
#       value: !astropy.table.SerializedColumn {name: pmx}
#     pmx_e:
#       __class__: astropy.units.quantity.Quantity
#       unit: !astropy.units.Unit {unit: mas / yr}
#       value: !astropy.table.SerializedColumn {name: pmx_e}
#     pmy:
#       __class__: astropy.units.quantity.Quantity
#       unit: !astropy.units.Unit {unit: mas / yr}
#       value: !astropy.table.SerializedColumn {name: pmy}
#     pmy_e:
#       __class__: astropy.units.quantity.Quantity
#       unit: !astropy.units.Unit {unit: mas / yr}
#       value: !astropy.table.SerializedColumn {name: pmy_e}
#     r:
#       __class__: astropy.units.quantity.Quantity
#       unit: &id002 !astropy.units.Unit {unit: deg}
#       value: !astropy.table.SerializedColumn {name: r}
#     x:
#       __class__: astropy.units.quantity.Quantity
#       unit: *id002
#       value: !astropy.table.SerializedColumn {name: x}
#     y:
#       __class__: astropy.units.quantity.Quantity
#       unit: *id002
#       value: !astropy.table.SerializedColumn {name: y}
# schema: astropy-2.0
x y pmx pmy pmx_e pmy_e pm_corr g_mag bp_rp filter memberprob r pm member_prob_GMM
[from data line 227]
-0.04676244 0.0158992 6.319306 0.2969468 3.139255 3.126217 -0.01285593 20.75692 0.863615 0 0.0 0.04939139960958386 6.3262789792789125 0.0
0.01384185 0.004369949 -0.1394232 -0.124125 0.189558 0.2178621 -0.09394172 17.18111 1.308207 1 0.9963623 0.014515276975831394 0.18667041630435177 0.0
-0.02296696 0.01191246 -1.690068 -7.326283 0.3816284 0.3962212 -0.2684489 18.28723 1.305843 1 0.0 0.025872532827174072 7.518693532836207 0.0
0.001181169 0.008228034 -0.6612333 -0.08436767 0.5345864 0.5571143 -0.1561488 18.6095 0.7944412 0 0.0 0.008312382553258543 0.6665938649358535 0.0
-0.002277014 0.006864289 0.4521978 -2.876066 2.646569 2.750709 -0.3113749 20.44055 0.5633144 0 0.0 0.007232099019767152 2.9113980295866178 0.0
-0.003830486 -0.004331823 -0.4610319 2.112193 0.6614717 0.7786234 -0.1452618 18.84763 nan 0 0.0 0.0057825006268503775 2.1619226817966015 0.0
-0.0001962472 -0.002723965 -5.296843 -6.055901 1.751224 1.592503 -0.4355853 18.68429 nan 0 0.0 0.00273102513440152 8.04552563158244 0.0
-0.04236123 0.04105804 -5.531143 -7.376214 1.17678 1.260677 -0.2515579 19.85579 1.981701 0 0.0 0.05899352893118447 9.219657035933874 0.0
-0.004123486 -0.0003282925 0.2322257 -0.4209356 0.1564282 0.1532001 -0.1745847 16.57927 1.124484 0 0.0 0.004136533906273735 0.4807447920548386 0.0
0.03759141 -0.05260327 0.4742899 -5.968824 0.2651494 0.3096047 -0.05082965 17.79879 0.9299717 1 0.0 0.06465460633613818 5.98763816978097 0.0
-0.003889021 -0.0001871535 -1.481988 -1.728824 0.7232678 0.7482132 -0.1543458 18.70105 nan 0 0.0 0.0038935216412655585 2.2770860447334877 0.0
-0.01933679 -0.02658204 1.927515 -3.084304 1.75752 1.886682 -0.1373534 20.39667 0.8252945 0 0.0 0.03287120773664545 3.6370654709038437 0.0
0.001591455 0.008857462 8.022845 -2.12673 3.157284 2.379682 -0.3731881 20.25934 nan 0 0.0 0.008999297866971012 8.29994110743715 0.0
-0.008493621 -0.0766793 -5.108469 -3.291473 1.150398 1.287671 0.1137123 19.92748 1.091764 1 0.0002325835 0.07714827701369384 6.077026413772611 0.0
0.0131973 0.001217058 -9.266841 -17.80288 0.2692285 0.3021121 -0.1041962 17.7153 0.7496853 1 0.0 0.01325329987080063 20.070298413667917 0.0
-0.002951108 0.004173029 -0.06314733 -2.892161 0.9151006 1.036626 -0.1831279 19.20458 nan 0 0.0 0.005111086915960733 2.89285029602417 0.0
-0.05232411 0.0398054 -3.231032 -2.908366 1.058526 1.132489 -0.2627815 19.73465 1.849497 1 0.001838192 0.06574406708176868 4.3472014647333745 0.0
0.003379382 -0.004945998 -0.6417097 -0.0173586 0.2845526 0.4071335 -0.0004459588 17.7452 0.9882565 0 0.0 0.005990251991187683 0.6419444369009284 0.0
0.00563634 -0.01216526 3.843242 -1.288362 1.655214 1.928898 -0.07646393 20.21404 1.000473 0 0.0 0.013407530699692617 4.053441218718732 0.0
0.005547955 0.00405483 0.6634235 -3.296916 0.7446751 0.9257004 -0.09574357 19.17171 0.4791718 0 0.0 0.006871786595269457 3.363002505412128 0.0
0.03590802 0.01564325 -4.004283 -0.1882636 0.8850011 1.35787 0.160745 19.25667 1.632915 1 0.006935721 0.03916755252607571 4.00870621612185 0.0
0.003438005 -0.005249265 -1.11021 -3.841208 0.8453474 1.52803 0.1882033 19.0142 nan 0 0.0 0.006274923220267321 3.9984303349394494 0.0
0.0005364311 0.00644466 7.788639 13.63464 3.539773 3.568317 -0.09899901 20.19159 nan 0 0.0 0.0064669467943262995 15.702429920299627 0.0
-0.001925446 -0.004648471 -0.03344505 -1.543287 0.5459513 0.575249 -0.1682649 18.43357 0.6543922 0 0.0 0.005031463498501902 1.5436493564726748 0.0
-0.07557215 0.009255301 -0.1985567 -1.991648 1.886586 1.887057 -0.3195438 20.45328 1.087841 0 0.0 0.07613678777189842 2.0015210513554162 0.0
0.0006829661 0.006095616 -0.6474172 -3.264727 0.6368779 0.656814 -0.1667735 18.24219 0.8574486 0 0.0 0.006133757177554815 3.3283015811949554 0.0
0.01662514 0.01476331 0.09624838 -1.127534 0.5181814 0.5729836 -0.1219082 18.67092 0.8604546 1 0.9869938 0.022233996540786363 1.1316345133516494 0.0
0.005225718 -0.001259053 -2.42717 -1.19458 0.778441 0.8895317 -0.1699094 18.69893 nan 0 0.0 0.0053752528379912515 2.705212669144516 0.0
0.001210489 0.006084174 0.03546277 -0.9660044 0.5974838 0.6167821 -0.1675922 18.40059 nan 0 0.0 0.006203422997136098 0.9666551137171069 0.0
-0.0001376295 -0.0006182525 -1.156263 -3.092814 0.8186423 0.8709129 -0.07496009 16.98647 nan 0 0.0 0.0006333861642209277 3.301884698738737 0.0
-0.01268304 -0.02659021 4.164095 -2.191306 4.132253 4.344191 -0.006435003 20.86035 1.040794 0 0.0 0.029460121715391807 4.7054765066527535 0.0
-0.00632163 -0.002214602 3.326252 3.625637 1.755993 1.852119 -0.1738822 20.14804 nan 0 0.0 0.006698318287100427 4.920284140501746 0.0
0.01134695 0.07029728 -3.841119 -5.615976 0.6880292 0.6877399 -0.4701214 18.75032 1.335255 1 0.0 0.07120716852747974 6.803923985814142 0.0
0.006719483 0.02626975 2.32166 -8.122878 1.064523 1.222522 -0.1599641 19.61796 2.022228 1 5.945638e-06 0.02711551616417783 8.448150812958064 0.0
-0.01637281 0.01559298 -0.1020984 0.3208647 0.867896 0.8865325 -0.2752979 19.48452 1.05854 1 0.9788826 0.0226099520693101 0.3367168528432309 0.0
-0.004592612 -0.00898383 0.2001773 -0.1101898 0.5974722 0.6212104 -0.1702445 18.8871 0.442585 0 0.0 0.010089662355670976 0.22850107977716427 0.0
0.0004779353 -0.04225376 3.755934 -7.999954 3.124628 4.091631 -0.06651199 20.6686 2.017014 0 0.0 0.04225646289372297 8.837777108214034 0.0
0.07492626 -0.01798761 -4.766338 -0.9557412 3.151719 2.80498 -0.300219 20.65925 1.80286 0 0.0 0.077055165635405 4.861215812080497 0.0
-0.01763797 -0.04069086 -1.677459 -3.701817 1.966326 2.335248 0.3304591 20.55303 1.478525 0 0.0 0.0443491158114849 4.064150316876826 0.0
-0.007319632 -0.04349722 -5.676692 -5.760059 0.4049017 0.4742784 -0.06889514 18.33328 0.7187634 1 0.0 0.0441087877904599 8.087219036624704 0.0
0.02383937 -0.02715566 -0.5834203 -0.3962485 0.6157761 0.6932976 -0.1179018 18.89288 0.263588 1 0.9716388 0.036135099723572095 0.705260320877575 0.0
-0.02422888 -0.002474523 -0.08156919 1.631026 2.024253 2.143934 -0.2781808 20.54369 0.903244 1 0.9229295 0.024354915112394234 1.6330644033329662 0.0
0.03355334 0.07576817 -0.6701823 -1.12317 1.254611 1.24959 -0.2431205 19.63701 0.8051605 1 0.4375246 0.08286520506403457 1.3079201673394634 0.0
-0.04195194 0.03667868 -1.102343 -9.590052 0.275329 0.2890993 -0.2233627 17.82708 0.8353291 1 0.0 0.05572513648530616 9.653199337647235 0.0
0.02360198 -0.002983861 1.230898 -7.516914 1.444567 1.817533 -0.06563228 20.02532 nan 0 0.0 0.0237898483893387 7.617027370949903 0.0
-7.901179e-05 0.004577365 -0.9627078 -1.55372 0.4220335 0.4325256 -0.1840605 17.44197 nan 0 0.0 0.00457804687680063 1.8277998103131645 0.0
0.02750154 -0.01424625 -4.205177 -7.924465 1.770314 2.051573 -0.01504008 20.27341 0.9826813 1 0.00330783 0.030972412586592286 8.971101333590765 0.0
-0.02733726 -0.01488714 4.430283 -2.094208 1.45894 1.466717 -0.1738617 20.08792 1.915457 0 0.0 0.031128005424170692 4.900317806770598 0.0
-0.005647252 0.008010673 -0.1213332 -1.020598 1.799323 2.189445 -0.1740601 20.31656 0.8032455 0 0.0 0.00980113957988728 1.0277850081735187 0.0
0.0158927 0.01233519 0.6500894 -0.8054425 0.5831013 0.6594332 -0.09396863 18.81568 0.5933456 0 0.0 0.020118022408430206 1.0350622439247845 0.0
-0.06779376 -0.04056556 5.954994 -1.145298 1.552199 1.554427 -0.08133702 20.38512 2.131977 1 0.005422152 0.07900353506680065 6.064129042891485 0.0
0.004170694 -0.00416397 0.4309115 1.094224 0.6057326 0.7963202 0.04098044 18.7569 nan 0 0.0 0.0058934993511950105 1.1760148311174696 0.0
0.003584679 -0.01249147 -0.9023927 1.664385 0.7508113 0.9388886 -0.1104083 19.10858 0.979948 0 0.0 0.012995643358215897 1.8932749439102314 0.0
-0.0001082989 0.04086658 0.381022 0.03932815 1.098537 1.047852 -0.4084298 19.6194 1.034203 1 0.9151771 0.04086672349905411 0.3830462998991408 0.0
0.02776823 -0.03490661 -2.644976 -1.041507 1.537789 1.763252 0.06475848 20.16928 1.917871 1 0.6084887 0.04460432735761184 2.8426457520459705 0.0
0.001152071 -0.02755383 -0.1278839 -0.1465427 0.4874679 0.6193062 -0.09017931 18.68798 0.9102249 1 0.9891035 0.027577904475466243 0.19449692748858527 0.0
0.06871655 -0.02976584 -6.470298 -13.95567 1.723794 1.83853 -0.1030683 20.23019 1.615839 0 0.0 0.07488637709762772 15.382635709061823 0.0
0.03952237 -0.03327573 -2.553196 -1.240621 2.369665 2.612971 -0.06585694 20.61054 2.143257 0 0.0 0.05166519077144495 2.8386528988337054 0.0
-0.004768078 0.00709703 -6.37987 1.77536 2.202095 2.371192 -0.1325136 19.84303 nan 0 0.0 0.008549994306137518 6.622283922220491 0.0
0.04094905 0.01325433 -0.4189353 -0.4925071 0.5740415 0.6114576 -0.1244671 18.77555 0.5829792 1 0.967785 0.04304070119841683 0.6465833504943505 0.0
0.007482274 0.002765526 1.200691 1.623428 2.467825 3.03946 -0.06498602 20.16221 nan 0 0.0 0.007977001834508501 2.0192021564630425 0.0
-0.02961731 0.02587513 -10.36286 -6.166662 1.028284 1.030923 -0.3021545 19.69312 1.47674 1 0.0 0.03932820113039751 12.058880030991435 0.0
0.00537237 -0.005403717 -0.1262708 -0.4410929 0.632706 0.7840327 -0.1192894 18.70251 0.42453 0 0.0 0.007619876431608914 0.4588107031914687 0.0
0.01671095 0.03966375 -1.842721 -1.628978 2.152109 2.330069 -0.1031618 20.45972 0.8979931 1 0.6281228 0.043040317307903295 2.4595101155158927 0.0
0.02268733 0.0500365 5.086581 4.213515 2.436242 2.381997 -0.2616771 20.34165 2.075521 0 0.0 0.05493966030818628 6.6050749371060125 0.0
-0.00204271 -0.007648729 -0.124783 0.5313168 0.4589878 0.5068402 -0.1182866 18.56104 0.8399773 0 0.0 0.00791679982439502 0.5457731571369556 0.0
0.02298448 0.01444542 1.049082 -0.9508006 2.004107 2.30098 -0.08067236 20.4768 0.8190498 0 0.0 0.027146942366439726 1.4158371458908543 0.0
-0.00268732 0.005986914 0.05975461 -2.73746 0.6291578 0.7181792 -0.1855088 18.70646 0.7488689 0 0.0 0.006562379753244703 2.738112098694327 0.0
-0.001192695 0.00204441 0.1301802 1.005626 0.5433941 0.9074803 0.1513669 18.17061 nan 0 0.0 0.0023668826779384314 1.0140170296144142 0.0
-0.05484845 0.0240552 -8.51773 -34.6795 1.010899 1.048137 -0.296892 19.72627 2.425827 0 0.0 0.05989161138625759 35.7102148495763 0.0
0.0172142 -0.01902342 -0.7819526 -0.8498047 0.4060994 0.4918907 -0.07517827 18.38369 1.094767 0 0.0 0.025655782781595263 1.154823751396225 0.0
-0.003625132 0.006309271 0.2456995 -0.02373968 0.5209693 0.6075027 -0.1588307 18.63825 0.94627 0 0.0 0.00727657079735125 0.24684370906861774 0.0
-0.01115782 -0.008697466 -0.7191424 -1.006206 3.058536 3.509662 0.06971869 20.81958 0.7052307 0 0.0 0.014147185655583799 1.2367765788184057 0.0
0.0003606176 -0.008402142 1.00731 2.718276 0.8376583 0.9716948 -0.08855414 18.90777 0.7529316 0 0.0 0.00840987724295627 2.8989132184796427 0.0
-0.003419983 0.006410357 0.02037196 -1.583766 0.5154563 0.5365187 -0.1654274 18.58974 0.789629 0 0.0 0.007265601185568749 1.58389701669971 0.0
0.005342999 -0.003103456 1.856053 -4.627946 1.427503 1.786029 -0.08564822 20.12788 nan 0 0.0 0.006178922030414124 4.986262820763161 0.0
-0.0211205 0.01360216 -1.523103 -3.313434 0.4823767 0.4884491 -0.2646541 18.3329 1.161995 0 0.0 0.02512158985644818 3.646736571369668 0.0
0.00393607 0.003734356 -0.2676332 -0.1123635 0.5359565 0.6792189 -0.09340825 18.58555 0.6728039 0 0.0 0.005425685374184168 0.2902638211601474 0.0
0.03008513 -0.04266536 -0.003945885 -0.3698563 0.8838021 1.013427 -0.03916181 19.47031 2.601746 1 0.8885946 0.05220582334420654 0.3698773481278939 0.0
0.05863722 -0.04340281 -4.020055 -5.565411 0.9276353 1.055634 -0.0618114 19.56228 0.9556446 1 0.0 0.07295291279465474 6.865467340388854 0.0
0.009971577 0.03872297 -0.1968764 -0.7141784 0.3118287 0.320427 -0.3258744 17.67125 1.127638 1 0.9914287 0.03998625705774209 0.7408178614906096 0.0
0.01023724 0.001308435 0.2828498 -2.88664 0.9744888 1.135901 -0.07560587 19.22883 0.9125633 0 0.0 0.0103205176695176 2.900464531581112 0.0
-0.06626539 -0.02846968 -1.767942 -3.978066 0.1441357 0.1453045 -0.03985217 16.67787 0.8582687 0 0.0 0.07212228914250086 4.353231904656585 0.0
-0.0196558 0.007796041 -0.08630747 -0.3008858 0.9506342 1.114824 -0.2149381 19.58791 0.9623451 0 0.0 0.021145418627061537 0.3130195585254073 0.0
0.02471355 0.01410993 0.0352155 -3.292024 0.730923 0.8263709 -0.1079646 19.19259 1.230503 1 0.2497238 0.028457857934275375 3.292212348560805 0.0
0.01343297 -0.01645833 -3.00848 -14.1086 3.007795 3.317899 -0.07930988 20.67021 nan 0 0.0 0.021244324169288138 14.425794462364975 0.0
0.07039169 -0.04198944 1.035292 -12.43328 0.8844776 1.084895 -0.004757407 19.4105 2.174728 1 0.0 0.08196403536045369 12.476308792413885 0.0
-0.02015373 0.01054077 -0.4215993 -2.299659 0.575146 0.6557211 -0.181844 18.89266 0.8849602 1 0.7181119 0.022743804983023398 2.3379857754147033 0.0
0.05589117 0.02668763 -2.065924 -0.8301362 2.033482 1.88944 -0.2197122 20.15655 0.8388863 0 0.0 0.06193587392606808 2.226469870518449 0.0
-0.004680482 -0.006561495 1.895263 6.760461 2.544574 3.242711 0.02963715 20.75935 0.5280533 0 0.0 0.00805978463653645 7.021100680925321 0.0
0.04002322 -0.04578593 -0.5518835 0.8376936 0.3842938 0.435558 -0.07403949 18.42812 0.6995239 1 0.2930057 0.060812905909299386 1.0031480274880722 0.0
-0.02053453 0.01223453 0.6855182 -0.3072496 1.021367 1.045395 -0.2654074 19.68422 1.04245 1 0.9657902 0.02390294221726271 0.7512240140140622 0.0
-0.004387524 -0.01237129 1.978014 1.040431 1.775511 1.833886 -0.2314929 20.19432 0.8392639 0 0.0 0.013126278342114949 2.2349577288971263 0.0
-0.006409842 -0.01109712 0.3051717 -0.5810223 0.6683994 0.700762 -0.1634423 19.0761 0.1430569 1 0.9915827 0.012815309077793014 0.6562900879780069 0.0
-0.005735448 -0.001505086 2.064118 -3.143638 0.9898686 1.099563 -0.1105306 18.95388 0.6196308 0 0.0 0.005929641441782125 3.7607237326036067 0.0
0.05155002 0.04271772 -3.702627 -0.9449057 3.420641 3.211334 -0.1591758 20.70884 0.4503593 1 0.2410441 0.06694929547051859 3.821294739093216 0.0
0.04588631 -0.04662198 12.718 -7.834402 1.207827 1.379128 -0.04693788 19.81512 1.597116 0 0.0 0.06541530757044944 14.937381922465663 0.0
-0.03164806 -0.02891314 -0.581204 -1.373317 0.7714792 0.8619874 0.1043828 19.53933 1.120947 1 0.8998784 0.042866879597460786 1.4912403133314898 0.0
0.007040944 0.05090317 -2.134796 -5.360185 0.2375891 0.217426 -0.4153433 17.22464 0.845829 1 0.0 0.05138781575879671 5.769656592540063 0.0
0.02706595 -0.04389223 -1.558848 -6.245939 2.120967 2.388659 -0.0522093 20.54782 1.108894 0 0.0 0.05156639898010525 6.4375275594613965 0.0
-0.06278388 -0.04931432 -2.557125 -4.108544 0.1316977 0.1394532 -0.01299462 16.83401 0.8987789 1 0.0 0.07983556691673706 4.8393204136077825 0.0
-0.00986801 -0.004337336 -2.894701 -8.688703 1.225987 1.220777 -0.2022582 19.67046 0.9455986 0 0.0 0.01077915140152489 9.15821236386283 0.0
-0.06670478 -0.02760741 33.39505 -33.3408 1.847024 2.146376 -0.1679049 20.48753 nan 0 0.0 0.07219208240351917 47.18938767501121 0.0
-0.005090991 -0.01381704 -2.143972 -6.197439 1.406168 2.666498 0.2519327 19.92516 nan 0 0.0 0.014725107256780202 6.55780955010932 0.0
0.01249091 0.04878437 2.268838 0.7301701 0.3338226 0.3048032 -0.3271801 17.7643 1.096725 1 0.0 0.050358093579135815 2.383437485057666 0.0
-0.03472156 -0.004679759 -10.35563 -13.81136 1.421678 1.426872 -0.2776412 20.04186 2.436546 0 0.0 0.03503550874657996 17.262466154825617 0.0
-0.0283944 -0.02873625 -1.660429 3.119996 3.541906 3.294504 -0.07151118 20.71424 0.6380463 1 0.7214784 0.040398193219777785 3.5343174028455624 0.0
0.05547254 -0.04782878 -2.653861 -3.38302 0.7569383 0.8729517 -0.05133749 19.29101 0.9513988 1 0.0001858315 0.07324476015620504 4.29974447237519 0.0
0.004786479 -0.01693175 -4.456389 -4.03519 0.8941184 1.057083 -0.06498204 19.48715 1.092953 0 0.0 0.017595298783480234 6.0118350988214075 0.0
0.009124937 -0.02869803 0.8279134 -1.978527 0.496109 0.6648839 -0.01024327 18.64759 0.9575195 1 0.688094 0.030113807483193967 2.1447633173915857 0.0
0.002412114 0.002359133 -1.737079 -1.787986 1.470446 1.881419 -0.05093834 18.48144 nan 0 0.0 0.003373989102040046 2.492857273980402 0.0
