jas1101finalproject/data/gcs/NGC_6342.ecsv
# %ECSV 0.9
# ---
# datatype:
# - {name: x, unit: deg, datatype: float64}
# - {name: y, unit: deg, datatype: float64}
# - {name: pmx, unit: mas / yr, datatype: float64}
# - {name: pmy, unit: mas / yr, datatype: float64}
# - {name: pmx_e, unit: mas / yr, datatype: float64}
# - {name: pmy_e, unit: mas / yr, datatype: float64}
# - {name: pm_corr, datatype: float64}
# - {name: g_mag, unit: mag, datatype: float64}
# - {name: bp_rp, unit: mag, datatype: float64}
# - {name: filter, datatype: int64}
# - {name: memberprob, datatype: float64}
# - {name: r, unit: deg, datatype: float64}
# - {name: pm, unit: mas / yr, datatype: float64}
# - {name: member_prob_GMM, datatype: float64}
# meta: !!omap
# - comments: [deg deg mas/yr mas/yr mas/yr mas/yr dimless mag   mag   zeroone float]
# - __serialized_columns__:
#     bp_rp:
#       __class__: astropy.units.quantity.Quantity
#       unit: &id001 !astropy.units.Unit {unit: mag}
#       value: !astropy.table.SerializedColumn {name: bp_rp}
#     g_mag:
#       __class__: astropy.units.quantity.Quantity
#       unit: *id001
#       value: !astropy.table.SerializedColumn {name: g_mag}
#     pm:
#       __class__: astropy.units.quantity.Quantity
#       unit: !astropy.units.Unit {unit: mas / yr}
#       value: !astropy.table.SerializedColumn {name: pm}
#     pmx:
#       __class__: astropy.units.quantity.Quantity
#       unit: !astropy.units.Unit {unit: mas / yr}
#       value: !astropy.table.SerializedColumn {name: pmx}
#     pmx_e:
#       __class__: astropy.units.quantity.Quantity
#       unit: !astropy.units.Unit {unit: mas / yr}
#       value: !astropy.table.SerializedColumn {name: pmx_e}
#     pmy:
#       __class__: astropy.units.quantity.Quantity
#       unit: !astropy.units.Unit {unit: mas / yr}
#       value: !astropy.table.SerializedColumn {name: pmy}
#     pmy_e:
#       __class__: astropy.units.quantity.Quantity
#       unit: !astropy.units.Unit {unit: mas / yr}
#       value: !astropy.table.SerializedColumn {name: pmy_e}
#     r:
#       __class__: astropy.units.quantity.Quantity
#       unit: &id002 !astropy.units.Unit {unit: deg}
#       value: !astropy.table.SerializedColumn {name: r}
#     x:
#       __class__: astropy.units.quantity.Quantity
#       unit: *id002
#       value: !astropy.table.SerializedColumn {name: x}
#     y:
#       __class__: astropy.units.quantity.Quantity
#       unit: *id002
#       value: !astropy.table.SerializedColumn {name: y}
# schema: astropy-2.0
x y pmx pmy pmx_e pmy_e pm_corr g_mag bp_rp filter memberprob r pm member_prob_GMM
[from data line 3586]
0.07390245 -0.02313392 -0.4479364 -1.133702 0.6737198 0.4404419 0.4828508 18.85709 1.152863 0 0.0 0.07743868781538656 1.218986153838082 0.0
0.05575722 -0.03918267 -3.010633 -5.752427 0.7479536 0.5142415 0.284113 18.83325 1.450748 0 0.0 0.06814799491149612 6.492636402188097 0.0
0.07775857 -0.0149494 2.094089 -0.008182526 1.869475 1.443604 0.5761344 20.04147 1.70569 1 2.208823e-05 0.07918257238057437 2.0941049863014847 0.0
0.06265831 -0.03306071 -1.74328 -4.768135 1.81451 1.370908 0.7064626 19.9254 1.572994 1 0.04909381 0.07084542580689454 5.0768234691217105 0.0
0.06446963 -0.03223364 -0.9080887 -2.818417 2.213151 1.626712 0.7989291 19.80289 1.327818 1 0.002323289 0.07207871211381693 2.961097680414594 0.0
0.07939783 -0.01379625 -6.2271 -6.873041 1.256327 0.9928726 0.4891102 19.16629 1.168934 0 0.0 0.0805875419824392 9.274452382630523 0.0
0.07997354 -0.01232978 -2.347675 -7.918651 2.673427 2.166541 -0.04461023 20.28172 nan 0 0.0 0.08091841925655739 8.25933481373809 0.0
0.0496903 -0.04502861 -2.955956 -6.186393 2.298119 1.477751 0.2200043 19.91689 nan 0 0.0 0.06705745023949315 6.85632074981801 0.0
0.0642395 -0.032636 -5.752507 -6.761036 2.286788 1.665945 0.8209665 19.80673 1.000841 0 0.0 0.07205429797208492 8.877102262469718 0.0
0.05432638 -0.02026129 -4.363625 0.6249195 1.738525 1.350557 0.5737679 20.11543 1.113306 0 0.0 0.05798168190358486 4.40814558767122 0.0
0.07715678 -0.0108979 -2.338016 -5.896155 2.027177 1.540924 0.484317 20.1512 nan 0 0.0 0.07792260855732693 6.34278823549084 0.0
0.07137757 -0.01208351 -4.304885 -6.228956 1.709771 1.337979 0.6703921 19.93498 0.8608627 0 0.0 0.07239315377178286 7.571784975364857 0.0
0.02761979 -0.01845395 -2.67049 -0.06917772 0.07035829 0.05472377 -0.1934826 14.29384 1.979465 1 0.0 0.03321748139529245 2.6713858570121234 0.0
0.08025997 -0.01446043 -2.482734 -9.742935 2.156343 1.56542 0.7291812 19.64654 0.9142189 0 0.0 0.08155223369219142 10.054290155400379 0.0
0.0366194 -0.0123961 -3.371736 -7.95292 0.4298445 0.3317823 0.09283522 18.26951 1.500441 0 0.0 0.03866062275196819 8.638144487104624 0.0
0.06475066 -0.04817728 -0.5214424 -5.06613 0.5796026 0.3965982 0.2740289 18.77298 1.304821 1 0.0 0.08070748588968683 5.092894594768064 0.0
0.07504649 -0.03568862 -1.93475 -2.203644 0.4680079 0.3241026 0.2856056 18.60044 1.17378 0 0.0 0.08310026028132823 2.932457065540091 0.0
0.05409208 -0.03309003 -9.354752 -6.859659 1.546564 1.206244 0.6817515 19.72911 0.6966419 1 2.585114e-06 0.06341059220766906 11.600271832064324 0.0
0.0650474 -0.02516333 -4.785878 -3.808221 1.725244 1.345733 0.5597279 20.12782 nan 0 0.0 0.0697449455046665 6.1161405653994745 0.0
0.02480149 -0.02473058 -5.279196 -8.962824 2.921565 2.177989 0.4997439 20.39653 1.456266 1 0.4659317 0.03502449847401815 10.40202501734119 0.0
0.02920047 -0.02112261 -5.681458 -6.564833 0.7457977 0.5873906 -0.02885125 18.90745 1.531454 0 0.0 0.03603931327637917 8.681935113996936 0.0
0.04535199 -0.03804072 -7.750462 -4.657822 2.938903 2.249449 0.3575951 20.35034 1.038429 0 0.0 0.05919374439143464 9.042398298965159 0.0
0.05446026 -0.04937128 0.05575499 -4.106238 0.8610232 0.7499538 0.2997558 18.99252 1.360826 1 8.837608e-05 0.07350811661378627 4.106616506511644 0.0
0.07948014 -0.02176901 -1.358373 -2.878977 1.407334 1.109138 0.6675127 19.51759 1.114206 0 0.0 0.08240741745012824 3.183345060413338 0.0
0.05742396 -0.04044402 -1.459286 -7.673978 1.278235 1.011282 0.6744853 19.24459 1.21859 0 0.0 0.07023695562766086 7.811494989710996 0.0
0.05716501 -0.04114964 -2.11143 -1.441944 1.406335 1.201713 0.5838078 19.38502 1.460333 0 0.0 0.07043529825612795 2.5568220790731604 0.0
0.05446415 -0.0378757 0.03402615 -3.726602 0.11579 0.07933886 0.2136265 15.44844 1.661893 1 0.0 0.06633937206299514 3.726757336517609 0.0
0.07476374 -0.02557954 -0.4599189 1.277536 1.694318 1.342348 0.62623 20.03445 1.25927 1 0.0 0.07901854013710452 1.3578010258772122 0.0
0.08019922 -0.02098163 -10.82086 -14.46791 1.088603 0.8514654 0.6857524 19.29356 1.15638 0 0.0 0.08289839374840323 18.066860017936154 0.0
0.0683457 -0.04309377 -0.4344385 -4.918921 1.0471 0.8139856 0.690695 19.21682 1.50728 1 0.01807609 0.08079732496378145 4.938068510513321 0.0
0.05624096 -0.05322474 -8.730002 -4.326854 1.577099 1.584033 0.1149621 19.71101 1.047606 1 0.0004005233 0.0774333166653037 9.743438841462496 0.0
0.07835581 -0.02825535 -5.197573 -4.740765 2.297467 1.773066 0.4322002 20.29878 1.011019 0 0.0 0.08329464427187741 7.034885775586837 0.0
0.02965814 -0.03353763 -2.780102 -6.869295 4.045978 3.078069 0.1753597 20.65253 0.9985619 1 0.2148699 0.044770279140033294 7.410545251695654 0.0
0.05661284 -0.05822212 -5.816852 -4.198786 1.72802 1.327127 0.04397216 20.02406 1.270784 0 0.0 0.08120855195211893 7.1739508685033515 0.0
0.06607204 -0.05010996 -1.625057 -5.217788 1.680141 1.325674 0.6439201 20.01515 1.153666 0 0.0 0.0829248006386702 5.464990564144919 0.0
0.08008793 -0.01355245 -7.442308 -6.244321 1.42743 1.089869 0.612606 19.6554 0.6827965 1 7.815955e-05 0.08122650695855017 9.714910865154915 0.0
0.04164937 -0.01694063 -8.098754 -6.191824 2.195181 1.619895 0.5544177 20.13919 1.223524 0 0.0 0.04496281759625168 10.19453288775371 0.0
0.04152947 -0.0359416 -6.622006 -8.041197 2.534779 2.162368 0.03506933 20.18812 1.487577 0 0.0 0.05492263184736234 10.416900338240978 0.0
0.07824771 -0.01410849 -3.635346 -3.953156 0.4394847 0.2940023 0.2097538 18.40836 1.403185 0 0.0 0.07950945610632863 5.3705849681437865 0.0
0.07232577 -0.01328556 -2.237567 2.336399 0.4193894 0.2891343 0.2866889 18.41239 1.468189 0 0.0 0.07353586275149357 3.2350373053011308 0.0
0.05210427 -0.04653618 -6.374643 -7.8798 3.243242 2.374585 0.172579 20.40509 0.8589382 0 0.0 0.0698603678864154 10.135448752642825 0.0
0.03423022 -0.02637644 0.1188563 -4.883799 2.597491 2.064873 0.105777 20.06959 1.181515 0 0.0 0.04321370787518702 4.885245080080495 0.0
0.04299538 -0.03628913 -8.387329 -3.618883 2.003302 1.78229 0.1725601 19.8911 1.079473 0 0.0 0.056262808830534757 9.134746954455279 0.0
0.03365899 -0.008676126 0.3422476 -2.227444 3.048585 2.61746 0.2180532 20.66491 1.728365 0 0.0 0.03475921129985512 2.253583855293998 0.0
0.05193158 -0.04724185 -7.027625 -2.796059 2.81834 2.236694 0.09153926 20.28913 nan 0 0.0 0.07020456817557459 7.56342905513802 0.0
0.06245416 -0.04061374 -6.941558 -5.300208 2.479971 1.971461 0.4694226 19.94989 0.7315426 0 0.0 0.07449830855860555 8.733695226570937 0.0
0.04848365 -0.04309229 -1.719304 -3.389121 2.956668 2.446066 -0.05531417 20.33564 nan 0 0.0 0.06486609110133429 3.8002825417404162 0.0
0.06670957 -0.03760565 -4.372471 -5.073534 1.822499 1.407262 0.5813362 20.11494 1.124172 1 0.01299407 0.0765790548486164 6.6977048229223275 0.0
0.04041236 -0.02019616 -4.133384 -7.256161 1.57369 1.341194 0.5528564 19.63125 1.236256 0 0.0 0.04517791185430332 8.350852396574675 0.0
0.05170127 -0.0483652 -0.7239328 -5.336526 0.6122169 0.4728683 -0.3154582 18.57701 1.336023 1 0.0 0.07079699068924399 5.385405133097401 0.0
0.03437339 -0.02902387 2.781657 -4.161209 0.9859903 0.8475328 -0.6967147 18.38879 1.242039 1 0.0 0.04498794249428395 5.005324765420322 0.0
0.02597917 -0.03062638 -1.731872 -4.939161 1.714039 1.353003 0.4678038 19.87144 0.8542614 1 0.2306311 0.04016083198582047 5.233993886918956 0.0
0.02833666 -0.02888537 -6.019179 -4.1863 1.624011 1.463892 0.03940485 19.43284 1.93441 0 0.0 0.04046394567998158 7.331822660433148 0.0
0.03112854 -0.01096253 -1.747274 -6.501343 1.166047 1.02114 0.1907687 19.50964 1.358164 1 0.609204 0.033002470612554145 6.732044803380694 0.0
0.04610621 -0.01413423 2.176144 -2.992022 0.5063935 0.3503336 0.2824895 18.52949 1.251259 1 0.0 0.048224050620587655 3.699702468742588 0.0
0.02670041 -0.01503392 -1.436089 -7.674925 1.256366 1.039753 0.3778463 19.57794 1.741978 0 0.0 0.030641975209416576 7.808125599114425 0.0
0.05859864 -0.05096728 -2.225207 -4.789412 1.377396 1.172568 0.4939567 19.64606 1.14292 0 0.0 0.07766250215160467 5.281099648614197 0.0
0.06081231 -0.04965203 2.031305 -8.107554 0.5875269 0.4176141 0.1158535 18.65823 1.546505 0 0.0 0.07850771382900537 8.358147633653106 0.0
0.03328502 -0.009698387 -2.475855 -6.461677 0.3899387 0.3414276 0.2704384 17.88575 1.431458 0 0.0 0.034669168821911046 6.9197635532837385 0.0
0.04366187 -0.01659402 -2.59281 -1.769197 1.081477 0.9287438 0.5372686 19.26357 1.043299 0 0.0 0.046708889856828105 3.138904541541364 0.0
0.06693642 -0.04507492 -2.896568 -7.423872 1.599959 1.251404 0.6517446 19.86271 0.9816017 1 0.1879866 0.08069840602776984 7.968938552342339 0.0
0.04731313 -0.01598661 -4.612688 -8.492305 0.9976848 0.781943 0.6798784 19.18127 1.271475 1 0.4801467 0.04994100489266311 9.664167568827075 0.0
0.07133818 -0.03607794 -6.449647 -8.568505 2.962731 2.376702 0.178295 20.51542 1.128767 1 0.06486384 0.07994218961447078 10.72460835460363 0.0
0.02925966 -0.01178043 -10.78012 -6.14091 2.097916 1.739626 0.1991731 20.06142 nan 0 0.0 0.03154213426990159 12.406520980617412 0.0
0.06613142 -0.045519 -1.900444 -5.92881 1.02063 0.8038907 0.6665115 19.23086 nan 0 0.0 0.0802829002479133 6.225951767660589 0.0
0.03498188 -0.006898759 -2.932648 -6.618809 1.00983 0.8695684 0.448347 19.42603 1.435545 0 0.0 0.03565564196693815 7.239409980819223 0.0
0.05759679 -0.03942937 -4.514419 -7.16421 2.232197 1.610969 0.6726507 20.20028 nan 0 0.0 0.06980018221252005 8.467932677558379 0.0
0.03828404 -0.02427927 -9.943203 -7.493629 2.828209 2.339906 0.4265846 20.28176 nan 0 0.0 0.04533376964752104 12.450773529739026 0.0
0.04655925 -0.03810782 -1.847014 -1.969006 0.4588598 0.3264338 0.05483461 18.41874 1.216307 1 0.0 0.060166184071410916 2.6997120854328154 0.0
0.05210702 -0.03803323 -2.531513 -5.706982 0.587979 0.4193578 0.1072282 18.76421 1.292484 1 0.01886045 0.06451099222235929 6.243252487084997 0.0
0.03469421 -0.007674987 -2.323107 -7.385867 1.449728 1.274423 0.3337361 19.8517 1.070616 0 0.0 0.03553299358306684 7.742600175337611 0.0
0.03242254 -0.009660064 -7.166782 -3.845175 1.742691 1.708473 -0.3178804 19.4401 0.8797665 0 0.0 0.03383102032950966 8.133150374618005 0.0
0.06417742 -0.04412012 2.308622 -5.148452 2.304591 1.722757 0.6709746 20.06257 nan 0 0.0 0.07788020433120858 5.6423659519024465 0.0
0.05928793 -0.05239995 -4.963477 7.127453 2.338423 1.885642 0.499088 20.2614 2.826988 0 0.0 0.07912530191845969 8.685429764654021 0.0
0.04348898 -0.01806645 -1.056267 -2.590462 2.353403 1.792241 0.8968372 19.46778 nan 0 0.0 0.047092334801354885 2.797533440145622 0.0
0.02701634 -0.01686121 -2.692242 -7.432985 1.555972 1.471377 0.1120958 19.97364 1.143143 0 0.0 0.031846240432109096 7.905531797215732 0.0
0.04110148 -0.02347888 -1.803777 -16.17339 4.07784 3.184909 0.29593 20.75681 0.8470478 0 0.0 0.047334865207844426 16.273664478470394 0.0
0.04041601 -0.005654532 -7.237998 -5.08114 1.206015 1.005323 0.5591391 19.67235 1.154945 0 0.0 0.04080965077600057 8.843449482391133 0.0
0.02353725 -0.02033204 0.04131712 -3.672711 1.371542 1.255023 -0.2257725 19.44241 1.041039 0 0.0 0.031102957867767175 3.672943396504511 0.0
0.02992106 -0.01090508 -2.897369 -2.576616 0.5297151 0.3887843 -0.01162151 18.63907 1.343597 0 0.0 0.03184635931044552 3.877331186991511 0.0
0.05672836 -0.0566753 -2.653789 -6.857717 2.018978 1.814499 -0.1976254 20.0653 1.26198 0 0.0 0.08018850577470314 7.353290318531562 0.0
0.0391506 -0.007256392 -3.243917 -4.229311 1.177733 0.9536939 0.6241165 19.53347 1.356377 0 0.0 0.0398173919941734 5.330109664688899 0.0
0.04061481 -0.01539732 -1.510078 0.0292127 1.913683 1.320855 0.4392448 20.00168 1.154236 0 0.0 0.043435472306842714 1.5103605357414798 0.0
0.02704345 -0.02662112 -7.075497 -1.926228 1.556644 1.403457 0.1438298 19.52507 1.31444 0 0.0 0.0379477564285018 7.333008393898987 0.0
0.03598785 -0.008216958 -5.939581 0.4047073 1.218652 1.039962 0.4769165 19.66081 1.219515 0 0.0 0.03691400474611586 5.953352874996937 0.0
0.06753928 -0.04688143 -3.132324 -4.446573 0.51147 0.3552454 0.2777602 18.512 1.21438 1 0.0 0.08221570909359902 5.439068402337389 0.0
0.05402629 -0.05776537 -2.614193 -7.906116 1.675832 1.529624 0.3688465 19.84711 0.8676472 0 0.0 0.07909284406569915 8.327104853831553 0.0
0.06207654 -0.05080074 -10.41408 -8.877552 1.834189 1.514586 0.36192 20.11666 1.167351 1 0.002173596 0.0802135400223628 13.68444342160484 0.0
0.07375304 -0.03548775 2.21648 -1.313861 2.693056 2.090822 0.3589021 20.40049 1.080183 0 0.0 0.0818467550322192 2.5766284787918106 0.0
0.03086945 -0.01274585 2.730392 -12.53946 0.9646862 0.8408578 0.4266987 19.28583 1.341633 0 0.0 0.033397299823863004 12.833280857413822 0.0
0.0279653 -0.01539272 -0.2380294 -4.767907 1.051805 0.9212908 0.3719247 19.43436 1.386431 1 0.06620789 0.0319216828047708 4.773844902792021 1.0
0.06217356 -0.02292869 0.78659 -4.707889 0.435669 0.2994318 0.3048903 18.45419 1.173035 0 0.0 0.06626670648364608 4.7731480874178835 0.0
0.06809066 -0.03445338 1.083493 2.454197 1.435125 0.9631053 0.4141483 19.98586 0.9502544 0 0.0 0.07631103047829979 2.682729952093203 0.0
0.0302368 -0.0136212 -7.132159 -4.645181 0.6182722 0.4547903 -0.01452526 18.81987 1.210398 1 0.0 0.03316325019777163 8.511486269979056 0.0
0.03242211 -0.01175433 -0.2983392 -6.874927 0.2750226 0.2400386 0.3000776 17.47196 1.540892 1 0.0 0.034487062655450956 6.88139720795026 0.0
0.03348602 -0.01091913 1.450392 -4.438698 0.4728509 0.3557057 -0.001586846 18.53021 1.381824 0 0.0 0.035221313652351184 4.669654900404097 0.0
0.05624289 -0.04770869 -5.794472 -2.049089 2.073903 1.6939 0.7909902 19.40895 1.233793 0 0.0 0.07375216455852804 6.14611027306743 0.0
0.05590642 -0.02343375 -2.567251 -3.225699 1.804541 1.407213 0.5430032 20.15136 0.9863644 0 0.0 0.060619043511745546 4.122609820926788 0.0
0.0692683 -0.03660346 0.3743974 -2.389193 2.266146 1.605029 0.3400024 20.12124 nan 0 0.0 0.07834481903011584 2.4183499755775135 0.0
0.02327858 -0.01992765 -1.876441 -5.621308 2.723573 1.34884 -0.2071094 19.92814 nan 0 0.0 0.03064316434931125 5.926224300289772 0.0
0.07217242 -0.03466687 -5.442605 -3.897361 1.304951 1.02006 0.6787134 19.55824 1.143036 0 0.0 0.08006653535812137 6.694129663395086 0.0
0.07632451 -0.007809502 -0.9528688 -1.684708 0.5695971 0.3645791 0.1420422 18.57905 1.232862 0 0.0 0.07672300273208879 1.93551026741721 0.0
0.02822237 -0.02493523 -0.1219652 -2.321412 0.9682694 0.7219858 -0.2348542 18.92927 1.165266 0 0.0 0.037659897285704326 2.324613770877872 0.0
0.03871728 -0.01583745 0.0879676 -10.40597 1.552234 1.331465 0.5234116 19.67558 1.03492 0 0.0 0.04183123944017079 10.406341813507268 0.0
0.04412265 -0.01367591 -13.39873 3.01538 2.291628 2.178296 -0.09980197 19.58768 1.173983 0 0.0 0.04619349258662522 13.733844405602534 0.0
0.07793359 -0.009729066 -1.566614 -5.439549 1.854124 1.428007 0.5882712 19.74243 1.46209 0 0.0 0.0785385203293292 5.6606512653931444 0.0
0.07360976 -0.03451303 0.3517359 -1.091159 1.048115 0.816376 0.7244619 19.18385 0.8018589 0 0.0 0.08129911442960802 1.1464493476075643 0.0
0.07291946 -0.03542824 -2.859888 -5.617708 1.514064 1.191975 0.637978 19.82721 1.308125 0 0.0 0.0810703881586193 6.303776847716614 0.0
0.04210967 -0.01570288 -2.935339 -1.862663 1.151261 0.9092143 0.6643748 19.33763 1.413073 0 0.0 0.04494223790381716 3.4764534365485176 0.0
0.05090359 -0.02587349 0.5434908 -2.113302 0.4619357 0.3355981 0.3801805 18.48146 1.243093 1 0.0 0.0571017772023621 2.1820695664640577 0.0
0.06706342 -0.01625493 -3.681195 -7.219984 2.887317 2.332755 0.1452555 20.36763 1.039799 0 0.0 0.06900525379564443 8.104280695304242 0.0
0.03147256 -0.01594268 -1.382998 -8.025424 1.752636 1.727609 0.147264 20.00494 0.9285183 0 0.0 0.035280179684009545 8.14371621851965 0.0
0.07591419 -0.02436319 -0.7414075 -5.384546 2.973122 2.298312 0.3995453 20.52958 1.061722 0 0.0 0.07972784501246852 5.4353491798754066 0.0
0.05288813 -0.02284717 -4.19128 -7.521499 1.414833 1.115755 0.6739919 19.5324 1.353243 0 0.0 0.05761204276803418 8.610445705386047 0.0
0.0370163 -0.03667102 -2.295587 -3.930461 1.375958 1.227709 0.41333 19.54937 0.8504162 0 0.0 0.05210537566825903 4.551729709362146 0.0
