jas1101finalproject/data/gcs/NGC_6624.ecsv
# %ECSV 0.9
# ---
# datatype:
# - {name: x, unit: deg, datatype: float64}
# - {name: y, unit: deg, datatype: float64}
# - {name: pmx, unit: mas / yr, datatype: float64}
# - {name: pmy, unit: mas / yr, datatype: float64}
# - {name: pmx_e, unit: mas / yr, datatype: float64}
# - {name: pmy_e, unit: mas / yr, datatype: float64}
# - {name: pm_corr, datatype: float64}
# - {name: g_mag, unit: mag, datatype: float64}
# - {name: bp_rp, unit: mag, datatype: float64}
# - {name: filter, datatype: int64}
# - {name: memberprob, datatype: float64}
# - {name: r, unit: deg, datatype: float64}
# - {name: pm, unit: mas / yr, datatype: float64}
# - {name: member_prob_GMM, datatype: float64}
# meta: !!omap
# - comments: [deg deg mas/yr mas/yr mas/yr mas/yr dimless mag   mag   zeroone float]
# - __serialized_columns__:
#     bp_rp:
#       __class__: astropy.units.quantity.Quantity
#       unit: &id001 !astropy.units.Unit {unit: mag}
#       value: !astropy.table.SerializedColumn {name: bp_rp}
#     g_mag:
#       __class__: astropy.units.quantity.Quantity
#       unit: *id001
#       value: !astropy.table.SerializedColumn {name: g_mag}
#     pm:
#       __class__: astropy.units.quantity.Quantity
#       unit: !astropy.units.Unit {unit: mas / yr}
#       value: !astropy.table.SerializedColumn {name: pm}
#     pmx:
#       __class__: astropy.units.quantity.Quantity
#       unit: !astropy.units.Unit {unit: mas / yr}
#       value: !astropy.table.SerializedColumn {name: pmx}
#     pmx_e:
#       __class__: astropy.units.quantity.Quantity
#       unit: !astropy.units.Unit {unit: mas / yr}
#       value: !astropy.table.SerializedColumn {name: pmx_e}
#     pmy:
#       __class__: astropy.units.quantity.Quantity
#       unit: !astropy.units.Unit {unit: mas / yr}
#       value: !astropy.table.SerializedColumn {name: pmy}
#     pmy_e:
#       __class__: astropy.units.quantity.Quantity
#       unit: !astropy.units.Unit {unit: mas / yr}
#       value: !astropy.table.SerializedColumn {name: pmy_e}
#     r:
#       __class__: astropy.units.quantity.Quantity
#       unit: &id002 !astropy.units.Unit {unit: deg}
#       value: !astropy.table.SerializedColumn {name: r}
#     x:
#       __class__: astropy.units.quantity.Quantity
#       unit: *id002
#       value: !astropy.table.SerializedColumn {name: x}
#     y:
#       __class__: astropy.units.quantity.Quantity
#       unit: *id002
#       value: !astropy.table.SerializedColumn {name: y}
# schema: astropy-2.0
x y pmx pmy pmx_e pmy_e pm_corr g_mag bp_rp filter memberprob r pm member_prob_GMM
[from data line 7437]
-0.07347592 -0.02428151 1.346369 -6.051911 1.570986 1.452306 0.6882479 19.67994 2.08305 1 0.1573329 0.07738412335696838 6.199865824038613 0.0
-0.07105051 -0.02900422 -0.8475591 -5.77872 0.9489529 0.898817 0.3865118 19.32629 0.9638996 0 0.0 0.07674255500743052 5.840544603578746 0.0
-0.01377558 0.02227299 -0.5362142 -7.361066 0.6015947 0.5163186 0.1862578 18.85579 0.9975166 0 0.0 0.02618878935492246 7.380570325160356 0.0
0.001184248 -0.006160804 0.4636059 -8.174974 0.2786737 0.2031529 -0.1201401 15.91035 1.478012 0 0.0 0.006273591415761787 8.188109081539572 0.0
-0.02766303 0.047592 0.4065856 -3.316822 0.5394992 0.4914544 0.2943762 18.47733 1.123981 0 0.0 0.05504763112778696 3.341649297848498 0.0
0.00068393 -0.01125914 0.07463247 -3.402602 1.261541 1.294289 0.3214764 18.97482 nan 0 0.0 0.011279893341007263 3.403420393660222 0.0
-0.04781547 -0.06333 -0.8164689 -7.166216 0.6891414 0.5845421 0.2682969 18.77608 1.259346 0 0.0 0.07935368971459929 7.212577432743666 0.0
0.01400853 0.002547154 -0.7561797 -6.08969 1.110149 1.056234 0.5261563 19.03324 0.2496243 0 0.0 0.014238219911934778 6.136459242494167 0.0
-0.06008532 -0.05206816 -1.43729 -5.342838 0.4693707 0.3919488 0.1312609 18.37201 nan 0 0.0 0.07950684854330474 5.532785956310257 0.0
-0.07310441 -0.02821419 -3.252434 -5.424381 0.3942796 0.3370851 0.114037 18.16309 1.262318 0 0.0 0.07836003623534256 6.324732101640117 0.0
-0.02365297 0.02443784 -0.5997415 -7.67019 0.3477113 0.3148544 0.3893815 17.36929 1.241009 0 0.0 0.03400986641676942 7.6936015300327485 0.0
0.004477761 0.04147322 2.728283 -3.694279 0.3628094 0.3116291 0.1308728 18.07711 1.191027 1 0.0 0.041714246016696994 4.592518422165555 0.0
-0.04219845 0.03113021 1.513456 -3.31036 0.4787624 0.3893648 0.1426599 17.59534 1.334034 0 0.0 0.05243852741111825 3.639922031244076 0.0
-0.01971313 0.07912619 -3.965982 -6.915275 0.4177543 0.3720582 0.1237266 18.36788 1.414249 1 0.0 0.08154484311293388 7.971827992998156 0.0
-0.07449329 -0.001977739 -1.626792 -2.106779 0.7515014 0.6205977 -0.3199991 18.59558 1.162256 0 0.0 0.07451953909261799 2.6617606891125654 0.0
-0.06334549 0.02409785 -1.752266 -4.892656 0.08792507 0.07936479 0.01325444 14.18195 1.983738 1 0.0 0.06777431281807732 5.196972086618515 0.0
-0.03295674 0.04264842 -4.941297 -1.364022 0.5156598 0.4531807 0.1734627 18.63865 1.186954 0 0.0 0.05389837140326227 5.126106910579704 0.0
0.0232784 0.005242378 -2.172093 -5.449743 1.602477 1.49011 0.3252793 18.94112 0.9826813 0 0.0 0.023861400496510764 5.866658910035421 0.0
-0.008670058 0.0687976 0.6068521 -4.961072 0.525848 0.4505525 0.136313 18.61311 1.00198 0 0.0 0.06934175993932779 4.998050105837116 0.0
-0.04518161 -0.06837749 -5.774932 -7.056103 0.5184467 0.4885586 0.3543955 18.51451 1.113316 0 0.0 0.08195644587762575 9.118027700727444 0.0
0.03842669 0.02152254 -3.37194 -7.140476 0.9522742 0.8113909 0.5404389 19.30306 1.148994 0 0.0 0.04404350386161051 7.896605401701163 0.0
-0.06120559 0.01378427 -5.149431 -3.253628 0.3785286 0.3227463 0.09748533 17.96554 1.437614 0 0.0 0.06273858738193744 6.091201423869104 0.0
-0.05224431 -0.04861707 -4.09619 -6.531676 0.3716599 0.3153522 0.8119792 16.6315 1.648896 0 0.0 0.0713658701534634 7.709835529054819 0.0
-0.03149924 -0.0656923 -2.702022 -4.090761 0.09940455 0.081017 -0.01146232 15.21286 1.923644 1 0.0 0.07285382899935733 4.9025756952447965 0.0
-0.02621467 0.04993462 -5.052919 -8.407686 1.32001 1.281627 0.3745033 19.58784 1.178257 0 0.0 0.056397475100870426 9.809239231212429 0.0
-0.03070528 0.003653414 0.05892789 -7.10201 0.2044063 0.1680108 0.2063383 16.93534 nan 0 0.0 0.030921863684677805 7.102254468569811 1.0
-0.0707204 0.02415765 -6.863257 -6.224158 0.6543949 0.5896467 0.04871541 18.59527 1.12739 0 0.0 0.0747326369779797 9.265227436874554 0.0
-0.04549737 -0.06837764 -8.639184 -5.163237 1.455363 1.291722 0.03288206 19.82671 nan 0 0.0 0.08213106798822538 10.06451769853007 0.0
-0.03070844 0.01373566 -1.985337 -2.719187 0.2013544 0.1684333 0.145873 16.89215 1.588679 0 0.0 0.03364040194274141 3.36682950927694 0.0
-0.05049187 0.02356746 -7.18901 -3.876817 0.5345369 0.471739 0.207882 18.59958 1.234657 0 0.0 0.055721217744666166 8.167715398542544 0.0
0.00247443 -0.007009599 1.6446 -6.790752 0.6984949 0.5414294 0.7815522 16.40716 1.28449 0 0.0 0.007433524195541506 6.987061033474948 0.0
-0.01003725 0.03903903 -0.4316682 -7.346669 0.6333751 0.5504704 0.1315206 18.94954 nan 0 0.0 0.04030871184872323 7.359339836592155 0.0
0.01350721 -0.004687349 -0.02066705 -6.753093 0.07098005 0.05926204 -0.04442207 14.35262 1.65539 1 0.9946555 0.014297411046476246 6.753124624468639 1.0
-0.02818261 -0.06910735 -7.062804 -4.05243 0.1943917 0.164552 0.3655353 16.59674 1.507264 1 0.0 0.07463300429725846 8.1428121215779 0.0
-0.05115034 0.02357093 3.873904 1.030523 0.5621481 0.5060113 0.1811656 18.69515 0.842062 0 0.0 0.05632003216601088 4.008629423474438 0.0
-0.03225299 0.06554828 -0.6581213 -5.780239 0.5756842 0.52564 0.1818021 18.79705 1.389458 0 0.0 0.0730536267059925 5.817584253161676 0.0
-0.06007493 -0.02617589 -2.791164 -4.221072 0.4053997 0.3512074 0.4588861 17.89379 1.545292 0 0.0 0.06552995064699042 5.060439240232018 0.0
-0.0414521 -0.05174567 -6.904579 1.775872 0.9817138 0.8866231 0.1676039 18.90141 nan 0 0.0 0.06630151550423942 7.129300984502267 0.0
-0.07047543 0.01315624 -0.7649699 -3.869011 0.3612931 0.3101529 0.4098943 17.62177 1.41679 0 0.0 0.07169290679434404 3.943909870423893 0.0
-0.003503017 0.00515544 4.271447 -10.63938 1.029881 0.9252182 0.3151569 17.91382 nan 0 0.0 0.006232951924721464 11.464801187033684 0.0
-0.07451993 -0.001573401 -3.975365 -3.403102 1.440421 1.227462 -0.06708036 19.77391 nan 0 0.0 0.07453653840843229 5.233032591684195 0.0
0.0125927 0.0503722 -7.047709 -6.425155 0.9558165 0.8239867 0.3145847 18.91979 1.047117 0 0.0 0.05192239041232597 9.536918733149927 0.0
-0.07287291 -0.0209432 -1.026875 -1.578974 0.7887757 0.7240801 0.2824245 19.17498 1.223511 0 0.0 0.07582267891672055 1.8835156379231368 0.0
-0.04387225 0.004346484 -5.045495 -3.76888 1.299848 1.182016 0.6332732 19.34587 1.425722 0 0.0 0.044087030328938646 6.297735803399901 0.0
-0.02034292 -0.06053569 -4.202325 -9.023261 1.171339 1.061832 0.459488 19.5467 nan 0 0.0 0.06386238453035167 9.953832150470792 0.0
-0.00242335 0.005790619 6.10585 -0.6148447 1.4297 1.31438 0.3421383 18.65793 nan 0 0.0 0.00627725207600117 6.136728625873731 0.0
-0.07041974 -0.02759805 1.629789 -6.826845 0.7216726 0.6574093 0.2947938 19.07534 1.14879 0 0.0 0.07563459622071173 7.018691105793587 0.0
-0.06683648 0.006425851 1.706157 -4.79977 0.6210246 0.535344 0.04623604 18.81155 0.7237892 0 0.0 0.06714466933319875 5.093992909452171 0.0
-0.0704642 -0.0389449 -3.05783 -3.917992 1.106332 1.021557 0.3130321 19.66952 1.262367 0 0.0 0.08051030193490769 4.9700086137716095 0.0
-0.03139179 0.009394316 -1.795491 -7.244472 0.3903984 0.3309622 0.114379 18.14312 1.432867 0 0.0 0.032767325989649446 7.463656107422488 0.0
0.005452538 0.04267862 -5.369822 -5.552804 1.01057 0.8902452 0.2597519 18.64894 1.454754 0 0.0 0.0430255130794026 7.724546625796235 0.0
-0.07986049 -0.007469418 -3.01289 -3.744406 0.6155305 0.5371384 0.1957396 18.53739 1.235357 0 0.0 0.08020903981658692 4.8060464463981205 0.0
-0.07409879 -0.001355644 -2.51703 -2.302683 0.4057093 0.3245761 -0.1609543 18.03533 1.185596 0 0.0 0.07411118977670535 3.4114203815110504 0.0
-0.009509579 0.03061433 -4.798863 -4.702594 0.9662007 0.8697833 0.254561 18.95988 1.257769 0 0.0 0.032057281452208965 6.718889522949831 1.0
-0.02471496 -0.04639753 -5.25588 -4.568124 0.9306262 0.9340638 0.187382 18.8078 nan 0 0.0 0.0525695733091158 6.9636220068134085 0.0
-0.04275154 0.03098692 -6.449379 -2.939092 0.7464798 0.6482038 -0.1024703 18.70168 nan 0 0.0 0.05280041082660247 7.087506703355208 0.0
-0.03972376 0.03443668 1.699066 -9.751039 1.992802 1.723465 0.1773074 19.88023 nan 0 0.0 0.052572445615169924 9.897958721467624 0.0
0.002449607 0.053234 -0.5098348 -5.499191 1.070042 0.9730326 0.2917042 19.55216 1.109098 0 0.0 0.053290330553060455 5.5227740473218745 0.0
-0.0007118668 0.03600114 -0.7582485 -6.877375 0.9522269 0.8498963 0.2053595 19.35 1.215153 0 0.0 0.03600817734404982 6.919048177197298 0.0
-0.04576065 -0.0119069 -8.443859 -6.021195 0.4566374 0.3845692 0.093816 18.40861 1.055359 0 0.0 0.04728436693065162 10.370802478106793 0.0
-0.04230418 0.03197131 -2.880679 -2.528116 0.7132198 0.5855339 -0.06243293 18.6353 nan 0 0.0 0.053026486858818965 3.832712095957248 0.0
-0.0754142 -0.00289588 0.3701989 -5.795742 1.055991 0.9774599 0.324982 19.43787 1.112423 0 0.0 0.07546977992954795 5.807553060982328 0.0
-0.04085453 0.02983569 -2.182637 -12.22464 0.455224 0.368556 0.1934851 17.59447 2.086536 1 0.0 0.05058913934133492 12.417959872836157 0.0
-0.02466225 -0.04664547 0.3720473 -2.546673 0.2527072 0.2033663 0.1839052 16.8995 1.17816 0 0.0 0.05276387444628569 2.573705997655189 0.0
-0.06191542 0.01180591 1.126708 -10.27449 1.650278 1.668778 0.4741292 19.73232 1.094391 0 0.0 0.06303093482334289 10.336083188392207 0.0
-0.0387588 0.05889309 -1.807104 4.21391 1.029833 0.8931733 -0.04886106 18.95841 1.627508 0 0.0 0.07050277035115783 4.585047693854013 0.0
-0.001817405 -0.00851639 -2.127231 -5.540082 0.8347517 0.6120915 0.2082077 18.51511 nan 0 0.0 0.008708149032149427 5.934443553871332 0.0
-0.02449122 0.006054612 -1.806609 -5.42932 0.1646192 0.1328516 0.1517562 16.37213 1.604307 0 0.0 0.02522851925022442 5.722005919367875 0.0
-0.0156907 -0.02495135 -6.312298 -2.9848 0.5282485 0.4515324 0.1587102 18.65737 1.143648 0 0.0 0.029474869521551747 6.982416278109176 1.0
-0.007113497 0.04315344 -2.566303 -4.456246 1.127045 1.017866 0.2641955 19.5877 nan 0 0.0 0.04373581168107675 5.1423768337535325 0.0
-0.04965541 -0.01575974 1.263304 -3.853109 0.6165402 0.5475568 0.1729444 18.91843 1.046734 0 0.0 0.05209634485389258 4.054921202970164 0.0
-0.03860104 0.05973048 -0.2534871 -4.42656 0.379957 0.3338003 0.04838562 18.17156 1.147438 0 0.0 0.07111800426131207 4.43381203294258 0.0
-0.01957623 0.05341327 -5.185007 -5.009117 2.117323 1.864479 0.3093581 19.99898 0.3169727 0 0.0 0.05688766292532854 7.209407098349905 0.0
0.001448659 0.06846419 1.808051 -7.190355 1.904903 2.050006 0.8172429 19.65193 nan 0 0.0 0.06847951463944806 7.414192703499553 0.0
-0.06102428 0.01865194 0.123324 -5.619112 0.1793599 0.1491993 0.1153826 16.59414 1.578543 1 0.0 0.0638111088704937 5.620465147789816 0.0
-0.05241993 -0.01562004 -6.653149 -2.709841 0.9570543 0.8839801 0.338587 19.42534 nan 0 0.0 0.05469766641097681 7.183845061071543 0.0
-0.00363503 0.01442324 3.637607 -8.692026 1.355245 1.16088 0.118401 18.31869 1.062271 0 0.0 0.014874249399499122 9.422499703959932 0.0
-0.01211849 0.0402595 -2.409423 -3.283115 0.8931001 0.808184 0.3675836 18.66549 1.270914 0 0.0 0.04204384782735876 4.072365810699476 0.0
-0.0108439 -0.05091923 -3.062347 -5.354599 1.455676 1.261083 0.2176005 19.71192 1.280239 1 0.01505523 0.05206110017088479 6.168443855561142 0.0
0.009531817 0.001475762 1.682274 -7.106043 0.5159248 0.4427919 0.3504704 17.04908 1.261046 0 0.0 0.009645382771157037 7.302458005967922 0.0
-0.008825917 0.04385711 -0.8969366 -5.377687 0.1178126 0.0958846 -0.1342849 15.7841 1.730005 1 0.0 0.04473637120333956 5.4519732881213345 0.0
-0.001843386 -0.02701958 -3.681233 -10.98944 2.262737 2.118467 0.4579402 19.96413 nan 0 0.0 0.02708238865612478 11.589618971902787 0.0
0.004109532 0.05529007 -6.377015 -6.534763 1.715879 1.594698 0.3838572 19.95862 1.292747 0 0.0 0.05544258375891156 9.130687147000165 0.0
-0.02876952 0.04758024 1.061279 -0.002232588 0.6390794 0.586728 0.2989314 18.87726 1.167212 0 0.0 0.05560183917361008 1.0612813483191808 0.0
-0.01770747 0.06365418 -3.48059 -2.741365 0.29441 0.2813285 0.5675019 17.27331 1.269613 0 0.0 0.06607124280103487 4.4305291796042825 0.0
-0.02441557 0.01948618 1.387036 -2.869491 0.5415842 0.4949469 0.5313884 17.85342 1.183849 0 0.0 0.031238298119732773 3.18713781697262 0.0
-0.08126849 0.007566964 -5.655549 -4.628344 0.7778686 0.5588053 0.7946278 17.32464 1.206385 0 0.0 0.08162001231963517 7.3079958041679935 0.0
0.007429541 0.05874026 -1.329792 -7.003651 0.7579742 0.6705819 0.3724681 19.12201 0.9243011 0 0.0 0.05920824456389736 7.128777882152382 0.0
-0.007141494 0.06585088 -0.5713108 -3.305535 1.748342 1.572085 0.1972028 19.97268 nan 0 0.0 0.06623699369179158 3.3545428401529827 0.0
-0.01037872 0.02965675 1.01416 2.169389 0.486182 0.4221205 0.1294846 18.38627 1.05776 0 0.0 0.03142038588879678 2.3947378017062744 0.0
-0.0418985 0.007290389 -2.558369 -7.11141 0.1418429 0.1204605 -0.3409994 15.76618 1.36303 1 0.0 0.042528038680631874 7.557605713998383 0.0
-0.0137658 -0.04714305 1.58989 -1.071712 1.194491 0.8067507 -0.7545254 18.37694 1.338499 0 0.0 0.049111754325644894 1.9173723746429643 0.0
0.01882702 0.0001659737 -5.123146 -6.82392 2.276319 2.179183 0.5033523 19.29199 nan 0 0.0 0.018827751574457628 8.533024616378182 0.0
-0.03231273 0.007030811 -1.292902 -6.362038 0.3057818 0.2566264 0.3318107 17.30527 1.343187 0 0.0 0.03306878926375474 6.492081568730326 1.0
-0.0003955761 -0.01011282 0.3569522 -7.667529 0.4698748 0.3607798 0.8213807 16.2279 1.414261 0 0.0 0.010120553779477248 7.675833234178934 0.0
-0.03572163 0.03934583 4.22445 -3.738666 1.027086 0.9910356 0.5157706 19.29333 nan 0 0.0 0.05314253652438694 5.641241110079944 0.0
-0.0559443 -0.02191243 -1.068353 -1.52518 0.6054395 0.5458725 0.233484 18.71577 1.255857 0 0.0 0.06008260389659307 1.8621364517695798 0.0
0.01938024 0.001365588 -2.709262 -5.783151 1.235398 1.162893 0.2982768 19.20983 0.7357063 0 0.0 0.019428292077363463 6.386308485615536 0.0
-0.06520425 -0.03233038 -0.8336339 -4.658441 1.116559 1.018785 0.2844433 19.64026 1.500746 0 0.0 0.0727794455118126 4.732443135391086 0.0
-0.04521572 0.005351045 -0.05803108 -1.727424 1.216699 1.07227 0.1873474 19.38767 1.149199 0 0.0 0.04553125319723174 1.7283984731600426 0.0
-0.05055921 0.0009748784 2.606265 -7.047837 0.08947539 0.07069268 -0.2021339 14.6969 1.97814 1 0.0 0.05056860788788719 7.514294619509805 0.0
0.002974988 0.002187623 -0.2802589 -6.396036 0.1987542 0.1741738 0.3370238 15.57817 1.189322 0 0.0 0.0036927290707920884 6.402173190747436 0.0
-0.04053097 0.01176942 0.1986516 -6.01676 0.4717885 0.401673 0.09998122 18.54729 1.206032 0 0.0 0.04220519845086977 6.020038484576536 0.0
-0.05327404 0.005697941 -2.232171 -7.597775 0.2653847 0.2334104 0.4326932 17.12666 1.369944 1 0.0 0.0535778860124313 7.918887063462012 0.0
-0.0006325981 -0.001533571 -2.569072 -7.776198 0.7080843 0.6046544 0.1134725 15.44353 nan 0 0.0 0.0016589214472555987 8.189590116506931 0.0
-0.08201935 -0.007745863 0.9245983 -6.809199 1.237221 1.063961 0.1154819 19.1599 1.096436 0 0.0 0.08238429563962582 6.87168633145925 0.0
-0.06430984 -0.03142189 -3.959885 -6.331032 0.9350439 0.8557961 0.2792727 19.37737 nan 0 0.0 0.07157576888862388 7.467439681594288 0.0
-0.04702678 -0.06174461 -4.298354 -6.947877 1.01786 0.9175242 0.2927713 19.58743 1.13694 0 0.0 0.07761388343086886 8.169996445314098 0.0
-0.04663205 -0.06173488 -4.851756 -7.873929 1.031254 0.933743 0.3330331 19.55272 1.215347 0 0.0 0.07736758685532914 9.248691484776483 0.0
-0.07644836 -0.02731075 -1.332651 -5.702356 0.4258254 0.386126 0.2691948 18.24314 1.157219 0 0.0 0.08118022426830379 5.856007397411397 0.0
-0.06855367 -0.02332235 4.055786 -8.27583 0.632586 0.5485481 0.267159 18.77038 0.9229794 1 0.0 0.07241227575481522 9.216222776533561 0.0
-0.02426657 0.05592801 -3.604413 -4.368962 0.6486429 0.5724774 0.08726286 18.54725 1.09314 0 0.0 0.06096563558370404 5.663887537020222 0.0
-0.003213412 0.007171517 -0.8857675 -5.005527 0.5436069 0.4699176 -0.09145836 18.52918 nan 0 0.0 0.007858541389025891 5.083294661121392 0.0
0.02717921 0.01753996 -0.1177631 -4.891651 1.310069 1.10427 0.253269 19.4494 1.191807 0 0.0 0.03234748294729746 4.893068327085022 0.0
0.01393021 0.007254501 -2.921439 -7.415696 0.2964841 0.2722133 0.7411086 16.70167 1.317304 0 0.0 0.015706003164494175 7.970404820028716 0.0
