jas1101finalproject/data/gcs/NGC_5634.ecsv
# %ECSV 0.9
# ---
# datatype:
# - {name: x, unit: deg, datatype: float64}
# - {name: y, unit: deg, datatype: float64}
# - {name: pmx, unit: mas / yr, datatype: float64}
# - {name: pmy, unit: mas / yr, datatype: float64}
# - {name: pmx_e, unit: mas / yr, datatype: float64}
# - {name: pmy_e, unit: mas / yr, datatype: float64}
# - {name: pm_corr, datatype: float64}
# - {name: g_mag, unit: mag, datatype: float64}
# - {name: bp_rp, unit: mag, datatype: float64}
# - {name: filter, datatype: int64}
# - {name: memberprob, datatype: float64}
# - {name: r, unit: deg, datatype: float64}
# - {name: pm, unit: mas / yr, datatype: float64}
# - {name: member_prob_GMM, datatype: float64}
# meta: !!omap
# - comments: [deg deg mas/yr mas/yr mas/yr mas/yr dimless mag   mag   zeroone float]
# - __serialized_columns__:
#     bp_rp:
#       __class__: astropy.units.quantity.Quantity
#       unit: &id001 !astropy.units.Unit {unit: mag}
#       value: !astropy.table.SerializedColumn {name: bp_rp}
#     g_mag:
#       __class__: astropy.units.quantity.Quantity
#       unit: *id001
#       value: !astropy.table.SerializedColumn {name: g_mag}
#     pm:
#       __class__: astropy.units.quantity.Quantity
#       unit: !astropy.units.Unit {unit: mas / yr}
#       value: !astropy.table.SerializedColumn {name: pm}
#     pmx:
#       __class__: astropy.units.quantity.Quantity
#       unit: !astropy.units.Unit {unit: mas / yr}
#       value: !astropy.table.SerializedColumn {name: pmx}
#     pmx_e:
#       __class__: astropy.units.quantity.Quantity
#       unit: !astropy.units.Unit {unit: mas / yr}
#       value: !astropy.table.SerializedColumn {name: pmx_e}
#     pmy:
#       __class__: astropy.units.quantity.Quantity
#       unit: !astropy.units.Unit {unit: mas / yr}
#       value: !astropy.table.SerializedColumn {name: pmy}
#     pmy_e:
#       __class__: astropy.units.quantity.Quantity
#       unit: !astropy.units.Unit {unit: mas / yr}
#       value: !astropy.table.SerializedColumn {name: pmy_e}
#     r:
#       __class__: astropy.units.quantity.Quantity
#       unit: &id002 !astropy.units.Unit {unit: deg}
#       value: !astropy.table.SerializedColumn {name: r}
#     x:
#       __class__: astropy.units.quantity.Quantity
#       unit: *id002
#       value: !astropy.table.SerializedColumn {name: x}
#     y:
#       __class__: astropy.units.quantity.Quantity
#       unit: *id002
#       value: !astropy.table.SerializedColumn {name: y}
# schema: astropy-2.0
x y pmx pmy pmx_e pmy_e pm_corr g_mag bp_rp filter memberprob r pm member_prob_GMM
[from data line 1137]
0.06102171 0.007379093 -2.356692 -1.253143 0.7412921 0.5927203 0.07650696 18.96691 1.243971 1 0.9940845 0.06146625175514405 2.6691505317821624 0.0
0.004065869 -0.006235513 -1.52583 -1.115546 0.5105178 0.4167523 0.04320778 17.78637 0.5148697 0 0.0 0.007443985028083412 1.8901322882316993 0.0
-0.003006057 0.004341696 -1.900228 -1.486755 0.2896103 0.232321 0.02222131 17.26977 0.7380962 0 0.0 0.005280786195602413 2.4127384611700045 0.0
0.01493208 0.009246724 -1.654496 -1.85029 0.986335 0.7234945 0.09687262 19.62072 nan 0 0.0 0.017563283231177933 2.4821220957309893 0.0
0.006934393 0.01906019 -5.083146 -2.343021 2.060356 1.932545 -0.1374961 20.724 0.6444454 0 0.0 0.020282422170799747 5.5971529069480495 0.0
-0.002065121 -0.002537153 11.95736 5.17232 0.9378291 0.7596342 0.1089545 17.65287 nan 0 0.0 0.0032713712858753897 13.028098570090725 0.0
-0.05067306 -0.003584245 -2.933827 -5.283244 0.4768626 0.3818057 0.02733674 18.76601 1.345627 1 0.0 0.05079966360108721 6.0431786362364805 0.0
-0.0362415 0.005229805 -1.49775 -1.334135 0.3731819 0.3084617 0.03344722 18.33177 0.03953362 1 0.9996136 0.03661689750085369 2.005784450215177 0.0
-0.01901647 -0.002748241 -1.84684 -1.307069 0.2400824 0.2049649 -0.02357309 17.65801 1.054495 1 0.9999088 0.019214030286615585 2.2625753813654472 0.0
-0.09043105 -0.01841901 -14.0603 -3.846294 1.21465 0.991633 0.03510072 20.09953 1.912476 0 0.0 0.09228778214629822 14.576900000495167 0.0
-0.02936301 -0.06465836 -9.326562 -8.318982 0.314627 0.2683496 -0.02881256 18.13021 0.7742596 1 0.0 0.07101330772573335 12.49760858149142 0.0
-0.01933545 0.005502461 -1.582272 -1.669651 0.5247144 0.2571712 0.6849803 17.26918 0.8483276 1 0.9997962 0.020103151587724275 2.300286752512608 0.0
-0.002125822 -0.002970598 -2.497166 0.9231761 0.3966255 0.3434685 -0.0507305 17.75239 nan 0 0.0 0.003652885387373658 2.6623471116980992 0.0
-0.001184941 0.004853349 -3.000476 -1.017536 0.7485232 0.6200248 -0.04569108 18.96764 0.8461132 0 0.0 0.004995906493248447 3.16831749322444 0.0
0.0135055 0.008407528 -1.086366 -1.679613 0.4990846 0.3569079 0.1414 18.34247 0.2170582 0 0.0 0.015908647249869613 2.00032270289696 0.0
-0.02030628 -0.006264962 -1.431094 -1.637968 0.1216152 0.1153797 -0.1384248 16.36575 1.194613 1 0.9997562 0.02125075895820768 2.175079126344603 0.0
-0.04373764 -0.00479529 -2.27259 -2.026791 0.8667943 0.5938464 0.289169 19.2844 1.208742 1 0.9970096 0.04399972680544392 3.0450857238805282 0.0
-0.03217397 -0.0008920529 -1.420252 -1.446008 0.2264994 0.1946041 -0.04306347 17.53909 1.045691 1 0.9997927 0.03218633411771677 2.0268337079217917 0.0
-0.02288611 -0.007116218 -1.552518 -1.616019 0.3423038 0.2839004 0.01695215 18.23313 1.006298 1 0.9998372 0.023966947856488195 2.2409438968178117 0.0
-0.008954989 0.001260786 4.15188 -0.602059 2.963194 2.086241 0.1749875 19.62757 nan 0 0.0 0.009043307433009065 4.195304824906172 0.0
-0.0009270119 0.04184828 -4.013022 -4.64448 2.412529 2.254268 -0.1482628 20.80209 0.8443604 0 0.0 0.04185854620052089 6.13804040740072 0.0
0.005113136 0.009276944 -0.8663268 -0.7829635 0.8025246 0.6270936 0.04057575 19.15315 0.826107 0 0.0 0.010592726265397026 1.1677131354619978 0.0
-0.006830306 -0.003472746 -1.180941 -1.820032 0.3351511 0.2875147 -0.03222838 18.11444 0.34235 0 0.0 0.007662443789950567 2.169594000384634 0.0
-0.008666656 0.001822028 -13.95997 -8.076875 1.637454 1.41011 -0.1621057 19.60236 nan 0 0.0 0.008856111576483213 16.128132941122633 1.0
0.02435657 0.01205686 -1.602906 -1.224306 1.132535 0.8957204 -0.1353165 19.85432 0.8958759 0 0.0 0.027177387203785798 2.016986074932596 0.0
-0.01828892 0.02391127 -1.745793 -3.189062 2.785309 1.454033 0.6628163 20.07545 0.9485531 0 0.0 0.030103711196118328 3.6356443223578676 0.0
-0.02874194 -0.04452866 -0.5127595 -0.09967721 2.446267 1.592096 0.3984417 20.5601 0.9396534 0 0.0 0.05299906297623761 0.5223579721164732 0.0
0.0003478259 -0.007352251 14.80999 8.514164 2.284834 1.235687 0.7912975 19.2052 nan 0 0.0 0.007360474008086151 17.08293863534597 1.0
0.0006816899 -0.007611174 -1.677884 -1.302438 0.1333108 0.1093943 0.01213779 16.5683 1.016076 0 0.0 0.007641640581579194 2.1240620191745814 0.0
0.01549382 0.01723278 -5.292835 -0.7501195 1.929271 1.647995 -0.004460943 20.61419 nan 0 0.0 0.023173846567214516 5.345725544910181 0.0
-0.02411598 0.007437753 -2.499184 -4.280419 1.541202 1.244671 0.08752643 20.36983 0.663578 0 0.0 0.02523689087525262 4.956602413086711 0.0
-0.02690837 0.007507718 -1.835266 -1.323437 0.5653031 0.4594402 0.0468918 19.00137 0.8957634 0 0.0 0.027936109350165855 2.2626724870659034 0.0
0.01814777 -0.04036255 1.459734 -0.2890373 3.322184 2.086644 0.4456254 20.85539 0.9220066 0 0.0 0.04425468335075283 1.4880745651839125 0.0
0.005826319 0.0004373301 -4.991994 -1.707667 2.02146 1.827359 -0.09504023 19.71761 nan 0 0.0 0.005842709192329104 5.275995704975981 0.0
-0.01532866 -0.006046885 -2.148532 -1.493905 0.2590207 0.2315852 -0.1102578 17.53051 0.6612072 0 0.0 0.016478247346087053 2.616857257102305 0.0
0.00863398 0.008423362 -2.191739 -1.288395 0.6356012 0.4716162 0.1436942 19.07437 0.9495239 0 0.0 0.012062281625938105 2.5423771396364465 0.0
-0.01881783 -0.04183505 -1.306082 -0.3127585 0.6716621 0.5581087 0.01530845 19.28539 1.096432 1 0.9900558 0.04587245507285826 1.3430070997750718 0.0
-0.006466167 0.00328261 -4.173362 -0.05981325 0.7419054 0.6182612 0.02292392 19.15115 nan 0 0.0 0.007251678707995066 4.17379060422532 0.0
-0.006557217 0.002793374 -2.396705 -1.062554 0.4190209 0.3577179 -0.0300606 17.9879 0.4317989 0 0.0 0.007127414193728677 2.6216818761895957 0.0
0.0308338 -0.04109697 1.396996 -3.193564 0.4909172 0.3711353 0.09587179 18.89882 1.114395 1 0.0 0.05137785676359904 3.48574939519639 0.0
0.02927221 -0.01497337 -1.716948 -1.250158 1.031428 0.7417122 0.1293483 19.80083 0.9006081 0 0.0 0.03287953903936307 2.1238656877655893 0.0
-0.001063515 -0.004621405 0.6731345 -1.251564 0.5563561 0.439686 0.009894413 16.98339 0.7943468 0 0.0 0.004742198680912684 1.421099046930315 0.0
0.0009548575 -0.00422563 -3.003407 -4.49616 2.896494 3.273 -0.4259186 19.18564 nan 0 0.0 0.004332170557838905 5.407023983047329 0.0
-0.0757582 -0.00620021 -1.480567 -2.147145 1.205614 0.9348829 0.1305622 19.92568 0.8010311 1 0.9763611 0.0760114956521979 2.608123902830155 0.0
0.02471834 -0.0421972 -1.476503 -1.395756 0.6961705 0.5545722 -0.003649294 19.22948 0.9940434 1 0.9980528 0.0489039877739597 2.0317962300745123 0.0
0.01496218 2.659983e-05 -2.340979 -1.170109 0.6087668 0.4844062 -0.001494832 18.94396 0.9466324 0 0.0 0.014962203644629224 2.617123946304798 0.0
-0.01810728 0.03860406 -2.521163 -0.2754136 1.211093 1.057185 -0.1098076 20.02598 0.8675995 0 0.0 0.04263973542931523 2.536161572856501 0.0
-0.01625454 -0.0006562678 -2.020383 -1.086478 0.4817243 0.3975896 0.02500135 18.74748 0.8856163 0 0.0 0.016267782824863287 2.293988210774632 0.0
0.002077897 0.004858591 -1.381734 -2.300618 0.5754338 0.5019345 -0.03590573 18.01974 nan 0 0.0 0.0052842750162997755 2.6836601924759402 0.0
-0.001518779 -0.007529636 -0.4859367 -3.258322 1.476415 1.214337 0.09482513 19.31533 0.6202679 0 0.0 0.007681282962066754 3.294358318715633 0.0
-0.00822656 0.002132455 -0.1703729 -2.99382 0.8775303 0.8327201 -0.2152752 19.44225 nan 0 0.0 0.008498450079904277 2.9986638887101718 0.0
-0.02272104 0.03791247 -4.23675 -2.69986 3.045279 1.584595 0.639901 20.1299 0.4318562 0 0.0 0.04419955927588532 5.023872468733656 0.0
0.01286815 0.01023001 -3.657769 0.9605949 1.651128 1.567026 -0.2856497 20.06417 0.9551544 0 0.0 0.01643905073362206 3.7818007112045193 0.0
0.01418817 -0.001687132 -1.846046 -1.388104 0.297407 0.233374 0.04040468 18.04508 1.008621 0 0.0 0.014288127320762649 2.3097009652619533 0.0
-0.0003806094 -0.001497644 -1.800278 1.354415 0.4050131 0.3690005 -0.08479975 17.60917 nan 0 0.0 0.0015452511336686862 2.2528739133624414 0.0
0.007920721 0.009594485 1.24428 -0.9489529 1.619716 1.19532 0.2246966 20.10791 nan 0 0.0 0.0124415418487849 1.564846422118928 0.0
0.0072832 0.0002623134 -2.143653 1.62139 1.082289 0.8631658 0.02817066 17.75653 0.4580498 0 0.0 0.0072879222388702505 2.6877785839813892 0.0
0.002609053 0.004100895 -4.402482 -3.047228 0.583709 0.397547 0.1428569 18.11118 nan 0 0.0 0.004860503817284171 5.354198935817383 0.0
-0.0001377965 -0.001129049 1.353247 -3.060695 0.4742875 0.4859521 -0.2609538 17.03003 nan 0 0.0 0.0011374267096447357 3.346510320622663 0.0
-0.03690944 0.008196164 -3.885772 -4.752955 1.611097 1.302357 0.1001798 20.37476 0.6932526 0 0.0 0.037808515779232804 6.139202331574436 0.0
-0.06657839 0.005866394 -1.54901 -1.543417 0.2586883 0.2233391 -0.08795865 17.8323 0.1605759 1 0.999189 0.06683634186245785 2.1866796784140563 0.0
-0.0343589 -0.007098221 -10.29123 -44.22385 1.018819 0.7221236 0.2449131 19.64478 1.811852 0 0.0 0.035084451692663526 45.405487815190355 0.0
0.006069146 0.001583167 -3.594968 -1.449753 0.7170276 0.5634285 0.1209401 18.49425 0.7519341 0 0.0 0.006272236516523034 3.8762841332947975 0.0
0.06843021 0.02808964 -5.251996 2.468082 1.830256 1.330091 0.04508002 20.43959 1.339546 0 0.0 0.07397108567524004 5.803007043140651 0.0
0.01713193 -0.0126292 -2.431356 -2.302777 0.8888429 0.5407639 0.5254693 18.82801 1.029785 0 0.0 0.021283790032907673 3.348772000370434 0.0
0.01396082 0.00968544 -0.9257887 -1.338811 2.055651 1.59135 -0.1395097 20.13386 0.7865391 0 0.0 0.016991534452956272 1.6277283590233016 0.0
0.006433501 0.01296622 16.87973 1.825142 1.772343 1.651219 -0.05101794 20.48672 0.478817 0 0.0 0.01447455685696115 16.97811615560054 1.0
-0.005646922 0.02816493 -0.4232082 1.606952 3.534801 2.042275 0.6387856 20.57429 0.5992336 0 0.0 0.028725441858724887 1.6617460428270139 0.0
0.001804733 0.00605593 -2.028074 -1.371893 0.1808627 0.1404901 0.07133294 17.12228 0.8583107 0 0.0 0.006319125680518548 2.448504554401523 0.0
0.00866432 0.007627043 -6.123188 -2.283788 2.06151 1.21645 0.3461884 20.46053 nan 0 0.0 0.011543059645789283 6.535221412644563 0.0
0.01257946 -0.004884286 -1.880869 -1.475053 0.07141922 0.05991994 -0.02193052 15.30304 1.370101 1 0.9999768 0.013494408605841014 2.3902823155372253 0.0
-0.008105056 -0.004399735 -2.332558 -1.127587 1.5222 1.663671 -0.3943851 19.49251 0.7549438 0 0.0 0.009222234047852017 2.590806682470346 0.0
0.01424905 0.005373871 1.674141 -0.07565673 1.596398 1.282521 -0.01827897 20.11711 nan 0 0.0 0.015228720084995356 1.6758496438151287 0.0
0.007450316 0.01359515 -2.022638 -2.052805 0.3262878 0.2700702 -0.03401764 17.93669 nan 0 0.0 0.015502751756457819 2.8818523291572387 0.0
-3.156546e-05 -0.005621809 -0.9614374 -3.598877 0.5402971 0.4347472 0.02204691 18.28926 0.4320908 0 0.0 0.005621897616530028 3.725087587594117 0.0
0.007253022 0.01336485 -1.750575 -1.341957 0.2601876 0.2104067 -0.002819909 17.72517 0.3050613 0 0.0 0.015206102184813304 2.205756428183765 0.0
-0.003673835 0.009535402 -0.995062 0.08392592 1.30616 1.069468 -0.03234172 18.88336 0.6970406 0 0.0 0.010218657196952493 0.9985949849122249 0.0
-0.0368759 -0.03902454 -3.073411 -5.783451 2.641713 1.879589 0.2193079 20.724 0.5080338 0 0.0 0.05369121644199915 6.5493633770254345 0.0
-0.01206616 0.006267993 -1.595053 -1.544145 0.2893178 0.2465173 -0.01526882 17.92102 0.2463112 0 0.0 0.01359705679158725 2.2200400568084353 0.0
-0.01754324 -0.03936022 -20.51227 -14.89091 0.3881218 0.3248664 0.003055266 18.40545 1.181946 1 0.0 0.04309283221309549 25.347434212973116 0.0
0.004339174 0.01183232 -1.959891 -1.410816 0.8016671 0.5778127 0.149029 19.52525 0.8063278 0 0.0 0.012602865848079 2.414865320827851 0.0
-0.001336703 0.005563836 -2.32141 -1.602747 0.3974613 0.3346644 -0.06676736 17.54302 0.5868683 0 0.0 0.005722153960276234 2.820947063329796 0.0
0.003458672 -0.03304138 -10.06905 0.6359538 1.004135 0.823545 0.0343184 19.77105 1.499958 0 0.0 0.03322190849888044 10.089113198801689 0.0
-0.005616315 0.003353668 -1.749481 -1.610482 0.118882 0.09996674 0.07477371 16.17855 1.141724 0 0.0 0.006541412938612651 2.377884783097154 0.0
0.00104595 0.01550017 1.010171 0.4660864 1.609014 1.095705 0.2276877 20.33786 0.4391537 0 0.0 0.015535420220624869 1.1125115646616712 0.0
-0.06621666 0.02650538 -2.067329 -1.344766 0.3264409 0.2733158 -0.119103 17.98332 0.1092358 1 0.9978624 0.0713244784803927 2.4662207502567566 0.0
0.0131568 0.02294916 -2.577618 -2.554176 0.9896073 0.7308998 0.1035944 19.77843 0.9956951 0 0.0 0.02645307791062507 3.628764196375951 0.0
-0.002808718 -0.005695726 -1.890616 -1.800806 0.1678899 0.1263604 0.2570846 16.4781 1.090746 0 0.0 0.006350605598728361 2.611001935865234 0.0
-0.007604209 -0.007846307 -0.3057098 -0.9491882 1.279961 0.9888134 0.1049755 19.83251 0.8134594 0 0.0 0.010926505756825007 0.9972044528757782 0.0
-0.03277863 -0.04045526 1.407095 -1.723015 1.632629 1.232612 0.1743578 20.37127 0.785347 1 0.9630332 0.052067904186211496 2.2245667059564656 0.0
-0.0308059 -0.04076509 -1.714193 -2.122959 0.3587947 0.257049 0.2036782 17.9277 0.1916599 1 0.9939027 0.051095949325930916 2.72862832883667 0.0
-0.001321492 -0.008980651 -1.938214 -1.737802 0.1235579 0.1079374 -0.05934787 16.32842 1.063584 0 0.0 0.009077358288062942 2.603195978216008 0.0
-0.03607661 0.03633104 -0.3350077 -1.671389 0.8662942 0.7044309 -0.001770277 19.51566 0.9066448 0 0.0 0.05120025641121048 1.7046323205842044 0.0
-0.01557049 -0.04036581 -3.331658 -1.078458 1.582587 1.230407 0.1169478 20.43225 1.090153 0 0.0 0.04326475211758644 3.501859032960636 0.0
0.009833053 0.01743747 -3.139002 -1.115726 1.794741 1.507858 -0.04377618 19.99151 0.8901634 0 0.0 0.02001884840098723 3.3313928112847937 0.0
0.05903585 0.02786423 -24.30707 -17.06558 0.5833395 0.4575835 0.02882216 19.06995 1.423573 1 0.0 0.06528129057176642 29.699624117508627 0.0
-0.03261241 -0.0287036 -3.907592 -1.435444 1.621775 1.229505 0.1851778 20.3727 0.5853748 0 0.0 0.043444975992260604 4.162904600828609 0.0
0.0196523 0.02191518 -11.50892 -6.553312 1.339631 0.9844471 0.1138954 20.14761 1.078621 0 0.0 0.029436168394042048 13.243909458152604 0.0
-0.003203483 0.02794513 -0.6379508 -1.723059 1.911086 1.358698 0.09830243 20.61226 0.4863186 0 0.0 0.02812814594046662 1.8373659245511331 0.0
8.984203e-05 0.005865198 -10.61508 12.47091 1.194716 1.271387 -0.433049 18.8745 nan 0 0.0 0.005865886051532072 16.376920334253935 1.0
0.0053105 0.01700743 -1.896408 -1.589504 0.2110771 0.1731974 -0.02686532 17.09479 1.115017 0 0.0 0.01781724124141838 2.474446659049251 0.0
-0.02288676 0.008546452 -1.698532 -1.152207 1.144558 0.8911288 0.1018922 19.92932 0.7339592 0 0.0 0.024430424169176925 2.0524599693716317 0.0
0.08441777 -0.02762577 -1.079469 -2.286044 0.6961217 0.5499477 0.04786728 19.2488 0.9375324 1 0.9639915 0.0888230998100483 2.5280922633276264 0.0
0.02588743 -0.02879861 -1.749735 -1.401295 0.258643 0.2020081 0.05978163 17.85097 1.091549 1 0.9998275 0.0387236228927124 2.2416958418237742 0.0
-0.07067397 -0.009167365 -2.269006 -0.8675451 0.8949153 0.6805128 0.0738616 19.68299 1.02648 1 0.9860436 0.07126605514972838 2.4292020765201916 0.0
-0.001458071 -0.009342094 0.9554541 1.33299 1.641216 1.077585 0.2956721 19.59284 nan 0 0.0 0.009455193881982378 1.6400472180113626 0.0
0.01537253 0.02154148 -5.909518 -3.044911 3.277084 1.991772 0.4673397 20.57798 0.6456356 0 0.0 0.026464127402793768 6.647848222563825 0.0
0.00137981 0.008543114 -1.631173 -1.11409 0.1160557 0.09446467 0.01495086 16.23073 1.141441 0 0.0 0.008653824151962876 1.9753282977847 0.0
-0.001048368 0.01057635 -1.914181 -2.196277 0.3792179 0.3553529 -0.1286462 18.24558 nan 0 0.0 0.010628182101654261 2.913369451595523 0.0
-0.03574229 0.02976835 -1.948465 -1.248429 0.4630159 0.3880784 -0.04168018 18.68944 -0.06600761 1 0.9989922 0.046515222843350974 2.3141069172071544 0.0
-0.005130579 -0.00787918 -9.968801 -2.558631 1.568102 1.655629 -0.3518518 20.2379 nan 0 0.0 0.009402357063398571 10.291918478678403 0.0
-0.0005930842 0.01082621 -2.584834 -2.588401 0.3112378 0.2398041 0.07536292 18.0206 nan 0 0.0 0.010842443074897356 3.6580304187304127 0.0
