jas1101finalproject/data/gcs/NGC_7492.ecsv
# %ECSV 0.9
# ---
# datatype:
# - {name: x, unit: deg, datatype: float64}
# - {name: y, unit: deg, datatype: float64}
# - {name: pmx, unit: mas / yr, datatype: float64}
# - {name: pmy, unit: mas / yr, datatype: float64}
# - {name: pmx_e, unit: mas / yr, datatype: float64}
# - {name: pmy_e, unit: mas / yr, datatype: float64}
# - {name: pm_corr, datatype: float64}
# - {name: g_mag, unit: mag, datatype: float64}
# - {name: bp_rp, unit: mag, datatype: float64}
# - {name: filter, datatype: int64}
# - {name: memberprob, datatype: float64}
# - {name: r, unit: deg, datatype: float64}
# - {name: pm, unit: mas / yr, datatype: float64}
# - {name: member_prob_GMM, datatype: float64}
# - {name: member_prob_DB, datatype: float64}
# meta: !!omap
# - comments: [deg deg mas/yr mas/yr mas/yr mas/yr dimless mag   mag   zeroone float]
# - __serialized_columns__:
#     bp_rp:
#       __class__: astropy.units.quantity.Quantity
#       unit: &id001 !astropy.units.Unit {unit: mag}
#       value: !astropy.table.SerializedColumn {name: bp_rp}
#     g_mag:
#       __class__: astropy.units.quantity.Quantity
#       unit: *id001
#       value: !astropy.table.SerializedColumn {name: g_mag}
#     pm:
#       __class__: astropy.units.quantity.Quantity
#       unit: !astropy.units.Unit {unit: mas / yr}
#       value: !astropy.table.SerializedColumn {name: pm}
#     pmx:
#       __class__: astropy.units.quantity.Quantity
#       unit: !astropy.units.Unit {unit: mas / yr}
#       value: !astropy.table.SerializedColumn {name: pmx}
#     pmx_e:
#       __class__: astropy.units.quantity.Quantity
#       unit: !astropy.units.Unit {unit: mas / yr}
#       value: !astropy.table.SerializedColumn {name: pmx_e}
#     pmy:
#       __class__: astropy.units.quantity.Quantity
#       unit: !astropy.units.Unit {unit: mas / yr}
#       value: !astropy.table.SerializedColumn {name: pmy}
#     pmy_e:
#       __class__: astropy.units.quantity.Quantity
#       unit: !astropy.units.Unit {unit: mas / yr}
#       value: !astropy.table.SerializedColumn {name: pmy_e}
#     r:
#       __class__: astropy.units.quantity.Quantity
#       unit: &id002 !astropy.units.Unit {unit: deg}
#       value: !astropy.table.SerializedColumn {name: r}
#     x:
#       __class__: astropy.units.quantity.Quantity
#       unit: *id002
#       value: !astropy.table.SerializedColumn {name: x}
#     y:
#       __class__: astropy.units.quantity.Quantity
#       unit: *id002
#       value: !astropy.table.SerializedColumn {name: y}
# schema: astropy-2.0
x y pmx pmy pmx_e pmy_e pm_corr g_mag bp_rp filter memberprob r pm member_prob_GMM member_prob_DB
[from data line 218]
-0.02232307 0.005306875 0.8748785 -2.269216 0.1037687 0.07653995 0.02753054 15.49065 1.211777 1 0.9999702 0.022945203779668747 2.432026653722827 1.0 0.0
0.0008675271 -0.02814681 1.0105 -1.947016 0.2036848 0.1672318 0.1439695 16.93907 0.9327126 1 0.9991087 0.02816017607269767 2.1936229289137184 1.0 0.0
0.001014486 -0.02405078 0.8596141 -2.542569 0.2805344 0.2324961 0.1562248 17.51737 0.0955677 1 0.9995936 0.024072166509323503 2.683951102512825 1.0 0.0
0.04538784 -0.0379041 0.5030504 -2.417357 0.3486783 0.3093288 0.2272147 17.8297 0.06266212 1 0.9947066 0.059133550685508476 2.469144501723048 1.0 0.0
-0.01456383 0.0108818 0.9335967 -1.487572 0.8169124 0.6421687 0.08226642 19.23709 0.7991848 1 0.9984825 0.018180173693034398 1.7562668514308666 1.0 0.0
0.02050155 0.001769887 1.134787 -2.662865 0.352608 0.3161283 0.2215687 17.86391 0.01845551 1 0.9989418 0.020577804848799324 2.8945796834072475 1.0 0.0
-0.0606546 0.01755479 2.129173 -6.131571 0.9098383 0.6444752 -0.03401007 19.31821 0.7159004 0 0.0 0.06314389244498711 6.490727277583769 1.0 0.0
0.01835599 0.002411913 -0.2185554 -2.608514 0.7423539 0.6762503 0.2473188 19.02938 0.8578835 1 0.9980684 0.018513770366936848 2.61765386387604 1.0 0.0
-0.02520494 0.01668674 0.6500212 -2.417553 0.227788 0.1586272 0.002238126 16.67493 1.121065 0 0.0 0.030228071262176155 2.5034156802773366 1.0 0.0
0.007745307 -0.0006296324 0.6277892 -2.588672 0.3336068 0.300359 0.1800134 17.33826 1.021723 0 0.0 0.007770856933657881 2.6637083179696384 1.0 0.0
-0.03840265 0.01515309 2.40469 -7.175575 1.160757 0.9452348 0.2305465 19.53861 1.689983 1 8.924949e-05 0.04128413331499888 7.567787693687304 1.0 0.0
0.009479232 -0.004664701 0.3442311 -2.031339 1.643518 1.900873 0.4970318 19.67939 0.6183338 0 0.0 0.010564813047528338 2.0602992945512093 1.0 0.0
-0.0154132 -0.02941672 0.6543869 -1.812386 0.2945538 0.2186504 0.05140385 17.67185 0.1072865 1 0.9973316 0.033210091083861845 1.9269056094909294 1.0 0.0
0.01544611 0.001704527 0.9250284 -2.391532 0.5661725 0.4987279 0.1968594 18.59566 0.9449635 1 0.9995059 0.015539875367126631 2.5641963356635857 1.0 0.0
0.01750096 -0.02866444 -2.128389 -6.980012 1.273192 1.285888 0.3135813 19.71666 1.003416 0 0.0 0.03358472452522426 7.297301368003448 1.0 0.0
-0.006714379 -0.03240125 1.306724 -1.997232 0.5329165 0.4598629 0.1929479 18.57834 0.8984013 1 0.9976554 0.03308963413091993 2.386726476578328 1.0 0.0
-0.00365827 -0.02370844 3.476554 -1.345287 2.689575 1.983374 -0.03731967 20.18443 0.8844376 0 0.0 0.023989019709577546 3.7277640519867936 1.0 0.0
-0.007302198 -0.03027267 0.7111264 -2.057791 0.4375442 0.3800405 0.1929326 18.24089 0.973732 1 0.9990002 0.031140915923590046 2.177201083147342 1.0 0.0
0.0180322 -0.002984901 1.833292 -2.559395 0.4338686 0.3815783 0.1920357 18.09623 0.932848 1 0.9928723 0.018277578363114767 3.1482475003228383 1.0 0.0
0.03439895 -0.02830609 0.5929992 -2.090666 0.3451752 0.2991657 0.1925887 17.76722 0.1091328 1 0.9979887 0.04454797966452126 2.1731388300696852 1.0 0.0
-0.07936389 -0.02088086 0.5137261 -3.128501 1.03118 0.8062134 0.0578389 19.69048 0.8714314 1 0.8549872 0.08206483625933644 3.170399503662308 1.0 0.0
0.008594747 -0.0700991 -20.50627 -18.66686 1.791351 1.594688 0.1964127 20.14476 2.713709 0 0.0 0.07062402917424075 27.73010587019999 1.0 0.0
0.002190285 0.000671314 0.6117005 -2.159232 0.234169 0.1835842 0.08281156 17.07147 0.973278 1 0.9999434 0.002290853742127812 2.2442059467714297 1.0 0.0
-0.007830924 -0.03678152 -1.244703 -1.099908 1.419142 1.457935 0.3644957 19.76263 0.740675 0 0.0 0.037605898263492865 1.6610488152589016 1.0 0.0
0.02032316 -0.01883995 -0.4208506 -2.42348 1.254212 1.215074 0.281917 19.72238 0.9391842 1 0.9930448 0.027712353714329285 2.4597500966399735 1.0 0.0
-0.006450928 0.0004089638 0.595244 -2.985587 0.771376 0.6804773 0.1999994 19.08297 0.9316292 0 0.0 0.006463878359846698 3.0443464247856222 1.0 0.0
0.01985288 -0.0194102 1.426571 -2.169056 0.9663154 0.8890219 0.2446181 19.33672 0.8654652 0 0.0 0.02776495467913463 2.596133422838087 1.0 0.0
0.02484756 -0.03133263 7.434745 -6.895603 1.673813 1.245721 -0.02522176 19.84608 1.751259 0 0.0 0.03998918529640858 10.140255122462847 1.0 0.0
0.01841291 -0.01832574 1.675389 -2.512088 0.5276783 0.4091023 0.1069341 18.2796 -0.0336895 1 0.9965448 0.025978221671540565 3.0195222173491287 1.0 0.0
0.0177728 0.05626022 0.01000061 -0.2312749 0.2392075 0.2209554 0.2400647 17.34093 1.486649 1 0.0 0.0590007184217989 0.2314910183363106 1.0 0.0
-0.001747948 -0.03243167 -0.6723079 -2.039555 0.6567257 0.52447 0.1275268 18.75566 0.97089 1 0.9862385 0.03247873983392219 2.1475061141769562 1.0 0.0
-0.03692213 -0.04488329 -4.738249 -4.741724 1.027202 0.8510214 0.1469931 19.59641 0.4280338 0 0.0 0.058118442898627276 6.703353644122992 1.0 0.0
0.01047886 0.001734405 0.8885911 -2.703308 1.07409 1.244003 0.5047355 19.34812 0.8674679 0 0.0 0.010621424932824456 2.845605082555063 1.0 0.0
-0.001072117 -0.01842505 1.532424 -2.536028 0.6172077 0.538536 0.1966274 18.80329 0.9440136 0 0.0 0.018456215819181054 2.9630662045523044 1.0 0.0
0.007127864 -0.006859011 0.7061541 -1.770411 0.5947854 0.6704708 0.469173 18.46268 1.025972 0 0.0 0.009892041098813581 1.9060453095002254 1.0 0.0
0.01179766 -0.06479016 2.980126 -8.322727 2.493806 1.720894 -0.1912416 20.16495 2.389326 0 0.0 0.06585552075795316 8.840188668371564 1.0 0.0
0.02203039 0.005938239 1.133583 -2.933075 1.310791 1.017263 0.07859827 19.53209 0.771265 0 0.0 0.022816677364884245 3.1445094010853265 1.0 0.0
-0.001747866 -0.04206187 0.819197 -6.726236 0.2217867 0.2398886 0.4060823 16.89716 0.831892 1 0.0 0.04209817031001295 6.775937902054962 1.0 0.0
-0.01776682 0.0006877221 2.055502 -3.25271 1.357195 0.872916 -0.1943133 19.581 0.938673 0 0.0 0.01778012526950326 3.847753996307976 1.0 0.0
-0.03151459 -0.0489851 -0.1739247 -2.716875 0.9963282 0.777287 0.1050584 19.4766 0.8590622 0 0.0 0.05824696906172972 2.7224363292637515 1.0 0.0
0.008860371 -0.04270102 4.106819 -5.294709 0.7684697 0.6775057 0.2098819 19.0442 1.117851 1 0.0 0.043610586825884846 6.700739190077614 1.0 0.0
-0.02717385 0.0128737 1.231287 -2.365578 0.3268828 0.253807 0.05414858 17.82872 1.048307 1 0.9989926 0.03006909169749728 2.66683838101468 1.0 0.0
0.02858123 -0.02073684 0.6632233 -4.389976 1.001741 0.9082421 0.2391096 19.43036 0.4153805 0 0.0 0.03531151712258339 4.439792160252424 1.0 0.0
0.01688499 -0.014468 2.402885 -0.5131289 0.7635447 0.6847831 0.2288229 19.06742 0.8046074 0 0.0 0.022235690034269232 2.4570627975776707 1.0 0.0
0.01467837 -0.04777299 4.888249 -2.658168 2.761004 2.069767 -0.04186963 20.28756 0.3098927 0 0.0 0.04997712596175374 5.56424616657324 1.0 0.0
0.002454943 0.01158135 -0.1920841 -2.589161 0.9596107 0.8671004 0.2210926 19.37055 0.7730122 0 0.0 0.011838682906292787 2.5962763692245496 1.0 0.0
0.03686894 -0.02039579 0.5076635 -2.439382 0.1790151 0.1541516 0.1849899 16.68678 1.104677 1 0.9987261 0.042134391967224356 2.4916474010494043 1.0 0.0
0.009009235 0.001277665 0.5486434 -2.285531 1.585993 1.980109 0.6679934 19.66245 0.6849728 0 0.0 0.009099381470047841 2.350459855501591 1.0 0.0
-0.0006606196 -0.03360659 0.6471024 -2.197646 0.3264341 0.2745707 0.1690866 17.783 0.05752945 1 0.9993433 0.03361308241866557 2.290936371312342 1.0 0.0
0.003013126 -0.008370483 0.1494925 -2.297982 1.095205 0.9772602 0.2233828 19.59665 0.4652138 0 0.0 0.008896286525577118 2.302839395155522 1.0 0.0
-0.02870447 0.0282553 3.283691 -0.2185468 2.169554 1.459482 -0.07256424 20.00346 0.7401657 0 0.0 0.04027789190202114 3.2909556799311717 1.0 0.0
0.003542174 -0.007341476 0.6313269 -2.471859 0.2910111 0.2279036 0.08904237 17.48301 0.235857 1 0.9998925 0.00815133525901444 2.551207669035316 1.0 0.0
-0.01729344 -0.0361212 -0.8286111 -2.302056 1.694824 1.102298 -0.1915473 19.90958 0.9277 0 0.0 0.04004752372461499 2.446642226027175 1.0 0.0
-0.07268741 -0.03560502 6.515621 3.781249 3.749333 2.342258 -0.1739367 20.52942 1.421389 0 0.0 0.08093934161894634 7.53333664558023 1.0 0.0
0.02538371 0.02664498 0.6809059 -2.161171 1.084641 0.9577894 0.2088205 19.42636 0.5232601 0 0.0 0.03680064799109521 2.2658978211507703 1.0 0.0
0.01221318 0.00496345 0.3073736 -1.657571 1.352233 1.589318 0.5362692 19.63512 0.7261009 0 0.0 0.01318323183498265 1.6858292173342946 1.0 0.0
-0.0003961813 -0.01054102 0.357921 -3.854823 0.6379186 0.5566888 0.2448956 18.21535 0.3119946 0 0.0 0.01054846255446118 3.8714038543621356 1.0 0.0
-0.004716171 -0.02721893 0.4475194 -2.237092 0.3752208 0.3136733 0.1628936 18.02726 1.036327 1 0.999323 0.02762448948390071 2.2814149622197974 1.0 0.0
-0.01529754 -0.004221594 0.9408599 -2.452926 1.764397 1.155313 -0.1797222 19.87026 0.8552685 0 0.0 0.015869359972993113 2.627177822855547 1.0 0.0
-0.0115943 -0.003213318 3.437967 -2.797056 1.067388 0.8736579 0.1334659 19.64206 1.016512 0 0.0 0.012031342612490262 4.432058140438254 1.0 0.0
-0.0001022985 0.03015989 0.1979989 -3.048909 0.9238316 0.721065 0.07040505 19.38439 0.7081528 0 0.0 0.030160063491232944 3.0553313494091294 1.0 0.0
-0.0108025 0.03042759 0.05165131 -1.353832 0.7018621 0.5369506 0.06717972 18.99505 0.8896389 1 0.991321 0.032288267829942506 1.3548169404198915 1.0 0.0
0.02552306 -0.03466771 0.7183819 -1.750318 0.9731291 0.8878794 0.2441163 19.42222 0.9939537 1 0.9894621 0.043049700445040265 1.8920057228696772 1.0 0.0
0.009360072 -0.03954628 0.7989474 -2.611626 0.3055311 0.2664229 0.1969841 17.65806 0.999691 1 0.9980654 0.040638887899198034 2.7311000186450074 1.0 0.0
0.009450294 0.005172451 0.6700466 -2.356779 0.2098699 0.1778388 0.1466334 16.97592 1.052397 1 0.9999447 0.010773221710975644 2.4501774835739063 1.0 0.0
