jas1101finalproject/data/gcs/NGC_6101.ecsv
# %ECSV 0.9
# ---
# datatype:
# - {name: x, unit: deg, datatype: float64}
# - {name: y, unit: deg, datatype: float64}
# - {name: pmx, unit: mas / yr, datatype: float64}
# - {name: pmy, unit: mas / yr, datatype: float64}
# - {name: pmx_e, unit: mas / yr, datatype: float64}
# - {name: pmy_e, unit: mas / yr, datatype: float64}
# - {name: pm_corr, datatype: float64}
# - {name: g_mag, unit: mag, datatype: float64}
# - {name: bp_rp, unit: mag, datatype: float64}
# - {name: filter, datatype: int64}
# - {name: memberprob, datatype: float64}
# - {name: r, unit: deg, datatype: float64}
# - {name: pm, unit: mas / yr, datatype: float64}
# - {name: member_prob_GMM, datatype: float64}
# meta: !!omap
# - comments: [deg deg mas/yr mas/yr mas/yr mas/yr dimless mag   mag   zeroone float]
# - __serialized_columns__:
#     bp_rp:
#       __class__: astropy.units.quantity.Quantity
#       unit: &id001 !astropy.units.Unit {unit: mag}
#       value: !astropy.table.SerializedColumn {name: bp_rp}
#     g_mag:
#       __class__: astropy.units.quantity.Quantity
#       unit: *id001
#       value: !astropy.table.SerializedColumn {name: g_mag}
#     pm:
#       __class__: astropy.units.quantity.Quantity
#       unit: !astropy.units.Unit {unit: mas / yr}
#       value: !astropy.table.SerializedColumn {name: pm}
#     pmx:
#       __class__: astropy.units.quantity.Quantity
#       unit: !astropy.units.Unit {unit: mas / yr}
#       value: !astropy.table.SerializedColumn {name: pmx}
#     pmx_e:
#       __class__: astropy.units.quantity.Quantity
#       unit: !astropy.units.Unit {unit: mas / yr}
#       value: !astropy.table.SerializedColumn {name: pmx_e}
#     pmy:
#       __class__: astropy.units.quantity.Quantity
#       unit: !astropy.units.Unit {unit: mas / yr}
#       value: !astropy.table.SerializedColumn {name: pmy}
#     pmy_e:
#       __class__: astropy.units.quantity.Quantity
#       unit: !astropy.units.Unit {unit: mas / yr}
#       value: !astropy.table.SerializedColumn {name: pmy_e}
#     r:
#       __class__: astropy.units.quantity.Quantity
#       unit: &id002 !astropy.units.Unit {unit: deg}
#       value: !astropy.table.SerializedColumn {name: r}
#     x:
#       __class__: astropy.units.quantity.Quantity
#       unit: *id002
#       value: !astropy.table.SerializedColumn {name: x}
#     y:
#       __class__: astropy.units.quantity.Quantity
#       unit: *id002
#       value: !astropy.table.SerializedColumn {name: y}
# schema: astropy-2.0
x y pmx pmy pmx_e pmy_e pm_corr g_mag bp_rp filter memberprob r pm member_prob_GMM
[from data line 4857]
0.006905562 -0.02730275 -6.407281 -8.997305 0.1850109 0.20047 0.159315 17.88948 1.005093 0 0.0 0.028162509549014697 11.04557590512989 0.0
-0.005475686 -0.002758506 1.696949 -0.6471301 0.6378157 0.8014693 0.07263665 19.5211 0.5848827 0 0.0 0.0061312716888612916 1.8161534282452598 1.0
-0.01341644 0.002394888 4.427814 -0.9529651 0.5898947 0.8149286 0.1961612 19.31347 0.7274685 0 0.0 0.013628512420882331 4.529202943169362 1.0
0.05731903 0.02210123 1.834072 0.05438088 0.07409282 0.0986728 0.06847515 16.60515 0.3817139 1 0.9978921 0.061432365798932076 1.834878028996362 1.0
-0.0568579 -0.002296264 -0.6478992 -0.3107936 0.4231178 0.4182095 0.08807774 19.12536 0.8689575 1 0.0003239932 0.056904249584435226 0.7185861362158332 1.0
-0.1005532 0.03665611 -2.738949 -1.896695 0.6148129 0.687232 0.1532182 19.77997 1.978445 1 0.0 0.10702624178477024 3.3315602272247755 0.0
-0.04057029 -0.03728738 1.755973 0.1853897 0.7273019 0.8784606 0.09452361 20.08463 0.2708931 0 0.0 0.05510260554591316 1.7657322893335472 1.0
-0.0925165 -0.03073123 1.814072 0.1220321 0.2378915 0.227082 0.1747761 18.323 1.056791 1 0.9971916 0.09748698000021798 1.8181718990828148 1.0
-0.07338141 0.1037099 -40.63145 -26.38904 1.90721 3.136582 0.1376876 20.73813 1.581825 0 0.0 0.12704556147932952 48.448902580183386 0.0
-0.03813121 -0.1464055 3.167404 -8.281749 0.4761352 0.7200546 0.1767205 19.7565 2.058537 1 0.0 0.15128965465726366 8.866781524218187 0.0
-0.05841846 0.03541876 1.729939 -0.7552358 1.464238 1.237536 0.01018645 20.34292 0.7375793 0 0.0 0.06831694539943366 1.887609614650932 1.0
-0.02636509 -0.03361463 -4.022908 -4.937461 0.5474847 0.8124754 -0.165914 19.72125 0.9274254 0 0.0 0.04272073642559313 6.368854677489901 0.0
0.01535069 0.01392902 1.945715 -0.3709941 0.04541752 0.0565688 0.0147091 15.53125 1.131437 1 0.9938013 0.02072827251935144 1.9807684073257554 1.0
0.06669863 -0.009287374 -1.916692 -7.346587 2.361059 2.777566 0.3155257 20.7483 0.5454159 0 0.0 0.06734213064414264 7.592499507502981 0.0
-0.1148906 -0.05003063 -11.95516 -9.876782 0.2425676 0.2775095 0.1020238 18.4064 0.8000202 1 0.0 0.12531126807496962 15.507310318076568 0.0
-0.02360131 -0.05407292 1.8378 -0.2674545 0.1620399 0.2013338 0.1541344 18.00198 1.035898 1 0.999554 0.0589991738166095 1.8571593226135044 1.0
-0.06666432 -0.05769607 -3.683507 -5.513307 0.3899457 0.493487 0.06400724 19.45529 0.9079533 1 0.0 0.0881644375840242 6.630594083134483 0.0
0.007225566 -0.1598787 -0.9630759 -5.200743 0.3017714 0.3727174 0.006499285 18.83739 1.230427 1 0.0 0.1600418930083944 5.289162782634867 0.0
0.06825244 -0.0189367 -4.656505 -7.841629 0.2036662 0.2342311 0.007454464 17.90187 0.9699745 1 0.0 0.07083074313349819 9.119988168230593 0.0
-0.008054373 -0.06672429 0.5096566 0.7968186 1.65079 1.535251 -0.1239797 20.59543 0.6952515 1 0.9405743 0.06720865867153747 0.9458698278460521 1.0
-0.02036938 -0.01207684 -3.279204 -0.5814343 2.929305 2.531505 0.1002 20.55926 nan 0 0.0 0.02368040763943898 3.3303520412761904 1.0
-0.1051179 0.0200517 2.324654 -1.331314 1.115525 1.157816 -0.08828918 20.16536 0.7664261 0 0.0 0.10701328690073957 2.6788828242967258 0.0
-0.109283 -0.05122472 -2.113201 -3.525836 0.4450098 0.5473445 0.120165 19.56722 1.680174 1 0.0 0.12069277537648392 4.110612845464408 0.0
-0.02474816 0.02418796 0.7704356 -6.626228 1.300788 1.867792 0.1341714 20.11762 nan 0 0.0 0.034605329536751994 6.670867149159198 0.0
-0.03412206 -0.0356492 2.257184 0.8841724 1.02083 1.059932 0.2234895 20.40237 nan 0 0.0 0.04934754744952985 2.424178302596111 1.0
-0.08826809 -0.1053647 -2.568667 3.066523 0.5431998 0.5709339 0.007648285 19.63925 1.030376 1 0.0 0.13745172140914824 4.000201678217987 0.0
-0.01974609 0.01083493 2.344854 0.4464412 2.213021 2.909981 0.250503 20.67301 nan 0 0.0 0.022523405124292375 2.3869750787080792 1.0
0.01646652 -0.02220477 2.215543 0.2711882 0.1783155 0.1734763 0.09064416 17.63108 1.064169 1 0.969578 0.027644133042352765 2.232078364365427 1.0
0.07142979 -0.01781199 -5.076766 -6.606259 0.3375738 0.4183495 0.03014949 19.04316 1.042702 1 0.0 0.07361713039234959 8.331639154082286 0.0
0.02753964 0.01833225 4.557351 4.607198 1.309323 1.097234 0.2241689 20.27516 nan 0 0.0 0.033083276158689306 6.480410600294166 0.0
0.01637093 0.03799889 -0.4423763 -1.765961 1.464412 1.578271 0.06755779 20.32779 0.7177391 0 0.0 0.041375391119565265 1.8205260350576393 1.0
-0.02141731 -0.02075266 1.308844 -0.5567932 1.019513 1.02289 0.0809004 20.28637 nan 0 0.0 0.029822375235914723 1.422354134490507 1.0
-0.001454224 0.03519086 2.035352 -1.377358 0.4681635 0.5902509 0.03275442 19.57057 0.7437229 0 0.0 0.03522089429559925 2.457594926766411 1.0
-0.1281819 -0.05973959 1.860744 -4.656801 0.5196526 0.6971114 0.1790146 19.83461 1.740782 1 0.0 0.1414192988986231 5.014794491017254 0.0
-0.1035668 0.01906865 -7.07347 -8.442376 0.5703264 0.618443 0.1292377 19.81008 0.936224 0 0.0 0.10530762306244738 11.013977045839345 0.0
-0.01536464 -0.01627577 -1.340994 -0.4925962 0.900354 1.065853 0.09842265 19.65316 0.6256256 0 0.0 0.02238242282288716 1.428606287362071 1.0
0.01349522 0.05525891 -8.032627 -6.718468 1.217443 1.287138 0.2027114 20.21507 1.745676 0 0.0 0.05688293326856923 10.471910465056173 0.0
-0.01426753 0.005133201 1.142143 -2.740438 0.9471035 1.007033 0.1801149 20.15261 0.8099537 0 0.0 0.015162854771028475 2.9689208585432185 1.0
-0.01095879 -0.03563602 3.719777 -2.281005 1.428511 1.293964 0.09502139 20.39702 0.2527504 0 0.0 0.03728298539152276 4.363453304408562 1.0
-0.01306231 0.04904127 1.466457 0.4458068 0.5405694 0.6519716 0.1135727 19.78731 0.7665653 0 0.0 0.0507510601440896 1.5327230133899732 1.0
0.0003679419 0.02082476 5.551558 0.6870808 1.528078 1.237147 0.1380521 20.2249 nan 0 0.0 0.020828010233802357 5.593914215743091 1.0
-0.106539 -0.07996423 2.61588 3.728706 2.874998 2.25925 0.008615787 20.80945 0.9188766 1 0.7440774 0.13320974664225174 4.554786121085819 0.0
0.04970378 -0.15906 -3.241179 -0.7743928 0.1150858 0.1446723 0.08415974 17.29843 0.9173527 1 0.0 0.16664497996125896 3.332405365307894 0.0
-0.02112816 -0.02101935 5.637322 -2.209566 1.09948 1.219601 0.02764505 20.34772 nan 0 0.0 0.029802889447301917 6.054880778350635 0.0
-0.05016804 -0.0236697 2.533023 -0.376936 0.9255872 1.103953 0.1577418 20.25792 0.8677006 0 0.0 0.05547149660439675 2.5609151228857625 1.0
0.006554883 0.007998588 -2.009926 3.359531 2.808381 2.007081 -0.04112183 20.62823 nan 0 0.0 0.010341368436403037 3.9148756130223346 1.0
0.009881253 -0.07084505 1.778308 -2.963777 1.083575 1.376727 0.1905661 20.47414 0.519001 0 0.0 0.07153083440274208 3.4563497289182123 1.0
-0.04629062 0.03491152 2.719895 -0.519337 0.4663276 0.5353381 0.1055929 19.59157 0.7688885 0 0.0 0.05797961476842357 2.769032273303076 1.0
-0.0766207 -0.05168481 1.768987 0.3456591 0.2519436 0.2870124 0.1353562 18.73858 0.9822178 1 0.9934772 0.09242321815012773 1.8024414607919477 1.0
-0.007046097 0.0308637 2.529839 1.002991 0.5006864 0.6977816 0.1651039 19.59242 0.8119202 0 0.0 0.031657786729703784 2.7214107209317007 1.0
-0.01901655 -0.1561488 -4.256634 -4.880728 0.2617503 0.2931174 0.09256612 18.65025 1.79224 1 0.0 0.15730250130033693 6.476143823290214 0.0
-0.04462458 -0.08495773 1.694376 3.065392 1.160746 1.475734 0.1833433 20.54599 0.6859245 1 0.879341 0.09596441542014049 3.5025045528935435 0.0
-0.01378822 -0.0305186 0.3134945 -0.5678734 0.9348287 1.064022 -0.059316 20.21158 0.8934116 0 0.0 0.03348880345322 0.6486593867029212 1.0
-0.07424521 0.1308367 1.691633 -0.9903742 0.5629767 0.6088291 0.254981 19.73582 0.9747143 1 0.9461584 0.1504346810906119 1.960220207710001 0.0
0.02774171 0.009916713 -1.428654 -4.450462 0.7912573 1.015043 0.1127376 20.13038 0.8835697 0 0.0 0.02946088373502175 4.674148506964664 1.0
-0.1477389 -0.00675394 -8.168319 -8.639758 0.9236572 0.9244272 0.4010181 20.14592 1.131987 1 0.0 0.14789319889276045 11.889779374922187 0.0
-0.008074233 0.01030969 0.6769751 -0.08179281 2.095507 1.025139 0.4582894 19.99341 nan 0 0.0 0.013095149729361212 0.6818983427078454 1.0
-0.02768563 -0.1572814 -1.751453 -5.621578 0.586928 0.7095266 0.1980973 19.7943 1.683069 1 0.0 0.15969950812215075 5.88810044252754 0.0
0.0060578 -0.02781362 2.95358 -0.97923 1.102865 0.9121028 0.3618316 19.64221 0.803278 0 0.0 0.028465670523358483 3.1116757879477097 1.0
0.06340232 0.02986331 2.777561 -3.01434 1.420611 1.709482 0.05694907 20.52533 0.7962742 0 0.0 0.07008331802603598 4.09891336140702 0.0
0.008098045 -0.005559461 -2.031926 -3.891264 1.509482 1.818199 -0.1130134 20.17612 0.6472778 0 0.0 0.009822725662083106 4.389835849684132 1.0
-0.09879366 0.1317902 -0.111912 0.01864501 0.3448607 0.349465 0.2663921 18.47334 1.488495 0 0.0 0.1647083606628261 0.1134545377757104 0.0
-0.003775802 -0.01459127 3.124188 0.6286066 0.9152126 0.9415595 0.1055649 19.90668 nan 0 0.0 0.015071889097127275 3.186800419999276 1.0
-0.1072813 -0.04992351 1.677809 -1.90591 0.5560952 0.7307636 0.1688214 19.97902 0.6018734 1 0.8310955 0.11832850113311712 2.539199867789261 1.0
-0.01495467 -0.01616099 2.528478 0.3839062 0.7995777 1.101495 0.2373333 20.07279 nan 0 0.0 0.02201862285859404 2.557456738027535 1.0
0.1181488 -0.06023677 -5.027265 -2.783095 0.1692455 0.2055212 0.1323857 17.826 0.9145622 1 0.0 0.13261827702648268 5.746217117308569 0.0
-0.002614361 0.01105133 3.456448 -1.990452 0.5831031 0.7278275 0.09220571 19.66713 0.7091713 0 0.0 0.011356354089549207 3.9886002483337433 1.0
-0.08948079 0.119638 -4.506143 -7.250564 1.629872 1.480387 0.07339983 20.54456 0.5960159 0 0.0 0.14939900542849707 8.53674428892801 0.0
-0.0190852 0.02157019 0.280807 0.09450079 0.5520949 0.7005439 0.1629415 19.59708 0.7330704 0 0.0 0.02880135336535594 0.2962819106182895 0.0
-0.04111813 0.03509927 2.11927 -0.4426261 0.4584971 0.5337031 0.09538772 19.5351 0.7481251 0 0.0 0.054061625662107135 2.164999583672295 1.0
-0.005268838 -0.008556785 4.064625 7.274116 2.510007 2.639901 -0.1722342 20.81544 0.7523956 0 0.0 0.01004884189379398 8.332703041155433 0.0
0.005957422 -0.1497464 -2.772677 -2.48894 1.144052 1.315881 0.1389813 20.45317 0.6173553 0 0.0 0.1498648564201964 3.725930765584487 0.0
-0.023486 -0.002360699 2.234826 0.1074524 0.9612288 0.9152558 0.4457004 19.9499 0.6822281 0 0.0 0.023604344849383153 2.2374077117373488 1.0
-0.001306034 -0.01165361 1.386547 0.3831495 0.5365262 0.7059145 0.08131505 19.6877 0.6713638 0 0.0 0.011726566029373477 1.4385117735212494 1.0
-0.1255827 -0.01147982 -9.938512 -6.076717 2.37675 2.460296 0.1812333 20.84081 0.9022465 0 0.0 0.12610630756041666 11.649056196629537 0.0
-0.1387831 -0.04913532 1.682286 -0.5193423 0.3880798 0.4654891 0.1441257 19.30007 0.8550816 1 0.9844631 0.147224415492514 1.7606256303840662 0.0
-0.0138351 -0.0115367 0.5797372 0.2680909 1.100358 1.289554 -0.07767497 20.33152 0.7700157 0 0.0 0.01801403449813506 0.6387236896551199 1.0
-0.04605838 -0.02045458 2.458425 0.0225534 0.4886512 0.5874873 0.1217191 19.69584 0.7362633 0 0.0 0.050396073370856984 2.4585284493933686 1.0
-0.008027431 0.009996906 2.467958 -2.175146 0.5295633 0.5475292 0.0958202 19.24384 nan 0 0.0 0.012820989744656884 3.289692510110937 1.0
0.1180779 -0.04452707 -5.371197 -1.550552 1.448996 1.741457 0.1024557 20.42561 1.317177 0 0.0 0.12619449445675077 5.590524905365596 0.0
-0.07628411 0.1172175 0.4308067 -1.003654 1.749164 1.715119 -0.0232657 20.61632 0.2858906 0 0.0 0.13985423749297732 1.092206832280814 0.0
-0.07069815 0.1319034 0.2342456 -1.77453 0.3518248 0.3881225 0.2109475 19.16008 1.061144 1 0.0002734043 0.1496553886266128 1.78992394308232 0.0
0.02447527 -0.02848506 3.649066 -1.245699 1.180398 1.395059 -0.01294653 20.43521 0.5317669 0 0.0 0.03755579162761051 3.8558330709403124 1.0
-0.04808548 -0.02204669 1.883673 0.150354 0.4319626 0.5064493 0.1451211 19.4996 0.7971745 0 0.0 0.052898676040015406 1.889664069681434 1.0
-0.05051237 0.02545521 10.2093 -1.77778 4.927288 2.850593 0.1434925 20.93513 0.1730022 0 0.0 0.056563833313885294 10.362929519127302 0.0
-0.02925259 -0.006603287 -1.079266 -0.9220126 0.6463916 0.7343997 0.1033418 19.10266 0.7635765 0 0.0 0.029988621524045897 1.4194795994711442 1.0
0.05703295 -0.02491807 2.128106 -0.05923874 1.200865 1.538265 0.02072057 20.29453 0.529335 0 0.0 0.06223879496124101 2.1289303360027514 1.0
-0.1216706 -0.04892228 -6.688895 -7.558416 1.318212 1.362271 0.3206795 20.43295 1.48044 1 0.0 0.1311378068474473 10.093114918105362 0.0
-0.01380266 0.03227132 1.26314 -0.3761982 1.232223 1.043716 0.03357144 20.17031 0.6448612 0 0.0 0.035099166907748676 1.3179710714895223 1.0
0.005013344 -0.03254353 0.7125208 -1.722 1.491249 1.36736 0.08867642 20.1745 0.3979492 0 0.0 0.03292741962139208 1.863590590884339 1.0
-0.1153497 -0.05838786 -4.660412 -2.276248 0.217288 0.251708 -0.04021505 17.73601 0.8236618 0 0.0 0.12928532587060915 5.186592809084592 0.0
-0.06639469 -0.01264323 1.986573 -0.7794766 0.4634698 0.5457769 0.1099412 19.39055 0.8166466 0 0.0 0.06758776608994413 2.1340234427664 1.0
0.08584349 -0.02146715 -5.513396 -3.993009 0.162932 0.1932287 0.1852399 17.60965 1.069202 1 0.0 0.08848696686237245 6.80747062622359 0.0
0.06297673 -0.05596641 -4.314991 -5.548197 0.3624813 0.4593679 0.1018449 19.26647 1.435211 1 0.0 0.08425145440751157 7.0286298295535525 0.0
-0.02420581 0.01662032 1.727018 -0.1001486 0.06200799 0.06739583 0.009372943 16.07664 1.199785 1 0.9998812 0.029362497759191062 1.7299193375432163 1.0
-0.03378911 0.0749778 -5.337126 -10.13127 0.7310336 0.5582307 0.2161773 18.8943 nan 0 0.0 0.08223973764204322 11.451093648764559 0.0
0.0854987 -0.05942981 1.792598 -0.4430531 0.1209692 0.1328949 0.2006905 17.09769 0.1148586 1 0.9984185 0.10412458892272325 1.8465382852850925 1.0
-0.02655862 -0.04143505 1.745445 -0.3792262 0.06259001 0.08184831 0.1133051 16.3715 1.240745 1 0.9997259 0.04921609152306693 1.7861664980598644 1.0
-0.01608938 -0.0294371 1.626291 -0.1953014 1.424895 1.563763 -0.05993931 20.52848 1.04438 0 0.0 0.033547146006693326 1.6379759013865132 1.0
-0.01475863 -0.04551875 1.606508 -1.430624 0.602857 0.7613515 0.1024556 19.94593 0.7337532 0 0.0 0.04785158054902053 2.1511747914662815 1.0
-0.004476633 -0.007274837 1.354966 0.3616312 0.4010125 0.5184762 0.05311081 19.2886 0.6812515 0 0.0 0.008541867266192913 1.4023943760474227 1.0
0.02415436 -0.01400403 1.455341 0.5663511 1.186929 0.6638956 0.13943 19.17001 0.9026966 0 0.0 0.02792035034254585 1.5616564906381332 1.0
-0.05736461 0.004667833 0.4242147 -0.276094 2.398722 1.888382 -0.01024936 20.65672 0.641304 0 0.0 0.05755421049209162 0.5061482080696227 0.0
0.0464563 -0.05940376 -3.445357 -3.351299 0.2756881 0.3369782 0.03800346 18.58102 0.8708115 0 0.0 0.0754121642165745 4.806421729816267 0.0
-0.01257866 0.03244004 5.721734 -0.7014508 1.671863 1.29858 0.1101216 20.3913 nan 0 0.0 0.03479337411917965 5.764570512325843 0.0
-0.05411616 0.07584495 -10.27086 -8.182744 1.28323 1.180194 0.05563033 20.40297 1.05665 0 0.0 0.09317196581401564 13.131940622357993 0.0
-0.001654161 -0.02779744 -1.885658 -3.106147 1.024795 1.222373 -0.09873568 20.18236 0.6219406 0 0.0 0.027846614141893822 3.6337109514342223 1.0
0.0004891133 0.01214251 10.45403 1.05951 1.619239 1.038472 0.1558909 19.99202 nan 0 0.0 0.012152357010898621 10.507583198861667 0.0
-0.07057718 0.03648248 3.017122 -0.7153108 1.145248 1.049365 0.2766596 20.26702 0.8441963 1 0.972149 0.0794487865464464 3.100757117782791 1.0
0.0486855 -0.01641776 -2.117402 -5.146181 1.728977 1.719627 -0.1821124 20.58627 0.6865597 0 0.0 0.05137918599654533 5.564761460688589 0.0
-0.06113441 -0.0609956 2.460452 1.312609 0.733735 1.076078 0.1275012 19.99915 0.5629578 0 0.0 0.08635901403679931 2.7886854306617304 1.0
-0.002688471 0.03921904 1.33408 -0.9432805 0.3674474 0.3947934 0.1084584 18.95438 0.9552536 0 0.0 0.03931107954304283 1.6338750099319868 1.0
0.03032072 -0.0108546 1.778821 0.7225857 0.3285975 0.4071271 0.0920045 19.06286 0.9819565 0 0.0 0.03220509901364068 1.9199828759354836 1.0
