jas1101finalproject/data/gcs/NGC_4590_M_68.ecsv
# %ECSV 0.9
# ---
# datatype:
# - {name: x, unit: deg, datatype: float64}
# - {name: y, unit: deg, datatype: float64}
# - {name: pmx, unit: mas / yr, datatype: float64}
# - {name: pmy, unit: mas / yr, datatype: float64}
# - {name: pmx_e, unit: mas / yr, datatype: float64}
# - {name: pmy_e, unit: mas / yr, datatype: float64}
# - {name: pm_corr, datatype: float64}
# - {name: g_mag, unit: mag, datatype: float64}
# - {name: bp_rp, unit: mag, datatype: float64}
# - {name: filter, datatype: int64}
# - {name: memberprob, datatype: float64}
# - {name: r, unit: deg, datatype: float64}
# - {name: pm, unit: mas / yr, datatype: float64}
# - {name: member_prob_GMM, datatype: float64}
# meta: !!omap
# - comments: [deg deg mas/yr mas/yr mas/yr mas/yr dimless mag   mag   zeroone float]
# - __serialized_columns__:
#     bp_rp:
#       __class__: astropy.units.quantity.Quantity
#       unit: &id001 !astropy.units.Unit {unit: mag}
#       value: !astropy.table.SerializedColumn {name: bp_rp}
#     g_mag:
#       __class__: astropy.units.quantity.Quantity
#       unit: *id001
#       value: !astropy.table.SerializedColumn {name: g_mag}
#     pm:
#       __class__: astropy.units.quantity.Quantity
#       unit: !astropy.units.Unit {unit: mas / yr}
#       value: !astropy.table.SerializedColumn {name: pm}
#     pmx:
#       __class__: astropy.units.quantity.Quantity
#       unit: !astropy.units.Unit {unit: mas / yr}
#       value: !astropy.table.SerializedColumn {name: pmx}
#     pmx_e:
#       __class__: astropy.units.quantity.Quantity
#       unit: !astropy.units.Unit {unit: mas / yr}
#       value: !astropy.table.SerializedColumn {name: pmx_e}
#     pmy:
#       __class__: astropy.units.quantity.Quantity
#       unit: !astropy.units.Unit {unit: mas / yr}
#       value: !astropy.table.SerializedColumn {name: pmy}
#     pmy_e:
#       __class__: astropy.units.quantity.Quantity
#       unit: !astropy.units.Unit {unit: mas / yr}
#       value: !astropy.table.SerializedColumn {name: pmy_e}
#     r:
#       __class__: astropy.units.quantity.Quantity
#       unit: &id002 !astropy.units.Unit {unit: deg}
#       value: !astropy.table.SerializedColumn {name: r}
#     x:
#       __class__: astropy.units.quantity.Quantity
#       unit: *id002
#       value: !astropy.table.SerializedColumn {name: x}
#     y:
#       __class__: astropy.units.quantity.Quantity
#       unit: *id002
#       value: !astropy.table.SerializedColumn {name: y}
# schema: astropy-2.0
x y pmx pmy pmx_e pmy_e pm_corr g_mag bp_rp filter memberprob r pm member_prob_GMM
[from data line 1605]
-0.01120227 -0.01120571 -3.760488 2.244638 1.04312 0.9169398 -0.6197192 19.38647 0.4871426 0 0.0 0.015844834797403222 4.379459983740918 1.0
0.0163881 0.07963303 -5.050413 2.314609 1.228958 1.11678 -0.4426047 20.1688 0.7185345 0 0.0 0.08130184062240473 5.555545544179258 0.0
0.009057789 -0.0179747 -3.224636 2.446681 1.133828 0.9693067 -0.6847078 19.03783 nan 0 0.0 0.02012792541864464 4.047780286559165 1.0
0.04963487 -0.1026638 -4.046618 0.8001279 1.969439 1.633049 -0.2253371 20.54961 0.6404858 0 0.0 0.11403278541874219 4.124963259749402 0.0
-0.008233769 0.01335738 -1.2681 0.7301471 0.4093408 0.3046494 -0.4888259 17.3078 0.8595676 0 0.0 0.01569122533168653 1.4632813801994509 1.0
-0.02968923 0.03191231 -2.26351 0.09942627 1.173103 0.9751292 -0.4797269 20.09881 0.7745419 0 0.0 0.04358722183770147 2.265692632125133 1.0
-0.002849825 -0.02036046 -2.630597 0.1371526 1.430299 0.8643641 -0.4668197 19.88148 0.368227 0 0.0 0.0205589356227949 2.6341699664402367 1.0
-0.08012221 -0.08281236 3.151206 -2.432399 3.440963 3.045712 -0.09548053 20.91323 0.6510277 0 0.0 0.1152278417052654 3.980786875686389 0.0
-0.1949726 0.01736191 -5.974731 0.7789328 1.10593 0.7217773 -0.3936169 20.04618 1.44272 0 0.0 0.19574409485245806 6.025292260901279 0.0
0.09846869 0.03848824 -9.822414 1.198355 0.2475115 0.2303212 -0.6063542 17.37309 0.9902496 1 0.0 0.10572335375220415 9.895244893049439 0.0
-0.007756829 0.01398875 -15.94312 0.7050252 2.26927 0.8077136 -0.5133428 19.47445 nan 0 0.0 0.015995421929344066 15.958700945472819 0.0
0.009682559 -0.04084385 -2.779545 4.102318 1.600313 1.254363 -0.5649107 19.84286 nan 0 0.0 0.04197585057638476 4.955288425525703 1.0
0.02350219 0.06059645 -2.313193 2.69421 0.9690685 0.9498682 -0.3982335 19.75414 nan 0 0.0 0.06499448197653859 3.5510039959635358 1.0
-0.0371614 -0.04303915 -2.514365 4.070542 1.555745 1.5115 -0.3245927 20.24533 nan 0 0.0 0.05686244879252475 4.784489892035409 1.0
-0.02610033 -0.04541072 -0.7035673 2.37613 1.19836 0.8361554 -0.4337886 19.97679 0.6568451 0 0.0 0.052377101075062375 2.4781042598182363 1.0
-0.004772558 0.02111667 0.1817514 7.287842 3.585735 3.394921 -0.0269776 20.72566 nan 0 0.0 0.02164927393129534 7.290107995658635 0.0
-0.1989797 -0.01362042 -14.08493 2.262684 1.569607 1.208427 -0.2787363 20.55906 1.852671 0 0.0 0.19944532296613626 14.265517585729443 0.0
0.02911815 0.05613578 -0.8781047 2.034893 0.9430364 0.7485206 -0.4553017 19.71136 0.5969028 0 0.0 0.0632383780281476 2.216271054183375 1.0
-0.004391066 0.02426 -2.944108 2.379697 1.808928 1.001728 -0.4334962 20.06002 nan 0 0.0 0.02465418951448934 3.78559502951293 1.0
0.04598579 0.1321704 -2.798844 4.691433 2.178907 2.990029 -0.6679962 20.64016 0.4723797 0 0.0 0.1399418004674947 5.462881229701503 0.0
-0.02619819 0.02459085 -4.244692 1.579232 1.559119 1.011309 -0.4591007 20.205 nan 0 0.0 0.035931254681663985 4.528949534349881 1.0
-0.05730612 -0.1530613 -6.981385 3.104056 0.7533804 0.5320802 -0.4125635 19.4405 1.915802 1 0.0004711431 0.16343730586112953 7.640346861848682 0.0
-0.03826635 0.002235214 1.352031 2.414591 3.499128 2.983752 -0.2419346 20.78677 0.8256016 0 0.0 0.03833157606919256 2.767352077752667 1.0
-0.007870499 -0.1154248 -3.38711 0.2609145 1.309197 0.9435173 -0.4420376 19.94047 0.7112503 0 0.0 0.1156928226362768 3.397144466814776 0.0
0.1192152 -0.05241681 -3.269436 2.796005 0.9004117 0.9544264 -0.5948719 19.31642 0.6520348 1 0.9931222 0.13022974269196763 4.301959520744123 0.0
0.03601627 0.01211029 -2.37044 1.046697 0.8182164 0.573816 -0.4441473 19.32565 0.6081047 0 0.0 0.0379977739952882 2.5912468819873182 1.0
0.01719554 0.008620434 -1.573268 0.7184483 0.5031353 0.5065048 -0.3431664 18.34285 0.5851669 0 0.0 0.019235344505361893 1.729549120319192 1.0
-0.01715759 -0.003756345 -2.413385 1.616549 0.431874 0.2950173 -0.4449521 18.39885 0.7662354 0 0.0 0.01756396943652331 2.904764676807056 1.0
-0.01455409 -0.01096576 -0.7270708 -0.5762135 0.6542772 0.4491557 -0.4518241 18.7086 0.7727985 0 0.0 0.01822277223985692 0.9277143664915889 0.0
-0.005493786 -0.001863094 -3.312336 0.8735959 0.3485724 0.2833023 -0.5448287 15.6505 0.2967529 0 0.0 0.00580110367659741 3.4256006149860507 1.0
-0.02151038 0.02842561 -3.616861 1.209615 1.226442 0.7062484 -0.4799019 19.69128 0.7157974 0 0.0 0.03564704407964986 3.813771354125205 1.0
-0.03261088 -0.0464767 -1.564369 1.475081 1.140203 0.8228027 -0.4361942 19.93585 0.7906437 0 0.0 0.056776343112817686 2.1501428614680465 1.0
0.006550947 -0.01733365 -5.217519 2.122646 1.102487 0.7013869 -0.4523555 19.42667 nan 0 0.0 0.0185302544213324 5.6327729012163275 1.0
0.01133681 0.01969905 -4.817585 1.873616 0.8321886 0.6833239 -0.5164966 19.26529 0.7122936 0 0.0 0.022728304641538927 5.169096840617421 1.0
-0.005392967 -0.1161151 -3.29831 0.6892596 0.734933 0.5325389 -0.4535707 19.13149 0.5727139 0 0.0 0.11624027073726682 3.3695589699977293 0.0
0.003307972 -0.02981902 -2.996348 3.738786 2.280159 1.614046 -0.152077 20.32139 0.6581478 0 0.0 0.0300019438122463 4.791306929314798 1.0
0.06341451 -0.1716917 -9.892635 -6.350311 0.3015782 0.2223392 -0.4116983 17.83282 0.7958984 1 0.0 0.1830285221691693 11.755453076761695 0.0
-0.05807512 0.1003217 -2.696605 -1.277835 0.6717475 0.4686364 -0.4725807 18.98919 2.546343 1 0.0 0.1159187778313091 2.9840477230181826 0.0
-0.01907051 0.02769171 -2.35436 0.6219848 1.046276 0.8944173 -0.6313458 19.45767 0.5244637 0 0.0 0.033623134214171645 2.435133692640106 1.0
-0.002237196 0.002678414 -2.200879 1.607701 0.6385565 0.5798365 -0.5937972 18.58236 nan 0 0.0 0.0034898348811673026 2.7255404744824467 0.0
-0.05067281 -0.04516916 -3.238724 1.816095 0.5163974 0.3602111 -0.4673176 18.75777 0.6421471 1 0.9993085 0.06788215294465623 3.713156904468353 1.0
0.03213662 0.07576538 -1.371053 1.797762 0.5215354 0.4197312 -0.4885521 18.90604 0.5308666 1 0.9774941 0.08229918074664412 2.2609145356366307 0.0
0.0140061 0.003711357 -2.591693 3.264142 2.267832 0.8915095 -0.4148036 19.18529 nan 0 0.0 0.014489479217399397 4.167912619335127 1.0
-0.05455686 0.04428942 -3.512614 2.38356 0.8503628 0.6572346 -0.4944998 19.49198 0.7054138 0 0.0 0.07027093066834962 4.244975310481323 1.0
-0.08636194 -0.09627326 -2.540301 1.242019 0.3529926 0.2536632 -0.4267788 18.22926 0.8126793 1 0.9957433 0.12933261487958558 2.8276740206328594 0.0
-0.00575389 0.02194251 1.367178 -1.958651 2.692089 2.105589 -0.1164541 20.49166 nan 0 0.0 0.022684377779260332 2.3886166338458334 1.0
-0.04698517 -0.003343235 -3.07174 3.45119 1.425886 1.510452 -0.3700277 20.14495 0.7246552 0 0.0 0.04710396395415278 4.62020551963871 1.0
-0.01161096 -0.01190002 -4.241482 1.831818 1.271231 1.062297 -0.5773665 19.8382 nan 0 0.0 0.016626029836434193 4.6201435845055725 1.0
0.004220126 -0.04546312 -2.558756 1.47955 0.3748915 0.2818794 -0.4626163 18.28625 0.8011112 0 0.0 0.04565856703391244 2.9557233412543873 1.0
0.01046811 0.05824282 -2.752882 1.808333 1.093982 0.8402241 -0.4660434 19.95565 0.6674385 0 0.0 0.05917607124948817 3.293695120197527 1.0
-0.05999801 -0.003500037 -2.183212 -0.2035553 4.810081 3.409834 -0.04042553 20.89791 0.550312 1 0.9625435 0.06010001217105924 2.192680869871877 1.0
0.01215089 -0.01447881 -1.792172 0.5590465 1.170731 0.9199977 -0.1229034 19.59836 0.5920696 0 0.0 0.018901853528376523 1.8773421283149883 1.0
0.01317039 0.08298274 -2.35463 1.481308 0.2827266 0.2246237 -0.4689598 17.97411 0.9128532 1 0.9994164 0.08402139198239755 2.781825988045262 1.0
-0.00745777 0.02560452 -5.355748 2.142868 3.019383 1.894332 -0.1945988 20.60403 nan 0 0.0 0.02666851660297775 5.768528400287893 1.0
-0.009400858 -0.04617487 -1.581674 1.691994 0.5977809 0.4349525 -0.4518772 18.9676 0.6516342 0 0.0 0.047122125913980836 2.316146873216809 1.0
-0.06412249 0.01318892 -2.006508 3.124597 1.695462 2.129087 -0.615282 20.24258 0.303915 0 0.0 0.06546480989483205 3.7133786187881515 1.0
-0.1492597 0.0152262 -1.136321 2.417645 1.458594 1.146147 -0.2875902 20.4485 0.6966553 1 0.9743386 0.15003431344372525 2.6713728233000347 0.0
0.1178127 0.03990418 -1.686228 0.4530073 1.535336 1.707337 -0.5831989 20.04244 0.6424904 1 0.9803621 0.12438720136236847 1.7460184654914992 0.0
-0.01394019 -0.01721225 -3.050478 1.622778 1.213886 0.8022013 -0.4470773 19.88651 0.7146873 0 0.0 0.022149276450904663 3.455260404914223 1.0
0.08010377 0.0524263 -5.223244 -1.144981 2.106234 1.316858 -0.6987641 19.75384 0.8562145 1 0.02296993 0.09573469015932992 5.347266532902302 0.0
0.03864785 -0.06386789 -2.550646 2.194858 0.6888746 0.5346697 -0.4294393 19.25923 0.6866875 1 0.9986829 0.07465094562478496 3.36499578862738 1.0
0.0001339681 0.08628512 -3.752574 2.427996 1.09654 0.8384717 -0.4775521 19.86671 0.7399673 0 0.0 0.08628522400078834 4.469561074813947 0.0
-0.04558313 0.0002603179 -1.936374 1.540714 1.898055 2.342097 -0.5559332 20.35036 0.8037682 0 0.0 0.045583873310700136 2.4745391283372347 1.0
0.191836 0.01092231 -3.074726 -3.047662 2.110368 3.005756 -0.5766015 20.50418 0.8816032 0 0.0 0.1921466829058886 4.329224369482367 0.0
0.00863301 -0.04986362 -3.589121 2.135148 0.4180151 0.2638631 -0.4456398 18.16638 0.8286953 1 0.9988368 0.05060542916688386 4.1762000113195015 1.0
-0.01922922 0.079768 -2.549705 -0.1490774 1.499547 1.291133 -0.5068509 20.37745 0.8664169 1 0.9785192 0.0820530116803058 2.554059446883678 0.0
0.1132795 -0.03613915 -2.922577 1.996138 0.8537772 0.9354034 -0.6222521 19.41253 0.5586929 1 0.9961584 0.11890451329942232 3.539212233813197 0.0
0.01090075 0.02034759 -2.564046 1.938759 0.2133874 0.1444788 -0.447868 16.92267 0.9396439 1 0.9998535 0.023083560586932856 3.214516814421259 1.0
-0.0124142 -0.01772515 -15.2555 2.783777 1.534952 1.15674 -0.4249349 20.14645 nan 0 0.0 0.021640085585840456 15.50740773423234 0.0
0.06641279 -0.116884 2.645663 0.804954 2.645027 2.832731 -0.4329908 20.97196 0.6866684 0 0.0 0.1344341033056125 2.765408405947483 0.0
-0.01534679 0.007083376 -1.716636 0.5396385 0.9536225 0.9431531 -0.1629712 18.95899 0.739357 0 0.0 0.016902608640723953 1.7994579370405552 1.0
-0.004930063 -0.1178889 -4.518146 2.191391 0.2075258 0.1624354 -0.4667794 17.37989 0.8912277 1 0.0 0.11799194152311407 5.021537393288733 0.0
-0.006242272 -0.01932872 -6.531001 3.969412 1.933192 1.245565 -0.7318728 19.77822 nan 0 0.0 0.020311705407483244 7.642656978286086 0.0
0.03777002 -0.0007019368 -4.02079 1.498368 0.896685 0.6398447 -0.4777544 19.39383 nan 0 0.0 0.03777654200785978 4.290904203955618 1.0
-0.06132661 0.1106178 -1.990849 1.245781 1.823867 1.767923 -0.446101 20.53694 0.5134258 1 0.9795125 0.12648023865779232 2.3484995296490907 0.0
-0.02221786 -0.04781697 -0.2467624 -2.474722 1.384619 1.361412 -0.3231408 20.15563 0.4034901 0 0.0 0.05272661493933116 2.486994302232669 1.0
-0.006461027 -0.005811356 0.5392261 -2.697421 1.036217 1.314503 -0.5246768 19.16797 nan 0 0.0 0.008690036159502732 2.750789857143255 1.0
0.04952571 0.05299876 -1.73209 1.478053 1.695092 1.248153 -0.3889529 20.40621 0.547924 0 0.0 0.07253733185430589 2.277010416952237 1.0
0.01408984 0.0197388 -2.281315 1.688247 0.7488231 0.6131003 -0.4591361 19.13722 0.4919777 0 0.0 0.024251676574323682 2.838058502257133 1.0
-0.00473177 0.02351421 -2.070643 1.44226 0.8857683 0.5561452 -0.4509917 19.33179 0.7236996 0 0.0 0.02398557314839485 2.5234255172382243 1.0
-0.04765502 0.001825402 -1.779911 2.334782 1.310556 1.102451 -0.4992531 19.98585 0.8386078 0 0.0 0.047689967746497836 2.935862761684374 1.0
-0.006328159 0.05518184 -3.34885 3.253172 1.233754 1.271387 -0.4551069 20.12713 0.750164 0 0.0 0.05554350603009214 4.668824732637113 1.0
0.05751441 -0.001232823 -2.545059 1.626013 1.722624 1.699017 -0.3081426 20.43806 0.7199707 0 0.0 0.05752762128054165 3.0201396639311233 1.0
-0.07376166 0.1038412 -3.100034 1.510025 1.080309 0.745298 -0.4928923 19.83063 0.7235889 1 0.9933118 0.12737259243414809 3.448243944645013 0.0
0.07689194 -0.06030533 -8.925429 9.170822 1.49688 1.357129 -0.3337148 20.31115 1.777643 0 0.0 0.0977195132170259 12.797158238832752 0.0
-0.055468 0.01181827 -2.266701 1.376872 0.7369301 0.5185691 -0.4971039 19.17597 0.6165752 1 0.9990052 0.056713054315500416 2.6521142373180306 1.0
-0.003137443 0.03448724 -3.74787 2.183104 0.8914566 0.616977 -0.444823 19.53581 0.5725765 0 0.0 0.03462965884030406 4.337334735954328 1.0
-0.02258343 -0.05881862 -4.677842 2.390079 1.513217 1.499074 -0.3270632 20.27667 0.7312317 0 0.0 0.06300509002667404 5.253064191803199 0.0
-0.07704929 -0.09632569 -11.53392 6.816606 0.8214259 0.5837556 -0.452573 19.46933 2.336735 1 0.0 0.12335003706314888 13.397665017667668 0.0
0.008010444 0.006567238 -2.665342 -6.369457 1.708173 1.693344 -0.4327422 19.83382 nan 0 0.0 0.010358369950227691 6.9046383288202 0.0
-0.02721449 -8.475407e-05 -2.798717 1.894686 0.8611358 0.5999397 -0.4822973 19.37404 0.9435482 0 0.0 0.027214621974454865 3.379741393166791 1.0
0.1001264 0.04800828 -4.944029 -0.9508699 1.69422 1.769981 -0.6319433 20.21032 nan 0 0.0 0.11104094256407589 5.034637655240643 0.0
-0.1102025 -0.05337283 -0.6968257 -0.1783027 1.4912 1.122747 -0.1531179 20.18073 0.5797977 0 0.0 0.12244692723159245 0.7192759616501722 0.0
0.07589069 0.01070594 -2.109137 2.19474 1.215031 1.123649 -0.6232152 19.73155 0.6143265 1 0.9960415 0.07664211622834863 3.0439025201817813 1.0
-0.06860678 0.0142754 -3.12553 -1.388978 1.542697 1.77986 -0.5593296 20.31359 0.9614773 0 0.0 0.07007622497772266 3.420262806479058 1.0
0.01388538 0.01950422 1.168618 -3.386447 1.466118 1.247059 -0.5747738 19.57456 nan 0 0.0 0.02394197935745497 3.582414173952113 1.0
-0.001392236 -0.005265679 -4.919768 0.1364012 1.567219 0.7232497 -0.5326546 19.07206 nan 0 0.0 0.005446622477346581 4.921658507168639 0.0
-0.112444 -0.0455797 0.4308007 1.904709 1.44132 0.8896523 -0.3262931 20.23387 0.4522038 0 0.0 0.12133079653612269 1.9528199143294012 0.0
-0.05225196 0.0121326 -3.817194 0.9064438 0.9284114 0.6951632 -0.5027855 19.54108 0.5456371 0 0.0 0.05364202929235246 3.9233417383901754 1.0
-0.02398728 0.01063718 6.390065 0.3959128 2.24588 1.889898 -0.4894014 19.79908 0.7024536 0 0.0 0.026240030490660638 6.402318146533242 0.0
0.02412411 -0.02834143 -1.832406 1.203852 0.8893164 0.6421257 -0.4526789 19.44611 0.7370281 0 0.0 0.03721840052631225 2.1924806468336273 1.0
-0.01265065 0.02579289 -3.443806 1.666182 0.95595 0.6343336 -0.4340322 19.4744 0.7100658 0 0.0 0.028728246030250437 3.8256976125616617 1.0
-0.0582921 -0.03521836 -2.698442 2.244676 2.017374 1.258757 -0.39217 20.58868 0.7197018 0 0.0 0.06810507913143923 3.510008486078061 1.0
-0.02008655 -0.007384602 -2.503531 -0.4327656 1.674152 2.026296 -0.4707142 20.1073 nan 0 0.0 0.02140097749171528 2.540660058430557 1.0
-0.006870382 0.003803564 -1.806811 0.6613836 0.5158234 0.2830737 -0.4641285 17.55383 0.7725334 0 0.0 0.007852977010536832 1.924056718516884 0.0
0.0569644 -0.03828852 -4.097935 2.205332 0.9994806 0.8931753 -0.4340415 19.85074 nan 0 0.0 0.06863638707821385 4.65366097760129 0.0
-0.05429485 -0.04761033 -3.380212 2.621015 0.9150933 0.59931 -0.4178619 19.59244 0.6920986 0 0.0 0.07221270150902402 4.2773301012628195 0.0
-0.005452344 -0.01360091 -3.049472 1.370862 0.8036489 0.6459657 -0.4485789 19.3849 nan 0 0.0 0.014653081857494553 3.3434326824130913 1.0
-0.09375278 -0.01639175 -3.419028 1.795791 1.013219 0.5438117 -0.3699661 19.61787 0.8265667 1 0.9972426 0.09517496112839184 3.8619448184127387 1.0
-0.006679944 0.009584749 -13.9137 -0.8822331 1.264736 0.4680515 -0.4323212 18.87728 nan 0 0.0 0.011682853471482771 13.941642045782686 0.0
-0.08885877 -0.05477702 -4.891581 0.2185759 3.092123 3.131574 -0.4133709 20.89076 1.005272 0 0.0 0.10438583680745822 4.896461998588554 0.0
-0.006691903 -0.0187718 -2.33044 -1.322435 1.794303 1.918254 -0.6113776 20.11046 -0.2317581 0 0.0 0.019928924732694663 2.6795120680498905 1.0
0.005175665 -0.0001121326 -4.951785 3.654948 0.3685073 0.3206772 -0.5877618 17.76448 nan 0 0.0 0.005176879553573538 6.154577123485334 0.0
-0.0122385 -0.004554888 -2.831566 3.50314 0.7486948 0.6138178 -0.6016751 18.91358 nan 0 0.0 0.01305863265975975 4.504415153153182 1.0
