jas1101finalproject/data/gcs/NGC_6440.ecsv
# %ECSV 0.9
# ---
# datatype:
# - {name: x, unit: deg, datatype: float64}
# - {name: y, unit: deg, datatype: float64}
# - {name: pmx, unit: mas / yr, datatype: float64}
# - {name: pmy, unit: mas / yr, datatype: float64}
# - {name: pmx_e, unit: mas / yr, datatype: float64}
# - {name: pmy_e, unit: mas / yr, datatype: float64}
# - {name: pm_corr, datatype: float64}
# - {name: g_mag, unit: mag, datatype: float64}
# - {name: bp_rp, unit: mag, datatype: float64}
# - {name: filter, datatype: int64}
# - {name: memberprob, datatype: float64}
# - {name: r, unit: deg, datatype: float64}
# - {name: pm, unit: mas / yr, datatype: float64}
# - {name: member_prob_GMM, datatype: float64}
# - {name: member_prob_DB, datatype: float64}
# meta: !!omap
# - comments: [deg deg mas/yr mas/yr mas/yr mas/yr dimless mag   mag   zeroone float]
# - __serialized_columns__:
#     bp_rp:
#       __class__: astropy.units.quantity.Quantity
#       unit: &id001 !astropy.units.Unit {unit: mag}
#       value: !astropy.table.SerializedColumn {name: bp_rp}
#     g_mag:
#       __class__: astropy.units.quantity.Quantity
#       unit: *id001
#       value: !astropy.table.SerializedColumn {name: g_mag}
#     pm:
#       __class__: astropy.units.quantity.Quantity
#       unit: !astropy.units.Unit {unit: mas / yr}
#       value: !astropy.table.SerializedColumn {name: pm}
#     pmx:
#       __class__: astropy.units.quantity.Quantity
#       unit: !astropy.units.Unit {unit: mas / yr}
#       value: !astropy.table.SerializedColumn {name: pmx}
#     pmx_e:
#       __class__: astropy.units.quantity.Quantity
#       unit: !astropy.units.Unit {unit: mas / yr}
#       value: !astropy.table.SerializedColumn {name: pmx_e}
#     pmy:
#       __class__: astropy.units.quantity.Quantity
#       unit: !astropy.units.Unit {unit: mas / yr}
#       value: !astropy.table.SerializedColumn {name: pmy}
#     pmy_e:
#       __class__: astropy.units.quantity.Quantity
#       unit: !astropy.units.Unit {unit: mas / yr}
#       value: !astropy.table.SerializedColumn {name: pmy_e}
#     r:
#       __class__: astropy.units.quantity.Quantity
#       unit: &id002 !astropy.units.Unit {unit: deg}
#       value: !astropy.table.SerializedColumn {name: r}
#     x:
#       __class__: astropy.units.quantity.Quantity
#       unit: *id002
#       value: !astropy.table.SerializedColumn {name: x}
#     y:
#       __class__: astropy.units.quantity.Quantity
#       unit: *id002
#       value: !astropy.table.SerializedColumn {name: y}
# schema: astropy-2.0
x y pmx pmy pmx_e pmy_e pm_corr g_mag bp_rp filter memberprob r pm member_prob_GMM member_prob_DB
[from data line 228]
0.02637624 0.01402378 -3.238419 -5.341016 2.216337 1.861269 0.7861895 19.86749 2.241528 0 0.0 0.0298726035361165 6.2461035479582785 0.0 0.0
0.045592 -0.02853174 2.940646 -3.113685 0.3183767 0.284232 0.5788792 17.68838 2.666231 0 0.0 0.05378373965640173 4.28280669380968 0.0 0.0
-0.02309378 -0.005247546 -0.5836588 0.9477785 1.320476 1.145916 0.4927712 19.90324 2.009529 0 0.0 0.023682470599802632 1.1130775713667445 0.0 0.0
0.01158338 0.01900187 -2.183412 -5.662882 0.83017 0.53385 -0.02922376 18.75495 nan 0 0.0 0.02225411772507057 6.069227340252464 0.0 0.0
0.01955909 -0.04208559 -2.621892 -6.064825 0.3673932 0.3174174 0.6021035 17.84376 2.605692 0 0.0 0.04640856480517578 6.607300503253125 0.0 0.0
-0.03010506 0.004116328 -4.902463 -4.75562 0.2893555 0.2526211 0.3913286 17.54323 nan 0 0.0 0.030385173914381072 6.830085288689227 0.0 0.0
-0.07114265 0.02222078 -0.8458154 -5.473075 1.871937 1.718129 0.3192948 20.4015 1.839195 0 0.0 0.0745321387914697 5.538046013396977 0.0 0.0
0.007550088 0.04666439 -6.176491 -8.053122 0.3524687 0.289104 0.2630439 18.03506 2.832659 1 0.0 0.04727122933539855 10.148980984313894 0.0 0.0
0.03197328 -0.04013072 -6.120708 -4.916269 0.3379041 0.3008649 0.5890212 17.59055 2.556166 1 0.0 0.0513104796476977 7.8506539410182254 0.0 0.0
-0.06070411 -0.03534809 -5.755621 -6.241362 0.5675289 0.4301124 0.2090592 18.80948 nan 0 0.0 0.07024582861309417 8.490098510069538 0.0 0.0
0.06350041 0.04409186 -4.731662 -9.156654 3.73865 3.089797 0.6105312 20.76812 2.030468 0 0.0 0.07730714189793657 10.306936390507124 0.0 0.0
-0.003924019 -0.04638928 -4.84553 -4.559731 0.9085641 0.7157182 0.3355922 18.57726 2.586092 0 0.0 0.046554948437634004 6.653593598444453 0.0 0.0
-0.005155098 -0.01121591 -0.1661962 -2.634402 0.7106901 0.6094671 0.8466101 17.72919 nan 0 0.0 0.012343892113823095 2.639639193999521 0.0 0.0
0.04610476 -0.03568063 2.802435 -1.879517 0.2215984 0.2023881 0.4065972 16.84271 2.533101 1 0.0 0.05829885292057212 3.3743482455896574 0.0 0.0
-0.02021327 0.06437679 -5.131738 -2.071632 1.585123 1.428844 0.4204932 20.23417 nan 0 0.0 0.06747553167480046 5.534111856844602 0.0 0.0
-0.05892791 -0.04245799 -3.735458 -7.260761 0.5811127 0.4933856 0.8656045 17.54521 2.341425 1 0.0 0.07263043089372526 8.165310573939303 0.0 0.0
-0.03271799 0.0478513 -2.501489 -4.73656 2.501872 2.075925 0.7085585 20.10065 1.666508 0 0.0 0.05796735099459092 5.356533193280986 0.0 0.0
0.01829824 -0.06147172 -2.243538 -5.606332 0.300925 0.2400186 0.2344921 15.21405 5.405669 0 0.0 0.06413733660556853 6.038577750734688 0.0 0.0
-0.01631023 -0.03342775 -0.8962537 -4.100558 0.1708773 0.1338662 0.267651 14.61922 3.807388 1 0.9130755 0.03719459735923216 4.197361862661795 0.0 1.0
0.05734712 0.04362125 -1.281171 -6.343195 2.291713 1.918774 0.8059407 20.16082 1.821518 0 0.0 0.07205210353526745 6.471284411866472 0.0 0.0
-0.001492836 -0.04433884 -1.243876 -4.807596 2.567087 2.225075 0.5863729 20.00352 nan 0 0.0 0.04436396388814345 4.965904429466198 0.0 1.0
-0.07265687 0.0171656 -5.898167 -0.7544695 2.522839 2.359324 0.1693467 20.59623 nan 0 0.0 0.07465707321852967 5.946225541157958 0.0 0.0
-0.001836068 -0.04444756 -4.35338 -4.20114 1.456523 1.22974 0.7799236 19.42586 nan 0 0.0 0.044485466566668984 6.049916918768388 0.0 1.0
-0.0602806 -0.0211191 -3.307696 -1.469921 0.6946343 0.5996686 0.4607246 19.00852 1.787325 0 0.0 0.06387305473491932 3.6196022674676565 0.0 0.0
-0.01187286 -0.08040914 -2.589829 -3.133466 0.2718413 0.2337557 0.3750644 17.1551 2.515647 1 0.0 0.08128096087103795 4.065196603166568 0.0 0.0
0.04038322 -0.03821199 -0.09180762 -5.87984 0.1556094 0.1260283 -0.3229755 15.75176 2.815061 1 0.0 0.05559640849307174 5.8805566968349225 0.0 0.0
-0.00500999 -0.0746562 -4.388796 -2.767602 0.3478198 0.2977405 0.3885942 17.57894 2.3218 0 0.0 0.07482411508491163 5.188559642137691 0.0 0.0
-0.03712612 0.05068653 1.500058 0.3562862 0.7667057 0.6887157 0.2858913 19.00996 1.761698 0 0.0 0.06282891937392604 1.5417891748466908 0.0 0.0
0.01772551 -0.06790895 -4.180835 -9.949518 2.454186 2.098249 0.8636961 19.85422 1.747644 0 0.0 0.07018418051714076 10.792232842630343 0.0 0.0
-0.04924529 0.0008631944 0.9405142 -1.594567 0.8782212 0.760923 0.5213177 19.24555 1.892513 0 0.0 0.04925285465591097 1.8512727724164908 0.0 0.0
-0.0111294 -0.07981017 -4.236875 -0.6678839 0.6707505 0.5010214 0.1315109 18.79468 2.020355 0 0.0 0.0805824222755118 4.289193242266453 0.0 0.0
-0.06701862 0.01425181 0.007467334 -9.375252 1.787232 1.526703 0.557 19.62354 1.901432 0 0.0 0.06851722057249915 9.3752549738437 0.0 0.0
0.0770254 0.02027818 -1.813974 -7.479844 1.641002 1.442633 0.863208 19.40027 nan 0 0.0 0.07964996440220422 7.696659531057094 0.0 0.0
-0.03503725 0.05252951 -5.59966 -8.129355 1.064079 0.9600128 0.07445639 19.02407 nan 0 0.0 0.06314236540075609 9.871302083900837 0.0 0.0
0.01106261 -0.06061272 -0.5227803 -5.134155 0.2622838 0.2333873 0.5543389 17.46481 2.270327 1 0.0 0.06161398514793943 5.1607021621183575 0.0 0.0
-0.03626851 -0.06678495 -6.804251 -11.03239 2.039704 1.627995 0.8061073 19.71677 nan 0 0.0 0.07599759446273677 12.961923498582339 0.0 0.0
0.02021551 -0.05318262 -4.736966 -5.815006 0.798714 0.7270245 0.6008924 18.84138 1.947798 0 0.0 0.05689514842782731 7.500209441421752 0.0 0.0
0.02546694 0.05250278 -1.539033 -2.287373 2.027474 1.812015 0.2570597 20.58128 2.251457 0 0.0 0.05835329417172607 2.7569363097862816 0.0 0.0
-0.0005490727 -0.008299485 -1.73909 -4.495615 0.1758108 0.1380082 0.2551265 15.28884 2.870332 0 0.0 0.008317627792532574 4.820268483842471 0.0 0.0
0.007831821 -0.04131398 -0.8898167 -3.726496 0.3123578 0.2442321 0.2710213 18.03767 2.451603 1 0.9143989 0.04204976056550668 3.8312590877693053 0.0 1.0
0.0615524 0.03929948 -1.632248 -7.470194 0.2607951 0.2341167 0.6000635 16.99953 2.908875 1 0.0 0.07302839909261602 7.646439166771681 0.0 0.0
0.0716021 -0.01232915 -5.889738 -6.60871 0.425205 0.3792626 0.4739846 17.95543 2.917397 0 0.0 0.07265582333256228 8.852347800032712 0.0 0.0
0.08241794 -0.009034832 -2.167177 -10.06345 3.729158 3.16876 0.6752845 20.64102 1.587412 0 0.0 0.0829116700055657 10.294157665969033 0.0 0.0
-0.07129238 -0.02531996 -1.574324 -5.161398 1.975158 1.703391 0.5126256 20.06311 1.529358 0 0.0 0.07565516387178076 5.39615839013089 0.0 0.0
0.06765258 -0.01579302 -3.929519 -4.601361 0.3855444 0.3024592 0.1983659 18.15793 2.662449 0 0.0 0.06947151258880722 6.050920807916924 0.0 0.0
0.01083706 -0.01449112 -0.4142126 -3.391615 0.4989659 0.3779022 0.4179221 18.28246 2.306341 0 0.0 0.01809514930300383 3.4168149476118486 0.0 1.0
0.04787954 -0.03146784 -5.83366 -15.09521 2.139127 1.84728 0.8259034 19.80941 1.675516 0 0.0 0.05729463591713625 16.183230639761025 0.0 0.0
0.05039342 -0.0417893 -1.801187 -7.537106 0.5851352 0.4822849 -0.269931 18.55731 2.630032 0 0.0 0.06546634535229838 7.749338130718326 0.0 0.0
0.03215809 0.0231627 -1.270051 -2.506092 3.155058 2.711441 0.588095 20.49433 nan 0 0.0 0.03963147011830497 2.8095420721293713 0.0 1.0
0.04324259 -0.04186343 -3.550666 -5.764144 0.2953904 0.2898803 0.4672059 17.55077 2.398878 0 0.0 0.06018694510666744 6.7699767426699475 0.0 0.0
-0.03772533 -0.07377191 -2.912562 -3.325855 0.8413906 0.6987419 0.7605694 17.92946 nan 0 0.0 0.08285828400743644 4.420896841690495 0.0 0.0
0.03893418 0.0004274487 -2.970439 -7.089547 1.727363 1.464157 0.7707424 19.62422 2.222517 0 0.0 0.038936526355897894 7.686688787633463 0.0 0.0
0.06476002 -0.02328385 0.03240017 -4.20066 1.891439 1.63799 0.6218129 19.98668 2.441048 0 0.0 0.06881858659710254 4.200784951246139 0.0 0.0
-0.01132974 -0.07753091 2.328885 -9.056818 1.752203 1.459298 0.7020919 19.44307 2.050091 0 0.0 0.07835435542390544 9.351452166821417 0.0 0.0
0.01383985 -0.02655915 -2.659731 1.663839 1.452785 1.225523 0.7426273 19.56607 2.097401 0 0.0 0.02994878790109877 3.1372805437642963 0.0 0.0
0.007063099 0.03669471 0.1846913 -1.165993 2.741139 2.354998 0.2994776 20.74795 nan 0 0.0 0.03736829015981198 1.1805297761364133 0.0 0.0
0.06623351 0.01063391 -4.167033 -6.30822 3.123157 2.748452 0.772646 20.22538 nan 0 0.0 0.06708172544596777 7.560278010198369 0.0 0.0
-0.03289542 0.07476965 1.195014 0.677514 1.495412 1.31321 0.5046286 19.97475 2.42588 0 0.0 0.08168604053385682 1.373711643829228 0.0 0.0
-0.01253073 -0.07844844 0.6892008 -0.8930786 0.6592194 0.5019644 0.3406933 18.9013 1.927082 0 0.0 0.07944291618996938 1.1280900356348336 0.0 0.0
0.06952452 0.01177687 -4.825518 -4.624609 1.628971 1.429018 0.8548781 19.31408 1.807039 0 0.0 0.07051491720357687 6.683758850467677 0.0 0.0
-0.04479302 -0.05947632 1.111056 -1.120091 2.658814 2.407083 0.4816678 20.04689 nan 0 0.0 0.07445701633467998 1.5776721089684635 0.0 0.0
0.06118554 -0.01986823 -4.275261 -4.522512 0.1764636 0.1400856 0.2152442 15.8115 3.924309 1 0.0 0.06433052827720677 6.223421198044128 0.0 0.0
-0.03665198 -0.01767464 -13.06153 -13.29263 1.027195 0.9023556 0.34593 19.38894 1.77763 0 0.0 0.04069103755189833 18.63592171741983 0.0 0.0
0.01495149 -0.06769503 0.6487671 -5.203984 0.7143072 0.5603667 0.2804239 18.89998 2.10461 0 0.0 0.06932650387781718 5.244268130282663 0.0 0.0
0.01736519 0.03393777 5.683161 0.04977087 1.316621 1.139491 0.5750113 19.55926 2.222382 0 0.0 0.038122461309692476 5.683378932591206 0.0 0.0
-0.003152927 0.01099904 0.5442402 -3.160191 0.6376223 0.5659789 0.7209484 18.07478 2.528641 0 0.0 0.011442020345591464 3.206712421121832 0.0 0.0
-0.004352332 -0.07194584 -2.612743 -2.668869 0.3723376 0.3154765 0.4200576 17.73351 2.027624 0 0.0 0.07207736598366941 3.734874525765223 0.0 0.0
0.05192295 -0.001510425 1.945609 -4.160429 2.065409 1.768447 0.6904054 20.04161 nan 0 0.0 0.051944914287956286 4.592881867076705 0.0 0.0
-0.07042598 -0.04328678 0.811082 -4.425763 0.3335305 0.2563653 0.04631844 18.0866 2.248936 1 4.04281e-06 0.08266537353528865 4.499470206912476 0.0 0.0
-0.03781314 0.05122042 -7.459511 -5.903717 0.4792173 0.3841843 0.0854459 18.70516 2.111458 0 0.0 0.06366604261013872 9.513053073288827 0.0 0.0
0.008319413 -0.01656997 -1.23512 -3.263844 0.3861811 0.332903 0.6103345 17.81759 2.341064 0 0.0 0.018541211893117155 3.4897276499371697 0.0 1.0
-0.02289629 0.01348265 -5.073076 -2.694535 0.2244542 0.1961049 0.38109 17.11386 2.430999 0 0.0 0.0265710734970682 5.744268357937415 0.0 0.0
-0.07683532 0.01872951 -6.885435 -4.404621 2.095625 2.011075 0.1541784 20.37041 1.935158 0 0.0 0.07908514996092819 8.173732396700176 0.0 0.0
0.0009381654 -0.08275663 -1.462702 -0.3940019 0.2120857 0.1841411 0.4140398 16.82264 2.429544 1 0.0 0.0827619475560759 1.5148381557142037 0.0 0.0
0.009950167 -0.01499078 1.268387 -3.139274 0.279208 0.2186095 0.2634336 15.81995 2.72681 0 0.0 0.017992479215947117 3.385830301247391 0.0 0.0
-0.07984041 0.01984951 -1.767031 -3.665029 1.24617 1.078741 0.516351 19.83486 2.010695 0 0.0 0.08227085824402344 4.068763463977969 0.0 0.0
0.01286469 -0.05708999 -0.2908492 -4.257132 0.6010135 0.474277 0.3364154 18.90118 2.064047 0 0.0 0.05852151063494687 4.267055908066432 0.0 0.0
-0.05149576 -0.02850689 -0.6994376 -4.294859 1.415398 1.245284 0.3859391 19.89647 1.593849 0 0.0 0.05885963026939347 4.351439622260058 0.0 0.0
0.02802502 -0.0454381 1.49181 -3.991486 0.2896674 0.2603961 0.5737398 17.37851 2.196648 0 0.0 0.05338560365501546 4.261156834041198 0.0 0.0
5.171415e-05 -0.04333175 -4.687417 -6.03985 2.613521 2.180256 0.7107753 20.38896 1.392406 0 0.0 0.04333178085903937 7.645368935139036 0.0 0.0
0.04296579 -0.008715543 1.535068 -1.090574 3.014867 2.612877 0.6361962 20.37255 nan 0 0.0 0.04384084625219897 1.8830256010208677 0.0 0.0
-0.00263651 -0.06982293 0.1601629 -2.752218 0.1038132 0.0762126 -0.06644166 15.32837 2.717385 1 0.0 0.06987268950573608 2.7568743304801564 0.0 0.0
0.002741432 0.01521429 0.9530915 -2.502526 0.3430984 0.2751982 0.3713643 17.91578 2.23683 0 0.0 0.01545930365879149 2.6778759844414473 0.0 0.0
0.004083687 -0.08266131 -1.397465 -2.741904 0.2421896 0.20766 0.3696304 17.15269 2.4118 1 5.282871e-05 0.08276212098798622 3.0774902065548475 0.0 0.0
-0.0310024 0.05584534 -2.733007 -3.325392 1.839846 1.651712 0.3847922 20.35175 nan 0 0.0 0.06387370981456768 4.304365135035944 0.0 0.0
-0.0643164 0.05292064 3.026562 -5.18536 2.228939 1.999983 0.2257229 20.55085 nan 0 0.0 0.08328981598592711 6.00400165468365 0.0 0.0
0.02064582 -0.04352196 -5.089652 -5.458555 0.2941424 0.2549946 0.585117 17.52962 2.538843 1 0.0 0.04817064340149506 7.463268732206351 0.0 0.0
0.008408166 0.03725731 -4.874702 -2.942406 1.723528 1.498374 0.5246596 20.04702 2.359322 0 0.0 0.03819429805507173 5.69389784397648 0.0 0.0
0.05351509 -0.03051983 -1.033504 -5.967748 0.165512 0.1336735 0.2436425 16.19538 2.969166 1 0.0 0.06160620813633152 6.056578795782319 0.0 0.0
-0.04615348 -0.005161165 -1.668248 -1.285492 0.4962698 0.3904637 0.2604838 18.45571 1.859758 0 0.0 0.046441159979781134 2.106072427901757 0.0 0.0
0.01369631 -0.03225448 -1.493412 -1.703731 1.371879 1.155079 0.767195 19.45829 2.058773 0 0.0 0.035041980361938736 2.265607804123432 0.0 0.0
-0.008588601 -0.003437891 -4.547226 -2.633029 0.2122438 0.1828055 0.5843113 16.66524 2.41683 0 0.0 0.009251116779345182 5.254531949652319 0.0 0.0
0.02972454 0.01665913 -6.559052 -4.928851 3.114335 2.657269 0.5726782 20.52541 2.282606 0 0.0 0.03407454901489527 8.204555766091483 0.0 0.0
-0.02097319 -0.03060926 -2.487337 -9.745244 0.4682511 0.3733554 0.4742927 17.49715 2.461378 0 0.0 0.03710527585834257 10.057665035737918 0.0 0.0
0.01859389 0.01861781 -7.824642 -1.224897 0.4133776 0.366091 0.4809274 17.74619 2.53701 0 0.0 0.026312650845709176 7.919936558380566 0.0 0.0
0.06909517 0.01143565 -3.632895 -7.286122 1.69967 1.510474 0.865488 19.51976 1.792101 0 0.0 0.0700351098253683 8.141590746279808 0.0 0.0
0.02007204 -0.05671501 -4.498496 -7.390578 1.49443 1.279151 0.8249278 19.2388 nan 0 0.0 0.06016210725250322 8.65200031415279 0.0 0.0
0.009208462 0.02037151 -1.350218 -4.357124 0.94776 0.8181061 0.5870011 19.06483 1.51869 0 0.0 0.022356077296465587 4.561536824240269 0.0 1.0
0.07948668 0.02107993 5.504114 -5.528309 1.751377 1.535603 0.7272934 19.95156 nan 0 0.0 0.08223439515328912 7.801119876304748 0.0 0.0
-0.0334442 -0.03479046 -6.965096 -6.220857 0.6818993 0.454108 -0.1870357 18.44238 1.65037 0 0.0 0.04825858079815029 9.338716405570146 0.0 0.0
0.006602019 -0.03801802 -2.474881 -4.783803 1.783066 1.486369 0.7717484 19.63071 nan 0 0.0 0.038586999100691424 5.386075297187182 0.0 1.0
0.00305657 0.03472073 0.05463595 -0.668482 0.460226 0.3638149 0.2408313 17.94127 2.615242 0 0.0 0.034855009853646576 0.6707110192597127 0.0 0.0
0.001367968 0.01508079 -4.102965 -8.422283 2.193898 1.856064 0.4863545 19.96584 nan 0 0.0 0.015142706609887282 9.368520305966893 0.0 0.0
-0.01737979 0.06608803 -3.130867 -10.21134 2.611576 2.309022 0.331881 20.24263 nan 0 0.0 0.06833509208104574 10.680533355937285 0.0 0.0
0.0009384091 -0.04279198 -2.081593 -4.165354 0.3729348 0.3265756 0.5669614 17.73822 2.324333 0 0.0 0.04280226821045075 4.656522668576305 0.0 1.0
0.002368127 -0.07105316 -8.610597 -6.867863 2.650436 2.15887 0.6904676 20.095 1.361349 0 0.0 0.07109261263643171 11.014078394635568 0.0 0.0
-0.0027813 0.02998479 -5.387729 -11.51996 1.093811 0.9846684 0.2849983 19.34235 1.586042 0 0.0 0.03011350628927326 12.717590266203775 0.0 0.0
-0.02346844 0.01270627 -2.649229 -5.032809 0.292905 0.256816 0.3436302 17.81285 2.343452 0 0.0 0.02668739352852766 5.687493360428828 0.0 0.0
0.01032071 -0.03529453 1.052244 -0.3230141 2.566339 2.14662 0.7023672 20.18094 nan 0 0.0 0.036772556381423904 1.1007068385064254 0.0 0.0
0.01132344 -0.01391895 -0.1783253 -0.1705611 0.7462337 0.5410361 0.08474172 18.67314 nan 0 0.0 0.017943173145686914 0.2467610209358439 0.0 0.0
-0.005844984 0.07537577 -4.094068 -0.3186869 1.441446 1.268281 0.7479333 19.5223 2.550705 0 0.0 0.0756020538150463 4.106452742800727 0.0 0.0
0.02107331 -0.0548345 -2.271202 -7.641752 0.5348914 0.4695049 0.658707 17.9483 2.430521 0 0.0 0.05874441917838749 7.972122186363428 0.0 0.0
