jas1101finalproject/data/gcs/NGC_6712.ecsv
# %ECSV 0.9
# ---
# datatype:
# - {name: x, unit: deg, datatype: float64}
# - {name: y, unit: deg, datatype: float64}
# - {name: pmx, unit: mas / yr, datatype: float64}
# - {name: pmy, unit: mas / yr, datatype: float64}
# - {name: pmx_e, unit: mas / yr, datatype: float64}
# - {name: pmy_e, unit: mas / yr, datatype: float64}
# - {name: pm_corr, datatype: float64}
# - {name: g_mag, unit: mag, datatype: float64}
# - {name: bp_rp, unit: mag, datatype: float64}
# - {name: filter, datatype: int64}
# - {name: memberprob, datatype: float64}
# - {name: r, unit: deg, datatype: float64}
# - {name: pm, unit: mas / yr, datatype: float64}
# - {name: member_prob_GMM, datatype: float64}
# - {name: member_prob_DB, datatype: float64}
# meta: !!omap
# - comments: [deg deg mas/yr mas/yr mas/yr mas/yr dimless mag   mag   zeroone float]
# - __serialized_columns__:
#     bp_rp:
#       __class__: astropy.units.quantity.Quantity
#       unit: &id001 !astropy.units.Unit {unit: mag}
#       value: !astropy.table.SerializedColumn {name: bp_rp}
#     g_mag:
#       __class__: astropy.units.quantity.Quantity
#       unit: *id001
#       value: !astropy.table.SerializedColumn {name: g_mag}
#     pm:
#       __class__: astropy.units.quantity.Quantity
#       unit: !astropy.units.Unit {unit: mas / yr}
#       value: !astropy.table.SerializedColumn {name: pm}
#     pmx:
#       __class__: astropy.units.quantity.Quantity
#       unit: !astropy.units.Unit {unit: mas / yr}
#       value: !astropy.table.SerializedColumn {name: pmx}
#     pmx_e:
#       __class__: astropy.units.quantity.Quantity
#       unit: !astropy.units.Unit {unit: mas / yr}
#       value: !astropy.table.SerializedColumn {name: pmx_e}
#     pmy:
#       __class__: astropy.units.quantity.Quantity
#       unit: !astropy.units.Unit {unit: mas / yr}
#       value: !astropy.table.SerializedColumn {name: pmy}
#     pmy_e:
#       __class__: astropy.units.quantity.Quantity
#       unit: !astropy.units.Unit {unit: mas / yr}
#       value: !astropy.table.SerializedColumn {name: pmy_e}
#     r:
#       __class__: astropy.units.quantity.Quantity
#       unit: &id002 !astropy.units.Unit {unit: deg}
#       value: !astropy.table.SerializedColumn {name: r}
#     x:
#       __class__: astropy.units.quantity.Quantity
#       unit: *id002
#       value: !astropy.table.SerializedColumn {name: x}
#     y:
#       __class__: astropy.units.quantity.Quantity
#       unit: *id002
#       value: !astropy.table.SerializedColumn {name: y}
# schema: astropy-2.0
x y pmx pmy pmx_e pmy_e pm_corr g_mag bp_rp filter memberprob r pm member_prob_GMM member_prob_DB
[from data line 5323]
0.05776492 -0.007613337 -0.9416493 -2.083814 0.08073978 0.07186707 0.3104157 15.49937 1.926628 1 0.0 0.05826447359139159 2.2866972232428346 0.0 0.0
-0.02238582 0.01668531 7.664038 0.9102121 2.059253 2.20859 0.9465146 19.35712 nan 0 0.0 0.027919966097194673 7.717898971380126 0.0 0.0
0.02196107 0.03325256 -1.391984 0.779864 1.832673 2.079965 0.8531706 19.38811 1.560062 0 0.0 0.039849985471747666 1.5955586215341637 0.0 0.0
0.04754381 0.03132662 -5.886438 -9.057462 0.5393285 0.4773506 0.4315429 18.49716 1.439863 0 0.0 0.05693655231870384 10.80221135736975 0.0 0.0
-0.05239713 -0.02002652 -2.96917 -6.052644 1.282999 1.449581 0.8496742 19.26119 nan 0 0.0 0.05609385648667151 6.741696365132147 1.0 0.0
0.006213332 0.05049653 3.447305 -4.909419 0.5224887 0.4690261 0.6099227 18.37763 1.340242 0 0.0 0.05087735288498335 5.998858781517198 1.0 0.0
-0.0560203 0.003049961 -4.239951 -3.62767 0.2255697 0.2013827 0.4356042 17.18447 1.296618 1 0.0 0.05610326438088537 5.580069364380787 1.0 0.0
-0.08006669 0.02151349 -2.377679 -4.368883 2.614862 2.527219 0.7761268 20.20631 0.978426 0 0.0 0.08290660467982149 4.973981915400377 0.0 0.0
0.07203498 0.002080195 -3.139333 -2.627276 1.144139 1.192846 0.8208242 19.35628 1.414064 0 0.0 0.07206500922665884 4.093652509076094 0.0 0.0
0.02702794 0.01297139 3.53787 -4.425997 0.08564739 0.07431159 0.1728054 15.80409 1.428394 1 0.9995486 0.029979434604003125 5.666213337045209 1.0 1.0
0.02205233 0.046192 -2.296043 -3.31823 0.4366658 0.4043608 0.4305785 18.36254 1.412666 0 0.0 0.0511859953740171 4.035153502749183 0.0 0.0
0.01417893 0.06946107 1.801693 -0.854775 1.261219 1.387915 0.8516258 19.21858 nan 0 0.0 0.0708934573955157 1.9941760120094714 0.0 0.0
-0.007362097 -0.004226267 2.542681 -3.795981 0.5892374 0.4250403 -0.0847347 15.71441 nan 0 0.0 0.00848892248714158 4.5688837170716 0.0 0.0
-0.0009065836 -0.03464745 6.315266 -6.672376 0.6405644 0.5774311 0.4784141 18.76921 1.228207 0 0.0 0.03465930878315794 9.18712066624424 0.0 0.0
-0.04690953 -0.001580782 3.090609 -4.29587 0.4665565 0.4136303 0.360874 18.85316 1.18589 0 0.0 0.04693615745406119 5.292103839474525 1.0 1.0
-0.02138625 -0.05391895 -0.8675038 -3.52796 1.947217 2.253024 0.875842 19.71534 0.4104118 0 0.0 0.05800538645819887 3.633051693083164 0.0 0.0
-0.07070827 -0.01258229 -2.639569 -4.050029 1.96427 1.947448 0.7675225 20.06027 1.047298 0 0.0 0.07181903277012995 4.834258930446527 0.0 0.0
0.0763519 0.01764903 -5.063598 -4.085635 0.5594658 0.4983956 0.478731 18.85915 1.027287 1 0.0 0.07836517653620707 6.506338298830533 0.0 0.0
-0.01580994 0.03067127 2.936048 -3.007602 1.829296 2.089185 0.8715402 19.79667 nan 0 0.0 0.034506245901524846 4.203099766685059 0.0 1.0
0.01411516 -0.02157761 -1.683073 -3.319759 0.6890259 0.5293985 -0.06178876 18.81163 nan 0 0.0 0.02578431684450259 3.722033656673459 0.0 0.0
-0.05423954 -0.003539666 -4.159205 -5.571216 0.3912671 0.3550296 0.4807397 18.11683 1.534941 0 0.0 0.054354916381162396 6.952512779612922 1.0 0.0
0.01493206 0.04037494 1.732709 -2.143372 2.54091 1.947484 0.08291769 20.06883 nan 0 0.0 0.04304767352421266 2.7561429587496 0.0 0.0
0.01420619 -0.007353563 3.107922 -4.392481 0.6231739 0.5625246 0.5576573 18.54559 nan 0 0.0 0.015996584732719324 5.380805561757923 1.0 1.0
-0.006910622 0.05055565 -5.811975 -11.19206 1.469795 1.601405 0.8992502 19.3631 1.259359 0 0.0 0.05102578214343592 12.61115618982752 0.0 0.0
0.02859784 0.02894436 2.156142 3.002136 0.1783808 0.1508331 0.2958703 16.59546 1.13512 0 0.0 0.0406892175947781 3.696183015850271 0.0 0.0
-0.03665448 0.01193679 -3.226502 -6.35981 0.194509 0.1693422 0.2392131 17.31697 1.642954 1 0.0 0.038549161593665046 7.131444341232988 0.0 0.0
0.003376737 -0.01771021 3.680187 -4.844481 0.2469227 0.2042568 -0.06777539 17.09759 1.31129 0 0.0 0.01802925098309048 6.083812333917772 1.0 1.0
-0.06681741 -0.01031565 -1.448245 -7.06372 0.1583436 0.163011 0.5031728 16.66123 1.136227 1 0.0 0.06760901503520518 7.210655574802128 0.0 0.0
0.001265272 -0.002412308 -0.4438378 -5.003274 0.07751353 0.06741038 0.1798427 14.27926 2.061122 0 0.0 0.0027239939649066776 5.02292173060509 0.0 0.0
-0.04576023 -0.02608435 -3.018217 -4.595925 1.591117 1.553651 0.4351506 19.99818 nan 0 0.0 0.05267249723124393 5.49837798488918 1.0 0.0
-0.05438579 -0.03494895 -0.5750375 -2.93383 1.417083 1.450206 0.7406869 19.94379 1.535099 0 0.0 0.06464706690969514 2.989653256701561 0.0 0.0
-0.02214675 0.05517179 -0.6421715 1.399008 1.812157 1.969026 0.8654457 19.64249 0.8551216 0 0.0 0.05945086162005223 1.5393529872892215 0.0 0.0
-0.02470882 0.01843611 7.550405 9.38229 0.4844558 0.4250572 0.4194537 18.32193 1.082661 0 0.0 0.03082881667733129 12.043088528617773 0.0 0.0
-0.005040515 0.08296723 -3.395128 -3.928589 0.5308854 0.4738073 0.5209081 18.76912 1.160122 0 0.0 0.08312020238990113 5.1923699470766715 0.0 0.0
0.003195843 -0.006825925 4.070846 -4.395173 0.5090467 0.4326656 -0.179432 18.18155 nan 0 0.0 0.00753701960898829 5.990770639545884 1.0 0.0
-0.004797568 -0.03942157 -5.06755 -10.52593 2.274187 2.110445 0.509752 20.17945 nan 0 0.0 0.03971242677021292 11.682262853034938 0.0 0.0
-0.06871884 -0.004673103 -3.98898 -2.77665 2.146348 2.064274 0.8312511 20.09941 0.5342426 0 0.0 0.06887754977199907 4.860220845074841 0.0 0.0
-0.06192327 -0.05479417 -3.427826 -1.83648 0.6782054 0.6581124 0.5814196 19.05643 2.154785 0 0.0 0.08268550316398758 3.8887851414903345 0.0 0.0
0.03375402 0.0001324817 0.4367723 -1.218897 1.667351 1.582957 0.7555256 19.43769 1.269674 0 0.0 0.033754279988784164 1.2947895345021483 0.0 0.0
0.01318257 0.04955603 4.742482 -3.394977 1.926502 2.059439 0.6619889 19.98601 0.9049301 0 0.0 0.05127943312055819 5.832409823636624 1.0 0.0
-0.08057159 -0.01538523 1.029862 1.467214 2.072626 2.214062 0.8790544 19.9187 nan 0 0.0 0.08202735164127269 1.7925771003892692 0.0 0.0
0.06133422 0.05232643 0.3521776 -2.093822 1.636183 1.838412 0.8630139 19.4142 1.475616 0 0.0 0.08062221666236485 2.1232332960901306 0.0 0.0
0.02548992 0.02036915 -1.098378 -3.855741 0.1683717 0.1431947 0.2038052 17.1975 1.504147 1 0.0 0.03262879546242705 4.009136177528147 0.0 0.0
-0.04193077 -0.01411147 -1.449933 -7.082293 1.415293 1.554086 0.8082892 19.38163 1.059626 0 0.0 0.044241643938192445 7.229189431902999 0.0 0.0
-0.04612734 0.01562646 3.917957 4.035139 1.812614 1.936751 0.8620425 19.39327 1.537548 0 0.0 0.048702338214989226 5.624298516541418 1.0 0.0
-0.04100154 0.03957859 1.21696 -1.673775 1.723477 1.956668 0.8747167 19.53047 1.141632 0 0.0 0.056987639613864514 2.069423686011398 0.0 0.0
-0.02120746 -0.01572906 1.678928 -4.860504 1.584411 1.783691 0.618617 19.35522 nan 0 0.0 0.026403781701400276 5.142304771520257 1.0 1.0
-0.03414988 0.003695373 3.161397 -4.65008 0.1543232 0.1253775 0.1231255 16.84481 1.465992 1 0.9976628 0.03434923704572678 5.622959629768739 1.0 1.0
0.02530966 0.03142511 3.694682 -4.08569 0.1353648 0.1171537 0.2794223 16.76242 1.53299 1 0.9927425 0.04034992475615909 5.508496878207701 1.0 1.0
-0.03762304 0.04401257 2.879181 -4.227973 0.6628205 0.6486647 0.5637982 19.1014 0.9858208 0 0.0 0.05790163604637178 5.115216409839373 0.0 0.0
-0.06364633 -0.03225056 -1.965074 -5.100198 0.2078939 0.2176631 0.5423957 17.4313 1.190577 1 0.0 0.07135092110675587 5.465668803054206 0.0 0.0
0.005940922 -0.005054985 -8.556365 -18.96317 1.582043 1.469426 0.4990458 18.61428 nan 0 0.0 0.007800476111129948 20.8041630079685 0.0 0.0
-0.01882153 -0.0734491 -1.562898 -5.955289 0.7630578 0.6719837 0.3136445 17.88115 1.37122 0 0.0 0.07582229409844377 6.156956815824275 0.0 0.0
-0.05792283 0.01638967 -2.406527 -9.612002 2.653803 2.503038 0.7808359 20.44968 1.108074 0 0.0 0.06019697266406177 9.908680772420364 0.0 0.0
0.02374383 0.07781858 3.234788 -4.438269 0.08503957 0.07384543 0.2345973 15.80171 1.441136 1 0.9980692 0.08136031499622712 5.492001922915268 0.0 0.0
-0.002052773 -0.03642129 4.014428 -3.905339 0.5605458 0.5064349 0.6530093 18.68112 nan 0 0.0 0.036479093221373105 5.600652182746666 1.0 1.0
-0.03979504 0.04209642 -7.218288 -7.682346 0.8940403 0.8520338 0.8034145 18.70865 1.159042 0 0.0 0.05792886832502427 10.541447799740792 0.0 0.0
-0.02192815 -0.07099356 -0.8405952 -5.082953 1.56684 1.558949 0.5610726 19.93628 nan 0 0.0 0.07430295636040399 5.151991021971218 0.0 0.0
-0.06039913 0.03244247 -2.739354 -6.747253 0.6970742 0.6711224 0.6063832 19.01221 1.284121 0 0.0 0.06856069401966261 7.28213453482734 0.0 0.0
0.04437723 0.04067874 4.830908 -4.30103 2.088715 1.944718 0.7689311 19.51269 0.9386806 0 0.0 0.06020048530087195 6.468116508332545 0.0 0.0
-0.01152708 0.06526786 -3.328085 -5.573642 2.016666 2.093421 0.8344811 19.96139 0.9552174 0 0.0 0.06627795351627869 6.491658872074918 0.0 0.0
0.03432893 0.0193442 -3.973963 -1.014369 0.5598024 0.4759783 0.340506 18.80112 1.309168 0 0.0 0.03940397833448927 4.10138103491129 0.0 0.0
0.0563855 0.04686361 1.557318 0.9326795 1.618831 1.685701 0.8692197 19.223 0.5517616 0 0.0 0.07331795518481199 1.815249405135352 0.0 0.0
0.01839933 -0.004315339 3.813004 -2.970152 0.5471303 0.4763996 0.2160001 18.5029 nan 0 0.0 0.018898610931330932 4.8333013983322 0.0 1.0
-0.03297251 -0.006287584 0.6508234 -6.086949 1.258306 1.422192 0.8618174 19.07298 nan 0 0.0 0.03356665202633643 6.121643506983117 1.0 0.0
-0.08283772 0.001672648 -1.872293 -3.713751 0.7053085 0.7142942 0.6197914 19.12148 1.776876 0 0.0 0.08285460521980842 4.159017620526511 0.0 0.0
0.05544898 0.03834744 0.3555322 -8.491803 1.46072 1.437608 0.7202035 19.78761 nan 0 0.0 0.06741747204986256 8.499242397769688 0.0 0.0
-0.01264179 0.01675919 3.233799 -4.274608 0.09749085 0.07762578 -0.009454205 15.37682 1.614386 0 0.0 0.020992505897586406 5.360012082641698 1.0 1.0
-0.02937739 -0.07514541 -2.916543 -8.036689 0.1798695 0.166294 0.3419482 17.30024 1.222256 1 0.0 0.08068372628529373 8.54953759881609 0.0 0.0
-0.03423524 -0.05228054 -2.104295 -7.269846 0.08947501 0.08044085 0.2575219 16.06803 1.816427 1 0.0 0.06249245170857997 7.568270496668377 0.0 0.0
-0.001208412 0.02625323 2.248867 -5.26662 0.4612796 0.40304 0.4428708 18.6609 nan 0 0.0 0.02628102633069424 5.726664736833212 1.0 1.0
0.05701667 0.03108974 -3.249145 -5.224641 0.1567958 0.1335826 0.1351036 17.11278 1.579784 1 0.0 0.06494207104147895 6.152545555288965 0.0 0.0
-0.01158717 0.05700809 -3.218604 -6.585574 0.2680929 0.2452475 0.3784428 17.94708 1.533825 0 0.0 0.05817374694874828 7.330020233143426 0.0 0.0
-0.02165782 -0.05196298 -4.495607 -11.9445 2.143438 2.093762 0.557547 20.30533 nan 0 0.0 0.05629575878903135 12.76250612334619 0.0 0.0
0.008023224 0.03606169 1.127232 3.477957 1.695765 1.853333 0.8810266 19.7038 1.205816 0 0.0 0.03694343796955389 3.6560684998606083 0.0 0.0
0.05384348 -0.007229375 5.451292 -2.406096 0.5925401 0.5411822 0.5777189 18.91541 1.476479 0 0.0 0.05432664356833602 5.9586812660587904 1.0 0.0
0.02510057 0.06274759 -1.582983 -7.571488 1.498713 1.801616 0.71716 19.34155 1.293377 0 0.0 0.06758179240840687 7.735196552928245 0.0 0.0
-0.01882192 -0.06572053 0.3701329 -6.248162 1.281128 1.315118 0.7283607 19.73915 nan 0 0.0 0.0683626560043369 6.259115491976994 0.0 0.0
-0.06797146 0.03254417 12.07697 11.07371 1.961763 2.06617 0.8691041 19.44349 nan 0 0.0 0.07536074824151164 16.385367177606977 0.0 0.0
0.02482901 0.06240905 5.847743 -2.464317 0.6633352 0.6790241 0.5120508 19.01134 1.493168 0 0.0 0.06716672732449155 6.345782573531653 0.0 0.0
-0.0257054 0.03393324 -3.233475 -4.84197 0.4376921 0.3799469 0.4417956 18.42104 1.284309 0 0.0 0.04257032259752797 5.822373575830135 1.0 0.0
-0.02512998 0.0008531844 -7.463725 -8.04843 0.3452698 0.3120902 0.4610367 18.05804 1.305912 0 0.0 0.025144459000360365 10.976539360860736 0.0 0.0
-0.02519452 0.06358396 -2.798636 -0.7207339 0.4836147 0.4541232 0.7677667 18.17814 1.31496 1 0.0 0.06839359478278649 2.8899516977114357 0.0 0.0
-0.04631281 0.05181456 -11.23377 -14.93515 1.976035 2.143785 0.8755775 19.91202 2.016037 0 0.0 0.0694955034379182 18.6883999832891 0.0 0.0
-0.01834547 0.05897716 -2.59876 -4.107791 1.133764 1.254184 0.8738747 19.16979 1.07683 0 0.0 0.06176456646967175 4.860812734232929 0.0 0.0
-0.0358389 0.000732149 3.498109 -4.436476 0.05506573 0.04857197 0.1734838 14.59437 1.747808 1 0.9995838 0.03584637771614031 5.649697856917395 1.0 1.0
0.02036389 0.06572143 -4.968199 -6.171366 0.6880974 0.6842892 0.474465 19.00295 1.365984 0 0.0 0.06880402878594392 7.9226737664476 0.0 0.0
0.010797 -0.02495351 -1.012852 -4.735832 0.5895431 0.5369194 0.4245566 19.01902 1.370941 0 0.0 0.027189205032882077 4.842930301597164 0.0 0.0
0.0322163 0.008813915 -5.749913 -9.76076 0.4861296 0.4457351 0.5236047 18.70089 0.9072666 0 0.0 0.03340022579739881 11.328456880139015 0.0 0.0
-0.03631919 -0.02363904 -2.432255 -1.80086 0.08082749 0.07012642 0.2295378 15.54192 1.722242 1 0.0 0.04333460250628474 3.0263775581749544 0.0 0.0
-0.02120589 -0.04329215 2.974887 -1.952815 1.343481 1.49514 0.8468775 19.13727 1.570721 0 0.0 0.04820684621829767 3.558572619322809 0.0 0.0
-0.05695585 0.005673378 4.507882 -3.878297 1.380837 1.517441 0.8756777 19.43967 1.169403 0 0.0 0.05723771542569973 5.946611450745122 1.0 0.0
-0.03562795 0.0029075 -2.16608 -3.790589 0.1606879 0.1360171 0.2048812 17.05186 1.539846 1 0.0 0.035746389712144354 4.365829535531708 0.0 0.0
-0.06064019 0.03064571 -2.221644 -4.979638 0.3065766 0.2845575 0.5346486 18.02128 1.399958 1 0.0 0.0679440371529408 5.452751293959775 0.0 0.0
-0.05037397 -0.03591923 -2.860562 -3.700427 0.1240033 0.1109566 0.2939135 16.72109 1.591419 1 0.0 0.06186863451987445 4.67717595758092 0.0 0.0
-0.0221102 -0.05279747 -4.184045 -6.27167 0.5018776 0.4545165 0.3936537 18.46898 1.364326 1 0.0 0.057240141355878044 7.5392358466176805 0.0 0.0
-0.04250262 -0.02538587 0.08914572 -4.457532 1.442184 1.742879 0.8111977 19.25259 0.8546791 0 0.0 0.04950671775144561 4.458423318889573 0.0 0.0
0.0121542 -0.03023977 2.333538 -3.112548 0.3970827 0.3609723 0.4677577 18.32537 1.429701 1 0.0002660066 0.03259092308132588 3.890161262691818 0.0 0.0
0.06091128 0.04885894 -2.510512 -3.140315 0.55745 0.4986088 0.4325268 18.94675 nan 0 0.0 0.07808572244118639 4.020478678138836 0.0 0.0
-0.003470867 0.01013994 -3.558389 -11.41302 0.8829723 0.6853082 0.4083234 17.65923 nan 0 0.0 0.010717523078365121 11.95488008286662 0.0 0.0
-0.03966221 -0.07227389 -3.199226 -4.864681 0.2145285 0.206559 0.4076592 17.53524 1.600126 0 0.0 0.0824415312680217 5.822385098122332 0.0 0.0
0.06401644 0.03512074 -4.429538 -8.855885 1.352557 1.328922 0.488589 20.04981 nan 0 0.0 0.07301760724935595 9.901894062585653 0.0 0.0
-0.04008446 -0.07219383 -3.048432 -5.997861 0.7798673 0.6233917 -0.414282 18.40669 nan 0 0.0 0.08257549893013362 6.7280958847169385 0.0 0.0
-0.0059741 -0.02792505 -5.84166 -4.984029 0.5588273 0.5131524 0.5774398 18.83174 1.2118 0 0.0 0.028556930652864288 7.6789020457641595 0.0 0.0
0.01565606 0.03882996 -3.791028 -4.678362 0.3448653 0.3151971 0.4948807 18.19172 1.520235 0 0.0 0.04186738597435001 6.021541687958989 1.0 0.0
0.03293894 -0.006628997 1.732635 0.2134203 1.816915 1.6987 0.68927 19.5167 nan 0 0.0 0.033599365612308946 1.7457297235474596 0.0 0.0
-1.689405e-06 0.02475692 -2.819044 -3.37776 0.4852704 0.4269487 0.334851 18.88349 1.473568 0 0.0 0.024756920057642254 4.3995763081842325 0.0 0.0
0.02633846 0.07536461 1.358995 -4.765584 1.277126 1.415721 0.8811189 19.23168 nan 0 0.0 0.07983444692376655 4.955568410493492 0.0 0.0
-0.05278604 -0.04276217 20.35793 10.40135 1.841623 1.638896 0.3144283 20.01385 nan 0 0.0 0.06793356462007938 22.861176603740237 0.0 0.0
-0.07077159 0.003217216 -3.24143 -7.555066 0.6000131 0.6051691 0.4816422 19.05159 1.176468 0 0.0 0.07084467820463831 8.221063842913276 0.0 0.0
-0.04802841 0.01982334 0.4653434 0.4911641 0.4363526 0.4061153 0.57062 18.36187 1.246773 0 0.0 0.05195856980213851 0.6765993297752888 0.0 0.0
-0.002234282 0.05247068 -2.198883 -10.68883 1.474541 1.472757 0.6354764 20.06559 0.9590988 1 0.001597127 0.05251822803292133 10.91266114275473 0.0 0.0
