jas1101finalproject/data/gcs/NGC_6402_M_14.ecsv
# %ECSV 0.9
# ---
# datatype:
# - {name: x, unit: deg, datatype: float64}
# - {name: y, unit: deg, datatype: float64}
# - {name: pmx, unit: mas / yr, datatype: float64}
# - {name: pmy, unit: mas / yr, datatype: float64}
# - {name: pmx_e, unit: mas / yr, datatype: float64}
# - {name: pmy_e, unit: mas / yr, datatype: float64}
# - {name: pm_corr, datatype: float64}
# - {name: g_mag, unit: mag, datatype: float64}
# - {name: bp_rp, unit: mag, datatype: float64}
# - {name: filter, datatype: int64}
# - {name: memberprob, datatype: float64}
# - {name: r, unit: deg, datatype: float64}
# - {name: pm, unit: mas / yr, datatype: float64}
# - {name: member_prob_GMM, datatype: float64}
# meta: !!omap
# - comments: [deg deg mas/yr mas/yr mas/yr mas/yr dimless mag   mag   zeroone float]
# - __serialized_columns__:
#     bp_rp:
#       __class__: astropy.units.quantity.Quantity
#       unit: &id001 !astropy.units.Unit {unit: mag}
#       value: !astropy.table.SerializedColumn {name: bp_rp}
#     g_mag:
#       __class__: astropy.units.quantity.Quantity
#       unit: *id001
#       value: !astropy.table.SerializedColumn {name: g_mag}
#     pm:
#       __class__: astropy.units.quantity.Quantity
#       unit: !astropy.units.Unit {unit: mas / yr}
#       value: !astropy.table.SerializedColumn {name: pm}
#     pmx:
#       __class__: astropy.units.quantity.Quantity
#       unit: !astropy.units.Unit {unit: mas / yr}
#       value: !astropy.table.SerializedColumn {name: pmx}
#     pmx_e:
#       __class__: astropy.units.quantity.Quantity
#       unit: !astropy.units.Unit {unit: mas / yr}
#       value: !astropy.table.SerializedColumn {name: pmx_e}
#     pmy:
#       __class__: astropy.units.quantity.Quantity
#       unit: !astropy.units.Unit {unit: mas / yr}
#       value: !astropy.table.SerializedColumn {name: pmy}
#     pmy_e:
#       __class__: astropy.units.quantity.Quantity
#       unit: !astropy.units.Unit {unit: mas / yr}
#       value: !astropy.table.SerializedColumn {name: pmy_e}
#     r:
#       __class__: astropy.units.quantity.Quantity
#       unit: &id002 !astropy.units.Unit {unit: deg}
#       value: !astropy.table.SerializedColumn {name: r}
#     x:
#       __class__: astropy.units.quantity.Quantity
#       unit: *id002
#       value: !astropy.table.SerializedColumn {name: x}
#     y:
#       __class__: astropy.units.quantity.Quantity
#       unit: *id002
#       value: !astropy.table.SerializedColumn {name: y}
# schema: astropy-2.0
x y pmx pmy pmx_e pmy_e pm_corr g_mag bp_rp filter memberprob r pm member_prob_GMM
[from data line 1280]
-0.01514984 0.0567555 -3.262751 -5.586702 0.7463094 0.7392071 0.2396741 19.53313 1.483173 0 0.0 0.05874269684203816 6.469681856537074 1.0
-0.02023632 -0.04649436 -1.739698 -3.676595 2.731304 2.901738 -0.130667 20.72703 1.026148 0 0.0 0.05070733831460689 4.06741932006389 0.0
-0.06390105 0.03608557 -2.954446 -4.801901 0.8583938 0.8079677 0.3073538 19.4731 nan 0 0.0 0.07338605149023485 5.637996486405166 1.0
0.08191902 -0.06079138 -2.468853 -4.677115 0.9957659 0.9307646 0.2133474 19.95085 1.571091 1 0.8156063 0.10201136074018814 5.288727621917581 0.0
0.02933556 0.01304115 -2.265246 -5.43948 0.5082116 0.5123746 0.3284833 18.30643 nan 0 0.0 0.032103686296687174 5.8923070278895 1.0
0.04069901 -0.02389743 -3.85996 -6.736401 1.742123 1.502068 0.4089755 20.2964 1.29248 0 0.0 0.04719636188929185 7.763915869868826 1.0
-0.01265019 -0.03004813 -1.821834 -6.276981 0.7841724 0.7371712 0.2054142 19.48689 nan 0 0.0 0.0326024143819595 6.536020930039698 1.0
0.08868967 0.01885582 -5.688676 -5.33517 1.634502 1.682438 0.2769262 20.54098 0.7118797 0 0.0 0.09067193343356753 7.799043118349584 0.0
-0.0312363 -0.004107874 -0.8214164 -4.01582 1.712594 1.781466 0.4123493 20.14023 nan 0 0.0 0.031505254585384265 4.098967574229998 0.0
-0.02898161 -0.004857872 -6.008069 -6.450579 1.633918 1.693545 0.0569726 20.20793 nan 0 0.0 0.029385925858486817 8.81514960417587 0.0
-0.04515897 -0.03586551 -3.287114 -3.114328 0.5214762 0.5506188 0.343559 18.70202 1.401394 0 0.0 0.0576685995930281 4.528151647259619 1.0
-0.1034197 0.03061083 4.804136 4.023799 1.760795 1.679434 0.3132688 20.39076 1.417439 0 0.0 0.10785479711806471 6.266632357087577 0.0
0.01038241 -0.1233841 -3.887645 -7.352986 1.032071 0.9541616 0.1932988 19.98013 1.436785 1 0.3718385 0.12382015413581951 8.317462759893848 0.0
-0.03230223 -0.01857705 -4.487432 -4.548291 2.030759 2.151422 -0.1696494 20.43814 nan 0 0.0 0.03726312989639222 6.389365929050002 1.0
-0.01112735 0.01919749 -3.855985 -7.303062 1.001589 1.084626 0.4065917 18.53521 1.510902 0 0.0 0.022189221264447296 8.258531037422394 0.0
-0.02002238 -0.07947001 -3.962757 -4.552963 0.4596583 0.476742 0.3526874 18.56355 1.623676 1 0.9629733 0.0819535123729575 6.035968449256341 1.0
0.006422758 -0.004213031 -10.44052 -12.75443 0.587153 0.6741799 0.7717155 16.78421 1.545961 0 0.0 0.007681240168978249 16.48271647803541 0.0
-0.05905352 -0.01279518 -3.842088 -6.918633 1.3953 1.292733 0.6186708 19.86895 1.19998 0 0.0 0.060423793787073646 7.913856379062802 1.0
-0.1089541 -0.07064872 3.328095 -3.423828 1.651066 1.615947 0.1752164 20.43573 0.8363113 0 0.0 0.129854678562031 4.7748104153577655 0.0
0.04069872 -0.03113081 1.065853 -3.04466 2.284693 2.022777 -0.004808784 20.41155 1.130697 0 0.0 0.05123976132745448 3.225832781346392 0.0
-0.07586726 -0.07473862 -2.028552 0.297478 0.7284244 0.6800319 0.2664549 19.48277 1.291498 0 0.0 0.10649742935588634 2.0502478818884313 0.0
0.07680564 0.004838016 2.64102 -8.694513 1.802232 2.000692 0.145174 20.53745 1.334881 0 0.0 0.07695786337097629 9.086778469158858 0.0
-0.02194173 -0.08024848 -2.900874 -4.910698 0.7485292 0.6877166 0.2323476 19.334 1.659622 0 0.0 0.0831940986951797 5.7035098677112845 1.0
-0.03428389 0.0178623 -3.577622 -5.074435 0.6040701 0.6707153 0.3819054 18.77225 1.499392 0 0.0 0.03865807645010419 6.208805822709307 1.0
-0.01783023 -7.27907e-05 -3.096788 0.6934734 1.735368 1.803057 0.3314337 19.26637 nan 0 0.0 0.01783037858091932 3.1734840906252484 0.0
0.0174212 -0.04362399 0.5063707 3.242855 2.637356 2.282747 0.2215985 20.61135 1.274845 0 0.0 0.04697393652825043 3.282151708383312 0.0
0.08204435 -0.0186409 -2.281861 -7.383255 2.239206 2.460609 -0.08892745 20.70016 nan 0 0.0 0.08413535832058065 7.727829191845923 0.0
-0.002352176 -0.0007058758 -2.638645 -4.134579 0.296132 0.2610807 0.2779286 15.63924 1.545489 0 0.0 0.002455807928157583 4.904813038563855 0.0
0.07628718 -0.001708204 0.1425666 -1.833572 1.044355 0.9739576 0.1766875 19.89075 1.596071 0 0.0 0.07630630244781891 1.8391061727424982 0.0
-0.06849799 -0.02276692 -3.284714 -5.351192 0.8353482 0.7966294 0.3465148 19.59685 nan 0 0.0 0.07218245825909851 6.2789013276734975 1.0
-0.04037475 -0.05603313 -3.479615 -4.933761 0.1454083 0.1249062 0.1891972 16.88119 1.411972 1 0.9969856 0.06906397103526121 6.037360197416251 1.0
0.04332006 -0.005020986 -1.065801 -3.755154 1.237162 1.099563 -0.04852545 19.79902 1.503302 0 0.0 0.04361006648488163 3.903474520900194 0.0
-0.06910621 -0.03913368 -3.069655 -6.438661 1.227428 1.164748 0.2856438 20.09245 1.49099 0 0.0 0.0794173354558468 7.132961326962736 1.0
-0.003479352 -0.04743973 -6.502004 -3.618616 2.034287 2.234099 0.1805969 20.59365 nan 0 0.0 0.0475671511950506 7.441131484624634 1.0
-0.01773773 -0.06197363 0.9694918 -10.12409 2.256569 2.512432 0.05509709 20.73126 nan 0 0.0 0.06446206544107783 10.170403761816305 0.0
0.06702259 -0.03392886 -5.403106 -12.23764 3.341949 3.613859 0.3576876 20.89497 1.30143 0 0.0 0.07512120280724811 13.377346045342328 0.0
0.01263831 -0.00592565 -3.819507 -5.964915 0.211294 0.1890993 0.1792723 16.98015 nan 0 0.0 0.01395851738468667 7.082996871400835 1.0
0.02168802 0.02157983 -4.561237 -7.580431 0.8893109 1.039005 0.04939477 19.02659 1.468628 0 0.0 0.030595085787578698 8.846910032091996 0.0
-0.002687202 -0.04869572 -6.994293 -6.185416 0.6650582 0.6840484 0.44291 19.05365 1.343542 0 0.0 0.048769808292705066 9.336996608273187 0.0
-0.01782913 -0.06233341 -6.217331 -8.010789 1.626549 1.776563 0.1709172 20.40782 1.506775 0 0.0 0.06483310789083768 10.140411488992052 0.0
-0.01539254 -0.01350215 -4.582189 -7.551608 0.4210792 0.3636363 0.1629084 17.57016 nan 0 0.0 0.02047531055378892 8.83307644127373 0.0
-0.05782957 -0.1023088 -5.036065 -6.876238 0.309413 0.2977284 0.09254625 18.0614 1.806475 1 0.0 0.11752169894885327 8.523180141054688 0.0
0.005111976 -0.1275578 -2.054565 -7.270171 1.003082 0.9174334 0.2473298 19.93419 1.574368 0 0.0 0.12766019207045154 7.5549072600837395 0.0
0.01748294 0.00240057 -3.14045 -4.682379 0.2372301 0.2147183 0.3189886 16.49078 1.703471 0 0.0 0.017646980687032555 5.638004904409095 1.0
-0.05698204 -0.006347272 2.711241 -8.612641 2.076408 2.297034 0.1857158 20.6483 0.9449329 0 0.0 0.05733446384508696 9.029308542461155 0.0
0.02095682 0.02452622 -3.654301 -4.867811 0.08284132 0.07967192 0.3323793 14.58031 2.075122 0 0.0 0.03226025064999961 6.086830023117288 1.0
-0.008049838 0.003576808 -0.9835433 -3.963631 1.682673 1.919779 -0.1590582 18.56092 nan 0 0.0 0.008808714281613861 4.083837426629014 0.0
0.008524857 -0.03094764 -3.499811 -5.577113 0.2877523 0.2404716 0.05789304 17.55265 1.643171 0 0.0 0.03210030542596205 6.5842893656407595 1.0
0.01458839 0.0009982376 -0.492753 -8.923082 1.061485 1.23542 0.3526621 18.32924 nan 0 0.0 0.014622503243225962 8.936677117236194 0.0
-0.01386952 0.01521515 -4.218602 -6.235872 0.2690557 0.2213376 0.1878187 16.96376 1.656843 0 0.0 0.02058796674159204 7.528791565370102 1.0
0.01955423 -0.02734743 -11.35157 -11.67467 1.728434 1.64314 0.3763312 20.27701 nan 0 0.0 0.033619188546093734 16.28361326836891 0.0
-0.01091345 -0.0372307 -0.7932597 -1.948736 2.25748 2.08579 0.3406033 20.39033 1.300724 0 0.0 0.038797273272647655 2.104004027881147 0.0
-0.07194054 -0.02713999 -3.377672 -4.973924 0.4122252 0.4288703 0.3781647 18.49111 1.646078 1 0.9850285 0.07688966349706376 6.012369590881785 1.0
0.01199856 0.001741899 -3.516981 -7.609788 0.5200035 0.5256599 0.3763103 17.72833 1.121283 0 0.0 0.012124341392413899 8.38319919596958 0.0
0.02244869 -0.02638428 -3.039566 -7.68091 0.6696933 0.640238 0.4475496 18.59112 nan 0 0.0 0.034642082989256 8.260468503447973 1.0
-0.01539254 -0.01374916 -3.936029 -7.673008 0.8729512 1.040516 0.3450176 17.80903 nan 0 0.0 0.020639033125541516 8.623652129863832 0.0
-0.02693949 -0.03228406 -2.70091 -4.960105 1.853196 1.524925 -0.0592451 20.05448 nan 0 0.0 0.04204755226578237 5.6477921738609504 1.0
-0.02572086 -0.02911449 0.2098705 -3.781281 2.521387 1.61009 0.548241 20.07984 1.120485 0 0.0 0.03884863147010072 3.7871006888820964 0.0
0.04627456 -0.02562144 -0.8266249 -2.865669 1.749216 1.880321 0.05134928 20.45313 1.044508 0 0.0 0.05289416877943352 2.9825102753990658 0.0
-0.006831214 0.02214033 -3.082529 -6.3181 0.6413359 0.5537012 0.357433 18.69697 1.275524 0 0.0 0.023170232998886653 7.029962492491763 1.0
-0.06517749 -0.01497327 -0.934 -2.6782 2.298377 2.558054 0.1113454 20.78022 1.440783 0 0.0 0.06687528704381762 2.836390530233804 0.0
0.00593521 -0.01316541 -11.46475 -12.35052 1.314315 1.031434 0.02433831 19.08583 nan 0 0.0 0.014441424383079394 16.851582621015154 0.0
-0.04043461 -0.08245037 -3.026051 -3.690044 0.8581256 0.79669 0.2492152 19.73135 1.559643 0 0.0 0.09183148261347521 4.772149345581821 0.0
0.01589821 -0.02006773 -3.692575 -4.615247 0.1499474 0.1312516 0.2112736 16.7673 1.733451 0 0.0 0.025602087191418592 5.910635752745554 1.0
0.00422881 -0.05544392 -2.573441 -5.153684 1.093942 1.109509 0.3180323 19.7381 nan 0 0.0 0.05560495570524717 5.760473709022288 1.0
-0.05990964 0.03826973 -2.48547 -4.142931 0.6280669 0.5846513 0.1822812 19.23053 1.404772 0 0.0 0.07108964199658414 4.831297795795763 0.0
0.01373512 -0.009862194 -2.789479 -2.662732 1.315138 1.310429 0.2284271 18.31955 nan 0 0.0 0.016909062419544024 3.8563369659905242 0.0
-0.08708906 0.04300775 -4.669184 -7.023581 1.67702 1.817475 0.22461 20.39811 1.213928 0 0.0 0.09712966041197765 8.433977074276228 0.0
-0.01146214 -0.01396726 -5.000923 -6.356731 0.3309174 0.3142597 0.2592736 17.92402 nan 0 0.0 0.0180683426270148 8.088093709786627 0.0
0.01321687 -0.03150439 -3.82349 -4.82166 2.26734 1.976877 0.0800445 20.37851 nan 0 0.0 0.03416448802293106 6.153655900007735 1.0
-0.02136406 -0.02502122 3.622346 4.750843 2.01266 1.80389 0.3778562 19.9614 nan 0 0.0 0.03290113235090853 5.974269809304313 1.0
-0.03760265 -0.04589643 -0.3772856 -2.766684 2.783984 3.125482 0.08207936 20.58549 1.111414 0 0.0 0.059333309142229715 2.7922902391806192 0.0
0.002735857 -0.08192123 -3.765993 -5.034878 0.2317318 0.2002398 0.185421 17.65644 1.734739 1 0.9948413 0.08196690087003014 6.287503459317776 1.0
-0.000706858 -0.01986996 -2.601527 -4.133172 0.8294712 0.9669547 0.6633225 18.54793 nan 0 0.0 0.019882528979829603 4.883754038986096 0.0
0.04633768 0.02215311 -2.892991 -4.32612 0.8901159 0.745238 -0.02393377 19.55031 1.670748 0 0.0 0.05136088852867033 5.204297376253686 1.0
-0.00049357 -0.04394499 -1.95684 -2.942985 0.6891528 0.7916298 0.8465727 18.26325 1.689587 0 0.0 0.04394776168867989 3.5341736652044986 0.0
-0.0257198 -0.07014059 -4.752457 -3.539838 1.601169 1.672764 0.08461481 20.37129 0.7651958 0 0.0 0.07470749947353413 5.925900826295779 1.0
0.01510696 0.04188081 9.428201 7.089275 2.16557 2.04138 0.1946957 20.2698 nan 0 0.0 0.04452215725565979 11.796134711083372 0.0
-0.1109698 -0.02686505 -2.180567 -5.599838 0.7103147 0.6668884 0.2645701 19.33867 1.519554 0 0.0 0.11417542390349378 6.009414120172864 0.0
-0.007379393 -0.01457924 -2.711644 -3.398147 0.274567 0.2476962 0.02914508 17.12728 1.490379 0 0.0 0.016340430839670322 4.347460893020775 0.0
-0.07005205 -0.01990767 -4.833749 -11.53218 3.516822 3.755191 0.5049722 20.89203 0.7979946 0 0.0 0.0728258541592984 12.504251474894488 0.0
0.05776195 -0.007773536 -3.004026 -6.268383 2.116879 2.295724 0.08910161 20.61555 1.369696 0 0.0 0.05828267950039528 6.951028531330094 1.0
-0.06484395 0.01012936 -0.5741282 -4.313714 2.149586 2.351405 0.01167876 20.71619 1.174635 0 0.0 0.06563034195867107 4.3517527117049335 0.0
-0.02477623 -0.03460405 -5.993563 -7.844728 2.54404 2.277804 -0.4102691 20.40391 nan 0 0.0 0.042559392023563965 9.872312537037763 0.0
0.06836555 0.001125253 -4.671161 -5.236859 1.026298 0.9065927 0.1110065 19.86808 1.470921 0 0.0 0.06837480984336636 7.017438084785786 1.0
0.09428957 -0.04965474 -8.267849 -13.06469 0.5628374 0.5566743 0.5460207 18.78612 nan 0 0.0 0.10656507971775979 15.461030104197489 0.0
0.01510606 -0.01872662 -3.828984 -5.440183 0.2010742 0.1758296 0.1948301 17.52119 1.531818 0 0.0 0.024059911582298053 6.6525716490500875 1.0
-0.009938656 -0.02102634 -0.4890839 -12.34947 1.600154 1.177934 -0.2104133 19.65618 nan 0 0.0 0.02325690987388342 12.3591509555527 0.0
-0.03668982 -0.01347862 -3.9009 -5.184506 0.8051119 0.7803272 0.2708871 19.22577 1.560453 0 0.0 0.03908728807089077 6.488152531656142 1.0
-0.03989085 0.03399826 -3.552522 -5.250023 0.5464882 0.5769812 0.4748453 18.84717 1.541454 0 0.0 0.052413372308506345 6.339018383078961 1.0
0.04657674 -0.07886935 -2.050673 -6.676736 0.7396191 0.6900079 0.2087153 19.49716 1.482761 0 0.0 0.09159567172334128 6.984558924271812 0.0
-0.01137109 0.01804044 -4.273644 -5.267398 0.3058101 0.2635738 0.6324306 17.20623 nan 0 0.0 0.02132508295837791 6.78303138199581 1.0
0.005721694 -0.0546848 -3.886114 -4.426904 0.9954123 0.9315471 0.2262065 19.97661 1.3459 0 0.0 0.054983316863114355 5.890616355375047 1.0
-0.03083996 -0.01240626 -1.831368 -5.753805 1.43161 1.277585 0.007225369 20.06713 nan 0 0.0 0.03324181733884596 6.038226621239799 1.0
-0.02663432 -0.05069854 4.300608 -7.804489 1.494258 1.323548 0.2286459 19.09131 1.997654 0 0.0 0.057268917922325024 8.910963905256548 0.0
-0.03093148 -0.008585604 -5.078871 -7.059179 0.6536156 0.6542484 0.5703632 18.81166 nan 0 0.0 0.03210091978487869 8.69637503726018 0.0
0.04325902 -0.00759805 -5.301291 -2.599562 1.063341 1.059839 0.1219486 19.7801 nan 0 0.0 0.04392121554741968 5.904355075579804 1.0
-0.01414368 0.01064871 -1.659072 -11.07405 1.235787 1.242317 0.5507319 18.81845 nan 0 0.0 0.017704200309714643 11.19763829134001 0.0
0.01471088 0.04354641 -4.154494 -2.417095 1.376177 1.281603 -0.194106 20.02346 0.9173183 0 0.0 0.04596411441834271 4.80647153690324 1.0
0.08688993 -0.005231456 -5.381662 -3.439201 1.380084 1.308331 -0.1066343 20.21426 1.092623 0 0.0 0.08704727489867121 6.3867354259155755 1.0
0.1279901 -0.01874653 -2.420526 -5.99858 1.011673 0.9166828 0.2588442 19.95173 1.078558 0 0.0 0.1293557037205971 6.468532146714276 0.0
-0.006800547 -0.007308183 -3.644067 -12.09277 1.164614 1.427924 0.02522919 18.544 nan 0 0.0 0.009982834179765684 12.629897488633429 0.0
0.03113422 0.04517491 -4.494233 -4.151795 1.077148 0.9849502 -0.1053546 19.57563 1.502651 0 0.0 0.05486448895703395 6.118458300937745 1.0
-0.01274167 -0.02430009 -5.653478 -8.054579 1.658647 1.544808 0.4717839 19.99425 nan 0 0.0 0.027438012471697 9.840632924955843 0.0
-0.09865499 -0.08537643 4.540912 0.2879543 1.568306 1.683447 0.2466438 20.41487 1.921949 0 0.0 0.1304681641299708 4.550032908741703 0.0
-0.008110534 -0.02636523 -12.70195 -9.805122 2.088844 2.073434 0.2954609 20.04737 nan 0 0.0 0.027584526726374264 16.046181827381368 0.0
0.07210823 -0.06771788 -2.87509 -7.120047 0.3991702 0.4208488 0.4214286 18.33362 1.679556 1 5.213541e-06 0.09892071626018131 7.6786204353587495 0.0
-0.04482535 -0.001835541 -2.47908 -4.458416 1.245273 1.321308 0.3417232 19.95528 1.31254 0 0.0 0.04486291579227972 5.101304820872401 1.0
0.00946979 0.0152872 -5.123051 -4.197 0.7846358 0.8842436 0.399399 18.27942 1.269844 0 0.0 0.01798264181048213 6.622723046345891 1.0
0.04450801 -0.01228136 -5.340322 -2.936385 1.579004 1.550973 -0.01515096 20.27538 1.185774 0 0.0 0.04617136296027766 6.09437412142617 1.0
0.01087147 0.02458623 -6.976174 -7.434025 1.143188 1.037362 0.2615942 19.53353 nan 0 0.0 0.026882551321885356 10.194691333184199 0.0
-0.02745807 -0.009327224 -2.976598 -4.71682 0.1414431 0.1244136 0.250113 16.45741 1.759658 0 0.0 0.028999012322337394 5.577501821246139 1.0
0.02890803 -0.02080736 -1.707533 -5.083336 2.004551 2.315151 -0.1191987 20.29384 1.049742 0 0.0 0.03561769825031511 5.362459681432113 1.0
0.001456374 -0.01783577 -3.485496 -7.553214 0.6345436 0.6595564 0.1596214 18.40394 1.648277 0 0.0 0.017895131089790208 8.318637153753732 0.0
-0.04951638 -0.02467841 2.822421 -4.000686 1.033082 0.9508972 0.2409023 19.79247 nan 0 0.0 0.055325363156806306 4.896074833153288 1.0
0.07890723 -0.004788773 3.380139 0.3747466 0.4554315 0.4858869 0.4473995 18.53019 2.006117 0 0.0 0.079052408521932 3.4008491106681813 0.0
