jas1101finalproject/data/gcs/NGC_5694.ecsv
# %ECSV 0.9
# ---
# datatype:
# - {name: x, unit: deg, datatype: float64}
# - {name: y, unit: deg, datatype: float64}
# - {name: pmx, unit: mas / yr, datatype: float64}
# - {name: pmy, unit: mas / yr, datatype: float64}
# - {name: pmx_e, unit: mas / yr, datatype: float64}
# - {name: pmy_e, unit: mas / yr, datatype: float64}
# - {name: pm_corr, datatype: float64}
# - {name: g_mag, unit: mag, datatype: float64}
# - {name: bp_rp, unit: mag, datatype: float64}
# - {name: filter, datatype: int64}
# - {name: memberprob, datatype: float64}
# - {name: r, unit: deg, datatype: float64}
# - {name: pm, unit: mas / yr, datatype: float64}
# - {name: member_prob_GMM, datatype: float64}
# - {name: member_prob_DB, datatype: float64}
# meta: !!omap
# - comments: [deg deg mas/yr mas/yr mas/yr mas/yr dimless mag   mag   zeroone float]
# - __serialized_columns__:
#     bp_rp:
#       __class__: astropy.units.quantity.Quantity
#       unit: &id001 !astropy.units.Unit {unit: mag}
#       value: !astropy.table.SerializedColumn {name: bp_rp}
#     g_mag:
#       __class__: astropy.units.quantity.Quantity
#       unit: *id001
#       value: !astropy.table.SerializedColumn {name: g_mag}
#     pm:
#       __class__: astropy.units.quantity.Quantity
#       unit: !astropy.units.Unit {unit: mas / yr}
#       value: !astropy.table.SerializedColumn {name: pm}
#     pmx:
#       __class__: astropy.units.quantity.Quantity
#       unit: !astropy.units.Unit {unit: mas / yr}
#       value: !astropy.table.SerializedColumn {name: pmx}
#     pmx_e:
#       __class__: astropy.units.quantity.Quantity
#       unit: !astropy.units.Unit {unit: mas / yr}
#       value: !astropy.table.SerializedColumn {name: pmx_e}
#     pmy:
#       __class__: astropy.units.quantity.Quantity
#       unit: !astropy.units.Unit {unit: mas / yr}
#       value: !astropy.table.SerializedColumn {name: pmy}
#     pmy_e:
#       __class__: astropy.units.quantity.Quantity
#       unit: !astropy.units.Unit {unit: mas / yr}
#       value: !astropy.table.SerializedColumn {name: pmy_e}
#     r:
#       __class__: astropy.units.quantity.Quantity
#       unit: &id002 !astropy.units.Unit {unit: deg}
#       value: !astropy.table.SerializedColumn {name: r}
#     x:
#       __class__: astropy.units.quantity.Quantity
#       unit: *id002
#       value: !astropy.table.SerializedColumn {name: x}
#     y:
#       __class__: astropy.units.quantity.Quantity
#       unit: *id002
#       value: !astropy.table.SerializedColumn {name: y}
# schema: astropy-2.0
x y pmx pmy pmx_e pmy_e pm_corr g_mag bp_rp filter memberprob r pm member_prob_GMM member_prob_DB
[from data line 110]
-0.002087617 -0.006971485 -2.065024 -1.159894 1.467272 1.099893 -0.1298264 19.39561 nan 0 0.0 0.007277344834753539 2.368475925951539 0.0 0.0
0.04832964 0.009236541 -1.250904 -1.247476 0.3720955 0.2983409 -0.239969 17.67899 1.122963 1 0.9717786 0.0492043472893837 1.7666231029260318 0.0 0.0
-0.05689704 -0.02719966 1.425325 -6.903558 1.02439 0.7322285 -0.02621277 19.16425 0.9815121 1 0.0 0.06306421064975919 7.0491605468303105 0.0 0.0
0.03942196 -0.009543623 -6.364087 -1.544956 1.740386 0.9804642 0.1843284 19.91773 1.327757 0 0.0 0.0405607158493009 6.5489306291565645 0.0 0.0
-0.003452228 -0.02078644 -1.075215 -1.673718 0.8018012 0.6178314 -0.1666788 18.83846 0.33148 0 0.0 0.021071164325627192 1.9893263281193962 0.0 0.0
0.01489194 -0.01758492 -2.97485 -1.538141 1.841479 1.242577 0.02912523 19.93832 -0.01836777 0 0.0 0.023043421802544862 3.3489715224798493 0.0 0.0
0.003699703 -0.01914804 -8.89003 -0.2992013 0.2752643 0.2359125 -0.2867038 17.14428 1.293079 1 0.0 0.019502185470603263 8.895063508419806 0.0 0.0
0.006417205 0.005651188 -0.02596826 -0.5107726 0.8462728 0.6289446 -0.09446036 18.61292 0.5188522 0 0.0 0.00855081550633441 0.5114323019111988 0.0 0.0
0.05532848 -0.0005837455 -1.176755 -1.205593 0.8147045 0.5541719 -0.02520993 18.5292 0.4514351 1 0.9760538 0.05533155933026983 1.68469783987337 0.0 0.0
-0.007575003 -0.007295965 -0.483632 -1.923091 0.9741836 0.7192639 -0.1153554 19.07048 nan 0 0.0 0.010517213306348503 1.982972240275945 0.0 0.0
-0.003547817 -0.01921861 -0.1211924 -0.5964027 0.4504306 0.3679004 -0.2325875 17.95784 1.178461 1 0.9974643 0.019543335841088874 0.6085916351586259 0.0 0.0
0.0090106 4.150101e-05 -0.6102356 -0.7303378 0.2319232 0.2008771 -0.2977614 16.76774 1.213346 0 0.0 0.009010695572142643 0.9517251649589812 0.0 1.0
0.05715833 0.0006532268 3.107367 0.09698151 1.604417 0.9836325 0.105391 19.5027 1.016104 0 0.0 0.057162062538375386 3.1088800372434573 0.0 0.0
-0.006059967 -0.00465992 -2.089424 -0.4014759 0.6677163 0.5378637 -0.1992274 18.59028 0.8703556 0 0.0 0.007644478690367905 2.1276455414511153 0.0 0.0
-0.00163709 -0.0117532 0.1185221 -1.75845 0.9174873 0.665137 -0.1017432 18.99801 0.2963028 0 0.0 0.011866666503618445 1.762439755194035 0.0 0.0
-0.001896357 -0.01643765 0.2514351 -1.153118 0.5199679 0.4102925 -0.1845483 18.2209 1.126328 1 0.9981367 0.01654667662686224 1.1802121552653193 0.0 0.0
0.005461556 0.005124809 -4.692452 -3.384419 1.100343 0.8554541 -0.1872221 19.22141 nan 0 0.0 0.007489476699183795 5.785619909730071 0.0 0.0
-0.0405943 -0.008998531 -3.105584 -1.357482 2.341835 1.764398 -0.1261556 20.29176 1.844341 0 0.0 0.04157969158913954 3.389308094785719 0.0 0.0
0.01116634 -0.01156872 -1.243302 -0.7081861 0.2950961 0.2502523 -0.2760731 17.23496 1.212938 1 0.9935346 0.016078632760094996 1.4308484949278208 0.0 0.0
-0.07147696 -0.04264208 -3.854344 -1.497945 1.85171 1.285064 0.006253713 19.82867 1.174992 0 0.0 0.08323041990503233 4.135191276514425 0.0 0.0
-0.007547865 -0.004831669 -0.6585754 -0.8848228 0.5092379 0.419178 -0.2380161 18.04338 1.087574 0 0.0 0.008961879902329979 1.1030108543822223 0.0 1.0
-0.0007905969 -0.04247676 -0.4205477 -0.9804533 0.3740542 0.3400518 -0.3160224 17.61557 1.211252 0 0.0 0.042484116838600865 1.0668406823214889 0.0 0.0
-0.01589534 0.04579232 -0.4769105 -0.725735 0.4724546 0.4128248 -0.4260671 18.14927 1.174751 1 0.993888 0.04847265625791514 0.868409416827829 0.0 0.0
-0.04340763 -0.04127953 -2.618465 -6.989693 1.633499 1.204373 -0.03464229 19.83814 1.479219 0 0.0 0.05990176908270573 7.464058359262339 0.0 0.0
0.02051772 -0.004201923 0.3051197 -0.9171924 1.456579 1.045166 -0.08272968 19.60268 0.5583973 0 0.0 0.02094356681409184 0.9666126059315852 0.0 0.0
0.04298781 -0.0009599275 -2.709392 0.9691477 1.565302 1.102441 -0.03002883 19.71169 0.7247143 1 0.7912814 0.042998526363136634 2.877507997222473 0.0 0.0
0.01240853 -0.01097948 -0.6899735 -0.7369665 0.3200183 0.2677116 -0.258521 17.41929 1.04147 0 0.0 0.01656866312746143 1.009545963700762 0.0 0.0
0.006948502 -0.0128692 -0.7190468 -1.321476 0.2504833 0.2122951 -0.2777109 16.89762 1.223755 1 0.9992788 0.014625251747713747 1.5044358142394245 0.0 0.0
-0.005666563 0.04523443 -8.512169 4.428194 0.8200268 0.6774946 -0.3533855 19.03443 1.410538 1 0.0 0.04558797641547461 9.595098914872999 0.0 0.0
0.001693511 -0.006689191 -1.605539 -3.950989 1.261806 1.383893 -0.5216315 18.74808 nan 0 0.0 0.006900235919271311 4.264747303023006 0.0 0.0
-0.006142152 0.0006062656 -0.3284854 -1.72989 0.3670524 0.280657 -0.1896462 17.51213 1.116787 0 0.0 0.00617200041873357 1.760801541944225 0.0 0.0
0.0191249 -0.006959709 -2.228783 0.3655183 2.057888 1.450118 -0.0112514 20.19341 0.970211 0 0.0 0.020351888103433573 2.258556461265445 0.0 0.0
0.008027176 -0.007751852 -1.231101 -0.5577614 0.8825544 0.6839017 -0.1715758 18.92143 1.137594 0 0.0 0.011159156059706308 1.3515574170307971 0.0 0.0
0.02055805 -0.007656139 -0.9641073 -0.4602911 0.2448343 0.2138521 -0.315448 16.8272 1.239305 1 0.9848293 0.021937408328921198 1.0683495601405468 0.0 0.0
0.07551129 0.009446938 0.6194303 -5.520853 0.6922608 0.4682411 -0.02762766 18.55686 1.342518 0 0.0 0.07609993137342466 5.555493834409961 0.0 0.0
-0.03691855 -0.02108606 -2.654586 0.8380076 1.916317 1.156348 0.2367325 19.81078 1.714386 1 0.7626524 0.0425158942094142 2.783717580692007 0.0 0.0
-0.005718918 -0.0003550162 2.52093 -5.202698 1.471582 1.062106 -0.08731965 19.13835 0.5936413 0 0.0 0.005729926665585384 5.781276203755016 0.0 0.0
0.02835261 -0.006440912 -5.794945 -3.619479 0.4147746 0.3355862 -0.2180983 17.85123 0.9167137 1 0.0 0.029075003718036632 6.832423858665825 0.0 0.0
0.009637897 -0.007738625 -0.3737199 -0.9502645 0.5682935 0.4427921 -0.1660302 18.36934 1.07692 0 0.0 0.01236023363344051 1.0211117390453701 0.0 0.0
-0.002933848 -0.01032844 3.264813 -1.032404 1.76931 1.256308 -0.05754752 19.81352 0.9649639 0 0.0 0.010737045073981202 3.424158574626035 0.0 0.0
0.01022501 -0.005995359 -1.034566 -0.5907088 0.6989525 0.5542145 -0.1993298 18.52223 0.5445671 0 0.0 0.011853065385754901 1.1913285419032988 0.0 0.0
0.05828831 -0.00539936 -4.224996 -6.77056 0.7898627 0.524552 -0.01882503 18.94826 1.676477 0 0.0 0.058537852463732394 7.980668763557099 0.0 0.0
0.007905145 0.004155734 -0.1568549 -0.3696898 1.384183 0.8729346 0.1361043 19.25332 nan 0 0.0 0.008930926186559881 0.40158935229665893 0.0 0.0
0.01418376 -0.004855186 0.5612686 -0.2172236 1.20757 0.8561855 -0.05748082 19.43501 0.9398956 0 0.0 0.014991727012996068 0.6018376307135671 0.0 0.0
0.007044483 -0.005798663 1.409919 -1.870509 0.5559527 0.4303297 -0.1649571 18.30148 1.020922 0 0.0 0.009124101781811621 2.342365365531603 0.0 0.0
-0.02851339 0.04342286 -10.38269 -2.791331 0.9114139 0.7676441 -0.3732293 19.1853 1.034847 1 0.0 0.051947648453724064 10.751361792241065 0.0 0.0
-0.00447671 0.0006196942 -0.3139455 -0.7658952 0.2190855 0.2007551 -0.3649425 15.50242 1.425712 0 0.0 0.004519397451609411 0.8277422511587107 0.0 0.0
-0.003015593 -0.01616683 0.03121044 -1.242294 1.115855 0.8178992 -0.098785 19.31692 1.008877 0 0.0 0.016445674002318937 1.2426859917135116 0.0 0.0
0.01436269 0.006897874 -0.3739497 1.256211 1.186861 0.8341921 -0.05397651 19.40094 1.107349 0 0.0 0.015933220947315578 1.3106885421987522 0.0 0.0
-0.008326086 -0.002880505 0.3918169 0.3880643 1.204256 0.9442661 -0.1705349 19.26216 0.3812675 0 0.0 0.00881027906109795 0.5514656689768639 0.0 0.0
-0.003193578 0.003419725 -0.2178727 -1.258949 0.2787883 0.2337563 -0.2661394 17.12696 1.139057 0 0.0 0.004679044722772909 1.2776623568088286 0.0 0.0
-0.003821292 -0.004234484 -0.2091637 -0.8104508 0.450178 0.3763461 -0.2591255 17.52837 0.9961205 0 0.0 0.005703781841508316 0.8370065427571818 0.0 0.0
-0.02291847 0.0641856 -4.434745 -6.946055 0.461667 0.5046869 -0.9368358 16.14071 1.236769 1 0.0 0.06815458542534683 8.241034114602973 0.0 0.0
-0.004176303 -0.001615707 -5.610828 7.597304 0.4929751 0.4201181 -0.2842719 15.53119 1.307539 0 0.0 0.004477947728330245 9.444597339961085 0.0 0.0
-0.01177991 -0.001133677 0.1797665 0.9744835 0.9443399 0.7028605 -0.1220971 19.0406 0.3132496 0 0.0 0.011834335771323585 0.9909258732591958 0.0 0.0
-0.002428918 -0.004863872 -0.3756605 -1.244589 0.1436246 0.1377753 -0.4317633 15.23447 1.548889 0 0.0 0.005436625192443195 1.3000471492146928 0.0 0.0
0.02474884 -0.006831084 0.2509083 -0.3690228 2.691052 1.85569 -0.03067613 20.43894 0.6140118 0 0.0 0.025674282657177708 0.4462429852991865 0.0 0.0
0.003550333 0.00564559 -0.009911851 0.2459438 0.553127 0.4540514 -0.2305473 17.82783 1.030392 0 0.0 0.006669149185540011 0.24614344912811756 0.0 0.0
-0.007616429 -0.000133874 0.3966433 -1.278715 0.500552 0.3864174 -0.1659945 18.1323 1.006365 0 0.0 0.007617605461030192 1.338819613936056 0.0 0.0
-0.001186822 0.004840738 -0.3016741 -1.528586 0.2826937 0.2432528 -0.3006154 17.05647 1.098995 0 0.0 0.00498410381556484 1.5580700953444968 0.0 0.0
0.005310578 -0.01235222 0.7643881 -1.077562 0.6916798 0.5380762 -0.1627377 18.60399 0.2680836 0 0.0 0.01344542961836787 1.3211468621109501 0.0 0.0
-0.02306846 -0.005054993 2.741035 1.022175 2.01086 1.040036 0.2533145 19.61616 0.9078674 0 0.0 0.02361581675491341 2.92542554201094 0.0 0.0
-0.004558769 0.00444774 -0.1084879 -1.222476 0.7805731 0.5967758 -0.09549246 18.59141 nan 0 0.0 0.0063690474878871015 1.227280406028879 0.0 0.0
-0.0004632321 -0.00778972 -1.301479 -0.7648742 0.5216411 0.4042393 -0.1691963 18.21765 1.091557 0 0.0 0.007803481380567932 1.509596015252637 0.0 0.0
0.001720728 -0.01223195 -1.182913 0.07148717 2.352115 1.587624 0.007467567 20.29679 0.8537846 0 0.0 0.012352388661812904 1.1850711291072824 0.0 0.0
0.02641632 -0.05668191 -0.4027446 -0.7571581 0.3129967 0.2794056 -0.3207941 17.55248 1.196791 1 0.9914817 0.06253527711292643 0.8576080697059525 0.0 0.0
-0.05684348 0.002406237 -0.4967878 -1.075893 0.8615227 0.7084349 -0.26484 19.2611 1.132185 1 0.9779654 0.05689438632247095 1.1850501532331195 0.0 0.0
0.0004649613 -0.0122491 0.2212535 -0.5076463 0.6896294 0.5289612 -0.1526309 18.64233 0.438097 0 0.0 0.012257921513066468 0.5537669881510995 0.0 0.0
0.03747802 0.01498363 2.387406 -8.317787 0.6060372 0.4573572 -0.1718464 18.43999 1.246952 1 0.0 0.04036224908373293 8.653628602280374 0.0 0.0
-0.004203822 0.004304702 3.60792 -6.454928 0.874823 0.6484867 -0.05017594 18.45415 0.4660511 0 0.0 0.006016857877371544 7.394807787331866 0.0 0.0
0.001802891 0.004636644 -0.3130174 -1.026765 0.1595984 0.1489289 -0.4012649 15.92101 1.392375 1 0.9998585 0.004974824975877744 1.0734180257140085 0.0 0.0
-0.008297931 -0.01466983 -1.585126 -0.5262038 1.351669 0.9151689 -0.01263089 19.53881 0.8782806 0 0.0 0.016854066901186224 1.6701840841687001 0.0 0.0
-0.002387917 -0.007257593 1.057567 -1.417108 1.008931 0.7770092 -0.1660291 18.88098 nan 0 0.0 0.007640340552131036 1.7682316146797625 0.0 0.0
0.003549987 -0.005552454 -0.4280634 -0.9790448 0.2052867 0.1830247 -0.3347164 16.5215 1.190203 0 0.0 0.006590307513484102 1.0685349759491263 0.0 0.0
0.00555714 0.005573031 -2.694333 -0.6405448 1.120534 0.8723923 -0.1623153 19.07305 0.711525 0 0.0 0.007870227411362457 2.7694273696372758 0.0 0.0
0.002007685 0.005706663 2.13057 -3.077395 1.146886 0.8820091 -0.1351622 19.28187 0.4897194 0 0.0 0.006049529044049131 3.7429518445907104 0.0 0.0
-0.003821523 0.00270445 -0.5091482 -1.106873 0.2223165 0.1945121 -0.3241178 16.48309 1.265164 0 0.0 0.0046816757514835435 1.218359441089632 0.0 0.0
-0.02257944 -0.06211894 0.9797517 -1.897425 1.394485 1.142682 -0.1106533 19.77755 1.147921 1 0.8708629 0.06609533884803981 2.1354472656279504 0.0 0.0
-0.00788965 0.002770999 -0.3164095 -1.97107 0.8057724 0.622974 -0.1601899 18.65813 1.05163 0 0.0 0.0083621177090795 1.996304565087765 0.0 0.0
-0.042592 0.003911589 -9.540771 -3.185024 1.236121 1.048162 -0.3170746 19.66657 1.958635 0 0.0 0.04277124024978608 10.058364139114122 0.0 0.0
0.009816726 0.008351753 -0.6857562 -1.16882 1.536252 0.9739876 0.01344573 19.49676 nan 0 0.0 0.012888750425548825 1.3551390180488643 0.0 0.0
-0.0003540711 0.005264175 2.032029 -0.1490208 1.400686 0.8000912 0.1294619 18.95135 nan 0 0.0 0.005276069064604842 2.037485964534146 0.0 0.0
0.006225769 -8.229173e-05 2.52647 -2.017718 1.164212 0.9186316 -0.1833917 19.01811 nan 0 0.0 0.006226312839087624 3.233301190489992 0.0 0.0
-0.0008182001 0.001125226 -11.06431 -8.623738 0.579318 0.4788381 -0.1843637 15.76739 0.9609184 0 0.0 0.0013912530160671746 14.028107957552367 0.0 0.0
-0.01195698 -0.004858747 0.6581788 -5.775761 0.3724002 0.3066009 -0.2428162 17.58688 0.6879463 0 0.0 0.012906463230893622 5.8131415312110235 0.0 0.0
-0.008285419 0.001071524 4.797488 0.1137763 2.182995 1.59632 -0.1044915 20.22213 nan 0 0.0 0.008354419889384122 4.7988369587417425 0.0 0.0
0.01200097 0.007455091 -1.736561 0.2262262 1.360266 0.9580953 -0.03816248 19.43855 0.3078365 0 0.0 0.014128045256127295 1.7512345360594737 0.0 0.0
-0.005090843 -0.00320838 -0.8152914 -1.029324 0.2550928 0.1824225 -0.2008379 16.40263 1.2781 0 0.0 0.006017506516411013 1.3130909960432902 0.0 0.0
-0.01579258 -0.006270649 -0.3495807 -1.122893 0.1542968 0.1659029 -0.5945924 15.48501 1.559434 1 0.9998712 0.016991957566378307 1.1760507451898026 0.0 0.0
0.006485218 0.001296707 -0.1614956 -0.4653671 0.8349032 0.6917266 -0.2527792 18.81788 nan 0 0.0 0.0066135846219257674 0.4925924954582337 0.0 0.0
-0.007506979 -0.003830308 -0.1260257 -1.437068 0.2281929 0.2088375 -0.3713084 16.68622 1.353655 1 0.9993067 0.008427692037640258 1.4425834165428666 0.0 0.0
0.005775401 0.002259956 -1.644257 0.6532913 0.8530043 0.6472829 -0.139226 18.86148 nan 0 0.0 0.006201826975394993 1.7692853372773683 0.0 0.0
-0.007261353 -0.002476075 2.287141 -0.2511338 0.7831607 0.6500457 -0.2532827 18.22771 0.8863792 0 0.0 0.007671909462202614 2.300887250471748 0.0 0.0
0.06278232 -0.04971516 -1.206747 -2.697654 0.3007395 0.2647062 -0.4365514 17.45576 0.9909 1 0.0 0.08008256263636923 2.9552623277342063 0.0 0.0
-0.0230672 -0.07906773 -3.438005 -3.776647 1.756806 1.695091 -0.3338017 19.96876 0.9228477 1 0.06778497 0.08236383698682875 5.107146066310812 0.0 0.0
-0.01187514 -0.004252202 -1.031062 -1.355543 0.3518976 0.2887646 -0.2342764 17.56427 1.112106 0 0.0 0.012613491660456434 1.7031105873351264 0.0 0.0
0.01150911 0.003606112 0.8173696 -2.396609 0.7364042 0.5466104 -0.1158349 18.69471 0.3436413 0 0.0 0.012060831511493888 2.532158715776948 0.0 0.0
-0.01505568 -0.004626415 -0.9574314 -0.9098643 0.4500724 0.3581414 -0.1853586 17.98228 1.114532 0 0.0 0.015750467168139014 1.3208057881916062 0.0 0.0
0.002526431 0.004752978 -4.234885 3.184509 0.9238806 0.777514 -0.2627545 17.7834 nan 0 0.0 0.005382718037037143 5.298617605971014 0.0 0.0
0.04156352 -0.05124474 -7.708615 0.01867914 0.584646 0.4939464 -0.2499865 18.39312 1.202848 1 0.0 0.0659814335435204 7.708637631157411 0.0 0.0
0.005693378 -5.937589e-05 -0.4751061 -2.136712 0.5951978 0.4704141 -0.1866346 18.27114 nan 0 0.0 0.0056936876053395565 2.188895606738981 0.0 0.0
0.009052117 0.007188333 -1.215389 -0.6250154 0.9764993 0.7085752 -0.09001239 19.10012 0.8834515 0 0.0 0.01155910695082358 1.3666801643245432 0.0 0.0
0.04543897 0.01831098 -1.654637 -5.382516 2.473452 2.060747 -0.2377838 20.00125 0.7218838 0 0.0 0.048989713034690255 5.631101321413512 0.0 0.0
0.02225265 -0.06773983 3.607435 -7.653705 1.052995 0.8701428 -0.2347138 19.2636 1.489735 0 0.0 0.07130122720158048 8.461252124021007 0.0 0.0
-0.07952995 -0.02032377 -8.322371 -3.459732 0.9559268 0.7996333 -0.2901944 19.3125 1.64765 0 0.0 0.0820857391634832 9.012857736226897 0.0 0.0
-0.01107026 0.0009682922 0.6401084 0.6644962 0.9847959 0.7677235 -0.1702011 19.06471 0.3612347 0 0.0 0.011112526546748082 0.9226559291333905 0.0 0.0
-0.004914033 0.01195886 -1.747741 -0.3749376 0.480513 0.388014 -0.2167224 17.98062 1.119894 1 0.975428 0.012929116475022142 1.7875057501934812 0.0 0.0
-0.05084071 -0.050476 -1.129133 -12.21125 1.128729 0.8099795 -0.006069764 19.39236 1.090078 1 0.0 0.07164219684867362 12.263342443811517 0.0 0.0
