jas1101finalproject/data/gcs/NGC_6496.ecsv
# %ECSV 0.9
# ---
# datatype:
# - {name: x, unit: deg, datatype: float64}
# - {name: y, unit: deg, datatype: float64}
# - {name: pmx, unit: mas / yr, datatype: float64}
# - {name: pmy, unit: mas / yr, datatype: float64}
# - {name: pmx_e, unit: mas / yr, datatype: float64}
# - {name: pmy_e, unit: mas / yr, datatype: float64}
# - {name: pm_corr, datatype: float64}
# - {name: g_mag, unit: mag, datatype: float64}
# - {name: bp_rp, unit: mag, datatype: float64}
# - {name: filter, datatype: int64}
# - {name: memberprob, datatype: float64}
# - {name: r, unit: deg, datatype: float64}
# - {name: pm, unit: mas / yr, datatype: float64}
# - {name: member_prob_GMM, datatype: float64}
# meta: !!omap
# - comments: [deg deg mas/yr mas/yr mas/yr mas/yr dimless mag   mag   zeroone float]
# - __serialized_columns__:
#     bp_rp:
#       __class__: astropy.units.quantity.Quantity
#       unit: &id001 !astropy.units.Unit {unit: mag}
#       value: !astropy.table.SerializedColumn {name: bp_rp}
#     g_mag:
#       __class__: astropy.units.quantity.Quantity
#       unit: *id001
#       value: !astropy.table.SerializedColumn {name: g_mag}
#     pm:
#       __class__: astropy.units.quantity.Quantity
#       unit: !astropy.units.Unit {unit: mas / yr}
#       value: !astropy.table.SerializedColumn {name: pm}
#     pmx:
#       __class__: astropy.units.quantity.Quantity
#       unit: !astropy.units.Unit {unit: mas / yr}
#       value: !astropy.table.SerializedColumn {name: pmx}
#     pmx_e:
#       __class__: astropy.units.quantity.Quantity
#       unit: !astropy.units.Unit {unit: mas / yr}
#       value: !astropy.table.SerializedColumn {name: pmx_e}
#     pmy:
#       __class__: astropy.units.quantity.Quantity
#       unit: !astropy.units.Unit {unit: mas / yr}
#       value: !astropy.table.SerializedColumn {name: pmy}
#     pmy_e:
#       __class__: astropy.units.quantity.Quantity
#       unit: !astropy.units.Unit {unit: mas / yr}
#       value: !astropy.table.SerializedColumn {name: pmy_e}
#     r:
#       __class__: astropy.units.quantity.Quantity
#       unit: &id002 !astropy.units.Unit {unit: deg}
#       value: !astropy.table.SerializedColumn {name: r}
#     x:
#       __class__: astropy.units.quantity.Quantity
#       unit: *id002
#       value: !astropy.table.SerializedColumn {name: x}
#     y:
#       __class__: astropy.units.quantity.Quantity
#       unit: *id002
#       value: !astropy.table.SerializedColumn {name: y}
# schema: astropy-2.0
x y pmx pmy pmx_e pmy_e pm_corr g_mag bp_rp filter memberprob r pm member_prob_GMM
[from data line 3714]
0.003944113 -0.002055644 -13.22425 -21.42771 1.448137 1.30205 -0.01639885 18.95797 1.314749 0 0.0 0.0044476622636509845 25.179903572226007 0.0
0.04747708 0.02609305 -4.496696 -9.783667 3.875435 3.109054 -0.2402767 20.88194 -0.4217587 1 0.4645267 0.05417490547872603 10.76756308935801 0.0
0.01208369 0.0470918 -0.1907862 -4.034343 0.43844 0.3895422 0.1329186 18.58427 1.097794 0 0.0 0.04861741654238839 4.038851670433001 0.0
-0.004540363 0.06711239 2.471245 -11.31031 0.2286533 0.1933141 0.3441845 17.27577 1.199596 1 0.0 0.06726579953946782 11.577139722147477 0.0
0.01450785 0.03246571 3.494547 -7.823279 4.257808 3.50498 0.4960004 20.79545 0.6968651 0 0.0 0.03555980929963771 8.56828763797353 1.0
0.003660864 0.01153614 -3.532565 -8.925901 1.03298 0.9659577 -0.05982242 19.70256 nan 0 0.0 0.012103076110067886 9.599516870188102 1.0
0.003113496 -0.005553671 -1.802119 -10.29757 0.7990526 0.7392102 0.3853182 19.49274 nan 0 0.0 0.006366876700412613 10.454070058836463 1.0
0.0783048 0.02577398 -1.502641 -9.04069 2.805661 2.260529 0.3545608 20.62153 0.9959755 0 0.0 0.0824374899428676 9.164715252040349 0.0
0.003047956 -0.005233233 9.912237 2.314002 1.383148 1.396832 -0.01147169 19.26181 nan 0 0.0 0.006056134361969276 10.178754717556219 1.0
0.05339966 0.04739687 0.2289066 0.3693828 0.7390876 0.6290485 0.3114237 19.42175 nan 0 0.0 0.07140018889269481 0.4345594141879796 0.0
0.03500376 0.007825578 0.6640011 -1.985574 0.5513651 0.4987736 0.1872935 19.00394 1.127689 1 0.0 0.0358678530884089 2.0936574624988706 0.0
0.005781371 0.01389345 -4.214556 -10.57361 0.7466888 0.6510269 0.1076223 19.22384 1.078983 0 0.0 0.015048328928560175 11.382605620385695 0.0
-0.01606908 0.061251 -1.132661 -1.988666 1.08423 1.014093 0.5376908 19.59266 nan 0 0.0 0.06332377383768595 2.2886051211331764 0.0
0.02542071 0.03613937 -0.8070529 -3.972011 0.4348671 0.3849264 0.2172905 18.51014 1.132513 1 0.0 0.044184460627023615 4.053172309132615 0.0
0.001518522 0.003506298 -2.731748 -7.710436 1.387027 1.095801 -0.1740745 19.45987 nan 0 0.0 0.0038209991794408964 8.180053205548237 0.0
0.03929592 0.05279433 -1.133476 -2.580625 1.202135 1.021071 0.2932412 19.99346 1.521215 0 0.0 0.06581345309885586 2.8185800029804016 0.0
0.07773985 0.02842976 -0.3057684 -9.961916 1.266535 1.013077 0.1636556 20.03332 0.9505291 1 0.1666573 0.08277521085252577 9.966607482262686 0.0
-0.009738555 0.01244335 -1.619071 -5.101023 1.444309 1.279016 0.2778504 20.14329 nan 0 0.0 0.015801152258950135 5.35180591478895 0.0
0.07153958 -0.01778891 -2.708844 -5.068567 0.7121331 0.6322398 0.302404 19.46103 1.111916 0 0.0 0.07371809021918908 5.747017248088351 0.0
0.01311922 -0.01704492 -3.955904 -6.481451 1.685185 1.502389 0.07512208 19.58359 1.138659 0 0.0 0.021509142967928777 7.593311762506331 0.0
0.04395403 -0.0362936 -3.800586 -3.359702 0.5922196 0.4859765 0.3150403 18.55894 1.346302 1 0.0 0.057001597821472516 5.072676953266392 0.0
0.04913567 -0.003739256 2.800839 0.3596489 0.7091579 0.6282838 0.1280739 19.42216 1.071274 0 0.0 0.04927774448757203 2.8238354121995513 0.0
0.0340984 0.02961948 -3.795388 -10.62393 1.155049 1.047921 0.1836993 19.85382 0.8760605 0 0.0 0.045166519436750936 11.281527321929596 0.0
-5.50774e-05 0.005070343 -2.689446 -9.966599 2.195485 2.320941 0.1934474 19.95556 nan 0 0.0 0.005070642134645252 10.323091369048178 1.0
0.01170658 0.0205187 -5.7373 -9.810139 1.022384 0.9618774 0.003976782 19.87332 0.9328136 0 0.0 0.023623316130179522 11.364657429474986 0.0
0.006854061 0.02745077 -3.540517 -7.749071 2.360541 1.898961 0.1024525 20.50826 nan 0 0.0 0.028293513846544775 8.5195869612517 1.0
0.0422464 -0.01155403 1.064671 0.408637 1.263453 1.079891 0.1630039 20.04541 0.8836117 0 0.0 0.04379787577270044 1.1403984110871077 0.0
-0.005583997 -0.002048147 -9.624805 -11.38814 2.424538 2.232807 0.4794743 20.04276 nan 0 0.0 0.005947766692601351 14.910620508470632 0.0
0.006963425 0.02780934 -1.398643 -10.10637 1.402759 1.115657 0.0683847 20.08503 0.7744102 0 0.0 0.028667903288629688 10.202691645754516 1.0
0.01006385 0.002410638 -3.353202 -6.582131 0.8658837 0.737087 0.1550481 18.70879 1.19969 0 0.0 0.010348538659614893 7.3870435326973 0.0
-0.000601654 0.02207245 -5.070713 -5.552868 0.4781623 0.4344545 0.1015143 18.61261 1.211866 0 0.0 0.022080648462810507 7.519738915267803 0.0
0.0245152 0.06720664 -1.323347 -5.297674 0.237898 0.2103745 0.1032099 17.65958 1.217838 1 0.0 0.0715382938790799 5.460457590045453 0.0
0.04799449 0.04393397 1.633336 -3.422503 0.5522631 0.4878753 0.2251166 19.14246 1.131508 1 0.0 0.06506661809500322 3.7922702005401723 0.0
0.0043167 0.01264236 -4.252461 -7.394772 0.8574897 0.7324469 0.1125789 19.65824 0.7571697 0 0.0 0.013359010639250199 8.530303481618049 1.0
-0.02310349 0.03582752 -1.494202 -7.39621 0.6291698 0.5498936 0.2209726 19.22122 1.145866 0 0.0 0.04263076869504584 7.54563198021902 0.0
0.04873614 0.04157206 -5.577847 -5.693268 0.5937974 0.527639 0.304656 18.97448 1.13903 1 0.0 0.0640581572849485 7.970299723048877 0.0
-0.05162916 0.04767311 -2.298748 -2.072924 1.381733 1.145962 0.4298042 19.9704 nan 0 0.0 0.0702730074735506 3.0953604438384876 0.0
-0.01411011 0.01154219 -2.808118 -9.082869 0.9280183 0.842423 0.1363481 19.65822 0.9285183 0 0.0 0.018229573615644444 9.507051907562355 1.0
0.00926026 0.03451907 -4.017287 -6.358056 0.9128284 0.8214758 0.2231478 19.77398 1.192842 0 0.0 0.03573959441477337 7.520869028211102 0.0
0.04136591 0.0413679 -2.475281 -11.098 1.330061 1.198467 -0.1284112 20.10898 nan 0 0.0 0.058501638101322424 11.370691273135552 0.0
0.01865828 0.01933054 -1.740281 -9.639447 0.6688362 0.5677695 0.104645 19.29321 1.065014 0 0.0 0.026866357945393344 9.79528031374141 1.0
0.04552554 -0.009427879 -2.821615 -4.868938 0.342799 0.3041177 0.1065186 18.41935 1.30851 1 0.0 0.046491501317232606 5.627438889589917 0.0
0.04172861 0.05941497 0.8667017 -5.641543 0.7764207 0.6886821 0.02598761 19.19627 1.174572 0 0.0 0.07260451468492163 5.707729781413263 0.0
-0.02767041 0.07514744 -2.632069 -6.018296 0.4442678 0.4003482 0.006816378 18.61369 1.257059 1 0.0 0.08007989340728233 6.568688907565725 0.0
-0.03623559 0.01911252 -1.20638 -3.345499 4.025276 3.04718 0.02053324 20.85948 1.003691 0 0.0 0.040967138091383686 3.556362785684413 0.0
0.01637096 0.04855561 -2.29328 -5.457821 0.6506792 0.5788362 0.425397 18.76371 nan 0 0.0 0.05124115137068741 5.920045880433783 0.0
-0.01517997 0.006861291 -2.908178 -9.207746 0.664395 0.5890544 0.1016777 19.23759 0.9264965 0 0.0 0.016658595480639447 9.656090600248115 1.0
0.04873603 -0.01131491 -1.418385 -7.801825 0.7245889 0.6267759 0.04932348 19.31339 1.283436 0 0.0 0.050032267672663014 7.9297092846364805 0.0
-0.02419648 0.03488485 -4.523937 -4.486505 0.7292928 0.6510526 0.2289877 19.44871 1.196423 0 0.0 0.0424549455766098 6.371399618215294 0.0
0.03925316 0.02147951 -2.900193 -9.405343 0.8346122 0.7448625 0.0624165 19.30068 0.8996601 0 0.0 0.04474572515699908 9.842336937175947 1.0
0.05823092 0.0007728561 0.5937912 -10.48943 0.2147438 0.1723787 0.418241 17.09928 1.1285 1 0.0 0.058236048548967564 10.506223380173175 0.0
0.01635328 -0.01500105 -2.967635 -9.175823 0.6170164 0.5475 0.1134218 19.06425 0.9825115 0 0.0 0.022191468357476936 9.643784797503207 1.0
0.02569896 -0.02765775 -3.167204 -7.724206 0.8420283 0.7270783 0.2796128 19.46584 0.9495087 0 0.0 0.03775430677610304 8.348325551154076 1.0
0.05718621 0.005202747 -2.303396 -10.50869 1.719763 1.503725 0.118291 20.26389 1.244953 0 0.0 0.05742239276197143 10.758168926398023 0.0
0.02343385 -0.01095606 -1.072357 -11.89224 3.371762 2.878587 0.01911823 20.47803 nan 0 0.0 0.0258685248235399 11.940490850591067 0.0
-0.009365045 0.0004538134 2.274026 -9.278776 1.47395 1.279063 0.2296863 19.18446 nan 0 0.0 0.009376034047188852 9.55336999738061 1.0
-0.008753338 0.001903493 -4.005548 -8.014983 0.8326362 0.7553742 0.1166547 19.4296 nan 0 0.0 0.008957913358773514 8.960154422251494 1.0
0.01630968 -0.01464246 -4.468821 -9.421306 1.028071 0.8800816 -0.1651623 19.42795 nan 0 0.0 0.02191819555880456 10.427433427055623 1.0
0.04365603 0.06253018 -1.15498 -1.233842 1.183067 1.027224 0.3030126 20.04224 1.279949 0 0.0 0.07626186705158286 1.6900724485547949 0.0
-0.008427336 0.01462174 -3.334605 -8.564183 1.043376 0.9553507 0.08005814 19.75402 0.8916817 0 0.0 0.01687647097839166 9.190474468900613 1.0
0.0193486 -0.008734416 -1.336843 -4.887745 0.8945912 0.8220223 0.0458318 18.75241 1.154413 0 0.0 0.021228715100567345 5.067267546881061 0.0
0.02010031 0.01694206 -0.4323828 -6.155079 0.4178386 0.341055 0.1468017 18.3835 1.109886 0 0.0 0.026287941325628752 6.170247351766122 0.0
0.01928291 -0.009150197 0.3166736 -4.015198 1.706347 1.533194 0.1956287 20.48439 nan 0 0.0 0.021343774811567635 4.027666464361338 0.0
0.04504161 0.04346328 -1.76442 -5.784867 1.192072 1.176176 0.4583766 19.32528 nan 0 0.0 0.06259235847729737 6.047963636141424 0.0
0.005191607 0.0188755 -3.126146 -9.926919 1.435634 1.199073 0.2177081 20.00289 nan 0 0.0 0.019576447162149953 10.407521782147612 1.0
-0.01679687 0.005109905 -4.699132 -8.486158 0.7887681 0.7096076 0.195342 19.23803 nan 0 0.0 0.017556935122791932 9.700346341981197 1.0
0.01683529 -0.01029385 1.199772 -2.428004 1.118753 1.110951 0.6446346 19.60507 nan 0 0.0 0.01973297588319106 2.708257055007888 0.0
-0.03123525 0.07147592 -3.220508 -8.811748 0.7361336 0.6520438 0.2220096 19.45377 1.323736 0 0.0 0.07800287162924772 9.381821496573465 0.0
-0.01602076 0.04447017 -3.264004 -9.340467 0.9933062 0.8822805 0.2244887 19.87453 1.037327 0 0.0 0.04726796770336652 9.894344136429913 1.0
0.006459131 0.01497294 5.957753 -4.478698 1.892676 1.79533 -0.3968084 19.89028 0.9471512 0 0.0 0.01630672577554308 7.4534258287188315 0.0
-0.016404 0.007063141 -6.948339 -4.745811 0.4567 0.403875 -0.07879154 18.37411 1.070673 0 0.0 0.017859988151896433 8.414400567280001 1.0
0.03903043 0.01528078 -0.9400786 -6.542718 0.5309945 0.4788451 0.1048432 19.00297 1.494225 0 0.0 0.04191511306668873 6.609909727197639 0.0
0.01818041 0.02931756 -2.328243 -9.086711 1.095832 0.9777463 0.3121913 19.92331 1.263517 0 0.0 0.034497052513536575 9.380246919168492 1.0
0.0154678 0.02421809 -2.447117 -9.048382 1.175211 1.126975 -0.1564504 19.84224 0.9236813 0 0.0 0.02873619181603749 9.373451788408206 1.0
0.02211879 0.03639629 -4.735571 -9.227437 2.264256 1.892802 0.2949305 20.46946 0.950367 0 0.0 0.04259026645641231 10.371654944366883 1.0
0.01565792 -0.0007377116 -2.951154 -9.138571 0.2079382 0.1790202 0.2219487 17.35844 1.34112 1 0.9981113 0.01567528874155671 9.60326974804712 1.0
0.02179102 0.0370411 -3.712249 -10.53286 1.097691 0.9301404 0.09522204 19.91716 0.7157459 0 0.0 0.0429754772149234 11.167897403611882 0.0
0.006874468 0.01498052 3.92808 -12.78259 1.463166 1.36499 0.001524359 20.03745 nan 0 0.0 0.016482545002317574 13.372524802538226 0.0
0.05718901 0.008082842 -3.87357 -8.841391 0.7945786 0.7183914 0.1142151 19.54929 0.9698868 1 0.8109692 0.057757382208485385 9.652706323087893 1.0
-0.01940943 0.04054001 -2.201966 -8.534138 0.9642261 0.8512096 0.1171065 19.76697 1.071928 0 0.0 0.04494683952988241 8.813635213020788 0.0
0.02347455 0.03629658 -1.327421 -11.94977 1.980448 1.531929 0.3933862 20.2204 0.815033 0 0.0 0.04322610573945911 12.023271167371258 0.0
-0.004273463 0.007217862 0.3770361 -6.112637 1.245701 1.237038 0.6552236 19.72659 nan 0 0.0 0.008388087855012787 6.1242540210602145 0.0
-0.02587019 0.01199977 -0.9502289 -8.820225 1.621029 1.43365 0.2397003 20.3744 nan 0 0.0 0.028517735020316744 8.871262819521256 1.0
0.04240725 0.06007824 -1.07381 -2.889634 0.6923168 0.6095371 0.04884473 19.33813 1.025572 0 0.0 0.07353753989670922 3.082702153964278 0.0
0.02000845 0.003960676 -4.077257 -10.90999 0.8707316 0.7245234 0.2646526 19.39935 nan 0 0.0 0.02039669154003845 11.646969839582697 0.0
0.04501963 0.04331834 -1.621756 -8.838513 0.6985297 0.622446 0.1550506 19.22164 nan 0 0.0 0.06247596070243738 8.986067247394992 0.0
0.0481288 -0.00573351 3.719381 -11.20808 2.96989 2.418924 0.278941 20.62383 nan 0 0.0 0.04846910899077989 11.809100402213582 0.0
0.01578772 0.07585754 -1.383057 -0.569067 0.1981748 0.1765695 -0.1138565 17.1983 1.179951 1 0.0 0.0774830205764463 1.495554718403175 0.0
0.02820877 0.01318888 -2.088449 -8.744105 0.6301523 0.5413026 0.1311009 19.16531 1.130381 0 0.0 0.03113970553115909 8.99004958143313 1.0
-0.0154125 0.06020976 -2.900728 -9.258248 0.1959751 0.1661532 0.3313137 17.02708 1.53323 1 0.9891372 0.06215110904487224 9.702029630932282 0.0
0.01376612 0.03983207 -3.65007 -9.822402 0.6465037 0.5832771 0.2133617 19.23166 1.024771 1 0.9463224 0.042143799785250735 10.478673201054798 1.0
0.006084733 -0.01189775 -1.495639 -9.932789 0.7982961 0.7889225 -0.1004449 19.44107 nan 0 0.0 0.013363398921823333 10.044761487304813 1.0
0.04459394 0.001086144 1.0808 -7.480226 0.4370367 0.3890009 0.1180934 18.74239 1.151388 1 0.0 0.04460716527097789 7.5579037868364 0.0
0.06593308 -0.04926506 -3.134562 -4.857945 0.1523466 0.1231777 0.1609998 16.6643 1.455076 1 0.0 0.08230563270572677 5.781445196044757 0.0
0.01081933 0.06995733 -11.78546 2.42296 0.2207843 0.1927674 0.1437382 17.52888 1.026205 1 0.0 0.07078902402475824 12.031949242462753 0.0
0.001037813 0.009873038 -4.282186 -10.82428 0.5662774 0.4995694 0.1351372 17.51357 1.186756 0 0.0 0.00992743346350974 11.640539268306947 0.0
0.007073274 0.0321886 -4.392738 -9.702683 1.009336 0.9011963 0.1881993 19.94819 1.09383 0 0.0 0.03295659531928436 10.650737276598884 1.0
0.06940546 0.006597216 -3.372507 -10.15758 1.045693 0.9249883 0.4292209 19.83972 0.9220295 0 0.0 0.06971829843564928 10.702814345836751 0.0
0.05516923 0.04520942 -0.8981345 -5.046993 1.302527 1.181197 0.0937514 19.7984 nan 0 0.0 0.07132696261253034 5.12628363652844 0.0
-0.03239869 0.03853539 -8.419823 -0.2060937 2.127701 1.756535 0.01605804 20.56128 nan 0 0.0 0.05034532149235121 8.422344920775252 0.0
-0.002853495 0.02228982 -2.215134 -9.74666 1.127769 1.038881 0.1289594 19.95269 0.9153652 0 0.0 0.022471726888413025 9.995208841918013 1.0
0.0004475132 -0.008052217 -3.359165 -9.432616 0.2210716 0.1936305 0.08983247 17.65088 1.205122 0 0.0 0.00806464299763252 10.012903380173054 1.0
0.0266332 0.05774146 -3.274782 -4.005479 3.269898 2.648249 -0.2517386 20.7507 0.8617458 0 0.0 0.06358776254258047 5.173785767401372 0.0
0.05777551 0.004374381 3.023623 -1.760951 0.5324894 0.4776699 0.07337415 19.03738 1.285845 1 0.0 0.05794087300769001 3.4990347912717303 0.0
0.001651303 0.06225262 -1.619877 -8.286311 0.9707712 0.8812591 0.5265388 18.99165 1.348873 0 0.0 0.06227451724792581 8.443160041350039 0.0
-0.01394465 0.05125322 0.321041 -4.857189 1.895402 1.506323 0.1845547 20.42819 nan 0 0.0 0.0531163423438672 4.867787208311596 0.0
0.001037519 -0.006785745 -3.172146 -9.386531 0.0915487 0.073032 0.07583822 15.35773 1.614003 1 0.9973781 0.006864603475830632 9.908050991959872 1.0
-0.01170581 0.01225607 -3.763331 -10.20751 1.131619 0.9234022 0.4503271 19.78289 0.7530994 0 0.0 0.016948074805151175 10.879150730441278 0.0
-0.004955434 0.05958215 -4.393883 -6.599359 1.363549 1.145483 0.2904365 20.02696 0.2215252 0 0.0 0.05978786603275665 7.928287774076442 0.0
0.06929236 0.02191337 -1.804767 -16.0962 0.3599455 0.3221346 0.228726 18.56845 1.108543 1 0.0 0.0726748026425012 16.197062646180296 0.0
0.0651536 0.03554421 -1.227971 -3.357204 0.5963006 0.5138902 0.1457531 19.22372 1.355215 1 0.0 0.07421847787097294 3.5747351614430123 0.0
0.0131246 0.007048706 -3.594455 -9.286327 0.7791585 0.6867627 0.1387307 19.18273 1.074165 0 0.0 0.014897630061000844 9.957709370028532 1.0
0.006508697 0.06787896 -1.923747 -3.23482 0.6218651 0.554244 0.2031597 19.05133 1.344038 1 0.0 0.06819029511095702 3.7636236464887136 0.0
-0.06113564 0.04014904 -1.7777 -7.534471 0.8292007 0.74782 0.2638853 19.66626 0.6018696 0 0.0 0.07314035747199489 7.741348108685011 0.0
-0.007885592 0.05006416 1.960145 -2.84488 0.9706661 0.8571062 0.1846792 19.7966 1.280388 0 0.0 0.05068138393627451 3.454780837538758 0.0
0.05572541 -0.03711612 -2.913481 0.7791478 1.447335 1.251341 0.2577216 20.08257 1.452168 0 0.0 0.06695466887023264 3.015865187903106 0.0
