jas1101finalproject/data/gcs/NGC_6352.ecsv
# %ECSV 0.9
# ---
# datatype:
# - {name: x, unit: deg, datatype: float64}
# - {name: y, unit: deg, datatype: float64}
# - {name: pmx, unit: mas / yr, datatype: float64}
# - {name: pmy, unit: mas / yr, datatype: float64}
# - {name: pmx_e, unit: mas / yr, datatype: float64}
# - {name: pmy_e, unit: mas / yr, datatype: float64}
# - {name: pm_corr, datatype: float64}
# - {name: g_mag, unit: mag, datatype: float64}
# - {name: bp_rp, unit: mag, datatype: float64}
# - {name: filter, datatype: int64}
# - {name: memberprob, datatype: float64}
# - {name: r, unit: deg, datatype: float64}
# - {name: pm, unit: mas / yr, datatype: float64}
# - {name: member_prob_GMM, datatype: float64}
# meta: !!omap
# - comments: [deg deg mas/yr mas/yr mas/yr mas/yr dimless mag   mag   zeroone float]
# - __serialized_columns__:
#     bp_rp:
#       __class__: astropy.units.quantity.Quantity
#       unit: &id001 !astropy.units.Unit {unit: mag}
#       value: !astropy.table.SerializedColumn {name: bp_rp}
#     g_mag:
#       __class__: astropy.units.quantity.Quantity
#       unit: *id001
#       value: !astropy.table.SerializedColumn {name: g_mag}
#     pm:
#       __class__: astropy.units.quantity.Quantity
#       unit: !astropy.units.Unit {unit: mas / yr}
#       value: !astropy.table.SerializedColumn {name: pm}
#     pmx:
#       __class__: astropy.units.quantity.Quantity
#       unit: !astropy.units.Unit {unit: mas / yr}
#       value: !astropy.table.SerializedColumn {name: pmx}
#     pmx_e:
#       __class__: astropy.units.quantity.Quantity
#       unit: !astropy.units.Unit {unit: mas / yr}
#       value: !astropy.table.SerializedColumn {name: pmx_e}
#     pmy:
#       __class__: astropy.units.quantity.Quantity
#       unit: !astropy.units.Unit {unit: mas / yr}
#       value: !astropy.table.SerializedColumn {name: pmy}
#     pmy_e:
#       __class__: astropy.units.quantity.Quantity
#       unit: !astropy.units.Unit {unit: mas / yr}
#       value: !astropy.table.SerializedColumn {name: pmy_e}
#     r:
#       __class__: astropy.units.quantity.Quantity
#       unit: &id002 !astropy.units.Unit {unit: deg}
#       value: !astropy.table.SerializedColumn {name: r}
#     x:
#       __class__: astropy.units.quantity.Quantity
#       unit: *id002
#       value: !astropy.table.SerializedColumn {name: x}
#     y:
#       __class__: astropy.units.quantity.Quantity
#       unit: *id002
#       value: !astropy.table.SerializedColumn {name: y}
# schema: astropy-2.0
x y pmx pmy pmx_e pmy_e pm_corr g_mag bp_rp filter memberprob r pm member_prob_GMM
[from data line 3594]
-0.003890569 0.04601565 -1.802229 -4.278292 0.4659477 0.3685534 0.3167286 18.94837 1.134434 1 0.945475 0.046179828627510744 4.642392896524917 1.0
-0.0644172 -0.09960533 -0.4037915 -0.6861181 1.017101 0.8398825 -0.1601925 19.7475 2.015221 0 0.0 0.11862039209279701 0.796119100775669 0.0
-0.1477178 -0.04310435 -11.49918 -3.591499 2.833336 2.194656 0.4754685 20.42267 1.453232 0 0.0 0.15387830719683168 12.04699156384701 0.0
0.03077023 0.1089223 0.02708674 -8.291367 0.5778009 0.5406132 0.1709733 18.23696 1.551582 0 0.0 0.11318513370378153 8.291411244183514 0.0
0.06472723 -0.1439363 -1.297571 -6.788791 2.705959 1.530211 0.6616192 20.55203 0.746294 0 0.0 0.1578203813237153 6.911683857188637 0.0
-0.00356646 0.04924673 -3.249377 -5.354301 1.988501 1.365006 0.9027238 19.3184 nan 0 0.0 0.0493757030595464 6.263145382851176 0.0
0.01246032 -0.06828166 -2.868707 -10.24917 0.3833392 0.2951866 0.4164494 18.32502 1.120094 1 0.0 0.0694092549078147 10.64307124568604 0.0
0.03682499 -0.1057118 -1.301266 -3.484068 1.021062 0.7817449 0.435748 19.89541 1.23719 0 0.0 0.1119422375501763 3.719142781795289 0.0
0.05634251 0.1082824 -0.4911175 -4.05586 3.006597 2.372929 0.6219759 20.32367 1.111692 0 0.0 0.12206373983644815 4.085486107968824 0.0
-0.06343419 0.01969298 -7.937583 -7.718347 0.5101812 0.447369 0.1776658 19.23892 1.248638 0 0.0 0.06642070401792276 11.071499640712544 0.0
-0.07470172 -0.1159311 -0.380405 -2.795889 0.2567744 0.2305219 -0.05357593 17.51873 1.306919 0 0.0 0.137914346310195 2.821649032807943 0.0
-0.03688958 0.07103065 -0.9753122 -6.201183 0.3143165 0.2810161 0.1581387 18.26845 1.345877 1 0.0 0.08003870533684874 6.277412244464899 0.0
0.008540902 -0.04266517 -2.411234 -4.512403 0.3117073 0.2380086 0.2774728 18.01019 1.161013 1 0.9727185 0.04351165060190781 5.116232035117739 1.0
-0.02638749 -0.000503645 -2.852715 -6.868642 0.09150746 0.07334272 0.07763735 15.96179 1.599785 1 0.0 0.026392295974130876 7.437487868587686 0.0
0.007010797 0.01392609 -2.898387 -4.334226 1.45064 1.399483 -0.3067294 19.77677 nan 0 0.0 0.015591255794941888 5.214035118873386 1.0
0.0003861193 -0.01833432 -1.179946 -4.263792 0.6795493 0.5471216 0.2157932 18.88501 nan 0 0.0 0.01833838536993463 4.424047330463361 0.0
-0.05198778 0.0006401015 -1.865862 -4.303864 0.3110798 0.2512561 0.1980002 18.3379 0.9995594 1 0.9649408 0.051991720487580544 4.690915298056447 1.0
-0.01661391 -0.03687265 -3.160633 -4.963342 0.6952471 0.5529883 0.2403888 19.52826 0.9408302 1 0.8088568 0.04044272893253619 5.884247171019671 0.0
0.005519063 -0.104417 -2.26321 -5.293033 3.577388 2.057257 0.5144063 20.56832 1.845737 1 0.2568983 0.10456275601473963 5.756589080626566 0.0
0.07569701 -0.005981481 -4.243378 -4.055181 3.043186 2.123488 0.672188 20.33281 nan 0 0.0 0.07593296673970708 5.869476108959385 0.0
-0.06166645 0.1496656 -4.279526 -3.1501 1.588439 1.484715 0.3821476 20.22836 1.286879 1 0.06139495 0.1618719953511493 5.31389431534689 0.0
-0.02596196 -0.0009497455 -4.081176 -6.005672 0.2882303 0.2319425 0.1209752 17.75127 nan 0 0.0 0.025979326079719048 7.261135841902422 0.0
-0.0450153 0.08614175 -3.311626 -10.88722 0.1967801 0.1574075 0.3807473 17.1636 1.25388 1 0.0 0.09719453856648788 11.379737522995686 0.0
0.07103958 -0.1358003 -3.38781 -9.002422 0.7899962 0.6336047 0.2569063 19.72522 1.016386 1 0.0 0.1532590728363786 9.618776349525131 0.0
-0.07199712 -0.1137795 -10.76046 -4.995417 1.719463 1.327261 0.1160151 20.33686 1.350859 1 0.0005030889 0.13464531149856054 11.863460305302539 0.0
0.02823882 0.009291504 -2.36739 -3.899603 0.6261195 0.5097236 0.1381064 18.27133 1.19451 0 0.0 0.029728151667643518 4.561955608037961 1.0
-0.04330597 -0.03899411 -2.80971 -4.239607 0.4578391 0.389015 0.2017166 18.64933 1.046621 0 0.0 0.0582747599937829 5.086131909275358 1.0
0.04248856 -0.1002002 -5.398085 -9.545466 0.8345306 0.6852461 0.2566431 19.89736 1.42168 0 0.0 0.10883638091609625 10.966095149340124 0.0
-0.01345098 0.09443013 3.15328 1.542637 1.745525 1.171331 0.8251642 19.67909 nan 0 0.0 0.09538332304327261 3.510399360780622 0.0
0.05776177 0.1070029 -1.314643 -2.535837 0.2941222 0.2713247 0.1791952 18.00373 1.489283 1 0.0 0.1215978728512259 2.856353533443996 0.0
-0.005524986 0.1637712 -1.710302 -7.084866 0.2059027 0.2004863 0.01542633 17.64639 1.100384 1 0.0 0.16386436897550424 7.288378363474278 0.0
-0.007135447 -0.08728544 -0.5501745 -4.893738 0.4282324 0.3386324 0.2824852 18.48583 1.097311 0 0.0 0.08757661011870356 4.924567350853702 1.0
0.01362339 0.1212893 -1.175365 -1.784351 0.5547016 0.5536696 -0.02001384 19.13671 nan 0 0.0 0.12205200141571666 2.1366776486934103 0.0
-0.06787604 -0.007057624 -13.49487 -10.19177 2.439898 1.596544 0.9045917 19.56084 nan 0 0.0 0.06824197288038335 16.911052363759033 0.0
-0.04298197 -0.03924179 0.442499 -7.987738 2.611892 2.529 0.7251968 19.83534 nan 0 0.0 0.05820109816390925 7.999985232589183 0.0
-0.06869946 -0.07190862 -2.716926 -6.515996 3.371586 2.601917 0.8434792 20.51045 1.484222 0 0.0 0.09945081917508775 7.059737301167233 0.0
0.06290717 0.04992131 -6.111925 -5.260432 1.344952 1.363274 0.1332191 20.11067 1.362005 0 0.0 0.08030846300063899 8.063979912688833 0.0
-0.001844652 0.08613873 -2.497066 -5.445847 0.3772775 0.3527146 0.2064104 18.49373 1.206375 1 0.2585334 0.08615847925198078 5.9910423263206045 0.0
-0.01894145 0.07239853 -1.803025 -4.157532 0.2946352 0.2557076 0.1659941 18.19838 1.226406 1 0.9233562 0.07483532370654516 4.531663213616938 0.0
0.06870187 0.06254428 -3.919904 -7.307562 1.539449 1.126636 0.1479129 20.18494 1.063351 0 0.0 0.0929071251423447 8.292533373647645 0.0
-0.03747325 -0.1542847 -2.757913 -8.698175 0.6833012 0.5313647 0.1239058 18.99837 1.049089 1 0.0 0.1587703156123729 9.124929174859059 0.0
0.008710384 0.001653947 -2.007724 -4.39184 0.04682717 0.04348292 -0.1762004 13.70911 1.689651 1 0.994772 0.00886602109777915 4.828997229837268 1.0
-0.1150971 0.1087939 -3.853427 -3.623096 0.4782222 0.4159707 -0.309561 18.60558 1.34564 1 0.01165078 0.15837757134651356 5.289208283811954 0.0
-0.02264915 -0.1628132 -4.383374 -5.611205 0.138766 0.1125693 -0.1296382 16.50679 nan 0 0.0 0.16438102715934858 7.120364399095105 0.0
-0.04337342 0.08774153 -4.024643 -5.357041 0.7148636 0.6300329 0.1931059 19.56491 1.177258 0 0.0 0.09787660419751647 6.700420848956429 0.0
-0.05614365 -0.05065676 -0.2714985 -5.078283 0.1902436 0.1486613 0.3364562 17.27923 1.127234 0 0.0 0.07561889161459655 5.085535336972033 1.0
-0.004953064 -0.07556644 -0.09092296 -5.601194 1.917523 1.551362 0.5039466 20.21128 1.012506 0 0.0 0.07572859233645965 5.601931917677254 0.0
0.02439626 -0.02008731 1.713102 -2.205727 1.126557 0.8370048 0.6288826 19.63049 0.8976479 0 0.0 0.03160185951844764 2.7928390682123094 0.0
0.1255881 0.09854188 -2.771424 -8.428874 1.192351 0.8870111 0.4016673 20.03352 0.9513626 0 0.0 0.15963355842536495 8.872807216188798 0.0
-0.04005761 -0.02655171 -6.486042 -4.424359 0.6612433 0.6076354 0.1182404 19.32159 0.9709949 1 1.021211e-06 0.0480583543500628 7.851349781193359 0.0
0.063009 0.05030265 -4.804304 -8.92733 1.657877 1.207649 0.1372284 20.25296 1.580814 0 0.0 0.08062562048147287 10.137976023512582 0.0
-0.006035571 0.01464338 -3.439872 -5.275059 1.302583 0.8542901 0.711676 19.28882 nan 0 0.0 0.015838456210137433 6.297536568362664 0.0
-0.08592779 0.02230735 -6.737122 -5.10431 0.9688464 0.7973745 0.320383 19.95964 0.993475 1 0.0008266373 0.08877613957762863 8.45238388970733 0.0
-0.08659351 0.04441241 -6.163909 -4.854206 0.3755719 0.3239273 0.09690586 18.69272 1.253742 1 0.0 0.09731853952936306 7.845832655028847 0.0
-0.04205947 0.1181152 -2.503022 -4.615188 0.4369891 0.3411372 0.453529 18.45345 0.6946068 0 0.0 0.12538021968285468 5.25024565214124 0.0
-0.04637405 0.08561792 -0.9399497 -2.292146 0.2839186 0.2266608 0.3265315 17.99496 1.287092 1 0.0 0.097370327813605 2.4773854612970685 0.0
0.04426886 0.06423461 -4.205251 -5.842292 0.7787593 0.689918 0.1761793 19.61448 1.028683 0 0.0 0.07801164712753922 7.1983686892423755 0.0
0.03785762 -0.04902241 -3.801715 -9.131613 0.7907369 0.5808477 0.1556576 19.64478 1.386736 0 0.0 0.06193864766260642 9.891379727974961 0.0
-0.1166974 0.04544327 1.459709 -3.020577 1.542048 1.164359 0.5357053 20.23506 0.816721 0 0.0 0.12523327814543905 3.3547929559974334 0.0
0.01284827 0.02623879 -2.872311 -3.753826 0.3503582 0.3177936 0.0914025 18.42404 1.096834 0 0.0 0.029215614706129326 4.726666914327368 1.0
-0.1199037 0.0297383 -2.148419 -1.811304 1.140355 1.092955 0.3126781 20.10894 1.633707 0 0.0 0.12353648756776275 2.8100758672991377 0.0
-0.1073855 -0.09220891 -2.283082 -4.274177 2.079782 1.539467 0.1877473 20.38952 1.080078 0 0.0 0.14154196795875806 4.8457251723609955 0.0
-0.02275313 -0.06612993 -3.033302 -6.056677 0.8501709 0.7143748 0.1794411 19.76301 1.065447 0 0.0 0.06993477365804368 6.773791944364175 0.0
-0.007933298 -0.02743681 0.9039093 -3.070109 1.479193 1.533756 -0.04560901 20.15501 nan 0 0.0 0.028560738088027487 3.2004095510586597 0.0
-0.03115675 0.04880244 -6.624704 -10.38425 2.524311 1.822228 0.8198505 20.20002 0.7295303 0 0.0 0.05790009689556746 12.317440933494101 0.0
0.00877922 0.04847934 -1.024549 -4.938128 3.032819 1.593398 0.344904 20.51247 0.6455841 0 0.0 0.04926785068017479 5.043293447518694 1.0
0.05219156 -0.0009737251 -2.580549 -4.899433 0.3606566 0.2962054 0.2171982 18.64043 0.895195 0 0.0 0.05220064248458988 5.537479287806863 1.0
0.05811805 -0.1485707 -3.93224 -6.794039 0.6104013 0.5058441 0.2268806 19.32941 1.259491 1 4.054496e-05 0.15953357212289987 7.849934862858481 0.0
-0.1062245 -0.05772918 -3.685363 -4.317192 0.526962 0.4372134 -0.1436122 18.88703 1.113832 1 0.1126639 0.12089790165144472 5.676270536772627 0.0
0.01744709 -0.03539664 -1.963619 -3.460212 1.160927 1.000476 0.4114646 20.00402 nan 0 0.0 0.039462932896044356 3.9785508243712306 0.0
-0.0153555 -0.04894195 -1.865121 -4.906224 0.7499096 0.6562698 0.04126912 19.70203 1.012722 1 0.8409147 0.051294306214749605 5.2487817903602165 1.0
0.04934754 0.07365224 -2.277994 -4.472065 0.07992186 0.0714283 0.005395637 15.60054 1.789415 1 0.9839877 0.08865569446498742 5.018826758143879 1.0
-0.06596144 -0.1089419 -3.190406 -5.181044 0.9820958 0.8482337 -0.2253991 19.8068 1.000654 0 0.0 0.1273548159375357 6.084563038934842 0.0
-0.04404819 -0.02322097 -2.522493 -5.819548 0.6681638 0.6709618 -0.08638561 19.47289 0.8761215 0 0.0 0.04979414112139098 6.342721013835702 0.0
-0.04525181 0.03269764 -2.415325 -5.004941 0.5048489 0.4296267 0.1616861 19.0238 1.291485 1 0.8598202 0.05582886323261204 5.557268148029749 0.0
0.06021084 -0.03566584 -2.146646 -4.252817 0.380889 0.3168379 0.243731 18.66715 1.049707 1 0.9453303 0.0699814075052167 4.76387882767866 1.0
-0.0482969 0.05958083 -1.766111 -3.298241 0.4980223 0.4595899 0.1862551 19.04633 1.099838 1 0.4948234 0.07669723497688101 3.7413288760014134 0.0
0.06350719 0.04338599 2.192199 -2.381146 0.8795357 0.756032 0.2335919 19.98758 0.9383774 0 0.0 0.07691233522638745 3.2366020343744766 0.0
0.04879974 -0.03213644 -1.3946 -2.911845 1.166917 0.9128647 0.5259818 20.03391 nan 0 0.0 0.058430859996590846 3.2285833524976555 0.0
-0.005880749 -0.0975468 -0.9910034 -1.785817 0.2010859 0.1516461 0.4063583 16.99402 1.157372 1 0.0 0.09772390392857318 2.04235895383269 0.0
-0.04128743 -0.03264095 -2.544616 -5.772834 0.8076339 0.6040011 0.2236488 19.48361 1.109884 0 0.0 0.05263158265630438 6.308778247728477 0.0
0.008321248 -0.02473225 -2.001198 -4.377914 0.1286951 0.1011182 0.1876588 16.67029 1.345085 1 0.9925072 0.026094584847052158 4.8136186415834805 1.0
-0.04500118 0.001394448 -2.924226 -4.838245 0.3251291 0.2619813 0.2015378 18.37314 1.06716 1 0.7394175 0.04502277964116725 5.653292171743912 1.0
0.04747585 0.06748565 -4.232784 -6.009008 0.8377917 0.745454 0.175504 19.82092 0.8792419 0 0.0 0.08251223720845896 7.3501454090868155 0.0
-0.06728035 0.01716652 0.716081 -6.00836 0.1451757 0.1169435 0.2607857 16.68707 1.072107 1 0.0 0.06943583300452945 6.050881083624185 0.0
0.03783976 0.06303054 -2.958954 -4.623399 0.7016511 0.6178033 0.1432674 19.64528 1.147726 0 0.0 0.07351664035814748 5.489191842823222 0.0
-0.03840023 0.0841292 11.32013 -4.546067 0.3308875 0.282096 0.2112425 18.47312 1.955851 1 0.0 0.09247864594971587 12.198855207985256 0.0
0.02461818 0.1040466 -7.065849 -0.2064926 0.2565219 0.2268641 0.04953833 17.65965 1.121061 1 0.0 0.1069193610066596 7.0688656292686565 0.0
-0.05565755 -0.05112544 -1.690929 -1.833972 1.073495 0.991546 0.1369265 19.34535 nan 0 0.0 0.07557495277667133 2.4945328580367505 0.0
0.006872021 0.03637179 -1.722723 -3.479075 0.7521137 0.5807656 0.02990643 19.54605 1.038002 1 0.7908058 0.037015291170387155 3.882233556904324 0.0
0.07104917 0.05903154 -5.952696 -7.041411 0.8107735 0.7005295 0.00883287 19.78899 1.271267 0 0.0 0.09237265435430823 9.220415312736026 0.0
-0.1465069 -0.02794117 -2.376504 -3.886562 1.114921 0.86367 -0.2234989 19.78057 1.506102 0 0.0 0.14914751331677945 4.555560936027527 0.0
-0.04670668 0.005989622 -3.813032 0.2598686 0.4769979 0.3715842 0.292792 18.70872 1.115963 0 0.0 0.04708916572127058 3.821877120249938 0.0
0.01700603 0.03767403 -2.20902 -5.164301 0.8243113 0.6017468 0.104387 19.67321 0.8587036 1 0.8176357 0.04133446011262031 5.616918566171402 1.0
0.01095568 -0.01145379 -2.145024 -4.297456 0.0535688 0.04342041 0.01771864 14.569 1.541205 1 0.996232 0.015849802195185277 4.803046536575718 1.0
0.05300202 0.01881228 -0.9502046 -9.200668 1.547612 1.40487 0.1625564 19.87481 1.095381 0 0.0 0.056241586062973005 9.24960433900203 0.0
0.05446541 0.04209184 -2.661212 -12.76757 1.319272 1.153924 -0.004085373 20.13895 nan 0 0.0 0.0688346125219987 13.041966608370226 0.0
-0.01433075 0.04823775 -2.564293 -2.801985 1.152061 1.103248 0.442727 19.87332 0.681633 0 0.0 0.05032147573973761 3.798252036144258 0.0
0.01077803 0.01016414 -2.049948 -4.451499 0.140024 0.1090816 0.2564832 16.71082 1.37488 1 0.9931728 0.014814711357988045 4.90082953689526 1.0
0.06294351 -0.03528005 -3.183693 -5.090159 0.5641034 0.4696268 0.2737596 19.36953 1.035187 1 0.6137674 0.0721565477217598 6.003800443346697 0.0
-0.0009911615 0.01229006 -0.5270019 -3.709491 0.4497156 0.3601021 0.2352297 18.78448 nan 0 0.0 0.01232996252722133 3.746739179831525 0.0
0.02895377 0.09111633 -0.9925755 -3.765667 1.434424 1.391106 0.2596718 20.29443 0.7543354 0 0.0 0.09560599557497322 3.894284796736013 0.0
0.0116319 0.112516 -0.1691357 -6.004247 0.6558266 0.7058775 -0.05438643 19.494 1.160971 1 0.01194296 0.11311565476807356 6.006628748476428 0.0
-0.1270396 0.03085394 -1.129007 -1.899905 0.5852293 0.5617701 0.04347233 19.44597 1.334669 0 0.0 0.1307326492567316 2.2100443016089066 0.0
-0.02505118 0.08258112 1.194825 -5.644614 0.3144459 0.2696102 0.1970779 18.45784 1.233 0 0.0 0.08629717840026288 5.769685779106259 0.0
0.04723632 0.07160956 0.344316 -2.584363 0.2652966 0.2273682 0.2327674 17.92233 1.35626 1 0.0 0.08578577394029852 2.6071988078443504 0.0
-0.02921516 0.1275274 -0.9418799 -2.766227 1.042423 0.9946298 0.2598103 20.01045 1.03582 0 0.0 0.13083104877889498 2.92218232859502 0.0
-0.007398176 -0.0879912 1.121784 -3.402051 0.5150725 0.4363599 0.2055298 18.76978 1.418222 0 0.0 0.08830166638046519 3.5822270097324935 0.0
-0.1164441 -0.04734507 0.3206024 -4.276114 3.095728 2.951434 0.2542268 20.43134 nan 0 0.0 0.1257011697563507 4.288115768013004 0.0
-0.04941464 0.08312025 -4.730886 -6.00333 0.09097703 0.0764549 0.1193566 15.93552 1.936502 1 0.0 0.09669944470570709 7.643379712790409 0.0
0.05267575 0.03634879 -1.774625 -3.852947 0.3573368 0.3309283 0.1094062 18.6231 1.189905 1 0.851702 0.06399975915991091 4.241991805205899 0.0
-0.09137546 0.06597619 0.4593955 -3.104345 0.4065036 0.3990798 -0.1303378 18.66085 1.134222 0 0.0 0.11270462429344992 3.1381526579255588 0.0
-0.02590017 -0.002982948 -2.282276 -4.721403 0.3638932 0.2529033 0.1037187 18.17398 1.118122 0 0.0 0.026071378651686298 5.244085242307279 1.0
-0.01896443 0.07965025 -1.161334 -3.049175 1.638654 1.121039 0.4332434 20.20695 0.9801407 0 0.0 0.08187680947794315 3.262846125728426 0.0
