jas1101finalproject/data/gcs/NGC_6304.ecsv
# %ECSV 0.9
# ---
# datatype:
# - {name: x, unit: deg, datatype: float64}
# - {name: y, unit: deg, datatype: float64}
# - {name: pmx, unit: mas / yr, datatype: float64}
# - {name: pmy, unit: mas / yr, datatype: float64}
# - {name: pmx_e, unit: mas / yr, datatype: float64}
# - {name: pmy_e, unit: mas / yr, datatype: float64}
# - {name: pm_corr, datatype: float64}
# - {name: g_mag, unit: mag, datatype: float64}
# - {name: bp_rp, unit: mag, datatype: float64}
# - {name: filter, datatype: int64}
# - {name: memberprob, datatype: float64}
# - {name: r, unit: deg, datatype: float64}
# - {name: pm, unit: mas / yr, datatype: float64}
# - {name: member_prob_GMM, datatype: float64}
# meta: !!omap
# - comments: [deg deg mas/yr mas/yr mas/yr mas/yr dimless mag   mag   zeroone float]
# - __serialized_columns__:
#     bp_rp:
#       __class__: astropy.units.quantity.Quantity
#       unit: &id001 !astropy.units.Unit {unit: mag}
#       value: !astropy.table.SerializedColumn {name: bp_rp}
#     g_mag:
#       __class__: astropy.units.quantity.Quantity
#       unit: *id001
#       value: !astropy.table.SerializedColumn {name: g_mag}
#     pm:
#       __class__: astropy.units.quantity.Quantity
#       unit: !astropy.units.Unit {unit: mas / yr}
#       value: !astropy.table.SerializedColumn {name: pm}
#     pmx:
#       __class__: astropy.units.quantity.Quantity
#       unit: !astropy.units.Unit {unit: mas / yr}
#       value: !astropy.table.SerializedColumn {name: pmx}
#     pmx_e:
#       __class__: astropy.units.quantity.Quantity
#       unit: !astropy.units.Unit {unit: mas / yr}
#       value: !astropy.table.SerializedColumn {name: pmx_e}
#     pmy:
#       __class__: astropy.units.quantity.Quantity
#       unit: !astropy.units.Unit {unit: mas / yr}
#       value: !astropy.table.SerializedColumn {name: pmy}
#     pmy_e:
#       __class__: astropy.units.quantity.Quantity
#       unit: !astropy.units.Unit {unit: mas / yr}
#       value: !astropy.table.SerializedColumn {name: pmy_e}
#     r:
#       __class__: astropy.units.quantity.Quantity
#       unit: &id002 !astropy.units.Unit {unit: deg}
#       value: !astropy.table.SerializedColumn {name: r}
#     x:
#       __class__: astropy.units.quantity.Quantity
#       unit: *id002
#       value: !astropy.table.SerializedColumn {name: x}
#     y:
#       __class__: astropy.units.quantity.Quantity
#       unit: *id002
#       value: !astropy.table.SerializedColumn {name: y}
# schema: astropy-2.0
x y pmx pmy pmx_e pmy_e pm_corr g_mag bp_rp filter memberprob r pm member_prob_GMM
[from data line 7800]
-0.03921662 7.784061e-06 -2.099773 -2.471566 1.127272 0.741299 0.4068273 18.8373 1.217005 0 0.0 0.03921662077252457 3.243098078055149 0.0
-0.0348862 0.001966306 2.9763 -1.830271 1.802467 1.131284 0.5567163 19.59653 1.284903 0 0.0 0.034941569937906855 3.4940311423112704 0.0
-0.04649517 -0.004208625 -3.915365 -6.377942 1.530829 1.05178 0.2686491 19.70877 nan 0 0.0 0.04668525846259744 7.483864458860075 0.0
-0.05491994 -0.0003771583 -8.591481 -4.244989 0.3279766 0.2335142 0.4953843 17.59865 1.797985 0 0.0 0.0549212350369769 9.582978523584513 0.0
-0.0184417 0.02027927 -5.294352 -1.773382 0.3334576 0.2351891 0.5133014 17.39665 1.54398 0 0.0 0.027410674756796847 5.583461902603796 0.0
-0.0284036 0.005071585 -2.970822 -0.6716231 0.8250391 0.5011637 0.4846003 19.13613 1.403318 0 0.0 0.02885282425296049 3.045793975983538 0.0
-0.02609486 0.01698932 -10.64351 -2.777681 1.108134 0.7162675 0.7035823 19.16503 nan 0 0.0 0.031138058906778374 10.999991675354169 0.0
-0.03539645 0.01739849 3.283757 0.1758502 0.9541488 0.6186539 0.6860802 19.09397 1.226088 0 0.0 0.039441299761577335 3.288462152418519 0.0
-0.05525995 -0.01029937 -9.594679 -11.35582 1.879786 1.059673 0.851036 19.38779 nan 0 0.0 0.05621155660893407 14.866489598605348 0.0
-0.03770563 0.009604229 -3.708556 -1.413185 0.3434933 0.2105124 0.2248211 18.05387 1.540237 0 0.0 0.038909584274074954 3.9686873710788815 0.0
-0.02152545 0.02448246 -0.2589223 -3.157719 0.6058998 0.4050803 -0.1958403 18.61598 nan 0 0.0 0.032599629527865805 3.1683165940919307 0.0
-0.05691676 0.006747596 -2.157399 -4.769179 0.5708661 0.3736991 0.2803262 18.78614 1.607899 0 0.0 0.05731533495214711 5.234447323189144 0.0
-0.04861824 -0.009487255 -3.735172 -6.879333 0.3223694 0.2084928 0.2904368 17.01768 1.676636 0 0.0 0.04953525278155574 7.827945604976634 0.0
-0.04282879 -0.003547068 -4.455344 -6.07605 0.3140586 0.2125965 0.5633618 17.39268 1.55764 0 0.0 0.04297542256058367 7.534485633461385 0.0
-0.04376844 0.01891729 -3.75475 -5.068583 0.3601777 0.2168188 0.1533076 18.01567 1.69729 0 0.0 0.04768165476341713 6.307826978475948 0.0
-0.05637756 -0.00717575 -3.899078 -5.826259 0.5176335 0.3306418 0.1579902 18.78314 nan 0 0.0 0.05683239093700088 7.010570817356101 0.0
-0.01926526 0.01867122 -3.990237 -1.309044 0.6078268 0.3693003 0.7490634 18.06468 1.570217 0 0.0 0.0268284307993591 4.1994746707302575 1.0
-0.05643845 0.006751678 0.03590668 -2.819316 1.074531 0.6886828 0.3876714 19.13872 nan 0 0.0 0.05684086377086633 2.8195446436480878 0.0
-0.05627686 0.00287222 -0.08803842 -2.574022 0.4772076 0.3032698 0.2378869 18.63888 1.500463 0 0.0 0.05635010753483972 2.575527134370767 0.0
-0.0570998 0.001475581 -1.142345 -11.06148 1.996908 1.165178 0.5664001 19.7839 nan 0 0.0 0.05711886290296368 11.120309882796656 0.0
-0.05196262 -0.01585183 0.4754111 -3.190627 0.7040406 0.4384236 0.4544934 19.00792 1.358971 0 0.0 0.05432673735476207 3.2258512624007034 0.0
-0.05746616 -0.00847908 -5.856454 -7.230297 2.074202 1.22537 0.899731 19.33773 nan 0 0.0 0.058088332243162226 9.304582105732907 0.0
-0.03207256 0.01128845 -2.084997 -4.534632 1.074527 0.6883636 0.6729979 19.05275 1.061382 0 0.0 0.0340011501034318 4.991001889944844 0.0
-0.05888064 0.002424423 -2.296486 -6.854968 0.3365494 0.2219071 0.3765717 17.97997 1.368887 0 0.0 0.05893053193118597 7.229414514967309 0.0
-0.03164803 0.01338666 -3.765208 -0.7460484 0.3469092 0.239024 0.5285507 17.69077 1.596666 0 0.0 0.03436277737372956 3.8384084590369687 0.0
-0.06089457 -0.006768281 0.5280624 -5.79746 0.8718706 0.550934 0.6125054 19.11901 1.103712 0 0.0 0.06126955429232256 5.8214596408369745 0.0
-0.0606604 0.001502124 2.22672 -3.713289 0.4146342 0.2779002 0.2840377 18.44492 1.499933 0 0.0 0.06067899558060743 4.32975717054906 0.0
-0.03933209 0.02369701 -4.115112 -2.686935 1.680737 1.192835 0.5556838 18.29029 nan 0 0.0 0.045919076501038214 4.914648152896502 0.0
-0.04018253 0.02362611 15.14202 8.612578 1.583042 0.9794413 0.5359704 19.19001 nan 0 0.0 0.04661361164866975 17.420024956540217 0.0
-0.04147246 -0.006602077 -5.288453 -6.760412 0.2814747 0.1876722 0.6399737 17.17969 0.8341265 0 0.0 0.04199467060432228 8.583175725974215 0.0
-0.03775585 0.001740211 -2.764619 -0.2065781 2.065705 1.285566 0.5895369 19.913 nan 0 0.0 0.037795932896900704 2.772326230182987 0.0
-0.0510244 0.02031007 -1.121643 -7.090883 1.694688 1.2708 0.559575 19.83765 1.233566 0 0.0 0.054918014701597684 7.179046227678019 0.0
-0.04845655 -0.01424411 1.73157 -4.043108 1.762048 1.244235 0.5272096 19.32749 1.256468 0 0.0 0.050506751109080456 4.398301600000164 0.0
-0.03462096 0.003364483 -5.411325 -0.5719185 1.168306 0.6788369 0.3277678 19.00965 nan 0 0.0 0.03478405693962234 5.441463867955685 0.0
-0.05210685 0.006324842 -4.066287 -1.12413 0.09169704 0.05836276 0.1312757 15.67468 1.707124 1 0.9918118 0.05248930789453662 4.218810048256381 0.0
-0.06541445 -0.001972206 -6.033361 -5.896386 0.1318723 0.08587588 0.1852876 16.03909 1.898899 0 0.0 0.06544417365441278 8.436161023671668 0.0
-0.04023412 0.0196855 -4.560985 -4.619142 0.08594765 0.05474233 0.1046848 15.29801 2.219273 1 0.0 0.044791777397468834 6.491460312317175 0.0
-0.05178067 -0.007993458 -15.43297 -4.330054 2.255715 1.341967 0.8369056 19.42688 nan 0 0.0 0.05239401832696805 16.028909216282184 0.0
-0.02718606 0.02297811 -3.978174 -3.371267 0.5227131 0.3334057 0.2192225 18.58178 1.335028 0 0.0 0.03559600254938327 5.214528699658771 0.0
-0.04381949 0.01405734 -4.369458 -4.40877 0.5663527 0.3430385 0.2539507 18.69014 1.398304 0 0.0 0.046019088558289595 6.207206789423403 0.0
-0.0350184 4.937474e-05 -3.989153 -1.10889 0.1600201 0.1002056 0.3415476 16.26367 1.733009 1 0.9930159 0.035018434808325595 4.14040803418081 1.0
-0.03257382 -4.899285e-05 -2.829217 -4.78774 0.1947446 0.1215584 0.2028113 16.5463 1.823605 0 0.0 0.03257385684397461 5.561197995098628 0.0
-0.02928298 0.01370399 -1.387592 -3.838357 0.9309378 0.6172759 0.3877356 18.23855 1.447762 0 0.0 0.032330979873806794 4.081469835477533 1.0
-0.05184297 0.009935589 -6.145716 -8.460474 0.667709 0.3937063 -0.01225198 18.57489 1.654634 0 0.0 0.05278645154959577 10.457028519485446 0.0
-0.03106085 0.005099416 -5.314871 -3.177805 0.07775183 0.04797519 0.2542519 14.63592 1.954877 1 0.0 0.03147666510708458 6.192438805887871 0.0
-0.03629409 0.0008233099 -1.395917 -2.31761 1.6769 1.070131 0.4879629 19.4248 1.291479 0 0.0 0.0363034269473219 2.7055314418777323 0.0
-0.05776332 0.0001171729 1.220995 0.2257763 1.646995 1.013064 0.653802 19.64266 nan 0 0.0 0.05776343884249703 1.2416938945113203 0.0
-0.0519255 0.01542108 -15.74115 -8.956421 1.762146 1.319944 0.1092889 19.88892 nan 0 0.0 0.05416703110395105 18.11080562680029 0.0
-0.0307713 0.01414797 -4.211127 -5.26182 0.1683406 0.1014337 0.2439406 16.65938 1.897843 0 0.0 0.03386794884268754 6.739461426740938 0.0
-0.032819 0.01860289 -4.427188 -1.097815 0.9528015 0.6395683 0.5899261 19.06986 1.071215 0 0.0 0.03772471706125972 4.561270805550686 0.0
-0.03887285 0.004329969 -3.541195 -4.379124 1.544113 0.922923 0.7301609 19.62617 0.9654789 0 0.0 0.03911325988285125 5.63176606717653 0.0
-0.05142272 0.01967091 -4.398042 -4.658559 0.8447651 0.5576769 0.6527727 18.93846 nan 0 0.0 0.05505670560818637 6.406632921452969 0.0
-0.03688054 0.006005365 -3.800232 -6.308864 0.1901107 0.1116818 0.2022667 16.95396 1.807107 0 0.0 0.03736627676762598 7.365020585464782 0.0
-0.06294763 0.004855758 -1.991424 -7.315635 0.2579542 0.1858274 0.4374327 17.23358 1.693281 0 0.0 0.06313463794440786 7.5818391568933325 0.0
-0.03730603 0.006894034 -6.291547 -8.232417 0.2663853 0.1599394 0.0765385 16.90838 nan 0 0.0 0.037937680202590876 10.36128627705547 0.0
-0.04036273 0.008945171 6.191359 -4.337849 0.5242705 0.3733584 0.4523995 17.16314 1.375312 0 0.0 0.04134206159920113 7.559752655588806 0.0
-0.06822951 -0.004085496 -2.164745 -6.366835 0.5985261 0.3901377 0.3413089 18.82653 1.530422 0 0.0 0.06835171769901702 6.724783181058703 0.0
-0.04078928 0.0123458 -0.6662576 -2.305816 0.2622538 0.1618573 0.1882339 17.04056 1.744421 0 0.0 0.04261671198671244 2.400143040615238 0.0
-0.06014698 -0.01292666 -4.250578 -6.759921 1.079492 0.666961 0.6585379 19.39887 1.024601 0 0.0 0.06152038476696972 7.985232949659327 0.0
-0.05257842 -0.00668352 -5.134728 -8.989366 1.743352 1.265834 0.2722066 19.34506 1.381153 0 0.0 0.05300150648129542 10.352494033610451 0.0
-0.04854364 0.001188213 -4.467851 -5.784505 1.099262 0.7169112 0.3859437 19.30275 1.484591 0 0.0 0.04855817989363861 7.309048546372229 0.0
-0.06871006 -0.0007117195 -3.645247 -5.651256 0.6306954 0.3884289 0.4366256 18.9613 1.341597 0 0.0 0.06871374600362201 6.724917848460678 0.0
-0.0443989 0.002086566 -2.553116 -1.434835 0.3096972 0.2051799 0.3473759 17.83823 1.33839 0 0.0 0.04444790297508259 2.9286776515487327 0.0
-0.02484482 0.01294987 -1.237818 -1.185545 0.2250838 0.1402201 0.2146533 16.32113 1.872426 0 0.0 0.028017212813720424 1.7139750138636796 0.0
-0.02846067 0.01906388 -4.18516 -0.9139726 0.1760762 0.1222142 0.2830313 16.81498 1.699168 1 0.9896594 0.03425552886036501 4.283796229881944 1.0
-0.04833333 0.005922353 5.971922 1.630003 0.611315 0.3884754 0.2051566 18.63769 1.308422 0 0.0 0.04869481547295881 6.190376576113363 0.0
-0.04658436 0.01642885 -4.483335 -7.073963 0.4488342 0.293883 0.2947226 18.11832 1.463226 0 0.0 0.04939645441660869 8.375037029625242 0.0
-0.04408981 0.02457816 -3.209745 -6.352553 0.3367119 0.2447304 -0.03284655 17.80717 nan 0 0.0 0.05047769106072206 7.117400690057713 0.0
-0.03921719 0.001482164 -1.570859 -5.904616 0.7822596 0.479517 0.4261015 19.15536 1.499256 0 0.0 0.03924518826071542 6.109999026623245 0.0
-0.04484418 -0.0124667 -3.496125 -6.919911 0.5590771 0.3470906 0.37099 18.44758 1.508863 0 0.0 0.04654480732329225 7.752938685656297 0.0
-0.03926951 -0.000640735 -12.58324 -7.199111 1.20001 0.7535698 0.5015947 19.35518 nan 0 0.0 0.03927473687983568 14.497073086934515 0.0
-0.02482228 0.02944653 -1.454741 -1.51383 1.836973 1.23019 0.7927514 19.47999 1.600414 0 0.0 0.038512903207098007 2.099512478167491 0.0
-0.06743571 0.0008703282 1.706782 -7.824076 1.462277 0.9093545 0.5433998 19.23969 1.462288 0 0.0 0.06744132601291151 8.008075302424423 0.0
-0.05374896 -0.003868887 -1.230688 -11.13239 1.928737 1.235634 0.489138 19.6023 1.312799 0 0.0 0.05388802267387781 11.200209822384757 0.0
-0.04342519 0.02416455 -13.92802 -11.41646 1.169213 0.7781802 0.5989809 19.21638 nan 0 0.0 0.04969580066000145 18.009033845600936 0.0
-0.03942671 -0.006368564 -3.441403 -2.898375 1.222668 0.8499829 0.2655393 19.5453 1.312151 0 0.0 0.0399377524260717 4.499314642146513 0.0
-0.04761363 0.001154321 -7.043308 -8.977053 0.2456899 0.1719067 0.4962626 17.32418 1.432888 0 0.0 0.04762762033471692 11.410331640564747 0.0
-0.02537948 0.02561262 -2.380587 -6.838046 0.4849643 0.3064947 0.4389832 18.42772 1.432089 0 0.0 0.03605723655987519 7.240584752814168 0.0
-0.05934976 -0.01325617 0.1394033 0.3551146 1.965743 1.164676 0.874156 19.54452 1.114693 0 0.0 0.06081217028791605 0.3814966044200787 0.0
-0.04939361 0.0005335815 -2.365501 -2.13306 0.3249384 0.2259857 0.5129095 17.80531 1.692286 0 0.0 0.04939649196096057 3.18520642103475 0.0
-0.05191898 0.00268381 -2.463427 -5.743061 0.9263578 0.568373 0.4283447 18.9908 1.243952 0 0.0 0.05198829984098826 6.249097713594339 0.0
-0.02917899 0.02172824 -3.959804 -5.245556 0.8405813 0.5265555 0.6025073 18.97223 1.275532 0 0.0 0.036380350065903705 6.572359201044325 0.0
-0.03988382 0.007436647 0.1426158 1.870818 0.9430835 0.5920896 0.608726 19.20866 1.336203 0 0.0 0.040571206740680134 1.876246054102084 0.0
-0.05157206 -0.0002361643 -4.339348 -1.665608 0.6123547 0.463712 0.4551431 17.40102 1.567883 0 0.0 0.051572600731591915 4.648030881434417 0.0
-0.06419613 0.004221735 -2.878918 -3.977699 0.1800281 0.1176157 0.1994518 14.49697 3.882034 1 0.0 0.06433479737581463 4.910219769554618 0.0
-0.04001497 0.003093563 -4.961257 -0.0007474729 0.781196 0.4862066 0.467821 19.00884 1.312016 0 0.0 0.040134373747896815 4.961257056307881 0.0
-0.05023579 -0.01580518 -2.354584 -2.427552 1.381657 0.9044943 0.5405268 19.33513 nan 0 0.0 0.05266344378937348 3.381874410110464 0.0
-0.03760169 0.01593857 -0.0493104 -2.528098 0.5313824 0.3506791 0.2429584 18.8428 nan 0 0.0 0.040840238790939995 2.528578852468746 0.0
-0.03825859 -0.003901915 -2.590869 -0.3254446 2.408907 1.605773 -0.2086532 19.64091 1.331028 0 0.0 0.03845704941171807 2.6112288989726964 0.0
-0.0644624 0.005083688 -3.297431 -2.831027 0.4691624 0.2838894 0.3655269 18.50924 1.511623 0 0.0 0.06466254632661278 4.346005645933976 0.0
-0.03154386 0.02023026 -4.196798 -2.166403 0.5185938 0.3277387 0.2394821 18.33825 1.458414 0 0.0 0.03747370442546613 4.722966801832615 0.0
-0.02242675 0.01391555 -2.585598 -8.431165 0.6781579 0.422099 0.2562886 18.43185 nan 0 0.0 0.02639321214564457 8.818722145233345 0.0
-0.05619113 -0.007976733 -7.157265 -5.822683 2.117422 1.188321 0.5563586 19.75343 nan 0 0.0 0.05675448317120145 9.226596317099496 0.0
-0.03847473 0.005554638 2.669795 -7.360748 1.313521 0.969816 0.3694019 19.63697 1.136885 0 0.0 0.03887362668807663 7.829969122642119 0.0
-0.05781625 -0.0002528829 0.2854799 -2.502816 2.118722 1.118248 0.7084983 19.83489 nan 0 0.0 0.05781680304049691 2.51904479975248 0.0
-0.04203953 0.01539705 0.01096638 -8.979161 0.4192936 0.2651426 0.259616 17.79294 1.489265 0 0.0 0.04477042808957046 8.979167696697244 0.0
-0.06047781 0.00722428 -4.77557 -3.874939 0.09239675 0.05997104 0.1770477 15.7198 1.790225 1 0.0 0.06090776406924244 6.149896021773133 0.0
-0.02668183 0.02578586 -2.315965 -1.398865 0.5140824 0.335239 0.1650051 18.28812 1.509705 0 0.0 0.03710566840913258 2.7056454256701854 0.0
-0.02314519 0.01793036 -10.14565 -5.025463 1.021773 0.6825645 0.6643403 19.11874 1.616503 0 0.0 0.029277937595836558 11.32207985693746 0.0
-0.05823363 -0.01375143 -9.774026 -8.31653 2.18536 1.476545 0.5647015 19.68748 nan 0 0.0 0.059835252903466536 12.833403893339288 0.0
-0.06629148 -0.001675229 -2.851579 -6.471461 0.3249285 0.2244795 0.5278955 17.74339 1.575201 0 0.0 0.06631264368725501 7.071867523346432 0.0
-0.02511351 0.02484594 -2.17262 -5.27993 0.3229574 0.2317587 0.4750709 17.3831 1.704193 0 0.0 0.035327172530556415 5.709460435916865 0.0
-0.05226437 0.00259208 -5.845015 -4.75243 1.147069 0.9188877 -0.01097967 19.29011 nan 0 0.0 0.05232860833447895 7.53324573176297 0.0
-0.03403743 0.006504177 2.944359 -5.837945 1.928694 1.175278 0.6090635 19.41545 nan 0 0.0 0.03465329651638108 6.538413549471003 0.0
-0.04288961 0.01461277 -1.235675 -8.219395 1.03619 0.6091357 0.4957934 19.03143 1.291456 0 0.0 0.04531061346996971 8.311759553286537 0.0
-0.04893724 -0.009123104 -1.676629 1.737248 0.8841483 0.5861686 0.6784096 18.69203 nan 0 0.0 0.04978036244757983 2.414356108188061 0.0
-0.05781176 -0.008118787 -5.204924 -0.1494713 0.4261882 0.2731589 0.2474894 18.41166 1.19565 0 0.0 0.058379057003766076 5.207069762860844 0.0
-0.03121973 0.003293108 -2.565966 -2.29544 0.1231059 0.0732182 0.1598904 13.69556 3.085 1 0.0 0.031392930757936 3.4428514790440787 0.0
-0.02412675 0.01061545 0.2564078 -3.776912 0.4787154 0.3054252 0.2733509 18.36902 nan 0 0.0 0.026358828582943514 3.78560552826689 0.0
-0.03815196 -0.004815495 0.1901581 -0.5044276 1.988759 1.282439 0.8401858 19.55248 nan 0 0.0 0.038454662187264434 0.5390800558705265 0.0
-0.03887486 0.009558011 -4.331455 -5.768764 0.2832134 0.1873558 0.4608734 17.27042 1.794674 0 0.0 0.04003261563145382 7.21388525724668 0.0
-0.05710381 0.008593805 -9.897228 -11.99496 2.742412 1.927107 0.1141995 20.06161 0.9430161 0 0.0 0.05774684927244191 15.551018856833274 0.0
-0.0433087 0.0003189245 0.8735363 -1.889472 0.6619057 0.4054978 0.4123791 18.80547 1.420879 0 0.0 0.04330987426126633 2.0816267932080645 0.0
-0.05748946 -0.01425455 -0.7106855 -4.591456 0.5654428 0.3461421 0.4824693 18.73428 1.497107 0 0.0 0.059230314930735425 4.646131948174336 0.0
-0.04644697 0.006579362 -4.544857 -2.422861 0.2472281 0.1622745 0.123678 16.64106 1.374063 0 0.0 0.04691064939337276 5.1503379088919985 0.0
