jas1101finalproject/data/gcs/NGC_6642.ecsv
# %ECSV 0.9
# ---
# datatype:
# - {name: x, unit: deg, datatype: float64}
# - {name: y, unit: deg, datatype: float64}
# - {name: pmx, unit: mas / yr, datatype: float64}
# - {name: pmy, unit: mas / yr, datatype: float64}
# - {name: pmx_e, unit: mas / yr, datatype: float64}
# - {name: pmy_e, unit: mas / yr, datatype: float64}
# - {name: pm_corr, datatype: float64}
# - {name: g_mag, unit: mag, datatype: float64}
# - {name: bp_rp, unit: mag, datatype: float64}
# - {name: filter, datatype: int64}
# - {name: memberprob, datatype: float64}
# - {name: r, unit: deg, datatype: float64}
# - {name: pm, unit: mas / yr, datatype: float64}
# - {name: member_prob_GMM, datatype: float64}
# meta: !!omap
# - comments: [deg deg mas/yr mas/yr mas/yr mas/yr dimless mag   mag   zeroone float]
# - __serialized_columns__:
#     bp_rp:
#       __class__: astropy.units.quantity.Quantity
#       unit: &id001 !astropy.units.Unit {unit: mag}
#       value: !astropy.table.SerializedColumn {name: bp_rp}
#     g_mag:
#       __class__: astropy.units.quantity.Quantity
#       unit: *id001
#       value: !astropy.table.SerializedColumn {name: g_mag}
#     pm:
#       __class__: astropy.units.quantity.Quantity
#       unit: !astropy.units.Unit {unit: mas / yr}
#       value: !astropy.table.SerializedColumn {name: pm}
#     pmx:
#       __class__: astropy.units.quantity.Quantity
#       unit: !astropy.units.Unit {unit: mas / yr}
#       value: !astropy.table.SerializedColumn {name: pmx}
#     pmx_e:
#       __class__: astropy.units.quantity.Quantity
#       unit: !astropy.units.Unit {unit: mas / yr}
#       value: !astropy.table.SerializedColumn {name: pmx_e}
#     pmy:
#       __class__: astropy.units.quantity.Quantity
#       unit: !astropy.units.Unit {unit: mas / yr}
#       value: !astropy.table.SerializedColumn {name: pmy}
#     pmy_e:
#       __class__: astropy.units.quantity.Quantity
#       unit: !astropy.units.Unit {unit: mas / yr}
#       value: !astropy.table.SerializedColumn {name: pmy_e}
#     r:
#       __class__: astropy.units.quantity.Quantity
#       unit: &id002 !astropy.units.Unit {unit: deg}
#       value: !astropy.table.SerializedColumn {name: r}
#     x:
#       __class__: astropy.units.quantity.Quantity
#       unit: *id002
#       value: !astropy.table.SerializedColumn {name: x}
#     y:
#       __class__: astropy.units.quantity.Quantity
#       unit: *id002
#       value: !astropy.table.SerializedColumn {name: y}
# schema: astropy-2.0
x y pmx pmy pmx_e pmy_e pm_corr g_mag bp_rp filter memberprob r pm member_prob_GMM
-0.04239371 -0.02550463 -7.152032 -6.231916 1.616037 1.984135 0.7607532 19.67677 1.789442 0 0.0 0.04947436506920529 9.48621835928733 0.0
-0.02856596 -0.03704037 2.420486 -0.6158749 1.465241 1.707411 0.8242634 19.20824 0.7748585 0 0.0 0.04677609518181803 2.4976097310520733 0.0
-0.04550187 -0.02065909 -5.088737 -7.669648 0.4267724 0.3649601 0.1246564 18.52715 1.392672 1 0.0 0.049972173988380775 9.204278608292613 0.0
-0.02909693 -0.04030396 0.2044069 -2.240812 0.8062596 0.6853391 0.809715 17.95612 1.629448 1 0.01107402 0.049709561727161705 2.2501156859396385 0.0
-0.03531136 -0.03224693 -6.027274 -4.19512 1.893248 1.641034 0.5875644 19.93454 nan 0 0.0 0.047820044327399995 7.343504863855951 0.0
-0.03911867 -0.02765701 -5.791928 -24.2994 0.3566111 0.2943108 -0.03673738 18.13739 1.164904 1 0.0 0.047908042588995434 24.98013751597825 0.0
-0.03914708 -0.02624749 -1.379091 -3.602214 0.8539262 0.727351 0.1640388 19.0318 1.331688 0 0.0 0.04713199129918553 3.85718001758759 0.0
-0.04231049 -0.02320243 1.983981 1.333132 0.4297596 0.3532314 0.1413523 18.37222 1.440327 1 0.0 0.048254847652282565 2.3902764563508128 0.0
-0.03441561 -0.0331317 -1.047665 -0.8976036 1.487586 1.328848 0.2388567 18.91462 1.175714 0 0.0 0.04777178829143933 1.3795992805731525 0.0
-0.0310561 -0.03883384 -1.691002 1.211523 0.4742598 0.4294597 0.3106894 18.22922 1.12763 1 0.0 0.04972472701137333 2.0802105046203856 0.0
-0.032008 -0.03696868 2.119784 -1.732957 1.526526 1.779943 0.8280249 19.16297 1.087723 1 0.2190476 0.04889985035705528 2.7379963788334347 0.0
-0.02680242 -0.03978276 -3.715141 2.38474 0.8689242 0.7543902 0.003568129 18.88168 1.274057 0 0.0 0.0479691328989174 4.414663918972882 0.0
-0.03640334 -0.03019492 -0.9727418 -7.0104 0.7207233 0.6556154 0.4227305 18.97422 1.422211 1 0.0001032501 0.04729626155376342 7.077565596267352 0.0
-0.03589883 -0.03302719 -4.416501 -6.583886 0.5483124 0.4768127 0.3593635 18.59327 1.318306 0 0.0 0.04878033696752206 7.927990662456471 0.0
-0.03239964 -0.03748376 5.633355 -2.276872 0.3889345 0.3306895 0.2781609 18.19985 1.302197 0 0.0 0.04954562479036065 6.07608711757896 0.0
-0.03172882 -0.03422966 1.779982 -3.754106 1.278842 1.745836 0.7828209 19.05403 1.303507 0 0.0 0.04667320047209105 4.154713922709962 0.0
-0.0323445 -0.03413635 -1.922165 1.993495 1.560646 1.799411 0.8399379 19.24018 nan 0 0.0 0.04702613179470006 2.76924910440538 0.0
-0.02702599 -0.04121904 3.26453 0.4392635 0.0907192 0.0752363 0.08455728 15.09738 1.574257 1 0.0 0.049289079865642654 3.29395029460559 0.0
-0.03769066 -0.03020482 0.9378365 -1.583565 1.161578 1.433426 0.7608752 19.22354 0.9314919 0 0.0 0.04830027952784539 1.8404389177468643 0.0
-0.02243624 -0.04435577 -7.836805 -3.073664 0.6076695 0.4991659 0.2584268 18.84108 nan 0 0.0 0.04970733545092214 8.418011819480952 0.0
-0.02366763 -0.04340613 -7.336066 -8.370747 1.614344 1.966895 0.8341192 19.37579 1.267403 0 0.0 0.049439344973348905 11.130465834562585 0.0
-0.03715854 -0.03162373 -0.9189992 -5.371093 0.3762257 0.3129878 0.1908373 18.0605 1.306265 1 0.0002663657 0.048793620423621974 5.449146680375712 0.0
-0.03539539 -0.03196276 -7.886487 -3.446381 0.8478751 0.8709693 0.6385818 18.98913 1.381245 0 0.0 0.047691211560094586 8.60663808919197 0.0
-0.0228 -0.04443213 -1.610262 -4.891887 0.1677471 0.1438006 0.2055023 16.62131 1.649636 1 0.0 0.049940506368447046 5.1500972931987405 0.0
-0.03951088 -0.02630291 0.4009024 -6.959976 0.754216 0.6451534 0.1828112 19.03134 1.376011 0 0.0 0.04746527902417197 6.971512651849795 0.0
-0.02836951 -0.03965149 -0.9279308 2.414639 1.54056 1.897758 0.8454633 19.29915 1.181076 0 0.0 0.048755202356878795 2.586800546990363 0.0
0.03115174 -0.03676439 -2.925414 -4.398927 0.1085402 0.08968769 0.181598 15.77287 1.709793 1 0.0 0.0481876672718207 5.282859625498769 0.0
0.03089943 -0.0387041 0.4914306 -6.352109 0.5786323 0.5083071 0.09333715 18.80029 1.039597 0 0.0 0.04952557047763206 6.371090391957829 0.0
0.03311056 -0.03698993 -4.136638 -6.97502 0.9985732 0.8128234 -0.0949963 18.82939 1.112608 0 0.0 0.049644376367505114 8.109419087915237 0.0
0.03271895 -0.036307 -2.846051 -3.573527 0.6729671 0.5775601 0.5015564 18.82271 1.194176 0 0.0 0.04887461445477089 4.568380622751349 0.0
0.03537856 -0.0321306 -4.012932 -7.373441 0.8507464 0.7070295 0.8637307 18.30526 1.234638 0 0.0 0.04779140052387668 8.394715922358838 0.0
0.03504224 -0.03400543 -1.655121 -2.593515 0.6599011 0.5431235 0.4522191 18.72909 1.274895 0 0.0 0.0488295797002442 3.076645182640663 0.0
0.03213088 -0.03795672 -3.305353 -5.057667 0.6744161 0.5235222 0.4368585 18.74997 1.374334 0 0.0 0.04973033322563604 6.041966065569882 0.0
0.03302716 -0.03476785 -3.616156 -7.180788 0.2699428 0.2417827 0.5500934 17.23006 1.299761 1 0.0 0.047954110264794826 8.03991918599186 0.0
0.03033999 -0.03769117 -2.410325 -6.024875 0.1929766 0.1620486 0.4050536 16.79781 1.472361 1 0.0 0.04838532100925859 6.48912824432142 0.0
0.03781374 -0.03041275 -2.986927 -2.045741 0.6787753 0.6008943 0.5754934 18.91199 0.9336052 0 0.0 0.048526428833678865 3.62032997700624 0.0
0.02924845 -0.03844623 1.142267 -1.487209 0.5869228 0.5398437 0.5174424 18.8228 1.097128 0 0.0 0.04830718816713926 1.8752505189893962 0.0
0.02977994 -0.03935806 0.04542269 -5.996282 1.297624 1.554358 0.8799297 19.09389 1.110609 0 0.0 0.04935485501313118 5.996454039204406 0.0
0.002944247 -0.02177661 1.433865 -6.021921 1.810233 1.486894 0.1129861 19.78043 1.307341 0 0.0 0.021974743081299243 6.19027474095181 0.0
-0.04181267 -0.004475925 -5.120553 -8.89344 1.603682 2.189928 0.3602587 19.64923 1.620214 0 0.0 0.04205155499068406 10.262228708200231 0.0
-0.008392741 0.01276333 -0.02029704 -4.917442 0.5383911 0.4839001 0.5817702 17.27807 1.390013 0 0.0 0.015275493254948628 4.917483888453196 0.0
-0.02485552 0.02357974 -3.359407 -6.884438 0.1223697 0.1009679 0.05209612 16.3593 1.722497 1 0.0 0.03426077951445355 7.660359127840744 0.0
-0.03567825 -0.0208468 -0.450796 -5.323637 0.3916682 0.3173662 -0.1267861 18.28649 1.506701 1 0.0008680926 0.04132222880366571 5.342689205015111 0.0
0.005826639 -0.0281854 2.31679 -1.433278 0.4097396 0.3390359 0.2062123 18.19935 1.500774 0 0.0 0.02878135672959704 2.7242983921340187 0.0
-0.02516128 0.011983 -2.990759 -6.645133 0.4762486 0.4196875 0.2279078 18.79368 1.765757 0 0.0 0.027869020439161476 7.287141550962902 0.0
-0.0001623689 0.0135704 -0.5977588 -4.926443 1.276893 1.647655 0.8536819 19.124 nan 0 0.0 0.013571371331582052 4.96257556267171 0.0
-0.03985263 -0.006750786 -0.8276332 -0.1693 0.3040703 0.2640465 0.1745076 17.37572 1.320356 0 0.0 0.040420356623051906 0.8447716873464924 0.0
-0.03330856 0.01570434 -6.048356 -3.599959 1.148295 0.9277949 -0.1156095 18.37534 nan 0 0.0 0.03682507928177752 7.038630200857053 0.0
-0.0362439 0.0006164357 1.243816 -3.831466 1.337036 2.260287 0.1094354 19.34142 1.394213 0 0.0 0.03624914178545796 4.028301124669307 0.0
-0.01290097 0.02418989 -7.879213 -4.456059 1.141962 1.081247 0.4123613 18.86775 nan 0 0.0 0.027415065295435644 9.051986484239247 0.0
-0.04699383 0.003561806 -0.8807935 -0.1847483 0.3393435 0.2879443 0.05997929 18.14684 1.207882 0 0.0 0.04712861678482126 0.8999606235803542 0.0
0.007509025 0.02875459 -6.27254 -4.860905 0.4144164 0.3517501 -0.01099473 18.12335 1.477041 0 0.0 0.029718881246082008 7.935562706615392 0.0
0.0094107 -0.001808884 -1.208743 -5.48035 0.8779319 0.8850943 0.7039289 18.95637 nan 0 0.0 0.009582971137150315 5.612066977731912 0.0
-0.04293468 0.00282123 11.51764 5.089922 1.226775 1.621901 0.7348074 19.4439 1.395082 0 0.0 0.0430272714149445 12.592193499771355 0.0
-0.0003023375 0.01158104 -0.09070174 -4.126385 0.1164696 0.1022089 0.1036512 15.88291 1.643736 1 0.9793331 0.01158498577666396 4.127381733479958 0.0
-7.839255e-05 0.02631531 -6.371879 -3.682653 0.4412386 0.3990611 0.3782067 18.18964 1.157269 0 0.0 0.026315426764314417 7.359536337912193 1.0
-0.03084552 0.01798803 1.139243 -1.912883 1.57783 2.188197 0.7716839 19.63761 nan 0 0.0 0.03570735676791689 2.22643122165002 0.0
0.02184652 0.04444284 -3.200995 -5.266647 0.5175503 0.5263285 0.6274186 18.31106 1.47925 0 0.0 0.049522080563885844 6.163111195868042 0.0
-0.02666729 -0.01610301 -3.253539 -3.117285 1.681765 2.069375 0.8240086 19.43816 1.133783 0 0.0 0.031152067138541545 4.505883020646008 0.0
-0.04346095 -0.01410666 -5.187756 -3.975492 0.4588784 0.3880985 0.03844178 18.33822 1.369387 0 0.0 0.04569301950252467 6.535851050750774 0.0
0.04023036 0.001979035 -4.188257 -2.661822 1.370356 1.713363 0.8732999 19.19832 1.114552 0 0.0 0.040279007500940545 4.962538972918299 0.0
0.004735619 -0.01634072 0.2123155 -3.364801 0.396276 0.3402244 0.4017446 18.27871 nan 0 0.0 0.017013089591004952 3.3714927912041057 0.0
-0.005117238 0.008885857 -0.03230679 -3.701051 0.5094541 0.4708563 0.3417249 18.65496 1.027868 0 0.0 0.010254003090164008 3.701192001677447 0.0
-0.00861275 -0.04763287 -3.519018 -2.437077 1.651249 2.010255 0.8383529 19.46245 1.493057 0 0.0 0.04840526590154629 4.280517724324127 0.0
-0.03523206 -0.01483854 -4.299815 -6.880153 0.6720016 0.6291383 0.3254706 19.01383 1.071463 0 0.0 0.03822931232935273 8.113255470995227 0.0
-0.03453636 0.0004738426 2.622558 -4.598509 0.2896255 0.22515 -0.1597152 17.14779 1.585123 1 0.0 0.0345396104329388 5.2937789419699985 0.0
0.01870089 -0.02255992 -2.900772 -8.328754 0.3758338 0.3105005 0.1742375 17.96163 1.59207 0 0.0 0.029303127430335828 8.819445639522929 0.0
0.02768442 -0.02395386 -0.3759715 -3.977751 0.7237802 0.6609108 0.3434205 18.88564 0.6883907 0 0.0 0.03660894043312371 3.9954796441495297 0.0
-0.02538377 0.004378356 -6.177322 -9.709314 0.302194 0.2727612 0.2542458 17.81245 1.546007 0 0.0 0.025758605953654326 11.507827138182082 0.0
-0.03251521 -0.02276287 -1.872724 -5.645303 0.3768618 0.3081379 -0.003934848 18.33142 1.165464 0 0.0 0.039691146770797645 5.94781818333286 0.0
-0.01505468 0.006272029 0.3877227 -3.297479 1.785839 2.126635 0.8520781 19.67625 1.268541 0 0.0 0.016308946553325907 3.320195272500744 0.0
0.04068399 0.02064421 -5.325806 -1.656124 0.3680003 0.317451 0.5976741 17.85129 1.565788 1 0.0 0.045622039069337976 5.577361047396161 0.0
-0.03405531 -0.01958943 -5.38904 -1.258771 0.4842413 0.3963746 -0.07115557 18.63662 1.325491 0 0.0 0.03928752864359121 5.534099434600086 0.0
0.02788838 0.01414157 -3.264944 -3.338476 0.3588206 0.3050469 0.3340155 18.12294 1.507305 0 0.0 0.03126892612625672 4.669612545566495 0.0
0.0001175726 0.008111572 0.4764277 -4.97557 0.6101623 0.5616525 0.6740579 18.28829 nan 0 0.0 0.008112424029071382 4.998327738176768 0.0
0.02622682 -0.03547776 -2.273155 -2.927038 0.3318653 0.2862051 0.3257401 17.94499 1.46299 0 0.0 0.04411935563820033 3.7060471000068254 0.0
0.01817014 -0.01531001 -2.598724 -7.005739 0.3329489 0.3104572 0.6800528 17.4968 1.331125 0 0.0 0.023760269228687205 7.472198161471429 1.0
0.01971156 -0.001596398 1.139027 0.6966072 0.268357 0.2397587 0.5686128 17.30111 1.346992 1 0.0 0.019776098811646443 1.3351569562492793 0.0
0.02607075 0.02443399 -1.004207 -3.137883 2.082095 1.691079 0.05248696 19.93922 nan 0 0.0 0.035730993169552396 3.2946534598555277 0.0
0.02264549 -0.03169292 1.954637 -2.235778 0.08464671 0.06750227 0.3597727 14.41372 1.821854 1 0.0 0.03895201401040131 2.9697321540928567 0.0
-0.04953943 -0.00101867 -3.144458 -2.578702 0.4800445 0.4096804 0.09383232 18.72184 1.325344 1 0.0 0.04954990225312054 4.066610396702393 0.0
0.02617481 -0.01551354 -0.04934849 -5.415836 0.1749109 0.1533927 0.30326 16.1428 1.156532 0 0.0 0.030426807290080567 5.416060824285606 0.0
0.01117649 0.02579222 -0.9088053 -4.267217 0.540363 0.4400773 0.3116238 18.55955 1.076021 0 0.0 0.028109652101164468 4.362919664444566 0.0
0.01422459 -0.00766106 -1.445922 -9.987977 0.3977771 0.3502348 0.3232422 18.11753 1.338961 0 0.0 0.016156447660042726 10.092094677648095 0.0
0.0057737 0.04115435 1.742899 -3.724164 0.3987739 0.33293 0.1463316 18.42292 1.200171 0 0.0 0.041557383647343585 4.1118237344391355 0.0
0.02679474 0.005047557 2.302248 -4.921625 0.3797553 0.3711335 0.4827037 17.2157 1.476372 0 0.0 0.027266021406429083 5.433483090442906 0.0
-0.0008063406 0.02914199 -3.503252 -7.632935 0.4865979 0.4725318 0.3370943 18.68081 1.333593 0 0.0 0.029153143335210158 8.398480296442267 0.0
-0.02046144 0.03268808 0.4729085 -3.214519 0.4548652 0.4001165 0.3064857 18.372 nan 0 0.0 0.03856398709884651 3.249119088419698 0.0
0.005829882 0.0452704 -2.15756 -5.717371 0.3653345 0.3145116 0.2585006 18.14504 1.333017 0 0.0 0.045644239946502824 6.110924341312122 0.0
-0.006854566 0.04207745 -0.1698879 -12.2875 2.209674 1.981792 0.5183136 19.59283 nan 0 0.0 0.042632110826826955 12.288674385325962 0.0
-0.0354248 -0.02669276 -8.169882 -10.03488 1.120745 1.424504 0.7560456 19.20545 1.263859 0 0.0 0.044355607215521245 12.940084563414722 0.0
0.01604797 0.02541216 -3.574992 -7.775936 1.324895 1.546002 0.8759808 19.09003 1.387239 0 0.0 0.030055202827239412 8.558373004032951 0.0
0.03771869 0.02869601 2.743817 -5.261835 0.613436 0.4833343 0.1580742 18.67698 nan 0 0.0 0.04739367642667321 5.934259793496911 0.0
-0.02521575 0.004044603 -3.148777 -9.206162 1.606653 2.065419 0.7800369 19.70514 nan 0 0.0 0.025538066909813452 9.729759265571426 0.0
-0.03249778 0.02010861 -0.07553743 0.5528765 0.1977524 0.1601002 -0.07907643 16.93005 1.372517 0 0.0 0.03821599012272873 0.5580128381885625 0.0
-0.03492565 -0.009305237 -1.118829 -0.8638982 0.4030156 0.3331863 0.1362391 18.36371 1.355471 1 0.0 0.03614399623102942 1.4135410963973563 0.0
0.009188667 0.02545096 2.31831 -0.416881 0.3251529 0.3138626 0.3728877 17.21608 1.324783 1 0.0 0.027058879617576356 2.3554937962688416 0.0
-0.03030322 -0.02721982 -3.393319 -6.419186 0.6909443 0.6334519 0.4395058 18.92275 1.602251 0 0.0 0.04073332472559538 7.260892695692245 0.0
-0.03313248 -0.01655651 1.594886 -4.268908 0.6333365 0.5837385 0.3087606 18.91724 1.248991 0 0.0 0.037038888405708126 4.557108388601263 0.0
0.008763971 -0.045819 2.612524 -2.812091 0.5370952 0.4457509 0.2612768 18.71349 1.300974 0 0.0 0.04664962967365165 3.8383769281894398 0.0
0.02662256 -0.01587412 -3.4295 -7.958737 0.09262846 0.07749308 0.3025635 15.11438 1.526229 1 0.0 0.030995941455745458 8.666196679349541 0.0
-0.02087824 0.0125426 -3.076951 -4.100829 0.5349178 0.4982949 0.4158231 18.76415 1.536652 0 0.0 0.024356061263217415 5.126833910284398 0.0
0.03152791 0.01502576 -3.045985 -5.883409 0.134444 0.1114902 0.1833389 16.26045 1.817769 1 0.0 0.034925385789504174 6.625143476295891 0.0
-0.03839677 -0.007992038 -0.2847212 -5.144443 1.165744 1.466047 0.7835575 19.16215 1.158056 0 0.0 0.039219696809464806 5.152315978468172 0.0
0.008738772 -0.003861145 -0.4207473 -3.892733 0.7901938 0.7387437 0.4931056 18.85436 nan 0 0.0 0.009553772908071922 3.9154052791181515 0.0
0.01982364 -0.000856363 -1.607219 -3.766883 0.3942712 0.3351987 0.4036167 18.31547 1.268866 0 0.0 0.01984212842508003 4.095431656083398 0.0
-0.01903373 0.03420082 -10.76364 -12.39449 1.332758 1.881941 0.8113379 19.30378 0.972374 0 0.0 0.03914050288876345 16.415825547614105 0.0
-0.01824137 -0.02643177 -0.8929711 -5.366807 1.527275 1.354039 0.4917139 19.72977 nan 0 0.0 0.032115199591623275 5.440589560027866 0.0
-0.01412826 -0.01846427 -4.13216 -2.840648 1.061769 0.9347577 0.1719668 18.87248 1.275557 0 0.0 0.02324945154752043 5.014382048219302 0.0
-0.04550394 -0.01467193 0.2804985 -7.358699 1.069192 1.382873 0.748988 19.17522 1.292097 0 0.0 0.04781081556979028 7.364043073007059 0.0
-0.03355338 -0.01235282 -2.514947 -6.013446 0.5032769 0.4154056 0.1120967 18.61218 1.284227 1 0.0 0.03575502022621159 6.518166245787614 0.0
-0.03056152 0.0005053408 -4.862477 -11.39804 1.62818 2.119519 0.762013 19.549 1.111696 0 0.0 0.030565697669684304 12.391892446964224 0.0
0.009721944 0.04354212 -4.986376 -4.078097 0.3757327 0.3377327 0.2728238 18.38618 1.423485 0 0.0 0.044614262397057916 6.441647363430025 0.0
0.01112088 0.03032599 -3.278846 -7.088607 0.223313 0.1993888 0.2106486 16.61606 1.664477 0 0.0 0.03230076843442738 7.810197199313535 0.0
-0.02006965 0.03391456 -7.603842 -18.87764 1.56753 1.853502 0.8115052 19.17643 1.065664 0 0.0 0.03940797166965207 20.35150375600201 0.0
