jas1101finalproject/data/gcs/NGC_6652.ecsv
# %ECSV 0.9
# ---
# datatype:
# - {name: x, unit: deg, datatype: float64}
# - {name: y, unit: deg, datatype: float64}
# - {name: pmx, unit: mas / yr, datatype: float64}
# - {name: pmy, unit: mas / yr, datatype: float64}
# - {name: pmx_e, unit: mas / yr, datatype: float64}
# - {name: pmy_e, unit: mas / yr, datatype: float64}
# - {name: pm_corr, datatype: float64}
# - {name: g_mag, unit: mag, datatype: float64}
# - {name: bp_rp, unit: mag, datatype: float64}
# - {name: filter, datatype: int64}
# - {name: memberprob, datatype: float64}
# - {name: r, unit: deg, datatype: float64}
# - {name: pm, unit: mas / yr, datatype: float64}
# - {name: member_prob_GMM, datatype: float64}
# meta: !!omap
# - comments: [deg deg mas/yr mas/yr mas/yr mas/yr dimless mag   mag   zeroone float]
# - __serialized_columns__:
#     bp_rp:
#       __class__: astropy.units.quantity.Quantity
#       unit: &id001 !astropy.units.Unit {unit: mag}
#       value: !astropy.table.SerializedColumn {name: bp_rp}
#     g_mag:
#       __class__: astropy.units.quantity.Quantity
#       unit: *id001
#       value: !astropy.table.SerializedColumn {name: g_mag}
#     pm:
#       __class__: astropy.units.quantity.Quantity
#       unit: !astropy.units.Unit {unit: mas / yr}
#       value: !astropy.table.SerializedColumn {name: pm}
#     pmx:
#       __class__: astropy.units.quantity.Quantity
#       unit: !astropy.units.Unit {unit: mas / yr}
#       value: !astropy.table.SerializedColumn {name: pmx}
#     pmx_e:
#       __class__: astropy.units.quantity.Quantity
#       unit: !astropy.units.Unit {unit: mas / yr}
#       value: !astropy.table.SerializedColumn {name: pmx_e}
#     pmy:
#       __class__: astropy.units.quantity.Quantity
#       unit: !astropy.units.Unit {unit: mas / yr}
#       value: !astropy.table.SerializedColumn {name: pmy}
#     pmy_e:
#       __class__: astropy.units.quantity.Quantity
#       unit: !astropy.units.Unit {unit: mas / yr}
#       value: !astropy.table.SerializedColumn {name: pmy_e}
#     r:
#       __class__: astropy.units.quantity.Quantity
#       unit: &id002 !astropy.units.Unit {unit: deg}
#       value: !astropy.table.SerializedColumn {name: r}
#     x:
#       __class__: astropy.units.quantity.Quantity
#       unit: *id002
#       value: !astropy.table.SerializedColumn {name: x}
#     y:
#       __class__: astropy.units.quantity.Quantity
#       unit: *id002
#       value: !astropy.table.SerializedColumn {name: y}
# schema: astropy-2.0
x y pmx pmy pmx_e pmy_e pm_corr g_mag bp_rp filter memberprob r pm member_prob_GMM
[from data line 4140]
0.002126488 -0.004911219 -0.03201176 -9.994457 1.20302 1.13318 0.1530592 18.19066 nan 0 0.0 0.005351824294584511 9.994508265924207 0.0
-0.0195033 0.001628857 -5.03207 -1.799337 2.835918 2.646301 0.6091821 20.55164 nan 0 0.0 0.019571200423490864 5.344094135068075 0.0
-0.04559242 -0.03781329 1.016901 -4.774552 0.6198939 0.5693482 0.1455216 19.17976 0.9788857 1 0.0 0.059232707705122685 4.881642596965186 0.0
0.01214388 0.06413398 -0.2785878 -5.886178 0.7842142 0.6659145 -0.02997112 19.24756 0.9333172 1 0.0 0.0652735874002249 5.892766974010838 0.0
-0.02975364 -0.0407057 -4.997004 -5.144376 0.6574041 0.6032011 0.1654525 19.13207 0.9290581 1 0.4951101 0.05042056233065633 7.171795689044132 0.0
0.02220749 0.05078059 2.168909 -2.662258 0.3244294 0.2751956 -0.1539247 17.65732 1.104952 1 0.0 0.05542419086327016 3.4339167009182097 0.0
-0.008628098 0.04018573 -2.034573 -3.280449 0.4249046 0.3816959 0.1419308 18.57566 0.7603817 0 0.0 0.04110154462706364 3.860159703163847 0.0
0.007504326 0.02741423 -3.646572 -1.783734 1.664718 1.408537 0.05211636 20.02843 0.632946 0 0.0 0.0284227886599323 4.059457394029404 0.0
-0.02286389 0.0298797 -2.30079 -2.502874 1.017911 0.918637 0.1509548 19.63787 0.8890934 0 0.0 0.03762384799594667 3.399707764496237 0.0
0.003406443 -0.0004823961 -3.118543 -3.542532 1.142067 0.9954194 -0.09945631 17.78244 nan 0 0.0 0.0034404301925114265 4.719623227957185 0.0
-0.008705514 0.04618243 -0.7582592 -6.431548 1.628908 1.449985 0.2483744 20.14866 0.948452 0 0.0 0.04699577443461375 6.476091930376579 0.0
0.006171659 0.0101719 -2.836271 -2.916653 0.4945607 0.4082112 0.05255764 18.39087 nan 0 0.0 0.011897769724712317 4.068328638132618 0.0
0.01741802 0.05049174 -1.31794 -5.118106 0.2405091 0.2132611 0.06986524 17.59076 0.901329 1 0.0 0.05341163945197713 5.285070942838516 0.0
0.005019782 0.01237306 -5.33416 -4.224856 0.06057828 0.05045549 -0.02273288 14.1109 1.57895 1 0.9968657 0.013352558746963969 6.804606610696609 1.0
-0.03788963 -0.0409911 -3.094915 -1.498498 0.8813821 0.8950921 0.3384356 18.95025 0.8760319 0 0.0 0.05582019653088746 3.4386036574791516 0.0
-0.05929651 0.02335869 -1.617084 -1.908065 0.7647005 0.690893 0.1388058 19.37367 1.022425 0 0.0 0.06373150317304778 2.5011342841360995 0.0
-0.05058472 -0.03257843 2.412136 -7.25772 2.0597 2.016655 0.3601447 20.37662 1.336386 0 0.0 0.06016783192656438 7.6480650939238215 0.0
-0.01558399 -0.01467057 -5.398556 -2.671873 0.8511145 0.689281 -0.06184281 19.12387 0.7217407 0 0.0 0.02140295233011091 6.023563082865905 0.0
-0.03111951 -0.01279785 -1.140074 -4.864226 0.9364637 0.8611514 0.2542863 19.51327 0.742218 0 0.0 0.0336483115068587 4.996044766067654 0.0
0.03619033 0.04783483 1.040872 -5.146355 0.3008004 0.2758634 0.3212287 17.80623 1.297226 0 0.0 0.05998258869570236 5.250560380226952 0.0
-0.006987339 0.01743503 -4.873755 -3.075378 0.8016336 0.7291543 0.1954575 19.53344 nan 0 0.0 0.0187830555927895 5.762936546840422 0.0
0.006504499 0.01070594 -5.41145 -4.624299 0.3567862 0.3171561 0.2686722 18.04562 nan 0 0.0 0.012526997187059677 7.118141073616131 1.0
-0.04129131 -0.0434493 1.618898 -2.911449 0.4651416 0.4081448 0.01606486 18.54727 0.9034138 1 0.0 0.05994008635300837 3.3312709307417494 0.0
-0.007012922 0.0171947 -5.689255 -4.552406 0.8937101 0.8223877 0.2376387 19.51764 1.583012 0 0.0 0.01856983529997194 7.2864273031343005 1.0
0.007016528 0.01103015 -6.799583 -3.686065 1.506442 1.225324 -0.06034655 19.61022 nan 0 0.0 0.013072714874779607 7.7344297888153335 0.0
-0.007728509 0.002675901 -5.487935 -4.289193 0.04915335 0.04335186 0.04376263 13.20925 1.830302 1 0.9992064 0.008178648881379001 6.965242792284703 1.0
-0.02976864 0.003743149 -3.587973 -11.95744 0.7292291 0.7486982 0.5713716 18.67298 1.45377 0 0.0 0.030003051376248396 12.48414681114929 0.0
-0.05438816 -0.005877812 -0.5770264 -8.022219 0.6578548 0.5897788 0.06999701 19.12173 0.8054314 1 0.0 0.05470485007833349 8.04294455720403 0.0
-0.03249692 0.04420849 -6.916187 -8.00006 0.4255794 0.3887026 0.167766 18.42075 nan 0 0.0 0.0548674803282099 10.575188065588668 0.0
-0.01362097 0.03476442 -5.454938 -4.664586 2.044924 1.678136 -0.0223252 20.26392 0.7561417 0 0.0 0.0373375912677465 7.1773749473773485 0.0
-0.001047457 0.002035364 -5.929529 -4.319139 0.06649719 0.05647217 0.1527359 14.34657 1.422992 0 0.0 0.0022890768399826595 7.335821417071301 0.0
-0.04597563 -0.03894264 -4.835054 -3.275083 0.3579769 0.3235619 0.09328695 18.31301 1.099777 0 0.0 0.0602518693823395 5.8398558064223645 0.0
-0.03117142 -0.01073411 -2.984907 -5.189388 1.400885 1.227353 0.1255627 20.08646 1.355593 1 0.1987335 0.032967841031958704 5.986603178196547 0.0
0.004865455 -0.0007418638 -4.556545 -4.709043 0.7056956 0.6172553 0.06879035 17.26115 nan 0 0.0 0.004921688150906703 6.552647427786268 0.0
0.009654051 0.0173623 -5.450523 -4.340774 0.09683812 0.08425797 0.06494505 15.74505 1.163962 1 0.9970752 0.0198658038347458 6.967820311446399 1.0
-0.05391791 0.02043245 0.6873008 -2.858447 2.075928 2.026897 0.6183215 20.30895 0.7649956 0 0.0 0.05765957016637047 2.9399152439296 0.0
-0.0257183 -0.01624841 -5.34717 -14.82913 2.070192 1.598057 -0.4684727 19.97916 0.8165894 0 0.0 0.0304210746427226 15.763734442250668 0.0
-0.03129901 -0.01180609 -2.34551 -4.30793 0.7948656 0.7043893 0.07490112 19.2454 0.9318123 0 0.0 0.03345163356352272 4.9050665688652995 0.0
-0.05010098 0.01676114 -1.230843 -2.037111 0.2349542 0.2215639 0.3689097 17.10327 1.147211 1 0.0 0.05283033230124528 2.380083132365338 0.0
0.01380181 0.01871978 -3.279972 -6.520085 2.2829 1.667925 -0.3190204 19.87099 1.113955 0 0.0 0.023257689535388076 7.298611150623727 0.0
0.01764743 0.04499854 0.0637157 -2.558221 0.1655255 0.1442215 -0.03933644 16.85108 0.9805088 1 0.0 0.04833529132772967 2.559014336667048 0.0
-0.04523631 0.01618775 -0.2878549 -5.742652 2.228335 2.170373 0.5916891 20.43011 0.8837566 0 0.0 0.04804546797023212 5.749861949347828 0.0
-0.01960583 0.002246815 -5.807674 -4.793207 1.805256 1.770525 0.4771644 20.20242 nan 0 0.0 0.019734151809315877 7.530199906717284 0.0
-0.03427689 0.01140906 -4.937022 -4.052889 0.5226158 0.4745561 0.1623392 18.92336 0.960928 0 0.0 0.036125778028378845 6.3874952426444125 0.0
-0.03334542 0.05314601 0.3159138 -3.933298 0.6087534 0.5249774 -0.06395012 18.86935 1.300224 0 0.0 0.0627408592059154 3.945964354354261 0.0
-0.0004588594 0.03069137 -2.271509 -6.666483 1.091519 0.9277296 0.0599135 19.77599 0.9751492 0 0.0 0.030694799957417352 7.042850894798924 0.0
0.01155256 0.04761261 1.767217 -5.127427 0.5025297 0.4524273 0.1449322 18.77506 1.039278 1 0.0 0.04899410447763792 5.423427289585249 0.0
0.01254722 0.01829272 -0.6057256 -2.702985 0.36656 0.2966878 0.01504276 17.37517 1.148859 0 0.0 0.02218234285928337 2.7700237206060816 0.0
-0.03683544 0.007829839 0.3866507 -4.084526 2.15492 1.996948 0.4332328 20.44107 0.811985 0 0.0 0.037658412323935284 4.102785810700638 0.0
-0.009903104 -0.008234351 -7.411407 -8.611706 1.293716 1.167397 0.008225141 18.87922 0.59165 0 0.0 0.012879285897363138 11.361797126779063 0.0
-0.05876155 -0.01101138 -1.035371 -4.022029 0.865351 0.8026626 0.1960944 19.63226 0.6207771 1 1.061539e-05 0.059784364577261336 4.153156677092979 0.0
-0.01005812 0.004491462 -5.151332 -3.749044 0.1748318 0.1533547 -0.02788207 15.90308 1.276754 0 0.0 0.011015398714156651 6.371149997305039 0.0
-0.01829825 -0.007842778 -5.99588 -4.633281 0.6401536 0.5717414 0.06480406 19.11141 0.9293461 1 0.9509215 0.01990816716374925 7.577458003800549 0.0
-0.01179959 0.01031247 -5.564228 -4.202843 0.06019162 0.05883981 0.2641142 13.90793 1.661364 1 0.9991281 0.0156709081315985 6.973128603333873 1.0
-0.03447344 -0.009724445 -2.494983 -5.481793 1.38762 1.297961 0.4035575 20.05049 0.8024807 0 0.0 0.03581875062019368 6.022872625677717 0.0
-0.01968269 0.002563418 -5.363545 -2.983202 0.5984238 0.541774 0.1691256 19.13816 nan 0 0.0 0.019848914264483687 6.1373535941665445 0.0
0.03429664 0.05174947 -1.817881 -3.646408 0.338335 0.3034606 0.1100886 18.19783 0.8942242 1 0.0 0.06208274446712629 4.074430344554316 0.0
-0.0314759 0.05368838 -1.236324 -0.2148115 1.072595 0.9177848 -0.08876735 19.75047 nan 0 0.0 0.06223483291400725 1.2548470080086456 0.0
-0.0405891 -0.01270633 -0.1645941 -3.017322 1.674244 1.570264 0.2671192 20.24794 1.723473 0 0.0 0.04253146906560953 3.0218079471466766 0.0
-0.04766852 0.01626276 -6.672339 -5.994171 1.53256 1.497657 0.5915395 19.94835 nan 0 0.0 0.050366309789461446 8.969403196877817 0.0
0.004507147 0.0002003854 -3.894358 -4.215414 0.4501455 0.3843917 -0.0760896 15.00057 1.255758 0 0.0 0.004511599316001163 5.738966755746194 0.0
-0.04041075 -0.01094767 -6.528128 -12.25164 3.355772 3.333337 0.2157097 20.49188 nan 0 0.0 0.04186741207659485 13.882331860101313 0.0
-0.001738964 0.02077696 -5.558635 -4.230459 0.08326787 0.07240801 0.01676921 15.46416 1.366122 1 0.9987532 0.020849605814856453 6.985356570276567 1.0
-0.03575885 0.004328389 -6.840949 -5.951665 2.139905 1.942541 0.3088442 20.48291 nan 0 0.0 0.03601985986449449 9.0675740687808 0.0
0.03332065 0.04450955 -0.6615257 -4.914317 0.7723986 0.6684601 0.001756059 18.79066 0.9219513 0 0.0 0.05560005177717913 4.958641732193351 0.0
-0.03618755 0.05105444 9.97391 -1.13302 2.687284 2.614778 0.6637064 20.38696 1.203384 0 0.0 0.06257870739090174 10.038058328606185 0.0
-0.01226041 0.01040396 -5.32815 -3.755327 0.2255437 0.2098673 0.3156923 17.32422 nan 0 0.0 0.01607980214585055 6.5185629780979335 1.0
0.007683227 0.02357663 -2.396038 -2.864251 2.527053 2.072922 -0.2295332 20.2823 nan 0 0.0 0.024796964719304437 3.734291350235677 0.0
-0.04557032 0.0184764 -5.769566 -4.055311 0.7624058 0.687366 0.1428745 19.32543 0.8680649 1 0.8188408 0.04917348291368428 7.052193923530251 0.0
-0.05143537 0.02206662 1.798507 -6.350465 0.7618186 0.7238384 0.3561391 19.32541 1.04743 0 0.0 0.05596903612946448 6.600229779732975 0.0
-4.916001e-05 0.02440857 -7.572266 -5.195944 1.961733 1.792472 0.3766263 20.18474 0.4357796 0 0.0 0.024408619505237966 9.183520372160777 0.0
0.006403626 0.03178215 -12.86529 -4.112186 0.6406621 0.5811068 0.178844 19.20847 1.040159 1 0.0 0.03242084953498869 13.506508078800234 0.0
-0.003968336 0.06313527 -4.384243 -5.220811 1.518021 1.466456 0.5400849 20.02757 1.225443 0 0.0 0.0632598609592354 6.817510849332768 0.0
-0.02516479 0.01715324 -1.315256 -2.985258 0.3123683 0.2909083 0.1407531 17.31086 1.191309 0 0.0 0.03045488956213271 3.262156291795352 0.0
0.02494778 0.05015806 -2.82629 -5.113854 0.8095208 0.7268415 0.116978 18.73131 1.344452 0 0.0 0.05601984210877428 5.8428946505491615 0.0
-0.006474915 0.01223563 -3.204983 -3.751526 0.2174088 0.1834595 -0.04829393 17.06416 1.450315 0 0.0 0.013843235378845692 4.934152749861418 0.0
-0.02887226 0.002396859 3.672854 -4.6113 3.107127 2.950728 0.4526323 20.68016 2.330406 0 0.0 0.028971577978658344 5.895247594063883 0.0
-0.05977905 0.01754858 -3.520269 -4.22458 0.425391 0.3650704 -0.1132104 18.24467 0.5895233 0 0.0 0.062301584882881594 5.499033552249067 0.0
-0.002557757 0.003290368 -5.462316 -4.22298 0.06691847 0.05686885 0.03275693 13.06905 1.894999 1 0.9992946 0.004167570328917438 6.9043794916166075 0.0
-0.01522745 -0.004470003 -5.992767 -2.685583 0.7697015 0.7315955 0.2464476 19.26795 0.7388115 0 0.0 0.015869976695714112 6.567009392880292 1.0
-0.01609986 0.007336331 -4.418938 -2.458393 1.056218 1.100717 0.7281513 19.06041 nan 0 0.0 0.017692575973022158 5.056748875541774 0.0
0.009245963 0.03214047 -3.296652 -4.449879 0.1247404 0.1096008 0.03362519 16.27472 1.394224 1 0.0 0.03344394778757838 5.537990386750866 0.0
-0.002404183 0.003801542 -4.50482 -5.358566 0.5985757 0.7309199 0.829068 16.59621 nan 0 0.0 0.004497979265765128 7.000545179395387 0.0
-0.02139436 -0.0114064 -5.616119 -3.985038 0.5443399 0.4919264 0.1504986 18.91269 nan 0 0.0 0.024245094365038057 6.8863139983306745 1.0
0.03106474 0.03815127 -4.991225 -5.296542 0.1435036 0.1266565 0.3015463 16.03803 1.41275 1 0.0 0.049198958056858276 7.277752685986862 0.0
-0.005811925 0.05219463 -2.504965 -5.600637 0.7645693 0.6777589 0.06022985 19.2761 1.126293 1 0.0003234164 0.05251721501605473 6.13530638656245 0.0
-0.009628554 0.05593651 -0.157997 -0.05909711 1.132107 0.9968616 0.02339761 19.85709 1.598198 0 0.0 0.05675915964063436 0.16868764157267746 0.0
-0.03542881 0.0111492 -3.168053 -4.155148 0.3879902 0.3510123 0.1583569 18.46658 nan 0 0.0 0.03714169138119722 5.2251138468662095 0.0
-0.05274877 0.03483364 14.80511 -12.22852 1.728946 1.300652 -0.5998913 19.33586 0.8317242 0 0.0 0.06321246089310635 19.202291100347896 0.0
-0.01223876 0.03897223 -4.010388 -8.795525 1.072328 0.9785138 0.2269868 19.79692 0.6678371 1 4.029116e-05 0.04084876935123627 9.666668088652314 0.0
0.003381498 0.01655404 -4.869868 -3.511046 0.6922688 0.6420067 0.2881852 18.9417 1.002367 0 0.0 0.016895880238851243 6.003587123673646 0.0
-2.355467e-05 0.02001404 -5.468812 -4.131592 0.09535146 0.08305218 0.005755377 15.7805 1.343086 1 0.9982633 0.02001405386082687 6.854046771492591 1.0
0.03081455 0.05506191 -5.706356 -2.731171 0.8767449 0.7895893 0.1469273 19.52489 0.922142 1 0.3380486 0.06309794310871472 6.326278039256336 0.0
-0.03390867 -0.01414165 -0.6569743 -3.120681 0.871451 0.8147853 0.2228048 19.5991 0.7570419 1 7.90625e-06 0.036739408894147986 3.18908531316136 0.0
-0.001661967 0.01079771 -5.26632 -4.911642 1.031155 0.9857037 0.3315061 19.79624 nan 0 0.0 0.010924865013041992 7.201274434332023 0.0
0.0005907945 0.002027739 -5.713059 -4.436118 0.07663094 0.06554571 0.07480767 13.89859 1.415623 0 0.0 0.0021120519864225055 7.233131137163559 0.0
0.00309988 0.01663035 -2.76647 -2.851853 1.776801 1.866225 0.7386649 19.77088 nan 0 0.0 0.016916790391114385 3.973213031604145 0.0
-0.06114769 -0.002487155 -6.806676 -5.167371 1.152365 1.037921 0.1165367 19.82853 0.8345795 0 0.0 0.061198251056138235 8.545909034188055 0.0
-0.0360063 -0.01658388 -0.6036837 -5.096066 1.02397 0.9550458 0.2205807 19.65415 0.8736629 0 0.0 0.0396418808275339 5.131697836584077 0.0
0.01598022 0.03088066 -5.26544 -4.725458 0.6439145 0.5852841 0.2057276 18.98181 1.079386 0 0.0 0.03477042699312161 7.074942522972465 0.0
-0.0273044 -0.01826304 -4.697557 -5.823092 0.9624935 0.888385 0.318754 19.48879 0.9496307 0 0.0 0.03284918399902195 7.481673757169114 0.0
-0.03006495 0.0470513 -9.90595 -9.156448 0.2069098 0.1946953 0.2525056 16.93755 1.039742 1 0.0 0.05583660134886882 13.489565796540822 0.0
-0.06315694 -0.02044817 -1.64697 -8.196147 1.074244 0.9883294 0.1590782 19.7574 1.014042 0 0.0 0.06638468744004523 8.359984200135129 0.0
-0.05454757 -0.03780693 -3.227927 -4.754317 0.541699 0.4987038 0.168274 18.82267 1.000332 0 0.0 0.06636867746859056 5.746567919534059 0.0
-0.008804566 0.01215914 -4.585243 -5.110012 1.13952 1.094766 0.3930807 19.81735 0.5723362 0 0.0 0.015012164000834657 6.865615486552754 1.0
-0.04753986 0.01505739 -2.766851 -2.197385 0.1954128 0.1737528 0.08936981 17.28267 1.110209 1 0.0 0.04986745714824148 3.5332655284348498 0.0
-0.01243813 -0.000101737 -7.690545 -5.796708 1.60951 1.695174 0.7698445 19.54013 nan 0 0.0 0.012438546069138023 9.630488359075516 0.0
-0.01290168 0.01912809 -1.028896 -0.32957 0.5735672 0.5422701 0.40995 18.82134 1.017004 0 0.0 0.023072433202211248 1.080390375612445 0.0
-0.03644605 -0.005242968 -2.806424 -3.292406 1.835287 1.578806 0.008934562 20.186 0.6360912 1 0.2304091 0.03682123401043919 4.3261938163485 0.0
-0.008424903 0.05776769 -4.952383 -3.146775 0.6977855 0.6295551 0.1643471 19.22706 1.01432 0 0.0 0.058378806072884946 5.867562550098124 0.0
-0.01195172 -0.0005365453 -6.270323 -4.901543 0.866299 0.7793646 0.1070741 19.02118 nan 0 0.0 0.011963757428891315 7.958773417127667 0.0
0.02786921 0.05557787 -3.462578 -3.431125 0.8665442 0.783344 0.169247 19.60358 0.8524227 0 0.0 0.06217388921212023 4.874634875732643 0.0
0.01785419 0.05429491 -5.395685 -4.073232 1.202318 1.052211 0.02177102 19.89369 1.00016 1 0.5292395 0.057155134086661015 6.76052036052322 0.0
