jas1101finalproject/data/gcs/NGC_6712.ecsv
# %ECSV 0.9
# ---
# datatype:
# - {name: x, unit: deg, datatype: float64}
# - {name: y, unit: deg, datatype: float64}
# - {name: pmx, unit: mas / yr, datatype: float64}
# - {name: pmy, unit: mas / yr, datatype: float64}
# - {name: pmx_e, unit: mas / yr, datatype: float64}
# - {name: pmy_e, unit: mas / yr, datatype: float64}
# - {name: pm_corr, datatype: float64}
# - {name: g_mag, unit: mag, datatype: float64}
# - {name: bp_rp, unit: mag, datatype: float64}
# - {name: filter, datatype: int64}
# - {name: memberprob, datatype: float64}
# - {name: r, unit: deg, datatype: float64}
# - {name: pm, unit: mas / yr, datatype: float64}
# - {name: member_prob_GMM, datatype: float64}
# - {name: member_prob_DB, datatype: float64}
# meta: !!omap
# - comments: [deg deg mas/yr mas/yr mas/yr mas/yr dimless mag   mag   zeroone float]
# - __serialized_columns__:
#     bp_rp:
#       __class__: astropy.units.quantity.Quantity
#       unit: &id001 !astropy.units.Unit {unit: mag}
#       value: !astropy.table.SerializedColumn {name: bp_rp}
#     g_mag:
#       __class__: astropy.units.quantity.Quantity
#       unit: *id001
#       value: !astropy.table.SerializedColumn {name: g_mag}
#     pm:
#       __class__: astropy.units.quantity.Quantity
#       unit: !astropy.units.Unit {unit: mas / yr}
#       value: !astropy.table.SerializedColumn {name: pm}
#     pmx:
#       __class__: astropy.units.quantity.Quantity
#       unit: !astropy.units.Unit {unit: mas / yr}
#       value: !astropy.table.SerializedColumn {name: pmx}
#     pmx_e:
#       __class__: astropy.units.quantity.Quantity
#       unit: !astropy.units.Unit {unit: mas / yr}
#       value: !astropy.table.SerializedColumn {name: pmx_e}
#     pmy:
#       __class__: astropy.units.quantity.Quantity
#       unit: !astropy.units.Unit {unit: mas / yr}
#       value: !astropy.table.SerializedColumn {name: pmy}
#     pmy_e:
#       __class__: astropy.units.quantity.Quantity
#       unit: !astropy.units.Unit {unit: mas / yr}
#       value: !astropy.table.SerializedColumn {name: pmy_e}
#     r:
#       __class__: astropy.units.quantity.Quantity
#       unit: &id002 !astropy.units.Unit {unit: deg}
#       value: !astropy.table.SerializedColumn {name: r}
#     x:
#       __class__: astropy.units.quantity.Quantity
#       unit: *id002
#       value: !astropy.table.SerializedColumn {name: x}
#     y:
#       __class__: astropy.units.quantity.Quantity
#       unit: *id002
#       value: !astropy.table.SerializedColumn {name: y}
# schema: astropy-2.0
x y pmx pmy pmx_e pmy_e pm_corr g_mag bp_rp filter memberprob r pm member_prob_GMM member_prob_DB
[from data line 908]
0.05682362 -0.0481186 -0.09614842 -2.800458 1.735341 1.6968 0.8323397 19.57215 1.294769 0 0.0 0.0744602139122928 2.8021080508132616 0.0 0.0
0.05950749 -0.05157894 1.123335 -1.764638 1.878338 1.858603 0.8049675 19.81961 1.094948 0 0.0 0.07874978360366269 2.0918481764384813 0.0 0.0
0.0615652 -0.01092701 -1.380838 -5.228278 0.1848072 0.1600238 0.3194624 17.2882 1.200769 1 0.0 0.06252738119080392 5.407550686542661 0.0 0.0
0.0308522 -0.07087784 2.171196 -7.172176 1.420193 1.470005 0.8323435 19.61166 nan 0 0.0 0.07730152940211209 7.493610654777308 0.0 0.0
0.01716062 -0.04599656 0.6375167 -2.291066 1.083059 1.13459 0.8287312 19.2723 1.703865 0 0.0 0.04909348643779539 2.3781107962277304 0.0 0.0
0.005698501 -0.0766902 -3.265804 -6.859687 0.4855584 0.4153705 0.5420639 18.35689 1.176668 0 0.0 0.07690162345286998 7.597419397689258 0.0 0.0
0.01019264 -0.06452238 -0.5320366 -4.587944 0.5024018 0.4323044 0.5891043 18.47846 1.446526 0 0.0 0.0653224879427751 4.6186895425949075 0.0 0.0
0.0169791 -0.05794609 -1.298316 -2.689135 0.3622822 0.3439432 0.3057205 17.98305 1.276543 0 0.0 0.06038244101639234 2.986146594539692 0.0 0.0
0.05908513 -0.05216825 -3.274638 -8.935405 1.570304 1.557149 0.8054825 19.70205 1.210947 0 0.0 0.07881991433121074 9.516549613440208 0.0 0.0
0.07800672 -0.00338651 -0.1386828 -3.802231 1.547872 1.609982 0.8372671 19.68298 nan 0 0.0 0.07808019476883046 3.804759321741237 0.0 0.0
0.02964559 -0.07348318 -1.350635 -0.4351167 0.2624449 0.2265615 0.2841176 17.54923 nan 0 0.0 0.079237861842433 1.41899310986484 0.0 0.0
0.004884192 -0.07646417 -0.6465061 -1.237374 0.2600724 0.2530539 0.6194434 17.21384 1.327812 1 0.0 0.07662000147012374 1.3960890205188243 0.0 0.0
0.05368632 -0.0511985 -1.426685 -5.698896 1.913704 1.96093 0.8736567 19.6819 nan 0 0.0 0.07418562770100688 5.874763459752316 0.0 0.0
0.03115375 -0.07149585 -5.26219 -3.116547 0.4557542 0.414021 0.6070675 18.39898 1.450823 0 0.0 0.07798854214745266 6.115840808859319 0.0 0.0
0.08045148 0.002865261 -1.777775 -6.606426 0.3748732 0.3320188 0.414689 18.00941 1.216864 0 0.0 0.08050248663729911 6.841443447409399 0.0 0.0
0.001566651 -0.06877658 -0.7303001 -2.679677 0.502116 0.4600255 0.4337515 18.78719 1.610804 1 0.0 0.06879442093551047 2.777410135429949 0.0 0.0
0.06566139 -0.04648545 2.80944 -2.339215 2.327413 2.207715 0.6108723 20.5451 nan 0 0.0 0.08045070042227476 3.6558008602527847 0.0 0.0
0.002200001 -0.07186458 -6.226025 -3.552809 1.643465 1.444582 0.6225482 19.86064 1.306221 0 0.0 0.0718982465918078 7.168391666971469 0.0 0.0
0.01332917 -0.06958267 -3.579029 -5.024975 1.005049 1.046691 0.7894456 19.15919 0.9776363 0 0.0 0.07084782803458269 6.169264326762633 0.0 0.0
0.05519843 -0.02409816 2.009766 -0.8438895 2.195351 2.208289 0.8987284 19.87753 1.420744 0 0.0 0.060229461145277566 2.1797497248460087 0.0 0.0
0.03181951 -0.04538431 0.5631569 -9.435844 1.613595 1.620771 0.8831106 19.54613 1.087492 0 0.0 0.05542758167930656 9.452634431012003 0.0 0.0
0.05431893 -0.05663549 -4.113996 -9.763995 1.427252 1.422304 0.8287047 19.56635 1.102657 1 1.1967e-05 0.07847372097641987 10.595308464034494 0.0 0.0
0.02684188 -0.0573201 -10.05137 -8.401075 1.645708 1.735233 0.8115567 19.59174 1.719229 0 0.0 0.06329360462119692 13.099927481956723 0.0 0.0
0.03935862 -0.05916276 -4.973778 -6.537574 1.641795 1.694859 0.7754487 19.62745 0.7874088 0 0.0 0.07105865984608772 8.214520156330497 0.0 0.0
0.03459547 -0.03431336 1.181388 0.5012033 0.1759661 0.1572977 0.3892303 17.16462 1.176571 1 0.0 0.04872630931037667 1.2833091422081004 0.0 0.0
0.03118606 -0.04592499 4.481424 0.2883014 1.402079 1.410961 0.8821258 19.33473 1.301619 0 0.0 0.05551283675712943 4.490688005753457 0.0 0.0
0.0009634278 -0.07469412 -2.854295 -5.227225 1.155169 1.218889 0.8313624 19.16782 1.621136 1 0.0 0.07470033303607296 5.95574354280387 0.0 0.0
0.06397292 -0.04287454 -0.03164542 -3.033871 0.7836956 0.7381147 0.597184 19.0466 1.319775 0 0.0 0.07701143209639723 3.0340360375657993 0.0 0.0
0.004703375 -0.06529188 -1.878457 -4.82258 0.6319341 0.5749727 0.6560188 18.80989 1.308935 1 0.0 0.06546106728678523 5.175507565181313 0.0 0.0
0.006392344 -0.06689313 -0.8332662 -3.843608 0.3446395 0.2826465 0.04193722 17.71576 1.388918 0 0.0 0.06719786382773812 3.9328939748900478 0.0 0.0
0.06321785 -0.0488282 -1.76679 -2.226724 0.4308531 0.3900752 0.6135552 18.12614 1.323643 0 0.0 0.07987921928676131 2.8425071110334974 0.0 0.0
-0.007752935 -0.06741577 -2.412892 -13.60899 1.518286 1.590338 0.6878692 19.88977 nan 0 0.0 0.06786010643822425 13.821239330239674 0.0 0.0
0.05600816 -0.05530536 -3.976516 -5.391445 0.5344009 0.4864607 0.4922713 18.82757 1.4834 0 0.0 0.07871211362500184 6.6992804603390805 0.0 0.0
0.005638371 -0.06426384 2.28417 -1.055911 1.339104 1.409546 0.8121188 19.55081 1.443821 0 0.0 0.06451071507183316 2.516422188111725 0.0 0.0
0.01079571 -0.06932796 -1.337038 -2.284421 2.063309 1.907125 0.7067067 19.97 1.200052 0 0.0 0.07016347619784598 2.6469321711530505 0.0 0.0
0.04955491 -0.04551213 -2.024046 -4.23672 0.2394625 0.2081161 0.1779151 17.57707 1.299046 0 0.0 0.06728330463231574 4.695376296796243 0.0 0.0
0.07567912 -0.02732993 -5.48328 -8.316861 0.503887 0.4578993 0.6172259 18.51931 1.178862 1 0.0 0.08046275087131498 9.961753683549949 0.0 0.0
-0.007964049 -0.06787544 -5.2381 -8.177447 1.154661 1.205968 0.8010046 19.17082 0.968092 0 0.0 0.06834106694856322 9.711247656599486 0.0 0.0
0.02852949 -0.07577572 -3.039974 -0.6120651 0.1221862 0.1045015 0.1970874 16.48075 1.12076 1 0.0 0.08096846016306905 3.1009781694352525 0.0 0.0
0.0361333 -0.03936702 0.8857978 -3.809714 1.194386 1.214794 0.8255657 19.22325 1.20228 0 0.0 0.05343573366737281 3.911337175989925 0.0 0.0
0.02726271 -0.07673216 -7.075526 -1.203017 0.08867257 0.07690312 0.2276339 15.86888 1.686237 1 0.0 0.08143144193006592 7.177068905825344 0.0 0.0
0.02506275 -0.05155121 -2.136109 -4.206612 0.6104564 0.5545217 0.6466232 18.71147 nan 0 0.0 0.05732075269940722 4.717896372158359 0.0 0.0
0.02988683 -0.07398674 -1.116432 -5.294972 0.143554 0.1229973 0.2244148 16.80564 1.249831 0 0.0 0.07979511453263602 5.411390661503566 0.0 0.0
0.0466579 -0.05696633 -3.98899 -7.370245 0.06964657 0.06306956 0.2447383 13.4119 2.551195 1 0.0 0.07363506220598241 8.380486416678032 0.0 0.0
0.06490797 -0.04280127 -3.259244 0.2661355 1.626645 1.572369 0.5962637 20.15561 1.206907 0 0.0 0.07774955487418432 3.270091673928462 0.0 0.0
0.06004983 -0.05510953 1.045339 -0.6354731 0.367662 0.3135421 0.4205318 18.02005 1.240187 1 0.0 0.08150486108110239 1.2233395627317094 0.0 0.0
0.03936077 -0.03887048 -0.9577527 -3.158314 0.4324181 0.3784585 0.5264792 18.0946 1.581156 1 0.0 0.055318933742646376 3.3003390063678744 0.0 0.0
0.04478793 -0.05668191 -1.145957 -8.831592 0.1041317 0.09015406 0.2740878 16.22352 1.693131 1 0.0 0.07224124580136336 8.905629382604747 0.0 0.0
0.041832 -0.05770963 -0.2515137 -2.44103 0.5927241 0.5270551 0.5008552 18.94373 1.223253 0 0.0 0.07127634683916467 2.4539532599843237 0.0 0.0
-0.00817514 -0.06934315 0.5882681 -7.917829 1.242925 1.391516 0.7998464 19.45666 1.306492 0 0.0 0.06982338695553303 7.939652097587061 0.0 0.0
0.01942222 -0.0567627 -0.5560113 -1.907971 0.4854535 0.4604883 0.6831387 18.44899 1.454601 1 0.0 0.059993555829092174 1.9873353774762552 0.0 0.0
0.05462206 -0.04629103 -0.7901821 -1.23672 1.152339 1.015731 0.8948328 18.77478 1.255085 0 0.0 0.07159908447113343 1.467604888776407 0.0 0.0
0.03990281 -0.04718467 2.180217 -6.859755 0.7495603 0.6643826 0.5783539 18.24228 1.386061 0 0.0 0.061795042915309954 7.197887525316993 0.0 0.0
0.05046209 -0.02848344 -3.647575 -8.536779 1.128697 1.127057 0.8260272 19.12422 nan 0 0.0 0.05794591341416321 9.283393726190114 0.0 0.0
0.02038744 -0.05581861 -2.6431 -5.097162 0.6911525 0.652539 0.463886 19.10098 1.712652 0 0.0 0.05942528865799223 5.741692961509175 0.0 0.0
0.07812833 0.001115761 1.044103 -1.265161 0.5878098 0.5244868 0.4957801 18.8495 1.356113 1 0.0 0.07813629675892005 1.6403607623111447 0.0 0.0
0.07541225 -0.004508453 -3.190049 -4.069579 0.2757426 0.2350156 0.1934278 17.30929 nan 0 0.0 0.07554689668355484 5.170868965622896 0.0 0.0
0.07395943 -0.02910056 -2.446672 -0.6612172 2.238206 2.142312 0.6373968 20.31779 0.8111095 0 0.0 0.0794785497995434 2.5344451189875548 0.0 0.0
0.04309793 -0.06503494 -3.06928 -2.444662 0.3127144 0.2750728 0.4217569 17.99174 1.518326 0 0.0 0.07801906812496866 3.9238822628417385 0.0 0.0
-0.006757601 -0.06949285 -4.799307 -6.322633 1.167907 1.295029 0.7916264 19.26022 1.306917 0 0.0 0.06982063715261914 7.937823110459063 0.0 0.0
0.06132069 -0.0303123 -0.1942029 -8.282797 1.581296 1.585003 0.8845301 19.49779 1.25071 1 0.1918127 0.06840367353707036 8.285073379854726 0.0 0.0
0.0604434 -0.04606304 -3.751458 -3.846168 0.9088362 0.8830247 0.7994183 19.07038 1.323254 1 0.0 0.07599479098991983 5.372750264993526 0.0 0.0
0.02141296 -0.05519688 4.067505 -3.695007 1.644136 1.584677 0.7344229 20.04897 nan 0 0.0 0.059204817521009215 5.495241000636278 0.0 0.0
0.064787 -0.04468666 -5.875358 -3.358661 0.4179296 0.3901743 0.5384007 18.14872 1.507055 0 0.0 0.0787035764813493 6.767601889967007 0.0 0.0
0.06795977 -0.01325699 -1.584001 -4.696678 0.7580849 0.7241492 0.5997719 19.06661 1.16827 0 0.0 0.06924072589389138 4.956595949205967 0.0 0.0
-0.006395687 -0.06895783 -2.395583 -10.72935 1.096643 1.062576 0.5080771 19.02761 1.475889 0 0.0 0.06925378784233299 10.993533068690382 0.0 0.0
0.06394215 -0.04644605 -4.004301 -2.040621 0.5952577 0.5749168 0.5236386 19.09005 1.433222 0 0.0 0.07903058969301065 4.494280872869652 0.0 0.0
0.05755141 -0.02283108 -1.129193 -1.180425 1.724329 1.445469 0.4679435 20.0699 nan 0 0.0 0.061914642912274796 1.633548288809976 0.0 0.0
-0.008717722 -0.08226544 -1.438034 -7.114974 0.7248416 0.7134 0.5259992 19.16095 1.315382 0 0.0 0.08272606176570285 7.258842662975414 0.0 0.0
0.03570865 -0.06408239 0.1981839 1.659818 1.730057 1.710362 0.7297418 20.174 1.141535 0 0.0 0.07335980093303553 1.6716078042840103 0.0 0.0
0.04156079 -0.05553427 -0.7420538 -2.623955 0.5449096 0.5009188 0.7889589 18.17971 1.422367 1 0.0 0.06936392729551145 2.7268633416655557 0.0 0.0
0.0327554 -0.03565596 -2.803777 -7.037826 0.7214219 0.7039637 0.734186 18.95189 1.138205 0 0.0 0.048417597138660236 7.57576136583017 0.0 0.0
0.01749228 -0.04860869 -2.950808 1.273126 1.808104 1.875105 0.8443141 19.73807 1.709061 1 0.0 0.051660280710759794 3.2137388918112184 0.0 0.0
0.06017131 -0.04997211 -0.7925617 -3.906486 0.5115625 0.4549003 0.589534 18.47892 1.297241 1 0.0 0.07821635586607317 3.986074123307655 0.0 0.0
0.05953822 -0.0480103 -1.9771 -0.1550879 0.2915318 0.2580596 0.6253174 17.51934 1.137991 0 0.0 0.07648391037897057 1.983173382921022 0.0 0.0
0.06593458 -0.03671033 -2.856376 -7.261809 0.8897981 0.7887706 0.9047612 18.36203 1.524521 0 0.0 0.07546533752979112 7.803380921488904 0.0 0.0
0.06789374 -0.04454416 3.206611 -4.270978 0.07035532 0.05708735 0.05003159 14.82089 1.733849 1 0.9951949 0.08120186033148008 5.3407496834999675 0.0 0.0
0.05854701 -0.02165059 4.053794 -4.035944 0.7267472 0.6942886 0.5964082 19.1309 1.417356 0 0.0 0.06242195468974197 5.720322522862849 0.0 0.0
0.04189131 -0.06668275 -0.6327498 -10.05143 1.04449 1.079887 0.8152103 19.27909 1.344553 0 0.0 0.07874941905232444 10.071326494275718 0.0 0.0
0.002531796 -0.06680439 -1.677843 -6.052418 0.06734561 0.0615148 0.4465474 14.44297 2.094911 1 0.0 0.06685234860689426 6.280678369362103 0.0 0.0
-0.006033727 -0.07113602 5.01359 -1.025093 1.196426 1.340119 0.8071096 19.35703 1.512627 0 0.0 0.07139145048919324 5.117313782322616 0.0 0.0
0.04201187 -0.06739897 -4.767525 -6.225381 1.474293 1.463127 0.8673984 19.32813 0.6683559 0 0.0 0.07942051610231327 7.841215672380526 0.0 0.0
0.03199783 -0.07623091 -3.582898 -5.166251 0.09374772 0.08083337 0.2441899 15.35185 1.939772 1 0.0 0.08267413600478084 6.287074635584105 0.0 0.0
0.03706753 -0.04756585 -3.186768 -7.236484 2.110098 2.070487 0.8620074 19.84746 1.273615 0 0.0 0.060303497962584225 7.907097505917073 0.0 0.0
0.05700507 -0.04499343 0.1244935 -5.526844 1.673864 1.666072 0.8019768 19.69551 nan 0 0.0 0.07262221938821341 5.52824594531378 0.0 0.0
-0.004525743 -0.06904554 -2.868088 -2.517566 1.76614 1.754747 0.6835011 20.15983 1.395517 0 0.0 0.06919370595360282 3.8162897348209817 0.0 0.0
0.05215308 -0.01539545 -0.390267 -4.066985 0.2067177 0.1848504 0.4003507 17.42925 1.394547 0 0.0 0.05437797011831997 4.085667059552699 0.0 0.0
0.03371867 -0.05715758 1.903612 0.2027207 0.181437 0.1579758 0.3297014 17.31293 1.254951 1 0.0 0.06636217038362519 1.9143757020899765 0.0 0.0
0.02376566 -0.0536988 -0.7922693 -4.025805 1.044675 1.085035 0.8299897 19.17801 1.143724 0 0.0 0.058722804060054895 4.1030228541585645 0.0 0.0
0.01538042 -0.06115323 -0.836837 -2.702807 1.545742 1.348207 0.5426807 20.02973 1.512148 0 0.0 0.0630577105420844 2.829392486704169 0.0 0.0
0.06514845 -0.04749434 1.172398 -1.717643 0.4883098 0.4095285 0.2126171 16.68821 1.159673 0 0.0 0.08062278133032934 2.0796188462920315 0.0 0.0
0.05619012 -0.04877463 0.01791059 -0.8282794 0.7834031 0.6632565 0.893145 18.08439 1.201632 1 0.0 0.07440627740487558 0.8284730253294359 0.0 0.0
0.03555696 -0.0733416 -4.971594 -6.66315 1.802694 1.806925 0.8914915 19.63061 1.290663 0 0.0 0.08150636597837987 8.3135019590625 0.0 0.0
-0.002444601 -0.08077761 -1.931851 -5.27393 1.556233 1.481354 0.6995354 19.74817 nan 0 0.0 0.08081459244073004 5.616616947157871 0.0 0.0
-0.00524956 -0.07127715 -3.710932 -2.711988 1.310973 1.449371 0.8126879 19.51992 0.9093838 0 0.0 0.07147020352787657 4.596291463861708 0.0 0.0
0.05265977 -0.05860745 -2.227776 -7.846639 1.117501 1.145929 0.8180047 19.24314 nan 0 0.0 0.0787901299145737 8.15675974284501 0.0 0.0
-0.003651072 -0.07116173 1.264037 -5.005204 1.199164 1.293635 0.787369 19.39027 1.426224 1 0.1638238 0.07125533063106286 5.16234991248995 0.0 0.0
0.02750649 -0.04288821 -0.7108211 -3.670911 0.08842366 0.08235808 0.4098986 15.5252 1.873888 1 0.0 0.05095101126694347 3.7390980471400064 0.0 0.0
0.03329781 -0.0415583 -4.962941 -7.845213 0.769911 0.6942354 0.6110042 18.39702 1.344072 0 0.0 0.05325257223539629 9.2832187513195 0.0 0.0
0.03945019 -0.04893843 -2.579758 -7.062983 0.5791404 0.5547904 0.4799164 18.73488 1.232538 0 0.0 0.06285926679417284 7.51936700772432 0.0 0.0
0.02524366 -0.05244481 -0.8715448 -1.742726 0.5699216 0.5297248 0.6846845 18.67136 1.567564 1 0.0 0.058203955760168916 1.9485082112947434 0.0 0.0
0.004854106 -0.07079268 -0.9555929 4.305312 2.401468 2.308932 0.7589355 20.31688 1.433973 0 0.0 0.07095890280043538 4.410087210914814 0.0 0.0
0.06156018 -0.04133205 0.7636973 -6.232814 2.145298 2.026689 0.8419315 19.89663 1.01063 0 0.0 0.07414845998963768 6.279427037924981 0.0 0.0
0.0688058 -0.005531426 1.777054 -1.236519 0.1799829 0.1553594 0.2319458 16.93181 1.296928 1 0.0 0.06902778271995615 2.1649249770550942 0.0 0.0
-0.005339912 -0.08022451 -2.247149 -2.003216 1.096706 1.163257 0.8359728 19.32766 1.198475 1 0.0 0.08040203147251843 3.0104074426656933 0.0 0.0
0.05271989 -0.06006372 -3.233008 3.541047 0.569265 0.5583904 0.532661 15.89709 1.465003 0 0.0 0.07991894182138862 4.794930091698209 0.0 0.0
0.03637282 -0.05766042 -2.14892 -5.828054 0.4101305 0.3710778 0.628094 18.14773 1.407661 1 0.0 0.06817408649427434 6.21160773015457 0.0 0.0
0.07006743 -0.03389775 1.003234 -4.148743 1.568656 1.465399 0.69302 20.07533 1.097046 0 0.0 0.07783638096589152 4.26831898278526 0.0 0.0
0.08051241 0.005614691 -2.502916 -9.007484 1.702 1.913323 0.7211911 19.79139 1.153742 0 0.0 0.08070794830147512 9.348762298470959 0.0 0.0
0.02711465 -0.03913642 3.544202 -4.332406 0.5934054 0.544788 0.6765365 18.7173 1.446999 1 0.9931802 0.04761159118364876 5.597419902565824 1.0 0.0
0.04204177 -0.06977934 -0.8388769 -0.1809335 0.1765868 0.1558821 0.5908515 16.78966 1.530915 1 0.0 0.0814657395201719 0.8581674573041441 0.0 0.0
0.02780757 -0.05022293 -4.524207 -5.31915 0.7356016 0.6891446 0.5913895 19.01006 1.221449 0 0.0 0.05740734837187483 6.982965394540416 0.0 0.0
