jas1101finalproject/data/gcs/NGC_6356.ecsv
# %ECSV 0.9
# ---
# datatype:
# - {name: x, unit: deg, datatype: float64}
# - {name: y, unit: deg, datatype: float64}
# - {name: pmx, unit: mas / yr, datatype: float64}
# - {name: pmy, unit: mas / yr, datatype: float64}
# - {name: pmx_e, unit: mas / yr, datatype: float64}
# - {name: pmy_e, unit: mas / yr, datatype: float64}
# - {name: pm_corr, datatype: float64}
# - {name: g_mag, unit: mag, datatype: float64}
# - {name: bp_rp, unit: mag, datatype: float64}
# - {name: filter, datatype: int64}
# - {name: memberprob, datatype: float64}
# - {name: r, unit: deg, datatype: float64}
# - {name: pm, unit: mas / yr, datatype: float64}
# - {name: member_prob_GMM, datatype: float64}
# meta: !!omap
# - comments: [deg deg mas/yr mas/yr mas/yr mas/yr dimless mag   mag   zeroone float]
# - __serialized_columns__:
#     bp_rp:
#       __class__: astropy.units.quantity.Quantity
#       unit: &id001 !astropy.units.Unit {unit: mag}
#       value: !astropy.table.SerializedColumn {name: bp_rp}
#     g_mag:
#       __class__: astropy.units.quantity.Quantity
#       unit: *id001
#       value: !astropy.table.SerializedColumn {name: g_mag}
#     pm:
#       __class__: astropy.units.quantity.Quantity
#       unit: !astropy.units.Unit {unit: mas / yr}
#       value: !astropy.table.SerializedColumn {name: pm}
#     pmx:
#       __class__: astropy.units.quantity.Quantity
#       unit: !astropy.units.Unit {unit: mas / yr}
#       value: !astropy.table.SerializedColumn {name: pmx}
#     pmx_e:
#       __class__: astropy.units.quantity.Quantity
#       unit: !astropy.units.Unit {unit: mas / yr}
#       value: !astropy.table.SerializedColumn {name: pmx_e}
#     pmy:
#       __class__: astropy.units.quantity.Quantity
#       unit: !astropy.units.Unit {unit: mas / yr}
#       value: !astropy.table.SerializedColumn {name: pmy}
#     pmy_e:
#       __class__: astropy.units.quantity.Quantity
#       unit: !astropy.units.Unit {unit: mas / yr}
#       value: !astropy.table.SerializedColumn {name: pmy_e}
#     r:
#       __class__: astropy.units.quantity.Quantity
#       unit: &id002 !astropy.units.Unit {unit: deg}
#       value: !astropy.table.SerializedColumn {name: r}
#     x:
#       __class__: astropy.units.quantity.Quantity
#       unit: *id002
#       value: !astropy.table.SerializedColumn {name: x}
#     y:
#       __class__: astropy.units.quantity.Quantity
#       unit: *id002
#       value: !astropy.table.SerializedColumn {name: y}
# schema: astropy-2.0
x y pmx pmy pmx_e pmy_e pm_corr g_mag bp_rp filter memberprob r pm member_prob_GMM
[from data line 8934]
0.03789071 0.06613736 -2.238482 -6.282427 0.3790064 0.2959815 0.3988073 17.91832 1.31777 1 0.0 0.07622241331835211 6.6693096100460805 0.0
-0.1135411 0.06857527 -1.336785 -5.335836 0.1892127 0.1479724 0.1457754 17.19146 1.618113 1 0.0 0.13264293816401573 5.500739946145518 0.0
0.01234437 0.09617214 1.339645 -5.618727 0.665262 0.6199325 0.2997127 18.53026 1.173368 0 0.0 0.09696114676960303 5.776222106754033 0.0
0.005453731 0.06330889 1.285479 1.233135 2.044592 2.032464 0.3366066 20.29711 0.9220848 0 0.0 0.06354336106040082 1.7813136129457947 0.0
0.04134238 0.03539778 -5.138144 -2.94293 1.798746 1.470717 -0.03484838 19.9659 nan 0 0.0 0.05442605270449805 5.9212634420059365 0.0
0.03337583 0.01389028 -2.163698 0.8714188 1.014436 0.7697084 0.2008491 18.4349 1.18725 0 0.0 0.0361508769833776 2.3325864957590405 0.0
-0.004426914 0.006475668 -11.57388 -9.889441 0.6251986 0.3844925 0.4907984 16.80462 nan 0 0.0 0.007844223582332416 15.223525923611817 0.0
0.05081838 0.04361219 -2.979456 -4.898061 1.656109 1.622522 0.4883642 20.04846 1.729715 0 0.0 0.06696663992183348 5.733075929695769 0.0
-0.03781455 0.01936348 -2.044986 -5.368805 3.058148 2.859195 0.2901579 20.73146 0.8595905 0 0.0 0.04248393283834372 5.745087890382618 0.0
0.01323811 -0.004171588 -4.670651 -5.104508 0.3844125 0.2890449 0.5159348 17.1918 1.21062 0 0.0 0.01387983079197452 6.918885942539088 0.0
-0.07428354 0.02311522 -2.485144 -4.202569 0.3316278 0.2566188 0.2180579 18.07351 1.284779 1 2.488081e-05 0.07779690039185366 4.882368984468196 0.0
0.01254421 0.04405005 -3.918001 -3.486696 0.2352597 0.1763847 0.2149517 17.29558 1.403208 1 0.9758219 0.04580135488745502 5.244786061644174 0.0
-0.01395732 0.008512225 -4.147094 -3.895165 0.1145482 0.07890483 0.3008909 15.7392 1.784661 1 0.05980421 0.016348234034079187 5.689525377574214 0.0
-0.06970969 -0.006795883 -3.898499 -2.190097 1.867363 1.599071 0.5875046 20.22765 0.9651508 0 0.0 0.07004016637363014 4.471556700122453 0.0
0.01396988 0.06520624 -0.6011093 -5.883658 1.79417 1.864792 0.4613618 20.29525 1.352303 0 0.0 0.06668591517068653 5.914284728647284 0.0
-0.0167165 -0.003605398 -2.0056 -3.128303 0.5916201 0.3915934 0.5786848 18.17597 1.260984 0 0.0 0.017100884976760822 3.716007403088562 0.0
-0.0004171485 -0.03203555 -3.942729 -3.399453 0.1339346 0.09538761 0.3510086 16.18525 1.556027 1 0.991064 0.032038265818760424 5.205899794142219 1.0
-0.09034168 0.05866078 -0.7666558 -8.134485 2.164492 2.079572 0.4248403 20.33534 nan 0 0.0 0.10771585888545289 8.170532867010488 0.0
0.1054333 0.05742417 1.037887 0.2948253 1.093648 0.9620252 0.5874474 19.2917 1.486809 1 0.0001925667 0.12005713660203168 1.0789492028307404 0.0
0.01373734 0.06487057 -1.973035 -8.322822 2.12995 2.164946 0.2685412 20.44159 nan 0 0.0 0.06630916499550044 8.553492453665287 0.0
-0.003207497 0.05762887 -0.348295 -5.45861 2.990087 2.917544 0.2673483 20.65219 0.7391491 0 0.0 0.05771806211648056 5.469710462092578 0.0
-0.1253132 0.02777684 -1.452604 -8.911643 0.5466862 0.4311614 0.5036945 18.81584 1.064726 0 0.0 0.12835478539822973 9.029254639241547 0.0
-0.06867365 0.09458578 -3.804288 -5.753267 1.228007 0.9534163 0.1446365 20.10314 1.217398 0 0.0 0.11688686830662758 6.897295728054075 0.0
-0.124395 0.002888481 -3.131943 -6.049298 0.8948365 0.657162 -0.1439751 19.18367 1.129797 0 0.0 0.12442853108305732 6.811980126809899 0.0
0.0324932 0.1138011 -4.603567 -8.378584 0.3712885 0.3002498 0.2382744 18.23475 1.141186 1 0.0 0.11834905325962689 9.559994715926626 0.0
-0.04968878 -0.01788041 -3.279664 -4.915569 1.346138 0.9496397 0.4138485 19.96835 0.954937 0 0.0 0.052807991058707204 5.909231299133331 0.0
0.01033543 0.04257581 -2.804226 -6.116401 0.09809354 0.06947529 0.179262 15.36604 1.774854 1 0.0 0.04381233514024332 6.7285990110777885 0.0
0.0186725 0.00834204 -2.685397 -8.579175 0.1211841 0.08893569 0.2982244 16.07402 1.519536 1 0.0 0.02045120748541758 8.989638520443076 0.0
0.0396006 0.04370658 -4.502388 -9.448969 1.833157 1.812997 0.4401698 20.1108 0.4058247 0 0.0 0.0589785779385736 10.466829169595966 0.0
-0.005590314 0.04399699 -5.218962 -6.336719 0.4647406 0.4022721 0.3400954 18.66413 1.276489 0 0.0 0.04435072422947224 8.209236995141815 0.0
-0.06085112 0.001210595 -3.0149 -7.415749 1.373413 1.06733 0.4222434 20.12232 0.6853828 0 0.0 0.060863160824167074 8.005183023579225 0.0
0.04559199 0.0620691 -0.5156037 -2.42157 1.858291 2.027081 0.7567854 19.56822 1.30567 0 0.0 0.07701430209363778 2.475853073256507 0.0
-0.01303475 0.1076658 -2.344683 -5.55904 1.755268 1.782769 0.4776102 20.19734 0.513567 0 0.0 0.10845196723528118 6.033279712734111 0.0
-0.07751488 -0.03020227 -7.136714 -6.239739 1.292989 0.9834732 0.4715687 19.85903 1.211498 0 0.0 0.0831909474316004 9.479822229657948 0.0
-0.006868987 0.0428945 -5.57074 -5.037125 1.027341 0.9365453 0.2141774 19.40007 1.062822 0 0.0 0.043441007270275965 7.510377647843349 0.0
0.01660716 -0.01709606 -3.953514 -3.149259 0.1999225 0.1464617 0.2779498 17.09034 1.31642 0 0.0 0.023834282678301857 5.054513349203561 1.0
0.01644024 0.06318806 -4.915062 -7.464236 0.9729597 0.7599104 0.451842 19.13966 0.5742226 0 0.0 0.06529174846656506 8.937150190499207 0.0
-0.06183599 0.07653716 -1.93327 -5.257878 1.170875 0.9181858 0.2482188 19.9157 1.317537 0 0.0 0.09839525659372865 5.602036590007602 0.0
0.0133247 -0.01181053 -6.744797 -5.656019 0.6451169 0.5123236 0.4560159 18.72897 nan 0 0.0 0.017805511758186003 8.802433612335284 0.0
-0.06692717 0.01081573 -1.219331 -9.459029 0.6345376 0.5396434 0.3135855 19.06537 1.198786 0 0.0 0.06779547256005963 9.537295094019163 0.0
0.01632105 0.03109122 -4.611508 -5.259641 1.406368 1.309945 0.5465526 19.54365 1.210094 0 0.0 0.03511467832959459 6.99498602449962 0.0
0.03194881 -0.004208291 -4.37975 -3.030728 0.3899077 0.3024798 0.4304677 17.83252 nan 0 0.0 0.03222477577201711 5.32611699763383 1.0
0.02152027 0.01078694 -5.032999 -1.287416 1.029968 0.7304832 -0.09684297 18.84631 1.219982 0 0.0 0.024072392806626017 5.195047535014189 1.0
0.0549171 0.04695455 0.01719361 -3.853284 2.285067 2.089824 0.3784701 20.27738 0.8281231 0 0.0 0.07225384168411048 3.8533223593258885 0.0
-0.02965118 0.03050013 -1.63008 -0.2522638 0.2527725 0.2029013 0.3492407 17.62453 1.211514 1 0.0 0.04253763516474911 1.6494841106207843 0.0
0.04082321 0.05253161 -4.089847 -5.772613 1.511386 1.430341 0.5875896 19.68259 0.8493557 0 0.0 0.06652897507023688 7.074596054276032 0.0
0.03656918 -0.0002571525 -1.798524 -2.879911 0.3733424 0.3225792 0.6217921 17.80552 1.422527 1 6.231309e-05 0.03657008413007353 3.395375670893723 0.0
-0.05777191 0.003042674 -7.851765 -1.771535 1.962574 1.735682 0.4673294 20.20087 1.078716 0 0.0 0.05785197879172654 8.049133485751742 0.0
0.0310629 0.08074896 -6.46025 -8.854865 3.197686 3.053793 0.3512536 20.7744 0.5981178 0 0.0 0.08651761842244388 10.960997410396784 0.0
-0.03026016 0.02298317 -2.366147 -1.356354 0.4287247 0.3545102 0.2704181 17.95575 1.464598 0 0.0 0.03799872874813709 2.727333459429741 0.0
-0.09972161 -0.00728698 -2.956185 -6.364183 1.262947 0.9457199 0.3021471 19.8389 1.290539 0 0.0 0.09998749711095133 7.017254093426716 0.0
-0.009779816 0.1285857 -4.59376 -4.362411 1.255907 1.023234 0.1302589 19.94243 nan 0 0.0 0.12895707442976465 6.335081741423783 0.0
-0.04214329 0.01572901 -2.95067 -2.827794 2.199028 2.21961 0.4376486 20.30134 1.070585 0 0.0 0.04498287060208808 4.086914772213387 0.0
0.06253836 0.06687238 0.3119495 -2.905274 0.6619325 0.4579322 0.3290127 18.71507 1.065535 0 0.0 0.09155851505105354 2.921973563471485 0.0
0.009899019 0.03374862 -3.564166 -3.331712 0.1816093 0.1268794 0.2762272 16.81672 1.383307 1 0.980109 0.03517044112698561 4.8788916903842 1.0
0.02401846 0.005879013 0.8646954 -1.546228 0.2626072 0.2052797 0.3974238 17.48445 1.18952 0 0.0 0.024727499158341285 1.7715866229922712 0.0
0.009523256 0.07165909 -2.544961 -9.90568 0.6384725 0.5106695 0.1722967 19.06627 1.127142 0 0.0 0.07228912493916105 10.227381031032383 0.0
-0.0001266899 0.01687459 -0.2658868 -8.40455 0.8556411 0.6113686 0.268661 17.00639 1.31861 0 0.0 0.01687506557020926 8.408754752810562 0.0
-0.06894728 0.05026275 -1.474893 -6.491351 1.31255 1.642315 0.8659738 19.05187 1.198513 1 0.0 0.08532333477402826 6.6567970651545325 0.0
0.019892 0.0007449385 -3.436701 -3.387069 0.1174544 0.08431915 0.2390943 14.22618 3.092694 1 0.9359065 0.01990594376985885 4.825261668983559 0.0
0.01193662 0.08465751 0.6228742 -5.559622 0.5209522 0.4346867 0.04402143 18.63412 1.009354 0 0.0 0.08549489397867278 5.594405156217205 0.0
0.0481647 0.009990184 -10.05022 2.054416 3.584219 3.197507 -0.3072207 20.24484 nan 0 0.0 0.0491898577192886 10.258047920996274 0.0
-0.02044716 0.09923077 -0.399926 -7.720623 1.360165 1.089064 0.2070151 20.10338 1.038094 0 0.0 0.10131550753393333 7.730974085689655 0.0
0.007691789 0.0647851 -3.446915 -10.66223 2.629546 2.631757 0.2513807 20.61477 0.9433594 0 0.0 0.06524011649307902 11.205550927559296 0.0
-0.05859575 0.03441638 -0.2116677 -1.705508 0.3140114 0.2438264 0.2779544 18.08363 1.142319 0 0.0 0.06795549374676708 1.7185926664824593 0.0
-0.06686352 -0.003954751 -3.086671 -3.325877 2.214104 1.67389 0.2712608 20.26127 0.7601089 0 0.0 0.06698037296299865 4.537509854685718 0.0
0.1039033 0.07529119 -6.660409 -6.264249 1.561348 1.398589 0.6391264 19.79479 0.6148338 0 0.0 0.12831468755565786 9.143405469587467 0.0
0.03265667 0.05359759 -3.135505 -4.606837 1.343174 1.333141 0.4003386 19.55115 0.9549389 0 0.0 0.0627627257956265 5.5726419900792115 0.0
-0.04154982 0.08773535 -2.633892 1.121426 2.122188 2.147504 0.3826806 20.34034 nan 0 0.0 0.09707666651495045 2.8626881320080955 0.0
-0.02701762 0.1024304 -7.691696 -6.422434 2.188402 2.16093 0.3545857 20.40974 nan 0 0.0 0.10593365204043709 10.020471338254104 0.0
0.006906779 0.05826391 -2.538788 -3.233656 0.7250141 0.6550522 -0.01992933 19.15376 1.113678 1 0.4663966 0.05867185700694108 4.11120123993949 0.0
0.02148853 -0.01151568 3.341904 -4.933625 0.8278455 0.6864576 0.4323188 18.92894 nan 0 0.0 0.02437965970688065 5.9589410121128905 0.0
0.0009484791 0.02598027 -5.076449 -6.645456 0.3128215 0.2210091 0.281888 17.69032 1.267698 0 0.0 0.025997577615540196 8.36256060650905 0.0
-0.06427677 0.07418644 2.371557 -2.554507 0.2860837 0.2263077 0.1635946 17.96974 1.223463 1 0.0 0.09815870334059279 3.485654689910921 0.0
-0.09061845 0.08867847 -1.289776 -0.4132417 1.693467 1.601453 0.3862802 20.20652 1.050661 0 0.0 0.12678948900418915 1.3543599347274307 0.0
-0.09623887 0.05341821 -0.6607938 -1.143528 0.7595044 0.6510518 0.2080102 19.40273 1.328093 1 7.608629e-05 0.11007009247966044 1.3207212926664127 0.0
0.06060474 0.02174901 0.5056836 3.038613 1.494586 1.355833 0.5762811 19.60312 1.300636 0 0.0 0.06438908250975238 3.0804033611002892 0.0
0.04915439 0.1223308 -4.072706 -1.079853 0.8783789 0.8762227 0.4301431 19.21212 1.042555 1 0.01786294 0.13183693975859764 4.213432883533924 0.0
-0.02638069 0.1203557 -7.548499 -3.41658 2.416063 2.279558 0.3742926 20.32911 1.091753 0 0.0 0.12321296736693789 8.285701904449676 0.0
-0.06994697 0.005559829 -1.977364 -0.5854426 2.830651 2.627114 0.4713944 20.58195 nan 0 0.0 0.07016758732271006 2.062210325449555 0.0
-0.01297247 0.05060557 1.836559 -7.895388 2.084285 2.065164 0.2635399 20.19805 nan 0 0.0 0.052241828958467754 8.10617669626224 0.0
0.01874332 0.1297637 -3.21902 -5.394954 1.62247 1.54062 0.3819428 20.13068 nan 0 0.0 0.13111037290127886 6.282325876816325 0.0
0.006094024 0.08877196 -5.36905 1.931453 0.227938 0.1973152 0.3421577 17.43349 1.316872 1 0.0 0.08898088564829064 5.705892444982555 0.0
-0.03295768 -0.003531366 3.039337 -2.355597 2.645746 2.294834 0.3693789 20.04374 1.094206 0 0.0 0.033146330367151595 3.845309691816512 0.0
-0.01558444 0.008369039 -3.124553 -2.943049 0.2485215 0.1881132 0.5145439 17.23921 1.455528 0 0.0 0.017689420111951692 4.292361688652297 0.0
0.09137004 0.06449674 -7.338775 -3.119459 1.722024 1.558987 0.5375206 19.87695 1.105555 0 0.0 0.11184057260327845 7.974248739116808 0.0
-0.0626223 -0.002097361 -1.897964 0.9392474 1.48192 1.10254 0.3493756 20.18143 1.869547 0 0.0 0.06265741281328428 2.11765271555625 0.0
0.04807606 0.1126932 1.824506 -2.736927 0.4802042 0.3901552 0.2495761 18.71579 1.089687 1 0.0 0.12251965096001376 3.289314753465378 0.0
-0.02719036 0.0912915 1.044683 -2.103895 0.3755905 0.3132518 0.3332753 18.30834 1.28581 1 0.0 0.09525467783358253 2.3489863221215233 0.0
-0.06896445 0.01945525 -1.62172 -4.192663 0.9141036 0.8193771 0.2335527 19.5948 2.380598 0 0.0 0.07165613802295655 4.4953752668680504 0.0
0.0572598 0.1023928 -5.347451 -17.38032 2.154441 2.169613 0.4837651 20.5031 1.368586 1 0.0 0.11731568602654975 18.18435469022206 0.0
0.004726943 0.05700895 -3.832984 -2.084308 1.198079 1.077081 -0.03300489 19.81343 0.8974934 1 0.5214071 0.05720458347219871 4.363038641029896 0.0
0.03339351 0.108632 -4.874907 -4.205008 1.278135 1.080821 0.3698188 19.81184 1.160336 0 0.0 0.1136487480534656 6.43791973689584 0.0
-0.07703527 0.07013591 -2.611645 -7.029346 0.4646897 0.3830285 0.1938586 18.42697 1.407907 0 0.0 0.10418003021453295 7.4988262277333115 0.0
0.0007449204 -0.00924846 -2.439666 -4.397613 0.7620121 0.5261355 0.3635519 17.94838 1.257797 0 0.0 0.009278411435905187 5.029012854360684 0.0
-0.02401842 0.06613977 -4.856797 -3.121317 0.8353473 0.7207842 0.213868 19.46865 1.095736 0 0.0 0.07036585588870002 5.77330900902576 0.0
-0.1143763 0.01108534 -3.481329 -2.874702 1.001929 0.7672674 0.3881744 19.59801 0.8653069 0 0.0 0.11491223940297048 4.5148159646928026 0.0
-0.02446119 0.115889 -2.839385 -7.155571 1.765052 1.819449 0.4990821 20.23501 0.9081211 0 0.0 0.11844243385381821 7.698331216196533 0.0
-0.09302225 0.01563916 -2.567797 -4.735926 0.7362232 0.5901516 0.3967977 19.30153 1.144199 0 0.0 0.09432773887127847 5.387260575717959 0.0
0.01219434 0.02759538 -3.22353 -5.599512 2.728622 2.103631 -0.2161468 20.07657 nan 0 0.0 0.030169635817821863 6.461089714517513 0.0
-0.06559805 0.1104885 -3.669595 -6.239429 0.6822709 0.5708864 -0.03677998 19.02666 nan 0 0.0 0.12849440764505085 7.238535881659081 0.0
0.01274879 0.06020908 -3.408564 -0.344017 3.145323 2.798217 0.1940585 20.37569 nan 0 0.0 0.06154400832664785 3.4258803596134237 0.0
-0.0703209 -0.004038097 -0.9750661 -0.7153253 1.005131 0.7922676 0.279337 19.60123 0.8671684 0 0.0 0.07043674612154802 1.2093155850270434 0.0
0.0283084 0.1247023 4.405977 -2.950731 1.174285 0.9516618 0.3650743 19.78598 0.6035633 0 0.0 0.12787505282833708 5.302777268459425 0.0
0.01681591 0.04007669 -2.924517 -9.071996 1.001307 0.935389 0.5830831 19.16189 1.011425 0 0.0 0.04346166023616907 9.531731800009116 0.0
-0.05033666 0.01309093 -5.362279 -7.429325 3.002099 2.439223 0.5961381 20.29695 1.274183 0 0.0 0.0520110737076298 9.162363561301527 0.0
-0.003236323 0.04451013 -3.719651 -1.171152 0.427472 0.3377137 0.3267089 18.25348 1.073254 0 0.0 0.04462763111769691 3.899666725363207 0.0
-0.1165141 0.0367626 3.053526 -1.052066 2.689324 2.138371 0.5546016 20.53708 1.269136 0 0.0 0.12217620168252899 3.229684799021725 0.0
-0.1077709 0.04335226 -3.330356 -5.216444 1.241022 0.9146389 0.3872173 20.10043 0.5590534 0 0.0 0.11616361450091676 6.188906130478309 0.0
-0.076535 0.05576235 -0.034531 -5.003341 0.2261115 0.1774673 0.2523721 17.58143 1.570967 1 0.0 0.09469448718126362 5.003460157954892 0.0
0.06566249 0.02620469 -5.659903 -4.251587 0.2474583 0.1912608 0.3389338 17.45917 1.549603 1 0.0 0.07069829114622361 7.0788766049407865 0.0
0.00780645 0.02816401 -1.221592 -4.848924 1.089962 0.8760546 0.4727188 19.51057 0.9912224 0 0.0 0.02922588101123044 5.0004350782946885 1.0
0.009318898 0.05447962 -6.061532 -2.00463 2.498176 2.171699 0.4270963 20.2078 0.7090874 0 0.0 0.05527088614522843 6.384411611411344 0.0
0.09697189 0.05028023 7.207996 -15.04724 2.977169 2.592568 -0.2247846 20.14033 nan 0 0.0 0.10923208768042933 16.684562863725738 0.0
-0.01933612 0.04036063 -2.258423 -3.793925 1.628083 1.72006 0.359612 20.1228 1.003086 0 0.0 0.04475339082853164 4.415239671020589 0.0
