jas1101finalproject/data/gcs/NGC_6569.ecsv
# %ECSV 0.9
# ---
# datatype:
# - {name: x, unit: deg, datatype: float64}
# - {name: y, unit: deg, datatype: float64}
# - {name: pmx, unit: mas / yr, datatype: float64}
# - {name: pmy, unit: mas / yr, datatype: float64}
# - {name: pmx_e, unit: mas / yr, datatype: float64}
# - {name: pmy_e, unit: mas / yr, datatype: float64}
# - {name: pm_corr, datatype: float64}
# - {name: g_mag, unit: mag, datatype: float64}
# - {name: bp_rp, unit: mag, datatype: float64}
# - {name: filter, datatype: int64}
# - {name: memberprob, datatype: float64}
# - {name: r, unit: deg, datatype: float64}
# - {name: pm, unit: mas / yr, datatype: float64}
# - {name: member_prob_GMM, datatype: float64}
# meta: !!omap
# - comments: [deg deg mas/yr mas/yr mas/yr mas/yr dimless mag   mag   zeroone float]
# - __serialized_columns__:
#     bp_rp:
#       __class__: astropy.units.quantity.Quantity
#       unit: &id001 !astropy.units.Unit {unit: mag}
#       value: !astropy.table.SerializedColumn {name: bp_rp}
#     g_mag:
#       __class__: astropy.units.quantity.Quantity
#       unit: *id001
#       value: !astropy.table.SerializedColumn {name: g_mag}
#     pm:
#       __class__: astropy.units.quantity.Quantity
#       unit: !astropy.units.Unit {unit: mas / yr}
#       value: !astropy.table.SerializedColumn {name: pm}
#     pmx:
#       __class__: astropy.units.quantity.Quantity
#       unit: !astropy.units.Unit {unit: mas / yr}
#       value: !astropy.table.SerializedColumn {name: pmx}
#     pmx_e:
#       __class__: astropy.units.quantity.Quantity
#       unit: !astropy.units.Unit {unit: mas / yr}
#       value: !astropy.table.SerializedColumn {name: pmx_e}
#     pmy:
#       __class__: astropy.units.quantity.Quantity
#       unit: !astropy.units.Unit {unit: mas / yr}
#       value: !astropy.table.SerializedColumn {name: pmy}
#     pmy_e:
#       __class__: astropy.units.quantity.Quantity
#       unit: !astropy.units.Unit {unit: mas / yr}
#       value: !astropy.table.SerializedColumn {name: pmy_e}
#     r:
#       __class__: astropy.units.quantity.Quantity
#       unit: &id002 !astropy.units.Unit {unit: deg}
#       value: !astropy.table.SerializedColumn {name: r}
#     x:
#       __class__: astropy.units.quantity.Quantity
#       unit: *id002
#       value: !astropy.table.SerializedColumn {name: x}
#     y:
#       __class__: astropy.units.quantity.Quantity
#       unit: *id002
#       value: !astropy.table.SerializedColumn {name: y}
# schema: astropy-2.0
x y pmx pmy pmx_e pmy_e pm_corr g_mag bp_rp filter memberprob r pm member_prob_GMM
[from data line 9204]
-0.01935845 -0.007919648 -4.200438 -7.31885 0.1011012 0.08363865 -0.008498067 14.79308 2.161648 0 0.0 0.020915793335334044 8.438557027972497 1.0
0.01983336 0.0661979 -4.028182 -5.257063 0.9505327 0.8058561 0.2569586 19.77325 nan 0 0.0 0.06910516719681388 6.622911867984731 0.0
-0.07683419 0.01756311 -5.736809 -2.791704 0.911905 0.762027 0.171915 19.10205 1.399529 0 0.0 0.0788159602227125 6.380014790429329 0.0
-0.02944539 -0.003899716 -5.776376 -2.031903 1.444306 1.268713 0.345116 19.78693 1.176668 0 0.0 0.02970250455993157 6.12332830205804 0.0
0.01131764 0.02697091 -7.406046 -5.311901 0.7557927 0.6254065 0.1473244 15.80003 1.872098 0 0.0 0.029249255740919293 9.11404463385587 0.0
-0.03032536 -0.008740852 -4.218294 -7.79438 0.4156986 0.3446482 0.08259732 18.6902 1.393646 0 0.0 0.031559942218190196 8.862638650810265 0.0
0.01014866 0.01050681 -4.225107 -7.094633 0.0676488 0.05660448 0.1502898 14.55172 2.165517 1 0.9940469 0.014607818323476645 8.25744188996435 1.0
0.000112905 0.04941537 1.83881 -0.2920722 0.9852221 0.827592 0.1299827 19.64931 nan 0 0.0 0.04941549898337489 1.8618615378466896 0.0
-0.04645204 -0.008448105 -3.369318 -7.258014 1.161504 1.00038 0.2430389 19.94139 nan 0 0.0 0.047214007436910344 8.001941702444476 0.0
-0.0001464326 -0.01037619 -4.255102 -7.237818 0.1850966 0.1578634 0.1267561 17.20362 1.29343 0 0.0 0.010377223203846141 8.395945594840882 1.0
-0.02353902 0.01681388 0.356054 -3.490191 1.244208 1.125589 0.8304811 19.09454 1.3519 0 0.0 0.028927357695005606 3.5083055265180367 0.0
0.03614461 0.04058681 -1.992918 -4.346237 0.9862066 0.8038014 -0.3842165 19.24985 1.282301 0 0.0 0.05434815524034096 4.781369909857739 0.0
0.01085503 0.06322774 -3.026747 -2.777113 0.413251 0.3564635 0.3876795 18.45047 1.288956 0 0.0 0.06415277688306642 4.107743178045337 0.0
-0.003905522 -0.01619178 -3.302427 -8.375547 1.595036 1.276755 -0.3480567 19.16784 2.990566 0 0.0 0.016656135255841434 9.003100112713286 0.0
-0.03660434 0.00304238 -1.366053 -5.077343 0.5608204 0.4763799 0.1883193 19.13659 1.295759 0 0.0 0.036730556528590745 5.257900031234713 0.0
0.008023029 0.01988736 -7.676358 -4.658589 0.7153084 0.5832355 -0.01740631 18.82106 1.463913 0 0.0 0.021444721544110593 8.979360980330672 0.0
0.01676386 0.02405947 1.288967 -6.28497 1.686988 1.301509 0.08119237 19.6319 0.6969624 0 0.0 0.02932379748225833 6.415783960514023 0.0
0.002604399 0.08295413 -2.623834 -5.181293 1.426347 1.200251 0.257097 20.18981 0.6797428 0 0.0 0.08299500333277962 5.80777943894265 0.0
-0.04768039 0.01049315 -3.777626 -7.08422 0.1529515 0.126072 0.03093757 16.87444 1.362865 1 0.9018796 0.0488213660959482 8.028488724802196 0.0
0.00268126 0.04853795 -2.304818 -7.12382 1.450925 1.239634 0.3617247 20.02021 1.632832 0 0.0 0.048611950643747064 7.487389224925067 0.0
0.01710536 0.04742442 0.3236192 -2.417009 0.5484958 0.4647858 0.1931887 18.99842 1.304365 0 0.0 0.0504149675499846 2.438577842245279 0.0
-0.0699878 -0.01629262 -3.803378 -6.228673 2.064773 1.804044 0.5960323 19.99166 nan 0 0.0 0.07185917906088547 7.2980854716708405 0.0
-0.06738107 -0.0003070921 1.291115 -4.594626 0.2692364 0.2323647 0.242954 17.88704 1.625359 0 0.0 0.06738176978903702 4.772584836658328 0.0
0.000372358 0.05454232 -8.931931 -5.725779 0.2859229 0.2381538 0.1090661 17.95693 1.592764 0 0.0 0.05454359102096747 10.60961528735147 0.0
0.0004501705 0.05012299 -3.474026 -8.152968 0.9288347 0.7912352 0.2283458 19.75951 nan 0 0.0 0.05012501152138691 8.862265165165168 0.0
-0.01817985 0.06353177 -2.555722 1.054672 0.9665124 0.7620721 -0.2239023 19.45886 nan 0 0.0 0.06608171263939366 2.764787147117839 0.0
0.02203886 0.06588841 -3.522659 -6.112719 1.023214 0.8470831 0.01135344 19.7959 1.341415 0 0.0 0.06947657103245453 7.055101700418074 0.0
-0.06970799 0.02515238 -3.155384 -3.281117 0.357733 0.3028827 0.2879666 18.45279 1.27351 0 0.0 0.07410699082748198 4.552161789210155 0.0
-0.03488665 -0.01361383 1.747338 -5.129752 1.053265 0.8840634 -0.1197406 19.72546 nan 0 0.0 0.037448827958848054 5.419183118122878 0.0
0.005064824 -0.009655351 -2.525676 -8.35008 0.4194382 0.3516689 0.02049807 17.63065 nan 0 0.0 0.010903130059032451 8.723696192748577 0.0
0.01868142 0.01555805 0.6897187 -5.481389 0.4334293 0.3628634 0.05353632 18.63611 nan 0 0.0 0.024311486441986635 5.524611955101525 0.0
0.00159223 0.08203099 -2.676927 -0.5231068 1.022428 0.8547549 0.0458672 19.87534 nan 0 0.0 0.0820464412193058 2.7275591446447573 0.0
-0.01817993 0.06393422 6.658682 -4.726185 1.041151 0.8448917 -0.2347754 19.6584 nan 0 0.0 0.06646874710578875 8.165468182005794 0.0
0.02851605 0.03418842 -3.020752 -11.36767 1.428643 1.165916 -0.1933444 19.88501 1.259874 0 0.0 0.044519806487662315 11.762179384553017 0.0
0.0250159 0.0401232 -1.831028 0.7550126 1.273195 1.053028 0.05340242 20.04916 nan 0 0.0 0.04728283442275854 1.9805826321925477 0.0
-0.01843271 0.03033814 -5.340477 -7.524186 0.9943798 0.8214777 0.006840121 19.32058 nan 0 0.0 0.035498838524713736 9.226812534679839 0.0
-0.01747938 0.06409457 -1.332005 2.488032 1.167324 0.9650894 0.0971348 19.79139 nan 0 0.0 0.06643525140066305 2.8221517593937078 0.0
-0.02294191 0.014262 5.10255 -1.141462 0.4544849 0.3757501 0.209412 18.63092 1.349531 0 0.0 0.02701362394141334 5.228666369156097 0.0
-0.06021029 -0.02221185 7.975424 -0.6866685 1.883896 1.645305 0.416676 19.29358 1.22753 0 0.0 0.0641766725711656 8.004929831589298 0.0
-0.04808498 -0.009332043 -1.36398 -6.278418 1.085578 0.9244698 0.1665216 19.50763 1.082647 0 0.0 0.048982163367436604 6.424871518024622 0.0
0.02880712 0.05260187 -6.244885 -6.544487 0.06996779 0.05888228 0.1438811 14.79138 1.926179 1 0.0 0.059973384848541776 9.045932718984483 0.0
-0.02506305 -0.005607406 -0.3296369 -3.844985 0.4079104 0.3458243 0.2039601 18.34166 1.374477 0 0.0 0.025682668812865534 3.8590892884288914 0.0
-0.07375048 0.02065744 1.039433 -6.597174 0.6060942 0.5090165 0.1285371 19.02003 0.8431797 0 0.0 0.07658892300838288 6.678557160627212 0.0
-0.01111889 0.03588969 -0.04883706 -5.618025 1.136425 0.8494238 -0.1724249 19.47996 nan 0 0.0 0.0375725905831392 5.618237264396587 0.0
-0.05970631 -0.03987548 -4.562317 -3.728868 1.463406 1.266741 -0.2670848 20.02576 nan 0 0.0 0.07179761388128786 5.892299463699464 0.0
-0.06165243 0.04114742 -4.400745 -7.285955 0.135179 0.1139267 0.2181357 16.80421 1.594096 1 0.8882952 0.07412241427234612 8.511856249787705 0.0
0.01178394 0.0225973 -3.846023 -7.482446 0.4091366 0.3437398 0.2665454 18.41621 1.623602 0 0.0 0.025485274360179055 8.413019140560957 1.0
0.04392525 0.0372513 -0.3847997 -2.364593 0.4567956 0.378008 -0.0434115 18.55738 nan 0 0.0 0.05759415716244574 2.3956984085583666 0.0
-0.07597428 -0.01890279 -1.48218 -1.052126 0.771853 0.6577426 0.3391249 19.03397 1.447371 0 0.0 0.07829052746854182 1.8176431641760713 0.0
-0.0408585 0.06534222 -0.8819209 -5.590554 1.311579 1.075659 0.08407706 19.95184 nan 0 0.0 0.0770650552246503 5.65968890494635 0.0
0.02605325 0.03913872 -4.622544 -8.301049 1.800291 1.532268 0.2050134 19.8507 0.9742241 0 0.0 0.04701713771382622 9.501332934506454 0.0
-0.06538059 0.03078032 0.02434565 -2.837365 1.269374 1.125713 0.593901 19.54758 nan 0 0.0 0.07226375058112124 2.837469445456448 0.0
-0.06422065 0.003944734 -4.921452 -9.358589 1.558938 1.348722 0.5580401 19.92928 nan 0 0.0 0.06434168798495465 10.573735284147462 0.0
0.02184835 0.02832324 -5.092987 -5.326189 0.8858265 0.7194476 -0.2307576 19.16492 nan 0 0.0 0.035770886511520786 7.36931515446924 0.0
-0.00453229 0.07709468 0.8518877 -7.640863 1.946118 1.593371 0.02134918 19.30777 nan 0 0.0 0.07722778863172569 7.6882052546859265 0.0
0.02410611 0.03296897 -7.102319 -7.558088 0.1883117 0.1610284 0.4227616 17.01758 1.742367 1 0.0 0.04084185992573061 10.371481542841648 0.0
-0.07295108 -0.00635953 0.3575488 0.3292153 0.4786564 0.4035549 0.2650213 18.96861 1.182623 1 0.0 0.0732277522185906 0.4860286597882166 0.0
-0.06314219 -0.01844108 -7.5992 -5.333561 1.850259 1.461161 -0.3139372 19.88365 nan 0 0.0 0.06578000904197642 9.284110812604565 0.0
-0.0565888 0.03274307 -2.689915 -9.020163 1.364085 1.223823 0.6544658 19.77903 1.077684 0 0.0 0.06537890270159709 9.412703291498888 0.0
0.009424726 0.03175284 -3.927259 -7.214563 0.189708 0.1567528 0.1712418 17.17623 1.457985 0 0.0 0.033122021499912654 8.214212228451977 0.0
0.02284006 0.05296784 -6.297524 -6.813165 0.2446842 0.2055338 0.1291415 17.23781 1.612432 0 0.0 0.057682409927717136 9.27782441350347 0.0
-0.06377941 0.003321337 0.9347721 -2.33393 0.2743892 0.2316148 0.08812866 18.04349 1.44305 0 0.0 0.06386583139219021 2.5141654925319474 0.0
0.00789641 0.05567113 -4.983738 -1.890736 0.8493718 0.7221674 0.2572194 19.65022 1.254482 0 0.0 0.05622835589242317 5.330340240016579 0.0
-0.002816714 -0.01505877 2.297565 -2.907083 1.891293 1.676904 0.1610315 19.32966 nan 0 0.0 0.01531993575935278 3.70539289389317 0.0
-0.04312726 0.03396341 0.3657877 -2.713287 0.3580248 0.2978584 0.07264051 18.42107 1.648434 0 0.0 0.05489511612097838 2.737832534294289 0.0
0.02203577 0.05288411 2.463543 -6.539421 0.1422111 0.1048747 -0.4344053 15.88272 1.776033 0 0.0 0.05729139769620741 6.988066336840972 0.0
-0.07549962 0.03471128 -5.837592 -3.972852 0.4752174 0.3971827 0.05912657 18.39747 1.640774 0 0.0 0.08309672423978456 7.061234550159625 0.0
-0.05008987 0.006391075 -1.80367 -6.936989 0.2858392 0.2424132 0.08483175 18.07895 1.544172 0 0.0 0.05049594950362381 7.167638513138131 0.0
0.03993955 0.05816337 -3.157617 -7.26588 0.6177936 0.5175572 0.2837345 19.05527 1.267595 0 0.0 0.07055597256050972 7.922345441413737 0.0
0.01583672 0.06234011 -1.992742 -3.870911 1.77269 1.545579 0.7307372 19.99683 nan 0 0.0 0.06432022244341588 4.353730888385845 0.0
0.02920388 0.07668964 0.6813801 -0.1206256 0.7144602 0.6059425 0.1902604 19.48002 0.9426727 0 0.0 0.08206197347361323 0.6919749822438453 0.0
0.04917252 0.05121807 -1.887737 -11.50038 1.086245 0.88869 -0.385991 19.48131 1.089294 0 0.0 0.07100160151486232 11.654282093958813 0.0
-0.07800637 0.02364657 -5.769345 0.8907591 0.1207365 0.1023888 0.1538194 16.09698 1.628326 1 0.0 0.08151168034914874 5.837704472072718 0.0
0.01770228 0.04866408 -4.142992 -5.905484 0.4824533 0.3662477 -0.1789551 18.5738 1.427698 0 0.0 0.05178381406815068 7.213814801221335 0.0
0.05353313 0.05478048 -3.394125 -4.113439 0.934948 0.7948742 0.1272578 19.75367 1.127834 0 0.0 0.07659436661156811 5.332960240086738 0.0
-0.03338376 -0.01142936 -4.281408 -8.806846 1.530134 1.318855 0.2023282 19.32075 1.205408 0 0.0 0.035286055344104415 9.79239454526726 0.0
-0.06602187 0.02075675 -0.9360565 -5.226742 0.8869119 0.7951257 0.6107008 19.2847 1.444172 0 0.0 0.06920787519393584 5.30989959469633 0.0
-0.004921442 0.07497751 -2.115616 -5.815262 0.3972125 0.3325941 0.15677 18.70247 1.100805 0 0.0 0.07513885544217096 6.18814214349509 0.0
-0.004895506 0.07525026 -9.206601 -3.216689 1.006677 0.8326379 0.05353409 19.69211 nan 0 0.0 0.07540933369990506 9.752363308240827 0.0
-0.008392472 0.005328537 -3.495499 -8.286737 0.8072776 0.6567973 0.2123582 17.7667 1.535231 0 0.0 0.009941171602540266 8.993804721371818 0.0
-0.06662453 0.02928407 2.172097 -3.232047 1.236262 1.062239 -0.00745193 19.87601 1.089558 0 0.0 0.07277626504215368 3.8941151995823136 0.0
-0.0009510428 0.07618499 -3.543641 -5.129771 1.572164 1.379279 0.5054615 19.92105 1.013853 0 0.0 0.0761909258619918 6.234736726544433 0.0
-0.08092879 0.01411685 -6.788317 -11.4148 0.7003005 0.5992379 0.2295883 19.41574 1.333471 0 0.0 0.08215080343360374 13.280772068388531 0.0
-0.008551435 0.04183136 -2.414212 -3.543682 0.6246681 0.5245322 0.1525328 19.25676 nan 0 0.0 0.042696483696070625 4.287901782698387 0.0
-0.07097284 -0.0164307 -4.264658 -2.604408 0.7518859 0.6272781 0.1970037 19.28492 nan 0 0.0 0.0728499273860695 4.997024003087037 0.0
-0.04383501 -0.005087984 1.079349 -1.943835 0.7414525 0.629255 0.188297 19.39604 nan 0 0.0 0.04412930639477983 2.2233957747162334 0.0
0.02330998 0.06457393 -7.281743 -4.505157 0.7256734 0.6157581 0.1873967 19.43259 0.6983433 0 0.0 0.06865236779052344 8.562722739450226 0.0
-0.07155202 -0.005027105 -0.4188288 -4.701818 0.2491808 0.2152925 0.2448681 17.78352 1.679432 0 0.0 0.07172839988987224 4.720435368568607 0.0
-0.02627344 0.05671868 0.9621855 -4.409467 0.1719678 0.1408433 -0.003991279 15.9305 1.721641 0 0.0 0.0625084179161175 4.5132250287903055 0.0
-0.02344713 -0.03862509 -4.406751 -8.11002 0.315345 0.2673374 0.381963 17.98025 1.759893 0 0.0 0.04518479260486873 9.229944678945861 0.0
-0.03759676 0.02041793 -1.536466 -6.340487 1.431831 1.20272 0.2691077 19.28115 1.202936 0 0.0 0.04278327042177234 6.523994418017616 0.0
-0.03868607 0.02049949 -1.841774 -0.745069 0.8477516 0.7221809 0.5587328 19.10674 nan 0 0.0 0.043781743938598426 1.9867710693074327 0.0
-0.0208771 0.05794648 -1.413236 -7.903596 0.4205191 0.3508012 0.1694762 18.80629 1.494478 0 0.0 0.06159259573033434 8.02895172005113 0.0
-0.03439205 0.05063158 -0.9751642 -3.981657 0.9253209 0.769634 -0.06549225 19.62867 0.6008835 0 0.0 0.061207597539022066 4.099333809609878 0.0
-0.004115651 0.04510658 -5.626503 -10.2202 0.7399538 0.6076171 0.03092498 19.38 1.16087 0 0.0 0.04529395260352314 11.666620078197841 0.0
-0.003880634 0.008474055 -4.129212 -6.896006 0.2300437 0.1973725 0.2013444 17.00734 1.511976 0 0.0 0.009320350228665283 8.03774162890174 0.0
0.00646744 0.02715067 -2.631268 -3.856929 0.5501016 0.4586889 0.154499 18.35023 1.68836 0 0.0 0.027910332524040266 4.668990533173632 0.0
-0.004347408 0.008529347 -3.985973 -6.675822 0.4059414 0.3465171 0.1927021 18.15401 nan 0 0.0 0.009573385846442886 7.775254345191095 0.0
-0.02230726 -0.03637605 -6.40853 -5.470502 1.062683 0.9259113 0.5744359 19.06769 nan 0 0.0 0.04267119476075283 8.42589157851583 0.0
0.03847884 0.03953873 0.2259381 -2.825192 0.5933033 0.5007959 0.03327949 18.99682 1.559702 0 0.0 0.05517184334203906 2.8342120354510545 0.0
-0.07859683 0.01651449 -0.2016045 -2.93625 0.6651155 0.5626323 0.1528766 19.12314 1.197962 0 0.0 0.08031307531161412 2.94316299870059 0.0
0.02979986 0.07391998 -0.3031599 -3.421065 1.013778 0.8268809 -0.02456895 19.77024 1.131258 0 0.0 0.07970065933993269 3.4344710887111876 0.0
0.04509852 0.04951498 -2.767002 -7.336053 0.3829735 0.3147635 0.06591997 18.45907 1.601366 0 0.0 0.06697469485253964 7.840534017961596 0.0
-0.08079965 -0.01490145 -4.407851 -6.757011 1.769214 1.548048 0.6376123 19.92424 nan 0 0.0 0.08216225807647329 8.067611052369964 0.0
0.02211372 0.05337428 1.356873 -8.738374 1.242143 1.028229 0.02292798 18.23733 nan 0 0.0 0.05777395933945327 8.84309247390329 0.0
-0.04331656 -0.004870301 0.07138915 -7.751977 0.6595821 0.5602042 0.1482091 19.17491 1.189936 0 0.0 0.0435894964649077 7.75230570986895 0.0
-0.06284795 0.0444406 -6.354404 1.55815 0.2233233 0.1910645 0.4277642 17.37285 1.551889 0 0.0 0.07697292866691835 6.542650962546909 0.0
-0.01940499 -0.03317677 -2.504419 -1.060007 0.9493807 0.8156928 0.08483696 19.59177 1.412596 0 0.0 0.03843503225617224 2.719509030617475 0.0
0.03210898 0.07265845 0.8921904 -6.798255 0.9344681 0.7827457 0.08918547 19.61922 nan 0 0.0 0.0794369998995613 6.8565497704659855 0.0
-0.007306311 0.04245517 -0.9896111 -7.749657 0.7544117 0.6305966 0.1418453 19.17864 1.445854 0 0.0 0.04307927158341493 7.812586879318029 0.0
-0.0471385 0.01575199 3.029805 -3.746562 2.245387 2.059656 0.4855019 19.64969 nan 0 0.0 0.049700738135465355 4.818344649137191 0.0
-0.05165993 -0.01460017 -5.578592 -6.24158 0.5660009 0.4807414 0.1787128 19.13707 1.254564 0 0.0 0.05368345491521387 8.371260932432103 0.0
-0.05382686 -0.03307408 -1.825634 -7.544398 0.8729789 0.7079707 -0.02337128 19.50176 nan 0 0.0 0.06317614759785531 7.762144077789332 0.0
0.01422835 0.0645548 2.309936 -0.1549673 0.4404271 0.3610901 -0.01872035 18.68014 1.396511 0 0.0 0.06610422185278712 2.3151283308199764 0.0
-0.04273425 0.02546635 1.035482 -4.588455 0.3995233 0.3364451 0.1924777 18.71602 0.9522381 0 0.0 0.049746870307437435 4.703843349788447 0.0
