jas1101finalproject/data/gcs/NGC_6981_M_72.ecsv
# %ECSV 0.9
# ---
# datatype:
# - {name: x, unit: deg, datatype: float64}
# - {name: y, unit: deg, datatype: float64}
# - {name: pmx, unit: mas / yr, datatype: float64}
# - {name: pmy, unit: mas / yr, datatype: float64}
# - {name: pmx_e, unit: mas / yr, datatype: float64}
# - {name: pmy_e, unit: mas / yr, datatype: float64}
# - {name: pm_corr, datatype: float64}
# - {name: g_mag, unit: mag, datatype: float64}
# - {name: bp_rp, unit: mag, datatype: float64}
# - {name: filter, datatype: int64}
# - {name: memberprob, datatype: float64}
# - {name: r, unit: deg, datatype: float64}
# - {name: pm, unit: mas / yr, datatype: float64}
# - {name: member_prob_GMM, datatype: float64}
# meta: !!omap
# - comments: [deg deg mas/yr mas/yr mas/yr mas/yr dimless mag   mag   zeroone float]
# - __serialized_columns__:
#     bp_rp:
#       __class__: astropy.units.quantity.Quantity
#       unit: &id001 !astropy.units.Unit {unit: mag}
#       value: !astropy.table.SerializedColumn {name: bp_rp}
#     g_mag:
#       __class__: astropy.units.quantity.Quantity
#       unit: *id001
#       value: !astropy.table.SerializedColumn {name: g_mag}
#     pm:
#       __class__: astropy.units.quantity.Quantity
#       unit: !astropy.units.Unit {unit: mas / yr}
#       value: !astropy.table.SerializedColumn {name: pm}
#     pmx:
#       __class__: astropy.units.quantity.Quantity
#       unit: !astropy.units.Unit {unit: mas / yr}
#       value: !astropy.table.SerializedColumn {name: pmx}
#     pmx_e:
#       __class__: astropy.units.quantity.Quantity
#       unit: !astropy.units.Unit {unit: mas / yr}
#       value: !astropy.table.SerializedColumn {name: pmx_e}
#     pmy:
#       __class__: astropy.units.quantity.Quantity
#       unit: !astropy.units.Unit {unit: mas / yr}
#       value: !astropy.table.SerializedColumn {name: pmy}
#     pmy_e:
#       __class__: astropy.units.quantity.Quantity
#       unit: !astropy.units.Unit {unit: mas / yr}
#       value: !astropy.table.SerializedColumn {name: pmy_e}
#     r:
#       __class__: astropy.units.quantity.Quantity
#       unit: &id002 !astropy.units.Unit {unit: deg}
#       value: !astropy.table.SerializedColumn {name: r}
#     x:
#       __class__: astropy.units.quantity.Quantity
#       unit: *id002
#       value: !astropy.table.SerializedColumn {name: x}
#     y:
#       __class__: astropy.units.quantity.Quantity
#       unit: *id002
#       value: !astropy.table.SerializedColumn {name: y}
# schema: astropy-2.0
x y pmx pmy pmx_e pmy_e pm_corr g_mag bp_rp filter memberprob r pm member_prob_GMM
[from data line 1728]
-0.008797997 0.01284042 -10.49186 -4.884078 3.4684 2.214599 0.2414363 20.40412 nan 0 0.0 0.01556538264831318 11.57295745130362 0.0
-0.0003371484 -0.05602234 1.425013 -9.391289 2.083051 1.751295 0.5787153 20.56646 1.783579 0 0.0 0.05602335448827767 9.498787876970935 0.0
0.02748303 -0.03300783 -2.6418 -6.352688 3.388202 2.491996 0.3421001 20.79347 0.3143215 0 0.0 0.04295152825325078 6.880098259861119 0.0
0.008808492 0.00612369 8.182257 -3.229952 1.646396 1.022068 0.2189608 19.51997 0.4952221 0 0.0 0.010727959290105643 8.796699354664396 0.0
-0.02157348 -0.04714358 -2.027132 -3.722808 0.9086451 0.5800905 0.3332882 19.56577 0.8609791 1 0.9877696 0.051845271477028644 4.238934246988033 0.0
0.03504837 -0.03546065 1.710987 -2.313597 1.455339 0.9414702 0.3779385 20.27033 0.6822433 0 0.0 0.04985825847419262 2.8775349854655117 0.0
0.01858137 0.02765618 0.0899153 -3.005222 1.112117 0.697165 0.3741884 19.83603 0.7356319 0 0.0 0.033318637476182904 3.0065668178934737 0.0
0.009285147 0.006242882 -6.141315 -8.946332 2.818942 2.21893 0.5822525 20.01743 nan 0 0.0 0.011188723362275653 10.851387293035348 1.0
0.05377281 0.05545275 3.658799 -11.60728 1.19296 0.6752057 0.3711098 19.60372 2.140011 0 0.0 0.07724326881909258 12.170281801207437 0.0
0.01694258 0.02511761 -0.4239077 -1.903855 0.9087128 0.5762824 0.3518572 19.59884 0.7503777 0 0.0 0.030297612928554284 1.9504772747059347 0.0
-0.009244834 0.01189245 9.07145 2.662142 1.473602 0.989431 0.4280866 20.12581 nan 0 0.0 0.015063111321704292 9.454004713911667 0.0
-0.01808952 -0.03552089 -2.331383 -3.326405 1.094908 0.715887 0.3724944 19.85946 0.6627636 0 0.0 0.0398618158169256 4.062058211881508 0.0
-0.0848393 -0.03605684 -3.80718 -8.258526 1.094701 0.6909867 0.3117213 19.87653 1.399334 1 0.0 0.09218352637687278 9.09383699244032 0.0
-0.08510408 0.04420716 -12.90914 -13.69157 1.124794 0.7238455 0.3528078 19.84711 1.257536 0 0.0 0.09590087292570386 18.817677449794385 0.0
0.0001990217 0.03247195 -1.365754 -2.70851 2.228093 1.244209 0.5382969 20.42079 0.5750771 0 0.0 0.03247255989969948 3.033366184392514 0.0
0.02036891 0.02711627 -2.142901 -4.104326 0.6918317 0.440459 0.352465 19.21185 0.9064674 0 0.0 0.033914371486156135 4.630066588082401 0.0
0.06134769 -0.04189524 0.1052173 -2.749159 1.807574 1.185046 0.4418383 20.40584 0.6528053 0 0.0 0.0742882911567745 2.7511717299180525 0.0
0.01542252 0.01460822 -0.2745619 -6.458679 3.240982 2.057418 -0.4237207 20.47518 nan 0 0.0 0.021242744990203125 6.46451225244199 0.0
0.01965359 0.02328923 -16.37247 -5.524869 2.787433 1.632594 0.2600561 20.33826 0.5369797 0 0.0 0.030473789293112206 17.279524049234137 0.0
-0.01183715 0.02221587 3.577386 -4.48661 1.767488 1.119214 0.4450472 20.36053 0.7594166 0 0.0 0.025172663744216662 5.738236652935813 0.0
0.01503522 0.01446519 -6.105071 -3.919024 1.957674 1.118575 -0.3233172 19.9598 0.6537018 0 0.0 0.02086383383236408 7.2546978591542315 0.0
-0.06404206 0.05647274 -0.4595127 -5.668236 0.6702059 0.4443544 0.2715672 19.0721 0.7508488 1 1.886682e-05 0.08538475163722853 5.686831391307227 0.0
-0.03444846 0.01334276 -0.6326852 -3.725612 0.7193176 0.5145955 0.4720678 19.17432 0.8352623 1 0.990149 0.036942193231983396 3.7789516187486494 0.0
-0.03816521 -0.03508725 -1.005853 -3.326619 0.8524807 0.547384 0.3412459 19.52864 0.8654594 1 0.9922151 0.05184301656835373 3.4753610213573496 0.0
-0.01710725 -0.02550247 2.15009 -4.123723 2.719549 1.914513 0.4389293 20.62534 0.8898525 0 0.0 0.030708858309344552 4.650589036759644 0.0
-0.01237252 0.003614426 -8.00115 -4.478031 2.705045 2.067673 0.5796087 20.27405 0.4985008 0 0.0 0.012889659671995842 9.169032825738002 0.0
-0.009006988 0.02576651 2.078873 -1.925778 2.608935 1.222193 -0.2781932 20.22754 nan 0 0.0 0.027295400169483574 2.833784369957072 0.0
0.01181639 -0.01459691 -0.7444433 -3.473446 1.37405 0.9166018 0.6586053 19.69301 0.6470432 0 0.0 0.018780225083321018 3.5523264126246747 0.0
0.0221528 -0.0158574 -0.7658378 -3.233029 0.1893677 0.1132728 0.2980384 16.7267 0.2315731 1 0.9980172 0.027243415398954664 3.3224966592533756 0.0
-0.0234246 0.002093502 -1.269438 -2.949231 1.591531 1.016159 0.4073033 20.01731 0.6861839 0 0.0 0.023517964107975076 3.2108310960256072 0.0
-0.0052828 0.02206254 0.05334638 -3.224717 1.136268 0.7097454 0.358141 19.84903 0.6718407 0 0.0 0.022686199485405217 3.2251582234594487 0.0
0.08595596 -0.02451012 -1.204256 -2.637946 0.9962889 0.6566887 0.3978989 19.63556 0.7516804 1 0.9432363 0.08938217407255207 2.8998261348660197 0.0
0.03269811 -0.01323973 -1.291457 -3.395007 0.1483357 0.09498926 0.3157911 16.56638 1.071807 1 0.9998116 0.03527685995160284 3.632345483692046 0.0
0.01059593 0.006165584 -2.24878 -2.957781 0.2375668 0.1522297 0.3276149 17.04061 0.2223568 0 0.0 0.012259207096136194 3.715572625095761 0.0
-0.02237757 -0.04813738 -12.02687 -7.312002 3.656136 2.524757 0.5038716 20.65948 0.618597 1 0.5778654 0.05308448918817341 14.075190060702697 0.0
-0.01204507 0.008686082 3.722388 0.4389613 3.075453 2.33568 0.7404141 20.48393 nan 0 0.0 0.014850310832289807 3.7481808181358716 0.0
0.03347288 -0.01114461 -2.676274 -3.25924 2.255682 1.439667 0.3652136 20.66344 0.6739616 0 0.0 0.035279399478257846 4.217236998400256 0.0
0.01211537 0.008649839 1.302804 -3.013485 2.071474 1.126417 0.2924088 20.01356 0.6395683 0 0.0 0.014886299236641086 3.2830458582908952 0.0
0.01384787 0.09514892 -4.566004 -10.42428 0.4083631 0.2872491 0.3932876 18.38671 1.27136 1 0.0 0.09615134154396028 11.380422050452083 0.0
-0.01141942 0.007953688 2.472978 -2.63934 1.729352 1.357671 0.568018 20.25115 nan 0 0.0 0.01391633234504494 3.6168682342717435 0.0
0.02340425 -0.01206284 -1.544485 -3.390713 0.3255423 0.217698 0.390308 18.12653 1.033493 1 0.9993927 0.026330040389792416 3.7259050663689757 0.0
-0.004447895 -0.01942132 -1.241155 -2.981958 1.051205 0.7104351 0.4257789 19.81713 nan 0 0.0 0.01992414215150617 3.229944155521733 0.0
-0.002005649 0.02466612 -1.065208 -3.434393 0.4312627 0.3124466 0.3822366 18.58219 0.8681412 0 0.0 0.02474752722527245 3.595792452535741 0.0
0.02918262 -0.0172991 -4.828343 -5.382994 1.782464 1.113313 0.3128181 20.40377 0.3633041 0 0.0 0.0339246837991808 7.231149322872887 0.0
-0.002631078 0.003162668 -0.857901 -6.01876 1.825436 1.012685 0.2934677 18.8463 nan 0 0.0 0.004114005386519079 6.079594235095053 0.0
-0.01192588 0.00819876 -1.55342 -3.248687 1.337463 1.103044 0.5799173 19.99699 0.5036697 0 0.0 0.014472258956776582 3.600983326866288 0.0
-0.02360459 0.01575582 0.2039383 -6.290776 2.790159 1.655997 0.5327293 20.42717 0.2737122 0 0.0 0.028379967106050355 6.294080831414774 0.0
-0.08027982 0.05235118 -11.76556 -4.506912 1.091071 0.7239137 0.3670715 19.93126 2.196672 0 0.0 0.09584099095180934 12.599232432546993 0.0
0.02817272 0.009067246 -2.272709 -3.726941 1.239211 0.7566538 0.3866859 19.90878 0.7894821 0 0.0 0.029595896712600482 4.365237154629975 0.0
-0.004031319 0.009450225 -2.315832 -5.75311 1.911821 1.304486 0.3010275 19.89541 nan 0 0.0 0.010274156190675027 6.201721738704825 0.0
-0.01716578 -0.0411723 0.8126221 -3.882652 0.1367951 0.08005019 0.4396343 16.3021 1.047699 1 0.0 0.04460742416121334 3.9667797053166955 0.0
-0.0153529 0.02614387 -1.05989 -2.593161 0.6801662 0.4149056 0.2600475 19.10594 0.9286804 0 0.0 0.030318533556009927 2.8014015749301273 0.0
0.01360506 0.0113849 -1.187299 -1.493125 1.368995 0.8419222 0.3986974 20.09007 0.4136715 0 0.0 0.017740169266768566 1.9076428337154732 0.0
0.01050477 -0.03778163 3.759978 -0.5817608 2.758448 2.482621 0.5740156 20.82155 0.5074291 0 0.0 0.03921481554476318 3.804718148417914 0.0
-0.01017005 0.05477628 -4.094701 -4.317924 1.18142 0.7640699 0.3928746 19.88843 0.6728954 0 0.0 0.05571239330383231 5.9507179356088615 0.0
0.03031874 0.01819557 -0.5834224 -0.4861231 2.195012 1.250403 0.46903 20.41003 0.8588676 1 0.8900969 0.03535964879368148 0.7594059291152327 0.0
0.01625488 -0.01405451 -1.175513 -3.687089 1.765748 1.309534 0.5356982 20.31459 nan 0 0.0 0.02148837767618812 3.8699426490698796 0.0
-0.04622072 0.03924938 -1.888047 -4.716221 1.247681 0.7744963 0.1983139 19.89458 0.6069851 0 0.0 0.06063718980710435 5.080104525996488 0.0
-0.0626989 -0.07538191 1.778391 -3.807458 1.105926 0.732326 0.3815769 19.84775 1.536398 0 0.0 0.09804888788996079 4.202310194481721 0.0
0.0134852 -0.001981791 5.825942 3.931255 3.139067 1.946107 0.5408182 19.33009 nan 0 0.0 0.013630044556335133 7.028254837610046 0.0
-0.02023647 -0.005364915 -1.337418 -4.392134 1.381241 0.9177124 0.38102 20.1915 0.5440464 0 0.0 0.020935544679279904 4.591244709300518 0.0
-0.01344499 0.003879494 -2.84233 -2.602999 0.9759695 0.6348884 0.2626245 19.32376 0.5519924 0 0.0 0.013993506701185947 3.8541462897639214 0.0
-0.005520917 0.01165891 0.8644223 -2.099567 0.8235745 0.4995368 0.2951575 19.11719 0.8497276 0 0.0 0.01290002739954412 2.270552245650007 0.0
-0.005610445 0.01873135 -2.696848 -3.572283 1.152171 0.7923259 0.3396684 19.86403 0.5480633 0 0.0 0.019553530778877892 4.475957435811137 0.0
0.002731044 -0.008990958 -2.841957 -4.963759 1.222684 0.706982 0.07474451 19.673 nan 0 0.0 0.009396591248303823 5.719757250087628 0.0
-0.003077705 -0.01581641 -7.84472 -1.146418 0.6290018 0.4049185 0.2562131 17.22836 0.9465675 0 0.0 0.016113072126541388 7.928045541564705 0.0
-0.005610455 0.01917386 -4.443628 -4.627776 2.249454 1.59572 0.5275349 20.47151 nan 0 0.0 0.019977840539122965 6.415772791220088 0.0
-0.01299816 0.004442185 0.1536909 -3.30055 0.9052889 0.551372 0.2956375 19.09734 0.7866726 0 0.0 0.013736272091066957 3.3041263891144976 0.0
-0.01910553 0.008861131 -0.8766065 -3.862233 1.625824 1.094868 0.2658149 20.12499 0.5119934 0 0.0 0.0210604111825971 3.960464960346354 0.0
0.02751738 0.009638568 1.774304 -2.568433 1.606124 0.93179 0.5182497 20.07298 0.6228638 0 0.0 0.02915661494678393 3.121698697809416 0.0
-0.002869598 0.02093629 -6.853718 -11.76881 3.383455 2.440866 0.2746065 20.94117 0.286253 0 0.0 0.021132033305995522 13.619043257131684 0.0
0.02578678 -0.01753239 -0.7247636 -3.277304 0.191595 0.1138613 0.3163538 16.94105 0.2242947 1 0.9960084 0.031182410456545847 3.3564868217082218 0.0
0.05975306 0.01737313 -0.8065699 -3.042018 1.191563 0.7645616 0.3385562 19.96178 0.7435951 0 0.0 0.06222743627501055 3.147130203202596 0.0
0.009463844 0.004969721 11.96898 6.87835 2.958586 2.286096 0.5422832 20.0009 nan 0 0.0 0.010689362472765952 13.804643456565621 0.0
0.01908477 -0.01399177 0.08211454 -2.461558 1.911185 1.31485 0.4313818 20.4081 0.7710648 0 0.0 0.023664278431547413 2.4629272390883603 0.0
0.02123172 0.01260223 -0.7950289 -3.729419 0.8527967 0.5472539 0.3919141 19.43351 0.8041515 0 0.0 0.024690122217828327 3.813218722994553 0.0
-0.009661644 0.00475609 -2.290328 -4.353962 1.297218 0.9306393 0.5134396 19.68956 nan 0 0.0 0.010768832660545711 4.919612529969002 0.0
0.006961237 -0.002636706 -3.725088 -2.747799 0.9179334 0.5699022 0.2303582 18.85746 nan 0 0.0 0.007443859153732357 4.628896191549882 0.0
-0.03486207 -0.01226917 -2.518475 -2.618238 0.821231 0.512147 0.2158198 19.41512 0.7134762 1 0.9731037 0.03695803643558191 3.6328895593272583 0.0
0.05063286 -0.002354531 2.147974 -4.336805 1.846782 1.178185 0.2863437 20.46578 0.6880169 0 0.0 0.050687575676979874 4.839593982215967 0.0
0.02403372 0.0298921 0.5762178 -0.401524 2.222333 1.544323 0.3855057 20.56997 0.5966415 0 0.0 0.03835566893496189 0.7023165067210367 0.0
-0.008409015 -0.03899749 -1.326436 -3.279972 0.5283634 0.4308587 0.4332335 18.81067 0.9717064 1 0.997796 0.03989380603013863 3.538028940367786 0.0
-0.007128417 -0.03271369 -2.135771 -2.886797 1.219799 0.8205422 0.4205474 20.04298 0.6294823 0 0.0 0.03348133573115011 3.5909768425388098 0.0
0.02090218 -0.009932115 0.006580857 -2.898702 1.011183 0.6518101 0.3855312 19.65637 0.7122936 0 0.0 0.023141910835659724 2.898709470175108 0.0
0.002820405 -0.009535507 -2.086721 -3.66032 0.4223953 0.2819881 0.326258 17.64323 0.9216709 0 0.0 0.00994387138447969 4.213353419099922 0.0
-0.03364452 0.0166359 -1.247013 -5.15185 3.157934 2.065021 0.7053472 20.61138 0.5208149 0 0.0 0.03753274430201447 5.300622590287767 0.0
0.01476716 0.01551997 1.142215 -1.256129 0.9770636 0.6074259 0.3409324 19.67158 0.7986469 0 0.0 0.021422849559909158 1.6977971524496087 0.0
0.03153342 -0.03726455 -0.771869 -2.906695 1.815658 1.201406 0.2363268 20.48514 0.6523895 0 0.0 0.04881601441739074 3.007433719333811 0.0
-0.004537993 0.022321 -1.673671 -3.677413 2.514697 1.924008 0.4931958 20.76491 0.7268677 0 0.0 0.022777629847463256 4.040363967368534 0.0
-0.009332844 -0.02572524 -0.7705724 -3.42799 1.736007 1.167819 0.3913757 20.4177 0.8179226 0 0.0 0.027365853726604914 3.5135305980938547 0.0
-0.01007902 0.0125371 3.100712 -1.087196 1.571573 0.9864448 0.3456689 20.06748 0.4968586 0 0.0 0.016086190368462015 3.2857891060383047 0.0
0.02233397 0.01225023 0.9218116 1.652442 3.354462 1.795307 0.4333841 20.73328 0.9058685 0 0.0 0.025473012209273563 1.892168382903213 0.0
-0.01490476 0.004608974 5.371739 -0.3459068 1.902884 1.204875 0.1488557 19.89433 0.6206932 0 0.0 0.015601106114320099 5.382864608961221 0.0
0.03034517 -0.01037556 0.7643956 -3.221916 1.337481 0.7526735 0.1299005 19.84554 0.6530247 0 0.0 0.032069948357340713 3.3113506827811756 0.0
0.02769656 0.01368785 -1.577908 -2.888465 1.49959 0.8603364 0.5300652 19.97568 0.6521473 0 0.0 0.030894282212993715 3.2913559079335375 0.0
-0.006264735 -0.02794434 -0.03505337 -3.464383 1.955096 1.127155 0.5988669 20.26834 0.7428589 0 0.0 0.028637965057870734 3.4645603342180893 0.0
-0.04052334 -0.003012685 -1.644756 -2.925124 1.042431 0.6578411 0.349092 19.80099 0.7274685 1 0.9915938 0.04063517387270325 3.3558266812980673 0.0
-0.005640005 0.008136031 1.027084 -0.671074 1.480155 1.021057 0.4753518 19.64619 nan 0 0.0 0.009899730139402084 1.2268829840420807 0.0
0.01786575 0.01928774 -1.820101 -3.593817 1.339717 0.8952656 0.1275969 19.98469 0.7874298 0 0.0 0.02629071960540639 4.028434966545941 0.0
0.001062987 0.02004271 -1.290033 -3.093362 0.8758535 0.5649936 0.3863257 19.55632 0.6926403 0 0.0 0.020070878543458653 3.351577778320682 0.0
-0.003613886 -0.01616069 -0.7433749 -3.214718 0.3060404 0.2107756 0.4072891 18.04169 0.888485 0 0.0 0.016559833130110217 3.2995481601992127 0.0
0.004429011 -0.008947113 1.79719 -2.190349 0.8602548 0.5525106 0.4424936 19.02767 0.7028885 0 0.0 0.009983334586844719 2.8332879553446384 0.0
-0.0002776302 -0.01096982 -0.2633206 -3.211813 1.199706 0.7320299 0.3147855 19.9625 nan 0 0.0 0.010973332646026549 3.2225890965733375 0.0
-0.003107796 0.009247105 2.383917 -0.7116719 2.017037 1.226285 0.3997153 20.15615 nan 0 0.0 0.009755375280256573 2.487878042858735 0.0
-0.05223763 0.03151489 -1.059372 -3.247961 0.08196152 0.05157294 0.352372 15.38832 1.282533 1 0.9991379 0.061007854246228 3.416360591609879 0.0
0.01718022 0.01457568 -3.056259 -4.663777 0.9765719 0.6263661 0.3553405 19.57698 0.6923962 0 0.0 0.02253021097794692 5.57597838776389 0.0
-0.000366997 -0.01037663 -1.698593 -1.214216 2.388834 2.520885 0.6405145 20.24203 nan 0 0.0 0.010383117882163768 2.0879508313906725 0.0
-0.0078748 0.02385729 -2.100538 -3.910876 1.139251 0.7189785 0.3387895 19.88348 0.5939541 0 0.0 0.02512335091471876 4.439280457103381 0.0
-0.006563334 0.000758385 -14.02901 10.2693 1.062847 0.7527549 -0.04992066 18.52081 0.5217628 0 0.0 0.006607003935505184 17.38596112011355 0.0
0.00368471 0.0204747 0.6716969 -1.258708 1.287078 0.8480637 0.3899238 20.06834 0.172369 0 0.0 0.020803615740397147 1.426717405351743 0.0
0.02021742 -0.005146522 0.07906517 -3.141437 0.9875175 0.6036447 0.4258737 19.46202 0.7723274 0 0.0 0.02086218493238146 3.1424318172517487 0.0
-0.02449975 0.03061303 -1.05471 -2.80943 1.299213 0.8040029 0.316867 20.03156 0.4670372 0 0.0 0.039209633457141624 3.000884887662304 0.0
-0.0001882651 -0.009818733 1.778235 -5.210692 3.383844 2.064007 0.1569787 20.34746 nan 0 0.0 0.009820537738493092 5.505763419734723 0.0
0.007051137 0.01677533 -4.026949 -3.498096 1.013694 0.6404711 0.3358525 19.70768 0.4698982 0 0.0 0.01819698407983227 5.334134782119496 0.0
