jas1101finalproject/data/gcs/NGC_6402_M_14.ecsv
# %ECSV 0.9
# ---
# datatype:
# - {name: x, unit: deg, datatype: float64}
# - {name: y, unit: deg, datatype: float64}
# - {name: pmx, unit: mas / yr, datatype: float64}
# - {name: pmy, unit: mas / yr, datatype: float64}
# - {name: pmx_e, unit: mas / yr, datatype: float64}
# - {name: pmy_e, unit: mas / yr, datatype: float64}
# - {name: pm_corr, datatype: float64}
# - {name: g_mag, unit: mag, datatype: float64}
# - {name: bp_rp, unit: mag, datatype: float64}
# - {name: filter, datatype: int64}
# - {name: memberprob, datatype: float64}
# - {name: r, unit: deg, datatype: float64}
# - {name: pm, unit: mas / yr, datatype: float64}
# - {name: member_prob_GMM, datatype: float64}
# meta: !!omap
# - comments: [deg deg mas/yr mas/yr mas/yr mas/yr dimless mag   mag   zeroone float]
# - __serialized_columns__:
#     bp_rp:
#       __class__: astropy.units.quantity.Quantity
#       unit: &id001 !astropy.units.Unit {unit: mag}
#       value: !astropy.table.SerializedColumn {name: bp_rp}
#     g_mag:
#       __class__: astropy.units.quantity.Quantity
#       unit: *id001
#       value: !astropy.table.SerializedColumn {name: g_mag}
#     pm:
#       __class__: astropy.units.quantity.Quantity
#       unit: !astropy.units.Unit {unit: mas / yr}
#       value: !astropy.table.SerializedColumn {name: pm}
#     pmx:
#       __class__: astropy.units.quantity.Quantity
#       unit: !astropy.units.Unit {unit: mas / yr}
#       value: !astropy.table.SerializedColumn {name: pmx}
#     pmx_e:
#       __class__: astropy.units.quantity.Quantity
#       unit: !astropy.units.Unit {unit: mas / yr}
#       value: !astropy.table.SerializedColumn {name: pmx_e}
#     pmy:
#       __class__: astropy.units.quantity.Quantity
#       unit: !astropy.units.Unit {unit: mas / yr}
#       value: !astropy.table.SerializedColumn {name: pmy}
#     pmy_e:
#       __class__: astropy.units.quantity.Quantity
#       unit: !astropy.units.Unit {unit: mas / yr}
#       value: !astropy.table.SerializedColumn {name: pmy_e}
#     r:
#       __class__: astropy.units.quantity.Quantity
#       unit: &id002 !astropy.units.Unit {unit: deg}
#       value: !astropy.table.SerializedColumn {name: r}
#     x:
#       __class__: astropy.units.quantity.Quantity
#       unit: *id002
#       value: !astropy.table.SerializedColumn {name: x}
#     y:
#       __class__: astropy.units.quantity.Quantity
#       unit: *id002
#       value: !astropy.table.SerializedColumn {name: y}
# schema: astropy-2.0
x y pmx pmy pmx_e pmy_e pm_corr g_mag bp_rp filter memberprob r pm member_prob_GMM
[from data line 466]
-0.03175268 -0.05412929 -6.974739 -1.908407 2.445059 2.714604 0.02001026 20.7712 1.075726 0 0.0 0.06275518084657632 7.231113427112729 1.0
-0.0128934 -0.07151339 -7.136584 -2.823079 0.6773355 0.6238901 0.2238307 19.3907 1.525671 1 0.0 0.07266639328363628 7.674673037289406 1.0
0.008494102 -0.06470126 -3.460196 -1.939886 1.221759 1.25431 0.2533999 20.24699 1.037436 0 0.0 0.06525643887291126 3.9668771157438187 0.0
0.09751681 -0.07273038 -3.850529 -4.889292 0.2641308 0.2468798 0.2780301 17.93962 1.65321 1 0.9776159 0.12165211221972473 6.223483738317712 0.0
-0.03669181 0.04158581 -3.292315 -4.749426 0.480621 0.4837963 0.4792265 18.58945 1.501711 0 0.0 0.055458709996106116 5.778960580303433 1.0
-0.01932289 -0.01594768 -0.4217799 -0.9930432 1.525956 1.254004 0.4686471 19.04634 nan 0 0.0 0.025053993201374105 1.0789036477416554 0.0
-0.008141296 0.01002508 -5.868681 -4.357405 1.229611 1.30646 0.3234936 18.51902 nan 0 0.0 0.012914446545091121 7.309472964160002 1.0
-0.04756703 -0.0121785 -4.226321 -4.957842 0.3843355 0.4300473 0.4494657 18.38043 1.610743 0 0.0 0.049101305535300184 6.5147514528188255 1.0
-0.1085392 0.03739688 1.872241 -9.387933 0.9816768 0.9914599 0.3901107 19.88939 2.023693 0 0.0 0.11480106519703727 9.572803788575738 0.0
0.004685988 -0.01833861 2.96015 4.608433 1.337952 1.123666 0.4228243 19.15975 nan 0 0.0 0.018927839292117946 5.477238605172226 1.0
0.02397272 0.0003230955 -4.159987 -3.571506 0.6332688 0.7481909 0.2751534 18.78852 1.420303 0 0.0 0.023974897182272133 5.482804660773991 1.0
-0.006160774 0.00310356 -7.989682 -9.164896 0.4434494 0.3858791 0.4171753 17.18214 nan 0 0.0 0.0068983491469101505 12.158549960909813 0.0
0.006666928 0.06025629 -2.324864 -9.716163 1.125735 0.931614 0.3646017 19.88869 1.213459 0 0.0 0.06062399206189975 9.990436229768196 0.0
-0.1048766 -0.02298676 1.016694 -2.754969 1.711604 1.744298 0.2817937 20.34259 1.371254 0 0.0 0.10736616023150683 2.93658319831007 0.0
0.0006336732 -0.1159943 3.50727 -3.858359 1.342796 1.231683 0.250206 20.20687 1.132078 0 0.0 0.11599603085543228 5.214199557533352 0.0
0.004046343 0.02777179 -7.449393 -9.118059 1.827652 2.112471 0.1236567 19.94186 nan 0 0.0 0.02806501757486977 11.774228467119618 0.0
-0.002260813 0.01835593 -4.832436 -5.307482 0.8014397 0.7514367 0.4920042 18.56143 1.465019 0 0.0 0.018494632777805265 7.177868964701153 1.0
0.03816627 -0.1249776 -2.795921 0.2193503 0.538267 0.5631762 0.2839371 18.91458 1.344168 1 0.0 0.1306754172270856 2.8045122200395363 0.0
-0.009481918 0.008962433 2.35172 -2.678959 1.176782 1.022831 0.1434798 15.4875 nan 0 0.0 0.013047297583722578 3.564745191746669 0.0
-0.03035372 0.02942429 -3.31042 -5.047606 0.8829054 0.8166757 0.6862047 19.13145 1.341406 0 0.0 0.042274545057782706 6.036323956485106 1.0
0.02220452 -0.04546014 -5.167828 -8.124907 1.441629 1.317088 -0.04442142 19.69093 1.344278 0 0.0 0.05059313231309167 9.629151571983536 0.0
0.03725783 0.02201258 -3.424114 -5.237758 0.2152439 0.1846602 0.3245161 17.42257 1.75592 0 0.0 0.04327469901183947 6.257688515063689 1.0
-0.01201123 0.04195667 -5.787388 -7.306498 1.734445 1.658915 0.3933638 20.11755 1.18891 0 0.0 0.04364208752571078 9.320878332354093 0.0
-0.02063321 -0.006653674 -2.95376 -4.798014 0.1298392 0.1136083 0.2028169 16.58482 1.739429 0 0.0 0.021679500284886088 5.634326621859617 1.0
-0.0657542 -0.04825273 -4.651449 -5.614029 1.230534 1.138585 0.1779282 20.1125 0.8549328 0 0.0 0.08155943090834376 7.290630933769862 1.0
-0.01655002 -0.03264742 -2.281932 -8.703075 2.18002 2.029846 0.4546333 20.30201 nan 0 0.0 0.03660269381694194 8.99726225627824 0.0
-0.009847542 0.008647478 -2.859111 -2.984344 0.3362962 0.2913135 0.2785953 16.83311 nan 0 0.0 0.013105455322202583 4.132895452422793 0.0
-0.0353489 -0.02241021 -2.669453 -3.587726 1.173498 1.207517 0.3831059 19.69734 nan 0 0.0 0.0418540588647517 4.471885191983913 1.0
0.08430328 0.0329112 -0.9746147 -4.890688 1.780955 1.55033 0.1220175 20.2022 0.9886322 0 0.0 0.09049966908336406 4.986853008341041 0.0
-0.07312933 -0.01971286 -2.289492 -2.937557 1.821631 1.71299 0.1331564 20.41988 1.39949 0 0.0 0.0757396577469723 3.7243811225911077 0.0
0.03683126 0.02195371 -6.163629 -10.96337 0.826728 0.9612945 0.810847 18.26681 nan 0 0.0 0.04287781589530534 12.577193812871812 0.0
-0.08891283 -0.007470383 -1.764342 -3.965255 1.301278 1.289516 0.2698696 20.18465 1.204397 0 0.0 0.08922610582545665 4.340063352992558 0.0
0.001090738 -0.03537074 -3.865409 -5.251463 0.1281666 0.1169825 0.3765864 16.06634 1.849092 1 0.997517 0.035387553709351594 6.5206786746204575 1.0
-0.05911556 0.00601747 -3.789851 -5.137945 0.3495423 0.3693036 0.4116149 18.0915 1.630444 1 0.9935457 0.059421034821976124 6.38446939261408 1.0
-0.001742838 0.01916751 -3.215137 -4.842451 0.4573378 0.5031143 0.4269433 18.28288 nan 0 0.0 0.01924658213539079 5.812610224001777 1.0
-0.01063965 0.0006313607 -4.116021 -5.53739 0.2746657 0.2387362 0.2571712 16.71765 1.598522 0 0.0 0.010658366125068349 6.899588167748928 1.0
-0.0479335 0.005808731 -7.820677 -5.59647 2.363535 2.558185 0.3557292 20.63223 1.131399 0 0.0 0.04828417730561804 9.616832389057688 0.0
0.03789413 -0.07221426 -1.624501 -3.610319 0.8709203 0.7980521 0.1844462 19.66577 1.395573 0 0.0 0.08155283217525006 3.958965367461807 0.0
0.07653075 -0.004037572 -8.263571 -1.975998 0.6479328 0.6041054 0.2429383 19.30968 1.357719 0 0.0 0.07663718211950178 8.496538928766524 0.0
0.02573992 0.001085753 -4.428298 -4.994456 0.6486311 0.6950462 0.4622715 18.40793 nan 0 0.0 0.025762809264197276 6.674909281236712 1.0
-0.02578023 -0.08934733 -2.553731 -6.639755 2.313836 2.492446 0.0617944 20.72205 1.567247 0 0.0 0.09299228805111637 7.113922158724116 0.0
0.04304067 -0.12409 -1.01012 -2.336697 0.5194402 0.5438288 0.3444303 18.77055 1.507582 1 4.116659e-06 0.131342405087043 2.545681693419073 0.0
-0.1265431 0.007175949 -0.2472361 -9.150434 1.11126 1.09314 0.3989181 19.87412 1.564953 0 0.0 0.12674640192786776 9.153773433808553 0.0
0.06574042 -0.07218088 -3.379399 -5.025959 0.4087805 0.431819 0.3808771 18.53801 1.904707 1 0.9752228 0.09763135899571818 6.056451227483137 1.0
-0.01551425 -0.02432517 1.278397 -7.045808 1.357785 1.204208 -0.02640517 20.09254 nan 0 0.0 0.028851444480153848 7.160845568958529 1.0
0.09420214 -0.007457034 -2.400041 -3.538671 1.08666 0.9951059 0.2961445 20.0395 1.165714 0 0.0 0.09449682818304939 4.27579106691639 0.0
0.01467794 -0.1244184 -0.6116621 2.300439 0.8169738 0.7009039 0.4962325 19.19666 1.555939 1 0.0 0.1252812044211086 2.380367643305842 0.0
0.07647275 0.03500729 -2.825406 -7.828999 1.986681 2.337371 -0.2373876 20.4595 1.284927 0 0.0 0.08410464818133775 8.323229205472897 0.0
-0.0544515 -0.03696532 -3.331565 -5.003469 0.2723153 0.2353255 0.214904 17.92731 1.670206 1 0.9931491 0.06581337808494865 6.011158572453899 1.0
0.001852524 0.01727327 -1.023897 -2.70339 0.8026246 0.7557624 0.15009 19.19568 nan 0 0.0 0.01737232574134724 2.89079272150547 0.0
-0.04131988 -0.04036645 -1.134729 -4.778587 1.521273 1.138455 0.6331888 19.62556 1.12249 0 0.0 0.057764892182162866 4.91146654473081 1.0
-0.01743407 -0.004267997 -11.56552 3.306619 1.050489 0.8601994 -0.1626922 17.47243 0.7203922 0 0.0 0.01794888841006342 12.028922731548365 0.0
0.02007357 0.04297841 -2.890571 -6.242858 1.634739 1.45545 -0.4961132 19.8851 1.063873 0 0.0 0.04743513401133173 6.879584050958677 1.0
-0.009024887 0.009160086 -3.507241 -5.4376 0.08764982 0.07558671 0.1349723 15.1788 1.938818 0 0.0 0.012859073096073644 6.470566682453787 1.0
-0.05381158 -0.03898088 -3.616638 -5.99101 0.6980144 0.6699942 0.3218219 19.30911 1.450573 0 0.0 0.06644693482524834 6.998019094225451 1.0
0.004046243 0.002568798 0.5903199 -8.125571 0.4454815 0.314951 -0.2466776 16.71543 1.105085 0 0.0 0.0047927868281254695 8.146986047636084 0.0
-0.0592388 0.02953889 0.4949386 -1.54744 1.805078 1.680045 0.4925405 20.28924 0.9828434 0 0.0 0.06619502585445601 1.6246645104051358 0.0
-0.01201057 -0.01353239 -3.332949 -6.879535 0.4483947 0.3677137 0.1218392 17.15442 1.576189 0 0.0 0.01809362790700085 7.6443803445947145 0.0
0.02741572 0.00218005 -5.326329 -7.411953 0.5980397 0.6357726 0.4617539 18.0831 nan 0 0.0 0.027502260291126984 9.127257413399164 0.0
-0.07891176 -0.1013087 1.339814 -2.473528 2.597141 2.534379 0.4801561 20.57097 nan 0 0.0 0.12841541403580645 2.813084129808421 0.0
0.06814955 -0.03887779 -6.863197 -6.780677 3.201041 3.754372 -0.2635606 20.86093 0.8020992 0 0.0 0.0784591850613209 9.647852281162788 0.0
-0.09802344 -0.001623295 -4.577715 -3.684758 2.450907 2.724117 0.2875094 20.66148 2.039074 0 0.0 0.09803688018338111 5.876471402107646 1.0
0.004990779 0.00397141 -3.152565 -5.179873 0.273544 0.2200469 0.5636898 17.05091 nan 0 0.0 0.006378085325153701 6.0638065911895636 1.0
-0.01158401 -0.01352261 -1.672965 -3.51029 1.392372 1.40135 0.2421378 18.40399 nan 0 0.0 0.017805905449939916 3.888566287891335 0.0
-0.05420973 -0.0005328051 2.336806 -6.461597 2.178459 2.417839 0.08933305 20.64707 1.507637 0 0.0 0.054212348297666337 6.8711642442925935 1.0
0.00758073 0.01842695 -1.825374 -11.60156 3.414263 3.039667 0.129717 20.12756 nan 0 0.0 0.019925359561006672 11.744283063409021 0.0
0.0115111 0.005020399 0.3329884 -12.03889 0.9602586 1.221781 0.1361822 17.84271 nan 0 0.0 0.012558257416106782 12.043494248208638 0.0
0.03167989 -0.04377334 -2.647832 -2.989298 1.117132 1.031534 0.2075596 19.95511 1.207312 0 0.0 0.054034440176314404 3.993359091420154 0.0
-0.03793821 -0.03482786 -10.41595 -11.37866 0.6291919 0.6644958 0.5554291 18.58604 1.588135 0 0.0 0.05150036514612008 15.426143970484004 0.0
0.002461781 -0.03392259 -7.731675 -0.8700295 1.369838 1.462219 -0.08974597 19.58541 nan 0 0.0 0.034011799099725105 7.780472327339469 1.0
-0.007836735 0.02668529 -3.497186 -4.166897 0.4482016 0.4906255 0.3981838 18.46572 1.434084 0 0.0 0.02781221166761689 5.439976151345243 1.0
0.01065714 -0.07328768 -3.964109 -10.09907 0.7599343 0.7237803 0.273863 19.58346 1.28191 0 0.0 0.07405848143705081 10.849210802117405 0.0
0.005051716 0.003740144 -3.624904 -5.586998 0.2023572 0.1732175 0.3520282 16.30348 1.350702 0 0.0 0.006285579661844403 6.659915589646764 1.0
0.018153 -0.01137408 -3.292972 -5.01393 0.100067 0.08527543 0.1634567 16.06004 0.9505577 0 0.0 0.02142197714606194 5.998596388963338 1.0
-0.04101605 -0.01976684 -4.184739 -6.236801 0.8434861 0.8303197 0.2096932 19.65727 1.358101 0 0.0 0.045530696471590464 7.510640932152329 1.0
0.003376113 0.05725462 -4.824519 -1.816748 1.965213 1.977261 -0.07169624 20.59502 1.185888 0 0.0 0.05735407265690178 5.1552455690165715 1.0
-0.01530115 -0.01243738 -1.499072 -6.376849 0.7803538 0.8477403 0.4027931 18.73654 nan 0 0.0 0.01971835724868834 6.550680882930034 1.0
8.53129e-05 0.009052599 -3.777668 -5.389417 0.1632922 0.1420293 0.2341731 15.71217 1.724574 0 0.0 0.009053000991146936 6.581534100657156 1.0
0.07591922 -0.03260961 -3.300054 -4.386628 0.29445 0.2771506 0.2923689 17.9791 0.8372993 1 0.9440219 0.08262635553962488 5.4893407266537935 1.0
-0.006770136 0.001251998 -1.693592 -3.942446 0.6373855 0.6422032 0.4322474 17.44526 nan 0 0.0 0.00688492850002816 4.290819773117953 0.0
-0.06810213 -0.01946313 -9.253663 -1.122035 0.4502511 0.4686321 0.3792299 18.69389 2.084583 0 0.0 0.07082876209516724 9.32143988119829 0.0
-0.04897103 0.03882298 -2.468842 -4.611503 1.930057 1.762492 0.6580547 19.93297 1.125452 0 0.0 0.0624930840600886 5.2307877743197535 1.0
-0.04823675 -0.02425825 -5.251199 -11.54067 1.797158 1.775334 -0.1557885 20.39771 1.489117 0 0.0 0.05399302495346042 12.679201669919957 0.0
-0.01447834 -0.02402904 -5.425424 -6.107751 1.347145 1.112462 -0.0653723 19.64033 nan 0 0.0 0.02805382491706256 8.169445994544366 0.0
0.01035259 -0.0627007 -3.831653 -4.699155 0.8269776 0.7917448 0.1411078 19.62871 1.489607 0 0.0 0.06354961762432643 6.063301281186183 1.0
0.01928077 0.0120131 -4.961914 -3.632111 0.7588473 0.7792881 0.2793374 18.56726 nan 0 0.0 0.022717012642574728 6.149213027674111 1.0
-0.01134009 -0.02939961 -16.14808 4.43033 1.71832 1.782298 -0.05860836 20.24162 nan 0 0.0 0.03151086652823435 16.744799538821 0.0
-0.02099865 -0.01532473 -2.158979 -3.531742 0.456265 0.4839313 0.4683869 18.32124 1.496481 0 0.0 0.025995973753552684 4.13937095184824 0.0
-0.005917099 0.01589138 -4.747981 -8.202639 0.3608469 0.3102325 0.2250606 17.60487 1.359001 0 0.0 0.016957240898218113 9.477690126854855 0.0
0.004167821 -0.06854287 -5.789326 -4.686392 1.601937 1.515191 0.2669123 20.35907 1.075987 0 0.0 0.06866946744896847 7.448393485305404 1.0
-0.0568256 -0.07834965 -6.876991 -4.277234 1.47464 1.336927 0.2365108 20.05079 1.644852 0 0.0 0.09678748095948413 8.098625556527292 0.0
0.01483274 0.04237005 -3.36734 -4.564694 0.7421587 0.7080962 0.2874247 19.53803 1.499182 0 0.0 0.04489132781406783 5.672337259828263 1.0
-0.02687941 -8.92034e-05 1.006581 -14.35118 2.380141 2.38617 0.6728537 19.87902 nan 0 0.0 0.026879558017100496 14.38643710937357 0.0
0.1220167 -0.03241409 -0.5795733 -10.76555 1.46588 1.293721 0.1486478 20.18944 1.550898 0 0.0 0.1262487556747317 10.781139643496548 0.0
0.02969964 -0.03956162 -7.841253 -9.743811 1.364787 1.343534 0.03282499 20.15691 1.38307 0 0.0 0.049469085226573575 12.507082050331725 0.0
-0.04126029 -0.00750999 -3.958766 -4.902472 0.835513 0.8175461 0.3880198 19.4924 nan 0 0.0 0.04193818642578861 6.301274470576567 1.0
0.05132988 -0.07093192 -3.676646 -4.96014 0.988739 0.9062126 0.234191 19.9467 1.365255 0 0.0 0.08755623253487327 6.174197488655185 1.0
-0.02340448 -0.06474178 -2.367679 -6.366141 1.954023 2.110932 0.1265324 20.51282 1.330116 0 0.0 0.06884233989078814 6.79217601943015 1.0
-0.02151567 -0.05915321 2.17926 -8.416862 1.282228 1.20612 0.3318946 20.01198 1.455616 0 0.0 0.06294462891186983 8.694408552319357 0.0
-0.02733297 -0.1258766 -1.199792 -7.840938 0.6576532 0.6168937 0.2257116 19.37508 2.161253 1 0.0 0.1288099750663003 7.932200801991084 0.0
0.08024124 -0.08681104 -5.48098 -3.24475 2.359616 2.491737 0.3378793 20.63 3.408144 1 0.4950829 0.11821511435776393 6.3694226051424785 0.0
-0.04518963 -0.03172276 -2.560063 -2.569214 0.9583873 0.912395 0.2608365 19.77614 1.15167 0 0.0 0.055212644942571804 3.6269523214077406 0.0
-0.04512979 -0.007148474 -2.139156 -6.137393 1.147096 1.20203 0.3963355 19.98398 1.388062 0 0.0 0.045692435106621056 6.499506229613524 1.0
0.001243095 -0.01969567 -1.250806 -6.372406 0.7248529 0.6520693 0.1457139 18.90252 nan 0 0.0 0.019734860068617792 6.494002916420041 1.0
0.01934172 0.012643 -8.746544 -2.228232 1.015975 1.048446 -0.125164 18.92172 nan 0 0.0 0.023107305804840165 9.025909914782 0.0
0.004411872 0.003568962 -8.307329 -10.20799 0.3615856 0.3088321 0.3013538 16.81441 nan 0 0.0 0.005674689797850452 13.16110842423012 0.0
0.1103432 -0.07198902 -0.982088 -4.621921 0.4830253 0.5329626 0.233322 18.76208 1.632038 1 7.370186e-05 0.1317499175969397 4.725108524678031 0.0
-0.01764516 -0.1271419 0.7453169 0.1454209 0.8545728 0.7836348 0.1954119 19.72021 1.105272 0 0.0 0.12836048615923673 0.7593711342831119 0.0
0.04377837 0.02453026 -3.672366 -4.808396 0.1459722 0.1217328 0.2327241 16.64408 1.854764 1 0.9973845 0.050182460437133806 6.0503672723870245 1.0
-0.006404606 0.01608664 -3.617109 -5.105443 1.57362 1.716063 0.4604206 18.79719 nan 0 0.0 0.017314703708260097 6.256918230577255 1.0
0.007671499 -0.06514447 -3.159046 -4.167373 1.138714 1.078482 0.2451955 19.96711 1.086872 0 0.0 0.06559461767925705 5.22939474043077 1.0
0.02342336 -0.03905196 -1.938262 -5.819059 2.353356 2.594598 -0.1216414 20.66329 1.202244 0 0.0 0.045537999226263774 6.133376494731511 1.0
-0.06871182 -0.01465188 -5.946931 -3.521698 2.203177 2.407201 0.1927644 20.71759 1.631062 0 0.0 0.07025661388970295 6.911464759511185 1.0
-0.09047181 0.04974206 -3.62413 -3.458627 1.406084 1.389459 0.3436896 20.35841 1.203758 0 0.0 0.10324447170536397 5.00963261946712 0.0
-0.07659821 -0.0778324 0.1747993 -4.388866 3.003142 3.027884 0.1871374 20.73621 1.119867 0 0.0 0.10920241876883542 4.3923455648703795 0.0
