jas1101finalproject/data/gcs/NGC_362.ecsv
# %ECSV 0.9
# ---
# datatype:
# - {name: x, unit: deg, datatype: float64}
# - {name: y, unit: deg, datatype: float64}
# - {name: pmx, unit: mas / yr, datatype: float64}
# - {name: pmy, unit: mas / yr, datatype: float64}
# - {name: pmx_e, unit: mas / yr, datatype: float64}
# - {name: pmy_e, unit: mas / yr, datatype: float64}
# - {name: pm_corr, datatype: float64}
# - {name: g_mag, unit: mag, datatype: float64}
# - {name: bp_rp, unit: mag, datatype: float64}
# - {name: filter, datatype: int64}
# - {name: memberprob, datatype: float64}
# - {name: r, unit: deg, datatype: float64}
# - {name: pm, unit: mas / yr, datatype: float64}
# - {name: member_prob_GMM, datatype: float64}
# meta: !!omap
# - comments: [deg deg mas/yr mas/yr mas/yr mas/yr dimless mag   mag   zeroone float]
# - __serialized_columns__:
#     bp_rp:
#       __class__: astropy.units.quantity.Quantity
#       unit: &id001 !astropy.units.Unit {unit: mag}
#       value: !astropy.table.SerializedColumn {name: bp_rp}
#     g_mag:
#       __class__: astropy.units.quantity.Quantity
#       unit: *id001
#       value: !astropy.table.SerializedColumn {name: g_mag}
#     pm:
#       __class__: astropy.units.quantity.Quantity
#       unit: !astropy.units.Unit {unit: mas / yr}
#       value: !astropy.table.SerializedColumn {name: pm}
#     pmx:
#       __class__: astropy.units.quantity.Quantity
#       unit: !astropy.units.Unit {unit: mas / yr}
#       value: !astropy.table.SerializedColumn {name: pmx}
#     pmx_e:
#       __class__: astropy.units.quantity.Quantity
#       unit: !astropy.units.Unit {unit: mas / yr}
#       value: !astropy.table.SerializedColumn {name: pmx_e}
#     pmy:
#       __class__: astropy.units.quantity.Quantity
#       unit: !astropy.units.Unit {unit: mas / yr}
#       value: !astropy.table.SerializedColumn {name: pmy}
#     pmy_e:
#       __class__: astropy.units.quantity.Quantity
#       unit: !astropy.units.Unit {unit: mas / yr}
#       value: !astropy.table.SerializedColumn {name: pmy_e}
#     r:
#       __class__: astropy.units.quantity.Quantity
#       unit: &id002 !astropy.units.Unit {unit: deg}
#       value: !astropy.table.SerializedColumn {name: r}
#     x:
#       __class__: astropy.units.quantity.Quantity
#       unit: *id002
#       value: !astropy.table.SerializedColumn {name: x}
#     y:
#       __class__: astropy.units.quantity.Quantity
#       unit: *id002
#       value: !astropy.table.SerializedColumn {name: y}
# schema: astropy-2.0
x y pmx pmy pmx_e pmy_e pm_corr g_mag bp_rp filter memberprob r pm member_prob_GMM
[from data line 3122]
0.01117946 -0.07676967 2.361503 2.361081 1.751564 1.330495 -0.2163885 20.29132 0.7367516 0 0.0 0.07757939518841649 3.339371184455241 0.0
0.03876517 -0.01776045 16.59912 -2.001311 2.289765 1.154231 -0.3332745 19.99172 nan 0 0.0 0.04264002801747907 16.71933104203398 0.0
0.008817033 -0.04865417 2.671753 -6.239608 2.561581 1.583106 0.2746592 20.56698 0.3836327 0 0.0 0.04944662101005476 6.78756009819972 1.0
-0.07305029 0.07941091 6.925894 -1.687565 0.991114 0.6776793 -0.04109544 20.07279 0.8097172 0 0.0 0.10790012741471718 7.128526027760648 1.0
-0.09850455 0.1243766 6.822348 -2.816153 0.3250761 0.2461359 -0.1053197 18.61987 0.7012844 1 0.9927383 0.15865902116886546 7.380728280631458 1.0
0.0134709 0.08884778 5.827253 -2.237642 0.4188875 0.2805955 -0.1266764 18.70657 0.7102318 1 0.9615214 0.08986319133960467 6.24210855770492 1.0
-0.03583881 -0.06138753 6.530103 -3.290805 1.788271 1.181821 0.0484897 20.49774 0.8984547 0 0.0 0.07108339568223371 7.312430699749161 1.0
-0.004513357 -0.07156379 7.160749 -2.561205 0.4446345 0.2834985 -0.1258605 18.65833 0.6520424 0 0.0 0.07170597207048761 7.605004752991677 1.0
-0.03177332 -0.00693718 6.304423 -1.354836 0.8979039 1.356102 -0.2027366 19.77886 nan 0 0.0 0.03252181314402381 6.448358702012862 1.0
0.05419777 0.02724758 4.739495 -2.260431 1.324497 0.9231211 -0.2391854 20.09012 nan 0 0.0 0.0606615931939584 5.250939074183398 1.0
0.06689111 -0.04380579 6.381771 -2.228898 0.8033323 0.4871857 -0.01483688 19.70873 0.657032 0 0.0 0.07995853822173214 6.759806756915836 1.0
0.01925608 0.0934512 3.540527 -3.684786 2.087097 1.962017 -0.1069249 20.59515 0.05673409 1 0.5972279 0.09541448212093592 5.110086036802609 1.0
0.01215266 -0.04952569 9.457258 -4.59472 1.967879 1.435932 0.1445216 20.53375 nan 0 0.0 0.050994912638926054 10.514332159341553 1.0
0.04193459 -0.02369493 10.02222 0.8241369 2.550551 1.46036 -0.1913013 20.35966 0.2941074 0 0.0 0.04816595837490416 10.056047700679509 1.0
0.04446789 0.04237028 6.698378 -2.031838 0.3719526 0.2816759 -0.00610655 18.6296 0.6396847 0 0.0 0.06142177031257322 6.999759530807326 1.0
0.03567339 -0.09867973 1.678939 -1.457645 0.7028078 0.4999702 -0.1191485 19.31005 0.9223366 1 0.0 0.10492988071548065 2.223412942245772 0.0
0.03874615 -0.02110209 7.044522 -2.896191 0.4028731 0.3194308 -0.06614188 18.75529 0.6764278 0 0.0 0.04411986335190307 7.616640500704034 1.0
-0.08505152 -0.04535539 6.929033 -2.256194 0.3403063 0.2076112 -0.1013737 18.36676 0.7013969 1 0.9966428 0.0963891718833734 7.28710571356866 1.0
0.01359256 0.02393683 4.931923 -3.313347 0.6539132 0.4558627 -0.288612 18.35244 0.6702232 0 0.0 0.027526887179673987 5.9415597969168 1.0
-0.003251839 0.03247086 7.049655 -2.562191 0.5522478 0.3382483 -0.213971 18.79041 0.6375275 0 0.0 0.03263328371496685 7.500830509983944 1.0
-0.07170991 -0.1551742 -1.918812 -1.160923 0.8504021 0.5732417 -0.06634706 19.44407 -0.00025177 0 0.0 0.17094251530221527 2.2426728926156394 0.0
0.1357536 0.03082622 7.690776 -1.610543 0.9331885 0.7297418 0.0672862 19.94814 0.7253113 0 0.0 0.1392095390138492 7.857600412150327 1.0
-0.03836725 0.007089306 6.636273 -2.769407 0.4188937 0.3607258 0.02392884 18.848 0.6295567 0 0.0 0.03901671606022393 7.190948092023611 1.0
0.0548313 -0.03731433 3.653504 -2.521744 1.534939 1.023893 0.09340967 20.41386 0.6795845 0 0.0 0.06632368116320822 4.43928871324585 1.0
0.0661374 -0.04495531 9.808063 -1.769467 1.744418 1.354464 0.02037781 20.43032 0.4712734 0 0.0 0.07996959157052198 9.966399213159084 1.0
-0.07059743 -0.116283 7.1877 -2.383636 0.4996266 0.3662164 -0.1052673 19.03113 0.6982651 1 0.9907797 0.136035779159767 7.572631766466398 1.0
-0.08024014 0.08482313 6.182983 -0.8792459 1.276961 1.103916 0.03048965 20.43727 0.6818466 0 0.0 0.11676233746468294 6.245186316752752 1.0
-0.04150405 -0.00984665 8.222718 -3.825998 0.5513567 0.4584886 -0.2083328 18.79053 0.7452469 0 0.0 0.04265609783635864 9.06925311166956 1.0
-0.01569548 0.008958779 15.34381 10.56062 0.793875 1.239389 0.6757755 18.43019 nan 0 0.0 0.018072294087946916 18.626840851322587 0.0
0.03401636 -0.05975162 0.677977 -1.2413 0.1404434 0.1085198 -0.07738052 17.02677 1.486351 1 0.0 0.06875586404281456 1.4143827284469364 0.0
-0.009005542 -0.01410073 9.314826 -5.216058 1.241406 0.7591786 -0.3098859 17.36965 0.7009153 0 0.0 0.016731119904138635 10.675825236001197 1.0
-0.07181223 0.0342949 6.669332 -2.96323 0.2733419 0.197888 -0.0470919 18.20611 0.7050686 1 0.9949083 0.07958100617347648 7.2979943381126295 1.0
0.06122373 0.05943868 8.041721 -1.50475 0.8140713 0.4947156 -0.1257592 19.71301 0.7684155 0 0.0 0.08533054432766322 8.181292636517838 1.0
0.06204672 -0.03545109 6.537278 -2.455497 1.663139 1.371588 0.1720084 20.53029 0.9812927 0 0.0 0.07146030537960567 6.9832277040271995 1.0
0.02972703 -0.09808245 8.138075 -8.143913 1.482471 0.9289376 -0.1798133 20.18478 0.7148418 0 0.0 0.10248835695152596 11.513104866073009 0.0
-0.03375966 -0.03787769 7.415109 -2.623434 1.414701 0.8765184 -0.09152078 19.99161 0.6478214 0 0.0 0.05073888097949835 7.8655099919990565 1.0
0.04189479 0.02231813 9.114234 -3.992854 1.324253 0.8135426 -0.2842868 20.0065 0.6287708 0 0.0 0.04746864602915276 9.95048463503522 1.0
-0.03094268 -0.006890094 4.913679 0.6155861 0.8795757 1.128513 -0.5668075 19.01375 0.6781845 0 0.0 0.03170051799121327 4.952089211792757 1.0
0.05838619 0.02654147 5.830858 -2.075956 1.272533 0.8832298 -0.2319702 20.19938 0.7121277 0 0.0 0.06413576858880697 6.189385941278828 1.0
0.0371672 0.000331928 5.414335 -3.861546 2.695946 1.674051 -0.2887061 20.25388 1.010899 0 0.0 0.037168682140172576 6.650305331512306 1.0
0.03569298 -0.07207605 5.621902 2.211482 2.64304 2.278008 -0.2256645 20.63114 0.8124695 0 0.0 0.080429756961481 6.04122791607203 1.0
-0.06766687 -0.04499098 6.574638 -3.107358 0.636167 0.4521266 -0.03319316 19.47287 0.7148552 0 0.0 0.08125880615020935 7.2719693736434285 1.0
-0.0164004 -0.03046288 4.849235 -2.079723 0.9694068 0.583352 -0.05391533 19.39606 0.7284451 0 0.0 0.034597112279125264 5.276393450260699 1.0
-0.01171255 -0.001826445 6.669262 -2.549334 0.0553759 0.04537238 -0.08383924 12.72278 1.467015 0 0.0 0.011854101772826359 7.139899121710334 1.0
-0.008456614 0.07030349 10.2882 -6.085402 1.295791 0.9129627 -0.09816774 20.16776 0.6839542 0 0.0 0.07081027486548189 11.95320780132279 0.0
0.105056 -0.106983 1.405081 -1.423769 1.308534 0.6558717 -0.1347847 19.93298 0.1266537 0 0.0 0.14994040624528132 2.0003426661254817 0.0
-0.01913574 0.0352543 5.541293 -3.240138 0.7720921 0.4473396 0.2300427 18.91 0.6729164 0 0.0 0.040112868431933416 6.419067095060854 1.0
0.01466286 -0.06641886 6.278069 -1.984445 0.7653131 0.4557054 -0.1166759 19.43757 0.5425568 0 0.0 0.06801811837355691 6.58423665482841 1.0
-0.0008721697 -0.07702594 0.7680927 -0.9368226 0.25983 0.1657228 -0.1170525 17.87138 1.195345 1 0.0 0.07703087765869734 1.2114466474690702 0.0
0.05634874 -0.008433577 8.38382 -1.477106 1.161933 0.8072904 -0.1779403 20.00083 nan 0 0.0 0.05697636106845127 8.512947781329098 1.0
-0.05902605 -0.05450019 6.012599 -1.352241 0.8156568 0.4925844 -0.06601921 19.60247 0.7592068 0 0.0 0.08033894005174949 6.162783661372675 1.0
-0.03369175 -0.03722144 8.39887 -1.612189 1.93065 1.692046 -0.3250114 20.27689 nan 0 0.0 0.0502052747600897 8.552202678177185 1.0
-0.005144263 -0.02973962 -0.1089889 -5.384954 2.265806 0.910377 -0.5987307 19.72366 nan 0 0.0 0.030181259741063976 5.386056828742081 1.0
0.08452569 -0.05682786 6.652835 -3.248088 1.163776 0.6652727 -0.1543159 20.05262 0.7400398 0 0.0 0.10185282491004213 7.403397138676879 1.0
0.05495659 0.09017295 6.420996 -2.74906 0.6749592 0.4796848 -0.1095344 19.66059 0.8241596 1 0.9884377 0.10560013113690059 6.984734820708371 1.0
-0.09467624 0.0657473 6.633799 -2.785149 0.4802476 0.3525961 -0.06540181 19.11797 0.7005539 1 0.9936599 0.11526620440453307 7.1947442014710985 1.0
-0.07328326 -0.1000192 4.759297 -2.123103 0.6415284 0.4447291 -0.03767898 19.08922 0.1055088 0 0.0 0.12399305047004691 5.211379307133381 1.0
0.016695 -0.01415148 5.012059 -0.3921122 0.8582496 0.7225097 -0.2815468 18.92264 1.01968 0 0.0 0.02188578102765355 5.027373807155167 1.0
-0.01581642 0.0810946 6.96226 -2.202702 0.2710025 0.2027447 -0.03221612 18.24374 0.7684174 1 0.9964043 0.08262259552190551 7.302394155919276 1.0
0.02317473 -0.02222988 6.912599 -3.099064 0.3853512 0.2756723 0.03225596 18.51154 0.6574726 0 0.0 0.032112858411971056 7.575501475869238 1.0
-0.1335456 -0.09170492 0.8354399 -1.26869 0.3815183 0.2596872 -0.1475842 18.64374 0.9246769 1 0.0 0.16200067787378666 1.5190569912323928 0.0
0.03769291 0.04407796 7.314839 -2.937061 0.2483168 0.1854596 -0.03447845 18.0837 0.8505802 1 0.9891651 0.05799674147768735 7.8824613486931865 1.0
-0.04341973 -0.005295981 6.59674 -1.898357 0.6683456 0.9532946 -0.3809323 19.16298 nan 0 0.0 0.04374151766943233 6.864454670769485 1.0
0.03183048 -0.01658847 6.731642 -2.657239 0.08185 0.06163189 -0.01470828 15.81837 1.059289 1 0.9996992 0.03589368738331714 7.237121190037168 1.0
0.007947798 -0.05645105 7.264127 -4.059207 1.654487 1.040584 0.01362412 20.32421 0.72645 0 0.0 0.05700779367026323 8.32134018899468 1.0
0.1612374 -0.06477999 1.65906 -0.7024099 0.5921548 0.4048604 0.003166444 19.17168 0.965271 1 0.0 0.17376405342636347 1.8016269733821177 0.0
0.01942349 -0.1258711 3.539175 -3.403827 2.832836 1.325298 -0.1639846 20.59846 0.6591816 0 0.0 0.12736092720685613 4.910376556492792 0.0
0.0830075 0.09179277 6.847093 -1.991401 0.5685831 0.3841379 -0.04965337 19.38787 0.7677097 1 0.9780741 0.12375846508632408 7.130803635877936 1.0
0.05081551 -0.03171129 -0.9101194 -1.98643 3.031443 1.736829 -0.2764749 20.58131 nan 0 0.0 0.059898430447084344 2.1849991915688114 0.0
-0.1226833 0.08617931 12.67201 2.088859 0.6305928 0.4636599 -0.0592746 19.34906 2.104799 0 0.0 0.14992686740863392 12.843020258567725 0.0
-0.1855419 0.0205215 1.423256 -1.916682 0.2555098 0.192786 -0.1657746 18.01847 0.9570217 1 0.0 0.18667332058400848 2.3873264399030143 0.0
-0.08198973 -0.1776523 2.044997 -0.1550819 2.207925 1.693969 -0.08167531 20.49092 0.4294415 0 0.0 0.1956595398153714 2.0508688709219345 0.0
0.1632805 -0.05011726 4.319979 -2.572341 1.410672 1.323735 -0.1456346 20.35464 0.1967163 0 0.0 0.17079889177087068 5.027838181636517 0.0
-0.07167714 0.04362619 7.026276 -3.650071 0.767983 0.5848816 0.2340617 19.63315 0.7272167 0 0.0 0.0839098138032477 7.917801003638384 1.0
0.00668536 -0.06516334 6.460787 -2.689941 1.147476 0.6665528 -0.1662052 19.68395 nan 0 0.0 0.06550538083459403 6.998396333650303 1.0
-0.06810628 -0.09592658 2.955457 -2.41134 2.380496 1.783777 0.1562867 20.55799 0.3273773 0 0.0 0.11764511943100232 3.814352720246123 0.0
0.02725509 0.064763 6.891322 -2.374827 0.4195886 0.2725681 -0.1829969 18.61595 0.6460381 0 0.0 0.07026440137016823 7.289041239258631 1.0
0.04697389 -0.07505215 17.18057 -2.78021 4.351351 2.748967 -0.2727693 20.85205 0.9711514 0 0.0 0.08854022566808038 17.404067144463674 0.0
-0.02806553 0.02621052 6.265364 -1.751108 0.6411483 0.3827737 0.3452865 18.93958 0.6763859 0 0.0 0.03840137149700907 6.505471949071797 1.0
0.007699758 0.1861406 4.372338 -3.577114 1.242581 1.193435 -0.0002728153 20.57832 0.7810059 0 0.0 0.18629978325703594 5.649166677948173 0.0
0.0422293 -0.02706776 6.468472 -1.867533 3.279354 3.371261 -0.3281241 20.89434 nan 0 0.0 0.05015951963393988 6.732667340725591 1.0
0.01971646 -0.05822164 6.753265 -2.676284 0.3061746 0.2746295 0.02005355 18.3242 0.6827068 1 0.9986627 0.06146948966130433 7.264233215479869 1.0
0.08336999 0.09067736 6.956794 -3.536985 0.421466 0.2894399 -0.08248009 18.88344 0.7035351 1 0.8955441 0.12317848371030429 7.804309428044291 1.0
-0.02783502 -0.07191088 -0.7805199 -1.01638 0.934993 0.5539687 -0.1043595 19.71935 0.6271572 0 0.0 0.07711007068324344 1.2814989733495732 0.0
0.0004385204 0.02827496 4.555843 -2.241148 1.137385 0.4651843 -0.2803326 19.23087 0.5678673 0 0.0 0.02827836033335059 5.077248250632719 1.0
-0.002256104 -0.04289978 2.580934 3.940401 1.1413 0.6496598 -0.3118015 18.8458 0.6531467 0 0.0 0.04295906341282612 4.71041190907515 1.0
0.01253491 0.02775222 7.761407 -4.123321 0.3539803 0.2622697 -0.2264534 17.28549 0.878252 0 0.0 0.030451759943170773 8.788698122514507 1.0
0.05472632 -0.06912109 2.628616 -2.94807 2.082954 1.599025 -0.3102011 20.22405 0.2265873 0 0.0 0.08816289005885923 3.9497770570446127 1.0
0.02557433 0.009398673 6.95873 0.2798215 0.4317238 0.3233838 -0.1175962 17.4773 0.8426495 0 0.0 0.027246677028764977 6.9643537593061895 1.0
-0.02882398 0.01732118 7.330531 -2.00289 0.4415725 0.2983843 0.100927 18.06172 0.7798328 0 0.0 0.03362804037753018 7.599227137943766 1.0
-0.04301993 -0.005318 6.472298 -0.9358201 0.4776218 0.4304629 -0.2335267 18.78593 0.5890255 0 0.0 0.04334738171106647 6.539602484889125 1.0
-0.02197845 -0.02607374 4.565663 -4.621128 0.8366954 0.4817045 -0.07054924 18.95212 0.7612381 0 0.0 0.03410120499322715 6.496160606231422 1.0
0.07649744 0.0783833 8.206696 -2.382312 1.523314 1.283282 -0.1598134 20.44484 0.7869663 0 0.0 0.10952533974128362 8.545482414806083 1.0
-0.1532149 0.02764015 -0.1709378 -0.7756557 0.5191609 0.3763264 -0.09332282 19.22375 -0.02185059 1 0.0 0.15568809676411519 0.7942678996480532 0.0
-0.05290111 0.02672463 24.91508 4.758424 1.685205 1.344288 0.06897457 19.52552 0.5570469 0 0.0 0.05926831605393391 25.36540577972637 0.0
-0.02005037 0.107252 0.03965534 -1.812481 0.5874822 0.4056265 -0.01424261 19.29142 0.8750572 0 0.0 0.10911007671675839 1.8129147584350225 0.0
-0.001927049 -0.04283871 5.023259 0.9146591 1.681426 2.115286 -0.8501161 19.34357 nan 0 0.0 0.042882031112256115 5.105852744673882 1.0
0.02834022 0.04575665 6.570234 -2.376294 0.04978874 0.03823231 -0.07612483 12.3302 1.659581 1 0.9993408 0.05382229174673724 6.986755183144175 1.0
0.02045295 -0.1089578 7.136918 -2.587848 0.4820634 0.284263 -0.1090885 18.80064 0.6924667 1 0.9958953 0.1108608377405768 7.591610883720793 1.0
-0.02239002 -0.02935484 8.430249 -1.288221 1.016201 0.646608 -0.1381416 19.42201 nan 0 0.0 0.0369190956962112 8.528107149118261 1.0
-0.1453638 -0.1187664 10.39593 6.47969 1.319597 0.9954032 -0.2843552 19.99566 0.9998894 0 0.0 0.1877127915710594 12.249969104491651 0.0
0.005920021 -0.05593917 5.427568 -3.52567 1.659102 1.234043 -0.07066536 20.15441 0.4943066 0 0.0 0.05625155454677978 6.4721590944231275 1.0
-0.02345853 -0.002553991 7.13998 -2.763056 0.08210534 0.06761553 -0.07354336 15.15821 1.081506 0 0.0 0.023597150247201056 7.655964528361923 1.0
-0.006252173 0.02934973 5.718171 -2.221814 0.4161845 0.2578282 -0.2172575 18.08086 0.6872177 0 0.0 0.030008270831469598 6.134650522714151 1.0
0.03918268 -0.02146916 9.910019 -4.199989 1.114573 0.975655 -0.0728727 19.94125 nan 0 0.0 0.044678935115868644 10.763288725128673 1.0
-0.01679533 0.009957332 9.017712 -1.542435 0.7557521 0.3414724 0.1735493 17.99292 nan 0 0.0 0.019525152249524814 9.14867397190265 1.0
0.09550409 0.1675891 0.3041408 -0.7343009 0.486473 0.3637243 -0.01750427 19.26086 1.040333 1 0.0 0.19289151781646102 0.7947952176286984 0.0
0.0855726 0.02244542 6.715573 -2.030549 0.7648347 0.5249069 0.04814757 19.69171 0.4670429 0 0.0 0.08846732023598544 7.015842783281991 1.0
-0.03139399 -0.03282314 7.283813 -1.627031 0.7703549 0.5520077 -0.07111896 19.35094 nan 0 0.0 0.04541961170661524 7.463321090099903 1.0
0.004092031 -0.0438156 6.580575 -2.911165 0.8868031 0.5140395 -0.01058038 19.48092 0.5708637 0 0.0 0.044006266838542 7.195752148861854 1.0
0.06911414 -0.05718018 6.824285 0.06323664 1.547771 1.310238 -0.04370763 20.42801 0.4720631 0 0.0 0.08970137865591589 6.8245779821072805 1.0
-0.007602606 -0.0712977 4.881821 -3.217078 1.054221 0.5594387 -0.1032567 19.78317 0.5832481 0 0.0 0.07170189427958816 5.846517521920635 1.0
0.01653023 -0.01640964 7.522195 -1.805208 2.377302 1.326181 -0.6906146 19.36144 nan 0 0.0 0.023292161530920653 7.735773622675951 1.0
-0.07369713 -0.07839126 4.861112 -2.926416 1.736828 1.109909 0.00687142 20.48614 nan 0 0.0 0.10759394320603971 5.674003919773056 1.0
