jas1101finalproject/data/gcs/NGC_4590_M_68.ecsv
# %ECSV 0.9
# ---
# datatype:
# - {name: x, unit: deg, datatype: float64}
# - {name: y, unit: deg, datatype: float64}
# - {name: pmx, unit: mas / yr, datatype: float64}
# - {name: pmy, unit: mas / yr, datatype: float64}
# - {name: pmx_e, unit: mas / yr, datatype: float64}
# - {name: pmy_e, unit: mas / yr, datatype: float64}
# - {name: pm_corr, datatype: float64}
# - {name: g_mag, unit: mag, datatype: float64}
# - {name: bp_rp, unit: mag, datatype: float64}
# - {name: filter, datatype: int64}
# - {name: memberprob, datatype: float64}
# - {name: r, unit: deg, datatype: float64}
# - {name: pm, unit: mas / yr, datatype: float64}
# - {name: member_prob_GMM, datatype: float64}
# meta: !!omap
# - comments: [deg deg mas/yr mas/yr mas/yr mas/yr dimless mag   mag   zeroone float]
# - __serialized_columns__:
#     bp_rp:
#       __class__: astropy.units.quantity.Quantity
#       unit: &id001 !astropy.units.Unit {unit: mag}
#       value: !astropy.table.SerializedColumn {name: bp_rp}
#     g_mag:
#       __class__: astropy.units.quantity.Quantity
#       unit: *id001
#       value: !astropy.table.SerializedColumn {name: g_mag}
#     pm:
#       __class__: astropy.units.quantity.Quantity
#       unit: !astropy.units.Unit {unit: mas / yr}
#       value: !astropy.table.SerializedColumn {name: pm}
#     pmx:
#       __class__: astropy.units.quantity.Quantity
#       unit: !astropy.units.Unit {unit: mas / yr}
#       value: !astropy.table.SerializedColumn {name: pmx}
#     pmx_e:
#       __class__: astropy.units.quantity.Quantity
#       unit: !astropy.units.Unit {unit: mas / yr}
#       value: !astropy.table.SerializedColumn {name: pmx_e}
#     pmy:
#       __class__: astropy.units.quantity.Quantity
#       unit: !astropy.units.Unit {unit: mas / yr}
#       value: !astropy.table.SerializedColumn {name: pmy}
#     pmy_e:
#       __class__: astropy.units.quantity.Quantity
#       unit: !astropy.units.Unit {unit: mas / yr}
#       value: !astropy.table.SerializedColumn {name: pmy_e}
#     r:
#       __class__: astropy.units.quantity.Quantity
#       unit: &id002 !astropy.units.Unit {unit: deg}
#       value: !astropy.table.SerializedColumn {name: r}
#     x:
#       __class__: astropy.units.quantity.Quantity
#       unit: *id002
#       value: !astropy.table.SerializedColumn {name: x}
#     y:
#       __class__: astropy.units.quantity.Quantity
#       unit: *id002
#       value: !astropy.table.SerializedColumn {name: y}
# schema: astropy-2.0
x y pmx pmy pmx_e pmy_e pm_corr g_mag bp_rp filter memberprob r pm member_prob_GMM
[from data line 7110]
-0.03024783 0.03100426 -3.744565 0.8146455 2.11795 2.230924 -0.5150567 20.69518 0.6455917 0 0.0 0.043315070793622165 3.8321553112961446 1.0
0.03062017 -0.08678412 -2.587002 1.469437 0.3533819 0.2962764 -0.4834331 18.29216 0.7755909 1 0.9993951 0.09202759529077842 2.9752015805610554 1.0
-0.008259232 -0.01132943 -1.662002 0.5209919 1.108949 0.7544578 -0.6706456 18.81332 nan 0 0.0 0.01402037436571235 1.741747171052564 1.0
-0.05827885 -0.03449738 -1.437162 3.595129 1.818948 1.452911 -0.1602397 20.42512 0.7058163 1 0.9908813 0.06772365601609898 3.8717421325399504 1.0
-0.01367304 0.02716034 -3.410478 2.238173 0.9677542 0.7511097 -0.368636 19.51993 0.7139397 0 0.0 0.030407829448304922 4.079311040655395 1.0
-0.03928666 -0.002670835 -3.260545 3.077446 3.261577 2.02334 -0.7649289 20.25666 nan 0 0.0 0.03937734137232763 4.483506170391762 1.0
-0.01548614 -0.07024626 -5.877187 3.903018 1.496782 1.354684 -0.2467017 20.23242 0.5649662 0 0.0 0.07193300755624779 7.0551312206997965 0.0
0.04747166 0.03111091 -5.72319 1.155388 3.778445 2.249593 -0.02517519 20.87014 0.9534035 0 0.0 0.05675779439146398 5.838649262170489 0.0
-0.02701827 0.03433721 -0.7463202 -1.691174 2.383952 2.465538 -0.5292142 20.83981 nan 0 0.0 0.04369245820936378 1.8485300482286025 1.0
-0.02394746 0.01571836 -2.723797 2.462793 1.318816 0.9138359 -0.6038104 19.64383 nan 0 0.0 0.028645203464824614 3.672113758866683 1.0
-0.03908232 -0.002514362 -3.788985 2.362913 1.020619 0.5672846 -0.483487 19.22047 0.5768356 0 0.0 0.03916311725143242 4.465396418661394 1.0
-0.003968359 0.01863715 -3.763892 2.049646 0.7346206 0.4748128 -0.4276663 19.15239 0.6891327 0 0.0 0.019054952985388892 4.285782508828463 1.0
-0.02242 0.01023886 -6.050934 1.400972 2.547255 2.309045 -0.1714709 20.5879 nan 0 0.0 0.0246473254958748 6.211000307288674 0.0
0.006048887 0.0210861 1.169213 -4.625491 1.492401 0.9689305 -0.3372043 19.90804 0.6523724 0 0.0 0.02193655960146825 4.770977471174016 1.0
-0.01500919 -0.07266281 -2.843341 0.8229718 0.9814019 0.7795874 -0.4188373 19.78013 0.5523758 0 0.0 0.07419676368651264 2.9600457134774523 1.0
0.02051881 -0.001649282 -4.078662 1.402344 0.9147241 0.7990352 -0.5469143 19.32666 0.5871258 0 0.0 0.02058498712488361 4.3130096689643524 1.0
0.06218382 0.01559517 -3.568355 2.562584 1.565771 1.917973 -0.6520275 20.039 0.8084068 0 0.0 0.06410956868612751 4.393175862981244 0.0
-0.03774913 0.04514119 -1.329928 1.885759 1.183568 1.251811 -0.4634717 20.10568 0.8613453 0 0.0 0.05884491354716225 2.30755183934511 1.0
-0.002142099 0.01808407 -3.006851 1.667836 0.55239 0.37978 -0.4463766 18.64147 0.7181301 0 0.0 0.0182104963109384 3.4384342161944876 1.0
0.001046491 -0.03814264 -3.35071 1.964019 0.8408279 0.7307951 -0.6187224 18.97736 nan 0 0.0 0.03815699319368182 3.883893424961735 1.0
-0.06277004 0.007250192 -3.37606 1.804208 0.6766235 0.4965751 -0.5124755 19.11041 0.7114315 1 0.9988331 0.0631873658703895 3.8279168787819833 1.0
-0.03483887 0.02335448 -2.973388 1.826729 0.4744185 0.3700749 -0.4865485 18.793 0.6645412 0 0.0 0.04194256309463336 3.4896955509019696 1.0
0.01430839 0.02358589 -2.921023 1.8059 0.1343 0.1041341 -0.4484295 16.45153 0.9965181 1 0.9999537 0.027586667640079332 3.4341884305508046 1.0
-0.001692507 0.02846005 -2.828456 1.961975 0.08015046 0.06830195 -0.4476883 15.38242 1.073089 1 0.9999371 0.02851033191577308 3.442311613518015 1.0
-0.0420427 0.04383506 -4.12657 2.940957 0.922024 0.7053333 -0.4951649 19.77672 0.7856102 1 0.9955455 0.060737970895425875 5.067327504784845 0.0
-0.01825076 -0.06929681 -2.66759 1.91762 0.857546 0.5612922 -0.4448336 19.41985 0.6312408 1 0.9988109 0.07165987801241151 3.285316251519783 1.0
-0.01227966 -0.001964713 -3.325913 -0.4424282 0.7888368 0.6689448 -0.6156261 18.89322 nan 0 0.0 0.012435841221564747 3.355210872020452 1.0
-0.03261967 0.03163112 -2.600718 2.16752 0.3391378 0.2955443 -0.4674289 18.2637 0.7505245 0 0.0 0.045437546405624724 3.385539405460229 1.0
-0.132218 0.03322025 -3.202899 2.098281 0.5359001 0.3611094 -0.4055859 19.07195 0.682045 1 0.997707 0.1363274900159997 3.8290136013289375 0.0
-0.003777205 0.008055189 -2.995484 2.134523 0.1629394 0.1287755 -0.4812948 16.71007 0.8536243 0 0.0 0.008896816702492304 3.678194235190007 1.0
0.04433059 0.05039928 -2.466048 0.8322266 0.7487657 0.518224 -0.4287997 19.30776 0.7270775 0 0.0 0.06712144690236124 2.6026897341119164 0.0
-0.03309273 0.01787328 -1.023494 1.098154 0.870513 0.6502648 -0.4346942 19.49234 0.6515427 0 0.0 0.03761094145074409 1.5011602765034786 0.0
-0.02340657 -0.0298519 -2.990763 1.450476 0.6228874 0.5175691 -0.3799292 19.05813 0.5064068 0 0.0 0.03793419898686276 3.323935009705364 1.0
0.04041509 0.04204274 -3.355684 2.000855 0.8950227 0.5774644 -0.4016143 19.43924 0.5883751 0 0.0 0.05831784878076094 3.9069215296549022 1.0
-0.04106073 0.004706164 -6.465653 9.079919 1.200208 0.9816004 -0.4751542 19.5703 0.6154861 0 0.0 0.04132954787712776 11.146730361992704 0.0
0.008229708 0.02353881 -2.473985 2.330263 0.4568616 0.3644739 -0.5603707 17.88673 0.695507 0 0.0 0.02493599145775768 3.398636113118614 1.0
-0.008355058 -0.005212572 -5.433952 -2.391486 1.124966 1.137299 -0.372714 19.30522 nan 0 0.0 0.009847735833101333 5.93692172986136 0.0
-0.01748743 0.01456941 -3.476603 2.096439 1.405721 1.913157 -0.5781184 19.87231 nan 0 0.0 0.022761324999942337 4.0597813857805205 1.0
0.02554186 0.09741925 -1.330038 3.309501 0.841672 0.65472 -0.476428 19.1043 0.7379704 0 0.0 0.10071195004974386 3.5667629512549612 0.0
0.03992839 0.01469344 1.871236 0.1621766 1.11073 0.7901321 -0.4168483 19.39853 0.6636639 0 0.0 0.04254613386696493 1.878250626855628 1.0
-0.12864 0.1481878 -2.380927 -5.012312 0.4976773 0.3331366 -0.4095115 18.97983 1.635952 1 0.0 0.19623423164381898 5.5490616292011925 0.0
-0.03276859 -0.01917687 -4.51057 2.623713 0.9276768 0.6523354 -0.4636472 19.59451 0.6333885 0 0.0 0.03796752340599792 5.218152128030478 1.0
-0.00580771 0.00831641 3.952901 -5.450566 1.383394 0.6214809 -0.50038 18.79709 nan 0 0.0 0.010143577807272935 6.733059931127674 0.0
0.02261242 -0.02593595 -2.608071 1.677894 0.455109 0.3405097 -0.4459157 18.6131 0.6232643 0 0.0 0.03440922900413347 3.1011872913897025 1.0
0.01270109 0.03220157 -8.977561 3.460077 1.111923 0.8612686 -0.4952834 18.46713 0.6949768 0 0.0 0.0346158749369852 9.621264696215876 0.0
0.01111902 0.02243802 -4.491772 1.904808 0.5880906 0.4382006 -0.4752895 18.48752 0.7056522 0 0.0 0.025041911813613593 4.878965998738667 1.0
0.01626826 0.004378627 -3.80537 3.909637 1.35053 1.321527 -0.4369447 19.65686 0.6140728 0 0.0 0.016847215135823754 5.455831953851676 0.0
-0.02096403 0.02212955 -3.342166 -1.914757 2.107792 2.015358 -0.2733768 20.54841 0.7297649 0 0.0 0.030482905652896675 3.8518006101828535 1.0
-0.01861756 0.008349367 -3.047291 3.00677 0.3710615 0.3148158 -0.411411 18.16116 0.7817688 0 0.0 0.020404055225721404 4.280963474684291 1.0
-0.01290627 -0.003694748 -3.71947 1.001555 0.502282 0.4525733 -0.6034258 17.81281 0.4630299 0 0.0 0.013424714823652829 3.851956580612637 1.0
-0.01166315 -0.03435524 -3.471149 1.119671 0.7383853 0.5326757 -0.4479748 19.3205 0.6678009 0 0.0 0.03628100857721709 3.647264526798406 1.0
0.02349347 -0.1132125 -3.349603 1.685929 0.6315319 0.4866067 -0.4437218 19.13752 0.6537647 1 0.9968798 0.11562444935605487 3.7499595798688286 0.0
-0.007782311 -0.01193594 3.427681 -2.343945 2.993715 1.722065 -0.7470873 20.15374 nan 0 0.0 0.014248895682975613 4.152478199917009 1.0
-0.01702688 0.03335686 -3.269861 0.4536563 1.7516 0.9386625 -0.4123436 19.88534 0.9208603 0 0.0 0.03745123164321836 3.301180849007017 1.0
-0.04018974 0.04655752 -2.408783 -0.7215069 1.821271 1.942497 -0.4652131 20.6053 0.7826977 0 0.0 0.06150461665450814 2.5145193870472764 1.0
-0.07082561 0.01014082 -2.758505 2.591508 0.9034177 0.721195 -0.4951424 19.70493 0.6770782 1 0.997498 0.07154790885934054 3.7848729898226443 1.0
-0.1620256 -0.1019121 14.88125 -7.692006 0.751197 0.4605393 -0.3808146 19.32755 2.276011 1 0.0 0.19141152311647802 16.751673285571684 0.0
-0.1797747 0.03326374 -5.581884 1.227247 0.3834984 0.2382498 -0.385861 18.31698 1.051107 1 0.0 0.182826199322957 5.7152046497448366 0.0
0.03117966 0.01691633 -0.4946451 1.553717 1.327728 1.022034 -0.478153 20.0527 nan 0 0.0 0.03547299562180364 1.6305552094434 1.0
-0.002087807 0.03026249 -2.417236 2.374411 1.502022 1.375933 -0.5821724 20.06853 nan 0 0.0 0.03033442333503884 3.3883414049674805 1.0
0.04990321 -0.01878828 -0.5708335 1.496882 1.654333 1.52192 -0.2709389 20.41653 0.8282681 0 0.0 0.053322882833381206 1.6020320242261856 0.0
0.04278646 -0.03176679 -1.567656 0.5617271 1.199039 0.9051482 -0.3986419 19.9642 0.8634129 0 0.0 0.053289868701618136 1.6652575384037178 0.0
-0.02099107 0.02096034 -0.1596734 -0.3005806 1.642889 1.59428 -0.3673613 20.27967 0.6218624 0 0.0 0.02966413444987903 0.3403590629965948 0.0
-0.03626993 0.06610343 -5.574998 1.597269 1.822891 1.460801 -0.3879161 20.34568 0.6998596 0 0.0 0.07540007480082364 5.799299178208088 0.0
-0.01244311 -0.002590342 -4.202907 3.901989 0.35453 0.295667 -0.6041032 17.55307 0.849493 0 0.0 0.012709872467852067 5.734975623903732 0.0
-0.008788775 -0.03507405 -3.278922 2.121124 0.5835372 0.4227592 -0.457217 18.93788 0.679285 0 0.0 0.03615842293855092 3.9051884084458717 1.0
-0.05574719 0.02535078 -1.864011 1.171511 1.424453 1.03653 -0.4259325 20.12993 0.7534466 0 0.0 0.06124060123402202 2.20158466365525 1.0
0.03100238 0.0165044 -3.266924 1.920336 0.6024031 0.4352431 -0.4507076 18.93573 0.7977505 0 0.0 0.035121827757455905 3.78952276344555 1.0
-0.02775521 -0.01785374 -3.112313 2.662023 2.04565 2.05114 -0.2931476 20.53408 nan 0 0.0 0.033001631991943975 4.0954680639089345 1.0
0.06000659 0.02185053 -2.752199 1.872597 0.2424235 0.2011072 -0.3844777 17.5461 0.9376221 1 0.9998721 0.06386107190385235 3.3288464758847023 1.0
0.02223755 -0.06187985 1.304722 2.192345 2.492318 1.771584 -0.05449125 20.49706 0.8794556 1 0.9849288 0.06575427336702155 2.551210711859959 1.0
0.01938688 -0.007172765 -0.9336756 0.6571669 1.605255 2.148143 -0.5246755 19.74608 nan 0 0.0 0.02067122816572893 1.1417611223416964 0.0
0.1202227 -0.01428042 -1.842984 -0.5710061 0.8291802 0.8817047 -0.6225137 19.32034 0.6978245 1 0.900103 0.12106786522717909 1.9294138981807945 0.0
-0.02051364 0.01864491 -12.59757 2.580181 1.720627 1.201887 -0.5263494 19.09022 0.6524506 0 0.0 0.027720788137383465 12.859086433244821 0.0
-0.02005516 -0.03084689 -2.705679 1.905819 1.040789 0.7644181 -0.4785108 19.72604 0.6328011 0 0.0 0.03679320678192783 3.309508258306965 1.0
-0.013678 -0.04483062 -2.175116 2.006253 0.556145 0.4053617 -0.460556 18.85246 0.7257252 1 0.999088 0.04687080299700871 2.959084438380392 1.0
0.00595174 -0.01223337 -2.940694 1.310441 0.2307211 0.168397 -0.4710259 17.10059 0.8044033 0 0.0 0.013604357779200752 3.2194621936151075 1.0
-0.1448227 -0.09762783 -3.067614 1.290636 1.182569 0.7182946 -0.3431275 20.05987 0.9317265 1 0.9803216 0.17465625561599246 3.328062039309364 0.0
0.004138958 -0.03016237 0.04505755 0.7514415 2.805197 1.970599 -0.1439964 20.66952 0.463768 0 0.0 0.030445024837281117 0.7527911468224453 0.0
0.02414394 0.0008677064 -0.8697786 1.718376 0.6530421 0.3970564 -0.4141159 18.89516 nan 0 0.0 0.024159527170874037 1.9259623283942913 1.0
-0.0425363 -0.1302735 -1.62717 -0.1869256 1.637754 1.623737 -0.397032 20.47948 0.3908787 0 0.0 0.13704204325658603 1.6378716032813316 0.0
0.05456757 0.1624113 -3.013077 -6.512356 0.8325221 0.7252562 -0.5627778 19.29401 0.767231 1 0.0 0.17133315517842687 7.175612425337993 0.0
0.02220966 0.0743792 -2.707268 1.555156 0.5035954 0.3965305 -0.4726245 18.75484 0.6753159 1 0.999341 0.07762431571328407 3.122148332184107 1.0
-0.01399948 0.02171482 -3.43165 2.565794 0.5735257 0.3896122 -0.4209393 18.70854 0.7081184 0 0.0 0.02583638612311714 4.284801112413037 1.0
-0.02032765 -0.03062569 -5.556797 3.69534 1.899395 1.685201 -0.2069241 20.34489 nan 0 0.0 0.03675794121681191 6.673344784649524 0.0
0.007670913 0.02363994 0.5344833 1.134118 1.348364 1.009735 -0.4256894 19.07595 0.5665665 0 0.0 0.02485336334295962 1.2537527810150173 1.0
-0.03637023 0.03861279 -2.827499 4.96431 2.78345 2.437146 -0.3096941 20.70921 nan 0 0.0 0.05304470927281061 5.7130661094635515 0.0
-0.02347835 -0.01212692 -2.151813 1.308203 0.7481335 0.5366841 -0.4516928 19.30021 nan 0 0.0 0.026425274027129783 2.5182720814435444 1.0
0.1293129 -0.1433053 -1.077841 1.652376 1.530782 1.566616 -0.6281505 19.96993 0.7822895 0 0.0 0.1930239236843454 1.972837465848872 0.0
-0.02209378 0.01458959 -4.648413 1.860772 0.9083803 0.6561256 -0.3245076 19.37112 0.6911869 0 0.0 0.026476239367714215 5.007016662100597 1.0
-0.06245066 0.04609543 -1.111706 0.2623251 2.515375 2.309904 -0.3434727 20.74299 0.6561108 0 0.0 0.07762005927156009 1.14223670424567 0.0
-0.03068075 -0.08190705 -2.747245 0.218832 1.33156 1.319557 -0.3316403 20.20632 0.6810989 0 0.0 0.08746469722273667 2.7559467582391717 1.0
-0.1512865 0.0328627 -6.518668 6.419657 2.495483 1.90219 -0.3272986 20.89628 0.5514336 0 0.0 0.15481460568544558 9.149045222965782 0.0
-0.03544077 0.03044772 -1.347033 3.037731 1.745084 1.689426 -0.4369747 20.50524 0.9172897 0 0.0 0.0467237822890153 3.322996769702011 1.0
-0.04924539 -0.03871788 -0.949931 0.8892686 0.7237138 0.5421063 -0.5023318 18.27812 0.7550831 0 0.0 0.06264329707116716 1.3012177172583226 0.0
0.1662574 0.09552493 -9.278805 -0.9140094 0.5396366 0.488818 -0.6282585 18.52066 1.251461 1 0.0 0.1917460177064048 9.323713606246889 0.0
-0.03760959 -0.005859355 -3.062074 1.558565 0.3259841 0.22086 -0.4480083 17.8395 0.904232 1 0.9995419 0.03806328021839585 3.435901925361229 1.0
0.007929858 0.02345872 1.154015 -8.509504 1.108247 1.195864 -0.6870652 19.02248 nan 0 0.0 0.024762758165005852 8.587398264098445 0.0
-0.05306701 -0.1389602 -27.01966 4.145611 1.504497 0.9817555 -0.3865651 20.15241 2.319305 0 0.0 0.1487482596011802 27.335839425174434 0.0
-0.00433396 -0.04360346 -9.350361 -2.932576 2.788021 3.896852 -0.552669 20.77293 nan 0 0.0 0.043818317325671007 9.799451659460185 0.0
-0.1374002 -0.09963086 -3.266771 2.228688 1.159571 0.7573585 -0.4460881 19.943 0.6809292 1 0.9870331 0.16972072125812923 3.9545976998659422 0.0
-0.03422565 -0.02159963 -6.398379 0.3271772 2.796574 2.883004 -0.3367376 20.84041 0.6108799 0 0.0 0.040471460735429364 6.406738542178918 0.0
-0.006599254 0.02813181 -3.853755 2.597936 0.540746 0.3858756 -0.4556332 18.82666 0.5767689 0 0.0 0.028895482124938077 4.647655221735041 1.0
0.02522037 0.0005565749 -8.145572 3.619712 1.528609 1.677659 -0.6515716 19.54019 0.6286697 0 0.0 0.025226510629815808 8.91362205672464 0.0
0.01127812 -0.02239041 -2.775385 1.875579 0.3242662 0.2037073 -0.4344471 17.52957 nan 0 0.0 0.02507042980689601 3.3497102088786725 1.0
-0.04813687 0.07797226 -2.114402 1.683622 0.5752043 0.4370913 -0.4974285 19.07338 0.6866093 1 0.998596 0.09163422713650451 2.7028279369001647 0.0
0.1201878 0.1596602 -2.293829 2.07248 0.6723603 0.6912103 -0.5935698 19.14382 0.7120342 0 0.0 0.19984115375187364 3.0914114626883626 0.0
-0.07232967 -0.1101833 -18.24809 -8.25724 1.237724 0.9979486 -0.3413453 20.07634 1.892611 1 0.0 0.13180265839958957 20.02934849329104 0.0
0.02270432 -0.04327758 -0.2493109 2.069713 1.219754 0.7841096 -0.40681 19.81967 0.7069244 0 0.0 0.048871618321054196 2.0846745134979248 1.0
0.00873419 0.02610034 -2.181195 1.760043 0.5528946 0.3514718 -0.456883 18.54335 0.663353 0 0.0 0.02752296900902408 2.8027420484008156 1.0
-0.01278301 -0.009266099 2.649178 0.1387269 1.242003 0.9165105 -0.4859558 19.45087 nan 0 0.0 0.015788158072995752 2.6528078008908995 1.0
0.01283374 -0.0001909403 -1.516502 2.138676 1.139384 0.8658587 -0.4928072 19.23408 0.3798847 0 0.0 0.012835160325674319 2.62177675422222 1.0
0.1199293 0.1083834 -3.071272 3.883399 1.33753 1.679695 -0.6539852 20.08301 0.7569218 1 0.9695026 0.16164776025064498 4.951110935051345 0.0
-0.08037619 -0.03183484 -0.7452177 1.919731 2.27276 1.538184 -0.0448443 20.56991 0.8456326 1 0.9881903 0.08645107840126519 2.0593000103807824 0.0
