jas1101finalproject/data/gcs/NGC_4590_M_68.ecsv
# %ECSV 0.9
# ---
# datatype:
# - {name: x, unit: deg, datatype: float64}
# - {name: y, unit: deg, datatype: float64}
# - {name: pmx, unit: mas / yr, datatype: float64}
# - {name: pmy, unit: mas / yr, datatype: float64}
# - {name: pmx_e, unit: mas / yr, datatype: float64}
# - {name: pmy_e, unit: mas / yr, datatype: float64}
# - {name: pm_corr, datatype: float64}
# - {name: g_mag, unit: mag, datatype: float64}
# - {name: bp_rp, unit: mag, datatype: float64}
# - {name: filter, datatype: int64}
# - {name: memberprob, datatype: float64}
# - {name: r, unit: deg, datatype: float64}
# - {name: pm, unit: mas / yr, datatype: float64}
# - {name: member_prob_GMM, datatype: float64}
# meta: !!omap
# - comments: [deg deg mas/yr mas/yr mas/yr mas/yr dimless mag   mag   zeroone float]
# - __serialized_columns__:
#     bp_rp:
#       __class__: astropy.units.quantity.Quantity
#       unit: &id001 !astropy.units.Unit {unit: mag}
#       value: !astropy.table.SerializedColumn {name: bp_rp}
#     g_mag:
#       __class__: astropy.units.quantity.Quantity
#       unit: *id001
#       value: !astropy.table.SerializedColumn {name: g_mag}
#     pm:
#       __class__: astropy.units.quantity.Quantity
#       unit: !astropy.units.Unit {unit: mas / yr}
#       value: !astropy.table.SerializedColumn {name: pm}
#     pmx:
#       __class__: astropy.units.quantity.Quantity
#       unit: !astropy.units.Unit {unit: mas / yr}
#       value: !astropy.table.SerializedColumn {name: pmx}
#     pmx_e:
#       __class__: astropy.units.quantity.Quantity
#       unit: !astropy.units.Unit {unit: mas / yr}
#       value: !astropy.table.SerializedColumn {name: pmx_e}
#     pmy:
#       __class__: astropy.units.quantity.Quantity
#       unit: !astropy.units.Unit {unit: mas / yr}
#       value: !astropy.table.SerializedColumn {name: pmy}
#     pmy_e:
#       __class__: astropy.units.quantity.Quantity
#       unit: !astropy.units.Unit {unit: mas / yr}
#       value: !astropy.table.SerializedColumn {name: pmy_e}
#     r:
#       __class__: astropy.units.quantity.Quantity
#       unit: &id002 !astropy.units.Unit {unit: deg}
#       value: !astropy.table.SerializedColumn {name: r}
#     x:
#       __class__: astropy.units.quantity.Quantity
#       unit: *id002
#       value: !astropy.table.SerializedColumn {name: x}
#     y:
#       __class__: astropy.units.quantity.Quantity
#       unit: *id002
#       value: !astropy.table.SerializedColumn {name: y}
# schema: astropy-2.0
x y pmx pmy pmx_e pmy_e pm_corr g_mag bp_rp filter memberprob r pm member_prob_GMM
[from data line 688]
0.001904228 -0.06457086 -1.167071 0.9830259 0.8772227 0.8137662 -0.6161228 19.45929 0.6739941 0 0.0 0.06459893223123415 1.5259078081954394 0.0
0.01644646 0.01156931 2.484722 -2.3344 1.187639 0.8532225 -0.4605673 19.61412 0.6555748 0 0.0 0.020108082464713038 3.409291242660856 1.0
-0.0796357 0.07807474 0.6579434 2.613209 3.267764 2.99304 -0.5039507 20.79331 0.8665771 0 0.0 0.11152358378637947 2.694763588013717 0.0
0.05380483 -0.008044058 -2.108346 0.7408097 0.9237239 0.7610077 -0.332609 19.62075 0.6875362 0 0.0 0.0544028179457302 2.2347084524228413 1.0
-0.02317014 0.01324851 -3.301342 2.869543 0.9531692 0.7287836 -0.4637876 19.57387 0.5778179 0 0.0 0.026690417846854702 4.374144033958301 1.0
0.06323143 -0.03657331 -2.373253 0.5358895 2.167925 1.103828 -0.1043253 20.14593 nan 0 0.0 0.07304670248684057 2.4330037727507228 1.0
-0.04322587 0.03647607 -2.615071 1.89292 0.3973155 0.2973864 -0.4805462 18.44715 0.7835693 1 0.9997233 0.05655952192073232 3.2282723648169775 1.0
-0.02296864 0.02770816 -0.960701 1.867003 2.030547 1.683515 -0.1817821 20.44548 0.6973705 0 0.0 0.03599028416163451 2.0996777403711264 1.0
0.03593892 -0.01702253 -3.364303 2.148403 3.088392 2.334528 -0.1229353 20.67723 nan 0 0.0 0.03976647455291077 3.9917627843119634 1.0
0.0186593 0.0428285 -2.951005 1.76675 0.5244415 0.3713514 -0.4397713 18.79051 0.629982 1 0.9996191 0.04671669817891671 3.439452874008452 1.0
-0.01877433 0.132901 -2.017586 1.973918 0.7452592 0.5500009 -0.499733 19.34993 0.6390076 1 0.9945119 0.13422053221451963 2.822588446465407 0.0
0.02496585 0.1452117 -0.4623984 0.2585473 2.006576 1.82959 -0.3810834 20.57746 0.6773586 0 0.0 0.1473422257301433 0.5297725801321261 0.0
-0.05239857 0.004989514 -3.838383 1.719739 1.500595 1.025143 -0.5525568 19.98681 0.7642231 0 0.0 0.052635590506814836 4.206029752963 1.0
0.06617143 -0.01728215 -2.725508 1.809694 0.1412941 0.1276169 -0.4550964 16.69666 1.005875 1 0.9999453 0.06839101444537433 3.271603006432779 1.0
0.01748021 -0.001194825 -5.24616 3.185228 0.5758368 0.4485652 -0.482914 18.38451 0.7632828 0 0.0 0.01752099735816215 6.13741575564048 0.0
0.05289022 -0.09931976 -11.47972 -1.904653 1.308721 0.9218303 -0.306703 20.02128 1.613295 0 0.0 0.1125246199642816 11.636652195919968 0.0
-0.004009356 0.02178046 -6.042857 4.603853 1.243735 0.8345193 -0.5002225 18.5994 0.6070938 0 0.0 0.02214640768491215 7.59681401431271 0.0
0.03602197 -0.01289696 -1.927666 0.05263292 0.9066213 0.7715293 -0.4001275 19.38259 0.6826496 0 0.0 0.03826112779208815 1.9283844097647458 1.0
0.03580733 -0.002219551 -4.437909 2.805655 1.06713 0.7964151 -0.32087 19.69245 0.6503658 0 0.0 0.03587605452625053 5.250403438908862 1.0
-0.006324604 -0.00878109 -3.166969 -2.206497 0.5686516 0.5292433 -0.2941072 18.67298 nan 0 0.0 0.010821652246534075 3.8598344081022438 1.0
-0.07394923 0.01456578 -2.835541 1.707728 0.104297 0.08476237 -0.4451719 16.16808 1.037052 1 0.99994 0.07537009065008016 3.310079709714707 1.0
0.128486 0.1489738 -18.69979 -12.44832 1.076025 1.088133 -0.5917351 19.71749 2.660294 0 0.0 0.19672784572205326 22.464256428079253 0.0
0.04226195 -0.01357049 -1.157904 4.083651 1.37551 1.194573 -0.3913302 20.02888 0.6816273 0 0.0 0.04438727989686459 4.244637459550226 1.0
-0.02819333 -0.06408225 -2.650524 1.532867 1.687111 1.565318 -0.3246138 20.42621 0.6609211 0 0.0 0.07000998944116045 3.0618554365392563 1.0
-0.01956718 -0.01665804 -4.062387 1.773041 0.6753832 0.5096774 -0.490678 19.13769 0.7085381 0 0.0 0.025697564666598272 4.432455586404674 1.0
-0.01088854 -0.01490975 -2.908989 1.948799 0.09541067 0.09026122 -0.5402531 15.58066 0.7089186 0 0.0 0.018462419895401035 3.5014332129175334 1.0
0.004847805 -0.01945454 -2.866879 1.794158 0.04973234 0.04569732 -0.4295988 13.8359 1.214193 0 0.0 0.02004944737217525 3.3820109594152705 1.0
0.01181706 0.05096425 -3.014916 1.567324 0.5459922 0.4275526 -0.4689008 19.02408 0.591692 0 0.0 0.05231632331410628 3.3979733677637913 1.0
-0.01635337 -0.005694093 -3.380552 2.607557 1.034133 0.7831682 -0.5203311 19.52093 0.1180515 0 0.0 0.017316333487477915 4.269365916966242 1.0
-0.05783441 0.05596077 -4.895103 3.579357 1.719206 1.563927 -0.4680777 20.50583 0.751791 0 0.0 0.0804762496581507 6.06414296616249 0.0
-0.02585723 0.02360865 -0.9929979 0.01870213 2.114777 1.996983 -0.3400156 20.5893 0.9845066 0 0.0 0.03501377868918749 0.993174002413951 0.0
0.0435921 -0.02682135 -3.113027 1.444577 0.306062 0.2680729 -0.4320634 17.9368 0.857687 1 0.9987298 0.05118257514264499 3.4318711822645676 1.0
-0.004854248 0.01913875 -2.798436 1.956926 0.3108383 0.2330439 -0.4688533 17.99989 0.8921566 0 0.0 0.019744758170410798 3.4147918553803542 1.0
-0.01454147 -0.003115111 -2.583263 1.815134 0.08215178 0.06314199 -0.4127271 15.1257 1.352478 0 0.0 0.014871390866466425 3.1572074947847506 1.0
-0.003178964 0.05701493 -4.26657 1.603316 1.812871 1.684008 -0.3724218 20.52547 0.67659 0 0.0 0.05710348548922558 4.557876891794687 1.0
0.03053874 -0.03520752 -8.806177 6.22242 3.282362 2.186672 -0.09498792 20.58866 nan 0 0.0 0.04660669592813891 10.7827298960759 0.0
-0.03250983 -0.06637031 -0.3202113 1.527319 2.042411 1.887687 -0.3408119 20.58966 0.728323 1 0.987309 0.07390471633207857 1.560525105343932 0.0
-0.01547113 0.01957077 -3.22118 -0.7607732 2.430974 1.8748 -0.7015481 19.85941 nan 0 0.0 0.024947362623527963 3.3098000625775326 1.0
0.02393653 -0.01344118 5.972223 1.685055 3.039859 1.52992 0.1651818 20.16565 nan 0 0.0 0.027452190955064043 6.205389424907514 0.0
0.005338712 -0.01014289 0.9759668 -0.04288661 0.90081 0.5126631 -0.3877146 19.06572 nan 0 0.0 0.011462114262693597 0.9769086221441247 0.0
0.03700065 -0.02001359 -3.848293 1.916963 0.8934169 0.6370422 -0.4230088 19.56036 0.7975979 0 0.0 0.042066517387473384 4.2993146148215295 1.0
-0.07630431 -0.1511632 0.2714598 1.374605 0.9476601 0.651529 -0.4016154 19.55301 0.6794319 0 0.0 0.16933003501687496 1.4011528571291 0.0
-0.06178774 0.005185071 -4.842368 4.893158 2.17937 2.514234 -0.4760109 20.57727 0.4842358 0 0.0 0.06200491735001863 6.884150133486921 0.0
0.04141129 -0.02978836 -2.195608 1.914822 0.7086125 0.5695288 -0.4103965 19.31104 0.6508617 0 0.0 0.051012168459630296 2.913286422813246 1.0
0.004671425 -0.001580769 -3.173553 2.188072 0.09973119 0.08209269 -0.4436227 15.57788 0.6307936 0 0.0 0.004931636864367246 3.8547500205581424 1.0
-0.01904213 0.02097976 -2.947099 1.067422 0.7310893 0.5492107 -0.5138741 19.07127 0.5388241 0 0.0 0.028332896862031245 3.1344508676776224 1.0
-0.1514526 0.01429442 -14.99284 -0.5154396 3.151951 3.751986 -0.6890066 20.97132 1.746977 0 0.0 0.15212567334245852 15.001697545506246 0.0
0.0197533 -0.01564336 -0.6253434 -1.109816 1.242277 1.289248 -0.329368 19.77616 0.6220722 0 0.0 0.025197372342758283 1.2738704493705628 0.0
0.06512146 0.02877521 -2.70025 1.634802 0.05774654 0.05264295 -0.4118437 14.44894 1.135934 1 0.9999172 0.07119562671313247 3.1565689667270065 1.0
-0.08443932 -0.08192475 -3.34095 -0.2498715 2.034343 1.499922 -0.123826 20.49857 0.61689 1 0.9435615 0.11765059891315853 3.350280983591115 0.0
-0.1555734 0.07789325 -4.617389 0.5662197 1.648471 1.234417 -0.2538917 20.5453 0.8193684 0 0.0 0.17398402565500803 4.651976561203752 0.0
0.0600832 0.03790464 -3.226627 1.158105 1.297675 0.8290275 -0.4025217 19.93692 0.6805878 0 0.0 0.07104050010923066 3.4281670012054546 1.0
-0.008717977 -0.07003001 -1.6993 0.8262452 1.065791 0.8030147 -0.4566289 19.8422 0.5468559 0 0.0 0.07057057052038497 1.889524178337774 0.0
-0.03043001 -0.001321531 -2.836056 1.648048 0.2119424 0.1480166 -0.4623711 17.18519 0.9664974 1 0.9999085 0.03045869256524418 3.2801335103071647 1.0
-0.01070246 0.03468896 -7.052998 -0.183189 2.032786 1.225297 -0.3033867 20.11646 0.7545071 0 0.0 0.03630243236937712 7.05537660211877 0.0
-0.05174903 -0.01493054 -3.229325 3.817422 1.785496 1.841849 -0.3339979 20.40051 0.5212688 0 0.0 0.053859847109256634 5.000125066606734 0.0
0.01178441 -0.001087281 -3.137915 3.392956 1.394746 1.882235 -0.8379268 19.07175 nan 0 0.0 0.011834462346091647 4.621543136784617 1.0
0.02268309 -0.01317008 -2.709347 1.368538 0.4454753 0.3254087 -0.4460399 18.57637 0.7415333 0 0.0 0.02622925044972692 3.0353677575959392 1.0
-0.08595426 -0.1131911 -4.668945 -1.510102 0.7070136 0.4592486 -0.3514041 19.16364 1.013254 1 0.0 0.14212797026397586 4.907082174106013 0.0
-0.06681922 0.05686756 -10.0677 -5.933193 0.173837 0.1533076 -0.5461451 16.88597 0.9958782 1 0.0 0.08774239307063604 11.685947221566979 0.0
0.03566467 0.02082508 -2.751367 1.881853 0.1652159 0.1294224 -0.4569443 16.91385 0.9750118 1 0.9999468 0.04129954773620772 3.3333753287468246 1.0
0.05997541 0.04028126 -2.662473 0.9731991 1.214236 0.5992579 -0.3349681 19.51508 0.5728874 0 0.0 0.0722470048642551 2.834762593934421 1.0
-0.01624154 -0.1204878 -2.732452 1.901184 0.1515657 0.1217512 -0.4640186 16.79027 1.002422 1 0.9998018 0.12157753727729313 3.328782740606542 0.0
-0.05591839 -0.09741005 -1.123417 -7.016723 1.939426 1.703914 -0.286139 20.64802 0.7051506 0 0.0 0.11231911761225068 7.106086645588976 0.0
0.01031385 0.01091962 -2.333903 2.171068 1.753756 2.443522 -0.6941743 19.79003 nan 0 0.0 0.015020439499791607 3.1875757989470617 1.0
-0.005329097 -0.02688368 -1.007785 -1.835546 1.885648 1.314756 -0.5255409 19.22915 nan 0 0.0 0.027406778817982404 2.0940056648302074 1.0
0.06401565 0.07412685 3.138694 7.601001 4.625045 3.661173 -0.100174 20.9605 1.015709 1 0.9546971 0.09794280645277119 8.22354037064554 0.0
0.002041882 0.01701405 3.18364 -2.57615 2.357028 1.497492 -0.7472606 19.7255 nan 0 0.0 0.017136136656330212 4.0953769633697945 1.0
0.05305484 -0.03844494 -3.997053 -0.01524036 1.783535 1.733501 -0.3436865 20.54155 0.6993027 0 0.0 0.06551968756815924 3.9970820548722705 1.0
0.005446481 -0.03585204 -3.217714 1.452808 0.4424265 0.4470124 -0.3291651 18.54468 0.6933594 0 0.0 0.03626338273582542 3.5304864354165133 1.0
-0.01861491 -0.007857374 -4.784288 1.740652 1.15323 0.95789 -0.5156911 19.90305 nan 0 0.0 0.020205276550544316 5.091098216696276 1.0
0.01398167 0.02672543 -3.574839 2.097062 0.8817022 0.5869553 -0.429857 19.29669 0.7105007 0 0.0 0.030161825287502084 4.1445316873882145 1.0
-0.000520261 0.0122209 0.3048336 2.857845 1.863323 0.6522616 -0.2438812 19.45445 0.7314148 0 0.0 0.012231969110413948 2.8740566396148077 1.0
-0.01325933 -0.01412608 -2.795394 2.849377 0.899674 0.6365293 -0.4326304 19.40258 0.8299675 0 0.0 0.01937410561071917 3.991638373320534 1.0
-0.004798493 -0.01023442 -1.440754 0.8772969 0.6850177 0.5125204 -0.4786013 19.1163 nan 0 0.0 0.011303490071984359 1.6868378520965228 0.0
-0.01994947 -0.01205949 -3.974546 7.093722 0.849236 0.6498335 -0.4729865 19.25979 nan 0 0.0 0.0233112130173657 8.131291885020485 0.0
0.09269427 0.01136678 -3.719702 2.384502 1.281121 1.212567 -0.6258758 19.83032 0.5669441 1 0.9942312 0.09338860411421351 4.418374447328791 0.0
0.01439078 0.02848204 -2.097979 0.9843562 1.169169 0.6517397 -0.4277748 19.62445 0.8415337 0 0.0 0.03191114462958043 2.3174281030744925 1.0
-0.009477651 -0.1051519 -3.572917 4.136332 1.669739 1.489255 -0.2156329 20.32776 0.6329632 0 0.0 0.10557816034619946 5.465800792483477 0.0
-0.07149108 0.006506899 -3.344345 2.09536 0.7495637 0.6010059 -0.4988452 19.47337 0.611412 1 0.9985976 0.07178658826105752 3.946539877997561 1.0
0.02289627 -0.03705966 -2.983408 2.590602 0.4401841 0.3363266 -0.4521276 18.58372 0.7374516 0 0.0 0.04356211173977336 3.951195011242548 1.0
0.05258193 0.02879696 -5.459722 3.729149 1.819265 1.456496 -0.153881 20.25865 0.7229652 0 0.0 0.05995101556910025 6.6117408132416235 0.0
0.02018857 -0.01967939 -4.945355 2.56862 0.8052162 0.6182527 -0.4764135 19.33265 0.7224731 0 0.0 0.02819320395799314 5.572642531189759 1.0
-0.07173062 0.06229097 -1.325067 -0.09872774 0.6337525 0.5043948 -0.5070456 19.17554 0.6273499 1 0.710465 0.09500235149260938 1.3287398997300064 0.0
-0.004907488 -0.0104099 -11.84908 4.338733 1.092243 0.7239972 -0.4904083 18.89309 nan 0 0.0 0.01150866875360239 12.618450811874215 0.0
0.005338882 -0.006515109 -2.883142 2.008914 0.1896885 0.1431072 -0.4595326 16.75606 0.886775 0 0.0 0.00842320047795403 3.514006723323107 1.0
0.03710563 0.05126781 -3.398057 1.663757 1.141749 0.8038722 -0.4258902 19.89776 0.8034763 0 0.0 0.06328677681706503 3.783500856389225 1.0
0.01285272 0.04726579 -2.123715 1.083722 0.5777577 0.4564097 -0.4707396 19.05291 0.5833549 0 0.0 0.0489821122015221 2.3842438580206093 1.0
-0.001201523 -0.0006193759 -4.856192 3.237309 0.589183 0.4490393 -0.478332 18.22234 nan 0 0.0 0.0013517706998710283 5.836331921879101 0.0
0.0493653 -0.002518361 -5.346441 6.245736 1.938372 2.152573 -0.392026 20.32861 0.5807571 0 0.0 0.049429495103797294 8.221535717138071 0.0
0.01144258 -0.01270109 -7.823573 0.9753883 0.8456669 0.9858552 -0.4277617 18.17803 0.7794456 0 0.0 0.017095330480704374 7.884140842355994 0.0
0.0393112 0.04281751 -2.509792 1.770739 0.6724239 0.4700399 -0.4273285 19.12912 0.5416317 0 0.0 0.058126668647361 3.071574920034509 1.0
0.01046151 -0.01350781 -1.42526 1.210868 0.5592149 0.5623595 -0.3450689 18.75583 0.4497356 0 0.0 0.017085201856466316 1.870178435610891 1.0
-0.03088077 0.002702853 -2.010562 1.505283 1.91452 1.560341 -0.5238182 20.35863 0.6771488 0 0.0 0.03099882852838973 2.511620286972734 1.0
0.01813207 -0.01500604 -1.95279 4.599973 1.879838 1.457935 -0.6619592 19.76842 0.6848965 0 0.0 0.023536210378191726 4.997313316656161 1.0
0.08002346 -0.003617272 -2.47214 2.047505 0.4839253 0.4442834 -0.3982543 18.68259 0.6830235 1 0.9990874 0.08010517341029595 3.209945934844542 1.0
0.04111507 -0.02017903 1.873534 1.575224 2.164056 1.836294 -0.2333553 20.68934 nan 0 0.0 0.04580002437603936 2.447745962989624 1.0
-0.0139315 0.1347175 -0.8743896 1.564179 1.201642 1.034604 -0.4317384 19.90309 0.6849823 0 0.0 0.13543593134209253 1.7919858025746633 0.0
0.03241736 0.008161257 -3.216533 2.118533 1.026435 0.9325902 -0.6227746 19.50693 0.6035366 0 0.0 0.03342889985012443 3.8515278283011276 1.0
-0.001814709 -0.0008444511 -2.669467 1.806815 0.1209617 0.1030442 -0.4745105 15.72238 0.3845215 0 0.0 0.002001565990661365 3.223450714422977 0.0
0.07286592 0.01163489 -1.893667 1.845206 0.6006158 0.3922192 -0.3970933 18.78388 0.6641026 1 0.9983852 0.07378897588907506 2.6440045176445897 1.0
-0.002060127 0.007042431 -1.112943 0.1520424 0.3669897 0.2424359 -0.4711202 17.22251 nan 0 0.0 0.00733757164502603 1.1232804692714815 0.0
0.007436835 -0.01274844 1.473273 -1.736796 2.711116 1.000155 -0.3608788 19.88379 nan 0 0.0 0.014759039170990265 2.277497239986253 1.0
0.01574729 -0.01831303 -2.58598 3.253575 1.82612 0.9328628 -0.3626494 19.94601 nan 0 0.0 0.024152519746912536 4.1560850377518745 1.0
-0.02015308 -0.01637395 -3.981897 3.434353 1.894675 0.991452 -0.4530255 19.96059 nan 0 0.0 0.025966379649248375 5.258353758280057 1.0
0.0187729 -0.01222141 -2.163477 1.268522 0.3353175 0.2655479 -0.4836949 18.09454 0.7668991 0 0.0 0.022400549921778704 2.507943538840737 1.0
0.008270053 0.01605819 -8.542887 1.893322 0.5919973 0.4166556 -0.4664926 17.79248 0.7662868 0 0.0 0.018062647721165052 8.75017636910554 0.0
-0.02039837 -0.01611459 -2.7951 1.68827 0.7310497 0.5451685 -0.4923118 19.00115 0.6008072 0 0.0 0.025995644049051757 3.265400374058287 1.0
-0.05026637 0.02140321 -3.397057 3.383937 1.145096 0.8728589 -0.4959824 20.06306 0.5948944 0 0.0 0.05463337213902323 4.794895815470655 1.0
0.03987672 -0.01606635 -3.193082 2.149626 0.6163255 0.5073432 -0.3735289 19.0739 0.5810204 0 0.0 0.04299163174713074 3.849242081059595 1.0
0.04080244 -0.01814378 -10.72001 2.117201 1.144449 0.8632756 -0.4838105 18.8643 0.6571178 0 0.0 0.04465462868104493 10.927083530132869 0.0
0.02070157 -0.04558318 -2.579266 1.516439 1.695852 1.094205 -0.5717406 19.69447 0.9406147 0 0.0 0.050063772324679054 2.9920227839167604 1.0
0.02778695 0.07605835 -2.199144 0.06123616 1.570278 1.59757 -0.4294909 20.53819 0.7130241 0 0.0 0.08097522581027483 2.1999964090942385 0.0
0.001456335 0.05456593 -2.869903 1.683416 0.4219594 0.3254433 -0.4585553 18.48909 0.702898 1 0.9996867 0.05458536093493497 3.3271959152513095 1.0
