jas1101finalproject/data/gcs/NGC_7099_M_30.ecsv
# %ECSV 0.9
# ---
# datatype:
# - {name: x, unit: deg, datatype: float64}
# - {name: y, unit: deg, datatype: float64}
# - {name: pmx, unit: mas / yr, datatype: float64}
# - {name: pmy, unit: mas / yr, datatype: float64}
# - {name: pmx_e, unit: mas / yr, datatype: float64}
# - {name: pmy_e, unit: mas / yr, datatype: float64}
# - {name: pm_corr, datatype: float64}
# - {name: g_mag, unit: mag, datatype: float64}
# - {name: bp_rp, unit: mag, datatype: float64}
# - {name: filter, datatype: int64}
# - {name: memberprob, datatype: float64}
# - {name: r, unit: deg, datatype: float64}
# - {name: pm, unit: mas / yr, datatype: float64}
# - {name: member_prob_GMM, datatype: float64}
# meta: !!omap
# - comments: [deg deg mas/yr mas/yr mas/yr mas/yr dimless mag   mag   zeroone float]
# - __serialized_columns__:
#     bp_rp:
#       __class__: astropy.units.quantity.Quantity
#       unit: &id001 !astropy.units.Unit {unit: mag}
#       value: !astropy.table.SerializedColumn {name: bp_rp}
#     g_mag:
#       __class__: astropy.units.quantity.Quantity
#       unit: *id001
#       value: !astropy.table.SerializedColumn {name: g_mag}
#     pm:
#       __class__: astropy.units.quantity.Quantity
#       unit: !astropy.units.Unit {unit: mas / yr}
#       value: !astropy.table.SerializedColumn {name: pm}
#     pmx:
#       __class__: astropy.units.quantity.Quantity
#       unit: !astropy.units.Unit {unit: mas / yr}
#       value: !astropy.table.SerializedColumn {name: pmx}
#     pmx_e:
#       __class__: astropy.units.quantity.Quantity
#       unit: !astropy.units.Unit {unit: mas / yr}
#       value: !astropy.table.SerializedColumn {name: pmx_e}
#     pmy:
#       __class__: astropy.units.quantity.Quantity
#       unit: !astropy.units.Unit {unit: mas / yr}
#       value: !astropy.table.SerializedColumn {name: pmy}
#     pmy_e:
#       __class__: astropy.units.quantity.Quantity
#       unit: !astropy.units.Unit {unit: mas / yr}
#       value: !astropy.table.SerializedColumn {name: pmy_e}
#     r:
#       __class__: astropy.units.quantity.Quantity
#       unit: &id002 !astropy.units.Unit {unit: deg}
#       value: !astropy.table.SerializedColumn {name: r}
#     x:
#       __class__: astropy.units.quantity.Quantity
#       unit: *id002
#       value: !astropy.table.SerializedColumn {name: x}
#     y:
#       __class__: astropy.units.quantity.Quantity
#       unit: *id002
#       value: !astropy.table.SerializedColumn {name: y}
# schema: astropy-2.0
x y pmx pmy pmx_e pmy_e pm_corr g_mag bp_rp filter memberprob r pm member_prob_GMM
[from data line 3897]
0.1065127 -0.02343307 1.397229 -5.231687 1.759946 1.991259 0.3688182 20.26521 0.6661148 0 0.0 0.10905991028290322 5.415052884728828 0.0
0.03872415 -0.0009658539 -3.144819 -9.486622 1.666253 1.276215 0.1313648 18.73582 0.4354172 0 0.0 0.03873619324325307 9.994292546931224 0.0
-0.00330066 -0.003401698 -0.3341527 -7.164485 0.2712183 0.3684987 0.935936 14.19274 nan 0 0.0 0.0047398212749853764 7.172273233929553 0.0
0.01426128 0.0009329864 2.218826 -8.639468 0.3965275 0.3772184 0.2367569 18.00517 0.6522713 0 0.0 0.014291765841245264 8.919842831647877 0.0
-0.02733848 -0.0229872 -1.662446 -7.390155 0.514828 0.4756723 0.5079209 18.61444 0.682703 0 0.0 0.035718396556262154 7.574834495019743 1.0
-0.007423542 -0.02103721 -0.6220187 -7.068583 0.07608337 0.06787436 0.6000819 15.05802 1.017366 1 0.9999569 0.022308589834632398 7.095898314592642 1.0
0.01243465 -0.03227949 0.02452285 -4.502188 2.013626 1.925103 0.6898937 20.32306 0.5051632 0 0.0 0.03459170413961417 4.50225478593961 0.0
-0.0002428477 0.005871872 -0.02331747 -4.42172 0.9542592 0.8519554 0.6430094 18.15951 0.6548061 0 0.0 0.005876891677560451 4.421781480671246 0.0
0.005254626 -0.02945996 -1.588488 -7.79967 0.3045947 0.2730878 0.5108676 17.6211 0.8088017 0 0.0 0.02992491165570044 7.959783052008642 0.0
0.001244334 0.03222379 -0.4696996 -7.20186 0.2207776 0.2055955 0.1972316 17.07472 0.8787727 0 0.0 0.03224780626752239 7.21716046474236 1.0
0.01897119 -0.02177458 -0.6348255 -7.500382 2.319782 1.890819 0.8106602 19.76476 -0.01265144 0 0.0 0.028879722716683067 7.527199582937485 1.0
0.05261866 -0.0524156 2.114744 -5.411522 2.172665 2.118583 0.7063437 20.37071 0.4443913 0 0.0 0.07427057629745173 5.810052714220414 0.0
0.09876554 0.04507722 -0.6183214 -7.328614 0.6026272 0.5549458 0.6399923 18.96279 0.6253147 1 0.9983193 0.10856605203478663 7.354651896228261 0.0
0.007696741 0.004225609 0.9847595 -5.794039 0.8010164 0.6652434 0.4725218 17.87857 0.5317211 0 0.0 0.008780409639758386 5.877128483057117 0.0
-0.04993881 0.03220876 3.820948 -2.39015 2.618321 2.318482 0.3601279 20.76727 0.4255657 0 0.0 0.059424649472703664 4.506934727861498 0.0
-0.02394116 -0.04169573 0.2600843 -7.196393 0.480803 0.3241337 0.4602514 18.146 0.6261482 1 0.9980838 0.04808027706220608 7.201091309902651 1.0
0.02191007 0.1112072 7.378479 -5.234569 2.005506 1.805083 0.6381209 20.62141 0.6637325 0 0.0 0.11334501532597233 9.046693593197572 0.0
0.06338623 -0.1722645 3.242726 -7.092706 1.633048 1.661937 0.575284 20.28382 1.49159 0 0.0 0.18355618244522 7.798830060561135 0.0
0.03384788 0.01929533 -0.5306138 -10.33539 1.66467 1.838364 0.1952948 19.9813 0.5361919 0 0.0 0.0389613749796295 10.349001761370536 0.0
-0.01625702 -0.039133 -1.071401 -7.889957 0.6243916 0.585239 0.5514276 18.99982 0.5056896 0 0.0 0.04237549277920435 7.962369092465508 0.0
-0.02487104 -0.01813633 2.935138 -5.865153 0.8660437 0.8244126 0.4251702 19.10434 0.489851 0 0.0 0.030781408293814306 6.558586341007717 0.0
0.009857883 0.01646492 0.07814181 -7.856535 0.5232541 0.4206215 0.04423109 18.21377 nan 0 0.0 0.019190399887654478 7.8569235931562345 0.0
0.04614125 -0.05079959 -1.377062 -7.605829 1.371126 1.408142 0.5493066 20.0803 0.5829487 0 0.0 0.06862662235408791 7.729484751850216 0.0
-0.02383982 0.01913154 -0.4049874 -7.629696 1.064327 1.032036 0.5104407 19.81585 nan 0 0.0 0.03056718568013745 7.640436888462253 1.0
0.006098897 0.03267379 -0.388599 -8.670141 1.346676 1.571488 0.2076341 19.99275 0.4924717 0 0.0 0.033238127167166155 8.678845207899608 0.0
0.01876999 -0.05635859 -0.9410659 -9.856723 1.376901 1.414987 0.5299876 20.10004 nan 0 0.0 0.05940204703028507 9.901544996962434 0.0
-0.03358321 0.04786938 -0.1774084 -3.739796 1.352759 1.35888 0.2187475 20.0493 0.575407 0 0.0 0.0584748624238527 3.7440015841351566 0.0
0.02999804 -0.006866857 -0.6322304 -7.122426 0.9639716 0.8060918 0.3875635 19.10689 nan 0 0.0 0.0307739521170104 7.150431273997405 1.0
0.04316159 0.01425152 1.610622 -4.177278 1.091504 1.243753 0.271854 19.72866 0.8745346 0 0.0 0.045453588127215 4.477025208346275 0.0
0.01714796 -0.02183919 -0.4471019 -6.136314 0.7560103 0.6970199 0.5886246 19.15945 0.6324615 0 0.0 0.027766936309533682 6.152580728083103 0.0
0.003264974 0.04255205 -1.427008 -6.325241 0.9573781 1.003695 0.2895943 19.56691 0.5405998 0 0.0 0.0426771251892999 6.484213563736546 0.0
0.1858291 -0.04847358 -0.5612089 -6.904823 0.3221404 0.2947411 0.5944477 17.98764 0.7355099 1 0.9962574 0.19204723993024841 6.927592373311828 0.0
-0.04688757 -0.02674056 -1.622673 -8.933623 1.543779 1.554119 0.422052 20.22573 0.4380608 0 0.0 0.0539768632806548 9.079795568792175 0.0
-0.0295332 0.008105933 -0.0206461 -6.784517 0.5829702 0.5141443 0.605668 18.78136 0.6231308 0 0.0 0.030625415132541287 6.7845484142081425 1.0
0.02968962 -0.006157255 -1.774414 -7.705708 0.3520243 0.333544 0.2099348 17.84107 0.4148064 0 0.0 0.030321367463876443 7.907368767463675 1.0
0.001131868 0.005847072 0.1266847 -8.828089 0.5042824 0.4711326 0.6463178 15.64797 0.869216 0 0.0 0.005955617192416584 8.828997927575648 0.0
0.002928223 0.04285914 0.2798341 -7.726267 1.530889 1.806895 0.3150986 20.18659 nan 0 0.0 0.04295905459245267 7.731332930278699 1.0
0.08578056 -0.1164414 -6.22219 -11.56818 2.91654 2.637821 0.610224 20.67746 0.5863075 0 0.0 0.1446267752107942 13.13538872315928 0.0
-0.01769207 -0.003593562 0.4232994 -6.598235 0.550755 0.4854725 0.5608745 18.69545 nan 0 0.0 0.01805333843732909 6.611799111986492 0.0
0.06377087 0.04646031 -0.1493389 -6.332975 0.5969552 0.5480723 0.6136679 18.93393 0.6759605 1 0.9974802 0.07890047063137837 6.334735547572464 0.0
-0.02878834 -0.06338132 -0.2671928 -7.151562 0.4145789 0.332707 0.4213806 18.17236 0.6415119 1 0.9994152 0.06961293159247066 7.156551615982088 0.0
-0.0006915828 -0.0234498 -0.9363436 -7.106336 0.07639826 0.06817308 0.6106954 15.06561 1.053214 1 0.9998562 0.023459995882549847 7.167757716479886 1.0
0.1289346 0.1336211 -1.218485 -8.441234 1.636374 1.609882 0.7404421 20.22353 0.6212864 0 0.0 0.18568448896547607 8.528724238594013 0.0
0.02154692 -0.05177565 -0.548507 -7.054525 0.4555735 0.3932678 0.4280684 18.40957 0.5563164 1 0.9996103 0.056080189857104626 7.075816765905827 1.0
-0.08811519 -0.07495051 0.4904271 -6.597626 1.218871 1.098706 0.5537641 20.00874 0.8080349 1 0.9886547 0.11568001408193292 6.615828563097022 0.0
0.1428915 -0.05065815 -3.179664 -10.67508 1.698534 2.013545 0.3957144 20.3385 0.907383 1 0.8913128 0.15160550429873088 11.138563469285256 0.0
0.04568854 0.102002 -0.7175863 -7.403557 1.399865 1.29716 0.6706098 20.07542 0.7557316 1 0.9917923 0.11176694811674692 7.438251565401421 0.0
-0.002402567 -0.02462856 2.070509 -6.760489 0.5612956 0.5106184 0.6358894 18.0759 0.6023426 0 0.0 0.024745470208971356 7.070446876838973 1.0
0.1047115 0.07656111 11.92521 -22.69817 1.383982 1.286399 0.7280052 20.09911 1.965237 0 0.0 0.1297154647552947 25.6401551261493 0.0
-0.01483546 0.0401461 -1.176984 -8.08384 1.205755 1.456366 0.2309396 19.90208 nan 0 0.0 0.04279953526174787 8.169073416358554 0.0
0.009157992 0.03914335 0.2031434 -6.547234 0.9737999 1.077566 0.2493611 19.53958 0.3316689 0 0.0 0.04020038142473979 6.550384743793266 0.0
0.01102862 -0.07659087 0.5394139 -5.568487 1.032497 1.021828 0.5589115 19.73405 0.611496 0 0.0 0.07738082337673398 5.594552245236629 0.0
-0.02625206 0.01525917 -3.593445 -7.344413 0.84346 0.6850958 0.4271235 19.3126 nan 0 0.0 0.03036466570427707 8.176383631080064 0.0
0.0171138 -0.0695286 -2.381255 -10.13524 1.278 1.235147 0.4244977 19.73251 0.5238686 0 0.0 0.0716038292858699 10.411218239602174 0.0
-0.005827314 0.038928 -2.267263 -7.747636 1.869678 1.549345 0.3852323 20.0162 0.5071964 0 0.0 0.03936174249769179 8.072567441630017 0.0
0.1210032 0.1512276 -4.657169 -10.55814 1.982767 1.840755 0.7136491 20.55803 0.653677 0 0.0 0.19367901644731678 11.539650919943853 0.0
0.05577418 -0.1512269 -1.39973 -14.8106 1.99125 1.863896 0.5307426 20.39366 1.373056 0 0.0 0.16118416311251674 14.87659626503657 0.0
-0.05414265 -0.05017317 -1.970313 -8.411349 2.141077 1.375035 0.2699609 20.14548 0.5384674 0 0.0 0.07381580817732337 8.639034976070533 0.0
0.01142808 0.004339783 -0.6252093 -6.881526 0.3643775 0.3112696 0.5221892 17.47894 0.7181454 0 0.0 0.01222434983847767 6.909868794520087 0.0
-0.03417246 0.04748776 -1.251171 -8.472407 0.8987639 0.8602065 0.4402882 19.4592 0.6015244 0 0.0 0.05850507988430748 8.564292687950944 0.0
0.05411651 0.04552234 -0.9088282 -8.358832 0.6713027 0.6208723 0.6492997 19.04251 0.5487862 1 0.9944343 0.07071690104674908 8.408093785236892 0.0
-0.01662637 -0.0008945266 0.7543336 -6.374107 1.015029 0.9188123 0.6265027 17.05768 0.8065891 0 0.0 0.01665041612738275 6.4185870117602954 0.0
-0.1619925 -0.07816672 -1.156999 -8.38416 0.1994884 0.1588533 0.5051023 17.45779 0.7039375 1 2.935846e-06 0.1798655224655587 8.463615397192916 0.0
0.04066498 0.01584876 -1.419291 -7.507314 2.11285 2.542392 0.3008564 20.61692 0.5013218 0 0.0 0.04364428704811204 7.640297797682823 1.0
0.01538038 -0.02577193 -2.106433 -7.364664 1.456407 1.474627 0.5411257 20.18861 nan 0 0.0 0.030012471822049244 7.659982755619297 1.0
0.05822713 -0.05281274 -1.036568 -7.344733 0.5783318 0.57611 0.5973274 18.87632 0.6253586 0 0.0 0.07861033121889578 7.417518187366513 0.0
0.02558679 -0.04327532 -0.7162997 -7.05772 0.2088414 0.1909891 0.5879738 17.21817 0.8965645 1 0.9998883 0.050273622742015515 7.093976096563907 1.0
0.01484692 -0.03062225 -0.1768274 -10.74607 1.009435 0.9219276 0.5447482 19.39573 0.3384514 0 0.0 0.03403165039413898 10.747524755695647 0.0
0.03211279 0.03815943 0.7098783 -8.836228 1.869124 1.93047 0.2044082 20.22917 0.5653839 0 0.0 0.04987357395965322 8.864696975576486 0.0
-0.008121523 -0.07467187 8.451001 -4.038162 1.462156 1.420655 0.5346123 20.1999 0.6854134 0 0.0 0.0751122313950027 9.366224972754232 0.0
-0.02535532 0.02105769 0.279647 -3.485573 2.016678 1.611561 0.3826198 20.31313 nan 0 0.0 0.032959347087563796 3.4967730242236197 0.0
-0.007567219 0.03963936 0.3831615 -6.442163 0.7732907 0.7943704 0.2446947 19.22883 0.6505184 0 0.0 0.04035519377482359 6.453547617679074 0.0
0.1111459 0.1181037 -2.096384 -8.211802 1.455855 1.324359 0.764175 19.99657 0.910696 0 0.0 0.1621785899571827 8.475170674544556 0.0
-0.005909008 -0.01753715 1.439967 -6.538258 0.4718472 0.4457844 0.6620864 18.17515 0.579113 0 0.0 0.01850589110706545 6.694947545399665 0.0
0.04534016 -0.01490493 -0.831677 -7.690837 0.5989894 0.5897675 0.5306551 18.85283 0.6378784 0 0.0 0.04772721495258759 7.735674527337483 0.0
-0.01180484 0.04173904 2.39502 -4.611393 1.491306 1.548903 0.2607248 20.19249 nan 0 0.0 0.04337628047155726 5.196255016918339 0.0
0.008087849 -0.0232822 -1.328042 -7.069311 0.1914296 0.1680994 0.5343577 16.37545 0.931138 0 0.0 0.024646990450900918 7.192972512701894 1.0
0.05990698 0.003670734 12.80426 -11.45125 1.331532 1.347085 0.3396709 19.53054 0.6994705 0 0.0 0.06001933472489641 17.177898611590997 0.0
-0.003158946 -0.06453602 -1.42925 -7.450039 0.7568954 0.7324998 0.5291721 19.32709 0.5603542 1 0.9983831 0.06461328669299617 7.585897222083951 0.0
0.009013101 -0.02884027 0.3104961 -5.622482 1.736541 1.666784 0.4414851 20.28547 0.3028679 0 0.0 0.03021584291905657 5.631048895937524 0.0
-0.04416885 -0.02071241 -2.177862 -6.917482 1.548003 1.475903 0.5337991 20.03525 0.3266182 0 0.0 0.04878412895943311 7.252216220671306 1.0
0.06108618 0.005615697 -1.469171 -4.052036 2.013014 2.507505 0.376369 20.49825 0.5276127 0 0.0 0.061343764473564946 4.310157673744315 0.0
0.0831023 -0.05129238 -0.3837066 -7.656828 1.246362 1.201721 0.4562158 19.84207 0.5826759 0 0.0 0.09765705561481157 7.666436315294582 0.0
0.03931125 -0.007889701 -1.004872 -8.635298 0.646885 0.6915768 0.2447002 18.87045 0.6142235 0 0.0 0.04009515879045625 8.693568846290228 0.0
0.005617255 -0.07685756 -1.481743 -7.548041 0.5352693 0.5084684 0.5529497 18.81569 0.6035213 1 0.998387 0.07706255954021139 7.692105385115963 0.0
-0.006443262 0.009324018 2.403983 -9.94042 0.8266231 0.8374317 0.5786911 16.52463 0.7959595 0 0.0 0.011333707992751886 10.226978245830436 0.0
-0.02380977 -0.1490831 -2.583974 -7.496486 1.17694 1.218543 0.6858617 19.89905 0.5739784 1 0.941433 0.1509724340833879 7.929326830246815 0.0
-0.006804805 -0.05325801 -0.5501127 -6.909407 0.1806341 0.166822 0.6251362 16.88687 0.9404087 1 0.999789 0.0536909768978748 6.931271822281268 1.0
0.007049029 -0.04214772 -0.3377735 -6.376743 0.3456576 0.3303803 0.5576904 18.13349 0.6738815 1 0.9977637 0.04273311492322132 6.385682596665078 0.0
0.008002515 -0.04308619 -1.023348 -7.30438 0.2369187 0.1974902 0.4382599 17.32637 0.913475 1 0.9998406 0.0438230534655143 7.375717477879966 1.0
-0.0418015 -0.05640386 -0.4273285 -6.916685 0.2186457 0.192933 0.5451849 17.35188 0.9176521 1 0.9996619 0.07020513389453509 6.929873089468323 0.0
0.005115417 -0.00251293 -0.5100757 -8.133147 0.2200555 0.1885658 0.6718487 15.73828 0.8375406 0 0.0 0.0056993252467979925 8.149126170537519 0.0
-0.01503273 0.04759618 -1.625064 -6.639671 0.5797754 0.5503732 0.1982201 18.80222 0.5850468 1 0.9966859 0.04991371877395332 6.835646567248559 1.0
0.01563295 -0.02465425 -3.366728 -9.445509 1.735877 1.676629 0.6922034 20.08309 0.5868206 0 0.0 0.02919282735133752 10.027586833085266 0.0
0.0104137 -0.0519746 -0.2631204 -6.918584 1.040647 1.016627 0.556596 19.56395 0.6936169 0 0.0 0.053007586182073976 6.923585553017465 1.0
0.006686444 -0.00207431 -7.078984 -3.821755 0.8807835 0.7645374 0.5254181 13.96435 0.9319992 0 0.0 0.00700080676359775 8.044739010824465 0.0
-0.03118784 0.005282682 0.4608622 -6.715534 0.4733305 0.439726 0.5194125 18.62251 0.5854683 0 0.0 0.031632073801423834 6.7313290569206945 1.0
-0.03172715 0.03171841 -0.765343 -6.79613 1.151768 1.112511 0.3913623 19.81586 0.3691769 0 0.0 0.044862786137851496 6.839088600431274 1.0
0.1155903 0.1274249 -1.303081 -2.416761 1.454513 1.467457 0.7546099 20.23084 0.6711998 0 0.0 0.17204133978233258 2.7456791188487415 0.0
0.01992913 0.00673251 -3.389306 -6.235832 1.553125 1.550965 0.1350828 19.30243 0.878582 0 0.0 0.021035610603379214 7.097393598629007 1.0
0.1117486 -0.001066039 -0.2521722 -2.841595 1.075899 1.012328 0.6764092 19.79674 1.615583 1 0.001243383 0.11175368468694677 2.8527623389405994 0.0
-0.028135 0.02998924 1.564258 -8.486653 0.6730409 0.5700389 0.4270964 18.54037 0.6377468 0 0.0 0.04112095257624269 8.629610781082366 0.0
-0.01713135 -0.0008583506 8.518067 -14.33318 2.014391 1.846518 0.5542237 19.35469 nan 0 0.0 0.017152839956550064 16.673257460043285 0.0
0.03236504 -0.07898424 -2.951526 -9.147452 1.777265 1.837163 0.4330978 20.43612 0.3970585 0 0.0 0.08535810437550262 9.611835611420952 0.0
0.04927605 0.008823005 2.033943 -8.724025 2.487884 2.63732 0.2740569 20.48272 0.9243755 0 0.0 0.05005970955601446 8.957987292236687 0.0
-0.02644132 -0.02089084 -2.242581 -5.502228 1.074821 0.9910673 0.4259649 19.57065 0.4602661 0 0.0 0.033698228428924865 5.941690206123591 0.0
-0.02617585 0.05600968 -0.987409 -7.967487 1.24752 1.294461 0.2783723 19.88518 0.5756893 0 0.0 0.061824423789671505 8.028438554815624 0.0
-0.08540818 -0.098844 0.01556669 -6.602101 0.4918961 0.4397664 0.5829063 18.76091 0.6357021 1 0.9949382 0.13063190095421714 6.602119351847447 0.0
0.006208094 -0.03299622 5.510493 -9.975684 0.7048888 0.6955007 0.551292 17.47878 0.8471222 0 0.0 0.03357515398924085 11.396482105057903 0.0
0.008596116 0.02934915 -0.952135 -8.74015 0.574015 0.6336152 0.2480871 18.73679 0.6064682 0 0.0 0.03058211595046942 8.791858909282212 0.0
-0.004028067 -0.06916517 -0.482672 -7.584753 0.4680044 0.4486126 0.4533333 18.5963 0.5634518 0 0.0 0.06928236474663224 7.600095415887422 0.0
-0.03347155 0.05026694 -0.4162927 -6.076386 1.856514 1.815415 -0.1156827 20.29732 nan 0 0.0 0.0603913066290679 6.090629395478705 0.0
-0.03481496 0.0360435 0.005138484 -6.992009 0.9167784 0.8076652 0.4208727 19.25257 0.5479546 0 0.0 0.0501120278181955 6.992010888156484 1.0
0.02391747 0.03166662 -1.058458 -8.247564 0.4642128 0.4451739 0.2140508 18.39871 0.5851784 0 0.0 0.039684004251402095 8.315205666239411 0.0
