jas1101finalproject/data/gcs/NGC_6539.ecsv
# %ECSV 0.9
# ---
# datatype:
# - {name: x, unit: deg, datatype: float64}
# - {name: y, unit: deg, datatype: float64}
# - {name: pmx, unit: mas / yr, datatype: float64}
# - {name: pmy, unit: mas / yr, datatype: float64}
# - {name: pmx_e, unit: mas / yr, datatype: float64}
# - {name: pmy_e, unit: mas / yr, datatype: float64}
# - {name: pm_corr, datatype: float64}
# - {name: g_mag, unit: mag, datatype: float64}
# - {name: bp_rp, unit: mag, datatype: float64}
# - {name: filter, datatype: int64}
# - {name: memberprob, datatype: float64}
# - {name: r, unit: deg, datatype: float64}
# - {name: pm, unit: mas / yr, datatype: float64}
# - {name: member_prob_GMM, datatype: float64}
# meta: !!omap
# - comments: [deg deg mas/yr mas/yr mas/yr mas/yr dimless mag   mag   zeroone float]
# - __serialized_columns__:
#     bp_rp:
#       __class__: astropy.units.quantity.Quantity
#       unit: &id001 !astropy.units.Unit {unit: mag}
#       value: !astropy.table.SerializedColumn {name: bp_rp}
#     g_mag:
#       __class__: astropy.units.quantity.Quantity
#       unit: *id001
#       value: !astropy.table.SerializedColumn {name: g_mag}
#     pm:
#       __class__: astropy.units.quantity.Quantity
#       unit: !astropy.units.Unit {unit: mas / yr}
#       value: !astropy.table.SerializedColumn {name: pm}
#     pmx:
#       __class__: astropy.units.quantity.Quantity
#       unit: !astropy.units.Unit {unit: mas / yr}
#       value: !astropy.table.SerializedColumn {name: pmx}
#     pmx_e:
#       __class__: astropy.units.quantity.Quantity
#       unit: !astropy.units.Unit {unit: mas / yr}
#       value: !astropy.table.SerializedColumn {name: pmx_e}
#     pmy:
#       __class__: astropy.units.quantity.Quantity
#       unit: !astropy.units.Unit {unit: mas / yr}
#       value: !astropy.table.SerializedColumn {name: pmy}
#     pmy_e:
#       __class__: astropy.units.quantity.Quantity
#       unit: !astropy.units.Unit {unit: mas / yr}
#       value: !astropy.table.SerializedColumn {name: pmy_e}
#     r:
#       __class__: astropy.units.quantity.Quantity
#       unit: &id002 !astropy.units.Unit {unit: deg}
#       value: !astropy.table.SerializedColumn {name: r}
#     x:
#       __class__: astropy.units.quantity.Quantity
#       unit: *id002
#       value: !astropy.table.SerializedColumn {name: x}
#     y:
#       __class__: astropy.units.quantity.Quantity
#       unit: *id002
#       value: !astropy.table.SerializedColumn {name: y}
# schema: astropy-2.0
x y pmx pmy pmx_e pmy_e pm_corr g_mag bp_rp filter memberprob r pm member_prob_GMM
[from data line 116]
-0.01887448 -0.02509938 -6.714016 -3.764448 0.3084068 0.2405786 0.2111648 17.51572 2.254715 1 0.9978784 0.03140421741828317 7.697342372076222 0.0
0.04497893 -0.04085983 0.08736996 -0.4777179 0.8184949 0.8535298 0.2487802 19.51366 2.007988 1 0.0 0.060767012857090484 0.48564174232741936 0.0
0.09277119 -0.03596322 -2.644323 -2.839968 1.945749 1.936478 0.5967509 19.97769 0.7787361 0 0.0 0.09949797428482904 3.8804461559662182 0.0
0.006412359 -0.09813469 -6.835144 -3.824153 0.1444509 0.1152596 0.2059193 14.38968 3.100646 1 0.9701608 0.09834396641045642 7.832198903765468 0.0
0.02564966 -0.05819652 -0.4684515 -3.078683 2.141352 2.142568 0.4673994 20.5367 1.264887 0 0.0 0.0635982704027869 3.114118787448746 0.0
-0.02280466 -0.06549148 -0.796405 -7.652865 0.1437056 0.1151701 0.231342 15.46949 2.792826 1 0.0 0.06934829825097369 7.69419285125152 0.0
-0.02207737 -0.09231113 2.515693 -0.1615703 0.7196205 0.7512607 0.4157189 19.32571 2.508463 1 0.0 0.09491446142708602 2.5208760842395823 0.0
-0.07408546 0.01594842 -2.8582 -4.658354 1.843649 1.662311 0.5395297 20.0003 nan 0 0.0 0.07578263312862651 5.465305959350858 0.0
0.0253148 -0.09433548 2.29406 -2.329383 0.3699876 0.3069091 0.2924941 18.17984 2.06999 1 0.0 0.09767303561306159 3.2693633087023226 0.0
-0.08284747 -0.04087118 -3.134394 -3.509832 1.974448 1.753031 0.2414722 20.45483 1.567034 0 0.0 0.09238049924087496 4.705671728399676 0.0
0.08639516 -0.00472858 3.39124 -4.558649 1.744049 1.778962 0.564589 20.03951 1.98213 0 0.0 0.08652446555883486 5.681706560779165 0.0
-0.02159748 -0.01294017 -2.557692 -5.092955 1.531325 1.414931 0.6112739 20.0885 nan 0 0.0 0.025177353752515376 5.699120897023417 0.0
-0.0005134651 -0.0561711 2.082558 -7.82636 2.540035 2.53068 0.4261327 20.60395 1.473457 0 0.0 0.05617344676641196 8.09870104849932 0.0
0.01427668 -0.06827012 -5.604242 -5.594783 1.634666 1.405635 0.132531 20.42613 nan 0 0.0 0.06974692019463512 7.9189093448310794 0.0
0.07320226 -0.02729293 -8.066916 -5.248425 0.7274317 0.8522525 0.40245 19.16256 1.969881 1 0.8749587 0.07812473934095718 9.623985594943553 0.0
-0.01842119 -0.01494321 -8.270104 -2.05181 1.791468 1.623897 0.3311791 20.37825 nan 0 0.0 0.02372002879678269 8.520830032744227 0.0
0.03284875 -0.05240105 -1.019932 -4.006595 0.9992151 1.086603 0.4609617 19.84029 2.026173 0 0.0 0.06184586014977074 4.134375984190238 0.0
0.002904539 -0.03467339 -5.944631 -3.651262 1.103182 1.155867 0.4279514 19.8662 1.76049 0 0.0 0.034794831812995176 6.976413972723021 0.0
-0.0552336 -0.02393188 1.795705 -3.004959 0.2795963 0.2288814 0.3101544 17.59281 2.065001 1 0.0 0.06019539392091724 3.5006192364646003 0.0
-0.03732863 0.002848265 -6.256887 -12.31775 2.627251 2.447782 0.4834656 20.38437 1.630934 0 0.0 0.03743713705917061 13.815773593732239 0.0
-0.03163454 -0.09127365 -1.907335 -6.419689 1.553019 1.359469 0.5198744 20.03355 2.166573 0 0.0 0.09660032766680504 6.69703917107747 0.0
0.06582392 -0.01226517 -7.127931 -2.627193 0.8574224 0.8576081 0.3317276 19.50661 nan 0 0.0 0.06695687298026469 7.596679761580713 0.0
0.05205245 -0.07703968 -1.347371 0.9828635 1.55291 1.364585 0.5790256 20.17376 1.861853 0 0.0 0.09297617891430525 1.667761754949804 0.0
0.03372591 -0.05238682 -5.020843 -1.106133 1.869457 1.722344 0.4548648 20.29444 1.697506 0 0.0 0.062304220683999406 5.141244464557 0.0
-0.03499648 -0.03210418 -7.420633 -4.972328 2.173463 1.931714 0.3196959 20.2561 nan 0 0.0 0.0474913885442698 8.932515875176097 0.0
0.07680589 -0.004615658 -0.6372835 -3.061172 0.7979352 0.7961917 0.4151835 19.46501 1.86865 1 0.0 0.07694445423462995 3.126804162872413 0.0
-0.06122334 -0.02053809 -0.7983087 -4.472048 1.02014 1.04208 0.4536645 19.69656 nan 0 0.0 0.06457639275775397 4.542742574128506 0.0
0.01031473 -0.05868034 -3.471899 -5.653734 0.9152803 0.9341987 0.3750623 19.5129 1.970127 0 0.0 0.059579996286408914 6.634665840037236 0.0
-0.04092386 -0.04540321 2.764393 -0.8947337 2.645032 2.670336 0.5817502 20.61917 nan 0 0.0 0.06112457603618777 2.9055837713555412 0.0
0.07238558 -0.02711207 2.974785 -1.921986 1.545644 1.683842 0.5255365 20.00929 nan 0 0.0 0.07729641991464611 3.541662883508395 0.0
-0.03805033 -0.0458588 -2.108184 -4.918689 0.9560434 0.9843863 0.5214985 19.60603 1.913109 0 0.0 0.05958906905254436 5.351442913511924 0.0
-0.005413192 -0.07283468 -1.362532 -3.392781 2.442617 2.185074 0.3467034 20.43573 2.170073 0 0.0 0.07303556160071109 3.656153219571767 0.0
-0.09955224 -0.005932576 -1.02523 -7.531264 2.386174 2.305673 0.6764312 20.43463 1.721849 0 0.0 0.09972885212922776 7.6007258857688065 0.0
0.09456226 -0.006721569 -1.757147 -8.193683 2.085578 1.827619 0.4777333 20.1648 1.673649 0 0.0 0.09480084654753543 8.379976532431222 0.0
-0.09056343 -0.02745931 -0.03804736 -2.450525 2.232947 2.019276 0.1679883 20.5516 1.885019 0 0.0 0.09463481684370188 2.4508203478076416 0.0
0.05774017 -0.06488345 -1.494155 -5.511583 1.453797 1.711976 0.4095366 19.94523 2.604034 0 0.0 0.0868549901590657 5.710520670649394 0.0
-0.01917679 -0.0290786 -6.475592 -3.843112 0.2351352 0.1884397 0.2240715 17.31733 2.382648 1 0.990662 0.03483266071755214 7.530126266870164 0.0
-0.04035107 -0.02520052 0.8808539 2.758221 0.779826 0.8189774 0.2951108 19.29715 2.156263 1 0.0 0.04757389051165881 2.8954596660955594 0.0
-0.04240485 -0.05674206 -0.8855268 -9.323108 0.3219153 0.2667712 0.2917461 17.9537 2.38419 1 0.0 0.07083666195245299 9.36506809869433 0.0
0.05919558 -0.03884358 -4.078916 -9.644438 1.709073 1.417889 0.4391614 20.19699 1.955687 0 0.0 0.07080212142833574 10.471520427850962 0.0
-0.009255422 -0.02337244 -5.984883 -3.866159 1.797661 1.691293 -0.28461 19.94732 2.415998 0 0.0 0.025138293258526602 7.125027013069495 0.0
0.001906095 -0.09258379 -4.698885 -5.663082 1.426952 1.297422 0.5867624 20.03899 1.540064 0 0.0 0.09260340905664934 7.35866957961485 0.0
-0.04186542 -0.005504432 1.39144 -4.918512 0.6434283 0.6123777 0.3970253 19.02284 nan 0 0.0 0.04222572869020763 5.111542386378498 0.0
-0.04591935 -0.001651524 -6.023238 -3.524435 0.4633826 0.3946708 0.4062209 18.56912 2.318708 1 0.9708085 0.04594903955410903 6.978612904716022 0.0
-0.05405259 -0.03426861 -3.338631 -8.139841 2.545012 2.423757 0.5036124 20.59884 0.5247459 0 0.0 0.06400015716418359 8.7979240994363 0.0
-0.01545601 -0.03507945 -6.08891 -3.181674 0.7522586 0.6937658 0.4828576 19.05925 2.237215 1 0.9824166 0.038333484806662176 6.870070918875292 0.0
-0.01258299 -0.01671731 -5.624414 -1.841136 1.675704 1.664248 0.4157252 20.33885 2.118402 0 0.0 0.020923672980053 5.918092143072124 0.0
-0.04833076 -0.07792664 -0.2951702 -4.797567 0.170477 0.1386445 0.3162914 16.83469 2.453591 1 0.0 0.09169745680152314 4.806638593285025 0.0
-0.00831702 -0.05874563 -1.370138 -6.512912 1.714418 1.577031 0.1686593 20.45553 1.456251 0 0.0 0.05933145764076002 6.655471497857083 0.0
-0.03980844 -0.005279646 0.5484401 -2.969919 0.7082889 0.6659252 0.3333475 18.94399 2.364145 0 0.0 0.04015702375822835 3.0201333430577217 0.0
-0.004173148 -0.07125252 -0.0582935 3.459963 1.930908 1.780814 0.3926115 20.3322 nan 0 0.0 0.07137462273511716 3.46045402996648 0.0
-0.0162728 -0.03275347 -3.037385 1.878978 1.872942 1.838322 0.3740484 20.36501 1.679848 0 0.0 0.03657312971131812 3.5715915167763796 0.0
-0.0241349 -0.07569491 -4.075871 -2.90436 1.772856 1.692363 0.3480576 20.39878 1.974188 0 0.0 0.0794494354789139 5.004800837020491 0.0
-0.0362084 -0.008455064 -5.530509 -3.608871 0.7279075 0.7477102 0.2844846 19.16725 2.224039 1 0.914933 0.03718247352993203 6.603823111934632 0.0
0.004961046 -0.06574268 -3.653784 -6.939948 2.642826 2.128627 0.2651555 20.48258 1.544109 0 0.0 0.06592959844407151 7.843023381411023 0.0
0.09283244 -0.03245705 -6.928297 -4.159728 0.5625713 0.5160715 0.4065522 18.98623 1.928242 1 0.9285461 0.09834287981880589 8.08112840847075 0.0
0.03097246 -0.06603225 -10.77146 -9.590423 2.297411 2.356911 0.4042325 20.52249 1.804457 0 0.0 0.07293525429114579 14.42222464984265 0.0
-0.02395679 -0.01579082 -2.082924 -2.638894 0.2009329 0.1428008 0.3882769 16.08384 2.599881 1 0.0 0.0286928176270038 3.361894396469348 0.0
-0.07679554 -0.05428062 -3.000852 -6.672059 1.14823 1.192668 0.5526104 19.83579 1.926731 0 0.0 0.0940422281290485 7.31583788949598 0.0
-0.04821799 -0.00513078 -6.946385 -2.575405 0.7923234 0.8066299 0.4159256 19.17097 2.314865 0 0.0 0.04849019965981271 7.408439476856783 0.0
0.0492441 -0.03858483 3.527617 -14.07118 3.058057 2.391163 0.08407941 20.53986 2.255817 0 0.0 0.06256013499776755 14.506625668675985 0.0
-0.0780803 0.02495374 -6.825566 -4.812255 1.837371 1.564147 0.2442437 20.4916 1.070494 0 0.0 0.08197086304338634 8.351416011993475 0.0
0.08817328 -0.0370318 -0.87081 0.1084553 0.648593 0.5741112 0.2500094 18.99261 1.741444 0 0.0 0.09563410227109574 0.8775378101244925 0.0
-0.002751909 -0.02495641 0.1903247 -5.773471 2.184529 2.220886 0.3513709 20.48653 nan 0 0.0 0.0251076761814466 5.77660721178713 0.0
0.09522316 -0.02747319 -7.792043 -5.13665 1.612117 1.279792 0.3093298 20.17896 1.994671 0 0.0 0.0991071459036214 9.332797401441274 0.0
-0.01796512 -0.07021766 -5.517455 -3.996506 2.034383 1.852736 0.3711239 20.41646 2.27327 0 0.0 0.07247941302528602 6.812809250600005 0.0
-0.04603366 -0.06386065 -5.50211 -7.332705 0.98225 0.9285851 0.6274399 19.34764 2.248184 1 0.0 0.07872280782224489 9.167430232574722 0.0
0.0497569 -0.05076951 0.8390313 -1.895128 2.231312 1.767946 0.1336887 20.21364 nan 0 0.0 0.0710865123863177 2.072554862666774 0.0
0.007864393 -0.07958195 -1.307062 -7.811935 1.002727 1.172425 0.574645 19.57191 1.89827 1 0.0 0.07996959073961145 7.92052646710236 0.0
-0.04933058 -0.06291116 -4.931724 -7.396096 0.2678109 0.2220204 0.2461105 17.38461 2.542755 1 0.0 0.0799457326921331 8.88955216270156 0.0
-0.009223629 -0.0948603 1.107265 -4.07089 0.5912812 0.5913957 0.4184461 19.03328 2.162115 1 0.0 0.09530766940818372 4.218789064687283 0.0
-0.02755233 -0.07998331 -1.464804 -2.161965 1.711823 1.596319 0.4867731 20.2772 2.061262 0 0.0 0.08459586731622887 2.611463846129408 0.0
-0.09046951 -0.04249158 5.340612 -7.014299 0.29898 0.2604434 0.3517631 17.95585 2.047672 1 0.0 0.09995132120455688 8.816038055495508 0.0
0.05356911 -0.04192655 -8.843885 -3.759942 3.127446 2.676323 0.2198107 20.6956 1.587769 0 0.0 0.06802562121064827 9.609966999765868 0.0
-0.08990164 -0.009932545 -2.741467 -5.382228 0.1050572 0.08526654 0.2293415 15.41309 2.432218 1 0.0 0.09044866126630413 6.040200291056 0.0
-0.02924923 -0.03333685 -2.472523 -8.94272 2.97204 2.358334 0.3559588 20.45754 1.535471 0 0.0 0.04434932945959161 9.278233182235128 0.0
0.08133657 -0.04070782 -1.636399 -2.749724 1.826846 1.621883 0.5022108 20.14335 1.32299 0 0.0 0.09095473725165336 3.1998099573845007 0.0
-0.09413693 -0.008433322 0.914365 -3.560357 0.6456851 0.5532439 0.5833305 18.80293 1.912827 0 0.0 0.0945139275968393 3.675895172699298 0.0
-0.06194092 -0.07848294 0.328405 -10.41369 1.357682 1.298619 0.6192501 19.84118 nan 0 0.0 0.09998124544878405 10.418866985432006 0.0
-0.04627727 -0.04874543 -6.580688 -4.087028 0.7629373 0.7813028 0.3761053 19.1849 nan 0 0.0 0.06721385768230984 7.746563910930317 0.0
-0.04467843 -0.007919895 -6.99793 -3.599213 0.3485412 0.2858611 0.2947176 18.00027 2.395744 1 0.99804 0.04537495833690566 7.869266706896457 0.0
-0.04373568 -0.05691195 -4.010302 -1.392136 0.1176564 0.09684843 0.2326686 15.90143 2.379608 1 0.0 0.07177589956151648 4.2450635771093 0.0
-0.06351518 -0.06825073 0.9087537 -1.595879 0.7024809 0.7119007 0.4487485 19.22733 2.43663 1 0.0 0.09323272084394674 1.836481165137473 0.0
-0.008136199 -0.02422214 -6.108245 -3.184349 0.1645448 0.122603 0.4845116 15.09802 2.783463 1 0.912504 0.02555209972482107 6.888449428850153 0.0
-0.09142412 0.03720296 -4.118426 -3.989928 0.1038015 0.08740223 -0.09666329 15.40825 2.315387 1 0.0 0.09870374841178019 5.734192023525198 0.0
-0.04349207 -0.07299849 -7.743629 -3.496883 0.3174101 0.2814673 0.2984128 17.95721 2.235739 1 0.9334762 0.08497258202011398 8.496586420753337 0.0
-0.02283732 -0.02030784 -1.634447 -2.906632 3.021189 2.444975 -0.02208241 20.38817 1.935867 0 0.0 0.030560620907435766 3.3346553913759966 0.0
-0.03886802 -0.03472568 -1.219879 -1.028698 1.726529 1.556433 0.2902705 20.48791 nan 0 0.0 0.05212097303564853 1.5957206365291512 0.0
-0.03998746 -0.03182089 -6.685268 -3.367533 0.1689471 0.1365714 0.2937325 16.832 2.544409 1 0.9986815 0.051103483224176606 7.485525147771063 0.0
-0.05571322 -0.05736823 -3.205812 -7.972033 1.893821 1.616105 0.484278 20.25822 1.180113 0 0.0 0.0799692234306505 8.59247000183492 0.0
0.05308171 -0.06962976 -0.7230259 -3.624822 1.714903 1.544417 0.4802221 20.02162 2.275082 0 0.0 0.08755553331561461 3.696227939907766 0.0
0.05677244 -0.0638133 -4.77721 -10.54417 2.076011 2.265534 0.6568471 20.25917 2.256264 0 0.0 0.08541221926892896 11.575891169711298 0.0
-0.0362394 0.000422211 5.16401 -0.08275274 2.417825 1.947481 0.3286524 20.36112 1.714956 0 0.0 0.03624185942371777 5.1646730095987206 0.0
0.0008778951 -0.04657381 -8.773943 -6.159055 2.104275 1.788119 0.3882019 20.49059 2.407499 0 0.0 0.04658208322652288 10.719889657094143 0.0
-0.02894747 -0.02268095 -0.142406 -1.919336 0.3219695 0.265609 0.283385 17.95585 2.188763 1 0.0 0.0367747401391689 1.9246116880378752 0.0
-0.07925379 -0.009557565 2.345919 -3.918241 2.213528 2.125135 0.6665573 20.33575 1.833908 0 0.0 0.07982800434743015 4.566831340069611 0.0
-0.01013268 -0.02172976 -6.924621 -3.525927 0.2830583 0.2331498 0.260248 17.55396 2.18903 0 0.0 0.023976106306904797 7.770620129884744 0.0
0.07755938 -0.01992179 1.921503 -2.132637 0.7920671 0.8385819 0.5078451 19.29068 2.829092 1 0.0 0.08007705753078406 2.870594773348896 0.0
-0.004808813 -0.02594443 -8.294053 -6.449581 1.319559 1.35115 0.3041482 19.84076 nan 0 0.0 0.026386324687115277 10.50658889661007 0.0
0.03027485 -0.09350086 -1.744644 -6.86585 0.2542346 0.1943184 0.1175327 17.31697 2.173615 1 0.0 0.09828009647564506 7.084043965789315 0.0
0.0253476 -0.05152174 -1.83769 -4.59615 0.6876204 0.7181679 0.3907602 19.26756 1.921482 1 0.0 0.057419426315382154 4.949919126470653 0.0
-0.03257669 -0.03125093 -4.644687 -4.101139 0.6510834 0.5091373 0.2555717 18.82086 2.265635 1 0.05667411 0.04514267778079852 6.196164815859081 0.0
-0.01932888 -0.01017297 -6.467684 -3.38879 0.193849 0.1502401 0.1117317 16.90331 2.474589 1 0.9982924 0.021842502619326843 7.301700759956956 0.0
0.06509 -0.06440766 -4.731707 -5.046937 0.5464518 0.4298275 0.1630995 18.69423 2.585554 0 0.0 0.09156994466895566 6.918137337160776 0.0
0.08039672 -0.05225568 1.994889 -2.979474 0.4174137 0.3269885 0.1843807 18.35546 1.993122 1 0.0 0.09588685352550057 3.5856446336742573 0.0
-0.06424347 -0.05234547 -6.656065 -3.558781 0.1371395 0.1117745 0.2154396 15.82596 2.696276 1 0.9956267 0.08286900305398756 7.547723066606644 0.0
-0.06264923 0.008184469 -2.062786 -3.579898 2.107809 1.950914 0.5816648 20.28625 1.426233 0 0.0 0.06318157605192246 4.1316771137396495 0.0
0.06173698 -0.03476221 -9.929468 -1.139755 2.186288 1.882281 0.2805457 20.46042 0.7168159 0 0.0 0.0708510122976694 9.994667389315614 0.0
-0.03260892 -0.005096889 -6.536929 -3.343129 0.1696132 0.1376374 0.2411793 16.51951 2.64141 1 0.998344 0.033004847235591335 7.342203501788956 0.0
-0.04077216 -0.05027027 -0.7493131 -1.383161 1.084228 1.122009 0.4917385 19.83622 1.683744 0 0.0 0.06472610815535336 1.573087560739265 0.0
-0.009587867 -0.03645734 0.7247431 -0.4541409 2.260422 2.109459 0.5574318 20.50156 1.798376 0 0.0 0.03769701358841691 0.8552756971003093 0.0
-0.0809455 -0.02163426 0.6020508 -4.324793 1.714369 1.539169 0.3107954 20.42153 2.099993 0 0.0 0.08378672434221068 4.366497413102365 0.0
-0.05551124 0.01794774 -6.120485 -3.776418 0.7188024 0.6866955 0.411091 19.10367 2.122808 1 0.9461144 0.05834054454189813 7.1917779127242945 0.0
0.04975443 -0.07188528 3.478204 -2.419063 1.698906 1.897342 0.6135624 20.11585 1.905994 0 0.0 0.08742423454227838 4.236716755175522 0.0
-0.008286064 -0.09521934 -0.9188403 -7.184556 1.068347 1.207165 0.4996678 19.51668 2.085438 0 0.0 0.09557919002925112 7.243073409405712 0.0
