jas1101finalproject/data/gcs/NGC_6541.ecsv
# %ECSV 0.9
# ---
# datatype:
# - {name: x, unit: deg, datatype: float64}
# - {name: y, unit: deg, datatype: float64}
# - {name: pmx, unit: mas / yr, datatype: float64}
# - {name: pmy, unit: mas / yr, datatype: float64}
# - {name: pmx_e, unit: mas / yr, datatype: float64}
# - {name: pmy_e, unit: mas / yr, datatype: float64}
# - {name: pm_corr, datatype: float64}
# - {name: g_mag, unit: mag, datatype: float64}
# - {name: bp_rp, unit: mag, datatype: float64}
# - {name: filter, datatype: int64}
# - {name: memberprob, datatype: float64}
# - {name: r, unit: deg, datatype: float64}
# - {name: pm, unit: mas / yr, datatype: float64}
# - {name: member_prob_GMM, datatype: float64}
# meta: !!omap
# - comments: [deg deg mas/yr mas/yr mas/yr mas/yr dimless mag   mag   zeroone float]
# - __serialized_columns__:
#     bp_rp:
#       __class__: astropy.units.quantity.Quantity
#       unit: &id001 !astropy.units.Unit {unit: mag}
#       value: !astropy.table.SerializedColumn {name: bp_rp}
#     g_mag:
#       __class__: astropy.units.quantity.Quantity
#       unit: *id001
#       value: !astropy.table.SerializedColumn {name: g_mag}
#     pm:
#       __class__: astropy.units.quantity.Quantity
#       unit: !astropy.units.Unit {unit: mas / yr}
#       value: !astropy.table.SerializedColumn {name: pm}
#     pmx:
#       __class__: astropy.units.quantity.Quantity
#       unit: !astropy.units.Unit {unit: mas / yr}
#       value: !astropy.table.SerializedColumn {name: pmx}
#     pmx_e:
#       __class__: astropy.units.quantity.Quantity
#       unit: !astropy.units.Unit {unit: mas / yr}
#       value: !astropy.table.SerializedColumn {name: pmx_e}
#     pmy:
#       __class__: astropy.units.quantity.Quantity
#       unit: !astropy.units.Unit {unit: mas / yr}
#       value: !astropy.table.SerializedColumn {name: pmy}
#     pmy_e:
#       __class__: astropy.units.quantity.Quantity
#       unit: !astropy.units.Unit {unit: mas / yr}
#       value: !astropy.table.SerializedColumn {name: pmy_e}
#     r:
#       __class__: astropy.units.quantity.Quantity
#       unit: &id002 !astropy.units.Unit {unit: deg}
#       value: !astropy.table.SerializedColumn {name: r}
#     x:
#       __class__: astropy.units.quantity.Quantity
#       unit: *id002
#       value: !astropy.table.SerializedColumn {name: x}
#     y:
#       __class__: astropy.units.quantity.Quantity
#       unit: *id002
#       value: !astropy.table.SerializedColumn {name: y}
# schema: astropy-2.0
x y pmx pmy pmx_e pmy_e pm_corr g_mag bp_rp filter memberprob r pm member_prob_GMM
[from data line 13017]
0.1139176 0.01569153 -6.010326 -3.103102 0.7190254 0.6001774 -0.07504814 19.306 1.109602 0 0.0 0.11499323329440259 6.764115659025945 0.0
0.008906444 -0.04671233 0.1346199 -7.904105 0.330026 0.2995369 -0.4828572 17.46863 0.9440746 0 0.0 0.04755382759309745 7.905251315960866 0.0
0.00837758 -0.04588446 2.353719 -8.771981 0.8151997 0.7283829 -0.5088748 19.02335 0.7178764 0 0.0 0.046642979280359015 9.08227085014106 1.0
-0.003437255 -0.03240665 -0.4971902 -9.748091 0.3644425 0.3161186 -0.2716746 18.03549 0.8503647 0 0.0 0.03258842871568872 9.760762072669175 0.0
-0.008181765 -0.159669 -2.311466 -5.257383 0.3675913 0.3489474 -0.4125763 17.80334 0.9931717 1 0.0 0.15987848773213745 5.7430785366251955 0.0
0.078963 0.04512095 0.4610863 -8.782512 1.082889 0.8994242 -0.02420917 19.85858 0.7510109 0 0.0 0.09094534346464639 8.794607302557159 1.0
0.09493611 -0.05796399 -6.035473 -6.71013 1.100652 0.9633378 -0.5332557 19.54309 2.037153 1 3.705105e-06 0.1112325901822492 9.025119331655898 0.0
0.0250795 -0.005850066 0.86693 -8.849431 0.5875689 0.5027307 -0.1326138 17.70103 0.9364758 0 0.0 0.02575275892898382 8.89179378127164 1.0
-0.09234873 -0.1751511 0.9477459 -5.29066 0.634229 0.6561486 -0.1479336 18.82059 1.044729 0 0.0 0.19800554478050078 5.374877256883808 0.0
-0.1121158 -0.08415874 -3.544161 -7.721089 0.5883247 0.5388312 0.02158888 19.01447 0.9428635 1 0.0 0.1401878957971322 8.49566316068628 0.0
-0.08670135 -0.06567245 -0.9820235 -1.586479 0.7917576 0.6906711 -0.09657769 19.2725 0.7743702 1 0.0 0.10876577945670687 1.865820401858992 0.0
0.008775857 -0.03540555 0.247938 -9.059576 0.05241948 0.04667717 -0.1310956 13.17265 1.414407 1 0.9947942 0.03647696035701096 9.062968087311132 1.0
0.07548917 -0.01389561 1.517103 -6.912912 1.199252 0.9983504 -0.08839183 20.01885 0.8218822 0 0.0 0.07675742807416751 7.077425650075951 0.0
0.0471744 -0.06826802 0.2031836 -4.496786 1.276739 1.095969 0.5421096 19.48739 2.195801 1 0.0002104581 0.08298160380518323 4.501374001913745 0.0
0.01346503 -0.1615048 0.3557255 -7.555774 0.3084907 0.2909539 -0.5220919 17.57983 1.279949 1 0.0005617595 0.16206513337526027 7.5641431352418405 0.0
-0.04506606 -0.1124901 -2.663068 -9.920626 1.683845 1.36461 0.2094412 20.11081 0.6718349 0 0.0 0.12118156774829082 10.271842648935975 0.0
0.0745847 0.003584479 0.007733276 -9.470975 0.4563425 0.3865951 -0.1531671 18.51654 0.8147049 1 0.9172323 0.07467078387020885 9.470978157201223 1.0
-0.06303888 -0.1056132 -1.036751 -5.659689 0.7938539 0.750033 0.3565012 19.16147 0.9276123 0 0.0 0.1229961316704489 5.753862373460283 0.0
0.04567942 -0.03514004 4.221162 -5.40061 1.008601 0.8644604 0.8319548 18.00144 0.8748188 1 0.04532505 0.05763186464741532 6.854545718159884 0.0
0.06098723 0.0165355 1.93754 -3.404919 0.3319948 0.2901349 -0.2198757 17.86639 1.116453 1 0.0 0.06318912076712968 3.9175929661159286 0.0
-0.02224667 -0.1986891 -1.758183 -15.81707 2.500178 2.394422 0.04546455 20.65663 nan 0 0.0 0.19993066994560615 15.914487451576598 0.0
0.08668115 -0.05187847 -1.878362 -9.717273 1.653347 1.358671 -0.0002123718 20.38684 0.435339 0 0.0 0.10101978724419984 9.897153043152006 0.0
-0.04183081 -0.1107941 -1.087915 -2.763874 0.8736747 0.8307925 0.09539526 19.56869 0.9595757 1 0.0 0.11842782299808648 2.970279201539983 0.0
0.09118317 -0.004468424 -0.4440295 -9.433683 2.147252 1.717226 0.1674794 20.61777 0.6864357 0 0.0 0.09129259172732843 9.444127124375193 0.0
-0.009505678 -0.1348242 0.04014717 -8.436606 0.7146891 0.6507196 -0.07549538 19.18622 1.445675 0 0.0 0.1351588799150085 8.436701523373635 0.0
-0.03210527 -0.01738144 0.539592 -9.355738 0.3449831 0.3029289 -0.197107 17.59205 0.9206295 0 0.0 0.036508393805349745 9.371285560215739 1.0
0.1133627 -0.07914094 1.227264 -2.107852 0.5208882 0.4361722 -0.1799808 18.65303 1.357849 1 0.0 0.13825480149120897 2.4391016747155088 0.0
0.07183891 0.01329243 0.06485098 -9.758087 1.727659 1.627111 -0.2582334 20.24157 0.7583218 0 0.0 0.07305831701656562 9.758302493219604 0.0
0.002668625 -0.0524948 0.6322932 -8.180154 2.02918 1.806873 -0.5397143 20.10906 0.1793861 0 0.0 0.05256258732625921 8.204554476294385 1.0
0.03941126 0.02074593 0.01066852 -8.249649 0.3238953 0.2807126 -0.3361824 17.10941 1.039398 0 0.0 0.04453808512220187 8.249655898309939 1.0
0.06581142 -0.1108271 -3.619142 -4.966718 0.6636493 0.5648154 -0.1385375 18.96361 1.381372 1 0.0 0.12889448823292018 6.145443556626974 0.0
0.006748446 -0.0289203 2.079802 -6.044887 1.346163 1.056178 0.3015736 19.49339 nan 0 0.0 0.029697226730873643 6.3926704280740925 0.0
0.07393728 0.01523156 4.027705 -8.988777 1.085618 0.9388333 -0.2260103 19.75427 0.7924881 0 0.0 0.0754898787509425 9.849899467647068 0.0
-0.0001080579 -0.1608396 -2.375159 -4.238909 0.2871432 0.2653754 -0.5069111 17.22824 1.009848 1 0.0 0.1608396362986119 4.858984439732443 0.0
-0.08860235 -0.06157062 5.346319 -3.061184 2.223404 2.015745 -0.7700756 19.82228 nan 0 0.0 0.10789493812365296 6.1606796972101225 0.0
0.01307356 -0.04031203 0.06858164 -8.432955 0.2495397 0.2217068 -0.02708365 17.42623 0.9696198 0 0.0 0.04237897749821838 8.433233868058569 1.0
0.003684765 -0.0141686 5.197351 -4.816614 1.408443 1.276832 0.2485324 18.39553 nan 0 0.0 0.014639901607088245 7.0860586959322465 0.0
-0.09001684 -0.1755329 0.9056658 -0.9655168 0.8647392 0.8466588 0.4428984 19.26642 0.9341488 0 0.0 0.19726842237417422 1.32380256548017 0.0
0.1028574 -0.09047832 -4.082548 -3.449519 0.884881 0.718722 -0.03291631 19.53648 nan 0 0.0 0.1369889452648731 5.344752520338524 0.0
0.01930962 0.02135468 0.5109398 -8.598435 0.165332 0.1436015 -0.2937477 16.27305 0.08428955 0 0.0 0.028790341825806795 8.613602262030042 1.0
0.04303115 -0.008431376 -0.2268932 -8.323825 1.030015 0.8479735 -0.1361404 19.17797 0.9958 0 0.0 0.04384937823476948 8.326916785631475 1.0
-0.07964379 -0.07071712 0.5685399 -6.123247 1.227392 0.9912785 0.2574907 19.61572 0.9283352 1 0.06649571 0.10650842382956617 6.149584655966695 0.0
0.08333518 -0.03321602 1.237488 -8.854772 0.6380943 0.5338975 -0.08662522 19.1344 0.6818638 1 0.8964767 0.08971095925399973 8.940825673399969 1.0
-0.05805277 -0.0476477 -0.985071 -7.835422 0.854199 0.7506244 0.3049123 19.23932 0.7284908 0 0.0 0.07510277904287496 7.897100910658607 1.0
0.1270547 -0.02162363 -4.903276 -5.555557 0.7908902 0.6494151 -0.00614181 19.16889 1.118557 0 0.0 0.12888164402453475 7.409880505947784 0.0
0.007539897 -0.04682658 0.8833379 -7.662543 1.632259 1.408704 -0.2352261 19.71858 nan 0 0.0 0.04742972318353765 7.713290547647315 0.0
0.01953738 -0.159191 4.721753 -0.8893167 0.2686776 0.2496428 -0.1484039 17.75986 0.9451256 1 0.0 0.1603854223371451 4.804772167950098 0.0
0.006222988 0.006510663 0.4845645 -10.50666 0.345125 0.3049305 -0.4699607 16.80779 0.844367 0 0.0 0.009006348446940803 10.517828060500905 0.0
-0.1146922 -0.1418685 1.572719 -4.323772 2.104901 1.869159 0.4091051 20.42684 1.638107 0 0.0 0.18243073215083583 4.600918317134635 0.0
-0.1224952 -0.1355478 -5.624115 -5.772723 0.5080141 0.4799186 0.08939662 18.91276 0.8218212 0 0.0 0.18269723618018965 8.059466506410583 0.0
0.07778181 -0.0145623 0.333921 -8.713243 0.8596196 0.7212011 -0.09640865 19.53795 0.8118458 1 0.903496 0.07913324553034648 8.71963914455696 1.0
0.008910554 -0.01909774 0.5451337 -8.899027 0.2106349 0.1850223 0.07289162 16.97834 1.051331 0 0.0 0.021074193832612338 8.915708177010096 1.0
0.06159198 0.003835752 -0.6108118 -7.500363 1.451455 1.226893 -0.0452483 20.1183 0.5721569 0 0.0 0.06171130361389155 7.525193431851984 0.0
0.06143532 0.0447333 0.08101273 -3.850867 0.6638716 0.5493393 -0.3011663 18.9348 1.175747 0 0.0 0.0759958332567806 3.851719059603264 0.0
-0.08289652 -0.07649318 -3.725089 -4.851815 0.7306356 0.6678698 -0.0107238 19.2433 0.8649445 1 0.0 0.11279645213668203 6.116894379678793 0.0
0.03391937 -0.01388817 0.9242125 -8.900536 0.5843625 0.4812807 0.1413201 18.64273 0.761364 0 0.0 0.036652488689661984 8.9483914662051 1.0
0.1131099 -0.0497787 -3.132895 -6.755399 2.028024 1.673922 0.04299037 20.55259 1.721054 0 0.0 0.1235789968064962 7.4465056724765875 0.0
-0.01637957 -0.1082792 1.954007 -11.54303 1.565653 1.458018 0.01115566 20.27887 0.8739071 0 0.0 0.10951107462729467 11.707249247237757 0.0
-0.004449986 -0.05110255 0.02682997 -9.192762 0.6515639 0.6162645 -0.04926694 18.16668 0.8324432 0 0.0 0.05129593543257297 9.192801152855107 1.0
0.007473822 -0.04644892 0.8808424 -9.296819 1.116936 0.9560042 -0.4703 19.33433 0.7446194 0 0.0 0.04704636207459705 9.3384542003695 1.0
-0.03653253 -0.06187478 0.6760859 -8.171186 0.6422159 0.5885089 -0.04292748 19.01951 0.820919 0 0.0 0.07185481297901554 8.199108048487641 1.0
0.01597471 -0.07235999 0.6124642 -8.836011 1.649991 1.476587 -0.5811149 19.87907 0.7002544 0 0.0 0.07410235834563027 8.857211908292735 1.0
-0.07204993 -0.08302516 -5.383911 -1.614922 1.195569 1.090267 0.02142411 20.05668 nan 0 0.0 0.10992892979571166 5.6208959002996135 0.0
0.0717305 -0.1137827 -7.363071 -6.230042 2.651023 2.102883 -0.1653569 20.55117 nan 0 0.0 0.1345056409580654 9.645114715378195 0.0
0.09204987 0.02850835 -4.144543 -4.371421 1.235007 0.9934193 0.04383562 19.98593 1.168949 0 0.0 0.09636339858441793 6.02383252075371 0.0
0.00128094 -0.01719737 -1.714003 -8.350572 0.6225261 0.5613369 0.1614914 16.64463 0.6421394 0 0.0 0.0172450091968807 8.52466181213032 0.0
0.116859 -0.07113298 -1.882504 2.088075 2.44058 1.963224 0.3824148 20.63695 0.2863503 0 0.0 0.13680616479048158 2.8113837368173344 0.0
0.03844834 0.03317102 0.2414865 -8.72776 0.1990769 0.163518 -0.1264112 16.75228 1.061144 0 0.0 0.050779832774399715 8.731100179661338 1.0
0.02881127 -0.08842847 -2.719024 -7.546199 1.065077 0.9547851 -0.5733329 19.37792 1.063437 0 0.0 0.09300367511853389 8.02111032589485 0.0
-0.09095025 -0.08254735 -2.684534 -6.262653 1.060176 0.9304705 0.3476154 19.54327 0.7985802 1 6.548777e-05 0.12282513165913969 6.813776148037519 0.0
0.06627786 -0.06744308 -3.785247 -2.460369 1.788557 1.44984 0.02398934 20.29123 nan 0 0.0 0.09455857320235961 4.514588626571639 0.0
-0.1051575 -0.08287581 -3.356296 -4.915607 0.8757546 0.7972308 0.04373748 19.58335 0.9195538 0 0.0 0.13388987896553683 5.952135332640295 0.0
0.07372079 0.05453086 0.5917554 -7.27078 0.4432679 0.3727864 -0.07677463 18.54427 0.9807739 0 0.0 0.09169716228195778 7.294821194644126 0.0
-0.07822435 -0.1618635 0.06382884 -16.29413 0.5820787 0.561824 -0.3832563 18.71733 0.8649235 0 0.0 0.17977441855050597 16.29425501757339 0.0
0.08087553 -0.1238842 1.359163 -4.129648 0.769047 0.6817333 -0.2001931 19.33305 0.9993973 1 0.0 0.14794643071876015 4.347564452020579 0.0
-0.001979987 -0.09952995 -6.602125 -10.48752 0.4993496 0.4557469 -0.1366679 18.74956 0.8842354 0 0.0 0.09954964236762817 12.392583680008984 0.0
0.03255367 -0.09197042 1.55441 -9.779427 2.320942 2.009186 -0.4074539 19.95291 nan 0 0.0 0.09756177317702512 9.902190812968058 0.0
-0.01143146 -0.0770434 -1.243794 -9.541863 0.5091241 0.4326679 -0.1448046 18.34718 1.288662 1 0.1039799 0.07788686513971146 9.622586607830817 0.0
0.07383065 0.05409966 -4.284128 -8.926214 2.072103 1.724459 -0.09671637 20.427 nan 0 0.0 0.09152998465824246 9.901063028492445 0.0
-0.08097561 -0.079672 -2.07968 -6.167298 0.7075573 0.6434445 0.05586212 19.15298 0.7936306 1 1.159121e-05 0.11359875438961513 6.508504707166154 0.0
0.0123509 -0.0172177 -1.771021 -10.95023 0.450627 0.3715145 0.282087 18.03189 nan 0 0.0 0.021189476730207376 11.092522365780516 0.0
0.01809071 -0.06909903 0.517137 -3.360943 0.463424 0.4188308 -0.4864617 18.01186 0.9347668 1 0.0 0.07142793385815525 3.400495335391301 0.0
-0.07297838 -0.1523469 -2.754453 -6.710673 1.980818 1.731002 -0.2319448 20.56713 0.3374081 0 0.0 0.16892430815911133 7.253974320476878 0.0
-0.06800639 -0.07466624 -3.875799 -2.49795 1.52501 1.34184 -0.1513818 20.19374 1.338524 0 0.0 0.10099463588017782 4.6110272272999 0.0
-0.04205515 -0.1048662 -0.984034 -6.258158 0.7900079 0.7203549 -0.03088147 19.50488 0.9158916 0 0.0 0.11298475801612579 6.335050470684507 0.0
0.04383371 -0.02683788 0.2885175 -8.822445 0.1787625 0.1525873 -0.1771728 16.76804 1.048897 0 0.0 0.051397139368436644 8.827161385509571 1.0
-0.05450923 -0.1868195 -4.539704 -3.667487 0.3080178 0.2992836 -0.06468381 17.68026 0.7621231 1 0.0 0.19460930536704274 5.836040892830088 0.0
-0.01918562 -0.0779342 0.5185007 -7.10975 0.776388 0.7394862 0.05518973 19.24512 0.9238625 1 0.4147665 0.08026099640812093 7.128631568428858 0.0
-0.08983751 -0.06078663 -0.1378312 -8.287417 0.7227697 0.6382847 -0.275727 18.96755 0.5674381 0 0.0 0.1084702382672639 8.288563082439707 0.0
0.0089509 -0.04421371 2.134383 -10.08123 0.5421751 0.4840168 -0.2389959 18.32171 0.6755753 0 0.0 0.04511065021449037 10.304697429016972 0.0
0.1158472 -0.070246 -3.958008 -4.26306 1.799379 1.503463 -0.02755848 20.42394 0.9348335 0 0.0 0.13548089999642016 5.817173531163051 0.0
0.05625371 0.02748069 -1.455431 -8.973383 1.139679 0.9413011 -0.2767129 19.68506 0.6979599 0 0.0 0.06260725366633006 9.090648044031294 1.0
0.01323289 -0.01758029 -0.5118215 -10.06469 0.354034 0.3120618 0.008390134 17.04211 nan 0 0.0 0.022003999050995253 10.077695472872866 0.0
0.04369339 -0.03783936 0.04563916 -1.269573 0.3383371 0.2920043 0.2055083 17.82204 0.9100113 0 0.0 0.057800774172165725 1.2703930632896678 0.0
-0.006832971 -0.02703204 0.8389777 -9.422646 0.3838807 0.3225324 0.0446115 17.8466 nan 0 0.0 0.027882264600430882 9.459922897276346 1.0
-0.05069068 -0.1520758 -5.335623 -4.53339 0.2844597 0.2660636 -0.4524087 17.4625 0.9217072 1 0.0 0.16030157199635442 7.001463967644837 0.0
0.0806858 0.04584345 -0.4441009 -10.01822 2.498103 1.995637 -0.09574142 20.7293 0.8213062 0 0.0 0.09279989347807734 10.028058514876188 0.0
0.09568825 -0.06992809 4.207264 -3.831944 1.283378 1.067286 -0.1056677 20.11885 1.77606 1 3.155055e-06 0.11851657672710007 5.690770175014275 0.0
0.1061035 0.08871544 -0.1203048 -2.396292 0.2893549 0.254164 0.1857788 18.0752 1.106163 1 0.0 0.1383053939896908 2.3993100246043735 0.0
0.02102895 0.01620044 0.8152422 -9.4039 0.2602349 0.2289179 -0.9094735 14.7973 1.141257 1 0.9811888 0.026545639835877002 9.43917131186106 1.0
0.03189294 0.0321716 -0.06534267 -9.954579 0.8131866 0.6995466 -0.5485138 18.58833 0.7372169 0 0.0 0.045300899200828235 9.954793455002656 0.0
0.002956081 -0.03321153 1.211748 -7.602558 1.237083 1.106038 -0.1583494 19.27915 nan 0 0.0 0.03334282741189567 7.698520725364582 0.0
-0.0745411 -0.1166586 -1.314922 -2.962438 1.5461 1.469307 0.2953484 19.98237 1.648134 0 0.0 0.13843989505619397 3.2411508403540865 0.0
0.01831448 -0.05784575 1.398999 -3.56776 0.7650671 0.6892327 -0.5363521 18.89843 1.550621 0 0.0 0.06067578570346576 3.8322460280625252 0.0
0.1300797 -0.07037823 -4.835304 -6.296074 1.341658 1.098731 -0.0672482 20.06995 0.7930946 0 0.0 0.14789801760004392 7.938558596237229 0.0
-0.004715834 -0.03362744 0.7235449 -7.910663 0.4507024 0.4027637 -0.3858892 17.75257 0.90065 0 0.0 0.033956498807579616 7.943683422813689 0.0
0.001787614 -0.03449703 0.2413101 -9.118378 0.4816311 0.4210448 -0.2348787 18.50207 0.7722874 0 0.0 0.034543315455148424 9.121570474169785 1.0
0.01306426 0.01812913 -0.05912246 -8.77655 0.4137851 0.3494253 -0.03940865 17.2641 0.8857193 0 0.0 0.022345922310446263 8.776749134376375 1.0
-0.019616 -0.0418931 -6.74917 -5.806824 0.9075913 0.8241697 -0.1551506 18.42199 0.7157402 0 0.0 0.046258180720927626 8.903398264476097 1.0
-0.01190735 -0.01037405 -1.007961 -5.657896 0.2170704 0.1949644 -0.1146928 15.58493 1.139295 0 0.0 0.015792589953044434 5.746979426127868 0.0
0.0471313 -0.0670511 -2.706342 -5.670391 1.820675 1.562433 0.5761537 20.01091 0.6268959 0 0.0 0.08195858375362522 6.283121924158801 0.0
0.103408 -0.03955683 -0.9957501 -7.96857 0.8246219 0.677784 0.06490532 19.39094 0.7976551 1 0.3703031 0.11071565952316276 8.03054332573768 1.0
-0.1335782 -0.1101161 2.746971 -4.613669 0.738956 0.6708233 0.2371775 19.27027 0.9861641 1 0.0 0.1731146758494207 5.36952431006714 0.0
0.09376552 -0.07369778 3.052184 -7.025412 1.207038 1.048756 -0.3763376 19.77294 0.9550076 0 0.0 0.11926162634225143 7.659780737044632 0.0
