jas1101finalproject/data/gcs/NGC_6139.ecsv
# %ECSV 0.9
# ---
# datatype:
# - {name: x, unit: deg, datatype: float64}
# - {name: y, unit: deg, datatype: float64}
# - {name: pmx, unit: mas / yr, datatype: float64}
# - {name: pmy, unit: mas / yr, datatype: float64}
# - {name: pmx_e, unit: mas / yr, datatype: float64}
# - {name: pmy_e, unit: mas / yr, datatype: float64}
# - {name: pm_corr, datatype: float64}
# - {name: g_mag, unit: mag, datatype: float64}
# - {name: bp_rp, unit: mag, datatype: float64}
# - {name: filter, datatype: int64}
# - {name: memberprob, datatype: float64}
# - {name: r, unit: deg, datatype: float64}
# - {name: pm, unit: mas / yr, datatype: float64}
# - {name: member_prob_GMM, datatype: float64}
# meta: !!omap
# - comments: [deg deg mas/yr mas/yr mas/yr mas/yr dimless mag   mag   zeroone float]
# - __serialized_columns__:
#     bp_rp:
#       __class__: astropy.units.quantity.Quantity
#       unit: &id001 !astropy.units.Unit {unit: mag}
#       value: !astropy.table.SerializedColumn {name: bp_rp}
#     g_mag:
#       __class__: astropy.units.quantity.Quantity
#       unit: *id001
#       value: !astropy.table.SerializedColumn {name: g_mag}
#     pm:
#       __class__: astropy.units.quantity.Quantity
#       unit: !astropy.units.Unit {unit: mas / yr}
#       value: !astropy.table.SerializedColumn {name: pm}
#     pmx:
#       __class__: astropy.units.quantity.Quantity
#       unit: !astropy.units.Unit {unit: mas / yr}
#       value: !astropy.table.SerializedColumn {name: pmx}
#     pmx_e:
#       __class__: astropy.units.quantity.Quantity
#       unit: !astropy.units.Unit {unit: mas / yr}
#       value: !astropy.table.SerializedColumn {name: pmx_e}
#     pmy:
#       __class__: astropy.units.quantity.Quantity
#       unit: !astropy.units.Unit {unit: mas / yr}
#       value: !astropy.table.SerializedColumn {name: pmy}
#     pmy_e:
#       __class__: astropy.units.quantity.Quantity
#       unit: !astropy.units.Unit {unit: mas / yr}
#       value: !astropy.table.SerializedColumn {name: pmy_e}
#     r:
#       __class__: astropy.units.quantity.Quantity
#       unit: &id002 !astropy.units.Unit {unit: deg}
#       value: !astropy.table.SerializedColumn {name: r}
#     x:
#       __class__: astropy.units.quantity.Quantity
#       unit: *id002
#       value: !astropy.table.SerializedColumn {name: x}
#     y:
#       __class__: astropy.units.quantity.Quantity
#       unit: *id002
#       value: !astropy.table.SerializedColumn {name: y}
# schema: astropy-2.0
x y pmx pmy pmx_e pmy_e pm_corr g_mag bp_rp filter memberprob r pm member_prob_GMM
[from data line 4056]
0.007817647 -0.01167679 -6.791766 -2.202046 0.6019693 0.3712649 0.4404076 18.13317 1.724422 0 0.0 0.014052153903253017 7.139824366528353 0.0
-0.05527132 0.06059832 -4.75501 -3.062568 3.998483 2.169494 0.287565 20.46457 nan 0 0.0 0.08201874908436972 5.655921043890553 0.0
-0.01729491 -0.03444076 -0.3542623 -3.264138 0.6078444 0.4422188 0.1599079 18.38646 1.652031 0 0.0 0.038539328760186 3.283306056438432 0.0
0.02031925 -0.04636249 -3.373375 -2.061975 1.123672 0.7191536 0.2466026 19.5438 1.487017 0 0.0 0.050619683914092155 3.953656509011626 0.0
-0.0282672 0.01787811 -2.007311 0.6317424 1.534676 0.9493683 0.3084369 19.64157 1.738449 0 0.0 0.03344639611396271 2.104375420565152 0.0
-0.08290423 0.04313833 -3.986129 1.525643 2.84962 2.112508 -0.2755096 20.42459 1.784817 0 0.0 0.09345601568161249 4.268115622624345 0.0
0.07524219 0.006434181 -3.358805 -3.787474 0.3454051 0.2540163 0.1833958 18.13224 1.769112 1 0.0 0.07551679178260197 5.062265335667521 0.0
-0.04740079 -0.006034958 -5.786034 -3.560768 0.4978356 0.3408294 0.3054314 18.33274 1.963285 0 0.0 0.04778342401592694 6.793913319948967 0.0
0.0936947 -0.02412822 -3.225881 -6.007091 0.4875324 0.3566875 0.2212746 18.73179 1.723999 1 0.0 0.09675157780862491 6.818463940539834 0.0
0.001270915 -0.004169048 -5.881837 -4.319267 0.4781708 0.3447493 0.238349 15.8195 1.797228 0 0.0 0.004358461444538543 7.297401860378664 0.0
-0.03718438 0.04473329 -1.563949 -6.019465 3.009788 2.391029 -0.02694975 20.47788 2.01992 0 0.0 0.058169969487773504 6.219316309758333 0.0
-0.009587536 -0.023823 -5.379673 -1.170497 1.426455 0.887911 0.2714043 19.60521 1.586063 0 0.0 0.025679878807176953 5.505537649852011 0.0
0.08904282 0.03682904 -5.715213 -4.622477 1.42626 0.9245184 0.3015797 19.73409 2.021568 0 0.0 0.0963587151267284 7.350575028587763 0.0
0.007877147 -0.01085282 -6.533758 -2.727928 1.749649 0.9446668 0.6725116 19.2732 nan 0 0.0 0.013410188172132744 7.080366147011607 0.0
-0.1167525 0.01819993 -5.051438 -5.279029 0.3496956 0.2538868 0.05986097 17.96307 1.673374 1 0.0 0.11816253089814427 7.306515794185694 0.0
-0.008901445 -0.0003701553 0.1637032 3.806826 1.12227 1.115621 0.1024046 18.7165 nan 0 0.0 0.008909137895113257 3.810344201245636 0.0
0.08078988 -0.1001813 -1.468305 -3.973843 2.46936 1.566642 0.4798684 20.25741 1.225517 0 0.0 0.12869847543815116 4.236431016985169 0.0
-0.05130389 -0.09694569 -5.996394 -3.26554 1.545483 0.8341904 0.1121857 19.60668 1.901449 0 0.0 0.10968389097177489 6.827920070917351 0.0
-0.08432102 0.004482318 -5.214977 -3.037377 1.123377 0.6666275 0.2569181 19.15232 1.877331 0 0.0 0.08444007098820751 6.035034726549467 0.0
-0.1306768 0.007891284 -2.790315 -1.327827 0.8236645 0.5143805 0.2425592 19.04691 1.883337 1 0.0002340061 0.1309148517984444 3.0901427703512345 0.0
0.09643275 -0.02866756 -4.958331 -7.24437 1.437077 0.9166962 0.4864546 19.91087 1.424503 0 0.0 0.10060369908167442 8.77872103455059 0.0
0.08336179 -0.0422924 -8.07741 -2.229445 1.156372 0.7760745 0.2644366 19.81552 1.886518 1 0.4242254 0.0934763880868538 8.379437768497658 0.0
-0.01030364 -0.000881514 -5.899477 -3.862185 0.9386642 0.6395375 0.2215762 18.7921 nan 0 0.0 0.010341279620133864 7.051262429363553 0.0
0.07049942 -0.101967 0.1318581 -1.039535 2.237774 1.452955 0.4147496 20.18057 1.35803 1 0.007515351 0.12396546821327462 1.04786429214885 0.0
-0.09815123 -0.01515824 2.314623 -0.4931535 0.9574784 0.5511001 0.1674604 19.0561 1.882111 1 0.0 0.09931483368767478 2.3665755865155145 0.0
-0.01138961 -0.1204914 -4.756034 0.04531801 2.453304 1.794086 0.04592325 20.15767 1.598818 0 0.0 0.12102851188836497 4.756249902095806 0.0
-0.06113132 0.05632107 -12.86365 -0.5594421 1.443834 0.8917822 0.402681 19.72825 nan 0 0.0 0.08312100342805842 12.875809364298323 0.0
0.02895608 -0.03904889 -6.340455 -2.423148 1.572899 0.8465784 0.6000721 19.58865 1.702681 0 0.0 0.04861347939819264 6.7877106477021405 0.0
0.02368612 -0.02846116 -4.621478 -2.141625 0.9786678 0.6031992 0.5750086 18.96538 1.647358 0 0.0 0.037027961180707746 5.093585823867994 0.0
-0.009355753 0.02038555 -3.308129 -7.575781 3.476786 2.098974 0.6559345 20.39573 1.363434 0 0.0 0.022429907779558722 8.266569738446655 0.0
-0.06723311 -0.1063088 -1.664755 -3.899674 1.441087 0.7833521 0.1031532 19.43413 1.48225 0 0.0 0.12578494360499629 4.240149350707001 0.0
-0.02699072 0.06848819 -6.174322 -2.748595 0.09933741 0.074771 0.06028354 14.45452 2.422188 1 0.9887655 0.07361474808484031 6.758478130001532 0.0
-0.05674447 0.1033561 -3.29941 -4.772402 0.9402816 0.555021 0.2553443 19.09721 2.003126 0 0.0 0.11790851658294621 5.801889967734996 0.0
0.02373116 -0.1068798 -2.273181 -3.422377 0.7729832 0.4965908 0.783805 17.62721 nan 0 0.0 0.109482690883014 4.108529686991442 0.0
-0.07231408 0.07120698 -5.658694 1.399981 0.3579969 0.2518206 0.1093303 18.03996 1.843945 1 0.0 0.10148773407149655 5.829302238346971 0.0
0.08809048 -0.06958082 -0.6665294 0.06416031 0.5114893 0.3704506 0.1612341 18.79258 1.533621 0 0.0 0.11225606076512216 0.669610324325765 0.0
-0.08572854 -0.07001662 -2.398909 2.506006 0.5479463 0.3825155 0.1796212 18.28807 2.113733 1 0.0 0.1106874412332131 3.4691253166060463 0.0
0.07684893 -0.09025487 0.8459433 -2.838956 0.9917517 0.6768296 0.1172338 19.42282 1.293966 1 0.0 0.11853986502802252 2.9623118061323135 0.0
-0.03844444 -4.810761e-05 -6.555403 -3.095355 0.8610255 0.5804316 0.4165628 19.03284 2.147963 0 0.0 0.03844447009981722 7.2494503976807785 0.0
0.1278454 0.01357652 -1.282301 -0.6706129 0.8409428 0.5071345 0.49469 19.01448 1.686901 1 0.0 0.12856425707198094 1.447072049432028 0.0
-0.09039099 -0.02592448 -6.618209 -3.415698 3.121674 2.792091 -0.5238945 20.48954 1.248779 0 0.0 0.09403515160008251 7.447662935101521 0.0
0.05116506 -0.1068562 4.045319 0.3829095 0.932843 0.655205 0.2917931 18.98572 2.308775 0 0.0 0.11847409355316292 4.063400730539784 0.0
-0.01914267 -0.009687665 -5.649571 -3.265631 0.3124383 0.2288933 0.03887663 15.4035 2.219217 0 0.0 0.021454432359797476 6.52548835813857 0.0
0.07060739 -0.1007922 1.013699 -2.133047 1.877696 1.351522 0.3488784 20.2046 1.353722 1 0.0004376439 0.12306287459446127 2.3616678781763536 0.0
-9.567661e-05 0.02698941 -0.390479 -1.731092 1.679718 0.9012292 0.605102 19.68285 1.260511 0 0.0 0.026989579584754578 1.7745854056384551 0.0
-0.07450175 0.04736286 -6.169395 -2.426653 1.193948 0.7399696 0.3313447 19.45343 1.80949 0 0.0 0.08828222505375644 6.629485609640766 0.0
0.006630226 -0.00354755 -12.38755 -4.496007 1.385629 1.490082 0.7960265 18.16174 nan 0 0.0 0.007519641468419622 13.178219680463252 0.0
0.06767631 -0.100755 -14.78195 -5.847511 3.125921 1.655675 0.3908815 20.49299 1.342606 0 0.0 0.12137402094441833 15.896522597650751 0.0
0.09353106 0.04120637 -3.617034 -4.386658 1.457123 0.912456 0.3879132 19.82397 1.919334 0 0.0 0.10220579295372889 5.6855697485933625 0.0
-0.001732707 -0.118278 -1.788244 -6.128907 2.899286 2.176531 0.03360634 20.42755 1.54458 0 0.0 0.11829069091668984 6.384459070131548 0.0
-0.07025896 0.04993066 -6.950427 -1.150853 1.73938 1.08279 0.3232495 19.94015 1.933617 0 0.0 0.08619392245580428 7.045061966366087 0.0
0.005394421 -0.002979056 -7.127176 -3.475296 0.4186817 0.2927638 0.2275499 17.57338 nan 0 0.0 0.006162349598682065 7.9293328863525465 0.0
-0.05021544 -0.00823797 -6.22046 -3.043637 1.555837 0.9951711 0.5073062 19.68023 1.620609 1 0.7565569 0.05088668356372323 6.92516056126997 0.0
-0.04161056 -0.01173812 -3.326803 1.467175 0.4914434 0.41827 -0.3774893 18.0078 2.100124 1 0.0 0.04323450201688461 3.6359621397140534 0.0
0.0822357 -0.08139555 -5.209923 -4.514354 1.497827 0.9671038 0.2391965 19.72351 1.147827 0 0.0 0.11570629159338094 6.893670263600153 0.0
0.01033976 0.01019636 -6.049783 -2.732625 0.49374 0.3557881 0.2256263 18.21408 1.829933 0 0.0 0.014521583732747608 6.638306541409036 0.0
-0.03478559 0.002692729 -5.081798 -2.839555 0.3896521 0.2531488 0.362388 17.73357 1.330259 0 0.0 0.034889655502964495 5.821318021791027 0.0
-0.001747026 -0.01846654 -10.23712 -7.102272 1.679814 1.053091 0.2563822 19.6424 1.755619 0 0.0 0.018548994566182718 12.459570356010836 0.0
-0.0629499 0.05509878 -5.75408 -3.175587 2.631793 1.645453 0.6382501 20.21906 1.495638 1 0.2925793 0.08365742924270624 6.572198219847679 0.0
-0.01573355 0.04884588 -6.02647 -4.043589 2.696041 1.896484 -0.03377311 20.37903 1.352907 0 0.0 0.05131729327017258 7.25733784950246 0.0
-0.01644312 -0.07095483 -0.9942555 -6.30546 1.347223 0.8601645 0.2902575 19.73314 1.615036 0 0.0 0.07283518446234141 6.3833666517661545 0.0
-0.04340058 -0.07679884 6.915532 -5.126138 3.223517 2.448673 -0.02713567 20.53202 2.116508 0 0.0 0.0882137867324717 8.608244515467018 0.0
-0.01780803 -0.02501477 -7.297722 -2.934124 2.409775 1.9861 -0.3695992 20.04605 1.655907 0 0.0 0.030706101195589777 7.865483458545953 0.0
-0.1292753 0.008424088 -6.807866 -5.501443 0.8267213 0.5161987 0.1813272 19.07647 1.815102 1 5.478972e-06 0.12954948262622182 8.752880357699686 0.0
0.06966583 -0.02026303 -1.95598 -7.36342 2.618013 2.073556 -0.3452746 20.4786 1.632683 0 0.0 0.07255286523887117 7.6187802079335505 0.0
-0.03085108 -0.08130126 -3.000012 -1.455903 1.847226 1.291907 0.5510739 20.05319 -0.1572609 0 0.0 0.0869579439427704 3.3346252481430354 0.0
0.08320201 0.02419419 -4.520331 -1.442252 0.2742465 0.1926046 0.2874815 17.56026 1.602968 1 0.0 0.08664833118875517 4.744837529469792 0.0
-0.05436961 0.01676814 -5.874445 -5.274102 0.3315496 0.2411471 0.1887778 17.63912 2.05217 1 0.0 0.056896616864376914 7.89463463147149 0.0
-0.07045525 -0.07590499 -4.850375 -0.3207824 0.4213703 0.3052208 0.1402634 18.17403 1.77787 1 0.0 0.10356403699867343 4.860970992381538 0.0
0.07722013 -0.02173949 -7.363968 -3.063477 0.8289263 0.5044721 0.3352381 19.14917 1.989834 1 0.7229922 0.08022190413270555 7.975770560551061 0.0
0.07874794 -0.07954147 -0.2089481 -2.126406 0.373588 0.2861405 0.01369479 18.09599 1.52083 0 0.0 0.11192892166015225 2.136647323572519 0.0
0.04271522 -0.06967258 0.4349399 1.376561 0.5169107 0.3911178 0.09460834 18.53695 1.897137 1 0.0 0.08172428294885677 1.4436387717614854 0.0
-0.02663054 0.05959627 -6.979084 -5.100506 0.2349926 0.1755247 0.2477504 17.18115 1.651541 1 0.0 0.06527557781134151 8.644233623352159 0.0
0.07672381 -0.0742559 -5.255578 -1.348655 1.00434 0.6429649 0.2009663 19.16081 1.785465 0 0.0 0.10677303829022615 5.425861260952863 0.0
-0.05640001 0.05904485 -5.769986 -5.422156 0.2761867 0.1969192 0.1008467 17.44042 2.277576 1 0.0 0.08165326349584934 7.917860451443433 0.0
0.08153541 -0.08136041 -4.070033 6.59017 1.191322 0.745605 0.2094752 19.27206 1.255934 0 0.0 0.115184805418233 7.7456768103238725 0.0
0.008537413 -0.05346687 -2.906502 0.8056092 1.127053 0.7248087 0.2678481 19.54016 1.57728 0 0.0 0.05414419274797131 3.016083563021529 0.0
0.1133817 0.02205823 -7.646942 -3.975641 1.325681 0.8403861 0.4298113 19.80876 1.67696 0 0.0 0.11550746904691013 8.618668302716204 0.0
-0.05599281 -0.03518168 1.518213 -1.836211 0.164715 0.1266991 0.1194254 16.08963 2.283078 1 0.0 0.06612824948022214 2.3825703661990763 0.0
0.07849798 -0.08015536 3.186337 -1.713614 0.8087676 0.4286186 0.1441496 18.41759 1.472504 0 0.0 0.11219097379383958 3.617902212410529 0.0
-0.03536643 -0.0002982809 1.652975 3.676489 2.026323 1.336698 0.407435 20.00613 1.570267 0 0.0 0.035367687829998225 4.030992150543834 0.0
-0.06748142 -0.1072246 -5.685497 -5.927094 1.343783 0.7375712 0.1337569 19.31833 1.825649 0 0.0 0.1266919764246197 8.213118739056743 0.0
0.0333639 -0.03610969 -4.065256 -1.212746 1.717995 0.9240651 0.5812327 19.52264 1.555979 0 0.0 0.04916359969638208 4.2422940970720076 0.0
-0.03934498 0.05976204 0.662759 2.713307 0.3198302 0.2319391 0.2522577 17.8729 1.838591 1 0.0 0.07155088312635981 2.793077938105201 0.0
0.03152929 -0.02160538 -9.493634 -3.706759 2.291689 1.548335 0.03930745 20.33529 1.497519 0 0.0 0.03822157208761173 10.191621500528608 0.0
0.07677351 -0.02827359 -3.448326 -5.884528 0.9407668 0.5690057 0.3140547 19.20977 1.773445 0 0.0 0.08181422693644548 6.820456142008392 0.0
0.06656771 -0.08077642 -7.55542 -9.34878 2.21858 1.438391 0.2152213 20.34054 1.632265 0 0.0 0.10467134298680084 12.02015219807137 0.0
-0.1280021 0.01417133 -5.681486 -13.83551 1.225887 0.6438189 0.008223758 19.3946 2.039675 1 0.0 0.1287841768167926 14.956624623500316 0.0
-0.07819951 0.0468668 -5.506587 -5.91761 3.529969 2.487228 -0.2570015 20.52923 1.65966 0 0.0 0.09116830757714053 8.083353790393502 0.0
-0.08598042 0.0106487 2.469486 -2.690618 0.8671858 0.5511962 0.3928039 19.07063 1.55792 1 0.0 0.08663733280212636 3.652093416948696 0.0
-0.0125215 -0.02575751 1.5183 1.225236 2.662832 1.623676 0.4054049 19.8864 1.444262 0 0.0 0.028639784979117774 1.9510095196323365 0.0
0.0747052 -0.07471915 1.319275 -3.940311 1.574158 0.969431 0.1582251 19.89164 nan 0 0.0 0.10565897161984163 4.155302311787435 0.0
-0.03126683 -0.08063005 -1.262093 -6.397732 1.411531 0.9258555 0.261296 19.78334 1.623383 0 0.0 0.08648016894786573 6.521031627317337 0.0
-0.05014002 -0.03092393 -5.005621 -8.616798 1.560412 0.9929256 0.5188824 19.77211 1.164389 0 0.0 0.058909346051753964 9.965211958029041 0.0
0.07431493 -0.0733073 -12.0743 -17.27961 1.006171 0.6389583 0.1672555 19.36271 2.248234 1 0.0 0.10438711153296129 21.08017177923605 0.0
-0.1317663 0.01218845 2.429129 -1.513613 0.7026248 0.4981269 0.04761073 18.89401 1.837656 1 0.0 0.1323288182108965 2.8621132074762525 0.0
0.07264882 -0.08889242 -7.423408 -1.953527 1.48645 0.9920148 0.1697619 19.91452 1.672848 0 0.0 0.1148029328059558 7.676148387973815 0.0
-0.05610395 0.07578778 -4.455096 -1.016425 0.5896548 0.4030554 0.2967386 18.81347 1.769171 1 0.001743397 0.09429443675493746 4.569573300631143 0.0
0.0753013 -0.07232796 -3.009056 -5.310806 1.127672 0.7246173 0.2416427 19.63276 1.540359 1 7.783147e-06 0.10441082117985472 6.104021492489357 0.0
0.06144583 -0.01886691 -6.959239 -2.259734 1.393108 0.8430949 0.3544917 19.59042 1.700439 0 0.0 0.06427713681657732 7.31692593989286 0.0
-0.01022905 -0.02378876 -4.803443 -1.978989 0.862963 0.580999 0.2305361 19.04212 1.803822 0 0.0 0.025894759435841453 5.19513831542241 0.0
-0.1320538 0.0005606955 -1.66405 -2.027613 0.5888388 0.4138208 0.03925697 18.83085 1.751717 1 0.0 0.13205499034070511 2.62302818899626 0.0
-0.0496448 0.05955724 -3.809768 -6.880516 0.2623729 0.1961732 0.1046131 17.20069 2.197433 1 0.0 0.07753496632782915 7.864847909532644 0.0
-0.09493875 0.0437985 -0.2379068 -4.152855 3.281197 2.480175 -0.4288893 20.55207 1.234873 1 0.0376556 0.10455465008220581 4.159663964373954 0.0
0.07221901 -0.06805993 -3.185761 0.9985211 0.2920871 0.2253522 0.001887074 17.74867 1.650372 0 0.0 0.09923577720250394 3.3385801677159423 0.0
-0.1113606 0.02116497 0.3193907 -1.158559 0.8047534 0.6439789 -0.4994156 18.84025 1.849392 1 0.0 0.1133540435426143 1.2017775899589282 0.0
-0.1018281 0.02195363 -5.181061 -9.176217 1.59167 1.009968 0.3771308 19.84166 1.374037 1 0.0 0.10416776766249194 10.537853268897322 0.0
-0.1075324 0.07599573 -1.135488 -1.074478 0.5650582 0.3980938 0.165889 18.64979 1.830561 1 0.0 0.13167599640022815 1.5632773172498857 0.0
0.1246261 0.03503231 -3.752262 -3.037557 1.52476 1.020136 0.3970947 20.02252 1.460203 1 0.03761346 0.12945627657686629 4.827651876936964 0.0
0.09040682 -0.01258068 -4.343622 -5.945932 1.384234 0.9406898 0.3463745 20.07798 1.274637 0 0.0 0.09127796345106962 7.363501845420289 0.0
-0.09238886 0.03978498 -4.927512 -7.2225 1.30993 0.7959008 0.0591462 19.67104 2.408533 0 0.0 0.10059098411736511 8.743276317270546 0.0
-0.08463637 -0.01015887 -3.758133 -2.913847 0.4453455 0.2959524 0.1778305 18.23234 1.670853 1 1.67852e-05 0.08524387231029454 4.755425110870531 0.0
-0.1151684 0.06032826 -0.08162888 -3.365889 0.2920026 0.2140279 0.01281757 17.59296 2.13526 1 0.0 0.13001253521559988 3.3668786782970153 0.0
0.05327955 -0.02462814 -2.076014 -3.133819 0.8918033 0.556647 0.3410648 19.15238 1.786798 1 5.942904e-05 0.058696300803901605 3.759076436168464 0.0
-0.0308343 0.0718283 0.335561 -2.407774 0.8918309 0.6022838 0.4813951 18.92958 1.887518 1 0.0 0.07816686470225091 2.431044388693263 0.0
