jas1101finalproject/data/gcs/NGC_6284.ecsv
# %ECSV 0.9
# ---
# datatype:
# - {name: x, unit: deg, datatype: float64}
# - {name: y, unit: deg, datatype: float64}
# - {name: pmx, unit: mas / yr, datatype: float64}
# - {name: pmy, unit: mas / yr, datatype: float64}
# - {name: pmx_e, unit: mas / yr, datatype: float64}
# - {name: pmy_e, unit: mas / yr, datatype: float64}
# - {name: pm_corr, datatype: float64}
# - {name: g_mag, unit: mag, datatype: float64}
# - {name: bp_rp, unit: mag, datatype: float64}
# - {name: filter, datatype: int64}
# - {name: memberprob, datatype: float64}
# - {name: r, unit: deg, datatype: float64}
# - {name: pm, unit: mas / yr, datatype: float64}
# - {name: member_prob_GMM, datatype: float64}
# meta: !!omap
# - comments: [deg deg mas/yr mas/yr mas/yr mas/yr dimless mag   mag   zeroone float]
# - __serialized_columns__:
#     bp_rp:
#       __class__: astropy.units.quantity.Quantity
#       unit: &id001 !astropy.units.Unit {unit: mag}
#       value: !astropy.table.SerializedColumn {name: bp_rp}
#     g_mag:
#       __class__: astropy.units.quantity.Quantity
#       unit: *id001
#       value: !astropy.table.SerializedColumn {name: g_mag}
#     pm:
#       __class__: astropy.units.quantity.Quantity
#       unit: !astropy.units.Unit {unit: mas / yr}
#       value: !astropy.table.SerializedColumn {name: pm}
#     pmx:
#       __class__: astropy.units.quantity.Quantity
#       unit: !astropy.units.Unit {unit: mas / yr}
#       value: !astropy.table.SerializedColumn {name: pmx}
#     pmx_e:
#       __class__: astropy.units.quantity.Quantity
#       unit: !astropy.units.Unit {unit: mas / yr}
#       value: !astropy.table.SerializedColumn {name: pmx_e}
#     pmy:
#       __class__: astropy.units.quantity.Quantity
#       unit: !astropy.units.Unit {unit: mas / yr}
#       value: !astropy.table.SerializedColumn {name: pmy}
#     pmy_e:
#       __class__: astropy.units.quantity.Quantity
#       unit: !astropy.units.Unit {unit: mas / yr}
#       value: !astropy.table.SerializedColumn {name: pmy_e}
#     r:
#       __class__: astropy.units.quantity.Quantity
#       unit: &id002 !astropy.units.Unit {unit: deg}
#       value: !astropy.table.SerializedColumn {name: r}
#     x:
#       __class__: astropy.units.quantity.Quantity
#       unit: *id002
#       value: !astropy.table.SerializedColumn {name: x}
#     y:
#       __class__: astropy.units.quantity.Quantity
#       unit: *id002
#       value: !astropy.table.SerializedColumn {name: y}
# schema: astropy-2.0
x y pmx pmy pmx_e pmy_e pm_corr g_mag bp_rp filter memberprob r pm member_prob_GMM
[from data line 4981]
-0.06158135 -0.02063937 -0.4408558 -0.1811488 0.6767093 0.441506 0.5258586 18.54287 nan 0 0.0 0.06494802738974756 0.47662220272987704 0.0
-0.02918584 -0.04826691 -2.611605 -5.631741 1.59429 1.012182 0.446137 20.12408 0.06410027 0 0.0 0.056404856683212136 6.207816634462232 0.0
-0.04917561 -0.003444809 1.8039 -4.719739 1.998514 1.138445 0.4800058 20.32705 1.522432 0 0.0 0.04929611879163086 5.052721191409733 0.0
-0.06284709 0.01680126 -4.910179 -1.468239 0.5693119 0.3784916 0.3893197 18.79594 0.9717598 0 0.0 0.06505412407415613 5.124995958355675 0.0
-0.04584972 -0.005173502 -7.435836 -4.501272 0.5424614 0.3508627 0.4103312 18.69564 1.257551 0 0.0 0.04614067562381812 8.692129004845706 0.0
-0.05129351 -0.0416594 -1.103525 -4.4952 1.080689 0.7315641 0.4990045 19.79433 0.9401855 0 0.0 0.06607972288440758 4.62867048574696 0.0
-0.037117 -0.01871848 -2.713157 -3.167673 3.35875 2.334999 -0.6350747 20.43663 1.291832 0 0.0 0.0415698590629124 4.170776083845547 0.0
-0.03154871 -0.01547064 -3.924406 -4.433468 0.5076491 0.3349715 0.4309143 18.71642 1.059278 1 0.0 0.03513775469027155 5.920861504870723 0.0
-0.03473483 -0.01646903 -1.82557 -11.74016 2.877273 2.003621 -0.6424403 20.20043 nan 0 0.0 0.03844134966764044 11.881248362461749 0.0
-0.03193404 -0.02548813 -3.995346 -2.367736 2.296484 1.395488 0.4593906 20.45457 0.9176884 0 0.0 0.0408586304422762 4.644239811359013 0.0
-0.04033727 0.0005332907 -2.435869 -5.951635 0.2574478 0.158685 0.3292082 17.75471 1.0949 1 0.0 0.04034079510896639 6.43081775191818 0.0
-0.02689156 -0.02585887 1.868323 -2.085646 0.7573405 0.4973675 0.5114353 19.2274 1.232094 1 0.0 0.037307333822058364 2.8000982249994375 0.0
-0.06137203 0.004320302 -5.128498 -0.4670062 0.6470476 0.4138276 0.4550302 19.09905 1.117048 0 0.0 0.061523906537963795 5.149717130759944 0.0
-0.01799778 -0.02817087 -0.8650243 -5.236375 0.3584636 0.227433 0.2751848 18.08766 0.92626 0 0.0 0.03342929854910659 5.307343043389554 0.0
-0.06233322 -0.01308092 -6.81702 -1.844847 2.069604 1.268789 -0.05286051 20.47793 0.6466141 1 0.1319828 0.06369097882443635 7.062239172798455 0.0
-0.04546244 -0.003357564 -6.221455 -7.397574 1.417268 0.9309519 0.482351 19.93707 1.204065 0 0.0 0.045586255458939545 9.665950724191646 0.0
-0.02977154 -0.03164261 -10.08533 -5.962558 4.072644 1.964722 0.5984659 20.70802 1.371082 0 0.0 0.04344651150073731 11.716056465904558 0.0
-0.01691952 -0.0118133 -1.459659 -4.550732 2.62789 1.983344 0.3536545 19.34174 nan 0 0.0 0.020635508569463463 4.779096790409774 0.0
-0.03788831 -0.03340148 -1.447325 -9.121521 0.576084 0.3970334 0.4597762 18.88149 1.124615 1 0.0 0.05050923579749054 9.235631814286773 0.0
-0.02398376 -0.01927792 -1.388565 -8.132501 1.444524 0.9871981 0.3819391 19.93361 nan 0 0.0 0.030771073157496474 8.250193044664227 0.0
-0.01400862 -0.02504994 0.006901105 -0.1414466 0.8120513 0.5295893 0.491759 19.33738 1.056446 0 0.0 0.028700887239038447 0.14161485056935597 0.0
-0.04641961 -0.03730109 -3.241072 -5.065119 1.858524 1.227625 0.07410157 20.37128 nan 0 0.0 0.05954957185186305 6.013316738152498 0.0
-0.0302686 -0.03825359 2.690726 -3.821432 0.6145185 0.4024801 0.4702158 18.96657 1.030674 0 0.0 0.048780378164258835 4.673686867741569 0.0
-0.04662126 -0.0167266 1.280116 -3.722728 1.478259 0.9971833 0.1438164 20.06709 1.061228 1 0.00382886 0.04953101080684302 3.93667381623624 0.0
-0.05513046 -0.009945647 -5.407536 -0.3339607 0.4860871 0.3167613 0.4142626 18.70414 1.183548 0 0.0 0.056020384808212524 5.4178386225911614 0.0
