jas1101finalproject/data/gcs/NGC_6638.ecsv
# %ECSV 0.9
# ---
# datatype:
# - {name: x, unit: deg, datatype: float64}
# - {name: y, unit: deg, datatype: float64}
# - {name: pmx, unit: mas / yr, datatype: float64}
# - {name: pmy, unit: mas / yr, datatype: float64}
# - {name: pmx_e, unit: mas / yr, datatype: float64}
# - {name: pmy_e, unit: mas / yr, datatype: float64}
# - {name: pm_corr, datatype: float64}
# - {name: g_mag, unit: mag, datatype: float64}
# - {name: bp_rp, unit: mag, datatype: float64}
# - {name: filter, datatype: int64}
# - {name: memberprob, datatype: float64}
# - {name: r, unit: deg, datatype: float64}
# - {name: pm, unit: mas / yr, datatype: float64}
# - {name: member_prob_GMM, datatype: float64}
# meta: !!omap
# - comments: [deg deg mas/yr mas/yr mas/yr mas/yr dimless mag   mag   zeroone float]
# - __serialized_columns__:
#     bp_rp:
#       __class__: astropy.units.quantity.Quantity
#       unit: &id001 !astropy.units.Unit {unit: mag}
#       value: !astropy.table.SerializedColumn {name: bp_rp}
#     g_mag:
#       __class__: astropy.units.quantity.Quantity
#       unit: *id001
#       value: !astropy.table.SerializedColumn {name: g_mag}
#     pm:
#       __class__: astropy.units.quantity.Quantity
#       unit: !astropy.units.Unit {unit: mas / yr}
#       value: !astropy.table.SerializedColumn {name: pm}
#     pmx:
#       __class__: astropy.units.quantity.Quantity
#       unit: !astropy.units.Unit {unit: mas / yr}
#       value: !astropy.table.SerializedColumn {name: pmx}
#     pmx_e:
#       __class__: astropy.units.quantity.Quantity
#       unit: !astropy.units.Unit {unit: mas / yr}
#       value: !astropy.table.SerializedColumn {name: pmx_e}
#     pmy:
#       __class__: astropy.units.quantity.Quantity
#       unit: !astropy.units.Unit {unit: mas / yr}
#       value: !astropy.table.SerializedColumn {name: pmy}
#     pmy_e:
#       __class__: astropy.units.quantity.Quantity
#       unit: !astropy.units.Unit {unit: mas / yr}
#       value: !astropy.table.SerializedColumn {name: pmy_e}
#     r:
#       __class__: astropy.units.quantity.Quantity
#       unit: &id002 !astropy.units.Unit {unit: deg}
#       value: !astropy.table.SerializedColumn {name: r}
#     x:
#       __class__: astropy.units.quantity.Quantity
#       unit: *id002
#       value: !astropy.table.SerializedColumn {name: x}
#     y:
#       __class__: astropy.units.quantity.Quantity
#       unit: *id002
#       value: !astropy.table.SerializedColumn {name: y}
# schema: astropy-2.0
x y pmx pmy pmx_e pmy_e pm_corr g_mag bp_rp filter memberprob r pm member_prob_GMM
[from data line 1158]
0.02899906 -0.03224888 -0.6836915 -7.636443 1.474117 1.587876 0.9002822 19.13251 1.271326 0 0.0 0.04336975607653334 7.66698739789112 0.0
0.02711189 0.02513415 -0.2164178 -7.871865 2.350874 2.133805 0.7521587 19.50276 nan 0 0.0 0.03696998885034455 7.8748393788306466 0.0
0.006831833 -0.01704019 -0.9942281 -2.322891 1.754953 1.900931 0.9402511 19.1228 nan 0 0.0 0.018358704131174103 2.526719634765719 0.0
-0.0118435 0.005248699 -2.44423 -4.374599 0.132169 0.1174358 0.4065928 16.44538 1.326073 0 0.0 0.012954432964919807 5.01112529315532 0.0
-0.00611344 -0.001905337 -2.328264 -4.39587 0.2971121 0.2639163 0.4163469 16.85278 1.392231 0 0.0 0.006403472317201739 4.97438300803185 0.0
0.02362783 -0.03893486 -2.040358 -7.156526 0.3017339 0.2755996 0.473614 17.77593 1.597454 0 0.0 0.045543360369306306 7.441701764841158 0.0
-0.01355246 0.01472423 -5.868209 -4.283657 0.3629988 0.325409 0.2735881 16.94788 1.009377 0 0.0 0.020011799547879246 7.265369513061947 0.0
0.009368807 0.02344502 -2.213092 -4.993403 0.144162 0.1274398 0.3794152 16.6953 1.74392 0 0.0 0.02524764360101055 5.461854055252026 0.0
0.03321726 -0.01459746 -1.956288 -1.811959 0.06577643 0.059065 0.3309339 13.50989 2.220525 1 0.0 0.03628322202284687 2.6665067329044945 0.0
-0.01253452 0.02786978 -2.142785 -5.502794 0.3399409 0.3174839 0.6125045 17.87735 1.58847 0 0.0 0.030558776626016953 5.905274706790617 0.0
0.006198378 -0.01705732 -2.428764 -3.828074 0.2487354 0.2331377 0.6321667 17.1116 1.545013 0 0.0 0.018148610288759963 4.533546637807094 0.0
-0.007325833 0.004890478 -3.526248 -5.417298 0.2243128 0.1955736 0.2639945 17.04247 1.152718 0 0.0 0.00880821231649039 6.463864368805088 0.0
0.03456851 -0.008730834 -5.020098 -4.859883 2.525272 2.611195 0.9123059 19.94348 nan 0 0.0 0.035654022857956096 6.987120057884579 0.0
-0.03529444 0.03517231 -0.4545493 -4.202641 1.5795 1.364545 0.194251 20.02463 nan 0 0.0 0.04982759160996746 4.227151102221387 0.0
0.02475956 -0.02572098 -1.054939 -2.440178 0.6832822 0.5766872 0.005287938 18.78546 1.558083 0 0.0 0.03570160533581088 2.6584516105065745 0.0
0.02038386 -0.007529775 -3.722846 -5.828607 1.859452 1.77753 0.8633617 19.57716 1.24818 0 0.0 0.021730146342126302 6.916085735455063 0.0
-0.007050589 0.00866323 -2.144978 -4.004246 0.1798019 0.1501242 0.2314995 16.3483 1.379324 0 0.0 0.01116970721549231 4.542567187065041 0.0
0.01024441 -0.04706591 -1.69749 -6.286984 1.637068 1.819079 0.8867746 19.54328 nan 0 0.0 0.048167912767486616 6.512114872785646 0.0
0.03148286 -0.01174741 -4.496518 -19.60045 1.543558 1.781273 0.8394419 19.18758 nan 0 0.0 0.03360315633222124 20.10960751299796 0.0
-0.04179431 0.02725854 -1.308504 -3.700989 0.1712345 0.150841 0.3315567 16.93794 1.537298 1 0.0 0.04989781910372136 3.9254938920009796 0.0
0.0167977 -0.04674621 -9.279946 -3.037948 1.696488 1.828455 0.9032978 19.46727 1.680475 0 0.0 0.049672637081738476 9.764554562990574 0.0
-0.03586768 0.01711527 -0.566191 -6.816351 0.1055903 0.09246444 0.2922677 15.75354 1.737 1 0.0 0.03974195435248875 6.839825524359668 0.0
0.02310947 -0.01386076 -2.744819 -3.971966 0.146354 0.1353987 0.4302916 16.67211 0.9706745 1 0.9548071 0.026947509559484342 4.828099548260889 0.0
0.01853312 -0.04196856 -4.404993 -8.518347 0.2528316 0.2365236 0.4720353 17.16388 1.301256 0 0.0 0.04587849785474673 9.589900882827623 0.0
-0.008568288 0.04505725 -1.217774 -6.204796 0.2882289 0.2690006 0.6080067 17.6975 1.600039 1 0.0 0.04586470687591325 6.32316905646939 0.0
-0.006445134 0.01962098 -3.839182 -10.50566 2.159245 2.247911 0.9149531 19.49603 nan 0 0.0 0.020652423790886047 11.185178159722089 0.0
-0.03730076 0.01876659 -0.3096914 -8.443242 0.1421508 0.1250279 0.3239426 16.36394 nan 0 0.0 0.04175561754789049 8.448919708092744 0.0
-0.01705264 0.0251894 -3.621346 -4.598643 2.449402 2.366356 0.5280258 20.19718 nan 0 0.0 0.03041871797643024 5.8533464183460895 0.0
-0.007822233 0.01352311 -0.6825366 -5.136369 0.2491897 0.2334359 0.6182266 17.40361 nan 0 0.0 0.015622478458246918 5.18151934421754 0.0
0.00454467 -0.0492323 -2.686155 -2.755714 1.500877 1.62384 0.8755821 19.41816 0.9816971 0 0.0 0.04944161595962353 3.8482968094757193 0.0
0.0320842 -0.02894232 -6.783082 -5.780528 0.1576824 0.138037 0.2886623 16.64279 1.747046 1 0.0 0.043209417684370616 8.912053937084762 0.0
0.02330498 0.0001544016 -4.875772 -7.322966 0.5692837 0.5387161 0.6510736 18.69916 nan 0 0.0 0.02330549146991933 8.797669215942369 0.0
-0.007684243 0.009655012 -3.271038 -5.988234 0.539108 0.470876 0.5232323 18.08166 1.445971 0 0.0 0.012339645343493183 6.823388896743318 0.0
0.03330119 -0.009911125 -4.276052 -5.667579 0.564389 0.5203056 0.4579351 18.98707 0.9214287 0 0.0 0.03474477880461646 7.099723405031002 0.0
-0.03094195 0.03888711 -4.068683 -4.480702 0.09807387 0.08516829 0.1645067 16.03338 1.770674 1 0.0 0.049695186828852954 6.05234431995512 0.0
-0.0007422094 0.004217405 -4.443899 -4.108035 0.505426 0.4725448 0.5239878 14.22893 1.819586 0 0.0 0.00428221668385351 6.05179228687056 0.0
-0.0208288 0.03472364 1.853135 -2.905525 1.453435 1.516877 0.9117158 19.28774 1.45859 0 0.0 0.04049160510883213 3.446184100400035 0.0
-0.03392621 -0.02896571 -2.183153 -5.361553 2.817971 2.533682 0.1884402 20.13777 nan 0 0.0 0.044609416951672885 5.78899020496822 0.0
0.001488959 -0.002841699 0.6732361 -7.236665 0.5943833 0.5344644 0.4390491 14.47935 1.519254 0 0.0 0.0032081540035169757 7.2679135361235705 0.0
0.03616253 -0.02036232 2.289335 -2.444042 0.5032173 0.4688391 0.5116795 18.85405 1.371082 0 0.0 0.041501236750045176 3.3487902352922916 0.0
-0.002669765 -0.02684761 0.09131569 -2.438389 0.3692966 0.3293129 0.4288169 17.96794 nan 0 0.0 0.026980026090931142 2.440098250186081 0.0
0.01181534 -0.03228601 -1.562593 2.947961 1.48326 1.595562 0.879609 19.35987 nan 0 0.0 0.03438006255136398 3.3364908123910664 0.0
-0.00371743 0.01108571 -2.561778 -4.00236 0.1866211 0.1740062 0.4353041 17.08282 1.505721 0 0.0 0.011692401464583741 4.75200926881293 0.0
-0.03216285 -0.03224396 0.1252556 -5.025024 1.939519 1.996582 0.7445126 19.53884 nan 0 0.0 0.04554252821928203 5.0265848412125065 0.0
-0.007547126 0.01954462 -2.418839 -4.588356 0.5499131 0.5192198 0.5900674 18.86703 1.553314 0 0.0 0.02095116421119065 5.186886627897028 0.0
-0.02382164 -0.01808377 -2.751746 -9.088831 0.3482364 0.3209825 0.597559 17.92691 1.578026 0 0.0 0.02990808034131412 9.49626005304599 0.0
-0.02380626 0.0432909 1.245231 -3.362557 0.2909831 0.269281 0.556585 17.52406 1.47847 1 0.0 0.04940485844527439 3.585720265387416 0.0
0.02967256 0.01868861 -1.596838 -4.375688 0.513777 0.4850529 0.6767093 18.48192 1.397804 1 0.09354473 0.03506743447538899 4.6579541723366065 0.0
-0.02473031 -0.01905861 2.13343 0.3510779 1.77796 1.435912 0.3005205 19.71455 1.4258 0 0.0 0.031222089100958635 2.1621237838681697 0.0
0.007741781 -0.000322332 -2.406711 -4.116945 0.07469147 0.06502723 0.3166288 13.22493 2.420545 1 0.9931042 0.007748488302255156 4.768804249552082 0.0
0.03126785 0.008745199 -2.677236 -3.233837 0.5444733 0.5086585 0.5494522 18.9344 nan 0 0.0 0.03246778325004805 4.198248961443926 0.0
-0.0321352 -0.03264831 -3.703401 -7.449531 1.552936 1.767955 0.6355802 19.24875 nan 0 0.0 0.04581029605772157 8.319296309590253 0.0
-0.003056028 0.001217109 -2.79826 -4.196371 0.06357974 0.05574472 0.3188261 14.29186 1.717624 0 0.0 0.003289477383212264 5.043787128462204 0.0
-0.0357045 0.02425071 1.506225 -5.364769 0.3773542 0.3414783 0.4542227 18.2833 nan 0 0.0 0.0431614209190812 5.57220424733211 0.0
-0.005122013 0.002578886 -3.066828 -6.09213 0.7085983 0.5636334 0.084227 17.68736 nan 0 0.0 0.0057346028784184344 6.820519182473135 0.0
-0.005039261 -0.0001257313 -3.093094 -4.928134 0.1180112 0.1062901 0.5022581 13.65183 2.016542 0 0.0 0.005040829275617325 5.818396275159676 0.0
0.003305863 -0.04095056 -4.785707 -8.332562 1.35711 1.506121 0.883023 19.31791 1.645283 0 0.0 0.0410837814044468 9.609088456960576 0.0
0.01803887 -0.03271022 -3.253378 -4.113386 1.558591 1.773227 0.9023387 19.27625 1.29224 0 0.0 0.037354508741587 5.2444649675519805 0.0
-0.04681908 -0.01683931 0.3295824 5.669624 0.193565 0.1713556 0.3760861 17.166 1.415457 1 0.0 0.049755287290121235 5.679195441236879 0.0
-0.02976746 -0.03056106 1.066713 -7.946361 1.706961 1.982571 0.7099714 19.361 1.159342 0 0.0 0.04266239635997022 8.017638665261112 0.0
-0.006225122 0.02710161 -3.89996 -3.122632 0.376503 0.3516574 0.5300052 18.18921 1.389717 0 0.0 0.027807362487423794 4.9960503008900945 0.0
0.03580324 -0.02457363 -1.177258 -3.633294 0.219351 0.2072329 0.5623731 17.30528 nan 0 0.0 0.043425053665764185 3.8192619298759807 0.0
0.01732675 -0.005888975 -5.336373 -7.567569 0.1119906 0.1025413 0.4468315 15.72889 1.347729 0 0.0 0.018300171914851646 9.259858387950109 0.0
-0.01641687 0.009921165 -3.260863 -4.726659 0.4427956 0.4101053 0.5268322 18.59101 1.184761 0 0.0 0.019181843903914062 5.742345584084085 0.0
-0.04039825 -0.02768407 -0.8348283 -8.276818 0.4035571 0.3740629 0.5172128 18.18845 1.589994 0 0.0 0.04897373106908846 8.318813286497353 0.0
-0.03026304 -0.03099606 -5.269261 -6.488871 0.4049102 0.3785309 0.7464719 17.81442 1.088631 0 0.0 0.043319826010329264 8.358861067200602 0.0
0.04809099 -0.01205237 -1.589065 0.1370187 0.3441361 0.3265107 0.5855426 18.09692 1.363043 1 0.0 0.04957825069319207 1.594961346984525 0.0
-0.01206282 -0.00524174 -2.476363 -4.191864 0.102217 0.0961214 0.5775939 15.21629 1.613752 0 0.0 0.013152469904166289 4.868685397750095 0.0
0.002398585 0.0296843 -3.724317 -0.7617797 1.457421 1.51465 0.9123779 19.21318 1.184093 0 0.0 0.029781048948823562 3.8014267621277527 0.0
0.0497487 0.000388595 -1.348445 -3.299113 1.729547 1.913759 0.8712994 19.63903 nan 0 0.0 0.04975021766549394 3.5640497337711214 0.0
-0.004268209 0.006023591 -2.305113 -4.562184 0.2727383 0.2247607 0.1671964 16.73528 nan 0 0.0 0.0073824966375178255 5.1114644469686965 0.0
0.003114391 0.008392553 -1.525409 -6.837403 1.004719 0.8979025 0.5195022 18.86789 nan 0 0.0 0.008951780669715383 7.005494443769833 0.0
-0.03689935 -0.03237502 -1.491953 -0.7818919 0.9050638 0.8201433 0.6414524 19.08106 1.265787 0 0.0 0.04908873547386304 1.6844223631543873 0.0
0.002948446 -0.01854302 -2.802779 -4.120694 0.06874836 0.06201207 0.4064575 14.29163 1.985614 1 0.9599825 0.018775966673791153 4.983541829309452 0.0
0.005619968 -0.01789271 -4.312963 -7.268736 0.9425643 0.8415791 0.374137 18.66428 1.553652 0 0.0 0.018754549087224785 8.451992243078847 0.0
0.004518625 -0.009685342 -4.499264 -5.44953 0.09414596 0.08137637 0.4657052 15.18861 1.706287 1 0.0 0.010687554516707224 7.066877228493219 0.0
-0.03375963 -0.03374167 -4.766746 -3.486197 1.683261 1.584911 0.4623725 19.19616 1.068752 0 0.0 0.04773062865839712 5.905542900642159 0.0
0.03087832 -0.006292237 -0.9554711 -6.458736 0.4759299 0.435655 0.43352 18.71294 1.327894 1 0.0 0.031512900413744355 6.529027166479797 0.0
0.04473358 -0.004564725 -4.903371 -5.784237 1.265752 1.327445 0.8914479 19.20726 1.267202 0 0.0 0.044965874771230964 7.58290477559952 0.0
-0.006031305 0.008051027 -2.326646 -4.390127 0.09442919 0.08199969 0.3062766 15.3368 1.607201 0 0.0 0.010059606143271912 4.968550763094305 0.0
-0.04443143 0.006049783 -2.944318 -6.613516 0.295535 0.2641876 0.5824413 17.60431 1.229399 1 0.0 0.04484140771866991 7.239309522832961 0.0
-0.03361375 0.03543219 -1.21497 -3.223021 0.5004666 0.4593535 0.3753474 18.85764 1.541374 0 0.0 0.04883978170772879 3.444418160929506 0.0
-0.02910478 -0.03781836 -6.439745 -7.061318 1.741014 1.58307 0.7903635 19.32183 1.007696 0 0.0 0.04772123816434356 9.556805301048517 0.0
-0.01745614 -0.04197793 -3.926527 -4.747551 0.4647194 0.4115338 0.5498253 18.43219 1.324451 0 0.0 0.04546276972187792 6.1609134695538454 0.0
-0.007051152 0.01824766 -2.843674 -3.431001 0.07990822 0.07066873 0.3439372 15.17832 1.61666 1 2.403238e-06 0.019562613322424587 4.456259606472338 0.0
0.02077772 0.04020346 -2.279583 -0.9532056 0.4173335 0.3722945 0.3403236 18.37574 1.315081 0 0.0 0.045255185828477165 2.470849969091681 0.0
0.009507629 0.03695667 -1.637832 -5.568505 0.6349508 0.5963597 0.5620075 18.81236 1.609653 0 0.0 0.03816006376685632 5.8043726271879725 0.0
0.007051883 -0.021841 -5.551663 -6.423146 0.9150988 0.8877507 0.4376422 18.98383 1.18029 0 0.0 0.02295121641320322 8.489862578563036 0.0
-0.009501268 -0.004474756 -2.63895 -3.870916 0.09562432 0.08457145 0.3779486 15.64285 1.662203 1 0.981765 0.010502263321177964 4.684874361341614 0.0
0.04267566 0.01771004 -2.051903 -5.909141 0.3961786 0.3605217 0.4593483 17.5211 1.246119 0 0.0 0.04620451788772609 6.255258050575531 0.0
0.006859684 -0.01162523 0.3087549 -3.129203 0.1079016 0.09587042 0.4826452 15.71025 1.739932 0 0.0 0.013498193847058058 3.1443983531803044 0.0
0.02192136 -0.03464491 -3.80255 -13.25152 2.202422 2.281094 0.9116602 19.75674 nan 0 0.0 0.04099775375746457 13.786303667513637 0.0
0.0365778 -0.01325566 -1.357197 -2.517287 0.3623165 0.3305617 0.3943142 17.90094 1.343151 0 0.0 0.038905629089832236 2.859845719121575 0.0
0.004409808 0.02727526 -6.66215 -9.192367 1.657118 1.709568 0.917096 19.3142 1.345551 0 0.0 0.02762944470423653 11.352702483778433 0.0
-0.01880691 -0.03230407 -2.694794 -4.137864 0.6295313 0.5907221 0.6549128 18.79502 1.068945 0 0.0 0.03737984486742822 4.937998904914014 0.0
0.009283326 -0.01316271 -2.719376 -3.956108 0.07440999 0.06763873 0.4201039 14.78327 1.830204 1 0.978735 0.016107050511076693 4.800603747138479 0.0
-0.004324789 0.04736155 -9.093516 1.578018 2.096557 1.913144 0.3878548 20.00451 0.8161163 0 0.0 0.0475585977326605 9.229418944363724 0.0
0.003966773 -0.03957729 0.9066923 -3.713496 0.4293371 0.397681 0.4460601 18.53386 1.338594 0 0.0 0.03977558512175062 3.8225833501567092 0.0
0.0242131 -0.004247939 10.66062 6.871418 1.805365 1.917059 0.8703289 19.58125 1.193445 0 0.0 0.024582904575288108 12.683264726210046 0.0
-0.005451856 -0.01303468 -5.677835 -6.156838 0.2813692 0.2927899 0.8807225 16.36893 1.368806 1 0.0 0.01412889296962561 8.37522921748826 0.0
0.02898104 0.007191283 -8.24361 -8.063916 0.6195119 0.5742833 0.4841834 18.75796 1.466587 0 0.0 0.029859926836274885 11.531862255817837 0.0
0.008404014 0.01605603 -2.12761 -2.182012 1.357448 1.256885 0.2494606 19.6919 nan 0 0.0 0.01812245984057065 3.047605729132953 0.0
-0.01090774 0.01434684 -2.759515 -4.224963 0.1422941 0.1252641 0.3405813 16.45002 1.321061 0 0.0 0.018022502875383317 5.046309085519237 0.0
0.003939243 -0.03936557 0.9708862 -5.298526 2.269293 2.476611 0.9081193 19.8219 nan 0 0.0 0.03956217558271978 5.3867427807559585 0.0
-0.007270393 -0.0008525454 -2.268054 -3.979879 0.1651525 0.1450137 0.3891887 16.47046 1.336146 0 0.0 0.0073202081960494925 4.580775676843061 0.0
-0.01068606 -0.0001184715 -2.389806 -4.024055 0.1495951 0.1323133 0.413094 16.67716 0.9867239 0 0.0 0.010686716699712417 4.680191380772905 0.0
0.02087426 -0.03848803 -5.917153 -5.898841 0.2678573 0.2517652 0.541972 17.64328 1.634167 0 0.0 0.04378428009946606 8.355179517442458 0.0
0.00848306 -0.03491215 -4.862346 -4.208232 0.8039509 0.8080588 0.6980942 19.15408 0.8672199 0 0.0 0.035927990823118684 6.4305229328212485 0.0
0.002370212 -0.01190353 -3.704171 -5.134413 0.5694576 0.5018972 0.3860499 16.18682 1.617908 0 0.0 0.01213721266954831 6.3311199366154804 0.0
-0.02827924 -0.03544733 -1.711025 -5.217359 0.5514986 0.5045296 0.5159048 18.81718 0.797142 0 0.0 0.04534565711406661 5.490759645577832 0.0
-0.00110012 -0.01682638 -2.523073 -4.97917 0.133489 0.1155354 0.4489584 15.93189 1.758767 1 4.016211e-06 0.016862304940867365 5.581937947722905 0.0
-0.02569843 0.0004953289 -4.291682 -5.78221 0.7349502 0.7397415 0.7473286 18.88538 1.283363 0 0.0 0.025703203208628983 7.2008670917622135 0.0
-0.002284927 0.01057267 -2.778287 -4.140226 0.142854 0.1261334 0.3581333 16.46177 1.511588 0 0.0 0.0108167574773695 4.986015441757576 0.0
0.0450921 -0.003376581 -2.175535 -9.412431 1.428464 1.501049 0.8874656 19.38112 nan 0 0.0 0.04521834563160799 9.660580203382507 0.0
0.001103494 0.01474024 -2.225763 -3.650059 0.1248537 0.1104932 0.3909815 15.21259 1.605893 0 0.0 0.01478148755253124 4.275155159248609 0.0
