jas1101finalproject/data/gcs/NGC_6293.ecsv
# %ECSV 0.9
# ---
# datatype:
# - {name: x, unit: deg, datatype: float64}
# - {name: y, unit: deg, datatype: float64}
# - {name: pmx, unit: mas / yr, datatype: float64}
# - {name: pmy, unit: mas / yr, datatype: float64}
# - {name: pmx_e, unit: mas / yr, datatype: float64}
# - {name: pmy_e, unit: mas / yr, datatype: float64}
# - {name: pm_corr, datatype: float64}
# - {name: g_mag, unit: mag, datatype: float64}
# - {name: bp_rp, unit: mag, datatype: float64}
# - {name: filter, datatype: int64}
# - {name: memberprob, datatype: float64}
# - {name: r, unit: deg, datatype: float64}
# - {name: pm, unit: mas / yr, datatype: float64}
# - {name: member_prob_GMM, datatype: float64}
# - {name: member_prob_DB, datatype: float64}
# meta: !!omap
# - comments: [deg deg mas/yr mas/yr mas/yr mas/yr dimless mag   mag   zeroone float]
# - __serialized_columns__:
#     bp_rp:
#       __class__: astropy.units.quantity.Quantity
#       unit: &id001 !astropy.units.Unit {unit: mag}
#       value: !astropy.table.SerializedColumn {name: bp_rp}
#     g_mag:
#       __class__: astropy.units.quantity.Quantity
#       unit: *id001
#       value: !astropy.table.SerializedColumn {name: g_mag}
#     pm:
#       __class__: astropy.units.quantity.Quantity
#       unit: !astropy.units.Unit {unit: mas / yr}
#       value: !astropy.table.SerializedColumn {name: pm}
#     pmx:
#       __class__: astropy.units.quantity.Quantity
#       unit: !astropy.units.Unit {unit: mas / yr}
#       value: !astropy.table.SerializedColumn {name: pmx}
#     pmx_e:
#       __class__: astropy.units.quantity.Quantity
#       unit: !astropy.units.Unit {unit: mas / yr}
#       value: !astropy.table.SerializedColumn {name: pmx_e}
#     pmy:
#       __class__: astropy.units.quantity.Quantity
#       unit: !astropy.units.Unit {unit: mas / yr}
#       value: !astropy.table.SerializedColumn {name: pmy}
#     pmy_e:
#       __class__: astropy.units.quantity.Quantity
#       unit: !astropy.units.Unit {unit: mas / yr}
#       value: !astropy.table.SerializedColumn {name: pmy_e}
#     r:
#       __class__: astropy.units.quantity.Quantity
#       unit: &id002 !astropy.units.Unit {unit: deg}
#       value: !astropy.table.SerializedColumn {name: r}
#     x:
#       __class__: astropy.units.quantity.Quantity
#       unit: *id002
#       value: !astropy.table.SerializedColumn {name: x}
#     y:
#       __class__: astropy.units.quantity.Quantity
#       unit: *id002
#       value: !astropy.table.SerializedColumn {name: y}
# schema: astropy-2.0
x y pmx pmy pmx_e pmy_e pm_corr g_mag bp_rp filter memberprob r pm member_prob_GMM member_prob_DB
[from data line 3737]
0.03883115 0.005974129 -12.11011 -12.6078 1.981828 1.291514 -0.1162586 19.87432 1.405146 0 0.0 0.03928801888147507 17.481744336653023 0.0 0.0
-0.02367104 0.01032702 2.385988 -1.9774 0.7643672 0.5203014 0.4913402 19.14001 1.154926 0 0.0 0.025825674759084226 3.098878748215877 0.0 0.0
-0.001262027 -0.03429296 -1.732383 -4.794114 1.022926 0.6637447 0.2928826 19.97253 1.702896 0 0.0 0.03431617428721227 5.097517033192239 0.0 0.0
-0.006473984 -0.02012154 3.715957 -2.809104 1.572885 1.10483 0.3376488 19.69665 nan 0 0.0 0.021137380178344146 4.658261661678635 1.0 0.0
0.01910899 0.07070307 -0.3603622 -5.185094 0.3661353 0.2464807 0.4110089 18.21337 1.538424 1 0.006068952 0.07323986350509537 5.197601437588769 0.0 0.0
-0.02334481 0.01672815 -3.055955 -0.3417456 2.616561 2.042633 0.1677827 20.08854 0.6996899 0 0.0 0.028719525698705402 3.075004230427067 0.0 0.0
-0.00440241 0.03795733 1.434485 -3.711373 1.569138 0.9211777 0.4980483 20.12822 nan 0 0.0 0.038211779787612615 3.9789492030376565 1.0 0.0
0.02145518 0.05816757 6.544835 -7.016699 1.049531 0.7443485 0.3304492 19.40962 1.106867 0 0.0 0.06199831407818522 9.595255600234212 0.0 0.0
0.002338729 -0.06706121 -4.741991 -15.21794 0.4501929 0.3107094 0.549835 18.25051 1.276709 0 0.0 0.0671019786593476 15.939641667480513 0.0 0.0
0.06288365 -0.03048408 -7.494956 -5.699728 0.6999933 0.4679155 0.3392379 19.27691 1.26915 0 0.0 0.06988299199926187 9.416011083039356 0.0 0.0
-0.04196911 0.04032628 -1.172048 -7.6081 0.6945702 0.4602475 0.4834884 19.22027 nan 0 0.0 0.058203222014167735 7.697849188202118 0.0 0.0
-0.06678527 0.03906518 0.6344028 -3.307751 1.346464 0.9268354 0.5188581 20.13912 1.009161 0 0.0 0.07737157473778919 3.368038537583684 0.0 0.0
0.006791705 0.05157567 3.146477 -3.069968 2.116988 1.330957 0.5445938 20.36481 0.8216419 0 0.0 0.05202092841113012 4.396023320292215 1.0 0.0
0.01041421 -0.04658247 -8.091364 -6.700855 0.9480628 0.6105858 0.3742978 19.57475 1.370226 0 0.0 0.04773240284361348 10.505790265921027 0.0 0.0
-0.0248805 -0.07592924 -2.556766 -6.773282 1.803487 1.287337 0.2677077 20.28456 1.032871 1 0.01518328 0.07990174445672384 7.239779100931188 0.0 0.0
0.04414153 0.04628974 -1.128911 -7.980947 2.087387 1.421935 0.408686 20.49704 nan 0 0.0 0.06396260391829355 8.060394225019643 0.0 0.0
-0.08075163 -0.0163275 2.763879 -3.907998 1.171676 0.7855675 0.2967841 19.82913 1.624767 0 0.0 0.08238575728793722 4.786593307838572 0.0 0.0
-0.03053014 -0.06095412 -3.255929 -7.878664 1.305084 0.9524282 0.1010012 20.09946 nan 0 0.0 0.06817253254349584 8.524929329791362 0.0 0.0
0.01518419 -0.07756023 0.4167721 -5.815523 0.6884885 0.4616492 0.3595432 19.33958 1.24136 0 0.0 0.07903258127891939 5.8304379549796606 0.0 0.0
-0.04432301 -0.01476456 0.8971397 -4.345113 0.1129626 0.07418715 0.2960766 15.73152 1.599538 1 0.9928734 0.04671746405204054 4.436763079553052 1.0 0.0
-0.00805699 -0.01494318 3.957154 1.822763 1.522354 1.085819 0.2469678 19.32615 nan 0 0.0 0.016976858259775275 4.356780087849856 1.0 0.0
0.01803224 -0.00378061 1.662794 -3.492166 1.095531 0.7645827 0.5341799 19.4939 nan 0 0.0 0.018424296225085506 3.86782978658472 0.0 0.0
0.02022325 0.04010139 3.113882 -6.850219 0.1062329 0.06648297 0.3529507 15.7258 1.506671 1 0.0 0.04491215114525912 7.524743281859189 0.0 0.0
-0.04834981 0.02181294 -5.499532 -4.210698 0.5373299 0.3767217 0.3595998 18.69564 1.176136 0 0.0 0.05304251576310932 6.926386494141661 0.0 0.0
-0.06929653 -0.006787067 -0.3964643 -5.57833 1.157096 0.7861907 0.1017943 19.92683 1.337723 0 0.0 0.06962810746030218 5.592401052327569 0.0 0.0
0.007822778 -0.04323105 -9.031692 -5.992018 0.2770614 0.191146 0.4267859 17.34438 1.4867 0 0.0 0.043933125767918954 10.838622610608232 0.0 0.0
0.01800498 -0.003593685 -5.262119 -8.881012 1.464942 0.9532575 0.3224232 19.76842 nan 0 0.0 0.018360116466940645 10.322900295668122 0.0 0.0
0.01050051 0.002043464 0.1190464 -9.725504 1.09989 0.9200847 0.1799222 18.73152 nan 0 0.0 0.010697497622313173 9.726232574813794 0.0 0.0
-0.03560287 -0.063582 -8.389167 -6.984888 2.341828 1.739125 0.1851848 20.57558 nan 0 0.0 0.07287135978034785 10.916353939224992 0.0 0.0
0.0100114 0.0266998 -1.598846 1.210213 0.7133434 0.4745028 0.3568479 19.34943 1.008575 0 0.0 0.028515039014527052 2.0052241862407802 0.0 0.0
0.01312419 0.03372807 -2.359032 -6.40704 0.1322839 0.08225114 0.3191319 16.12014 1.833341 1 0.0 0.0361915331131606 6.8275320239910995 0.0 0.0
-0.02341966 -0.01765373 0.4421738 -4.130714 0.3868098 0.253874 0.259376 18.27787 nan 0 0.0 0.029328052397465807 4.154312917824371 1.0 0.0
-0.009501077 -0.04124754 -2.768547 -3.155998 1.24787 0.8478968 0.5283678 19.83111 1.451681 0 0.0 0.04232765077595884 4.198234851364678 1.0 0.0
-0.02643563 -0.07359118 -4.365708 -8.946738 2.2303 1.552255 0.2798745 20.48564 nan 0 0.0 0.07819529594092794 9.955075448328254 0.0 0.0
-0.002763457 0.0003120394 1.233252 -4.349242 0.2080301 0.1494449 0.2193252 16.43486 nan 0 0.0 0.0027810183706695212 4.520709730790952 0.0 0.0
-0.02244815 0.03763668 -4.599077 -6.596609 0.9276086 0.6240647 0.4333105 19.31086 nan 0 0.0 0.04382281506070668 8.041564496465224 0.0 0.0
0.04356019 0.02526145 -1.200599 -5.528724 0.8718512 0.653438 0.2245679 19.36219 1.03404 0 0.0 0.05035504948799673 5.65758137608086 0.0 0.0
-0.0003342844 -0.06933856 -9.045738 -8.455881 1.463583 1.030976 0.496929 19.77838 0.9814224 0 0.0 0.06933936579558311 12.382540104954435 0.0 0.0
0.07450393 0.006992167 -4.321196 -3.248831 1.731346 1.136318 0.4078079 20.21878 1.044518 0 0.0 0.07483131687202083 5.406259125955488 0.0 0.0
0.003595007 -0.01631816 -8.185362 -9.500784 1.027182 0.6934854 0.3729605 18.34014 1.191921 0 0.0 0.016709471000473024 12.540536180151946 0.0 0.0
0.04669184 0.006640673 -0.160703 -1.391811 1.394623 0.9663481 0.3762578 20.02237 nan 0 0.0 0.04716170544497441 1.4010579266861167 0.0 0.0
-0.04129337 -0.01656587 7.138797 -9.613018 1.58775 0.9814117 0.5658979 19.34404 nan 0 0.0 0.04449236400567855 11.973827194156971 0.0 0.0
0.03487061 -0.003986679 -4.928174 -0.2684036 0.9780577 0.6379221 0.2837905 19.73634 nan 0 0.0 0.03509776419120086 4.935477633093778 0.0 0.0
-0.009126318 0.04897961 -1.254222 0.5425082 0.7174499 0.4764175 0.3837395 19.35443 1.031273 0 0.0 0.0498226040667208 1.3665240474837024 0.0 0.0
0.01004233 0.0681808 -4.460833 -3.745506 0.2283928 0.1536146 0.4178922 17.42687 0.8835583 1 0.0 0.06891639776184548 5.824761475796669 0.0 0.0
-0.03922426 -0.002668202 -1.78743 -7.010672 0.9707984 0.6837299 0.5696014 19.57976 1.409824 0 0.0 0.03931490651725378 7.234944913161675 0.0 0.0
0.02371192 0.01163927 -5.60852 -5.466481 0.1102907 0.07391515 0.2005014 16.1348 1.536439 1 0.0 0.026414536835222005 7.831852342438601 0.0 0.0
0.0350875 -0.008667379 -5.151312 -4.036103 0.6982511 0.4803851 0.4040551 19.04016 1.216045 0 0.0 0.036142165333300676 6.544168606320668 0.0 0.0
-0.04574462 -0.008200025 0.04968149 -4.504666 0.5978915 0.4202723 0.3574873 19.13336 nan 0 0.0 0.04647376323201108 4.504939957647007 0.0 0.0
0.02191637 0.04242423 -4.687924 -7.755867 1.313263 0.7943982 0.6321626 19.66231 1.383907 0 0.0 0.0477508383703344 9.06256610190872 0.0 0.0
-0.05512332 0.02987606 -8.462059 -3.714138 0.5178136 0.326836 0.5970766 18.51833 1.281561 1 0.0 0.06269895827640201 9.24128040925742 0.0 0.0
0.04842004 0.02727938 -3.304441 -7.679741 1.007599 0.65902 0.05572217 19.66277 1.387478 0 0.0 0.05557575772570267 8.360487554536636 0.0 0.0
0.08265534 -0.00589757 -1.13105 -3.99028 1.264008 0.7963619 0.594315 19.79076 0.9614429 0 0.0 0.08286547267964202 4.147482197779756 0.0 0.0
0.04602794 0.05256989 -5.69877 -5.853424 0.7500125 0.4848029 0.317546 19.38147 nan 0 0.0 0.06987248811410468 8.169366685164524 0.0 0.0
-0.003310577 0.04477041 2.491211 1.511148 0.7050991 0.4698339 0.3862556 19.12966 1.546484 0 0.0 0.04489264451601207 2.913709066537872 0.0 0.0
0.01020072 0.006758457 -0.2911099 -4.346143 0.5587219 0.4401792 -0.190866 18.44262 nan 0 0.0 0.012236479458539087 4.355881535387184 1.0 0.0
0.04028923 0.03884296 -3.446002 -12.42179 2.211949 1.496204 0.4525305 20.36269 nan 0 0.0 0.05596425283656077 12.890919152182438 0.0 0.0
0.0745395 0.01972179 -8.17523 -9.877788 1.947428 1.255938 0.4994038 20.32572 nan 0 0.0 0.0771043841882814 12.822054489271368 0.0 0.0
0.03128971 0.07479547 -10.81651 -6.794157 0.7196212 0.4719784 0.3690591 19.31155 1.185982 0 0.0 0.08107655816822147 12.773310374399777 0.0 0.0
0.02020582 -0.05857718 -4.523866 -9.023087 0.19257 0.1288346 0.2009127 17.15586 1.910666 0 0.0 0.06196419271341151 10.093634756395984 0.0 0.0
-0.0551751 0.02401285 -7.465254 -5.349816 1.746679 1.128387 0.5727982 20.21477 0.9712925 0 0.0 0.06017398628254987 9.184255468919186 0.0 0.0
0.06935802 -0.01736335 -2.906228 -6.766141 1.68451 1.207139 0.3116654 20.28168 nan 0 0.0 0.07149839761521164 7.363886556694434 0.0 0.0
-0.05810869 0.04920938 -4.025909 -3.197921 0.6897118 0.4946257 0.4874058 19.12952 1.186352 0 0.0 0.07614580049812662 5.1414630212150705 0.0 0.0
0.0493876 0.05544668 -1.132286 -2.95334 1.311637 0.8625052 0.2598179 20.10493 1.503805 0 0.0 0.07425273972576635 3.1629556970333934 0.0 0.0
-0.02614912 -0.01457014 0.8526342 -3.776484 0.4411948 0.2901983 0.0276212 18.16058 1.398497 0 0.0 0.029934352446545427 3.8715392909365702 0.0 0.0
-0.01981651 -0.02462632 -0.7449564 -3.30435 1.5531 1.443681 -0.4227897 19.95149 1.115885 0 0.0 0.03160932940323948 3.3872834189658474 0.0 0.0
-0.004181931 -0.01883206 1.419593 -3.123662 0.7040095 0.5162399 0.4645004 18.80584 nan 0 0.0 0.01929080171305384 3.43110894258591 0.0 0.0
-0.034743 0.06919259 -6.043287 -8.830746 1.491809 1.078478 -0.0004458864 19.9455 nan 0 0.0 0.07742538705042487 10.700625807908853 0.0 0.0
0.03869745 -0.06646119 -1.014751 -5.329225 1.510427 0.9100266 0.5550195 20.05565 nan 0 0.0 0.07690632231955055 5.424975455486043 0.0 0.0
-0.02535741 -0.01615688 -8.130259 -1.40634 0.7215885 0.6134407 -0.1994547 19.15205 nan 0 0.0 0.030067308047819978 8.250994097845483 0.0 0.0
0.03870564 0.03843724 -0.3007242 -4.379447 1.470643 1.131021 -0.002363611 20.05064 2.695229 0 0.0 0.05454858372705197 4.389759796421057 0.0 0.0
-0.0273549 0.006782347 1.210861 -4.16772 0.2381213 0.1625434 0.4701048 17.39981 1.36046 0 0.0 0.028183164918766827 4.34005464939337 1.0 0.0
-0.004864103 -0.01902473 0.4560025 -4.382216 0.2659232 0.1798129 0.3994289 17.78344 1.37394 0 0.0 0.019636696503422084 4.405877364460142 1.0 0.0
-0.04429945 -0.005119089 -2.440879 0.2549707 0.7312437 0.4929967 0.4150226 19.17396 1.27581 0 0.0 0.04459424113596307 2.454159805411923 0.0 0.0
0.03979507 0.03092573 -3.801658 -5.120228 0.9506754 0.5726107 0.3723045 19.37537 1.486012 0 0.0 0.0503988925705496 6.377251627538936 0.0 0.0
-0.02855585 0.006946086 -3.62267 -3.961747 0.2867478 0.2048415 0.5533422 17.35105 1.588902 0 0.0 0.02938851272082165 5.368349580728606 1.0 0.0
-0.0352345 0.06902269 -4.553226 -10.7777 2.335509 1.530926 0.6633317 19.99237 nan 0 0.0 0.07749581746833889 11.70002924342824 0.0 0.0
-0.03549357 -0.06419232 -3.419167 -0.9603597 1.932573 1.368325 0.2975085 20.4262 1.085865 0 0.0 0.07335153344223487 3.551477682215262 0.0 0.0
0.06870432 0.03014147 -2.336851 1.795364 0.2746655 0.180407 0.2255192 17.91603 1.295658 0 0.0 0.0750252744108497 2.9468974343700864 0.0 0.0
0.04092084 0.04918629 -1.580407 -4.530576 0.9789812 0.6328438 0.3405586 19.73107 1.328114 0 0.0 0.06398285919111227 4.798312742769587 0.0 0.0
-0.06001949 -0.003747237 -5.968759 -3.630011 0.7701578 0.5418899 0.3123638 19.39465 1.269541 1 0.0 0.06013635310687097 6.985918970343272 0.0 0.0
-0.02823238 0.02337607 -1.749662 -7.714616 1.938192 1.448344 0.0641936 20.35499 nan 0 0.0 0.036653893778278185 7.910538359789427 0.0 0.0
-0.02104528 -0.01967887 4.683915 -11.56468 1.576149 1.364477 -0.08869928 19.38587 1.072279 0 0.0 0.028812527392703683 12.477214562137855 0.0 0.0
-0.0617946 -0.00151849 -2.170828 -7.319361 0.961234 0.6770273 0.3783477 19.51611 1.268145 0 0.0 0.061813254250525425 7.6344966863510395 0.0 0.0
-0.05169191 0.04815578 0.690228 -3.017743 2.121204 1.459328 0.5641015 20.16716 0.8449345 0 0.0 0.07064724132516782 3.095672383511052 0.0 0.0
-0.0254172 0.007337832 3.720934 0.1086658 0.1541368 0.09988696 0.3650107 16.65454 1.119491 0 0.0 0.02645520429518971 3.722520394631256 0.0 0.0
-0.03080991 0.06653487 -5.007046 -3.178333 1.69898 1.135644 0.471621 20.4203 0.8209248 0 0.0 0.07332216227120555 5.930624782011167 0.0 0.0
-0.0218374 -0.01552291 -0.393508 -2.355673 0.5459397 0.3931431 0.2880721 18.89709 1.526535 0 0.0 0.026792401415851097 2.3883140139003913 0.0 0.0
-0.02591972 -0.06349357 -9.035467 -4.650564 2.563913 1.779508 0.3198543 20.69509 nan 0 0.0 0.06858035663528807 10.162057342201186 0.0 0.0
0.009163663 0.007927749 3.893284 -2.484949 1.292581 0.9834484 0.2298442 19.13154 0.9447079 0 0.0 0.012117009688226299 4.618726213714881 1.0 0.0
0.007584059 0.05971618 -0.3338614 -3.355173 1.60454 1.007939 0.2480959 20.20926 1.20359 0 0.0 0.06019584790255787 3.3717427681154684 0.0 0.0
0.02577416 0.07912652 -4.414193 -9.1899 0.9560271 0.6291378 0.3591415 19.68325 1.498705 0 0.0 0.08321846844911292 10.195065563852397 0.0 0.0
-0.04024011 -0.06293313 -4.209158 -4.381211 0.9423389 0.7028361 0.39544 19.45041 1.302135 0 0.0 0.07469836212668254 6.075526388345705 0.0 0.0
0.02329652 -0.01774144 2.73923 -3.781321 0.6609538 0.4187952 0.3745044 19.05561 0.9979038 0 0.0 0.029282871057736127 4.669236500536357 1.0 0.0
-0.01964273 0.07593865 -0.4309295 -1.360365 1.353855 0.9157112 0.4878627 20.18056 1.247101 0 0.0 0.07843797170806624 1.4269874446522823 0.0 0.0
0.03212687 0.04108286 -3.250058 -10.49307 0.4613657 0.3148366 0.2844557 18.69232 1.097742 0 0.0 0.052153016804174425 10.984871188514866 0.0 0.0
0.004004971 0.002162131 -0.6048635 -5.028911 0.7206587 0.7050558 -0.005429392 17.38363 nan 0 0.0 0.0045513298245679805 5.065156039013335 0.0 0.0
0.02226374 0.003518069 -1.241618 -6.388273 0.5516422 0.3710577 0.359778 18.49356 1.397085 0 0.0 0.022539985099293235 6.507814316685211 0.0 0.0
0.07561351 0.03404528 -2.301635 -6.198699 1.280474 0.8581248 0.1989134 19.79647 1.44898 0 0.0 0.08292456804107272 6.6122154355273395 0.0 0.0
-0.006256354 -0.007960269 5.590167 -1.48653 0.2678865 0.1731339 0.2447545 15.98838 1.425795 0 0.0 0.010124615939662946 5.784439344378071 0.0 0.0
0.02664374 -0.05695344 -2.668431 -5.611021 0.5591464 0.3708844 0.1811933 18.96589 1.342974 1 0.0 0.06287752546833567 6.213218221196001 0.0 0.0
0.02335105 -0.01799704 -6.757158 -12.04102 1.407077 1.02996 0.5311019 19.16776 1.135408 0 0.0 0.02948160417725094 13.807438099711472 0.0 0.0
0.04434531 0.008430699 -3.652736 -4.638967 1.000777 0.631215 0.5040454 19.50493 1.070723 0 0.0 0.04513959685935067 5.904447062408553 0.0 0.0
0.04061924 0.04560249 -1.259392 -5.574444 1.408792 0.8883103 0.269275 20.12479 1.472752 0 0.0 0.06106971223427945 5.71493605553028 0.0 0.0
-0.02240169 0.07936564 -3.950912 -7.83159 0.6023209 0.4072322 0.3403277 19.01654 1.118162 0 0.0 0.08246660249740921 8.771744841241336 0.0 0.0
-0.02486627 -0.01596222 -4.299375 -3.683569 0.156471 0.1013222 0.1626381 16.6835 1.648649 1 0.0 0.029548669192390034 5.661563915420014 0.0 0.0
-0.04818373 -0.04846706 0.6369522 -3.554039 0.8091195 0.5200043 0.5551132 18.9774 1.579977 1 0.2658692 0.06834272266859508 3.6106649413377916 0.0 0.0
0.01905936 -0.06333773 4.343031 -5.566659 1.039804 0.6939151 0.3148498 19.34858 1.302946 0 0.0 0.06614323279945197 7.060425673374233 0.0 0.0
-0.02968523 -0.05831031 -2.012603 -8.399676 2.447164 1.878331 0.04376945 20.5314 nan 0 0.0 0.06543168294067485 8.637425990454853 0.0 0.0
-0.02514224 -0.001908934 -3.348411 -5.969833 0.1214044 0.07632071 0.3228255 16.07167 1.816523 1 0.0 0.025214604126060674 6.844761666618496 0.0 0.0
0.04395014 -0.02556001 -1.716114 -2.585462 0.5072487 0.3365177 0.2962412 18.68739 1.098007 1 0.0 0.050842196227343484 3.103169511070899 0.0 0.0
0.01929977 0.06846 -3.397637 -6.032416 2.236689 1.539549 0.2926419 20.43002 0.7420654 0 0.0 0.0711284241499339 6.923437006344826 0.0 0.0
