jas1101finalproject/data/gcs/NGC_6453.ecsv
# %ECSV 0.9
# ---
# datatype:
# - {name: x, unit: deg, datatype: float64}
# - {name: y, unit: deg, datatype: float64}
# - {name: pmx, unit: mas / yr, datatype: float64}
# - {name: pmy, unit: mas / yr, datatype: float64}
# - {name: pmx_e, unit: mas / yr, datatype: float64}
# - {name: pmy_e, unit: mas / yr, datatype: float64}
# - {name: pm_corr, datatype: float64}
# - {name: g_mag, unit: mag, datatype: float64}
# - {name: bp_rp, unit: mag, datatype: float64}
# - {name: filter, datatype: int64}
# - {name: memberprob, datatype: float64}
# - {name: r, unit: deg, datatype: float64}
# - {name: pm, unit: mas / yr, datatype: float64}
# - {name: member_prob_GMM, datatype: float64}
# - {name: member_prob_DB, datatype: float64}
# meta: !!omap
# - comments: [deg deg mas/yr mas/yr mas/yr mas/yr dimless mag   mag   zeroone float]
# - __serialized_columns__:
#     bp_rp:
#       __class__: astropy.units.quantity.Quantity
#       unit: &id001 !astropy.units.Unit {unit: mag}
#       value: !astropy.table.SerializedColumn {name: bp_rp}
#     g_mag:
#       __class__: astropy.units.quantity.Quantity
#       unit: *id001
#       value: !astropy.table.SerializedColumn {name: g_mag}
#     pm:
#       __class__: astropy.units.quantity.Quantity
#       unit: !astropy.units.Unit {unit: mas / yr}
#       value: !astropy.table.SerializedColumn {name: pm}
#     pmx:
#       __class__: astropy.units.quantity.Quantity
#       unit: !astropy.units.Unit {unit: mas / yr}
#       value: !astropy.table.SerializedColumn {name: pmx}
#     pmx_e:
#       __class__: astropy.units.quantity.Quantity
#       unit: !astropy.units.Unit {unit: mas / yr}
#       value: !astropy.table.SerializedColumn {name: pmx_e}
#     pmy:
#       __class__: astropy.units.quantity.Quantity
#       unit: !astropy.units.Unit {unit: mas / yr}
#       value: !astropy.table.SerializedColumn {name: pmy}
#     pmy_e:
#       __class__: astropy.units.quantity.Quantity
#       unit: !astropy.units.Unit {unit: mas / yr}
#       value: !astropy.table.SerializedColumn {name: pmy_e}
#     r:
#       __class__: astropy.units.quantity.Quantity
#       unit: &id002 !astropy.units.Unit {unit: deg}
#       value: !astropy.table.SerializedColumn {name: r}
#     x:
#       __class__: astropy.units.quantity.Quantity
#       unit: *id002
#       value: !astropy.table.SerializedColumn {name: x}
#     y:
#       __class__: astropy.units.quantity.Quantity
#       unit: *id002
#       value: !astropy.table.SerializedColumn {name: y}
# schema: astropy-2.0
x y pmx pmy pmx_e pmy_e pm_corr g_mag bp_rp filter memberprob r pm member_prob_GMM member_prob_DB
[from data line 449]
0.01681971 -0.03926922 -3.219898 -6.497409 0.1624706 0.1334166 0.4703875 16.16539 2.316548 1 0.0 0.042719717741255034 7.251487215991283 0.0 0.0
0.02041103 -0.03605423 3.451137 0.9358753 1.080395 0.8728977 0.07409407 18.68803 1.329193 0 0.0 0.04143087793607324 3.5757809174946793 0.0 0.0
0.02076134 -0.04094476 -0.7057817 -6.047921 0.6066267 0.4619714 -0.08805569 18.89896 1.540312 0 0.0 0.045907587717644235 6.088963477497289 0.0 0.0
0.02207096 -0.02590757 -3.664194 -4.803698 0.7163993 0.6103294 0.710701 18.15914 nan 0 0.0 0.03403423950415963 6.041674614280382 0.0 0.0
0.01742144 -0.04343499 -1.983189 -6.791262 0.238485 0.1913417 0.2995091 17.35867 1.94265 0 0.0 0.04679855690054662 7.074904816487993 0.0 0.0
0.01709645 -0.03664476 -0.5099496 -5.194675 0.1817257 0.1443621 0.210933 16.38425 1.89636 0 0.0 0.04043670409491975 5.219645289688291 0.0 0.0
0.004693038 -0.02595817 -1.605327 -6.616202 0.7426294 0.6060104 0.3833909 19.00744 nan 0 0.0 0.02637899155423391 6.808171831096289 0.0 0.0
0.01988556 -0.02842471 -1.806042 -4.035244 0.6853472 0.5633385 0.5149391 18.75481 nan 0 0.0 0.03469005095265355 4.420970690391421 0.0 0.0
0.01333405 -0.01174173 -4.830805 -9.352221 0.157664 0.1323074 0.08083675 16.15952 2.331508 1 0.0 0.01776696689914742 10.526191836598173 0.0 0.0
0.02518014 -0.04164407 1.93328 -7.98802 0.1168512 0.09486751 0.2270937 16.21223 1.896744 0 0.0 0.04866485401791009 8.218639490742978 0.0 0.0
-0.02430685 -0.04349776 -1.226841 -9.298438 0.1683333 0.1336674 0.1307538 16.86876 2.07173 1 0.0 0.04982848665111254 9.379023834020522 0.0 0.0
0.009639444 -0.03260761 -2.101404 -6.880889 0.1903147 0.1527382 0.2080735 17.14812 1.800112 0 0.0 0.03400257505750463 7.194618280460541 0.0 0.0
0.0200331 -0.04136038 3.054807 -6.946508 0.4904378 0.4109537 0.1303341 18.3027 1.403616 0 0.0 0.04595656785873375 7.5885320847521625 0.0 0.0
-0.020918 -0.04097913 -4.731333 -6.983631 0.1168411 0.09218485 0.109543 15.7937 2.288072 1 0.0 0.04600925797659532 8.435437979207126 0.0 0.0
0.01604433 -0.02384243 -2.357964 -7.265529 0.6877133 0.5673779 0.2420865 18.87823 1.575539 0 0.0 0.028738162666631976 7.638580095484828 0.0 0.0
0.003664377 -0.00434023 -0.1615826 -5.68315 0.2599587 0.1931402 -0.1969761 16.0811 nan 0 0.0 0.005680251336959395 5.685446583965306 0.0 0.0
0.01998302 -0.04079198 -1.144572 -4.532369 1.025002 0.9218292 -0.309472 19.06451 nan 0 0.0 0.045423636145082 4.674656545174736 0.0 0.0
-0.02207829 -0.02099042 -7.946081 -2.409652 2.133476 1.856004 0.2059241 19.11159 1.975286 0 0.0 0.030463890445911534 8.303410505308346 0.0 0.0
0.006125808 -0.007628644 -1.78317 -5.417085 0.6208338 0.5282739 -0.04678413 18.54935 nan 0 0.0 0.009783748409050594 5.703025964005863 0.0 0.0
0.0210431 -0.01897218 -0.4494002 -7.879046 0.4218853 0.3058911 -0.1312939 17.66162 1.919258 0 0.0 0.02833294322096453 7.891851899894982 0.0 0.0
0.01724883 -0.02833639 -0.07569909 -5.500379 0.1485608 0.1224195 0.01954751 14.10787 2.134008 0 0.0 0.033173379909213346 5.500899880552983 0.0 0.0
0.01897839 -0.04215359 -4.330106 -6.315698 0.5673464 0.463549 0.3010554 18.74006 1.455654 0 0.0 0.046228826903569595 7.657536104938716 0.0 0.0
-0.02978307 -0.0355993 -0.1598477 -1.732898 0.9085904 0.7210798 0.3630979 18.67357 nan 0 0.0 0.046414883594757615 1.7402547990450392 0.0 0.0
0.009589188 -0.03290897 2.896567 -2.617211 0.7484137 0.5922335 0.2922283 18.85797 nan 0 0.0 0.03427758499311532 3.903830657701484 0.0 0.0
-0.03011164 -0.02969046 -5.060666 -2.7712 0.9183294 0.6875502 0.4389648 17.93578 1.474602 0 0.0 0.04228751918120995 5.769739145191575 0.0 0.0
-0.02516528 -0.0277395 -3.462447 -8.285684 0.6474411 0.4195392 0.7142125 17.78007 1.700861 0 0.0 0.03745358698080065 8.980038896110917 0.0 0.0
-0.01092502 -0.04087803 -1.568017 0.1517496 1.581092 1.393703 0.818865 19.20712 0.8894463 0 0.0 0.04231275692603 1.57534290025669 0.0 0.0
0.01737722 -0.01484764 -8.86702 -1.925457 0.8437719 0.5572702 0.05376502 17.78098 1.977669 0 0.0 0.02285651304328812 9.07366675271078 0.0 0.0
0.004668562 -0.01464378 3.574757 -8.521961 1.250578 1.05851 0.271776 19.15567 nan 0 0.0 0.015369963039521078 9.24135849832534 0.0 0.0
-0.001233792 -0.008299814 3.085653 -3.416742 0.5503148 0.4584306 0.3826165 18.50869 1.569471 0 0.0 0.008391016334977545 4.603844081957273 0.0 0.0
-0.02003811 -0.04558707 -2.338318 -5.047644 0.4457527 0.3616825 0.2161422 18.15878 1.81205 0 0.0 0.049796654541816365 5.56295254517419 0.0 0.0
0.0112972 -0.02920893 -1.915842 -3.045355 0.5745 0.4627148 0.2489974 18.53275 1.446663 0 0.0 0.031317540126659056 3.59786570691417 0.0 0.0
-0.008614488 -0.04655785 -4.9343 -8.679198 0.5779063 0.4584154 0.02934859 18.56592 1.559977 0 0.0 0.04734810239201402 9.983776560661001 0.0 0.0
0.004693728 -0.01377021 0.6402148 -7.050709 0.9847395 0.8181001 0.1138186 18.5064 nan 0 0.0 0.014548187721571508 7.079715558750934 0.0 0.0
0.01817797 -0.0283404 -4.889088 -6.702481 0.8150301 0.6714454 0.004209672 19.03258 1.25598 0 0.0 0.033669227277751713 8.296169780513475 0.0 0.0
-0.02184729 -0.03987311 -5.217593 -8.125027 0.308918 0.241689 0.2903895 17.70666 1.703087 0 0.0 0.04546613004662042 9.656052012306995 0.0 0.0
-0.01092545 -0.03758214 -1.955262 -1.711536 0.8373156 0.6676762 -0.2944712 18.72189 nan 0 0.0 0.039137995665109115 2.5985390064303444 0.0 0.0
0.008964086 -0.0082774 -1.755102 -4.209097 0.2222895 0.189021 0.3500371 15.62797 2.102859 0 0.0 0.012201237173967074 4.5603596991699025 0.0 0.0
-0.02187458 -0.0315876 0.8317002 -9.16305 0.3042368 0.2719905 0.4999368 17.41782 1.385738 0 0.0 0.03842230763419085 9.200717935312442 0.0 0.0
0.004065881 -0.01254185 -0.766181 -9.550343 0.1418394 0.1133313 0.1950681 16.4514 1.805153 0 0.0 0.013184437406604084 9.581027332306801 0.0 0.0
-0.0110279 -0.02249121 -1.771785 -4.982197 0.2629787 0.2138431 0.1913128 16.56616 1.744352 0 0.0 0.025049333437720454 5.287864316813925 0.0 0.0
0.02606375 -0.02623679 -4.529066 -5.833272 0.2637511 0.2163245 0.2693463 16.57708 1.917254 0 0.0 0.036982268907769844 7.38508639477833 0.0 0.0
-0.001434755 -0.007178296 1.810129 -4.896983 0.5102244 0.4190844 0.4410962 18.25288 nan 0 0.0 0.007320277001155148 5.2208245995177816 0.0 0.0
0.01333279 -0.01958475 -5.055177 -9.377844 0.7848337 0.6717767 0.0633177 19.09216 1.506599 0 0.0 0.02369231355833786 10.653580270954219 1.0 0.0
-0.01306272 -0.01852804 5.75502 -11.48908 1.275536 1.189562 0.8106192 18.84326 nan 0 0.0 0.022669868108129786 12.849872156827086 0.0 0.0
0.005924922 -0.006804655 -3.03752 -3.899722 0.6622497 0.5216948 0.825991 16.74062 1.996768 0 0.0 0.009022639878389749 4.943112321977319 0.0 0.0
0.01338262 -0.02207957 -1.44852 -8.457641 0.4620899 0.3657052 -0.003886352 18.42728 1.500698 0 0.0 0.025818635313457215 8.580786763186753 0.0 0.0
0.00660019 -0.04360509 -5.206127 1.194509 0.2320133 0.1860732 0.275602 16.90231 1.767645 0 0.0 0.04410177300227509 5.341405254351144 0.0 0.0
-0.01994108 -0.03144978 -3.68825 -6.026404 0.3994188 0.3244512 0.1498753 17.95429 1.816317 0 0.0 0.03723889544031616 7.065460581852821 0.0 0.0
0.007155174 -0.01316767 -2.184776 -5.504774 0.2051236 0.1642691 0.33396 17.22202 2.013296 0 0.0 0.014986128526046211 5.922481149083718 0.0 0.0
0.01441158 -0.02608899 -1.680955 -3.971523 1.214539 0.9396102 0.1109808 18.38198 1.731888 0 0.0 0.02980484922485769 4.312609958198631 0.0 0.0
0.01649608 -0.02531881 -1.064554 -0.8416216 0.2763851 0.2229228 0.3191736 17.6436 1.34877 0 0.0 0.030218583606491222 1.3570564234778744 0.0 0.0
-0.009646963 -0.01976734 -5.912884 -8.464928 0.4917705 0.4002927 0.1941332 18.05154 1.683376 0 0.0 0.021995718351510346 10.325560674493179 0.0 0.0
0.002659221 -0.01656248 -0.6098641 -4.811893 0.4282713 0.346102 0.2334625 17.89336 1.21324 0 0.0 0.016774599848498356 4.850386424184965 0.0 0.0
0.008935724 -0.03839443 -2.741205 -6.291779 0.3852638 0.3174916 0.3515198 18.29216 1.794851 0 0.0 0.03942054563839872 6.862994086903034 0.0 0.0
-0.0008316682 -0.03197763 0.4504248 -5.970512 0.2785539 0.2211101 0.1168126 17.2079 nan 0 0.0 0.0319884431070315 5.987478270741285 0.0 0.0
-0.01042259 -0.04298368 -5.211803 -4.997812 0.6051697 0.5256985 0.3726512 18.4816 nan 0 0.0 0.04422925647860814 7.220873582756659 0.0 0.0
0.01026785 -0.02738918 1.223282 -3.555976 0.4690498 0.3573051 -0.05424628 18.17684 nan 0 0.0 0.029250571356725666 3.76050317964232 0.0 0.0
0.02694031 -0.03357273 1.141278 -3.536248 1.354695 1.084873 0.5071461 18.93473 1.506792 0 0.0 0.04304542371203936 3.7158532520523466 0.0 0.0
-0.0171263 -0.04286654 2.540057 -3.826168 1.453293 1.181126 -0.1082122 19.10003 1.33544 0 0.0 0.04616113520334612 4.592542991358164 0.0 0.0
-0.008315278 -0.02594701 0.3407441 -2.143265 0.5108147 0.4188762 0.2296035 18.72214 1.577158 0 0.0 0.027246856261913664 2.1701823430094094 0.0 0.0
0.0207622 -0.03750009 6.246575 -2.570315 0.9246363 0.7148196 -0.1264083 18.78235 nan 0 0.0 0.04286403736056719 6.75471823467493 0.0 0.0
0.02638649 -0.03795564 0.4713182 -3.253741 0.6352118 0.5374632 0.3655522 18.97728 1.488874 0 0.0 0.04622637193561376 3.287700007715461 0.0 0.0
0.001780437 -0.004611012 -2.171751 -7.32616 0.387813 0.3125865 0.3077914 17.46404 1.717591 0 0.0 0.004942811707430599 7.64127756017284 0.0 0.0
0.0116988 -0.03053268 -4.442707 -2.980889 0.8511275 0.6847981 0.8351755 17.75112 nan 0 0.0 0.03269719360162887 5.350078945040905 0.0 0.0
0.0108455 -0.02687427 -2.09462 -4.891385 0.6061129 0.4787869 0.3494031 17.54621 1.376951 0 0.0 0.02898018734036928 5.321003680004835 0.0 0.0
-0.009971034 -0.03987083 -1.248065 -2.459955 0.4503535 0.372867 0.2169804 18.54011 nan 0 0.0 0.04109871778922131 2.7584497179122187 0.0 0.0
0.01882914 -0.03599282 -1.601635 -2.793178 0.1473088 0.1151065 0.1840791 16.23387 1.941194 1 0.0 0.040620433339539845 3.2197947159576805 0.0 0.0
-0.003444416 -0.002348948 0.5681645 -5.866236 0.1057486 0.08303576 0.2598772 14.76073 nan 0 0.0 0.004169119605835265 5.893686088243609 0.0 0.0
-0.009271691 -0.006831664 3.575417 -4.119702 0.1558539 0.1287859 0.1459867 16.60977 1.898622 0 0.0 0.0115167654750966 5.4548649197476005 0.0 0.0
0.0257323 -0.04231563 -5.909008 -6.514601 0.3868954 0.3179265 0.3133668 18.30336 1.766331 0 0.0 0.04952538546631313 8.795248815881504 0.0 0.0
-0.0007312276 -0.0317106 -6.762953 -4.952878 0.173249 0.1404101 0.1527045 16.81739 1.661991 0 0.0 0.031719029716607054 8.382632865818055 0.0 0.0
-0.02335712 -0.02806322 -3.498821 -7.284026 0.2887791 0.2225477 0.4581072 17.01333 1.84357 0 0.0 0.036511633371609106 8.080766248241376 0.0 0.0
0.009865951 -0.02829703 -3.719165 -3.68047 0.5293787 0.4278739 0.1233362 18.71987 nan 0 0.0 0.029967630803173297 5.232403627218088 0.0 0.0
0.0003486246 -0.0111799 0.230301 -6.133219 0.08506212 0.06726726 0.1478095 13.60042 2.390109 1 0.9845858 0.011185334287437508 6.137541352411567 0.0 1.0
0.02593436 -0.03850481 -0.09696328 -5.632513 0.5052959 0.412959 0.191584 18.4852 1.52471 0 0.0 0.04642425467086898 5.633347545894658 0.0 0.0
-0.01024848 -0.02972378 -4.52668 -4.232344 1.070754 0.7363398 0.1371602 18.65865 nan 0 0.0 0.03144096753916457 6.197061203242711 0.0 0.0
0.005019737 -0.02207864 -1.17983 -3.873104 0.1229627 0.09840345 0.1461751 16.18024 2.20864 1 0.0 0.022642087001837286 4.048818768939405 0.0 0.0
0.02141603 -0.03362834 -1.032048 -7.316818 0.1987107 0.1612006 0.2798131 16.94777 2.004488 0 0.0 0.03986867933750126 7.389245477004265 0.0 0.0
-0.008264296 -0.03354588 0.6984286 -6.599206 0.9505459 0.8088816 0.2117994 19.06658 1.467131 0 0.0 0.03454887340203753 6.636062261592635 0.0 0.0
-0.01271037 -0.02340316 1.988506 -3.116657 0.5153435 0.4208753 0.04153306 18.479 1.492264 0 0.0 0.026631962066706615 3.696986200634917 0.0 0.0
-0.02737578 -0.02579089 3.031578 -4.307903 0.3839363 0.3194192 -0.01559494 18.00593 nan 0 0.0 0.037611212923814356 5.26768387695133 0.0 0.0
0.005297057 -0.00531688 0.04164108 -5.329684 0.345904 0.2676793 -0.49804 16.64646 1.941533 0 0.0 0.007505199917100743 5.329846669408002 0.0 0.0
-0.02320457 -0.03476941 -4.453877 -5.674316 0.1452947 0.1165781 -0.03056228 15.72498 2.459583 1 0.0 0.04180148251716678 7.213520804640755 0.0 0.0
0.0243787 -0.03479645 -5.668113 -5.446751 0.1699328 0.1395838 0.2525151 16.83038 1.762874 0 0.0 0.04248663256004764 7.860954231947289 0.0 0.0
-0.006758466 -0.02387549 -4.897038 -6.203612 1.953159 1.56306 0.8440876 19.35565 1.514168 0 0.0 0.024813622980396393 7.903529782318024 0.0 0.0
-0.01067707 -0.01654024 -4.698295 -7.914403 0.6637813 0.5702104 0.757594 18.13623 1.65098 0 0.0 0.01968703540512131 9.20389867140192 0.0 0.0
0.01777588 -0.02974412 -3.232544 -1.272771 0.4094867 0.3072924 0.4453653 17.65461 1.441387 0 0.0 0.03465104016258098 3.4740878990573916 0.0 0.0
-0.02561458 -0.03651725 1.305669 -6.438863 0.6484296 0.554821 0.1273124 18.84184 1.67725 0 0.0 0.04460511468586198 6.5699108266650015 0.0 0.0
0.01795259 -0.02545262 0.1440092 -5.459429 0.2087694 0.1605507 0.09052659 16.72517 1.73798 0 0.0 0.031146931671875804 5.46132801209794 0.0 0.0
-0.003092533 -0.007903134 2.783936 -7.315612 1.032599 0.853973 0.2392975 18.58041 nan 0 0.0 0.008486653485211057 7.827418385817894 0.0 0.0
-0.01542341 -0.01910064 -4.853553 -4.003052 1.050997 0.7998299 0.3058003 18.75751 1.553812 0 0.0 0.024550275445251117 6.291375210437937 0.0 0.0
0.01051666 -0.04561202 -2.191592 -5.024427 0.2081123 0.1666591 0.2541604 17.21045 1.796911 0 0.0 0.046808722542235656 5.481600329538173 0.0 0.0
0.01785313 -0.02084445 -7.47188 -5.69814 0.690144 0.5600813 0.01509499 15.88215 2.123001 0 0.0 0.027444951204172324 9.396690385130288 0.0 0.0
0.01096927 -0.04045842 -3.093874 -5.465771 0.2814551 0.2244999 0.5000365 17.20785 1.946978 0 0.0 0.041919072428064294 6.280661505949593 0.0 0.0
0.02395377 -0.02809772 -1.623814 -4.683807 0.5754654 0.4918301 0.2748388 18.84561 1.542349 0 0.0 0.03692241820914903 4.957299660081585 0.0 0.0
0.01631959 -0.02888551 -0.1918142 0.4824137 0.520959 0.4223416 0.153363 18.28058 1.471388 0 0.0 0.033176824828910316 0.5191489817666313 0.0 0.0
-0.002138071 -0.007010465 4.451497 -4.275095 1.180306 0.9943172 0.5143411 18.18539 1.506594 0 0.0 0.007329254199252882 6.171892967318374 0.0 0.0
0.01275402 -0.02698136 -6.751335 -5.124516 0.2489903 0.1995524 0.3291269 17.34542 1.844322 0 0.0 0.029843907478914352 8.475918151827624 0.0 0.0
-0.01793039 -0.03987599 0.09690889 -3.024979 0.8290076 0.6438192 -0.002859334 18.91809 1.615196 0 0.0 0.04372177334043303 3.0265308991322115 0.0 0.0
0.01674641 -0.02925181 -3.013608 -1.187807 0.612785 0.4698318 0.3482568 17.72219 1.674202 0 0.0 0.033706240314876415 3.239246617180143 0.0 0.0
0.01509238 -0.01091043 -1.691471 -10.32505 0.1845803 0.1426218 -0.1764544 16.81124 nan 0 0.0 0.01862303457681642 10.46268281304279 0.0 0.0
-0.0109013 -0.03029606 -6.129549 -5.224124 0.4208277 0.3471344 0.07369458 18.12346 nan 0 0.0 0.032197664406189465 8.053747109934418 0.0 0.0
-0.001484562 -0.0312147 -5.694592 -8.480318 0.2205848 0.176747 0.3144033 17.30372 1.520121 0 0.0 0.031249982726744733 10.21489948201097 0.0 0.0
0.007959222 -0.009803177 2.78913 -5.915717 0.7114673 0.5837559 -0.2366217 18.30847 nan 0 0.0 0.012627410428849337 6.540256400248311 0.0 0.0
0.02357424 -0.03810738 -0.5797985 1.973192 0.4463471 0.3663194 0.164103 18.67517 1.400259 0 0.0 0.0448097891318627 2.0566120123801306 0.0 0.0
0.0015543 -0.008151046 -0.2296652 -9.38205 0.7979249 0.6090354 0.01940247 18.68707 nan 0 0.0 0.008297915363759503 9.384860590684927 0.0 0.0
0.003513432 -0.009776167 -5.113545 -5.315085 1.117299 0.9209741 0.1801985 18.04114 1.561621 0 0.0 0.010388341813326754 7.375531914665545 0.0 0.0
-0.01363757 -0.0355226 0.858574 -1.993414 1.613324 1.480244 0.80083 19.38928 1.482246 0 0.0 0.03805047208990842 2.1704489602089243 0.0 0.0
-0.02273031 -0.02444671 -3.602672 -1.608865 0.3148203 0.2449193 0.4117361 17.08278 1.748126 0 0.0 0.03338126154776359 3.945591480096362 0.0 0.0
-0.01356558 -0.01507963 -4.573791 -3.819927 0.4616497 0.3671479 0.8055228 17.2602 1.951359 0 0.0 0.02028349579518531 5.959144770603412 0.0 0.0
0.02041456 -0.02168809 0.2301197 -5.160758 0.3843162 0.3056084 -0.03325849 18.05179 nan 0 0.0 0.0297846857939059 5.165886004442228 0.0 0.0
