jas1101finalproject/data/gcs/NGC_362.ecsv
# %ECSV 0.9
# ---
# datatype:
# - {name: x, unit: deg, datatype: float64}
# - {name: y, unit: deg, datatype: float64}
# - {name: pmx, unit: mas / yr, datatype: float64}
# - {name: pmy, unit: mas / yr, datatype: float64}
# - {name: pmx_e, unit: mas / yr, datatype: float64}
# - {name: pmy_e, unit: mas / yr, datatype: float64}
# - {name: pm_corr, datatype: float64}
# - {name: g_mag, unit: mag, datatype: float64}
# - {name: bp_rp, unit: mag, datatype: float64}
# - {name: filter, datatype: int64}
# - {name: memberprob, datatype: float64}
# - {name: r, unit: deg, datatype: float64}
# - {name: pm, unit: mas / yr, datatype: float64}
# - {name: member_prob_GMM, datatype: float64}
# meta: !!omap
# - comments: [deg deg mas/yr mas/yr mas/yr mas/yr dimless mag   mag   zeroone float]
# - __serialized_columns__:
#     bp_rp:
#       __class__: astropy.units.quantity.Quantity
#       unit: &id001 !astropy.units.Unit {unit: mag}
#       value: !astropy.table.SerializedColumn {name: bp_rp}
#     g_mag:
#       __class__: astropy.units.quantity.Quantity
#       unit: *id001
#       value: !astropy.table.SerializedColumn {name: g_mag}
#     pm:
#       __class__: astropy.units.quantity.Quantity
#       unit: !astropy.units.Unit {unit: mas / yr}
#       value: !astropy.table.SerializedColumn {name: pm}
#     pmx:
#       __class__: astropy.units.quantity.Quantity
#       unit: !astropy.units.Unit {unit: mas / yr}
#       value: !astropy.table.SerializedColumn {name: pmx}
#     pmx_e:
#       __class__: astropy.units.quantity.Quantity
#       unit: !astropy.units.Unit {unit: mas / yr}
#       value: !astropy.table.SerializedColumn {name: pmx_e}
#     pmy:
#       __class__: astropy.units.quantity.Quantity
#       unit: !astropy.units.Unit {unit: mas / yr}
#       value: !astropy.table.SerializedColumn {name: pmy}
#     pmy_e:
#       __class__: astropy.units.quantity.Quantity
#       unit: !astropy.units.Unit {unit: mas / yr}
#       value: !astropy.table.SerializedColumn {name: pmy_e}
#     r:
#       __class__: astropy.units.quantity.Quantity
#       unit: &id002 !astropy.units.Unit {unit: deg}
#       value: !astropy.table.SerializedColumn {name: r}
#     x:
#       __class__: astropy.units.quantity.Quantity
#       unit: *id002
#       value: !astropy.table.SerializedColumn {name: x}
#     y:
#       __class__: astropy.units.quantity.Quantity
#       unit: *id002
#       value: !astropy.table.SerializedColumn {name: y}
# schema: astropy-2.0
x y pmx pmy pmx_e pmy_e pm_corr g_mag bp_rp filter memberprob r pm member_prob_GMM
[from data line 1273]
-0.05481883 -0.1212989 -1.545079 3.015756 4.330059 2.683439 -0.2567314 20.88457 0.8094845 0 0.0 0.13311095846615673 3.3885178718396927 0.0
-0.1577824 -0.04083331 1.840242 -3.353218 1.326779 1.037488 -0.262512 20.05473 0.8735123 0 0.0 0.1629805048320691 3.8249917090221257 0.0
-0.05732196 0.0520955 7.039838 -2.624704 0.3759809 0.2498908 -0.09083573 18.32959 0.7773895 0 0.0 0.07745804166444953 7.513214368954209 1.0
-0.02306886 0.01727527 6.71409 -2.798515 0.4509356 0.3113746 0.1863064 18.13483 0.7533321 0 0.0 0.02882025772390837 7.273973517502315 1.0
-0.01387367 -0.06358779 7.635632 -2.622537 0.8269576 0.4847644 -0.1630248 19.55211 nan 0 0.0 0.06508368271965716 8.07344885137653 1.0
0.01021831 -0.02518683 2.825283 -0.8208219 1.768292 0.6573556 0.06318253 19.05404 nan 0 0.0 0.027180696545618548 2.942103434892902 1.0
0.05262101 -0.01272636 7.280598 -2.517574 0.6741624 0.3591352 0.265392 18.89927 nan 0 0.0 0.05413807285330445 7.70358916889264 1.0
-0.09857287 0.02220986 6.826174 -2.621518 0.114821 0.08631109 -0.04462044 16.63213 1.0082 1 0.9992074 0.10104399329626923 7.312250549769202 1.0
0.02537969 -0.05442101 6.430677 -2.756663 0.2646464 0.2067574 -0.06060752 17.97676 0.8261166 1 0.997847 0.06004810566467688 6.996627585765731 1.0
0.00836641 0.02731953 10.38036 -2.085784 0.7288732 0.4563251 -0.3131932 18.97157 0.5672417 0 0.0 0.028571901156713393 10.587840602514564 1.0
0.1124108 -0.1029569 2.122406 -0.8662703 0.9069416 0.5129785 -0.02869224 19.65746 0.934494 1 2.607354e-06 0.1524346129140295 2.2923855394540618 0.0
-0.05352702 -0.009738044 9.205958 -1.092456 0.3283435 0.2644182 -0.2445503 18.24387 0.6655254 0 0.0 0.05440561892880492 9.270551375711156 1.0
0.02330092 0.07470148 7.164889 -2.374268 0.7258305 0.4803718 -0.1428202 19.55215 0.8046665 0 0.0 0.07825115965298406 7.548031724770703 1.0
0.05233755 0.05528304 6.952481 -2.403625 1.178318 0.757664 -0.1716671 20.09248 0.4288025 0 0.0 0.07612774560988983 7.356249397348217 1.0
0.1240462 0.05315027 1.098476 -1.273966 0.5462873 0.3605609 -0.09545378 19.16137 0.9797726 1 0.0 0.13495336578060177 1.6821530524099166 0.0
-0.0427882 0.07459294 6.311542 -2.220817 1.657256 0.9269698 0.2627916 20.10927 0.3446846 0 0.0 0.08599381813295419 6.690858731527142 1.0
0.05132299 0.03496853 6.207182 -0.237806 1.642987 0.890573 -0.2917217 20.23173 0.6336823 0 0.0 0.06210352158212125 6.211735673284884 1.0
0.0314478 -0.1652237 1.695788 -3.419531 1.418966 0.7090744 -0.3081501 20.01642 0.9248543 0 0.0 0.16818987831177595 3.8169214297526484 0.0
0.05906025 -0.02432591 7.151353 -3.570009 0.926249 0.7350932 0.06137407 19.93336 0.6107178 0 0.0 0.06387380548699599 7.992922743946047 1.0
-0.01295613 -0.04399488 10.24629 -2.387765 4.167409 1.851164 0.01943221 20.7641 0.410162 0 0.0 0.045862956411370816 10.520830787505567 1.0
-0.05407049 0.06009258 6.683019 -2.811657 0.3843202 0.2625573 0.2024988 18.49565 0.6875439 0 0.0 0.08083771434111989 7.250390199155491 1.0
-0.02245099 0.02003019 8.154378 -1.087473 1.265061 1.35807 0.3807338 19.55277 nan 0 0.0 0.03008746355903402 8.226571466450224 1.0
-0.02549258 -0.05685493 6.553878 -2.736719 1.11871 0.6089982 -0.2710578 19.68486 nan 0 0.0 0.062308544360796136 7.102319883238504 1.0
-0.05018243 0.03710768 6.194741 -1.825247 1.368689 0.8651594 0.4040742 19.90868 nan 0 0.0 0.06241198759603238 6.458044802267169 1.0
0.02437736 -0.01813433 8.30882 -2.654793 0.3983575 0.3959836 0.2195529 18.14525 0.7563877 0 0.0 0.03038271885658853 8.722638113853458 1.0
0.01321903 -0.03651825 10.60802 -3.877394 3.031853 1.995306 0.4405673 20.60856 0.6733799 0 0.0 0.03883716438159975 11.29443546847898 1.0
0.0004075185 -0.1078181 6.605964 -2.859492 0.8276776 0.4771974 -0.09346444 19.57366 0.6370964 0 0.0 0.10781887014311475 7.198295275088402 1.0
-0.05885975 -0.01022614 6.464014 -2.939185 0.4487027 0.4058735 -0.2477155 18.78969 0.6019211 0 0.0 0.059741477294774865 7.1008651202808375 1.0
-0.02054355 -0.0258128 6.567706 -2.862588 0.3094899 0.2229056 0.04380567 18.2134 0.7882481 0 0.0 0.032989969542915616 7.1644380212393495 1.0
-0.009451909 -0.03009215 8.510414 -2.600282 0.7715309 0.4879162 -0.1169008 18.32765 0.6764011 0 0.0 0.03154165619251438 8.89879839815017 1.0
-0.09545162 -0.1295863 1.429495 -0.01914261 1.859529 1.439714 -0.07321596 20.442 0.9610939 1 0.01974218 0.16094601861591482 1.429623165223134 0.0
0.05554228 -0.02282803 5.625113 -3.949391 0.5291848 0.3373815 -0.007432071 19.15748 0.6125107 0 0.0 0.060050510583002537 6.873105959728106 1.0
0.039247 -0.01041427 6.683725 -2.21016 0.09274405 0.06666751 -0.05844994 15.48702 0.176383 1 0.9976392 0.0406052216917098 7.039672371724766 1.0
0.02321785 -0.02892854 7.620141 -7.178724 2.385759 2.678859 -0.2732151 20.04123 nan 0 0.0 0.037093516753660606 10.469031814263294 1.0
-0.09905352 -0.008455443 0.7156485 -0.8373189 0.3894716 0.2738217 -0.01615625 18.72145 0.8437843 0 0.0 0.09941375327748495 1.1014788767150552 0.0
0.1201389 0.1470859 1.263363 -1.350523 0.3532864 0.2767009 -0.04997477 18.72593 1.232487 1 0.0 0.1899147631755362 1.8493237800066271 0.0
-0.05827569 -0.04555629 5.788494 0.1238306 0.7343984 0.5518946 -0.06972031 19.46512 0.6293888 0 0.0 0.07396912601579256 5.789818374140277 1.0
-0.07002043 -0.008614337 7.227765 -2.522439 2.678052 1.999768 -0.1231209 20.69041 nan 0 0.0 0.07054833392316553 7.655278270836795 1.0
0.08580673 0.02633544 1.27991 -1.444892 1.375126 1.084806 -0.0770314 20.24468 0.9305897 0 0.0 0.08975717416054552 1.930254516835539 0.0
0.02246546 0.02614896 7.911524 -1.489182 2.467832 0.854749 -0.6102906 19.71771 nan 0 0.0 0.03447412075881269 8.050458063470675 1.0
-0.1578981 0.04551797 0.5736722 -1.112645 0.2101406 0.1566701 -0.1132079 17.80828 1.22497 1 0.0 0.16432801214805376 1.2518301358722117 0.0
-0.006952779 -0.02355273 3.254888 -2.807619 2.835356 2.10346 -0.3681133 19.80074 nan 0 0.0 0.024557528912244837 4.298490472445531 1.0
-0.02398751 0.01612215 4.323251 -1.033243 1.731152 1.119177 0.3240888 19.03008 0.6802673 0 0.0 0.028901978420561455 4.445007346006303 1.0
-0.0288332 0.02217347 3.753281 -3.66092 0.9580067 0.7555786 0.5457398 19.06019 nan 0 0.0 0.03637328956914538 5.243038576184711 1.0
0.06104106 -0.08338366 8.372246 -3.312848 1.899307 1.365947 -0.1341711 20.19553 0.602684 0 0.0 0.10333850086448516 9.003858337158576 1.0
-0.02558319 0.0568993 9.941598 -1.679134 1.496609 0.8037254 0.4444287 19.97407 0.569376 0 0.0 0.062386135888241226 10.082403571746173 1.0
-0.04440731 0.04377422 7.069314 -2.64137 0.6721962 0.3931333 0.3500876 19.02796 0.709753 1 0.996657 0.06235536478960331 7.54665726712801 1.0
-0.01307369 0.06833262 0.3284582 -1.909152 0.9847042 0.8046124 0.08657563 20.11145 -0.06086159 0 0.0 0.06957203695652801 1.937200595769896 0.0
-0.00878824 -0.0296646 4.666131 -1.542933 1.480478 0.9072356 -0.1916523 19.98867 nan 0 0.0 0.030938998940780227 4.91461298086126 1.0
-0.02076459 0.02196226 6.758545 -2.400485 0.4422292 0.2606784 0.3198197 18.35158 0.7791729 0 0.0 0.03022431243511918 7.172186469428273 1.0
-0.02570485 0.1196661 6.280456 -1.362405 0.5579442 0.4334168 -0.01683573 19.42042 0.795866 1 0.7599042 0.1223957303288497 6.426528997208447 1.0
-0.05959156 0.0281706 0.1267743 -1.307576 0.5992056 0.4774025 0.1040144 19.38506 0.7098694 0 0.0 0.06591461694945666 1.3137072424693754 0.0
-0.02401367 0.01652648 7.242355 -4.288385 1.112829 1.638971 0.4715022 19.41999 nan 0 0.0 0.029151001493247192 8.416766116166588 1.0
-0.1113354 0.07343581 4.526651 -3.382394 2.85632 3.001045 0.3405576 20.71474 0.3171387 0 0.0 0.13337312129329545 5.650766182301034 1.0
-0.01006773 -0.05887053 6.823036 -2.285674 0.08388855 0.05852774 -0.1058814 15.87245 1.060928 1 0.9987542 0.059725191417305645 7.195701904023818 1.0
-0.02824957 -0.05642379 7.610707 -2.302151 1.044673 0.6107359 -0.1478882 19.88953 0.6976013 0 0.0 0.06310057276403282 7.951274128506072 1.0
0.07686408 0.03513055 6.936738 -0.3815447 1.102519 0.6415291 -0.08452655 20.09422 0.9422073 1 0.4297243 0.0845117881573269 6.947223217857772 1.0
0.0007558713 0.06851236 6.090489 -2.563069 1.085242 0.8348106 -0.06917762 20.08667 0.5139961 0 0.0 0.0685165294961133 6.607827098061964 1.0
-0.163512 -0.01254313 6.816227 -2.692631 1.598959 1.33743 0.08091741 20.52398 0.9989853 0 0.0 0.1639923908423708 7.3287933671028 1.0
0.01441234 0.01872538 7.388527 -9.440298 2.633058 1.433013 -0.5834374 19.66548 nan 0 0.0 0.023629545074334377 11.987892123243894 1.0
0.01813694 0.06498699 6.917618 -1.926489 1.01154 0.4972511 0.1033893 19.13452 nan 0 0.0 0.06747041916146437 7.180863364599343 1.0
0.1249172 -0.004900732 2.239305 -4.333165 2.673223 0.9325768 0.2341057 20.16567 nan 0 0.0 0.1250132954128313 4.87758196243282 0.0
0.07333077 0.05125725 7.019637 -2.549462 0.5674313 0.3871161 -0.08393609 19.2288 0.7932358 1 0.9955555 0.08946903099036783 7.468270221491253 1.0
0.183296 -0.01784282 1.079828 -1.071278 1.139221 0.6989718 -0.139614 19.9805 -0.02843285 1 3.382762e-05 0.184162400727055 1.5210736546492416 0.0
-0.1154146 -0.004782296 5.185345 -3.384029 2.109536 1.513255 0.3460469 20.53356 nan 0 0.0 0.115513636633047 6.1918862264956065 1.0
0.04337462 0.04268549 11.98255 -2.979779 2.223554 2.083588 -0.248055 20.75385 nan 0 0.0 0.06085563833109057 12.347493162230988 0.0
-0.009002235 0.03118736 6.574532 -2.377505 0.3900698 0.2827217 -0.09949074 18.18534 0.6545734 0 0.0 0.0324606170422687 6.991208839968164 1.0
-0.06706347 -0.008787254 6.47962 -2.527097 0.2997138 0.2444415 -0.201934 18.31525 0.7026062 1 0.9980492 0.06763671223013 6.954976246674678 1.0
-0.03356426 -0.01859022 6.794595 -4.486675 0.7062157 0.535421 0.1531013 18.65815 nan 0 0.0 0.038368682919745885 8.142283080908573 1.0
0.01611408 0.01365815 6.146889 -3.313241 0.364751 0.3058869 -0.1155177 17.95408 0.8292828 0 0.0 0.02112365109702629 6.9829657239887695 1.0
-0.03445427 -0.05670062 4.825054 -0.2168325 1.314881 0.7647874 -0.09850407 20.10661 0.596344 0 0.0 0.06634799943945031 4.829923647012678 1.0
-0.03895457 -0.007216976 5.49095 -3.072212 1.708788 1.974177 -0.2687488 20.48486 nan 0 0.0 0.039617461635868045 6.291980489118192 1.0
0.07759065 0.01727482 7.799876 -4.348866 1.53944 1.3121 -0.3107553 20.25922 0.9317398 0 0.0 0.07949042944565653 8.930324803798124 1.0
0.02627233 -0.03819444 6.743384 -2.649527 0.3772683 0.2074218 -0.3508554 17.97604 nan 0 0.0 0.04635785338583421 7.245220569118996 1.0
0.06919885 0.1430617 6.570738 -2.728996 0.3714815 0.2818763 -0.04600103 18.87635 0.7457561 1 0.9920925 0.1589186296448988 7.11491511071355 1.0
-0.02729677 -0.02666017 7.49127 -2.903242 0.5817734 0.3803096 -0.1137388 19.17071 nan 0 0.0 0.038155973541004036 8.034173281891796 1.0
-0.0330533 -0.02566183 1.387155 -0.2552011 0.7458554 0.640294 -0.1620579 18.9691 0.8105984 0 0.0 0.04184555125504861 1.41043489586234 0.0
-0.05949142 0.03860795 2.832786 0.6272948 2.425069 1.072973 0.4313412 20.12471 nan 0 0.0 0.07092110304288068 2.901409190014921 0.0
-0.008625238 0.03114938 5.451295 -3.210514 1.301601 0.9982968 -0.2540909 19.02629 nan 0 0.0 0.032321488284747096 6.326453771365203 1.0
-0.01563117 -0.02107048 -26.4877 34.3863 2.742836 1.205015 -0.6226919 19.41262 nan 0 0.0 0.026235445546041333 43.40525174423021 0.0
0.04493376 -0.01233366 8.017711 -4.117321 2.19264 1.819909 -0.2288743 20.67106 nan 0 0.0 0.04659572895377 9.013102789636985 1.0
0.04982458 0.06125567 6.238306 -1.754409 1.420497 0.9029178 -0.1898054 20.34174 0.7378883 0 0.0 0.07896040703621847 6.480309613661758 1.0
0.01432437 0.01921372 6.453792 -2.726862 0.804892 0.7273393 -0.6186434 18.83759 nan 0 0.0 0.023965696571042954 7.006226341355808 1.0
0.01778087 -0.1163558 1.766308 -0.6623428 0.6047942 0.389202 -0.04675419 19.12279 0.9521103 1 0.0 0.11770654838027024 1.8864098005406567 0.0
-0.05035364 -0.02250903 6.498326 -2.263179 0.255304 0.1908575 -0.1014085 18.09613 0.8194389 0 0.0 0.05515564787753381 6.881149612406127 1.0
-0.02872212 0.006624908 6.758368 -2.553551 0.1313139 0.0745407 -0.2877172 15.41877 1.66896 0 0.0 0.029476254567072528 7.224691047582934 1.0
0.02643259 -0.03791236 6.905945 -2.550827 0.2604438 0.1982179 -0.1007885 17.59331 0.937727 0 0.0 0.04621719220028084 7.361983070270808 1.0
0.009915362 0.03417765 6.954575 -8.767611 2.257415 1.744863 -0.3035852 20.13577 0.650034 0 0.0 0.03558688189647336 11.19093901680936 1.0
0.1799448 -0.002423083 6.6114 -2.498148 0.08023761 0.06062066 0.08347023 15.7802 1.080738 1 0.9985294 0.179961113516962 7.06762713998864 1.0
0.08252421 0.02759291 9.253889 -3.739958 1.822316 0.9880058 -0.2910319 20.31711 0.7777786 0 0.0 0.08701502122273028 9.981069455027601 1.0
0.007077815 -0.03237998 5.651613 -2.697824 0.7535769 0.437966 -0.126321 19.24295 0.6950531 0 0.0 0.03314451040481101 6.262506194547436 1.0
-0.02141405 0.01453054 5.557778 -6.788591 0.9191019 0.7670518 0.5340513 18.39914 nan 0 0.0 0.025878526428181725 8.773475027750692 1.0
-0.02366776 0.007394499 9.993551 -1.828619 0.4239523 0.4624054 0.07220496 17.71201 0.7616482 0 0.0 0.024795997235009547 10.159473856296003 1.0
0.110611 -0.1384239 0.990187 -1.254201 0.2002701 0.1175664 0.03839919 17.2426 1.402073 1 0.0 0.17718907814030185 1.5979644687445338 0.0
-0.1468959 -0.03084657 -2.050052 -2.76194 1.837266 1.326261 0.2491962 20.50255 0.9870663 0 0.0 0.15009968793296974 3.439625817774951 0.0
0.03381045 0.03364027 7.161982 -2.365495 0.8308218 0.5291727 -0.08273464 19.6428 0.6556263 0 0.0 0.04769501331245647 7.542516341603046 1.0
-0.01800619 -0.06240092 6.926043 -2.712015 0.7264907 0.4669734 -0.1275236 19.33428 0.7745647 0 0.0 0.0649468836447331 7.43808422902524 1.0
0.06945694 0.1444264 0.8645611 -1.07159 0.4678398 0.4026713 0.0147755 19.20023 0.1154099 0 0.0 0.1602599498662208 1.3768700097442785 0.0
0.0662379 0.03545861 6.964431 -1.859604 0.7874676 0.5241601 -0.01907368 19.74893 nan 0 0.0 0.07513170049680827 7.208427442277338 1.0
-0.0518937 0.02197416 6.721425 -2.410503 0.3426946 0.2522192 -0.04186641 18.56388 0.628849 0 0.0 0.05635441249268419 7.140593724868682 1.0
0.02341686 0.02503397 5.333834 -2.211761 2.896432 1.200386 -0.118599 20.06337 nan 0 0.0 0.03427898753202171 5.774224784391149 1.0
-0.009349695 0.03104987 9.728036 -3.190167 1.133057 0.7627706 -0.04945243 19.31996 nan 0 0.0 0.032427013794210605 10.237765864932886 1.0
-0.04313872 0.02296397 7.689365 -2.865564 0.6208197 0.5503188 0.3717619 19.14544 0.7237263 0 0.0 0.04887016555526797 8.205960708004943 1.0
0.1040627 -0.02975206 1.399063 0.4207302 1.321571 0.8543078 -0.1560642 20.07543 0.9853268 0 0.0 0.10823229927121385 1.4609555705636772 0.0
0.001810206 -0.009994162 7.336793 -0.489822 0.4046022 0.2153928 0.200796 15.626 nan 0 0.0 0.010156777040217039 7.353125669844967 1.0
0.01515163 0.009539034 11.95005 -4.585792 0.4661174 0.3634237 -0.1981276 17.80744 0.6383171 0 0.0 0.017904330797604694 12.799733718705399 1.0
0.01479244 -0.03648121 6.234109 -2.38929 0.5206694 0.2967507 0.4195597 18.48313 nan 0 0.0 0.039366165221135015 6.6762880201486965 1.0
-0.003858454 -0.09350577 6.365866 -2.677004 1.282245 0.6595934 -0.1164126 19.90356 0.5711422 0 0.0 0.09358534442188593 6.905838134938582 1.0
0.01348074 -0.0125545 10.05758 -3.612778 0.9676528 0.4638551 0.003029534 17.6276 nan 0 0.0 0.01842134146031716 10.68677127731683 1.0
0.0772727 0.01716925 8.278639 -1.181157 1.214107 0.7720337 -0.05731387 19.96987 0.7104111 0 0.0 0.07915714314483879 8.362475443968131 1.0
-0.043075 -0.1696859 6.445995 -2.890429 0.5081098 0.3035325 0.02824818 18.89286 0.7202358 1 0.977629 0.1750678733629046 7.0643776331723664 1.0
0.1372207 0.1260637 6.287258 -2.354012 0.3756023 0.2972678 -0.01540947 18.97825 0.7463436 1 0.9708488 0.18633726671329062 6.713492805887856 1.0
-0.02451984 -0.06137794 5.706387 -1.965125 0.9752835 0.5525201 -0.3090838 19.43861 nan 0 0.0 0.06609443298999697 6.035277032530819 1.0
0.09181363 -0.1039188 0.5021752 -2.181787 0.9681508 0.5284079 0.1466954 19.59262 0.09730721 1 0.0 0.1386681637839663 2.23883327759439 0.0
0.07780356 -0.07781186 5.879822 -0.1947843 1.991506 0.8698485 -0.0861735 20.21531 0.8801212 0 0.0 0.11003671889570862 5.883047481978238 1.0
