jas1101finalproject/data/gcs/NGC_4147.ecsv
# %ECSV 0.9
# ---
# datatype:
# - {name: x, unit: deg, datatype: float64}
# - {name: y, unit: deg, datatype: float64}
# - {name: pmx, unit: mas / yr, datatype: float64}
# - {name: pmy, unit: mas / yr, datatype: float64}
# - {name: pmx_e, unit: mas / yr, datatype: float64}
# - {name: pmy_e, unit: mas / yr, datatype: float64}
# - {name: pm_corr, datatype: float64}
# - {name: g_mag, unit: mag, datatype: float64}
# - {name: bp_rp, unit: mag, datatype: float64}
# - {name: filter, datatype: int64}
# - {name: memberprob, datatype: float64}
# - {name: r, unit: deg, datatype: float64}
# - {name: pm, unit: mas / yr, datatype: float64}
# - {name: member_prob_GMM, datatype: float64}
# meta: !!omap
# - comments: [deg deg mas/yr mas/yr mas/yr mas/yr dimless mag   mag   zeroone float]
# - __serialized_columns__:
#     bp_rp:
#       __class__: astropy.units.quantity.Quantity
#       unit: &id001 !astropy.units.Unit {unit: mag}
#       value: !astropy.table.SerializedColumn {name: bp_rp}
#     g_mag:
#       __class__: astropy.units.quantity.Quantity
#       unit: *id001
#       value: !astropy.table.SerializedColumn {name: g_mag}
#     pm:
#       __class__: astropy.units.quantity.Quantity
#       unit: !astropy.units.Unit {unit: mas / yr}
#       value: !astropy.table.SerializedColumn {name: pm}
#     pmx:
#       __class__: astropy.units.quantity.Quantity
#       unit: !astropy.units.Unit {unit: mas / yr}
#       value: !astropy.table.SerializedColumn {name: pmx}
#     pmx_e:
#       __class__: astropy.units.quantity.Quantity
#       unit: !astropy.units.Unit {unit: mas / yr}
#       value: !astropy.table.SerializedColumn {name: pmx_e}
#     pmy:
#       __class__: astropy.units.quantity.Quantity
#       unit: !astropy.units.Unit {unit: mas / yr}
#       value: !astropy.table.SerializedColumn {name: pmy}
#     pmy_e:
#       __class__: astropy.units.quantity.Quantity
#       unit: !astropy.units.Unit {unit: mas / yr}
#       value: !astropy.table.SerializedColumn {name: pmy_e}
#     r:
#       __class__: astropy.units.quantity.Quantity
#       unit: &id002 !astropy.units.Unit {unit: deg}
#       value: !astropy.table.SerializedColumn {name: r}
#     x:
#       __class__: astropy.units.quantity.Quantity
#       unit: *id002
#       value: !astropy.table.SerializedColumn {name: x}
#     y:
#       __class__: astropy.units.quantity.Quantity
#       unit: *id002
#       value: !astropy.table.SerializedColumn {name: y}
# schema: astropy-2.0
x y pmx pmy pmx_e pmy_e pm_corr g_mag bp_rp filter memberprob r pm member_prob_GMM
[from data line 906]
0.02681015 -0.01586068 -7.574953 4.738958 3.143794 2.383886 -0.4067959 20.74313 0.437006 0 0.0 0.031150366178985762 8.935190869700154 0.0
-0.02842838 -0.0138825 -3.5981 2.791032 4.110823 1.924898 0.038345 20.95477 0.5538845 1 0.9740603 0.03163694984783457 4.553699950043261 0.0
-0.04812637 0.01170709 0.3761248 -2.321644 2.646021 1.190713 -0.1505251 20.58926 0.3894711 1 0.9922696 0.0495298237998582 2.351914268826787 0.0
-0.006350301 -0.009680952 -1.992698 -0.4444419 1.418363 0.823772 0.01496364 19.73766 nan 0 0.0 0.011577873484232976 2.041659599854885 0.0
-0.03876638 0.01477554 -3.377369 -1.74812 1.776774 0.7195242 0.03041574 20.08139 0.5206852 1 0.996853 0.04148673041583297 3.802965276801906 0.0
0.01089466 -0.005183194 -2.163272 -2.177988 0.2331819 0.1514658 -0.2575189 17.73742 0.9221134 1 0.9998914 0.012064788293096403 3.0697520216017447 0.0
0.0002468491 0.006981528 -2.580054 -1.62859 3.447604 1.714012 -0.1478323 20.69262 nan 0 0.0 0.006985890615587594 3.0510627707433358 0.0
-0.005409628 -0.0006344297 -6.635409 -1.588713 1.378224 0.645563 -0.06091301 19.37953 0.6101074 0 0.0 0.005446703236144419 6.822951091254429 1.0
-0.007217869 0.001700232 -3.310431 -0.3376482 3.199113 1.093369 0.07661981 20.40116 nan 0 0.0 0.007415417840889682 3.327605702712423 0.0
-0.008144471 -0.01391137 -3.850563 0.7717997 2.564222 2.151252 -0.2373804 20.75582 0.4723434 0 0.0 0.016120130990371666 3.927150391045534 0.0
-0.00488811 0.02435754 -1.546187 -2.108019 0.2817761 0.2004889 -0.2622363 18.02009 0.9953995 1 0.999961 0.024843175606667118 2.614275873608216 0.0
-0.04232581 0.01101509 -2.23023 -3.054998 2.470294 1.078778 0.136008 20.39441 0.5168228 0 0.0 0.043735642213922045 3.7824514052270386 0.0
0.007638205 0.0250481 -4.869858 -1.993435 1.43412 0.5814457 -0.1055088 19.75047 0.7937489 0 0.0 0.02618681899796203 5.262062337086952 0.0
0.002850442 0.0249564 -1.718935 -1.487813 2.393938 1.524217 -0.1711379 20.6735 0.1636581 0 0.0 0.02511865682227782 2.273395050842242 0.0
0.002503692 -0.002246207 -1.715313 -0.4404869 1.594736 1.344323 -0.4092397 19.15711 nan 0 0.0 0.003363617028990221 1.7709679265985059 0.0
-0.005439088 -0.01719784 -5.375199 -1.101019 2.593187 1.853497 -0.1654232 20.63495 0.7402744 0 0.0 0.018037443802749433 5.486802997006727 0.0
-0.004498198 0.0003516431 -1.709179 -2.699961 1.410087 0.965528 -0.2474367 19.53695 nan 0 0.0 0.0045119217764697135 3.195478407932371 0.0
-0.04382245 -0.0150084 -1.986503 -2.570072 2.584944 1.546631 -0.19716 20.52247 0.946312 0 0.0 0.04632126071862142 3.2483017492519073 0.0
-0.006871092 -0.008723443 -1.987537 -2.715695 1.354992 0.7307596 -0.1121373 19.84425 nan 0 0.0 0.011104519937697127 3.365308701946079 0.0
-0.02155353 0.006939019 -8.888152 -0.787264 3.467101 1.213219 -0.002554649 20.6895 0.7614937 0 0.0 0.022642982138915826 8.922949656968822 0.0
-0.01395971 -0.003693332 -27.45259 -9.040523 2.295276 1.248998 -0.122286 20.62542 nan 0 0.0 0.014440020933029287 28.902867570911177 0.0
-0.01485687 -0.006098423 -1.143987 -1.971359 1.009582 0.4650091 -0.04183234 19.43116 0.8308697 0 0.0 0.016059805393709756 2.279246051449909 0.0
-0.006957534 0.0001800642 -1.325491 -0.7180401 1.909199 0.6807236 0.1068673 19.8327 0.7152538 0 0.0 0.0069598636823775244 1.5074839887338802 0.0
-0.008779078 0.02454462 -4.422827 -1.886244 2.358245 1.083114 -0.01744013 20.57567 0.7761288 0 0.0 0.02606742375982874 4.808254891274484 0.0
0.01763466 0.01101076 -5.579407 -2.613798 2.104552 0.8558241 -0.09057028 20.18937 0.6979523 1 0.9943947 0.02078985495604046 6.161308501970422 0.0
0.06825669 -0.04136566 -1.204948 -0.5751881 2.346357 1.118126 -0.1888454 20.21707 0.4757767 1 0.9638692 0.07981286586128643 1.3351932568304896 0.0
-0.007433801 0.02617534 -0.1802229 -1.397429 1.748229 0.7408399 0.001192601 20.09423 0.599514 0 0.0 0.02721047264240739 1.4090025208371382 0.0
-0.02680845 -0.01683152 -2.520293 -1.298267 2.001787 0.9405837 0.05376034 20.30513 0.498867 1 0.9979042 0.031654273912268154 2.835026280149445 0.0
0.006742528 -0.003441999 -2.031052 -3.037479 1.173168 0.5903825 -0.1226034 19.61762 nan 0 0.0 0.007570273505414781 3.6539637247987287 0.0
0.01238373 0.009158261 -1.290906 1.26483 2.305677 1.106728 -0.1210204 20.49367 0.5098267 0 0.0 0.015402289221314506 1.807272317537122 0.0
-0.006060945 -0.009511208 -5.318066 -0.5092513 2.687885 1.303818 -0.0004217363 20.43304 nan 0 0.0 0.011278214925788966 5.342392990683828 0.0
0.00601842 0.01812818 7.17822 1.344781 3.956032 1.409557 -0.1800934 20.61749 0.6243896 0 0.0 0.01910110702050538 7.303100595388304 0.0
-0.01307821 -0.0166195 0.7034712 -1.73513 1.344613 0.7174997 -0.1209168 20.03124 0.8815556 0 0.0 0.02114822349640981 1.8723108305325373 0.0
0.005816719 -0.005679353 -1.504013 -2.058391 1.229072 0.6191207 -0.1077711 19.63754 0.6076412 0 0.0 0.008129530762815895 2.5493192450240514 0.0
0.004514025 0.01895592 0.4226661 -4.290084 2.674619 1.214137 -0.1414101 20.39271 0.4550533 0 0.0 0.01948597764411694 4.310854597309588 0.0
-0.01786744 -0.01943432 -2.31806 -3.119858 1.376662 0.6016359 -0.07369035 19.78781 0.8256435 0 0.0 0.02639958723192467 3.886761647408289 0.0
-0.009012766 -0.01817616 -0.6525964 -3.999577 3.081208 1.582017 -0.1193077 20.77956 0.4913063 0 0.0 0.020287995054128833 4.052468166466205 0.0
0.009778878 0.02643486 0.1633594 -1.599021 2.041659 0.729071 -0.02888546 20.03508 0.7850132 1 0.9986246 0.028185604094262094 1.6073439121760347 0.0
-0.001879653 0.007952378 4.488955 -3.611657 3.719678 1.341169 0.1137034 20.58148 nan 0 0.0 0.008171499939135593 5.761491410882602 0.0
0.00160677 -0.004687624 -2.187199 -1.76539 0.4490094 0.3226179 -0.2441616 18.80331 0.6945286 0 0.0 0.004955353529091138 2.8107723703105165 0.0
0.03510088 -0.01863056 2.452046 -1.761993 2.208523 1.035028 -0.1981021 20.48075 0.3908997 1 0.9913079 0.0397387662451667 3.019461693442227 0.0
-0.006697096 0.001135635 -3.38274 2.994868 2.221357 1.358925 -0.1572212 19.99896 0.9487171 0 0.0 0.006792699145880155 4.517982320131853 0.0
0.008868763 0.004414467 -6.721773 0.09965516 2.676417 1.122644 -0.2586901 20.37476 nan 0 0.0 0.009906688449944209 6.722511689424096 0.0
-0.03318947 -0.01990696 -1.11601 -1.07606 2.274134 1.13141 -0.1275101 20.65498 0.6020336 1 0.9964418 0.03870178258585126 1.5502849556452518 0.0
-0.005077484 -0.02053572 -2.888101 -1.574456 1.988225 1.22399 -0.1290564 20.58622 0.558176 0 0.0 0.021154116376929006 3.2893827813340604 0.0
0.01744713 0.005792233 -5.035968 -0.1912663 2.441761 1.094524 -0.2708121 20.49435 0.8882542 0 0.0 0.01838347922356345 5.039598842620283 0.0
-0.01206557 -0.01829804 -1.572344 -1.685048 0.274122 0.1850136 -0.2405533 18.01783 0.9698677 1 0.9997252 0.021917943499938586 2.3047022403425568 0.0
0.004283199 -0.005582124 -1.278015 -1.351926 1.367469 0.6144768 -0.01827343 19.77848 nan 0 0.0 0.00703604306588419 1.8603833609503715 0.0
0.008810944 0.003533269 -9.130712 7.8838 2.196342 1.609756 -0.4353655 19.73236 nan 0 0.0 0.0094929828819764 12.06334133094741 0.0
0.01283318 -0.004250366 -4.005505 -2.531729 1.637229 0.6812913 -0.1202769 19.91854 0.5693932 0 0.0 0.013518732190792004 4.738535853453681 0.0
0.0920247 0.02435938 3.985831 -4.218982 1.587274 0.6276129 -0.09097033 19.84512 2.018631 1 0.008822876 0.09519414269835304 5.804020837047796 0.0
0.001838222 -0.002709701 2.800199 -10.61042 0.8019182 0.5470657 -0.2616163 18.78917 nan 0 0.0 0.0032743762200891026 10.97370160957555 0.0
-0.003601686 -0.01954202 -2.191717 -2.281649 1.333579 0.6353761 -0.07590651 19.88224 0.7018528 0 0.0 0.01987115214885629 3.1637865868749744 0.0
0.01636055 0.02272747 -4.192279 -1.807819 1.64727 0.6077892 -0.08138275 19.87411 0.5488071 1 0.9979496 0.028003669204291783 4.565458657199953 0.0
-0.01430787 -0.01508971 -0.9829751 -2.070717 1.686017 0.5844629 0.06304077 19.73289 0.8106079 0 0.0 0.02079457842373824 2.2921843166091618 0.0
-0.003948489 -0.0006592653 0.5188294 -2.807116 0.6300041 0.1619124 0.06380417 17.42543 nan 0 0.0 0.004003148275907987 2.8546600819993193 0.0
-0.0004041413 -0.0002206202 -1.28413 -3.041077 0.2416541 0.1674579 -0.2908513 14.62079 0.9326134 0 0.0 0.00046043833790609793 3.301081516235096 0.0
0.00481847 -0.005101458 2.742744 -2.681668 1.913482 1.577713 -0.2670301 19.67324 nan 0 0.0 0.0070173019649053155 3.8358816342217863 0.0
0.02038151 0.02471155 -2.563768 -2.043123 1.904003 0.7399854 -0.05676024 20.07728 0.8526554 1 0.9985706 0.03203227518117625 3.2783010769227707 0.0
0.0004493835 0.003437675 11.67787 0.3811386 2.58067 0.9916348 0.2144668 19.77041 nan 0 0.0 0.003466922978045121 11.684088084626458 0.0
0.006337178 0.003981386 -3.209355 -0.9088946 2.849928 1.345638 -0.2983305 20.45099 nan 0 0.0 0.007484067041701323 3.3355732505724047 0.0
-0.0545229 0.003227031 -1.660377 -2.164602 2.109372 0.9101019 0.02030807 20.3638 0.6593037 1 0.9941684 0.05461831518350745 2.728067741192106 0.0
0.04310525 0.02509724 -1.292816 -1.996942 1.039766 0.3853619 -0.1367732 19.16114 0.2510643 1 0.9989869 0.0498791943918514 2.3788969211001976 0.0
0.03117466 0.0105988 0.5363684 -1.211293 2.886325 1.380922 -0.2724649 20.57829 -0.5228405 0 0.0 0.03292710111072033 1.3247346120516215 0.0
-0.04176004 0.01757242 -0.7307232 -2.092907 0.3281536 0.2108092 -0.2311988 18.27624 0.9605942 1 0.9948209 0.045306631804383775 2.216803127403794 0.0
-0.01343922 -0.00774649 -3.382109 -3.028958 1.486214 0.6447155 -0.009774871 19.92417 nan 0 0.0 0.015511954793916207 4.540181478051841 0.0
-0.00568505 -0.01730846 11.79011 -3.562906 3.553905 3.267878 -0.3955743 20.57341 0.6532345 0 0.0 0.018218193683076818 12.316695700427774 0.0
0.01306508 -0.009890379 -4.716927 -0.2636539 2.435025 1.660293 -0.3103744 20.70032 0.4222775 0 0.0 0.016386455143503155 4.724289756388172 0.0
0.003646596 -0.003276154 24.50744 -0.910369 2.995462 1.704132 0.2503544 20.15953 nan 0 0.0 0.0049021268260758 24.5243427449088 0.0
0.01580488 -0.06885963 -2.391705 -1.605456 2.836001 1.531276 -0.24955 20.70512 0.207901 1 0.9749716 0.07065014420049899 2.880580110838961 0.0
-0.007536204 8.281395e-05 -11.73711 -3.541004 1.789529 0.7008948 0.008057887 19.97418 nan 0 0.0 0.007536658999844069 12.259627256981185 0.0
0.001548971 -0.01237233 4.201792 11.1172 3.122163 1.407666 0.005607319 20.61459 nan 0 0.0 0.012468915782366205 11.884746183712297 0.0
0.02515982 -0.009213824 -1.629682 -1.783543 3.156798 1.620426 -0.2358642 20.78313 0.2769699 0 0.0 0.026793863012551513 2.415965449664585 0.0
-0.01097926 0.0001631092 -2.160831 -2.219141 0.1014324 0.06055798 -0.2257691 15.597 1.066604 1 0.8675908 0.01098047151805079 3.097382344568071 0.0
-0.0009538475 0.004761377 -8.069113 -1.938159 2.34355 0.9088577 0.06849544 19.90831 nan 0 0.0 0.004855979405782653 8.298617048403306 0.0
-0.00918543 -0.0004263674 25.82261 -2.401773 3.321123 1.329183 0.1139863 20.41905 0.3303795 0 0.0 0.009195320192613347 25.934064485838487 0.0
-0.0005632603 0.0041968 -2.550728 -5.181778 2.195736 1.186483 -0.07179419 19.50382 nan 0 0.0 0.0042344294073176 5.775555087718236 0.0
0.01178211 -0.07731904 0.6790898 -1.768426 1.497546 0.8925353 -0.1417901 20.11127 0.4402752 1 0.9722746 0.07821158521966999 1.894331933410837 0.0
-0.07808492 0.04296816 -0.253963 -13.63626 0.3724435 0.2409506 -0.2239002 18.44025 0.8334312 1 0.0 0.08912641306140397 13.63862471046729 0.0
0.06542499 -0.05303211 -12.96769 -2.565522 4.511214 1.880186 -0.2725506 20.94604 0.5693283 0 0.0 0.08421896465495286 13.219035027890046 0.0
0.009634642 0.01919646 -1.58153 -2.081212 0.08088741 0.05143279 -0.2821151 15.58179 1.09961 1 0.9999938 0.021478603376378174 2.6139396568865165 0.0
0.005772911 0.00635983 -1.485309 -2.11701 0.1031043 0.07044361 -0.282656 15.96773 1.098638 1 0.9999872 0.008589175690531718 2.586092451089288 0.0
0.009925325 -0.004570995 -1.599112 -2.294423 2.194343 0.9411829 -0.07153295 20.38406 0.3945694 0 0.0 0.010927308527064201 2.7967009299302994 0.0
0.03058156 0.01062539 -2.343822 -1.932972 0.2776823 0.1758791 -0.267584 17.96143 0.9583378 1 0.999554 0.03237484709903199 3.0380721387860423 0.0
0.05760388 -0.07617868 0.1318417 -2.311488 3.334842 1.358717 -0.07480825 20.70436 0.5328236 0 0.0 0.09550601173537088 2.3152449131793573 0.0
0.01582855 -0.01173837 1.447359 -0.4067725 4.571243 2.1121 -0.2598821 20.91087 0.6342716 0 0.0 0.01970614943004848 1.5034333845027021 0.0
-0.01282792 0.0411102 -2.821911 -21.94518 0.4869909 0.3109336 -0.2125842 18.90441 2.465416 1 0.0 0.04306511436843515 22.125869630916682 0.0
0.0181577 -0.0104068 -1.006308 -1.499699 1.849109 0.7371424 -0.136902 20.06256 0.442112 0 0.0 0.020928534481181427 1.8060323589196843 0.0
-0.01029915 0.003151882 0.8472317 0.08704595 2.49551 0.9134116 0.2481949 20.24939 0.581913 0 0.0 0.010770647652969806 0.8516915820273748 0.0
0.01532004 0.01208437 -3.092116 -1.93934 1.487496 0.7788888 -0.2170099 20.07896 0.6176891 0 0.0 0.019512447921737036 3.6499617796705763 0.0
0.002171136 -0.01656086 -1.120248 -2.037498 1.212435 0.6041664 -0.05307256 19.66602 0.7513103 0 0.0 0.016702572121385855 2.325156700419995 0.0
-0.01601315 0.005547952 -2.430515 -2.691423 1.385779 0.7921488 -0.1052863 20.08637 0.1944447 0 0.0 0.016946998091603244 3.6264529405679595 0.0
-0.01015394 0.0124254 -2.234005 -1.807655 0.403215 0.2161183 -0.2102777 18.1917 0.9248753 0 0.0 0.016046590375640553 2.8737423230084493 0.0
-0.01627357 0.005288577 -7.133263 -1.795711 4.543934 1.775237 0.1062065 20.7314 nan 0 0.0 0.01711134498599771 7.355815320050525 0.0
0.02031483 -0.02275092 0.1055357 0.7236634 2.807622 1.575259 -0.2571886 20.74083 0.7495441 0 0.0 0.030500765216225315 0.7313183304649555 0.0
0.0005940252 0.009781516 -1.504125 -2.09773 0.1099243 0.07834847 -0.2823121 16.25849 1.085844 1 0.9999893 0.009799536784791976 2.5812522481394566 0.0
0.001360785 0.0009543115 -17.93174 2.378017 2.546013 2.100778 -0.4460002 18.14823 nan 0 0.0 0.0016620608458348478 18.08873307558849 0.0
0.002286889 -0.01719219 -5.46785 -2.422686 2.003179 1.030036 -0.0591511 20.21885 0.1890144 0 0.0 0.017343622986401113 5.980534347121167 0.0
0.005686466 -0.004212607 -1.582832 -0.5084006 1.533588 1.240124 -0.3688634 19.72485 nan 0 0.0 0.007076860413036632 1.6624765593247803 0.0
-0.01371369 -0.0027454 -1.785373 -1.163944 1.244039 0.5107233 -0.05292927 19.58176 0.6849022 0 0.0 0.013985796887417606 2.131272480060914 0.0
-0.006813412 -0.013488 -4.286813 -1.298352 1.257663 0.6920063 -0.1294539 19.91487 1.299021 0 0.0 0.015111211966011992 4.479116387511381 0.0
0.01740043 0.03819999 -2.019822 -2.126404 0.1527313 0.09439492 -0.2823127 16.86587 0.4538307 1 0.9997906 0.04197635286902616 2.9327930173982617 0.0
0.003256143 -0.01140719 -43.48909 -2.335344 3.414603 2.186919 -0.02940429 20.74584 nan 0 0.0 0.011862818001324516 43.55174830734624 0.0
0.02171336 0.01597033 -10.88114 0.8766277 3.325408 1.746843 -0.1211592 20.82855 nan 0 0.0 0.02695406171244883 10.916395184492329 0.0
0.005252088 0.007735011 -1.441777 -2.112708 0.227737 0.15531 -0.2801939 17.49241 0.04148293 0 0.0 0.009349589484563747 2.557783417530304 0.0
0.03869144 0.03448988 -1.560807 -2.11129 0.1983741 0.1243308 -0.3175276 17.01414 0.3018188 1 0.9999215 0.05183222310192763 2.6255787848299277 0.0
0.004369434 0.01660797 -5.826002 -1.093485 2.972854 1.463386 -0.06774147 20.68314 0.5125484 0 0.0 0.017173136609287657 5.927732175902433 0.0
-0.007404672 0.03078921 -3.050518 -2.226148 1.068341 0.4735108 -0.02304257 19.46802 0.9072399 1 0.9989693 0.03166709048605009 3.7764262188248825 0.0
0.008637786 -0.005150899 -1.952316 -3.657972 1.131567 0.5069619 -0.09991761 19.38066 0.6091423 0 0.0 0.01005699296459916 4.146359477498303 0.0
-0.007102787 -0.01394385 -3.268436 -0.3319445 1.092347 0.7060549 -0.1660713 19.96667 0.603014 0 0.0 0.015648659239368368 3.285249006875468 0.0
-0.008649862 0.005497829 -1.713848 -2.138095 0.05081065 0.03299929 -0.2512042 14.36726 1.394246 1 0.9999986 0.010249206619650371 2.7402053200680054 0.0
0.01129788 0.02291589 0.07801538 -1.770066 3.722877 0.8337992 0.05897685 20.22927 0.2021313 0 0.0 0.02554956177679962 1.7717844236454232 0.0
