jas1101finalproject/data/gcs/NGC_6981_M_72.ecsv
# %ECSV 0.9
# ---
# datatype:
# - {name: x, unit: deg, datatype: float64}
# - {name: y, unit: deg, datatype: float64}
# - {name: pmx, unit: mas / yr, datatype: float64}
# - {name: pmy, unit: mas / yr, datatype: float64}
# - {name: pmx_e, unit: mas / yr, datatype: float64}
# - {name: pmy_e, unit: mas / yr, datatype: float64}
# - {name: pm_corr, datatype: float64}
# - {name: g_mag, unit: mag, datatype: float64}
# - {name: bp_rp, unit: mag, datatype: float64}
# - {name: filter, datatype: int64}
# - {name: memberprob, datatype: float64}
# - {name: r, unit: deg, datatype: float64}
# - {name: pm, unit: mas / yr, datatype: float64}
# - {name: member_prob_GMM, datatype: float64}
# meta: !!omap
# - comments: [deg deg mas/yr mas/yr mas/yr mas/yr dimless mag   mag   zeroone float]
# - __serialized_columns__:
#     bp_rp:
#       __class__: astropy.units.quantity.Quantity
#       unit: &id001 !astropy.units.Unit {unit: mag}
#       value: !astropy.table.SerializedColumn {name: bp_rp}
#     g_mag:
#       __class__: astropy.units.quantity.Quantity
#       unit: *id001
#       value: !astropy.table.SerializedColumn {name: g_mag}
#     pm:
#       __class__: astropy.units.quantity.Quantity
#       unit: !astropy.units.Unit {unit: mas / yr}
#       value: !astropy.table.SerializedColumn {name: pm}
#     pmx:
#       __class__: astropy.units.quantity.Quantity
#       unit: !astropy.units.Unit {unit: mas / yr}
#       value: !astropy.table.SerializedColumn {name: pmx}
#     pmx_e:
#       __class__: astropy.units.quantity.Quantity
#       unit: !astropy.units.Unit {unit: mas / yr}
#       value: !astropy.table.SerializedColumn {name: pmx_e}
#     pmy:
#       __class__: astropy.units.quantity.Quantity
#       unit: !astropy.units.Unit {unit: mas / yr}
#       value: !astropy.table.SerializedColumn {name: pmy}
#     pmy_e:
#       __class__: astropy.units.quantity.Quantity
#       unit: !astropy.units.Unit {unit: mas / yr}
#       value: !astropy.table.SerializedColumn {name: pmy_e}
#     r:
#       __class__: astropy.units.quantity.Quantity
#       unit: &id002 !astropy.units.Unit {unit: deg}
#       value: !astropy.table.SerializedColumn {name: r}
#     x:
#       __class__: astropy.units.quantity.Quantity
#       unit: *id002
#       value: !astropy.table.SerializedColumn {name: x}
#     y:
#       __class__: astropy.units.quantity.Quantity
#       unit: *id002
#       value: !astropy.table.SerializedColumn {name: y}
# schema: astropy-2.0
x y pmx pmy pmx_e pmy_e pm_corr g_mag bp_rp filter memberprob r pm member_prob_GMM
[from data line 576]
0.01080468 0.0113507 -1.738887 -3.481288 0.7549679 0.4721586 0.328608 19.34394 0.7775631 0 0.0 0.015670976370105342 3.891412871658956 0.0
-0.01761551 0.001964264 -0.5661859 -2.838813 0.8273226 0.5345685 0.3608463 19.48294 0.8331509 0 0.0 0.017724686897708404 2.89472377306157 0.0
0.004011696 -0.02631351 -2.480315 -2.845678 1.216967 0.7304919 0.5270684 19.75378 0.5997829 0 0.0 0.026617560243503084 3.774896790497589 0.0
-0.007725018 -0.00346261 9.264604 -4.14411 0.6843777 0.5133401 0.3409545 18.09109 0.8141785 0 0.0 0.00846555202644364 10.149213514795914 1.0
0.007556828 -0.009497456 -2.345474 -3.955647 1.598317 1.144173 0.7155695 19.82242 nan 0 0.0 0.012137022694776508 4.598738030512828 0.0
0.01065478 -0.01155846 2.201943 -1.438015 1.068721 0.6791452 0.3363404 19.51719 nan 0 0.0 0.015720125140087148 2.6299125680284505 0.0
0.02811959 0.06834763 1.730447 -4.202754 2.95166 2.370241 0.4299458 20.89798 1.097607 0 0.0 0.07390608816860084 4.545061936247404 0.0
0.01399133 -0.007266127 -0.2662743 -2.550168 1.02256 0.6193969 0.3091196 19.68436 0.6269455 0 0.0 0.015765592813117717 2.56403175313109 0.0
-0.06591049 0.02220008 -8.719241 -9.275819 4.497946 3.610608 0.5361792 20.89578 0.3085308 0 0.0 0.06954880476360827 12.730513804903634 0.0
-0.05333252 -0.004631496 0.2485189 -3.617442 1.54142 0.9972773 0.4203726 20.24602 0.5944805 0 0.0 0.05353324616300058 3.625968597081504 0.0
-0.0006351119 -0.003709496 1.374363 -1.803564 1.303769 0.8899323 0.4175815 18.29094 0.5908794 0 0.0 0.003763472824338926 2.26753539285829 0.0
2.025386e-05 -0.04173249 -2.731412 -3.757027 0.9638993 0.5945395 0.411423 19.63291 0.7142849 0 0.0 0.04173249491486155 4.64498260410876 0.0
-0.05554272 0.02225212 -1.19837 -1.560152 1.247204 0.8123865 0.3431831 20.06755 0.8030949 1 0.8838739 0.05983435960627305 1.9672734736187543 0.0
-0.01138926 -0.0004539031 -4.265253 -6.018491 1.060413 0.7358866 0.4980073 19.4162 0.6936302 0 0.0 0.011398301249387543 7.37662640175643 0.0
0.01795262 -0.01676878 -1.415439 -3.940666 0.9672561 0.6260706 0.3917746 19.63894 nan 0 0.0 0.024566003898737785 4.187160862240308 0.0
-0.000277638 -0.003704727 -1.657505 -3.417012 0.2737513 0.170096 0.3392843 16.69166 0.3672733 0 0.0 0.0037151157456495215 3.7978011839969983 0.0
0.01876102 0.0399557 0.8146468 -3.65523 1.36994 0.9484721 0.4225751 20.16997 0.7413673 0 0.0 0.04414106743079963 3.7449106480195544 0.0
-0.01174674 -0.000515908 -21.6006 5.232778 3.19924 2.193464 -0.0291364 20.27265 nan 0 0.0 0.011758063688042518 22.225388319606118 0.0
-0.02219697 -0.06998985 -1.039891 -4.457624 0.4509832 0.3516625 0.4482472 18.53701 0.9796486 1 0.2138409 0.07342536741619617 4.577311986008492 0.0
0.009761322 -0.006282694 3.851124 -0.9809569 1.274267 0.8644392 0.4680827 20.0056 0.5687027 0 0.0 0.011608430173168118 3.974095180419514 0.0
0.01330616 -0.007779167 -6.450353 -3.583582 2.336757 1.635481 0.4440195 20.34394 nan 0 0.0 0.015413284308008108 7.3789642752443925 0.0
0.01104294 0.009606422 -0.9639822 -3.308148 1.131913 0.6709508 0.309824 19.80326 0.612772 0 0.0 0.014636593438559534 3.4457372029539397 0.0
0.005263199 -0.004099602 -1.146425 -2.81208 0.1716451 0.1156314 0.3126951 16.73008 0.5059109 0 0.0 0.0066714316508531355 3.036788469259095 0.0
0.02302285 0.05357859 -3.437981 -6.053127 2.450353 1.359773 0.580898 20.51242 0.8151836 0 0.0 0.058315666235674614 6.961326011220132 0.0
-0.005878218 0.003142587 -1.567552 -3.330802 2.454564 1.810263 0.4359769 19.68409 nan 0 0.0 0.0066655307296638435 3.6812309403116776 0.0
-0.03030191 -0.03366237 -12.37745 -7.431184 1.11371 0.6887045 0.3401555 19.83202 1.38699 1 0.0 0.04529195186415573 14.436889005057703 0.0
0.01616619 -0.003220768 2.938707 -1.455329 1.345342 0.9086377 0.4059082 20.0479 0.5254631 0 0.0 0.016483902621221836 3.279326353092964 0.0
0.001807682 0.004226022 6.594375 -10.28421 2.729123 1.47637 0.1292946 19.95791 nan 0 0.0 0.004596409050292196 12.216822703335144 0.0
0.0007948251 0.009746848 -2.522432 -4.017477 1.809405 1.128382 0.2587569 20.34217 0.5579605 0 0.0 0.009779202057156506 4.743710008016194 0.0
-0.02610771 0.02178376 -1.58388 -2.981798 0.8119494 0.526893 0.372963 19.42525 0.5626945 0 0.0 0.03400212818606653 3.3763582699713606 0.0
-0.002482087 -0.0009810453 -1.584557 -3.243818 0.2612057 0.1661949 0.1630956 16.73134 0.7141523 0 0.0 0.002668933449192971 3.6101490417118516 0.0
0.04938618 0.02107177 4.06572 0.4673869 1.832718 1.211818 0.3356369 20.50696 1.706385 0 0.0 0.053693707880209766 4.092496748036779 0.0
0.04351424 0.004176578 -1.399876 -3.084981 2.000742 1.299255 0.3484654 20.45859 0.4947586 0 0.0 0.04371421835704813 3.38773679404658 0.0
-0.004507649 -0.009237985 -0.1873699 -3.912619 0.4851568 0.3459102 0.2956988 18.32353 0.7728863 0 0.0 0.01027906933372015 3.9171028731177087 0.0
0.01321792 0.01423641 -3.764364 -4.459281 3.827236 2.09659 -0.05117174 20.66751 nan 0 0.0 0.019426496823012118 5.835719609564617 0.0
0.002522725 0.01171713 0.3533734 -1.95263 0.7295647 0.452067 0.2680423 19.27558 0.6419468 0 0.0 0.011985627929421344 1.9843479222977911 0.0
-0.01495999 -0.07004559 0.5374214 -1.881792 1.325992 0.8623292 0.3976456 20.1099 0.678894 1 0.8940624 0.07162531660836272 1.957029098516923 0.0
-0.01934284 -0.004667711 -1.319305 -3.299651 0.1310899 0.08561799 0.4114491 16.52026 1.138986 1 0.9999266 0.01989806486181812 3.5536266552391234 0.0
0.01384249 -0.005352095 13.92662 4.044503 2.326791 1.853785 0.5730176 19.486 nan 0 0.0 0.014841140464570943 14.502025690965004 0.0
0.001658732 0.004559809 5.813686 -3.976078 1.626847 0.9290261 0.2160977 19.51969 nan 0 0.0 0.004852138700027545 7.043304705085532 0.0
0.001688571 0.01199561 -1.182572 -3.604653 0.4362036 0.3032486 0.4231514 18.44593 0.8174992 0 0.0 0.012113873504958725 3.7936789249477876 0.0
0.008451329 0.01603333 -2.250515 -2.073526 2.006948 1.218748 0.2967235 20.45721 0.4358807 0 0.0 0.018124365720078067 3.060118925450611 0.0
0.005590701 -0.01247573 -2.018056 -3.302156 1.297862 0.864612 0.1675115 19.91261 0.3020592 0 0.0 0.013671129313421808 3.8699850474481168 0.0
-0.003822507 -0.009139745 7.49567 -0.8390216 1.529951 0.8475999 0.1028591 19.99279 nan 0 0.0 0.009906891461506681 7.542481421532741 0.0
0.03216603 0.01968594 -0.1191584 -2.905775 0.9952188 0.5818937 0.5227907 19.45799 0.9865551 0 0.0 0.03771193073344959 2.908217164332052 0.0
0.0440563 0.03833138 -5.21377 -4.670121 2.335701 1.222463 0.6096275 20.23593 0.8494453 1 0.9042926 0.05839736520078966 6.99953053908196 0.0
0.01336549 -0.01244455 -2.38206 -3.966262 1.14255 0.6706904 0.5090259 19.67378 0.525259 0 0.0 0.018262068547746722 4.626601787083474 0.0
-0.09745512 0.00741862 -1.066038 -2.303072 1.318342 0.8193451 0.3634452 20.13987 0.8786793 0 0.0 0.09773707759555122 2.537829319443685 0.0
0.0029994 0.01298932 -3.963177 -2.940429 1.107042 0.7201053 0.3719218 19.74856 0.5118961 0 0.0 0.013331122774260238 4.934865209645548 0.0
0.02459365 -0.03443424 -1.317361 -3.366558 0.2863605 0.1891042 0.3183455 17.8565 1.018921 1 0.9993453 0.04231506238563403 3.615128320223917 0.0
0.01187792 0.02780821 -2.274596 0.6253344 1.473486 0.9612762 0.3950956 20.10149 0.6749001 0 0.0 0.03023874215192325 2.3589892062151026 0.0
0.01467652 -0.006653906 -1.352732 -2.105464 2.053436 1.445837 0.7622782 19.95272 0.5153904 0 0.0 0.016114425350202098 2.502571181629006 0.0
0.01518403 0.01201138 1.307226 -3.119721 1.165995 0.7120654 0.3307454 19.83101 0.7041912 0 0.0 0.019360475628075358 3.382528482203365 0.0
0.00657393 -0.004269386 -0.1074895 -7.992824 1.950715 1.587039 0.4988175 19.88773 nan 0 0.0 0.007838635880170478 7.993546740189004 0.0
0.03883721 0.004570239 -0.8561534 -3.276252 1.077468 0.7245105 0.3894501 19.8709 0.6683331 0 0.0 0.03910519102499335 3.386270191794441 0.0
-0.00957165 -0.01201236 2.20736 -1.009541 1.905578 1.39682 0.3809494 20.4517 0.1696205 0 0.0 0.015359468626619216 2.4272641389599525 0.0
0.0003777303 -0.003966988 -4.939329 -3.174677 1.353228 0.7876022 0.1959656 19.13352 nan 0 0.0 0.003984930861593723 5.87158794744403 0.0
-0.04139081 0.0191973 6.043551 -1.123239 1.422835 0.9615 0.4212966 20.19951 1.780174 1 0.003295504 0.04562603949222527 6.14704600118805 0.0
0.002403565 0.01222639 -1.325096 -3.191938 1.622753 1.260737 0.466379 20.26014 nan 0 0.0 0.012460406780732522 3.456059548830141 0.0
-0.002899322 0.01483469 -1.194049 -3.926601 1.164148 0.7570063 0.3727671 19.97866 nan 0 0.0 0.015115359587379454 4.1041379640068145 0.0
-0.01419404 0.08202922 -1.339769 3.105732 1.977816 1.129025 0.324955 20.41225 2.037621 0 0.0 0.08324820541807493 3.3823885390630393 0.0
0.01247389 0.02998065 -0.1538807 -3.353898 0.7844242 0.4912026 0.3757506 19.36656 0.8832226 0 0.0 0.03247210042720674 3.357426255964007 0.0
0.006991648 0.02029535 -4.566378 -2.036107 3.365798 2.140719 0.681843 20.60361 nan 0 0.0 0.021465888599785567 4.999753969380193 0.0
0.01077372 -0.01663296 -0.7587468 -2.22577 3.627454 2.473563 0.7024449 20.6294 0.2056313 0 0.0 0.019817376239048397 2.351541791976115 0.0
-0.01851486 0.08083304 -0.4454557 -2.253106 2.635652 1.485784 0.5636886 20.57724 2.035076 0 0.0 0.08292635525851356 2.296718839540114 0.0
0.003207595 -0.01473208 2.73795 -2.192187 2.437725 1.561269 0.4360081 20.26573 nan 0 0.0 0.015077229414266568 3.50742840917231 0.0
-0.01892722 0.01489981 -1.648461 -5.386691 0.7110732 0.4446837 0.2946568 19.20543 0.86759 0 0.0 0.024088254294666104 5.633281778679458 0.0
0.03475592 0.004632811 -2.01626 -4.473122 0.7437286 0.4619626 0.3250977 19.30659 0.8801346 0 0.0 0.035063327178237395 4.9065389853219346 0.0
0.00237372 0.006454754 -2.672351 -0.8585471 0.4492851 0.3227692 0.3766029 16.67414 nan 0 0.0 0.0068773829207712436 2.8068778010664106 0.0
0.002373814 0.01667051 4.006478 -2.023594 2.70895 2.022338 0.5713233 20.62366 nan 0 0.0 0.016838672648599593 4.488518535254144 0.0
0.01411016 -0.01334199 1.750182 -1.053923 3.359036 2.293789 0.7163153 20.55336 nan 0 0.0 0.019419199581488935 2.0430102111964588 0.0
-0.08542078 0.01080271 -2.197751 -5.721741 0.2777805 0.1701826 0.4797191 17.65664 0.9147491 1 0.0 0.0861011509746095 6.129309058049039 0.0
0.01169739 -0.0112867 -0.6772991 -2.431574 1.293353 0.5842722 -0.282477 19.34077 0.5936985 0 0.0 0.01625480020492716 2.524140683150765 0.0
0.00434007 0.01630428 8.289894 -0.1867246 2.02612 1.270681 0.4134115 20.16879 0.6727619 0 0.0 0.016872040597488498 8.291996659881212 0.0
-0.02148741 -0.007815006 1.466455 -3.990633 0.9227761 0.5799128 0.3656567 19.49217 0.7575169 0 0.0 0.022864450732264178 4.251545837423607 0.0
7.983838e-05 0.004507362 21.29548 4.143457 1.813212 1.067275 0.3411694 19.44364 nan 0 0.0 0.004508069028527073 21.694831281695855 0.0
0.006305485 -0.01817967 -5.307128 -10.32325 0.4166302 0.3100563 0.4308649 18.40755 0.7756481 0 0.0 0.019242129362264587 11.607544881278038 0.0
0.01217404 -0.01066779 0.2200928 -1.460243 2.132564 1.667294 0.5450933 20.44561 nan 0 0.0 0.016186691861084526 1.4767364218643895 0.0
0.004786914 0.01451422 -2.137321 -3.393709 0.2535303 0.1666474 0.3842412 17.16527 1.007294 0 0.0 0.015283230281972328 4.010661022041379 0.0
-0.003256878 0.0193551 -1.24425 -3.432012 0.7049234 0.4828683 0.5123943 18.67411 0.835043 0 0.0 0.019627204342872778 3.6505978182544294 0.0
0.007288532 -0.01641922 -2.149281 -3.997991 1.586575 1.384858 0.51018 20.13376 0.354393 0 0.0 0.0179642279022346 4.539090311179322 0.0
0.002731133 -0.0006739647 0.782449 0.5132833 1.192324 0.7725435 0.5674794 19.2046 nan 0 0.0 0.002813061656013798 0.9357810554076685 0.0
-0.000903345 0.03274947 -1.656935 -2.102078 0.9275772 0.5845953 0.3590356 19.6284 0.6333561 0 0.0 0.032761926339425235 2.6765958813965547 0.0
0.0119068 0.007849716 -6.425759 -3.693272 2.055934 1.160642 0.2604707 20.38446 0.4927731 0 0.0 0.014261484057441428 7.411520545209667 0.0
-0.00117135 0.002353963 -0.2435647 -3.785583 0.214458 0.1342802 0.3904262 16.35763 0.9658928 0 0.0 0.0026292969835811624 3.7934103934289904 0.0
0.007051252 0.02101823 -1.479587 -3.511242 0.3455319 0.2460069 0.3848278 18.18951 0.8397713 0 0.0 0.022169486847926904 3.8102490828203086 0.0
0.001569283 -0.008219426 1.891884 -1.098882 0.3965028 0.2612173 0.2328713 17.1617 0.2597914 0 0.0 0.008367891783691099 2.187868076319959 0.0
-0.01061319 -0.03776828 -1.027828 -4.217327 1.156778 0.7957413 0.3554092 19.92274 0.7171555 0 0.0 0.039231145485882774 4.34076922013979 0.0
0.002492816 -0.0004136092 -2.053022 -3.467016 0.8906581 0.55666 0.3382269 19.1114 nan 0 0.0 0.0025268961554010564 4.029280243013633 0.0
0.01136971 -0.01144023 0.3063496 -2.927396 0.7384726 0.4725943 0.3566878 19.26333 0.7008915 0 0.0 0.01612914033471716 2.9433819694759564 0.0
0.032968 0.0007067684 0.8505345 -5.024841 1.538085 1.065287 0.268938 20.25172 0.4756031 0 0.0 0.03297557498469494 5.096315925349532 0.0
-0.005580282 0.001617669 -0.6675328 -2.224626 0.568277 0.3577606 0.2984444 17.00635 0.2737198 0 0.0 0.005810025834115111 2.322619400364993 0.0
-0.00140949 -0.03075475 -0.2638021 -5.091773 2.011414 1.240777 0.5450049 20.38156 0.4126511 0 0.0 0.0307870315169001 5.098602144852392 0.0
0.003297151 0.0002444171 4.275711 -2.214511 2.781203 1.638309 0.3670031 19.51659 nan 0 0.0 0.0033061978820955965 4.815159761071485 0.0
-0.004180237 0.00712135 -1.801183 -2.122721 0.7808031 0.4899324 0.3247819 19.21934 0.5858364 0 0.0 0.008257602993524757 2.783918936199472 0.0
-0.02083245 -0.002959796 -3.463567 -4.389619 1.382844 0.9705599 0.4408543 19.98623 0.4738617 0 0.0 0.021041657856835233 5.59151601344841 0.0
0.01747695 -0.002861318 2.181139 -0.6180165 2.148325 1.075086 0.5085169 19.85523 nan 0 0.0 0.017709627946391873 2.2670050135792046 0.0
0.009612227 -0.01027668 -1.087063 -3.322553 0.5306308 0.3960484 0.4413005 18.61844 0.6467037 0 0.0 0.014071427067711683 3.4958638994929423 0.0
0.009940129 -0.004429711 -2.701291 -5.08849 0.3266393 0.2070019 0.3717247 16.81305 1.002335 0 0.0 0.010882486116699713 5.76105055929741 0.0
-0.07933002 -0.03257226 -0.4613835 -2.117549 1.552867 1.022024 0.3482077 20.35021 0.7381916 0 0.0 0.08575665685361107 2.1672306064360685 0.0
0.01068486 -0.004554673 -0.3151664 -2.530461 0.1722796 0.1136523 0.4180286 16.76608 0.7225742 0 0.0 0.01161513148253299 2.5500123004036586 0.0
-0.01123975 -0.01325602 -0.03098442 -3.798799 3.432348 1.551919 0.5779356 20.49309 0.6043549 0 0.0 0.017379702135045354 3.798925358135342 0.0
0.005739421 -0.022434 -1.311926 -6.131793 2.294476 1.622123 0.4792811 20.38758 nan 0 0.0 0.023156539236579395 6.270568971339443 0.0
0.003386056 -0.03506633 0.958055 -2.913693 1.639498 0.9541368 0.5023552 20.14093 0.5930862 0 0.0 0.03522943194126235 3.0671609480550575 0.0
-0.00674196 -0.003617077 -14.37601 6.497428 1.922724 1.262362 0.1343151 19.74627 nan 0 0.0 0.007650965342068215 15.77612861684653 0.0
0.01634724 0.0332935 -0.7692809 -3.176352 0.1901188 0.123192 0.4038998 17.21238 1.065458 1 0.9972362 0.03709028710953313 3.268180706602499 0.0
-0.01034564 -0.02472582 -0.4571218 -2.951759 0.8489007 0.5501879 0.3452085 19.45258 0.7610741 0 0.0 0.026802955838526463 2.9869451843172885 0.0
-0.004269783 0.01760604 2.365239 0.4280839 1.288263 0.8052769 0.324016 19.79954 0.6270142 0 0.0 0.018116392890106157 2.4036662315222155 0.0
0.003267503 0.0114396 -1.004364 -3.555938 0.1607743 0.1031319 0.3862889 16.68883 0.8290386 0 0.0 0.011897101496373349 3.6950564412928792 0.0
0.01065494 -0.007690352 -1.130635 -3.145122 0.0972392 0.06299801 0.4330028 15.74355 1.191925 1 0.999777 0.013140367585707182 3.3421741274369596 0.0
-0.004358478 -0.02261708 -4.848213 -4.749111 2.576137 1.4433 0.5855938 20.62129 0.3271599 0 0.0 0.023033207293012496 6.786694672938367 0.0
0.01113244 0.01263147 1.777605 -1.034467 1.30188 0.7976373 0.1992867 19.23325 0.7682381 0 0.0 0.016837020363309536 2.0566967472415567 0.0
0.01041641 -0.01294604 -0.7935473 -2.583431 0.9451254 0.5707972 0.3226706 19.58084 0.4523067 0 0.0 0.016616303709601002 2.7025604616915215 0.0
-0.04308436 -0.008285013 0.368959 -3.57751 1.910455 1.239168 0.3130209 20.57032 0.6431484 1 0.9613639 0.04387372239757836 3.596485582312406 0.0
