jas1101finalproject/data/gcs/NGC_6426.ecsv
# %ECSV 0.9
# ---
# datatype:
# - {name: x, unit: deg, datatype: float64}
# - {name: y, unit: deg, datatype: float64}
# - {name: pmx, unit: mas / yr, datatype: float64}
# - {name: pmy, unit: mas / yr, datatype: float64}
# - {name: pmx_e, unit: mas / yr, datatype: float64}
# - {name: pmy_e, unit: mas / yr, datatype: float64}
# - {name: pm_corr, datatype: float64}
# - {name: g_mag, unit: mag, datatype: float64}
# - {name: bp_rp, unit: mag, datatype: float64}
# - {name: filter, datatype: int64}
# - {name: memberprob, datatype: float64}
# - {name: r, unit: deg, datatype: float64}
# - {name: pm, unit: mas / yr, datatype: float64}
# - {name: member_prob_GMM, datatype: float64}
# meta: !!omap
# - comments: [deg deg mas/yr mas/yr mas/yr mas/yr dimless mag   mag   zeroone float]
# - __serialized_columns__:
#     bp_rp:
#       __class__: astropy.units.quantity.Quantity
#       unit: &id001 !astropy.units.Unit {unit: mag}
#       value: !astropy.table.SerializedColumn {name: bp_rp}
#     g_mag:
#       __class__: astropy.units.quantity.Quantity
#       unit: *id001
#       value: !astropy.table.SerializedColumn {name: g_mag}
#     pm:
#       __class__: astropy.units.quantity.Quantity
#       unit: !astropy.units.Unit {unit: mas / yr}
#       value: !astropy.table.SerializedColumn {name: pm}
#     pmx:
#       __class__: astropy.units.quantity.Quantity
#       unit: !astropy.units.Unit {unit: mas / yr}
#       value: !astropy.table.SerializedColumn {name: pmx}
#     pmx_e:
#       __class__: astropy.units.quantity.Quantity
#       unit: !astropy.units.Unit {unit: mas / yr}
#       value: !astropy.table.SerializedColumn {name: pmx_e}
#     pmy:
#       __class__: astropy.units.quantity.Quantity
#       unit: !astropy.units.Unit {unit: mas / yr}
#       value: !astropy.table.SerializedColumn {name: pmy}
#     pmy_e:
#       __class__: astropy.units.quantity.Quantity
#       unit: !astropy.units.Unit {unit: mas / yr}
#       value: !astropy.table.SerializedColumn {name: pmy_e}
#     r:
#       __class__: astropy.units.quantity.Quantity
#       unit: &id002 !astropy.units.Unit {unit: deg}
#       value: !astropy.table.SerializedColumn {name: r}
#     x:
#       __class__: astropy.units.quantity.Quantity
#       unit: *id002
#       value: !astropy.table.SerializedColumn {name: x}
#     y:
#       __class__: astropy.units.quantity.Quantity
#       unit: *id002
#       value: !astropy.table.SerializedColumn {name: y}
# schema: astropy-2.0
x y pmx pmy pmx_e pmy_e pm_corr g_mag bp_rp filter memberprob r pm member_prob_GMM
[from data line 915]
0.01485927 0.01969828 -0.5739599 1.015731 0.2059803 0.2073465 0.4835673 17.52067 1.139996 1 0.0 0.02467428093970116 1.166678803771205 0.0
0.004408037 0.0004167931 -4.798779 -6.769707 1.080512 1.219493 0.4928749 20.06277 nan 0 0.0 0.004427697672783973 8.298024629795334 0.0
-0.003880048 -0.002196515 -1.54786 -2.811817 0.3427757 0.3897822 0.6248726 18.22033 0.8848915 0 0.0 0.004458637754687972 3.209701765131614 0.0
-0.01484969 -0.009513244 -3.318917 -5.063809 0.8926185 0.9964621 0.6115699 19.73228 1.058641 0 0.0 0.01763562033214698 6.054533148094079 0.0
0.007607456 0.003459033 1.949632 1.989488 0.07094731 0.06691164 0.4696746 15.37574 1.685308 1 0.0 0.008356931020836835 2.7855210352047246 0.0
0.01912581 -0.01843694 -11.47779 -20.04124 1.323973 1.488048 0.5777847 20.24313 2.666636 0 0.0 0.026565341419219516 23.095258474883973 0.0
0.008917316 0.04753357 -0.1785598 -8.70183 0.7096986 0.7829775 0.4675074 19.55553 1.286463 1 0.0 0.04836278322831261 8.703661812770303 0.0
0.0568186 -0.01210626 -0.8062623 -3.870852 0.6750794 0.7016623 0.5577996 19.51109 1.416386 1 0.1491674 0.05809401722335614 3.953928945024846 0.0
-0.002996251 0.04555896 -1.828807 -3.057884 0.2283087 0.2238655 0.4508061 17.84128 1.49926 1 0.9906619 0.045657380086209516 3.5630309570231073 0.0
0.04919816 0.04302311 -4.074087 -3.829673 0.3751029 0.4319072 0.5860543 18.25063 1.383335 1 2.039708e-06 0.06535630758739129 5.591473881768384 0.0
0.05529452 -0.002270623 -4.65387 -8.064432 1.071908 1.192543 0.6557906 19.97799 1.204309 1 0.003051804 0.0553411209756229 9.310938162157667 0.0
0.0007210352 0.03945329 -3.675342 -13.46165 0.7440424 0.8157939 0.532492 19.62926 1.358398 1 0.0 0.039459878149631165 13.954359875661227 0.0
0.05587174 0.02955853 -16.71582 -2.645555 1.100368 1.222018 0.6295691 20.03778 2.088503 1 0.0 0.06320884452660482 16.923876610588515 0.0
-0.003575124 0.05935791 -1.833061 -6.296051 0.5926589 0.6338341 0.4528334 19.26359 1.769819 1 5.173387e-06 0.05946547730560544 6.557466799330516 0.0
0.01202519 0.04883084 -2.671732 -5.712397 0.2436121 0.265779 0.452745 17.98664 1.360634 1 0.0 0.05028972190857392 6.306316782832353 0.0
-0.008815874 0.05215198 -3.24495 -3.096095 2.346824 2.850698 0.8625657 20.29414 1.471161 0 0.0 0.052891858090865704 4.485031187352548 0.0
0.0005991409 0.06570674 -1.224741 -9.668863 1.087264 1.261961 0.5547205 20.18904 1.401445 0 0.0 0.06570947154897575 9.746122420216668 0.0
0.0282348 0.05323451 7.677653 -11.8292 0.4479706 0.4955032 0.6732031 18.55049 1.437183 1 0.0 0.06025875028558176 14.102351868692294 0.0
-0.0003149302 0.05455114 2.768153 0.3254658 2.521849 3.010722 0.3808228 20.82578 1.506168 0 0.0 0.05455204905712041 2.787220661945989 0.0
-0.005250967 0.05127243 2.023112 -5.681992 2.027247 2.415761 0.5139068 20.77393 1.868214 0 0.0 0.05154061245794416 6.0314190082109205 0.0
0.007515758 0.04247194 -5.940853 -9.398676 1.293773 1.286642 0.7746 19.95094 1.18206 0 0.0 0.04313180155845758 11.118850881299965 0.0
0.03408497 0.05137573 -2.054508 -1.3327 1.101795 1.168095 0.6013779 19.99183 1.123537 0 0.0 0.06165428462754069 2.448896161960323 0.0
0.008582076 0.05652958 4.669109 -1.428058 0.7920839 0.8676859 0.4666215 19.74021 1.623589 1 0.0 0.05717731581183377 4.882614924939811 0.0
0.03892964 0.04998044 2.040413 -7.604341 1.913639 2.108205 0.6610323 20.615 1.875324 0 0.0 0.06335267360674844 7.873327584627099 0.0
0.02192803 0.03564241 -1.174099 -4.88862 0.998964 0.9733778 0.5222243 19.8321 1.19343 0 0.0 0.041847579264385176 5.027635027147555 0.0
0.00827759 0.03120214 -3.396335 -12.31446 1.733224 1.822805 0.658074 20.54774 1.992702 0 0.0 0.03228145035136588 12.774232521910074 0.0
0.02790053 0.02058308 0.8409912 1.383689 1.912347 2.15751 0.6474756 20.64875 nan 0 0.0 0.034671353543917205 1.6192163064885556 0.0
-0.003240026 0.03986099 -4.003528 -1.258026 0.7155667 0.7905619 0.4726572 19.50904 1.260199 0 0.0 0.03999245294128351 4.196530217150832 0.0
0.03292704 0.05411417 -3.555101 -5.053874 1.049952 1.113384 0.5882094 19.93382 1.215666 1 0.3312086 0.06334456060271079 6.179027878888151 0.0
0.04112483 0.01547826 -4.211813 -9.379498 0.351752 0.4008455 0.5881064 18.21869 1.139124 1 0.0 0.043941189960633745 10.281748464097582 0.0
0.02820479 0.03646009 -2.887012 -6.173785 1.659152 1.775288 0.431408 20.30459 1.085577 0 0.0 0.04609607729245733 6.815457395829644 0.0
0.02467041 0.03167423 -2.170126 -2.591939 1.842174 1.986656 0.5030051 20.38842 1.733952 0 0.0 0.040148299785433 3.3804725461977947 0.0
0.03414629 0.03990661 -1.652044 1.261988 1.436156 1.521283 0.6338372 20.21636 1.322819 0 0.0 0.05252148743567912 2.0789091105866078 0.0
0.02601112 0.03040802 -2.573282 -5.226169 0.908182 0.916038 0.5693851 19.66778 0.8558502 0 0.0 0.040015322614903405 5.82534313736839 0.0
0.01839376 0.0228693 -3.926124 -5.415447 1.107652 1.229998 0.6862581 20.02027 nan 0 0.0 0.029348514262694796 6.688909916659441 0.0
0.02284232 0.02695922 0.6683162 2.138503 1.082014 1.159597 0.6517552 19.80223 1.788694 0 0.0 0.03533512595125139 2.2405003066706866 0.0
0.03149582 0.02702358 0.4626006 -2.482497 0.2617663 0.2390766 0.3974731 17.87332 1.228876 1 0.0 0.04150012715027268 2.525230815218553 0.0
0.03688862 0.03823611 -1.516847 -2.906758 1.399316 1.548284 0.6619563 20.29381 1.12328 1 0.7095333 0.053129750549353226 3.2787294630653805 0.0
0.02366519 0.01946408 -1.786032 -3.013979 0.2207661 0.2141723 0.5234418 17.72466 1.417871 1 0.9963545 0.030641338547499848 3.5034239990993097 0.0
0.03177033 0.01805977 -7.225576 -7.184734 0.6079887 0.6779262 0.63085 18.92687 2.194675 0 0.0 0.036544618766130264 10.189668845577465 0.0
0.05050914 0.02709658 -6.461353 -3.723619 0.2290491 0.2163086 0.4384874 17.61876 1.260714 1 0.0 0.057318390340587895 7.4575076967958935 0.0
0.0309477 0.01582076 -1.631203 -2.821019 0.210413 0.198118 0.4789968 17.59221 1.446016 1 0.9935221 0.03475710837034059 3.2586763302865784 0.0
0.03170966 0.009387053 -1.85672 -3.009932 0.0553546 0.0515148 0.3887447 14.80081 1.804264 1 0.9997323 0.03306991535127372 3.5365378271727845 0.0
0.04639601 0.01978695 -2.107482 -2.53113 0.1604495 0.151113 0.4725577 16.96418 1.511654 1 0.03110405 0.050439202355138414 3.293645314423519 0.0
0.04173471 0.003747856 -0.5955753 -0.4201577 0.7121516 0.79431 0.5824662 18.60022 2.091082 0 0.0 0.04190265437154114 0.7288637944358192 0.0
0.04667044 0.01545823 -3.351742 -7.128268 0.1278503 0.1150657 0.3451757 16.62629 1.590884 1 0.0 0.04916387743584206 7.8769524001601035 0.0
0.01903345 0.0329785 -5.095912 -5.641978 1.13332 1.266455 0.7029824 19.9453 1.054705 0 0.0 0.038076944220256176 7.602646569730044 0.0
0.02680279 0.05144538 -16.27323 -26.40418 1.118464 1.244188 0.6347057 19.88687 2.143177 0 0.0 0.058008763778661064 31.016104463734642 0.0
0.05233874 -0.0003450702 -5.391776 2.386775 0.4150628 0.4632838 0.6001011 18.70824 1.529125 1 0.0 0.0523398775144777 5.896434798655965 0.0
0.03219574 0.05530433 -3.241727 -5.226193 1.116784 1.174719 0.5692706 19.92164 1.649664 0 0.0 0.06399323863422213 6.149950179942762 0.0
0.0650749 0.01024549 -1.210958 -1.094148 0.6167854 0.6720239 0.4973815 19.02717 1.897484 0 0.0 0.0658764956213527 1.632047524941599 0.0
-0.006561107 0.05786494 -0.7529393 -1.471142 0.1424998 0.1334446 0.3221388 16.99551 1.312481 1 0.0 0.05823572276763678 1.6526271127052494 0.0
-0.005433834 0.04164461 -1.950962 -3.057684 0.1710123 0.1657098 0.3699544 17.203 1.558598 1 0.9952081 0.04199762009913962 3.6270765320434033 0.0
0.03335495 0.0129002 -3.234166 -1.015316 0.4037488 0.4545931 0.6278936 18.37659 1.40048 1 0.0 0.035762659989750485 3.389792957602573 0.0
0.002000762 0.03987935 -3.13006 -4.781876 0.0928988 0.0892437 0.363228 16.32934 1.742876 1 0.0 0.03992950794842261 5.715208979816573 0.0
0.01677864 0.03505175 -2.042612 -5.340349 0.8622341 0.9258625 0.6634835 19.67695 1.326838 1 0.1507163 0.03886062194963045 5.717656095319567 0.0
0.004407883 0.03643325 -1.711841 -2.936517 0.1054278 0.09842431 0.5006959 16.21785 1.651343 1 0.9977029 0.03669892557152306 3.3990486463965177 0.0
0.0287222 0.05704659 -0.2773811 -4.554851 0.411634 0.4536014 0.6500035 18.25244 1.296061 1 0.0 0.06386922735925417 4.5632891544190155 0.0
-0.002082156 0.05036118 -1.766593 -4.249652 1.896715 2.160209 0.6892734 20.70573 0.7359734 0 0.0 0.05040420443376461 4.602216091053635 0.0
0.01808872 0.04230804 4.768438 -6.318289 1.100307 1.165874 0.689315 19.82674 1.165632 1 0.0 0.046012737800309164 7.915729710352989 0.0
0.04161126 0.04238429 -2.966689 -7.324486 1.789799 1.930559 0.7725855 20.33281 1.066031 1 0.0524966 0.059396338250701106 7.902489404416624 0.0
-0.02143007 0.05725098 -2.317997 -1.616563 0.3416136 0.4045523 0.5229164 18.45776 1.351761 1 0.0007761458 0.06113037388373557 2.826019466489571 0.0
0.02695573 0.02887311 -4.208893 -9.474711 0.4670854 0.4494467 0.4746574 18.78037 1.099316 1 0.0 0.03950022608675804 10.367493854301047 0.0
0.02244604 0.03451875 0.4448407 -9.571072 0.6910231 0.7441427 0.5658985 19.2078 1.040522 1 0.0 0.04117485656616305 9.581403993025264 0.0
0.02945424 0.0299904 -1.392427 -5.597424 0.9255404 0.9385935 0.5401331 19.67402 1.258167 0 0.0 0.04203541775857116 5.768015983516777 0.0
0.02914967 0.02532526 -2.387306 -1.235317 0.6913899 0.7392528 0.642138 19.42183 1.319653 1 0.06094874 0.03861440217297815 2.687980287897402 0.0
0.02265965 0.02039985 -0.2613917 -3.569178 1.676932 1.827041 0.7530543 20.40439 0.9381027 0 0.0 0.030489565725752805 3.578736818559433 0.0
0.04066721 0.02959119 0.2757153 -22.40366 0.4062296 0.4452618 0.5691781 18.4938 1.283756 1 0.0 0.05029374210376675 22.40535650959953 0.0
0.03170908 0.02803925 -10.05738 -8.05674 1.832046 1.970302 0.6053982 20.46515 0.3561382 0 0.0 0.04232806746130634 12.886502702129853 0.0
0.02924113 0.02370616 -0.4261844 -1.487127 1.393253 1.552179 0.7180702 20.26916 1.238974 1 0.8317454 0.03764340188695092 1.5469905807510143 0.0
0.03652323 0.03122778 1.262661 -3.264616 1.489062 1.623121 0.6291504 20.16682 1.549305 0 0.0 0.04805330970246795 3.5002900491783535 0.0
0.04289128 0.03523131 -1.25232 -5.30039 1.765841 1.971914 0.6769291 20.41526 1.431351 0 0.0 0.05550591954336492 5.446323487867756 0.0
0.005108694 0.03521971 -1.638049 -3.015119 1.908854 2.143616 0.7560682 20.55188 0.7057934 0 0.0 0.03558829480137726 3.431347710530368 0.0
0.05486811 -0.005809255 -0.1075222 2.028915 2.264658 2.540663 0.5610881 20.53755 2.434107 0 0.0 0.0551747853518899 2.0317620679395114 0.0
0.06068792 -0.003045658 -0.6910476 -6.950606 0.8087802 0.8350783 0.5140383 19.57336 1.37282 0 0.0 0.060764295985219506 6.9848744120923 0.0
0.06608147 -0.006110199 -4.06623 -4.14338 1.186301 1.240812 0.66267 20.04962 1.283615 0 0.0 0.06636335742848234 5.805327229131877 0.0
-0.008114978 0.06481533 -5.395819 0.7677084 2.151612 2.739529 0.8586431 20.38581 1.086689 1 5.720139e-06 0.06532135845915472 5.450159526857132 0.0
0.03865698 0.008532082 2.471327 1.095845 0.8225388 0.9754967 0.8665901 18.89852 1.636559 0 0.0 0.03958735310645464 2.70339294312795 0.0
0.06044248 0.02543748 -10.1362 -4.129933 2.430896 2.567329 0.6866801 20.65253 1.826626 0 0.0 0.06557712083723102 10.945268248174141 0.0
0.04145968 0.02341642 -2.353096 -7.887518 0.4190034 0.4698057 0.593248 18.5832 1.387009 1 0.0 0.04761547848461464 8.231038876444455 0.0
0.01891175 0.02299305 -2.345235 -3.702291 0.9117713 1.01718 0.6753531 19.74523 0.9698391 0 0.0 0.029771372765880315 4.382588944209347 0.0
0.05136278 0.01756393 -0.800413 -1.245365 1.388492 1.540547 0.564546 20.23063 1.1537 1 0.6238001 0.05428284080971905 1.4804036455622502 0.0
0.04545228 0.0006991161 -2.643723 -9.704519 0.7916842 0.8333443 0.5846937 19.63286 2.685694 1 0.0 0.04545765634653506 10.05817877759637 0.0
0.05352688 0.004013282 -1.388801 -5.12048 2.802106 2.95607 0.7785981 20.63478 1.222878 0 0.0 0.05367712096364636 5.3054767597267825 0.0
0.06208904 0.005992396 -0.4753591 -2.941701 1.034965 1.075393 0.5126861 19.82129 0.9465981 0 0.0 0.062377541615091056 2.9798609107395957 0.0
0.01772324 0.03325337 -4.223339 -3.70422 1.891133 2.088955 0.8163451 20.40374 0.930584 1 0.610517 0.03768155851944688 5.6176363461264565 0.0
0.0614786 0.02311701 -0.9393887 1.104935 3.12549 3.467575 0.8351537 20.84832 0.4712162 0 0.0 0.06568115718606136 1.4502870350081358 0.0
0.01997827 0.02017544 -1.745374 -2.814282 0.1441867 0.135284 0.4576364 16.94958 1.531786 1 0.9973125 0.028393302931967953 3.311572674032687 0.0
0.04989993 0.02310065 -4.351915 -12.68224 1.158213 1.264297 0.6994664 19.93079 1.211515 1 0.0 0.05498766265652142 13.408145866779083 0.0
0.01821088 0.02623624 -1.430726 0.4109182 1.628277 1.789091 0.783673 20.13289 1.40098 0 0.0 0.03193706999259638 1.4885666441806493 0.0
0.01281769 0.02468382 2.610566 1.898687 1.696789 1.882846 0.5659329 20.4868 1.255577 0 0.0 0.027813380713758978 3.2280128816851086 0.0
0.004590712 0.0340288 -2.931476 -9.672965 0.8382334 0.9112326 0.6191357 19.69915 1.170164 0 0.0 0.03433706257248782 10.107413290738684 0.0
0.01946021 0.02322623 -2.213833 -3.633375 1.811599 1.992772 0.6365646 20.57593 nan 0 0.0 0.03030111438968871 4.254699806392221 0.0
0.05053921 0.03533799 0.6927291 -4.356842 1.945379 2.158295 0.6915723 20.66525 1.503309 0 0.0 0.06166834913198342 4.411569541438831 0.0
0.04072804 0.03239476 -8.177936 -8.544781 1.065632 1.117046 0.6314011 19.99026 1.997353 0 0.0 0.05204030858574149 11.82759145211133 0.0
0.0596503 0.02470382 -2.593224 -2.271223 1.127459 1.191026 0.6327203 20.07513 1.077253 0 0.0 0.06456343402176189 3.447211137993291 0.0
0.06352119 0.005551171 -0.8360962 1.879834 0.5701005 0.5957236 0.5404832 19.15827 1.151995 1 0.0 0.06376328942649792 2.0573849234429713 0.0
0.02521933 0.01283345 6.932917 -3.142933 0.8425717 0.8932327 0.7168119 19.48959 1.352463 0 0.0 0.028296855736130826 7.612053991622629 0.0
0.01668741 0.02449696 -5.775569 -5.723812 0.9202252 1.020918 0.6816643 19.68994 1.050522 0 0.0 0.029640693341244567 8.131372644584983 0.0
0.03463436 0.02355565 -3.559 -9.507349 0.2925914 0.2920581 0.4636535 17.96875 1.528214 1 0.0 0.04188564837187196 10.15165828856552 0.0
0.06160043 0.02400227 -3.807239 -1.50571 0.4432722 0.4988383 0.6025178 18.72387 1.741507 1 0.0 0.06611143578336352 4.094170417462005 0.0
0.02738244 0.0239996 -1.877403 -5.526447 0.9775635 0.9826367 0.6375505 19.9267 1.290167 0 0.0 0.03641124579733025 5.836630746262608 0.0
0.04200897 0.003133701 -4.226118 -1.735444 1.741113 1.962176 0.5834322 20.68002 nan 0 0.0 0.04212568862841652 4.568570807928887 0.0
0.03082513 0.03860951 -3.388366 -6.087074 0.7740346 0.8065605 0.5783068 19.42628 1.203201 1 0.01957496 0.04940529224644866 6.966598454872507 0.0
0.03429894 0.03080833 -2.103737 -5.516077 0.782924 0.8203183 0.561965 19.40591 0.9973984 0 0.0 0.04610390962285628 5.903627260853957 0.0
0.03323177 0.05298432 -1.436987 -7.295689 1.362442 1.424126 0.5029125 20.02776 2.389845 0 0.0 0.06254349449139615 7.435859709736999 0.0
0.02726074 0.01736632 -3.089379 -3.197427 1.223179 1.369403 0.6825875 20.14904 0.8620872 0 0.0 0.03232239186214411 4.446099641929991 0.0
0.007363483 0.03226905 -1.568494 -3.877921 0.7707115 0.8272885 0.6448366 19.56308 1.208113 0 0.0 0.033098526701256493 4.1831142358626785 0.0
0.06300387 -0.00564166 0.3090284 -5.892783 1.254232 1.321196 0.7059045 20.07022 1.212906 1 4.733442e-05 0.06325595594513216 5.900880445924622 0.0
0.01961245 0.0292494 -2.144294 -3.774724 0.2418758 0.2413907 0.5366735 17.84427 1.289318 1 0.6691209 0.03521612692166048 4.341259959344982 0.0
0.05108843 0.01982818 -1.478062 -0.4224956 0.7145325 0.7270674 0.5225402 19.333 1.228737 1 0.02511413 0.05480131752045109 1.5372604879666165 0.0
0.0619054 0.01951215 0.3980311 -2.226309 0.4462806 0.4530993 0.5142211 18.75681 1.360334 1 0.0002624214 0.06490764628903516 2.2616101609358346 0.0
0.01711332 0.06441871 -4.873832 -5.441443 0.5200914 0.5752045 0.4862479 19.1993 1.231407 1 2.767689e-06 0.06665310134934833 7.30503526935175 0.0
0.05565968 0.006885385 1.580611 -1.153594 2.946571 2.824676 0.7576696 20.56991 1.474848 0 0.0 0.05608394159026829 1.9568112454084579 0.0
