jas1101finalproject/data/gcs/NGC_6229.ecsv
# %ECSV 0.9
# ---
# datatype:
# - {name: x, unit: deg, datatype: float64}
# - {name: y, unit: deg, datatype: float64}
# - {name: pmx, unit: mas / yr, datatype: float64}
# - {name: pmy, unit: mas / yr, datatype: float64}
# - {name: pmx_e, unit: mas / yr, datatype: float64}
# - {name: pmy_e, unit: mas / yr, datatype: float64}
# - {name: pm_corr, datatype: float64}
# - {name: g_mag, unit: mag, datatype: float64}
# - {name: bp_rp, unit: mag, datatype: float64}
# - {name: filter, datatype: int64}
# - {name: memberprob, datatype: float64}
# - {name: r, unit: deg, datatype: float64}
# - {name: pm, unit: mas / yr, datatype: float64}
# - {name: member_prob_GMM, datatype: float64}
# - {name: member_prob_DB, datatype: float64}
# meta: !!omap
# - comments: [deg deg mas/yr mas/yr mas/yr mas/yr dimless mag   mag   zeroone float]
# - __serialized_columns__:
#     bp_rp:
#       __class__: astropy.units.quantity.Quantity
#       unit: &id001 !astropy.units.Unit {unit: mag}
#       value: !astropy.table.SerializedColumn {name: bp_rp}
#     g_mag:
#       __class__: astropy.units.quantity.Quantity
#       unit: *id001
#       value: !astropy.table.SerializedColumn {name: g_mag}
#     pm:
#       __class__: astropy.units.quantity.Quantity
#       unit: !astropy.units.Unit {unit: mas / yr}
#       value: !astropy.table.SerializedColumn {name: pm}
#     pmx:
#       __class__: astropy.units.quantity.Quantity
#       unit: !astropy.units.Unit {unit: mas / yr}
#       value: !astropy.table.SerializedColumn {name: pmx}
#     pmx_e:
#       __class__: astropy.units.quantity.Quantity
#       unit: !astropy.units.Unit {unit: mas / yr}
#       value: !astropy.table.SerializedColumn {name: pmx_e}
#     pmy:
#       __class__: astropy.units.quantity.Quantity
#       unit: !astropy.units.Unit {unit: mas / yr}
#       value: !astropy.table.SerializedColumn {name: pmy}
#     pmy_e:
#       __class__: astropy.units.quantity.Quantity
#       unit: !astropy.units.Unit {unit: mas / yr}
#       value: !astropy.table.SerializedColumn {name: pmy_e}
#     r:
#       __class__: astropy.units.quantity.Quantity
#       unit: &id002 !astropy.units.Unit {unit: deg}
#       value: !astropy.table.SerializedColumn {name: r}
#     x:
#       __class__: astropy.units.quantity.Quantity
#       unit: *id002
#       value: !astropy.table.SerializedColumn {name: x}
#     y:
#       __class__: astropy.units.quantity.Quantity
#       unit: *id002
#       value: !astropy.table.SerializedColumn {name: y}
# schema: astropy-2.0
x y pmx pmy pmx_e pmy_e pm_corr g_mag bp_rp filter memberprob r pm member_prob_GMM member_prob_DB
[from data line 110]
0.025564 0.001210191 -1.320614 -0.2778386 0.1196247 0.2033983 -0.03990197 16.97427 1.19692 1 0.9998994 0.02559262898290211 1.3495242215855037 1.0 0.0
0.001094607 -0.0113769 0.4793335 3.831619 0.8486825 1.574031 0.03524144 18.92023 0.3758068 0 0.0 0.011429436473179639 3.8614847876669476 1.0 0.0
-0.003935372 -0.02342739 -0.804743 -1.797543 1.365398 2.090561 0.2001012 20.23245 0.5900421 0 0.0 0.02375562575455515 1.9694598581585763 1.0 0.0
-0.009755245 -0.001579861 -1.292567 -0.4844638 0.1435715 0.2432449 -0.01224329 17.25076 1.033785 0 0.0 0.009882346168261157 1.3803748125054442 1.0 0.0
-0.001285812 -0.005345858 -1.06531 -0.2387648 0.04414861 0.06871452 0.1531571 14.62988 1.608893 0 0.0 0.0054983188572060825 1.0917389916179783 1.0 0.0
-0.01015723 -0.002335094 -1.761767 -2.137675 1.10572 2.453415 0.4238076 20.08534 nan 0 0.0 0.010422187163054403 2.7701042160745506 1.0 0.0
-0.00306881 -0.01140734 -1.024854 -0.9657405 0.1680209 0.3411571 0.009099697 16.88499 1.029224 0 0.0 0.011812916688595581 1.4081833810467477 1.0 0.0
0.004597117 0.00407663 -0.8119186 3.334465 1.409493 2.168644 -0.3811786 19.54011 nan 0 0.0 0.006144297915025687 3.4318899529633753 1.0 0.0
-0.01292938 -0.00415791 -1.620844 -0.6477611 0.2858594 0.4936584 -0.01328667 17.96349 0.6387558 0 0.0 0.013581497809612163 1.7454883886778536 1.0 0.0
-0.003636291 -0.0212187 -1.138048 -0.1698702 0.1003648 0.1730181 0.05503212 16.80694 1.192114 1 0.9999245 0.021528024570932676 1.1506559586392624 1.0 0.0
-0.006025145 0.0002582623 -0.6178229 -0.3889741 0.395303 0.6567169 0.01641835 17.998 0.8196945 0 0.0 0.006030677547890145 0.7300725897027088 1.0 0.0
0.00577412 -0.01886484 -6.995879 -4.438332 1.197336 1.835591 0.01467204 19.85674 0.8132915 0 0.0 0.019728726517441515 8.28499329660954 1.0 0.0
-0.02316439 -0.01111621 -3.658753 4.626443 3.412151 4.351124 0.08536618 20.79357 0.521452 0 0.0 0.02569356123304436 5.898342847551167 1.0 0.0
0.06183429 -0.01065382 -2.269392 -2.99937 1.8889 3.916192 0.5162269 20.38962 0.7507267 1 0.8891012 0.06274538469398765 3.761164772588938 0.0 0.0
0.01213512 0.01872627 -1.260735 -0.4536714 0.06904953 0.09999335 0.1789402 15.83364 1.336392 1 0.999981 0.02231444208415931 1.3398770389117651 1.0 0.0
0.000239221 -0.004567675 -3.397983 -5.664982 0.777047 0.9462522 0.2401643 18.12301 nan 0 0.0 0.004573935022763878 6.60592987615014 1.0 0.0
-0.005530457 0.001532317 -1.515716 -0.07668371 0.4146853 0.8806825 0.01101451 18.38526 nan 0 0.0 0.00573881085394335 1.5176545667691854 1.0 0.0
-0.01538227 -0.005950156 -1.243564 0.05643037 0.2704223 0.5510284 0.01503793 18.37322 0.9523678 0 0.0 0.016492985987298845 1.244843688482348 1.0 0.0
-0.004862312 -0.01515324 -0.9160311 -2.566461 2.46932 3.141405 -0.03987586 20.37315 0.5956078 0 0.0 0.015914231382097722 2.72503853930329 1.0 0.0
0.006935817 0.003741193 -0.9779021 -4.656493 0.7159525 1.214274 0.04831869 19.03038 0.6213226 0 0.0 0.007880487454513077 4.758068891497202 1.0 0.0
0.01312337 0.02073685 -2.484087 -1.387857 0.6633759 1.169718 -0.01864806 19.5909 0.8913784 0 0.0 0.024540574322525543 2.8454938545036432 1.0 0.0
0.0007544167 -0.003758955 -0.2941452 1.945765 0.9547244 1.021555 0.1138732 17.78911 nan 0 0.0 0.003833912785818672 1.9678726670971474 1.0 0.0
-0.004551456 0.00408807 -0.8083167 -1.204847 0.3913722 0.6126917 0.1553804 18.05272 nan 0 0.0 0.0061178483182272505 1.4508729030855494 1.0 0.0
-0.001852109 0.007090072 -2.199947 -0.003926823 1.196217 1.425224 0.2502961 18.36836 nan 0 0.0 0.007327989404540989 2.1999505046132 1.0 0.0
-0.01372363 -0.007354424 -0.7059816 -1.553088 1.068746 2.068676 -0.08267924 20.21991 0.3833294 0 0.0 0.015570021603988737 1.7060165167086043 1.0 0.0
0.05925762 -0.01035925 0.2718869 9.691877 2.099631 3.594956 0.4439264 20.55584 0.5273876 0 0.0 0.06015629300935106 9.695689881051301 0.0 0.0
0.004072031 -0.0002912421 -0.8277182 -1.480831 0.2225539 0.3361402 0.2060643 15.43725 1.091289 0 0.0 0.00408243290523842 1.6964603942244687 1.0 0.0
-0.002089057 0.006960381 -2.605929 2.006505 1.711455 2.508175 -0.01000946 19.2288 nan 0 0.0 0.007267122044826962 3.2889098905360727 1.0 0.0
-0.004089654 -0.01912059 -12.04486 -0.258377 3.961382 4.802061 0.04031394 20.88489 0.9546471 0 0.0 0.019553061954277546 12.04763093283194 0.0 0.0
0.006247287 -0.01086155 0.356544 0.7295957 0.6438799 1.187587 0.01216526 19.21432 0.5677776 0 0.0 0.01253003843820397 0.8120551147517574 1.0 0.0
-0.01305561 0.02683654 -1.224868 -0.4795099 0.2478086 0.5039086 -0.01796069 18.26814 1.005903 1 0.9996798 0.02984374024219652 1.3153825913482398 1.0 0.0
0.006999229 -0.008229318 -0.9126953 0.5994419 0.1593355 0.2892948 -0.0303424 17.49399 0.3896008 0 0.0 0.010803281045106852 1.0919447340033743 1.0 0.0
-0.0004613092 0.01267094 -0.07561 -1.43955 0.4964454 0.766991 0.01660278 18.59574 0.9068985 0 0.0 0.012679334630082315 1.4415342779830107 1.0 0.0
-0.001388406 0.01158759 0.5027163 -6.420422 1.427299 2.340851 -0.338075 20.06738 nan 0 0.0 0.011670471851169343 6.440073162346038 1.0 0.0
0.00758654 -0.007767658 -1.558344 -0.3312044 0.2527776 0.4281626 0.01345147 17.76054 0.8505287 0 0.0 0.010857812854187717 1.593151711832668 1.0 0.0
-0.001120577 0.01179357 -1.266412 -0.4412761 0.9598803 1.181707 0.2837689 19.2398 nan 0 0.0 0.0118466867164549 1.3410905823900228 1.0 0.0
0.0130678 -0.004245613 -2.467044 -1.250572 0.3533417 0.8143123 -0.1075192 18.78588 0.8356133 0 0.0 0.013740182916750745 2.765906076698918 1.0 0.0
0.004598586 -0.01268896 -2.256847 0.6703239 1.914193 2.839524 0.05744852 20.25842 0.7633152 0 0.0 0.013496543968031075 2.3542923591432334 1.0 0.0
0.014922 -0.0386041 -1.00012 -0.5508256 0.1578162 0.2865394 0.04522888 17.60311 0.9367542 1 0.9995889 0.0413877109878041 1.1417744330713313 1.0 0.0
0.03553241 -0.006760537 -3.208344 -6.675423 1.622665 2.422445 0.1173236 20.21109 0.7297306 0 0.0 0.036169835788077184 7.406398817999542 0.0 0.0
-0.02163187 0.006613848 -1.627318 -1.481515 0.3692048 0.7094686 -0.07902515 18.83588 0.9349766 0 0.0 0.022620362178002458 2.20069320177734 1.0 0.0
-0.01238342 -0.004833243 -1.133832 0.01173174 0.2132169 0.3766417 -0.08612423 17.89885 0.8865395 0 0.0 0.013293206114156545 1.1338926924305612 1.0 0.0
-0.008722479 0.01290818 -5.04988 -7.606454 1.259511 2.448559 0.04647445 20.02613 0.5292625 0 0.0 0.015578920078678143 9.130138578823216 1.0 0.0
0.01197493 -0.001422998 -4.70533 -3.616252 0.8151514 2.188419 -0.02175037 19.83402 0.4428139 0 0.0 0.012059182054057562 5.934425746136183 1.0 0.0
0.002670513 0.004980579 -1.371443 -0.5902773 0.06299292 0.100393 0.1634508 15.36674 1.327158 0 0.0 0.005651354426897149 1.493078428329969 1.0 0.0
-0.007890185 -0.0008134202 -1.585454 -0.0336278 0.3027887 0.1885458 -0.2222702 16.45243 nan 0 0.0 0.007932003010336862 1.5858105861195528 1.0 0.0
0.01647574 0.004403265 0.6746178 -1.318183 2.045402 2.436698 -0.03873301 20.3549 0.3981533 0 0.0 0.0170539951685177 1.4807820898315325 1.0 0.0
-0.01973661 -0.02156607 0.4599678 -0.1473769 0.9950881 2.169919 -0.1688314 20.16763 0.7816372 0 0.0 0.029234040937526923 0.4830013744188002 1.0 0.0
0.01243314 0.02152633 0.2460785 -4.699672 2.977725 3.935157 0.3155703 20.77532 0.5399609 0 0.0 0.024858918993562452 4.706110021636367 1.0 0.0
0.005525068 -0.0028584 5.966234 -10.53256 1.228031 1.833034 -0.3977412 18.86699 nan 0 0.0 0.0062206773718481816 12.104989396788252 1.0 0.0
-0.007653126 -0.0002565095 -1.606599 -6.852478 1.178457 2.412081 0.0831827 19.69146 nan 0 0.0 0.0076574235024234 7.0382963199402875 1.0 0.0
-0.007890435 -0.002476628 4.713816 -1.666332 0.8955536 1.450378 0.09402035 19.36776 nan 0 0.0 0.008269984929829617 4.999672350872604 1.0 0.0
-0.02899103 0.0001629315 -1.61111 -0.8657069 0.2405944 0.4457779 -0.001399049 18.26475 1.084499 1 0.9984189 0.0289914878392709 1.8289679791640996 1.0 0.0
-0.02846443 0.002249283 -1.02636 -1.394617 0.3224534 0.642289 -0.03063379 18.56 1.031967 1 0.9984079 0.02855316180809034 1.731580615013058 1.0 0.0
0.002516408 -0.003964893 -2.086455 -0.7838502 0.3420706 0.5329952 -0.02254661 16.95828 nan 0 0.0 0.004696028718386739 2.2288372760399175 1.0 0.0
0.004951382 -0.0381444 -2.942845 1.016005 1.418914 2.164487 0.2594567 20.08617 0.7965336 0 0.0 0.03846441777890216 3.1132945337776827 1.0 0.0
-0.0129819 -0.008193847 -2.688077 -2.789004 0.5429046 1.33111 -0.1859831 19.46389 0.6426449 0 0.0 0.015351509901941535 3.8735385979676256 1.0 0.0
0.006174603 -0.006219076 -0.2776119 -0.7207816 0.5348341 0.9499522 -0.1665341 18.5448 nan 0 0.0 0.008763710886455863 0.7723952886444674 1.0 0.0
0.0159447 -0.01100446 -1.738143 -0.7956667 0.6780261 1.375129 -0.09132363 19.63173 0.7832146 0 0.0 0.01937347666222044 1.9116031455137046 1.0 0.0
0.02985249 0.01502166 0.5331301 4.233677 2.692452 3.977582 0.2194432 20.79212 0.2691097 0 0.0 0.03341887832282376 4.267112447997476 1.0 0.0
0.009818739 0.01325551 -1.20103 -0.5290467 0.1066994 0.189165 0.009538141 16.85781 1.187754 1 0.9999704 0.016495944377640855 1.3123884606628062 1.0 0.0
0.005920372 -0.03619499 -1.45471 -0.777005 0.2214351 0.4458563 0.1133326 18.08652 1.058516 1 0.9991364 0.03667598813554291 1.64921737625002 1.0 0.0
0.006918354 -0.02008922 -2.526943 -0.2875086 0.9151948 1.697359 -0.1474776 19.83519 0.6975594 0 0.0 0.021247126447539115 2.5432463742868014 1.0 0.0
-0.0001110871 0.01093907 11.24947 0.188735 2.065729 3.19395 0.2229812 20.06672 0.7527523 0 0.0 0.010939634034495231 11.251053114314455 1.0 0.0
0.02470706 -0.0168757 -1.082449 -0.7139937 0.2401814 0.4711854 -0.05053468 18.27081 1.019783 1 0.9996309 0.02992036203547009 1.2967200319423966 1.0 0.0
-0.009271127 -0.002426811 -3.536412 -3.424938 0.3778342 0.5868113 0.1523776 18.01676 0.4595261 0 0.0 0.009583486186135503 4.923048866057293 1.0 0.0
-0.006757349 -0.004998301 -0.5952595 1.265432 0.2852077 0.4644155 -0.04335992 17.83607 nan 0 0.0 0.008405044818107874 1.3984462874791614 1.0 0.0
-0.001398899 0.004389252 -2.998649 -1.329215 0.3179606 0.6347375 0.01705643 17.65201 0.6356907 0 0.0 0.004606783208672294 3.2800470029293787 1.0 0.0
-0.001997333 -0.01912834 5.573386 -6.041185 1.535943 3.133961 0.2897613 20.03239 1.202576 0 0.0 0.019232335538579007 8.219400690392275 1.0 0.0
0.005534688 0.003618957 10.40191 5.431602 1.201655 2.278232 -0.1197893 19.14666 nan 0 0.0 0.006612837592531137 11.734650908080054 1.0 0.0
-0.03168722 0.00554703 -1.748619 -0.2862322 0.5439485 1.238805 -0.1911073 19.3598 0.926836 0 0.0 0.032169076038165906 1.7718908768538315 1.0 0.0
-0.00219322 -0.02041388 -0.9276389 0.5570859 0.4801743 0.8654351 0.04128804 19.18088 0.9158287 0 0.0 0.020531359200569258 1.082062211137613 1.0 0.0
0.002629856 -0.006028639 -0.1724615 1.38619 0.7557076 1.25263 0.139901 17.87133 nan 0 0.0 0.006577281412031646 1.3968771188197802 1.0 0.0
0.008899839 -0.09580299 -2.198677 -1.903703 0.179505 0.3233926 0.01308588 17.69032 0.7709064 1 0.0 0.09621548746000314 2.9083097604172083 0.0 0.0
-0.02621983 -0.0211932 -1.024274 -0.2747486 0.2100771 0.3634986 -0.005938478 17.96 0.4168682 1 0.9996925 0.033713961669743 1.0604829184281848 1.0 0.0
0.01437453 0.00266696 -1.265979 -3.49071 1.529583 3.068659 0.0915318 20.51979 0.8128204 0 0.0 0.014619842282408521 3.7131871933072538 1.0 0.0
-0.0008325501 -0.01339106 0.4834813 -0.6798477 0.2349917 0.3961359 0.009572245 17.50874 1.028593 0 0.0 0.013416915725777292 0.8342344170825009 1.0 0.0
-0.009833611 -0.03490504 -0.5141343 1.729843 1.278226 2.743952 -0.2069215 20.38647 -0.09205627 0 0.0 0.036263779763021406 1.8046304006874898 1.0 0.0
0.01541456 0.004521198 -1.435302 0.8649867 0.4921299 0.986171 -0.1393694 19.24987 0.7373638 0 0.0 0.016063931378987026 1.6757964740328375 1.0 0.0
-0.009767071 -0.00975857 5.916165 -3.628469 2.937435 3.084801 -0.237032 20.43273 0.4975529 0 0.0 0.013806714466662262 6.940230226093801 1.0 0.0
0.01806088 -0.02139501 -2.122811 0.2440999 0.3674513 0.7158968 -0.1282946 18.85996 0.994072 0 0.0 0.027998961396353616 2.1367993127341207 1.0 0.0
0.01373593 0.002003032 -0.9937639 1.139729 0.5996308 1.372049 -0.1059235 19.58226 0.6684799 0 0.0 0.013881207085766137 1.5121338837497855 1.0 0.0
-0.02874802 0.01117202 -0.8314057 -1.60125 0.6599528 1.380525 -0.1433482 19.71601 0.987011 0 0.0 0.03084254666529338 1.8042275356762767 1.0 0.0
0.06544959 0.007363576 -2.245747 -1.02037 0.6411537 1.366963 0.1418521 19.68457 0.8146667 0 0.0 0.06586251652249461 2.46668492615271 1.0 0.0
9.49664e-05 -0.006444507 -0.1131202 -2.496999 0.5083175 0.7324481 0.04536511 17.9308 0.7429848 0 0.0 0.006445206675520807 2.499559998409528 1.0 0.0
-0.0046219 0.02305475 0.5312601 0.9387845 1.014485 1.877266 -0.1072052 19.7639 0.603899 0 0.0 0.023513473949472032 1.0786814317917315 1.0 0.0
0.007687587 0.005877529 -1.47101 0.3767453 0.2918614 0.3825715 0.3419533 17.99658 0.2400589 0 0.0 0.009677000621494762 1.5184885383736322 1.0 0.0
0.004833485 0.01046245 -1.0731 -0.8350995 0.1050833 0.171825 -0.03080946 16.57972 1.10395 0 0.0 0.011524991854562197 1.3597554136315289 1.0 0.0
-0.03957061 0.07072649 -0.5848206 0.2960409 0.2646325 0.5463397 0.07040643 18.42324 1.199869 1 0.9504873 0.08104362753167087 0.6554810055655084 0.0 0.0
-0.007437025 -0.00214863 -0.4333771 -0.2582699 0.1731068 0.2621375 0.1827887 16.06367 1.089856 0 0.0 0.00774118542133729 0.5044988127344008 1.0 0.0
0.02373934 -0.01931374 -2.705827 2.875813 2.078449 2.873251 0.01331973 20.48378 0.2718792 0 0.0 0.030603542546953612 3.9486453582080525 1.0 0.0
-0.01198877 0.008689768 -1.710463 -2.623814 0.5396615 1.34085 -0.08975 19.15535 nan 0 0.0 0.014806845511678846 3.132105295318949 1.0 0.0
-0.006737654 -0.01211271 -3.589786 -2.767074 2.036121 3.488287 -0.365949 20.59459 0.6663151 0 0.0 0.013860509549356978 4.532467545087554 1.0 0.0
0.01283432 -0.01860419 -0.9888347 0.862664 0.3642476 0.6699433 -0.0985356 18.66811 0.96982 0 0.0 0.022601673730467398 1.3122435905044803 1.0 0.0
-0.006870372 -0.002522548 1.885362 2.102416 0.5094752 0.8606106 0.150663 18.20302 nan 0 0.0 0.007318829129764405 2.823958729886115 1.0 0.0
0.007957153 -0.005402491 -0.8424859 -3.2058 0.5252785 1.571653 -0.01551977 19.2989 nan 0 0.0 0.009617858018836106 3.3146547530170936 1.0 0.0
-0.04417097 0.008474303 4.519839 -4.408936 1.990981 4.026296 -0.3059943 20.7031 0.9887428 0 0.0 0.044976531681274724 6.314084354680178 0.0 0.0
0.002257969 0.01551675 -0.1371115 -0.2561366 0.9727838 1.311871 0.1163395 19.63111 0.8069401 0 0.0 0.015680177121686508 0.29052628330636454 1.0 0.0
-0.003903213 -0.006818202 -0.9390787 0.9583517 0.1785932 0.3020065 0.1281506 17.16253 0.9531059 0 0.0 0.007856395498965985 1.3417551139036439 1.0 0.0
0.00320715 -0.01004548 -1.511115 -2.530174 0.2646331 0.4673664 -0.01165266 17.74647 0.7444477 0 0.0 0.01054502155298414 2.9470746535337375 1.0 0.0
-0.004716934 -0.003022511 -1.863694 0.3699738 0.4008644 0.7578373 0.1646709 18.09122 nan 0 0.0 0.005602235188340186 1.9000620880177679 1.0 0.0
0.0141472 0.005138822 -0.5905476 -0.04013592 0.1413879 0.2223474 0.1142753 16.98021 1.133839 0 0.0 0.015051603216524278 0.5919099255292197 1.0 0.0
-0.001945085 9.773504e-05 -1.081843 -0.6178654 0.04582786 0.07438298 0.2198021 14.42697 1.533062 0 0.0 0.001947538907254179 1.2458498822756137 1.0 0.0
0.005339123 0.001814584 -1.235479 0.6072366 0.7684802 1.317423 0.216857 18.49196 nan 0 0.0 0.005639055727884324 1.3766425272453848 1.0 0.0
-0.003119552 0.001791517 -2.372448 -1.831879 0.4311858 0.6802528 0.2975069 17.18531 nan 0 0.0 0.0035973793019353686 2.997380553640962 1.0 0.0
0.01844981 0.01573739 -1.06685 -0.601137 0.1896606 0.3393975 0.007224045 17.80206 1.061321 1 0.9998406 0.024249967691693942 1.2245548641318609 1.0 0.0
0.005143341 0.002093038 -0.5126879 4.576002 0.4381103 0.7532691 0.01648757 17.76408 0.6661911 0 0.0 0.0055529059700057054 4.604632796088132 1.0 0.0
0.00690525 0.001154825 -2.47581 0.7804648 0.2856123 0.4389651 0.08539848 16.34579 0.8967428 0 0.0 0.007001149787222453 2.5959122597150777 1.0 0.0
-0.02292405 -0.003540328 -1.785449 -2.033346 0.4601116 0.9150328 -0.04478879 19.258 nan 0 0.0 0.023195818389315 2.7059793213025483 1.0 0.0
-0.009745615 -0.00520764 -2.023708 2.847339 0.6455084 1.103657 -0.0989939 19.0439 0.655859 0 0.0 0.01104972968437803 3.493241109655187 1.0 0.0
