jas1101finalproject/data/gcs/NGC_6316.ecsv
# %ECSV 0.9
# ---
# datatype:
# - {name: x, unit: deg, datatype: float64}
# - {name: y, unit: deg, datatype: float64}
# - {name: pmx, unit: mas / yr, datatype: float64}
# - {name: pmy, unit: mas / yr, datatype: float64}
# - {name: pmx_e, unit: mas / yr, datatype: float64}
# - {name: pmy_e, unit: mas / yr, datatype: float64}
# - {name: pm_corr, datatype: float64}
# - {name: g_mag, unit: mag, datatype: float64}
# - {name: bp_rp, unit: mag, datatype: float64}
# - {name: filter, datatype: int64}
# - {name: memberprob, datatype: float64}
# - {name: r, unit: deg, datatype: float64}
# - {name: pm, unit: mas / yr, datatype: float64}
# - {name: member_prob_GMM, datatype: float64}
# - {name: member_prob_DB, datatype: float64}
# meta: !!omap
# - comments: [deg deg mas/yr mas/yr mas/yr mas/yr dimless mag   mag   zeroone float]
# - __serialized_columns__:
#     bp_rp:
#       __class__: astropy.units.quantity.Quantity
#       unit: &id001 !astropy.units.Unit {unit: mag}
#       value: !astropy.table.SerializedColumn {name: bp_rp}
#     g_mag:
#       __class__: astropy.units.quantity.Quantity
#       unit: *id001
#       value: !astropy.table.SerializedColumn {name: g_mag}
#     pm:
#       __class__: astropy.units.quantity.Quantity
#       unit: !astropy.units.Unit {unit: mas / yr}
#       value: !astropy.table.SerializedColumn {name: pm}
#     pmx:
#       __class__: astropy.units.quantity.Quantity
#       unit: !astropy.units.Unit {unit: mas / yr}
#       value: !astropy.table.SerializedColumn {name: pmx}
#     pmx_e:
#       __class__: astropy.units.quantity.Quantity
#       unit: !astropy.units.Unit {unit: mas / yr}
#       value: !astropy.table.SerializedColumn {name: pmx_e}
#     pmy:
#       __class__: astropy.units.quantity.Quantity
#       unit: !astropy.units.Unit {unit: mas / yr}
#       value: !astropy.table.SerializedColumn {name: pmy}
#     pmy_e:
#       __class__: astropy.units.quantity.Quantity
#       unit: !astropy.units.Unit {unit: mas / yr}
#       value: !astropy.table.SerializedColumn {name: pmy_e}
#     r:
#       __class__: astropy.units.quantity.Quantity
#       unit: &id002 !astropy.units.Unit {unit: deg}
#       value: !astropy.table.SerializedColumn {name: r}
#     x:
#       __class__: astropy.units.quantity.Quantity
#       unit: *id002
#       value: !astropy.table.SerializedColumn {name: x}
#     y:
#       __class__: astropy.units.quantity.Quantity
#       unit: *id002
#       value: !astropy.table.SerializedColumn {name: y}
# schema: astropy-2.0
x y pmx pmy pmx_e pmy_e pm_corr g_mag bp_rp filter memberprob r pm member_prob_GMM member_prob_DB
[from data line 9968]
0.0121385 0.02663986 -5.829958 -5.570828 1.423493 0.8822662 0.3608084 19.58223 1.240288 0 0.0 0.029274994843203648 8.063655181575413 0.0 1.0
-0.02548609 0.003898107 -3.613154 -5.129927 0.5798244 0.4115741 0.2013339 18.84213 1.499027 0 0.0 0.025782475088159184 6.274634081207047 0.0 1.0
-0.07979986 -0.02315572 -5.78501 -1.59305 2.321551 1.615376 0.05538038 19.90961 nan 0 0.0 0.08309154604854817 6.000345740255306 0.0 0.0
-0.01845536 -0.03600409 -5.8572 -5.075261 0.7366759 0.4822783 0.5402869 18.93983 nan 0 0.0 0.04045855669024415 7.75016555036865 0.0 1.0
0.01433153 -0.07907518 -5.126805 -0.1887479 1.914157 1.130125 -0.3087699 19.93637 nan 0 0.0 0.08036340488165804 5.130278284633243 0.0 0.0
-0.0150359 -0.05727239 -2.274357 -3.281171 0.1469932 0.09548192 0.1356142 16.38589 1.934114 1 0.0 0.059213215966725706 3.9923405283980973 0.0 0.0
0.05655008 0.02378749 -5.897534 -6.372379 1.113191 0.7738658 -0.05228405 19.21331 1.276184 0 0.0 0.06134945988765101 8.682633321798 0.0 0.0
-0.05357754 -0.05772725 1.977875 -7.165641 0.2922868 0.2263263 0.4298039 17.54221 1.59264 1 0.0 0.07875905144816119 7.433599428036596 0.0 0.0
-0.06572334 -0.03204775 5.787088 -0.3870055 0.4817143 0.3426599 0.2088201 18.50311 1.604502 0 0.0 0.07312055593892938 5.800013860050185 0.0 0.0
-0.08195877 -0.01459335 -1.54459 -4.188965 1.351987 0.9271372 0.4678205 19.89855 1.568514 0 0.0 0.0832478578951759 4.464659677884194 0.0 0.0
0.005835351 -0.05710746 -5.830655 -1.378006 0.1610611 0.1080686 0.2241703 16.58859 2.034412 1 0.0 0.05740481956199149 5.991280185825147 0.0 0.0
0.04519502 -0.03141533 -3.426203 -5.492746 0.2303721 0.1566583 0.2669834 17.06512 2.030428 1 0.0 0.05504101009074325 6.473725791051472 0.0 0.0
0.01392816 -0.07915142 -6.184295 -9.131754 1.027453 0.6717688 0.4049581 19.34729 nan 0 0.0 0.0803675365368505 11.02880028668309 0.0 0.0
-0.03525944 -0.06395095 -3.650478 -5.532823 0.4936665 0.3133889 0.5344744 18.18777 nan 0 0.0 0.07302706426398435 6.628583557428615 0.0 0.0
7.963564e-05 -0.02546631 -0.2788676 -4.147317 0.8252764 0.5291135 0.3936444 19.05787 nan 0 0.0 0.025466434513909838 4.156682022577474 0.0 1.0
0.0266399 -0.001036485 -4.297961 -3.478116 0.1368157 0.09060158 0.0374051 15.98474 1.130144 1 0.0 0.026660055760729853 5.528992644865518 0.0 1.0
0.04806866 0.0175813 -3.973172 -4.896621 0.434436 0.3010335 0.1518315 17.76255 1.841087 0 0.0 0.05118298725050737 6.305790430963036 0.0 0.0
-0.03722945 0.03277383 3.645585 2.656786 0.5914054 0.4170958 0.2365369 18.67723 1.605629 0 0.0 0.049599958469452365 4.510964624337127 0.0 0.0
0.04241068 0.002717817 -4.925806 -4.915279 0.2969245 0.2287384 0.3472715 17.28375 1.808697 1 0.8477333 0.042497674139979576 6.958701918998758 1.0 0.0
0.02282863 0.04578217 -0.4758125 -4.39921 0.3071331 0.2405056 0.08315513 17.90426 1.89204 0 0.0 0.051158121912222305 4.42486679565117 0.0 0.0
-0.03609862 0.03204371 -10.67383 -2.990182 1.760498 1.22413 0.5383064 19.46993 1.309851 0 0.0 0.04826913834396156 11.084756887817793 0.0 0.0
-0.06408378 -0.02958247 0.9612276 -6.223678 1.402208 1.227989 -0.2893726 19.84614 1.463915 0 0.0 0.07058224557485615 6.297469836901623 0.0 0.0
-0.06167846 -0.0485916 -6.774876 -9.746783 2.02331 1.444798 0.6246592 19.9695 1.18351 0 0.0 0.07851990842156911 11.870076817968156 0.0 0.0
