jas1101finalproject/data/gcs/NGC_6144.ecsv
# %ECSV 0.9
# ---
# datatype:
# - {name: x, unit: deg, datatype: float64}
# - {name: y, unit: deg, datatype: float64}
# - {name: pmx, unit: mas / yr, datatype: float64}
# - {name: pmy, unit: mas / yr, datatype: float64}
# - {name: pmx_e, unit: mas / yr, datatype: float64}
# - {name: pmy_e, unit: mas / yr, datatype: float64}
# - {name: pm_corr, datatype: float64}
# - {name: g_mag, unit: mag, datatype: float64}
# - {name: bp_rp, unit: mag, datatype: float64}
# - {name: filter, datatype: int64}
# - {name: memberprob, datatype: float64}
# - {name: r, unit: deg, datatype: float64}
# - {name: pm, unit: mas / yr, datatype: float64}
# - {name: member_prob_GMM, datatype: float64}
# - {name: member_prob_DB, datatype: float64}
# meta: !!omap
# - comments: [deg deg mas/yr mas/yr mas/yr mas/yr dimless mag   mag   zeroone float]
# - __serialized_columns__:
#     bp_rp:
#       __class__: astropy.units.quantity.Quantity
#       unit: &id001 !astropy.units.Unit {unit: mag}
#       value: !astropy.table.SerializedColumn {name: bp_rp}
#     g_mag:
#       __class__: astropy.units.quantity.Quantity
#       unit: *id001
#       value: !astropy.table.SerializedColumn {name: g_mag}
#     pm:
#       __class__: astropy.units.quantity.Quantity
#       unit: !astropy.units.Unit {unit: mas / yr}
#       value: !astropy.table.SerializedColumn {name: pm}
#     pmx:
#       __class__: astropy.units.quantity.Quantity
#       unit: !astropy.units.Unit {unit: mas / yr}
#       value: !astropy.table.SerializedColumn {name: pmx}
#     pmx_e:
#       __class__: astropy.units.quantity.Quantity
#       unit: !astropy.units.Unit {unit: mas / yr}
#       value: !astropy.table.SerializedColumn {name: pmx_e}
#     pmy:
#       __class__: astropy.units.quantity.Quantity
#       unit: !astropy.units.Unit {unit: mas / yr}
#       value: !astropy.table.SerializedColumn {name: pmy}
#     pmy_e:
#       __class__: astropy.units.quantity.Quantity
#       unit: !astropy.units.Unit {unit: mas / yr}
#       value: !astropy.table.SerializedColumn {name: pmy_e}
#     r:
#       __class__: astropy.units.quantity.Quantity
#       unit: &id002 !astropy.units.Unit {unit: deg}
#       value: !astropy.table.SerializedColumn {name: r}
#     x:
#       __class__: astropy.units.quantity.Quantity
#       unit: *id002
#       value: !astropy.table.SerializedColumn {name: x}
#     y:
#       __class__: astropy.units.quantity.Quantity
#       unit: *id002
#       value: !astropy.table.SerializedColumn {name: y}
# schema: astropy-2.0
x y pmx pmy pmx_e pmy_e pm_corr g_mag bp_rp filter memberprob r pm member_prob_GMM member_prob_DB
[from data line 4624]
-0.008768222 -0.01606855 -2.021257 -2.723099 1.002619 0.7058752 0.05376166 19.45021 1.155191 0 0.0 0.018305190961685817 3.3912752798689167 0.0 1.0
0.02061485 -0.0009142405 -1.103294 -5.000794 3.21846 2.402196 -0.6985693 20.31005 nan 0 0.0 0.02063511270176008 5.121054411043882 0.0 0.0
0.09369853 -0.03490446 -6.492114 -5.296719 1.589598 1.219823 0.09503737 20.08849 1.448044 0 0.0 0.0999886786193942 8.37870970698693 0.0 0.0
-0.07846747 -0.01919581 2.278628 -4.440251 4.302332 3.805738 -0.07165789 20.62676 nan 0 0.0 0.08078132810097269 4.990788966224178 0.0 0.0
-0.006242163 -0.0803956 -2.726176 0.8950821 3.748169 3.02041 -0.5403423 20.74012 1.689449 0 0.0 0.08063756629684807 2.869356643694961 0.0 0.0
-0.01934966 -0.03205912 -0.3213824 7.147465 3.818954 2.660611 -0.4364777 20.55521 1.303549 0 0.0 0.0374459145607368 7.154686755774481 0.0 0.0
-0.02370869 -0.03273894 -1.142252 -1.486463 1.083948 0.7913043 0.1790104 19.75787 1.244305 0 0.0 0.04042202585026757 1.8746498024625828 0.0 0.0
-0.01394679 -0.04792368 -1.255283 -3.311116 2.276285 1.418309 0.4192866 20.38052 1.316607 0 0.0 0.0499118428436228 3.5410767536930066 0.0 0.0
0.02837611 0.05763783 -2.01796 1.127799 0.4886379 0.3393412 0.117086 18.52871 1.497314 0 0.0 0.06424424539085971 2.311729470764475 0.0 0.0
0.02412433 -0.00441108 -0.4748315 -2.583535 0.8585158 0.6236439 0.102298 19.25486 nan 0 0.0 0.024524292542605585 2.626807577577248 0.0 0.0
-0.0621787 -0.07422258 -4.094741 -5.208238 0.2976986 0.2061221 0.2262985 17.75965 1.532129 0 0.0 0.09682552409125601 6.625152596108636 0.0 0.0
-0.003640574 -0.02024346 -3.306948 1.665154 0.7424329 0.5404746 -0.1182704 18.95782 nan 0 0.0 0.020568214599742878 3.7025184561889763 0.0 0.0
-0.005711171 -0.01060762 -1.459849 -2.682555 0.5040773 0.3785623 0.2859324 18.54043 1.286205 0 0.0 0.012047368021922505 3.054056389594992 0.0 1.0
0.006399121 0.06003671 -0.6277315 -3.935049 2.271327 1.65217 -0.3412182 20.2306 1.298178 0 0.0 0.060376777797401054 3.984803316161696 0.0 0.0
-0.0007891343 -0.001267199 16.16966 2.028672 2.815529 2.037945 0.5519137 19.77574 nan 0 0.0 0.0014928249224331331 16.296423368309505 0.0 0.0
0.04811293 0.0474576 -2.111831 -2.657381 0.1268811 0.08734192 0.05319859 15.94904 1.637374 1 0.9449417 0.06758015855963125 3.394334095477639 0.0 0.0
-0.06440553 0.01321098 3.103984 -10.76994 4.268927 3.539248 -0.4863172 20.77146 1.165998 0 0.0 0.06574650018929754 11.208314961485335 0.0 0.0
-0.006877789 0.01018814 -1.379915 -6.121476 2.641504 1.656535 -0.1171828 20.16998 nan 0 0.0 0.012292362595860936 6.275080384011109 0.0 0.0
-0.009273244 -0.04445184 2.165542 -3.788451 0.5286406 0.3535285 0.2597953 18.4918 1.489733 0 0.0 0.04540880017870034 4.363706352765387 0.0 0.0
0.06272423 -0.05082734 -1.441138 -0.7933607 2.120476 1.339821 0.1211558 20.23501 1.141838 0 0.0 0.08073256790520478 1.645083564852707 0.0 0.0
-0.03243145 -0.06607193 -3.741234 -19.63139 0.7235684 0.5084407 0.2040301 19.15322 1.228794 0 0.0 0.07360230215847464 19.98470177848186 0.0 0.0
0.01674942 0.008022303 -1.477808 2.020706 2.825919 1.969872 -0.5189602 20.08949 1.324951 0 0.0 0.018571494709909837 2.503431489635776 0.0 0.0
0.01047031 0.02300335 -1.972794 -2.551832 0.3108576 0.1956265 0.1163936 17.21325 1.525475 0 0.0 0.02527412714058786 3.2254864319448004 0.0 1.0
-0.008485217 0.05182545 2.275702 0.9981814 0.3892311 0.2769215 0.1125048 18.12169 1.378313 0 0.0 0.05251548509953601 2.4849920925648754 0.0 0.0
0.003050143 -0.0009448944 -1.643447 -2.894966 0.2519491 0.1723241 0.2362013 14.45212 1.717434 0 0.0 0.003193148563346272 3.328925680000231 0.0 0.0
0.03508192 0.003141165 -1.886186 -2.543711 0.1883875 0.1273608 0.1358793 16.76325 1.554324 1 0.9989164 0.035222266088990144 3.1667275345562964 0.0 0.0
0.01587848 -0.0439719 0.4906842 -0.648228 3.334721 2.778027 -0.400569 20.68886 1.099276 0 0.0 0.04675097984770373 0.8130009373387217 0.0 0.0
-0.0337228 -0.007432778 -1.844123 -5.598637 2.83478 2.120422 -0.3409824 20.47453 1.419697 0 0.0 0.03453220856877364 5.89453356058798 0.0 0.0
0.04626482 0.05694168 3.333658 -8.394706 0.5616312 0.3474375 0.2588819 18.4691 1.388746 0 0.0 0.07336748933182054 9.032406350879038 0.0 0.0
0.001116641 -0.01673961 -1.472998 -2.645218 1.06596 0.7587435 0.1618073 19.583 1.124676 0 0.0 0.01677681227393872 3.0276891147421328 0.0 1.0
-0.04973663 -0.04107647 -1.00994 -3.763406 1.196978 0.843702 0.2584289 19.86676 1.031801 0 0.0 0.06450588152577871 3.8965630399668885 0.0 0.0
0.02513743 -0.07544475 -1.477223 -3.386101 1.591743 1.1322 0.1306121 20.28041 1.203035 0 0.0 0.07952232824538905 3.694302068582102 0.0 0.0
-0.02586247 -0.02538847 -6.006246 1.133231 2.030883 1.455186 -0.00893283 20.21148 nan 0 0.0 0.03624143710508456 6.112217560908397 0.0 0.0
0.01606382 0.008285613 0.3203029 -1.881211 1.175533 0.848696 0.0340496 19.76007 1.225855 0 0.0 0.018074780656433122 1.908284248813423 0.0 0.0
0.04873123 -0.08205732 -1.807562 -2.650717 0.1397528 0.08328159 0.2073152 15.72678 1.517316 1 0.9926539 0.09543655768569663 3.208361107782757 0.0 0.0
0.008751923 -0.03165731 -6.778519 -5.830127 0.6883217 0.4660766 0.2080228 19.01048 1.324322 0 0.0 0.03284480830563681 8.940844516570568 0.0 0.0
0.01073458 0.06342003 -8.075012 -9.081996 2.104242 1.520175 -0.2393737 20.25267 1.458563 0 0.0 0.06432209117385178 12.152714517512537 0.0 0.0
0.01835412 0.00998091 0.6944906 -0.9430304 1.177493 0.8950511 0.09594824 19.81011 nan 0 0.0 0.020892397789686566 1.1711633228600185 0.0 0.0
-0.0413076 6.830684e-05 -3.691917 -3.902937 1.760725 1.301469 0.04725538 20.31123 1.448801 0 0.0 0.0413076564765467 5.372445286911538 0.0 0.0
0.006263928 0.09756949 2.962669 -8.307212 2.84815 2.021189 -0.1411917 20.67707 nan 0 0.0 0.0977703542636994 8.819704009574528 0.0 0.0
-0.009338481 0.0865639 -7.616543 -2.789096 0.2628939 0.2127008 0.01990023 17.68742 1.615425 0 0.0 0.08706615881384318 8.111151815128663 0.0 0.0
-0.007170251 0.08383273 0.038745 -3.437918 0.8385434 0.6212176 0.18315 19.26685 1.500998 0 0.0 0.08413880863582453 3.438136319250445 0.0 0.0
-0.01125972 0.08834519 -0.8189826 -2.592257 2.047133 1.482885 0.09160831 20.39514 1.575699 0 0.0 0.08905983320562924 2.718552712961763 0.0 0.0
-0.008281914 0.08685771 -2.103722 -5.564163 0.1700014 0.1352037 -0.05503442 16.9109 1.618814 1 0.0 0.08725165835643181 5.948575976135213 0.0 0.0
-0.0110259 0.08252971 -7.13188 -7.336387 4.338027 3.443592 -0.1276232 20.75603 nan 0 0.0 0.0832629779883839 10.231631665974348 0.0 0.0
0.0007746519 0.09826011 -3.072214 -4.761116 0.5706327 0.4230169 0.1207691 18.95829 1.585669 0 0.0 0.09826316350890742 5.666279593106221 0.0 0.0
-0.01164375 0.08638249 -3.125575 -13.60509 0.2098515 0.1645889 0.02369786 17.30589 1.494589 0 0.0 0.08716370513386063 13.959501888990344 0.0 0.0
-0.01092995 0.08356922 -7.602013 -9.245272 3.880455 2.99771 -0.2775167 20.79237 nan 0 0.0 0.08428094884617104 11.969363224756487 0.0 0.0
-0.003520496 0.09025112 -0.6592534 0.533384 1.734648 1.280843 -0.3470908 20.02858 1.632408 0 0.0 0.09031975727015887 0.8480056231343988 0.0 0.0
0.001529322 0.08975143 -2.08771 -0.7140219 1.315515 0.9531343 0.2638656 19.76505 1.482042 0 0.0 0.08976445851685723 2.206436112326756 0.0 0.0
-0.01274188 0.08995484 -0.2993779 -4.689883 3.546779 2.32897 -0.1038875 20.66443 nan 0 0.0 0.09085278611776305 4.69942865470872 0.0 0.0
-0.003959443 0.08524622 -5.07647 -5.837009 0.6180543 0.4395675 0.1169119 18.91273 1.592529 0 0.0 0.08533812285935664 7.7357108094202305 0.0 0.0
