jas1101finalproject/data/gcs/NGC_6352.ecsv
# %ECSV 0.9
# ---
# datatype:
# - {name: x, unit: deg, datatype: float64}
# - {name: y, unit: deg, datatype: float64}
# - {name: pmx, unit: mas / yr, datatype: float64}
# - {name: pmy, unit: mas / yr, datatype: float64}
# - {name: pmx_e, unit: mas / yr, datatype: float64}
# - {name: pmy_e, unit: mas / yr, datatype: float64}
# - {name: pm_corr, datatype: float64}
# - {name: g_mag, unit: mag, datatype: float64}
# - {name: bp_rp, unit: mag, datatype: float64}
# - {name: filter, datatype: int64}
# - {name: memberprob, datatype: float64}
# - {name: r, unit: deg, datatype: float64}
# - {name: pm, unit: mas / yr, datatype: float64}
# - {name: member_prob_GMM, datatype: float64}
# meta: !!omap
# - comments: [deg deg mas/yr mas/yr mas/yr mas/yr dimless mag   mag   zeroone float]
# - __serialized_columns__:
#     bp_rp:
#       __class__: astropy.units.quantity.Quantity
#       unit: &id001 !astropy.units.Unit {unit: mag}
#       value: !astropy.table.SerializedColumn {name: bp_rp}
#     g_mag:
#       __class__: astropy.units.quantity.Quantity
#       unit: *id001
#       value: !astropy.table.SerializedColumn {name: g_mag}
#     pm:
#       __class__: astropy.units.quantity.Quantity
#       unit: !astropy.units.Unit {unit: mas / yr}
#       value: !astropy.table.SerializedColumn {name: pm}
#     pmx:
#       __class__: astropy.units.quantity.Quantity
#       unit: !astropy.units.Unit {unit: mas / yr}
#       value: !astropy.table.SerializedColumn {name: pmx}
#     pmx_e:
#       __class__: astropy.units.quantity.Quantity
#       unit: !astropy.units.Unit {unit: mas / yr}
#       value: !astropy.table.SerializedColumn {name: pmx_e}
#     pmy:
#       __class__: astropy.units.quantity.Quantity
#       unit: !astropy.units.Unit {unit: mas / yr}
#       value: !astropy.table.SerializedColumn {name: pmy}
#     pmy_e:
#       __class__: astropy.units.quantity.Quantity
#       unit: !astropy.units.Unit {unit: mas / yr}
#       value: !astropy.table.SerializedColumn {name: pmy_e}
#     r:
#       __class__: astropy.units.quantity.Quantity
#       unit: &id002 !astropy.units.Unit {unit: deg}
#       value: !astropy.table.SerializedColumn {name: r}
#     x:
#       __class__: astropy.units.quantity.Quantity
#       unit: *id002
#       value: !astropy.table.SerializedColumn {name: x}
#     y:
#       __class__: astropy.units.quantity.Quantity
#       unit: *id002
#       value: !astropy.table.SerializedColumn {name: y}
# schema: astropy-2.0
x y pmx pmy pmx_e pmy_e pm_corr g_mag bp_rp filter memberprob r pm member_prob_GMM
[from data line 6013]
0.01077923 -0.07949267 -3.041924 -9.608299 0.6790772 0.5613888 0.2436197 19.57389 1.33798 0 0.0 0.08022017441468075 10.078328794754466 0.0
0.01881895 -0.04713877 -1.878801 -3.856651 0.3801904 0.3075986 0.1475642 18.44657 0.908247 0 0.0 0.050756443100510897 4.289947567675157 1.0
0.01686806 -0.01162325 -2.715045 -4.685199 0.5235028 0.4191266 0.4996346 18.71166 0.9038391 0 0.0 0.020484906363615628 5.4150308421675675 0.0
-0.0265275 0.1128843 -9.78745 -7.045073 1.834791 1.23247 0.48705 20.34109 1.100271 0 0.0 0.1159593611690751 12.059321335706624 0.0
0.03265742 -0.1435392 -5.462277 -0.9134436 0.4279513 0.2913277 0.2496557 17.82461 1.249983 1 0.0 0.14720736740291362 5.53812687062241 0.0
-0.004453514 -0.006981976 -0.6824182 -6.862693 0.741794 0.794096 -0.7697734 18.15371 1.074362 0 0.0 0.008281411462593318 6.896538973422846 0.0
0.06152223 0.04462439 -2.583706 -4.980762 0.2615055 0.2364804 0.1307507 18.13187 1.546835 1 0.6073655 0.0760021115959616 5.611018338508617 0.0
-0.07470147 -0.06124739 -0.2660465 -5.734126 1.016093 0.7463753 0.7450752 18.52426 nan 0 0.0 0.09659996067273009 5.7402945677062815 0.0
-0.02496703 -0.006190642 -3.892428 -7.572638 0.8360556 0.7836747 -0.2298592 19.19635 1.050156 0 0.0 0.02572307593179836 8.51444901413051 0.0
0.08680368 0.02331675 -4.596321 -5.766947 0.9074385 0.7344974 0.2651474 19.8712 0.7482281 1 0.09766375 0.08988075262315563 7.374540286407688 0.0
-0.01592865 0.101685 -10.16683 -7.864681 1.154172 0.9399813 0.5088856 19.48582 1.389175 0 0.0 0.10292502667389744 12.853701392231772 0.0
-0.01978727 0.1092024 -2.446479 -16.97702 0.7497634 0.6491894 0.3641458 19.51391 1.444801 0 0.0 0.11098062993069062 17.152389558829434 0.0
-0.02675629 0.04610795 -7.143006 -5.657132 0.9363323 0.7524852 0.3163954 19.39409 1.217079 0 0.0 0.05330893084433977 9.111842688581712 0.0
-0.01774266 0.06613904 -7.695262 -6.577891 1.945779 1.676024 0.2833974 20.13458 0.7258511 0 0.0 0.06847754811613219 10.123522472762383 0.0
-0.1096405 -0.05905633 -1.971946 -4.659505 0.4448545 0.3714564 -0.1576494 18.53402 1.066509 1 0.76555 0.1245338883730806 5.059600564465638 0.0
0.01393129 -0.01458257 -1.633443 -4.385158 0.322256 0.3011505 0.1846083 18.30784 nan 0 0.0 0.020167602457134066 4.679502828208676 1.0
0.01189029 -0.08415447 -5.027942 -3.607265 1.652491 1.048879 0.3647042 20.1816 nan 0 0.0 0.08499031602050318 6.188098377982448 0.0
0.05529446 -0.1269001 -1.349556 -9.189378 0.2928093 0.2648283 0.0258252 18.16063 1.098484 1 0.0 0.13842367097682967 9.287947535597947 0.0
0.08455479 0.09671919 -3.814508 -9.58869 0.8487882 0.6768325 0.7742586 18.24686 nan 0 0.0 0.1284683393922417 10.319566231105064 0.0
-0.04805544 -0.002815961 -0.4083699 -4.236023 0.7361246 0.603945 0.188633 19.5599 nan 0 0.0 0.048137874381271976 4.255661738408612 0.0
-0.002503403 -0.130864 -3.612463 -8.78051 0.2594917 0.2069164 0.3081162 17.85913 1.202436 1 0.0 0.13088794261726483 9.494590290605961 0.0
-0.01724757 0.1012649 -1.903091 -4.007053 0.3311282 0.2867296 0.2574037 18.53847 1.172071 1 0.8434935 0.10272321374896183 4.436015002126346 0.0
-0.1459168 0.0344883 -1.93346 -5.227509 0.5251842 0.4820582 0.08316202 19.31594 1.388323 1 0.3072113 0.14993717137231183 5.573609056677818 0.0
-0.05086208 -0.01113474 -4.916975 1.88854 0.3070564 0.2305932 0.3710511 17.97853 1.0481 0 0.0 0.05206662670842043 5.267183923333701 1.0
-0.05585397 -0.1298381 -1.744946 -5.04776 0.1928731 0.1431799 0.06872435 16.86422 1.160559 1 0.001555946 0.14134213163940504 5.34085363593836 0.0
0.008142554 -0.002946484 -2.752298 -4.115423 0.4581109 0.3848766 0.2946325 18.59641 nan 0 0.0 0.0086592698078517 4.950944430079275 0.0
0.05870638 -0.1462254 -2.791303 -5.064604 0.5245899 0.4324052 0.2683771 19.17945 1.099808 1 0.320545 0.15757000557804268 5.782870058597634 0.0
-0.05190015 0.09357385 -1.842528 -4.779972 0.9077755 0.7438707 0.4031293 19.79144 1.242874 1 0.5786449 0.1070032288010273 5.122796282458244 0.0
0.05569313 0.05265341 -0.02464025 0.3280666 1.305019 1.052487 0.1928072 19.91421 nan 0 0.0 0.07664271859625675 0.3289906320180295 0.0
-0.05400147 -0.04834273 -1.390363 0.9659974 2.386537 1.775448 0.07071642 20.47753 0.6079426 0 0.0 0.07247881280770126 1.6930033220805445 0.0
0.05996213 0.02803231 -2.977962 -7.512207 0.5510089 0.5002322 0.1385975 19.25607 1.255539 1 2.13476e-06 0.06619114319962302 8.080935074871782 0.0
0.04568674 -0.07270285 -2.19495 -1.789105 0.5929122 0.5381739 0.102024 19.36128 1.090605 1 0.0006613213 0.08586607368425611 2.831731308497506 0.0
-0.01398024 0.1006937 -4.492915 -5.68365 0.4748294 0.4072754 0.3130647 19.05754 1.051075 1 0.0001603615 0.1016595707749526 7.245009490658036 0.0
0.02472944 0.124253 -2.460297 0.06013224 0.2833618 0.2627009 0.1757205 17.9509 1.227657 0 0.0 0.12668998860096878 2.461031737807625 0.0
0.008486781 -0.003236457 -7.316934 -6.915927 1.114436 0.593851 0.5923578 18.50736 nan 0 0.0 0.009082956878396484 10.068146275739393 0.0
-0.03587012 -0.0228407 -6.817789 -0.305415 0.7093059 0.6765894 0.03654409 19.455 1.243778 0 0.0 0.042524852560642694 6.824626375908501 0.0
-0.103376 -0.05579688 -7.112449 -9.416393 2.19405 1.653678 0.4768763 20.3038 1.146727 1 0.027249 0.11747292962097437 11.800652011988575 0.0
0.1159999 0.09396028 -2.150804 -10.37963 1.463936 1.155828 0.4008209 20.04111 nan 0 0.0 0.14927997527360592 10.60012626261197 0.0
-0.06874873 -0.0952203 -2.219002 -6.897226 0.5941939 0.5083195 -0.003764747 19.00309 1.336504 1 0.000197892 0.1174448526275328 7.245391388398559 0.0
0.02696743 0.01825673 -2.185904 -4.237028 0.9919799 0.7686873 -0.2699103 19.33707 nan 0 0.0 0.032566093887627975 4.7676600728239835 1.0
-0.07910927 0.1199594 -2.09835 -5.069188 0.6509737 0.5544219 0.2838444 19.52262 0.8823814 1 0.4119566 0.14369597853904226 5.486322967329211 0.0
-0.04863148 -0.05683264 -4.026378 -6.033951 2.256921 1.657314 0.4130015 20.29164 1.50605 0 0.0 0.07479953085655017 7.2539840411518 0.0
-0.1319692 -0.03736562 -4.134632 -3.319887 0.949986 0.8074832 -0.1617864 19.80074 1.335833 1 0.1187213 0.13715706072464662 5.3025306664075975 0.0
-0.1141473 -0.006930676 -3.856466 -4.376521 0.7292447 0.6624503 0.2108557 19.64832 1.12273 0 0.0 0.11435751119671578 5.833203757164411 0.0
-0.01424314 0.02492998 -3.132833 -6.077287 1.537825 0.9961636 0.6141478 19.92301 nan 0 0.0 0.028711860612994067 6.837255288948775 0.0
0.01207266 0.002591676 -1.737202 0.5101458 1.662943 1.720632 0.06269788 19.04176 nan 0 0.0 0.012347708449934183 1.8105577941788105 0.0
0.04085416 -0.1217404 0.05958586 -5.500485 0.700108 0.5913463 0.21568 19.72721 1.837149 1 0.002622625 0.12841256706983784 5.500807732500468 0.0
-0.01353902 -0.0320614 -3.049072 -4.21252 0.2054214 0.1617201 0.2429882 17.34914 1.327848 1 0.0872636 0.0348028509251814 5.200208150793966 1.0
0.00872973 -0.003629412 -5.37531 -1.273884 1.816956 2.125982 -0.8713164 19.10621 nan 0 0.0 0.009454142866418087 5.524195691823019 0.0
-0.1072482 -0.02320063 -3.208827 -6.071684 1.415867 1.15067 0.4425556 20.20201 0.9372845 0 0.0 0.10972896443344801 6.867453480860646 0.0
0.04986286 0.02000183 -5.791698 9.851379 0.7259648 0.5836981 -0.2426731 19.27524 nan 0 0.0 0.05372502220314572 11.427748418863839 0.0
-0.1190041 -0.07733078 -5.451931 -1.855241 0.32453 0.2756966 -0.004112547 17.93119 1.152399 1 0.0 0.14192260338726317 5.7589470215345795 0.0
-0.06510909 0.1414712 -1.510349 -4.716847 0.1209129 0.09983095 0.1535948 16.60301 1.540242 0 0.0 0.15573469115796934 4.952756780138714 0.0
0.05113958 0.02029811 -2.935312 -5.698996 1.877872 1.442609 0.06299924 20.36006 0.408596 0 0.0 0.055020631695287724 6.410507931931759 0.0
0.05812065 -0.005203032 -1.197238 -2.72405 1.046949 0.8482964 0.2180741 20.00778 0.6031113 0 0.0 0.058353076169260554 2.975538141436604 0.0
-0.04929552 0.0648289 -5.451357 -6.06798 0.6937685 0.5981866 0.2067 19.47039 1.721357 0 0.0 0.08144221612456527 8.157062855087547 0.0
0.04012339 0.001799076 -1.708858 -7.140301 1.286098 1.118494 0.1666384 20.10281 nan 0 0.0 0.0401637037578194 7.341940753967236 0.0
0.01758529 -0.04540264 -1.56507 -4.263254 1.118979 0.8704437 0.2882933 19.97019 nan 0 0.0 0.048689240529645766 4.541451174835638 1.0
0.009414936 -0.02161965 -3.322417 -6.145394 0.05951428 0.04728342 0.0006301227 14.80634 1.894493 1 0.0 0.02358071852184738 6.98600902784451 0.0
-0.01218084 -0.04086919 -2.166876 -4.570843 0.5034892 0.4011438 0.1545843 18.90362 nan 0 0.0 0.04264579175442402 5.058454045459443 1.0
0.06602968 -0.05877108 1.364185 -6.450947 2.402806 1.466871 0.5593558 20.55723 0.9079189 0 0.0 0.08839659770188443 6.593611901760219 0.0
-0.06008859 -0.01678293 -2.455878 -5.496388 0.4605982 0.3785339 0.2622447 16.52065 1.358334 0 0.0 0.06238834336294721 6.020101145116085 0.0
0.06371829 -0.01458627 -2.081374 -5.244825 0.4967561 0.4480058 0.06425074 19.15241 0.8930855 0 0.0 0.0653665032951664 5.642721595870294 0.0
0.0699293 0.01137604 0.1520139 -14.47979 0.7627267 0.6789164 0.1550369 19.81981 0.9666004 1 0.0 0.070848579975689 14.48058792556066 0.0
0.005891791 -0.02750519 -1.846057 -3.639229 0.4102599 0.3198875 0.3186363 18.52093 0.8826561 0 0.0 0.028129142861519633 4.080675699156942 0.0
0.03176942 0.01888339 1.192676 -4.62794 2.032918 1.53421 0.4364636 20.17371 1.119415 0 0.0 0.03695779302161454 4.779153134664759 1.0
-0.008355007 0.07541879 -2.680946 -5.776464 0.2570632 0.2201459 0.1467808 18.1398 1.200397 1 1.415044e-05 0.07588016886535077 6.368281384974442 0.0
-0.08592262 -0.004727444 -5.072039 -5.255697 0.2640424 0.2151026 0.2736435 17.93634 1.188854 1 0.0 0.08605257320055884 7.303966769730678 0.0
0.01188093 0.0488907 0.3831269 -3.478793 0.9053751 0.7578814 0.2567521 19.87911 0.4781742 0 0.0 0.050313587073025315 3.4998267040458746 0.0
0.03370573 -0.1159941 6.162729 -13.91979 3.107303 1.757621 0.6672677 20.47508 -0.1699181 0 0.0 0.12079200085122732 15.223001752990145 0.0
-0.1305962 -0.03612229 -0.2584939 0.3509851 3.334528 2.470635 0.5255946 20.58781 nan 0 0.0 0.13549976859494667 0.4359009483348482 0.0
-0.07075003 0.1085963 -1.35499 -6.140474 1.294981 1.062622 0.4755649 20.10364 0.6755714 0 0.0 0.1296098881979724 6.288196788012919 0.0
-0.03117665 -0.1493671 -12.00284 1.438115 1.036283 0.8096507 -0.08698604 19.83784 1.612221 1 0.0 0.15258608739866325 12.088686563015232 0.0
-0.03976695 0.09380221 -1.968471 -4.664842 0.4358466 0.3745567 0.2275299 18.95006 1.27116 1 0.8279641 0.10188358510175523 5.063163928099208 0.0
-0.01258314 0.1132749 -4.976578 -5.955197 1.314958 1.17689 0.1784388 20.05909 nan 0 0.0 0.11397165604776303 7.760844019750236 0.0
-0.08280704 -0.1020276 -5.445305 -4.307291 0.9428617 0.852272 -0.05800902 19.48372 nan 0 0.0 0.13140257621265117 6.9429174200552035 0.0
0.008044592 -0.1097617 -2.336656 -0.9128191 0.7713121 0.7142912 0.125157 19.70823 1.495577 1 0.000216675 0.11005610499802573 2.508625115807623 0.0
0.07018917 -0.07897167 -1.574184 -3.036154 2.48502 1.901005 0.3933243 20.44322 1.006771 1 0.2770443 0.10565530865923302 3.4199833884935757 0.0
0.00790817 0.05262606 1.628675 -1.452099 0.4244686 0.3461883 0.2491601 18.91574 1.424719 1 0.0 0.053216927230651905 2.1820114026801054 0.0
-0.0950563 0.1041698 -4.427814 -2.34677 1.044512 0.8495156 0.4404683 19.99685 0.8588181 1 0.0007559563 0.1410214430564728 5.0112739150335806 0.0
0.07537569 0.1053891 -3.560823 -7.204341 2.248979 1.910019 0.5628671 20.43844 -0.04258537 0 0.0 0.12956989249739345 8.03629203561008 0.0
0.0281023 0.01882832 -1.452213 -3.862359 0.6336247 0.5076238 -0.2236316 19.10174 1.320511 0 0.0 0.03382668915682409 4.126347009432193 0.0
-0.05271235 0.07454532 -2.72252 -5.035945 0.9566384 0.9319057 0.1749774 20.02116 nan 0 0.0 0.09129948836891091 5.72475826506456 0.0
-0.03207331 -0.04066805 -2.610737 -4.014662 0.540816 0.4655831 0.06760366 19.20579 1.050457 0 0.0 0.05179370140430784 4.788889083849511 1.0
-0.0003422207 -0.09130181 -1.138781 -10.93951 2.26286 1.703475 0.2169633 20.32743 1.076191 0 0.0 0.09130245135966289 10.998622695867924 0.0
-0.07036261 -0.0392876 -1.455098 -5.483331 0.5147235 0.4605936 0.1248027 19.16674 0.9765663 1 0.2300629 0.08058791720706089 5.673114580648358 0.0
0.04090998 -0.07762737 -1.64518 -5.487754 0.2378419 0.2144756 0.183807 17.64547 1.1339 1 7.701205e-05 0.0877475642779747 5.7290541275952345 0.0
0.02283436 -0.1614552 -1.46613 -6.172022 0.5088294 0.4368652 0.1407272 18.90601 nan 0 0.0 0.16306191953871263 6.343768024241114 0.0
-0.1077533 -0.02367472 -1.687406 -4.770416 1.311743 1.158612 0.3911524 19.98189 1.198921 0 0.0 0.11032346091366241 5.060060061095323 0.0
-0.06197266 0.08404493 -2.149458 -4.361813 0.4811288 0.3843128 0.2504847 18.99307 1.049662 1 0.8541732 0.10442299002700746 4.862672345607197 0.0
0.01178424 -0.1054442 -2.24142 -4.552637 0.2878745 0.2295112 0.3005031 18.06729 1.205414 1 0.9236404 0.10610064856548992 5.074491823835072 0.0
0.04004647 -0.1466535 -4.543411 -5.377791 1.768824 1.156862 0.4283924 20.27812 0.383461 0 0.0 0.15202292202727488 7.04011502424513 0.0
0.02184066 -0.1250627 -6.38427 -12.36263 0.4594666 0.3902171 0.1801173 18.9059 2.453619 1 0.0 0.1269554778673437 13.913788986102958 0.0
-0.1188822 0.06088396 -5.036537 -4.446871 1.409367 1.316223 -0.03640194 19.90622 1.364698 0 0.0 0.13356584167414062 6.718732517596604 0.0
0.1112603 0.1070667 -4.589213 -3.590631 1.284287 0.9093432 0.4003329 20.0165 1.879377 0 0.0 0.15440897838202286 5.82696378378397 0.0
0.008907511 -0.02916884 -2.487262 -4.647753 0.8981482 0.6147275 0.6443465 19.22499 0.693119 1 0.9160165 0.030498606183901603 5.271440050465622 1.0
0.1343347 0.06035342 -3.248494 -1.331194 0.5436484 0.4790132 0.5380179 18.58255 nan 0 0.0 0.14726964021748135 3.510668132089959 0.0
-0.002730819 -0.03404713 -2.837955 -5.673198 1.084051 1.046258 -0.1038552 19.20106 nan 0 0.0 0.034156469865131864 6.343434726489192 0.0
-0.01536068 -0.09862453 6.634493 -0.8646275 2.699658 1.671325 0.5623353 20.51686 0.6502514 0 0.0 0.09981356825493867 6.690596242548585 0.0
-0.009533877 -0.1270769 0.07192673 -6.079657 0.5787908 0.4731791 0.2573723 19.36104 1.112459 1 1.453204e-06 0.12743403518786153 6.08008245767584 0.0
0.01493122 0.01210477 -0.5096726 -2.163584 1.431358 1.224825 -0.2134463 19.69538 nan 0 0.0 0.019221518864057024 2.222804958660737 0.0
-0.09249771 -0.008256141 0.06372609 -3.89572 1.980048 1.373739 0.2543508 19.58371 nan 0 0.0 0.09286544147020451 3.8962411800280905 0.0
0.09019314 0.07231833 -4.597679 -7.2008 1.666091 1.148543 0.282801 20.34938 0.7338772 0 0.0 0.11560598322339766 8.543428634163277 0.0
0.03217461 0.01885261 5.757598 -1.648421 3.11702 1.876996 0.288753 20.84964 nan 0 0.0 0.037291103931959425 5.9889253228642785 0.0
0.08949165 0.03093006 0.9502573 -2.775898 0.3635993 0.3063423 0.2565147 18.54717 1.122046 1 0.0 0.09468592308958128 2.9340413498461966 0.0
0.08353 0.05335538 1.458424 -1.725015 1.202582 1.235887 0.1805503 19.82339 nan 0 0.0 0.09911638348398512 2.258910647635492 0.0
-0.005874668 0.02472564 -0.8112871 -3.873313 0.9900253 0.7907557 0.4555616 19.53737 nan 0 0.0 0.025413952811788723 3.9573653299380145 0.0
-0.06231207 0.09618287 -6.31931 -9.504276 0.4585584 0.3996652 0.1101203 19.07389 1.685867 0 0.0 0.11460339676083689 11.413366775858735 0.0
0.06379981 0.06662858 -3.673492 -6.577955 1.005599 0.8447316 0.04023759 20.07578 0.6763763 1 0.06626883 0.092248487406854 7.534191095007413 0.0
-0.03734775 -0.05055172 -2.023641 -4.341088 0.4074973 0.3263881 0.209747 18.83277 0.9844799 1 0.9488716 0.06285165729732908 4.789589535714413 1.0
-0.08786001 0.03831053 2.078902 -1.263151 0.7096111 0.6863445 -0.05303877 19.51231 1.341463 1 0.0 0.09584924655979826 2.4325673627681925 0.0
0.05235631 -0.01797982 -1.140419 -0.6559179 0.9271313 0.7463913 0.3610276 19.32039 nan 0 0.0 0.05535753899920498 1.315592561206322 0.0
-0.0605362 -0.1166026 -0.8838163 -4.725973 0.5253525 0.4141686 -0.03239559 18.78918 1.135307 1 0.1899386 0.1313803555985445 4.807905162217189 0.0
-0.009338969 0.02152459 2.128002 -11.86171 0.9994808 0.7824021 0.1252497 17.95528 1.164417 0 0.0 0.023463254604829675 12.051081139719539 0.0
0.04632353 0.04916091 -2.984768 -3.917741 0.737287 0.6155667 0.03012987 19.60882 0.8420677 0 0.0 0.06754749813049334 4.9251938598297835 1.0
