jas1101finalproject/data/gcs/NGC_6626_M_28.ecsv
# %ECSV 0.9
# ---
# datatype:
# - {name: x, unit: deg, datatype: float64}
# - {name: y, unit: deg, datatype: float64}
# - {name: pmx, unit: mas / yr, datatype: float64}
# - {name: pmy, unit: mas / yr, datatype: float64}
# - {name: pmx_e, unit: mas / yr, datatype: float64}
# - {name: pmy_e, unit: mas / yr, datatype: float64}
# - {name: pm_corr, datatype: float64}
# - {name: g_mag, unit: mag, datatype: float64}
# - {name: bp_rp, unit: mag, datatype: float64}
# - {name: filter, datatype: int64}
# - {name: memberprob, datatype: float64}
# - {name: r, unit: deg, datatype: float64}
# - {name: pm, unit: mas / yr, datatype: float64}
# - {name: member_prob_GMM, datatype: float64}
# - {name: member_prob_DB, datatype: float64}
# meta: !!omap
# - comments: [deg deg mas/yr mas/yr mas/yr mas/yr dimless mag   mag   zeroone float]
# - __serialized_columns__:
#     bp_rp:
#       __class__: astropy.units.quantity.Quantity
#       unit: &id001 !astropy.units.Unit {unit: mag}
#       value: !astropy.table.SerializedColumn {name: bp_rp}
#     g_mag:
#       __class__: astropy.units.quantity.Quantity
#       unit: *id001
#       value: !astropy.table.SerializedColumn {name: g_mag}
#     pm:
#       __class__: astropy.units.quantity.Quantity
#       unit: !astropy.units.Unit {unit: mas / yr}
#       value: !astropy.table.SerializedColumn {name: pm}
#     pmx:
#       __class__: astropy.units.quantity.Quantity
#       unit: !astropy.units.Unit {unit: mas / yr}
#       value: !astropy.table.SerializedColumn {name: pmx}
#     pmx_e:
#       __class__: astropy.units.quantity.Quantity
#       unit: !astropy.units.Unit {unit: mas / yr}
#       value: !astropy.table.SerializedColumn {name: pmx_e}
#     pmy:
#       __class__: astropy.units.quantity.Quantity
#       unit: !astropy.units.Unit {unit: mas / yr}
#       value: !astropy.table.SerializedColumn {name: pmy}
#     pmy_e:
#       __class__: astropy.units.quantity.Quantity
#       unit: !astropy.units.Unit {unit: mas / yr}
#       value: !astropy.table.SerializedColumn {name: pmy_e}
#     r:
#       __class__: astropy.units.quantity.Quantity
#       unit: &id002 !astropy.units.Unit {unit: deg}
#       value: !astropy.table.SerializedColumn {name: r}
#     x:
#       __class__: astropy.units.quantity.Quantity
#       unit: *id002
#       value: !astropy.table.SerializedColumn {name: x}
#     y:
#       __class__: astropy.units.quantity.Quantity
#       unit: *id002
#       value: !astropy.table.SerializedColumn {name: y}
# schema: astropy-2.0
x y pmx pmy pmx_e pmy_e pm_corr g_mag bp_rp filter memberprob r pm member_prob_GMM member_prob_DB
[from data line 19148]
-0.07856954 0.0547279 -9.316314 -1.897957 0.1824393 0.1430653 -0.4103362 16.42173 1.410156 0 0.0 0.09575132194503426 9.50767833492725 0.0 0.0
-0.01600039 0.09423963 2.663504 0.3871369 0.5338689 0.4625563 0.02116564 18.49959 1.511604 0 0.0 0.09558828559341882 2.6914918794894422 0.0 0.0
-0.0151957 0.08496431 -1.800749 -9.307545 0.5382748 0.435764 -0.2834903 18.63461 1.218016 0 0.0 0.08631247460399974 9.480141923411589 0.0 0.0
-0.07050943 0.1044878 -5.814089 -4.157507 1.088705 0.954541 0.1366316 19.34158 nan 0 0.0 0.1260526876657729 7.147621657234664 0.0 0.0
-0.0249981 0.05625905 -7.356633 -9.69744 0.7961961 0.6621648 -0.09452317 18.9058 1.307024 0 0.0 0.061562859830522 12.172115331785557 0.0 0.0
-0.04620236 0.09254213 -2.442312 -5.238865 0.4857039 0.4025589 -0.150453 18.29296 1.109818 0 0.0 0.10343453917578256 5.780189823316272 0.0 0.0
-0.1113244 0.06981849 0.4303672 -5.510842 0.4048418 0.3434937 -0.1060256 17.81167 1.363829 1 0.0 0.13140678666355135 5.527621140762077 0.0 0.0
-0.1120407 0.06540424 -4.772277 -4.585605 0.4076771 0.3694251 0.2321116 17.55621 nan 0 0.0 0.1297337005811042 6.6183382340852 0.0 0.0
-0.07366976 0.05996849 -1.50415 -10.76951 1.160052 1.017606 0.07830737 19.14285 1.090401 0 0.0 0.09499185928982389 10.874043078018406 0.0 0.0
-0.06284087 0.06440715 -0.7715416 -9.146689 1.028495 0.8137974 -0.3660168 18.9165 1.11697 0 0.0 0.08998475378351267 9.179171863695089 0.0 0.0
-0.03941246 0.08834069 -0.479749 -5.762312 0.798463 0.6726028 -0.06749153 19.03294 nan 0 0.0 0.09673375580906439 5.782248584101604 0.0 0.0
-0.07649293 0.1010987 -7.03949 -6.658122 0.9999932 0.8430181 -0.141192 18.55626 1.313774 0 0.0 0.12677584739087686 9.689427641867397 0.0 0.0
-0.05380721 0.05804087 1.488701 -1.59797 1.024072 0.8055098 -0.5938372 18.94007 1.252621 0 0.0 0.07914517318409886 2.183973165654972 0.0 0.0
-0.01669258 0.09024174 0.5480608 -7.360453 0.3235398 0.2883008 0.0001580704 17.39208 1.463366 0 0.0 0.09177262045558032 7.380829154350183 0.0 0.0
-0.08295795 0.07237754 -1.909658 -8.138366 0.2629736 0.2139361 -0.3095115 17.0907 1.762604 1 1.53178e-05 0.1100932775634103 8.35941354563345 0.0 0.0
-0.08585951 0.1018021 -0.6093209 -6.968843 0.1210439 0.09954627 -0.1830364 15.9241 1.895664 1 0.0 0.13317478373119326 6.995430273959265 0.0 0.0
-0.04684224 0.09939498 -5.060263 -4.661998 0.3496442 0.2900897 -0.1806108 18.00955 1.3876 0 0.0 0.1098797410691252 6.880442353597115 0.0 0.0
-0.0169147 0.09360436 0.162723 -8.960979 0.2975613 0.2555105 -0.01422201 17.59927 0.5942135 0 0.0 0.09512036210559545 8.962456326988155 0.0 0.0
-0.07635833 0.1075266 1.217563 -2.769544 0.5296518 0.4284885 -0.2619921 18.44851 1.249413 0 0.0 0.13188087150132463 3.025365040272826 0.0 0.0
-0.01741171 0.08118556 0.2611087 -2.374216 0.2271371 0.1868161 -0.1834717 16.29265 1.728949 0 0.0 0.0830316975476095 2.3885307969276197 0.0 0.0
-0.06199102 0.08225272 -1.296842 -6.182989 0.1574056 0.1256074 -0.4360775 16.05046 1.742484 1 0.0 0.10299707038570952 6.317527376045552 0.0 0.0
-0.1003652 0.04954703 -3.02214 -8.446973 0.9676083 0.9512513 0.1193225 18.90519 1.858688 0 0.0 0.111928912944158 8.971325601176728 0.0 0.0
-0.05099894 0.09990069 -5.271781 -4.477492 1.018458 0.9305946 0.1260618 19.24525 1.071142 0 0.0 0.11216523411289124 6.91661835885319 0.0 0.0
-0.07924733 0.07504835 -14.42592 -10.91536 1.642784 1.421128 -0.1034377 19.51364 nan 0 0.0 0.10914391485488964 18.090114752980423 0.0 0.0
-0.02610453 0.0487515 -4.196291 -5.861794 0.7657518 0.6770068 0.133579 18.9034 nan 0 0.0 0.05530058985915883 7.208986548407273 0.0 0.0
-0.1063508 0.05261668 -0.7097719 -3.245429 0.3188346 0.2595973 -0.2346036 17.46452 1.55756 0 0.0 0.1186549943106585 3.322135690195482 0.0 0.0
-0.03934914 0.06341168 -0.6510222 -5.572724 1.227586 0.9878463 -0.08594817 19.22416 1.154003 0 0.0 0.07462838588072235 5.610622308181941 0.0 0.0
-0.005691301 0.06332816 -0.9479635 -6.321298 0.7155854 0.6158158 -0.01772264 18.86246 1.300207 0 0.0 0.06358338427654037 6.391982728554282 0.0 0.0
-0.004417133 0.06670994 -6.945327 -3.09558 0.5134297 0.4191957 -0.2375703 18.55498 1.334883 0 0.0 0.06685601811911392 7.603958355575666 0.0 0.0
-0.01292364 0.08386212 -4.862002 -8.042905 0.5837971 0.4728934 -0.2723604 18.74213 1.34432 0 0.0 0.08485208095117054 9.398264961525026 0.0 0.0
-0.05503982 0.0891072 -3.151973 -3.660084 0.3435733 0.3013272 -0.04781489 17.49192 1.223036 0 0.0 0.10473526090802658 4.830232776977213 0.0 0.0
-0.02990865 0.08776542 -2.533505 1.137093 0.5287373 0.4404818 -0.136137 18.23657 1.319927 0 0.0 0.09272160639569883 2.776981828473856 0.0 0.0
-0.04547235 0.06639267 3.432199 2.486024 1.116373 0.9619544 0.128783 19.34248 nan 0 0.0 0.08047186616607944 4.237960040417677 0.0 0.0
-0.06982115 0.1125048 -0.009756491 -3.141178 0.5284978 0.4534025 0.03396921 17.67717 1.164883 0 0.0 0.13240967868838932 3.141193151781761 0.0 0.0
-0.04384054 0.07385671 0.002886898 -3.470523 0.6909115 0.5851581 -0.1197183 18.93253 1.265993 0 0.0 0.08588833773869245 3.47052420070932 0.0 0.0
-0.004251263 0.07678265 -0.7309122 2.626169 0.3341996 0.27223 -0.2422083 17.97597 1.223101 0 0.0 0.07690025083260567 2.7259853742582405 0.0 0.0
-0.01754852 0.06902239 -0.1959083 -9.372308 0.3732033 0.3237117 -0.0008387772 17.86434 1.529697 0 0.0 0.07121826223309931 9.37435530097259 0.0 0.0
-0.02309459 0.09820388 -2.062723 -6.449697 1.167197 1.0989 0.2133499 19.38422 nan 0 0.0 0.10088291299483029 6.77151516032697 0.0 0.0
-0.06374748 0.1036236 -5.440219 -4.69657 0.3129861 0.2715963 -0.002332743 17.47264 1.652082 0 0.0 0.12166179220819656 7.187054510219121 0.0 0.0
-0.05231872 0.07547085 -2.212302 -3.76412 1.266462 1.10271 0.05140354 19.51678 nan 0 0.0 0.09183189893583221 4.366105760698429 0.0 0.0
-0.01181584 0.08867256 5.018575 -1.615752 0.7244693 0.552797 -0.505136 18.592 1.16791 0 0.0 0.08945634114951942 5.2722622806655774 0.0 0.0
-0.0130074 0.08999614 -9.383112 -7.508988 0.7174411 0.5940495 -0.1545196 18.73797 nan 0 0.0 0.09093127992973377 12.017807270408692 0.0 0.0
-0.02685877 0.07818934 0.1720369 -2.707251 0.3653122 0.3298768 0.1628649 17.8867 1.383606 1 0.0 0.08267385569542827 2.712711682424546 0.0 0.0
-0.0261042 0.04719319 -4.220305 -9.26343 0.5388097 0.4480846 -0.1327499 18.62923 nan 0 0.0 0.05393168308161817 10.179494567900953 0.0 0.0
0.001760709 0.0772462 -0.02584862 -1.966735 0.4716915 0.4077662 0.08909952 17.60539 1.589653 0 0.0 0.07726626372889193 1.9669048557011861 0.0 0.0
-0.05967465 0.1050142 -2.411559 -5.529663 1.080201 0.9378594 -0.2018458 19.21613 0.4043961 0 0.0 0.12078512348076025 6.03264367454684 0.0 0.0
-0.1097556 0.05009409 -0.703342 -6.54594 1.420279 1.246111 -0.1711366 19.39913 1.229647 0 0.0 0.12064704548511787 6.583617580978106 0.0 0.0
-0.06271418 0.08779129 -2.3646 -4.485754 1.077 0.988822 -0.1210188 19.31807 nan 0 0.0 0.10789058797196584 5.070830514670748 0.0 0.0
-0.02076226 0.07002325 -1.593482 -2.514983 0.5247264 0.4301043 -0.2312243 18.65144 1.503304 0 0.0 0.07303647705681114 2.9773015256458324 0.0 0.0
-0.1048963 0.06861294 -2.65394 -8.882455 0.8332106 0.6668108 -0.5390395 18.73362 1.647001 0 0.0 0.12534340544732936 9.270458691490136 0.0 0.0
-0.01292315 0.07918721 0.542813 -5.859041 0.9798993 0.8125561 -0.2040535 19.04404 1.360338 0 0.0 0.08023479316048991 5.884131829985627 0.0 0.0
-0.07826924 0.105618 -2.657873 -4.872979 0.5956363 0.4896393 -0.2116334 18.67366 1.18602 0 0.0 0.13145811444782557 5.550694841059991 0.0 0.0
-0.03886322 0.1040383 1.423654 -3.160945 0.1148597 0.09598184 -0.1873891 15.07852 1.911867 0 0.0 0.11105997359831489 3.46675121760143 0.0 0.0
-0.09317591 0.06602261 -5.676226 -7.247734 0.2288091 0.1815207 -0.3659862 16.8163 1.055737 1 0.0 0.11419603861579525 9.205932312255614 0.0 0.0
-0.06516654 0.06192639 0.1584973 -3.14273 0.1201422 0.09212697 -0.6246851 13.92363 1.895617 1 0.0 0.0898974733460496 3.1467242089206495 0.0 0.0
-0.08463973 0.0604364 -2.901118 -3.351215 0.44434 0.3844687 -0.162972 18.00573 1.252199 0 0.0 0.1040021266101463 4.432508051447735 0.0 0.0
-0.02380796 0.0613271 -2.753129 -5.537612 0.4662464 0.3836958 -0.2109902 18.47845 1.363846 0 0.0 0.06578626113233371 6.184243361413343 0.0 0.0
-0.03667229 0.09804038 -0.8866943 -9.981118 0.7183314 0.6136254 -0.1024825 18.97405 0.9897976 0 0.0 0.10467460515515929 10.020426303884307 0.0 0.0
-0.05622514 0.07562553 -5.092835 0.2902746 1.340275 1.204026 -0.009119652 19.30575 1.014151 0 0.0 0.09423633670617984 5.10110063423867 0.0 0.0
-0.1089297 0.055876 -2.955878 -4.259514 0.1150498 0.09059544 -0.4339117 14.63234 1.996595 1 0.0 0.12242469897079593 5.184657584361768 0.0 0.0
-0.040072 0.07151195 0.1812432 -3.647818 1.117189 0.9689429 0.156575 19.34767 nan 0 0.0 0.08197392376117238 3.652317792672242 0.0 0.0
-0.06275991 0.06865676 -1.185971 0.3338344 2.236415 1.677765 -0.3017681 19.75952 nan 0 0.0 0.09301912167348012 1.2320603148646416 0.0 0.0
-0.08195079 0.09946635 -8.4715 -3.118176 0.7158579 0.6059148 -0.04872275 18.27803 1.256943 0 0.0 0.12887779779289604 9.027144278063579 0.0 0.0
-0.06848409 0.1000792 0.9561796 -4.248049 1.194671 1.016638 -0.2607934 19.29079 nan 0 0.0 0.12126795477688282 4.354331146554792 0.0 0.0
-0.04942811 0.1216413 -10.62665 -1.710077 2.180121 1.806427 -0.2730116 19.85215 nan 0 0.0 0.13130020534584894 10.763366274935969 0.0 0.0
-0.02270245 0.07524522 -0.5265598 -8.578183 0.7016024 0.5820936 -0.1977624 18.9824 1.969543 0 0.0 0.078595447507161 8.594328874581484 0.0 0.0
-0.07765576 0.09948438 -6.414466 -7.094628 0.4379328 0.3740455 -0.0505747 18.15752 1.258717 0 0.0 0.1262044330646194 9.564471784868205 0.0 0.0
-0.05663855 0.07088559 -5.070652 -5.941251 1.270938 1.076421 -0.05790041 19.48589 nan 0 0.0 0.09073418438356406 7.810888243350113 0.0 0.0
-0.04693477 0.1242953 -4.481389 -6.389978 1.378366 1.129672 0.004067941 19.37192 0.9087429 0 0.0 0.13286156041926836 7.804784827899166 0.0 0.0
-0.03959769 0.06103314 0.430337 -5.088507 1.109597 1.019791 0.04544318 19.08528 nan 0 0.0 0.07275315272615819 5.106671462177491 0.0 0.0
-0.08721434 0.05815915 2.459551 -3.985133 0.9690642 0.8455519 -0.170335 19.03246 1.332996 0 0.0 0.10482761005745624 4.683019981730806 0.0 0.0
-0.03082698 0.1038136 3.438192 -4.255659 0.4057704 0.3336829 -0.2218719 18.15306 1.374344 0 0.0 0.10829388828960017 5.470996047626519 0.0 0.0
-0.01891096 0.1017141 5.226779 -1.979443 1.215642 1.082116 0.1363337 18.58908 1.460979 0 0.0 0.10345715319363664 5.5890440421497845 0.0 0.0
-0.02253361 0.06084288 -1.760188 -8.0451 0.7537098 0.6331376 -0.1441138 18.94992 nan 0 0.0 0.06488158156462048 8.235405017686986 0.0 0.0
-0.014447 0.07958759 -1.344052 -9.513431 0.6792637 0.5413471 -0.2791269 18.73013 0.9249306 0 0.0 0.08088819624029268 9.607905347705348 0.0 0.0
-0.000871337 0.08717585 -3.654579 -1.936755 0.3648238 0.3149606 -0.02592648 18.0035 nan 0 0.0 0.08718020446976521 4.1360570108819825 0.0 0.0
-0.07766094 0.107768 -3.343986 -4.920084 0.4528444 0.3829442 -0.04773144 18.32336 1.083977 0 0.0 0.13283509862112347 5.948904851756498 0.0 0.0
-0.06325394 0.05958516 0.1166752 -6.652596 0.750757 0.5742596 -0.3856209 18.73337 0.9009151 0 0.0 0.08689909215722107 6.653619063450434 0.0 0.0
-0.0963484 0.08456913 5.563473 -2.044368 0.9487006 0.7006987 0.7569822 17.73765 1.558964 0 0.0 0.1281988764830523 5.9271976802830695 0.0 0.0
-0.06180183 0.0918029 -1.646226 -6.652931 0.3092036 0.2660437 0.02160348 17.72655 1.323385 0 0.0 0.11066724284881639 6.8535794249309605 0.0 0.0
-0.02333996 0.07684346 -3.621509 -4.402686 0.670505 0.5516641 -0.1467645 18.8964 1.469381 0 0.0 0.08030984421335408 5.7007869151264545 0.0 0.0
-0.02283872 0.06298668 -3.430851 -4.160286 0.604983 0.4868994 -0.2830856 18.53397 1.330965 0 0.0 0.06699947006253706 5.392468654150621 0.0 0.0
-0.03206715 0.07739655 -1.506423 -4.243315 0.2028075 0.1765601 0.2163124 15.74939 nan 0 0.0 0.08377665582383316 4.502780523649138 0.0 0.0
-0.09861469 0.07745485 1.450629 0.1478511 0.3772541 0.3278185 -0.3400011 17.43683 nan 0 0.0 0.12539581680550035 1.4581441778549231 0.0 0.0
-0.07596918 0.1055927 3.198503 -4.732589 1.67834 1.440694 0.291459 19.21058 nan 0 0.0 0.1300812615374036 5.712076687504292 0.0 0.0
-0.06698737 0.09939334 -3.099075 -8.643634 0.7111772 0.5978951 -0.1334833 18.94282 1.292309 0 0.0 0.11985968369669803 9.182411152936957 0.0 0.0
-0.1033597 0.05311131 -0.3472398 -6.574808 1.306117 1.105384 -0.07177405 18.70638 1.133566 0 0.0 0.11620687946075353 6.583971120499242 0.0 0.0
-0.06049201 0.07634068 -1.154101 -1.238194 0.468534 0.3896229 -0.1621505 18.47011 nan 0 0.0 0.0974021698767666 1.6926527995537064 0.0 0.0
-0.02347922 0.08075922 -1.292514 -4.462824 0.7360067 0.6334565 -0.05473234 18.95913 nan 0 0.0 0.08410306407507874 4.646223250681353 0.0 0.0
-0.001203881 0.09306383 -3.327512 -4.330315 1.228175 1.072266 -0.05937685 19.53892 1.613304 0 0.0 0.09307161642375758 5.461132127074843 0.0 0.0
-0.0322826 0.05362713 -1.69955 -3.961349 0.7787388 0.6986114 0.2443893 18.77749 1.284004 0 0.0 0.06259421167166258 4.310540117236005 0.0 0.0
-0.02810329 0.06840246 -2.171013 -5.331518 0.4085111 0.3487087 0.00146238 17.53818 1.598886 0 0.0 0.07395060136926339 5.756594620997122 0.0 0.0
-0.05222373 0.1131028 0.05170824 -3.54064 0.2060482 0.1713656 -0.1551716 17.10616 1.752832 0 0.0 0.12457753145311919 3.5410175587935027 0.0 0.0
-0.05669406 0.07112398 0.06272819 -7.063597 0.823714 0.7420482 0.1172233 18.94439 1.16522 0 0.0 0.09095513712992796 7.063875522985217 0.0 0.0
-0.05218773 0.09338089 -1.083864 -6.648717 0.4389971 0.3800659 0.05617339 17.56148 1.363617 0 0.0 0.1069745286493238 6.736482681383884 0.0 0.0
-0.0001786311 0.06976178 -1.503504 -7.079913 0.6762704 0.5797409 -0.07043241 18.88032 1.034298 0 0.0 0.06976200869985244 7.237796098646673 0.0 0.0
-0.08328319 0.06165803 -5.612145 -3.517241 1.302221 1.098289 -0.2491682 19.37679 nan 0 0.0 0.10362336802119974 6.62322849923706 0.0 0.0
-0.02661661 0.1116881 -0.957843 -8.60975 0.9288367 0.8095385 -0.1220472 19.0456 nan 0 0.0 0.1148158334442689 8.662866631499586 0.0 0.0
-0.09945321 0.08665522 -5.857594 -8.319967 1.118667 0.9720873 -0.1519139 19.22603 -0.004722595 0 0.0 0.13190931783825016 10.175129402121872 0.0 0.0
-0.02412167 0.1075783 -4.262075 -11.08895 1.882629 1.436206 -0.184031 19.48176 1.03557 0 0.0 0.11024946981495602 11.879818828926854 0.0 0.0
-0.02330854 0.05708526 -4.025388 -2.709467 1.157038 1.096235 0.3488088 19.07384 1.135618 0 0.0 0.06166048123554665 4.852314908848456 0.0 0.0
-0.07211923 0.1089043 -1.589003 -2.643041 0.3706981 0.329278 0.08759581 17.80982 1.215067 0 0.0 0.13061902577451304 3.0839254630567843 0.0 0.0
-0.008794846 0.07647533 -3.880482 -2.867783 2.272681 1.899612 -0.5033383 19.91177 0.2205486 1 0.005917474 0.07697938305009085 4.825175632804779 0.0 0.0
-0.02294896 0.05996542 1.214999 -9.798644 1.001976 0.8339808 -0.191304 19.07584 nan 0 0.0 0.06420674700417395 9.87368456092947 0.0 0.0
-0.02109425 0.0673777 -2.940047 0.7281955 0.6963657 0.558636 -0.2953545 18.54833 1.397156 0 0.0 0.07060256256222221 3.0288851164131745 0.0 0.0
-0.0166043 0.05172288 0.4781311 -3.356114 1.181604 0.9980015 -0.05282743 17.83909 1.21262 0 0.0 0.05432273091427197 3.390001553065014 0.0 0.0
-0.1036538 0.07366464 -3.92327 -8.788594 0.5748638 0.4781876 -0.1070363 18.09092 1.309986 0 0.0 0.1271636325400057 9.624522429177253 0.0 0.0
-0.05466764 0.06193339 -1.188936 -5.67049 0.1577847 0.1220637 -0.4025875 15.7196 1.807811 1 0.0 0.08260929524007393 5.793791992486096 0.0 0.0
-0.0356935 0.0669452 -1.578969 -5.262306 0.210174 0.1866078 0.1128167 16.97035 1.785464 0 0.0 0.0758662358713677 5.494088417617339 0.0 0.0
-0.06200667 0.113598 -3.095087 -10.4657 1.038042 0.919274 -0.04464606 19.33398 1.004278 0 0.0 0.1294192131350245 10.913772951072833 0.0 0.0
-0.05531649 0.08818201 3.930455 -4.609168 0.6808154 0.5641569 -0.2146617 18.955 1.323278 1 0.0 0.10409601795246637 6.05746697549801 0.0 0.0
-0.09621982 0.06168869 -2.535802 -2.555331 0.4457959 0.366187 -0.0960361 17.15178 nan 0 0.0 0.11429675513656763 3.600001153161621 0.0 0.0
