jas1101finalproject/data/gcs/NGC_6528.ecsv
# %ECSV 0.9
# ---
# datatype:
# - {name: x, unit: deg, datatype: float64}
# - {name: y, unit: deg, datatype: float64}
# - {name: pmx, unit: mas / yr, datatype: float64}
# - {name: pmy, unit: mas / yr, datatype: float64}
# - {name: pmx_e, unit: mas / yr, datatype: float64}
# - {name: pmy_e, unit: mas / yr, datatype: float64}
# - {name: pm_corr, datatype: float64}
# - {name: g_mag, unit: mag, datatype: float64}
# - {name: bp_rp, unit: mag, datatype: float64}
# - {name: filter, datatype: int64}
# - {name: memberprob, datatype: float64}
# - {name: r, unit: deg, datatype: float64}
# - {name: pm, unit: mas / yr, datatype: float64}
# - {name: member_prob_GMM, datatype: float64}
# meta: !!omap
# - comments: [deg deg mas/yr mas/yr mas/yr mas/yr dimless mag   mag   zeroone float]
# - __serialized_columns__:
#     bp_rp:
#       __class__: astropy.units.quantity.Quantity
#       unit: &id001 !astropy.units.Unit {unit: mag}
#       value: !astropy.table.SerializedColumn {name: bp_rp}
#     g_mag:
#       __class__: astropy.units.quantity.Quantity
#       unit: *id001
#       value: !astropy.table.SerializedColumn {name: g_mag}
#     pm:
#       __class__: astropy.units.quantity.Quantity
#       unit: !astropy.units.Unit {unit: mas / yr}
#       value: !astropy.table.SerializedColumn {name: pm}
#     pmx:
#       __class__: astropy.units.quantity.Quantity
#       unit: !astropy.units.Unit {unit: mas / yr}
#       value: !astropy.table.SerializedColumn {name: pmx}
#     pmx_e:
#       __class__: astropy.units.quantity.Quantity
#       unit: !astropy.units.Unit {unit: mas / yr}
#       value: !astropy.table.SerializedColumn {name: pmx_e}
#     pmy:
#       __class__: astropy.units.quantity.Quantity
#       unit: !astropy.units.Unit {unit: mas / yr}
#       value: !astropy.table.SerializedColumn {name: pmy}
#     pmy_e:
#       __class__: astropy.units.quantity.Quantity
#       unit: !astropy.units.Unit {unit: mas / yr}
#       value: !astropy.table.SerializedColumn {name: pmy_e}
#     r:
#       __class__: astropy.units.quantity.Quantity
#       unit: &id002 !astropy.units.Unit {unit: deg}
#       value: !astropy.table.SerializedColumn {name: r}
#     x:
#       __class__: astropy.units.quantity.Quantity
#       unit: *id002
#       value: !astropy.table.SerializedColumn {name: x}
#     y:
#       __class__: astropy.units.quantity.Quantity
#       unit: *id002
#       value: !astropy.table.SerializedColumn {name: y}
# schema: astropy-2.0
x y pmx pmy pmx_e pmy_e pm_corr g_mag bp_rp filter memberprob r pm member_prob_GMM
[from data line 3118]
-0.007271136 0.02414701 2.278726 -1.650203 1.187049 0.9843573 0.1377188 18.34963 1.41884 0 0.0 0.025217999735716472 2.8134964233645294 0.0
-0.006901789 0.03190613 0.3843904 -5.2362 0.2827317 0.2352734 0.08706336 17.34641 1.755116 0 0.0 0.03264407791587045 5.250290127184607 0.0
-0.01057588 0.04454771 -2.903945 -5.241048 0.2781297 0.2304016 0.1892222 17.3651 1.704098 0 0.0 0.04578588979170875 5.9917844338167745 0.0
-0.0170992 0.022042 -1.337123 -5.585949 0.9560004 0.7962753 0.1665476 18.65675 nan 0 0.0 0.027896817105899373 5.74375523048554 0.0
-0.01437754 0.01926342 1.245797 -6.843174 1.471222 1.209621 0.2041807 18.80904 1.212309 0 0.0 0.02403732527857457 6.955648104920562 0.0
-0.03546543 0.03422889 -3.834271 -5.270768 0.271036 0.2191248 0.06890815 16.65762 1.717605 0 0.0 0.049289082317659355 6.517870005704702 0.0
0.005411775 0.04367838 4.194681 -0.3854332 0.7036347 0.4905077 -0.2072196 18.23585 1.413624 0 0.0 0.044012364036427595 4.212351771092158 0.0
-0.01350652 0.02519349 -3.369129 -4.761993 0.2440589 0.2017855 0.04742312 14.2317 3.750563 1 2.443392e-06 0.028585626123814392 5.833318742421848 0.0
-0.002277945 0.03659842 -5.669755 -6.626785 0.5434767 0.4503713 0.2026359 18.52992 1.441885 0 0.0 0.03666924296899821 8.721261445241165 0.0
0.0006816 0.04774117 -3.592612 -13.52066 0.1499987 0.1247393 0.1584662 16.04097 1.754054 1 0.0 0.047746035348800425 13.989821579210508 0.0
-0.01810612 0.03824093 -4.643006 -5.582603 0.09602524 0.07857658 0.1345304 14.50016 2.420018 1 0.0 0.04231075878212656 7.2610578410893405 0.0
-0.03926897 0.0307084 -6.105365 -6.045038 0.2850538 0.2286906 -0.1395143 17.45058 1.809315 0 0.0 0.049850354416201496 8.591738252802456 0.0
-0.02265141 0.039619 0.4331732 -4.117241 0.2545852 0.2052393 0.03691837 14.34772 3.991746 1 0.0 0.04563717274314986 4.139965274404997 0.0
-0.01335001 0.04019862 -4.733118 -8.53993 0.2009199 0.1660196 0.1318628 16.44479 1.583413 0 0.0 0.04235742930000001 9.763852231922808 0.0
-0.001749574 0.04257415 -5.48516 -2.492743 0.6134872 0.5047868 0.1901316 18.47606 1.311081 0 0.0 0.0426100839872908 6.025010198302489 0.0
-0.01168563 0.04342988 3.187302 0.1483631 1.816274 1.717716 0.7846534 19.24631 1.883741 0 0.0 0.04497453085148637 3.1907531475571105 0.0
-0.008037902 0.0311927 3.302374 -5.586487 1.083495 0.9350934 -0.09073224 18.70689 nan 0 0.0 0.03221168113979157 6.489569403053256 0.0
-0.02563733 0.0393646 2.66341 -9.326315 0.2637458 0.2121476 0.04886063 16.58776 1.966912 0 0.0 0.04697706272947363 9.699170289634313 0.0
-0.01760107 0.0214182 -2.435477 -8.11396 0.146816 0.1206372 0.09651552 15.81782 2.160019 1 0.0 0.027722499100638454 8.471593421495687 0.0
-0.00367852 0.03959864 0.3616359 2.215344 0.4983723 0.4097118 0.127639 17.69652 1.41099 0 0.0 0.03976913123567071 2.2446669157148484 0.0
-0.02035239 0.03924757 -5.143293 -4.363621 0.1131205 0.08997574 0.07322819 15.85206 1.535975 0 0.0 0.044210762599360354 6.744972284264035 0.0
-0.02917458 0.02701926 -1.599539 -2.987661 0.3107107 0.2436683 -0.2159074 17.20372 nan 0 0.0 0.03976426195874884 3.3889000078848595 0.0
-0.02172609 0.03753829 -1.881528 -4.870971 0.6934818 0.5469484 0.2286791 18.84632 1.397768 0 0.0 0.04337218236164973 5.221734012531182 0.0
-0.01850355 0.04394001 -1.226901 -3.46617 0.8210725 0.621509 -0.1059014 18.59051 1.401409 0 0.0 0.04767709975871645 3.6769036610579016 0.0
-0.009992908 0.02870152 2.192375 -7.265141 0.4963763 0.3992765 0.1738411 18.3488 nan 0 0.0 0.030391371482821634 7.588727290561046 0.0
-0.01271645 0.04515209 -2.910641 -8.536186 0.1552938 0.1276129 0.1088166 16.04801 2.230955 1 0.0 0.04690862747907468 9.01877499760788 0.0
0.00261056 0.04028341 3.481963 0.7097064 0.449498 0.3891061 0.6252495 16.49138 nan 0 0.0 0.040367909838654015 3.553554489179807 0.0
-0.009358955 0.03048877 0.1426823 -1.805099 0.3875127 0.317072 0.2960931 17.83269 nan 0 0.0 0.03189286965459403 1.8107293112263605 0.0
-0.02648046 0.03017096 2.375047 -6.760808 0.3354144 0.2717632 0.1323639 17.96316 nan 0 0.0 0.0401435124164939 7.165847686427126 0.0
0.002980525 0.04088803 1.378567 -8.032482 0.8093823 0.6625905 0.05632736 18.76789 nan 0 0.0 0.04099651846872518 8.149921107214045 0.0
-0.01350555 0.01811532 1.784807 -0.4674145 0.2411725 0.1983251 0.184777 17.01272 1.30316 0 0.0 0.022595678779467988 1.8449965696605646 0.0
-0.00782795 0.04927628 -1.353937 -1.630802 1.379964 1.140644 0.1013099 18.92234 1.120012 0 0.0 0.04989417372640717 2.1195897157641146 0.0
-0.009518196 0.03785875 -2.870469 -4.864267 0.5523041 0.454274 0.1931595 18.20388 1.64682 0 0.0 0.039036918508726016 5.648069203475645 0.0
-0.01659654 0.01793747 -2.463073 -2.417975 0.5148967 0.4228871 0.2726197 18.42905 1.548775 0 0.0 0.02443763429574352 3.4515694551832503 0.0
-0.004259482 0.03077331 3.930452 -6.563254 2.039208 1.411969 0.5155013 19.10683 nan 0 0.0 0.03106669913692834 7.650147449090115 0.0
-0.009411747 0.02993945 -1.383987 -5.695871 0.6345862 0.5266678 0.1353424 17.30788 1.285997 0 0.0 0.03138393933040448 5.861601015491416 0.0
-0.006082947 0.03610807 -1.053855 -6.489613 0.3719191 0.3045861 0.1917284 18.01386 1.855309 0 0.0 0.03661686719709523 6.574624495041068 0.0
-0.03398539 0.03323759 -1.257065 -2.444467 0.510045 0.421187 0.2163179 18.31358 nan 0 0.0 0.047536766007588264 2.7487508669055476 0.0
-0.0301018 0.03517099 0.9889226 -2.972283 0.1120312 0.08915846 0.03627958 15.42951 1.859713 1 0.0 0.04629381061027597 3.1324805092577606 0.0
-0.002330733 0.03403304 -5.393781 4.352673 1.943325 1.563573 0.5776599 19.11216 1.482584 0 0.0 0.03411275608857908 6.930990962401408 0.0
-0.002991281 0.03301068 -0.08649091 -1.938307 0.4208737 0.3461336 0.1575532 17.91899 1.741589 0 0.0 0.033145931214605524 1.940235734069865 0.0
-0.0139318 0.04334376 1.672161 -5.393284 0.3050856 0.2517678 0.102968 17.27002 nan 0 0.0 0.045527756173323546 5.646559546713114 0.0
-0.03129205 0.03895671 -4.702086 -5.30738 0.6391346 0.5183391 0.1623874 18.50924 nan 0 0.0 0.04996816633844592 7.0906907432066175 0.0
-0.0195562 0.02173255 -2.820047 -5.875454 0.2596176 0.2213199 0.6047756 16.54672 1.589286 0 0.0 0.02923608537308817 6.517179204865016 0.0
-0.0008774765 0.03591561 -5.555078 -3.906514 0.1877881 0.1545377 0.09843394 14.47229 3.288623 1 0.0 0.03592632748667963 6.791151832957352 0.0
-0.00410148 0.04360977 5.09801 -1.852212 0.8891349 0.7505362 0.2410232 18.39162 1.520269 0 0.0 0.043802216583676445 5.424057084235379 0.0
-0.02357695 0.04248935 -10.41034 -10.11265 1.026674 0.8473733 0.1432047 17.27521 1.716617 0 0.0 0.04859235983902202 14.51347198082182 0.0
-0.01155142 0.02553325 -4.643752 -6.414345 0.5890125 0.4818914 0.2433987 18.48876 nan 0 0.0 0.028024670552548876 7.918854362629041 0.0
-0.0209339 0.04008096 -4.390882 -1.430537 0.2794854 0.2251377 0.05929965 16.74712 1.766603 0 0.0 0.04521848652632682 4.618038636292794 0.0
-0.01800192 0.04648832 -8.505816 -2.642248 0.1103666 0.08757781 -0.0210489 14.94529 2.161496 1 0.0 0.049852111490976986 8.906760371726635 0.0
-0.01244969 0.02519554 -8.619515 -1.785338 1.971396 1.673102 0.2673555 18.96852 1.545521 0 0.0 0.02810355879577709 8.802469574469939 0.0
-0.005607067 0.03162583 -8.753351 -11.84545 1.362562 1.127375 -0.05448708 18.92289 1.229752 0 0.0 0.03211903366434596 14.728741950068274 0.0
-0.007166446 0.03786848 1.308791 -1.729754 0.2829061 0.2309912 0.1168118 17.29124 1.556509 0 0.0 0.038540624356402375 2.1690972274651497 0.0
-0.01945193 0.02893663 -5.057658 -13.86466 1.564438 1.264925 0.1808347 18.52389 nan 0 0.0 0.03486697773656042 14.758343449065142 0.0
-0.02431391 0.03043664 -0.9488213 -9.6679 0.7952285 0.6626811 0.1559167 17.31385 1.840951 0 0.0 0.038955811812587095 9.71434775316046 0.0
-0.02796182 0.03630268 -2.387113 1.197864 0.2086785 0.1664337 0.1094755 17.19077 1.4904 0 0.0 0.045823006807659404 2.6708026204242423 0.0
0.002610567 0.04053518 -2.996327 -5.680217 0.2422104 0.1992648 0.1260215 16.85575 nan 0 0.0 0.04061915653597313 6.422058911129514 0.0
-0.02619006 0.03110564 -3.894958 -6.902053 0.1137048 0.09060641 0.02763717 14.76055 2.043145 0 0.0 0.040663006315485334 7.925215040399409 0.0
-0.01982325 0.03598993 -0.1613554 -7.072867 0.1914263 0.1580174 0.1959363 16.46204 1.92903 0 0.0 0.041088152817660234 7.074707284743176 0.0
-0.01609576 0.0252446 -4.54236 -10.25127 0.2149441 0.1773422 0.1437815 16.29066 1.741663 0 0.0 0.02993932729934993 11.21256308711349 0.0
-0.02048092 0.02187351 -0.4446639 -4.01393 0.2536212 0.2090154 0.2131427 17.16821 1.910036 0 0.0 0.029965288648142536 4.038484867975019 0.0
-0.002753815 0.04525586 7.706207 -9.131259 2.127618 1.65406 0.7436319 19.0548 nan 0 0.0 0.04533956728282511 11.948452504484838 0.0
-0.003229193 0.03628559 -1.32112 -1.79383 0.1792875 0.1477041 0.1181853 16.31474 1.900692 0 0.0 0.03642899571878628 2.2278204872251264 0.0
-0.006400874 0.04916957 -1.834008 -3.274093 0.3385818 0.2796524 0.184055 17.67688 1.688999 0 0.0 0.04958445121153179 3.752768353724088 0.0
-0.01485443 0.02818021 -0.7859719 -7.260773 0.3500542 0.2855935 0.2362265 17.89505 1.827116 0 0.0 0.031855585479928006 7.303189466604205 0.0
-0.01358571 0.02469757 0.8067147 -6.694784 0.3915792 0.3238544 0.1991533 17.65627 nan 0 0.0 0.028187612174659277 6.743212988913527 0.0
-0.005660263 0.03778656 -2.610757 -5.903152 1.102826 0.9039569 0.2297649 18.90909 nan 0 0.0 0.03820814957391641 6.454708021913386 0.0
-0.01794807 0.04098372 1.165449 -1.664356 0.970724 0.7717157 0.04156934 17.97273 1.561169 0 0.0 0.04474146311603254 2.031834704481888 0.0
-0.01390436 0.03612826 -5.381152 -6.464297 0.3587227 0.3048592 0.3984469 17.53446 1.802416 0 0.0 0.038711527968257727 8.410941240510066 0.0
-0.02175358 0.04241347 -0.9046948 -11.48188 0.1950567 0.1565401 0.05691413 16.45443 1.775623 0 0.0 0.04766676704222031 11.517466779441868 0.0
-0.03319248 0.0325741 -2.334583 1.051467 0.2608871 0.2095156 0.1013373 17.20505 1.273861 0 0.0 0.046506050352189666 2.5604414923950127 0.0
-0.01921736 0.04560308 -1.907147 -1.402144 0.2942973 0.2361004 0.08979926 17.39658 1.614618 0 0.0 0.04948684502831029 2.3671116315765506 0.0
0.005808204 0.04442222 -7.98498 -5.062194 0.9946948 0.8067732 -0.07188169 18.69335 nan 0 0.0 0.044800322135382195 9.45440181577005 0.0
-0.03152792 0.03280544 -2.750463 -13.59051 0.06711619 0.0531392 0.00763761 13.45654 1.958106 1 0.0 0.04549952343838339 13.866037962391024 0.0
-0.02125172 0.04343592 -1.204828 -6.277689 0.4009808 0.3191851 0.09584927 18.106 1.598818 0 0.0 0.04835612421611973 6.392260139442465 0.0
0.00808083 0.04438773 -8.589586 -3.288499 1.104424 0.904744 0.08449269 18.66471 1.470818 0 0.0 0.045117295885744306 9.197565619466763 0.0
-0.01982164 0.02796762 1.129811 -7.701273 0.6361712 0.5076887 0.0004896735 17.42139 1.419104 0 0.0 0.034279515468483505 7.7837059757065585 0.0
-0.02759081 0.03242133 0.3698257 -5.976761 0.5013332 0.3674583 -0.1581073 18.42326 1.64007 0 0.0 0.04257223784845002 5.988191972499002 0.0
-0.01831734 0.0373101 -2.097248 -5.891347 0.7217856 0.5947666 0.2835883 18.7601 1.457584 0 0.0 0.0415640289996723 6.253512504817832 0.0
-0.01136863 0.04437024 -1.569688 1.644107 0.3513599 0.2917937 0.09518602 17.59631 nan 0 0.0 0.04580353638895691 2.2731054187593234 0.0
-0.02587259 0.02956458 -3.14622 -7.133009 0.1477144 0.1178486 0.04285003 16.13678 1.864058 1 0.0 0.039286833721801764 7.796057829600869 0.0
-0.01998352 0.04457678 -3.832277 -4.964564 0.506386 0.4035687 0.1666744 18.59254 1.476036 0 0.0 0.04885110425321827 6.271622016259031 0.0
-0.03308831 0.03713842 -1.529904 -10.70768 0.9526435 0.7633202 0.09947245 18.78589 1.563023 0 0.0 0.04974031060168905 10.816423495389591 0.0
-0.01977173 0.04264468 -6.064945 -5.255023 0.1901484 0.1525282 0.1037783 16.90038 1.903861 0 0.0 0.04700521289703196 8.02488782373648 0.0
0.006389626 0.04521373 1.620344 -6.541809 0.4209994 0.3514803 0.03377718 17.71845 nan 0 0.0 0.04566299049485016 6.739494021869668 0.0
-0.01493558 0.04071147 -5.500207 -6.628745 0.7547394 0.6388403 0.1487484 18.79439 nan 0 0.0 0.04336467847796522 8.613509001439192 0.0
-0.03282289 0.03358131 -2.854368 -1.159421 0.7071852 0.5941644 0.4188107 18.85855 1.321724 0 0.0 0.04695792253995273 3.0808560068047646 0.0
-0.01997947 0.0244924 -0.7327635 -6.72835 1.106311 0.969456 0.4581294 19.05286 nan 0 0.0 0.031607861035522475 6.768133869053733 0.0
-0.01295215 0.02877938 -4.567004 -10.85063 1.015505 0.8272878 0.2655848 18.85328 nan 0 0.0 0.031559640409974575 11.772582424129212 0.0
-0.03274458 0.03646906 -2.106392 -1.442934 0.9003957 0.7434571 0.2039904 18.98516 nan 0 0.0 0.04901224190607893 2.5532226275865564 0.0
0.00921733 0.04639034 -1.166279 -8.915948 0.6860124 0.5650744 0.1007557 18.47678 1.454582 0 0.0 0.04729717557787674 8.991903883190979 0.0
-0.01863387 0.03432886 -2.270409 -5.257829 0.4967409 0.3970777 0.2214546 18.19545 1.39744 0 0.0 0.03906010419950899 5.727086765583528 0.0
-0.01549046 0.04046915 -5.035065 -6.958617 0.7324357 0.6113715 0.3888169 18.83417 nan 0 0.0 0.043332510344245 8.589192634171969 0.0
-0.01329458 0.02094967 -4.770739 -7.948409 0.4986793 0.4165493 0.2454147 17.75027 1.449661 0 0.0 0.02481198360642091 9.270229567675333 0.0
-0.0159101 0.02074138 -1.534439 -1.979111 1.281914 1.078653 0.4180089 18.79206 1.631599 0 0.0 0.026140698657732928 2.504273027256014 0.0
-0.006267235 0.02539448 -2.216673 -0.2095819 0.9778056 0.8450035 0.1245561 18.86621 nan 0 0.0 0.02615641124113981 2.2265587263166022 0.0
-0.01746936 0.02359833 -8.821077 -3.981958 0.2755503 0.2261518 0.2444816 17.50201 1.7411 0 0.0 0.02936085348893148 9.678191409229981 0.0
-0.02703677 0.0354885 -2.291875 -8.359633 0.2244272 0.1789035 0.06778265 17.10205 1.63891 0 0.0 0.04461412964838494 8.668111380820738 0.0
-0.01266235 0.03535405 -0.7266241 -0.612795 0.1491571 0.1219815 0.1937884 16.33181 1.351805 1 0.0 0.037553215027810866 0.9505263251093101 0.0
-0.01818257 0.02283335 -4.608023 -4.586814 0.3848029 0.3225968 0.3485882 17.99613 1.815851 0 0.0 0.029188486155116027 6.50174889080815 0.0
0.002848377 0.04005452 -3.482867 -5.303125 0.9330915 0.8138158 0.4674649 16.23545 1.40696 0 0.0 0.04015566988564042 6.344564390508934 0.0
-0.02354897 0.03594143 -2.153323 0.2461663 0.7972813 0.6578907 0.5157329 18.57576 nan 0 0.0 0.042969063039654476 2.167348100694646 0.0
-0.005791754 0.02699478 -2.50604 -3.755148 0.1899598 0.157359 0.1377727 16.31293 1.968889 0 0.0 0.02760910287649557 4.514573399946444 0.0
-0.0009040214 0.04922509 -1.597184 -7.274865 0.329293 0.2628294 0.1211731 14.33758 4.292929 1 0.0 0.049233390500754246 7.448131141305248 0.0
-0.02716901 0.03594241 -2.270081 0.5164146 0.4772208 0.3855443 0.1104608 17.94979 nan 0 0.0 0.045055653818230186 2.3280789904241135 0.0
-0.006611762 0.04122164 -1.774641 -3.335177 1.234299 0.9437102 0.1817045 18.90301 nan 0 0.0 0.04174852094427112 3.7779301608433684 0.0
-0.02048087 0.02161792 -0.4153446 -5.508172 1.220451 1.078484 0.5053661 18.92319 nan 0 0.0 0.029779195776301615 5.523809366581468 0.0
-0.01984688 0.02203385 -1.27467 -6.707691 0.2519272 0.207849 0.1701496 16.47434 2.0985 0 0.0 0.02965449698708275 6.82773038134789 0.0
-0.02180613 0.0410478 -0.1164479 -9.26178 0.2643447 0.2141188 0.141016 17.29501 1.697519 0 0.0 0.046480417278859494 9.262512017903912 0.0
-0.00349321 0.03001231 0.1705509 -2.398739 0.2597719 0.2143477 0.146696 17.13878 nan 0 0.0 0.030214917965140996 2.404794460990754 0.0
0.01297 0.04727684 -6.199728 -4.427846 0.192218 0.15914 0.1703517 16.11217 2.067264 0 0.0 0.049023672856953505 7.618559409343737 0.0
-0.000666166 0.04763055 1.062013 -3.056659 0.7801322 0.6418205 0.1709465 18.48053 1.389561 0 0.0 0.04763520830690316 3.2358979981529084 0.0
-0.02103865 0.03557387 -1.670122 -5.190911 0.09355711 0.076415 0.1296354 14.53301 2.192196 1 0.0 0.041329469154580245 5.45296841223246 0.0
-0.01152452 0.02138095 4.097452 -1.602289 0.7423506 0.6143112 0.2365497 18.66998 1.081701 0 0.0 0.02428908364127597 4.39959576913891 0.0
-0.01931991 0.02939442 -4.546339 -5.170045 0.1699476 0.1324843 -0.02696493 16.04018 1.931652 0 0.0 0.035175145337930015 6.884661473518214 0.0
