jas1101finalproject/data/gcs/NGC_5824.ecsv
# %ECSV 0.9
# ---
# datatype:
# - {name: x, unit: deg, datatype: float64}
# - {name: y, unit: deg, datatype: float64}
# - {name: pmx, unit: mas / yr, datatype: float64}
# - {name: pmy, unit: mas / yr, datatype: float64}
# - {name: pmx_e, unit: mas / yr, datatype: float64}
# - {name: pmy_e, unit: mas / yr, datatype: float64}
# - {name: pm_corr, datatype: float64}
# - {name: g_mag, unit: mag, datatype: float64}
# - {name: bp_rp, unit: mag, datatype: float64}
# - {name: filter, datatype: int64}
# - {name: memberprob, datatype: float64}
# - {name: r, unit: deg, datatype: float64}
# - {name: pm, unit: mas / yr, datatype: float64}
# - {name: member_prob_GMM, datatype: float64}
# meta: !!omap
# - comments: [deg deg mas/yr mas/yr mas/yr mas/yr dimless mag   mag   zeroone float]
# - __serialized_columns__:
#     bp_rp:
#       __class__: astropy.units.quantity.Quantity
#       unit: &id001 !astropy.units.Unit {unit: mag}
#       value: !astropy.table.SerializedColumn {name: bp_rp}
#     g_mag:
#       __class__: astropy.units.quantity.Quantity
#       unit: *id001
#       value: !astropy.table.SerializedColumn {name: g_mag}
#     pm:
#       __class__: astropy.units.quantity.Quantity
#       unit: !astropy.units.Unit {unit: mas / yr}
#       value: !astropy.table.SerializedColumn {name: pm}
#     pmx:
#       __class__: astropy.units.quantity.Quantity
#       unit: !astropy.units.Unit {unit: mas / yr}
#       value: !astropy.table.SerializedColumn {name: pmx}
#     pmx_e:
#       __class__: astropy.units.quantity.Quantity
#       unit: !astropy.units.Unit {unit: mas / yr}
#       value: !astropy.table.SerializedColumn {name: pmx_e}
#     pmy:
#       __class__: astropy.units.quantity.Quantity
#       unit: !astropy.units.Unit {unit: mas / yr}
#       value: !astropy.table.SerializedColumn {name: pmy}
#     pmy_e:
#       __class__: astropy.units.quantity.Quantity
#       unit: !astropy.units.Unit {unit: mas / yr}
#       value: !astropy.table.SerializedColumn {name: pmy_e}
#     r:
#       __class__: astropy.units.quantity.Quantity
#       unit: &id002 !astropy.units.Unit {unit: deg}
#       value: !astropy.table.SerializedColumn {name: r}
#     x:
#       __class__: astropy.units.quantity.Quantity
#       unit: *id002
#       value: !astropy.table.SerializedColumn {name: x}
#     y:
#       __class__: astropy.units.quantity.Quantity
#       unit: *id002
#       value: !astropy.table.SerializedColumn {name: y}
# schema: astropy-2.0
x y pmx pmy pmx_e pmy_e pm_corr g_mag bp_rp filter memberprob r pm member_prob_GMM
[from data line 1605]
0.04947417 0.06412562 -9.456005 -3.475163 1.028194 0.7154858 0.4327589 19.37679 1.270941 1 0.0 0.08099252210897805 10.074362929565025 1.0
-0.03551128 0.009715705 -7.715753 -4.09739 0.3131179 0.241005 0.01839013 17.57856 1.159378 1 0.0 0.03681638128449651 8.736214807862098 0.0
0.01738162 0.005177849 -1.565356 -2.327389 0.5329181 0.4052734 -0.2376512 18.37563 0.4109936 0 0.0 0.018136450427004756 2.804831361072712 1.0
0.0003607782 -0.006371339 -2.017967 -2.068235 0.331192 0.2403525 0.06694947 16.93295 1.016707 0 0.0 0.006381545389834365 2.889599769572596 1.0
-0.07553722 0.0366413 -1.447297 -1.990631 0.3401354 0.2308427 0.2430167 17.7106 1.252859 1 0.9864995 0.08395508603425049 2.461154278863883 1.0
-0.003859606 0.01428135 -0.4817941 -2.452353 0.7792355 0.582549 -0.08315272 18.89883 0.8250694 0 0.0 0.014793698533420776 2.4992320403283506 1.0
0.01013624 0.05211501 -8.61235 -7.418634 1.939291 1.323082 0.5400786 20.05087 1.857351 0 0.0 0.053091596591529434 11.367000613550436 0.0
0.06359833 0.02420719 -1.029968 -2.064666 0.4885153 0.328765 0.2686734 18.40386 0.6130371 0 0.0 0.06804950864249498 2.3073100729160783 1.0
0.05063888 0.01997747 -0.2501558 -8.400442 0.8869923 0.5892842 0.2934688 19.34722 1.117407 0 0.0 0.054437078129298044 8.404165855076734 1.0
-0.005214664 0.004015928 2.451746 -0.316709 1.262137 0.6547701 0.7202269 18.28788 nan 0 0.0 0.006581823328993266 2.4721171168043394 1.0
0.01126978 0.01147309 0.4169348 -1.075361 1.65447 1.073892 0.4879469 19.98651 0.6282253 0 0.0 0.016082280167827572 1.1533585339225787 1.0
0.03010844 0.01329591 -0.9807765 -2.92957 1.099338 0.9102233 -0.1580296 19.10841 1.013035 0 0.0 0.032913513667818875 3.0893855259342837 1.0
-0.09217373 0.03034264 -5.149419 -5.128357 0.6025078 0.4045518 0.2598947 18.48843 0.8513756 1 0.0 0.09703953990143657 7.267500365119358 1.0
-0.05618029 0.05387913 -1.691833 -3.077479 0.7665786 0.4959506 0.3388734 19.02061 1.529167 1 0.9241304 0.07784077102676334 3.5118621691817573 1.0
0.01708487 -0.008375713 -1.848103 -1.808637 0.8921507 0.5553422 0.4394714 19.12445 1.318922 0 0.0 0.01902748935554213 2.5858562404700693 1.0
0.05203357 0.0209494 -0.8253123 -2.488013 0.4545684 0.3209 0.2061416 18.36064 0.6054573 0 0.0 0.056092510795157854 2.6213258249787055 1.0
0.06282416 0.0327107 -1.17852 3.800725 3.54191 2.270006 0.5811268 20.76886 1.269421 1 0.1413357 0.07082983110381953 3.9792486622508276 1.0
-0.1068362 0.06470032 -7.12188 -5.21069 1.411889 0.9071119 0.2508853 19.93586 1.274181 1 0.0002768111 0.12490038045795698 8.824537665538065 1.0
0.09458735 0.02146709 -5.802215 -4.208731 1.397335 0.9134659 0.3225619 19.95666 0.9237881 1 0.03752978 0.09699279732583549 7.16792267931135 1.0
0.04963145 0.09351012 -3.121805 -8.751492 0.803713 0.5299038 0.3303657 19.12738 1.062689 1 0.0 0.10586511876683888 9.291624114442481 1.0
0.03993759 0.000707307 -4.29331 -1.071186 2.137994 1.437806 0.2943723 20.40455 0.7936707 0 0.0 0.039943852821183255 4.424923751060124 1.0
0.1015799 0.04038021 -1.07444 -1.815954 0.487003 0.3267526 0.3429295 18.43804 1.065062 1 0.9663979 0.10931165282646722 2.110002427419457 1.0
-0.01535681 0.01209809 -0.7344261 0.1135854 1.310432 0.8753485 0.3819047 19.63993 1.023493 0 0.0 0.01954981828621944 0.7431576814205515 1.0
0.04550913 0.09260445 -3.311836 -1.777476 0.1768681 0.1209673 0.2159417 16.44677 1.277166 1 0.0 0.10318267816430915 3.758680436199917 1.0
-0.1112115 0.02325582 -3.556062 -2.521014 0.8599247 0.5481939 0.2823569 19.15249 0.9310474 1 0.320549 0.11361703611748723 4.359023805399553 1.0
0.0371485 0.1187924 -9.196666 -4.566937 1.446976 0.9253267 0.4619833 19.92555 0.9086285 1 1.536271e-05 0.12446543837551853 10.26818285177689 1.0
0.0340629 -0.07891057 1.707922 -2.051476 1.809733 1.10013 0.4312942 20.09474 0.9263439 0 0.0 0.08594858471280897 2.669372835828671 1.0
0.01475727 -0.01164449 -1.158205 -3.516514 0.9465439 0.6423602 0.4419769 19.23895 0.8906956 0 0.0 0.018798169198435254 3.7023383873196947 1.0
0.0404033 0.04029984 2.224089 0.09430543 3.67373 2.612133 0.2934504 20.76405 0.8656502 0 0.0 0.05706578445019047 2.226087463252171 1.0
0.008507082 0.008433091 -1.984739 -2.089907 1.799743 1.074751 0.7644084 18.9612 0.8725338 0 0.0 0.011978625462422848 2.8821693508137236 1.0
-0.01579054 0.006009753 -0.6302966 -1.30863 0.9239707 0.5452525 0.577247 18.83664 0.9058781 0 0.0 0.01689551078282657 1.4525103376126312 1.0
-0.03681002 0.05729589 0.6709728 -2.5967 1.046345 0.7142497 0.4195439 19.37931 0.9247837 0 0.0 0.06810136990760539 2.6819872088322567 1.0
0.0384342 0.0133537 -0.8792183 -2.347814 0.2153374 0.1540497 0.1226664 17.15999 1.303961 1 0.9973795 0.04068794702771326 2.5070411639322736 1.0
-0.03003124 -0.009351927 -1.114705 -2.476467 0.3245118 0.2423629 0.06923042 17.73934 1.213589 1 0.9971964 0.031453678871491794 2.715779085108728 1.0
-0.021826 0.003925638 0.318687 -5.603947 2.512744 1.413346 0.7668149 19.94189 nan 0 0.0 0.022176223973143942 5.613001281202241 1.0
0.01952711 -0.007868866 -1.891518 -1.690285 0.5605616 0.4124532 0.08960645 18.58268 0.4009323 0 0.0 0.02105295886753347 2.5367112026300904 1.0
0.05057393 0.01824182 -3.152018 -2.66505 1.510445 0.99683 0.3714387 20.0451 1.170383 0 0.0 0.05376324388052957 4.12767597745075 1.0
0.06660837 0.09757682 -8.298944 -1.155475 0.9282708 0.6262258 0.4982608 19.22586 1.572151 1 0.0 0.11814360226169379 8.378997194817588 1.0
0.04696263 0.009714155 -7.568931 -0.237927 0.7575855 0.5109321 0.2305765 19.11986 0.9714737 1 0.0 0.047956787047100276 7.572669657398902 1.0
-0.000675049 0.01149289 -1.738539 -1.623645 1.401806 0.8435701 0.7074649 18.9257 0.9378872 0 0.0 0.011512697846486765 2.3788108248757402 1.0
-0.0001251395 0.02059094 -1.404232 -2.229013 0.1847669 0.1386164 0.05923209 16.75108 1.332726 1 0.9989917 0.02059132025825591 2.634457527460445 1.0
-0.04533458 0.03773015 -8.979388 -10.21141 2.982531 2.067492 0.4061528 20.62933 0.3141117 0 0.0 0.058981254333889 13.597878622882469 0.0
0.1090588 -0.004981707 -12.76646 -8.784344 1.04296 0.6934003 0.2787581 19.55868 1.492094 0 0.0 0.10917252063625649 15.496683530418244 0.0
0.05567049 0.007805543 -2.367484 -3.788616 1.815568 1.186678 0.3352165 20.31286 1.198959 0 0.0 0.056215033206118 4.4675039659425035 1.0
-0.03822572 -0.01224665 -0.9821626 -1.935641 0.6604077 0.4347238 0.2894394 18.84317 1.117765 1 0.9920193 0.04013958277985585 2.1705643168816167 1.0
-0.07520312 -0.03992323 -5.409924 -3.576202 2.415473 1.741791 0.144728 20.39083 1.170481 0 0.0 0.08514325311712784 6.485098182030863 1.0
-0.005483559 0.009661664 -1.331012 -3.791568 0.9444326 0.5560627 -0.1897337 18.67588 1.025854 0 0.0 0.011109328087484724 4.0184052611412895 1.0
-0.1044671 0.02007118 -1.313504 -0.3289479 2.251812 1.632825 0.176313 20.33541 0.7202988 0 0.0 0.10637775730387626 1.35406775271048 1.0
-0.0573936 0.03082232 -9.001794 1.470397 1.361203 0.8820712 0.4079939 19.77369 1.13216 0 0.0 0.06514630251320792 9.121094372718934 0.0
-0.0006877378 -0.001320681 -4.178643 -4.46717 1.15268 0.7483165 0.4586013 14.27295 1.085703 0 0.0 0.0014890203441557941 6.116916308921432 0.0
-0.003103161 -0.03888405 -10.3645 -5.078473 1.179406 0.8488982 0.1552051 19.69506 1.109446 0 0.0 0.0390076781236005 11.541826036712258 0.0
-0.01986468 -0.01727598 -1.213633 -2.228445 0.7682275 0.5578711 0.1052809 19.06764 1.204535 0 0.0 0.02632612763895974 2.537493286043137 1.0
0.1081322 0.04225686 -2.212413 -1.824505 0.7825053 0.5221215 0.293348 19.09796 1.192339 1 0.8048245 0.11609571436491357 2.8676802083903987 1.0
0.01142385 0.01613463 3.202811 -0.2726369 3.822454 2.151935 0.6872386 20.52878 1.002138 0 0.0 0.019769436867533685 3.214394061244298 1.0
-0.07076182 0.07976659 -9.003029 -2.165593 0.6350612 0.4090796 0.3148779 18.73896 1.340742 1 0.0 0.10662993974461628 9.259823120151378 0.0
-0.03389052 -0.08092466 -0.1502852 -4.742412 1.950526 1.292922 0.3901922 20.05143 1.589113 0 0.0 0.08773464504963817 4.744792642369426 1.0
-0.01559363 0.122007 -5.642084 -3.645899 0.7557204 0.5065955 0.239969 18.98665 1.145264 1 2.49416e-06 0.12299946888331226 6.717565882167215 1.0
0.03359379 -0.002646976 -1.498409 -2.11686 0.5389462 0.3545008 0.2973293 18.55863 1.184069 1 0.9942999 0.03369791104072589 2.5935161057685763 1.0
0.04492417 -0.0002144395 -0.9034419 -8.047168 0.306737 0.2169288 0.3615872 17.60205 1.28771 1 0.0 0.04492468179618037 8.097723142149254 1.0
-0.01119073 0.0367264 -1.252497 -2.37152 2.344041 1.710939 0.01761535 20.46953 0.3932247 0 0.0 0.038393500685570466 2.6819500079995895 1.0
0.02974852 0.08372676 -8.674884 1.732753 0.7736245 0.4668083 0.4879143 18.85826 1.289755 0 0.0 0.08885462724184937 8.846244704532257 1.0
0.0126221 -0.01150683 -1.131475 -2.559264 0.218587 0.1670738 0.01083033 17.11004 1.177845 0 0.0 0.01707994569835923 2.7982258481618314 1.0
-0.001454948 -0.002037854 -1.552609 -2.841297 0.2810504 0.2072833 -0.05411617 14.9834 1.079537 0 0.0 0.002503941414654105 3.237833125577969 1.0
0.003445438 0.07453067 -0.7119266 -2.728114 0.5738088 0.4065069 0.1656571 18.58392 0.4012241 1 0.9666611 0.07461026614120032 2.8194761004100672 1.0
0.04427426 0.004222383 2.660376 -4.425681 3.547617 2.589357 0.2656667 20.86782 0.5708981 0 0.0 0.04447514605649192 5.163744065611405 1.0
0.01484102 0.03014169 -0.8822809 -3.144593 0.8932124 0.6004377 0.2888002 19.34079 1.040163 0 0.0 0.03359728189447027 3.266019706332742 1.0
0.021102 0.05472232 -8.381635 -6.031988 0.3302568 0.228138 0.2040047 17.88936 1.16328 1 0.0 0.05865003589242209 10.326503982731474 0.0
-0.0975143 -0.06759788 -5.643643 -6.887661 2.127796 1.31776 0.3496984 20.36483 0.7735462 0 0.0 0.118652905927265 8.90452583590895 1.0
0.007061069 -0.003010873 -3.818458 -3.531727 0.8285113 0.5240707 0.7396679 17.46965 1.032557 0 0.0 0.007676200339027766 5.20131878472114 1.0
-0.06366194 0.06682494 -5.913286 -5.411182 1.175392 0.7361387 0.3569604 19.60968 1.19664 1 0.0002735119 0.09229526104067966 8.015475154656771 1.0
-0.02542337 0.06210643 -5.582233 -5.005955 1.264962 0.8249458 0.3445478 19.6567 0.9498425 0 0.0 0.06710854185200123 7.498060464434386 1.0
-0.08662381 0.05805061 -4.956282 -1.416229 2.095259 1.460812 0.2672005 20.33166 1.157209 1 0.3084179 0.10427635292955062 5.154651864477852 1.0
-0.1083758 -0.04629788 -0.8647923 -0.647954 2.628536 1.895998 0.1837421 20.49002 0.8655529 0 0.0 0.11785078581890915 1.0806063613801697 0.0
-0.130297 0.007238414 -1.853744 -3.866652 2.28353 1.355732 0.4093562 20.35227 0.7555065 0 0.0 0.13049790360858443 4.288049032676748 1.0
-0.04920212 -0.04632498 -0.9077867 -2.153302 0.3010994 0.2211165 -0.03823382 17.56352 1.263449 1 0.9956221 0.0675784905461405 2.3368325134465433 1.0
-0.01155634 -0.00419009 -1.237159 -2.35379 0.2059028 0.1456324 0.1168056 16.90674 1.287106 0 0.0 0.012292511883406906 2.6591144682734136 1.0
0.01429261 0.04014773 -1.957146 -6.583108 0.7592551 0.5576852 -0.113104 18.828 1.255873 0 0.0 0.04261594683642498 6.867876775611222 1.0
0.01439122 0.01728242 -7.629328 -0.802167 1.271524 0.8303862 0.3289208 19.63004 1.105106 0 0.0 0.02248975887253574 7.671383032248683 1.0
-0.01344304 0.04214295 -1.688169 -2.453446 0.3374546 0.2373061 0.1903808 17.88688 1.184614 1 0.992386 0.044235094202952706 2.9781389906243465 1.0
-0.05182453 0.06637875 -7.334494 -5.05875 0.8750695 0.5631825 0.3059108 19.18476 1.309731 0 0.0 0.0842135402490799 8.909868337890073 1.0
-0.1260288 0.009403751 -7.423441 -2.767855 0.5251318 0.3571502 0.1713357 18.48848 0.7439346 1 0.0 0.1263791476562095 7.922657229838106 1.0
-0.08035855 0.04906531 0.3551334 -1.296228 2.954666 1.927184 0.3443491 20.64924 0.8790932 1 0.7470478 0.09415360430434196 1.3439965624135948 1.0
-0.01281043 0.002710524 -1.15689 -2.603529 0.5663464 0.4194526 0.09337509 18.63976 0.554945 0 0.0 0.013094046629651048 2.8489924053849283 1.0
-0.07843529 0.01571896 -1.726129 -3.456189 0.781103 0.5175215 0.4449063 18.90016 1.093693 1 0.7792189 0.07999487746640845 3.8632581752145434 1.0
-0.02061958 -0.01473938 -1.912767 -2.408731 0.6799643 0.4575011 0.2461744 18.8069 0.9697762 0 0.0 0.02534593462788066 3.075819017213139 1.0
-0.002170639 -0.01730047 -1.292707 -2.287456 0.1308369 0.09505869 0.08222111 16.20182 1.348346 0 0.0 0.01743611011347488 2.6274600548409865 1.0
-0.02005745 -0.0129082 -3.512576 -7.834331 0.6920587 0.5163433 -0.02814566 18.83072 nan 0 0.0 0.023852105310485698 8.58574005973492 1.0
0.005335865 0.01370144 2.693683 -7.382252 4.488258 3.119148 0.103526 20.7651 nan 0 0.0 0.014703772079702032 7.858344144665147 1.0
0.02254319 0.0364839 -8.369778 -4.105153 1.358081 0.7636329 0.630422 19.44935 0.7842388 0 0.0 0.04288671559569583 9.322310063642648 0.0
-0.00910258 0.008097338 -2.258275 -2.664509 0.1201197 0.0782091 0.2449269 15.55065 1.50036 1 0.0 0.012182932542809388 3.4927659793788073 1.0
0.05346282 0.1211644 -5.065498 -2.490035 0.137234 0.09495671 0.2564598 16.04582 1.471904 1 0.0 0.1324352103849743 5.6444259485999995 1.0
-0.06698245 -0.1097636 -5.245507 -1.818282 1.351819 0.7645432 0.404976 19.5195 1.397543 1 0.0212287 0.12858731077739552 5.551710828075702 1.0
0.01490984 -0.01669899 -1.569829 -2.568861 0.5640113 0.4212778 0.04311496 18.54231 0.4288635 0 0.0 0.02238659410999583 3.0105497714806178 1.0
0.01069969 0.05604408 -1.29981 -3.838069 1.670722 1.07523 0.4096901 20.14935 0.9930668 0 0.0 0.05705630788214832 4.052194428314244 1.0
-0.0810142 0.094307 -5.064259 -3.081447 0.377097 0.2577639 0.1584827 18.06525 0.9896412 1 0.0 0.12432662969227469 5.928071763473347 1.0
-0.1090577 0.07089648 -4.341487 -7.791769 0.3052259 0.1906508 0.2948417 17.40624 0.9547405 1 0.0 0.13007648828931537 8.91965097526411 1.0
0.08420794 0.00136654 -4.349019 -5.704182 1.400995 0.9052354 0.3211324 20.01971 1.033146 1 0.01374732 0.08421902748557003 7.172981148133948 1.0
-0.05223075 0.0392522 -0.06900494 -1.069431 0.6841579 0.4661241 0.3431748 18.86333 1.08127 1 0.8701254 0.06533595067344242 1.071654956366742 1.0
0.01285582 0.01300639 -0.5241927 -2.525662 0.6107626 0.4242324 0.3947716 18.6385 0.3983479 0 0.0 0.018287653996740535 2.5794857093958266 1.0
-0.07078596 0.01421864 -0.2785643 -2.19206 0.3874269 0.267816 0.2460538 17.90934 0.1937695 1 0.9592591 0.07219987435287682 2.209688917661147 1.0
-0.03362768 0.03358882 -1.051172 -0.7645469 1.602537 1.089898 0.421328 19.87201 0.72826 0 0.0 0.0475292509006275 1.2998055761857656 1.0
-0.1003938 -0.05239955 -1.811848 4.046465 0.8424597 0.5441022 0.2984472 19.06033 1.754974 1 0.0 0.11324587373782102 4.433584573607343 1.0
-0.01366025 0.1230793 -3.403877 -9.669839 0.3803423 0.2683334 0.175214 17.91892 0.9594383 1 0.0 0.12383503752392737 10.251446966992026 1.0
0.006947305 0.01367844 0.1685562 -3.461108 2.60527 1.726048 0.4395178 20.55107 nan 0 0.0 0.015341602510710053 3.4652099186373166 1.0
-0.112222 0.06342714 -1.427818 -5.789475 3.983279 2.745365 0.07814086 20.82371 -0.08255768 0 0.0 0.12890608741475168 5.9629426474475675 1.0
-0.04356612 -0.020157 -2.093909 -2.530263 0.7197488 0.4996106 0.3831357 18.86649 1.128403 1 0.9770073 0.048003244274261295 3.2843090216132222 1.0
0.009242962 -0.04720434 -7.126283 -2.3515 0.2302761 0.1812462 0.2269425 16.94615 0.9948692 1 0.0 0.048100749072847546 7.50422958378067 1.0
-0.0323604 -0.07295137 8.034384 -6.161604 0.955795 0.6601317 0.1764314 19.38671 1.99548 0 0.0 0.07980662800192037 10.125052598000268 1.0
0.05997794 0.00454496 3.888193 -1.893876 2.158257 1.50287 0.196195 20.34484 2.423721 0 0.0 0.060149895661133115 4.324905907488046 1.0
0.07366283 0.09865076 -1.163791 -2.321448 0.09995892 0.07287219 0.09643228 15.72495 1.526269 1 0.9974187 0.12311858093799855 2.5968308201315313 1.0
0.003672734 0.0009222866 -1.340936 -1.984974 0.1100733 0.08623947 -0.03923341 15.21522 1.297431 0 0.0 0.0037867647942928222 2.3954605270744915 1.0
0.04932753 0.007919953 0.1951451 -1.78119 0.7367296 0.5240774 0.3372941 18.86121 1.521105 1 0.9668375 0.04995929214293482 1.7918480477300553 1.0
-0.07446852 0.02845587 -8.293691 -4.919545 0.5388165 0.3694273 0.3622237 18.18479 0.9609261 1 0.0 0.07972011671119969 9.642988821444627 1.0
