jas1101finalproject/data/gcs/NGC_6496.ecsv
# %ECSV 0.9
# ---
# datatype:
# - {name: x, unit: deg, datatype: float64}
# - {name: y, unit: deg, datatype: float64}
# - {name: pmx, unit: mas / yr, datatype: float64}
# - {name: pmy, unit: mas / yr, datatype: float64}
# - {name: pmx_e, unit: mas / yr, datatype: float64}
# - {name: pmy_e, unit: mas / yr, datatype: float64}
# - {name: pm_corr, datatype: float64}
# - {name: g_mag, unit: mag, datatype: float64}
# - {name: bp_rp, unit: mag, datatype: float64}
# - {name: filter, datatype: int64}
# - {name: memberprob, datatype: float64}
# - {name: r, unit: deg, datatype: float64}
# - {name: pm, unit: mas / yr, datatype: float64}
# - {name: member_prob_GMM, datatype: float64}
# meta: !!omap
# - comments: [deg deg mas/yr mas/yr mas/yr mas/yr dimless mag   mag   zeroone float]
# - __serialized_columns__:
#     bp_rp:
#       __class__: astropy.units.quantity.Quantity
#       unit: &id001 !astropy.units.Unit {unit: mag}
#       value: !astropy.table.SerializedColumn {name: bp_rp}
#     g_mag:
#       __class__: astropy.units.quantity.Quantity
#       unit: *id001
#       value: !astropy.table.SerializedColumn {name: g_mag}
#     pm:
#       __class__: astropy.units.quantity.Quantity
#       unit: !astropy.units.Unit {unit: mas / yr}
#       value: !astropy.table.SerializedColumn {name: pm}
#     pmx:
#       __class__: astropy.units.quantity.Quantity
#       unit: !astropy.units.Unit {unit: mas / yr}
#       value: !astropy.table.SerializedColumn {name: pmx}
#     pmx_e:
#       __class__: astropy.units.quantity.Quantity
#       unit: !astropy.units.Unit {unit: mas / yr}
#       value: !astropy.table.SerializedColumn {name: pmx_e}
#     pmy:
#       __class__: astropy.units.quantity.Quantity
#       unit: !astropy.units.Unit {unit: mas / yr}
#       value: !astropy.table.SerializedColumn {name: pmy}
#     pmy_e:
#       __class__: astropy.units.quantity.Quantity
#       unit: !astropy.units.Unit {unit: mas / yr}
#       value: !astropy.table.SerializedColumn {name: pmy_e}
#     r:
#       __class__: astropy.units.quantity.Quantity
#       unit: &id002 !astropy.units.Unit {unit: deg}
#       value: !astropy.table.SerializedColumn {name: r}
#     x:
#       __class__: astropy.units.quantity.Quantity
#       unit: *id002
#       value: !astropy.table.SerializedColumn {name: x}
#     y:
#       __class__: astropy.units.quantity.Quantity
#       unit: *id002
#       value: !astropy.table.SerializedColumn {name: y}
# schema: astropy-2.0
x y pmx pmy pmx_e pmy_e pm_corr g_mag bp_rp filter memberprob r pm member_prob_GMM
[from data line 3831]
0.01198484 -0.008640901 0.7971574 0.224225 0.5426481 0.4880723 0.03967853 18.61337 nan 0 0.0 0.014775031638456853 0.8280922478804883 0.0
-0.01543039 0.04498531 -2.211445 -4.628796 0.8845049 0.7848796 0.22491 19.71501 nan 0 0.0 0.04755812287452271 5.129935808335325 0.0
0.0396635 0.0139948 -3.443912 -9.010786 0.8139017 0.7247969 0.1337574 19.55338 1.029873 0 0.0 0.0420600482559162 9.646491289662785 1.0
0.04079182 0.001939583 -3.629332 -8.532687 2.29233 2.045298 0.01500406 20.53411 1.451941 0 0.0 0.040837905934637354 9.272475300921162 1.0
0.006434525 -0.01011632 -3.882983 -8.949482 0.9841532 1.044485 0.2222931 19.66215 nan 0 0.0 0.011989288649374699 9.755551498844799 1.0
0.05550978 0.01208607 -5.56851 -9.784452 1.619421 1.285919 -0.03554198 20.27122 0.7641659 0 0.0 0.05681028748117105 11.25805509670316 0.0
0.06666212 0.03524878 -3.693426 -5.016893 0.07633531 0.06281724 0.1550347 15.57938 1.485456 1 0.0 0.0754076570010155 6.229816288697846 0.0
0.02810002 0.01432953 -2.904197 -9.375241 0.219652 0.1997902 0.1030174 17.59651 1.342699 1 0.9951971 0.03154277340408259 9.814759498983662 1.0
0.0188797 0.02809664 -3.581765 -9.609826 1.256777 1.083254 0.1430449 20.15973 1.118572 0 0.0 0.0338506167060454 10.255622665908735 1.0
0.0672752 0.03594999 -4.096202 -4.730017 0.9570512 0.822586 0.1655561 19.7403 1.183174 0 0.0 0.07627813786426685 6.257150441302574 0.0
0.05450459 -0.03469264 -0.5694462 -3.265257 1.467839 1.198813 0.3318348 20.04355 1.341568 0 0.0 0.0646090520069572 3.314539523183189 0.0
0.01307122 0.06198035 -2.396161 -6.47353 1.123632 1.025615 0.2526141 19.98789 1.212444 0 0.0 0.06334367038947854 6.902765981751156 0.0
0.02200248 0.07628279 2.367668 -2.553277 3.636298 3.067761 0.693321 20.56042 nan 0 0.0 0.07939252594756323 3.4821078669324708 0.0
0.07418487 -0.01641889 4.314267 -3.023428 0.5709325 0.5244263 0.3600033 18.92673 1.215244 1 0.0 0.07598009532600628 5.268208103185845 0.0
-0.02321643 0.0449446 0.8561315 -1.7216 2.525643 1.906957 0.3164182 20.56251 1.171146 0 0.0 0.05058675410722554 1.9227240325361958 0.0
0.01812429 -0.01088552 -1.229479 -11.1798 2.243003 1.963994 0.01102236 19.27568 1.103962 0 0.0 0.021142006377695095 11.24720172538223 1.0
-0.0007551751 0.05981886 -6.648614 -4.24587 0.639635 0.5835097 0.1580964 19.25607 1.093424 0 0.0 0.05982362661299681 7.888693185686461 0.0
0.001190455 -0.008063672 -1.427773 -8.015576 1.428797 1.301805 -0.1237461 18.56603 0.8384686 0 0.0 0.00815107288831409 8.14174393795979 0.0
-0.0171929 0.01408196 -3.797854 -6.678195 0.7845824 0.7096966 0.1930335 19.59163 0.8931026 0 0.0 0.02222380273156689 7.6825766161712306 0.0
0.02762852 0.03437217 1.733825 1.288919 1.341318 1.107369 -0.1180844 20.08345 1.642839 0 0.0 0.04409967333098171 2.16043081795877 0.0
0.002524861 0.02644785 -4.589261 -9.245234 0.9001582 0.8094288 0.167106 19.64334 0.6425686 0 0.0 0.026568095390746792 10.321611707523054 1.0
0.01530848 0.0001168727 -2.421117 -8.426144 1.131614 1.034396 0.1353482 19.23887 0.7946701 0 0.0 0.015308926126231234 8.767081055655012 1.0
-0.02604677 0.01586398 -2.827769 -8.970274 0.2599393 0.2282151 0.1652907 17.88291 1.345882 1 0.9911421 0.03049754234152811 9.405428919110335 1.0
0.00261233 0.02673395 0.8832329 -3.260948 1.058257 0.9668729 -0.2092554 19.72494 0.8266449 0 0.0 0.02686127976533136 3.3784437562798657 0.0
-0.02438908 0.07754451 -4.986745 -7.271535 0.9666308 0.8622938 0.2324345 19.84459 nan 0 0.0 0.08128947197753532 8.81719042276223 0.0
0.05778229 0.05581558 -2.240686 -8.334804 0.1051813 0.09169783 0.1240991 16.26577 1.061212 1 0.0 0.08033786161194795 8.630737597043025 0.0
0.06537421 -0.04130697 -1.216502 -4.888575 1.456619 1.073208 0.2281738 20.01286 1.023781 0 0.0 0.07733080307164152 5.037662418883286 0.0
0.03227822 0.01984725 -2.989615 -9.150792 0.1040182 0.09204031 0.08414144 16.16021 1.431387 1 0.9986582 0.037891909676485036 9.626774749389796 1.0
0.05398904 0.04612604 0.292692 -6.882699 1.292563 1.095917 0.3115295 20.16483 nan 0 0.0 0.07101005566962472 6.888919663594938 0.0
0.05020977 0.02574746 -2.646307 -9.346556 0.8363088 0.7533615 0.2125935 19.75836 1.020285 0 0.0 0.05642652479024825 9.71396159140981 1.0
0.06768719 -0.02404426 -3.239631 -7.527562 1.468014 1.255164 0.131736 20.18359 0.8773479 0 0.0 0.07183092738537976 8.195083811652264 0.0
-0.006917751 0.003837789 -3.035327 -10.01348 0.4769973 0.4296693 0.335515 18.44135 1.123152 0 0.0 0.007910998881716645 10.463412049008152 1.0
0.009080491 0.003223328 -3.775895 -10.79943 1.072353 1.054946 -0.2443937 19.59001 0.9223061 0 0.0 0.009635619346812377 11.440501360339283 0.0
0.01851779 -0.01026003 -2.314814 -8.998596 0.8955456 0.8333741 0.1778555 19.74201 1.108854 0 0.0 0.02117018568848653 9.29156035474193 1.0
0.009100896 -0.006145571 -4.454927 -10.03953 0.8085455 0.7527728 0.1722528 19.2587 0.8678417 0 0.0 0.010981545925727261 10.983557583780811 1.0
0.0642625 0.0405577 -7.540858 -6.411596 0.457983 0.394281 0.1876907 18.85109 nan 0 0.0 0.07599076217238514 9.898136321721378 0.0
0.01071048 0.07298622 -5.354707 -3.078946 1.052957 0.9671089 0.2441056 19.91713 1.310184 0 0.0 0.07376789743322498 6.176794923482971 0.0
0.04164915 0.07079427 -7.14789 0.1237747 0.4780001 0.4191765 0.2687629 18.8294 1.120842 1 0.0 0.08213696098928545 7.1489615769327015 0.0
0.01198602 -0.002876893 -4.809689 -11.04445 1.693082 1.505782 -0.02488213 20.19691 nan 0 0.0 0.012326442665012847 12.046285073798519 0.0
0.01784528 0.07788256 -4.529714 -1.522837 1.932315 1.583506 0.06572276 20.4423 -0.1620159 0 0.0 0.07990085838357433 4.778843107946211 0.0
0.05368209 0.04530235 -0.8110957 -2.923445 1.04877 0.8832261 0.3208281 19.86567 0.6832752 0 0.0 0.07024293346871698 3.0338765470242013 0.0
0.02956955 0.02416691 -3.426558 -9.478296 0.774719 0.6878678 0.04020053 19.26287 1.139427 0 0.0 0.038188975191154315 10.07866036688309 1.0
0.02213005 0.00819423 -4.640076 -7.395979 1.927503 1.874712 -0.3036605 20.46913 1.963436 0 0.0 0.023598400757157252 8.731025750403957 1.0
0.009450958 -0.003463895 -0.2342187 -7.900807 0.8463439 0.7497084 0.0830093 19.29684 nan 0 0.0 0.010065742679444423 7.904277933541981 0.0
0.02109717 -0.007384615 -1.383768 -8.668053 0.9245987 0.7899708 0.3851113 19.4713 0.8057766 0 0.0 0.022352250909184176 8.777810472357729 1.0
0.03549174 -0.01656971 0.2933323 -3.152873 0.9482261 0.8525467 0.121905 19.89295 0.7453957 0 0.0 0.03916910641962234 3.1664889060838806 0.0
-0.02043661 0.03857128 -1.31812 -5.233908 0.4646765 0.4162453 0.06681475 18.75403 1.235907 1 0.0 0.043650872489911355 5.397335758211082 0.0
0.01082886 0.00287208 0.6836357 -7.368264 2.104694 1.870109 -0.005811906 19.69527 1.094402 0 0.0 0.01120326079434019 7.399910279456805 0.0
0.01286646 0.02599636 -2.970993 -1.403771 0.4542177 0.3988043 0.1751751 18.69478 1.170605 0 0.0 0.029006146351785514 3.285935548133895 0.0
-0.0003613676 0.05470336 -2.574696 -3.670335 1.871047 1.494813 0.09032632 20.49444 0.788393 0 0.0 0.05470455357492582 4.483349027751576 0.0
0.02302086 -0.005424582 -13.57097 -13.68879 1.445056 1.214721 -0.3578673 18.6524 nan 0 0.0 0.02365134425385424 19.275741189510715 0.0
0.01229356 0.004771511 -3.267309 -9.391779 0.5853854 0.4977367 0.2183423 19.05678 1.153605 0 0.0 0.013187074531400852 9.94388359175237 1.0
0.01349463 0.0003690871 3.680762 -6.478151 2.107721 2.140441 -0.03598784 20.31715 nan 0 0.0 0.013499676445170321 7.450801921903776 0.0
0.0257538 -0.002202297 -1.84449 -2.768757 0.6454375 0.5763348 0.01945921 19.20304 1.003588 0 0.0 0.02584779152106054 3.326884230800495 0.0
0.01723466 0.0103588 -3.741699 -9.769234 0.7988866 0.7366125 0.1038573 19.5457 0.7263718 0 0.0 0.02010816358486274 10.461273553127125 1.0
0.02122628 0.04766523 -1.891011 -4.155562 1.508383 1.377641 0.2236675 20.18858 0.5897312 0 0.0 0.05217786037766689 4.565590666930731 0.0
0.07657105 -0.01279036 -4.194438 -3.833264 1.38628 1.271173 0.4573572 19.9908 nan 0 0.0 0.0776319457892954 5.682184705686713 0.0
0.05847711 0.05060402 -8.208326 -9.902188 1.760862 1.386932 0.1195731 20.2961 nan 0 0.0 0.07733265309112639 12.861957195917734 0.0
0.03250871 0.04134294 -5.140561 -6.812397 1.829109 1.486982 0.1251898 20.41178 nan 0 0.0 0.05259329723175474 8.534290848121477 0.0
0.003116902 0.05878119 -0.5949972 -2.876626 1.03132 1.054563 0.1162147 19.54658 nan 0 0.0 0.05886376963713506 2.9375157551720195 0.0
0.07524317 -0.008935796 -1.388998 -0.6169589 0.467332 0.405567 0.2424955 18.68009 1.152935 1 0.0 0.0757719148616591 1.5198531930068804 0.0
0.0401938 -0.009668132 2.745928 -5.326074 0.7152139 0.6023277 -0.2703158 18.83565 nan 0 0.0 0.041340226593590705 5.992260411118663 0.0
0.0221743 0.009601837 -4.544098 -12.95417 1.47152 1.265179 -0.1305976 19.96491 0.3418159 0 0.0 0.024163916368514626 13.728049643795144 0.0
-0.008405735 0.01643373 -3.073519 -8.608363 1.238984 1.115546 0.2515241 19.19421 1.084286 0 0.0 0.01845870695913246 9.140592572865831 1.0
0.05510425 0.04588849 -2.719183 -5.126326 0.9460411 0.808361 0.2986982 19.74135 1.084652 1 1.926209e-05 0.07170935700829147 5.8028591612898035 0.0
0.04282156 0.02814893 -2.125088 -9.006261 0.8645455 0.7857421 0.01098254 19.51087 1.055666 0 0.0 0.05124498278835207 9.253579642920085 1.0
0.007623531 0.06001292 -4.836211 -4.239309 1.994397 1.613323 0.1458988 20.5471 1.217339 0 0.0 0.06049519643603416 6.431226759647183 0.0
-0.007834959 -0.001632602 -4.683589 -10.95028 1.269535 1.224659 -0.2798121 19.52382 nan 0 0.0 0.008003247579706942 11.909854659034298 0.0
0.01941475 -0.006952974 -4.688585 -12.36263 1.437724 1.327222 0.2220435 19.98182 nan 0 0.0 0.020622229874753508 13.22185500673506 0.0
0.002217526 -0.006389049 -2.86004 -9.24379 0.6728637 0.6160374 0.06791745 19.26416 nan 0 0.0 0.006762940831108683 9.676129513689862 1.0
-0.003290321 0.01470236 -3.720974 -9.71852 0.7003014 0.5971727 0.271984 19.25259 1.078186 0 0.0 0.015066041346440046 10.406501741655358 1.0
0.05882705 0.05056934 -3.607837 -8.883324 1.530312 1.272448 0.3891125 20.1639 1.496077 0 0.0 0.07757499571213716 9.58800986167333 0.0
0.0467084 0.0217678 1.80702 -4.868468 0.8936373 0.8056557 0.04238704 19.66411 1.409307 0 0.0 0.051531657720279095 5.193005097958599 0.0
-0.008272031 -0.001632662 -4.020383 -10.52077 0.6530865 0.5818019 0.1564282 19.03283 0.8294926 0 0.0 0.008431612068353534 11.262774119176369 0.0
0.004820821 0.02930873 -5.280914 -12.80837 1.576343 1.326248 -0.2131114 20.06995 0.7139492 0 0.0 0.02970255829599432 13.854327653563562 0.0
-0.009825414 0.008991031 -9.935978 -11.45633 1.562592 1.44161 -0.2660423 19.57001 1.130978 0 0.0 0.013318310655423118 15.164799895988867 0.0
0.0580106 0.04331459 -1.236006 -7.938704 1.430457 1.40989 -0.3487483 20.06191 nan 0 0.0 0.07239739925734971 8.034347019618458 0.0
0.01183822 0.02282275 -4.031723 -19.31509 3.864333 3.098447 -0.06645617 20.39462 nan 0 0.0 0.025710335865773905 19.731383429877113 0.0
0.02728928 0.01016426 -3.223221 -8.603088 0.6367493 0.540566 0.08621149 19.23263 1.14332 0 0.0 0.029120731176706396 9.187071173697579 1.0
0.05244202 0.02815258 -0.812753 -10.04804 1.372025 1.245996 0.0853283 20.11334 1.243668 0 0.0 0.059520863756642506 10.080856872340219 0.0
0.0245005 0.03187493 -3.902736 -2.430078 0.9302618 0.8263203 0.1743813 19.84179 0.9574585 0 0.0 0.040203055390789645 4.597458795006215 0.0
-0.02729482 0.06739234 -1.547326 -7.99971 0.7108372 0.6322924 0.2383245 19.41343 nan 0 0.0 0.07270993528746948 8.147979984902761 0.0
0.04340127 -0.01586167 -5.311584 -6.158686 3.021644 2.349816 0.04523574 20.60603 nan 0 0.0 0.04620890404242239 8.13279397474521 0.0
0.0114226 0.02162883 -2.594078 -6.196102 1.296862 1.325409 0.1279254 19.99458 nan 0 0.0 0.02445980535345488 6.717210780114615 0.0
-0.0004049377 0.02869095 -5.216944 -10.93114 0.8088879 0.6879926 0.1650044 19.52622 0.8141727 0 0.0 0.028693807458115093 12.11223870301176 0.0
0.03382947 0.01824039 -5.480668 -16.5876 0.1705525 0.1508187 0.1062606 17.15993 1.264643 1 0.0 0.038433642396122174 17.469579144507858 0.0
-0.01588396 0.0238098 -2.484557 -8.985974 0.4683123 0.4141367 0.1764221 18.69338 1.283075 1 0.9740974 0.028621788227181054 9.323129958062637 1.0
-0.01693717 0.03693207 0.05229924 -5.256457 0.08017021 0.06856335 -0.01694151 15.41405 1.454628 1 0.0 0.04063059834772065 5.2567171698079385 0.0
0.03484205 0.06698781 -2.243568 -6.299789 0.5032596 0.447361 0.0607582 18.84856 1.165743 1 0.0 0.07550718599443763 6.687371592422915 0.0
0.02886659 -0.02713661 -3.175639 -4.532198 0.8839583 0.780576 0.1797138 19.60389 1.001171 0 0.0 0.039619132001095125 5.534031240382096 0.0
0.03419895 0.01452848 -6.119379 -8.354853 1.419882 1.227417 -0.05650718 20.16819 1.077438 0 0.0 0.03715703045471879 10.356175355663403 1.0
0.02029241 0.003483741 -3.313006 -9.53635 0.2771657 0.2566565 0.007063129 17.90044 1.225004 0 0.0 0.020589277669777077 10.095443530550602 1.0
-0.04783884 0.03971123 -1.196366 -4.712158 0.2473722 0.2189137 0.1604234 17.816 1.252846 1 0.0 0.06217343806368199 4.861658628793264 0.0
0.03769993 0.0198898 -4.082625 -8.153573 1.288535 1.118871 -0.2228688 19.97139 0.676672 0 0.0 0.04262497936709061 9.118584295654342 1.0
0.06291638 0.04970299 -4.562968 -3.984061 1.118041 0.9533143 0.2185467 20.06614 0.9312248 0 0.0 0.08018016018470217 6.057509308349843 0.0
0.03142594 -0.02043168 -5.93533 -1.01457 0.9791132 0.8592906 0.2228766 19.85189 1.122038 0 0.0 0.03748390658010448 6.021419641064722 0.0
0.0228722 0.005634284 -2.975122 -9.093526 0.09252544 0.08202492 0.03908697 15.82863 1.342932 1 0.9987097 0.02355594806057816 9.567840196594005 1.0
0.02529563 -0.0004549664 -4.110304 -8.601939 0.6538918 0.574103 0.03670054 19.2839 1.073549 0 0.0 0.025299721174788247 9.53351737461767 1.0
0.009783138 0.02290324 -5.008006 -13.26707 2.938651 2.11156 0.3439807 20.55749 0.7797604 0 0.0 0.02490518403113384 14.180806411517507 0.0
-0.01670881 0.07994282 -2.508923 -3.674568 1.461236 1.423625 0.4976331 19.42054 nan 0 0.0 0.08167030550431717 4.449398229710733 0.0
0.01328525 0.04097277 -16.54463 -1.352637 1.176491 1.118733 0.04031271 20.01921 nan 0 0.0 0.04307279592777093 16.59983158621403 0.0
-0.01666498 0.07972158 -1.993942 -6.474835 0.678593 0.6346226 0.6053418 18.69566 0.9841194 0 0.0 0.08144477807752194 6.774901694976023 0.0
0.0592328 0.01907097 -2.121613 -4.564405 3.114982 2.885971 -0.2158998 20.66417 1.243532 0 0.0 0.06222721665461907 5.0333919702119365 0.0
-0.02342908 0.02974295 -3.798572 -9.812261 1.128111 0.9560294 0.3064216 19.97332 nan 0 0.0 0.03786244662391616 10.52186367386049 1.0
0.04126323 0.05088564 6.862535 -5.099546 0.8235476 0.7444987 0.2213356 19.68622 1.677855 0 0.0 0.06551337655961949 8.549839532549193 0.0
-0.001455093 0.0546156 -6.174602 -8.648465 1.702503 1.373834 0.08667376 20.26662 1.206705 0 0.0 0.0546349801775259 10.626460215642318 0.0
0.00523606 0.02707328 -4.376352 -12.5005 1.610423 1.42279 0.2899034 20.16329 nan 0 0.0 0.02757496716737846 13.24443117230423 0.0
0.007114596 0.01226062 -0.360458 -1.044788 1.246719 1.073295 0.05967974 19.73531 1.11981 0 0.0 0.01417534052598441 1.105220310484747 0.0
0.07077893 0.003688777 -2.615917 -10.96298 2.411389 1.888333 0.3246556 20.58838 1.872566 0 0.0 0.0708749885904797 11.270756506609882 0.0
-0.02228672 0.07335681 2.403044 -5.042954 1.597798 1.401532 0.2016944 20.30464 0.8792858 0 0.0 0.07666759068690303 5.586233571204484 0.0
0.02144592 -0.009765113 -2.706615 -9.656621 1.255823 1.051438 0.4261033 19.83613 1.185684 0 0.0 0.023564484219884146 10.028763328340439 1.0
0.0347838 0.005464411 -0.2362201 -3.797048 0.6579061 0.5596211 0.0816561 19.26001 1.17762 1 0.0 0.0352104037184597 3.8043887091026876 0.0
-0.04348716 0.04003885 1.094476 1.916518 0.2559021 0.21792 0.2119571 17.60469 1.240381 1 0.0 0.05911211884366944 2.207015849263435 0.0
0.01547896 -0.01638555 -3.554935 -9.28029 0.8979913 0.7771466 0.1707576 19.57083 0.9474888 0 0.0 0.022540728725666787 9.937874286703622 1.0
-0.03510133 0.06002584 0.566631 3.414903 0.429012 0.3813282 0.1622443 18.58374 1.425955 1 0.0 0.0695356371616346 3.4615940243722974 0.0
