jas1101finalproject/data/gcs/NGC_6402_M_14.ecsv
# %ECSV 0.9
# ---
# datatype:
# - {name: x, unit: deg, datatype: float64}
# - {name: y, unit: deg, datatype: float64}
# - {name: pmx, unit: mas / yr, datatype: float64}
# - {name: pmy, unit: mas / yr, datatype: float64}
# - {name: pmx_e, unit: mas / yr, datatype: float64}
# - {name: pmy_e, unit: mas / yr, datatype: float64}
# - {name: pm_corr, datatype: float64}
# - {name: g_mag, unit: mag, datatype: float64}
# - {name: bp_rp, unit: mag, datatype: float64}
# - {name: filter, datatype: int64}
# - {name: memberprob, datatype: float64}
# - {name: r, unit: deg, datatype: float64}
# - {name: pm, unit: mas / yr, datatype: float64}
# - {name: member_prob_GMM, datatype: float64}
# meta: !!omap
# - comments: [deg deg mas/yr mas/yr mas/yr mas/yr dimless mag   mag   zeroone float]
# - __serialized_columns__:
#     bp_rp:
#       __class__: astropy.units.quantity.Quantity
#       unit: &id001 !astropy.units.Unit {unit: mag}
#       value: !astropy.table.SerializedColumn {name: bp_rp}
#     g_mag:
#       __class__: astropy.units.quantity.Quantity
#       unit: *id001
#       value: !astropy.table.SerializedColumn {name: g_mag}
#     pm:
#       __class__: astropy.units.quantity.Quantity
#       unit: !astropy.units.Unit {unit: mas / yr}
#       value: !astropy.table.SerializedColumn {name: pm}
#     pmx:
#       __class__: astropy.units.quantity.Quantity
#       unit: !astropy.units.Unit {unit: mas / yr}
#       value: !astropy.table.SerializedColumn {name: pmx}
#     pmx_e:
#       __class__: astropy.units.quantity.Quantity
#       unit: !astropy.units.Unit {unit: mas / yr}
#       value: !astropy.table.SerializedColumn {name: pmx_e}
#     pmy:
#       __class__: astropy.units.quantity.Quantity
#       unit: !astropy.units.Unit {unit: mas / yr}
#       value: !astropy.table.SerializedColumn {name: pmy}
#     pmy_e:
#       __class__: astropy.units.quantity.Quantity
#       unit: !astropy.units.Unit {unit: mas / yr}
#       value: !astropy.table.SerializedColumn {name: pmy_e}
#     r:
#       __class__: astropy.units.quantity.Quantity
#       unit: &id002 !astropy.units.Unit {unit: deg}
#       value: !astropy.table.SerializedColumn {name: r}
#     x:
#       __class__: astropy.units.quantity.Quantity
#       unit: *id002
#       value: !astropy.table.SerializedColumn {name: x}
#     y:
#       __class__: astropy.units.quantity.Quantity
#       unit: *id002
#       value: !astropy.table.SerializedColumn {name: y}
# schema: astropy-2.0
x y pmx pmy pmx_e pmy_e pm_corr g_mag bp_rp filter memberprob r pm member_prob_GMM
[from data line 6277]
0.001243154 0.02761325 -4.076171 -3.4942 0.5606016 0.5429132 0.3278521 19.02517 nan 0 0.0 0.027641219354981716 5.368854967424712 1.0
0.02887855 0.01365605 -3.046366 -4.856375 0.4497927 0.4926165 0.5039675 18.53533 nan 0 0.0 0.03194461381367757 5.732776286109637 1.0
0.03795601 -0.04741373 -3.14419 -5.50349 0.7380403 0.6954049 0.2860482 19.46745 1.505381 0 0.0 0.06073483751219723 6.338322564858939 1.0
-0.01926247 0.01093521 -3.732167 -5.154832 0.2182934 0.1884646 0.2952406 17.47539 nan 0 0.0 0.02214997896714577 6.364068153635142 1.0
0.03725742 0.01068389 -5.619267 -4.234259 2.429823 2.015893 -0.4808916 19.96095 nan 0 0.0 0.03875900992786709 7.035986845949187 1.0
-0.001133429 -0.002813256 -2.909134 -5.091195 0.2178761 0.1900235 0.2338188 16.68048 nan 0 0.0 0.0030329969699254564 5.8637297991961566 0.0
-0.05984564 -0.01372697 -5.230641 -4.858048 0.9337288 0.8956755 0.3041296 19.71964 1.63583 0 0.0 0.06139975840661346 7.138643823667421 1.0
-0.06161103 -0.04237116 -3.52398 -5.453551 0.2887295 0.2711537 0.301046 17.99751 1.694067 1 0.9832602 0.07477455594924319 6.493046553814396 1.0
0.1141908 0.005593607 -5.028056 -8.890894 1.068697 0.9868648 0.3092777 20.09115 1.33374 0 0.0 0.11432771861587393 10.214173645399416 0.0
-0.009451349 -0.001815517 -6.144081 -8.477792 1.468625 1.451186 0.3816229 18.17173 nan 0 0.0 0.009624141514810034 10.470085411773153 0.0
0.005935215 -0.01226275 -3.87129 -5.38221 0.1743126 0.151411 0.2299808 15.93896 1.798546 0 0.0 0.013623575692846758 6.629862045940323 1.0
0.07436442 -0.0453563 -3.532025 -5.158453 0.1330228 0.1263607 0.3224551 16.65683 1.484123 1 0.9956438 0.0871048845451643 6.251786780899841 1.0
-0.05567135 -0.01643254 -3.68721 -3.263225 1.000787 0.8405051 0.1955937 19.89918 nan 0 0.0 0.058045909258741916 4.923835393747947 1.0
-0.0626816 0.02533202 -4.030762 -5.328731 0.3917902 0.4226801 0.4272647 18.50164 1.604515 0 0.0 0.06760690952735822 6.681498063384065 1.0
0.06726618 -0.03618623 -3.809151 -2.55428 2.14169 2.319872 0.1479265 20.66571 0.9656506 0 0.0 0.07638181860498806 4.586281463146478 0.0
-0.0001584412 0.02783998 -5.410084 -9.544378 0.6752687 0.5639952 0.2210063 17.67219 0.9896736 0 0.0 0.027840430851807187 10.971060126256715 0.0
-0.01304561 -0.08079598 6.668904 -2.318558 0.5368585 0.556369 0.3313837 18.91444 1.582272 1 0.0 0.08184239930764799 7.0604526597506485 1.0
0.1070671 0.06245029 4.759874 -0.3534988 1.000033 0.9235857 0.3822988 19.99081 1.446314 0 0.0 0.12394919371861239 4.7729824949896305 0.0
-0.02486905 0.02300717 -3.942829 -5.142814 0.09003005 0.08069832 0.2944733 15.93573 1.884478 1 0.9972491 0.03387919006280109 6.4803114401884265 1.0
-0.04525415 0.04868271 -0.04385767 -0.6127107 0.2324781 0.1978496 0.2317982 17.69463 1.545895 1 0.0 0.06646761877159885 0.6142783547483331 0.0
0.01446667 0.01159499 -2.933501 -4.740653 0.09918652 0.08689292 0.2731564 15.11049 1.988396 0 0.0 0.018539911919666714 5.574873898431246 1.0
0.0260437 -0.03361345 -3.409541 -4.920935 0.2009267 0.1769462 0.232234 17.44207 1.080925 0 0.0 0.04252220985076505 5.986699516837804 1.0
0.04179527 -0.03793294 -2.492145 -5.050836 2.133308 2.06869 0.5661242 20.48842 nan 0 0.0 0.0564424709896413 5.63220480805883 1.0
-0.05128671 0.03828713 -6.023985 -7.303367 1.403963 1.287585 0.5742059 19.7574 1.026676 0 0.0 0.0640018042422321 9.46718357363551 0.0
0.05017129 -0.08788841 -5.321698 -3.834921 1.136588 1.089458 0.03043898 20.00577 1.290707 1 0.7087931 0.10120044936951712 6.559503691549003 1.0
0.008586073 0.001899767 -3.63388 -5.439192 0.06618922 0.05818198 0.336707 14.53068 2.023994 0 0.0 0.008793734372586995 6.541398433612189 1.0
-0.1095386 -0.01910724 -3.102676 -3.258796 1.926468 2.120713 0.2555267 20.54522 1.502062 0 0.0 0.11119258747946106 4.499594396230843 0.0
-0.0249601 0.008227124 -2.573646 -5.478469 0.4282343 0.3844797 0.2149678 17.90796 1.659977 0 0.0 0.026281022836285806 6.052873393461737 1.0
-0.02179048 -0.03139439 -5.538874 -3.61249 2.086711 2.211328 0.2064739 20.45101 nan 0 0.0 0.03821560861876336 6.6128064532372335 1.0
-0.001194406 0.03069266 -3.533296 -5.281537 2.373914 1.572521 0.3419714 20.018 nan 0 0.0 0.030715891384891243 6.354432602993363 1.0
0.01193758 -0.001919733 -3.774135 -4.751816 0.284205 0.2720143 0.3909087 17.31146 nan 0 0.0 0.012090954927039014 6.068265839272452 1.0
-0.01408211 -0.03445817 -5.02202 -4.873795 1.030736 0.9725199 0.1034802 19.90964 1.213861 0 0.0 0.03722460613359126 6.998182805730714 1.0
-0.04308827 -0.0103718 -3.783393 -4.982521 0.2273011 0.199508 0.2125491 17.63833 1.676826 0 0.0 0.04431899419924712 6.256163209818778 1.0
-0.0505225 -0.01114486 -5.856573 -5.434792 1.937206 2.221432 0.132581 20.57744 nan 0 0.0 0.05173713280294531 7.989769169856724 1.0
-0.02486866 0.007014291 -3.64641 -5.157361 0.1473966 0.1302836 0.1533494 16.77136 1.801308 0 0.0 0.02583893435163844 6.3162234264171655 1.0
0.02226565 -0.03673951 -5.630991 -5.318768 1.292573 1.166947 -0.06160094 19.77698 nan 0 0.0 0.04295987389369992 7.7457958067525245 1.0
0.02311978 0.008415519 12.8878 14.04513 1.897285 1.671132 0.6316467 19.53316 nan 0 0.0 0.02460376368135089 19.06203204165023 0.0
0.0444121 -0.1128434 -9.189691 2.782506 1.231373 1.089521 0.1580043 20.21701 2.557627 0 0.0 0.12126857610267386 9.601706114827563 0.0
0.09724907 -0.006434507 -2.581237 -6.224858 1.929438 2.161334 -0.004527016 20.5899 1.046627 0 0.0 0.0974617078456865 6.738816036243533 0.0
0.01422296 0.01469515 -4.801066 -5.99641 0.4485901 0.3852484 0.2207196 17.64635 1.54801 0 0.0 0.02045091745335891 7.681612306310179 0.0
0.03000306 -0.08097897 -2.446656 -6.581168 0.4830996 0.475508 0.3959445 18.68262 1.498283 1 0.001830381 0.08635842281806969 7.02124617333419 1.0
-0.08500546 -0.09435093 -0.7817057 -2.441099 0.5953247 0.5895487 0.1385351 19.17884 1.645247 1 3.662703e-06 0.12699616616920567 2.5632066107150804 0.0
-0.03074627 -0.08609878 -9.886325 -3.54233 3.334354 3.480549 0.5596937 20.93869 1.500357 0 0.0 0.09142391938875352 10.501786697249425 0.0
-0.02496042 0.02130677 -3.589744 -4.920863 0.4263934 0.4645174 0.488673 18.30864 1.544443 0 0.0 0.03281769361806676 6.091071716069759 1.0
0.02369951 0.04355339 -3.625029 -5.953066 1.755233 1.515142 -0.4677107 19.89193 1.446939 0 0.0 0.04958391427400825 6.969923245717775 1.0
0.01065754 -0.03584239 -3.959035 -3.242619 2.178817 1.86335 0.3373725 20.4274 1.054565 0 0.0 0.03739331597710612 5.1174736062227035 1.0
0.01464873 -0.04006888 -1.91289 -7.846148 2.179245 2.38405 -0.02450957 20.54772 1.50036 0 0.0 0.042662635116308745 8.075963508461639 1.0
0.01257708 -0.02923106 -3.561978 -5.17669 0.1771287 0.146737 0.3874592 16.96827 1.222721 0 0.0 0.03182197055573397 6.283773279533882 1.0
0.02238894 0.02701719 -3.703705 -3.344864 1.644246 1.717371 -0.3830351 19.92002 1.11701 0 0.0 0.03508836259815639 4.990545652082646 1.0
-0.006038684 -0.03262155 -6.132554 -5.78249 1.594827 1.307439 0.259574 20.04302 nan 0 0.0 0.033175762671781274 8.428843880569625 0.0
0.04176626 -0.003002707 -6.643945 -6.813944 1.348928 1.302227 0.4475174 19.85939 nan 0 0.0 0.04187405788451185 9.516923767592184 0.0
-0.03041508 0.04377494 -5.008296 -7.388451 2.420884 2.153272 0.8131591 19.9978 1.071562 0 0.0 0.053304056725637684 8.925930595910826 0.0
-0.02794614 0.01160091 -2.564692 -2.053895 1.334671 1.444703 0.4217026 19.31131 nan 0 0.0 0.030258351801241586 3.2857464488132675 0.0
0.0139488 0.01926898 -2.785615 -7.152438 0.2221247 0.1969951 0.239723 17.04838 1.695967 0 0.0 0.023787866900594513 7.675742327102246 1.0
0.009682221 -0.07290119 -3.84855 -3.316624 1.22432 1.211318 0.2057399 19.95368 1.271971 0 0.0 0.07354134148157036 5.0804853960892356 1.0
-0.08995077 0.01521529 -3.796881 -5.242888 0.7561709 0.7194497 0.3468535 19.41864 1.477148 0 0.0 0.09122853760406882 6.4733437965787815 1.0
0.03305316 0.02451875 -4.191984 -6.247141 1.986138 1.710266 -0.5311035 20.14957 1.404907 0 0.0 0.04115434955807344 7.523263954570317 1.0
-0.04028534 -0.006679777 -3.466194 -4.373516 0.213043 0.1856666 0.2366389 17.44871 1.693127 1 0.9587859 0.0408353773055341 5.580514586298651 1.0
0.08545796 -0.004682733 -1.492518 -5.471635 0.8793823 0.7926544 0.1499613 19.62556 1.613535 0 0.0 0.08558616077211835 5.671542960566287 0.0
0.001456357 -0.02961508 -3.656816 -5.891822 0.5347397 0.46928 0.06717024 18.63776 nan 0 0.0 0.029650867426061062 6.934397575675915 1.0
0.03984692 0.001519694 -7.491601 -4.60906 1.64543 1.828702 -0.1846736 20.1989 nan 0 0.0 0.03987588874671054 8.7958808329127 0.0
-0.02684961 0.02498909 -3.970539 -5.543818 0.3708923 0.3763291 0.4866544 18.19503 0.9388142 0 0.0 0.03667909726506638 6.81902470795091 1.0
0.03914702 0.02435354 -1.638936 -7.848585 1.959863 1.50502 -0.2519227 19.95342 1.242689 0 0.0 0.04610405714698002 8.017879876521038 1.0
0.01595987 0.02583738 -6.009748 -9.849785 0.7130898 0.7689654 0.3527475 18.26125 1.577967 0 0.0 0.030369189249653997 11.538428643872138 0.0
-0.02547857 0.02830625 -4.759698 -6.352002 0.8046579 0.8118748 0.6167102 18.94608 1.438417 0 0.0 0.0380841347322924 7.937421146645049 1.0
-0.101162 0.001770761 -2.176616 -0.4241756 0.859651 0.6830862 0.247328 16.06761 1.546621 0 0.0 0.1011774967002007 2.217562209069085 0.0
0.05648009 -0.04671651 -4.074382 -3.908315 2.672653 2.430852 0.07218655 20.55144 1.004404 0 0.0 0.07329688174123235 5.645840488461306 1.0
-0.003966699 -0.07934846 -4.164411 -2.384399 1.110576 1.025804 0.04037002 20.12027 1.272846 0 0.0 0.07944754750983947 4.798716241675685 0.0
0.03880617 -0.1215557 -2.313614 -6.076439 1.460291 1.286743 0.1156907 20.26433 1.049131 0 0.0 0.1275997924471623 6.501993591331584 0.0
0.09548179 -0.00766887 -2.319399 -6.086765 1.636004 1.550576 -0.005574833 20.44449 1.483116 0 0.0 0.09578926760697672 6.513702471438651 0.0
-0.02556823 -0.04060769 -3.851782 -5.127971 0.5055143 0.5471668 0.2438437 18.70573 1.391468 0 0.0 0.04798665306592032 6.413447680644553 1.0
0.02784258 0.01289242 -3.991319 -5.150378 0.1969553 0.1871647 0.3496354 17.16366 1.238657 0 0.0 0.03068262952409392 6.515905225112241 1.0
0.006026453 -0.03994625 -1.436926 -4.414881 1.603544 1.41766 0.1009562 20.39133 1.114439 0 0.0 0.040398279973579435 4.642836479312727 1.0
0.07671294 -0.01223871 5.987825 -4.726898 0.5441628 0.5893711 0.3042683 18.9896 1.717472 1 0.0 0.07768308172251986 7.628735998383284 0.0
0.08581989 -0.04777954 -2.332243 -2.498046 0.617797 0.5751956 0.2122476 19.12736 1.413275 1 0.005473888 0.09822391746526758 3.417541693844422 0.0
0.003467403 0.02159031 0.1796669 -6.877577 1.234235 1.101357 0.19228 19.29797 nan 0 0.0 0.021866969828042225 6.879923370640447 1.0
-0.008324002 -0.003070066 -4.572622 -5.669101 0.3799725 0.3334046 0.2717231 17.234 nan 0 0.0 0.008872108798947407 7.283376833796601 0.0
-0.02462419 -0.02252362 5.471442 3.319988 2.944732 2.343572 0.003031526 19.79812 nan 0 0.0 0.03337160755882911 6.399921708857695 1.0
0.002766648 0.03557952 -4.055624 -4.053949 0.4458055 0.4853184 0.4466692 18.42822 1.492666 0 0.0 0.0356869245604928 5.7343341831442824 1.0
0.02458357 0.061754 3.185359 -8.801259 3.49713 4.04956 -0.450998 20.85728 1.486917 0 0.0 0.06646734860023304 9.359950424225655 0.0
-0.02727513 -0.01398759 -1.614912 -4.417268 1.142032 1.205319 0.02636679 19.76596 nan 0 0.0 0.03065265715276573 4.70321138708096 0.0
0.07027883 -0.08742517 -3.399063 -4.61361 1.880229 2.0874 0.001435886 20.66233 1.352503 0 0.0 0.11217073725218088 5.730534574546166 0.0
-0.07569241 0.03071891 -4.611923 -6.24385 0.8083138 0.8082485 0.5057125 19.392 1.464106 0 0.0 0.08168838573014037 7.762441405925651 0.0
-0.03032069 -0.05559576 -3.19902 -3.853185 0.5747004 0.540433 0.2171274 19.16101 1.583954 0 0.0 0.06332639869796561 5.008069848217475 1.0
-0.06639713 -0.001109552 -3.029795 -3.784124 1.839418 1.925587 0.1430909 20.52686 1.114449 0 0.0 0.06640640012737932 4.847602726028712 0.0
0.003954911 0.02167089 -2.223333 -9.0883 1.653488 1.509157 0.1507358 19.08238 nan 0 0.0 0.02202881736294577 9.356303036931253 0.0
0.002675079 -0.02468196 -3.475218 -4.89402 0.1197285 0.1106583 0.1206085 15.17298 1.897067 0 0.0 0.024826501910213628 6.0023805200873435 1.0
-0.008902903 -0.00314112 -0.1196442 -1.832918 1.58806 1.464401 0.4622968 18.36733 nan 0 0.0 0.009440779453085905 1.8368187524406538 0.0
-0.1213349 0.0237257 -2.416085 -3.952065 1.745849 1.746161 0.1666923 20.41948 1.167915 0 0.0 0.12363279014282577 4.632092884587916 0.0
-0.01932412 0.04843344 -3.426551 -5.079227 0.3368228 0.3269626 0.3478261 17.98381 1.541262 0 0.0 0.05214613815047093 6.1269730432840985 1.0
-0.02754934 -0.01401382 -3.426227 -5.455243 0.6246391 0.6290814 0.2179464 18.98213 1.522348 0 0.0 0.030908789776178554 6.441949056347621 1.0
-0.01155414 0.03857566 0.2938569 -1.745664 1.895965 1.804717 0.66866 20.11941 1.057608 0 0.0 0.040268842739458 1.77022447123906 0.0
-0.03233447 0.03681425 -1.556289 -5.39164 2.044485 1.799966 0.7894447 19.65778 1.217733 0 0.0 0.04899803009553955 5.611757063622854 1.0
-0.09116721 -0.01061461 -1.941722 -2.913691 1.031917 0.8866812 0.223234 19.92702 1.410061 0 0.0 0.09178306011806427 3.5014110825158764 0.0
-0.0257216 -0.0003070878 -3.376598 -4.711842 0.1619056 0.1404434 0.1311001 16.80689 1.846149 0 0.0 0.0257234330810821 5.7967981754213245 1.0
0.06818312 0.006774832 -6.525931 -0.2264843 1.218571 1.133385 0.224481 20.12358 1.743504 0 0.0 0.0685188747832495 6.529859918475089 1.0
0.01556389 0.03374144 -3.674679 -5.049823 0.05990221 0.05305852 0.2404828 14.38289 2.112763 1 0.9991924 0.03715803338721924 6.245316491929772 1.0
0.00758089 0.03984957 -1.931326 -8.233556 2.327078 2.120481 0.3949324 20.12687 1.028431 0 0.0 0.040564246848388545 8.457036391278685 0.0
0.01452793 0.03437731 1.841036 -10.13703 1.816421 1.657389 0.01294357 19.90916 1.580051 0 0.0 0.037321042227153836 10.302853525805169 0.0
0.04298439 -0.01727521 -2.862268 -5.588043 1.576196 1.563917 -0.02117475 20.27915 1.260096 0 0.0 0.046325917845372475 6.278439509438074 1.0
-0.05515587 0.029068 -5.400606 -4.363876 1.142841 1.192168 0.2943626 19.96351 1.172474 0 0.0 0.06234676109836741 6.943339175829739 1.0
-0.08397082 -0.08031325 4.039006 0.4752742 0.4333751 0.4938563 0.190477 18.13521 1.642065 1 0.0 0.11619516658206959 4.066872881369866 0.0
-0.01868338 0.001123578 -3.884394 -4.995862 0.1276855 0.1416139 0.4411224 14.77223 1.981971 0 0.0 0.018717134282429132 6.328282063110019 1.0
0.005173362 -0.0405864 -4.480764 -4.636988 1.20423 1.11305 0.2612436 19.99453 nan 0 0.0 0.04091478387261802 6.4481705727934955 1.0
0.02253931 -0.06081859 -4.699961 -6.08792 1.153727 1.071266 0.1706264 19.94844 1.226053 0 0.0 0.0648607846457642 7.6910599612745845 1.0
0.01391877 0.05186413 -3.954072 -6.891603 0.8967215 0.8379154 0.2500708 19.73472 1.306318 0 0.0 0.05369934952091878 7.945368291702594 1.0
0.01263785 -0.04198884 -5.218555 -8.033343 2.19182 2.407583 -0.04836161 20.67024 1.390764 0 0.0 0.04384949186898407 9.57955719455101 0.0
0.006697263 0.03957444 -0.8184623 -5.472886 1.535189 1.518759 -0.06341747 20.19817 nan 0 0.0 0.04013713533630382 5.533747528169069 1.0
-0.01947617 0.03262223 -0.760433 -0.9861556 2.704039 2.198704 0.1905367 20.04927 nan 0 0.0 0.03799382960484242 1.2452956335346077 0.0
-0.02054171 -0.01138771 -4.270724 -4.934507 0.1325856 0.1157803 0.1024194 16.67136 1.749304 0 0.0 0.023487055770534546 6.525982134301702 1.0
-0.0639315 0.03585454 -3.809733 -3.70207 0.5123631 0.5453684 0.457624 18.71404 1.44573 0 0.0 0.07329928192596159 5.3121923737934225 1.0
-0.01597125 -0.02535204 -3.936727 -7.091332 2.152988 1.783424 0.0105403 20.17191 nan 0 0.0 0.029963423681617224 8.110783501410515 1.0
-0.05241262 0.009725487 -5.259276 -5.188016 1.062142 1.131797 0.4397704 19.75151 1.388103 0 0.0 0.05330729624218029 7.38752286361484 1.0
0.07272027 -0.03059211 -4.919976 -9.988688 3.599935 3.704997 0.02701675 20.80812 1.772686 0 0.0 0.07889305966385762 11.134632989098472 0.0
-0.02349688 -0.02224536 -2.679466 -5.47314 0.1757556 0.1546473 0.2503908 17.15372 1.665274 0 0.0 0.03235675217422169 6.093832907518552 1.0
-0.02133383 -0.01418462 -7.935449 -4.148542 2.151657 1.742638 -0.5896488 19.80479 nan 0 0.0 0.025619050470563894 8.954426366739805 0.0
