jas1101finalproject/data/gcs/NGC_1261.ecsv
# %ECSV 0.9
# ---
# datatype:
# - {name: x, unit: deg, datatype: float64}
# - {name: y, unit: deg, datatype: float64}
# - {name: pmx, unit: mas / yr, datatype: float64}
# - {name: pmy, unit: mas / yr, datatype: float64}
# - {name: pmx_e, unit: mas / yr, datatype: float64}
# - {name: pmy_e, unit: mas / yr, datatype: float64}
# - {name: pm_corr, datatype: float64}
# - {name: g_mag, unit: mag, datatype: float64}
# - {name: bp_rp, unit: mag, datatype: float64}
# - {name: filter, datatype: int64}
# - {name: memberprob, datatype: float64}
# - {name: r, unit: deg, datatype: float64}
# - {name: pm, unit: mas / yr, datatype: float64}
# - {name: member_prob_GMM, datatype: float64}
# meta: !!omap
# - comments: [deg deg mas/yr mas/yr mas/yr mas/yr dimless mag   mag   zeroone float]
# - __serialized_columns__:
#     bp_rp:
#       __class__: astropy.units.quantity.Quantity
#       unit: &id001 !astropy.units.Unit {unit: mag}
#       value: !astropy.table.SerializedColumn {name: bp_rp}
#     g_mag:
#       __class__: astropy.units.quantity.Quantity
#       unit: *id001
#       value: !astropy.table.SerializedColumn {name: g_mag}
#     pm:
#       __class__: astropy.units.quantity.Quantity
#       unit: !astropy.units.Unit {unit: mas / yr}
#       value: !astropy.table.SerializedColumn {name: pm}
#     pmx:
#       __class__: astropy.units.quantity.Quantity
#       unit: !astropy.units.Unit {unit: mas / yr}
#       value: !astropy.table.SerializedColumn {name: pmx}
#     pmx_e:
#       __class__: astropy.units.quantity.Quantity
#       unit: !astropy.units.Unit {unit: mas / yr}
#       value: !astropy.table.SerializedColumn {name: pmx_e}
#     pmy:
#       __class__: astropy.units.quantity.Quantity
#       unit: !astropy.units.Unit {unit: mas / yr}
#       value: !astropy.table.SerializedColumn {name: pmy}
#     pmy_e:
#       __class__: astropy.units.quantity.Quantity
#       unit: !astropy.units.Unit {unit: mas / yr}
#       value: !astropy.table.SerializedColumn {name: pmy_e}
#     r:
#       __class__: astropy.units.quantity.Quantity
#       unit: &id002 !astropy.units.Unit {unit: deg}
#       value: !astropy.table.SerializedColumn {name: r}
#     x:
#       __class__: astropy.units.quantity.Quantity
#       unit: *id002
#       value: !astropy.table.SerializedColumn {name: x}
#     y:
#       __class__: astropy.units.quantity.Quantity
#       unit: *id002
#       value: !astropy.table.SerializedColumn {name: y}
# schema: astropy-2.0
x y pmx pmy pmx_e pmy_e pm_corr g_mag bp_rp filter memberprob r pm member_prob_GMM
[from data line 3925]
0.01816761 0.02358252 -0.3957524 -1.272946 1.218803 0.9974045 -0.1858984 20.17649 0.6957493 0 0.0 0.029769066204073314 1.3330459410769608 0.0
0.01571629 0.01948658 1.020209 -4.249661 1.142086 1.030632 -0.1780694 20.0104 -0.10886 0 0.0 0.025034547558533987 4.370405589713842 0.0
0.01668174 -0.01468587 -0.6527421 -3.870612 0.8861737 0.7291696 0.5723821 19.51968 0.5930233 0 0.0 0.022225103533718354 3.9252655328851844 0.0
0.01401569 0.01909812 -4.542375 2.601639 1.360706 1.376216 -0.4989626 20.08247 -0.04348183 0 0.0 0.02368919065123374 5.234662943012282 0.0
-0.0008191425 -0.03323707 2.054507 -2.682591 2.484775 1.662935 -0.08334379 20.61693 -0.4166241 0 0.0 0.03324716253487215 3.378948577047304 0.0
0.002472482 -0.005130448 -2.352009 5.772806 0.4901532 0.5143264 0.09180594 16.57439 0.7803698 0 0.0 0.005695143889405078 6.233557206741349 0.0
0.002068545 -0.03179134 0.5705032 0.1141852 2.340646 3.550662 -0.1075945 20.70095 nan 0 0.0 0.031858565212712034 0.5818179793623431 0.0
0.008281784 0.0135379 -0.2506809 -6.38926 1.789748 1.654997 0.01266467 19.42103 nan 0 0.0 0.015870182186498553 6.394175807813296 0.0
-0.05155885 0.06252426 1.179129 -4.314187 1.089329 1.261959 0.04317202 20.40735 0.586153 0 0.0 0.08104071878919943 4.47242156662473 0.0
0.01460371 -0.01606979 0.8271553 -1.513402 1.102125 0.8094291 0.7008536 19.63712 0.5820694 0 0.0 0.021714200340058578 1.7246946117855444 0.0
0.009890655 0.01391518 1.677681 -2.19316 0.09009043 0.09108998 0.2412143 16.60502 0.8174391 0 0.0 0.01707212027726565 2.7612613645508097 0.0
0.002478962 -0.005893388 1.612993 -1.361743 0.175749 0.1950632 0.006240635 16.30791 0.817256 0 0.0 0.0063935338206650635 2.110945384442241 0.0
0.03648497 -0.02852357 3.136588 -0.9789941 1.035082 0.8114948 0.4628384 20.09454 0.6557999 0 0.0 0.04631141415942511 3.285820100002252 0.0
0.01509599 0.02007429 -4.39201 -5.779174 1.421862 1.327333 0.09947822 19.40481 0.645689 0 0.0 0.025117046663256412 7.258691615048542 0.0
-0.003436447 0.00924326 0.2847143 2.721272 0.7712239 0.7000703 0.2328347 18.37849 0.6947155 0 0.0 0.009861390541470762 2.7361256423286724 0.0
0.001365177 0.002174751 4.286996 -9.390662 0.3922534 0.4926199 -0.07330722 16.65333 nan 0 0.0 0.002567732492556419 10.322929211336286 0.0
0.03300195 0.03806885 0.6884215 -0.9915382 0.926203 1.178945 -0.1338939 20.01204 0.3923588 0 0.0 0.050382199675331765 1.2070924420778593 0.0
0.01383309 0.01992216 1.722936 -2.051333 0.0948101 0.09371803 0.2619818 16.73175 0.6132717 1 0.999987 0.024253800485979513 2.678894461710838 0.0
0.01205048 -0.02833318 3.284062 -2.908045 1.139384 0.9694387 0.2727787 19.97578 0.567852 0 0.0 0.030789335120180818 4.386546356972533 0.0
-0.03329086 0.04117758 2.672857 -1.520245 1.169622 1.236105 -0.01978512 20.42512 nan 0 0.0 0.05295162371633187 3.0749486829009034 0.0
-0.02158657 0.006243017 2.880336 -10.91025 1.526105 1.865839 -0.1966951 20.3815 nan 0 0.0 0.022471209705469553 11.28405470278286 0.0
0.01632257 0.02191249 2.112175 -2.488394 0.4199507 0.3502088 0.28859 18.97877 0.8148899 0 0.0 0.027323680378107926 3.2639528075419535 0.0
0.01911267 -0.003593823 1.12354 -2.028189 0.1418398 0.1350674 0.2660377 17.42503 0.9332771 0 0.0 0.01944761471965724 2.3185971515813173 0.0
0.0004337108 0.003002561 0.7816365 -2.269109 0.07650234 0.08207784 0.1941188 16.08087 0.8136816 0 0.0 0.0030337233916027414 2.399960681347353 0.0
-0.01853682 0.01943959 -0.6790978 -3.139337 0.9745668 0.977357 0.4662046 19.88874 nan 0 0.0 0.02686096340566548 3.21194810380458 0.0
0.01265241 -0.002427762 -4.168397 -4.650433 2.361536 1.4325 0.6443354 19.91363 nan 0 0.0 0.012883225804772032 6.245162979226243 0.0
-0.003045257 -0.0110776 -1.668331 -5.464425 0.7122867 0.6735373 0.2916874 18.59315 nan 0 0.0 0.011488551342795531 5.713428822186026 0.0
0.01514569 -0.0152155 0.8159275 -2.272137 0.5992688 0.5294733 0.3188959 19.55176 0.6289387 0 0.0 0.021468660084553483 2.4141963946674365 0.0
0.000176967 0.01877634 -0.4357217 -1.906191 3.130037 1.814757 0.5541747 20.75014 nan 0 0.0 0.018777173938446887 1.9553561129195598 0.0
0.01566987 -0.01545221 1.71141 0.1461732 1.134798 0.856986 0.4712454 19.59736 0.4332561 0 0.0 0.022007172005984774 1.7176410546147993 0.0
-0.004227991 0.001846486 -4.418474 -3.104841 0.9769128 1.285493 -0.2883503 17.93777 nan 0 0.0 0.004613612298869184 5.400273152717092 0.0
0.006383301 -0.04174053 1.712254 -2.46005 0.6047221 0.4803223 0.3410899 19.45018 0.5724068 0 0.0 0.042225802258068476 2.997275389919318 0.0
0.02806103 0.02187543 2.200198 -1.39281 0.4481111 0.4540638 0.1730311 19.28115 0.866087 0 0.0 0.035580273219099935 2.6039951872659057 0.0
0.03650488 -0.0328876 1.314421 -1.466333 0.3112227 0.3053568 0.2169704 18.92209 0.8950539 1 0.9990397 0.0491345143211409 1.96922193572233 0.0
0.01704701 -0.005008137 -0.3883779 -3.829394 1.139497 0.9799926 0.6533084 19.98627 0.5572052 0 0.0 0.017767441744687643 3.8490382955284312 0.0
0.003263836 0.01300457 2.961248 -5.649285 1.179844 0.9646455 0.1898392 19.49288 nan 0 0.0 0.013407888212533546 6.378354860677556 0.0
-0.01659532 -0.01555177 2.218468 -2.677077 0.4509509 0.4119193 0.2706951 19.35609 0.630909 0 0.0 0.022743398955197967 3.476829235230428 0.0
-0.01233327 0.05316392 0.1507836 -2.662902 1.430779 1.098686 -0.1479026 20.39644 0.6960258 0 0.0 0.05457574496659941 2.6671675529731833 0.0
0.02691092 0.03412903 1.479424 -2.090942 0.08993256 0.09060333 0.2514269 16.63744 0.770525 1 0.9999739 0.0434624930714668 2.561392945086716 0.0
-0.01644319 -0.01520457 0.9001278 -1.357646 0.8703083 0.7589517 0.1285557 19.73127 nan 0 0.0 0.022395478254795098 1.628936069233179 0.0
-0.01049501 -0.001172099 -0.1824744 -4.374159 0.3096214 0.3858703 0.2176492 17.95462 nan 0 0.0 0.010560258091822426 4.37796343793965 0.0
0.01280968 0.01293016 3.518279 0.6519913 0.9424617 0.9067737 -0.1588482 19.86987 0.5336838 0 0.0 0.018201014788412212 3.5781810710354907 0.0
-0.009189585 0.01884776 3.472234 4.126429 1.366553 0.9683805 0.1319922 19.95549 nan 0 0.0 0.020968703571986158 5.392942169428205 0.0
5.942366e-05 0.03772012 4.211947 -1.066553 1.197624 0.8688011 0.2350102 20.27022 0.5267696 0 0.0 0.0377201668075019 4.344885825038214 0.0
0.02200819 -0.05996891 2.043334 -2.072135 0.3477225 0.2847737 0.3390403 18.73196 0.9274178 1 0.9996262 0.06387981366334908 2.9101472976090057 0.0
0.01250863 -0.02369084 2.154273 -2.895412 0.6470495 0.5030378 0.3107969 19.46899 0.6690159 0 0.0 0.02679032893382424 3.6089198949648353 0.0
0.008596997 -0.008682783 -8.57274 -12.24701 1.04121 0.7759042 0.4543606 19.40067 nan 0 0.0 0.012218800188361294 14.949285101559203 0.0
-0.007778886 0.03083383 1.706478 -1.005968 0.113015 0.1194229 0.1840813 16.84508 1.004923 0 0.0 0.03179993930607252 1.9809186710988413 0.0
0.150266 -0.05558915 -0.3806959 -0.04728355 0.5216458 0.4384056 0.2330208 19.4134 0.4703007 0 0.0 0.16021867666948977 0.38362104006090764 0.0
0.006095979 -0.02992255 0.1430569 -3.599434 0.9962988 0.7142147 0.4528716 20.06737 nan 0 0.0 0.030537189760535283 3.602275724732021 0.0
-0.02370217 0.04646017 1.289475 -1.430773 0.5771007 0.5445877 0.2031692 19.84201 0.51371 0 0.0 0.052156881225182555 1.9260989468752638 0.0
0.01298945 -0.02317601 1.424977 -2.412432 0.6025627 0.4706278 0.2718904 19.01695 0.7853928 0 0.0 0.026567898878582775 2.8018543154762705 0.0
0.01357104 0.004899969 1.839316 -0.4495747 0.8507826 0.9825235 -0.3417427 19.67317 nan 0 0.0 0.014428541952760195 1.893462637269637 0.0
0.006399698 0.03324878 0.5281813 -2.834262 2.175205 1.945006 0.2837186 20.62661 1.428669 0 0.0 0.03385908306466086 2.8830568101086196 0.0
-0.01516397 0.01311244 7.975119 3.637539 1.361737 1.541168 0.3746748 19.84559 0.5350475 0 0.0 0.020046996506072924 8.765512708374906 0.0
-0.01627719 0.004441191 0.4371247 -2.50165 0.3246668 0.3173975 0.3314815 17.3853 0.8246479 0 0.0 0.016872198783637566 2.539553253202242 0.0
-0.03287864 0.02738016 3.136075 -1.714784 1.344768 1.529007 -0.06632482 20.47034 0.03281975 0 0.0 0.042786424597939944 3.574276230550879 0.0
0.006802618 0.0331419 1.710148 -2.91382 1.883947 1.819979 0.1271931 20.62176 0.657608 0 0.0 0.03383284125319545 3.3786022515685388 0.0
0.01223266 0.01251835 9.284845 -2.876377 2.679548 1.599258 -0.7504718 20.05502 nan 0 0.0 0.017502772848840265 9.72017959299899 0.0
0.01833379 0.1390418 0.3797995 1.98291 1.463308 1.423956 -0.1140986 20.72619 0.1027699 0 0.0 0.14024532078826765 2.0189551080448145 0.0
-0.0009253433 0.04553261 1.779071 -2.041739 0.08151148 0.08202371 0.1732653 16.51224 1.083797 1 0.9999704 0.04554201174338871 2.708097444177739 0.0
-0.01827778 0.01008607 2.588861 -0.6411066 0.7291405 0.7516271 0.5518736 19.72472 0.1624775 0 0.0 0.0208759682355885 2.667061857153778 0.0
0.008869184 -0.02721083 0.2128544 -2.709444 0.845675 0.6317045 0.3247381 19.87225 0.5329208 0 0.0 0.02861977802350598 2.7177920790110783 0.0
0.004430526 0.05085387 1.377941 -1.666972 0.5529776 0.5062749 0.2119018 19.68078 0.6436729 0 0.0 0.051046504822696494 2.162756816719115 0.0
0.01311247 0.01354041 -0.5239791 -0.6533425 0.9771776 1.001855 -0.1690489 20.06802 nan 0 0.0 0.018848861304306953 0.8375025489770523 0.0
-0.008606799 -0.0180822 0.4523758 0.4141806 0.8692902 0.8678867 0.2364599 19.24121 nan 0 0.0 0.020026056672904954 0.6133428354859948 0.0
0.03390828 -0.02818178 1.838134 -1.931655 0.5683217 0.46327 0.3002889 19.39469 0.8126583 0 0.0 0.04409063592790197 2.6664635082785213 0.0
-0.00469111 -0.001876711 -1.942701 -3.495553 0.3028481 0.2961104 0.2508852 16.48474 nan 0 0.0 0.005052579263071585 3.9991221475731398 0.0
-0.01186725 0.0322786 -2.601264 -4.636171 1.079553 0.8105561 0.4188711 19.96138 0.4799156 0 0.0 0.03439098196508061 5.316075238269018 0.0
0.02786271 0.07150477 2.453656 -1.6163 0.9824725 1.011106 -0.1369019 20.34015 0.5741234 1 0.9958245 0.07674153204945156 2.938171788091364 0.0
0.01652377 0.00827486 2.180405 -11.62974 1.643453 2.802291 -0.5191974 20.32853 nan 0 0.0 0.018479942722652038 11.832371631740823 1.0
-0.005687206 0.02462768 2.308846 -1.290359 2.790596 1.154704 -0.1748963 20.52486 0.6261234 0 0.0 0.025275817183007872 2.6449567483414542 0.0
0.01374207 -0.03553588 3.300919 -2.39542 1.28853 0.9550427 0.224028 20.29764 0.4539719 0 0.0 0.03810043641822624 4.0784927633822035 0.0
-0.01917402 0.008849691 2.235024 1.000794 1.255634 1.229413 0.6021612 20.17782 0.2206879 0 0.0 0.021117766779559836 2.448861145718965 0.0
0.03297173 0.0331441 2.918725 -0.7708049 0.8330408 0.9424512 -0.2582686 20.00167 0.6478901 0 0.0 0.04675111061785485 3.0187904563730505 0.0
-0.009919732 -0.00428093 1.857882 -2.769431 1.322525 1.179076 0.2783742 18.2733 0.6165848 0 0.0 0.010804047603408827 3.334887342877567 0.0
0.02045967 0.0728444 1.454336 -3.597532 1.071775 0.9974568 0.1906256 20.38384 0.55266 0 0.0 0.07566310004136031 3.8803775192524763 0.0
-0.02629622 0.002276713 0.02741705 -2.721705 0.5663153 0.588321 0.3743417 19.56012 0.6010532 0 0.0 0.026394594302106045 2.7218430890952736 0.0
-0.002602886 0.01118119 -0.4701208 0.3325815 0.8772826 0.6745414 0.07719177 19.41745 nan 0 0.0 0.011480157897219706 0.5758680584429823 0.0
-0.02735931 0.0006166031 6.931696 1.208957 0.6298935 0.6952874 0.3537025 19.76485 0.5834122 0 0.0 0.02736625738129037 7.0363333110551975 0.0
0.02005053 -0.01655663 2.711484 -1.862888 0.9662862 0.8447641 0.01756518 19.35782 0.5363693 0 0.0 0.026002802738124213 3.289756401741624 0.0
0.02046063 -0.005875683 2.656237 0.1775073 2.055939 2.122188 0.5273437 20.56587 0.6403503 0 0.0 0.021287579259121715 2.6621614980542203 0.0
-0.01599626 0.04198937 1.672417 -1.910094 0.08390709 0.08343942 0.2056218 16.61834 0.8266277 1 0.9999787 0.04493314508227195 2.5387866611286976 0.0
0.01789843 -0.03262311 0.8669691 -1.236641 1.367043 1.155143 0.6372527 20.02466 0.5663166 0 0.0 0.03721049720894629 1.5102703013817793 0.0
-0.007822187 0.0517231 1.205918 -2.087539 0.201838 0.2087552 0.2018953 18.24649 0.9971848 1 0.9997123 0.05231123859241883 2.4108208766403614 0.0
0.01388592 -0.02206624 1.235565 -2.887572 2.051673 0.9814138 -0.06931519 20.22779 0.5048561 0 0.0 0.02607178018440628 3.140810870525158 0.0
0.01443945 0.004876775 0.8124875 -1.75285 0.9575411 1.417979 -0.1229291 19.84466 nan 0 0.0 0.01524075623790122 1.9319987215721055 0.0
-0.002291617 0.01149401 -0.7373762 -7.016608 1.409043 1.120498 0.4576415 19.58876 nan 0 0.0 0.011720229279104953 7.0552470889395815 0.0
0.02103695 -0.01466505 -20.0848 -14.6106 2.27693 1.986874 0.4155015 20.01923 0.6263542 0 0.0 0.025644043300638065 24.836844070855705 0.0
0.01178116 0.06849916 1.631242 -1.940311 0.08227153 0.08736886 0.1553676 16.64121 0.7681923 1 0.9999693 0.06950489660197474 2.5349077378249882 0.0
0.01208404 0.01055002 2.389551 -1.642002 0.7122275 0.639358 -0.1812901 19.51651 nan 0 0.0 0.016041413426565627 2.8993317419027784 0.0
0.02688044 -0.02387343 1.051492 -1.928751 0.9654972 0.8035948 0.2748533 20.14483 0.6768684 0 0.0 0.03595133814698001 2.196751202586447 0.0
0.008823403 -0.008106813 6.544016 0.9296926 0.6106526 0.7264381 0.1644946 18.65787 nan 0 0.0 0.011982189178834474 6.609725693154805 0.0
-0.0176469 0.01096374 1.460446 -1.529332 0.588808 0.6381546 0.4338509 19.56985 0.5026817 0 0.0 0.02077538626349941 2.1146533723378873 0.0
0.02258474 0.01021356 4.721417 -1.35609 0.6355554 0.5833476 0.1954751 19.36234 0.5995426 0 0.0 0.0247868370055802 4.912306848720772 0.0
-0.02488863 0.03444315 1.992931 -4.123544 0.836505 0.718455 0.09813403 19.99631 0.5911808 0 0.0 0.04249440533999034 4.579889637392696 0.0
0.003819247 -0.00663736 -23.14319 -10.12739 2.639856 2.291241 0.3757636 19.12404 nan 0 0.0 0.007657753940719759 25.262052006679898 0.0
-0.001270941 0.01990928 3.360023 -2.080124 1.005029 0.7423467 0.468339 19.98476 0.4986191 0 0.0 0.019949805040247414 3.951793316445712 0.0
0.02159799 -0.01507352 2.509379 -5.279401 2.194872 1.918048 0.1168566 20.53606 nan 0 0.0 0.026337884828332363 5.845430513182241 0.0
-0.001813178 0.06969867 2.538951 -1.599844 1.156063 0.772138 0.6514545 19.89863 nan 0 0.0 0.06972225049601156 3.0009620132112635 0.0
-0.02199764 0.04907421 1.628118 -2.26176 0.7644404 0.6306557 0.2346569 19.90965 0.5930614 0 0.0 0.053778938746443294 2.786812968163454 0.0
0.008488367 -0.007942708 -0.1886241 -5.082498 0.2799058 0.278232 0.2765638 16.5531 0.8091383 0 0.0 0.011624929449246263 5.085996949576829 0.0
-0.006019504 0.004470767 7.557072 -5.853534 1.265025 1.109033 0.1680155 17.66353 nan 0 0.0 0.007498145502342896 9.55893286420299 0.0
-0.03237923 0.02651464 -0.8266283 -1.316533 1.865725 1.483645 -0.07905702 20.69063 nan 0 0.0 0.04185021708094834 1.5545332053223855 0.0
-0.004249684 0.001182726 -5.945303 -2.201122 1.033423 1.017636 0.3008405 16.33612 0.4440298 0 0.0 0.004411196537327713 6.339681839074655 0.0
-0.02481799 -0.005492877 -4.9779 -10.52399 1.685071 1.395972 0.2794613 20.32375 nan 0 0.0 0.02541858228495895 11.641900786817418 0.0
-0.01618671 0.04423233 0.9365628 -2.017215 0.4994701 0.4678597 0.1893065 19.41786 0.6338291 0 0.0 0.047101046674707776 2.224029279161774 0.0
-0.02591062 0.04856069 2.493409 -2.339967 0.8099108 0.6825192 0.235092 20.11417 0.5795059 0 0.0 0.05504090153749754 3.419434748956325 0.0
0.01020934 -0.02520843 0.5032436 -4.169993 1.904493 1.045205 -0.06845797 20.28025 nan 0 0.0 0.027197344839165825 4.2002494855651085 0.0
-0.01532153 0.003930401 9.381267 6.941306 0.8332979 1.067387 0.4921041 19.58506 nan 0 0.0 0.015817627305057515 11.670042823868513 1.0
0.01098051 0.01096995 3.004085 -11.6467 1.079242 1.714398 -0.1835875 19.37293 nan 0 0.0 0.015521320912299958 12.027890404273935 1.0
0.02399023 0.09233933 1.314175 -1.901012 0.5566634 0.542126 0.2051045 19.8076 0.6762657 1 0.998472 0.09540483740514313 2.31103928023065 0.0
-0.01686716 0.00992648 2.631533 -5.22931 3.858699 1.993085 0.474127 20.49508 nan 0 0.0 0.01957130786779463 5.8541138531966554 0.0
0.03795183 -0.02276856 4.472717 -7.788062 2.65204 3.261034 0.06146497 20.54061 0.809309 0 0.0 0.04425775327355084 8.98104153636609 0.0
