jas1101finalproject/data/gcs/NGC_5904_M_5.ecsv
# %ECSV 0.9
# ---
# datatype:
# - {name: x, unit: deg, datatype: float64}
# - {name: y, unit: deg, datatype: float64}
# - {name: pmx, unit: mas / yr, datatype: float64}
# - {name: pmy, unit: mas / yr, datatype: float64}
# - {name: pmx_e, unit: mas / yr, datatype: float64}
# - {name: pmy_e, unit: mas / yr, datatype: float64}
# - {name: pm_corr, datatype: float64}
# - {name: g_mag, unit: mag, datatype: float64}
# - {name: bp_rp, unit: mag, datatype: float64}
# - {name: filter, datatype: int64}
# - {name: memberprob, datatype: float64}
# - {name: r, unit: deg, datatype: float64}
# - {name: pm, unit: mas / yr, datatype: float64}
# - {name: member_prob_GMM, datatype: float64}
# - {name: member_prob_DB, datatype: float64}
# meta: !!omap
# - comments: [deg deg mas/yr mas/yr mas/yr mas/yr dimless mag   mag   zeroone float]
# - __serialized_columns__:
#     bp_rp:
#       __class__: astropy.units.quantity.Quantity
#       unit: &id001 !astropy.units.Unit {unit: mag}
#       value: !astropy.table.SerializedColumn {name: bp_rp}
#     g_mag:
#       __class__: astropy.units.quantity.Quantity
#       unit: *id001
#       value: !astropy.table.SerializedColumn {name: g_mag}
#     pm:
#       __class__: astropy.units.quantity.Quantity
#       unit: !astropy.units.Unit {unit: mas / yr}
#       value: !astropy.table.SerializedColumn {name: pm}
#     pmx:
#       __class__: astropy.units.quantity.Quantity
#       unit: !astropy.units.Unit {unit: mas / yr}
#       value: !astropy.table.SerializedColumn {name: pmx}
#     pmx_e:
#       __class__: astropy.units.quantity.Quantity
#       unit: !astropy.units.Unit {unit: mas / yr}
#       value: !astropy.table.SerializedColumn {name: pmx_e}
#     pmy:
#       __class__: astropy.units.quantity.Quantity
#       unit: !astropy.units.Unit {unit: mas / yr}
#       value: !astropy.table.SerializedColumn {name: pmy}
#     pmy_e:
#       __class__: astropy.units.quantity.Quantity
#       unit: !astropy.units.Unit {unit: mas / yr}
#       value: !astropy.table.SerializedColumn {name: pmy_e}
#     r:
#       __class__: astropy.units.quantity.Quantity
#       unit: &id002 !astropy.units.Unit {unit: deg}
#       value: !astropy.table.SerializedColumn {name: r}
#     x:
#       __class__: astropy.units.quantity.Quantity
#       unit: *id002
#       value: !astropy.table.SerializedColumn {name: x}
#     y:
#       __class__: astropy.units.quantity.Quantity
#       unit: *id002
#       value: !astropy.table.SerializedColumn {name: y}
# schema: astropy-2.0
x y pmx pmy pmx_e pmy_e pm_corr g_mag bp_rp filter memberprob r pm member_prob_GMM member_prob_DB
[from data line 16111]
0.116379 -0.004668817 3.49619 -10.22829 0.5452628 0.5312426 -0.1401565 18.77323 0.6428642 1 0.9994912 0.11647261263137995 10.809313615590954 0.0 0.0
-0.05988177 -0.01397411 4.813183 -9.360132 1.66606 2.01037 -0.4529031 19.65083 nan 0 0.0 0.061490667004229185 10.525150908605207 1.0 0.0
0.1160653 -0.09567889 3.880384 -11.15177 1.09089 1.115482 -0.4557357 19.63357 0.8764992 0 0.0 0.1504180968358598 11.80759730514028 0.0 0.0
0.06773116 0.09439098 4.92877 -9.613205 0.7293089 0.7366031 -0.1542043 19.16335 0.7152748 0 0.0 0.1161773090594975 10.803077528414068 0.0 0.0
0.02497891 -0.0650443 5.110219 -10.81945 0.9518631 1.358286 -0.8425966 18.65751 nan 0 0.0 0.06967572681557115 11.96556879260075 0.0 0.0
0.1028098 -0.03788433 8.516653 -8.943304 3.072379 3.659279 -0.6547875 20.71589 0.4654007 0 0.0 0.10956768426679876 12.349739461171843 0.0 0.0
-0.004177769 -0.04053054 3.103626 -9.615469 0.5076362 0.4476561 -0.1400379 18.47814 0.5326881 0 0.0 0.04074528716930292 10.103946676315992 0.0 0.0
0.152308 0.1193688 4.735098 -10.80156 0.327268 0.294856 -0.08748444 18.04712 0.7370663 1 0.9801667 0.19351133630214018 11.793848036294346 0.0 0.0
-0.008691302 -0.003074492 4.122202 -9.568932 0.1159948 0.133301 -0.3293553 14.47328 0.8636036 0 0.0 0.009219068907068001 10.419069485775973 0.0 0.0
0.02206539 0.0003335939 3.724538 -10.00334 0.06242187 0.05792345 0.0319359 14.64545 1.104458 1 0.9999308 0.02206791156276953 10.674221023992523 0.0 0.0
-0.09066947 -0.01871455 5.963343 -13.1564 3.3576 3.08417 -0.0363039 20.8143 nan 0 0.0 0.09258070626098831 14.444802549555636 0.0 0.0
0.06321794 0.09146016 4.601811 -9.074605 0.375847 0.3642242 -0.1138829 18.20691 0.6813812 1 0.9984692 0.11118214247382176 10.174729499389455 0.0 0.0
-0.01970168 -0.06595084 3.754417 -10.1948 0.4009055 0.3809617 -0.1693989 18.41685 0.6658573 1 0.9998504 0.06883073072057276 10.864142582361897 0.0 0.0
-0.05155478 0.02032449 3.528846 -9.929386 0.6802201 0.5822637 0.09475734 18.74222 0.7107716 0 0.0 0.05541642567514166 10.537810988469664 1.0 0.0
0.07131891 -0.003287479 3.499732 -10.14722 0.5204706 0.5491195 -0.3223825 18.65539 0.5394497 0 0.0 0.07139463874664218 10.73378767258902 0.0 0.0
-0.07984144 0.00729776 3.201126 -10.25716 1.229733 0.934296 0.2395278 19.7863 nan 0 0.0 0.08017426546150079 10.745070448046212 0.0 0.0
-0.00504681 0.009373326 4.747289 -9.593783 0.1729762 0.1387742 0.1698152 15.52635 nan 0 0.0 0.010645634385905614 10.704084505487147 0.0 0.0
-0.08516948 -0.1115472 3.438337 -10.0695 0.621692 0.5210831 0.09009274 19.02636 nan 0 0.0 0.14034464062197174 10.640347342806484 0.0 0.0
0.108719 0.06865411 3.880275 -11.5708 0.8793927 0.9224671 -0.2030453 19.48556 0.7713966 1 0.9971393 0.12858152192633318 12.204095489450458 0.0 0.0
0.1117431 0.0002913842 4.427179 -9.848273 0.5632867 0.5709996 -0.2579564 18.91983 0.688612 0 0.0 0.11174347990984534 10.79761061441697 0.0 0.0
0.0125817 -0.1309708 4.607897 -11.77304 1.563847 1.448407 -0.2304388 20.22267 0.9472466 0 0.0 0.1315737421658668 12.642673198505488 0.0 0.0
-0.06980904 -0.02005433 4.185297 -10.21593 0.6547961 0.5604472 0.09146461 19.03131 0.465374 0 0.0 0.07263248734189474 11.040015251036069 0.0 0.0
-0.02548216 -0.1296604 4.164645 -8.633525 1.726794 1.688921 -0.3040737 20.45049 0.9556255 0 0.0 0.1321406818751349 9.58551104019238 0.0 0.0
-0.2007764 0.02117971 6.659619 -9.671414 2.123902 1.813054 -0.106312 20.42803 0.8074989 0 0.0 0.2018904230334963 11.74251991629382 0.0 0.0
0.00152538 -0.02010618 6.473879 -9.132874 1.094021 0.5502642 0.8733755 17.75489 nan 0 0.0 0.020163959391369543 11.194663764781726 0.0 0.0
0.04968098 -0.004812996 6.597402 -12.43453 1.152316 1.076841 -0.04192862 19.40037 0.8635159 0 0.0 0.049913572345168966 14.07633650743346 0.0 0.0
-0.009149358 -0.1079892 7.511016 -11.15486 1.828174 1.681115 -0.1912143 20.33468 0.8871231 0 0.0 0.10837609546598438 13.447909241657454 0.0 0.0
0.06230312 0.09035624 6.710708 -10.27664 1.434902 1.555514 -0.2767246 19.9597 0.895977 0 0.0 0.10975394693892333 12.273668219031505 0.0 0.0
0.05579259 0.08240213 4.161187 -10.14028 1.415064 1.558086 -0.2942346 19.93226 0.89744 0 0.0 0.09951343691906636 10.960873857834923 0.0 0.0
-0.04201088 -0.04298618 3.46368 -7.718884 1.531994 1.656947 -0.2856805 19.76986 nan 0 0.0 0.06010595402592658 8.460392978334754 0.0 0.0
0.00998812 0.04428236 4.157058 -10.67907 0.5810368 0.4869678 0.06187089 18.7044 nan 0 0.0 0.04539482292402956 11.459653890072946 0.0 0.0
-0.0913851 -0.000196301 4.239472 -9.64445 0.1175562 0.1000672 0.04469574 16.23635 0.9640808 1 0.9999492 0.09138531083326576 10.53510980679765 0.0 0.0
0.1140702 0.08018702 6.081011 -12.12317 1.233036 1.384234 -0.3345266 19.82595 0.4647179 0 0.0 0.13943446024753134 13.562814812236471 0.0 0.0
0.06096418 0.01795757 3.684474 -9.891153 0.4766328 0.4662752 -0.1766692 18.64127 nan 0 0.0 0.06355395788916139 10.55510569942741 1.0 0.0
0.08499405 0.05137232 4.058239 -10.04145 0.08283941 0.07996005 -0.1030076 15.45529 1.05318 1 0.9999744 0.09931316024367012 10.83051346352614 0.0 0.0
0.144882 0.1241591 -0.1752085 -8.087019 3.228612 2.939646 -0.03719822 20.79464 nan 0 0.0 0.19080428726003512 8.088916758431456 0.0 0.0
0.07507372 -0.08088752 -18.33805 -22.87058 2.055088 2.133154 -0.6276893 20.07142 0.6445236 0 0.0 0.11035784669151895 29.31462957874276 0.0 0.0
0.0242317 -0.0650393 4.519738 -10.11555 0.4254424 0.3918123 -0.05866503 18.0587 0.6756496 0 0.0 0.06940666991997238 11.079367463494657 0.0 0.0
-0.05355351 -0.0141739 1.578739 -13.11363 1.053604 1.302736 -0.4841337 19.36337 1.026056 0 0.0 0.055397453682728956 13.208319673865446 0.0 0.0
-0.008828365 0.02818338 4.135571 -10.21891 0.1631162 0.1291875 0.2235869 16.33831 -0.02091026 0 0.0 0.02953375927303575 11.024022364098368 0.0 0.0
0.1858209 0.1276617 -7.381081 -6.858033 1.40656 1.197671 -0.03493248 19.8739 1.630262 0 0.0 0.2254482568655167 10.07536467616185 0.0 0.0
-0.1567422 -0.172504 4.040643 -9.433326 1.37656 1.411954 -0.1868348 20.15975 0.9004555 0 0.0 0.2330788434775666 10.262282167029174 0.0 0.0
0.0231626 0.04689485 4.573837 -10.45296 0.5988864 0.848253 -0.7230833 18.2957 0.5664692 0 0.0 0.05230327901080868 11.409836005139118 0.0 0.0
-0.02598302 0.01925527 3.513563 -10.03018 0.1151111 0.1011538 0.209936 15.98765 0.9850273 1 0.9995624 0.03234011056093192 10.627776615424743 0.0 0.0
-0.0990282 -0.05677447 2.729112 -9.172466 1.50228 1.370448 -0.1568578 20.26274 1.023815 1 0.9969626 0.1141486961774899 9.569858140521207 0.0 0.0
-0.01035304 0.05347172 2.643437 -7.114719 0.5068468 0.4479152 0.03126105 18.07171 0.6208248 0 0.0 0.05446476179145559 7.589926588704927 0.0 0.0
0.006908017 0.032411 4.650707 -9.541843 1.748821 1.406177 0.1659398 19.09458 nan 0 0.0 0.03313900450937368 10.614887820250292 0.0 0.0
0.07412504 -0.01100377 -7.068468 5.221638 2.339314 2.487865 -0.4501038 20.2253 0.4502468 0 0.0 0.07493733721726774 8.787988579309147 0.0 0.0
0.1818883 0.1170297 -10.48173 -1.368784 3.315065 3.864645 -0.4674807 20.9109 1.829105 0 0.0 0.2162852384213495 10.570725303003385 0.0 0.0
0.1629093 0.07895273 2.274439 -10.34633 0.9678446 0.7616421 0.007939525 19.37213 0.7321491 1 0.9921363 0.18103307322404627 10.593376101773268 0.0 0.0
-0.1076912 -0.07765816 3.568479 -9.050777 0.3551155 0.3095133 0.03066968 18.37784 0.6203747 1 0.9963939 0.1327711729707379 9.72885433528378 0.0 0.0
0.0004427123 -0.04076968 3.268596 -12.10567 1.003053 0.6991454 0.422515 19.1044 nan 0 0.0 0.04077208360487567 12.539177244146284 0.0 0.0
-0.04653792 0.02355991 4.963929 -8.689076 0.8127163 0.5562248 0.3358382 18.81584 0.8190422 0 0.0 0.052161742274721805 10.007029172077845 0.0 0.0
-0.04210238 -0.04329397 6.570543 -9.442159 0.7942562 0.5490327 0.4121937 18.59546 0.6007938 0 0.0 0.06039021642638235 11.503321341948594 0.0 0.0
0.09240111 0.109975 4.229293 -11.63997 0.6842413 0.6585567 -0.04927342 19.00767 0.6962223 0 0.0 0.14364005623165182 12.384499218004295 0.0 0.0
-0.0171704 -0.07686042 3.190758 -12.28957 1.859981 1.707863 -0.1724568 20.33645 0.7910309 0 0.0 0.0787549795170845 12.697025927336842 0.0 0.0
-0.05769006 -0.1306455 4.486484 -8.554695 0.9605165 0.7956336 0.07323058 19.59377 0.6604519 0 0.0 0.14281592940934004 9.659779771054877 0.0 0.0
0.1087695 0.001156397 3.044365 -6.930922 1.17494 1.192392 -0.2838442 19.75877 0.6744614 0 0.0 0.10877564701840027 7.570061956371889 0.0 0.0
0.02406458 -0.1076515 3.615443 -9.387347 1.223249 1.12144 -0.171088 20.10294 0.7181683 0 0.0 0.11030842879320872 10.059508525999568 0.0 0.0
-0.1006034 -0.1308039 4.513588 -10.78696 0.8522305 0.7383762 0.05877019 19.63847 0.7208786 0 0.0 0.1650172849939363 11.693202413169116 0.0 0.0
-0.1059766 0.02226388 3.985047 -10.38666 0.6356427 0.5437181 0.0057629 19.01208 0.6210938 1 0.9996488 0.10828998153206233 11.124895754469296 0.0 0.0
0.006343972 -0.003636455 1.9298 -6.415502 0.7432085 0.9815319 -0.5580659 15.51335 nan 0 0.0 0.00731230372070314 6.6994622136410324 0.0 0.0
0.1532174 0.02153844 6.618673 -14.12465 3.403167 3.208811 -0.4336643 20.77282 nan 0 0.0 0.154723870363928 15.598479730519543 0.0 0.0
0.09480606 -0.07253132 -2.726818 -6.406346 3.54239 3.408933 -0.4913226 20.75867 0.4864769 0 0.0 0.11936909731444734 6.962528669731996 0.0 0.0
0.05305038 0.01228506 2.000658 -6.584994 1.364744 1.772741 -0.6469712 19.431 0.637516 0 0.0 0.05445425160029288 6.882207379395073 0.0 0.0
0.0116806 0.05493657 4.780813 -9.070348 0.5039956 0.4269002 0.09889648 17.84798 0.7726574 0 0.0 0.05616460753646285 10.25316467155741 0.0 0.0
0.06003122 0.08980803 8.416755 -15.09239 0.8016139 0.7884448 -0.1934272 18.70686 0.7079659 0 0.0 0.10802420852368834 17.280682875457355 0.0 0.0
0.1703805 0.08165766 3.915534 -10.00248 0.4952522 0.4373142 0.005975653 18.57716 0.6440392 1 0.999551 0.18893778927712052 10.741555411371111 0.0 0.0
-0.07275399 -0.06226405 5.530842 -9.519701 1.128913 0.8373071 0.2137318 19.67324 0.6955929 0 0.0 0.09575988190950635 11.009764773071447 0.0 0.0
0.07186573 0.04300508 3.765178 -9.594972 0.5078495 0.5401557 -0.2466495 18.7654 0.6465416 0 0.0 0.08375034360669394 10.307281554923588 0.0 0.0
-0.04275811 -0.04366446 0.2928207 -13.89394 2.310685 1.710173 0.251381 19.85935 0.5045834 0 0.0 0.06111334582448993 13.897025317885426 0.0 0.0
-0.07842891 -0.1079009 2.513293 -11.32498 1.566155 1.360028 -0.01000128 20.35448 0.8865776 0 0.0 0.13339302134893752 11.600509200213972 0.0 0.0
-0.05472939 -0.0647348 4.298443 -9.947288 0.2520285 0.2230881 -0.007818874 17.74674 0.8370743 1 0.9999476 0.08476969069668769 10.836288607230475 0.0 0.0
0.0391462 -0.09224957 -0.2115184 -12.47952 2.436011 1.96711 -0.07255083 20.70205 0.5065765 0 0.0 0.10021181636725732 12.48131240951602 0.0 0.0
-0.02404803 -0.0853392 5.138224 -9.753636 0.3053874 0.2733365 -0.02833372 18.05725 0.6782856 0 0.0 0.088662770109674 11.024280525035273 0.0 0.0
0.04326002 0.03955508 4.566363 -8.357465 0.4913911 0.4953486 -0.2023137 18.34419 0.6144733 0 0.0 0.058617690880883394 9.523596603909365 0.0 0.0
-0.00841738 -0.1100288 2.532373 -8.603354 1.458716 1.344266 -0.13615 20.2621 0.9773464 0 0.0 0.11035030183694287 8.968311605895783 0.0 0.0
-0.01460825 -0.04997591 3.753323 -9.980329 0.326133 0.291956 -0.04147983 18.11867 0.671217 0 0.0 0.05206719263020237 10.662757640055878 0.0 0.0
0.03028283 0.08286205 5.475627 -8.248172 1.505207 1.698337 -0.2794896 20.06513 nan 0 0.0 0.08822227112816469 9.90024405682572 0.0 0.0
0.04316801 0.05822253 6.570057 -11.00158 2.331475 2.323991 -0.2999982 20.15003 0.6266518 0 0.0 0.07247992885593225 12.814070839497065 0.0 0.0
0.09079274 -0.02416384 4.851074 -11.31006 1.104701 1.104847 -0.2599947 19.71171 nan 0 0.0 0.09395324794946261 12.306517629170163 0.0 0.0
0.04023992 0.07493034 4.972959 -9.534197 0.5191869 0.5061138 -0.05308139 18.59644 0.6220264 1 0.9995069 0.08505179018763802 10.753196438756712 0.0 0.0
-0.08821969 -0.1165351 4.266155 -10.8281 1.196062 1.049028 -0.01541846 19.95423 0.7535553 0 0.0 0.1461613602690742 11.638205535821449 0.0 0.0
0.1506316 -0.04616887 4.961857 -9.798515 0.7392343 0.7643374 -0.3884817 19.28966 0.6617146 1 0.9989047 0.1575482258727051 10.98321087358674 0.0 0.0
0.240909 0.03499382 4.251734 -9.397806 0.481519 0.4801435 -0.3132228 18.74705 0.6969357 1 0.9986523 0.2434372890893924 10.314843654675139 0.0 0.0
-0.1080656 0.02274563 4.648076 -10.92697 1.609569 1.406029 -0.08438256 20.19005 0.6961536 0 0.0 0.1104334079319157 11.874480362638023 0.0 0.0
0.2172797 -0.004643837 3.436257 -11.66479 0.8750615 0.8325371 -0.2883298 19.60203 0.8339729 1 0.9756777 0.21732931982172254 12.160394233500368 0.0 0.0
0.1585866 0.1508425 -7.990155 -15.57691 1.330458 1.281269 -0.1556837 19.98619 1.072428 0 0.0 0.21886792708345826 17.506647368132054 0.0 0.0
0.03504401 -0.09000544 1.747616 -6.045473 2.582621 2.202385 -0.1510625 20.77808 0.1744328 0 0.0 0.09658706883674285 6.2930044873005615 0.0 0.0
0.04346062 -0.04655169 4.039938 -9.839536 0.343388 0.3116738 -0.0797707 18.2605 0.66012 0 0.0 0.06368583306074044 10.636614486721797 1.0 1.0
-0.0217146 -0.06632012 5.007888 -9.834503 0.901198 0.7853853 -0.04568055 19.52289 0.6373978 0 0.0 0.06978454105297532 11.0361402436519 0.0 0.0
0.01900078 -0.03194045 4.849144 -10.62287 0.7386146 0.4695097 0.658871 18.00164 0.661272 0 0.0 0.03716479499218178 11.6773098173182 0.0 0.0
-0.06469941 0.0103617 2.207296 -6.445672 1.41881 1.661182 -0.06955749 19.38602 0.6859341 0 0.0 0.06552387718410824 6.813137541779118 0.0 0.0
0.08647659 -0.01122654 5.005204 -8.66855 2.428761 2.830771 -0.6258266 20.4311 0.4928703 0 0.0 0.08720226957138043 10.009786520406717 0.0 0.0
0.04466241 0.05552248 3.173057 -10.19182 1.102307 1.220437 -0.2843179 19.70411 nan 0 0.0 0.07125641481549924 10.67433771424012 0.0 0.0
0.03882263 0.04473699 4.045379 -10.05652 0.2579096 0.299952 -0.3466176 17.35201 0.8561344 0 0.0 0.05923339323706687 10.839681072985544 0.0 0.0
0.03621448 0.07403951 4.701308 -9.98988 1.67989 1.864533 -0.3347253 20.17375 0.7278538 0 0.0 0.0824217058954163 11.04083327132803 0.0 0.0
-0.01380017 -0.0657647 3.766091 -10.03887 0.09922489 0.09455924 -0.09115661 16.10941 1.009622 1 0.9999251 0.06719702715238897 10.722049817883752 0.0 0.0
-0.1086626 -0.01056856 2.593277 -8.471348 0.712704 0.5896839 0.07802619 19.2126 0.6220322 0 0.0 0.10917534107679078 8.85939177008405 0.0 0.0
0.1297485 0.03922556 4.39966 -7.271013 2.757496 3.02936 -0.460297 20.53875 0.5700016 0 0.0 0.13554821212234264 8.498507996217278 0.0 0.0
0.006023748 -0.003631927 3.011762 -8.297489 0.3653942 0.3416563 0.07930271 14.79897 0.9224815 0 0.0 0.007033948656397273 8.827175881886857 0.0 0.0
-0.06111725 -0.02214372 3.300143 -9.334775 1.636601 1.955984 -0.3054409 19.94284 nan 0 0.0 0.06500509659250496 9.90095793956696 0.0 0.0
0.08855449 -0.08530638 3.174371 -9.881307 0.5358714 0.5427157 -0.339891 18.89189 0.5792427 1 0.9990189 0.1229596526014306 10.37867329064221 0.0 0.0
0.1133841 0.07919038 1.604224 -7.278969 0.7548919 0.7525436 -0.1271226 19.11776 0.6332684 0 0.0 0.1383006522665544 7.453651745630259 0.0 0.0
0.2119121 -0.004497463 -7.31757 -0.4248164 1.926311 1.871763 -0.2659245 20.4722 0.587904 0 0.0 0.2119598200127712 7.329890836745726 0.0 0.0
0.01956545 -0.06920502 8.111317 -9.027924 2.380768 2.13213 -0.1370104 20.66643 0.06386566 0 0.0 0.0719176030391927 12.136592405789402 0.0 0.0
0.07004981 0.07319283 2.757055 -9.583334 2.944919 3.489122 -0.4786045 20.64983 0.7903614 0 0.0 0.10131222159465758 9.972043061909682 0.0 0.0
0.2111309 -0.09378052 2.1585 -8.773582 0.6100803 0.5462048 -0.1815222 19.01596 0.6896992 1 0.8375214 0.231021736783101 9.035201345887318 0.0 0.0
0.001906504 0.06090915 4.945708 -8.419289 1.33262 0.9909092 0.3439298 19.54186 0.6976204 0 0.0 0.060938980227966705 9.764448519337124 0.0 0.0
0.07359132 -0.01084548 0.29196 -8.484407 2.331229 2.556158 -0.4282258 20.37276 nan 0 0.0 0.07438620043914597 8.489428884397876 0.0 0.0
0.005871492 -0.06680759 4.279955 -10.97847 1.286677 1.136851 -0.07060083 20.04338 nan 0 0.0 0.06706510642587667 11.78324311651614 0.0 0.0
