jas1101finalproject/data/gcs/NGC_6712.ecsv
# %ECSV 0.9
# ---
# datatype:
# - {name: x, unit: deg, datatype: float64}
# - {name: y, unit: deg, datatype: float64}
# - {name: pmx, unit: mas / yr, datatype: float64}
# - {name: pmy, unit: mas / yr, datatype: float64}
# - {name: pmx_e, unit: mas / yr, datatype: float64}
# - {name: pmy_e, unit: mas / yr, datatype: float64}
# - {name: pm_corr, datatype: float64}
# - {name: g_mag, unit: mag, datatype: float64}
# - {name: bp_rp, unit: mag, datatype: float64}
# - {name: filter, datatype: int64}
# - {name: memberprob, datatype: float64}
# - {name: r, unit: deg, datatype: float64}
# - {name: pm, unit: mas / yr, datatype: float64}
# - {name: member_prob_GMM, datatype: float64}
# - {name: member_prob_DB, datatype: float64}
# meta: !!omap
# - comments: [deg deg mas/yr mas/yr mas/yr mas/yr dimless mag   mag   zeroone float]
# - __serialized_columns__:
#     bp_rp:
#       __class__: astropy.units.quantity.Quantity
#       unit: &id001 !astropy.units.Unit {unit: mag}
#       value: !astropy.table.SerializedColumn {name: bp_rp}
#     g_mag:
#       __class__: astropy.units.quantity.Quantity
#       unit: *id001
#       value: !astropy.table.SerializedColumn {name: g_mag}
#     pm:
#       __class__: astropy.units.quantity.Quantity
#       unit: !astropy.units.Unit {unit: mas / yr}
#       value: !astropy.table.SerializedColumn {name: pm}
#     pmx:
#       __class__: astropy.units.quantity.Quantity
#       unit: !astropy.units.Unit {unit: mas / yr}
#       value: !astropy.table.SerializedColumn {name: pmx}
#     pmx_e:
#       __class__: astropy.units.quantity.Quantity
#       unit: !astropy.units.Unit {unit: mas / yr}
#       value: !astropy.table.SerializedColumn {name: pmx_e}
#     pmy:
#       __class__: astropy.units.quantity.Quantity
#       unit: !astropy.units.Unit {unit: mas / yr}
#       value: !astropy.table.SerializedColumn {name: pmy}
#     pmy_e:
#       __class__: astropy.units.quantity.Quantity
#       unit: !astropy.units.Unit {unit: mas / yr}
#       value: !astropy.table.SerializedColumn {name: pmy_e}
#     r:
#       __class__: astropy.units.quantity.Quantity
#       unit: &id002 !astropy.units.Unit {unit: deg}
#       value: !astropy.table.SerializedColumn {name: r}
#     x:
#       __class__: astropy.units.quantity.Quantity
#       unit: *id002
#       value: !astropy.table.SerializedColumn {name: x}
#     y:
#       __class__: astropy.units.quantity.Quantity
#       unit: *id002
#       value: !astropy.table.SerializedColumn {name: y}
# schema: astropy-2.0
x y pmx pmy pmx_e pmy_e pm_corr g_mag bp_rp filter memberprob r pm member_prob_GMM member_prob_DB
[from data line 5549]
-0.02793072 -0.06184632 -1.6392 -2.467251 0.1976603 0.1908131 0.3925092 17.42812 1.228251 0 0.0 0.06786083124498844 2.9621451917488786 0.0 0.0
0.05608488 0.05410013 -4.232609 -5.130397 0.4996256 0.4528937 0.5043437 18.68403 nan 0 0.0 0.07792520664477766 6.6510113760607865 0.0 0.0
0.06108509 0.004552159 0.5946216 -1.613938 0.2229716 0.1998684 0.3092339 17.48299 1.359842 1 0.0 0.06125447226014914 1.7199914869064208 0.0 0.0
-0.009806216 0.02268732 6.422504 -1.031751 1.281207 1.526068 0.8350701 19.06453 1.294027 0 0.0 0.024715913113236503 6.504849556755099 0.0 0.0
-0.02808517 -0.0134674 3.137056 -4.762605 0.3573135 0.3029985 0.2383727 17.79416 1.344769 0 0.0 0.0311471930788137 5.702940183200328 1.0 1.0
0.01236617 -0.005510998 5.144713 -3.77367 0.2200541 0.176822 -0.02343667 16.67314 1.317773 0 0.0 0.013538584099709393 6.380333621470668 0.0 0.0
-0.07423832 -0.008789262 -3.822132 -8.081746 1.916993 2.076371 0.8765939 19.82007 0.7979584 0 0.0 0.07475680091421144 8.939983860944047 0.0 0.0
-0.07297253 -0.002932499 -1.058117 -4.104701 1.20976 1.325946 0.8729565 19.24675 1.246349 0 0.0 0.07303142943271684 4.238889227744694 0.0 0.0
-0.04739283 0.003457419 -0.379336 -4.356994 1.398802 1.225032 0.5692553 19.86658 nan 0 0.0 0.04751877609482867 4.3734760222198545 0.0 0.0
-0.00316962 0.05999421 2.114608 -5.722748 0.3682476 0.3355109 0.5078257 18.24273 1.385565 0 0.0 0.06007788049247826 6.100935310685403 0.0 0.0
-0.04788231 0.05698709 -3.62987 -6.470615 0.9769508 0.9075936 0.5517296 18.66138 nan 0 0.0 0.07443281559637657 7.419219278005267 0.0 0.0
0.02706268 0.07654902 -3.416341 -10.54267 2.634332 2.526373 0.6457331 20.26029 nan 0 0.0 0.08119200152566014 11.08238586935056 0.0 0.0
-0.002686884 0.05950689 0.9508617 -0.7110043 0.4249828 0.3827217 0.503204 18.38564 1.52136 0 0.0 0.059567518859707055 1.1872931765766113 0.0 0.0
0.02983378 0.01693274 3.558309 -4.542165 0.4505427 0.41343 0.533875 18.61419 1.20542 0 0.0 0.034304112187841275 5.7699935725012725 1.0 1.0
-0.002837316 0.003674033 10.17624 2.534469 0.4652648 0.4407355 0.6195867 18.11396 nan 0 0.0 0.004642077182570859 10.487106066478063 0.0 0.0
0.01088829 0.002360675 3.101385 -5.262438 0.4526013 0.4020388 0.5150505 17.92596 nan 0 0.0 0.011141258707153559 6.108342051822983 0.0 0.0
-0.01393837 0.0004188932 -1.97959 -4.806071 0.6116715 0.5513023 0.410162 18.55638 0.9405804 0 0.0 0.01394466312859175 5.197797131972448 1.0 0.0
-0.0001826784 -0.01337479 3.032905 -5.256726 0.4925248 0.4270614 0.3086699 17.49289 1.272886 0 0.0 0.013376037490300577 6.06891102077638 0.0 1.0
-0.03726324 0.06658607 -2.895986 -7.350704 1.510228 1.705104 0.8508148 19.39404 0.9794903 0 0.0 0.07630369436234723 7.900606572144445 0.0 0.0
-0.002444941 -0.02910756 3.695647 -3.933742 0.1745835 0.1525552 0.2578071 17.19084 1.577587 1 0.9913607 0.029210063088721344 5.3974190935272945 1.0 1.0
-0.05421407 0.02890148 -0.6645882 -2.149549 0.1881553 0.1834764 0.4866332 17.24529 1.124416 1 0.0 0.06143664160869554 2.2499418612444724 0.0 0.0
-0.05178779 -0.06350539 -2.480587 -7.649762 1.519662 1.704681 0.8913958 19.21714 1.310266 0 0.0 0.08194455291315096 8.041900927095098 0.0 0.0
-0.01547471 -0.05076391 -2.876162 -17.52308 0.5005442 0.4535182 0.5275802 18.68336 1.119263 0 0.0 0.05307015364658557 17.757551648148006 0.0 0.0
-0.05302622 -0.05061666 -3.473549 -5.420019 2.789874 2.574026 0.7383801 20.35763 nan 0 0.0 0.07330638633191518 6.43755765921844 0.0 0.0
0.02431186 -0.003085436 3.183229 -4.452083 0.1663768 0.1413272 0.230926 17.09884 1.454792 0 0.0 0.024506865404814546 5.47302383562597 1.0 1.0
-0.06769766 0.01991662 0.2311795 -3.282976 1.770258 1.281808 0.1259288 19.82921 nan 0 0.0 0.0705665991932444 3.2911054947838196 0.0 0.0
0.01628697 -0.02192484 0.739712 -0.2429669 0.5189605 0.4678691 0.4540247 18.92133 1.320988 0 0.0 0.027312341547485453 0.7785928059259282 0.0 0.0
0.01176496 0.06168681 -2.193459 -6.296716 0.2172633 0.1901145 0.2195899 17.62961 1.268461 1 0.0 0.0627987007172736 6.6678253403442564 0.0 0.0
-0.03405911 0.0007666475 -2.732859 -8.889668 0.6373489 0.5530611 0.2621074 16.65167 1.561209 0 0.0 0.03406773726535644 9.30025351612014 0.0 0.0
-0.05077575 0.03524008 14.50611 6.550563 2.622274 3.180502 0.7662769 19.5841 nan 0 0.0 0.06180647236713078 15.916566933515185 0.0 0.0
-0.04779172 0.05634051 -1.352755 -3.859692 0.4160605 0.3850258 0.5887181 18.07738 1.19627 0 0.0 0.07388031921708582 4.089886113926523 0.0 0.0
-0.0635018 0.004706252 -1.617625 -2.306726 1.406507 1.549273 0.8686108 19.23908 1.575958 0 0.0 0.06367595630320368 2.8173916092195985 0.0 0.0
0.01460098 0.06043358 -2.168975 -10.58469 1.29907 1.372309 0.8522459 19.2774 0.9713669 0 0.0 0.0621723910476089 10.80463395709105 0.0 0.0
-0.01152573 0.0210975 4.763437 -3.010973 1.100233 1.391305 0.6968281 18.96784 nan 0 0.0 0.02404052741274409 5.635271995183373 1.0 0.0
0.05179465 0.01018978 4.942494 3.590723 0.8717815 0.7538725 0.3978934 16.89903 1.208844 0 0.0 0.05278747375155303 6.109135667405415 1.0 0.0
-0.02618735 0.02318244 -9.405664 -16.22128 0.4076019 0.3883297 0.6508195 18.26636 1.872108 1 0.0 0.034974316639158225 18.75090504800491 0.0 0.0
-0.02639196 -0.06963391 -3.964913 -5.899572 1.512843 1.638801 0.8424481 19.54599 1.337397 0 0.0 0.07446755652315779 7.108128085561838 0.0 0.0
0.001627055 -0.04970215 -3.4609 -2.546489 1.834379 1.686438 0.5452996 19.89631 nan 0 0.0 0.04972877459374527 4.296793576275337 0.0 0.0
0.007327931 -0.03591591 -2.848816 -8.867157 1.729025 1.681974 0.7905033 19.88186 1.189821 1 0.01593669 0.03665584760810833 9.313550658288438 0.0 0.0
-0.01602115 0.03144183 0.09704832 -2.732202 0.2354967 0.2054878 0.2605198 17.72567 1.270926 0 0.0 0.03528832556344095 2.733925043818653 0.0 0.0
0.02814159 -0.02054462 -2.187992 -6.938067 0.7066009 0.6829965 0.502574 18.80342 1.137623 0 0.0 0.034842940442398086 7.274893998441009 0.0 0.0
-0.06151726 0.0439951 0.9163947 -7.230738 1.596088 1.759722 0.8854957 19.62385 1.761776 0 0.0 0.07563029883530542 7.288576765791253 0.0 0.0
0.01716555 0.06151685 -2.573301 -7.837871 2.418603 2.171916 0.5914543 20.11586 nan 0 0.0 0.06386688453905513 8.24949088424504 0.0 0.0
-0.0165046 0.0485841 -0.724328 -4.998572 0.5101318 0.4611774 0.5383928 18.62199 1.003386 0 0.0 0.05131097927315362 5.050779453784139 1.0 0.0
0.06181471 0.03872696 -4.717304 -7.159101 0.4423515 0.4084959 0.4864666 18.52345 1.081516 0 0.0 0.0729440594101103 8.57354560007801 0.0 0.0
0.003347318 0.06589459 -1.27265 -5.61867 1.585569 1.819054 0.8216743 19.60336 1.111082 1 0.0003465216 0.06597955387134127 5.760997360822169 0.0 0.0
0.01188573 0.06430559 -0.3782583 -3.995674 0.6985908 0.6814054 0.6031381 19.01641 1.198809 0 0.0 0.06539479706277097 4.013538346122395 0.0 0.0
0.02356122 0.05259393 -6.153929 -7.867181 0.345588 0.3116366 0.5220319 18.1669 1.300516 0 0.0 0.05763030939300343 9.988161944211859 0.0 0.0
-0.02919666 -0.07234827 0.2696959 -0.9458667 0.4523165 0.4314045 0.6320755 18.46644 1.282465 1 0.0 0.07801741553748433 0.9835647882298857 0.0 0.0
-0.06899403 0.01537403 0.4312992 -0.6431515 0.29835 0.2784386 0.4210384 17.77862 1.289925 1 0.0 0.07068618658607777 0.774379010480585 0.0 0.0
0.05481739 0.05176096 -0.3835847 2.234978 0.5671386 0.5640719 0.5187199 19.06149 0.3176918 0 0.0 0.07539325716888547 2.2676560326817845 0.0 0.0
-0.07676926 -0.02308154 2.939069 -1.60898 2.161807 2.159536 0.8011648 20.18326 0.8313236 0 0.0 0.08016406158447313 3.3506631026053637 0.0 0.0
0.005518553 -0.008558778 -4.268846 -11.38379 0.8386135 0.5345647 -0.7698779 17.95444 nan 0 0.0 0.010183668693898727 12.157866627653718 0.0 0.0
0.04827214 0.0647385 1.401396 -1.437182 1.522456 1.645618 0.8523738 19.41992 1.262974 1 1.324314e-06 0.08075439853301862 2.0073372536621745 0.0 0.0
0.03860957 -0.0111738 -3.826713 -1.938012 1.284908 1.292545 0.8470592 19.20583 1.398357 0 0.0 0.04019393862294289 4.289478161328368 0.0 0.0
-0.003832831 0.006524556 4.764865 -4.397674 0.9985485 0.8811958 0.4265295 18.17534 nan 0 0.0 0.00756706181233489 6.4840940059888865 0.0 0.0
0.0008127778 -0.006218421 3.023236 -4.896098 0.7960035 0.7056544 0.4417855 18.57989 1.044933 0 0.0 0.006271313059114003 5.754279410777687 1.0 0.0
0.005972138 0.06095166 -0.3296739 -5.203928 0.4856358 0.4395728 0.5218006 18.59992 1.183594 1 0.0 0.061243540794492304 5.214360124648586 0.0 0.0
-0.008389048 0.05484048 -2.863567 -5.251858 1.691386 1.862747 0.8724737 19.71297 nan 0 0.0 0.055478413576603866 5.981808122604152 1.0 0.0
-0.02343643 -0.06674313 -1.587265 -4.838854 1.58691 1.545769 0.6843549 20.18961 1.236797 0 0.0 0.0707383322770745 5.0925355387607265 0.0 0.0
0.02440159 -0.01486523 2.760088 -4.541457 0.4592968 0.4081153 0.52426 18.16469 1.4541 0 0.0 0.02857293575187891 5.314406594399134 1.0 1.0
-0.01858079 -0.06256195 1.733992 -5.364427 0.8375558 0.8844599 0.7655768 19.11692 nan 0 0.0 0.06526287876600756 5.63771277154069 0.0 0.0
0.03840205 0.02434487 -3.48077 -1.85653 0.1330547 0.1156896 0.01379403 16.60198 1.670501 1 0.0 0.045468562100856015 3.944928824934615 0.0 0.0
0.003648337 -0.005510812 3.224514 -4.917351 0.6088255 0.5184042 0.3049139 17.68474 0.9683752 0 0.0 0.006609040154584704 5.880291777913491 1.0 0.0
-0.05496353 -0.003490181 -3.766394 -6.776898 2.060926 1.988714 0.7722376 20.12533 0.6097355 0 0.0 0.055074231664850856 7.753197422073038 0.0 0.0
-0.04186594 -0.05418294 -3.470288 -9.728494 2.157654 1.754508 0.5107097 20.16508 nan 0 0.0 0.06847297217973819 10.32891544698571 0.0 0.0
-0.015326 0.0002090306 4.090327 -5.288932 0.8019406 0.6008436 -0.08764335 18.63171 nan 0 0.0 0.015327425413021468 6.686073336985842 0.0 1.0
-0.04171833 -0.02562039 -4.678627 -6.629122 0.4174969 0.3849545 0.4986664 18.46504 1.198023 1 0.0 0.04895736350888393 8.113865237728131 0.0 0.0
-0.02482428 -0.05975756 1.58482 -0.8517693 0.214739 0.1955583 0.1877579 16.71689 1.165766 0 0.0 0.06470866135744117 1.7992124312661053 0.0 0.0
0.04940876 -0.01034728 0.4722881 -3.584403 0.6429063 0.5758377 0.6063417 18.27455 1.400494 0 0.0 0.05048060784237845 3.6153839237086025 0.0 0.0
-0.04844633 -0.01442697 -2.54147 -6.117515 0.4520381 0.4230737 0.3384102 18.45102 1.595217 0 0.0 0.050548831379664955 6.624428996987212 0.0 0.0
-0.06344001 -0.003869177 -2.375188 -5.393962 0.4999153 0.5139519 0.6394314 18.45257 1.34717 1 0.0 0.06355789014321848 5.893754668527356 0.0 0.0
-0.04305545 0.0606927 0.7831072 -5.477562 1.676955 1.846767 0.8909999 19.51076 nan 0 0.0 0.07441354451974788 5.533257842404946 0.0 0.0
-0.04736271 0.003836985 3.323651 -3.97034 0.3887871 0.3570306 0.6283363 18.18433 1.341047 0 0.0 0.047517878240030086 5.177862076707046 1.0 0.0
-0.07300348 0.001108213 -3.612602 -7.065613 0.04952459 0.04724993 0.2838342 14.14888 1.7234 1 0.0 0.07301189100525865 7.935602073955888 0.0 0.0
-0.04597936 0.03888755 -1.38078 0.3086932 0.4466809 0.4338551 0.6790236 18.35314 1.259451 0 0.0 0.06021912562477223 1.4148656827155854 0.0 0.0
0.06045795 0.04401625 0.633115 -1.191858 0.2516946 0.2189101 0.2577664 17.85319 1.140526 1 0.0 0.07478364782668066 1.3495777470709125 0.0 0.0
0.01025643 0.06202922 2.135703 -2.156778 0.4564283 0.4160106 0.568201 18.21711 1.351376 1 0.0 0.06287144415514329 3.0352790062023955 0.0 0.0
0.02256189 -0.009111595 -1.654883 -10.18122 0.2764033 0.2353231 0.3200907 17.65634 1.460735 0 0.0 0.024332283982728072 10.314837780212008 0.0 0.0
0.02235317 0.03180677 -2.642101 -6.418037 0.4912298 0.4257838 0.2971064 18.90833 1.09506 1 0.0 0.03887589004616872 6.940597713999134 0.0 0.0
0.01140037 -0.02180831 1.618414 -4.97939 1.213017 1.214485 0.6401453 18.8838 1.289536 0 0.0 0.02460834860759657 5.235798759262622 1.0 1.0
-0.01303338 7.083471e-05 4.308194 -5.193668 0.3974458 0.3922863 0.5274788 16.76863 1.431015 0 0.0 0.013033572487255396 6.747942118591416 0.0 1.0
0.01855277 0.04848578 -4.833063 -8.877574 1.116909 1.236656 0.8561772 19.09213 1.377979 0 0.0 0.05191412271127482 10.107908690102269 0.0 0.0
0.05536056 0.05248662 -2.974667 -7.538706 0.6397925 0.6417663 0.546642 19.04432 1.069668 0 0.0 0.07628654457070395 8.10436499149224 0.0 0.0
-0.004889117 0.04177044 3.313152 -4.891649 0.239557 0.2102473 0.3327095 17.83629 1.455544 1 0.9903776 0.04205559561857719 5.9080628055484485 1.0 1.0
-0.04292326 -0.03972441 -0.8451694 -5.822275 0.5084946 0.4553872 0.5205957 18.7237 1.379793 0 0.0 0.05848448511251253 5.883298181319842 0.0 0.0
0.05382027 0.0412087 0.4337476 -5.058879 0.1982552 0.1674235 0.2268913 17.32078 1.158997 1 0.0 0.0677847948920914 5.077439681290834 0.0 0.0
-0.07185651 -0.002341005 -1.616537 -1.817071 1.575943 1.816069 0.8881422 19.31631 1.26013 0 0.0 0.07189463355348663 2.432064738326264 0.0 0.0
-0.003078674 0.007006169 3.670946 -4.131462 0.1593378 0.1346699 0.2117384 15.80849 1.417539 0 0.0 0.007652753599511551 5.526737083701376 1.0 0.0
-0.0003938945 0.0455699 -0.5561465 -5.993816 1.986052 2.161338 0.8748228 19.92535 0.9746037 0 0.0 0.04557160232959919 6.019562207612631 1.0 0.0
-0.003169188 0.008790493 9.999627 1.683363 1.099959 0.9371154 0.315662 18.35575 nan 0 0.0 0.009344330888961125 10.140327959632174 0.0 0.0
-0.02316556 -0.05752585 -5.63828 -5.777063 2.051519 2.165594 0.8862704 19.81882 0.9254494 1 0.0 0.06201505130479294 8.072462961473963 0.0 0.0
0.0567486 0.05390453 -0.1341439 -1.18733 0.5085653 0.4639856 0.552097 18.71709 nan 0 0.0 0.07826941903758389 1.1948837243879464 0.0 0.0
0.01535564 0.06993119 0.5837591 -0.6759557 0.5176569 0.4532604 0.635102 18.47433 1.108133 0 0.0 0.07159725563613245 0.8931353733870919 0.0 0.0
-0.04600524 0.003950642 -2.929128 -7.306029 0.2183741 0.197344 0.5171766 17.3719 1.258036 0 0.0 0.046174556626672275 7.871330928707355 0.0 0.0
-0.01318656 0.06695772 -1.451142 -2.658294 0.1760365 0.1531271 0.25081 17.29319 1.337545 0 0.0 0.06824383951853823 3.028587144957199 0.0 0.0
-0.03273615 0.05048943 -3.386654 -7.031003 0.5396187 0.5024859 0.7354524 18.3775 1.371054 0 0.0 0.06017339992511143 7.804128939332371 0.0 0.0
0.04796653 0.03413991 -1.384815 -3.323437 0.6335811 0.5643104 0.4223849 18.71417 1.179668 0 0.0 0.05887547413863433 3.6004091541370684 0.0 0.0
0.05659781 0.05433275 -3.377078 -7.456068 0.3901255 0.3535076 0.4986899 18.27436 0.9707966 0 0.0 0.07845610122456123 8.185206523888569 0.0 0.0
0.009832434 0.0009092122 3.39824 -4.876975 0.1136687 0.08691154 -0.1594205 15.74356 1.360865 0 0.0 0.009874382268728754 5.9441500862802075 1.0 0.0
-0.04494312 -0.0483678 -5.656779 -4.57908 0.1525633 0.1358635 0.3286847 16.93144 1.018927 1 0.0 0.0660252081569941 7.27785148936422 0.0 0.0
0.07562864 0.02140856 -0.09379027 -10.2447 1.260759 1.273744 0.8644518 19.21863 1.299528 0 0.0 0.07860036659916543 10.245129316155394 0.0 0.0
-0.0133049 0.0008738189 3.446793 -5.608223 0.615295 0.5615649 0.3958095 18.82559 nan 0 0.0 0.013333563795174837 6.58274617485575 0.0 1.0
0.03427254 0.06266675 -3.573966 -8.698956 0.9581549 0.9548019 0.5680087 19.73273 nan 0 0.0 0.07142638555613814 9.40452382947122 0.0 0.0
-0.01617351 0.06665242 -2.500042 -7.769481 1.951851 2.141199 0.8729385 19.83367 1.05002 0 0.0 0.06858664241363985 8.161804029203653 0.0 0.0
-0.00883993 -0.01613578 3.531779 -4.36613 0.09920115 0.0846723 0.1384534 15.86372 1.34612 1 0.9997204 0.01839858034233348 5.61574163238846 1.0 1.0
0.06368326 0.02733119 -2.610081 -6.085301 1.234565 1.279515 0.7797152 19.42061 1.246904 0 0.0 0.06930044408980147 6.621435727027938 0.0 0.0
-0.07406169 0.01321872 -3.528401 -7.175162 0.1653601 0.148975 0.344829 16.94917 1.173178 1 0.0 0.07523209743250882 7.995784098075998 0.0 0.0
-0.02142287 0.05883013 -5.113228 -2.985245 0.1639117 0.1498974 0.3492614 16.90118 1.549238 1 0.0 0.06260929287936257 5.92087732435059 0.0 0.0
-0.01237141 0.05109052 1.511138 -10.76882 1.825449 1.999894 0.882368 19.54826 nan 0 0.0 0.05256703357864604 10.874328588351743 0.0 0.0
0.01079926 0.05351958 2.003977 -5.443986 2.428347 2.620523 0.1565574 20.20743 nan 0 0.0 0.0545982550996275 5.801112598866273 1.0 0.0
0.01658833 -0.02815806 1.060084 -5.333026 1.580221 1.655629 0.8429167 19.71738 0.982029 0 0.0 0.03268101949377497 5.437365575693067 1.0 1.0
