jas1101finalproject/data/gcs/NGC_6144.ecsv
# %ECSV 0.9
# ---
# datatype:
# - {name: x, unit: deg, datatype: float64}
# - {name: y, unit: deg, datatype: float64}
# - {name: pmx, unit: mas / yr, datatype: float64}
# - {name: pmy, unit: mas / yr, datatype: float64}
# - {name: pmx_e, unit: mas / yr, datatype: float64}
# - {name: pmy_e, unit: mas / yr, datatype: float64}
# - {name: pm_corr, datatype: float64}
# - {name: g_mag, unit: mag, datatype: float64}
# - {name: bp_rp, unit: mag, datatype: float64}
# - {name: filter, datatype: int64}
# - {name: memberprob, datatype: float64}
# - {name: r, unit: deg, datatype: float64}
# - {name: pm, unit: mas / yr, datatype: float64}
# - {name: member_prob_GMM, datatype: float64}
# - {name: member_prob_DB, datatype: float64}
# meta: !!omap
# - comments: [deg deg mas/yr mas/yr mas/yr mas/yr dimless mag   mag   zeroone float]
# - __serialized_columns__:
#     bp_rp:
#       __class__: astropy.units.quantity.Quantity
#       unit: &id001 !astropy.units.Unit {unit: mag}
#       value: !astropy.table.SerializedColumn {name: bp_rp}
#     g_mag:
#       __class__: astropy.units.quantity.Quantity
#       unit: *id001
#       value: !astropy.table.SerializedColumn {name: g_mag}
#     pm:
#       __class__: astropy.units.quantity.Quantity
#       unit: !astropy.units.Unit {unit: mas / yr}
#       value: !astropy.table.SerializedColumn {name: pm}
#     pmx:
#       __class__: astropy.units.quantity.Quantity
#       unit: !astropy.units.Unit {unit: mas / yr}
#       value: !astropy.table.SerializedColumn {name: pmx}
#     pmx_e:
#       __class__: astropy.units.quantity.Quantity
#       unit: !astropy.units.Unit {unit: mas / yr}
#       value: !astropy.table.SerializedColumn {name: pmx_e}
#     pmy:
#       __class__: astropy.units.quantity.Quantity
#       unit: !astropy.units.Unit {unit: mas / yr}
#       value: !astropy.table.SerializedColumn {name: pmy}
#     pmy_e:
#       __class__: astropy.units.quantity.Quantity
#       unit: !astropy.units.Unit {unit: mas / yr}
#       value: !astropy.table.SerializedColumn {name: pmy_e}
#     r:
#       __class__: astropy.units.quantity.Quantity
#       unit: &id002 !astropy.units.Unit {unit: deg}
#       value: !astropy.table.SerializedColumn {name: r}
#     x:
#       __class__: astropy.units.quantity.Quantity
#       unit: *id002
#       value: !astropy.table.SerializedColumn {name: x}
#     y:
#       __class__: astropy.units.quantity.Quantity
#       unit: *id002
#       value: !astropy.table.SerializedColumn {name: y}
# schema: astropy-2.0
x y pmx pmy pmx_e pmy_e pm_corr g_mag bp_rp filter memberprob r pm member_prob_GMM member_prob_DB
[from data line 2032]
0.01574729 -0.0001638983 1.314443 -3.884346 1.317074 0.8978173 -0.01471151 19.78122 nan 0 0.0 0.01574814290628717 4.1007199670259125 0.0 0.0
-0.01407352 -0.01980938 -3.069942 -2.403602 1.479312 1.08792 -0.1671898 19.95156 nan 0 0.0 0.024299701668432063 3.8989545339447087 0.0 0.0
0.002845225 0.03033944 0.1312337 -5.509352 1.250669 0.9448892 -0.4388051 19.46465 nan 0 0.0 0.030472560194611562 5.510914782857714 0.0 0.0
-0.06014827 0.02804478 -1.272648 -3.546304 1.479573 1.115431 0.03729257 20.0115 1.429546 0 0.0 0.06636508170145879 3.767745346002036 0.0 0.0
0.01688401 -0.00959971 -20.6651 7.963754 2.662456 1.961645 -0.3081165 19.82128 1.256832 0 0.0 0.019422261087839388 22.146506175523847 0.0 0.0
0.009250866 0.037526 -0.3738145 -3.679233 1.145161 0.7724348 0.2061087 19.7594 1.304605 0 0.0 0.03864943981159307 3.6981742453133886 0.0 0.0
-0.08251776 -0.03019636 -2.780997 -14.92911 0.6997529 0.5129137 0.1601269 19.14542 1.074274 0 0.0 0.0878692259705706 15.185923406434954 0.0 0.0
0.02637866 0.0208608 -1.717439 -2.616506 0.06899809 0.04683374 -0.02489079 13.83121 1.890159 1 0.9999016 0.0336304427570557 3.129808359429855 0.0 0.0
-0.01665064 -0.02168845 -1.052278 -2.781974 0.8269641 0.6023758 0.1090197 19.34453 1.309576 0 0.0 0.02734287248648357 2.9743349384290934 0.0 0.0
-0.03690763 0.004937327 -1.787752 -3.003556 1.590307 1.156089 0.1335282 20.22786 1.331694 0 0.0 0.03723641161715007 3.4953405926518806 0.0 0.0
0.03703517 0.06608115 -1.882367 -2.727812 0.09095374 0.06441544 -0.05734219 15.17738 1.695483 1 0.9874849 0.07575171418688424 3.3142516244294127 0.0 0.0
0.02645589 -0.001602057 -0.4296954 -13.0757 1.517357 1.074118 -0.1158743 19.99889 1.020767 0 0.0 0.02650435251658393 13.082758448690441 0.0 0.0
-0.01998857 0.01688143 -1.414893 -2.468557 1.847663 1.337601 0.0404955 20.27492 1.129549 0 0.0 0.026163440322132716 2.845293634003 0.0 1.0
-0.06722308 0.04823023 -1.298838 3.836483 3.342754 2.273558 -0.3194122 20.64476 nan 0 0.0 0.08273510482581926 4.050380470959857 0.0 0.0
-0.03691609 0.03182713 1.037342 -3.141294 3.086901 1.971611 -0.2346424 20.3028 1.296848 0 0.0 0.04874180859308567 3.3081424424289834 0.0 0.0
0.0121175 0.03700885 -1.841886 -2.615734 0.09141354 0.0676097 0.03012784 15.15327 1.719258 1 0.9996472 0.038942120956266625 3.1991574509161 0.0 0.0
0.02773327 0.007703602 -3.701092 -2.283504 1.277729 0.9281273 0.20158 19.85062 1.214693 0 0.0 0.02878332414206712 4.348847262261575 0.0 0.0
0.002804753 0.05860634 -1.629929 -4.826006 0.6360589 0.461056 0.1840561 18.98702 1.449942 0 0.0 0.05867341585067814 5.093820025980207 0.0 0.0
-0.06393957 -0.06164647 -7.905347 -2.122377 0.3392638 0.2354394 0.1406055 17.52727 1.364105 1 0.0 0.08881754260981217 8.185291401076567 0.0 0.0
0.01829648 -0.007885215 0.9161346 -3.034048 1.230147 0.9050383 0.05428283 19.78623 1.266878 0 0.0 0.01992329781905157 3.1693453380187457 0.0 0.0
-0.01695777 0.01656338 -4.382885 -2.913003 1.431524 1.034482 0.2584689 19.89618 nan 0 0.0 0.023704672965415487 5.262629323943878 0.0 0.0
0.03362375 -0.06096248 1.181074 -1.788034 1.664535 1.072126 0.4271667 19.88099 1.489126 0 0.0 0.06962025949257084 2.1428955594316768 0.0 0.0
0.01866122 0.04408997 -6.9637 -5.090601 3.282933 2.561175 -0.2442936 20.7954 nan 0 0.0 0.04787657659533835 8.625968712625905 0.0 0.0
0.003409284 0.09003177 -0.8277207 -2.37863 1.308655 0.9277985 0.2249684 19.90436 1.517736 0 0.0 0.09009629751951828 2.5185317615842147 0.0 0.0
0.04108575 -0.04201917 -1.918422 -2.608458 1.133277 0.8043027 -0.003596047 19.66156 1.154425 0 0.0 0.05876775902271074 3.2379617211832508 0.0 0.0
0.002076684 0.00314639 -0.8126346 -3.377432 0.3349535 0.2338168 0.2052303 16.61942 0.7524939 0 0.0 0.0037699318916866393 3.4738194984398887 0.0 0.0
0.00313218 -0.009691997 -2.658543 -0.8297484 1.684646 1.385046 0.08110827 20.15364 nan 0 0.0 0.010185546494931384 2.7850194416110563 0.0 0.0
-0.03149836 -0.01958769 -0.787967 -2.671503 0.2100139 0.1391164 0.2040513 16.89575 1.739827 0 0.0 0.03709210538949899 2.785286389601256 0.0 0.0
-0.03346713 -0.03851867 -7.25419 -1.501931 0.9437442 0.6715615 0.1880471 19.533 1.398184 0 0.0 0.051026823622539935 7.408040853347193 0.0 0.0
-0.08616617 0.009861069 -1.994786 -2.312963 1.265476 0.9594567 0.2172412 20.06351 1.244284 0 0.0 0.08672859698099387 3.0543361021938957 0.0 0.0
0.03693785 -0.02522549 -1.631678 -6.658529 2.48288 1.750927 -0.4494233 20.24762 1.14467 0 0.0 0.044729521664808806 6.855536561023142 0.0 0.0
-0.02981213 -0.01944229 -1.061821 -3.393076 1.225746 0.8752629 0.1865581 19.72924 1.30368 0 0.0 0.0355916526109845 3.555338039879893 0.0 0.0
0.0208212 0.002862273 -2.475134 -1.60731 0.9732115 0.6875649 0.0915246 19.14261 1.094666 0 0.0 0.021017016347867484 2.951225805331744 0.0 0.0
0.01365001 0.005197921 -5.372926 2.607983 3.755195 2.383112 -0.009922792 20.40671 nan 0 0.0 0.01460620264553183 5.972429081183384 0.0 0.0
-0.0303811 0.007142186 -1.679573 -2.477721 0.1111019 0.08277996 -0.01029858 15.70156 1.633186 1 0.9991158 0.03120932645970746 2.9933370702562048 0.0 0.0
0.0002118733 0.02942967 -1.484609 -2.641209 0.1446842 0.1018764 0.02666265 16.36095 1.562814 1 0.9987487 0.02943043266083856 3.0298595453522266 0.0 0.0
-4.870507e-05 0.001630066 -2.317513 -3.401411 0.3307836 0.2556267 0.207497 17.78927 1.174789 0 0.0 0.0016307934719637875 4.115879407379424 0.0 0.0
-0.01436645 0.02127106 -2.751475 -3.127959 0.6733887 0.4819801 0.1675848 19.11366 nan 0 0.0 0.025668129638251793 4.165902324983868 0.0 0.0
-0.08749129 -0.03365417 -6.920792 -7.583734 2.257454 1.696422 -0.3390786 20.32035 1.400486 0 0.0 0.0937407541267564 10.266955892085052 0.0 0.0
-0.05962365 0.04829919 1.380529 -19.22196 1.357692 1.137747 -0.1335957 19.27234 1.385305 0 0.0 0.07673194506839116 19.271471312835484 0.0 0.0
0.04109215 -0.02375822 -0.8127759 -0.7598485 3.351436 1.887429 -0.2298668 20.23363 1.326202 0 0.0 0.047465964745182415 1.112642982529913 0.0 0.0
-0.08134103 -0.007288278 10.97539 -2.926496 4.53989 3.418116 -0.3750812 20.82712 nan 0 0.0 0.08166689756361621 11.3588540130647 0.0 0.0
-0.01170174 -0.02017533 0.1330679 -3.306311 0.8863395 0.6055692 0.1863508 19.26626 1.194643 0 0.0 0.02332326434349403 3.30898768428222 0.0 0.0
0.001459974 0.03041576 -6.503596 -5.009028 0.1273718 0.08909313 0.006890169 16.09064 1.776793 1 0.0 0.030450779636296277 8.208965978489617 0.0 0.0
0.04849614 -0.05420423 -1.142592 -4.16572 3.683953 2.591719 -0.3664814 20.5772 1.2015 0 0.0 0.07273220844160103 4.319576321453761 0.0 0.0
-0.008918906 -0.01772414 -0.653841 -5.770675 1.559363 1.18551 0.1788232 20.15001 nan 0 0.0 0.019841673895526962 5.807598299547412 1.0 0.0
0.06471559 -0.04357478 -1.947874 -3.783047 0.8109551 0.5758875 0.1165912 19.39639 1.222706 0 0.0 0.0780183891213892 4.255074350006707 0.0 0.0
-0.04897723 0.07723857 -1.516441 -13.69545 0.7725987 0.5807758 0.1384373 19.24705 1.506428 0 0.0 0.09145799994597412 13.779148885507443 0.0 0.0
-0.0374951 -0.04472068 -4.767609 0.2435566 2.176512 1.603501 0.06698662 20.52659 1.167425 0 0.0 0.05835941863720372 4.773826074993156 0.0 0.0
0.01382976 0.0178112 -11.00925 -9.127024 3.306167 2.078232 -0.330168 20.43805 nan 0 0.0 0.022549969115224968 14.300564767136857 0.0 0.0
-0.01129419 0.01857822 -0.3557958 -1.732684 1.1689 0.816286 0.2050452 19.83431 1.159351 0 0.0 0.021741871725417295 1.768837045958061 0.0 0.0
0.09408366 -0.01619749 -0.7665188 -4.662352 0.9910219 0.7118212 0.1536037 19.5481 1.435585 0 0.0 0.09546776294276356 4.724942035904508 0.0 0.0
0.03425512 -0.01079368 0.7308451 -0.02547458 4.461901 2.381103 -0.1506072 20.58686 1.374521 0 0.0 0.03591541137390466 0.7312889404470619 0.0 0.0
0.007956773 -0.03282264 -6.649353 -2.920808 1.829041 1.285658 0.1711184 20.08217 1.102032 0 0.0 0.03377330207639059 7.262576312265021 0.0 0.0
-0.003683192 0.02725524 -1.716935 -3.318716 0.3803377 0.2821564 0.1411893 18.21571 1.453371 0 0.0 0.02750298185227311 3.736541406552455 0.0 0.0
0.01777579 -0.005775608 -0.806749 -8.373547 2.925913 2.130671 -0.6400403 19.98342 nan 0 0.0 0.018690541936866464 8.412320328554424 0.0 0.0
-0.01277519 0.01759579 -2.844223 -3.444541 1.316833 0.8974376 0.2478924 19.91258 1.217566 0 0.0 0.021744362608736086 4.467042329596844 0.0 0.0
-0.009752974 -0.04447477 -5.054477 -1.875599 1.117992 0.7187275 0.352315 19.4957 nan 0 0.0 0.04553158978552776 5.391253041022096 0.0 0.0
0.0175457 0.01428592 -6.223 0.3399518 0.6290197 0.4676593 0.03709044 18.79604 1.955744 0 0.0 0.022626071217434103 6.232278574191244 0.0 0.0
-0.02428393 -0.03514994 -1.829362 -1.082149 1.834705 1.301166 -0.01881729 20.34537 1.278435 0 0.0 0.0427226817773475 2.1254674274721315 0.0 0.0
-0.04644712 -0.006042853 -5.193475 -3.935818 1.564147 1.150932 0.2142845 20.04271 1.181026 0 0.0 0.04683856347790792 6.516352193117634 0.0 0.0
-0.01334985 0.005983784 -5.99494 -5.666106 3.177573 2.172337 -0.4191962 20.48502 nan 0 0.0 0.014629564791242288 8.248882518670998 0.0 0.0
-0.00429937 4.926127e-06 -5.579492 -2.201068 2.446209 1.82339 -0.1777388 19.82766 nan 0 0.0 0.004299372822125016 5.9979522604542295 0.0 0.0
0.01504529 -0.02119042 -0.8452858 -3.545933 1.495204 0.9409511 0.2170107 19.66318 1.157837 0 0.0 0.025988356064986104 3.6452913359799703 0.0 0.0
0.01543112 -0.006271187 -1.44835 -1.853574 1.476241 0.9094872 0.2555258 19.82057 1.117411 0 0.0 0.016656747907180712 2.352329546635845 0.0 0.0
-0.01455837 0.02060728 -1.82917 -2.792645 0.1389867 0.09955944 0.05195018 16.34232 1.572506 1 0.9991322 0.025231054794742528 3.3383722058699505 0.0 1.0
-0.006744054 0.06938269 -1.459431 -3.280559 0.7827634 0.5843817 0.09516061 19.41739 1.419926 0 0.0 0.0697096832297423 3.5905439972575186 0.0 0.0
-0.01030454 -0.006901957 0.07513835 -1.133573 0.2295318 0.1395696 0.2961231 16.70828 nan 0 0.0 0.012402441495183478 1.1360605256630134 0.0 0.0
-0.01208317 -0.04378071 -4.116195 -3.82464 1.303785 0.8086723 0.4162488 19.61779 1.299112 0 0.0 0.0454175468883228 5.618801687871267 0.0 0.0
-0.0290371 0.00649212 -1.939591 -3.027766 0.9864668 0.7466433 0.1072039 19.5544 nan 0 0.0 0.029754004747334434 3.5957447348271265 0.0 0.0
0.02885379 -0.008240196 -0.2614977 -3.382584 2.954468 2.101306 -0.6665952 20.26501 0.9974556 0 0.0 0.030007366220355228 3.392676755035954 0.0 0.0
0.0157601 -0.006914007 -6.292228 -4.81697 1.534668 1.078903 0.03267094 19.80073 1.268385 0 0.0 0.017210004207031705 7.924350647522105 0.0 0.0
-0.007950769 0.05993934 -0.9513041 -2.147209 0.9218146 0.6614925 0.1814821 19.4314 1.187193 0 0.0 0.06046436311850941 2.3485071812446754 0.0 0.0
0.0373827 -0.005854602 1.300733 -0.5337498 3.679872 1.873141 -0.2849656 20.40985 1.518969 0 0.0 0.03783837501622399 1.4059854858031215 0.0 0.0
0.06283607 -0.02117767 2.478645 -4.772147 2.546107 1.741493 -0.3798433 20.52801 1.497618 0 0.0 0.06630886365844162 5.377459253740004 0.0 0.0
-0.006026236 -0.01602069 2.901012 -3.386583 1.747154 1.349658 0.05051125 20.08886 nan 0 0.0 0.017116600959413527 4.459239289389279 0.0 0.0
0.08792786 -0.01625185 6.645804 10.56032 2.800302 2.127169 -0.3644154 20.66096 nan 0 0.0 0.08941717504261751 12.477462454714741 0.0 0.0
0.01369191 0.01175538 -1.31753 -2.589217 0.265408 0.1897309 0.1665226 17.39882 1.379202 0 0.0 0.018045979008978703 2.9051557572682745 0.0 1.0
0.01747881 -0.06637774 -1.812837 -2.771322 1.667789 1.165049 0.1252115 20.09376 nan 0 0.0 0.0686404630412973 3.311586268882784 0.0 0.0
0.0018849 0.01480983 -4.606142 -3.822551 2.356508 1.656918 -0.1105335 20.2342 nan 0 0.0 0.014929297124744353 5.98568628243788 0.0 0.0
0.01673371 -0.005983356 -2.563 -1.136749 1.321604 0.9583022 -0.001346645 19.90491 nan 0 0.0 0.017771257676001323 2.803777325145669 0.0 0.0
0.08578793 -0.01786579 -1.454142 -1.862393 1.471946 1.031282 0.04376218 20.11465 1.331909 0 0.0 0.08762850783853962 2.3628450314426037 0.0 0.0
0.04898304 -0.004136535 -4.761285 -2.395027 3.07977 2.258563 -0.4157333 20.61174 nan 0 0.0 0.04915739140198374 5.329726933150891 0.0 0.0
0.01088163 0.02174255 -7.033662 0.7992927 3.266866 2.438053 -0.3266827 20.66731 nan 0 0.0 0.02431354256292982 7.0789314130394905 0.0 0.0
-0.009920665 -0.006524269 -1.505317 -0.7111138 1.165729 0.7721876 -0.1562512 18.18382 nan 0 0.0 0.011873739092071461 1.6648309544934103 0.0 0.0
0.0974279 -0.0008613199 -5.158623 -1.610053 0.08888363 0.0600176 0.02595451 14.90726 1.774722 1 0.0 0.09743170721269404 5.404041258071408 0.0 0.0
-0.009662753 0.02505191 3.993799 0.6158705 1.278964 0.9138398 0.148172 19.60424 1.151173 0 0.0 0.026850828482322644 4.041005682397793 0.0 0.0
-0.01019726 0.02078131 2.037567 -1.804466 1.696867 1.172496 0.2461356 20.05569 nan 0 0.0 0.023148368340418727 2.721723135193034 0.0 0.0
-0.01246721 -0.04143853 -4.578549 1.946322 2.942913 2.3579 -0.4147039 20.51423 1.092257 0 0.0 0.04327335316040346 4.975065856155575 0.0 0.0
0.0006642147 -0.0168922 -7.256787 -3.189493 1.900268 1.367442 0.2842402 20.24781 nan 0 0.0 0.01690525368066673 7.926778864104763 0.0 0.0
0.05329359 -0.05301803 3.532043 -1.600871 2.762632 2.097053 -0.6354266 20.07132 1.524677 0 0.0 0.07517391994680735 3.8779009415520145 0.0 0.0
0.005478603 0.03093635 -0.3397737 -3.257022 2.297507 1.472428 0.6432139 19.76514 1.199003 0 0.0 0.03141771541907701 3.274696699802241 0.0 0.0
-0.08558252 -0.03827809 4.807996 -2.786252 0.6555066 0.4771713 0.2332635 19.13398 1.659788 0 0.0 0.09375275944524779 5.556979912103336 0.0 0.0
0.05354119 -0.02107197 0.1976674 -3.818181 0.7589272 0.5537671 0.1831368 19.24398 1.399376 0 0.0 0.05753856920620289 3.823294201311712 0.0 0.0
-0.02610309 0.008640484 0.2194878 -2.941789 1.070336 0.6876866 0.3511786 19.29284 1.161037 0 0.0 0.027495986458069766 2.949965663337429 0.0 0.0
0.002269148 0.02867815 -2.178151 -0.3836253 0.8228772 0.5883905 0.0527251 19.37062 1.404982 0 0.0 0.028767782675562674 2.211675869019032 0.0 0.0
-0.02776197 0.007085614 6.181592 2.636344 3.291597 3.019959 -0.5232407 20.67567 nan 0 0.0 0.028651926707254714 6.720296819397191 0.0 0.0
-0.01101634 -0.0194066 1.006393 -3.781076 1.194451 0.8157048 0.09247135 19.72544 1.104073 0 0.0 0.022315372964743386 3.9127180563164785 0.0 0.0
0.005928982 -0.0132207 5.087402 -5.441169 2.423285 1.653061 -0.2052216 20.24214 nan 0 0.0 0.014489297293047858 7.4490253856571735 0.0 0.0
-0.08567317 -0.008008524 3.162808 1.733131 4.085342 2.2108 0.05140579 20.67992 1.4228 0 0.0 0.0860466647494688 3.6065353884337528 0.0 0.0
0.06390367 0.00081921 -5.837533 -5.084523 3.695222 2.732442 -0.3885577 20.79708 nan 0 0.0 0.06390892069572916 7.741393005371707 0.0 0.0
-0.0176281 0.005618915 -4.821919 -4.281787 2.604122 1.958325 -0.2687954 20.40376 nan 0 0.0 0.018501948961858722 6.448612467494849 0.0 0.0
0.06544405 -0.01543225 -1.702434 -5.974199 2.049338 1.385673 -0.342636 20.19857 1.293642 0 0.0 0.06723896207159209 6.2120314886482175 0.0 0.0
0.005244321 0.005850911 -0.7699019 -5.308943 1.587626 1.158872 0.1450264 19.72838 1.231628 0 0.0 0.007857229936877373 5.364478046639078 0.0 0.0
-0.03826357 4.263595e-05 -4.889988 -4.283589 1.139279 0.8071619 0.2388724 19.73971 1.38652 0 0.0 0.03826359375397366 6.5008551253712 0.0 0.0
-0.01022388 0.01154593 -1.177382 -2.371361 0.8692833 0.623975 0.1715033 19.37983 nan 0 0.0 0.015421939625718289 2.6475613999008596 0.0 0.0
0.06260086 0.0004842188 -1.285688 -6.42012 4.035087 3.306606 -0.3216344 20.91416 nan 0 0.0 0.0626027326926379 6.5475899724817825 0.0 0.0
-0.01451676 0.01687651 -3.408715 -3.380613 0.885423 0.6358216 0.154724 19.45774 1.262758 0 0.0 0.022261017736790473 4.8008209930171315 0.0 0.0
0.022763 0.04616444 -3.95369 -2.483862 1.359656 0.9852247 0.04979518 19.96648 1.250223 0 0.0 0.05147144538007069 4.669179269544488 0.0 0.0
-0.00246196 -0.001177577 -1.337823 -2.206454 0.2039116 0.138007 0.1485877 16.86623 1.461135 0 0.0 0.0027290904405184156 2.580350680323316 0.0 0.0
-0.02146168 -0.02670556 -3.022308 -3.570587 1.370202 0.9650817 0.4006286 19.86406 1.243837 0 0.0 0.034260628180697444 4.6779736180779175 0.0 0.0
