jas1101finalproject/data/gcs/NGC_5024_M_53.ecsv
# %ECSV 0.9
# ---
# datatype:
# - {name: x, unit: deg, datatype: float64}
# - {name: y, unit: deg, datatype: float64}
# - {name: pmx, unit: mas / yr, datatype: float64}
# - {name: pmy, unit: mas / yr, datatype: float64}
# - {name: pmx_e, unit: mas / yr, datatype: float64}
# - {name: pmy_e, unit: mas / yr, datatype: float64}
# - {name: pm_corr, datatype: float64}
# - {name: g_mag, unit: mag, datatype: float64}
# - {name: bp_rp, unit: mag, datatype: float64}
# - {name: filter, datatype: int64}
# - {name: memberprob, datatype: float64}
# - {name: r, unit: deg, datatype: float64}
# - {name: pm, unit: mas / yr, datatype: float64}
# - {name: member_prob_GMM, datatype: float64}
# meta: !!omap
# - comments: [deg deg mas/yr mas/yr mas/yr mas/yr dimless mag   mag   zeroone float]
# - __serialized_columns__:
#     bp_rp:
#       __class__: astropy.units.quantity.Quantity
#       unit: &id001 !astropy.units.Unit {unit: mag}
#       value: !astropy.table.SerializedColumn {name: bp_rp}
#     g_mag:
#       __class__: astropy.units.quantity.Quantity
#       unit: *id001
#       value: !astropy.table.SerializedColumn {name: g_mag}
#     pm:
#       __class__: astropy.units.quantity.Quantity
#       unit: !astropy.units.Unit {unit: mas / yr}
#       value: !astropy.table.SerializedColumn {name: pm}
#     pmx:
#       __class__: astropy.units.quantity.Quantity
#       unit: !astropy.units.Unit {unit: mas / yr}
#       value: !astropy.table.SerializedColumn {name: pmx}
#     pmx_e:
#       __class__: astropy.units.quantity.Quantity
#       unit: !astropy.units.Unit {unit: mas / yr}
#       value: !astropy.table.SerializedColumn {name: pmx_e}
#     pmy:
#       __class__: astropy.units.quantity.Quantity
#       unit: !astropy.units.Unit {unit: mas / yr}
#       value: !astropy.table.SerializedColumn {name: pmy}
#     pmy_e:
#       __class__: astropy.units.quantity.Quantity
#       unit: !astropy.units.Unit {unit: mas / yr}
#       value: !astropy.table.SerializedColumn {name: pmy_e}
#     r:
#       __class__: astropy.units.quantity.Quantity
#       unit: &id002 !astropy.units.Unit {unit: deg}
#       value: !astropy.table.SerializedColumn {name: r}
#     x:
#       __class__: astropy.units.quantity.Quantity
#       unit: *id002
#       value: !astropy.table.SerializedColumn {name: x}
#     y:
#       __class__: astropy.units.quantity.Quantity
#       unit: *id002
#       value: !astropy.table.SerializedColumn {name: y}
# schema: astropy-2.0
x y pmx pmy pmx_e pmy_e pm_corr g_mag bp_rp filter memberprob r pm member_prob_GMM
[from data line 6164]
0.0393435 -0.06353661 -2.631296 0.2647588 1.721558 0.943149 -0.3308948 20.42941 0.8759518 0 0.0 0.07473159842089623 2.6445823605615764 0.0
0.01562677 -0.02133645 1.762749 0.6845957 2.325265 1.082379 0.01032968 20.34702 0.4805222 0 0.0 0.02644692872972966 1.8910196480892232 1.0
0.06967944 -0.05086235 -0.2307569 -1.485738 2.156435 1.356322 -0.6266874 20.38896 nan 0 0.0 0.08626820391219525 1.503551180220218 1.0
0.001054713 -0.06850586 1.309312 -1.772162 2.14788 1.022792 -0.2728404 20.54013 0.3649864 0 0.0 0.06851397867480745 2.2033737920716043 1.0
-0.01638955 -0.02846414 -5.460374 -1.070411 2.953462 1.241315 -0.5268131 20.63191 nan 0 0.0 0.03284546567095829 5.564302645327355 0.0
0.004754335 -0.1115165 -2.381218 -2.913249 2.033394 1.357012 -0.585115 20.49882 0.6698437 0 0.0 0.11161780088114183 3.7626079917425628 0.0
0.02559141 -0.04349866 -2.607027 -0.884536 2.004997 0.9131678 -0.3183524 20.3539 0.3687878 0 0.0 0.050468343420244144 2.7529972237590434 0.0
0.02859581 -0.05913464 0.8277036 -2.396777 2.309655 1.041586 -0.2714273 20.57528 nan 0 0.0 0.06568581275652834 2.5356721470217636 0.0
0.01413416 -0.03209784 -4.574452 -3.45781 0.9853382 0.5066449 -0.3379437 19.14391 nan 0 0.0 0.035072008946896674 5.734288194397279 0.0
-0.01217185 -0.05617253 -4.284394 2.36098 2.648538 1.527859 -0.4122095 20.62988 0.2019234 0 0.0 0.05747614339030934 4.891856345768547 0.0
0.001228304 -0.003841039 5.936039 0.06241856 0.9228585 0.6489015 -0.4022481 16.28358 0.7060452 0 0.0 0.004032655615836418 5.936367162343775 0.0
0.004679714 -0.03343921 0.6903344 -0.7708067 1.669084 0.7675153 -0.1071276 19.96835 0.3880997 0 0.0 0.03376507794372606 1.0347485455840226 1.0
0.0452095 0.02287341 1.580953 -2.092262 1.43309 0.7159429 -0.6817545 19.17563 0.5059299 0 0.0 0.0506664758521658 2.6223982658728633 1.0
-0.01630264 -0.02938922 0.07986837 -0.8292074 0.2334478 0.1617013 -0.386322 17.0068 0.1673641 0 0.0 0.03360806931643054 0.8330449380082787 0.0
0.007144699 -0.0295386 1.288893 -1.660408 1.05524 0.494725 -0.1838756 19.25083 0.6901093 0 0.0 0.03039038686427998 2.1019514485146895 1.0
0.02890181 -0.0678607 -0.3658036 -1.03348 0.3213343 0.2141045 -0.3744754 17.94247 0.919508 1 0.9999051 0.07375899420251132 1.0963088908573897 0.0
-0.02545423 -0.04153221 -3.452148 2.028261 2.959669 1.561112 -0.3154013 20.86191 -0.09355545 0 0.0 0.04871182908059397 4.003894166686353 0.0
0.02636004 -0.04381326 -0.1413947 -2.052788 1.976292 0.91946 -0.3435138 20.33211 0.6669731 0 0.0 0.05113172655630944 2.0576518252931155 1.0
0.01535102 -0.01845447 -2.511851 -12.40481 2.516246 1.553621 -0.2359018 19.51248 0.5738335 0 0.0 0.02400460951611794 12.656567725189204 0.0
0.01839571 -0.01624356 -0.1374145 0.09727286 1.470374 0.8885029 -0.08908685 19.88164 nan 0 0.0 0.024540892157329977 0.1683590036286435 0.0
0.00521665 -0.04700426 -2.12841 -1.273279 1.703781 0.8270125 -0.3299276 20.14372 0.620285 0 0.0 0.047292852476564576 2.4801952624624133 0.0
-0.003064718 -0.08937984 -5.252647 2.60785 3.06803 2.290721 -0.6434517 20.79251 0.2258244 0 0.0 0.08943236715443198 5.8643995540130955 0.0
-0.01652019 -0.02988129 -0.2190719 -0.4849821 1.475049 1.030054 -0.6072123 19.87672 nan 0 0.0 0.034143933131673625 0.532165514375011 0.0
-0.01568059 -0.04584969 -5.390632 -3.135064 3.619766 2.50329 -0.2879888 20.86263 0.4190502 0 0.0 0.048456939398234804 6.235987463387014 0.0
0.06623415 -0.06740994 0.9455144 -1.065797 1.401819 0.9039467 -0.586968 19.95441 0.5597095 0 0.0 0.09450429956899369 1.4247528648212504 1.0
0.04644073 -0.02808108 -0.4438544 -3.360854 1.743482 1.152049 -0.654265 19.96534 0.5138474 0 0.0 0.054270511854038195 3.3900363328016647 0.0
0.08533389 -0.06419158 -0.4656275 -2.107883 1.404269 0.9203354 -0.6186513 19.90799 0.5305462 0 0.0 0.10678216951077787 2.158698615009805 0.0
0.01233741 -0.05113903 -1.337957 -1.570344 1.669072 0.7935033 -0.280132 20.15369 0.3849583 0 0.0 0.052606198064952384 2.0630339823146397 1.0
0.01359613 -0.01280124 -2.048993 -2.757061 1.924093 1.604687 0.252809 20.08653 nan 0 0.0 0.01867422010458536 3.435077535044879 0.0
-0.07121834 -0.1063865 -10.28936 -2.765649 1.403275 0.8038179 -0.4110437 20.21198 0.9537983 0 0.0 0.12802397952963968 10.65456444913639 0.0
0.06826458 -0.06718599 -2.170998 -0.7637175 2.996079 1.685037 -0.6516021 20.6249 0.3456802 0 0.0 0.09578105310997839 2.3014119005102605 0.0
0.002373828 -0.01493226 0.4449942 3.577739 2.155875 0.9527328 -0.678579 19.2752 nan 0 0.0 0.015119770106757045 3.6053066707500263 0.0
0.01074118 -0.03525284 3.262677 0.1158995 2.799091 1.258158 -0.4148634 20.60802 nan 0 0.0 0.03685289236760122 3.2647348897619923 1.0
-0.01924681 -0.03459216 -0.5811128 -0.4190448 1.568713 0.8742524 -0.3280785 20.35237 0.4482098 0 0.0 0.039586073670442486 0.7164430408140482 0.0
-0.04812164 -0.1000029 0.3228712 -1.665806 0.2099121 0.1750668 -0.2210223 17.21639 0.04209137 1 0.9994845 0.11097870176164254 1.6968074261463615 0.0
0.009073901 -0.04173982 -10.74047 -3.64156 2.620197 1.139517 -0.4029802 20.39844 0.2091026 0 0.0 0.0427147311005255 11.341016491236578 0.0
-0.004919358 -0.01601367 -13.08836 -0.009089243 2.012276 1.439471 -0.3797529 19.09942 nan 0 0.0 0.016752244924220276 13.088363156022922 0.0
0.08043304 -0.06699199 -1.654511 -0.1721751 2.77802 1.601487 -0.6773607 20.52077 0.4655151 0 0.0 0.10467760337245834 1.6634454948031843 0.0
-0.01488346 -0.05136581 -1.988434 1.179629 2.023494 1.242779 -0.2685475 20.6846 0.3816643 0 0.0 0.053478629549827655 2.31201088881454 1.0
0.05165946 -0.02328263 8.411906 -6.230401 2.394241 2.173848 -0.5935513 20.5801 0.4075546 0 0.0 0.0566637509101586 10.46795391533785 0.0
0.02395596 -0.06723584 2.49889 -2.259554 2.518209 1.082453 -0.1172788 20.3251 0.3511467 0 0.0 0.07137608983425192 3.3689813758784717 0.0
-0.0144195 -0.05285358 0.4322083 0.5414727 1.866761 1.027792 -0.2728914 20.52658 0.3638325 0 0.0 0.05478524344261326 0.6928179410452504 0.0
0.04245652 -0.1621265 -0.1075888 -1.337484 0.0513541 0.04408311 -0.3619946 14.27099 1.378131 1 0.9999868 0.16759343093558413 1.3418043076922357 0.0
-0.01769859 -0.06797091 -1.287725 -1.888955 0.522778 0.3240385 -0.3711606 18.80507 0.8368073 1 0.9884817 0.07023734543827947 2.2861291887489648 0.0
0.05115194 -0.02321221 5.988241 -3.096566 3.272721 3.299334 -0.6270553 20.78762 0.2849808 0 0.0 0.0561723033073035 6.741494735326655 0.0
-0.006906052 -0.02300213 -0.3411231 1.23742 1.072482 0.6487252 -0.356207 19.63187 0.7004967 0 0.0 0.02401648472952701 1.2835782896861454 1.0
0.01078471 -0.03575065 0.3923789 -0.8984101 1.839505 0.8343342 -0.2435482 20.19822 0.4407082 0 0.0 0.037341919409781286 0.9803580514012317 1.0
0.03324421 -0.02202445 -8.471989 -7.757677 3.630449 2.706084 -0.05616903 20.21011 nan 0 0.0 0.03987798761631033 11.487216810544233 0.0
-0.01752214 -0.04394979 -1.288599 -3.729188 2.886999 1.555336 -0.2010189 20.74787 0.5042191 0 0.0 0.04731394542017924 3.9455456558180897 0.0
0.009842479 -0.04166921 -2.769326 -0.8977752 1.952763 1.03491 -0.2123147 20.32669 0.3176193 0 0.0 0.042815855181107164 2.9112139742744847 0.0
0.05047232 -0.02975271 0.1961083 -3.057618 2.18641 1.570165 -0.569281 20.43319 nan 0 0.0 0.058589067568331384 3.063900504137315 0.0
0.02709134 0.009687975 1.030204 -1.144379 0.5521295 0.39008 -0.5894012 18.49017 0.8240929 0 0.0 0.028771471331793665 1.5397803665643357 1.0
0.01587335 -0.02224242 4.83764 -1.164565 2.94111 1.518413 -0.01582902 20.64659 nan 0 0.0 0.027325601323281067 4.975838864837265 0.0
0.03104418 -0.04428742 -0.1486515 -0.1308442 1.416318 0.7541114 -0.3116256 20.05013 0.7162018 0 0.0 0.05408434784786445 0.19803402012252844 0.0
0.007464153 -0.03990884 1.189071 -1.702166 1.793734 0.6948632 0.1016811 19.75815 nan 0 0.0 0.04060085085503762 2.0763571307934963 1.0
0.04466501 -0.001977572 -0.8886519 0.4271075 2.399406 2.094074 -0.6774296 20.42262 0.6077709 0 0.0 0.04470876770070144 0.9859629891278171 1.0
0.002824149 -0.06716689 6.45135 -2.519768 2.655888 1.305434 -0.1883139 20.67148 0.2710876 0 0.0 0.06722623691570355 6.925976291926214 0.0
-0.007370568 -0.03527018 7.179005 1.061676 2.240576 1.097386 -0.4157696 20.52823 0.5658169 0 0.0 0.036032081120510144 7.257084036925645 0.0
0.02530121 -0.04235239 1.714138 -1.700908 1.97858 0.8805514 -0.2727971 20.17308 0.5799465 0 0.0 0.049334330502969224 2.4148203054281283 1.0
-0.0004535322 -0.01248705 3.321337 1.930858 0.8055172 0.5255339 -0.3942262 18.28954 0.6615963 0 0.0 0.012495283476533729 3.841808439229239 0.0
-0.03081886 -0.03627851 -3.825666 2.251778 4.046991 2.359041 -0.6709861 20.74954 0.4771004 0 0.0 0.04760181109495415 4.439169348520059 0.0
0.05067309 -0.02201263 -1.644637 -1.973292 2.43898 2.115961 -0.5968195 20.42461 0.5249557 0 0.0 0.05524778664946678 2.5687958616894804 0.0
-0.01190865 -0.02456589 2.309629 -0.07198916 1.805489 0.9265128 -0.4577711 20.25842 0.5691185 0 0.0 0.027300162935678607 2.3107506479061097 1.0
0.002446525 -0.02929268 -1.240761 -1.5342 2.585262 1.184028 -0.2146698 20.60025 0.6459541 0 0.0 0.02939466934935695 1.9731339283284852 1.0
0.03280908 -0.02131881 0.1558428 -2.56197 2.363548 1.312509 0.1835271 19.62201 0.5031223 0 0.0 0.039127067233086864 2.566705526392118 1.0
0.004113919 -0.02231557 0.2014203 -1.263934 0.3147485 0.2078843 -0.3665126 17.97307 0.9472771 0 0.0 0.02269160624467693 1.279882531175455 1.0
-0.01737708 -0.04357788 2.291184 0.2676853 1.817332 1.052594 -0.360894 20.54388 0.5248852 0 0.0 0.046914758175022074 2.3067682028526595 1.0
0.01060092 -0.113887 -0.4024953 -1.63143 0.1850681 0.1241063 -0.3870251 17.06309 0.1499481 1 0.9990281 0.11437931750909515 1.6803470806419993 0.0
-0.03630315 -0.05014197 -3.126413 -0.1534028 2.875985 1.698737 -0.04296859 20.87011 0.5431881 0 0.0 0.06190424747465557 3.130174222885499 0.0
-6.206307e-05 -0.03186762 -1.446771 -2.057368 2.603257 1.146275 -0.3773025 20.59463 0.6699638 0 0.0 0.031867680434714066 2.515136062694223 1.0
0.04588479 -0.06460122 -0.9805998 -4.039874 2.110188 1.1388 -0.2830022 20.54148 -0.1354141 0 0.0 0.07923844760488749 4.157181485530316 0.0
0.04765438 -0.01199227 4.894753 -4.599008 2.830123 2.275683 -0.6656468 20.57455 -0.0747242 0 0.0 0.04914015133205534 6.71635924553422 0.0
0.02498922 0.009754419 -0.1809049 -0.1170694 0.4571008 0.3143021 -0.6723486 18.0937 0.8024616 0 0.0 0.026825543913142954 0.21548045679450842 0.0
-0.0004390509 -0.01959574 -0.5886434 -1.43953 0.2355412 0.1608262 -0.3682658 17.43773 0.8802986 0 0.0 0.019600657944068886 1.5552323534647676 1.0
-0.06388352 -0.1219704 -0.1375749 -1.384462 0.1887273 0.1315392 -0.3173331 16.97632 0.2074909 1 0.9999589 0.13768762690870376 1.3912806627542877 0.0
0.03023692 0.0115329 -0.9770384 1.198826 2.058979 1.607664 -0.6983528 20.09447 0.5866737 0 0.0 0.032361692067881746 1.54654059544215 1.0
-0.01499705 -0.02311988 2.389214 -0.7143153 2.085789 1.316274 -0.6930005 20.09782 0.4845333 0 0.0 0.027557945495208815 2.493710064464209 1.0
-0.01112611 -0.0319283 3.273156 -4.795257 1.789298 1.160869 -0.6751011 20.02405 nan 0 0.0 0.03381133929057085 5.805862545426391 0.0
0.02267779 -0.05293281 0.5478345 -0.8635302 1.814724 0.8413965 -0.3554573 20.23756 0.458725 0 0.0 0.057586148801427935 1.022647077785044 0.0
0.0206435 -0.01944575 5.675236 2.711002 1.811785 0.8557324 -0.2596935 20.00789 0.552063 0 0.0 0.02836002971282823 6.289502007289607 0.0
-0.01744871 -0.0347354 -4.357418 -1.55356 1.87869 0.9630278 -0.3980176 20.39157 nan 0 0.0 0.03887165411741698 4.626082608463018 0.0
-0.008094608 -0.01343482 1.225183 -6.918427 1.671734 1.161609 -0.4574195 19.3059 nan 0 0.0 0.015684931211390887 7.026073265901659 0.0
-0.0032243 -0.09061008 -2.010663 6.560209 3.587561 2.914752 -0.6124171 20.85726 0.431139 0 0.0 0.0906674291468353 6.861421705685347 0.0
-0.01116958 -0.0313065 -2.54017 -4.031714 1.083127 0.6588013 -0.4343597 19.60521 0.7028008 0 0.0 0.03323938115588797 4.765205284843036 0.0
0.003635533 -0.02768858 1.65487 -2.33157 1.611301 0.7397294 -0.2061415 20.03666 0.4763641 0 0.0 0.027926234307734527 2.8591630561757055 1.0
0.07943178 -0.06586711 0.6009686 0.4055468 2.133353 1.418333 -0.5798155 20.51611 0.5452881 0 0.0 0.10318858393117186 0.7250044587284964 0.0
0.1260269 -0.05931657 0.1229063 -0.02539183 2.155355 1.416776 -0.470435 20.44821 0.04870605 0 0.0 0.13928831609354353 0.12550180719989215 0.0
0.03966839 -0.02518358 -0.2706224 -1.230557 0.4454866 0.339843 -0.5522528 18.2229 0.9096546 0 0.0 0.04698716704386954 1.2599631001068086 1.0
0.00965425 -0.04694876 4.085689 -0.7837765 2.589463 1.181458 -0.2323231 20.64848 0.1270199 0 0.0 0.04793110272672745 4.1601875206140955 0.0
0.01501906 -0.0362081 -0.2564122 -0.803879 1.53477 0.7087824 -0.3193815 20.00517 0.4104977 0 0.0 0.03919947281397544 0.8437823552017665 0.0
0.002823516 -0.02791176 -2.728032 -2.410718 3.579135 1.695817 -0.1947216 20.24527 0.4496555 0 0.0 0.0280542080426423 3.640565872024293 0.0
0.05138195 -0.06585091 -0.1517486 -1.763143 1.947306 1.183047 -0.5962303 20.34863 0.6504574 0 0.0 0.08352512875554638 1.7696612320020348 0.0
0.003388849 -0.01848563 -1.120037 -0.8980312 0.4441821 0.3290511 -0.5356738 17.26775 0.2094383 0 0.0 0.01879369080414225 1.435598452751479 1.0
0.04172087 0.002214052 0.3617823 -5.009026 0.6026126 0.4785757 -0.5706058 17.46226 0.9213028 0 0.0 0.0417795765873184 5.022074063698114 0.0
0.02731043 -0.000747095 0.5786497 -1.76716 0.2725267 0.202409 -0.5027839 17.43764 0.9162006 0 0.0 0.02732064672960589 1.8594864723654458 1.0
0.03989163 0.01317706 4.456531 -10.14941 3.300209 2.268625 -0.6453389 20.6657 0.7627411 0 0.0 0.04201162998861744 11.084727867749438 0.0
0.00988556 -0.03417905 1.7173 -1.722393 2.103484 0.928092 -0.2429902 20.2752 nan 0 0.0 0.035579934730351884 2.4322329116367536 1.0
0.05727981 -0.09473584 -0.2925649 -0.8715821 1.198942 0.8009884 -0.2977644 20.04015 0.6463928 0 0.0 0.11070616972030828 0.9193745579209923 0.0
-0.03092492 -0.06202959 0.08750581 -1.136844 1.110036 0.6377175 -0.3725492 19.87148 0.5337105 0 0.0 0.06931104322237908 1.1402068001550227 1.0
-0.01963901 -0.04053732 1.172368 0.4312088 2.21343 1.262799 -0.2721778 20.72245 0.414217 0 0.0 0.04504403430602659 1.249154816914797 1.0
0.02640267 -0.03800157 -2.932625 -1.250722 1.753831 0.8861749 -0.3120605 20.32066 0.4495449 0 0.0 0.0462733217479986 3.1881961846644566 0.0
-0.004906984 -0.09190704 -0.909539 -0.05446003 1.752622 1.038533 -0.2896426 20.52681 0.3633976 0 0.0 0.09203794051117102 0.9111679797867136 0.0
-0.02985189 -0.06326002 0.6344664 -3.607748 2.022209 1.177465 -0.1729238 20.51318 nan 0 0.0 0.06994973528879506 3.6631125077224915 0.0
0.0509522 -0.1343228 0.6751714 -1.354326 1.078771 0.7001776 -0.243601 19.93997 0.5909424 0 0.0 0.1436618992101942 1.5132928776855985 0.0
-0.02053772 -0.0373653 -4.194381 -2.661364 1.773773 1.064008 -0.3573392 20.40847 nan 0 0.0 0.04263758420558557 4.9674631668143245 0.0
-0.01639516 -0.2444439 1.928249 0.337194 3.235219 1.573027 0.05942293 20.71037 1.358601 0 0.0 0.24499310504305136 1.9575096422845535 0.0
-0.06155768 -0.06766914 -0.6717685 -1.115756 2.506035 1.267312 -0.2169941 20.73674 0.3906765 0 0.0 0.09147928987110689 1.3023764314238222 1.0
0.01319121 -0.02673636 0.208406 -1.792366 1.28122 0.6387932 -0.2794512 19.75055 0.503788 0 0.0 0.02981343601991726 1.8044414478702266 1.0
0.04205161 -0.04679137 1.308462 -2.749008 1.337255 0.7616238 -0.3135302 20.09881 0.5461521 0 0.0 0.0629108115515052 3.044522588109341 0.0
0.008477935 -0.01279584 0.06509656 -1.494539 0.08084394 0.05735783 -0.4055288 15.41648 1.049444 0 0.0 0.015349557100119371 1.4959560102639493 1.0
0.01583011 -0.02511108 -2.403551 -1.890445 3.545151 1.848744 0.4422963 20.5705 0.5363617 0 0.0 0.029684317768453095 3.0579142740806193 1.0
0.09567477 -0.01107992 -9.769532 -2.69639 0.3423042 0.2516949 -0.5691789 17.8468 0.7306461 1 0.0 0.09631420581492275 10.13480510572966 0.0
0.05986507 -0.1041363 -0.628726 -1.328555 0.7282223 0.4666082 -0.3391571 19.33163 0.1807232 1 0.999519 0.12011742414735216 1.46981453629395 0.0
-0.06424379 -0.1152965 0.838185 -10.83273 1.067273 1.105049 -0.6102155 19.47848 0.8027935 1 0.0 0.13198692157109393 10.865108989196795 0.0
