jas1101finalproject/data/gcs/NGC_5986.ecsv
# %ECSV 0.9
# ---
# datatype:
# - {name: x, unit: deg, datatype: float64}
# - {name: y, unit: deg, datatype: float64}
# - {name: pmx, unit: mas / yr, datatype: float64}
# - {name: pmy, unit: mas / yr, datatype: float64}
# - {name: pmx_e, unit: mas / yr, datatype: float64}
# - {name: pmy_e, unit: mas / yr, datatype: float64}
# - {name: pm_corr, datatype: float64}
# - {name: g_mag, unit: mag, datatype: float64}
# - {name: bp_rp, unit: mag, datatype: float64}
# - {name: filter, datatype: int64}
# - {name: memberprob, datatype: float64}
# - {name: r, unit: deg, datatype: float64}
# - {name: pm, unit: mas / yr, datatype: float64}
# - {name: member_prob_GMM, datatype: float64}
# - {name: member_prob_DB, datatype: float64}
# meta: !!omap
# - comments: [deg deg mas/yr mas/yr mas/yr mas/yr dimless mag   mag   zeroone float]
# - __serialized_columns__:
#     bp_rp:
#       __class__: astropy.units.quantity.Quantity
#       unit: &id001 !astropy.units.Unit {unit: mag}
#       value: !astropy.table.SerializedColumn {name: bp_rp}
#     g_mag:
#       __class__: astropy.units.quantity.Quantity
#       unit: *id001
#       value: !astropy.table.SerializedColumn {name: g_mag}
#     pm:
#       __class__: astropy.units.quantity.Quantity
#       unit: !astropy.units.Unit {unit: mas / yr}
#       value: !astropy.table.SerializedColumn {name: pm}
#     pmx:
#       __class__: astropy.units.quantity.Quantity
#       unit: !astropy.units.Unit {unit: mas / yr}
#       value: !astropy.table.SerializedColumn {name: pmx}
#     pmx_e:
#       __class__: astropy.units.quantity.Quantity
#       unit: !astropy.units.Unit {unit: mas / yr}
#       value: !astropy.table.SerializedColumn {name: pmx_e}
#     pmy:
#       __class__: astropy.units.quantity.Quantity
#       unit: !astropy.units.Unit {unit: mas / yr}
#       value: !astropy.table.SerializedColumn {name: pmy}
#     pmy_e:
#       __class__: astropy.units.quantity.Quantity
#       unit: !astropy.units.Unit {unit: mas / yr}
#       value: !astropy.table.SerializedColumn {name: pmy_e}
#     r:
#       __class__: astropy.units.quantity.Quantity
#       unit: &id002 !astropy.units.Unit {unit: deg}
#       value: !astropy.table.SerializedColumn {name: r}
#     x:
#       __class__: astropy.units.quantity.Quantity
#       unit: *id002
#       value: !astropy.table.SerializedColumn {name: x}
#     y:
#       __class__: astropy.units.quantity.Quantity
#       unit: *id002
#       value: !astropy.table.SerializedColumn {name: y}
# schema: astropy-2.0
x y pmx pmy pmx_e pmy_e pm_corr g_mag bp_rp filter memberprob r pm member_prob_GMM member_prob_DB
[from data line 2125]
0.02530066 0.0172121 -2.558761 0.6368131 2.498933 2.27169 -0.5685278 20.2399 0.8982353 0 0.0 0.030600323247403777 2.6368141344153573 0.0 0.0
0.006870448 0.02125206 -3.985229 -6.091064 0.7989512 0.5068365 -0.3412063 19.05168 0.9677753 0 0.0 0.02233501981114644 7.278949844210839 1.0 0.0
0.1155224 0.06277287 -8.581017 -2.711018 1.1318 0.7355771 0.0816319 19.84104 1.788389 1 0.0003281104 0.13147569398864908 8.999081694851592 0.0 0.0
-0.05795194 0.03434078 -3.180281 -3.690041 3.333637 2.25119 -0.4837144 20.54221 -0.2206268 0 0.0 0.06736257507527456 4.871405322968106 0.0 0.0
0.03364488 -0.0414689 -0.8285636 -5.126626 1.888522 0.8167706 -0.2678894 19.60756 1.047714 1 0.7281227 0.053400820381567175 5.193150467983857 1.0 0.0
0.03440244 -0.09682047 -5.750511 -3.188059 0.2363158 0.1620277 -0.3693054 17.07162 1.415949 1 0.0 0.10275082135425731 6.575111934302107 0.0 0.0
-0.05686197 -0.01809521 -4.736407 -4.426393 1.333927 1.031472 -0.5926366 19.56949 1.121481 0 0.0 0.05967177102470648 6.482785378222697 1.0 0.0
-0.08508995 -0.0455195 -10.01805 -4.721472 1.101829 0.7791627 -0.3014423 19.25817 1.261992 1 3.854945e-05 0.09650038586064047 11.074909645197293 0.0 0.0
0.008535101 0.02141592 -3.98772 -3.383164 0.5859654 0.342088 -0.3088429 18.55268 1.112892 0 0.0 0.023054057745364506 5.229503747899603 0.0 0.0
0.03382556 -0.01538027 -3.900972 -3.052029 1.458907 1.020895 0.04513739 19.58417 0.9896183 0 0.0 0.037158057196071216 4.9530256976544145 1.0 0.0
-0.006942445 0.03469505 -4.161249 -4.57056 0.1426367 0.09298879 -0.2785048 16.3188 1.395661 1 0.9975817 0.03538282121426335 6.181101192635581 1.0 0.0
0.01725013 -0.005223632 -7.851483 -10.50916 1.408099 1.10792 0.1437797 19.28858 nan 0 0.0 0.018023687643995718 13.118240324254202 0.0 0.0
0.02265606 0.04667386 -2.760747 -2.954095 1.42254 0.9444616 -0.381839 19.89013 0.8753815 0 0.0 0.051882041806613585 4.043315627926417 0.0 0.0
0.009459782 -0.01090612 -4.594094 -4.421091 0.2790383 0.1895689 -0.2561273 16.39502 1.291202 0 0.0 0.014437137144944077 6.375872121609482 1.0 0.0
-0.041889 -0.0804326 -4.739278 -3.818699 0.8016392 0.5226912 -0.4682356 18.94698 1.29863 1 0.8118834 0.09068677667532352 6.08631399238365 0.0 0.0
-0.003431886 0.04082169 -4.216519 -4.369938 0.2802061 0.1724779 -0.2761392 17.54142 1.265457 1 0.990597 0.040965695599770986 6.072511062254642 1.0 0.0
0.04447147 -0.09541442 -2.578935 -4.381633 1.802573 1.252522 -0.4822522 20.0831 0.9013481 1 0.5274821 0.10526928891133112 5.084251516291656 0.0 0.0
-0.0990167 -0.08510672 -6.38187 -0.5834334 1.164788 0.8136091 -0.3177549 19.73902 1.276909 1 0.0001689563 0.13056592460534408 6.408483379797092 0.0 0.0
-0.03304524 -0.03115369 -5.849879 -1.486213 3.39832 2.658767 -0.674862 20.45175 nan 0 0.0 0.04541519885758181 6.0357197910448095 1.0 0.0
-0.01734718 0.004221536 -6.140194 -4.44341 0.6401912 0.5211405 -0.3261922 17.19415 1.344347 0 0.0 0.01785345961296286 7.579305692854459 0.0 0.0
-0.01830387 0.02027355 -2.903034 -3.839529 3.266824 1.753219 0.3135219 20.12903 nan 0 0.0 0.027313888162973064 4.813479962251531 0.0 0.0
0.03457516 0.01484705 -5.940955 -1.917966 1.4374 1.073083 -0.6013636 19.63136 1.302258 0 0.0 0.03762813552022077 6.242879134596552 1.0 0.0
0.03029301 -0.01532533 -4.633203 -3.42951 0.8312848 0.4853114 -0.2022998 18.96369 1.211683 0 0.0 0.03394896455665474 5.76438278389881 1.0 0.0
-0.06939299 0.03830584 -5.220592 -6.492693 0.4924793 0.3189287 -0.5127512 18.19229 1.311136 1 0.0 0.0792636388216293 8.33124499836087 0.0 0.0
0.07434699 -0.01613091 -5.175646 -1.893713 0.5045041 0.3453456 -0.2187456 18.48358 1.213091 1 0.0 0.07607681104967663 5.511212248107036 0.0 0.0
0.0834692 -0.0946662 -9.787656 -3.800257 1.239998 0.8663622 -0.3169686 19.77114 0.9387817 0 0.0 0.12620933709943968 10.499531572426696 0.0 0.0
-0.01768279 -0.004407389 -2.349478 -6.203893 0.5331972 0.3652611 -0.4176345 16.86358 nan 0 0.0 0.01822377951966663 6.6338778424035665 1.0 0.0
-0.01557781 0.02044584 5.104669 -2.009104 1.52107 0.987344 -0.04488993 18.93117 nan 0 0.0 0.025704095737872204 5.485813019268612 1.0 0.0
0.02919643 0.04722089 -4.175508 -4.521762 0.07085959 0.04530721 -0.2483072 14.76697 1.634044 1 0.9979733 0.05551796085175499 6.154770397237252 1.0 0.0
0.03980675 -0.01331187 -8.35516 -3.950699 0.9900776 0.6338106 -0.03891295 19.13086 1.431305 0 0.0 0.04197360156645365 9.242116706372032 0.0 0.0
-0.07467333 0.0221073 -4.151634 -3.904479 1.020005 0.683297 -0.4998447 19.34562 1.191317 1 0.8300345 0.07787707574491289 5.699212325523326 0.0 0.0
-0.04643897 -0.02841431 -0.135751 -1.688221 1.463947 1.260783 -0.6239212 19.55484 nan 0 0.0 0.0544421798556689 1.6936701210218004 0.0 0.0
0.01023954 0.047554 -2.055292 -3.053881 2.303792 1.438395 -0.2764851 20.43052 0.7791843 0 0.0 0.0486439214641624 3.6810887475616503 0.0 0.0
0.0239543 0.03132693 -1.519884 -7.336224 1.025616 0.664149 -0.2651127 18.84555 1.131821 0 0.0 0.03943583436057744 7.492011075247553 1.0 0.0
-0.09886082 -0.01263105 -1.05237 -7.235097 4.297269 2.482904 -0.4304964 20.65888 1.081821 0 0.0 0.09966446284997928 7.311231853546227 0.0 0.0
0.04801923 -0.08473168 -6.038276 -3.481299 2.083681 1.443093 -0.4728953 20.25936 0.7383022 0 0.0 0.09739252561370046 6.969951203529118 0.0 0.0
0.04808507 -0.02065246 -1.645769 -4.833073 1.499394 1.059362 -0.1351906 19.83274 0.857029 0 0.0 0.05233257170211015 5.10559988881718 0.0 0.0
-0.01571616 -0.009640709 -0.7925938 -3.996229 1.520805 1.320718 -0.6108572 18.77979 1.160076 0 0.0 0.01843748776727136 4.074070587537658 0.0 0.0
0.1043539 -0.06842096 -4.145321 -5.620418 0.2376414 0.1611593 -0.1581652 15.21735 1.183004 0 0.0 0.12478447103919461 6.983751476661022 0.0 0.0
-0.007896606 -0.06829041 -4.762079 -4.338743 0.3012012 0.159996 -0.4795642 17.00789 0.5481453 1 0.9600248 0.06874544700769161 6.442211361193453 1.0 0.0
0.02085141 -0.01986537 -1.154308 -7.018248 1.473732 0.6854496 -0.2041995 19.21566 nan 0 0.0 0.028799552500429586 7.112540470771888 1.0 0.0
-0.1126183 -0.05976229 -12.17042 -4.284983 2.687076 2.502615 -0.3207989 20.67255 1.170906 0 0.0 0.12749279509420955 12.90272073194987 0.0 0.0
0.03286221 -0.06688205 -6.374034 -3.685816 2.030976 1.306303 -0.4386166 20.13839 1.130371 1 0.6662731 0.07451934955625016 7.362985061713218 0.0 0.0
0.02312995 -0.01992708 -3.31341 -4.574409 0.7183748 0.3725587 -0.1270693 18.55881 1.240164 0 0.0 0.03053003610100879 5.648354054711957 1.0 0.0
-0.01591124 0.000403347 -3.919943 -4.577824 0.08645381 0.06136243 -0.4053432 15.07629 1.461923 1 0.9944687 0.015916351564978986 6.026808915025015 1.0 0.0
-0.02855666 -0.04275613 0.7196435 -6.55593 2.549361 1.93085 -0.5763664 20.45447 0.8180847 0 0.0 0.05141565406500729 6.595309312836832 1.0 0.0
-0.03375139 -0.0421823 1.212832 -11.77798 3.009431 2.503031 -0.6312823 20.47599 0.7337399 0 0.0 0.05402316873547959 11.840260737864854 0.0 0.0
-0.05910393 -0.01869207 -3.47432 -5.728353 1.743869 1.072767 -0.5586062 19.92811 1.109615 0 0.0 0.06198925731390722 6.6996214486349155 1.0 0.0
-0.01119313 -0.01923003 -3.605257 -4.1864 0.7812039 0.5834064 -0.4051528 18.75527 1.121384 0 0.0 0.022250398041334 5.5248369203125804 1.0 0.0
0.04106362 -0.07298204 -3.227945 -4.877842 2.692613 2.344694 -0.4624568 20.51166 0.7964306 0 0.0 0.08374126252968724 5.849185541593719 0.0 0.0
-0.01592662 0.01581091 -4.260068 -4.590097 0.2221855 0.1596047 -0.3613503 17.02438 0.5326881 0 0.0 0.022441971830757208 6.262361362460091 1.0 0.0
-0.08585558 -0.09176596 -2.725819 -3.905235 2.387268 1.943882 -0.3448975 20.49608 0.8450851 0 0.0 0.12566690905667252 4.762452060229688 0.0 0.0
0.009552597 -0.03907004 -6.37621 0.1864688 4.225015 2.492505 -0.1174553 20.53496 nan 0 0.0 0.04022089177338077 6.378936006692138 1.0 0.0
0.03717119 0.02042669 -3.350992 -4.639405 0.8517747 0.5455508 -0.4649408 18.95335 1.084423 0 0.0 0.042413995689774386 5.723043433182121 1.0 0.0
0.02847932 -0.09120654 -3.245801 -4.011522 3.360568 2.436281 -0.4820946 20.58793 1.20219 1 0.4415128 0.09554948773506847 5.160187291958016 0.0 0.0
0.05770492 -0.05227556 -7.064879 -4.923356 0.5618197 0.3556654 -0.2811619 18.59592 1.171587 0 0.0 0.07786264807672547 8.61115262827091 0.0 0.0
-0.08071987 -0.01919317 -8.321449 -8.560959 1.11138 0.7371522 -0.5118701 19.4587 1.816906 1 0.0 0.08297032715052893 11.938866464588756 0.0 0.0
0.004499077 -0.09529053 -5.564934 -4.020113 0.5906237 0.4114128 -0.3963283 18.53646 2.019312 1 0.6178214 0.09539668129202833 6.865114635395756 0.0 0.0
-0.01626469 0.0173596 -4.357175 -4.868756 0.3652593 0.2469622 -0.2298566 17.78331 1.23535 0 0.0 0.023788565592656064 6.533740044427923 1.0 0.0
-0.02288758 -0.0186796 -3.880602 -3.768541 2.273356 1.525951 -0.6750732 19.91528 1.119003 0 0.0 0.029542660246098355 5.409341286245951 1.0 0.0
0.03277799 0.01484787 -0.7352111 -6.686144 3.135174 1.879561 -0.7760472 20.07565 0.6728611 0 0.0 0.03598410582433583 6.726444599511632 1.0 0.0
-0.008463811 -0.06000496 -3.901311 -4.52391 1.065565 0.6936741 -0.4616803 19.38199 0.9743519 0 0.0 0.06059893828480266 5.973775121882393 1.0 0.0
0.06127076 0.0481702 -5.515143 -5.723459 0.06888854 0.04409882 -0.2725894 14.65433 1.763581 1 0.0 0.0779389132527366 7.948256741898188 0.0 0.0
0.01648547 -0.02760047 -0.5491923 -5.748478 3.690552 1.386733 -0.2162048 20.18706 0.9082527 0 0.0 0.03214897611653907 5.774652500269024 1.0 0.0
-0.03111994 -0.02322973 -1.851862 -7.202589 2.671106 1.892518 -0.6704067 20.05645 nan 0 0.0 0.0388338901151623 7.436846184369084 1.0 0.0
0.01290973 0.06716875 -3.731186 -3.58653 1.0502 0.6511938 -0.287601 19.37602 1.037931 0 0.0 0.06839811477837236 5.175417510452273 0.0 0.0
0.07001198 -0.07403379 -0.33051 -4.370347 1.678233 1.095869 -0.3514474 20.10641 2.326872 0 0.0 0.10189543368220433 4.382826686113541 0.0 0.0
-0.01645364 -0.0007945868 -6.693065 -3.403959 1.006556 0.4760437 -0.09127103 18.60037 nan 0 0.0 0.016472815103446472 7.508931746121148 0.0 0.0
-0.01835233 0.02110514 -0.5091902 -1.237833 1.9835 0.956589 0.1662526 19.58033 0.8316822 0 0.0 0.02796846350532149 1.3384712158522647 0.0 0.0
-0.0003430836 0.04733346 -7.596853 -5.331766 2.687296 1.308977 -0.3411722 20.41183 0.2517872 0 0.0 0.0473347033573486 9.28115855819547 0.0 0.0
0.07360766 -0.08041545 -5.423826 -4.042753 0.5041917 0.3206097 -0.2879488 18.45362 1.168692 1 0.5007723 0.10901711888221088 6.764742441311791 0.0 0.0
-0.002259802 -0.01498346 -4.684844 -3.82188 0.8023866 0.6448714 -0.5894678 18.60566 nan 0 0.0 0.015152913206733683 6.046034240618887 1.0 0.0
0.01856992 -0.03156444 -9.033712 -2.530619 1.648721 0.8100368 -0.2335158 19.62857 1.111496 0 0.0 0.036621794075659374 9.381470301722699 0.0 0.0
-0.05173181 -0.04427553 -4.757098 -3.662546 2.023025 1.226261 -0.5118609 20.02529 0.9679852 1 0.7396579 0.06809186972507805 6.003684250834649 1.0 0.0
0.06778647 0.008186475 -13.49462 -3.286693 3.198681 1.727982 -0.09124647 20.61276 1.834511 0 0.0 0.06827901498986731 13.889100756371846 0.0 0.0
0.04199407 -0.04686716 -3.746599 -3.802318 2.539181 1.446421 -0.2407211 20.35603 0.862566 0 0.0 0.06292878992663453 5.338035803544689 1.0 0.0
-0.06465824 -0.03648847 2.096016 -5.634524 3.71884 1.890743 -0.6280881 20.48436 0.9406853 1 0.4713613 0.07424349427955625 6.011750475429931 0.0 0.0
0.04704352 0.06668571 -11.18455 -3.869314 0.6546127 0.3874913 -0.2518766 18.84966 1.128475 1 0.0 0.0816092929279166 11.834937664943403 0.0 0.0
0.01130404 -0.01424043 -2.720273 -4.722119 0.4617019 0.3057628 -0.2483724 18.18188 1.08872 0 0.0 0.01818161617971571 5.449614027129812 0.0 0.0
-0.03530993 -0.08455285 -13.56178 -5.127323 3.186807 1.785172 -0.5619424 20.37836 1.155708 0 0.0 0.09162955636544029 14.49866607363343 0.0 0.0
0.05384989 -0.001109921 -5.173903 -4.30012 1.619793 1.250074 -0.4193715 19.9549 0.7136593 0 0.0 0.05386132729183659 6.727577890133195 1.0 0.0
-0.004354999 -0.06003131 -2.24653 0.5686861 0.3847544 0.2548023 -0.4264232 17.74581 1.412035 1 0.0 0.060189070408223626 2.317390972890248 0.0 0.0
0.03270273 -0.07330211 -2.799329 -5.573137 1.939058 1.269043 -0.4228459 20.14323 -0.2121277 0 0.0 0.08026623125514865 6.236673702464319 0.0 0.0
-0.03753099 -0.02789427 -3.120907 -1.967566 0.7310788 0.4869026 -0.4723302 18.40777 1.182064 0 0.0 0.0467617954019411 3.6893598993599146 0.0 0.0
0.001997761 0.04300375 -5.271164 -5.005833 0.8680108 0.5341167 -0.2550613 19.13695 1.015495 0 0.0 0.0430501284908143 7.269355813191772 1.0 0.0
-0.006589294 -0.002021381 -5.684507 -6.194418 0.5732054 0.5048517 -0.3180811 16.67065 nan 0 0.0 0.006892370895823657 8.407403534491074 0.0 0.0
0.03224741 0.01514183 -2.999558 -5.566479 2.663091 1.859755 -0.6612467 20.15556 0.780571 0 0.0 0.03562541883903963 6.323214107778179 1.0 0.0
0.01217602 -0.06369047 -1.391482 -6.993114 1.841193 1.192505 -0.5179357 20.07449 1.554211 0 0.0 0.06484390049851489 7.1302079614356275 0.0 0.0
0.02629339 -0.04027192 -2.21516 -1.971172 1.024721 0.5114192 -0.3174775 19.10322 1.214682 0 0.0 0.048095424919408915 2.9652070550273555 0.0 0.0
-0.02050247 -0.01152253 -2.176708 -5.256207 2.41834 1.488468 -0.7611268 19.64209 nan 0 0.0 0.0235185027946466 5.689092172228624 1.0 0.0
0.1131791 -0.06445523 -0.0846795 -2.368559 0.4360718 0.2903227 -0.2240108 18.1757 1.20627 1 0.0 0.13024586500600663 2.3700722255242033 0.0 0.0
0.01073421 0.04703895 -1.942395 -4.480223 1.527291 0.9404317 -0.3302882 20.01469 0.7843418 0 0.0 0.048248171793619295 4.883164595398561 0.0 0.0
0.02883222 -0.02029911 -5.253118 -5.010049 1.065752 0.6457727 -0.1933976 19.23324 1.113785 0 0.0 0.03526117946014427 7.259190017097294 1.0 0.0
-0.01480307 0.006735975 -5.729092 -3.425877 0.3847968 0.2723803 -0.422326 17.67168 1.171455 0 0.0 0.016263586339596965 6.67526241908084 1.0 0.0
-0.03607188 -0.02894258 -5.705237 -1.663817 2.380971 1.717726 -0.6264136 20.21798 0.6667538 0 0.0 0.04624774009387702 5.942896283434367 1.0 0.0
-0.1176552 -0.05203012 -5.15086 -0.6511763 0.8019542 0.6108992 -0.276962 19.22682 1.524044 1 0.0 0.1286463348652203 5.191857982772804 0.0 0.0
0.02283755 0.04826453 -6.054889 0.2226723 0.104901 0.05937267 -0.187545 15.47912 1.494612 1 0.0 0.053394929966462175 6.058982072552145 1.0 0.0
-0.05256102 -0.08140836 -4.476244 -2.385466 2.621472 1.842578 -0.5593145 20.46209 0.8708496 0 0.0 0.09690191897650943 5.072199560811069 0.0 0.0
-0.08187447 -0.08682903 -4.327482 -0.8811967 0.4736534 0.3302212 -0.326427 18.44578 1.329386 1 0.0 0.11934282252620725 4.416288949379885 0.0 0.0
0.1261995 0.03195171 -1.875004 -2.930969 2.612389 1.654618 -0.04629696 20.48899 nan 0 0.0 0.13018151010098977 3.4793992698419935 0.0 0.0
0.02472123 0.01585426 -2.323661 -7.499053 2.183885 1.740336 -0.5485901 20.15044 nan 0 0.0 0.029368295368653933 7.850808642409392 1.0 0.0
0.03996936 -0.04698429 -4.360678 -0.5885864 2.698984 2.00741 -0.3469461 20.50595 0.5390396 0 0.0 0.06168527576021445 4.400221195570623 0.0 0.0
0.07574464 -0.08741758 -2.204499 -1.777261 1.142983 0.7899861 -0.3031682 19.63041 1.16852 0 0.0 0.11566798944300018 2.8316907499093187 0.0 0.0
0.06049912 0.04895666 -4.650814 -3.947748 1.42969 0.9645161 -0.3813865 19.81506 1.207979 0 0.0 0.07782607583021259 6.100392211497552 0.0 0.0
-0.07949286 0.005729589 -8.632155 -5.459038 0.4397984 0.3328113 -0.6123951 17.25412 1.016316 0 0.0 0.07969907766774043 10.213481082836987 0.0 0.0
0.04006591 -0.04674402 2.639316 -7.109516 3.123022 1.93181 -0.3723258 20.55063 1.092407 0 0.0 0.06156525440448127 7.58361435610435 0.0 0.0
0.01195502 -0.01475933 -4.641871 -3.919378 0.2061528 0.1393915 -0.275496 16.822 1.369982 0 0.0 0.018993691722498287 6.0752358215566415 1.0 0.0
-0.002296144 -0.009440709 -2.496721 -5.961947 0.1381226 0.1139444 -0.5777604 14.4006 1.511696 0 0.0 0.009715928349438206 6.463623425188847 1.0 0.0
-0.01569493 0.003947247 -4.066796 -4.800274 0.07136668 0.04757826 -0.4008319 14.15703 1.693647 0 0.0 0.01618368272624958 6.2913798312208105 1.0 0.0
0.1104554 -0.0004518681 -10.20862 -6.063084 1.041493 0.686853 0.04337284 19.69777 1.23476 1 4.145825e-06 0.11045632428222386 11.873369778435102 0.0 0.0
