jas1101finalproject/data/gcs/NGC_6541.ecsv
# %ECSV 0.9
# ---
# datatype:
# - {name: x, unit: deg, datatype: float64}
# - {name: y, unit: deg, datatype: float64}
# - {name: pmx, unit: mas / yr, datatype: float64}
# - {name: pmy, unit: mas / yr, datatype: float64}
# - {name: pmx_e, unit: mas / yr, datatype: float64}
# - {name: pmy_e, unit: mas / yr, datatype: float64}
# - {name: pm_corr, datatype: float64}
# - {name: g_mag, unit: mag, datatype: float64}
# - {name: bp_rp, unit: mag, datatype: float64}
# - {name: filter, datatype: int64}
# - {name: memberprob, datatype: float64}
# - {name: r, unit: deg, datatype: float64}
# - {name: pm, unit: mas / yr, datatype: float64}
# - {name: member_prob_GMM, datatype: float64}
# meta: !!omap
# - comments: [deg deg mas/yr mas/yr mas/yr mas/yr dimless mag   mag   zeroone float]
# - __serialized_columns__:
#     bp_rp:
#       __class__: astropy.units.quantity.Quantity
#       unit: &id001 !astropy.units.Unit {unit: mag}
#       value: !astropy.table.SerializedColumn {name: bp_rp}
#     g_mag:
#       __class__: astropy.units.quantity.Quantity
#       unit: *id001
#       value: !astropy.table.SerializedColumn {name: g_mag}
#     pm:
#       __class__: astropy.units.quantity.Quantity
#       unit: !astropy.units.Unit {unit: mas / yr}
#       value: !astropy.table.SerializedColumn {name: pm}
#     pmx:
#       __class__: astropy.units.quantity.Quantity
#       unit: !astropy.units.Unit {unit: mas / yr}
#       value: !astropy.table.SerializedColumn {name: pmx}
#     pmx_e:
#       __class__: astropy.units.quantity.Quantity
#       unit: !astropy.units.Unit {unit: mas / yr}
#       value: !astropy.table.SerializedColumn {name: pmx_e}
#     pmy:
#       __class__: astropy.units.quantity.Quantity
#       unit: !astropy.units.Unit {unit: mas / yr}
#       value: !astropy.table.SerializedColumn {name: pmy}
#     pmy_e:
#       __class__: astropy.units.quantity.Quantity
#       unit: !astropy.units.Unit {unit: mas / yr}
#       value: !astropy.table.SerializedColumn {name: pmy_e}
#     r:
#       __class__: astropy.units.quantity.Quantity
#       unit: &id002 !astropy.units.Unit {unit: deg}
#       value: !astropy.table.SerializedColumn {name: r}
#     x:
#       __class__: astropy.units.quantity.Quantity
#       unit: *id002
#       value: !astropy.table.SerializedColumn {name: x}
#     y:
#       __class__: astropy.units.quantity.Quantity
#       unit: *id002
#       value: !astropy.table.SerializedColumn {name: y}
# schema: astropy-2.0
x y pmx pmy pmx_e pmy_e pm_corr g_mag bp_rp filter memberprob r pm member_prob_GMM
[from data line 22957]
-0.01965731 0.1519429 3.954083 3.039262 0.8998275 0.7745606 0.08474371 19.64347 1.940744 1 0.0 0.1532091860720045 4.9871721321339 0.0
-0.01723275 0.02557055 -0.2405114 -9.700284 0.6194924 0.5253725 0.3057006 18.16531 0.9153137 0 0.0 0.030835380650561135 9.703265193438028 0.0
0.07777371 0.1840193 -1.275488 -5.704253 1.346335 1.049982 0.1685986 20.14693 1.054075 0 0.0 0.19977951030987662 5.845115219236742 0.0
-0.005285649 0.1789958 -5.522169 -9.608797 0.2925814 0.2627543 0.05637565 17.67244 0.912653 0 0.0 0.17907382417034381 11.08256875691597 0.0
-0.0474417 0.07966573 -0.6609713 -8.5215 1.165957 0.9103969 0.1378517 19.76541 0.7009869 0 0.0 0.09272186061184763 8.547095723660973 1.0
0.1568939 -0.0531924 -5.866951 -5.311148 1.290006 1.016141 0.05041582 19.75734 nan 0 0.0 0.16566570941196612 7.913874342842765 0.0
0.06118992 0.1507591 -0.3436248 -6.995313 0.3475038 0.3137837 0.1588405 18.33687 1.126774 1 0.0 0.1627037570015407 7.003747708987243 0.0
-0.07200026 0.04067034 3.277053 -1.621997 2.208792 1.764462 0.1934803 20.37171 1.001368 0 0.0 0.08269288963256273 3.6564943091461255 0.0
-0.01280777 0.1790786 -8.989303 -7.965005 0.3307428 0.2865149 0.1023761 18.22446 0.825901 1 0.0 0.17953602410194144 12.010365234905805 0.0
0.03987961 0.09471638 -0.9300192 -9.581694 1.875637 1.688191 0.05517887 20.42329 nan 0 0.0 0.10276952823700468 9.626722994976257 0.0
0.1538358 -0.04261009 -1.766098 -1.422927 0.9029936 0.7737825 -0.2080142 19.42524 1.439445 0 0.0 0.15962792090185257 2.267999866166883 0.0
-0.1614713 -0.111272 -2.708946 -12.52385 3.274582 2.927975 0.5259222 20.66548 0.64995 1 0.1291599 0.19609803341107224 12.813477562840465 0.0
-0.04516018 0.0123152 2.697314 -6.736812 1.368173 1.064327 0.05726617 19.57874 0.4223728 0 0.0 0.04680925131501678 7.256730581876386 0.0
-0.06809602 0.1601206 -3.524947 -5.401431 1.519769 1.419865 -0.3373481 19.84102 0.6743774 0 0.0 0.173999064607257 6.449861099323767 0.0
0.05656859 0.08064583 -0.2960809 -8.452297 1.79807 1.52211 0.3540888 20.11508 1.167583 0 0.0 0.0985076406730818 8.457481213431917 1.0
0.02069919 0.14796 -4.463479 -5.149697 1.147609 0.988899 0.2642549 20.006 2.299067 1 0.0 0.14940086367439814 6.814838514245954 0.0
-0.1728151 0.01251415 0.1837407 -3.930785 0.811415 0.7795719 -0.6578693 18.77334 0.6720734 1 0.0 0.17326760441072792 3.93507704639458 0.0
-0.04616848 0.1474996 -2.473319 -0.3602597 0.6345152 0.5174347 -0.1727128 19.1842 1.02314 1 0.0 0.15455633453750903 2.4994187178632337 0.0
-0.05065134 0.08794099 -5.159526 -3.571696 0.8077701 0.6536348 -0.08640532 19.24589 0.7101574 0 0.0 0.10148485584546937 6.275166998661629 0.0
-0.1833529 -0.01179401 -1.648795 -4.16023 0.09738655 0.08728158 -0.3319411 15.74525 1.293643 1 0.0 0.18373182797297288 4.475046212602168 0.0
-0.09662301 -0.02075047 -3.566436 -7.279987 1.172891 1.09656 0.1914317 19.88622 0.833477 0 0.0 0.09882604953493283 8.106643970365605 1.0
0.1582245 0.05855984 0.02608022 -6.347516 0.2159549 0.1936767 0.06127805 17.54841 0.935997 1 0.0 0.1687135064571761 6.347569578045698 0.0
0.05226901 0.1147226 -5.707784 -4.92415 1.379558 1.103497 0.2304305 20.18061 0.938818 0 0.0 0.12606872870438607 7.538305606245743 0.0
-0.02494565 0.05289632 0.9663194 -8.160817 2.333179 1.821949 0.3862595 20.43428 0.7114525 0 0.0 0.05848338331068834 8.217828623809659 1.0
-0.05148664 0.005905222 0.6666705 -9.628108 0.4866177 0.4324468 -0.2937475 18.34031 0.8053703 0 0.0 0.05182418108719986 9.651161236619883 0.0
-0.07658671 0.002399397 0.6282875 -7.848507 2.055406 1.833035 0.09967067 20.30257 0.9431458 0 0.0 0.07662428632351305 7.873614628092058 1.0
0.01200747 0.02970314 0.3462922 -8.881961 0.06562331 0.05514046 -0.091087 13.9704 1.254813 0 0.0 0.03203834985857574 8.888709101624478 1.0
-0.06160022 0.08017166 -2.830979 -6.136804 0.06728997 0.05578668 -0.1925232 14.62195 1.231306 1 0.0 0.10110431331651484 6.7583138010051735 0.0
0.0210213 0.05735339 0.3891571 -8.360789 0.6545958 0.5818996 0.06386495 18.77849 nan 0 0.0 0.06108442025739542 8.369840855775061 1.0
0.05558911 0.07240318 0.8043329 -10.43853 0.8864456 0.7469919 -0.02259795 19.12642 0.7145805 0 0.0 0.09128181431536349 10.469472764897114 0.0
-0.07647692 0.002796266 -2.755028 -11.90184 2.396548 2.147308 0.6141476 20.26943 0.4711399 0 0.0 0.07652802360069909 12.216545119893103 0.0
-0.02582401 0.1447461 -3.657616 -5.818866 0.6238586 0.5120969 -0.1296126 18.6606 nan 0 0.0 0.14703167331459605 6.87294378919339 0.0
0.01236427 0.04762833 2.63075 -8.169608 1.363383 1.218128 0.3102225 19.45837 0.8595886 0 0.0 0.04920704208974362 8.582735020735756 1.0
-0.1673042 0.06966271 -5.416823 -7.927809 0.5816585 0.5176223 -0.5421096 18.4836 0.8436546 1 0.0 0.18122800142964687 9.601673133043532 0.0
0.1527892 -0.003548606 -0.477208 -4.330495 0.9070524 0.7574462 0.05268781 19.77574 0.9877758 0 0.0 0.15283040352358962 4.356709127344744 0.0
-0.02853174 0.07296002 0.7795829 -10.39505 1.320404 1.053564 0.1116601 19.97476 0.9303589 0 0.0 0.07834044106225085 10.42424165109733 0.0
-0.1793414 -0.01839658 -3.121531 -2.118668 0.9264105 0.8154646 -0.1192124 19.65131 nan 0 0.0 0.18028247809938824 3.772626389955014 0.0
0.14864 -0.04009834 0.687584 -1.736149 1.010924 0.8643385 -0.128854 19.88408 1.722618 1 0.0 0.15395365039762973 1.8673470773418102 0.0
-0.09303521 -0.01661728 -1.263014 -1.985534 0.9765557 0.8830198 -0.03573939 19.77357 1.03376 0 0.0 0.09450758855426636 2.3531998702515686 0.0
-0.1851725 0.0561748 1.207179 -6.31703 1.635667 1.514629 0.2978884 20.29855 1.357498 0 0.0 0.19350571803254288 6.431341163314305 0.0
-0.0005721389 0.05985951 -1.107193 -9.730359 0.976359 0.8049552 -0.06224842 19.59607 0.6523151 0 0.0 0.059862244197498915 9.79314875860313 0.0
-0.1202417 0.01354294 -3.605382 -11.65336 0.6605066 0.6285075 -0.5287704 18.6481 1.004297 1 0.0 0.12100197371420683 12.198343275032228 0.0
-0.1834413 0.02431582 -0.8176485 -11.87809 1.575312 1.401676 0.004873513 20.22017 nan 0 0.0 0.18504585822968966 11.906198852599946 0.0
-0.02571321 0.1441854 4.213303 -1.974813 0.3788373 0.306917 -0.05373237 18.24304 0.915432 0 0.0 0.14646022921484214 4.653150390303112 0.0
-0.03527699 0.08890567 -3.347721 -6.666681 0.8512359 0.6696939 -0.03437134 19.38701 nan 0 0.0 0.09564875420834816 7.46001819365087 0.0
-0.03679079 0.1803161 -5.458085 -9.715741 0.1006581 0.08867071 -0.1277239 16.07872 0.9301767 1 0.0 0.18403113363785514 11.143891378073729 0.0
-0.1181538 0.09621933 -4.465251 -5.54686 0.3344341 0.2791882 -0.2791586 17.89106 0.941 1 0.0 0.15237611335143347 7.120823151335876 0.0
-0.008012424 0.05460996 0.4850958 -8.618066 1.248298 1.030603 0.1908714 19.88383 nan 0 0.0 0.055194625368394125 8.631707798317413 1.0
-0.04291278 0.01649395 -3.574137 -5.704092 1.759296 1.85225 -0.2213204 19.77585 nan 0 0.0 0.04597343878731392 6.731353566648613 0.0
-0.0752833 0.03601618 -1.717066 -4.738572 1.417742 1.190621 0.1319123 19.9779 nan 0 0.0 0.08345502070386418 5.0400774049155235 0.0
-0.1067782 0.06032906 1.486438 -9.697596 2.760036 2.19448 0.08299175 20.4682 0.6689911 0 0.0 0.12264248642180899 9.810854504428246 0.0
0.0861134 0.1518654 1.707883 -2.187849 1.798277 1.690063 0.1937607 19.57718 1.09339 0 0.0 0.17458126296003246 2.775526542566293 0.0
-0.03604557 0.04445639 0.5175709 -9.16515 0.3354228 0.2765468 -0.1630817 17.94374 0.9276505 1 0.9835592 0.05723332707834658 9.179752401836708 1.0
0.1806128 0.08042739 -5.392613 1.687755 3.451465 2.804245 0.6377108 20.74731 1.397718 0 0.0 0.19771077003049706 5.6505567785656305 0.0
0.1541989 -0.05566115 -1.680956 -4.631049 1.525139 1.270832 -0.0294787 20.18991 0.6174927 0 0.0 0.16393737944877765 4.926685286715299 0.0
-0.1512426 0.0144493 -7.058072 -6.22358 0.4477532 0.3979614 -0.5251426 18.20877 1.190638 1 0.0 0.15193125526122003 9.410065269358338 0.0
-0.02715183 0.1472823 -5.254976 -1.460923 0.4073184 0.3380672 -0.03880273 18.36709 1.356857 0 0.0 0.14976414045304337 5.454270691165319 0.0
-0.1324496 0.09679221 -1.569172 -6.743757 1.329199 1.092187 -0.2024243 19.90486 1.077007 0 0.0 0.16404764081462464 6.923912134092474 0.0
0.1883177 0.06515629 0.9733003 -8.045356 0.648329 0.5901288 0.1011923 19.41116 1.14669 1 0.3778099 0.19927091674364852 8.104015463997838 0.0
-0.009261987 0.1402839 -0.4526138 -7.978806 0.9333553 0.7786065 0.2656565 19.57176 1.063019 1 0.3849123 0.14058932037106575 7.991633402351889 0.0
-0.0339624 0.06902806 -2.252992 -7.142261 0.7815546 0.6196288 -0.03622032 19.28808 1.19294 0 0.0 0.07693060302066791 7.4891832094150965 0.0
0.03241297 0.09613232 -1.945818 -7.194174 0.7988685 0.6555994 -0.2286122 19.17671 0.763958 1 0.03025525 0.10144961100370617 7.452673831008573 0.0
0.1324072 0.02572055 2.679086 -5.212321 0.780525 0.7115295 0.2098573 19.6935 1.816265 0 0.0 0.13488222011867426 5.860528304038553 0.0
-0.1090843 -0.04344264 -3.097433 0.7973766 0.6993791 0.6369953 -0.7993774 18.0961 1.187504 0 0.0 0.11741655537725333 3.1984215844251302 0.0
0.1900695 0.04655403 -16.03432 -7.149362 1.470614 1.190226 0.01790833 20.3682 0.9436874 1 0.0 0.19568774243547013 17.555990284499593 0.0
-0.1578 0.007798616 -2.897526 -6.646583 2.409549 1.879088 0.4164609 20.25738 0.9958496 0 0.0 0.15799258973608685 7.250704965488873 0.0
-0.08489033 0.02465843 1.614281 -8.800368 1.279235 1.073805 0.113951 20.04832 0.3604202 1 0.7903114 0.08839913063811092 8.94719956647805 1.0
0.06490173 0.1272186 -1.247158 2.34499 0.8875293 0.7799012 0.3223678 19.57054 1.549576 0 0.0 0.14281738949775302 2.656008504704757 0.0
-0.04844291 0.0886905 2.085661 0.850638 0.1359241 0.1099921 -0.06932452 16.30351 0.9704123 1 0.0 0.10105800472757268 2.2524579494332406 0.0
0.1786622 0.07070571 -5.032526 -7.103055 0.4595254 0.4171053 0.06680673 18.60271 0.9183846 1 0.0 0.19214442259780556 8.70515412119171 0.0
-0.1604804 0.003675426 -3.31805 -5.113211 0.303906 0.2875564 -0.4119831 17.56398 0.8620548 1 0.0 0.1605224829749449 6.095439486453868 0.0
-0.09670053 0.1096206 0.910797 -8.729932 0.2743178 0.2267715 -0.2047107 17.88587 1.311914 0 0.0 0.14617683963829872 8.77731530137963 0.0
-0.04710396 0.07145677 -1.040992 -9.294311 0.6070144 0.488738 -0.03487737 18.9545 0.7722588 1 0.5815802 0.08558535521054114 9.352426493097127 0.0
-0.1415745 -0.04334661 1.314592 -9.852412 1.160619 1.072659 0.1399399 19.78358 0.6743221 0 0.0 0.14806170216751563 9.939727075941672 0.0
-0.003930387 0.09160909 1.552224 -7.71861 0.3035166 0.2569414 -0.1793309 17.33012 1.021399 0 0.0 0.09169336569565908 7.87314039492984 0.0
0.03088611 0.1344784 0.2177018 -4.085801 1.182426 1.030837 0.1455828 19.96902 0.9221363 0 0.0 0.1379796791469385 4.091596740311078 0.0
-0.1610866 -0.07429887 -0.9393608 -1.71836 0.367302 0.359035 -0.2726188 18.14552 0.9076958 1 0.0 0.17739564476851427 1.958356403256731 0.0
0.04136277 0.09898784 -3.483078 -4.669145 1.191817 1.064377 0.282032 20.11011 1.167091 0 0.0 0.10728220360310697 5.825182176130546 0.0
-0.01229523 0.1609857 0.1874713 -9.627969 0.7748286 0.6678438 0.1477643 19.36596 0.7843857 0 0.0 0.16145453937639195 9.62979400367862 0.0
0.006957852 0.06577952 -4.282877 -5.940944 2.084169 1.40437 0.1954948 20.16156 nan 0 0.0 0.06614648105443179 7.323786657751917 0.0
-0.04117025 0.1462443 0.9112348 -9.894677 0.6212947 0.5129502 -0.2196421 18.99713 0.6595001 1 0.6117659 0.1519288806236408 9.936547780545316 0.0
0.01578762 0.1379899 0.03897094 -8.258081 1.41688 1.151048 0.1056848 20.07236 1.171993 0 0.0 0.13889010564930246 8.258172953912112 0.0
0.184449 0.0709209 -2.470387 -0.9807179 0.3555133 0.3107494 0.3795967 18.06039 1.040386 1 0.0 0.19761378407846453 2.657935200329273 0.0
0.1696707 0.007094797 -5.192137 -7.271813 0.3816584 0.3452453 0.06385545 18.59891 0.9208889 1 0.0 0.16981897003268276 8.935186116345758 0.0
-0.1090911 -0.003388271 2.531071 -5.15058 1.224297 1.094589 -0.05001342 20.01694 0.9123497 1 0.00489171 0.1091437056342666 5.738884451131683 0.0
-0.05375788 0.02945136 -4.621666 -9.496338 0.5599029 0.4838134 0.08774324 18.4162 0.6543465 0 0.0 0.06129675577013844 10.561260910790908 0.0
-0.00461769 0.1236524 -0.0008448175 -2.098177 2.013548 1.649096 0.1661913 20.51737 1.208826 0 0.0 0.12373859174362742 2.098177170080165 0.0
0.04556152 0.1584596 -1.873629 -4.143325 1.2892 1.084967 0.3742325 20.19971 1.207705 1 0.0 0.16487964379167733 4.547265957173167 0.0
-0.006414049 0.1797892 -1.741712 -5.220821 0.4777251 0.4266768 0.1221278 18.65546 1.06007 1 0.0 0.17990357545422603 5.503683548768497 0.0
0.02978183 0.1814377 0.2469063 -4.132228 0.7882561 0.6496312 0.3445459 19.57148 1.339808 1 0.0 0.1838657020203575 4.139597923103605 0.0
-0.06309404 0.09346432 -0.0123831 -1.480136 1.545348 1.352339 -0.8088186 19.00192 0.6560287 0 0.0 0.11276718049407815 1.4801877987814958 0.0
-0.01147708 0.1619815 0.4269724 -0.9328086 0.4721983 0.4149217 0.1146873 18.49104 0.8267269 0 0.0 0.16238759099012584 1.0258836749825586 0.0
-0.1243638 0.05435187 -0.4424652 -3.455217 0.9341717 0.8415382 -0.6079627 19.1744 1.593016 0 0.0 0.13572207087624658 3.483432211239375 0.0
-0.02078048 0.01076077 1.143272 -8.714936 0.3099443 0.2613715 0.02308722 17.46423 0.8432274 0 0.0 0.02340133585980296 8.789606381976384 1.0
0.01681775 0.02699355 -1.636524 -7.876177 0.9026636 0.7934748 -0.7607308 18.54128 0.7683468 0 0.0 0.03180390631141087 8.044400222384823 0.0
-0.1942026 0.04245905 -3.16507 -2.970365 0.5552553 0.4961093 0.005962675 18.97047 1.499058 1 0.0 0.19878989102482678 4.3405917036879895 0.0
0.03724682 0.05306924 -1.390055 -6.806862 2.400079 2.054029 -0.6115651 20.31339 0.5782261 0 0.0 0.06483571418816947 6.947346485534531 0.0
0.1345454 -0.07342842 -1.868259 -1.313637 1.133786 0.9352436 -0.1023279 19.83251 0.9786816 0 0.0 0.15327817041202052 2.2838638004158653 0.0
0.001901239 0.07279512 3.950263 -9.133564 1.554881 1.272041 0.09483526 19.83676 1.104706 0 0.0 0.07281994373486923 9.95120942957513 0.0
0.1476415 -0.06059229 1.050547 -6.019135 1.119911 0.9202376 -0.09904596 19.90986 0.8343048 1 0.0117721 0.15959147260957932 6.11012562452148 0.0
-0.02246374 0.1464602 0.9663499 -4.098722 0.264908 0.2152382 -0.03787563 17.59609 0.9496193 1 0.0 0.14817290507656117 4.211098925757267 0.0
0.004836046 0.0420714 0.2106452 -8.359438 0.5187454 0.4373327 -0.1038197 18.6813 nan 0 0.0 0.04234843608533987 8.362091549135721 1.0
-0.158178 0.05916269 3.468693 -5.599939 0.8477086 0.7398753 -0.2191875 19.62751 0.8688145 0 0.0 0.1688801455827064 6.587195756311634 0.0
-0.02131192 0.07844092 2.870669 -4.336607 2.055507 1.617049 -0.04367299 20.30833 nan 0 0.0 0.08128453644164306 5.200663494210137 0.0
0.09275859 0.1590233 1.828244 -1.024853 1.105045 0.9701689 0.2819993 19.99463 0.5858822 0 0.0 0.18409933721140362 2.0959007121390556 0.0
-0.05448541 0.02862673 -0.1717214 -8.282376 0.5067621 0.4262337 -0.3075523 18.09193 0.8063812 0 0.0 0.06154794532200892 8.284155988668607 1.0
0.03437377 0.1251458 -2.584441 -3.793687 0.5869408 0.5197561 0.1767229 19.10742 1.01413 1 0.0 0.12978068932492576 4.590359064000332 0.0
-0.1890338 0.05536167 -0.04372062 -6.611902 0.8314966 0.7354563 -0.2072242 19.5164 1.134233 0 0.0 0.19697383594688128 6.61204654779571 0.0
0.1496589 0.08568531 -3.468298 0.3759224 0.6113959 0.5431849 0.1810914 19.28838 1.320198 1 0.0 0.17245219250275162 3.4886112806711154 0.0
-0.141598 0.0787087 -4.076837 -11.17993 0.808705 0.7059082 -0.2933863 19.48523 nan 0 0.0 0.16200325015162503 11.90006028259811 0.0
-0.03295088 0.1576324 0.8852093 -4.370538 1.622828 1.311789 0.05069849 20.34143 1.735168 1 0.00298762 0.16103954179807642 4.459282219623523 0.0
-0.1040296 -0.04748486 -5.457864 -6.71239 1.255117 1.104488 -0.08106689 19.97504 0.7332687 0 0.0 0.11435457841896668 8.651269210618521 0.0
-0.04897486 0.03671102 0.4353852 -9.213313 0.2013509 0.1676449 -0.328439 16.93615 1.033787 1 0.9816862 0.06120650211750382 9.223594565479775 1.0
0.01534308 0.04220314 0.7567344 -8.002074 0.5364915 0.45928 -0.09046213 18.70477 0.8663712 0 0.0 0.0449056247005428 8.037775516498291 0.0
-0.08004409 0.08074117 -5.512266 -2.892086 2.201098 2.112961 -0.785764 19.78945 0.8606949 0 0.0 0.11369341615457335 6.224888584236027 0.0
