jas1101finalproject/data/gcs/NGC_5986.ecsv
# %ECSV 0.9
# ---
# datatype:
# - {name: x, unit: deg, datatype: float64}
# - {name: y, unit: deg, datatype: float64}
# - {name: pmx, unit: mas / yr, datatype: float64}
# - {name: pmy, unit: mas / yr, datatype: float64}
# - {name: pmx_e, unit: mas / yr, datatype: float64}
# - {name: pmy_e, unit: mas / yr, datatype: float64}
# - {name: pm_corr, datatype: float64}
# - {name: g_mag, unit: mag, datatype: float64}
# - {name: bp_rp, unit: mag, datatype: float64}
# - {name: filter, datatype: int64}
# - {name: memberprob, datatype: float64}
# - {name: r, unit: deg, datatype: float64}
# - {name: pm, unit: mas / yr, datatype: float64}
# - {name: member_prob_GMM, datatype: float64}
# - {name: member_prob_DB, datatype: float64}
# meta: !!omap
# - comments: [deg deg mas/yr mas/yr mas/yr mas/yr dimless mag   mag   zeroone float]
# - __serialized_columns__:
#     bp_rp:
#       __class__: astropy.units.quantity.Quantity
#       unit: &id001 !astropy.units.Unit {unit: mag}
#       value: !astropy.table.SerializedColumn {name: bp_rp}
#     g_mag:
#       __class__: astropy.units.quantity.Quantity
#       unit: *id001
#       value: !astropy.table.SerializedColumn {name: g_mag}
#     pm:
#       __class__: astropy.units.quantity.Quantity
#       unit: !astropy.units.Unit {unit: mas / yr}
#       value: !astropy.table.SerializedColumn {name: pm}
#     pmx:
#       __class__: astropy.units.quantity.Quantity
#       unit: !astropy.units.Unit {unit: mas / yr}
#       value: !astropy.table.SerializedColumn {name: pmx}
#     pmx_e:
#       __class__: astropy.units.quantity.Quantity
#       unit: !astropy.units.Unit {unit: mas / yr}
#       value: !astropy.table.SerializedColumn {name: pmx_e}
#     pmy:
#       __class__: astropy.units.quantity.Quantity
#       unit: !astropy.units.Unit {unit: mas / yr}
#       value: !astropy.table.SerializedColumn {name: pmy}
#     pmy_e:
#       __class__: astropy.units.quantity.Quantity
#       unit: !astropy.units.Unit {unit: mas / yr}
#       value: !astropy.table.SerializedColumn {name: pmy_e}
#     r:
#       __class__: astropy.units.quantity.Quantity
#       unit: &id002 !astropy.units.Unit {unit: deg}
#       value: !astropy.table.SerializedColumn {name: r}
#     x:
#       __class__: astropy.units.quantity.Quantity
#       unit: *id002
#       value: !astropy.table.SerializedColumn {name: x}
#     y:
#       __class__: astropy.units.quantity.Quantity
#       unit: *id002
#       value: !astropy.table.SerializedColumn {name: y}
# schema: astropy-2.0
x y pmx pmy pmx_e pmy_e pm_corr g_mag bp_rp filter memberprob r pm member_prob_GMM member_prob_DB
[from data line 3019]
-0.0128389 0.01619679 -3.567351 -3.2944 2.784158 1.517047 0.449072 19.84857 nan 0 0.0 0.020668172621547846 4.855827892048996 0.0 0.0
0.09052246 0.06907143 -7.45369 -6.038998 1.647418 0.9965287 -0.2455532 20.17137 1.19471 1 0.1039615 0.11386473644942274 9.593069970562292 0.0 0.0
-0.01951222 -0.01743504 -6.84356 -2.907312 1.494476 1.294429 -0.7069789 18.69972 nan 0 0.0 0.026166913251852997 7.435507819842838 1.0 0.0
0.02757736 -0.08757461 -3.920863 -2.176357 0.1711618 0.1180221 -0.3240763 16.39283 0.5359898 1 0.0 0.0918140681008183 4.484383620545638 0.0 0.0
0.1020018 -0.04428588 0.9534025 -6.254708 1.162535 0.7790105 -0.1950067 19.57702 1.103191 0 0.0 0.11120074806679316 6.326954124400639 0.0 0.0
0.05764759 -0.01766476 -1.242602 -5.414849 3.494057 2.089404 0.1168235 20.58281 0.7757473 0 0.0 0.06029335269053878 5.555596225717363 1.0 0.0
0.01966291 0.04437064 -5.290471 -4.76914 1.871793 1.215647 -0.3729582 20.24299 0.8268967 0 0.0 0.04853229567697885 7.122764894438184 1.0 0.0
0.04289634 0.03347367 -4.095431 -4.536375 1.319713 0.7335166 -0.3445965 19.61478 0.9980965 0 0.0 0.054411235684043234 6.111567165333782 1.0 0.0
0.03445919 -0.00104493 0.2822961 -2.449879 1.96375 1.45427 0.01980999 19.74245 1.031765 0 0.0 0.03447502942944357 2.4660896582882406 0.0 0.0
0.006244749 0.03966184 -4.583651 -4.675322 0.6664011 0.3785286 -0.2593767 18.74646 1.154819 0 0.0 0.04015044759723858 6.547403477217896 1.0 0.0
-0.03112978 0.0001238453 -9.297765 -3.37656 1.503073 1.294666 -0.59457 19.48742 1.194628 0 0.0 0.03113002634927783 9.891895239478885 0.0 0.0
0.01809214 -0.01366194 -13.70453 -6.447006 1.778566 0.7842415 -0.141268 19.12881 1.1569 0 0.0 0.022670997647726045 15.145231225865652 0.0 0.0
0.007994789 0.04459789 -0.8816156 -12.89732 1.515329 1.022225 -0.173675 19.90298 0.9820576 0 0.0 0.04530881198626401 12.927416959646788 0.0 0.0
0.09558931 -0.03565227 -4.998225 -2.326594 3.249663 2.687967 -0.2039592 20.77367 1.065544 0 0.0 0.10202156900591658 5.513192613310458 0.0 0.0
0.02647665 0.03394295 -3.671547 -4.914207 1.25887 0.7721299 -0.4271244 19.634 0.9015675 0 0.0 0.043048076030468535 6.134304183202689 1.0 0.0
-0.001971765 0.03462668 -5.005301 -3.366972 2.26551 1.187404 -0.2651061 20.08449 0.8637199 0 0.0 0.03468277418312475 6.03237420501953 1.0 0.0
-0.05625902 -0.00244686 -4.403102 -4.324183 0.3283049 0.2497562 -0.4296157 17.69084 1.379257 1 0.9832665 0.05631220520650918 6.171374712322449 1.0 0.0
0.009402282 0.01099406 -2.415873 -6.122008 0.4566475 0.2996224 -0.2905531 17.89879 1.08333 0 0.0 0.014466245611461323 6.581445457055236 1.0 0.0
-0.02981558 0.0007232947 8.945721 -15.66793 2.410694 2.218063 -0.6185368 19.72017 nan 0 0.0 0.02982435189504456 18.041894431980836 0.0 0.0
-0.08429306 -0.004571604 -10.49164 0.8501992 2.845848 1.757178 -0.5186442 20.46278 0.9324932 0 0.0 0.08441693862783947 10.526031947950788 0.0 0.0
-0.007901588 -0.02176257 -9.136554 -3.568934 0.5423886 0.3676606 -0.2917133 17.98947 1.07519 0 0.0 0.023152635831080744 9.808868889493427 0.0 0.0
0.01767552 0.008772392 -20.65649 2.17498 2.16002 1.6467 -0.6318585 19.35508 nan 0 0.0 0.01973268528791923 20.770679264783325 0.0 0.0
0.02586191 0.001037589 -5.676543 -8.896165 2.554269 2.740985 -0.4279997 20.1014 nan 0 0.0 0.025882715850177332 10.55295655909158 0.0 0.0
0.01686133 -0.01809815 -8.566052 -8.345602 1.492214 0.7973757 -0.312452 18.35573 1.098127 0 0.0 0.024735550990252878 11.959361170610578 0.0 0.0
-0.07262608 -0.06024237 -3.160081 -3.953989 3.297983 2.153325 -0.4615543 20.58699 1.208227 0 0.0 0.0943593696427827 5.061634216207449 0.0 0.0
0.01830606 0.0712913 -9.061252 -3.547867 4.435643 2.10653 -0.254727 20.64442 0.7770233 0 0.0 0.07360408472641719 9.731066131580496 0.0 0.0
-0.01589099 -0.03766733 -4.432667 -4.590256 0.1688074 0.117453 -0.3943863 16.42287 1.44453 1 0.9941712 0.04088216374544038 6.381143069891554 1.0 0.0
0.003928428 0.04468596 -2.101273 -2.979392 2.002582 1.250434 -0.3357201 20.30808 0.8604488 0 0.0 0.04485830544807488 3.645836654348765 0.0 0.0
-0.05582332 0.01142371 -6.692605 -0.5013265 1.604268 1.048251 -0.4412465 19.60745 1.270674 0 0.0 0.05698020889735752 6.711355298717783 1.0 0.0
-0.01846771 0.000105206 -4.211689 -4.850887 0.7066512 0.5234154 -0.406484 18.43932 nan 0 0.0 0.018468009663917116 6.424128650602352 1.0 0.0
0.02360699 0.001541884 0.0140948 -6.08062 2.141558 2.196856 -0.4122565 19.95944 nan 0 0.0 0.023657290274449357 6.080636335761828 1.0 0.0
0.04993325 0.03832155 -5.279685 -1.984273 1.035134 0.7082273 -0.3876164 19.50565 1.180096 0 0.0 0.06294339242497977 5.640249377266398 1.0 0.0
-0.007759111 -0.0009152328 -1.581625 -5.853541 1.015906 0.8122033 -0.7536208 17.97356 nan 0 0.0 0.007812903083266607 6.063454450996231 1.0 0.0
-0.0151905 0.014083 -3.389841 -4.546919 0.2594525 0.1830698 -0.325613 16.74426 0.531292 0 0.0 0.020714298908000722 5.671463161992856 1.0 0.0
-0.02098691 -0.003946675 -8.304995 -3.023925 1.947185 1.111399 -0.629368 19.21936 1.198372 0 0.0 0.021354780141779148 8.838385845597035 0.0 0.0
-0.03994072 0.01453917 -3.028998 -13.65485 0.3106055 0.2070034 -0.4173527 17.53654 1.170763 1 0.0 0.04250468889907677 13.986770799813085 0.0 0.0
-0.09585957 -0.08609819 -4.461241 -4.069244 0.6427299 0.4533773 -0.3131475 18.85292 1.38755 1 0.7806677 0.1288485757851479 6.038329072816172 0.0 0.0
0.04054372 0.03340633 -5.71623 -6.135116 2.160527 1.37384 -0.4762273 20.18518 0.9456921 0 0.0 0.05253357131879861 8.385400034962911 0.0 0.0
0.08241559 0.008026652 -9.720562 -5.327657 1.379782 0.9962825 -0.2461845 19.80682 0.9546852 0 0.0 0.08280553494409178 11.084820914452925 0.0 0.0
-0.06812219 -0.01832218 -2.988273 -2.365744 2.889642 1.937192 -0.4341141 20.51294 1.337402 0 0.0 0.07054314318449738 3.8113672344796425 0.0 0.0
-0.04584192 -0.01927774 -3.728442 -4.764195 0.4773116 0.3262561 -0.4315016 18.27885 1.353388 1 0.9767535 0.04973040205743364 6.049696996163444 1.0 0.0
-0.07970534 0.001464526 -1.411956 -9.434721 2.260178 1.442233 -0.5455039 20.2235 1.596674 0 0.0 0.07971879364942921 9.53978931076452 0.0 0.0
0.03840954 -0.08008357 1.542804 -3.722405 2.249898 1.553101 -0.4486678 20.30335 1.648396 0 0.0 0.088818190405775 4.029459413673378 0.0 0.0
-0.06926512 -0.04657108 -4.13959 -4.732066 0.1767607 0.1260439 -0.4469135 16.60316 0.8028412 1 0.9911699 0.08346569559394326 6.287181721284665 0.0 0.0
-0.01809405 0.0008224615 -4.132739 -4.659117 1.667511 1.090738 -0.6604678 19.25207 nan 0 0.0 0.01811273276790342 6.227913202816013 1.0 0.0
0.02355857 0.0009620654 -5.312633 -5.05855 1.66526 0.9781841 -0.1655176 19.5813 0.8677006 0 0.0 0.023578205832479646 7.335734284663602 1.0 0.0
0.02661221 0.00832721 -3.962302 -4.523416 1.334957 0.7695323 -0.5904923 19.25368 1.00017 0 0.0 0.027884622060702205 6.0134124628417105 1.0 0.0
0.06529704 0.04354715 2.910358 -3.268916 2.72454 1.928738 -0.677836 20.05024 nan 0 0.0 0.0784860351010554 4.376756276424357 0.0 0.0
-0.008607049 -0.07159783 1.435765 -0.8948715 2.735739 1.390258 -0.5487601 20.24596 1.280519 0 0.0 0.07211331744689951 1.6918085402128842 0.0 0.0
0.04168781 0.008400353 -0.7507565 2.03816 0.2981404 0.1898439 -0.2926128 17.72349 0.9550037 1 0.0 0.04252575023583604 2.1720339564316786 0.0 0.0
0.06743977 0.03799866 -6.257482 -3.579136 0.2952638 0.1910481 -0.280581 17.73259 1.20071 1 0.0 0.07740814388324073 7.208765184608249 0.0 0.0
0.07888512 0.04498731 -5.724617 -5.022347 1.04418 0.6831864 -0.09968871 19.7474 1.572689 0 0.0 0.09081145422495171 7.615458566960889 0.0 0.0
-0.0003911396 0.00738214 -1.945668 -2.855884 1.322243 0.7676797 -0.05760862 18.22984 nan 0 0.0 0.007392494921627485 3.4556761115127674 0.0 0.0
0.03685477 -0.08174599 -2.024605 -2.64493 1.16256 0.8779684 -0.5963023 19.38221 nan 0 0.0 0.08966984416643647 3.3308677714561115 0.0 0.0
0.007535781 0.03982575 -4.274985 -4.794317 0.1493086 0.08508119 -0.183513 16.05281 1.414122 1 0.9930283 0.040532435879705786 6.423470420786104 1.0 0.0
-0.005129544 -0.01123376 -4.949553 -4.448055 0.4726583 0.3373765 -0.6948947 16.97866 0.7381096 0 0.0 0.012349477130046275 6.654567467749801 1.0 0.0
-0.06249294 -0.116702 -8.240325 -4.970577 2.186814 1.611479 -0.3914703 20.40804 1.535852 0 0.0 0.13238098184347932 9.623387751647234 0.0 0.0
0.09074322 -0.0165841 1.564247 -4.328809 1.523686 0.8439982 -0.1870625 19.7531 1.288248 1 0.01695275 0.09224621590492696 4.602766128698046 0.0 0.0
-0.09466717 -0.02032362 -1.097589 -2.341926 0.6997228 0.4425055 -0.4322509 18.71182 1.576576 1 0.0 0.0968241839919826 2.5863717834829933 0.0 0.0
0.04595203 0.03887344 0.3527671 -3.843087 0.3510608 0.2140523 -0.3350729 17.75492 1.264183 1 0.0 0.060189146850196336 3.859243749287082 0.0 0.0
-0.08838103 -0.03463621 -8.65063 -2.490018 0.4795382 0.3243407 -0.3834568 18.29916 1.140558 1 0.0 0.09492562091988126 9.001865864209709 0.0 0.0
0.02672462 -0.08085662 -5.594698 -5.22798 1.863222 1.280303 -0.4671077 20.16504 0.8612843 0 0.0 0.08515866551308093 7.657180982032748 0.0 0.0
0.04212378 -0.009620527 -3.504827 -5.693473 0.3199842 0.1970597 -0.2788911 17.7492 1.307922 1 0.005458861 0.043208417944263236 6.685764511382225 1.0 0.0
0.03718018 -0.08139139 -2.264871 0.2274221 0.2733936 0.1928953 -0.3666813 17.30288 1.207861 1 0.0 0.08948141790877309 2.2762604108953375 0.0 0.0
0.0852518 -0.03201947 -2.353219 -2.891842 0.4714086 0.30379 -0.407232 18.18263 1.27387 1 0.0 0.09106654634014019 3.7283226543480654 0.0 0.0
-0.005336574 0.01725438 -4.065815 -4.54138 0.08786344 0.05804501 -0.2372245 15.22173 1.453465 1 0.9978864 0.018060804280039026 6.095488817037154 1.0 0.0
-0.008832106 -0.003013437 -2.012119 -6.07936 0.4453564 0.3536851 -0.3593535 17.18348 1.239728 0 0.0 0.009332036163035642 6.403689630186725 1.0 0.0
0.06516547 0.03116095 1.778045 -4.921517 1.88358 1.160601 -0.5103821 20.10463 0.917778 1 0.06061645 0.07223256388377336 5.2328552056515 0.0 0.0
-0.02961651 -0.0145583 -4.792661 -4.650268 1.380508 1.049959 -0.6299422 19.43053 1.078564 0 0.0 0.03300123881720351 6.677918233457564 1.0 0.0
0.01659808 0.04448583 -6.409651 -3.343739 0.7869138 0.4687597 -0.2706367 19.0876 1.152382 0 0.0 0.047481420897813285 7.229399452369609 1.0 0.0
0.03372343 0.05151049 -4.375572 -4.808109 1.052994 0.6231898 -0.2674044 19.5035 1.038513 0 0.0 0.061567851278122414 6.50104164600297 1.0 0.0
-0.008233394 0.03488183 -4.942585 -4.717595 0.9090498 0.5560517 -0.3623119 19.27434 0.9409981 0 0.0 0.03584035213147516 6.8326311964169415 1.0 0.0
0.01616161 -0.02023803 -10.50172 -6.143197 2.410138 1.042039 0.1186909 19.79367 nan 0 0.0 0.025899333892457545 12.166552196049997 0.0 0.0
0.01104947 -0.0234834 -5.169731 -4.802048 0.8185994 0.4481454 -0.4671099 18.63615 1.048582 0 0.0 0.02595305112777494 7.055904166488161 1.0 0.0
0.01060272 0.05577462 9.631496 -8.895255 0.2666714 0.1562952 -0.2318342 17.3943 1.170784 1 0.0 0.05677346129612673 13.110731356909156 0.0 0.0
-0.01096104 -0.03961192 -4.092805 -4.636895 0.121855 0.08073108 -0.3928515 15.78301 1.500098 1 0.9974612 0.041100469631964065 6.184807839298647 1.0 0.0
0.04726057 -0.04683601 -2.569756 -4.360432 2.73025 1.803373 -0.2344399 20.58366 0.4213047 0 0.0 0.0665370070670826 5.061325234181262 0.0 0.0
0.0645077 -0.01752166 -3.662121 -4.990222 0.2728649 0.184677 -0.3146991 17.38329 1.287802 1 0.9190095 0.06684498431779007 6.189785604358604 1.0 0.0
-0.08303467 -0.0512888 -1.112801 -3.835117 1.420767 0.9100267 -0.5583837 19.66691 nan 0 0.0 0.0975976302348008 3.993300448161896 0.0 0.0
-0.002248767 0.01862783 -4.53947 -4.791305 0.1658696 0.1038115 -0.324269 16.08492 1.343534 0 0.0 0.018763075534922014 6.600256925599563 1.0 0.0
-0.05564204 -0.03708767 -4.310027 -2.814939 2.095474 1.323813 -0.5484846 20.10754 0.9998207 1 0.5615934 0.06686951384143973 5.1478358865109515 0.0 0.0
0.008947609 -0.05846007 -10.69961 -8.595461 3.943632 2.162771 -0.3160786 20.44176 1.117777 0 0.0 0.059140844525774075 13.724562067862895 0.0 0.0
0.1070786 -0.02560104 -1.119723 -1.606593 3.507376 3.402302 -0.5379544 20.68698 0.6038094 0 0.0 0.11009650233791081 1.958295346564966 0.0 0.0
-0.0228044 -0.01475425 3.494753 -10.1102 1.791075 1.332372 -0.6896813 19.29952 1.018177 0 0.0 0.02716115889321551 10.697169839308387 0.0 0.0
0.07428347 -0.1030754 -2.09001 -1.959878 3.408918 1.965037 -0.08877028 20.49734 0.5522423 0 0.0 0.12705342183664675 2.8651812464456765 0.0 0.0
-0.05235439 0.0009243878 -2.713595 -5.655122 1.823892 1.345274 -0.468613 20.05639 1.115925 1 0.8081242 0.05236255002458235 6.2724797854524015 1.0 0.0
0.06064365 -0.08352027 -8.9477 -2.927619 1.366026 0.9105665 -0.3586368 19.87035 1.20491 1 0.03580153 0.10321476534970855 9.414472279377161 0.0 0.0
0.01594424 -0.07767586 -6.354262 -7.786964 0.097358 0.06292336 -0.3128867 15.06105 1.661715 1 0.0 0.07929538458143198 10.050544955470823 0.0 0.0
0.003346687 -0.0117372 4.757075 0.4099816 2.147627 1.035547 0.232287 19.02421 nan 0 0.0 0.012205006256285532 4.7747091500910885 0.0 0.0
0.0241919 0.02007349 -9.139616 -2.562011 2.532277 1.987264 -0.5904222 20.0685 0.8740635 0 0.0 0.03143553763481865 9.491916613180765 0.0 0.0
0.07471893 -0.07741441 -1.229192 0.8963009 0.4031292 0.2531083 -0.2570103 18.12021 1.316662 1 0.0 0.10759140010239202 1.521271927107317 0.0 0.0
-0.02613334 -0.07913979 -8.723669 -4.048479 2.985564 1.612021 -0.4740476 20.38401 1.050482 0 0.0 0.08334301302928579 9.617306433456408 0.0 0.0
0.02936266 -0.08087669 -0.7142 -9.829122 0.2947908 0.2004241 -0.3753419 17.36284 1.208815 1 0.0 0.08604187810381465 9.855035308454456 0.0 0.0
0.08839823 -0.0920131 -4.288838 0.5168428 2.479432 2.04205 -0.5640651 20.18383 1.215471 0 0.0 0.12759568032948018 4.319867807023248 0.0 0.0
-0.01931641 0.01758012 -4.484317 -3.646037 1.372601 0.8838627 -0.2937737 19.46816 1.180719 0 0.0 0.026118658359542513 5.779505581090652 1.0 0.0
0.03029161 0.01067946 -4.26071 -4.651759 0.07698276 0.04960031 -0.2535081 15.04734 1.517887 1 0.9981145 0.032119036446999774 6.3081305866461745 1.0 1.0
-0.01454842 -0.0003020912 -4.359681 -4.385017 0.2316529 0.1818885 -0.3706503 16.87391 1.15382 0 0.0 0.014551556053890505 6.183461208097776 1.0 0.0
-0.003926184 0.03332961 -1.670012 -6.603595 1.206613 0.6588612 -0.2553418 19.31779 1.316132 0 0.0 0.033560062925357514 6.811490806289693 1.0 0.0
0.1305445 0.005664677 -3.200536 -3.787937 2.049281 1.136018 -0.045994 20.27998 0.9612083 0 0.0 0.13066734498628313 4.959021819196302 0.0 0.0
-0.07458838 -0.06195331 -11.85076 2.718905 4.321398 2.466383 -0.472373 20.70095 1.207476 0 0.0 0.09696204953991278 12.158657696334123 0.0 0.0
-0.02298926 -0.07925319 -4.235837 -4.583012 0.1104468 0.06396181 -0.3573489 15.00833 1.644854 1 0.9964754 0.08252014421051201 6.240698204745444 0.0 0.0
-0.02603064 0.005420617 -0.7432994 -4.362054 2.083121 1.644671 -0.07456373 19.70247 1.197428 0 0.0 0.026589044876984377 4.424930405888476 0.0 0.0
0.0001515148 -0.02137305 -0.321274 -4.273257 1.215943 0.6853619 -0.4009921 18.65297 1.040182 0 0.0 0.021373587041886983 4.285317067747147 0.0 0.0
0.01035365 0.0007095103 -10.58079 2.894788 1.722076 1.249162 -0.2418283 18.52541 nan 0 0.0 0.010377932028506743 10.969636028102483 0.0 0.0
0.06379751 -0.002254619 -4.11683 -5.560069 2.069037 1.468857 -0.2271542 20.35521 1.245775 1 0.7410476 0.06383733695131134 6.9182842189130245 1.0 0.0
-0.02420874 -0.03395407 -3.417533 -4.530002 0.4651586 0.3235812 -0.446764 18.22909 1.241638 0 0.0 0.04170062304033958 5.674544028033706 1.0 0.0
0.04423917 0.0396031 -4.219809 -4.567226 0.05666344 0.0344377 -0.3150877 13.59447 1.859585 1 0.9982805 0.0593760026601564 6.218226542315501 1.0 0.0
0.009236024 0.03177274 -4.320139 -2.976425 0.9955122 0.5962275 -0.2888555 19.34989 1.073101 0 0.0 0.033087930525135235 5.246208798737046 1.0 0.0
0.06704836 0.04544912 -5.710121 -5.611255 0.4234767 0.2735362 -0.09999945 18.47548 1.251394 0 0.0 0.0810006486854519 8.005726981958977 0.0 0.0
0.07995248 0.03892461 -2.251572 -5.252158 2.170096 1.419139 -0.3271045 20.3239 1.023579 0 0.0 0.08892426171637581 5.714432616467534 0.0 0.0
