jas1101finalproject/data/gcs/NGC_6715_M_54.ecsv
# %ECSV 0.9
# ---
# datatype:
# - {name: x, unit: deg, datatype: float64}
# - {name: y, unit: deg, datatype: float64}
# - {name: pmx, unit: mas / yr, datatype: float64}
# - {name: pmy, unit: mas / yr, datatype: float64}
# - {name: pmx_e, unit: mas / yr, datatype: float64}
# - {name: pmy_e, unit: mas / yr, datatype: float64}
# - {name: pm_corr, datatype: float64}
# - {name: g_mag, unit: mag, datatype: float64}
# - {name: bp_rp, unit: mag, datatype: float64}
# - {name: filter, datatype: int64}
# - {name: memberprob, datatype: float64}
# - {name: r, unit: deg, datatype: float64}
# - {name: pm, unit: mas / yr, datatype: float64}
# - {name: member_prob_GMM, datatype: float64}
# meta: !!omap
# - comments: [deg deg mas/yr mas/yr mas/yr mas/yr dimless mag   mag   zeroone float]
# - __serialized_columns__:
#     bp_rp:
#       __class__: astropy.units.quantity.Quantity
#       unit: &id001 !astropy.units.Unit {unit: mag}
#       value: !astropy.table.SerializedColumn {name: bp_rp}
#     g_mag:
#       __class__: astropy.units.quantity.Quantity
#       unit: *id001
#       value: !astropy.table.SerializedColumn {name: g_mag}
#     pm:
#       __class__: astropy.units.quantity.Quantity
#       unit: !astropy.units.Unit {unit: mas / yr}
#       value: !astropy.table.SerializedColumn {name: pm}
#     pmx:
#       __class__: astropy.units.quantity.Quantity
#       unit: !astropy.units.Unit {unit: mas / yr}
#       value: !astropy.table.SerializedColumn {name: pmx}
#     pmx_e:
#       __class__: astropy.units.quantity.Quantity
#       unit: !astropy.units.Unit {unit: mas / yr}
#       value: !astropy.table.SerializedColumn {name: pmx_e}
#     pmy:
#       __class__: astropy.units.quantity.Quantity
#       unit: !astropy.units.Unit {unit: mas / yr}
#       value: !astropy.table.SerializedColumn {name: pmy}
#     pmy_e:
#       __class__: astropy.units.quantity.Quantity
#       unit: !astropy.units.Unit {unit: mas / yr}
#       value: !astropy.table.SerializedColumn {name: pmy_e}
#     r:
#       __class__: astropy.units.quantity.Quantity
#       unit: &id002 !astropy.units.Unit {unit: deg}
#       value: !astropy.table.SerializedColumn {name: r}
#     x:
#       __class__: astropy.units.quantity.Quantity
#       unit: *id002
#       value: !astropy.table.SerializedColumn {name: x}
#     y:
#       __class__: astropy.units.quantity.Quantity
#       unit: *id002
#       value: !astropy.table.SerializedColumn {name: y}
# schema: astropy-2.0
x y pmx pmy pmx_e pmy_e pm_corr g_mag bp_rp filter memberprob r pm member_prob_GMM
[from data line 1953]
-0.0811843 0.02562563 -6.285101 -6.471359 1.80448 1.750429 0.2467222 20.42725 0.779747 0 0.0 0.08513262288563005 9.02114083068666 0.0
0.02162775 -0.0808092 -0.8341546 -1.759108 1.0395 0.9328714 0.5241793 19.55718 0.8488083 0 0.0 0.08365337037264248 1.9468628232017682 0.0
-0.07335257 -0.03371342 0.2751309 -8.077678 0.6725286 0.5975327 0.5641937 18.98956 1.538198 0 0.0 0.08072914104399538 8.082362209392674 0.0
-0.04822933 -0.01086104 8.19985 -12.17472 2.172421 1.734129 0.6460419 20.12403 0.8046246 0 0.0 0.049437136467745585 14.678601673895917 0.0
0.06208132 -0.02288137 -2.396536 -1.280454 0.1499482 0.1381691 0.3127291 16.67877 1.397089 1 0.9929844 0.06616379210730973 2.7171579353088773 0.0
0.04468481 -0.0575932 -1.515012 -0.03099451 2.361713 2.151031 0.4417865 20.44221 0.8736801 1 0.8245166 0.07289519141189013 1.51532901371093 0.0
0.04408142 -0.05503517 -3.611613 -1.666133 0.3699571 0.3630891 0.4186056 18.44363 0.6016273 1 0.9313159 0.0705127047144364 3.9774046356208217 0.0
-0.08880093 -0.01693971 -2.715031 -1.157275 0.3118613 0.2753553 0.4539417 18.04046 1.270586 1 0.9918832 0.09040220652035547 2.951385904382211 0.0
0.005678104 -0.05525614 -2.851857 2.757351 0.8830915 0.8402978 0.4081856 19.67084 1.497313 0 0.0 0.05554711399104743 3.966871927054111 0.0
-0.03750909 0.08135252 -4.697518 -5.365615 1.225499 1.139786 0.2568655 19.94102 1.103001 0 0.0 0.08958328160420614 7.131374319761163 0.0
-0.07732055 0.02996418 -2.763242 -1.480186 1.549911 1.532893 0.2394736 20.28073 0.9909267 0 0.0 0.08292357647481746 3.1347180008989644 0.0
-0.01757908 0.05964873 -3.568617 -3.010807 1.214579 1.080475 0.3341291 20.03875 0.6791077 0 0.0 0.06218516739753379 4.669045521724756 0.0
-0.07277334 0.03556003 -0.7577898 -3.526472 0.3490985 0.3192388 0.2350775 18.39333 0.8159657 1 0.0 0.08099675764100993 3.606972435127283 0.0
0.06644941 -0.01815784 -3.688227 -8.449746 0.7481791 0.7014162 0.4142909 19.35971 1.101625 1 0.0 0.06888563887207333 9.219610939082244 0.0
-0.02248503 -0.006436175 -1.999499 -0.7626485 0.7543463 0.6602765 0.3486113 19.34193 nan 0 0.0 0.023388050853620206 2.1400067723148095 0.0
-0.04535454 0.02767642 -2.711334 -9.825234 2.037895 1.856121 0.1534451 20.25112 0.8045254 0 0.0 0.05313208562279482 10.19247542132489 0.0
0.05591503 -0.0004681912 -6.276384 3.852246 1.386974 1.372895 0.5889392 19.98131 1.628084 0 0.0 0.05591699010945293 7.364291911648533 0.0
-0.007653722 0.008832539 -3.806991 -3.40256 1.030425 1.001552 0.5511049 18.99872 nan 0 0.0 0.011687309598012924 5.105937233033814 0.0
-0.004683062 0.0414522 -3.330419 -2.491808 2.641225 2.467773 0.5590094 20.37695 0.4376717 0 0.0 0.041715895705783955 4.159422775389032 0.0
0.05786831 -0.03283132 -2.906232 -7.054203 0.4810205 0.4491552 0.3161836 18.62713 1.016598 1 0.0 0.06653297584805973 7.6294144207162455 0.0
-0.04040325 0.07818899 -2.207285 -1.233307 0.9346153 0.8704837 0.250692 19.84838 0.8602581 0 0.0 0.08801102639887004 2.528468553783891 0.0
0.04407043 -0.02128464 -2.677456 -1.381819 0.1519669 0.1460279 0.4689074 16.30502 1.682462 1 0.9986336 0.04894117591879562 3.0130042118618086 0.0
-0.05114606 -0.01523608 -2.170577 -0.7751339 0.8321354 0.7166974 0.4779745 19.37902 0.7536068 0 0.0 0.05336719579751217 2.3048290773630504 0.0
-0.02799702 0.04770439 -3.207662 -5.959324 1.623436 1.544057 0.6596922 19.90777 0.9054718 0 0.0 0.0553131264181704 6.7677646267597105 0.0
0.02607014 -0.07597135 -4.276043 -4.120619 0.4769751 0.4550854 0.367802 18.65278 0.9852905 1 1.225242e-05 0.08031997398183158 5.938353701238247 0.0
-0.04587692 0.07559638 -3.772358 -9.303416 1.05951 0.9709335 0.1807529 19.91053 0.8311672 0 0.0 0.08842796196786852 10.039135129542784 0.0
0.04778965 -0.05105247 -2.252057 -3.912271 0.42185 0.4042688 0.3962619 18.61562 1.403389 0 0.0 0.0699300031476004 4.51415829459823 0.0
-0.01863982 -0.03559681 -2.882777 -1.925143 0.3701621 0.3589996 0.361619 18.05229 0.9379749 0 0.0 0.04018178407946193 3.4664937331802577 0.0
-0.039254 0.03489266 -2.886887 -1.670237 0.3591931 0.3095028 0.3218776 18.11161 0.7981663 0 0.0 0.052520226940442664 3.335237350914924 0.0
-0.08950568 -0.02263761 -1.615802 -4.464482 0.9401552 0.8087349 0.5274209 19.6038 0.8371792 0 0.0 0.09232403879150057 4.747885385256051 0.0
-0.0739515 -0.04130131 -13.53517 -13.2337 1.402512 1.210705 0.4895056 20.02133 0.9241791 0 0.0 0.08470314374311086 18.929649828216583 0.0
-0.01007089 -0.01725067 -2.777723 -0.7405962 0.1924513 0.1877546 0.3424839 17.09991 1.171387 0 0.0 0.019975195639617648 2.874756997762322 1.0
-0.08341138 -0.01563985 -3.767563 -2.126961 0.8616254 0.7479823 0.4950528 19.49662 1.182646 0 0.0 0.08486497052098056 4.32648749616707 0.0
-0.05450429 0.01796332 -1.304835 -0.3906955 1.074574 0.9676499 0.719774 19.34973 0.7896118 0 0.0 0.05738813896465453 1.3620709786737437 0.0
-0.0208453 0.07352595 -7.507669 -4.949486 1.446652 1.353878 0.2191292 19.92952 0.676136 0 0.0 0.07642376499160781 8.992358171122689 0.0
0.04139948 0.004831957 -2.986745 -1.844177 1.791654 1.731534 0.5081622 20.01232 1.136169 0 0.0 0.041680508066963974 3.510218583272842 0.0
-0.08502983 0.03094385 -4.629978 -3.176836 1.053785 0.9757407 0.288351 20.03637 nan 0 0.0 0.0904853239075343 5.615067519752546 0.0
-0.008971449 0.03687808 -0.7254816 -2.391975 3.127464 2.880301 0.5027786 20.47557 nan 0 0.0 0.0379536517563989 2.499573554141498 1.0
-0.09178813 0.02768187 -4.725205 -6.970676 0.4242129 0.4045885 0.3632484 18.63903 0.9425888 1 0.0 0.09587151159543589 8.421275805304147 0.0
0.08497304 -0.03504848 1.080436 -4.873265 2.018748 1.826978 0.5391809 20.1221 1.388525 1 0.005950297 0.09191742749420265 4.991598312196305 0.0
0.03187923 -0.07227092 -0.2621615 -6.02615 1.023403 0.9340246 0.4212996 19.63051 1.768034 0 0.0 0.07898969035918105 6.031849838530652 0.0
0.01666718 -0.04527243 -5.397388 -2.205911 1.294436 1.163324 0.3004635 20.00953 1.200033 0 0.0 0.04824300785872809 5.830766721664056 0.0
-0.05760023 0.04879192 -0.8171432 -0.7680129 2.556662 2.502536 0.002783681 20.4294 0.5903435 0 0.0 0.07548799873714564 1.121412869496623 0.0
-0.05847621 0.06151913 -2.066215 -0.8599568 1.019607 0.9304528 0.2076223 19.93788 1.293861 0 0.0 0.0848767959569693 2.2380281776803526 0.0
-0.006787608 0.03585019 -0.9654123 -0.2265552 0.3886464 0.3405556 0.2705101 18.42452 0.1441517 0 0.0 0.036487090119626746 0.9916391317603043 0.0
-0.005444559 0.01384139 -4.247045 -1.949786 2.073664 2.329739 0.6854938 19.67404 nan 0 0.0 0.014873711703424301 4.673227650973255 0.0
-0.01133941 0.03703614 -2.767056 -0.7706453 0.567107 0.5045907 0.2888738 18.86584 1.062815 0 0.0 0.038733162603222834 2.872367157162902 0.0
-0.02843554 0.01749186 -2.633396 -2.494294 0.7041635 0.645184 0.5255513 18.9254 1.015251 0 0.0 0.03338480344934204 3.627158261125643 0.0
-0.04983756 -0.002891038 -2.732919 -1.386565 0.07676249 0.06041087 0.4460173 14.61118 1.869168 1 0.9994475 0.04992134300548258 3.064540546278675 0.0
-0.0140041 0.08809739 1.639448 0.101447 0.3217381 0.2942208 0.3374231 18.01854 1.050732 1 0.0 0.08920350296721592 1.6425837082209844 0.0
-0.02171058 0.05871521 -2.424735 -2.070919 1.521029 1.374615 0.3722196 19.75334 0.8609867 0 0.0 0.06260052051924568 3.188737261799097 0.0
0.01631715 0.06224676 -2.191726 -1.227177 0.504583 0.4723831 0.3182464 18.75808 1.28529 0 0.0 0.06434989133339776 2.5118969422340958 0.0
-0.05814889 -0.001867587 -2.618266 -1.787024 0.4686363 0.3959846 0.439572 18.58864 0.3243828 0 0.0 0.05817887322245653 3.1699797512495254 0.0
-0.00181509 0.04162777 -2.4965 -5.217424 0.7261852 0.625684 0.3241631 19.329 1.078548 0 0.0 0.041667322770739666 5.783945491252144 0.0
-0.03808967 0.0851689 5.146935 -6.619786 0.6086009 0.5648264 0.2523655 19.25034 1.087936 1 0.0 0.0932982555459581 8.385255307980849 0.0
-0.01453966 -0.02742504 -4.299947 -3.449576 2.418373 1.669425 0.1930935 20.19408 0.9495106 0 0.0 0.03104085262870851 5.5126326544206625 0.0
-0.03647729 -0.07298398 -4.324333 -0.1181061 1.172485 1.089188 0.4055159 19.7813 1.636784 0 0.0 0.08159199729375731 4.325945555106561 0.0
0.07177775 -0.03125176 -2.546992 -1.207559 0.2997948 0.2818789 0.3027513 17.98107 1.323374 1 0.993066 0.07828612838913482 2.8187527359711777 0.0
0.004368487 0.04867343 -3.54941 -1.540146 0.50569 0.4380858 0.2875799 18.82627 1.109079 0 0.0 0.04886907474706339 3.869155082109788 0.0
0.04849413 -0.008892786 1.105372 -7.765575 0.4795382 0.4874879 0.4273849 18.50179 0.9606609 0 0.0 0.04930276145713033 7.843851244064296 0.0
-0.08248069 0.03427627 -0.01549256 -6.448767 1.058114 0.9594882 0.2095849 19.95207 1.354542 0 0.0 0.08931924153276828 6.448785609686862 0.0
-0.06657002 -0.03280064 -2.408302 -2.461199 2.010067 1.698313 0.760012 20.13806 1.129541 0 0.0 0.07421219271258597 3.443460329494882 0.0
0.03107841 -0.02883844 -3.87837 -3.092896 0.6954645 0.7898271 0.6875331 18.97996 1.204319 0 0.0 0.04239720733446603 4.960620880869248 0.0
0.005079792 0.06473136 -1.325823 -2.771971 0.5666889 0.4942014 0.3007617 18.81599 1.121082 0 0.0 0.06493037235541518 3.0727235235487753 0.0
-0.04022817 -0.0270527 0.2693099 -4.540574 1.625541 1.511041 0.4536212 19.616 0.8798695 0 0.0 0.048478389400215226 4.548553624144054 0.0
0.02968442 -0.03040394 -6.150819 -5.403472 1.69109 2.227503 0.8794903 19.54866 0.7822285 0 0.0 0.042491932860956094 8.18719023997519 0.0
-0.0303663 -0.03320795 3.041979 -0.6378902 0.4453124 0.3626554 -0.01687937 18.32014 0.8732643 0 0.0 0.0449986679679799 3.108140946562276 0.0
-0.005814446 0.0411298 -2.240067 -1.027468 2.004005 1.845643 0.4389202 20.29157 0.6695728 0 0.0 0.04153875576286459 2.464465592276143 0.0
0.003681476 -0.02685944 -2.583523 -0.8036 0.5577369 0.5310334 0.3609144 18.91794 0.2453175 0 0.0 0.02711056588587143 2.7056171295157414 1.0
0.02549195 0.02420273 -2.240286 -2.347793 1.194583 1.011085 -0.008325901 18.66475 1.158619 0 0.0 0.035151268174212436 3.2451522818883243 1.0
-0.06531368 0.05408376 -4.272754 -8.045065 0.5449625 0.5241361 0.3432219 19.01752 0.9105682 1 0.0 0.08479935076921286 9.109308294197808 0.0
0.02647305 -0.04402911 -0.3991018 -6.881822 0.9496139 0.9214955 0.2367473 19.56421 nan 0 0.0 0.05137494431816545 6.893384965780399 0.0
0.02606952 -0.07828878 -5.768213 -5.991663 2.159462 1.984786 0.3846398 19.87993 1.010124 0 0.0 0.0825151679809161 8.31698904165071 0.0
0.08997181 -0.03129931 -3.042732 -1.247605 0.370768 0.3458853 0.3139531 18.37973 1.198782 1 0.9844388 0.09526055532670488 3.2885766312873113 0.0
-0.06888037 0.03685985 -1.897064 -1.048852 1.713045 1.656653 0.03671499 20.26304 0.8664818 0 0.0 0.07812268501120144 2.1677043935924476 0.0
0.05688891 0.0008339639 -2.196369 -1.528962 0.8091209 0.7933636 0.4487241 19.51067 1.134651 0 0.0 0.05689502242529309 2.6761467787856854 0.0
-0.01264201 -0.06240363 -17.10171 2.885899 2.215972 1.947374 0.5380016 20.36298 nan 0 0.0 0.06367129222826406 17.343497281756672 0.0
-0.08334821 0.033463 -2.566544 -2.679018 1.283374 1.433507 0.4587473 20.09579 1.566053 0 0.0 0.08981478986895255 3.710025006419768 0.0
-0.02752761 -0.03038995 -2.099323 -1.14742 0.4374203 0.3320933 -0.1513661 18.06858 1.200871 0 0.0 0.041003882417578456 2.392431757590799 0.0
0.02246587 0.02087515 -3.112069 -1.349896 0.1455498 0.1371809 0.2622939 16.59188 1.34074 1 0.9890683 0.0306673637989867 3.392225327359166 1.0
0.04776584 -0.0460266 -2.002584 -0.1152574 0.07689286 0.07170878 0.257163 15.31619 1.328621 1 0.0 0.06633267202868885 2.00589803960988 0.0
-0.08578878 -0.03328108 5.167566 -7.569678 0.2619843 0.2319704 0.4292408 17.74096 0.9412422 1 0.0 0.09201817787728031 9.165356697261705 0.0
-0.04200215 0.001531985 -6.126102 -6.531046 2.739496 2.481048 0.5413356 20.362 nan 0 0.0 0.04203007949864865 8.95453446967066 0.0
-0.04595626 0.07638217 1.581081 -7.838299 0.96862 0.9047472 0.2635204 19.9298 1.089855 0 0.0 0.08914153760787673 7.996170854975649 0.0
-0.02458092 -0.03811583 -3.485506 -1.262251 0.3821179 0.3106324 -0.06278232 18.05955 0.5924835 1 0.9764285 0.04535458217904008 3.7070243677425427 0.0
-0.004342681 0.0790098 -4.506929 -0.2553119 1.167596 1.029284 0.357137 19.86972 0.3592739 0 0.0 0.07912905518396994 4.514154757794931 0.0
-0.01923069 0.02756492 -3.79891 -1.917103 1.140528 1.056917 0.5307562 19.83327 0.9043999 0 0.0 0.033610180786221605 4.255232202913138 0.0
-0.05594853 -0.03222748 1.77197 -0.2270145 0.4156554 0.3645496 0.4387917 18.45099 1.045204 0 0.0 0.06456662044982145 1.7864527041347191 0.0
0.01274339 -0.09738629 0.4702024 -5.928311 2.086157 1.845859 0.4984499 20.39202 1.554836 0 0.0 0.09821651321776904 5.94692875438127 0.0
0.006547693 -0.02310021 -3.667203 -3.02794 1.472915 1.671969 0.5634674 19.70101 nan 0 0.0 0.02401024751364194 4.755712195540117 0.0
0.02005132 -0.07942032 -0.2524951 -4.41095 0.06862891 0.06304824 0.222629 14.92895 1.364431 1 0.0 0.08191240847786616 4.418170852063556 0.0
-0.02555846 -0.01984369 -2.546453 -1.337465 0.2507428 0.2146528 0.2576068 17.65328 1.214359 0 0.0 0.03235748615680304 2.876323261984647 1.0
-0.0560573 0.01969813 -2.738124 -0.3112434 1.286156 1.036865 0.7106957 19.50604 0.713974 0 0.0 0.059417482349784057 2.7557567914131247 0.0
0.01928787 -0.08622557 1.341608 -3.659181 2.743317 2.543905 0.3930544 20.28563 1.39572 0 0.0 0.08835649863457583 3.897373168741351 0.0
-0.03493228 0.08917933 -3.265766 -10.32094 0.7891442 0.7222371 0.3101772 19.42561 2.095934 0 0.0 0.09577691311191491 10.825295841239443 0.0
0.0281592 -0.03130566 -3.402435 -1.159883 0.3527545 0.3416668 0.3725144 18.22281 0.4126701 0 0.0 0.042106827150423 3.5947033956800944 0.0
-0.02505393 -0.03897235 -6.242316 -0.7877089 2.38522 1.822855 0.2402322 20.21717 1.529385 0 0.0 0.04633080479516194 6.291819637830952 0.0
0.07461771 -0.03070077 5.781668 -1.610511 0.8401638 0.8994281 0.6651254 18.72056 1.432438 0 0.0 0.08068667748914315 6.001785612910961 0.0
0.05205069 0.002915681 -2.634878 -0.9202438 0.2868902 0.2739849 0.3376644 17.9301 0.9730606 1 0.990346 0.05213228870066862 2.790955163796516 0.0
-0.08531964 0.03141852 -4.259607 -7.699216 0.6758516 0.6277863 0.3741773 19.20704 0.8696156 0 0.0 0.09092064874779546 8.798987374073507 0.0
0.009459171 -0.09685185 2.691166 -5.550917 0.7981895 0.758383 0.4241784 19.36716 1.225588 0 0.0 0.09731267525060515 6.168877854232892 0.0
0.06528359 -0.03127389 -2.391597 -1.147552 0.3527264 0.3365323 0.3708189 18.02113 0.989378 1 0.98955 0.0723878672086711 2.652661268068918 0.0
0.05752068 0.001762472 2.38995 -4.002529 0.5957105 0.5820563 0.4045647 19.05802 1.262989 0 0.0 0.057547675324144794 4.661769985567821 0.0
0.002129409 -0.06176196 -1.905928 -1.79959 0.4883675 0.4580859 0.3218064 18.72091 1.067915 0 0.0 0.06179865763696555 2.6212755881982344 0.0
0.06349573 -0.03128416 -3.121441 -1.596012 0.3762643 0.3689762 0.5807841 18.04631 1.292377 1 0.9884505 0.0707842241967693 3.5058020794997824 0.0
-0.08491234 -0.01327413 -3.699742 -1.540495 0.9167032 0.8226332 0.5369887 19.52449 1.162472 1 0.9351157 0.08594363275736312 4.007644658847513 0.0
-0.08904065 0.01515123 -4.411368 -3.71049 1.204349 1.053634 0.06632623 19.95391 1.273909 0 0.0 0.09032052437256662 5.764364984239288 0.0
-0.04668904 0.06757751 -0.5386389 -2.523945 3.206219 3.1584 0.5250817 20.61577 0.7077217 0 0.0 0.0821376059665833 2.580780933674575 0.0
0.08547972 -0.02692171 0.07157558 -3.841159 0.3786307 0.3546952 0.3098263 18.31151 nan 0 0.0 0.08961897678841518 3.8418258064276336 0.0
-0.07386983 0.0590234 -6.533242 -4.61179 0.828756 0.7873449 0.4192738 19.39444 0.9909306 0 0.0 0.09455428880695417 7.996990561121353 0.0
0.00884185 0.04913852 -0.317359 -0.05011971 1.947965 1.873126 0.4850429 20.15872 0.7588444 0 0.0 0.04992767227913694 0.32129226603123223 0.0
-0.006126327 -0.02019529 -3.254332 -2.106295 0.4519993 0.4461633 0.3928635 18.15135 nan 0 0.0 0.021104066449265865 3.876487507170505 1.0
0.02257241 -0.08672791 -7.854539 -5.63695 2.532163 2.179191 0.5562652 20.37151 nan 0 0.0 0.08961720853818313 9.667936088174196 0.0
-0.01314986 0.0001973846 -0.7906509 -1.203171 0.5304138 0.4646338 0.1798186 17.66362 0.8120575 0 0.0 0.013151341327025057 1.4397045880706951 0.0
