jas1101finalproject/data/gcs/NGC_6333_M_9.ecsv
# %ECSV 0.9
# ---
# datatype:
# - {name: x, unit: deg, datatype: float64}
# - {name: y, unit: deg, datatype: float64}
# - {name: pmx, unit: mas / yr, datatype: float64}
# - {name: pmy, unit: mas / yr, datatype: float64}
# - {name: pmx_e, unit: mas / yr, datatype: float64}
# - {name: pmy_e, unit: mas / yr, datatype: float64}
# - {name: pm_corr, datatype: float64}
# - {name: g_mag, unit: mag, datatype: float64}
# - {name: bp_rp, unit: mag, datatype: float64}
# - {name: filter, datatype: int64}
# - {name: memberprob, datatype: float64}
# - {name: r, unit: deg, datatype: float64}
# - {name: pm, unit: mas / yr, datatype: float64}
# - {name: member_prob_GMM, datatype: float64}
# meta: !!omap
# - comments: [deg deg mas/yr mas/yr mas/yr mas/yr dimless mag   mag   zeroone float]
# - __serialized_columns__:
#     bp_rp:
#       __class__: astropy.units.quantity.Quantity
#       unit: &id001 !astropy.units.Unit {unit: mag}
#       value: !astropy.table.SerializedColumn {name: bp_rp}
#     g_mag:
#       __class__: astropy.units.quantity.Quantity
#       unit: *id001
#       value: !astropy.table.SerializedColumn {name: g_mag}
#     pm:
#       __class__: astropy.units.quantity.Quantity
#       unit: !astropy.units.Unit {unit: mas / yr}
#       value: !astropy.table.SerializedColumn {name: pm}
#     pmx:
#       __class__: astropy.units.quantity.Quantity
#       unit: !astropy.units.Unit {unit: mas / yr}
#       value: !astropy.table.SerializedColumn {name: pmx}
#     pmx_e:
#       __class__: astropy.units.quantity.Quantity
#       unit: !astropy.units.Unit {unit: mas / yr}
#       value: !astropy.table.SerializedColumn {name: pmx_e}
#     pmy:
#       __class__: astropy.units.quantity.Quantity
#       unit: !astropy.units.Unit {unit: mas / yr}
#       value: !astropy.table.SerializedColumn {name: pmy}
#     pmy_e:
#       __class__: astropy.units.quantity.Quantity
#       unit: !astropy.units.Unit {unit: mas / yr}
#       value: !astropy.table.SerializedColumn {name: pmy_e}
#     r:
#       __class__: astropy.units.quantity.Quantity
#       unit: &id002 !astropy.units.Unit {unit: deg}
#       value: !astropy.table.SerializedColumn {name: r}
#     x:
#       __class__: astropy.units.quantity.Quantity
#       unit: *id002
#       value: !astropy.table.SerializedColumn {name: x}
#     y:
#       __class__: astropy.units.quantity.Quantity
#       unit: *id002
#       value: !astropy.table.SerializedColumn {name: y}
# schema: astropy-2.0
x y pmx pmy pmx_e pmy_e pm_corr g_mag bp_rp filter memberprob r pm member_prob_GMM
[from data line 17606]
-0.132224 -0.004095971 -2.291661 -1.546461 0.1896916 0.1258724 0.1244085 17.12125 0.8163624 1 0.0 0.13228742629000248 2.76464315300221 0.0
-0.08980134 0.04997247 -2.167914 -5.746599 0.7144128 0.548382 0.6982691 18.89213 1.730728 1 0.0 0.10276929708671019 6.141925689732577 0.0
-0.03255869 0.1207116 -0.2765137 1.848221 3.158976 2.597555 0.7292611 20.66265 0.2625618 0 0.0 0.12502543208913977 1.8687912379740788 0.0
0.006590139 0.04589129 -1.625091 -2.819986 1.912537 1.612142 0.7409183 20.19123 nan 0 0.0 0.046362058085285866 3.254726071188941 0.0
0.04238101 0.1023207 -4.714125 -4.40162 1.111538 0.7848758 0.5849463 19.80996 0.9440441 0 0.0 0.11075051086613596 6.449591703358051 0.0
0.005084357 0.02559334 -2.908537 -3.672931 0.2725928 0.1917111 0.325608 17.62992 1.359667 0 0.0 0.026093480765491003 4.685083735765029 0.0
-0.07244282 0.07208113 -5.11933 -3.510815 1.999041 1.603606 0.7648934 20.14985 0.8592777 0 0.0 0.10219418511651873 6.207524596256143 0.0
0.01220516 0.03943079 -1.051868 -2.734222 0.7299077 0.5205889 0.6283706 19.10659 1.182335 0 0.0 0.04127654455801382 2.929572705141144 0.0
-0.02742861 0.09279851 -3.194218 -3.699306 0.7768113 0.5604467 0.5599997 19.43714 1.189295 0 0.0 0.09676720572979361 4.887524272385765 0.0
0.03840993 0.08348855 -2.660162 -2.811806 1.14345 0.8472754 0.5385085 19.97427 nan 0 0.0 0.09190027586306473 3.8707511994288653 0.0
0.03976858 0.07440355 -1.362804 -7.58404 0.8993322 0.6479671 0.4656 19.56656 0.8944149 0 0.0 0.08436485173233518 7.7055108502951315 0.0
0.004881689 0.02305848 -1.663845 -2.680604 0.2347605 0.1659316 0.2874536 16.04593 1.51296 0 0.0 0.023569564853919575 3.1549988888811042 0.0
-0.03191906 0.106975 -6.322821 -6.259475 1.138732 0.784532 0.5003693 20.00579 1.00185 0 0.0 0.11163546486795134 8.897139578182754 0.0
-0.124641 -0.00609681 -2.258539 -6.582125 0.6477461 0.49491 0.5834015 18.71806 1.128971 1 0.0 0.12479002353223635 6.9588338053258605 0.0
-0.09199475 0.03781577 4.856822 -1.538915 1.834887 1.38136 0.7702519 20.08487 1.185101 0 0.0 0.09946389540056935 5.0947992420613595 0.0
0.06771101 0.08746582 -5.63744 -2.078391 0.681814 0.4935175 0.5536619 19.17161 nan 0 0.0 0.11061216272857384 6.0083640787223445 0.0
-0.1171393 0.02602634 -0.9827713 -5.856446 0.7949279 0.5530325 0.4503516 19.29674 1.322363 0 0.0 0.11999577483513993 5.938333030322541 0.0
-0.1238005 -0.007856683 -1.653035 -2.320962 0.7215373 0.5050725 0.3995295 19.14329 1.510342 1 0.3532588 0.1240495516638915 2.849454213822184 0.0
0.002625361 0.0976854 0.5881941 -4.415397 0.7639926 0.558164 0.5568317 19.22406 1.324671 0 0.0 0.09772067280540142 4.454402649838001 0.0
-0.03347892 0.08759801 -3.184046 -7.442609 1.59642 1.314561 0.7624693 19.98003 1.103554 0 0.0 0.09377765960145573 8.095095901655334 0.0
0.05830216 0.08981723 -0.6710469 -5.058581 2.695525 2.120133 0.7486923 20.44667 nan 0 0.0 0.10708070164851602 5.102895812728359 0.0
0.01136641 0.04930137 -1.272937 -2.149278 0.6565639 0.4868407 0.4392688 19.00024 1.14662 0 0.0 0.05059466730955941 2.497952066644394 0.0
0.01246796 0.0710813 -5.364199 -9.454288 1.129516 0.8174035 0.5387019 19.84226 1.13489 0 0.0 0.07216648277595078 10.870059452392383 0.0
-0.06824417 -0.002820618 -5.506912 -4.090596 0.7688434 0.5244325 0.4881341 19.33369 1.162428 0 0.0 0.06830243498507813 6.859960306806447 0.0
0.05700756 0.1148478 -4.424674 -2.932263 1.20095 0.8156304 0.542691 19.97735 0.9707584 0 0.0 0.12821809178892657 5.308098181782719 0.0
0.08410484 0.1009111 -1.48845 -6.748071 1.245338 1.187404 0.8805387 18.90473 1.26325 1 0.0 0.13136466120930546 6.910278259487168 0.0
-0.1115805 -0.02124359 -4.200899 -2.036573 0.2148671 0.1404495 0.110244 17.33917 1.658524 1 0.0 0.11358476172593795 4.66853103154836 0.0
-0.1230511 -0.003833543 -6.11945 -4.291168 1.147162 0.7843125 0.4781121 19.78751 1.277288 0 0.0 0.12311080075745932 7.474074598686047 0.0
0.003116436 0.03422032 -2.526491 -3.914819 0.3256983 0.2229764 0.40075 16.79037 1.443822 0 0.0 0.03436193350561775 4.659287990223613 0.0
0.03817823 0.0830976 -3.423967 -3.772933 0.6139087 0.4585395 0.4939084 19.13272 1.346245 0 0.0 0.09144828249722846 5.094955685732507 0.0
0.006733172 0.002766133 -2.477386 -4.341209 0.3253097 0.2334927 0.267773 16.22292 0.8741579 0 0.0 0.00727922365058754 4.9983534263472205 0.0
0.01929334 0.01052046 -2.401464 -3.321379 0.1567736 0.118343 0.2114726 16.60302 1.456653 0 0.0 0.021975282636799008 4.0986080326053385 1.0
-0.02711022 0.09341082 -3.938252 -2.350452 2.009275 1.682053 0.6574047 20.14052 1.533882 0 0.0 0.09726533463429199 4.586333330647479 0.0
0.00722517 0.003788452 -10.18386 4.822408 1.217239 1.033882 0.09185587 18.2544 nan 0 0.0 0.00815815236957511 11.267946725915241 0.0
0.09159643 0.0863618 -9.542856 -9.838497 0.5118844 0.4379168 0.6182734 18.54566 1.104042 0 0.0 0.12588989827617186 13.706280452980122 0.0
0.002219945 0.09359224 -6.470193 -8.368347 0.3167747 0.2150258 0.2871443 17.97251 1.074341 0 0.0 0.0936185640993314 10.577931223526555 0.0
-0.08637456 0.08545662 -0.953139 -5.947054 1.1675 0.8390199 0.6424114 19.52847 1.363613 0 0.0 0.12150472631555531 6.022949877944942 0.0
0.01828263 0.03093492 -3.561962 -3.326955 1.269932 0.8705192 0.328039 19.93668 nan 0 0.0 0.0359336031469612 4.874033531016072 0.0
-0.01335293 0.03867921 -9.21214 -8.972355 1.426069 1.071558 0.4872362 19.74734 1.063957 0 0.0 0.04091921340652824 12.859497565053816 0.0
0.0008011028 0.07069837 -3.714701 -7.50736 2.905766 2.223413 0.5979169 20.569 2.418615 0 0.0 0.07070290861310492 8.376124264180959 0.0
0.007433097 0.1275943 2.185362 -4.840158 0.5230689 0.4485215 0.6851732 18.51006 1.2708 1 0.0 0.12781062680192679 5.310643702604045 0.0
-0.02334907 0.1143636 0.3227213 0.8278298 0.7013438 0.5751033 0.7253508 18.91137 1.233534 0 0.0 0.11672280014986318 0.8885106725536446 0.0
-0.08860731 -0.01992933 -3.165387 -1.648051 0.5518157 0.4281295 0.5794098 18.53368 1.422779 1 1.213774e-05 0.09082088735354328 3.568717831150286 0.0
0.0598991 0.1027904 -3.344404 2.135136 3.263445 2.51188 0.6762823 20.45498 1.474775 0 0.0 0.1189696117206827 3.96785128926375 0.0
-0.02439311 0.1254508 0.1370086 -2.193348 1.385561 0.9641449 0.542191 20.05556 1.228333 0 0.0 0.12780034051641687 2.1976229898638118 0.0
0.05076603 0.06169389 -4.462898 -1.612884 0.9739658 0.7215864 0.4701372 19.67151 nan 0 0.0 0.07989571869188611 4.7454033923218795 0.0
0.0515271 0.08974311 -8.747216 -3.150407 0.5955965 0.5004786 0.6780859 18.76206 1.439638 0 0.0 0.10348365970955077 9.29724970172927 0.0
-0.02071339 0.1096203 -0.03755827 -0.300201 1.043357 0.7527693 0.5613785 19.74769 0.8660526 0 0.0 0.11156009455617229 0.302541342706072 0.0
-0.06907854 0.05702211 -0.5607265 1.277248 2.909284 2.190615 0.7931178 20.56474 1.052412 0 0.0 0.08957324219533253 1.3949109868755962 0.0
-0.0716719 0.09783254 -20.14626 -15.75784 1.602889 1.068599 0.5905326 19.27681 1.332535 0 0.0 0.12127682026035148 25.57696841795759 0.0
0.0097164 0.0480102 -3.075545 -4.101251 1.722386 1.375695 0.700638 20.0719 0.8701649 0 0.0 0.04898354553316859 5.126327809653418 0.0
-0.002035223 0.005997302 -2.720346 -3.513563 0.1745439 0.1199003 0.3863268 16.18385 1.313446 0 0.0 0.006333226976742031 4.443580461146731 0.0
0.006067634 0.004072692 -0.737528 -2.70877 0.1954114 0.1353283 0.3406178 14.72488 1.447367 0 0.0 0.007307735797414955 2.8073799998724787 0.0
-0.007853681 0.0434174 -12.15914 -11.37065 2.110993 1.336823 0.6322049 20.00613 nan 0 0.0 0.04412200049872808 16.647413221341626 0.0
-0.08729762 0.02183274 -6.637157 -3.300542 1.23247 0.8449635 0.5082585 19.86326 0.964447 0 0.0 0.08998634892900145 7.412518501589928 0.0
-0.0154937 0.02627173 -3.115118 -3.183606 1.430299 1.052216 0.7347141 19.85477 0.9445648 0 0.0 0.030500139948578926 4.454133733641144 0.0
0.001206018 0.01604904 -2.332962 -3.950376 0.2728919 0.1832107 0.2389547 17.52667 1.334715 0 0.0 0.016094289805329218 4.587829795755288 0.0
-0.05033788 0.1164597 -2.810985 2.742383 0.9535972 0.6785205 0.650273 19.42759 1.13306 0 0.0 0.1268730226919198 3.927123780696758 0.0
-0.08247669 -0.01263066 0.8935548 -2.841049 1.786429 1.180625 0.0543742 19.98306 1.125759 0 0.0 0.08343822844111505 2.9782544553822192 0.0
0.006096592 0.004612471 -1.550827 -4.747461 0.6560222 0.5755973 0.4533884 17.7872 nan 0 0.0 0.007644823264164123 4.994341831557989 0.0
0.03946091 0.1214311 -3.240869 -6.670899 3.690353 2.825125 0.5268131 20.63334 1.189959 0 0.0 0.12768193084864476 7.416476612473204 0.0
0.09087297 0.08702213 -6.343881 -5.436319 0.2411759 0.1752609 0.2362444 17.68775 1.24473 1 0.0 0.12582029957982852 8.354543100129534 0.0
-0.01309602 0.08584412 -6.392327 -3.203038 0.2165192 0.1557582 0.3172645 17.34489 1.592588 1 0.0 0.08683731155681179 7.14991586694368 0.0
0.006675312 0.003189567 0.8456229 -8.780014 0.9624583 0.939498 0.108245 18.04686 nan 0 0.0 0.007398184097792714 8.820641922740114 0.0
-0.09477183 0.03496086 -2.961228 -4.915054 1.848963 1.390953 0.7650739 20.05028 1.293404 0 0.0 0.1010146597949451 5.738172800718012 0.0
-0.0005306422 0.08613835 -9.131501 2.722215 0.2051688 0.1452408 0.3582448 17.39066 1.326151 1 0.0 0.08613998445476365 9.52862870612692 0.0
-0.07294067 0.0855239 -2.68862 -1.839704 0.1587966 0.1078864 0.2662455 16.91985 1.68012 1 0.0 0.11240408716438606 3.257788868545044 0.0
0.02184113 0.01901357 -2.544125 1.971929 0.4927306 0.4419499 0.4984898 18.36229 1.532036 0 0.0 0.028957741690639482 3.2188625314955592 0.0
0.03094209 0.09345213 -5.142437 -4.569144 1.123701 0.8009722 0.5928261 19.74454 1.062235 0 0.0 0.09844142184621775 6.879079530846042 0.0
-0.02059255 0.06773312 -2.870434 -3.260541 1.067254 0.753963 0.4886213 19.7737 nan 0 0.0 0.07079426996895229 4.344021059000175 0.0
-0.04576363 0.1204454 -1.045867 -2.265411 1.727761 1.286368 0.7682263 20.01527 1.401691 0 0.0 0.1288464365511786 2.4951803102401238 0.0
0.01214876 0.06052415 1.850486 -1.282181 0.7461991 0.5319607 0.5134925 19.35471 1.069506 0 0.0 0.061731394790334196 2.2512855334135207 0.0
0.0001352826 0.1068769 -0.7956823 -5.027726 0.3140934 0.2201703 0.1871822 17.98204 1.164289 1 0.0 0.10687698561894353 5.090298523034704 0.0
-0.0001252569 0.01800598 -2.046062 -3.185231 0.1109455 0.07806135 0.2706417 16.2278 1.31118 0 0.0 0.018006415663629385 3.7857715503190366 1.0
-0.06589569 0.06063016 3.258882 -4.159582 0.9158445 0.6677359 0.5735985 19.59617 1.94392 0 0.0 0.08954472771861949 5.2841682699028425 0.0
-0.117947 0.02209856 -1.182555 -3.286403 1.315305 0.8963905 0.4664362 19.94062 nan 0 0.0 0.11999933817764828 3.4926896521783894 0.0
-0.001514415 0.01660217 -2.917239 -3.424965 0.4618908 0.3749615 0.6324975 18.18426 1.042471 0 0.0 0.016671097789321642 4.498963062122871 0.0
0.06579465 0.07315193 -5.238551 -2.406338 0.677463 0.5730917 0.6642542 18.93652 1.292414 0 0.0 0.09838770670844707 5.764796540195066 0.0
-0.02788103 0.02603555 -1.926602 -3.971725 2.696596 2.061779 0.8601532 20.20778 nan 0 0.0 0.0381471060195056 4.4143396722532575 0.0
-0.1118588 -0.03809138 -0.8575731 -2.856488 1.167652 0.7935666 0.4366332 19.49438 1.431118 0 0.0 0.11816659582024185 2.9824411672298936 0.0
-0.000327889 0.04142822 -0.6738067 1.251253 0.2602595 0.1838614 0.3163222 17.69587 1.529413 1 0.0 0.04142951753960841 1.4211437432483351 0.0
-0.1091736 0.01566898 -1.269622 -7.522629 2.815373 1.988905 0.3421362 20.41433 1.085651 0 0.0 0.11029230195802606 7.629016128867798 0.0
0.0669615 0.09583746 -4.458151 -5.942863 0.08683755 0.06260502 0.2047917 15.58399 1.618713 1 0.0 0.11691304983406087 7.429181043397045 0.0
0.0166946 0.07048203 -3.02015 -3.680021 3.187765 2.55752 0.7311264 20.56714 nan 0 0.0 0.07243221812205464 4.760657578837297 0.0
0.02144409 0.08413239 4.138128 -2.095287 3.80866 2.965701 0.6095434 20.65416 -0.0408287 0 0.0 0.08682227849486675 4.638354337127878 0.0
-0.1011698 0.08643079 -2.708593 -5.222524 0.5960283 0.4780152 0.7323689 18.6076 1.543901 1 4.286777e-05 0.1330624285516543 5.883131221571129 0.0
0.01026983 0.1057379 -0.8854199 -4.031192 1.384864 0.9790984 0.5000619 20.0975 1.015169 0 0.0 0.10623545973279779 4.127284499544466 0.0
0.008907319 0.07518804 -4.474234 -6.161622 2.519381 1.903543 0.756054 20.3219 1.098717 0 0.0 0.07571381439875659 7.61474592863347 0.0
-0.007596098 0.1096081 0.652795 -1.740581 0.6420778 0.5190199 0.6811428 18.69463 1.012161 0 0.0 0.10987099840465456 1.8589684046766366 0.0
0.006125542 0.004919553 4.993167 -10.85271 1.110217 0.9255179 0.2094227 17.94786 nan 0 0.0 0.00785647926959481 11.946255942092861 0.0
0.003232923 0.07202014 -7.304344 -6.628202 2.812076 2.140968 0.7411574 20.52791 1.027859 0 0.0 0.0720926650689481 9.863392064758452 0.0
-0.03772991 0.06450488 0.5824094 -1.683874 0.8620975 0.6160545 0.5472416 19.57123 1.094082 0 0.0 0.0747290147962791 1.7817498020441478 0.0
0.02359198 0.1237839 -4.707184 -3.097625 0.6303261 0.5286221 0.7265851 18.74125 0.9345818 0 0.0 0.12601204473989935 5.634967777235376 0.0
-0.04889946 0.04796153 -2.762815 -7.098615 0.4660914 0.3767489 0.6467748 18.16816 1.428215 0 0.0 0.0684942738353543 7.617314595213329 0.0
0.01116873 0.125414 -3.947427 0.02530555 1.055584 0.7826425 0.5375744 19.7768 1.554932 1 0.0 0.125910332879446 3.94750811160532 0.0
-0.003395682 0.02239666 -2.265872 -3.110288 0.1514207 0.105006 0.3663752 16.63284 0.5799904 0 0.0 0.02265261652438243 3.848125175111641 1.0
-0.003105927 0.003800021 -1.504694 -1.607008 0.4521359 0.323217 0.2803593 17.61038 nan 0 0.0 0.00490784495779665 2.201494661746878 0.0
-0.02808356 0.02565214 0.6607168 -2.623162 2.451881 1.817415 0.8622368 20.09947 0.7435112 0 0.0 0.038035754611328534 2.7050925248586677 0.0
0.08099972 0.08618594 -3.05451 -4.385639 0.6627342 0.5536863 0.686145 18.89643 1.194063 0 0.0 0.11827497999899218 5.344516889151067 0.0
-0.04155498 0.08031971 -0.2477994 -10.05414 1.546044 1.098135 0.5644795 20.32551 1.556215 0 0.0 0.09043269418348931 10.057193230829382 0.0
0.08239042 0.08822805 8.966361 -6.490932 0.7115816 0.5922211 0.6471062 18.96268 1.724237 0 0.0 0.12071607231259184 11.069228871558533 0.0
-0.003627298 0.02620945 -1.858477 -2.893135 0.1958007 0.1323579 0.4753526 17.07002 1.306007 0 0.0 0.026459262273980808 3.4386286347545587 1.0
0.03971293 0.08416727 -1.022981 -8.636243 0.5833586 0.4382589 0.457618 19.03046 1.076023 0 0.0 0.09306581621861919 8.696619071881326 0.0
-0.01011518 0.1074164 -6.049136 -4.580134 2.40759 1.926459 0.8881998 20.11471 1.062683 0 0.0 0.10789161160809675 7.587468207805025 0.0
0.04728541 0.03698138 -5.570673 -7.760053 0.2207016 0.1545041 0.3449212 17.58624 1.445663 1 0.0 0.060029429995398925 9.552529520275664 0.0
-0.01341202 0.0540181 0.5413779 -1.543594 3.580879 2.696374 0.8965341 20.5016 nan 0 0.0 0.05565821959145298 1.6357788565219962 0.0
0.008879868 0.1042331 -3.136606 -3.844035 1.343491 0.9835936 0.580852 20.13929 1.246204 0 0.0 0.10461066480673671 4.961340774474275 0.0
0.03047757 0.08638168 -0.6889473 -2.114811 0.6892731 0.5750215 0.7107158 18.90731 0.9543171 0 0.0 0.09160063816768582 2.2242018676141537 0.0
-0.05507447 0.07753117 0.2972204 -2.07527 2.164759 1.690887 0.7646607 20.3246 1.23984 0 0.0 0.09510141727308695 2.096445930396527 0.0
-0.004119587 0.03735598 -3.025807 -2.920464 0.4405859 0.3504078 0.6776921 18.26751 1.345411 0 0.0 0.03758244588649026 4.205308309332979 1.0
0.01078897 0.07283617 -2.415152 -3.765878 0.6391426 0.4330393 0.4988346 19.03306 1.1022 0 0.0 0.07363090067308563 4.4737899251068995 0.0
0.09168515 0.08984457 -3.080207 -4.984864 0.2900096 0.2106409 0.243624 17.82461 1.345732 1 0.0 0.1283674938954851 5.859739265645272 0.0
0.04888772 0.07340936 -0.8637174 -8.039719 1.257833 0.8600125 0.4820752 19.71872 1.310261 0 0.0 0.08819831802482404 8.085981037946093 0.0
-0.02687061 0.04237978 -1.56248 -1.111556 1.11761 0.7450207 0.5450891 19.72958 1.350769 0 0.0 0.05018042880068384 1.9175245739066815 0.0
-0.08169572 0.04866809 0.2757837 0.4626762 0.1763396 0.1159388 0.2500315 17.09701 1.428732 1 0.0 0.09509349951792972 0.5386333773840329 0.0
-0.0002699758 0.02669968 -7.510171 -7.478377 0.8754366 0.5841948 0.5450213 19.36579 1.138815 0 0.0 0.026701044905302597 10.598527775279452 0.0
