jas1101finalproject/data/gcs/NGC_2298.ecsv
# %ECSV 0.9
# ---
# datatype:
# - {name: x, unit: deg, datatype: float64}
# - {name: y, unit: deg, datatype: float64}
# - {name: pmx, unit: mas / yr, datatype: float64}
# - {name: pmy, unit: mas / yr, datatype: float64}
# - {name: pmx_e, unit: mas / yr, datatype: float64}
# - {name: pmy_e, unit: mas / yr, datatype: float64}
# - {name: pm_corr, datatype: float64}
# - {name: g_mag, unit: mag, datatype: float64}
# - {name: bp_rp, unit: mag, datatype: float64}
# - {name: filter, datatype: int64}
# - {name: memberprob, datatype: float64}
# - {name: r, unit: deg, datatype: float64}
# - {name: pm, unit: mas / yr, datatype: float64}
# - {name: member_prob_GMM, datatype: float64}
# - {name: member_prob_DB, datatype: float64}
# meta: !!omap
# - comments: [deg deg mas/yr mas/yr mas/yr mas/yr dimless mag   mag   zeroone float]
# - __serialized_columns__:
#     bp_rp:
#       __class__: astropy.units.quantity.Quantity
#       unit: &id001 !astropy.units.Unit {unit: mag}
#       value: !astropy.table.SerializedColumn {name: bp_rp}
#     g_mag:
#       __class__: astropy.units.quantity.Quantity
#       unit: *id001
#       value: !astropy.table.SerializedColumn {name: g_mag}
#     pm:
#       __class__: astropy.units.quantity.Quantity
#       unit: !astropy.units.Unit {unit: mas / yr}
#       value: !astropy.table.SerializedColumn {name: pm}
#     pmx:
#       __class__: astropy.units.quantity.Quantity
#       unit: !astropy.units.Unit {unit: mas / yr}
#       value: !astropy.table.SerializedColumn {name: pmx}
#     pmx_e:
#       __class__: astropy.units.quantity.Quantity
#       unit: !astropy.units.Unit {unit: mas / yr}
#       value: !astropy.table.SerializedColumn {name: pmx_e}
#     pmy:
#       __class__: astropy.units.quantity.Quantity
#       unit: !astropy.units.Unit {unit: mas / yr}
#       value: !astropy.table.SerializedColumn {name: pmy}
#     pmy_e:
#       __class__: astropy.units.quantity.Quantity
#       unit: !astropy.units.Unit {unit: mas / yr}
#       value: !astropy.table.SerializedColumn {name: pmy_e}
#     r:
#       __class__: astropy.units.quantity.Quantity
#       unit: &id002 !astropy.units.Unit {unit: deg}
#       value: !astropy.table.SerializedColumn {name: r}
#     x:
#       __class__: astropy.units.quantity.Quantity
#       unit: *id002
#       value: !astropy.table.SerializedColumn {name: x}
#     y:
#       __class__: astropy.units.quantity.Quantity
#       unit: *id002
#       value: !astropy.table.SerializedColumn {name: y}
# schema: astropy-2.0
x y pmx pmy pmx_e pmy_e pm_corr g_mag bp_rp filter memberprob r pm member_prob_GMM member_prob_DB
[from data line 1006]
-0.009915486 -0.01155641 1.853453 -3.418078 0.685694 0.7388156 0.0514666 19.18798 nan 0 0.0 0.01522719523432651 3.888257352245733 0.0 1.0
-0.01469196 0.02216477 2.536325 -1.671195 0.5877262 0.5699313 -0.06151444 19.34888 0.9099064 1 0.9939186 0.026591929561325556 3.0374063333130126 0.0 1.0
0.01649514 -0.04727833 0.5043727 5.193226 0.1920992 0.2140202 0.06110909 17.73676 0.9858093 1 0.0 0.05007324765988821 5.217661172171042 0.0 0.0
0.02557584 -0.02494571 4.404123 -0.8814911 0.5440074 0.583864 0.001066919 19.39966 0.8468895 0 0.0 0.03572690917375445 4.491472582406377 0.0 1.0
-0.001208525 0.01058089 4.567646 1.947557 1.666937 1.488835 -0.04140641 20.54568 nan 0 0.0 0.010649683838862308 4.965517923597195 0.0 0.0
0.0156104 0.001427898 3.652457 -3.451362 0.5710204 0.6111021 -0.01588583 19.48033 1.035084 0 0.0 0.015675569554513928 5.025170822160477 0.0 1.0
-0.001720855 0.01020704 3.559277 -1.764938 0.8035716 0.8460803 -0.2942012 19.44311 nan 0 0.0 0.010351087261376218 3.972840156182098 0.0 0.0
0.01211718 0.002412704 4.04621 -1.648767 1.031495 1.84385 0.2919927 19.37825 nan 0 0.0 0.01235504721739322 4.369238833525698 0.0 0.0
0.003411242 -0.07294958 -2.994446 2.413789 0.3134021 0.3068098 -0.01209753 18.77996 1.081749 1 0.0 0.07302929408229936 3.846177866848724 0.0 0.0
0.02510648 -0.02633792 3.454973 -3.801013 1.852434 1.711381 -0.01626392 20.83207 0.615984 0 0.0 0.036387104417867605 5.136588192263226 0.0 1.0
-0.01749482 -0.005553394 4.646125 -3.205705 0.9522145 0.9809855 -0.0246476 20.20158 0.7253017 0 0.0 0.018355078636487398 5.644734011682924 0.0 1.0
-0.009949348 -0.03660371 3.702266 -1.37286 0.8764761 0.9459156 0.04653959 20.03685 0.4348011 0 0.0 0.037931795520238745 3.94860964319797 0.0 1.0
-0.009218229 -0.01097649 2.506522 -1.764278 0.7255359 0.697558 -0.3378114 19.25433 nan 0 0.0 0.014333843818618264 3.065180157473293 0.0 1.0
-0.0874894 -0.02438358 -0.2202805 -1.831541 2.069035 2.037153 -0.01370925 20.73805 0.4561367 1 0.5255948 0.09082375287322364 1.8447400720321685 0.0 0.0
-0.03650803 0.03199961 3.274741 -2.040781 1.118285 1.032651 0.2372505 20.02359 0.8143368 0 0.0 0.04854700088195974 3.8585898599154067 0.0 1.0
0.0291796 0.0431492 3.443616 -2.072905 0.1285567 0.1387869 0.06267968 17.20464 1.206003 1 0.9995614 0.05208937047805435 4.019381332304886 0.0 1.0
0.01948359 -0.03501477 3.960127 -1.605325 0.7782799 0.7704913 0.04133602 19.8298 0.8567448 0 0.0 0.04007049285248435 4.2731340034866685 0.0 1.0
-0.04308382 0.03206495 0.3458246 3.167664 1.156449 0.9935875 0.05503304 20.30615 1.366558 0 0.0 0.05370639221074993 3.1864855045741476 0.0 0.0
-0.004695175 -0.005406634 3.217479 -0.6173474 0.4427304 0.4646811 0.005896451 19.09434 0.5846996 0 0.0 0.0071607513216548025 3.2761698563608936 0.0 0.0
-0.0009615333 0.003863214 3.729222 -0.7378986 0.339982 0.4390696 0.3235766 18.62236 nan 0 0.0 0.0039810763239110205 3.801524834742759 0.0 0.0
-0.001449199 0.007147661 3.731281 -2.320806 0.4185262 0.4294419 -0.01742411 18.96258 0.9809799 0 0.0 0.007293095057142886 4.394155025781066 0.0 0.0
0.04467463 0.08900984 0.6704269 1.309958 0.454802 0.5317515 0.1040376 19.1671 1.648621 1 0.0 0.09959203875040666 1.4715509471328574 0.0 0.0
0.01108233 -0.07062332 3.520651 -2.368705 0.3208526 0.3160653 -0.0153425 18.80642 1.045803 1 0.9975924 0.0714875609183255 4.243317904756371 0.0 0.0
0.01436222 -0.04025124 -0.09663185 -0.7490825 2.021421 1.941476 -0.3267477 20.86514 0.7101002 0 0.0 0.0427368188435452 0.755289551258769 0.0 0.0
-0.001504681 0.003481736 1.92446 1.12749 1.600142 2.280634 0.4798203 20.08224 nan 0 0.0 0.003792960649078369 2.230421482971324 0.0 0.0
0.006218774 0.02941763 4.66065 -2.178499 0.7499385 0.7108467 -0.02657751 19.63663 0.9536037 0 0.0 0.030067758560956552 5.144659008671129 0.0 1.0
-0.06990573 0.03228607 -0.1957803 3.095026 0.4015902 0.4066419 0.1895121 18.87858 0.8556442 1 0.0 0.0770013077997887 3.101211999613069 0.0 0.0
0.01674666 0.004273429 3.076141 -2.392782 0.1454916 0.1720088 -0.04069147 17.33562 1.291311 1 0.9996832 0.017283310347663176 3.8971847725512063 0.0 1.0
-0.02061088 0.01599508 6.097672 1.24231 1.528037 1.677851 0.2852997 20.51857 0.3269958 0 0.0 0.026089288196131377 6.2229364415590815 0.0 1.0
0.006985787 0.04535918 2.750247 -2.335974 0.9214123 0.8202867 -0.0297779 20.08953 0.9526501 0 0.0 0.04589396943261466 3.608411435754659 0.0 1.0
-0.005516048 -0.00448353 2.877132 -1.63799 0.3765884 0.4477456 -0.07497424 17.67863 1.037329 0 0.0 0.00710836315892794 3.310724963738909 0.0 0.0
-0.02354206 0.01239318 3.049002 -2.294463 0.6115493 0.6388362 0.0852954 19.48624 0.8343334 0 0.0 0.026604877364047368 3.8158843869243473 0.0 1.0
-0.009442134 0.00360707 5.500428 -4.174985 1.023915 1.473848 0.5469949 19.26811 nan 0 0.0 0.010107662858388976 6.90544769970847 0.0 0.0
0.0236726 -0.03456196 3.493228 -2.265763 0.5500905 0.5816021 0.01150739 19.47921 0.8374386 0 0.0 0.04189177806922977 4.163691130734003 0.0 1.0
-0.003496643 -0.03382225 2.471526 -1.665775 0.386227 0.4083199 -0.0009314825 18.98666 0.9389381 1 0.9833415 0.03400251619118722 2.980477666297971 0.0 1.0
0.002500732 -0.007203256 9.204686 -4.932332 2.825009 2.335662 -0.1167649 20.02209 nan 0 0.0 0.0076249955762190446 10.442899181588416 1.0 0.0
0.01542177 0.01528292 3.099184 -3.385179 1.104855 1.178919 -0.09020017 20.17335 nan 0 0.0 0.021711716506515554 4.58959457119003 0.0 1.0
0.01235581 -0.01087011 3.086782 -3.258122 0.1267297 0.1273496 0.09065836 16.36037 0.4319105 0 0.0 0.016456771620466756 4.488160211312426 0.0 1.0
0.04458646 -0.001428928 1.978007 -1.807099 0.822686 0.7574116 0.01520633 19.98805 0.7801685 0 0.0 0.04460935160435291 2.6792010913423425 0.0 1.0
0.008968301 0.04702219 3.417657 -1.380347 1.048727 0.988382 -0.06681333 20.24658 0.8635578 0 0.0 0.047869789797143465 3.6858835046780847 0.0 1.0
-0.09375995 -0.033218 1.227916 -3.622827 1.520309 1.388958 -0.02271531 20.52223 0.6351128 0 0.0 0.0994704164463108 3.8252651117255914 0.0 0.0
0.02763989 0.01962833 3.032316 -1.350277 0.7655054 0.7104552 -0.06131243 19.6865 1.000605 1 0.9915012 0.033900366632250455 3.3193656473165167 0.0 1.0
-0.01882766 -0.03223751 4.814409 -2.165833 1.131011 0.9176279 -0.2715424 20.00128 0.9515743 0 0.0 0.03733279834241869 5.279144495386539 0.0 1.0
0.02565908 0.02229929 4.245119 -2.14938 0.5685539 0.5434522 -0.04070673 19.33021 1.060881 0 0.0 0.033994804322874106 4.75824229191421 0.0 1.0
-0.01176146 0.03546711 3.201026 -2.546464 0.5342745 0.4851024 -0.1415688 19.06843 0.9570961 0 0.0 0.037366399787559144 4.0903601743577545 0.0 1.0
0.01204717 -0.01146134 3.313482 -2.122642 0.04768626 0.04878188 0.07485734 15.46034 1.337235 1 0.9999702 0.016628187502085126 3.9350695069449535 0.0 1.0
0.03750012 0.02219537 3.749582 -2.683338 0.9959385 0.9651284 -0.04009978 20.20466 0.8165283 0 0.0 0.04357629458147285 4.610820750904117 0.0 1.0
-0.06237914 -0.06896877 3.923048 -3.880811 2.391212 2.792602 0.4679328 20.83686 nan 0 0.0 0.09299380808662747 5.518242440127563 0.0 0.0
0.03006499 -0.01554788 4.429143 -2.419186 0.9579922 1.219038 0.1761694 20.03211 0.5822544 0 0.0 0.03384730707448526 5.04675822851115 0.0 1.0
0.009380949 -0.01428385 5.256775 -4.613475 0.4862243 0.556364 -0.07378637 19.24087 0.882576 0 0.0 0.01708890209940653 6.994128607357031 0.0 1.0
-0.004552627 -0.0158589 2.589643 0.4184053 0.9972319 0.8431652 -0.1772152 19.56994 0.9134884 0 0.0 0.016499427923753265 2.6232258504591424 0.0 1.0
-0.004750686 -0.005940695 4.871595 -1.851997 0.5654354 0.5776462 -0.3028569 19.10081 0.7412529 0 0.0 0.007606633588757973 5.211749296736557 0.0 0.0
-0.04687038 -0.006747941 -2.578923 6.953716 0.6448884 0.7033821 0.07600832 19.63608 2.045984 1 0.0 0.047353640082721006 7.41653625681052 0.0 0.0
0.05050797 0.02213852 -1.339719 5.465237 1.097472 1.044377 -0.06887492 20.00664 1.525988 0 0.0 0.05514679592969386 5.627047402068868 0.0 0.0
0.02160057 -0.0315592 0.05939286 -0.8632748 0.7878252 0.8258634 -0.003540461 19.98807 0.6226578 0 0.0 0.038243531857882845 0.8653154870531439 0.0 1.0
0.01833277 -0.02294097 3.262353 -1.396447 0.5864545 0.615898 -0.009158953 19.55981 0.8362694 0 0.0 0.029366282713578173 3.548663314604247 0.0 1.0
-0.004374231 -0.005868194 -1.015668 -2.030006 2.278562 2.643259 0.07633973 19.46098 nan 0 0.0 0.007319125471188276 2.2699131803353185 0.0 0.0
-0.09564818 0.02817351 0.3093756 -1.580368 1.722072 1.791118 0.1070994 20.70866 0.8147335 0 0.0 0.09971118795317054 1.6103652620754585 0.0 0.0
0.003179628 -0.006035983 1.066305 -7.694998 0.9494285 1.161237 0.358667 19.55425 nan 0 0.0 0.006822252193716749 7.76852628064223 0.0 0.0
0.04440859 0.0005433717 4.731134 0.9040763 1.965864 2.095798 0.1968482 20.78763 0.6174202 0 0.0 0.0444119141514128 4.816739860338909 0.0 1.0
-0.004189112 -0.00541042 10.09823 -6.061099 1.657782 2.129846 -0.07643519 20.24059 nan 0 0.0 0.006842609438287706 11.777570641719835 0.0 0.0
-0.001147169 0.03615462 3.401916 -2.3454 0.5294905 0.5265957 0.01606778 19.33946 0.7823219 0 0.0 0.0361728149866576 4.132061668351042 0.0 1.0
0.01295018 0.0009782456 3.400848 -2.323363 0.07302592 0.07823529 0.1166379 16.22328 0.5381098 1 0.9998912 0.012987075363079994 4.1187112971016795 0.0 0.0
-0.02261505 -0.03439381 4.673221 2.348943 0.5393935 0.5723683 0.007121364 19.41732 1.612812 0 0.0 0.04116278237459902 5.23034680801283 0.0 0.0
-0.01218598 -0.01436435 6.276 -2.794784 0.5487039 0.5858923 0.05833494 19.25175 0.8220577 0 0.0 0.01883700240173314 6.870152371429326 0.0 1.0
0.003723218 0.004610813 2.839749 -0.7336183 1.428604 1.022615 0.1518363 18.80559 nan 0 0.0 0.005926377375470871 2.932979746451702 0.0 0.0
0.01096641 0.02696045 2.667794 -1.597403 1.060438 1.086998 -0.1051386 20.18692 0.7911549 0 0.0 0.02910546361923479 3.10947281236627 0.0 1.0
-0.04127899 0.02843051 4.523102 -1.230882 0.8810358 0.9081235 0.1013861 19.97365 0.7003136 1 0.9828403 0.050122339473334644 4.68759236712494 0.0 1.0
0.002117684 -0.02296939 3.090416 -2.452272 0.05796827 0.06188858 0.1127059 15.78768 1.296915 1 0.992856 0.023066804340782794 3.94516273619226 0.0 1.0
0.007260202 0.007521181 3.381557 -0.9565646 0.8969337 0.9325228 -0.2824379 19.87043 0.7419987 0 0.0 0.010453645140120503 3.5142486505969037 0.0 0.0
0.004567496 -0.01823927 2.48494 -2.764242 0.8629429 0.9759379 -0.1853811 19.60317 nan 0 0.0 0.01880247297147149 3.7169827331000613 0.0 1.0
0.08483296 0.02166275 -2.562454 0.1771744 1.103425 1.059785 -0.008099885 20.28079 0.7899246 1 1.647306e-05 0.08755515884243543 2.568571834722821 0.0 0.0
-0.08692425 -0.02772081 1.355849 -1.004265 1.219538 1.340307 -0.06898546 20.46974 1.261524 0 0.0 0.09123742951836487 1.6872684140426504 0.0 0.0
0.007636727 0.007544033 3.825015 -2.50111 1.561086 1.266174 -0.4636577 20.14235 nan 0 0.0 0.010734618445832997 4.570152183716096 0.0 0.0
0.01640082 0.03305539 3.335081 -2.332987 1.07768 0.9763668 -0.06702454 20.19748 0.8387375 0 0.0 0.03690048380068343 4.070085210254203 0.0 1.0
0.03158372 -0.0137136 2.873595 -1.67662 0.821032 0.9131216 -0.03195223 20.02062 0.8603821 0 0.0 0.03443245843674831 3.3269509837725293 0.0 1.0
0.01459646 -0.007891213 3.454864 -2.718912 0.148084 0.1695758 -0.004924118 17.26616 1.137621 0 0.0 0.01659300717600547 4.396426699291141 0.0 1.0
0.02847091 -0.004110823 1.261442 -1.7041 1.96202 2.112966 -0.2590522 20.63953 nan 0 0.0 0.028766153409266054 2.1201869562290963 0.0 1.0
0.008272508 0.007666039 2.538848 -2.037367 0.6112716 0.5985648 -0.05205074 19.34215 0.7827797 0 0.0 0.011278410462453698 3.2552439938955424 0.0 0.0
-0.01738344 -0.006899957 3.592753 -2.257938 0.4646048 0.4969705 0.02831813 19.23388 0.7780476 0 0.0 0.01870276431000105 4.243366367738355 0.0 1.0
0.0165613 0.03279977 3.831202 -4.576518 1.61067 1.706519 0.2381177 20.56492 nan 0 0.0 0.03674372830488082 5.968469298666787 0.0 1.0
0.01136223 -0.01115606 4.558428 0.2322564 1.858515 1.528719 0.6939494 19.98659 0.7674541 0 0.0 0.015923502921672102 4.564341011200298 0.0 1.0
-0.02273162 0.02760643 3.661096 -2.658178 0.3683357 0.3242361 -0.1116958 18.73624 0.9963779 1 0.9986037 0.03576089379712565 4.524326933467563 0.0 1.0
0.02797695 -0.004774404 3.191261 -2.272783 0.3890053 0.3588206 -0.08404942 18.81707 0.9877567 1 0.9993513 0.028381414074314833 3.917867957857947 0.0 1.0
-0.01279902 -0.001264772 7.973544 -2.288742 0.6778122 0.7482711 0.07639267 19.60437 0.7211056 0 0.0 0.012861359227250594 8.295525532629021 0.0 0.0
-0.003615597 0.004057687 5.739784 -4.982006 1.953404 2.244167 -0.181091 20.55636 nan 0 0.0 0.005434828926137234 7.600362106550714 0.0 0.0
0.01866975 -0.006907881 3.291764 -2.857928 0.3121405 0.2926112 0.00439277 18.6822 0.8979836 1 0.998264 0.01990674219887978 4.359296122641819 0.0 1.0
-0.009118125 0.03058465 3.4822 -2.346063 0.201754 0.2045074 0.01868054 17.83551 1.17907 1 0.9996641 0.031914902775006616 4.19877701717643 0.0 1.0
-0.01256888 0.02629264 4.461989 -2.428257 1.252 1.309687 0.09123861 20.30006 nan 0 0.0 0.029142403171735855 5.079938768742198 0.0 1.0
-0.01297194 -0.0005819692 0.5442736 -1.201424 0.9448521 1.108221 0.165765 20.14199 nan 0 0.0 0.012984988082911306 1.3189592030965023 0.0 0.0
-0.07571982 0.04926755 4.569265 -1.448802 1.891296 2.05621 0.2142254 20.63054 0.8166103 0 0.0 0.09033705011696419 4.7934548996969815 0.0 0.0
-0.0006714387 0.003844144 6.836528 -5.846996 1.016017 1.16393 0.09348568 18.09915 0.8862705 0 0.0 0.003902341991752349 8.995858898337612 0.0 0.0
-0.02755351 0.009721596 4.015341 -2.124733 1.111064 1.296731 0.2066298 20.2319 1.060858 0 0.0 0.02921823646470327 4.542846427909488 0.0 1.0
0.008143757 0.01611561 3.442908 -0.9236263 1.497574 1.064065 -0.6145376 19.62887 0.6651497 0 0.0 0.01805640229245984 3.5646459906301624 0.0 1.0
-0.01268193 -0.0001851935 5.957318 1.236233 2.055335 3.858317 0.5389525 20.61388 nan 0 0.0 0.012683282112976209 6.0842345273183716 0.0 0.0
0.007641299 -0.008965977 2.511881 -2.997891 1.031711 1.433169 0.6194206 19.81841 nan 0 0.0 0.011780415696058014 3.9111247239179168 0.0 0.0
-0.05975216 0.02860942 4.472085 -2.269027 0.7780844 0.8384115 0.03321788 19.9055 0.7263393 1 0.9849858 0.06624816629463792 5.014780929806805 0.0 0.0
-0.01358918 -0.03610453 3.536158 -2.08387 0.8173595 0.8065276 -0.044366 19.93008 0.6806946 0 0.0 0.03857723291778844 4.104500892662103 0.0 1.0
0.03367736 0.0192407 3.026871 -0.7937378 0.8900967 0.825841 -0.07383815 19.96596 0.8257999 1 0.9708804 0.03878619745553307 3.1292120007742907 0.0 1.0
0.01234553 -0.03711522 3.448367 -2.163538 0.1955468 0.1919737 0.03366952 18.01728 1.136484 1 0.9996877 0.03911459659295107 4.07088831142946 0.0 1.0
0.006727797 -0.01086561 4.617256 -1.965152 1.03354 0.9161951 0.02695353 19.9342 nan 0 0.0 0.012779856538526126 5.018054937188313 0.0 0.0
0.003248072 0.007517633 3.765222 -1.762732 0.2919104 0.2791968 -0.02968367 18.57666 0.689209 0 0.0 0.008189308740050836 4.157417565401388 0.0 0.0
0.03262611 4.558742e-05 4.987302 -1.823196 0.7136398 0.760845 0.1076692 19.64938 0.8320904 0 0.0 0.03262614184890641 5.310105921130011 0.0 1.0
-0.02518403 0.01232401 5.83526 -2.929538 1.421096 1.228687 0.2591778 20.08987 0.9123077 0 0.0 0.028037770765897207 6.529353119646999 0.0 1.0
0.008568809 0.007849113 2.995324 -1.442778 2.549549 1.568758 -0.6063819 20.25341 nan 0 0.0 0.011620372737793311 3.324691598067406 0.0 0.0
-0.01939706 -0.07492409 11.3658 6.971938 1.767638 1.855345 0.08414368 20.17513 1.155758 0 0.0 0.07739421941573996 13.333766501474518 0.0 0.0
0.007116953 -0.006665665 2.761269 -3.90662 0.3703272 0.384847 -0.004341442 18.89962 0.8224945 0 0.0 0.00975100558385821 4.783961362172671 0.0 0.0
-0.02193072 -0.01060135 3.553214 -1.760126 1.016614 1.179991 0.1685194 20.231 0.8006325 0 0.0 0.024358676104027085 3.9652708943616957 0.0 1.0
0.0006924402 -0.01682007 9.712568 12.1115 2.334213 2.638913 -0.1376779 20.20006 0.547226 0 0.0 0.016834316981555148 15.524896437806724 0.0 0.0
-0.01711801 0.02127546 2.864842 -2.418494 0.3095799 0.2961268 0.002700257 18.55723 1.044895 1 0.9989264 0.027306985636860397 3.7491909677955855 0.0 1.0
