jas1101finalproject/data/gcs/NGC_6218_M_12.ecsv
# %ECSV 0.9
# ---
# datatype:
# - {name: x, unit: deg, datatype: float64}
# - {name: y, unit: deg, datatype: float64}
# - {name: pmx, unit: mas / yr, datatype: float64}
# - {name: pmy, unit: mas / yr, datatype: float64}
# - {name: pmx_e, unit: mas / yr, datatype: float64}
# - {name: pmy_e, unit: mas / yr, datatype: float64}
# - {name: pm_corr, datatype: float64}
# - {name: g_mag, unit: mag, datatype: float64}
# - {name: bp_rp, unit: mag, datatype: float64}
# - {name: filter, datatype: int64}
# - {name: memberprob, datatype: float64}
# - {name: r, unit: deg, datatype: float64}
# - {name: pm, unit: mas / yr, datatype: float64}
# - {name: member_prob_GMM, datatype: float64}
# - {name: member_prob_DB, datatype: float64}
# meta: !!omap
# - comments: [deg deg mas/yr mas/yr mas/yr mas/yr dimless mag   mag   zeroone float]
# - __serialized_columns__:
#     bp_rp:
#       __class__: astropy.units.quantity.Quantity
#       unit: &id001 !astropy.units.Unit {unit: mag}
#       value: !astropy.table.SerializedColumn {name: bp_rp}
#     g_mag:
#       __class__: astropy.units.quantity.Quantity
#       unit: *id001
#       value: !astropy.table.SerializedColumn {name: g_mag}
#     pm:
#       __class__: astropy.units.quantity.Quantity
#       unit: !astropy.units.Unit {unit: mas / yr}
#       value: !astropy.table.SerializedColumn {name: pm}
#     pmx:
#       __class__: astropy.units.quantity.Quantity
#       unit: !astropy.units.Unit {unit: mas / yr}
#       value: !astropy.table.SerializedColumn {name: pmx}
#     pmx_e:
#       __class__: astropy.units.quantity.Quantity
#       unit: !astropy.units.Unit {unit: mas / yr}
#       value: !astropy.table.SerializedColumn {name: pmx_e}
#     pmy:
#       __class__: astropy.units.quantity.Quantity
#       unit: !astropy.units.Unit {unit: mas / yr}
#       value: !astropy.table.SerializedColumn {name: pmy}
#     pmy_e:
#       __class__: astropy.units.quantity.Quantity
#       unit: !astropy.units.Unit {unit: mas / yr}
#       value: !astropy.table.SerializedColumn {name: pmy_e}
#     r:
#       __class__: astropy.units.quantity.Quantity
#       unit: &id002 !astropy.units.Unit {unit: deg}
#       value: !astropy.table.SerializedColumn {name: r}
#     x:
#       __class__: astropy.units.quantity.Quantity
#       unit: *id002
#       value: !astropy.table.SerializedColumn {name: x}
#     y:
#       __class__: astropy.units.quantity.Quantity
#       unit: *id002
#       value: !astropy.table.SerializedColumn {name: y}
# schema: astropy-2.0
x y pmx pmy pmx_e pmy_e pm_corr g_mag bp_rp filter memberprob r pm member_prob_GMM member_prob_DB
[from data line 12362]
-0.0409703 -0.02540415 -0.6735041 -7.810735 1.137086 0.7193386 0.0558439 19.74626 nan 0 0.0 0.04820722268822899 7.839718682002678 0.0 1.0
-0.0335137 0.0003449787 -1.569419 -8.261783 1.247915 0.8379159 0.7458304 19.31382 nan 0 0.0 0.03351547550003511 8.409526403826199 0.0 1.0
-0.01846129 -0.0617168 -0.1446209 -6.072569 1.404065 0.9915846 0.4843178 20.35463 0.7696419 0 0.0 0.06441880649860024 6.074290861037015 0.0 1.0
0.001835797 0.06279797 -0.2224161 -6.950478 0.4442381 0.2970345 0.4214142 18.73091 0.882637 0 0.0 0.06282479754639969 6.954035759903972 0.0 1.0
0.01348629 -0.05092796 1.74968 -3.451697 0.9817367 0.6823962 0.5377885 18.025 0.9365826 0 0.0 0.05268336670834259 3.8698310405247667 0.0 1.0
-0.02352507 0.007754124 2.63829 -8.783297 1.181698 0.7621288 0.6079813 17.84927 0.964817 0 0.0 0.02477004960657681 9.170980335509885 0.0 0.0
0.2265345 0.04802237 -3.832299 -3.378835 0.5892323 0.4121896 -0.1230673 18.58124 1.535892 0 0.0 0.23156862419306054 5.109113580908727 0.0 0.0
-0.1597436 -0.09417302 -5.279602 -15.7159 0.734159 0.5627944 0.4924183 19.3358 1.816776 0 0.0 0.18543617618167282 16.57901414705965 0.0 0.0
-0.03958331 0.005917643 0.9657421 -7.318107 1.251042 1.039819 0.6121899 19.75993 nan 0 0.0 0.040023204884561014 7.381554569815319 0.0 1.0
0.01002535 0.06642727 0.5630151 -3.309573 2.862951 2.15108 0.1301937 20.83334 0.989418 0 0.0 0.06717953440055535 3.3571207075642975 0.0 1.0
-0.04667384 -0.02053925 -3.610117 -1.419085 2.13695 1.526189 -0.007338561 20.52045 0.9997501 0 0.0 0.05099321651855372 3.8790136621200495 0.0 1.0
0.01226599 -0.09577624 4.002769 -7.011888 2.33996 1.620187 0.4260602 20.89139 0.6865845 0 0.0 0.09655849345975578 8.073953987477573 0.0 1.0
-0.02677473 0.09859437 -0.4159969 -8.749826 2.252476 1.382845 0.4498484 20.67378 0.9642258 0 0.0 0.1021652385220619 8.75970938165677 0.0 1.0
0.01052805 -0.02521748 -0.6371159 -7.072187 0.6360268 0.425497 0.8335713 18.25462 nan 0 0.0 0.027326930569548054 7.100827109076929 0.0 0.0
0.02567072 -0.04599463 3.349144 -7.305595 2.342604 1.781896 0.612537 20.68726 nan 0 0.0 0.052673445436531866 8.036696077167594 0.0 1.0
0.04389547 0.01316331 0.8522192 -10.79144 2.22297 1.913889 -0.7131872 19.79692 nan 0 0.0 0.04582668454816473 10.825038329652632 0.0 1.0
0.2265495 0.04623339 -7.687362 -8.307986 0.5102401 0.3479465 0.06432659 18.75392 0.9578362 1 0.0 0.23121894883668617 11.318929538398939 0.0 0.0
-0.04766763 0.07098721 -2.756152 -9.355013 1.573656 0.9653291 0.4939517 20.28926 1.070871 0 0.0 0.08550664847484668 9.752571049588564 0.0 1.0
-0.1895314 0.09921644 -5.771171 -1.857025 0.5429202 0.4576663 0.4342557 19.08951 1.066351 1 0.0 0.2139300202221128 6.062586623040201 0.0 0.0
-0.07745204 0.07130117 -1.315946 -7.433438 0.8312363 0.6052697 0.5416409 19.61973 0.9796295 0 0.0 0.10527428624089788 7.549020756015975 0.0 1.0
0.01360898 0.03425672 -0.574332 -6.086447 1.659118 1.50956 0.2405365 20.24439 nan 0 0.0 0.0368609169961736 6.113484630718638 0.0 1.0
-0.01379583 0.04218426 -0.7391869 -7.227587 1.029181 0.6991956 0.4362423 19.6089 nan 0 0.0 0.04438284259864954 7.265288095850061 0.0 1.0
0.001424063 0.09998062 -1.430632 -4.159574 0.2619192 0.1582718 0.4347428 17.55578 1.109266 1 0.0 0.09999076122828733 4.3987229716020995 0.0 1.0
0.02432977 0.0239779 0.2265831 -6.542137 0.1512555 0.1022929 0.4263881 16.75321 1.163372 1 0.9992278 0.03415958718519444 6.546059610786829 1.0 1.0
-0.05731819 -0.02020937 0.6380597 -5.964482 2.698563 2.545498 -0.03036301 20.80884 0.6776962 0 0.0 0.060776587109453585 5.99851362498145 0.0 1.0
-0.009616836 -0.02756519 0.6664852 -6.299131 2.175359 1.280161 0.4268721 19.85767 nan 0 0.0 0.029194575427414524 6.334291900203214 0.0 1.0
-0.001854802 0.03720327 2.401098 -6.04318 0.7171519 0.4598241 0.503034 19.16891 nan 0 0.0 0.03724947770307798 6.502714519183816 0.0 1.0
0.006319299 0.0210361 0.2509265 -7.462505 0.7023472 0.471727 0.5077786 17.80959 1.020536 0 0.0 0.021964768222346463 7.466722506121896 0.0 0.0
0.2130776 -0.001545952 -1.467663 2.564412 2.040947 1.402418 0.1758385 20.62196 0.8110619 0 0.0 0.2130832081355692 2.9546985611586503 0.0 0.0
-0.02780943 -0.04658618 -0.2538117 -6.435788 0.3109053 0.2131479 0.4994753 18.1018 0.9319839 0 0.0 0.05425529065369846 6.440790911060604 0.0 1.0
-0.02672796 0.03209768 0.5976355 -6.183805 1.769396 1.260544 0.7195205 19.98151 nan 0 0.0 0.041768946684636425 6.2126171996096184 0.0 1.0
0.2301556 -0.01475552 -8.050002 -1.626545 0.6329228 0.4494902 0.1094302 19.16993 1.654724 1 0.0 0.2306281109965357 8.21268414326455 0.0 0.0
0.01613995 -0.02588415 0.4161325 -6.003087 1.646854 1.457182 -0.6187914 19.49279 nan 0 0.0 0.030503888395170216 6.017492815710314 0.0 1.0
-0.05478591 -0.04499874 1.566511 -6.682249 0.9302117 0.5973464 0.1758228 19.47488 1.073172 1 0.9901256 0.07089698538101391 6.863410843824082 0.0 1.0
0.03556674 -0.08871748 0.6239074 -6.817145 0.8948213 0.6704275 0.4883683 19.80415 0.9957237 0 0.0 0.09558129655836438 6.845635572742662 0.0 1.0
-0.0708761 0.0001255485 -1.9712 -5.642424 1.49602 1.087132 0.3482681 20.35418 0.8874397 0 0.0 0.0708762111969584 5.976836791796812 0.0 1.0
0.04355996 0.01280784 -1.397061 -5.173775 1.314256 1.1744 -0.0627296 19.72261 nan 0 0.0 0.045403864160082234 5.359078949628005 0.0 1.0
-0.01332307 0.0422106 -0.558379 -6.645459 0.4888702 0.3385178 0.4748212 18.66425 0.8974056 0 0.0 0.04426329118564163 6.668876399238631 1.0 1.0
0.07127484 0.1482523 -1.398593 -7.188585 1.276114 0.7660224 0.5194988 19.95984 1.124493 1 0.9624753 0.1644957363347622 7.323374678512222 0.0 0.0
0.1865575 -0.1395677 1.70211 -4.838098 0.229456 0.1564601 0.3080266 17.81656 0.9713726 1 0.0 0.23298678865879927 5.128778676225364 0.0 0.0
0.0143861 -0.04136047 -0.1748053 -6.335217 1.790454 1.31114 0.5689883 20.34424 nan 0 0.0 0.04379096198795934 6.337628210142741 0.0 1.0
-0.03900314 -0.02289928 0.0397739 -6.803847 0.5659628 0.4037928 0.322384 18.96632 0.9062805 0 0.0 0.04522855242408273 6.803963254054964 1.0 1.0
-0.06285405 -0.01502861 -0.4575148 -6.527821 0.07389707 0.04962826 0.4465031 15.50341 1.256588 1 0.9973076 0.06462577442425428 6.543834258312174 0.0 1.0
-0.242732 0.03349411 -5.570927 -6.072945 0.3061748 0.2500723 0.5061251 18.06766 1.450918 1 0.0 0.2450319963365848 8.241109671176206 0.0 0.0
0.01310571 0.03309026 0.1875885 -6.705841 0.4505845 0.3045077 0.4303717 18.64806 0.9027309 0 0.0 0.03559107952102184 6.708464277508918 1.0 1.0
0.05976954 -0.02247002 -4.827032 -13.2264 4.876465 2.695008 0.3643578 20.92659 0.6800385 0 0.0 0.06385373685707048 14.079697968671914 0.0 1.0
-0.04330443 0.01027143 0.4870941 -6.906983 1.127983 0.8032735 0.6595475 19.6298 0.9692478 0 0.0 0.04450590895453996 6.924137117687938 1.0 1.0
-0.003471227 -0.01517455 0.2004666 -7.047063 0.4096835 0.275161 0.7162159 18.11027 0.9041729 0 0.0 0.015566514850409805 7.049913742996049 0.0 0.0
-0.05686102 -0.01078121 -0.3413843 -6.496378 0.2565059 0.1788225 0.4632278 17.9114 0.9270649 1 0.9990027 0.057874088195880025 6.505341678895159 0.0 1.0
0.03407451 0.01764617 -0.2982084 -7.25296 1.00567 0.8340973 0.168527 19.60197 0.8953285 0 0.0 0.038372640610322875 7.259087891149311 0.0 1.0
0.07552456 0.02278763 0.2861681 -6.305797 0.4457945 0.3084377 0.3860572 18.6695 0.8821182 0 0.0 0.07888748471215508 6.312287064659418 0.0 1.0
0.07690716 -0.08852407 0.6602267 -6.722492 0.6427242 0.4205399 0.6859862 18.86721 0.9518204 1 0.9933877 0.1172656054801684 6.754835156053543 0.0 0.0
0.01324232 -0.0481182 -2.240498 -8.506239 1.82324 1.167928 0.553997 20.22779 1.045603 0 0.0 0.04990711582752905 8.796359088459555 0.0 1.0
0.004610975 -0.08901084 -0.1623927 -8.072236 1.452632 0.9876935 0.444134 20.3651 nan 0 0.0 0.08913018976730737 8.073869297227278 0.0 1.0
0.03258025 0.03098333 -1.064251 -7.259607 1.505763 1.00746 -0.07999736 19.88745 1.015402 0 0.0 0.04496042068254477 7.3372013728294245 0.0 1.0
-0.06886456 0.03613399 1.103048 -5.826562 1.255869 0.909019 0.6418789 20.03931 nan 0 0.0 0.07776884245836312 5.930053931470438 0.0 1.0
-0.07706788 0.006821143 -2.668486 -3.342665 2.919019 2.37334 0.2993383 20.87405 0.9711876 0 0.0 0.07736915483266474 4.2771750998084 0.0 1.0
0.008926715 -0.04639977 0.4119725 -6.206821 0.4616258 0.3266597 0.539505 18.86185 0.8562317 0 0.0 0.047250660278393204 6.220478138117459 0.0 1.0
-0.008671486 -0.002152622 3.209178 -6.952007 1.350089 1.117575 0.5595067 18.73243 nan 0 0.0 0.008934676878493145 7.656972297438002 0.0 0.0
0.01871809 0.0593569 0.3422874 -8.775138 2.960766 2.093427 -0.4717226 20.62087 1.177843 0 0.0 0.06223831995529844 8.781811178979126 0.0 1.0
-0.08780166 -0.03563207 -0.4953364 -6.992568 0.2082271 0.1483048 0.4170102 17.57348 0.9882717 1 0.9988583 0.09475640300919248 7.01009025503873 0.0 1.0
-0.05847899 0.03229322 0.266585 -6.409786 0.3744166 0.2591135 0.535245 18.52545 0.9556293 1 0.9987727 0.06680302634902478 6.415327281442545 0.0 1.0
0.1216024 -0.08772991 1.587881 -6.361893 1.149392 0.7213754 0.2363108 19.97018 1.044828 0 0.0 0.14994559278074196 6.557060973760271 0.0 0.0
-0.02460759 -0.008399227 -3.18345 -8.676661 0.9512931 0.862247 0.04811411 18.98779 0.8148499 0 0.0 0.02600154802710079 9.242229168951665 0.0 0.0
-0.03416992 0.02411303 0.3161613 -6.699531 1.164696 0.8064155 0.7966526 19.43003 0.852623 0 0.0 0.04182130615592129 6.706986923170396 1.0 1.0
0.06759501 0.03629891 1.162287 -6.412143 1.083014 0.6521229 0.3205174 19.70591 0.8757095 0 0.0 0.07672480853080182 6.51663171606452 0.0 1.0
0.03457671 -0.03378693 0.5261231 -6.957784 1.289048 0.8602574 -0.4803695 19.25928 nan 0 0.0 0.04834361915753722 6.977647433555927 0.0 1.0
0.07312814 -0.02658792 0.6519036 -5.463202 1.080851 0.6795252 0.3332285 19.85093 1.018744 0 0.0 0.07781158236269199 5.501959141660083 0.0 1.0
-0.06921535 0.03700563 -2.235023 -7.227838 1.089015 0.6492072 0.1918868 19.4516 nan 0 0.0 0.07848682263488183 7.565511877247501 0.0 1.0
0.03213772 0.01603593 -0.4745272 -6.830435 0.7665262 0.5054865 0.1820739 19.18196 1.024965 0 0.0 0.035916348614012814 6.846898447674307 1.0 1.0
0.03569165 0.04760939 -1.568977 -9.593478 2.299551 1.137822 0.4272072 20.18731 0.4795189 0 0.0 0.059502503274186706 9.720931486386116 0.0 1.0
-0.08978108 -0.09075273 -6.180879 -5.481546 0.7617342 0.5459087 0.4686317 19.56116 1.722063 1 0.0 0.1276585301827469 8.261392846412582 0.0 0.0
-0.02161916 0.03456265 0.128195 -6.470436 0.2975281 0.2059631 0.4580443 18.06358 1.164013 0 0.0 0.040767203167841916 6.4717058020371265 0.0 1.0
0.08262127 -0.17099 -2.943042 -7.400291 0.724129 0.509723 0.4067276 19.63398 1.010355 1 0.1158671 0.18990485606327423 7.9640318368553125 0.0 0.0
0.007585277 0.06994145 -9.53497 -7.824289 3.445904 1.845149 0.4760354 20.72984 2.079657 0 0.0 0.07035156611809881 12.334307895314637 0.0 1.0
-0.01118744 -0.04520781 -0.8991183 -7.388975 0.3193304 0.2269511 0.5563968 18.23577 0.8857517 1 0.9941413 0.0465715030759122 7.443478035704808 0.0 1.0
-0.02227471 0.01875013 3.859753 -3.970721 0.8451586 0.6744065 0.6840312 18.41886 1.008842 0 0.0 0.029115804653160455 5.537537221622081 0.0 1.0
-0.02418014 -0.03959545 0.3095079 -6.426829 0.9771812 0.6430737 0.2502615 19.65133 0.9346371 0 0.0 0.04639481470080573 6.434277436931314 0.0 1.0
-0.08198516 0.1518796 -9.170023 -11.883 3.629914 2.185273 0.6068555 20.93384 0.7004852 0 0.0 0.1725948416273951 15.009830472744488 0.0 0.0
-0.0786675 -0.02802249 -0.9317184 -6.921502 0.7415047 0.5485145 0.3715916 19.4281 0.9641018 0 0.0 0.08350949348457395 6.983930778072085 0.0 1.0
-0.06255016 0.01470506 0.6205332 -6.668888 0.3818553 0.2701505 0.5398572 18.49205 0.9011822 0 0.0 0.06425543794597621 6.6976957686092495 0.0 1.0
0.03962555 0.01737044 -2.548814 -6.31802 2.535757 2.031881 -0.01786136 20.52451 0.9558563 0 0.0 0.0432656491757156 6.812769592977293 1.0 1.0
0.08736289 -0.1816823 -1.82447 -2.265942 0.1478948 0.1045421 0.4587559 17.05975 1.112745 1 0.0 0.20159546791146396 2.9091551915056026 0.0 0.0
-0.0003450227 0.03697689 -0.6150753 -6.843319 0.2557541 0.1803198 0.366112 17.87185 0.870369 0 0.0 0.03697849962796781 6.870904784701291 1.0 1.0
-0.03866754 -0.02770591 -2.357527 -6.046178 1.70962 1.154902 0.01085217 20.2033 nan 0 0.0 0.047568856393439815 6.489545589901731 0.0 1.0
0.03364617 -0.0487609 -1.275729 -7.649746 0.6151593 0.4052335 0.7077923 18.7458 nan 0 0.0 0.05924263772384633 7.755391566256149 0.0 1.0
0.05810858 0.01421336 3.806444 -9.0895 2.22742 1.361173 -0.6202497 19.90964 nan 0 0.0 0.05982162378359517 9.854340473879315 0.0 1.0
-0.05850582 -0.07235452 -0.1644365 -7.232485 0.2102245 0.1483709 0.4132677 17.58068 1.001072 1 0.995583 0.09304895237617027 7.23435405808682 0.0 1.0
-0.04192592 -0.2188198 -3.376224 -8.0461 0.8610237 0.635679 0.5176767 19.66851 1.758009 0 0.0 0.22280010691174815 8.725744306829991 0.0 0.0
0.02012017 -0.02281109 -2.672094 -8.487729 1.854273 1.408424 0.3687076 20.16534 nan 0 0.0 0.030416559105477397 8.898406032671076 0.0 1.0
-0.02268633 0.008193541 -0.6365351 -7.198738 0.4965549 0.3892137 0.6251779 18.63651 0.9654694 0 0.0 0.024120607019467423 7.226825425190234 0.0 0.0
-0.04798708 0.04176914 -0.2247109 -7.275671 1.582293 1.01686 0.7242311 20.05055 nan 0 0.0 0.06361934378210767 7.279140298745437 0.0 1.0
-0.02491399 0.08870373 -1.333707 -6.083572 2.597122 1.681049 0.4622984 20.77582 0.7155972 0 0.0 0.09213608746649164 6.228051271548188 0.0 1.0
-0.005346983 -0.006623195 -2.909434 -8.708946 0.855578 0.5453078 0.6633163 18.42492 nan 0 0.0 0.00851216419075161 9.182077468158933 0.0 0.0
0.03718421 -0.04201421 -0.2613126 -6.31107 0.5023109 0.3617256 0.5511167 18.79209 nan 0 0.0 0.056105786824963075 6.31647756426149 0.0 1.0
0.01751306 0.03549265 -2.393707 -6.217549 1.176848 0.739858 0.1756558 19.82277 1.006742 0 0.0 0.039578219699553184 6.662413134086627 1.0 1.0
-0.160711 -0.02552207 2.463514 -7.980838 0.2287279 0.1736645 0.4476731 17.52576 1.120825 1 0.0 0.16272492611178196 8.352405426608554 0.0 0.0
0.03738422 0.03750553 -6.827268 -0.9122083 1.164872 1.121027 -0.2421195 19.37546 0.8869591 0 0.0 0.05295511954088387 6.8879396285400825 1.0 1.0
0.04720073 -0.1258235 1.948401 -4.132551 2.998915 1.867894 0.7088325 20.74846 0.9480553 0 0.0 0.13438549797051355 4.568834011474044 0.0 0.0
0.07047912 0.08080972 -0.01467663 -7.238637 0.8389654 0.5537923 0.32092 19.54121 1.002781 1 0.9934537 0.1072264762195084 7.238651878715895 0.0 1.0
-0.01789736 -0.03441061 -0.4045361 -6.436087 1.263034 1.006915 0.1927213 19.7818 nan 0 0.0 0.038786667497243174 6.448787896013654 0.0 1.0
0.02930003 -0.05020361 -1.091218 -6.925899 0.367339 0.2574672 0.5383968 18.48749 1.014431 0 0.0 0.05812825659722645 7.011336083923306 0.0 1.0
0.04581621 -0.01534516 1.63248 -6.248207 1.211019 0.9156682 0.4650002 19.95379 0.9753971 0 0.0 0.04831768862631677 6.457947171141074 0.0 1.0
-0.02361621 -0.0179269 1.136518 -12.61213 1.26736 0.9072614 -0.4361855 19.30037 0.9889469 0 0.0 0.029649605703518215 12.663234038002457 0.0 1.0
0.1303001 0.1903914 -0.4352629 7.80052 1.20554 0.6158932 0.3241605 19.29629 1.329496 0 0.0 0.23070977710961882 7.812654226478759 0.0 0.0
0.0330986 0.02245032 -0.4130744 -4.746037 3.253594 2.569706 0.1806363 20.73501 0.5450344 0 0.0 0.03999417695193139 4.7639791839705135 0.0 1.0
0.0330975 -0.03313554 -0.2995284 -6.639137 3.065777 2.028881 0.6162233 20.48851 0.8500767 0 0.0 0.04683383944693836 6.645890261445456 1.0 1.0
0.05478339 -0.006442164 -1.104587 -7.109676 0.3885 0.2790951 0.4948575 18.36254 0.7780514 0 0.0 0.055160867441466116 7.194970831458943 0.0 1.0
0.06184413 -0.005690078 -2.151258 -9.070627 0.451 0.3237715 0.4609528 18.25519 0.9020481 0 0.0 0.062105341180151194 9.322241423375228 0.0 1.0
-0.09179961 0.01081737 1.304254 -4.320471 2.07891 1.656025 0.424534 20.66779 1.320761 1 0.9507493 0.09243475477259082 4.51304200715626 0.0 1.0
-0.02350926 -0.03187676 0.3051002 -6.485048 0.5441679 0.3597154 0.4148941 18.84998 1.120314 0 0.0 0.039608245780963336 6.492221013978502 0.0 1.0
-0.04051465 0.05185014 0.3217334 -7.699891 1.454406 0.9046615 0.6115961 19.97259 1.056427 0 0.0 0.06580177719972387 7.706609747000075 0.0 1.0
