jas1101finalproject/data/gcs/NGC_2419.ecsv
# %ECSV 0.9
# ---
# datatype:
# - {name: x, unit: deg, datatype: float64}
# - {name: y, unit: deg, datatype: float64}
# - {name: pmx, unit: mas / yr, datatype: float64}
# - {name: pmy, unit: mas / yr, datatype: float64}
# - {name: pmx_e, unit: mas / yr, datatype: float64}
# - {name: pmy_e, unit: mas / yr, datatype: float64}
# - {name: pm_corr, datatype: float64}
# - {name: g_mag, unit: mag, datatype: float64}
# - {name: bp_rp, unit: mag, datatype: float64}
# - {name: filter, datatype: int64}
# - {name: memberprob, datatype: float64}
# - {name: r, unit: deg, datatype: float64}
# - {name: pm, unit: mas / yr, datatype: float64}
# - {name: member_prob_GMM, datatype: float64}
# meta: !!omap
# - comments: [deg deg mas/yr mas/yr mas/yr mas/yr dimless mag   mag   zeroone float]
# - __serialized_columns__:
#     bp_rp:
#       __class__: astropy.units.quantity.Quantity
#       unit: &id001 !astropy.units.Unit {unit: mag}
#       value: !astropy.table.SerializedColumn {name: bp_rp}
#     g_mag:
#       __class__: astropy.units.quantity.Quantity
#       unit: *id001
#       value: !astropy.table.SerializedColumn {name: g_mag}
#     pm:
#       __class__: astropy.units.quantity.Quantity
#       unit: !astropy.units.Unit {unit: mas / yr}
#       value: !astropy.table.SerializedColumn {name: pm}
#     pmx:
#       __class__: astropy.units.quantity.Quantity
#       unit: !astropy.units.Unit {unit: mas / yr}
#       value: !astropy.table.SerializedColumn {name: pmx}
#     pmx_e:
#       __class__: astropy.units.quantity.Quantity
#       unit: !astropy.units.Unit {unit: mas / yr}
#       value: !astropy.table.SerializedColumn {name: pmx_e}
#     pmy:
#       __class__: astropy.units.quantity.Quantity
#       unit: !astropy.units.Unit {unit: mas / yr}
#       value: !astropy.table.SerializedColumn {name: pmy}
#     pmy_e:
#       __class__: astropy.units.quantity.Quantity
#       unit: !astropy.units.Unit {unit: mas / yr}
#       value: !astropy.table.SerializedColumn {name: pmy_e}
#     r:
#       __class__: astropy.units.quantity.Quantity
#       unit: &id002 !astropy.units.Unit {unit: deg}
#       value: !astropy.table.SerializedColumn {name: r}
#     x:
#       __class__: astropy.units.quantity.Quantity
#       unit: *id002
#       value: !astropy.table.SerializedColumn {name: x}
#     y:
#       __class__: astropy.units.quantity.Quantity
#       unit: *id002
#       value: !astropy.table.SerializedColumn {name: y}
# schema: astropy-2.0
x y pmx pmy pmx_e pmy_e pm_corr g_mag bp_rp filter memberprob r pm member_prob_GMM
[from data line 115]
-0.013861 0.01897998 0.1264654 -0.7257894 0.480473 0.3514057 -0.1073511 19.02129 1.063038 0 0.0 0.02350248841719532 0.7367250169157554 0.0
0.003322537 0.00454008 -2.002412 -0.9001569 0.796368 0.5087353 0.1197317 19.38754 nan 0 0.0 0.0056259735622173875 2.1954353241126485 0.0
0.004567923 0.03132314 -2.688232 -3.26629 3.5222 1.880317 0.08124789 20.78255 0.1303253 0 0.0 0.03165446287640226 4.230276781715825 0.0
0.04780369 0.02081814 0.3475265 -0.6077259 2.455164 1.404726 0.6744669 20.34955 0.06001091 0 0.0 0.05214007796959744 0.7000753086154804 0.0
0.03691267 0.0362688 -0.3413443 1.539788 1.659912 1.008059 0.1140778 20.35616 0.3182487 0 0.0 0.051749116513897124 1.5771693048263684 0.0
0.03175176 -0.05106356 -1.48334 -1.832628 0.7882411 0.5355215 0.04713957 19.68631 1.051908 0 0.0 0.060130370221471274 2.3577156194045115 0.0
0.0009293437 -0.0007395325 -2.500817 0.4545015 1.422974 0.9602835 -0.1151391 19.25581 nan 0 0.0 0.001187681788732125 2.541782304012531 0.0
0.004671271 -0.005633642 5.276285 -5.18193 3.475714 2.441431 0.1278337 20.43301 nan 0 0.0 0.007318380622761091 7.395375712303263 1.0
0.05974394 0.006190183 -3.08295 -3.095336 2.236945 1.505171 0.07752865 20.7178 -0.2346935 1 0.686569 0.06006377221168422 4.368716705783976 0.0
0.05687746 0.003937159 2.719283 -1.492007 1.654581 1.051873 0.1161066 20.4668 0.2619534 0 0.0 0.0570135657281921 3.1017067756540104 0.0
0.0336918 0.03129284 -1.166365 -3.700124 3.309038 1.466186 0.4625563 20.5653 0.4155598 0 0.0 0.045982379478508945 3.8796037076744065 0.0
0.002437412 0.01242884 0.9972358 0.9995379 1.270165 0.8635147 0.02243016 20.26135 0.4180584 0 0.0 0.012665584905694012 1.4119331621355347 0.0
-0.01184903 0.01413495 -0.09708108 2.842883 2.219919 1.503442 0.3056716 20.5127 0.8635788 0 0.0 0.018444411713128724 2.8445401188562918 0.0
-0.005285606 -0.03700567 0.3664728 -0.5443983 0.4328195 0.3024005 -0.02746745 18.85052 1.165289 0 0.0 0.03738124185920173 0.6562559121125919 0.0
-0.01251057 0.03392572 1.416297 -0.9311332 1.868304 1.264205 0.1431567 20.58666 0.532877 0 0.0 0.036158938580153316 1.6949649637533042 0.0
0.0335029 -0.02133101 -0.517295 0.07596463 2.364137 1.856086 -0.1410787 20.77923 0.675993 0 0.0 0.03971720403087433 0.5228429420352128 0.0
-0.003183068 -0.05850542 0.6990988 -0.3788538 1.511863 1.006963 0.02913048 20.58156 0.9805336 0 0.0 0.05859194561771289 0.7951536542932316 0.0
-0.02350107 -0.01003588 -0.1220348 -0.1466823 0.2918888 0.2063838 -0.0528851 18.27643 1.145718 0 0.0 0.025554239932334126 0.19080930151418196 0.0
0.006429684 -0.009287984 1.313155 1.087377 2.516683 1.711124 0.4519407 20.41545 nan 0 0.0 0.011296348220735409 1.7049236915926766 0.0
0.007070407 -0.0015212 -0.4703759 -0.5422519 0.1972196 0.1266041 0.1783963 17.49862 1.125166 0 0.0 0.0072321991527922545 0.7178374539924899 0.0
0.01419519 -0.02044103 -3.516782 -0.3507808 2.199358 1.714474 -0.08794948 20.61258 nan 0 0.0 0.024886525000429448 3.534232986826511 0.0
0.001713045 0.00980812 0.2177382 -0.8056694 0.244461 0.1660728 0.1241875 18.00994 1.163326 0 0.0 0.00995659284627151 0.8345736072004674 0.0
-0.006020646 -0.01599807 -0.2104035 -0.7869528 0.2578198 0.1769784 0.3905198 17.80912 1.301313 1 0.9991126 0.017093461380955466 0.8145945876570075 0.0
-0.03018935 0.04577566 0.243765 -0.8399723 1.398288 0.924089 0.1150089 20.41434 0.6473503 0 0.0 0.054834367889655664 0.8746284010894513 0.0
-0.03379768 -0.003584894 -1.597427 -1.870884 1.715747 1.103992 0.2059914 20.52428 1.041368 0 0.0 0.03398727171123972 2.4600772267928908 0.0
-0.03161983 -0.04788979 -0.1050325 -5.472699 0.3272136 0.2010948 0.1405137 18.39493 1.144432 1 0.0 0.057386807155242574 5.4737068034977225 0.0
0.004938592 -0.006270678 -6.321305 -2.254717 2.349899 1.64943 -0.07244928 20.38345 nan 0 0.0 0.007981922921335935 6.711381799086832 1.0
0.01782037 -0.07331572 1.861138 -5.03367 0.3211664 0.1873915 0.1132829 18.13762 1.101179 1 0.0 0.07545038360442775 5.366718580654663 0.0
0.005472645 0.0002639376 0.9013686 -3.295022 2.35311 2.039666 0.3691363 20.30999 nan 0 0.0 0.005479005963924365 3.416084796012821 0.0
0.008223677 -0.01086327 7.144147 -0.5977716 3.43703 1.425623 0.1997698 20.56986 0.6924896 0 0.0 0.013624958660239266 7.169112026142119 0.0
-0.0002228106 0.006531275 0.3727236 -0.2903422 0.1638194 0.1055891 0.1123338 17.35146 1.269287 0 0.0 0.00653507442108331 0.4724631997286138 0.0
0.01115656 -0.001738113 0.1382285 -0.4181643 1.265334 0.8820709 0.0326234 20.11303 0.5800953 0 0.0 0.01129114112188706 0.4404185509339269 0.0
-0.003381956 0.008839247 0.07157764 -0.5874695 0.2330738 0.153426 0.009969355 17.69828 1.272903 0 0.0 0.009464138307999572 0.5918139673733795 0.0
0.005140058 0.0003325773 -0.7576263 1.733896 3.250415 1.903943 0.04044829 20.55704 nan 0 0.0 0.005150806141162692 1.8921926300637815 0.0
0.004942016 -0.05557563 -0.01402881 -0.4396959 0.1438252 0.0918055 0.1833921 17.00412 1.598909 1 0.9990053 0.05579492962663504 0.43991964264718403 0.0
0.07889643 3.668674e-05 -0.9652891 0.6197946 1.607711 1.036268 0.1478168 20.42798 0.4195957 1 0.883806 0.07889643852964336 1.1471392211793519 0.0
0.01137022 -0.0008187375 -2.47766 1.233402 1.023142 0.6864373 0.1782906 19.59479 0.7753716 0 0.0 0.011399659378345754 2.76768487534329 0.0
-0.005567458 0.005989806 3.81537 1.66816 1.710072 1.04557 0.1913507 20.24735 nan 0 0.0 0.008177674761165304 4.164109271200745 0.0
0.006225987 0.0106209 -3.732048 2.81265 1.692013 1.117999 0.2629507 20.24136 0.520113 0 0.0 0.012311231901567325 4.673241091234647 0.0
0.002360422 0.006317691 -0.5803535 -3.35581 2.315886 1.438796 0.08172945 20.3947 nan 0 0.0 0.006744242847760229 3.405623429133387 0.0
0.003696541 0.007004393 3.364485 7.281517 1.543355 0.9697039 0.1392796 19.35593 0.7201614 0 0.0 0.007919970748880957 8.021237381882798 0.0
0.009792217 -0.0138042 -1.296209 -1.064119 3.367045 1.746274 0.1575388 20.61758 nan 0 0.0 0.01692464036294683 1.6770530754397728 0.0
0.007282787 0.0124101 2.848007 -1.880376 2.733791 2.557007 -0.3577046 20.6601 0.5560989 0 0.0 0.014389217091189118 3.4127639492682467 0.0
0.05011281 0.05510242 -2.148703 -2.642791 2.056546 1.634421 -0.1024997 20.66681 1.233971 0 0.0 0.07448201404334136 3.406063541963068 0.0
-0.00163027 0.00449043 0.3786225 -1.485292 1.494439 0.9925166 0.004886495 20.01407 nan 0 0.0 0.004777210677560704 1.5327906976395211 0.0
-0.01212591 0.02699816 0.2893042 -0.03967167 0.5462623 0.3187997 -0.02813161 18.90889 1.08663 0 0.0 0.029596255450879256 0.29201157774689157 0.0
0.004142695 -0.006259285 -0.1304592 -3.292916 3.815579 3.28157 0.255392 20.57913 nan 0 0.0 0.007506035609711028 3.2954992620118486 0.0
0.00293049 0.006924249 0.002918409 0.2705255 0.3543726 0.2287113 0.1073901 18.3649 0.969574 0 0.0 0.007518842720399264 0.27054124133178153 0.0
-0.003061747 -0.001765626 -0.1029016 0.8104418 0.7775445 0.7203882 -0.1163989 19.31445 nan 0 0.0 0.003534364138552365 0.8169483768695547 0.0
0.03313171 0.04844345 -0.5244448 -0.3886078 3.041294 1.432374 0.3659127 20.63037 0.1273842 1 0.9277188 0.05868967588449096 0.6527314688812544 0.0
0.001873482 0.00576073 -0.6777151 -0.4381894 0.2651741 0.1679624 0.1621944 17.92325 1.016346 0 0.0 0.006057717799404657 0.8070363728112694 0.0
-0.01236519 0.016565 0.9731416 -2.162038 1.784287 1.311541 -0.07262072 20.49006 0.4211254 0 0.0 0.020671167086937788 2.3709518947238384 0.0
0.0009590573 -0.002097564 1.002299 0.7316217 1.171295 0.7777261 -0.01821514 18.99241 nan 0 0.0 0.0023064183572759065 1.2409164344595853 0.0
0.05461777 0.03869873 -2.515736 1.346719 1.672845 1.200796 0.09643068 20.48082 0.8813114 0 0.0 0.06693797504694776 2.8535205775772843 0.0
0.05537403 -0.04061207 5.214523 -5.115168 3.010772 3.307055 -0.5326662 20.84122 2.020391 0 0.0 0.06867039702903865 7.304532413902549 0.0
-0.01548977 0.01017218 0.7635451 0.5996124 1.835246 1.142998 0.1560283 20.58115 0.1384125 0 0.0 0.018531222857795973 0.970843009949482 0.0
-0.02478044 0.0003863037 0.3044355 -0.7476152 0.3047019 0.2025873 0.07787449 18.25828 1.30216 1 0.9981915 0.024783450872350964 0.8072233030155226 0.0
0.004417385 -0.02995235 0.482783 1.517493 1.579587 1.005579 0.08029186 20.45723 0.2966576 0 0.0 0.030276336646971096 1.5924397728448005 0.0
0.01210366 -0.05299222 -0.2999425 -0.3598712 0.6451917 0.4101017 0.0989453 19.42656 1.110018 0 0.0 0.05435691277035516 0.4684792246148062 0.0
-0.02877982 0.008982325 -0.2770577 -0.7109356 0.2084561 0.1348816 0.1054875 17.67491 1.422205 1 0.9988463 0.030148966841966992 0.7630140211533796 0.0
0.009125312 -0.00128064 -0.4318931 3.650009 1.824621 1.076818 0.005578288 19.80056 nan 0 0.0 0.009214735910862774 3.675472398197082 0.0
-0.03220755 -0.07276134 -0.9492318 -3.493408 0.5111644 0.3072799 0.115474 19.09425 1.443289 0 0.0 0.07957096754217645 3.620074649036293 0.0
0.003645519 -0.04027115 0.153915 -0.7812999 0.2352199 0.1515337 0.1423697 17.88556 1.345318 1 0.9975196 0.040435817428387186 0.7963161187399198 0.0
0.02157768 0.005062078 0.3190476 -0.3822496 0.3662426 0.2381638 0.143058 18.54537 1.243139 0 0.0 0.02216350396170434 0.49790172500797786 0.0
-0.04300773 0.02879924 -0.06134904 -0.6873695 0.4612894 0.3092771 0.07622762 19.02515 1.194794 1 0.9952962 0.051759647065358745 0.6901018288913394 0.0
0.008846171 -0.001253972 -2.369538 1.945228 2.732544 2.090636 0.3461595 20.57865 nan 0 0.0 0.008934606154611684 3.0657172579068668 0.0
-0.003791202 0.01808609 1.951894 0.3130166 1.411198 0.910074 0.5401496 19.9121 1.11166 0 0.0 0.01847917379356837 1.9768332198522869 0.0
0.009113504 -0.001829958 -1.849113 -1.17765 2.499579 1.91751 -0.1195941 20.74041 nan 0 0.0 0.0092954129246516 2.1922769919125185 0.0
0.002402002 0.005997257 -4.853989 1.377303 1.819121 1.242118 0.153958 20.35172 nan 0 0.0 0.006460395121976131 5.045609256168179 0.0
0.00069193 -0.01600214 2.73329 0.2607201 3.741143 2.068261 0.2232739 20.78965 nan 0 0.0 0.01601709248598197 2.7456964862569953 0.0
0.001750024 -0.04507392 0.6280157 -0.6982048 0.61678 0.4113555 0.03917813 19.26862 1.008177 0 0.0 0.04510788011164985 0.9390919348974998 0.0
-0.009167663 -0.005461542 1.798864 -3.006326 2.150603 1.329659 0.1518179 20.5544 nan 0 0.0 0.010671198896999952 3.503413722181838 0.0
-0.03008262 0.003501144 -0.4522762 -0.1595866 0.6872463 0.4489487 0.1115733 19.51612 1.071438 0 0.0 0.030285673764556337 0.47960571721571466 0.0
-0.01579293 -0.01798403 -0.1715843 -0.6664145 0.2558909 0.1623829 0.1638958 17.97762 1.318167 1 0.9993469 0.02393411734377936 0.6881492990745104 0.0
-0.03455175 0.009080265 0.02518142 -0.5830574 0.2528948 0.1443669 0.09628756 17.81237 1.360388 1 0.9993687 0.03572498622158901 0.5836009215276963 0.0
0.01025259 -0.03447979 -0.2921673 -0.3671961 0.6979223 0.4739588 0.02215858 19.61401 0.8783741 0 0.0 0.03597181563602538 0.4692490884855292 0.0
-0.04696053 -0.06868285 0.7037522 -0.2438776 0.7040747 0.444141 0.06860837 19.6446 0.9643116 0 0.0 0.08320231524424906 0.7448110114563291 0.0
0.03292669 0.004208124 0.6259214 -0.0559015 0.6774709 0.4400693 0.09173245 19.50079 1.065966 0 0.0 0.03319450590015577 0.6284127438874947 0.0
0.009018344 -0.0007771132 0.6342427 -0.3756746 0.5193525 0.3231367 0.1955095 18.90368 0.8159904 0 0.0 0.009051764105849767 0.7371534491464108 0.0
-0.0187934 -0.01991354 6.159376 0.6189075 3.990241 1.508009 0.2960975 20.67532 0.1844997 0 0.0 0.027381398044869804 6.190392491832182 0.0
-0.01379778 -0.02240186 4.09584 2.705584 3.00038 1.78147 0.4779076 20.61052 0.7100182 0 0.0 0.026310113348064466 4.908776842213954 0.0
-0.03854527 -0.08425568 4.183151 -5.724742 1.896209 1.31807 -0.006006444 20.60463 0.9562798 0 0.0 0.09265396619484403 7.090234358282172 0.0
-0.03805753 0.01601336 0.2724218 -0.4197191 0.2475419 0.1604353 0.1365727 17.9874 1.300226 1 0.9983274 0.04128926359467434 0.5003776174251302 0.0
-0.06067103 -0.0500415 1.586222 -0.8480743 1.41874 0.885033 0.2118468 20.35048 0.7504177 0 0.0 0.07864556950973717 1.7987023799407422 0.0
0.00756949 -0.003367462 -0.443212 -1.413454 0.54999 0.3408948 0.1911564 18.9103 0.7840405 0 0.0 0.008284743760765568 1.4813132980770813 0.0
-0.002236401 -0.007953096 -1.173148 0.3220853 2.493432 1.542707 0.4225236 20.31225 nan 0 0.0 0.008261551029801667 1.216558741031476 0.0
-0.02493882 0.02293122 -1.059804 -0.8906826 2.797405 1.279843 0.2171393 20.55282 nan 0 0.0 0.033878984543235645 1.3843771207148579 0.0
0.0326519 -0.04401359 6.440117 -1.476272 3.008266 2.731612 -0.2503534 20.7654 0.9343605 0 0.0 0.05480276159371989 6.607154152255947 0.0
-0.02219546 0.005283521 0.3635407 -0.191207 0.4431164 0.2961943 0.08838195 18.92937 1.117994 0 0.0 0.022815653371513187 0.41075778435166627 0.0
-0.002569928 -0.03303853 0.0341109 -1.027961 0.5307897 0.3464325 0.07307497 19.1898 1.037756 0 0.0 0.033138331196457135 1.028526796451998 0.0
-0.02389724 -0.004672288 0.4690354 -0.389168 0.66575 0.4396541 0.07039037 19.53574 0.9576283 0 0.0 0.024349709541851706 0.6094636483640021 0.0
-0.003992385 -0.07543499 -3.865244 -1.756993 2.004587 1.590986 -0.338937 20.75628 0.2313938 0 0.0 0.07554056429686189 4.245837441728663 0.0
-0.009465777 -0.01403313 1.216014 0.1323242 1.245105 0.8261887 0.09031262 20.2838 0.8408833 0 0.0 0.016927187356753307 1.2231924387035917 0.0
0.003199538 -0.03351534 0.152065 -0.3597026 0.8219418 0.5477556 0.03017543 19.81838 0.8914146 0 0.0 0.03366771537733209 0.3905249347631467 0.0
-0.001380876 0.003052284 -0.2928693 -0.7152018 0.2981064 0.1895742 -0.004139144 18.13055 nan 0 0.0 0.003350112855417262 0.7728428311149234 0.0
0.007539286 0.001412351 -1.525688 -1.765755 0.892563 0.5742989 0.1165437 19.64782 0.9287872 0 0.0 0.0076704347162984835 2.3335840660599736 0.0
0.003156383 0.00167142 -0.1417655 -1.049033 0.5722265 0.364232 0.1360666 19.07949 nan 0 0.0 0.0035716100653751387 1.058568699744731 0.0
0.03821617 0.02971966 0.4450216 -1.390025 1.076108 0.7234303 0.03510622 20.0932 0.9128685 0 0.0 0.0484121249273826 1.4595251711058497 0.0
0.001059827 0.01106696 -0.4458772 -0.8438756 0.4203862 0.2768549 0.08961021 18.37928 1.136488 0 0.0 0.011117591326880522 0.9544278420892801 0.0
-0.004458665 -0.02120525 0.1517521 -0.4964564 0.2832828 0.1808999 0.1178497 18.1771 1.253262 1 0.9993475 0.021668925242030925 0.5191316374055525 0.0
-0.06752842 -0.06147559 2.536051 -1.520654 1.957133 1.220922 0.6718485 20.27847 0.8901882 0 0.0 0.09131996317095457 2.9570159387999584 0.0
-0.04021013 0.03138015 0.4980764 -1.084095 0.6203025 0.425547 0.05524376 19.4267 1.08252 0 0.0 0.05100557193718545 1.1930390057588058 0.0
0.007531666 -0.03879456 2.119969 -0.1631551 0.9725463 0.5612111 0.02242181 19.85394 1.002895 0 0.0 0.039518905328072486 2.1262380270367216 0.0
0.04980471 -0.08123508 2.789828 -0.7615634 1.486343 0.9634893 0.1676031 20.39192 0.739275 0 0.0 0.09528718361243815 2.891905787158973 0.0
0.0235934 -0.03840957 0.1691333 0.04618235 3.085554 1.476263 0.1920578 20.7146 0.6102352 0 0.0 0.0450770849894367 0.17532507698675764 0.0
0.004543254 0.04573506 2.972771 1.158143 3.651017 2.596906 -0.09306882 20.76882 0.2476177 0 0.0 0.04596016612363489 3.190401640372259 0.0
-0.08429902 -0.05329805 -1.216388 -1.015132 1.266427 0.7698053 0.1893735 20.17237 1.086866 0 0.0 0.09973468256711354 1.5843272212418746 0.0
-0.02333835 -0.07534354 2.490372 -5.557867 0.3778708 0.2356455 0.1131876 18.6818 1.452602 1 0.0 0.07887539287036294 6.090306912469436 0.0
-6.844173e-05 -0.02545496 -0.1851545 0.1679297 0.8128051 0.5085179 0.08936456 19.71998 0.9670486 0 0.0 0.025455052010789632 0.249965143594742 0.0
-0.008886246 0.0126239 -1.969506 -1.116246 3.717421 1.673806 0.2120502 20.73717 0.1305294 0 0.0 0.015437882600360582 2.263837232786845 0.0
-0.01155954 0.005143665 -3.957285 1.878621 2.472555 1.680807 0.005569036 20.8496 0.7069626 0 0.0 0.012652282586309278 4.380561771378872 0.0
0.001291502 0.006107855 1.602466 -2.972458 2.545244 1.405167 0.4183358 20.16313 nan 0 0.0 0.006242905582902003 3.376892631239554 0.0
0.008982603 6.974505e-05 1.667118 -2.150412 2.518161 1.566905 -0.1150405 20.47194 nan 0 0.0 0.008982873762199296 2.720947297480788 0.0
