jas1101finalproject/data/gcs/NGC_6569.ecsv
# %ECSV 0.9
# ---
# datatype:
# - {name: x, unit: deg, datatype: float64}
# - {name: y, unit: deg, datatype: float64}
# - {name: pmx, unit: mas / yr, datatype: float64}
# - {name: pmy, unit: mas / yr, datatype: float64}
# - {name: pmx_e, unit: mas / yr, datatype: float64}
# - {name: pmy_e, unit: mas / yr, datatype: float64}
# - {name: pm_corr, datatype: float64}
# - {name: g_mag, unit: mag, datatype: float64}
# - {name: bp_rp, unit: mag, datatype: float64}
# - {name: filter, datatype: int64}
# - {name: memberprob, datatype: float64}
# - {name: r, unit: deg, datatype: float64}
# - {name: pm, unit: mas / yr, datatype: float64}
# - {name: member_prob_GMM, datatype: float64}
# meta: !!omap
# - comments: [deg deg mas/yr mas/yr mas/yr mas/yr dimless mag   mag   zeroone float]
# - __serialized_columns__:
#     bp_rp:
#       __class__: astropy.units.quantity.Quantity
#       unit: &id001 !astropy.units.Unit {unit: mag}
#       value: !astropy.table.SerializedColumn {name: bp_rp}
#     g_mag:
#       __class__: astropy.units.quantity.Quantity
#       unit: *id001
#       value: !astropy.table.SerializedColumn {name: g_mag}
#     pm:
#       __class__: astropy.units.quantity.Quantity
#       unit: !astropy.units.Unit {unit: mas / yr}
#       value: !astropy.table.SerializedColumn {name: pm}
#     pmx:
#       __class__: astropy.units.quantity.Quantity
#       unit: !astropy.units.Unit {unit: mas / yr}
#       value: !astropy.table.SerializedColumn {name: pmx}
#     pmx_e:
#       __class__: astropy.units.quantity.Quantity
#       unit: !astropy.units.Unit {unit: mas / yr}
#       value: !astropy.table.SerializedColumn {name: pmx_e}
#     pmy:
#       __class__: astropy.units.quantity.Quantity
#       unit: !astropy.units.Unit {unit: mas / yr}
#       value: !astropy.table.SerializedColumn {name: pmy}
#     pmy_e:
#       __class__: astropy.units.quantity.Quantity
#       unit: !astropy.units.Unit {unit: mas / yr}
#       value: !astropy.table.SerializedColumn {name: pmy_e}
#     r:
#       __class__: astropy.units.quantity.Quantity
#       unit: &id002 !astropy.units.Unit {unit: deg}
#       value: !astropy.table.SerializedColumn {name: r}
#     x:
#       __class__: astropy.units.quantity.Quantity
#       unit: *id002
#       value: !astropy.table.SerializedColumn {name: x}
#     y:
#       __class__: astropy.units.quantity.Quantity
#       unit: *id002
#       value: !astropy.table.SerializedColumn {name: y}
# schema: astropy-2.0
x y pmx pmy pmx_e pmy_e pm_corr g_mag bp_rp filter memberprob r pm member_prob_GMM
[from data line 5363]
-0.0007428706 0.005735181 -2.609372 -6.690617 0.8105546 0.7060419 0.6110696 18.16741 nan 0 0.0 0.005783092410735399 7.181446795393878 0.0
-0.05230537 -0.01933457 -0.9096898 -5.871177 1.263708 1.049111 0.001987882 19.63798 nan 0 0.0 0.05576448088094966 5.941233449171396 0.0
-0.01434098 0.0719839 -1.586664 -8.287898 1.060415 0.9126224 0.1339056 19.69992 1.655487 0 0.0 0.07339853926727971 8.4384095602963 0.0
-0.02569973 0.04624369 -6.64285 -2.219596 0.6468002 0.5396279 0.1341708 19.27408 0.9191227 0 0.0 0.05290515085404256 7.0038605444223405 0.0
-0.02538854 0.04667293 -3.13315 -2.505714 1.453618 1.096287 -0.3142872 19.62037 nan 0 0.0 0.053131350049819934 4.011886286062455 0.0
0.01805893 0.01514428 -4.555456 -7.167783 0.2522186 0.2111739 0.5788846 17.13974 nan 0 0.0 0.02356849951658569 8.492896590859035 1.0
-0.06168726 -0.0231913 -0.7397464 -3.732587 0.3531885 0.2918276 0.205225 18.12235 1.237175 0 0.0 0.06590261331690572 3.8051846799967493 0.0
0.01098599 0.07356555 -6.186034 -5.03601 0.2887495 0.2407473 0.07546943 18.0698 1.595131 0 0.0 0.07438132912957794 7.976742027247465 0.0
0.005614538 0.07689054 0.02378423 -8.131814 0.2060724 0.1697029 -0.0123815 17.07648 1.607962 1 0.0 0.07709525392944136 8.131848782422894 0.0
-0.05743339 0.05618195 1.359745 -1.118793 0.2686885 0.2336651 0.2714591 17.82537 1.372637 1 0.0 0.08034305068078135 1.760853270966664 0.0
-0.02464074 0.06366378 -5.203042 -5.170637 0.7763685 0.6567403 0.2995122 19.45599 1.249357 0 0.0 0.06826597213572806 7.335334555392344 0.0
-0.05046581 -0.01744527 0.7523151 0.7615686 0.6469039 0.548592 0.1563995 19.23514 1.431496 0 0.0 0.053396024424380135 1.0704974274578944 0.0
-0.002143211 0.008651495 -5.065703 -8.496276 0.9691875 0.8488766 0.5278456 18.09801 nan 0 0.0 0.008913008421714073 9.891817464570654 0.0
-0.07609158 -0.03382408 -1.406329 -8.001415 0.5268265 0.4445397 0.1987428 19.01233 1.374115 0 0.0 0.08327062468087292 8.124063223440965 0.0
-0.01423186 0.03744948 -4.965266 -4.914083 0.366279 0.2978623 0.06074892 18.40693 1.486612 0 0.0 0.040062568456478174 6.98584842246416 0.0
-0.0173402 0.01376922 -0.1771381 -4.37322 0.8461702 0.7347436 0.4280001 19.38957 1.037172 0 0.0 0.022142130779317513 4.376806035783583 0.0
0.05573514 0.04930891 -3.762846 -4.823728 0.2945547 0.2472022 0.2129929 17.90064 1.686811 1 0.0 0.07441622428078234 6.117790601001313 0.0
-0.06412292 0.01256411 1.001741 -5.172528 1.059139 0.8990912 0.1552696 19.94885 0.6926708 0 0.0 0.06534222011393935 5.26863653537279 0.0
-0.05448313 -0.01908978 -3.57982 -6.666324 0.06581481 0.05496191 0.09807129 15.11682 2.062338 1 0.0 0.057730677763605895 7.566702512017769 0.0
-0.05072488 0.02945439 -2.004294 -1.558948 0.681299 0.5879969 0.07391735 19.14962 0.9409161 0 0.0 0.05865641091378248 2.5391954050722445 0.0
-0.002248344 0.06647847 -0.2023612 -4.848624 0.8292198 0.7179326 0.4409897 19.22989 nan 0 0.0 0.0665164793437178 4.8528450159304946 0.0
-0.03985452 0.02367283 -3.996059 -2.599297 0.4281201 0.3604694 0.2358616 18.75401 1.109407 0 0.0 0.04635499589730647 4.767056998368071 0.0
0.04647368 0.04982902 -0.3045282 -6.145957 1.331281 1.111828 -0.4647543 19.69793 1.436468 0 0.0 0.06813761198415161 6.153496962739499 0.0
0.02869377 0.0217639 -1.181787 -10.41438 1.288825 1.082897 0.08535843 19.8658 1.428276 0 0.0 0.03601388315667862 10.481218025485825 0.0
-0.02762555 -0.02014404 -4.490673 -6.954266 1.894121 1.452185 -0.6422885 19.66706 nan 0 0.0 0.03418995993452025 8.278161607004602 0.0
-0.004787013 -0.01527248 -3.356861 -10.50665 1.078719 0.9213874 0.2570037 19.4967 1.434433 0 0.0 0.016005128515965406 11.029878058973319 0.0
0.02169805 0.0510169 -5.145749 -2.747635 1.462888 1.207707 0.006326596 20.00253 nan 0 0.0 0.055439421528480075 5.833372169185334 0.0
0.0164866 0.06911298 -1.412669 -2.491985 0.0673483 0.05533844 0.03628287 14.86982 2.389286 1 0.0 0.0710521778979392 2.8645458529732073 0.0
-0.06235092 -0.0001147301 1.773698 -6.872968 0.8900098 0.7516465 0.2235276 19.69213 1.40258 0 0.0 0.06235102555565743 7.098147203617857 0.0
0.004703352 0.01981511 -4.091466 -6.564223 0.4613595 0.3854302 0.1724432 18.66803 1.583885 0 0.0 0.02036565992910625 7.734928417437682 0.0
-0.01639233 0.07955763 -1.887297 -8.702426 0.245233 0.2097712 0.3713042 17.58545 1.924208 0 0.0 0.0812288432396141 8.904723928998866 0.0
-0.03398425 -5.796741e-05 -0.5773871 -7.7536 0.8139718 0.6813582 0.09420727 18.95218 1.278528 0 0.0 0.03398429943787458 7.775068412769524 0.0
0.01005209 0.07639234 -1.527799 -5.775053 1.040895 0.892636 0.2961201 19.73433 nan 0 0.0 0.07705085414220728 5.973726386202334 0.0
0.02874527 0.02058895 -3.880286 -7.587545 1.11636 0.9161389 -0.1942967 19.71327 nan 0 0.0 0.035358102458635986 8.522174521143121 0.0
-0.03937696 -0.001462012 0.1938121 -8.873408 1.109685 0.9322767 0.3207317 19.81062 nan 0 0.0 0.03940409189322531 8.875524359978423 0.0
0.03905067 0.04222976 -0.1307241 -2.465169 0.3594202 0.3018811 0.01981627 18.13036 1.584661 0 0.0 0.05751788814887504 2.4686326152106575 0.0
-0.04573846 0.0165328 -0.7655128 -6.664864 0.3453334 0.2866326 0.1555329 18.47385 1.47641 0 0.0 0.048634763277018225 6.708682581957492 0.0
-0.07280189 0.03463143 -1.269178 -6.453431 0.345249 0.305206 0.3513477 17.22493 nan 0 0.0 0.08061917347267336 6.577049830086815 0.0
-0.0051803 0.06342469 -1.43538 -7.075938 1.264276 1.051652 0.1978727 19.90236 1.362236 0 0.0 0.06363589246397115 7.22005639342547 0.0
-0.006348777 0.07589104 -5.60287 -7.220567 1.070593 0.8810167 0.05191118 19.40888 1.457172 0 0.0 0.07615613515454503 9.139405890887492 0.0
0.007116719 0.03824566 -0.8722998 -6.236168 0.6632176 0.5608367 0.1612389 19.32675 0.981638 0 0.0 0.038902161870011304 6.296880042156118 0.0
-0.02807425 0.006167698 -3.906562 -7.124081 0.2208719 0.1907883 0.3684763 17.37932 1.115004 0 0.0 0.02874376474440507 8.12488503022689 0.0
-0.05950212 -0.03499063 -1.253894 -4.103187 0.4809929 0.4065039 0.1664515 18.74166 1.312265 0 0.0 0.06902786736015606 4.290500404405645 0.0
-0.02010517 -0.03160335 -7.34518 -8.263591 1.91857 1.796715 0.5061351 19.8083 nan 0 0.0 0.03745650266577754 11.056156902273095 0.0
-0.06361974 -0.002598964 1.51939 -2.939836 0.794907 0.6874522 0.3004025 18.10203 1.394228 0 0.0 0.06367280370410035 3.3092569678095414 0.0
-0.002429508 0.04850172 -5.15163 -8.065234 1.071395 0.9009713 0.1382068 19.76242 0.4679718 0 0.0 0.04856253033029131 9.570124927693264 0.0
-0.02668693 -0.03867366 -3.407335 -2.563534 1.332345 1.190164 0.5788737 19.60075 nan 0 0.0 0.04698770275955721 4.26399324241737 0.0
-0.06186552 -0.02795025 2.985946 -5.782976 1.123249 0.944964 0.07903362 19.39787 nan 0 0.0 0.06788636858702121 6.508355009638918 0.0
-0.05868232 0.02092383 -7.875868 -2.235297 1.514797 1.261128 -0.465551 19.67842 nan 0 0.0 0.062301054103853656 8.18693162495162 0.0
0.005766378 0.01491126 -3.812289 -6.836488 0.2489027 0.2160725 0.5687817 17.09155 1.475292 0 0.0 0.015987394722921055 7.827586830796896 0.0
0.01907001 0.01357432 -1.116491 -6.56471 1.365864 1.124206 0.1261709 19.69382 nan 0 0.0 0.02340785006920755 6.65897661335291 0.0
0.001955497 0.07888196 -3.788133 -2.639974 0.6611163 0.5579486 0.2615184 19.14394 1.054466 0 0.0 0.07890619482625308 4.617295133123396 0.0
-0.01961163 -0.03655472 -3.245154 -7.814339 0.6454246 0.5527991 0.2239246 18.43754 1.704002 0 0.0 0.04148329284826965 8.461378049149973 0.0
-0.03691296 -0.003322566 -5.379294 -2.454148 0.8871625 0.7475134 0.327493 19.01419 1.333055 0 0.0 0.037062191796842725 5.912668293109296 0.0
0.0003462689 0.01600435 -4.190142 -6.809353 0.1417269 0.1176202 0.09224176 16.36022 1.869335 0 0.0 0.016008095485522542 7.995284751575331 1.0
-0.004142533 0.06610075 -4.793692 -3.79473 0.864598 0.744108 0.3150521 19.59927 nan 0 0.0 0.06623042903544102 6.113874284262312 0.0
-0.06010774 0.01936079 -2.087239 -2.897303 0.6856135 0.572568 0.08069474 19.34978 0.8556538 0 0.0 0.06314887645343897 3.570844622344971 0.0
0.01188919 0.03429124 -2.977043 -7.027576 0.9145097 0.7982196 0.3502142 19.63463 nan 0 0.0 0.03629382839538563 7.632143176043345 0.0
0.02850223 0.07351603 -2.16052 -6.380677 1.543015 1.216351 -0.05302571 20.06336 0.84762 0 0.0 0.07884785210729459 6.736533652311774 0.0
0.002576475 0.01222395 -6.203677 -4.866721 0.5973514 0.4912336 0.1436564 18.46824 1.244461 0 0.0 0.012492524846007913 7.884832376922796 0.0
0.03515366 0.02690578 -4.108369 -5.069022 0.999505 0.8170011 -0.1729408 19.69513 1.011261 0 0.0 0.044268508093271 6.524850946699472 0.0
-0.02123691 0.0430195 -3.338419 -3.646802 1.048032 0.8976196 0.3272362 19.79066 1.131151 0 0.0 0.047975866084919196 4.94410823574535 0.0
-0.02876405 0.05628306 -3.393008 -5.717461 0.2293278 0.1916444 0.2490123 17.43113 1.817005 1 0.0 0.06320722597429902 6.648448208009521 0.0
-0.03725327 0.004695792 -0.1690469 -0.04924119 0.08228619 0.06894266 0.1066115 15.76214 1.839746 1 0.0 0.037548057049601964 0.17607256797191917 0.0
0.01337439 0.08046602 -1.506466 -4.609998 1.059367 0.8886702 -0.002151531 19.72908 nan 0 0.0 0.08156993736979636 4.849899109173303 0.0
-0.003127934 -0.01157215 0.4125213 -2.99092 0.590491 0.5176499 0.4284687 17.74273 1.440218 0 0.0 0.011987436203411304 3.019234384633576 0.0
0.04006292 0.04348055 11.16999 -7.45357 1.23025 1.018498 -0.4346036 19.58574 0.9298897 0 0.0 0.05912356372233409 13.428491439659185 0.0
-0.02502849 0.05828496 -2.837926 -3.511161 0.7458032 0.6185588 -0.0242429 19.32319 1.55702 0 0.0 0.06343155266806655 4.514651210159761 0.0
-0.01568598 0.04621923 0.2382278 -2.224867 0.4111109 0.3487257 0.217393 18.52644 nan 0 0.0 0.048808474575152416 2.237584781048942 0.0
0.04958468 0.04573232 -4.064659 -7.358128 0.1402429 0.1164569 0.091242 16.76389 1.584242 1 0.9725166 0.06745432219869087 8.406158483556267 0.0
-0.05808197 -0.02638377 -1.031819 -5.705958 0.4148544 0.3347653 -0.06249903 18.46229 1.378407 0 0.0 0.06379356204581932 5.7985004222234044 0.0
0.02737083 0.02098038 -3.554006 -3.469082 0.3358385 0.2872298 0.3387764 18.17937 1.229828 0 0.0 0.03448678993228132 4.966436204237401 0.0
0.03168645 0.05125815 0.5637224 -6.074835 0.6037274 0.5168086 0.2361762 19.08868 1.463438 0 0.0 0.0602613396384863 6.100934618686448 0.0
-0.02575516 0.05896187 -2.322917 -2.823434 1.049456 0.8997533 0.01414612 19.50234 1.27742 0 0.0 0.06434151366359436 3.6561896752281604 0.0
-0.06873187 0.03788085 -6.036797 -5.611879 0.6444078 0.5354832 0.2761426 19.13644 0.4455528 0 0.0 0.07847947980471966 8.24233607236747 0.0
-0.005388699 0.07755049 -0.37987 -2.835913 0.4605408 0.3941383 0.4745989 18.5708 nan 0 0.0 0.07773748501304052 2.8612416466403183 0.0
-0.002350156 -0.0113585 -4.091209 -6.98526 0.1591693 0.1349634 0.1863742 17.03751 1.468128 0 0.0 0.011599084251540551 8.095174386588655 1.0
-0.07866116 0.0006929731 -2.70794 -4.432507 0.5549439 0.4769548 0.4371263 18.993 1.574295 0 0.0 0.07866421234756579 5.19423308570659 0.0
-0.01287353 -0.03035275 1.414928 -8.538915 0.1087427 0.08879487 0.01049954 16.14329 1.864907 1 0.0 0.03296994399788086 8.655350404368907 0.0
-0.01334372 -0.005347476 -4.046311 -7.510751 0.2364896 0.2044683 0.3905321 17.5504 1.811813 0 0.0 0.014375338709365285 8.531354716146904 1.0
-0.01464553 0.02881294 1.510036 2.045878 0.2639463 0.2216817 0.2798279 17.88915 1.566097 0 0.0 0.0323214643917088 2.542798755737465 0.0
-0.02365648 -0.03081837 -2.799365 -4.123698 0.4018682 0.3414874 0.3708265 18.44884 1.139833 0 0.0 0.038851009966888894 4.984107703333566 0.0
-0.02331341 0.04773205 -1.861843 -4.058028 0.196112 0.1641042 0.2560394 17.37898 1.788412 1 0.0 0.053121216882057586 4.46475650012775 0.0
-0.02787877 0.04582916 -4.311229 -4.411021 0.6033289 0.5034433 0.1323675 19.18105 1.528299 0 0.0 0.05364268564323099 6.167965771053046 0.0
0.02986981 0.04945632 -7.971891 -2.915639 1.383318 1.179367 0.5117417 19.4188 1.634687 0 0.0 0.057776579488392175 8.488344767632968 0.0
-0.02140662 -0.008225276 -3.624098 -5.780674 1.401144 1.201216 0.213263 18.22595 1.674414 0 0.0 0.022932477953779354 6.822776429568831 0.0
-0.03187535 -0.02500343 -3.845627 -7.794834 0.7238023 0.6142588 0.01994504 19.31733 1.232307 0 0.0 0.040511843322507554 8.691851592766929 0.0
-0.02924304 0.01214115 -3.266116 -14.19153 1.335959 1.17286 0.5469703 19.43359 nan 0 0.0 0.03166327386364366 14.562521672648456 0.0
-0.03956183 0.006407631 -0.9459552 -4.687386 0.6799519 0.5830741 0.2300755 19.29775 1.224468 0 0.0 0.04007737676022547 4.781884435387689 0.0
-0.01548014 0.05634537 -2.774366 -2.742048 0.9244197 0.7564823 0.02221355 19.48706 1.16534 0 0.0 0.058433170843763906 3.9007606868737796 0.0
0.01462029 0.08182004 0.4737396 -5.172749 0.6688593 0.5671402 0.1605821 19.3736 1.109512 0 0.0 0.08311601425288451 5.1943971185893325 0.0
0.02264935 0.01584517 -1.370169 -2.545714 1.511244 1.273923 -0.3586364 19.52017 1.172949 0 0.0 0.02764167990103713 2.8910245343747945 0.0
-0.03407392 0.03216856 0.9688998 -8.286564 1.480221 1.237218 0.2485073 19.56272 nan 0 0.0 0.046859879178674804 8.343015626770457 0.0
-0.07865396 -0.007756578 2.178476 0.5097317 0.2632792 0.2170776 0.1742002 17.44585 1.356304 0 0.0 0.07903549788513818 2.2373162692299204 0.0
0.02267646 0.02064596 -0.4645814 -0.8639023 0.2331791 0.197251 0.2443479 17.63148 1.783449 0 0.0 0.030667205651203372 0.9808991085586989 0.0
0.02353967 0.04948676 -2.622034 -7.550355 0.6191165 0.5271569 0.3860716 18.87844 nan 0 0.0 0.054800141231629136 7.992679333188652 0.0
-0.04211548 0.03359766 -5.813864 -7.400356 0.7542944 0.6333575 0.3541266 19.32088 nan 0 0.0 0.05387500731420832 9.410966131977737 0.0
-0.007329856 0.01225612 -0.4141621 -9.721482 0.5548563 0.4717292 0.1752437 18.95105 nan 0 0.0 0.014280730598787164 9.730300227711394 0.0
-0.03454058 0.03152752 -2.540702 -4.83269 0.6843481 0.5756661 0.3124057 19.15822 nan 0 0.0 0.04676575867113459 5.459858907417297 0.0
-0.004683599 -0.009649609 -3.937694 -7.226255 0.2607821 0.2364375 0.6648752 16.86299 1.528803 0 0.0 0.010726185409812848 8.22947114720387 1.0
0.0275262 0.02018497 -4.490841 -4.252825 2.096045 1.69173 -0.298595 19.79198 nan 0 0.0 0.03413392301422296 6.184995826021711 0.0
0.008622188 0.04835639 1.161632 4.136105 1.193387 1.076833 0.2706505 20.05136 nan 0 0.0 0.0491190653386182 4.296132385582292 0.0
0.02885231 0.03115754 -3.21674 -4.608955 0.3774832 0.3192956 0.05589203 18.4636 1.186005 0 0.0 0.04246466873987951 5.6204877385886185 0.0
-0.006240159 0.004563861 -5.488753 -6.532361 0.2942787 0.2521729 0.4271816 17.02586 1.338947 0 0.0 0.00773100327076648 8.532183174858003 0.0
-0.00478732 -0.009353975 -4.227521 -7.205222 0.2996278 0.2703963 0.6386743 17.00648 nan 0 0.0 0.010507867580200324 8.353870831819522 1.0
-0.05633867 0.04792571 -2.99474 -6.123699 0.1383305 0.114263 0.1816432 16.76121 1.688843 0 0.0 0.07396566376618952 6.816755614674844 0.0
-0.05844463 0.05519903 -5.58629 -1.275558 0.6715446 0.5706949 0.2146767 19.26855 nan 0 0.0 0.08039096770643951 5.730068426769789 0.0
0.009526809 0.01554991 -4.072638 -7.66775 0.2042963 0.1674175 -0.01743894 16.02905 1.781087 0 0.0 0.018236221942348176 8.682209991790339 0.0
-0.02602817 0.0149669 0.1357603 -7.080656 1.754031 1.465017 0.1951836 19.95002 0.9946575 0 0.0 0.030024552105883277 7.081957374158086 0.0
-0.006888449 0.004888064 -4.105666 -7.285722 0.2001203 0.1663985 0.167895 17.00435 nan 0 0.0 0.008446531790841552 8.362908487173586 1.0
0.01648541 0.0624449 -1.598589 -5.29554 1.414634 1.179435 0.1672222 19.92096 nan 0 0.0 0.06458431914077982 5.531566747542779 0.0
0.02237475 0.05995648 -0.6230924 -2.988382 2.337307 1.904794 0.4010165 20.18715 nan 0 0.0 0.06399538211115627 3.0526498516635936 0.0
-0.007147689 0.004012571 -3.830598 -6.658854 0.3115718 0.2615269 0.2682813 17.63735 nan 0 0.0 0.008196961880523905 7.682045146373458 0.0
0.02341283 0.0608851 -1.052424 -8.623626 1.662066 1.380361 -0.002803646 19.8642 nan 0 0.0 0.06523155686183567 8.687607361273413 0.0
-0.03436466 0.04672343 0.5163568 -4.557207 0.1141664 0.09380742 0.1390651 16.36874 1.930948 1 0.0 0.05800007558512748 4.586366752207595 0.0
