jas1101finalproject/data/gcs/NGC_6144.ecsv
# %ECSV 0.9
# ---
# datatype:
# - {name: x, unit: deg, datatype: float64}
# - {name: y, unit: deg, datatype: float64}
# - {name: pmx, unit: mas / yr, datatype: float64}
# - {name: pmy, unit: mas / yr, datatype: float64}
# - {name: pmx_e, unit: mas / yr, datatype: float64}
# - {name: pmy_e, unit: mas / yr, datatype: float64}
# - {name: pm_corr, datatype: float64}
# - {name: g_mag, unit: mag, datatype: float64}
# - {name: bp_rp, unit: mag, datatype: float64}
# - {name: filter, datatype: int64}
# - {name: memberprob, datatype: float64}
# - {name: r, unit: deg, datatype: float64}
# - {name: pm, unit: mas / yr, datatype: float64}
# - {name: member_prob_GMM, datatype: float64}
# - {name: member_prob_DB, datatype: float64}
# meta: !!omap
# - comments: [deg deg mas/yr mas/yr mas/yr mas/yr dimless mag   mag   zeroone float]
# - __serialized_columns__:
#     bp_rp:
#       __class__: astropy.units.quantity.Quantity
#       unit: &id001 !astropy.units.Unit {unit: mag}
#       value: !astropy.table.SerializedColumn {name: bp_rp}
#     g_mag:
#       __class__: astropy.units.quantity.Quantity
#       unit: *id001
#       value: !astropy.table.SerializedColumn {name: g_mag}
#     pm:
#       __class__: astropy.units.quantity.Quantity
#       unit: !astropy.units.Unit {unit: mas / yr}
#       value: !astropy.table.SerializedColumn {name: pm}
#     pmx:
#       __class__: astropy.units.quantity.Quantity
#       unit: !astropy.units.Unit {unit: mas / yr}
#       value: !astropy.table.SerializedColumn {name: pmx}
#     pmx_e:
#       __class__: astropy.units.quantity.Quantity
#       unit: !astropy.units.Unit {unit: mas / yr}
#       value: !astropy.table.SerializedColumn {name: pmx_e}
#     pmy:
#       __class__: astropy.units.quantity.Quantity
#       unit: !astropy.units.Unit {unit: mas / yr}
#       value: !astropy.table.SerializedColumn {name: pmy}
#     pmy_e:
#       __class__: astropy.units.quantity.Quantity
#       unit: !astropy.units.Unit {unit: mas / yr}
#       value: !astropy.table.SerializedColumn {name: pmy_e}
#     r:
#       __class__: astropy.units.quantity.Quantity
#       unit: &id002 !astropy.units.Unit {unit: deg}
#       value: !astropy.table.SerializedColumn {name: r}
#     x:
#       __class__: astropy.units.quantity.Quantity
#       unit: *id002
#       value: !astropy.table.SerializedColumn {name: x}
#     y:
#       __class__: astropy.units.quantity.Quantity
#       unit: *id002
#       value: !astropy.table.SerializedColumn {name: y}
# schema: astropy-2.0
x y pmx pmy pmx_e pmy_e pm_corr g_mag bp_rp filter memberprob r pm member_prob_GMM member_prob_DB
[from data line 4512]
0.02220826 0.01412682 -1.356376 -4.884376 1.296311 0.9344049 0.1130039 19.75135 1.443575 0 0.0 0.026320597552867222 5.0692094810484996 0.0 0.0
0.004023755 0.001410652 0.1172561 -1.909525 0.8515309 0.5821057 0.2501354 18.36931 1.140488 0 0.0 0.004263864838984581 1.9131217208040396 0.0 0.0
0.08223992 0.005703958 -8.284729 -1.44728 1.09206 0.7745455 0.06448072 19.63566 1.36845 0 0.0 0.08243748891415945 8.410193458050832 0.0 0.0
0.01149585 -0.008208601 0.09125027 -2.186492 0.7524422 0.5255438 0.171768 19.11598 0.7098942 0 0.0 0.014125710516632464 2.188395274587996 0.0 0.0
-0.003929715 0.01688307 -2.94137 -5.951842 1.606671 1.301007 -0.04122547 19.50502 1.393375 0 0.0 0.017334379498733867 6.638981900100647 0.0 0.0
0.01895779 0.01183857 -2.701414 -2.608062 1.066338 0.8384242 0.02107916 19.55422 1.260904 0 0.0 0.022350604943244822 3.7549467366715072 0.0 0.0
-0.01818423 0.05488755 1.367171 1.309507 0.8015614 0.5964769 0.1007169 19.41852 1.452793 0 0.0 0.05782135734912663 1.8931363200493514 0.0 0.0
0.07659732 0.03736977 -2.804989 -3.478943 0.9231835 0.6652993 0.1676476 19.45852 1.305172 0 0.0 0.08522704465740495 4.468893340343893 0.0 0.0
0.08311556 -0.05507242 2.295843 1.706757 2.120934 1.371856 0.3695852 20.25626 1.465586 0 0.0 0.09970540486237445 2.86075419036624 0.0 0.0
0.06429134 -0.04237673 -1.251331 0.7735852 1.525014 1.050054 0.0188324 20.12218 1.395397 0 0.0 0.0770010626192165 1.471143546096043 0.0 0.0
-0.03500338 -0.03505919 -19.55501 -1.634228 2.914044 2.105589 -0.4936378 20.50957 1.415131 0 0.0 0.04954173407219917 19.623178062079646 0.0 0.0
0.03907859 0.02242129 -2.34936 -1.54244 1.493725 1.038926 0.1223664 20.10114 1.333668 0 0.0 0.04505386156204815 2.8104472176506 0.0 0.0
0.001103175 0.009204142 -2.275195 -2.88201 0.7932978 0.4393723 0.7614267 17.84999 nan 0 0.0 0.009270017531633314 3.671851566733737 0.0 0.0
0.009249323 0.01791464 -2.058193 -1.56429 2.801501 2.316893 -0.4430661 20.47277 nan 0 0.0 0.020161455857351396 2.585181159870426 0.0 0.0
0.01258669 0.06360104 -3.995162 -2.212563 1.828014 1.345677 -0.3361656 20.10989 1.237125 0 0.0 0.06483453596839958 4.566919578360561 0.0 0.0
-0.06134909 0.04262394 -0.5845358 -0.5042617 1.53725 1.103556 0.1156434 20.00656 1.368355 0 0.0 0.07470281858773269 0.7719857275678936 0.0 0.0
0.01454892 -0.04403467 -2.349985 -2.839139 0.5847225 0.4173741 0.08900765 18.81444 1.194971 0 0.0 0.046375890667191506 3.685531136966014 0.0 0.0
0.04779148 -0.03452583 -9.336938 -5.493277 3.424974 2.766333 -0.399422 20.77528 nan 0 0.0 0.05895810799015942 10.833028358431127 0.0 0.0
-0.01014291 0.02670745 -4.095894 -0.8787249 2.354045 1.74924 -0.3050856 20.44514 nan 0 0.0 0.028568628051948874 4.189093590398287 0.0 0.0
-0.05510502 0.007150347 -1.330964 -6.946072 1.938983 1.487544 -0.2285654 20.09113 1.513159 0 0.0 0.05556699282326522 7.072438150912315 0.0 0.0
0.05053179 -0.005602036 -2.28687 -3.746329 3.208673 1.597638 -0.1642787 20.37426 1.137285 0 0.0 0.0508413670936315 4.38916340241976 0.0 0.0
0.020008 -0.02162603 -10.07945 -2.955741 3.666658 1.823758 -0.1385873 20.4569 nan 0 0.0 0.029461928612378722 10.503890572620271 0.0 0.0
0.009658485 -0.009490174 -2.437466 -3.033998 0.4888618 0.3409692 0.1976416 18.55397 1.070984 0 0.0 0.013540669667542334 3.891835603562926 0.0 0.0
0.001075637 -0.003037221 0.8162735 0.5181652 0.9997798 0.7101915 0.2353056 19.31003 nan 0 0.0 0.0032220655422585684 0.96684931674656 0.0 0.0
-0.05536874 0.0429893 -5.585811 -3.067896 0.5529779 0.4316777 0.07026709 18.8626 1.505772 0 0.0 0.07009834009217052 6.372854179607203 0.0 0.0
0.04602136 -0.07401676 0.286731 -2.411521 1.867232 1.350177 -0.01226472 20.41933 0.9547253 0 0.0 0.08715759483342343 2.4285074016362396 0.0 0.0
0.03823204 -0.008157046 0.7030352 -2.115502 1.216169 0.7717812 0.3486733 19.56898 1.227642 0 0.0 0.03909253486290849 2.2292615827764677 0.0 0.0
-0.007506443 -0.02332592 -4.127224 -1.377345 1.213809 0.8834146 0.2293334 19.46129 1.161917 0 0.0 0.024503983969115083 4.350983474480339 0.0 0.0
0.01415664 -0.0008961175 -0.8007402 -4.562938 1.141375 0.7840976 0.05506344 19.51429 nan 0 0.0 0.014184973833723002 4.6326653299952545 0.0 0.0
-0.02493615 0.002294989 -0.09534601 -1.881456 1.936001 1.578216 -0.2407658 20.02711 nan 0 0.0 0.025041536521000884 1.883870362195584 0.0 0.0
0.08218467 -0.05353063 -2.00643 -1.899236 4.576687 2.863095 -0.04301425 20.81487 nan 0 0.0 0.09808082550226521 2.7627628795457637 0.0 0.0
0.03168394 0.01293446 -5.192093 -0.7630343 2.741859 1.942837 -0.3960082 20.53752 1.427351 0 0.0 0.03422239485213155 5.24786157054714 0.0 0.0
-0.002791241 0.007224286 -1.334507 -0.5411607 1.082235 0.7627805 0.425152 19.18348 1.130898 0 0.0 0.007744761747780044 1.4400568864713261 0.0 0.0
0.001815871 -0.01499058 -1.680736 -3.185357 1.173001 0.8200404 0.2124732 19.83921 nan 0 0.0 0.01510016146354207 3.6015791979553917 0.0 0.0
-0.02364698 -0.06680034 -1.70442 -0.4980202 1.162039 0.8490125 0.2818068 19.84042 1.147543 0 0.0 0.07086229665510427 1.7756890651259978 0.0 0.0
0.01034241 -0.02775309 -1.416248 -0.5538389 1.395497 0.9006174 0.3899666 19.74646 1.13813 0 0.0 0.029617553058215326 1.5206892926095092 0.0 0.0
-0.01680221 0.07955738 -2.784236 -1.045931 1.569356 1.113666 0.1798154 20.25623 1.549685 0 0.0 0.08131230517792802 2.974212796767743 0.0 0.0
-0.02010402 0.05044502 -1.523223 -3.766334 1.521842 1.075316 0.07462427 20.09196 1.220848 0 0.0 0.05430351427818277 4.062693700894149 0.0 0.0
0.02998346 0.01282809 -5.008755 -3.068096 2.378138 1.684261 -0.4918857 20.22217 1.170704 0 0.0 0.032612386705356294 5.873741543108703 0.0 0.0
-0.04087648 0.02206782 -2.609261 -2.906938 1.400379 0.9948515 0.2223675 20.03134 1.260996 0 0.0 0.0464529363629771 3.9062170321123992 0.0 0.0
-0.001227885 -0.003493079 -1.98278 -2.383593 0.4732138 0.3409043 0.2378431 18.29325 1.060745 0 0.0 0.003702607523552287 3.100472886198007 0.0 0.0
0.006751704 -0.01138778 -1.833272 -2.461909 0.1526849 0.1041509 0.1115868 16.4015 1.509464 0 0.0 0.013238845879910227 3.0695084541771505 0.0 1.0
-0.0003775084 -0.08676216 -2.586106 -2.949242 1.616641 1.161963 0.2525811 20.12353 1.333479 0 0.0 0.08676298127921649 3.9224957129103406 0.0 0.0
0.02061139 -0.02059426 -1.259697 -2.380601 0.4529939 0.2970182 0.385812 18.12028 1.316149 0 0.0 0.02913679705595143 2.693343211142984 0.0 0.0
0.0004312024 -0.0018909 0.3552104 -3.201133 1.310044 1.033613 0.1603309 19.71728 nan 0 0.0 0.001939442785896444 3.2207804818020676 0.0 0.0
0.01957336 0.08505393 -1.989178 -3.911909 0.9926159 0.7347614 0.06676488 19.68909 1.329884 0 0.0 0.08727707276332371 4.388605831008864 0.0 0.0
-0.009795721 -0.02501791 -0.0008700735 -4.864673 1.522672 1.115204 0.1480862 20.06197 nan 0 0.0 0.026867303003426695 4.864673077808712 0.0 0.0
-0.01822501 0.05247284 -9.103539 2.597037 3.505887 2.365963 -0.2098298 20.73456 nan 0 0.0 0.05554772657063203 9.466732461831272 0.0 0.0
0.03097537 -0.02186493 -2.131751 -2.492376 0.1081752 0.07257678 0.03881017 15.40577 1.458661 1 0.8284539 0.03791501959041825 3.279679931239785 0.0 0.0
0.01839588 -0.07340645 -0.3115474 -3.733525 1.379157 0.9972792 0.1343661 20.02405 1.255821 0 0.0 0.07567638536939314 3.746501128796275 0.0 0.0
-0.03496386 -0.02970334 -1.603607 -2.599009 0.1512219 0.1044509 0.1309498 16.28408 0.7952814 1 0.9987158 0.04587766246502976 3.0539160421547287 0.0 0.0
0.0155796 -0.02388748 0.989568 -4.616937 3.931178 2.137591 0.469771 20.48376 nan 0 0.0 0.028519039901623616 4.721795430616727 0.0 0.0
0.006326211 -0.02005857 0.9513896 -8.609065 3.303321 2.096088 -0.03218756 20.50163 nan 0 0.0 0.021032526620960713 8.661474605701569 0.0 0.0
-0.0008576757 -0.003586536 -2.138728 -3.638883 0.9242802 0.7457484 0.4055655 18.84815 nan 0 0.0 0.00368766160129512 4.220856186329144 0.0 0.0
0.03564021 -0.00973933 -1.71893 -3.075564 1.330433 0.8838652 0.3518383 19.75269 1.390665 0 0.0 0.03694697711170699 3.5233243198712207 0.0 0.0
0.001404436 -0.0260799 -7.512454 2.727622 2.081716 1.489328 -0.2936922 20.08297 1.250528 0 0.0 0.026117687962147338 7.992301725848443 0.0 0.0
-0.002982867 -0.006567756 -2.328301 -3.272592 1.2114 0.9452201 0.1104501 19.71327 nan 0 0.0 0.007213384393973816 4.016322191391647 0.0 0.0
0.09288036 0.005139073 1.667629 -6.508244 1.537976 1.076774 0.2278594 19.69582 1.173656 0 0.0 0.09302242388278714 6.718498823783257 0.0 0.0
-0.004219121 0.05634418 -4.617317 -0.9142024 2.786966 2.012364 -0.2671719 20.54798 1.218136 0 0.0 0.056501925647583384 4.706950425344924 0.0 0.0
0.04005201 -0.05874435 -3.286161 -3.719418 0.9854558 0.7311194 0.1827309 19.6807 1.186321 0 0.0 0.07109896034375326 4.963156694750328 0.0 0.0
-0.06942163 0.05459949 -10.8132 0.798943 2.600564 2.149033 -0.4423507 20.42728 1.451269 0 0.0 0.0883202526044678 10.842675138417134 0.0 0.0
-0.0008439707 -0.002697711 -1.83881 -2.714476 0.100825 0.07019782 0.09010839 15.34282 1.439196 1 0.9998777 0.002826646631961535 3.278658593186549 0.0 0.0
-0.03790865 0.04746897 -0.8914005 -6.510921 3.427923 2.414986 -0.3641195 20.61921 1.351357 0 0.0 0.06074840621517078 6.571657866904001 0.0 0.0
0.08253939 0.04160578 -2.654353 -4.115182 1.071096 0.7478783 0.1834878 19.70071 1.431871 0 0.0 0.09243263401515994 4.896969750951398 0.0 0.0
-0.002655092 0.05049249 -1.192826 -3.694298 0.7060678 0.5309004 0.06202771 19.05317 1.379814 0 0.0 0.050562249355903505 3.8820962866832653 0.0 0.0
-0.00166557 -0.07943987 -4.149188 1.213488 3.068399 2.299074 -0.5658411 20.50504 1.348734 0 0.0 0.07945732860499276 4.322998286546965 0.0 0.0
-0.0003092232 -0.002201798 -3.61904 -3.397138 0.6381117 0.4520652 0.2199722 18.24393 nan 0 0.0 0.0022234058154602006 4.963667707718154 0.0 0.0
0.03902762 -0.007131154 -2.337614 -1.631341 1.688793 1.040548 0.2605356 19.86357 1.152195 0 0.0 0.039673775724477195 2.850563570818409 0.0 0.0
0.06208836 -0.009267784 -1.131536 -2.849811 1.01564 0.7154804 0.1732616 19.67588 1.289198 0 0.0 0.06277623967521674 3.066234898864893 0.0 0.0
8.84125e-05 -0.001766922 -4.365699 -0.08266251 1.156819 0.8801613 0.208195 19.57421 nan 0 0.0 0.001769132590915743 4.366481518243321 0.0 0.0
-0.003147965 0.01449509 -1.853332 -2.819622 0.1326381 0.09131159 0.1551658 16.02547 1.621494 1 0.9991201 0.01483298074391405 3.374182526940118 0.0 1.0
0.0520066 -0.05000957 -2.989352 -2.084959 1.922272 1.394335 -0.1687081 20.11258 1.066694 0 0.0 0.07215014577355267 3.6446233566151935 0.0 0.0
0.0002117914 -0.01598621 -2.138761 -0.6314598 1.238809 0.882882 0.1917819 19.68209 1.209805 0 0.0 0.01598761288501864 2.2300314110202666 0.0 0.0
-0.02026814 -0.03184374 1.540234 -0.9071472 3.512949 3.108172 -0.3110278 20.76004 nan 0 0.0 0.03774680484818815 1.7875225361443252 0.0 0.0
0.0004860467 -0.002417329 -8.581832 7.064111 1.568354 1.257289 0.1331879 19.27712 nan 0 0.0 0.0024657090032730727 11.115282483884293 0.0 0.0
-0.009880776 0.008251964 -2.568322 -2.84377 0.988231 0.6845643 -0.07657891 19.20124 1.193308 0 0.0 0.012873408415003076 3.831880179309369 0.0 0.0
-0.00183112 -0.007757918 -2.056894 -2.690906 0.170672 0.1174659 0.1904594 16.586 1.490707 0 0.0 0.007971091026272626 3.3870028089849584 0.0 0.0
-0.03887451 0.02307176 -3.311758 -3.291619 1.032785 0.7581766 0.02428902 19.58974 1.246826 0 0.0 0.045205460259106975 4.669314370624985 0.0 0.0
-0.01088174 0.007548064 -1.589054 -3.061452 1.060871 0.7098845 -0.06922209 19.41191 1.10611 0 0.0 0.013243320413540404 3.449287022446813 0.0 0.0
-0.00104964 -0.003090627 -1.190442 -2.905979 0.5400763 0.3822203 0.1099913 18.37626 nan 0 0.0 0.003264003581911178 3.140360823823434 0.0 0.0
0.06617058 -0.03990204 -1.497246 -2.709213 0.9195921 0.6516117 0.1363711 19.56606 1.263479 0 0.0 0.07727042418479402 3.0954128422368803 0.0 0.0
0.071854 -0.04813749 1.302003 1.779566 1.656077 1.183277 0.1045954 20.06093 1.338419 0 0.0 0.08648823769449866 2.205009514801467 0.0 0.0
-0.01151594 0.04233041 -2.146758 -2.81155 1.331373 0.9529482 0.1418854 19.85838 1.256052 0 0.0 0.04386890111288064 3.537426085879958 0.0 0.0
0.01256542 -0.007041414 -1.872941 -3.298545 1.604193 0.9486725 0.204397 19.73723 nan 0 0.0 0.014403863748862527 3.793192205320737 0.0 0.0
-0.01410942 0.05078922 0.1926822 -0.9844613 1.289426 0.9260547 0.1952318 19.85017 1.144905 0 0.0 0.0527126227856744 1.0031403099240555 0.0 0.0
0.06373555 -0.03098955 3.961239 2.959788 3.978623 2.89585 -0.1573897 20.7691 nan 0 0.0 0.0708701103639962 4.944872032728957 0.0 0.0
0.002720602 -0.02076415 -5.372286 -0.9356452 3.192447 2.290181 -0.4603706 20.49333 1.066832 0 0.0 0.020941623634878552 5.453154023689321 0.0 0.0
0.01567446 0.07064832 2.259676 5.058483 2.602135 1.826633 -0.2063133 20.48819 nan 0 0.0 0.07236624776174318 5.540251428073007 0.0 0.0
-0.01784103 0.05329496 1.691181 0.7410584 3.946542 2.574444 -0.01427418 20.7307 nan 0 0.0 0.05620191378291758 1.8464183510167895 0.0 0.0
0.01255169 -0.007192093 -3.279404 -2.466772 1.460033 1.018371 0.4247303 19.63942 nan 0 0.0 0.01446620626068732 4.103590463874289 0.0 0.0
-0.00183146 0.01401447 -16.88987 -13.00318 2.310179 1.465799 0.3267689 19.76794 1.112993 0 0.0 0.014133634179237128 21.3154966803333 0.0 0.0
0.0716447 0.01311523 1.229609 -0.04927886 2.536794 1.724911 -0.2415249 20.3119 1.377552 0 0.0 0.07283524075640102 1.2305960746418378 0.0 0.0
0.004080286 0.04988591 -4.011582 -2.253497 0.4205834 0.3009064 0.1378088 18.40235 1.544931 0 0.0 0.05005249994126063 4.60119972091334 0.0 0.0
0.07834507 0.004939868 -4.439231 -12.33246 0.6271538 0.4342434 0.178938 18.79729 1.518782 0 0.0 0.07850065152062322 13.107110342213534 0.0 0.0
-0.03549231 0.04056703 -6.619847 -8.214013 1.538097 1.060455 0.3402108 20.08284 1.157347 0 0.0 0.05390165110789279 10.549520551550103 0.0 0.0
-0.0002406637 -0.003029587 -1.827778 -2.540652 1.591169 1.3381 0.307611 19.98447 nan 0 0.0 0.0030391308637613304 3.129805904906565 0.0 0.0
0.07803509 -0.007553061 -2.894181 -4.766278 0.9131117 0.6428193 0.2382339 19.4708 1.405827 0 0.0 0.07839977041916527 5.576171592952014 0.0 0.0
-0.009081623 -0.04094612 -1.272104 -1.960119 1.331464 0.8537197 0.3793749 19.79568 1.235939 0 0.0 0.04194115662888339 2.3367317092419913 0.0 0.0
-0.008646718 0.009516634 -3.287141 -4.794234 1.42366 0.983535 0.1228951 19.52445 nan 0 0.0 0.012858151300302854 5.812914553013575 0.0 0.0
0.02355492 -0.04048465 -4.666345 -1.834885 2.382308 1.624746 -0.2004782 20.23101 1.370844 0 0.0 0.04683845793606894 5.014137874276095 0.0 0.0
0.02907885 0.01472232 -8.794424 -1.663829 2.706272 1.816202 -0.3667751 20.26086 1.183987 0 0.0 0.03259334630725879 8.950431298714994 0.0 0.0
0.0003626415 -0.002852204 -1.20207 -2.739353 0.1786994 0.1299005 0.2028781 16.66414 0.8083334 0 0.0 0.002875165476131461 2.99149246088119 0.0 0.0
0.03574476 0.01841692 -1.44631 -2.830933 0.3387751 0.2329612 0.1662723 17.9551 1.536339 0 0.0 0.040210332126755684 3.17899264965948 0.0 0.0
0.08077157 0.02401171 -1.842182 -4.222676 1.833457 1.107422 0.2616784 20.11727 1.543041 0 0.0 0.0842651098461813 4.607019331639493 0.0 0.0
0.02199984 -0.0003651755 0.4166372 -4.074652 3.597233 2.881404 -0.6786661 20.48728 nan 0 0.0 0.02200287056661926 4.0958973958740525 0.0 0.0
-0.01455565 -0.001350115 -3.761277 -3.348127 1.408841 1.117055 0.2393323 20.01788 nan 0 0.0 0.014618131119802045 5.035589248425451 0.0 0.0
-0.0157371 0.01541151 -0.9366759 -4.188026 0.671657 0.48231 0.1333183 18.78289 1.282291 0 0.0 0.022026596579819133 4.291494322298098 0.0 0.0
0.003035524 -0.03598479 -2.125195 -0.8348476 1.659936 1.131221 0.1290708 20.20171 1.175808 0 0.0 0.0361125949953569 2.2832924261361622 0.0 0.0
0.06212879 0.04123879 -0.8699556 -2.662767 1.452548 0.9977492 0.1199584 19.86576 1.311575 0 0.0 0.07456959398795329 2.8012766450781617 0.0 0.0
0.03218957 -0.09326872 -4.028023 -4.490773 0.7670549 0.4665727 0.2969722 18.30711 1.547777 0 0.0 0.09866723137507863 6.032579168652327 0.0 0.0
-0.009154122 0.009838937 -1.710947 -2.439588 1.039451 0.7328267 0.1826959 19.69221 1.119858 0 0.0 0.01343884782564536 2.9797532190691562 0.0 1.0
