jas1101finalproject/data/gcs/NGC_7078_M_15.ecsv
# %ECSV 0.9
# ---
# datatype:
# - {name: x, unit: deg, datatype: float64}
# - {name: y, unit: deg, datatype: float64}
# - {name: pmx, unit: mas / yr, datatype: float64}
# - {name: pmy, unit: mas / yr, datatype: float64}
# - {name: pmx_e, unit: mas / yr, datatype: float64}
# - {name: pmy_e, unit: mas / yr, datatype: float64}
# - {name: pm_corr, datatype: float64}
# - {name: g_mag, unit: mag, datatype: float64}
# - {name: bp_rp, unit: mag, datatype: float64}
# - {name: filter, datatype: int64}
# - {name: memberprob, datatype: float64}
# - {name: r, unit: deg, datatype: float64}
# - {name: pm, unit: mas / yr, datatype: float64}
# - {name: member_prob_GMM, datatype: float64}
# - {name: member_prob_DB, datatype: float64}
# meta: !!omap
# - comments: [deg deg mas/yr mas/yr mas/yr mas/yr dimless mag   mag   zeroone float]
# - __serialized_columns__:
#     bp_rp:
#       __class__: astropy.units.quantity.Quantity
#       unit: &id001 !astropy.units.Unit {unit: mag}
#       value: !astropy.table.SerializedColumn {name: bp_rp}
#     g_mag:
#       __class__: astropy.units.quantity.Quantity
#       unit: *id001
#       value: !astropy.table.SerializedColumn {name: g_mag}
#     pm:
#       __class__: astropy.units.quantity.Quantity
#       unit: !astropy.units.Unit {unit: mas / yr}
#       value: !astropy.table.SerializedColumn {name: pm}
#     pmx:
#       __class__: astropy.units.quantity.Quantity
#       unit: !astropy.units.Unit {unit: mas / yr}
#       value: !astropy.table.SerializedColumn {name: pmx}
#     pmx_e:
#       __class__: astropy.units.quantity.Quantity
#       unit: !astropy.units.Unit {unit: mas / yr}
#       value: !astropy.table.SerializedColumn {name: pmx_e}
#     pmy:
#       __class__: astropy.units.quantity.Quantity
#       unit: !astropy.units.Unit {unit: mas / yr}
#       value: !astropy.table.SerializedColumn {name: pmy}
#     pmy_e:
#       __class__: astropy.units.quantity.Quantity
#       unit: !astropy.units.Unit {unit: mas / yr}
#       value: !astropy.table.SerializedColumn {name: pmy_e}
#     r:
#       __class__: astropy.units.quantity.Quantity
#       unit: &id002 !astropy.units.Unit {unit: deg}
#       value: !astropy.table.SerializedColumn {name: r}
#     x:
#       __class__: astropy.units.quantity.Quantity
#       unit: *id002
#       value: !astropy.table.SerializedColumn {name: x}
#     y:
#       __class__: astropy.units.quantity.Quantity
#       unit: *id002
#       value: !astropy.table.SerializedColumn {name: y}
# schema: astropy-2.0
x y pmx pmy pmx_e pmy_e pm_corr g_mag bp_rp filter memberprob r pm member_prob_GMM member_prob_DB
[from data line 12225]
0.06340173 0.01102232 0.1729663 -3.975754 1.10232 1.218573 -0.1002725 19.96409 0.9972172 0 0.0 0.06435270705397948 3.979514695217457 0.0 1.0
0.1231971 0.04422641 0.7891367 -5.900482 1.619457 1.66171 -0.2132329 20.33509 0.393055 0 0.0 0.1308949991019447 5.953018105432815 0.0 1.0
0.1194187 0.02269454 0.09379318 -5.549422 1.097862 1.237976 -0.06798474 19.89443 1.063292 0 0.0 0.12155602846219352 5.550214562942456 0.0 1.0
0.1141732 0.01237157 -3.522327 -1.952141 0.8442761 0.8367852 -0.3223098 19.32088 0.8279381 1 0.5177348 0.11484152272808341 4.027113355594799 0.0 1.0
0.03093823 0.07576911 0.4460611 -4.241952 0.4539179 0.4581462 -0.04165217 18.33922 0.8786564 0 0.0 0.08184211694308133 4.265340229716407 0.0 1.0
0.05659376 0.04169762 -3.482494 -5.405805 2.168503 2.696119 -0.07492354 20.62784 nan 0 0.0 0.07029612496149414 6.4304348342908355 0.0 1.0
0.112118 0.2150784 -5.655624 -7.660632 2.193344 2.308509 0.2827261 20.55152 1.756548 0 0.0 0.24254724090485963 9.522151304657998 0.0 0.0
0.03022008 0.09655434 -1.766232 -4.738012 0.6027758 0.6508132 -0.1499357 19.0804 0.5514355 0 0.0 0.10117308835872314 5.0565139364949845 0.0 1.0
0.07407107 0.04717028 -3.065356 -3.859308 1.46926 1.96004 -0.05931923 20.34272 nan 0 0.0 0.0878154811307397 4.928556142076501 0.0 1.0
0.1580064 0.1416816 -1.308609 -4.073628 1.080122 1.088222 -0.2643519 19.7339 0.5591431 0 0.0 0.21222558332943744 4.278656634653569 0.0 0.0
-0.01045457 0.1332683 0.6001391 -4.873166 1.537426 1.670998 -0.1634381 20.28203 0.6556053 0 0.0 0.1336777386806603 4.909981038955732 0.0 1.0
0.03929465 0.03653417 -0.4485197 -4.347831 0.1116117 0.1070548 -0.3347832 15.8917 0.3876667 1 0.9768853 0.05365459063501836 4.370904291545297 0.0 1.0
-0.052642 0.1515237 -0.9021366 -4.798816 1.733242 1.725432 -0.1375882 20.39269 0.880188 1 0.9419188 0.16040764266608373 4.882876759341317 0.0 1.0
-0.01095737 0.230781 -0.4520175 -26.74965 0.3365458 0.3294011 0.09845441 18.24217 1.501904 1 0.0 0.23104097887240024 26.75346883943849 0.0 0.0
0.04388332 0.06565055 -0.9852205 -3.526934 0.2795168 0.3206551 -0.05090321 17.92504 0.9750881 1 0.9982602 0.07896670494281055 3.6619561540215426 0.0 1.0
0.03734513 0.1122031 -5.470227 -13.21546 2.107053 2.079674 -0.2131702 20.24021 0.9092445 0 0.0 0.11825478588339206 14.30285868080675 0.0 1.0
0.09152241 0.03934606 -0.05659627 -4.176419 0.3156739 0.3056833 -0.3131247 17.91671 0.9600906 1 0.9957073 0.09962160393073231 4.176802461373882 0.0 1.0
0.05918908 0.04016468 -2.849393 -1.49945 2.182436 2.957053 0.09267322 20.66444 0.734148 0 0.0 0.07153005459769202 3.2198432836007718 0.0 1.0
0.04803108 0.05391727 0.954291 -0.6254432 2.266385 2.796992 -0.06112311 20.50299 0.4559441 0 0.0 0.07220842506397228 1.1409866384437812 0.0 1.0
0.02097263 0.1327501 -1.744327 -5.268514 1.144761 1.194975 -0.1851857 19.71354 0.7905712 0 0.0 0.13439657830140952 5.549767242968393 0.0 1.0
0.01701153 0.06185567 -0.5059697 -4.091742 0.07457729 0.07535374 -0.2516349 15.03479 1.192734 1 0.9988925 0.06415228806589676 4.12290649080016 0.0 1.0
0.06491668 0.03725922 -0.55481 -3.841684 0.2523385 0.2635164 -0.1735312 17.80926 0.8938408 1 0.9993718 0.07484934747364735 3.8815396548220398 0.0 1.0
0.04333636 0.1271624 -0.7691213 -4.444544 0.7067132 0.698803 -0.2158555 19.05788 0.8075104 1 0.989126 0.13434402134747048 4.510600729620134 0.0 1.0
0.0782773 0.04492368 -0.6170343 -3.309907 0.9987695 1.016842 -0.2328454 19.67591 0.5383987 0 0.0 0.09025227265854528 3.3669297105858162 0.0 1.0
0.0525672 0.04103399 0.2962229 -6.408799 1.420821 2.091578 0.09687866 20.05855 nan 0 0.0 0.06668657174544287 6.415641248455637 0.0 1.0
0.1805139 0.1033898 -3.235882 -6.211625 1.69054 1.480397 0.0363105 20.55995 1.339334 0 0.0 0.2080257648399592 7.003942993667852 0.0 0.0
0.03101638 0.171679 -3.822195 -3.590563 1.163611 1.149535 0.1461875 20.09024 0.7205944 1 0.6346043 0.17445828976951597 5.244169836589391 0.0 0.0
0.007257479 0.1068657 -2.360374 -3.099844 1.213321 1.277358 -0.1885119 19.98404 0.6194153 0 0.0 0.10711185199559123 3.8962030547973243 0.0 1.0
0.06569056 0.04390556 0.1395029 -3.249659 1.340781 1.371234 -0.2655719 20.06363 0.6296482 0 0.0 0.07901232734217617 3.252651945011856 0.0 1.0
0.1029408 -0.02324036 2.124317 -12.99516 3.465099 3.591922 -0.232005 20.61991 0.6026669 0 0.0 0.10553161913649198 13.167646188369773 0.0 1.0
0.02986539 0.06858211 -2.817787 0.2634039 1.559239 1.750488 0.04192093 20.12322 1.306564 0 0.0 0.0748027227572914 2.8300715877702123 0.0 1.0
0.07335704 0.04061262 -1.710478 -2.706228 1.088425 1.216733 -0.127273 19.98142 0.8683414 0 0.0 0.08384891305691446 3.2014691903043513 0.0 1.0
0.09954541 0.04102646 -2.478277 -5.809221 0.2220519 0.2512853 -0.1193938 17.52312 1.023714 1 0.0 0.10766828257290863 6.315766423449335 0.0 1.0
0.0243123 0.1310233 1.148934 -7.704763 2.277705 2.314679 -0.1119892 20.67843 1.334082 0 0.0 0.13325987045686336 7.789956496831352 0.0 1.0
0.0005778698 0.07174662 0.3259548 -3.664735 0.4196748 0.4641792 -0.1210765 18.53463 0.7832546 0 0.0 0.07174894713464548 3.679202243947462 0.0 1.0
0.08177256 0.02709103 4.781634 -9.06055 2.398499 2.666133 -0.0730202 20.69634 0.7633133 0 0.0 0.08614334260646321 10.244881161460878 0.0 1.0
0.0002796181 0.08276632 -0.7137965 -4.127623 0.5660561 0.6152843 -0.136856 18.89052 0.8225784 0 0.0 0.08276679233016251 4.188887331206373 0.0 1.0
0.04880714 0.05079889 0.1116192 -4.868694 1.417008 1.403159 -0.285782 20.06715 nan 0 0.0 0.07044617903202204 4.869973317323683 0.0 1.0
0.2194291 0.1037729 -2.696135 -0.8726193 1.393129 1.240252 0.04932712 20.29445 1.024052 0 0.0 0.24273018910143832 2.833832807516613 0.0 0.0
0.1076326 0.1772732 -3.601242 -4.625193 1.570058 1.533979 0.2035089 20.41076 0.5827312 0 0.0 0.2073898840855069 5.861855869075339 0.0 0.0
0.04188738 0.05107714 0.2054268 -4.031022 0.5856187 0.6601259 -0.1073966 19.1279 0.7390804 0 0.0 0.06605623993116774 4.0362530315432705 0.0 1.0
0.005199271 0.1385295 -0.3033345 -3.892992 0.9118799 0.9406495 -0.199711 19.56739 0.6708393 1 0.9871118 0.13862703484234754 3.904791739767212 0.0 1.0
0.04997048 0.05020211 -1.57728 -2.894606 2.07198 1.881 -0.3129028 20.36181 0.5375099 0 0.0 0.07083290704102507 3.296445979177575 0.0 1.0
0.03468996 0.1215955 1.52944 -6.1393 2.404956 3.278019 0.04162925 20.70381 0.5069103 0 0.0 0.1264470598513528 6.3269416943417465 0.0 1.0
0.01889058 0.06089163 1.066669 -10.55252 2.847002 3.29507 -0.04573142 20.78578 0.573719 0 0.0 0.06375456545843051 10.606293466897895 0.0 1.0
0.08547059 0.02948591 -0.6749431 -1.535175 0.8756089 0.9622251 -0.1182557 19.68146 0.7895489 0 0.0 0.09041371933216884 1.6769944749052128 0.0 1.0
-0.02517854 0.1920087 -1.812992 -4.51596 0.9635827 0.9461152 0.1778154 19.83667 0.6377659 1 0.9478377 0.19365252322709767 4.866295789783436 0.0 0.0
0.04068753 0.09520629 -1.531949 -3.761079 0.9149291 0.9973573 -0.149663 19.59593 0.6441193 0 0.0 0.10353604567040892 4.0611061279954255 0.0 1.0
0.04473824 0.12456 1.492445 -4.237511 1.406976 1.380374 -0.2139847 20.05495 0.8840752 0 0.0 0.13235068461590066 4.492648612249349 0.0 1.0
0.0326726 0.03850261 -0.3968424 -4.068901 0.1267088 0.124491 -0.3000849 16.18672 1.090791 1 0.9991148 0.05049702731421029 4.088207337970857 0.0 1.0
0.08760033 0.1730773 0.5803919 -3.636139 1.726229 2.25343 0.4987816 20.33234 0.6211109 0 0.0 0.19398342607397906 3.682168054951676 0.0 0.0
0.06196936 0.140219 -0.04082032 -1.58529 3.108769 2.744443 -0.1926433 20.62538 0.8369884 0 0.0 0.15330221635648195 1.5858154629795052 0.0 1.0
0.05231886 0.09009091 -2.472052 -0.9779419 1.947947 2.055265 -0.08564219 20.49558 0.5455036 0 0.0 0.10418078122344687 2.6584603533774227 0.0 1.0
0.127869 0.005060259 -0.1569424 -2.929594 0.7693932 0.8420076 -0.1346286 19.3774 0.7391338 0 0.0 0.12796908760379236 2.9337947988490534 0.0 1.0
0.00585526 0.1372993 -0.6173568 -4.664859 0.6320471 0.6913505 -0.1615041 18.97686 0.6639175 1 0.9870373 0.1374240948675217 4.7055327975041505 0.0 1.0
0.01742612 0.1066898 -1.728803 -3.806434 1.396621 1.472535 -0.1463974 20.16131 nan 0 0.0 0.10810357571465617 4.18063387647914 0.0 1.0
0.006243862 0.09570965 2.045938 -8.668356 2.423255 3.390708 0.09008683 20.83696 0.5335789 0 0.0 0.09591310085591824 8.906528955916553 0.0 1.0
0.04209388 0.06543664 -0.2417021 -2.654791 0.787345 0.86589 -0.08319159 19.38415 0.5044632 0 0.0 0.07780648165766141 2.6657710252055424 0.0 1.0
-0.0685286 0.169771 0.9606447 -5.639522 1.534624 1.461144 -0.1844965 20.21678 1.101048 1 0.8891457 0.183080204989398 5.720755774206944 0.0 0.0
0.08883385 0.2278173 -1.135597 -3.758087 2.526774 2.605492 0.2906144 20.74124 0.8742981 1 0.7973317 0.24452438546106706 3.925913708422283 0.0 0.0
-0.01382636 0.08623996 1.167207 0.4988072 1.411788 1.54653 0.02908954 20.06531 1.055523 0 0.0 0.08734127850936922 1.2693229705716509 0.0 1.0
0.0855705 0.1809711 -1.558096 -4.485952 1.111923 1.062701 0.1151095 19.95605 0.8180923 1 0.9474916 0.20018204091641187 4.748834435050353 0.0 0.0
0.1565264 0.07341779 -2.533812 -3.749582 1.510502 1.528358 0.1616474 20.44891 0.7174397 1 0.9217307 0.17288922981332328 4.525435716709277 0.0 0.0
0.1743452 0.09731078 -1.135603 -3.831004 1.3605 1.410998 0.2978435 19.99584 0.7297745 0 0.0 0.19966380910733023 3.99577099213969 0.0 0.0
0.06177321 0.0866683 -0.5455852 -4.199193 2.090447 2.219884 -0.1301794 20.28686 0.8936195 0 0.0 0.10642990039737 4.2344875795907155 0.0 1.0
0.1082261 0.03875248 -0.1840689 -4.30299 0.8302557 0.8916551 -0.160885 19.44664 0.5263996 0 0.0 0.11495496260431909 4.306925156076805 0.0 1.0
0.0254448 0.1367568 -0.9565606 -4.937166 0.8890123 0.8876935 -0.198385 19.45158 nan 0 0.0 0.13910377490665018 5.0289776588317 0.0 1.0
0.05336282 0.0891756 0.2015845 -2.994906 2.191386 2.761982 0.2238807 19.98194 0.7457924 0 0.0 0.10392246241170577 3.001682571404953 0.0 1.0
0.04816571 0.1333239 2.034768 -2.785494 1.519168 1.634088 0.2039055 20.43233 0.7686195 0 0.0 0.1417575321844102 3.4495300604372185 0.0 1.0
0.04930114 0.1206098 -2.481938 1.123408 2.43839 2.391758 -0.1586364 20.63048 0.6208725 0 0.0 0.13029706927379295 2.7243461179350907 0.0 1.0
0.08943452 0.03923186 -0.5666198 -3.314459 1.362673 1.344077 -0.3321825 19.98509 0.662981 0 0.0 0.09766100658241242 3.362543153690825 0.0 1.0
-0.0364214 0.1606533 -0.6028857 -4.562249 1.100877 1.118274 -0.1403175 19.74307 0.7292862 0 0.0 0.16473008583391802 4.601911244827033 0.0 1.0
0.0748297 0.1066492 -0.9359399 -3.603071 0.4774044 0.4459917 -0.1095366 18.50154 0.9544239 1 0.9963465 0.13028252324364153 3.7226474621501575 0.0 1.0
0.1141828 -0.00994155 0.150229 -10.22739 1.708091 2.315428 0.1197412 20.56082 -0.2191334 0 0.0 0.11461477318497167 10.228493289069558 0.0 1.0
0.04454217 0.04960605 0.4588292 -4.729673 1.141842 1.30662 -0.08661519 19.91277 0.4502182 0 0.0 0.06666907157679189 4.751876568441318 0.0 1.0
0.1538711 0.07502986 1.507594 -5.987473 2.519971 2.836159 0.2018715 20.79899 0.6380482 0 0.0 0.17118935512125047 6.174356046954613 0.0 0.0
0.02664112 0.1007339 7.947785 -10.56101 1.908332 2.226546 -0.1104741 20.45802 1.086662 0 0.0 0.10419725468583325 13.217496685315453 0.0 1.0
0.1706631 0.07301547 -0.00119983 -5.190282 1.508932 1.523471 0.0507736 20.22066 0.8624954 0 0.0 0.18562637894688055 5.190282138681483 0.0 0.0
-0.006695632 0.2110828 -0.7643648 -4.351254 1.944464 2.548399 0.5074305 20.35956 0.8874702 0 0.0 0.21118896738163057 4.4178801387085 0.0 0.0
0.008093726 0.06492321 -0.5921081 -6.16341 2.883766 2.701603 -0.2679761 20.83888 0.6868343 0 0.0 0.06542577165969979 6.1917860775535205 0.0 1.0
0.05223644 0.05449408 -1.211164 -2.068711 0.637248 0.6189137 -0.313603 19.01461 0.7347794 0 0.0 0.07548675657968092 2.3971823953168436 0.0 1.0
0.0547583 0.1187636 0.2452889 -3.161297 1.468034 1.438757 -0.1946112 20.01476 0.7179928 0 0.0 0.13077944832369495 3.1707988530766515 0.0 1.0
0.1269027 0.02943381 0.1416356 -1.329043 0.9739502 1.028695 -0.1903024 19.67923 0.7785892 0 0.0 0.1302714260243055 1.3365687184115749 0.0 1.0
0.1154495 0.02709017 -1.470313 -4.278335 1.201723 1.193908 -0.2891553 19.83674 0.2382202 0 0.0 0.11858526198849037 4.523933099659411 0.0 1.0
0.04193589 0.1211464 -0.5064721 -5.570184 1.561855 1.578155 -0.202397 20.21686 0.7267361 0 0.0 0.12819933347350954 5.593162234544463 0.0 1.0
0.08084346 0.04153986 -0.5227483 -3.347224 0.6124116 0.6061327 -0.284273 18.96239 0.6607914 0 0.0 0.09089128117477055 3.387797852784149 0.0 1.0
0.08431191 0.2011694 -1.959549 -4.292176 1.692395 1.60414 0.142904 20.48399 2.186386 1 0.8914286 0.2181229599657223 4.718326726539505 0.0 0.0
0.07324691 0.007363694 2.438197 -4.616568 2.232175 2.473036 -0.0491932 20.69012 nan 0 0.0 0.07361612468660474 5.220872025766672 0.0 1.0
0.05557856 0.04678335 -0.9843256 -5.034389 1.244452 1.552977 -0.06202344 20.19805 0.6572456 0 0.0 0.07264749251623279 5.1297143673051 0.0 1.0
0.03701951 0.09513327 -0.7080786 -2.89561 1.142806 1.218422 -0.1611331 19.92394 0.8416443 0 0.0 0.10208223734584289 2.98092814000572 0.0 1.0
0.1630807 0.03629521 -9.72459 -8.599443 1.591458 1.5171 -0.06399145 20.17739 2.047503 0 0.0 0.16707081427177548 12.98145101975696 0.0 0.0
0.05292849 0.02419122 4.129192 0.7104212 3.467718 4.405907 0.1466665 20.82654 0.5209007 0 0.0 0.05819484666848517 4.189859765466315 0.0 1.0
0.03428345 0.03730881 -0.9040832 -5.604183 2.18923 1.606555 -0.7747877 19.52788 0.6792946 0 0.0 0.050668552846105636 5.67663928130115 0.0 1.0
0.03722125 0.1446909 -3.046571 -7.105973 1.816643 2.090824 0.3575675 20.45899 0.7582245 0 0.0 0.14940173357217948 7.7315229505427965 0.0 1.0
0.0637774 0.06142599 -1.165675 -3.746248 1.961283 2.388223 -0.05351645 20.51291 0.5569115 0 0.0 0.08854777805365925 3.923413345943682 0.0 1.0
0.1107811 -0.008327465 -1.409854 -5.24834 0.6321975 0.718036 -0.07726477 19.2752 0.547081 0 0.0 0.11109364874076386 5.4344053084873964 0.0 1.0
-0.01460008 0.1162769 -0.03676807 -4.164106 0.9651285 1.04328 -0.1369305 19.5695 0.9196377 0 0.0 0.11718993049582545 4.16426832351225 0.0 1.0
0.08193116 -0.003530453 0.1733161 -4.05761 0.7706258 1.11049 0.1227273 19.52185 0.5476189 0 0.0 0.08200718918077128 4.061309811208597 0.0 1.0
0.02869888 0.09948862 -3.284934 -0.1660798 2.51997 2.608117 -0.09197991 20.78734 0.4353085 0 0.0 0.10354521342273046 3.289129654532341 0.0 1.0
0.0105364 0.1387633 -0.2405412 -4.001985 1.697435 1.734777 -0.2078319 20.18931 0.8568363 0 0.0 0.13916274340444 4.009207404104013 0.0 1.0
-0.07398271 0.1756042 -2.62563 -3.515271 1.726607 1.604947 -0.1986336 20.35073 0.7855854 1 0.9057729 0.19055255557610373 4.387603343551124 0.0 0.0
0.09623697 0.03440674 -0.6869803 -1.93199 1.938369 3.16654 0.3683832 20.42459 0.8196716 0 0.0 0.10220263280468121 2.050494402013351 0.0 1.0
0.04439499 0.03796167 2.372255 -4.3618 1.965499 1.74036 -0.4032247 20.26829 nan 0 0.0 0.05841235765049208 4.965167975509489 0.0 1.0
0.06644434 0.0115657 -0.6368013 -2.782706 1.935857 2.701759 0.07424993 20.52012 0.977047 0 0.0 0.06744342617724577 2.854639833344601 0.0 1.0
0.04707695 0.05224054 -1.873579 -5.217277 0.7330379 0.7747416 -0.2476552 19.21717 0.6381245 0 0.0 0.07032292116226473 5.543489655800758 0.0 1.0
0.007346206 0.1330984 0.6417407 -4.531123 0.5935513 0.6305075 -0.1799077 19.01136 0.762413 1 0.9582421 0.1333009783353237 4.576342072787554 0.0 1.0
0.04615495 0.03724194 1.130052 -6.540448 1.083251 1.353926 -0.1150362 19.89664 1.618847 1 0.9121641 0.05930633612411156 6.637354711284307 0.0 1.0
0.1442456 0.06134305 0.02943278 -1.348001 1.85879 2.202806 0.3403256 20.65126 0.906641 1 0.9293805 0.1567474494295282 1.3483222851156649 0.0 1.0
0.1152693 0.02978995 -0.7952017 -3.828222 0.0982072 0.08877618 -0.3692463 15.72892 0.5797358 1 0.9995445 0.1190565102944501 3.9099398237014964 0.0 1.0
0.01638523 0.0613559 -0.4278876 -2.773235 1.665951 1.608034 -0.2518171 20.26327 nan 0 0.0 0.0635060802361703 2.806050634514417 0.0 1.0
-0.05514808 0.1438023 -1.55601 -3.619165 0.6835309 0.7556563 0.1523662 19.03033 0.7530384 1 0.9801924 0.1540143247005823 3.939482506284931 0.0 1.0
0.04364737 0.04963356 1.657435 -4.970656 0.6263207 0.7220442 -0.07335226 19.12752 0.6157341 0 0.0 0.06609525842441726 5.239705320870726 0.0 1.0
