jas1101finalproject/data/gcs/NGC_6333_M_9.ecsv
# %ECSV 0.9
# ---
# datatype:
# - {name: x, unit: deg, datatype: float64}
# - {name: y, unit: deg, datatype: float64}
# - {name: pmx, unit: mas / yr, datatype: float64}
# - {name: pmy, unit: mas / yr, datatype: float64}
# - {name: pmx_e, unit: mas / yr, datatype: float64}
# - {name: pmy_e, unit: mas / yr, datatype: float64}
# - {name: pm_corr, datatype: float64}
# - {name: g_mag, unit: mag, datatype: float64}
# - {name: bp_rp, unit: mag, datatype: float64}
# - {name: filter, datatype: int64}
# - {name: memberprob, datatype: float64}
# - {name: r, unit: deg, datatype: float64}
# - {name: pm, unit: mas / yr, datatype: float64}
# - {name: member_prob_GMM, datatype: float64}
# meta: !!omap
# - comments: [deg deg mas/yr mas/yr mas/yr mas/yr dimless mag   mag   zeroone float]
# - __serialized_columns__:
#     bp_rp:
#       __class__: astropy.units.quantity.Quantity
#       unit: &id001 !astropy.units.Unit {unit: mag}
#       value: !astropy.table.SerializedColumn {name: bp_rp}
#     g_mag:
#       __class__: astropy.units.quantity.Quantity
#       unit: *id001
#       value: !astropy.table.SerializedColumn {name: g_mag}
#     pm:
#       __class__: astropy.units.quantity.Quantity
#       unit: !astropy.units.Unit {unit: mas / yr}
#       value: !astropy.table.SerializedColumn {name: pm}
#     pmx:
#       __class__: astropy.units.quantity.Quantity
#       unit: !astropy.units.Unit {unit: mas / yr}
#       value: !astropy.table.SerializedColumn {name: pmx}
#     pmx_e:
#       __class__: astropy.units.quantity.Quantity
#       unit: !astropy.units.Unit {unit: mas / yr}
#       value: !astropy.table.SerializedColumn {name: pmx_e}
#     pmy:
#       __class__: astropy.units.quantity.Quantity
#       unit: !astropy.units.Unit {unit: mas / yr}
#       value: !astropy.table.SerializedColumn {name: pmy}
#     pmy_e:
#       __class__: astropy.units.quantity.Quantity
#       unit: !astropy.units.Unit {unit: mas / yr}
#       value: !astropy.table.SerializedColumn {name: pmy_e}
#     r:
#       __class__: astropy.units.quantity.Quantity
#       unit: &id002 !astropy.units.Unit {unit: deg}
#       value: !astropy.table.SerializedColumn {name: r}
#     x:
#       __class__: astropy.units.quantity.Quantity
#       unit: *id002
#       value: !astropy.table.SerializedColumn {name: x}
#     y:
#       __class__: astropy.units.quantity.Quantity
#       unit: *id002
#       value: !astropy.table.SerializedColumn {name: y}
# schema: astropy-2.0
x y pmx pmy pmx_e pmy_e pm_corr g_mag bp_rp filter memberprob r pm member_prob_GMM
[from data line 10598]
-0.06141561 -0.0009030519 -3.752446 -7.588653 1.535163 1.023719 0.5647231 19.98456 1.507477 0 0.0 0.061422248855005246 8.465725328483378 0.0
-0.04517197 0.07286679 -7.70707 -6.129298 1.692735 1.290877 0.3213003 19.63174 nan 0 0.0 0.08573258399573058 9.847193608216708 0.0
-0.03355909 0.05337065 -3.730786 -4.395812 1.061153 0.8270379 0.6571221 18.9858 1.308167 0 0.0 0.06304473652138297 5.765581264464148 0.0
-0.08398159 0.04686835 -2.039793 -2.073099 0.5422439 0.4149968 0.5974357 18.45468 1.269135 1 0.1189089 0.09617457923303122 2.908349178941552 0.0
-0.005595218 0.02115111 -2.567428 -3.036335 0.1430193 0.09879452 0.3665796 16.25197 1.380204 0 0.0 0.02187866354921214 3.976306925704931 1.0
0.02138107 0.04309009 -5.680493 -4.815949 1.308268 0.9399985 0.5196668 20.03677 1.187357 0 0.0 0.048103076934360445 7.447238783176622 0.0
-0.03328386 0.1269618 -5.670623 0.06845073 2.914327 2.190145 0.7783007 20.46515 0.6614437 0 0.0 0.13125210091933617 5.671036123193585 0.0
0.01814474 0.0955921 -1.862336 -2.193634 2.32312 1.92407 0.7828668 20.37164 0.584343 0 0.0 0.0972989268804009 2.8775554734621536 0.0
-0.04551935 0.07278087 -0.7220229 -1.685889 0.6257523 0.4770211 0.6012871 19.00862 1.307358 0 0.0 0.08584326567867394 1.833995307639965 0.0
0.03255298 0.03799953 -3.221969 -5.005864 1.95258 1.67011 0.5607402 20.12494 0.5432053 0 0.0 0.05003659447945374 5.953130153411481 0.0
0.023789 0.08256042 -6.067655 -8.000695 2.483058 1.919826 0.7688697 20.46867 0.9993496 0 0.0 0.08591937774202278 10.041292630037729 0.0
-0.003916218 0.004166215 -6.458138 -6.612177 0.6741581 0.483144 0.3836823 17.83446 nan 0 0.0 0.005717876428338496 9.242750191710961 0.0
0.04311955 0.04535574 -1.288596 -3.046536 1.1595 0.937246 0.7005997 19.59007 0.8414669 0 0.0 0.062581456863436 3.307848432215721 0.0
0.03108923 0.1066071 0.3620073 1.174992 2.659229 2.22131 0.7496284 20.36932 1.039028 0 0.0 0.11104780048430901 1.2294939956410076 0.0
-0.006177439 0.1154274 -2.275467 -2.860862 0.7098784 0.587169 0.7334851 18.85934 0.9959965 0 0.0 0.11559258377317605 3.6554454518065236 0.0
0.0359144 0.05645817 0.2207725 -0.9633161 0.4399559 0.3563003 0.6731493 18.15777 1.334728 0 0.0 0.06691314584675347 0.9882906481776806 0.0
-0.009184373 0.02860296 -2.402488 -2.615361 0.8212086 0.6134259 0.4580993 19.30102 1.137411 0 0.0 0.030041338654672647 3.5513464700680784 1.0
0.02218997 0.03096116 -1.725734 -4.258405 1.610838 1.096348 0.3003159 19.98616 nan 0 0.0 0.03809183898352113 4.594798252674539 0.0
0.08067948 0.08243625 -1.400316 0.8733113 2.07303 1.644458 0.7251843 20.30666 1.079685 0 0.0 0.1153469280350929 1.650320431481017 0.0
-0.03244117 0.1117567 -6.252304 0.07042304 1.342026 0.9853683 0.5453354 20.05908 1.107721 0 0.0 0.11637005416282532 6.252700593581851 0.0
-0.04316972 0.05424778 -1.463395 -0.2451434 0.660729 0.4768846 0.5502379 19.19036 1.147276 0 0.0 0.06932853928799308 1.4837857704495485 0.0
0.0534125 0.1008337 -3.566331 -6.225399 0.7496575 0.5601682 0.5082927 19.37775 1.177486 0 0.0 0.1141066615581229 7.174559882721867 0.0
-0.09692681 0.0582026 2.470764 -7.018324 2.37914 1.839393 0.670039 20.04373 1.09729 0 0.0 0.11305905157720057 7.440534020664915 0.0
0.08078581 0.06227745 -0.2962839 -1.584975 1.13547 0.82376 0.4724136 20.04195 1.006786 0 0.0 0.10200405813426541 1.6124298124334622 0.0
-0.03890738 0.02293778 -3.988622 -4.929569 1.913088 1.435622 0.8768244 19.79275 nan 0 0.0 0.04516553962694124 6.341116304298873 0.0
0.001496257 0.1115804 2.198258 -1.730331 0.8123616 0.6114272 0.5421196 19.39434 1.515553 0 0.0 0.11159043170975748 2.7975674440708307 0.0
-0.1129349 -0.02966351 -2.418862 -2.55847 2.80124 2.105323 0.5500505 20.4589 1.342352 0 0.0 0.11676564333540111 3.5208893927449636 0.0
-0.07736606 0.07588795 -2.111294 -2.991092 0.2296488 0.1554557 0.3080901 17.61787 1.435501 1 0.9078012 0.10837198990110913 3.6611738154449864 0.0
-0.0308609 0.01940128 -2.839629 -3.53147 3.144419 2.25476 0.8203728 20.43173 0.7670097 0 0.0 0.03645277512684597 4.531531001608728 0.0
-0.06701662 0.1142738 -7.522164 -10.1373 0.135091 0.08876693 0.369555 16.45784 1.14605 1 0.0 0.1324753891206378 12.623303946784137 0.0
-0.006929945 0.105782 0.4020874 -5.717349 1.222009 0.8372762 0.4825151 19.97277 1.011871 0 0.0 0.10600875275986896 5.731470480168222 0.0
0.0358238 0.03845473 -3.153303 1.678437 2.178155 1.835751 0.636294 20.23888 nan 0 0.0 0.052555788509096694 3.572180086834649 1.0
0.04816024 0.06013825 -1.815695 -1.730715 2.543416 1.918073 0.8031873 20.38482 0.487009 0 0.0 0.07704555684736207 2.50841040187805 0.0
-0.07748239 0.07706664 -1.755365 -6.458634 0.3781757 0.2601562 0.2395891 17.2686 1.448786 0 0.0 0.10928306255317748 6.692926073787234 0.0
0.007774905 0.001617865 -3.313067 -5.510181 0.7645834 0.5913072 0.2144161 16.26381 0.9919748 0 0.0 0.007941450429062063 6.429502904521469 0.0
-0.04463237 0.001825843 -6.803452 -5.113538 1.222866 0.9295288 0.7252832 19.63171 0.8076248 0 0.0 0.04466970063116104 8.510888907379064 0.0
-0.06553667 0.1060404 -6.600579 -9.248274 0.7936323 0.6090734 0.7025023 19.01434 1.296297 0 0.0 0.12465801838168655 11.362139548268054 0.0
0.05935773 0.04439911 -1.061491 -1.203366 1.057675 0.7727287 0.4661112 19.91407 nan 0 0.0 0.07412571132572691 1.6046348098670302 0.0
-0.03731566 0.02330434 -4.758241 -6.608253 2.058864 1.552247 0.8463531 19.84809 1.348787 0 0.0 0.04399489452278753 8.143086953121033 0.0
-0.03625253 0.05987416 -0.2588836 -3.635955 1.304459 0.9377817 0.4440307 19.91187 nan 0 0.0 0.06999400665133051 3.645159733176855 0.0
0.04448322 0.05780274 -7.92748 -7.170799 2.102486 1.651796 0.7562563 20.29795 1.137344 0 0.0 0.07293773792129832 10.689494723736992 0.0
-0.0798271 0.07637129 -1.432045 -1.188443 0.06747165 0.04629219 0.1884317 14.95586 1.720216 1 0.0 0.1104759694715285 1.8609539613526176 0.0
-0.03999958 -0.009540809 -1.891191 -7.801912 2.716624 1.341082 -0.6556583 19.75109 1.411499 0 0.0 0.04112169058478604 8.027853651769258 0.0
0.04545043 0.1029551 -2.760715 -6.607932 1.068742 0.7645593 0.5660559 19.82092 1.025805 1 5.515446e-05 0.11254107784802356 7.161446266491776 0.0
-0.03451369 0.05013941 0.5245801 -5.187524 0.7546248 0.5329132 0.4631918 19.41805 1.102705 0 0.0 0.060869986303302225 5.213980200565784 0.0
-0.04842668 0.01383539 0.07335872 -0.437465 0.9601214 0.7872371 0.7458412 19.20875 1.233627 0 0.0 0.050364286476376294 0.4435731371769918 0.0
0.03808139 0.03811092 -2.661985 -4.468327 1.570508 1.308731 0.6429304 19.95814 1.76029 0 0.0 0.053876103121685594 5.201164323413941 0.0
-0.04639951 0.008861583 -4.243759 -6.601362 1.419455 1.199766 0.06754094 19.07901 nan 0 0.0 0.04723814329020552 7.847768517554847 0.0
-0.004379783 0.02550753 0.2082592 -1.676801 2.262589 1.664009 0.9077948 19.59101 0.9158115 0 0.0 0.02588081501475541 1.6896844344390582 0.0
-0.1211444 0.0006786987 -5.168331 -8.739867 0.9173554 0.7393324 0.4385914 18.36626 1.508598 0 0.0 0.12114630115395758 10.15366537282227 0.0
0.009082428 0.1017879 -0.1730616 -8.121753 0.6279175 0.487753 0.7152878 18.62397 1.133463 1 0.0 0.10219230443034928 8.123596624057818 0.0
-0.03222257 0.02701326 -9.794835 -5.171996 2.367924 1.775381 0.8757275 20.04264 1.255932 0 0.0 0.042047713769389414 11.076476664591544 0.0
0.01784779 0.02431074 -3.436119 -4.20935 0.7232869 0.6076652 0.5193403 18.92296 1.37978 0 0.0 0.030158840946423984 5.433740995360471 0.0
0.04589776 0.04321497 -8.719727 -0.01123458 1.198534 0.838958 0.4989464 19.9268 1.006901 0 0.0 0.06304076462986866 8.719734237367375 0.0
-0.0634985 -0.002589909 -4.163135 -9.916304 1.131896 0.782476 0.4204509 19.80541 1.486309 0 0.0 0.06355129527301769 10.754756066440606 0.0
0.02075188 0.1060689 -2.367383 -2.598375 0.6103955 0.5140701 0.7141656 18.71988 1.075233 0 0.0 0.1080798411857845 3.5151180505516453 0.0
-0.04961297 0.01290998 -2.471821 -2.487201 0.9708027 0.771714 0.7208326 19.28012 0.42342 0 0.0 0.05126513801621234 3.5065749486417657 1.0
-0.03918156 0.0829486 -5.428359 -4.6437 0.7684262 0.5522878 0.5475065 19.42201 1.246851 0 0.0 0.09173693305312533 7.1436007113276565 0.0
0.08586097 0.08063129 -2.439252 -12.7038 1.269062 0.9702681 0.1960866 19.98681 nan 0 0.0 0.11778586968055632 12.935860418213549 0.0
0.01209408 0.1063234 -1.927564 2.115308 1.685014 1.417717 0.5549954 18.8508 1.4282 0 0.0 0.10700902839763755 2.8618230044780897 0.0
-0.0820258 0.07308579 -2.994913 -6.178567 1.454698 1.112276 0.6514082 20.03792 0.9222622 0 0.0 0.10986248024491391 6.866162978771914 0.0
-0.01425128 0.05155183 -2.389608 -2.663316 0.7102089 0.5176587 0.6541523 19.02442 1.325172 0 0.0 0.05348542005058294 3.578194867460407 1.0
-0.01485674 0.02369686 -2.587425 -2.596449 0.7424959 0.5224832 0.5694307 19.16207 nan 0 0.0 0.027968980984068765 3.6655580121212106 1.0
0.006299552 0.01517345 -2.543632 -5.597493 0.970313 0.808267 0.4575086 18.72563 0.9897823 0 0.0 0.01642917953834591 6.14833242729059 0.0
-0.04067036 0.01252324 3.25437 1.221256 2.497615 1.8779 0.7598103 20.20665 nan 0 0.0 0.042554784955715616 3.4759732902362757 1.0
-0.07614211 0.05781066 -4.651835 -5.907108 3.544593 2.539632 0.7988398 20.64792 0.6612186 0 0.0 0.09560174331510748 7.518875832921369 0.0
0.007748011 0.04681821 -4.060461 -2.598353 2.649123 2.082779 0.7294925 20.47482 nan 0 0.0 0.04745499406869862 4.820661971672563 0.0
-0.03583988 0.02457877 -4.360829 -3.558295 0.6696701 0.505494 0.6132254 19.03559 1.246237 0 0.0 0.04345817452594276 5.628347259566169 0.0
0.0372996 0.03674161 -2.309937 -2.081292 1.26009 0.879753 0.2992361 19.83502 0.8486328 0 0.0 0.052356528394767544 3.1092740846109077 0.0
-0.04668701 0.001903496 -5.44583 -5.100257 1.235314 0.9539432 0.6923822 19.47759 1.098991 0 0.0 0.046725798010971584 7.461212090200157 0.0
-0.07307418 -0.008800244 0.1511605 -3.782215 0.9120248 0.6058851 0.4810973 19.42818 1.374847 0 0.0 0.0736021744049178 3.7852344449168864 0.0
0.07610642 0.08547484 -0.3075492 -3.467895 0.9397599 0.7259306 0.4095564 18.93969 nan 0 0.0 0.11444708575687718 3.481505743417012 0.0
-0.09002513 -0.01987285 -4.58265 -1.115414 1.216792 0.8180698 0.4803556 19.8665 0.9768982 0 0.0 0.09219248450193432 4.716442453152164 0.0
-0.05641807 0.02554406 -2.242105 -3.053716 0.213449 0.1519679 0.3030637 17.4259 1.462631 1 0.9772415 0.0619313944926844 3.7884318971945374 1.0
0.007865384 0.08153765 0.4477537 -8.158236 2.18642 1.895444 0.6532467 20.35173 0.8968964 0 0.0 0.08191613170182023 8.17051393778627 0.0
-0.08902398 0.05804286 -1.804071 -8.639843 1.594635 1.1082 0.6138563 20.03401 1.05295 0 0.0 0.10627437420196836 8.826185996096502 0.0
0.008561608 0.1093029 -1.765263 -2.143933 0.8441747 0.685234 0.2683951 18.73867 nan 0 0.0 0.10963769917302928 2.7771572097484865 0.0
-0.007594983 0.08434146 -1.204448 -7.44586 2.6911 2.07769 0.8378832 20.40148 1.197613 0 0.0 0.08468273520441984 7.542647156290952 0.0
-0.04481453 0.03443955 -1.525327 -5.654035 0.08099694 0.05746927 0.2482122 15.40132 1.717026 1 0.0 0.05651924188560388 5.856170612111127 0.0
-0.01766671 0.04882972 -0.2700073 -4.114571 1.241881 0.8580962 0.6652503 19.76892 nan 0 0.0 0.05192739351731897 4.1234207226639255 1.0
0.07080681 0.08225751 -4.384786 7.158213 0.4919776 0.4144623 0.6414553 18.4422 1.519138 1 0.0 0.1085352582978278 8.394424436443812 0.0
-0.04162759 0.02160199 3.754818 0.4701165 2.755239 2.05557 0.8822593 20.15997 0.207777 0 0.0 0.04689885095786676 3.7841336837770743 1.0
-0.06876342 -0.006872034 -2.406836 -2.935231 1.311863 0.8253515 0.217777 19.98721 nan 0 0.0 0.06910595329921697 3.795845169953195 1.0
0.04829387 0.1236853 -4.799298 -3.036132 1.347914 1.035344 0.6182498 20.07217 1.08485 0 0.0 0.13277933316471693 5.679027981461968 0.0
-0.04243785 0.02114784 1.068899 -0.922229 2.07714 1.503449 0.7895343 20.10907 nan 0 0.0 0.0474152111593748 1.4117547239665962 0.0
0.01006673 0.09875706 -2.359297 -2.106744 0.1676183 0.1199631 0.296621 16.99549 1.252007 1 0.0 0.09926880654433445 3.1630132177632455 0.0
-0.001948733 0.03475058 -1.998697 -3.458738 0.7229056 0.5141359 0.4690979 19.13884 nan 0 0.0 0.0348051773539755 3.9947037750567937 1.0
0.06486892 0.07495473 -6.037362 -6.844867 2.442219 1.832071 0.2913785 19.83823 nan 0 0.0 0.09912713216541322 9.126989874363453 0.0
-0.005395011 0.09704828 -8.680171 -5.848249 0.8494168 0.6197763 0.5897232 19.34163 nan 0 0.0 0.09719812135349387 10.466488664076506 0.0
0.06489314 0.06242726 -0.4385676 -2.308421 1.364622 1.004592 0.4786289 20.2129 1.582224 0 0.0 0.09004600163342734 2.3497125468896742 0.0
0.07853921 0.08718654 -4.095809 0.8066251 0.8546655 0.6267248 0.4817259 19.6267 nan 0 0.0 0.11734521832863792 4.174481454795435 0.0
-0.04290089 0.02107525 -1.674197 -3.695254 0.6352424 0.4637616 0.6123754 18.94508 1.085495 0 0.0 0.04779803892791627 4.056826064711796 1.0
-0.03163205 0.1208548 -3.007253 -3.099614 1.843588 1.486878 0.7895863 20.20184 0.910532 0 0.0 0.12492585509109994 4.318700910575425 0.0
0.003377931 0.08511026 -0.3039765 -7.283127 1.053179 0.8166424 0.3601934 19.20539 nan 0 0.0 0.08517726677411268 7.289467786517838 0.0
0.01272349 0.003492493 -1.735222 -2.82747 0.1314755 0.09506971 0.2453801 16.31178 1.346294 0 0.0 0.013194116307473911 3.317466200307699 0.0
0.009918848 0.04497941 -5.409866 -7.639722 1.293014 0.9755273 0.6164223 20.0241 1.205498 0 0.0 0.04606007891433973 9.361196631587225 0.0
0.07075512 0.097358 0.4908423 -3.069138 0.9527432 0.6975998 0.4925358 19.75775 0.4315033 0 0.0 0.12035309372930303 3.1081399946774098 0.0
-0.01517984 0.07719985 1.483317 0.8853357 0.1308132 0.0923679 0.3357965 16.5654 1.298332 1 0.0 0.07867810611884414 1.7274399046518203 0.0
0.04463657 0.09093904 -3.016434 -4.333843 2.163008 1.705631 0.7733428 20.29202 1.233467 0 0.0 0.10130317061911981 5.280252761469379 0.0
0.01628253 -0.000818417 -1.060657 -2.139073 0.2730882 0.1955766 0.2502616 17.31861 nan 0 0.0 0.016303085278154838 2.3875984945082367 0.0
0.07662323 0.07574333 -4.919969 -2.640421 1.848656 1.546994 0.7525511 20.2363 1.151558 0 0.0 0.10774122430677033 5.583719013184851 0.0
-0.008492421 0.08268584 -2.101566 -3.556736 0.1454104 0.1016506 0.298848 16.72677 1.463103 1 0.768978 0.08312081177988362 4.131216603623199 0.0
-0.03624558 0.02698003 -5.660494 -7.797184 2.154813 1.575183 0.8192219 19.74518 0.7789249 0 0.0 0.045184777174810765 9.63520994342583 0.0
0.07967721 0.1062919 -0.4754868 -10.14928 0.6964949 0.5491222 0.2355903 19.24243 1.6481 1 0.0 0.13283985019185357 10.160412010119188 0.0
-0.006434599 0.02316333 -4.011381 -3.707824 1.535591 1.053073 0.6941774 19.70667 1.578575 0 0.0 0.024040464242183448 5.462521061024571 0.0
-0.01028455 0.03444129 -0.1322484 -3.517336 3.38785 2.466349 0.714858 20.60184 1.082226 0 0.0 0.03594404575957748 3.519821327311737 1.0
-0.104804 -0.03081038 -0.2285348 -3.702527 1.543194 1.132084 0.7385389 19.70293 nan 0 0.0 0.1092389945566344 3.709573336724864 0.0
0.06915 0.06597135 0.7371856 -4.227598 0.6804777 0.5262083 0.5038076 18.99523 1.088491 0 0.0 0.09557165647210736 4.291389921511604 0.0
-0.1001351 0.04978553 -3.65052 -8.686498 2.135695 1.595113 0.7846072 20.26296 1.109987 0 0.0 0.11182860657895591 9.422395861690593 0.0
-0.04226446 0.02221791 -1.897996 -3.172101 0.5012547 0.3929131 0.6788172 18.19694 1.101038 0 0.0 0.04774850891765836 3.6965678094980214 1.0
-0.05898507 -0.0002060144 -9.692857 -3.335538 0.8644299 0.6124484 0.4613998 19.22051 nan 0 0.0 0.05898542976734091 10.250721465920972 0.0
-0.03575333 0.02589676 0.1370431 -4.0518 1.794504 1.360484 0.8267534 19.65527 1.364481 0 0.0 0.0441468321013694 4.054116926194607 1.0
0.01098707 0.001871367 -3.111068 -3.741133 0.1965003 0.1430823 0.2665341 15.62443 1.394805 0 0.0 0.011145300428144097 4.865677776457562 0.0
-0.009623456 0.1168311 -3.000938 -5.347553 1.083181 0.7546257 0.5309175 19.85932 1.048426 0 0.0 0.11722677523754518 6.132043050048898 0.0
-0.006636867 0.01475382 -4.784947 -3.858183 0.6439513 0.4310267 0.4799715 17.19748 1.381155 0 0.0 0.01617786166859171 6.1466489939070055 0.0
-0.07967374 0.05783385 -3.839915 -3.149072 0.7746048 0.5632634 0.5829307 19.29163 1.34322 0 0.0 0.09845130294419724 4.966044871767572 0.0
