jas1101finalproject/data/gcs/NGC_6584.ecsv
# %ECSV 0.9
# ---
# datatype:
# - {name: x, unit: deg, datatype: float64}
# - {name: y, unit: deg, datatype: float64}
# - {name: pmx, unit: mas / yr, datatype: float64}
# - {name: pmy, unit: mas / yr, datatype: float64}
# - {name: pmx_e, unit: mas / yr, datatype: float64}
# - {name: pmy_e, unit: mas / yr, datatype: float64}
# - {name: pm_corr, datatype: float64}
# - {name: g_mag, unit: mag, datatype: float64}
# - {name: bp_rp, unit: mag, datatype: float64}
# - {name: filter, datatype: int64}
# - {name: memberprob, datatype: float64}
# - {name: r, unit: deg, datatype: float64}
# - {name: pm, unit: mas / yr, datatype: float64}
# - {name: member_prob_GMM, datatype: float64}
# meta: !!omap
# - comments: [deg deg mas/yr mas/yr mas/yr mas/yr dimless mag   mag   zeroone float]
# - __serialized_columns__:
#     bp_rp:
#       __class__: astropy.units.quantity.Quantity
#       unit: &id001 !astropy.units.Unit {unit: mag}
#       value: !astropy.table.SerializedColumn {name: bp_rp}
#     g_mag:
#       __class__: astropy.units.quantity.Quantity
#       unit: *id001
#       value: !astropy.table.SerializedColumn {name: g_mag}
#     pm:
#       __class__: astropy.units.quantity.Quantity
#       unit: !astropy.units.Unit {unit: mas / yr}
#       value: !astropy.table.SerializedColumn {name: pm}
#     pmx:
#       __class__: astropy.units.quantity.Quantity
#       unit: !astropy.units.Unit {unit: mas / yr}
#       value: !astropy.table.SerializedColumn {name: pmx}
#     pmx_e:
#       __class__: astropy.units.quantity.Quantity
#       unit: !astropy.units.Unit {unit: mas / yr}
#       value: !astropy.table.SerializedColumn {name: pmx_e}
#     pmy:
#       __class__: astropy.units.quantity.Quantity
#       unit: !astropy.units.Unit {unit: mas / yr}
#       value: !astropy.table.SerializedColumn {name: pmy}
#     pmy_e:
#       __class__: astropy.units.quantity.Quantity
#       unit: !astropy.units.Unit {unit: mas / yr}
#       value: !astropy.table.SerializedColumn {name: pmy_e}
#     r:
#       __class__: astropy.units.quantity.Quantity
#       unit: &id002 !astropy.units.Unit {unit: deg}
#       value: !astropy.table.SerializedColumn {name: r}
#     x:
#       __class__: astropy.units.quantity.Quantity
#       unit: *id002
#       value: !astropy.table.SerializedColumn {name: x}
#     y:
#       __class__: astropy.units.quantity.Quantity
#       unit: *id002
#       value: !astropy.table.SerializedColumn {name: y}
# schema: astropy-2.0
x y pmx pmy pmx_e pmy_e pm_corr g_mag bp_rp filter memberprob r pm member_prob_GMM
[from data line 802]
0.02371748 -0.02626305 -1.571765 -9.914777 2.106911 1.886134 -0.01079958 20.35745 0.5343151 0 0.0 0.03538737985289247 10.038587957225559 0.0
-0.02893176 -0.04301648 -0.3903094 -7.322632 0.3023946 0.2808245 0.1890009 18.12504 1.029514 1 0.981553 0.051840758947839495 7.333026717198864 1.0
0.02401721 -0.02489755 -1.794413 -7.237597 0.9998166 0.8377615 0.05532891 19.75731 0.6306992 0 0.0 0.03459355969232713 7.456723700726614 1.0
0.04547256 -0.004768914 -4.942816 -1.955677 0.7554081 0.6372598 0.03760925 18.99331 1.087284 0 0.0 0.04572194499026694 5.3156469538697735 0.0
0.007211814 -0.05689312 2.048022 -5.809797 1.054622 0.8743202 0.09646713 19.88428 0.7939205 0 0.0 0.057348385892760714 6.16020578338849 0.0
0.06937333 0.02374178 -0.4632322 -8.737868 1.412264 1.269728 -0.1070188 20.21867 0.6894512 1 0.6090247 0.07332346849991003 8.750138356422763 0.0
0.07235322 0.0384923 -2.171412 -7.874409 0.7017261 0.6649292 0.1102753 19.05894 1.114338 0 0.0 0.08195514385112383 8.168313606432175 0.0
0.02842607 0.002073577 0.1290191 -7.298658 0.1405853 0.1222764 -0.1080104 16.43811 0.8452358 1 0.997436 0.02850159955546055 7.299798252631973 1.0
0.0296403 0.0002722458 -0.934766 -8.021486 1.142708 0.9076838 0.06500365 19.62094 0.6769409 0 0.0 0.029641550260835172 8.075767772970691 1.0
0.005136951 -0.0744061 -0.2477669 -6.92963 0.6809121 0.6012235 0.1200583 19.43696 0.7653542 1 0.8868271 0.07458321515452657 6.93405800189439 0.0
-0.007721257 -0.09280855 -0.1877018 -8.528594 0.8549285 0.7284116 0.1737954 19.76954 0.689333 1 0.5231141 0.09312918319604521 8.530659270100948 0.0
-0.006684224 -0.04058522 1.461283 -7.666787 1.649613 1.338513 0.08227926 20.36634 0.7600384 0 0.0 0.041131969718584786 7.804804347929422 1.0
0.01667909 -0.008590168 -9.772262 0.8256594 1.009721 0.909046 -0.08345372 19.2273 0.6191044 0 0.0 0.01876121076839989 9.807079995669065 0.0
0.0422722 0.01139713 -0.1635064 -6.872617 0.3843185 0.3379416 0.2509473 18.05326 1.084982 1 0.9791125 0.04378165671918892 6.87456171486808 1.0
-0.001136433 -0.02197282 -0.1340574 -7.268055 0.1424025 0.1169641 -0.1155452 16.57019 0.3524055 0 0.0 0.022002188498326455 7.26929122195003 1.0
-0.01769321 -0.0259131 5.024214 -4.813551 0.5912941 0.5020629 0.52067 18.73716 1.266151 1 0.0 0.03137735539707099 6.957945066425648 1.0
0.01778256 -0.007366078 -0.1640643 -7.364143 0.3762562 0.347792 -0.04569115 18.25724 0.967659 0 0.0 0.019247819233764743 7.365970351486863 1.0
0.003964986 -0.02917513 -3.440165 -3.774264 0.397006 0.3582484 -0.007190128 18.37351 1.171112 1 0.0 0.029443323937644948 5.106838940961522 0.0
0.03739982 -0.02222507 -2.102298 -6.362274 1.864736 1.486072 0.4564231 20.19301 0.8882923 1 0.6139097 0.04350517523855409 6.700610967059646 1.0
0.01660559 -0.005183616 -0.3479169 -7.011973 0.1196552 0.1045271 -0.1941615 16.21529 0.9705601 1 0.988704 0.017395847035529946 7.020599085693087 1.0
0.01243003 -0.0944652 -8.907368 -14.12551 0.9465313 0.8090072 0.1696275 19.79046 0.9067326 0 0.0 0.09527948182500207 16.699438237483438 0.0
0.02430844 -0.004958282 -0.001254369 -7.312639 0.2523329 0.2040418 0.05468859 17.36326 1.052824 1 0.9965805 0.02480896643605138 7.312639107583704 1.0
0.0197836 -0.00585249 0.1274342 -6.203648 0.2991777 0.2610317 -0.1819841 17.62096 0.9928551 0 0.0 0.020631104385371617 6.204956726942876 1.0
0.01529459 -0.01179783 0.4271545 -7.237184 0.5928483 0.5380411 0.1703952 18.65986 nan 0 0.0 0.01931614029709352 7.249778839159595 1.0
0.002900581 -0.01865412 8.749023 -6.698734 1.158679 0.9668082 -0.04606491 17.33842 0.9968643 0 0.0 0.01887828284330863 11.01900361454179 0.0
0.08907338 0.00525494 3.931264 -2.913627 1.080529 0.9302835 0.03300387 20.00466 1.063984 0 0.0 0.08922825460036747 4.893266693408913 0.0
0.06721818 -0.003442282 0.342579 -6.502228 1.165458 1.010985 -0.1056196 19.96164 0.555624 0 0.0 0.067306262917205 6.511246373408474 0.0
0.06149999 -0.01477129 -0.1885333 -7.176395 0.06843915 0.06120044 -0.2087937 14.4814 1.416934 1 0.9967908 0.0632490298602611 7.1788710812518355 1.0
0.03456691 -0.03622272 0.8704314 -7.143083 1.465223 1.306097 -0.02984013 20.3608 0.7891712 0 0.0 0.0500695187828533 7.195921453642678 1.0
-0.03195775 -0.04325506 -0.1066553 -7.383969 0.2035386 0.1796283 0.2606983 17.21322 1.097311 1 0.9927333 0.053780089258628976 7.3847392334448125 1.0
0.02436577 -0.002692383 -0.5429607 -7.772111 0.2972579 0.2580782 -0.1391017 17.87538 1.00316 0 0.0 0.02451407093714932 7.791053569194958 1.0
0.06443805 -0.01241034 -1.78863 -5.164557 0.4790895 0.4400487 -0.09134194 18.6397 0.6878338 0 0.0 0.06562224338376507 5.465514274352324 0.0
0.01533183 -0.01223272 0.5057487 -7.659874 1.194075 0.9754356 0.5314558 19.4384 nan 0 0.0 0.01961388410660418 7.6765520543684 1.0
0.01045245 -0.01442094 3.989704 -6.509127 1.431071 1.097643 0.6104741 19.48793 nan 0 0.0 0.017810592957172987 7.634557767791466 1.0
-0.0166295 -0.02199118 -0.8671511 -7.187212 1.546666 1.472208 0.09398683 20.43944 1.11879 0 0.0 0.027570859037077535 7.239334732085208 1.0
0.03796711 0.007391766 -3.036787 -9.944169 1.082283 0.8566971 0.1434143 19.71482 0.7016869 0 0.0 0.03867996440472581 10.397527224486119 0.0
0.00585349 -0.01982171 0.1081869 -8.447995 1.873762 1.546388 0.5908077 19.9999 nan 0 0.0 0.020667934887264375 8.448687704333533 1.0
0.08520625 0.02677746 -5.499696 -2.456098 1.324111 1.414959 0.177482 20.3156 1.038296 0 0.0 0.08931482185569257 6.02321122641569 0.0
0.01813825 -0.05188374 1.855028 -5.139715 0.802568 0.6884368 0.1629121 19.71659 1.299294 1 0.08686783 0.05496288374394215 5.464229054679992 0.0
-0.005934996 -0.05542428 -0.225016 -6.187838 1.46395 1.146003 0.3969795 20.12294 0.8474674 0 0.0 0.055741142713783824 6.191927915802961 0.0
-0.02149792 -0.07983932 -0.5577486 -8.443948 0.867835 0.742657 0.1822868 19.7413 1.183281 1 0.6291834 0.08268299451754757 8.46234845226229 0.0
0.04460899 0.0103191 -3.774233 -5.336498 0.6458689 0.5578967 0.3196107 18.82318 0.9824047 0 0.0 0.04578696117488144 6.536286839046539 1.0
0.04215536 -0.03285327 -2.631604 -6.5912 1.363356 1.208405 -0.03127052 20.18761 0.8713779 0 0.0 0.05344540884325332 7.097130198384132 1.0
0.0226261 -0.004369929 -0.1016852 -6.887036 0.1345769 0.1175669 -0.225566 16.05406 1.18115 1 0.9885574 0.02304423313271763 6.887786636154973 1.0
-0.02105296 -0.03423442 2.962233 -9.388541 2.794832 2.566964 -0.3427579 20.63418 0.6177711 0 0.0 0.040189832513933176 9.844771528835496 0.0
0.01071447 -0.0130439 -0.4886228 -7.194474 0.4365496 0.3805228 0.1128909 18.29836 nan 0 0.0 0.016880260501274856 7.211047661564568 1.0
-0.0365666 -0.04942317 0.1361808 -7.133505 0.1231005 0.1098308 0.1282729 16.36977 0.6588755 1 0.9937781 0.061479801304240564 7.134804748226377 1.0
0.07319436 -0.05285593 -0.4141659 -6.302948 1.746767 1.553233 0.2019394 20.39361 0.8154697 1 0.4396248 0.09028379517928176 6.316540737098654 0.0
0.0208358 -0.03449372 0.3885261 -6.481773 0.5855255 0.4796025 0.1082084 19.15002 0.8690872 0 0.0 0.04029822925487421 6.49340694504127 1.0
0.0373406 -0.003746623 -2.42301 3.554659 0.5417978 0.4712664 -0.0804503 18.96889 1.274431 1 0.0 0.03752809070901595 4.301927250242733 0.0
0.046716 -0.06672472 -0.5036055 -11.43533 1.176747 1.095481 0.1185594 20.16649 1.027599 0 0.0 0.08145288770251427 11.446413879837225 0.0
0.04058127 -0.07868539 -4.901237 -5.865981 1.633732 1.43275 -0.1207387 20.46618 1.847057 0 0.0 0.088533779283757 7.644073339688075 0.0
-0.02198677 -0.03498256 -0.2495621 -7.462958 3.256935 2.643314 -0.4176882 20.75765 0.8822403 0 0.0 0.041318247290833866 7.467129525562043 1.0
0.03130432 -0.02642034 0.02854249 -7.291025 0.1226814 0.1045224 -0.09715971 16.11218 1.201119 1 0.9980714 0.04096333502509286 7.291080868044216 1.0
0.06771347 0.002576565 0.1075806 -7.48091 0.7244815 0.6063598 -0.03336967 19.38523 0.762331 1 0.9125917 0.06776247270163718 7.48168350129811 0.0
0.03242918 -0.02143915 3.152755 -6.210126 1.933843 1.608581 0.5414661 20.13426 0.8794441 0 0.0 0.03887529894669493 6.964591088204748 1.0
0.04702536 -0.05670002 -7.033949 -7.01502 1.714448 1.585553 -0.1709011 20.29487 2.132492 0 0.0 0.07366326595481631 9.934130265654915 0.0
0.08470241 -0.03135767 -0.9552488 -3.322859 1.210542 1.012354 0.3389132 19.89015 0.9163799 0 0.0 0.09032054986345577 3.4574401229497003 0.0
0.02544404 -0.01344281 -0.02631684 -7.078833 0.1253613 0.110134 -0.2033848 16.1706 1.192831 1 0.9983036 0.02877687113321565 7.07888191863352 1.0
0.08786882 -0.03642594 -3.226137 -11.29399 1.853626 1.736424 -0.02072246 20.38184 1.339851 0 0.0 0.09511981199033144 11.745729865056026 0.0
0.08109805 0.03109576 2.816864 -7.910035 1.836572 2.110066 0.01625287 20.55461 1.256426 0 0.0 0.08685528195671292 8.396628876860106 0.0
0.03070026 -0.03520516 0.1418399 -4.718721 1.328571 1.185965 -0.03112143 20.21473 0.66329 0 0.0 0.04671091151640267 4.720852299434183 0.0
0.05238223 -0.01146751 -2.472618 -3.994266 0.1874837 0.1636765 -0.1654083 17.13836 0.9457703 1 0.0 0.0536227731973366 4.697659060923856 0.0
-0.01946929 -0.06663954 0.1954875 -1.910461 1.590715 1.318532 0.2665912 20.40809 0.9639492 1 0.00277837 0.06942536672222697 1.9204365636951537 0.0
-0.07085481 -0.06322049 -3.28795 -5.056087 1.768888 1.533916 -0.01053977 20.41038 2.494909 1 0.09169451 0.09495911991997504 6.031138445937798 0.0
0.03863281 -0.04422168 -3.097058 -0.8237606 0.3595914 0.3289559 0.01563463 18.20138 0.774313 0 0.0 0.05872010720799562 3.204738644800284 0.0
-0.08214644 -0.04557408 -3.25941 -0.5904467 0.212582 0.2090176 0.1446418 17.6453 0.9695969 1 0.0 0.09394165408656588 3.3124584304774136 0.0
0.07025583 0.03761828 0.7107 -7.897921 1.646855 1.51055 0.02109258 20.2258 1.450123 0 0.0 0.07969326595859465 7.929832949831982 0.0
0.004788427 -0.01745647 -6.450784 -14.23476 1.35194 1.161126 0.1002619 19.92025 0.4260426 0 0.0 0.018101308737083877 15.628211876995268 0.0
0.0700884 0.002660619 0.3906568 -1.927227 0.1811929 0.1528136 0.01298773 17.23986 1.053555 1 0.0 0.0701388815709458 1.9664222956718223 0.0
0.05389339 -0.01393361 -0.7109926 -7.675378 0.451085 0.4153551 -0.05984413 18.62071 0.8238525 1 0.8975862 0.055665455835052675 7.7082383149549 0.0
-0.07498213 -0.04059084 -3.230088 -2.333631 0.1922582 0.1782567 0.05341304 17.51673 1.029448 1 0.0 0.08526392033704819 3.984884205583018 0.0
0.07226096 0.004778113 2.103941 -2.29192 0.8596599 0.7325142 -0.04043143 19.55386 2.141323 0 0.0 0.07241875933735933 3.111183861150125 0.0
0.04618748 -0.03639732 -0.5778182 -6.828255 1.272053 1.159738 -0.04532434 20.18322 2.34276 1 0.7988999 0.058805171642745846 6.852659353657983 1.0
0.07084816 -0.001674087 2.479183 -9.109692 0.3046753 0.2640381 -0.01063145 16.40375 0.9303045 0 0.0 0.07086793592781694 9.441018837093432 0.0
0.0340714 -0.02459132 -4.678357 -2.562017 0.6141248 0.5354643 -0.04559327 19.11006 1.013517 1 0.0 0.04201896378187354 5.333943693716498 0.0
0.009707641 -0.001263878 3.592789 -10.88789 1.46272 1.252859 0.008976055 19.06414 nan 0 0.0 0.00978957003058689 11.465351344403755 0.0
-0.00969663 -0.01880385 -0.8043262 -6.346252 0.4134346 0.3641955 0.1514054 18.56996 1.040697 0 0.0 0.021156781612036362 6.39701923426141 1.0
0.05501511 0.03152861 -3.727882 1.832073 1.024641 0.8705361 -0.1201374 19.77226 1.563723 1 0.0 0.0634091127271483 4.153744778299817 0.0
0.04288105 -0.0359515 0.8057074 4.013614 1.354501 1.197174 -0.008263307 20.20297 0.682312 0 0.0 0.05595797352792987 4.093685595574086 0.0
0.004994626 -0.01212354 -3.189392 -7.853394 1.856537 1.377298 0.521388 19.77842 nan 0 0.0 0.013112075007849673 8.476321056266096 1.0
0.05185578 -0.0140647 -0.5183048 -5.443409 0.5107487 0.4661161 -0.02227758 18.82847 0.9060211 1 0.0566318 0.05372930025133772 5.468029023970524 0.0
0.09238631 -0.02925965 -8.025294 -8.742684 0.8420038 0.7089288 0.1642545 19.45449 1.015337 0 0.0 0.0969090160590778 11.867597368898728 0.0
0.03350058 -0.06280271 1.280023 -8.349311 2.596674 2.152826 -0.5404964 20.47767 0.7401733 0 0.0 0.07117913488994158 8.446860544323554 0.0
-0.007977578 -0.01631633 1.370721 -8.094857 0.7087887 0.6305472 -0.06882033 19.23911 0.8173676 0 0.0 0.01816216879711738 8.210090493428803 1.0
0.01633043 -0.04163294 0.3692033 -8.600589 1.05692 0.8550564 0.01052928 19.60423 0.7732925 0 0.0 0.044721187786422895 8.608509872425767 0.0
0.01195147 -0.0008333645 1.601749 -7.941385 0.8383688 0.7448528 -0.1335707 19.32755 nan 0 0.0 0.011980489620660763 8.101308263313156 1.0
0.01150295 6.702254e-05 -0.2509349 -6.902549 0.06357348 0.05587791 -0.2652913 14.45808 1.396207 1 0.827122 0.011503145253510799 6.907108730969783 1.0
0.01437901 -0.01060734 -0.2092617 -6.564977 0.3935103 0.3656402 -0.06021103 18.30036 0.9429359 0 0.0 0.017868172555012444 6.568311310345749 1.0
-0.06100781 -0.0548097 0.6043471 -7.408294 0.6499463 0.5581574 0.2416209 19.351 1.052336 1 0.8453454 0.0820125362068879 7.432903565075657 0.0
-0.005351029 -0.09720273 -4.125843 2.569137 1.223492 1.059479 0.1775027 20.03503 0.8923569 0 0.0 0.09734990616745216 4.860354450594936 0.0
0.004897304 -0.04705471 -2.542478 -2.581052 3.245319 3.01919 -0.4476671 20.67271 1.105915 0 0.0 0.04730887146881139 3.6229854826079557 0.0
-0.04840199 -0.05495056 -0.8635563 -6.949782 0.7660232 0.6605666 0.262304 19.46599 1.017271 1 0.7954871 0.07322784088223344 7.003227779445253 0.0
0.03691387 -0.04472757 0.9118761 -6.433056 1.018726 0.8777708 -0.04227787 19.85324 0.665659 0 0.0 0.05799301092788509 6.497363120596479 0.0
0.07162613 -0.01780008 -0.585091 3.701378 0.285535 0.2452566 -0.07927514 17.95943 1.028318 1 0.0 0.07380477861753465 3.7473364643657234 0.0
0.07883007 0.007792001 -2.114777 -9.599734 0.6220012 0.5407135 0.08379771 19.1094 0.808773 1 0.0001340833 0.0792142361939374 9.829912239205647 0.0
0.02260203 -0.01491756 -0.8582976 -10.07401 0.1441748 0.1258653 -0.07236077 16.47451 1.07578 1 0.0 0.0270810885393202 10.110507022413156 0.0
0.0146318 -0.03766125 -1.305488 -7.829339 1.085582 0.8027391 0.2903311 19.69714 0.7388496 0 0.0 0.04040370432030335 7.937433344291151 1.0
0.002246327 -0.02051565 0.04338742 -7.070428 0.1236018 0.1034684 0.009029709 16.48222 1.152821 1 0.9983008 0.020638262521671464 7.070561121396112 1.0
-0.01002848 -0.03901801 8.29618 -9.342061 3.204795 2.641894 -0.3523748 20.6108 2.153067 0 0.0 0.040286170275548656 12.494026825652368 0.0
0.001031799 -0.008079693 0.5701476 -6.504337 0.2696719 0.2253504 0.05828721 17.71117 0.7571373 0 0.0 0.008145308352091407 6.529277762153694 1.0
0.02857062 -0.0348032 2.730311 -5.125636 1.857405 1.813385 0.120057 20.30763 nan 0 0.0 0.045028247327920726 5.8074729927238575 1.0
0.01165218 -0.001287234 1.599995 -8.593422 0.1855867 0.1626907 -0.2567692 16.5374 0.7434006 0 0.0 0.011723065730565361 8.741103229576288 1.0
0.007199784 -0.01593473 -8.725653 -16.96525 1.654061 1.341988 -0.01746882 20.11526 nan 0 0.0 0.017485780217638445 19.077649955875305 0.0
0.0669571 -0.002995568 0.9956065 -7.454792 2.39926 2.107391 -0.5557356 20.30677 nan 0 0.0 0.06702407528681485 7.52098105742238 0.0
0.01294273 0.0001352909 2.630677 -0.2358429 0.9865058 0.9388962 -0.1261496 18.40415 0.9027138 0 0.0 0.012943437081413994 2.6412276221123787 0.0
0.0231122 -0.004377809 8.169207 1.250066 2.528557 2.035113 0.255252 19.79023 nan 0 0.0 0.02352315881170046 8.26429718809803 1.0
0.02956235 -0.03253792 -2.996855 -9.505542 2.18564 1.985235 0.224788 20.4049 nan 0 0.0 0.04396190140847982 9.966768212654943 0.0
0.06810681 -0.02137273 -2.470893 -7.538835 1.286033 1.166947 0.1554649 19.9241 1.458239 0 0.0 0.07138158835462405 7.933432130841858 0.0
0.01634144 -0.01171428 3.624523 -8.561971 1.33853 1.084351 0.5413745 19.55669 0.6734734 0 0.0 0.020106392445985926 9.297554215080973 0.0
0.0490296 -0.01737647 1.003517 -7.953848 1.078191 0.9472879 0.1705765 19.74468 0.797657 0 0.0 0.05201772184381877 8.01690366515608 0.0
0.01476156 -0.04073213 -0.7381752 -6.819342 0.7385171 0.5412356 0.3099145 19.01435 1.38077 0 0.0 0.043324474237669636 6.859178371996098 1.0
-0.05359564 -0.06873903 -3.135083 -1.822826 0.2446659 0.2126282 0.2869937 17.63396 1.092506 1 0.0 0.08716390808328009 3.6264914232857355 0.0
