jas1101finalproject/data/gcs/NGC_2419.ecsv
# %ECSV 0.9
# ---
# datatype:
# - {name: x, unit: deg, datatype: float64}
# - {name: y, unit: deg, datatype: float64}
# - {name: pmx, unit: mas / yr, datatype: float64}
# - {name: pmy, unit: mas / yr, datatype: float64}
# - {name: pmx_e, unit: mas / yr, datatype: float64}
# - {name: pmy_e, unit: mas / yr, datatype: float64}
# - {name: pm_corr, datatype: float64}
# - {name: g_mag, unit: mag, datatype: float64}
# - {name: bp_rp, unit: mag, datatype: float64}
# - {name: filter, datatype: int64}
# - {name: memberprob, datatype: float64}
# - {name: r, unit: deg, datatype: float64}
# - {name: pm, unit: mas / yr, datatype: float64}
# - {name: member_prob_GMM, datatype: float64}
# meta: !!omap
# - comments: [deg deg mas/yr mas/yr mas/yr mas/yr dimless mag   mag   zeroone float]
# - __serialized_columns__:
#     bp_rp:
#       __class__: astropy.units.quantity.Quantity
#       unit: &id001 !astropy.units.Unit {unit: mag}
#       value: !astropy.table.SerializedColumn {name: bp_rp}
#     g_mag:
#       __class__: astropy.units.quantity.Quantity
#       unit: *id001
#       value: !astropy.table.SerializedColumn {name: g_mag}
#     pm:
#       __class__: astropy.units.quantity.Quantity
#       unit: !astropy.units.Unit {unit: mas / yr}
#       value: !astropy.table.SerializedColumn {name: pm}
#     pmx:
#       __class__: astropy.units.quantity.Quantity
#       unit: !astropy.units.Unit {unit: mas / yr}
#       value: !astropy.table.SerializedColumn {name: pmx}
#     pmx_e:
#       __class__: astropy.units.quantity.Quantity
#       unit: !astropy.units.Unit {unit: mas / yr}
#       value: !astropy.table.SerializedColumn {name: pmx_e}
#     pmy:
#       __class__: astropy.units.quantity.Quantity
#       unit: !astropy.units.Unit {unit: mas / yr}
#       value: !astropy.table.SerializedColumn {name: pmy}
#     pmy_e:
#       __class__: astropy.units.quantity.Quantity
#       unit: !astropy.units.Unit {unit: mas / yr}
#       value: !astropy.table.SerializedColumn {name: pmy_e}
#     r:
#       __class__: astropy.units.quantity.Quantity
#       unit: &id002 !astropy.units.Unit {unit: deg}
#       value: !astropy.table.SerializedColumn {name: r}
#     x:
#       __class__: astropy.units.quantity.Quantity
#       unit: *id002
#       value: !astropy.table.SerializedColumn {name: x}
#     y:
#       __class__: astropy.units.quantity.Quantity
#       unit: *id002
#       value: !astropy.table.SerializedColumn {name: y}
# schema: astropy-2.0
x y pmx pmy pmx_e pmy_e pm_corr g_mag bp_rp filter memberprob r pm member_prob_GMM
[from data line 456]
-0.02212011 0.01840224 -1.442073 -1.150324 3.345557 1.506419 0.3118406 20.69644 -0.1140232 0 0.0 0.028773976149112587 1.8446733700861515 0.0
-0.01410001 -0.01856041 -0.6383654 -0.2785171 1.026214 0.6684618 0.07508209 20.0558 0.9285336 0 0.0 0.023308777346060003 0.6964783980207642 0.0
-0.01029331 -0.0268008 -0.3337251 -1.386897 1.770373 1.10451 0.157983 20.58675 0.7194576 0 0.0 0.02870949514352525 1.4264836946067803 0.0
-0.009749923 -0.006876718 -11.87652 -8.887448 2.505297 2.12132 -0.2441239 20.44728 nan 0 0.0 0.011931062356615736 14.83369337903086 0.0
-0.0125879 -0.03401021 0.3663086 -0.8761887 1.626188 1.077257 0.1812126 20.51844 0.7662773 0 0.0 0.03626499152976738 0.9496781709830179 0.0
-0.007290783 -0.00533206 0.3820881 -6.564797 2.053452 1.321981 0.1069381 20.06026 nan 0 0.0 0.009032517954407232 6.575906855131893 0.0
0.005437221 -0.002478832 -2.125447 2.710474 0.7936095 0.5007478 0.1936138 19.05079 nan 0 0.0 0.005975615473494341 3.4444439688409796 0.0
-0.02274404 -0.001666685 -1.232538 -1.675249 1.156351 0.7627886 0.103316 20.19827 0.910223 0 0.0 0.022805025639337156 2.079809879158429 0.0
0.002716827 0.003769486 0.2299497 -0.9874283 0.4053263 0.2595098 0.01934248 18.35583 nan 0 0.0 0.0046465227484781555 1.0138498469551496 0.0
-0.01508517 0.06981487 -2.762608 -2.415908 1.275272 0.8610635 0.1561049 20.14142 0.7799339 0 0.0 0.0714260346585599 3.6699610932716986 0.0
0.002686981 0.007824508 -4.971184 0.3421635 3.300866 1.89367 0.325701 20.55137 nan 0 0.0 0.008273015915397782 4.982945536787278 0.0
0.0001334957 0.006889856 -8.507882 -3.691519 2.406474 1.555785 0.3972875 20.11014 nan 0 0.0 0.006891149164156475 9.274231431945452 0.0
0.002592103 0.004116618 -1.940198 -1.695274 2.309749 1.103435 0.8001889 19.33521 nan 0 0.0 0.0048647242183430086 2.576494171210174 0.0
-0.01376958 -0.03014189 -0.07735848 -0.5636937 0.2625608 0.1722353 0.1451448 18.00065 1.288921 1 0.9992866 0.03313811802363707 0.5689770837631339 0.0
0.00186758 0.004395068 -0.2814029 -2.963543 1.824799 1.089845 0.1799651 19.77189 nan 0 0.0 0.004775403415526692 2.9768733101993794 0.0
-0.03052851 0.01617757 0.04824633 -0.3778409 0.5239652 0.3363759 0.0666018 19.12919 1.014423 1 0.997059 0.03455001727821565 0.3809087214429185 0.0
-0.008882435 -0.05195892 6.039569 1.063427 3.398896 1.296531 0.2575515 20.70596 0.7403107 0 0.0 0.052712683664329074 6.13247671745193 0.0
-0.01998153 0.001208767 0.2263142 -2.156162 0.6076428 0.399914 0.06904225 19.19901 0.7999439 0 0.0 0.020018058317458988 2.168006616079767 0.0
-0.01516668 -0.006265416 -0.07714553 -0.7125657 0.8591531 0.5660174 0.08541682 19.84854 0.8932705 0 0.0 0.01640986349350463 0.716729593093149 0.0
0.009865763 0.01266218 3.59005 1.199251 2.54359 1.243926 0.2783487 20.5825 0.1465816 0 0.0 0.016051918325376845 3.7850577226115063 0.0
0.0004185492 0.005299128 -2.848813 2.453427 1.631764 0.9612952 0.2972976 20.05686 nan 0 0.0 0.005315631758615776 3.7596594996486052 0.0
-0.003169054 -0.01079882 -2.476928 -1.292549 2.686568 1.363062 0.08708939 20.57671 0.6039505 0 0.0 0.011254217727026432 2.793896067248207 0.0
0.04302972 -0.01772099 -1.001289 -0.9502437 2.117709 1.401434 0.08636192 20.7193 0.1949539 0 0.0 0.046535903234583294 1.380413978091605 0.0
-0.0120198 -0.01255264 -0.8816114 -1.686787 0.9493895 0.6066167 0.1130777 19.90225 1.00742 0 0.0 0.01737942355228159 1.903283752880521 0.0
0.0007154811 0.00486807 1.662921 -1.325139 1.611116 0.9036951 0.3924374 20.16426 nan 0 0.0 0.004920367743305089 2.1263347858608723 0.0
-0.009577029 -0.002081667 4.845976 -3.406616 2.045494 1.376857 0.2175855 20.47848 nan 0 0.0 0.00980065416009207 5.9235560235412645 0.0
-0.006125376 0.009465041 2.217943 0.5191936 2.014689 1.179263 0.2688977 20.3905 0.7651405 0 0.0 0.01127418432850275 2.277901039450564 0.0
-0.03341095 0.0104759 -0.6061251 -0.8624153 0.4833407 0.2823329 0.07329819 18.85464 1.23159 1 0.9935606 0.035014797739134525 1.0541099499217812 0.0
0.05907292 -0.07254574 -3.797698 0.6085835 3.911827 1.589575 0.374515 20.75228 0.08076286 0 0.0 0.09355476615049604 3.846151839914312 0.0
-0.06427524 -0.02665423 1.122627 -0.483012 0.7062346 0.3757175 0.0815743 19.42727 1.17535 0 0.0 0.06958271663244041 1.2221260054810226 0.0
-0.03569766 -0.01423079 -0.3222514 -2.100968 0.9940804 0.5515624 0.0003479266 19.80244 1.093803 0 0.0 0.03842965409029465 2.1255381675768517 0.0
-0.01460287 -0.008417024 -0.5499327 0.02256912 0.4318362 0.2778174 0.1231488 18.66803 1.105858 0 0.0 0.016854972715892362 0.5503956210825668 0.0
0.00143406 0.004387429 1.405735 -1.139968 1.720387 1.034064 0.3901456 20.13737 nan 0 0.0 0.00461584892664838 1.8098668269375513 0.0
-0.01022574 -0.0114314 -0.2149155 -1.466206 1.0565 0.6857364 0.06048228 20.02295 0.7798061 0 0.0 0.015337622518095822 1.4818733773761676 0.0
-0.007060184 -0.0157958 -0.03309343 -0.8119155 0.3594072 0.2384094 0.2215961 18.51287 1.16926 0 0.0 0.017301835040071788 0.8125896592065487 0.0
-0.089091 -0.03080837 0.1978195 -0.510639 0.18021 0.1089283 0.133048 17.54626 1.401836 1 0.9951991 0.09426750205164504 0.547617332542762 0.0
0.01429752 -0.08628266 4.480175 3.24911 3.730749 3.033196 0.5281908 20.93214 0.9422703 0 0.0 0.08745922761393449 5.534318731580699 0.0
0.002057634 0.003758019 2.078874 -1.177546 1.684986 1.167577 -0.01086724 20.20781 nan 0 0.0 0.004284456147787838 2.389211520563217 0.0
0.07648226 -0.05247528 0.03168797 -0.6415006 1.052178 0.7238753 0.01087946 20.03279 1.064327 0 0.0 0.09275338864853402 0.6422827626856266 0.0
-0.0004365903 0.007263698 -0.9973116 1.706899 1.564042 0.9353948 0.316763 19.94464 nan 0 0.0 0.007276806973203157 1.9769002563851217 0.0
0.02988096 0.002314688 -0.0422215 -0.2908322 0.5081462 0.3357678 0.08715237 19.05752 1.160307 1 0.997237 0.029970477991832965 0.2938809684533689 0.0
-0.007838187 -0.01417828 -0.3707286 -0.8016512 0.1542766 0.09692897 0.1867559 16.84194 1.499568 1 0.9924367 0.016200641938064336 0.8832238342115775 0.0
0.003483693 -0.01206529 1.745734 -1.611463 3.656988 2.598537 0.2928238 20.70506 0.5438957 0 0.0 0.012558158292613968 2.3757946458237926 0.0
-0.003238779 0.0232855 -3.420044 -2.269695 3.713143 1.632542 0.3873593 20.7919 0.07817459 0 0.0 0.023509661836377847 4.104657885251949 0.0
0.005947674 0.001324462 -1.595719 -0.3173133 1.687748 1.344614 -0.1358477 20.29885 nan 0 0.0 0.006093359139236748 1.6269624634016269 0.0
0.0104193 0.003735865 -6.263389 4.499571 2.460091 2.018639 0.5554015 20.19527 0.2619839 0 0.0 0.01106880751428197 7.712080195988758 0.0
0.009244487 -0.00429805 1.691823 0.6916538 1.098712 0.7393927 0.2765435 19.81134 nan 0 0.0 0.010194791498391175 1.8277445232809315 0.0
-0.01474491 -0.005964144 -0.3589444 -0.005347561 1.769762 1.608908 -0.1665328 20.35377 nan 0 0.0 0.01590545141015608 0.35898423182642536 0.0
0.004985519 0.002121659 -0.5274594 0.958676 0.793054 0.5103043 0.1178619 19.06864 0.7791443 0 0.0 0.0054181949588070375 1.0941997494170614 0.0
-0.000282191 0.007572687 7.992851 -5.438045 3.226759 1.835421 0.2853236 20.45758 nan 0 0.0 0.00757794300324633 9.667367818089161 0.0
-0.008034326 -0.01518153 -2.445507 -0.5221083 0.4950195 0.3149193 0.2034508 18.63952 1.007772 0 0.0 0.017176415441388697 2.5006202358570744 0.0
-0.0004781615 0.006897487 -9.599559 -1.931927 3.372372 1.854994 0.3935589 20.3563 nan 0 0.0 0.0069140411725163485 9.792031195202044 0.0
-0.03427584 0.002473075 0.1761342 -0.685272 0.2871032 0.1970204 -0.01070239 18.07341 1.330465 0 0.0 0.03436494300389897 0.7075457373157158 0.0
-0.01795315 -0.05666454 1.377139 -1.934615 1.608389 0.9700111 0.1844551 20.44273 0.2778416 0 0.0 0.05944060639271861 2.374709881974217 0.0
-0.02940062 0.001200596 0.2826869 0.193572 0.7434904 0.418056 0.07563499 19.4278 1.044443 0 0.0 0.029425123400584337 0.34261056991226935 0.0
0.02620375 0.005288701 3.290142 0.7127503 1.663465 1.039717 0.5912186 20.01006 0.944746 0 0.0 0.02673213183286924 3.3664591740156435 0.0
0.00483521 -0.05822304 1.790482 -4.113393 0.7595009 0.497988 0.04862991 19.72463 0.7361221 0 0.0 0.05842346825194221 4.486181869337555 0.0
0.001725065 0.003906784 0.04793733 0.5704334 3.392507 2.126086 0.336573 20.56949 nan 0 0.0 0.00427069203723249 0.572444103335067 0.0
-0.03881677 -0.02605471 0.1421941 -0.4847426 0.1677616 0.1024182 0.102553 17.38837 1.453985 1 0.9992624 0.046750289265597066 0.5051678437208469 0.0
0.08016367 -0.05465324 -1.585074 -1.826287 1.763671 1.231412 -0.01189222 20.57068 0.1389332 1 0.6360841 0.09702159878277877 2.418219136440079 0.0
-0.02017387 -0.006885967 -0.76758 -3.719753 2.158681 1.676051 -0.0145684 20.75795 nan 0 0.0 0.02131669703077822 3.798123409976169 0.0
-0.002645553 0.0104185 -0.3287291 -0.7208539 0.1655268 0.1011039 0.07570703 17.08574 1.456396 0 0.0 0.010749143822919527 0.7922708920135967 0.0
-0.07013096 -0.04840392 -0.5450926 -0.5133818 0.4471997 0.2794201 0.1169435 18.97335 1.141201 1 0.9784247 0.08521320919838661 0.7487902344088097 0.0
-0.04072438 -0.01653979 -1.805486 -1.166519 0.6477941 0.4103892 0.04100702 19.46491 1.153122 0 0.0 0.04395497445828515 2.1495455969941646 0.0
0.03411852 -0.004332422 2.644434 1.216199 2.832958 1.579777 0.4312916 20.56332 0.004739761 0 0.0 0.034392488822073984 2.9106994327750506 0.0
-0.001285816 0.005287695 3.21123 -1.992268 1.408806 0.8604137 0.1735211 20.01944 nan 0 0.0 0.0054417865815264204 3.779038223771228 0.0
0.003765028 0.05928481 0.000531812 -0.469907 0.1818755 0.1207127 0.09970929 17.57687 1.413597 1 0.9988903 0.059404243388640886 0.46990730093604993 0.0
-0.00331667 0.008091563 -0.6963819 -1.613568 2.74206 1.857934 0.4966861 20.45123 nan 0 0.0 0.008744923765926664 1.7574269376766731 0.0
0.02462779 -0.005377757 -2.739862 -0.7348534 3.256573 1.634646 -0.1118938 20.69361 0.1815243 0 0.0 0.0252081000996733 2.836697604351856 0.0
-0.07296357 -0.005703146 -0.2109427 -0.3361424 0.8443421 0.5301829 0.1413731 19.78379 0.8185539 0 0.0 0.07318612178167537 0.39684825281340225 0.0
0.003691132 -0.003184664 0.1842691 -2.60126 0.7222217 0.4639182 -0.09843 18.72248 nan 0 0.0 0.004875093869282929 2.607778496884812 0.0
0.01217817 -0.002222412 2.638647 0.02704903 1.811634 1.049937 0.4255297 20.30822 0.6991348 0 0.0 0.012379294796014998 2.6387856374917877 0.0
0.004991835 -0.003241805 0.09278939 0.02049723 1.043936 0.5837362 0.1821043 19.5364 nan 0 0.0 0.005952118641731698 0.09502635073623 0.0
0.03142057 -0.0009805466 -0.8587558 0.5756398 1.828107 1.239359 0.1047444 20.61162 0.1558666 0 0.0 0.03143586631158225 1.0338388188579881 0.0
-0.01184615 -0.004232814 -0.3907112 -0.4388525 0.9124524 0.7405802 -0.320438 19.77721 0.8614883 0 0.0 0.012579665503545633 0.5875770235141006 0.0
-0.06827067 -0.05448254 0.4405232 0.1716393 0.5714074 0.3324251 0.1864938 19.10696 0.5259609 0 0.0 0.08734547239039069 0.47277979974056633 0.0
0.00713568 -0.0009528033 -0.158611 1.383401 1.171539 0.7483706 0.157788 19.92648 nan 0 0.0 0.007199011264812057 1.3924639227362412 0.0
0.006690198 -0.0004073449 -0.1847467 2.401263 1.25372 0.8338821 0.1327761 19.8212 nan 0 0.0 0.006702587496389734 2.4083594703303515 0.0
-0.03936258 -0.01390842 -0.7067114 -1.242735 2.213128 1.283964 0.2681648 20.5901 0.3394299 0 0.0 0.041747537066907314 1.4296262739313936 0.0
-0.04092374 -0.01199637 -0.08564835 -0.4815665 0.3786474 0.2395247 0.09037005 18.68652 1.197128 1 0.9979861 0.04264581326184905 0.4891236385413943 0.0
0.007444451 -0.0003691229 0.4494162 4.652454 2.59577 1.520948 0.2160311 20.69008 nan 0 0.0 0.007453596608799367 4.674109877071616 0.0
0.0004604478 -0.04548212 -3.202645 -1.185258 1.642954 1.175876 -0.03306276 20.45653 0.5074501 0 0.0 0.04548445066031825 3.4149336044188328 0.0
-0.008526779 -0.01027196 -0.1138509 -0.6054711 0.221675 0.1426984 0.1620471 17.7948 1.269394 0 0.0 0.013349873495896544 0.6160822026045064 0.0
-0.03029701 -0.01184148 -2.547755 -1.136171 1.178014 0.7229856 -0.05616521 20.18257 0.4420414 0 0.0 0.03252890197240755 2.7896128909341527 0.0
0.001844165 -0.008704603 -0.06846516 0.1639154 1.170836 0.8003062 -0.0272981 19.98421 0.6750641 0 0.0 0.008897811974571838 0.17763934387118635 0.0
-0.001410561 0.003460457 -0.07015756 -0.4430775 0.2035388 0.1504025 -0.2913084 17.17472 1.199107 0 0.0 0.003736903127399746 0.4485975414905922 0.0
0.004453441 -0.03645641 0.07162777 -0.4572964 0.1314639 0.08440892 0.1672025 16.86874 1.703906 1 0.9995957 0.03672741437711864 0.46287205023433087 0.0
0.05615342 -0.04179402 -0.2807993 0.7754476 2.093697 1.472536 0.07537053 20.79257 0.106411 0 0.0 0.0699996191807984 0.8247225152899913 0.0
0.00731366 0.0009164165 1.819977 -2.026418 3.478587 1.85565 0.8232833 20.20943 nan 0 0.0 0.007370850819075926 2.723726526517117 0.0
-0.09150232 -0.01621789 0.7167305 -0.2575302 1.649628 0.899974 0.2934376 20.43913 0.1362686 0 0.0 0.09292843763582007 0.7615933386934854 0.0
-0.03579055 -0.009946834 0.675778 -0.1448669 1.19828 0.7929961 0.03807503 20.12441 0.8411026 0 0.0 0.03714704531892215 0.6911311915979556 0.0
-0.002907379 -0.00299015 0.6897075 -2.382025 0.6464951 0.4123135 0.1018941 18.69674 nan 0 0.0 0.0041705934436409645 2.4798668383970237 0.0
0.03951825 -0.09149162 -3.534637 -2.091442 1.173642 0.7923785 0.04546989 20.20219 1.819046 0 0.0 0.09966147005381217 4.107041314758472 0.0
-0.009275076 -0.009318187 -2.078299 -0.8959072 1.398582 0.6421068 0.1240068 19.6109 0.8658047 0 0.0 0.013147457692373268 2.2631783942970203 0.0
0.00527426 0.03255533 -1.082005 1.449542 1.507365 0.9622197 0.1127613 20.4108 0.6425533 0 0.0 0.03297980184835106 1.8088412948042183 0.0
0.007260149 0.001511504 0.2720451 -0.1417205 0.9467545 0.6346418 0.1032742 19.69835 nan 0 0.0 0.007415821454445691 0.3067462087039708 0.0
0.0617653 -0.01693279 0.8967169 -3.014064 1.822339 1.105593 0.1880742 20.45323 1.580208 0 0.0 0.0640442945255399 3.1446276400937534 0.0
0.007438274 0.001904436 0.9745722 -0.682667 0.9710267 0.6304344 0.09168399 19.65566 nan 0 0.0 0.007678202691852567 1.1898845346931104 0.0
-0.02410187 -0.0476753 7.865317 0.4425774 4.162705 2.484458 0.2957496 20.83097 0.809227 0 0.0 0.05342129133207938 7.877758962133822 0.0
0.00739728 -0.003649768 -2.209556 0.2846702 1.197528 0.8273728 -0.05122435 19.36364 nan 0 0.0 0.008248670065666586 2.227818403708893 0.0
-0.003873654 0.03041901 -0.08902155 -0.4780199 0.4262379 0.2701713 0.1064987 18.79023 0.6510983 0 0.0 0.03066465986590779 0.4862384817765995 0.0
0.009036718 -0.005156383 1.553694 -2.556569 0.4970006 0.3340601 0.4481441 18.42559 1.014971 0 0.0 0.010404352832070479 2.991656747923632 0.0
-0.02679783 -0.01043908 -1.236599 1.635765 2.743561 1.459172 0.2336513 20.63459 nan 0 0.0 0.028759312995189926 2.050586311771831 0.0
0.02112358 -0.005603953 -0.009674283 -0.4785662 0.3488189 0.2253459 0.1403861 18.43082 1.173031 0 0.0 0.021854288394788996 0.4786639735075161 0.0
-0.02411289 -0.01008527 0.5886561 -0.8723007 0.3506549 0.2477724 -0.06103384 18.54865 1.253139 1 0.9934437 0.026137026133915848 1.052342394512214 0.0
0.05366243 0.04612903 2.275222 -13.62185 1.689951 0.8869749 0.249128 20.08952 1.019194 0 0.0 0.07076400075070516 13.810555114541343 0.0
-0.01195415 -0.0460495 -1.149153 0.2453445 0.9361174 0.6294466 0.01108795 19.99952 0.8496475 0 0.0 0.04757581478516684 1.175051718474234 0.0
-0.01798865 -0.009034228 -0.2679932 -0.6088615 0.1525692 0.09501443 0.1276755 17.16324 1.525948 1 0.9995033 0.02012979891550047 0.6652312991948666 0.0
-0.005906269 0.07349088 -0.2599786 -1.045793 1.767891 1.197707 0.1494979 20.61592 0.6836758 0 0.0 0.07372783366324254 1.0776232510979706 0.0
0.01266081 -0.01099995 -1.329022 0.09411177 1.177137 0.795987 0.1230569 19.8465 0.6325417 0 0.0 0.016771851712276735 1.3323499922079531 0.0
0.02017598 0.02665285 0.6078399 -0.4089466 0.5489754 0.3800783 0.01437947 19.29124 1.0865 0 0.0 0.033428200401500824 0.7326026656268526 0.0
-0.01594248 -0.04913099 -1.492729 -1.028091 0.8163538 0.5412958 0.0001731653 19.76603 1.03923 0 0.0 0.051652849359260906 1.8125150955845857 0.0
0.02047199 -0.07362781 -0.3982393 1.189681 0.2318069 0.1449531 0.01255277 17.49509 0.6609669 1 0.0 0.07642091847103252 1.2545658300087286 0.0
