jas1101finalproject/data/gcs/NGC_5272_M_3.ecsv
# %ECSV 0.9
# ---
# datatype:
# - {name: x, unit: deg, datatype: float64}
# - {name: y, unit: deg, datatype: float64}
# - {name: pmx, unit: mas / yr, datatype: float64}
# - {name: pmy, unit: mas / yr, datatype: float64}
# - {name: pmx_e, unit: mas / yr, datatype: float64}
# - {name: pmy_e, unit: mas / yr, datatype: float64}
# - {name: pm_corr, datatype: float64}
# - {name: g_mag, unit: mag, datatype: float64}
# - {name: bp_rp, unit: mag, datatype: float64}
# - {name: filter, datatype: int64}
# - {name: memberprob, datatype: float64}
# - {name: r, unit: deg, datatype: float64}
# - {name: pm, unit: mas / yr, datatype: float64}
# - {name: member_prob_GMM, datatype: float64}
# meta: !!omap
# - comments: [deg deg mas/yr mas/yr mas/yr mas/yr dimless mag   mag   zeroone float]
# - __serialized_columns__:
#     bp_rp:
#       __class__: astropy.units.quantity.Quantity
#       unit: &id001 !astropy.units.Unit {unit: mag}
#       value: !astropy.table.SerializedColumn {name: bp_rp}
#     g_mag:
#       __class__: astropy.units.quantity.Quantity
#       unit: *id001
#       value: !astropy.table.SerializedColumn {name: g_mag}
#     pm:
#       __class__: astropy.units.quantity.Quantity
#       unit: !astropy.units.Unit {unit: mas / yr}
#       value: !astropy.table.SerializedColumn {name: pm}
#     pmx:
#       __class__: astropy.units.quantity.Quantity
#       unit: !astropy.units.Unit {unit: mas / yr}
#       value: !astropy.table.SerializedColumn {name: pmx}
#     pmx_e:
#       __class__: astropy.units.quantity.Quantity
#       unit: !astropy.units.Unit {unit: mas / yr}
#       value: !astropy.table.SerializedColumn {name: pmx_e}
#     pmy:
#       __class__: astropy.units.quantity.Quantity
#       unit: !astropy.units.Unit {unit: mas / yr}
#       value: !astropy.table.SerializedColumn {name: pmy}
#     pmy_e:
#       __class__: astropy.units.quantity.Quantity
#       unit: !astropy.units.Unit {unit: mas / yr}
#       value: !astropy.table.SerializedColumn {name: pmy_e}
#     r:
#       __class__: astropy.units.quantity.Quantity
#       unit: &id002 !astropy.units.Unit {unit: deg}
#       value: !astropy.table.SerializedColumn {name: r}
#     x:
#       __class__: astropy.units.quantity.Quantity
#       unit: *id002
#       value: !astropy.table.SerializedColumn {name: x}
#     y:
#       __class__: astropy.units.quantity.Quantity
#       unit: *id002
#       value: !astropy.table.SerializedColumn {name: y}
# schema: astropy-2.0
x y pmx pmy pmx_e pmy_e pm_corr g_mag bp_rp filter memberprob r pm member_prob_GMM
[from data line 8696]
-0.03525746 0.02117088 -1.998394 -0.513115 1.962152 1.37574 0.5328272 19.69119 0.7238197 0 0.0 0.04112535283284509 2.0632172892017455 0.0
0.123721 -0.06078647 -0.2068552 -2.72362 0.1963067 0.1170946 -0.3242663 17.66419 0.9080753 1 0.9999763 0.13784730964389874 2.73146388922992 0.0
0.08764489 -0.001406572 1.58185 -3.157906 0.7203202 0.4161453 -0.2856144 19.59308 0.5738049 0 0.0 0.08765617598266129 3.5319427695442633 0.0
0.1681718 0.0232 0.7414603 -2.352456 0.6709373 0.344907 -0.2706015 19.41708 0.7898026 1 0.9994681 0.169764526080215 2.4665385884701037 0.0
-0.07454758 -0.1545231 -0.2464087 -5.782164 2.279484 1.431711 -0.4570736 20.39473 0.6162815 1 0.9615878 0.17156552718266685 5.787412009726946 0.0
-0.06313318 0.07115062 -12.63159 7.138109 1.202047 0.7592551 -0.2007155 20.17348 nan 0 0.0 0.09512207495264598 14.508951237907617 0.0
0.001506724 0.03916658 0.1295767 -5.344442 1.090238 0.7689964 0.5853356 18.99893 nan 0 0.0 0.03919555084583678 5.346012571304606 0.0
-0.018784 -0.03231346 0.3456748 1.222445 3.020921 1.387477 -0.367338 20.16162 nan 0 0.0 0.037376441151768316 1.2703790164277904 0.0
-0.01898171 0.06347361 -0.04841764 -2.092322 0.4789353 0.2974859 0.0725338 18.99574 0.5400658 0 0.0 0.06625107154572067 2.0928821322633455 0.0
0.04935586 -0.002058817 0.08756573 -2.243209 0.8329915 0.4433719 0.04449994 18.68598 nan 0 0.0 0.04939878180460617 2.244917453883646 0.0
-0.07756813 0.05411614 -4.440995 1.720363 2.207546 2.075966 -0.329159 20.64255 0.7499924 0 0.0 0.0945799735683855 4.762571305691286 0.0
0.02401003 0.05034254 1.878492 -2.486713 0.9784023 0.6220107 0.02097737 19.38894 nan 0 0.0 0.055775020163622534 3.1164841951200395 0.0
0.04347886 -0.07594634 1.940649 -4.450297 0.9536462 0.7846253 0.09097938 19.33677 nan 0 0.0 0.08751147254100573 4.855024400495841 0.0
0.03718815 -0.06681253 0.8108275 -2.582702 0.4755738 0.2668068 -0.2422999 18.99497 0.6433525 0 0.0 0.0764648459452015 2.706989260333378 0.0
0.02392008 -0.3878145 -0.4185875 -2.658515 0.1057155 0.05824514 -0.1944098 16.35945 -0.06716156 1 0.9986424 0.3885514851824098 2.69126689504799 0.0
-0.04944299 -0.03186682 1.044517 -2.880009 0.6005378 0.3936824 -0.06771875 19.3333 0.1661091 0 0.0 0.05882264425416882 3.063571054075619 0.0
0.00573677 -0.00985022 -0.701095 -2.146272 0.1160254 0.07719601 0.008119762 15.60412 0.4907341 0 0.0 0.011399007153313835 2.2578790262122106 0.0
0.02628983 -0.05230851 -1.968959 -3.306169 3.721963 2.874722 -0.2069918 20.7064 nan 0 0.0 0.05854344865011797 3.848058341585013 0.0
0.0656359 0.006197385 0.3100125 -8.496611 2.455201 2.583452 -0.4102267 20.54589 0.5758495 0 0.0 0.0659278313737698 8.50226477095822 0.0
0.005515816 -0.1507345 -0.893707 -2.31006 1.140697 0.553356 -0.1164601 20.15374 0.4621048 0 0.0 0.15083538615456207 2.4769112631358032 0.0
0.03116421 0.1347921 -1.08207 -2.929569 1.002974 0.6558999 -0.239182 19.99279 0.5846081 0 0.0 0.1383478160555276 3.123019374045092 0.0
0.01135537 -0.06902524 6.709697 -3.93811 2.199437 1.217811 0.2175032 20.51106 1.093225 0 0.0 0.06995304271362683 7.7800221210423945 0.0
-0.2250436 0.2327665 -4.017876 -4.23738 0.6884819 0.6086649 -0.3439558 19.2063 0.6151657 1 0.0 0.32376668362141586 5.839410656545402 0.0
0.07831081 -0.1244779 0.002046642 -3.138872 1.669995 1.408006 -0.2432429 20.61713 nan 0 0.0 0.1470623355970729 3.1388726672369933 0.0
0.4512618 0.05431388 0.3143286 -2.910364 0.3163485 0.1984511 -0.1136513 18.62883 0.6503544 1 0.9963167 0.4545186571527008 2.9272890327526526 0.0
-0.07457169 0.04093802 -0.8455591 -3.074554 1.169228 0.8654964 -0.2878597 20.08489 0.4707355 0 0.0 0.08506972687728873 3.1887070248783926 0.0
-0.01135097 0.02936913 0.9330278 -2.706945 0.3733072 0.2031991 0.02346405 17.01748 0.8694363 0 0.0 0.03148635127952745 2.8632310609864935 0.0
0.2018167 0.1381231 -0.2163348 -2.722007 0.3128581 0.1779694 -0.1400618 18.43577 0.7471581 1 0.9998516 0.2445566829029622 2.7305902024544144 0.0
0.1018529 0.008467117 0.4325595 -3.297937 0.4980315 0.2920717 -0.3045102 18.9676 0.6199627 1 0.9995889 0.10220423332084483 3.3261834250397637 0.0
-0.0326113 -0.01626168 3.711318 -4.000435 0.9737658 0.4898243 -0.03670974 19.36366 nan 0 0.0 0.036440899057410756 5.456863704212247 0.0
0.006557086 -0.03089395 -1.351294 -3.016486 1.055908 0.4313949 0.3404304 19.27547 0.6391506 0 0.0 0.03158213931027941 3.3053264986430615 0.0
0.01024644 0.007043506 -0.4806306 -2.17429 0.2616317 0.1995375 -0.4320724 15.62111 nan 0 0.0 0.012433845320158846 2.226778565047805 0.0
-0.05103875 0.08440207 -1.298383 -2.307563 0.8035644 0.4740366 -0.237397 19.38193 0.6206322 0 0.0 0.09863398715375649 2.6477623408565205 0.0
0.03948002 0.05563625 -1.085032 -2.711183 0.8566744 0.5543273 -0.2220707 19.62701 0.4537277 0 0.0 0.06822070282005968 2.920241034660153 0.0
0.03635185 0.02157942 -0.09215435 -3.154605 0.9503414 0.6864567 -0.5692334 19.6004 nan 0 0.0 0.0422744410484503 3.1559507490214296 0.0
0.05178468 0.02788009 1.821695 -4.715791 3.154458 2.217693 -0.6017495 20.65636 nan 0 0.0 0.058812859997712234 5.05541862052056 0.0
-0.1050174 -0.008743627 -0.1536885 -2.928234 0.3288379 0.2035732 -0.01022921 18.60558 0.6460571 1 0.9999377 0.10538076350015277 2.9322644003889295 0.0
0.06170701 0.06761165 -0.2201862 -2.629907 0.556583 0.3706851 -0.3370941 19.17416 0.6487446 0 0.0 0.09153737105064029 2.6391083326228655 0.0
0.1223472 -0.01097382 -2.279671 -1.72869 2.154481 1.491904 -0.5186514 20.7048 0.5437202 0 0.0 0.12283835749973378 2.860990909517365 0.0
-0.02173818 0.03457019 -0.4553349 -2.224113 0.1874194 0.1172966 0.01716819 16.86683 1.001577 0 0.0 0.04083682781936545 2.2702441516116743 0.0
-0.2118894 0.2459228 -0.2491595 -2.671179 0.5379733 0.3144276 -0.1287664 19.28821 0.6137257 1 0.9991286 0.3246153745468628 2.682774255594617 0.0
0.05798445 0.005290749 -0.769433 2.820696 3.20282 2.830967 -0.3051082 20.39078 0.5139484 0 0.0 0.058225324960737665 2.923756670091579 0.0
0.02517081 0.1345865 -0.09789251 -2.15179 0.6083466 0.3682128 -0.2146012 19.04406 0.6173019 0 0.0 0.13692003380917672 2.154015586669256 0.0
-0.0314738 -0.07450671 0.7228503 -2.569745 1.063174 0.6700474 -0.1147615 20.07676 0.5330276 0 0.0 0.08088170325521156 2.66947596378673 0.0
-0.03671422 -0.03821011 -2.61411 -1.380779 0.9613299 0.5550533 -0.1287452 19.84223 0.3613091 0 0.0 0.05299005997751371 2.9563696891527287 0.0
0.02640317 -0.02195494 -3.051117 -3.075323 1.082305 0.498549 0.1545459 19.46229 nan 0 0.0 0.03433870667996248 4.332081082114923 0.0
0.002608233 -0.003283342 0.02706398 -2.38591 0.1034522 0.06278228 -0.02347423 13.3208 1.140589 0 0.0 0.004193234321052545 2.386063491844557 0.0
-0.08631711 0.08676716 2.856482 -4.393982 1.170369 0.8076812 -0.1438489 20.2515 0.6207676 0 0.0 0.12238947476485754 5.240855582120919 0.0
0.05884612 0.02497697 -2.943244 0.08505633 2.519606 1.220378 -0.7890869 20.08473 nan 0 0.0 0.06392741876092996 2.9444727580348014 0.0
-0.2027267 -0.2238174 -0.1080042 -2.869952 0.6060124 0.3043302 -0.03701924 19.33231 0.6774464 1 0.9990508 0.3019807004357232 2.8719835287692095 0.0
-0.02748594 0.07227597 -0.2594621 -2.403808 0.7482963 0.4487907 -0.01097179 19.68562 0.502367 0 0.0 0.07732588659126062 2.41777035348695 0.0
-0.0584483 0.002939243 -2.778132 -4.043114 0.8772811 0.616082 0.5606919 18.7334 0.5593319 0 0.0 0.05852215753287852 4.905587449676134 0.0
-0.03825007 0.02289616 0.06329775 -2.120811 0.714477 0.5317635 0.2787737 19.31732 0.5684929 0 0.0 0.044579165512047214 2.121755382431269 0.0
-0.03581213 0.008328889 17.09627 6.423117 1.033754 0.4911562 0.6367827 17.81641 nan 0 0.0 0.036767907842454414 18.263046840781772 0.0
-0.1160761 -0.3512155 7.321827 -6.042103 0.4368718 0.2390528 -0.07906243 18.81555 1.987808 1 0.0 0.36989997084544357 9.49295313801443 0.0
-0.02222127 0.03486211 2.194272 -1.603187 1.541488 0.858502 0.5190876 19.80169 0.7761002 0 0.0 0.04134188619384704 2.7175426706775 0.0
0.05853464 0.005682058 1.521218 -5.00476 2.340395 1.951819 -0.4126638 20.61862 nan 0 0.0 0.0588097769341541 5.230843800107589 0.0
0.03751218 0.004636849 -1.809186 -1.752588 0.9992699 0.823238 -0.6076246 19.39677 nan 0 0.0 0.03779767211087478 2.518872501803138 0.0
0.08570719 0.1530126 -0.538115 -2.413646 0.808438 0.5019997 -0.2853798 19.59879 0.7437992 1 0.9995837 0.17538123667158953 2.4729041159214 0.0
0.2198572 0.01210221 0.4268721 -2.79027 0.9370516 0.7752264 -0.3280069 19.1485 0.5660915 0 0.0 0.22019003582978977 2.8227338632358543 0.0
0.003764709 -0.05600623 -0.5887297 -3.212973 0.5604026 0.3919292 0.3402534 18.99223 nan 0 0.0 0.056132618259507376 3.2664656983337648 0.0
0.05725915 -0.09372962 -1.241683 -1.078828 1.787636 1.295007 -0.3696367 20.65045 0.5766678 0 0.0 0.10983556766397168 1.644884958309547 0.0
-0.04540552 0.05109913 -0.008390257 -2.897815 3.156922 2.648704 -0.3874038 20.65712 0.6312656 0 0.0 0.06835775254663731 2.8978271464387806 0.0
0.1651155 0.003425501 -1.134736 -3.158065 0.8624863 0.4993247 -0.3052447 19.66782 0.7413673 0 0.0 0.16515102905326082 3.355741398546825 0.0
0.05189192 0.02814526 -0.1321087 -2.988484 0.6574192 0.4146936 -0.4744116 19.02575 0.574173 0 0.0 0.05903327046466255 2.9914025685072363 0.0
-0.04207436 0.02563656 0.2103868 -2.737817 0.7207126 0.5223777 0.1522699 19.34869 0.7954617 0 0.0 0.049269513677762236 2.7458886596333874 1.0
0.1324218 -0.3620872 -10.44752 -3.466492 0.1410434 0.07950893 -0.1649489 17.06533 0.7752342 1 0.0 0.38554205155738847 11.00759923582177 0.0
0.14985 -0.3986596 -8.610921 -21.53048 1.159829 0.6219047 0.04892361 20.07945 2.045652 0 0.0 0.42589259112147043 23.18856462782121 0.0
0.01326187 0.04743957 1.114489 -1.917582 0.6666658 0.3410291 0.117365 19.03953 0.5779896 0 0.0 0.04925840027530126 2.217928415852279 0.0
-0.03639001 -0.07193595 -0.2452663 -2.27706 0.7511883 0.469585 -0.07449134 19.61279 0.6458778 0 0.0 0.08061646066531698 2.2902309493838584 0.0
0.1099117 0.06899344 2.060577 -2.423565 0.9763564 0.5596026 -0.4458308 19.92924 0.4747772 0 0.0 0.12977163233898076 3.181138928458485 0.0
-0.01493886 -0.001437916 -1.90335 -1.821151 0.1360013 0.07851777 -0.06050555 15.76807 0.244462 0 0.0 0.015007902602384385 2.634261222297629 0.0
-0.1208504 -0.1537042 -0.3651764 -4.100829 0.8895368 0.5354135 -0.02622564 20.04408 0.7417049 1 0.9854551 0.1955244237372917 4.117056265143575 0.0
-0.02377357 -0.2459939 2.992856 -2.457889 1.453242 0.8787853 -0.05376025 20.4007 0.5902538 1 0.9901935 0.24714000377873852 3.8727774752826942 0.0
0.03724281 0.08343884 -9.761269 -0.8754462 2.52133 2.842346 -0.2359482 20.78665 0.7209244 0 0.0 0.0913732286681482 9.800447874431834 0.0
-0.03407798 0.05758559 1.195035 -2.832821 0.5750806 0.3478486 -0.07636996 19.23197 0.5120564 0 0.0 0.0669134433169337 3.074570452805725 0.0
-0.06655927 0.02060226 2.041395 -3.994274 1.307635 1.018941 0.05852317 20.23086 0.4284859 0 0.0 0.06967488457141856 4.485701543025461 0.0
0.01859489 -0.06102099 0.7581886 -2.04277 0.5155413 0.4028464 0.5709013 18.5338 nan 0 0.0 0.0637913093978498 2.178935342333489 0.0
0.02681959 0.03055829 -0.7511456 -3.273745 2.114756 0.9661529 -0.5363858 19.65684 nan 0 0.0 0.04065832627509647 3.3588131888249397 0.0
0.09572493 0.06029171 0.9140069 -3.401467 0.6552444 0.3509926 -0.3562484 19.07175 0.6067085 0 0.0 0.11312980384597597 3.522128101778328 0.0
0.2422094 0.08758289 4.475178 -1.435466 2.922032 3.075115 -0.4762996 20.95785 0.6872253 0 0.0 0.2575580634907634 4.6997639056488785 0.0
0.01814356 0.06442523 -3.721841 -7.836751 3.587013 2.074986 -0.349979 20.78226 0.4990501 0 0.0 0.06693130082425187 8.675642147142884 0.0
-0.1792989 -0.02079963 0.7547788 -2.900146 1.474599 1.565571 -0.343159 20.38041 0.6357517 0 0.0 0.18050130234806314 2.9967545542211895 0.0
-0.2167156 0.06121579 0.5332987 -2.244552 0.949497 0.6952077 -0.4284071 19.77917 0.6893215 1 0.9985665 0.22519552444194824 2.307037317454074 0.0
0.03595228 -0.02720497 -0.7749544 -4.28113 1.367727 0.7167538 -0.1808066 19.61365 nan 0 0.0 0.04508521742100508 4.350704356650698 0.0
0.075608 0.1594174 -0.1206872 -2.459924 0.1212423 0.08347818 -0.03927559 16.57087 0.9685392 1 0.9999645 0.1764383095780505 2.462882759292419 0.0
-0.03388059 -0.03857345 -0.03741003 -2.338027 0.42216 0.2771209 -0.0832119 18.82576 0.5590019 0 0.0 0.0513400956723943 2.3383262738706074 0.0
-0.1471762 -0.07670388 -2.31965 -1.815721 0.7032663 0.4249666 -0.02285243 19.73295 0.6234035 0 0.0 0.1659648126968316 2.9457798411186467 0.0
-0.09668254 0.002742137 -0.4076859 -2.581446 0.8195214 0.514075 -0.06459282 19.86782 0.4695683 0 0.0 0.09672141880771998 2.613440499413524 0.0
-0.03546729 -0.004219675 0.588584 -2.52488 0.4439971 0.3026067 -0.03000246 18.67653 nan 0 0.0 0.03571742315802926 2.592575965995211 0.0
-0.02024125 0.07223429 1.010028 -0.7943187 1.011386 0.5800906 0.04506376 19.91473 0.3563499 0 0.0 0.07501667050307285 1.2849508776422893 0.0
-0.004306259 -0.00992086 -0.9042519 -0.1413909 0.8961668 0.5682215 -0.05277935 15.09728 0.9225101 0 0.0 0.010815143536480734 0.9152392502818156 0.0
-0.03532283 0.06660966 -0.7944184 -2.430782 1.10289 0.6704247 -0.3196804 19.99764 0.5180435 0 0.0 0.07539594899279736 2.5573036045379047 0.0
-0.05027033 -0.0207237 -3.348188 -2.228437 0.8090562 0.506146 -0.1231159 19.35118 0.648243 0 0.0 0.054374422479681564 4.021976422893725 0.0
-0.1047047 -0.1139571 -0.03224429 -2.916716 0.9217407 0.5692904 0.04196838 19.96047 0.6964169 0 0.0 0.15475559712818143 2.9168942248380563 0.0
0.004272811 0.001809333 -3.486395 -2.21575 1.217814 0.4885156 -0.1493815 15.43399 nan 0 0.0 0.004640107730065111 4.1309197714946 0.0
0.1077574 -0.08201932 -1.034198 -4.482261 1.026699 0.6378897 -0.1699698 20.19741 0.7252369 0 0.0 0.13542092197301864 4.600024910293965 0.0
-0.03138648 0.03899193 0.7994485 -2.217317 0.8304151 0.5734042 0.1755287 19.7018 0.2734032 0 0.0 0.050054787302667665 2.357034701195816 0.0
-0.0314299 0.07352638 -0.2423273 -4.743138 0.9449413 0.5666641 -0.1137903 19.53863 0.4876766 0 0.0 0.07996228592226713 4.749324226389402 0.0
-0.02199037 -0.01663826 -7.097381 0.2213279 2.772709 1.845604 -0.4434148 19.38153 nan 0 0.0 0.027575497612273472 7.100831155469014 0.0
-0.03885604 -0.01909009 0.5366728 -3.795321 1.121577 0.744087 0.3477324 19.61771 nan 0 0.0 0.04329230163308137 3.83307698687371 0.0
0.08781674 0.001826527 0.1531596 -2.385539 0.3430463 0.2023504 -0.2882883 18.55622 0.6139011 1 0.9999431 0.0878357331904808 2.3904506235421725 0.0
0.03352131 -0.1112626 0.8613426 -3.044716 0.6633702 0.3769385 -0.1477764 19.6762 0.5677319 0 0.0 0.1162026005856844 3.1642071037197868 0.0
0.009026937 -0.176304 -0.004289502 -3.667303 1.224744 0.6125545 -0.3960037 20.01987 0.4749718 0 0.0 0.17653494273826348 3.667305508631154 0.0
0.2283946 0.01216603 0.1562278 -3.614649 0.7249838 0.6111343 -0.4745438 19.11606 0.610508 1 0.9977868 0.22871839802499688 3.6180235652485515 0.0
-0.2073276 -0.009508527 -0.4876755 -2.598482 0.1932942 0.1180865 -0.0219538 17.63531 0.4820404 1 0.9998581 0.20754552707169993 2.6438487282036864 0.0
-0.3042495 0.04775324 1.752322 -5.53436 2.006043 2.415179 -0.4042045 20.7049 0.5086555 0 0.0 0.30797423622885667 5.805150558020352 0.0
-0.02014722 0.07287514 -4.287132 -1.311127 0.9631795 0.6026192 0.02775183 19.93243 0.5221157 0 0.0 0.07560883879380771 4.483141175063863 0.0
-0.07943689 0.0135196 4.840461 -15.78742 1.240837 0.8061147 0.03644558 19.1608 1.746386 0 0.0 0.08057914790460433 16.512803909358365 0.0
0.01060421 -0.2157724 -0.3887566 -2.505785 0.08493508 0.04698689 -0.09164661 15.69428 0.1878996 1 0.9996911 0.21603281665405397 2.5357622444284007 0.0
-0.02535464 0.008440314 -0.4475184 -3.00973 0.5824712 0.4741605 0.5651871 18.38214 0.8348579 0 0.0 0.026722587261494648 3.0428189875900538 0.0
0.1879122 -0.1113591 -2.975466 -0.5202586 2.499127 1.446386 -0.4549277 20.71912 0.8211937 0 0.0 0.21843041011189354 3.0206070462789363 0.0
0.009719419 0.04490814 -4.725477 -1.482484 1.451883 0.7260291 0.1649049 19.51505 0.3026562 0 0.0 0.04594788508688034 4.952564152818719 0.0
-0.03945785 -0.0125591 1.975018 -1.374925 0.7572349 0.7560937 0.2810315 19.15875 nan 0 0.0 0.04140836774653766 2.4064735311133174 0.0
