jas1101finalproject/data/gcs/NGC_7006.ecsv
# %ECSV 0.9
# ---
# datatype:
# - {name: x, unit: deg, datatype: float64}
# - {name: y, unit: deg, datatype: float64}
# - {name: pmx, unit: mas / yr, datatype: float64}
# - {name: pmy, unit: mas / yr, datatype: float64}
# - {name: pmx_e, unit: mas / yr, datatype: float64}
# - {name: pmy_e, unit: mas / yr, datatype: float64}
# - {name: pm_corr, datatype: float64}
# - {name: g_mag, unit: mag, datatype: float64}
# - {name: bp_rp, unit: mag, datatype: float64}
# - {name: filter, datatype: int64}
# - {name: memberprob, datatype: float64}
# - {name: r, unit: deg, datatype: float64}
# - {name: pm, unit: mas / yr, datatype: float64}
# - {name: member_prob_GMM, datatype: float64}
# meta: !!omap
# - comments: [deg deg mas/yr mas/yr mas/yr mas/yr dimless mag   mag   zeroone float]
# - __serialized_columns__:
#     bp_rp:
#       __class__: astropy.units.quantity.Quantity
#       unit: &id001 !astropy.units.Unit {unit: mag}
#       value: !astropy.table.SerializedColumn {name: bp_rp}
#     g_mag:
#       __class__: astropy.units.quantity.Quantity
#       unit: *id001
#       value: !astropy.table.SerializedColumn {name: g_mag}
#     pm:
#       __class__: astropy.units.quantity.Quantity
#       unit: !astropy.units.Unit {unit: mas / yr}
#       value: !astropy.table.SerializedColumn {name: pm}
#     pmx:
#       __class__: astropy.units.quantity.Quantity
#       unit: !astropy.units.Unit {unit: mas / yr}
#       value: !astropy.table.SerializedColumn {name: pmx}
#     pmx_e:
#       __class__: astropy.units.quantity.Quantity
#       unit: !astropy.units.Unit {unit: mas / yr}
#       value: !astropy.table.SerializedColumn {name: pmx_e}
#     pmy:
#       __class__: astropy.units.quantity.Quantity
#       unit: !astropy.units.Unit {unit: mas / yr}
#       value: !astropy.table.SerializedColumn {name: pmy}
#     pmy_e:
#       __class__: astropy.units.quantity.Quantity
#       unit: !astropy.units.Unit {unit: mas / yr}
#       value: !astropy.table.SerializedColumn {name: pmy_e}
#     r:
#       __class__: astropy.units.quantity.Quantity
#       unit: &id002 !astropy.units.Unit {unit: deg}
#       value: !astropy.table.SerializedColumn {name: r}
#     x:
#       __class__: astropy.units.quantity.Quantity
#       unit: *id002
#       value: !astropy.table.SerializedColumn {name: x}
#     y:
#       __class__: astropy.units.quantity.Quantity
#       unit: *id002
#       value: !astropy.table.SerializedColumn {name: y}
# schema: astropy-2.0
x y pmx pmy pmx_e pmy_e pm_corr g_mag bp_rp filter memberprob r pm member_prob_GMM
[from data line 789]
0.03086971 0.001465079 -0.2419602 0.1620468 0.2971107 0.5897934 0.3256874 17.7633 1.154623 1 0.9852432 0.030904456830048655 0.2912110983020393 0.0
-0.006790704 -0.006429827 -0.2114793 6.723446 3.278765 3.015714 -0.1828687 20.39777 nan 0 0.0 0.00935180924022432 6.726771113189781 0.0
-0.02150014 0.0258798 -1.31543 1.261309 0.996442 1.01975 -0.2909458 19.68236 1.079369 1 0.9149007 0.03364550591177966 1.8224314742620642 0.0
-0.005646018 0.05104999 -1.72612 -4.47975 3.707231 2.881482 -0.1240743 20.69297 1.460239 0 0.0 0.05136125970278012 4.800796841869067 0.0
-0.00617471 0.009921853 -1.148823 0.1035054 0.5533097 0.6008834 -0.08960563 18.88667 0.6772919 0 0.0 0.011686325792896114 1.1534763340260432 0.0
0.001562291 -0.009136465 1.368707 0.01739376 1.079873 1.29417 -0.121441 19.61769 nan 0 0.0 0.009269074703815154 1.3688175169597798 0.0
0.008038202 0.02512349 -1.135407 -4.697603 0.2969678 0.3459169 -0.1300084 17.90739 0.9519634 1 0.0 0.026378067426801835 4.832869023805425 0.0
-0.01414699 -0.003717187 -0.1852983 -0.5823845 0.1958605 0.2052458 -0.1601365 17.26299 1.313364 1 0.9992586 0.01462719403211255 0.6111523262028379 0.0
0.007130144 0.01499734 0.6050102 -1.721309 0.4732703 0.5997027 -0.0948033 18.51365 0.8082962 0 0.0 0.016605997727819188 1.8245388501166644 0.0
0.005928315 0.02509862 -4.112432 -8.427103 0.1913879 0.2221734 -0.1290786 17.16383 0.9260902 1 0.0 0.025789254441406888 9.377001755744372 0.0
-0.009867913 -0.00239184 0.0587765 -0.04124499 0.7200609 0.7692292 -0.1558051 19.07848 0.9833164 0 0.0 0.010153649864022741 0.0718040817248581 0.0
0.01278711 -0.0005663399 1.005375 -3.563198 0.4400765 0.4989157 -0.08622285 18.46115 1.156332 0 0.0 0.012799645426121461 3.7023180411505705 0.0
0.06318809 0.0257724 -9.31279 -3.057943 2.95466 2.681921 -0.05245633 20.56594 0.9558182 0 0.0 0.0682418589987707 9.801993316430542 0.0
0.0003020158 -0.01894787 -0.2036182 -0.1141716 0.4634632 0.5418897 -0.1030711 18.48594 0.8744431 1 0.9939293 0.018950276807486205 0.23344276732809693 0.0
0.04517996 -0.03436361 -2.508448 -8.846546 1.974556 2.131908 -0.06600989 20.42787 1.88485 1 0.001291129 0.056763425529417266 9.19530790668915 0.0
0.008625883 -0.01149377 0.1366331 -0.3703703 0.5882468 0.651445 -0.1271077 18.84231 1.070713 0 0.0 0.014370546487263072 0.39476925302979204 0.0
0.01243194 0.05451214 2.182659 -11.26391 2.741131 2.510301 -0.2849476 20.59394 2.084591 0 0.0 0.055911774605562285 11.473433174005981 0.0
-0.01174342 0.001150209 0.03208663 -0.2844851 0.555423 0.5604848 -0.1791251 18.77528 0.7967072 0 0.0 0.011799614147932168 0.28628888198246 0.0
-0.009135435 -0.007228911 -0.347967 -0.8816399 0.4453392 0.4597506 -0.1804845 18.23524 1.135632 0 0.0 0.011649606297431087 0.9478237949962061 0.0
-0.02499058 -2.539241e-05 -1.560823 2.496749 1.490513 1.521472 -0.3005063 20.19987 0.8725128 0 0.0 0.024990592900347233 2.944473468437099 0.0
-0.02584242 -0.01463748 -0.4280779 0.1310902 0.501528 0.5078385 -0.1841487 18.66318 0.8751831 1 0.9825282 0.029699940946183716 0.44770004356092036 0.0
-0.009251935 0.0084495 -0.263805 -0.489605 0.5311117 0.5680727 -0.1299702 18.7201 0.7065334 0 0.0 0.012529658873817157 0.5561529772014171 0.0
-0.009780221 -0.007089644 -1.889311 0.2727264 1.662892 1.73558 -0.144866 20.24535 nan 0 0.0 0.012079560209526545 1.9088938535125413 0.0
-0.02024318 -0.0044548 -7.37333 -0.6744634 3.258495 3.09801 -0.2095745 20.68866 1.443981 0 0.0 0.020727556043885154 7.404113462585481 0.0
-0.01022006 -0.01106835 0.8080862 -0.9188723 0.5570928 0.5783205 -0.1330642 18.77244 0.6788063 0 0.0 0.015065125227693927 1.223654203742924 0.0
-0.003038834 0.01687788 -0.5940558 0.3288707 0.6148559 0.6713772 -0.1421823 19.00234 1.000046 0 0.0 0.017149266613297375 0.6790126882703519 0.0
0.0485715 0.001224501 0.6704873 3.94834 1.665154 1.780097 0.02046454 20.1277 0.9412575 1 0.5297791 0.048586932553403704 4.0048647886116315 0.0
0.004376011 -0.01130317 -1.663813 -1.28738 1.518999 1.84669 -0.1383475 19.92756 0.7373486 0 0.0 0.012120689927599872 2.103715989236427 0.0
-0.002452973 -0.002683896 -1.097628 -1.853037 0.3779475 0.4010578 -0.1657677 17.76111 0.5334377 0 0.0 0.0036359832614500575 2.1537254583054453 0.0
0.005371756 0.01714877 -0.4861631 -0.09261513 0.5187374 0.5900313 -0.1889713 18.71271 0.7976665 1 0.992499 0.01797042222755036 0.4949061750539459 0.0
-0.02362011 -0.05859641 2.744941 -5.415519 1.536382 1.879443 0.1745958 20.42241 1.102472 0 0.0 0.06317791434750122 6.071453461309079 0.0
-0.009575025 -0.00635914 -1.017025 -0.08903065 0.4651184 0.5075201 -0.1343203 18.57327 0.9721432 0 0.0 0.01149433622660417 1.0209144465940438 0.0
0.0655032 0.02548324 -0.7473072 -2.978718 0.4792843 0.4824028 0.01227612 18.30845 0.8764782 1 0.0001256441 0.07028559405125348 3.0710306046498204 0.0
-0.01180244 -0.005647578 1.024797 -0.1156959 0.5041785 0.5292635 -0.1599283 18.4915 0.8374386 0 0.0 0.013084063864858044 1.031307147500593 0.0
-0.001456541 -0.008718757 0.3436051 -0.8557955 0.5140025 0.6787234 9.473555e-06 18.80483 nan 0 0.0 0.008839583435305649 0.9221986784669884 0.0
-0.002599509 -0.002382533 1.891832 -1.417179 0.7340935 0.7603541 -0.1446641 18.66648 nan 0 0.0 0.0035261750576467414 2.363773388940869 0.0
0.01779817 0.00581413 -0.02735187 -0.9887968 0.2699407 0.3092085 -0.09896522 17.76463 1.108219 1 0.995879 0.018723753977389256 0.9891750282345066 0.0
0.03719144 0.0474943 -0.8975176 -3.62633 2.342227 2.28072 -0.131254 20.40377 1.487671 1 0.2391211 0.060323392989482943 3.73574719583777 0.0
0.005225754 -0.002645695 -1.922005 -6.191281 0.7698583 0.939342 -0.1372939 18.69959 0.5353775 0 0.0 0.005857320795512313 6.482751240097525 0.0
-0.01165573 -0.00273888 -1.229188 -0.9865332 0.5204243 0.5616342 -0.1354278 18.7426 0.6061935 0 0.0 0.011973199467448122 1.5761189339787274 0.0
0.009065532 -0.01166541 0.1999764 -2.678727 0.850995 1.26325 0.1887216 19.24432 nan 0 0.0 0.014773816734721059 2.6861810998303817 0.0
0.005372405 -0.006702622 -0.495064 -1.227096 0.87759 1.087353 -0.1014235 19.41084 0.9369469 0 0.0 0.008589987029030311 1.3231980038195341 0.0
0.01217078 0.01357661 -0.1209554 -0.5825666 0.1633646 0.1938996 -0.07495121 16.91326 1.368732 1 0.9993438 0.018233272468224128 0.5949908001177161 0.0
-0.002804763 -0.009229912 -3.753786 3.42237 1.973153 1.908001 -0.2008078 20.27854 0.7076721 0 0.0 0.009646655949805249 5.079717093568893 0.0
0.005929275 -0.006832305 0.1878159 -0.8920799 1.408746 1.792067 0.005302543 20.11211 nan 0 0.0 0.009046363558836777 0.9116366382922639 0.0
0.0004778386 -0.00225285 -0.01578428 0.2635665 0.3999013 0.4685189 -0.09424756 16.26386 1.087119 0 0.0 0.002302968269462252 0.2640387157546567 0.0
-0.02375957 0.0007087848 -1.119759 0.4612364 0.5081788 0.5137514 -0.2969845 18.74364 0.8282356 1 0.9494205 0.023770139723560967 1.2110323012892596 0.0
-0.003009834 -0.003143559 -11.06501 -16.63329 3.243468 3.29836 -0.1152351 20.13057 nan 0 0.0 0.004352133257844594 19.977506914632766 0.0
0.01765313 -0.0108523 -5.087337 -1.33869 1.016323 1.217832 -0.05917051 19.65887 2.015461 0 0.0 0.02072209965440037 5.2605217105976285 0.0
0.01105781 0.002014198 -1.301187 0.2895703 0.8083664 0.8893023 -0.1237851 19.17275 0.9612923 0 0.0 0.01123975780785796 1.3330185923726234 0.0
-0.006233873 -0.007507497 1.279963 -0.6816118 0.5269223 0.6026717 -0.1867766 18.75551 0.6171608 0 0.0 0.009758262334306144 1.45013789939724 0.0
-0.001427163 0.0008618551 -7.814322 -1.640015 1.414048 1.296763 -0.04683828 18.6025 nan 0 0.0 0.0016672097774320452 7.984564954955843 0.0
0.01143934 -0.007141053 -0.6905277 -0.669433 0.2903182 0.3426599 -0.09943045 17.76491 1.122654 1 0.9903966 0.013485293381473352 0.9617531107078832 0.0
-0.00582357 -0.008213229 0.2970536 -0.4667864 0.606783 0.6424523 -0.1585192 18.73653 1.003597 0 0.0 0.010068321516089015 0.5532905064230905 0.0
-0.0006651482 0.005893437 0.3473528 -1.600037 0.6404961 0.6744345 -0.1658701 18.99297 0.5477409 0 0.0 0.005930853378809177 1.6373064371206876 0.0
0.02108121 -0.000487427 -1.008451 -4.884231 1.213496 1.485507 -0.0569798 19.78796 1.508627 0 0.0 0.021086844243376698 4.987252337787011 0.0
0.00411222 -0.0110228 -0.7535921 0.4598713 2.66696 3.870017 -0.09316536 20.46772 nan 0 0.0 0.011764883049499473 0.8828265207537096 0.0
-0.0009876163 -0.0126479 -0.03229758 -0.5251439 0.144719 0.1676192 -0.09064672 16.64283 1.391165 1 0.9995644 0.012686400607186645 0.5261361509923704 0.0
0.00302737 0.01531958 0.06087323 -0.8766571 0.2060087 0.2187595 -0.157864 17.33824 1.285744 1 0.9978353 0.015615841331586972 0.878768013249824 0.0
0.002881107 -0.002746833 -1.435865 -0.6827056 0.2990138 0.3516351 -0.1017177 16.88793 nan 0 0.0 0.003980687010471685 1.5899041589027811 0.0
-0.06409915 0.05296957 -0.8164357 -1.852189 1.001083 0.9858808 -0.2499205 19.69536 0.8600616 1 0.2784936 0.08315333052083602 2.0241470657922784 0.0
0.007042516 0.006940696 -1.063744 1.834772 0.9693248 1.084497 -0.1506434 19.59791 0.9046917 0 0.0 0.009887886152999133 2.120834644549169 0.0
0.01167325 0.00218208 -1.135625 7.801394 2.483018 3.098939 0.02307656 20.57113 0.6848507 0 0.0 0.011875446883755575 7.883615444950432 0.0
0.06974696 -0.04247223 -9.814003 -10.97569 0.8823209 1.000488 -0.07243753 19.36604 1.428225 0 0.0 0.08166106018424264 14.723465144459338 0.0
-0.06507789 0.01711175 0.8696644 -3.016168 0.7867435 0.7703991 -0.277671 19.30378 0.8727837 1 0.05437363 0.0672899974358344 3.1390421425733295 0.0
0.005547884 0.006595418 1.006395 -5.147498 2.211995 2.38613 -0.1336394 20.47284 nan 0 0.0 0.008618500767081243 5.244956296865494 0.0
0.00103471 -0.005657465 -0.2354228 -0.8085332 0.2536992 0.3122019 0.06629991 17.54449 nan 0 0.0 0.0057513072436034055 0.8421103432817341 0.0
0.007130455 0.00639329 -0.4514514 3.383927 1.924988 2.105655 -0.1096424 20.2457 nan 0 0.0 0.009576927771009082 3.413908362550313 0.0
0.004991046 0.006999761 -0.5211119 -0.0903494 0.5138553 0.6297506 -0.1031419 18.61476 0.8063107 0 0.0 0.008596929348973215 0.5288862130950002 0.0
0.005401736 -0.007517059 -0.6015586 -0.9058608 0.4191643 0.498324 -0.07361338 18.46764 1.086489 0 0.0 0.00925661535460867 1.0874081746108957 0.0
-0.002892607 -0.003547919 -3.054336 -8.141512 1.835401 2.230905 -0.08683018 20.12436 nan 0 0.0 0.004577652726781489 8.695584284396306 0.0
0.002206892 0.008661011 -2.519201 -4.02716 0.7426479 0.8941384 0.0266709 19.03185 nan 0 0.0 0.008937756085382113 4.750199084670136 0.0
-0.000460004 0.004296985 -0.1308746 -0.7048493 0.1092489 0.1150431 -0.1683326 16.00671 1.369335 0 0.0 0.0043215371999140535 0.7168965731789001 0.0
0.04107064 -0.007730297 0.06465594 -2.661716 1.233798 1.275719 -0.1111165 19.8514 1.053064 1 0.6553432 0.04179180495884102 2.6625011653017703 0.0
-0.01265342 -0.02167879 -11.39772 -8.557184 0.3081786 0.3198733 -0.1781866 17.50468 1.244543 0 0.0 0.025101373937705083 14.252488176043368 0.0
0.008419992 0.005493072 -0.01124777 -1.855074 0.5941201 0.695742 -0.04598413 18.89207 0.6141281 0 0.0 0.010053362883992997 1.8551080986848105 0.0
0.008097618 0.005443467 -0.4371991 7.819743 1.133994 1.298043 -0.1852225 19.51069 nan 0 0.0 0.00975718966988 7.831955288374022 0.0
-0.05148667 -0.0073502 -0.4145929 0.03017042 0.5792662 0.5401002 -0.2998317 18.81657 0.6490269 1 0.9440086 0.05200867838860069 0.41568921921717716 0.0
0.002998189 0.007148494 -0.5474117 1.317337 0.6724634 0.6254753 -0.2959588 18.57495 0.7967262 0 0.0 0.007751780682382404 1.4265469991787476 0.0
-0.00808072 -0.01704608 -0.3410161 -0.4758498 0.1327302 0.1321722 -0.1930719 16.45358 1.466302 1 0.9984981 0.018864434237071622 0.5854272052264483 0.0
-0.01467213 0.02860669 0.2715587 -0.06421272 0.5192087 0.5394544 -0.2693785 18.77517 0.7336273 1 0.9771143 0.03214986954083951 0.2790473095292058 0.0
0.01410388 0.02859902 -6.143881 -6.372888 0.1840602 0.2077116 -0.1185806 17.07385 1.003836 1 0.0 0.03188766808681375 8.852173473373925 0.0
-0.003244285 -0.002250916 0.3362034 0.8553937 0.2796921 0.3189273 -0.1750844 16.62996 1.183224 0 0.0 0.003948671675422129 0.9190925460318183 0.0
-0.01538067 -0.03887525 -4.001259 -6.85631 0.5329025 0.5961239 0.1083513 19.04048 1.509335 1 0.0 0.04180729687759542 7.93845453480594 0.0
0.01064735 0.004840866 -0.5154059 -2.061287 2.224144 2.573699 -0.01451036 20.44918 nan 0 0.0 0.01169615516537191 2.1247464173693316 0.0
-0.003390857 -0.004097227 0.1582211 0.01272655 0.7697134 1.193407 0.2407059 18.73924 nan 0 0.0 0.005318381359396673 0.1587321062674861 0.0
-0.01256426 -0.002485147 0.0427299 -1.920258 0.5849304 0.601351 -0.1550789 18.91868 1.025993 0 0.0 0.012807676797889966 1.9207333575793413 0.0
0.04306985 -0.03621421 1.877306 -3.95258 0.2538007 0.2882881 -0.06593292 17.67817 1.146112 1 0.0 0.05627149353755061 4.375747533169162 0.0
0.01820222 0.07335145 -3.650878 -6.210925 0.8109274 0.7568339 -0.4589646 19.13262 2.245012 1 0.0 0.075576160461027 7.204477741412558 0.0
0.005050457 -0.02419302 -0.8404308 1.431198 1.373081 1.650552 -0.03952153 20.05058 1.225687 0 0.0 0.024714557099597172 1.6597143262599863 0.0
0.020788 0.0008305198 -0.3575716 8.032099 2.554199 2.733298 -0.2025925 20.57308 1.442234 0 0.0 0.020804583801128828 8.040054215919664 0.0
0.03643988 -0.007988699 -6.615731 1.080344 1.50927 2.328041 0.2200664 20.00913 1.629852 0 0.0 0.03730528335406395 6.703360338121247 0.0
0.01404217 0.07201216 1.478669 0.3091635 2.065578 2.153204 -0.4781696 20.35802 0.9374027 0 0.0 0.07336847910495692 1.510643598369003 0.0
0.005928895 0.005830582 0.2590483 -0.1953279 0.5684277 0.7062245 -0.09275019 18.81335 0.622509 0 0.0 0.008315496520337737 0.32443645025073864 0.0
-0.000606562 -0.003038677 -1.287201 -0.2612074 0.3629435 0.3808165 -0.1820083 17.10023 nan 0 0.0 0.0030986247546569753 1.3134366068508065 0.0
-0.03647121 0.04321408 4.067075 3.785311 0.9187016 0.9451215 -0.2477532 19.54167 2.212988 1 0.0 0.056547377208058906 5.556048813891577 0.0
0.003965965 -0.025532 -0.6569936 -4.546233 2.565552 4.449594 0.2644096 20.70677 1.855982 0 0.0 0.025838186901971757 4.593460033648922 0.0
-0.005413398 -0.01380177 -0.984784 0.8795184 0.443476 0.4627344 -0.1413674 18.33544 1.004272 0 0.0 0.01482544208579643 1.3203606108160604 0.0
0.005225521 0.006175792 0.4127706 -1.93604 0.5148174 0.6448802 -0.09151195 18.6858 0.7384338 0 0.0 0.008089899662462138 1.979553093459319 0.0
-0.007552422 0.001598231 -0.203535 -0.08650344 0.1585323 0.1659308 -0.1694646 16.86149 1.28148 0 0.0 0.007719677480014628 0.22115456440425008 0.0
0.01141018 -0.00978464 -0.3339916 0.1231409 0.4292772 0.490082 -0.09289811 18.48336 1.099964 0 0.0 0.01503101418940186 0.3559691982789663 0.0
-0.0137374 -0.01417521 -0.01788176 -0.4981544 0.1087793 0.1163869 -0.1514758 16.19286 1.509111 1 0.9995467 0.019739623535014544 0.4984752386829837 0.0
-0.01077646 -0.002256371 -1.248437 0.3512389 0.9297651 0.9863108 -0.1475269 19.39957 0.9029541 0 0.0 0.011010145331522241 1.296905435196495 0.0
-0.004211461 -0.002722013 -0.0529203 -4.076681 1.12543 1.201432 -0.1511011 19.38365 0.8240662 0 0.0 0.005014554668830523 4.077024470605136 0.0
0.01272822 0.003772874 0.7752218 -2.221276 1.473895 1.660743 -0.09384693 20.09666 0.734951 0 0.0 0.013275622870068131 2.3526657024259183 0.0
0.006427269 0.0009859323 2.535466 5.258488 1.421678 1.794623 -0.1193004 19.82546 nan 0 0.0 0.006502449484505381 5.837832121883944 0.0
-0.005559422 0.004819677 0.347579 -0.4605046 0.7071698 0.7019077 -0.1826399 18.93102 0.8896465 0 0.0 0.007357748253264241 0.5769537657925113 0.0
-0.002101238 0.0008027334 4.79381 -3.009004 1.073317 1.110981 -0.1755139 17.53058 nan 0 0.0 0.002249351471895746 5.659922206896134 0.0
-0.05683995 0.02815275 -2.723487 -4.529856 1.540883 1.771536 -0.23535 20.17864 1.31394 1 0.01493438 0.06342993968596376 5.2855441365960605 0.0
-0.01643204 0.008196289 -1.768189 -4.943501 2.105069 2.065859 -0.1901815 20.48899 0.947855 0 0.0 0.018362763733521185 5.250208993623207 0.0
-0.07062564 -0.008240734 2.491001 -3.82369 1.027954 1.047951 -0.004127946 19.7488 1.677402 0 0.0 0.0711047869152869 4.563517415119723 0.0
0.003877443 0.004365687 -0.2549568 -0.5635881 0.1236687 0.1572006 -0.07859952 16.23848 1.417485 1 0.9995268 0.005838988542566084 0.6185745842886289 0.0
