jas1101finalproject/data/gcs/NGC_5694.ecsv
# %ECSV 0.9
# ---
# datatype:
# - {name: x, unit: deg, datatype: float64}
# - {name: y, unit: deg, datatype: float64}
# - {name: pmx, unit: mas / yr, datatype: float64}
# - {name: pmy, unit: mas / yr, datatype: float64}
# - {name: pmx_e, unit: mas / yr, datatype: float64}
# - {name: pmy_e, unit: mas / yr, datatype: float64}
# - {name: pm_corr, datatype: float64}
# - {name: g_mag, unit: mag, datatype: float64}
# - {name: bp_rp, unit: mag, datatype: float64}
# - {name: filter, datatype: int64}
# - {name: memberprob, datatype: float64}
# - {name: r, unit: deg, datatype: float64}
# - {name: pm, unit: mas / yr, datatype: float64}
# - {name: member_prob_GMM, datatype: float64}
# - {name: member_prob_DB, datatype: float64}
# meta: !!omap
# - comments: [deg deg mas/yr mas/yr mas/yr mas/yr dimless mag   mag   zeroone float]
# - __serialized_columns__:
#     bp_rp:
#       __class__: astropy.units.quantity.Quantity
#       unit: &id001 !astropy.units.Unit {unit: mag}
#       value: !astropy.table.SerializedColumn {name: bp_rp}
#     g_mag:
#       __class__: astropy.units.quantity.Quantity
#       unit: *id001
#       value: !astropy.table.SerializedColumn {name: g_mag}
#     pm:
#       __class__: astropy.units.quantity.Quantity
#       unit: !astropy.units.Unit {unit: mas / yr}
#       value: !astropy.table.SerializedColumn {name: pm}
#     pmx:
#       __class__: astropy.units.quantity.Quantity
#       unit: !astropy.units.Unit {unit: mas / yr}
#       value: !astropy.table.SerializedColumn {name: pmx}
#     pmx_e:
#       __class__: astropy.units.quantity.Quantity
#       unit: !astropy.units.Unit {unit: mas / yr}
#       value: !astropy.table.SerializedColumn {name: pmx_e}
#     pmy:
#       __class__: astropy.units.quantity.Quantity
#       unit: !astropy.units.Unit {unit: mas / yr}
#       value: !astropy.table.SerializedColumn {name: pmy}
#     pmy_e:
#       __class__: astropy.units.quantity.Quantity
#       unit: !astropy.units.Unit {unit: mas / yr}
#       value: !astropy.table.SerializedColumn {name: pmy_e}
#     r:
#       __class__: astropy.units.quantity.Quantity
#       unit: &id002 !astropy.units.Unit {unit: deg}
#       value: !astropy.table.SerializedColumn {name: r}
#     x:
#       __class__: astropy.units.quantity.Quantity
#       unit: *id002
#       value: !astropy.table.SerializedColumn {name: x}
#     y:
#       __class__: astropy.units.quantity.Quantity
#       unit: *id002
#       value: !astropy.table.SerializedColumn {name: y}
# schema: astropy-2.0
x y pmx pmy pmx_e pmy_e pm_corr g_mag bp_rp filter memberprob r pm member_prob_GMM member_prob_DB
[from data line 329]
0.02386289 -0.0004584449 -2.125766 -0.919006 1.891558 1.360963 -0.08285819 19.98304 -0.0718174 0 0.0 0.023867293329542755 2.315913019694824 0.0 0.0
0.007931843 -0.004593277 0.8825536 -4.606893 1.857385 1.327981 -0.0693104 19.94471 nan 0 0.0 0.009165823856881496 4.690667753137283 0.0 0.0
-0.007165358 -0.009502741 0.9559399 -1.592936 1.180461 0.870404 -0.1123592 19.30211 0.8738365 0 0.0 0.011901447045685033 1.8577583783980116 0.0 0.0
-0.01522816 -0.04206769 -1.488042 -0.4729836 1.975112 0.9018849 0.3824454 19.14787 nan 0 0.0 0.04473910368929735 1.56140400909981 0.0 0.0
0.04586818 -0.0009476915 -7.281764 3.738643 0.4026961 0.2676392 0.02504555 17.89828 1.073437 1 0.0 0.045877969175755505 8.185446746094254 0.0 0.0
-0.00266118 0.003856521 -4.711185 -5.872206 0.6906947 0.5354612 -0.1658633 18.59697 nan 0 0.0 0.004685577148638255 7.528483739150999 0.0 0.0
0.006648657 -0.005190195 -2.832906 -1.851527 1.096373 0.7347022 0.07022981 19.07238 nan 0 0.0 0.00843461700622346 3.384303271954953 0.0 0.0
0.02981537 0.001931978 -0.3085801 -1.09073 0.4261534 0.2951442 -0.02389236 17.93974 1.337961 1 0.9988622 0.029877898641460447 1.133540299687669 0.0 0.0
0.004423943 0.00296192 0.6725038 -4.320754 0.9014836 0.6884673 -0.1407135 18.86238 nan 0 0.0 0.005323931043284557 4.37277674819221 0.0 0.0
0.006184636 -0.003414428 -0.4276183 -0.7660644 0.2356673 0.2169085 -0.3798614 16.76003 1.197755 0 0.0 0.007064562337447382 0.8773323631567742 0.0 0.0
0.02987719 -0.02276248 0.6700019 0.9234314 2.207582 1.625854 -0.08178451 20.3566 1.422979 0 0.0 0.03756031120806243 1.1408891692489547 0.0 0.0
0.0002192492 -0.02196704 3.612113 -2.049228 2.022794 1.556401 -0.1524054 19.84079 1.12071 0 0.0 0.021968134116790636 4.152914123931892 0.0 0.0
-0.05024249 -0.0455357 -7.199896 -4.586342 1.709235 1.154675 0.04456099 19.91241 1.632143 1 0.0003004969 0.06780713661474062 8.5365704678038 0.0 0.0
0.00436935 0.003305245 2.375412 -0.1401786 1.519492 0.8541708 0.06397696 18.91775 nan 0 0.0 0.005478673555937149 2.379544538276592 0.0 0.0
0.003045172 0.003923269 1.249505 -2.62303 0.4120345 0.3256753 -0.1979739 17.71584 0.9885387 0 0.0 0.004966398308225489 2.905434412600808 0.0 0.0
0.002321454 -0.005241524 0.2557959 0.2172814 0.9630583 0.5856893 0.01908242 18.73108 nan 0 0.0 0.005732601723187475 0.3356229271709101 0.0 0.0
-0.04675397 -0.06727227 2.634497 -7.483545 1.932972 1.257071 0.1490516 20.03873 1.14451 0 0.0 0.0819236963382012 7.933726754182677 0.0 0.0
-0.0216699 -0.03788591 5.863334 0.3115277 1.888667 1.417335 -0.05620741 20.00657 2.292645 0 0.0 0.04364546646031063 5.871604133746015 0.0 0.0
0.0413798 0.00681311 -0.02705478 -0.4911136 0.7019533 0.5266422 -0.1669804 18.53674 1.0926 1 0.9877801 0.041936932600180714 0.49185824098596576 0.0 0.0
-0.02130526 -0.01736277 -1.669456 -1.433361 0.8049249 0.5954589 -0.1077252 18.87327 1.122511 1 0.9868743 0.027484175187560203 2.2003652179256514 0.0 0.0
-0.01655274 -0.03575073 -1.149083 -0.8800009 0.7903771 0.6397931 -0.2155455 18.80786 1.240347 1 0.989575 0.039396800593963215 1.4473400861199865 0.0 0.0
0.005829943 0.001014455 0.3225786 -1.925679 0.2644912 0.2257319 -0.2851576 17.00351 1.087427 0 0.0 0.005917546309939112 1.9525103237163588 0.0 0.0
-0.06405683 0.01211847 -0.4566166 -0.0799313 0.7154421 0.5940625 -0.2669014 18.95321 0.2037811 1 0.9302632 0.06519305779597855 0.4635598473932465 0.0 0.0
0.0001919939 0.00290097 -1.978507 0.03833938 1.223665 0.7860807 0.1611372 18.81905 nan 0 0.0 0.0029073163911994874 1.9788784341408605 0.0 0.0
0.01447108 0.0003728209 0.563163 -0.9723914 1.143324 0.8401773 -0.1055942 19.26226 0.08538246 0 0.0 0.014475881727545194 1.1236981798343182 0.0 0.0
0.005857051 -0.002800244 -0.544883 -1.184643 0.2215012 0.1930222 -0.3165885 16.6651 1.168742 0 0.0 0.006492026869640714 1.3039465177444969 0.0 0.0
0.01792393 -0.005349713 1.368217 -0.8824073 0.9295221 0.6903359 -0.1118814 19.09717 1.057442 0 0.0 0.018705258507362817 1.6280848878919951 0.0 0.0
-0.01479071 0.05787742 4.008653 -5.844334 0.9689424 0.7394258 -0.2944763 19.32529 0.7106686 0 0.0 0.05973743255414062 7.086997867783297 0.0 0.0
-0.0007498782 -0.008937945 -0.9392217 2.550145 1.340313 0.972487 -0.0800434 19.50319 0.7457771 0 0.0 0.008969346583662616 2.7176049975623555 0.0 0.0
0.01568028 0.05823589 1.449187 -0.2896041 1.508333 0.8430821 0.06692706 19.72951 1.247805 1 0.9073702 0.06030994996657268 1.4778408221814046 0.0 0.0
0.03996551 -0.0165495 -0.4197551 -0.9037704 0.7997049 0.4759387 0.1818055 18.5614 0.9179974 0 0.0 0.043256536382494847 0.9964914851077102 0.0 0.0
0.01739172 -0.004308218 -0.04605901 -0.7861251 1.550368 1.032202 0.07897198 19.36328 0.8986816 0 0.0 0.017917384488086534 0.78747324097533 0.0 0.0
0.002963442 0.01087746 1.027056 -1.125573 0.8370665 0.5904812 -0.07851241 18.79133 0.4858513 0 0.0 0.011273913452699734 1.5237318023408843 0.0 0.0
0.003891863 0.01260168 -0.6131939 -1.246718 0.592723 0.4571871 -0.1617009 18.37334 1.129147 0 0.0 0.013188970256739872 1.389356876587585 0.0 0.0
-0.002770071 -0.009439609 -1.348197 -0.01326608 0.7538842 0.5613957 -0.1154968 18.77859 0.9820118 0 0.0 0.00983765782175422 1.3482622666557003 0.0 0.0
-0.003057346 0.01403985 1.592352 -3.076864 1.685676 1.012955 0.1706637 19.58183 1.073761 0 0.0 0.014368881396483723 3.4644879804092263 0.0 0.0
0.006130574 0.00670406 1.080235 -3.438152 1.338028 0.9427464 -0.05555638 19.43481 0.5105 0 0.0 0.009084511987612544 3.6038586029877755 0.0 0.0
0.0033045 0.002109373 -0.8090719 -6.237835 1.423805 1.191956 -0.2609622 18.23892 0.4964314 0 0.0 0.003920353900240258 6.290086074657055 0.0 0.0
-0.007602247 -0.008148552 -1.40842 -1.612449 1.451027 1.037538 -0.08625843 19.67631 0.7073689 0 0.0 0.011144193965725515 2.140943407472743 0.0 0.0
-0.005037005 0.0142286 0.417827 -2.029148 1.074708 0.7783374 -0.09398272 19.19281 nan 0 0.0 0.015093855615117861 2.0717193361633233 0.0 0.0
-0.006128053 -0.007768901 -1.043511 -0.9970483 0.6208022 0.4808665 -0.1797047 18.37531 0.9613285 0 0.0 0.009894890414684238 1.4432673070688915 0.0 0.0
0.02549884 0.05122081 -0.801131 -1.355986 0.9932338 0.5828563 0.03053117 19.23367 1.275202 1 0.973153 0.05721680014123212 1.5749631460313602 0.0 0.0
-0.050499 0.0101683 -2.603462 1.369901 1.473372 1.193709 -0.2544008 20.05087 1.023766 1 0.7419392 0.051512555031661945 2.9418774847442237 0.0 0.0
-0.01224064 -0.03294639 -0.6853529 -0.7889766 0.3242671 0.2781835 -0.2909751 17.3082 1.264296 1 0.9983277 0.03514680471453557 1.0450802231819192 0.0 0.0
0.01014575 0.02386991 -1.785502 -0.7577002 1.071832 0.7644727 -0.07209083 19.22055 0.3203487 1 0.9879439 0.025936631363201353 1.9396203198265478 0.0 0.0
0.005802494 -0.001884714 -0.8325575 -1.395529 0.388241 0.3199958 -0.2383117 17.43012 0.8957691 0 0.0 0.006100908414476651 1.6250086709452507 0.0 0.0
0.005514087 -0.03803277 -2.634978 1.445748 3.342788 2.009447 0.1516751 20.50332 0.8051586 0 0.0 0.03843041437867239 3.005544266848851 0.0 0.0
0.004259992 -0.0006429624 7.17728 -7.78849 1.196824 0.8436841 -0.121688 18.78634 nan 0 0.0 0.004308240068505672 10.591219225306405 0.0 0.0
0.008068473 -0.002825174 -4.496518 4.282517 1.145949 0.8861005 -0.1657583 19.07905 0.705761 0 0.0 0.008548793171085905 6.209559241976277 0.0 0.0
-0.04817104 0.05844047 -7.655387 -1.435833 1.014081 0.8267289 -0.349257 19.35099 1.092981 1 0.0 0.07573465275884282 7.788874535108265 0.0 0.0
-0.006387451 -0.006969737 -0.1633311 -1.414691 0.4802266 0.4006151 -0.2529223 17.93897 1.020954 0 0.0 0.009453928502298396 1.424088365835565 0.0 0.0
0.004164418 -0.00110263 -1.229778 -0.1654536 0.3288759 0.2757939 -0.2605537 17.2228 0.834836 0 0.0 0.00430791947413412 1.2408580994767129 0.0 0.0
0.02353352 -0.008961337 -0.7758471 -0.1026679 0.7844807 0.6033344 -0.09347639 18.81838 nan 0 0.0 0.025181980152838835 0.7826106441065186 0.0 0.0
0.009938721 -0.001743854 5.997838 -14.67898 1.627574 1.229898 -0.1421609 19.34872 0.6273899 0 0.0 0.010090550128172249 15.857065129293124 0.0 0.0
0.003208854 -0.0009633627 -4.976373 3.100854 0.8108565 0.6621665 -0.2336164 18.04773 nan 0 0.0 0.0033503450098560433 5.863410591494084 0.0 0.0
-0.00810736 -0.007315075 1.080383 -3.177875 0.7804691 0.6037363 -0.1731403 18.7621 0.3325329 0 0.0 0.010919689026031144 3.3565036782810176 0.0 0.0
0.01145625 0.02112893 -0.8592492 -0.08100552 2.163374 1.381009 0.06247525 20.13688 1.059664 0 0.0 0.02403491932600149 0.8630591416415856 0.0 0.0
-0.0421182 0.0148218 -5.548847 1.90727 0.4280075 0.3764281 -0.4329335 17.98496 0.7129688 1 0.0 0.04465006748572728 5.867485141209052 0.0 0.0
-0.01887376 0.05367112 -5.733572 -7.299067 1.553383 1.171968 -0.2614368 19.97417 1.206968 0 0.0 0.05689295157215874 9.28171465569121 0.0 0.0
0.01513981 -0.0009528727 0.2261542 -5.155414 2.273909 1.450913 0.05945199 20.20182 0.6136398 0 0.0 0.015169766419378556 5.160372005347448 0.0 0.0
0.02054516 -0.003418008 -0.46836 -1.408665 0.4192617 0.3649064 -0.3113715 17.80741 1.126955 1 0.9988731 0.02082753893559352 1.4844858274247688 0.0 0.0
-0.02610033 0.001370215 -0.5835555 -0.6857434 0.9388459 0.6275712 -0.1167549 18.92203 0.1811333 1 0.9953682 0.02613627202290191 0.900433802244124 0.0 0.0
0.03726589 -0.007627925 -0.04245978 -0.9059766 1.155292 0.6643955 0.1746718 19.36429 1.137136 1 0.989805 0.03803855671943568 0.906971020851939 0.0 0.0
-0.02777738 -0.007110251 -3.845864 -1.438324 1.68252 1.163343 -0.03083055 19.87894 1.087957 0 0.0 0.028672957799072647 4.106025552218593 0.0 0.0
0.005174507 -0.002926096 0.6053344 -2.358675 0.5349059 0.4421191 -0.2374863 17.74949 0.8176517 0 0.0 0.005944540393862674 2.4351134452933314 0.0 0.0
-0.003152384 -0.005302579 2.52806 -2.21299 0.7865562 0.5914635 -0.1310892 18.81289 0.8143692 0 0.0 0.0061688628558833275 3.359823225067057 0.0 0.0
-0.06137274 -0.003184629 -16.79747 -7.409973 1.070599 0.9252221 -0.3262417 19.32678 0.7817593 0 0.0 0.06145530959140342 18.359267367235248 0.0 0.0
-0.004490911 0.01466541 1.5714 -0.8424414 0.9729246 0.72181 -0.1138306 18.98357 1.04183 0 0.0 0.01533761820094701 1.782976576524201 0.0 0.0
-0.02261747 -0.00770421 -2.002677 -0.06717655 1.837425 1.208375 0.03792739 19.92478 0.9940624 0 0.0 0.02389361422901525 2.0038033474367944 0.0 0.0
0.04473414 0.03151202 -4.308956 2.262708 1.981472 1.144144 0.1665391 19.9593 1.494793 0 0.0 0.05471883301039963 4.866924008365038 0.0 0.0
-0.07107077 0.02859765 -4.6193 -4.363923 1.376663 1.109661 -0.2655426 19.99654 0.7562904 0 0.0 0.07660861527214416 6.354664148476219 0.0 0.0
-0.005636881 -0.003002412 -0.6330273 0.4843278 0.8667871 0.6445903 -0.1040671 18.94261 nan 0 0.0 0.00638661923288879 0.7970551928179942 0.0 0.0
0.06999906 -0.007586007 -0.2853798 1.230256 0.5627116 0.3987697 -0.1156283 18.48487 1.812449 1 5.189505e-05 0.07040891920124644 1.2629217932176324 0.0 0.0
-0.06785603 -0.02760998 4.716858 -10.3577 1.674802 1.342548 -0.2519151 20.25418 1.559887 1 0.0 0.07325811765914614 11.381155419471433 0.0 0.0
0.02012374 0.006542242 0.172996 0.4591492 1.146505 0.8458447 -0.09310432 19.34017 0.09036446 0 0.0 0.02116047830211227 0.4906583372130142 0.0 0.0
0.05110977 -0.03241925 -7.756208 -7.565441 0.4511337 0.3711915 -0.3231961 18.08629 0.703701 1 0.0 0.060524510407068965 10.834881635889937 0.0 0.0
0.00383695 0.003526517 -6.776312 -4.579451 2.454865 1.723971 -0.05432533 20.03714 nan 0 0.0 0.005211382489684383 8.178616984719666 0.0 0.0
-0.03934875 -0.0188877 -0.2869373 -3.433721 2.819523 1.587789 0.3022107 20.22909 1.349428 0 0.0 0.04364709999361355 3.445689034137046 0.0 0.0
-0.01852527 0.009966202 2.484473 -1.224809 0.9134782 0.6625566 -0.1518363 19.06254 0.06503868 1 0.8662147 0.021035940931598565 2.769975302093865 0.0 0.0
0.08248616 -0.01150819 -0.01159415 -3.044368 1.478201 0.9465538 -0.02413835 19.89558 1.135418 1 0.4616048 0.08328508286975346 3.0443900774602164 0.0 0.0
0.003673111 0.002881838 -0.07304885 -2.336525 0.8239623 0.68532 -0.253622 18.32525 0.5581188 0 0.0 0.004668697321155549 2.337666616545508 0.0 0.0
-0.01302343 0.01023208 1.502188 -0.7081474 1.467841 0.9460967 0.04395064 19.42682 0.9766331 0 0.0 0.01656216139552142 1.6607352370172557 0.0 0.0
0.03589839 -0.01555443 -1.994676 -0.8566977 1.188561 0.6273183 0.2360835 19.06969 0.1663437 1 0.971724 0.03912332676571613 2.17086694529197 0.0 0.0
0.007069358 -0.04512437 -11.15416 1.584518 0.4878772 0.4243123 -0.2871241 18.24433 1.098671 1 0.0 0.04567476973591727 11.266143199778883 0.0 0.0
0.03613179 -0.01122101 -1.253976 -1.9141 0.7359856 0.6139121 -0.261836 18.69255 0.3743858 1 0.9653852 0.037834076095818694 2.2882820233913477 0.0 0.0
0.01223197 -0.002682491 0.1740572 -0.857593 0.5906537 0.4686753 -0.1932272 18.24361 1.108639 0 0.0 0.012522653394787423 0.8750780893845075 0.0 0.0
0.01325581 -0.00242702 0.08235041 -0.8353141 1.953591 1.307124 0.004228686 20.03632 0.7388096 0 0.0 0.013476161353905645 0.839363589683266 0.0 0.0
-0.01366002 -0.03235718 -1.355464 -1.236878 2.010833 1.380819 -0.02120151 20.10938 1.070295 0 0.0 0.03512240373255794 1.8349795209156967 0.0 0.0
0.01989051 -3.997802e-05 -3.642599 -2.653637 2.148024 1.40759 0.03973179 20.17365 1.141926 0 0.0 0.01989055017595499 4.506696883813022 0.0 0.0
-0.001104869 0.0004309487 -0.9463666 -0.7509138 0.4143831 0.3621967 -0.3138652 16.06112 nan 0 0.0 0.0011859394121086836 1.2080899290309475 0.0 0.0
0.005379542 0.002912288 8.521278 -12.36515 2.12248 1.596302 -0.08010961 19.79926 nan 0 0.0 0.0061172619303662325 15.016960853507744 0.0 0.0
-0.002005851 0.0007857033 -4.086768 -3.028909 0.9380824 0.7946238 -0.2731459 17.12056 nan 0 0.0 0.0021542441620744594 5.086842086806411 0.0 0.0
-0.000981956 -0.00574886 4.104149 -3.079515 1.395568 1.045995 -0.1431575 19.14957 nan 0 0.0 0.005832120445047067 5.131028322804894 0.0 0.0
-0.01021223 0.02347509 -0.4457002 -0.6493066 0.6015157 0.4789547 -0.2636359 18.16836 1.306705 0 0.0 0.025600185391535742 0.7875580798160856 0.0 0.0
0.01109966 0.00458653 -1.015401 -1.536566 0.8236141 0.6327782 -0.1552411 18.76416 0.2873287 0 0.0 0.012009942112953751 1.8417584703638532 0.0 0.0
-0.01036289 0.02855625 1.170049 -1.579738 1.61953 1.093335 -0.05683546 19.83315 0.9781628 1 0.9798409 0.0303784282545131 1.9658552365433728 0.0 0.0
-0.06187785 -0.003129587 -0.8629539 -2.666308 1.096946 0.8881109 -0.2579416 19.64797 nan 0 0.0 0.06195694178550995 2.8024788642181067 0.0 0.0
-0.00152797 -0.00594723 -4.710414 1.867951 1.251618 0.7268369 0.08490535 18.87133 0.7617931 0 0.0 0.006140377593747798 5.067271552798113 0.0 0.0
-0.003480046 -0.003627937 0.3130705 -1.879602 0.7641769 0.632609 -0.2534585 18.39439 nan 0 0.0 0.005027190770011121 1.9054964750359025 0.0 0.0
-0.002606654 0.007417542 0.5632438 -0.1909088 1.731155 1.284146 -0.1252725 19.79271 0.3831177 0 0.0 0.007862224519656 0.5947182090333875 0.0 0.0
0.04599426 0.007099362 -10.77626 -6.667362 0.9155646 0.5586608 0.1019106 19.10238 1.32641 1 0.0 0.04653893954265228 12.672075426963179 0.0 0.0
-0.06503871 0.03428513 -6.168116 -5.014444 1.365588 1.075127 -0.3388975 19.52176 1.225765 0 0.0 0.07352213229756738 7.949232894977477 0.0 0.0
-0.008695243 0.004859488 0.2108948 1.082445 1.760806 1.166228 0.01574828 19.90904 nan 0 0.0 0.009961017741736685 1.1027981658907673 0.0 0.0
0.01200421 0.03849528 -0.3949122 -1.761534 0.9971124 0.7416719 -0.1752794 19.09315 1.169218 1 0.9833683 0.040323537047269306 1.8052583413087555 0.0 0.0
0.00457408 0.002225678 3.481819 4.100202 1.083583 0.8469047 -0.1845338 18.62652 nan 0 0.0 0.005086831077014845 5.37910029554804 0.0 0.0
-0.0002311905 -0.002222168 0.04523351 -0.6195199 0.3070964 0.2593358 -0.2996338 15.38241 1.030955 0 0.0 0.0022341619608959085 0.6211690405380247 0.0 0.0
0.0005196277 0.002725493 -0.2886765 -1.279151 0.1822843 0.169235 -0.3859331 15.8974 1.236376 0 0.0 0.002774585561783289 1.3113204804521472 0.0 0.0
0.005557313 0.009145495 -0.328241 -3.654561 1.462039 1.002481 -0.03135849 19.58045 0.5642891 0 0.0 0.010701579629895486 3.669272169899911 0.0 0.0
0.004341706 -0.005712698 -7.70951 3.137368 2.693986 1.724511 0.114485 19.80583 nan 0 0.0 0.007175327827328867 8.323438136222554 0.0 0.0
