jas1101finalproject/data/gcs/NGC_5946.ecsv
# %ECSV 0.9
# ---
# datatype:
# - {name: x, unit: deg, datatype: float64}
# - {name: y, unit: deg, datatype: float64}
# - {name: pmx, unit: mas / yr, datatype: float64}
# - {name: pmy, unit: mas / yr, datatype: float64}
# - {name: pmx_e, unit: mas / yr, datatype: float64}
# - {name: pmy_e, unit: mas / yr, datatype: float64}
# - {name: pm_corr, datatype: float64}
# - {name: g_mag, unit: mag, datatype: float64}
# - {name: bp_rp, unit: mag, datatype: float64}
# - {name: filter, datatype: int64}
# - {name: memberprob, datatype: float64}
# - {name: r, unit: deg, datatype: float64}
# - {name: pm, unit: mas / yr, datatype: float64}
# - {name: member_prob_GMM, datatype: float64}
# - {name: member_prob_DB, datatype: float64}
# meta: !!omap
# - comments: [deg deg mas/yr mas/yr mas/yr mas/yr dimless mag   mag   zeroone float]
# - __serialized_columns__:
#     bp_rp:
#       __class__: astropy.units.quantity.Quantity
#       unit: &id001 !astropy.units.Unit {unit: mag}
#       value: !astropy.table.SerializedColumn {name: bp_rp}
#     g_mag:
#       __class__: astropy.units.quantity.Quantity
#       unit: *id001
#       value: !astropy.table.SerializedColumn {name: g_mag}
#     pm:
#       __class__: astropy.units.quantity.Quantity
#       unit: !astropy.units.Unit {unit: mas / yr}
#       value: !astropy.table.SerializedColumn {name: pm}
#     pmx:
#       __class__: astropy.units.quantity.Quantity
#       unit: !astropy.units.Unit {unit: mas / yr}
#       value: !astropy.table.SerializedColumn {name: pmx}
#     pmx_e:
#       __class__: astropy.units.quantity.Quantity
#       unit: !astropy.units.Unit {unit: mas / yr}
#       value: !astropy.table.SerializedColumn {name: pmx_e}
#     pmy:
#       __class__: astropy.units.quantity.Quantity
#       unit: !astropy.units.Unit {unit: mas / yr}
#       value: !astropy.table.SerializedColumn {name: pmy}
#     pmy_e:
#       __class__: astropy.units.quantity.Quantity
#       unit: !astropy.units.Unit {unit: mas / yr}
#       value: !astropy.table.SerializedColumn {name: pmy_e}
#     r:
#       __class__: astropy.units.quantity.Quantity
#       unit: &id002 !astropy.units.Unit {unit: deg}
#       value: !astropy.table.SerializedColumn {name: r}
#     x:
#       __class__: astropy.units.quantity.Quantity
#       unit: *id002
#       value: !astropy.table.SerializedColumn {name: x}
#     y:
#       __class__: astropy.units.quantity.Quantity
#       unit: *id002
#       value: !astropy.table.SerializedColumn {name: y}
# schema: astropy-2.0
x y pmx pmy pmx_e pmy_e pm_corr g_mag bp_rp filter memberprob r pm member_prob_GMM member_prob_DB
[from data line 6363]
-0.02169253 0.006712276 -4.249554 2.573897 1.829469 1.52714 0.2883185 20.03417 1.76948 0 0.0 0.02270727872073349 4.968264784160059 0.0 0.0
0.04375186 0.01355192 -2.079292 -2.97556 2.264457 2.686243 -0.2549909 20.25661 1.501745 0 0.0 0.04580261771062872 3.6300705964022244 0.0 0.0
-0.05759766 -0.03008029 -2.724384 0.9500443 0.8821642 0.5619076 0.3085746 19.25874 1.983534 1 0.0002914691 0.06497933736165444 2.8852820228564298 0.0 0.0
0.05116549 0.02419889 -4.798387 -3.493384 1.100597 0.8577235 -0.2608395 19.44892 1.720947 0 0.0 0.05659941381474017 5.935339044504956 0.0 0.0
-0.001153042 -0.01844066 -5.65963 -1.465246 1.131625 0.6981238 -0.005264072 19.38249 1.413961 0 0.0 0.0184766730525104 5.846225925964203 0.0 0.0
-0.01786458 -0.01047514 8.77293 3.278123 1.109703 0.7727618 0.3708416 19.04321 1.595818 0 0.0 0.020709219603741714 9.36538259699138 0.0 0.0
-0.0415452 -0.003448187 -4.84139 -2.483844 0.5354576 0.3935595 -0.02416877 18.58193 1.802637 1 0.2770761 0.04168805148513143 5.441372818364497 0.0 0.0
0.0450168 0.02093598 -7.345379 -3.474563 1.605246 1.22585 -0.2072959 19.9228 1.889856 0 0.0 0.04964702952645204 8.125711088551574 0.0 0.0
-0.02551102 0.01916535 23.03857 0.8166937 3.183355 3.23091 -0.1894983 20.51514 2.064692 0 0.0 0.03190803632414411 23.053040932695183 0.0 0.0
-0.01538778 0.01585478 0.08373183 -1.271495 1.932325 1.254914 -0.02951177 20.0078 1.59045 0 0.0 0.02209429388273814 1.274249015844293 0.0 0.0
0.01452554 0.05937311 -3.829927 -4.521369 0.4811129 0.3589696 -0.07285761 18.31811 nan 0 0.0 0.06112411556303862 5.92546356494494 0.0 0.0
0.01081725 0.02239826 -1.765926 -0.6158774 0.5674037 0.4715105 0.04902257 18.53961 1.586773 1 0.0 0.024873579328076205 1.8702405217796882 0.0 0.0
-0.05392854 -0.009514703 -5.302585 -7.443425 1.020669 0.7001723 0.2517005 19.60997 1.54616 1 0.0 0.054761455419937564 9.139036240920046 0.0 0.0
0.008468743 -0.01368829 -5.729742 -2.220199 1.723482 0.9337615 -0.01571716 19.55367 nan 0 0.0 0.016096238415361182 6.1448536993296266 0.0 0.0
0.01240929 0.004312387 -6.511191 -1.890975 0.5283426 0.3060558 -0.149844 17.9503 1.678509 0 0.0 0.013137243239807543 6.780220843682454 0.0 0.0
-0.04384464 0.04565252 -7.047103 -6.684478 0.0763206 0.06201542 -0.315502 14.60566 1.765208 1 0.0 0.06329695916140048 9.71307916291703 0.0 0.0
-0.01925428 0.02964348 2.266515 2.612629 2.909108 2.748684 -0.2982566 20.4702 0.8805637 0 0.0 0.035347746814030453 3.4587455149036335 0.0 0.0
0.01082855 -0.01254437 -6.404778 -3.643278 1.418382 0.8483318 0.09119682 19.54112 1.264507 0 0.0 0.01657162375265019 7.368490741974777 0.0 0.0
-0.03298113 0.03216882 -5.605493 -3.698562 1.046622 0.7512047 -0.07641864 19.54188 1.4988 0 0.0 0.04607155213653323 6.715721304587691 0.0 0.0
0.01656238 -0.06944224 -4.106884 -10.84897 2.205466 2.089245 -0.4862844 20.43042 2.198288 0 0.0 0.07139003521137946 11.600286472771092 0.0 0.0
0.0002008117 0.01781424 -0.2185937 -1.264205 2.321276 1.42173 -0.03549923 19.69768 1.688057 0 0.0 0.017815371792821413 1.2829643361000687 0.0 0.0
-0.01409827 -0.05701697 9.690495 -1.317892 3.535161 2.667532 0.3188564 20.41259 1.70256 0 0.0 0.05873411346886748 9.779700029586234 0.0 0.0
0.01259849 -0.01165217 -6.500825 -1.116003 1.24954 0.7827852 -0.1010548 19.60315 0.7176819 0 0.0 0.01716085708783218 6.595922102074432 0.0 0.0
-0.0560196 0.02469689 -5.940486 -4.497983 1.220765 0.8756805 -0.1453585 19.63809 1.584764 0 0.0 0.06122198918552141 7.451256604391302 0.0 0.0
0.05844726 0.05067204 -5.343068 -4.155039 0.1948946 0.1410112 -0.09721534 16.86509 2.131878 1 0.0 0.07735462390361161 6.768509787548881 0.0 0.0
-0.04321564 0.0460422 -4.753394 -3.417194 1.453314 1.132132 -0.1247785 19.42931 1.43404 0 0.0 0.06314646246187984 5.854226622951319 0.0 0.0
-0.04543272 -0.02423045 -6.520063 -5.222737 1.256786 0.7707298 0.4081682 19.49298 1.704908 0 0.0 0.051490258824372796 8.35393340260371 0.0 0.0
0.04458977 0.02984753 -0.9393881 -0.2237015 1.988661 1.83583 -0.3342913 20.10426 1.25498 1 0.0330751 0.053657456478608825 0.9656564417658383 0.0 0.0
0.0538412 0.01129077 -1.55956 1.423936 2.617166 3.007385 -0.2107387 20.23799 1.705402 0 0.0 0.05501232866033667 2.1118288580507656 0.0 0.0
0.01990835 0.07702555 -5.690604 -2.503989 1.017401 0.7493808 -0.1251576 19.53873 1.399755 0 0.0 0.07955675805690551 6.217148445785817 0.0 0.0
0.002272078 0.02698853 -11.34986 1.96066 2.794525 2.313108 -0.4203017 20.2073 nan 0 0.0 0.027084000627658096 11.51796464898204 0.0 0.0
0.07404632 -0.01143803 -7.46839 -4.053386 1.241076 0.9715994 -0.07124271 19.67309 1.479918 0 0.0 0.07492453560632391 8.497457693751468 0.0 0.0
-0.02893673 0.003519284 -4.240108 -3.300348 1.549707 1.140043 0.1090194 20.03568 1.52931 0 0.0 0.029149952023383437 5.373156686042945 0.0 0.0
0.0129802 -0.06505803 -12.66788 -7.242686 0.7324915 0.4279857 -0.03368062 18.38 1.280634 0 0.0 0.06634028082184232 14.592178870511287 0.0 0.0
0.02936942 -0.07021526 -7.503073 -15.63132 2.325075 2.197986 -0.2282177 20.29226 1.836958 0 0.0 0.0761100884771789 17.33880818815783 0.0 0.0
0.03612033 -0.07081126 -3.307203 -3.2662 1.269465 1.041827 -0.0455063 19.80863 1.508999 0 0.0 0.07949158937960984 4.64818826245334 0.0 0.0
0.06173459 -0.04150676 -4.901524 -0.2052345 0.2657672 0.2430065 -0.2045441 17.03451 1.808384 0 0.0 0.07439066290984171 4.905818863611482 0.0 0.0
0.0405474 0.04519009 -3.130089 -2.453442 2.147962 1.708073 -0.06868582 20.34191 1.20389 0 0.0 0.060714379523866505 3.977038445286266 0.0 0.0
-0.02679973 0.03905827 -3.03277 -5.981148 1.552883 1.055233 0.08999659 19.92123 1.999769 1 0.0001849708 0.0473684914628469 6.706103583363741 0.0 0.0
-0.02068462 -0.06306189 -5.752693 -2.246027 0.7895462 0.5702369 0.1123382 19.4428 1.416218 0 0.0 0.06636757849218623 6.175606369983274 0.0 0.0
0.04489873 0.01890286 -4.120806 -0.0583073 1.836522 1.256307 -0.09708769 19.86715 nan 0 0.0 0.0487156450413263 4.121218488611019 0.0 0.0
-0.01299753 -0.0546668 -4.81935 -11.00672 1.181707 0.8963074 0.06726074 18.20442 1.425987 0 0.0 0.05619070037240059 12.015574042920296 0.0 0.0
-0.001444194 0.01650959 -5.857803 -0.362494 0.3807678 0.2759241 -0.2177508 17.93873 1.537884 0 0.0 0.016572635827705143 5.86900825411287 1.0 0.0
-0.05419458 -0.03036997 -7.124397 -2.912622 2.887823 2.203563 0.0935418 20.60867 0.5406895 0 0.0 0.062123969441571426 7.696778516268544 0.0 0.0
0.01646379 -0.07515662 -4.519074 -5.756997 1.586466 1.809745 -0.3743519 19.88555 nan 0 0.0 0.0769387672827457 7.318814403678029 0.0 0.0
0.07801763 0.009833955 -5.629891 -3.895986 3.345628 2.854824 -0.4366475 20.57718 1.742025 0 0.0 0.0786349620827716 6.846486659891846 0.0 0.0
-0.03134838 0.03685438 -4.683733 -2.475748 1.211117 0.864259 -0.1314416 19.7211 1.590828 1 0.2752298 0.04838353287854041 5.297799823964001 0.0 0.0
0.02106058 0.07536184 -3.993286 -3.112401 0.2877675 0.2154856 -0.153654 17.61421 1.469276 1 0.0 0.0782493128284332 5.0629411474554 0.0 0.0
0.03271511 -0.03706014 -4.125166 -5.232258 0.9126618 0.7320256 -0.1351898 19.46379 1.289919 0 0.0 0.04943412181005848 6.6628461115442255 0.0 0.0
-0.04452428 0.02716967 -6.138444 -8.644582 0.5183091 0.3828131 -0.07071539 18.55575 1.510178 1 0.0 0.052159394910478975 10.602324872208925 0.0 0.0
-0.0003500734 -0.07445182 -4.328229 -1.932328 0.5697011 0.4683466 0.0670383 19.01338 1.598856 1 0.1597314 0.0744526430202299 4.73998499744725 0.0 0.0
0.05641327 0.02608879 -2.693225 -1.876279 1.144449 0.8464257 -0.1241964 19.47294 1.453016 0 0.0 0.06215369655746149 3.282359484649114 0.0 0.0
0.07307056 0.03274538 -2.764524 -3.029819 1.970442 1.526606 -0.1622876 20.22155 1.570932 0 0.0 0.08007225892940702 4.101511443277587 0.0 0.0
-0.02221545 -0.01267808 -5.790976 -2.00732 1.485372 1.002489 0.1416903 19.74227 1.27092 0 0.0 0.025578505257127515 6.129007800205184 0.0 0.0
0.02482317 0.04511328 -2.963113 -4.216554 0.752053 0.541081 -0.0726511 18.58646 1.859138 0 0.0 0.05149172556059177 5.153578008110967 0.0 0.0
0.01183724 -0.07739063 -9.798112 -3.002177 1.15746 0.9413818 -0.0901064 19.89349 1.331234 1 0.000641314 0.07829067545125984 10.247734652296232 0.0 0.0
0.02731823 -0.05976176 -3.690574 -2.292167 1.134505 0.9329314 -0.005428067 19.64305 1.604969 0 0.0 0.06570961610472625 4.344463834049606 0.0 0.0
-0.0419253 -0.02188115 -10.12401 -11.45213 1.181488 0.6839908 0.2883354 18.65669 1.453907 0 0.0 0.047291812244959486 15.285511441132742 0.0 0.0
-0.03030141 0.0496076 -5.360191 -5.29256 0.3524333 0.2914046 -0.3068248 17.70682 1.502331 1 0.0 0.058129935710854695 7.532784273433098 0.0 0.0
0.03757873 -0.03467959 -1.694588 0.02320805 0.7640105 0.5501076 -0.09406117 18.8908 1.502571 0 0.0 0.05113545649528319 1.6947469142408262 0.0 0.0
0.01438091 -0.06485244 -6.215613 -3.354796 1.344937 0.9888632 -0.2330957 19.72099 nan 0 0.0 0.06642777691885902 7.063179253522099 0.0 0.0
-0.03315773 0.04926235 -4.30614 -4.616783 0.2829789 0.2211328 -0.1529073 17.5115 1.999109 1 0.0 0.05938193484785925 6.313281790692461 0.0 0.0
0.03998112 -0.06254031 -5.353133 -3.031637 1.806099 1.274025 0.1877381 20.08769 1.300819 0 0.0 0.0742278945636376 6.15197982892158 0.0 0.0
0.05772363 -0.0259415 -1.742257 -1.471862 0.3853782 0.3435853 -0.1658326 18.28158 1.478634 1 0.0 0.0632849024857185 2.2807536476114643 0.0 0.0
-0.01514412 0.04047873 -2.38654 -3.634655 0.301889 0.2229598 -0.1322979 17.64329 1.468599 1 0.0 0.04321888421728747 4.348136398576406 0.0 0.0
0.007319104 -0.06843662 -0.1116888 -2.3114 0.1831468 0.1596891 -0.2237042 17.14395 1.422354 1 0.0 0.06882688602855148 2.3140968752507836 0.0 0.0
0.02526104 -0.04079775 -6.72356 -5.134806 1.288657 0.9824329 -0.0119307 19.87247 1.249565 0 0.0 0.047985170073097584 8.460052702627566 0.0 0.0
-0.04433627 0.03306737 -2.204677 -3.605287 0.6298747 0.4489189 -0.01597103 18.80626 1.448418 0 0.0 0.055309635654466206 4.225954924830363 0.0 0.0
0.02311588 -0.05959547 -5.719524 1.278563 2.587933 2.05891 -0.274674 20.22685 1.436979 1 0.1419799 0.06392154529339306 5.860689219839676 0.0 0.0
0.05048011 -0.0281533 -8.225678 -5.074171 0.6104568 0.5367106 -0.07698886 18.90743 1.738493 0 0.0 0.0578000848312708 9.664832636777783 0.0 0.0
0.03376068 -0.007821219 -6.113697 -5.412407 1.863029 1.857257 -0.4615973 20.05865 1.102373 0 0.0 0.03465479736931615 8.165258142977354 0.0 0.0
-0.01238571 0.04345881 -1.723377 -3.749765 0.6686018 0.4759917 -0.05442719 18.64353 1.476629 0 0.0 0.04518931266151544 4.126834845175416 0.0 0.0
0.08127283 0.00116906 -7.065047 -10.32445 0.5683581 0.4714925 -0.2433532 18.2011 1.623934 0 0.0 0.08128123767200214 12.51036198176172 0.0 0.0
0.01730127 -0.03018547 -4.006272 -2.410537 0.3921512 0.3165663 -0.2686503 17.99792 1.341728 1 0.02860046 0.03479219082975086 4.675564561243166 0.0 0.0
0.01566758 -0.05907359 0.3021649 -10.79884 3.378617 2.973712 -0.2992816 20.65384 0.873394 0 0.0 0.061115972532100805 10.803066646669917 0.0 0.0
-0.007752582 0.01243869 -6.286394 -3.039296 0.6223925 0.5755046 -0.3139407 18.37735 nan 0 0.0 0.014656859710825644 6.982554668518679 0.0 0.0
0.01734497 0.03584693 -4.805153 -3.607177 0.6474004 0.5061922 -0.1557761 18.76836 1.390839 1 0.004027506 0.03982273690651862 6.008429184299171 0.0 0.0
-0.06355804 -0.0331016 -8.703354 -5.137356 0.6177333 0.4034301 0.2492082 18.84776 1.557093 1 0.0 0.07166128920973722 10.106473050478687 0.0 0.0
0.05790447 0.02667444 1.22051 -5.193925 3.373131 3.154393 -0.405237 20.49709 nan 0 0.0 0.06375306577172975 5.335400787731415 0.0 0.0
-0.01211452 0.04312701 -7.791342 -1.023374 2.429224 1.279447 -0.03172319 20.00754 nan 0 0.0 0.044796211741290136 7.858263453514396 0.0 0.0
0.05291177 0.0107654 -10.81473 -10.82413 3.735446 3.554627 -0.2548595 20.73702 0.6698322 0 0.0 0.05399582615066557 15.300986086844208 0.0 0.0
0.03353487 0.01455978 -7.405678 -2.299373 3.100596 1.669692 -0.2860485 20.44933 1.318024 0 0.0 0.036559194460016486 7.754429884447535 0.0 0.0
0.002902599 0.04984234 -4.158744 -4.774802 0.9487574 0.6865679 -0.09792332 19.38156 1.816563 1 0.0001219964 0.049926785773073766 6.331973294064023 0.0 0.0
0.02995331 0.07316357 0.4818335 -6.864505 3.580949 3.148344 -0.6048713 20.63027 1.182928 0 0.0 0.07905762932886996 6.881394656372155 0.0 0.0
0.02532284 -0.06952244 -8.772881 1.167361 2.333112 2.133568 -0.3177961 20.34881 1.280771 0 0.0 0.07399064730909712 8.850207497255758 0.0 0.0
-0.005652242 -0.07383037 -9.017024 -6.756677 0.3372029 0.2503763 0.06105327 18.12967 1.407633 1 0.0 0.0740464136468706 11.267626453646082 0.0 0.0
-0.01288395 0.05975506 -3.99307 -1.570948 0.8903061 0.6456754 -0.09867428 19.24129 nan 0 0.0 0.061128253395677026 4.290977236435076 0.0 0.0
0.06083124 -0.05245758 -3.628677 -3.681697 1.396971 1.248067 -0.08780689 19.93363 1.774155 0 0.0 0.08032582062695656 5.169350981519634 0.0 0.0
0.04271002 0.07033847 -7.745436 -2.24097 1.835057 1.37393 -0.1089235 20.09206 1.528135 0 0.0 0.08229001257954272 8.063108914742253 0.0 0.0
-0.009933786 0.032248 -5.468241 -1.45003 0.2780902 0.2132416 -0.09383887 17.55333 0.9747791 1 0.9480769 0.03374334909717463 5.657229590089216 0.0 0.0
0.05519294 -0.05686803 -4.957784 -5.553303 0.3923269 0.3340021 -0.1023508 18.23847 1.943331 1 0.0 0.07924792402280642 7.444380189140329 0.0 0.0
0.07292692 0.03374887 1.983052 -2.519784 2.178438 1.715016 -0.1370992 20.33696 1.471216 0 0.0 0.08035746316903801 3.2065256339783095 0.0 0.0
0.02753482 -0.06931007 0.4176004 -3.485897 2.47039 2.157848 -0.2572019 20.26407 1.03013 0 0.0 0.07457916676818868 3.5108215546634036 0.0 0.0
-0.02452657 -0.03140939 -5.261537 -4.388646 0.5961085 0.4316752 -0.05626361 18.50008 1.806793 0 0.0 0.03985100269926718 6.8515680917352775 0.0 0.0
0.05795063 0.01701174 -5.550855 -2.814223 1.06187 0.7922198 -0.1854469 19.52989 1.633364 0 0.0 0.060395983436189696 6.223491168528643 0.0 0.0
-0.00515982 0.01524285 -5.795986 -0.4324451 0.853713 0.5157095 -0.04709054 18.96876 1.625162 0 0.0 0.01609248950768339 5.812096220530938 1.0 0.0
0.02441661 0.008038454 3.111624 2.292914 1.973086 1.520613 -0.655885 19.47483 nan 0 0.0 0.02570578897062325 3.865185445586279 0.0 0.0
0.05406208 -0.05728633 -5.131147 -4.389736 0.1502108 0.1401819 -0.2157242 16.64558 2.028229 1 0.0 0.07876821756771762 6.752662562671484 0.0 0.0
-0.02018626 -0.03140732 -4.535797 -1.562399 0.3258494 0.2550022 -0.07010948 17.86944 1.674129 1 0.5681931 0.0373350350524812 4.797347711018037 0.0 0.0
0.02413598 0.007905084 -6.332213 -2.794771 1.21322 0.9126309 -0.2592827 18.89622 1.542707 0 0.0 0.025397556646407072 6.921536420464029 0.0 0.0
0.002112291 -0.08234829 -4.636772 -4.192137 0.7031826 0.5584097 0.2452019 19.18699 1.305931 1 8.981695e-06 0.08237537641305671 6.250893312699633 0.0 0.0
-0.01149915 0.0606061 -4.651098 -5.596188 0.7709837 0.5493694 -0.05060736 18.97864 1.781115 0 0.0 0.061687355332616586 7.276677314334338 0.0 0.0
-0.04229294 -0.02161826 -6.170203 -4.847505 0.920585 0.707364 0.4628663 19.12041 nan 0 0.0 0.047497809836572466 7.846636845568552 0.0 0.0
0.008890767 0.07032269 -8.638609 -3.989129 0.1260092 0.09543512 -0.2647641 16.15769 2.076985 1 0.0 0.0708824834968724 9.515183426162736 0.0 0.0
0.02792976 -0.006173253 -1.134908 3.187806 2.3055 1.447851 0.1902993 19.97552 1.149221 0 0.0 0.028603855443971343 3.38380307673186 0.0 0.0
-0.03338078 0.04973521 -5.024689 -8.712573 0.8394396 0.5962552 -0.09371568 18.94515 nan 0 0.0 0.05989881123321648 10.057655185332713 0.0 0.0
-0.02069742 -0.0121357 -5.922538 2.496191 1.810908 1.092184 -0.01833075 19.22535 1.53455 0 0.0 0.02399288246848219 6.427085332397961 0.0 0.0
0.03024891 -0.06934989 -1.806408 -2.496798 2.997149 2.498341 -0.5398878 20.61068 1.296543 1 0.04721908 0.07565978984374858 3.081738164618792 0.0 0.0
0.02880328 0.04618676 -5.376363 -4.642813 0.5538183 0.4166065 -0.1279994 18.6538 1.397409 1 0.0 0.05443202860500425 7.103590054383628 0.0 0.0
0.019558 0.02670986 0.3971986 2.593445 3.194073 3.245936 -0.1751375 20.43091 nan 0 0.0 0.03310486346776859 2.6236851365716425 0.0 0.0
-0.002615589 0.02624083 -2.807081 1.481594 2.113346 1.563025 0.02556714 19.8994 nan 0 0.0 0.02637086393931418 3.1740864073614947 0.0 0.0
