jas1101finalproject/data/gcs/NGC_6316.ecsv
# %ECSV 0.9
# ---
# datatype:
# - {name: x, unit: deg, datatype: float64}
# - {name: y, unit: deg, datatype: float64}
# - {name: pmx, unit: mas / yr, datatype: float64}
# - {name: pmy, unit: mas / yr, datatype: float64}
# - {name: pmx_e, unit: mas / yr, datatype: float64}
# - {name: pmy_e, unit: mas / yr, datatype: float64}
# - {name: pm_corr, datatype: float64}
# - {name: g_mag, unit: mag, datatype: float64}
# - {name: bp_rp, unit: mag, datatype: float64}
# - {name: filter, datatype: int64}
# - {name: memberprob, datatype: float64}
# - {name: r, unit: deg, datatype: float64}
# - {name: pm, unit: mas / yr, datatype: float64}
# - {name: member_prob_GMM, datatype: float64}
# - {name: member_prob_DB, datatype: float64}
# meta: !!omap
# - comments: [deg deg mas/yr mas/yr mas/yr mas/yr dimless mag   mag   zeroone float]
# - __serialized_columns__:
#     bp_rp:
#       __class__: astropy.units.quantity.Quantity
#       unit: &id001 !astropy.units.Unit {unit: mag}
#       value: !astropy.table.SerializedColumn {name: bp_rp}
#     g_mag:
#       __class__: astropy.units.quantity.Quantity
#       unit: *id001
#       value: !astropy.table.SerializedColumn {name: g_mag}
#     pm:
#       __class__: astropy.units.quantity.Quantity
#       unit: !astropy.units.Unit {unit: mas / yr}
#       value: !astropy.table.SerializedColumn {name: pm}
#     pmx:
#       __class__: astropy.units.quantity.Quantity
#       unit: !astropy.units.Unit {unit: mas / yr}
#       value: !astropy.table.SerializedColumn {name: pmx}
#     pmx_e:
#       __class__: astropy.units.quantity.Quantity
#       unit: !astropy.units.Unit {unit: mas / yr}
#       value: !astropy.table.SerializedColumn {name: pmx_e}
#     pmy:
#       __class__: astropy.units.quantity.Quantity
#       unit: !astropy.units.Unit {unit: mas / yr}
#       value: !astropy.table.SerializedColumn {name: pmy}
#     pmy_e:
#       __class__: astropy.units.quantity.Quantity
#       unit: !astropy.units.Unit {unit: mas / yr}
#       value: !astropy.table.SerializedColumn {name: pmy_e}
#     r:
#       __class__: astropy.units.quantity.Quantity
#       unit: &id002 !astropy.units.Unit {unit: deg}
#       value: !astropy.table.SerializedColumn {name: r}
#     x:
#       __class__: astropy.units.quantity.Quantity
#       unit: *id002
#       value: !astropy.table.SerializedColumn {name: x}
#     y:
#       __class__: astropy.units.quantity.Quantity
#       unit: *id002
#       value: !astropy.table.SerializedColumn {name: y}
# schema: astropy-2.0
x y pmx pmy pmx_e pmy_e pm_corr g_mag bp_rp filter memberprob r pm member_prob_GMM member_prob_DB
[from data line 8155]
-0.009955302 -0.0279406 -8.447929 -0.3238001 2.357808 1.610936 0.3807211 19.60267 1.128004 0 0.0 0.02966117270559618 8.45413217863318 0.0 0.0
0.007985729 -0.07449689 -6.859908 -1.456752 0.8304564 0.5622698 0.3213199 19.18265 1.482311 0 0.0 0.07492368442177373 7.012878450249085 0.0 0.0
-0.04323475 0.03889989 1.95556 -1.192478 2.794746 1.858221 0.7315354 20.22029 1.653009 0 0.0 0.058158791679114176 2.290462550247002 0.0 0.0
-0.03120936 -0.02642834 -5.877253 -2.476944 0.1785241 0.1216564 0.253655 16.94602 1.914914 1 0.0 0.04089598154788805 6.377880087077915 0.0 1.0
0.02000808 -0.06483584 -0.7553109 -0.766808 2.239402 1.554836 0.711006 20.01947 nan 0 0.0 0.06785285118395543 1.076331298682153 0.0 0.0
0.02902574 0.06462718 -2.691372 -7.084531 1.612977 1.129023 -0.003086134 19.77789 nan 0 0.0 0.07084607241971852 7.578526422223849 0.0 0.0
-0.05026401 -0.01186917 -4.331781 -5.548836 0.5414085 0.3785758 0.230496 18.87223 nan 0 0.0 0.0516463735200159 7.039453642638539 0.0 0.0
0.01398999 -0.01769287 -4.838701 -4.347845 0.3624679 0.2753011 0.3184699 17.74535 nan 0 0.0 0.022555652706960177 6.505135164731477 0.0 1.0
0.0144579 0.06032525 -0.004986772 1.827193 1.396843 0.992992 0.01681669 19.41398 1.910742 0 0.0 0.0620335929958317 1.8271998049321208 0.0 0.0
-0.04969911 -0.01153131 3.949003 -1.161598 0.595328 0.4215419 0.2083771 18.88399 nan 0 0.0 0.05101933599242742 4.116301083207228 0.0 0.0
-0.08140075 -0.005367079 -6.804703 -1.574902 0.9183833 0.6328656 0.3656246 19.24497 nan 0 0.0 0.0815774946756441 6.984575808724035 0.0 0.0
-0.05633104 -0.03851594 -1.971059 -6.022136 0.1556867 0.1045242 0.1386229 16.78017 1.994078 1 0.0 0.06823975162297413 6.336497106759933 0.0 0.0
-0.01366154 -0.07815575 -14.20457 10.53549 1.620228 1.095293 0.1998075 18.89797 1.502493 0 0.0 0.07934077724117718 17.685201678946157 0.0 0.0
0.03174194 0.05316515 -3.109667 -8.912368 1.840109 1.307473 0.1006372 19.57845 1.665443 0 0.0 0.06191998005075664 9.439297231166789 0.0 0.0
0.02183544 -0.07186286 -6.316851 -8.778536 0.329748 0.2242336 0.3795708 17.94154 1.721827 0 0.0 0.07510697096390721 10.815049739113409 0.0 0.0
-0.02829721 0.05069038 -4.404105 -3.557428 1.270283 0.8837793 0.4101197 19.70932 1.511181 0 0.0 0.05805382604384055 5.661398663423112 0.0 0.0
-0.08110471 -0.005410724 -4.369354 -3.933772 1.811638 1.172405 0.5059128 19.83368 nan 0 0.0 0.08128499196277426 5.879270067389319 0.0 0.0
-0.01644742 0.02693302 7.424134 2.640312 1.359862 0.9152784 0.2948603 19.57125 1.457817 0 0.0 0.03155796557094262 7.879658184674002 0.0 0.0
0.02741192 0.07156081 1.790296 -6.626439 2.442388 1.953931 -0.2266134 20.25751 nan 0 0.0 0.0766313440175918 6.864026048052048 0.0 0.0
0.05460231 0.0574284 1.489819 -0.309365 0.4009744 0.3019843 -0.07182164 18.08366 1.582956 0 0.0 0.07924287591888686 1.521600261562149 0.0 0.0
-0.02351947 -0.005638187 10.2255 -5.909734 1.938431 1.249483 0.1361748 18.88903 nan 0 0.0 0.024185835146379977 11.810410924297088 0.0 0.0
0.02634555 0.005728954 -4.030987 -5.330409 0.2487446 0.1748601 0.5388817 17.15821 1.894945 0 0.0 0.026961248463982818 6.682972115866562 0.0 1.0
-0.08312943 0.003022022 -7.679597 -4.246366 3.47221 2.185385 0.5755814 20.37568 2.582441 0 0.0 0.0831843419706701 8.775410776047181 0.0 0.0
0.002153296 0.07706126 -4.934728 -5.039113 1.885052 1.289334 -0.1096643 19.91677 1.846022 0 0.0 0.07709133853067553 7.052956845235409 0.0 0.0
0.06965308 0.01572885 -2.10775 -6.382675 0.3401865 0.2371198 0.07500328 17.90838 1.890488 0 0.0 0.0714069203635677 6.721692511423369 0.0 0.0
0.0142532 -0.06154474 -7.231214 -4.081992 0.1749297 0.1179131 0.1937709 16.92518 1.861687 1 0.0 0.06317363953349213 8.303801214013976 0.0 0.0
-0.03996646 0.009484122 -7.153151 -3.445666 2.196213 1.543284 0.6407353 19.92107 1.383791 0 0.0 0.041076349582728065 7.939784846729602 0.0 0.0
0.0102031 0.05421269 -16.51497 -17.20802 3.37905 1.84086 0.2127495 20.16487 1.344261 0 0.0 0.05516447232273776 23.850790058639568 0.0 0.0
0.04579668 -0.008487344 -4.539846 -5.061718 0.1935951 0.1362833 0.05751107 16.57116 2.165892 0 0.0 0.046576505957367995 6.799352234973564 0.0 0.0
-0.002369372 0.008436787 -5.014756 -3.975426 0.4568434 0.4007192 0.08217374 17.28114 1.856091 0 0.0 0.008763178564753372 6.399358531994594 0.0 0.0
0.05782551 -0.006890989 -5.093563 0.7833923 1.650635 1.073435 -0.4578787 19.42735 nan 0 0.0 0.05823465751730854 5.1534539418401994 0.0 0.0
0.01624232 -0.0687796 -6.20139 -6.944357 0.183114 0.1245677 0.3545051 16.55734 1.978656 0 0.0 0.07067139686706637 9.310280988001866 0.0 0.0
0.06756919 0.04020147 11.73312 -3.019459 2.125205 1.568313 0.02673567 20.14583 nan 0 0.0 0.0786241287863783 12.11541322395076 0.0 0.0
0.02203114 -0.03570531 -5.335402 -3.392831 0.104645 0.07070107 0.220242 15.75652 1.959179 1 0.0 0.04195521769572528 6.322801332966662 0.0 0.0
-0.06039516 0.01294784 -2.654003 -3.845976 1.96186 1.435421 0.3923276 20.20769 1.72389 0 0.0 0.06176748264330675 4.6728217723967385 0.0 0.0
-0.003150411 0.02807483 -5.774071 -4.685664 0.2983232 0.2151605 0.6344498 17.19124 1.522374 0 0.0 0.02825103837025855 7.436083850652641 0.0 1.0
0.01977001 -0.04335334 -3.764524 -5.367214 0.5325594 0.3348647 0.5353173 18.2911 1.528311 0 0.0 0.04764835133092959 6.555808650988221 0.0 0.0
0.021569 -0.05954516 -4.700067 -5.790863 1.964054 1.368089 -0.456983 19.76005 1.216673 0 0.0 0.06333125484644687 7.4581984479670425 0.0 0.0
0.07649113 0.01828004 -0.6617214 2.096176 1.662803 1.159475 -0.1369889 19.80732 nan 0 0.0 0.07864510684765137 2.1981421778843058 0.0 0.0
0.005970618 -0.04300454 1.40296 -4.889412 1.927467 1.200403 0.3999075 19.94154 1.422949 0 0.0 0.04341703283175307 5.086712736861008 0.0 0.0
-0.03677205 -0.04494855 5.402736 -6.582838 0.5916807 0.4426802 -0.1871619 18.56335 1.492958 0 0.0 0.05807371013035933 8.516062025369472 0.0 0.0
-0.0721027 0.01315231 -0.1223656 -7.860113 2.775349 1.675186 0.6575026 20.12651 nan 0 0.0 0.07329244576097936 7.8610654311506885 0.0 0.0
-0.003096596 0.02877673 -1.331409 -4.235529 1.180082 0.7763242 0.4399222 19.63547 nan 0 0.0 0.028942859158696054 4.439859889131863 0.0 1.0
0.02017342 -0.04377494 -5.221381 -5.614337 1.507 0.9938388 0.4182191 19.43695 nan 0 0.0 0.048199712099762586 7.667046334588699 0.0 0.0
0.0002142886 0.04119934 -4.299387 -0.451368 1.347264 0.8984415 0.3207525 19.8438 1.463718 0 0.0 0.041199897281907025 4.323015342002964 0.0 0.0
0.01073131 -0.04824249 -2.668079 -6.572534 0.7577498 0.4925779 0.5634155 18.84482 1.557219 0 0.0 0.0494216435958599 7.093437018215993 0.0 0.0
0.05358613 0.01747187 -8.426845 -10.75856 2.203355 1.49893 -0.1329858 19.99735 nan 0 0.0 0.05636257241888273 13.665955141431754 0.0 0.0
-0.07169901 0.01316784 -3.694668 -2.048472 0.4475451 0.3487547 0.1486691 18.35297 1.657484 0 0.0 0.07289814843496163 4.224548397758984 0.0 0.0
-0.01568768 -0.01446587 -3.122779 -6.300596 0.9876512 0.6640141 0.2102232 18.99197 1.403164 0 0.0 0.02133927596333343 7.032016683573568 0.0 0.0
0.05205442 -0.03288519 -8.024463 -7.926778 0.9246311 0.6056186 0.1794628 19.3066 1.4077 0 0.0 0.06157189588499366 11.27944218034088 0.0 0.0
0.03765902 -0.04083662 -1.27296 -3.388525 2.432104 1.4582 0.4427694 20.04202 nan 0 0.0 0.055550259408798444 3.6197415428763695 0.0 0.0
-0.03944321 0.05029776 -1.82592 -2.226863 2.148441 1.343597 0.5692502 20.23246 nan 0 0.0 0.06391894457922236 2.8797400346505238 0.0 0.0
-0.0176855 0.02627478 -0.2888365 -11.93443 1.35534 0.9494149 0.3341102 19.69993 0.986784 0 0.0 0.031672400829403514 11.937924691864673 0.0 0.0
0.02924402 -0.02357821 -6.703627 -3.914795 1.148702 0.7728724 0.2868017 19.41768 1.391926 0 0.0 0.03756520587677512 7.76300424108824 0.0 1.0
-0.01992942 -0.06554345 2.061324 -2.03512 0.6577271 0.4528343 0.5043592 18.59153 1.468019 0 0.0 0.06850639108461999 2.8966825934810325 0.0 0.0
-0.002639007 0.02916394 2.296868 -7.258429 1.970423 1.239132 0.4393411 19.76178 nan 0 0.0 0.02928309673292169 7.613172410859023 0.0 0.0
-0.007753739 0.03437647 -6.632522 -10.06413 1.879722 1.484257 0.08969838 20.14919 nan 0 0.0 0.035240064672770126 12.053093409468957 0.0 0.0
-0.004172119 -0.001521535 -4.560546 -4.905389 0.1192065 0.08232267 0.03614515 14.11857 3.009047 1 0.8622023 0.004440905955589017 6.697866903681874 0.0 0.0
0.0042208 -0.07714979 -0.408851 -6.796165 0.3481721 0.2429888 0.5403911 17.72195 1.886147 1 0.0 0.07726516194045088 6.808451942066273 0.0 0.0
-0.0274731 -0.01337724 -8.050861 -4.254799 0.1988064 0.1439394 0.3521452 17.1378 2.034045 0 0.0 0.030556861318329145 9.106024235182003 0.0 0.0
0.07630217 0.01750388 -1.816367 -3.150978 0.8140521 0.517239 0.1201893 19.04176 1.648045 0 0.0 0.07828414246680677 3.6370113328353817 0.0 0.0
-0.07845232 -0.02630376 -14.18148 -6.075245 2.097624 1.594683 0.1102968 20.46656 nan 0 0.0 0.08274451222600808 15.427993284948792 0.0 0.0
-0.004089448 -0.05230468 -0.8886032 -1.043909 0.8882751 0.5583518 0.4447308 18.74449 nan 0 0.0 0.052464303434307635 1.3708981170500016 0.0 0.0
-0.05809842 -0.00379551 -3.97617 -7.723986 0.2370711 0.1767009 0.4861243 17.23881 0.9155006 0 0.0 0.05822226638199942 8.687340651608869 0.0 0.0
-0.01281806 0.06417258 -4.193229 -5.640161 2.522652 1.735601 0.1716787 20.07591 nan 0 0.0 0.06544022223388304 7.028128168464346 0.0 0.0
0.01634808 -0.08059563 -5.373926 -3.789378 0.8059102 0.5446864 0.2995703 19.21087 1.470358 0 0.0 0.08223694604484835 6.575596268047484 0.0 0.0
-0.04197077 -0.02659987 -2.029361 -5.641809 0.09851502 0.07161276 0.03930285 14.37343 2.471581 1 0.0 0.04969002534120706 5.995691358033867 0.0 0.0
-0.004384094 -0.08208601 -9.529768 0.1723312 1.402108 0.9432312 0.199108 19.09319 1.398329 0 0.0 0.08220300066251192 9.531326045011651 0.0 0.0
0.0513263 -0.03656793 3.457248 -1.722732 1.752125 1.105118 0.3595136 20.01077 nan 0 0.0 0.06302065198151238 3.8626893840079863 0.0 0.0
0.02032912 -0.07370316 -2.274447 -7.421861 1.663344 1.084851 0.3369308 20.0327 0.9471245 0 0.0 0.07645540474001822 7.762546609143806 0.0 0.0
-0.04552665 -0.01578856 -4.033947 -6.458565 1.002664 0.6752178 0.2741003 19.37983 nan 0 0.0 0.04818666295870777 7.614840133452179 0.0 0.0
-0.006244544 0.004641008 -4.817514 -4.405717 0.487198 0.359781 0.4959027 17.30143 nan 0 0.0 0.007780313941223709 6.5283063212662595 0.0 0.0
-0.004626129 -0.08145088 2.052308 -3.655532 1.704924 1.126906 0.1048527 19.842 nan 0 0.0 0.08158214830647108 4.192240729000185 0.0 0.0
0.02367227 -0.03501711 -8.61808 1.324707 1.219318 0.799521 0.302543 19.72558 1.369085 0 0.0 0.04226788804405775 8.719297650742806 0.0 0.0
0.03230995 -0.02743957 -0.1652941 -7.443286 1.119164 0.7643728 0.4307755 18.05961 1.424898 0 0.0 0.0423894193259049 7.4451211284498795 0.0 0.0
-0.02714788 -0.02258202 -3.440744 -5.982535 0.4143217 0.3265977 0.3121309 18.17033 nan 0 0.0 0.03531225022247662 6.90140886339601 0.0 1.0
0.005162292 -0.07074687 -2.349997 -2.289274 0.1862682 0.1248686 0.2157457 16.93147 1.655615 1 0.0 0.07093496227876747 3.280740975311065 0.0 0.0
0.006240537 -0.02717738 -3.144397 -7.782557 0.3402588 0.2333465 0.5164956 17.49317 1.811836 0 0.0 0.027884660401603766 8.393773046244341 0.0 0.0
-0.003687207 -0.01700347 -2.682041 -1.532151 0.2794641 0.2017421 0.4279555 17.37528 1.762257 0 0.0 0.017398663382620774 3.0888234997296298 0.0 0.0
0.03768535 -0.0424636 21.57374 6.986297 1.54958 0.8590768 -0.361917 19.55618 nan 0 0.0 0.056774491891891904 22.676741462560468 0.0 0.0
-0.02168289 -0.03907553 -3.188259 -2.645406 0.425539 0.4478425 -0.1017882 17.87532 nan 0 0.0 0.04468830678749196 4.142845441953754 0.0 0.0
-0.08060145 0.005225035 -2.345676 -4.552463 1.040215 0.700617 0.420739 19.50272 1.379488 0 0.0 0.08077063038539273 5.121241574398244 0.0 0.0
-0.01681938 -0.004172082 -2.970785 -5.505793 1.487546 0.9673021 0.3125703 19.41407 1.614889 0 0.0 0.017329103029272 6.256142587495429 0.0 1.0
-0.05672531 -0.005190953 -2.56054 -6.722377 2.036141 1.348994 0.5465879 20.17352 nan 0 0.0 0.05696232779341368 7.193519140290724 0.0 0.0
-0.04374554 0.03718688 5.249774 -0.7391381 2.028716 1.242744 0.6202889 19.31156 1.481113 0 0.0 0.05741547103373793 5.301551865439743 0.0 0.0
0.07579437 -0.01547573 -3.350186 -5.392529 3.093736 1.783184 0.05534971 20.20812 nan 0 0.0 0.07735815886336618 6.34847345827617 0.0 0.0
0.03745009 -0.02292082 -2.465082 -8.702886 1.592469 1.099837 0.2951363 19.63329 2.63352 0 0.0 0.043907553228123515 9.045266938886877 0.0 0.0
0.01489814 -0.0654053 -3.523711 -3.806735 0.9110603 0.5955182 0.305211 19.35986 nan 0 0.0 0.06708060706008555 5.18727005001147 0.0 0.0
0.002206105 0.02593862 2.968212 -0.23311 1.096777 0.7598423 0.4792052 19.14992 nan 0 0.0 0.02603226664690236 2.977351633422562 0.0 0.0
-0.06642032 0.007334757 1.590848 -7.706955 2.169948 1.49827 0.618881 19.77419 1.535944 0 0.0 0.06682407926153154 7.869431537991102 0.0 0.0
-0.01398932 -0.03926116 -5.651605 -3.476413 1.255493 0.88814 0.5651288 19.41555 1.385826 0 0.0 0.041679008608746924 6.63521562743774 1.0 0.0
-0.04262008 0.05021071 1.055619 -3.092534 1.140129 0.727865 0.403233 19.4912 1.521975 0 0.0 0.06586035695249837 3.2677359156328714 0.0 0.0
-0.02047984 5.600697e-07 -5.918168 -4.646373 0.382784 0.2509487 0.4476655 17.66987 1.73386 0 0.0 0.020479840007658213 7.524193945623212 0.0 1.0
-0.03170044 -0.003412512 0.01041112 -3.593853 0.1132632 0.07931871 0.1098246 16.22652 1.951694 1 0.0 0.03188358722514993 3.5938680800814957 0.0 0.0
0.07834094 0.008267026 -11.05965 -6.421373 2.009496 1.393127 0.04377372 19.86673 1.617609 0 0.0 0.0787759265192627 12.788662530836795 0.0 0.0
0.04117503 0.008573859 -4.945021 -8.261913 1.368089 0.9372187 -0.2190786 19.45233 1.119421 0 0.0 0.04205822337727524 9.628729880415692 0.0 0.0
0.02952915 -0.0627247 -1.390124 -4.597795 0.4076276 0.2620546 0.4844136 17.78272 1.485788 0 0.0 0.06932790700585516 4.803349206272744 0.0 0.0
0.01736514 0.05592266 -0.01993313 -5.250605 1.649616 1.408268 0.02620785 20.14971 1.329346 0 0.0 0.05855674161610429 5.250642836424564 0.0 0.0
0.04491164 0.06279636 -6.220663 -6.346547 0.2297323 0.1841844 0.164686 17.14264 2.042025 1 0.0 0.07720387449305378 8.886805218005962 0.0 0.0
-0.0326264 -0.05544907 -9.554508 -3.165992 1.765311 1.234554 0.1116477 19.64211 1.529547 0 0.0 0.06433569258836731 10.065392613610658 0.0 0.0
0.00341578 -0.02369634 1.006024 -11.71589 2.134524 1.340391 -0.02471776 19.94452 1.16153 0 0.0 0.023941263174778394 11.759003477364738 0.0 0.0
0.07978111 -0.009321703 -4.813071 -5.039831 2.195448 1.331628 0.3793491 20.01628 1.590698 0 0.0 0.08032384241090755 6.968898690582465 0.0 0.0
0.03406175 0.06696792 -4.480141 -3.344328 2.14515 1.670238 -0.2592085 20.17436 nan 0 0.0 0.07513258362514164 5.590723848614328 0.0 0.0
-0.02429215 -0.03946328 0.03555753 -1.466096 1.24597 0.8284196 0.2455798 19.78671 1.33132 0 0.0 0.046340684284771845 1.4665271286804418 0.0 0.0
0.01597403 -0.06451664 -2.535759 -7.015182 0.7781633 0.5222829 0.3264493 19.17387 1.523342 0 0.0 0.06646477617001731 7.459413663231515 0.0 0.0
0.03214844 -0.02773134 -14.54401 -8.966966 1.731215 1.094437 0.5076731 19.75614 nan 0 0.0 0.04245644135616173 17.086096866319586 0.0 0.0
0.04400541 0.01971356 -4.123717 -6.675785 0.5518743 0.4956024 0.1842371 18.13433 nan 0 0.0 0.04821929652267544 7.84672844326309 0.0 0.0
-0.04150862 0.03051396 3.44028 -7.093969 0.90316 0.5984445 0.4105191 19.28086 1.415606 0 0.0 0.051517640563073154 7.88415643245116 0.0 0.0
-0.04872385 0.03316023 -4.733264 -7.074505 1.505299 1.089574 0.2191198 19.95571 nan 0 0.0 0.058937377041020415 8.511898089657853 0.0 0.0
0.05862263 0.02377303 -1.702446 -6.085617 2.278883 1.570031 -0.5092021 19.9118 nan 0 0.0 0.0632595423908346 6.319260767970016 0.0 0.0
-0.02104643 0.007502053 -6.027403 -0.7370443 0.9576086 0.6259055 0.4177094 19.21201 nan 0 0.0 0.022343522886056018 6.072299500565785 0.0 0.0
-0.07137378 -0.03059988 6.344524 -3.39436 1.023002 0.7217645 0.2307597 18.86928 1.558517 0 0.0 0.07765673909908141 7.195461388693292 0.0 0.0
0.01928755 -0.03374212 -4.131778 -4.752426 0.2109613 0.1353025 -0.1042323 16.92884 1.871649 1 0.1308862 0.03886566926089013 6.297391708220157 0.0 1.0
