jas1101finalproject/data/gcs/NGC_6934.ecsv
# %ECSV 0.9
# ---
# datatype:
# - {name: x, unit: deg, datatype: float64}
# - {name: y, unit: deg, datatype: float64}
# - {name: pmx, unit: mas / yr, datatype: float64}
# - {name: pmy, unit: mas / yr, datatype: float64}
# - {name: pmx_e, unit: mas / yr, datatype: float64}
# - {name: pmy_e, unit: mas / yr, datatype: float64}
# - {name: pm_corr, datatype: float64}
# - {name: g_mag, unit: mag, datatype: float64}
# - {name: bp_rp, unit: mag, datatype: float64}
# - {name: filter, datatype: int64}
# - {name: memberprob, datatype: float64}
# - {name: r, unit: deg, datatype: float64}
# - {name: pm, unit: mas / yr, datatype: float64}
# - {name: member_prob_GMM, datatype: float64}
# - {name: member_prob_DB, datatype: float64}
# meta: !!omap
# - comments: [deg deg mas/yr mas/yr mas/yr mas/yr dimless mag   mag   zeroone float]
# - __serialized_columns__:
#     bp_rp:
#       __class__: astropy.units.quantity.Quantity
#       unit: &id001 !astropy.units.Unit {unit: mag}
#       value: !astropy.table.SerializedColumn {name: bp_rp}
#     g_mag:
#       __class__: astropy.units.quantity.Quantity
#       unit: *id001
#       value: !astropy.table.SerializedColumn {name: g_mag}
#     pm:
#       __class__: astropy.units.quantity.Quantity
#       unit: !astropy.units.Unit {unit: mas / yr}
#       value: !astropy.table.SerializedColumn {name: pm}
#     pmx:
#       __class__: astropy.units.quantity.Quantity
#       unit: !astropy.units.Unit {unit: mas / yr}
#       value: !astropy.table.SerializedColumn {name: pmx}
#     pmx_e:
#       __class__: astropy.units.quantity.Quantity
#       unit: !astropy.units.Unit {unit: mas / yr}
#       value: !astropy.table.SerializedColumn {name: pmx_e}
#     pmy:
#       __class__: astropy.units.quantity.Quantity
#       unit: !astropy.units.Unit {unit: mas / yr}
#       value: !astropy.table.SerializedColumn {name: pmy}
#     pmy_e:
#       __class__: astropy.units.quantity.Quantity
#       unit: !astropy.units.Unit {unit: mas / yr}
#       value: !astropy.table.SerializedColumn {name: pmy_e}
#     r:
#       __class__: astropy.units.quantity.Quantity
#       unit: &id002 !astropy.units.Unit {unit: deg}
#       value: !astropy.table.SerializedColumn {name: r}
#     x:
#       __class__: astropy.units.quantity.Quantity
#       unit: *id002
#       value: !astropy.table.SerializedColumn {name: x}
#     y:
#       __class__: astropy.units.quantity.Quantity
#       unit: *id002
#       value: !astropy.table.SerializedColumn {name: y}
# schema: astropy-2.0
x y pmx pmy pmx_e pmy_e pm_corr g_mag bp_rp filter memberprob r pm member_prob_GMM member_prob_DB
[from data line 2352]
-0.09678898 -0.02164306 -1.641529 -6.33998 2.095815 1.543171 0.268659 20.72651 0.6638374 0 0.0 0.09917927553478095 6.54904297269769 0.0 0.0
-0.02865944 0.04019493 0.5209139 3.278054 0.4246212 0.3894924 0.5409925 18.64634 1.120497 0 0.0 0.049365938650232304 3.3191850382479746 0.0 0.0
-0.03020646 -0.01442809 -2.395806 -4.566025 0.1114432 0.08570032 0.341261 16.62251 1.19926 1 0.9971423 0.03347536417695408 5.156400943512926 1.0 1.0
0.06270574 -0.02483116 -3.152111 -5.117086 1.213482 1.221527 0.3948498 20.35942 0.6159878 0 0.0 0.06744328236298408 6.010022702762194 0.0 0.0
0.001843218 -0.01771119 -2.22567 -5.060545 0.3953014 0.3163039 0.2856617 18.8435 0.8829613 0 0.0 0.01780684429683216 5.528356233630843 1.0 1.0
0.05613696 -0.0144327 5.470066 -9.806324 1.291659 0.9736277 0.2036891 19.81014 2.055868 0 0.0 0.057962583684059495 11.228784993815315 0.0 0.0
0.00148006 -0.02205709 -2.596372 -4.622763 0.10569 0.0774984 0.231802 16.5552 1.165606 0 0.0 0.0221066912239643 5.301988807660103 1.0 1.0
-0.01228964 0.002973218 6.91993 0.07146664 1.434374 1.264309 0.4995249 19.74738 0.5810242 0 0.0 0.012644179554448125 6.920299031511058 1.0 0.0
-0.05302664 -0.02331561 -2.384261 -4.515647 2.463406 2.121843 0.3518004 20.71732 0.4651814 0 0.0 0.05792617905025067 5.10644380608756 1.0 0.0
-0.02718062 -0.02372375 -2.241357 -4.919018 0.309129 0.2314898 0.2890659 18.41022 0.9607506 0 0.0 0.036077727445709494 5.4055914834338905 1.0 1.0
0.02327041 -0.01887692 -1.31699 -4.493489 0.5337801 0.4415451 0.4028002 19.28322 0.9247093 0 0.0 0.029964146746645395 4.682510657032293 1.0 0.0
0.001419529 -0.02129272 -2.544411 -4.713823 0.3626713 0.2913912 0.3486092 18.66581 1.047426 0 0.0 0.02133998565089117 5.35669250678532 1.0 1.0
-0.06900162 0.007177951 0.4013658 -0.6775783 0.3993251 0.4772198 0.5110325 18.75844 1.273216 1 0.0 0.06937396156471677 0.7875321314337149 0.0 0.0
-0.03873761 0.02333093 -0.866526 -4.744445 0.8433041 0.6385759 0.3442456 19.63247 0.6870213 0 0.0 0.04522095446999101 4.82292708494551 1.0 0.0
-0.006237128 -0.001807679 -2.696011 -4.567037 0.06251142 0.04623892 0.2427512 15.19129 1.285248 0 0.0 0.006493802357280748 5.303423636811413 1.0 0.0
0.03156279 -0.01798902 -3.997926 -5.414169 2.395642 1.328836 0.08343071 20.4398 0.9150028 0 0.0 0.036329252031173175 6.730277725475896 1.0 0.0
-0.005843793 -0.008304113 -0.7344063 -2.385102 2.026043 1.183786 0.1337157 19.97287 nan 0 0.0 0.010154221257369665 2.4956089765593665 0.0 0.0
0.003114283 -0.01265623 -1.866251 -3.024214 0.8477619 0.7347259 0.3225446 19.61449 nan 0 0.0 0.013033760639853295 3.5536971048187267 1.0 0.0
0.05977005 -0.02479771 -1.225181 -3.937948 0.5185322 0.4255032 0.3581348 19.2728 1.322613 1 0.6343191 0.06471000925858843 4.124136628855184 0.0 0.0
-0.005661956 0.01154948 -2.652602 -4.733656 0.08312291 0.06534336 0.3203898 16.062 1.182342 1 0.9996117 0.012862668230827382 5.42621382703815 1.0 0.0
0.007472303 -0.01320073 -5.288103 -10.69798 1.149678 0.7620422 0.1454851 20.00979 nan 0 0.0 0.015168868931357703 11.93360001923179 0.0 0.0
0.005141923 -0.008751872 -5.506156 -5.784148 0.3279491 0.2391044 0.2547326 15.74315 0.9653606 0 0.0 0.010150597797288247 7.985870145590899 0.0 0.0
0.01906249 0.008284948 -2.007007 -5.553092 0.4812063 0.3890121 0.2910716 19.18672 0.9609146 0 0.0 0.02078506406924944 5.9046513748495775 1.0 0.0
0.02036526 -0.02400927 -5.962431 -8.470804 1.87649 2.336573 0.6817686 20.44017 nan 0 0.0 0.03148315201501432 10.358817685246564 0.0 0.0
-0.02009351 0.08927003 -5.637008 -11.74296 2.887414 2.750731 0.3351872 20.89534 1.724993 0 0.0 0.09150348299557236 13.025857697428757 0.0 0.0
0.01821722 -0.04232086 -4.150343 -6.57358 0.9599964 0.7729042 0.2809959 20.12045 0.8566494 0 0.0 0.04607518090759927 7.774143106095295 0.0 0.0
0.0174584 0.01261409 -4.856008 -5.585472 1.712084 1.923434 -0.005030509 20.31258 nan 0 0.0 0.02153859320123067 7.4012371370499945 1.0 0.0
-0.01404471 0.008526516 -6.574 -14.32894 1.987646 3.129713 0.7685379 20.46583 nan 0 0.0 0.016430318136979455 15.765024501205191 0.0 0.0
-0.005631955 -0.008903024 1.788551 2.637287 1.603524 1.046177 -0.02861604 19.53331 nan 0 0.0 0.010534835236803706 3.1865651413347886 0.0 0.0
0.03501163 -0.001686646 -4.438678 -4.02175 1.360785 1.049836 0.3497116 20.42593 0.5766983 0 0.0 0.03505223259631569 5.989685755545445 1.0 0.0
0.07859303 -0.01514739 -3.21697 -6.186044 0.4205767 0.3353337 0.283116 18.99732 1.677481 1 0.009333547 0.08003941396832563 6.9725200860833665 0.0 0.0
0.0173374 0.01133377 11.17861 -11.25041 2.077384 1.491477 -0.01979671 20.51047 nan 0 0.0 0.020713275481509436 15.859793400300019 0.0 0.0
0.02934951 0.04174422 -2.417168 -5.013323 0.9237889 0.7198238 0.2703127 20.02179 1.059715 0 0.0 0.05102914501192921 5.565618442055923 1.0 0.0
0.04820572 0.004404763 -2.408207 -4.542194 0.7631532 0.8029808 0.4950597 19.65102 0.7970734 1 0.9652338 0.048406542716915545 5.141107593552677 1.0 0.0
-0.08056649 -0.01780159 -2.33648 -4.279159 0.9049608 0.6681561 0.2780456 19.83697 0.7423878 1 0.8959397 0.08250973225897779 4.875483620901726 0.0 0.0
-0.0009713169 0.003376929 -1.599243 -9.195667 0.975497 0.8712856 0.3785065 17.7318 nan 0 0.0 0.003513844901424451 9.333695396140694 0.0 0.0
-0.01568263 -0.09730357 -1.14397 -12.15767 0.4400241 0.3283586 0.2887833 18.90992 2.153423 1 0.0 0.09855926957147054 12.211372043705817 0.0 0.0
0.003659001 -0.008681315 -4.9236 -2.967388 0.7772266 0.6006258 0.2863464 18.59574 0.8361435 0 0.0 0.009420908578647073 5.748671890319016 1.0 0.0
0.02992475 0.03734925 -1.729167 -4.279613 0.8367375 0.7082431 0.3562021 19.84526 0.7766342 1 0.9451146 0.04785872060685493 4.615745437484395 1.0 0.0
-0.03246994 0.07115431 2.175895 -2.524048 1.012611 0.8289441 0.3186871 20.03041 1.897844 0 0.0 0.07821274087499874 3.33246715772699 0.0 0.0
-0.04025603 -0.03525172 2.170126 -5.249207 0.7174195 0.515948 0.307678 19.61705 0.8214855 0 0.0 0.05350917411359757 5.680107480032838 1.0 0.0
-0.01749445 0.01320727 -2.012097 -4.414067 0.8198199 0.6602066 0.3737147 19.8367 0.6934319 0 0.0 0.021920031059635844 4.851033067079424 1.0 1.0
0.00971138 0.007631853 8.945048 -1.348385 2.229271 1.619491 0.2152916 19.29927 nan 0 0.0 0.01235135950889654 9.046105561540227 0.0 0.0
0.01624956 -0.03213665 -3.83258 -4.711579 1.118951 0.8777537 0.2820117 20.31056 0.5816555 0 0.0 0.03601128258499133 6.073520077322623 1.0 0.0
-0.02058189 -0.001696616 -3.36205 -7.442086 0.9198609 0.8712436 0.4576263 19.57209 0.7148724 0 0.0 0.020651699732069415 8.166273583091371 1.0 0.0
0.05080544 0.02930454 -1.528019 -6.944666 0.5912954 0.4711961 0.2965868 19.51278 0.8272152 1 2.459481e-05 0.05865107670115869 7.110782510801255 0.0 0.0
-0.01582994 0.01581694 -3.044296 -4.340753 0.2087632 0.1629 0.2836997 17.86438 0.9313068 0 0.0 0.022377725339435196 5.301874644182471 1.0 1.0
0.000329989 -0.0003018709 -2.596522 -1.075494 0.5167628 0.4941624 0.6124779 16.33602 0.5950899 0 0.0 0.0004472345921189572 2.8104472669879437 0.0 0.0
0.02647937 -0.03452177 0.3713113 -1.049034 2.772199 3.374602 0.5723193 20.93597 0.6540947 0 0.0 0.043507581402898045 1.11280924450855 0.0 0.0
-0.001183236 -0.02617601 -1.746674 -4.056452 0.6637317 0.5170509 0.2945601 19.63228 0.72616 0 0.0 0.026202739302443094 4.416522714826677 1.0 0.0
-0.06549501 -0.01876348 -1.578474 0.1943123 0.4210114 0.3116886 0.2990657 18.84681 1.059902 1 0.0 0.06812976234077513 1.5903890840317314 0.0 0.0
-0.09131497 -0.04037248 -8.73855 -6.086677 0.2098645 0.1746679 0.3201785 17.50096 1.127373 1 0.0 0.09984167910973503 10.649408105844616 0.0 0.0
-0.01625391 0.007567672 -2.684959 -4.721106 0.1360296 0.1044794 0.2894875 16.93495 1.132416 1 0.9993276 0.01792928469816027 5.431192014182246 1.0 1.0
-0.01580005 0.005386603 -2.623896 -4.531077 0.1234857 0.09096254 0.2734824 16.70947 0.8432503 1 0.9991447 0.016693024647501994 5.235980232845136 1.0 0.0
0.004960385 -0.01271201 -2.201264 -5.249369 0.2165484 0.1669059 0.2555113 17.23024 0.2917328 0 0.0 0.013645534712437069 5.692226110745865 1.0 0.0
0.0009957995 -0.01001695 -1.399995 -3.152921 0.722908 0.5230627 0.08663272 19.35541 0.7798004 0 0.0 0.010066325245425972 3.4497676490259455 0.0 0.0
0.009438662 0.02418382 -12.18866 1.387723 1.526797 1.00718 0.06378927 19.80552 nan 0 0.0 0.02596046012964031 12.267404278017784 0.0 0.0
-0.05756575 -0.01873836 -3.815862 -5.06405 0.9667576 0.7255448 0.3077257 19.93124 0.6835289 0 0.0 0.06053876203352774 6.340773234042044 1.0 0.0
-0.02024852 0.008691743 -1.871693 -4.097289 0.8065653 0.7283131 0.4211331 19.774 0.6545887 0 0.0 0.022035175483041857 4.5045545657445425 1.0 0.0
0.004930166 -0.01672698 -2.678273 -2.817704 1.344658 1.0286 0.2669329 20.19971 nan 0 0.0 0.017438417264991568 3.8874930346104803 1.0 0.0
0.08112471 0.04180268 -4.800001 -15.97624 1.207101 0.9389753 0.1399983 20.2453 1.377073 0 0.0 0.09126161639904534 16.681734146592824 0.0 0.0
0.004869643 -0.01720763 -2.170873 -4.992705 0.6238943 0.5044184 0.3064909 19.56653 0.782692 0 0.0 0.01788339881466465 5.444244006210044 1.0 1.0
-0.02418052 0.04729143 -1.62942 -3.162055 1.108901 0.9122481 0.334235 20.12443 0.7872372 0 0.0 0.05311475217785827 3.557190093237217 0.0 0.0
0.0115266 0.02808487 -2.749925 -4.935707 0.3213655 0.25731 0.4296858 18.40847 nan 0 0.0 0.030358234969722796 5.650070008015299 1.0 1.0
-0.02073257 0.01187418 -2.095142 -3.121611 0.5763549 0.4212104 0.3909612 19.1756 0.9406109 0 0.0 0.023892166278454113 3.759531252095798 1.0 0.0
-0.004391085 -0.003115188 -1.219412 -5.789973 0.3487139 0.2956405 0.28834 16.78741 0.955842 0 0.0 0.00538386698875158 5.916988504845434 1.0 0.0
0.01933501 0.004644308 -1.508613 -4.550778 1.638957 2.215956 0.5218732 20.42657 nan 0 0.0 0.019884974440490588 4.794318886875694 1.0 0.0
0.002055055 -0.01501897 -10.36534 2.421259 1.404619 1.300705 0.2850318 19.36147 nan 0 0.0 0.015158915228799355 10.644377316718954 0.0 0.0
0.01745859 0.007930114 -1.509029 -4.487904 1.402081 1.117718 -0.007518228 20.3154 0.7217922 0 0.0 0.019175220281423 4.734812650576261 1.0 0.0
-0.02954203 -0.03512096 -3.316474 -4.659324 0.8237725 0.5798448 0.3088839 19.71556 nan 0 0.0 0.045893500278824884 5.719117058572241 1.0 0.0
-0.02291159 0.009101953 -2.744736 -4.990174 0.6180904 0.4908161 0.3592234 19.4224 0.7864323 0 0.0 0.024653326443754175 5.695209588765983 1.0 1.0
0.03869943 0.04719328 -11.172 -13.11158 3.498072 2.864657 0.4997911 20.82717 0.7390709 1 0.2145722 0.061031561994457424 17.225768897102967 0.0 0.0
-0.006751621 -0.003002148 27.82978 -8.148455 3.014981 2.420025 -0.1792324 19.73553 nan 0 0.0 0.0073889971404477485 28.998171903335994 0.0 0.0
0.03867317 0.001853222 -2.34863 -5.762377 0.588899 0.4653161 0.2927163 19.51355 0.8031902 0 0.0 0.03871754782563307 6.222624170478963 1.0 0.0
0.006080123 -0.01063203 -0.526066 -4.955419 0.9217989 0.7703041 0.3676787 19.91409 nan 0 0.0 0.012247773577921376 4.983264281765217 1.0 0.0
-0.008567005 0.01831918 -0.1059708 -2.909467 1.348157 0.9289776 0.1857852 20.21229 0.7902908 0 0.0 0.020223400568213673 2.9113962345482345 0.0 0.0
0.06313538 -0.06653908 -7.269219 -3.498255 0.1225762 0.09238276 0.2309547 16.9196 0.942358 1 0.0 0.09172527119060919 8.067176266512712 0.0 0.0
-0.05859355 -0.009779884 -2.229482 -4.658483 0.5165928 0.3942861 0.3376671 19.11548 0.9588356 0 0.0 0.05940412639418205 5.164499380347819 1.0 0.0
0.0105287 -0.001842883 -0.9020586 -2.412343 0.4186161 0.3255376 0.2682745 17.88196 0.8923531 0 0.0 0.010688767068361487 2.575482181550274 0.0 0.0
-0.008809406 0.003010805 -2.791965 -4.661919 0.06381134 0.04942302 0.2954038 15.48554 1.182091 1 0.9992307 0.009309703583941918 5.434018524424259 1.0 0.0
0.02345106 -0.001164799 -2.908141 -4.754302 0.1563827 0.121192 0.2633991 17.37206 1.101372 1 0.9974614 0.0234799695875868 5.573210168572957 1.0 1.0
-0.08739427 0.04234843 -4.918739 -5.396456 0.42188 0.3214578 0.3264972 18.91413 1.360193 1 0.0002024532 0.0971140975981232 7.301762164714556 0.0 0.0
0.01933665 -0.03277739 -2.616034 -5.98792 1.681029 1.463213 0.3627632 20.7504 0.6957512 0 0.0 0.038056055082399176 6.534433396673043 1.0 0.0
-0.0176759 0.01630291 -2.537835 -4.596025 0.1227282 0.09414863 0.3440162 16.72387 0.4296913 1 0.9992863 0.024046253664097034 5.250147834856652 1.0 1.0
-0.04684573 0.04169042 -1.580242 -6.694887 2.625951 2.45164 0.48802 20.79172 0.4922009 0 0.0 0.06271055364936033 6.878857224956264 1.0 0.0
-0.000668651 0.02789542 -2.543467 -3.817778 1.054854 0.8765816 0.3536995 20.17256 0.8522263 0 0.0 0.027903432604900084 4.587445175407876 1.0 0.0
0.02163481 0.008069059 -1.44307 -2.901131 1.231305 1.041323 0.1482273 20.26767 0.4162941 0 0.0 0.02309057636529632 3.24021790996547 1.0 0.0
-0.004996351 -0.003081327 -2.825639 -3.178475 1.054809 0.7295565 -0.1255652 18.98249 nan 0 0.0 0.0058701021623247755 4.252874214451445 1.0 0.0
-0.01637208 0.08452106 -5.359358 0.1161819 1.834323 1.746118 0.3651889 20.37082 1.190371 0 0.0 0.08609212848483884 5.360617166525849 0.0 0.0
-0.01459014 -0.0128167 -2.222093 -5.184903 0.3151264 0.2474275 0.3138234 18.40841 0.9653606 0 0.0 0.01942009227860671 5.6410031395185385 1.0 1.0
0.01264629 0.02724948 -4.242626 -3.78976 3.249561 1.560273 -0.3901766 20.2394 0.8024559 0 0.0 0.0300410188081979 5.688774581003891 1.0 0.0
0.005747212 -0.009878154 9.078832 -5.645454 1.945786 1.442031 0.2612834 19.68001 nan 0 0.0 0.011428401997683666 10.690946700378783 0.0 0.0
-0.04327964 -0.005184467 -2.048319 -4.19971 0.9523811 0.7555935 0.2947367 20.04749 0.5917797 0 0.0 0.043589057532868146 4.672598293226264 1.0 0.0
0.04024716 -0.001635178 -2.811047 -3.101436 2.502567 2.707022 0.6543681 20.74157 0.8024101 0 0.0 0.04028036364231688 4.1857962800768265 1.0 0.0
0.06180427 -0.07132051 -1.708102 -4.658993 0.1488065 0.1060304 0.2065781 17.11824 1.198458 1 3.412972e-05 0.0943736347551211 4.962240241710693 0.0 0.0
-0.006690551 0.03275682 -13.70754 -8.295151 1.358698 1.212198 0.3516041 20.48354 1.363863 0 0.0 0.03343310827900991 16.02205301964767 0.0 0.0
-0.01386378 -0.01194077 -3.41281 -4.298554 0.4656881 0.3710722 0.3429431 19.06768 0.9363956 0 0.0 0.01829716874495341 5.4886098956854275 1.0 0.0
-0.02536277 0.01061843 -0.9173054 -4.304038 2.234945 3.224099 0.7634018 20.42704 0.5041656 0 0.0 0.02749583891678521 4.400703614459075 1.0 0.0
-0.02451259 0.06122319 2.164188 -15.01958 2.201118 2.083706 0.382226 20.76437 1.090511 0 0.0 0.06594805578850828 15.17469910989157 0.0 0.0
0.01113408 -0.006394756 -1.229789 -5.183312 0.2105635 0.1582553 0.237149 17.25498 0.9790783 0 0.0 0.01283980692011901 5.327204170469252 1.0 0.0
-0.02972225 -0.01459454 -7.39552 -16.98942 2.042722 1.987213 0.2477188 20.44667 nan 0 0.0 0.03311212380494643 18.529277050300692 0.0 0.0
0.007351211 -0.01106498 -2.631348 -0.1313687 1.568483 1.127167 0.2663058 19.94653 nan 0 0.0 0.013284354917229553 2.634625216694718 1.0 0.0
0.02290309 0.06068905 -1.663699 -4.695347 1.147609 0.8633718 0.2329067 20.13465 0.52598 0 0.0 0.06486688154559768 4.981383122488171 0.0 0.0
0.006019202 0.01818944 -3.560852 -4.331006 0.6268963 0.2352302 -0.642587 17.67723 nan 0 0.0 0.019159502087225652 5.606895748802541 1.0 0.0
-0.0100805 0.0005999433 -2.830745 -4.637942 0.07204 0.05268471 0.2276138 15.38416 1.164994 0 0.0 0.010098337101385302 5.4335645068765865 1.0 0.0
0.01528007 -0.003278977 2.864476 -0.2755305 1.861534 2.710792 0.7816928 20.00566 nan 0 0.0 0.015627931064969187 2.8776969630255107 1.0 0.0
-0.01882341 0.07314574 -6.983566 -4.728883 1.444703 1.502831 0.3932708 20.51032 1.274643 0 0.0 0.07552893514525212 8.434010226697914 0.0 0.0
-0.009656205 0.02860649 -2.412182 -3.9658 2.636628 2.056405 0.09166154 20.66607 0.4337254 0 0.0 0.030192276580644346 4.641787548038364 1.0 0.0
0.03698066 -0.02471915 0.614519 -2.481859 0.2376714 0.1856851 0.2630743 18.13582 nan 0 0.0 0.04448151965432499 2.5568061516747806 0.0 0.0
0.02435995 -0.01922543 -2.025558 -3.091201 0.8433482 0.692611 0.4200818 19.89007 0.6514969 0 0.0 0.031032633189714984 3.6957284577962435 1.0 0.0
-0.01900801 0.002698321 0.5054528 -3.336938 1.065234 0.8111966 0.3336702 16.85652 1.01729 0 0.0 0.019198577561349198 3.3750018887212256 1.0 0.0
