jas1101finalproject/data/gcs/NGC_6642.ecsv
# %ECSV 0.9
# ---
# datatype:
# - {name: x, unit: deg, datatype: float64}
# - {name: y, unit: deg, datatype: float64}
# - {name: pmx, unit: mas / yr, datatype: float64}
# - {name: pmy, unit: mas / yr, datatype: float64}
# - {name: pmx_e, unit: mas / yr, datatype: float64}
# - {name: pmy_e, unit: mas / yr, datatype: float64}
# - {name: pm_corr, datatype: float64}
# - {name: g_mag, unit: mag, datatype: float64}
# - {name: bp_rp, unit: mag, datatype: float64}
# - {name: filter, datatype: int64}
# - {name: memberprob, datatype: float64}
# - {name: r, unit: deg, datatype: float64}
# - {name: pm, unit: mas / yr, datatype: float64}
# - {name: member_prob_GMM, datatype: float64}
# meta: !!omap
# - comments: [deg deg mas/yr mas/yr mas/yr mas/yr dimless mag   mag   zeroone float]
# - __serialized_columns__:
#     bp_rp:
#       __class__: astropy.units.quantity.Quantity
#       unit: &id001 !astropy.units.Unit {unit: mag}
#       value: !astropy.table.SerializedColumn {name: bp_rp}
#     g_mag:
#       __class__: astropy.units.quantity.Quantity
#       unit: *id001
#       value: !astropy.table.SerializedColumn {name: g_mag}
#     pm:
#       __class__: astropy.units.quantity.Quantity
#       unit: !astropy.units.Unit {unit: mas / yr}
#       value: !astropy.table.SerializedColumn {name: pm}
#     pmx:
#       __class__: astropy.units.quantity.Quantity
#       unit: !astropy.units.Unit {unit: mas / yr}
#       value: !astropy.table.SerializedColumn {name: pmx}
#     pmx_e:
#       __class__: astropy.units.quantity.Quantity
#       unit: !astropy.units.Unit {unit: mas / yr}
#       value: !astropy.table.SerializedColumn {name: pmx_e}
#     pmy:
#       __class__: astropy.units.quantity.Quantity
#       unit: !astropy.units.Unit {unit: mas / yr}
#       value: !astropy.table.SerializedColumn {name: pmy}
#     pmy_e:
#       __class__: astropy.units.quantity.Quantity
#       unit: !astropy.units.Unit {unit: mas / yr}
#       value: !astropy.table.SerializedColumn {name: pmy_e}
#     r:
#       __class__: astropy.units.quantity.Quantity
#       unit: &id002 !astropy.units.Unit {unit: deg}
#       value: !astropy.table.SerializedColumn {name: r}
#     x:
#       __class__: astropy.units.quantity.Quantity
#       unit: *id002
#       value: !astropy.table.SerializedColumn {name: x}
#     y:
#       __class__: astropy.units.quantity.Quantity
#       unit: *id002
#       value: !astropy.table.SerializedColumn {name: y}
# schema: astropy-2.0
x y pmx pmy pmx_e pmy_e pm_corr g_mag bp_rp filter memberprob r pm member_prob_GMM
[from data line 2074]
0.03706332 -0.01197802 -2.894516 -6.901076 0.3104987 0.274923 0.5308702 17.56481 1.483938 0 0.0 0.038950772168761943 7.483520082957752 0.0
0.03723718 0.009008493 1.627639 -4.287428 0.3902433 0.3228111 0.342648 18.24834 1.235525 1 7.073457e-05 0.038311362811618295 4.585983816969375 0.0
-0.01672962 -0.03033591 -5.50079 -0.1206497 0.8369032 0.7918831 0.4289283 18.93395 0.07689285 0 0.0 0.03464314680961445 5.502112955420862 0.0
0.04683883 0.008520967 -4.742257 -6.72578 0.3631096 0.3050986 0.1824317 16.62249 1.629628 0 0.0 0.04760759261277542 8.2295272077106 0.0
-0.02204762 -0.0256408 -3.866746 -5.742249 0.1161591 0.09598405 0.08162088 15.79008 1.705116 1 0.0 0.03381638910801093 6.922799159770346 0.0
0.003168425 -0.01007694 -0.1070294 -3.935605 0.09199484 0.07670927 0.1858309 15.35564 1.749241 1 0.996145 0.010563315613207105 3.937060071739998 0.0
-0.01286793 -0.02742487 -1.027114 -6.186174 0.6525343 0.5544529 0.3130281 18.64717 1.436941 0 0.0 0.030293681139831784 6.270862135884666 0.0
0.005547445 -0.0124078 -1.250266 -3.866192 0.9874785 0.8910035 0.2573153 18.82579 1.157139 0 0.0 0.013591454920942974 4.063324458078631 0.0
0.01176355 0.0158854 -2.853437 -12.45863 0.7575943 0.6331383 0.2999391 18.76258 1.736172 0 0.0 0.01976681668257436 12.781219198099569 0.0
0.00384045 -0.0006622873 0.2697266 -4.787621 0.3059785 0.2634854 0.2311211 16.047 0.7630816 0 0.0 0.0038971374969638023 4.795212954435763 0.0
0.04905008 0.007869758 -2.763212 -3.160676 0.5663966 0.532993 0.4296417 18.75445 nan 0 0.0 0.0496773936412224 4.198239313559911 0.0
0.01027691 -0.02140123 -0.1115802 -3.913034 0.08292079 0.06790105 0.168592 14.8636 1.548557 1 0.9941479 0.023740840858339454 3.914624531955529 0.0
0.02559755 0.03863048 -3.905563 -7.003664 0.1649053 0.1430175 0.2853643 15.70691 1.674418 0 0.0 0.04634165028387423 8.01902311830219 0.0
-0.02540324 -0.03982254 -4.410086 -4.499791 0.8345287 0.8676567 0.5836243 18.99556 1.258093 1 1.320759e-06 0.04723514893116354 6.300553751145768 0.0
-0.02280437 -0.01914641 1.418338 -6.357988 0.9970832 0.8207027 0.1071098 18.86748 1.473391 0 0.0 0.029776237287222843 6.5142685000227 0.0
-0.001589875 -0.004743967 1.129474 -4.206989 0.4567509 0.3895461 0.358998 18.27853 0.6279221 0 0.0 0.005003291457901888 4.355969233453905 0.0
0.007425799 0.04241884 3.509174 0.2027697 1.374693 1.902469 0.816612 19.55663 nan 0 0.0 0.04306391154707154 3.5150274129107566 0.0
0.02057539 -0.02662285 -1.932674 -7.961645 0.4576882 0.387272 0.2972185 18.46714 nan 0 0.0 0.033647032793020545 8.192863961784122 0.0
0.04079353 0.0127611 -0.587671 -0.8459074 0.3259813 0.275993 0.3164481 17.90885 1.170881 0 0.0 0.04274292646825788 1.0300080259957978 0.0
0.0286102 -0.01373067 -2.651501 -3.521215 1.051014 0.9037926 0.2285026 15.74191 1.764217 0 0.0 0.03173444252998467 4.407880741266261 0.0
0.01567595 -0.04230058 -2.60377 -6.118066 0.729062 0.6566871 0.3656487 19.05681 1.108622 0 0.0 0.045111799750607376 6.64908638786232 0.0
-0.0001343566 -0.003773117 0.09041837 -4.12055 0.6970424 0.5935636 0.2228103 15.88443 1.424265 0 0.0 0.0037755083885024758 4.121541918279306 0.0
0.02289855 -0.02478455 -2.117508 -2.940872 0.3127472 0.2798843 0.337771 16.94419 1.436588 0 0.0 0.03374340692350137 3.6238885538117755 0.0
0.02318437 0.009053673 -3.103715 -5.552837 0.5932607 0.5163615 0.4580118 18.86941 1.42741 0 0.0 0.02488943565225674 6.361371357639326 0.0
0.0005932228 -0.04497566 -5.129831 -6.461207 1.309485 1.5826 0.8404946 19.08741 1.068636 0 0.0 0.044979572093629794 8.249991635475155 0.0
0.02253468 -0.0250744 -2.354953 -5.93216 0.7428969 0.6714461 0.3493234 18.99924 nan 0 0.0 0.03371256943726479 6.382501539193625 0.0
0.0001175284 -0.04145851 -5.917701 -5.149188 0.7202916 0.6471518 0.3900935 19.04078 1.092173 0 0.0 0.0414586765869933 7.84431782787675 0.0
0.007510044 0.0466932 0.7565226 -6.419929 1.291582 1.051412 0.8833775 18.85259 1.426579 0 0.0 0.047293294314542475 6.464349527164489 0.0
0.003280643 0.0003734181 0.2373375 -5.312961 0.6083173 0.5222862 0.245292 17.92153 nan 0 0.0 0.003301826702123631 5.318259459299371 0.0
0.02891439 -0.03053257 -1.218901 -0.7363822 0.3476241 0.2945593 0.3402185 18.16743 1.275597 0 0.0 0.042050918894561626 1.4240710629311446 0.0
0.01391418 -0.03150479 -4.014108 -1.748619 0.427508 0.3496655 0.20463 18.29511 1.311838 0 0.0 0.03444061843254995 4.378439384395427 0.0
0.003253808 0.04730563 0.3350281 -2.793339 0.2674146 0.2339327 0.2974068 17.5478 1.35532 1 0.001070149 0.04741740077437569 2.813358597248244 0.0
0.003560551 -1.187361e-05 1.285428 -5.691364 0.8454512 0.6659653 -0.3658929 18.24113 nan 0 0.0 0.003560570797809732 5.834719301190075 0.0
0.005969515 0.03699442 -4.514244 -6.729991 0.7677541 0.8126602 0.5323211 19.23605 1.152773 0 0.0 0.03747295318588628 8.103775524508128 0.0
0.00610697 -0.01796012 2.366809 -1.229204 1.9357 2.353954 0.8736362 19.65163 nan 0 0.0 0.01897000245111476 2.6669696878849223 0.0
0.02937028 0.005964443 -6.4766 -3.847743 0.5447429 0.4379741 0.2740113 18.55629 1.391867 0 0.0 0.029969783575772596 7.533357402516424 0.0
0.01453168 -0.01489185 0.09479223 -1.516002 0.3573505 0.3061152 0.593846 17.7918 1.162577 1 0.0 0.02080713627688587 1.5189626825147393 0.0
-0.008054789 -0.020291 -0.1476364 -7.089801 0.3370048 0.2990982 0.4628434 17.58886 1.623035 1 0.0 0.02183126901566927 7.091338006766138 0.0
-0.01919472 -0.01392161 -5.085492 -7.39141 0.3203916 0.2680884 0.07838067 17.1985 1.592188 1 0.0 0.02371177979128728 8.971910090396804 0.0
0.01355497 0.01326453 1.287249 -6.682256 0.09617621 0.07959878 0.1554638 15.4524 1.757691 1 0.0 0.01896536231717707 6.805112433864484 0.0
0.01528895 -0.001252488 -0.181335 -3.692851 0.2200073 0.1943669 0.3443891 17.10942 1.495647 1 0.979638 0.015340166827405887 3.6973004868993273 0.0
0.008933901 -0.01576873 1.540837 -7.289068 0.3616936 0.3052678 0.5471864 17.71362 nan 0 0.0 0.018123670513742546 7.450147043461156 0.0
0.01819991 -0.002425877 -0.2011179 -3.88294 0.06897611 0.05669682 0.1788166 14.08273 1.836294 1 0.996949 0.018360871526897325 3.8881449887189663 0.0
0.03880778 0.01907312 -4.652625 -6.466519 0.5821945 0.5134525 0.4371705 18.7585 1.32123 0 0.0 0.04324150431082156 7.966353454874193 0.0
0.02167254 0.008052572 -4.306431 -5.389811 0.3881529 0.3315996 0.3772775 18.19461 1.335112 0 0.0 0.02312018394967445 6.898942714175992 0.0
0.006525775 -0.03842789 -2.168557 -9.575914 0.2464971 0.1910005 -0.3046418 16.73124 1.464126 1 0.0 0.03897805112114669 9.818389297519476 0.0
0.006471137 -0.01137787 0.9554823 -1.344168 0.7691078 0.7216218 0.1302461 18.52949 1.350754 0 0.0 0.013089367433519048 1.6491616166517125 0.0
0.03360127 0.02185928 -3.889551 -1.168583 1.380302 1.626423 0.871399 19.14523 0.9219704 0 0.0 0.04008582626978394 4.061304372918878 0.0
0.04213765 0.01396231 -0.593836 -6.755389 1.790825 2.17226 0.8745194 19.51117 1.01214 0 0.0 0.04439062567771038 6.7814395032483334 0.0
0.008597038 -0.03112668 -3.249692 -6.212669 0.4746068 0.3947233 0.2645173 18.53248 1.277948 1 0.0 0.03229209299806756 7.011259102217305 0.0
-0.0079736 0.02561888 2.719223 -0.6061009 0.08334925 0.07187121 0.1088277 15.26028 nan 0 0.0 0.026831051217095465 2.7859526242759065 0.0
0.02996538 0.03791812 -4.393541 -7.08504 0.8324651 0.7837574 0.5451268 19.07521 0.9623547 0 0.0 0.048329161206033776 8.33672563542072 0.0
0.02983673 -0.03569597 0.2001353 -8.215303 0.2868242 0.2505956 0.5350566 17.40721 1.489634 0 0.0 0.04652346430924722 8.217740414500515 0.0
0.0136606 -0.04803384 -0.5480944 -7.097418 0.8943004 0.7330604 -0.06567949 18.957 1.077824 0 0.0 0.04993858005095459 7.118549693444259 0.0
0.006723241 -0.007446842 -0.09142997 -3.792852 0.7350961 0.6765959 0.4659188 18.75583 1.49892 0 0.0 0.010032817416710273 3.793953839112727 0.0
-0.002345492 -0.01222269 -0.4251599 -3.835817 0.1352265 0.1155787 -0.04041426 16.00054 1.513311 0 0.0 0.01244570140884651 3.859307321017207 0.0
0.02447418 0.02043459 8.062151 -0.9468987 0.9347558 1.004037 0.3932153 19.06202 1.162992 0 0.0 0.03188350600452372 8.117567116745183 0.0
0.02701541 -0.01090555 -8.766079 -3.269394 1.511262 1.259451 0.2241647 19.74811 -0.2252941 0 0.0 0.029133544210593394 9.355911401968116 0.0
0.03768731 0.01683612 -0.7585191 -0.4121816 0.5384393 0.4757825 0.4659101 18.72089 1.19986 0 0.0 0.04127697023390283 0.8632756781256901 0.0
0.01103089 -0.04140366 -0.2116104 -3.806929 0.217014 0.1806916 0.2848666 16.69114 0.4487724 1 0.9275301 0.04284791238307533 3.8128057087175526 0.0
0.00968928 -0.01996877 -4.754774 -2.930253 1.31578 1.595043 0.8658897 19.16417 nan 0 0.0 0.022195358123519884 5.5851820413559485 0.0
0.01951655 0.004682623 -4.527903 -5.837919 1.644912 1.941936 0.86828 19.43163 1.18026 0 0.0 0.020070442996172982 7.3880446552501295 0.0
0.03628644 0.01282536 -3.428631 -3.554714 0.6099106 0.5232002 0.3827674 18.83519 nan 0 0.0 0.03848630388856795 4.9387753700646275 0.0
-0.03671644 -0.0112989 -1.606408 -6.573304 0.469947 0.392321 0.151825 18.57279 1.467617 0 0.0 0.03841564925240234 6.7667475303043485 0.0
-0.004584267 -0.02252053 -3.381159 -7.717805 0.1240214 0.09885717 0.3175009 15.59158 2.055634 1 0.0 0.022982379672440125 8.425956930895506 0.0
-0.001449431 -0.04929199 1.118878 -11.0086 1.338471 1.621677 0.8181731 19.11299 1.351 0 0.0 0.04931329565526787 11.065313458681773 0.0
-0.01684087 -0.03579667 -3.850147 -4.853804 0.5360745 0.4434361 0.2420725 18.60508 1.401016 0 0.0 0.039560289248763085 6.195405167704934 0.0
0.01394502 -0.004468129 0.9547137 -3.286836 1.551472 1.871041 0.8639719 19.23817 nan 0 0.0 0.014643352060270934 3.422684493181294 0.0
0.006611555 -0.001968931 0.3350436 -3.403285 0.4175208 0.3577644 0.2225931 16.40198 0.8869514 0 0.0 0.00689850337397801 3.4197372713595935 0.0
0.003504666 0.003696014 0.2639269 -3.644853 0.558902 0.4833095 0.8772481 17.18032 1.407515 0 0.0 0.005093447090110194 3.6543960924005776 0.0
0.008485444 -0.02575749 -2.597931 -2.734482 0.2714298 0.2293746 0.147132 17.03967 1.590353 0 0.0 0.027119200780576776 3.7718214816034177 0.0
-0.035855 0.01162004 0.5980709 -4.942024 1.7329 2.50388 0.7325855 19.86258 1.480358 0 0.0 0.03769093199433519 4.9780809573572435 0.0
0.03051209 -0.0195466 -3.688187 -5.081559 0.8352955 0.7433308 0.7260015 18.93061 nan 0 0.0 0.03623613124670044 6.278930260597741 0.0
0.006723272 -0.00684412 0.8133265 -3.636714 0.3223422 0.30238 0.6341446 17.44894 1.254618 0 0.0 0.00959397545131235 3.726551853040321 0.0
0.005045653 0.0402522 10.47322 7.261169 1.476687 1.952067 0.4047246 19.5365 1.32226 0 0.0 0.04056720620201013 12.744132470080535 0.0
-0.03185074 0.00709874 -3.968558 -6.600655 0.8068047 0.7230643 0.04375986 18.90513 1.592804 0 0.0 0.032632219479146685 7.7018243961018085 0.0
0.0446792 -0.003683408 -1.595547 -4.813672 0.4982333 0.403005 0.2374254 18.47169 nan 0 0.0 0.044830775223438465 5.0712136962262795 0.0
-0.01717733 -0.03078992 -4.004286 -8.308404 0.9698547 0.9765908 0.5788866 19.1147 nan 0 0.0 0.03525733738578823 9.223008370212616 0.0
-0.01149995 0.01073749 -3.725865 -6.976923 0.08385358 0.06811028 -0.01236578 15.29759 1.783814 1 0.0 0.015733484722165018 7.909457917338837 0.0
0.0320372 0.0372348 -1.740657 -5.098561 0.5438435 0.4659382 0.4322602 18.81069 1.146931 0 0.0 0.04912038797566648 5.387505086992494 0.0
-0.01639282 -0.0382075 0.8010877 0.7090844 1.302374 1.613287 0.7989418 19.154 1.216681 0 0.0 0.041575685247538616 1.0698327857261853 0.0
-0.008001182 0.01876196 -1.938636 -4.273325 0.08171888 0.06690962 0.01823144 15.2981 1.888108 1 0.0 0.020396814860137454 4.6925063767800035 0.0
-0.03562793 7.110174e-05 -5.433699 -4.206903 1.541702 2.064812 0.4337358 19.47438 nan 0 0.0 0.03562800094788271 6.871907862741613 0.0
0.004204686 0.01014665 2.425599 -4.1545 0.8200867 0.6694861 0.1394792 18.51721 nan 0 0.0 0.010983346055783546 4.8107588547755125 0.0
0.01791459 -0.04219978 1.003592 -0.3263616 0.190493 0.1633792 0.1914871 16.94296 1.577274 1 0.0 0.04584489030324426 1.0553240243728748 0.0
0.002553745 0.04637296 -6.801435 -7.889448 1.837084 2.384811 0.8387393 19.70325 1.044121 0 0.0 0.04644322375424239 10.416472906119854 0.0
0.01839193 -0.03046774 -4.354981 -1.527822 1.717339 2.009256 0.8473944 19.3536 1.432238 0 0.0 0.03558856937041021 4.615203091310826 0.0
0.003308308 -0.01269192 -5.923861 -3.520866 1.55007 1.817392 0.8883002 19.24833 1.121168 0 0.0 0.013116010640025572 6.891199208938673 0.0
0.003001645 0.04084164 -0.2945557 -8.555886 0.4676709 0.4174877 0.269404 18.75777 nan 0 0.0 0.040951793985070116 8.560954871122641 0.0
-0.01538821 -0.01421103 -0.3724613 -3.337581 0.7084311 0.6037327 0.1318523 18.8001 1.281487 1 0.7947385 0.020946369152313724 3.358299324294767 0.0
-0.004277137 -0.0001187064 0.06702056 -3.743491 0.1859788 0.1662398 0.3191245 16.08717 1.257992 0 0.0 0.004278783954135797 3.7440908940013347 0.0
0.04686341 -0.001099708 -1.120822 -0.4537651 0.1985694 0.1718648 0.2997004 17.09903 1.214762 0 0.0 0.0468763112298031 1.2091917638083753 0.0
0.007619893 0.00927865 -0.6672487 -4.355227 0.7363047 0.6490472 0.3316418 18.95227 1.346115 0 0.0 0.012006503036019646 4.406043922747558 0.0
0.03720317 -0.01230421 -0.4004463 -4.308705 0.4238328 0.3578075 0.2849649 18.36402 nan 0 0.0 0.03918506656588706 4.3272735083662885 0.0
0.02765324 -0.03915924 0.9837079 -8.873862 0.3939093 0.33503 0.3227393 18.22068 1.174305 1 0.0 0.047939000405465275 8.928219756903747 0.0
0.01965917 0.02252013 -5.872293 -3.991953 0.3675235 0.3069876 0.220714 18.05019 1.241503 0 0.0 0.029893799027654547 7.100669956564522 0.0
0.003253712 0.0434299 0.5027293 -4.999613 1.21016 1.876378 0.8254847 19.22454 nan 0 0.0 0.043551611402896956 5.024825061516818 0.0
0.02024859 0.03230664 -5.689559 -5.595423 0.4053504 0.34493 0.3126919 18.12205 1.414827 0 0.0 0.0381277377387867 7.979964922442329 0.0
0.02295764 -0.006876464 0.903017 -4.08176 1.374827 1.658821 0.8766155 19.23056 nan 0 0.0 0.02396537067338822 4.180455046988187 0.0
0.04691907 -0.001999997 -1.829453 -5.481079 0.4658728 0.3734492 0.2414751 18.3576 1.370224 0 0.0 0.04696167711725071 5.7783323964142115 0.0
0.01875821 -0.01310711 -2.473335 -4.335975 0.8356596 0.7918352 0.571831 19.10391 nan 0 0.0 0.02288376662519088 4.99179979795364 0.0
0.01954629 0.01653298 -0.342079 -4.478913 0.1570793 0.1313128 0.1789939 16.36302 1.131845 0 0.0 0.02560072031104789 4.491957224174113 0.0
-0.01614176 -0.03176635 2.191192 -2.720611 0.504502 0.424877 0.2696043 18.56524 1.365107 0 0.0 0.03563225235962639 3.4932859307799298 0.0
0.0198761 -0.02419469 -2.769828 -1.863233 0.6634338 0.5965905 0.4149167 18.86533 1.151905 0 0.0 0.03131201646981714 3.338200767160807 0.0
0.03265091 0.02799164 -1.998946 -2.787229 0.5085161 0.4372879 0.6265275 18.23012 1.331224 1 0.0 0.043007137009079086 3.4299315750255133 0.0
0.005409604 0.03897427 -3.666686 -6.739115 1.228765 1.558197 0.8225084 19.28774 1.033308 0 0.0 0.03934790385102764 7.672043874080818 0.0
0.01646043 -0.03465221 -4.124808 -4.955041 2.616461 2.327194 0.08853468 20.09993 1.228212 0 0.0 0.03836302143560906 6.44720655389177 0.0
0.01114675 0.005143267 1.019415 -4.048441 1.481401 1.402227 0.1941834 19.00213 1.186056 0 0.0 0.012276124428979572 4.174815142339359 0.0
-0.02269543 -0.001656005 -0.9824492 -3.124779 0.1972097 0.1699872 0.08037225 17.17819 1.308308 0 0.0 0.022755766202106335 3.2755839524307175 0.0
0.005352339 0.00774716 0.7745082 -2.998108 0.4604066 0.3856956 0.2291788 18.27337 1.44846 0 0.0 0.009416263634612246 3.0965326627586607 0.0
0.01438867 -0.04301378 0.7589828 -2.013564 0.1957435 0.1686254 0.2104737 16.97919 1.212759 1 0.0 0.04535657718851038 2.151858469507658 0.0
-0.001729931 0.003102863 -0.2550472 -3.689407 0.5136547 0.4294463 0.1672708 17.75458 nan 0 0.0 0.0035525230557351775 3.6982121472242286 0.0
0.04885289 0.004520527 -2.319138 -3.901174 0.6166934 0.5013669 0.01586883 18.66202 nan 0 0.0 0.04906159420269412 4.5384534415723605 0.0
0.005830059 0.04928156 -4.974356 -5.923537 0.6750445 0.5871275 0.3172112 18.96729 nan 0 0.0 0.04962521278520709 7.735147587803675 0.0
