jas1101finalproject/data/gcs/NGC_5897.ecsv
# %ECSV 0.9
# ---
# datatype:
# - {name: x, unit: deg, datatype: float64}
# - {name: y, unit: deg, datatype: float64}
# - {name: pmx, unit: mas / yr, datatype: float64}
# - {name: pmy, unit: mas / yr, datatype: float64}
# - {name: pmx_e, unit: mas / yr, datatype: float64}
# - {name: pmy_e, unit: mas / yr, datatype: float64}
# - {name: pm_corr, datatype: float64}
# - {name: g_mag, unit: mag, datatype: float64}
# - {name: bp_rp, unit: mag, datatype: float64}
# - {name: filter, datatype: int64}
# - {name: memberprob, datatype: float64}
# - {name: r, unit: deg, datatype: float64}
# - {name: pm, unit: mas / yr, datatype: float64}
# - {name: member_prob_GMM, datatype: float64}
# meta: !!omap
# - comments: [deg deg mas/yr mas/yr mas/yr mas/yr dimless mag   mag   zeroone float]
# - __serialized_columns__:
#     bp_rp:
#       __class__: astropy.units.quantity.Quantity
#       unit: &id001 !astropy.units.Unit {unit: mag}
#       value: !astropy.table.SerializedColumn {name: bp_rp}
#     g_mag:
#       __class__: astropy.units.quantity.Quantity
#       unit: *id001
#       value: !astropy.table.SerializedColumn {name: g_mag}
#     pm:
#       __class__: astropy.units.quantity.Quantity
#       unit: !astropy.units.Unit {unit: mas / yr}
#       value: !astropy.table.SerializedColumn {name: pm}
#     pmx:
#       __class__: astropy.units.quantity.Quantity
#       unit: !astropy.units.Unit {unit: mas / yr}
#       value: !astropy.table.SerializedColumn {name: pmx}
#     pmx_e:
#       __class__: astropy.units.quantity.Quantity
#       unit: !astropy.units.Unit {unit: mas / yr}
#       value: !astropy.table.SerializedColumn {name: pmx_e}
#     pmy:
#       __class__: astropy.units.quantity.Quantity
#       unit: !astropy.units.Unit {unit: mas / yr}
#       value: !astropy.table.SerializedColumn {name: pmy}
#     pmy_e:
#       __class__: astropy.units.quantity.Quantity
#       unit: !astropy.units.Unit {unit: mas / yr}
#       value: !astropy.table.SerializedColumn {name: pmy_e}
#     r:
#       __class__: astropy.units.quantity.Quantity
#       unit: &id002 !astropy.units.Unit {unit: deg}
#       value: !astropy.table.SerializedColumn {name: r}
#     x:
#       __class__: astropy.units.quantity.Quantity
#       unit: *id002
#       value: !astropy.table.SerializedColumn {name: x}
#     y:
#       __class__: astropy.units.quantity.Quantity
#       unit: *id002
#       value: !astropy.table.SerializedColumn {name: y}
# schema: astropy-2.0
x y pmx pmy pmx_e pmy_e pm_corr g_mag bp_rp filter memberprob r pm member_prob_GMM
[from data line 460]
0.05594437 -0.0701401 -4.497483 -3.572266 0.4954613 0.3398669 -0.1663382 18.06355 0.9386482 0 0.0 0.08971848283774586 5.743556190205246 0.0
-0.0456661 0.0110554 -5.762736 -4.559934 1.007454 0.7187723 -0.02729818 19.48932 0.6104336 0 0.0 0.046985258947567804 7.348613766558425 1.0
-0.007418108 0.02964741 -4.727061 -3.838901 0.279957 0.2493995 -0.1838158 17.52648 1.033472 0 0.0 0.03056136852314968 6.089521047301011 1.0
-0.004580962 -0.03405791 -4.003669 -3.944227 1.511185 1.139661 -0.1470725 20.19065 nan 0 0.0 0.03436461037773517 5.620168332807301 1.0
-0.03495243 0.06718202 -5.41706 -5.675988 2.902983 2.24256 0.05747284 20.6896 1.036318 0 0.0 0.07573041776053595 7.846105965365495 1.0
0.002724342 -0.0547545 -5.484628 -3.072112 0.6152881 0.4898162 -6.834857e-06 18.98141 0.811903 0 0.0 0.05482223371573767 6.286415229598503 1.0
-0.04082142 -0.04548082 -3.484724 -5.072369 1.901008 1.432599 0.2875773 20.20215 nan 0 0.0 0.06111377355955693 6.154041649870189 1.0
0.06718518 -0.08544167 -4.556563 -3.672061 0.5838477 0.4894735 -0.3716369 18.86958 1.107782 1 0.9823624 0.10869281201634863 5.8520336944253835 0.0
0.0338912 -0.003460194 -5.245118 -2.376555 1.298873 1.128272 -0.1135448 19.94691 0.5719776 0 0.0 0.034067379998433046 5.758409198897643 1.0
-0.02524409 -0.03820083 -5.620583 -2.879865 1.182319 0.9050647 -0.06579101 19.85471 0.8069553 0 0.0 0.04578828990710398 6.3154236340972405 1.0
0.01101765 0.02832731 -6.157407 -2.853004 0.4893149 0.4218008 -0.2569318 18.56077 0.9903622 0 0.0 0.03039449133245365 6.786257642299252 1.0
-0.018602 0.02844862 -5.295028 -4.489721 2.35786 1.902428 -0.2537522 20.31639 nan 0 0.0 0.033990563159565335 6.94225584220468 1.0
-0.06332121 -0.04410012 -1.847405 -5.826259 2.222227 1.852509 -0.4566595 20.45653 0.6622238 0 0.0 0.077164734301872 6.112135401732033 1.0
0.01621613 0.01270946 -4.742994 -3.784698 1.026595 0.8792756 -0.2635459 19.70985 0.5941448 0 0.0 0.020603233864335473 6.067942899800558 1.0
-0.008367729 -0.0583348 -5.423149 -3.536235 0.4168794 0.3643588 -0.5030155 18.0767 1.016895 1 0.9988761 0.05893189102393916 6.474218335168038 1.0
-0.04483426 -0.007605843 -5.657974 -3.834022 0.491573 0.3881114 -0.09720848 18.65586 0.5245209 0 0.0 0.045474825095741155 6.834646624453967 1.0
0.01348196 0.02360069 -5.351239 -3.181118 0.4324676 0.3030503 0.03737225 17.86323 1.034685 0 0.0 0.027180062801945473 6.225373126572013 1.0
-0.007843978 0.0002208173 -4.149335 -2.691411 0.4051496 0.3441912 -0.239226 18.19241 1.018671 0 0.0 0.007847085519125128 4.9457733584492125 0.0
-0.05127119 -0.05243633 -2.222813 -2.477899 2.807137 2.526343 -0.3491545 20.86911 0.6788025 0 0.0 0.07333691858733227 3.3287957412809215 0.0
-0.05683688 0.05477944 -2.401002 -2.398647 1.766555 1.40415 -0.2181007 20.40348 0.7856312 1 0.87592 0.07893806416962605 3.3938647637484025 0.0
-0.06369791 -0.02900553 -5.199952 -1.478258 1.375232 1.072343 -0.140576 19.98318 0.8148232 0 0.0 0.069991031632267 5.405991816204312 1.0
-0.007714234 -0.02962346 -2.873279 -4.950463 0.9372642 0.7346037 -0.1448549 19.60078 1.199713 0 0.0 0.030611415984536816 5.72388121174872 1.0
0.04013045 -0.05494489 -9.2796 -1.995778 1.471566 1.235061 -0.3269744 20.23131 0.727356 0 0.0 0.06803964986913587 9.491791505573856 0.0
0.01634437 0.01298792 -1.661858 -5.673707 2.48785 2.317432 -0.7537242 20.09303 nan 0 0.0 0.02087641005113906 5.912082808453634 1.0
0.003806901 -0.03964452 -5.624278 -4.973508 0.7036079 0.5786214 -0.1959345 19.19773 0.7235374 0 0.0 0.039826881138926774 7.507881515271003 1.0
-0.01577451 -0.03366958 1.454041 0.0594066 2.418213 1.617088 0.4176865 20.05711 nan 0 0.0 0.03718165923027777 1.4552540581646078 0.0
0.0135357 -0.0121888 -5.593728 -4.323201 0.1947293 0.175245 -0.3462957 16.55361 1.120705 0 0.0 0.01821488457086676 7.069643542950733 1.0
0.1285238 -0.02535467 -2.885949 -5.477082 0.3929406 0.3266569 -0.2247896 18.49014 1.206303 1 0.0 0.1310008643377932 6.190890797399434 0.0
0.006057428 -0.02692639 -2.20484 -1.832577 2.651953 1.976928 -0.03376153 20.44809 1.211376 0 0.0 0.027599328115142294 2.8669945738576135 0.0
-0.01851245 -0.004311985 -6.044816 -3.89526 0.5129122 0.4085339 0.1324957 18.59477 nan 0 0.0 0.01900799883319454 7.191164783361316 1.0
-0.02220264 0.002450969 -5.93365 -3.798653 0.3463087 0.2198664 0.6828204 16.80461 0.08999252 0 0.0 0.02233751266387019 7.045421700431351 1.0
-0.08321245 0.002936769 1.158831 -1.670272 3.254124 2.302713 0.09412795 20.73057 0.6404858 0 0.0 0.08326425672016691 2.032903795201583 0.0
-0.04080609 -0.04946336 -4.886186 -3.357682 0.7444468 0.5914667 -0.05478607 19.07931 0.8967876 1 0.9950067 0.06412301430514399 5.928645885842736 1.0
-0.01541307 0.05192844 -6.785104 -1.107718 1.697071 1.448841 -0.220349 20.36283 0.6743126 0 0.0 0.05416756970419201 6.87493094207789 1.0
0.01870896 0.01161817 -6.395934 -6.575588 1.361563 1.151086 -0.2118685 20.06173 1.665228 0 0.0 0.022022875798371568 9.173130832932667 0.0
-0.001419665 -0.01034188 -5.775093 -4.301233 1.378273 1.688103 -0.7925787 19.31356 0.8929214 0 0.0 0.010438866348728917 7.200854427006423 1.0
-0.03265268 -0.08745761 -5.175248 -1.72291 2.342015 1.776511 -0.3038302 20.71097 0.7473049 0 0.0 0.09335433068741107 5.454503710660027 0.0
0.03392077 0.001296727 -3.441634 -3.512532 1.485204 1.257904 -0.2293528 20.19969 0.5168839 0 0.0 0.033945546663817765 4.9175934806549435 1.0
0.05115608 0.08311704 -4.510302 -2.662675 0.8407554 0.7214073 -0.2589297 19.39825 0.8842659 0 0.0 0.09759808839996817 5.237619906677937 0.0
-0.005010963 0.04838339 -4.744749 -0.558448 3.033858 2.332298 -0.1440766 20.64946 0.4708023 0 0.0 0.04864218516965977 4.777500103789114 1.0
-0.01053748 0.01890313 -5.304684 -3.553121 0.08991762 0.07733876 -0.2644167 15.25323 1.150671 1 0.9999188 0.021641783857790003 6.384695856538274 1.0
-0.006247441 -0.02761114 -2.186669 -5.410104 2.253037 2.02303 -0.2424109 20.48824 nan 0 0.0 0.028309107565376922 5.835301757953653 1.0
0.02092242 -0.05127504 -5.88614 -3.118722 0.7290436 0.6158612 -0.2405867 19.19834 0.7954826 0 0.0 0.055379394955687264 6.6613115084706855 1.0
-0.03824011 -0.005090122 -5.191487 -4.701081 1.269114 0.9813226 0.1793037 19.80228 nan 0 0.0 0.03857739434937233 7.003691872129299 1.0
-0.02557923 0.006123982 -5.056925 -3.639949 1.515442 1.22709 -0.1855729 20.22771 0.7972298 0 0.0 0.026302094268883306 6.230707759013096 1.0
0.008894236 0.01825665 -4.509398 -3.261016 0.964456 0.8196127 -0.3011297 19.55548 0.7403584 0 0.0 0.020307946800358623 5.564970410942003 1.0
-0.003613175 -0.009006773 -4.0861 -1.825511 0.6359717 0.5281987 -0.1772064 18.55748 0.8355637 0 0.0 0.009704483162649827 4.475343966794172 0.0
0.002995197 -0.03927829 -4.484625 -2.316419 0.8782029 0.6659123 -0.1923279 19.41818 0.6525784 0 0.0 0.03939232501887784 5.047539833838461 1.0
0.004932926 -0.008831335 -2.041432 -2.161627 1.02192 0.8606607 -0.2773737 18.48606 nan 0 0.0 0.010115643173011836 2.9732265130246973 0.0
0.04053594 0.07500073 -5.145111 -3.161084 2.04191 2.381776 -0.7191359 19.84113 0.7474079 0 0.0 0.08525416079122766 6.038594145774081 1.0
-0.03792669 -0.005297943 -3.870556 -3.274025 0.7346214 0.5754803 -0.1583242 19.28659 0.8055 0 0.0 0.03829493457870569 5.0695604789528845 1.0
0.03365975 0.04404047 -3.69226 -5.419465 1.762353 1.526685 -0.4001586 20.25797 0.750145 0 0.0 0.055430512967889804 6.5576966073328675 1.0
-0.02158882 -0.00649822 -8.088079 -2.235823 1.91297 1.292892 0.2360757 20.02886 0.6728153 0 0.0 0.022545598509704726 8.391419808207072 1.0
-5.230459e-05 -0.001924744 -8.031662 -1.51923 0.8914594 0.7546268 -0.2382793 19.26455 0.8732758 0 0.0 0.001925454553000685 8.174084308052127 0.0
-0.05101716 -0.08725868 -6.874081 -2.451867 1.583481 1.279161 -0.2842293 20.26329 0.8260574 1 0.9439172 0.10107832532154458 7.298262901557466 0.0
0.03201804 0.02942672 -5.815711 -2.790489 0.8148666 0.7028512 -0.2744802 19.35389 0.663353 0 0.0 0.04348662708695628 6.450528915882945 1.0
0.0408203 0.02033415 -5.483478 -2.14815 0.8996838 0.7719144 -0.2730903 19.50117 0.6396065 0 0.0 0.045604545259354354 5.889234194611724 1.0
0.02320046 -0.05306256 -6.136552 0.6589812 1.642085 1.379031 -0.3598094 20.26663 0.9566536 0 0.0 0.0579128363833546 6.171833331406272 1.0
-0.07966197 0.1032709 -5.631018 -12.27298 0.472483 0.335246 -0.07537042 18.51577 1.273966 1 0.0 0.13042587262920996 13.50312563063545 0.0
-0.0263407 -0.03777568 -6.058071 -3.710235 0.3402092 0.2743273 0.1151626 17.94053 1.059576 0 0.0 0.046052518671104194 7.103947353145714 1.0
-0.07497396 -0.03550529 -6.262045 -3.066826 0.8866982 0.6997654 -0.1608265 19.52799 1.004604 1 0.986945 0.08295613477052617 6.972706023940848 1.0
-0.00436914 0.02720231 -7.537276 -1.955234 2.067088 1.482398 -0.1887532 20.41186 nan 0 0.0 0.02755095377070819 7.786749610391489 1.0
0.04539941 -0.006585583 -1.735985 -4.906342 3.092041 2.844702 -0.7692544 20.46207 0.3149071 0 0.0 0.04587457173421883 5.204405416682006 1.0
-0.1267461 0.03893978 -1.019113 -9.761134 0.110974 0.08235157 -0.03044759 15.90377 1.218696 1 0.0 0.13259291207171822 9.814190148592242 0.0
-0.09622878 -0.06822279 -3.60433 -6.930618 0.7202545 0.5561072 -0.1824804 19.06476 1.586262 1 3.847894e-06 0.11795900633555922 7.811828250212878 0.0
-0.03533778 -0.05071318 -2.206274 -8.008495 3.515071 3.067878 -0.1679608 20.73636 0.9493694 0 0.0 0.06181088351609933 8.30684278941771 1.0
-0.00344287 0.01772281 -6.557906 -5.262128 1.867297 1.361097 -0.0906252 20.10809 nan 0 0.0 0.01805412274614859 8.408098607486712 1.0
0.01403495 -0.004364903 -5.050986 -3.771147 0.9509237 0.7931414 -0.3152142 19.48693 0.4920521 0 0.0 0.014698033871981278 6.303491831342768 1.0
-0.02574822 -0.005163736 -5.647899 -4.72003 1.630304 1.368755 -0.4406502 20.10311 0.4821625 0 0.0 0.026260902548200737 7.360533018409808 1.0
-0.0137809 -0.0319871 -4.875333 -3.595206 0.850251 0.7322827 -0.3097387 19.46755 0.6770439 0 0.0 0.034829409573232786 6.057588467643292 1.0
0.04047199 -0.003253934 -5.903402 -3.962602 0.6047279 0.5244762 -0.2891375 18.92521 0.96488 0 0.0 0.04060258687616413 7.110018972127149 1.0
0.001087345 0.0140493 -2.671069 -4.792331 2.039616 1.638894 -0.08877215 19.9858 nan 0 0.0 0.014091314688098659 5.4864420179495195 1.0
0.032789 -0.02804376 -7.078421 -5.066996 2.766498 2.302515 -0.4409301 20.56948 0.5971928 0 0.0 0.043145926759516944 8.705084279733137 0.0
-0.03926562 -0.005241069 -5.140921 -4.160428 0.6889989 0.5482312 -0.1468999 19.1731 0.9510078 0 0.0 0.03961385765419926 6.613488479722709 1.0
-0.03625818 -0.01344954 -3.021188 -3.853756 1.028697 0.7576971 -0.05003185 19.60983 0.5453053 0 0.0 0.03867228649981793 4.896836962660693 1.0
-0.002943909 1.118616e-05 -4.073451 -2.649108 0.9226546 0.7975884 -0.2672961 19.50787 0.7907257 0 0.0 0.0029439302523083907 4.8590921214837035 0.0
0.009690297 -0.008223124 -1.656928 -6.380619 1.642321 1.352743 -0.07528193 20.05188 nan 0 0.0 0.012709115794089888 6.592246143792343 1.0
-0.04268692 -0.04527725 -4.810578 -2.248112 1.671935 1.109486 0.3420033 19.86142 0.8565979 1 0.9789946 0.06222702392569405 5.309959346231193 1.0
0.02496949 -0.03304141 -3.794926 -4.817652 1.74153 1.544323 -0.3149303 20.11524 0.36026 0 0.0 0.0414150963496187 6.132799861285219 1.0
0.04720209 0.01859277 -6.226703 -3.108637 0.698898 0.5694587 -0.145606 19.00818 0.7775478 0 0.0 0.05073192679803321 6.959558480821753 1.0
-0.02788367 -0.08720487 -5.502277 -3.844833 0.7550419 0.6517493 -0.596438 18.95005 0.8858852 1 0.990439 0.09155429211340013 6.712510184917265 1.0
-0.009397876 0.02026696 -5.300861 -3.536443 0.1138466 0.1015981 -0.3284356 15.77868 1.210382 1 0.9999164 0.022339868866064906 6.3722489306029155 1.0
0.03550025 -0.00565402 -4.080039 -2.591315 2.027673 1.913043 -0.3745553 20.2706 nan 0 0.0 0.03594767992823598 4.833387184030056 1.0
-0.01213369 0.02680515 -4.340701 -3.122206 1.782524 1.51074 -0.09742893 20.1883 0.6370182 0 0.0 0.029423502502907435 5.346948239681866 1.0
-0.05208556 -0.04463937 -10.46676 -2.362163 1.367559 1.031046 -0.05518127 19.95925 0.7782516 0 0.0 0.06859722235273452 10.729999018460767 0.0
-0.02854039 -0.003224471 -7.378832 -2.561659 3.310624 2.385464 -0.1348343 20.57015 nan 0 0.0 0.02872196153785359 7.8108423692009685 1.0
0.009154468 0.08038849 -4.047974 -6.787196 1.586667 1.330657 -0.2353947 20.09424 0.7973938 0 0.0 0.08090805651381774 7.902665565939888 0.0
0.03996366 0.01337065 -4.832284 -3.216595 1.110459 1.359152 -0.7876903 19.01569 0.7742233 0 0.0 0.042141053641527516 5.804950650150352 1.0
-0.0426048 0.01616991 -5.790816 -3.968703 0.7045992 0.5855737 -0.2962966 18.98993 0.9257431 0 0.0 0.045570110516083895 7.0202673345154745 1.0
0.05829875 -0.02057475 -6.217751 -3.860534 1.50084 1.279152 -0.2760861 20.27616 0.5281963 0 0.0 0.061822848439108666 7.318753327115008 1.0
-0.001619546 0.03342223 -5.178582 -3.935189 0.715186 0.6192949 -0.2811637 19.16565 0.9951401 0 0.0 0.03346144628402986 6.50410823990845 1.0
-0.009155359 0.0148749 -5.104861 -1.684573 0.6098001 0.531222 -0.3006177 18.6327 nan 0 0.0 0.01746663242954637 5.37562945352914 1.0
-0.004139479 -0.03438978 -5.928585 -3.117489 2.041268 1.782473 -0.3395099 20.54764 nan 0 0.0 0.03463801747848513 6.698272745069881 1.0
0.04177485 -0.03035962 -1.8791 -2.445722 1.449089 1.174718 -0.2862035 20.12873 0.767889 0 0.0 0.051641500937394336 3.0842459226339263 0.0
-0.0491377 -0.04514 -6.556763 -3.080278 1.217522 0.9569853 -0.1976336 19.99635 0.6540489 0 0.0 0.06672430712484019 7.24425659370601 1.0
-0.009964449 -0.02879771 -12.11666 1.196816 0.9541248 0.7856502 -0.2323997 19.16457 nan 0 0.0 0.030472911661305047 12.17562393035593 0.0
-0.008386749 0.02666045 -5.753744 -3.76961 0.3426495 0.2972102 -0.2745766 17.90694 0.9955082 0 0.0 0.027948473178180968 6.878628465736175 1.0
0.01038673 -0.02973615 -4.921154 -4.226855 0.660758 0.5772618 -0.330932 19.04984 0.8159218 0 0.0 0.03149798052122389 6.487222817411237 1.0
0.04522278 0.02156312 -4.80387 -3.437537 1.278451 1.115879 -0.2881942 20.02914 0.667532 0 0.0 0.050100578590100135 5.907099762427328 1.0
0.005089925 0.0005470933 -9.318347 -1.026398 1.846154 1.251108 0.4198951 19.75214 nan 0 0.0 0.005119242872196034 9.374704457571609 0.0
0.06135361 0.03106359 -5.128823 -3.744333 0.2550124 0.254581 -0.5395678 16.74651 0.1773968 1 0.9988284 0.06876926700002116 6.3501854288058395 1.0
0.04444087 -0.02072828 -2.437231 -3.886992 2.057089 1.801177 -0.3211461 20.62045 nan 0 0.0 0.04903725642932422 4.587897313086355 0.0
-0.01235961 0.002246116 -11.57882 -5.605732 2.671706 1.927512 0.3419453 20.32413 nan 0 0.0 0.012562045869903357 12.864420074306654 0.0
0.01199594 -0.03077387 -7.105476 -1.677539 2.307054 1.979909 -0.5311142 20.52529 0.5737991 0 0.0 0.033029284752481396 7.300816823006656 1.0
-0.000337311 0.05259872 -6.966555 -3.822162 1.475922 1.240054 -0.233643 20.15509 0.732893 0 0.0 0.05259980156187969 7.946182160148922 1.0
-0.008984456 0.01564167 -5.537347 -3.468049 0.2152487 0.1849737 -0.2746054 16.96274 1.074202 1 0.9998172 0.018038356078224977 6.533726016968419 1.0
0.003765213 0.001273832 -12.71807 3.041214 0.8886244 0.7550575 -0.26659 19.47623 0.4948063 0 0.0 0.0039748555822310076 13.076631336804446 0.0
0.00406326 -0.03858594 -1.712808 -6.060557 2.653425 1.787163 0.2627749 20.46041 0.6149406 0 0.0 0.038799289265541964 6.29794112350322 1.0
0.1499223 -0.01816487 -4.993392 -9.535492 0.3656568 0.3156244 -0.2185905 18.27995 0.8422661 1 0.0 0.1510187357231112 10.763808403521868 0.0
-0.002402554 -0.004335652 -5.626714 -3.225003 0.1852479 0.1636277 -0.3061085 16.84741 1.105465 1 0.9997112 0.004956828016788559 6.485410918963038 1.0
0.02857812 -0.003775702 -14.63937 -11.04096 1.576872 1.336698 -0.4170589 19.44627 nan 0 0.0 0.028826461252245375 18.336137862660717 0.0
-0.01614799 -0.003976017 -4.144048 -2.258972 0.7775995 0.6188311 -0.1714566 19.37481 0.8362274 0 0.0 0.016630282385587714 4.719755112618451 1.0
0.004548457 -0.005367577 -6.879039 -4.886935 1.425632 1.274889 -0.3213637 19.06494 0.6354103 0 0.0 0.00703557701484235 8.438205452449354 0.0
0.005586479 -0.05277476 -5.183821 -4.293469 0.5628561 0.4474911 -0.1602061 18.89366 0.9618187 0 0.0 0.05306961504170763 6.730963988464208 1.0
