jas1101finalproject/data/gcs/NGC_5904_M_5.ecsv
# %ECSV 0.9
# ---
# datatype:
# - {name: x, unit: deg, datatype: float64}
# - {name: y, unit: deg, datatype: float64}
# - {name: pmx, unit: mas / yr, datatype: float64}
# - {name: pmy, unit: mas / yr, datatype: float64}
# - {name: pmx_e, unit: mas / yr, datatype: float64}
# - {name: pmy_e, unit: mas / yr, datatype: float64}
# - {name: pm_corr, datatype: float64}
# - {name: g_mag, unit: mag, datatype: float64}
# - {name: bp_rp, unit: mag, datatype: float64}
# - {name: filter, datatype: int64}
# - {name: memberprob, datatype: float64}
# - {name: r, unit: deg, datatype: float64}
# - {name: pm, unit: mas / yr, datatype: float64}
# - {name: member_prob_GMM, datatype: float64}
# - {name: member_prob_DB, datatype: float64}
# meta: !!omap
# - comments: [deg deg mas/yr mas/yr mas/yr mas/yr dimless mag   mag   zeroone float]
# - __serialized_columns__:
#     bp_rp:
#       __class__: astropy.units.quantity.Quantity
#       unit: &id001 !astropy.units.Unit {unit: mag}
#       value: !astropy.table.SerializedColumn {name: bp_rp}
#     g_mag:
#       __class__: astropy.units.quantity.Quantity
#       unit: *id001
#       value: !astropy.table.SerializedColumn {name: g_mag}
#     pm:
#       __class__: astropy.units.quantity.Quantity
#       unit: !astropy.units.Unit {unit: mas / yr}
#       value: !astropy.table.SerializedColumn {name: pm}
#     pmx:
#       __class__: astropy.units.quantity.Quantity
#       unit: !astropy.units.Unit {unit: mas / yr}
#       value: !astropy.table.SerializedColumn {name: pmx}
#     pmx_e:
#       __class__: astropy.units.quantity.Quantity
#       unit: !astropy.units.Unit {unit: mas / yr}
#       value: !astropy.table.SerializedColumn {name: pmx_e}
#     pmy:
#       __class__: astropy.units.quantity.Quantity
#       unit: !astropy.units.Unit {unit: mas / yr}
#       value: !astropy.table.SerializedColumn {name: pmy}
#     pmy_e:
#       __class__: astropy.units.quantity.Quantity
#       unit: !astropy.units.Unit {unit: mas / yr}
#       value: !astropy.table.SerializedColumn {name: pmy_e}
#     r:
#       __class__: astropy.units.quantity.Quantity
#       unit: &id002 !astropy.units.Unit {unit: deg}
#       value: !astropy.table.SerializedColumn {name: r}
#     x:
#       __class__: astropy.units.quantity.Quantity
#       unit: *id002
#       value: !astropy.table.SerializedColumn {name: x}
#     y:
#       __class__: astropy.units.quantity.Quantity
#       unit: *id002
#       value: !astropy.table.SerializedColumn {name: y}
# schema: astropy-2.0
x y pmx pmy pmx_e pmy_e pm_corr g_mag bp_rp filter memberprob r pm member_prob_GMM member_prob_DB
[from data line 10738]
-0.1462747 -0.1055849 -4.382999 -3.202718 0.4834201 0.4149538 0.08488701 18.84445 1.242283 1 0.0 0.18040082862365128 5.428451235990336 0.0 0.0
-0.1297195 0.009856684 0.4610995 -11.11364 3.136885 2.227097 0.01130363 20.61538 0.6646652 0 0.0 0.1300934391109938 11.123201283735733 0.0 0.0
-0.02674616 -0.02268398 16.82107 -28.86764 0.9669434 1.34067 -0.7963827 18.53323 0.7101307 0 0.0 0.03507021561647433 33.4109119168349 0.0 0.0
-0.02354471 -0.07965985 5.055069 -9.934486 0.8935934 0.8131679 0.02289432 19.59164 0.764925 0 0.0 0.08306650992431668 11.146646790804713 0.0 0.0
0.04014946 0.03593819 3.491567 -11.70893 1.801631 1.95411 -0.5104125 19.79789 nan 0 0.0 0.053884437816197915 12.218432054088977 0.0 0.0
-0.01584313 -0.01923492 4.257161 -9.321267 0.2254544 0.2027925 -0.0968711 16.73606 0.9325418 0 0.0 0.02491960905799487 10.247411295796125 0.0 0.0
0.04861246 0.03096358 2.695635 -7.591541 1.497645 1.396462 -0.1543281 19.70707 nan 0 0.0 0.057636052551055236 8.055925943546526 0.0 0.0
-0.2940625 -0.127802 -3.611922 -5.094771 0.8943003 0.830952 -0.01056195 19.55684 1.114647 1 0.0 0.320633911354133 6.245211932074443 0.0 0.0
-0.09049144 -0.1078625 4.101233 -12.39846 2.216736 1.982645 -0.1343433 20.42385 1.162992 0 0.0 0.14079424569038182 13.059170053716622 0.0 0.0
0.03189954 0.06218168 3.636804 -9.298509 1.496763 1.795484 -0.4360605 19.59537 nan 0 0.0 0.06988663663272114 9.984418508731341 0.0 0.0
0.04943807 -0.03944711 4.417547 -9.677654 0.3828083 0.4070808 -0.2610625 18.20739 0.6046467 0 0.0 0.0632471126034778 10.63821923260303 1.0 0.0
0.02313183 0.06520896 3.077209 -9.772618 0.7702622 0.9479992 -0.3826888 18.97935 0.6682606 0 0.0 0.06919024514648361 10.245646773318168 0.0 0.0
-0.02078453 -0.07750887 6.316348 -12.29484 0.6138703 0.5412691 0.06880013 19.00661 0.7006035 0 0.0 0.0802472530121611 13.82242173726095 0.0 0.0
0.141925 -0.05364242 3.695579 -9.498136 0.5317526 0.5425925 -0.3467537 18.8525 0.6977825 1 0.9995168 0.1517241406252031 10.191756061628292 0.0 0.0
-0.04928642 -0.09928596 4.363544 -9.908188 2.179702 2.255327 -0.256692 20.4947 0.482399 0 0.0 0.11084607818744875 10.82648168535282 0.0 0.0
-0.004238635 0.00831403 8.388859 -7.059804 0.628149 0.3246845 0.8618844 15.49988 nan 0 0.0 0.009332155244321913 10.964204843047078 0.0 0.0
0.1393489 -0.06542577 6.731119 -11.65432 3.158355 3.348823 -0.601432 20.76233 0.7375641 0 0.0 0.15394364979206807 13.458496857173946 0.0 0.0
0.09114289 -0.01407323 4.176414 -10.14225 0.6137696 0.6012041 -0.15104 18.91887 0.5608063 0 0.0 0.0922230025545959 10.968485262874543 0.0 0.0
-0.03127756 -0.1526931 3.865506 -9.581794 0.08000297 0.07741695 -0.1778046 15.06391 0.2520552 1 0.9997042 0.1558636216285365 10.332130123767897 0.0 0.0
0.002531774 0.001678838 3.814992 -6.600966 0.2262869 0.266858 -0.3408247 14.84977 0.4391499 0 0.0 0.0030378243229851197 7.624101002296598 0.0 0.0
-0.1163344 -0.03341328 2.470194 -10.1733 1.364472 0.9741613 0.2706891 19.80842 0.6242905 0 0.0 0.12103776230465597 10.468901149960104 0.0 0.0
0.05852564 -0.01486323 -3.899123 -8.825179 3.093585 3.285854 -0.4489665 20.62158 nan 0 0.0 0.060383492309094705 9.648157572882504 0.0 0.0
0.06161896 0.04091038 2.034966 -9.710565 1.400466 1.539154 -0.255765 20.01164 0.451004 0 0.0 0.07396320317040089 9.921499848328429 0.0 0.0
-0.2477354 0.05910805 2.141988 2.668793 0.7857789 0.7311574 0.003185159 18.84628 1.872524 0 0.0 0.25468920273141243 3.4220708158939375 0.0 0.0
-0.06012543 -0.005266343 4.009807 -9.845955 0.08655168 0.07123574 0.1513978 11.96102 1.645038 1 0.9999859 0.06035562692308439 10.63115149169054 1.0 1.0
-0.04909972 0.02165693 3.522826 -9.304273 0.9802674 0.9595192 0.03562269 19.298 0.922842 0 0.0 0.053663815752360546 9.94885918509278 0.0 0.0
0.06570219 0.1177387 3.388817 -9.812258 1.095865 1.110974 -0.1150975 19.67421 0.7183399 1 0.9984474 0.13483018671086272 10.380967571380472 0.0 0.0
0.01892334 0.06694888 9.951314 -3.746345 1.731625 1.880313 -0.3423379 19.55556 0.7692757 0 0.0 0.06957187168683908 10.633143993458425 0.0 0.0
0.05171016 -0.03846857 4.877002 -9.49789 1.418189 1.133886 0.04417661 19.48066 0.7122841 0 0.0 0.06444975969753883 10.67684705145222 1.0 0.0
0.001830408 -0.06374559 5.193146 -9.99825 1.422107 0.9332022 0.3066099 19.6766 0.6510563 0 0.0 0.06377186399890288 11.266488736062183 0.0 0.0
-0.1398036 -0.04460417 4.326854 -6.409905 2.052013 1.659681 0.0182432 20.36902 0.6539154 0 0.0 0.14674664750633623 7.733598622009097 0.0 0.0
0.003980583 -0.07172402 5.070081 -10.8578 1.328436 1.129799 0.01376096 20.10482 nan 0 0.0 0.07183439347541183 11.983219191292504 0.0 0.0
0.203831 -0.1319575 -15.13891 0.7399198 0.7792868 0.7692999 -0.3595654 19.29653 2.049746 1 0.0 0.24281651172696228 15.156981140666899 0.0 0.0
0.04669113 0.03180634 2.669356 -9.066559 2.351209 2.737954 -0.3128997 20.22999 nan 0 0.0 0.05649517576636522 9.451346653002258 0.0 0.0
0.01724844 -0.1562236 3.43971 -10.51416 0.6051334 0.5162856 -0.05691015 19.06354 0.7056427 1 0.9986996 0.1571729044059236 11.062511712522614 0.0 0.0
0.003263721 -0.002652511 5.447555 -12.95043 0.6388599 0.5418078 0.00987096 13.78485 0.9959688 0 0.0 0.004205673474125399 14.049537097816605 0.0 0.0
0.05660928 -0.1601554 4.097933 -9.686016 0.06085819 0.05785019 -0.2213988 14.86983 1.118032 1 0.9999427 0.1698657197061208 10.517222105895883 0.0 0.0
0.0887794 -0.01554536 4.308758 -9.7515 0.986147 0.9936115 -0.1971268 19.53975 0.5049286 0 0.0 0.09013012860242461 10.661010634670806 0.0 0.0
-0.06599726 -0.03072111 4.3689 -10.33013 0.3239087 0.3151842 -0.1057928 18.15452 0.7395668 0 0.0 0.07279714916904165 11.216009674875464 0.0 0.0
-0.06060102 -0.08193039 5.288403 -8.601805 0.79991 0.6587427 0.08030264 19.16098 0.6317177 0 0.0 0.10190717555988146 10.097438068561452 0.0 0.0
-0.1442618 0.06243519 0.2751359 -11.92522 1.106216 0.9405441 0.08629051 19.81892 0.7923851 0 0.0 0.1571929384214701 11.928393513456403 0.0 0.0
0.1233421 -0.1319084 3.096675 -8.110937 2.422929 2.71404 -0.6438682 20.40211 0.7685757 0 0.0 0.18059097325993345 8.681975297914294 0.0 0.0
-0.01631548 0.0157387 3.75048 -9.986698 0.088147 0.08428392 -0.1150799 14.92995 1.074582 0 0.0 0.022669397109768934 10.66771939889703 0.0 0.0
-0.01181714 0.01815575 3.093182 -10.31848 0.2615175 0.1366122 0.7212148 15.02038 1.056075 0 0.0 0.02166278042731588 10.772130912476138 0.0 0.0
0.0319001 0.03539893 4.728508 -11.03022 0.2946124 0.4159858 -0.7383658 17.04491 0.9155331 0 0.0 0.04765186906255515 12.00102250453952 0.0 0.0
0.1820914 0.2007544 -8.147814 3.859201 1.186186 0.9982503 -0.0499103 19.644 1.407772 1 0.0 0.2710343282193604 9.015559069575053 0.0 0.0
0.128519 -0.02946341 7.492877 -8.740552 3.027801 3.067201 -0.4393903 20.4719 0.6180592 0 0.0 0.13185304657014224 11.51262155209807 0.0 0.0
0.05759299 0.05193303 4.191443 -10.70873 0.2692931 0.2683536 -0.1206278 17.76176 0.7673664 0 0.0 0.0775499329601322 11.499786634331482 0.0 0.0
-0.03743583 -0.02976932 4.442902 -9.895995 0.7835811 0.4903149 -0.1171983 17.87936 0.7627621 0 0.0 0.047829423800118065 10.847584764436228 0.0 0.0
-0.0258779 -0.08095084 6.233399 -8.789472 0.3325516 0.2936252 0.130194 18.01242 0.7612114 0 0.0 0.08498649425123735 10.775438790693629 0.0 0.0
0.04359499 0.05708695 -0.1222783 -8.291491 2.825594 2.919564 -0.3966656 20.25377 0.4504471 0 0.0 0.07182926293233559 8.292392597177964 0.0 0.0
0.01506688 -0.06887271 4.267751 -10.0169 1.5484 1.237633 -0.02474752 20.05615 -0.0576973 1 0.9991151 0.07050149683289356 10.888157980485083 0.0 0.0
-0.04722783 -0.1032488 3.148965 -10.36181 1.917699 1.938721 -0.2906188 20.33562 0.8063431 0 0.0 0.1135375824471743 10.829731623975038 0.0 0.0
-0.07145715 -0.047429 3.498368 -9.797348 0.8580185 0.6931162 0.02499382 19.22924 0.8843746 0 0.0 0.08576499476547818 10.403201742565987 0.0 0.0
0.04634052 0.02840481 5.278551 -9.320836 2.555835 2.647456 -0.3810765 20.21314 nan 0 0.0 0.05435326140174571 10.711726490090054 0.0 0.0
-0.0101249 -0.03655918 4.139191 -11.88523 0.9855342 0.7153981 0.2135753 19.21549 nan 0 0.0 0.03793530337670176 12.585372234756548 0.0 0.0
0.04656915 0.03149043 -0.2147098 -11.30666 0.9124378 0.9793207 -0.2572257 19.03602 1.055346 0 0.0 0.05621683834321706 11.308698450918923 0.0 0.0
0.04126459 -0.04067997 10.23038 -7.497923 0.7696956 0.6209526 0.08435372 18.82006 0.4886284 0 0.0 0.057945028665701774 12.683829242714086 0.0 0.0
0.009256489 -0.004139027 4.463893 -9.871589 0.2875366 0.2155387 0.1861073 13.73051 1.051808 0 0.0 0.010139730426093684 10.833956345692464 0.0 0.0
0.03853297 0.04221475 5.674346 -9.903498 1.770938 2.205902 -0.6112019 19.81972 nan 0 0.0 0.05715658225072069 11.41391585581916 0.0 0.0
-0.02685436 -0.1112063 3.940266 -9.727571 0.2649828 0.2429026 -0.07813403 17.89935 0.7265301 1 0.9999253 0.11440278760021365 10.495300553619082 0.0 0.0
0.09369984 0.06661109 3.856321 -9.624737 0.5884521 0.5858872 -0.1149428 18.85906 0.7224522 1 0.9996826 0.11496389575433541 10.368547341561882 0.0 0.0
-0.1702597 0.06237389 9.979662 -13.76543 1.887459 1.612978 -0.0662538 20.58221 0.6690502 0 0.0 0.18132530876251693 17.002373855410426 0.0 0.0
0.02949286 -0.07304721 4.972395 -8.963928 1.160929 1.000999 -0.02594911 19.86138 0.5770302 0 0.0 0.07877641575854857 10.250693499720347 0.0 0.0
0.1109134 -0.1328461 7.336598 -14.53208 1.770653 1.761758 -0.3734433 20.17689 0.4777756 0 0.0 0.1730603033187276 16.279036191986428 0.0 0.0
0.004621154 -0.1059245 5.064346 -9.173305 0.4177766 0.4042205 -0.2465787 18.61173 0.6973495 0 0.0 0.10602525531467358 10.47841233349504 0.0 0.0
0.06264096 0.03200311 6.743209 -10.1923 1.486018 1.740583 -0.4379623 20.0069 0.7118073 0 0.0 0.07034265362775063 12.22104115481496 0.0 0.0
0.17173 -0.1318263 6.861634 -11.76848 2.132372 2.396595 -0.6472578 20.30571 0.8952866 1 0.9906405 0.2164933400169391 13.622743580511086 0.0 0.0
0.03272519 -0.04574895 5.097768 -9.879389 0.8440979 0.6894043 0.05834699 19.28006 0.714035 0 0.0 0.05624859541925113 11.117084401728045 0.0 0.0
-0.05376638 0.003940199 5.406314 -10.43517 1.122623 1.008187 -0.3195269 19.21427 0.5580177 0 0.0 0.053910562846848496 11.75248926804428 0.0 0.0
-0.1191577 -0.06353701 4.321008 -9.836785 0.06084992 0.05724658 -0.1522693 12.75165 1.430523 1 0.9999312 0.13503891701665155 10.743995963899513 0.0 0.0
0.05866286 -0.01447985 3.518903 -10.68541 0.810396 0.8311207 -0.256605 19.39485 0.6115608 0 0.0 0.060423482185339994 11.2499184526604 0.0 0.0
0.005734185 -0.04913482 3.600532 -9.905774 0.3209733 0.2903059 -0.06262861 18.16559 0.6898403 0 0.0 0.04946828695282084 10.539838197149896 0.0 0.0
0.1162015 -0.07968578 6.832529 -17.24293 2.74894 3.020053 -0.6078756 20.63491 0.6518021 0 0.0 0.14089929785651312 18.54729326669369 0.0 0.0
-0.02270491 -0.003108446 3.136311 -8.969691 0.4238176 0.4912181 -0.4384583 17.81091 0.7588673 0 0.0 0.022916705143694108 9.502199920239628 0.0 0.0
0.06647598 -0.1555234 4.590803 -10.06441 0.8386932 0.7406214 -0.1036001 19.50311 0.5606785 1 0.9990818 0.16913480973625863 11.061998952852464 0.0 0.0
0.0932118 0.06825353 3.325029 -9.481031 0.6152558 0.6333565 -0.1481441 18.99401 0.6959553 1 0.9992976 0.11552914790952498 10.047177049987821 0.0 0.0
0.02752594 -0.08820398 1.372055 -8.267871 2.522332 1.989741 0.003179417 20.69639 0.5944271 0 0.0 0.09239923950295262 8.380944206690915 0.0 0.0
0.08670673 -0.03704415 2.102222 -24.10812 0.4387981 0.4403708 -0.3119665 18.62846 0.9337273 0 0.0 0.09428852568852372 24.199603039547654 0.0 0.0
0.002836935 -0.1050935 3.884865 -9.855726 0.4267847 0.409093 -0.2360398 18.6312 0.6693001 0 0.0 0.10513178369286914 10.593748678126218 0.0 0.0
-0.09111143 -0.01426778 3.450257 -11.20964 0.8810202 0.7250004 0.1570795 19.3585 0.6456814 0 0.0 0.09222180990835789 11.728610416227875 0.0 0.0
0.08650523 0.02260292 5.258699 -10.43049 0.6248101 0.4238558 0.266521 18.30779 0.6268196 0 0.0 0.08940943356200899 11.681140218861385 0.0 0.0
0.08449455 -0.01702546 1.734991 -11.77235 1.737625 1.909787 -0.4108263 20.29606 0.6122036 0 0.0 0.08619277967390367 11.899513363687651 0.0 0.0
-0.1005653 -0.007369519 4.878979 -8.65053 0.4765075 0.3876359 0.1156882 18.68145 0.6110649 0 0.0 0.10083496107194845 9.931571142741767 0.0 0.0
0.03720577 0.06690343 3.653742 -10.2709 0.4220435 0.3820536 0.09917689 18.23619 0.6723309 1 0.9998061 0.0765528462374705 10.901431897350182 0.0 0.0
0.0129015 -0.07338909 4.490634 -10.03243 0.5513044 0.4849208 -0.02673499 18.96288 0.6514969 0 0.0 0.07451447666915538 10.991607954564973 0.0 0.0
-0.06547931 -0.04355281 3.912677 -10.15049 0.1255746 0.1185897 -0.07751258 16.34826 0.9588451 1 0.9999367 0.07864087548452267 10.87848741996924 0.0 0.0
0.02503771 0.07341201 4.605854 -11.23467 0.5938265 0.6728896 -0.2530903 18.85418 0.5154457 0 0.0 0.0775642323128657 12.142145653805013 0.0 0.0
0.04827694 0.03259912 3.47003 -12.69656 2.135788 1.969852 -0.06480386 20.06985 nan 0 0.0 0.0582526013199239 13.16220893446461 0.0 0.0
-0.1688894 -0.1002224 5.25372 -9.094397 1.129381 1.087341 -0.1063255 19.81255 0.551115 0 0.0 0.19638777684499614 10.502839170053448 0.0 0.0
0.05373675 0.006997201 4.457925 -10.79106 2.103443 1.944623 -0.08584337 19.79057 nan 0 0.0 0.05419039695736599 11.67561866580204 0.0 0.0
0.09231172 0.07573194 4.760206 -8.850741 1.069079 1.138855 -0.2003604 19.74039 0.7565441 0 0.0 0.11940176039540623 10.049635685512037 0.0 0.0
0.09754238 0.06610588 4.408703 -10.46597 0.660748 0.6792386 -0.1859001 18.9503 0.6339149 0 0.0 0.11783252210930054 11.356636393893616 0.0 0.0
-0.100304 0.0252013 4.193448 -9.546465 0.4939779 0.3925475 0.1322949 18.68747 0.749733 0 0.0 0.10342145782036724 10.426888324180373 0.0 0.0
0.1172575 -0.1333131 3.204189 -9.542239 1.058355 1.034082 -0.2248915 19.69788 0.6702805 0 0.0 0.17754352688245212 10.065840863079547 0.0 0.0
0.05704436 0.04386565 5.259195 -10.76797 0.6865934 0.6975842 -0.1405331 19.01048 0.5100498 0 0.0 0.0719600879497246 11.983668468750501 0.0 0.0
-0.009301643 -0.0704127 5.043197 -11.05648 1.318857 1.18316 -0.05963888 20.09351 nan 0 0.0 0.07102442455796068 12.152348989854143 0.0 0.0
-0.09250095 -0.04671074 4.063292 -9.820033 0.2812321 0.2515017 -0.0108126 17.97386 0.7107353 1 0.9999405 0.10362586058629428 10.627482768668836 0.0 0.0
0.01341894 0.04992527 3.436225 -10.77165 1.034868 0.8353178 0.02087844 19.19402 0.5469837 0 0.0 0.0516972004589852 11.306462133360947 0.0 0.0
-0.1604485 -0.02053123 -4.166969 -4.337337 0.7248836 0.5531239 0.2469102 19.2025 1.738911 1 0.0 0.16175676974260736 6.014659001018262 0.0 0.0
0.1142477 0.1518917 8.303582 -11.89485 2.534422 2.04786 -0.259668 20.15945 0.932106 1 0.9895023 0.19006216215801608 14.506444449044844 0.0 0.0
0.05181362 0.06080701 4.222491 -10.3417 0.2247631 0.2189784 -0.08429416 17.47845 0.8538036 1 0.9998606 0.07988832006397743 11.170505321384569 0.0 0.0
-0.07697567 -0.0125996 3.608035 -10.58231 0.9355214 0.7637967 0.06236857 19.52834 0.520153 0 0.0 0.07800002366736114 11.18048306189518 0.0 0.0
0.0007629486 -0.05106817 4.641949 -8.998023 1.691924 0.9603579 0.6020653 19.37331 nan 0 0.0 0.051073868834416114 10.12482634059123 0.0 0.0
0.2009282 -0.2162606 -2.710093 -1.657049 1.726444 1.925304 -0.550255 20.05683 1.152845 0 0.0 0.29519618674298626 3.1765414300855577 0.0 0.0
-0.01010944 -0.00381668 3.859192 -9.644545 0.2372332 0.2326385 -0.06855001 15.02586 0.3100605 0 0.0 0.010805916126640999 10.38800323208888 0.0 0.0
-0.07694725 -0.0559429 3.604925 -10.61837 1.861046 1.518268 -0.05571158 20.28107 0.6819134 0 0.0 0.09513404933551656 11.213619652570932 0.0 0.0
0.07576984 0.03182201 4.188809 -10.03308 0.440327 0.3587952 0.008535284 18.21211 0.6258068 0 0.0 0.0821809526232551 10.872387737975545 0.0 0.0
0.08426715 -0.04231977 3.963546 -9.71581 0.4066494 0.4216169 -0.3768983 18.4484 0.7604542 1 0.9998829 0.09429695383189957 10.49317210619439 0.0 0.0
-0.01747483 -0.02539469 3.719856 -10.2766 0.05243013 0.05316035 -0.2185197 14.44919 1.157466 1 0.9993803 0.030826286894872695 10.929127880152928 0.0 0.0
0.05948457 0.03106481 5.260985 -10.35409 1.497578 1.730239 -0.4665435 20.02718 0.3419113 0 0.0 0.06710764850910066 11.614006324189987 0.0 0.0
