jas1101finalproject/data/gcs/NGC_6934.ecsv
# %ECSV 0.9
# ---
# datatype:
# - {name: x, unit: deg, datatype: float64}
# - {name: y, unit: deg, datatype: float64}
# - {name: pmx, unit: mas / yr, datatype: float64}
# - {name: pmy, unit: mas / yr, datatype: float64}
# - {name: pmx_e, unit: mas / yr, datatype: float64}
# - {name: pmy_e, unit: mas / yr, datatype: float64}
# - {name: pm_corr, datatype: float64}
# - {name: g_mag, unit: mag, datatype: float64}
# - {name: bp_rp, unit: mag, datatype: float64}
# - {name: filter, datatype: int64}
# - {name: memberprob, datatype: float64}
# - {name: r, unit: deg, datatype: float64}
# - {name: pm, unit: mas / yr, datatype: float64}
# - {name: member_prob_GMM, datatype: float64}
# - {name: member_prob_DB, datatype: float64}
# meta: !!omap
# - comments: [deg deg mas/yr mas/yr mas/yr mas/yr dimless mag   mag   zeroone float]
# - __serialized_columns__:
#     bp_rp:
#       __class__: astropy.units.quantity.Quantity
#       unit: &id001 !astropy.units.Unit {unit: mag}
#       value: !astropy.table.SerializedColumn {name: bp_rp}
#     g_mag:
#       __class__: astropy.units.quantity.Quantity
#       unit: *id001
#       value: !astropy.table.SerializedColumn {name: g_mag}
#     pm:
#       __class__: astropy.units.quantity.Quantity
#       unit: !astropy.units.Unit {unit: mas / yr}
#       value: !astropy.table.SerializedColumn {name: pm}
#     pmx:
#       __class__: astropy.units.quantity.Quantity
#       unit: !astropy.units.Unit {unit: mas / yr}
#       value: !astropy.table.SerializedColumn {name: pmx}
#     pmx_e:
#       __class__: astropy.units.quantity.Quantity
#       unit: !astropy.units.Unit {unit: mas / yr}
#       value: !astropy.table.SerializedColumn {name: pmx_e}
#     pmy:
#       __class__: astropy.units.quantity.Quantity
#       unit: !astropy.units.Unit {unit: mas / yr}
#       value: !astropy.table.SerializedColumn {name: pmy}
#     pmy_e:
#       __class__: astropy.units.quantity.Quantity
#       unit: !astropy.units.Unit {unit: mas / yr}
#       value: !astropy.table.SerializedColumn {name: pmy_e}
#     r:
#       __class__: astropy.units.quantity.Quantity
#       unit: &id002 !astropy.units.Unit {unit: deg}
#       value: !astropy.table.SerializedColumn {name: r}
#     x:
#       __class__: astropy.units.quantity.Quantity
#       unit: *id002
#       value: !astropy.table.SerializedColumn {name: x}
#     y:
#       __class__: astropy.units.quantity.Quantity
#       unit: *id002
#       value: !astropy.table.SerializedColumn {name: y}
# schema: astropy-2.0
x y pmx pmy pmx_e pmy_e pm_corr g_mag bp_rp filter memberprob r pm member_prob_GMM member_prob_DB
[from data line 2913]
0.01089114 0.02684937 -1.869927 -5.260444 1.142827 0.8144691 0.2746701 19.98764 0.691534 0 0.0 0.028974223024897494 5.582911253321604 1.0 0.0
-0.02127772 0.002848629 -2.14587 -4.64889 1.144133 1.090205 0.5741181 19.68469 0.7647552 0 0.0 0.021467558211823744 5.120247678481969 1.0 1.0
-0.0135297 0.02643173 -4.898556 -5.395398 0.7604883 0.6325957 0.3164326 19.69217 0.7700729 0 0.0 0.029693250628432383 7.287398058535022 1.0 0.0
0.01213252 0.002851143 -6.228669 -8.343243 2.579024 3.420296 0.341185 20.27751 nan 0 0.0 0.012463027640057973 10.411821227269032 0.0 0.0
0.008169809 -0.09114305 -3.953413 -11.86065 0.7876275 0.6002917 0.2962373 19.827 1.116064 1 0.0 0.0915084768882041 12.502179520830317 0.0 0.0
-0.06243601 -0.002443694 -3.335557 -6.534755 2.838272 1.325351 0.1258879 20.65397 nan 0 0.0 0.06248381378473737 7.33682243278887 0.0 0.0
-0.01256129 0.02798667 -2.391867 -5.776158 1.166018 0.8533592 0.2827278 20.20443 0.7954292 0 0.0 0.030676370452727943 6.2518020591388686 1.0 0.0
0.0316538 -0.02108893 2.53362 -5.706951 2.020975 1.217009 0.341302 20.53782 0.771637 0 0.0 0.03803558890019846 6.244078796812305 1.0 0.0
-0.01298539 0.01306454 -1.386568 -6.900823 0.7292649 0.5340243 0.2659945 14.45026 1.355043 0 0.0 0.018420167177951995 7.038744838105229 1.0 0.0
-0.002847614 0.00340364 -0.1098754 -3.227895 0.5038468 0.3219555 0.1299737 18.15513 nan 0 0.0 0.004437755146760127 3.22976450140721 0.0 0.0
0.003144627 -0.02389815 -0.5249237 -2.368645 1.168979 0.924235 0.171473 20.12477 0.794857 0 0.0 0.024104154255887696 2.4261129460201745 0.0 0.0
0.003840923 -0.04781009 -3.347818 -5.829369 1.38821 1.047958 0.3909315 20.41063 0.4451084 0 0.0 0.0479641261288062 6.722308256788363 0.0 0.0
0.001056195 0.04481646 15.42929 -3.113595 2.16127 1.751444 0.3618432 20.08062 0.8392086 0 0.0 0.04482890401080117 15.740313330049215 0.0 0.0
-0.05517395 -0.01143877 -3.137847 -3.577611 2.042551 1.84031 0.320148 20.69828 1.520395 0 0.0 0.056347229015412996 4.7587166613205705 1.0 0.0
0.01373643 0.003497781 -1.971743 -3.898937 0.6286942 0.6831094 0.4286594 19.31169 nan 0 0.0 0.014174765644230631 4.369150968783066 1.0 0.0
0.0556794 0.01412311 2.06629 -3.527774 0.3918822 0.301465 0.2718755 18.76667 1.12851 0 0.0 0.057442648097316154 4.088366881674882 0.0 0.0
-0.01876654 -0.01221191 3.123652 -3.801787 2.345165 1.60287 -0.2381966 20.1388 0.6627159 0 0.0 0.022390037280444624 4.920445732906014 1.0 0.0
0.007925897 0.007129707 -2.62021 -4.679684 0.03632407 0.02624824 0.2654597 13.30715 1.74986 1 0.9998408 0.01066079570953585 5.36329588816019 1.0 0.0
-0.01389284 0.02626771 -2.46255 -3.26641 0.8049556 0.6778534 0.2590677 19.85824 0.7840977 0 0.0 0.029715376354838584 4.09067070180429 1.0 0.0
-0.00384631 0.0009407834 -0.3478097 -4.860571 0.7673694 0.704214 0.4219092 17.8226 nan 0 0.0 0.003959693677775537 4.872999285189265 1.0 0.0
-0.02738789 0.04999528 -7.839033 -7.379927 0.2119204 0.1595226 0.2107892 17.6358 1.111677 1 0.0 0.05700547816596665 10.766325320201782 0.0 0.0
0.07601011 0.04542621 -3.613856 -4.940357 1.169374 0.9610183 0.2610942 20.37027 0.5012531 0 0.0 0.08854985814317379 6.121036062316983 0.0 0.0
0.01043803 -0.007018953 -3.156972 -2.944923 0.8251381 0.6722508 0.5046998 19.67028 nan 0 0.0 0.01257848049237701 4.317295876438514 1.0 0.0
0.03800871 -0.01357061 -1.17859 -4.133508 1.445748 1.586875 0.6428438 20.27473 0.7085381 0 0.0 0.040358685454759305 4.298251129722878 1.0 0.0
-0.002665981 0.01272914 -2.17769 -4.741092 2.209398 1.20324 -0.3739402 19.74735 nan 0 0.0 0.013005324287843074 5.217306497472044 1.0 0.0
-0.01586124 -0.01304315 -0.6453351 -4.795103 3.783866 1.690322 0.2125802 20.49918 nan 0 0.0 0.020535401049409773 4.838333408509691 1.0 0.0
-0.01356039 0.01233643 -3.748319 -3.601637 1.957309 1.980543 0.4389847 20.4921 nan 0 0.0 0.018332257965046207 5.198238586822463 1.0 0.0
-0.01207894 -0.03895651 -0.2399416 -3.970843 2.11661 1.978542 0.4761869 20.66928 0.7535076 0 0.0 0.04078615528465143 3.978085733372216 1.0 0.0
-0.02520899 0.05348274 -4.1749 -8.800716 1.458906 1.685962 0.8227839 19.63841 1.11224 0 0.0 0.05912610806342406 9.740759319614462 0.0 0.0
0.008258864 0.002961203 -3.296875 -5.479267 0.2412561 0.1779785 0.2875396 16.72284 0.701725 0 0.0 0.008773685529907314 6.394665872656209 1.0 0.0
0.05147228 0.01998722 -2.259341 -4.768484 2.198735 1.425723 0.2698738 20.74717 0.6531162 0 0.0 0.05521670554937881 5.276652481691115 1.0 0.0
-0.02654083 0.04643564 -1.665014 -4.838255 0.9721772 0.7483238 0.1602706 20.01302 0.5836296 0 0.0 0.053485365468495215 5.116735586799557 1.0 0.0
0.07562021 0.02526452 -5.27141 -6.335337 1.189407 1.009482 0.3412801 20.34116 0.7636032 0 0.0 0.07972899178639159 8.241617456037924 0.0 0.0
-0.00517794 -0.00384188 -2.693452 -4.519523 0.06908588 0.0552675 0.2833854 15.56754 1.117555 0 0.0 0.006447565787023813 5.261251925524286 1.0 0.0
0.01936652 -0.02372559 -0.8123974 -1.141843 0.9245189 0.8324442 0.5188961 19.70533 nan 0 0.0 0.030626225979681208 1.4013546917806925 0.0 0.0
0.004264245 -0.005547059 6.799267 -7.379845 1.368758 0.8886312 0.1913205 19.41364 nan 0 0.0 0.006996688428785864 10.034547521503598 0.0 0.0
0.003477454 -0.01308109 -2.560225 -4.449806 0.6691991 0.4877939 0.07121509 19.25483 0.8930874 0 0.0 0.01353542027091202 5.133763287127777 1.0 0.0
-0.01870443 0.02522791 -2.398493 -3.311972 0.6916098 0.5087592 0.2687808 19.5741 0.4923096 0 0.0 0.03140546361054076 4.08924530932457 1.0 0.0
-0.0009712566 0.03065344 -3.015026 -5.033218 1.334765 1.123796 0.3863091 20.45408 0.8625469 0 0.0 0.03066882330994529 5.867168415530613 1.0 1.0
0.03537685 -0.0274301 -3.458801 -4.754453 1.23942 1.019289 0.3691335 20.3741 0.6055222 0 0.0 0.04476529796541625 5.879466615842801 1.0 0.0
-0.01268355 -0.01403078 -5.788062 -6.704083 1.53851 0.9829152 0.04097414 20.07194 0.5388718 0 0.0 0.018913889817033933 8.856996702423062 0.0 0.0
-0.008870466 -0.02360624 -2.392843 -7.163329 2.09528 2.043522 0.5241488 20.33087 nan 0 0.0 0.02521784554625466 7.552415506636933 1.0 0.0
0.004203823 -0.0165372 -2.615367 -4.170357 0.3625926 0.2847105 0.2624658 18.74345 0.9617405 0 0.0 0.017063150695441006 4.922603178414649 1.0 1.0
-0.03647055 -0.007427171 -3.845053 -4.44864 1.209556 1.060277 0.08046842 20.26444 0.5170956 0 0.0 0.037219133337112256 5.8800366004310725 1.0 0.0
-0.01020214 -0.02488462 -2.509309 -3.846786 1.582166 1.29056 0.1527179 20.30079 0.7008801 0 0.0 0.02689475735387847 4.592863397410922 1.0 0.0
0.01882174 -0.02357637 -1.901971 -3.602917 0.5081927 0.4006292 0.3052469 19.19136 0.9677258 0 0.0 0.030167915390435913 4.074126236842693 1.0 0.0
-0.01728288 0.006428547 -2.887543 -5.254408 0.5232432 0.4950871 0.4738219 19.08008 0.8787804 0 0.0 0.01843974396854818 5.995557355852164 1.0 0.0
-0.002393647 0.007826778 -2.456261 -4.079707 0.1921652 0.1450451 0.2316629 16.6997 0.4557171 0 0.0 0.00818461971150114 4.762061245508083 1.0 0.0
-0.03734821 -0.007634521 12.96799 -4.732931 1.262229 1.29779 0.1382347 20.20871 1.752796 0 0.0 0.03812052860472348 13.804687627427903 0.0 0.0
0.03937114 -0.01978845 0.06244898 -6.077022 1.697056 1.278041 0.3323127 20.62635 0.4370956 0 0.0 0.04406437811091971 6.077342862105695 1.0 0.0
0.01043988 -0.08581674 -0.4226088 -4.197255 0.4504887 0.3356292 0.2958917 18.99827 0.781889 1 0.001807456 0.08644943006545504 4.218476944687791 0.0 0.0
-0.01095803 0.00461541 -8.313342 -20.69463 1.695943 2.66311 0.7828448 20.02071 nan 0 0.0 0.011890350329111418 22.302003632989212 0.0 0.0
0.041914 -0.02654738 -1.673385 -4.178823 2.087438 1.737978 0.5105152 20.73309 0.5210247 0 0.0 0.049613977676300054 4.501419667566445 1.0 0.0
-0.02384889 0.02460684 -2.833157 -4.614747 0.4476543 0.3497504 0.2899834 18.98958 1.001726 0 0.0 0.03426756672157654 5.415040947274361 1.0 1.0
0.007018115 0.001146816 -2.826669 -5.969536 0.4273839 0.6416436 0.9365005 17.00295 nan 0 0.0 0.0071111971630015295 6.604954026399956 1.0 0.0
-0.005570886 0.03383875 -2.632611 -4.646936 0.04222262 0.03167734 0.1722968 14.30401 1.486748 1 0.9998022 0.034294252760302214 5.340847766545775 1.0 1.0
-0.002999101 -0.02196219 -2.945971 -4.576987 0.4195003 0.3260557 0.2765183 18.94627 0.8261509 0 0.0 0.022166018957050025 5.443119981316782 1.0 1.0
0.005141977 -0.01341439 -1.831252 -2.836267 1.089239 0.81375 0.3396596 18.69064 nan 0 0.0 0.014366133319046882 3.3760767738297957 1.0 0.0
-0.003725289 -0.002754706 -7.251704 -5.083145 1.033923 0.8768784 0.2193301 17.97239 nan 0 0.0 0.004633161262028012 8.855821474862793 0.0 0.0
-0.05493324 -0.02270884 -0.9270445 -4.65155 0.2804896 0.2001521 0.2750179 18.17494 0.8592453 1 2.061931e-05 0.05944200762964858 4.743029507338138 1.0 0.0
-0.02236498 0.04625612 -3.320497 -4.792528 1.225343 0.9361131 0.1779709 20.28708 0.8577194 1 0.9250357 0.051379188080922414 5.830439516691087 1.0 0.0
0.004930198 -0.01959897 -2.611179 -5.543301 1.112213 0.8596114 0.1493581 20.16552 0.5842915 0 0.0 0.020209564007669833 6.127515136386201 1.0 0.0
0.002115572 -0.01256516 -3.188216 -3.202527 2.6996 1.5705 0.2518654 20.42319 nan 0 0.0 0.012742012820303707 4.518949042463856 1.0 0.0
0.0005418362 -0.004697356 -6.32074 -2.86657 0.6336729 0.4392029 0.2262163 17.7378 0.6419897 0 0.0 0.004728502919356869 6.9403874324492865 1.0 0.0
-0.05687293 -0.0441429 0.588837 -2.886231 0.1092576 0.08225601 0.2587331 16.60529 1.07378 1 0.0 0.07199392882177566 2.9456847078277066 0.0 0.0
-0.01900708 0.02422513 -2.196282 -4.973668 1.822565 1.586526 0.5107834 20.47017 0.33251 0 0.0 0.030791654935116756 5.437005425576473 1.0 0.0
-0.003210842 -0.006668589 -1.792976 -5.15603 0.4984492 0.4007678 0.1767847 18.16697 0.7631226 0 0.0 0.007401323233036441 5.458883429555535 1.0 0.0
-0.01117037 -0.01504029 -3.624135 -5.111796 0.6995202 0.546902 0.1892063 19.30715 0.6213894 0 0.0 0.01873466010422927 6.266164125191823 1.0 0.0
0.02548119 -0.04462696 -4.788152 -9.588441 1.543603 1.131728 0.3340481 20.51162 0.7659416 0 0.0 0.05138926544189652 10.7174903958709 0.0 0.0
0.03785917 -0.03439315 -2.669739 -5.898965 1.179106 0.8606911 0.1143037 20.23116 0.7504807 0 0.0 0.05114885648781798 6.474974470941642 1.0 0.0
-0.07056903 0.04604185 -2.479168 -4.564375 0.713719 0.6108316 0.3019126 19.69207 0.8678474 1 0.9259441 0.08426054798399664 5.194207650147326 0.0 0.0
0.09248402 -0.01405655 -2.490882 -7.044325 1.715987 1.407419 0.2957613 20.61579 0.6037216 0 0.0 0.09354614130611107 7.471747308598505 0.0 0.0
-0.01970366 0.0115494 -2.812721 -4.7278 0.1009614 0.07577792 0.3224133 16.38323 1.21227 1 0.9989069 0.022839064292470478 5.501226432700348 1.0 1.0
-0.005570741 0.04523277 -0.8166359 -5.584168 1.618564 1.118457 0.06820382 20.33925 0.6417217 0 0.0 0.04557451741008325 5.643565047502581 1.0 0.0
0.008500625 0.02071052 -1.631385 -5.164186 0.4927106 0.3839271 0.3009187 19.14931 0.8127079 0 0.0 0.022387189731206212 5.415739474976709 1.0 0.0
-0.009868347 0.01461132 -2.485429 -4.070248 0.9538769 0.808148 0.2914355 19.93412 nan 0 0.0 0.017631646113021014 4.7690959411134735 1.0 0.0
0.03788115 0.06183878 -4.159383 -7.662754 1.193488 1.005184 0.316407 20.34159 0.4996166 0 0.0 0.07251907498866006 8.718845439919496 0.0 0.0
0.01512966 -0.02969195 -2.18795 -4.065461 0.6131033 0.5206577 0.3324664 19.55269 0.7411118 0 0.0 0.03332444307888881 4.616827736121524 1.0 0.0
-0.02766338 -0.000134587 -5.582646 -5.621458 1.4167 0.6824535 0.2906349 19.66352 1.075865 0 0.0 0.02766370739226702 7.922545449985124 0.0 0.0
-0.07539032 -0.01211526 -4.668819 -6.451427 0.9044578 0.6789897 0.2890645 19.88128 0.6453133 0 0.0 0.07635757902507125 7.963590973366852 0.0 0.0
0.02236276 -0.02448791 -4.248729 -8.962442 0.9708743 0.7761528 0.2721175 20.12377 1.05337 0 0.0 0.0331624904219466 9.918521296988024 0.0 0.0
0.01458209 0.05458947 -4.136945 -5.32783 1.248061 1.317081 0.3369353 20.18822 0.531086 0 0.0 0.056503518329826155 6.74537518911476 0.0 0.0
-0.006539699 0.002317444 10.69622 -11.45134 1.971907 1.877485 0.3183616 19.64288 nan 0 0.0 0.00693817048678807 15.66978972685977 0.0 0.0
-0.05817774 -0.06989145 -1.123782 -5.787359 1.247464 0.7913386 0.2173466 20.10902 2.222023 1 0.4492044 0.09093659447444741 5.895456740440473 0.0 0.0
0.06977649 0.04591012 -1.92079 -5.844342 1.704993 1.77007 0.5844577 20.53346 0.5843983 0 0.0 0.08352543130768317 6.1518913869690515 0.0 0.0
-0.03132483 0.005265362 -1.986481 -4.603822 1.449396 1.30716 0.5262075 20.47397 nan 0 0.0 0.03176427256399781 5.014108472205702 1.0 1.0
-0.008961108 -0.01610226 -3.488139 -3.932574 1.974541 1.107718 0.0008744406 20.38861 nan 0 0.0 0.018427811419028144 5.256638845193476 1.0 0.0
-0.06494341 0.02767466 -2.616867 -4.609132 0.1349111 0.09340649 0.2575542 16.93474 0.694603 1 0.9979997 0.07059414500186045 5.300197231152158 0.0 0.0
0.005595622 0.01141405 -2.388873 -4.60328 0.04587572 0.03477642 0.2614305 14.70521 1.401016 1 0.9856486 0.01271186544018556 5.186222225139316 1.0 0.0
-0.005934426 0.003447539 -3.939639 -4.777344 1.963734 2.031148 0.4998815 19.78296 nan 0 0.0 0.006863157954323723 6.1922347456033195 1.0 0.0
0.07099391 0.002386531 -3.161383 -2.922077 0.3967276 0.3053822 0.2091281 18.8515 1.009882 1 1.261111e-05 0.07103401148254307 4.304982748701556 0.0 0.0
0.01440301 -0.0208414 -1.155238 -6.919504 1.126136 0.6697843 -0.002485286 19.50636 nan 0 0.0 0.025333982139018336 7.015276932713348 1.0 0.0
-0.00557119 0.009889128 1.095358 -5.799457 1.719888 1.246319 0.262739 19.47949 0.7208157 0 0.0 0.011350463013308488 5.901992091066626 1.0 0.0
0.005020549 0.01928472 -1.442087 -3.32443 0.9389266 0.9585406 0.5293092 19.89407 0.7264881 0 0.0 0.019927527135593145 3.6237342259703595 1.0 0.0
0.06800017 -0.01242355 -5.607785 -8.769804 3.020459 3.076557 0.5601791 20.87008 0.2342567 0 0.0 0.06912573843823587 10.409453146282036 0.0 0.0
-0.05277581 0.04930045 0.6403948 -3.642141 0.4271576 0.3372886 0.3351445 18.98173 0.7871017 1 0.0 0.07222063757236294 3.6980125153584917 0.0 0.0
0.03086528 0.002381895 -3.938083 -5.699076 0.6562613 0.5648384 0.3262559 19.57158 0.7657986 0 0.0 0.03095704981533972 6.9273346222529915 1.0 0.0
-0.001697711 -0.01888373 -1.70328 -5.461684 0.9971862 0.7770501 0.1321535 20.03575 nan 0 0.0 0.01895989138556498 5.721114827920866 1.0 0.0
0.03952319 -0.02794712 0.1328247 -5.67083 0.496147 0.4005075 0.3528359 19.19663 0.8267422 0 0.0 0.0484058267574318 5.672385326282946 1.0 0.0
-0.02696561 0.02793343 4.520457 0.1904017 2.138976 1.62158 0.2732398 20.84626 0.3269482 0 0.0 0.0388255152475405 4.524465083986382 1.0 0.0
0.08861057 -0.01577158 -2.545356 -1.657321 1.574094 1.284417 0.3964965 20.61989 0.9058762 0 0.0 0.09000319911770524 3.03735906072644 0.0 0.0
-0.002575375 -0.01834014 -7.159416 -6.02993 1.941159 1.097634 0.2740763 20.27336 nan 0 0.0 0.01852007806706616 9.360410956040123 0.0 0.0
-0.01286261 0.07184614 0.6215964 -1.674156 0.7303714 0.583981 0.3180653 19.74287 0.840929 1 1.632234e-05 0.07298845503853127 1.7858276503708188 0.0 0.0
-0.03991722 0.02984701 -2.669418 -4.004732 0.6328991 0.5101208 0.3611061 19.49891 0.8949299 0 0.0 0.049842035055447924 4.812865139451551 1.0 0.0
-0.009233495 -0.01652711 -3.615596 -5.49243 0.9335058 0.6041218 0.09458343 19.68893 0.5819626 0 0.0 0.018931529121207432 6.575661315800564 1.0 0.0
0.09569326 -0.01984705 2.809901 -1.425302 1.495088 1.59945 0.1211988 20.3858 1.340242 0 0.0 0.09772975699923796 3.1507188736866065 0.0 0.0
-0.01940161 -0.001442039 -2.97969 -5.792865 0.8209035 0.6821779 0.3585678 19.88803 0.9265766 0 0.0 0.01945512649842249 6.514279500015715 1.0 0.0
0.01770186 -0.0213739 -1.575861 -6.325061 1.014368 0.8528303 0.1651405 20.10624 0.2958679 0 0.0 0.02775246743389856 6.518415033199558 1.0 0.0
-0.0295992 0.01508618 -2.393072 -4.077925 1.128652 0.8963778 0.3605722 20.01605 0.5408115 0 0.0 0.033222062964728724 4.728241311820812 1.0 0.0
-0.010928 -0.004881756 -3.731101 -4.550179 0.8149826 0.7205677 0.1106727 19.56135 0.6533661 0 0.0 0.011968823068436428 5.884321847438496 1.0 0.0
-0.04857165 0.03181579 -5.755679 -7.486747 2.23589 2.18677 0.555011 20.71727 1.550066 0 0.0 0.05806418583814467 9.44347506975319 0.0 0.0
