jas1101finalproject/data/gcs/NGC_6093_M_80.ecsv
# %ECSV 0.9
# ---
# datatype:
# - {name: x, unit: deg, datatype: float64}
# - {name: y, unit: deg, datatype: float64}
# - {name: pmx, unit: mas / yr, datatype: float64}
# - {name: pmy, unit: mas / yr, datatype: float64}
# - {name: pmx_e, unit: mas / yr, datatype: float64}
# - {name: pmy_e, unit: mas / yr, datatype: float64}
# - {name: pm_corr, datatype: float64}
# - {name: g_mag, unit: mag, datatype: float64}
# - {name: bp_rp, unit: mag, datatype: float64}
# - {name: filter, datatype: int64}
# - {name: memberprob, datatype: float64}
# - {name: r, unit: deg, datatype: float64}
# - {name: pm, unit: mas / yr, datatype: float64}
# - {name: member_prob_GMM, datatype: float64}
# - {name: member_prob_DB, datatype: float64}
# meta: !!omap
# - comments: [deg deg mas/yr mas/yr mas/yr mas/yr dimless mag   mag   zeroone float]
# - __serialized_columns__:
#     bp_rp:
#       __class__: astropy.units.quantity.Quantity
#       unit: &id001 !astropy.units.Unit {unit: mag}
#       value: !astropy.table.SerializedColumn {name: bp_rp}
#     g_mag:
#       __class__: astropy.units.quantity.Quantity
#       unit: *id001
#       value: !astropy.table.SerializedColumn {name: g_mag}
#     pm:
#       __class__: astropy.units.quantity.Quantity
#       unit: !astropy.units.Unit {unit: mas / yr}
#       value: !astropy.table.SerializedColumn {name: pm}
#     pmx:
#       __class__: astropy.units.quantity.Quantity
#       unit: !astropy.units.Unit {unit: mas / yr}
#       value: !astropy.table.SerializedColumn {name: pmx}
#     pmx_e:
#       __class__: astropy.units.quantity.Quantity
#       unit: !astropy.units.Unit {unit: mas / yr}
#       value: !astropy.table.SerializedColumn {name: pmx_e}
#     pmy:
#       __class__: astropy.units.quantity.Quantity
#       unit: !astropy.units.Unit {unit: mas / yr}
#       value: !astropy.table.SerializedColumn {name: pmy}
#     pmy_e:
#       __class__: astropy.units.quantity.Quantity
#       unit: !astropy.units.Unit {unit: mas / yr}
#       value: !astropy.table.SerializedColumn {name: pmy_e}
#     r:
#       __class__: astropy.units.quantity.Quantity
#       unit: &id002 !astropy.units.Unit {unit: deg}
#       value: !astropy.table.SerializedColumn {name: r}
#     x:
#       __class__: astropy.units.quantity.Quantity
#       unit: *id002
#       value: !astropy.table.SerializedColumn {name: x}
#     y:
#       __class__: astropy.units.quantity.Quantity
#       unit: *id002
#       value: !astropy.table.SerializedColumn {name: y}
# schema: astropy-2.0
x y pmx pmy pmx_e pmy_e pm_corr g_mag bp_rp filter memberprob r pm member_prob_GMM member_prob_DB
[from data line 2122]
-0.0340355 -0.03392631 -1.733191 -5.257419 1.086958 0.7429892 0.1937693 19.67135 0.8094845 0 0.0 0.04805631873610483 5.535738937489917 0.0 0.0
-0.004920627 -0.03651039 -3.109911 -4.595801 1.677342 1.158192 0.181871 20.12096 1.086811 0 0.0 0.03684048246189548 5.549138064557593 0.0 0.0
-0.00055296 0.004760909 3.439107 -4.304286 1.244487 0.7888467 0.3032035 17.02831 nan 0 0.0 0.004792913442560902 5.509476828814601 0.0 0.0
-0.01705512 -0.03607459 -2.81573 -6.462075 1.496534 0.990411 0.1504807 20.09769 0.1661644 0 0.0 0.03990304702503932 7.048882800736936 0.0 1.0
-0.03776382 0.03947319 -2.959542 -5.242535 0.1855027 0.1233417 -0.2914097 16.45347 0.3338585 1 0.9859204 0.05462818713602438 6.020221098596712 0.0 1.0
-0.03898655 0.04007175 4.27751 0.1102267 1.665235 1.257478 -0.3574944 20.1983 1.490332 0 0.0 0.05590792635185999 4.278929974361919 0.0 0.0
-0.05906908 0.07596838 -5.795417 -4.695135 2.434355 1.907707 -0.3820284 20.70918 1.023331 0 0.0 0.09623071740286882 7.458629289092869 0.0 0.0
-0.03029841 -0.03921259 -4.547972 -5.70344 2.506715 1.729945 -0.1989229 20.45024 0.7123528 0 0.0 0.04955422144516247 7.294743117230654 0.0 0.0
0.005978097 -0.03196331 -3.856243 -5.013678 3.052166 1.421248 -0.05650161 20.22143 0.6630535 0 0.0 0.032517546492586265 6.3251543192821 0.0 0.0
-0.009713951 0.02127629 -4.008748 -3.411619 2.854021 1.239023 -0.01800199 19.91994 nan 0 0.0 0.02338891532744734 5.263953336482476 0.0 0.0
-0.005145111 -0.04245941 -3.321723 -5.873346 0.659613 0.4623791 0.1089198 18.802 0.9929848 0 0.0 0.042770008940265856 6.747594899254475 0.0 1.0
-0.05661943 -0.06742883 -1.023317 -5.022965 0.5049986 0.3383031 0.1014926 18.50784 1.024311 1 0.05877722 0.08804775391055583 5.126144269693744 0.0 0.0
-0.05247426 -0.002922542 -3.657752 -5.704885 0.5581699 0.4127766 -0.05380439 18.90428 1.019796 1 0.9699233 0.05255558214204619 6.776788513501731 0.0 1.0
-0.01005122 0.02197626 -3.964577 -5.316658 0.5264586 0.3469515 0.09139277 18.51724 1.001646 0 0.0 0.024165740772341328 6.632097939407484 0.0 1.0
-0.01846132 -0.02331843 1.868063 -5.493164 1.488688 1.067645 0.1086945 19.81235 0.7546558 0 0.0 0.029741713363679975 5.802112555170315 0.0 0.0
0.02400386 0.002233449 -2.47167 -5.312768 2.472231 2.144348 0.376948 19.98367 0.7151814 0 0.0 0.02410754216703148 5.85957817685915 0.0 1.0
-0.04869867 0.006260849 -3.63984 -5.00318 1.171635 0.8748751 -0.007422242 19.9638 0.6616611 0 0.0 0.049099477491819615 6.187103145899541 0.0 0.0
-0.005878321 0.02485661 0.8804087 -3.660575 1.89009 1.048688 0.3934218 19.98301 nan 0 0.0 0.025542234014884858 3.764960665088108 0.0 0.0
-0.09122765 0.03135862 0.02110462 -3.442444 0.5510175 0.3714439 -0.3136484 18.29843 1.094738 1 0.0 0.09646681902512852 3.4425086925266206 0.0 0.0
-0.01832095 -0.02266991 -5.355165 -5.880232 2.318551 1.583406 0.448027 20.14021 nan 0 0.0 0.029147590437471844 7.953296206671107 0.0 0.0
-0.02264329 0.03848475 -13.19896 -3.449008 1.770522 1.0738 0.1422853 20.21604 0.7646294 0 0.0 0.04465192677350665 13.64214797111012 0.0 0.0
0.01557306 -0.01239277 1.931552 -1.437457 1.036029 0.4594879 -0.0675479 17.75603 nan 0 0.0 0.019902284945113712 2.4077324925234116 0.0 0.0
-0.0855142 -0.004341312 -2.842683 -5.52714 0.4297535 0.259796 0.1223401 18.12257 1.124014 1 0.9808859 0.08562432710113022 6.215313605771554 0.0 0.0
-0.0601025 -0.002502288 -3.675849 -5.43517 0.7729192 0.5765571 -0.04362838 19.3059 0.9637394 1 0.9504644 0.060154567170622585 6.561473828317919 0.0 0.0
-0.09475077 -0.03419558 7.443168 -7.34506 1.821462 1.442833 0.3890922 20.02011 1.315516 0 0.0 0.10073254740712805 10.457086414476262 0.0 0.0
0.007118368 0.0179405 -2.557518 -5.502805 0.09468925 0.06450382 -0.1811296 12.64272 1.855337 1 0.9918176 0.019301106269678535 6.068093702996766 0.0 1.0
0.001793541 0.03147713 -1.943804 -5.122632 0.6754957 0.5098185 0.002986858 18.95079 0.7715588 0 0.0 0.03152818583990492 5.479026610433646 0.0 1.0
0.001203135 0.004488154 1.470504 -4.506915 1.156715 0.63255 0.8137283 14.74564 1.47536 0 0.0 0.004646618141825407 4.740745176788244 0.0 0.0
-0.0505117 0.008196142 -1.089503 -6.086591 0.8708571 0.6524785 -0.07163093 19.4675 0.8509045 0 0.0 0.0511723419492812 6.183332983779056 0.0 0.0
-0.02616543 0.01274445 -2.530832 -5.198984 0.1897576 0.1402719 -0.130266 16.99624 0.3272991 0 0.0 0.02910413600997975 5.782261257023934 0.0 1.0
-0.06610158 -0.001341606 -3.517239 -5.212666 0.8797458 0.6468388 0.01231691 19.57337 0.858839 0 0.0 0.06611519330044822 6.288311141369914 0.0 0.0
-0.006634493 -0.02757835 6.838963 -14.49964 2.899547 2.139034 -0.6137099 19.98271 nan 0 0.0 0.02836515267171233 16.031561840474836 0.0 0.0
-0.08807128 -0.04682724 0.1319508 -3.940222 2.044242 1.376072 -0.197934 20.20328 1.132296 0 0.0 0.0997463822243995 3.942430775917903 0.0 0.0
0.02549366 0.005729346 -4.902224 -2.361585 1.588771 1.244519 -0.6858194 19.22678 0.8224163 0 0.0 0.026129525556031746 5.441404585068179 0.0 0.0
-0.07720292 -0.06918043 -2.198402 -5.595074 0.4275397 0.284592 0.1015845 18.23924 1.147764 1 0.9046681 0.10366398965654032 6.011474396442191 0.0 0.0
0.03968213 0.002666537 -2.648164 -6.371383 1.764699 1.338308 0.2115809 20.02685 0.6895828 0 0.0 0.039771621300988845 6.899803903270367 0.0 1.0
-0.006201473 0.02446559 -3.066619 -5.377407 0.3959325 0.2657685 0.01892321 18.01204 1.029179 0 0.0 0.025239321730542382 6.190368174414992 0.0 1.0
0.02009851 0.003193482 -1.26986 -3.489885 1.707272 1.446486 -0.5968917 19.29456 1.03776 0 0.0 0.02035063712772708 3.7137368960152526 0.0 0.0
-0.0305338 0.008041915 0.1240953 -4.542232 1.852335 1.070825 0.6149519 19.4839 nan 0 0.0 0.03157507465244105 4.543926846385854 0.0 0.0
-0.03991519 -0.05101776 -6.454541 -0.3540713 4.265634 2.80396 -0.33945 20.8573 nan 0 0.0 0.06477680316404709 6.464245200034161 0.0 0.0
-0.04710277 0.02255971 -10.49712 -6.451673 1.620801 0.9940564 0.2007494 19.87706 2.126965 0 0.0 0.052226539775836196 12.321266687858396 0.0 0.0
0.00381644 0.01288044 -2.954723 -6.479189 1.001268 0.7177787 -0.0198702 19.06605 nan 0 0.0 0.013433947627827049 7.121114948127856 0.0 0.0
-0.02557844 0.02910389 -1.365969 -5.997333 1.29925 0.7475583 0.1804695 19.69693 0.7770863 0 0.0 0.03874652250158329 6.150924680228981 0.0 0.0
0.0113461 0.00169151 -2.890384 -5.748546 0.7587145 0.5555123 -0.1059313 17.2937 nan 0 0.0 0.011471494727806834 6.434291008461772 0.0 0.0
0.007358114 0.03437039 -5.401966 -6.091306 1.575211 1.052334 0.1358305 19.94735 nan 0 0.0 0.03514918989662629 8.141575120994217 0.0 0.0
0.01540856 0.02327848 -3.655328 -6.996082 0.259145 0.1784561 0.383966 16.48395 nan 0 0.0 0.027916148595105307 7.893452105277386 0.0 0.0
-0.01652792 0.01702987 4.821532 -1.821611 2.434643 1.38669 0.7547228 19.64851 nan 0 0.0 0.023731595221208792 5.154166999850219 0.0 0.0
-0.03160551 0.02505522 -6.367946 -4.639548 1.629557 0.9930185 0.1909855 19.92643 0.7655659 0 0.0 0.040332025880291465 7.878841406147226 0.0 0.0
-0.07105967 -0.00304357 -7.579118 0.5886655 1.153071 0.8553472 0.02613191 20.00624 1.072372 0 0.0 0.07112481999171456 7.601944272935329 0.0 0.0
-0.1165748 -0.003330754 10.54524 -9.267879 0.9302786 0.7435844 0.002176439 19.68074 1.385866 1 0.0 0.11662237314189983 14.039076458807433 0.0 0.0
-0.005540467 0.009399468 11.90491 -17.59231 1.076083 0.5860279 -0.09238849 16.33141 0.7921782 0 0.0 0.01091085575292392 21.241851455186293 0.0 0.0
-0.1009683 -0.002375962 -6.044146 -4.869586 1.065681 0.8119367 0.06090519 19.65268 0.843544 0 0.0 0.10099625141714638 7.761737478214011 0.0 0.0
0.001947703 0.003374254 -4.576856 -2.75982 0.8102009 0.5616811 -0.05931214 15.88488 nan 0 0.0 0.0038960412000805383 5.34455024086555 0.0 0.0
-0.0646342 -0.01464847 -6.077022 -2.903817 0.5344796 0.3897561 -0.05623881 18.80154 0.9595184 1 0.0 0.06627335424573666 6.735157723318215 0.0 0.0
-0.01904255 0.01466824 -4.152951 -6.257923 1.432065 0.6943915 0.158531 18.92207 nan 0 0.0 0.024036971007181832 7.5105660427380565 0.0 0.0
0.004152968 -0.00868024 -3.281651 -5.159493 0.1317454 0.0914171 -0.01088959 15.21139 1.272907 0 0.0 0.009622562531188041 6.114703697060881 0.0 0.0
0.01612075 -0.01357158 -2.736596 -5.629488 0.2296132 0.156612 -0.06752022 16.79512 1.167109 0 0.0 0.0210728822010398 6.259400355414248 0.0 1.0
-0.04093595 0.07372251 -1.980957 -11.14951 3.271378 2.176681 -0.1016014 20.7909 1.275936 0 0.0 0.08432532527718231 11.324123095231215 0.0 0.0
-0.01915569 0.01988673 -2.037413 -4.832797 4.037449 2.044859 0.2758581 20.27755 nan 0 0.0 0.02761199901254887 5.244709579736327 0.0 0.0
-0.006494049 -0.02737998 -3.055665 -4.29744 1.180415 0.8243884 0.07222839 19.70283 0.8112049 0 0.0 0.028139580260103405 5.273052166044349 0.0 0.0
-0.02982249 0.03160927 -0.1692421 -5.101208 1.834999 1.064009 0.1784545 19.96658 0.6620979 0 0.0 0.04345718421311947 5.104014689210485 0.0 0.0
0.004435191 0.03020677 -7.323552 -9.653071 3.591958 2.558442 0.1367938 20.4865 nan 0 0.0 0.030530638267802085 12.116773234972461 0.0 0.0
0.006877218 -0.02718163 -1.416524 -4.923496 0.7704871 0.5321649 -0.2597551 18.80034 0.9756641 0 0.0 0.028038137186275836 5.123217065925667 0.0 0.0
-0.0157396 0.003987517 -3.038466 -5.03349 0.4715435 0.307263 -0.4596607 17.45005 1.023367 0 0.0 0.016236850063521834 5.879481032647014 0.0 0.0
-0.03979556 0.01958659 -1.732498 -1.169663 1.909388 1.401159 0.02820153 19.32023 0.8459568 0 0.0 0.044354493611602645 2.090373376594 0.0 0.0
-0.05723795 0.0004229217 -3.524356 -5.362525 1.186098 0.8800752 -0.01148407 19.95664 0.8609505 0 0.0 0.057239512427752486 6.416989916647914 0.0 0.0
-0.04433614 0.06961111 -1.290961 -6.137269 3.960153 2.512073 -0.1752167 20.83296 0.8795452 0 0.0 0.08253120588923744 6.271574848623111 0.0 0.0
-0.004331058 -0.02716245 -1.511057 -3.880194 1.67193 1.35974 -0.01078302 19.98736 nan 0 0.0 0.027505576769118367 4.164036351292457 0.0 0.0
-0.07719992 -0.0007886374 -2.738801 -1.604597 0.6146576 0.4266992 0.02957226 18.94853 0.8414478 1 0.0 0.07720394806585398 3.174234151730146 0.0 0.0
-0.0584453 -0.06626231 6.290653 -0.8855315 1.056764 0.7239965 0.1840784 19.68183 1.005123 1 0.0 0.08835466495112808 6.352675121860179 0.0 0.0
0.02286162 -0.02323327 -5.174144 -8.017438 2.553538 1.176838 0.2641749 19.78143 0.8715553 0 0.0 0.03259506870551587 9.54206886459011 0.0 0.0
-0.003881613 -0.02682675 -3.008316 -4.274583 1.709125 1.010401 0.3166491 19.90308 nan 0 0.0 0.027106114347952365 5.22704744380085 0.0 0.0
-0.05776842 -0.007435581 -3.777836 -5.387286 1.512211 1.331178 -0.6609406 19.65344 0.9499798 0 0.0 0.05824498445449154 6.579885659241504 0.0 0.0
0.00270544 -0.04097733 0.5834776 -6.619234 1.495322 0.9601086 0.3437476 19.90353 0.8616657 0 0.0 0.04106654331110058 6.644900665657671 0.0 0.0
-0.09980735 -0.03353928 -2.492146 -5.460406 1.228918 0.9449845 -0.01001158 20.05787 0.7305012 0 0.0 0.10529192949576384 6.002235031232282 0.0 0.0
-0.004385977 -0.06598652 -4.473863 -3.028801 2.43934 1.23863 -0.06244667 20.04671 0.7074223 1 0.4132147 0.06613212242136896 5.402692443621976 0.0 0.0
-0.02203782 0.03101186 -3.002391 -5.080478 0.6680373 0.4154386 0.1223424 18.79166 0.9377956 0 0.0 0.03804472330050516 5.901322599669078 0.0 1.0
-0.005326226 -0.07926741 -5.12587 -7.194372 1.275158 0.809665 0.3328276 19.56939 0.8126183 1 0.5629721 0.07944615139521345 8.83365902281065 0.0 0.0
-0.0136285 -0.03363089 -1.667289 -6.342426 1.263273 0.8568517 0.1080496 19.89969 0.7749329 0 0.0 0.03628736383980104 6.55791279104846 0.0 0.0
0.002494773 -0.04135498 -6.806178 -6.646286 3.426967 1.653754 0.01151466 20.44124 nan 0 0.0 0.04143016127318271 9.513000397428774 0.0 0.0
-0.01869138 0.01523096 -7.979605 -8.761767 2.042648 1.049717 0.5115159 19.03847 1.055941 0 0.0 0.024111197167001063 11.850850472363323 0.0 0.0
-0.01087892 0.006061284 -4.487561 -6.263222 1.084763 0.7694952 0.04212393 18.106 1.019646 0 0.0 0.0124535161338096 7.704943448851847 0.0 0.0
-0.002912723 -0.01526819 -6.005841 -3.253585 0.46834 0.3160306 -0.3480734 15.66357 1.258188 0 0.0 0.015543538244261792 6.8305154614791705 0.0 0.0
0.01983895 -0.04229293 6.205335 -4.604088 3.992744 1.721356 0.23865 20.38585 nan 0 0.0 0.04671483559949023 7.726823977157044 0.0 0.0
-0.03070626 0.02510883 -0.4190408 -6.270735 1.152663 0.6811483 0.2449826 19.53398 0.7290936 0 0.0 0.039665195665173514 6.284720569149407 0.0 0.0
0.04836374 0.001549817 -3.249577 -5.522859 0.8908938 0.5790237 0.1082843 19.27744 0.7234077 0 0.0 0.048388565586521465 6.4079421199641 0.0 1.0
-0.01475471 -0.009564084 -2.761752 -5.923288 0.08418551 0.05641534 -0.1409996 15.04565 1.282552 1 0.9894431 0.017583320788268526 6.535488875397769 0.0 0.0
0.001217062 -0.009052114 -2.240507 -5.320195 0.3057175 0.2039998 0.03258327 16.27659 0.6105146 0 0.0 0.00913356489990847 5.772724352944111 0.0 0.0
0.008384098 0.03757849 -4.517925 -4.345759 1.232563 1.02845 -0.4572061 19.6732 0.8009281 0 0.0 0.038502415637901265 6.26875327251807 0.0 0.0
-0.03600255 0.02174868 -3.1922 -4.13027 0.7116172 0.5402446 0.07618731 19.15556 0.8547516 0 0.0 0.04206172474168053 5.220083439266082 0.0 0.0
0.02451853 -0.02600685 -2.540443 -6.183573 2.452554 1.484485 0.738258 19.86397 0.6346684 0 0.0 0.035742335685897755 6.68508980362852 0.0 1.0
-0.046902 0.05142368 -5.359863 -6.341705 4.26342 3.128667 -0.210719 20.85386 0.5625572 0 0.0 0.06960023325206892 8.303333889817631 0.0 0.0
0.0005429416 0.02885454 -2.125942 -5.663626 1.101317 0.7290021 0.1390203 19.66079 0.8383083 0 0.0 0.02885964767963411 6.049486660472936 0.0 1.0
-0.1046293 -0.06384497 -14.57889 1.399128 0.4680836 0.316247 -0.3069251 18.01186 1.366413 1 0.0 0.12257026806200147 14.645872892814685 0.0 0.0
-0.01020304 -0.01426718 -8.597756 1.300378 1.370851 0.9757176 -0.1837134 19.36157 nan 0 0.0 0.0175400812539167 8.695538578973704 0.0 0.0
-0.01537796 0.03585935 -1.632155 -5.772276 1.055341 0.6542868 0.1674734 19.53733 0.7036991 0 0.0 0.03901761956070744 5.998591515030924 0.0 1.0
0.007888602 -0.02529341 -4.504332 -7.534562 3.368829 1.457694 0.224308 20.19439 1.009188 0 0.0 0.02649503030650284 8.778304579932733 0.0 0.0
-0.07157052 -0.01988192 11.36192 -5.01816 3.941409 2.523871 -0.3370703 20.58508 nan 0 0.0 0.07428075171911495 12.420755044360225 0.0 0.0
-0.006819677 0.02382659 -1.722374 -6.991621 1.317478 0.756255 0.4068805 19.58072 0.5649776 0 0.0 0.02478334895474034 7.200648332165445 0.0 0.0
-0.06557807 0.0489459 -4.86349 -1.808373 4.208505 2.649152 0.00397498 20.71408 0.5411263 1 0.3345939 0.08183021686232354 5.188809871948384 0.0 0.0
-0.03115227 0.009371196 -3.440397 -4.18782 1.960782 1.594383 -0.1367839 18.86229 0.8888683 0 0.0 0.03253126558594541 5.419794080037451 0.0 0.0
-0.01098673 -0.05023793 -3.182789 -4.493046 1.142845 0.7723615 0.2591139 19.69013 0.7995911 0 0.0 0.05142526467387212 5.50614276754944 0.0 0.0
0.01286293 -0.002539125 -2.75421 -7.363607 1.128123 1.153269 -0.3270607 18.68882 0.8441753 0 0.0 0.0131111450282012 7.861830624895769 0.0 0.0
-0.002055402 -0.04631599 -3.491765 -2.726158 4.562036 3.429215 0.08251316 20.84798 0.7182217 0 0.0 0.04636157468272303 4.429939080415102 0.0 0.0
0.006301441 -0.02532194 -2.089408 -4.626763 2.6666 1.197266 0.1817341 19.90142 nan 0 0.0 0.0260942293245093 5.076668361103865 0.0 0.0
-0.02897452 0.008858604 -3.715366 -6.443343 0.9592936 0.7439142 0.06153038 19.66198 0.7854958 0 0.0 0.03029847643131938 7.437782836948454 0.0 0.0
-0.01185159 0.0437237 -9.102855 -3.568017 3.882251 2.261212 -0.1736634 20.67532 1.148468 0 0.0 0.04530145833434173 9.777152676690386 0.0 0.0
0.0104307 -0.02746605 -7.327377 -5.578721 3.319751 1.48946 0.1680601 20.27081 1.101206 0 0.0 0.02937998306828137 9.209374663676682 1.0 0.0
0.005754489 -0.005880311 -2.509407 0.4222206 1.227311 0.923499 -0.1252426 17.40074 nan 0 0.0 0.008227527034768223 2.544679493907506 0.0 0.0
0.01692456 0.011468 -2.835706 -5.691379 0.1071256 0.05887247 -0.1141698 14.68728 1.308441 1 0.9988412 0.02044396622951623 6.358696677785237 0.0 1.0
0.04234506 -0.01742437 -1.029087 -6.301261 2.327896 1.627646 0.1821961 20.01834 0.9839363 0 0.0 0.045789876351662054 6.384740421010865 0.0 0.0
