jas1101finalproject/data/gcs/NGC_6528.ecsv
# %ECSV 0.9
# ---
# datatype:
# - {name: x, unit: deg, datatype: float64}
# - {name: y, unit: deg, datatype: float64}
# - {name: pmx, unit: mas / yr, datatype: float64}
# - {name: pmy, unit: mas / yr, datatype: float64}
# - {name: pmx_e, unit: mas / yr, datatype: float64}
# - {name: pmy_e, unit: mas / yr, datatype: float64}
# - {name: pm_corr, datatype: float64}
# - {name: g_mag, unit: mag, datatype: float64}
# - {name: bp_rp, unit: mag, datatype: float64}
# - {name: filter, datatype: int64}
# - {name: memberprob, datatype: float64}
# - {name: r, unit: deg, datatype: float64}
# - {name: pm, unit: mas / yr, datatype: float64}
# - {name: member_prob_GMM, datatype: float64}
# meta: !!omap
# - comments: [deg deg mas/yr mas/yr mas/yr mas/yr dimless mag   mag   zeroone float]
# - __serialized_columns__:
#     bp_rp:
#       __class__: astropy.units.quantity.Quantity
#       unit: &id001 !astropy.units.Unit {unit: mag}
#       value: !astropy.table.SerializedColumn {name: bp_rp}
#     g_mag:
#       __class__: astropy.units.quantity.Quantity
#       unit: *id001
#       value: !astropy.table.SerializedColumn {name: g_mag}
#     pm:
#       __class__: astropy.units.quantity.Quantity
#       unit: !astropy.units.Unit {unit: mas / yr}
#       value: !astropy.table.SerializedColumn {name: pm}
#     pmx:
#       __class__: astropy.units.quantity.Quantity
#       unit: !astropy.units.Unit {unit: mas / yr}
#       value: !astropy.table.SerializedColumn {name: pmx}
#     pmx_e:
#       __class__: astropy.units.quantity.Quantity
#       unit: !astropy.units.Unit {unit: mas / yr}
#       value: !astropy.table.SerializedColumn {name: pmx_e}
#     pmy:
#       __class__: astropy.units.quantity.Quantity
#       unit: !astropy.units.Unit {unit: mas / yr}
#       value: !astropy.table.SerializedColumn {name: pmy}
#     pmy_e:
#       __class__: astropy.units.quantity.Quantity
#       unit: !astropy.units.Unit {unit: mas / yr}
#       value: !astropy.table.SerializedColumn {name: pmy_e}
#     r:
#       __class__: astropy.units.quantity.Quantity
#       unit: &id002 !astropy.units.Unit {unit: deg}
#       value: !astropy.table.SerializedColumn {name: r}
#     x:
#       __class__: astropy.units.quantity.Quantity
#       unit: *id002
#       value: !astropy.table.SerializedColumn {name: x}
#     y:
#       __class__: astropy.units.quantity.Quantity
#       unit: *id002
#       value: !astropy.table.SerializedColumn {name: y}
# schema: astropy-2.0
x y pmx pmy pmx_e pmy_e pm_corr g_mag bp_rp filter memberprob r pm member_prob_GMM
[from data line 922]
0.02138501 -0.02263657 -0.6248546 -5.599059 0.1385858 0.1115732 0.2351698 15.33955 2.174435 0 0.0 0.031140535545571467 5.633817973330533 0.0
-0.008352434 0.001102339 1.593739 -0.1050372 0.7780101 0.5919068 -0.3549825 18.00732 1.526291 0 0.0 0.00842486231313468 1.5971965481758468 0.0
0.002873401 -0.008226192 -1.959673 -5.270956 0.1579526 0.1293268 0.1643977 16.38734 1.626824 0 0.0 0.008713591000710614 5.623459381987657 0.0
-0.01297279 -0.01533569 -0.7856767 -0.1494094 1.024456 0.7794232 -0.3352627 18.88446 1.554787 0 0.0 0.020086728657504188 0.7997568666358859 0.0
-0.007899499 -0.04760558 -4.695298 -3.322164 1.124017 0.9281459 0.002149774 18.96777 2.292366 0 0.0 0.04825653667211729 5.751747295535505 0.0
-0.02477211 -0.03904819 -3.484524 -2.802377 0.8976806 0.7211435 -0.09114498 19.03638 nan 0 0.0 0.04624303813687202 4.47160198997015 0.0
0.005936348 -0.02207368 -0.642556 -8.301346 0.4457035 0.3965509 0.3155699 16.45027 1.984936 0 0.0 0.022857987144967597 8.326177011381153 0.0
0.000707455 -0.032274 0.3143712 -7.568591 0.273485 0.2326075 0.07511186 16.99248 2.178802 0 0.0 0.03228175287336524 7.57511709326466 0.0
0.004799881 -0.04093157 0.3097405 -6.832558 0.7079644 0.5809178 0.2733464 18.5544 1.640768 0 0.0 0.04121204047701425 6.8395751330549945 0.0
0.006358137 -0.03360935 2.889283 -5.747682 0.4081952 0.3296451 -0.09476863 18.05096 1.530872 0 0.0 0.034205471982319866 6.4330245318367165 0.0
-0.02549161 -0.0134384 -2.36889 -6.064644 0.1510585 0.1245135 -0.09740188 15.28365 2.292691 1 0.007892942 0.02881688350519709 6.5108791018445435 0.0
-0.01482239 -0.00936404 -2.52176 -0.9601533 0.7729634 0.6022738 -0.2646669 18.48423 1.390142 0 0.0 0.017532498123020004 2.6983639222871494 0.0
-0.02380214 -0.01011156 -7.95939 2.460633 1.0572 0.8296257 0.06493867 18.89322 nan 0 0.0 0.025860887730571044 8.331062593258377 0.0
0.03989594 -0.02537172 0.4791573 -0.6190412 0.5209744 0.4243993 0.1004213 18.56672 nan 0 0.0 0.047280124833189684 0.7828178111417304 0.0
-0.01090942 -0.04611813 0.2481895 -5.689566 0.3808127 0.3158485 -0.1013143 17.35918 1.931544 0 0.0 0.04739089954235201 5.6949766721441675 0.0
0.0245583 -0.005228937 -0.9097779 -0.2547299 1.71721 1.517637 0.7871917 19.04691 nan 0 0.0 0.025108800868220867 0.9447661876265577 0.0
0.03371753 -0.02272774 0.7075438 -3.290652 0.6729527 0.5750318 0.2043017 18.31672 1.601906 0 0.0 0.04066229205060261 3.3658592980132784 0.0
0.01322363 -0.03237597 -5.369438 -4.564911 0.9397005 0.758415 0.04557078 18.7855 nan 0 0.0 0.034972386590248594 7.047643356027956 0.0
-0.01513527 -0.03588195 -2.48509 1.479512 2.250003 1.68988 0.5854622 19.41965 2.050426 0 0.0 0.038943429917964345 2.8921666733167366 0.0
-0.02221301 -0.02993236 2.076161 2.159473 0.4482841 0.3678812 -0.01448767 18.11349 1.467953 0 0.0 0.03727417320920345 2.9956248322595407 0.0
0.007439869 -0.04526904 -5.245665 -5.640929 0.6736704 0.5434572 -0.08056344 18.73111 1.667761 0 0.0 0.0458763297710133 7.703056618983531 0.0
-0.008008818 -0.00172623 -1.721345 -7.210684 0.4725157 0.3653763 -0.1036151 17.68345 1.252041 0 0.0 0.008192742872202447 7.413298345330572 0.0
-0.01769856 -0.0243906 -4.181379 -6.93432 0.2654578 0.2215326 -0.003412464 16.87425 1.958662 0 0.0 0.030135367833056228 8.09745171050998 0.0
-0.01067249 -0.03971133 -5.795397 2.242487 0.9459602 0.7533798 0.3055762 19.07748 1.729023 0 0.0 0.04112045443777343 6.214126996833747 0.0
-0.006975342 -0.04915428 1.793202 -2.500794 1.651611 1.464246 0.7533355 19.12062 1.740255 0 0.0 0.049646738446098994 3.077262426774811 0.0
0.01755194 -0.04464852 1.470839 -6.020828 0.5107143 0.4121551 -0.04975898 18.30373 2.088512 0 0.0 0.0479745863552152 6.197881667917273 0.0
0.006754297 -0.03239439 -8.400033 -6.911822 2.334925 1.593332 0.6360781 19.46224 0.9105473 0 0.0 0.033091041558650114 10.878135766792626 0.0
0.01129626 -0.03039209 2.798607 -3.048285 0.2432337 0.1943189 0.008599667 16.37902 1.999219 0 0.0 0.03242351962011065 4.138144823670868 0.0
-0.01209817 -0.04062893 -5.49804 -3.034723 0.632645 0.5282696 0.174431 18.62897 1.367172 0 0.0 0.042391929306104956 6.279967159812939 0.0
-0.03597232 -0.02514705 -1.141841 0.1621779 0.8819593 0.7278018 -0.03876388 18.71909 1.706644 0 0.0 0.04389056766419067 1.1533007155678914 0.0
0.01573643 -0.00543695 4.703292 -12.25755 1.302289 1.084237 0.04101038 18.59869 1.439346 0 0.0 0.01664919380773135 13.128917991965826 0.0
0.0004433441 -0.04484343 -1.956535 -5.81141 0.3054193 0.2501104 -0.09359518 16.82198 nan 0 0.0 0.04484562150484598 6.131925912331704 0.0
-0.001801487 -0.009021531 -1.855782 -6.554506 0.3458977 0.2677895 -0.02999203 17.39877 1.757175 0 0.0 0.009199640047041515 6.812156467342776 0.0
0.01338419 -0.01664228 -5.114293 -4.096227 0.3668237 0.3120815 0.3624594 16.50514 1.997703 0 0.0 0.021356545262623823 6.552485675327952 0.0
0.0345681 -0.006931373 -2.362596 -1.074948 0.3655817 0.3000781 0.2295748 17.57621 2.010744 0 0.0 0.03525616923710131 2.595645018472287 0.0
-0.01484692 -0.0218896 -8.598612 -3.291065 0.4490701 0.3726929 0.003832285 17.9127 1.815876 0 0.0 0.02644968093657086 9.206912466227156 0.0
0.04134753 -0.02731399 -4.550784 -11.94932 3.135873 2.352358 -0.2280635 20.06174 nan 0 0.0 0.049554740306261315 12.786550882746136 0.0
0.04592589 -0.00577823 -5.59858 -9.792764 0.9769932 0.8250071 0.09814918 18.97155 1.509834 0 0.0 0.04628796079138721 11.280173969230084 0.0
0.005724946 -0.02443878 -1.153296 -1.363567 0.3317499 0.2859553 0.1226777 16.72804 1.849677 0 0.0 0.025100377977060745 1.785890989703739 0.0
-0.0005600169 -0.03051161 1.499422 1.909704 0.470355 0.3862608 -0.01667751 18.04789 1.437391 0 0.0 0.030516748904829062 2.4280106469494735 0.0
-0.0003487445 -0.03761267 4.414811 -11.18164 0.9136765 0.7906774 0.1097604 18.03366 1.898355 0 0.0 0.03761428674393787 12.021631721830484 0.0
0.01588904 -0.04192837 -3.645425 -7.033076 0.2735676 0.2224521 -0.08706129 17.19686 nan 0 0.0 0.04483803968706147 7.921696879608624 0.0
-0.01141608 -0.002514299 -3.539926 -1.898774 0.2164233 0.180308 -0.03642028 16.14952 1.883255 0 0.0 0.011689678439880244 4.017016154878145 0.0
-0.03154254 -0.004260075 -1.632177 -5.351611 0.9457593 0.7928411 -0.05321459 18.66396 1.646013 0 0.0 0.03182891874784981 5.594974714388797 0.0
-0.01009098 -0.04600361 -3.263642 -8.352354 0.4316647 0.3651992 0.02313941 18.05923 nan 0 0.0 0.04709734610774263 8.967339429590028 0.0
0.03572094 -0.03270388 -1.357763 -3.253143 0.495249 0.4165239 0.1485645 18.25191 nan 0 0.0 0.04843066509493753 3.525118401219738 0.0
0.03618014 -0.004484821 4.354484 -1.358217 1.540192 1.29078 0.7222524 19.09656 nan 0 0.0 0.03645704527003856 4.561390613107476 0.0
-0.0268078 -0.0294395 -4.57709 -5.070981 0.8586408 0.7407137 -0.2861141 18.74282 1.532927 0 0.0 0.03981635720517386 6.831149330124544 0.0
-0.0109402 -0.006468179 -1.35039 -3.676017 0.2257193 0.1856674 -0.04518973 16.68011 1.83783 0 0.0 0.01270926101770048 3.9162040468276165 0.0
-0.0023298 -0.005626462 -5.199123 -4.897496 0.546392 0.429508 -0.02771066 17.39966 nan 0 0.0 0.006089748983122703 7.142572858511491 0.0
0.02326352 -0.00757657 -2.956088 -2.208246 0.687478 0.577227 0.3170676 18.64121 nan 0 0.0 0.024466217029923115 3.689824746550979 0.0
-0.01519107 -0.01640793 0.4203098 -5.45664 0.8839555 0.6812437 -0.2319821 18.81435 nan 0 0.0 0.02236042876668066 5.472803707203105 0.0
-0.03961574 -0.02712255 -8.239493 -7.425415 1.506549 1.352214 0.3740172 18.60423 nan 0 0.0 0.048010827677203195 11.091710094447745 0.0
0.008340585 -0.009107697 -0.2139312 -4.633118 1.411102 1.211437 0.4275647 18.68996 nan 0 0.0 0.012349716708736034 4.6380544369657235 0.0
-0.02746721 -0.03210615 -5.452678 -5.041987 0.6780712 0.602205 -0.1503717 18.3336 1.237371 0 0.0 0.042252248378123025 7.426528817681447 0.0
0.004220444 -0.007358397 -2.51374 -5.583956 0.1643116 0.1350451 0.1950735 15.57067 2.057652 0 0.0 0.008482815214699953 6.123679726891013 0.0
-0.01408334 -0.005993647 -7.391999 -7.997613 0.183538 0.1509302 -0.07928593 16.36141 1.936589 0 0.0 0.015305694035757052 10.89052170071618 0.0
-0.04107315 -0.01500385 -1.840882 -10.70782 1.097794 0.9353302 -0.3686388 18.62718 1.587038 0 0.0 0.0437277848254974 10.864909373313889 0.0
-0.01017431 -0.00584058 -5.877352 -4.716738 0.2490384 0.1988313 0.04278383 16.86985 nan 0 0.0 0.011731536928829913 7.535972657364676 0.0
-0.02245104 -0.02825586 -3.967229 -9.76852 0.5572504 0.4499855 -0.06134102 18.57346 1.268572 0 0.0 0.036089372693650416 10.543381285377144 0.0
-0.01693083 -0.0355332 8.505091 -9.119394 2.480159 1.975741 0.1886472 19.41189 1.757433 0 0.0 0.03936065683812835 12.46996069943755 0.0
0.02061957 -0.02075195 7.38857 1.562038 0.9216477 0.7396973 0.21556 18.77988 nan 0 0.0 0.029254232100456853 7.551882504272958 0.0
-0.01006943 0.001693458 -6.935621 -1.618629 0.2246148 0.1739807 -0.08268385 16.3404 1.614865 0 0.0 0.010210838384905718 7.121993997138863 0.0
0.0353508 -0.03400265 1.224199 -3.505122 0.3822238 0.3160921 -0.02345376 17.50708 2.549717 1 0.0 0.04904955930140963 3.712754156483432 0.0
0.0088952 -0.009441531 -0.1194769 -5.757789 0.956494 0.8193474 0.4040002 18.82518 nan 0 0.0 0.012971780551025406 5.759028468253531 0.0
-0.0248081 -0.000836375 0.3441765 0.5064243 0.7075186 0.610441 -0.1775424 18.5638 nan 0 0.0 0.024822194680378787 0.6123095906342967 0.0
-0.01540474 -0.001021386 -2.305881 -0.2852141 0.1734153 0.1391119 0.02807666 14.88467 1.790406 0 0.0 0.015438563528664058 2.323453091628882 0.0
-0.04172816 -0.0274305 5.262009 -5.824296 0.7796497 0.6878159 0.2866805 18.28308 1.578909 0 0.0 0.049936676573792936 7.84927784013899 0.0
0.004008659 -0.01941092 -1.331539 -5.665343 0.2262263 0.1838051 -0.1327499 16.66312 1.973968 0 0.0 0.019820523762622447 5.8197171250989514 0.0
0.03388241 -0.003930877 7.722952 -10.00867 0.9793633 0.8011963 0.2430611 18.9576 nan 0 0.0 0.03410966873772346 12.641893163731611 0.0
-0.01490273 -0.001997871 0.1299619 -10.74497 0.9239886 0.7940898 0.0881365 17.97899 1.280357 0 0.0 0.015036051675408042 10.745755924845476 0.0
0.005248507 -0.0452174 -2.8098 -3.444334 1.956959 1.707772 0.7345667 19.37958 1.602221 0 0.0 0.04552098514409644 4.445043615484105 0.0
0.0105853 -0.01166376 -4.06817 -2.006107 1.026021 0.8264711 0.3010333 18.82443 1.48501 0 0.0 0.01575093246216236 4.5359092191476895 0.0
-0.01022732 -0.00411062 -2.17752 -5.422408 0.205321 0.1677429 -0.09811654 16.1489 1.902052 0 0.0 0.011022489336207135 5.843295463081086 0.0
-0.02311081 -0.02993829 7.040087 2.291863 1.105842 0.8636241 -0.4480583 18.55881 1.577097 0 0.0 0.03782077136944988 7.403746415048127 0.0
-0.04204573 -0.0258113 -6.421205 -6.253344 0.8786791 0.7419027 0.1250657 18.58528 1.259819 0 0.0 0.04933626069051951 8.963045511117357 0.0
-0.002592928 -0.04366281 -6.636615 -6.475438 0.2257156 0.184684 -0.09668657 16.6496 2.066989 0 0.0 0.043739733112003375 9.272322036581182 0.0
0.04121776 -0.021878 -3.251307 -8.224952 0.310461 0.2552632 0.1510649 17.42386 2.260958 0 0.0 0.046664232806482527 8.844254214491633 0.0
-0.02712178 -0.0399815 -5.739775 -2.527092 1.149933 0.8873715 -0.4069751 18.68296 1.580444 0 0.0 0.04831264112650436 6.271460039503481 0.0
-0.002540983 -0.01022508 -2.292934 -5.894686 0.215691 0.1704378 -0.3902263 15.18794 2.256609 0 0.0 0.010536074013250334 6.324940265880145 0.0
-0.01450665 -0.001139506 -1.830851 -7.09708 0.7373875 0.6313731 0.1637026 18.39063 nan 0 0.0 0.014551335613837514 7.329431076870906 0.0
-0.007322098 -0.001266506 -2.023618 -5.528552 0.2020846 0.1554858 -0.09620814 16.35661 1.85881 0 0.0 0.007430824757026638 5.8872673649689125 0.0
-0.01030665 -0.003170306 -0.4976614 -7.12023 0.7267772 0.611326 -0.03511548 18.44819 nan 0 0.0 0.010783221891259402 7.137600585767598 0.0
-0.02496141 -0.02134613 1.405859 -7.82344 0.7215494 0.5862126 -0.05460463 18.86045 1.396301 0 0.0 0.03284401399288765 7.948751660574193 0.0
0.01547172 -0.009154331 -3.285732 -7.279558 0.1514434 0.1227992 0.02893464 15.17997 2.589648 1 0.0 0.017977093642075767 7.986738974774873 0.0
0.02091068 -0.01783567 -2.062912 -4.904031 0.3943094 0.3263104 0.1278629 17.39013 nan 0 0.0 0.027483952816349036 5.320256193897526 0.0
-0.03409487 -0.03248205 3.10414 -5.396342 0.2016148 0.1646005 -0.08141914 16.53818 2.338924 1 0.0 0.04709080305664154 6.225447142219103 0.0
-0.01777755 -0.02566473 5.914416 -1.313439 1.039654 0.8096919 -0.2657329 16.82112 1.904112 0 0.0 0.031220500476055794 6.058501351636146 0.0
-0.009619766 -0.00463508 -1.874865 -6.058138 0.1791467 0.14762 -0.01895616 16.4882 1.659534 0 0.0 0.010678195751209846 6.341620833451729 0.0
-0.003782532 -0.004550762 -1.836743 -2.768186 0.2343172 0.1827427 -0.05430337 16.38299 1.739679 0 0.0 0.005917514943932799 3.322119591261729 0.0
-0.02598944 -0.02854282 -3.545141 -5.890058 0.4759018 0.3960419 -0.09385462 17.99654 1.379421 0 0.0 0.038602377712596926 6.874649660400521 0.0
0.009156084 -0.04434222 -4.331286 -5.932811 0.4084287 0.313284 -0.3510178 17.65394 2.121149 0 0.0 0.045277658384057985 7.345630318462603 0.0
-0.04244578 -0.01661042 -4.215933 -7.01605 0.4964115 0.4071745 -0.09585476 18.34751 1.701513 0 0.0 0.04558015239536612 8.185294659509148 0.0
-0.01466193 -0.02274216 -3.102555 -7.224203 1.260523 1.136045 0.3470869 19.01188 nan 0 0.0 0.02705878845755109 7.862248820358842 0.0
-0.02575074 -0.03254438 1.409815 -5.159696 0.7700956 0.6371021 -0.09624186 18.8008 1.142599 0 0.0 0.04149984674829535 5.3488354944455905 0.0
0.01940414 -0.02403425 -4.361001 -8.080926 0.5456085 0.4485119 0.2370309 16.13214 2.084476 0 0.0 0.030889574652333756 9.182575604887607 0.0
-0.008509045 -0.02070439 -0.8721495 -4.023547 0.4821231 0.4112204 0.1246914 17.80816 2.005541 0 0.0 0.02238471827126991 4.11698618063739 0.0
-0.008031584 -0.04663857 -2.955479 -0.3515453 0.1603061 0.1357304 0.006350047 15.73246 2.081321 0 0.0 0.04732507319797779 2.976313192087333 0.0
-0.02369668 -0.009352415 -0.7340047 0.3175351 0.1579247 0.1244947 -0.2980165 15.27853 2.180751 1 0.0 0.025475484477328888 0.7997446088309067 0.0
0.02043689 -0.01020046 -1.667302 -5.585348 0.2337053 0.1917505 0.2607293 16.73956 1.948488 0 0.0 0.02284110017235816 5.82889425537194 0.0
0.005460956 -0.02287474 -1.790638 -6.39527 0.4753765 0.3898848 -0.02964217 18.02985 nan 0 0.0 0.023517563022165712 6.6412244970294445 0.0
-0.01624304 -0.0432979 -1.827115 -1.907807 0.7610027 0.6486389 0.1362231 18.823 1.154709 0 0.0 0.04624439958364256 2.6416049614720976 0.0
0.00577657 -0.0448188 -2.731702 -5.876875 1.578261 1.270369 0.6668469 19.27625 1.574251 0 0.0 0.045189529698868296 6.4807295563407825 0.0
-0.02422434 -0.01165662 4.396894 -2.852359 0.9430455 0.7725547 0.09735866 18.86666 1.081944 0 0.0 0.02688299533645758 5.241052252374231 0.0
-0.01411144 0.005831911 0.5944353 -5.320607 0.2002736 0.1579939 0.02219688 16.46746 1.995686 1 0.0 0.015269051207770605 5.353710131706338 0.0
-0.002830655 -0.03999117 -3.328326 -9.393687 0.2002561 0.1700035 0.04704717 16.49281 2.336329 1 0.0 0.040091224547248804 9.965897321177104 0.0
-0.02538344 -0.02331844 -8.625145 -4.176908 0.8041582 0.6684029 0.006049268 18.56394 nan 0 0.0 0.03446837202809555 9.583302495042561 0.0
-0.007002625 -0.03670502 -5.267567 -10.19433 1.819216 1.482414 0.7296625 19.33467 1.784794 0 0.0 0.03736703426940684 11.474825761134197 0.0
-0.01997325 -0.006366593 -3.096445 -3.997255 0.3529382 0.2846769 -0.1848662 16.84053 1.785782 0 0.0 0.020963401966049046 5.05628511587806 0.0
-0.02553693 -0.04250831 0.5438585 -4.895299 0.657436 0.5615657 0.1502404 18.50559 1.650721 0 0.0 0.04958922476588034 4.925417176993564 0.0
0.005882333 -0.042221 -3.933324 -15.42765 1.666712 1.436137 0.6482698 19.34372 1.393112 0 0.0 0.04262880109178405 15.921162715438719 0.0
0.01755565 -0.02372682 -4.732535 -7.720902 1.717338 1.440517 0.7665411 19.14903 nan 0 0.0 0.02951546771160674 9.055893949237094 0.0
-0.01368363 -0.03143953 5.571093 -3.088157 1.696779 1.485603 0.2184738 19.09363 1.77146 0 0.0 0.034288274622643236 6.369755950685866 0.0
