jas1101finalproject/data/gcs/NGC_5634.ecsv
# %ECSV 0.9
# ---
# datatype:
# - {name: x, unit: deg, datatype: float64}
# - {name: y, unit: deg, datatype: float64}
# - {name: pmx, unit: mas / yr, datatype: float64}
# - {name: pmy, unit: mas / yr, datatype: float64}
# - {name: pmx_e, unit: mas / yr, datatype: float64}
# - {name: pmy_e, unit: mas / yr, datatype: float64}
# - {name: pm_corr, datatype: float64}
# - {name: g_mag, unit: mag, datatype: float64}
# - {name: bp_rp, unit: mag, datatype: float64}
# - {name: filter, datatype: int64}
# - {name: memberprob, datatype: float64}
# - {name: r, unit: deg, datatype: float64}
# - {name: pm, unit: mas / yr, datatype: float64}
# - {name: member_prob_GMM, datatype: float64}
# meta: !!omap
# - comments: [deg deg mas/yr mas/yr mas/yr mas/yr dimless mag   mag   zeroone float]
# - __serialized_columns__:
#     bp_rp:
#       __class__: astropy.units.quantity.Quantity
#       unit: &id001 !astropy.units.Unit {unit: mag}
#       value: !astropy.table.SerializedColumn {name: bp_rp}
#     g_mag:
#       __class__: astropy.units.quantity.Quantity
#       unit: *id001
#       value: !astropy.table.SerializedColumn {name: g_mag}
#     pm:
#       __class__: astropy.units.quantity.Quantity
#       unit: !astropy.units.Unit {unit: mas / yr}
#       value: !astropy.table.SerializedColumn {name: pm}
#     pmx:
#       __class__: astropy.units.quantity.Quantity
#       unit: !astropy.units.Unit {unit: mas / yr}
#       value: !astropy.table.SerializedColumn {name: pmx}
#     pmx_e:
#       __class__: astropy.units.quantity.Quantity
#       unit: !astropy.units.Unit {unit: mas / yr}
#       value: !astropy.table.SerializedColumn {name: pmx_e}
#     pmy:
#       __class__: astropy.units.quantity.Quantity
#       unit: !astropy.units.Unit {unit: mas / yr}
#       value: !astropy.table.SerializedColumn {name: pmy}
#     pmy_e:
#       __class__: astropy.units.quantity.Quantity
#       unit: !astropy.units.Unit {unit: mas / yr}
#       value: !astropy.table.SerializedColumn {name: pmy_e}
#     r:
#       __class__: astropy.units.quantity.Quantity
#       unit: &id002 !astropy.units.Unit {unit: deg}
#       value: !astropy.table.SerializedColumn {name: r}
#     x:
#       __class__: astropy.units.quantity.Quantity
#       unit: *id002
#       value: !astropy.table.SerializedColumn {name: x}
#     y:
#       __class__: astropy.units.quantity.Quantity
#       unit: *id002
#       value: !astropy.table.SerializedColumn {name: y}
# schema: astropy-2.0
x y pmx pmy pmx_e pmy_e pm_corr g_mag bp_rp filter memberprob r pm member_prob_GMM
[from data line 455]
0.02177626 0.003084805 -3.059971 -0.01873398 1.944561 1.863222 -0.213448 20.49327 nan 0 0.0 0.021993670031980224 3.0600283467392324 0.0
0.008952513 -0.001712771 -1.847195 -1.971106 0.2940471 0.2278797 0.1835798 17.63332 0.9497852 0 0.0 0.009114881980234852 2.7013678444930447 0.0
0.003549785 -0.02327624 -2.028137 -1.643784 1.20845 0.9367213 0.1006848 20.02788 0.9342556 0 0.0 0.023545367316816807 2.6106255053961682 0.0
-0.00892457 -0.00289485 -6.883147 -2.763404 2.89791 2.542985 -0.06662192 20.71886 nan 0 0.0 0.00938232946593755 7.4171500113470135 0.0
0.01377887 0.01634543 -3.510159 -0.2044095 2.058077 1.735448 0.01095191 20.69318 0.5647221 0 0.0 0.021378267945785505 3.5161057220981355 0.0
0.009651013 0.02176525 -1.639745 -1.644511 2.330674 1.939354 0.06863319 20.81408 0.6737995 0 0.0 0.023808993248112552 2.3223221340171567 0.0
0.01714734 -0.005156207 3.358825 0.8140151 2.234529 1.992625 -0.09327714 20.55222 nan 0 0.0 0.01790580184472198 3.4560564178920763 0.0
0.002609039 0.001167869 -1.973215 -1.280337 0.3607734 0.3008723 -0.05355084 17.64196 nan 0 0.0 0.0028584965462078137 2.3521990285250096 0.0
0.01676795 -0.005065597 -5.460236 -0.8164177 2.628146 1.852706 0.3325352 20.59784 0.9472752 0 0.0 0.017516404316209107 5.52093425396185 0.0
0.001076339 0.03414212 -4.177555 -2.270072 2.71149 2.403495 0.04404701 20.72162 0.8867226 0 0.0 0.03415908171683368 4.75449184069223 0.0
0.01345977 -0.0001679107 -5.065034 -2.557209 2.930198 2.259611 0.09128454 20.70162 nan 0 0.0 0.013460817302677964 5.673965746357392 0.0
0.0004844108 -0.002856153 -5.821681 -1.722117 0.384452 0.3005772 0.1373859 17.422 nan 0 0.0 0.0028969404175035497 6.071050702098443 0.0
0.007510854 0.00139766 -4.70833 -0.1434202 1.085458 0.8848777 -0.130688 19.65836 nan 0 0.0 0.007639789348202999 4.710513851234071 0.0
0.01770925 0.007407003 0.46443 0.2348621 1.532947 1.479333 -0.2104022 20.25797 nan 0 0.0 0.019195864893369847 0.5204377301045823 0.0
-0.008135432 -0.0027618 -1.706021 -1.457226 0.4210568 0.3395717 0.05163321 18.4745 0.8440475 0 0.0 0.008591437194475905 2.243661130277253 0.0
-0.003886171 -0.0086917 7.547782 2.878948 1.161514 0.9591922 0.05522702 17.88979 0.5501156 0 0.0 0.009520922955850499 8.078202442760889 0.0
0.01878796 0.04287363 -1.527437 -1.241444 1.843781 1.569617 0.02180935 20.53521 0.4368534 0 0.0 0.04680956729492915 1.9683106955216698 0.0
-0.03953414 -0.002414122 -0.1403193 0.03152436 1.421189 1.161945 0.04233254 19.9531 0.9411163 0 0.0 0.039607779672312916 0.14381686697289578 0.0
0.006296764 -0.0001725498 -4.223075 -0.9826208 0.5253427 0.4064636 0.07120127 17.99122 nan 0 0.0 0.006299127741614392 4.3358858486147485 0.0
0.009969534 0.01160909 -1.974477 0.4390443 3.052162 1.89385 0.5640915 20.39611 nan 0 0.0 0.015302371672562917 2.022700996413333 0.0
-0.02063949 -0.02356463 -1.826259 -1.850441 0.2266832 0.2038992 -0.1358059 17.47137 1.122395 1 0.9996409 0.031325394402896195 2.5998757334845832 0.0
-4.673892e-05 -0.03167524 -2.23501 -2.314244 1.40132 1.234411 -0.1110395 20.08638 0.9486446 0 0.0 0.0316752744831713 3.217296223793513 0.0
-0.02030624 -0.007194794 -1.558227 -1.548876 0.4786594 0.3954785 0.02907597 18.75468 0.9842014 0 0.0 0.021543176266280606 2.1970635509481737 0.0
-0.01613383 0.02327858 -0.7296448 -2.422259 0.7706304 0.5722158 0.18659 19.23508 0.9664383 0 0.0 0.028323007560732315 2.529766826655777 0.0
0.00748089 0.02990775 -2.76411 -2.186688 2.58768 2.378076 -0.1522777 20.81504 0.5312309 0 0.0 0.030829161929163757 3.524472797659815 0.0
-0.01101878 -0.005286703 -0.5859772 -0.9915855 0.5183178 0.4307393 0.01222503 18.86494 0.822813 0 0.0 0.012221405046008786 1.1517860403434703 0.0
-0.002702372 -0.02909985 -2.022365 -1.979186 0.4205403 0.3569542 -0.01544858 18.58117 1.049561 0 0.0 0.02922505918640515 2.8296885722321106 0.0
0.004035533 -0.004152211 -1.448387 -0.6888875 0.3766587 0.3115625 -0.006054081 17.92253 nan 0 0.0 0.005790197128130441 1.6038674787604024 0.0
-0.01294582 -0.01670032 -1.715861 -1.440712 0.5146249 0.4264498 0.01187915 18.89216 0.9393635 0 0.0 0.0211304269614885 2.2404977211023893 0.0
0.02179147 0.003851558 -0.4721807 -0.2517273 1.774111 1.669235 -0.1451545 20.3603 0.9109802 0 0.0 0.022129226461588394 0.5350899429234117 0.0
0.01649417 -0.02544608 -2.227854 -2.134275 0.3854523 0.3171176 -0.03672796 18.41619 1.004854 1 0.9972883 0.03032425813363453 3.085200677580147 0.0
0.003109863 0.004736993 8.865472 7.274581 2.065578 2.244592 -0.3534165 19.06969 nan 0 0.0 0.0056665995588904994 11.468047894404043 0.0
0.003231237 -0.00103989 -1.153973 -1.725013 0.1389028 0.1171131 -0.06608351 14.8598 1.176493 0 0.0 0.0033944460169914323 2.0754092451605777 0.0
0.00893776 0.02427724 -4.277446 1.193202 2.185363 1.870887 0.009694875 20.77261 0.9252415 0 0.0 0.025870213293191068 4.4407516588658735 0.0
0.0122757 -0.01559833 -1.685879 -1.315254 0.3000571 0.1980757 0.2537522 17.59946 0.4916286 1 0.9999013 0.01984945110774855 2.138242522998034 0.0
0.0004692319 -0.006514925 -10.75627 -6.453457 1.651713 1.254113 0.1327109 19.41763 nan 0 0.0 0.006531801155240613 12.543701669114625 0.0
0.01930283 0.0101459 5.972114 -0.02724092 2.492272 2.159013 -0.07144317 20.78216 0.2116337 0 0.0 0.02180684600805215 5.972176127402679 0.0
-0.002550665 -0.01993217 -0.7255523 -0.5936293 1.398336 1.283532 -0.1274985 19.96314 0.3204861 0 0.0 0.020094708080764075 0.9374550047089087 0.0
-0.02281165 0.02695094 -5.963794 -2.902786 1.650753 1.211731 0.1365082 20.39706 0.530859 0 0.0 0.035308986711687154 6.632722324674235 0.0
0.001668107 -0.007664105 -1.379506 -3.119417 0.3699378 0.2906056 0.04475565 18.19479 0.7825317 0 0.0 0.00784353787614199 3.410835560962299 0.0
0.007526035 0.001822521 -3.341217 2.110211 1.23301 1.1484 -0.1367418 19.90788 nan 0 0.0 0.0077435641417028375 3.951799780556955 0.0
-0.002110578 -0.0207428 0.6921064 -0.1216635 0.9695753 0.792135 0.02024456 19.21765 0.8970833 0 0.0 0.02084989907251553 0.7027184899753315 0.0
0.009651388 0.04313422 1.786092 -12.75761 2.071152 1.928483 -0.03913213 20.72466 nan 0 0.0 0.044200794397102686 12.882031576756983 0.0
0.04039417 -0.03702732 -12.96991 -8.911206 1.638197 1.488983 -0.092531 20.48424 1.644258 0 0.0 0.054797001709685725 15.736205317119373 0.0
-0.001534087 0.03998098 21.04892 -18.61873 1.58072 1.298964 0.001366227 20.44007 2.366081 0 0.0 0.040010400956300964 28.10185296344887 0.0
0.02553922 -0.01132681 -0.2623092 1.356678 1.95588 1.47886 0.2311178 20.24956 0.7416801 0 0.0 0.02793829599285719 1.3818036445489064 0.0
-0.01129273 0.0329542 -0.7833728 -3.362127 1.603107 1.061547 0.2403827 20.32094 0.7477112 0 0.0 0.03483539935888349 3.452183498585908 0.0
-0.007437174 -0.01535077 -1.790584 0.1187955 1.149027 0.9187681 0.06843518 20.00407 0.7405682 0 0.0 0.01705748213245953 1.794520390487734 0.0
0.0118817 0.01022527 1.139811 2.145345 2.14458 2.010811 -0.163347 20.7159 0.5897865 0 0.0 0.015675807521875865 2.4293361819118404 0.0
0.001926116 -0.0009693119 -3.508034 -0.6823611 0.3121423 0.2592809 -0.04800153 17.02925 0.7866926 0 0.0 0.0021562672387572023 3.573782200407463 0.0
0.01368749 0.003487517 -3.06941 0.508973 1.046007 0.8073784 0.005526689 19.71886 0.8437481 0 0.0 0.014124806452670034 3.111323072718261 0.0
0.01520571 0.0257572 -1.949854 -1.421018 0.436656 0.3495416 0.004651554 18.34366 0.0420208 0 0.0 0.029910649749614267 2.4127210318725205 0.0
-0.004811767 -0.02188961 -0.1044628 -2.321574 1.184888 1.008956 -0.01247408 20.19285 0.8413372 0 0.0 0.02241223165180989 2.3239230439194496 0.0
-0.01361387 -0.003642627 -2.352085 -0.5819522 2.024269 1.812858 -0.09051741 20.59974 nan 0 0.0 0.014092770765113189 2.423008916679805 0.0
0.002168867 -0.01678409 -4.053099 -2.645273 1.746636 1.442534 0.01289521 20.4001 0.9398651 0 0.0 0.016923642078222674 4.839946358001295 0.0
-0.01384149 -0.003993108 -1.154281 -2.043908 0.5346024 0.3854256 0.1868956 18.61055 0.9388828 0 0.0 0.014405962547492757 2.347322845163187 0.0
-0.01215708 0.0001697205 -5.369786 -0.9550924 2.802838 1.984152 0.1068482 20.59604 nan 0 0.0 0.01215826464486278 5.454062997283197 0.0
0.01377812 -0.01352842 -1.980413 -1.593982 0.3733506 0.2485623 0.239426 17.95907 0.2870178 0 0.0 0.01930944687014105 2.5422065743941817 0.0
-0.01062425 -0.003078462 -8.644321 9.791479 1.532307 1.038429 0.2515095 19.16944 0.4985428 0 0.0 0.011061266489328607 13.061291917665802 0.0
0.00746552 0.01565604 -0.8920293 -5.388847 2.766713 1.942767 0.3218624 20.65233 0.8440514 0 0.0 0.01734490061522406 5.462177977827846 0.0
0.04667979 0.0008592787 -2.942525 -1.337292 1.793913 1.524874 -0.03939768 20.42245 0.8040295 1 0.9856596 0.04668769810483671 3.2321514922554293 0.0
0.0126553 -0.006351993 -0.3613663 -3.010714 3.07145 2.392341 0.2377738 20.76703 0.528944 0 0.0 0.014159958798035008 3.0323232665023845 0.0
0.007510873 0.002838662 5.635925 -0.3803527 1.224183 1.066873 -0.05555999 19.65758 0.669817 0 0.0 0.008029396937029145 5.648744885549558 0.0
0.007753855 0.01465421 1.495277 1.517166 2.762121 1.871012 0.3813327 20.61032 0.6276436 0 0.0 0.016579147688742173 2.1301751050758715 0.0
-0.007953049 -0.02155109 -2.704333 -2.07989 0.8824737 0.7224709 0.01743886 18.89406 1.275511 0 0.0 0.022971731945687093 3.411650537055195 0.0
0.01344473 0.005741056 -13.49259 -1.673899 2.737168 2.34661 -0.2407607 20.11799 0.6745968 0 0.0 0.014619182219537317 13.596025991822058 0.0
-0.002854177 -0.01876249 -1.666515 -1.642535 0.2360019 0.2077989 -0.06632646 17.62229 1.06345 1 0.9999308 0.018978339161987514 2.3399131333128587 0.0
0.01732983 0.006864852 -0.04701773 -3.025928 1.427049 1.030602 -0.1031779 19.99896 0.8654728 0 0.0 0.018639989292132224 3.0262932653856187 0.0
0.0151893 -0.01859437 -1.994105 -2.046212 0.5361287 0.4093919 0.07849574 18.86278 nan 0 0.0 0.024009694504239322 2.857173130905616 0.0
-0.006314127 -0.02105373 -2.101419 -1.56533 0.4978401 0.4046606 0.03071248 18.62451 0.9869137 0 0.0 0.021980167121408087 2.620347271348017 0.0
0.01376356 0.01083128 -4.484739 -1.198788 1.995527 1.662032 0.031129 20.56531 0.6978283 0 0.0 0.01751434298830533 4.642195231468082 0.0
0.01056127 0.004515647 -3.128913 -2.615027 0.8702667 0.5984378 0.175702 19.36071 nan 0 0.0 0.011486143471222576 4.077801217849885 0.0
0.03334432 0.0690799 8.189918 -2.822679 1.293838 0.9473548 0.06027462 20.14693 2.084646 0 0.0 0.07670642906740216 8.662694360518845 0.0
0.06642353 0.0003532217 -1.67393 -1.637349 0.2779859 0.2392135 -0.07411516 17.90417 1.03726 1 0.9991338 0.0664244691603196 2.341570710591717 0.0
0.02802729 -0.02527775 -3.112026 0.1544545 4.334087 2.561761 0.5692767 20.70152 0.08991432 0 0.0 0.03774246454335753 3.115856546320169 0.0
0.0144457 -0.01882037 -6.35181 7.252889 1.065054 0.7933639 0.0753553 17.76404 0.5835152 0 0.0 0.023725188627846564 9.641052282941994 0.0
-0.005419288 0.02972849 -1.920757 -1.939691 3.804764 2.812733 0.2444818 20.89074 0.4658031 0 0.0 0.030218401680218696 2.729781791376373 0.0
0.005522874 0.007586553 -7.978967 0.7261882 3.682157 2.567316 0.3096457 20.87633 nan 0 0.0 0.009383918352249502 8.011945062773973 0.0
-0.02344842 0.01186378 -0.2488697 0.4077943 2.698733 1.837859 0.3483112 20.73849 0.4309196 0 0.0 0.026278844654679934 0.47773666249365876 0.0
-0.02168666 -0.02154192 -0.3538566 -3.075192 2.024539 1.783752 -0.08380308 20.48378 0.7970543 0 0.0 0.03056739339953605 3.0954838604372594 0.0
0.02654066 -0.01440293 -1.739841 -1.121536 1.058615 0.8425239 -0.02864278 19.78631 0.8399086 0 0.0 0.03019687112633526 2.0699975131813564 0.0
0.007753912 0.01865582 -5.263366 -1.012828 2.620162 2.339267 -0.08050846 20.88858 0.678648 0 0.0 0.020203038661947465 5.359929309938705 0.0
0.01263986 -0.01796822 -4.047467 -0.7903286 1.393554 0.8792881 0.2745484 19.87157 0.8709965 0 0.0 0.02196868204485649 4.123906935427492 0.0
0.006251017 -0.01930993 -1.871266 -2.09238 1.373732 0.907137 0.1877311 20.14972 0.9626808 0 0.0 0.02029651719234581 2.807078642852031 0.0
-0.003673739 -0.004823596 -1.487735 -1.773944 0.2425521 0.2094006 -0.05343646 16.64138 0.8527508 0 0.0 0.0060632859582356 2.3152176453545357 0.0
0.002700161 0.01467142 0.4631599 -0.9520308 2.000933 1.873954 -0.146713 20.55326 nan 0 0.0 0.014917822704480737 1.0587160795589392 0.0
-0.007588787 -0.02553983 -1.402729 -3.171675 1.055817 0.7880583 0.1585162 19.67622 nan 0 0.0 0.02664343454887656 3.4680211869401836 0.0
-0.01045731 -0.003570078 1.472272 -2.056242 0.6552724 0.5157373 0.009918873 18.94893 0.8649712 0 0.0 0.011049922595302828 2.5289752874530036 0.0
-0.001579436 -0.02309074 -2.000566 -1.676619 1.321736 0.6698432 0.7046661 18.89068 0.930748 0 0.0 0.023144694679897937 2.6102328615502874 0.0
-0.0007448099 -0.01548709 -1.786587 0.04438593 1.102265 0.930556 -0.001955744 19.67351 0.7433624 0 0.0 0.015504989469691297 1.7871382765054764 0.0
0.05563331 -0.001462325 -11.92945 -8.732441 0.4986829 0.4223879 -0.08097835 18.65209 1.706781 1 0.0 0.05565252533319332 14.784021885839488 0.0
-0.01425128 -0.002475346 -0.4339895 -1.503046 0.9310773 0.7519229 0.04943775 19.71967 0.9343376 0 0.0 0.01446465759906248 1.5644469195937107 0.0
0.02416183 0.07036355 -2.365819 -0.9657894 3.17744 2.276203 0.1893956 20.69926 0.7352676 0 0.0 0.07439639236919623 2.555356864689032 0.0
0.02400628 -0.01612467 -1.733235 -1.54294 0.08718263 0.0763702 -0.1061699 15.62111 1.312196 1 0.9999852 0.02891896370977529 2.3205101613276766 0.0
-0.05382239 0.07776337 -2.602649 -3.488468 0.8256622 0.673664 0.01866697 19.56158 0.6964951 0 0.0 0.0945726777619678 4.352377603589216 0.0
0.0141875 -0.02726897 -7.254328 0.7453151 3.106818 2.284114 0.3340047 20.74329 0.9561501 0 0.0 0.030738931033965706 7.29251460950693 0.0
-0.01620799 -0.03488125 -1.850231 -1.679218 0.2027367 0.1743596 -0.09498193 17.14772 1.149067 1 0.999811 0.038462976242129264 2.498625190957019 0.0
-0.0005171784 -0.01558866 -5.849612 -4.070632 2.111411 1.476391 0.4112133 20.15856 nan 0 0.0 0.015597236745431115 7.126570383429044 0.0
0.0007272226 -0.003326792 -2.884951 -0.4861976 0.6999041 0.5490987 0.05823902 17.54255 nan 0 0.0 0.0034053483993880507 2.925633329494105 0.0
0.008998122 0.003297833 -5.287985 -0.3618406 0.6048972 0.4709693 0.0568518 18.38145 0.3964157 0 0.0 0.009583418076175796 5.300350363894198 0.0
0.02470428 -0.01766727 -1.608037 -1.546841 0.0484394 0.04375466 -0.1435009 13.88335 1.715192 1 0.9999566 0.03037159659239698 2.2312552683747326 0.0
0.03016809 -0.005408063 -3.752105 -2.69507 0.9441954 0.6240821 0.2232553 19.51781 0.9822845 0 0.0 0.03064899345264162 4.619707159109222 0.0
0.03260837 -0.05560007 -18.67354 3.259902 3.283187 2.225052 0.3135397 20.72488 1.045223 0 0.0 0.06445675742745519 18.955950442570902 0.0
0.00886156 0.004609615 -0.7905409 0.909166 0.4502055 0.3495009 0.0584772 16.82841 1.047442 0 0.0 0.009988783513612905 1.2047977963661827 0.0
0.01089467 -0.01900101 -2.564574 -2.677611 2.924631 2.157883 0.171211 20.76642 0.4531593 0 0.0 0.02190279012886258 3.707646216779185 0.0
0.02034825 -0.03632048 -4.389975 -3.275026 3.18817 2.34953 0.3899686 20.71212 0.8823128 0 0.0 0.04163206150904493 5.477013401599543 0.0
0.009256126 0.00401833 0.9862477 -1.21991 1.108762 0.7805788 0.205677 19.8584 nan 0 0.0 0.010090730623536435 1.5687144207456276 0.0
0.02186563 -0.03899417 -1.715795 0.9811096 2.567724 2.035027 0.1685398 20.73501 0.9215336 1 0.9754201 0.04470627550228044 1.9764939992919683 0.0
-0.007725226 -0.0351767 -1.926156 -1.487475 0.1839919 0.1691594 -0.1571641 17.10749 1.128937 1 0.9998721 0.03601498770846765 2.4336513332770164 0.0
0.009119024 -0.02699325 -1.679508 -1.598819 0.1000859 0.08063978 0.02341508 15.90149 1.291919 0 0.0 0.028491966311138935 2.318829298768023 0.0
0.03270162 -0.0189232 -0.739965 -2.098976 0.7747239 0.5919401 0.04338907 19.38261 0.9796829 1 0.9962967 0.03778205194089384 2.2255894611992124 0.0
0.01521989 -0.009879222 -4.730955 0.8194746 0.959976 0.6425019 0.1891585 19.30885 1.317743 0 0.0 0.018145084153494136 4.8014033190381085 0.0
0.005780743 -0.004168439 -1.274862 -1.323489 0.2493599 0.1918492 0.0448268 17.15351 1.009314 0 0.0 0.0071269119069039995 1.8376333290852664 0.0
