jas1101finalproject/data/gcs/NGC_5946.ecsv
# %ECSV 0.9
# ---
# datatype:
# - {name: x, unit: deg, datatype: float64}
# - {name: y, unit: deg, datatype: float64}
# - {name: pmx, unit: mas / yr, datatype: float64}
# - {name: pmy, unit: mas / yr, datatype: float64}
# - {name: pmx_e, unit: mas / yr, datatype: float64}
# - {name: pmy_e, unit: mas / yr, datatype: float64}
# - {name: pm_corr, datatype: float64}
# - {name: g_mag, unit: mag, datatype: float64}
# - {name: bp_rp, unit: mag, datatype: float64}
# - {name: filter, datatype: int64}
# - {name: memberprob, datatype: float64}
# - {name: r, unit: deg, datatype: float64}
# - {name: pm, unit: mas / yr, datatype: float64}
# - {name: member_prob_GMM, datatype: float64}
# - {name: member_prob_DB, datatype: float64}
# meta: !!omap
# - comments: [deg deg mas/yr mas/yr mas/yr mas/yr dimless mag   mag   zeroone float]
# - __serialized_columns__:
#     bp_rp:
#       __class__: astropy.units.quantity.Quantity
#       unit: &id001 !astropy.units.Unit {unit: mag}
#       value: !astropy.table.SerializedColumn {name: bp_rp}
#     g_mag:
#       __class__: astropy.units.quantity.Quantity
#       unit: *id001
#       value: !astropy.table.SerializedColumn {name: g_mag}
#     pm:
#       __class__: astropy.units.quantity.Quantity
#       unit: !astropy.units.Unit {unit: mas / yr}
#       value: !astropy.table.SerializedColumn {name: pm}
#     pmx:
#       __class__: astropy.units.quantity.Quantity
#       unit: !astropy.units.Unit {unit: mas / yr}
#       value: !astropy.table.SerializedColumn {name: pmx}
#     pmx_e:
#       __class__: astropy.units.quantity.Quantity
#       unit: !astropy.units.Unit {unit: mas / yr}
#       value: !astropy.table.SerializedColumn {name: pmx_e}
#     pmy:
#       __class__: astropy.units.quantity.Quantity
#       unit: !astropy.units.Unit {unit: mas / yr}
#       value: !astropy.table.SerializedColumn {name: pmy}
#     pmy_e:
#       __class__: astropy.units.quantity.Quantity
#       unit: !astropy.units.Unit {unit: mas / yr}
#       value: !astropy.table.SerializedColumn {name: pmy_e}
#     r:
#       __class__: astropy.units.quantity.Quantity
#       unit: &id002 !astropy.units.Unit {unit: deg}
#       value: !astropy.table.SerializedColumn {name: r}
#     x:
#       __class__: astropy.units.quantity.Quantity
#       unit: *id002
#       value: !astropy.table.SerializedColumn {name: x}
#     y:
#       __class__: astropy.units.quantity.Quantity
#       unit: *id002
#       value: !astropy.table.SerializedColumn {name: y}
# schema: astropy-2.0
x y pmx pmy pmx_e pmy_e pm_corr g_mag bp_rp filter memberprob r pm member_prob_GMM member_prob_DB
[from data line 6587]
0.06150899 0.05200709 -4.372004 -2.539015 0.5423321 0.4019355 -0.09155652 18.60685 1.653103 1 0.02911472 0.08054870117567509 5.0557903582171 0.0 0.0
-0.003401022 0.04666467 -3.143527 -0.6789077 2.275069 1.786855 -0.06793501 20.44836 1.364918 0 0.0 0.046788442770126296 3.216003368289326 0.0 0.0
0.04690364 0.04009537 -4.125954 -3.380543 1.563864 1.116569 0.01009346 19.87209 1.340622 0 0.0 0.06170567348863879 5.334001067206961 0.0 0.0
-0.03909671 0.02977231 -4.887487 -2.630249 0.4391307 0.3254777 -0.1293821 18.29554 1.722843 1 0.06715299 0.04914207133974106 5.550291792074539 0.0 0.0
0.05638515 0.05107891 -2.817654 -3.890666 0.1292547 0.1001008 -0.2396595 16.04629 2.109392 1 0.0 0.07608114212674913 4.803795997674339 0.0 0.0
0.03096172 -0.07228004 -5.310167 -5.919262 0.2607675 0.2272276 -0.2266873 17.65572 1.455351 1 0.0 0.07863225984136538 7.952077476517252 0.0 0.0
0.04174075 0.06975569 1.424144 -2.426954 1.97563 1.455396 -0.0587968 20.32018 1.307217 0 0.0 0.08129050681314885 2.813945957343886 0.0 0.0
0.05869401 0.05441014 -3.535793 -7.858165 2.211887 2.388205 -0.4016842 19.9738 1.439919 0 0.0 0.08003405615548734 8.616994215274488 0.0 0.0
-0.02834587 0.03434622 -4.311874 -2.886347 0.7909089 0.5638645 -0.1305661 19.06626 1.998158 1 0.105568 0.04453258553402553 5.188762511069957 0.0 0.0
-0.03542165 -0.05591052 -4.040082 -6.174518 4.072115 3.04374 0.483776 20.88428 1.468718 0 0.0 0.06618670210391887 7.378816646254872 0.0 0.0
0.03436583 -0.06623993 -6.793917 -3.45705 0.4025649 0.3228485 -0.1232978 18.22424 1.433546 1 0.0 0.07462398138664139 7.622893342123383 0.0 0.0
0.03095157 0.01488961 -5.105907 -2.431368 3.488219 3.330662 -0.2108628 20.77632 1.16235 0 0.0 0.03434676362362253 5.655248592597235 0.0 0.0
0.06233541 0.01068899 -5.74913 -1.317962 1.098269 0.65857 -0.09508789 19.35234 1.737206 1 0.4245349 0.06324521995446138 5.898264116699421 0.0 0.0
-0.05672874 -0.02916752 1.834536 -2.122547 1.630846 1.175454 0.1434745 19.72577 1.633804 0 0.0 0.06378788415473584 2.8054817950763824 0.0 0.0
0.02671344 -0.06997717 -2.543815 -3.977962 0.4827183 0.3852259 -0.09434954 18.57211 1.561291 0 0.0 0.07490268485069478 4.7217768295069815 0.0 0.0
-0.01933143 -0.06495722 -8.863705 -3.750545 2.141514 2.850079 -0.2137515 20.45535 1.290693 0 0.0 0.06777274242623874 9.624544359295664 0.0 0.0
-0.04995677 0.002456403 0.3840851 3.913437 1.678008 1.270726 0.002938309 19.98605 1.49802 0 0.0 0.05001712491268674 3.932239885486516 0.0 0.0
-0.03863356 -0.03899869 -10.03097 -5.086067 1.665728 0.9747081 0.3932019 20.05146 1.444412 1 0.003150888 0.05489489757700346 11.246707814706888 0.0 0.0
0.0005204887 0.04894598 -5.050698 -1.994947 0.4347472 0.3331416 -0.1761328 18.22955 1.573015 1 0.7117565 0.04894874734502638 5.430411017594617 0.0 0.0
0.02639509 -0.06928653 -4.57085 -0.5811462 1.026819 0.888409 0.05726456 19.5778 nan 0 0.0 0.07414394119244673 4.607645887899204 0.0 0.0
-0.01069379 0.01161795 -7.90731 -0.3150479 1.195114 0.7135417 -0.1470407 19.36623 nan 0 0.0 0.015790310534204197 7.9135836771588135 0.0 0.0
0.03503149 -0.002660863 -8.820514 -3.75785 1.229146 0.7924124 -0.2139759 19.49086 1.620958 0 0.0 0.03513239934198729 9.587643289500084 0.0 0.0
0.04321153 0.0467937 -3.610776 -2.393324 0.3797341 0.294742 -0.2437565 17.98118 2.055088 1 0.0002869402 0.0636936942297344 4.331939876216197 0.0 0.0
-0.0002154331 0.04946096 -2.083528 -0.5037966 1.011074 0.8172823 -0.6778508 18.78747 nan 0 0.0 0.049461429170032836 2.143571771822805 0.0 0.0
0.04138149 0.06881378 0.4457895 -11.16895 1.938208 1.811908 -0.4561028 19.96292 1.843431 0 0.0 0.08029797028884667 11.17784292163789 0.0 0.0
0.056826 0.05528981 -7.591798 -3.440729 1.905013 1.506617 -0.06827727 20.16739 1.652252 0 0.0 0.07928529098033317 8.33510725331384 0.0 0.0
0.02356276 0.0610441 -5.387132 -6.708575 1.315952 1.348238 0.2048436 19.33011 nan 0 0.0 0.06543382767061391 8.603846216434194 0.0 0.0
-0.000524743 -0.0001606169 -5.19873 -3.72779 0.2351641 0.1868255 -0.4628295 14.99622 1.481716 0 0.0 0.0005487740925140417 6.397125283828667 0.0 0.0
-0.02749157 0.01361384 -1.73501 -6.859538 2.785317 2.235318 0.04289083 20.39797 1.907553 0 0.0 0.030677729065406716 7.07555801852716 0.0 0.0
0.02573481 -0.07562237 -4.606549 -1.33127 0.2473031 0.2078898 -0.1996943 17.61159 1.798079 1 0.0390661 0.07988130751404235 4.795057194893613 0.0 0.0
0.02068273 -0.07836645 -3.46492 3.26456 0.6574516 0.4908392 -0.08225472 18.91466 1.530252 1 0.0 0.08104983532281482 4.760569566764044 0.0 0.0
-0.02275279 0.03857594 -7.079034 -3.997036 0.1007297 0.07812675 -0.3094955 15.28342 1.849199 1 0.0 0.04478607595746361 8.129515308949975 0.0 0.0
0.05928463 -0.05296677 7.140803 4.318255 1.699283 1.354956 -0.04215339 20.0665 1.13731 0 0.0 0.07949934640278372 8.344962176656885 0.0 0.0
-0.0179713 0.0410156 -5.657615 -5.168576 1.403225 0.711218 -0.0205485 19.44553 1.484579 0 0.0 0.044779985116679084 7.6630793651117175 0.0 0.0
0.01393173 0.01653806 -4.517163 -2.714441 2.065646 2.001588 -0.3194994 20.17634 nan 0 0.0 0.021624072913225666 5.270004887194129 0.0 0.0
0.0653587 -0.02075207 7.758871 1.80432 2.015502 1.92277 -0.03014052 19.81201 1.419035 0 0.0 0.06857410644678427 7.965905463727334 0.0 0.0
0.04055611 0.04406093 -7.708067 -2.720452 0.3374129 0.2698625 -0.3013352 17.7653 1.475996 1 0.0 0.05988458575290473 8.17405382663908 0.0 0.0
-0.009594031 -0.06707518 -11.0167 -1.292235 2.118178 2.699864 -0.2418253 20.21703 1.771664 1 0.02886754 0.06775784237164995 11.092229270314647 0.0 0.0
0.01897296 0.01601369 -4.801759 15.61787 3.437161 3.017836 -0.5226627 20.63203 1.145954 0 0.0 0.024827635380311595 16.33936206927862 0.0 0.0
0.04842511 -0.04287969 -8.763064 -6.418144 0.6725307 0.5051502 -0.07098463 18.84928 1.576212 1 0.0 0.06468121128278442 10.862037703526534 0.0 0.0
-0.07380776 -0.01859403 -4.814088 -2.419995 0.7438318 0.4721585 0.1403818 19.08065 1.717943 1 0.1101851 0.07611388433038023 5.388118323846369 0.0 0.0
-0.0042062 -0.0444418 -3.276312 -2.661712 0.5266616 0.3908341 -0.0854167 18.55458 1.523376 0 0.0 0.044640404407666374 4.221247575336941 0.0 0.0
-0.04038566 -0.002115845 -7.115737 -4.447725 1.517101 1.051301 0.08186022 19.8357 1.307081 0 0.0 0.04044104763355698 8.391422449668115 0.0 0.0
0.01596392 -0.03996969 -1.426457 -4.995372 0.9880893 0.7417081 -0.1589383 19.51545 1.32844 0 0.0 0.04303978230036137 5.195047737146695 0.0 0.0
0.01487067 -0.01299943 -2.760465 -0.1635223 0.4672128 0.3431126 -0.1271817 18.16154 1.621395 0 0.0 0.019751506438087197 2.765304062634395 0.0 0.0
0.06688081 0.02969521 -7.922445 -2.428425 1.941687 1.513923 -0.09168458 20.16623 1.512886 0 0.0 0.07317682859485097 8.286276772993405 0.0 0.0
-0.01700957 0.00527225 -5.876988 -1.798919 0.7329049 0.5137042 -0.03226083 18.93258 1.76721 0 0.0 0.017807922159741155 6.146144931638449 0.0 0.0
0.01564292 -0.07507623 -5.771112 -3.722108 0.5768626 0.4417808 -0.02727848 18.81215 1.523676 1 4.872318e-05 0.07668859926442326 6.867300902116347 0.0 0.0
0.03992771 0.04516773 -4.69422 -2.096944 0.7618832 0.6007705 -0.2738502 18.95892 1.634851 1 0.3639263 0.060285536069583055 5.141291233487556 0.0 0.0
0.01973631 -0.07848048 6.119043 -7.037475 2.715021 2.547575 -0.6791296 20.46355 nan 0 0.0 0.08092408586722806 9.325703277044257 0.0 0.0
-0.02890428 -0.06479429 -6.92768 -1.419721 1.962983 1.63878 0.03412903 20.55468 0.9376678 0 0.0 0.07094897757489181 7.071658779963934 0.0 0.0
-0.0389715 0.01885093 -4.828734 -6.532687 2.919929 2.774996 -0.6022071 20.54291 1.668074 0 0.0 0.04329128519823476 8.123587353055607 0.0 0.0
0.05490631 -0.02110489 -3.479525 0.8846912 1.373254 1.128322 0.03914951 19.88088 1.706726 1 0.08756566 0.05882277840877801 3.5902329652798914 0.0 0.0
-0.01963246 0.008120806 -17.98411 1.525207 1.880277 1.508643 0.07364346 19.72777 1.436934 0 0.0 0.021245728411641622 18.048669449157437 0.0 0.0
-0.0002538948 -0.0007404487 -11.65412 1.328473 0.7597874 0.6887355 -0.5761117 15.8841 nan 0 0.0 0.0007827687058120874 11.72959306566639 0.0 0.0
0.01837797 -0.07011049 -3.51354 -2.361156 0.5463305 0.4284865 -0.09377374 18.53382 1.603588 1 0.004705075 0.07247917348701625 4.233204576669547 0.0 0.0
0.04834224 -0.04826977 -5.162619 -2.015696 1.037795 0.7745907 -0.1558299 19.39875 1.568327 0 0.0 0.06831502663448577 5.542171533214847 0.0 0.0
-0.03232235 0.03135293 -4.462036 -3.480264 0.2577501 0.1952517 -0.1523621 17.40582 1.915499 1 0.0 0.045030440027912226 5.658798704229724 0.0 0.0
-0.05134839 -0.007650237 -2.833854 -2.997294 1.767225 1.086774 0.3946865 20.07097 1.437187 0 0.0 0.051915154644364386 4.124863611775789 0.0 0.0
-0.02086704 -0.06558349 -5.116377 -4.171342 2.055155 1.567054 0.1451073 20.46637 1.38245 1 0.03357907 0.06882316121002942 6.601318632447081 0.0 0.0
0.07407574 -0.01117867 -8.406056 -6.580875 2.745928 2.222963 -0.4596585 20.40031 nan 0 0.0 0.07491447069502995 10.675658913657788 0.0 0.0
0.06266927 -0.04357938 -3.955621 -5.572844 0.4411778 0.3586701 -0.1298684 18.28599 1.555159 1 0.0 0.07633216729215345 6.833997932687498 0.0 0.0
0.04566213 -0.02199526 -5.977119 -7.464029 0.4682948 0.3561842 -0.2781533 18.29389 1.478271 1 0.0 0.05068354346930077 9.562305185100609 0.0 0.0
0.02872672 0.0318054 -5.269821 -3.204908 1.202249 0.8844217 -0.0423361 19.74522 1.56698 0 0.0 0.04285799704977357 6.167856082992291 0.0 0.0
0.03174553 -0.05581634 -3.091163 -2.791588 0.1787923 0.1628977 -0.3584822 16.4529 1.330453 0 0.0 0.06421247920752242 4.165123318019888 0.0 0.0
0.003994882 0.02707997 -5.833622 -1.988454 2.273504 1.933489 0.0008538117 20.18073 1.441166 0 0.0 0.02737304983729113 6.1632049251181 0.0 0.0
0.05162174 0.04308496 -6.116021 -2.012704 1.043077 0.7676149 -0.07653129 19.47083 1.363546 1 0.2626207 0.06723925801813402 6.438686998453722 0.0 0.0
0.01498901 0.05488307 -12.11371 -12.24162 1.38836 1.001671 -0.1664854 19.01302 1.819599 0 0.0 0.056893073334150265 17.222056502883156 0.0 0.0
0.06688197 0.01011053 -13.49759 -6.085644 4.087444 3.564516 -0.18968 20.72829 0.8703842 0 0.0 0.06764185633142987 14.806079788480002 0.0 0.0
0.04802782 0.04121576 -5.117284 1.931479 2.127106 1.390742 0.07445311 20.04288 nan 0 0.0 0.06328831145108867 5.469662390321453 0.0 0.0
-0.005336176 -0.05061028 -7.009601 -2.843414 1.436804 1.021945 0.01424623 19.98465 1.503435 1 0.1589904 0.050890816617356185 7.564357828302215 0.0 0.0
0.01550878 -0.07183751 -5.697634 -4.119068 0.2748391 0.2309866 -0.203908 17.80571 1.987658 1 0.0 0.07349251730678776 7.030629729020012 0.0 0.0
0.001331928 -0.01964229 2.422151 2.082665 0.8598908 0.6253925 -0.09612994 19.10888 1.763206 0 0.0 0.019687396695380624 3.1944184085723646 0.0 0.0
0.01994657 -0.03822409 -9.336007 -3.902653 1.574806 0.9091243 -0.04045684 19.46952 1.736683 0 0.0 0.043115504300576146 10.118879737523221 0.0 0.0
0.06067773 0.05320599 -3.892544 -2.440919 1.153795 1.499534 0.07331852 20.20128 1.712086 0 0.0 0.08070107985543316 4.594560300670457 0.0 0.0
0.07335404 0.01591066 -4.741649 -4.098757 1.810192 1.124887 -0.1065823 19.70118 1.583246 0 0.0 0.07505973811543176 6.267618701249303 0.0 0.0
0.03414443 0.06786592 -3.932527 -6.151612 2.510337 1.388982 -0.1705631 19.98507 nan 0 0.0 0.07597121295248155 7.301171057047835 0.0 0.0
-0.02141742 0.01867529 -3.82132 1.326971 3.286079 3.694264 -0.2869899 20.64977 1.470806 0 0.0 0.028416057714617977 4.045162367228416 0.0 0.0
-0.003405746 -0.0216947 -3.210457 -1.103586 0.6599464 0.4858193 -0.06760774 18.93015 1.631954 0 0.0 0.021960398764742775 3.3948396439662654 0.0 0.0
0.0409605 -0.03618541 -9.745409 -5.188045 2.122595 1.249815 0.162468 20.10337 1.459362 0 0.0 0.05465479354199501 11.040326421773317 0.0 0.0
0.01640735 0.01206644 -1.946531 -4.425966 1.052406 0.6473149 -0.07146794 19.16709 1.385382 0 0.0 0.020366642047625328 4.83509647960793 0.0 0.0
0.04795593 -0.05750476 -3.227874 0.3828456 0.4709982 0.3450369 -0.09014573 18.27758 1.478674 1 0.0 0.07487702347731579 3.2504986253366357 0.0 0.0
-0.03468857 -0.05429636 -3.729019 -5.632704 2.110456 1.505359 0.1580366 20.46059 1.42651 0 0.0 0.06443129362269936 6.755215544597893 0.0 0.0
0.0239515 -0.06912118 -6.42398 -2.229356 0.4358441 0.3153513 -0.1461988 18.24903 nan 0 0.0 0.07315334494636866 6.799819645780026 0.0 0.0
-0.03352909 -0.05436036 -2.177338 -1.020462 3.798871 2.987832 0.3173826 20.75696 1.346786 0 0.0 0.06386899572999172 2.404608795560725 0.0 0.0
0.06592138 -0.0469217 -5.611622 -5.014628 0.2303234 0.2078208 -0.1895082 17.2834 2.209515 1 0.0 0.08091522892505712 7.525742185942061 0.0 0.0
0.003641073 -0.04221016 -7.347533 -6.958225 0.2498869 0.1926223 -0.1647352 17.34622 1.290241 1 0.0 0.042366909490980445 10.119443479594814 0.0 0.0
-0.01687561 0.009399801 -7.56527 -8.995141 1.591371 1.543271 -0.3686938 19.5519 1.531652 0 0.0 0.019316896016485178 11.753547200006516 0.0 0.0
-0.007710324 -0.06800944 -9.511262 -1.52127 2.931071 2.921668 -0.2832059 20.61185 1.613211 0 0.0 0.06844510957912608 9.632152783544498 0.0 0.0
0.05273335 -0.0532565 -2.384322 -3.38372 0.2311113 0.2056368 -0.2359055 17.4248 1.327045 1 0.0 0.0749470546083867 4.139390346184327 0.0 0.0
0.02081286 -0.06805157 8.220377 -1.216326 0.7803163 0.5627197 -0.05538121 18.26761 1.597927 0 0.0 0.07116313175264632 8.309876470827048 0.0 0.0
0.04421683 -0.0167067 -4.434261 -3.744153 0.2753325 0.2161583 -0.146855 17.19189 1.846516 1 0.0 0.047267767877687016 5.803563758892461 0.0 0.0
-0.05580467 0.02300342 -4.381793 -14.06585 2.769562 1.975004 -0.4188103 20.25236 1.662497 0 0.0 0.06035990826289666 14.732557351571687 0.0 0.0
0.04944839 0.04793197 -1.412693 -5.167872 2.170138 1.697304 -0.247936 20.29763 1.526541 0 0.0 0.06886666117703834 5.357480986492906 0.0 0.0
0.02132349 0.01418544 -2.53007 -1.064947 3.147116 3.048229 -0.4674443 20.50183 0.9617424 0 0.0 0.025610894825712358 2.745062170099067 0.0 0.0
0.00154633 0.03153568 -7.421452 -4.484 2.012733 1.87935 -0.3150086 20.13695 nan 0 0.0 0.031573568843754424 8.67088264182511 0.0 0.0
0.0542953 0.04424925 -7.416454 -3.510279 2.532753 2.253329 -0.3580429 20.24415 nan 0 0.0 0.07004267076327472 8.205233000467263 0.0 0.0
-0.03159892 -0.06542164 -8.382266 -6.765071 2.176173 1.427992 0.1268628 20.32219 nan 0 0.0 0.07265316734634492 10.771655811888763 0.0 0.0
-0.02463033 0.01899415 -5.637276 -6.081847 2.471514 2.366676 -0.3907112 20.32216 1.84478 0 0.0 0.0311035510855497 8.292631888103136 0.0 0.0
-0.01909075 0.008319393 -5.476215 -2.544317 1.406325 1.074683 -0.1256597 19.80259 1.587648 0 0.0 0.02082472173765952 6.038416988144657 0.0 0.0
0.03516151 0.01598529 -6.028431 -4.268267 0.4516709 0.2645072 -0.1590135 17.96654 1.423925 1 0.0 0.03862462015171411 7.386479777610577 0.0 0.0
0.02563101 -0.03583503 -4.428927 0.7107987 1.640613 1.284826 -0.3221657 20.07928 1.326509 0 0.0 0.04405789428378301 4.485602430359905 0.0 0.0
0.04692504 -0.03533269 -0.6848406 -3.668287 0.1924251 0.1713846 -0.2270575 17.18247 1.56636 1 0.0 0.05873975111998433 3.7316666734553556 0.0 0.0
0.06881724 -0.03590519 -5.929048 -4.505188 0.9580391 0.7562818 -0.06119147 19.44471 1.756809 1 0.0004762762 0.07762084249835027 7.446497774232395 0.0 0.0
0.05276273 0.0504041 -6.165353 -0.3228723 0.7008232 0.5314643 -0.1793497 19.00949 1.554605 0 0.0 0.07296902749703398 6.173801433210845 0.0 0.0
0.03909659 -0.06906651 -6.112773 -7.190359 1.28511 1.005687 0.09169218 19.80633 1.715666 1 1.309798e-06 0.0793645144457408 9.437545035569897 0.0 0.0
0.05880503 -0.01933197 -3.955294 -4.29509 1.233611 0.9277592 -0.05131992 19.66313 1.661909 0 0.0 0.06190118429708595 5.838848236984414 0.0 0.0
0.01830478 0.01469025 -14.06455 3.139371 2.633905 2.312972 -0.5533212 20.3245 1.334846 0 0.0 0.023470586185924288 14.410663308055637 0.0 0.0
-0.03847834 0.03111559 -7.922223 -3.604358 1.255817 0.903883 -0.05879059 19.78954 1.560909 0 0.0 0.04948497337782147 8.703620732424696 0.0 0.0
-0.04593626 -0.04315185 -3.251882 -1.264438 0.7703107 0.5178821 0.1739989 19.30526 1.543869 1 0.05899461 0.06302556736127093 3.489060045021868 0.0 0.0
0.03397648 -0.003625206 -8.325345 -0.8842017 1.521715 1.033808 -0.1105578 19.79322 1.454884 0 0.0 0.034169332913196244 8.372167103881043 0.0 0.0
