jas1101finalproject/data/gcs/NGC_6522.ecsv
# %ECSV 0.9
# ---
# datatype:
# - {name: x, unit: deg, datatype: float64}
# - {name: y, unit: deg, datatype: float64}
# - {name: pmx, unit: mas / yr, datatype: float64}
# - {name: pmy, unit: mas / yr, datatype: float64}
# - {name: pmx_e, unit: mas / yr, datatype: float64}
# - {name: pmy_e, unit: mas / yr, datatype: float64}
# - {name: pm_corr, datatype: float64}
# - {name: g_mag, unit: mag, datatype: float64}
# - {name: bp_rp, unit: mag, datatype: float64}
# - {name: filter, datatype: int64}
# - {name: memberprob, datatype: float64}
# - {name: r, unit: deg, datatype: float64}
# - {name: pm, unit: mas / yr, datatype: float64}
# - {name: member_prob_GMM, datatype: float64}
# - {name: member_prob_DB, datatype: float64}
# meta: !!omap
# - comments: [deg deg mas/yr mas/yr mas/yr mas/yr dimless mag   mag   zeroone float]
# - __serialized_columns__:
#     bp_rp:
#       __class__: astropy.units.quantity.Quantity
#       unit: &id001 !astropy.units.Unit {unit: mag}
#       value: !astropy.table.SerializedColumn {name: bp_rp}
#     g_mag:
#       __class__: astropy.units.quantity.Quantity
#       unit: *id001
#       value: !astropy.table.SerializedColumn {name: g_mag}
#     pm:
#       __class__: astropy.units.quantity.Quantity
#       unit: !astropy.units.Unit {unit: mas / yr}
#       value: !astropy.table.SerializedColumn {name: pm}
#     pmx:
#       __class__: astropy.units.quantity.Quantity
#       unit: !astropy.units.Unit {unit: mas / yr}
#       value: !astropy.table.SerializedColumn {name: pmx}
#     pmx_e:
#       __class__: astropy.units.quantity.Quantity
#       unit: !astropy.units.Unit {unit: mas / yr}
#       value: !astropy.table.SerializedColumn {name: pmx_e}
#     pmy:
#       __class__: astropy.units.quantity.Quantity
#       unit: !astropy.units.Unit {unit: mas / yr}
#       value: !astropy.table.SerializedColumn {name: pmy}
#     pmy_e:
#       __class__: astropy.units.quantity.Quantity
#       unit: !astropy.units.Unit {unit: mas / yr}
#       value: !astropy.table.SerializedColumn {name: pmy_e}
#     r:
#       __class__: astropy.units.quantity.Quantity
#       unit: &id002 !astropy.units.Unit {unit: deg}
#       value: !astropy.table.SerializedColumn {name: r}
#     x:
#       __class__: astropy.units.quantity.Quantity
#       unit: *id002
#       value: !astropy.table.SerializedColumn {name: x}
#     y:
#       __class__: astropy.units.quantity.Quantity
#       unit: *id002
#       value: !astropy.table.SerializedColumn {name: y}
# schema: astropy-2.0
x y pmx pmy pmx_e pmy_e pm_corr g_mag bp_rp filter memberprob r pm member_prob_GMM member_prob_DB
[from data line 6204]
-0.0454758 -0.002132351 -0.4648117 -3.451286 0.628065 0.5321811 0.5837757 18.57272 1.590139 0 0.0 0.045525765303036925 3.482445257323206 0.0 0.0
-0.06080929 0.01433511 3.630124 -6.852141 0.5264875 0.409367 -0.1138587 17.79923 nan 0 0.0 0.062476116468745076 7.754330179922505 0.0 0.0
-0.05953837 0.01006151 -5.033936 -2.981492 1.169313 0.913061 -0.5788683 19.29143 nan 0 0.0 0.06038254288895922 5.8506244280555215 0.0 0.0
-0.05445309 -0.01193493 -14.64424 -15.93802 1.169809 0.9570789 0.1804602 16.1872 1.875554 0 0.0 0.05574568651163066 21.644265908041326 0.0 0.0
-0.04342199 0.01365951 -1.139702 -4.705326 1.064161 0.9847449 0.3831567 19.05921 nan 0 0.0 0.04551979161859378 4.841385485073462 0.0 0.0
-0.06237769 -0.01273115 -6.840121 -14.0813 1.281479 1.112517 0.3622256 18.47822 1.360464 0 0.0 0.06366363475374777 15.6547202141923 0.0 0.0
-0.06022961 0.01705725 -2.98808 -2.363636 1.310085 1.162079 0.4161772 18.67577 1.158928 0 0.0 0.0625983681761322 3.8099077714422434 0.0 0.0
-0.06069674 0.00313713 -8.149619 -2.475208 1.242383 0.890872 -0.426455 18.98214 nan 0 0.0 0.06077775770184764 8.517214596828296 0.0 0.0
-0.03435622 0.006758465 2.63395 -6.03226 0.4421212 0.3786492 0.21952 17.58111 1.468344 0 0.0 0.03501466409726966 6.582237712974213 0.0 0.0
-0.0650195 -0.01254021 -1.97408 -6.951804 0.2261757 0.1903412 0.2086292 17.32853 1.799467 0 0.0 0.06621776383338612 7.226656951925697 0.0 0.0
-0.05759661 -0.01210837 0.1159714 -0.06541012 0.9436973 0.752411 -0.08135783 18.62792 nan 0 0.0 0.05885560387549345 0.13314597033472098 0.0 0.0
-0.0460023 -0.006210506 4.012022 -3.26497 0.5727233 0.4683953 0.05712737 18.27717 nan 0 0.0 0.04641962936157543 5.17265402181356 0.0 0.0
-0.05429909 -0.00371417 -1.8187 -6.669559 0.7299698 0.6381031 0.3088848 18.79791 nan 0 0.0 0.05442597021291398 6.913080857655362 0.0 0.0
-0.0450311 0.007627756 -1.615652 -3.260277 0.6931634 0.6217853 0.2712145 18.94605 1.674498 0 0.0 0.04567255881604988 3.6386450090429268 0.0 0.0
-0.05242397 -0.002505809 2.628699 -10.26956 0.6813876 0.5209163 -0.3738821 18.5083 nan 0 0.0 0.05248382331066765 10.600656631841304 0.0 0.0
-0.03100251 0.01279061 -0.2801278 -9.807695 0.6935273 0.6090711 0.4537666 18.68107 1.531963 0 0.0 0.033537372146192374 9.81169469548242 0.0 0.0
-0.06393315 -0.01758062 0.5281724 -6.450838 0.1648519 0.138684 0.1929434 16.16917 1.917455 0 0.0 0.06630630338442114 6.472424351536738 0.0 0.0
-0.03557331 0.01143867 2.778932 -6.505267 0.08974965 0.07366314 0.05925118 15.10119 1.772746 1 0.9950897 0.03736714540508814 7.073963655682223 0.0 0.0
-0.03663206 0.0163745 -7.160335 -5.840073 0.1721255 0.1434973 0.2027429 16.22434 1.866488 0 0.0 0.040125204922761455 9.239959413198415 0.0 0.0
-0.04133151 0.006471607 4.353047 -1.05456 0.477855 0.4001978 0.1588872 18.46978 1.43573 0 0.0 0.04183509789689214 4.478963605323111 0.0 0.0
-0.05358306 -0.008741552 -0.488495 -4.440214 0.1577985 0.1304948 0.1044942 16.69728 1.212819 0 0.0 0.054291427042695274 4.467004335214037 0.0 0.0
-0.03737252 0.01789057 1.821265 -6.560475 0.5754349 0.5036616 -0.2226423 18.24609 1.462166 0 0.0 0.04143401677456942 6.808585640634185 0.0 0.0
-0.05435375 -0.0003973205 -3.811574 -4.904772 1.120139 1.042598 0.3580983 19.14685 nan 0 0.0 0.05435520216724633 6.211673263256849 0.0 0.0
-0.06289076 0.00483521 -3.577956 -3.743868 0.8986178 0.7759006 0.4611512 18.96778 nan 0 0.0 0.06307635808384708 5.178640433488311 0.0 0.0
-0.06508153 0.001467325 0.1867958 -4.399809 0.6502185 0.5497332 0.2628679 18.16298 1.428934 0 0.0 0.06509806901741806 4.403772463170485 0.0 0.0
-0.05429575 -0.0098215 -7.387208 -6.000062 0.9794427 0.8198475 -0.1112918 19.01819 nan 0 0.0 0.05517690033258936 9.516910530161981 0.0 0.0
-0.05229077 -0.004586656 -3.876737 -5.566809 0.9078184 0.7945898 0.1618479 18.58859 1.476849 0 0.0 0.05249154256120919 6.783690161678229 0.0 0.0
-0.05807251 -0.01143917 -3.630334 -9.393709 0.916504 0.7687973 0.3003887 18.68041 1.313393 0 0.0 0.05918843660706878 10.070804025907613 0.0 0.0
-0.06573561 -0.008230069 -6.631384 -4.733963 1.105065 0.9644689 0.3086063 18.69905 1.549849 0 0.0 0.06624880721806893 8.147739529515226 0.0 0.0
-0.05293389 0.01238459 -3.274482 -8.622202 0.3907189 0.3260861 0.1381566 17.94402 nan 0 0.0 0.05436335879984054 9.223047202369074 0.0 0.0
-0.03708144 0.01679014 -0.933366 -1.879239 0.2823048 0.2399411 0.1706774 17.30174 nan 0 0.0 0.04070555236934146 2.098263879753212 0.0 0.0
-0.06208891 -0.009860408 -7.253824 -11.99665 0.9587989 0.8463355 0.6311798 18.78122 nan 0 0.0 0.0628670055825356 14.019185919498891 0.0 0.0
-0.04761843 0.003363622 -5.884263 -2.519195 0.1110849 0.0907635 0.06394856 14.69543 2.291968 1 0.0 0.04773708022725923 6.400851076317429 0.0 0.0
-0.03638971 0.004041675 -1.395664 -7.903281 0.3349566 0.2808405 0.1411809 17.77638 1.720095 0 0.0 0.036613469252308295 8.025567180321712 0.0 0.0
-0.01790153 0.04125339 -5.354864 -6.853005 0.4106706 0.3482099 0.1144618 17.24776 1.462101 0 0.0 0.04497006740970042 8.697025122909615 0.0 0.0
-0.03537188 0.0393566 -1.871174 -4.946904 0.2913057 0.2440453 0.1730772 17.69759 1.767574 0 0.0 0.05291608317226815 5.288965052209364 0.0 0.0
-0.03083063 0.05492017 -7.007825 -8.523543 0.6124887 0.5088836 -0.1885809 17.98353 nan 0 0.0 0.06298216270521202 11.03450934584198 0.0 0.0
-0.03808856 0.02456411 1.986927 -4.048243 0.2512184 0.2131568 0.3253639 16.8115 1.547158 0 0.0 0.04532255402077094 4.509562095190397 0.0 0.0
-0.02183748 0.0308194 -6.332798 -5.578641 0.1261285 0.1034129 0.0606904 16.26945 1.913263 0 0.0 0.0377718274526187 8.439524033716891 0.0 0.0
-0.05151322 0.02432916 -3.671129 -8.402155 0.4219893 0.37322 0.2234745 17.36278 1.883841 0 0.0 0.056969464286352564 9.169154638169541 0.0 0.0
-0.03484104 0.03303012 -3.518618 -11.6949 0.2217745 0.1850942 0.1906583 17.38442 1.827633 0 0.0 0.048009237605860816 12.212753933487894 0.0 0.0
-0.04126929 0.0474739 -5.805002 -9.741787 0.1499309 0.1213172 0.04144632 16.22799 1.801184 0 0.0 0.06290409746840106 11.340214379515627 0.0 0.0
-0.0352921 0.03799288 -2.175467 -12.26012 0.7269425 0.6097726 0.2494429 17.70509 nan 0 0.0 0.051855484310768904 12.45163439402591 0.0 0.0
-0.02167694 0.0218034 0.4342045 -3.84393 0.151823 0.1259363 0.1779625 16.45297 1.936872 0 0.0 0.030745373299467353 3.8683758081034796 0.0 0.0
-0.05680371 0.03332896 -5.338126 -4.008067 0.1173011 0.09624175 -0.09607256 15.48203 2.020981 1 0.0 0.06585955545283995 6.675341958908547 0.0 0.0
-0.04487836 0.02043567 1.414156 -6.865635 0.1722469 0.142385 0.202901 16.21077 1.758664 0 0.0 0.04931210606573704 7.0097632731470325 0.0 0.0
-0.02606205 0.01566068 -6.432004 -5.102069 0.2647881 0.2190274 0.1558109 17.43911 1.431513 0 0.0 0.030405383540828754 8.209858923073952 0.0 0.0
-0.0289961 0.01889282 -5.323199 -5.590713 0.297306 0.2485785 0.1291975 17.43636 1.493067 0 0.0 0.03460798264508349 7.7196191254471875 0.0 0.0
-0.05154381 0.03234192 -5.645801 -4.484063 0.4624331 0.386302 0.1086895 16.51767 nan 0 0.0 0.06085034214038981 7.2098467334313 0.0 0.0
-0.06231881 0.0196633 -5.249717 -11.38021 0.6355515 0.5423165 0.2119695 18.67492 1.439896 0 0.0 0.06534737520900208 12.532705542866193 0.0 0.0
-0.04818505 0.02760384 -4.004296 -8.239391 0.4420697 0.3728014 0.4766358 18.02 1.219236 0 0.0 0.05553171189733034 9.160892451420713 0.0 0.0
-0.01747784 0.03677119 -5.083655 -3.496673 0.3856711 0.3138256 0.207056 17.84838 1.42878 0 0.0 0.040713576422143266 6.170111038543309 0.0 0.0
-0.030249 0.05470673 -1.47108 -5.086336 0.1758678 0.1471727 0.002036432 16.13522 1.804982 0 0.0 0.06251262519117959 5.2947984164929265 0.0 0.0
-0.03600328 0.03128829 -4.965666 -4.157577 0.2132365 0.1779539 0.1624619 14.14056 3.347493 0 0.0 0.047698985962832584 6.476363588811625 0.0 0.0
-0.04023901 0.04894871 -1.707618 -0.6087737 0.7359932 0.6263259 -0.36528 18.74282 1.23897 0 0.0 0.06336524391529003 1.8128884829839065 0.0 0.0
-0.02567245 0.04183533 0.7163641 -4.731773 0.1595156 0.1274945 0.2319596 16.04148 1.796659 0 0.0 0.0490843103772621 4.7856925567046 0.0 0.0
-0.03571593 0.04062487 -1.555111 -3.930696 0.3579554 0.3048576 0.1721775 17.90191 1.388863 0 0.0 0.054092584688493116 4.227143393207403 0.0 0.0
-0.06189497 0.01801371 -2.283351 -9.694579 0.8223342 0.6847743 0.2253695 18.56768 nan 0 0.0 0.06446302086673412 9.959847075956638 0.0 0.0
-0.05321098 0.03636173 -2.264723 -4.007047 0.07623791 0.0619119 0.02129226 14.47978 2.117675 1 0.0 0.06444830332253364 4.602759599081621 0.0 0.0
-0.02529613 0.01720011 -3.951499 -9.482085 0.8137971 0.6669213 0.2338761 17.64922 nan 0 0.0 0.030589834536803234 10.27250117032001 0.0 0.0
-0.02643237 0.01707202 -2.930143 -2.833042 0.5037029 0.454208 0.6850286 17.96345 nan 0 0.0 0.03146623667833985 4.075765569094106 0.0 0.0
-0.04165512 0.02206977 1.965347 -3.543335 0.1517855 0.12467 0.2082192 14.5801 2.862643 1 0.0 0.047140468496476566 4.051889898878547 0.0 0.0
-0.04429608 0.01837218 2.622434 -0.6771421 0.5629562 0.4880781 0.3660956 18.56138 nan 0 0.0 0.047954975772267885 2.7084463273154245 0.0 0.0
-0.04290339 0.0365174 -5.367223 -8.975037 0.6238259 0.5232452 0.3671238 18.42815 nan 0 0.0 0.05634022875576651 10.45745532541727 0.0 0.0
-0.02889887 0.04798182 -6.238423 -2.060718 0.5616561 0.4536323 0.177267 17.98978 nan 0 0.0 0.056012496264577424 6.569968051859385 0.0 0.0
-0.02881474 0.03136694 -3.063033 -4.11314 0.2677832 0.2223174 0.1696836 17.37847 1.84515 0 0.0 0.042593123461789 5.12836151404023 0.0 0.0
-0.02924157 0.0448346 -3.592125 -1.5731 0.2075451 0.1592758 0.04780816 16.89985 1.081584 0 0.0 0.053527663625688914 3.921480029991865 0.0 0.0
-0.03032318 0.03793158 6.616766 5.573725 0.6319057 0.5527317 0.8251811 17.61724 nan 0 0.0 0.04856233114883181 8.651474017436625 0.0 0.0
-0.04391212 0.04642945 -1.926823 -5.224929 0.1789399 0.1485964 0.08476107 17.0691 1.233601 0 0.0 0.06390593172935435 5.568889469936534 0.0 0.0
-0.02699334 0.039323 -9.040322 -8.095884 1.636296 1.538016 0.4945907 19.18779 nan 0 0.0 0.047696317817580006 12.135516453993212 0.0 0.0
-0.05087744 0.02131397 -6.09831 -10.59985 1.581468 1.385581 0.1825175 18.91708 nan 0 0.0 0.05516157374581059 12.22890857266502 0.0 0.0
-0.01271985 0.03214088 0.18344 -2.145632 0.3172828 0.2548029 0.1428742 17.676 nan 0 0.0 0.03456632394682576 2.153459289845991 0.0 0.0
-0.0145694 0.02900303 -4.050036 -4.567681 0.1282641 0.106377 0.1992043 15.22458 2.25303 1 0.0 0.03245678920566389 6.1046294989177685 0.0 0.0
-0.05381115 0.02213067 -4.034182 -5.321338 1.243685 1.022128 0.1511552 18.82546 nan 0 0.0 0.05818424545331322 6.677668943528722 0.0 0.0
-0.04457213 0.04463625 -13.9019 -2.275228 0.7224776 0.6124648 0.03651441 16.82741 1.357369 0 0.0 0.06307986673098953 14.086855080605606 0.0 0.0
-0.05246507 0.02524991 -3.863606 -0.4189948 0.3790882 0.3144446 -0.2278813 17.63953 1.634106 0 0.0 0.05822492185579127 3.8862588649835255 0.0 0.0
-0.02785848 0.01414957 -2.04503 -13.47713 1.245047 1.051895 0.1340047 17.81042 1.405575 0 0.0 0.03124588355440281 13.631404210051143 0.0 0.0
-0.04084349 0.04047602 -3.740943 -5.253798 1.380551 1.162402 0.4727828 18.55845 nan 0 0.0 0.05750216404989033 6.44957734693158 0.0 0.0
-0.04879821 0.03843728 4.081661 -3.145856 1.235848 1.018191 0.2098041 18.62932 nan 0 0.0 0.0621183531092261 5.153286959956432 0.0 0.0
-0.02966109 0.03348384 -6.472222 -2.955464 0.2024766 0.1697916 0.365933 16.94579 1.719776 0 0.0 0.044731955033663576 7.115084333483336 0.0 0.0
-0.05616972 0.03386337 0.9887504 -3.617534 1.388054 1.29631 0.3109153 18.94577 nan 0 0.0 0.06558784393952358 3.7502239392676486 0.0 0.0
-0.02940188 0.05062526 -2.949539 -9.228126 0.7955631 0.6924182 0.2106298 18.80346 1.259727 0 0.0 0.058543893768709984 9.688038490034863 0.0 0.0
-0.04430034 0.0279032 0.4138225 -3.618888 0.9614597 0.7758941 0.2909514 18.19706 1.57819 0 0.0 0.0523555985005959 3.6424716084068867 0.0 0.0
-0.04842903 0.04015599 -6.937806 -3.661132 0.211061 0.1677049 -0.0127695 16.61853 1.688931 0 0.0 0.06291164025536927 7.844554774814183 0.0 0.0
-0.03661543 0.04291908 3.340624 -6.303084 0.5628719 0.4739842 0.02828291 17.70252 1.545317 0 0.0 0.05641575260626503 7.133627171392685 0.0 0.0
-0.04472122 0.0235657 -3.093947 -4.451369 0.4804505 0.3874532 0.002542729 18.60933 1.363474 0 0.0 0.050550269383836124 5.420995666200998 0.0 0.0
-0.02141686 0.0411516 3.483833 -4.570029 0.848719 0.7262787 0.3632849 18.62887 1.246239 0 0.0 0.04639112064630041 5.746499580851808 0.0 0.0
-0.03569444 0.05436922 -0.5905613 -0.9319139 0.0861966 0.068255 -0.04259443 14.89306 1.753596 0 0.0 0.065039258377706 1.1032797315599068 0.0 0.0
-0.04334689 0.02320773 -6.087094 1.188851 0.5840504 0.524958 0.5510369 18.24915 1.192698 0 0.0 0.049168603848645125 6.2021028744319455 0.0 0.0
-0.03827765 0.03521085 -0.5029358 -2.481523 0.1741239 0.1444978 0.1086438 16.55492 1.672598 0 0.0 0.05200944575021926 2.5319756749326485 0.0 0.0
-0.04374609 0.02956284 0.7001908 -2.554683 0.9080872 0.8862944 0.6777111 18.8998 nan 0 0.0 0.05279850281166787 2.6489002221476063 0.0 0.0
-0.03912051 0.02788249 -14.25704 -14.07703 1.040497 0.8897549 0.164155 18.31871 nan 0 0.0 0.048040061940636584 20.035617364645894 0.0 0.0
-0.03505958 0.05314684 -1.528994 -2.164064 0.6538774 0.531236 0.03071259 18.0111 1.182037 0 0.0 0.06366915070708891 2.649716144822309 0.0 0.0
-0.02866195 0.05136171 -5.646473 -5.746005 0.4298645 0.3678225 0.1253021 17.77223 1.660868 0 0.0 0.0588177917974366 8.05600588379589 0.0 0.0
-0.03616917 0.0513707 -1.19444 -6.681365 0.49885 0.3996667 -0.05581557 18.41026 1.292187 0 0.0 0.06282640907276892 6.787291446285845 0.0 0.0
-0.053628 0.02552013 -1.709957 -6.313147 0.3052966 0.2682222 0.154416 17.60802 1.771734 0 0.0 0.05939056675278407 6.540625198362768 0.0 0.0
-0.04243392 0.05118511 -1.287411 -0.7536235 0.1632316 0.1354451 0.01738254 15.56387 1.938133 0 0.0 0.06648723977033864 1.4917692390826574 0.0 0.0
-0.04422411 0.03476206 0.1634542 -4.387035 0.2194697 0.1830546 0.08633231 16.37296 1.799117 0 0.0 0.056250979731340675 4.390078970442632 0.0 0.0
-0.0489793 0.03048355 -6.523945 -6.352873 0.2269544 0.1897383 0.1115506 16.6239 1.833242 0 0.0 0.05769071544965013 9.106088826557427 0.0 0.0
-0.0535528 0.03307518 -0.8434999 -3.569698 0.09220807 0.07454079 0.00166627 15.0468 1.794272 1 0.0 0.06294338662538265 3.6680016211152373 0.0 0.0
-0.05109414 0.03160591 -2.690331 -3.809071 0.2436571 0.1990939 0.04299407 16.07369 1.453147 0 0.0 0.06007948642646423 4.663357457090545 0.0 0.0
-0.04593842 0.02696786 2.703461 -6.269465 0.4160127 0.3482816 0.1544425 17.52184 1.535158 0 0.0 0.053269164674096404 6.827509997410916 0.0 0.0
-0.02752138 0.03726482 -2.499753 -10.58447 0.4710086 0.4029803 0.4306195 17.93906 1.383841 0 0.0 0.04632594485530543 10.875650336504433 0.0 0.0
-0.02085812 0.02361174 1.112681 -3.956475 1.202841 1.042829 0.4687809 18.83824 1.171322 0 0.0 0.03150516522353121 4.109957838395182 0.0 0.0
-0.04123438 0.02705575 -3.004677 -5.826582 0.490829 0.4174983 0.2141388 18.16734 0.9716797 0 0.0 0.04931822890217064 6.555695361824937 0.0 0.0
-0.03405321 0.04770743 -2.461399 -1.764199 0.4991625 0.4207822 0.2284624 17.78065 1.377405 0 0.0 0.058614162013194394 3.028346603148656 0.0 0.0
-0.04755645 0.03940491 -5.820763 -7.260368 0.1255742 0.1037404 0.1127204 16.22368 1.830338 0 0.0 0.061760528403751534 9.305601828876679 0.0 0.0
-0.04815472 0.0195682 -6.350864 -4.364047 0.3577714 0.2997903 0.01387856 18.07285 nan 0 0.0 0.05197876017681068 7.705736808683839 0.0 0.0
-0.03274787 0.01704343 -4.919336 -5.639075 0.1370485 0.1131586 0.080955 16.06667 1.964693 0 0.0 0.03691749579402427 7.483250198711854 0.0 0.0
-0.05042636 0.01770359 -4.849359 -6.477081 0.1658256 0.1373406 0.1137183 16.8471 1.840769 0 0.0 0.053443754375396384 8.091283025048748 0.0 0.0
-0.0408965 0.04083649 -1.258661 -3.931723 0.171 0.1419812 0.06957663 16.50743 1.488477 0 0.0 0.05779396705340533 4.128277275286872 0.0 0.0
-0.0291109 0.04993298 -3.170557 -5.916003 0.6514286 0.5293158 0.1275606 18.82179 1.407057 0 0.0 0.05779919541386714 6.712043145440738 0.0 0.0
-0.02440168 0.03341852 -5.738524 -7.617641 0.6386496 0.5375179 0.4006691 18.5733 nan 0 0.0 0.041379215384209495 9.537248665283766 0.0 0.0
