jas1101finalproject/data/gcs/NGC_1904_M_79.ecsv
# %ECSV 0.9
# ---
# datatype:
# - {name: x, unit: deg, datatype: float64}
# - {name: y, unit: deg, datatype: float64}
# - {name: pmx, unit: mas / yr, datatype: float64}
# - {name: pmy, unit: mas / yr, datatype: float64}
# - {name: pmx_e, unit: mas / yr, datatype: float64}
# - {name: pmy_e, unit: mas / yr, datatype: float64}
# - {name: pm_corr, datatype: float64}
# - {name: g_mag, unit: mag, datatype: float64}
# - {name: bp_rp, unit: mag, datatype: float64}
# - {name: filter, datatype: int64}
# - {name: memberprob, datatype: float64}
# - {name: r, unit: deg, datatype: float64}
# - {name: pm, unit: mas / yr, datatype: float64}
# - {name: member_prob_GMM, datatype: float64}
# - {name: member_prob_DB, datatype: float64}
# meta: !!omap
# - comments: [deg deg mas/yr mas/yr mas/yr mas/yr dimless mag   mag   zeroone float]
# - __serialized_columns__:
#     bp_rp:
#       __class__: astropy.units.quantity.Quantity
#       unit: &id001 !astropy.units.Unit {unit: mag}
#       value: !astropy.table.SerializedColumn {name: bp_rp}
#     g_mag:
#       __class__: astropy.units.quantity.Quantity
#       unit: *id001
#       value: !astropy.table.SerializedColumn {name: g_mag}
#     pm:
#       __class__: astropy.units.quantity.Quantity
#       unit: !astropy.units.Unit {unit: mas / yr}
#       value: !astropy.table.SerializedColumn {name: pm}
#     pmx:
#       __class__: astropy.units.quantity.Quantity
#       unit: !astropy.units.Unit {unit: mas / yr}
#       value: !astropy.table.SerializedColumn {name: pmx}
#     pmx_e:
#       __class__: astropy.units.quantity.Quantity
#       unit: !astropy.units.Unit {unit: mas / yr}
#       value: !astropy.table.SerializedColumn {name: pmx_e}
#     pmy:
#       __class__: astropy.units.quantity.Quantity
#       unit: !astropy.units.Unit {unit: mas / yr}
#       value: !astropy.table.SerializedColumn {name: pmy}
#     pmy_e:
#       __class__: astropy.units.quantity.Quantity
#       unit: !astropy.units.Unit {unit: mas / yr}
#       value: !astropy.table.SerializedColumn {name: pmy_e}
#     r:
#       __class__: astropy.units.quantity.Quantity
#       unit: &id002 !astropy.units.Unit {unit: deg}
#       value: !astropy.table.SerializedColumn {name: r}
#     x:
#       __class__: astropy.units.quantity.Quantity
#       unit: *id002
#       value: !astropy.table.SerializedColumn {name: x}
#     y:
#       __class__: astropy.units.quantity.Quantity
#       unit: *id002
#       value: !astropy.table.SerializedColumn {name: y}
# schema: astropy-2.0
x y pmx pmy pmx_e pmy_e pm_corr g_mag bp_rp filter memberprob r pm member_prob_GMM member_prob_DB
[from data line 671]
0.007350438 -0.05976714 -1.914367 -4.927873 1.971867 2.407379 0.008636883 20.87189 0.4691486 0 0.0 0.060217439023686856 5.286656156288018 0.0 0.0
-0.002737768 -0.03164692 2.421503 -1.551722 0.754541 0.744243 0.08410967 19.83435 0.5092506 0 0.0 0.03176512110961052 2.8760246772746925 0.0 1.0
-0.03045325 0.02398868 2.690489 -1.065801 0.32302 0.5122131 -0.03935679 19.10998 0.7336521 0 0.0 0.038766702254704355 2.893900971132564 0.0 1.0
-0.008907303 -0.02561427 5.163551 7.093531 2.489952 2.92958 -0.3013308 20.75923 0.4116936 0 0.0 0.027118828779405444 8.773849837874021 0.0 0.0
0.04574822 0.02704152 3.430442 -0.7921491 0.6395102 0.8907957 -0.02353478 20.04748 0.6710644 0 0.0 0.053142670586627465 3.520714772882747 0.0 0.0
0.03422872 -0.1062098 2.747586 -0.799926 0.8220446 1.090488 -0.05511217 20.45126 0.7826061 0 0.0 0.11158909843205293 2.86166218007507 0.0 0.0
-0.01771505 -0.01673649 3.333116 -3.395178 0.6196773 0.8965142 -0.2164653 19.4983 0.6844406 0 0.0 0.024370742582502488 4.757824704751111 0.0 0.0
-0.01613144 0.02766489 1.852265 -1.607348 0.5864269 1.03978 -0.001982301 19.87173 0.5442467 0 0.0 0.032024513972669436 2.452438220084045 0.0 0.0
0.02804796 -0.01979395 2.875696 -3.347758 0.5207133 1.147997 -0.373717 19.31826 nan 0 0.0 0.03432912053583808 4.413288015865269 0.0 0.0
0.06067474 0.01243253 2.167546 -1.674427 0.8380723 1.229013 -0.04338059 20.43537 0.5602283 0 0.0 0.06193538468653036 2.738970872507592 0.0 0.0
-0.01241272 -0.01693613 2.585794 -1.388732 0.1086217 0.1536299 -0.06486053 16.63153 0.9799671 0 0.0 0.020997812199734046 2.9351162120536216 0.0 1.0
0.1244324 -0.08129962 2.669189 0.5897284 1.748967 2.689126 0.06872749 20.87169 0.01695824 0 0.0 0.14863731154021995 2.7335598591374506 0.0 0.0
0.01184674 0.02000164 4.486504 -9.979519 1.432193 1.984269 -0.08852105 20.11239 nan 0 0.0 0.02324673850924469 10.941641449680985 0.0 0.0
-0.03550779 0.0009523015 9.508729 -12.0358 1.548094 1.707609 0.02273252 20.72458 0.7261314 0 0.0 0.035520557833893907 15.338722529449479 0.0 0.0
0.02452078 0.007304491 2.983955 -1.269282 1.255493 1.586152 0.03088208 20.39469 nan 0 0.0 0.025585625663201612 3.2426939783995956 0.0 1.0
0.04445681 0.02682264 2.693672 -1.356493 0.7557377 0.947489 -0.02269857 20.29197 0.6758671 0 0.0 0.05192169076547584 3.015947960862886 0.0 0.0
0.01700095 -0.008572943 2.541244 -1.313759 0.6467173 0.7159651 0.0009875349 19.49937 0.5353603 0 0.0 0.019040158943237552 2.860748814142374 0.0 0.0
0.002280008 0.001710703 -6.992645 17.8194 0.9435486 0.8951283 -0.1594013 17.52903 nan 0 0.0 0.002850428254538781 19.142311784526576 0.0 0.0
0.02426386 0.006911627 2.477756 -0.3172291 1.337613 1.578734 -0.03359758 20.64331 nan 0 0.0 0.025229060424176105 2.4979810042157666 0.0 0.0
0.06339431 -0.08683675 3.887304 -3.478237 1.389717 1.916826 -0.04712454 20.79691 0.293396 0 0.0 0.10751492775860755 5.21625009145315 0.0 0.0
-0.005994287 0.00921409 0.9820108 3.936199 0.5478112 0.6416505 0.2019069 18.45526 nan 0 0.0 0.010992312366671036 4.056847024342628 0.0 0.0
0.002688763 -0.03457852 2.508135 -1.444184 0.4992927 0.6341502 0.2766552 19.14652 0.635334 0 0.0 0.03468289912709964 2.894202585183179 0.0 1.0
-0.005585058 0.01660318 2.553624 -1.711233 0.03224096 0.04577309 -0.016011 12.74006 1.644493 1 0.9998868 0.017517375915808965 3.0739736358116345 0.0 0.0
0.02149455 0.04956235 2.173985 -1.583637 0.9517917 1.176565 0.02123167 20.56258 0.3575859 0 0.0 0.05402260838968256 2.689631373997931 0.0 0.0
-0.06804918 0.04154443 3.262579 -2.072198 0.5890988 0.9431188 -0.1129546 20.06392 0.6833 0 0.0 0.07972848024826072 3.865026039038418 0.0 0.0
-0.02664936 -0.006026402 2.457748 -1.419505 0.1282941 0.1700561 0.0008165912 17.40308 0.9309254 0 0.0 0.027322260328808887 2.8382247403137404 0.0 1.0
0.0001489867 -0.05411736 2.172355 -1.743717 0.4546457 0.6135412 -0.006914961 19.28227 0.6279163 1 0.9971909 0.05411756508201729 2.7856193605936186 0.0 0.0
-0.0001979541 -0.03251283 2.386124 -1.390544 0.130092 0.1532428 0.01764779 17.40849 0.9433784 1 0.9997509 0.03251343261537617 2.761738647901354 0.0 1.0
0.02783283 -0.01975385 3.259154 -2.031597 0.399046 0.4960883 0.03062752 19.06872 0.6575413 0 0.0 0.034130353288991895 3.84050402501091 0.0 0.0
0.03530609 0.02551901 2.615293 -1.549856 0.2252743 0.2745715 -0.02871119 18.56559 0.8817139 1 0.9994853 0.0435630561653817 3.0400347196347934 0.0 1.0
0.005980382 0.01647346 2.322592 -1.399872 1.700327 2.049813 -0.1520817 20.1031 0.3378639 0 0.0 0.017525405936454765 2.7118398210159835 0.0 0.0
0.06930139 -0.1041414 2.308368 -0.4155938 0.1800137 0.2189561 -0.04906026 18.2175 1.303288 1 0.005923324 0.1250924212328313 2.3454809805288215 0.0 0.0
-0.004258742 0.005204914 2.612996 -3.941163 0.6285272 0.817829 0.1740415 18.84219 nan 0 0.0 0.006725177556760862 4.728690504630748 0.0 0.0
0.1239898 -0.05894697 -3.515142 -5.900168 2.527019 2.318952 0.2483305 20.99298 0.3172817 0 0.0 0.13728880426393442 6.867911306095034 0.0 0.0
0.01079303 -0.04313722 2.861787 -0.1846767 0.7889361 0.8539878 0.003730253 20.10481 0.6192951 0 0.0 0.04446694554283327 2.867739583172065 0.0 0.0
0.0214325 0.01145545 0.9224518 -1.398062 0.6283732 0.8763254 -0.1363113 19.53484 0.5872078 0 0.0 0.024301839250404484 1.6749610978071223 0.0 0.0
0.03916977 -0.007368642 0.1885358 -0.1262625 0.4497517 0.5634346 -0.02172265 19.43141 1.090445 0 0.0 0.03985684090312558 0.2269096004753655 0.0 0.0
-0.002279943 -0.02204532 2.009853 -1.31943 0.724811 0.7785641 0.08702092 19.6273 0.2648792 0 0.0 0.02216290310373731 2.4042472016223706 0.0 0.0
0.02771514 -0.04981554 2.82102 0.3487023 0.8282552 0.9644089 0.05576478 20.28513 0.5948486 0 0.0 0.05700628922067459 2.842489601463001 0.0 0.0
0.05783555 0.02753435 3.045193 -1.902082 0.4182802 0.5818718 0.03490973 19.42589 0.6291466 1 0.9936004 0.06405537661839948 3.5904200787613973 0.0 0.0
0.001009486 -0.03285997 1.408609 1.414686 2.202808 2.251116 0.1004681 20.53336 nan 0 0.0 0.03287547247394471 1.9963756644171458 0.0 0.0
0.1046148 0.02718939 2.039757 0.2358424 0.7639075 1.170903 -0.08193987 20.3603 0.659235 0 0.0 0.10809032938987696 2.053346112248678 0.0 0.0
-0.06284796 0.1379101 5.84763 -8.106536 1.485279 2.23649 0.007805074 20.89995 2.055243 0 0.0 0.15155547419401122 9.995534129609883 0.0 0.0
-0.04195927 0.01029251 2.545771 -0.6417446 0.8988624 1.396572 -0.01798849 20.409 0.6904945 0 0.0 0.04320319549562277 2.6254116088853876 0.0 0.0
0.01010765 -0.02380238 1.94716 -3.583311 1.064085 1.034842 0.3128449 20.21291 0.8605461 0 0.0 0.025859580085277875 4.078179715059281 0.0 0.0
0.003542234 -0.03644202 2.190511 -1.608269 0.07077319 0.08748404 0.03685594 16.33507 1.025052 1 0.9986715 0.036613771226017625 2.717511291141584 0.0 0.0
-0.03022464 -0.002824774 2.587426 -1.589274 0.06871117 0.101078 0.01041408 16.28887 0.1615295 1 0.9998889 0.030356353721761053 3.0365383502521417 0.0 1.0
-0.04204938 0.009901469 1.461703 1.12188 2.24768 3.271652 -0.4463013 20.88141 nan 0 0.0 0.043199414888888954 1.8426042425352764 0.0 0.0
-0.0444924 0.02826458 2.311848 -1.914685 0.1120098 0.1726865 -0.07412272 17.4489 0.9427795 1 0.9983802 0.052711100731595434 3.001776111626082 0.0 0.0
-0.03366113 -0.0001896919 3.515591 -0.6147891 1.340667 2.028547 -0.2581175 20.68484 0.8458214 0 0.0 0.033661664484897734 3.568941820310302 0.0 0.0
0.003711768 0.06500983 2.445405 -1.561723 0.6670528 0.8398295 -0.065614 20.12081 0.7077656 0 0.0 0.06511570638728205 2.9015486111306146 0.0 0.0
-0.00191216 -0.01995868 2.687383 -2.86517 0.2239308 0.2764002 -0.02704242 18.47979 nan 0 0.0 0.020050068907811764 3.92825998599749 0.0 0.0
-0.02015158 -0.01348102 2.720021 -2.336193 0.06039184 0.08199535 0.006495385 15.98506 1.061033 1 5.741314e-05 0.024245083558049454 3.5855699649693076 0.0 0.0
0.002328204 -0.01945515 2.836907 0.5489182 1.14747 1.005047 0.5621124 19.75568 nan 0 0.0 0.019593963238408816 2.8895246178117677 0.0 0.0
0.08719937 -0.01760476 1.860069 -1.885981 0.5735852 0.6657126 0.1018566 19.52363 0.5933647 1 0.9876575 0.08895874157751164 2.6489207268474457 0.0 0.0
-0.006895713 -0.008745551 3.969228 -4.757838 0.9652012 1.236256 -0.1939413 19.38777 nan 0 0.0 0.011137123509774416 6.196111147342985 0.0 0.0
-0.01716556 0.02518901 -2.778761 8.379772 2.424136 3.300871 0.1470393 20.42217 0.5386181 0 0.0 0.03048184172411011 8.828481832518262 0.0 0.0
-0.001530503 -0.0163309 2.503078 -1.681058 0.02172182 0.02853746 0.06030552 13.59892 1.353227 0 0.0 0.016402461225164013 3.0151874690387 0.0 0.0
-0.02522595 -0.008766969 1.080276 -2.38647 0.6848029 0.9007466 -0.01818451 19.32849 0.6871567 0 0.0 0.02670595998741594 2.6195868561809514 0.0 0.0
0.1009664 -0.06344103 2.401005 -1.733236 0.3938055 0.4909601 0.05688601 19.18247 0.707613 1 0.9908037 0.11924335711653249 2.9612382615590054 0.0 0.0
-0.004120284 0.01651168 3.588607 2.156394 1.274196 1.450087 0.1736964 19.31875 nan 0 0.0 0.017017999784435772 4.186661591732129 0.0 0.0
0.02322287 0.04578931 2.243944 -1.193281 0.8515575 1.154038 0.01097561 20.43295 0.6198063 0 0.0 0.051341626399180225 2.5414964528987642 0.0 0.0
0.01793782 -0.009398956 2.297238 -2.29792 0.5753564 0.7876564 0.02643257 19.62987 0.5246296 0 0.0 0.020251068125961554 3.2492674182104495 0.0 0.0
0.06124968 0.00990311 3.882343 -2.711006 0.5128749 0.7228177 0.03901289 19.66374 nan 0 0.0 0.06204510365673105 4.735202287303574 0.0 0.0
0.009390418 -0.05628255 2.53699 -0.9106774 0.4607549 0.606436 -0.003729018 19.32834 0.5855446 0 0.0 0.057060541398739145 2.695487263366451 0.0 0.0
0.06729889 -0.1007758 2.841426 -2.028528 0.5185218 0.6478598 -0.004689424 19.62399 0.6562004 1 0.9773445 0.12118127933336939 3.4912214997418882 0.0 0.0
-0.004495173 0.01704191 4.351368 -3.647883 0.6201973 0.8744466 0.0286034 19.5075 nan 0 0.0 0.017624791537718367 5.678155849667478 0.0 0.0
0.02081074 -0.01234625 2.180733 -2.393238 0.8754242 1.08318 0.1243508 20.2292 nan 0 0.0 0.02419745417208389 3.23777462803281 0.0 0.0
-0.02553149 -0.008032701 1.465536 -2.230404 2.238977 2.986156 0.0242517 19.91076 nan 0 0.0 0.026765299680285685 2.668800811321819 0.0 0.0
-0.002384782 0.01692944 3.378278 -1.974288 1.477712 0.8595777 0.04568357 19.92411 nan 0 0.0 0.01709658222865389 3.9128730304250863 0.0 0.0
0.04167463 -0.00959151 3.171833 -2.35318 0.5823035 0.6262774 0.04824902 19.80139 0.5970745 0 0.0 0.04276414210196435 3.949427894301781 0.0 0.0
-0.01595235 -0.01589321 0.3302962 5.448869 0.5794029 0.8673774 -0.1285515 18.91574 0.7483635 0 0.0 0.02251825025677173 5.458870666987398 0.0 0.0
0.005592072 0.02644128 1.098006 3.447607 0.7795915 0.9029171 0.01525954 19.89304 0.455101 0 0.0 0.027026145809041734 3.6182331603263216 0.0 0.0
-0.04825288 0.03993807 3.384289 0.517137 0.7029783 1.14614 -0.1071867 20.25332 0.5483513 0 0.0 0.06263696882528161 3.423571630956478 0.0 0.0
-0.003932863 0.01695991 1.599312 -1.78628 0.253724 0.2348228 0.08013917 17.98734 0.6337261 0 0.0 0.017409938500318405 2.397622804309302 0.0 0.0
0.02620714 0.005272824 3.86829 -0.6359059 0.9934442 1.522121 -0.1997265 20.447 nan 0 0.0 0.026732318640824555 3.9202096675758056 0.0 0.0
-0.1083823 0.04019241 2.624164 -2.043701 0.2606916 0.3699551 -0.04224334 18.86971 0.8413334 1 0.9913784 0.1155947783202083 3.3261013929669976 0.0 0.0
-0.06215284 -0.1012576 1.87809 -1.882815 0.6513295 0.8637178 0.1417622 19.83445 0.6057034 1 0.9679689 0.1188110982939961 2.659363527674432 0.0 0.0
-0.02635082 -0.006444049 2.682092 -0.5275754 0.852538 1.257105 0.108591 20.04556 nan 0 0.0 0.02712731984894197 2.7334873877794204 0.0 0.0
-0.002829057 0.01618747 3.38368 -10.58914 1.242131 1.188687 0.385878 19.70291 nan 0 0.0 0.016432825335594273 11.11661712401754 0.0 0.0
0.006373911 -0.02621684 2.66862 -2.266403 0.1630299 0.1954691 -0.04773929 17.69965 0.8941402 0 0.0 0.026980538189990227 3.5011591313176553 0.0 0.0
-0.03374515 0.002499647 2.62203 -1.522493 0.02708236 0.03769722 0.07170513 14.4188 1.247517 1 0.999837 0.03383760310138868 3.032000372023229 0.0 1.0
0.05303725 -0.04038994 1.189982 -2.013039 1.275147 1.699761 0.06713501 20.74405 0.09576607 0 0.0 0.06666556187992494 2.3384574351150804 0.0 0.0
0.04770371 0.02090294 3.347968 -1.683033 0.6920658 1.085699 -0.08465632 20.24658 0.382513 0 0.0 0.05208240440309664 3.7471975939511113 0.0 0.0
-0.003224765 0.016691 4.187671 0.9764169 0.4777853 0.6079847 0.07718315 18.61917 0.7336407 0 0.0 0.016999664417429686 4.299997484516312 0.0 0.0
0.02147696 -0.01274882 2.79271 -1.905987 0.2355099 0.2793562 -0.06432454 18.54873 0.8092556 0 0.0 0.02497583276357367 3.381126378630204 0.0 0.0
0.04030084 -0.00818916 3.335535 -1.027311 0.75114 1.045464 -0.1000335 20.22331 0.3973007 0 0.0 0.04112444584685853 3.490152092236956 0.0 0.0
-0.06117744 0.01761837 5.830101 7.922875 0.2367316 0.35726 -0.03749902 18.67653 1.652861 1 0.0 0.0636638525885019 9.83676908013124 0.0 0.0
0.02679022 0.005242184 4.758829 -7.676551 0.6906713 1.465651 -0.370453 19.59601 0.4822788 0 0.0 0.027298285307657256 9.031937151400136 0.0 0.0
-0.002155207 -0.01141376 3.532103 -3.533861 0.5792896 0.9870626 -0.3494899 17.56123 nan 0 0.0 0.011615456708646846 4.996391214659837 0.0 0.0
-0.007660697 0.0160652 4.024505 -10.52233 0.5587653 0.7169736 0.08613987 18.74624 0.6908989 0 0.0 0.017798228270415262 11.265703223675166 0.0 0.0
-0.01368769 0.02820686 1.557082 -2.949985 0.8665004 1.323572 0.1946094 20.28736 0.05161476 0 0.0 0.03135250880863763 3.33570320246706 0.0 0.0
-0.03671605 0.002639958 1.823386 -3.525684 0.7746431 1.13603 0.01686419 20.20893 0.5671635 0 0.0 0.03681083679902243 3.96928005724615 0.0 0.0
-0.01850682 -0.01276169 2.424942 -1.426051 0.05546514 0.07989684 -0.01079464 15.1479 1.02447 0 0.0 0.02248028287563348 2.8131770576991775 0.0 1.0
0.04977531 0.02799366 2.265104 -0.6968641 0.663094 0.7819414 0.0298707 20.15422 0.5449715 0 0.0 0.05710714916533393 2.3698767277402446 0.0 0.0
-0.07175472 0.01327737 2.541728 -2.923977 1.046645 1.867535 -0.06609037 20.64288 0.4353237 0 0.0 0.07297279216526732 3.8742770580474755 0.0 0.0
-0.004640723 0.01070379 16.37562 8.878924 0.9912137 1.190101 0.4654149 19.56379 0.8242855 0 0.0 0.011666508917702373 18.627834597241193 0.0 0.0
0.002342635 0.01005917 1.786443 2.204756 1.312363 1.360132 -0.5173994 19.43018 nan 0 0.0 0.010328351263978438 2.8376623498550706 0.0 0.0
0.01600845 -0.008471723 2.579032 -0.8898756 0.1628564 0.203436 -0.09815789 17.80399 0.8129826 0 0.0 0.018111890072304133 2.7282383767734375 0.0 0.0
-0.02533733 -0.007155281 2.525357 -1.459503 0.03301286 0.04551822 0.03082298 14.77219 1.204458 1 0.9999188 0.026328280189139987 2.916775100081938 0.0 1.0
-0.003577352 -0.03444884 2.261239 -1.426648 0.08487143 0.09992181 0.06179151 16.60325 0.9773045 1 0.9994303 0.0346340876114487 2.6736728167494617 0.0 1.0
0.00583718 -0.07719068 6.163476 -3.154814 2.541977 2.886277 0.01356615 20.91836 1.254377 0 0.0 0.07741106993973665 6.923964744073442 0.0 0.0
0.06799835 -0.1026644 2.102343 -1.013968 0.190208 0.2172751 -0.0101685 18.19926 0.9153271 1 0.8863401 0.12314119793993601 2.334090228477254 0.0 0.0
0.01142329 0.02028969 6.379311 -3.601971 0.6099934 1.014472 -0.231138 19.5493 0.6458645 0 0.0 0.023284395519750988 7.325967780407037 0.0 0.0
-0.02538602 -0.006632678 1.967403 -3.690937 1.569324 2.465937 0.05335601 20.26891 nan 0 0.0 0.026238186463475022 4.1825459354773376 0.0 0.0
-0.02612462 0.007212615 2.524775 -1.380734 0.06303721 0.08743183 -0.04166855 16.18083 1.04207 1 0.9998118 0.027101984895623883 2.8776579330040253 0.0 1.0
0.02443061 0.04340299 1.503237 2.874576 2.414984 3.138758 -0.01920943 20.37111 0.7537365 0 0.0 0.04980636752376347 3.2439033058870606 0.0 0.0
0.03140068 0.03849192 1.345206 -0.639192 0.7511562 0.9411185 -0.1232463 20.36374 0.2060318 0 0.0 0.04967525148148523 1.4893440150952364 0.0 0.0
-0.02451835 -0.006983457 1.299034 -0.8083981 0.7355676 1.439187 -0.3730242 19.8788 0.6518993 0 0.0 0.025493492471478852 1.5300316406008112 0.0 0.0
0.02333653 -0.01523251 2.791269 -0.6617587 0.4871887 0.604946 -0.0267139 19.20998 0.5617409 0 0.0 0.02786795638974986 2.8686420493652895 0.0 0.0
