jas1101finalproject/data/gcs/NGC_6402_M_14.ecsv
# %ECSV 0.9
# ---
# datatype:
# - {name: x, unit: deg, datatype: float64}
# - {name: y, unit: deg, datatype: float64}
# - {name: pmx, unit: mas / yr, datatype: float64}
# - {name: pmy, unit: mas / yr, datatype: float64}
# - {name: pmx_e, unit: mas / yr, datatype: float64}
# - {name: pmy_e, unit: mas / yr, datatype: float64}
# - {name: pm_corr, datatype: float64}
# - {name: g_mag, unit: mag, datatype: float64}
# - {name: bp_rp, unit: mag, datatype: float64}
# - {name: filter, datatype: int64}
# - {name: memberprob, datatype: float64}
# - {name: r, unit: deg, datatype: float64}
# - {name: pm, unit: mas / yr, datatype: float64}
# - {name: member_prob_GMM, datatype: float64}
# meta: !!omap
# - comments: [deg deg mas/yr mas/yr mas/yr mas/yr dimless mag   mag   zeroone float]
# - __serialized_columns__:
#     bp_rp:
#       __class__: astropy.units.quantity.Quantity
#       unit: &id001 !astropy.units.Unit {unit: mag}
#       value: !astropy.table.SerializedColumn {name: bp_rp}
#     g_mag:
#       __class__: astropy.units.quantity.Quantity
#       unit: *id001
#       value: !astropy.table.SerializedColumn {name: g_mag}
#     pm:
#       __class__: astropy.units.quantity.Quantity
#       unit: !astropy.units.Unit {unit: mas / yr}
#       value: !astropy.table.SerializedColumn {name: pm}
#     pmx:
#       __class__: astropy.units.quantity.Quantity
#       unit: !astropy.units.Unit {unit: mas / yr}
#       value: !astropy.table.SerializedColumn {name: pmx}
#     pmx_e:
#       __class__: astropy.units.quantity.Quantity
#       unit: !astropy.units.Unit {unit: mas / yr}
#       value: !astropy.table.SerializedColumn {name: pmx_e}
#     pmy:
#       __class__: astropy.units.quantity.Quantity
#       unit: !astropy.units.Unit {unit: mas / yr}
#       value: !astropy.table.SerializedColumn {name: pmy}
#     pmy_e:
#       __class__: astropy.units.quantity.Quantity
#       unit: !astropy.units.Unit {unit: mas / yr}
#       value: !astropy.table.SerializedColumn {name: pmy_e}
#     r:
#       __class__: astropy.units.quantity.Quantity
#       unit: &id002 !astropy.units.Unit {unit: deg}
#       value: !astropy.table.SerializedColumn {name: r}
#     x:
#       __class__: astropy.units.quantity.Quantity
#       unit: *id002
#       value: !astropy.table.SerializedColumn {name: x}
#     y:
#       __class__: astropy.units.quantity.Quantity
#       unit: *id002
#       value: !astropy.table.SerializedColumn {name: y}
# schema: astropy-2.0
x y pmx pmy pmx_e pmy_e pm_corr g_mag bp_rp filter memberprob r pm member_prob_GMM
[from data line 6859]
0.02610515 -0.01391174 -3.372749 -4.162189 0.6652028 0.7666576 0.01428822 18.47736 nan 0 0.0 0.02958065865308107 5.357168383458 1.0
0.04962809 0.01648837 -3.070899 -5.202456 0.7024253 0.6350749 0.1572063 19.44407 1.617811 0 0.0 0.0522954459040651 6.041189377940158 1.0
0.01830632 0.04314581 -4.269755 -5.558306 0.805214 0.7577281 0.2154724 19.59891 1.399204 0 0.0 0.04686877716026417 7.008963785729029 1.0
0.02976291 0.03981912 -4.620405 -6.429259 2.761109 2.304715 -0.7464694 20.02588 1.028074 0 0.0 0.04971310822351083 7.917292065669044 1.0
0.08679904 0.0008522783 -6.094788 -4.291663 0.5258691 0.5483663 0.4585047 18.94582 1.463835 0 0.0 0.0868032241522298 7.454180845036763 0.0
-0.02919392 -0.03809533 -3.447648 -4.895929 0.1402735 0.1223415 0.1740939 16.84096 1.728508 1 0.9975812 0.04799519905964866 5.988021167710164 1.0
-0.008963902 0.0038331 -3.184408 -5.544047 0.5240471 0.5125256 0.1624779 17.79839 nan 0 0.0 0.009749061220220333 6.393505411640237 1.0
-0.06033461 0.01113243 -3.310524 -5.195235 0.1693008 0.1494977 0.2462645 17.21781 0.9125786 0 0.0 0.061353045250883836 6.160360043033281 1.0
-0.04918463 0.04533322 -3.793021 -5.963488 2.624127 2.806229 0.8507991 20.18496 1.32399 0 0.0 0.06688967531544236 7.067545361197549 1.0
-0.02779341 -0.002201617 -3.992553 -4.170847 0.3340032 0.3591979 0.385341 18.09185 1.679693 0 0.0 0.027880472679687286 5.773772090688894 1.0
0.000664215 -0.001341259 -1.739551 -5.191597 0.7918962 0.6372885 0.8805733 16.95409 nan 0 0.0 0.0014967154944430822 5.475282375550141 0.0
-0.09699058 0.0305204 -1.250257 -6.019162 2.404309 2.467477 -0.3444813 20.39768 0.8652802 0 0.0 0.1016792379244475 6.147638062564598 0.0
-0.07916412 0.007349573 -3.757016 -6.590281 1.331172 1.440493 0.2528167 20.13191 1.479872 0 0.0 0.07950455407495051 7.58597211194564 0.0
0.08832294 0.006141939 -3.935719 -11.4955 2.243512 2.51096 -0.1757784 20.62501 0.6984577 0 0.0 0.08853623633814192 12.150572179817749 0.0
-0.03888373 -0.008289047 -5.025307 -5.564238 1.110519 1.13131 0.4524444 19.41564 1.464289 0 0.0 0.03975742394674369 7.497629956519126 1.0
0.06945719 -0.07406082 -1.868241 -3.613078 1.409622 1.250387 0.4392846 20.05424 0.9016571 0 0.0 0.10153475415722688 4.067512393117567 0.0
0.04258817 -0.02042685 -1.433985 -6.887184 2.235401 2.38643 0.2030143 20.57499 1.021969 0 0.0 0.047233551897686035 7.034885672850768 1.0
-0.04476379 -0.01568337 -3.693194 -5.416101 1.28004 1.190607 0.2111671 19.9757 1.005684 0 0.0 0.047431687611985726 6.555442926594434 1.0
0.02104687 -0.04069914 -5.841008 -9.207683 1.392521 1.318488 0.2377726 19.79884 1.275457 0 0.0 0.04581910882521069 10.904072665043689 0.0
-0.02843165 -0.05864722 -3.909213 -3.794505 1.123899 1.033405 0.3043558 19.94088 1.364012 0 0.0 0.06517557161583548 5.44795507272169 1.0
0.01617291 0.0103838 -4.672499 -6.248188 0.8048015 0.9158187 0.2736672 18.73947 1.326008 0 0.0 0.019219425597766963 7.802057433032969 0.0
-0.08349033 0.003021451 -4.37561 -5.026466 2.456323 2.474959 0.2553295 20.6694 1.596487 0 0.0 0.08354498410828924 6.66418211945442 1.0
0.1092304 0.06148804 0.7675893 -0.6816131 0.6284607 0.5767585 0.4227249 19.15537 1.342766 0 0.0 0.12534775365837875 1.0265426204333166 0.0
0.001456457 0.04001983 -3.456562 -5.924756 0.5638332 0.5447394 0.2938073 19.05108 1.461309 0 0.0 0.04004632392894195 6.859340676725425 1.0
0.05833866 -0.04543512 -3.55668 -4.987821 0.1220716 0.1119616 0.08674115 15.8118 1.917405 1 0.9977753 0.0739442315533132 6.1260371326364815 1.0
0.01148099 0.03622867 -4.351942 -4.819582 0.2179049 0.1925007 0.2333006 17.67676 1.669483 0 0.0 0.038004337401788754 6.493671521264992 1.0
0.03771311 -0.02514448 -3.493006 -3.78982 1.536064 1.581093 -0.1976521 20.22061 1.228504 0 0.0 0.04532685231010973 5.154010724516976 1.0
-0.08735837 -0.01410949 -5.715286 4.801313 2.545906 2.593222 0.1391622 20.71145 1.565102 0 0.0 0.08849046568482392 7.464388828682828 0.0
-0.03385607 -0.01953722 -4.20375 -5.037803 0.1585977 0.1415759 0.2488645 17.09681 1.084286 1 0.9830062 0.03908882757481094 6.561324037822625 1.0
0.01035326 0.00185612 -6.237968 -8.684948 0.2785454 0.2262757 0.4644422 16.01982 nan 0 0.0 0.010518325631106882 10.69301484763432 0.0
0.02695979 0.04359742 -6.588346 -1.643093 2.979364 3.149503 -0.3513543 20.51857 1.06605 0 0.0 0.05125978255416716 6.790144153283124 1.0
0.04167537 0.009556233 -3.932334 -3.507902 1.357657 1.214701 -0.1707479 20.00305 1.606495 0 0.0 0.042756964973992125 5.269594588690861 1.0
0.0195242 -0.004615173 -4.381873 -4.121617 0.4513223 0.4913906 0.3586421 18.62258 nan 0 0.0 0.020062258284149592 6.015690956392125 1.0
-0.02782325 -0.02515751 -2.258958 -4.422045 0.4948045 0.4772872 0.2972243 18.90535 1.426048 0 0.0 0.037510445877949786 4.965619118276089 1.0
0.08655225 -0.03444724 -2.393476 -2.343174 0.5227266 0.5451415 0.3829776 18.94218 1.737629 1 0.001965002 0.09315526997266499 3.3495061959715793 0.0
-0.01191906 -0.0223112 -0.5221452 -15.02114 2.975826 2.567389 0.2184243 20.09834 nan 0 0.0 0.025295328357694824 15.030212324165054 0.0
-0.01819607 0.01168768 -8.607391 -9.992865 0.5026949 0.4338139 0.3282994 17.67254 1.599543 0 0.0 0.02162634567436903 13.188803233618508 0.0
-0.007135765 0.002015173 -4.105049 -4.49143 0.4547457 0.3986386 0.261699 16.54011 nan 0 0.0 0.007414854304378071 6.084765462801422 1.0
-0.04366647 -0.02663317 -2.077106 -4.205026 1.127826 1.102636 0.1132257 19.96402 1.22176 0 0.0 0.05114769150714234 4.690054690076866 1.0
-0.1099684 0.01014644 -5.503061 -1.232804 0.3502147 0.3683038 0.4162395 18.23836 1.128473 0 0.0 0.11043549811194586 5.639457959071687 0.0
0.02814552 -0.04965979 -1.850707 1.268296 1.704129 1.607929 -0.1807007 20.13332 1.208128 0 0.0 0.05708121441345217 2.243588898052627 0.0
0.01099326 0.01682427 -3.386396 -5.322706 0.06643505 0.05877294 0.2415519 13.82443 2.28026 1 0.9953336 0.020097458208950203 6.3086351163506045 1.0
-0.08483177 0.01273165 -3.373892 -2.145987 0.2463137 0.2275201 0.363583 17.60873 1.546021 1 0.0 0.08578184022889343 3.9985506664081423 0.0
0.08070239 -0.03563336 -4.389689 -6.979806 1.048138 0.9586312 0.219506 20.01942 1.761209 0 0.0 0.08821911412274383 8.245426690860636 0.0
-0.01289307 -0.09622998 -3.215074 -11.83984 2.179316 2.396175 0.1229651 20.76502 1.584705 0 0.0 0.09708985685860959 12.2685986180605 0.0
-0.0679178 -0.04189353 -3.364706 -5.270332 0.697571 0.6670327 0.2978234 19.31917 1.430058 0 0.0 0.07979909405939957 6.252811036378758 1.0
0.04792149 0.009509703 -3.972055 -4.507005 0.6141674 0.5387014 0.6297027 18.67853 nan 0 0.0 0.048855947999893616 6.007521534963483 1.0
-0.01755624 0.01277678 -3.553703 -5.035117 0.0650017 0.06221611 0.3374634 14.79364 1.968527 1 0.9991682 0.021713306291442584 6.162889599522126 1.0
0.01824524 0.03539268 -4.967961 -6.265766 1.243809 1.154124 -0.4220511 19.7079 1.477579 0 0.0 0.039818721479223815 7.996277888135017 1.0
-0.0199938 0.0148896 -1.938084 -2.013052 1.41413 1.321643 0.3522298 19.1043 nan 0 0.0 0.024928943551622878 2.7943779174907606 0.0
-0.05052379 0.01457454 -2.964419 -4.118349 0.5271153 0.5765829 0.3648518 18.95371 nan 0 0.0 0.052583938347899546 5.074305715402059 1.0
-0.01100494 -0.02984736 -0.6796304 -3.584964 2.156536 1.942729 0.3470564 19.87907 nan 0 0.0 0.0318115325530412 3.648816844115385 0.0
-0.03988915 -0.009254682 -3.926788 -5.026997 0.1642812 0.1421675 0.22119 17.08799 1.771049 1 0.9973635 0.040948668191329786 6.37889981383569 1.0
-0.05378273 -0.008817589 -0.7387214 -5.081946 2.105722 2.097567 0.08541747 19.66368 1.739925 0 0.0 0.05450075157303632 5.135356312246889 1.0
0.02235873 0.03880293 -0.4902886 -2.801601 0.820067 0.8010645 0.2685516 19.27613 1.520872 0 0.0 0.04478370444478438 2.8441784533483405 0.0
0.0967679 0.06010887 -2.714566 -6.082008 0.05739472 0.05512465 0.3630678 14.69873 1.975616 1 0.0 0.1139170870549581 6.660307041001938 0.0
0.01050491 -0.06373592 1.559428 0.4515336 0.3818508 0.4008667 0.3777418 18.4783 1.503302 0 0.0 0.06459582519292172 1.6234833781449567 0.0
0.02903167 0.04111209 -1.745105 -3.985409 1.511448 1.373864 -0.407777 19.94397 nan 0 0.0 0.05032933346625008 4.3507328530152245 0.0
0.009438826 -0.03753753 -3.803198 -4.879003 0.1405511 0.1198922 0.2397809 16.69019 1.80317 1 0.997992 0.038706040804494274 6.186193118648415 1.0
-0.04007327 0.02385426 -4.052788 -3.297694 2.148319 2.068721 0.728263 19.98437 1.437885 0 0.0 0.046635744752716236 5.224928352674321 1.0
0.06623289 0.003333389 -2.964652 -6.429242 2.714046 3.155518 -0.2994445 20.77118 nan 0 0.0 0.06631671885714356 7.079852694489342 1.0
0.006544709 0.007586781 -3.964327 -4.839838 0.09566529 0.08543476 0.1592651 15.29 1.872548 0 0.0 0.01001960387623393 6.256190568482789 1.0
-0.001742593 -0.1209434 -3.456073 -4.254995 1.153668 1.057145 0.2394268 20.09918 1.290279 0 0.0 0.12095595328020713 5.481735403259994 0.0
0.04667168 -0.00311784 -4.331746 -4.700482 0.8964119 0.9323023 0.2297033 19.74666 1.072168 0 0.0 0.046775705663175196 6.392069652377076 1.0
-0.002535016 0.0106345 -5.043682 -7.350703 0.2954864 0.2509323 0.228765 16.88961 1.5905 0 0.0 0.010932469820230741 8.914682423470452 0.0
0.009469455 -0.0203888 -4.051922 -4.524904 0.393122 0.3678839 0.3108138 17.74139 1.535704 0 0.0 0.022480519198564454 6.073946666155376 1.0
-0.04238588 -0.04879578 -3.928193 -5.193487 0.4475556 0.4658719 0.3310039 18.72784 1.621416 0 0.0 0.06463428632840933 6.511759168183203 1.0
0.01084081 0.006862905 -3.468202 -5.014528 0.08841716 0.07825669 0.2381842 15.76985 1.862907 0 0.0 0.01283053492630471 6.097041592082836 1.0
0.04740383 0.01621215 -2.997505 -4.439545 0.3278704 0.348334 0.3872672 18.23217 1.658604 0 0.0 0.05009947011986654 5.35673370927191 1.0
0.04530151 0.01714923 -3.598571 -4.649373 0.2971559 0.2799828 0.348491 18.06917 1.758011 0 0.0 0.04843885731386528 5.879318203258776 1.0
-0.003936246 -0.07598319 -2.455129 -4.532053 0.6463354 0.600685 0.2147861 19.21742 nan 0 0.0 0.07608507866295873 5.154334370357631 1.0
-0.07743088 0.05328438 -3.772145 -9.509235 0.696103 0.6890747 0.3188477 19.33889 2.000471 1 0.0 0.09399343769412202 10.230084466232427 0.0
0.04252633 -0.04174146 -5.586587 -3.540051 2.431121 1.885558 0.1018076 20.60046 1.194279 0 0.0 0.05958891026189773 6.613767110442429 1.0
0.1017555 -0.03509286 -4.783614 -4.589045 1.135591 1.073043 -0.05285867 20.01526 1.226431 0 0.0 0.10763684593683337 6.628898619908212 0.0
0.02604362 -0.03676129 -5.382783 -7.930014 2.19819 2.022615 0.1431086 20.46111 1.24748 0 0.0 0.04505177671489217 9.58433486817343 0.0
0.01778706 -0.02913578 -3.560917 -4.876679 0.1436246 0.1239607 0.303529 16.69265 1.797072 1 0.998456 0.03413609789726998 6.038387860176754 1.0
0.004350555 -0.08340944 -1.9617 -3.307497 1.07834 0.9679501 0.1551618 20.0263 1.347307 0 0.0 0.08352282328753995 3.845491294361359 0.0
-0.007897211 -0.03244991 -4.409914 -5.265762 1.243295 1.151393 0.521209 19.64775 nan 0 0.0 0.033397044788223716 6.868448946308038 1.0
0.02759915 0.02484054 -5.293427 -1.680909 3.072726 2.280227 -0.6908828 20.12015 0.8845387 0 0.0 0.03713173182352393 5.553901733971354 1.0
0.04542265 0.0007140805 -3.65462 -4.386624 0.6124808 0.5409502 0.3426726 19.11777 1.507305 0 0.0 0.04542826261241982 5.70952865495708 1.0
-0.01048698 -0.03086516 -0.6722393 -4.203854 1.62891 1.550631 0.2456892 20.3126 nan 0 0.0 0.03259808048560529 4.257263690421406 1.0
0.01309443 -0.07473872 -3.25261 -7.21739 1.514826 1.574571 0.3359651 20.47765 1.074179 0 0.0 0.07587713993201971 7.916450607702925 0.0
0.08024163 -0.08194682 -3.718582 -0.7807393 0.3712118 0.3901464 0.3637121 18.43908 1.611382 1 0.0 0.11469089106450128 3.7996586616811374 0.0
-0.003388175 0.01941236 -4.079753 -5.779972 0.5907516 0.5457475 0.2849693 18.5615 1.529991 0 0.0 0.019705822758774246 7.07477638245853 1.0
-0.003692555 -0.06550017 -3.375341 -4.315347 1.933353 2.066859 -0.04994504 20.58258 1.255411 0 0.0 0.06560417084650125 5.478608089349885 1.0
-0.07376419 -0.08663888 -0.3395609 -8.163505 0.5480502 0.5381556 0.0562429 19.00045 1.592402 1 0.0 0.1137868676693866 8.170563964001127 0.0
0.01376587 0.01103758 -1.426598 -10.95719 1.27218 1.490365 -0.07474787 18.77075 nan 0 0.0 0.017644470780199106 11.049669431693603 0.0
-0.01088306 -0.03018591 -1.9267 -5.409895 0.9280605 0.8877301 0.124919 19.62999 1.123655 0 0.0 0.03208785062125072 5.742746451048053 1.0
0.0455439 -0.01309775 -3.79763 -5.004998 0.1659879 0.1488858 0.1394932 17.11024 1.062492 1 0.998051 0.04738984999208691 6.282674478031151 1.0
0.03704488 0.03107417 -4.505106 -3.707386 1.315901 1.163886 -0.3864979 19.4902 1.57831 0 0.0 0.048352116555568696 5.834440078039365 1.0
0.1210102 -0.04144097 1.111655 -6.390583 1.710137 1.878275 0.02198605 20.50355 1.394455 0 0.0 0.12790943084300274 6.486549770017494 0.0
0.0151682 0.06212421 -3.687555 -5.83761 2.868261 3.036698 -0.2793994 20.6589 0.4843483 0 0.0 0.06394913415648487 6.904763022010603 1.0
0.09649121 0.03396559 0.06925168 -1.266294 2.184909 2.309091 0.1778793 20.67693 1.392179 0 0.0 0.10229474527712652 1.2681862204025174 0.0
-0.04735512 0.01707594 -3.537004 -5.223076 1.017226 1.07278 0.3716917 19.78881 1.122803 0 0.0 0.05033979655399891 6.308004454484159 1.0
-0.01042639 0.002697737 -3.403712 -4.564402 0.0771277 0.06813079 0.2360823 15.3061 1.940204 0 0.0 0.010769744349485228 5.693770367388204 1.0
-0.09420758 -0.07883476 -2.351982 -4.905213 1.079212 1.052495 -0.08740281 19.57538 1.476316 0 0.0 0.12284131028979625 5.439938777568457 0.0
-0.08924649 -0.02430658 0.3419443 -4.038475 0.700894 0.6132777 0.2207618 19.40101 1.43462 0 0.0 0.09249727460102 4.052925638341701 0.0
-0.08745042 -0.006658202 -2.896248 -4.613155 0.774492 0.7573819 0.3354157 19.51744 1.506723 0 0.0 0.08770352109265171 5.446967186566209 0.0
0.02586243 0.02603315 -3.799359 -2.525187 2.306067 1.807838 -0.78683 19.66994 nan 0 0.0 0.03669591509183822 4.56198401968376 1.0
-0.07870163 -0.06203519 -3.996615 -4.181581 2.283718 2.39386 0.07883806 20.76169 0.5305443 0 0.0 0.1002113335057118 5.7843367050843435 0.0
0.03594879 0.05430571 -4.127717 -5.006141 0.2319021 0.2039014 0.2660002 17.80787 1.656641 1 0.9871998 0.0651262285186867 6.488412390097443 1.0
-0.03358242 -0.002784249 -4.746515 -4.936463 1.016852 0.9877048 0.1657064 19.66075 nan 0 0.0 0.033697640504201494 6.848216672652376 1.0
-0.009908436 0.004201686 -6.424239 -8.86411 0.3685557 0.3179974 0.3223134 16.68531 1.502041 0 0.0 0.010762493633386827 10.947296142026168 0.0
-0.004728675 -0.01175039 -4.815804 -5.668819 0.3238357 0.2754541 0.3042016 17.7078 1.706896 0 0.0 0.012666176708372775 7.438244216290361 1.0
0.1002357 0.001111864 -4.54517 -4.773457 1.040358 0.9571317 0.3024438 20.01577 1.257671 0 0.0 0.1002418664832439 6.5912413140279575 1.0
0.006727325 -0.02183455 1.618385 -6.265316 1.17773 1.221055 0.5339821 19.0882 nan 0 0.0 0.022847417257933666 6.470962415907003 1.0
-0.0124981 -0.01030421 1.205669 -7.436961 1.493312 1.621788 0.1260667 18.85965 nan 0 0.0 0.016198124809190105 7.534057781373992 1.0
0.1205 0.02317767 1.981953 -0.7714018 0.671238 0.6158488 0.3948485 19.24014 1.605888 0 0.0 0.12270881951444607 2.126781237281409 0.0
-0.01764735 -0.004484485 -3.468182 -9.450317 1.317127 1.056644 -0.05621884 17.41833 1.604235 0 0.0 0.01820822802300446 10.06661699805913 0.0
0.001486944 0.05165012 -8.053484 -7.427043 2.079603 1.96237 0.5498882 20.38615 nan 0 0.0 0.05167151921971654 10.955344461134255 0.0
0.1116252 -0.05096709 -4.306562 -5.328407 1.583995 1.537508 0.1044732 20.31519 1.48727 1 0.7060955 0.12271034812968341 6.851160297168137 0.0
-0.08394683 -0.003430432 -1.686034 -5.287733 0.9110731 0.8754203 0.312834 19.61092 1.368732 0 0.0 0.08401689193701184 5.5500298132933485 0.0
-0.006891638 -0.05291956 -4.995958 -6.811756 1.194283 1.105684 0.2268862 20.13375 1.238012 0 0.0 0.05336641738880964 8.447462112451289 0.0
0.05017501 -0.01417944 -3.056982 -4.28693 0.9448776 0.8860008 0.3103085 19.45608 1.514099 0 0.0 0.05214008196401018 5.2652547681212925 1.0
0.01592819 -0.0503271 -3.463994 -5.235403 0.2709276 0.2548172 0.2442681 17.99085 1.730703 1 0.9947726 0.05278753859658641 6.277634825668422 1.0
