jas1101finalproject/data/gcs/NGC_5946.ecsv
# %ECSV 0.9
# ---
# datatype:
# - {name: x, unit: deg, datatype: float64}
# - {name: y, unit: deg, datatype: float64}
# - {name: pmx, unit: mas / yr, datatype: float64}
# - {name: pmy, unit: mas / yr, datatype: float64}
# - {name: pmx_e, unit: mas / yr, datatype: float64}
# - {name: pmy_e, unit: mas / yr, datatype: float64}
# - {name: pm_corr, datatype: float64}
# - {name: g_mag, unit: mag, datatype: float64}
# - {name: bp_rp, unit: mag, datatype: float64}
# - {name: filter, datatype: int64}
# - {name: memberprob, datatype: float64}
# - {name: r, unit: deg, datatype: float64}
# - {name: pm, unit: mas / yr, datatype: float64}
# - {name: member_prob_GMM, datatype: float64}
# - {name: member_prob_DB, datatype: float64}
# meta: !!omap
# - comments: [deg deg mas/yr mas/yr mas/yr mas/yr dimless mag   mag   zeroone float]
# - __serialized_columns__:
#     bp_rp:
#       __class__: astropy.units.quantity.Quantity
#       unit: &id001 !astropy.units.Unit {unit: mag}
#       value: !astropy.table.SerializedColumn {name: bp_rp}
#     g_mag:
#       __class__: astropy.units.quantity.Quantity
#       unit: *id001
#       value: !astropy.table.SerializedColumn {name: g_mag}
#     pm:
#       __class__: astropy.units.quantity.Quantity
#       unit: !astropy.units.Unit {unit: mas / yr}
#       value: !astropy.table.SerializedColumn {name: pm}
#     pmx:
#       __class__: astropy.units.quantity.Quantity
#       unit: !astropy.units.Unit {unit: mas / yr}
#       value: !astropy.table.SerializedColumn {name: pmx}
#     pmx_e:
#       __class__: astropy.units.quantity.Quantity
#       unit: !astropy.units.Unit {unit: mas / yr}
#       value: !astropy.table.SerializedColumn {name: pmx_e}
#     pmy:
#       __class__: astropy.units.quantity.Quantity
#       unit: !astropy.units.Unit {unit: mas / yr}
#       value: !astropy.table.SerializedColumn {name: pmy}
#     pmy_e:
#       __class__: astropy.units.quantity.Quantity
#       unit: !astropy.units.Unit {unit: mas / yr}
#       value: !astropy.table.SerializedColumn {name: pmy_e}
#     r:
#       __class__: astropy.units.quantity.Quantity
#       unit: &id002 !astropy.units.Unit {unit: deg}
#       value: !astropy.table.SerializedColumn {name: r}
#     x:
#       __class__: astropy.units.quantity.Quantity
#       unit: *id002
#       value: !astropy.table.SerializedColumn {name: x}
#     y:
#       __class__: astropy.units.quantity.Quantity
#       unit: *id002
#       value: !astropy.table.SerializedColumn {name: y}
# schema: astropy-2.0
x y pmx pmy pmx_e pmy_e pm_corr g_mag bp_rp filter memberprob r pm member_prob_GMM member_prob_DB
[from data line 1116]
0.008005272 -0.06620132 -6.836036 -6.272997 0.9050227 0.7270306 -0.07837725 19.43521 1.447603 0 0.0 0.0666835748107162 9.278032094970625 0.0 0.0
-0.06068138 -0.022615 6.147991 3.665633 2.640551 1.996329 0.3511245 20.46272 1.343067 0 0.0 0.06475853691757096 7.157838963456079 0.0 0.0
0.005982029 -0.025132 -0.5738753 -3.913804 3.763769 2.996607 -0.5871587 20.71085 1.139114 0 0.0 0.025834126556879007 3.955653499785603 0.0 0.0
-0.01548161 -0.08087832 -4.347875 -3.756119 0.5612132 0.4420805 0.04546231 19.01263 1.401913 1 8.466367e-06 0.08234672363982977 5.745645913018483 0.0 0.0
0.00353772 -0.002991253 -4.634282 -1.9393 1.032707 0.8060232 0.3495918 17.95111 nan 0 0.0 0.004632823902158272 5.023689296276592 0.0 0.0
-0.00986462 0.07171867 -0.6949091 2.061849 1.287365 0.9169116 -0.0159261 19.43678 nan 0 0.0 0.07239391103064746 2.1758032898366086 0.0 0.0
0.01532935 -0.02984146 -6.913799 -6.140905 2.201726 1.652696 0.02387676 20.3685 1.11017 0 0.0 0.0335484978255972 9.247233685347526 0.0 0.0
-0.01237901 0.05479609 0.7873277 -10.98317 3.586873 2.951092 -0.3007664 20.50241 1.654732 0 0.0 0.05617696474417428 11.011353602354584 0.0 0.0
0.03952122 -0.04658686 0.3153504 4.843975 3.913023 3.39802 -0.2800546 20.6763 nan 0 0.0 0.061092244638317236 4.854229050570766 0.0 0.0
-0.02152578 0.06516877 -8.008382 -4.882582 1.395665 0.9941737 -0.08908847 19.75359 1.386003 0 0.0 0.06863182780548176 9.379434377650284 0.0 0.0
0.0124637 -0.04575934 -4.453465 -3.819109 0.346054 0.2840008 -0.1477303 18.1275 1.538483 1 0.0 0.04742637467618203 5.8667660648866855 0.0 0.0
-0.009854788 0.07103203 -4.271385 -2.893034 1.197376 0.8885658 -0.1570718 19.65474 1.498604 0 0.0 0.07171238479123285 5.158912244202358 0.0 0.0
0.003950709 0.07737292 -7.034221 -2.991717 1.178737 1.100836 0.2325148 19.55998 nan 0 0.0 0.07747371716220335 7.64399343831024 0.0 0.0
0.05063556 -0.04534632 -5.287051 -6.288827 1.273879 0.5932162 0.0761891 18.78633 nan 0 0.0 0.0679724111243378 8.215975493666592 0.0 0.0
0.03503749 -0.02054036 -7.396904 -2.13288 1.114195 0.6590902 -0.0510694 19.42825 1.412708 1 0.3099706 0.04061443209537344 7.6982703173905245 0.0 0.0
0.06580629 -0.004940762 -5.689359 -4.76235 0.8626702 0.7022319 -0.253413 19.20675 1.452499 0 0.0 0.06599150651943585 7.419486731127766 0.0 0.0
0.0372696 0.05089959 1.928371 -1.580501 2.668938 2.746254 -0.1850084 20.54348 1.442513 0 0.0 0.06308558746915258 2.4933106755159895 0.0 0.0
0.04096791 -0.0276939 -6.558941 2.155232 2.122178 1.765198 -0.5063997 20.24431 1.26737 0 0.0 0.04945019461011352 6.903964948875754 0.0 0.0
0.04445939 -0.01584481 0.348185 -1.212158 1.916559 1.547071 0.2419048 20.08937 1.670322 0 0.0 0.04719846780466714 1.2611739813320764 0.0 0.0
0.04273673 -0.04924471 -5.236892 -5.48884 1.225774 0.9886715 -0.02232283 19.89607 1.246389 1 0.0005805113 0.06520329404314631 7.586329966806348 0.0 0.0
-0.02828724 0.0173594 -2.75864 -4.92473 0.7259088 0.5090998 -0.02051694 18.96363 1.569513 1 0.0 0.03318910536874413 5.644737391810181 0.0 0.0
-0.07421577 -0.01739304 -2.041757 -0.4707416 2.022944 1.404621 0.04053823 20.48987 1.905994 0 0.0 0.07622662498848089 2.095320811002354 0.0 0.0
0.0568954 0.04861019 -10.24958 -8.230355 3.205626 2.798838 -0.3841529 20.52456 1.216557 0 0.0 0.07483339570670369 13.145061186712864 0.0 0.0
0.00428982 0.07733093 -4.9791 -3.395146 1.131821 0.8385655 -0.1302668 19.36822 nan 0 0.0 0.07744982434000287 6.0264793346792445 0.0 0.0
-0.02105465 -0.07800803 -4.671167 -4.395884 1.812087 1.38391 0.1551945 20.27182 1.099947 0 0.0 0.08079944944802162 6.41432750047462 0.0 0.0
0.007875134 0.07964598 -5.598017 -3.621839 2.020712 2.630813 -0.2188831 20.11512 0.09302139 0 0.0 0.08003436677876796 6.667496687229023 0.0 0.0
-0.009571556 -0.03521484 -3.975394 -3.751946 1.350425 0.8553977 0.04307172 19.61635 1.717422 1 0.03719162 0.03649246004980667 5.466338467580653 0.0 0.0
-0.07215965 -0.02141435 -0.09957549 -5.10607 2.156257 1.548707 0.2310709 20.39521 1.286047 0 0.0 0.07527011009720261 5.107040838206479 0.0 0.0
0.02875854 -0.02684942 -9.151939 -5.543652 1.805935 1.687437 -0.2409098 20.0148 1.854532 1 0.005920672 0.03934393189893455 10.700003035365224 0.0 0.0
0.04519501 0.004990372 -5.794787 -1.556775 2.02176 1.123242 -0.3100829 19.81649 nan 0 0.0 0.045469690361805676 6.000258725754582 0.0 0.0
0.02774654 0.07677362 -4.127793 -4.046633 1.408829 1.156136 -0.2084673 19.74393 1.430265 0 0.0 0.08163368918452725 5.780476942912064 0.0 0.0
-0.03015008 -0.05025727 -4.377404 -6.165196 3.38108 2.815422 -0.7156331 20.35669 nan 0 0.0 0.05860734179144538 7.561171040099014 0.0 0.0
0.0454468 0.005268602 3.593064 -4.492961 1.809482 1.050473 -0.239769 19.69026 nan 0 0.0 0.04575117263277963 5.752982483513834 0.0 0.0
-0.05248023 -0.0247032 -6.530005 -11.62376 1.331403 0.9102763 0.2128933 19.19517 1.567696 0 0.0 0.05800364325706533 13.332395202574256 0.0 0.0
-0.01756815 -0.05311189 -5.681612 -6.074241 0.5855113 0.4368354 0.06980262 19.04784 1.624737 1 0.0 0.055942048173038855 8.317278319536086 0.0 0.0
-0.00091219 0.02691228 -7.003257 -4.375171 1.240956 0.8599405 -0.1245109 19.66388 1.589827 1 0.007433852 0.026927734873072783 8.25758620223186 0.0 0.0
0.07217648 0.03674457 -6.816494 -4.834543 0.4231621 0.3124746 -0.1245461 18.2556 1.37063 1 0.0 0.08099140503581415 8.356877196111297 0.0 0.0
-0.01439936 -0.05184815 -5.366318 -2.481787 2.07489 1.588379 0.07357306 20.24526 1.709404 0 0.0 0.05381052152536807 5.912413685669584 0.0 0.0
-0.01488246 -0.05189408 -5.146369 -4.630434 1.875821 1.209663 0.4003386 20.23211 1.404194 0 0.0 0.053985953309152554 6.9228630574724646 0.0 0.0
-0.002039876 -0.08134883 -1.293834 -3.333455 1.822941 1.273704 0.2527534 20.15019 1.085449 0 0.0 0.08137440160433916 3.575741693212892 0.0 0.0
0.01139157 -0.003766885 -1.577397 -4.916054 1.499699 1.339312 0.1664784 19.83758 nan 0 0.0 0.01199822027086205 5.162922450175385 0.0 0.0
0.01812926 0.03629295 -6.241193 2.127948 1.431012 1.156339 -0.0155106 19.85751 nan 0 0.0 0.0405690557919469 6.593986105077338 0.0 0.0
0.0504642 -0.03395926 -4.628078 -3.906121 0.3527404 0.3074286 -0.3567334 17.32178 1.483368 0 0.0 0.060826530571680644 6.056144585520149 0.0 0.0
-0.03125127 -0.05079586 -5.885373 -0.7563494 2.220547 1.522428 0.03352648 20.32366 1.297607 0 0.0 0.05963942714138441 5.933774495547447 0.0 0.0
0.02377429 0.0196698 -4.690253 1.800916 3.47857 2.609222 -0.5007623 20.53797 1.088099 0 0.0 0.03085640771451045 5.024118991730291 0.0 0.0
-0.003815652 0.02540152 1.378243 -2.115791 0.3329308 0.2484032 -0.1522721 17.39798 1.522938 0 0.0 0.02568650265208372 2.52509907186431 0.0 0.0
-0.04437598 -0.03753511 -7.331181 -2.766556 1.408301 0.8086546 0.2213171 19.86004 1.566654 1 0.1453665 0.05812152857308985 7.835818205898922 0.0 0.0
0.06530713 -0.002216368 3.418927 -5.796549 0.5648146 0.4626967 -0.2272503 18.60267 1.34255 0 0.0 0.06534472829500727 6.729713377308873 0.0 0.0
0.04021695 0.02110056 -5.818417 -1.289817 0.8156419 0.5938437 -0.09862469 19.13712 1.561644 1 0.6724589 0.04541626029976598 5.959664779111154 0.0 0.0
0.02604484 -0.004230489 -4.941272 -3.159998 1.030971 0.6172655 -0.09819559 19.1266 1.540417 0 0.0 0.026386184411633314 5.86530104410575 0.0 0.0
0.04767472 0.01762602 -10.02049 1.034747 3.785371 3.646369 -0.1553048 20.73557 0.9622078 0 0.0 0.050828687845731364 10.07377393006757 0.0 0.0
-0.03407533 -0.03394068 1.855208 1.059323 3.791036 1.180774 0.429476 20.23945 nan 0 0.0 0.04809467614478031 2.136343123562552 0.0 0.0
-0.03734876 -0.05031204 9.204605 -0.4725375 2.26341 1.620887 0.1751283 20.28441 nan 0 0.0 0.06265964604511583 9.216726365414743 0.0 0.0
-0.01176506 -0.03773685 -6.092498 -3.907847 2.271425 2.071853 -0.3394914 20.26512 1.186708 0 0.0 0.03952829979554016 7.2380798597012594 0.0 0.0
-0.009415876 0.0562044 -7.840705 -2.122779 0.6551129 0.4880271 -0.1563277 18.93629 1.599724 1 0.003223435 0.05698765919220911 8.122982554447965 0.0 0.0
-0.04508097 -0.007941348 -3.169667 -1.812306 0.1179322 0.09601572 -0.2016141 15.71614 2.039647 1 0.0 0.045775089996612825 3.6511973280726693 0.0 0.0
-0.02835508 0.0496317 -1.170775 -5.529461 1.752757 1.458924 -0.3673391 19.98655 nan 0 0.0 0.05716044267407663 5.652048571194873 0.0 0.0
0.03779641 0.01961865 -3.722041 -5.048793 1.074611 0.7994028 -0.1016477 19.45667 nan 0 0.0 0.04258473948153963 6.27247159918082 0.0 0.0
0.02381046 0.05288816 -4.26083 -1.602132 1.550444 1.313055 -0.146867 19.88592 1.717028 0 0.0 0.058000823042412074 4.552087349153573 0.0 0.0
-0.005957295 -0.02927476 -5.254387 -1.559201 0.1168595 0.09255621 -0.2772957 16.01708 1.846519 1 0.9870328 0.02987475417094884 5.480847608187077 0.0 0.0
0.007869253 -0.01329909 3.297253 2.371887 3.900276 2.125055 0.389096 19.75152 nan 0 0.0 0.015452861793406067 4.061739194825044 0.0 0.0
-0.0526401 -0.01145492 -6.932085 -2.49355 0.2706156 0.2021914 0.1570266 17.64199 1.518248 1 0.0 0.05387202725177882 7.366925685095852 0.0 0.0
-0.05114297 0.01688232 -4.925028 -4.010299 1.914912 1.518228 -0.1691886 20.19764 1.556906 0 0.0 0.05385736819603517 6.351251756164686 0.0 0.0
0.06557162 -0.04826399 -8.48174 -2.407463 3.444833 2.333451 0.1290726 20.5795 nan 0 0.0 0.08141897862381042 8.816790318702662 0.0 0.0
-0.01262502 -0.03869457 -4.419039 -0.8850266 2.903096 1.407632 0.4414498 19.79238 nan 0 0.0 0.040702099177871646 4.506792403276254 0.0 0.0
0.07423495 -0.03279302 -9.611032 -14.43976 2.239755 1.955173 -0.2724624 20.17111 2.230213 0 0.0 0.08115546785166665 17.34585267326527 0.0 0.0
-0.003976635 -0.01648769 -4.945729 3.968038 2.65101 1.706649 0.02396027 19.96628 nan 0 0.0 0.016960470142638295 6.3407855121337295 0.0 0.0
0.06301082 0.01651695 -9.229035 4.305156 1.756159 1.294877 -0.1405529 20.07927 1.966675 0 0.0 0.06513964287877927 10.183783934057173 0.0 0.0
-0.04845979 -0.02329888 -4.336689 -3.276309 0.6612894 0.4691825 0.09925496 18.95978 1.606272 1 0.002131293 0.05376977827830891 5.435169927996916 0.0 0.0
0.0468796 0.006297162 -4.836806 -6.201411 0.8562681 0.6595824 -0.2418476 19.22657 1.957027 1 0.0 0.04730064635302825 7.864616371607518 0.0 0.0
-0.006296095 0.04630197 -4.265762 -1.415857 0.9186855 0.7058418 0.02081376 19.17902 1.968504 1 0.4335817 0.04672807762074024 4.494594140196977 0.0 0.0
0.03442843 0.05882488 -4.648562 -1.069449 0.6604009 0.5237625 -0.2943574 18.76335 1.754076 1 0.2805349 0.06815924955044106 4.769994741238715 0.0 0.0
-0.02690149 0.04771758 -4.350041 1.245646 1.095589 0.7957413 -0.2054868 18.81859 1.507412 0 0.0 0.054778258508978724 4.524874656716691 0.0 0.0
-0.01840765 0.01802807 -4.747176 -1.976108 1.769458 1.150954 0.1618018 19.90237 1.770353 0 0.0 0.02576534273879158 5.142050447306016 0.0 0.0
-0.004196115 0.0591501 -9.688432 0.5434385 1.263227 0.9562177 -0.1211216 19.72182 1.628471 0 0.0 0.05929874965885221 9.703661165864473 0.0 0.0
0.02871487 -0.0665642 5.64311 -1.01419 0.7083916 0.5588704 -0.1124724 19.12963 1.496582 1 0.0 0.07249369959352951 5.733521764866686 0.0 0.0
-0.0302234 -0.01142751 -6.202287 -2.035343 3.41454 3.074301 -0.2645582 20.61022 nan 0 0.0 0.03231163710430191 6.527709028289941 0.0 0.0
-0.0191709 -0.008648414 -3.811601 -2.82589 1.02769 0.6018755 0.003657546 19.24594 nan 0 0.0 0.021031368750639982 4.744887403859126 0.0 0.0
-0.04305601 0.01975527 -4.320567 -3.633696 2.241912 2.21811 -0.2707002 20.19087 nan 0 0.0 0.04737183435220764 5.645444696558899 0.0 0.0
-0.06608218 -0.01848334 -5.784793 -3.516233 0.1750309 0.1257294 -0.0252383 16.8852 2.032534 1 0.0 0.06861842588625887 6.769617756058166 0.0 0.0
0.03964072 0.06079297 -0.4341936 -0.8388488 1.78111 1.377041 -0.02394322 20.08209 1.553656 0 0.0 0.07257528424704446 0.9445588343467017 0.0 0.0
0.01304139 -0.05343848 -5.826394 -4.384656 0.1372601 0.1294844 -0.3865851 16.53466 1.374785 1 0.0 0.055006808649861696 7.291918491149774 0.0 0.0
0.0411267 -0.000930117 -1.742565 -9.684543 2.993062 2.138013 -0.4572895 20.4554 0.9610138 0 0.0 0.041137216368194986 9.840066356385712 0.0 0.0
0.01114937 -0.04610233 -7.571591 -1.806299 1.968661 2.142107 -0.2246765 20.28546 0.9739361 0 0.0 0.047431353373331014 7.784067468148127 0.0 0.0
0.06212093 0.03142598 -6.650675 -6.204734 1.424802 1.010015 -0.05102096 19.96041 1.668909 0 0.0 0.06961754206394606 9.095614435890575 0.0 0.0
-0.003785667 0.01361029 0.5423741 -2.217905 0.8282986 0.5529346 0.04579371 18.90799 nan 0 0.0 0.014126969544774598 2.2832591297038123 0.0 0.0
-0.002206973 -0.01884505 -14.26839 1.08804 2.441342 1.476926 -0.05117776 19.96575 1.22098 0 0.0 0.018973840921785685 14.309814262725425 0.0 0.0
-0.05722696 0.01476959 -6.56817 -2.141246 1.938079 1.238901 -0.150973 20.1137 1.186184 0 0.0 0.0591021635780764 6.9083855987789216 0.0 0.0
-0.002636019 0.04538298 1.20497 -4.442768 0.5408831 0.3952662 -0.1183953 18.63757 1.470451 1 0.0 0.045459470628778344 4.603274943203371 0.0 0.0
-0.03026127 -0.05763115 -7.784146 -2.270224 0.7964756 0.6077055 0.2890514 19.25653 1.533461 1 0.03501258 0.06509296361616515 8.108442881311552 0.0 0.0
0.004166907 0.002391234 -6.55606 -2.555178 0.7834486 0.4187543 0.1453768 17.41772 nan 0 0.0 0.004804280798351091 7.036395194649318 0.0 0.0
-0.01578465 0.04511719 -5.605474 -6.862431 1.64631 1.182228 -0.1684371 19.84632 1.702055 0 0.0 0.04779870300665699 8.860829419102762 0.0 0.0
0.08107081 -0.009389689 3.734121 2.163631 2.349022 1.961892 -0.3725789 20.40679 1.220337 0 0.0 0.08161275937972456 4.315664345938178 0.0 0.0
0.005743582 -0.07748104 4.846072 -9.864368 2.076887 1.719791 -0.2799091 20.04823 nan 0 0.0 0.07769363097237973 10.990458128240515 0.0 0.0
0.009706135 0.03119901 -4.965808 -3.591294 0.9008805 0.6496572 -0.105829 19.27488 1.439695 0 0.0 0.03267395417788189 6.128347386310603 0.0 0.0
0.03532132 -0.04165874 -1.141643 -0.851459 0.1295172 0.1123243 -0.2961077 16.51552 1.210913 1 0.0 0.0546172707568769 1.424194919289491 0.0 0.0
-0.008638583 0.04247546 -6.401478 -4.540861 0.4381859 0.3270852 -0.1081316 18.20902 1.709053 0 0.0 0.0433450091528366 7.848460945039161 0.0 0.0
0.03353806 0.05976775 -8.077231 -2.56114 2.469465 1.688094 -0.05879264 20.32054 nan 0 0.0 0.06853455631012796 8.473552898693734 0.0 0.0
0.02418865 -0.002531956 -7.035443 -5.970758 2.035873 1.327891 0.2512111 19.99757 1.417732 0 0.0 0.024320805702287826 9.227535386050437 0.0 0.0
-0.04836721 -0.03807311 -6.100326 -5.0829 1.019405 0.5544397 0.1328096 19.32625 1.642862 0 0.0 0.06155443695020043 7.940393549206235 0.0 0.0
-0.02912926 -0.01359738 -1.701107 -1.160908 1.183733 0.7086839 0.01489058 19.48386 1.31945 0 0.0 0.03214657883837718 2.0594835298960272 0.0 0.0
0.03211375 0.05894096 -11.59032 -3.768625 1.955823 1.480633 -0.1093546 20.19024 1.232603 0 0.0 0.06712175284350148 12.187618803237367 0.0 0.0
-0.00772543 0.02384083 1.464793 -4.208557 2.492742 1.352363 -0.1378982 20.11024 1.38463 0 0.0 0.025061273785939135 4.456183406806546 0.0 0.0
0.06656882 -0.02649871 -5.747129 -0.8909771 0.07942491 0.076787 -0.3001868 14.95585 2.301817 1 0.0 0.07164907136771907 5.815783002774898 0.0 0.0
0.04999567 -0.05635485 -6.378971 -1.428824 0.9598983 0.7627869 -0.01625174 19.2456 1.449003 0 0.0 0.0753354905557228 6.537033657693449 0.0 0.0
0.01907712 0.01040222 -5.974024 -2.461716 1.110663 0.7150855 -0.4860807 18.6287 nan 0 0.0 0.02172884461776097 6.461347260226153 0.0 0.0
-0.007299604 0.02387523 -1.337275 -2.891591 2.202825 1.526673 -0.06278982 20.05524 1.90053 0 0.0 0.024966193664828367 3.185844148244857 0.0 0.0
-0.02708919 -0.01297055 -12.569 -10.95306 0.9562495 0.5586958 0.0478232 19.09875 1.610912 0 0.0 0.03003430342389515 16.671811070294673 0.0 0.0
0.04417466 0.0619486 -8.91363 -4.607027 2.229808 1.760163 -0.1964485 20.32691 1.405586 0 0.0 0.07608567294882526 10.03381769595347 0.0 0.0
-0.004909194 0.02439052 -1.766056 -2.047337 1.573275 1.131472 -0.3343842 19.58571 nan 0 0.0 0.024879663414122705 2.7038015065283547 0.0 0.0
0.05840736 -0.04361203 4.058335 -2.91161 2.540809 2.259802 -0.2934425 20.29932 2.023918 0 0.0 0.07289327035392568 4.994752823146006 0.0 0.0
-0.009653345 -0.06047959 1.151374 -4.925503 0.7945964 0.6125699 0.1357254 19.38576 1.838951 1 0.0 0.06124514573627142 5.0582844810157725 0.0 0.0
