jas1101finalproject/data/gcs/NGC_6453.ecsv
# %ECSV 0.9
# ---
# datatype:
# - {name: x, unit: deg, datatype: float64}
# - {name: y, unit: deg, datatype: float64}
# - {name: pmx, unit: mas / yr, datatype: float64}
# - {name: pmy, unit: mas / yr, datatype: float64}
# - {name: pmx_e, unit: mas / yr, datatype: float64}
# - {name: pmy_e, unit: mas / yr, datatype: float64}
# - {name: pm_corr, datatype: float64}
# - {name: g_mag, unit: mag, datatype: float64}
# - {name: bp_rp, unit: mag, datatype: float64}
# - {name: filter, datatype: int64}
# - {name: memberprob, datatype: float64}
# - {name: r, unit: deg, datatype: float64}
# - {name: pm, unit: mas / yr, datatype: float64}
# - {name: member_prob_GMM, datatype: float64}
# - {name: member_prob_DB, datatype: float64}
# meta: !!omap
# - comments: [deg deg mas/yr mas/yr mas/yr mas/yr dimless mag   mag   zeroone float]
# - __serialized_columns__:
#     bp_rp:
#       __class__: astropy.units.quantity.Quantity
#       unit: &id001 !astropy.units.Unit {unit: mag}
#       value: !astropy.table.SerializedColumn {name: bp_rp}
#     g_mag:
#       __class__: astropy.units.quantity.Quantity
#       unit: *id001
#       value: !astropy.table.SerializedColumn {name: g_mag}
#     pm:
#       __class__: astropy.units.quantity.Quantity
#       unit: !astropy.units.Unit {unit: mas / yr}
#       value: !astropy.table.SerializedColumn {name: pm}
#     pmx:
#       __class__: astropy.units.quantity.Quantity
#       unit: !astropy.units.Unit {unit: mas / yr}
#       value: !astropy.table.SerializedColumn {name: pmx}
#     pmx_e:
#       __class__: astropy.units.quantity.Quantity
#       unit: !astropy.units.Unit {unit: mas / yr}
#       value: !astropy.table.SerializedColumn {name: pmx_e}
#     pmy:
#       __class__: astropy.units.quantity.Quantity
#       unit: !astropy.units.Unit {unit: mas / yr}
#       value: !astropy.table.SerializedColumn {name: pmy}
#     pmy_e:
#       __class__: astropy.units.quantity.Quantity
#       unit: !astropy.units.Unit {unit: mas / yr}
#       value: !astropy.table.SerializedColumn {name: pmy_e}
#     r:
#       __class__: astropy.units.quantity.Quantity
#       unit: &id002 !astropy.units.Unit {unit: deg}
#       value: !astropy.table.SerializedColumn {name: r}
#     x:
#       __class__: astropy.units.quantity.Quantity
#       unit: *id002
#       value: !astropy.table.SerializedColumn {name: x}
#     y:
#       __class__: astropy.units.quantity.Quantity
#       unit: *id002
#       value: !astropy.table.SerializedColumn {name: y}
# schema: astropy-2.0
x y pmx pmy pmx_e pmy_e pm_corr g_mag bp_rp filter memberprob r pm member_prob_GMM member_prob_DB
[from data line 1801]
0.03037347 0.01610108 -2.618383 -3.603576 0.1599798 0.1322729 0.2130588 16.87446 nan 0 0.0 0.034377208394622445 4.454401140721949 0.0 0.0
0.01761027 0.01822955 -3.692117 -6.505412 0.3570218 0.3132778 0.1302626 18.15643 1.99469 0 0.0 0.02534636271095717 7.480114519941055 0.0 0.0
0.02781775 0.03720869 -1.719627 -7.619723 0.7338254 0.5725082 0.1920249 18.91388 nan 0 0.0 0.0464576562751351 7.811356835778148 0.0 0.0
0.01640055 -0.00041263 -3.902713 -6.271823 0.1315735 0.1073201 0.1074709 15.82182 1.984418 0 0.0 0.016405739965615694 7.386943380295939 0.0 0.0
0.01152769 0.00310534 -3.758536 -4.485615 0.5823829 0.4849056 0.04711105 18.68024 1.800659 0 0.0 0.011938625266407352 5.852122246802522 0.0 0.0
0.03159118 -0.01920059 -4.775117 -6.766252 0.4980541 0.4271705 0.500952 18.22615 1.722286 0 0.0 0.03696843667428338 8.281540224571332 0.0 0.0
0.02811648 0.02876285 -3.551324 -8.004106 0.6523607 0.6787754 -0.4387739 18.52404 nan 0 0.0 0.04022235681449932 8.756575529978143 0.0 0.0
0.03584545 0.003724016 -6.100291 -4.71876 0.1439803 0.1199985 0.2666704 16.63367 nan 0 0.0 0.036038376501595575 7.71234375675002 0.0 0.0
0.0188164 0.01859168 -3.299138 -5.419343 0.1826066 0.150479 0.3717525 13.7939 3.468195 1 0.0 0.02645198431464831 6.344571703014553 0.0 0.0
0.01414161 0.01068474 -5.528792 -3.881105 0.6447904 0.5322028 0.2501316 18.69613 1.6098 0 0.0 0.017724243348016297 6.755036417391767 0.0 0.0
0.04897991 -0.0032407 1.607734 -6.975793 0.8763704 0.7074544 0.2222427 18.81835 1.568983 0 0.0 0.049087001539084664 7.158665838939893 0.0 0.0
0.02883167 -0.01028082 4.788536 -7.666534 1.048813 0.8645332 0.3595533 18.77088 1.408026 0 0.0 0.030609809781527556 9.039127203245455 0.0 0.0
0.02880975 -0.001056876 -1.111498 -1.939872 0.8403644 0.6711528 0.03503295 19.00387 1.585234 0 0.0 0.028829129052780556 2.235739515325522 0.0 0.0
0.02444863 0.03217816 -5.529338 -10.51717 0.4630115 0.3900509 0.3215783 16.69627 1.845372 0 0.0 0.0404124917551801 11.882106022382732 0.0 0.0
0.01906258 -0.003560324 0.2849635 -3.887397 0.502095 0.4200302 0.1590217 18.2562 1.592751 0 0.0 0.019392211406680158 3.8978275528736837 0.0 0.0
0.03802351 -0.01268778 -3.101696 -6.139953 0.3990052 0.329293 0.4170656 17.76293 nan 0 0.0 0.04008449917422569 6.878920040138932 0.0 0.0
0.02880903 -0.003132072 -6.067943 -8.60055 0.9922982 0.852692 0.4200409 18.78251 nan 0 0.0 0.02897878680266108 10.52565402023784 0.0 0.0
0.03965702 -0.01073542 -2.069069 -2.282305 0.7024283 0.5892064 0.4065637 18.96846 nan 0 0.0 0.041084406748263996 3.0805782963245716 0.0 0.0
0.037991 -0.02883538 -2.369587 -6.591353 0.8195101 0.6960828 0.1884 18.80672 1.122498 0 0.0 0.04769481335265292 7.0043470017681155 0.0 0.0
0.029344 0.01798591 -2.530848 -5.096632 0.2075629 0.1743615 0.129158 16.98665 1.830486 0 0.0 0.03441748530221375 5.690417325867058 0.0 0.0
0.04562084 0.009384048 2.495954 -3.759319 0.1408588 0.1150713 0.1845014 16.26968 1.900775 0 0.0 0.04657597448440455 4.512456727091907 0.0 0.0
0.01825881 -0.003296929 -8.137613 -3.861767 0.503874 0.4128985 0.4533894 17.89651 1.70586 0 0.0 0.018554079967682068 9.00744079636708 0.0 0.0
0.03704671 -0.006526604 -1.631453 -0.7937227 1.796024 1.343172 0.683988 19.2218 nan 0 0.0 0.03761722054587388 1.814286255171518 0.0 0.0
0.0162484 -0.007683413 -1.008846 -5.808319 0.5043307 0.4429111 0.367665 18.42796 nan 0 0.0 0.017973462045153377 5.895281151690477 0.0 0.0
0.01992304 0.02314998 -1.08178 -6.243875 0.2400193 0.1991727 0.5789215 16.82807 1.957193 0 0.0 0.03054257842491364 6.336893796176878 0.0 0.0
0.01949303 0.01104224 7.554831 -10.81836 0.8150913 0.716285 0.3426378 18.97464 1.518131 0 0.0 0.02240333195751248 13.195165195182705 0.0 0.0
0.02755589 0.005409461 0.2573799 -2.792276 0.3612471 0.2976212 0.1459569 18.26912 1.47879 0 0.0 0.028081832953043166 2.8041129922134043 0.0 0.0
0.0406113 -0.01108302 1.759904 -6.586709 0.7739694 0.632967 0.4479964 18.66616 1.183216 0 0.0 0.04209644901901347 6.817770716289673 0.0 0.0
0.01770491 -0.009297328 -4.301184 -8.48376 0.1223734 0.1009608 0.127027 15.96473 2.297343 1 0.0 0.019997603507612705 9.511801487597184 0.0 0.0
0.02919365 0.01913037 -3.844267 -5.641579 0.3267537 0.2668879 0.3450181 17.82623 1.824268 0 0.0 0.03490329865011902 6.826844247566368 0.0 0.0
0.02841377 0.01629632 1.79082 -4.49786 0.3952572 0.3259302 0.3611797 17.8727 1.598619 0 0.0 0.03275534110882224 4.841258188942209 0.0 0.0
0.0275532 -0.002704399 2.705925 -1.624801 0.7350495 0.6278058 0.2583843 18.95051 1.645828 0 0.0 0.02768560283236038 3.1562649437628014 0.0 0.0
0.02981955 0.01285497 -5.990162 0.5143565 0.495269 0.4216866 0.2410757 17.66566 1.54244 0 0.0 0.03247238543598853 6.012204537050969 0.0 0.0
0.04012607 -0.0276462 0.3157351 -9.238568 0.541032 0.4525082 0.2264424 18.25548 1.606379 0 0.0 0.0487279577664086 9.243961669327499 0.0 0.0
0.02780957 0.01274504 -5.712231 -5.488007 0.8885292 0.7633959 0.2180723 18.77579 1.712139 0 0.0 0.030590982792099045 7.921351136606052 0.0 0.0
0.003765456 0.008942542 0.5170587 -6.027406 0.1595605 0.1294262 0.09493041 16.3799 nan 0 0.0 0.009702974611411699 6.049543188380565 0.0 1.0
0.009292503 0.008560637 0.4902448 -4.311022 0.2763814 0.2359062 0.414968 17.28695 1.635954 0 0.0 0.01263467917482585 4.3388075145610046 0.0 0.0
0.03097739 0.01854989 3.015894 -4.568984 0.3611123 0.3029593 0.1590475 17.97888 1.208702 0 0.0 0.036106746048684586 5.474598744336611 0.0 0.0
0.02785832 0.008293272 -0.2474614 -4.280451 0.3492417 0.2888331 0.2345518 18.10262 nan 0 0.0 0.029066550426364392 4.287598151400264 0.0 0.0
0.03419839 0.03038563 -6.540151 -7.454596 1.814792 1.698386 -0.2089867 19.21923 nan 0 0.0 0.04574731018419553 9.916883412948696 0.0 0.0
0.02799056 0.02795799 5.281892 -2.879677 1.088748 0.8952886 0.5409093 18.95624 nan 0 0.0 0.039561605806055195 6.015889188141101 0.0 0.0
0.03185554 0.01524984 -5.403258 -4.220066 0.4163534 0.3622181 0.08888875 17.84688 1.704037 0 0.0 0.03531760253354126 6.855957559591512 0.0 0.0
0.01044811 0.008125625 -3.951147 -6.796526 0.12857 0.1038526 0.277544 15.64584 2.400886 1 0.0 0.013235890004556739 7.86157288869632 0.0 0.0
0.03772477 -0.006824455 -4.830688 0.2968966 2.051676 1.58081 0.1038439 19.19215 1.370127 0 0.0 0.03833707680040205 4.839803110089869 0.0 0.0
0.02307881 -0.01386865 -1.405111 -5.56432 0.3186268 0.2708594 0.3268891 17.72972 1.951853 0 0.0 0.02692528409949652 5.7389889340127676 0.0 0.0
0.02222687 -0.006349654 -5.151685 -7.747549 0.1587769 0.1309356 0.1058865 16.81382 1.985768 0 0.0 0.023116051910233634 9.303997734663632 0.0 0.0
0.04544106 0.002223959 -3.544733 -1.070519 0.1009701 0.08185601 0.1659232 15.74206 1.892625 1 0.0 0.04549544952582929 3.7028560558911816 0.0 0.0
0.02245646 0.006700364 -0.005448274 -5.060571 1.268938 1.089355 0.3094469 19.23147 1.609077 0 0.0 0.02343474927248201 5.060573932839099 0.0 0.0
0.02082816 0.02529362 -5.296586 -2.367597 0.8718012 0.703277 0.3993024 18.64406 nan 0 0.0 0.032765522454097994 5.801666899245854 0.0 0.0
0.02817939 -0.008007039 -4.685611 -5.108435 0.2341166 0.1914409 0.3554334 17.48075 1.341576 0 0.0 0.029294891949273698 6.931887087405997 0.0 0.0
0.02765928 0.01411075 -0.8183461 -1.413078 0.3055016 0.2543237 0.2287623 17.89598 1.376013 0 0.0 0.031050749357799726 1.6329359367315088 0.0 0.0
0.02415966 -0.01094309 -3.356819 -8.314347 0.3091948 0.2603956 0.1987897 18.00652 1.635658 0 0.0 0.026522450679824065 8.966415104999879 0.0 0.0
0.01785542 -0.01019 -3.392633 -5.78295 0.8341897 0.7292418 -0.05587644 18.65988 1.691774 0 0.0 0.02055850489156252 6.704660272913833 0.0 0.0
0.02740821 0.01464871 -11.58557 -2.121052 1.076173 0.9134323 0.1720502 18.39206 nan 0 0.0 0.03107723733004914 11.778127771917063 0.0 0.0
0.02145694 0.0275098 -3.549045 -9.120608 0.5600362 0.4491707 0.4152083 16.98033 1.403428 0 0.0 0.03488824114517096 9.786787557809204 0.0 0.0
0.0321717 -0.0117736 -4.43655 -3.713863 0.1021855 0.08345673 0.1907002 15.51472 2.38429 1 0.0 0.034258370332664684 5.785823561539792 0.0 0.0
0.04576577 -0.001167486 9.1032 -8.503245 0.6549679 0.5638435 0.4704223 16.99078 1.444582 0 0.0 0.04578065887744623 12.45686259738081 0.0 0.0
0.01193225 0.02132428 1.899792 -1.663433 0.1256466 0.1014257 0.1632381 16.35159 1.866323 0 0.0 0.024435701495576098 2.5251176187958055 0.0 0.0
0.03139846 0.002482225 -3.725519 -7.433666 0.4624396 0.3939324 0.2877055 18.66659 nan 0 0.0 0.03149642410373319 8.314979375736117 0.0 0.0
0.009293421 0.01677368 -1.819111 -7.083589 0.3794309 0.3158391 0.2944135 16.14277 1.647142 0 0.0 0.019176131377982394 7.313439543145345 0.0 0.0
0.03310189 -0.009599584 -3.849001 -7.021643 0.1294366 0.1061454 0.1803795 15.77765 2.029956 0 0.0 0.03446573856085426 8.007389032478065 0.0 0.0
0.02856838 0.02752673 0.6311264 -2.109199 0.4931299 0.4350124 0.2507988 18.03787 1.835968 0 0.0 0.03967207078433517 2.201599635351069 0.0 0.0
0.01695229 -0.004826346 -10.69138 0.530047 1.025616 0.8964115 -0.2134832 18.7458 1.287369 0 0.0 0.017625939746743036 10.704511017632193 0.0 0.0
0.03329398 0.03101161 -5.261017 0.5890746 0.862135 0.7164337 0.1553686 18.76493 1.853405 0 0.0 0.04549955009703392 5.293893534880935 0.0 0.0
0.04048291 -0.01683171 -1.019922 -1.974249 0.5035813 0.4105632 0.0636571 16.82028 1.545483 0 0.0 0.043842587327759294 2.2221386095572435 0.0 0.0
0.02727473 -0.009280846 5.29606 -5.225349 0.6149526 0.5169685 0.2732197 18.35443 1.417545 0 0.0 0.028810501541080745 7.439927667350066 0.0 0.0
0.007810094 0.006958617 -0.6242735 -5.471005 0.8227477 0.7306739 0.118415 18.13215 nan 0 0.0 0.0104603976426102 5.50650643446707 0.0 0.0
0.02896639 0.01591466 -0.9157093 -4.26985 0.2556777 0.2120309 0.3426557 17.61409 1.55249 0 0.0 0.0330503880846761 4.366937433099596 0.0 0.0
0.02360732 -0.01008844 -6.85508 -10.01305 1.018261 0.7911569 0.3274082 18.96372 1.625214 0 0.0 0.025672595879965083 12.134796747737475 0.0 0.0
0.01851193 0.005305158 1.319042 -0.1447446 0.2680833 0.2317982 0.3252094 17.69128 1.504177 0 0.0 0.019257109173753572 1.3269599831920933 0.0 0.0
0.03865824 0.001964179 -4.526292 -4.931837 0.2010024 0.1678353 0.2969372 16.41964 1.992128 0 0.0 0.038708106632095056 6.694052245376712 0.0 0.0
0.006830219 0.005787591 0.5972858 -8.712286 0.231875 0.1704039 0.03921797 16.70145 1.924582 0 0.0 0.008952547188998336 8.732735978642527 0.0 0.0
0.0002733379 0.00839331 -5.291675 -7.889062 0.09540948 0.07700838 0.1106891 14.66372 2.208095 1 0.0 0.008397759603827463 9.499427537776631 0.0 0.0
0.02640759 0.02842772 0.4899396 -5.902889 0.1806699 0.1451506 0.07839722 16.60505 1.775279 0 0.0 0.038800722596447866 5.923186588144016 0.0 0.0
0.04654209 -0.005455637 -2.998024 -6.970784 0.4330776 0.3696616 0.4914039 17.81685 1.439604 0 0.0 0.04686075241226788 7.588147170372488 0.0 0.0
0.008413732 0.0138479 -0.09985341 -6.96858 1.600762 1.300992 0.7992093 19.18168 1.37718 0 0.0 0.01620355580043541 6.969295367530969 0.0 0.0
0.02215444 0.004629065 1.405974 -7.010555 0.7417515 0.6082393 0.08660653 18.78317 1.564884 0 0.0 0.022632884360766416 7.15014994924589 0.0 0.0
0.0325918 0.03471977 -3.495801 -3.395643 0.4325836 0.3378569 0.3512122 18.16272 1.329826 0 0.0 0.047620246283412895 4.873501412234329 0.0 0.0
0.03568289 0.03469943 -3.161526 -5.487861 0.6717811 0.5015316 0.7378621 17.63926 nan 0 0.0 0.04977267403984842 6.333392850913087 0.0 0.0
0.03127339 0.003905154 -2.01299 -5.221354 0.3942986 0.3066176 0.1852504 17.87164 nan 0 0.0 0.03151626801916457 5.595950887330588 0.0 0.0
0.01743141 0.004023653 1.115762 -6.935345 0.4167274 0.342126 0.3131775 17.79447 1.24263 0 0.0 0.017889769088853803 7.024523835084411 0.0 0.0
0.008136646 0.006546599 -3.878938 -4.519399 0.1988305 0.1605879 0.2153271 17.02293 1.809847 0 0.0 0.010443321626576336 5.955764210329772 0.0 0.0
0.03266783 0.03635625 -3.141792 4.293644 0.7138495 0.6143107 0.5369855 18.62762 1.807302 0 0.0 0.04887702968646315 5.320360492485448 0.0 0.0
0.01982445 0.03119902 -0.2222017 -0.9713794 0.1739677 0.1416516 0.1802482 16.71536 1.158895 0 0.0 0.03696468134263976 0.9964695350221451 0.0 0.0
0.03297724 -0.007230607 -4.017199 -2.978488 0.384357 0.3282448 0.1676375 18.17442 nan 0 0.0 0.03376062848357608 5.000927771098579 0.0 0.0
0.02751118 0.02210641 -4.605839 -0.8859746 0.6034246 0.4940075 0.4018663 17.98623 1.446514 0 0.0 0.03529246928284418 4.690277591546812 0.0 0.0
0.02938841 0.001464436 0.2225687 -9.141866 0.2638097 0.2116881 0.2823887 17.35191 1.794205 0 0.0 0.029424874088535977 9.14457493753404 0.0 0.0
0.03296965 0.03696266 -0.9060648 -5.298237 0.7217868 0.5988607 0.4905886 18.84535 1.623117 0 0.0 0.049530152991870524 5.375152902938487 0.0 0.0
0.01439113 0.0007931869 -6.144249 -6.82973 0.9066101 0.6710685 -0.2454428 18.71415 1.677902 0 0.0 0.01441297221725039 9.186784401894984 0.0 0.0
0.02782295 -0.02228533 -0.4740216 -6.709565 0.1840776 0.1497633 0.4506885 16.4908 1.83835 0 0.0 0.03564761534677179 6.726288647277305 0.0 0.0
0.01993966 -0.01225422 -4.941848 -7.577422 0.1030778 0.08428733 0.1003118 15.35602 2.323578 1 0.0 0.02340418656403166 9.046501302779324 0.0 0.0
0.02745727 0.01103999 -5.350094 -3.983317 0.2284856 0.1889212 0.3484827 17.36148 1.756033 0 0.0 0.029593632001716177 6.670106455771528 0.0 0.0
0.03279839 -0.01487138 3.065748 -6.092484 0.4105797 0.3284855 0.5359461 17.42035 1.301041 0 0.0 0.0360123913354348 6.820349850979786 0.0 0.0
0.02964185 0.00771282 -5.745447 -4.252858 0.1931621 0.1530463 0.0656554 17.10568 1.818961 0 0.0 0.030628856716745076 7.148213930624419 0.0 0.0
0.005474084 0.01282199 0.1260016 -6.188438 0.1762157 0.1448462 0.1452722 16.69336 nan 0 0.0 0.013941629144370324 6.189720614296461 0.0 0.0
0.01947197 0.02837241 -3.893637 -4.410056 0.2279128 0.1966848 0.5027795 16.88031 1.873569 0 0.0 0.03441149902124289 5.882941697051314 0.0 0.0
0.01594842 -0.0002065483 -4.663124 -5.438835 0.6166765 0.4548668 0.6213337 17.50378 nan 0 0.0 0.015949757449460884 7.1641923199060615 0.0 0.0
0.01991657 -0.003823738 -5.227718 -5.380026 0.1452179 0.1216705 -0.02494236 16.50112 1.776782 0 0.0 0.020280304062255675 7.501580849940898 0.0 0.0
0.02841088 0.007862024 -3.676928 -5.705621 0.1675385 0.1374123 0.2207826 16.83004 1.867595 0 0.0 0.029478628254228114 6.787776551480241 0.0 0.0
0.03694892 -0.0004917085 -2.302683 -9.537548 0.197355 0.1631983 0.2341553 16.77374 1.763407 0 0.0 0.03695219163209907 9.811583503736436 0.0 0.0
0.03188595 0.02903996 -4.870999 -4.21001 0.5877005 0.482576 -0.007383251 18.71179 nan 0 0.0 0.04312810086479696 6.438230770801945 0.0 0.0
0.0325586 0.01413949 -0.9192967 -6.076412 0.4999261 0.3997815 0.08644662 18.38317 1.271811 0 0.0 0.035496304193818544 6.145558495073893 0.0 0.0
0.04079976 0.01464702 -3.577255 -3.787397 0.1766578 0.1456111 0.2072843 16.95447 1.7323 0 0.0 0.04334922849299627 5.209714903008993 0.0 0.0
0.03243754 0.02581251 1.513071 -3.668574 0.5963243 0.507584 -0.1175201 18.35118 nan 0 0.0 0.041454549494014524 3.9683521825207246 0.0 0.0
0.032263 0.02931447 -1.091627 -7.772991 0.5406767 0.4348487 0.2743611 18.47226 1.659237 0 0.0 0.04359173454200808 7.849269940141568 0.0 0.0
0.006528691 0.005005603 -3.476133 -8.83392 0.2449811 0.197849 0.1998058 16.56278 1.897779 0 0.0 0.008226777471591777 9.493241975220531 0.0 0.0
0.02122404 0.001138859 -0.475683 -2.434514 0.1608162 0.1327982 0.2494397 16.61242 1.82695 0 0.0 0.021254573007790135 2.480550892984258 0.0 0.0
0.03922456 0.03089458 -4.409668 -2.135693 0.6539964 0.5466368 -0.04533223 18.7215 nan 0 0.0 0.04993036331301826 4.899628196146417 0.0 0.0
0.02828905 0.01897046 -3.781065 -3.488001 0.5686045 0.4729595 0.2347897 18.62156 1.609493 0 0.0 0.03406095568997 5.144181519953004 0.0 0.0
0.009819853 0.006592193 2.082298 -2.967048 0.198483 0.1621874 0.2953104 17.06381 1.789933 0 0.0 0.011827363251835043 3.624822588087312 0.0 0.0
0.01361257 0.001911024 0.130906 -5.945083 0.1520317 0.1292033 0.06088721 16.55858 1.836957 0 0.0 0.013746056697594258 5.946524048360101 0.0 0.0
0.02897629 -0.02771785 -3.410177 -0.2695139 0.8564331 0.7289123 0.08384283 18.63372 1.500137 0 0.0 0.04009868564911573 3.4208105638316497 0.0 0.0
