jas1101finalproject/data/gcs/NGC_6624.ecsv
# %ECSV 0.9
# ---
# datatype:
# - {name: x, unit: deg, datatype: float64}
# - {name: y, unit: deg, datatype: float64}
# - {name: pmx, unit: mas / yr, datatype: float64}
# - {name: pmy, unit: mas / yr, datatype: float64}
# - {name: pmx_e, unit: mas / yr, datatype: float64}
# - {name: pmy_e, unit: mas / yr, datatype: float64}
# - {name: pm_corr, datatype: float64}
# - {name: g_mag, unit: mag, datatype: float64}
# - {name: bp_rp, unit: mag, datatype: float64}
# - {name: filter, datatype: int64}
# - {name: memberprob, datatype: float64}
# - {name: r, unit: deg, datatype: float64}
# - {name: pm, unit: mas / yr, datatype: float64}
# - {name: member_prob_GMM, datatype: float64}
# meta: !!omap
# - comments: [deg deg mas/yr mas/yr mas/yr mas/yr dimless mag   mag   zeroone float]
# - __serialized_columns__:
#     bp_rp:
#       __class__: astropy.units.quantity.Quantity
#       unit: &id001 !astropy.units.Unit {unit: mag}
#       value: !astropy.table.SerializedColumn {name: bp_rp}
#     g_mag:
#       __class__: astropy.units.quantity.Quantity
#       unit: *id001
#       value: !astropy.table.SerializedColumn {name: g_mag}
#     pm:
#       __class__: astropy.units.quantity.Quantity
#       unit: !astropy.units.Unit {unit: mas / yr}
#       value: !astropy.table.SerializedColumn {name: pm}
#     pmx:
#       __class__: astropy.units.quantity.Quantity
#       unit: !astropy.units.Unit {unit: mas / yr}
#       value: !astropy.table.SerializedColumn {name: pmx}
#     pmx_e:
#       __class__: astropy.units.quantity.Quantity
#       unit: !astropy.units.Unit {unit: mas / yr}
#       value: !astropy.table.SerializedColumn {name: pmx_e}
#     pmy:
#       __class__: astropy.units.quantity.Quantity
#       unit: !astropy.units.Unit {unit: mas / yr}
#       value: !astropy.table.SerializedColumn {name: pmy}
#     pmy_e:
#       __class__: astropy.units.quantity.Quantity
#       unit: !astropy.units.Unit {unit: mas / yr}
#       value: !astropy.table.SerializedColumn {name: pmy_e}
#     r:
#       __class__: astropy.units.quantity.Quantity
#       unit: &id002 !astropy.units.Unit {unit: deg}
#       value: !astropy.table.SerializedColumn {name: r}
#     x:
#       __class__: astropy.units.quantity.Quantity
#       unit: *id002
#       value: !astropy.table.SerializedColumn {name: x}
#     y:
#       __class__: astropy.units.quantity.Quantity
#       unit: *id002
#       value: !astropy.table.SerializedColumn {name: y}
# schema: astropy-2.0
x y pmx pmy pmx_e pmy_e pm_corr g_mag bp_rp filter memberprob r pm member_prob_GMM
[from data line 6508]
-0.01103875 0.04317024 -0.1553062 -6.91845 0.1200568 0.1017444 0.03470184 16.03391 1.476802 1 0.9552848 0.04455921479582085 6.9201929466062175 0.0
0.04192479 0.01013805 2.029154 -5.521082 1.27681 1.151954 0.4123446 19.33183 1.571941 0 0.0 0.04313314357134894 5.8821605219884985 0.0
0.006981252 0.05353324 -4.325486 -5.252847 0.8672074 0.7591183 0.4589437 19.23846 nan 0 0.0 0.053986532250044586 6.804574251311025 0.0
-0.07039291 0.008271577 -0.5364042 -8.188166 0.9430063 0.7878576 -0.42466 18.77852 1.133154 0 0.0 0.07087722317031776 8.205717025911486 0.0
-0.05023902 0.04411355 -6.606653 0.4316493 0.1829534 0.1534002 -0.2202969 16.0254 1.24372 0 0.0 0.06685779254629112 6.620739005624635 0.0
-0.02331619 0.04807951 -1.502851 -6.59948 0.5697601 0.5213331 0.4875209 18.36574 1.284664 0 0.0 0.05343485751788059 6.768433895562621 0.0
-0.03195072 -0.05309632 0.3378412 -3.508692 0.1293259 0.1053669 0.0690422 16.00028 1.478305 1 0.0 0.06196827983783962 3.5249193220953923 0.0
0.0006578211 0.02152437 0.1366691 -5.933362 1.326614 1.218428 0.5884705 19.36535 nan 0 0.0 0.021534419715806257 5.9349358097572384 0.0
0.008793067 -0.01446197 1.21136 -7.268238 0.4162365 0.3330651 -0.07645131 17.57952 1.244295 0 0.0 0.016925324326209794 7.3684921574392686 0.0
0.01575223 0.03808842 0.8887462 0.02898907 0.4282704 0.3680449 0.1819544 18.15603 1.203798 0 0.0 0.04121723532782493 0.889218856184407 0.0
0.01132609 0.0330193 -5.782744 -9.30139 0.6194514 0.5327567 0.1455459 18.93075 1.171146 0 0.0 0.03490779980431451 10.952441924138927 0.0
-0.04789047 0.03610196 -2.241437 -3.556253 1.038624 0.9248687 0.08580803 18.83488 nan 0 0.0 0.05997373285583031 4.203685909410693 0.0
0.03529457 0.02737356 -3.393382 -4.004823 0.4524871 0.403889 0.2880278 18.26028 1.346727 0 0.0 0.04466562949918539 5.249156947477661 0.0
-0.0805407 -0.01279148 -5.163155 -5.745876 0.8335215 0.8559665 0.4402798 19.03961 1.020348 0 0.0 0.08155014602733952 7.724846960387047 0.0
-0.03879108 0.007371779 -0.0379615 -4.628438 0.6992995 0.6303834 0.2544474 19.03203 1.089495 0 0.0 0.03948532655545906 4.628593673603922 0.0
-0.07453195 -0.02034173 3.134326 -4.213588 0.6952651 0.6273965 0.2572383 18.93446 0.9798069 0 0.0 0.07725799343883713 5.251506765493119 0.0
-0.0305074 -0.0397368 3.202612 -13.15428 1.165559 0.9698221 0.04964685 18.98996 0.9836578 0 0.0 0.0500970530969637 13.538530420283584 0.0
-0.04926472 -0.05954654 -2.246062 -4.913742 0.2958637 0.2513049 0.3726211 17.41264 1.614506 1 0.0 0.07728391205580887 5.402745130987395 0.0
-0.01267595 0.07316118 0.1362079 -3.50831 0.4586983 0.4151692 0.248982 17.97298 1.241711 0 0.0 0.07425118158921716 3.5109530968274707 0.0
0.004715326 0.05129605 0.2597005 -9.414901 0.9851281 0.8797196 0.2469344 19.4752 0.7887096 0 0.0 0.05151231935070267 9.418482106449067 0.0
-0.05031665 -0.06094897 -8.053677 -10.35326 0.1271231 0.1024678 -0.01576982 16.10713 1.430676 1 0.0 0.07903506950261636 13.116848167449717 0.0
-0.01781779 -0.05387855 0.3868287 -6.055556 1.399303 1.319844 0.4506578 19.44735 1.124357 0 0.0 0.05674831971597573 6.06789872297484 0.0
-0.04308237 0.06452749 -0.9466722 -4.850927 3.374524 2.96879 0.002414432 20.06394 nan 0 0.0 0.0775879344390415 4.942436748566626 0.0
-0.03863726 0.0179767 0.04869576 -5.310445 0.6547507 0.5826764 0.2654283 18.84185 1.268032 0 0.0 0.042614546849609934 5.310668260686876 0.0
-0.06836307 0.04302491 -3.533443 0.03654573 0.2104215 0.1771867 0.03482451 17.12498 1.094378 0 0.0 0.08077531937623646 3.533631987718901 0.0
-0.03417469 -0.01518281 4.277584 -4.718043 0.5994773 0.5029485 0.2115412 18.8645 0.9889698 1 0.0 0.037395549950391155 6.368489195005751 0.0
-0.006477645 -0.0111926 -1.49204 -8.984885 1.356989 1.221316 0.1027889 18.98063 nan 0 0.0 0.012931905486277921 9.107927416532533 0.0
-0.07878888 0.002379095 1.431692 -4.502706 1.458575 1.485882 0.1882059 19.61575 nan 0 0.0 0.0788247911806522 4.724838971361881 0.0
-0.04223961 0.06550824 -3.151685 -1.320392 0.8204031 0.7370213 0.2174355 19.10861 1.316458 0 0.0 0.07794558461420184 3.417097214433473 0.0
0.01964057 -0.01352132 -0.08087069 -6.855829 0.1704958 0.1609741 0.4808085 16.28789 1.39064 0 0.0 0.023844875434090654 6.856305954793885 1.0
-0.05208871 -0.04427968 0.8251589 -4.655003 0.7183301 0.6383017 0.2404306 19.13723 0.9189796 0 0.0 0.06836610103235741 4.727572330515759 0.0
-0.03249593 0.003610874 -0.4194556 -7.101556 0.3051102 0.2581585 0.4219986 17.39404 1.246357 0 0.0 0.03269593059707547 7.113932851911619 1.0
-0.0392538 0.04489105 -6.338841 -1.999291 0.4990906 0.4419955 0.1008577 18.33024 1.311869 0 0.0 0.05963276938515014 6.6466585383907 0.0
-0.06754321 0.0002074072 1.428046 -5.549919 0.2115275 0.1853337 0.2156253 16.9905 1.339268 1 0.0 0.06754352844537154 5.730699458589414 0.0
0.03584258 0.01339822 -1.485161 -9.751941 1.629923 1.482589 0.5846975 19.68109 1.339193 0 0.0 0.03826490350471042 9.864383227723973 0.0
-0.01166999 0.0347168 3.784952 -4.365252 1.587338 1.490176 0.4465581 19.39532 nan 0 0.0 0.03662574052275394 5.777654079798132 0.0
-0.04954886 0.03379896 1.328898 -7.265155 1.361607 1.159042 0.8328475 18.55579 nan 0 0.0 0.05997882313267909 7.385692050744399 0.0
-0.0426006 -0.01317958 -5.29077 -7.076004 1.020371 0.9203022 0.2855683 19.54721 0.9716187 0 0.0 0.044592739872499426 8.835274743940676 0.0
-0.04809655 -0.02692649 -2.833405 0.921714 0.1130072 0.09067117 -0.3796786 12.91863 1.684734 1 0.0 0.05512090334548773 2.9795537571624715 0.0
-0.03244088 0.07594516 0.5495431 -4.991266 0.8480768 0.7035175 -0.136543 18.97966 nan 0 0.0 0.08258376367422351 5.021427476476546 0.0
-0.01090606 0.03444795 6.798426 -8.127316 0.9726312 0.883256 0.2947299 19.06039 nan 0 0.0 0.0361331344326243 10.595841705184728 0.0
-0.02038176 -0.0004828365 -0.3561697 -7.342481 0.3514657 0.2835535 0.3918853 17.58979 1.10047 0 0.0 0.020387478308592562 7.351114479489426 0.0
-0.06059172 -0.04182982 -2.690519 -3.43962 0.5172507 0.4440676 0.1811373 18.59716 1.385878 1 0.0 0.07362805425780855 4.3669071702706255 0.0
-0.03267793 0.07558078 -1.460531 -10.8315 0.6298384 0.5663274 0.2772377 18.86181 1.647461 0 0.0 0.0823425856680084 10.929526204367736 0.0
-0.05337294 0.04219882 1.95327 -2.975337 0.2074539 0.1708797 -0.3499404 16.22546 1.44662 1 0.0 0.06803977611394675 3.5591984991664907 0.0
-0.0114855 0.03383753 -4.406562 -6.821756 1.314313 1.101825 -0.009741268 19.66443 nan 0 0.0 0.03573366965133724 8.12121564689548 0.0
-0.05491512 -0.02627395 -1.646965 -4.995514 0.4515581 0.3697453 0.4852797 18.04864 1.078381 0 0.0 0.06087684989564506 5.260005117432967 0.0
0.001263146 -0.01346404 2.553125 -10.79168 0.4881034 0.3980778 0.05927227 17.58077 1.1574 0 0.0 0.013523162017032703 11.089580897762772 0.0
-0.05053474 -0.04634834 -7.180681 -4.74367 0.3540365 0.2936464 0.4360899 17.71518 1.504511 1 0.0 0.06857061008641531 8.60607835733913 0.0
-0.0495751 0.03360058 -2.619173 -0.6840351 0.9886958 0.8293348 -0.1567572 18.87355 nan 0 0.0 0.05988897658456353 2.7070225750741366 0.0
-0.05542786 0.04240558 -2.266555 -4.193943 0.159396 0.1220333 -0.5673489 15.36571 1.448709 1 0.0 0.06978883062006412 4.767224502294181 0.0
-0.04796228 0.02136002 -0.4452805 -4.72477 0.3681027 0.3116131 0.07329825 18.12727 1.41736 0 0.0 0.052503626133809086 4.745706088305538 0.0
0.02980674 -0.002726389 0.7450248 -6.453328 0.4981302 0.4480444 0.3468011 18.50545 1.602901 0 0.0 0.029931170147639085 6.4961915172044495 1.0
-0.01820879 0.06734671 -1.078003 -3.721386 1.585399 1.511041 0.4561094 19.91706 1.72827 0 0.0 0.0697648864478987 3.874377915098758 0.0
-0.05428913 -0.01579653 -3.642924 -7.831284 0.4287457 0.3562224 0.003667008 18.29739 1.059427 0 0.0 0.05654060484464063 8.63712361602125 0.0
-0.02305605 0.06214244 -3.696858 -0.05320084 0.893276 0.8013406 0.2262029 19.38628 0.877882 0 0.0 0.0662817040423381 3.697240782197003 0.0
-0.02816355 -0.04397804 -0.8891121 -6.014369 0.1354978 0.1085159 0.1125748 15.31689 1.605902 1 0.0 0.052223113186060634 6.07973311869258 0.0
-0.04151927 0.04453153 -4.507133 -3.57762 0.61257 0.5301631 0.1243221 18.71216 1.152466 0 0.0 0.06088437357379806 5.754442869999579 0.0
-0.03557835 0.007517959 -0.9731561 -5.790032 0.9309463 0.8713641 0.3904791 19.28181 1.050159 0 0.0 0.03636397525365153 5.871243765676163 0.0
-0.0257786 -0.005277277 -1.011682 -7.40073 1.017276 0.8981043 0.2491107 19.29674 1.323826 0 0.0 0.026313226151400155 7.4695585546954515 0.0
-0.02819293 0.05801741 -6.557364 -5.03239 0.6577155 0.7404573 0.7736143 17.89225 1.167896 0 0.0 0.06450473753991252 8.26583158191576 0.0
-0.05616978 0.0498915 1.790664 -2.236546 1.199913 1.157233 0.3822654 19.56374 0.4260654 0 0.0 0.07512793060838559 2.865068161669457 0.0
0.02378632 0.03644266 3.309203 -5.316194 1.310506 1.142852 0.2946593 19.64386 nan 0 0.0 0.04351846145049248 6.262007916063745 0.0
-0.02771879 0.05847341 -2.139619 -5.602504 0.4799664 0.4166946 0.1326559 18.48016 0.7301331 0 0.0 0.06471067142359288 5.997167709442266 0.0
-0.01672878 0.04164928 -3.567445 -7.238145 0.6113961 0.5168479 0.05238864 18.81478 1.239281 0 0.0 0.044883344403094556 8.069535728221915 0.0
-0.06808071 0.01580724 -3.722296 -4.81169 1.401288 1.459968 0.503972 19.7843 1.065699 0 0.0 0.06989171560722844 6.08340761150492 0.0
-0.006270507 0.04341099 3.118736 -5.915636 0.7015689 0.5633578 -0.2284291 17.13506 1.280256 0 0.0 0.04386152426463482 6.687395870007398 0.0
-0.06524612 -0.04844941 -1.293852 -8.731649 1.517367 1.356384 0.6426213 19.50778 1.261021 0 0.0 0.08126746891839624 8.826989705279201 0.0
-0.06431683 0.01924111 -2.696859 -8.885053 0.6924003 0.629904 0.2598352 19.02531 nan 0 0.0 0.0671332625103309 9.285322572678345 0.0
-0.07863245 0.004324717 -1.669359 -3.895327 0.1231881 0.09409776 -0.3315431 15.30568 1.703998 1 0.0 0.07875128805380005 4.237963179147502 0.0
-0.02729723 0.05849832 7.122713 2.953607 1.229676 1.084818 0.1747397 19.03098 nan 0 0.0 0.06455379313793497 7.710825817694108 0.0
-0.05830872 -0.03021077 4.837195 -3.642112 0.5216061 0.4428582 0.1200168 18.52136 1.687946 1 0.0 0.06567036966571226 6.055033880051292 0.0
-0.004318816 -0.007221378 -0.5636939 -6.495177 0.5515907 0.4526812 -0.04582988 18.24836 0.9390717 0 0.0 0.008414301626441733 6.519591634007932 0.0
0.03278702 0.01162355 -2.895941 -5.954636 0.805496 0.7327826 0.3958661 19.05771 1.366428 0 0.0 0.03478642831741856 6.621492593666249 0.0
-0.02168297 0.04888669 -1.758838 -7.34485 0.8446306 0.7496342 0.187867 19.10357 1.348101 0 0.0 0.05347952549506212 7.552505056783743 0.0
-0.02442225 0.04627489 -9.336352 -2.597667 1.602613 1.49132 0.6121844 19.79852 nan 0 0.0 0.05232410285494248 9.690992854748835 0.0
-0.01716987 0.003147465 -2.301023 -6.382452 1.426929 1.276038 0.5934228 19.52464 nan 0 0.0 0.017455972380338056 6.784570758628212 1.0
-0.05542462 -0.009823352 -2.65381 -6.648734 0.6815706 0.5859893 0.1381185 18.96836 1.007113 0 0.0 0.05628842462407616 7.158796778709115 0.0
-0.01023904 -0.04649603 -0.5259595 -9.003573 2.099242 1.788788 0.391559 19.89941 0.9530144 0 0.0 0.047610069794976145 9.0189223392803 0.0
-0.03377645 0.05152876 -0.04510795 -1.956268 0.6475509 0.5601433 0.1091511 18.91525 nan 0 0.0 0.061612187769467336 1.9567879841661953 0.0
-0.07323243 -0.03302461 -1.445211 -3.09761 0.5856125 0.501164 0.1105092 18.91951 1.220327 0 0.0 0.08033438659351923 3.4181606964303186 0.0
-0.06925356 0.03566574 2.58125 -6.266938 0.4491397 0.3869087 0.04481704 18.25329 1.142786 0 0.0 0.07789801398252205 6.777710783025785 0.0
-0.0406063 0.06644543 -1.561069 -4.500945 0.9404611 0.8561314 0.2961431 19.20768 nan 0 0.0 0.07787083386978015 4.7639733747981845 0.0
-0.07297502 0.01004733 -3.714724 -4.331024 0.9110819 0.7852196 0.02636954 19.19853 1.163836 0 0.0 0.07366343994227598 5.705869196253276 0.0
-0.04712886 -0.06833454 -2.124747 -5.749361 0.2948245 0.2573736 0.2707545 17.6076 1.491354 1 0.0 0.08301047404943065 6.129412836669594 0.0
-0.04366149 0.06323978 -3.56659 -4.165755 0.8273992 0.7462148 0.1786451 19.21581 1.110182 0 0.0 0.07684787234184495 5.483983857390993 0.0
-0.05046286 -0.032644 0.6451656 -7.484807 1.178773 1.087791 0.2136409 19.6874 1.205566 0 0.0 0.060101006442318416 7.5125611131406025 0.0
-0.03419735 0.04969374 0.3847002 -5.567575 1.384749 1.246584 0.2381604 19.79321 0.9421349 0 0.0 0.0603235156652039 5.580849901628338 0.0
-0.02436934 -0.06022953 1.730277 -6.207649 1.177234 1.085122 0.4512186 19.61648 0.9475327 0 0.0 0.06497277134351359 6.44428154288203 0.0
0.009458099 0.05616326 -1.678393 -4.965301 0.5655762 0.4726221 0.3148851 18.81137 1.374731 1 0.0 0.056954081596681035 5.241299178929782 0.0
-0.06671131 0.01595887 5.197699 -4.205152 0.885258 0.722508 -0.003434191 18.85081 1.438435 0 0.0 0.0685936178779994 6.6857593613369755 0.0
-0.06199073 0.005978907 -1.547838 -0.5283232 1.728003 1.669533 0.1884718 19.66574 0.8309479 0 0.0 0.062278390592946035 1.6355206748623632 0.0
-0.02414076 -0.02679366 -2.605592 -6.068918 0.6730341 0.5292155 -0.08061613 18.6569 1.208736 0 0.0 0.0360648930342681 6.604610159667867 0.0
-0.06786849 0.01361203 0.2524342 -3.323452 1.184792 1.193652 0.4489194 19.3335 1.124977 0 0.0 0.06922007870264957 3.3330250856592185 0.0
-0.02367239 -0.004191463 -6.5458 -6.181406 0.9561863 0.8030353 0.002460174 19.28193 nan 0 0.0 0.02404059921034559 9.00318153637013 0.0
-0.02918368 -0.06527197 0.4317604 -3.662441 1.758582 1.647548 0.6789213 19.78286 nan 0 0.0 0.07149907164448571 3.6878030209718573 0.0
0.01282421 0.007569365 -0.3193007 -7.047194 0.1339824 0.1125803 0.1480444 12.67315 2.711711 1 0.9605941 0.014891462272971214 7.054423875176235 1.0
-0.01603769 0.004055555 0.259184 -6.539569 0.4048619 0.3307072 0.09524957 18.26906 nan 0 0.0 0.016542521781582303 6.544703129372409 1.0
-0.06397443 0.01922417 -3.414172 0.2295863 0.2061757 0.1718724 0.006188633 17.0332 1.198042 0 0.0 0.06680042219936787 3.4218825688108723 0.0
0.01158313 -0.02081373 -1.183243 -8.252967 0.8489748 0.7050897 -0.02160113 18.69817 1.186865 0 0.0 0.02381974511009301 8.33735739309153 0.0
-0.06595364 -0.01405276 0.8805528 -10.62738 1.695277 1.778197 0.268684 19.95769 1.336687 0 0.0 0.06743413596144907 10.663797583318424 0.0
-0.01606406 0.004276803 -0.013022 -6.790461 0.726315 0.5695423 -0.1116975 18.5348 nan 0 0.0 0.01662362979569772 6.790473486068921 1.0
-0.07781616 0.004386405 -2.529545 -6.983786 0.179107 0.1402974 -0.07715297 16.29243 1.513768 1 0.0 0.07793969018394686 7.427776571816159 0.0
-0.0545503 0.02764129 -2.546404 -3.260565 0.5961751 0.5089876 0.181474 18.81207 1.168367 0 0.0 0.0611537091512371 4.1370832056463405 0.0
0.04308454 0.01242636 -2.858048 -5.663048 1.694924 1.471067 0.1633404 19.55011 1.21826 0 0.0 0.044840740514193116 6.3433864000711795 0.0
-0.05499872 -0.01804569 -3.370482 -9.931521 0.1996545 0.1629087 -0.1666978 16.45565 1.395266 1 0.0 0.05788355663929524 10.487862426908784 0.0
-0.06142035 0.02026722 -6.16264 -7.127305 0.2097859 0.1780068 0.1787086 16.77246 1.468958 1 0.0 0.0646778138208992 9.42213395853747 0.0
-0.01830664 0.02692999 0.2268206 -7.009572 0.2120701 0.1854779 0.2285178 16.91954 1.387337 1 0.9810772 0.03256312990929619 7.01324084912021 1.0
-0.008978598 -0.01480341 0.2606538 -2.815612 1.061881 0.863033 -0.4244157 18.49689 1.096651 0 0.0 0.017313467869658695 2.8276512051521556 0.0
0.004924848 0.02649479 -0.1677838 -6.508552 0.573487 0.5304077 0.7661912 17.8792 1.231363 0 0.0 0.026948618238551752 6.510714288021433 0.0
0.02972796 -0.00201111 -1.990552 0.9428763 0.6208642 0.5656329 0.4445477 18.6725 nan 0 0.0 0.029795908598223685 2.202569631545321 0.0
-0.04557376 0.03907471 -1.594284 -6.705976 0.8098671 0.6920635 0.06909573 18.99878 0.9505081 0 0.0 0.06003166299646962 6.892884416935482 0.0
-0.008346807 -0.01376384 11.25015 12.15076 1.211151 1.02413 -0.01237734 18.32671 1.095921 0 0.0 0.016096971101447907 16.559192117977858 0.0
0.02967543 -0.001587662 12.81804 -6.405804 0.8526518 0.7886205 0.541285 18.36112 nan 0 0.0 0.02971787031923963 14.329566438940711 0.0
-0.003582466 0.01738536 0.4128471 -6.782593 0.260465 0.228912 0.3019558 16.12091 1.451198 0 0.0 0.01775062829791543 6.795146100830166 1.0
