jas1101finalproject/data/gcs/NGC_6218_M_12.ecsv
# %ECSV 0.9
# ---
# datatype:
# - {name: x, unit: deg, datatype: float64}
# - {name: y, unit: deg, datatype: float64}
# - {name: pmx, unit: mas / yr, datatype: float64}
# - {name: pmy, unit: mas / yr, datatype: float64}
# - {name: pmx_e, unit: mas / yr, datatype: float64}
# - {name: pmy_e, unit: mas / yr, datatype: float64}
# - {name: pm_corr, datatype: float64}
# - {name: g_mag, unit: mag, datatype: float64}
# - {name: bp_rp, unit: mag, datatype: float64}
# - {name: filter, datatype: int64}
# - {name: memberprob, datatype: float64}
# - {name: r, unit: deg, datatype: float64}
# - {name: pm, unit: mas / yr, datatype: float64}
# - {name: member_prob_GMM, datatype: float64}
# - {name: member_prob_DB, datatype: float64}
# meta: !!omap
# - comments: [deg deg mas/yr mas/yr mas/yr mas/yr dimless mag   mag   zeroone float]
# - __serialized_columns__:
#     bp_rp:
#       __class__: astropy.units.quantity.Quantity
#       unit: &id001 !astropy.units.Unit {unit: mag}
#       value: !astropy.table.SerializedColumn {name: bp_rp}
#     g_mag:
#       __class__: astropy.units.quantity.Quantity
#       unit: *id001
#       value: !astropy.table.SerializedColumn {name: g_mag}
#     pm:
#       __class__: astropy.units.quantity.Quantity
#       unit: !astropy.units.Unit {unit: mas / yr}
#       value: !astropy.table.SerializedColumn {name: pm}
#     pmx:
#       __class__: astropy.units.quantity.Quantity
#       unit: !astropy.units.Unit {unit: mas / yr}
#       value: !astropy.table.SerializedColumn {name: pmx}
#     pmx_e:
#       __class__: astropy.units.quantity.Quantity
#       unit: !astropy.units.Unit {unit: mas / yr}
#       value: !astropy.table.SerializedColumn {name: pmx_e}
#     pmy:
#       __class__: astropy.units.quantity.Quantity
#       unit: !astropy.units.Unit {unit: mas / yr}
#       value: !astropy.table.SerializedColumn {name: pmy}
#     pmy_e:
#       __class__: astropy.units.quantity.Quantity
#       unit: !astropy.units.Unit {unit: mas / yr}
#       value: !astropy.table.SerializedColumn {name: pmy_e}
#     r:
#       __class__: astropy.units.quantity.Quantity
#       unit: &id002 !astropy.units.Unit {unit: deg}
#       value: !astropy.table.SerializedColumn {name: r}
#     x:
#       __class__: astropy.units.quantity.Quantity
#       unit: *id002
#       value: !astropy.table.SerializedColumn {name: x}
#     y:
#       __class__: astropy.units.quantity.Quantity
#       unit: *id002
#       value: !astropy.table.SerializedColumn {name: y}
# schema: astropy-2.0
x y pmx pmy pmx_e pmy_e pm_corr g_mag bp_rp filter memberprob r pm member_prob_GMM member_prob_DB
[from data line 16294]
0.02730222 -0.05764545 0.1457315 -6.531753 0.3045425 0.22001 0.5660308 18.1614 0.8998241 0 0.0 0.06378408204741133 6.533378522870174 0.0 1.0
0.01482786 -0.09308762 6.052206 -7.667912 3.768204 2.431755 0.6012649 20.82099 1.087908 0 0.0 0.09426118198624502 9.768626920206339 0.0 1.0
-0.01945311 -0.009869725 0.910039 -6.514417 0.4613591 0.3680796 0.7855946 17.8015 nan 0 0.0 0.02181364160904192 6.577674348233576 0.0 0.0
-0.02198419 -0.03960496 1.084325 -3.838327 2.384639 1.779879 -0.08063063 20.58652 nan 0 0.0 0.04529743333300133 3.988547964429411 0.0 1.0
-0.03271977 -0.04701626 0.01035558 -6.68811 0.4534351 0.3188705 0.4977618 18.78273 0.8415165 0 0.0 0.05728099207625947 6.688118017061088 1.0 1.0
-0.01803527 0.02729641 0.4858569 -7.142634 0.5273342 0.3813101 0.6632424 18.6196 0.5467758 0 0.0 0.032716432612083485 7.159139430492579 0.0 1.0
-0.03471843 -0.0002482312 -0.2492395 -6.508209 0.1350709 0.0936921 0.5217859 16.79356 1.172434 1 0.9995609 0.0347193173952708 6.512979711011025 0.0 1.0
0.08754144 0.01800759 -1.832473 -7.043794 1.152264 0.7513183 0.1831195 19.97668 0.9816113 0 0.0 0.08937436441665865 7.278254681595376 0.0 1.0
-0.09128055 0.0004355832 0.2191574 -5.805672 2.021661 1.50703 0.5712188 20.6852 1.026819 0 0.0 0.0912815892775023 5.8098069965842045 0.0 1.0
-0.1063734 -0.07032315 -0.2365259 -6.671135 0.2794022 0.211845 0.4460216 18.00419 1.005899 0 0.0 0.1275172366916822 6.6753267103263045 0.0 0.0
0.1199157 -0.006603017 -1.242339 -6.730954 1.569987 0.9672364 0.3963714 20.38966 1.084185 0 0.0 0.12009735609076617 6.844643740987327 0.0 0.0
-0.1684364 0.0659145 -1.105452 -7.33193 0.9260463 0.751998 0.4852988 19.81 1.04204 1 0.9623593 0.18087438225246272 7.414797478637161 0.0 0.0
-0.02013906 -0.03414027 0.09126203 -6.38781 0.2011505 0.1302823 0.5481463 17.20375 1.072996 0 0.0 0.03963760554519533 6.388461892679624 0.0 1.0
-0.04489159 0.0543992 -0.02779962 -6.660197 0.2750898 0.2000753 0.5156714 17.98033 0.9486904 1 0.9995524 0.07053033257661628 6.6602550174660085 0.0 1.0
0.03062711 -0.03010221 -1.340969 -7.623886 1.003994 0.7100213 0.4782361 19.74915 1.133984 0 0.0 0.0429437179787242 7.740919557775872 0.0 1.0
-0.007268497 -0.0007151894 -11.96607 -16.63296 1.950285 0.984334 0.4110525 18.43273 nan 0 0.0 0.007303598052801192 20.49005099082235 0.0 0.0
-0.1686522 -0.06297017 -9.036059 -3.23052 2.271462 1.764945 0.3614432 20.73663 0.7592888 1 9.481805e-05 0.18002446187857057 9.596177453646895 0.0 0.0
-0.04319636 -0.04072892 4.823437 -0.159924 1.681058 1.165218 0.2702981 19.60958 1.010237 0 0.0 0.05936977717337332 4.826087460743434 0.0 1.0
-0.1283781 0.1322381 1.169001 -7.716589 1.829238 1.400635 0.474771 20.37846 1.313194 0 0.0 0.18430369407914754 7.804633824397016 0.0 0.0
-0.009189497 -0.08927169 0.387359 -6.660724 0.1811557 0.1284463 0.4959144 17.30441 1.121338 1 0.9963655 0.08974342031909141 6.671978057447207 0.0 1.0
-0.02687932 -0.03962661 -0.5317597 -6.63366 0.4342822 0.2750165 0.5252927 18.48824 0.9294243 1 0.9989215 0.0478828368390439 6.654939021068795 1.0 1.0
0.01339512 -0.01033816 -3.526502 -6.755354 2.111006 1.163605 0.2885684 19.26851 nan 0 0.0 0.016920602589742484 7.6204346346727485 0.0 0.0
0.01716139 -0.05358124 1.9923 -5.182348 1.178018 0.7502786 0.6255938 19.62035 0.8227119 0 0.0 0.05626244383840521 5.5521158203971215 0.0 1.0
0.01049715 -0.08869949 1.80089 -2.387268 1.184024 0.8605462 0.5253586 20.18914 0.8360252 0 0.0 0.0893184733657187 2.990360061250819 0.0 1.0
0.07299115 -0.02067001 -0.1740376 -6.400969 0.3686429 0.2459308 0.4262965 18.35064 0.9544983 0 0.0 0.07586143481191614 6.40333453953288 0.0 1.0
-0.032675 0.00322688 1.87314 -5.434811 0.5754343 0.3764984 0.703723 18.55328 0.8862152 0 0.0 0.03283395162837395 5.7485497358308555 0.0 1.0
0.02997233 0.02358156 -0.5732753 -7.56144 0.4386347 0.2870119 0.3409682 17.75881 0.8931942 0 0.0 0.038136996967020095 7.583140473655363 0.0 1.0
-0.04597081 -0.07533245 -0.05148575 -6.964481 0.3679442 0.2660963 0.4827292 18.38335 0.9583015 1 0.998928 0.08825130817760493 6.964671304649923 0.0 1.0
-0.002968078 0.03902658 -1.427737 -6.853328 2.068743 1.308135 0.5714078 20.34951 0.8534355 0 0.0 0.03913928248589241 7.0004669570502935 1.0 1.0
-0.0407088 -0.1154645 -1.98687 -6.056783 0.4001329 0.2792076 0.4060442 18.53387 0.9100933 1 6.587922e-05 0.12243062181370314 6.374344884455892 0.0 0.0
-0.04207028 0.05509713 -1.109095 -7.094199 1.269783 0.8981203 0.578101 19.69249 0.1507759 0 0.0 0.06932245086200646 7.180372634524339 0.0 1.0
-0.007314009 -0.05475156 -0.58415 -7.254394 1.554048 1.177167 0.2449285 20.40383 1.077448 0 0.0 0.05523792221006942 7.277874932268072 0.0 1.0
-0.04761913 -0.02730882 -0.1265544 -7.153858 0.6804119 0.4884311 0.2423172 19.23756 0.9041634 0 0.0 0.05489401781386839 7.154977309560342 0.0 1.0
0.001103704 -0.04220692 -0.7136324 -6.117835 1.936597 1.395284 0.5326374 20.56646 0.6398182 0 0.0 0.04222134837266588 6.15931621931808 0.0 1.0
0.02965113 -0.03036386 -0.3511127 -8.414822 0.4496655 0.3110731 0.5063282 18.34002 0.873333 0 0.0 0.04243999887342718 8.422143991869605 0.0 1.0
-0.03586576 0.17583 0.27057 -6.715403 0.4932977 0.3383615 0.3710608 18.80015 1.005024 1 0.9920981 0.17945066631355147 6.720851551500673 0.0 0.0
-0.0250199 0.02973403 -1.41013 -6.706684 2.549661 1.584592 0.760241 20.1203 nan 0 0.0 0.03886010725732625 6.853325973040827 1.0 1.0
0.02989574 0.004278715 3.093588 -3.321055 1.580908 1.047978 0.6943664 19.40498 nan 0 0.0 0.03020037536519745 4.538688469896232 0.0 1.0
0.01659855 0.08876272 2.310754 -7.34848 2.771059 1.661332 0.5493758 20.83101 1.047716 0 0.0 0.09030134176135424 7.703229346119458 0.0 1.0
0.03190845 -0.01093743 -0.1822253 -6.996522 0.8754147 0.7430862 0.5759805 19.45181 1.178665 0 0.0 0.03373094360386913 6.998894638187096 0.0 1.0
0.08409478 0.01528204 -0.6962522 -8.206198 1.730984 1.14387 0.2620289 20.54132 nan 0 0.0 0.08547205841566002 8.235681680420198 0.0 1.0
0.1117648 -0.1148746 -0.8786446 -7.469261 0.9164886 0.6259769 0.4013565 19.83674 1.179733 1 0.9749788 0.16027334227562612 7.5207630077825325 0.0 0.0
-0.03642539 -0.04768593 0.2803153 -6.91423 0.4346748 0.3045214 0.448915 18.68994 0.9874706 0 0.0 0.06000630764025562 6.919909909840885 0.0 1.0
-0.06564647 0.02880966 0.4770958 -4.754461 2.996076 1.749158 0.4975547 20.7441 nan 0 0.0 0.07168999604391466 4.778338602788488 0.0 1.0
-0.01974233 -0.05427721 -0.4496832 -5.513609 0.8691314 0.6127506 0.385861 19.56071 1.008274 0 0.0 0.057756169533764966 5.531916411628364 0.0 1.0
-0.08963348 -0.000908413 1.133101 -4.84864 1.379543 0.9595871 0.5011939 20.24701 0.6911297 0 0.0 0.08963808315157665 4.9792798400773775 0.0 1.0
-0.01593074 0.02712787 1.268189 -6.119147 0.273413 0.1840027 0.4544553 17.83367 0.8952103 0 0.0 0.03145965364851463 6.249181014127371 0.0 1.0
-0.01298738 0.01924935 0.6186438 -6.535952 0.6812073 0.4264686 0.6675361 18.77337 0.8247547 0 0.0 0.023220885312298063 6.565164788303675 0.0 0.0
0.0315431 0.02343264 -0.3720701 -6.678041 0.3561691 0.2290897 0.4643815 18.13501 0.8626747 0 0.0 0.03929447512029649 6.6883979963063664 1.0 1.0
0.03938103 -0.005065939 1.53795 -7.077775 0.6813554 0.5642175 0.5214058 18.91785 0.9290409 0 0.0 0.03970553187923089 7.242940642661998 0.0 1.0
0.02170645 0.0008717197 -0.2940741 -6.848518 0.0556247 0.03743679 0.5748292 14.31674 1.350305 1 0.9998701 0.02172394685221514 6.85482883612821 0.0 0.0
-0.05667725 -0.03332499 -0.05068217 -7.113946 0.5139724 0.3797866 0.4061735 18.92769 0.8793583 1 0.9984529 0.06574850284274616 7.114126536214542 0.0 1.0
0.005678679 -0.01248996 -5.93866 -9.375788 0.7828627 0.5419204 0.6001466 17.18957 0.9889946 0 0.0 0.013720295040072607 11.09833695724472 0.0 0.0
-0.03874154 -0.1217358 -0.2197722 -6.044315 0.8044607 0.5872863 0.4657935 19.64549 1.103697 1 0.9837585 0.12775175898284766 6.048309155385317 0.0 0.0
0.03192286 -0.05468032 -0.3407768 -7.161741 0.570644 0.397492 0.4757934 19.08149 0.8725643 0 0.0 0.06331671490121703 7.169843999592965 0.0 1.0
-0.05599075 -0.04106678 -0.1193573 -6.889358 0.3100366 0.2129214 0.4246169 18.16048 0.9474678 1 0.9994933 0.06943662221861674 6.890391847872462 0.0 1.0
-0.04304326 -0.06390522 -0.4311269 -6.836959 0.5458523 0.3960921 0.4279423 19.109 0.9489517 0 0.0 0.07704933078668497 6.850538575293523 0.0 1.0
-0.2410243 0.03574371 -7.830947 -12.07607 0.1912064 0.1419755 0.3258357 17.27024 0.9284954 1 0.0 0.24366026757568435 14.392887047486651 0.0 0.0
0.002659143 -0.05330077 -0.9908626 -6.485886 0.3359587 0.2494081 0.6122697 18.13357 nan 0 0.0 0.05336706029085122 6.561137545965239 1.0 1.0
-0.02326515 -0.04069956 -2.858859 -8.942451 2.589846 1.966071 0.4035845 20.71765 1.098576 0 0.0 0.04687986122756871 9.388317456780102 0.0 1.0
0.0189772 0.04581973 1.004331 -6.607343 0.6734872 0.4668041 0.3900688 19.14127 0.854948 0 0.0 0.04959417079771473 6.6832374099092124 0.0 1.0
-0.02748965 -0.01845267 1.879063 -6.458776 1.650913 1.20289 -0.3602215 19.5612 nan 0 0.0 0.03310863765320766 6.726564143464701 1.0 1.0
-0.1686965 0.07474323 -2.92605 -8.669904 1.614715 1.278031 0.3450641 20.42975 1.001574 0 0.0 0.1845130335317343 9.150355401388298 0.0 0.0
-0.04742005 -0.05638133 -1.109348 -7.828222 1.144971 1.039555 0.2921324 19.94266 nan 0 0.0 0.07367167375980677 7.906434889783638 0.0 1.0
-0.08604928 -0.01000044 -0.06351783 -6.272087 0.7379402 0.5498889 0.4735385 19.3399 1.0364 1 0.9957629 0.08662844445510955 6.272408616336862 0.0 1.0
0.03261128 0.05886197 0.03040761 -5.488643 0.9136921 0.5906429 0.1706297 19.47944 0.9918613 0 0.0 0.06729210277231125 5.48872722989537 0.0 1.0
-0.1032207 -0.008838516 -0.6569306 -6.695775 0.5167147 0.3788872 0.460907 18.90325 0.9550877 1 0.9963468 0.10359841829667216 6.727923949023307 0.0 1.0
0.02648076 0.07026849 -1.246447 -7.120114 0.6638535 0.4557188 0.2354947 19.13453 0.9792194 0 0.0 0.07509255180813675 7.228392179233568 0.0 1.0
-0.04461602 0.01349601 -1.880603 -7.82442 0.8098255 0.6304001 0.5348707 19.4614 nan 0 0.0 0.04661256833259137 8.047248969679575 0.0 1.0
-0.04113894 0.01088565 -2.986793 -8.33454 2.704837 2.382165 0.5936707 20.74229 1.104717 0 0.0 0.04255478539772113 8.853558010000782 0.0 1.0
0.0259007 0.03470266 -9.22197 -12.73709 1.214484 0.821454 0.3723735 18.17418 0.8673611 0 0.0 0.04330266587134792 15.725081632506715 0.0 1.0
-0.1721377 -0.125185 -5.045746 -8.006156 0.9699775 0.757059 0.5044192 19.86093 0.7683544 1 0.0004919745 0.2128442434887305 9.463513438086935 0.0 0.0
-0.00450838 0.04686446 -0.2258634 -6.607179 0.4278485 0.3054291 0.3794226 18.68294 0.8966293 0 0.0 0.047080814577872374 6.611038391470781 1.0 1.0
0.03248827 0.00586427 -0.1951042 -6.489174 0.6706977 0.4077859 -0.4560754 18.33275 nan 0 0.0 0.03301329050891171 6.492106349339453 0.0 1.0
0.04294816 -0.05682443 1.009138 -7.3791 1.708005 1.112455 0.583374 20.3946 0.9298306 0 0.0 0.07122892875939171 7.447783315392843 0.0 1.0
-0.09939005 -0.05760477 -0.4126566 -6.76046 1.694896 1.227474 0.4060462 20.45835 0.9772224 0 0.0 0.11487685391651095 6.773042512868464 0.0 0.0
0.02657093 -0.01562119 -1.397213 -8.058801 1.718851 1.605507 0.08005102 19.95766 nan 0 0.0 0.030822652353115234 8.179026697900552 0.0 1.0
-0.1312956 -0.01037481 -11.944 -4.386185 1.510849 1.16646 0.4800408 20.3014 1.138384 1 0.0 0.1317048642302026 12.723904858738335 0.0 0.0
-0.02578193 -0.001763698 0.6540157 -7.760884 1.048014 0.8046919 0.5404739 19.27145 0.8243675 0 0.0 0.025842185378951683 7.7883924527018085 0.0 0.0
-0.01817232 0.009018524 0.1536644 -5.66231 0.7128864 0.5594803 0.6549968 18.28332 nan 0 0.0 0.02028711387361386 5.664394697046398 0.0 0.0
0.04954002 0.08341412 -0.9154391 -5.859201 1.11379 0.7311244 0.3168817 19.86225 1.129063 0 0.0 0.0970161275096816 5.930283728811785 0.0 1.0
-0.01724241 0.04233324 0.305725 -6.596198 3.060917 1.500304 0.689447 20.46188 1.024351 0 0.0 0.04570999793815025 6.6032791725648705 1.0 1.0
-0.01597634 0.01188601 -0.213544 -6.397306 0.206241 0.1320598 0.3064012 17.30864 1.070921 0 0.0 0.019912826858979615 6.400869089238742 0.0 0.0
-0.008336107 0.02224273 1.001047 -6.441263 0.1605703 0.1122238 0.5162689 15.0404 0.4472055 0 0.0 0.0237535201132032 6.518586053077615 0.0 0.0
0.04938433 -0.0265836 -4.799667 -9.993593 1.249787 0.9822283 0.6053346 18.84203 0.9258289 0 0.0 0.05608475584781394 11.086419817079724 0.0 1.0
-0.007100654 -0.02276318 -0.5894559 -7.658174 1.577069 0.899769 0.4828347 19.34228 0.8980274 0 0.0 0.023844950218864288 7.680825949878099 0.0 0.0
0.1095354 0.06994649 1.269597 -6.491165 0.8921679 0.5732134 0.3385126 19.51872 1.067047 0 0.0 0.12996351532826472 6.614159024368404 0.0 0.0
0.04031129 -0.004259748 -2.593113 -11.08316 1.447618 1.263536 0.5724213 18.76152 0.9983883 0 0.0 0.04053573182375771 11.382472078435729 0.0 1.0
0.01914449 0.004578564 -1.48125 -7.071535 0.3893419 0.2769197 0.5623207 17.86722 0.955471 0 0.0 0.019684378213756105 7.225005800601478 0.0 0.0
0.004962037 0.0218 -1.934191 -7.928756 1.296219 0.8928163 0.7595861 18.58713 0.989418 0 0.0 0.022357589565723965 8.16126623337439 0.0 0.0
-0.05777883 0.07285967 -0.6418968 -7.238837 0.2661191 0.1829925 0.4704691 17.91741 0.8649025 1 0.9952842 0.09298884185039515 7.267241059330511 0.0 1.0
0.04439886 0.01825938 -1.340806 -2.815407 2.761098 3.002443 -0.3971992 20.37925 nan 0 0.0 0.04800691332801974 3.118377351329534 0.0 1.0
0.03041424 0.004137681 -3.894426 -9.555407 1.027358 0.7638733 0.5066671 18.33708 0.9492588 0 0.0 0.030694403379693844 10.318544316187483 0.0 1.0
-0.0356027 -0.01127213 -8.527039 -4.463099 3.004143 2.382993 -0.6582327 20.16671 0.9827347 0 0.0 0.037344519839286994 9.624429686548808 0.0 1.0
-0.09600386 -0.07152892 -11.77376 -10.73426 1.296458 0.9187487 0.3415061 20.16747 1.489418 0 0.0 0.1197210404701947 15.932537848227444 0.0 0.0
-0.02646767 -0.03387738 -0.6648033 -6.92516 0.5483628 0.3643159 0.4768053 18.54108 1.067221 0 0.0 0.04299086450507014 6.956996798424654 1.0 1.0
-0.03113406 -0.03401049 0.2592161 -8.265204 1.941161 1.106251 -0.08869415 20.21587 nan 0 0.0 0.04610903514631053 8.269267812092872 0.0 1.0
0.07714073 0.01518188 -4.302745 -7.477729 2.495045 1.472039 0.5697482 20.6996 1.027384 0 0.0 0.07862049163715082 8.627284945593603 0.0 1.0
0.01185524 0.03997377 -4.66923 -3.969527 2.395718 1.263604 -0.5655866 20.03166 nan 0 0.0 0.04169471193653339 6.128527832736749 0.0 1.0
0.01000969 -0.00293047 7.664963 -0.222664 0.7024757 0.6045237 0.5995583 18.52191 nan 0 0.0 0.010429839323642527 7.668196466462307 0.0 0.0
0.01292191 -0.07027645 -0.6999435 -6.803583 0.4365389 0.3080979 0.5623057 18.67445 0.9563808 0 0.0 0.0714545672623563 6.839492857009301 0.0 1.0
0.02172175 0.005005302 -1.542429 -3.987632 1.020863 0.9406564 -0.4410682 19.11659 nan 0 0.0 0.022290972862881155 4.275546302809151 0.0 0.0
0.04915559 -0.02649752 -2.127061 -8.433926 0.9068078 0.6706165 0.6772948 18.9213 0.8425865 0 0.0 0.05584255182563293 8.698016801041316 0.0 1.0
0.09014781 -0.008138007 -0.9555949 -6.835957 0.5244169 0.3582678 0.3149433 18.82359 0.931591 1 0.9955361 0.09051439004781588 6.902424915836101 0.0 1.0
-0.04246514 -0.01115868 0.9955773 -6.900675 1.192627 0.9689739 -0.007244831 19.64997 nan 0 0.0 0.04390676775352519 6.972122317910113 1.0 1.0
-0.08152372 0.06643558 -0.6962348 -6.876455 0.3545071 0.2529644 0.5352995 18.41861 0.904068 1 0.9974096 0.10516559899784149 6.911611697987383 0.0 1.0
-0.1173902 0.02541224 -7.661193 0.5383859 0.6787017 0.5031045 0.5331628 19.28799 1.02194 1 0.0 0.12010928772521133 7.68008708027245 0.0 0.0
-0.0009092906 0.04990514 0.5319259 -7.961026 0.9331842 0.6644547 0.2407922 19.70032 0.8488903 0 0.0 0.04991342312259147 7.978776857123329 0.0 1.0
0.02579467 0.08302996 -0.5895833 -6.978597 1.092632 0.6940737 0.2242416 19.83048 1.022844 0 0.0 0.08694446076669002 7.003458042713463 0.0 1.0
-0.03947635 -0.003279709 -0.5671826 -7.506519 0.7853858 0.5309726 0.325276 19.45229 nan 0 0.0 0.03961235540140451 7.5279162853411 0.0 1.0
0.1012496 -0.01018236 -2.122729 -7.541912 1.648239 1.005821 0.3869208 20.45031 0.9545574 0 0.0 0.10176031621083731 7.834948310179525 0.0 1.0
0.0009055052 0.04362579 -1.007852 -4.47685 1.428637 1.029283 0.2051972 19.609 nan 0 0.0 0.043635186407202695 4.588894374073563 0.0 1.0
