jas1101finalproject/data/gcs/NGC_4590_M_68.ecsv
# %ECSV 0.9
# ---
# datatype:
# - {name: x, unit: deg, datatype: float64}
# - {name: y, unit: deg, datatype: float64}
# - {name: pmx, unit: mas / yr, datatype: float64}
# - {name: pmy, unit: mas / yr, datatype: float64}
# - {name: pmx_e, unit: mas / yr, datatype: float64}
# - {name: pmy_e, unit: mas / yr, datatype: float64}
# - {name: pm_corr, datatype: float64}
# - {name: g_mag, unit: mag, datatype: float64}
# - {name: bp_rp, unit: mag, datatype: float64}
# - {name: filter, datatype: int64}
# - {name: memberprob, datatype: float64}
# - {name: r, unit: deg, datatype: float64}
# - {name: pm, unit: mas / yr, datatype: float64}
# - {name: member_prob_GMM, datatype: float64}
# meta: !!omap
# - comments: [deg deg mas/yr mas/yr mas/yr mas/yr dimless mag   mag   zeroone float]
# - __serialized_columns__:
#     bp_rp:
#       __class__: astropy.units.quantity.Quantity
#       unit: &id001 !astropy.units.Unit {unit: mag}
#       value: !astropy.table.SerializedColumn {name: bp_rp}
#     g_mag:
#       __class__: astropy.units.quantity.Quantity
#       unit: *id001
#       value: !astropy.table.SerializedColumn {name: g_mag}
#     pm:
#       __class__: astropy.units.quantity.Quantity
#       unit: !astropy.units.Unit {unit: mas / yr}
#       value: !astropy.table.SerializedColumn {name: pm}
#     pmx:
#       __class__: astropy.units.quantity.Quantity
#       unit: !astropy.units.Unit {unit: mas / yr}
#       value: !astropy.table.SerializedColumn {name: pmx}
#     pmx_e:
#       __class__: astropy.units.quantity.Quantity
#       unit: !astropy.units.Unit {unit: mas / yr}
#       value: !astropy.table.SerializedColumn {name: pmx_e}
#     pmy:
#       __class__: astropy.units.quantity.Quantity
#       unit: !astropy.units.Unit {unit: mas / yr}
#       value: !astropy.table.SerializedColumn {name: pmy}
#     pmy_e:
#       __class__: astropy.units.quantity.Quantity
#       unit: !astropy.units.Unit {unit: mas / yr}
#       value: !astropy.table.SerializedColumn {name: pmy_e}
#     r:
#       __class__: astropy.units.quantity.Quantity
#       unit: &id002 !astropy.units.Unit {unit: deg}
#       value: !astropy.table.SerializedColumn {name: r}
#     x:
#       __class__: astropy.units.quantity.Quantity
#       unit: *id002
#       value: !astropy.table.SerializedColumn {name: x}
#     y:
#       __class__: astropy.units.quantity.Quantity
#       unit: *id002
#       value: !astropy.table.SerializedColumn {name: y}
# schema: astropy-2.0
x y pmx pmy pmx_e pmy_e pm_corr g_mag bp_rp filter memberprob r pm member_prob_GMM
[from data line 4011]
0.03174199 -0.01915941 1.347642 3.513691 3.272615 2.179952 -0.1732372 20.61661 nan 0 0.0 0.037076096352072985 3.7632649924825916 1.0
0.02814073 0.01784601 -2.976391 1.777027 0.1011128 0.08456874 -0.4537376 15.94669 1.056144 1 0.9999088 0.03332237623359115 3.466515302664911 1.0
0.02051622 -0.01596584 0.06185264 -0.2047008 0.9276752 0.5903475 -0.4380914 19.20414 0.9954185 0 0.0 0.0259966022778747 0.21384145200500673 0.0
0.01632572 0.02494747 -4.964204 3.795546 1.566944 0.8070087 -0.452622 19.95344 0.641468 0 0.0 0.02981451647971672 6.248959176673504 0.0
0.09489054 -0.002354599 -2.526704 1.70922 0.263217 0.2452715 -0.6099777 17.44066 0.905899 1 0.9996922 0.09491974882995846 3.05051899060078 1.0
-0.005594174 -0.1763051 -3.059532 1.502055 1.071334 0.759656 -0.4323753 19.79397 0.905798 1 0.9845726 0.1763938294520312 3.4083581504954843 0.0
-0.1001118 0.0569919 -7.60807 1.253496 0.4546304 0.3060539 -0.4244799 18.51891 1.233639 1 0.0 0.11519743558278543 7.710640787049802 0.0
-0.05760086 -0.1087253 -2.106606 2.082489 0.7943669 0.58461 -0.4301964 19.45283 0.6470356 1 0.9954312 0.12304084660318947 2.962186569809032 0.0
0.0252293 -0.02058257 -3.776153 -1.046645 3.138719 1.885707 0.03746947 20.58022 0.9392662 0 0.0 0.03256009469112306 3.9185197760677437 1.0
0.04472998 -0.04325932 -4.238258 -0.172397 3.883717 2.494525 -0.03870383 20.75036 1.020988 0 0.0 0.062226520693855286 4.241762793954066 1.0
0.02078875 -0.01577134 -31.63815 3.53582 1.753929 0.848641 -0.5581865 19.42876 1.166983 0 0.0 0.026094200350999453 31.835115179545056 0.0
-0.04485785 -0.04202341 -5.025232 2.864117 2.29847 2.065048 -0.260342 20.7712 0.523468 0 0.0 0.06146701306107691 5.784126800435222 0.0
-0.005836023 0.02893103 1.241846 2.150177 1.779037 1.431611 -0.2681958 20.13722 nan 0 0.0 0.02951378764776607 2.483030933968604 1.0
-0.009784959 -0.01467886 -4.126056 2.148993 1.955829 1.4638 -0.6416844 19.5214 nan 0 0.0 0.017641268478521634 4.652151011003942 1.0
-0.03013102 0.001654012 -2.83222 1.993888 0.1357816 0.1015282 -0.4577094 16.41028 1.018593 1 0.9999071 0.03017638351321351 3.463677162344089 1.0
-0.01157935 -0.05464751 -1.878058 1.128662 2.05377 2.060538 -0.3477755 20.44361 0.417532 0 0.0 0.055860824337120196 2.191113817584107 1.0
0.02566819 -0.1279758 -1.16736 2.537475 2.385128 1.980025 -0.2712725 20.76173 0.9313488 0 0.0 0.1305245622996534 2.7931181044175344 0.0
-0.04146732 -0.001387963 -2.804202 1.481217 1.310351 1.017857 -0.5586701 20.00062 0.8729382 0 0.0 0.041490541925501154 3.1713644788786106 1.0
0.001455343 -0.02294489 -3.285281 2.207945 1.285676 0.7216731 -0.4173105 19.72991 0.5962238 0 0.0 0.022990998246264754 3.958294123986493 1.0
-0.03889325 0.1624559 -5.175204 4.378463 1.256771 0.9948082 -0.4539189 20.07378 0.5645638 0 0.0 0.16704671304869334 6.778913975260712 0.0
-0.02887554 -0.05910806 -2.186008 6.380294 1.907702 1.784606 -0.2976816 20.60221 0.691288 0 0.0 0.06578418934102023 6.744388964353999 0.0
0.01036667 -0.007608367 -1.352809 -2.066374 0.6663142 0.5177086 -0.4770263 17.35271 nan 0 0.0 0.012859047215699497 2.4698165313150287 1.0
0.04728148 0.1313726 -3.160469 2.551708 1.454914 1.423337 -0.4109655 20.35651 0.6550484 1 0.9838395 0.1396219838770041 4.0619918780353315 0.0
-0.006022318 -0.05640756 -2.504183 1.650287 0.3208386 0.2469654 -0.4671787 18.00667 0.8619461 1 0.9997877 0.0567281335780292 2.9990631336899196 1.0
0.02788928 -0.1730449 -3.435914 1.555805 1.055127 0.9835996 -0.4193944 19.82469 0.8120937 1 0.9770771 0.1752779203291972 3.7717415358718576 0.0
-0.1499795 0.05476462 -6.434237 1.223586 4.21649 3.514609 -0.4818111 20.9281 nan 0 0.0 0.1596653187890044 6.549547195918585 0.0
0.01746449 -0.01485144 -1.583605 1.433163 0.9070225 0.7022055 -0.4299578 19.48899 0.7378445 0 0.0 0.022925393803241417 2.1358279379655096 1.0
-0.07437381 0.0804415 0.5433023 -1.803627 1.285062 0.9238747 -0.5190541 20.17884 0.6791687 1 0.2543519 0.10955500233291997 1.8836793103695464 0.0
-0.01308792 -0.08274862 -3.174347 1.044487 1.44585 1.490272 -0.3646103 20.35449 0.8277073 0 0.0 0.08377725086102313 3.3417707835185224 1.0
0.02014157 -0.05420429 -2.244473 1.591236 0.5325058 0.4685205 -0.5488997 18.80692 0.7081451 1 0.9993261 0.05782549521161925 2.7513071539588236 1.0
-0.0009573687 0.1329712 -2.607435 2.13515 0.7851189 0.5306282 -0.4483708 19.32923 0.6291389 1 0.9963674 0.1329746463964757 3.3701013043712797 0.0
-0.008859507 -0.001457041 -2.719753 1.372889 0.2968374 0.2232944 -0.4858851 17.09208 0.8010826 0 0.0 0.00897852063308483 3.0466178932268484 1.0
-0.02270046 -0.01842674 -2.915122 2.022304 0.4026572 0.3022031 -0.4766191 18.19068 0.8072891 0 0.0 0.02923791427648696 3.547907798026888 1.0
0.01393631 -0.0098022 2.815555 0.6650445 0.812267 0.8149041 -0.3150846 18.51744 0.5816822 0 0.0 0.01703830570379872 2.893031998614127 1.0
-0.0512963 -0.02183494 -13.11096 -1.71762 4.142229 2.299738 -0.1074465 20.71758 0.7138042 0 0.0 0.05575011209400032 13.222990984871766 0.0
0.02678509 0.0485432 -2.520682 4.31803 1.624631 1.090111 -0.3488451 20.29653 nan 0 0.0 0.05544261278608811 4.999922081995279 0.0
0.04900267 -0.08493472 -2.656125 2.923005 1.388751 1.295047 -0.2890135 20.19582 0.6671162 1 0.9922238 0.09805696471239206 3.949551651219414 1.0
-0.1082189 0.0519548 -4.873294 1.672073 2.732483 2.401553 -0.2380057 20.83013 0.7827015 0 0.0 0.12004428999436001 5.152166779886399 0.0
-0.002644963 -0.04190968 -2.999383 1.989384 0.2332429 0.2142354 -0.6086982 17.21189 0.9732876 1 0.9998696 0.041993060223967586 3.5991592185043717 1.0
0.0541381 -0.02349183 -1.482387 0.8280898 1.239817 0.9926245 -0.3648031 20.08941 0.7936039 0 0.0 0.05901525182831045 1.6979999807517785 0.0
-0.006665674 -0.001386319 -4.489206 -5.488611 1.087466 0.6150046 -0.4791514 18.53734 nan 0 0.0 0.00680831038100034 7.090685525374609 0.0
0.00340174 -0.08290432 -3.061364 2.36247 1.90109 1.930949 -0.3426933 20.60927 1.454399 1 0.9897795 0.0829740809511621 3.866938587745609 1.0
-0.006406386 -0.008269925 -2.47959 1.126495 0.1163684 0.09463714 -0.469015 15.57629 0.5637865 0 0.0 0.010461043976899294 2.7234826148013136 1.0
0.03566744 -0.01378186 -5.177742 3.812199 1.808769 1.782851 -0.3581138 20.46551 nan 0 0.0 0.03823749391909988 6.429764648427266 0.0
-0.008909714 0.1179486 -1.061335 0.7502262 1.146708 0.8249295 -0.4614251 19.88725 0.8156338 0 0.0 0.11828463655742362 1.2997197133964844 0.0
0.06811582 0.06731143 -3.252223 1.815172 0.9665227 0.6495648 -0.4012925 19.63742 0.8672028 1 0.9971711 0.0957632160222144 3.7244870561344414 1.0
-0.002209066 -0.04239223 -2.392063 1.156027 0.4322022 0.3911894 -0.611564 18.29399 0.5838013 0 0.0 0.042449748373403304 2.656758141174691 1.0
0.04599184 -0.08895033 -7.218514 1.425232 1.697734 1.530513 -0.2810479 20.35485 0.794178 0 0.0 0.10013695897966195 7.357868619513398 0.0
0.02781927 0.04086587 -2.558719 2.602256 0.8551641 0.7838993 -0.2845589 19.44246 0.6933899 1 0.9982176 0.04943613166692758 3.6494902672149983 1.0
-0.008083603 0.009737246 -0.1855886 1.23708 0.4891218 0.2808917 -0.4498745 17.88547 0.6945705 0 0.0 0.012655378189770743 1.2509236806655952 0.0
0.01148509 0.003496109 -2.592743 1.668261 0.1061529 0.08772994 -0.4438271 15.70482 0.9891825 0 0.0 0.012005418378714713 3.0830846612070193 1.0
0.04033616 -0.02673813 -1.459579 1.049223 0.7962596 0.6207812 -0.3890876 19.37758 0.7161007 0 0.0 0.048393526420818934 1.7975649531991884 0.0
0.01478265 0.002296006 -2.61925 3.785141 0.5624529 0.5698051 -0.3899612 18.80053 nan 0 0.0 0.014959892532185383 4.603016723017743 1.0
0.02181131 0.05908236 -2.090385 3.426181 2.305711 2.636696 -0.5592539 20.59515 0.7239819 0 0.0 0.06297982619129477 4.013530327901609 1.0
0.02244183 0.07623692 -5.464521 5.320293 1.940322 1.883187 -0.4265079 20.65162 0.776289 0 0.0 0.07947140180489645 7.626697015437942 0.0
-0.005793487 -0.003373729 -4.443441 0.4983749 1.444288 0.8862945 -0.4457505 19.36106 nan 0 0.0 0.006704217999484354 4.471302434574406 0.0
-0.05745523 -0.01998394 -1.167858 1.464922 0.7421903 0.5166088 -0.370156 19.15059 0.6054668 1 0.995384 0.06083141714834942 1.873469715327152 0.0
9.307221e-05 0.1041226 -7.722126 9.022919 1.725035 1.866097 -0.4726181 20.25849 1.836988 0 0.0 0.10412264159728311 11.876207190868515 0.0
0.06408821 0.08193931 -5.167856 2.636042 1.043043 0.8175886 -0.4418501 19.9551 0.6345768 1 0.9664404 0.10402571405320994 5.801332007608252 0.0
0.02608973 0.04806843 -2.891931 1.982763 1.50683 1.537096 -0.7137683 19.81808 nan 0 0.0 0.05469230269551466 3.5063676394425616 1.0
-0.01148616 -0.03334814 -2.418456 2.235728 1.161642 0.8634067 -0.418999 19.92918 0.5962467 0 0.0 0.035270813897686 3.293540513477859 1.0
0.1131764 0.06570005 -3.077685 1.394107 0.8333263 0.6528122 -0.6748127 18.90772 0.7056885 1 0.9935647 0.13086402900324634 3.378709707369664 0.0
-0.02733212 -0.02089968 -0.9332532 1.806098 2.436934 1.819926 -0.1562329 20.63201 0.6163883 0 0.0 0.03440699649485261 2.0329661878433294 1.0
0.1015785 -0.1267271 -16.90112 -7.871157 0.4352329 0.3571504 -0.432696 18.52161 1.528852 1 0.0 0.1624128983075544 18.64411354216255 0.0
-0.09043692 0.08014377 -15.99078 -6.334149 0.6527486 0.3905454 -0.3773589 19.10756 0.7937603 1 0.0 0.12083815775200854 17.19960722117226 0.0
-0.01908108 0.009468904 -1.032963 1.8899 1.632057 2.501337 -0.6925041 19.66853 nan 0 0.0 0.0213013557532758 2.153772172113151 1.0
0.01099712 0.03034972 -3.71747 2.078138 0.6463566 0.4647326 -0.4416902 18.77924 0.5763226 0 0.0 0.03228067769382793 4.258901354568335 1.0
-0.01544013 -0.008045726 -8.180066 -1.490927 1.600171 1.214855 -0.4762477 19.72701 0.5697937 0 0.0 0.01741066688222987 8.314826701963486 0.0
0.009328386 -0.04098306 -3.887665 1.857773 1.121123 0.6401002 -0.4252083 19.55706 0.7266827 0 0.0 0.04203129777116805 4.308742237794458 1.0
-0.006638397 -0.001792583 2.57405 -7.391472 0.5968688 0.4643429 -0.5043073 17.21657 0.78514 0 0.0 0.006876166704021798 7.826850690366081 0.0
0.162071 0.02870317 -5.037092 3.80626 1.860956 2.436948 -0.6817675 20.23701 0.7092972 1 0.9396952 0.1645930770386437 6.313470598970427 0.0
-0.1127767 -0.0807954 -2.746098 1.748595 0.1091171 0.07862934 -0.3957994 15.77571 0.2258749 1 0.9999038 0.13873168608522712 3.2555550524647865 0.0
-0.05671547 -0.0008128054 -2.962479 1.702116 0.8214398 0.5844783 -0.4896611 19.41369 0.6770115 0 0.0 0.05672129397271512 3.4166475824844738 1.0
-0.01811896 -0.04185387 -2.696374 1.419388 0.6080817 0.4398947 -0.4473241 18.98763 0.6826096 0 0.0 0.04560749001489229 3.0471453923992535 1.0
-0.02192887 0.007452323 -2.48571 1.39624 0.412014 0.3446026 -0.4190945 18.32126 0.7121696 0 0.0 0.02316057981945247 2.8510068996233593 1.0
0.07910852 -0.006483378 -2.767409 1.978012 0.7132654 0.6406327 -0.3733265 19.27588 0.6137238 1 0.9986761 0.07937374960830113 3.401629616143562 1.0
0.07201472 -0.08414016 -3.874734 0.1789142 1.225536 0.8311557 -0.3767994 19.87419 0.5763435 0 0.0 0.11075055946361625 3.8788624442892585 0.0
0.07697682 -0.05564764 -6.83418 2.913638 1.690522 1.691023 -0.3286967 20.46156 0.2833023 0 0.0 0.09498468642303347 7.429354121822704 0.0
0.009929117 -0.02518455 3.990477 -4.271188 0.8174994 0.5548861 -0.4682166 18.70681 0.6798191 0 0.0 0.027071182521312014 5.845250518059341 1.0
0.04912449 -0.02372416 -4.277368 1.930068 0.5093889 0.3924908 -0.4698441 17.59855 0.9051762 0 0.0 0.05455319684001755 4.692658041243576 1.0
-0.01008713 0.01269729 -2.45401 1.208792 0.8212906 0.5067816 -0.3960889 19.16236 nan 0 0.0 0.016216391860737703 2.735569991677054 1.0
0.02558223 0.03421738 -3.042152 2.838533 0.6440415 0.5075077 -0.1912274 18.79062 0.6287727 0 0.0 0.04272329090598359 4.160764158564266 1.0
0.01167534 -0.001607976 -5.961787 8.271126 1.17989 1.142801 -0.5933321 18.8598 0.5085239 0 0.0 0.011785548393357688 10.195804506817744 0.0
-0.04882959 0.008052397 1.649354 2.169688 3.332638 3.597716 -0.4571615 20.76003 0.5578175 0 0.0 0.049489089272421544 2.725420084071444 1.0
-0.03339806 -0.009802437 -1.437325 -1.278046 4.059468 2.013976 -0.1504417 20.44669 0.4829636 0 0.0 0.03480686976593225 1.923357671817959 1.0
-0.03759311 -0.01447103 -7.800605 5.255621 2.709961 1.598664 -0.1151021 20.31094 0.5876026 0 0.0 0.04028216266206421 9.405901895175496 0.0
0.01930305 -0.01943509 -3.449922 1.850898 1.100233 0.6924527 -0.4415485 19.62339 0.6007462 0 0.0 0.02739216060500887 3.915071546279582 1.0
-0.02433928 0.06355267 -4.137361 3.116493 0.9805957 0.9077447 -0.5972281 19.71949 0.7084579 0 0.0 0.06805396693101219 5.179795812903246 0.0
-0.08053209 -0.08086143 -3.443047 1.962107 0.8675358 0.6032789 -0.4333516 19.59483 0.797718 1 0.9963514 0.11412269003757754 3.962882350468911 0.0
-0.02637868 0.03890355 -2.870924 2.992305 0.8541119 0.6462492 -0.4807898 19.63042 0.6438732 0 0.0 0.04700341435624544 4.146817312928193 1.0
-0.1151 -0.05908638 -3.011675 1.660544 0.3518121 0.221665 -0.3835627 18.14461 0.8549519 1 0.9990109 0.12938010009852519 3.4391267324076615 0.0
0.03769826 -0.05266381 -1.316049 1.935275 1.700838 1.600787 -0.6124924 20.18249 0.7950554 1 0.9934368 0.06476600721631448 2.3403577282172057 1.0
-0.03004634 -0.009379977 -3.009906 2.519411 0.8506661 0.4328579 -0.4111478 19.04027 0.6286774 0 0.0 0.031476443825758475 3.9251708135770347 1.0
0.02897188 -0.03636677 -6.631838 4.199642 2.701501 1.369918 -0.2470891 20.35143 nan 0 0.0 0.046496363201516094 7.849730453105253 0.0
0.02256481 0.008739659 -3.249343 2.579625 0.7125444 0.5152562 -0.4516485 19.24512 0.7353725 0 0.0 0.02419818773735713 4.148818515225027 1.0
0.1278463 0.06514474 -2.62799 1.750835 0.07696565 0.08763817 -0.6321835 14.78028 1.038361 0 0.0 0.14348698050122038 3.157808518153848 0.0
-0.005248396 -0.004413207 -1.111 0.2355667 0.5113859 0.3490438 -0.4678518 18.3748 0.5106277 0 0.0 0.006857263054431045 1.1356991987973268 0.0
-0.04626096 0.05874888 -3.425586 1.854153 0.5785635 0.4517698 -0.4886769 19.08015 0.6748848 1 0.9986616 0.07477638210943345 3.895192266218062 1.0
0.03847365 -0.01529339 -3.100519 1.612917 1.344137 1.337551 -0.3301969 20.09943 0.6610813 0 0.0 0.04140180578205013 3.494956268431695 1.0
0.03698515 0.01609825 -3.357734 2.362904 0.6886937 0.5734105 -0.3291683 19.19536 0.6302166 0 0.0 0.04033676949862247 4.105812091166863 1.0
0.0174548 0.01081194 -3.08828 1.506125 0.9413726 0.8725629 -0.2916026 19.52637 nan 0 0.0 0.020532123358376748 3.4359694227430198 1.0
-0.02113831 0.006529316 -2.501732 1.533399 0.7281149 0.5898407 -0.3969128 19.10026 0.7067585 0 0.0 0.022123745548255525 2.934275974243902 1.0
0.02634684 0.09883623 -2.444721 2.189184 2.354588 2.44184 -0.2206298 20.63397 0.9027882 0 0.0 0.10228761576358353 3.2816440016700468 0.0
0.007710361 0.002390165 -1.769904 1.625271 0.2465137 0.1918656 -0.4784247 16.8588 0.9057474 0 0.0 0.008072332715984024 2.4029286282902786 1.0
-0.113764 -0.0603992 -3.865521 2.381414 0.9470308 0.544411 -0.3808736 19.56408 0.6504097 1 0.9924392 0.12880338138667013 4.540196608169849 0.0
0.06533092 -0.009963167 -3.313405 1.580999 0.5938476 0.4735543 -0.3835156 19.00879 0.6097488 1 0.9985768 0.06608626033235872 3.671268245719182 1.0
0.02652694 -0.006199551 -2.932743 2.286268 1.087109 1.209457 -0.653849 19.35088 0.6916218 0 0.0 0.027241750647952142 3.7186022739563045 1.0
0.001577289 -0.07097764 -4.436162 4.924099 1.55552 1.929831 -0.6333917 20.13347 0.5999718 0 0.0 0.0709951633603242 6.627690717892998 0.0
-0.01822692 0.1222028 -7.835172 -1.08445 0.2951664 0.2023202 -0.4982942 17.50159 0.7363491 1 0.0 0.12355462330696654 7.909864225894399 0.0
-0.02739424 0.01071843 0.8468121 2.857206 1.069414 0.8697052 -0.4436413 19.63839 0.7762489 0 0.0 0.0294164771317454 2.9800531638114127 1.0
-0.1597289 0.007418545 -2.10583 1.449743 0.8179146 0.5475952 -0.4021339 19.50838 0.6430645 0 0.0 0.15990108287665544 2.556613923718049 0.0
0.002886151 -0.01055669 8.389317 -4.088413 1.591789 0.6774392 -0.5075746 19.15788 nan 0 0.0 0.010944111263638588 9.332510947491999 0.0
-0.006460207 -0.02023282 -10.19036 -3.47286 1.819732 1.523897 -0.606835 19.30509 0.6965733 0 0.0 0.021239144983620433 10.765880990852537 0.0
