jas1101finalproject/data/gcs/NGC_362.ecsv
# %ECSV 0.9
# ---
# datatype:
# - {name: x, unit: deg, datatype: float64}
# - {name: y, unit: deg, datatype: float64}
# - {name: pmx, unit: mas / yr, datatype: float64}
# - {name: pmy, unit: mas / yr, datatype: float64}
# - {name: pmx_e, unit: mas / yr, datatype: float64}
# - {name: pmy_e, unit: mas / yr, datatype: float64}
# - {name: pm_corr, datatype: float64}
# - {name: g_mag, unit: mag, datatype: float64}
# - {name: bp_rp, unit: mag, datatype: float64}
# - {name: filter, datatype: int64}
# - {name: memberprob, datatype: float64}
# - {name: r, unit: deg, datatype: float64}
# - {name: pm, unit: mas / yr, datatype: float64}
# - {name: member_prob_GMM, datatype: float64}
# meta: !!omap
# - comments: [deg deg mas/yr mas/yr mas/yr mas/yr dimless mag   mag   zeroone float]
# - __serialized_columns__:
#     bp_rp:
#       __class__: astropy.units.quantity.Quantity
#       unit: &id001 !astropy.units.Unit {unit: mag}
#       value: !astropy.table.SerializedColumn {name: bp_rp}
#     g_mag:
#       __class__: astropy.units.quantity.Quantity
#       unit: *id001
#       value: !astropy.table.SerializedColumn {name: g_mag}
#     pm:
#       __class__: astropy.units.quantity.Quantity
#       unit: !astropy.units.Unit {unit: mas / yr}
#       value: !astropy.table.SerializedColumn {name: pm}
#     pmx:
#       __class__: astropy.units.quantity.Quantity
#       unit: !astropy.units.Unit {unit: mas / yr}
#       value: !astropy.table.SerializedColumn {name: pmx}
#     pmx_e:
#       __class__: astropy.units.quantity.Quantity
#       unit: !astropy.units.Unit {unit: mas / yr}
#       value: !astropy.table.SerializedColumn {name: pmx_e}
#     pmy:
#       __class__: astropy.units.quantity.Quantity
#       unit: !astropy.units.Unit {unit: mas / yr}
#       value: !astropy.table.SerializedColumn {name: pmy}
#     pmy_e:
#       __class__: astropy.units.quantity.Quantity
#       unit: !astropy.units.Unit {unit: mas / yr}
#       value: !astropy.table.SerializedColumn {name: pmy_e}
#     r:
#       __class__: astropy.units.quantity.Quantity
#       unit: &id002 !astropy.units.Unit {unit: deg}
#       value: !astropy.table.SerializedColumn {name: r}
#     x:
#       __class__: astropy.units.quantity.Quantity
#       unit: *id002
#       value: !astropy.table.SerializedColumn {name: x}
#     y:
#       __class__: astropy.units.quantity.Quantity
#       unit: *id002
#       value: !astropy.table.SerializedColumn {name: y}
# schema: astropy-2.0
x y pmx pmy pmx_e pmy_e pm_corr g_mag bp_rp filter memberprob r pm member_prob_GMM
[from data line 6008]
-0.06257219 -0.01355627 14.59875 -14.09687 2.362569 2.552268 -0.3858897 20.53589 0.4133053 0 0.0 0.06402383476260229 20.293970665185263 0.0
-0.0194493 -0.09068444 6.622073 -2.486899 0.6530242 0.3778089 -0.1632752 19.17217 0.5766983 0 0.0 0.09274665993233179 7.073649514467762 1.0
-0.01456236 -0.1054431 0.4515529 5.948752 1.741173 1.459546 -0.2447083 20.20321 1.087543 0 0.0 0.10644392733444027 5.965865434201681 1.0
0.07721907 -0.02226718 5.433192 3.81181 1.511081 1.335431 -0.06722926 19.90127 0.7278843 0 0.0 0.08036549058406413 6.636977533860123 1.0
0.005569985 -0.03137242 6.450038 -2.56316 0.09040972 0.06751335 -0.04339135 16.21681 0.9992113 1 0.9991484 0.031863042377598294 6.940661307616444 1.0
-0.0578203 0.004425413 6.863184 -2.414035 0.9425486 1.114961 -0.2917137 19.88532 0.7551136 0 0.0 0.057989407414721604 7.275359757364649 1.0
-0.02396477 -0.006392182 12.92205 -12.4043 0.8118211 1.248296 -0.3719794 18.72596 0.5358067 0 0.0 0.024802624697277988 17.912175599086225 0.0
0.03553068 0.05261923 6.385071 -2.495604 1.48342 1.086098 -0.04567714 20.4187 0.8813553 0 0.0 0.0634918308686661 6.85544827125528 1.0
-0.02145911 -0.04400988 6.077034 -1.680914 0.9279968 0.5315514 -0.1343343 19.59919 0.5611935 0 0.0 0.0489628730734472 6.305221178717841 1.0
0.01622525 -0.01317453 7.537151 -5.597222 0.4369891 0.4663986 0.04502358 17.82625 0.7621098 0 0.0 0.020900406175081862 9.388159527515764 1.0
0.01115554 -0.1147564 15.80443 0.04133405 3.574667 2.435584 0.1919031 20.83003 0.7782021 0 0.0 0.11529734348046185 15.8044840513251 0.0
0.05412506 0.007418909 6.952459 -2.560279 1.11016 0.8714843 -0.2220904 19.98535 0.6767273 0 0.0 0.05463114799044481 7.408894297027189 1.0
0.05499447 -0.0005409625 6.199552 -1.827201 0.4060516 0.2858431 -0.1841713 18.4971 0.672823 0 0.0 0.05499713057066983 6.463211933327345 1.0
-0.09846673 -0.1648339 1.132265 -1.367262 0.8926563 0.5913197 -0.01612552 19.81894 0.9379063 0 0.0 0.19200497781594858 1.775226579022802 0.0
0.04593337 0.01136865 1.94044 0.3336964 1.924846 1.959076 -0.6520682 20.25393 nan 0 0.0 0.04731934786511116 1.9689237367081944 0.0
0.00990884 -0.03481497 11.00032 -2.4593 3.34424 2.75533 0.1942817 20.63133 nan 0 0.0 0.0361976138197879 11.271876356330388 1.0
-0.08752564 0.03873348 8.920638 -2.221854 1.801808 1.248837 -0.1169172 20.53919 0.01558685 0 0.0 0.09571321815883113 9.193172331918944 1.0
0.0225714 -0.09636401 6.408722 -1.789794 0.4787659 0.2861665 -0.1089563 18.76586 0.6345119 1 0.932438 0.09897217043815953 6.653952226738632 1.0
-0.1368368 -0.05538012 8.0226 -1.920633 1.207886 0.8033071 -0.281534 19.99691 0.7894344 1 0.9333513 0.14761865575005892 8.249299478179283 1.0
0.01174069 0.05389101 6.714388 -2.426703 0.1364244 0.1077762 -0.1251507 17.02717 1.008099 0 0.0 0.055155097321065445 7.139460320273024 1.0
0.06268482 -0.0654749 5.943847 -2.785851 1.045464 0.5939908 0.0172236 19.94191 0.8159065 0 0.0 0.0906440797208643 6.564318925342522 1.0
0.001911685 -0.0925747 7.098899 -2.833267 1.034115 0.6112374 -0.1165164 19.78725 nan 0 0.0 0.09259443622393963 7.643413432851189 1.0
-0.1101286 0.1303586 1.35278 -0.73775 0.3978302 0.2989022 -0.08315038 18.93584 0.9969234 1 0.0 0.17065073434333647 1.5408727367631632 0.0
-0.1214065 -0.1081142 7.29083 -3.142578 0.8850911 0.5417348 -0.04635073 19.65161 0.6674614 1 0.9716702 0.16256758128203175 7.939269398060755 1.0
0.05175695 0.01031676 6.63963 -2.686309 0.3049882 0.2293667 -0.1661734 18.31625 0.7072697 0 0.0 0.05277515902581536 7.1624676320651535 1.0
0.06898104 -0.1196419 -0.0745784 -1.095217 0.7474321 0.4275197 -0.3045969 19.21785 0.6844692 0 0.0 0.13810346887421618 1.097753257720313 0.0
0.1317385 -0.002518533 9.80751 -2.903838 2.191349 1.706004 -0.2575313 20.7312 1.178307 0 0.0 0.13176257204047775 10.228368761945573 0.0
-0.06296817 0.004180909 6.123679 -0.4171027 0.9276037 1.04294 -0.3022604 19.87265 0.8550434 0 0.0 0.06310681764449211 6.137867639285512 1.0
-0.06755381 -0.05655682 7.04732 -3.54226 1.66428 1.350766 -0.3445637 20.29219 0.5990925 0 0.0 0.08810329808825831 7.88747900726208 1.0
0.008302147 0.06265128 7.702706 -1.316943 2.507737 1.68148 -0.291238 20.71454 nan 0 0.0 0.06319895988422602 7.8144749399870115 1.0
-0.02593016 -0.1278012 -2.465154 -4.286209 3.114157 2.710661 -0.2294585 20.73473 -0.01391792 0 0.0 0.1304052143093427 4.944549710074417 0.0
-0.04781842 0.002582749 7.609855 -4.872696 1.477178 1.862885 -0.1375359 20.33722 0.5960903 0 0.0 0.04788811839792206 9.036208244028078 1.0
-0.06367594 -0.02895597 4.122603 -4.518992 1.459216 1.230378 -0.2957656 20.29568 0.407196 0 0.0 0.06995050774315009 6.116955467524102 1.0
-0.08584346 -0.03243449 5.965856 -2.49691 0.546208 0.3895348 0.004804948 19.34942 0.6846199 0 0.0 0.091766528572959 6.4673021702125535 1.0
0.0249677 -0.09681703 6.618005 -3.024959 0.785397 0.4955803 -0.1176567 19.47843 0.6424294 0 0.0 0.09998461552314386 7.276562865234245 1.0
0.002863009 -0.04554726 7.05167 -3.757468 1.833627 0.9050554 -0.1369294 20.20391 0.2273846 0 0.0 0.04563715278193504 7.990282570718259 1.0
-0.02488981 -0.008010751 6.177143 -0.7175575 0.5558169 0.6890285 -0.3548327 18.66969 0.657671 0 0.0 0.02614717524743545 6.218680278664859 1.0
0.07330513 -0.01017495 6.186894 -3.216399 0.86484 0.6800516 -0.09968053 19.7985 0.7573547 0 0.0 0.07400791641317434 6.973010819899607 1.0
-0.06815196 0.00925267 6.432624 -2.419585 0.31806 0.3149868 -0.1846813 18.39789 0.6059895 0 0.0 0.06877718774397874 6.872629998595952 1.0
-0.02137852 -0.01618538 9.80662 0.6990404 1.265897 0.8643295 0.1015324 17.62172 nan 0 0.0 0.02681431787562011 9.831503105081755 1.0
-0.1245678 -0.01332156 1.015709 -0.2367725 1.269782 0.906583 -0.03012647 20.15137 0.7724781 0 0.0 0.12527809368630097 1.0429410287438354 0.0
-0.05478714 -0.004233031 5.610495 -3.34674 0.752036 0.8621368 -0.3388368 19.23915 0.7517471 0 0.0 0.05495042548358075 6.532864821242286 1.0
0.168422 -0.06181835 2.595103 -1.527827 0.7540661 0.5197416 -0.0208127 19.57405 -0.009847641 1 4.943655e-06 0.1794086912073172 3.011447313591589 0.0
0.01298365 -0.1110496 -0.1247905 -2.031851 0.3359455 0.2283324 -0.114062 17.99696 0.06842995 0 0.0 0.11180603216053461 2.035679531530258 0.0
-0.05208509 -0.0701821 6.631734 -2.153786 0.6202656 0.3771988 -0.1056157 19.23592 0.6368637 1 0.9907789 0.08739784757485793 6.972710375496174 1.0
-0.09479258 0.01012785 5.897229 -2.414665 2.443692 1.654491 0.2543583 20.7195 0.8484249 0 0.0 0.09533208572500079 6.372434145651566 1.0
-0.0455549 -0.02847129 4.104571 0.006447921 1.412192 1.315413 -0.07041957 20.38083 nan 0 0.0 0.05372023146147176 4.104576064556024 1.0
0.07513384 0.1351133 8.987375 -4.672608 1.739135 1.945628 -0.1037819 20.65139 1.056362 1 0.9282628 0.15459850500582337 10.12947061362483 0.0
-0.07051004 -0.00830326 7.773445 -3.611579 0.8101978 0.7034712 -0.1167429 19.81156 0.7774773 0 0.0 0.07099725253437066 8.571461371392045 1.0
0.01207918 0.05179272 9.344715 -7.623472 1.800258 2.712988 -0.4005471 20.37741 0.6641159 0 0.0 0.05318263282755753 12.059893190489252 1.0
0.01537765 -0.02846316 7.496536 -3.174756 0.6418988 0.4854745 0.08708245 19.06181 0.6653404 0 0.0 0.032351562507985605 8.141076566329051 1.0
0.002599449 0.03509547 7.051531 -3.78442 0.9058865 0.662824 -0.5738794 19.16279 nan 0 0.0 0.03519160623819977 8.00286974655723 1.0
0.06176785 -0.141873 -1.9762 -1.575312 1.53448 0.6308074 -0.1182449 19.8177 1.099663 1 6.405937e-06 0.1547359538782842 2.5272463942686714 0.0
-0.03466505 -0.04462364 6.353471 0.4765464 2.444093 1.938164 -0.4007708 20.43976 0.9069405 0 0.0 0.05650606107624296 6.371317777288617 1.0
-0.04295399 -0.01643391 3.794046 -2.955019 1.446743 1.469191 0.1101266 20.06078 0.6898766 0 0.0 0.04599041916321485 4.809045886709442 1.0
-0.118239 -0.06558333 10.44025 -2.846541 1.428399 0.7750015 -0.3310065 20.13098 0.7981358 1 0.9460985 0.1352095939454331 10.82134999559579 0.0
-0.121724 -0.01413557 6.838962 -2.063743 0.5170406 0.3563893 0.04896709 19.19636 0.7207451 1 0.9872013 0.1225420193861065 7.143559085462442 1.0
-0.02057845 -0.01594803 5.995651 -9.559204 1.676664 1.772238 -0.6890858 19.00394 nan 0 0.0 0.026034827928822574 11.283891705764328 1.0
-0.07166972 -0.01377009 6.563544 -2.439768 0.3921276 0.3536899 -0.1375518 18.66429 0.6768417 1 0.9969286 0.07298057374045851 7.002326594337056 1.0
0.09926801 -0.01054699 0.1293224 -1.087457 0.3280033 0.217456 -0.02260708 18.46089 0.9457645 1 0.0 0.09982673393144845 1.0951196327300319 0.0
-0.01655238 0.02498745 6.168738 -2.059857 0.6148768 0.3591499 0.2283196 18.54854 0.6489677 0 0.0 0.02997255313060434 6.5035635903013205 1.0
-0.01622804 -0.02424478 21.06981 -5.930241 2.218394 1.457488 -0.514759 19.52531 0.6295967 0 0.0 0.02917462321076315 21.888459328015323 0.0
-0.01931948 0.03855765 8.032018 -2.461312 1.978366 0.8079134 0.4747481 19.92137 0.5165005 0 0.0 0.04312696002494148 8.400676753313867 1.0
-0.06304795 -0.07119812 1.414747 -2.004767 0.6102309 0.3763209 -0.1210774 19.23164 0.9196014 0 0.0 0.09510108459285257 2.453691056000735 0.0
-0.03090317 -0.04792859 4.830287 -2.341322 2.326725 2.053816 -0.290361 20.6932 0.8518848 0 0.0 0.05702767446983087 5.367817173679913 1.0
0.01317642 -0.1582984 1.924073 -1.605021 0.9372569 0.5821423 -0.1136607 19.81753 0.9765244 0 0.0 0.15884584189262368 2.5056235391155632 0.0
0.001041515 -0.02838095 22.83371 -16.95856 2.650216 2.486685 -0.2736986 19.92842 nan 0 0.0 0.02840005416188013 28.442416733422988 0.0
-0.01062038 -0.02527096 5.872636 -2.19656 0.5980162 0.2889484 0.009271625 18.58166 nan 0 0.0 0.027411929714378006 6.269986397281576 1.0
-0.01887856 0.04037387 5.069252 -2.038543 2.856906 0.9882081 0.3353154 19.64958 0.4299603 0 0.0 0.04456960182064116 5.46378745947836 1.0
0.01825552 0.002616566 20.06851 -10.90906 0.7433498 1.254432 0.04230927 18.90049 nan 0 0.0 0.018442083073849223 22.8419063062543 0.0
0.007093483 0.05475532 6.86041 -3.295601 0.622793 0.4345899 -0.1492322 19.29146 0.7286224 0 0.0 0.05521288408853217 7.610927099854591 1.0
0.08131557 0.04730476 7.115218 -2.333064 0.6040632 0.3867286 0.01417412 19.35413 0.7564564 1 0.9936853 0.09407423793516746 7.487957987036252 1.0
0.04635918 -0.01412222 7.56247 -2.293922 0.4117388 0.29368 -0.05327108 18.59117 0.7111187 0 0.0 0.048462466590143756 7.902722989133809 1.0
0.06955258 -0.1561812 0.4055 -1.318164 0.7331601 0.4038138 -0.1982499 19.21251 1.165873 1 0.0 0.17096820937851692 1.3791252955754238 0.0
-0.05509975 -0.07014447 5.122454 -2.26042 0.6953661 0.4207261 -0.02886611 19.32759 0.6753483 1 0.8424055 0.08919769684046444 5.599020767823245 1.0
0.05129992 0.01214137 4.834497 -1.885255 2.434658 1.80643 0.03451229 20.79401 0.565279 0 0.0 0.05271711920698342 5.189079654238697 1.0
-0.03140942 -0.1458297 0.360491 -0.7793928 0.3304278 0.2205937 -0.1051442 18.31947 1.162817 1 0.0 0.1491739020969365 0.8587239939426637 0.0
-0.05325041 0.1323606 7.381098 -2.467373 0.8771718 0.6708508 -0.06470305 19.96561 0.8080482 0 0.0 0.14267072088388738 7.782579084515171 1.0
-0.010187 -0.02521733 20.84997 0.8467915 1.678387 1.254333 0.1425943 19.62478 nan 0 0.0 0.0271972186322223 20.867158523511826 0.0
-0.01028432 0.03381125 17.91594 -1.656006 2.228145 0.8507789 -0.1512462 19.59383 0.6936874 0 0.0 0.03534073944366332 17.992311189939883 0.0
-0.0250523 -0.01085672 5.574458 -6.448199 1.029116 1.713626 0.1604808 19.7732 nan 0 0.0 0.027303591420331504 8.523722915332536 1.0
0.08014176 -0.09794003 -1.131683 -1.048997 1.075906 0.5591228 -0.09258957 19.78555 0.2074223 0 0.0 0.12655019230447065 1.5430816953415007 0.0
-0.02001579 -0.04161275 6.685456 -2.778705 0.4158914 0.2603149 -0.1533729 18.34661 0.6275558 0 0.0 0.046176323065902504 7.23992564913211 1.0
-0.1204787 0.001672784 6.507697 -1.901468 1.164291 0.8372098 -0.07607729 20.20197 0.8919315 1 0.9382082 0.12049031230767333 6.779800940944579 1.0
0.02865328 -0.007306282 6.923189 -2.974227 1.353071 2.04461 -0.1572272 19.90594 nan 0 0.0 0.029570123628789986 7.535023037605791 1.0
-0.0396948 -0.001298018 6.666845 -2.496088 0.05985996 0.0450763 -0.08671763 15.33691 0.9158173 1 0.999778 0.039716016892033926 7.118797479755202 1.0
0.127653 -0.1135552 55.38918 5.780894 2.245964 1.224643 -0.06133959 20.4717 2.155905 0 0.0 0.17085102240267688 55.6900349839326 0.0
0.06046329 -0.02044675 5.947192 -2.069471 0.9120375 0.6165657 -0.1764648 19.58417 0.6561298 0 0.0 0.06382694590207649 6.296967754777294 1.0
-0.05865461 -4.024334e-05 7.180277 -1.416165 0.5892929 0.5523074 -0.1577526 18.87465 0.7238121 0 0.0 0.058654623805617534 7.318599668239409 1.0
0.06393704 0.06946287 8.291064 -2.204351 1.570953 1.097549 -0.00999302 20.54114 0.7243195 0 0.0 0.09440887348442677 8.579097014447209 1.0
0.002373138 0.0349658 9.069696 -3.817283 0.6260444 0.39896 -0.2714194 18.81334 nan 0 0.0 0.03504624022070048 9.840276166577084 1.0
-0.008965699 -0.03241126 6.482974 -2.347734 0.06013651 0.0456653 -0.01041556 15.30352 0.6154928 1 0.9986811 0.033628463142793205 6.8949841783307955 1.0
-0.003090952 0.02564258 5.76476 -1.517582 0.5924734 0.3848442 -0.2504218 18.11695 0.7757244 0 0.0 0.02582819957570996 5.961167082402907 1.0
-0.003859056 0.1441726 5.398885 -2.556772 1.471156 0.9283576 -0.2716945 20.28428 0.7914524 0 0.0 0.14422423826795253 5.973695866313333 1.0
0.007538973 0.03645225 3.26359 2.532844 1.962039 0.9959744 -0.2879371 19.46774 nan 0 0.0 0.03722368391168758 4.1311400867600705 1.0
-0.01803066 -0.08895122 2.757902 1.345879 1.234633 0.6492085 -0.1341285 19.8068 0.1238918 0 0.0 0.09076025693839787 3.0687804946338213 0.0
-0.02461696 -0.009383703 7.117016 -2.748112 1.668139 1.589297 -0.6601269 19.74669 nan 0 0.0 0.026344802174884687 7.629156985460451 1.0
0.1163366 0.03055229 1.805115 -3.036866 2.742426 1.70625 -0.03679613 20.70466 0.07109451 0 0.0 0.12028153193156504 3.532845208211223 0.0
0.09481445 -0.05030537 6.787985 -2.142567 0.5727431 0.3859641 0.01329253 19.22284 0.633503 1 0.9885163 0.1073331737145576 7.118099023595695 1.0
-0.02768432 0.05562239 7.154153 -1.870575 3.606651 1.912336 0.6818458 20.59365 nan 0 0.0 0.062131085964873496 7.394657258996795 1.0
0.0113264 -0.06671422 5.9537 -2.266946 0.4759719 0.2999446 -0.1469675 18.64145 0.6049213 0 0.0 0.0676688590650707 6.370681898895596 1.0
-0.05072078 -0.01433123 2.059914 3.501958 1.311417 1.081014 -0.2976513 20.13627 0.3787556 0 0.0 0.05270656199299382 4.062875277578676 1.0
0.02390739 -0.04213585 7.319213 -3.916597 2.401902 2.136826 -0.4034251 20.42703 0.8711777 0 0.0 0.048445775376544445 8.301241533636881 1.0
-0.0595513 0.1320834 6.624411 -2.913 0.5921896 0.4524095 -0.05142149 19.4344 0.7569351 1 0.9849299 0.1448874800914489 7.236600728029771 1.0
0.01680872 -0.09453486 6.849022 -3.850416 0.9237788 0.5317177 -0.08697491 19.63268 0.7353191 0 0.0 0.09601756518084593 7.857149974993477 1.0
0.02418392 -0.1886737 0.6978859 -1.683329 0.6980012 0.4323763 -0.1051795 19.39321 0.9651756 1 0.0 0.19021731534814698 1.8222626736175578 0.0
0.05122903 -0.06450358 6.11421 -1.645333 0.7321574 0.4197967 -0.1209073 19.36968 0.7362957 1 0.9201715 0.08237187230819329 6.3317205090708955 1.0
0.02754325 0.01799438 6.302924 -3.690375 0.5395746 0.5386908 -0.170347 19.11653 0.7343693 0 0.0 0.0329002786028766 7.303815344763379 1.0
0.002898933 0.05561849 7.142272 -2.515394 0.3536078 0.2794181 -0.09388315 18.54043 0.6662102 0 0.0 0.05569398748894345 7.572268900218745 1.0
0.05789613 -0.116669 7.909896 -1.902975 1.376863 0.7027156 -0.1333185 20.1061 0.8834858 1 0.942939 0.1302444525881118 8.135586554234488 1.0
0.07825132 -0.09714663 7.302841 -2.546789 1.597865 1.019318 -0.06081357 20.10572 0.9100914 0 0.0 0.12474268235892357 7.734185211242488 1.0
-0.05545701 -0.003174398 4.009916 -2.851967 1.241373 1.370268 -0.3428527 20.10976 nan 0 0.0 0.05554778808199751 4.920685124669633 1.0
0.0613193 -0.01043956 6.858763 -2.74871 0.6414476 0.4595001 -0.0204346 19.35535 0.5016479 0 0.0 0.06220161545718567 7.389048420078799 1.0
0.002157446 0.03446991 7.468555 -2.610248 0.5280814 0.2915158 -0.2236424 18.4864 0.5994644 0 0.0 0.03453736047602677 7.911555372335393 1.0
