jas1101finalproject/data/gcs/NGC_6426.ecsv
# %ECSV 0.9
# ---
# datatype:
# - {name: x, unit: deg, datatype: float64}
# - {name: y, unit: deg, datatype: float64}
# - {name: pmx, unit: mas / yr, datatype: float64}
# - {name: pmy, unit: mas / yr, datatype: float64}
# - {name: pmx_e, unit: mas / yr, datatype: float64}
# - {name: pmy_e, unit: mas / yr, datatype: float64}
# - {name: pm_corr, datatype: float64}
# - {name: g_mag, unit: mag, datatype: float64}
# - {name: bp_rp, unit: mag, datatype: float64}
# - {name: filter, datatype: int64}
# - {name: memberprob, datatype: float64}
# - {name: r, unit: deg, datatype: float64}
# - {name: pm, unit: mas / yr, datatype: float64}
# - {name: member_prob_GMM, datatype: float64}
# meta: !!omap
# - comments: [deg deg mas/yr mas/yr mas/yr mas/yr dimless mag   mag   zeroone float]
# - __serialized_columns__:
#     bp_rp:
#       __class__: astropy.units.quantity.Quantity
#       unit: &id001 !astropy.units.Unit {unit: mag}
#       value: !astropy.table.SerializedColumn {name: bp_rp}
#     g_mag:
#       __class__: astropy.units.quantity.Quantity
#       unit: *id001
#       value: !astropy.table.SerializedColumn {name: g_mag}
#     pm:
#       __class__: astropy.units.quantity.Quantity
#       unit: !astropy.units.Unit {unit: mas / yr}
#       value: !astropy.table.SerializedColumn {name: pm}
#     pmx:
#       __class__: astropy.units.quantity.Quantity
#       unit: !astropy.units.Unit {unit: mas / yr}
#       value: !astropy.table.SerializedColumn {name: pmx}
#     pmx_e:
#       __class__: astropy.units.quantity.Quantity
#       unit: !astropy.units.Unit {unit: mas / yr}
#       value: !astropy.table.SerializedColumn {name: pmx_e}
#     pmy:
#       __class__: astropy.units.quantity.Quantity
#       unit: !astropy.units.Unit {unit: mas / yr}
#       value: !astropy.table.SerializedColumn {name: pmy}
#     pmy_e:
#       __class__: astropy.units.quantity.Quantity
#       unit: !astropy.units.Unit {unit: mas / yr}
#       value: !astropy.table.SerializedColumn {name: pmy_e}
#     r:
#       __class__: astropy.units.quantity.Quantity
#       unit: &id002 !astropy.units.Unit {unit: deg}
#       value: !astropy.table.SerializedColumn {name: r}
#     x:
#       __class__: astropy.units.quantity.Quantity
#       unit: *id002
#       value: !astropy.table.SerializedColumn {name: x}
#     y:
#       __class__: astropy.units.quantity.Quantity
#       unit: *id002
#       value: !astropy.table.SerializedColumn {name: y}
# schema: astropy-2.0
x y pmx pmy pmx_e pmy_e pm_corr g_mag bp_rp filter memberprob r pm member_prob_GMM
[from data line 572]
0.01199513 0.01338825 -2.081549 -2.940441 0.3327931 0.3731613 0.6357924 18.23814 0.7363777 1 0.9937447 0.01797577207742132 3.6026434064283963 0.0
0.002854113 -0.03231832 1.055314 -8.526249 1.232105 1.368994 0.6706926 20.19569 1.209002 0 0.0 0.03244410221656887 8.59131012410779 0.0
-0.0250574 -0.004061367 -1.197535 -6.838601 2.826297 2.976141 0.765075 20.73816 1.931162 0 0.0 0.025384404595512753 6.942661860801374 0.0
-0.06000712 0.004580597 -0.5947841 -8.949385 1.138781 1.318863 0.5158048 20.25206 0.9142094 0 0.0 0.0601816942231673 8.969128162973133 0.0
0.03487917 -0.007558922 -2.650147 -4.455119 0.9166116 0.9150395 0.5747253 19.91373 1.170168 1 0.8191124 0.035688847021037036 5.183759680557153 0.0
-0.01969502 -0.03140833 0.9257127 -4.90015 0.4788143 0.4812549 0.5514756 18.9254 1.367455 1 0.0 0.03707259103690083 4.986824041957094 0.0
-0.01862823 -0.01591544 -0.9837735 -2.286152 1.485502 1.657657 0.6256749 20.25242 0.9020481 0 0.0 0.024501269014614326 2.4888353232799973 0.0
0.04164536 -0.04775818 -3.48995 -8.803986 0.5851943 0.6484269 0.6671868 18.96746 1.544634 0 0.0 0.0633654461551562 9.47047625469258 0.0
0.01159951 -0.03126421 -0.9789609 0.865073 1.134037 1.217078 0.5518934 20.04302 1.354136 0 0.0 0.03334665589177122 1.3064133109616611 0.0
-0.0482744 0.03629537 -5.921008 -3.941962 0.4667611 0.54105 0.5654548 18.85775 1.15592 1 0.0 0.06039678450709856 7.113184950885784 0.0
-0.04108622 -0.03147947 -9.528163 -5.10041 0.7552464 0.7833932 0.6158629 19.45712 0.8808079 0 0.0 0.05175939050422928 10.80740821486211 0.0
0.01577417 -0.03252205 -5.144564 -5.758901 0.5259415 0.5568208 0.5046082 19.06274 1.189726 1 0.0 0.03614565223358682 7.7221421560274965 0.0
-0.04221095 0.03536647 -1.848662 -2.999859 0.4504117 0.5197653 0.5556454 18.71745 1.465502 1 0.9427269 0.055068607211036305 3.5237345544358187 0.0
0.009374754 0.004195999 0.1336072 -2.932298 1.828153 2.074511 0.6091524 20.35878 nan 0 0.0 0.010270950305035898 2.9353402604631444 0.0
-0.00296591 0.001211437 -1.920836 -2.549702 0.7428704 0.7861373 0.6125615 19.07135 nan 0 0.0 0.003203779289069239 3.192270544252163 0.0
-0.04340212 -0.0325451 1.933168 -4.449032 0.7046021 0.7353774 0.6250706 19.26426 1.460747 1 0.0 0.05424875624845606 4.850878709393588 0.0
-0.02228447 -0.0009462537 2.24017 0.79585 0.6132192 0.6471763 0.569708 19.11332 1.0497 0 0.0 0.022304551088189687 2.377338606803835 0.0
-0.0347763 0.03583635 -3.190525 -3.883278 1.396532 1.623084 0.5760664 20.4433 0.6712551 0 0.0 0.04993630966553796 5.025862891176897 0.0
-0.03060255 0.01497245 -1.783504 -3.198118 0.1672415 0.1543045 0.5814034 17.0214 1.547644 1 0.9893191 0.03406890555191053 3.661809014672939 0.0
-0.01533794 -0.05819735 1.303113 -1.400301 0.7445849 0.7698426 0.5468923 19.42097 1.571999 0 0.0 0.06018458233190707 1.9128372595100713 0.0
0.03113273 -0.05824944 -6.094005 -2.155845 1.735699 1.940843 0.7226512 20.5201 1.300415 1 0.002977117 0.06604728713252725 6.4640981276625125 0.0
-0.0276158 0.03934757 -7.482001 -14.66774 1.089072 1.265888 0.9160178 18.96078 1.194725 1 0.0 0.048071443441453886 16.46581111490111 0.0
-0.0006501307 -0.006379338 -2.89878 -5.605052 1.147559 1.223484 0.575708 19.64984 1.093351 0 0.0 0.006412380466357754 6.310272055236921 0.0
-0.02216257 -2.882166e-05 -2.109464 -1.996454 1.680608 1.901631 0.7749567 20.08046 nan 0 0.0 0.02216258874078083 2.9044219633882404 0.0
-0.0147576 0.03812541 -1.398733 0.3860554 0.175607 0.1690156 0.3719791 17.48082 1.282135 1 0.0 0.04088194767165698 1.4510316251405964 0.0
-0.02402203 -0.03214924 -1.966206 -3.620654 0.3458287 0.3873848 0.642653 18.30631 0.5019951 1 0.9391617 0.040132674442385476 4.120085123168209 0.0
-0.003727842 -0.04378625 2.301484 1.471223 1.551119 1.751374 0.6299119 20.446 1.032766 0 0.0 0.043944652633050404 2.7315427358884574 0.0
-0.0399561 0.03743323 -3.162021 -1.809714 0.5835084 0.6486837 0.4919922 19.25229 1.604603 1 0.01501514 0.05475159025492228 3.643273468494645 0.0
-0.0007110909 -0.03290126 -9.510529 -4.060672 0.3127929 0.3340133 0.5351943 18.16829 1.295435 1 0.0 0.0329089434630719 10.341142052569678 0.0
-0.04925269 -0.03200911 4.238287 -0.4425562 0.5420677 0.585564 0.568293 18.81574 1.564703 1 0.0 0.058740195737060664 4.2613299196996515 0.0
-0.004824578 0.01259379 -2.007349 -3.078431 0.1834994 0.1739799 0.4823118 17.19347 1.579058 1 0.9986373 0.013486293020774242 3.675076520232198 0.0
-0.009699865 0.01191552 -1.122178 -2.73986 0.8700854 0.9319687 0.663652 19.65139 1.159569 0 0.0 0.01536447193653674 2.9607627874053 0.0
0.00209226 -0.003644913 -11.38212 -10.70799 2.055376 2.307768 0.6308152 20.33882 nan 0 0.0 0.0042027303845439574 15.627338402124018 0.0
-0.01646388 0.03922025 -8.951547 -18.06597 0.1951531 0.188891 0.3788614 17.65492 1.330935 1 0.0 0.04253571857529739 20.162079896035255 0.0
0.01857679 0.01133199 -3.091027 -3.57704 2.727744 3.065359 0.7848119 20.72178 0.8223896 0 0.0 0.02176031075293273 4.727543027443431 0.0
-0.01097969 0.006084767 -3.165408 -4.078581 0.6227214 0.670634 0.6183615 19.20639 1.212587 0 0.0 0.012553006888406817 5.162812293704372 0.0
-0.001747086 -0.004890651 -0.2309789 -3.601936 1.492341 1.617992 0.571117 20.10499 1.020983 0 0.0 0.005193339647586801 3.609334315402386 0.0
0.001208599 -0.001952858 -2.189202 -3.513766 0.2450733 0.2285339 0.4622712 17.54448 1.363823 0 0.0 0.002296598770130516 4.139946485108231 0.0
-0.003301215 -0.03843685 0.1241556 -5.948086 0.2764607 0.2900019 0.5332381 18.03087 1.156136 1 0.0 0.03857835479123915 5.949381621345815 0.0
-0.01101012 0.009796706 -3.152531 -5.082258 0.8172345 0.8644896 0.6428706 19.50775 1.168913 0 0.0 0.014737645363654128 5.980618536951258 0.0
0.008796166 -0.03796594 -2.965623 -3.251648 1.383259 1.523122 0.6121754 20.35726 1.148909 0 0.0 0.038971593967698524 4.400924277243702 0.0
0.01010639 -0.03019182 -0.1853984 -2.07778 1.03736 1.118617 0.5605988 20.03142 1.190138 1 0.8424877 0.03183842197321501 2.086035065650278 0.0
-0.03916674 -0.0378055 -5.302845 -1.881138 3.167152 3.261451 0.7308692 20.81447 1.234838 0 0.0 0.054436103391752796 5.626619346381004 0.0
0.01102016 0.005453673 -5.288366 -6.734343 2.663144 3.009424 0.8308764 20.71232 nan 0 0.0 0.012295790971569458 8.562604194496263 0.0
-0.02240633 2.64967e-05 -2.205154 -3.369482 0.316148 0.3523652 0.5697155 17.98646 0.8700218 0 0.0 0.022406345666886665 4.026923529450243 0.0
0.01434183 -0.02034747 0.07533396 2.216537 2.056583 2.280589 0.7403002 20.59269 0.7020779 0 0.0 0.024893927435216002 2.217816826949034 0.0
-0.003148753 -0.004600254 -1.836832 -3.168529 0.1907159 0.1782673 0.4054533 16.99264 1.456194 0 0.0 0.005574673292626663 3.662448336845859 0.0
0.008064459 0.01092845 -3.906564 -3.958433 1.438344 1.582614 0.745085 20.14454 1.21179 0 0.0 0.013581845175276478 5.561513652018217 0.0
-0.006561374 0.01611333 -1.823613 -6.625163 0.8009143 0.8488331 0.6035618 19.41743 1.112133 0 0.0 0.01739801806116938 6.871560896211136 0.0
0.003463442 -0.000148501 5.020598 -1.58942 2.868251 3.315393 0.4699043 20.66571 nan 0 0.0 0.0034666241553368607 5.266180799593193 0.0
-0.004215368 -0.03675433 -2.739226 -1.910107 1.114433 1.236011 0.6148401 20.07611 1.07262 0 0.0 0.0369952713346493 3.339441245257206 0.0
0.04816563 -0.03057484 -2.16453 -6.363262 1.023242 1.103676 0.7290802 19.76251 1.131445 1 0.003175631 0.057050405382630724 6.721331222424915 0.0
-0.002965932 -0.006569592 -1.705188 -2.939116 0.1770394 0.1666974 0.3686876 17.16595 1.490356 0 0.0 0.007208071286765136 3.3979507025264506 0.0
-0.04577603 0.03277382 -7.554858 -6.914242 1.225688 1.408551 0.5519797 20.23328 1.890667 0 0.0 0.05629891828404255 10.241221696395797 0.0
-0.01829238 0.02161116 -4.93497 -11.10972 1.990417 2.179494 0.7968585 20.45131 1.425634 0 0.0 0.028313484466063164 12.156471831057726 0.0
-0.0581807 -0.02797628 -4.608957 -3.483887 0.6398994 0.651242 0.6255084 18.82372 1.251116 1 0.0003057784 0.06455746351219509 5.777538684995368 0.0
0.004225163 0.01232437 -1.283314 -16.67118 1.614325 1.778585 0.6849282 20.30502 1.059538 0 0.0 0.013028510976833423 16.720500513291938 0.0
0.0333258 -0.0279316 2.546599 -4.735424 0.5248504 0.5560877 0.568225 19.10447 1.548054 1 0.0 0.043483137239624284 5.376746872094408 0.0
-0.02009048 0.003658756 -3.68616 -6.329003 0.184632 0.1752367 0.4927233 17.42411 1.500889 1 0.0 0.02042091775846365 7.324210163533609 0.0
0.002427505 -0.03120395 -1.712995 -2.593662 0.7234818 0.8019775 0.6667944 19.4321 nan 0 0.0 0.031298231198064935 3.1082848068137197 0.0
-0.04370621 -0.01747728 -2.025387 -6.135212 0.2891597 0.3048214 0.5992119 18.04174 1.478609 1 0.0 0.0470710963199552 6.460883746416816 0.0
0.01519502 -0.0198463 -1.562387 -3.012623 0.2623758 0.2735983 0.5353318 17.9902 0.8202877 1 0.991999 0.024995284685124113 3.3936632829286406 0.0
-0.001046246 0.002485304 -1.701082 -1.927652 0.8023504 0.8497501 0.5656052 19.36627 1.039288 0 0.0 0.0026965471746164572 2.5708991041711458 1.0
-0.05434124 -0.02742121 -2.786534 -4.838338 0.7859024 0.8032373 0.5386328 19.27607 1.462427 0 0.0 0.06086783323399725 5.583393800852668 0.0
-0.00765864 -0.0286426 2.218832 -5.882164 0.4436515 0.4791422 0.6779979 18.49104 1.310511 1 0.0 0.02964883305308322 6.286737529682625 0.0
-0.01606884 -0.02932032 -5.12019 -4.992985 0.1909824 0.1833435 0.4739345 17.47569 1.531734 1 0.0 0.03343484385858561 7.15166028599828 0.0
0.001056242 0.0004222678 -3.254508 -4.932842 2.614599 2.897883 0.4816401 20.43539 nan 0 0.0 0.001137522420649738 5.909716788394178 0.0
0.001909376 0.02770904 -2.19912 -3.221311 0.2086873 0.1924035 0.4098168 17.40771 1.561934 1 0.9908742 0.027774747783390872 3.900381177926204 0.0
-0.01296019 0.01382481 -1.66206 -2.975238 0.1559712 0.1454734 0.4511719 16.86821 1.579081 1 0.998077 0.018949720218837007 3.4080030223349276 0.0
-0.01433158 -0.002348534 -1.881286 -2.808792 0.383766 0.4306793 0.6296514 18.38353 1.28289 0 0.0 0.014522733807570666 3.3806137775646596 0.0
0.007820736 0.005411444 0.2136049 -1.514098 3.31841 3.72594 0.6756178 20.76154 0.7243824 0 0.0 0.00951039629809568 1.5290911702406793 0.0
0.05770316 -0.02812818 -2.54682 -3.391809 0.4161363 0.4694081 0.5823417 18.70917 1.201145 1 0.7997722 0.06419384070218886 4.241539862465164 0.0
-0.00363629 -0.004806007 2.148484 2.882377 2.037452 2.432398 0.893073 20.0728 nan 0 0.0 0.006026633243208766 3.5950077424652367 0.0
-0.004184748 3.612743e-06 1.583905 3.404449 2.150875 2.396121 0.6730017 20.26204 nan 0 0.0 0.004184749559461831 3.7548672470043467 0.0
0.008643608 -0.01404112 -1.665157 -2.786367 0.2550338 0.2762643 0.5738704 17.89461 1.386173 1 0.9969075 0.016488329512478334 3.2460112281595697 0.0
-0.002904967 0.001760753 -1.036755 -2.368228 0.422071 0.4704256 0.5741106 18.22969 1.212654 0 0.0 0.003396922783652581 2.5852204528838545 1.0
-0.006378548 0.01680379 -1.748994 -3.081237 0.1083833 0.1025878 0.4371564 16.41922 1.640721 1 0.9985089 0.01797368167494918 3.543021515910537 0.0
-0.006134926 -0.007031871 -2.605252 -0.2276355 2.657938 2.941132 0.8072309 20.66942 nan 0 0.0 0.009331909064393898 2.615177987129031 0.0
0.008186485 -0.007279097 -1.707085 -2.712104 0.1648846 0.1640536 0.4912184 17.10193 1.540731 1 0.9973822 0.010954624128222474 3.2046290431251165 0.0
0.03067484 -0.03084802 -6.174507 -7.468669 0.3053308 0.3134287 0.524698 17.94782 1.209501 0 0.0 0.043503403854710035 9.690487775370752 0.0
0.000690589 0.004468946 0.2715386 0.8475572 1.081932 1.126578 0.5673288 19.64507 1.0231 0 0.0 0.004521989774185364 0.8899923699458328 0.0
0.03119281 -0.02916858 -5.832997 -15.71898 0.3373186 0.3770793 0.5669173 18.36594 1.536329 1 0.0 0.04270594168160328 16.766340872188213 0.0
0.001300048 -0.03115579 -0.769567 -1.361571 0.3128267 0.3489257 0.6053668 18.23413 1.327087 1 0.01605148 0.031182901970894305 1.5640041417879942 0.0
0.05947042 -0.02653783 -6.84402 1.036271 0.7995334 0.8329204 0.497872 19.68085 1.630966 1 0.0 0.06512286292912267 6.922027690340527 0.0
0.03298985 -0.004128617 -2.542037 -5.056583 1.127802 1.270922 0.6208536 20.06482 1.436068 0 0.0 0.03324719057838104 5.659592188953017 0.0
-0.03867877 -0.02663203 -0.4311189 0.9988709 0.6750943 0.7138731 0.6376445 19.2857 1.928595 0 0.0 0.04696075244961265 1.0879368459630459 0.0
-0.00354487 -0.003039326 -2.242926 -2.995748 1.171884 1.236959 0.5969188 19.64275 nan 0 0.0 0.004669433140240473 3.7423552905863975 0.0
-0.02828796 -0.02730757 -1.381429 -2.949979 0.2436251 0.2333634 0.5117698 17.87674 1.402224 1 0.9569532 0.03931808820716618 3.2574103491089357 0.0
-0.03267355 0.04600913 -4.010601 -8.317522 1.103383 1.283318 0.5416298 20.22239 1.318588 0 0.0 0.056430496302614604 9.23396407842726 0.0
0.001635202 -0.008172483 -2.048677 -2.200948 0.3403306 0.3439356 0.4745542 18.02935 1.360216 0 0.0 0.008334468427325943 3.0068670654076146 0.0
-0.004184762 -0.00344988 -2.002381 -3.098487 0.2368382 0.2283739 0.4757706 17.83348 1.161573 0 0.0 0.005423458768262556 3.6891938629367256 0.0
0.008460857 -0.0234763 -2.411871 -1.161393 1.206138 1.267894 0.6954731 20.02418 1.089443 0 0.0 0.024954413695065028 2.676930223425706 0.0
0.01281834 -0.02741183 6.155436 -2.679359 0.2908239 0.2971656 0.499005 17.89493 1.407146 1 0.0 0.030260837138197286 6.71329702910403 0.0
0.02500733 -0.04065528 -3.81443 -3.158703 1.467976 1.651117 0.5565447 20.48265 1.723875 1 0.5403158 0.04773068557654814 4.952502485320831 0.0
-0.04781809 0.02051395 -6.774532 -2.699054 0.2768867 0.2525934 0.5014511 17.96719 1.223757 1 0.0 0.052032603969536254 7.292405386012217 0.0
-0.04361252 0.03640627 -5.046313 -6.772808 1.310523 1.519326 0.5672689 20.48393 1.791153 0 0.0 0.056810812316523865 8.446076195419563 0.0
0.01632242 -0.01730736 -2.712695 -3.23844 0.3812982 0.4247538 0.57999 18.12626 0.7804852 0 0.0 0.023790042135860123 4.2244772216956035 0.0
-0.004489475 -0.004198752 -3.075115 -5.071982 0.5335843 0.6473623 0.861966 18.18825 1.307673 0 0.0 0.006146942665515028 5.931385476560177 0.0
-0.03045236 -0.05902337 -1.834526 -13.51678 1.212759 1.291232 0.6145705 20.06332 1.883173 0 0.0 0.06641614589635941 13.640704791654866 0.0
0.002671179 0.007824214 1.283818 -0.1804997 1.776637 1.980747 0.6384945 20.39775 1.044994 0 0.0 0.008267618881385197 1.2964446763453077 0.0
-0.008633429 0.00813729 -2.808238 -3.275375 0.6709648 0.6989184 0.7060886 19.05445 1.024748 0 0.0 0.011863877310649374 4.314427198976592 0.0
-0.03642396 -0.02924685 -1.405221 -6.485769 0.5257628 0.5854128 0.6554507 18.93978 1.190008 1 0.0 0.046712772311265145 6.6362523746616215 0.0
-0.005495011 -0.002711015 -1.583473 -2.64661 0.2702637 0.2554984 0.4326083 17.71493 1.468672 0 0.0 0.006127376944529038 3.084141895864877 0.0
0.02936483 -0.04069522 -12.19428 -3.763844 0.6794361 0.7229843 0.560917 19.4364 1.742344 1 0.0 0.050183604611240315 12.761935056046006 0.0
0.0006296367 0.02207806 -1.598441 -2.38535 0.8034904 0.8579152 0.6211696 19.52363 1.446787 0 0.0 0.022087036372895004 2.8713948270798633 0.0
-0.004062875 -0.00259825 -2.275201 -4.172216 0.7535056 0.7815521 0.5912412 18.89373 nan 0 0.0 0.004822639974964438 4.752254827032847 0.0
-0.004519835 0.02114061 -2.353102 -3.388134 1.643209 1.837532 0.6461745 20.48896 1.254953 0 0.0 0.021618378745857078 4.125111031761448 0.0
-0.005220776 -0.003415543 -0.537122 -3.854209 2.489223 2.782033 0.6736356 20.40795 nan 0 0.0 0.006238784819740539 3.89145564777051 0.0
-0.02225421 -0.01082227 -1.974399 -6.253969 1.034607 1.122232 0.6612672 19.95048 nan 0 0.0 0.024746138904423048 6.558229918519325 0.0
0.004347087 0.002457179 -0.2611786 -1.082882 0.3362352 0.3777918 0.6057204 18.17221 0.7772884 0 0.0 0.00499348515804443 1.1139334302470503 0.0
0.01912572 -0.01314 -1.970253 -2.593908 0.5752397 0.6093476 0.5959435 19.17832 1.071613 0 0.0 0.023204585010691312 3.257338729158053 0.0
0.002945433 0.001399788 -1.390066 -2.520229 0.2417314 0.2270494 0.4328189 17.65275 1.269201 0 0.0 0.00326113201242038 2.878165682652234 1.0
-0.002722151 -0.001589744 1.668716 2.155478 1.301737 1.448568 0.6764403 20.20488 nan 0 0.0 0.0031523629315700625 2.725930757950392 1.0
