jas1101finalproject/data/gcs/NGC_6293.ecsv
# %ECSV 0.9
# ---
# datatype:
# - {name: x, unit: deg, datatype: float64}
# - {name: y, unit: deg, datatype: float64}
# - {name: pmx, unit: mas / yr, datatype: float64}
# - {name: pmy, unit: mas / yr, datatype: float64}
# - {name: pmx_e, unit: mas / yr, datatype: float64}
# - {name: pmy_e, unit: mas / yr, datatype: float64}
# - {name: pm_corr, datatype: float64}
# - {name: g_mag, unit: mag, datatype: float64}
# - {name: bp_rp, unit: mag, datatype: float64}
# - {name: filter, datatype: int64}
# - {name: memberprob, datatype: float64}
# - {name: r, unit: deg, datatype: float64}
# - {name: pm, unit: mas / yr, datatype: float64}
# - {name: member_prob_GMM, datatype: float64}
# - {name: member_prob_DB, datatype: float64}
# meta: !!omap
# - comments: [deg deg mas/yr mas/yr mas/yr mas/yr dimless mag   mag   zeroone float]
# - __serialized_columns__:
#     bp_rp:
#       __class__: astropy.units.quantity.Quantity
#       unit: &id001 !astropy.units.Unit {unit: mag}
#       value: !astropy.table.SerializedColumn {name: bp_rp}
#     g_mag:
#       __class__: astropy.units.quantity.Quantity
#       unit: *id001
#       value: !astropy.table.SerializedColumn {name: g_mag}
#     pm:
#       __class__: astropy.units.quantity.Quantity
#       unit: !astropy.units.Unit {unit: mas / yr}
#       value: !astropy.table.SerializedColumn {name: pm}
#     pmx:
#       __class__: astropy.units.quantity.Quantity
#       unit: !astropy.units.Unit {unit: mas / yr}
#       value: !astropy.table.SerializedColumn {name: pmx}
#     pmx_e:
#       __class__: astropy.units.quantity.Quantity
#       unit: !astropy.units.Unit {unit: mas / yr}
#       value: !astropy.table.SerializedColumn {name: pmx_e}
#     pmy:
#       __class__: astropy.units.quantity.Quantity
#       unit: !astropy.units.Unit {unit: mas / yr}
#       value: !astropy.table.SerializedColumn {name: pmy}
#     pmy_e:
#       __class__: astropy.units.quantity.Quantity
#       unit: !astropy.units.Unit {unit: mas / yr}
#       value: !astropy.table.SerializedColumn {name: pmy_e}
#     r:
#       __class__: astropy.units.quantity.Quantity
#       unit: &id002 !astropy.units.Unit {unit: deg}
#       value: !astropy.table.SerializedColumn {name: r}
#     x:
#       __class__: astropy.units.quantity.Quantity
#       unit: *id002
#       value: !astropy.table.SerializedColumn {name: x}
#     y:
#       __class__: astropy.units.quantity.Quantity
#       unit: *id002
#       value: !astropy.table.SerializedColumn {name: y}
# schema: astropy-2.0
x y pmx pmy pmx_e pmy_e pm_corr g_mag bp_rp filter memberprob r pm member_prob_GMM member_prob_DB
[from data line 6228]
0.009356402 0.02854808 -2.589528 -2.931265 1.154071 0.7823613 -0.04727237 19.6246 nan 0 0.0 0.03004222245560411 3.9112619143965546 0.0 0.0
-0.05696317 -0.05803454 -4.544763 -10.9717 1.6855 1.283163 0.5042423 20.11745 nan 0 0.0 0.08131918942943603 11.8757345716452 0.0 0.0
0.07252751 -0.01083837 -6.586365 -4.145927 0.1399431 0.118313 -0.318358 16.1959 1.782334 1 0.0 0.07333287101332527 7.782603330669886 0.0 0.0
-0.008086305 0.01376432 -4.093775 -8.372674 1.355212 0.9746235 0.6015801 18.18625 nan 0 0.0 0.015963860235401243 9.319906848295266 0.0 0.0
-0.02824458 0.07295376 -2.390184 -3.350057 1.907133 1.268047 0.4777286 20.38066 1.084261 0 0.0 0.07823047614270286 4.115320334689026 0.0 0.0
0.07217443 0.03515376 -3.787619 -3.527836 1.478792 0.8943122 0.4551542 20.093 nan 0 0.0 0.0802803536860825 5.176068443525162 0.0 0.0
0.07216359 -0.0253626 -1.308501 -1.645738 0.2368761 0.1631674 0.3983162 17.49183 1.603493 1 0.0 0.07649081775251262 2.1025290560762766 0.0 0.0
0.06889831 -0.0104127 -3.065626 -3.773921 0.3018721 0.2100474 0.1287064 18.13104 1.397448 1 0.0 0.06968071068915774 4.862154099379924 0.0 0.0
0.06746448 -0.03548967 -3.300272 -6.46358 1.679784 1.127156 0.3514262 20.27061 1.14646 0 0.0 0.07622973657556019 7.257386698418654 0.0 0.0
0.002915129 0.07487409 -10.11587 -3.938733 0.934987 0.6122775 0.3916242 19.71153 0.9682331 1 0.0 0.0749308169608122 10.8556180617314 0.0 0.0
0.05715009 -0.0381448 0.9073988 -1.042851 0.8720135 0.5275096 -0.5805102 18.31736 nan 0 0.0 0.06871068733499978 1.3823569692530362 0.0 0.0
0.04218751 0.004090389 -5.90767 -4.320022 1.321277 0.8192422 0.4195233 19.83347 1.350229 0 0.0 0.04238534277520262 7.318685326572252 0.0 0.0
-0.01520007 -0.06314832 -4.668285 -0.7349486 0.1777736 0.1238506 0.1389147 17.01123 1.656584 1 0.0 0.0649519241195155 4.7257839863737905 0.0 0.0
-0.007433745 0.0526304 -0.5942126 -0.7028058 2.136047 1.437006 0.4874241 20.50386 nan 0 0.0 0.053152794553861654 0.9203393974574815 0.0 0.0
-0.05322246 -0.007232417 -13.67731 6.200822 2.580378 1.868736 0.2001674 19.85133 1.063128 0 0.0 0.05371161982395885 15.017290112126888 0.0 0.0
-0.03383093 -0.06007576 -3.579223 -6.029338 0.3056318 0.2179604 0.2757906 18.00509 1.640566 1 0.0 0.06894656455721707 7.011686958355528 0.0 0.0
-0.00407192 -0.04302296 2.648705 -10.39231 2.254251 1.461111 0.5079421 20.48969 nan 0 0.0 0.04321522439659431 10.724539398646685 0.0 0.0
0.07137358 0.02045241 -4.982365 -5.120837 0.3289757 0.2246553 -0.2755565 17.50798 nan 0 0.0 0.07424613792531232 7.144713610341145 0.0 0.0
-0.05796459 0.03420434 -6.762378 -5.567284 1.011969 0.6570745 0.5171171 19.67615 0.8020687 0 0.0 0.0673040159923886 8.75924696258417 0.0 0.0
-0.04995508 0.00977307 -8.04045 -6.956659 2.15934 1.480967 0.3622867 20.53422 nan 0 0.0 0.05090209146028579 10.632212405928552 0.0 0.0
-0.004673465 -0.009901875 3.837428 -3.571122 0.7755184 0.479971 0.5563176 18.04119 nan 0 0.0 0.0109493563108454 5.242019266853948 0.0 0.0
-0.008109324 -0.0465613 1.300787 -4.643581 0.6881378 0.4644353 0.37273 19.31737 1.457338 0 0.0 0.04726220258755379 4.8223325603829945 0.0 0.0
-0.006751212 0.05387212 3.299634 -4.604277 2.609409 1.959876 0.05519634 20.44922 nan 0 0.0 0.05429350031784048 5.6645345110331 0.0 0.0
0.01569235 0.0482007 -4.480407 -5.671606 0.7454182 0.5036187 0.3558613 18.97044 1.480871 0 0.0 0.05069080122677585 7.2278047500527425 0.0 0.0
0.04589414 0.05936773 -0.2131522 -5.801361 1.041318 0.6786012 0.4123238 19.87643 1.219679 0 0.0 0.07503865305089438 5.805275472592652 0.0 0.0
-0.01706509 0.005248927 -5.787803 -6.361312 1.950073 1.301435 0.7961993 19.74646 0.996439 0 0.0 0.017854090045685025 8.60028801425586 0.0 0.0
-0.02967206 -0.003910827 1.269227 -8.658539 1.068778 0.6606282 0.5285355 19.50565 nan 0 0.0 0.02992867709183834 8.751070494062425 0.0 0.0
0.02659636 -0.02612115 -0.653319 -4.513257 0.6498621 0.3867724 0.4011126 18.8702 1.200008 0 0.0 0.03727842328441615 4.5602976288626165 1.0 0.0
-0.03920478 0.02015705 -2.28785 -1.537248 0.1524064 0.09901626 0.2839191 16.76891 1.328337 0 0.0 0.04408311966672617 2.7563361616471966 0.0 0.0
-0.06625016 0.01070894 -3.063776 -8.421486 0.9550922 0.7001481 0.1881647 18.61248 nan 0 0.0 0.06711009682565806 8.961481452660157 0.0 0.0
0.003596898 0.04394643 6.864672 1.821213 1.679067 1.170314 0.4497333 19.14223 1.327398 0 0.0 0.04409338255302381 7.102150270090953 0.0 0.0
0.0005384642 -0.08135294 -4.932712 -7.306715 0.6267508 0.4318697 0.240342 19.12275 1.702316 1 0.0 0.08135472199164767 8.815879523120142 0.0 0.0
-0.05630791 0.0517604 -2.312646 -5.267269 1.79475 1.161007 0.5302112 20.39934 1.056112 0 0.0 0.07648346054362407 5.752604126800053 0.0 0.0
-0.003581244 -0.03058894 -8.317241 -7.456499 1.622203 1.175989 0.05007473 19.8392 nan 0 0.0 0.03079786614217186 11.170312224332942 0.0 0.0
0.01091692 0.07594363 -3.112972 -0.8567632 0.4016191 0.2808622 0.3298054 18.42785 1.286976 0 0.0 0.07672427308136129 3.2287207766634514 0.0 0.0
-0.06798127 0.03020866 0.662732 -4.372415 0.1930605 0.141973 0.2827209 17.20621 0.766571 1 0.9138256 0.07439096860377944 4.422355326751685 0.0 0.0
-0.006996905 0.05309772 -2.353174 -0.8447476 0.5868857 0.395691 0.4264546 18.96587 1.446562 0 0.0 0.05355674139431399 2.5002052679693643 0.0 0.0
-0.02701805 -0.03273974 -9.674468 -11.05526 1.481397 1.132204 0.1227012 19.8586 1.29738 0 0.0 0.04244838749670122 14.6906128105884 0.0 0.0
-0.003283968 0.06902615 -14.51473 -9.416384 2.428644 1.520717 0.4647062 20.2661 0.6616611 0 0.0 0.06910422439798831 17.301609017902237 0.0 0.0
-0.04634086 0.04908886 -5.157227 -4.134199 0.4713568 0.3144911 0.3311394 18.62751 1.176361 0 0.0 0.06750697357784008 6.609734616543238 0.0 0.0
-0.01046244 0.02991364 2.598418 0.1161323 1.841317 1.207087 0.4128738 20.32403 nan 0 0.0 0.0316905113370422 2.601011882677065 0.0 0.0
0.05122141 0.065263 -1.219921 -5.501391 0.3871456 0.254587 0.3780073 18.4346 1.421938 1 0.0 0.08296319672835721 5.635025304390567 0.0 0.0
-0.05870804 -0.006655264 1.950698 -5.952204 0.7795411 0.5524004 0.3338304 19.37966 1.266836 0 0.0 0.059084062991227135 6.263701393331263 0.0 0.0
-0.006996878 0.05265141 0.8343367 -3.56302 1.756739 1.16031 0.4955932 20.24213 nan 0 0.0 0.05311428505341086 3.6594028542054358 0.0 0.0
-0.04157541 -0.06639735 -5.009673 -5.381718 0.5281571 0.3779239 0.2135101 18.77229 nan 0 0.0 0.07833979067938975 7.352531006289808 0.0 0.0
-0.0153487 0.02813545 1.713942 -3.719336 0.7584351 0.5348423 0.4149142 19.15422 0.9305763 0 0.0 0.03204974474769651 4.0952481561268055 1.0 0.0
0.003540471 -0.01501925 0.5690647 -5.8702 2.403861 1.481396 0.3838459 19.80548 nan 0 0.0 0.015430904233528928 5.897718429425576 0.0 0.0
-0.005111223 0.01538001 4.215587 -2.766953 1.050689 0.6223254 0.5643927 19.33281 0.9893074 0 0.0 0.016207075866911617 5.042539306617054 1.0 0.0
0.06118735 0.01184282 0.3308859 -5.494052 1.126984 0.760434 0.3404643 19.7776 1.014 0 0.0 0.06232290257662026 5.504006981965303 0.0 0.0
0.02842811 -0.01153609 -3.955842 -5.702928 0.9980537 0.7027324 0.5455971 18.99915 1.30711 0 0.0 0.030679615555938768 6.940610470423189 0.0 0.0
-0.05143399 -0.03974617 -5.417388 -0.6428481 0.4961329 0.3547114 0.3016755 18.65589 nan 0 0.0 0.0650016411868885 5.455396082982207 0.0 0.0
-0.003227435 0.0009147494 -3.073891 -2.044612 0.7960489 0.5514512 -0.1876954 16.45536 nan 0 0.0 0.003354564523753472 3.69178061515375 0.0 0.0
0.06043332 -0.02052259 -2.81204 1.269745 0.1568171 0.1041917 0.1914772 16.80767 1.354935 1 0.0 0.06382290236686593 3.0854207697857032 0.0 0.0
0.02090363 0.02832721 -3.445353 -9.438765 2.573462 2.005702 0.006324986 20.28707 1.291182 0 0.0 0.03520500779095213 10.047922273775509 0.0 0.0
-0.05873296 0.04197067 -1.667492 -3.621288 1.280257 0.8838445 0.4709159 20.06532 1.626833 0 0.0 0.07218793341418288 3.9867601318624626 0.0 0.0
0.04539047 0.02863293 -4.017353 -6.330709 0.8659762 0.6353897 0.07373659 19.49993 nan 0 0.0 0.053666930666899516 7.497799781888683 0.0 0.0
0.02767627 0.03917095 -4.326806 1.312731 0.8649714 0.5647989 0.1862303 19.42023 0.9745579 0 0.0 0.047961851976496904 4.521560885357733 1.0 0.0
0.0261802 0.06323822 -2.459934 -3.88323 0.5373116 0.3682663 0.219837 18.99159 1.199446 0 0.0 0.06844322713613378 4.59681960895313 0.0 0.0
0.03502706 0.06149636 2.165697 -0.5750055 0.662945 0.4385587 0.3894193 19.24718 1.433352 0 0.0 0.07077215006973576 2.240730867560683 0.0 0.0
-0.00314553 -0.0001266606 -2.097387 -2.932738 0.5935889 0.3864828 0.2985282 16.06623 nan 0 0.0 0.0031480790791357767 3.6055491127445483 0.0 0.0
0.05508474 -0.02128092 0.6126422 1.098384 2.576616 1.614231 0.7585242 20.27708 nan 0 0.0 0.059052570959391766 1.2576875115372816 0.0 0.0
0.02392917 0.006338702 -1.196577 -3.831127 0.135977 0.09432472 0.1854094 11.3342 3.100697 1 0.0 0.024754480805173514 4.01364305924904 0.0 0.0
0.03155053 0.03012149 -2.257443 -3.971977 1.348957 1.219666 -0.06681972 19.69324 1.0371 0 0.0 0.043620409249581785 4.568659561269366 1.0 0.0
0.02482777 -0.003224936 -4.095366 -6.5135 0.8914611 0.6310704 0.3446509 19.60017 1.055349 0 0.0 0.025036341094037604 7.69400447907044 0.0 0.0
0.03508503 0.07249029 -5.698549 -4.829809 0.6758012 0.4463786 0.3632449 19.08995 1.442619 0 0.0 0.0805344738257164 7.469974275851423 0.0 0.0
0.01398571 -0.06496396 -4.693943 -0.1320261 0.9063757 0.5949683 0.3465886 19.71148 1.275957 0 0.0 0.06645236025218142 4.695799375860324 0.0 0.0
-0.006969556 0.05235195 -2.053105 -2.557605 0.6861841 0.4556103 0.430198 19.1494 nan 0 0.0 0.05281383700925011 3.2797230793239236 0.0 0.0
0.04615903 -0.02864315 -3.701377 -4.252513 1.539142 0.9139365 0.6534211 19.86642 1.168579 0 0.0 0.054323899827455314 5.637735228910453 0.0 0.0
-0.02336008 -0.04216887 -3.251991 -6.963922 2.038273 1.509657 0.1699776 20.4692 nan 0 0.0 0.048206917913130476 7.68580868134024 0.0 0.0
0.02140295 -0.07508358 -7.46693 -5.307937 0.5915512 0.3991823 0.3607743 19.14726 1.29361 1 0.0 0.0780745173172329 9.161290237781412 0.0 0.0
-0.01450683 0.06281305 -6.539038 -9.335079 1.869165 1.20901 0.5419141 20.31359 0.7481003 0 0.0 0.06446648250797773 11.397487350363019 0.0 0.0
0.02360344 0.01504009 -2.304833 -5.964312 1.075031 0.713365 0.8599757 17.81171 1.384344 0 0.0 0.027987973971720426 6.394159271650417 0.0 0.0
-0.03341584 0.01300442 -4.314931 -6.217188 0.2714463 0.1938156 0.5460623 17.37798 1.793125 1 0.0 0.03585712345464984 7.5678303470747155 0.0 0.0
-0.04899182 0.05500244 -3.871446 -2.513914 0.9660621 0.6556255 0.2786778 19.63722 nan 0 0.0 0.07365776831309784 4.616043514776697 0.0 0.0
0.03190541 0.03010614 -1.01293 -4.916881 2.110434 1.472138 0.5074409 20.09066 nan 0 0.0 0.043867241228138565 5.020134057279845 0.0 0.0
-0.06255416 -0.009936033 -1.567471 1.181541 0.2791612 0.2001218 0.3245644 17.81106 1.468225 1 0.0 0.06333835871794191 1.9629071477077056 0.0 0.0
0.01920047 -0.03519483 -1.983906 -3.291205 0.9829509 0.6414838 0.4580944 19.55291 nan 0 0.0 0.04009157152008138 3.8429042882774223 0.0 0.0
-0.003252637 -0.07250099 -2.471075 -4.981524 0.2545445 0.179193 0.1509021 14.71357 4.329978 1 0.0 0.07257391541341743 5.560736733401519 0.0 0.0
0.01279626 0.03071068 -7.050635 -11.05737 1.912825 1.322967 0.3277013 19.56328 nan 0 0.0 0.033269958461801544 13.113995776273722 0.0 0.0
0.05218663 0.02604557 -0.8683137 -0.6340257 0.3740472 0.2493378 0.3123462 18.39942 1.276596 0 0.0 0.05832508951884943 1.0751545330175472 0.0 0.0
-0.01840982 0.05116432 -3.743341 -1.203339 0.7425447 0.5144504 0.4922082 19.00982 nan 0 0.0 0.054375629775615476 3.9320003295017667 0.0 0.0
0.05602496 0.06008421 -3.486236 -0.05424875 0.7829863 0.5015738 0.413287 19.48191 1.202845 0 0.0 0.08215174030004295 3.486658052429656 0.0 0.0
0.04880537 0.03469689 6.25548 -1.998365 1.411173 0.9453726 0.3441086 19.96227 2.015009 0 0.0 0.05988186968113972 6.566924143282378 0.0 0.0
0.04387615 0.06627694 -3.939216 -2.267183 0.912235 0.6331265 0.3383386 19.4724 1.352688 0 0.0 0.07948427086276945 4.545056814842362 0.0 0.0
-0.003719248 0.01811711 -2.096326 -4.61929 1.091346 0.7169184 0.5567637 19.35089 nan 0 0.0 0.018494931209323377 5.0727135541420045 0.0 0.0
0.00105778 0.04228709 0.8474097 -4.57661 0.746294 0.5002714 0.5018852 19.30328 1.029253 0 0.0 0.0423003177198056 4.654402463448352 1.0 0.0
-0.02513877 -0.01767508 1.839213 -7.494883 1.400321 0.9665587 -0.1557171 19.71025 1.342186 0 0.0 0.030730541975684388 7.717251819336855 0.0 0.0
-0.02519103 -0.028217 -1.676387 -0.368865 0.5710631 0.3517802 0.6223164 18.26507 1.383314 1 0.0 0.037825746277646656 1.7164890800683819 0.0 0.0
-0.003636104 -0.02140696 -2.99641 -7.481635 1.660749 1.175271 0.5298027 19.69488 1.022633 0 0.0 0.021713571533499874 8.05936319825115 0.0 0.0
0.07005727 -0.03404736 -5.259332 -2.1711 0.7128787 0.4552263 0.4286272 19.15388 1.44698 0 0.0 0.07789251442097951 5.6898372820515695 0.0 0.0
-0.06815371 0.04477307 -0.9846535 -6.223432 1.510114 0.9634502 0.4133778 20.17239 0.6312103 0 0.0 0.08154480966921807 6.300845052347046 0.0 0.0
-0.005058706 0.06240378 -2.343038 -5.381236 0.7797673 0.5111023 0.4584832 19.42803 nan 0 0.0 0.0626084839672934 5.869201645636313 0.0 0.0
0.008568778 0.08257949 -4.650486 -5.705034 1.150273 0.8139595 0.4344599 19.19531 1.40641 0 0.0 0.08302286507386616 7.3603283199428 0.0 0.0
-0.007599167 0.07675642 -0.354729 -4.81416 0.2619163 0.17737 0.4265048 17.61708 1.426767 0 0.0 0.07713167540194035 4.82721132425762 0.0 0.0
0.01220074 0.07838681 -4.032227 -4.351473 0.09324474 0.05955146 0.2500959 15.57498 1.910469 1 0.0 0.07933063745189307 5.932467602040318 0.0 0.0
-0.03471423 -0.02576665 -5.035566 -7.758915 2.403518 2.28548 0.1754351 20.16897 1.584063 0 0.0 0.04323190970470076 9.249739829723916 0.0 0.0
-0.0645508 0.04655281 -6.292622 -5.361468 0.9141815 0.6197385 0.4269369 19.62959 nan 0 0.0 0.07958624189855995 8.266948091642284 0.0 0.0
-0.03362815 -0.007577845 -0.4171715 -3.38205 1.337394 0.7809676 0.4269616 19.73216 1.218441 0 0.0 0.0344713824391556 3.4076816551597435 0.0 0.0
-0.001917366 -0.002419267 -1.850913 -4.222795 0.9520361 0.6649779 0.1773388 16.55027 nan 0 0.0 0.0030869313557714564 4.610626480815161 0.0 0.0
0.03534697 -0.0521035 1.448732 -4.589806 0.723924 0.4892234 0.3950148 19.39233 1.4727 0 0.0 0.0629617582380837 4.813018130597474 0.0 0.0
0.04843023 0.0514264 0.4149921 -1.853997 1.739893 1.173365 0.4536254 20.25707 1.681961 0 0.0 0.07064107724838926 1.899874553509102 0.0 0.0
-0.04654207 0.006671252 -6.435072 -6.783529 0.4876368 0.3303933 0.4182237 18.67962 nan 0 0.0 0.04701776135815489 9.350209481023674 0.0 0.0
-0.0264523 -0.001539203 -3.687299 -7.538824 1.460105 0.8569294 0.6680364 19.43613 1.234947 0 0.0 0.026497043630662066 8.392260793038846 0.0 0.0
0.02401381 0.01951846 -5.96682 -4.356463 0.09481583 0.06425968 0.2562261 15.65222 1.649841 1 0.0 0.030945651576395998 7.387943609880153 0.0 0.0
-0.02381718 0.05688918 0.7136476 -0.6166944 1.665863 1.114704 0.5525029 20.27048 1.015951 0 0.0 0.0616736318390996 0.9431886767646864 0.0 0.0
-0.001507002 -0.07800746 1.271042 -11.05115 0.9885578 0.6957598 0.2740389 19.90004 0.8031158 0 0.0 0.07802201529491277 11.124003959378296 0.0 0.0
-0.03058342 -0.06569008 2.200916 -1.961029 0.9542616 0.6830226 0.3243277 19.80651 1.364433 1 0.01573908 0.0724605560929724 2.947823939433459 0.0 0.0
-0.05125147 0.04012032 -1.495544 -5.337474 0.5896304 0.3990434 0.5250129 18.94212 1.308197 0 0.0 0.06508727413299238 5.5430389279358305 0.0 0.0
0.008731378 0.06590163 -6.744634 2.300006 1.376509 0.8620164 0.2121913 18.53056 0.9553032 0 0.0 0.06647752852231936 7.126016797201084 0.0 0.0
0.04902934 0.0477278 -2.429185 -3.399505 0.8285511 0.5135636 0.4569108 19.20103 1.682487 1 1.553175e-06 0.06842381949055168 4.178226179762173 0.0 0.0
0.01128879 -0.03028998 1.497204 -4.59617 0.5905755 0.396436 0.3503812 18.71804 1.252337 0 0.0 0.03232521721604512 4.833880272257061 0.0 0.0
0.02165323 -0.04966823 -7.486726 -6.362467 2.343478 1.396629 0.7508897 20.10349 0.9561863 0 0.0 0.05418298109891888 9.825072647322513 0.0 0.0
0.02055528 0.06474236 -4.521476 -0.3977488 0.9544265 0.6249743 0.3755161 19.74898 1.278646 0 0.0 0.06792711324830461 4.538937026053285 0.0 0.0
