jas1101finalproject/data/gcs/NGC_5634.ecsv
# %ECSV 0.9
# ---
# datatype:
# - {name: x, unit: deg, datatype: float64}
# - {name: y, unit: deg, datatype: float64}
# - {name: pmx, unit: mas / yr, datatype: float64}
# - {name: pmy, unit: mas / yr, datatype: float64}
# - {name: pmx_e, unit: mas / yr, datatype: float64}
# - {name: pmy_e, unit: mas / yr, datatype: float64}
# - {name: pm_corr, datatype: float64}
# - {name: g_mag, unit: mag, datatype: float64}
# - {name: bp_rp, unit: mag, datatype: float64}
# - {name: filter, datatype: int64}
# - {name: memberprob, datatype: float64}
# - {name: r, unit: deg, datatype: float64}
# - {name: pm, unit: mas / yr, datatype: float64}
# - {name: member_prob_GMM, datatype: float64}
# meta: !!omap
# - comments: [deg deg mas/yr mas/yr mas/yr mas/yr dimless mag   mag   zeroone float]
# - __serialized_columns__:
#     bp_rp:
#       __class__: astropy.units.quantity.Quantity
#       unit: &id001 !astropy.units.Unit {unit: mag}
#       value: !astropy.table.SerializedColumn {name: bp_rp}
#     g_mag:
#       __class__: astropy.units.quantity.Quantity
#       unit: *id001
#       value: !astropy.table.SerializedColumn {name: g_mag}
#     pm:
#       __class__: astropy.units.quantity.Quantity
#       unit: !astropy.units.Unit {unit: mas / yr}
#       value: !astropy.table.SerializedColumn {name: pm}
#     pmx:
#       __class__: astropy.units.quantity.Quantity
#       unit: !astropy.units.Unit {unit: mas / yr}
#       value: !astropy.table.SerializedColumn {name: pmx}
#     pmx_e:
#       __class__: astropy.units.quantity.Quantity
#       unit: !astropy.units.Unit {unit: mas / yr}
#       value: !astropy.table.SerializedColumn {name: pmx_e}
#     pmy:
#       __class__: astropy.units.quantity.Quantity
#       unit: !astropy.units.Unit {unit: mas / yr}
#       value: !astropy.table.SerializedColumn {name: pmy}
#     pmy_e:
#       __class__: astropy.units.quantity.Quantity
#       unit: !astropy.units.Unit {unit: mas / yr}
#       value: !astropy.table.SerializedColumn {name: pmy_e}
#     r:
#       __class__: astropy.units.quantity.Quantity
#       unit: &id002 !astropy.units.Unit {unit: deg}
#       value: !astropy.table.SerializedColumn {name: r}
#     x:
#       __class__: astropy.units.quantity.Quantity
#       unit: *id002
#       value: !astropy.table.SerializedColumn {name: x}
#     y:
#       __class__: astropy.units.quantity.Quantity
#       unit: *id002
#       value: !astropy.table.SerializedColumn {name: y}
# schema: astropy-2.0
x y pmx pmy pmx_e pmy_e pm_corr g_mag bp_rp filter memberprob r pm member_prob_GMM
[from data line 341]
-0.001033156 -0.008552928 0.7152036 -0.1098943 1.658718 1.503091 -0.1659439 20.16311 nan 0 0.0 0.008615102361174822 0.7235972267950245 0.0
-0.03367268 -0.06075618 2.981441 -0.5710693 0.2670282 0.2158856 0.02932563 17.74702 0.5919361 1 0.0 0.06946339170077143 3.03564006131878 0.0
-0.01199038 0.01095292 -1.777337 -1.613649 0.2421596 0.2362913 -0.2000601 17.58892 0.5811672 1 0.9999337 0.016239940550100546 2.4005811602130844 0.0
0.01702688 0.02526458 -0.6226709 -0.6715404 0.6384881 0.5902869 -0.1076742 19.08155 0.880703 0 0.0 0.030466598843828956 0.9157977716390066 0.0
-0.01308225 -0.02303892 -0.1639509 -0.2636211 3.492804 2.286054 0.3598178 20.78622 0.9045544 0 0.0 0.026494095565406644 0.3104448130924722 0.0
-0.007893001 0.0237885 -1.176215 -1.063681 1.86361 1.351275 0.2426325 20.39336 0.7767353 0 0.0 0.0250637626272673 1.5858433075137026 0.0
0.0061756 0.02142913 0.136383 -2.376234 2.781851 1.226742 0.6811659 19.87589 0.5789776 0 0.0 0.02230124767623776 2.3801446059945603 0.0
0.00403559 0.003586379 -2.19159 -1.837731 0.274641 0.2111872 0.07695456 17.47754 0.8989067 0 0.0 0.005398898126445896 2.8601262133795773 0.0
-0.02929092 0.005718979 -2.0162 -6.006652 2.047315 1.74537 0.01353378 20.68101 0.1858063 0 0.0 0.029844006353853383 6.336002737460267 0.0
0.001258378 -0.001506229 1.199036 0.3174118 1.630656 1.092836 0.2760922 18.43981 nan 0 0.0 0.0019627126614267815 1.240337687920205 0.0
-0.04708687 -0.05799485 -1.79918 -1.38933 0.9520893 0.7695302 0.04657834 19.67608 0.92696 1 0.9884065 0.07470325262610324 2.2731666285822514 0.0
0.01359612 -0.009171076 -2.094902 -2.042654 0.5733338 0.5027076 -0.0406791 19.00551 0.9586983 0 0.0 0.016400094940340317 2.925927161314854 0.0
-0.001503667 0.01566801 -1.766937 -0.3951746 0.3474735 0.2463809 0.1694234 17.94611 0.9633236 0 0.0 0.015739998469091063 1.8105881161805297 0.0
-0.001048352 0.001857381 -4.458182 0.07206479 0.4786933 0.6885421 -0.8208935 17.0327 nan 0 0.0 0.002132816470084803 4.458764411704407 0.0
0.00619077 0.02079732 2.884724 0.561673 2.094857 1.765469 -0.05533463 20.56951 nan 0 0.0 0.021699174002143492 2.9388959006921285 0.0
-0.006117054 -0.002653055 -0.5369744 -1.24602 0.6135958 0.446324 0.2499705 18.10511 nan 0 0.0 0.006667612051697444 1.356800407818099 0.0
-0.01088218 -0.006365783 -1.475055 -5.903325 2.50793 2.673078 -0.4315044 20.27295 0.7250557 0 0.0 0.01260734051080913 6.0848199076595515 0.0
-0.008590229 -0.03301188 0.5537207 -0.6230372 2.589848 1.750856 0.3308025 20.6783 0.6214867 0 0.0 0.034111233566185215 0.8335358217811217 0.0
0.0103486 -0.006422993 1.253282 -1.777125 2.018396 1.657494 0.1347332 20.58089 nan 0 0.0 0.012179834195835713 2.174600891462385 0.0
0.09021442 -0.02898759 -21.91611 -1.865917 0.6534185 0.5357528 -0.04253861 19.25121 1.529631 1 0.0 0.09475717360677502 21.995397786423162 0.0
0.08751681 -0.006873828 -1.187176 -1.893484 0.3990403 0.342725 -0.1111388 18.46238 1.021898 1 0.9884656 0.08778634030388603 2.234875502848425 0.0
-0.00467563 0.02965172 -1.040281 -1.295117 1.362421 1.094044 0.1146537 20.17907 0.8771439 0 0.0 0.03001809479056424 1.6611780767425268 0.0
0.004688097 -0.003313937 -1.456292 -1.657982 0.1593488 0.1384038 -0.09295323 16.18134 0.9652309 0 0.0 0.005741117654375147 2.20673756971417 0.0
0.005082697 -0.0001033958 -1.917261 -1.660485 0.06360324 0.05320011 -0.01873794 14.75263 1.48622 0 0.0 0.0050837485662910825 2.536355688255494 0.0
0.01500734 -0.01351558 -6.08445 3.397966 3.78542 2.630243 0.3787863 20.54193 0.9925404 0 0.0 0.02019631542168026 6.968981614242931 0.0
0.01740561 0.003587071 -1.498466 -1.315443 0.2759016 0.2277609 -0.04004627 17.66758 1.018412 0 0.0 0.017771390993142348 1.9939384743278816 0.0
0.004308699 -0.003764068 -1.126943 -1.75764 0.3824689 0.3235268 -0.05567477 17.95257 nan 0 0.0 0.005721284382131778 2.087893410796873 0.0
-0.0004564876 -0.002600569 -5.494916 -2.621287 0.917418 0.5803881 0.3528674 18.12436 nan 0 0.0 0.0026403295348715015 6.088123469791411 0.0
0.01666199 0.003737774 -2.578083 -1.834266 1.248333 0.9098885 -0.1076171 19.81731 0.8220921 0 0.0 0.017076090455229384 3.1640233427781466 0.0
-0.03212736 -0.01931608 -1.899888 -1.346603 0.2344372 0.1966679 0.002192493 17.60055 0.2656059 1 0.9997917 0.037487040522505906 2.328715107554593 0.0
-0.001260853 0.0185648 -3.819266 -1.866464 1.676015 0.9583346 0.4206209 20.08118 nan 0 0.0 0.01860756699108212 4.250938795378263 0.0
-0.001306381 0.01822815 -1.7016 -1.510363 0.8112514 0.6081026 0.09469974 19.44026 0.5929222 0 0.0 0.018274903111635394 2.2752228356292927 0.0
0.004779196 0.001827797 -2.476549 -0.6357948 0.2431497 0.1908011 0.04699676 16.31712 0.9355898 0 0.0 0.0051167916001753485 2.55685939721136 0.0
0.01745112 0.003065409 3.276277 -0.2977872 1.867334 1.377348 0.199568 20.24728 nan 0 0.0 0.017718304704222722 3.289782393595789 0.0
-0.002854244 -0.005945112 -1.933731 -1.486748 0.4105648 0.3506858 -0.03433622 18.10587 nan 0 0.0 0.006594775621966224 2.439207903370477 0.0
0.006524511 0.009014669 -1.672941 -1.904682 0.3888564 0.294639 0.08423871 18.48636 0.7306843 0 0.0 0.011128050187192812 2.535063137400132 0.0
0.008558278 0.01984695 -1.127494 -1.654875 1.063249 0.7912119 0.1130117 19.84415 1.000654 0 0.0 0.021613550069985818 2.0024619810775435 0.0
0.002578731 0.01049814 -5.967965 -10.67461 2.6457 2.631197 -0.2526331 20.32286 nan 0 0.0 0.010810217251746653 12.229632246855381 0.0
0.008375876 0.001162566 7.142354 -2.380068 2.530207 2.79127 -0.4008346 20.47243 nan 0 0.0 0.008456172802854257 7.528475565872549 0.0
-0.0009876702 0.01417408 2.256488 -0.5264768 1.931902 1.430559 0.182405 20.48271 0.1907463 0 0.0 0.01420844946749532 2.3170921248587075 0.0
0.0252986 0.03619432 -2.047485 -1.886051 0.4337482 0.3546276 -0.02287924 18.36471 0.9798222 1 0.9987264 0.044159347393529266 2.783771398629205 0.0
-0.04885548 0.03582317 -4.523259 -2.793241 1.649584 1.352204 0.07240073 20.4076 0.9080677 1 0.9057068 0.06058182429474455 5.316207977982239 0.0
-0.001958955 0.0154501 1.30606 -4.269545 2.364046 1.648677 0.2274924 20.21825 nan 0 0.0 0.01557379512842085 4.464841232409614 0.0
0.01757316 0.02298099 -2.457263 -0.01127538 1.004974 0.9429061 -0.2955699 19.56684 0.431572 0 0.0 0.0289299473515888 2.457288868929159 0.0
0.006524387 -0.001439509 -6.078203 7.025798 0.8105004 0.6691664 -0.0429611 17.56097 0.4742508 0 0.0 0.0066813031578315625 9.290123209409712 0.0
-0.0006385976 -0.002097506 -4.998144 -2.59542 0.8274899 0.6312404 0.07964581 15.50559 0.8783293 0 0.0 0.0021925643239735886 5.631842364727195 0.0
-0.007604394 0.005487014 -1.830777 -1.130948 0.3257934 0.2791398 -0.03810837 17.78698 0.3396759 0 0.0 0.009377320019250276 2.1519265327684867 0.0
0.003094628 -0.005674746 -1.693147 -1.423134 0.1302173 0.1116629 -0.07111556 16.29483 1.090703 0 0.0 0.006463703630496992 2.2117995265315074 0.0
0.01258007 0.02179571 -1.03919 -0.1213721 0.8967072 0.6690072 0.09545074 19.62701 0.8333282 0 0.0 0.025165673756309407 1.0462538137366144 0.0
-0.007665132 0.007947016 -2.493344 -1.687288 0.4036164 0.3512201 -0.06197377 17.93577 0.3039131 0 0.0 0.011041254995772899 3.0105987938083016 0.0
-0.0006386169 0.0145403 -0.9400751 -1.349061 2.47252 2.178568 -0.09000722 20.78588 nan 0 0.0 0.014554317422502698 1.6442952214736288 0.0
-0.01109489 0.006077279 4.314129 -8.001147 2.422499 1.998628 0.05589094 20.43205 0.7219563 0 0.0 0.012650292650999857 9.090107939086861 0.0
-0.01070031 0.006277558 -3.565538 -0.795539 3.651099 2.360038 0.4198558 20.41795 nan 0 0.0 0.012405819946277794 3.6532100309132245 0.0
-0.0100174 0.006777296 -0.08167601 -2.228567 1.226351 0.7957699 0.3644056 19.59903 0.7420731 0 0.0 0.012094628718220993 2.230063192848696 0.0
0.0007727375 -0.01208152 -1.582361 -1.54528 0.06623122 0.05882342 -0.07358236 15.08409 1.37224 1 0.9999757 0.012106207034174917 2.211731586951952 0.0
-0.02098693 -0.06469183 0.7595837 2.250389 3.01344 2.103686 0.2773832 20.99068 0.4774742 0 0.0 0.06801091162139941 2.375124849060927 0.0
0.01845386 0.03663996 -1.845005 -1.360136 0.9237623 0.6828676 0.1089116 19.68137 0.9704628 1 0.9979216 0.04102476834427222 2.292163473341507 0.0
0.002275108 -0.01345625 -5.116892 -4.932045 3.106298 2.414277 0.08125791 20.65528 nan 0 0.0 0.013647226109146282 7.106873547607907 0.0
0.0001201923 -0.001938718 -1.317676 -0.7854742 0.790814 0.7119917 -0.05275005 17.11431 nan 0 0.0 0.0019424401335699617 1.5340273008788468 0.0
-0.05619992 0.02462776 -4.322262 -1.199545 4.119427 2.649809 0.5065578 20.65509 0.3388824 0 0.0 0.06135925008198845 4.485627827146274 0.0
0.01467276 -0.04020366 -0.6534006 -0.8452869 1.570662 1.138391 0.1614209 20.33624 0.8118362 0 0.0 0.04279747847026972 1.0683830246648296 0.0
0.00309473 0.01224336 -2.044272 -1.11839 0.3343866 0.2611649 0.05274597 18.11692 0.9942436 0 0.0 0.012628428954644359 2.3302026096638033 0.0
0.008982515 -0.02291677 -3.761001 -0.3956584 1.476289 1.246703 0.01139051 20.32127 1.039427 0 0.0 0.024614303219025416 3.7817554246000045 0.0
0.001106556 -0.03341903 -3.439835 -1.762157 1.42777 1.134475 0.07995003 20.2872 0.5036201 0 0.0 0.0334373448754837 3.864927181703945 0.0
0.01063719 0.006909845 0.3476122 -0.534819 1.647453 1.556093 -0.1384805 20.02249 0.6963596 0 0.0 0.012684469599479711 0.637860176174873 0.0
-0.004918214 0.002542575 -1.296705 -1.431375 0.3039273 0.2856945 -0.1784553 17.56866 0.5923538 0 0.0 0.0055365618013728515 1.9313928258254456 0.0
-0.003309675 0.0205985 -0.3095778 -1.524661 1.585723 1.237495 0.09193357 20.10576 0.8244839 0 0.0 0.020862697592967813 1.5557729844594423 0.0
0.005628991 -0.003626751 -1.491474 -2.508565 0.5663813 0.4306107 0.05469328 18.68736 nan 0 0.0 0.0066961826807578955 2.918457306849117 0.0
-0.001215279 -0.001695056 -5.780048 8.116581 0.8298425 0.6554989 0.03735854 16.75922 0.6461353 0 0.0 0.0020856936234684613 9.964328477718155 0.0
0.005477067 -0.02020113 -3.281228 -1.208588 3.079698 1.987456 0.5029034 20.69915 0.6746731 0 0.0 0.020930454275991935 3.49673306698238 0.0
-0.006785103 0.02273947 -1.947933 -1.356475 0.5768118 0.414128 0.1614595 19.05731 nan 0 0.0 0.02373017316838436 2.3737033087801853 0.0
0.01285275 0.0006451112 -1.577155 -1.861466 0.2404691 0.1908729 0.04474745 17.4388 1.069366 0 0.0 0.012868929676661747 2.4397691618636794 0.0
-0.05123544 0.00583419 -1.213402 -0.9657627 1.17192 0.914491 0.07734497 20.04383 0.8324642 1 0.993561 0.0515665403624259 1.5508197852475607 0.0
-0.05884102 0.02818231 0.0216055 -0.6028353 0.5607183 0.4589747 0.007740604 18.8911 0.9487209 1 0.6442255 0.0652419208145844 0.6032223442117673 0.0
0.002472423 -0.006018066 -1.509583 -1.598202 0.3473996 0.2671406 0.05495869 17.71297 nan 0 0.0 0.006506150464851316 2.19842909066747 0.0
-0.009546957 0.007434863 -1.832245 -2.369191 0.5025328 0.3922283 0.08628655 18.38692 nan 0 0.0 0.01210047832891816 2.9950271675739435 0.0
-0.006117339 0.02290303 -1.656801 -1.404654 0.2706364 0.2068263 0.08396301 17.75262 0.3057518 0 0.0 0.023705919505933978 2.172105525364042 0.0
0.004005244 0.004369823 -1.324208 -1.709646 0.3332348 0.2598151 0.06420707 17.84758 nan 0 0.0 0.005927675138776163 2.162502317358296 0.0
-0.00236845 -0.04554071 -3.135994 -0.7958125 1.171991 0.9494977 0.05719148 20.08224 0.7341328 0 0.0 0.04560225677207873 3.2353942423130215 0.0
-0.006602965 0.02107674 -1.644662 -2.310887 1.435219 0.9759191 0.2337407 20.3 0.8153496 0 0.0 0.022086831276098094 2.8363906326549944 0.0
0.009817504 -0.003385054 -1.927155 -1.613846 0.07088111 0.06002102 -0.03223959 15.22671 1.339892 1 0.9998656 0.01038469909881514 2.513647808612217 0.0
-0.005844088 0.01593311 -0.1059682 -3.141971 2.041284 1.605276 0.110959 20.44578 0.9832687 0 0.0 0.01697107418002302 3.14375746905709 0.0
-0.00883389 0.02038005 -0.3303083 -1.270575 0.8766094 0.67996 0.03755429 19.61554 0.7663136 0 0.0 0.02221225001062702 1.3128078319669982 0.0
-0.04169226 0.03922504 -2.438605 -0.5746754 0.5512827 0.4246493 0.07167196 18.88196 1.026119 1 0.9726834 0.057243762165926866 2.505403392946964 0.0
0.00921055 0.001167798 -2.472301 -1.587037 0.4382255 0.3411872 0.06963556 18.26768 0.7751465 0 0.0 0.009284286912375338 2.9378493279897797 0.0
0.003944686 0.02468022 -1.959054 -2.418543 0.8989532 0.6821169 0.08332157 19.63593 0.9285583 0 0.0 0.024993475286302143 3.1124335844745348 0.0
0.009786829 -0.02143763 -1.883008 -1.216037 0.1711522 0.1356515 0.1246363 16.72243 1.169649 1 0.9996686 0.023565950052822842 2.2415318675925624 0.0
0.007374243 -0.0006479699 -2.272642 -1.225712 0.4400405 0.3304395 0.09355216 18.44921 nan 0 0.0 0.007402656605189451 2.58210603328136 0.0
-0.01888104 0.03093363 -0.2709815 -1.595318 1.519623 1.157815 0.1372597 20.17005 0.5917816 0 0.0 0.03624062825695079 1.6181688708123914 0.0
0.02181993 -0.04336867 -2.547846 -15.33854 0.9952168 0.7124445 0.1332477 19.68525 1.435863 0 0.0 0.04854843852044883 15.548708260537786 0.0
-0.001913408 0.01021776 0.9250437 -2.85968 1.943179 1.789382 -0.1517162 20.40053 nan 0 0.0 0.010395371546609768 3.0055740798239676 0.0
-0.004204916 -0.001277361 -1.186529 -0.9586803 0.1796912 0.1576272 -0.07547721 16.70059 0.8653965 0 0.0 0.004394652397104577 1.5254241985261312 0.0
0.03106083 -0.05132752 -3.857779 -5.227378 2.006708 1.929816 -0.1914887 20.65934 2.15856 0 0.0 0.05999407862147147 6.496763776506346 0.0
-0.01132242 0.0009960972 -1.588087 -2.062552 0.3885993 0.3284537 -0.01387576 18.3976 0.1631298 0 0.0 0.011366151692118482 2.6031022016572845 0.0
-0.00555576 0.01803835 -2.88303 0.8002394 1.620664 1.524696 -0.134905 20.38594 0.6706028 0 0.0 0.018874547409146 2.992030260243429 0.0
0.07801694 -0.00624535 -13.02915 -5.977866 0.4034914 0.2956121 0.119916 18.22941 0.9050217 1 0.0 0.07826651470192154 14.33504906292462 0.0
0.01511421 0.009972942 -1.697986 -1.54997 0.2659591 0.2185568 -0.02653943 17.60929 1.046585 1 0.9999337 0.0181079793477755 2.2990353318502956 0.0
-0.03036434 -0.06733681 -2.075372 -2.729822 1.02525 0.8620806 -0.01398768 19.83937 2.027163 0 0.0 0.07386635989820874 3.4291539904279595 0.0
0.002669758 0.004383659 -10.86565 0.5345189 1.881464 1.690119 -0.2883474 19.39811 nan 0 0.0 0.00513264785533208 10.87878947203949 0.0
-0.01038034 -0.06087492 -6.348278 -8.360197 1.974745 1.275557 0.3655462 20.14786 2.165314 0 0.0 0.06175360186678992 10.497310486219458 0.0
0.00306433 0.003774259 -3.54575 -6.587947 1.794798 1.384294 0.1759345 19.47108 nan 0 0.0 0.004861599463960498 7.481536522487142 0.0
0.003474185 0.02027902 2.411982 3.818932 2.704229 2.284463 -0.02278433 20.68079 nan 0 0.0 0.020574465085990083 4.5168461108330895 0.0
-0.002019362 -0.06492747 -6.472897 -11.04087 1.576558 1.346875 -0.06977476 20.32047 2.108032 0 0.0 0.06495886531866105 12.798406382417657 0.0
-0.01249129 0.01529976 -2.839287 -4.68798 1.654548 1.19395 0.3371081 20.1194 0.6177349 0 0.0 0.019751328611556745 5.480757899120248 0.0
0.02297433 -0.01667824 -3.562902 -1.113652 0.7641826 0.5825667 0.06065562 19.35013 nan 0 0.0 0.02838984903881139 3.73289317268898 0.0
0.006433427 0.00665528 1.889753 3.315022 3.758671 2.454901 0.3612786 20.75702 nan 0 0.0 0.009256442882810276 3.8158272054029125 0.0
0.007860068 0.01313929 -1.874911 -1.584789 0.2604674 0.2134917 -0.01134077 17.74453 0.3046341 0 0.0 0.015310833114782617 2.45496383526153 0.0
0.0101211 0.001234539 -2.95421 -2.065867 0.6665952 0.4869475 0.1476647 18.86731 nan 0 0.0 0.010196114541947878 3.604880467614564 0.0
0.001561911 0.004273514 -5.017924 -4.201295 1.751187 1.709359 -0.2890061 19.15858 nan 0 0.0 0.0045499986681445306 6.544496997233706 0.0
-0.04285728 -0.007000592 -1.409749 -3.190847 2.313984 1.474341 0.4288939 20.44411 0.6146984 0 0.0 0.04342527763122377 3.488394590697847 0.0
-0.001200149 0.01943312 -2.414054 -2.162121 1.082527 0.8557671 -0.002337357 19.89043 0.7213898 0 0.0 0.019470144081557308 3.240744348688585 0.0
0.007025286 0.006166515 -1.744337 -1.571942 0.1401719 0.11802 -0.01020212 16.67721 1.000989 0 0.0 0.009347756448850227 2.348129728301441 0.0
0.004187368 0.006030645 -1.751033 -1.545731 0.1015711 0.08352746 0.0009715981 16.07185 1.104627 0 0.0 0.007341847852104333 2.335679963404661 0.0
