jas1101finalproject/data/gcs/NGC_6626_M_28.ecsv
# %ECSV 0.9
# ---
# datatype:
# - {name: x, unit: deg, datatype: float64}
# - {name: y, unit: deg, datatype: float64}
# - {name: pmx, unit: mas / yr, datatype: float64}
# - {name: pmy, unit: mas / yr, datatype: float64}
# - {name: pmx_e, unit: mas / yr, datatype: float64}
# - {name: pmy_e, unit: mas / yr, datatype: float64}
# - {name: pm_corr, datatype: float64}
# - {name: g_mag, unit: mag, datatype: float64}
# - {name: bp_rp, unit: mag, datatype: float64}
# - {name: filter, datatype: int64}
# - {name: memberprob, datatype: float64}
# - {name: r, unit: deg, datatype: float64}
# - {name: pm, unit: mas / yr, datatype: float64}
# - {name: member_prob_GMM, datatype: float64}
# - {name: member_prob_DB, datatype: float64}
# meta: !!omap
# - comments: [deg deg mas/yr mas/yr mas/yr mas/yr dimless mag   mag   zeroone float]
# - __serialized_columns__:
#     bp_rp:
#       __class__: astropy.units.quantity.Quantity
#       unit: &id001 !astropy.units.Unit {unit: mag}
#       value: !astropy.table.SerializedColumn {name: bp_rp}
#     g_mag:
#       __class__: astropy.units.quantity.Quantity
#       unit: *id001
#       value: !astropy.table.SerializedColumn {name: g_mag}
#     pm:
#       __class__: astropy.units.quantity.Quantity
#       unit: !astropy.units.Unit {unit: mas / yr}
#       value: !astropy.table.SerializedColumn {name: pm}
#     pmx:
#       __class__: astropy.units.quantity.Quantity
#       unit: !astropy.units.Unit {unit: mas / yr}
#       value: !astropy.table.SerializedColumn {name: pmx}
#     pmx_e:
#       __class__: astropy.units.quantity.Quantity
#       unit: !astropy.units.Unit {unit: mas / yr}
#       value: !astropy.table.SerializedColumn {name: pmx_e}
#     pmy:
#       __class__: astropy.units.quantity.Quantity
#       unit: !astropy.units.Unit {unit: mas / yr}
#       value: !astropy.table.SerializedColumn {name: pmy}
#     pmy_e:
#       __class__: astropy.units.quantity.Quantity
#       unit: !astropy.units.Unit {unit: mas / yr}
#       value: !astropy.table.SerializedColumn {name: pmy_e}
#     r:
#       __class__: astropy.units.quantity.Quantity
#       unit: &id002 !astropy.units.Unit {unit: deg}
#       value: !astropy.table.SerializedColumn {name: r}
#     x:
#       __class__: astropy.units.quantity.Quantity
#       unit: *id002
#       value: !astropy.table.SerializedColumn {name: x}
#     y:
#       __class__: astropy.units.quantity.Quantity
#       unit: *id002
#       value: !astropy.table.SerializedColumn {name: y}
# schema: astropy-2.0
x y pmx pmy pmx_e pmy_e pm_corr g_mag bp_rp filter memberprob r pm member_prob_GMM member_prob_DB
[from data line 20508]
0.02392969 0.1030503 0.7273764 -4.809516 0.3605026 0.3071532 0.06263859 18.25875 1.150782 0 0.0 0.10579222274622128 4.8642081145375515 0.0 0.0
0.02980315 0.09795449 -1.714711 -7.631088 0.5737909 0.4839992 0.01845531 18.66651 1.410221 0 0.0 0.10238803573212352 7.821364195411501 0.0 0.0
-0.01935788 0.1245354 -1.605733 -2.16022 1.330936 1.291027 0.4630521 19.39098 1.210691 0 0.0 0.12603092228201143 2.691640562127306 0.0 0.0
-0.00400364 0.1301788 2.206665 -6.169003 0.9472871 0.8584734 0.4033326 19.3821 nan 0 0.0 0.13024035128442185 6.551791238755551 0.0 0.0
0.020719 0.1255995 -1.310447 -9.178288 0.8653422 0.7910352 0.3806402 19.34232 1.657364 0 0.0 0.12729694168066255 9.271366779000441 0.0 0.0
0.01054509 0.09957315 3.331816 -3.708617 0.8534361 0.7606711 0.05846308 19.15809 1.691902 0 0.0 0.1001299711576439 4.985462657622159 0.0 0.0
0.01054455 0.09310725 -4.519003 -7.012541 0.2670118 0.2310288 0.03600963 17.36836 1.718563 0 0.0 0.09370244146907272 8.342488800753046 0.0 0.0
-0.0007053484 0.1320671 -1.24344 -5.501627 0.5681665 0.4956081 0.2321438 18.84974 nan 0 0.0 0.13206898356077168 5.64039384092361 0.0 0.0
0.03604265 0.1145906 -0.6029092 -6.784524 0.2833995 0.2376545 0.02956379 17.37374 1.257956 0 0.0 0.12012526057154882 6.8112601925062775 0.0 0.0
-0.0230164 0.1248629 0.2218039 -6.926001 0.151989 0.1262191 -0.2126556 16.41268 1.365086 1 0.0 0.1269665249795 6.929551704263142 0.0 0.0
-0.0004557711 0.09878015 -4.280222 -5.828134 0.5367504 0.4370841 -0.2140147 18.59615 1.022593 0 0.0 0.09878120145715022 7.231005897607884 0.0 0.0
-0.009573743 0.1174832 -4.77801 -3.092745 0.6722762 0.5749325 -0.07988357 18.87256 1.423702 0 0.0 0.1178726382044198 5.691612354607875 0.0 0.0
0.03102872 0.1233371 -5.23172 -4.073704 0.9361509 0.8186793 0.3994518 19.32256 1.210918 0 0.0 0.12718027245311436 6.6306831049308945 0.0 0.0
0.03615101 0.1060342 -0.3501361 -0.2102585 0.4457928 0.3953412 0.4750667 17.71435 1.449924 0 0.0 0.11202743902125095 0.408416362729825 0.0 0.0
0.03568233 0.1144534 -2.586974 -3.428515 0.3660595 0.2947143 0.04200052 17.76101 nan 0 0.0 0.11988665249221407 4.295014503107178 0.0 0.0
-0.006054346 0.1232283 -3.352877 -8.67516 1.1891 1.037393 -0.1795714 19.28079 1.068544 0 0.0 0.12337693879480766 9.300547575424202 0.0 0.0
0.006195684 0.1208098 -1.562778 -9.081466 0.3634376 0.3066706 0.03483256 18.27864 1.386688 0 0.0 0.12096856730683328 9.214949798367867 0.0 0.0
0.03094005 0.1011891 3.165978 3.380428 1.525753 1.536058 0.8904619 19.01528 1.322216 0 0.0 0.10581361279538895 4.631491137815985 0.0 0.0
0.0119041 0.112234 -0.3015475 -0.4332654 0.3084047 0.2602572 0.01827882 18.04554 1.310032 0 0.0 0.11286353863320962 0.5278729028785338 0.0 0.0
0.03064193 0.1283268 -6.497799 -9.271436 0.8803104 0.806113 0.1765134 19.10326 1.313637 0 0.0 0.13193443626424792 11.321701168397661 0.0 0.0
0.0009576627 0.1290116 -1.571013 -3.431886 0.1188115 0.1021146 0.08108138 16.06675 1.21303 1 0.0 0.12901515435175426 3.774377215272077 0.0 0.0
0.03499185 0.1227772 -2.527984 -0.8619058 0.0985037 0.08200101 -0.06883383 15.66846 1.753706 1 0.0 0.12766624615090122 2.6708771428745353 0.0 0.0
0.05026282 0.1225698 -2.223399 -6.236044 0.3901324 0.3298333 0.02547874 18.37373 1.657181 0 0.0 0.13247530693073484 6.620554952806978 0.0 0.0
-0.02351484 0.1225587 2.36635 -7.664866 0.9255457 0.8514853 0.1969485 18.51773 1.031542 0 0.0 0.12479416110505973 8.021831656202716 0.0 0.0
0.0309138 0.1070332 2.13276 -1.862997 0.674327 0.5899007 0.05502557 18.93362 1.495672 0 0.0 0.11140811879158538 2.8318585839707815 0.0 0.0
0.0251253 0.1230734 -3.078624 -5.556302 0.707778 0.5923311 -0.05191478 18.95596 nan 0 0.0 0.12561187239926805 6.352197859684472 0.0 0.0
0.02687156 0.1239847 0.01146114 -2.372223 1.317683 1.180021 0.1265601 19.69931 nan 0 0.0 0.12686325934218937 2.372250686470361 0.0 0.0
0.03429492 0.108108 -4.433227 -5.121159 0.3439312 0.2969167 0.1129465 18.24144 1.822115 0 0.0 0.11341728793180694 6.773460794661027 0.0 0.0
-0.006997127 0.1314413 9.061792 7.128019 0.7812751 0.5654411 0.08318226 17.29021 nan 0 0.0 0.1316274102607209 11.529298726098869 0.0 0.0
-0.0110984 0.1218051 -2.890726 -9.373858 0.233221 0.2068676 0.06437933 16.86577 1.768125 1 0.0 0.12230967610361006 9.809460260954218 0.0 0.0
-0.0007607875 0.1328205 -4.549539 -6.060062 0.2493728 0.2239718 0.4351305 17.19663 1.514465 1 0.0 0.1328226788536888 7.577773852284389 0.0 0.0
0.02274131 0.120415 -3.318987 -10.10333 0.4928599 0.4157022 0.01125879 18.60613 1.327171 0 0.0 0.12254362245958007 10.634516998673188 0.0 0.0
0.0192506 0.1290368 -2.907233 -6.136428 0.251137 0.195613 -0.109595 16.93915 1.771777 1 0.0 0.13046486636102458 6.790268942794019 0.0 0.0
0.01417882 0.1321579 0.7063949 -8.620915 1.561295 1.43452 0.3411789 18.97313 nan 0 0.0 0.13291632506581874 8.649807465601244 0.0 0.0
-0.003282847 0.1243004 -2.425368 -6.534705 0.1400568 0.1171153 -0.1898916 16.18114 1.598942 1 0.0 0.12434374340748074 6.970278285151103 0.0 0.0
0.03011541 0.1287142 -7.778742 -2.670727 0.2174688 0.1864574 0.1577838 17.21892 1.601189 0 0.0 0.13219032945381481 8.224451945941018 0.0 0.0
0.03498767 0.1079514 1.746018 -4.768301 0.5765468 0.5112736 0.2493192 18.84969 1.38534 1 0.0 0.11347969780532949 5.077920172957133 0.0 0.0
0.02720422 0.1243127 -2.155686 -6.040044 0.937243 0.8451211 0.2264017 19.16739 0.7962379 0 0.0 0.12725453613564586 6.4131983949143505 0.0 0.0
-0.004835225 0.1322578 -3.778842 -8.160282 0.4705772 0.4172395 0.8540703 17.16101 1.635941 1 0.0 0.13234615620274215 8.992766492047261 0.0 0.0
-0.02703577 0.1276487 0.3169084 -3.182642 0.2647348 0.2287821 0.09487425 17.38512 1.068439 1 0.0 0.13048035664874197 3.1983810020312715 0.0 0.0
0.02612328 0.1241584 -5.970163 -5.490902 0.5863947 0.4950744 -0.03023152 18.81078 1.215776 0 0.0 0.1268768459905841 8.11127924683727 0.0 0.0
0.04053534 0.1242022 -5.203617 -7.042241 0.4593531 0.389684 0.04324549 18.665 nan 0 0.0 0.1306495322370333 8.75618570981509 0.0 0.0
0.003617927 0.1109394 -0.8396835 -2.611661 0.2248287 0.1873739 -0.119785 17.03447 1.001524 0 0.0 0.11099837777254822 2.743326732107069 0.0 0.0
-0.00610874 0.1021503 -1.31071 -4.599527 0.3398146 0.2947247 0.06344441 17.50479 1.505119 0 0.0 0.10233279285975537 4.782636232019847 0.0 0.0
-0.01542106 0.1148085 1.870447 -2.45221 0.4825878 0.4035094 -0.07101462 18.35383 1.282255 0 0.0 0.11583954749468593 3.0841377828996226 0.0 0.0
-0.007495899 0.1291773 -2.092197 0.7299717 0.1304151 0.105332 0.08037065 15.6642 1.557472 0 0.0 0.12939460319931506 2.215885143596096 0.0 0.0
0.01182284 0.1320532 -5.956818 -7.569134 0.1015768 0.08628802 0.09889215 15.79747 1.837017 1 0.0 0.13258139830272422 9.632002398000116 0.0 0.0
0.01162578 0.09948151 -0.9561222 -8.07977 0.7831723 0.6589371 -0.1604301 19.06334 1.264458 0 0.0 0.10015852231581944 8.136144843489012 0.0 0.0
0.01592472 0.1298784 -8.933079 -12.2621 1.97901 1.767704 0.2745742 19.70392 0.916851 0 0.0 0.13085104315074603 15.170991952744586 0.0 0.0
0.04167133 0.1231624 -1.786837 -5.494118 0.1142232 0.09524259 -0.05202911 15.94641 1.793837 1 0.0 0.13002106182357112 5.777379947908307 0.0 0.0
-0.02675848 0.1270613 0.7419831 -3.028996 1.028251 0.9605742 0.219975 19.15689 1.082499 0 0.0 0.1298483354132828 3.118550254317158 0.0 0.0
0.01007579 0.1213436 -4.158455 -5.178648 0.178029 0.1483647 0.08766628 16.80841 1.070423 1 0.0 0.12176120402280892 6.641622022889363 0.0 0.0
-0.0003449305 0.09830713 6.65126 4.917287 2.311279 2.507983 0.7576008 19.47827 nan 0 0.0 0.09830773512743914 8.271576090925416 0.0 0.0
0.02842295 0.1210203 -3.484631 -7.89828 0.09527795 0.07310162 -0.2398953 14.09624 2.478802 1 0.0 0.1243132217376434 8.632814150933692 0.0 0.0
0.009242191 0.09240927 -5.694886 -2.348427 0.2453885 0.2145244 0.0007992524 16.74563 1.57385 0 0.0 0.09287029275507525 6.160100317959522 0.0 0.0
0.02243665 0.1215556 -1.63256 -12.32579 0.1740948 0.1477714 0.05295867 16.91056 1.535158 1 0.0 0.12360892829639168 12.433436824856592 0.0 0.0
-0.008548418 0.1188337 -0.4814579 4.215728 1.201924 1.169427 0.4814892 19.28129 nan 0 0.0 0.1191407726430911 4.2431314237784825 0.0 0.0
0.03216571 0.125927 -4.221748 -5.771139 0.4419909 0.366386 -0.08572561 18.36833 1.436192 0 0.0 0.12997015899353245 7.150468623301902 0.0 0.0
0.008383589 0.09770794 0.7480665 -3.818253 0.2781836 0.2404376 0.02409765 17.52009 1.684168 0 0.0 0.09806694704927099 3.890843026958457 0.0 0.0
0.006333454 0.105038 1.24173 -7.024681 0.1709462 0.139858 -0.2200615 16.6827 1.531865 0 0.0 0.10522877022739606 7.133585111615408 0.0 0.0
-0.02584403 0.1279255 -1.306445 -7.494845 1.52633 1.405585 0.1918579 19.19647 nan 0 0.0 0.13050995148604913 7.607857787317663 0.0 0.0
0.04649279 0.1205018 -2.403789 -7.757878 0.3256684 0.274603 0.006786156 17.98761 nan 0 0.0 0.12915983634715592 8.12175305087547 0.0 0.0
-0.01284499 0.1271264 -5.805818 -4.422856 0.9731189 0.872063 0.3176776 19.12184 1.317394 0 0.0 0.12777368799976035 7.298573685718327 0.0 0.0
0.01700375 0.1158421 -0.905816 -3.274849 0.6910184 0.562991 -0.1608997 18.47244 nan 0 0.0 0.11708338757685695 3.3978137969372306 0.0 0.0
0.04751975 0.1244801 -0.5151096 2.316675 0.3434921 0.3074792 0.2278649 17.52548 1.382795 0 0.0 0.13324196762308976 2.3732511362342503 0.0 0.0
-0.02756266 0.1289265 -4.257106 -5.039214 0.72905 0.6332193 -0.01566914 19.02157 1.071453 0 0.0 0.1318398370316256 6.596713517580706 0.0 0.0
0.0217947 0.09585045 -0.3611914 -5.196606 0.7200583 0.6019633 -0.07787735 18.90073 1.190151 0 0.0 0.0982970890377355 5.209143225778108 0.0 0.0
-0.01935903 0.1319092 1.708707 -5.619483 1.864757 1.724583 0.1234074 19.74838 nan 0 0.0 0.13332220027880165 5.873522690782593 0.0 0.0
-0.007716976 0.1186182 -2.554698 -2.679651 0.5690138 0.4857599 -0.07810621 18.707 1.423058 0 0.0 0.11886895763749497 3.70229811779184 0.0 0.0
0.01969262 0.1199501 -1.275063 -1.085309 0.4368858 0.3702236 0.03781089 18.58822 1.576176 0 0.0 0.1215558545380452 1.6744196843832193 0.0 0.0
0.0009854104 0.1329445 -1.720683 -5.659538 0.2071983 0.1873426 0.3546997 17.12043 1.727688 1 0.0 0.1329481519762739 5.915329268936177 0.0 0.0
-0.01993933 0.1209228 -4.319952 -6.42836 1.189362 1.046956 -0.2173859 19.15329 0.991188 0 0.0 0.12255570341966504 7.745049875365813 0.0 0.0
-0.006442203 0.1201976 -0.6181194 1.462049 0.126702 0.1080864 -0.08542764 16.00893 1.716467 0 0.0 0.12037011682827765 1.5873433374847925 0.0 0.0
0.02129817 0.1088701 -2.769797 -1.448994 0.4924031 0.4107702 -0.04157437 18.79026 1.179317 0 0.0 0.11093381233581986 3.125917310685777 0.0 0.0
0.009131059 0.08835044 -5.655207 -3.332195 0.7522789 0.6231037 -0.096826 18.58717 1.503044 0 0.0 0.08882103628451472 6.563908114140081 0.0 0.0
0.007136366 0.09262684 -4.172462 -6.888346 1.351275 1.225218 0.126222 19.60864 nan 0 0.0 0.09290134126088577 8.053493015900617 0.0 0.0
-0.005583284 0.1254047 -1.562717 -0.4149865 0.5079213 0.432385 -0.1031857 18.40972 1.019783 0 0.0 0.12552892830863593 1.6168791597615604 0.0 0.0
-0.01611521 0.1249288 -1.438998 -4.53573 1.223601 1.145616 0.2376602 19.13072 1.057808 0 0.0 0.12596390380892497 4.758525178761167 0.0 0.0
0.01877833 0.121869 -0.7401275 -8.949947 0.3982857 0.3375024 0.04158881 18.39414 1.162136 0 0.0 0.12330725379550427 8.980497760094662 0.0 0.0
0.01816819 0.119031 0.4005727 -3.707728 0.8968213 0.7792689 0.3261981 19.2563 1.544357 0 0.0 0.12040955979022637 3.729303609250565 0.0 0.0
0.01849724 0.09541802 -2.015574 -5.184294 0.4433169 0.391473 0.03913566 18.1934 1.422558 0 0.0 0.09719437446857715 5.562323509821413 0.0 0.0
-0.009656149 0.1080151 -2.465329 -7.590638 0.9738027 0.8701214 0.05330982 19.24135 1.228735 0 0.0 0.10844585303975529 7.980954349279602 0.0 0.0
0.0262614 0.1219955 -3.717883 -4.811319 0.501207 0.4071382 -0.05311085 18.66003 1.39537 0 0.0 0.12479007632904951 6.080414831362249 0.0 0.0
-0.02648176 0.1291136 -5.780603 -7.858245 1.203624 1.037049 0.04149897 19.40789 1.10532 0 0.0 0.13180138587153628 9.755377261983977 0.0 0.0
0.01813688 0.0944377 -0.4809192 -8.510059 0.6072783 0.4985675 -0.2132662 18.8279 0.7549381 0 0.0 0.09616353569531644 8.5236369854898 0.0 0.0
0.01816493 0.09674558 -2.282451 -5.924563 0.4288068 0.351506 -0.2182358 18.29057 1.456657 1 0.0 0.09843613122955057 6.349017979843024 0.0 0.0
0.02997633 0.1266505 -6.13341 -4.091532 1.312762 1.215401 0.5010492 19.32305 nan 0 0.0 0.13014964275985894 7.372879514485775 0.0 0.0
0.01775124 0.1103965 -2.614575 0.4822964 0.3242383 0.2740366 0.07161471 17.86591 1.323978 0 0.0 0.1118145506353605 2.6586861883415196 0.0 0.0
0.008521545 0.08908481 -1.048842 -11.4659 0.6928493 0.5719415 -0.1465937 18.58394 1.184252 0 0.0 0.08949145267523108 11.513771421691677 0.0 0.0
0.03612394 0.10822 -1.751042 -0.1462242 0.4760903 0.413583 0.1262846 18.44683 1.201633 0 0.0 0.11408990946233413 1.7571367625855536 0.0 0.0
-0.02753456 0.1271813 1.607133 -4.109128 1.075304 1.014269 0.3054702 19.29814 nan 0 0.0 0.1301277643859434 4.412234059982879 0.0 0.0
-0.009324218 0.1161652 0.8207372 -3.931068 1.605439 1.416196 -0.1626241 19.56051 nan 0 0.0 0.11653881212862743 4.015831815712386 0.0 0.0
0.002288117 0.1322311 1.417216 -5.645241 0.06393471 0.05355281 0.1601065 13.87844 1.901955 1 0.0 0.13225089522046982 5.820416405957309 0.0 0.0
0.01650483 0.1153119 -7.024672 -3.527928 0.3164602 0.2646095 0.003242309 18.1355 nan 0 0.0 0.11648709668859852 7.860807380973535 0.0 0.0
-0.02404307 0.1310253 0.7620279 -1.755634 1.604881 1.513233 0.4918068 19.5791 nan 0 0.0 0.13321298155628417 1.9138801588224927 0.0 0.0
-0.005749792 0.1300166 -6.171367 -5.282005 1.335324 1.025595 -0.1995887 19.11346 0.8809185 0 0.0 0.1301436759262749 8.123136553617329 0.0 0.0
-0.001342804 0.1282887 -2.987474 -3.742975 0.09621616 0.08326665 0.09991733 15.57646 1.627451 0 0.0 0.12829572740458825 4.789035680729576 0.0 0.0
0.01647592 0.1062387 6.191999 -13.77619 0.8134026 0.6883775 0.006703711 18.30567 1.122532 0 0.0 0.10750868484702249 15.10378305366245 0.0 0.0
0.03914591 0.1125755 -7.278306 -5.126991 0.8156854 0.7219734 0.3908061 18.9654 nan 0 0.0 0.11918743839003379 8.902795905990263 0.0 0.0
0.03039283 0.1297383 -0.7257093 -4.361395 0.8460348 0.7182533 -0.03051193 18.97397 1.394094 0 0.0 0.13325070582289197 4.421359557209919 0.0 0.0
-0.01292703 0.1164167 1.810225 -3.652121 0.5661143 0.4902681 0.179621 18.34685 nan 0 0.0 0.11713221650558354 4.076138166115815 0.0 0.0
-0.006885732 0.1219332 10.31507 -6.053979 2.143771 1.960941 0.4170504 19.38006 nan 0 0.0 0.12212746852127832 11.960406800662803 0.0 0.0
-0.01090464 0.1246623 -0.6380694 -0.3207744 0.5232137 0.4414557 0.1124352 18.26602 nan 0 0.0 0.12513832432480307 0.7141629890380207 0.0 0.0
0.01800364 0.1310549 1.014805 -8.778719 1.515111 1.326261 0.2462316 19.91638 nan 0 0.0 0.13228574325020667 8.837179214488412 0.0 0.0
0.02484711 0.117874 -4.465153 -7.324334 0.1286986 0.1088162 0.02651572 16.50556 1.880226 1 0.0 0.12046434639075622 8.578080196463834 0.0 0.0
0.007967544 0.09145759 -3.670958 -5.354986 0.8904517 0.8074845 0.1352623 19.06947 0.9462833 0 0.0 0.09180398970633051 6.492442352301636 0.0 0.0
0.01672752 0.1225998 -1.321396 -2.126796 0.9191433 0.8516398 0.3743596 19.34505 nan 0 0.0 0.12373568961859953 2.5038667325622583 0.0 0.0
-0.009878726 0.1191025 2.699313 -3.856867 0.4083341 0.3456955 -0.010176 18.10157 1.265541 0 0.0 0.11951148368936383 4.707622938135338 0.0 0.0
0.04155831 0.1167003 0.925348 -6.95949 1.147399 0.936559 -0.268074 18.62731 nan 0 0.0 0.12387918771991566 7.020738563798256 0.0 0.0
-0.00940759 0.1192055 -4.80333 -5.886329 1.167264 1.041857 -0.04102196 19.23295 nan 0 0.0 0.11957614302133224 7.597423786069919 0.0 0.0
-0.009517518 0.1070786 -3.744306 -1.442041 0.5733533 0.473642 -0.1930461 18.72833 1.182316 0 0.0 0.10750074291296932 4.012394505443975 0.0 0.0
0.0269538 0.1197923 -5.282845 -2.817544 0.3182213 0.277224 0.2161846 17.81669 1.832705 1 0.0 0.12278722439134293 5.987236882399175 0.0 0.0
0.01672693 0.1181901 -2.04034 -0.5907475 1.039854 0.9266643 0.1226256 19.16366 1.19249 0 0.0 0.11936787643765345 2.12413980810027 0.0 0.0
