jas1101finalproject/data/gcs/Pal_1.ecsv
# %ECSV 0.9
# ---
# datatype:
# - {name: x, unit: deg, datatype: float64}
# - {name: y, unit: deg, datatype: float64}
# - {name: pmx, unit: mas / yr, datatype: float64}
# - {name: pmy, unit: mas / yr, datatype: float64}
# - {name: pmx_e, unit: mas / yr, datatype: float64}
# - {name: pmy_e, unit: mas / yr, datatype: float64}
# - {name: pm_corr, datatype: float64}
# - {name: g_mag, unit: mag, datatype: float64}
# - {name: bp_rp, unit: mag, datatype: float64}
# - {name: filter, datatype: int64}
# - {name: memberprob, datatype: float64}
# - {name: r, unit: deg, datatype: float64}
# - {name: pm, unit: mas / yr, datatype: float64}
# - {name: member_prob_GMM, datatype: float64}
# - {name: member_prob_DB, datatype: float64}
# meta: !!omap
# - comments: [deg deg mas/yr mas/yr mas/yr mas/yr dimless mag   mag   zeroone float]
# - __serialized_columns__:
#     bp_rp:
#       __class__: astropy.units.quantity.Quantity
#       unit: &id001 !astropy.units.Unit {unit: mag}
#       value: !astropy.table.SerializedColumn {name: bp_rp}
#     g_mag:
#       __class__: astropy.units.quantity.Quantity
#       unit: *id001
#       value: !astropy.table.SerializedColumn {name: g_mag}
#     pm:
#       __class__: astropy.units.quantity.Quantity
#       unit: !astropy.units.Unit {unit: mas / yr}
#       value: !astropy.table.SerializedColumn {name: pm}
#     pmx:
#       __class__: astropy.units.quantity.Quantity
#       unit: !astropy.units.Unit {unit: mas / yr}
#       value: !astropy.table.SerializedColumn {name: pmx}
#     pmx_e:
#       __class__: astropy.units.quantity.Quantity
#       unit: !astropy.units.Unit {unit: mas / yr}
#       value: !astropy.table.SerializedColumn {name: pmx_e}
#     pmy:
#       __class__: astropy.units.quantity.Quantity
#       unit: !astropy.units.Unit {unit: mas / yr}
#       value: !astropy.table.SerializedColumn {name: pmy}
#     pmy_e:
#       __class__: astropy.units.quantity.Quantity
#       unit: !astropy.units.Unit {unit: mas / yr}
#       value: !astropy.table.SerializedColumn {name: pmy_e}
#     r:
#       __class__: astropy.units.quantity.Quantity
#       unit: &id002 !astropy.units.Unit {unit: deg}
#       value: !astropy.table.SerializedColumn {name: r}
#     x:
#       __class__: astropy.units.quantity.Quantity
#       unit: *id002
#       value: !astropy.table.SerializedColumn {name: x}
#     y:
#       __class__: astropy.units.quantity.Quantity
#       unit: *id002
#       value: !astropy.table.SerializedColumn {name: y}
# schema: astropy-2.0
x y pmx pmy pmx_e pmy_e pm_corr g_mag bp_rp filter memberprob r pm member_prob_GMM member_prob_DB
[from data line 109]
-0.004196787 0.002733441 -0.02632091 1.436622 0.4198977 0.6025056 -0.1138677 19.47144 0.9236927 1 0.9632439 0.005008464916903182 1.4368630975800125 1.0 0.0
0.02055582 0.02657931 0.8711241 1.911563 0.4790225 0.6852231 -0.2077448 19.55834 1.076376 1 0.007051283 0.03360061689833239 2.1006975747522083 1.0 0.0
-0.0003918834 -0.0005556568 -0.279025 1.864619 0.8606283 1.314144 0.2531266 20.0472 1.001102 1 0.9802443 0.0006799463791960364 1.885380323909741 1.0 0.0
0.005559094 0.001047976 0.1658814 -0.7492651 0.5998911 0.8036833 -0.2359588 19.82927 0.9064922 1 0.9884489 0.005657011560657446 0.7674078634884908 1.0 0.0
0.002762311 -0.0003340495 -0.5049492 0.1212985 0.8681618 0.8229299 -0.5405098 19.40365 nan 0 0.0 0.0027824361860016213 0.5193139904555721 1.0 0.0
0.02881751 -0.008153306 -1.10946 -15.06097 0.772302 0.9627113 -0.1174651 20.04089 3.038591 0 0.0 0.029948710845873416 15.101778664531539 1.0 0.0
-0.0003020393 0.004891728 1.776625 -2.589393 0.7903955 0.9682818 -0.09078639 20.09116 0.8459206 1 0.4928928 0.004901043823995914 3.140279047962776 1.0 0.0
-0.02263721 0.02828494 -2.302257 0.9910376 0.792266 0.9949455 -0.3119481 20.02919 0.7762299 1 0.1184788 0.0362281811217138 2.5065001134376117 1.0 0.0
0.001343576 0.01295608 -0.1580675 -0.06375803 0.07391086 0.1012742 0.0827602 16.37588 1.416925 1 0.9989189 0.01302555969753991 0.17044184036125312 1.0 0.0
0.03095022 0.007569359 -2.899531 2.182723 0.1696885 0.2198362 0.0180259 17.8942 1.008162 1 0.0 0.03186238085453253 3.6292643489679834 1.0 0.0
-0.007166229 0.02451697 0.4746074 1.335502 0.3576316 0.5227768 -0.1067186 19.24825 1.391615 1 0.1558044 0.025542839624077447 1.4173276883412531 1.0 0.0
0.02869028 0.019503 3.362595 -1.708337 0.4025044 0.5612801 -0.1185364 19.46995 1.825365 1 0.0 0.03469148563377475 3.771665472916971 1.0 0.0
0.0317282 0.02047304 0.3904859 1.403375 0.3061058 0.3921235 0.02069124 18.82147 1.91991 1 0.01099478 0.03776008530289093 1.4566882400581842 1.0 0.0
0.02131132 0.008598293 1.732459 -2.213206 0.4131875 0.5629643 -0.1540081 19.36395 2.339451 1 3.000524e-05 0.02298049178447339 2.810639604274621 1.0 0.0
0.0285477 0.006311345 -0.3515718 5.902906 1.465128 2.031671 0.09152817 20.5188 0.7480278 1 0.1081352 0.02923703560552993 5.913366382644596 1.0 0.0
0.0170104 0.007087472 -1.700292 3.687336 0.1837185 0.2521625 -0.07201523 18.14819 1.254068 1 0.0 0.01842785846241456 4.060472837264153 1.0 0.0
0.04350729 0.004577239 -1.358587 1.46562 0.4850624 0.6769896 -0.1490652 19.70333 1.839602 1 0.04037465 0.043747404494520824 1.9984495542717609 1.0 0.0
0.002582264 0.00804298 0.2380454 -0.1972322 1.316206 1.868063 0.101596 20.44758 1.021236 1 0.9572517 0.00844734364437105 0.30913775760654016 1.0 0.0
0.0449054 0.003530242 -1.580829 -0.7204045 1.094127 1.334711 -0.02431791 20.24956 0.8636398 1 0.1836154 0.045043951400144326 1.737240044110557 1.0 0.0
-0.01596782 0.00951199 2.123395 2.655352 1.092628 1.316987 -0.277442 20.33259 1.260071 1 0.1169326 0.0185862645335877 3.399955965880882 1.0 0.0
-0.004331771 0.004884985 -0.1876794 0.4589846 0.2285193 0.3053883 0.04205954 18.36193 1.328257 1 0.9971253 0.006528959982008313 0.4958733913223415 1.0 0.0
-0.007223867 0.006717627 -0.2366088 -1.321167 0.5075281 0.7163866 -0.1245356 19.76156 0.9162922 1 0.958986 0.009864621986919621 1.342187008626756 1.0 0.0
-0.03370251 0.01050751 2.523394 -14.9524 0.6365054 0.868889 -0.09846779 19.94176 2.628786 0 0.0 0.03530250623822903 15.163831410274781 1.0 0.0
0.0007504538 0.001519558 -0.1874383 -0.02739289 0.06310026 0.09655771 -0.06410993 16.27683 1.458976 1 0.9998834 0.0016947676599753845 0.18942937134837906 1.0 0.0
-0.009270051 -0.0144142 -3.497203 0.3898184 0.7080009 1.008134 -0.02377799 19.90142 1.940346 1 0.0122877 0.017137765524787674 3.5188616352717763 1.0 0.0
-0.002146381 0.005891393 -2.015383 -1.202105 1.356783 1.883739 0.1269097 20.47556 1.102879 1 0.9678154 0.006270204372874141 2.3466625380983093 1.0 0.0
0.0008839578 -0.002989404 0.0802983 1.477299 1.304682 1.828932 0.1481391 20.41502 0.7718906 1 0.976861 0.0031173574814892246 1.479479689750383 1.0 1.0
-0.0005352867 0.001359328 -0.5194123 -4.051534 0.4969231 0.7704186 -0.07763916 19.69909 nan 0 0.0 0.0014609258922960089 4.084692998322798 1.0 0.0
-0.003194367 0.008264401 -1.760452 1.60206 1.116766 1.711939 0.0276779 20.39416 0.8817081 0 0.0 0.008860265482449722 2.3802914712076753 1.0 0.0
-0.000885639 0.002030738 -0.003014641 0.6690269 1.289239 1.894898 0.1897999 20.31327 nan 0 0.0 0.0022154577998610126 0.6690336919647387 1.0 0.0
0.007200673 -0.009845808 -0.08348558 0.0236447 0.08137642 0.107982 0.05809421 16.53909 1.411227 1 0.9989904 0.01219793535094333 0.08676931431114573 1.0 0.0
-0.001882992 -0.01338814 -0.2471644 -0.5387496 1.156429 1.78155 0.1982512 20.2774 0.8644009 1 0.9199823 0.013519909449832272 0.5927405605553918 1.0 0.0
0.0257169 0.03665387 -0.4220011 0.164005 0.2717046 0.3398736 0.02836609 18.57475 1.186714 1 0.7114742 0.04477572033576791 0.45275000654468245 1.0 0.0
0.01787153 0.0009548567 0.5075821 1.382286 0.32299 0.4121844 0.01575677 18.82953 1.158646 1 0.1221617 0.017897020306700075 1.4725332505707331 1.0 0.0
-0.003017817 0.0205553 1.578684 2.617997 1.330476 1.779124 0.1650596 20.40106 0.6834831 0 0.0 0.02077564866702094 3.0571476025643576 1.0 0.0
0.007501596 0.002956529 0.6031161 -2.200965 1.253833 1.875488 0.08598075 20.38696 0.9682484 0 0.0 0.008063188344262895 2.2821034072329436 1.0 0.0
0.03600776 -0.001577514 -0.7717737 -0.6644893 0.5720954 0.7491828 -0.1010916 19.8267 0.9333992 1 0.4951931 0.036042299186342094 1.0184206762562218 1.0 0.0
0.007554776 -3.415653e-05 -0.3615811 0.2680935 0.3501166 0.4841744 -0.1576151 19.19383 0.9311371 1 0.9955122 0.007554853213578517 0.4501277781024628 1.0 0.0
0.01441578 -0.0001948494 13.41282 21.0777 2.579213 3.125083 -0.3346042 20.21515 1.064177 0 0.0 0.014417096770746887 24.983458080145752 1.0 0.0
-0.02006914 0.002126114 -0.3291999 1.076274 0.7774718 1.004697 -0.1643196 20.07028 1.035473 0 0.0 0.020181445465590316 1.1254946900079137 1.0 0.0
-0.008407029 0.0005463232 2.908044 -0.4505739 0.1830226 0.2360845 -0.1859201 18.03998 1.277128 1 0.0 0.00842476145927582 2.942743064777693 1.0 0.0
-0.004206508 0.04556486 0.7706259 -9.137933 0.5529085 0.7600798 -0.06114081 19.86958 1.821333 1 0.0 0.04575861860211324 9.170369882956729 1.0 0.0
0.002443103 -0.04307399 0.1868526 -0.1593812 0.3051653 0.3893731 0.00734978 18.793 0.9569111 1 0.5748792 0.04314321924461258 0.24559369096171832 1.0 0.0
0.02415852 -0.001779191 3.542409 -6.223913 0.09547491 0.1283525 0.05616863 16.85436 1.226017 1 0.0 0.024223947019527618 7.161407302678015 1.0 0.0
-0.01577523 -0.0443824 -2.147135 4.985471 1.417811 1.954301 0.06334094 20.29104 1.568228 0 0.0 0.04710260408207704 5.428177392096357 1.0 0.0
0.04033615 0.01350633 0.9351038 1.915841 1.210697 1.921812 0.1385245 20.33553 1.156162 1 0.1364885 0.04253734767109252 2.1318690987148905 1.0 0.0
-0.01432235 0.006137426 -2.185085 2.198823 1.424706 1.980043 0.09906492 20.54073 0.9612446 1 0.7489116 0.01558196737989064 3.0999062957699217 1.0 0.0
0.00281898 0.00187849 -0.1870046 -0.4576455 0.3084192 0.4921508 -0.09031269 18.99025 1.028841 1 0.9969882 0.0033875319807346468 0.49437852308874625 1.0 1.0
-0.0005662952 0.001946793 -0.3951209 0.7761172 0.323553 0.5101173 -0.08257435 19.10193 0.8442383 0 0.0 0.0020274844607029766 0.8709066733885152 1.0 0.0
0.003588579 0.01649664 0.1745384 0.3316129 0.3158795 0.4557076 -0.16932 19.05212 1.096699 1 0.9617272 0.016882447409331414 0.37474093520853846 1.0 0.0
0.01339025 0.01526859 3.021226 -2.648258 1.109394 1.580243 0.09337119 20.24091 1.019972 1 0.05781819 0.020308339066762698 4.01759592015424 1.0 0.0
0.01505481 0.0328795 3.953339 0.06037373 0.2615878 0.3385402 0.04346995 18.55144 1.210257 1 0.0 0.03616225690393369 3.953799974226708 1.0 0.0
0.00955556 0.007398501 -0.9265462 0.718664 0.4735989 0.6509176 -0.1432602 19.55033 0.9105663 0 0.0 0.012084971822912993 1.1725893593370358 1.0 0.0
0.0373699 0.005194544 -0.8686296 2.26127 1.277719 1.923859 0.1159665 20.43756 0.8478699 1 0.2016967 0.037729202395199606 2.422366486495419 1.0 0.0
0.02561875 0.01287274 -0.9744463 2.70056 1.146648 1.313135 -0.2757772 20.30812 2.072458 0 0.0 0.0286710269552749 2.8709876184309278 1.0 0.0
-0.009584537 -0.003961645 1.130229 0.634835 2.199636 2.421433 0.3432137 20.64412 1.075748 1 0.9147712 0.010371016373065565 1.2963151891673568 1.0 0.0
