jas1101finalproject/data/gcs/Pal_6.ecsv
# %ECSV 0.9
# ---
# datatype:
# - {name: x, unit: deg, datatype: float64}
# - {name: y, unit: deg, datatype: float64}
# - {name: pmx, unit: mas / yr, datatype: float64}
# - {name: pmy, unit: mas / yr, datatype: float64}
# - {name: pmx_e, unit: mas / yr, datatype: float64}
# - {name: pmy_e, unit: mas / yr, datatype: float64}
# - {name: pm_corr, datatype: float64}
# - {name: g_mag, unit: mag, datatype: float64}
# - {name: bp_rp, unit: mag, datatype: float64}
# - {name: filter, datatype: int64}
# - {name: memberprob, datatype: float64}
# - {name: r, unit: deg, datatype: float64}
# - {name: pm, unit: mas / yr, datatype: float64}
# - {name: member_prob_GMM, datatype: float64}
# - {name: member_prob_DB, datatype: float64}
# meta: !!omap
# - comments: [deg deg mas/yr mas/yr mas/yr mas/yr dimless mag   mag   zeroone float]
# - __serialized_columns__:
#     bp_rp:
#       __class__: astropy.units.quantity.Quantity
#       unit: &id001 !astropy.units.Unit {unit: mag}
#       value: !astropy.table.SerializedColumn {name: bp_rp}
#     g_mag:
#       __class__: astropy.units.quantity.Quantity
#       unit: *id001
#       value: !astropy.table.SerializedColumn {name: g_mag}
#     pm:
#       __class__: astropy.units.quantity.Quantity
#       unit: !astropy.units.Unit {unit: mas / yr}
#       value: !astropy.table.SerializedColumn {name: pm}
#     pmx:
#       __class__: astropy.units.quantity.Quantity
#       unit: !astropy.units.Unit {unit: mas / yr}
#       value: !astropy.table.SerializedColumn {name: pmx}
#     pmx_e:
#       __class__: astropy.units.quantity.Quantity
#       unit: !astropy.units.Unit {unit: mas / yr}
#       value: !astropy.table.SerializedColumn {name: pmx_e}
#     pmy:
#       __class__: astropy.units.quantity.Quantity
#       unit: !astropy.units.Unit {unit: mas / yr}
#       value: !astropy.table.SerializedColumn {name: pmy}
#     pmy_e:
#       __class__: astropy.units.quantity.Quantity
#       unit: !astropy.units.Unit {unit: mas / yr}
#       value: !astropy.table.SerializedColumn {name: pmy_e}
#     r:
#       __class__: astropy.units.quantity.Quantity
#       unit: &id002 !astropy.units.Unit {unit: deg}
#       value: !astropy.table.SerializedColumn {name: r}
#     x:
#       __class__: astropy.units.quantity.Quantity
#       unit: *id002
#       value: !astropy.table.SerializedColumn {name: x}
#     y:
#       __class__: astropy.units.quantity.Quantity
#       unit: *id002
#       value: !astropy.table.SerializedColumn {name: y}
# schema: astropy-2.0
x y pmx pmy pmx_e pmy_e pm_corr g_mag bp_rp filter memberprob r pm member_prob_GMM member_prob_DB
[from data line 1013]
-0.01911609 -0.02428033 -1.201544 -3.175524 0.4523006 0.3564528 0.2310953 18.66605 2.317734 0 0.0 0.03090241611584764 3.3952408837241577 0.0 0.0
-0.02172049 -0.002170805 -4.594666 -10.42754 0.394343 0.3126698 0.244458 18.57761 nan 0 0.0 0.021828698545449863 11.394935107456996 0.0 0.0
-0.02782407 -0.007915132 3.232983 0.06650082 0.4604381 0.3634575 0.2452963 18.23694 2.892923 0 0.0 0.028927982749274515 3.2336668717339565 0.0 0.0
-0.003212711 -0.0486757 -2.402184 -9.578808 0.5364826 0.3914537 0.2104948 18.2433 2.827263 0 0.0 0.04878160803478624 9.875426607024124 0.0 0.0
-0.03757161 -0.001699915 -1.371626 -3.359668 0.5482828 0.4561578 0.445698 18.92007 3.099024 0 0.0 0.03761004638390286 3.6288740614824317 0.0 0.0
-0.02270436 -0.01079412 -8.56641 2.83831 0.5182296 0.40886 0.2262356 18.73365 2.688366 0 0.0 0.025139629861714353 9.024377205336664 0.0 0.0
-0.04438594 -0.008099563 -1.294496 -2.808036 0.4771683 0.3765281 0.2699577 18.65302 2.859373 0 0.0 0.045118893941170246 3.092052080950772 0.0 0.0
0.03403863 -0.02520309 -2.178319 -6.895619 0.6271217 0.4696136 0.36392 18.7642 2.208471 0 0.0 0.042353560391364974 7.231502959891671 0.0 0.0
-0.03012702 0.005407125 -5.301769 -6.301315 0.327429 0.2590139 0.2144325 17.71274 3.261654 0 0.0 0.03060840301038303 8.23500608734359 0.0 0.0
-0.03305123 -0.01314073 1.813268 -6.660538 0.4046406 0.3211901 0.2647415 18.55156 2.970299 0 0.0 0.03556771836153958 6.9029491733075945 0.0 0.0
0.03212042 -0.03327062 -5.742807 -1.991678 1.314131 0.9796839 0.8615959 18.91909 2.766911 0 0.0 0.04624560018164755 6.078372602509079 0.0 0.0
-0.008989094 -0.01947259 -10.21974 -5.565071 0.4487005 0.3442436 0.4291173 18.27238 2.775881 0 0.0 0.021447274238208826 11.636713492332833 0.0 0.0
-0.03759665 -0.008934497 -4.124422 -9.548502 0.7049578 0.5529197 0.309687 18.82994 2.754889 0 0.0 0.03864367125242514 10.401189704937027 0.0 0.0
-0.03000745 -0.03357142 -1.131541 -1.179072 0.6535448 0.5113133 0.2479468 18.42725 nan 0 0.0 0.04502762814449479 1.6341957703607604 0.0 0.0
0.02905429 -0.03644364 -7.322356 -4.730899 0.4193501 0.3188718 0.5322826 17.8843 2.744753 0 0.0 0.046607839081571886 8.717700541939772 0.0 0.0
0.01769485 -0.04661516 -9.290373 -5.558546 0.1945632 0.1491845 0.3128374 15.8744 3.285412 0 0.0 0.049860614299746656 10.82628579491808 0.0 0.0
-0.02987056 -0.03375831 -0.6697943 -2.253902 1.156866 0.8838118 0.5736349 18.42512 2.498798 0 0.0 0.04507631139267831 2.351318487554693 0.0 0.0
-0.02401568 -0.02363847 0.09785898 -4.160028 0.3930034 0.3094044 0.1917823 18.27986 2.733564 0 0.0 0.03369762825190076 4.161178840274789 0.0 0.0
-0.01736605 -0.01271962 -6.089448 -9.843698 1.905139 1.629774 0.8643787 19.32719 2.575052 0 0.0 0.02152599418254358 11.574962948532837 0.0 0.0
-0.01977565 -0.008664981 -6.516672 -8.088674 0.4266473 0.3287861 0.1465253 18.54845 2.631124 0 0.0 0.021590697734275775 10.387187349511898 0.0 0.0
0.02973906 -0.03423702 3.162067 -2.390918 0.2709158 0.2086689 0.3354161 17.38137 3.044477 1 0.0 0.04534958906279086 3.964234679634015 0.0 0.0
-0.02374626 -0.002607984 0.3088899 -4.34344 0.5131767 0.4161178 0.3427328 18.6886 nan 0 0.0 0.023889044445767522 4.354409719344519 0.0 0.0
0.02927345 -0.0355873 -2.893509 -3.787131 0.5648517 0.4357679 0.6030883 18.64146 2.28718 0 0.0 0.046080264714870076 4.7659999521865295 0.0 0.0
-0.0360689 0.007970818 -1.453913 -1.355173 1.528467 1.488825 0.5133748 20.02949 2.84547 0 0.0 0.03693913218795379 1.9875504701762923 0.0 0.0
-0.03371439 0.008229017 -2.644592 -5.352144 1.72056 1.531744 0.8704039 19.56537 2.756905 0 0.0 0.034704132518453605 5.969867020562519 0.0 0.0
0.009102654 -0.03738642 -1.490018 -2.415038 0.1943478 0.160318 0.5839689 16.40096 2.622428 0 0.0 0.038478600679600024 2.8377036811069614 0.0 0.0
-0.03231683 0.003783384 -4.005944 -5.410497 0.4165307 0.3258367 0.2775382 18.41547 2.967901 0 0.0 0.032537539792374524 6.732092179860953 0.0 0.0
-0.03762413 -0.008608349 2.113384 -0.1378895 1.759287 1.571527 0.8714245 19.57912 nan 0 0.0 0.03859635773959378 2.1178775804248575 0.0 0.0
0.01348199 -0.03369422 3.430734 -1.890156 0.3825115 0.3026452 0.2262071 17.93246 2.674883 0 0.0 0.036291383492070124 3.9169663622619995 0.0 0.0
-0.04058791 0.01226849 2.926172 -4.358703 0.4753497 0.3787282 0.2820863 18.80346 3.054033 0 0.0 0.042401583520526684 5.249835656074675 0.0 0.0
-0.04684921 -0.009300252 -1.620881 -0.9073973 0.569669 0.4541798 0.3685936 18.01379 2.958082 0 0.0 0.04776340822101794 1.8575858193387162 0.0 0.0
-0.04572469 -0.01478343 -1.108205 -5.642774 0.5028009 0.4046843 0.2674194 18.48223 2.727173 0 0.0 0.04805514621932806 5.750566644870834 0.0 0.0
0.00907452 -0.04718255 -2.631331 -8.276862 0.3765748 0.291454 0.3770436 17.80715 3.059055 0 0.0 0.04804726774472093 8.685064616835328 0.0 0.0
0.03343438 -0.03244893 0.9124464 -5.734326 0.620765 0.4811484 0.633722 18.46589 2.863255 0 0.0 0.04659174630907603 5.806466490659268 0.0 0.0
-0.01394362 -0.01845837 -2.161142 -5.614562 0.4590566 0.3679755 0.1828206 18.674 2.597755 0 0.0 0.02313300589550135 6.016131746895841 0.0 0.0
-0.04558654 -0.01805639 1.148779 -8.932083 0.2880556 0.2180407 0.03160438 14.92719 4.945691 1 0.0 0.04903229393984846 9.00565377469787 0.0 0.0
-0.03134838 -0.0341497 -3.535309 -1.173003 0.4632324 0.3629316 -0.0311358 18.23353 nan 0 0.0 0.04635647677201536 3.7248282864435507 0.0 0.0
-0.03132107 -0.03392844 -3.180437 -5.726491 0.3676673 0.3141604 0.511212 16.46014 4.497567 0 0.0 0.046175193196980775 6.550410573700705 0.0 0.0
-0.04934611 0.004368684 -5.2785 -4.750415 0.5465061 0.4326516 0.2616495 18.82601 nan 0 0.0 0.04953911557571407 7.101338248684187 0.0 0.0
-0.03118407 -0.03449489 0.3815166 -12.9787 2.722717 2.079224 0.8218485 19.63872 nan 0 0.0 0.04650100706304112 12.984306242771524 0.0 0.0
0.008965724 -0.03853844 -4.257592 -1.951682 1.08053 0.9301686 0.6447575 18.66578 nan 0 0.0 0.03956760751521093 4.683604623320376 0.0 0.0
-0.02713807 -0.014852 -7.405415 -6.597021 0.7440722 0.6071925 0.3593091 18.80669 nan 0 0.0 0.030936333773168727 9.91770424022949 0.0 0.0
-0.02713799 -0.01519532 -2.691424 2.813038 0.3119385 0.2656052 0.577533 17.7558 2.159843 0 0.0 0.03110254412652605 3.8931922553632003 0.0 0.0
0.04030655 -0.0253386 -4.055734 -3.991494 1.158969 0.8634278 0.8526304 18.92463 2.608759 0 0.0 0.0476094803884951 5.690430794833727 0.0 0.0
-0.01158977 -0.01646875 2.645713 -6.209653 1.996118 1.977928 0.8525582 19.7138 nan 0 0.0 0.020138085688947698 6.74978426757315 0.0 0.0
-0.02815492 0.001825618 2.660956 -1.708402 1.653236 1.2841 0.3290667 18.78912 2.951826 0 0.0 0.02821404617009627 3.1621708093554974 0.0 0.0
-0.03616564 -0.03307917 -3.183733 -4.320281 0.3679738 0.3002383 0.2780089 18.05873 3.147545 0 0.0 0.04901209039103005 5.366654799244125 0.0 0.0
-0.006223725 -0.03360014 -4.30697 -2.858147 0.5700397 0.4403643 0.4750993 18.43476 2.450468 0 0.0 0.03417168653864226 5.169041966797039 0.0 0.0
-0.04028373 0.003613051 -3.086221 -4.887495 0.463179 0.3657145 0.2341808 18.627 3.415564 0 0.0 0.040445432872470294 5.780343193605895 0.0 0.0
-0.04244097 -0.0117495 -0.4717795 -5.667564 0.3950939 0.3138413 0.2486413 18.33226 2.650105 0 0.0 0.04403733285282954 5.687166042126451 0.0 0.0
-0.02508542 -0.01319024 -5.740678 -9.336596 1.824025 1.598211 0.8431795 19.49899 2.795067 0 0.0 0.028341854699966265 10.960264995286382 0.0 0.0
0.04197683 -0.02353866 1.036491 -7.461516 0.6572518 0.5261279 0.5636149 18.73892 2.711706 0 0.0 0.0481261131969381 7.533162324770188 0.0 0.0
-0.03310383 -0.02065188 -6.830002 -6.337237 0.5475335 0.4484643 0.05856601 18.64283 nan 0 0.0 0.03901747952140553 9.317161591073377 0.0 0.0
-0.04249802 -0.005472439 -2.879421 -5.696186 0.8421244 0.6619702 0.2522608 18.37498 2.870775 0 0.0 0.04284891238443656 6.382601369491675 0.0 0.0
0.02766 -0.03013189 1.176754 -8.162823 0.7285914 0.595295 0.5795787 18.76165 2.52969 0 0.0 0.04090240084606404 8.247207364062394 0.0 0.0
-0.007920285 -0.03832856 -1.844733 -10.44733 0.4517076 0.3477286 0.4642742 18.41457 2.746284 0 0.0 0.039138337038699345 10.608946411882236 0.0 0.0
-0.03510395 -0.01418465 2.338863 -7.132848 0.3668264 0.2895744 0.239418 18.50208 2.896917 0 0.0 0.03786147912093504 7.506517216650675 0.0 0.0
-0.03981609 -0.002879403 -5.537062 -0.1362782 1.983808 1.745517 0.873658 19.77251 2.18524 0 0.0 0.03992006994638798 5.53873878600889 0.0 0.0
-0.03036315 -0.03393772 4.046556 -4.931899 0.5523035 0.4334334 0.2232267 18.29948 3.178724 0 0.0 0.04553778339709674 6.379517474491076 0.0 0.0
0.0307011 -0.01861036 -7.822061 -7.670565 0.5447008 0.4191916 0.4643075 18.73873 2.15378 0 0.0 0.03590129580585637 10.95546465043569 0.0 0.0
0.03811649 -0.02650325 -6.977486 -7.485498 1.538378 1.192212 0.8587698 19.09814 2.794714 0 0.0 0.046425090958258766 10.233180892967738 0.0 0.0
0.0008648799 -0.03125775 -5.963458 -15.59959 0.7072868 0.5371331 0.5898114 18.88384 2.132431 0 0.0 0.03126971301921276 16.700599973829203 0.0 0.0
-0.03187288 -0.01775618 5.105921 -3.64912 1.426362 1.284032 0.8792488 19.30377 2.676643 0 0.0 0.03648509843328917 6.275866954663794 0.0 0.0
-0.02207192 -0.02566941 -2.330158 -4.191642 2.049917 1.768546 0.8569679 19.68781 1.867334 0 0.0 0.03385392535932133 4.795779286114823 0.0 0.0
-0.04057693 -0.01920466 -5.788348 -3.341771 1.33768 1.073529 0.09218372 18.39889 2.978992 0 0.0 0.0448921620546449 6.683741914941435 0.0 0.0
-0.04347742 -0.0218493 -3.789175 -6.731205 0.2706206 0.2137255 0.1355121 17.47941 3.77248 1 0.0 0.04865879119281941 7.7244396516931895 0.0 0.0
0.02111762 -0.03553785 -0.7556562 -0.4197361 0.1649764 0.1262843 0.1690814 16.18854 2.756059 1 0.0 0.041338754904894026 0.8644042377508627 0.0 0.0
0.02418515 -0.02474858 -8.070203 -9.008435 0.3258486 0.2604041 0.4247345 17.91661 nan 0 0.0 0.0346036658829509 12.09463011465973 0.0 0.0
0.02533165 -0.03891851 -4.738575 -3.931622 3.110001 2.6121 0.413851 20.15727 2.253208 0 0.0 0.04643643948821443 6.157251382029891 0.0 0.0
-0.02655992 -0.02932482 -6.750874 -7.970597 2.069273 1.693076 0.4031819 20.06789 2.516743 0 0.0 0.039564812882646114 10.44532030625605 0.0 0.0
-0.04534685 -0.0009607277 -2.881579 -10.41112 0.66423 0.5230135 0.3826366 18.88875 2.987886 0 0.0 0.04535702594566852 10.802542163196634 0.0 0.0
0.006748788 -0.0408767 -3.587456 -7.77651 0.4948984 0.4452337 0.3405892 18.10038 3.162401 0 0.0 0.0414300705087373 8.564108145746175 0.0 0.0
0.03258604 -0.03206149 -3.900483 -4.299165 0.6598901 0.516792 0.5919863 18.52911 2.894014 0 0.0 0.045714211618507646 5.804876168404801 0.0 0.0
-0.03748693 -0.009628737 -3.54932 -7.931628 1.722958 1.506481 0.8753169 19.43287 nan 0 0.0 0.03870377884703339 8.689556674122334 0.0 0.0
-0.03258406 -0.01959506 7.161785 7.452557 1.0517 0.8437093 0.4741197 19.00346 2.551243 0 0.0 0.038022195392786035 10.33594554090113 0.0 0.0
-0.04298532 -0.02022596 -2.664368 -4.751715 0.4086976 0.342294 0.3027241 18.06664 3.050922 0 0.0 0.047506075331729944 5.447719915767421 0.0 0.0
-0.01139823 -0.01575157 1.315662 -3.282453 0.4691986 0.3711822 0.2313975 18.6327 2.527554 0 0.0 0.01944303486078755 3.5363065754333287 0.0 0.0
0.0002627128 -0.0469495 -3.397855 -4.768583 0.4730819 0.3750548 0.5158246 18.17542 2.915283 0 0.0 0.0469502350182114 5.8553225725756555 0.0 0.0
-0.04066968 0.01121752 4.396497 -3.410475 1.937637 1.708673 0.8785962 19.3887 2.894585 0 0.0 0.04218833519176598 5.564218327549162 0.0 0.0
-0.03320889 -0.03617391 -8.302369 0.05236857 1.604775 1.310198 0.5595394 20.10345 nan 0 0.0 0.04910582592442774 8.30253416007937 0.0 0.0
-0.04145841 -0.003610492 1.099487 -2.735636 2.512542 1.984892 0.7147085 20.20417 nan 0 0.0 0.04161532665028792 2.9483174842043387 0.0 0.0
-0.03860442 -0.02430234 -4.273964 -11.19408 0.2936709 0.2324873 0.2188531 18.03928 3.06876 0 0.0 0.04561693734800704 11.982245003324545 0.0 0.0
-0.03064125 -0.01720081 -3.69632 -7.156417 0.5233543 0.4201085 0.2251266 18.92402 2.743258 0 0.0 0.0351390675206187 8.054631327397239 0.0 0.0
0.03187807 -0.01881095 -2.552581 -5.972878 0.6391414 0.4522536 0.1372416 18.48162 3.288687 0 0.0 0.03701436460115721 6.4954554393394925 0.0 0.0
-0.04570006 -0.007787267 -1.508351 -2.523253 0.2564889 0.1997091 0.2459526 17.53685 3.299866 1 0.0 0.04635878569735071 2.939715707548946 0.0 0.0
0.0318456 -0.03740759 -2.882909 -5.480063 0.4355711 0.3717571 0.5138847 17.98979 2.355019 0 0.0 0.049127080403460775 6.192112304072819 0.0 0.0
-0.005648216 -0.04919268 -0.350068 -0.8950803 1.317397 0.9835864 0.8665898 19.00153 2.052284 0 0.0 0.049515877348231006 0.9611016325405394 0.0 0.0
0.03047771 -0.03543311 -4.745773 -9.06995 0.423931 0.3214841 0.5319419 17.97058 3.258059 0 0.0 0.046737523373796774 10.236520618356073 0.0 0.0
-0.02319391 -0.02677207 4.536733 -0.7880532 2.282216 1.814176 0.5733498 20.01699 nan 0 0.0 0.035421761576367145 4.604668735025272 0.0 0.0
0.03146394 -0.03187617 -6.073824 -5.387721 0.2970268 0.2304623 0.4061151 17.74731 3.136147 0 0.0 0.04478916983147266 8.119044005104112 0.0 0.0
-0.03401235 -0.002745955 -4.872249 -8.683131 0.3480903 0.2980447 0.5122365 16.66643 4.6583 1 0.0 0.03412301600656842 9.956684904181813 0.0 0.0
-0.04145626 -0.009637713 -3.643419 -8.460783 0.2075896 0.1634556 0.3130474 15.65612 3.886476 1 0.0 0.042561802182919474 9.211913535343783 0.0 0.0
0.01553294 -0.04658242 -0.7667582 -1.180158 0.5712074 0.4418627 0.4273892 18.65239 1.705873 0 0.0 0.049103911026516005 1.4073702576902924 0.0 0.0
0.008007647 -0.0414528 -2.277029 -9.202722 0.5200827 0.3903666 0.4143837 18.35862 2.782383 0 0.0 0.042219154874495166 9.480240148652616 0.0 0.0
-0.02765446 -0.03041799 0.1676722 0.8220243 1.947456 1.826778 0.8791471 19.36863 nan 0 0.0 0.04110989264801965 0.8389504850963078 0.0 0.0
0.02785023 -0.03581583 -2.903076 -5.158538 0.6429949 0.509137 0.4771385 18.78105 2.849436 0 0.0 0.0453696924129071 5.919321292109426 0.0 0.0
-0.03335559 -0.001790183 -2.306767 -6.901622 0.2608055 0.2226743 0.5206932 16.94906 3.595165 1 0.0 0.03340359470807878 7.2769196933299325 0.0 0.0
0.04463309 -0.02032576 -6.648582 -2.483647 0.3404415 0.2569071 0.5208054 17.7727 3.018652 0 0.0 0.049043340450317004 7.097333656475015 0.0 0.0
-0.03099278 -0.03340002 -6.761823 -1.855528 0.2678067 0.2110489 0.2106741 17.72464 3.078205 0 0.0 0.04556439122965213 7.011792527029946 0.0 0.0
0.0260474 -0.02020186 -5.107903 -9.17644 0.1707131 0.1303473 0.284291 15.25179 3.800755 1 0.0 0.032963346223033846 10.502272331786536 0.0 0.0
-0.03133194 0.006413887 -3.334049 -4.737337 1.571171 1.394416 0.8766497 19.23822 2.602503 0 0.0 0.031981688676684494 5.792947832146428 0.0 0.0
-0.04449628 -0.005908062 0.4659159 -2.668727 1.623676 1.434363 0.8799787 19.24887 nan 0 0.0 0.04488679238299663 2.709092362102446 0.0 0.0
-0.04123092 -0.02750377 -3.52252 -4.137005 0.6741571 0.616216 0.5060816 18.78233 nan 0 0.0 0.04956254763689312 5.433503245644103 0.0 0.0
-0.01676277 -0.02004184 0.894925 -10.35275 0.6287307 0.502564 0.4338016 19.09712 2.595055 0 0.0 0.026127874170289857 10.391358107491293 0.0 0.0
-0.0168997 -0.0195841 0.1422282 -8.660431 2.154612 2.138391 -0.1735277 19.98884 nan 0 0.0 0.0258676793102899 8.661598811226265 0.0 0.0
0.02415658 -0.03050113 -3.815708 -9.357116 0.8009195 0.5497542 0.8752801 17.86814 nan 0 0.0 0.03890834471643968 10.105208923061413 0.0 0.0
0.02429275 -0.03374175 -0.3814652 3.509983 2.878601 1.95152 0.6024506 20.12885 1.779253 0 0.0 0.041576957508035625 3.5306509823402314 0.0 0.0
-0.01544907 -0.01881142 -2.975443 -5.016102 0.6628837 0.5674062 0.2828328 19.05116 nan 0 0.0 0.024342212025230986 5.832198583780648 0.0 0.0
-0.03409186 -0.01168 -3.404564 -5.284892 1.349251 1.194265 0.8774126 19.23091 2.625854 0 0.0 0.036037165791160654 6.286584086907611 0.0 0.0
-0.02903203 0.005933832 2.520912 -2.85013 0.4290052 0.3405386 0.3245964 18.27323 2.835175 0 0.0 0.029632231237710128 3.8050280325700623 0.0 0.0
0.02035164 -0.03356933 -4.413907 -6.857952 0.2577338 0.2093762 0.2833063 17.25758 2.963457 0 0.0 0.03925670856475999 8.15561650882096 0.0 0.0
