jas1101finalproject/data/gcs/Pal_2.ecsv
# %ECSV 0.9
# ---
# datatype:
# - {name: x, unit: deg, datatype: float64}
# - {name: y, unit: deg, datatype: float64}
# - {name: pmx, unit: mas / yr, datatype: float64}
# - {name: pmy, unit: mas / yr, datatype: float64}
# - {name: pmx_e, unit: mas / yr, datatype: float64}
# - {name: pmy_e, unit: mas / yr, datatype: float64}
# - {name: pm_corr, datatype: float64}
# - {name: g_mag, unit: mag, datatype: float64}
# - {name: bp_rp, unit: mag, datatype: float64}
# - {name: filter, datatype: int64}
# - {name: memberprob, datatype: float64}
# - {name: r, unit: deg, datatype: float64}
# - {name: pm, unit: mas / yr, datatype: float64}
# - {name: member_prob_GMM, datatype: float64}
# meta: !!omap
# - comments: [deg deg mas/yr mas/yr mas/yr mas/yr dimless mag   mag   zeroone float]
# - __serialized_columns__:
#     bp_rp:
#       __class__: astropy.units.quantity.Quantity
#       unit: &id001 !astropy.units.Unit {unit: mag}
#       value: !astropy.table.SerializedColumn {name: bp_rp}
#     g_mag:
#       __class__: astropy.units.quantity.Quantity
#       unit: *id001
#       value: !astropy.table.SerializedColumn {name: g_mag}
#     pm:
#       __class__: astropy.units.quantity.Quantity
#       unit: !astropy.units.Unit {unit: mas / yr}
#       value: !astropy.table.SerializedColumn {name: pm}
#     pmx:
#       __class__: astropy.units.quantity.Quantity
#       unit: !astropy.units.Unit {unit: mas / yr}
#       value: !astropy.table.SerializedColumn {name: pmx}
#     pmx_e:
#       __class__: astropy.units.quantity.Quantity
#       unit: !astropy.units.Unit {unit: mas / yr}
#       value: !astropy.table.SerializedColumn {name: pmx_e}
#     pmy:
#       __class__: astropy.units.quantity.Quantity
#       unit: !astropy.units.Unit {unit: mas / yr}
#       value: !astropy.table.SerializedColumn {name: pmy}
#     pmy_e:
#       __class__: astropy.units.quantity.Quantity
#       unit: !astropy.units.Unit {unit: mas / yr}
#       value: !astropy.table.SerializedColumn {name: pmy_e}
#     r:
#       __class__: astropy.units.quantity.Quantity
#       unit: &id002 !astropy.units.Unit {unit: deg}
#       value: !astropy.table.SerializedColumn {name: r}
#     x:
#       __class__: astropy.units.quantity.Quantity
#       unit: *id002
#       value: !astropy.table.SerializedColumn {name: x}
#     y:
#       __class__: astropy.units.quantity.Quantity
#       unit: *id002
#       value: !astropy.table.SerializedColumn {name: y}
# schema: astropy-2.0
x y pmx pmy pmx_e pmy_e pm_corr g_mag bp_rp filter memberprob r pm member_prob_GMM
[from data line 114]
0.005716808 -0.008164941 1.0467 -1.165626 0.319807 0.1897497 0.04979762 18.0623 2.409685 0 0.0 0.009967354475604095 1.5666093520325992 0.0
0.004641694 -0.001767753 -4.857717 -5.548786 3.456858 2.112953 -0.480046 20.52889 nan 0 0.0 0.004966917943619061 7.3747163013830574 0.0
-0.01128726 -0.03081802 2.762165 -1.757244 1.468702 0.8224124 0.1951303 20.12339 2.154472 0 0.0 0.03282000297117598 3.273753497556131 0.0
-0.001839141 0.00223186 12.86798 0.6707371 1.318869 0.7569202 -0.04259754 19.16725 nan 0 0.0 0.0028919956219678133 12.885449062322834 0.0
0.007703607 -0.008796132 3.303452 0.01736018 1.575616 0.9751081 -0.1352644 20.15919 1.603676 0 0.0 0.011692625837333246 3.3034976149762287 0.0
-0.0001457088 0.001837021 1.405876 -7.43422 1.425261 0.8384759 -0.2450795 19.52814 nan 0 0.0 0.0018427906036330986 7.565984029574474 0.0
0.01231274 0.01224814 1.162478 -0.3085223 0.3728286 0.2106075 0.04702679 18.3427 2.013155 1 0.0002118324 0.017367224872362308 1.202722374482694 0.0
-0.0006276855 0.002199419 -2.180632 -4.950969 2.42025 2.145983 0.27096 19.96723 nan 0 0.0 0.0022872326126721896 5.40992143735794 0.0
0.00232938 -0.0006024491 1.774505 1.888296 0.6360178 0.3370275 -0.04157605 18.43922 2.173813 0 0.0 0.0024060249588254085 2.591240972708057 0.0
0.003736422 -0.004316012 1.148391 1.564608 2.966726 1.368893 -0.015036 20.49513 nan 0 0.0 0.005708660871537913 1.9408245882987467 0.0
0.02490797 0.01209995 2.568686 -0.7758928 0.4691034 0.2680222 0.0452949 18.65038 2.017742 1 0.05084334 0.027691438379459452 2.68331090328494 0.0
-0.002653381 -0.0009324119 -1.159792 -8.54289 4.221756 2.216383 0.1531614 20.41576 nan 0 0.0 0.0028124406984721666 8.621257856911832 0.0
-0.001369915 0.02114512 1.118989 -0.7676027 0.5567446 0.3317986 0.05967482 18.834 2.371008 1 0.9070616 0.021189449424693058 1.3569636277985826 0.0
0.03914625 0.007502375 1.1346 -1.712934 1.154119 0.643791 0.1943143 19.78961 1.937172 1 0.8432332 0.03985868186108423 2.0546191978943447 0.0
-0.001474436 8.60864e-05 -1.427289 -6.776381 3.686028 2.069015 0.01620601 20.29169 nan 0 0.0 0.0014769469815673682 6.9250626962275215 0.0
-0.001181341 -0.0004174578 1.162899 -0.872873 2.632622 1.39283 0.2599365 20.14475 nan 0 0.0 0.0012529315915331691 1.454043107452458 0.0
-0.00228861 -0.0001275203 5.773879 -2.011399 1.122096 0.5557243 -0.2190119 18.76981 nan 0 0.0 0.0022921599331224883 6.114196974570087 0.0
-0.004841468 0.007278811 -0.9841133 -3.173962 2.885087 1.618865 0.03432258 20.60849 1.426283 0 0.0 0.008741904939356466 3.3230278007685836 0.0
0.02277533 -0.002196168 3.560894 -0.3590451 1.564306 0.9010854 0.2573193 20.09343 1.499233 0 0.0 0.02288097048844572 3.5789494915505595 0.0
-0.003213509 -0.000142752 0.7782702 -1.408604 0.4448461 0.2593337 0.01694609 18.42875 2.483755 0 0.0 0.0032166781353727327 1.6093072214540143 0.0
-0.004919859 0.002756492 2.696838 -2.825075 1.306012 0.7700286 -0.03189983 19.87785 nan 0 0.0 0.005639437979616853 3.905634897666319 0.0
-0.005043589 0.003132246 1.016163 -2.976846 0.9639049 0.5754405 -0.0527421 19.53513 2.554541 0 0.0 0.005937066195136871 3.1455046256976003 0.0
0.01297557 0.02266426 1.876709 -1.555697 0.3298936 0.1860927 0.06031557 18.14651 2.688713 1 0.9135438 0.026115782549494853 2.437668932913163 0.0
0.03267401 0.02184888 4.623878 -0.2163257 0.9056436 0.528859 -0.03032571 19.53623 1.984081 0 0.0 0.039306036263333656 4.628935576065462 0.0
-0.01930554 -0.01968352 0.7693351 -2.802868 1.53016 1.020926 0.2218594 20.25646 2.01354 0 0.0 0.027570724224836748 2.906534968225225 0.0
0.04345359 0.01649551 -0.4331521 -3.807236 0.2385494 0.1315579 0.2090709 17.37531 2.11017 1 0.0 0.04647920324239864 3.831796798034887 0.0
-0.002653306 0.001741691 -2.98233 -2.894946 1.53141 0.905472 0.01445202 20.00608 nan 0 0.0 0.003173880947533634 4.156321038107619 0.0
-0.002497019 0.0005877407 -5.623912 5.968663 0.87898 0.5038945 0.01386063 18.70156 2.253017 0 0.0 0.002565256910486256 8.20081241044526 0.0
-0.002601207 0.001488012 1.247427 -2.175253 0.7628331 0.4491883 -0.05293215 19.20396 1.9977 0 0.0 0.0029967411581571404 2.507548550743933 0.0
0.00529432 -0.02444419 -0.2037536 -1.723672 0.6646503 0.3975235 0.0359347 19.1069 2.610868 1 0.9283182 0.025010962576808196 1.735672979883296 0.0
-0.007199895 -0.002816634 0.5848172 -1.248915 1.027364 0.5907797 -0.08742312 19.64703 2.369822 0 0.0 0.007731229856949087 1.3790575893126582 0.0
0.001176517 -0.00130819 -1.732141 -1.030921 0.9682608 0.5684144 -0.1001927 18.96084 nan 0 0.0 0.001759418462841913 2.0157158907251786 1.0
0.003716607 0.002619107 5.008194 3.521572 1.71142 1.381688 0.7773806 19.3179 nan 0 0.0 0.0045467448872680335 6.122375069596766 0.0
-0.002868086 0.006878187 7.470423 -4.584079 1.838476 0.8786051 -0.1563803 19.89895 nan 0 0.0 0.007452205962690846 8.764758985686372 0.0
-0.02377868 -0.03565463 2.501063 -1.528837 3.537386 1.748374 0.0008426596 20.66705 1.402065 0 0.0 0.0428564844916064 2.9313237116596316 0.0
-0.007146989 0.007662335 -1.574324 -2.828181 1.752907 0.9788993 0.2889037 20.31286 2.107536 0 0.0 0.010478111920491497 3.2368354647304827 0.0
0.002387909 0.002996719 1.905212 -0.438569 1.23646 0.7226702 0.04281869 19.81002 2.134455 0 0.0 0.003831766453901125 1.9550384990339704 0.0
0.0004795471 0.004635103 3.706465 -1.058276 2.596751 1.194201 0.2240194 20.26108 nan 0 0.0 0.004659843907442331 3.854585696076947 0.0
0.007494102 0.004465646 0.7191532 -1.843649 0.8475081 0.4866308 -0.04737374 19.43094 2.389086 0 0.0 0.008723735380198095 1.9789449108732764 0.0
0.01955366 -0.01427232 1.777494 -1.604657 0.5719398 0.3247792 0.1506654 18.85068 2.271669 1 0.9676275 0.02420836090234116 2.3946626083198024 0.0
0.005279925 -0.0001483807 1.276828 -0.2714325 0.9459642 0.5653369 -0.04377954 19.52908 1.92388 0 0.0 0.005282009545405753 1.30536023519956 0.0
0.007096524 0.008200204 0.433339 -1.771627 0.3636255 0.2036076 0.01188835 18.13719 2.573896 0 0.0 0.010844537727547081 1.8238544119665911 0.0
0.01985315 -0.01349596 2.767536 -2.104693 0.3684509 0.210277 0.1857139 18.15199 1.973637 1 0.0001007126 0.02400600969016092 3.476922221670338 0.0
-0.01476093 0.004804108 -0.3922376 -0.5130057 0.1713487 0.09260435 0.02309199 16.72122 2.964034 1 0.0 0.015523031538348558 0.6457748702808511 0.0
0.00693444 -0.001767612 2.46956 0.4362714 1.770469 1.062222 0.02745359 20.3928 1.720127 0 0.0 0.0071561798675092 2.507799698552091 0.0
0.008745232 -0.002246205 1.245246 -0.781406 0.7805955 0.4895223 0.01559863 19.20752 2.274284 0 0.0 0.009029092957537264 1.4701132396356411 0.0
0.006009334 0.001223047 0.179536 -1.542541 0.7554884 0.4316009 -0.03631543 19.1492 2.165331 0 0.0 0.006132531213761981 1.5529539310542988 0.0
0.01047757 2.371667e-05 0.8517586 -2.610715 1.213799 0.7655108 0.0899631 19.98857 1.913973 0 0.0 0.010477596842088165 2.7461473966083756 0.0
0.006224321 0.0004925463 -1.105473 -0.7076402 0.8885362 0.5222639 -0.01100939 19.1638 1.507017 0 0.0 0.006243778805233629 1.3125643627590382 0.0
0.0003232376 0.003662354 0.7438308 -1.995686 0.4213884 0.2452706 0.0003485684 18.39936 2.348248 0 0.0 0.0036765907261170315 2.129799725238183 0.0
0.008777628 -0.000405611 0.8506628 -3.267684 1.145668 0.7165434 0.06718426 19.59099 2.298845 0 0.0 0.008786994570938634 3.3765938344965094 0.0
0.03344398 -0.0008482944 1.348911 -1.80222 0.2933363 0.1653303 0.1530162 17.76546 2.342037 1 0.9516638 0.03345473660977577 2.2511236781485375 0.0
0.001873304 0.006305957 -2.198316 -1.526437 1.58483 0.9448222 0.03091674 20.03378 2.206697 0 0.0 0.006578325133517269 2.6763040094176525 0.0
0.008562419 0.002527871 1.759929 -0.7963431 1.309392 0.7500849 -0.01132212 20.10054 2.194878 0 0.0 0.008927774130442705 1.9317123020674196 0.0
0.006668996 -0.02443647 0.4845477 -1.985328 1.116334 0.6796223 -0.01595071 19.97234 2.242491 0 0.0 0.025330151474259207 2.043603127116244 0.0
-0.004176987 0.0110992 1.196322 -2.030282 0.409423 0.2440133 0.08854153 18.39405 2.413286 1 0.9785734 0.011859150940862883 2.3565295090891607 0.0
-0.001917157 0.009214665 1.026947 0.844664 1.332929 0.810028 0.0562292 20.12785 1.941229 0 0.0 0.009411989270333557 1.3296907210720093 0.0
0.005019208 0.00325813 3.196765 1.623128 2.019185 1.51341 0.4604286 19.98822 nan 0 0.0 0.005983966915363419 3.5852267668320508 0.0
-0.006366951 -0.01448204 1.709496 -1.740276 0.7137587 0.4173042 -0.03930054 19.3029 2.57439 0 0.0 0.015819846636361587 2.439454268928196 0.0
0.006008368 0.0163159 1.104901 -1.594768 0.2790435 0.1613177 0.1032964 17.92808 2.677286 1 0.9974308 0.01738703766699273 1.9401265921647999 0.0
0.02111231 0.007048363 1.175858 -1.988148 0.5192248 0.2983859 0.05537621 18.73213 2.418718 1 0.9692322 0.022257786379509283 2.3098429613434766 0.0
0.03194376 -0.01372533 -1.036572 -2.611946 1.60666 1.128731 0.4402035 20.15496 1.66184 0 0.0 0.03476763561915737 2.810114484874237 0.0
-0.0210276 -0.0002625238 2.49756 -10.18303 1.488543 0.900787 0.05274658 20.25789 2.212276 0 0.0 0.02102923870485012 10.484841721957466 0.0
0.001039692 0.002466452 1.813307 -3.809604 0.5455708 0.3107944 -0.01399532 18.56579 2.346478 0 0.0 0.00267662939593213 4.2191426751254815 0.0
0.01139628 -0.002659816 1.303834 -1.80617 0.607848 0.3952774 0.09329492 19.06842 2.283794 0 0.0 0.011702556087977361 2.227607049830827 0.0
-0.01720394 0.001432331 4.720555 -3.857911 0.889848 0.5275661 -0.06581867 19.5316 2.218031 0 0.0 0.017263462098233977 6.096483969629216 0.0
-0.009574556 0.02450635 -1.118388 -1.969021 1.133581 0.667564 -0.04307304 19.87624 2.308271 0 0.0 0.026310327115405388 2.264472436790742 0.0
-0.01462159 0.02127976 9.787501 -12.82416 1.817952 1.0716 0.08610646 20.36074 2.522655 0 0.0 0.02581896744228359 16.132397699368838 0.0
-0.01517835 0.001205007 2.006037 -1.329106 0.8470109 0.4962381 -0.07146648 19.49499 2.662788 0 0.0 0.01522610753254255 2.4063888307181363 0.0
0.01291671 0.02450484 -3.57643 -5.511535 2.205187 1.229644 0.3950821 20.4468 2.369917 0 0.0 0.02770069639286529 6.57022599315465 0.0
-0.000484484 -0.01505827 0.4626096 -0.1539668 3.327229 1.769663 -0.1446695 20.6683 1.789907 0 0.0 0.015066061865635492 0.4875586298225066 0.0
-0.0001913029 0.001100784 2.289206 2.788099 1.685259 1.047414 0.07215879 19.82739 nan 0 0.0 0.001117283408184517 3.607486679703336 0.0
0.000570744 0.002281435 -10.85359 5.408027 2.707126 1.946342 0.1966977 20.14674 nan 0 0.0 0.0023517428372934403 12.126300834171523 0.0
-0.01319939 0.03984377 -5.225803 -0.9591858 4.732849 1.943988 0.05551857 20.87402 1.763735 0 0.0 0.04197320459751674 5.313102144108528 0.0
0.0003558104 0.001735932 -1.042516 1.354043 1.301977 1.132402 -0.1473417 19.14047 nan 0 0.0 0.0017720217124437723 1.7088803516059865 0.0
-0.0243867 -0.01841967 1.756012 -1.492681 0.6538947 0.3744792 -0.07732748 19.1002 2.18284 1 0.9468318 0.030561337990979712 2.3047070772453924 0.0
-0.001038031 0.0009577389 0.1561298 0.8979169 0.7534369 0.4318277 0.009478961 18.59196 2.303087 0 0.0 0.001412364031520985 0.9113897485454014 0.0
0.00489539 0.004566564 -2.530538 -1.304427 2.003517 0.9759143 0.2086663 19.99323 nan 0 0.0 0.006694650851104635 2.8469549290027407 0.0
0.002003688 0.0003989014 1.630019 -2.853612 0.3094672 0.1725238 -0.004251789 17.4501 2.553631 0 0.0 0.002043009527208809 3.2863449890273237 0.0
0.0001604124 0.002237564 0.8680334 -4.782131 1.108837 0.6802445 -0.02447565 19.51422 nan 0 0.0 0.0022433066647629253 4.860273540108269 0.0
0.0004144624 -0.005698913 0.3690378 1.000813 2.163774 1.083341 0.2712827 20.19714 2.06057 0 0.0 0.005713964338581644 1.0666843763728049 0.0
0.01181849 0.006697689 20.12411 7.29421 2.71607 1.758216 0.1782641 20.30499 nan 0 0.0 0.01358439339171319 21.405263437206283 0.0
0.008612798 0.02134006 0.3959212 -2.158492 1.005456 0.5997571 -0.01426454 19.81539 2.764141 1 0.9303148 0.02301257156843633 2.194502520088195 0.0
0.003221658 0.001077951 3.610919 -2.7122 2.683733 1.440511 0.04568829 20.4739 nan 0 0.0 0.0033972133620608818 4.516056339834679 0.0
-0.00161139 -0.01009152 8.725884 -8.901781 1.486045 0.8056752 -0.03241408 18.61092 2.499006 0 0.0 0.010219361704260202 12.465261992971387 0.0
-0.0225334 0.02183637 -0.518505 -2.159174 1.496037 0.877406 -0.02648586 20.30659 2.018974 0 0.0 0.031378036432143104 2.2205584426672944 0.0
0.007682635 0.008688531 0.9902407 -2.184143 0.6215988 0.3584044 -0.04302123 19.08341 2.565237 0 0.0 0.011597993424777667 2.3981362113911486 0.0
-0.03639011 0.006309173 1.465764 -1.423302 0.3732572 0.2163963 -0.01326112 18.26289 2.32089 1 0.9630492 0.03693299026285347 2.043098795188329 0.0
0.007364319 -0.001628343 0.3090814 -1.760478 4.254558 1.630692 -0.09154757 20.65096 nan 0 0.0 0.0075421943265478126 1.7874042912307109 0.0
-0.003558458 0.006708457 0.03368087 -0.6381745 0.6152787 0.3611432 -0.03055841 19.03706 1.535595 0 0.0 0.007593814499881664 0.6390626678614602 0.0
0.01194882 0.006072095 -0.6080053 -3.084464 0.3508828 0.2045468 0.07919512 18.31222 2.052904 1 0.0 0.01340315772799175 3.14381752207791 0.0
-0.01032983 -0.03402056 2.813321 -5.016095 0.7799102 0.4569394 -0.07580463 19.42751 2.302391 1 0.0 0.035554238714146306 5.7511724107407876 0.0
-0.0001978127 0.002760178 0.4141765 -1.092671 0.2561693 0.1391036 -0.02976572 17.40685 2.726545 0 0.0 0.0027672572081332246 1.1685341618426266 0.0
0.006960561 -0.002677415 0.8504004 -0.9152814 1.475668 0.857355 -0.01696269 20.13343 1.894152 0 0.0 0.007457745002140123 1.2493681929303786 0.0
0.008135563 -0.03230607 0.9994477 -3.744914 1.25535 0.6734894 0.004261159 19.57661 2.268599 0 0.0 0.033314704623812426 3.8759871739250236 0.0
-0.02074162 -0.03253874 4.84394 -2.511455 0.707998 0.44433 -0.1240492 19.20672 2.17182 1 0.0001484578 0.03858736063806385 5.45629553274243 0.0
0.015153 0.007257021 0.5063353 1.038931 0.8464327 0.5288947 0.07031592 19.51424 1.915213 0 0.0 0.016801123855100915 1.15574783529414 0.0
0.002264004 0.00941113 4.324886 -0.6361297 2.789665 1.561613 -0.1503391 20.56755 1.862263 0 0.0 0.009679621996179189 4.371418523570821 0.0
0.01674871 0.00689871 1.270823 -1.186059 0.5698173 0.354837 0.07264017 18.96554 2.4715 1 0.983971 0.018113847916116553 1.7383115511351812 0.0
0.002159982 0.001528055 -2.540731 -0.3897655 1.073917 0.6973385 -0.7281806 18.53235 nan 0 0.0 0.002645840948233472 2.5704534929368497 0.0
0.02512536 0.002832203 6.570446 -0.8336813 0.3700361 0.2006539 0.02831384 17.96187 2.011896 0 0.0 0.025284483165823442 6.623125028933523 0.0
0.002842612 0.04318647 0.4055137 -0.8996001 0.826391 0.4773005 -0.03017791 19.53618 2.446089 1 0.7863983 0.043279921834996925 0.9867733786476508 0.0
0.02046885 -0.02888432 -3.580809 -2.737548 3.007236 1.742064 0.1030418 20.64966 2.059792 0 0.0 0.035401663268622 4.5073675406810345 0.0
-0.01297143 -0.006659322 1.042231 -1.896293 0.3553388 0.2079788 0.04251418 18.25899 2.985292 1 0.989567 0.014580965871456665 2.1638328491845207 0.0
0.005926323 -0.02511935 1.571661 -3.149918 2.871713 1.414888 0.08512438 20.63875 1.978977 0 0.0 0.025808972252354973 3.520241711252936 0.0
-0.01222634 -0.03734866 1.506074 -1.994429 0.7297877 0.472294 -0.1052152 19.36989 2.637003 1 0.8645645 0.03929892865704102 2.4992010582418134 0.0
-0.01378597 -0.008759197 1.398029 -1.488871 0.8098659 0.4869754 -0.009503539 19.40954 2.546816 0 0.0 0.016333294245978337 2.0423569569206066 0.0
-0.007097257 -0.02372309 -1.728122 1.815112 3.891882 1.550878 0.02799305 20.68463 1.704651 0 0.0 0.024761988128422747 2.5061997564894942 0.0
-0.04445124 -0.003514019 2.183192 -10.50328 0.875822 0.5036183 -0.2532225 19.33792 2.380175 1 0.0 0.044589921137741 10.727777871827138 0.0
-0.02340686 -0.007816969 1.426674 -1.675117 1.344099 0.7796125 -0.0837377 20.04753 2.029589 0 0.0 0.02467764371666309 2.2003217187413755 0.0
-0.001240293 -0.02551435 1.205764 -0.2792916 2.902481 1.329835 0.2434999 20.54739 1.8344 0 0.0 0.025544478515881843 1.2376876106379024 0.0
-0.03873466 -0.009250041 -0.8019762 -2.710852 2.432448 1.354025 0.1671712 20.50881 1.828024 0 0.0 0.03982382633320511 2.8269921102242996 0.0
0.004962337 -0.02984391 1.101791 -2.736351 1.048102 0.5982317 -0.0850894 19.68376 2.072437 0 0.0 0.030253656846564333 2.949840708052216 0.0
