jas1101finalproject/data/gcs/Pal_15.ecsv
# %ECSV 0.9
# ---
# datatype:
# - {name: x, unit: deg, datatype: float64}
# - {name: y, unit: deg, datatype: float64}
# - {name: pmx, unit: mas / yr, datatype: float64}
# - {name: pmy, unit: mas / yr, datatype: float64}
# - {name: pmx_e, unit: mas / yr, datatype: float64}
# - {name: pmy_e, unit: mas / yr, datatype: float64}
# - {name: pm_corr, datatype: float64}
# - {name: g_mag, unit: mag, datatype: float64}
# - {name: bp_rp, unit: mag, datatype: float64}
# - {name: filter, datatype: int64}
# - {name: memberprob, datatype: float64}
# - {name: r, unit: deg, datatype: float64}
# - {name: pm, unit: mas / yr, datatype: float64}
# - {name: member_prob_GMM, datatype: float64}
# - {name: member_prob_DB, datatype: float64}
# meta: !!omap
# - comments: [deg deg mas/yr mas/yr mas/yr mas/yr dimless mag   mag   zeroone float]
# - __serialized_columns__:
#     bp_rp:
#       __class__: astropy.units.quantity.Quantity
#       unit: &id001 !astropy.units.Unit {unit: mag}
#       value: !astropy.table.SerializedColumn {name: bp_rp}
#     g_mag:
#       __class__: astropy.units.quantity.Quantity
#       unit: *id001
#       value: !astropy.table.SerializedColumn {name: g_mag}
#     pm:
#       __class__: astropy.units.quantity.Quantity
#       unit: !astropy.units.Unit {unit: mas / yr}
#       value: !astropy.table.SerializedColumn {name: pm}
#     pmx:
#       __class__: astropy.units.quantity.Quantity
#       unit: !astropy.units.Unit {unit: mas / yr}
#       value: !astropy.table.SerializedColumn {name: pmx}
#     pmx_e:
#       __class__: astropy.units.quantity.Quantity
#       unit: !astropy.units.Unit {unit: mas / yr}
#       value: !astropy.table.SerializedColumn {name: pmx_e}
#     pmy:
#       __class__: astropy.units.quantity.Quantity
#       unit: !astropy.units.Unit {unit: mas / yr}
#       value: !astropy.table.SerializedColumn {name: pmy}
#     pmy_e:
#       __class__: astropy.units.quantity.Quantity
#       unit: !astropy.units.Unit {unit: mas / yr}
#       value: !astropy.table.SerializedColumn {name: pmy_e}
#     r:
#       __class__: astropy.units.quantity.Quantity
#       unit: &id002 !astropy.units.Unit {unit: deg}
#       value: !astropy.table.SerializedColumn {name: r}
#     x:
#       __class__: astropy.units.quantity.Quantity
#       unit: *id002
#       value: !astropy.table.SerializedColumn {name: x}
#     y:
#       __class__: astropy.units.quantity.Quantity
#       unit: *id002
#       value: !astropy.table.SerializedColumn {name: y}
# schema: astropy-2.0
x y pmx pmy pmx_e pmy_e pm_corr g_mag bp_rp filter memberprob r pm member_prob_GMM member_prob_DB
-0.03429454 -0.0152484 -7.585035 -3.145984 0.6711396 0.480059 0.1497216 19.50267 1.952774 1 0.0 0.03753170894552498 8.21157544442484 1.0 0.0
0.01216632 -0.006010426 -19.31517 -5.918284 4.429032 2.82948 0.1852429 20.82368 1.893698 0 0.0 0.013569987584514439 20.201531566531187 1.0 0.0
0.008626436 -0.009546824 -7.623642 -8.154988 0.7566355 0.5485194 0.1075646 19.46713 1.357649 0 0.0 0.012866905088212628 11.163500643808284 1.0 0.0
-0.04392235 -0.01957605 2.008092 -11.61585 0.7401662 0.50487 0.1341008 19.64946 2.216444 1 0.0 0.048087363861257774 11.788146788319358 1.0 0.0
-0.02904578 -0.01178737 -0.1058702 -2.602218 2.109527 1.596009 -0.04075231 20.71533 1.000866 0 0.0 0.031346442020192655 2.6043707529405333 1.0 0.0
-0.04961398 0.02665779 -8.446704 -6.415573 1.977144 1.229284 0.2307978 20.64636 0.7540092 0 0.0 0.05632215176220188 10.60690272331867 1.0 0.0
0.03316144 -0.009472521 0.1250987 -0.8537791 0.7059488 0.5208676 0.1073308 19.41368 1.723991 0 0.0 0.034487820414880396 0.8628953797179006 1.0 0.0
-0.0365527 -0.01974105 -8.511339 -3.765131 0.2756672 0.1951429 0.1591738 18.19964 1.513885 1 0.0 0.04154285657477709 9.306938434312436 1.0 0.0
-0.009515409 -0.02492631 1.476133 0.3769636 1.539718 1.116647 -0.03162943 20.54671 1.23196 1 0.8905808 0.026680778449164128 1.5235058875547411 1.0 0.0
-0.05130728 -0.01638053 -2.050098 -0.1882533 2.841007 1.621886 0.2477072 20.72412 0.9327774 0 0.0 0.05385869237253444 2.058723175797293 1.0 0.0
-0.03278402 -0.009839028 -5.207546 -5.545089 1.004701 0.7319064 0.1388064 19.99581 1.384274 0 0.0 0.03422862017880919 7.60700646509762 1.0 0.0
-0.02602474 0.003966334 -0.2375177 -0.2811329 1.54688 0.9785058 0.04656091 20.43839 0.6362686 1 0.9465991 0.02632525208743795 0.36803582064209456 1.0 0.0
0.03810507 -0.00781411 -1.470794 -1.028794 1.112933 0.7629004 0.1117122 19.99883 0.977684 1 0.9008236 0.03889802918911188 1.7948961209139653 1.0 0.0
-0.003503715 -0.05938344 -1.673428 2.639408 0.838384 0.6039293 0.127743 19.79884 1.387993 1 1.972686e-06 0.059486712508213344 3.1251937318585545 1.0 0.0
0.005910498 -0.007011477 -0.8357238 -0.763374 0.3076349 0.2242595 0.1168739 18.31195 1.582321 1 0.9984064 0.009170321495429318 1.131889629673512 1.0 1.0
-0.0134673 -1.080447e-05 -0.7823223 0.8702366 1.709269 1.326323 -0.1774054 20.43779 0.6636677 1 0.9466158 0.013467304334074134 1.1701879853497257 1.0 0.0
0.002080716 -0.007643582 -0.08515573 0.6219021 1.345335 0.9892421 0.2193959 19.93963 1.448151 0 0.0 0.007921724866680236 0.6277051221204452 1.0 0.0
-0.003793651 -0.007615092 -0.8251981 -0.7133761 0.3774827 0.2765429 0.07423736 18.63683 1.546139 1 0.9978681 0.00850772672799644 1.090805832536121 1.0 1.0
-0.06529903 -0.00679689 -1.68971 -1.316073 1.152666 0.7731557 0.284925 19.92092 2.124126 0 0.0 0.06565181667412562 2.1417675003204715 1.0 0.0
-0.05564103 0.03466026 -11.87328 -5.820034 1.652148 1.046876 0.2039701 20.45912 0.9722004 0 0.0 0.06555347315534471 13.222994128394522 1.0 0.0
0.02920979 0.0322703 4.949623 -9.387472 2.544073 2.29082 0.001099493 20.83172 1.402035 0 0.0 0.04352682039770537 10.61241717955495 1.0 0.0
-0.01978417 0.003998067 -0.4163156 -14.27443 1.701548 1.24986 -0.02680669 20.55219 1.391727 0 0.0 0.020184100731154436 14.28049965875506 1.0 0.0
-0.00910346 -0.01292998 5.415928 -3.87021 0.2358156 0.1729382 0.1145538 17.89549 1.392216 1 0.0 0.015813202293400285 6.656635903013173 1.0 0.0
0.0452154 -0.0002082487 -8.947165 -12.30085 0.31028 0.2246493 0.07916427 18.35015 1.242384 1 0.0 0.04521587956328011 15.21061051568033 1.0 0.0
0.05906988 0.01183576 -7.669421 -2.023201 1.792301 1.286884 -0.05395851 20.50307 1.531799 0 0.0 0.06024397013803124 7.931794296478067 1.0 0.0
-0.02927467 -0.00705744 0.5259765 0.1334925 0.7167493 0.4900375 0.1570355 19.59374 1.381752 1 0.8919644 0.03011334858434877 0.542652306830534 1.0 0.0
0.03592316 -0.009857106 -2.087059 -1.232582 1.011446 0.724224 0.1035796 19.90082 0.8893032 0 0.0 0.03725098606857054 2.423855122775493 1.0 0.0
0.0628692 0.0166044 -8.339938 -5.987758 3.068152 2.538848 0.1671447 20.89234 2.109407 0 0.0 0.0650249368165783 10.26683065558247 1.0 0.0
-0.02871005 -0.02246887 -2.875908 -2.860589 1.742723 1.246004 0.1398816 20.68478 1.359137 0 0.0 0.03645705816545542 4.056330392286235 1.0 0.0
0.01491277 -0.009901662 -3.885361 -11.95708 0.6756736 0.4645218 0.05045358 19.37991 1.396727 0 0.0 0.017900659748599883 12.57250143077029 1.0 0.0
0.02663112 0.0226379 2.450316 -0.5572653 2.839312 2.56332 0.01769343 20.92898 0.5074844 0 0.0 0.03495269759066387 2.512885416098412 1.0 0.0
0.004613589 0.03245312 -2.531031 -4.358314 1.152205 0.8063986 0.1317249 20.10777 1.736061 1 0.003011154 0.032779417340692944 5.039942345459618 1.0 0.0
-0.0429155 0.006293562 -0.1431518 -0.7859474 1.397586 0.9018693 0.1489026 20.37369 1.290749 0 0.0 0.043374520895311845 0.7988778088105839 1.0 0.0
0.007787279 0.02025669 -1.141458 -1.537009 2.05744 1.340612 0.09078989 20.60969 1.436369 0 0.0 0.021701963136544607 1.9145033381650187 1.0 0.0
0.001134715 -0.0008056176 -3.074033 -3.691296 0.9956647 0.6837571 0.02224859 19.92501 1.917997 0 0.0 0.001391616990646047 4.80368036454394 1.0 0.0
0.05789459 -0.03063057 -2.395881 -3.999199 1.757996 1.107341 0.09757588 20.43316 1.478577 0 0.0 0.06549820890522885 4.66195649998603 1.0 0.0
0.02025314 0.0009472618 -2.760643 -0.4921134 2.075384 1.417449 0.04307809 20.67692 1.651146 0 0.0 0.0202752801405391 2.8041621515006154 1.0 0.0
0.006795476 0.0003877829 0.08930408 -0.5435183 2.096351 1.713136 -0.1888433 20.80484 1.159559 0 0.0 0.006806531395954066 0.5508061012185108 1.0 0.0
-0.0249262 0.01328314 -12.821 -12.24483 1.174205 0.730377 0.02016662 19.99294 2.341686 1 0.0 0.028244596911614794 17.72890021205207 1.0 0.0
-0.01227719 0.01023553 0.9609794 -1.237492 1.215969 0.8404698 0.1188323 20.15849 1.229588 0 0.0 0.01598422562018567 1.566801792598017 1.0 0.0
0.05690314 0.002978416 1.923018 -10.92391 1.498903 1.134985 0.01945579 20.50811 1.327238 0 0.0 0.05698103459686087 11.0918802696578 1.0 0.0
-0.008767818 0.01183497 -3.390586 -0.5184232 1.958416 1.320151 0.2314148 20.65722 0.6788673 0 0.0 0.014728922139179907 3.42999067603605 1.0 0.0
0.02769928 0.04297777 -4.33305 -3.796576 2.545635 1.764557 0.3813781 20.78603 1.040857 0 0.0 0.05113060557720102 5.761016544523718 1.0 0.0
-0.05277227 0.008756467 -2.452498 17.4596 1.173502 0.7710929 0.251984 20.0776 2.327106 0 0.0 0.05349381455154408 17.631006170947927 1.0 0.0
-0.03223505 0.05335155 -1.353005 -5.623894 0.9155424 0.6060983 0.1724789 19.78753 2.513597 1 0.0 0.06233366936018607 5.784358759038119 1.0 0.0
-0.0055331 0.02139091 1.078057 0.8797744 1.761399 1.223261 0.2208753 20.5629 1.022858 0 0.0 0.022094936665175122 1.391477592397506 1.0 0.0
0.01611829 0.04015401 -0.4841168 -0.4934819 0.4436572 0.3144655 0.1017993 18.64212 1.501266 1 0.9735947 0.04326827696597358 0.6912983883026562 1.0 0.0
0.03413829 0.05123921 -8.682923 -10.81074 1.674576 1.219323 0.09907541 20.57664 1.068277 0 0.0 0.06157011844676117 13.865974584266661 1.0 0.0
-0.05010226 0.02866361 6.506418 -11.07519 2.15893 1.455092 0.2199535 20.58884 1.87355 0 0.0 0.05772208412158816 12.84497211856935 1.0 0.0
0.0422096 0.007171901 -2.708898 -11.57134 0.8874874 0.6457088 0.08148411 19.86359 2.300428 1 0.0 0.042814559394133686 11.884192768968532 1.0 0.0
0.0331465 0.05075209 -10.7187 -5.136255 2.830873 2.511813 0.1321702 20.92239 1.615627 0 0.0 0.06061736633686835 11.885774905954808 1.0 0.0
-0.008157556 0.06341646 -4.150066 -13.93183 0.1206686 0.08400115 0.1700931 16.45366 1.602522 1 0.0 0.06393897965110747 14.536813094803689 1.0 0.0
-0.05458787 -0.004144378 -7.797028 -4.567407 1.982144 1.496235 0.0240438 20.7229 2.024891 0 0.0 0.054744967075922 9.036307450304744 1.0 0.0
0.03165076 -0.03485306 -2.407397 -7.954696 0.8301619 0.5955188 0.04745803 19.80431 1.623592 1 0.0 0.047079787594478374 8.31100167055843 1.0 0.0
-0.00119978 0.0215258 -1.999331 -7.466571 1.906466 1.32454 0.1022482 20.63488 1.303511 0 0.0 0.021559210043236743 7.729618809850975 1.0 0.0
-0.02694045 0.05699774 -3.379736 -10.28454 0.5460056 0.3801549 0.2099687 19.04936 1.350124 1 0.0 0.06304387528785092 10.825635244238372 1.0 0.0
0.03648805 0.05052638 -1.418192 -7.811002 1.492249 1.044859 0.1810831 20.24524 1.225731 0 0.0 0.06232409541025766 7.938703974381965 1.0 0.0
-0.02535337 -0.0002411547 -1.39774 -0.5572368 1.589929 1.11847 0.007978832 20.4441 1.347998 0 0.0 0.0253545168746366 1.5047225521252214 1.0 0.0
-0.01969278 0.05569069 -1.281756 -7.654042 0.9553352 0.6269254 0.1141197 19.75769 1.388235 1 0.0 0.059069946138493305 7.76062222900329 1.0 0.0
0.004506777 0.0258426 0.05471111 -1.140009 0.8331899 0.5774408 0.107903 19.65117 1.330378 1 0.9759915 0.026232632610695576 1.1413210878794942 1.0 0.0
-0.006097683 0.05452524 -0.03907931 -3.153893 0.7079264 0.4666129 0.1427301 19.17867 1.263855 1 0.0002169822 0.05486513952434724 3.154135102990846 1.0 0.0
-0.03313468 -0.05784704 3.789468 -4.170005 2.451505 1.438593 -0.04294453 20.84624 1.540199 0 0.0 0.0666647362213637 5.634625934616157 1.0 0.0
-0.05705947 -0.0266082 -0.989303 1.794445 1.939824 1.540021 0.2420518 20.73033 1.348986 0 0.0 0.06295855322290134 2.0490859630171694 1.0 0.0
-0.04013825 -0.033278 -5.825889 -9.529594 0.511819 0.3540452 0.1330822 19.06661 1.253109 1 0.0 0.05213927883143859 11.169339481149143 1.0 0.0
0.0441776 -0.03304158 4.323983 -8.725282 0.4815623 0.3076474 0.1321872 18.75396 1.492384 1 0.0 0.05516707669123315 9.73793484080752 1.0 0.0
0.0130819 0.0370907 1.964809 -7.989113 0.7831789 0.5728709 0.1377477 19.62193 1.448959 1 0.0 0.03933009196658457 8.227174541314291 1.0 0.0
0.01247138 -0.05512822 -4.100519 1.491464 0.8029464 0.5608608 0.2565918 19.60863 1.927603 0 0.0 0.05652128766644299 4.363338278503857 1.0 0.0
0.04008845 -0.03317721 -0.7572715 -0.4338939 0.4491303 0.3276927 0.07505731 18.79363 1.579683 1 0.9400266 0.05203663216222395 0.8727680339984158 1.0 0.0
0.03743341 -0.05467789 -9.283828 -4.909712 1.746286 1.240509 0.2858977 20.57554 1.398512 0 0.0 0.06626410671759034 10.50212998665166 1.0 0.0
-0.0002690337 0.06429137 -6.80833 -7.60283 0.09041317 0.06270163 0.2195022 15.8874 1.534518 1 0.0 0.06429193289681558 10.205703375946216 1.0 0.0
-0.006601113 -0.03227324 -1.993719 -4.946307 1.761896 1.251078 0.06737594 20.49644 0.7976646 0 0.0 0.03294141334151237 5.332998067617313 1.0 0.0
-0.008462664 0.01850849 0.3664993 -5.963116 1.432251 1.013423 0.2033196 20.32379 1.491062 0 0.0 0.020351434447158655 5.974368097661584 1.0 0.0
0.02919461 0.04879145 0.03621678 -16.14759 0.7234561 0.5159189 0.1178163 19.48104 1.337311 1 0.0 0.05685886778818762 16.147630614528364 1.0 0.0
0.0188188 -0.02338341 2.201973 1.321736 3.748295 2.456707 0.6216461 20.85667 0.7820415 0 0.0 0.030015514266260705 2.5682038755568066 1.0 0.0
0.01195267 -0.0242771 -0.1917681 -0.8233577 1.090051 0.7797052 0.07654846 20.0383 0.8369122 1 0.967917 0.027060005627104 0.8453951184664482 1.0 0.0
-0.005929769 -0.02305872 -1.317323 -0.6845436 2.536327 1.438328 -0.01607101 20.63097 0.934639 0 0.0 0.023808963195228832 1.4845672186297123 1.0 0.0
0.03207845 0.05525252 -15.89018 -13.40705 1.415676 1.064554 0.107155 20.39803 1.886383 0 0.0 0.06388949773439216 20.790546172116308 1.0 0.0
0.03172751 0.05694425 -1.078377 -6.910553 0.1740964 0.1241572 0.1540002 17.27634 1.326151 1 0.0 0.06518652083722984 6.994186137066842 1.0 0.0
0.005513774 -0.02171552 -0.5763545 0.9740004 2.11023 1.855225 0.6453031 20.19046 0.8209763 0 0.0 0.022404586865047878 1.1317514253891665 1.0 0.0
-0.006006076 -0.006458763 -6.541272 -2.671241 1.451063 1.047689 -0.0184069 20.3933 1.577097 0 0.0 0.008819782786891352 7.065675329228269 1.0 0.0
0.04246879 -0.02145973 -1.540008 -2.341833 2.969264 2.975368 0.04252336 20.78436 0.6893559 0 0.0 0.04758275040113802 2.8028211573257753 1.0 0.0
0.01607246 0.01875589 -4.953928 1.48731 2.060587 1.625889 -0.2502285 20.53992 0.4881229 1 0.6142746 0.024700351822265612 5.172377950738325 1.0 0.0
-0.01433712 0.04729617 0.2649172 -0.938413 0.7171688 0.4657098 0.2447982 19.1358 1.587633 1 0.9157357 0.04942145998008658 0.9750897812123969 1.0 0.0
0.05987816 -0.02826845 -0.8570246 -0.8785186 1.089224 0.7041747 0.1141448 19.8575 1.035397 1 0.7452181 0.0662155518770938 1.2273084761180133 1.0 0.0
0.01457722 0.04485277 -7.387704 -4.49862 0.2144894 0.1533436 0.09420916 17.58736 1.521276 1 0.0 0.04716212802240056 8.649609950513144 1.0 0.0
-0.004373449 -0.02047926 -1.821175 -0.733948 1.803467 1.37529 0.04168425 20.59202 1.100214 0 0.0 0.020941039761750154 1.9635065692095355 1.0 0.0
-0.03209731 -0.02761378 0.5765012 -1.404272 1.068254 0.7243315 0.08637287 20.05709 0.9649448 1 0.8647738 0.042340974895773244 1.5180031237074052 1.0 0.0
-0.008355746 -0.05917203 0.03035021 0.03598893 1.664975 1.052494 0.2726496 20.36778 1.809689 0 0.0 0.059759079858523724 0.047078002608320166 1.0 0.0
0.01157121 -0.02694417 -12.87646 0.07019208 1.045907 0.7163329 -0.0730169 19.90182 1.329533 1 0.0 0.029323730967477517 12.876651313897364 1.0 0.0
-0.02500228 -0.03556304 -2.550567 -5.984159 1.289263 0.9233348 0.1149584 20.23351 1.828377 0 0.0 0.04347233395206657 6.505040427143401 1.0 0.0
-0.03070879 -0.03357722 -1.766383 -18.99482 1.519864 1.083588 0.115617 20.46987 1.298563 0 0.0 0.04550230198783903 19.076773724482056 1.0 0.0
-0.05344333 -0.02431202 0.9613529 -1.78165 0.3911307 0.2718535 0.1565415 18.62683 1.463205 1 7.842474e-05 0.05871340424442531 2.024469343022613 1.0 0.0
0.005330681 -0.01763976 -0.5401009 -0.8402645 0.1023111 0.07524538 0.1035379 16.3815 2.009151 1 0.9998034 0.01842762309092958 0.9988760744662273 1.0 0.0
0.03792183 -0.03016096 -5.4315 4.372505 1.329563 0.9573553 0.04049125 20.35411 2.123285 1 0.0 0.04845357260997892 6.9728037563827225 1.0 0.0
0.008367133 0.05464406 8.480837 -9.295551 4.058224 2.962974 0.2965263 20.99132 0.9248314 0 0.0 0.05528093892042074 12.582999031000917 1.0 0.0
0.05105903 -0.026449 -4.518955 -1.082327 0.7779043 0.5441388 0.1778795 19.58016 1.566856 1 0.0001818622 0.057502818587795324 4.646760810172394 1.0 0.0
-0.01467262 -0.02855046 3.909024 0.1705582 4.885285 3.330779 0.35893 20.96175 0.5979691 0 0.0 0.032100070776806704 3.9127431211572326 1.0 0.0
0.004415192 -0.02452839 -8.245404 -6.815601 0.6337092 0.4613627 0.09430785 19.41108 2.23303 1 0.0 0.02492259690299075 10.697621423214462 1.0 0.0
0.03454981 -0.02910552 -2.456665 -2.001223 1.804099 1.213731 0.004857139 20.59507 1.463661 0 0.0 0.04517544316889985 3.168611118132675 1.0 0.0
-0.01200258 0.03328942 0.4448235 1.853837 1.450821 1.014704 0.07468 20.33007 1.489294 0 0.0 0.035387107971587624 1.9064573346186506 1.0 0.0
0.03520579 -0.04788677 -1.919949 -2.877437 0.4694141 0.3169594 0.1109845 18.74581 1.516266 1 0.0 0.05943559868089999 3.4591686648051723 1.0 0.0
-0.009301801 -0.02192689 -1.583959 -1.940044 0.8650843 0.6155873 0.06837689 19.80466 1.584873 1 0.8885155 0.023818312427955533 2.5045352534186853 1.0 0.0
-0.0127349 -0.006028905 0.6731624 -2.139525 2.657118 1.642849 0.2635425 20.68406 1.035824 0 0.0 0.014089903246971748 2.2429255097748477 1.0 0.0
0.04974729 0.02864316 -6.631285 -2.960085 1.931095 1.514329 0.1876807 20.67892 1.128374 0 0.0 0.0574040371152561 7.261958686088072 1.0 0.0
-0.01387925 -0.007268446 0.6859431 -0.6187773 1.371871 0.9736834 0.1256249 20.38174 0.657938 0 0.0 0.0156672871875579 0.9237982915295416 1.0 0.0
0.04204138 -0.0463725 -11.26145 -3.324798 2.87025 2.553959 0.3460683 20.855 1.188574 0 0.0 0.06259302188386817 11.741998886190714 1.0 0.0
0.02272477 -0.04570875 -1.036526 0.0623382 1.321984 0.937409 0.1189871 20.37259 1.541265 1 0.7501449 0.05104610659115345 1.0383988635660384 1.0 0.0
0.009602956 -0.00809718 -8.255365 -3.272347 2.159089 1.515802 0.06938024 20.41459 1.425602 0 0.0 0.0125610942154868 8.880276244106035 1.0 0.0
0.01540093 -0.04469796 -0.4167788 -1.552006 0.1376626 0.102961 0.05514354 16.90121 1.613087 1 1.418206e-06 0.0472768048098272 1.6069932147228998 1.0 0.0
-0.006891054 0.0009703586 -0.7982237 -1.682289 1.108224 0.8082472 0.06831918 20.14907 0.7868519 0 0.0 0.006959038801695961 1.8620572909453377 1.0 0.0
