jas1101finalproject/data/gcs/Pal_13.ecsv
# %ECSV 0.9
# ---
# datatype:
# - {name: x, unit: deg, datatype: float64}
# - {name: y, unit: deg, datatype: float64}
# - {name: pmx, unit: mas / yr, datatype: float64}
# - {name: pmy, unit: mas / yr, datatype: float64}
# - {name: pmx_e, unit: mas / yr, datatype: float64}
# - {name: pmy_e, unit: mas / yr, datatype: float64}
# - {name: pm_corr, datatype: float64}
# - {name: g_mag, unit: mag, datatype: float64}
# - {name: bp_rp, unit: mag, datatype: float64}
# - {name: filter, datatype: int64}
# - {name: memberprob, datatype: float64}
# - {name: r, unit: deg, datatype: float64}
# - {name: pm, unit: mas / yr, datatype: float64}
# - {name: member_prob_GMM, datatype: float64}
# - {name: member_prob_DB, datatype: float64}
# meta: !!omap
# - comments: [deg deg mas/yr mas/yr mas/yr mas/yr dimless mag   mag   zeroone float]
# - __serialized_columns__:
#     bp_rp:
#       __class__: astropy.units.quantity.Quantity
#       unit: &id001 !astropy.units.Unit {unit: mag}
#       value: !astropy.table.SerializedColumn {name: bp_rp}
#     g_mag:
#       __class__: astropy.units.quantity.Quantity
#       unit: *id001
#       value: !astropy.table.SerializedColumn {name: g_mag}
#     pm:
#       __class__: astropy.units.quantity.Quantity
#       unit: !astropy.units.Unit {unit: mas / yr}
#       value: !astropy.table.SerializedColumn {name: pm}
#     pmx:
#       __class__: astropy.units.quantity.Quantity
#       unit: !astropy.units.Unit {unit: mas / yr}
#       value: !astropy.table.SerializedColumn {name: pmx}
#     pmx_e:
#       __class__: astropy.units.quantity.Quantity
#       unit: !astropy.units.Unit {unit: mas / yr}
#       value: !astropy.table.SerializedColumn {name: pmx_e}
#     pmy:
#       __class__: astropy.units.quantity.Quantity
#       unit: !astropy.units.Unit {unit: mas / yr}
#       value: !astropy.table.SerializedColumn {name: pmy}
#     pmy_e:
#       __class__: astropy.units.quantity.Quantity
#       unit: !astropy.units.Unit {unit: mas / yr}
#       value: !astropy.table.SerializedColumn {name: pmy_e}
#     r:
#       __class__: astropy.units.quantity.Quantity
#       unit: &id002 !astropy.units.Unit {unit: deg}
#       value: !astropy.table.SerializedColumn {name: r}
#     x:
#       __class__: astropy.units.quantity.Quantity
#       unit: *id002
#       value: !astropy.table.SerializedColumn {name: x}
#     y:
#       __class__: astropy.units.quantity.Quantity
#       unit: *id002
#       value: !astropy.table.SerializedColumn {name: y}
# schema: astropy-2.0
x y pmx pmy pmx_e pmy_e pm_corr g_mag bp_rp filter memberprob r pm member_prob_GMM member_prob_DB
-0.03908409 -0.02297354 5.349784 -3.269436 1.134199 0.7289213 -0.1528874 19.70804 1.007635 1 8.597023e-05 0.04533596399393864 6.269720935157481 1.0 0.0
-0.0463144 -0.008637641 -4.443006 -3.797161 0.6870665 0.4936854 -0.07687291 19.18258 1.388206 1 0.0 0.04711297580714766 5.84454737135024 1.0 0.0
0.005116754 0.0007175277 1.633552 0.3462401 0.8445444 0.6341297 0.0774869 19.54147 1.144346 1 0.9997781 0.005166818895295566 1.6698426104133317 1.0 1.0
0.003986309 -0.03274978 1.400612 -0.7100161 1.14647 0.8773254 -0.05968618 19.6763 0.9032345 0 0.0 0.03299149510846516 1.57029832732612 1.0 0.0
0.02145342 0.03482464 0.6144618 -0.806244 1.765531 1.277777 0.1017129 20.36584 0.6938515 0 0.0 0.040902381114380125 1.0137024667994252 1.0 0.0
0.007616748 0.002333115 2.609161 -1.00075 1.624642 1.194953 0.1567599 20.38534 0.9120426 0 0.0 0.007966070279549948 2.794498467779326 1.0 0.0
-0.002383393 -0.001347218 2.253167 -1.043743 1.685908 1.291106 0.1772929 20.4318 0.08247375 0 0.0 0.0027378017700288313 2.483175583791448 1.0 0.0
-0.0003893064 -0.008386299 1.609583 0.9742572 0.7022135 0.4892315 -0.00934056 18.88815 0.6515293 0 0.0 0.008395330272864907 1.8814713725275864 1.0 0.0
0.02077455 -0.03297689 0.9925435 -1.629686 0.9280215 0.7115452 0.2054983 19.58783 0.9872646 1 0.7266707 0.03897508437161618 1.9081454499037147 1.0 0.0
-0.007412925 0.01083416 2.220159 -0.2845519 0.6454735 0.4980596 0.0760103 19.15617 1.140219 1 0.9990284 0.01312747043269285 2.2383198540589793 1.0 0.0
-0.001192885 -0.000788373 2.856226 0.7351667 1.331031 0.9847107 0.1184724 20.13783 0.8135548 0 0.0 0.0014298624445568183 2.949321454142442 1.0 0.0
0.007676589 -0.008084821 1.184069 0.3877522 1.082469 0.717119 -0.04258398 19.67656 0.5805416 1 0.9992435 0.011148737564269868 1.2459418788072902 1.0 0.0
-0.01012218 -0.01370092 1.512729 0.4137227 1.212298 0.9035672 0.1083459 20.03452 1.192341 1 0.9974659 0.017034486690205842 1.5682842535510868 1.0 0.0
-0.009020306 0.003117081 4.113797 1.079664 1.133233 0.8501282 0.07765803 19.93683 0.9056778 1 0.9928442 0.009543695002157026 4.2531165173440755 1.0 0.0
-0.002234569 -0.0001188866 12.96794 -4.168074 1.863059 1.528502 0.0906812 20.10209 0.482729 0 0.0 0.0022377293490099645 13.62131817090681 1.0 0.0
0.01327175 -0.001038844 4.043102 -1.609593 2.09224 1.543909 0.2351224 20.59666 0.9855747 1 0.9744606 0.013312345582910473 4.351719592075413 1.0 0.0
-0.001341673 0.003783542 0.8889915 0.2246285 1.819776 1.689713 0.3684262 20.25395 0.7283592 0 0.0 0.004014383701727203 0.9169317586846364 1.0 1.0
0.01672414 -3.060516e-05 1.480925 -0.07654599 0.2189583 0.1706501 -0.006102632 17.37248 1.243349 1 0.9998048 0.01672416800368313 1.4829019334433684 1.0 0.0
0.0001464329 -0.002514526 2.126021 -0.05213579 0.7475055 0.5906366 0.08582603 18.80339 1.092569 0 0.0 0.002518786135994561 2.126660159273203 1.0 0.0
0.0003250077 -0.0009857862 1.834935 -0.420362 0.2715557 0.2024734 -0.0137883 17.64236 0.7399883 1 0.9994767 0.001037980942585041 1.8824692999539197 1.0 0.0
0.01053351 0.0007434446 0.7543089 0.4912516 1.527397 1.142905 0.1318439 20.31469 1.018806 1 0.9984389 0.010559713196548907 0.9001722341428723 1.0 0.0
0.01577231 -0.009086758 1.730664 -0.235555 0.4641791 0.3684827 0.04094226 18.36606 1.151363 0 0.0 0.01820260788147303 1.7466207484514202 1.0 0.0
0.002497732 -0.006451282 1.928204 -0.02932548 1.037454 0.6912393 -0.06429877 19.58834 1.063208 1 0.9995849 0.006917926321329824 1.9284269883491132 1.0 0.0
0.0002952171 0.02302583 -1.522967 -1.491314 2.071369 1.514876 0.2128348 20.60362 0.6755886 1 0.9448053 0.023027722430258545 2.1315360493515 1.0 0.0
0.02297404 0.002507613 0.4290156 1.985596 1.880147 1.65814 0.2950733 20.50943 0.3880768 0 0.0 0.02311048759501558 2.0314147435369665 1.0 0.0
-0.005091611 0.007806188 1.351123 0.527677 0.2515065 0.1987593 0.04009894 17.63942 0.6860332 1 0.9997052 0.00931992884450654 1.4505090063346728 1.0 0.0
-0.001818081 -0.02617327 0.4491161 -4.594268 0.4426461 0.347491 0.09036009 18.57593 1.067926 1 0.0 0.026236338940779463 4.616167645038816 1.0 0.0
0.005533311 0.006045715 3.015013 0.02739157 1.174774 1.047997 0.1513865 19.62054 0.988081 0 0.0 0.008195620811381284 3.0151374244428837 1.0 0.0
-0.001758367 0.0002435059 0.2788307 -0.3879276 0.7638807 0.5916514 0.0969078 19.39466 0.9466286 0 0.0 0.0017751477769537415 0.47773882206101903 1.0 0.0
0.001485745 -0.0001417803 -0.3609529 0.5590017 0.9980757 0.7453351 0.09338715 19.74231 0.1071854 1 0.9988974 0.0014924945086978007 0.6654095705813826 1.0 0.0
0.01374745 0.008084984 0.8454094 0.5634039 1.543212 1.116086 0.1170984 20.33409 1.026716 0 0.0 0.015948647208548942 1.0159434079433607 1.0 0.0
-0.01970635 -0.01534545 2.116606 -1.960908 2.241529 1.696944 0.3466232 20.61133 0.3857536 0 0.0 0.024976450228665403 2.885338999788413 1.0 0.0
-0.001401268 -0.008953731 3.124969 -0.08236852 0.8958732 0.692683 0.09597091 19.50406 0.683979 0 0.0 0.009062717629286758 3.126054353981708 1.0 0.0
-0.004079827 0.001014102 8.069723 2.814659 3.145672 2.303452 0.4965936 20.80441 -0.1545181 0 0.0 0.004203973265416064 8.546504231731825 1.0 0.0
0.02255886 -0.01425897 1.332522 -0.1195303 0.286989 0.2267262 0.03798585 17.51861 1.224941 1 0.9985205 0.026687457540209784 1.3378723306437315 1.0 0.0
0.005532433 0.04609526 -18.76852 -2.408129 3.449395 2.719293 0.2837791 20.56662 1.925026 0 0.0 0.04642607897902954 18.922379033066665 1.0 0.0
0.01877431 0.04629903 -0.78488 -17.46548 2.673951 1.769455 0.3371593 20.39588 2.284449 1 0.0 0.04996073353061382 17.483106939122692 1.0 0.0
-0.003990604 -0.003093375 0.07175124 1.064942 0.8480562 0.6397497 0.08477025 19.5224 1.051462 1 0.9982644 0.005049147371135151 1.0673564089869596 1.0 1.0
0.02791054 0.03892511 -5.813714 1.650331 2.485903 2.225784 0.313969 20.70749 0.6608868 0 0.0 0.047897415709030694 6.0434148362789895 1.0 0.0
-0.02970078 0.03880802 8.577299 2.493469 1.01372 0.7091369 -0.02086495 19.70826 2.943233 1 0.0 0.04886920041221055 8.932381865401972 1.0 0.0
0.002854523 0.0261806 23.21781 -5.803327 0.8608159 0.6437617 0.09719803 19.51985 1.436659 1 0.0 0.026335757401630373 23.932097807443228 1.0 0.0
0.02440527 -0.02490848 -1.323375 -0.0499941 2.757874 1.794753 0.1441952 20.85126 0.3465614 0 0.0 0.03487190243854355 1.3243189950536123 1.0 0.0
0.02318121 0.0152306 1.889208 0.07303041 0.153972 0.1230375 0.01362446 16.71628 1.271269 1 0.9992407 0.0277369730400435 1.8906190277390016 1.0 0.0
0.004610647 0.008738873 -1.151962 1.15133 2.176505 1.604598 0.1593586 20.69902 0.6716385 0 0.0 0.00988058536063213 1.6286734535639733 1.0 0.0
-0.00169878 0.009487471 -4.093523 -8.970211 0.4049767 0.3117412 0.04389596 18.34791 1.314674 1 0.0 0.009638358753659308 9.860102227464482 1.0 0.0
-0.03687654 0.01080718 22.19381 -18.81947 1.268716 0.8911009 0.05090411 20.1217 1.591497 0 0.0 0.0384275206320158 29.098756904668623 1.0 0.0
0.006484877 0.03761045 -0.4454208 0.5726639 1.860738 1.35038 0.1035025 20.5157 1.268478 1 0.9077272 0.03816542386647407 0.7254954386044409 1.0 0.0
0.004015536 0.001276361 7.707588 0.4695422 3.432561 2.664023 -0.2870112 20.6871 0.5439949 0 0.0 0.004213505282970107 7.721876886827764 1.0 0.0
-0.005061923 0.00413931 1.736931 0.5315669 0.2527211 0.1993955 0.03429242 17.64414 0.9083385 1 0.999871 0.006538880006088887 1.8164505685365098 1.0 1.0
-0.01952614 0.005661124 0.5977508 1.515961 1.528462 1.074892 0.1216285 20.33751 0.8359222 1 0.9896065 0.020330235321878987 1.6295532431993867 1.0 0.0
0.002080914 0.009657227 1.127518 -2.329008 3.716763 3.871557 0.07456556 20.67781 0.3386497 0 0.0 0.009878878296898135 2.587580936780143 1.0 0.0
-0.002175031 0.001478517 3.610431 0.5545791 1.358747 1.02288 0.07637407 20.1094 0.6360283 0 0.0 0.0026299757356770424 3.652775654747744 1.0 0.0
0.007201161 -0.03577954 6.854544 -8.892116 2.195798 2.21952 0.3347154 20.70842 3.403191 0 0.0 0.03649701634873077 11.227399538868829 1.0 0.0
-0.0001214291 0.003842667 1.158828 2.554501 2.142115 1.561935 0.1058908 20.67846 0.1446571 0 0.0 0.003844585114055327 2.8050593028642017 1.0 0.0
-0.01113343 0.002732835 4.044588 -1.440296 1.955906 1.494953 0.05279175 20.429 0.8482571 0 0.0 0.011463928240447294 4.293383823671022 1.0 0.0
0.001039294 0.002901392 1.545107 0.1371892 0.4929884 0.4076852 0.0906063 18.5967 1.05772 1 0.9999308 0.0030819162149708095 1.5511855201895226 1.0 0.0
0.001872633 0.003094993 1.111195 0.4659435 0.5253777 0.4050198 0.06004076 18.86267 1.162907 1 0.9998627 0.0036174211840395362 1.2049305677993443 1.0 0.0
0.01095012 0.002159669 1.130262 1.443486 1.169366 0.8718668 0.1236644 19.95595 0.8115387 1 0.9980484 0.011161061696987478 1.8333423086919693 1.0 0.0
-0.005687029 -0.0004955339 0.7465785 -1.477986 1.996544 1.456381 -0.247957 20.37258 0.4021816 0 0.0 0.005708577116312803 1.6558448214909058 1.0 0.0
-0.0288128 -0.002796125 1.665995 1.395642 1.418123 0.9744949 0.1114707 20.22938 0.5740833 0 0.0 0.028948156398216882 2.173328307501883 1.0 0.0
-0.003960675 0.00753151 1.794667 1.237376 1.152536 0.8612723 0.1297869 19.93696 0.5111408 1 0.9990439 0.008509441188217061 2.1798919712373364 1.0 0.0
0.002467986 -0.008176479 4.590468 2.472948 3.645913 3.328029 0.2767438 20.74328 0.4948349 0 0.0 0.008540829218151889 5.21419871789789 1.0 0.0
0.005295482 -0.006634344 3.90758 0.1502291 2.665621 1.915302 0.2962821 20.74618 0.6557941 0 0.0 0.00848861884658865 3.910466754607026 1.0 0.0
-0.005866079 -0.02098236 0.009340602 0.4278554 2.497598 1.603889 0.141809 20.6657 0.9231281 1 0.9819366 0.021786929889358916 0.42795734618637216 1.0 0.0
-0.02041775 0.02111453 2.364398 0.3609466 0.6127664 0.43992 0.03259778 19.06619 1.041698 1 0.9932699 0.02937188948949999 2.391790197834158 1.0 0.0
0.004849118 -0.01106989 1.051258 -0.1463586 0.8136928 0.6109886 0.07468241 19.45448 1.107269 1 0.9992635 0.01208538001016203 1.0613972971314558 1.0 0.0
-0.004020738 -0.02641357 6.002627 -0.7694666 1.828184 1.322802 0.1687183 20.50188 0.9711742 1 0.6574807 0.02671784074751446 6.051744355939415 1.0 0.0
0.004164629 -0.01583541 -8.201546 -15.83732 0.809333 0.6121712 0.08222403 19.39462 2.579163 1 0.0 0.016373892163311112 17.834967383556272 1.0 0.0
0.02220298 -0.02897324 3.609275 -0.6924506 3.994802 2.99798 -0.3522227 20.82928 0.8009472 0 0.0 0.03650234180128722 3.67509916316082 1.0 0.0
-0.02705986 -0.03152576 2.046024 0.6906106 1.671585 1.20699 -0.08613784 20.26457 0.7593231 0 0.0 0.041546474781829566 2.159434465180261 1.0 0.0
0.008033597 -0.003266848 2.706616 -0.8893887 2.033444 1.411794 0.4007059 20.41666 0.7843704 1 0.9961135 0.00867242622416086 2.848996741160595 1.0 0.0
-0.005568745 -0.03533135 2.979853 -2.194597 2.026191 1.419197 0.1589304 20.5871 0.7843666 0 0.0 0.03576751618015325 3.700780984335333 1.0 0.0
-0.01717795 -0.03849703 -0.540712 -5.082503 0.3957277 0.3103542 -0.02496423 18.34655 1.132587 1 0.0 0.042155702876638175 5.111184423590387 1.0 0.0
-0.01131225 -0.002727896 3.891875 0.07061408 1.349163 0.8959422 -0.01439951 19.99293 0.6996574 0 0.0 0.011636512220133488 3.8925155573124237 1.0 0.0
-0.01488638 -0.04678841 24.11274 1.081464 1.219147 0.8166242 -0.2227496 19.74908 2.451887 0 0.0 0.04909948696099074 24.136979817095924 1.0 0.0
-0.01339683 -0.02505426 7.099263 -4.200462 0.07337635 0.05955955 0.05157564 15.10073 1.210641 1 0.0 0.028411106951269954 8.248843322346048 1.0 0.0
-0.000984532 0.002933817 2.208954 0.541579 1.176954 0.889176 0.1286997 20.00347 0.3221512 1 0.9995987 0.003094605863193728 2.274375867651827 1.0 0.0
-0.009735282 -0.0146651 2.698362 -0.5560715 0.2661761 0.2084528 0.06715419 17.77235 1.176651 1 0.03243295 0.017602297396349262 2.755063156473232 1.0 0.0
-0.005062501 -0.02474367 1.463518 0.5006259 1.124999 0.8454797 0.1780163 19.9185 0.8649521 1 0.9930263 0.025256249156276174 1.5467744593426704 1.0 0.0
-0.01795098 -0.02558136 0.6978488 -0.7515133 0.9120427 0.6792821 -0.1648975 19.4474 1.002131 1 0.961324 0.03125129857157939 1.025556038321812 1.0 0.0
-0.00235373 -0.0119845 2.091641 0.5556112 0.5555884 0.4312338 0.1804438 18.77091 1.078049 1 0.999546 0.012213446899335996 2.164177875879531 1.0 0.0
0.009105023 -0.002214909 1.025812 2.025611 1.573186 1.130292 0.1331771 20.35587 0.9657078 1 0.9973083 0.009370553116481972 2.2705484321337432 1.0 0.0
-0.002710778 -0.0009409492 0.02341966 1.43477 2.287251 1.601479 0.2763221 20.5825 nan 0 0.0 0.0028694429358787814 1.4349611260847857 1.0 0.0
-0.01160925 0.0109068 1.515618 0.1224587 0.2859567 0.2369509 0.03911322 17.69148 0.6838379 1 0.9998547 0.015928997827939457 1.5205571528652548 1.0 0.0
0.01038506 -0.00812764 4.614676 0.3470695 2.576285 1.693346 -0.06141643 20.6886 0.6310329 0 0.0 0.013187418366503733 4.627709133340843 1.0 0.0
0.003271543 -0.00377717 2.384688 1.389293 1.779615 1.303355 0.1149816 20.46133 0.9747353 0 0.0 0.0049969997808434015 2.7598680941655527 1.0 0.0
0.007021834 -0.009561128 -13.45061 -16.34738 1.223044 0.8433481 -0.0837251 19.53931 2.564194 0 0.0 0.011862601795387891 21.169689233347288 1.0 0.0
0.004670288 0.00231397 2.879237 -1.422136 3.157749 2.39352 0.3742068 20.84008 0.6687717 0 0.0 0.005212105828150845 3.2113044864455005 1.0 0.0
