jas1101finalproject/data/gcs/Pal_6.ecsv
# %ECSV 0.9
# ---
# datatype:
# - {name: x, unit: deg, datatype: float64}
# - {name: y, unit: deg, datatype: float64}
# - {name: pmx, unit: mas / yr, datatype: float64}
# - {name: pmy, unit: mas / yr, datatype: float64}
# - {name: pmx_e, unit: mas / yr, datatype: float64}
# - {name: pmy_e, unit: mas / yr, datatype: float64}
# - {name: pm_corr, datatype: float64}
# - {name: g_mag, unit: mag, datatype: float64}
# - {name: bp_rp, unit: mag, datatype: float64}
# - {name: filter, datatype: int64}
# - {name: memberprob, datatype: float64}
# - {name: r, unit: deg, datatype: float64}
# - {name: pm, unit: mas / yr, datatype: float64}
# - {name: member_prob_GMM, datatype: float64}
# - {name: member_prob_DB, datatype: float64}
# meta: !!omap
# - comments: [deg deg mas/yr mas/yr mas/yr mas/yr dimless mag   mag   zeroone float]
# - __serialized_columns__:
#     bp_rp:
#       __class__: astropy.units.quantity.Quantity
#       unit: &id001 !astropy.units.Unit {unit: mag}
#       value: !astropy.table.SerializedColumn {name: bp_rp}
#     g_mag:
#       __class__: astropy.units.quantity.Quantity
#       unit: *id001
#       value: !astropy.table.SerializedColumn {name: g_mag}
#     pm:
#       __class__: astropy.units.quantity.Quantity
#       unit: !astropy.units.Unit {unit: mas / yr}
#       value: !astropy.table.SerializedColumn {name: pm}
#     pmx:
#       __class__: astropy.units.quantity.Quantity
#       unit: !astropy.units.Unit {unit: mas / yr}
#       value: !astropy.table.SerializedColumn {name: pmx}
#     pmx_e:
#       __class__: astropy.units.quantity.Quantity
#       unit: !astropy.units.Unit {unit: mas / yr}
#       value: !astropy.table.SerializedColumn {name: pmx_e}
#     pmy:
#       __class__: astropy.units.quantity.Quantity
#       unit: !astropy.units.Unit {unit: mas / yr}
#       value: !astropy.table.SerializedColumn {name: pmy}
#     pmy_e:
#       __class__: astropy.units.quantity.Quantity
#       unit: !astropy.units.Unit {unit: mas / yr}
#       value: !astropy.table.SerializedColumn {name: pmy_e}
#     r:
#       __class__: astropy.units.quantity.Quantity
#       unit: &id002 !astropy.units.Unit {unit: deg}
#       value: !astropy.table.SerializedColumn {name: r}
#     x:
#       __class__: astropy.units.quantity.Quantity
#       unit: *id002
#       value: !astropy.table.SerializedColumn {name: x}
#     y:
#       __class__: astropy.units.quantity.Quantity
#       unit: *id002
#       value: !astropy.table.SerializedColumn {name: y}
# schema: astropy-2.0
x y pmx pmy pmx_e pmy_e pm_corr g_mag bp_rp filter memberprob r pm member_prob_GMM member_prob_DB
[from data line 1125]
-0.01594053 -0.0279 -0.4488751 -6.417904 0.3931285 0.3011952 0.4815626 18.30957 2.217176 0 0.0 0.03213270135984368 6.433582253194251 0.0 0.0
-0.04091115 -0.002849266 -2.073425 -6.133368 1.660737 1.360558 0.4644945 20.009 3.243942 0 0.0 0.04101024885392987 6.4743566671947415 0.0 0.0
0.01016994 -0.03818568 -0.9206444 -2.301747 0.3649104 0.2752049 -0.1194275 17.41646 nan 0 0.0 0.03951675387308527 2.47903718472724 0.0 0.0
-0.03018185 0.005691306 -7.990567 -6.815263 2.034721 1.727948 0.7537127 19.65701 nan 0 0.0 0.03071375967556131 10.502236463756565 0.0 0.0
-0.03630609 -0.02155692 -0.9991979 -6.416994 0.6122565 0.477161 0.4416345 18.90604 2.714746 0 0.0 0.04222360679731778 6.49432124547288 0.0 0.0
-0.041841 -0.005474108 -7.210411 -12.3576 0.508147 0.4008855 0.2255238 18.51988 nan 0 0.0 0.04219757267184529 14.307351416279708 0.0 0.0
-0.03690794 -0.02258326 0.8283994 3.240372 2.453211 2.064433 0.7565964 19.76788 nan 0 0.0 0.04326892264976331 3.344586112556285 0.0 0.0
-0.03294692 0.005192737 -12.70522 -10.64234 2.134329 1.940007 0.855263 19.63402 2.818403 0 0.0 0.033353621318195255 16.57353359799895 0.0 0.0
-0.04471702 -0.00138773 -10.45384 -9.651054 0.8891018 0.7308206 0.2790073 18.92605 nan 0 0.0 0.0447385479450697 14.22763557505308 0.0 0.0
-0.04101524 -0.01819774 -6.682599 -8.55941 0.4927072 0.3924329 0.2225246 18.545 nan 0 0.0 0.044871011280839215 10.85912652762187 0.0 0.0
-0.04413447 -0.02149669 -3.72268 -5.974579 0.2555938 0.2023049 0.1067337 15.98866 4.325757 1 0.0 0.04909133450148814 7.039455988188363 0.0 0.0
0.01800972 0.04279938 -5.174742 -8.363645 0.3284577 0.286843 0.2848504 18.13895 3.165421 0 0.0 0.04643422167822779 9.835065452379512 0.0 0.0
-0.002448402 0.04284271 2.990681 -1.725611 1.63181 1.585032 0.8724099 19.51981 nan 0 0.0 0.042912614375002885 3.45281134252684 0.0 0.0
0.006041027 0.03210612 -5.433303 -6.777764 0.3443734 0.2761955 0.2478907 18.35612 2.906115 0 0.0 0.03266951099525564 8.68670629925434 0.0 0.0
-0.0028866 0.04303916 -5.058563 -9.58815 1.193432 1.089008 0.8701722 19.15087 2.810856 0 0.0 0.04313585229325601 10.84074167423378 0.0 0.0
0.03465786 0.03211065 0.1487178 -0.6916305 0.4103893 0.3219819 0.3510964 17.91188 3.168531 0 0.0 0.047246810508245946 0.7074388542956134 0.0 0.0
-0.0127722 0.03258623 -3.295328 -7.397118 0.5487381 0.4305342 0.2711267 18.78622 2.772505 0 0.0 0.034999878263401146 8.097934386836435 0.0 0.0
0.01871239 -0.0155942 -3.277303 -6.757859 0.4864924 0.3725751 0.4472439 18.58881 2.409012 0 0.0 0.024358419758927302 7.510617365948687 0.0 0.0
0.01411336 -0.01820662 -5.447634 -4.222848 0.4669443 0.356837 0.4413679 18.41487 nan 0 0.0 0.02303623107875939 6.892688983920571 0.0 0.0
-0.00855458 0.027391 -3.744776 -2.678067 0.4253238 0.3227912 0.1138911 18.45293 nan 0 0.0 0.028695778783235697 4.603845147989341 0.0 0.0
-0.02391454 0.0169919 -2.418032 -7.796374 0.4516278 0.3501008 -0.07874305 18.51459 3.002525 0 0.0 0.029336494150146844 8.162740122097482 0.0 0.0
0.019096 -0.01329209 4.505582 1.136255 0.9523619 0.7137197 0.647533 19.01727 2.252174 0 0.0 0.023266647213728495 4.646648747618976 0.0 0.0
-0.01422303 0.02804275 -1.232237 -1.651101 1.533695 1.362759 0.8699981 19.22271 3.010405 0 0.0 0.03144344780623461 2.0602287582620527 0.0 0.0
-0.01868642 0.0272315 -5.87499 -2.455127 0.3939123 0.3217075 0.4109784 18.0996 2.829239 0 0.0 0.03302630594944581 6.367350790260343 0.0 0.0
-0.002421156 0.04959854 -4.834262 -8.944053 0.5694289 0.4774976 0.5085852 18.87873 3.113037 0 0.0 0.04965759928256637 10.166915616422367 0.0 0.0
-0.02972102 0.02368154 -7.148836 -7.58757 0.684117 0.5478516 0.01086296 19.04929 3.045015 0 0.0 0.03800203108535122 10.424829718503608 0.0 0.0
0.001111943 0.04588114 0.8118437 -2.177125 1.44056 1.299277 0.8752849 19.39976 2.328648 0 0.0 0.04589461215583861 2.3235669688766647 0.0 0.0
-0.01904352 0.03406547 -0.2453652 1.093939 1.906686 1.781107 0.8799528 19.44275 2.538589 0 0.0 0.03902706625293913 1.1211184670194494 0.0 0.0
-0.03130553 0.01001688 0.9683695 -1.488199 0.3379956 0.2642591 0.2581855 17.88841 3.252794 1 0.0 0.032869044609104475 1.7755212620893195 0.0 0.0
0.02095777 -0.01134692 -6.713269 -5.739333 0.6779238 0.5225374 0.3708296 18.55852 nan 0 0.0 0.023832346020887244 8.832209460336072 0.0 0.0
-0.0008598247 0.02540576 -3.657935 -4.83103 1.494282 1.370928 0.8763902 19.25122 nan 0 0.0 0.02542030565694146 6.05964844897169 0.0 0.0
-0.02298642 0.03135632 -7.225331 -7.25806 2.475443 1.920875 0.6207312 20.42042 nan 0 0.0 0.03887922720886824 10.241330139350113 0.0 0.0
0.01064022 0.01669251 -8.13105 -8.459297 1.531042 1.398188 0.8764256 19.4582 3.099974 0 0.0 0.019795306811173703 11.733442795561283 0.0 0.0
-0.02802382 0.02583917 1.794201 -3.29757 0.8346137 0.6971508 0.2007454 17.15217 2.374992 0 0.0 0.038118200294364635 3.754081130356801 0.0 0.0
-0.01531963 0.03762704 -3.23914 -6.526203 2.481672 1.859247 0.6515991 20.23036 nan 0 0.0 0.04062616401407472 7.285832384622158 0.0 0.0
0.01019875 -0.02183017 -3.457544 -8.145954 0.4882716 0.3720029 0.2906458 18.3918 2.802061 0 0.0 0.024095037327038944 8.849360263999426 0.0 0.0
0.001796305 0.02432619 -0.5959712 -6.274237 2.059819 1.775905 0.8518966 19.65936 nan 0 0.0 0.024392421601167953 6.302478211259317 0.0 0.0
-0.01085552 0.03528532 -7.413717 -9.618734 2.559465 2.134392 0.7952663 20.05853 nan 0 0.0 0.03691742301370452 12.144267928485645 0.0 0.0
0.01488734 0.04077422 2.073844 1.136925 0.3625202 0.3086114 0.01409397 17.16217 2.251843 0 0.0 0.04340702603132355 2.365042788611022 0.0 0.0
0.009487032 -0.02240613 -2.233891 -2.150282 0.6965751 0.5230622 0.1439776 18.48381 2.658672 0 0.0 0.024331839999184687 3.100642139848615 0.0 0.0
0.02487318 -0.007191578 -8.953967 -6.107132 0.4361256 0.3342191 0.4274105 18.30294 nan 0 0.0 0.025891965499793255 10.838384856726254 0.0 0.0
0.008720573 -0.02308127 -3.421221 -9.471444 0.6472751 0.539025 0.3765749 18.61432 2.16301 0 0.0 0.024673739446245863 10.07040240387528 0.0 0.0
-0.01955967 0.009256504 9.128703 -2.214887 0.5718125 0.4929392 0.602884 18.74082 nan 0 0.0 0.021639398254362716 9.393558584741886 0.0 0.0
-0.02802263 0.02089151 -3.98485 -2.935902 0.5004604 0.410426 0.004059696 18.36633 2.747274 0 0.0 0.034953154109421944 4.949601001707511 0.0 0.0
0.04102035 -0.01922389 -5.622397 -6.405577 0.9475407 0.8039386 0.6443749 18.48956 nan 0 0.0 0.045301512787705 8.523072493446127 0.0 0.0
-0.02832421 0.02247835 -1.655783 -1.220448 0.6033711 0.4833501 -0.1874161 18.61607 nan 0 0.0 0.036159882340054704 2.0569663740063913 0.0 0.0
0.02917386 0.003816639 -6.721517 -3.648712 0.4767451 0.3738713 0.4464944 18.33828 2.946751 0 0.0 0.02942245469970038 7.647999087358275 0.0 0.0
0.04510035 -0.0153573 1.553567 -6.012458 1.378472 1.063798 0.8606935 18.98443 2.534365 0 0.0 0.04764334406202507 6.209929276992854 0.0 0.0
-0.005242108 0.04788183 -0.9383622 -6.368118 0.4907791 0.3962454 0.2801289 18.87814 3.171783 0 0.0 0.04816792854620763 6.436882046481266 0.0 0.0
-0.03234731 0.01491466 2.929639 -1.520269 1.582016 1.411702 0.8741936 19.34074 2.586884 0 0.0 0.035620156472869396 3.30060638408793 0.0 0.0
-0.02834862 0.01025605 -1.582566 -10.29811 0.3190551 0.2507736 0.1778954 15.70265 4.479471 0 0.0 0.030146821018258295 10.419001138134883 0.0 0.0
0.004015155 0.04903774 -6.896462 -4.027977 1.591765 1.438167 0.6154747 19.92775 nan 0 0.0 0.049201843603483245 7.986600455135651 0.0 0.0
-0.0214484 0.006942557 -6.29546 -3.724734 0.4929277 0.4241988 0.5707943 18.38674 2.998793 0 0.0 0.022544022716858875 7.314811001137077 0.0 0.0
-0.03487048 0.02885093 1.140044 -2.808411 2.125825 2.315085 0.7873291 19.79968 2.310511 0 0.0 0.045258441613640434 3.03098542834785 0.0 0.0
0.009957352 0.03605788 3.635465 -2.147358 1.444048 1.318425 0.8755902 19.14665 2.533876 0 0.0 0.037407480120242045 4.22229228576007 0.0 0.0
-0.01792098 0.03564493 -4.184618 -4.162135 2.161183 1.966873 0.8377821 19.96173 2.84136 0 0.0 0.03989639781816524 5.902067058594726 0.0 0.0
-0.02035672 0.02675438 -0.8743277 -0.01408595 2.036942 1.786712 0.8734057 19.65543 nan 0 0.0 0.03361834169531269 0.8744411592409707 0.0 0.0
0.01217679 0.04767341 -3.799117 -7.409633 0.3645585 0.3203479 0.2575419 18.14139 2.830723 0 0.0 0.049203945326896294 8.32682119265077 0.0 0.0
0.002810048 0.04849799 -2.13553 3.049729 1.625887 1.519015 0.8763118 19.50757 1.911577 0 0.0 0.04857933103494123 3.7230814326765675 0.0 0.0
0.01641316 -0.01473173 -1.450527 -5.282112 0.7183818 0.6132172 0.5729522 18.74771 2.813478 0 0.0 0.022054833710062293 5.477657871597404 0.0 0.0
0.0160846 -0.01525621 -10.16725 -1.556665 0.5503179 0.4223819 0.4184555 15.5076 5.223566 0 0.0 0.022169039237731978 10.28572693030128 0.0 0.0
-0.02087816 0.03319922 1.594756 -2.018297 2.659783 2.378644 0.8399982 19.93821 nan 0 0.0 0.039218436654129905 2.5723082007693012 0.0 0.0
0.00579374 0.01549122 -1.834678 -5.23111 0.4409921 0.3456793 0.2103796 18.42508 2.534191 0 0.0 0.01653920555153723 5.543514696993596 0.0 0.0
-0.01712596 0.02987151 0.5586679 0.7879185 1.606079 1.397842 0.852988 19.15892 2.314217 0 0.0 0.03443262429153055 0.9658806267508734 0.0 0.0
0.02709096 -0.005551754 -5.528938 -9.395937 2.881286 2.413323 0.3814405 20.25736 nan 0 0.0 0.02765397053224213 10.901962553403537 0.0 0.0
0.00738298 0.03386462 -2.623803 -7.397823 0.341411 0.2856708 0.3827845 18.09638 3.013258 0 0.0 0.034660076188964155 7.8493392920766265 0.0 0.0
0.02459931 -0.007737022 -9.237109 -5.639863 0.5760101 0.4384372 0.2087614 18.2433 nan 0 0.0 0.025787352751001486 10.822764773229158 0.0 0.0
0.01138184 0.04061631 -1.279142 -0.7353756 1.452371 1.378996 0.8539399 19.10251 2.428619 0 0.0 0.042180930760258244 1.4754597687634048 0.0 0.0
0.04346745 0.01008163 -2.96424 -3.669258 2.495619 1.991118 0.6001831 20.04402 2.322159 0 0.0 0.04462127825331094 4.7170089090613345 0.0 0.0
0.0364215 -0.02012072 -2.289399 -11.96711 0.5127161 0.3993889 0.4354801 18.26918 2.9032 0 0.0 0.04160972284897366 12.184131874421789 0.0 0.0
0.01389445 -0.01758098 -6.244809 -6.15223 0.3944467 0.3127813 0.5343606 18.14458 2.700752 0 0.0 0.022408627770635577 8.766274774348624 0.0 0.0
-0.0205771 0.0341663 5.086234 -0.5839761 1.534406 1.622415 0.8526558 19.10546 2.884602 0 0.0 0.03988424626465943 5.119648853986688 0.0 0.0
-0.01663048 0.01191771 -2.673995 -10.41206 0.6671325 0.4731051 -0.3026076 18.72875 2.819805 0 0.0 0.020459830807572677 10.749941520939778 0.0 0.0
-0.008034277 0.02711828 -0.8390203 -3.251748 1.866197 1.476937 0.5155903 19.8948 nan 0 0.0 0.02828340002671406 3.358246584054853 0.0 0.0
0.02229966 -0.008459443 -3.213116 -6.196195 1.659972 1.278254 0.6738468 18.96647 nan 0 0.0 0.023850304232563763 6.979752639419322 0.0 0.0
-0.01737232 0.02924014 -1.675044 -6.819575 1.7121 1.548071 0.8642666 19.36254 nan 0 0.0 0.03401151701118314 7.022277093832242 0.0 0.0
-0.03243153 0.02239335 -2.292269 -4.870311 0.5736682 0.4630542 0.1664376 18.75036 2.901695 0 0.0 0.03941149911337299 5.382789834749449 0.0 0.0
0.00414942 -0.02603169 -7.561326 -7.870682 0.6536803 0.4499224 0.1416224 18.75492 nan 0 0.0 0.026360321898499267 10.914269834643086 0.0 0.0
0.02328523 -0.008110592 -7.730787 -3.045927 2.53907 2.119586 0.8353623 20.17749 nan 0 0.0 0.024657324241356037 8.309196045869781 0.0 0.0
0.02232697 -0.008795142 -5.36139 -7.042952 0.4188952 0.3276361 0.451311 17.99212 2.847912 0 0.0 0.023996835461807545 8.851422236364279 0.0 0.0
0.0425913 0.01003618 -2.489012 -1.613946 0.6832151 0.5262404 0.337261 18.72418 2.522102 0 0.0 0.04375778496087753 2.9664798039191163 0.0 0.0
0.001714494 0.04724298 4.065212 3.4346 1.471489 1.32296 0.8807855 19.41327 1.928596 0 0.0 0.04727408009635339 5.321881787952829 0.0 0.0
0.01995285 0.03490455 -1.401119 -6.715067 0.755825 0.6556328 0.341993 19.09145 2.572432 0 0.0 0.0402050224950192 6.859683612722237 0.0 0.0
-0.01348246 0.01757722 3.012238 -4.585691 0.5703142 0.4631266 0.305932 18.83176 3.006645 0 0.0 0.022152548173517195 5.486541690001544 0.0 0.0
-0.02211032 0.03237311 -7.917509 -10.54087 2.754402 2.107927 0.3426217 20.15696 2.309164 0 0.0 0.039203118518486506 13.18320481225946 0.0 0.0
0.005192702 0.04546713 1.997517 2.171216 0.444001 0.3726432 0.4401419 18.56423 2.67662 0 0.0 0.045762692933192906 2.9502971179094826 0.0 0.0
0.02783162 0.0007804689 -4.694262 -8.77448 0.4340975 0.3489246 0.5312198 18.13626 3.142725 0 0.0 0.02784256100879133 9.951260975124912 0.0 0.0
0.04434284 0.008112917 -8.05706 -11.18622 3.459726 2.906186 0.4307247 20.4323 nan 0 0.0 0.04507889618784481 13.785780127798354 0.0 0.0
-0.01258008 0.02865902 0.09210866 -1.06116 0.4204248 0.3571952 0.5788511 17.98737 2.71167 0 0.0 0.03129852776356741 1.0651500133065746 0.0 0.0
0.04831417 0.01145873 -2.814336 -6.239465 0.7215199 0.5435731 0.3268027 18.92642 3.049002 0 0.0 0.04965442091095011 6.844809026344051 0.0 0.0
0.04375935 -0.0145824 -3.616549 -8.819839 0.558117 0.4453139 0.5996259 18.3635 nan 0 0.0 0.04612512441373465 9.532522575652365 0.0 0.0
-0.004281469 -0.007875643 -6.724463 -7.392462 0.7723906 0.6306305 -0.01690337 18.53233 2.587994 0 0.0 0.008964191511865975 9.993342636966522 0.0 0.0
0.04453584 0.01162237 -2.274346 -8.297651 0.4001217 0.3209434 0.3896591 17.99759 2.902678 0 0.0 0.04602738889968124 8.603700473954042 0.0 0.0
-0.01531746 0.02109224 -7.553507 -6.520121 0.1017684 0.08014396 0.1521647 14.4177 2.170833 0 0.0 0.026067358306303308 9.978348854078513 0.0 0.0
-0.03755081 0.01867439 -2.732683 0.4517961 0.7430091 0.6163864 0.2844349 18.09939 3.12092 0 0.0 0.041938003928754165 2.769779069612631 0.0 0.0
-0.009156381 0.01932096 -6.633963 0.6276387 1.501772 1.338424 0.8597324 19.19618 2.527872 0 0.0 0.021380804670048343 6.663587278869144 0.0 0.0
-0.0113759 0.03587083 1.068529 -1.54975 0.4426187 0.354962 0.2394636 18.68774 2.678963 0 0.0 0.03763147015064519 1.8824131550594838 0.0 0.0
0.04189974 -0.009601632 -4.786243 -9.186278 0.4354165 0.3453375 0.490417 18.32607 2.901468 0 0.0 0.042985806368277236 10.358369830640967 0.0 0.0
0.03585595 0.009950712 -3.527663 -2.546001 0.4466077 0.3656474 0.4583632 18.16877 2.975697 0 0.0 0.03721109807180438 4.350462887276479 0.0 0.0
0.01425821 0.04703803 0.9735303 -0.9518723 2.711165 2.100639 0.5247199 20.14034 nan 0 0.0 0.049151529159172654 1.3615513653642966 0.0 0.0
-0.009377532 0.04539439 -5.412804 -4.978038 0.3867552 0.3126473 0.2827074 18.64436 3.06953 0 0.0 0.04635287207803983 7.353863574466146 0.0 0.0
-0.02282459 0.04395058 -1.80795 -1.947515 2.030706 1.527336 0.6490612 20.09296 2.116831 0 0.0 0.049523887074870244 2.6573479030275653 0.0 0.0
0.03497211 -0.0156876 -1.901907 -5.232525 0.4248452 0.3313996 0.4345686 17.83434 3.09014 0 0.0 0.038329483059547 5.567456161684078 0.0 0.0
0.008041184 0.04784734 -3.291811 -12.10822 0.553829 0.468612 0.05474053 18.74434 2.614603 0 0.0 0.04851833246513586 12.547709401644626 0.0 0.0
0.02153556 0.00446108 -3.757912 -4.389683 0.5753642 0.4874319 0.5896985 16.88615 4.834263 0 0.0 0.02199276197479525 5.778513601284763 0.0 0.0
0.004261005 0.03135661 -2.431831 -4.049065 0.5535158 0.4440962 0.2823657 18.82376 2.631706 0 0.0 0.03164479663865965 4.723211766032304 0.0 0.0
0.02101782 0.01800335 -0.8011177 -11.77155 0.3661857 0.2952093 0.2174693 16.0146 5.137752 0 0.0 0.027674344956564012 11.798778706787973 0.0 0.0
0.02024426 -0.02155111 -3.083936 -6.119744 0.4170951 0.3279213 0.4804919 18.016 2.927036 0 0.0 0.029568233041216717 6.852877342958358 0.0 0.0
-0.00447531 0.04975297 -3.547119 -7.039657 2.26286 2.153366 0.8769676 19.89527 nan 0 0.0 0.04995384292941835 7.882818269997729 0.0 0.0
-0.004091868 0.04973964 -2.261754 -3.494971 1.965528 1.843002 0.8760119 19.78316 2.637999 0 0.0 0.04990766645575632 4.162974110819931 0.0 0.0
0.01964453 -0.007011287 -2.907832 -7.889813 0.3161088 0.2421267 0.3733367 17.75928 3.028727 0 0.0 0.020858228695583646 8.408604885187138 0.0 0.0
0.04089346 0.009132705 5.183231 -0.6400356 3.247832 3.117237 0.9190865 19.71599 nan 0 0.0 0.04190085167855929 5.22259793289014 0.0 0.0
-0.000339471 -0.00119603 -7.241186 -7.799007 2.423645 1.963004 0.7080049 19.74924 nan 0 0.0 0.001243273228514553 10.642334559326962 0.0 0.0
