jas1101finalproject/data/gcs/Pal_12.ecsv
# %ECSV 0.9
# ---
# datatype:
# - {name: x, unit: deg, datatype: float64}
# - {name: y, unit: deg, datatype: float64}
# - {name: pmx, unit: mas / yr, datatype: float64}
# - {name: pmy, unit: mas / yr, datatype: float64}
# - {name: pmx_e, unit: mas / yr, datatype: float64}
# - {name: pmy_e, unit: mas / yr, datatype: float64}
# - {name: pm_corr, datatype: float64}
# - {name: g_mag, unit: mag, datatype: float64}
# - {name: bp_rp, unit: mag, datatype: float64}
# - {name: filter, datatype: int64}
# - {name: memberprob, datatype: float64}
# - {name: r, unit: deg, datatype: float64}
# - {name: pm, unit: mas / yr, datatype: float64}
# - {name: member_prob_GMM, datatype: float64}
# meta: !!omap
# - comments: [deg deg mas/yr mas/yr mas/yr mas/yr dimless mag   mag   zeroone float]
# - __serialized_columns__:
#     bp_rp:
#       __class__: astropy.units.quantity.Quantity
#       unit: &id001 !astropy.units.Unit {unit: mag}
#       value: !astropy.table.SerializedColumn {name: bp_rp}
#     g_mag:
#       __class__: astropy.units.quantity.Quantity
#       unit: *id001
#       value: !astropy.table.SerializedColumn {name: g_mag}
#     pm:
#       __class__: astropy.units.quantity.Quantity
#       unit: !astropy.units.Unit {unit: mas / yr}
#       value: !astropy.table.SerializedColumn {name: pm}
#     pmx:
#       __class__: astropy.units.quantity.Quantity
#       unit: !astropy.units.Unit {unit: mas / yr}
#       value: !astropy.table.SerializedColumn {name: pmx}
#     pmx_e:
#       __class__: astropy.units.quantity.Quantity
#       unit: !astropy.units.Unit {unit: mas / yr}
#       value: !astropy.table.SerializedColumn {name: pmx_e}
#     pmy:
#       __class__: astropy.units.quantity.Quantity
#       unit: !astropy.units.Unit {unit: mas / yr}
#       value: !astropy.table.SerializedColumn {name: pmy}
#     pmy_e:
#       __class__: astropy.units.quantity.Quantity
#       unit: !astropy.units.Unit {unit: mas / yr}
#       value: !astropy.table.SerializedColumn {name: pmy_e}
#     r:
#       __class__: astropy.units.quantity.Quantity
#       unit: &id002 !astropy.units.Unit {unit: deg}
#       value: !astropy.table.SerializedColumn {name: r}
#     x:
#       __class__: astropy.units.quantity.Quantity
#       unit: *id002
#       value: !astropy.table.SerializedColumn {name: x}
#     y:
#       __class__: astropy.units.quantity.Quantity
#       unit: *id002
#       value: !astropy.table.SerializedColumn {name: y}
# schema: astropy-2.0
x y pmx pmy pmx_e pmy_e pm_corr g_mag bp_rp filter memberprob r pm member_prob_GMM
-0.01406676 -0.02230411 1.5731 -3.356156 1.397672 1.23339 0.2619291 19.85291 0.6783466 0 0.0 0.02636943419547905 3.706538372435391 1.0
-0.03442618 -0.0314551 -3.08738 -2.527325 0.9772689 0.6862078 0.1380809 19.23008 1.064304 1 0.9850933 0.046632447774081084 3.989898108977847 1.0
-0.007386539 0.03131576 -2.993421 -5.313774 1.192562 1.003209 -0.03460293 19.69865 1.042406 1 0.9585283 0.03217511123175988 6.098914936799578 1.0
-0.003630572 -0.0009144734 -4.045374 -3.722915 1.211238 0.9617771 -0.02307118 19.67502 0.6434155 0 0.0 0.0037439704387844143 5.497740162748782 1.0
-0.01020099 0.003424436 -2.023946 -1.480945 2.910321 1.900353 -0.1124473 20.61218 0.2518578 0 0.0 0.010760434884250544 2.5078986231387024 1.0
0.002370777 0.003716595 -1.374429 -2.847517 1.378705 1.238516 0.09833487 20.03589 0.595293 0 0.0 0.004408362732098392 3.1618678247722496 1.0
0.02588706 -0.03062747 -2.299292 -1.596512 3.005399 1.92247 -0.1799978 20.63418 0.9677734 1 0.9316638 0.04010214201317057 2.799213151478108 1.0
0.004133733 -0.01436129 -2.976388 -4.654728 1.268647 0.8421629 -0.1210218 19.61877 0.7562656 0 0.0 0.0149443768347626 5.524977672400858 1.0
-0.02530113 -0.01427186 -2.866016 -4.330072 3.911113 2.487165 0.02967292 20.81486 0.2297192 0 0.0 0.029048806638767452 5.192645880227151 1.0
0.00709106 -0.02219679 -5.076169 -3.207472 1.298525 1.004593 0.2317767 19.93411 0.7494526 0 0.0 0.023301944516020547 6.004612256203143 1.0
0.004360861 -0.02742855 1.426452 -3.792989 1.99581 1.467875 0.03853644 20.43315 0.7134609 0 0.0 0.027773052834786115 4.052348808089575 1.0
-0.004739099 -0.02309315 5.975545 -9.095883 2.581892 1.673352 -0.08722709 20.49812 0.8247166 0 0.0 0.023574406381801027 10.883116538782172 1.0
-0.05120445 -0.02874392 0.1547174 -1.222971 0.6567558 0.5188847 0.324639 18.86293 1.266701 1 0.0001089034 0.058720598062084656 1.2327187597760325 1.0
-0.02177552 -0.008265052 -4.125148 -5.917389 2.626759 1.862514 0.1820582 20.37238 0.1737938 0 0.0 0.02329129356289822 7.213344480837235 1.0
-0.05642106 0.004379104 -0.3653128 -2.303372 1.339894 0.9216633 0.03917937 19.62479 0.7047825 1 0.6823005 0.056590746269742864 2.332161232039466 1.0
0.04613621 -0.02266161 0.01426565 -2.367138 1.604961 1.219986 -0.2415445 19.98933 0.9657669 1 0.6309495 0.051401346684266935 2.3671809858593242 1.0
0.003166938 -0.007531055 -4.189298 -4.224868 1.107583 0.8533642 -0.09011327 19.63445 nan 0 0.0 0.008169840005096123 5.949766999658726 1.0
-0.01779113 -0.03060911 2.560368 -20.3938 0.3893422 0.3048746 0.1534065 18.11178 1.41275 1 0.0 0.035403981720549454 20.553894101493857 1.0
-0.02248314 -0.03051247 -2.292529 -4.713789 2.853195 2.044108 0.2766734 20.69882 0.6581287 0 0.0 0.037901219106520834 5.241707350888831 1.0
-0.04814457 0.005743888 -3.885757 -2.856108 1.123118 0.8065457 0.1776533 19.25352 1.028824 1 0.9837825 0.048485996636569655 4.822495243202734 1.0
0.01553813 -0.01273699 -3.670079 -2.697722 1.128022 0.8606223 0.03700087 19.56135 0.2470646 1 0.9979397 0.020091401099898435 4.554907667069115 1.0
0.03996505 -0.02321103 -5.497399 -3.386256 1.227978 0.9547512 -0.1260951 19.73938 0.7663269 1 0.9607334 0.04621641629511532 6.4566342209185885 1.0
0.05028447 -0.03339562 -5.772052 -8.152118 1.560884 1.064521 -0.08871462 19.74904 0.8388195 0 0.0 0.06036385804738875 9.988674195138612 1.0
0.003167109 0.0004397548 -6.018198 -5.590854 1.057588 0.7904143 -0.1379218 19.28314 0.7372131 0 0.0 0.003197493346670801 8.214399285189392 1.0
0.005697956 -0.01300904 -0.8885032 -3.451582 1.648093 1.07584 -0.1304141 19.94862 0.6445847 1 0.9924584 0.014202176745116785 3.5641066537260415 1.0
-0.005422292 -0.004445031 -4.16433 -3.814831 0.997652 0.7696823 -0.08941751 19.4997 0.6890392 0 0.0 0.007011387246773994 5.647528654859663 1.0
0.006494655 -0.004235266 -2.272789 -4.220381 1.228121 0.9569251 -0.0996449 19.78988 0.5598164 1 0.9975809 0.007753581215140588 4.7934523700233 1.0
-0.003744378 0.0005846997 -3.701155 -3.74656 1.408286 1.095349 -0.07030067 19.85429 0.683075 0 0.0 0.003789754655127966 5.266427647620824 1.0
-0.02339414 -0.02395515 -5.211785 -3.621537 2.935964 2.199743 0.625469 20.41607 0.7346306 1 0.9777123 0.03348335404140541 6.346513462413358 1.0
0.003309237 -0.003310096 -3.823688 -3.582496 2.346392 1.761635 0.07884912 20.6123 0.5289173 0 0.0 0.004680575290643769 5.2397392598639865 1.0
0.001176137 -0.0007771043 -2.854817 -2.297364 1.342574 1.042955 -0.07902585 19.80363 0.2600193 0 0.0 0.001409677032460801 3.6644046517797406 1.0
-0.001980664 -0.02085005 -4.660698 -5.620328 1.627163 1.304121 0.179007 20.20992 0.6841888 0 0.0 0.020943915939560968 7.3013829289243555 1.0
0.0161914 -0.02041796 -2.228192 -3.936055 2.999178 2.160139 0.2419743 20.65101 0.4654884 0 0.0 0.02605867465013522 4.522982263052664 1.0
-0.002379092 -0.002743595 -3.371664 -3.525352 1.262895 1.074355 0.04966453 19.76245 0.3824329 0 0.0 0.003631444928467042 4.878137436850258 1.0
0.01897848 -0.01943791 -3.936799 -3.266054 0.6996163 0.5445033 0.06533834 18.9821 1.076471 1 0.9983237 0.027166432380393638 5.115221901082787 1.0
0.05563591 -0.01882349 -1.275581 -6.128726 2.703273 1.7614 -0.1884628 20.46342 0.8274975 1 0.5672505 0.05873396170281892 6.260063040468283 1.0
0.009708241 -0.008698638 -4.536887 1.041566 3.825285 3.006571 -0.2246277 20.64875 0.3561172 0 0.0 0.013035192609590584 4.654911748156457 1.0
-0.04378469 -0.02131621 0.5936305 -22.02682 0.6538144 0.5656607 0.5093733 18.70909 1.124189 1 0.0 0.04869784273620547 22.034817822776077 1.0
-0.006076628 2.958354e-05 0.3891076 -5.111677 2.517974 1.926033 -0.1677055 20.54952 0.8579483 0 0.0 0.006076700012031442 5.1264653004489125 1.0
-0.04388231 0.02000647 -2.619375 -2.02739 1.218344 1.01762 0.02830589 19.65474 0.992878 0 0.0 0.048227751065097364 3.3123157462302713 1.0
0.009393681 -0.03553692 2.060632 -3.703863 0.6076494 0.47763 0.1822727 18.88945 0.6875381 1 0.0 0.03675750162641853 4.238490929823137 1.0
0.0152297 0.029898 -3.104294 -3.652721 0.8031889 0.6260317 -0.08854153 19.1767 1.104177 1 0.9964279 0.033553452372147935 4.793642867619259 1.0
0.000891703 -0.002976275 -2.907463 -3.12945 0.9009781 0.7077766 -0.03796537 19.32422 0.9262676 0 0.0 0.003106983604049754 4.271627137153827 1.0
0.01852309 -0.02237517 -3.478614 -4.185385 1.980017 1.478021 0.1021036 20.33294 0.458004 0 0.0 0.02904742838319771 5.442260831604913 1.0
0.006125247 0.003718394 -1.617334 -5.170142 1.659876 1.461131 0.1031786 20.13589 0.7093315 0 0.0 0.007165549856797104 5.417207543349249 1.0
-0.0108856 0.03025697 -3.628276 -2.41544 1.307005 1.107729 -0.009138636 19.79211 0.8126011 1 0.9919721 0.03215556749523946 4.35875407952502 1.0
-0.04786395 0.0174818 -3.223464 -7.658381 1.271115 1.182445 0.1624079 19.64138 1.272297 0 0.0 0.05095656033174237 8.309122679348103 1.0
-0.00528021 -0.0009602997 -5.714722 -3.941456 1.176387 1.15933 0.2465654 20.15495 0.65415 0 0.0 0.005366823376814266 6.942126686918066 1.0
0.0002944556 0.01077953 -3.976556 -0.7013705 1.94228 1.3643 -0.4875222 19.96901 0.9369869 0 0.0 0.010783550951392188 4.037934892913239 1.0
0.001574435 0.009411948 -5.897832 -3.860039 1.209854 1.156086 0.1153564 20.1343 0.6378555 0 0.0 0.009542725539589252 7.048710760255736 1.0
-0.006844305 -0.005637183 -4.01794 -3.763978 1.638904 1.348377 0.2485581 20.32561 0.6098881 0 0.0 0.008866924106391911 5.505576466464161 1.0
0.001204526 -0.007349828 -3.06316 -2.803016 0.270459 0.2574444 0.2650307 17.84519 1.061722 1 0.9997509 0.00744787583907385 4.1520895801820075 1.0
-0.006757874 -0.02976132 -4.12601 -3.882923 1.509845 1.143224 0.1419272 20.15278 0.6743145 1 0.991554 0.03051892903006716 5.665778811781219 1.0
-0.001639551 -0.007840021 -1.109672 -3.503841 1.416277 0.9360745 -0.1069388 19.76569 0.4287586 1 0.9957394 0.008009622760282909 3.6753603497976903 1.0
0.008942741 0.03078353 -4.893149 -4.602423 2.849852 2.269338 0.2971967 20.62258 0.5970211 0 0.0 0.03205617469153144 6.717529650632739 1.0
-0.0321065 0.02402256 -4.984766 -4.306706 1.2889 1.07302 0.01852482 19.72518 0.8121586 1 0.9716275 0.04009876221535523 6.587534337306486 1.0
0.003110573 0.01693832 -3.589204 -4.076345 1.402259 1.312855 0.143535 20.24292 0.6912384 0 0.0 0.017221566386677174 5.431295785780867 1.0
-0.005678529 0.002427137 -3.234292 -2.218703 1.333213 1.341421 0.22805 20.36566 0.9588566 0 0.0 0.006175490719012538 3.9221534574099723 1.0
0.001603003 0.02074541 -3.948537 -3.418561 1.380974 1.064199 -0.10201 19.78063 0.9343338 0 0.0 0.020807250051030506 5.222786971635929 1.0
-0.05150604 0.02050754 -2.039691 -2.365738 1.469289 1.221274 0.003622815 19.93999 1.475447 0 0.0 0.0554385367170996 3.1236286047039905 1.0
-0.000900266 0.02064814 -3.474143 -2.130626 1.185613 1.102719 0.1519723 19.98692 0.8199711 1 0.9965196 0.020667756635163768 4.0754431337371155 1.0
-0.006873027 0.000376686 -5.910809 -0.8948115 2.702567 1.888302 -0.0672346 20.70609 0.6571884 0 0.0 0.006883341665595643 5.978156125011562 1.0
-0.003687555 0.003029922 -4.728968 -2.064472 1.136522 1.102494 0.2356392 20.03053 0.6240673 0 0.0 0.004772681552765594 5.15995959129604 1.0
-0.01702628 -0.00529087 -2.518323 -1.222415 3.631541 2.556551 -0.3384514 20.59303 0.7420902 1 0.9826843 0.01782940032629533 2.7993301278259413 1.0
0.06227429 0.01000724 -3.233725 -3.194365 1.425101 1.280782 0.113829 20.14916 1.767181 0 0.0 0.06307322765977416 4.545431236841011 1.0
-0.002862773 0.00612366 -4.200378 -3.035803 1.195405 1.219654 0.2708382 20.14141 1.062872 0 0.0 0.0067597840975233085 5.182593481809373 1.0
-0.002578419 0.01069939 -2.620699 -3.872158 1.179163 1.028521 0.02765207 19.94894 0.6075954 0 0.0 0.011005689024848058 4.675646567648693 1.0
-0.009034755 0.002213346 -2.909653 -2.816153 1.102635 1.008111 0.1681495 19.89401 0.3935089 1 0.9988761 0.00930191907219908 4.049296025214507 1.0
-0.004541141 0.01282604 -3.662387 -3.831423 1.713217 1.622476 0.03451618 20.45085 0.6020718 0 0.0 0.01360622150574806 5.300271761211683 1.0
-0.03904779 0.02497075 -4.40253 -3.76232 0.7902731 0.6546089 0.03487722 19.11858 1.14764 1 0.9826794 0.0463494148770683 5.791141699466523 1.0
-0.008693663 0.005930789 -4.311853 -2.728912 1.344546 1.322378 0.2860599 20.0872 nan 0 0.0 0.010523974274013121 5.102845970373101 1.0
0.05559033 0.01112953 -1.566191 -21.07157 1.66634 1.630658 0.2087844 20.28303 2.502972 0 0.0 0.05669348487727492 21.129695135362958 1.0
-0.01427092 0.0302376 -4.681081 -12.70429 1.212189 1.020833 -0.02216541 19.71473 2.033157 1 0.0 0.03343608247696491 13.539257872300867 1.0
-0.007385056 0.001711805 -4.082223 -3.700182 1.980679 1.151941 -0.177308 19.94655 0.4646473 0 0.0 0.007580852754219739 5.50961808611568 1.0
0.005243224 -0.004486986 -5.470832 -2.772407 2.291151 1.776079 0.02717972 20.40707 0.5767002 0 0.0 0.00690104639010433 6.133208242500249 1.0
-0.01079762 -0.005728972 -1.47117 -4.802919 1.936393 1.278564 -0.04109206 20.24186 1.135044 0 0.0 0.01222332679106568 5.023183461656662 1.0
0.005698575 0.003003155 -2.857721 -3.727136 0.6094235 0.5593607 0.161279 18.91299 0.9799881 0 0.0 0.006441482514503164 4.696606442564354 1.0
-0.01625841 -0.004855908 -1.393366 -2.44025 2.101281 1.542706 0.3035656 20.30601 0.8118134 0 0.0 0.016968079980733353 2.81003360699761 1.0
0.02474892 -0.03473189 -4.126183 -7.537783 1.712058 1.314709 0.09411605 20.21998 2.11269 0 0.0 0.04264754651956546 8.593227490563601 1.0
0.009596174 0.01732714 -3.495367 -3.613418 0.4122613 0.3918791 0.2363982 18.57701 1.086815 1 0.9995813 0.019806976953030363 5.027363136616749 1.0
-0.02913716 -0.03091227 0.8118858 -3.52543 2.2698 1.747243 0.3461943 20.44375 0.6487637 0 0.0 0.04247990736122785 3.6177085616646405 1.0
-0.007442637 0.01550384 -5.513807 -1.422296 3.181984 2.662396 -0.3394948 20.64745 nan 0 0.0 0.017197729508844156 5.694294824195969 1.0
-0.008807469 0.006476284 -3.099778 -2.718015 0.5680283 0.5454906 0.3174812 18.80531 0.9716454 1 0.999554 0.010932235116142398 4.122648322317707 1.0
0.04451537 -0.02229681 -3.183775 -3.294954 0.09535933 0.09448825 0.2686847 15.66864 1.463778 1 0.9998069 0.0497872062121686 4.581827704392756 1.0
-0.006104916 -0.00369547 -3.270108 -3.148579 0.1659455 0.1575383 0.2891442 16.90958 1.013664 1 0.9999688 0.007136280395833392 4.539510551910304 1.0
0.007546761 -0.008650828 -3.213871 -3.363169 0.09351609 0.09028523 0.3229682 15.53283 1.342569 1 0.9999874 0.011480001161877336 4.651867638615914 1.0
0.01147209 -0.001784626 -3.296743 -5.119335 1.230936 1.158843 0.1803797 20.14348 0.6732216 0 0.0 0.011610070582385622 6.089015129745862 1.0
-0.04790107 0.04420374 2.55053 -7.804555 0.425761 0.4183692 0.3730809 18.05684 1.289505 0 0.0 0.06518038920666629 8.210741868365185 1.0
0.02988132 0.03434751 -5.788172 -7.273341 0.2834172 0.2754984 0.2801193 17.71805 1.079453 1 0.0 0.04552630808820873 9.295398022885573 1.0
-0.003289035 -0.01130189 -2.01987 -2.500973 1.437537 0.9436086 -0.1158144 19.68154 0.7517605 0 0.0 0.011770746314627845 3.214769161795136 1.0
-0.02149157 -0.005106441 -2.772753 -6.665591 2.385904 1.749043 0.2719593 20.48905 0.9463558 1 0.9298733 0.02208989182298956 7.219297928350789 1.0
-0.03148231 0.03167689 -1.842335 -4.363083 1.393632 1.170596 -0.06909272 19.88416 0.6554012 1 0.9412686 0.04466051055471937 4.736105099880491 1.0
0.03767107 0.01385126 2.125326 -3.426973 0.4069805 0.440131 0.3985406 18.27284 1.309433 0 0.0 0.04013685237450117 4.0325121883268995 1.0
0.004674481 -0.001810957 -3.152786 -3.175538 0.1404585 0.1348503 0.2995588 16.59942 1.222309 1 0.9999795 0.005013016843699012 4.474829734329564 1.0
0.02076434 -0.06024587 6.005176 -15.58847 0.4396967 0.3577693 0.2210205 18.39104 2.147362 1 0.0 0.06372379985290033 16.705164941774026 1.0
0.001289835 -0.008831838 -3.219945 -3.066826 0.1897855 0.160951 0.2564688 16.90868 1.047205 1 0.9999392 0.008925527255320495 4.446736726780775 1.0
-0.0200335 -0.06070734 -3.284969 -4.865684 2.173406 1.64271 0.08825072 20.60276 0.2301426 0 0.0 0.06392747650365686 5.870766740283334 1.0
0.00367867 -0.01561823 -4.462755 -2.813704 1.630387 0.9645352 -0.2574742 19.73703 0.6774044 1 0.9979215 0.01604561377142676 5.275709657443347 1.0
0.006011264 -0.001460053 -3.707708 -2.862321 1.138503 0.8928726 -0.05528166 19.7228 0.6900349 0 0.0 0.006186036666598817 4.684013249373341 1.0
-0.02414367 0.03803737 -0.9123668 1.012555 1.141751 1.204 0.2563995 20.04359 0.7635078 0 0.0 0.04505283917341725 1.362967646632612 1.0
0.02309583 -0.05907892 -2.708693 -3.936741 2.228535 1.771102 0.1683019 20.57503 0.8534298 1 0.8317857 0.06343292640068957 4.778592624333027 1.0
-0.01142482 0.01354855 -1.799607 -5.247392 1.288919 1.339505 0.3529442 20.13037 0.8459911 0 0.0 0.01772257653770749 5.5474055337709895 1.0
0.00222849 -0.001053682 -3.337557 -3.438327 0.1390085 0.135865 0.325251 16.4061 1.151789 1 0.9999786 0.002465038222264312 4.79180334395914 1.0
0.002711957 -0.003659128 -3.16912 -3.240437 0.2238862 0.2143049 0.2780687 17.51416 1.135618 1 0.9999628 0.004554550306038237 4.532521762260938 1.0
0.006807412 -0.006356252 -3.313907 -3.543453 0.3175513 0.3009173 0.2616459 18.11642 1.024441 1 0.9998852 0.009313581353338145 4.851601670361861 1.0
-0.03006081 0.03617662 4.208253 -0.7880294 1.144492 1.190304 0.3434929 19.89787 0.8129845 0 0.0 0.04703615771383224 4.281399729909992 1.0
0.006323803 -0.008980742 -3.894215 -5.120272 1.447 1.41671 0.2130281 20.42653 1.115568 0 0.0 0.010983815878526596 6.432891715255979 1.0
-0.02545205 0.03624997 -1.813694 -0.3800125 1.637316 1.67918 0.3805639 20.44848 0.6161747 0 0.0 0.044292969805640715 1.853077285434218 1.0
0.0005503336 -0.02156339 -3.763616 -3.51301 1.612112 1.139533 0.005428372 19.92527 0.7659664 0 0.0 0.02157041157148813 5.148402145865841 1.0
0.006070343 0.05188848 -4.270216 -1.390432 2.054067 1.948431 0.1099794 20.46648 0.9342022 0 0.0 0.05224235274992933 4.4908847494987 1.0
-0.005764846 0.0277262 -2.432715 -2.974326 1.413722 1.444901 0.3608232 20.28613 0.8968468 0 0.0 0.028319173996494248 3.8424884418174896 1.0
0.009196933 0.001265384 -2.947524 -5.740082 1.936311 1.821924 0.2206362 20.52603 0.8863525 0 0.0 0.00928357545743799 6.452630401417704 1.0
