jas1101finalproject/data/gcs/Pal_14.ecsv
# %ECSV 0.9
# ---
# datatype:
# - {name: x, unit: deg, datatype: float64}
# - {name: y, unit: deg, datatype: float64}
# - {name: pmx, unit: mas / yr, datatype: float64}
# - {name: pmy, unit: mas / yr, datatype: float64}
# - {name: pmx_e, unit: mas / yr, datatype: float64}
# - {name: pmy_e, unit: mas / yr, datatype: float64}
# - {name: pm_corr, datatype: float64}
# - {name: g_mag, unit: mag, datatype: float64}
# - {name: bp_rp, unit: mag, datatype: float64}
# - {name: filter, datatype: int64}
# - {name: memberprob, datatype: float64}
# - {name: r, unit: deg, datatype: float64}
# - {name: pm, unit: mas / yr, datatype: float64}
# - {name: member_prob_GMM, datatype: float64}
# - {name: member_prob_DB, datatype: float64}
# meta: !!omap
# - comments: [deg deg mas/yr mas/yr mas/yr mas/yr dimless mag   mag   zeroone float]
# - __serialized_columns__:
#     bp_rp:
#       __class__: astropy.units.quantity.Quantity
#       unit: &id001 !astropy.units.Unit {unit: mag}
#       value: !astropy.table.SerializedColumn {name: bp_rp}
#     g_mag:
#       __class__: astropy.units.quantity.Quantity
#       unit: *id001
#       value: !astropy.table.SerializedColumn {name: g_mag}
#     pm:
#       __class__: astropy.units.quantity.Quantity
#       unit: !astropy.units.Unit {unit: mas / yr}
#       value: !astropy.table.SerializedColumn {name: pm}
#     pmx:
#       __class__: astropy.units.quantity.Quantity
#       unit: !astropy.units.Unit {unit: mas / yr}
#       value: !astropy.table.SerializedColumn {name: pmx}
#     pmx_e:
#       __class__: astropy.units.quantity.Quantity
#       unit: !astropy.units.Unit {unit: mas / yr}
#       value: !astropy.table.SerializedColumn {name: pmx_e}
#     pmy:
#       __class__: astropy.units.quantity.Quantity
#       unit: !astropy.units.Unit {unit: mas / yr}
#       value: !astropy.table.SerializedColumn {name: pmy}
#     pmy_e:
#       __class__: astropy.units.quantity.Quantity
#       unit: !astropy.units.Unit {unit: mas / yr}
#       value: !astropy.table.SerializedColumn {name: pmy_e}
#     r:
#       __class__: astropy.units.quantity.Quantity
#       unit: &id002 !astropy.units.Unit {unit: deg}
#       value: !astropy.table.SerializedColumn {name: r}
#     x:
#       __class__: astropy.units.quantity.Quantity
#       unit: *id002
#       value: !astropy.table.SerializedColumn {name: x}
#     y:
#       __class__: astropy.units.quantity.Quantity
#       unit: *id002
#       value: !astropy.table.SerializedColumn {name: y}
# schema: astropy-2.0
x y pmx pmy pmx_e pmy_e pm_corr g_mag bp_rp filter memberprob r pm member_prob_GMM member_prob_DB
[from data line 110]
0.03749231 0.05531139 -7.697568 -1.363598 2.225516 1.747789 0.7257183 20.72762 0.7018185 0 0.0 0.0668208288849233 7.817413422624392 1.0 0.0
-0.001343038 -0.07619782 -2.507011 -0.07372259 1.148583 1.135424 0.2958559 20.45198 0.5969543 0 0.0 0.0762096550564418 2.5080947299488723 1.0 0.0
-0.03096315 -0.03031339 0.005753779 -0.1839187 0.6423042 0.5446115 0.3552775 19.63554 1.130028 1 0.984559 0.04333149283390315 0.184008679638953 1.0 0.0
0.001546436 0.05379177 -2.649898 7.662224 1.187251 1.087962 0.5096458 20.49277 2.174519 0 0.0 0.05381399431407221 8.10750492053998 1.0 0.0
-0.01416904 -0.01724028 -0.5019146 -0.2658483 0.4414844 0.3875696 0.4219763 19.15559 1.131557 1 0.9981895 0.02231566599947221 0.567973224990448 1.0 1.0
-0.02625793 -0.01455741 -0.6989543 -1.082547 0.8773107 0.7632601 0.4225647 19.94439 0.9230824 0 0.0 0.030023275534041917 1.2885826014258805 1.0 1.0
-0.005425962 0.002807462 -0.21271 -0.8370201 0.7338555 0.618032 0.5096614 19.81951 0.9545708 1 0.9973401 0.006109247621997983 0.8636250296882381 1.0 0.0
-0.01652664 -0.000765388 -1.121795 -0.7640297 0.6544191 0.5613111 0.5247348 19.72128 0.9913216 1 0.9963962 0.016544353975908033 1.3572639406199114 1.0 1.0
0.02194948 -0.0004673552 -5.817024 0.8856239 0.4883237 0.4233285 0.5092442 19.33883 1.412706 1 0.0 0.021954454972815132 5.884054546724326 1.0 0.0
-0.04362966 -0.03791292 -1.251906 -1.044752 0.5106871 0.4522399 0.3506389 19.35518 1.155806 1 0.9319486 0.05780083679880422 1.6305751667249198 1.0 0.0
0.03653335 0.06111719 -1.642812 -1.117992 0.7217652 0.6082394 0.5486427 19.79515 0.7087536 1 0.8139752 0.07120390843007567 1.9871430193642328 1.0 0.0
-0.007121698 -0.0108863 -0.6346022 -0.5832753 0.1309945 0.1151943 0.4299593 17.32527 1.507105 1 0.9998509 0.013008847377581305 0.8619338883202876 1.0 1.0
0.03238271 -0.07200399 -0.7000152 -2.736059 0.8087151 0.7164612 0.4568748 19.96879 0.6678257 1 0.04893841 0.07895070919798125 2.8241884023046406 1.0 0.0
-0.01929849 -0.005073857 -2.558408 -1.3736 1.433026 1.310519 0.5043772 20.60094 0.7423439 0 0.0 0.019954341410744408 2.9038299630770394 1.0 1.0
-0.03413342 0.06006012 -1.633757 -8.628828 1.636651 1.362477 0.6345802 20.63122 1.36919 0 0.0 0.06908189614733226 8.782131551544477 1.0 0.0
0.01582267 -0.07900009 -6.709731 -9.01286 0.1415498 0.1194846 0.3309953 17.22133 0.8072147 1 0.0 0.08056904558164382 11.236197553975321 1.0 0.0
-0.04819246 -0.0024839 -1.274781 -1.427291 0.7600463 0.7021544 0.4213379 19.83966 0.9873981 1 0.9334283 0.04825642920960481 1.9136943843367467 1.0 0.0
0.02144025 -0.06799898 -8.986049 -8.668675 0.9808994 0.8623404 0.416354 20.26178 1.15003 0 0.0 0.07129898737782256 12.48579204079685 1.0 0.0
0.01806311 -0.06550638 -3.012068 6.223812 0.228949 0.2002109 0.3438727 18.19768 1.281845 1 0.0 0.06795117190730783 6.914361101936172 1.0 0.0
-0.05231171 -0.02813773 0.4545832 -2.563583 0.2867518 0.2687963 0.3431086 18.44104 0.6938057 1 0.0 0.05939904757382057 2.6035751734127515 1.0 0.0
-0.02414834 -0.002323923 0.8599347 -0.1177978 0.8868985 0.7710981 0.5110333 20.16435 0.9870281 1 0.9857706 0.024259904015999922 0.8679654428310669 1.0 1.0
-0.03961079 0.007580376 -0.6432876 -6.350929 0.5909829 0.530738 0.4229713 19.56979 0.7551365 1 0.0 0.04032960184189122 6.383425263865377 1.0 0.0
-0.06065654 -0.02777886 4.84697 -0.8367828 0.5643288 0.4816161 0.3253345 19.45508 1.808899 1 0.0 0.06671492267604902 4.918670921628712 1.0 0.0
-0.005191188 -0.04237191 -13.24204 1.728573 0.3960267 0.378292 0.4261225 18.93728 0.8624668 1 0.0 0.04268872438829068 13.354384597499392 1.0 0.0
-0.005486038 -0.04063812 -0.3208546 -0.3492159 0.863975 0.7895732 0.5369721 19.94652 0.7990055 1 0.9810201 0.041006748347946875 0.4742356156532004 1.0 0.0
-0.00617882 -0.0332395 0.1858183 -0.009579024 0.8563278 0.8074309 0.4294122 20.10018 0.9633045 1 0.9847548 0.03380890676792729 0.18606503786494272 1.0 0.0
-0.003436364 -0.02934475 -1.054176 -0.9287133 0.8921064 0.7755207 0.4528776 20.09516 1.124256 0 0.0 0.029545269504660066 1.4049183010313766 1.0 1.0
-0.01350671 -0.03485182 5.533821 -5.819812 0.4607418 0.4207516 0.4085968 19.23059 2.13273 1 0.0 0.037377541015113605 8.030777457717589 1.0 0.0
-0.004129208 -0.02342815 -7.972126 4.749291 0.7984244 0.6751655 0.5210445 19.99657 0.953064 1 0.0 0.023789253269696463 9.279577466811569 1.0 0.0
0.04259967 -0.05933551 0.7107739 -4.519242 0.5145367 0.4444476 0.4573711 19.35357 1.395411 1 0.0 0.07304405951936817 4.574794835999229 1.0 0.0
0.05494046 0.004103798 -5.24913 -4.840662 2.255081 1.781391 0.7154996 20.73357 0.4710789 1 0.2644121 0.05509351416488518 7.140404355156926 1.0 0.0
-0.008447069 0.02604479 4.809928 -9.525919 0.1643229 0.1454443 0.4560731 17.68207 0.9513474 1 0.0 0.027380359034075156 10.671388858051467 1.0 0.0
-0.0349524 0.008588554 -3.342829 -5.627155 0.215783 0.1850036 0.4435768 18.04842 0.9903259 1 0.0 0.035992131439676035 6.545179838420485 1.0 0.0
-0.05092529 -0.02595129 1.417265 -3.005876 2.293209 1.984275 0.4466772 20.84544 1.073895 1 0.4204665 0.05715640484012443 3.3232409794658286 1.0 0.0
-0.02915944 0.006203502 -0.8799863 0.539789 0.7422435 0.6444986 0.517632 19.89656 0.8668137 1 0.9537353 0.029812017344983614 1.0323507411285615 1.0 1.0
-0.0004727902 0.003557935 -1.0217 -0.1884567 0.7422878 0.653696 0.4929499 19.92015 0.7407475 0 0.0 0.0035892105033615736 1.0389354252189547 1.0 0.0
0.01595105 -0.02040635 0.1988572 -0.4151741 0.6560354 0.5773477 0.4822435 19.71339 0.8203144 1 0.9933989 0.025900870958811405 0.46034087294378934 1.0 1.0
-0.06340043 0.01682243 -11.91645 12.40935 0.4798239 0.4132389 0.4542473 19.09435 2.410194 1 0.0 0.06559427318973661 17.20446883879302 1.0 0.0
0.03797573 0.07177665 -4.510502 -11.28301 1.353349 1.267064 0.4721241 20.62107 0.9817715 0 0.0 0.08120371638204374 12.151170435480855 1.0 0.0
-0.06502073 0.02067099 -0.07681866 -1.197837 0.3326421 0.3026342 0.4099118 18.75718 1.131908 1 0.3442367 0.06822745164017927 1.2002977068599254 1.0 0.0
-0.003436091 -0.01233979 0.332202 0.866248 0.7728571 0.6759107 0.5243638 19.9224 0.7477322 1 0.9898898 0.012809259877306769 0.9277627748018348 1.0 1.0
-0.04505127 0.003008582 -7.200695 -7.849729 1.233056 1.171475 0.4160863 20.47025 0.7843342 0 0.0 0.045151616740307585 10.652147851793364 1.0 0.0
0.04876678 -0.00910227 -1.133895 -7.070548 0.7235618 0.648036 0.5168436 19.80664 0.6242905 1 0.0 0.04960897248201478 7.160891487191312 1.0 0.0
-0.07120354 0.0007649985 0.6029261 0.3910781 1.988796 2.186847 0.3318793 20.8232 0.5704975 0 0.0 0.07120764938710308 0.718652880298145 1.0 0.0
0.02641737 -0.009583024 -0.511811 1.908272 0.3047648 0.2780818 0.4553123 18.6718 1.481457 1 0.0 0.0281018110929078 1.9757156996149523 1.0 1.0
0.01347354 -0.009893218 -8.98625 -1.380994 1.991389 1.505899 0.5807134 20.79141 1.070225 1 0.007199239 0.0167156227083266 9.09174534897101 1.0 0.0
-0.01431564 -0.004823431 -2.183966 -2.432007 1.141148 1.059228 0.5251121 20.39441 0.9751682 1 0.9615761 0.015106390542461193 3.2686947757790112 1.0 1.0
-0.0646956 0.02344417 -3.493153 -8.405627 1.954839 1.732257 0.4240931 20.80792 1.353018 0 0.0 0.06881242450567267 9.10256464654539 1.0 0.0
-0.05116243 0.03058735 -0.8176034 -0.1465514 2.718735 2.950942 0.6108585 20.92682 0.9026165 1 0.6495365 0.059608558307741345 0.8306338739381629 1.0 0.0
0.03679594 -0.009007383 -14.09138 -2.145591 0.5127273 0.4482854 0.5030917 19.38973 2.30707 1 0.0 0.03788237253647518 14.253790760484769 1.0 0.0
-0.06828943 0.03210274 -13.01246 -6.364057 0.634986 0.5417451 0.489855 19.37758 1.345409 0 0.0 0.07545881105101312 14.48534903793654 1.0 0.0
0.06037083 -0.01547558 -13.74516 9.760319 1.493109 1.337976 0.3715137 20.75217 0.9842453 0 0.0 0.06232279431496393 16.85803222227793 1.0 0.0
0.05546912 0.011946 0.1803564 -3.450849 1.655867 1.374446 0.5008831 20.70687 nan 0 0.0 0.05674090402500122 3.4555588913838466 1.0 0.0
0.08163466 0.01096826 -2.499584 -2.662741 0.8980051 0.7458349 0.5534148 20.15806 0.8478508 1 0.09608887 0.08236820042190554 3.6521377036109963 1.0 0.0
0.06000339 -0.01951927 1.802075 -5.552958 0.5191423 0.4426679 0.4903123 19.46433 2.145782 1 0.0 0.06309840499430235 5.838049062434214 1.0 0.0
-0.004703698 -0.0005361377 0.3764109 0.7064761 0.6573673 0.5637978 0.5422909 19.67513 0.9549141 0 0.0 0.004734154466065223 0.8004958747614006 1.0 0.0
-0.005028058 -0.002267049 -1.162108 -0.2073888 0.4777641 0.4261377 0.4760352 19.23611 1.182377 1 0.9953538 0.00551551252557412 1.1804681774742765 1.0 0.0
0.03864177 -0.02585371 -0.7178463 -0.417776 0.5966828 0.51319 0.4868492 19.65395 1.089581 1 0.985497 0.04649301785749124 0.8305661301785007 1.0 0.0
0.001296172 0.007080811 -0.7030087 -0.9475175 0.7172579 0.6184639 0.506407 19.86543 0.6677723 0 0.0 0.007198468328144884 1.179835007567558 1.0 0.0
0.03304504 -0.06371932 -5.539401 3.176047 1.688658 1.198948 0.4295439 20.50244 1.656876 0 0.0 0.07177831434259235 6.385314243246764 1.0 0.0
0.03779314 -0.0628526 -3.800811 -1.008011 0.8600104 0.7381123 0.5570759 19.91911 1.856283 0 0.0 0.0733401033393027 3.9322068147341893 1.0 0.0
0.02790456 0.004236859 0.3383678 -0.06898796 0.5968407 0.5123324 0.4843852 19.6503 1.039335 1 0.9923753 0.02822437675094848 0.34532898329245637 1.0 1.0
-0.03649748 -0.0620918 -4.408727 -4.300565 0.323858 0.256097 0.572158 18.38499 0.7843208 1 0.0 0.07202400761961528 6.1588743354410145 1.0 0.0
-0.07334171 -0.00104817 -1.916819 2.462916 1.310725 1.269014 0.2984119 20.48008 1.103865 1 0.09799637 0.07334919962803275 3.1209213866768577 1.0 0.0
-0.005398013 -0.05828872 -1.38455 -3.02411 1.503757 1.23568 0.3364672 20.52123 0.4937553 0 0.0 0.058538136488844345 3.325991580656812 1.0 0.0
-0.02794427 -0.05809433 -1.526804 0.2622639 1.987693 2.22857 0.3778722 20.66486 0.3451748 0 0.0 0.06446575373003716 1.5491651970203857 1.0 0.0
0.03576203 0.002649204 0.2590225 0.9032951 0.6648848 0.566744 0.5031082 19.7766 0.9177551 1 0.933305 0.03586002051804371 0.9396992567786037 1.0 0.0
-0.03527834 -0.00135917 -10.55186 -13.00558 1.058968 0.915149 0.451607 20.20069 1.374985 0 0.0 0.0353045126895203 16.747741955141297 1.0 0.0
-0.004998556 -0.001479315 -0.6865458 -0.4986224 0.2381528 0.2103963 0.4815897 18.19421 1.220459 1 0.9997236 0.005212862453044489 0.848510125619842 1.0 0.0
-0.02600629 -0.006183225 -0.5999495 -0.6795029 0.2800003 0.2390428 0.4196162 18.39474 1.268728 1 0.9988389 0.02673124372274371 0.9064566143278232 1.0 1.0
0.02968861 0.00185482 -3.249888 -0.2032249 0.09874482 0.08843269 0.3860624 16.80365 0.8568363 1 0.0 0.0297464942634338 3.2562359208945546 1.0 1.0
0.02138877 0.004765399 -0.3205152 -0.3766175 0.1047351 0.09529044 0.4146718 16.90318 1.58794 1 0.9996863 0.021913204004483256 0.49454093332836463 1.0 1.0
0.02385871 -0.0683573 0.7278228 -1.036751 2.886101 2.428248 0.4464108 20.98918 0.8909149 1 0.4896949 0.07240137088587549 1.2667196470414597 1.0 0.0
0.003993865 0.005028538 -0.6768634 0.6652229 0.7271978 0.6224893 0.5161181 19.90554 0.6805878 1 0.9856032 0.0064216160003280325 0.949034018854946 1.0 0.0
0.01104028 0.004724562 -0.6003861 -0.8848269 0.7715018 0.6410055 0.5528112 19.90373 0.8745308 1 0.9970131 0.012008716358139366 1.0692904713111493 1.0 1.0
0.03278014 -0.06722602 -0.7174294 -1.277816 0.7067085 0.6423425 0.3972358 19.86436 0.6436081 1 0.8404372 0.07479221445752225 1.465441460393543 1.0 0.0
-0.002493195 -0.06678982 -1.376318 -0.9248157 0.79604 0.6510971 0.4538965 19.71209 1.188057 0 0.0 0.06683633799768225 1.658172281788141 1.0 0.0
