jas1101finalproject/data/gcs/Pal_14.ecsv
# %ECSV 0.9
# ---
# datatype:
# - {name: x, unit: deg, datatype: float64}
# - {name: y, unit: deg, datatype: float64}
# - {name: pmx, unit: mas / yr, datatype: float64}
# - {name: pmy, unit: mas / yr, datatype: float64}
# - {name: pmx_e, unit: mas / yr, datatype: float64}
# - {name: pmy_e, unit: mas / yr, datatype: float64}
# - {name: pm_corr, datatype: float64}
# - {name: g_mag, unit: mag, datatype: float64}
# - {name: bp_rp, unit: mag, datatype: float64}
# - {name: filter, datatype: int64}
# - {name: memberprob, datatype: float64}
# - {name: r, unit: deg, datatype: float64}
# - {name: pm, unit: mas / yr, datatype: float64}
# - {name: member_prob_GMM, datatype: float64}
# - {name: member_prob_DB, datatype: float64}
# meta: !!omap
# - comments: [deg deg mas/yr mas/yr mas/yr mas/yr dimless mag   mag   zeroone float]
# - __serialized_columns__:
#     bp_rp:
#       __class__: astropy.units.quantity.Quantity
#       unit: &id001 !astropy.units.Unit {unit: mag}
#       value: !astropy.table.SerializedColumn {name: bp_rp}
#     g_mag:
#       __class__: astropy.units.quantity.Quantity
#       unit: *id001
#       value: !astropy.table.SerializedColumn {name: g_mag}
#     pm:
#       __class__: astropy.units.quantity.Quantity
#       unit: !astropy.units.Unit {unit: mas / yr}
#       value: !astropy.table.SerializedColumn {name: pm}
#     pmx:
#       __class__: astropy.units.quantity.Quantity
#       unit: !astropy.units.Unit {unit: mas / yr}
#       value: !astropy.table.SerializedColumn {name: pmx}
#     pmx_e:
#       __class__: astropy.units.quantity.Quantity
#       unit: !astropy.units.Unit {unit: mas / yr}
#       value: !astropy.table.SerializedColumn {name: pmx_e}
#     pmy:
#       __class__: astropy.units.quantity.Quantity
#       unit: !astropy.units.Unit {unit: mas / yr}
#       value: !astropy.table.SerializedColumn {name: pmy}
#     pmy_e:
#       __class__: astropy.units.quantity.Quantity
#       unit: !astropy.units.Unit {unit: mas / yr}
#       value: !astropy.table.SerializedColumn {name: pmy_e}
#     r:
#       __class__: astropy.units.quantity.Quantity
#       unit: &id002 !astropy.units.Unit {unit: deg}
#       value: !astropy.table.SerializedColumn {name: r}
#     x:
#       __class__: astropy.units.quantity.Quantity
#       unit: *id002
#       value: !astropy.table.SerializedColumn {name: x}
#     y:
#       __class__: astropy.units.quantity.Quantity
#       unit: *id002
#       value: !astropy.table.SerializedColumn {name: y}
# schema: astropy-2.0
x y pmx pmy pmx_e pmy_e pm_corr g_mag bp_rp filter memberprob r pm member_prob_GMM member_prob_DB
-0.01727965 -0.01532507 -0.41326 -0.1487727 0.4239756 0.3783316 0.4010933 19.13631 1.242771 1 0.9979143 0.023096408262485317 0.43922334166718646 1.0 1.0
0.01548111 -0.04599633 -6.937761 -0.5331058 0.1904331 0.176081 0.3347694 17.90609 0.9379597 1 0.0 0.04853171272787517 6.958213095839667 1.0 0.0
0.001767942 0.001050732 1.751426 -0.3192389 2.175976 1.550537 0.6754715 20.65316 0.7736568 0 0.0 0.0020566129074738398 1.7802827047267547 1.0 0.0
-0.02252448 0.01909066 -0.6780225 -0.5964901 0.191459 0.1726573 0.4408873 17.9377 1.332048 1 0.9992435 0.029526352610947392 0.9030586636006876 1.0 1.0
-0.004675356 -0.05299871 -0.008239852 -0.1637343 1.163965 1.062631 0.3311956 20.43772 2.079432 0 0.0 0.05320453190650996 0.16394150224233003 1.0 0.0
-0.003508487 0.06801966 -0.3214989 -0.5118477 0.5372205 0.4416213 0.5222371 19.43758 1.177256 1 0.9670288 0.0681100846244135 0.6044415692988859 1.0 0.0
-0.000207495 -0.05052493 -4.748987 -3.778463 0.6559886 0.5305348 0.4847991 19.5224 0.8837471 1 0.0 0.05052535606682971 6.068744529846185 1.0 0.0
-0.05128215 -0.03862076 -6.529749 -2.797197 0.5886966 0.5390466 0.3164592 19.50636 0.7282791 1 0.0 0.06419830224858053 7.103656316278963 1.0 0.0
0.06429 -0.007385379 2.736728 8.230371 0.94733 0.8113938 0.4991495 20.24852 1.594156 1 0.0 0.06471281111938842 8.673447235305291 1.0 0.0
0.02935087 -0.00783265 -0.9550786 -0.7219031 0.299028 0.2623163 0.4579789 18.64631 1.001289 1 0.996479 0.030378017969897246 1.1972131046591372 1.0 0.0
0.009433902 -0.005251901 -2.053202 -0.8430454 0.7467386 0.6319621 0.5088143 19.92862 0.7173977 1 0.98253 0.010797266832833436 2.2195413939066695 1.0 1.0
-0.004084351 0.009498411 -0.9832109 -0.08755527 0.8225071 0.6962823 0.5280604 20.03809 1.193823 1 0.9953321 0.01033932950515274 0.9871016154295276 1.0 1.0
-0.01419738 1.645809e-05 0.4932289 1.338986 0.8121814 0.7451464 0.4976759 19.95782 0.8646469 0 0.0 0.014197389539388094 1.4269401725339468 1.0 1.0
-0.01139658 -0.002450864 -0.1867712 -0.8394467 1.140856 0.9596059 0.5620192 20.4201 0.7368946 0 0.0 0.011657133869133356 0.8599733968503502 1.0 1.0
-0.008109059 -0.000629496 -4.488999 -0.6692181 0.1627088 0.144231 0.4755287 17.58597 0.7710056 1 0.0 0.008133455789484382 4.5386082544507635 1.0 0.0
-0.0198406 0.03112671 -0.6224971 -4.177787 1.169806 1.013747 0.5334744 20.4474 0.8051186 1 0.02011737 0.03691234866252891 4.223908954615075 1.0 0.0
0.005439295 -0.02539078 -0.5692868 0.2162638 0.920381 0.8048634 0.4661298 20.20664 1.145498 1 0.9880375 0.025966856550330174 0.6089806990740183 1.0 1.0
0.005733299 0.007028432 -0.4047623 0.5976402 0.8083561 0.6712763 0.5099314 19.90103 1.040449 0 0.0 0.009070257648050854 0.7218076808661223 1.0 1.0
0.02171145 0.0209016 -4.356153 -9.230809 0.3735525 0.3264683 0.4606452 18.9465 1.200775 1 0.0 0.030137417667452863 10.207051668032744 1.0 0.0
-0.004998612 -0.003865408 0.508183 0.5720204 0.7541522 0.6633966 0.5239164 19.93599 0.8254433 1 0.9951278 0.006318821166405013 0.7651518146780807 1.0 0.0
0.004893149 0.002516578 -1.156891 -0.9212839 0.8027212 0.6687953 0.5631813 19.96116 0.9908714 1 0.9969668 0.005502369668268846 1.4789052742756075 1.0 0.0
-0.01180775 0.02664767 -0.1740944 -0.7736285 0.739167 0.6462525 0.5193814 19.85273 1.040531 1 0.9911138 0.02914654827747876 0.7929753565676616 1.0 1.0
0.002210019 0.01796892 -0.1274581 -0.8334067 0.8591758 0.7583857 0.4487664 20.19042 0.8371334 0 0.0 0.018104316334696568 0.8430968478534954 1.0 1.0
-0.02174471 0.004555627 -0.9317926 -1.790058 0.7265282 0.6256285 0.5196645 19.89748 0.837574 1 0.9690246 0.02221679883212766 2.018054779429627 1.0 1.0
0.002048376 -0.03471396 -0.3382638 -0.8102303 0.6324104 0.5475048 0.4894593 19.56551 0.8951225 1 0.9904428 0.03477434202280434 0.8780065702650123 1.0 0.0
0.009373311 0.03183458 -3.637333 -5.007614 0.4521693 0.4094742 0.4520397 19.22935 0.6668129 1 0.0 0.03318583196002657 6.189215566280189 1.0 0.0
-0.01875222 0.004296898 -0.2274639 -0.7461843 0.5065269 0.4409641 0.4974093 19.40948 0.9713173 1 0.9972215 0.01923821944335816 0.7800838643182539 1.0 1.0
0.004540111 -0.03345888 -7.24672 -6.801618 2.321795 1.665784 0.5954952 20.6958 1.00983 0 0.0 0.033765503975903 9.93865977767244 1.0 0.0
-0.01747232 -0.0277562 -2.878028 -2.193349 0.6928131 0.6168781 0.4185241 19.7667 0.6679306 1 0.2323542 0.032797692062436344 3.618539070479273 1.0 0.0
-0.04120577 -0.007645688 2.805519 -15.79161 0.8661158 0.8294201 0.3524269 20.10981 1.373932 1 0.0 0.04190909240589975 16.038886596377598 1.0 0.0
0.03085296 0.003486721 0.1732365 -0.6557334 1.011145 0.9380395 0.4952065 20.28693 0.7299938 1 0.9816998 0.031049353682378655 0.6782309170244379 1.0 0.0
-0.01256246 -0.02408395 0.03873555 0.1078027 0.7591317 0.7339127 0.3299528 19.91963 1.247948 1 0.9910058 0.027163432199449687 0.11455070912522759 1.0 1.0
-0.04610324 0.04675766 -13.91699 8.768628 1.012529 0.9320747 0.5089065 20.12646 1.457947 0 0.0 0.06566420263106224 16.449056132875345 1.0 0.0
-0.01447694 0.007943418 -0.5823705 -0.355899 0.2766503 0.24304 0.4454458 18.53596 1.271801 1 0.9994447 0.01651301551159945 0.6825097050381409 1.0 1.0
-0.005855457 -0.07025636 -7.630045 13.30752 1.18255 1.140017 0.3421933 20.45796 1.985567 0 0.0 0.07049994678812495 15.339741694449257 1.0 0.0
0.02557498 0.007757534 -3.471427 -2.719184 0.5059742 0.4428813 0.507508 19.39351 1.450235 0 0.0 0.026725623206233305 4.4096220974347675 1.0 0.0
-0.04637016 0.03929521 -2.471209 -4.700575 0.9331644 0.8247595 0.6074103 20.09042 2.11426 1 0.0001276372 0.06078079686356292 5.310581818624584 1.0 0.0
-0.07682648 -0.01697331 2.261977 5.318101 1.296423 1.251997 0.4550633 20.65885 1.836321 0 0.0 0.07867910320756395 5.779164143258955 1.0 0.0
-0.01640989 -0.01623399 -3.356134 0.398994 1.104363 1.269132 0.3321712 20.26157 1.510317 1 0.5834726 0.02308304401789764 3.3797679858226957 1.0 1.0
-0.02984091 -0.01803118 0.463108 0.1409641 0.7993356 0.6945099 0.4256574 19.86248 0.8905354 0 0.0 0.03486550389454453 0.48408666285367746 1.0 0.0
-0.003096762 0.004916943 -0.3640193 -0.1751001 0.7030529 0.6367113 0.4740296 19.83643 0.773098 0 0.0 0.005810874577023066 0.40394318386686506 1.0 0.0
-0.02870486 -0.01178476 0.08955452 0.009888922 0.247047 0.2146941 0.3581607 18.22587 1.324463 1 0.9793794 0.031029817206635297 0.09009885032980434 1.0 0.0
0.0792303 0.01523315 -12.40775 -28.86921 1.913275 1.549238 0.6850097 20.84367 2.767736 0 0.0 0.0806814061417654 31.42265975512894 1.0 0.0
0.06248843 -0.04770726 -1.323968 -0.9631141 0.7756693 0.6521074 0.5472684 19.90405 0.9325085 1 0.8328878 0.07861797848184918 1.6372171617237616 1.0 0.0
0.02800602 0.01742142 0.2146932 -0.2553544 1.07696 0.9519584 0.4618617 20.29992 1.161108 0 0.0 0.03298246550906708 0.33361510716033227 1.0 0.0
-0.06553275 -0.01483511 0.0399658 0.3260093 0.577503 0.5016806 0.4357232 19.43871 0.9806118 1 0.9097605 0.06719093548444315 0.32844988789179086 1.0 0.0
0.008166283 -0.01060874 -0.7408639 -0.4693959 0.6554258 0.581526 0.4737007 19.70883 0.8902149 0 0.0 0.013387813205437587 0.8770472217959646 1.0 1.0
-0.02449988 0.0175278 -0.06142779 0.5010723 2.737311 2.526254 0.5771428 20.8926 0.9407787 0 0.0 0.03012420775480079 0.5048235565141291 1.0 1.0
0.04389243 0.03659389 -15.04439 -9.382766 0.8002251 0.6660131 0.4410066 19.91604 2.415911 0 0.0 0.05714593770896581 17.730481332520444 1.0 0.0
-0.04649836 -0.008111906 -4.602606 -8.788996 1.444213 1.219361 0.5590063 20.63452 1.224371 1 0.0 0.04720064090287796 9.921211250611085 1.0 0.0
-0.008238633 0.07988348 -9.294809 -5.520233 1.194797 0.9918552 0.5995661 20.27069 -0.2778263 0 0.0 0.08030719426439384 10.810478561135488 1.0 0.0
-0.02833342 0.01001809 -0.5103695 -0.7756457 0.3913562 0.3378147 0.4985509 18.92335 0.9949398 1 0.9969519 0.030052367895799827 0.9284951687858908 1.0 1.0
0.0112169 0.01006133 0.3294463 -1.016104 1.041709 0.9404165 0.4855309 20.39685 0.9594727 1 0.9891873 0.015068152075782219 1.0681770468418097 1.0 1.0
0.04790638 -0.05127775 -3.686352 -12.15024 1.127048 1.078494 0.4715936 20.48261 2.226376 1 0.0 0.07017427512818995 12.697146259120748 1.0 0.0
-0.008743278 -0.008505867 -6.631644 -8.013823 1.744327 1.494257 0.4964032 20.78201 1.151625 0 0.0 0.012198142629391288 10.401925841788385 1.0 0.0
0.003640005 0.008907125 -0.9519158 -1.097891 0.3310498 0.2816786 0.4816329 18.76568 1.271521 1 0.9962601 0.009622188533054734 1.4531030032900762 1.0 1.0
0.05342147 -0.05270028 -0.6846268 -0.303735 0.9235208 0.8111712 0.4949595 19.99459 0.935358 0 0.0 0.07504114184258726 0.7489785080382748 1.0 0.0
-0.03575023 -0.002242194 -4.071158 -12.9129 1.592012 1.481588 0.4335462 20.51982 1.148424 0 0.0 0.03582047429873781 13.539472436951302 1.0 0.0
0.03930338 0.06452229 -13.53588 -18.7083 1.945317 1.59339 0.6382238 20.78895 1.032608 0 0.0 0.07555052340168464 23.091568510267987 1.0 0.0
-0.0502443 0.04877751 -1.69071 1.869148 0.1075022 0.09673624 0.4748224 16.7726 0.9437428 1 0.0 0.0700266746625177 2.5203600040478342 1.0 0.0
-0.03861492 0.05310192 -2.783519 1.420148 0.5799828 0.5034059 0.5269851 19.50985 1.286072 1 0.0 0.06565764200984375 3.1248677356433823 1.0 0.0
-0.003612831 -0.002155498 -1.137658 0.7367118 1.16483 1.039038 0.5181384 20.46025 0.7941666 0 0.0 0.004206984604507723 1.3553634203501437 1.0 0.0
0.01916686 -0.04055627 -4.026679 7.507427 1.730312 1.483324 0.6413961 20.58607 1.060101 0 0.0 0.044857324469617 8.519131641744362 1.0 0.0
-0.04361491 0.03459493 -0.2245625 -2.639721 0.4096086 0.3621144 0.5144258 19.07579 1.076809 1 0.0 0.0556692873675692 2.649255607571163 1.0 0.0
-0.001872926 0.03893544 -1.743765 -7.442055 1.507027 1.501101 0.3930919 20.83716 2.238056 0 0.0 0.03898046100028931 7.643618187628815 1.0 0.0
0.02659137 0.01386117 -0.4545543 -0.1397202 1.764736 1.396931 0.6299612 20.68402 0.711235 1 0.9706314 0.02998721381265355 0.47554321142934003 1.0 1.0
-0.02735916 0.02059612 -6.349411 -6.224956 1.067762 0.9090681 0.583416 20.34792 1.884518 0 0.0 0.03424505504390379 8.89185566959209 1.0 0.0
0.02098935 0.01905522 -2.957323 -15.85679 1.161094 1.051905 0.4730589 20.45083 1.977964 0 0.0 0.028348795788726195 16.130206087661403 1.0 0.0
0.05880348 0.001333445 0.1458862 -0.02385824 1.710583 1.656914 0.5352917 20.79502 0.5156841 0 0.0 0.05881859685234275 0.14782421644080376 1.0 0.0
0.0596382 0.02131792 0.5137991 -6.268295 0.4809732 0.3797437 0.4626696 19.15047 1.314819 1 0.0 0.06333378728898502 6.289317269957512 1.0 0.0
0.02218843 -0.03026107 -0.5684227 -0.568873 0.4063049 0.3650078 0.4482433 19.06702 1.201391 1 0.9961535 0.03752410936197953 0.8041895647198426 1.0 0.0
0.03656784 0.03177264 -3.390824 6.803345 0.6947888 0.6053726 0.4993899 19.88599 2.140518 1 0.0 0.04844282789882523 7.601525543468298 1.0 0.0
-0.04016294 0.05032606 -9.9963 -13.20437 0.3886892 0.3451255 0.4918513 19.04985 2.334026 1 0.0 0.06438768565934949 16.56144319758698 1.0 0.0
0.07681424 -0.02991468 -3.523191 -8.55359 0.6301852 0.5593264 0.5077199 19.65208 1.24292 0 0.0 0.08243370394614087 9.250771681896651 1.0 0.0
0.04403022 0.01158762 1.175747 0.8629345 1.160709 0.9736735 0.4991756 20.43051 1.248697 1 0.9211925 0.04552947628199561 1.458436477635982 1.0 0.0
0.03584799 -0.07081802 -14.36954 -1.33317 1.454232 1.407419 0.4121505 20.59966 1.684256 0 0.0 0.07937424231928453 14.431251576370638 1.0 0.0
0.01375396 -0.0148752 -4.02488 -3.628704 0.5807038 0.5229213 0.4409582 19.60793 0.8124943 1 0.0 0.020259392654312224 5.419146771772841 1.0 0.0
0.063287 0.04429202 -2.032949 -2.523371 0.6629286 0.5716212 0.4511485 19.78185 0.7124844 1 0.0356653 0.07724653652223121 3.240413992106873 1.0 0.0
0.03060832 -0.03834337 -1.339677 -0.4270493 1.535702 1.302595 0.5856806 20.57381 0.9253044 0 0.0 0.04906203497796744 1.4060958605157368 1.0 0.0
0.06204743 -0.05241663 -1.587728 -1.908125 2.550484 3.117795 0.5228454 20.93353 0.8983192 0 0.0 0.08122429852058927 2.482301596826824 1.0 0.0
0.06764012 -0.01889138 0.04529286 1.80039 2.134521 1.746867 0.5684915 20.87815 0.9268131 0 0.0 0.07022869834988257 1.8009596317705123 1.0 0.0
-0.01285399 0.03157345 0.2313748 -4.795084 0.9696152 0.8935898 0.3846259 20.29441 0.7371807 1 0.0001483112 0.03408970231349344 4.800662961001432 1.0 0.0
0.04748038 0.008098866 -4.45925 -6.62415 0.2978599 0.2537174 0.4763258 18.63467 1.020567 1 0.0 0.048166151137810004 7.985253520396206 1.0 0.0
0.001797243 0.0228708 -5.063956 -1.94525 0.7955232 0.7266114 0.4667471 20.03286 0.6362648 0 0.0 0.022941307178124114 5.424725608953508 1.0 0.0
0.03836378 0.04454265 7.886744 -8.571687 0.9285585 0.8097687 0.5319544 20.29742 2.106182 0 0.0 0.0587862848367789 11.647941833109616 1.0 0.0
0.06158783 0.007690466 -8.206076 -2.181575 0.8011499 0.6855317 0.5206798 20.04087 1.238111 1 0.0 0.062066126602246224 8.491110221779069 1.0 0.0
-0.04312538 0.05011874 -0.2987475 0.0181107 0.7455732 0.6414051 0.5606367 19.77417 0.7941303 1 0.9362226 0.06611873032153597 0.2992959508759515 1.0 0.0
0.004656493 0.03886301 -0.5574726 -0.1898401 0.6660016 0.5853488 0.5549657 19.72215 1.194448 1 0.9885052 0.03914098201781797 0.5889099789600869 1.0 0.0
0.03633099 0.03780745 -0.6356643 -0.0175274 0.7036903 0.5885321 0.5032158 19.88839 0.8708229 1 0.9640922 0.05243418836868365 0.6359058987344354 1.0 0.0
-0.02904462 -0.01681726 -0.05855274 -0.6727387 0.785769 0.7344565 0.3548136 19.94688 0.9161415 1 0.9864767 0.033562034873529344 0.675282001714245 1.0 0.0
-0.01730775 0.001812455 -0.5989028 -0.9640564 0.7495023 0.6576416 0.4987532 19.83571 0.8043766 0 0.0 0.017402390732009353 1.134940221434063 1.0 1.0
0.03906159 0.016685 -7.19187 -1.373002 1.326215 1.105444 0.5526111 20.56237 2.201462 0 0.0 0.04247584064298316 7.321757206361325 1.0 0.0
-0.007563057 0.01509085 -0.7929768 -1.056157 0.3224215 0.2890334 0.4133289 18.72777 1.11758 0 0.0 0.01687997585625492 1.3207118588046523 1.0 1.0
0.05263973 0.008421458 -1.036764 -1.062713 0.6402714 0.5256106 0.5626098 19.68693 1.088152 1 0.9628093 0.05330911863198138 1.4846678120256398 1.0 0.0
-0.05175779 0.006705583 -2.404107 -1.620066 0.3886213 0.3503109 0.4014048 18.91517 1.561508 1 0.001970131 0.05219035992454917 2.899024717349785 1.0 0.0
0.005128816 0.01080306 -0.7215522 0.3725648 0.7129412 0.5980165 0.5331382 19.82985 0.8969688 0 0.0 0.011958714768964766 0.812060408789814 1.0 1.0
0.001635193 0.01081063 -0.4971465 -2.297782 2.934567 1.824425 0.3605625 20.85767 0.630991 0 0.0 0.010933598545042203 2.3509480559949107 1.0 1.0
-0.06568741 0.009680093 0.3526643 -0.9404192 0.5389598 0.4745174 0.4790972 19.40191 1.110298 1 0.7046845 0.06639683752255637 1.0043706388695013 1.0 0.0
-0.05351288 0.06213069 -10.14848 4.151006 0.5800212 0.5110597 0.4921458 19.53246 2.489214 1 0.0 0.08199909124966263 10.964602004743993 1.0 0.0
-0.008772539 -0.003052756 -0.4186405 -0.3098915 0.3627883 0.3089923 0.487382 18.80945 1.211603 1 0.9994459 0.009288528392703388 0.5208575717146675 1.0 1.0
-0.05824577 5.822986e-05 -2.736355 -13.66352 0.1361169 0.1238687 0.3868568 17.366 0.9647903 1 0.0 0.0582457991069699 13.934827500777503 1.0 0.0
0.01100691 0.08020976 0.5238207 -3.485578 1.274759 1.081629 0.5868884 20.50102 1.82556 0 0.0 0.08096145791057434 3.5247187291800306 1.0 0.0
-0.01011493 -0.0214548 -14.32282 14.75078 3.297866 2.771825 0.5150307 20.99408 2.346487 0 0.0 0.02371961744937932 20.56036680997691 1.0 0.0
-0.02578222 0.01824225 -2.548333 1.493339 2.463133 2.115639 0.6282869 20.93603 0.7653427 0 0.0 0.031583263814731054 2.9536523911608152 1.0 0.0
-0.003361965 0.01404742 -0.7448219 -3.932869 0.8971903 0.7474431 0.5402469 20.16296 0.9026775 0 0.0 0.014444127433584385 4.0027763157439376 1.0 1.0
0.06766545 0.04096408 -23.25736 -11.33878 1.519987 1.28645 0.55819 20.63913 2.095545 0 0.0 0.07909910855344009 25.87417102165787 1.0 0.0
-0.006194567 -0.06812298 0.1547339 -1.736542 1.452584 1.406411 0.3155986 20.68023 0.5780468 1 0.6625614 0.06840404274893326 1.7434221226006081 1.0 0.0
0.0003380119 -0.007999644 -0.5491153 -0.28941 0.5685139 0.4896184 0.4679089 19.48739 1.160046 1 0.9986841 0.008006781886081175 0.6207139121963434 1.0 1.0
-0.004556443 -0.008202729 -1.310329 1.184004 2.702904 1.984468 0.659714 20.82283 0.7968674 1 0.9647428 0.009383279589764445 1.7660202604321957 1.0 1.0
