jas1101finalproject/data/gcs/Pal_12.ecsv
# %ECSV 0.9
# ---
# datatype:
# - {name: x, unit: deg, datatype: float64}
# - {name: y, unit: deg, datatype: float64}
# - {name: pmx, unit: mas / yr, datatype: float64}
# - {name: pmy, unit: mas / yr, datatype: float64}
# - {name: pmx_e, unit: mas / yr, datatype: float64}
# - {name: pmy_e, unit: mas / yr, datatype: float64}
# - {name: pm_corr, datatype: float64}
# - {name: g_mag, unit: mag, datatype: float64}
# - {name: bp_rp, unit: mag, datatype: float64}
# - {name: filter, datatype: int64}
# - {name: memberprob, datatype: float64}
# - {name: r, unit: deg, datatype: float64}
# - {name: pm, unit: mas / yr, datatype: float64}
# - {name: member_prob_GMM, datatype: float64}
# meta: !!omap
# - comments: [deg deg mas/yr mas/yr mas/yr mas/yr dimless mag   mag   zeroone float]
# - __serialized_columns__:
#     bp_rp:
#       __class__: astropy.units.quantity.Quantity
#       unit: &id001 !astropy.units.Unit {unit: mag}
#       value: !astropy.table.SerializedColumn {name: bp_rp}
#     g_mag:
#       __class__: astropy.units.quantity.Quantity
#       unit: *id001
#       value: !astropy.table.SerializedColumn {name: g_mag}
#     pm:
#       __class__: astropy.units.quantity.Quantity
#       unit: !astropy.units.Unit {unit: mas / yr}
#       value: !astropy.table.SerializedColumn {name: pm}
#     pmx:
#       __class__: astropy.units.quantity.Quantity
#       unit: !astropy.units.Unit {unit: mas / yr}
#       value: !astropy.table.SerializedColumn {name: pmx}
#     pmx_e:
#       __class__: astropy.units.quantity.Quantity
#       unit: !astropy.units.Unit {unit: mas / yr}
#       value: !astropy.table.SerializedColumn {name: pmx_e}
#     pmy:
#       __class__: astropy.units.quantity.Quantity
#       unit: !astropy.units.Unit {unit: mas / yr}
#       value: !astropy.table.SerializedColumn {name: pmy}
#     pmy_e:
#       __class__: astropy.units.quantity.Quantity
#       unit: !astropy.units.Unit {unit: mas / yr}
#       value: !astropy.table.SerializedColumn {name: pmy_e}
#     r:
#       __class__: astropy.units.quantity.Quantity
#       unit: &id002 !astropy.units.Unit {unit: deg}
#       value: !astropy.table.SerializedColumn {name: r}
#     x:
#       __class__: astropy.units.quantity.Quantity
#       unit: *id002
#       value: !astropy.table.SerializedColumn {name: x}
#     y:
#       __class__: astropy.units.quantity.Quantity
#       unit: *id002
#       value: !astropy.table.SerializedColumn {name: y}
# schema: astropy-2.0
x y pmx pmy pmx_e pmy_e pm_corr g_mag bp_rp filter memberprob r pm member_prob_GMM
[from data line 227]
0.006551395 -0.007435799 -1.791862 -2.581962 1.691862 1.686568 0.2075443 20.48716 0.5064831 0 0.0 0.00991019087679072 3.142816761519513 1.0
0.01050519 -0.0001175315 -1.931354 -4.82393 1.196401 1.076536 0.08301713 20.01606 0.5918674 0 0.0 0.010505847447473822 5.196193695217298 1.0
0.008997559 -0.003274094 -4.384058 -3.798369 1.795912 1.594065 0.02988401 20.51854 0.2630596 0 0.0 0.00957474592244186 5.800652688062352 1.0
-0.005592834 -0.007231674 -4.430568 -1.92954 1.735788 1.307727 0.1105986 20.32293 0.9718361 0 0.0 0.009142040308040214 4.832500120457732 1.0
0.01010682 -0.002671443 -3.613053 -2.825609 1.358473 1.277921 0.1490992 20.22928 1.094748 0 0.0 0.010453918797018132 4.586743747114068 1.0
0.01323608 0.004734543 -2.61169 -3.952234 1.21057 1.206017 0.2466633 20.19398 0.6283035 0 0.0 0.014057372129429065 4.737201520608554 1.0
0.04052227 0.03828936 -12.30438 -2.121364 2.358447 2.154076 -0.009345117 20.85445 0.943079 0 0.0 0.05575060049149695 12.485910155246835 1.0
0.004362211 0.01813229 -2.766638 -4.922131 1.105298 1.022239 0.1312315 19.93612 0.94771 0 0.0 0.018649633386547335 5.646384631266719 1.0
0.05942111 -0.01170484 -0.4935952 -3.166912 0.1478999 0.1348891 0.231873 16.51846 0.8569565 1 0.0 0.060562955616925596 3.205147085112794 1.0
0.03454313 0.01810351 2.003333 -6.500219 0.8926827 0.6943372 -0.1094278 19.31965 0.655859 1 0.0 0.03899955005531474 6.801925474220517 1.0
-0.006787035 -0.01405431 -4.122164 -4.814657 1.78729 1.351888 0.1309349 20.23178 0.5962982 0 0.0 0.01560728911974546 6.3382298846401115 1.0
0.004276037 -0.01067439 -14.04916 0.4609523 2.168581 1.591018 0.0746588 20.11702 0.2624664 0 0.0 0.011499004056763743 14.056719877996976 1.0
-0.0152869 -0.04821556 3.562133 -3.778425 0.1580809 0.1315158 0.2444381 16.53063 0.7935085 1 0.0 0.05058092068876959 5.19281108748566 1.0
-0.02206448 0.02218763 -3.882162 -7.077556 0.2668178 0.2616889 0.3764176 17.71341 1.086958 1 0.0 0.031291088231113026 8.072359055900574 1.0
0.01249797 0.02145824 -3.115625 -2.552593 1.393822 1.073871 -0.1610463 19.91599 0.7653389 0 0.0 0.024832545540449533 4.027759943724799 1.0
0.02384933 0.02922166 -0.3558321 -3.269607 1.291225 0.999588 -0.152507 19.81285 0.8531837 1 0.8842115 0.03771864200371614 3.2889126497733883 1.0
9.533301e-05 -0.008297775 -8.49353 -4.846434 2.265453 1.583092 0.01759152 20.54529 1.17366 0 0.0 0.008298322621676062 9.778955689502638 1.0
-0.007613683 0.02275557 -3.389517 -3.002862 0.1866717 0.1789251 0.360678 16.90984 1.049133 1 0.9994383 0.02399550238793489 4.528355737387799 1.0
-0.02038209 -0.007089926 -3.396273 -3.279264 0.4671432 0.369177 0.3521062 18.28302 0.1307774 1 0.9996389 0.021580005640721597 4.721042540819241 1.0
-0.02780368 -0.01492462 -4.282639 -3.014016 1.516077 1.123267 0.2638454 19.96527 0.970459 1 0.992054 0.03155612307757086 5.236916005873781 1.0
0.02517292 -0.04948721 6.329249 -20.05304 1.511177 0.9291614 -0.200495 19.71057 2.398462 1 0.0 0.055521706159938025 21.028166970651554 1.0
-0.03272351 -0.01570192 -3.17149 -3.287136 0.1434129 0.1176143 0.3439064 15.98762 1.237891 1 0.9998732 0.036295707713261356 4.567670292676125 1.0
0.02902595 0.02467552 -2.116776 -3.203528 1.114584 1.111069 0.2463425 20.09115 1.067776 1 0.9821383 0.038097074174704024 3.8397047127298736 1.0
0.02452728 0.0003423796 -8.324897 -1.428136 1.453827 1.07874 -0.1859174 19.91843 1.045681 1 0.8436564 0.024529669545040676 8.446507118040273 1.0
0.002485003 0.03066171 -0.2148388 -2.189261 2.077558 2.179192 0.3615709 20.56751 0.8954697 0 0.0 0.030762244717089632 2.199777133281106 1.0
-0.002038005 0.01270212 -1.536144 -4.60185 1.611092 1.187003 -0.3221407 19.54731 0.779953 0 0.0 0.012864576047209057 4.851470067024633 1.0
0.001488895 -0.0112084 -0.8373305 -2.7569 1.626083 1.106165 -0.06939714 19.7797 0.6226444 0 0.0 0.01130685804638163 2.881253195439486 1.0
0.01713319 0.008218868 -1.998631 -0.1820465 1.43518 1.377308 0.1444586 20.20312 0.6531563 0 0.0 0.019002525905192816 2.0069047815786503 1.0
0.009082219 -0.01403727 -0.2931301 0.2995359 3.4713 2.750631 0.1562167 20.55261 0.9129086 0 0.0 0.01671920007108178 0.4191026257551007 1.0
-0.03921344 0.006034546 10.376 -5.062094 2.230716 1.683004 0.235838 20.48127 2.004015 0 0.0 0.03967505037249123 11.544963043025993 1.0
0.002740339 -0.006836772 -2.986026 -3.813443 0.4865932 0.463367 0.2558573 18.60318 0.9987755 1 0.9995343 0.00736552165259902 4.843418089213959 1.0
0.01406396 0.03655476 -2.869317 -3.268119 0.860179 0.6685301 -0.07925469 19.1922 0.9181366 1 0.9941617 0.039166892262971285 4.348974803864699 1.0
0.009939629 0.04863433 -0.9644116 -14.70303 0.63574 0.5901062 0.121713 19.07522 1.769958 1 0.0 0.04963964422925028 14.734625238366755 1.0
0.04465083 0.04940038 -5.49567 2.837639 0.6716926 0.6260529 0.2008904 18.92733 2.510939 0 0.0 0.06658899431462605 6.18502900908484 1.0
-0.01881989 0.008945362 -2.323707 -2.601395 1.917372 1.911441 0.2044781 20.59284 0.9123192 0 0.0 0.020837652481101223 3.4881040936121734 1.0
-0.00886447 0.008366463 -3.012746 -2.782261 0.2134034 0.2073658 0.4805744 16.76798 1.06426 0 0.0 0.012189197328424418 4.100928520790993 1.0
0.04109267 0.04332842 7.855769 -6.710545 0.5137162 0.4883019 0.215119 18.9166 1.779377 1 0.0 0.05971565546341512 10.331723998364744 1.0
0.0003797449 -0.006142472 -3.086123 -2.704819 0.3915127 0.3847196 0.2794658 18.49141 0.8404408 0 0.0 0.0061541992541564675 4.103681395270593 1.0
-0.01167902 -0.009209951 -5.214765 -2.322378 2.21576 1.5646 0.02793531 20.53552 0.334219 0 0.0 0.014873557260548028 5.708521137747412 1.0
-0.005936183 0.04390242 -2.854102 -4.676202 1.438875 1.526534 0.3453619 20.3127 0.9326324 1 0.9499481 0.044301927164242964 5.47839058220642 1.0
0.01116388 0.05960722 5.762882 -10.48068 1.444011 1.183992 -0.09986045 19.7571 2.115154 0 0.0 0.06064365500844091 11.960579509719585 1.0
0.004050565 0.06398876 2.627657 -2.646303 0.5903037 0.6017396 0.3687436 18.90606 1.913078 1 0.0 0.06411683463145093 3.7292761868032787 1.0
-0.003063112 0.06561385 -0.2108735 -6.209249 0.3640387 0.3947217 0.5150728 18.05524 1.00621 1 0.0 0.06568531013055388 6.212828725870628 1.0
0.05828387 -0.01081365 -1.645187 -3.921324 1.189864 1.122567 0.1799821 20.08361 0.7752037 0 0.0 0.05927853345435766 4.2524607203294655 1.0
-0.009290073 -0.008347659 -6.29397 -4.262588 2.12728 1.457583 -0.01106508 20.42751 0.8272591 0 0.0 0.012489550317189567 7.601560025326643 1.0
0.0006641237 -0.01316724 -3.529708 -3.410096 1.105387 0.748084 -0.1017783 19.45553 1.102795 1 0.99904 0.013183977757357667 4.907911296517083 1.0
0.01782162 0.05604364 0.8914738 12.37707 1.432001 1.115562 -0.1093094 19.75712 2.209215 0 0.0 0.058809010567038106 12.40913322198559 1.0
0.007773862 -0.01666933 -3.322101 -3.649938 0.1892255 0.1582719 0.2437634 16.91644 1.180216 1 0.9995852 0.01839291964436163 4.935423229880595 1.0
-0.007501718 0.05860991 -3.476563 -3.002278 0.4898609 0.5266514 0.4945548 18.59294 1.093618 1 0.9900742 0.0590880472105791 4.593491426165178 1.0
0.002967664 -0.01686371 2.170378 1.935198 1.471962 0.9015649 -0.248301 19.72877 0.434761 0 0.0 0.0171228427716018 2.9078397414726966 1.0
0.03062207 0.03954679 -11.91669 -20.98273 1.872034 1.39507 -0.3934134 19.8293 1.147421 0 0.0 0.05001659494996635 24.130529600673913 1.0
0.004816391 -0.01095861 -2.120015 -2.395509 1.412118 0.9054874 -0.1570911 19.70407 0.6100712 0 0.0 0.011970328124031563 3.1988946480473532 1.0
0.01400401 0.004372076 -3.679997 -2.799138 1.26536 1.28866 0.2418902 20.28035 0.601305 0 0.0 0.014670628637855844 4.6235864286344865 1.0
0.006210441 0.0005083225 -5.491601 -3.687985 2.915165 2.532665 0.0371349 20.77567 0.3748837 0 0.0 0.0062312092870073985 6.615052146689851 1.0
-0.02467441 -0.02051641 5.636555 -2.434068 0.27792 0.2246636 0.3366388 17.42722 0.9081211 1 0.0 0.032089711562059885 6.139661171159937 1.0
0.0002375585 0.005530502 -2.078862 -1.11762 1.506328 1.178851 -0.06040368 19.90871 0.7253971 0 0.0 0.005535601720944729 2.360241868843954 1.0
-0.01893312 0.004690052 9.244172 -3.77408 0.3949783 0.3695376 0.3013823 18.24287 0.9209881 1 0.0 0.0195053741491186 9.984908402783875 1.0
0.05970595 -0.01062158 -1.427719 -4.652453 1.507443 1.173576 -0.06272225 19.80801 1.047548 0 0.0 0.06064337084215306 4.866590229325868 1.0
0.01206842 -0.01345193 -2.111444 -3.385115 1.548017 1.371311 0.1763524 20.38504 0.9998722 1 0.9946047 0.018072110613353936 3.9896364907546404 1.0
-0.009376262 0.005268897 -2.295916 -3.172279 1.012614 0.8025098 -0.07040933 19.48091 0.8665123 1 0.9985929 0.01075525753709566 3.9159397764645205 1.0
0.006494741 -0.002284048 -3.348431 -3.882951 1.527214 1.223633 0.009733058 19.81018 0.405262 0 0.0 0.0068846594631386815 5.127309102264267 1.0
-0.04023085 -0.01794682 -4.960077 -5.344612 1.601457 1.150997 0.1261052 19.64436 1.016857 0 0.0 0.04405235112720886 7.291587020427926 1.0
0.003195522 -0.0009335369 -2.866886 -1.763156 1.300999 1.020529 -0.0682165 19.80943 0.5737343 0 0.0 0.003329091767456345 3.3656729516297332 1.0
0.01280876 -0.00291198 3.983502 -5.343646 2.480824 2.09933 -0.04700493 20.6199 0.125597 0 0.0 0.013135598968375977 6.665046193187261 1.0
-0.002066307 0.002551209 -1.0145 -4.710788 1.192466 0.9302448 -0.1096836 19.70692 0.7499485 0 0.0 0.003283030913642148 4.818789664526145 1.0
0.03416474 -0.01896 -1.55815 -1.785922 1.51333 1.659893 0.4035556 20.42253 0.5410976 0 0.0 0.03907315010678816 2.370094684307781 1.0
-0.003147158 0.003808133 0.233402 -4.598108 3.406322 2.597882 -0.3956394 20.6398 nan 0 0.0 0.004940291532152025 4.6040279835452775 1.0
0.01448745 0.003427892 -6.533276 -3.432203 2.345846 1.82473 -0.1569023 20.53004 0.2590828 0 0.0 0.014887466240638936 7.379953436532306 1.0
0.01115974 0.00486823 -2.963874 -5.179562 1.579875 1.16979 -0.3241177 19.89478 0.7018147 1 0.9923571 0.012175362836503065 5.967613559851207 1.0
-0.01847497 -0.01969343 1.517012 -3.483844 3.670835 2.748474 0.5740931 20.70911 1.041063 0 0.0 0.027002883210238866 3.7998018927938864 1.0
0.0297286 -0.0175743 -1.577384 -3.360853 1.480203 1.479419 0.2759624 20.27617 0.8653336 0 0.0 0.03453470252441738 3.712610021408793 1.0
-0.02200495 0.004516057 -3.578688 -4.494632 1.261339 1.296788 0.3630393 20.13477 0.8689461 0 0.0 0.02246358375971539 5.745321976771015 1.0
0.04511393 -0.01782808 -3.481503 -2.996037 0.2823195 0.275179 0.2875966 17.84203 1.135096 1 0.9967077 0.048508835448104706 4.593158046962677 1.0
-0.001241318 -0.01522718 3.833154 -4.500437 3.080815 1.944423 -0.2351311 20.64109 0.9120846 1 0.8976932 0.015277692271070393 5.911599003542527 1.0
0.02034641 0.001474074 0.7559654 -6.723487 2.270609 1.710992 -0.2013412 20.56346 0.6106358 0 0.0 0.02039973759746865 6.765852579325548 1.0
0.006381291 0.005049712 -4.522297 -3.590356 1.525072 1.11981 -0.3373971 19.80182 0.9873524 0 0.0 0.008137595843344949 5.774238162991288 1.0
0.04667944 -0.0135046 -2.952741 -3.729066 1.312837 1.324915 0.248946 20.28767 0.4682236 1 0.9670563 0.04859366563528214 4.75653367962816 1.0
0.01104579 0.002567976 -2.967009 -2.602081 1.669214 1.150765 -0.2375685 19.84732 0.6129246 0 0.0 0.01134036937055738 3.946386693754427 1.0
0.02822594 0.00641853 -3.948255 -2.679899 2.344018 2.247438 0.1593809 20.59584 0.2269764 0 0.0 0.02894652338786992 4.771852490933265 1.0
-0.0122491 0.00616514 -4.488994 -4.863452 1.638669 1.653039 0.3278412 20.28692 0.7414913 0 0.0 0.013713110589126014 6.618476598760473 1.0
-0.009688439 -0.005349333 -2.938205 -2.980439 0.2437893 0.1714451 0.06994009 16.9695 1.198191 1 0.9997049 0.011067123104113825 4.185219857396502 1.0
0.004760079 0.006613799 -4.803669 -0.4954471 1.728775 1.229833 -0.4142157 19.90462 1.080273 0 0.0 0.008148661810300021 4.829151446212824 1.0
-0.01605822 -0.01499535 -5.65729 -3.464413 1.466439 1.068483 0.05098543 20.03974 0.6739616 1 0.9938657 0.021971048022133583 6.633783805541826 1.0
0.006238544 -0.00750445 0.571199 -1.60921 2.597224 2.242521 0.0438398 20.63191 0.6080074 0 0.0 0.00975890368035447 1.7075787307474288 1.0
0.02025879 -0.0152362 -3.57019 -2.569676 0.5445891 0.5191279 0.1920821 18.91847 1.099119 1 0.9978853 0.0253487743826817 4.398805676666792 1.0
0.02191097 0.002940601 -3.757529 -2.280728 2.126317 2.094887 0.2435045 20.52851 0.5482159 0 0.0 0.022107413701790195 4.39553687230866 1.0
-0.002464338 -0.007490987 -4.241965 -4.36657 0.7029202 0.5294747 0.09746054 19.00941 0.5156841 1 0.9970961 0.007885927213233267 6.087791112228228 1.0
0.03792012 -0.01318165 -1.824788 -7.753994 0.4521661 0.4474218 0.2962075 18.5331 0.8457336 1 0.0 0.04014587646990535 7.965819116511496 1.0
-0.009403459 -0.01424519 -20.46211 10.48971 2.760558 1.959218 0.1619411 20.18109 0.5307388 0 0.0 0.01706899174821937 22.994172338577442 1.0
0.01070499 0.009617561 -3.952056 -5.031303 1.960462 1.524114 -0.1316596 20.33908 0.6281662 1 0.9925177 0.01439077101787187 6.397871247918717 1.0
0.001005476 -0.002076007 -3.761455 -1.774211 0.9203833 0.7117073 -0.07213847 19.38994 0.8774891 0 0.0 0.0023066831274852206 4.15889028342249 1.0
-0.008209462 -0.005969131 -1.806465 -2.995895 1.460309 0.8928894 -0.2159325 19.6544 0.9815884 1 0.9973945 0.010150162127996036 3.498385720192958 1.0
0.01101776 0.008068771 -7.134747 -2.465264 1.4176 1.09829 -0.102176 19.93216 0.8275261 0 0.0 0.013656357525637684 7.548651624211108 1.0
0.009026135 -0.001065386 -2.97857 -3.503163 0.175538 0.1580776 0.1889452 16.81483 1.006283 1 0.9997882 0.009088793119398251 4.598263829911133 1.0
-0.003146731 -0.01615609 -3.57584 -3.498182 1.667799 1.018412 -0.2174003 19.81445 0.9242287 0 0.0 0.016459682866764507 5.00239032970479 1.0
-0.03535196 0.03450079 -4.646144 -16.61435 3.049826 2.570417 0.01738494 20.63989 2.305458 0 0.0 0.04939702001604652 17.25176164892258 1.0
0.006665683 0.004158968 0.8027534 -8.300885 1.682398 1.177113 -0.3018648 19.82036 0.5873241 0 0.0 0.007856738807005933 8.33961059069526 1.0
0.001801519 -0.02892385 4.820768 -4.286646 0.9498801 0.5699737 -0.1522351 19.05723 1.022844 1 0.0 0.028979899405102514 6.45097961856492 1.0
-0.01270458 0.01057108 -0.6221309 1.273113 2.407983 2.018629 -0.08796893 20.52423 0.5986042 0 0.0 0.01652737381869243 1.4169910259080014 1.0
0.01033476 0.003140232 -5.403155 -2.907724 1.432411 1.053633 -0.2778095 19.58462 0.7332191 0 0.0 0.010801311090391943 6.135873435314731 1.0
0.04821636 -0.009884951 -1.897119 -10.69863 1.625091 1.541216 0.1279151 20.46933 0.9776993 1 0.0004483001 0.04921919978953336 10.865530101060923 1.0
-0.04384245 -0.0183503 17.86143 -14.54538 2.42642 1.944582 0.3862234 20.43695 2.301033 0 0.0 0.0475278227156736 23.03472945335586 1.0
-0.003772895 0.003481962 -3.947385 -2.843265 1.335952 1.25174 0.1302206 20.21612 0.9441624 0 0.0 0.0051340818118207855 4.864771751937598 1.0
-0.01031369 -0.01181529 -0.5375318 -4.009246 2.096617 1.536443 0.09132377 20.44058 0.8643208 0 0.0 0.01568353529023989 4.045119766400896 1.0
-0.01395391 -0.01284174 -3.653124 -3.697689 2.0973 1.574532 0.07081111 20.40746 0.891037 0 0.0 0.01896369928351797 5.1979052415465405 1.0
0.01644828 -0.01200276 -3.239074 -3.063991 0.1788405 0.1642339 0.2106782 16.90804 0.987484 1 0.9998713 0.020362027467224375 4.458659128657068 1.0
0.01266608 -0.008471888 -4.581469 -3.360873 1.257845 0.9571954 -0.1711926 19.72536 0.6801777 0 0.0 0.015238191127917513 5.682017733172786 1.0
-0.01239532 0.05378208 -2.795773 -2.53745 1.592463 1.856829 0.4694667 20.32341 0.7582188 1 0.9374949 0.05519199296119683 3.775579315817508 1.0
0.05868396 -0.005982499 -1.20054 -3.861842 1.408371 1.109247 -0.1092845 19.89829 0.9527054 1 0.8415378 0.058988112832727584 4.0441463777370865 1.0
0.00239892 -0.01469504 -6.640631 -3.815091 1.448337 1.120473 0.174099 20.1137 0.8307571 0 0.0 0.0148895606976163 7.658518095326405 1.0
-0.02604428 0.006809939 -3.53661 -2.295946 0.5461324 0.5504918 0.3849449 18.92681 1.032022 1 0.9939129 0.026919877226728225 4.216512578780716 1.0
-0.007867884 -0.01130778 -9.510013 -5.492194 2.259222 1.522693 0.1947307 20.3736 0.8597279 0 0.0 0.013775684635104566 10.982009934151627 1.0
0.009481759 0.007500488 -2.945315 -2.653724 1.368233 1.365653 0.2240066 20.33162 0.7301846 1 0.9979255 0.012089709424639824 3.9644837643003408 1.0
