jas1101finalproject/data/gcs/Pal_6.ecsv
# %ECSV 0.9
# ---
# datatype:
# - {name: x, unit: deg, datatype: float64}
# - {name: y, unit: deg, datatype: float64}
# - {name: pmx, unit: mas / yr, datatype: float64}
# - {name: pmy, unit: mas / yr, datatype: float64}
# - {name: pmx_e, unit: mas / yr, datatype: float64}
# - {name: pmy_e, unit: mas / yr, datatype: float64}
# - {name: pm_corr, datatype: float64}
# - {name: g_mag, unit: mag, datatype: float64}
# - {name: bp_rp, unit: mag, datatype: float64}
# - {name: filter, datatype: int64}
# - {name: memberprob, datatype: float64}
# - {name: r, unit: deg, datatype: float64}
# - {name: pm, unit: mas / yr, datatype: float64}
# - {name: member_prob_GMM, datatype: float64}
# - {name: member_prob_DB, datatype: float64}
# meta: !!omap
# - comments: [deg deg mas/yr mas/yr mas/yr mas/yr dimless mag   mag   zeroone float]
# - __serialized_columns__:
#     bp_rp:
#       __class__: astropy.units.quantity.Quantity
#       unit: &id001 !astropy.units.Unit {unit: mag}
#       value: !astropy.table.SerializedColumn {name: bp_rp}
#     g_mag:
#       __class__: astropy.units.quantity.Quantity
#       unit: *id001
#       value: !astropy.table.SerializedColumn {name: g_mag}
#     pm:
#       __class__: astropy.units.quantity.Quantity
#       unit: !astropy.units.Unit {unit: mas / yr}
#       value: !astropy.table.SerializedColumn {name: pm}
#     pmx:
#       __class__: astropy.units.quantity.Quantity
#       unit: !astropy.units.Unit {unit: mas / yr}
#       value: !astropy.table.SerializedColumn {name: pmx}
#     pmx_e:
#       __class__: astropy.units.quantity.Quantity
#       unit: !astropy.units.Unit {unit: mas / yr}
#       value: !astropy.table.SerializedColumn {name: pmx_e}
#     pmy:
#       __class__: astropy.units.quantity.Quantity
#       unit: !astropy.units.Unit {unit: mas / yr}
#       value: !astropy.table.SerializedColumn {name: pmy}
#     pmy_e:
#       __class__: astropy.units.quantity.Quantity
#       unit: !astropy.units.Unit {unit: mas / yr}
#       value: !astropy.table.SerializedColumn {name: pmy_e}
#     r:
#       __class__: astropy.units.quantity.Quantity
#       unit: &id002 !astropy.units.Unit {unit: deg}
#       value: !astropy.table.SerializedColumn {name: r}
#     x:
#       __class__: astropy.units.quantity.Quantity
#       unit: *id002
#       value: !astropy.table.SerializedColumn {name: x}
#     y:
#       __class__: astropy.units.quantity.Quantity
#       unit: *id002
#       value: !astropy.table.SerializedColumn {name: y}
# schema: astropy-2.0
x y pmx pmy pmx_e pmy_e pm_corr g_mag bp_rp filter memberprob r pm member_prob_GMM member_prob_DB
[from data line 2142]
0.01365264 0.02110007 -2.666149 -0.5666432 0.2760878 0.2228933 0.1890583 16.04001 4.774525 1 0.0 0.025131803217725943 2.725698994076059 0.0 0.0
-0.04048101 0.01979684 -4.486052 -6.021697 0.437968 0.3518034 0.5289861 18.18978 3.234661 0 0.0 0.04506247934374783 7.509027720451762 0.0 0.0
-0.001078722 0.007417552 -0.4792083 -5.032393 0.4762553 0.3774236 0.0851148 18.27294 2.73502 0 0.0 0.007495579952611272 5.055157752359256 0.0 0.0
0.002097961 0.04913888 -1.446262 -8.31224 0.3007074 0.2390829 0.2741186 17.82775 2.879524 1 0.0 0.049183645330657645 8.437120811642083 0.0 0.0
0.01354413 0.02990059 -8.125587 -1.140427 0.4656722 0.3762073 0.3517833 18.85489 2.509073 0 0.0 0.03282512360685028 8.205226251414278 0.0 0.0
0.01706968 -0.01771492 -3.655786 -9.484026 0.5021617 0.42158 0.4666349 18.63229 nan 0 0.0 0.02460065783487913 10.164227488917788 0.0 0.0
0.01693286 -0.01740591 -2.192975 -5.180965 1.005787 0.7795809 0.3140204 18.17887 2.91221 0 0.0 0.02428348102533284 5.625969932540521 0.0 0.0
0.001522069 -0.006956232 -9.192705 -6.450751 0.4300543 0.3248261 0.4410061 18.39482 nan 0 0.0 0.007120804566801774 11.230227677167814 0.0 0.0
0.01501796 -0.0081531 -7.805159 -6.033584 2.24496 1.864526 0.6413077 20.09753 nan 0 0.0 0.01708836335555866 9.865325281020237 0.0 0.0
0.02848679 -0.006896768 -1.296556 -2.651176 0.5878404 0.459307 0.4525117 18.69593 2.690094 0 0.0 0.029309769930006686 2.951235613113938 0.0 0.0
-0.00140706 -0.009613168 -8.980374 -7.578498 0.8690201 0.645963 -0.1657341 18.11609 2.827238 0 0.0 0.00971559657662997 11.750776532462865 0.0 0.0
0.005740199 0.04026196 -0.5620201 -3.038778 1.821986 1.633527 0.8558524 19.46064 2.397097 0 0.0 0.04066909523952065 3.0903136290816846 0.0 0.0
0.01493997 0.02407919 -2.274927 -4.046207 0.7276598 0.5951251 0.1805182 17.71255 2.366371 0 0.0 0.028337432746404535 4.641883663145598 0.0 0.0
0.01625438 0.02440708 -4.140736 -6.871183 0.2563446 0.2063889 0.1051125 17.33694 3.489291 1 0.0 0.029324229287584012 8.022396801529142 0.0 0.0
-0.02629516 0.01024509 -2.480495 -6.380818 0.9301391 0.7205937 0.5931351 19.0828 2.695475 0 0.0 0.028220512194744096 6.845998378187727 0.0 0.0
0.04693542 -0.01272779 -7.590141 -7.625935 0.2351186 0.1853825 0.4783518 16.27637 3.919939 1 0.0 0.048630548926168825 10.759420292195394 0.0 0.0
-0.002475039 0.007558674 -9.674946 -5.528334 0.7272624 0.5846139 0.4594394 18.7901 2.708841 0 0.0 0.007953575968694648 11.143027278009868 0.0 0.0
0.01368014 0.02213004 -4.206103 -1.142622 0.2320858 0.1859652 0.1821954 14.75711 4.513326 1 0.0 0.026017011758101657 4.358541898558851 0.0 0.0
0.02093455 0.01177206 -10.0086 -5.471554 0.4933645 0.3912658 0.4539546 18.56398 2.769495 0 0.0 0.024017426597079464 11.406576047829427 0.0 0.0
0.02383746 0.01494533 -2.796421 -7.196521 0.7073005 0.5571233 0.4126517 18.55803 2.674051 0 0.0 0.02813516284048308 7.720743805662897 0.0 0.0
-0.02865519 0.03217904 -9.282509 -8.131975 2.077901 1.848054 0.8699547 19.81875 nan 0 0.0 0.04308840365176807 12.34074514507556 0.0 0.0
0.001330244 -0.02422346 -6.949922 -1.675096 0.465906 0.3700599 0.4411571 18.33161 2.46158 0 0.0 0.02425995802698628 7.148941349269834 0.0 0.0
-0.001160946 0.01627909 -5.800529 -9.590677 0.3888562 0.3360285 0.527656 17.99624 2.936319 0 0.0 0.016320434027409198 11.208355008571507 0.0 0.0
0.01945161 -0.01478179 -1.46264 -4.444043 0.476531 0.3935771 0.3644725 18.46627 2.873638 0 0.0 0.024430850316683617 4.67855041176741 0.0 0.0
0.0009196788 -0.02372182 -9.14174 -4.868519 0.4764003 0.3866899 0.3889434 18.33182 2.477217 0 0.0 0.023739640966273467 10.357310822842047 0.0 0.0
0.02841095 0.0188372 -0.262488 -1.438161 0.5997546 0.4963449 0.4855778 18.84855 2.132671 0 0.0 0.034088446484732915 1.4619189485279271 0.0 0.0
0.03593079 -0.01367373 0.1265481 -3.491654 0.437206 0.3547189 0.5610318 18.24066 2.177988 0 0.0 0.038444668838956066 3.493946490335765 0.0 0.0
0.01526952 0.03139574 -0.9518174 0.1699652 1.821872 1.643506 0.8765632 19.62312 nan 0 0.0 0.03491204278151022 0.9668735864391994 0.0 0.0
0.01181837 0.02434277 -1.458718 -1.7893 0.2792717 0.2246346 0.1947838 14.96435 5.183808 0 0.0 0.027060013317250973 2.3085607407049094 0.0 0.0
0.002590211 0.01570114 -12.98975 -8.722223 1.026835 0.6613627 0.8485871 18.36097 2.688253 0 0.0 0.015913358863675543 15.646430235815103 0.0 0.0
0.002178765 -0.02359404 -5.404013 -10.28462 1.408902 1.091354 0.3043147 18.02124 nan 0 0.0 0.023694424248055176 11.617950122485851 0.0 0.0
0.01318148 -0.02885715 0.4451388 -4.272778 1.244469 1.18784 0.05791174 18.68268 2.910973 0 0.0 0.0317251717270829 4.295902744307584 0.0 0.0
-0.004938267 -0.01269554 -9.743615 -4.304848 1.210695 0.9133934 0.6206996 18.90122 2.96269 0 0.0 0.013622159037938479 10.652218058757951 0.0 0.0
-0.006364037 0.02977914 1.799982 -1.658551 0.2759015 0.2181878 0.1907927 17.7924 2.906969 0 0.0 0.03045157050263531 2.4475960900289495 0.0 0.0
-0.03054403 0.02955405 -5.041788 -4.151117 0.6491097 0.443724 -0.08719254 18.84021 3.112209 0 0.0 0.04250152514961551 6.530803823774912 0.0 0.0
0.04033792 -0.01380869 0.6288246 0.4678244 0.5804249 0.4577958 0.4387118 18.58997 2.027851 0 0.0 0.042635990775898476 0.7837601972545684 0.0 0.0
-0.01263267 0.008565095 -9.239032 -5.451948 0.2151363 0.1991057 0.4082626 17.10942 2.944606 1 0.9990749 0.015262542504049743 10.727695432464888 0.0 0.0
0.04239121 -0.01308654 -5.027497 -5.494767 0.4949548 0.386809 0.5596809 18.18143 2.992413 0 0.0 0.04436521401318492 7.447696990969625 0.0 0.0
0.004643764 0.0157583 0.3244167 -3.111166 0.6561283 0.4361728 0.8666725 17.19485 2.862174 0 0.0 0.016428285454596167 3.128034538619241 0.0 0.0
0.02480106 0.03975782 1.300926 -3.599401 0.9834202 0.9029356 0.3589023 16.77878 2.18796 0 0.0 0.04685911681066983 3.8272831115919552 0.0 0.0
0.01532099 0.006365599 -5.042076 -5.37995 0.4985764 0.3814607 0.4585726 18.57701 3.015028 0 0.0 0.01659076807169882 7.373356928311283 0.0 0.0
0.000810486 0.01831042 -2.978457 -10.47586 0.6428422 0.551275 0.5560508 18.55532 nan 0 0.0 0.01832834875630088 10.891044432948064 0.0 0.0
0.002535543 0.01996598 -1.58515 -10.05268 0.6635229 0.5273515 0.2416001 18.68764 2.59407 0 0.0 0.020126334382227905 10.176889294126177 0.0 0.0
0.01590138 0.04617951 -0.8846572 -0.6447238 0.1320212 0.1066713 -0.04983111 16.19132 2.608006 1 0.0 0.0488405674592802 1.0946630256833745 0.0 0.0
-0.01129266 0.02473192 0.598358 -4.497086 0.5198487 0.429999 0.3867777 18.62858 2.628468 0 0.0 0.027188086301944827 4.536718504333281 0.0 0.0
-0.01531419 -0.003699479 -8.345466 -4.801453 0.3797007 0.2986212 0.2129235 18.30177 2.783823 0 0.0 0.015754699623526342 9.628123060512106 0.0 0.0
-0.02807454 0.009090729 0.7176464 -1.221998 0.3673503 0.2921066 0.201294 18.49057 2.152744 0 0.0 0.029509678920026237 1.4171434180904061 0.0 0.0
-0.00146182 -0.008773935 -10.57492 -3.937604 0.623219 0.4834913 0.02545061 18.48756 nan 0 0.0 0.008894877913531192 11.284221650925508 0.0 0.0
0.008807741 0.04370643 -6.122169 -2.789584 0.3503027 0.2864815 0.1152332 18.29612 3.25597 0 0.0 0.0445850684071246 6.727758330797637 0.0 0.0
0.02606025 0.03719407 0.681771 -7.831093 1.78219 1.675757 0.3761643 20.03316 2.339283 0 0.0 0.045415145857163115 7.860714297765185 0.0 0.0
-0.001927486 0.00887857 -8.971155 -5.633133 0.4622903 0.3443977 0.5189128 18.20266 2.64863 0 0.0 0.009085384280540698 10.59310197391274 0.0 0.0
0.003603292 0.01557714 -12.60236 -22.01683 1.375959 1.087364 0.4320869 18.54686 nan 0 0.0 0.01598846471106166 25.368489919947933 0.0 0.0
-0.02049478 0.0332546 -4.851713 0.8799805 0.31917 0.2590919 0.3105511 18.02022 3.120752 0 0.0 0.03906282668226149 4.930870583857302 0.0 0.0
0.002152523 0.03746972 0.2454315 -11.94626 0.5979059 0.5236247 0.5521518 18.09565 3.239695 0 0.0 0.03753149706771539 11.948780883788617 0.0 0.0
0.00842261 0.02005916 9.292118 8.108153 1.507457 1.232821 0.4544563 18.97263 2.343731 0 0.0 0.021755694866349363 12.332299136711411 0.0 0.0
0.01805542 -0.01566658 -4.827541 -13.72073 2.999415 2.427556 0.6691886 20.10749 nan 0 0.0 0.02390480956361711 14.545225465408949 0.0 0.0
-0.01753509 0.01905488 -1.85389 -4.825562 0.2553431 0.2183181 0.4872379 17.0068 3.312013 0 0.0 0.025895324541748845 5.169425185447991 0.0 0.0
-0.01317926 -0.0001362904 -0.2206353 -1.179149 0.208477 0.1783061 0.4918133 16.7637 2.14057 0 0.0 0.013179964689661811 1.1996133959768414 1.0 0.0
0.03784838 -0.00930079 -10.29017 -4.273329 0.5844891 0.4568149 0.3810622 18.45949 2.796043 0 0.0 0.03897440908145369 11.142214293897824 0.0 0.0
-0.0003395033 0.009851333 -8.158915 -10.73222 0.4108925 0.3326595 0.471811 18.15556 2.634104 0 0.0 0.00985718136018608 13.481410909308602 0.0 0.0
0.01504733 0.007330753 -6.208186 -8.241861 0.2649741 0.2061105 0.313022 15.38681 4.920917 1 0.0 0.016738042886667154 10.318422658232071 0.0 0.0
0.02367671 0.03231749 -3.534531 -3.291991 2.005044 1.411414 0.2647796 19.93787 nan 0 0.0 0.040062535570333034 4.8301256851185554 0.0 0.0
0.0138725 0.02789784 -2.639356 -0.6887599 0.3885145 0.3097053 0.3257625 17.95655 3.027222 0 0.0 0.031156632246049958 2.727744543498164 0.0 0.0
0.02421604 -0.007862826 2.751746 -2.285267 0.5277145 0.4141266 0.4397183 17.89079 2.193907 0 0.0 0.02546057002480259 3.5769472053421474 0.0 0.0
0.004533875 0.006355075 -9.573728 -5.869132 0.355217 0.2846864 0.1645378 18.21849 2.61985 0 0.0 0.0078065998213851075 11.229558239370238 0.0 0.0
-0.005678458 0.009698607 -7.920972 -4.603703 0.4418654 0.3499212 0.2100218 18.41982 2.492001 0 0.0 0.01123867710178618 9.161652620406048 0.0 0.0
0.002124383 -0.003843449 -10.51104 -5.158882 0.5772737 0.459223 0.2395961 18.5067 2.358473 0 0.0 0.0043914807692041645 11.708801192757694 0.0 0.0
0.005025214 -0.02772545 -4.625957 -4.366266 0.4179623 0.3471264 0.4101733 18.30666 2.623262 0 0.0 0.02817717788296578 6.361112870292823 0.0 0.0
0.001823225 -0.005233901 -3.521974 0.5828429 1.094453 0.826113 0.09730706 18.10947 2.868027 0 0.0 0.005542370348364137 3.5698748861488703 0.0 0.0
0.004288025 0.02144984 -7.675054 -3.594541 0.6605956 0.5306786 0.326144 18.93575 nan 0 0.0 0.02187424957401339 8.475091675232605 0.0 0.0
0.02493478 0.02474887 -1.716466 -7.196955 0.4740666 0.37866 0.2008567 18.61494 2.575523 0 0.0 0.03513189177834436 7.398811850640683 0.0 0.0
0.006697668 0.02189605 -5.057895 -8.135882 0.3045159 0.2376869 0.1358578 15.46634 4.958908 0 0.0 0.02289750558992669 9.579920550242 0.0 0.0
0.003411059 -0.003824406 -2.684702 -1.270709 0.8219825 0.6229046 0.2615819 18.6641 nan 0 0.0 0.00512458825217373 2.970240089872366 0.0 0.0
0.001002405 0.04739367 -6.872216 -6.982502 2.360009 1.962414 0.5416769 20.51055 nan 0 0.0 0.04740426955299412 9.797075427425268 0.0 0.0
0.01981492 0.02899561 -3.225818 -7.398976 0.4071201 0.329463 0.08174576 18.37339 2.606804 0 0.0 0.03511945976062986 8.071601304431482 0.0 0.0
0.02299402 0.04208516 -0.7548633 0.3606352 0.5637692 0.4507083 -0.02228843 18.6772 2.509518 0 0.0 0.047957123016148503 0.8365861277632627 0.0 0.0
0.007602681 0.04338608 8.358479 4.716332 2.194993 1.971413 0.8819752 19.97097 2.035809 0 0.0 0.044047164450781176 9.597289134316265 0.0 0.0
0.009815809 -0.01865059 -2.868817 -9.59188 0.3174433 0.2417476 0.2047099 17.1401 nan 0 0.0 0.0210759249778647 10.011706793244047 0.0 0.0
0.01176395 0.02771115 -2.647667 -3.52659 0.2669799 0.2222848 0.3152736 17.18255 3.342709 0 0.0 0.03010478955124915 4.409872738638724 0.0 0.0
-0.02114561 -0.001995223 -6.400235 0.4908723 0.4667543 0.3656096 0.1087637 18.32005 2.075603 0 0.0 0.021239532412269082 6.419031365411163 0.0 0.0
-0.008828458 0.02796699 -6.706557 -4.432517 0.3697739 0.2932621 0.1858384 18.17784 2.331747 0 0.0 0.02932736265534056 8.03897467028837 0.0 0.0
0.0171584 0.02705435 -8.507953 -5.723515 0.4613758 0.3573666 0.464102 18.11565 2.619596 0 0.0 0.032036674991055177 10.253969387775351 0.0 0.0
0.0288157 -0.005281325 -6.460917 -5.202309 0.5467131 0.4598805 0.388355 18.61716 2.728111 0 0.0 0.029295681597218813 8.295026667369429 0.0 0.0
-0.002748407 -0.01020065 -9.121136 -5.84143 0.4988337 0.3897448 0.3507672 18.34181 2.743822 0 0.0 0.010564421491977165 10.831316927105217 0.0 0.0
-0.02468053 0.01379693 0.7909681 -7.99496 0.7947853 0.6623992 0.3940037 18.95483 2.737326 0 0.0 0.028275145242877178 8.033991283093206 0.0 0.0
0.01378988 0.02391912 -5.0359 -3.840615 0.7477728 0.5894469 0.361885 18.98657 2.649744 0 0.0 0.02760951089731218 6.333293960351516 0.0 0.0
-0.02385915 0.01389056 4.307983 -2.055358 0.4064704 0.3179464 0.2418698 18.58258 2.478081 0 0.0 0.02760809112988618 4.7731765142777824 0.0 0.0
-0.01616279 -0.004140191 -9.661894 -5.370807 0.3517636 0.2794911 0.2140381 18.23024 2.524115 0 0.0 0.01668463251320151 11.054309725102016 0.0 0.0
0.02102137 0.03770244 -3.522921 -2.94403 0.4907537 0.4123923 0.1607916 18.51993 2.901922 0 0.0 0.04316679254508609 4.591109344498451 0.0 0.0
0.03415495 -0.00193728 -2.481765 -6.370879 0.7628217 0.6190722 0.7154115 18.93214 2.804422 0 0.0 0.03420984746094171 6.837196556181927 0.0 0.0
0.005383381 0.02308058 1.76365 -12.40743 0.4830172 0.3916316 0.2490953 18.6276 2.916521 0 0.0 0.023700083631235585 12.532149876513605 0.0 0.0
0.005438166 0.02351545 5.254124 5.275286 2.66398 2.306883 0.9021915 19.84851 nan 0 0.0 0.024136073378784213 7.445432249988714 0.0 0.0
0.04428847 0.009118111 1.082865 0.9235194 1.470072 1.108503 0.576134 18.99696 2.715166 0 0.0 0.04521734759082206 1.4231952397339445 0.0 0.0
0.03142612 0.03074781 1.592807 -0.5727514 2.197035 1.820685 0.6227017 20.16198 nan 0 0.0 0.04396622383205658 1.6926542191041147 0.0 0.0
0.01797394 -0.01155623 -6.112403 -2.823293 0.3856617 0.2980779 0.3312853 17.45547 3.03196 0 0.0 0.021368410585172217 6.7329379767125435 0.0 0.0
-0.01238529 -0.0005253023 -2.056826 -5.815661 1.202746 1.173855 0.1126706 19.17403 2.554491 0 0.0 0.012396424923762708 6.168666473493036 0.0 0.0
0.01017346 0.002047926 -8.614261 -4.641566 0.3582839 0.2757689 0.3565806 17.70029 2.875298 0 0.0 0.010377537726892445 9.785173861944253 0.0 0.0
0.01217676 0.0473587 -4.521631 -6.084069 0.4534968 0.3784615 0.1183425 18.56057 nan 0 0.0 0.04889907923251316 7.580306227120512 0.0 0.0
0.01285684 0.005559089 -0.6971017 -2.970959 1.04626 0.7945293 0.6531513 19.09769 nan 0 0.0 0.014007205477736128 3.0516467947362274 0.0 0.0
-0.009020052 0.02678442 -9.310537 -10.46914 1.262657 1.136353 0.8696978 19.0845 nan 0 0.0 0.028262457303269015 14.010317325741376 0.0 0.0
-0.0009694366 0.03502642 -5.972507 -1.224061 2.490375 2.165605 0.5785475 20.36627 nan 0 0.0 0.03503983312371535 6.096651966183571 0.0 0.0
0.009268852 -0.01244594 -9.106999 -7.078611 0.481641 0.3670532 0.4060375 18.40654 2.740704 0 0.0 0.015518151948009273 11.53447720858306 0.0 0.0
0.01329776 0.03063304 4.813715 -0.6265266 1.571542 1.414191 0.8904487 19.276 nan 0 0.0 0.03339481337961331 4.854316396953598 0.0 0.0
0.02123918 0.03065475 -5.36278 -2.618023 0.5046866 0.4491366 -0.2437052 18.48791 2.507877 0 0.0 0.03729365180074083 5.967700876965014 0.0 0.0
0.01159983 0.02954031 -2.980929 -5.096862 0.4562013 0.3669716 0.2643503 18.66181 2.59477 0 0.0 0.031736193390591125 5.904569412758647 0.0 0.0
-0.02328421 0.01414245 -9.160021 -4.508734 0.3263742 0.2572861 0.1980908 18.07722 2.799707 0 0.0 0.027242674746188193 10.209538040636168 0.0 0.0
0.01168192 0.02893758 -1.288106 -2.37466 0.596483 0.4717188 0.2572532 18.9043 nan 0 0.0 0.03120658249701175 2.7015231227653778 0.0 0.0
0.007053598 0.02127423 -3.474531 -3.37513 0.425173 0.3438745 0.3714138 18.46337 2.87149 0 0.0 0.022413078923666514 4.843951711863053 0.0 0.0
0.01277466 0.005137574 -5.261835 -6.966716 0.7533672 0.572983 0.3810421 18.82373 2.827393 0 0.0 0.013769045163738697 8.730523431723954 0.0 0.0
0.01170933 0.02916837 -3.60025 -4.687887 2.277056 2.068794 0.8845379 19.64872 nan 0 0.0 0.031430911814737415 5.910844659375596 0.0 0.0
0.006560899 0.0243985 -9.723618 -5.127875 0.3315365 0.2676308 0.2518912 18.21442 2.781925 0 0.0 0.02526523694601341 10.992899937029765 0.0 0.0
