jas1101finalproject/data/gcs/Pal_11.ecsv
# %ECSV 0.9
# ---
# datatype:
# - {name: x, unit: deg, datatype: float64}
# - {name: y, unit: deg, datatype: float64}
# - {name: pmx, unit: mas / yr, datatype: float64}
# - {name: pmy, unit: mas / yr, datatype: float64}
# - {name: pmx_e, unit: mas / yr, datatype: float64}
# - {name: pmy_e, unit: mas / yr, datatype: float64}
# - {name: pm_corr, datatype: float64}
# - {name: g_mag, unit: mag, datatype: float64}
# - {name: bp_rp, unit: mag, datatype: float64}
# - {name: filter, datatype: int64}
# - {name: memberprob, datatype: float64}
# - {name: r, unit: deg, datatype: float64}
# - {name: pm, unit: mas / yr, datatype: float64}
# - {name: member_prob_GMM, datatype: float64}
# meta: !!omap
# - comments: [deg deg mas/yr mas/yr mas/yr mas/yr dimless mag   mag   zeroone float]
# - __serialized_columns__:
#     bp_rp:
#       __class__: astropy.units.quantity.Quantity
#       unit: &id001 !astropy.units.Unit {unit: mag}
#       value: !astropy.table.SerializedColumn {name: bp_rp}
#     g_mag:
#       __class__: astropy.units.quantity.Quantity
#       unit: *id001
#       value: !astropy.table.SerializedColumn {name: g_mag}
#     pm:
#       __class__: astropy.units.quantity.Quantity
#       unit: !astropy.units.Unit {unit: mas / yr}
#       value: !astropy.table.SerializedColumn {name: pm}
#     pmx:
#       __class__: astropy.units.quantity.Quantity
#       unit: !astropy.units.Unit {unit: mas / yr}
#       value: !astropy.table.SerializedColumn {name: pmx}
#     pmx_e:
#       __class__: astropy.units.quantity.Quantity
#       unit: !astropy.units.Unit {unit: mas / yr}
#       value: !astropy.table.SerializedColumn {name: pmx_e}
#     pmy:
#       __class__: astropy.units.quantity.Quantity
#       unit: !astropy.units.Unit {unit: mas / yr}
#       value: !astropy.table.SerializedColumn {name: pmy}
#     pmy_e:
#       __class__: astropy.units.quantity.Quantity
#       unit: !astropy.units.Unit {unit: mas / yr}
#       value: !astropy.table.SerializedColumn {name: pmy_e}
#     r:
#       __class__: astropy.units.quantity.Quantity
#       unit: &id002 !astropy.units.Unit {unit: deg}
#       value: !astropy.table.SerializedColumn {name: r}
#     x:
#       __class__: astropy.units.quantity.Quantity
#       unit: *id002
#       value: !astropy.table.SerializedColumn {name: x}
#     y:
#       __class__: astropy.units.quantity.Quantity
#       unit: *id002
#       value: !astropy.table.SerializedColumn {name: y}
# schema: astropy-2.0
x y pmx pmy pmx_e pmy_e pm_corr g_mag bp_rp filter memberprob r pm member_prob_GMM
[from data line 685]
-0.02668657 -0.002237482 -10.11605 -10.76615 2.896754 2.455806 0.6729006 20.63277 0.5972691 0 0.0 0.026780204332028986 14.773098978379586 0.0
0.04024908 -0.01625761 -0.2960671 -2.461555 0.09706881 0.07606361 0.3597876 15.94642 1.591694 1 0.0 0.04340850520069195 2.4792960181727817 0.0
0.009124634 0.02669586 -1.077658 -7.170118 2.370581 1.72899 0.2447735 20.61049 0.5579014 0 0.0 0.02821219393761421 7.250650929322691 0.0
0.06355069 0.002316998 -5.993275 1.968464 0.2512164 0.1930908 0.3709887 17.81372 1.367683 0 0.0 0.06359291374994626 6.308264083321258 0.0
-0.01565603 -0.009577339 5.469103 0.2376668 3.153708 2.469974 0.6829524 20.54263 0.718565 0 0.0 0.018353111389675075 5.474264620241812 0.0
0.02713214 -0.04558391 -4.272754 -5.948708 1.149588 0.8508139 0.451081 19.74991 1.267408 1 0.3472227 0.053047581206570577 7.324175968242434 0.0
-0.01151653 0.00973518 -6.896132 -10.20747 2.361616 1.512888 0.4172028 20.55423 0.9057503 0 0.0 0.015079926819228932 12.318647667756554 0.0
-0.003175651 0.01640724 3.527855 -7.169161 3.61222 2.413634 0.04501455 20.58122 0.6257534 0 0.0 0.01671174089349763 7.990158342920746 0.0
0.0159533 -0.01182421 -6.841316 -4.462234 0.7685818 0.5869262 0.3699257 19.46324 1.150743 1 0.0 0.019857485314462655 8.16793345238635 0.0
-0.0001535187 0.002240894 -0.4361414 -2.701924 3.630399 2.696216 0.6584839 20.68188 nan 0 0.0 0.0022461464579331615 2.736898358099906 0.0
0.01398902 -0.01295138 -1.222102 -4.928115 0.3315348 0.2521602 0.3214508 18.19241 1.447239 1 0.9840101 0.019063864363365577 5.0773862125732565 0.0
0.01126931 -0.01256792 -1.987893 -4.864759 0.2590749 0.2021014 0.3160321 17.74389 1.533819 1 0.9970889 0.016880460923875865 5.255244876076661 0.0
-0.01021645 -0.01352156 -1.34963 -4.911612 0.4613463 0.3527377 0.3061428 18.63689 1.366888 1 0.9899682 0.016947225006947304 5.093666025118255 0.0
0.004288885 0.005310749 -2.764606 -5.092877 2.50677 2.04049 0.5794909 20.57885 0.6258469 0 0.0 0.006826315952563725 5.794863455886169 0.0
0.0567797 -0.009651568 -5.251211 -3.402709 0.1963666 0.150684 0.3905011 17.10143 1.50485 1 0.0 0.057594158531474565 6.257287391929669 0.0
0.008429147 0.008281856 0.4194234 -5.340482 2.91653 2.439597 0.6066366 20.6796 0.9228668 0 0.0 0.011816922524597722 5.356926729085583 0.0
0.03481501 0.0461952 1.810167 -0.303078 2.607211 2.742756 0.8015681 20.42434 1.469492 1 0.252811 0.057845323271117605 1.8353639535451818 0.0
0.01287094 -0.01210639 -5.518866 -3.1873 0.3719501 0.2868279 0.3155288 18.27566 1.135042 1 0.0 0.017669911582000066 6.373128212734779 0.0
0.01390009 0.03788948 -0.6524265 -4.929322 0.5664653 0.4000387 0.3560624 18.67779 1.127501 0 0.0 0.040358706578364226 4.9723109031501895 0.0
0.01099803 0.0128003 -0.8021217 -5.797296 2.24166 1.669684 0.2632513 20.48755 1.117647 0 0.0 0.0168761471897735 5.852524253108815 0.0
-0.001120561 0.0006463486 6.112511 -5.022197 3.44577 1.742864 0.1372607 20.66078 nan 0 0.0 0.0012936086995080699 7.911084213426753 0.0
-0.01191054 0.04890924 -4.556331 -4.388207 0.2357291 0.1992624 0.4998097 17.55132 1.13051 1 0.0 0.05033860070034923 6.325860641557796 0.0
-0.0276233 -0.003529773 -5.687254 -9.947283 0.604874 0.4605699 0.3689146 19.07151 1.241756 0 0.0 0.027847908365288925 11.458328723797594 0.0
0.001689949 0.01051545 -6.199189 -12.10681 2.6515 2.033317 0.4574133 20.22108 1.542332 0 0.0 0.01065038104131026 13.601646688317594 0.0
-0.03611887 0.0395394 -1.901531 -5.056125 0.08242475 0.06007765 0.2201513 14.82494 2.147018 1 0.9889556 0.05355312243405514 5.401871912549019 0.0
-0.01976647 0.002802128 -6.650669 -7.664357 3.024537 2.836818 0.8274826 20.42688 1.009876 0 0.0 0.019964099218078537 10.147599044651399 0.0
-0.006862589 0.0130884 0.8546956 -2.029442 2.531096 1.886888 0.648429 20.46066 nan 0 0.0 0.01477840797727959 2.2020761567265015 0.0
0.01157222 0.01266201 0.2347189 -5.693715 1.475802 1.10639 0.5153075 20.17025 1.056028 0 0.0 0.0171535061421419 5.698550996809821 0.0
-0.02762328 -0.003793941 -7.745104 -3.800762 2.520709 2.591811 0.78514 20.30338 nan 0 0.0 0.02788260364940622 8.62742300756489 0.0
-0.01762325 0.05896219 4.221952 -2.597317 0.7313698 0.5248597 0.3374002 19.19931 nan 0 0.0 0.061539570929269566 4.956907734545096 0.0
0.009184179 -0.01323734 -1.574587 -5.095634 0.3285847 0.2524302 0.360416 18.18744 1.406807 1 0.9943232 0.016111372200394387 5.3333676117932285 0.0
-0.0004859376 -0.0006430179 -2.447775 -5.84291 1.627232 1.32806 0.4145624 20.35556 0.7808056 0 0.0 0.0008059822397634889 6.334919077519854 0.0
0.05895499 -0.01309369 -10.29286 -6.055582 0.6494425 0.4883772 0.3407837 19.27566 1.411747 1 0.0 0.06039151897175795 11.942070186459464 0.0
-0.02139828 0.001257093 -5.490331 -8.305259 1.038889 0.828762 0.4747566 19.72911 1.049938 0 0.0 0.021435173658476598 9.955956084005292 0.0
0.0589246 -0.01428768 -1.434679 -7.045853 0.7331306 0.5458481 0.3489791 19.4487 1.103033 1 0.002316269 0.06063205657853278 7.190434502215426 0.0
-0.006469426 -0.005155856 -1.607913 -4.894406 0.2247478 0.1683633 0.3307753 17.51756 1.460133 1 0.9985249 0.008272624968062556 5.151756429452483 0.0
0.001448119 -0.007217651 -0.03355265 -3.896484 0.6172481 0.4874898 0.3798316 19.08792 0.871624 0 0.0 0.007361489971192109 3.896628458369879 0.0
0.003986835 0.02104781 3.313715 -1.097256 2.379395 2.454804 0.775357 20.26346 0.7676563 0 0.0 0.021422071774534902 3.4906557880663343 0.0
-0.001301848 -0.009969001 -0.6619908 -4.037524 0.3205214 0.2383568 0.333685 17.90872 0.7347374 0 0.0 0.010053645565321317 4.0914339625442615 0.0
-0.001301934 0.01690363 -3.992966 -6.633655 3.056537 2.282075 0.4377948 20.63711 0.6334915 0 0.0 0.016953693972620126 7.7426840395421666 0.0
0.008791817 0.009292267 -2.676141 -7.178201 2.339104 2.410506 0.8041565 20.32138 1.235371 1 0.889472 0.012792273924552193 7.660828953075639 0.0
0.03012592 -0.01423876 -0.1812691 -2.523451 0.2549131 0.1934424 0.363576 17.79585 1.281414 1 0.0 0.033321364650686205 2.5299532477924984 0.0
-0.01348139 0.02513791 1.329139 -2.678978 1.720443 1.355914 0.4760104 20.48333 1.156321 0 0.0 0.028524768105984664 2.990574126452143 0.0
0.01003042 -0.009061224 -1.617692 -7.317771 2.582225 1.793866 0.3995296 20.6123 nan 0 0.0 0.013517215162694423 7.494444596853391 0.0
0.02498845 -0.01814752 -0.717558 -5.934677 2.449978 2.572358 0.8439206 20.15321 1.132067 0 0.0 0.030882925955176267 5.977899344894743 0.0
-0.009370501 -0.005742422 -1.626156 -4.749704 0.4865099 0.3702852 0.3490671 18.6909 nan 0 0.0 0.010990072766687443 5.020365666358577 0.0
0.02287467 0.009066175 -2.416292 -4.956817 0.5255762 0.4208751 0.462704 18.72857 0.6227589 1 0.975462 0.024605813474452027 5.514390428755748 0.0
0.04698809 -0.01442823 -1.825342 -5.416304 0.6607066 0.4920379 0.3139587 19.3056 1.370096 1 0.8723407 0.049153376514548826 5.715612166459513 0.0
-0.001453004 0.006828064 -1.357053 -3.901759 1.594056 1.219754 0.4721618 20.25628 0.824173 0 0.0 0.006980951125177141 4.13101877735868 0.0
0.01220684 0.01183754 0.8217692 -2.132271 1.804893 1.583343 0.5578935 20.45831 1.140547 1 0.7974012 0.017003949424683668 2.2851442482936695 0.0
0.02583467 -0.01660167 -2.331856 -5.316121 0.7694557 0.6426716 0.4951164 19.39391 1.381918 0 0.0 0.03070904786537349 5.805057699228923 0.0
-0.002994091 -0.01509215 -1.788819 -4.712682 0.510704 0.3920604 0.4046841 18.88685 1.257593 1 0.9918141 0.015386278709901918 5.040758380232582 0.0
0.002898736 0.004036652 -5.311768 -10.07727 1.795735 1.328922 0.4195644 20.136 0.9985771 0 0.0 0.004969630747530444 11.391499020705044 0.0
0.01395863 -0.01790762 -2.938667 -4.618885 1.042634 0.7900853 0.3105488 19.70638 1.02363 0 0.0 0.02270520216913516 5.474473708048473 0.0
0.008217255 -0.008973446 -0.1445898 -5.20984 2.991953 3.18421 0.7951538 20.41995 1.158415 0 0.0 0.012167416030116706 5.211846029562274 0.0
-0.0432793 0.01669248 -3.053479 -16.2086 2.607815 2.346513 0.7904456 20.26871 1.274591 1 0.0 0.04638681598299672 16.49370934518494 0.0
0.004832582 -0.01754883 -1.87369 -4.788401 0.3489512 0.260231 0.321426 18.21851 1.337875 1 0.9952689 0.018202068101059947 5.141935273114687 0.0
-0.01432754 0.02329396 -6.248249 -9.16729 2.407675 2.472327 0.8021055 20.33662 0.917881 1 0.6655582 0.02734752228142798 11.09413455435353 0.0
0.00356341 -0.01578547 -1.686971 -5.179776 0.173723 0.1287673 0.2953972 16.98623 1.405298 1 0.9919251 0.016182674499260002 5.447563727485618 0.0
-0.05044492 0.04246661 -3.293181 -2.589255 0.2669654 0.217286 0.4053133 17.81076 1.147247 1 0.0 0.06594014648678376 4.1891863832713385 0.0
0.002717378 -0.001392615 -1.965371 -4.546713 0.4255277 0.3624314 0.5978007 18.22205 nan 0 0.0 0.003053443913535829 4.953310233773975 0.0
0.05550975 -0.01505587 -4.082917 1.004397 0.6110692 0.4501051 0.2368918 19.03393 1.334332 1 0.0 0.05751531592992774 4.20464321464949 0.0
0.01743503 0.01118312 -5.25307 -8.089266 1.401963 1.213494 0.5486603 20.05945 0.9716549 0 0.0 0.020713339760533547 9.645256287090353 0.0
0.01417026 -0.01521445 -5.024729 -5.080179 0.3054508 0.2320692 0.3046012 18.04976 1.14176 1 0.0 0.020791242321470355 7.145356547820549 0.0
0.04493312 -0.01512418 -3.13542 -2.979101 0.9657051 0.7308298 0.3016372 19.54744 1.589001 0 0.0 0.04741018976556411 4.325031947234725 0.0
0.05040273 -0.01524212 -3.516534 -5.637818 0.6036938 0.4545628 0.2945589 19.12299 1.269087 1 0.244946 0.052656978773447494 6.644622124265608 0.0
-0.003870422 -0.01696899 -4.251952 -4.042128 2.298848 1.95194 0.2913111 20.5221 0.8614635 0 0.0 0.01740479210097564 5.866676621281251 0.0
0.02175522 -0.01488482 -2.729064 -8.735607 2.367946 1.990548 0.6500024 20.5674 1.069193 1 0.5033853 0.02635995947798099 9.151973556263425 0.0
-0.003024323 -0.0133536 -3.409289 -7.27338 2.5781 1.8874 0.612207 20.46327 0.9630241 0 0.0 0.013691791795390734 8.032764661679128 0.0
-0.01369234 0.007246023 -2.558799 -5.206843 0.7100809 0.5073274 0.4470348 19.03679 1.370047 1 0.9810983 0.015491450028713548 5.801608944857453 0.0
-0.006862444 0.004466712 -3.983056 -4.921807 2.124791 1.496043 0.497635 20.49687 0.945652 0 0.0 0.008188079979096444 6.331581101461546 0.0
0.05423949 -0.02306179 -4.592431 -3.553068 2.634019 2.037918 0.4680573 20.58277 1.47016 0 0.0 0.05893868367603912 5.806437350250582 0.0
-0.007073819 -0.005161588 -0.5732787 -4.654022 2.717966 2.776801 0.761217 20.39334 0.9114113 0 0.0 0.00875676343899417 4.689197078856645 0.0
0.01758565 -0.0001026639 -1.321935 -4.492778 0.6395878 0.4900044 0.3866617 19.25376 1.401196 1 0.9814192 0.01758594967008786 4.6832217864958094 0.0
-0.002117777 -0.008372553 -6.772849 -7.45862 2.783062 2.292106 0.5599149 20.6568 1.072296 0 0.0 0.008636238947570754 10.074844707547655 0.0
0.01232728 -0.002861451 -2.322159 -8.420939 2.669785 1.943611 0.6012902 20.6552 -0.1018028 0 0.0 0.012655028013552597 8.735252489939946 0.0
0.01583286 -0.0006595378 0.5261681 -5.082065 0.7805463 0.595539 0.3746165 19.52545 1.400835 0 0.0 0.015846590986367662 5.109230620522292 0.0
0.01912685 -0.0004212606 0.1787006 -3.312065 1.038485 0.7908975 0.3755784 19.90653 1.088989 0 0.0 0.019131488478830193 3.316882341697601 0.0
0.01205566 0.00952631 -3.883509 -7.834899 1.826074 1.540928 0.6255527 20.32112 1.022261 0 0.0 0.015365204855507133 8.744557421235337 0.0
0.01326498 0.02447273 1.342241 -0.3612057 0.498286 0.3851662 0.3480598 18.83487 1.622995 1 0.0 0.02783656243240713 1.3899929711309658 0.0
0.0100905 -0.02320994 -3.951996 -7.112255 0.9868411 0.7310588 0.2493205 19.76286 1.536829 0 0.0 0.025308486818725454 8.136488405266796 0.0
-0.005321087 -0.004559793 -1.690452 -5.035645 1.962216 1.544087 0.531798 20.33224 1.202934 0 0.0 0.007007544438989881 5.311812170091201 0.0
-0.006439901 0.03885383 -3.006059 -8.130114 2.21543 1.716411 0.5218287 20.42012 nan 0 0.0 0.039383910808332645 8.668053089620356 0.0
0.04623051 -0.03293324 1.362224 -6.083902 2.251736 1.769136 0.5816718 20.29047 1.446337 0 0.0 0.05676141604785508 6.234542306519381 0.0
0.05251995 -0.0005853685 -2.223056 -3.254549 1.922892 1.728801 0.6521632 20.21859 1.216885 0 0.0 0.05252321205222785 3.941328097549987 0.0
0.005739342 -0.003515525 -1.717784 -4.410547 0.9910571 0.7568201 0.3221967 19.38136 1.329273 0 0.0 0.006730450402357111 4.733255402982708 0.0
0.005376801 0.003807745 -3.269014 -6.632504 1.202914 1.048641 0.5816922 19.91895 0.9284744 0 0.0 0.006588543919457925 7.394360137443401 0.0
0.03061043 -0.0007853116 -3.443596 -4.535106 1.582454 1.18933 0.3881405 20.36762 1.18572 0 0.0 0.030620501940595204 5.6943427928473005 0.0
0.002717397 0.001513231 -4.168273 -5.207517 1.246069 1.060572 0.5039367 20.00524 0.7608051 0 0.0 0.00311032386014222 6.670287333227708 0.0
-0.007164674 0.005948716 -1.445481 -3.150012 2.676635 2.760543 0.7783744 20.34383 0.5339222 0 0.0 0.009312345331597836 3.4658319234355552 0.0
0.05031006 -0.03151561 -1.9496 -5.119093 1.415818 1.068539 0.3385776 20.35865 1.310707 1 0.5792179 0.05936611669021058 5.477778135580977 0.0
0.01374805 0.01031161 4.054374 1.637566 0.9310067 0.6967146 0.3643615 18.61948 1.181519 0 0.0 0.01718540600610297 4.372593159239949 0.0
0.01051436 0.007656197 -2.697492 -4.815781 2.083005 1.493399 0.4404452 20.58428 0.9482536 0 0.0 0.013006502939391857 5.519801602415163 0.0
-0.03738599 0.01497884 -1.098974 -5.155598 1.065683 0.8192176 0.4275499 19.88749 1.122932 0 0.0 0.04027502819397772 5.271426238721358 0.0
0.02493125 0.03489203 -7.028314 -3.362786 1.534254 1.270133 0.5859353 20.09295 1.761789 0 0.0 0.042883807947562205 7.791375190837109 0.0
0.01284006 -0.03315874 -3.921195 -3.98535 1.03941 0.7823643 0.2609748 19.84769 1.078032 0 0.0 0.0355579692782251 5.590955629454145 0.0
0.04197667 0.033442 -6.876395 -7.635625 1.696076 1.608043 0.6785106 20.19247 1.279324 0 0.0 0.05366943439509029 10.275581605760815 0.0
0.006646539 0.03349704 -2.590707 -6.369885 0.9612536 0.7572124 0.4041122 19.73559 1.841038 1 0.7569374 0.03415008300780718 6.876568742699662 0.0
-0.003205743 -3.267863e-05 -0.291441 -4.214472 1.492788 1.299368 0.5647641 20.21105 nan 0 0.0 0.0032059095550105087 4.224536908971799 0.0
0.04451372 0.01840133 -2.194991 -2.273516 0.6714 0.5233978 0.4966088 19.08178 1.485806 1 1.735708e-06 0.048167210984312765 3.1601994386963934 0.0
-0.009854018 -0.005602243 0.7608262 -4.398761 1.5791 1.679272 0.8410636 19.56892 nan 0 0.0 0.011335201690987815 4.4640737943864055 0.0
0.05657423 0.03407538 -3.54894 -11.23585 0.9896472 0.7756255 0.3933755 19.80772 2.145964 0 0.0 0.06604373567748345 11.783008968260186 0.0
0.01169267 -0.002598218 -3.87621 -5.551706 0.9558254 0.7360468 0.3955322 19.76789 1.133493 0 0.0 0.011977865774186318 6.771000182730466 0.0
0.02329763 0.006803559 -2.862331 -2.972869 0.8559345 0.6622812 0.3918204 19.57989 1.260801 1 0.05670671 0.02427072266504195 4.126849748261015 0.0
-0.004142412 -0.0149739 0.6738128 -4.314331 2.30843 1.697262 0.3104462 20.59661 0.4977684 0 0.0 0.01553632061936622 4.366632073693047 0.0
-0.006802498 0.03413933 -2.829482 -2.718594 2.048244 2.058043 0.7993765 20.14965 1.125982 1 0.2626068 0.03481045578398686 3.9238656609471225 0.0
0.02356966 0.007579357 -1.62716 -4.727 1.754937 1.329524 0.3937531 20.44519 1.131151 0 0.0 0.024758342534367057 4.999217805377158 0.0
0.01927888 0.01911094 -0.6473217 -6.610051 0.7219898 0.5609801 0.2826468 19.32646 1.139242 1 0.06616682 0.027145961794307453 6.6416714466986315 0.0
0.0155609 -9.018372e-05 2.492133 -2.494813 2.991902 2.309392 0.4257837 20.66502 nan 0 0.0 0.015561161329198828 3.52630384321289 0.0
0.01256803 -0.0352387 -2.710527 -6.001901 1.64071 1.24823 0.488409 20.34423 nan 0 0.0 0.03741285014230939 6.585573037445565 0.0
0.03084954 -0.03574894 -5.288383 -8.580962 0.2980342 0.2363572 0.3818528 17.82835 1.188272 1 0.0 0.04721949628421718 10.079677752792149 0.0
0.05112546 -0.03527223 4.27294 0.469222 0.5723626 0.427 0.3414391 18.78731 1.860086 0 0.0 0.06211234071732042 4.298626004769896 0.0
-0.030043 0.02523907 -0.8312266 1.014131 2.571387 2.771976 0.7811555 20.14815 0.6050644 0 0.0 0.03923764141057538 1.311258687562664 0.0
-0.03611715 0.01999814 -0.6853194 -0.4195767 0.7191338 0.5523544 0.3974597 19.30063 1.496853 1 0.0 0.04128406626753353 0.8035591373379125 0.0
