jas1101finalproject/data/gcs/Pal_6.ecsv
# %ECSV 0.9
# ---
# datatype:
# - {name: x, unit: deg, datatype: float64}
# - {name: y, unit: deg, datatype: float64}
# - {name: pmx, unit: mas / yr, datatype: float64}
# - {name: pmy, unit: mas / yr, datatype: float64}
# - {name: pmx_e, unit: mas / yr, datatype: float64}
# - {name: pmy_e, unit: mas / yr, datatype: float64}
# - {name: pm_corr, datatype: float64}
# - {name: g_mag, unit: mag, datatype: float64}
# - {name: bp_rp, unit: mag, datatype: float64}
# - {name: filter, datatype: int64}
# - {name: memberprob, datatype: float64}
# - {name: r, unit: deg, datatype: float64}
# - {name: pm, unit: mas / yr, datatype: float64}
# - {name: member_prob_GMM, datatype: float64}
# - {name: member_prob_DB, datatype: float64}
# meta: !!omap
# - comments: [deg deg mas/yr mas/yr mas/yr mas/yr dimless mag   mag   zeroone float]
# - __serialized_columns__:
#     bp_rp:
#       __class__: astropy.units.quantity.Quantity
#       unit: &id001 !astropy.units.Unit {unit: mag}
#       value: !astropy.table.SerializedColumn {name: bp_rp}
#     g_mag:
#       __class__: astropy.units.quantity.Quantity
#       unit: *id001
#       value: !astropy.table.SerializedColumn {name: g_mag}
#     pm:
#       __class__: astropy.units.quantity.Quantity
#       unit: !astropy.units.Unit {unit: mas / yr}
#       value: !astropy.table.SerializedColumn {name: pm}
#     pmx:
#       __class__: astropy.units.quantity.Quantity
#       unit: !astropy.units.Unit {unit: mas / yr}
#       value: !astropy.table.SerializedColumn {name: pmx}
#     pmx_e:
#       __class__: astropy.units.quantity.Quantity
#       unit: !astropy.units.Unit {unit: mas / yr}
#       value: !astropy.table.SerializedColumn {name: pmx_e}
#     pmy:
#       __class__: astropy.units.quantity.Quantity
#       unit: !astropy.units.Unit {unit: mas / yr}
#       value: !astropy.table.SerializedColumn {name: pmy}
#     pmy_e:
#       __class__: astropy.units.quantity.Quantity
#       unit: !astropy.units.Unit {unit: mas / yr}
#       value: !astropy.table.SerializedColumn {name: pmy_e}
#     r:
#       __class__: astropy.units.quantity.Quantity
#       unit: &id002 !astropy.units.Unit {unit: deg}
#       value: !astropy.table.SerializedColumn {name: r}
#     x:
#       __class__: astropy.units.quantity.Quantity
#       unit: *id002
#       value: !astropy.table.SerializedColumn {name: x}
#     y:
#       __class__: astropy.units.quantity.Quantity
#       unit: *id002
#       value: !astropy.table.SerializedColumn {name: y}
# schema: astropy-2.0
x y pmx pmy pmx_e pmy_e pm_corr g_mag bp_rp filter memberprob r pm member_prob_GMM member_prob_DB
[from data line 337]
0.01011524 -0.03780039 0.6295844 -5.891384 0.3875743 0.3102772 0.5408909 16.72685 3.534224 0 0.0 0.03913039182540472 5.924928856296873 0.0 0.0
-0.0264787 -0.02542046 0.9367072 -6.396531 0.6325574 0.5246531 0.3774628 18.92843 2.365978 0 0.0 0.03670587610045019 6.464752834601865 0.0 0.0
-0.0279815 -0.03622022 6.201322 -3.903072 0.3977147 0.3387959 0.5549185 17.88151 3.066537 0 0.0 0.045769735405597436 7.327370987255115 0.0 0.0
-0.047785 0.002978879 -3.92909 -0.7484433 0.565384 0.4497628 0.2487741 18.89249 3.018551 0 0.0 0.04787776044361976 3.999739441690532 0.0 0.0
0.003683635 -0.04118746 1.646573 0.06322982 0.1912442 0.1610216 0.5615985 16.52982 2.199588 1 0.0 0.04135185640409418 1.647786592513191 0.0 0.0
-0.02784709 -0.02605593 -6.073262 -8.152183 0.2262968 0.1840691 0.3778425 17.21998 3.392055 1 0.0 0.0381362283089584 10.165756193522103 0.0 0.0
0.0002627195 -0.04400647 -4.258957 -3.071358 0.4246344 0.3240506 0.4394008 18.26328 2.566217 0 0.0 0.0440072542133292 5.2509003696521415 0.0 0.0
-0.04709407 -0.01303112 -3.224719 -9.303218 0.2463751 0.2066748 0.2796173 17.13957 3.621811 1 0.0 0.04886370347834167 9.846251966331401 0.0 0.0
0.01879277 -0.02637264 -0.9388683 -4.021853 0.1633094 0.1253985 0.2820071 15.74031 3.284104 1 0.0 0.03238339612891922 4.12998489565687 0.0 0.0
0.00877433 -0.03613899 0.9140111 1.388948 0.5615539 0.466378 0.6508103 18.36768 2.532261 0 0.0 0.03718891589128406 1.6627064796972466 0.0 0.0
-0.03107545 -0.0312867 -2.612174 -3.85311 0.3279072 0.2695306 0.4028679 18.13886 3.157394 0 0.0 0.044096952157632166 4.655095023560314 0.0 0.0
-0.02387849 -0.02525968 -3.416195 -2.267243 0.6216575 0.5023576 0.3415039 18.78971 2.580299 0 0.0 0.03475965647676196 4.100095010981331 0.0 0.0
-0.0187895 -0.01274082 1.204339 -1.69818 0.4885623 0.3850214 0.6445334 18.03204 2.262089 0 0.0 0.022701845839543534 2.0818856210947327 0.0 0.0
0.009239653 -0.03540278 -1.268653 -2.13652 0.1015627 0.07737701 0.2888147 14.14416 2.72811 1 0.0 0.03658863237795052 2.4847933807077403 0.0 0.0
-0.02483652 -0.02501765 -9.317139 -5.792089 0.3870187 0.3062633 0.2220824 18.40677 2.936623 0 0.0 0.03525245434339147 10.970750846192889 0.0 0.0
-0.01468204 -0.02348623 0.7943118 -3.297949 1.821185 1.54916 0.6396915 20.00193 nan 0 0.0 0.02769774897305736 3.3922557159241755 0.0 0.0
-0.01780314 -0.01856762 -8.727516 -8.4048 0.3957953 0.3387228 0.5536179 18.02068 3.123365 0 0.0 0.02572369153764677 12.116525845730532 0.0 0.0
0.002780746 -0.03156868 -2.958003 -8.503005 1.073529 0.854253 0.310895 17.73624 2.941719 0 0.0 0.03169091518493772 9.002825988434632 0.0 0.0
-0.03913604 0.01009271 -0.4928955 -4.804638 0.5286887 0.419646 0.2897019 18.58133 3.027645 0 0.0 0.04041648700747876 4.8298542716074 0.0 0.0
-0.01470743 -0.03919516 -1.985491 -9.658814 0.2448249 0.1862983 0.4191222 17.3647 3.092666 0 0.0 0.04186369626096697 9.860773924884242 0.0 0.0
-0.006606154 -0.04657204 -6.281632 -6.536828 0.4599641 0.3517232 0.286514 14.8113 1.35577 0 0.0 0.04703824168092719 9.065816062826777 0.0 0.0
0.01983278 -0.02684774 -5.294749 -5.811581 0.2422888 0.1858796 0.2973844 15.97969 4.467752 1 0.0 0.033378740324284256 7.8618598748999595 0.0 0.0
-0.01331488 -0.01116078 -9.151436 -4.951094 0.2207048 0.1881051 0.540579 16.86082 3.171848 1 0.9975769 0.01737380325728365 10.404908104300201 0.0 0.0
0.001220594 -0.03987516 0.8309075 -6.526052 0.6478134 0.5000734 0.3856058 18.32321 2.937361 0 0.0 0.03989383705208658 6.578735591301739 0.0 0.0
-0.008824958 -0.01817749 -8.551707 -5.113481 0.3960625 0.3036602 0.5021886 18.28797 2.717876 0 0.0 0.02020646001658539 9.963903881070411 0.0 0.0
-0.02858348 -0.03671056 -2.878508 -9.819473 0.5328743 0.4583014 0.6073583 18.58982 2.88847 0 0.0 0.046526127545971414 10.232685781543035 0.0 0.0
-0.02095122 -0.0173131 -2.881308 -5.7218 0.33157 0.2852948 0.4936085 16.7899 4.105392 1 0.0 0.02717898178921352 6.406319616664782 0.0 0.0
-0.02508105 -0.03343102 -1.262344 -4.982243 1.714844 1.742135 0.8177946 19.07449 nan 0 0.0 0.04179344646404386 5.139674861835621 0.0 0.0
-0.04405651 -0.01053894 -6.173178 -7.554016 1.640404 1.44663 0.8745557 18.88518 nan 0 0.0 0.045299506947688736 9.755577089436585 0.0 0.0
-0.0369738 0.01238986 -4.141209 -6.94286 0.5271244 0.4286648 0.2957723 18.80721 2.763149 0 0.0 0.03899449342227182 8.084115100694756 0.0 0.0
-0.02245419 -0.03045311 -3.292581 -9.30684 0.3394456 0.2784599 0.4474277 18.15599 2.980597 0 0.0 0.03783625982081474 9.872100102164735 0.0 0.0
0.02812667 -0.0244462 2.164197 0.4168839 0.5537645 0.4134779 0.6444406 18.43243 nan 0 0.0 0.037265617661980326 2.2039829493188487 0.0 0.0
-0.02741633 0.00436829 -13.98797 -9.111363 1.587212 1.405991 0.8721665 19.14109 2.398693 0 0.0 0.02776215244164256 16.693718592293003 0.0 0.0
0.02533627 -0.01770689 -4.347974 -4.039124 0.4907967 0.3599879 0.2175162 18.49936 2.869589 0 0.0 0.030910524598993787 5.9345935490185004 0.0 0.0
-0.04688154 0.003002135 -5.319386 -7.13783 0.2212611 0.1744368 0.2210376 17.52822 3.522431 1 0.0 0.04697756493614612 8.901937122104155 0.0 0.0
-0.01733902 -0.01047467 -4.108545 -2.943026 0.250598 0.1992426 0.5237146 17.16864 3.169282 0 0.0 0.02025735239781596 5.0538642694181055 0.0 0.0
-0.00750911 -0.04846227 -3.027005 -8.374729 0.5013162 0.3856344 0.5119189 18.5789 2.856928 0 0.0 0.049040578570659216 8.904989898560583 0.0 0.0
-0.01829461 -0.02647174 -3.551884 -1.655793 0.4393761 0.3178395 -0.06118767 18.22621 nan 0 0.0 0.03217834324013124 3.918868511229357 0.0 0.0
0.006037394 -0.03787068 -5.650018 -5.662669 0.9033769 0.6914973 0.669858 18.90616 2.611465 0 0.0 0.038348905199153155 7.999282693084737 0.0 0.0
-0.0132297 -0.03803722 -2.190092 -4.181854 2.941236 2.091651 0.5862957 20.29953 nan 0 0.0 0.040272261761892636 4.720636169604687 0.0 0.0
-0.01813205 -0.01577531 -9.020036 -5.294303 0.2458627 0.2138035 0.4973182 16.95729 3.122648 1 0.9968242 0.024033968519547495 10.459000606994197 0.0 0.0
-0.04476812 -0.01087681 -4.588919 -3.309896 0.5348376 0.4253989 0.2518446 18.90129 nan 0 0.0 0.04607048473926121 5.658055241810299 0.0 0.0
0.0008101303 -0.03273976 -4.304813 -0.2159481 0.3165694 0.2619511 0.5961614 16.90745 3.403945 0 0.0 0.03274978161699064 4.310226043592448 0.0 0.0
0.02358376 -0.02092803 -9.211191 -4.557323 0.5339594 0.4091778 0.4016565 18.43423 2.402691 0 0.0 0.031530559389558885 10.276927194682756 0.0 0.0
-0.02149642 -0.02952977 8.076498 6.254702 1.997584 1.510041 0.2724677 20.17089 nan 0 0.0 0.036525380067417505 10.215239451564903 0.0 0.0
-0.03952071 0.01407131 2.335357 -1.746758 0.4439141 0.3546487 0.2674351 18.49263 3.06002 0 0.0 0.04195102244308475 2.916342885878305 0.0 0.0
-0.02626103 -0.01966022 -2.765548 -3.364565 0.6844877 0.511633 0.3987834 18.68346 nan 0 0.0 0.0328049683296494 4.35529027500223 0.0 0.0
-0.03520902 -0.02879116 1.520777 -3.489746 0.3783871 0.2855196 0.4316175 18.2312 2.34152 0 0.0 0.045481930296613404 3.806716410273426 0.0 0.0
-0.04318655 0.005670039 -4.5331 -7.636486 0.2307223 0.1819122 0.1994844 17.41842 3.400021 1 0.0 0.04355717441666781 8.880591986922719 0.0 0.0
-0.02292236 -0.01580858 11.39528 12.54147 0.9349459 0.700748 0.5240436 18.49137 nan 0 0.0 0.027845031685850168 16.945231660833084 0.0 0.0
-0.008140375 -0.0219578 -4.506513 -6.260176 2.58872 2.042976 0.7111396 20.08198 2.550419 0 0.0 0.02341816999640717 7.713524678779799 0.0 0.0
-0.02707835 -0.03618377 -2.820586 -1.462166 2.485514 1.805934 0.5431882 20.03914 nan 0 0.0 0.04519405104806826 3.1770481260050185 0.0 0.0
0.0003448535 -0.03249562 -4.77366 -5.399718 0.4447997 0.3394246 0.5775195 17.90534 nan 0 0.0 0.032497449794112496 7.207273012389915 0.0 0.0
-0.04778443 0.001590329 -2.080017 -6.657283 0.3877726 0.3089723 0.3281638 18.455 3.197466 0 0.0 0.04781088680157629 6.974660397637866 0.0 0.0
-0.02114342 -0.01403631 -7.889969 -10.73159 2.099553 1.844478 0.910374 19.52457 nan 0 0.0 0.025378380714941213 13.319858661001662 0.0 0.0
-0.02106125 -0.01432431 -6.785169 -4.825103 1.160957 0.8667889 0.8312115 18.7804 3.311956 0 0.0 0.025470808949434643 8.32587156513779 0.0 0.0
0.007022804 -0.03522334 -7.001602 -10.81841 0.8876824 0.681993 0.6861877 19.13902 nan 0 0.0 0.03591661811443299 12.886443477333225 0.0 0.0
-0.004308141 -0.02684804 -2.326915 -2.655784 0.2709625 0.212261 0.4667568 17.37811 2.142719 0 0.0 0.02719149371986543 3.530966166912535 0.0 0.0
-0.00970029 -0.02528815 -8.875152 -6.042275 0.4401164 0.33759 0.4991623 18.32032 2.694906 0 0.0 0.027084795670386734 10.736731821123643 0.0 0.0
-0.02886033 -0.02399815 4.887514 -6.396205 0.4204123 0.3298105 0.368411 18.43421 2.908291 0 0.0 0.037534382253227506 8.04979698515565 0.0 0.0
0.008254246 -0.03731197 -2.86945 0.08796799 0.3729742 0.2877301 0.4389093 17.83875 2.852262 0 0.0 0.038214077017630764 2.8707980893411227 0.0 0.0
0.003547146 -0.0298292 1.750098 0.2074173 2.498931 2.107829 0.8316591 20.12127 nan 0 0.0 0.030039364463738512 1.7623464318752116 0.0 0.0
-0.01169648 -0.04407381 -6.700297 -5.939931 0.5427312 0.4152026 0.4844158 18.58643 2.757044 0 0.0 0.045599433903355635 8.954147651952697 0.0 0.0
-0.02902534 -0.02084916 -0.7137753 -1.469982 2.390976 2.115443 0.8726268 19.81459 nan 0 0.0 0.03573734510034566 1.6341120705796435 0.0 0.0
-0.01355728 -0.04516883 -3.317629 -6.673508 0.5256856 0.4008057 0.379416 18.49503 nan 0 0.0 0.04715954881640939 7.452675439579065 0.0 0.0
-0.04364567 -0.01113388 -3.489036 -4.205437 0.5238279 0.4152918 0.2693069 18.74494 2.885975 0 0.0 0.04504339900144415 5.464345575662743 0.0 0.0
-0.02193296 -0.03681402 -2.995001 -7.438444 0.5176587 0.4212041 0.7479201 17.91732 nan 0 0.0 0.04285238386510137 8.018758016746546 0.0 0.0
-0.005622174 -0.02185275 -4.609944 -10.02019 0.7672324 0.5883078 0.5685943 18.68621 2.727602 0 0.0 0.02256438616600895 11.029768416391887 0.0 0.0
-0.01246449 -0.02788432 -2.589481 -7.435408 0.4502562 0.346757 0.4128341 18.17398 2.761908 0 0.0 0.030543392293956154 7.873417553758025 0.0 0.0
-0.01035569 -0.04211293 -2.370648 -6.971858 0.7134302 0.5581118 0.5406549 18.90816 nan 0 0.0 0.043367489996090386 7.363883208747135 0.0 0.0
-0.02377093 -0.01582019 -8.545955 -4.218781 0.4621083 0.3477132 0.4662926 18.31899 2.921965 0 0.0 0.028554080701381372 9.530554023139787 0.0 0.0
-0.005977182 -0.03791455 -13.00405 -9.780168 2.25092 1.899706 0.7019506 20.13723 nan 0 0.0 0.03838280612935464 16.27135527578216 0.0 0.0
-0.01514852 -0.01455418 -5.659706 -7.861921 0.8258677 0.6203815 0.250802 18.96854 2.749746 0 0.0 0.021007184810507094 9.687211870124292 0.0 0.0
-0.01446029 -0.04582697 5.070964 -3.629138 2.450331 2.053477 0.4004844 20.00536 nan 0 0.0 0.04805425232240119 6.235809371071248 0.0 0.0
-0.0314569 -0.03767069 0.43158 -1.535324 0.2374969 0.1953323 0.3679445 17.49983 2.049608 0 0.0 0.049077667453599504 1.5948294834796604 0.0 0.0
-0.02792721 -0.03437199 -6.127849 -12.5711 1.50729 1.306063 0.8842755 19.0962 2.770145 0 0.0 0.0442872753163276 13.98510237991846 0.0 0.0
-0.03214723 -0.01551703 -1.29485 -4.622 0.2186908 0.1781663 0.335159 17.24725 2.979951 1 0.0 0.03569625493933222 4.799950054167231 0.0 0.0
-0.02212874 -0.01475557 -0.6538716 -6.165294 0.2212275 0.1892056 0.502677 16.79851 3.166974 1 0.0 0.026597142327936286 6.199870819277009 0.0 0.0
-0.03513935 0.01236754 -3.718982 -6.440395 1.645734 1.458536 0.8728022 19.27312 2.454271 0 0.0 0.03725224777210229 7.437036699677432 0.0 0.0
-0.03980846 -0.02515342 -7.783784 -9.719143 1.749671 1.487898 0.530366 20.01588 nan 0 0.0 0.04708936212424203 12.451868695625771 0.0 0.0
-0.02366211 -0.0125319 -3.870824 -4.068936 0.7080763 0.6225319 0.863778 16.86759 4.595581 1 0.0 0.026775809367077963 5.616005574344812 0.0 0.0
-0.0290311 0.002227853 -5.602343 -3.56535 0.3888133 0.3076168 0.2369022 18.56869 nan 0 0.0 0.029116457480256916 6.640630068912814 0.0 0.0
-0.02524937 -0.01451779 -5.296989 -6.926979 0.4639173 0.3595156 0.1214025 18.43205 nan 0 0.0 0.02912553710888436 8.720156565828507 0.0 0.0
-0.02078815 -0.0107518 1.384552 -6.256171 0.4738506 0.4099597 -0.0522078 18.53865 2.691565 0 0.0 0.023404024945775884 6.407547098691121 0.0 0.0
-0.02434631 -0.0132473 3.668866 -7.975559 0.4892398 0.3727589 0.1520923 18.74647 2.903946 0 0.0 0.027717030286560283 8.778958884083977 0.0 0.0
-0.03343213 -0.02124707 -4.373418 -2.358511 0.2510532 0.2148799 0.5215859 16.98942 3.430149 1 0.0 0.03961243870202641 4.968838812020873 0.0 0.0
-0.0207851 -0.02783401 -2.376929 -3.670119 0.6335811 0.526217 0.1338467 18.96471 2.253927 0 0.0 0.03473834329224841 4.3725924741738735 0.0 0.0
-0.03592239 -0.02315707 -0.7095915 -3.786823 0.3181766 0.2515098 0.1600039 15.87299 3.854689 0 0.0 0.04273953666451006 3.8527326055932365 0.0 0.0
-0.02752033 -0.01891665 -7.016407 -3.984505 0.6075185 0.474568 0.2627317 18.73722 2.313721 0 0.0 0.03339473327534448 8.068844234750973 0.0 0.0
-0.02543713 -0.03213982 -3.249375 -4.942277 0.4351841 0.3712651 0.5659879 18.20923 3.26063 0 0.0 0.04098799351358029 5.914773016384822 0.0 0.0
0.03233836 -0.03691753 -4.670913 -1.697308 0.6157937 0.4968172 0.5945708 16.80742 3.482934 0 0.0 0.04907823905551725 4.96973668320898 0.0 0.0
-0.01101278 -0.03924625 -3.289841 -6.84938 0.5961684 0.4597549 0.3925141 18.29084 2.716059 0 0.0 0.040762108169118294 7.598490652075648 0.0 0.0
-0.02191167 -0.004572193 -0.3288381 -3.436179 0.2220222 0.1886823 0.5295756 17.05841 2.129066 0 0.0 0.022383615235661757 3.4518778390975267 0.0 0.0
-0.04079861 -0.01149905 -0.915365 -7.533044 0.4582406 0.3779356 0.3668267 18.12548 3.139093 0 0.0 0.04238814372952182 7.588454716815605 0.0 0.0
-0.03460481 -0.03571274 -3.339118 -5.488293 0.2628161 0.2074644 0.1247264 17.31918 3.665885 1 0.0 0.04972818791634881 6.424256304956473 0.0 0.0
-0.02694711 -0.01200237 -7.994579 -5.177581 0.2422439 0.1976511 0.3317583 17.28234 3.277233 1 0.01308489 0.02949921393815435 9.524738232560619 0.0 0.0
-0.02924946 -0.0003986205 4.057942 8.539302 1.227967 0.9706751 0.2372162 18.50221 3.093987 0 0.0 0.0292521761343429 9.454447203436485 0.0 0.0
-0.03195905 -0.003016216 -4.054306 1.004503 2.103398 1.652283 0.7173269 20.19268 2.936245 0 0.0 0.03210106596144677 4.176891597665064 0.0 0.0
-0.03691129 -0.01206424 -3.549366 2.109197 0.2096256 0.1784721 0.5054052 16.5761 3.168205 1 0.0 0.03883283682969479 4.1287662790190724 0.0 0.0
0.01005988 -0.04506166 -3.515273 -7.442857 0.6927691 0.5474466 0.08325102 18.77789 nan 0 0.0 0.04617092578203301 8.231237123724355 0.0 0.0
0.01783417 -0.03044468 -7.385258 -10.56322 0.2101673 0.16094 0.3034056 15.99287 3.900164 1 0.0 0.035283652870575916 12.888896480884776 0.0 0.0
-0.03606922 0.009010323 -2.280818 -5.80132 0.4958743 0.395925 0.3360935 18.59027 2.906183 0 0.0 0.03717760820672477 6.23357397417597 0.0 0.0
-0.03535775 0.01028274 1.644093 0.8315176 0.9349897 0.763521 0.3513367 18.10505 2.967833 0 0.0 0.03682261841545356 1.8424069343548293 0.0 0.0
-0.03699262 -0.01455145 -2.311201 -5.789791 0.3320837 0.2618752 0.1841092 15.83281 5.452594 0 0.0 0.039751712309872886 6.234046028550159 0.0 0.0
-0.04463382 -0.004160983 6.936955 0.7212091 2.841211 2.257199 0.800495 20.2209 3.330086 0 0.0 0.04482735400755535 6.974344932532934 0.0 0.0
-0.03861779 0.01599612 3.128561 2.645916 1.709484 1.581989 0.8713149 19.18056 2.382248 0 0.0 0.04179963587806119 4.097409597511213 0.0 0.0
-0.04044317 -0.01028967 -3.572099 -1.721873 0.5593847 0.4499802 0.1821396 18.85122 nan 0 0.0 0.041731610421331694 3.965442963141697 0.0 0.0
-0.0418388 -0.01160242 -1.913744 -4.935697 2.29522 2.045704 0.8633872 19.76541 nan 0 0.0 0.04341775368782222 5.2937246786497125 0.0 0.0
-0.01147797 -0.03978607 -5.426066 -8.531887 0.4258749 0.3240248 0.3703562 18.16214 nan 0 0.0 0.04140863631376672 10.111146721174853 0.0 0.0
0.01911969 -0.03568246 0.007192358 -7.150568 0.9709807 0.7266487 0.4627833 19.03488 2.51412 0 0.0 0.040482100950268135 7.150571617195202 0.0 0.0
0.02577346 -0.02118408 -5.504451 -6.938657 2.737419 2.449742 0.7644879 20.26206 nan 0 0.0 0.033362201453411316 8.856858459693822 0.0 0.0
-0.03803449 -0.009426735 -0.6480287 -4.708145 2.200569 1.878786 0.4882319 20.40225 nan 0 0.0 0.03918527481491389 4.75253306532934 0.0 0.0
