jas1101finalproject/data/gcs/Pal_11.ecsv
# %ECSV 0.9
# ---
# datatype:
# - {name: x, unit: deg, datatype: float64}
# - {name: y, unit: deg, datatype: float64}
# - {name: pmx, unit: mas / yr, datatype: float64}
# - {name: pmy, unit: mas / yr, datatype: float64}
# - {name: pmx_e, unit: mas / yr, datatype: float64}
# - {name: pmy_e, unit: mas / yr, datatype: float64}
# - {name: pm_corr, datatype: float64}
# - {name: g_mag, unit: mag, datatype: float64}
# - {name: bp_rp, unit: mag, datatype: float64}
# - {name: filter, datatype: int64}
# - {name: memberprob, datatype: float64}
# - {name: r, unit: deg, datatype: float64}
# - {name: pm, unit: mas / yr, datatype: float64}
# - {name: member_prob_GMM, datatype: float64}
# meta: !!omap
# - comments: [deg deg mas/yr mas/yr mas/yr mas/yr dimless mag   mag   zeroone float]
# - __serialized_columns__:
#     bp_rp:
#       __class__: astropy.units.quantity.Quantity
#       unit: &id001 !astropy.units.Unit {unit: mag}
#       value: !astropy.table.SerializedColumn {name: bp_rp}
#     g_mag:
#       __class__: astropy.units.quantity.Quantity
#       unit: *id001
#       value: !astropy.table.SerializedColumn {name: g_mag}
#     pm:
#       __class__: astropy.units.quantity.Quantity
#       unit: !astropy.units.Unit {unit: mas / yr}
#       value: !astropy.table.SerializedColumn {name: pm}
#     pmx:
#       __class__: astropy.units.quantity.Quantity
#       unit: !astropy.units.Unit {unit: mas / yr}
#       value: !astropy.table.SerializedColumn {name: pmx}
#     pmx_e:
#       __class__: astropy.units.quantity.Quantity
#       unit: !astropy.units.Unit {unit: mas / yr}
#       value: !astropy.table.SerializedColumn {name: pmx_e}
#     pmy:
#       __class__: astropy.units.quantity.Quantity
#       unit: !astropy.units.Unit {unit: mas / yr}
#       value: !astropy.table.SerializedColumn {name: pmy}
#     pmy_e:
#       __class__: astropy.units.quantity.Quantity
#       unit: !astropy.units.Unit {unit: mas / yr}
#       value: !astropy.table.SerializedColumn {name: pmy_e}
#     r:
#       __class__: astropy.units.quantity.Quantity
#       unit: &id002 !astropy.units.Unit {unit: deg}
#       value: !astropy.table.SerializedColumn {name: r}
#     x:
#       __class__: astropy.units.quantity.Quantity
#       unit: *id002
#       value: !astropy.table.SerializedColumn {name: x}
#     y:
#       __class__: astropy.units.quantity.Quantity
#       unit: *id002
#       value: !astropy.table.SerializedColumn {name: y}
# schema: astropy-2.0
x y pmx pmy pmx_e pmy_e pm_corr g_mag bp_rp filter memberprob r pm member_prob_GMM
[from data line 571]
0.001992118 0.002616636 -3.613656 -7.360198 2.368212 2.374879 0.794692 20.29525 1.02865 0 0.0 0.003288665091252072 8.19945268207214 0.0
0.0422753 -0.001248887 -10.01114 -9.480025 0.7912877 0.5853293 0.3462524 19.47837 1.62117 1 0.0 0.042293743140431175 13.787450746973676 0.0
-0.01810413 -0.002132106 1.149698 -1.716456 2.922272 2.759096 0.8104783 20.37925 1.20167 0 0.0 0.01822924570716342 2.065920301255593 0.0
0.0210624 0.02797477 1.093812 -3.775519 1.611872 1.335558 0.5784196 20.17366 1.285292 0 0.0 0.03501731643505681 3.930771986608356 0.0
0.007159889 0.008793527 -1.778834 -4.763103 0.1795891 0.137362 0.4005786 16.96406 1.453449 1 0.9985106 0.011339758709604452 5.084427262550326 0.0
-0.03049737 0.03912406 -3.033791 -5.901091 2.359573 1.848654 0.5331998 20.56678 0.9500713 0 0.0 0.04960626621507106 6.63526659765544 0.0
0.02323621 -0.01026816 -2.38851 -6.335158 2.343816 1.894195 0.8109635 20.11231 nan 0 0.0 0.025403869094090765 6.770465781987529 0.0
0.01930774 -0.009468777 -0.6819968 -5.189932 1.930369 1.484493 0.450157 20.47887 0.999754 1 0.8786704 0.021504570718415397 5.234550009297288 0.0
0.05010764 0.04256536 -3.283406 -3.343378 2.435087 2.311327 0.7962878 20.26566 1.307491 1 0.09925027 0.06574637220637501 4.686035788565853 0.0
-0.001755183 0.0006577904 -1.280066 -11.63416 2.377527 2.459992 0.8160975 20.09502 0.9209251 0 0.0 0.0018743947219892506 11.70436875145157 0.0
0.03037076 0.02724367 -2.933114 -1.715752 1.310423 0.9315837 0.5570792 19.90475 1.305853 0 0.0 0.04079951737516634 3.398082203611325 0.0
0.002898897 0.02669118 0.8928468 -4.753549 2.178365 1.693338 0.5913779 20.45186 1.381302 0 0.0 0.02684814134365746 4.836672772027402 0.0
-0.001936492 -0.001907594 -11.57033 -16.32705 1.85147 1.359634 0.4813431 20.03423 1.036465 0 0.0 0.002718256083392439 20.01112435650231 0.0
0.005799469 -0.02541761 0.9980564 -4.59781 2.102003 1.538983 0.4123108 20.45688 0.9177303 0 0.0 0.026070840776508553 4.70488824242202 0.0
0.0027477 0.0137484 0.5267055 -1.762443 1.556307 1.333668 0.6471109 20.10545 0.6554203 0 0.0 0.014020283800622582 1.8394629683631172 0.0
0.04282296 0.03403271 -7.697316 -7.649404 0.8056268 0.6165113 0.3866864 19.59198 1.204271 1 0.0 0.054699463005642934 10.851822665297844 0.0
-0.05950967 0.02732724 -0.4575673 -1.492493 2.509637 2.553836 0.8416856 20.22574 1.127594 1 0.1613908 0.06548418793515347 1.5610583554365576 0.0
0.01873551 0.03272037 -1.215471 -3.826319 0.9613852 0.7237939 0.3676154 19.77416 1.320374 1 0.8011865 0.0377046674550645 4.014733719887534 0.0
0.01072632 0.02374801 -1.887962 -4.377865 0.8814115 0.6704561 0.2847019 19.58523 0.8447456 1 0.9470277 0.026058049038684764 4.767609723086507 0.0
0.01800799 -0.01679198 -3.102921 -5.063196 2.620616 2.684838 0.8300502 20.33667 1.806036 1 0.8090987 0.0246223129734089 5.938356040745368 0.0
0.008550236 0.01809564 -1.623967 -7.489354 3.020317 2.065964 0.6377912 20.71571 nan 0 0.0 0.020013963192363874 7.663399516820522 0.0
-0.027354 0.03637865 4.477186 1.061518 0.6917227 0.5317008 0.3704796 19.20097 1.46571 1 0.0 0.04551535446223065 4.601305786721851 0.0
0.02801309 0.02216552 0.1386913 -2.829429 1.443518 1.13707 0.399824 20.38631 0.997551 1 0.5692184 0.03572175091199338 2.832826105276618 0.0
-0.03270497 0.05579458 -2.716431 -3.144027 2.374792 1.75244 0.5310435 20.5724 2.108295 1 0.184924 0.06467341200274886 4.154985337457883 0.0
-0.002238749 0.008762112 -2.032181 -5.280387 1.142066 0.8708105 0.381267 19.97757 0.6300945 0 0.0 0.00904359462744461 5.657936592657256 0.0
0.04995236 0.008465801 -5.014245 -8.802365 0.9533956 0.7278217 0.4094258 19.80249 1.245333 0 0.0 0.05066466279510011 10.130364382057044 0.0
-0.0007881581 0.009923693 -3.600921 -3.687141 1.717126 1.271399 0.5291355 20.26444 0.9808216 0 0.0 0.00995494228756976 5.153798676910265 0.0
0.03133247 -0.04279472 -5.222474 -9.493295 1.536173 1.171026 0.5192652 20.03804 2.272625 0 0.0 0.05303877577941727 10.834984293375832 0.0
-0.008131692 0.004085219 -2.416842 -5.920042 0.4714536 0.3550878 0.3935477 18.71785 1.359701 1 0.9063841 0.009100188407985023 6.394374287975954 0.0
0.01749425 -0.01727357 -0.6741976 -5.839181 2.488083 2.523649 0.7886943 20.3417 1.197935 1 0.7606029 0.024585056510152668 5.877973898768754 0.0
-0.01505267 0.01822944 1.528186 -4.104643 2.322635 2.386331 0.7835394 20.2793 0.8631859 0 0.0 0.023640967764507866 4.37989116394974 0.0
0.01686122 0.02060831 -5.946461 -6.332338 2.860122 2.156377 0.2406607 20.58441 0.7108879 0 0.0 0.02662711364276083 8.686708408296264 0.0
0.03064469 0.05304101 0.5030972 4.997764 0.8816835 0.6473232 0.4478479 19.48293 1.590193 0 0.0 0.061257209918638963 5.023022177170218 0.0
0.008610662 0.01733079 -1.233116 -6.349091 1.749645 1.372929 0.5317484 20.35955 1.175648 0 0.0 0.01935199685051504 6.467730018772969 0.0
0.03042862 -0.007361836 2.47224 -2.664415 1.420279 1.187113 0.6001215 19.99121 1.041094 0 0.0 0.03130650961693584 3.634704652351412 0.0
0.01444408 0.03715513 -2.474591 -5.739423 0.2385345 0.1684356 0.3382897 17.44389 1.225569 1 0.007103844 0.03986395781107666 6.250166157008149 0.0
0.004319195 0.01377461 -1.821319 -6.388612 1.490712 1.185283 0.5653336 20.1511 0.9545193 0 0.0 0.014435904062445309 6.643159352770713 0.0
0.00362402 0.003581744 -3.465397 -3.675142 2.921332 2.388508 0.5660416 20.54141 0.5881386 0 0.0 0.005095332279835732 5.051301326170614 0.0
0.03520353 -0.004669998 -8.698033 -5.808232 2.505473 1.951294 0.3745699 20.52189 0.4520607 0 0.0 0.035511933287007955 10.459031362172743 0.0
-0.02792713 0.02024149 -0.2335433 -0.9709354 1.931433 1.483925 0.4854902 20.35454 1.007599 0 0.0 0.03449119463655906 0.9986280708792689 0.0
-0.02436346 0.06186387 -0.9062268 -1.709712 0.4876521 0.3821306 0.4384485 18.8137 1.229483 1 0.0 0.06648846963608428 1.9350354353298649 0.0
0.002777911 0.01231025 -1.72359 -4.973906 0.8374558 0.6383001 0.2900394 19.39631 1.264572 0 0.0 0.012619787818597466 5.264076688740012 0.0
-0.009824315 0.01581204 -0.262157 -3.547695 3.190953 2.201561 0.6695422 20.63922 1.514605 1 0.8489965 0.018615525084746468 3.557367862011743 0.0
0.01066511 -0.005592727 -6.742844 -6.902958 2.220287 1.813024 0.381699 20.60379 0.9282799 0 0.0 0.012042556481438193 9.649703330056319 0.0
-0.01750043 0.01397596 -4.561036 -6.106731 2.217886 2.257375 0.7742108 20.21477 1.330666 1 0.7831816 0.02239626102961162 7.622021575648878 0.0
0.01139104 0.01774223 -1.570294 7.252854 1.407712 1.054978 0.3772972 19.89362 1.951361 0 0.0 0.021084176949895388 7.4208971419736045 0.0
0.02888904 0.01539438 -1.3133 -5.774543 2.681127 1.753668 0.5683078 20.45056 0.846056 0 0.0 0.032734745572648036 5.922001667413562 0.0
-0.03572707 0.05214891 -1.776278 -9.315514 1.472502 1.063603 0.2512327 19.69098 2.000298 0 0.0 0.06321338738726948 9.483351971612148 0.0
-0.002208551 0.01284288 0.09117342 -3.785394 0.58094 0.4448172 0.3759214 18.91305 1.204391 0 0.0 0.013031395328743617 3.7864918232779132 0.0
-0.01323872 -0.002317885 -2.87954 -7.849143 2.676682 2.064826 0.4491112 20.62129 0.6330204 0 0.0 0.013440100375801702 8.360669617085046 0.0
0.02108897 -0.04243548 1.66821 -6.698244 1.14965 0.8577986 0.3008528 20.02524 2.31303 1 0.00342821 0.04738686124329507 6.902854285557242 0.0
0.01006014 -0.0289768 -7.435624 -8.770797 1.320503 1.019393 0.326571 19.86889 1.794292 0 0.0 0.030673463369166515 11.49849487039869 0.0
0.005739481 0.00637217 -1.0119 -3.939129 1.282585 0.9582068 0.4970321 20.04668 nan 0 0.0 0.008575907687134988 4.067023344983528 0.0
-0.01804586 0.04684288 -2.787996 -7.894624 1.182157 0.9745735 0.5726946 19.64087 nan 0 0.0 0.05019868992149098 8.372455422239764 0.0
0.004107625 0.01151822 -6.081649 -10.37033 2.392828 2.517932 0.8057401 20.30314 0.9898987 0 0.0 0.012228735630024266 12.02207132186883 0.0
0.007824363 -0.01102861 -1.93208 -4.706497 0.5855585 0.4466046 0.3206442 19.00285 1.392693 0 0.0 0.013522237051903394 5.0876366947148455 0.0
-0.005170092 0.003616059 0.2321446 -2.894519 0.7887587 0.5547236 0.3246303 19.20758 0.9665565 0 0.0 0.006309178550330067 2.903813244110261 0.0
0.02420546 0.02732753 -0.7256969 -4.181077 1.053631 0.8049814 0.3954918 19.93647 1.365253 1 0.8459646 0.03650613906882649 4.243588207001077 0.0
0.002415242 0.009426822 -3.204475 -4.122785 1.461936 1.171182 0.5900949 20.07763 0.8184071 0 0.0 0.009731308593310973 5.221687101105351 0.0
0.03623242 0.0112968 -3.618486 -14.7968 1.478275 1.247775 0.5991006 20.11844 1.300631 0 0.0 0.03795268039673087 15.232817571683709 0.0
0.05255075 0.003942673 1.149656 -7.91123 2.714942 1.734868 0.4066153 20.6689 0.7582569 0 0.0 0.05269844396134889 7.994327303234212 0.0
-0.009552408 0.01943934 -4.024638 -7.861827 1.406776 1.106748 0.6699984 19.90571 1.203516 1 0.5626658 0.021659557664783093 8.832102513499999 0.0
0.005013959 -0.01229123 -1.825672 -5.023152 0.2777653 0.2097336 0.3661781 17.91142 1.432989 1 0.9979492 0.013274566650801864 5.344636027522173 0.0
0.005739491 0.007044511 -2.186748 -5.344533 0.7131223 0.5422286 0.3601635 19.37205 1.085838 0 0.0 0.009086632608849222 5.7745908775941 0.0
0.02281256 -0.02058403 -5.994924 -7.560971 2.626952 2.773973 0.8590969 20.3134 1.167576 1 0.592248 0.03072645740716785 9.649217389437187 0.0
0.01852225 -0.004896826 -1.401882 -3.638932 2.18722 1.806704 0.5456063 20.55121 1.016142 0 0.0 0.019158618163551775 3.899628090286047 0.0
0.005770077 0.03289671 -2.671443 -21.17997 1.000638 0.7667715 0.3585942 19.80073 1.354969 1 0.0 0.03339891191955255 21.347780608371192 0.0
0.04583751 -0.03440948 6.566056 -0.1120314 0.3253325 0.2459869 0.3469654 18.23588 1.234777 1 0.0 0.05731570148633357 6.56701168186276 0.0
-0.005109906 0.02398654 -1.071878 -5.375795 1.849401 1.378573 0.5584505 20.3892 0.5836277 0 0.0 0.02452478828655685 5.481614208324862 0.0
0.002656996 0.007588137 -0.7120089 -4.960764 0.9578795 0.7306891 0.2948027 19.71098 0.8405972 0 0.0 0.008039866346823497 5.011600157372414 0.0
0.02952039 -0.03006017 -5.16448 -2.075664 1.297191 0.8804835 0.3801791 19.91077 1.769842 0 0.0 0.04213154692366517 5.565989104489516 0.0
-0.0283219 0.04755565 -3.800177 -7.849328 2.731813 1.992535 0.7026619 20.53727 1.705973 0 0.0 0.05535042788030188 8.720854045499959 0.0
-0.03152436 0.03144023 -0.1477247 -4.732095 0.0818117 0.06082638 0.2674738 15.41296 1.49528 1 0.0 0.04452272830659078 4.734400244594355 0.0
0.01973172 0.009231802 -2.341443 -5.081307 0.4946355 0.3829917 0.3927446 18.84463 1.449127 1 0.9847774 0.0217845574278112 5.594822262636946 0.0
-0.04627211 0.02467536 0.03221129 -5.110087 0.2391681 0.1860352 0.3790368 17.4184 0.9698677 1 0.0 0.05244026654186361 5.110188520472847 0.0
0.02731609 -0.006191457 -1.630591 -3.751357 0.754497 0.5741699 0.3654706 19.49055 1.398417 1 0.8268168 0.028008979143677285 4.090416403097612 0.0
0.004682438 0.06530734 0.3472 -1.446918 0.1952418 0.1522864 0.4045568 17.22949 1.254038 1 0.0 0.06547498670102533 1.4879917804625131 0.0
-0.04240451 0.03244346 -0.003884619 1.616445 1.181085 0.9433794 0.4833991 20.0281 1.978395 0 0.0 0.05339213954424096 1.6164496677254676 0.0
0.01401911 -0.0166955 10.88216 -11.10383 4.212527 2.888036 -0.006314409 20.59648 1.050318 0 0.0 0.021800806531917575 15.54723277417882 1.0
0.01377737 -0.01633119 -1.803118 -6.551912 3.178468 2.977038 0.808526 20.48531 1.107506 0 0.0 0.02136641502295132 6.795497434159474 0.0
-0.0006974828 0.002385851 -2.712878 -5.751346 0.6544803 0.5000964 0.3240688 19.17829 0.820673 0 0.0 0.0024857126242783657 6.359063441624088 0.0
-0.04439837 0.02487632 -2.570237 -5.614818 0.493065 0.3815655 0.4078666 18.7428 1.399511 1 0.7713721 0.050892499991642186 6.175135578211461 0.0
5.802289e-05 0.002786395 -6.073258 -4.505601 2.458025 1.808851 0.6782268 20.30659 nan 0 0.0 0.0027869990584478053 7.562070027827367 0.0
0.04393628 -0.01162313 -4.442218 -6.930213 3.151394 2.387628 0.5174699 20.6662 1.245993 0 0.0 0.045447704576087225 8.231716284280758 0.0
-0.01541606 0.03742164 -5.779945 -8.098709 0.2140207 0.166173 0.3847204 17.46536 1.151787 1 0.0 0.040472633299715004 9.94971616025834 0.0
-0.005230382 -0.008121765 -4.303077 -6.473267 0.3322335 0.2478016 0.3258114 17.97773 0.7712479 1 0.0 0.009660225803838594 7.773008254287268 0.0
0.0238406 -0.01020239 -1.847517 -5.065687 0.1474142 0.115982 0.4643166 16.39966 1.735924 1 0.998059 0.025931890985273327 5.3920778784489 0.0
0.01048354 -0.0153326 -0.01602904 -3.708285 2.174928 1.787228 0.4427275 20.54553 nan 0 0.0 0.018573993477214317 3.708319642553527 0.0
0.007945297 -0.008136114 -2.259171 -4.895644 1.01151 0.8133357 0.4273088 19.75499 0.8377285 0 0.0 0.01137207524769358 5.391770004551103 0.0
0.03064443 0.04961208 0.5893468 -5.912763 2.16912 2.238127 0.8022355 20.13601 1.519314 0 0.0 0.05831328812501744 5.942061590461616 0.0
-0.03515052 0.02536026 2.066147 -6.503246 0.47195 0.3658652 0.4133917 18.71422 0.9478512 1 0.0 0.043343994319144145 6.823574720197985 0.0
-0.01689502 -0.009685154 -1.213592 -4.478507 0.4200256 0.326662 0.4329806 18.33798 1.4268 1 0.9812 0.01947418570323586 4.640024837381046 0.0
-0.01626027 -0.01329669 -5.056372 -5.12966 0.3133397 0.2358296 0.3866672 18.00417 1.171911 1 0.0 0.02100472197933122 7.202798728132281 0.0
0.01362799 0.03485633 -6.110042 -5.739927 3.246694 2.131969 0.5400811 20.64575 0.8155308 0 0.0 0.03742573783519838 8.383279501906935 0.0
-0.0009090711 0.02334332 -1.405916 -4.461017 1.159407 0.8944651 0.4385167 19.96181 1.083088 1 0.9429443 0.02336101450894749 4.677314664777751 0.0
0.01556054 -0.009701313 1.505942 -6.598915 0.9028037 0.6943163 0.380495 19.71687 1.512182 0 0.0 0.01833700845327746 6.768570047254368 0.0
-0.005653835 0.01935072 -0.5154474 -3.335753 2.71655 2.642659 0.7952035 20.39833 1.35861 0 0.0 0.020159767228954427 3.37534207143154 0.0
-0.02559906 0.004097847 -3.172353 -4.955972 1.962586 1.777573 0.8076032 19.77291 1.260891 0 0.0 0.02592497295888675 5.884342106080593 0.0
0.04837883 -0.008802667 -4.900549 -6.278281 1.148679 0.8292637 0.2111777 19.87682 1.113443 0 0.0 0.04917314448438079 7.964432987750101 0.0
0.0005717973 0.02422642 -2.440211 -6.270297 2.832988 2.217932 0.7498043 20.54217 1.32976 0 0.0 0.02423316690341333 6.728391649772626 0.0
-0.006862387 0.001084029 -3.458924 -5.601842 2.33069 2.213213 0.79181 20.07236 0.6672935 0 0.0 0.006947479702065347 6.583675951225121 0.0
0.007522914 0.02927177 0.8410619 2.729987 0.8492171 0.6645672 0.3511559 19.50114 1.146198 1 0.0 0.03022301695701963 2.856608853133486 0.0
0.01208533 -0.009307328 2.487264 -0.1677771 2.289365 2.26119 0.868002 19.80915 1.392906 0 0.0 0.0152539029664045 2.492916236254321 0.0
0.003503542 0.05062315 -0.2542711 -2.139734 0.1694676 0.1338428 0.4401027 16.96041 1.21393 1 0.0 0.05074424225927769 2.154788941648627 0.0
0.007009511 0.05112617 -11.34683 -4.526824 0.227059 0.1861054 0.4534813 17.50804 1.137478 1 0.0 0.05160444267045252 12.216492400680156 0.0
0.03801342 -0.01048194 -1.724571 -4.892234 0.1943849 0.1515814 0.4141061 17.08482 1.520309 1 0.9947512 0.03943210831619329 5.187301672815742 0.0
0.03499156 -0.009792165 -0.511802 -4.80857 1.804972 1.325745 0.4622951 20.33693 1.298897 0 0.0 0.03633587437534461 4.835730217051402 0.0
-0.01644242 0.007299804 -3.515703 -6.564314 2.624459 2.67101 0.8364641 20.25709 0.8808212 1 0.8820225 0.017990005944824364 7.446501586302457 0.0
-0.01777209 0.00639948 -1.298665 -3.740689 0.7522601 0.5808664 0.509511 19.22384 1.375896 0 0.0 0.018889164281103068 3.9597076883206923 0.0
-0.01381353 0.01615858 0.1943113 -3.744311 0.213613 0.172103 0.3477635 17.36342 1.083122 1 0.0 0.021258252954495106 3.749349509718811 0.0
-0.02608265 0.005241272 -2.055644 -4.334115 2.110901 1.485821 0.5038573 20.50354 0.6100674 0 0.0 0.02660405163129263 4.7968974439694865 0.0
0.01815933 -0.01133411 0.7714401 -4.889238 0.1563637 0.1195818 0.3549622 16.93758 1.425488 1 0.0 0.021406151348175598 4.949724037613815 0.0
-0.01502205 0.007310826 -4.113331 -4.505403 1.951412 1.483522 0.5687262 20.36454 nan 0 0.0 0.01670659040632696 6.100667841144115 0.0
