jas1101finalproject/data/gcs/Pal_4.ecsv
# %ECSV 0.9
# ---
# datatype:
# - {name: x, unit: deg, datatype: float64}
# - {name: y, unit: deg, datatype: float64}
# - {name: pmx, unit: mas / yr, datatype: float64}
# - {name: pmy, unit: mas / yr, datatype: float64}
# - {name: pmx_e, unit: mas / yr, datatype: float64}
# - {name: pmy_e, unit: mas / yr, datatype: float64}
# - {name: pm_corr, datatype: float64}
# - {name: g_mag, unit: mag, datatype: float64}
# - {name: bp_rp, unit: mag, datatype: float64}
# - {name: filter, datatype: int64}
# - {name: memberprob, datatype: float64}
# - {name: r, unit: deg, datatype: float64}
# - {name: pm, unit: mas / yr, datatype: float64}
# - {name: member_prob_GMM, datatype: float64}
# - {name: member_prob_DB, datatype: float64}
# meta: !!omap
# - comments: [deg deg mas/yr mas/yr mas/yr mas/yr dimless mag   mag   zeroone float]
# - __serialized_columns__:
#     bp_rp:
#       __class__: astropy.units.quantity.Quantity
#       unit: &id001 !astropy.units.Unit {unit: mag}
#       value: !astropy.table.SerializedColumn {name: bp_rp}
#     g_mag:
#       __class__: astropy.units.quantity.Quantity
#       unit: *id001
#       value: !astropy.table.SerializedColumn {name: g_mag}
#     pm:
#       __class__: astropy.units.quantity.Quantity
#       unit: !astropy.units.Unit {unit: mas / yr}
#       value: !astropy.table.SerializedColumn {name: pm}
#     pmx:
#       __class__: astropy.units.quantity.Quantity
#       unit: !astropy.units.Unit {unit: mas / yr}
#       value: !astropy.table.SerializedColumn {name: pmx}
#     pmx_e:
#       __class__: astropy.units.quantity.Quantity
#       unit: !astropy.units.Unit {unit: mas / yr}
#       value: !astropy.table.SerializedColumn {name: pmx_e}
#     pmy:
#       __class__: astropy.units.quantity.Quantity
#       unit: !astropy.units.Unit {unit: mas / yr}
#       value: !astropy.table.SerializedColumn {name: pmy}
#     pmy_e:
#       __class__: astropy.units.quantity.Quantity
#       unit: !astropy.units.Unit {unit: mas / yr}
#       value: !astropy.table.SerializedColumn {name: pmy_e}
#     r:
#       __class__: astropy.units.quantity.Quantity
#       unit: &id002 !astropy.units.Unit {unit: deg}
#       value: !astropy.table.SerializedColumn {name: r}
#     x:
#       __class__: astropy.units.quantity.Quantity
#       unit: *id002
#       value: !astropy.table.SerializedColumn {name: x}
#     y:
#       __class__: astropy.units.quantity.Quantity
#       unit: *id002
#       value: !astropy.table.SerializedColumn {name: y}
# schema: astropy-2.0
x y pmx pmy pmx_e pmy_e pm_corr g_mag bp_rp filter memberprob r pm member_prob_GMM member_prob_DB
0.0001132011 -0.000981079 3.069944 -2.572854 1.155976 2.226147 -0.6542281 19.70896 1.199223 1 0.9976605 0.000987588220506001 4.005512934500649 1.0 0.0
-0.001475427 -0.006249165 0.823761 -2.702647 0.8997346 1.898257 -0.7063 19.25545 0.8241768 1 0.9997755 0.006420977186500042 2.8253996162897024 1.0 0.0
0.00187534 -0.003555983 -0.6739681 0.3013372 1.304271 2.429009 -0.670123 19.63356 1.131626 0 0.0 0.004020188454772861 0.7382662852395807 1.0 1.0
-0.003144008 -0.001244245 -1.888665 1.950947 0.9982262 1.92567 -0.6213167 19.49508 0.9830055 1 0.9998715 0.0033812618833933875 2.7153728434662523 1.0 0.0
-0.01609296 -0.002591537 0.2383808 -1.694731 0.2139982 0.4332857 -0.6498196 16.92097 2.43312 1 0.9987674 0.016300289125778383 1.7114142012293925 1.0 0.0
0.001488308 -0.01075432 0.168679 -0.3346883 1.013793 1.984448 -0.659586 19.53427 1.198341 1 0.9996871 0.010856816262849067 0.3747917597785335 1.0 0.0
-0.003103732 0.006364167 0.9369153 -3.515306 0.916884 1.749267 -0.6504012 19.25548 1.256998 1 0.9994539 0.00708066196988057 3.638019592169631 1.0 0.0
-0.01299597 -0.003185158 -0.7219956 0.4478029 0.2540484 0.4739792 -0.613694 17.34784 1.757847 1 0.9997075 0.01338060042471428 0.8495911273476023 1.0 0.0
-0.01853807 -0.01471424 1.880392 -5.495774 1.360572 2.643113 -0.6612935 19.93505 nan 1 0.9596417 0.023667887487110042 5.808563155612582 1.0 0.0
-0.005133377 -0.008011439 0.60592 -3.266559 0.8793504 1.748223 -0.685997 19.26567 1.262217 1 0.9992408 0.009514973162066722 3.3222803534441523 1.0 0.0
-0.02906876 -0.003265815 0.6542391 -2.399362 1.22324 2.208243 -0.7017182 19.72546 0.8633671 1 0.9840975 0.029251638510548857 2.486959349690463 1.0 0.0
-0.02134758 -0.04291193 10.94786 -17.54096 1.308458 2.49927 -0.65805 19.71042 2.752392 0 0.0 0.04792862305743094 20.67706256461976 1.0 0.0
0.001221255 -0.007042626 -0.1822505 0.1998392 0.2553258 0.4850218 -0.6322035 17.36899 1.666206 1 0.9999754 0.007147730041831532 0.2704643240926426 1.0 0.0
-0.002850107 0.006663613 -0.7181593 1.235361 1.107891 2.140611 -0.6399367 19.575 nan 1 0.9998566 0.00724754083294589 1.4289400199089848 1.0 0.0
-0.005693134 0.009187153 0.2635686 2.872184 1.548572 2.771951 -0.7151137 20.041 0.6866493 1 0.9987148 0.010808124489816214 2.8842519544523078 1.0 0.0
0.0009141936 -0.005671245 0.8238571 3.625718 1.376355 2.584713 -0.6766787 19.87479 1.320635 1 0.9984819 0.005744455569356069 3.7181408710193335 1.0 0.0
-0.05638299 -0.02999175 -1.338391 -1.561754 0.3067269 0.3865256 -0.3138361 18.05963 0.1726017 1 0.0001025094 0.06386349997770714 2.0567853620144714 1.0 0.0
-0.0230336 0.002078964 2.571483 -1.897071 1.39377 2.569871 -0.7355073 19.92289 0.9669418 1 0.9604584 0.023127231141520075 3.195528625803562 1.0 0.0
-0.01510454 0.001297398 -0.5645641 0.8503489 0.4508261 0.8541617 -0.6246929 18.34879 1.539146 1 0.9996958 0.015160157327086154 1.0206987188882035 1.0 0.0
-0.004679589 -0.01054633 0.2723474 -0.6817782 0.4168016 0.8206274 -0.6885875 17.86713 1.546247 1 0.9998959 0.011537921375959406 0.7341625298814971 1.0 0.0
0.05073792 -0.01039094 -2.952195 -5.7385 0.2530825 0.4690755 -0.6340725 17.29893 1.249029 1 0.0 0.051791004624451915 6.453358626949614 1.0 0.0
-0.004358855 -0.002857818 0.4947769 -2.010498 0.8834627 1.717515 -0.6608523 19.30305 nan 1 0.9998853 0.005212172352498428 2.070484578251577 1.0 0.0
-0.00134187 -0.001749732 -0.6888817 0.9862018 0.9480422 1.756515 -0.4733627 19.19301 1.174217 1 0.9999507 0.0022050345051096137 1.2029763035563628 1.0 1.0
-0.01283391 0.01185617 -0.5493473 -0.6086172 0.5767796 1.038899 -0.6808965 18.72541 1.338306 1 0.9994248 0.017472206871400074 0.819876424928251 1.0 0.0
-0.01092516 0.01240146 1.682219 -3.373497 1.739591 3.16863 -0.7442829 20.22921 nan 1 0.995334 0.01652741150807349 3.76966082996468 1.0 0.0
0.003557317 -0.001751587 0.3676222 -2.195386 0.8268308 1.585296 -0.6245337 19.23559 1.114632 1 0.9999014 0.0039651685029842045 2.225952778234264 1.0 0.0
0.006200121 0.004153689 1.352164 -2.217152 1.262138 2.427235 -0.6298021 19.68559 1.183651 0 0.0 0.007462883673444335 2.5969425242003332 1.0 0.0
-0.01087262 0.004360068 1.158115 -0.2402402 0.9249872 1.749667 -0.7286382 19.1489 1.252022 0 0.0 0.011714267310806253 1.1827703525710476 1.0 0.0
-0.01012497 0.005733283 -2.948018 4.569324 0.9670094 1.771448 -0.7163004 19.44417 1.217875 1 0.9963535 0.011635529702552824 5.437787412661514 1.0 0.0
0.0008074229 -0.009211285 0.06157014 -1.294973 0.2761789 0.5200484 -0.6417632 17.51137 1.642885 1 0.9999519 0.009246604949421674 1.2964358653125188 1.0 0.0
0.0005537461 -0.005081877 -0.1322639 1.550035 1.061294 2.02893 -0.6626372 19.48243 0.9957047 1 0.9998884 0.005111957412419847 1.5556677795944127 1.0 0.0
-0.00764281 -0.002809944 -0.2627326 -0.5582009 0.1986388 0.4528249 -0.6488024 16.97502 2.320981 1 0.9999896 0.008142992691832407 0.6169413779797639 1.0 0.0
-0.0003673496 0.004628434 0.03062145 -1.016536 0.28476 0.5306529 -0.6297049 17.52736 1.654406 1 0.9999905 0.004642989017968507 1.016997105451192 1.0 0.0
-0.00406507 -0.0003878138 -1.478236 1.256616 0.6248016 1.196773 -0.63794 18.84516 1.31451 1 0.9998841 0.004083527108808075 1.9401714983866762 1.0 1.0
-0.007268683 0.002082378 0.09532283 -0.599533 0.442978 0.8608072 -0.66218 18.24466 1.517035 1 0.9999684 0.007561087930276502 0.6070636375275733 1.0 0.0
-0.03810854 -0.0454973 3.217134 -3.591862 1.647766 2.258629 -0.3463427 20.38131 2.309139 0 0.0 0.0593486741909337 4.821973019522195 1.0 0.0
0.002903156 -0.0001131947 -0.04335629 0.5192349 0.7978679 1.530876 -0.6293343 19.15027 1.168715 1 0.9999602 0.00290536190524418 0.5210418882014901 1.0 1.0
-0.003290539 0.008511847 -1.514641 0.6512755 1.691964 3.036833 -0.7230384 20.1937 1.019524 1 0.9994353 0.009125743052591936 1.6487259128737104 1.0 0.0
-0.01708081 -0.002593286 -2.420795 6.227445 1.44254 2.798044 -0.6393809 19.94865 1.186277 1 0.9957994 0.01727655065497439 6.681415992141936 1.0 0.0
-0.04485613 0.00839754 0.4085725 -0.1379844 0.6654973 0.8033703 -0.2770152 19.0499 1.171339 0 0.0 0.045635414719584835 0.43124376215733257 1.0 0.0
-0.02834004 0.02535566 3.234602 -8.979001 0.4367706 0.7741319 -0.673141 18.1619 0.4610596 1 0.0 0.038027192392250046 9.543851898285357 1.0 0.0
0.04646568 0.01956959 -11.0399 -16.69686 1.054347 2.017501 -0.6527918 19.49903 2.648617 1 0.0 0.05041853102412346 20.01660625254941 1.0 0.0
0.01300096 0.05906497 -7.274444 10.26312 1.424066 2.46831 -0.6995558 19.79179 2.155518 0 0.0 0.060478885919157774 12.579712542166295 1.0 0.0
