jas1101finalproject/data/gcs/Pal_2.ecsv
# %ECSV 0.9
# ---
# datatype:
# - {name: x, unit: deg, datatype: float64}
# - {name: y, unit: deg, datatype: float64}
# - {name: pmx, unit: mas / yr, datatype: float64}
# - {name: pmy, unit: mas / yr, datatype: float64}
# - {name: pmx_e, unit: mas / yr, datatype: float64}
# - {name: pmy_e, unit: mas / yr, datatype: float64}
# - {name: pm_corr, datatype: float64}
# - {name: g_mag, unit: mag, datatype: float64}
# - {name: bp_rp, unit: mag, datatype: float64}
# - {name: filter, datatype: int64}
# - {name: memberprob, datatype: float64}
# - {name: r, unit: deg, datatype: float64}
# - {name: pm, unit: mas / yr, datatype: float64}
# - {name: member_prob_GMM, datatype: float64}
# meta: !!omap
# - comments: [deg deg mas/yr mas/yr mas/yr mas/yr dimless mag   mag   zeroone float]
# - __serialized_columns__:
#     bp_rp:
#       __class__: astropy.units.quantity.Quantity
#       unit: &id001 !astropy.units.Unit {unit: mag}
#       value: !astropy.table.SerializedColumn {name: bp_rp}
#     g_mag:
#       __class__: astropy.units.quantity.Quantity
#       unit: *id001
#       value: !astropy.table.SerializedColumn {name: g_mag}
#     pm:
#       __class__: astropy.units.quantity.Quantity
#       unit: !astropy.units.Unit {unit: mas / yr}
#       value: !astropy.table.SerializedColumn {name: pm}
#     pmx:
#       __class__: astropy.units.quantity.Quantity
#       unit: !astropy.units.Unit {unit: mas / yr}
#       value: !astropy.table.SerializedColumn {name: pmx}
#     pmx_e:
#       __class__: astropy.units.quantity.Quantity
#       unit: !astropy.units.Unit {unit: mas / yr}
#       value: !astropy.table.SerializedColumn {name: pmx_e}
#     pmy:
#       __class__: astropy.units.quantity.Quantity
#       unit: !astropy.units.Unit {unit: mas / yr}
#       value: !astropy.table.SerializedColumn {name: pmy}
#     pmy_e:
#       __class__: astropy.units.quantity.Quantity
#       unit: !astropy.units.Unit {unit: mas / yr}
#       value: !astropy.table.SerializedColumn {name: pmy_e}
#     r:
#       __class__: astropy.units.quantity.Quantity
#       unit: &id002 !astropy.units.Unit {unit: deg}
#       value: !astropy.table.SerializedColumn {name: r}
#     x:
#       __class__: astropy.units.quantity.Quantity
#       unit: *id002
#       value: !astropy.table.SerializedColumn {name: x}
#     y:
#       __class__: astropy.units.quantity.Quantity
#       unit: *id002
#       value: !astropy.table.SerializedColumn {name: y}
# schema: astropy-2.0
x y pmx pmy pmx_e pmy_e pm_corr g_mag bp_rp filter memberprob r pm member_prob_GMM
0.02776395 0.0002618393 3.215243 -1.35295 1.001097 0.5962978 -0.002304073 19.72936 1.82954 1 0.7720609 0.02776518466391903 3.4883034918924416 0.0
0.004582052 0.01915777 1.09971 -1.425135 0.2055972 0.1162953 0.0359311 17.09418 3.016095 1 0.9975324 0.019698105287148916 1.800103289348975 0.0
-0.01627401 0.03053449 7.744187 -4.745516 1.704299 1.005093 0.03576971 20.37749 2.186831 0 0.0 0.03460055607992739 9.082530175960056 0.0
-0.0008035069 0.006313572 0.7237041 -4.552843 1.358512 0.8374024 0.1030468 20.18618 1.814211 0 0.0 0.006364496424504582 4.610002929175405 0.0
0.00320207 0.002476037 -0.1674061 0.4622187 1.859701 1.108313 -0.1292691 20.2079 nan 0 0.0 0.004047716826838187 0.49160037525097555 0.0
0.004881814 0.01514663 0.7769649 -1.553754 0.3079219 0.1796456 0.1027944 18.01717 2.526258 1 0.9966764 0.01591390927105895 1.7371890940102088 0.0
0.04343259 -0.02260896 -0.9366107 -1.199321 1.285831 0.7174037 0.1991124 19.97581 1.821112 0 0.0 0.048964833772715904 1.5217130032944748 0.0
0.009716364 -0.008223741 4.001912 -2.204549 1.647371 0.8829422 -0.06132572 20.15279 1.730074 0 0.0 0.012729400827045122 4.5689534851150535 0.0
0.01363512 0.009867948 0.7571839 -1.508203 0.1922401 0.1113557 0.06123027 17.04716 2.791656 1 0.9973778 0.016831306994559394 1.6876029591192976 0.0
0.007904676 0.001471143 0.359917 0.001410937 2.280509 1.049278 -0.04165845 20.13596 nan 0 0.0 0.008040408222934019 0.35991976554812594 0.0
0.0233108 -0.0339572 1.485208 -5.230578 0.3863696 0.2180892 0.1643502 18.18367 2.162558 1 0.0 0.04118840648143601 5.437351286917924 0.0
0.03240969 -0.02363194 0.1628257 -0.5702532 0.2779378 0.1605476 0.2071772 17.68894 2.071524 1 0.0 0.04011055464662262 0.5930437763696117 0.0
0.01846966 -0.0009954834 1.263922 -0.08439415 0.977171 0.5873502 -0.01324025 19.58157 1.956448 0 0.0 0.018496467979462337 1.2667364345585954 0.0
0.007026561 -0.01423404 2.490171 0.9430255 2.334525 1.394318 0.2733245 20.4215 1.766224 0 0.0 0.015873892219878557 2.6627520918950096 0.0
0.006471707 0.002241602 3.10361 -1.918637 1.337122 0.7925872 0.04540061 19.97254 2.144613 0 0.0 0.006848924807606885 3.648775543914561 0.0
-0.03375489 -0.0006955953 0.7304914 -1.737296 0.6900064 0.3866605 -0.080165 19.18646 1.886297 1 0.9472626 0.03376205639076924 1.8846259780364802 0.0
-0.007343599 -0.008000796 6.436218 -2.672665 4.359518 2.196206 0.07771056 20.81352 1.985884 0 0.0 0.010860072877583142 6.969077438639134 0.0
0.0426475 -0.01532134 1.199615 -0.3136824 0.9301548 0.5014546 0.1206011 19.40265 1.968512 1 0.3912391 0.04531614188835585 1.2399487071225004 0.0
0.03538988 0.02071309 -0.04228166 -0.589465 1.036591 0.6202502 -0.03449817 19.86457 1.671345 0 0.0 0.04100580085503147 0.5909794624158742 0.0
0.003841146 -0.01667944 5.48992 -0.6656359 2.202162 1.255033 0.4051569 20.28759 2.018091 0 0.0 0.01711601943522255 5.530125926031776 0.0
0.01753452 -0.0159283 0.5186947 -1.545973 0.5614931 0.3203804 0.2003375 18.75072 2.179171 1 0.9814426 0.02368902979272051 1.6306675653048017 0.0
-0.0265223 -0.0141638 1.266471 -2.490206 1.041371 0.623807 0.005854839 19.9008 2.028175 1 0.8158382 0.03006735152503459 2.7937563809818853 0.0
0.002049277 0.0006125254 1.210442 -0.5011635 0.770415 0.3584899 -0.131648 18.55849 nan 0 0.0 0.0021388603480298005 1.3100895729286033 0.0
0.03023925 0.01979195 -1.781994 0.7948094 1.616219 0.9429363 -0.03063967 20.39597 1.690983 0 0.0 0.03614046935728699 1.9512110594101193 0.0
0.02143066 -0.01809614 1.341547 -1.27729 0.4835969 0.2687247 0.1947199 18.41741 2.335213 1 0.9766696 0.028048947768770222 1.8523547439162402 0.0
0.002824775 -0.01313944 2.053814 -1.120947 3.783761 1.857396 -0.1438043 20.72238 nan 0 0.0 0.013439651681283448 2.3398021547568932 0.0
0.002512099 -0.01347895 -2.385845 -1.673334 2.022317 1.140318 0.2790257 20.42743 1.829725 0 0.0 0.013711044252291691 2.914155630638316 0.0
0.004218158 0.001795154 -1.50081 -0.08137734 1.682103 0.9596429 0.02267931 19.90672 nan 0 0.0 0.0045842594600087804 1.5030146132241946 0.0
0.0271844 0.02228964 2.690514 -3.004486 1.232695 0.7247184 0.05121659 20.09345 2.129976 0 0.0 0.03515422669736315 4.033088358614524 0.0
0.02244694 -0.01809781 1.245394 -1.518925 0.3082201 0.1746907 0.1911849 17.93341 2.507917 1 0.9917134 0.02883393559956219 1.9642146957145494 0.0
-0.01013918 -0.01831738 0.5497628 -2.285824 1.981618 1.003902 0.1011092 20.26446 1.907415 0 0.0 0.020936317277324586 2.351006272905251 0.0
0.000245039 0.01949525 2.484269 -1.275415 0.646518 0.388633 0.01563065 19.16491 2.32472 1 0.8970402 0.019496789906905725 2.792539325879942 0.0
-0.01608047 -0.01801138 0.7797271 -1.764195 0.4638574 0.2733969 -0.001249632 18.55544 2.844303 1 0.9842579 0.024145213292188994 1.9288230474824304 0.0
-0.006860521 0.006350058 6.168459 -3.205902 2.820163 1.560208 0.06890614 20.62352 1.966326 0 0.0 0.009348261067963656 6.9518122866116725 0.0
-0.007557397 0.00643022 -0.06334455 -1.328677 2.564015 1.407169 0.2465945 20.63197 2.026516 0 0.0 0.009922800948523002 1.3301861156784425 0.0
0.04153194 -0.01171886 4.107521 -1.203425 1.615147 0.8929798 0.3653996 20.1641 1.721792 0 0.0 0.04315360610497343 4.280182297060022 0.0
-0.006568307 -0.006059173 -0.8195167 -2.932278 1.915952 1.33009 0.6418809 20.10009 2.387598 0 0.0 0.008936231548599106 3.044644788947126 0.0
0.0140666 -0.001091613 -0.6646967 -2.498421 2.665963 1.567938 0.222719 20.52416 1.930065 0 0.0 0.014108892745420138 2.5853296107521553 0.0
-0.01306409 -0.01718978 0.376942 -2.370686 0.709091 0.376825 0.1345373 18.89408 2.66177 1 0.8706898 0.021590715226145245 2.400466075986078 0.0
0.02281616 -0.00938114 2.455447 -2.411582 0.9339171 0.5437263 0.1619881 19.48726 1.818907 0 0.0 0.02466947394747606 3.4416489815977744 0.0
-0.04624167 -0.01511174 1.96692 -1.577532 1.032436 0.6406209 -0.115342 19.72048 2.082016 0 0.0 0.048648296272495506 2.521384837232111 0.0
-0.004743899 0.004835493 -3.227718 -1.319876 3.175417 1.619338 0.119132 20.53398 1.70208 0 0.0 0.006773962671527648 3.4871530139785953 0.0
0.01116802 -0.0002012709 -1.679745 -0.3895136 3.021417 1.684808 0.05278148 20.57827 1.879074 0 0.0 0.011169833512438169 1.7243155481552557 0.0
-0.03263563 -0.003700065 -2.050417 -5.6321 1.377314 0.8112501 -0.1087281 19.93566 2.14784 0 0.0 0.03284470773962108 5.9937267441792015 0.0
-0.002262443 0.004595074 -1.638794 -0.484313 2.889418 1.472453 0.02015809 20.29189 nan 0 0.0 0.005121850582916784 1.7088606895838525 0.0
0.007253887 -0.005483103 0.8589721 -1.49863 0.3049952 0.1804762 0.04353699 18.01482 2.418278 1 0.9980432 0.009093035528214876 1.727346214711576 0.0
0.005684287 -0.008960308 0.9291644 -1.10331 0.4107297 0.2414133 0.01001226 18.33772 2.481085 0 0.0 0.010611231698216423 1.442442178503998 0.0
0.004498014 0.006239289 5.280941 -3.919826 3.224306 1.850077 0.1201879 20.50939 2.095297 0 0.0 0.007691609530502508 6.576729712840342 0.0
-0.00699736 0.005432634 0.5873173 1.29898 1.168531 0.707166 -0.1544733 19.87865 2.280327 0 0.0 0.008858699630733397 1.4255843192457225 0.0
-0.006307071 0.004147032 2.119789 -0.6040514 0.9754705 0.577969 -0.04467425 19.43868 nan 0 0.0 0.007548312328465549 2.20417410799668 0.0
-0.008098988 -0.005391481 -0.8796913 -0.18591 1.010342 0.6098556 -0.06200845 19.62771 2.395996 0 0.0 0.00972942310712742 0.8991214108204131 0.0
-0.003937022 -0.01277319 -0.5334515 -1.248918 0.4780373 0.2676723 0.0209029 18.54896 2.841347 0 0.0 0.01336617091782774 1.3580746200324376 0.0
0.004686913 0.005766276 11.81111 -0.5583401 2.879475 1.80648 0.08755771 20.56396 nan 0 0.0 0.007430820437727251 11.8242996874812 0.0
-0.0003736815 -0.0005643303 2.099283 -4.195207 0.4156068 0.2335361 -0.0302568 16.86617 2.78542 0 0.0 0.0006768356897654999 4.69113535159006 0.0
0.02388922 -0.00249916 3.888343 -1.545527 3.052086 1.676246 0.1362826 20.66272 1.263983 0 0.0 0.024019588525076775 4.184240073583015 0.0
0.0006554281 0.0004789909 1.276524 -1.684584 0.3831593 0.2180234 0.002863966 18.1068 2.43924 0 0.0 0.000811799406597726 2.113607526394624 1.0
0.01277647 0.002358596 7.963421 0.05530695 3.147782 1.817974 0.2728296 20.3322 1.784615 0 0.0 0.012992350085804953 7.963613054509825 0.0
0.006706053 0.004044063 0.4759551 -1.145657 3.449389 1.523053 0.0732489 20.51226 1.699839 0 0.0 0.007831065852537443 1.2405898673070845 0.0
0.01235424 -0.006213085 -1.742348 -3.775092 2.927613 1.330266 0.1970139 20.60958 1.892479 0 0.0 0.013828581676904723 4.157775386137159 0.0
0.003710341 -0.003654163 4.070921 -0.5708029 2.61179 1.547124 0.4813634 20.35922 1.260075 0 0.0 0.005207642227232013 4.11074369656993 0.0
0.0007791896 -0.0005166441 0.06870272 -2.026745 0.7884814 0.483826 -0.03208088 18.92165 nan 0 0.0 0.0009349104549704052 2.0279091100836837 1.0
-0.001103208 -0.002794015 3.845648 -1.639593 4.083183 2.029264 0.3366454 20.473 nan 0 0.0 0.0030039287127841432 4.180582943269156 0.0
0.006211778 -0.006825951 4.411946 4.224747 0.9620251 0.5524247 -0.06655018 19.0273 2.278193 0 0.0 0.009229289949702794 6.108498565189731 0.0
0.006537372 -0.005425935 2.983496 -3.647637 4.559701 2.115309 -0.1105913 20.80501 1.550064 0 0.0 0.008495763843858244 4.7123777507522675 0.0
0.0120873 -0.007208756 9.176356 -0.04046272 3.042446 1.639146 0.0606194 20.69232 1.836617 0 0.0 0.014073698318407142 9.176445208818379 0.0
0.007207894 -0.0003065624 0.6277211 -2.332666 2.8166 1.337334 0.1350676 20.56608 nan 0 0.0 0.0072144103307428915 2.4156499015671145 0.0
0.008157902 0.01057875 1.245875 -1.823254 0.3383233 0.193059 0.03001577 18.00931 2.659784 1 0.9924759 0.01335894144773844 2.2082707406794575 0.0
-0.009360767 0.0135219 0.3878883 -1.577814 0.4084593 0.2424469 0.07085121 18.38445 2.638481 1 0.9883689 0.016445842588274067 1.624793633626403 0.0
-0.003708369 0.003797848 1.955841 -1.880037 2.723574 1.478723 0.3244618 20.54092 nan 0 0.0 0.005308074045382656 2.7129049262091733 0.0
0.006562391 0.00939798 0.8825098 -1.86001 0.3264258 0.1877752 -0.006190903 18.08989 2.541492 1 0.9925509 0.01146241701026799 2.058752230647496 0.0
-0.007446875 0.003941122 -1.673319 -3.211622 3.044177 1.637678 -0.09328557 20.53723 2.006371 0 0.0 0.008425460811404264 3.621396463609722 0.0
-0.003128754 0.002279578 0.9609638 -4.465112 0.674125 0.3917731 -0.1594618 18.14534 2.417042 0 0.0 0.003871120955304807 4.56734896821498 0.0
0.0040229 -0.001435903 5.533801 0.01771356 3.585137 1.597176 0.1250849 20.58368 nan 0 0.0 0.004271480052090727 5.533829350260891 0.0
0.02671828 -0.01020599 3.269199 -1.920448 3.930592 1.932469 0.06741695 20.67727 nan 0 0.0 0.0286012013390784 3.7915409297942437 0.0
0.01760454 -0.007219328 4.647358 -3.234246 2.138111 1.086768 0.2149816 20.32405 1.883478 0 0.0 0.019027309988098262 5.662003494230642 0.0
0.00116999 -0.0002686847 2.615343 -3.717716 0.4106281 0.2152965 -0.01504355 17.68527 2.47054 0 0.0 0.0012004449458905186 4.545484711700722 0.0
0.01144858 -0.004231465 4.862274 -0.3085141 1.820096 1.103626 0.4313188 20.13404 1.967363 0 0.0 0.012205543005643993 4.8720518676400415 0.0
-0.006202951 0.002800437 2.191079 -0.5813347 2.070422 1.236365 0.1593748 20.39823 1.893637 0 0.0 0.0068058099076722675 2.2668871206271146 0.0
-0.00668504 0.001184946 -1.4343 -2.573817 3.086931 1.459202 0.06894666 20.53515 nan 0 0.0 0.006789245674190617 2.9464810264939767 0.0
0.02818183 -0.003138839 1.755637 -1.273492 0.7080727 0.395002 0.1648963 19.05667 1.854174 1 0.9508831 0.028356090217391064 2.168880621388139 0.0
0.002212164 -0.001699177 4.805585 -4.13861 1.955765 1.538681 -0.3009734 19.9853 nan 0 0.0 0.0027894214525999834 6.342061173177456 0.0
-0.01022803 0.00331768 -1.561895 -7.559388 2.565013 1.264206 0.2005943 20.40217 2.335468 0 0.0 0.010752655405215032 7.719058422215044 0.0
-0.04343477 -0.002757277 1.223276 -1.942322 0.4080623 0.2274688 -0.141489 18.21792 2.4168 1 0.8856505 0.04352219917935706 2.295434364964505 0.0
-0.003402444 -0.001466445 7.075617 -5.388293 1.416668 0.7880519 -0.02767917 19.69117 nan 0 0.0 0.0037050082471110643 8.893708865514881 0.0
0.008112027 0.01390135 0.7150088 -0.955958 0.7613662 0.4454935 -0.002268169 19.28122 2.464655 0 0.0 0.016095108383332776 1.1937727094557993 0.0
-0.0007125207 -0.01936125 -0.6933623 0.9690742 3.66201 2.538606 0.1959719 20.97078 nan 0 0.0 0.01937435643603236 1.1915771415090717 0.0
-0.01523174 -0.0469212 -1.109921 -3.816235 0.3007579 0.1683057 -0.09853328 17.64223 2.25882 1 0.0 0.04933158129299729 3.9743646286502194 0.0
-0.03197021 -0.01982693 -0.9616319 -1.374554 1.384208 0.8521248 -0.05695173 20.16698 1.860033 0 0.0 0.037619163742286986 1.6775382588822259 0.0
0.01998596 -0.02536346 1.844964 -0.3092549 1.202629 0.6091408 -0.02430909 19.59777 1.989244 0 0.0 0.03229154224085929 1.8707032780401092 0.0
0.03473107 0.0237131 2.425229 -2.402982 0.8130331 0.4652287 -0.02006905 19.34951 2.005869 1 0.4097003 0.0420542308805535 3.414096980866976 0.0
0.002883105 -0.003423402 -0.4335285 -2.727621 0.3998334 0.2221527 -0.01086464 17.24008 2.766838 0 0.0 0.004475709518571218 2.7618586640074922 0.0
-0.02706488 -0.02072874 0.9284548 -4.536523 0.7951972 0.4997299 -0.1763613 19.30192 2.045021 0 0.0 0.034090884286008184 4.630558200171124 0.0
0.0004470006 0.0007193156 5.96672 -2.307005 2.248939 1.47124 0.5659136 19.83414 nan 0 0.0 0.0008468910607650314 6.397188415892172 0.0
0.004680015 0.01349485 3.213373 0.7276241 2.351611 1.343426 0.245137 20.44572 nan 0 0.0 0.014283330036189914 3.2947234888575716 0.0
0.001430517 0.0002825426 -4.678664 -6.148804 2.944468 1.458604 0.2929923 19.98734 nan 0 0.0 0.0014581526696830344 7.726427858675185 0.0
-0.02830303 -0.02184989 1.127322 -0.7042351 0.8741675 0.5994557 -0.03930031 19.57419 2.080862 1 0.8402136 0.035755827499765684 1.3292110320622568 0.0
0.01336092 0.01459241 0.3481098 -1.542091 0.6037307 0.3355944 -0.00887088 18.98622 2.417793 1 0.9822902 0.019785161431095277 1.5808937614960217 0.0
-0.006846827 0.01551487 0.2855512 -1.797984 0.5559752 0.3439595 0.04571711 18.92242 2.373251 1 0.9793423 0.016958485518607756 1.8205180449744078 0.0
0.01007444 -0.006442239 0.3713569 -1.515255 1.376752 0.7822166 -0.1801549 19.91802 2.163225 0 0.0 0.01195812630167122 1.5600973245931198 0.0
-0.01103216 -0.02233035 0.3279671 -0.09629055 2.157004 1.176448 0.2790906 20.40892 2.125439 0 0.0 0.02490688831203328 0.34181031099385006 0.0
0.01011312 -0.00266187 3.170326 -0.3147067 3.031543 1.845918 0.2033053 20.69069 1.850594 0 0.0 0.01045756893504891 3.185907602756378 0.0
0.001808331 -0.0018327 6.335204 -1.152645 1.826669 0.9751012 -0.07873093 19.91602 nan 0 0.0 0.00257465537413476 6.439208042736389 0.0
0.002492234 -0.001348218 0.6201633 -0.4736583 0.473744 0.2650544 -0.02654071 18.47953 2.31403 0 0.0 0.0028335352629321555 0.7803554983632652 0.0
0.002629026 -0.001655298 0.2903092 -3.560849 0.9629116 0.4891679 0.2519417 18.91221 nan 0 0.0 0.0031067328783595154 3.5726635767177464 0.0
0.02620953 0.01549348 2.657133 3.578835 0.6194359 0.3623904 -0.01494537 19.15656 2.308762 1 0.0 0.03044646753453182 4.457400109583388 0.0
0.03377956 -0.02842653 0.9751593 -5.352442 0.8957183 0.5150803 0.1157154 19.36566 2.292995 0 0.0 0.04414891031083893 5.440548779649025 0.0
-0.003324157 0.002098386 3.623865 -2.16627 1.510649 0.9596515 -0.7445823 19.04196 nan 0 0.0 0.003931061379022846 4.221980962904143 0.0
0.01095394 -0.007655215 1.122938 -0.7856102 0.4498504 0.2620358 0.0123019 18.6271 2.288078 1 0.8858066 0.013363798794497955 1.3704645702053155 0.0
0.0279686 -0.03080499 -2.816952 -1.499826 2.931429 1.39932 0.2441076 20.5671 2.000563 0 0.0 0.04160757136459781 3.191347145106593 0.0
-0.01187538 0.007073444 0.4533172 0.08093821 3.391469 1.68865 0.1787252 20.76778 1.858341 0 0.0 0.013822382579191475 0.46048613188004267 0.0
-0.004418731 -0.00544704 0.8554231 -1.7106 0.2492458 0.1363625 -0.02606023 17.37332 2.823636 1 0.9978571 0.007013945281506052 1.9125639963184524 0.0
0.009540068 -0.004082905 1.091083 -1.509251 0.3199103 0.1958259 0.08525014 17.85466 2.460445 1 0.9978767 0.010377042482501892 1.8623374275060898 0.0
-0.004001642 -0.0005184695 1.07439 -1.320854 0.2794544 0.1577848 0.0005154925 17.53808 2.689293 0 0.0 0.004035089753474419 1.7026359450616564 0.0
