jas1101finalproject/data/gcs/Pal_12.ecsv
# %ECSV 0.9
# ---
# datatype:
# - {name: x, unit: deg, datatype: float64}
# - {name: y, unit: deg, datatype: float64}
# - {name: pmx, unit: mas / yr, datatype: float64}
# - {name: pmy, unit: mas / yr, datatype: float64}
# - {name: pmx_e, unit: mas / yr, datatype: float64}
# - {name: pmy_e, unit: mas / yr, datatype: float64}
# - {name: pm_corr, datatype: float64}
# - {name: g_mag, unit: mag, datatype: float64}
# - {name: bp_rp, unit: mag, datatype: float64}
# - {name: filter, datatype: int64}
# - {name: memberprob, datatype: float64}
# - {name: r, unit: deg, datatype: float64}
# - {name: pm, unit: mas / yr, datatype: float64}
# - {name: member_prob_GMM, datatype: float64}
# meta: !!omap
# - comments: [deg deg mas/yr mas/yr mas/yr mas/yr dimless mag   mag   zeroone float]
# - __serialized_columns__:
#     bp_rp:
#       __class__: astropy.units.quantity.Quantity
#       unit: &id001 !astropy.units.Unit {unit: mag}
#       value: !astropy.table.SerializedColumn {name: bp_rp}
#     g_mag:
#       __class__: astropy.units.quantity.Quantity
#       unit: *id001
#       value: !astropy.table.SerializedColumn {name: g_mag}
#     pm:
#       __class__: astropy.units.quantity.Quantity
#       unit: !astropy.units.Unit {unit: mas / yr}
#       value: !astropy.table.SerializedColumn {name: pm}
#     pmx:
#       __class__: astropy.units.quantity.Quantity
#       unit: !astropy.units.Unit {unit: mas / yr}
#       value: !astropy.table.SerializedColumn {name: pmx}
#     pmx_e:
#       __class__: astropy.units.quantity.Quantity
#       unit: !astropy.units.Unit {unit: mas / yr}
#       value: !astropy.table.SerializedColumn {name: pmx_e}
#     pmy:
#       __class__: astropy.units.quantity.Quantity
#       unit: !astropy.units.Unit {unit: mas / yr}
#       value: !astropy.table.SerializedColumn {name: pmy}
#     pmy_e:
#       __class__: astropy.units.quantity.Quantity
#       unit: !astropy.units.Unit {unit: mas / yr}
#       value: !astropy.table.SerializedColumn {name: pmy_e}
#     r:
#       __class__: astropy.units.quantity.Quantity
#       unit: &id002 !astropy.units.Unit {unit: deg}
#       value: !astropy.table.SerializedColumn {name: r}
#     x:
#       __class__: astropy.units.quantity.Quantity
#       unit: *id002
#       value: !astropy.table.SerializedColumn {name: x}
#     y:
#       __class__: astropy.units.quantity.Quantity
#       unit: *id002
#       value: !astropy.table.SerializedColumn {name: y}
# schema: astropy-2.0
x y pmx pmy pmx_e pmy_e pm_corr g_mag bp_rp filter memberprob r pm member_prob_GMM
[from data line 113]
-0.01847318 -0.03393942 -3.351744 -3.395166 0.0805312 0.06886261 0.2727228 14.93901 1.461954 1 0.9998424 0.03864120351708523 4.770884614942181 1.0
-0.003746005 0.06469258 -5.433072 -5.333114 2.555545 2.827714 0.4639512 20.71962 0.8459244 0 0.0 0.06480094490450293 7.61317123767619 1.0
-0.00166809 0.0008250638 -3.307334 -3.330249 0.07378254 0.07059074 0.3128956 15.04314 1.472957 1 0.9999952 0.0018609821391325709 4.693507919409213 1.0
0.007775812 0.02028745 -2.961043 -3.17597 0.1405646 0.1304949 0.2912835 16.51316 1.083341 1 0.9997696 0.021726570823805674 4.342183907752987 1.0
-0.0007294613 -0.005081987 -4.791897 -4.127416 1.781874 1.611916 0.155781 20.57975 0.8083191 0 0.0 0.005134073008476475 6.324384530977302 1.0
0.00421957 0.003743256 -3.880473 -3.179184 1.465756 1.440393 0.1789001 20.40696 0.8947716 0 0.0 0.005640632629983626 5.016500932879909 1.0
-0.002777128 -0.01058281 -4.222549 -2.206954 1.492548 1.148383 0.1481807 20.16675 0.702013 0 0.0 0.01094112916588064 4.764511099317222 1.0
-0.04681902 0.04130683 -4.594448 -2.491578 1.370521 1.128931 0.06324149 19.71268 0.7108364 0 0.0 0.062436166109149434 5.226558461816724 1.0
-0.01998762 0.02017758 -11.33028 -19.96348 1.387375 1.405142 0.3350488 20.24651 2.190134 0 0.0 0.028401402921700892 22.954646122055554 1.0
0.02386638 -0.04110038 -5.782328 -4.180201 1.395744 1.049125 0.107672 20.01215 0.9921417 0 0.0 0.04752731141616155 7.135082164907774 1.0
0.03887761 -0.04895804 4.484555 -7.746221 1.11241 0.7414443 -0.1100078 19.41116 1.414803 1 0.0 0.06251686364456953 8.950707979197288 1.0
0.003252484 0.002604594 2.537879 -5.86645 1.570245 1.209122 -0.08510328 19.73742 nan 0 0.0 0.004166840778706573 6.391874953496901 1.0
0.008828 0.01494682 8.130319 -11.39856 0.1201565 0.1150473 0.3092146 16.17272 0.8069019 1 0.0 0.0173591765966131 14.001044857986885 1.0
-0.02908036 -0.03056131 -2.307317 -3.894565 2.126397 1.624463 0.3459635 20.31405 0.4152985 0 0.0 0.04218602857162191 4.526737045346681 1.0
-0.008664867 -5.256195e-05 -2.416458 -3.255999 1.041497 0.8073754 -0.06273801 19.57224 0.4979763 0 0.0 0.008665026421556763 4.054725484390405 1.0
0.002228566 0.003955015 -3.671837 -1.973866 1.13383 1.105286 0.1803708 20.07616 0.3941021 0 0.0 0.004539675105839734 4.168756881916359 1.0
-0.02997036 0.01111026 -5.053123 -4.438497 1.616999 1.813125 0.5148427 20.37356 0.7566032 1 0.9849866 0.03196342215403726 6.72564552085062 1.0
-0.01304472 -0.00282617 -2.876855 -3.275223 0.2950593 0.2111928 0.1716933 17.36357 1.163153 1 0.9998507 0.013347357669115637 4.359286683708012 1.0
-0.009205664 0.006260729 -4.170375 -3.738481 1.369429 1.317717 0.10298 20.23908 nan 0 0.0 0.01113287821240927 5.600738150278587 1.0
-0.01367128 0.006172644 -2.767506 -2.259452 1.488114 1.520728 0.358695 20.26982 0.8462448 0 0.0 0.015000181025212195 3.572703850074898 1.0
-0.04789751 0.03325747 -4.358364 -3.981406 0.8281171 0.6919637 0.04098451 19.23021 0.9057751 0 0.0 0.05831149779418292 5.903128873176664 1.0
-0.004056993 -0.008532435 -6.347712 -4.150853 1.543894 1.166844 0.1042889 20.06188 1.252041 0 0.0 0.009447837807206155 7.584393730717901 1.0
0.0006073411 0.01029124 -4.318403 -5.286377 3.06922 2.067602 -0.2344925 20.61728 nan 0 0.0 0.010309145645947058 6.826008076213945 1.0
-0.02337663 0.04495926 -3.409952 -3.549745 0.3438356 0.32132 0.2737454 18.10564 1.089096 1 0.9972852 0.05067348310412952 4.922241583600809 1.0
-0.009091199 -0.004937307 -3.125922 -3.20981 0.2350672 0.170541 0.08860581 16.9958 1.193754 1 0.9999522 0.010345380595698256 4.480431741047284 1.0
0.005073422 0.02011019 -4.182168 -1.948291 1.385443 1.298968 0.1907653 20.31699 1.034992 0 0.0 0.02074028333042208 4.613715097500603 1.0
0.002683741 0.008734824 -4.608039 -3.918608 1.187564 1.136441 0.1129406 20.12399 0.8999157 0 0.0 0.009137812433293705 6.048926523209304 1.0
-0.008038942 -0.003647879 -2.78867 -3.224976 0.2232298 0.2068866 0.2776251 17.42389 1.162899 1 0.9997507 0.008827888177701675 4.26346696591823 1.0
0.0001806697 0.003791 -2.576733 -4.163287 0.9536212 0.7363857 -0.05292036 19.39485 nan 0 0.0 0.0037953026941863403 4.896173158463455 1.0
0.0360223 0.0180879 -4.836437 -6.015836 1.524471 1.475442 0.1993936 20.4451 0.9990883 0 0.0 0.04030853785117987 7.718899250143442 1.0
0.01238311 0.008595091 -0.4724254 -3.945923 3.334715 2.260583 -0.09293412 20.6312 0.8507748 0 0.0 0.015073718936293756 3.9741029277679965 1.0
-0.04464297 -0.004373494 0.8360148 -2.9051 3.691659 3.188686 0.5255965 20.87815 0.4401855 0 0.0 0.04485668534554171 3.0229996288155645 1.0
0.03597969 -0.03988405 -0.1218358 -13.04399 1.592771 1.089654 -0.09837203 19.92013 1.740711 0 0.0 0.05371476088468234 13.044558983816266 1.0
0.002882464 -0.01090896 -2.9304 -3.309524 1.372236 0.9756947 0.01952803 19.89868 0.640543 0 0.0 0.011283350876087122 4.4204290817267955 1.0
-0.01013982 -0.05863686 12.96719 -4.459804 1.067467 0.7283278 -0.03161403 19.47231 1.878454 1 0.0 0.05950711974454821 13.712690042968083 1.0
-0.004540394 -0.0114278 -2.35396 -2.71605 1.70812 1.173862 0.01581262 20.15103 0.9455433 0 0.0 0.012296739019562707 3.5941696237239555 1.0
0.002484308 -0.01055228 3.016679 -3.923538 1.507831 1.042146 -0.01632497 19.96114 nan 0 0.0 0.010840774854098945 4.949192118566929 1.0
0.006181835 -0.003373131 -2.058576 -2.18108 1.565874 1.542656 0.1874448 20.41165 0.8474579 0 0.0 0.0070422366269805225 2.999140729304979 1.0
0.003764162 -0.008786105 -2.523098 -2.549207 1.31621 1.259598 0.2106618 20.25494 0.7044964 0 0.0 0.009558480874766084 3.5867087763649006 1.0
0.002626466 -0.0129708 -5.758834 -1.711216 2.620868 1.934072 0.2929159 20.5866 0.3549232 0 0.0 0.013234046104240229 6.007697498893565 1.0
0.008258219 -0.0007353694 -3.035547 -0.9835786 3.338055 2.193201 -0.1541194 20.60959 0.6875954 0 0.0 0.008290895561181396 3.1909203142019953 1.0
0.01002181 0.001965327 -2.552775 -2.250166 1.510299 1.506235 0.2318707 20.47417 0.6619186 0 0.0 0.010212697287838753 3.4029262742793884 1.0
0.009083088 4.850234e-05 -3.202152 -3.783566 1.134639 1.071772 0.1499592 20.04385 0.6714058 0 0.0 0.009083217496720503 4.956727661215613 1.0
0.006096576 -0.001793843 -1.714947 -4.98267 1.084639 1.048154 0.2326774 20.08303 nan 0 0.0 0.006355006816080137 5.269539215311809 1.0
-0.04286707 -0.04739893 -1.836408 -1.824169 1.550772 1.205314 0.3278174 20.03844 0.3909798 0 0.0 0.06390809225387502 2.588433287342944 1.0
0.007063715 0.0005864853 -0.7038024 -3.447422 3.442423 2.536483 -0.002792023 20.85867 0.6468353 0 0.0 0.007088020499994416 3.5185304125912795 1.0
0.04694071 0.003184615 -2.195233 -2.558869 2.575687 2.003912 -0.07683976 20.58794 0.4849052 0 0.0 0.04704861345462079 3.3714771960447845 1.0
0.004446099 -0.02984134 1.80188 0.7768459 1.977173 1.455412 0.1107767 20.47121 0.6331005 0 0.0 0.030170736970007894 1.9622082169705664 1.0
0.0008917984 0.01279559 -1.159374 -3.497416 1.943923 1.838958 0.104289 20.59592 0.5980816 0 0.0 0.01282662963659365 3.6845714471200037 1.0
0.007917086 0.002474717 -4.438296 -1.437373 1.865033 1.85122 0.161507 20.49717 0.6198444 0 0.0 0.008294846289201808 4.665245173058432 1.0
0.002313696 -0.008700244 2.065132 -7.112177 1.653869 1.214972 -0.06948382 19.53032 0.6883583 0 0.0 0.009002634883185699 7.405932207139963 1.0
0.003309127 -0.008185279 -3.289152 -3.077983 0.2762818 0.2659193 0.2886462 17.85984 1.09638 1 0.9999145 0.00882887953309875 4.504719772349108 1.0
0.007291208 -0.0003233311 -12.61748 -2.328775 3.536378 2.206651 -0.0123654 20.6206 0.1857491 0 0.0 0.007298373592759638 12.830588238698372 1.0
0.002569654 -0.009133216 -1.775599 -3.265045 2.62062 2.290676 0.2502261 20.74145 nan 0 0.0 0.009487821466615611 3.7166208658976774 1.0
0.007148546 -0.009633093 -6.369708 -1.655671 1.635414 1.680314 0.2847586 20.42842 0.768837 0 0.0 0.011995757194140144 6.581369649662979 1.0
0.009394366 -0.0248119 0.9988583 -0.6734559 1.712596 1.388518 0.1646352 20.20943 0.5306778 0 0.0 0.026530821588332993 1.2046828432096557 1.0
0.02122703 -0.006191684 -7.893522 -2.486619 3.496858 2.762815 -0.2793473 20.62125 0.8651752 0 0.0 0.022111620324543294 8.275926752675195 1.0
0.0007779308 -0.004017687 -2.429964 -2.019669 1.193522 1.131306 0.2130453 20.02584 0.7513714 0 0.0 0.004092308047979482 3.159713264025234 1.0
0.00638106 -0.0002870492 -5.03453 -4.234776 1.457043 1.349074 0.1074289 20.31929 0.8596611 0 0.0 0.006387513128504758 6.5787400078644245 1.0
-0.004853518 -0.002829487 -3.412538 -3.219573 1.795806 1.885501 0.09460326 20.26336 nan 0 0.0 0.005618063159087213 4.691595240829392 1.0
0.004304696 -0.003212847 -3.257519 -0.2523821 1.395649 1.208427 0.1715456 19.62834 0.8822231 0 0.0 0.0053714796376627 3.2672812489532346 1.0
0.01200833 -0.05275092 -6.854949 -2.65914 2.023145 1.531474 0.1239958 20.46507 0.7201843 0 0.0 0.05410045794848044 7.352642472757736 1.0
0.01815457 -0.01284792 -3.293512 -4.907277 1.209133 0.9730613 -0.08066461 19.79209 0.6828003 0 0.0 0.022240896119790226 5.910041357627965 1.0
0.02156487 -0.02977038 -2.124076 -5.213815 1.801335 1.330682 0.1140837 20.31034 0.6970711 1 0.9269671 0.036760293027413425 5.629881500351584 1.0
-0.001411999 -0.01050649 -4.050021 -4.480926 0.6401503 0.5143606 0.1907364 18.96239 0.9667225 0 0.0 0.010600946811304215 6.039980787876481 1.0
0.001574279 -0.005205972 -3.824212 -3.895454 1.27984 0.9920897 -0.0834554 19.84618 0.9069405 0 0.0 0.005438795715470935 5.45886062169204 1.0
0.005158172 0.003300721 -3.185881 -4.113439 1.405718 1.329775 0.1475097 20.3449 nan 0 0.0 0.006123846626216647 5.202904780301289 1.0
0.002683548 -0.00186622 -4.231596 -3.035026 1.461246 1.407461 0.2364672 20.24157 0.7789955 0 0.0 0.003268670518223579 5.207474198485481 1.0
0.004646155 0.001854968 -5.180829 0.4315209 2.272663 2.014409 0.06993433 20.57974 0.586237 0 0.0 0.00500276549171046 5.1987690287584245 1.0
-0.004028732 -0.001971155 -2.525383 -4.503325 1.781607 1.754795 0.3135904 20.40619 0.4686165 0 0.0 0.0044851012878026515 5.163089709884383 1.0
-0.02751815 -0.02098612 -2.565354 -4.061789 1.770432 1.287236 0.3274074 20.13691 0.7508488 1 0.9783375 0.03460730865116356 4.804078582396109 1.0
0.003053444 0.005431289 -3.184948 -3.316398 2.289967 2.131646 0.1613378 20.48718 0.9152126 0 0.0 0.006230764035225295 4.598085412115351 1.0
-0.006901699 0.005276663 -3.339137 -2.807421 1.41382 1.279639 0.1013306 20.22758 0.6988983 1 0.9984441 0.008687728212954753 4.3625048511159275 1.0
0.005869257 0.003617315 -1.422339 -4.470879 2.428375 2.230921 0.06166571 20.55602 nan 0 0.0 0.006894428587002261 4.6916742495149855 1.0
0.001119259 3.542666e-05 -3.778327 -3.560217 1.210565 0.9899003 0.08315116 19.74261 nan 0 0.0 0.0011198195199762129 5.191425623662348 1.0
-0.004682989 0.00100429 -3.091683 -3.815928 0.8233386 0.6464214 -0.06667104 19.21583 0.9122963 1 0.9994105 0.004789465980484776 4.911192347452195 1.0
0.002000964 -0.0003231642 -4.537482 -2.916447 0.9539225 0.7438553 -0.08077235 19.45095 nan 0 0.0 0.002026892209629718 5.3939230624966275 1.0
0.01829754 -0.006656684 -5.718715 -3.890557 1.153371 1.130092 0.2379932 20.15071 1.01544 1 0.9911384 0.01947078354682872 6.916656346926165 1.0
0.0347611 -0.02255931 0.5164528 -6.697388 0.770389 0.6079894 -0.06034421 19.12801 1.512394 1 0.0 0.04143979417041185 6.717270987326017 1.0
0.02915251 -0.05445849 -1.289305 -2.174987 1.482334 0.931475 -0.1905627 19.64383 1.164364 1 0.7667546 0.06177051054006434 2.528413698980845 1.0
-0.002862495 -0.008217694 -10.67032 -6.303013 3.229573 2.326547 0.170589 20.63768 nan 0 0.0 0.008701975195474932 12.392889161957715 1.0
-0.04295917 -0.02410642 32.24449 -14.3941 1.110162 0.801422 0.1391912 19.39302 2.401127 0 0.0 0.04926063105874 35.31143228715171 1.0
-0.0001606346 -0.006522034 -2.338609 -2.370496 1.336683 1.322288 0.2576609 20.17634 0.5977001 0 0.0 0.006524011877048751 3.329916416503123 1.0
-0.002236772 -0.01009261 -4.03878 -3.315306 1.742803 1.339234 0.1561612 20.19445 0.3706589 0 0.0 0.010337500935530018 5.225227053634703 1.0
-0.002123073 -0.005785812 -2.76856 -5.931066 1.7557 1.72695 0.2609517 20.41843 nan 0 0.0 0.00616303979077476 6.545415828651072 1.0
0.007064081 0.008236861 -4.819201 -3.942371 1.664926 1.53008 0.07071852 20.49125 0.5627022 0 0.0 0.010851134480222886 6.226314108687578 1.0
0.0002090995 -0.005486344 -0.3902548 -2.422405 1.379163 1.358031 0.2559522 20.05254 nan 0 0.0 0.005490327229522504 2.453639091828307 1.0
-0.00795286 -0.01766879 -4.063079 -4.173803 2.281631 1.802321 0.1429659 20.58576 0.6270981 0 0.0 0.019376122476999883 5.824881324374772 1.0
0.001545906 0.001275199 -1.798435 -1.875809 2.385846 2.091748 -0.01738035 20.53687 nan 0 0.0 0.0020039854915734796 2.598658856738606 1.0
0.01667563 -0.01349434 -4.242128 -0.4372126 1.401868 1.376761 0.1253854 20.06141 0.5042171 0 0.0 0.02145166305749976 4.264599022883952 1.0
-0.000416612 -0.003502701 -2.496378 -3.725271 1.26668 1.277127 0.3067884 20.19937 0.6752186 0 0.0 0.003527389949232293 4.4843669723077975 1.0
0.002882736 0.002999422 -3.21051 -2.230291 1.002338 0.7620224 -0.1373578 19.41742 0.9450283 0 0.0 0.004160132110856577 3.9091651800328164 1.0
0.01519742 -0.007268591 -3.603546 -1.209144 2.071381 2.106474 0.2216766 20.65763 0.9094753 0 0.0 0.01684618620880349 3.8009963150274166 1.0
0.0009201522 -0.001770831 -4.46807 -6.433573 1.696843 1.682626 0.2654032 20.4733 nan 0 0.0 0.001995625842117164 7.83291204286305 1.0
0.01044688 -0.02018283 -2.438923 -3.261184 0.5036797 0.4039791 0.192848 18.50312 0.9688892 0 0.0 0.022726282770028625 4.072304811993449 1.0
-0.0002744032 -0.004025315 -2.535592 -6.258571 3.494536 1.850499 -0.3421521 20.59088 nan 0 0.0 0.004034657106297293 6.752698553356651 1.0
0.01485586 -0.009877809 -4.35515 -3.057031 1.669803 1.476717 0.02392526 20.47027 0.4574566 0 0.0 0.017840058491498313 5.320974540200414 1.0
-0.01173384 -0.03504118 9.303532 -2.230356 1.016483 0.6951908 -0.06029324 19.34313 1.02496 1 0.0 0.036953583005413695 9.567141451957319 1.0
-0.0004166191 -0.0009697424 -2.838468 -3.238272 0.4468869 0.4217728 0.2401441 18.68192 0.9844036 1 0.9998024 0.0010554486234974063 4.306193926544415 1.0
0.005158411 0.01012521 -2.334934 -3.453785 1.499562 1.480179 0.2248455 20.2613 0.3264942 0 0.0 0.011363497770889956 4.168998394168677 1.0
0.0108462 -0.004086749 -5.543978 -5.084964 1.84723 1.673664 0.06776948 20.51728 0.7525043 0 0.0 0.01159058116873356 7.522802067433385 1.0
-0.06418711 0.006887904 -3.852073 -1.578841 1.593963 1.199091 0.3488775 20.07709 0.5285625 0 0.0 0.06455562184399835 4.163076422624259 1.0
0.0004935342 0.001355315 -3.129448 -0.8865518 1.466939 1.418277 0.2131723 20.46623 0.7103157 0 0.0 0.0014423781597745578 3.252601862937922 1.0
0.001631239 0.001818793 -6.869405 -3.935355 1.190292 1.10736 0.1624188 20.05036 0.7072277 0 0.0 0.002443143191049186 7.916801376190387 1.0
-0.00175334 -0.005669459 -2.850357 -2.803109 1.231663 0.957488 -0.08156937 19.79685 0.819458 0 0.0 0.005934388469613444 3.9977437503334303 1.0
0.01098814 -0.007720258 -3.763007 -4.313041 1.125975 1.112586 0.272254 20.10848 0.4389858 1 0.9979412 0.013429132669169815 5.723857471122949 1.0
0.000664184 0.000197554 -2.451301 -3.921564 0.9977066 0.7778776 -0.05594491 19.32236 0.8057575 0 0.0 0.0006929415334442005 4.624666560812466 1.0
-0.003289124 -0.007355582 -0.7826322 -2.780305 1.608113 1.283102 0.1762438 20.2688 0.8652515 0 0.0 0.008057476233045929 2.8883575009859563 1.0
0.009708286 -0.008017715 -3.627123 -4.426712 2.054085 1.488321 0.2625974 20.25578 0.513176 0 0.0 0.012591051222158577 5.722918869604304 1.0
-0.002407576 -0.0001496016 -5.910667 -3.924974 1.095408 1.113111 0.1767235 20.07867 1.115856 0 0.0 0.0024122194830691838 7.095167741890603 1.0
-0.00297639 -0.00165451 -3.331235 -4.963306 1.309657 1.294824 0.2397879 20.29576 0.6328735 0 0.0 0.0034053341645424464 5.977585890211952 1.0
0.001915755 0.008731021 -2.484411 -3.486829 1.582026 1.603277 0.1888073 20.40708 0.8859653 0 0.0 0.008938727254059496 4.28138698229464 1.0
-0.01830631 -0.003850976 6.679157 -4.557229 2.171262 1.650622 0.3728358 20.37491 0.8197556 0 0.0 0.018706977360564585 8.085757502491031 1.0
