jas1101finalproject/data/gcs/Pal_11.ecsv
# %ECSV 0.9
# ---
# datatype:
# - {name: x, unit: deg, datatype: float64}
# - {name: y, unit: deg, datatype: float64}
# - {name: pmx, unit: mas / yr, datatype: float64}
# - {name: pmy, unit: mas / yr, datatype: float64}
# - {name: pmx_e, unit: mas / yr, datatype: float64}
# - {name: pmy_e, unit: mas / yr, datatype: float64}
# - {name: pm_corr, datatype: float64}
# - {name: g_mag, unit: mag, datatype: float64}
# - {name: bp_rp, unit: mag, datatype: float64}
# - {name: filter, datatype: int64}
# - {name: memberprob, datatype: float64}
# - {name: r, unit: deg, datatype: float64}
# - {name: pm, unit: mas / yr, datatype: float64}
# - {name: member_prob_GMM, datatype: float64}
# meta: !!omap
# - comments: [deg deg mas/yr mas/yr mas/yr mas/yr dimless mag   mag   zeroone float]
# - __serialized_columns__:
#     bp_rp:
#       __class__: astropy.units.quantity.Quantity
#       unit: &id001 !astropy.units.Unit {unit: mag}
#       value: !astropy.table.SerializedColumn {name: bp_rp}
#     g_mag:
#       __class__: astropy.units.quantity.Quantity
#       unit: *id001
#       value: !astropy.table.SerializedColumn {name: g_mag}
#     pm:
#       __class__: astropy.units.quantity.Quantity
#       unit: !astropy.units.Unit {unit: mas / yr}
#       value: !astropy.table.SerializedColumn {name: pm}
#     pmx:
#       __class__: astropy.units.quantity.Quantity
#       unit: !astropy.units.Unit {unit: mas / yr}
#       value: !astropy.table.SerializedColumn {name: pmx}
#     pmx_e:
#       __class__: astropy.units.quantity.Quantity
#       unit: !astropy.units.Unit {unit: mas / yr}
#       value: !astropy.table.SerializedColumn {name: pmx_e}
#     pmy:
#       __class__: astropy.units.quantity.Quantity
#       unit: !astropy.units.Unit {unit: mas / yr}
#       value: !astropy.table.SerializedColumn {name: pmy}
#     pmy_e:
#       __class__: astropy.units.quantity.Quantity
#       unit: !astropy.units.Unit {unit: mas / yr}
#       value: !astropy.table.SerializedColumn {name: pmy_e}
#     r:
#       __class__: astropy.units.quantity.Quantity
#       unit: &id002 !astropy.units.Unit {unit: deg}
#       value: !astropy.table.SerializedColumn {name: r}
#     x:
#       __class__: astropy.units.quantity.Quantity
#       unit: *id002
#       value: !astropy.table.SerializedColumn {name: x}
#     y:
#       __class__: astropy.units.quantity.Quantity
#       unit: *id002
#       value: !astropy.table.SerializedColumn {name: y}
# schema: astropy-2.0
x y pmx pmy pmx_e pmy_e pm_corr g_mag bp_rp filter memberprob r pm member_prob_GMM
[from data line 114]
-0.01335912 -0.01709698 -4.356164 -6.812672 1.792747 1.665421 0.7131463 20.1707 1.385698 1 0.8414953 0.021697299654445484 8.086325777167279 0.0
-0.0425789 -0.03404578 -1.201797 -2.945538 0.6619915 0.5055756 0.478452 19.11648 1.279516 1 0.008965229 0.05451676678801119 3.1812749234627615 0.0
-0.01722593 -0.04512179 -0.2848318 -8.076507 0.2277697 0.1818836 0.3085637 17.61889 1.215677 1 0.0 0.0482981220873959 8.081527978998789 0.0
-0.02254453 -0.03677645 -1.520304 -4.496428 0.4932281 0.3948615 0.4050613 18.71653 1.117371 1 0.9378973 0.043136563464460174 4.746492285003737 0.0
0.01616331 -0.05032023 0.2002905 1.099597 2.989054 2.96465 0.828972 20.46185 1.959019 0 0.0 0.05285241846319807 1.1176895126998598 0.0
-0.05233938 -0.03230741 -4.783687 -3.581523 2.307358 1.782722 0.5558779 20.41406 1.250257 0 0.0 0.06150755595609778 5.975865486563264 0.0
-0.02611212 -0.006545191 -4.119215 -9.866423 3.192756 3.103506 0.7852261 20.51347 nan 0 0.0 0.026919924519227034 10.691783529007402 0.0
-0.05191555 -0.03840801 -1.190182 -3.065696 2.069099 2.276938 0.7661067 20.19833 0.8726234 1 0.3002669 0.06457863086162945 3.288620555421376 0.0
-0.05421209 -0.03816322 2.142856 -1.476983 0.9428184 0.7428949 0.3756991 19.72944 1.351257 1 2.898952e-05 0.06629767765869707 2.6025584756206728 0.0
-0.01550384 -0.03826004 3.584638 -0.7813635 0.2164153 0.1571838 0.2578495 17.28386 1.044905 1 0.0 0.04128195387269358 3.668808868035544 0.0
-0.06291925 -0.008365964 -5.486387 -3.486933 2.496965 2.448371 0.7415299 20.20363 1.523703 0 0.0 0.06347299720520369 6.500703351196545 0.0
-0.02864868 -0.03321582 -4.424265 1.319724 1.420219 1.254073 0.6439199 20.01296 1.252798 1 0.0 0.0438638525897441 4.616902882496122 0.0
-0.01792089 -0.04575602 3.198732 -4.082119 1.280008 1.131018 0.4623294 19.96117 2.045996 0 0.0 0.049140326256878884 5.186095056782608 0.0
-0.01925072 -0.03948853 8.358196 -0.021682 0.4034846 0.3246966 0.3749958 18.47346 1.39551 1 0.0 0.04393101662924841 8.35822412259566 0.0
-0.01571598 -0.02243192 -0.4290701 -2.971928 2.208355 1.625532 0.5409647 20.53777 1.195759 0 0.0 0.027389469915403624 3.0027416119103574 0.0
-0.0122405 -0.03455967 -4.462839 -6.242139 0.4681186 0.3573307 0.3538733 18.7504 1.093958 1 2.812262e-05 0.036663341783843166 7.673410665098148 0.0
-0.01677359 -0.02309762 -1.434831 -4.916308 1.711649 1.378496 0.5685657 20.32772 1.181147 0 0.0 0.028545636639467336 5.121408434154124 0.0
0.002928665 -0.03637148 -0.6583796 -6.590834 3.193088 2.476495 0.6268428 20.61171 0.78689 1 0.5370296 0.03648919889601065 6.623636200249238 0.0
-0.04550979 -0.03589813 -1.03956 -7.035407 1.713337 1.637857 0.7042934 20.02119 1.315832 0 0.0 0.057963926051821234 7.111795599512756 0.0
-0.02931341 -0.03407608 -0.6915575 -4.713641 2.425126 2.470483 0.8120232 20.30515 0.9883595 1 0.5801191 0.04494947423490624 4.7641015157831434 0.0
-0.01562539 -0.02076489 -5.409638 -4.662919 0.8997415 0.6910154 0.4004568 19.66886 1.154322 1 0.007178558 0.025987178942012926 7.141918292140074 0.0
-0.009309305 -0.03874813 -12.27151 -8.866203 0.3647749 0.2747908 0.2859327 18.31143 1.063854 1 0.0 0.03985073070948543 15.139336620780615 0.0
-0.0250531 -0.02821737 5.502092 -6.882788 0.9374712 0.7029053 0.3366416 19.69748 1.128744 1 0.0 0.03773430520530224 8.81168468735735 0.0
-0.02124519 -0.03670772 -4.574175 -7.274541 0.4418303 0.342922 0.3966034 18.50265 0.9055977 1 0.0 0.04241243692284729 8.593138174805873 0.0
-0.02324018 -0.02545352 0.4368534 -6.659023 1.147073 0.8690484 0.3809092 19.87908 1.129345 0 0.0 0.03446719667775144 6.673337111792013 0.0
-0.02574822 -0.02647696 -5.521594 -2.731491 1.530721 1.240871 0.5579953 20.07844 1.244898 0 0.0 0.03693237392870921 6.160279489107373 0.0
-0.0007578254 -0.05005383 3.837452 -5.04353 0.2609564 0.2006759 0.3672093 17.51586 1.250154 1 0.0 0.05005956648839246 6.3374468607795045 0.0
-0.01804302 -0.01719825 -1.72429 -2.983922 2.429259 2.358186 0.7921732 20.24303 1.139217 0 0.0 0.024926499428979194 3.446297506917243 0.0
-0.00822112 -0.0567983 -3.862381 -6.843714 0.1611227 0.1274696 0.3377799 16.99289 1.10812 1 0.0 0.05739018815916533 7.85839731134517 0.0
-0.04539003 -0.02593127 -2.210266 -1.849988 1.034643 0.8623894 0.5206157 19.79848 1.227018 1 0.001486856 0.052275095286510954 2.8823135483323115 0.0
-0.03847035 -0.02315155 -0.0271583 -6.256535 2.240493 1.753302 0.4292333 20.50395 1.1297 1 0.4406731 0.0448994665505616 6.256593943950965 0.0
-0.02695802 -0.01021499 -6.55409 -7.584052 2.294932 1.601888 0.4887596 20.50802 1.046871 1 0.5165754 0.028828473130231853 10.023669012233196 0.0
-0.02094222 -0.05215341 -9.761661 -4.256053 3.947946 3.045063 0.6581689 20.85112 2.298143 1 0.04629242 0.056201020926283 10.649132012409744 0.0
-0.04363769 -0.02304907 1.847481 -3.514305 1.46666 1.142904 0.3283176 19.34644 2.109436 0 0.0 0.04935086236734876 3.9703306762014163 0.0
-0.05400766 0.01527976 2.236113 2.058167 2.753461 2.762406 0.7974716 20.37598 1.910177 0 0.0 0.05612751913574303 3.0391203906160085 0.0
0.02332407 -0.05896372 1.664098 -4.051982 1.460241 1.184747 0.6074012 20.02072 2.314613 1 0.1071831 0.06340924631000829 4.380385859936085 0.0
-0.03188222 -0.02990108 -2.285022 -3.014634 0.6332475 0.4885388 0.3839949 19.09534 1.780478 1 0.002523844 0.043709844855533406 3.7827693155200466 0.0
-0.06068019 -0.02730941 -1.876917 -5.084253 0.2811972 0.2106737 0.3338327 17.84332 0.9651031 1 0.9472081 0.0665423874908633 5.41963522692238 0.0
-0.04300393 -0.01524223 -0.466441 -1.898017 2.276032 1.698257 0.4806725 20.61507 1.833555 0 0.0 0.045625251460324034 1.9544911713205564 0.0
-0.001029824 -0.02980256 -3.51729 -7.287794 1.941716 1.417715 0.4914401 20.39925 1.136332 0 0.0 0.02982034741622867 8.092173399682931 0.0
0.03317455 -0.05683199 -1.767403 -4.681083 1.109341 0.7692842 0.4221867 19.68758 1.662403 0 0.0 0.06580597127208594 5.0036238285164885 0.0
-0.0296178 -0.003677732 -5.200133 -10.29823 2.163818 2.224784 0.8201869 20.20235 1.187784 1 0.4432039 0.029845264105110948 11.536677353145878 0.0
-0.02378403 -0.02674196 -1.732799 -5.446147 1.577867 1.244813 0.5381962 20.24531 0.9737759 0 0.0 0.03578844097865259 5.715164872513303 0.0
-0.006106195 -0.04474191 -4.434607 -5.270648 1.52939 1.233671 0.507862 20.05602 1.082518 1 0.444369 0.04515666205363418 6.888067187851249 0.0
-0.0245699 -0.02337268 7.239263 -5.939381 1.779469 1.473352 0.5068288 20.20065 1.447618 0 0.0 0.03391109193748264 9.363929487471058 0.0
-0.01928206 -0.01585076 -1.478829 -4.691879 0.317022 0.2422848 0.3634398 17.96198 1.440687 1 0.9905451 0.024960857966448185 4.919417014431893 0.0
-0.04285242 -0.01918375 -3.425376 -5.071563 2.803335 2.788874 0.8107082 20.28837 1.089769 1 0.46188 0.04695046500215839 6.119963398938347 0.0
-0.01867755 -0.01860876 -2.381152 -6.920841 2.842086 2.012764 0.06516868 20.30902 1.222864 0 0.0 0.026365447516401082 7.31901120332419 0.0
-0.02556757 -0.01603612 -1.777511 -5.390042 1.802552 1.502727 0.6174885 20.24712 0.968996 0 0.0 0.030180420480160647 5.675570290013595 0.0
-0.003658491 -0.06132341 -1.742415 -3.009685 1.028046 0.8390164 0.2558163 19.86911 1.989796 1 0.185419 0.06143244395614732 3.477673623480214 0.0
-0.05034713 -0.01518776 -3.12229 0.472289 0.2097503 0.1554042 0.2826232 17.18747 1.197685 1 0.0 0.05258803621599213 3.157808059971505 0.0
0.01719091 -0.04449332 -9.24164 -5.14116 2.511289 2.527935 0.8342644 20.12836 nan 0 0.0 0.04769887746321186 10.575416589203472 0.0
-0.05394326 -0.01463508 -3.262965 -3.256887 1.824934 1.349641 0.3801976 20.12342 1.039267 0 0.0 0.05589329893675985 4.610233564798426 0.0
0.016556 -0.05322609 -0.5446241 -6.4361 1.189275 0.8695422 0.4212767 19.9761 1.253344 1 0.1522698 0.055741526644756505 6.4591019979793485 0.0
-0.02991915 -0.01511422 -1.676922 -3.967308 0.5358452 0.4218097 0.5252322 18.73296 1.41642 1 0.7501212 0.03352007134435874 4.307156853534359 0.0
0.01438037 -0.05523826 6.752331 -7.766373 1.0298 0.7376031 0.2526564 19.64193 1.726141 0 0.0 0.05707942194140109 10.291283861049116 0.0
-0.02154876 -0.01046643 -2.262365 0.5875248 1.167742 0.9842148 0.5195333 19.78089 1.454622 0 0.0 0.02395611017011109 2.337408989423982 0.0
0.01586062 -0.06366116 -0.8240678 -9.486809 0.9583599 0.7602213 0.3520501 19.74802 1.71191 0 0.0 0.06560718374789455 9.522532895268876 0.0
-0.0342115 -0.0001866907 -0.3018917 -3.82801 0.8807944 0.6782872 0.4161756 19.57949 1.356604 0 0.0 0.03421200937781157 3.8398957223639405 0.0
-0.03139895 -0.02719261 -0.3216375 -1.217656 0.3964431 0.2892084 0.2925462 18.36179 1.041565 1 0.0 0.041537117132928236 1.2594192374829956 0.0
-0.04602643 -0.009863834 -9.876519 -3.76674 0.6057132 0.4718295 0.4058695 19.12072 1.838938 1 0.0 0.04707151452550104 10.570428457965221 0.0
-0.03587266 -0.01079074 3.134447 -0.07584001 2.544086 2.664251 0.7672758 20.35307 0.8615952 0 0.0 0.037460483248660845 3.135364365257378 0.0
-0.06367469 -0.008662674 0.06686422 -4.899612 1.019175 0.8379615 0.6326991 19.52438 0.9746685 1 0.2065348 0.0642612485672849 4.90006822140878 0.0
-0.06419224 0.01558346 -0.4354638 -9.430873 0.1830436 0.1348406 0.3088453 17.01591 1.101681 1 0.0 0.06605670217161314 9.440921261362126 0.0
0.02453265 -0.0596657 -3.396506 1.957201 3.373684 2.118435 0.4889753 20.66593 2.309174 0 0.0 0.06451237611894713 3.920062341651852 0.0
-0.01643951 -0.06438407 1.866677 -8.261496 0.8651627 0.6722428 0.3215442 18.50549 2.734793 0 0.0 0.06644972504687284 8.469757917458148 0.0
0.0003299619 -0.05054688 -3.526299 -0.470762 0.4230478 0.3188043 0.3444874 18.5777 1.148024 1 0.0 0.05054795695762443 3.5575836600205197 0.0
-0.05367565 0.01846269 0.05289257 0.8903729 0.335702 0.2677647 0.4468679 18.12027 1.305084 1 0.0 0.05676219098095668 0.8919425570156494 0.0
0.02114837 -0.06232912 -0.5986857 -6.270579 0.8623754 0.6025027 0.2130974 19.56657 1.785049 1 0.0824225 0.0658192430344751 6.299094027130051 0.0
-0.05657605 0.01233351 -8.576219 -5.34439 0.5770182 0.4621883 0.4449731 18.67074 1.254749 0 0.0 0.0579047917060635 10.105149024535017 0.0
-0.0153535 -0.01852661 -0.5995385 -4.83806 0.7535225 0.5786307 0.4054027 19.42155 1.286551 1 0.9276977 0.024061696539149104 4.875066253558227 0.0
-0.03451222 -0.01760081 0.4239943 -2.85801 1.933216 1.380686 0.3060963 20.48217 1.146379 1 0.5250562 0.038741216320406106 2.8892892424491685 0.0
-0.02000739 -0.01432969 4.972824 -1.093457 2.368567 1.938871 0.4989091 20.61485 nan 0 0.0 0.02460966619253906 5.091623193621559 0.0
-0.05899219 0.001700657 -3.376887 -6.719427 0.6064565 0.4633417 0.3519794 18.83599 1.136988 0 0.0 0.05901669861342422 7.52024368083229 0.0
-0.04421458 0.0021622 1.580602 -3.502206 2.020709 1.769379 0.6295158 20.23104 1.105293 0 0.0 0.04426741683695131 3.8423624957622105 0.0
-0.04554456 0.004774167 3.053032 0.6593782 2.640092 2.496044 0.8053402 20.35349 1.40399 0 0.0 0.045794100232862844 3.1234250437075066 0.0
0.02707127 -0.05209559 -1.903387 -2.672536 1.385673 1.158559 0.5155785 20.15554 1.508963 1 0.1591377 0.05870948949583023 3.2810563456095965 0.0
-0.04448718 0.007808876 12.72954 18.53984 2.899225 1.959169 0.04577001 20.018 2.21652 0 0.0 0.04516733032553259 22.489260900198566 0.0
0.006131551 -0.04646234 -3.05329 -3.898913 1.164737 0.8874588 0.3723445 20.00411 1.207979 1 0.4594642 0.04686517850111318 4.952181580441997 0.0
-0.06313385 0.01134836 -0.1976046 -5.77732 1.791843 1.59838 0.5346794 20.28265 2.014709 0 0.0 0.06414568021708165 5.780698397282214 0.0
-0.06095789 0.0109801 -2.641126 -5.575409 0.2652595 0.2036919 0.3603627 17.67764 1.135592 1 0.0798876 0.06193889690059147 6.1693380572924506 0.0
-0.01991633 -0.02247311 -1.590048 -4.133166 1.031167 0.796971 0.4137397 19.84078 1.253889 0 0.0 0.03002833451493772 4.428466306280313 0.0
-0.008644259 -0.0513061 -0.1379576 -1.609035 0.4240001 0.3319616 0.3440767 18.1381 1.492846 0 0.0 0.052029214013562426 1.614938367437829 0.0
-0.047203 -0.0269643 6.983713 -1.245172 1.700788 1.369479 0.7037316 20.00321 1.125261 0 0.0 0.05436172075541759 7.093849489237349 0.0
-0.05956795 0.01252573 0.8327593 -1.521127 3.129069 2.393783 0.5910203 20.47423 0.6473122 0 0.0 0.06087063807153167 1.7341612963809019 0.0
0.0001486665 -0.04415822 -1.378297 -5.815385 3.85324 2.506444 0.4026555 20.781 1.320066 0 0.0 0.044158470255395196 5.976487707544792 0.0
-0.03913383 -0.03679297 -2.001569 -4.77739 0.1837704 0.1417493 0.364208 16.91606 1.430721 1 0.957453 0.053713864987448075 5.179742626218121 0.0
-0.03678024 0.0003061351 -0.005360897 -6.278304 1.58163 1.340375 0.6333278 20.0217 1.412453 0 0.0 0.03678151401393167 6.278306288771889 0.0
-0.04061742 -0.007469536 -1.499383 -5.707059 0.4759812 0.3704451 0.4002115 18.72002 1.425495 1 0.6477631 0.04129853236510586 5.9007348534034305 0.0
-0.03850203 -0.007667695 -1.865183 -6.190606 0.2621567 0.1985798 0.3524116 17.75981 1.400316 1 1.292939e-06 0.039258118405419345 6.465486081550637 0.0
-0.04448564 -0.006317902 -3.826129 -5.217646 0.5227434 0.3996047 0.3709305 18.76271 1.248997 1 0.0391722 0.04493203814530568 6.470169465010712 0.0
-0.04058524 -0.02701604 -5.080653 -7.401251 2.40287 2.374354 0.8542486 20.0889 1.754395 1 0.4610699 0.04875477538804994 8.977279725585586 0.0
-0.02925509 -0.004668574 -8.800833 0.5816945 0.5982801 0.4597017 0.3948682 19.06855 1.467644 1 0.0 0.029625257367685027 8.8200357133755 0.0
-0.02317951 -0.02961249 1.17632 0.2563188 0.0913105 0.06789242 0.2651898 15.66645 1.499601 1 0.0 0.037605707649773064 1.2039219532982361 0.0
-0.02224374 -0.01152696 0.5491587 2.932379 3.082796 2.2236 0.176886 20.69233 1.081774 0 0.0 0.02505303925732764 2.983357484014728 0.0
-0.04892803 -0.005307516 -5.814208 -7.727287 2.286276 1.563636 0.2650145 20.47501 0.8580017 1 0.1955791 0.04921505710421512 9.67036602449116 0.0
-0.02623296 -0.007192744 -5.453418 -7.035013 1.747608 1.390636 0.5752351 20.36181 1.237434 1 0.6246737 0.027201171971279768 8.901189571787189 0.0
-0.05316142 0.01488553 -0.6628039 -3.427663 1.501312 1.214304 0.5851382 20.10975 1.422415 1 0.493213 0.05520611904306714 3.491157780940903 0.0
-0.03312316 -0.005290666 -2.025363 -4.457686 0.5388735 0.4151737 0.4027495 18.89158 1.372175 1 0.9428382 0.03354303020165525 4.896229136423764 0.0
-0.02668484 -0.02857701 2.314203 0.1593018 0.392723 0.2794272 0.2717028 18.33154 1.0854 1 0.0 0.03909892819970517 2.319679415068436 0.0
-0.03693145 0.00146865 2.413966 0.6048747 0.7753172 0.6337789 0.6487514 19.04187 nan 0 0.0 0.03696064030729175 2.4885950357292144 0.0
-0.03720293 -0.00397304 -2.552046 -6.960476 0.2082433 0.1581795 0.3329872 17.39165 1.202826 1 0.0 0.03741447644196696 7.413579765045494 0.0
-0.01299623 -0.0251641 -1.038114 -1.988581 0.1081048 0.08255804 0.3708945 15.99525 1.323342 1 0.0 0.028321968911481064 2.243242089155114 0.0
-0.05137663 0.001084661 -1.170289 -7.965213 0.3908429 0.2988048 0.3623982 18.40215 1.528742 1 0.0 0.051388078380513715 8.050726332380824 0.0
-0.03741497 0.001495309 -2.928655 -1.456028 0.3804595 0.2931945 0.3633221 18.28283 1.204557 1 0.0 0.03744483848418071 3.2706326063636375 0.0
-0.04131322 -4.525163e-05 0.7532115 -8.685853 2.209057 2.261309 0.7771401 20.22961 0.8982544 1 0.003496318 0.04131324478273787 8.718449971258723 0.0
-0.06376687 0.001026643 -2.336082 -5.085556 1.704877 1.452342 0.5711336 20.32093 1.055767 1 0.439262 0.06377513391163007 5.59644163195329 0.0
-0.06316477 0.01586257 2.702194 -6.476443 0.2138393 0.1650521 0.2452171 17.41004 0.9830894 1 0.0 0.0651261030321775 7.01756128194724 0.0
-0.01465814 -0.02765706 0.2246875 -5.372453 3.263607 2.713398 0.5713388 20.73905 0.8223381 1 0.6460413 0.03130134240097699 5.377149403714319 0.0
-0.02112517 -0.02043326 -3.250738 -1.985961 0.08412922 0.06488298 0.2846006 11.61967 2.340267 1 0.0 0.02939032020506922 3.8093750981184566 0.0
-0.008916465 -0.03950534 4.01137 -1.639791 0.2351852 0.172009 0.2763311 17.53077 1.132225 1 0.0 0.04049907698468973 4.333590174506699 0.0
-0.05890383 0.01761654 -2.633579 -3.675979 0.4345933 0.3433229 0.3158605 18.46194 1.165354 1 0.0006585081 0.06148173444398344 4.522008398674421 0.0
