jas1101finalproject/data/gcs/Pal_2.ecsv
# %ECSV 0.9
# ---
# datatype:
# - {name: x, unit: deg, datatype: float64}
# - {name: y, unit: deg, datatype: float64}
# - {name: pmx, unit: mas / yr, datatype: float64}
# - {name: pmy, unit: mas / yr, datatype: float64}
# - {name: pmx_e, unit: mas / yr, datatype: float64}
# - {name: pmy_e, unit: mas / yr, datatype: float64}
# - {name: pm_corr, datatype: float64}
# - {name: g_mag, unit: mag, datatype: float64}
# - {name: bp_rp, unit: mag, datatype: float64}
# - {name: filter, datatype: int64}
# - {name: memberprob, datatype: float64}
# - {name: r, unit: deg, datatype: float64}
# - {name: pm, unit: mas / yr, datatype: float64}
# - {name: member_prob_GMM, datatype: float64}
# meta: !!omap
# - comments: [deg deg mas/yr mas/yr mas/yr mas/yr dimless mag   mag   zeroone float]
# - __serialized_columns__:
#     bp_rp:
#       __class__: astropy.units.quantity.Quantity
#       unit: &id001 !astropy.units.Unit {unit: mag}
#       value: !astropy.table.SerializedColumn {name: bp_rp}
#     g_mag:
#       __class__: astropy.units.quantity.Quantity
#       unit: *id001
#       value: !astropy.table.SerializedColumn {name: g_mag}
#     pm:
#       __class__: astropy.units.quantity.Quantity
#       unit: !astropy.units.Unit {unit: mas / yr}
#       value: !astropy.table.SerializedColumn {name: pm}
#     pmx:
#       __class__: astropy.units.quantity.Quantity
#       unit: !astropy.units.Unit {unit: mas / yr}
#       value: !astropy.table.SerializedColumn {name: pmx}
#     pmx_e:
#       __class__: astropy.units.quantity.Quantity
#       unit: !astropy.units.Unit {unit: mas / yr}
#       value: !astropy.table.SerializedColumn {name: pmx_e}
#     pmy:
#       __class__: astropy.units.quantity.Quantity
#       unit: !astropy.units.Unit {unit: mas / yr}
#       value: !astropy.table.SerializedColumn {name: pmy}
#     pmy_e:
#       __class__: astropy.units.quantity.Quantity
#       unit: !astropy.units.Unit {unit: mas / yr}
#       value: !astropy.table.SerializedColumn {name: pmy_e}
#     r:
#       __class__: astropy.units.quantity.Quantity
#       unit: &id002 !astropy.units.Unit {unit: deg}
#       value: !astropy.table.SerializedColumn {name: r}
#     x:
#       __class__: astropy.units.quantity.Quantity
#       unit: *id002
#       value: !astropy.table.SerializedColumn {name: x}
#     y:
#       __class__: astropy.units.quantity.Quantity
#       unit: *id002
#       value: !astropy.table.SerializedColumn {name: y}
# schema: astropy-2.0
x y pmx pmy pmx_e pmy_e pm_corr g_mag bp_rp filter memberprob r pm member_prob_GMM
[from data line 341]
-0.008690938 0.003243139 -7.47346 -7.47845 3.380485 1.942435 0.4795378 20.3111 nan 0 0.0 0.009276332998182256 10.572597541479578 0.0
-0.008404397 0.002840662 0.8296094 -2.026178 0.4533866 0.2639092 0.004522019 18.56171 2.59132 0 0.0 0.008871485193125951 2.1894403495533648 0.0
-0.01157647 0.00153828 0.3954915 -1.758104 0.5408449 0.3020534 -0.05524653 18.69516 2.983704 1 0.988561 0.011678226021930728 1.8020386237226576 0.0
0.00759156 0.0074106 -2.740639 2.324444 3.715897 1.512918 -0.1132906 20.48063 nan 0 0.0 0.010608900772162966 3.5936251943485984 0.0
0.04678647 -0.006896522 5.173094 -1.486305 3.57895 1.592281 -0.2416506 20.55397 1.73872 0 0.0 0.04729202671441967 5.382379035878187 0.0
-0.00352571 0.01159699 -0.3776395 -1.300536 2.231133 1.229192 0.2627338 20.42725 1.668373 0 0.0 0.01212108939263299 1.3542545843585871 0.0
-0.02296794 0.02901001 0.9787173 -2.017528 0.9689744 0.5787798 -0.01026428 19.73019 2.212925 1 0.8615444 0.03700144521560881 2.242388633601074 0.0
-0.008642936 -0.04139073 1.659522 -0.1785451 1.720732 1.08073 0.3932624 20.26089 1.920786 0 0.0 0.04228348226710988 1.66909904475978 0.0
-0.006450597 0.0006661303 -2.067485 -0.6902915 0.866096 0.504508 -0.06150742 19.37581 2.369795 0 0.0 0.006484900248499362 2.179678090956839 0.0
-0.0371719 0.02214429 5.585275 -1.673275 2.390604 1.408247 0.196344 20.48306 1.700174 0 0.0 0.043267998904665095 5.830535657317431 0.0
-0.004859895 0.02875556 6.396262 -4.945506 0.5699123 0.3320014 0.01654092 18.91428 2.659401 1 0.0 0.029163347035699196 8.085183805497559 0.0
0.01118038 0.005398706 2.808709 1.405075 2.489083 1.325299 0.3310569 20.495 1.450747 0 0.0 0.012415591947983633 3.140554410021581 0.0
0.02674293 0.01760125 -0.5537728 -2.465327 1.773312 0.8730544 0.2889703 20.01626 2.184319 0 0.0 0.032015438565595196 2.526757117522149 0.0
-0.002503458 0.003353396 1.677082 -2.533632 0.5234618 0.3080268 -0.01093362 18.72249 2.680103 0 0.0 0.004184801869931239 3.0384033876606966 0.0
0.001169973 0.001148475 -7.134838 0.1451454 1.623513 0.8615116 -0.06873498 18.66525 2.378572 0 0.0 0.001639460779144777 7.136314207865651 0.0
0.01666321 0.01156788 -3.063053 -2.287092 2.79911 1.476193 0.2491608 20.59218 1.87384 0 0.0 0.020284930741772327 3.8227063053905934 0.0
-0.006359153 0.004469377 0.3143687 -2.01629 0.297782 0.170475 0.02566412 17.62551 2.898062 0 0.0 0.007772654478718194 2.0406501521916223 0.0
-0.004190408 0.002241472 1.20959 -1.125166 0.2123176 0.1206637 0.01946209 17.22803 2.933726 1 0.8918701 0.004752232731385112 1.652000755343653 0.0
-0.008501635 0.007914218 0.8437145 -1.555031 0.2474828 0.1415154 0.0226943 17.51819 2.846035 1 0.998444 0.011615190236270305 1.7691736965236766 0.0
0.003208787 -0.003465354 -0.8350002 -4.918542 0.8146045 0.9325393 0.3739811 18.80017 nan 0 0.0 0.0047228161468222535 4.98891578800084 0.0
0.01575063 0.01650967 0.8135168 -2.099551 1.303007 0.7439746 0.03492366 20.03174 2.476299 0 0.0 0.022817790184542414 2.2516491701602273 0.0
0.003468924 0.007549594 0.2703444 -1.753373 0.2316139 0.132507 0.01071495 17.36202 2.799983 1 0.8534311 0.008308417616045307 1.7740921542412502 0.0
-0.004320587 0.004087792 1.381016 -2.765702 1.101375 0.6465537 -0.02896569 19.8324 2.397316 0 0.0 0.005947900088252408 3.0913286375052396 0.0
0.008724176 0.01407307 -2.340215 0.4340233 4.332741 1.575908 -0.05984349 20.67251 1.750809 0 0.0 0.016557854513912 2.380122364746798 0.0
0.004347776 0.01576649 -2.923476 -2.149606 1.918487 1.084598 0.3371042 20.39016 2.247425 0 0.0 0.016354979763554465 3.6287074665522434 0.0
0.007062673 0.02529958 2.287578 -2.310838 0.5650978 0.328122 0.01549991 18.89086 2.302286 1 0.4194656 0.026266901189164454 3.251612733449049 0.0
-0.004939447 0.001833336 -14.57163 -16.35037 3.833364 2.794929 0.1937036 20.31924 nan 0 0.0 0.005268705491361706 21.901301331057937 0.0
0.006772867 -0.01930379 0.7598604 -1.784136 0.3982875 0.2249437 -0.0153485 18.40895 2.594198 1 0.9888705 0.0204574689481321 1.939208367861525 0.0
0.04006393 0.02423975 9.743061 -3.621843 4.342534 1.962666 0.1190414 20.85794 1.508228 0 0.0 0.046826103479869 10.394468931425502 0.0
0.004472474 -0.0045029 1.049295 -1.711332 0.2655359 0.148816 0.01698663 17.51186 2.772915 0 0.0 0.006346584285320411 2.007405592113612 0.0
-0.02061869 0.02285445 -2.839184 -3.777014 2.497993 1.399354 0.1292075 20.42835 1.797325 0 0.0 0.03078077747748747 4.725124394346883 0.0
-0.008022081 -0.0201372 2.076609 -3.161477 0.4691304 0.2564123 -0.02336713 18.56341 2.118578 1 1.592354e-06 0.02167626829993025 3.7824914752593957 0.0
-0.00289391 0.01424246 0.9506499 2.541395 4.61101 1.906942 0.1104824 20.72436 1.738129 0 0.0 0.014533491732536267 2.7133786647637317 0.0
-0.00595163 -0.03974299 -0.4702213 -2.592978 0.9342841 0.5486064 -0.05228818 19.66932 2.125685 1 0.3930926 0.04018615624561523 2.635269052574649 0.0
-0.00272514 -0.004781439 -2.441687 -1.111423 1.522807 0.8055623 -0.204056 19.96234 2.191523 0 0.0 0.005503503150750529 2.6827404814662934 0.0
0.005077372 0.01165428 -0.3845119 -0.5986996 1.960159 1.070063 0.3073403 20.35556 1.753736 0 0.0 0.012712275514036973 0.7115410123680644 0.0
0.003540742 0.00284226 3.603535 -3.702107 1.090924 0.62296 -0.005922641 19.11425 2.371256 0 0.0 0.004540407010187963 5.166339200601718 0.0
0.005436896 -0.01138266 -0.7267381 -0.4262646 0.7993773 0.4814505 -0.04141952 19.2588 2.268164 0 0.0 0.012614467360551376 0.8425258305860837 0.0
-0.002660013 -0.005117135 1.927011 -1.983834 1.354551 0.7813036 0.001945902 20.13708 2.006964 0 0.0 0.005767212478172969 2.765676903341567 0.0
-0.004503301 -0.003171569 1.334488 -1.191898 0.3748207 0.2066053 -0.02646183 18.10592 2.823599 0 0.0 0.005508045916508141 1.7892677453494765 0.0
-0.004575007 -0.004338863 -0.2259119 -0.1193495 0.6075758 0.3349089 0.0001806037 18.75042 2.337124 0 0.0 0.006305269318817238 0.2555004691030136 0.0
0.0002906608 0.007284409 1.019135 -1.472555 0.1819807 0.1081461 0.09605291 16.85295 2.998737 1 0.9993029 0.007290205633583846 1.7908250546186806 0.0
0.006446628 -0.01196052 1.504191 -1.984437 0.1814121 0.1067591 0.05848466 16.52855 2.82504 1 0.04756791 0.01358723854360348 2.490096538580382 0.0
-0.003799921 -0.005319274 1.523847 -1.976309 0.3114622 0.1701991 -0.008579681 17.84628 2.697714 0 0.0 0.0065371305244210165 2.495577476835772 0.0
0.005553262 0.003639629 2.026788 -3.541796 1.558651 0.6797955 -0.1949956 19.76419 nan 0 0.0 0.006639700151233111 4.080709313656144 0.0
0.007761415 0.001101105 2.954124 -2.931554 1.179166 0.693746 0.01405997 19.82055 1.951708 0 0.0 0.007839132287648296 4.161833425582048 0.0
-0.007596843 0.001867846 1.237219 -1.530243 0.3517045 0.2009357 0.02563981 18.18229 2.859823 0 0.0 0.007823098634579842 1.9678298943277592 0.0
-0.003356964 -0.004647904 -0.6824421 0.5159832 0.9447502 0.5386095 -0.1407407 19.45899 2.316465 0 0.0 0.005733429941188084 0.8555500467737992 0.0
0.004165528 0.01361308 1.706735 -0.9611577 0.8980595 0.5146448 -0.07050062 19.50771 2.283531 0 0.0 0.014236136084105967 1.9587670827574906 0.0
0.0057497 -0.01343876 1.372638 -1.655991 1.066921 0.6438808 -0.01072918 19.74742 2.253151 0 0.0 0.01461709001229725 2.1509163793892596 0.0
-0.006112204 -0.003930603 2.847706 -0.7221027 1.115683 0.6205164 -0.1228244 19.72437 nan 0 0.0 0.007266957938589228 2.937832835915497 0.0
0.005683727 0.0002865184 2.156656 -3.302688 1.323876 0.7796897 -0.007178182 19.66876 nan 0 0.0 0.005690944157524968 3.9444788157220465 0.0
-8.708651e-05 0.005304581 -0.799813 -4.316663 1.065431 0.6382328 -0.01900803 19.34127 2.410725 0 0.0 0.005305295811336535 4.390134427388072 0.0
0.005989892 -0.0003028333 0.8491396 -1.009261 0.3080071 0.175695 0.04444801 17.98561 2.421314 0 0.0 0.0059975423449320385 1.318956339841907 0.0
0.001938536 0.001310613 6.731107 -1.980513 0.6477634 0.3442821 -0.2008697 17.53875 2.544839 0 0.0 0.0023400060382539616 7.016425955471774 0.0
0.00850415 -0.001336422 1.117601 -2.601566 0.7549037 0.4635538 0.01382531 19.36794 2.018194 0 0.0 0.008608518512763041 2.8314621042064116 0.0
0.01075835 -0.006096933 1.45637 -2.091378 0.5308042 0.3258503 0.08713763 18.80961 2.275928 0 0.0 0.012365867811398801 2.5485045645994044 0.0
-0.03348865 -0.0212283 1.01428 -4.88449 0.6523948 0.4094059 -0.1203703 19.18128 2.06074 1 0.0 0.03965009961793917 4.988687851379359 0.0
-0.003056972 0.006496723 -2.255702 -0.4877741 0.9346404 0.5574157 -0.002398771 18.96981 2.317127 0 0.0 0.00718000609662088 2.307837751107042 0.0
0.002870033 -0.001931856 -5.584572 -5.81895 0.7141387 0.3814108 -0.03219365 17.44388 2.449049 0 0.0 0.003459646951037779 8.065210693198535 0.0
-0.001213848 0.004204048 2.716066 -4.080692 1.49954 0.8786342 -0.0198957 20.06773 2.239996 0 0.0 0.004375779536654926 4.901944687082873 0.0
-0.02316336 -0.02415919 1.953679 0.5661859 2.301564 1.085992 -0.4514471 19.82358 2.144297 0 0.0 0.03346950414848867 2.0340668888706217 0.0
0.001820636 0.03537776 -0.2234352 -0.6523285 0.6465588 0.3705899 -0.04415083 19.1635 2.169319 1 0.4506284 0.03542457646976314 0.6895330017564714 0.0
-0.0004128023 -0.009761565 0.2433536 -1.400254 0.5945693 0.3340455 -0.05261829 18.96759 2.250433 0 0.0 0.009770289503802345 1.4212432019710632 0.0
-0.008721904 0.02047031 9.270401 -5.096775 1.276518 0.7463295 -0.04186748 20.05252 2.307636 0 0.0 0.02225095954967596 10.579104409231718 0.0
-0.007675343 -0.002305427 -9.873421 -11.77372 3.951189 2.189973 0.2051143 20.56842 nan 0 0.0 0.008014105303773967 15.365706130264272 0.0
-0.003982134 -0.001279502 -1.727181 5.207646 2.473444 1.491273 -0.2730459 19.86973 nan 0 0.0 0.004182644685119691 5.486595580874994 0.0
-0.003551977 0.005853964 -0.4834658 -3.300897 1.958697 1.415655 0.2655274 20.21783 nan 0 0.0 0.006847293999955384 3.336114534061839 0.0
-0.001142169 0.007131828 0.272469 -1.450662 0.24674 0.1464865 -0.005310237 17.00901 3.02924 1 0.9523731 0.007222708677923054 1.4760283175484812 0.0
0.005332526 -0.008861146 2.54047 -1.404274 1.567425 1.055864 0.07270727 19.73058 nan 0 0.0 0.010341940919092123 2.9027527087190874 0.0
-0.004645781 0.01336706 5.852581 -2.872059 3.206794 1.66477 0.07276259 20.56039 1.724838 0 0.0 0.014151380644430459 6.519311870208543 0.0
0.0005383143 -0.021528 0.829431 -2.160878 0.7411868 0.4711304 0.007592689 19.3721 2.723686 1 0.9517607 0.021534729306067084 2.314594892123673 0.0
-0.01445595 -0.002520158 0.7468197 -1.501563 0.1998979 0.1170213 0.07220386 16.9966 3.258817 1 0.9975101 0.014673979921870686 1.6770304431575147 0.0
-0.0001587262 0.007194763 -2.173017 -0.05517786 0.7353577 0.4595796 0.00173967 18.93665 nan 0 0.0 0.007196513644309684 2.173717432998866 0.0
0.02759756 -0.009789937 1.185331 -1.715235 0.36046 0.2003446 0.2151118 18.07721 2.43519 1 0.985176 0.029282557682305844 2.0849557992403582 0.0
-0.008574456 -0.005019506 1.36229 -0.1441204 1.75715 1.052576 -0.248359 20.24843 1.704643 0 0.0 0.009935629631783382 1.369892234373259 0.0
-0.003317426 0.008247678 1.141291 -1.566553 0.4290041 0.2551933 0.06539803 18.51605 2.455616 0 0.0 0.008889854197744752 1.9382036653793637 0.0
0.005338356 0.003174224 1.334511 -1.629768 0.6819948 0.3962515 0.03595088 18.946 2.200941 0 0.0 0.006210776343172567 2.1064337974275387 0.0
0.002251367 -0.006774631 3.732337 -0.9284743 1.189607 0.6770014 -0.08705081 19.63125 2.401583 0 0.0 0.00713892698904044 3.846089443490555 0.0
-0.0114153 -0.01217176 0.1877025 -1.868947 0.806205 0.4523625 -0.1291914 19.30308 2.529097 1 0.9699271 0.016687145219827147 1.8783490403317615 0.0
0.004232628 -0.03026547 1.678539 -2.931449 0.3539876 0.1972513 0.02844058 18.13707 2.134155 1 0.0 0.030560003503064 3.378000357330058 0.0
-0.03263763 -0.009460258 1.372214 -1.155905 0.2869647 0.1631651 0.04455874 17.874 2.574308 1 0.8693636 0.03398104432538035 1.794181604749363 0.0
-0.003376412 -0.002057724 -2.091906 0.6461012 1.343073 0.7952442 -0.008699738 19.94852 nan 0 0.0 0.003954034149311308 2.1894103026791116 0.0
0.01702653 -0.01672375 0.7724306 -1.408344 1.280511 0.741186 0.1941083 19.96922 1.865042 0 0.0 0.023866012191051104 1.6062633203034802 0.0
-0.005844963 -0.001004747 -1.305564 -1.0122 1.906658 1.026146 -0.08958441 20.27592 2.563604 0 0.0 0.0059306921185792475 1.651982505384364 0.0
0.003221742 -0.001374899 2.451661 7.006648 2.536629 1.403932 -0.0406772 19.71312 nan 0 0.0 0.00350285152051368 7.423190544154515 0.0
-0.02373059 -4.387712e-06 -5.049446 1.323931 3.196272 1.962439 -0.6512369 20.43114 1.722059 0 0.0 0.02373059040563712 5.22012434714701 0.0
-0.03692788 0.01342189 -1.643822 -1.43072 1.349361 0.8038327 0.02340793 20.08457 1.633017 0 0.0 0.03929141703306843 2.179245393727838 0.0
-0.004418592 -0.002484927 10.06942 -5.246939 2.093273 1.118171 -0.04610991 19.86895 nan 0 0.0 0.005069400108276422 11.354452342853044 0.0
0.01919014 0.01132613 0.08524329 -2.093702 1.420679 0.815814 -0.02036888 20.08807 1.405142 0 0.0 0.022283237960325695 2.0954365853668837 0.0
-0.004991728 -0.001449208 0.9175954 -1.403043 1.033521 0.6035686 -0.05778268 19.65149 2.235523 0 0.0 0.005197841114659816 1.6764578664404781 0.0
-0.03250759 -0.02898392 -0.2134147 -1.993995 1.658303 0.901994 0.06903992 20.12376 1.830433 1 0.6809004 0.04355239403493797 2.0053832287622955 0.0
-0.005760325 -0.001603659 -0.2869126 -0.428668 2.33586 1.179886 0.2527886 20.22067 1.984015 0 0.0 0.00597938678243062 0.5158246739569172 0.0
-0.005434644 -0.001462535 -1.210174 -1.231281 2.734208 2.0509 -0.01526728 20.31398 nan 0 0.0 0.00562799822609789 1.7264339000485944 0.0
-0.007240501 -0.02259965 0.6909064 -1.76593 0.7724342 0.4231867 -0.08208773 19.24587 1.682499 1 0.9699504 0.023731182752941348 1.8962754068069754 0.0
0.001443641 -0.006057484 0.1436797 -0.6519212 1.742742 0.9394313 0.1427522 20.03612 2.475216 0 0.0 0.006227135115535635 0.6675665563833542 0.0
0.001853955 -0.003320432 9.170043 -11.56893 2.750986 1.696552 0.3657471 20.14617 nan 0 0.0 0.003802948567710192 14.76244661181706 0.0
0.02479319 0.002837836 -2.235441 0.942572 1.323308 1.114091 -0.2141234 19.91903 nan 0 0.0 0.024955071299016477 2.426033478677695 0.0
0.004511455 -0.002400999 8.298249 -1.698694 2.648972 1.070174 0.2498807 20.16765 nan 0 0.0 0.005110579459809425 8.4703304405222 0.0
-0.007750695 0.03173121 2.519116 1.250701 0.6043853 0.3508398 0.04834754 18.91482 2.243889 0 0.0 0.03266409283980079 2.812507495609034 0.0
0.005071038 0.008350753 0.7580633 -0.3160702 0.5389689 0.3022347 -0.0770127 18.78403 2.152416 0 0.0 0.009769877279907512 0.8213162229829203 0.0
0.0002581048 0.004278427 -1.493879 -7.63077 1.997594 1.094827 -0.02890842 19.8252 nan 0 0.0 0.004286205277645021 7.7756237858798825 0.0
-0.01217853 -0.02041904 1.159538 -1.569572 0.2376432 0.1306856 -0.06486155 17.37723 3.048704 1 0.9969039 0.0237750665084769 1.9514314327252187 0.0
-0.01253219 -0.03438078 -0.8180223 -1.676146 1.398371 0.8021563 -0.005061573 20.10236 2.070221 0 0.0 0.03659363086118266 1.8651074758879955 0.0
0.001756287 -0.005252578 1.419437 -2.238218 0.700702 0.4001125 -0.05074573 19.20628 2.407804 0 0.0 0.005538422128409227 2.650362468133934 0.0
-0.01462604 -0.007265616 0.8230106 -1.475539 0.3305833 0.1950379 0.09437213 18.15588 2.865643 1 0.9962016 0.016331265166577145 1.6895448464700071 0.0
0.01413657 0.01004541 0.8009344 -2.373232 1.55975 0.9432485 -0.06949283 20.17485 nan 0 0.0 0.01734222804120047 2.504740712913686 0.0
0.003241096 0.004038157 1.439222 -1.251386 0.8471882 0.5126 -0.04559749 19.25645 2.376104 0 0.0 0.005177974047623742 1.9071777280264155 0.0
-0.01437616 0.008136186 0.5609653 -1.892064 1.209882 0.6974285 -0.1559425 19.84841 2.532782 0 0.0 0.016518822566157554 1.973471116560891 0.0
0.02461353 -0.007517207 2.643682 0.3003815 2.023324 1.032763 0.3420765 20.1109 1.902496 0 0.0 0.025735855535453822 2.6606923089050056 0.0
-0.004765016 -0.02629053 2.525329 -3.205738 0.5587889 0.3406224 0.007749223 18.96981 2.510244 1 0.0001552113 0.02671885748233176 4.080936495816249 0.0
0.0346914 0.007689451 3.220677 -1.686969 1.558546 0.8673756 0.3040421 20.04741 1.821619 0 0.0 0.035533377135327296 3.635742667638896 0.0
-0.001331002 0.009960428 -0.7095975 -4.133357 3.584032 2.182372 0.3162551 20.70914 nan 0 0.0 0.01004896473609038 4.19382506805604 0.0
