jas1101finalproject/data/gcs/Pal_11.ecsv
# %ECSV 0.9
# ---
# datatype:
# - {name: x, unit: deg, datatype: float64}
# - {name: y, unit: deg, datatype: float64}
# - {name: pmx, unit: mas / yr, datatype: float64}
# - {name: pmy, unit: mas / yr, datatype: float64}
# - {name: pmx_e, unit: mas / yr, datatype: float64}
# - {name: pmy_e, unit: mas / yr, datatype: float64}
# - {name: pm_corr, datatype: float64}
# - {name: g_mag, unit: mag, datatype: float64}
# - {name: bp_rp, unit: mag, datatype: float64}
# - {name: filter, datatype: int64}
# - {name: memberprob, datatype: float64}
# - {name: r, unit: deg, datatype: float64}
# - {name: pm, unit: mas / yr, datatype: float64}
# - {name: member_prob_GMM, datatype: float64}
# meta: !!omap
# - comments: [deg deg mas/yr mas/yr mas/yr mas/yr dimless mag   mag   zeroone float]
# - __serialized_columns__:
#     bp_rp:
#       __class__: astropy.units.quantity.Quantity
#       unit: &id001 !astropy.units.Unit {unit: mag}
#       value: !astropy.table.SerializedColumn {name: bp_rp}
#     g_mag:
#       __class__: astropy.units.quantity.Quantity
#       unit: *id001
#       value: !astropy.table.SerializedColumn {name: g_mag}
#     pm:
#       __class__: astropy.units.quantity.Quantity
#       unit: !astropy.units.Unit {unit: mas / yr}
#       value: !astropy.table.SerializedColumn {name: pm}
#     pmx:
#       __class__: astropy.units.quantity.Quantity
#       unit: !astropy.units.Unit {unit: mas / yr}
#       value: !astropy.table.SerializedColumn {name: pmx}
#     pmx_e:
#       __class__: astropy.units.quantity.Quantity
#       unit: !astropy.units.Unit {unit: mas / yr}
#       value: !astropy.table.SerializedColumn {name: pmx_e}
#     pmy:
#       __class__: astropy.units.quantity.Quantity
#       unit: !astropy.units.Unit {unit: mas / yr}
#       value: !astropy.table.SerializedColumn {name: pmy}
#     pmy_e:
#       __class__: astropy.units.quantity.Quantity
#       unit: !astropy.units.Unit {unit: mas / yr}
#       value: !astropy.table.SerializedColumn {name: pmy_e}
#     r:
#       __class__: astropy.units.quantity.Quantity
#       unit: &id002 !astropy.units.Unit {unit: deg}
#       value: !astropy.table.SerializedColumn {name: r}
#     x:
#       __class__: astropy.units.quantity.Quantity
#       unit: *id002
#       value: !astropy.table.SerializedColumn {name: x}
#     y:
#       __class__: astropy.units.quantity.Quantity
#       unit: *id002
#       value: !astropy.table.SerializedColumn {name: y}
# schema: astropy-2.0
x y pmx pmy pmx_e pmy_e pm_corr g_mag bp_rp filter memberprob r pm member_prob_GMM
[from data line 342]
-0.02635505 0.01160322 -0.944584 -3.299848 2.077405 1.635935 0.4726369 20.43898 1.018375 0 0.0 0.02879623890147635 3.4323804795156376 0.0
0.008005796 -0.005072913 -1.98676 -5.054168 0.1559767 0.1186721 0.3170308 16.88081 1.475424 1 0.9989817 0.009477722083875694 5.4306380352426356 0.0
-0.01224222 0.02258449 -2.01608 -5.094275 0.4000228 0.2917654 0.2872548 17.41913 1.448805 0 0.0 0.025689124918698573 5.478705717779063 0.0
0.05170432 0.00192576 -3.244075 -6.389485 0.6741133 0.5113597 0.3510845 19.34448 0.9244442 0 0.0 0.05174017064370777 7.1658594160679705 0.0
-0.0201902 0.01585982 -2.862977 -5.544983 1.277132 0.9344989 0.4833895 19.94118 0.9599304 1 0.9155618 0.025674463314203862 6.240470637124896 0.0
-0.005290764 -0.01249055 -4.01116 -6.772456 0.6146223 0.5034611 0.4739153 18.93074 1.366056 0 0.0 0.01356488197538762 7.871185731358142 0.0
0.001478396 0.008498902 -6.20356 -7.188641 1.867438 1.460898 0.4880885 20.46174 nan 0 0.0 0.008626528266830172 9.495299684606115 0.0
0.02202844 0.008222697 -5.843078 -5.216552 2.536634 2.069241 0.5546171 20.62545 0.08516121 0 0.0 0.023513079653405867 7.832877841686797 0.0
0.0154401 0.001952591 -1.641902 -4.808085 0.3740112 0.2922165 0.4424748 18.34863 1.444319 1 0.9956719 0.01556307487687703 5.080701087923694 0.0
0.002656874 -0.01111342 -2.548116 -5.531797 0.9413384 0.7348051 0.4028554 19.80312 0.915905 1 0.9730613 0.01142659544870107 6.090457552488565 0.0
0.04925551 -0.00615728 2.115888 -6.902079 2.53348 1.838906 0.4831841 20.56362 3.062271 1 0.1181547 0.04963886947099521 7.219118820935488 0.0
0.006495272 0.02378673 -2.777217 -5.114039 0.6553555 0.507646 0.368027 19.18046 1.443031 1 0.9525846 0.024657596850603345 5.819478426681381 0.0
0.05557636 0.03025414 -8.827274 -10.99518 0.1002318 0.07628375 0.3394548 16.03174 1.183583 1 0.0 0.06327752190145565 14.100168421103202 0.0
0.001236629 0.00795197 -3.359879 -7.704984 1.544354 1.259302 0.5731167 20.19206 0.9689598 0 0.0 0.00804755106628973 8.405686488020892 0.0
0.01637765 0.02000656 3.511361 -7.503233 1.395883 1.082672 0.2238227 19.96897 1.75708 0 0.0 0.025855170905567423 8.284211581352205 0.0
0.04175969 -0.01944017 -2.156141 -5.130884 3.182065 2.402144 0.6741855 20.61814 1.637743 0 0.0 0.04606291261443419 5.565511174486761 0.0
0.01136014 -0.006590289 -1.544781 -4.826741 0.3124616 0.2395174 0.3696108 18.11144 1.494083 1 0.9966535 0.013133342678964903 5.0679164376538415 0.0
0.01495643 -0.001994649 -3.551466 -5.318852 0.535653 0.4113701 0.3813568 18.67565 1.338179 0 0.0 0.015088850949562096 6.395552935208964 0.0
0.05203518 -0.0103166 -3.330104 -5.128181 2.636359 1.789613 0.3705829 20.60466 1.370094 0 0.0 0.05304801780644023 6.114559102631767 0.0
0.009517788 0.03820241 -2.970729 -5.703598 1.888434 1.373322 0.5257486 20.37174 1.115791 0 0.0 0.03937019708130814 6.430883371438562 0.0
0.005920545 -0.01147203 -7.663178 -6.136852 0.5233482 0.3990307 0.3196639 18.91028 1.607201 0 0.0 0.012909698889514232 9.817598969686427 0.0
0.01444388 0.03154657 -1.499822 -4.734931 0.1676597 0.1317504 0.3299946 16.7138 1.474848 1 0.9822842 0.034695990376689065 4.966793493436686 0.0
0.005709005 -0.01185255 -1.959942 -4.151316 1.034478 0.7046674 -0.07734401 19.53551 nan 0 0.0 0.013155823029842147 4.590729481816588 0.0
0.006798154 0.06381004 -4.311029 -5.561737 2.470676 1.818414 0.3779045 20.70377 0.9416485 0 0.0 0.06417114696348598 7.036894876009589 0.0
0.01704268 0.02367532 -0.3288681 -5.643809 2.6507 1.907279 0.5677932 20.65986 1.138128 0 0.0 0.029171453832210696 5.653382549914574 0.0
-0.001120509 -0.01826406 -2.229848 -5.038449 0.1686902 0.1282022 0.2625257 16.9443 1.437647 1 0.9889671 0.018298399604956737 5.509826714943493 0.0
-0.01768211 0.02230057 -2.12218 -4.491032 0.4040035 0.3251621 0.3770407 18.29601 1.054035 1 0.9526219 0.02846001469389993 4.967194014473765 0.0
0.0002695514 -0.01729512 -1.661633 -4.63416 0.1620642 0.1240389 0.3491351 16.96272 1.431673 1 0.9901803 0.017297220405939274 4.923054248359345 0.0
0.02746799 0.005725647 -4.516463 -5.331458 0.7042676 0.5549438 0.4016636 19.2301 1.561251 0 0.0 0.028058394612106893 6.987337292283306 0.0
0.01589576 0.06249228 -3.953735 -7.767594 0.7557063 0.604974 0.4546471 19.41397 1.157661 0 0.0 0.06448224752267867 8.715935807419706 0.0
0.002113102 0.02244734 -6.770324 -7.959719 3.005097 2.213254 0.6247191 20.65717 nan 0 0.0 0.022546580076322084 10.449613084891565 0.0
-0.0223649 -0.006472489 -2.145694 -6.190152 1.594462 1.383801 0.6718516 20.09691 1.509136 1 0.8841861 0.023282651607261597 6.551487199463951 0.0
-0.01925224 -0.007307749 1.286539 -8.423954 0.2295496 0.1857991 0.3795371 17.43344 1.031134 1 0.0 0.020592521469324755 8.521630336539893 0.0
-0.01178858 0.01202685 -1.238655 -5.353732 1.794854 1.508994 0.6173991 20.30639 1.113146 0 0.0 0.016840894849707362 5.49515354988821 0.0
0.02519854 -0.0413571 -4.859643 -7.970529 2.0198 2.009175 0.78292 20.06142 1.561218 1 0.4419855 0.04842908360212487 9.335173411741744 0.0
-0.0259024 0.02202261 -3.065924 -4.811526 2.576563 2.704522 0.8029633 20.34752 1.144859 0 0.0 0.0339989658220967 5.705319659971034 0.0
-0.004867876 0.002537457 0.2154547 -2.223571 2.706942 2.88961 0.774823 20.30568 0.7280731 0 0.0 0.005489526826441875 2.233984941711356 0.0
-0.004293431 -0.02210929 -1.315933 -4.808964 0.2586947 0.1963366 0.3488854 17.64332 1.479282 1 0.986838 0.022522305700257712 4.985761166941813 0.0
0.00576977 0.01115389 -3.494729 -4.722751 2.395639 2.363319 0.7851626 20.27257 0.9739189 0 0.0 0.012557846470832489 5.875160235384393 0.0
-0.002571305 0.02906488 3.574539 -10.02853 2.573391 2.569728 0.8100498 20.36409 1.901979 1 0.0 0.029178397125569203 10.646536668016553 0.0
0.001961786 -0.02056432 -5.199111 -5.494838 0.421093 0.3189899 0.2862681 18.54015 1.320272 1 0.0 0.020657682865515097 7.564654640931402 0.0
-0.001694646 -0.02274252 -1.3248 -1.012826 0.3182388 0.2462317 0.3672624 17.9403 1.361607 1 0.0 0.022805570394439072 1.6676065322119604 0.0
0.05357674 -0.007489155 -2.441824 -5.667393 0.4371218 0.3299196 0.3465958 18.59611 1.590147 1 0.6604668 0.054097638688223953 6.171049170394366 0.0
-0.01589791 -0.006530359 -5.775223 -6.226773 3.054014 2.104696 0.07978689 20.57323 0.7749805 0 0.0 0.01718688834655596 8.492697021162241 0.0
0.02613927 0.02094208 -2.086494 -5.97995 0.9930522 0.7462334 0.2615879 19.6392 1.321051 0 0.0 0.03349376286503653 6.333502918175375 0.0
0.06385286 0.002102374 -2.10343 -6.451578 1.831959 2.078507 0.9469334 19.16995 nan 0 0.0 0.06388746126287595 6.78581435459179 0.0
0.009818739 -0.0148958 -1.859173 -5.131147 0.1537738 0.1158374 0.334344 16.77019 1.634435 1 0.997543 0.017840753716985194 5.457581312224125 0.0
0.03934333 -0.007828946 -2.967065 -3.997422 1.021036 0.8007067 0.3717218 19.69067 1.077665 0 0.0 0.04011471065531716 4.9782383792169895 0.0
-0.006499748 0.001236623 0.7919072 -5.661647 2.728956 3.211418 0.7306267 20.19554 nan 0 0.0 0.006616340416546974 5.7167616502720175 0.0
0.02498943 -0.002169663 -2.136161 -5.017348 0.1829956 0.1427028 0.4292684 17.11241 1.500357 1 0.9942652 0.02508344173470756 5.453160988915053 0.0
0.006011113 -0.01751928 1.161974 -3.477412 2.503818 2.648521 0.7994858 20.30908 0.4957428 0 0.0 0.018521842543795936 3.6664121146455977 0.0
0.0008134731 -0.0253079 -9.085001 -6.454024 0.7926858 0.5888775 0.3248901 19.36471 1.653225 0 0.0 0.02532097037821465 11.14413159302137 0.0
-0.01006622 0.02114116 -7.508329 -7.917223 0.4839486 0.3934586 0.4632711 18.75405 1.034916 0 0.0 0.02341532470913013 10.911343840424514 0.0
-0.005744248 0.001481728 -3.753799 -5.319694 0.7974208 0.6721387 0.5068724 19.31142 1.307989 0 0.0 0.00593227637180602 6.510771934727633 0.0
0.05511942 0.003488385 -1.364548 1.345654 3.859954 2.249397 0.2323991 20.83041 0.8324356 0 0.0 0.055229695735578926 1.9164487814757796 0.0
0.02027632 0.02188942 -1.811178 -5.116621 0.5908441 0.4508118 0.3643835 18.97952 1.371586 1 0.9756941 0.02983749085762407 5.427722930043961 0.0
0.03408581 0.0001575963 -2.102937 -4.944082 0.191326 0.1559166 0.3766255 17.11863 1.527456 1 0.9903229 0.03408617432258824 5.372735881158965 0.0
-0.002510816 0.02186512 -5.11125 -7.502664 2.205178 1.752774 0.5128022 20.54294 0.9821339 0 0.0 0.022008808909167617 9.078262149739674 0.0
-0.00746677 2.83007e-05 -1.695444 -4.724688 1.400925 0.9683557 0.3169619 19.945 nan 0 0.0 0.007466823632745084 5.019681967463677 0.0
0.00852009 0.02172771 -5.7792 -9.018741 1.170511 0.8842505 0.3723777 19.84631 1.191252 0 0.0 0.023338494284169235 10.711528456064569 0.0
-0.008010719 -0.0005696634 -2.116118 -5.235978 0.609542 0.4301379 0.3429689 18.94759 nan 0 0.0 0.008030948591932372 5.647426051433343 0.0
-0.009672793 -0.001699804 -2.901427 -1.454813 1.713595 1.423524 0.6252559 20.16397 0.8993378 0 0.0 0.009821011050765854 3.2457294251520716 0.0
-0.005834942 0.003806785 0.223225 -4.505117 0.9965406 0.7486381 0.352898 19.6976 0.736618 0 0.0 0.00696693334111853 4.510643921250491 0.0
-0.04101318 0.02150734 -1.291682 -3.416873 0.3956347 0.3061491 0.3705975 18.25985 1.226206 1 0.001153632 0.046310329383281224 3.652870581782634 0.0
0.02335713 -0.009592967 -1.844466 -4.865416 0.1663021 0.1296529 0.4322877 16.94717 1.493103 1 0.9983073 0.025250357179651718 5.203299691370082 0.0
0.0002393463 0.00589442 -2.208347 -5.262638 2.129801 2.211063 0.8130475 20.18447 0.8198776 0 0.0 0.005899277395386972 5.707202045788549 0.0
0.005739016 -0.02658777 -2.991338 -7.308336 0.6322154 0.4794497 0.2988717 19.09965 1.137884 1 0.002124049 0.027200106952384506 7.896827091885702 0.0
-0.02496712 0.04823011 3.947939 -5.003261 0.1599303 0.1234446 0.3661651 16.95212 1.251123 1 0.0 0.05430930483541932 6.373291377447135 0.0
0.00924521 0.01290239 0.9427257 -2.982518 2.444815 2.499243 0.8169053 20.29278 1.29373 0 0.0 0.01587279356812152 3.127961854908798 0.0
0.03997476 -0.04005747 -1.260799 -2.14204 0.5159227 0.3896619 0.3555704 18.86238 1.389914 1 0.0 0.05659136276728543 2.4855481246600317 0.0
0.03468793 -0.02654247 -3.277279 -1.396743 1.50404 1.12947 0.5292614 20.15033 1.280725 1 0.001970104 0.0436778571061562 3.5625059511374855 0.0
0.01818935 -0.01559322 -1.759536 -5.135298 0.2549899 0.1943979 0.3716521 17.77043 1.490152 1 0.9945856 0.023958317206993065 5.428374755311206 0.0
-0.007648073 -0.0009272843 -6.571912 -8.781444 2.809243 2.966414 0.8324057 20.2259 nan 0 0.0 0.007704081826301917 10.968308258837368 0.0
0.03955298 -0.02714278 1.252958 -5.42345 0.4778689 0.3615162 0.3602908 18.83876 1.44945 1 0.0 0.047970498569525 5.566301613483049 0.0
0.0222428 0.05992708 -8.54708 -5.384221 0.479008 0.3647233 0.4955543 18.49104 2.2743 1 0.0 0.06392180433284404 10.101604442030037 0.0
-0.03647874 0.008111033 6.129913 1.903465 3.135208 2.126943 0.2431414 20.58545 0.6689739 0 0.0 0.037369604337143966 6.418645682213189 0.0
-0.05494524 0.02066504 4.839357 -0.02395974 0.591657 0.4782307 0.5173207 18.93233 1.304474 1 0.0 0.05870283874617308 4.839416312179586 0.0
0.04091937 0.03835496 3.042697 -4.981741 2.769892 2.386124 0.6985949 20.27341 1.355913 0 0.0 0.056084737654717616 5.837443654964903 0.0
0.05784025 0.01057762 -3.63515 -5.780284 0.2082035 0.1472485 0.3168201 17.36409 1.606579 1 0.0 0.0587994945975465 6.828323267329689 0.0
0.05907381 -0.02724814 -4.831397 -4.218039 0.9605607 0.7285088 0.3497625 19.82795 1.01799 0 0.0 0.06505517782141326 6.413598831945291 0.0
0.02217821 -0.01633347 10.90387 6.27879 1.298546 0.9688148 0.4600195 19.65573 1.326061 0 0.0 0.02754369693859196 12.582431594926316 0.0
-0.00927992 -0.002316822 -5.279961 -6.503475 1.280924 0.9800894 0.4182296 20.02595 0.8848286 0 0.0 0.009564757152488713 8.376943072335278 0.0
-0.009582312 0.005912427 -2.480469 -5.377881 1.174396 0.8679602 0.3874209 19.66362 1.169151 0 0.0 0.011259551336339874 5.922358525969363 0.0
-0.03548258 0.02101576 -4.873204 -2.186766 0.3354455 0.2572366 0.3751107 18.06783 1.150616 1 0.0 0.04123924892422266 5.341354019756789 0.0
0.0329667 -0.01183572 -0.3613029 -3.620075 0.8225481 0.6183751 0.3569943 19.47053 1.136826 0 0.0 0.03502695500337419 3.6380603061485126 0.0
-0.01768372 0.05957158 -3.704984 -6.247687 0.2474619 0.1789554 0.3719904 17.60995 1.175184 1 0.0 0.06214086495000532 7.2636422881516545 0.0
0.05557198 -0.001966694 -3.266402 -1.913449 0.8390431 0.6266492 0.335836 19.63049 1.228676 1 2.58861e-06 0.055606769789388374 3.785587022009268 0.0
0.05853579 0.01381286 -0.1498819 -2.886196 0.319941 0.2461606 0.3782691 18.21059 1.351959 1 0.0 0.06014344363522677 2.890085108498296 0.0
0.02093865 -0.02762205 1.85824 -3.667325 1.80313 1.523714 0.5944339 20.21093 1.267445 0 0.0 0.03466128546411688 4.111244161227232 0.0
0.03943401 -0.007549529 5.64717 -5.172196 2.374128 1.596325 -0.3146894 20.05949 nan 0 0.0 0.040150174754313844 7.657815646208519 0.0
0.00150848 -0.02825761 -2.631271 -3.73589 1.878008 1.352943 0.3331273 20.56813 0.744215 0 0.0 0.028297845056161078 4.569514325127015 0.0
-0.03188743 0.0365991 -3.394851 -5.775873 2.352081 2.403724 0.8209819 20.29268 0.8979301 0 0.0 0.04854175844378632 6.699680755403946 0.0
0.02377912 -0.02797983 0.5793825 -3.789748 0.2191275 0.1632237 0.2729601 17.48672 1.240429 1 0.0 0.03671944219079724 3.833780638587744 0.0
0.01601653 0.05921498 -7.239536 -7.510366 0.7218224 0.5639675 0.399375 19.16137 2.022758 0 0.0 0.06134283242271504 10.431513741986443 0.0
0.04823317 0.03722072 3.754922 0.1164458 0.3015884 0.2324819 0.420131 17.98191 1.245321 1 0.0 0.06092471325798177 3.7567271461235565 0.0
0.01604458 0.003896156 -2.601549 -5.51569 1.228411 0.9041582 0.4705236 19.97916 0.853281 0 0.0 0.016510862453328595 6.0984336821433915 0.0
0.02961109 -0.02943266 -1.376177 -4.877246 0.4978454 0.3749394 0.3465165 18.82756 1.418159 1 0.9532702 0.04175042665247506 5.067681094923496 0.0
0.007220303 0.007273846 -1.550666 -6.128765 0.887039 0.6885825 0.4093866 19.37109 1.1938 0 0.0 0.010248980975859258 6.32189255435277 0.0
0.01788814 0.006574951 -0.519901 -2.586533 2.29675 2.339992 0.7801082 20.24658 nan 0 0.0 0.01905821432642631 2.6382664781803222 0.0
-0.01097217 -0.004521759 -3.706844 -6.140598 1.798834 1.71198 0.5614156 20.08007 0.4966278 0 0.0 0.01186738467241123 7.172700763167247 0.0
0.005890473 -0.00133352 -1.895643 -3.40424 2.321908 1.753267 0.3433974 19.97215 1.077644 0 0.0 0.006039532080726867 3.8964486857969782 0.0
0.01353643 0.008074294 -2.570989 -5.205729 0.581247 0.4401785 0.3851853 19.07485 1.387447 1 0.9818768 0.015761635725499306 5.805996801545967 0.0
0.01785843 0.01830372 0.2252162 -1.666723 0.4696379 0.3540876 0.2089187 18.62953 1.421803 1 0.0 0.025572440006837442 1.6818703563210335 0.0
0.005225256 -0.03068951 -0.1889953 -3.370349 2.601801 2.770763 0.8221712 20.39713 0.8697109 0 0.0 0.031131163234059147 3.375643880095039 0.0
0.008911739 -0.03456722 -3.8265 -2.502111 2.816345 2.174241 0.4606833 20.67233 0.8022118 0 0.0 0.035697503981826535 4.5719428809119 0.0
-0.01707824 0.03570592 -2.869029 -5.126347 0.804403 0.6171775 0.4024289 19.39621 0.8581982 0 0.0 0.039580032902260205 5.874586025180839 0.0
0.01680065 0.01750983 -1.882651 -4.736235 0.2165609 0.1646098 0.2047154 17.39883 1.567137 1 0.995117 0.02426635504255635 5.096694689995272 0.0
0.02423504 0.01649379 6.869432 5.286978 2.582626 2.506927 0.7941946 20.20542 1.205849 0 0.0 0.029315222536520167 8.668404257711336 0.0
0.01931072 0.05343748 -0.2488364 -1.533618 0.3139273 0.2618525 0.6405887 17.71502 1.328367 1 0.0 0.056819610837005916 1.5536742656969509 0.0
-0.01728785 -0.01032127 -6.104127 -5.821869 0.927927 0.7091373 0.3941469 19.7134 1.003222 0 0.0 0.020134506997575085 8.435314166365709 0.0
0.02731707 0.008467948 -3.408842 -5.562702 0.6178837 0.4899483 0.2996325 18.91367 1.153299 1 0.7131818 0.02859944853866249 6.524098199886939 0.0
0.02632031 0.01643262 -2.283373 -6.811423 0.9990844 0.7700184 0.4018462 19.85177 1.158817 0 0.0 0.031028853001045655 7.183959600530754 0.0
0.007521813 -0.03036148 1.274959 -4.070709 1.320441 1.106282 0.4841148 20.04499 1.319113 1 0.5268225 0.031279340443771654 4.2656994988350965 0.0
0.01102822 0.0119501 -1.958311 -4.429413 2.623474 2.515261 0.8332439 20.28995 1.32485 1 0.8970644 0.016261196954049848 4.843003355077302 0.0
