jas1101finalproject/data/gcs/Pal_2.ecsv
# %ECSV 0.9
# ---
# datatype:
# - {name: x, unit: deg, datatype: float64}
# - {name: y, unit: deg, datatype: float64}
# - {name: pmx, unit: mas / yr, datatype: float64}
# - {name: pmy, unit: mas / yr, datatype: float64}
# - {name: pmx_e, unit: mas / yr, datatype: float64}
# - {name: pmy_e, unit: mas / yr, datatype: float64}
# - {name: pm_corr, datatype: float64}
# - {name: g_mag, unit: mag, datatype: float64}
# - {name: bp_rp, unit: mag, datatype: float64}
# - {name: filter, datatype: int64}
# - {name: memberprob, datatype: float64}
# - {name: r, unit: deg, datatype: float64}
# - {name: pm, unit: mas / yr, datatype: float64}
# - {name: member_prob_GMM, datatype: float64}
# meta: !!omap
# - comments: [deg deg mas/yr mas/yr mas/yr mas/yr dimless mag   mag   zeroone float]
# - __serialized_columns__:
#     bp_rp:
#       __class__: astropy.units.quantity.Quantity
#       unit: &id001 !astropy.units.Unit {unit: mag}
#       value: !astropy.table.SerializedColumn {name: bp_rp}
#     g_mag:
#       __class__: astropy.units.quantity.Quantity
#       unit: *id001
#       value: !astropy.table.SerializedColumn {name: g_mag}
#     pm:
#       __class__: astropy.units.quantity.Quantity
#       unit: !astropy.units.Unit {unit: mas / yr}
#       value: !astropy.table.SerializedColumn {name: pm}
#     pmx:
#       __class__: astropy.units.quantity.Quantity
#       unit: !astropy.units.Unit {unit: mas / yr}
#       value: !astropy.table.SerializedColumn {name: pmx}
#     pmx_e:
#       __class__: astropy.units.quantity.Quantity
#       unit: !astropy.units.Unit {unit: mas / yr}
#       value: !astropy.table.SerializedColumn {name: pmx_e}
#     pmy:
#       __class__: astropy.units.quantity.Quantity
#       unit: !astropy.units.Unit {unit: mas / yr}
#       value: !astropy.table.SerializedColumn {name: pmy}
#     pmy_e:
#       __class__: astropy.units.quantity.Quantity
#       unit: !astropy.units.Unit {unit: mas / yr}
#       value: !astropy.table.SerializedColumn {name: pmy_e}
#     r:
#       __class__: astropy.units.quantity.Quantity
#       unit: &id002 !astropy.units.Unit {unit: deg}
#       value: !astropy.table.SerializedColumn {name: r}
#     x:
#       __class__: astropy.units.quantity.Quantity
#       unit: *id002
#       value: !astropy.table.SerializedColumn {name: x}
#     y:
#       __class__: astropy.units.quantity.Quantity
#       unit: *id002
#       value: !astropy.table.SerializedColumn {name: y}
# schema: astropy-2.0
x y pmx pmy pmx_e pmy_e pm_corr g_mag bp_rp filter memberprob r pm member_prob_GMM
[from data line 455]
-0.0370674 -0.01007469 -0.2583065 -0.2105764 0.9195178 0.5525067 -0.2492989 19.52315 1.774035 1 0.5343713 0.038412127269341644 0.33326366165426735 0.0
-0.0009925093 -0.00577711 -0.7342793 -2.045858 1.020667 0.5714078 -0.123873 19.41419 2.323378 0 0.0 0.005861746724542651 2.1736377450192776 0.0
-0.01106256 -0.003909169 0.459539 -1.07268 1.000135 0.6031781 -0.03724025 19.65255 2.464891 0 0.0 0.011732938081493527 1.1669697832082029 0.0
0.04296232 0.008509215 5.876542 -0.4633832 1.762539 1.187834 0.4791426 20.1553 1.930038 0 0.0 0.04379689121043438 5.894783275728314 0.0
-0.0008427248 -0.009332409 2.326168 -3.067172 2.343029 0.9962331 0.0494511 19.87688 2.264151 0 0.0 0.009370381146560478 3.84949368642267 0.0
-0.00422362 -0.01213421 1.467451 -1.656533 0.2458536 0.1390083 0.02266297 17.5482 2.921801 1 0.9934537 0.012848269075190634 2.2130327646670755 0.0
0.004120146 0.008934355 -1.078301 1.102675 2.616636 1.512641 -0.0008393394 20.46155 1.656576 0 0.0 0.009838612825360138 1.5422792231713425 0.0
-0.0001782963 -0.009412521 0.7229302 0.9588195 2.656716 1.635703 -0.554116 20.26656 nan 0 0.0 0.009414209533786397 1.2008175996596193 0.0
0.006062296 -0.01204447 1.078165 -1.65867 0.4699246 0.330973 -0.2127594 18.27484 nan 0 0.0 0.013484090268628285 1.9782886382237048 0.0
-0.001005327 0.01383234 0.4885298 -2.395661 2.008344 1.281813 0.1182704 20.51427 1.874571 0 0.0 0.013868825193668315 2.4449648243704942 0.0
0.02409238 -0.007359032 -0.6331594 -7.067156 1.327757 0.8751735 0.4145941 19.83876 1.681154 0 0.0 0.025191231133897048 7.095462265007429 0.0
0.002349187 -0.01129886 -1.776076 -3.709091 2.588517 1.937002 0.7143152 20.06776 nan 0 0.0 0.011540490321497133 4.1123961389993795 0.0
0.02678981 -0.009774912 1.719246 -1.854966 0.4256263 0.2386348 0.2104033 18.3702 2.258696 0 0.0 0.02851741265339203 2.5291709451264857 0.0
-0.01370792 0.03504496 0.6148243 -1.024668 0.7832429 0.4660018 -0.1111652 19.48006 2.245726 0 0.0 0.03763052341023175 1.1949700540576278 0.0
0.01668035 -0.0116064 1.872794 -1.331657 0.3313571 0.1909354 0.06401675 18.14921 2.432114 1 0.9236228 0.020320989077367766 2.2979703505669953 0.0
0.006986475 -0.0007929531 -3.866559 -0.9980433 1.662064 1.010452 0.1842945 20.16827 1.963442 0 0.0 0.007031330424921347 3.993290488952174 0.0
0.02716708 0.01464117 -2.512746 1.90429 1.364281 0.8016461 -0.0143769 20.00214 1.970846 0 0.0 0.030861206954610507 3.1528103121843536 0.0
0.04705823 -0.003249535 3.741438 -3.52911 0.7935349 0.4467897 0.1636305 19.26729 2.128328 1 2.726933e-06 0.047170292435484484 5.143245638693918 0.0
0.03135543 -0.007604844 0.9024508 -2.789727 1.534426 0.8754096 0.2330121 20.12865 1.901588 0 0.0 0.03226447958280492 2.9320631270403505 0.0
0.01727001 0.005432053 -0.4176902 -1.801461 2.346745 1.315769 0.380291 20.37693 2.053009 0 0.0 0.018104155467596632 1.8492503447875952 0.0
0.004498061 0.005276078 -1.936248 -3.799809 2.041072 1.211928 0.1914272 20.36082 nan 0 0.0 0.006933220883673403 4.264692808865019 0.0
0.001169885 0.008205665 -0.2270322 -2.745846 1.242382 0.7411957 0.05508893 20.03941 2.226782 0 0.0 0.008288640962513095 2.7552157584394075 0.0
0.006262889 0.00816772 0.5307465 -1.760092 0.6978629 0.4041685 -0.0569317 19.24873 2.360176 0 0.0 0.010292493800081737 1.8383731111301238 0.0
-0.00289999 0.02823286 2.211887 -2.619969 1.426544 0.822667 -0.0316756 20.07578 2.161253 0 0.0 0.0283814081007215 3.4288017822163477 0.0
-0.0157911 0.0369183 -3.211751 -11.32401 0.6105821 0.3626913 -0.04602319 19.08669 2.545076 1 0.0 0.0401537011257991 11.770664678177736 0.0
0.004940756 0.008856194 -0.4320012 3.960102 1.621253 0.9801113 -0.08402416 19.89643 nan 0 0.0 0.010141165712933203 3.98359547233469 0.0
0.007174827 0.006239456 1.527174 -1.475363 0.4904422 0.2709971 -0.001687225 18.63829 2.503721 0 0.0 0.009508362301462066 2.1234303398145653 0.0
0.007806593 0.006090733 -1.182554 -5.605103 1.376489 0.7731733 -0.06815675 19.98171 2.322639 0 0.0 0.009901511134414686 5.728491389844711 0.0
0.005800533 0.007324642 0.04275277 -2.207741 0.9606655 0.5625228 -0.04816214 19.65213 2.28108 0 0.0 0.009343263001342358 2.20815491359272 0.0
0.01662709 -0.005075646 2.263535 -0.5786071 1.329411 0.8452211 -0.003904581 20.06943 1.781879 0 0.0 0.017384542104565654 2.3363169460489326 0.0
0.0001538829 0.01216913 2.693128 -0.8798911 1.437785 0.8524545 -0.02481796 20.22353 2.349474 0 0.0 0.012170102912622079 2.8332219772272014 0.0
-0.00493424 -0.02303849 6.790383 0.2010061 4.41685 1.71586 -0.06561391 20.71448 1.807177 0 0.0 0.0235609580844604 6.793357398144618 0.0
-6.10347e-05 0.005068069 0.02745296 -6.51089 1.274297 0.7504511 -0.03446698 19.46986 nan 0 0.0 0.005068436506790342 6.510947877007829 0.0
-0.01823025 -0.01779164 0.5829252 -0.1012437 4.076232 2.065028 0.40478 20.77483 1.333813 0 0.0 0.025473210809634893 0.5916519885749815 0.0
0.001352215 0.01012255 2.18522 -1.216584 0.8816227 0.518344 -0.06916268 19.50869 2.063559 0 0.0 0.01021246806157674 2.5010523939845806 0.0
0.005416419 0.004810734 -0.7872574 -0.05861153 0.9946042 0.5846933 0.003717475 19.06825 2.223518 0 0.0 0.0072443603169856895 0.7894362072414091 0.0
0.01228162 0.001202677 -0.9883712 1.007426 1.602258 0.9722503 0.2568808 19.99185 nan 0 0.0 0.0123403655452636 1.4113060527275576 0.0
-0.01181802 -0.002951588 3.108372 -0.08865997 4.179514 1.916223 0.3423981 20.71109 nan 0 0.0 0.012181029038720169 3.1096361653197313 0.0
0.01036665 0.001849037 1.923394 -1.377381 0.8203118 0.4892541 -0.06541041 19.49159 2.164124 0 0.0 0.010530259733257722 2.365718262684084 0.0
0.003423358 0.006880113 1.883905 -2.527254 0.5200024 0.2933406 -0.02384756 18.7616 2.287693 0 0.0 0.007684746898169972 3.1521597087617566 0.0
0.006177808 0.0144715 0.3753855 -1.599914 1.30048 0.793433 0.09076364 20.13527 1.947882 0 0.0 0.015734980900365403 1.6433621271668184 0.0
-0.002699115 -0.005803779 0.8718105 0.2819649 3.213176 2.01224 0.3684399 20.52335 nan 0 0.0 0.006400708747011225 0.9162738415682617 0.0
-0.02704124 -0.006499923 0.6276657 -0.8272999 0.9882464 0.5644338 -0.1410119 19.6727 2.334599 0 0.0 0.027811466335731547 1.0384552737101873 0.0
-0.02381564 -0.001518801 1.879626 -1.863253 0.802354 0.5144545 0.01682641 19.44607 2.498501 1 0.9419279 0.02386402030436617 2.646640444390775 0.0
-0.00995555 -0.006795111 2.87037 -1.647541 1.359819 0.8116322 0.05306463 20.25891 2.103197 0 0.0 0.012053485359215443 3.30959442886602 0.0
0.004778003 0.007563003 1.616855 -2.870121 1.146464 0.6720154 -0.01026107 19.92913 nan 0 0.0 0.008945855299859149 3.294209259544087 0.0
-0.01500471 0.02805473 4.125545 -1.763336 1.260472 0.7313277 -0.05297635 20.02751 2.264677 0 0.0 0.03181523530569906 4.486588391631329 0.0
0.007916805 0.01211987 2.44298 -1.655271 1.581573 0.8987195 -0.2815061 20.25316 1.790075 0 0.0 0.014476430852420945 2.9509444867433543 0.0
-0.005915143 0.02230115 -0.1068719 -1.288243 1.048884 0.6171419 -0.07981201 19.63025 2.536501 0 0.0 0.023072282245866986 1.2926684145822587 0.0
-0.003949266 0.005878776 1.359341 -1.860081 0.3990296 0.2295017 0.02336648 18.40768 2.608997 0 0.0 0.0070821401565439234 2.3038466270222937 0.0
-0.004588186 -0.007444026 1.861987 -2.082079 2.004032 1.158499 0.3666886 20.26688 nan 0 0.0 0.008744425301829275 2.7932147340313813 0.0
-0.001656523 0.01631381 -1.869173 0.04273489 0.9208932 0.5422571 -0.09795186 19.66762 2.480524 0 0.0 0.016397696946999267 1.8696614599312658 0.0
0.003033155 -0.01076669 -0.135796 -2.652899 2.030079 1.126673 0.3222151 20.35391 2.098976 0 0.0 0.011185778596509276 2.6563722739512623 0.0
0.03916409 -0.004027542 3.775478 -0.1465819 0.5827691 0.3290399 0.210998 18.88537 2.183352 1 6.330614e-05 0.03937063677526519 3.7783224295832154 0.0
0.01310177 0.004937376 1.129995 -1.556598 0.3251161 0.1893616 0.07326152 18.10438 2.557676 1 0.9973348 0.014001216336385779 1.9235087817914946 0.0
-0.007836296 0.02027759 2.35938 -1.859352 1.910759 1.110076 -0.0760138 20.51738 2.014961 0 0.0 0.02173909361513759 3.0039746743779316 0.0
0.0001668997 0.01682497 2.143388 -9.475759 1.99981 1.1947 -0.08759729 20.21031 1.885645 0 0.0 0.016825797782297282 9.715149033577664 0.0
-0.001773786 0.01403453 0.1400701 -1.649786 1.21884 0.7272672 0.02382825 20.10641 1.980215 0 0.0 0.014146177897039751 1.655721437534107 0.0
0.0120076 0.004780827 1.561623 -0.9872919 1.1893 0.690806 -0.007557122 20.0113 2.055801 0 0.0 0.012924347742301312 1.8475420671623717 0.0
0.007943179 0.00828801 0.6399245 -1.893295 1.451887 0.804752 -0.05629765 19.97558 nan 0 0.0 0.011479773620857728 1.9985167806964368 0.0
-0.006071411 0.02252623 6.526723 -2.291582 2.650208 1.441847 0.0577829 20.54834 nan 0 0.0 0.02333008935996219 6.917330495317756 0.0
-0.002829311 -0.003184985 4.21819 -3.087097 2.628666 1.319996 0.2558734 20.42556 nan 0 0.0 0.0042601795953863255 5.2271689052018395 0.0
-0.001441921 -0.003301365 4.747922 -2.193907 2.16705 1.119032 0.3120279 20.07866 1.976284 0 0.0 0.003602519539636947 5.230295521548758 0.0
-0.002256119 -0.003303257 -3.992389 -2.642502 2.072062 1.047539 0.2580935 20.19525 1.889782 0 0.0 0.00400019746390225 4.7876911708385075 0.0
0.0281204 0.006245298 0.8753849 -2.185545 0.6661516 0.3803447 -0.006775525 19.14328 2.248362 1 0.904129 0.028805566185527477 2.3543376287552746 0.0
0.01296396 -0.03475838 -4.847328 -5.238989 3.653711 1.783337 -0.09196847 20.76558 1.903894 0 0.0 0.037097294228905696 7.1374781598058155 0.0
0.006581813 0.011065 -1.774188 -1.456443 1.332599 0.7795762 -0.05498562 19.94739 2.186182 0 0.0 0.01287456746329635 2.295423549498654 0.0
-0.002751174 -0.00406809 2.193505 0.1335668 2.138481 1.11957 0.2897717 20.23516 nan 0 0.0 0.004911040075826708 2.197567808985024 0.0
-0.006118743 -0.004315887 0.2825348 -2.370895 0.9493152 0.5613329 -0.06618334 19.54452 2.441301 0 0.0 0.007487716373956615 2.387670206338396 0.0
0.002993445 0.008846575 0.002695148 -1.011035 1.313524 0.8514097 0.02494896 19.89384 2.091228 0 0.0 0.009339304160302844 1.0110385922642824 0.0
-0.00161782 -0.00515912 2.966066 0.3979065 2.406428 1.296909 0.1630495 20.35147 2.137909 0 0.0 0.00540683463098327 2.9926371479179115 0.0
0.01227517 0.0007315607 1.212991 -1.442895 0.1917226 0.1163201 0.1226277 16.96137 2.672832 1 0.9984292 0.01229695001155508 1.885018076068768 0.0
-0.0003671204 0.01162553 1.062425 -1.30761 0.5739348 0.3466026 0.02461566 18.91502 2.425451 0 0.0 0.01163132516822551 1.6848117974198185 0.0
0.03033014 -0.01971112 0.6671265 -0.02379913 0.5995371 0.3479463 0.2341422 18.79535 2.009636 1 0.004291805 0.03617244315876383 0.6675508711633944 0.0
-0.0002825492 -0.01896071 0.9996429 -1.404983 0.4704292 0.281574 0.04625272 18.77558 2.465956 1 0.9918003 0.018962815132635782 1.7243152721615065 0.0
-0.02897233 0.004893247 -3.097967 -2.306256 2.130135 1.381193 0.5912982 20.28537 1.863474 0 0.0 0.029382644057877244 3.8621517669072767 0.0
0.01583144 0.0006825017 0.9995255 -1.580519 0.1574475 0.08945252 0.08827656 16.68862 2.770972 1 0.9992773 0.01584614467446586 1.870051211734922 0.0
0.02508445 -0.01470397 3.58284 2.020427 2.920096 1.704267 0.04659065 20.7076 1.45717 0 0.0 0.029076388454610386 4.113255125557981 0.0
0.01465777 0.008870559 2.020518 -2.550518 2.486314 1.378982 0.3454611 20.56012 1.990187 0 0.0 0.017132922644586386 3.25386463403873 0.0
0.006289997 -0.007623218 -1.324294 1.225181 3.023059 1.752322 0.1749477 20.52579 nan 0 0.0 0.009883193559550122 1.8041128238547057 0.0
-0.009401481 -0.002856494 -0.4158535 3.681093 2.715304 1.391377 0.3329817 20.32086 2.438265 0 0.0 0.009825853803379988 3.7045080386079947 0.0
0.001287453 -0.01648878 2.038041 0.4054369 2.85698 1.771707 0.1012494 20.72094 2.163366 0 0.0 0.016538966144097673 2.0779774295123157 0.0
0.01952814 0.01444281 0.4987092 0.2906711 1.427027 0.9201741 0.1810952 20.20911 2.128733 0 0.0 0.02428874250667786 0.5772352679279481 0.0
0.03580088 0.0187544 0.9823876 -2.330095 0.6251678 0.3416105 -0.009564928 18.83383 2.225975 0 0.0 0.04041572129919742 2.528720646030075 0.0
0.01361408 0.02027825 1.783882 -1.669461 0.9151736 0.5262734 -0.01226173 19.6725 2.47447 1 0.9506458 0.024424385300533157 2.443222261777467 0.0
-0.02971201 -0.00682718 1.111589 -1.916436 2.430491 1.29888 0.1153871 20.50845 1.682604 0 0.0 0.030486290771304075 2.2154812224473943 0.0
-0.0100931 -0.01390951 0.6653566 -1.869743 2.662486 1.641266 0.1978274 20.50781 2.070272 0 0.0 0.017185608399183896 1.984600284997601 0.0
0.01947001 0.01214444 1.031718 -1.872064 0.2317139 0.1403808 0.1292008 17.5143 2.668999 1 0.9755407 0.022947085050474277 2.1375372866034406 0.0
