jas1101finalproject/data/gcs/Pal_15.ecsv
# %ECSV 0.9
# ---
# datatype:
# - {name: x, unit: deg, datatype: float64}
# - {name: y, unit: deg, datatype: float64}
# - {name: pmx, unit: mas / yr, datatype: float64}
# - {name: pmy, unit: mas / yr, datatype: float64}
# - {name: pmx_e, unit: mas / yr, datatype: float64}
# - {name: pmy_e, unit: mas / yr, datatype: float64}
# - {name: pm_corr, datatype: float64}
# - {name: g_mag, unit: mag, datatype: float64}
# - {name: bp_rp, unit: mag, datatype: float64}
# - {name: filter, datatype: int64}
# - {name: memberprob, datatype: float64}
# - {name: r, unit: deg, datatype: float64}
# - {name: pm, unit: mas / yr, datatype: float64}
# - {name: member_prob_GMM, datatype: float64}
# - {name: member_prob_DB, datatype: float64}
# meta: !!omap
# - comments: [deg deg mas/yr mas/yr mas/yr mas/yr dimless mag   mag   zeroone float]
# - __serialized_columns__:
#     bp_rp:
#       __class__: astropy.units.quantity.Quantity
#       unit: &id001 !astropy.units.Unit {unit: mag}
#       value: !astropy.table.SerializedColumn {name: bp_rp}
#     g_mag:
#       __class__: astropy.units.quantity.Quantity
#       unit: *id001
#       value: !astropy.table.SerializedColumn {name: g_mag}
#     pm:
#       __class__: astropy.units.quantity.Quantity
#       unit: !astropy.units.Unit {unit: mas / yr}
#       value: !astropy.table.SerializedColumn {name: pm}
#     pmx:
#       __class__: astropy.units.quantity.Quantity
#       unit: !astropy.units.Unit {unit: mas / yr}
#       value: !astropy.table.SerializedColumn {name: pmx}
#     pmx_e:
#       __class__: astropy.units.quantity.Quantity
#       unit: !astropy.units.Unit {unit: mas / yr}
#       value: !astropy.table.SerializedColumn {name: pmx_e}
#     pmy:
#       __class__: astropy.units.quantity.Quantity
#       unit: !astropy.units.Unit {unit: mas / yr}
#       value: !astropy.table.SerializedColumn {name: pmy}
#     pmy_e:
#       __class__: astropy.units.quantity.Quantity
#       unit: !astropy.units.Unit {unit: mas / yr}
#       value: !astropy.table.SerializedColumn {name: pmy_e}
#     r:
#       __class__: astropy.units.quantity.Quantity
#       unit: &id002 !astropy.units.Unit {unit: deg}
#       value: !astropy.table.SerializedColumn {name: r}
#     x:
#       __class__: astropy.units.quantity.Quantity
#       unit: *id002
#       value: !astropy.table.SerializedColumn {name: x}
#     y:
#       __class__: astropy.units.quantity.Quantity
#       unit: *id002
#       value: !astropy.table.SerializedColumn {name: y}
# schema: astropy-2.0
x y pmx pmy pmx_e pmy_e pm_corr g_mag bp_rp filter memberprob r pm member_prob_GMM member_prob_DB
[from data line 221]
-0.003183328 -0.004712882 -0.7915318 -1.524114 0.8297701 0.5994361 0.06858561 19.78153 1.436499 1 0.9877307 0.005687251876038901 1.7173951424780611 1.0 0.0
-0.004358207 0.001193938 -0.1882901 -1.457034 0.6928218 0.4976193 0.08562663 19.38132 1.563416 0 0.0 0.0045187892407914975 1.4691498354197947 1.0 0.0
-0.05719713 0.008977561 -0.9592302 -0.7884796 0.3664091 0.256245 0.2999884 18.38764 1.618782 1 0.9536885 0.057897394429677236 1.2417015165522671 1.0 0.0
0.008641744 0.02629041 -0.7935482 -6.605247 1.889739 1.258492 0.03156997 20.65703 1.031752 0 0.0 0.027674273203277373 6.652744296659255 1.0 0.0
-0.05918068 0.008517096 0.6555396 -0.1703384 1.236233 0.8102388 0.2795864 20.1466 1.29344 0 0.0 0.05979041569963882 0.6773088938458729 1.0 0.0
0.05096777 0.006991172 -0.3205883 1.179007 0.2494654 0.1868453 0.06011524 17.95014 1.425211 1 0.0 0.05144501982414318 1.2218160107585305 1.0 0.0
0.001897625 0.01212483 2.604684 -0.3923647 2.027103 1.699341 0.06413192 20.84895 1.066467 0 0.0 0.012272427761837712 2.6340707655000637 1.0 0.0
0.04819079 0.007212209 0.3474684 -4.35405 0.4181034 0.3103394 0.02162055 18.68144 1.651855 1 0.0 0.04872748915636615 4.36789259157074 1.0 0.0
-5.541754e-05 0.007417976 -0.6131403 -0.9683011 1.135144 0.7750544 0.02551933 20.10897 1.192511 0 0.0 0.007418183001268952 1.146101238000073 1.0 0.0
0.01782711 0.007579478 -1.647933 -4.260952 0.3888198 0.2834771 0.09793622 18.6714 1.426735 1 0.0 0.019371482589223367 4.568522202944076 1.0 0.0
-0.00229836 8.773646e-05 -3.52629 -5.55963 0.6103286 0.4455952 0.1144083 19.32193 1.302301 1 0.0 0.0023000339945342834 6.583631740992201 1.0 0.0
-0.03087677 -0.006368299 -0.2493756 -3.424749 1.803991 1.222413 0.04369258 20.64663 1.227123 0 0.0 0.03152665789116095 3.4338162302133117 1.0 0.0
0.01518746 0.008393983 -0.1696792 -5.19138 0.6165386 0.4425371 0.08608497 19.34707 1.312149 1 0.0 0.017352748827084687 5.194152224888354 1.0 0.0
-0.01264338 0.009674952 -3.451019 2.243374 1.916871 1.338888 0.1120434 20.75887 0.6397343 0 0.0 0.01592041940486192 4.116097550136173 1.0 0.0
-0.0437848 -0.04947248 -7.631049 3.538038 1.702256 1.174405 0.02657114 20.60583 1.203173 0 0.0 0.06606538419165062 8.411338878552272 1.0 0.0
0.02158065 0.01636883 0.3614306 -0.3049731 1.270172 0.916062 0.107973 20.33341 1.41036 0 0.0 0.027086215128574165 0.4729066190485919 1.0 0.0
0.009389381 0.01665168 0.9194533 -3.227276 0.4495251 0.3264913 0.07812762 18.80674 1.325811 1 0.0 0.019116456847061408 3.355697356892735 1.0 0.0
0.01070158 0.01693486 -0.09596126 -1.448905 0.4769113 0.3471228 0.1277329 18.85153 1.604412 1 0.974621 0.02003280553781721 1.452079289310948 1.0 0.0
0.03400078 0.01695146 3.776677 -0.09582274 0.5137485 0.3755341 0.1279852 19.07886 1.401348 1 0.0 0.03799217072950689 3.7778924230091713 1.0 0.0
-0.01064457 0.01294725 -5.64129 -4.260739 0.5197432 0.3718724 0.2152044 18.957 1.433521 1 0.0 0.016761209772787885 7.069515520190969 1.0 0.0
0.0006311989 0.01216501 -0.02065044 -1.453216 0.9803681 0.7067934 0.08147511 19.96584 0.7319298 1 0.9825939 0.012181374321129009 1.4533627156798103 1.0 0.0
0.005773197 0.01529669 -1.561871 -1.055609 0.9410199 0.6785411 0.04789529 19.93787 0.8700886 1 0.9761287 0.016349878548689866 1.8851396185752396 1.0 0.0
-0.04239669 0.001837224 -1.497281 -6.296532 1.115573 0.7364436 0.1857226 20.10245 1.905581 1 0.0 0.04243647858838285 6.472106737375783 1.0 0.0
-0.02724563 0.06061109 -9.543482 1.004307 0.9419532 0.6095279 0.1797529 19.7879 2.244398 0 0.0 0.06645320598048675 9.596180554500473 1.0 0.0
-0.0033512 0.05629601 1.266306 -6.666384 0.3959703 0.2670942 0.2938544 18.44119 1.310177 1 0.0 0.05639566723924898 6.785588148502088 1.0 0.0
0.0613585 0.00233196 0.4490372 -10.18218 0.3852379 0.282849 0.09072892 18.69255 1.404699 1 0.0 0.06140279765362162 10.192076528332382 1.0 0.0
0.004247383 0.01780188 -0.4479769 -0.2157431 0.3813526 0.2827682 0.0912135 18.56803 1.490715 1 0.9808952 0.018301562607687054 0.4972206634193917 1.0 0.0
-0.04560101 0.01693565 -0.01377585 -10.59985 2.819894 1.945375 0.1366412 20.93231 0.7346439 0 0.0 0.04864430443477016 10.599858951728708 1.0 0.0
0.02599024 0.01327002 5.530835 -1.954568 1.946979 1.32423 -0.09627922 20.61362 1.268284 1 0.4479764 0.02918194657760171 5.866043970500818 1.0 0.0
0.04780912 -0.01965899 -6.025117 -4.975574 1.218665 0.8231282 -0.04047865 20.18291 1.452663 1 0.0 0.05169320886726321 7.813985634307565 1.0 0.0
0.02808061 0.01359057 -1.048792 -1.063132 1.257072 0.9085685 -0.05238433 20.21059 1.380178 1 0.9345858 0.031196542290725104 1.493390206439027 1.0 0.0
-0.01905177 -0.001028569 0.3525086 -0.7031819 0.8971702 0.6527852 0.08649807 19.87954 1.406147 1 0.9821955 0.01907951504416873 0.786592078247404 1.0 0.0
0.01410415 0.01471893 -1.443941 -0.9535028 1.286797 0.9144192 0.05804947 20.29845 1.443739 1 0.9610259 0.02038563090923114 1.7303563797925674 1.0 0.0
-0.003686859 0.01803756 0.3387876 -0.2795608 1.570138 1.174828 0.1201803 20.42045 0.7055893 0 0.0 0.018410499722698485 0.43923943221254624 1.0 0.0
-0.02069964 -0.002967871 1.473075 -1.298199 2.176628 1.42185 0.03531729 20.71434 0.4601269 0 0.0 0.020911321201737613 1.9634843007332654 1.0 0.0
0.05905448 -0.003292252 -1.508261 -3.082378 1.158138 0.8464389 0.03183916 20.18774 1.006035 0 0.0 0.05914617934661464 3.431603907650911 1.0 0.0
0.0258681 -0.003767785 -0.2102951 -0.4671884 1.069223 0.7818002 0.1094518 20.08948 1.503609 1 0.9691806 0.026141055858863563 0.5123368327365991 1.0 0.0
-0.06178968 -0.005957799 0.5268556 -7.944086 0.7076928 0.4648631 0.2588798 19.41521 1.255632 1 0.0 0.06207624282627615 7.9615374896214215 1.0 0.0
0.0006159392 -0.003677071 -0.4300825 -2.484616 1.920159 1.585252 0.09512006 20.67952 0.6698284 0 0.0 0.0037283015217572787 2.521564519155171 1.0 0.0
-0.008126955 -0.003626651 -4.535079 -18.95684 1.571687 1.348611 0.02190642 20.55393 1.728106 0 0.0 0.008899437906285204 19.49176042131241 1.0 0.0
-0.01334522 -0.006708578 1.60369 -7.171581 1.981021 1.543243 0.1594877 20.58183 1.266092 0 0.0 0.01493652957117161 7.348700269820576 1.0 0.0
-0.05590004 -0.007075448 -1.712876 -5.374288 0.3839706 0.2705489 0.253383 18.42266 1.433588 1 0.0 0.056346041887627776 5.640648517530586 1.0 0.0
0.01204418 -0.04022164 -4.182856 -8.914222 1.196073 0.8746847 0.2170444 19.95833 2.636904 1 0.0 0.041986219122016694 9.846808527742377 1.0 0.0
-0.02716907 -0.004087569 -0.01640473 1.922264 1.696184 1.288592 -0.01149142 20.57633 0.2904129 1 0.7515047 0.02747483548621649 1.9223339982589842 1.0 0.0
-0.03440141 -0.004203299 -6.412223 -7.108048 0.6968613 0.467634 0.1814093 19.47686 1.729216 1 0.0 0.034657246464073005 9.572927983226084 1.0 0.0
-0.003213846 -0.002517583 -1.328369 -1.417897 0.7871159 0.5321361 0.1399986 19.55958 1.447163 1 0.9870722 0.00408252743696904 1.94293491984935 1.0 0.0
-0.04283912 -0.006345722 -0.911608 -8.27069 0.5256363 0.3496334 0.2062272 19.05753 1.328339 1 0.0 0.04330656289843012 8.320777741399178 1.0 0.0
0.009862355 -0.001117835 -0.9461093 -0.9196412 1.401868 0.9993802 0.1210681 20.36207 1.400885 0 0.0 0.009925502568295975 1.3194175776773365 1.0 1.0
-0.04232037 -0.002804845 -15.74863 -7.719725 1.036959 0.6790456 0.1609326 19.98349 1.330883 0 0.0 0.04241321577540337 17.53891390458728 1.0 0.0
0.01096093 -0.006528746 1.782377 -1.351601 1.364534 0.9372619 -0.02836969 20.2845 0.6378632 0 0.0 0.012757997914932264 2.23689361242997 1.0 0.0
-0.01378774 0.01020746 -1.716564 -1.751712 1.393509 0.992804 0.1254448 20.31444 1.332985 0 0.0 0.0171549996782046 2.452567409275431 1.0 0.0
0.01654539 -0.006942594 -0.5569403 -0.7115307 0.3426968 0.2493709 0.1183424 18.47709 1.628639 1 0.9977813 0.017942952424306765 0.9035808955520142 1.0 0.0
0.05359195 -0.01772874 -1.964367 -0.7355267 2.251169 1.754695 -0.0900995 20.82874 1.671022 0 0.0 0.056448253531797596 2.0975550617568754 1.0 0.0
0.003026719 -0.004791917 -1.812652 -0.6881362 1.848396 1.38061 0.1072294 20.63266 1.279327 0 0.0 0.005667759384434911 1.9388756285162903 1.0 0.0
0.01387523 -0.003579097 0.7343088 -1.150076 1.28127 0.9197915 0.06478771 20.31527 1.398199 0 0.0 0.014329408323036546 1.3645087832379241 1.0 0.0
0.01337171 -0.006639496 -2.134188 0.1404045 1.008631 0.6912921 0.02952749 19.93624 1.300133 0 0.0 0.014929351474800102 2.138801496858521 1.0 0.0
-0.0516583 -0.006057781 3.526682 -11.15977 2.865932 2.232599 0.3003121 20.82331 1.843653 0 0.0 0.05201227421997581 11.70375804526153 1.0 0.0
-0.006952126 0.03701334 -0.7661212 -2.105427 1.389892 0.9643341 0.1475102 20.29556 1.135204 0 0.0 0.037660581433051135 2.2404831053633143 1.0 0.0
-0.009729089 0.01723634 -4.508343 -9.049935 0.7023521 0.4704911 0.06364551 19.36363 1.256027 1 0.0 0.019792589253695963 10.110711157474235 1.0 0.0
-0.01461166 -0.0004306026 -0.3382498 -0.3934343 1.385599 1.00097 0.07688675 20.33267 0.684721 0 0.0 0.014618003507823043 0.5188482202113929 1.0 0.0
-0.02730641 -0.0003482727 -7.220389 -1.611794 0.5751025 0.3776671 0.1223252 19.14165 1.391245 1 0.0 0.027308630887718725 7.398100919138438 1.0 0.0
-0.01824318 0.03082189 0.9412262 -9.362245 1.204615 0.830948 0.1585342 20.14263 1.631145 1 0.0 0.03581623262829998 9.409438782392467 1.0 0.0
0.02502893 0.002573914 0.5383662 -0.6402256 0.8075895 0.6001083 -0.141493 19.54543 1.450064 1 0.967927 0.025160929438800467 0.8364968524733372 1.0 0.0
-0.03388286 0.03873416 -10.38272 5.510953 0.7993925 0.5272884 0.1695537 19.57854 1.983728 1 0.0 0.05146244604257749 11.75463642851658 1.0 0.0
-0.04250318 -0.04245779 -3.939972 -8.557503 0.4502596 0.3167639 0.0953586 18.78577 1.64176 0 0.0 0.060076486596641956 9.420946712289217 1.0 0.0
0.002889401 0.00405228 -2.786946 -3.288193 1.423268 0.9831731 0.07921073 20.35146 0.6394939 0 0.0 0.004976907808790615 4.310369034336271 1.0 0.0
-0.0431898 -0.04121801 -2.825006 2.526891 1.081756 0.7249991 0.05587422 20.04487 1.411234 1 9.221392e-05 0.05970161783737606 3.7902291521644176 1.0 0.0
-0.006067126 0.0119152 -2.296581 -13.73122 0.7586719 0.5061386 0.1095801 19.40534 2.036432 0 0.0 0.013370938970015383 13.92194982672905 1.0 0.0
0.01984118 0.004159954 0.7259373 -0.2917856 1.138541 0.8273861 0.09973114 20.07211 0.8469448 0 0.0 0.020272583482983022 0.7823834097797895 1.0 0.0
-0.04616534 -0.01275605 -32.5504 17.10054 1.353446 0.8932843 0.1660722 20.28502 2.371469 0 0.0 0.04789525476410059 36.76896800906439 1.0 0.0
0.01300554 0.004924461 -0.534799 -1.28267 0.4644995 0.3379782 0.08800494 18.9252 1.53899 1 0.9941684 0.013906631038181785 1.3896950382371667 1.0 0.0
-0.01145325 0.01242392 -2.752749 -0.8181064 1.466924 1.017726 0.1291044 20.42463 0.6462326 0 0.0 0.01689765438541397 2.8717460087413653 1.0 0.0
-0.01156004 0.0003967164 0.8330601 -0.7270974 1.835923 1.414745 -0.1100239 20.59075 0.6044083 0 0.0 0.011566845235570025 1.105739462666848 1.0 1.0
0.04095865 0.0408502 -20.46366 -17.46044 1.110785 0.8180118 0.0671542 20.12951 1.805857 0 0.0 0.05784764342531595 26.900340993920505 1.0 0.0
-0.02417854 0.01203312 -2.941703 -2.021404 1.980668 1.463455 -0.11183 20.65968 1.366966 1 0.7401822 0.02700736517074555 3.5692703275914814 1.0 0.0
0.0114492 -0.0006319403 -0.2617665 -0.6331785 0.2418569 0.1779984 0.1059401 17.85618 1.721668 1 0.9977459 0.011466626756930918 0.6851545178895779 1.0 1.0
-0.04041314 0.002635701 -4.557531 5.412632 0.3457826 0.2340731 0.1101826 18.33896 1.475019 1 0.0 0.04049899757303878 7.075851467023951 1.0 0.0
0.01735409 -0.0004840752 -3.657734 -0.9475461 0.986847 0.7114462 0.0759318 19.90769 1.501095 1 0.5012361 0.017360840087027905 3.7784734518560814 1.0 0.0
0.05002178 0.008591982 0.005216777 -13.60562 1.486303 1.183533 -0.2401588 20.36344 1.011089 1 0.0 0.050754316358874584 13.605621000129405 1.0 0.0
-0.0006810001 -0.0005756032 -0.3095945 -0.2689715 0.4490974 0.332943 0.1335297 18.8932 1.539482 1 0.9937308 0.0008916726866122176 0.41011513291086926 1.0 0.0
-0.01131595 0.02195649 -1.037239 0.5274892 1.554478 1.17677 0.143613 20.5096 1.065536 0 0.0 0.02470097523424126 1.1636621499548914 1.0 0.0
0.03770841 -0.0005251155 -1.60529 -2.038235 0.3435652 0.2523719 -0.04068919 18.30969 1.278732 1 0.0001999831 0.03771206611969755 2.5944860568761974 1.0 0.0
0.008000877 0.007488483 -1.370585 -2.345852 1.077908 0.7866095 0.1269266 20.01054 1.392565 0 0.0 0.010958622651155481 2.716896179122235 1.0 0.0
-0.03691903 0.001492983 1.438219 -10.24235 0.4341945 0.2919931 0.1843962 18.79762 1.659338 1 0.0 0.036949205328114826 10.342833625968321 1.0 0.0
0.03920349 -0.03320408 -0.8151896 -0.3188565 1.27378 0.9212526 0.1028893 20.30551 0.4891529 0 0.0 0.051375330235692886 0.8753305384484252 1.0 0.0
0.05353077 -0.03289914 -1.947954 -9.218301 1.540659 1.105292 0.3520436 19.96775 nan 0 0.0 0.06283229065960033 9.421868079776802 1.0 0.0
-0.03327238 0.008559493 -2.894413 -6.190838 1.014397 0.6547334 0.03111804 18.7724 1.640869 0 0.0 0.034355730108403294 6.834039929413128 1.0 0.0
0.005406989 0.001723763 -0.2908967 -1.365906 1.193882 0.8120824 0.01873436 20.14818 1.289333 0 0.0 0.005675111358051928 1.3965386106036919 1.0 0.0
-0.03521006 -0.008445545 -0.3751521 -0.9886103 0.9562349 0.6408286 0.1553552 19.92873 0.8081741 1 0.9561021 0.03620877732747441 1.0573974765434708 1.0 0.0
0.005971542 0.004711803 6.277511 4.553506 3.743639 2.601441 0.06503548 20.94735 0.2791805 0 0.0 0.00760660248524747 7.755099048184813 1.0 0.0
0.02675304 -0.01108706 -0.7534395 -1.146345 0.3506809 0.2583986 0.1135089 18.51706 1.625027 1 0.9921496 0.028959420724268638 1.3717791145753933 1.0 0.0
-0.02610082 -0.04368924 -0.5161675 -0.7829519 0.1158365 0.08884054 0.1279411 16.66356 2.02984 1 0.9971871 0.05089206712691085 0.937785991455332 1.0 0.0
0.0296063 -0.01080377 -0.3413496 -0.9123866 0.9126251 0.6607009 0.06153476 19.89844 1.305384 0 0.0 0.031515939552913534 0.9741503258120484 1.0 0.0
-0.03492034 0.02380701 -3.189119 2.302096 0.7345165 0.4824295 0.1648533 19.51985 1.57552 1 0.0 0.042263505188941675 3.9332081040007276 1.0 0.0
-0.01845688 0.06203764 1.074579 -5.857406 1.444242 0.9918539 0.1538283 20.33742 1.888412 0 0.0 0.06472499668678246 5.9551595340575885 1.0 0.0
-0.03711725 -0.01937764 -0.3099293 -0.320793 0.8801625 0.6039333 0.1389509 19.873 1.739485 1 0.9347823 0.04187103031371571 0.44605416694330974 1.0 0.0
-0.04145081 0.02010474 -0.9637373 7.29689 0.6705892 0.4520682 0.1819116 19.33282 1.955198 1 0.0 0.04606918948846072 7.3602576894774066 1.0 0.0
-0.03553019 -0.05595771 -1.924692 -1.317298 2.571427 1.774007 0.09112401 20.8506 1.455608 0 0.0 0.06628468684304241 2.3323192996817568 1.0 0.0
0.01984111 -0.01533321 0.06934354 -0.3286158 0.7776615 0.5400456 0.05736869 19.58492 1.48361 0 0.0 0.025075425717945448 0.3358524535407946 1.0 0.0
0.008901073 -0.01514608 -0.8015149 -0.212855 1.122644 0.8150183 0.09766238 20.15098 0.7438755 0 0.0 0.017567949223450327 0.8292969226682383 1.0 0.0
-0.03955868 0.001409401 -9.870995 9.313429 1.688695 1.130274 0.1254638 20.57558 1.447292 0 0.0 0.039583779184423525 13.571164357860603 1.0 0.0
-0.01514565 -0.01536765 1.156096 1.02649 1.278884 0.9263604 0.03465148 20.28769 0.7277508 0 0.0 0.021576732385720505 1.5460399999081524 1.0 0.0
0.02711933 0.01135427 -0.7794796 -3.071652 2.125644 1.325159 -0.1474276 20.58087 0.4215584 0 0.0 0.02940029773457745 3.1690115897421642 1.0 0.0
-0.01569495 -0.01372035 -2.259672 -0.9044274 1.173736 0.852245 0.02359472 20.18964 1.289791 0 0.0 0.020846569492964543 2.4339487401041873 1.0 0.0
-0.04259536 0.04903417 0.04308848 -6.821503 2.732141 1.797483 0.1850459 20.8236 1.278143 0 0.0 0.06495163216670155 6.821639084275692 1.0 0.0
0.01782705 -0.01507523 -2.814527 -0.6838058 1.498691 1.02578 -0.02279889 20.44256 1.249798 0 0.0 0.02334665439105569 2.896403391422307 1.0 0.0
0.0178729 0.01267633 -3.898725 0.3169166 1.995853 1.523575 0.01965545 20.6294 1.288763 0 0.0 0.021911866572222913 3.911584430506462 1.0 0.0
-0.06217126 0.006605843 -4.988431 -0.8181319 0.5465963 0.364375 0.3569724 18.96462 1.284323 1 0.0 0.06252121825211221 5.05507503876635 1.0 0.0
0.02020729 -0.02019176 -1.746793 -0.3639172 1.030833 0.76146 0.1079127 19.92117 1.049444 0 0.0 0.028566444319195555 1.7842986054203036 1.0 0.0
