jas1101finalproject/data/gcs/Pal_12.ecsv
# %ECSV 0.9
# ---
# datatype:
# - {name: x, unit: deg, datatype: float64}
# - {name: y, unit: deg, datatype: float64}
# - {name: pmx, unit: mas / yr, datatype: float64}
# - {name: pmy, unit: mas / yr, datatype: float64}
# - {name: pmx_e, unit: mas / yr, datatype: float64}
# - {name: pmy_e, unit: mas / yr, datatype: float64}
# - {name: pm_corr, datatype: float64}
# - {name: g_mag, unit: mag, datatype: float64}
# - {name: bp_rp, unit: mag, datatype: float64}
# - {name: filter, datatype: int64}
# - {name: memberprob, datatype: float64}
# - {name: r, unit: deg, datatype: float64}
# - {name: pm, unit: mas / yr, datatype: float64}
# - {name: member_prob_GMM, datatype: float64}
# meta: !!omap
# - comments: [deg deg mas/yr mas/yr mas/yr mas/yr dimless mag   mag   zeroone float]
# - __serialized_columns__:
#     bp_rp:
#       __class__: astropy.units.quantity.Quantity
#       unit: &id001 !astropy.units.Unit {unit: mag}
#       value: !astropy.table.SerializedColumn {name: bp_rp}
#     g_mag:
#       __class__: astropy.units.quantity.Quantity
#       unit: *id001
#       value: !astropy.table.SerializedColumn {name: g_mag}
#     pm:
#       __class__: astropy.units.quantity.Quantity
#       unit: !astropy.units.Unit {unit: mas / yr}
#       value: !astropy.table.SerializedColumn {name: pm}
#     pmx:
#       __class__: astropy.units.quantity.Quantity
#       unit: !astropy.units.Unit {unit: mas / yr}
#       value: !astropy.table.SerializedColumn {name: pmx}
#     pmx_e:
#       __class__: astropy.units.quantity.Quantity
#       unit: !astropy.units.Unit {unit: mas / yr}
#       value: !astropy.table.SerializedColumn {name: pmx_e}
#     pmy:
#       __class__: astropy.units.quantity.Quantity
#       unit: !astropy.units.Unit {unit: mas / yr}
#       value: !astropy.table.SerializedColumn {name: pmy}
#     pmy_e:
#       __class__: astropy.units.quantity.Quantity
#       unit: !astropy.units.Unit {unit: mas / yr}
#       value: !astropy.table.SerializedColumn {name: pmy_e}
#     r:
#       __class__: astropy.units.quantity.Quantity
#       unit: &id002 !astropy.units.Unit {unit: deg}
#       value: !astropy.table.SerializedColumn {name: r}
#     x:
#       __class__: astropy.units.quantity.Quantity
#       unit: *id002
#       value: !astropy.table.SerializedColumn {name: x}
#     y:
#       __class__: astropy.units.quantity.Quantity
#       unit: *id002
#       value: !astropy.table.SerializedColumn {name: y}
# schema: astropy-2.0
x y pmx pmy pmx_e pmy_e pm_corr g_mag bp_rp filter memberprob r pm member_prob_GMM
[from data line 341]
-0.02032721 0.007419282 -2.249235 -1.863065 1.416472 1.339074 0.2571894 19.87592 0.4831409 0 0.0 0.02163888194384414 2.9206282336939084 1.0
-0.006930389 0.01051424 -2.902739 -5.827074 1.237423 1.294227 0.3578285 20.08227 0.8367271 0 0.0 0.012592836633138739 6.510044938677228 1.0
-0.02795065 0.01023137 -0.3923155 -4.453147 1.012045 0.8553004 0.1516731 19.21083 0.7005367 0 0.0 0.029764404369975222 4.470394798577554 1.0
-0.02519175 0.01132669 -1.843051 -4.01364 1.390744 1.431589 0.3176289 20.17258 0.7208576 0 0.0 0.027620973451683413 4.416575940499721 1.0
0.006580277 0.002425192 -3.294127 -2.74514 1.172552 0.8860009 -0.1477673 19.65154 0.7676334 0 0.0 0.007012959548834786 4.288014262071548 1.0
0.01141583 0.006266297 -3.154023 -3.747879 0.2861966 0.2745585 0.2637757 17.94415 1.091089 1 0.9996236 0.013022582412145028 4.898413833392397 1.0
0.02378685 -0.005402433 -1.957928 -4.040508 2.381151 1.671191 -0.04545377 20.60814 0.4426785 0 0.0 0.024392632396729733 4.48989832304118 1.0
0.05604516 0.0103874 12.98722 -4.810609 0.4585824 0.442184 0.2205987 18.6835 1.909384 1 0.0 0.056999631912720276 13.849543035034804 1.0
0.0516593 -0.005161615 -4.980911 -2.127326 1.596874 1.429809 0.120722 20.37301 0.6783524 0 0.0 0.0519165247864129 5.416178569821807 1.0
0.05450476 -0.001534863 7.371468 -2.162066 1.095772 0.8747903 -0.07017026 19.58018 nan 0 0.0 0.0545263667145205 7.6819964763972655 1.0
0.02097765 0.04012068 1.709817 -1.251869 0.5783399 0.537136 0.107314 18.92152 1.036646 1 0.0 0.045273952369821874 2.119115420794724 1.0
0.0180153 0.01107025 -1.793457 -4.332693 1.209276 0.9215481 -0.151654 19.75532 0.9335136 1 0.990932 0.02114477403881394 4.689212795672425 1.0
-0.01603266 0.01146721 -2.813047 -3.625007 0.7439495 0.6229554 0.02640492 19.04462 0.9959755 1 0.9986972 0.019711496438872926 4.588453898020335 1.0
-0.003801532 0.01102362 -2.743194 -3.143191 0.1805351 0.1601684 0.1856823 16.89571 1.019878 1 0.9991436 0.01166069652514051 4.171901602880514 1.0
0.04750995 0.004366988 -1.670619 -3.882608 1.132998 0.8816749 -0.1026353 19.61443 0.6952305 1 0.9466228 0.047710228810965094 4.226773323094698 1.0
0.02467161 0.01303195 -4.387478 -2.197685 1.111165 1.079209 0.2334072 20.04665 0.5913181 1 0.9916405 0.027901972345957912 4.907115502992466 1.0
0.01349133 -0.003247734 -3.66802 -2.031915 1.186885 1.145765 0.2168921 20.14403 0.7173538 0 0.0 0.013876734533154982 4.193214672256239 1.0
0.0009486639 0.009078168 -4.078137 -2.418422 1.106083 0.8350683 -0.2757643 19.05509 0.8711109 0 0.0 0.009127600858461505 4.74130428899612 1.0
0.006637709 0.01456165 -6.986063 -2.217954 1.177342 0.9092211 -0.1246363 19.67447 0.6173954 1 0.9630714 0.016003150673888595 7.32969277569565 1.0
-0.006304759 0.01387692 -3.361932 -2.900924 0.4748925 0.4610739 0.3115083 18.74935 1.065763 1 0.9996079 0.015242010849441125 4.440489480496491 1.0
0.01258583 0.05097635 -4.949385 -2.81412 1.749518 1.60092 0.09315915 20.44591 0.743433 1 0.9435375 0.052507060250135885 5.693477254949299 1.0
-0.04276746 0.001196521 -0.8202734 -2.51641 2.334354 1.809816 0.305024 20.44164 0.9882488 0 0.0 0.04278419448061446 2.6467277417308264 1.0
0.02128468 -0.000832043 -4.596507 -6.39794 3.090205 2.676107 -0.1953122 20.79047 0.9384689 0 0.0 0.021300936558195017 7.877912975188861 1.0
-0.01916286 0.02154526 -3.506028 -3.538718 0.1826469 0.1787981 0.3776221 17.01437 1.155529 1 0.9996238 0.02883424061506042 4.981441299494354 1.0
0.05910233 -0.02650002 -2.735275 -4.84502 1.28345 1.002754 -0.1262681 19.78424 0.952692 1 0.8311229 0.06477141708677756 5.563806981377499 1.0
-0.0215798 0.01473569 -6.44273 -2.355775 1.531151 1.257222 -0.007518161 19.96425 0.7163601 0 0.0 0.026130984057553208 6.859915867087949 1.0
0.01457504 0.02634849 -2.127759 -4.182114 0.8946817 0.6946286 -0.1138919 19.22849 1.068626 1 0.9878901 0.030111039774170865 4.692274061803829 1.0
-0.01270446 0.009199693 -3.901538 -3.256932 0.2971875 0.2839745 0.3486622 17.83568 1.119461 1 0.9989623 0.015685587498906407 5.082283425594051 1.0
-0.02755513 0.02470632 -4.006314 -4.930893 1.579456 1.655476 0.3632665 20.48899 0.7350578 0 0.0 0.03700928852679149 6.353287152651373 1.0
-0.007898354 0.02657979 -3.313392 -2.79866 1.333552 1.258924 0.242795 19.89524 1.123083 0 0.0 0.027728491346508847 4.337172390079048 1.0
-0.01290385 0.01238304 -3.275142 -3.277163 0.0575721 0.05555848 0.3919983 13.99506 1.770947 1 0.9999938 0.017884323427630692 4.63317951829335 1.0
-0.01744836 -0.0435447 4.491159 -2.875498 0.4824322 0.386142 0.2010653 18.55966 1.290918 1 0.0 0.046910405719622586 5.332822696404316 1.0
-0.001184754 0.02387347 -3.304616 -3.976493 1.702502 1.931406 0.3792596 20.58127 0.7028847 0 0.0 0.0239028494510888 5.170394906243139 1.0
0.0312874 -0.04265435 -7.201881 -3.800161 2.343581 1.687874 -0.006440864 20.52097 0.4504375 0 0.0 0.05289891277410624 8.142991683901071 1.0
-0.001583275 0.04857362 -3.349223 -3.459799 0.1981407 0.1929684 0.3711472 16.96514 1.183729 1 0.9991768 0.048599416865123236 4.815340468142414 1.0
0.04206584 -0.03580203 2.884195 -7.987243 1.408512 0.940253 -0.1584965 19.74601 2.503256 1 2.035043e-06 0.055238756747654084 8.492033416036115 1.0
-0.004823615 -0.04737752 -2.500125 -3.893986 1.533625 1.164479 0.1118657 20.12474 0.7704487 1 0.9582396 0.04762243865047888 4.6274995390406035 1.0
-0.03004353 -0.04846578 -10.60062 -5.265826 0.2269223 0.1953334 0.2343488 17.25329 0.9133492 1 0.0 0.057022324802390334 11.836471934097421 1.0
-0.007755554 0.01587385 -3.756001 -2.090174 1.640402 1.608281 0.0979101 20.35133 0.6973114 0 0.0 0.017667137053564052 4.298414924396783 1.0
-0.01153435 -0.04065067 -0.2087502 -21.31011 1.042487 0.7084943 -0.0569016 19.26702 2.667456 1 0.0 0.0422553925714979 21.31113241613641 1.0
-0.007183868 -0.04108527 -3.067673 -3.882175 0.4447 0.3605788 0.2252028 18.40592 1.052418 1 0.9929419 0.041708600676770784 4.947918791325702 1.0
-0.006503428 0.003794672 -3.259676 -3.289463 0.05892914 0.05695051 0.3300841 14.3351 1.664169 1 0.9999972 0.00752954921218847 4.630988496352048 1.0
0.03904935 -0.04463412 3.745228 -8.022815 0.5878976 0.4988148 0.2443943 18.43842 1.902321 0 0.0 0.059304775554729995 8.85394224603984 1.0
0.003536508 -0.01418771 -5.362173 -2.649841 1.542731 1.167201 0.1342277 20.05729 0.092062 0 0.0 0.014621833123044593 5.981183545688094 1.0
