jas1101finalproject/data/gcs/Pal_1.ecsv
# %ECSV 0.9
# ---
# datatype:
# - {name: x, unit: deg, datatype: float64}
# - {name: y, unit: deg, datatype: float64}
# - {name: pmx, unit: mas / yr, datatype: float64}
# - {name: pmy, unit: mas / yr, datatype: float64}
# - {name: pmx_e, unit: mas / yr, datatype: float64}
# - {name: pmy_e, unit: mas / yr, datatype: float64}
# - {name: pm_corr, datatype: float64}
# - {name: g_mag, unit: mag, datatype: float64}
# - {name: bp_rp, unit: mag, datatype: float64}
# - {name: filter, datatype: int64}
# - {name: memberprob, datatype: float64}
# - {name: r, unit: deg, datatype: float64}
# - {name: pm, unit: mas / yr, datatype: float64}
# - {name: member_prob_GMM, datatype: float64}
# - {name: member_prob_DB, datatype: float64}
# meta: !!omap
# - comments: [deg deg mas/yr mas/yr mas/yr mas/yr dimless mag   mag   zeroone float]
# - __serialized_columns__:
#     bp_rp:
#       __class__: astropy.units.quantity.Quantity
#       unit: &id001 !astropy.units.Unit {unit: mag}
#       value: !astropy.table.SerializedColumn {name: bp_rp}
#     g_mag:
#       __class__: astropy.units.quantity.Quantity
#       unit: *id001
#       value: !astropy.table.SerializedColumn {name: g_mag}
#     pm:
#       __class__: astropy.units.quantity.Quantity
#       unit: !astropy.units.Unit {unit: mas / yr}
#       value: !astropy.table.SerializedColumn {name: pm}
#     pmx:
#       __class__: astropy.units.quantity.Quantity
#       unit: !astropy.units.Unit {unit: mas / yr}
#       value: !astropy.table.SerializedColumn {name: pmx}
#     pmx_e:
#       __class__: astropy.units.quantity.Quantity
#       unit: !astropy.units.Unit {unit: mas / yr}
#       value: !astropy.table.SerializedColumn {name: pmx_e}
#     pmy:
#       __class__: astropy.units.quantity.Quantity
#       unit: !astropy.units.Unit {unit: mas / yr}
#       value: !astropy.table.SerializedColumn {name: pmy}
#     pmy_e:
#       __class__: astropy.units.quantity.Quantity
#       unit: !astropy.units.Unit {unit: mas / yr}
#       value: !astropy.table.SerializedColumn {name: pmy_e}
#     r:
#       __class__: astropy.units.quantity.Quantity
#       unit: &id002 !astropy.units.Unit {unit: deg}
#       value: !astropy.table.SerializedColumn {name: r}
#     x:
#       __class__: astropy.units.quantity.Quantity
#       unit: *id002
#       value: !astropy.table.SerializedColumn {name: x}
#     y:
#       __class__: astropy.units.quantity.Quantity
#       unit: *id002
#       value: !astropy.table.SerializedColumn {name: y}
# schema: astropy-2.0
x y pmx pmy pmx_e pmy_e pm_corr g_mag bp_rp filter memberprob r pm member_prob_GMM member_prob_DB
0.01039153 0.01254151 -0.8366693 4.450582 0.8176825 1.049082 -0.1669955 20.17441 1.821949 1 0.03150081 0.0162872148884025 4.52854233239422 1.0 0.0
-0.01507156 0.01881091 0.753671 -0.4241571 0.8708007 0.9933044 -0.2128812 20.02835 0.8359585 0 0.0 0.02410398838079914 0.8648290129970259 1.0 0.0
-0.01774555 -0.01640225 0.2708176 -1.392153 0.5239073 0.7473074 -0.1146252 19.81853 0.9572906 1 0.6243779 0.024164816363154925 1.418249677552849 1.0 0.0
0.03647249 -0.02145824 0.4202795 0.07917526 0.5846723 0.8093095 -0.1325132 19.78637 2.082645 0 0.0 0.0423166467326713 0.42767228097728943 1.0 0.0
-0.02031813 -0.01506247 -2.193248 0.6225808 0.2320648 0.3140507 -0.08957289 18.10041 1.042234 0 0.0 0.025292378480439515 2.279899919301863 1.0 0.0
-0.01133261 -0.001365915 -0.06056023 -0.8310051 0.622125 0.8451152 -0.2004761 19.90621 1.049215 1 0.9701676 0.011414629788097597 0.8332088679818902 1.0 0.0
0.02077679 -0.02276728 -2.316989 -1.674697 0.1841443 0.2381709 0.008753138 18.0152 1.175137 1 0.0 0.030822460013803246 2.858854327861075 1.0 0.0
-0.007850108 0.01194421 -1.592396 0.5903232 1.275256 1.934422 0.1402368 20.41578 0.9316578 1 0.8758304 0.014292947496432078 1.6982951749546484 1.0 0.0
-0.01897688 -0.01720883 0.2700696 0.4170354 0.545033 0.7516178 -0.2043807 19.75928 0.8326778 1 0.782667 0.02561768538536025 0.4968461670349486 1.0 0.0
-0.005806867 0.002116225 -0.2725929 0.3111029 0.1454504 0.1917324 0.04274042 17.54206 1.325676 1 0.9987309 0.00618046216769539 0.4136325706696948 1.0 0.0
-0.0003700006 -0.006086969 -1.442555 1.384638 0.7506808 0.9872936 -0.346305 20.02145 0.8920994 1 0.9682066 0.006098204002078101 1.9995467784147987 1.0 0.0
0.01513237 0.02868344 4.026341 -2.180863 0.4385737 0.7069955 -0.006086079 19.54358 1.293037 1 0.0 0.03243036157754798 4.579037592447785 1.0 0.0
-0.02377588 -0.01077514 0.4688789 0.9388377 0.195178 0.2287689 -0.04563673 17.91909 1.15291 1 0.0007441891 0.02610356511655065 1.0494110966663637 1.0 0.0
-0.0001666776 -0.02549615 -1.729603 1.948533 1.42825 2.40904 0.1205418 20.5689 0.8790874 1 0.4748949 0.0254966948102071 2.6054380418075573 1.0 0.0
0.007878438 -0.01774175 -1.251497 -0.5614751 0.5736526 0.7632281 -0.1035061 19.87889 2.100163 1 0.7897819 0.019412353756882342 1.371677450762026 1.0 0.0
0.01384002 -0.02937808 1.040326 -3.865747 1.734586 2.793434 -0.1118367 20.58678 1.040043 0 0.0 0.03247487856923871 4.003283409188637 1.0 0.0
-0.03753809 0.00289868 1.507603 0.2624908 0.6024961 0.8144561 -0.05476245 19.82399 2.496367 1 0.04901461 0.037649841255847284 1.5302837075828912 1.0 0.0
3.724546e-05 -0.002554565 -0.7173586 0.3501444 0.3953397 0.6098117 0.3153205 18.9932 0.9153366 1 0.9926564 0.0025548365042631616 0.7982508765077054 1.0 0.0
0.01730659 -0.01292397 0.8310265 0.07942731 0.1821287 0.2505505 -0.05191395 18.1224 1.252022 1 0.0002160497 0.021599700414334455 0.834813596724494 1.0 0.0
0.0004534046 -0.004103323 -2.491428 3.417582 1.049727 1.229324 -0.2622682 20.28109 0.9295959 0 0.0 0.004128296909577866 4.229312025129856 1.0 0.0
0.004086874 -0.02879126 -0.258195 1.13718 0.493085 0.6983973 -0.09356775 19.66543 0.9249287 1 0.6406298 0.029079876056810765 1.1661230683015409 1.0 0.0
-0.007489822 0.002102028 1.14049 -0.1928591 1.016608 1.199924 -0.2390687 20.15447 0.8861485 0 0.0 0.007779200171255911 1.1566814914023695 1.0 0.0
0.0007852289 -0.002325654 0.2593287 -1.568573 0.8951225 1.13924 -0.1055459 20.06082 0.9066677 0 0.0 0.00245463866039611 1.589865601543945 1.0 0.0
-0.009501974 -0.02034204 -1.338985 1.638876 0.415746 0.7447508 -0.003709405 19.4492 0.7733364 0 0.0 0.02245186186618553 2.1163164634810645 1.0 0.0
-0.0004105546 -0.001677177 0.1119871 -0.907516 0.4364941 0.6930898 -0.09212686 19.52518 0.8755741 0 0.0 0.0017266956213850082 0.9143994755151656 1.0 0.0
0.001935589 0.004678278 -0.814559 4.426935 1.637421 2.315724 0.008488206 20.64458 1.050779 0 0.0 0.005062883548157611 4.501250921544588 1.0 0.0
0.0004132036 0.0003064656 1.504059 6.298877 2.301351 2.71948 0.05469284 20.773 nan 0 0.0 0.0005144495884305089 6.475958997446633 1.0 0.0
-0.003719402 -0.0008372952 0.2615141 -0.5068978 1.046728 1.285308 -0.2335631 20.21692 0.8444767 0 0.0 0.003812481408419855 0.5703814549436631 1.0 1.0
-0.004610154 0.003755953 0.6296599 0.008653044 0.9985112 1.232335 -0.2136712 20.22494 0.6558189 0 0.0 0.0059464865964639155 0.6297193540288213 1.0 0.0
0.0004008446 -0.001227043 0.446144 -0.5762551 0.7462472 1.146487 -0.004090715 20.04111 0.8109264 0 0.0 0.0012908566602059888 0.728775966269477 1.0 0.0
-0.03270458 -0.02868039 -0.3196054 -0.1287367 0.3138958 0.4333586 -0.06536757 18.98471 0.9416771 1 0.6952757 0.04349890025654097 0.3445587752997303 1.0 0.0
-0.0009981232 0.001428026 2.646272 11.20742 1.565122 2.50211 -0.1857789 19.91138 1.294895 0 0.0 0.0017422709832440647 11.51559892295594 1.0 0.0
0.001321289 -0.001631326 1.277679 1.680633 0.9080563 1.205897 0.04338611 20.22313 0.8347912 0 0.0 0.0020992925331637323 2.1111586647454996 1.0 0.0
-0.002659379 0.0003449401 0.03593152 -1.505109 0.5117626 0.7334596 -0.1239232 19.75511 0.9548893 1 0.9785761 0.0026816562677250437 1.5055378361271796 1.0 0.0
-0.007300096 -0.0008125345 0.5863117 -1.141987 1.218616 1.434318 -0.2237663 20.28874 0.8958092 0 0.0 0.007345176234979407 1.283703905784309 1.0 0.0
-0.001278697 0.002786088 -0.1819079 0.4121864 0.6026683 0.8351268 -0.2338524 19.89305 0.8861141 0 0.0 0.0030655101307209866 0.4505420207121307 1.0 1.0
0.004345561 0.02648381 -0.1091187 1.235267 1.862536 3.201696 0.3011342 20.65422 1.894011 0 0.0 0.02683795991726683 1.2400771959755932 1.0 0.0
-0.0111187 -0.01247455 6.168391 0.1190593 2.586566 3.087823 -0.1584735 20.76681 0.5617123 0 0.0 0.016710472386874644 6.169539905519494 1.0 0.0
-0.006646321 -0.03306242 0.7533733 1.786058 0.4068745 0.5203332 -0.1038611 19.22975 1.57472 1 0.003129801 0.033723837253364884 1.9384464162098702 1.0 0.0
8.13449e-05 0.005593628 0.6338233 -3.998393 2.129879 3.148405 0.2368566 20.75062 1.440142 0 0.0 0.005594219444671438 4.04831799122449 1.0 0.0
-0.0006486202 -0.002043376 -0.86514 -2.068774 2.903087 1.745797 -0.09727562 20.34535 nan 0 0.0 0.002143850190947129 2.242385578502502 1.0 0.0
0.002938827 9.321024e-06 4.650935 -3.099962 0.3704917 0.5250358 -0.1241266 19.09506 1.320684 0 0.0 0.0029388417816237416 5.589361392473115 1.0 0.0
0.002330533 -0.0007614 0.4628698 0.8876969 0.3708082 0.52801 -0.1247116 19.31524 0.8558674 0 0.0 0.0024517573338503546 1.0011264845271302 1.0 0.0
0.0006579204 -0.007864603 -0.05616114 1.086187 0.3548862 0.4446331 0.04525543 19.00408 1.146006 1 0.9655552 0.007892074480156984 1.0876379326849075 1.0 0.0
-0.02630717 -0.005642161 -2.715153 -6.589868 2.087278 2.692104 0.3018486 20.76025 1.676041 0 0.0 0.026905411614744367 7.1273007563055035 1.0 0.0
0.01218043 0.03322673 1.88313 1.075626 0.340614 0.4791662 -0.1184555 19.20923 1.764515 1 0.0 0.03538895959869123 2.1686746848653904 1.0 0.0
0.01817004 -0.01255631 0.05213947 1.431685 0.60475 0.8437659 -0.06388049 19.92434 1.079115 1 0.7189998 0.022086450018454752 1.4326340996768439 1.0 0.0
-0.02488003 -0.03391261 -1.518341 2.188618 1.021458 1.470834 0.07592109 20.13049 2.104113 1 0.0980048 0.042060444717251864 2.6637207327730508 1.0 0.0
-3.464677e-06 0.003739685 -0.03452618 -1.206107 1.512009 1.974898 0.1797951 20.42013 nan 0 0.0 0.0037396866049458897 1.2066010743217463 1.0 1.0
-0.0003855103 0.003922798 -0.6583129 -0.834374 0.8031642 1.018075 -0.3439952 20.06726 0.7744026 0 0.0 0.003941695363699494 1.0628056483583486 1.0 1.0
-0.004032446 0.03556266 17.42905 -10.1142 1.933823 2.87932 0.06352623 20.70714 1.720102 0 0.0 0.03579054912988226 20.151149484396665 1.0 0.0
0.007782263 -0.0007358954 -1.588974 0.7256348 1.105634 1.257744 -0.3103821 20.31483 0.3615475 0 0.0 0.0078169789203317 1.746821180214804 1.0 0.0
-0.02679219 -0.0009412167 0.6212467 1.766866 1.471249 2.265408 0.1896045 20.56072 0.9785595 0 0.0 0.02680871749771814 1.8729022730022222 1.0 0.0
-0.003830583 0.006464076 -0.5291753 0.1367466 0.7959434 1.009103 -0.0953564 20.07082 0.7848568 1 0.9841348 0.007513830225235662 0.5465584422014265 1.0 0.0
0.01254461 -0.00291331 3.189853 -5.095779 2.188025 2.896989 0.1402546 20.7256 1.001982 0 0.0 0.012878455466716496 6.011832148226529 1.0 0.0
0.03325911 -0.01368683 0.8030483 0.4562611 1.549959 2.063931 0.1610454 20.56021 1.863483 0 0.0 0.035965229228256006 0.9236128861736934 1.0 0.0
-0.01702865 0.02562695 -3.64977 -5.383518 2.717921 4.036627 0.1903453 20.86185 2.174799 1 0.3234297 0.030768742046515325 6.5040823418237865 1.0 0.0
-0.003631754 0.007242204 -1.660443 1.687849 1.338432 1.875471 0.1354336 20.21901 0.9029026 0 0.0 0.00810179954665209 2.3676792863582685 1.0 0.0
0.01642785 0.02208595 -0.4642561 0.9739438 0.4916914 0.6814027 -0.1257019 19.71482 0.7902489 1 0.7294388 0.027525686967358326 1.0789347765021062 1.0 0.0
0.02682022 0.03587843 1.883009 -1.680782 2.877649 2.898902 0.2617752 20.76962 1.541264 1 0.08494976 0.044794932080686314 2.5240346720290905 1.0 0.0
0.009785343 0.00642215 2.127719 0.7156163 2.357061 2.854957 0.07006576 20.78496 0.8607101 0 0.0 0.011704569545700901 2.244837373126768 1.0 0.0
-0.003288034 0.001901514 8.56113 4.331534 2.416442 3.753389 0.2473097 20.73179 nan 0 0.0 0.003798278962550276 9.594536657392894 1.0 0.0
0.006120907 0.0005065999 1.264543 -1.187776 1.200825 1.622291 -0.1406279 19.90222 0.9391098 0 0.0 0.006141835715918247 1.7349008112929682 1.0 0.0
-0.005184871 0.0436961 -0.5359081 0.7906672 0.1881045 0.2587366 -0.05780255 18.06206 1.204851 1 0.07864281 0.044002636767546566 0.9551712478929891 1.0 0.0
-0.02231547 0.01389519 -0.1091687 0.09029995 0.2671267 0.3405072 0.03724044 18.44797 1.368311 1 0.9563043 0.026287953637683555 0.14167528376429142 1.0 0.0
0.01267752 -0.02165096 2.347822 1.681638 0.3709802 0.4849769 -0.1822064 19.16343 1.290308 1 0.0 0.02508951139962674 2.8879360288496696 1.0 0.0
0.004820187 0.04336786 -0.3597614 -0.8190582 1.103151 1.538054 0.1656841 20.1666 0.8040142 1 0.2277123 0.04363491129467974 0.8945862730431313 1.0 0.0
-0.003019639 0.04054432 8.216497 4.167919 1.266638 1.790774 0.1756122 20.21454 0.9559021 0 0.0 0.04065661205699168 9.213162960762716 1.0 0.0
-0.03906548 0.007619233 1.927011 2.469731 2.153524 3.266988 0.0460009 20.76421 1.494297 0 0.0 0.039801563275061055 3.1325616684244224 1.0 0.0
0.00224239 0.001695246 -0.969365 0.899804 0.4564444 0.725154 -0.06565856 19.57277 1.013075 1 0.9829166 0.0028110802038746603 1.3226170048963533 1.0 0.0
-0.04354452 0.006088026 -4.723512 5.74488 2.329231 3.518778 0.07018961 20.83484 1.445618 0 0.0 0.04396804842845627 7.437419702325801 1.0 0.0
0.04421514 -0.004872716 0.1867357 -1.85487 0.903934 1.216894 -0.1368388 20.23872 1.920624 0 0.0 0.0444828277702335 1.8642459436872834 1.0 0.0
-0.01856542 -0.004079352 -0.5535258 -0.9385993 1.284056 1.774116 0.1264086 20.41179 0.7308846 1 0.8118202 0.01900831219536085 1.089660248529848 1.0 0.0
-0.00695659 -0.001972435 0.206995 0.8081297 0.2613038 0.3377785 0.02185133 18.55596 1.324242 1 0.9648725 0.007230812143689324 0.8342185217597905 1.0 0.0
0.005190311 0.001917539 -0.2486682 -0.7168483 0.5821614 0.798378 -0.128156 19.95152 1.021578 0 0.0 0.005533198360192955 0.7587538196965666 1.0 0.0
-0.009845615 -0.02046379 -0.5957321 -0.3906165 0.4559068 0.8105167 -0.1205329 19.42298 0.796175 0 0.0 0.02270909148099776 0.7123748908002443 1.0 0.0
-0.01109518 -0.01835684 0.00217624 0.5269022 0.3828397 0.5875123 0.3856673 18.92292 0.976017 1 0.936917 0.021449396122455288 0.5269066941929829 1.0 0.0
0.006637041 -0.00299498 -0.3241978 0.08810094 0.3523673 0.4407945 0.04777397 18.96106 1.332626 1 0.9963655 0.007281498364765386 0.3359553380342744 1.0 0.0
-0.02403403 -0.002542417 2.534998 1.276231 0.4134885 0.5706363 -0.130096 19.47412 1.690039 1 0.0 0.0241681294733951 2.838129740756225 1.0 0.0
0.009475974 -0.007600966 -0.612197 1.465771 0.5794519 0.7826277 -0.1502913 19.87514 1.024408 1 0.9258894 0.012147788579895189 1.5884803402151377 1.0 0.0
0.03143054 -0.02758562 -4.698192 0.6867901 2.369921 2.738854 0.1409229 20.73119 1.6134 0 0.0 0.04181919745136198 4.748124757240695 1.0 0.0
0.006880475 -0.0006373408 -0.2608989 -0.9452264 0.553662 0.7407097 -0.1737379 19.81214 1.09643 1 0.9852399 0.006909930500444244 0.9805718654327025 1.0 0.0
-0.01080476 -0.00605092 -1.816932 0.8257218 0.9712206 1.148232 -0.2567409 20.17587 1.867216 0 0.0 0.01238371800001922 1.9957601017204547 1.0 0.0
0.002684066 -0.007337854 -1.103155 -2.425069 1.150528 1.516252 0.1823041 20.15527 1.027121 1 0.9579956 0.007813341898168286 2.6641904227712403 1.0 0.0
-0.008428255 -0.0009795392 4.52381 -0.1145138 1.162306 1.606953 0.1306151 20.27251 2.022972 0 0.0 0.008484985526762061 4.525259144677842 1.0 0.0
0.00544808 -0.008382015 0.3490093 1.232331 2.932244 4.619912 -0.1717997 20.83762 0.4397335 0 0.0 0.00999698710345397 1.280799432014041 1.0 0.0
0.005535942 -0.01003755 0.457594 -0.2671257 0.4744773 0.649735 -0.1305423 19.57786 1.006142 1 0.9685108 0.01146294307016588 0.5298569697913674 1.0 0.0
-0.0009178606 -0.003637899 -0.7152167 -1.205056 0.6504689 0.9763147 -0.3191832 19.831 0.9641018 1 0.9814944 0.003751903145769272 1.401318982635606 1.0 1.0
-0.001304921 0.00822585 1.899168 -0.2990756 1.28608 1.75233 0.1138739 20.36825 1.317753 0 0.0 0.008328711007037103 1.9225725751553202 1.0 0.0
-0.001127407 -0.001333802 -0.8578391 0.7584709 0.709284 1.067967 -0.2163356 20.00511 nan 0 0.0 0.0017464461969534017 1.1450615824642882 1.0 0.0
-0.0157532 -0.007379832 0.1644431 0.1830753 0.4328317 0.605131 -0.1210918 19.52641 0.9145012 1 0.9547967 0.017396126884689705 0.24608555139971142 1.0 0.0
-0.01142108 -0.008522196 -1.499838 0.3544954 0.474183 0.6547315 -0.2027518 19.58897 0.8857861 1 0.7551227 0.014250224315035044 1.5411622286005973 1.0 0.0
0.001553025 -0.0009751663 0.6070813 -3.405888 1.260324 1.73306 0.1079234 20.36532 0.871294 0 0.0 0.0018338036872251866 3.4595694491300057 1.0 0.0
-0.00114805 -0.0008226303 0.01052341 1.967295 0.478523 0.7546211 -0.106696 19.59594 0.8400421 0 0.0 0.0014123524393642296 1.967323145592261 1.0 0.0
-0.02057747 -0.007058714 1.129582 -1.142765 1.262216 1.773357 0.08846608 20.36429 0.9735641 1 0.6013371 0.021754487236767865 1.6068190128166273 1.0 0.0
0.004678994 -0.00225598 0.0139417 -0.9017772 2.298394 3.183321 0.2398303 20.79183 1.11706 1 0.9605709 0.0051944615324820715 0.9018849646372479 1.0 0.0
-0.01467495 -0.01886364 0.358075 2.741067 0.2061526 0.2634239 0.08272351 18.13332 1.025305 1 0.0 0.023899604004085508 2.764356345356727 1.0 0.0
0.01119725 0.01945457 -3.742169 1.118317 1.519125 2.082278 0.1083139 20.52277 1.443556 0 0.0 0.022446797131158824 3.9056960630660957 1.0 0.0
-0.004236644 -0.02958466 -0.3353365 0.2006605 0.3434537 0.4568066 -0.1716345 19.05136 0.9141426 1 0.8914282 0.029886472854760496 0.3907879277722125 1.0 0.0
0.0002358833 0.001595828 1.293575 1.06525 0.7229305 1.138976 0.02195036 20.09541 nan 0 0.0 0.0016131670517348445 1.675736806042345 1.0 0.0
-0.003177134 0.001405569 -0.503693 1.369285 0.7675592 0.9538509 -0.1446472 19.97101 0.8853474 0 0.0 0.003474162441181615 1.4589887077952317 1.0 1.0
0.002038185 -0.01239629 -0.01777571 -0.6511292 0.704746 0.9181398 -0.1560295 19.88523 0.9299564 0 0.0 0.012562730748460902 0.6513717916510079 1.0 0.0
0.009363339 -0.01292639 -0.5326088 1.009125 0.3178057 0.4264981 -0.08296065 18.9925 0.9805431 1 0.8793774 0.01596131810537654 1.1410545120468347 1.0 0.0
0.0002200349 0.0008176293 -0.2184624 0.8283596 0.1988241 0.2957036 0.2321094 17.94133 1.269796 0 0.0 0.000846718979022261 0.8566828159394351 1.0 0.0
-0.000169217 -0.01135889 -0.9531487 1.206133 0.8222654 1.256095 -0.1739634 20.02109 1.026052 1 0.9455841 0.011360150369831776 1.5372863292180445 1.0 0.0
0.01041148 0.02926517 -1.463038 1.541543 1.09636 1.55951 0.1607849 20.20616 0.6282043 1 0.3289367 0.03106202007145221 2.1252846892341273 1.0 0.0
-0.01890018 -0.01296702 -1.936183 0.248727 0.5410178 0.712513 -0.1907304 19.66765 0.913517 1 0.2082823 0.022920741953802455 1.9520936785969059 1.0 0.0
-0.02625675 0.01483507 3.703519 -0.6102077 0.3295487 0.4232652 0.05991375 18.89923 1.673346 1 0.0 0.03015785507073406 3.753452600007131 1.0 0.0
