jas1101finalproject/data/gcs/Pal_15.ecsv
# %ECSV 0.9
# ---
# datatype:
# - {name: x, unit: deg, datatype: float64}
# - {name: y, unit: deg, datatype: float64}
# - {name: pmx, unit: mas / yr, datatype: float64}
# - {name: pmy, unit: mas / yr, datatype: float64}
# - {name: pmx_e, unit: mas / yr, datatype: float64}
# - {name: pmy_e, unit: mas / yr, datatype: float64}
# - {name: pm_corr, datatype: float64}
# - {name: g_mag, unit: mag, datatype: float64}
# - {name: bp_rp, unit: mag, datatype: float64}
# - {name: filter, datatype: int64}
# - {name: memberprob, datatype: float64}
# - {name: r, unit: deg, datatype: float64}
# - {name: pm, unit: mas / yr, datatype: float64}
# - {name: member_prob_GMM, datatype: float64}
# - {name: member_prob_DB, datatype: float64}
# meta: !!omap
# - comments: [deg deg mas/yr mas/yr mas/yr mas/yr dimless mag   mag   zeroone float]
# - __serialized_columns__:
#     bp_rp:
#       __class__: astropy.units.quantity.Quantity
#       unit: &id001 !astropy.units.Unit {unit: mag}
#       value: !astropy.table.SerializedColumn {name: bp_rp}
#     g_mag:
#       __class__: astropy.units.quantity.Quantity
#       unit: *id001
#       value: !astropy.table.SerializedColumn {name: g_mag}
#     pm:
#       __class__: astropy.units.quantity.Quantity
#       unit: !astropy.units.Unit {unit: mas / yr}
#       value: !astropy.table.SerializedColumn {name: pm}
#     pmx:
#       __class__: astropy.units.quantity.Quantity
#       unit: !astropy.units.Unit {unit: mas / yr}
#       value: !astropy.table.SerializedColumn {name: pmx}
#     pmx_e:
#       __class__: astropy.units.quantity.Quantity
#       unit: !astropy.units.Unit {unit: mas / yr}
#       value: !astropy.table.SerializedColumn {name: pmx_e}
#     pmy:
#       __class__: astropy.units.quantity.Quantity
#       unit: !astropy.units.Unit {unit: mas / yr}
#       value: !astropy.table.SerializedColumn {name: pmy}
#     pmy_e:
#       __class__: astropy.units.quantity.Quantity
#       unit: !astropy.units.Unit {unit: mas / yr}
#       value: !astropy.table.SerializedColumn {name: pmy_e}
#     r:
#       __class__: astropy.units.quantity.Quantity
#       unit: &id002 !astropy.units.Unit {unit: deg}
#       value: !astropy.table.SerializedColumn {name: r}
#     x:
#       __class__: astropy.units.quantity.Quantity
#       unit: *id002
#       value: !astropy.table.SerializedColumn {name: x}
#     y:
#       __class__: astropy.units.quantity.Quantity
#       unit: *id002
#       value: !astropy.table.SerializedColumn {name: y}
# schema: astropy-2.0
x y pmx pmy pmx_e pmy_e pm_corr g_mag bp_rp filter memberprob r pm member_prob_GMM member_prob_DB
[from data line 111]
0.02061934 0.003579402 1.521357 -0.3890954 1.76018 1.330755 0.08805616 20.57205 0.6550617 0 0.0 0.020927716089272713 1.5703255559756264 1.0 0.0
0.02158058 -0.001000921 -0.6767526 -0.7517869 0.1214505 0.09083445 0.1108775 16.71962 1.898484 1 0.999146 0.021603779206070428 1.0115224291227407 1.0 0.0
0.03375666 0.01880678 -2.694537 -8.340323 0.9546481 0.6886775 0.02871429 19.95812 1.157326 1 0.0 0.03864203757986889 8.764788496518213 1.0 0.0
0.004323655 -0.009490791 -0.3944304 -0.9388698 0.1120409 0.08334797 0.06888058 16.52465 1.961192 1 0.9993216 0.010429242847144082 1.0183574234011357 1.0 1.0
0.04472729 0.01972885 0.1038653 -1.549203 0.9433642 0.6616651 0.1080776 19.95212 1.173349 1 0.8298522 0.04888515104882668 1.5526808866451247 1.0 0.0
0.008580691 0.01106649 -1.012251 0.9735657 1.053141 0.7885713 -0.08384843 19.70818 0.9912968 1 0.9022262 0.014003408833479832 1.404450874618792 1.0 0.0
0.01123557 -0.008716833 0.5050515 -1.319528 2.54841 1.931442 0.2603002 20.71324 1.258385 0 0.0 0.014220450442049611 1.4128804480338206 1.0 0.0
0.005834203 -0.01224542 2.234197 0.6876112 3.642774 2.794071 -0.1666751 20.91833 1.308146 0 0.0 0.013564226318578182 2.3376153227540324 1.0 0.0
-0.01801418 -0.01200822 -0.6765367 -3.991171 1.400072 1.114247 0.1100892 20.14079 1.17378 0 0.0 0.02164966578589148 4.048104230091894 1.0 0.0
0.01555369 0.02201746 -1.472513 -0.1830341 1.290035 0.917226 0.1103968 20.31801 0.87537 0 0.0 0.02695711070325787 1.483845011088358 1.0 0.0
-0.0004368695 -0.01086956 2.66826 0.1124401 1.453011 1.144976 0.002477763 20.53162 0.8372402 0 0.0 0.010878335789707462 2.670628054164041 1.0 0.0
-0.04366278 -0.04339686 0.2388083 -1.870248 1.236265 0.8268006 0.05482942 20.24343 1.473063 0 0.0 0.061560748981701 1.8854328377465186 1.0 0.0
0.001607705 -0.04393232 -0.03797596 -1.395799 1.159887 0.8262624 0.1106025 20.22993 1.356186 0 0.0 0.043961727172046196 1.3963155166146803 1.0 0.0
0.04152306 0.01722971 -3.489113 -0.916836 1.732408 1.434637 0.2071464 20.69584 1.140984 0 0.0 0.04495583853569745 3.6075611952765265 1.0 0.0
-0.01244509 0.04096396 -1.638625 -5.212312 0.255728 0.174689 0.2260415 17.824 1.364607 1 0.0 0.04281268835275005 5.46381627399467 1.0 0.0
-0.02561254 -0.04992621 0.3477432 -5.646103 0.4507977 0.3364252 0.1559035 18.91823 1.305279 1 0.0 0.0561126425167778 5.656801606893708 1.0 0.0
-0.004648071 -0.04929995 0.4032617 0.602822 1.342111 0.9541702 0.1967404 20.31745 0.6917419 0 0.0 0.04951857867531682 0.725268476063099 1.0 0.0
-0.02684845 -0.046278 -8.560383 7.131794 0.6808116 0.4772808 0.239025 19.32631 2.117052 1 0.0 0.05350226678751565 11.141931734000392 1.0 0.0
0.03265815 0.0335091 -3.451004 -4.350684 1.900062 1.522378 0.07367947 20.72507 1.347734 0 0.0 0.04679118019704675 5.553186461471649 1.0 0.0
0.0161181 -0.02992513 -1.056783 -2.486573 0.2590905 0.1911456 0.1301097 17.98599 1.450407 1 0.0 0.0339898007220828 2.7018207922469615 1.0 0.0
0.01970376 -0.02568451 -3.011196 0.3041591 0.1344471 0.09946396 0.1241697 16.86516 1.608488 1 0.0 0.03237178110758968 3.026518479793046 1.0 0.0
0.03618281 0.03666414 -4.103882 -3.258223 2.02038 1.730654 0.1133034 20.79197 1.271149 0 0.0 0.05151169674390177 5.240025246852633 1.0 0.0
0.01822388 0.02729598 -0.1239669 -1.175581 0.7173625 0.5256073 0.02337485 19.44093 1.663155 1 0.9710173 0.03282042544536557 1.1820991835952726 1.0 0.0
0.02992665 -0.0248654 -5.211575 -4.235838 0.6130497 0.4162092 0.04644953 19.25001 1.200129 1 0.0 0.038908771470999956 6.715864616180778 1.0 0.0
0.03116289 0.04263875 5.882499 -8.859474 0.3954044 0.2828251 0.1573249 18.63229 1.360294 1 0.0 0.052812770375304116 10.634569762885427 1.0 0.0
-0.006845281 0.002031798 0.4301639 0.6671707 1.286696 0.9851392 0.104799 20.24024 1.269211 0 0.0 0.00714045342270118 0.7938247437575249 1.0 0.0
0.0006464569 0.01041549 -0.6157932 -0.5661666 0.6945444 0.5115 0.08151329 19.49158 1.350859 1 0.9939191 0.0104355324954531 0.8365081494652638 1.0 1.0
-0.03235708 0.04614427 -2.980985 -6.329386 1.232873 0.802051 0.2066217 20.17054 1.220348 1 0.0 0.056358444619766614 6.996241755915887 1.0 0.0
-0.009896907 0.003728023 -0.4693972 -0.9314648 0.3730454 0.2737187 0.1184548 18.58516 1.644278 1 0.9982943 0.010575770593917873 1.0430534046763282 1.0 1.0
-0.01821246 -0.03708055 -1.978037 0.405052 2.001593 1.503752 0.5115676 20.15237 0.684269 0 0.0 0.041311752414465545 2.01908333064116 1.0 0.0
-0.002817156 0.04522323 -7.879589 0.02698235 0.897504 0.6478728 0.1649721 19.78472 1.31835 1 0.0 0.045310891621786 7.879635198163207 1.0 0.0
0.06236572 0.02063546 4.160842 -7.257346 0.5212923 0.383733 0.06428332 19.10538 1.573818 0 0.0 0.0656909829469007 8.365505191719148 1.0 0.0
0.04703124 0.01540058 -2.346331 -3.398364 0.8425909 0.6989331 0.04307563 19.70518 1.467773 1 0.005967045 0.04948853806967832 4.129666698180012 1.0 0.0
0.02805001 -0.004535085 1.273395 -7.128306 1.588049 1.233023 -0.3339418 19.98714 1.213842 1 0.0003253538 0.02841425798709734 7.241151928779081 1.0 0.0
0.02972865 0.0498455 -0.1418731 -1.047516 1.330371 0.9424042 0.1001908 20.31724 0.599226 1 0.7455847 0.0580376300435545 1.0570798204296636 1.0 0.0
-0.009759597 0.01159798 0.4796682 9.08138 4.070223 3.216189 0.05523888 20.92925 1.775763 0 0.0 0.015157931048886884 9.094038942433182 1.0 0.0
-0.02353764 -0.003048586 -0.9380167 -1.032841 0.1511789 0.1151349 0.06202786 17.11762 1.869551 1 0.9864028 0.02373424473980573 1.395218929329691 1.0 0.0
-0.0124908 0.00755708 -2.366756 -0.3318483 1.48365 0.9149466 0.3393755 20.15896 0.5793781 1 0.9339908 0.014598956906793033 2.3899073743032155 1.0 0.0
-0.02568902 -0.006028469 -2.272972 -2.721244 1.985714 1.159361 0.07576665 20.40181 0.3724499 0 0.0 0.026386894228847036 3.545641073250365 1.0 0.0
-0.004327683 -0.009587648 0.08282563 -0.4963551 1.925371 1.376634 0.122244 20.66133 0.6399612 0 0.0 0.010519117563768979 0.5032181140230416 1.0 1.0
-0.01120915 0.026156 -2.530494 -9.632945 1.561025 1.16534 0.05041639 20.49654 1.148666 0 0.0 0.028456657915547637 9.95977054239007 1.0 0.0
0.01608769 0.00738094 1.299597 -0.6710734 2.028991 1.555122 0.1173351 20.67285 1.293098 0 0.0 0.01770005776317411 1.4626318301597843 1.0 0.0
-0.02744393 0.04684018 -0.5206199 -1.24284 1.498723 0.9948052 0.1052733 20.38098 0.679451 0 0.0 0.05428786011878991 1.3474777719413444 1.0 0.0
0.0175067 0.008523736 -10.07558 -3.76362 1.00075 0.7078684 0.06820167 19.99284 2.074034 1 0.0 0.01947148223139923 10.755563576159085 1.0 0.0
-0.01773971 0.04911044 -3.071287 -3.331549 0.4878273 0.3401688 0.1790364 18.87766 1.392282 1 0.0 0.05221621039368617 4.531227491063542 1.0 0.0
-0.01484053 -0.0009563161 1.147658 -4.86583 2.174141 1.612436 -0.130396 20.68721 0.3272648 0 0.0 0.014871310337828984 4.999342004090538 1.0 0.0
-0.02500225 -0.04266714 -3.939449 -2.532093 0.7565597 0.5550885 0.1350665 19.52678 1.356617 0 0.0 0.04945298111178031 4.683028228000554 1.0 0.0
-0.02697078 0.0112912 0.1667242 -3.181707 0.3470922 0.2327875 0.1612759 18.40416 1.33713 1 0.0 0.029238915356907477 3.1860722516469457 1.0 0.0
-0.01642744 0.02377871 -0.8421825 -0.2288121 1.870307 1.276558 0.1655449 20.51506 1.443815 0 0.0 0.028901346581391325 0.8727120604258085 1.0 0.0
-0.004724419 0.02498054 2.700135 -0.3766993 0.2506727 0.1794452 0.2396126 17.82765 1.388535 1 0.0 0.025423365504573955 2.726285271362021 1.0 0.0
0.03064418 0.05622399 -3.456882 3.107733 1.797151 1.233701 0.07124377 20.65357 1.33514 0 0.0 0.06403282610811818 4.648444638931714 1.0 0.0
-0.0108429 5.679243e-05 1.591876 0.1154356 1.357963 0.9885686 -0.02841891 20.29794 1.186203 0 0.0 0.010843048731334988 1.5960559442335849 1.0 0.0
-0.005868806 0.05120545 -2.740493 -23.98754 0.4597116 0.286446 0.1746816 18.4256 2.342363 1 0.0 0.05154067319669133 24.143578382970677 1.0 0.0
-0.004892265 0.03307878 -1.304917 -1.488619 1.044259 0.7292669 -0.01510236 19.94376 1.04826 1 0.9151464 0.03343859959864685 1.9795946312439827 1.0 0.0
-0.02163056 0.05060224 0.4640626 -1.244909 0.7109943 0.4508057 0.2590651 19.26395 2.138292 1 0.7713613 0.05503151659668485 1.3285904240960642 1.0 0.0
-0.009439053 -0.06359195 0.7992924 -3.694873 2.293586 1.38288 0.239058 20.70479 1.209215 0 0.0 0.06428866016910997 3.780337924951519 1.0 0.0
0.004994965 -0.06204491 -1.904235 -8.228323 0.7377737 0.4853697 0.3137444 19.36562 1.956059 1 0.0 0.06224564669323731 8.445792462969594 1.0 0.0
-0.02655899 0.05476346 -0.2772926 -0.9462261 0.2961455 0.2064846 0.1992348 18.12183 1.71077 1 0.9671938 0.06086391789058358 0.9860197859759052 1.0 0.0
0.02457119 0.002083907 -0.2773129 -0.9448099 1.208756 0.8668719 0.06635168 20.25138 1.421755 0 0.0 0.02465940077132348 0.9846665382983316 1.0 0.0
-0.01715991 0.05679884 -0.3304333 -7.158757 0.3228694 0.2220949 0.1949122 18.2379 1.490641 1 0.0 0.059334397583136377 7.16637899854577 1.0 0.0
-0.005075282 -0.06197791 0.5578378 -1.288775 0.386381 0.2816775 0.1494177 18.69016 1.290087 1 0.1512304 0.06218536656921485 1.4043233287722028 1.0 0.0
-0.03943674 0.02151375 -3.115904 0.5642994 0.5471489 0.3694689 0.2164804 19.05711 2.131416 1 0.0 0.04492324454989977 3.166589892937884 1.0 0.0
0.02052786 0.02485045 -1.431686 -0.9677149 0.6213331 0.4441341 0.08673792 19.28538 1.530575 1 0.961842 0.032232559646762464 1.7280616106719142 1.0 0.0
0.01013704 0.02112489 -0.8585663 -0.9466481 0.3837575 0.2701036 0.05668252 18.55313 1.664434 1 0.9954372 0.023431187709412 1.2779979329910123 1.0 0.0
-0.01345206 0.007724508 -5.441189 -5.796501 1.876768 1.291893 0.03434419 20.60681 1.220322 0 0.0 0.015512122423629334 7.950217706246917 1.0 0.0
-0.001733801 -0.03120804 -4.978604 0.7698651 1.454302 0.9699241 0.1349296 20.38507 1.049547 0 0.0 0.03125616461674722 5.037776301208105 1.0 0.0
0.03435187 0.04422753 -11.27491 -2.740205 3.489891 2.218702 -0.03906344 20.85409 1.449194 0 0.0 0.05600111947450515 11.603116777406191 1.0 0.0
0.04817544 -0.00508721 -4.164893 -2.027974 0.8023593 0.5771666 0.08837352 19.71271 1.41177 1 0.0009125193 0.048443293909247134 4.632387316074186 1.0 0.0
-0.06250709 0.02212218 -2.097763 -2.07252 2.027226 1.242834 0.3606961 20.59269 1.539598 0 0.0 0.06630631303443511 2.9488894103660446 1.0 0.0
-0.01624412 -0.0561365 -3.603565 -6.316493 1.389517 0.9172567 0.1881532 20.27092 1.416729 1 0.0 0.05843952486822938 7.272122422530716 1.0 0.0
0.03154439 0.05229002 -1.152915 2.380129 0.8130348 0.5747783 0.1018861 19.68704 1.465422 1 1.179882e-05 0.061067951759269774 2.644660101764686 1.0 0.0
0.03488578 0.02107026 -0.508277 -3.183446 0.355436 0.2634054 0.07416277 18.36477 1.310513 1 0.0 0.040755042665613785 3.2237670423969846 1.0 0.0
0.009114745 0.02442866 -0.7318591 -0.9952778 0.2671765 0.1813856 0.1071563 17.86999 1.795282 1 0.9972989 0.02607370333900854 1.2353929097358662 1.0 0.0
0.001027911 0.01683742 0.09869978 0.4217529 1.988484 1.620364 0.3329113 20.65351 1.427387 0 0.0 0.016868767390663758 0.4331479599749471 1.0 0.0
0.04631425 0.03547013 0.2550824 -2.981978 1.651772 1.315183 0.07866991 20.58089 0.8624535 0 0.0 0.05833643694364098 2.9928681600220477 1.0 0.0
-0.05960786 0.003326004 2.9446 -9.918759 1.158891 0.7756013 0.2606575 19.99266 2.21969 0 0.0 0.05970058020143201 10.346615352862065 1.0 0.0
0.01729302 -0.01278296 -0.7204523 -1.071836 0.2225761 0.1541285 0.03732563 17.67216 1.711988 1 0.9974133 0.021504711276415685 1.2914658057692778 1.0 0.0
0.06276244 0.02102229 -3.694898 -6.222588 0.5057236 0.3727693 0.09775711 19.01285 1.243284 0 0.0 0.06618958038541792 7.236910435271946 1.0 0.0
0.005101847 0.02652072 -2.421731 -2.864799 1.276465 0.8595728 0.07742178 20.11814 1.581053 0 0.0 0.027006988579436418 3.751247038887468 1.0 0.0
-0.04578417 0.02626813 -3.9263 -1.139434 0.2226544 0.1521674 0.2674057 17.58598 1.331228 1 0.0 0.052784513602815365 4.08829322949761 1.0 0.0
0.01273086 -0.0117463 -1.638188 -1.708873 1.634132 1.170126 0.1422132 20.49378 0.6343651 0 0.0 0.01732196178351632 2.3672572427754868 1.0 0.0
0.04536827 0.03949428 -0.8331803 -4.358292 0.9596806 0.7121281 0.07880129 19.97272 1.420033 1 0.0001643255 0.06015046197255097 4.437217435462465 1.0 0.0
-0.004907454 -0.05147087 6.629633 -7.960344 2.282903 1.767705 0.1468971 20.84818 1.282104 0 0.0 0.05170428960269173 10.359493728605901 1.0 0.0
0.04848095 0.04024683 -3.295732 -6.124066 0.5494413 0.4080439 0.09795309 19.19329 1.246733 1 0.0 0.0630096011568983 6.954569274094551 1.0 0.0
0.04881615 -0.0204431 -6.563691 -1.574503 0.5048542 0.3542543 0.0450948 18.94035 1.487648 1 0.0 0.05292387777206523 6.749896239238793 1.0 0.0
0.03430604 0.03345027 -0.585469 -1.116655 0.4838616 0.3611442 0.1199691 19.01886 1.689642 1 0.9662167 0.047914767489308556 1.2608300198623128 1.0 0.0
0.0541258 -0.03663379 -6.491326 -3.903422 0.2050099 0.1488689 0.1480491 17.55888 1.56008 1 0.0 0.06535776002437736 7.574563786011707 1.0 0.0
0.01169339 0.02920298 0.678904 1.767147 2.271649 1.712748 0.06678662 20.76566 1.019762 0 0.0 0.03145710429414157 1.893071356506405 1.0 0.0
0.002752088 0.02884131 -5.927349 -2.130253 1.274804 0.8401892 0.05981117 20.16115 1.294493 1 0.007772374 0.028972316974585306 6.2985271303543655 1.0 0.0
0.007527904 0.03256183 -0.1308925 1.840791 1.102805 0.7748126 0.1748967 19.71803 1.692411 0 0.0 0.03342068388860581 1.8454387966652404 1.0 0.0
0.05911531 -0.02351569 -2.319378 -7.355375 1.311495 0.9003805 0.0185071 20.16906 2.042414 1 0.0 0.0636208106877946 7.712396235769335 1.0 0.0
-0.005548374 0.04026782 -2.357725 -2.972151 0.5967382 0.388406 -0.02580447 16.86255 1.360481 0 0.0 0.040648269109474715 3.79375127577257 1.0 0.0
-0.03792624 0.03075695 -5.806342 -2.251532 0.5789183 0.3678026 0.2023471 18.95754 1.398743 1 0.0 0.048830212510699765 6.227600161216839 1.0 0.0
-0.01329953 0.03496585 -2.9925 -1.68288 1.465928 1.050771 0.1968843 20.25417 0.7493229 0 0.0 0.03740973355215725 3.433240647609777 1.0 0.0
-0.009606991 -0.003665635 -11.39857 -4.72862 0.9302825 0.6759214 -0.06354827 19.84381 2.089979 0 0.0 0.01028256563447596 12.340471836574968 1.0 0.0
-0.03316571 0.03456446 -2.744215 -4.029428 1.031705 0.6469186 0.2822707 19.78316 1.338734 0 0.0 0.047902674402330606 4.875141636240839 1.0 0.0
-0.04900334 -0.01261069 -3.181489 -9.950711 0.3955125 0.2674855 0.2209068 18.60552 1.822254 1 0.0 0.05059996870978973 10.446938387041536 1.0 0.0
0.04436092 -0.004347368 -3.188481 -2.599852 2.356634 1.681606 0.0854175 20.65236 2.44072 0 0.0 0.04457343190482223 4.114078452006597 1.0 0.0
-0.0079286 -0.003105826 -5.593379 -3.031957 1.34415 0.9782417 -0.003859602 20.36286 1.22777 0 0.0 0.008515213039159735 6.362283543468492 1.0 0.0
-0.008844074 -0.01207573 -2.532677 -1.90227 2.14576 1.656365 0.04939593 20.73763 0.6633263 0 0.0 0.014967995856171794 3.1675043708302915 1.0 0.0
-0.05190277 0.03492476 -3.341848 0.2309689 0.5335075 0.3579173 0.2520268 18.93739 1.821859 1 0.0 0.0625590632501039 3.3498200978367794 1.0 0.0
0.0007532637 0.009055554 -1.206166 -0.6886619 1.231994 0.8648963 0.1192626 20.21717 1.340946 0 0.0 0.009086829174616066 1.388917431695495 1.0 1.0
-0.0003453218 0.00229448 6.261364 1.977142 3.235349 1.902591 -0.1946536 20.72508 0.4777241 0 0.0 0.0023203201537622432 6.566107646746282 1.0 0.0
0.03339025 -0.0204331 -0.1149951 -0.7002868 0.9060259 0.6544685 0.09780737 19.88069 1.543743 1 0.9489009 0.039146141197728544 0.7096657489820472 1.0 0.0
0.007192186 -0.001123195 7.96108 -16.93795 2.764317 2.096684 -0.03284025 20.91955 1.550743 0 0.0 0.007279361679887941 18.7155802733685 1.0 0.0
0.04175188 0.01020173 -0.5681193 -1.229362 0.4702888 0.3462198 0.0837274 18.95376 1.697618 1 0.9691527 0.042980167269652404 1.3542859617069396 1.0 0.0
0.01117457 0.01035266 0.6402625 -2.036197 1.366843 0.9711097 0.0220115 20.36966 0.6148567 1 0.9442955 0.015233140968313134 2.13448689190523 1.0 0.0
-0.01114808 0.007401753 -2.470671 -8.689968 0.4645751 0.3448701 0.1673752 18.80033 1.320534 1 0.0 0.013381540836518378 9.034365447072915 1.0 0.0
0.0278975 0.01122087 -5.879437 5.895202 1.381904 1.0028 -0.06150343 20.30017 2.1467 0 0.0 0.03006955985389377 8.32593454560946 1.0 0.0
