jas1101finalproject/data/gcs/Pyxis.ecsv
# %ECSV 0.9
# ---
# datatype:
# - {name: x, unit: deg, datatype: float64}
# - {name: y, unit: deg, datatype: float64}
# - {name: pmx, unit: mas / yr, datatype: float64}
# - {name: pmy, unit: mas / yr, datatype: float64}
# - {name: pmx_e, unit: mas / yr, datatype: float64}
# - {name: pmy_e, unit: mas / yr, datatype: float64}
# - {name: pm_corr, datatype: float64}
# - {name: g_mag, unit: mag, datatype: float64}
# - {name: bp_rp, unit: mag, datatype: float64}
# - {name: filter, datatype: int64}
# - {name: memberprob, datatype: float64}
# - {name: r, unit: deg, datatype: float64}
# - {name: pm, unit: mas / yr, datatype: float64}
# - {name: member_prob_GMM, datatype: float64}
# - {name: member_prob_DB, datatype: float64}
# meta: !!omap
# - comments: [deg deg mas/yr mas/yr mas/yr mas/yr dimless mag   mag   zeroone float]
# - __serialized_columns__:
#     bp_rp:
#       __class__: astropy.units.quantity.Quantity
#       unit: &id001 !astropy.units.Unit {unit: mag}
#       value: !astropy.table.SerializedColumn {name: bp_rp}
#     g_mag:
#       __class__: astropy.units.quantity.Quantity
#       unit: *id001
#       value: !astropy.table.SerializedColumn {name: g_mag}
#     pm:
#       __class__: astropy.units.quantity.Quantity
#       unit: !astropy.units.Unit {unit: mas / yr}
#       value: !astropy.table.SerializedColumn {name: pm}
#     pmx:
#       __class__: astropy.units.quantity.Quantity
#       unit: !astropy.units.Unit {unit: mas / yr}
#       value: !astropy.table.SerializedColumn {name: pmx}
#     pmx_e:
#       __class__: astropy.units.quantity.Quantity
#       unit: !astropy.units.Unit {unit: mas / yr}
#       value: !astropy.table.SerializedColumn {name: pmx_e}
#     pmy:
#       __class__: astropy.units.quantity.Quantity
#       unit: !astropy.units.Unit {unit: mas / yr}
#       value: !astropy.table.SerializedColumn {name: pmy}
#     pmy_e:
#       __class__: astropy.units.quantity.Quantity
#       unit: !astropy.units.Unit {unit: mas / yr}
#       value: !astropy.table.SerializedColumn {name: pmy_e}
#     r:
#       __class__: astropy.units.quantity.Quantity
#       unit: &id002 !astropy.units.Unit {unit: deg}
#       value: !astropy.table.SerializedColumn {name: r}
#     x:
#       __class__: astropy.units.quantity.Quantity
#       unit: *id002
#       value: !astropy.table.SerializedColumn {name: x}
#     y:
#       __class__: astropy.units.quantity.Quantity
#       unit: *id002
#       value: !astropy.table.SerializedColumn {name: y}
# schema: astropy-2.0
x y pmx pmy pmx_e pmy_e pm_corr g_mag bp_rp filter memberprob r pm member_prob_GMM member_prob_DB
0.03009984 -0.03498364 -3.452108 1.135078 0.3243461 0.3705867 0.2242227 19.00845 1.154137 0 0.0 0.04615035683150456 3.633930614327687 0.0 0.0
0.03516487 -0.03382998 -4.921098 3.939593 0.7527518 1.179845 0.1948459 20.17913 1.360668 1 0.0 0.04879585667776825 6.3037765292920245 0.0 0.0
0.03184759 -0.03766227 0.6059151 2.148682 0.7894922 1.327081 0.1275849 20.22968 1.234278 1 0.4033027 0.04932256654271957 2.2324801108928183 0.0 0.0
0.027147 -0.03939231 -4.030147 4.415205 0.546188 0.6931979 0.07983905 19.49284 1.250265 0 0.0 0.04784050267436683 5.977969557770766 0.0 0.0
0.007303638 -0.03412349 -1.848199 1.110514 0.7291248 0.9744887 0.1229884 19.97789 0.8028469 1 0.00115166 0.03489635651203638 2.15617274071374 0.0 0.0
-0.005479103 0.04840382 -8.098433 3.170728 0.8149697 1.087436 0.180979 20.09072 2.096352 0 0.0 0.0487129383252233 8.697018633156596 0.0 0.0
-0.007248097 -0.0155688 0.8418511 0.02145716 0.3267892 0.4049479 0.231952 18.92308 1.174938 1 0.9844194 0.017173306133689257 0.8421245064041751 0.0 0.0
-0.0366271 -0.005937605 0.453521 0.6241986 1.034251 1.697486 0.2461954 20.5088 0.9807568 1 0.6301971 0.03710525040403346 0.7715602307551628 0.0 0.0
0.02387565 -0.01531283 -10.26729 12.0822 0.2853008 0.32486 0.2343852 18.79305 1.715433 1 0.0 0.028364227920593926 15.855497494058646 0.0 0.0
-0.01659861 -0.03186666 -2.462255 1.640424 2.164683 4.60815 -0.2450412 20.96843 1.723452 1 0.1082288 0.03593045885439956 2.9586636484739186 0.0 0.0
-0.04105145 -0.002548617 -4.841521 -0.2463701 1.029626 1.796747 0.1996339 20.39905 1.560177 0 0.0 0.041130487423749175 4.8477854551965285 0.0 0.0
-0.004901551 -0.04546439 2.297353 2.962851 0.7325088 1.1132 0.07489043 20.10307 1.082762 0 0.0 0.045727846661281796 3.7491754899991014 0.0 0.0
0.02734369 0.0006657591 -4.159598 2.885831 0.5225427 0.6394225 0.09711228 19.61222 1.069981 1 0.0 0.02735179368881194 5.062635290257931 0.0 0.0
0.01721613 -0.02534367 1.058837 0.5287781 0.2845197 0.3441624 0.2020238 18.79706 1.478144 1 0.9769689 0.03063815825479397 1.1835294975659079 0.0 0.0
0.03900253 -0.01080254 -1.009094 3.19656 0.4120673 0.3564804 0.39321 18.61162 1.177641 1 0.0 0.04047088109804999 3.352054076896135 0.0 0.0
0.02312291 0.02578695 -3.406285 1.715433 0.8127251 1.059748 0.1061972 20.06965 1.016491 0 0.0 0.034635758359975316 3.8138547270070475 0.0 0.0
0.04412768 0.007028353 -4.272274 3.482915 0.237178 0.2545487 0.2738212 18.36471 1.016865 1 0.0 0.044683888461894285 5.512079646403978 0.0 0.0
-0.03795756 -0.01788971 -5.007175 3.080275 0.5776213 0.7640201 0.1247554 19.72797 1.081013 0 0.0 0.041962102962526796 5.878766499551586 0.0 0.0
-0.02687404 -0.0310838 -3.268698 1.596722 1.440078 2.876438 0.1204026 20.81408 1.293871 0 0.0 0.04109034738672332 3.6378438339884798 0.0 0.0
0.02493145 0.01814554 1.260934 0.2117854 0.1753305 0.2014331 0.158061 17.90032 1.40823 1 0.9905399 0.030835658270808815 1.2785959518194792 0.0 0.0
-0.0008340702 0.004172603 -3.466194 -0.1925316 0.2484521 0.3098666 0.2300482 18.56273 1.176611 1 0.0 0.00425514851610811 3.4715370173216593 0.0 0.0
-0.02993813 0.03866297 -8.387864 9.815174 1.871165 3.929671 0.3785142 20.55677 1.431608 0 0.0 0.04889904781401985 12.91099930806179 0.0 0.0
-0.01037463 0.01679854 -4.078168 4.766093 0.3586697 0.4398166 0.2379964 19.07018 1.098131 1 0.0 0.019743958411840824 6.272726418462151 0.0 0.0
0.03482858 0.0006436008 -5.758484 4.00228 0.168287 0.1933803 0.1159346 16.77946 0.9839439 0 0.0 0.034834526074085756 7.0127300801225765 0.0 0.0
-0.009378168 0.0177142 1.157509 -0.09401767 0.3202425 0.3953782 0.2195188 18.84462 1.356325 1 0.9843042 0.020043525555057024 1.1613209751628655 0.0 0.0
-0.03377187 -0.006027825 -7.480914 4.833757 1.114508 2.150959 0.245854 20.58627 1.217659 0 0.0 0.034305595425929064 8.906698659461036 0.0 0.0
0.04119297 0.01809264 -0.699561 5.419399 0.6015976 0.7488776 0.1917122 19.68242 1.290043 0 0.0 0.04499115912699405 5.464363742826973 0.0 0.0
-0.02691598 0.01837755 -7.98135 7.42348 0.5253855 0.6917292 0.1571592 19.57856 1.257847 1 0.0 0.032591476237858574 10.900000143711008 0.0 0.0
-0.04192266 0.01280506 3.118598 -0.4691662 1.124244 2.749924 0.01535002 20.53123 1.267298 0 0.0 0.0438346778598771 3.1536915525819005 0.0 0.0
0.02848241 -0.008497566 -4.917911 5.775018 0.3022184 0.3352607 0.2500418 18.78627 1.228121 1 0.0 0.02972299290671207 7.58529376519097 0.0 0.0
-0.0156889 -0.02607194 1.260078 -0.1868509 0.3380061 0.4596514 0.1088228 19.02766 1.192009 1 0.9623435 0.03042840184060937 1.2738562811066287 0.0 0.0
0.02784894 -0.01309785 -6.290254 6.320494 0.5627857 0.5596835 0.1310611 19.50666 1.26082 1 0.0 0.030775268215664668 8.917171064219414 0.0 0.0
-0.03104197 -0.02632466 -3.417402 1.211996 0.5074983 0.649479 0.1471226 19.58172 1.281113 0 0.0 0.040701248452553636 3.6259579056602407 0.0 0.0
-0.03366872 0.007842462 -3.104784 4.66467 0.2626644 0.3204163 0.2680128 18.61934 1.329554 1 0.0 0.03457002916776097 5.6034658824299095 0.0 0.0
-0.03649626 -0.02524754 -4.393173 4.356937 0.6276964 0.8073019 0.1750486 19.79728 1.309711 1 0.0 0.04437809448409429 6.187315171372637 0.0 0.0
-0.02140742 0.007976638 1.204439 0.1523967 0.3605077 0.4640337 0.1939447 19.04747 1.206169 1 0.982332 0.022845226740819274 1.2140420334123074 0.0 0.0
-0.001125384 -0.01718589 -1.540711 1.887133 0.8776394 1.457761 0.1605313 20.24416 1.821003 0 0.0 0.017222697356673138 2.4361981334058194 0.0 0.0
-0.009458613 -0.01919301 -2.332993 4.420488 1.489472 3.039426 0.1955799 20.75326 0.9760895 0 0.0 0.021397125805674672 4.9983567796019726 0.0 0.0
0.01002102 0.03370151 -7.481657 3.428172 0.8537163 1.335577 0.2352569 20.30443 1.545931 1 0.0 0.03515981538803212 8.229675250411344 0.0 0.0
-0.02825635 -0.004804854 -4.240083 2.766984 1.272749 3.276448 0.05159454 20.70344 1.369848 0 0.0 0.028661959759999245 5.063052863949279 0.0 0.0
0.03153364 -0.004298798 -2.440049 3.04442 0.7767236 0.8572507 0.2011807 19.85528 1.049343 0 0.0 0.03182530621839174 3.901580738470114 0.0 0.0
0.01569189 0.004624924 0.5578273 -0.3252963 0.3494012 0.4158433 0.2260101 19.03373 1.107103 1 0.9498248 0.016359258350483862 0.6457468384893418 0.0 0.0
0.01547348 0.006143219 -0.5126159 -0.3532605 0.3804159 0.456062 0.2295924 19.01623 1.244366 0 0.0 0.016648354963550032 0.6225496299838752 0.0 0.0
-0.0243946 0.001132164 -1.62808 -4.089199 1.010228 1.83222 0.2451124 20.44915 1.072441 0 0.0 0.024420857980073016 4.401385344184374 0.0 0.0
0.007432074 0.03679172 -1.908288 0.5268729 1.312261 2.133151 0.2484168 20.65027 1.094427 0 0.0 0.037534868915448154 1.9796863750853089 0.0 0.0
0.0265222 0.01421204 -7.406648 1.682661 2.590894 2.032397 0.799514 20.247 nan 0 0.0 0.03009001784315855 7.59537903180776 0.0 0.0
-0.02699702 0.007082205 0.4309824 -0.4423079 0.9625644 1.645335 0.1398326 20.33237 1.178871 0 0.0 0.027910512652805662 0.617561420032186 0.0 0.0
-0.04620018 -0.007445852 -3.020356 2.528268 0.7764769 1.111915 0.2006201 20.07196 1.164103 0 0.0 0.046796339002514974 3.9388690567928255 0.0 0.0
-0.007995024 0.04001508 -5.495934 -0.7836033 1.194127 2.026165 0.1574706 20.55383 2.145782 0 0.0 0.04080596814397345 5.551515528585585 0.0 0.0
0.04265221 -0.0019773 -2.730433 10.13467 3.016278 3.453315 0.0003440027 20.97267 1.485577 0 0.0 0.04269801790685488 10.496037365424582 0.0 0.0
-0.02910762 -0.002794832 -2.823731 2.70864 1.043803 2.116935 0.1376635 20.45219 1.494322 0 0.0 0.029241488128558438 3.9128234575509535 0.0 0.0
-0.02351404 0.02186151 -0.7432362 2.817284 1.070512 1.814346 0.1750618 20.55859 1.020245 1 0.1269996 0.03210663010348019 2.913672800032021 0.0 0.0
-0.02128599 -0.03473268 -1.946867 0.8755879 1.129801 1.997039 0.09769858 20.60327 1.268703 1 0.02791493 0.04073637723537158 2.134700280206898 0.0 0.0
-0.00141676 -0.02650139 0.892666 0.5258724 0.3574556 0.4673493 0.1675023 19.02622 1.251303 1 0.9663524 0.026539232860610346 1.0360474741235366 0.0 0.0
-0.005876957 0.005042129 -6.356044 3.576441 0.5893395 0.8494804 0.06030427 19.79814 1.502291 0 0.0 0.007743493296470915 7.293162932254908 0.0 0.0
-0.01779739 0.004189581 1.30392 -0.4522215 0.747051 0.9093854 0.2351774 19.7233 1.369534 0 0.0 0.018283863917882923 1.3801129125771738 0.0 0.0
-0.03776302 0.006036171 -3.135627 2.090373 0.296384 0.4123782 0.07073391 18.7136 1.403963 1 0.0 0.038242398458538676 3.7685296817536145 0.0 0.0
0.02365146 0.005805405 -3.46775 3.005343 0.230478 0.2512559 0.289426 18.41673 1.163803 1 0.0 0.02435352720543012 4.588831726065906 0.0 0.0
-0.0004937891 -0.002346712 0.02687226 -0.6091353 0.3416772 0.441284 0.196637 19.03246 1.362253 1 0.5016113 0.002398100266090392 0.609727752413811 1.0 0.0
-0.04126228 0.005259955 -4.788842 5.923758 0.15703 0.2353732 -0.1282591 17.60907 1.079712 1 0.0 0.041596188255661415 7.6173431420363364 0.0 0.0
-0.04481514 -0.007441202 -7.299139 5.320789 0.7734024 1.534203 0.08810904 20.14273 1.439827 0 0.0 0.04542871625331718 9.032620091858288 0.0 0.0
0.01075385 -0.02726889 -4.003907 1.229814 0.192596 0.2321544 0.2447024 18.1501 1.357004 1 0.0 0.029312755784037095 4.188521665127805 0.0 0.0
0.01461982 -0.009542646 -0.8450019 -1.019905 1.557154 2.550037 0.2075118 20.78384 1.254391 0 0.0 0.017458557486622887 1.3244751488905369 0.0 0.0
0.03960142 0.01918449 -5.189392 4.956444 0.6534286 0.8255068 0.125993 19.94683 1.81885 1 0.0 0.04400360351808133 7.176080159446381 0.0 0.0
0.01957845 0.04414809 -2.353092 1.864381 1.013739 1.522918 0.2510407 20.34462 1.438925 0 0.0 0.048294612070608874 3.002158968746492 0.0 0.0
-0.03936614 0.004303479 1.616974 0.1609797 0.3942635 0.5307164 0.07509172 19.18886 1.207712 1 0.9154394 0.039600668049958966 1.6249675013636702 0.0 0.0
-0.02060887 0.02071032 -1.95525 0.5909614 0.8776798 1.681795 0.03667159 20.21141 1.807669 0 0.0 0.029217167507807805 2.0426056738367198 0.0 0.0
0.02659512 -0.02023089 1.936849 0.3559701 0.332401 0.3901566 0.1537813 18.98172 1.193949 1 0.8262188 0.033415405399403734 1.9692888972659675 0.0 0.0
0.03720894 -0.02638848 -7.276234 4.133095 0.3697703 0.3981289 0.2935787 19.03242 1.16651 1 0.0 0.045616412535774885 8.368157234527862 0.0 0.0
0.03506132 0.004675628 -1.027154 2.038813 1.100537 1.966057 0.1721168 20.54981 0.9713821 0 0.0 0.03537170701756962 2.282937534994114 0.0 0.0
-0.03228206 0.004737904 0.5112264 -0.7394328 0.603506 0.7526271 0.1570671 19.74227 1.317642 0 0.0 0.03262788887067038 0.8989512210196947 0.0 0.0
-0.03436175 -0.01800624 -1.339988 -0.1799069 0.9692322 1.515268 0.09150992 20.12278 0.8160343 1 0.09244053 0.03879374359352421 1.3520112177092356 0.0 0.0
0.02142646 0.001430612 -0.05308012 -0.6320973 0.8569726 1.336109 0.2494733 20.26764 1.114309 1 0.7775902 0.021474166778390823 0.6343220757679054 0.0 0.0
0.02071975 0.03856307 -5.314942 4.573575 0.4295113 0.4678253 0.2229357 19.1922 1.597433 1 0.0 0.04377691638166626 7.011861146941588 0.0 0.0
0.02916771 0.03572596 -5.012189 3.475101 0.2023989 0.2301446 0.2313894 18.1207 1.07309 1 0.0 0.04612048920561988 6.099046280519767 0.0 0.0
-0.008383929 0.03890496 -1.86908 1.052517 0.2438464 0.3142243 0.2729184 18.49318 1.440704 1 0.0 0.03979806751688631 2.1450529321415357 0.0 0.0
-0.01951368 0.0155951 -1.430245 6.733203 1.330357 2.406358 0.03692341 20.72263 1.273468 0 0.0 0.024979808869412912 6.883431077539311 0.0 0.0
-0.03464934 -0.0001688472 -2.798547 3.076245 0.9322009 1.565012 0.01248945 20.11378 1.310665 0 0.0 0.03464975139611463 4.158743633747337 0.0 0.0
-0.04614036 0.0139432 -3.927176 1.731046 0.8120479 1.30786 0.1447987 20.19459 1.299126 0 0.0 0.048201095912537094 4.29176322612187 0.0 0.0
0.03618646 -0.03092748 -5.262031 3.034644 0.3138915 0.3792783 0.1315833 18.91174 1.173243 1 0.0 0.04760219434524001 6.0743752313877515 0.0 0.0
0.0466102 -0.006889159 -3.452564 2.196007 0.7898182 1.264833 0.1044197 20.18022 1.259481 1 0.0 0.04711657092538973 4.091777721008926 0.0 0.0
0.03967275 -0.00695004 1.472984 1.213581 0.503154 0.580836 0.1562571 19.51334 1.335472 1 0.8390755 0.040276918310169905 1.9085231745559184 0.0 0.0
0.03594439 -0.02916878 -2.427254 2.41304 0.2418385 0.2816386 0.1852532 18.5274 1.084984 1 0.0 0.0462905703049822 3.4226194679099224 0.0 0.0
-0.04509464 0.01299778 -4.632051 0.3688903 1.116504 1.980504 0.1898352 20.54897 1.191359 0 0.0 0.046930468159373816 4.646716746266668 0.0 0.0
0.01612383 -0.02116634 -3.888099 2.937603 0.6071533 0.6987132 0.1546373 19.65328 1.488091 1 0.0 0.02660811610889617 4.8730714359026175 0.0 0.0
0.003490628 -0.02153853 -3.320804 6.200412 0.3923031 0.5791174 0.03403929 18.92594 1.556049 0 0.0 0.02181954991275677 7.033693778958535 0.0 0.0
-0.01625601 0.01275011 -3.7016 3.45721 0.3731631 0.4791492 0.2382178 19.05625 nan 0 0.0 0.020659699081356436 5.064991958937348 0.0 0.0
0.009394045 -0.02263004 0.2508717 -0.5913393 0.3326169 0.4522099 0.09775469 18.98619 1.257589 1 0.5562309 0.024502383391491227 0.642354090502567 0.0 0.0
-0.01142125 0.02620925 0.7931294 1.890545 0.7321864 0.9576654 0.1706892 19.91672 2.219584 0 0.0 0.028589678856625864 2.0501742955586386 0.0 0.0
0.000660134 -0.04315253 -5.547141 4.449845 0.1573248 0.3874213 0.08707808 17.36073 nan 0 0.0 0.04315757896706969 7.111391832679873 0.0 0.0
-0.04461978 0.011476 -7.997493 6.971097 1.049999 1.768705 0.1404234 20.24294 2.342178 0 0.0 0.04607193661274073 10.609245386381541 0.0 0.0
-0.01967412 -0.02162876 0.04312857 -17.10199 0.6777772 0.9055708 0.1329012 19.82539 1.188877 0 0.0 0.02923823279392925 17.102044381700402 0.0 0.0
-0.003239577 -0.006653573 -4.728143 2.534189 0.09933607 0.1218505 0.1697483 16.92942 0.9940453 1 0.0 0.007400330587565532 5.36446177320428 0.0 0.0
0.03811516 0.01225395 0.395283 2.836698 0.5683326 0.669191 0.1573345 19.76186 1.716576 1 0.005856739 0.04003654221368399 2.8641061770285337 0.0 0.0
0.04756898 0.01073796 -2.195127 0.3019 0.5343636 0.6022387 0.1652537 19.61993 1.434986 1 0.0 0.0487658860598472 2.215790187749959 0.0 0.0
0.006843911 -0.01440528 0.8401095 0.7564633 0.3338979 0.4398607 0.1400338 19.003 1.20314 1 0.9695854 0.015948392071124945 1.1304957745330761 0.0 0.0
-0.007701069 0.01861084 -3.182625 3.210952 0.5324861 0.7022713 0.1659775 19.63528 1.309675 1 0.0 0.020141246963590934 4.520986024854423 0.0 0.0
-0.01207446 0.006468089 2.152251 -1.643057 1.271462 2.298523 0.1591192 20.65885 0.9225235 0 0.0 0.013697764766688067 2.7077334935790858 0.0 0.0
-0.01419848 -0.006952386 1.283957 -0.0002489935 0.3632992 0.4442146 0.224246 19.07505 1.133669 1 0.9857693 0.015809253790214008 1.2839570241432394 0.0 0.0
-0.01031523 0.02679306 -4.165983 -0.04732884 1.453209 2.175913 0.3692926 20.75153 1.188316 0 0.0 0.028710138176548366 4.166251837729537 0.0 0.0
-0.02617717 -0.009271114 -5.5042 3.975924 1.377849 2.624808 0.03350298 20.61322 1.69702 0 0.0 0.027770448034014433 6.790006575385329 0.0 0.0
0.002472599 0.04988026 -10.23048 4.935446 0.6431573 0.7421851 0.1009414 19.6293 1.708448 0 0.0 0.049941506620069055 11.358756456994579 0.0 0.0
0.02026875 -0.01112324 -1.989623 0.7674287 0.6860455 1.050497 0.06702034 20.00936 1.196514 1 0.0008606487 0.023120309138506344 2.1324977120064372 0.0 0.0
-0.03636424 0.003252129 -2.523815 1.801408 0.6533735 0.8761461 0.09438942 19.90785 1.105513 1 0.0 0.036509372684425036 3.1007600579033845 0.0 0.0
0.01125046 0.04489747 -5.416541 4.951723 0.4423575 0.4889037 0.1679618 19.27779 1.419161 1 0.0 0.046285588065968226 7.338833495413968 0.0 0.0
0.001474781 0.00880745 -4.248981 2.962053 0.8645153 1.451955 0.1837632 20.31611 1.216116 0 0.0 0.008930070240511045 5.1795364187512 0.0 1.0
-0.01056308 -0.02611301 0.731639 -1.651498 0.7569955 1.10792 0.1353913 20.1025 1.275524 0 0.0 0.028168563157294695 1.8063059736171498 0.0 0.0
-0.001065021 0.009444511 0.4416105 -0.3170806 0.3816592 0.5231113 0.1012632 19.13284 1.246426 1 0.9377872 0.009504370455719936 0.5436542472993382 0.0 0.0
-0.008284379 0.01800043 -4.037257 -0.7564861 0.9314248 1.325151 0.112367 20.19316 0.9241314 1 4.129322e-05 0.019815307608022165 4.107519361310694 0.0 0.0
-0.02038037 -0.01529273 1.700407 -5.562822 0.9791259 2.501028 -0.2900311 20.37569 0.8514996 1 0.7702621 0.02547993469751836 5.81690403645556 0.0 0.0
