jas1101finalproject/data/gcs/Pyxis.ecsv
# %ECSV 0.9
# ---
# datatype:
# - {name: x, unit: deg, datatype: float64}
# - {name: y, unit: deg, datatype: float64}
# - {name: pmx, unit: mas / yr, datatype: float64}
# - {name: pmy, unit: mas / yr, datatype: float64}
# - {name: pmx_e, unit: mas / yr, datatype: float64}
# - {name: pmy_e, unit: mas / yr, datatype: float64}
# - {name: pm_corr, datatype: float64}
# - {name: g_mag, unit: mag, datatype: float64}
# - {name: bp_rp, unit: mag, datatype: float64}
# - {name: filter, datatype: int64}
# - {name: memberprob, datatype: float64}
# - {name: r, unit: deg, datatype: float64}
# - {name: pm, unit: mas / yr, datatype: float64}
# - {name: member_prob_GMM, datatype: float64}
# - {name: member_prob_DB, datatype: float64}
# meta: !!omap
# - comments: [deg deg mas/yr mas/yr mas/yr mas/yr dimless mag   mag   zeroone float]
# - __serialized_columns__:
#     bp_rp:
#       __class__: astropy.units.quantity.Quantity
#       unit: &id001 !astropy.units.Unit {unit: mag}
#       value: !astropy.table.SerializedColumn {name: bp_rp}
#     g_mag:
#       __class__: astropy.units.quantity.Quantity
#       unit: *id001
#       value: !astropy.table.SerializedColumn {name: g_mag}
#     pm:
#       __class__: astropy.units.quantity.Quantity
#       unit: !astropy.units.Unit {unit: mas / yr}
#       value: !astropy.table.SerializedColumn {name: pm}
#     pmx:
#       __class__: astropy.units.quantity.Quantity
#       unit: !astropy.units.Unit {unit: mas / yr}
#       value: !astropy.table.SerializedColumn {name: pmx}
#     pmx_e:
#       __class__: astropy.units.quantity.Quantity
#       unit: !astropy.units.Unit {unit: mas / yr}
#       value: !astropy.table.SerializedColumn {name: pmx_e}
#     pmy:
#       __class__: astropy.units.quantity.Quantity
#       unit: !astropy.units.Unit {unit: mas / yr}
#       value: !astropy.table.SerializedColumn {name: pmy}
#     pmy_e:
#       __class__: astropy.units.quantity.Quantity
#       unit: !astropy.units.Unit {unit: mas / yr}
#       value: !astropy.table.SerializedColumn {name: pmy_e}
#     r:
#       __class__: astropy.units.quantity.Quantity
#       unit: &id002 !astropy.units.Unit {unit: deg}
#       value: !astropy.table.SerializedColumn {name: r}
#     x:
#       __class__: astropy.units.quantity.Quantity
#       unit: *id002
#       value: !astropy.table.SerializedColumn {name: x}
#     y:
#       __class__: astropy.units.quantity.Quantity
#       unit: *id002
#       value: !astropy.table.SerializedColumn {name: y}
# schema: astropy-2.0
x y pmx pmy pmx_e pmy_e pm_corr g_mag bp_rp filter memberprob r pm member_prob_GMM member_prob_DB
[from data line 445]
0.03359586 0.01560922 -4.191071 -0.2908194 1.503009 2.257075 0.1176039 20.77959 0.8951359 0 0.0 0.03704496670464153 4.201148896487407 0.0 0.0
0.02590483 -0.01408898 -2.689043 4.128627 0.3481606 0.4096761 0.1343057 19.00841 1.28788 1 0.0 0.029488295555513206 4.927120169122933 0.0 0.0
-0.02566258 -0.02195099 -7.360334 10.10867 1.17916 1.907149 0.2743298 20.60145 1.608484 0 0.0 0.03377001590518577 12.504388260145156 0.0 0.0
-0.01685328 0.02073414 -4.907764 7.406273 0.6318705 0.8353113 0.05826183 19.72705 1.519226 1 0.0 0.026719610930887448 8.884763768960038 0.0 0.0
0.03110894 0.02650125 -4.574876 4.693076 0.05256695 0.05705994 0.2280837 15.79314 1.374989 1 0.0 0.04086664164677715 6.553964659437217 0.0 0.0
0.003865993 -0.04489975 2.528308 -0.08150241 0.6834957 1.011692 0.154275 19.8678 1.258072 0 0.0 0.04506587902103485 2.5296213127066682 0.0 0.0
-0.01944165 0.0190169 -4.049861 6.359036 0.2998456 0.3911896 0.1649213 18.81474 1.308001 1 0.0 0.0271959600002004 7.539145373888011 0.0 0.0
0.03057854 -0.02255173 2.703211 -1.138935 0.8089145 0.92158 0.05306774 20.04152 1.380287 1 0.5576656 0.037995100138366524 2.9333466628999036 0.0 0.0
0.04361154 -0.02394288 -1.55501 -3.043128 0.7541399 1.367335 -0.05629353 19.41895 nan 0 0.0 0.04975166252363834 3.417408978229559 0.0 0.0
-0.003213475 -0.04890134 -0.9942721 -1.360313 1.823303 2.317182 0.517965 20.51112 nan 0 0.0 0.04900681049988078 1.6849416805359794 0.0 0.0
0.008375389 -0.007359687 -14.52659 3.871932 1.677099 2.886789 0.007101092 20.83251 1.346844 0 0.0 0.011149535131084616 15.033751176626676 0.0 0.0
0.004902343 0.01904214 -3.997099 5.572001 1.115717 1.759086 0.3443752 20.54249 1.044218 0 0.0 0.019663063410090734 6.85740443315122 0.0 0.0
0.01315601 0.02629289 1.31775 -0.3419624 0.4279099 0.4674871 0.2272942 19.23619 1.483625 1 0.9380892 0.029400623525228167 1.3613975707021664 0.0 0.0
-0.04436902 0.01902544 -3.006202 1.322864 0.4055892 0.5175899 0.1639793 19.24061 1.224995 1 0.0 0.048276053100414086 3.2843902976503876 0.0 0.0
-0.04696202 0.006320922 -4.415104 3.872362 0.9510037 0.9467837 0.1940722 19.60569 1.590366 0 0.0 0.04738549754313533 5.87267662909001 0.0 0.0
-0.03962978 -0.002715703 -1.218124 -0.3517075 0.748243 1.077894 0.1053502 20.06304 1.315691 0 0.0 0.039722720269797854 1.267881794542476 0.0 0.0
