jas1101finalproject/data/gcs/Pyxis.ecsv
# %ECSV 0.9
# ---
# datatype:
# - {name: x, unit: deg, datatype: float64}
# - {name: y, unit: deg, datatype: float64}
# - {name: pmx, unit: mas / yr, datatype: float64}
# - {name: pmy, unit: mas / yr, datatype: float64}
# - {name: pmx_e, unit: mas / yr, datatype: float64}
# - {name: pmy_e, unit: mas / yr, datatype: float64}
# - {name: pm_corr, datatype: float64}
# - {name: g_mag, unit: mag, datatype: float64}
# - {name: bp_rp, unit: mag, datatype: float64}
# - {name: filter, datatype: int64}
# - {name: memberprob, datatype: float64}
# - {name: r, unit: deg, datatype: float64}
# - {name: pm, unit: mas / yr, datatype: float64}
# - {name: member_prob_GMM, datatype: float64}
# - {name: member_prob_DB, datatype: float64}
# meta: !!omap
# - comments: [deg deg mas/yr mas/yr mas/yr mas/yr dimless mag   mag   zeroone float]
# - __serialized_columns__:
#     bp_rp:
#       __class__: astropy.units.quantity.Quantity
#       unit: &id001 !astropy.units.Unit {unit: mag}
#       value: !astropy.table.SerializedColumn {name: bp_rp}
#     g_mag:
#       __class__: astropy.units.quantity.Quantity
#       unit: *id001
#       value: !astropy.table.SerializedColumn {name: g_mag}
#     pm:
#       __class__: astropy.units.quantity.Quantity
#       unit: !astropy.units.Unit {unit: mas / yr}
#       value: !astropy.table.SerializedColumn {name: pm}
#     pmx:
#       __class__: astropy.units.quantity.Quantity
#       unit: !astropy.units.Unit {unit: mas / yr}
#       value: !astropy.table.SerializedColumn {name: pmx}
#     pmx_e:
#       __class__: astropy.units.quantity.Quantity
#       unit: !astropy.units.Unit {unit: mas / yr}
#       value: !astropy.table.SerializedColumn {name: pmx_e}
#     pmy:
#       __class__: astropy.units.quantity.Quantity
#       unit: !astropy.units.Unit {unit: mas / yr}
#       value: !astropy.table.SerializedColumn {name: pmy}
#     pmy_e:
#       __class__: astropy.units.quantity.Quantity
#       unit: !astropy.units.Unit {unit: mas / yr}
#       value: !astropy.table.SerializedColumn {name: pmy_e}
#     r:
#       __class__: astropy.units.quantity.Quantity
#       unit: &id002 !astropy.units.Unit {unit: deg}
#       value: !astropy.table.SerializedColumn {name: r}
#     x:
#       __class__: astropy.units.quantity.Quantity
#       unit: *id002
#       value: !astropy.table.SerializedColumn {name: x}
#     y:
#       __class__: astropy.units.quantity.Quantity
#       unit: *id002
#       value: !astropy.table.SerializedColumn {name: y}
# schema: astropy-2.0
x y pmx pmy pmx_e pmy_e pm_corr g_mag bp_rp filter memberprob r pm member_prob_GMM member_prob_DB
[from data line 222]
0.01278708 0.000990066 1.300681 0.5765858 0.3239739 0.3830135 0.201558 18.88506 1.252394 1 0.9895068 0.012825351675909553 1.422751646817757 0.0 0.0
0.004440418 0.01764217 -3.335562 1.685922 0.5518471 0.6904082 0.1199179 19.65631 0.9340076 0 0.0 0.01819240155459482 3.7374198113040498 0.0 0.0
0.0163316 -0.01528793 0.5831017 0.001039916 0.3644686 0.4792643 0.1235542 19.04757 1.202457 1 0.9484624 0.02237056016833061 0.5831026273034422 0.0 0.0
-0.02697072 0.0015242 -6.672424 3.546914 0.586836 0.7482545 0.187374 19.67627 1.88604 1 0.0 0.027013754329200525 7.55657600763547 0.0 0.0
-0.03043215 -0.03252711 -5.381369 5.658035 0.3187273 0.3986965 0.1433824 18.89389 1.602715 1 0.0 0.04454355888986195 7.808488482119059 0.0 0.0
0.02320063 0.001864962 -8.018545 -1.870616 2.411376 5.062925 0.06637277 20.93005 1.386427 0 0.0 0.023275465960069283 8.23384892601759 0.0 0.0
0.01828774 -0.01416686 -3.480015 2.220497 0.615776 0.7864065 0.08407367 19.7617 1.240543 0 0.0 0.023133122499290927 4.128088095866414 0.0 0.0
0.04168096 0.02142641 -2.408177 2.044786 0.1923753 0.2208053 0.2428379 18.1394 1.065666 1 0.0 0.04686569611143848 3.1591875932152242 0.0 0.0
-0.004989584 0.0003157835 1.270314 -0.04908306 0.2519638 0.316133 0.2101598 18.58142 1.463297 1 0.9923945 0.004999566752422479 1.2712618948804228 0.0 0.0
0.01504867 0.00866482 2.29776 -3.322298 0.4829739 0.5275432 0.2242298 18.65576 1.165575 0 0.0 0.01736495247333836 4.039475834610723 0.0 0.0
0.03752492 -0.001646511 -2.394974 1.438487 0.3703424 0.4210466 0.1758816 19.07477 1.09655 1 0.0 0.03756102527194274 2.793769015120076 0.0 0.0
0.005607284 0.01934726 -0.05674737 -6.63096 1.894448 3.233525 0.17375 20.65051 2.00943 0 0.0 0.02014343822102513 6.631202815900138 0.0 0.0
-0.005060186 -0.03397453 0.9198526 -0.3188196 0.3031389 0.366228 0.2499639 18.76937 1.388866 1 0.9408959 0.03434929651500153 0.9735372325036779 0.0 0.0
0.002749246 -0.03252864 1.04717 -0.6801801 0.4972931 0.6604018 0.2044705 19.4968 1.180674 1 0.8899931 0.03264461324350643 1.248683297452164 0.0 0.0
-0.005971227 -0.03209395 -3.380828 1.915102 0.2366467 0.2878701 0.2265405 18.47551 1.014099 1 0.0 0.032644711340246664 3.885564776964605 0.0 0.0
0.0284523 0.04055564 -2.575549 -2.961187 0.8031396 0.933906 0.2027935 20.08561 2.501362 0 0.0 0.04954082469135531 3.9245485218519085 0.0 0.0
-0.0003724776 0.03650979 1.348337 0.7746424 0.6696134 0.8013407 0.1750958 19.84157 1.357374 1 0.8896455 0.03651168998288907 1.5550188144992843 0.0 0.0
0.006676233 0.01271342 -0.7347549 4.712892 1.318673 2.073235 0.2448072 20.55696 0.9435635 0 0.0 0.014359774899582827 4.769823452365717 0.0 0.0
-0.00528 -0.01685037 1.202496 -1.894182 0.9235613 1.716022 0.09832159 20.05957 nan 0 0.0 0.017658237996382876 2.2436403631464645 0.0 0.0
-0.008444272 0.03495293 -4.868688 3.938583 1.207737 1.931396 0.2879222 20.63281 1.579985 0 0.0 0.035958490585602784 6.262312583162309 0.0 0.0
0.0123062 0.0326178 -7.568328 6.228561 1.655403 2.562895 0.1996774 20.7921 1.233141 0 0.0 0.03486206298083922 9.801763149877935 0.0 0.0
-0.02090706 0.0003016069 -2.604859 2.882598 0.350291 0.4517972 0.2003302 18.91253 1.015993 1 0.0 0.02090923538931368 3.885184891287029 0.0 0.0
-0.02351804 0.03469415 -1.9117 1.512944 0.2582201 0.3384749 0.2306344 18.59595 1.199585 1 0.0 0.04191398632514092 2.437949227760086 0.0 0.0
-0.01592782 0.01243737 -2.503577 2.459397 0.1699543 0.2390617 -0.0347689 17.66639 0.9594307 0 0.0 0.020208503716735188 3.509491615396452 0.0 0.0
0.00475445 -0.01344763 1.204734 0.07261794 0.3297356 0.4468595 0.09872544 18.92591 1.351812 1 0.9891417 0.014263363818517706 1.2069206170937024 0.0 0.0
0.0099233 0.03008519 1.068762 -5.19398 1.588957 3.851513 -0.04034561 20.78185 1.26515 0 0.0 0.03167949715866873 5.3027993034852825 0.0 0.0
-0.005545327 -0.04305354 -2.662794 1.769501 0.240228 0.313685 0.1952235 18.57994 1.07221 1 0.0 0.04340919209186608 3.1971245949191593 0.0 0.0
0.001511094 0.001647263 -4.262888 4.266748 0.2416527 0.2897565 0.2421855 18.47493 1.116198 1 0.0 0.0022353703201047023 6.031364074241249 0.0 0.0
-0.002594383 -0.04335856 1.253234 -0.1464885 0.3040693 0.4116285 0.1724467 18.94462 1.13204 1 0.9314554 0.043436108808505035 1.261766356893482 0.0 0.0
-0.01642188 -0.006838397 -3.867784 3.765016 0.1596648 0.2566681 -0.08239729 17.71709 1.012724 1 0.0 0.0177888115472622 5.397693817818125 0.0 0.0
0.005191673 -0.01524438 -5.269385 4.350453 0.1063184 0.1321215 0.125432 17.05508 0.9309769 1 0.0 0.016104179275061768 6.833217366909529 0.0 0.0
0.006624886 -0.01843739 0.6609 0.8208931 0.5316725 0.8069291 -0.03047419 19.62468 1.372032 1 0.9293087 0.01959148959433907 1.0538758426055748 0.0 0.0
-0.006000559 0.03128724 -2.803622 4.590992 1.822119 2.557741 0.3989169 20.71151 1.115498 1 0.004768456 0.03185746529669429 5.379359056890328 0.0 0.0
0.01264092 -0.001066031 0.8271203 0.1082494 0.07185005 0.08763232 0.1574681 16.29945 1.780612 1 0.9544669 0.012685790497220148 0.8341737968028305 0.0 0.0
0.03454083 0.03565884 -2.612475 1.177052 0.6730502 0.7995116 0.2275882 19.97627 1.252665 1 0.0 0.04964495752072409 2.8653929985830913 0.0 0.0
-0.0004813766 -0.04337759 -0.7254058 -2.359493 1.079856 2.270894 0.1123711 20.62533 1.299824 0 0.0 0.0433802609217502 2.4684855259293377 0.0 0.0
-0.01116654 0.02991336 -3.50668 4.192438 0.6624687 0.9123339 0.0978078 19.92632 1.186941 0 0.0 0.031929621389255466 5.465651013945548 0.0 0.0
-0.01065106 -0.005197041 1.137521 0.5054855 0.2561916 0.3428022 0.2752548 18.45238 1.337223 1 0.9932766 0.011851342298629343 1.2447769342943538 0.0 0.0
-0.02473258 -0.04272552 -4.027408 2.214921 0.3883604 0.5446414 0.08229599 19.28862 1.928617 1 0.0 0.04936770779291662 4.596290921461021 0.0 0.0
-0.008123489 -0.008866465 -2.321922 2.559055 0.2051269 0.2439081 0.2561486 18.20571 1.095526 1 0.0 0.012025193351017106 3.4554427020439795 0.0 0.0
-0.01272617 -0.02010138 -13.92758 1.361945 1.054561 1.794588 0.1873661 20.45782 1.777985 0 0.0 0.023791193344876588 13.99401224950961 0.0 0.0
-0.02968466 0.01237981 -3.849017 1.268403 0.8453583 1.122853 0.1037458 19.0186 1.249195 0 0.0 0.03216269166210596 4.0526260667248835 0.0 0.0
-0.006401214 0.0255766 -4.013669 2.620172 0.4021229 0.568075 0.1318011 19.22748 0.9697361 1 0.0 0.026365469998348146 4.793207709993903 0.0 0.0
0.04071188 0.02746561 -2.542275 2.07723 0.8059652 1.307981 0.1414635 20.19557 1.506132 0 0.0 0.049110252552868223 3.2829935498756315 0.0 0.0
-0.01493708 -0.01970125 2.043486 -0.2652674 0.6316788 0.8182843 0.1140422 19.71961 1.239378 1 0.9098989 0.02472358409472421 2.0606314143239595 0.0 0.0
-0.01160452 0.03233562 0.6444421 -1.195094 0.9849677 1.814156 0.1144106 20.36458 1.093136 0 0.0 0.03435487163729185 1.357775861137769 0.0 0.0
-0.02770852 -0.007761041 -4.43196 3.631335 0.1918681 0.2512506 0.06726413 18.04781 1.01816 1 0.0 0.028774916819933313 5.729647748668761 0.0 0.0
-0.04080075 0.005679823 -6.725612 5.419081 0.3093393 0.3834808 0.1595881 18.77336 1.236332 1 0.0 0.04119419364271898 8.63714626824769 0.0 0.0
-0.0349555 0.004984668 -3.047817 1.056523 0.7365162 1.038126 0.1061685 20.02639 2.117428 0 0.0 0.035309119152426106 3.2257447690445074 0.0 0.0
0.02002665 -0.00782346 -3.047917 4.165969 0.4122051 0.5047139 0.1569105 19.13881 1.331038 1 0.0 0.02150054037911838 5.1618887771677135 0.0 0.0
-0.02904225 -0.0147844 1.126469 0.260514 0.05994334 0.07360049 0.1416431 15.20687 2.520488 1 0.9984561 0.03258881354732786 1.156200653933823 0.0 0.0
-0.03196083 -0.007751279 -5.417122 6.186699 0.404184 0.5546842 0.1349713 19.18837 1.416515 1 0.0 0.03288733769134773 8.223165769913981 0.0 0.0
0.002724983 -0.031739 -2.419466 -0.1772266 0.4167031 0.557531 0.1300613 19.28974 1.342413 1 0.0 0.03185576326742602 2.4259482667409786 0.0 0.0
-0.01600388 -0.02997444 1.508823 0.9886439 0.7074512 0.9965653 0.1392259 19.94369 1.227732 0 0.0 0.03397927645445088 1.803874609371785 0.0 0.0
0.003673469 -0.008549497 -6.282423 5.979303 0.6585936 0.8393793 0.221981 19.85168 1.748741 0 0.0 0.00930528201866929 8.672998507825191 0.0 0.0
-0.005790631 -0.01143736 0.8775267 1.462639 0.7627058 1.491698 0.1174532 20.0933 1.172113 0 0.0 0.012819696219012407 1.7056863584885382 0.0 0.0
0.01143111 0.03350676 -7.848141 3.341574 1.435813 3.550684 0.03569916 20.67985 1.320753 0 0.0 0.03540301175789568 8.529914064828379 0.0 0.0
-0.009212002 -0.04911164 -8.02988 4.649013 0.5452074 0.73481 0.08675289 19.68067 1.415556 1 0.0 0.04996813148735506 9.278593357215792 0.0 0.0
-0.04642038 -0.004996951 -2.081122 3.260499 0.06713681 0.07350542 0.2154165 15.95184 1.668858 1 0.0 0.04668855532826863 3.8680644394690478 0.0 0.0
-0.01018442 -0.04176848 -4.260528 1.980937 0.1119103 0.1517029 0.1709338 15.45233 0.8958321 0 0.0 0.0429921892004443 4.698532774893988 0.0 0.0
-0.03271816 -0.02637114 -2.824885 10.56107 2.117907 2.979122 0.2027824 20.79517 0.9036236 1 0.001035816 0.04202279165744704 10.932345348008589 0.0 0.0
0.02409739 -0.005715123 -3.556441 -0.409879 1.279693 2.355366 -0.04190444 20.6474 1.510885 1 0.007759062 0.02476584009714245 3.579982315755484 0.0 0.0
-0.03437278 0.03289708 -1.50838 3.59595 0.5023018 0.6596958 0.158781 19.52157 1.798073 1 0.0 0.04757841818991884 3.899495688791052 0.0 0.0
-0.02398054 -0.001785947 -3.626749 3.896717 0.1053178 0.1341854 0.215299 17.01881 0.9389782 1 0.0 0.024046952101636685 5.323317733058022 0.0 0.0
-0.02097478 0.02534889 -2.827715 2.044656 0.7466006 1.212071 0.182508 20.06257 1.021605 0 0.0 0.032901483557440075 3.4894971384944564 0.0 0.0
0.006956894 0.02516456 -2.201641 2.160464 0.2739479 0.3207372 0.3435122 18.64262 1.204607 1 0.0 0.02610849390755499 3.084611448493473 0.0 0.0
-0.03813713 0.02494544 -3.551223 1.640577 0.2152783 0.2520704 0.2571134 18.23077 1.186661 1 0.0 0.045570995835405 3.9118637103889493 0.0 0.0
0.03224407 -0.01930612 -0.1001423 3.164972 1.683388 4.280626 0.02198489 20.89314 1.035452 0 0.0 0.03758199462002117 3.166555895769612 0.0 0.0
0.002689254 -0.0119102 -2.932063 2.509261 0.1553346 0.2247655 -0.01660865 17.65481 1.08675 1 0.0 0.01221003485320644 3.8591947608393644 0.0 0.0
-0.007435134 0.03330127 -1.298788 3.32233 0.3783463 0.4534299 0.1951543 17.01179 1.236994 0 0.0 0.03412119284566201 3.5671735166436744 0.0 0.0
-0.02408861 0.03226019 -3.283055 0.498291 0.2615686 0.3396197 0.2523564 18.59754 1.0268 1 0.0 0.040261408203988595 3.3206541605090405 0.0 0.0
-0.03530035 -0.01113259 -4.943963 3.20876 0.3350823 0.4275536 0.26332 18.84749 1.154333 1 0.0 0.037014176611544394 5.8939724195969045 0.0 0.0
0.03720923 0.02345436 -4.984839 3.760922 0.2019622 0.2172078 0.2683621 18.15419 1.192663 1 0.0 0.043984472262407565 6.244449867362617 0.0 0.0
-0.04298482 0.02136846 -3.316928 -1.104152 0.6888258 0.8996127 0.1232971 19.83139 1.363354 0 0.0 0.04800318565682907 3.49587800077291 0.0 0.0
-0.04785708 -0.0002485502 -3.608862 4.601107 0.3125824 0.3813795 0.2219411 18.87434 1.111248 1 0.0 0.0478577254299483 5.847569628528847 0.0 0.0
-0.01418284 -0.02550326 -5.143571 2.469613 0.5257517 0.7742175 0.06280342 19.66486 1.174063 1 0.0 0.029181658984595103 5.705726159027438 0.0 0.0
0.01961538 -0.0008538995 -4.537467 3.138565 0.2763821 0.307661 0.2315436 18.66391 1.260876 1 0.0 0.01963395723995803 5.5171729205557805 0.0 0.0
-0.0261886 0.02367261 -1.887299 7.48236 0.304868 0.3624143 0.2260119 15.27346 1.263082 0 0.0 0.03530205708131043 7.71670970589156 0.0 0.0
-0.02762686 0.001474372 1.367712 0.02099924 0.3590246 0.4354224 0.2662192 19.04739 1.194136 1 0.9712861 0.027666173682928834 1.367873196983031 0.0 0.0
-0.001174067 -0.0113227 0.883789 0.4274238 0.3823163 0.515368 0.1004619 19.17487 1.34873 1 0.9834651 0.011383407600999316 0.9817199709323633 0.0 0.0
-8.066943e-05 -0.01048727 -4.098014 3.218991 0.6814483 1.007452 -0.03482079 19.88178 1.262381 1 0.0 0.010487580255227443 5.211105621869221 0.0 1.0
0.02830308 -0.03308322 -0.161043 -6.052719 0.4479906 0.5640151 0.1126006 19.30963 1.832603 0 0.0 0.04353807279904337 6.054861033980053 0.0 0.0
0.0198413 0.02655846 -1.280334 0.1599333 0.8872122 1.497375 0.1929243 20.30028 0.8847694 0 0.0 0.03315160604347246 1.2902843919093536 0.0 0.0
-0.04610085 -0.01092861 -2.790528 2.516888 0.3340221 0.4100155 0.2059754 18.96199 0.9801311 1 0.0 0.047378506595866864 3.7578945865109095 0.0 0.0
0.005681956 0.04259402 -2.123672 3.283146 0.5809983 0.7079456 0.144078 19.74539 1.301878 1 0.0 0.04297132955525505 3.910118977844536 0.0 0.0
0.004099113 -0.0008590897 2.786492 -2.950188 0.9154717 1.737207 0.07012626 20.30611 1.06389 0 0.0 0.004188169349419277 4.058096462802233 0.0 0.0
0.03904559 -0.02148753 -2.445603 6.745846 1.327926 1.91919 0.2745091 20.61319 1.44854 0 0.0 0.04456761205123065 7.17547296624585 0.0 0.0
0.001048811 -0.03761741 2.080881 -0.6787343 0.4046612 0.4646181 0.2219466 18.94236 1.262241 1 0.1845132 0.037632028109335545 2.1887772810766952 0.0 0.0
-0.01534831 0.03123251 -5.060968 3.632662 0.5662589 0.5606431 0.1496965 19.13914 1.231274 0 0.0 0.034800004321209506 6.229737579005073 0.0 0.0
-0.01644069 0.02369825 -5.884999 5.036578 0.9187278 1.497874 0.2077006 20.2457 1.284777 0 0.0 0.028842734626567574 7.745988069967898 0.0 0.0
0.01593293 -0.004805058 -3.271064 3.513003 0.1615965 0.2433399 -0.1021367 17.45595 0.9338684 1 0.0 0.016641719886125474 4.800109349807044 0.0 0.0
-0.008198265 0.008440808 -1.639491 0.2531896 0.3432418 0.3603454 0.3681797 18.50497 1.3606 1 0.0 0.011766851265444337 1.6589260720807182 0.0 0.0
0.03616263 -0.004644198 -4.616737 3.0067 0.2239154 0.2391168 0.266074 18.34882 0.9984188 1 0.0 0.03645962676139327 5.509492301216964 0.0 0.0
0.01201288 0.02267675 -0.6150732 -2.631756 1.555417 3.22438 0.1367966 20.74111 2.27573 0 0.0 0.025662117536495308 2.7026754679195655 0.0 0.0
0.0017537 -0.01610634 -0.9452093 -7.219684 1.330505 2.633944 0.0770135 20.62529 1.007092 0 0.0 0.016201532393128742 7.2812950551850655 0.0 0.0
-0.02624717 0.01732875 -1.899232 5.194662 0.5197024 0.6787163 0.142648 19.52268 1.644613 1 0.0 0.031451542244719896 5.530966957419652 0.0 0.0
0.001449996 -0.01617882 0.2036797 0.5003636 1.10874 1.923587 0.0994544 20.49353 1.152613 0 0.0 0.01624366661171104 0.5402306474063184 0.0 0.0
0.009059382 0.0227916 -3.164412 3.460883 0.2230532 0.2634847 0.2550878 18.34083 1.029148 1 0.0 0.024526096974078936 4.689479123040533 0.0 0.0
0.01699485 0.01685075 -5.475649 4.487001 0.1977574 0.2151486 0.2634984 18.05368 1.321606 1 0.0 0.02393267018293195 7.079259138158597 0.0 0.0
-0.02073333 -0.01286287 -6.067741 4.122324 0.9727984 1.712173 0.1458749 20.465 1.811573 0 0.0 0.024399270430195245 7.335600589185387 0.0 0.0
-0.02889916 -0.03946544 -3.18597 2.525284 0.4888427 0.6735503 0.13739 19.59633 1.104729 1 0.0 0.04891505292953489 4.065398396412829 0.0 0.0
-0.01377988 -0.03712656 0.7967387 0.3489868 0.1782299 0.2524181 0.03595016 17.9216 1.523024 1 0.9548357 0.039601345308562436 0.8698185688130198 0.0 0.0
0.04373741 -0.01634407 -3.367655 4.874745 0.4959346 0.3935468 0.2949698 18.90626 nan 0 0.0 0.046691430238031906 5.924883038005897 0.0 0.0
-0.02962909 -0.005335623 -0.9812924 2.903476 0.5381059 0.7858139 0.06980305 19.58113 1.146057 0 0.0 0.03010567798649001 3.0648177200077917 0.0 0.0
0.01455607 0.03788931 -6.222018 4.431894 1.318704 2.813108 0.1301469 20.66364 1.355007 0 0.0 0.04058914862522987 7.639057037328626 0.0 0.0
-0.0003603342 0.03927926 -13.55972 11.43215 1.238046 2.010331 0.3437104 20.63762 2.593241 0 0.0 0.039280912755221074 17.735841116251017 0.0 0.0
0.013958 -0.04066663 1.6761 0.9276417 0.49812 0.694188 0.0788723 19.60691 1.298872 1 0.8566902 0.0429953550928109 1.915680122979536 0.0 0.0
-0.0277948 -0.03734786 -4.276724 3.57093 0.6306672 0.7728419 0.2136792 19.86954 1.989328 1 0.0 0.04655548897412205 5.571526652280863 0.0 0.0
-0.03005366 -0.007010444 1.211288 -0.2414717 0.1940348 0.3523248 -0.2542319 17.83579 1.485565 1 0.976737 0.03086047317318281 1.2351223424604096 0.0 0.0
0.002822454 -0.02357937 1.361851 0.01408839 0.1787304 0.2185269 0.2285099 18.05189 1.488964 1 0.9752491 0.02374769328122241 1.3619238704618521 0.0 0.0
