jas1101finalproject/data/gcs/Rup_106.ecsv
# %ECSV 0.9
# ---
# datatype:
# - {name: x, unit: deg, datatype: float64}
# - {name: y, unit: deg, datatype: float64}
# - {name: pmx, unit: mas / yr, datatype: float64}
# - {name: pmy, unit: mas / yr, datatype: float64}
# - {name: pmx_e, unit: mas / yr, datatype: float64}
# - {name: pmy_e, unit: mas / yr, datatype: float64}
# - {name: pm_corr, datatype: float64}
# - {name: g_mag, unit: mag, datatype: float64}
# - {name: bp_rp, unit: mag, datatype: float64}
# - {name: filter, datatype: int64}
# - {name: memberprob, datatype: float64}
# - {name: r, unit: deg, datatype: float64}
# - {name: pm, unit: mas / yr, datatype: float64}
# - {name: member_prob_GMM, datatype: float64}
# - {name: member_prob_DB, datatype: float64}
# meta: !!omap
# - comments: [deg deg mas/yr mas/yr mas/yr mas/yr dimless mag   mag   zeroone float]
# - __serialized_columns__:
#     bp_rp:
#       __class__: astropy.units.quantity.Quantity
#       unit: &id001 !astropy.units.Unit {unit: mag}
#       value: !astropy.table.SerializedColumn {name: bp_rp}
#     g_mag:
#       __class__: astropy.units.quantity.Quantity
#       unit: *id001
#       value: !astropy.table.SerializedColumn {name: g_mag}
#     pm:
#       __class__: astropy.units.quantity.Quantity
#       unit: !astropy.units.Unit {unit: mas / yr}
#       value: !astropy.table.SerializedColumn {name: pm}
#     pmx:
#       __class__: astropy.units.quantity.Quantity
#       unit: !astropy.units.Unit {unit: mas / yr}
#       value: !astropy.table.SerializedColumn {name: pmx}
#     pmx_e:
#       __class__: astropy.units.quantity.Quantity
#       unit: !astropy.units.Unit {unit: mas / yr}
#       value: !astropy.table.SerializedColumn {name: pmx_e}
#     pmy:
#       __class__: astropy.units.quantity.Quantity
#       unit: !astropy.units.Unit {unit: mas / yr}
#       value: !astropy.table.SerializedColumn {name: pmy}
#     pmy_e:
#       __class__: astropy.units.quantity.Quantity
#       unit: !astropy.units.Unit {unit: mas / yr}
#       value: !astropy.table.SerializedColumn {name: pmy_e}
#     r:
#       __class__: astropy.units.quantity.Quantity
#       unit: &id002 !astropy.units.Unit {unit: deg}
#       value: !astropy.table.SerializedColumn {name: r}
#     x:
#       __class__: astropy.units.quantity.Quantity
#       unit: *id002
#       value: !astropy.table.SerializedColumn {name: x}
#     y:
#       __class__: astropy.units.quantity.Quantity
#       unit: *id002
#       value: !astropy.table.SerializedColumn {name: y}
# schema: astropy-2.0
x y pmx pmy pmx_e pmy_e pm_corr g_mag bp_rp filter memberprob r pm member_prob_GMM member_prob_DB
[from data line 781]
-0.009288833 -0.00252779 -2.016011 1.309407 2.255495 1.515346 0.7179785 20.64297 0.7541695 0 0.0 0.009626637044471397 2.403923260790577 0.0 0.0
0.02243238 0.003029522 -7.438183 -2.238733 2.814866 1.945982 0.7752045 20.8809 0.6733303 0 0.0 0.02263602606494532 7.7677855136955225 0.0 0.0
-0.02226875 -0.01914142 -3.11217 -0.1212349 1.679217 1.11565 0.8162309 20.47013 0.8118286 0 0.0 0.02936479501339827 3.1145304637903304 0.0 0.0
0.02223392 0.008351121 -1.174324 0.3868934 0.07685414 0.04714395 0.6947948 15.9515 1.38751 1 0.9997045 0.023750545688952938 1.2364155288330698 0.0 0.0
-0.02189554 0.02106567 -9.745017 -7.272308 1.519684 1.001685 0.8187932 20.32529 1.678148 0 0.0 0.030383829983076528 12.159433374016777 0.0 0.0
-0.001153263 -0.00913774 0.4219002 1.790436 1.450466 1.050291 0.7551053 20.45388 0.7508202 0 0.0 0.00921022843662246 1.8394729812791597 0.0 1.0
0.006432661 -0.02951629 -6.772422 -0.9729163 1.94817 1.228359 0.8613516 20.24771 1.127171 0 0.0 0.030209112911587142 6.841948982043763 0.0 0.0
0.01538246 0.01747104 -0.3772542 1.179137 1.171148 0.7054654 0.7472903 20.14724 0.7468472 0 0.0 0.023277828814844397 1.238016476540858 0.0 0.0
0.01227181 0.02233571 1.951967 3.736779 1.643527 1.10612 0.8164844 20.48835 0.5068722 0 0.0 0.025484922245912388 4.21588572709579 0.0 0.0
0.02771872 -0.04060586 0.35125 1.04029 1.515703 0.8668726 0.7415244 20.34855 0.8687363 0 0.0 0.049164655035685956 1.097989001128882 0.0 0.0
-0.03289995 -0.03034773 -3.965359 -0.6562999 1.148818 0.6689062 0.7508867 20.108 0.7694931 0 0.0 0.04475926078651657 4.019303616003773 0.0 0.0
0.02639981 -0.005773085 -1.744223 0.7795825 1.309405 0.9461767 0.7720736 20.39107 0.7350025 0 0.0 0.02702366515580973 1.910513739295075 0.0 0.0
0.006452686 -0.02312667 -0.4518458 4.004585 2.001431 1.329447 0.6510846 20.09847 1.06715 0 0.0 0.02400999837366708 4.029995738112217 0.0 0.0
0.02058118 -0.005403912 -1.82433 0.4039149 1.810276 1.244782 0.8144371 20.45195 0.6921997 0 0.0 0.021278797783148937 1.8685093511518773 0.0 0.0
0.02029157 0.01069043 -9.24011 -1.012144 0.3691359 0.2377363 0.6282703 18.77942 0.8434124 0 0.0 0.02293541163026729 9.295378867417723 0.0 0.0
-0.001114741 -0.01921235 3.616998 7.035585 3.170327 2.289377 0.8205464 20.7625 0.6724014 0 0.0 0.019244662637198425 7.910886854470174 0.0 0.0
-0.01750353 -0.02056988 -1.830548 0.2131811 0.3626393 0.2242715 0.6295938 18.72636 1.178007 1 0.9866963 0.027009137818066315 1.8429194669602929 0.0 0.0
0.01530828 0.02476095 -1.375205 0.5431373 0.5797969 0.3215969 0.7185865 19.2307 1.081213 1 0.9882266 0.029110961534461553 1.4785759766330204 0.0 0.0
0.02993742 0.003681392 -0.4736248 0.9576192 2.545361 1.538828 0.9023546 20.37845 0.8443546 0 0.0 0.030162920337959052 1.0683421658736867 0.0 0.0
-0.0004838113 0.0316185 -1.182078 -0.452493 1.420689 0.8788696 0.783871 20.28323 1.235308 0 0.0 0.03162220130895393 1.2657244222708985 0.0 0.0
0.02345163 0.01208129 -0.8921418 0.4619566 0.218302 0.1349413 0.6589029 18.03159 1.229757 1 0.9961207 0.02638060874432203 1.0046496362368325 0.0 0.0
0.003353491 -0.01700375 -1.795925 -0.5744386 2.410523 1.561183 0.7660696 20.73156 0.8546944 0 0.0 0.017331284313332956 1.8855572944874839 0.0 0.0
-0.02539428 -0.02473538 3.217137 -0.5934367 0.712702 0.4006724 0.6966584 19.60148 1.700882 0 0.0 0.03545008435057384 3.271412171169492 0.0 0.0
0.01638714 -0.01153245 -6.279944 1.61396 0.3312375 0.2083185 0.6600334 18.64126 1.049152 0 0.0 0.020038357227629713 6.484023714078782 0.0 0.0
0.01434337 0.0322991 -1.108298 -1.696714 2.829422 2.702822 0.5443224 20.75508 1.040873 0 0.0 0.03534068652087704 2.026613642162709 0.0 0.0
0.03215477 -0.001256319 -4.741251 0.5421295 1.970681 1.335929 0.7763611 20.6512 0.7778835 0 0.0 0.03217930346018479 4.772144742122902 0.0 0.0
0.04280632 -0.02332537 -8.597992 2.157973 1.931728 1.238614 0.8491056 20.38159 1.571672 0 0.0 0.04874888632142585 8.864666598400246 0.0 0.0
-0.02402151 -0.01551071 -1.982727 -0.349457 0.5872699 0.3289459 0.692489 19.24588 1.121265 1 0.9006917 0.02859396907363859 2.0132874984407962 0.0 0.0
-0.0292422 0.02405995 -8.92302 -0.4240323 1.167018 0.6287311 0.6483526 20.13929 1.205204 1 0.0 0.037868026814748344 8.933089572585919 0.0 0.0
1.423263e-05 -0.03205261 -8.62218 2.080981 0.242147 0.1461425 0.652316 18.09754 1.096138 1 0.0 0.03205261315992593 8.869750271273764 0.0 0.0
0.01023334 0.02802773 -1.04348 0.6044769 1.117927 0.6986234 0.7880956 19.41763 1.069431 1 0.969884 0.02983747470059254 1.2059199115337675 0.0 0.0
-0.006375618 -0.02864653 -12.13641 1.668612 0.9151595 0.498206 0.7269296 19.83101 1.897217 0 0.0 0.02934743917146476 12.250580137064693 0.0 0.0
0.007933184 0.01883858 -6.652358 -0.2910107 3.357292 1.753114 0.6574145 20.66278 1.571493 0 0.0 0.020440829356810748 6.65872016138826 0.0 0.0
-0.0016215 -0.02840197 -2.384409 0.2480376 0.8262208 0.4800206 0.7098081 19.65071 1.067852 0 0.0 0.028448218962369154 2.397275313829173 0.0 0.0
0.0003873554 -0.0213295 0.9643109 -1.452838 2.969912 2.191234 0.5989729 20.63262 nan 0 0.0 0.02133301700313177 1.7437413128393817 0.0 0.0
0.006522017 -0.006410678 -1.373481 0.3566741 0.06651874 0.04204212 0.6888636 15.12566 1.553075 0 0.0 0.009145135218681733 1.4190371633511962 0.0 0.0
0.03725901 0.002112035 -2.008502 0.6491981 2.653064 1.593976 0.7721194 20.77075 0.7826729 0 0.0 0.03731882257013644 2.110814642986828 0.0 0.0
0.0280236 0.004746894 8.678361 -9.118225 1.568999 1.102268 0.7816648 20.48354 1.036055 0 0.0 0.02842279295930004 12.587929805847585 0.0 0.0
0.01945322 0.02053652 -10.24192 -1.665082 2.45781 1.499738 0.8084954 20.65572 1.878643 0 0.0 0.028287389806746045 10.376387779623697 0.0 0.0
-0.01063229 -0.02883423 -9.391483 -0.5106891 0.1102059 0.07017024 0.6616167 16.69513 1.014576 1 0.0 0.0307320420788629 9.405357850509878 0.0 0.0
-0.005201958 -0.002797992 -5.671813 2.107366 0.2677025 0.1707346 0.6133401 18.03952 1.024807 1 0.0 0.005906701809455764 6.050657333292392 0.0 0.0
-0.04245384 -0.02195939 -1.302547 0.3062141 0.1410538 0.08667124 0.6641215 17.20937 1.30728 1 0.9974037 0.04779689676033058 1.3380567111478534 0.0 0.0
0.01657777 0.03969887 -3.381615 -0.1023561 1.261976 0.7072821 0.7138307 20.27157 0.8970814 0 0.0 0.043021189400687186 3.3831637234151426 0.0 0.0
-0.01464512 0.04679867 -5.820802 -0.6125791 0.3716448 0.2252337 0.6997349 18.6688 1.145544 1 0.0 0.049036670498549345 5.852947042043077 0.0 0.0
-0.0001005681 -0.02222214 -2.40728 -1.40599 0.9662456 0.5606011 0.707256 19.85452 nan 0 0.0 0.022222367563388416 2.7877957024323 0.0 0.0
-0.03879704 -0.0245616 -5.737887 -0.1048546 0.7020111 0.386092 0.7126653 19.5351 0.9796238 1 0.0 0.045918215419608804 5.738844980648123 0.0 0.0
-0.03549404 -0.02787773 -9.191126 -6.022763 0.1333886 0.08180391 0.6582789 17.09644 1.067266 1 0.0 0.045133077731022285 10.988651932882624 0.0 0.0
0.006136186 0.04290959 -2.880028 2.649586 2.994483 2.03567 0.7419468 20.74207 0.8906116 0 0.0 0.04334611508076238 3.9134214253233703 0.0 0.0
0.02840345 -0.0002086309 0.6398448 -0.6651827 2.547235 1.631312 0.8808585 20.66053 0.8536587 0 0.0 0.0284042162144097 0.9229677093302506 0.0 0.0
0.00850187 0.03912504 3.211526 2.954843 3.090943 2.201495 0.7500846 20.77771 0.7971458 0 0.0 0.0400381136980565 4.364057332726622 0.0 0.0
0.02181441 0.01196384 0.8259067 -1.41512 1.726803 1.122073 0.8114869 20.43752 0.73489 0 0.0 0.024879749821766696 1.6385012943250579 0.0 0.0
0.04220394 -0.002050244 5.032073 6.759874 3.100459 1.878263 0.7796144 20.69181 0.3509846 0 0.0 0.04225371051142297 8.427197349843244 0.0 0.0
-0.01705829 -0.0344781 -7.651454 -0.6686212 0.1939853 0.1166925 0.7006158 17.55269 1.121517 1 0.0 0.03846718910102608 7.68061212555389 0.0 0.0
0.03512327 0.0005649425 -5.348004 -2.568163 0.2801404 0.177866 0.6422704 18.3994 1.07954 1 0.0 0.03512781313320267 5.932672920243034 0.0 0.0
0.03365641 0.01042322 -7.487024 -0.8599856 1.7573 1.121536 0.8518392 20.31466 1.373587 0 0.0 0.0352334705820545 7.5362526237370355 0.0 0.0
0.02027837 0.02424024 -1.735815 0.1094544 0.4166923 0.2548499 0.6497528 18.97895 1.112274 1 0.9859167 0.03160382136885506 1.7392624816008537 0.0 0.0
-0.001354781 0.00975645 -0.5128517 -0.0920131 2.291704 1.290206 0.289354 20.18889 0.8179302 0 0.0 0.009850063358195266 0.5210405711309821 0.0 0.0
0.01369043 0.02684428 -10.03746 1.309665 3.16593 2.178006 0.5022435 20.74703 0.5961227 0 0.0 0.030133755861214848 10.122540474793123 0.0 0.0
-0.0241238 -0.03946325 -14.20847 1.787023 0.7493014 0.4156697 0.7104875 19.62828 1.655916 1 0.0 0.04625263048738417 14.320407499209965 0.0 0.0
-0.02783437 0.008058166 -1.271191 0.4993015 0.1913926 0.1225445 0.6720934 17.63001 0.9164753 1 0.9978786 0.02897733929435993 1.365733702587459 0.0 0.0
0.009449211 0.03399027 6.726499 -6.195388 1.753972 1.182074 0.8375672 20.42527 1.034376 0 0.0 0.035279257973991195 9.144868575739347 0.0 0.0
0.005828157 -0.04438208 -5.522245 -1.358776 0.6832463 0.3762999 0.7425284 19.40332 1.577108 1 1.279311e-06 0.04476311471672909 5.686955429595083 0.0 0.0
-0.02959061 -0.0001254535 -5.535775 -2.241421 0.5835795 0.3268593 0.7532729 19.11707 1.356876 1 0.0 0.02959087593757174 5.972333961682484 0.0 0.0
-0.0342363 0.01747998 -1.199667 0.4330672 0.1622869 0.1048473 0.6372204 17.51996 1.052177 1 0.9985266 0.03844052469062304 1.2754403594856327 0.0 0.0
0.004938547 0.04217731 -3.892472 -1.279817 1.636805 0.9662321 0.7858491 20.41336 0.534111 0 0.0 0.04246545331569309 4.097471149901241 0.0 0.0
-0.009077452 -0.006685768 -0.6706427 1.002472 0.1720449 0.114257 0.6367691 17.61538 0.882309 0 0.0 0.01127384710567462 1.2061143154142935 0.0 0.0
-0.02657759 -0.01322711 -1.442951 0.3089555 0.09504829 0.0606987 0.6297621 16.39034 1.382578 1 0.9984405 0.029687113857028945 1.4756561555393757 0.0 0.0
0.004014312 -0.009828361 -1.108796 0.4218058 0.1769955 0.1118398 0.6597017 17.61881 0.8654556 1 0.999501 0.010616561626989457 1.1863172857754538 0.0 0.0
-0.02479845 -0.0119749 -2.16852 0.09179273 0.7236594 0.3991144 0.7085446 19.56508 1.119169 0 0.0 0.027538361469275907 2.170461908369012 0.0 0.0
-0.01998852 -0.004293575 -3.713849 0.7556635 0.1741857 0.1102249 0.6580403 17.54613 1.093235 1 0.0 0.020444454457652445 3.789947456104537 0.0 0.0
-0.002378196 -0.008897461 -1.361335 0.1810806 0.1977047 0.1215407 0.6490871 17.63419 0.8169537 1 0.9979863 0.009209811532324481 1.373325586276379 0.0 0.0
-0.008273415 -0.00746763 -2.289315 -0.2115994 0.4647266 0.2701742 0.7026106 18.95816 1.172859 0 0.0 0.011145173555361307 2.299073177457682 0.0 0.0
-0.04975866 0.0005820009 2.460161 -0.8065259 0.1417708 0.09311047 0.6561286 17.28047 0.5055332 1 0.0 0.04976206356295126 2.588991342838328 0.0 0.0
0.01885466 -0.01478352 -0.8285008 0.548776 0.1485149 0.08985258 0.6912736 17.14113 1.272478 1 0.9887986 0.023959354484334505 0.9937648986438594 0.0 0.0
0.006902566 -0.02152075 -5.706048 -1.410098 0.9413631 0.5192257 0.7197314 19.91197 1.049299 0 0.0 0.02260062162744326 5.877700243114478 0.0 0.0
0.03531551 -0.0108793 -7.782588 -0.9771304 0.1886225 0.1211211 0.6411883 17.79741 1.095514 0 0.0 0.036953273401014154 7.843689170049267 0.0 0.0
-0.03446104 -0.002123921 -3.319165 -2.339864 0.2215352 0.1362228 0.6634127 17.92107 1.039986 1 0.0 0.034526429272310234 4.061012168871327 0.0 0.0
0.005783282 -0.02096365 -1.035093 0.4524299 0.3923755 0.2340039 0.6678278 18.81502 1.146669 1 0.9970613 0.02174674623970271 1.1296505358131823 0.0 0.0
0.02548534 0.01933577 5.592241 5.678332 3.085109 1.863965 0.7252177 20.64959 0.74436 0 0.0 0.03199022595119484 7.969731093600649 0.0 0.0
0.01485876 0.02658071 -7.237361 -6.189872 0.1723362 0.112574 0.6293679 17.63256 0.9360237 1 0.0 0.030451878313852827 9.523335005170457 0.0 0.0
0.005325042 -0.01240723 -1.267967 0.3789791 0.05825162 0.03527927 0.7745976 14.88808 1.482474 1 0.9999547 0.013501682434965799 1.3233916545474398 0.0 0.0
0.02120712 -0.01781341 -1.419285 0.180763 0.178368 0.1119294 0.6464768 17.61661 0.9962864 1 0.9957475 0.027695839299838883 1.4307498640202625 0.0 0.0
0.01176283 -0.02087705 -1.666746 0.8365852 0.7870061 0.4253997 0.6940478 19.64211 1.116579 0 0.0 0.023962791705295944 1.8649174312486438 0.0 0.0
0.004454244 -0.01259024 -1.153953 -0.0194073 1.106883 0.5741769 0.7323987 19.88988 0.6535378 0 0.0 0.013354940391822646 1.1541161854433417 0.0 0.0
-0.01139274 -0.009539676 -1.266222 0.4648504 0.1333432 0.08379817 0.6765295 17.09545 1.267902 1 0.9995014 0.014859338575205022 1.348852863608244 0.0 0.0
0.04167525 0.02724331 -4.241157 1.798182 0.8002481 0.4190308 0.7098733 19.51863 0.938036 0 0.0 0.049789802192001124 4.606611683631799 0.0 0.0
0.0199825 0.02657115 -0.6902135 0.7146736 0.5615839 0.3101686 0.7217425 19.18193 1.137024 0 0.0 0.03324644820988402 0.9935557508862853 0.0 0.0
-0.01253149 -0.009639153 -10.09231 -0.8855408 0.7548592 0.4052271 0.673374 19.26893 1.185896 0 0.0 0.01580985490690882 10.131086005190392 0.0 0.0
0.01781494 -0.006379324 -2.978814 -0.5325826 2.899342 1.810999 0.9195742 20.56066 0.8406124 0 0.0 0.01892268114989459 3.0260497471817547 0.0 0.0
-0.004397149 -0.01165945 -0.8355125 1.268054 0.7055665 0.3845921 0.6889863 19.37897 1.12969 0 0.0 0.012461047051941542 1.5185657985652943 0.0 0.0
-0.004406607 -0.01282293 -0.6443005 0.9824717 0.6369608 0.3582031 0.710766 19.3036 0.6308308 0 0.0 0.013558971901930802 1.1748930911368658 0.0 0.0
-0.02981571 -0.007266713 -6.702877 -2.730097 0.3221312 0.201612 0.6141807 18.61604 1.069561 1 0.0 0.030688461685598856 7.23754030776603 0.0 0.0
-0.01066524 -0.01042451 -1.192743 0.3752454 0.09167963 0.05803775 0.6893247 16.33499 1.393606 1 0.9997978 0.014913676709574336 1.2503779325748516 0.0 0.0
-0.03241977 -0.005845587 -1.408559 0.269426 0.1614386 0.1016578 0.6241352 17.44062 1.043299 1 0.9980417 0.03294256174354795 1.4340951244450277 0.0 0.0
-0.01954612 -0.009355489 -1.353042 0.3181012 0.06061241 0.03966286 0.6837548 15.49242 1.504814 1 0.9996879 0.021669701924196396 1.3899320225124105 0.0 0.0
-0.01024258 0.02549096 -1.191525 0.5783551 0.1666795 0.108615 0.6439129 17.56419 0.936636 1 0.9962341 0.027471794385842362 1.3244721391260028 0.0 0.0
-0.01037332 0.01064031 -3.704603 -0.9513344 0.9161605 0.5177843 0.7076827 19.88776 1.003122 0 0.0 0.014860079566358318 3.8248033319678494 0.0 0.0
-0.004025777 0.009271828 -1.12831 0.6656147 0.5737251 0.3430352 0.746693 19.09451 1.083944 0 0.0 0.010108099470984296 1.310010070555219 0.0 0.0
-0.04487068 -0.01584671 -5.33626 1.367244 0.1609471 0.1061489 0.6869653 17.35041 1.006241 1 0.0 0.04758672232342232 5.508632039185047 0.0 0.0
0.001669583 -0.01503909 -0.9212484 0.5765187 0.3538575 0.2159791 0.7207283 18.50908 1.142496 1 0.9980182 0.01513148160035854 1.0867715610707938 0.0 0.0
-0.02829199 -0.01065321 -6.707779 -0.1672059 0.2264849 0.140745 0.6121024 17.86592 1.064188 1 0.0 0.030231235195807 6.709862660728297 0.0 0.0
0.02858142 0.02444565 -4.217154 -0.3740482 0.5778568 0.3185715 0.7160571 19.19121 1.04389 1 0.000135281 0.037609671271348545 4.233709947036906 0.0 0.0
-0.00191788 -0.03218616 -1.460634 0.4195112 0.5770795 0.3189123 0.7382801 19.18768 1.114697 0 0.0 0.03224324982442062 1.5196846149387182 0.0 0.0
-0.0133625 -0.01497996 -0.7695399 0.2388932 0.4548134 0.322458 0.6196782 19.01444 0.8259506 0 0.0 0.02007375420422398 0.8057677200646909 0.0 0.0
-0.04260961 -0.008676748 -6.638887 0.2893966 0.1551679 0.1042779 0.6980039 17.29847 1.127495 1 0.0 0.04348407547835879 6.645191569161913 0.0 0.0
-0.0003687148 0.0117363 -5.321508 -1.870511 1.199537 0.6532444 0.7675269 20.10472 1.021452 0 0.0 0.011742090456717622 5.6406789303403 0.0 0.0
-0.03799199 0.02015878 -6.05015 -0.1280548 0.676516 0.3846166 0.756606 19.38322 0.9874306 1 0.0 0.04300892599505945 6.05150502390133 0.0 0.0
0.01313934 0.008587302 -1.524006 -0.1570699 0.7491835 0.4120573 0.71532 19.6068 0.9472351 0 0.0 0.015696624199961085 1.5320787321551104 0.0 0.0
0.04283961 -0.01838918 -3.32774 -0.242867 0.2515485 0.1481251 0.6841553 18.12058 1.070057 1 0.0 0.046619675310157406 3.3365907581375636 0.0 0.0
