jas1101finalproject/data/gcs/Rup_106.ecsv
# %ECSV 0.9
# ---
# datatype:
# - {name: x, unit: deg, datatype: float64}
# - {name: y, unit: deg, datatype: float64}
# - {name: pmx, unit: mas / yr, datatype: float64}
# - {name: pmy, unit: mas / yr, datatype: float64}
# - {name: pmx_e, unit: mas / yr, datatype: float64}
# - {name: pmy_e, unit: mas / yr, datatype: float64}
# - {name: pm_corr, datatype: float64}
# - {name: g_mag, unit: mag, datatype: float64}
# - {name: bp_rp, unit: mag, datatype: float64}
# - {name: filter, datatype: int64}
# - {name: memberprob, datatype: float64}
# - {name: r, unit: deg, datatype: float64}
# - {name: pm, unit: mas / yr, datatype: float64}
# - {name: member_prob_GMM, datatype: float64}
# - {name: member_prob_DB, datatype: float64}
# meta: !!omap
# - comments: [deg deg mas/yr mas/yr mas/yr mas/yr dimless mag   mag   zeroone float]
# - __serialized_columns__:
#     bp_rp:
#       __class__: astropy.units.quantity.Quantity
#       unit: &id001 !astropy.units.Unit {unit: mag}
#       value: !astropy.table.SerializedColumn {name: bp_rp}
#     g_mag:
#       __class__: astropy.units.quantity.Quantity
#       unit: *id001
#       value: !astropy.table.SerializedColumn {name: g_mag}
#     pm:
#       __class__: astropy.units.quantity.Quantity
#       unit: !astropy.units.Unit {unit: mas / yr}
#       value: !astropy.table.SerializedColumn {name: pm}
#     pmx:
#       __class__: astropy.units.quantity.Quantity
#       unit: !astropy.units.Unit {unit: mas / yr}
#       value: !astropy.table.SerializedColumn {name: pmx}
#     pmx_e:
#       __class__: astropy.units.quantity.Quantity
#       unit: !astropy.units.Unit {unit: mas / yr}
#       value: !astropy.table.SerializedColumn {name: pmx_e}
#     pmy:
#       __class__: astropy.units.quantity.Quantity
#       unit: !astropy.units.Unit {unit: mas / yr}
#       value: !astropy.table.SerializedColumn {name: pmy}
#     pmy_e:
#       __class__: astropy.units.quantity.Quantity
#       unit: !astropy.units.Unit {unit: mas / yr}
#       value: !astropy.table.SerializedColumn {name: pmy_e}
#     r:
#       __class__: astropy.units.quantity.Quantity
#       unit: &id002 !astropy.units.Unit {unit: deg}
#       value: !astropy.table.SerializedColumn {name: r}
#     x:
#       __class__: astropy.units.quantity.Quantity
#       unit: *id002
#       value: !astropy.table.SerializedColumn {name: x}
#     y:
#       __class__: astropy.units.quantity.Quantity
#       unit: *id002
#       value: !astropy.table.SerializedColumn {name: y}
# schema: astropy-2.0
x y pmx pmy pmx_e pmy_e pm_corr g_mag bp_rp filter memberprob r pm member_prob_GMM member_prob_DB
0.008565337 0.01975781 -1.610299 -0.3814629 2.103169 1.563286 0.8376365 20.63605 0.8741016 0 0.0 0.02153453166241767 1.6548645906772583 0.0 0.0
-0.004178296 0.00201626 1.444342 -1.390601 2.681243 1.845522 0.7431889 20.42334 0.6091232 0 0.0 0.004639338514402241 2.004967569354926 0.0 0.0
0.01757934 -0.02189361 0.589219 1.318243 1.638644 1.088059 0.8019944 20.46197 -0.3619137 0 0.0 0.028077808918569484 1.4439333907801981 0.0 0.0
-0.002838213 0.001985844 -0.106031 0.8327336 0.4113453 0.2543956 0.6675957 18.7598 1.06217 0 0.0 0.00346396152197235 0.8394568610297731 0.0 0.0
0.003373539 -0.00453351 1.275597 2.527965 2.869463 1.894042 0.7814344 20.80597 0.6980228 0 0.0 0.005650971447868146 2.831564010866433 0.0 0.0
-0.01642384 -0.04343096 -5.073776 1.855804 0.2230196 0.1353399 0.6687972 18.00599 1.237957 1 0.0 0.04643264807080466 5.402518985120922 0.0 0.0
-0.04795586 -0.01182149 -8.3416 0.5715071 0.4582814 0.2643376 0.7055918 19.02347 1.00839 1 0.0 0.04939141761642098 8.361154879880553 0.0 0.0
0.01250884 0.01356184 1.646718 -2.459192 4.212409 2.260413 0.685157 20.96319 0.6742115 0 0.0 0.01844978542778208 2.9596123841455997 0.0 0.0
-0.005386514 0.02040679 -3.338685 -1.523738 1.447215 0.8976706 0.7593254 20.39686 0.8566456 0 0.0 0.021105724606757664 3.6699584496107036 0.0 0.0
-0.02940425 0.00784357 -6.28278 -0.1380613 1.416521 0.7762835 0.7967559 20.19581 nan 0 0.0 0.03043240884989882 6.284296734795206 0.0 0.0
0.006911574 -0.02524771 -15.12863 5.545949 0.8171937 0.4442846 0.7193369 19.66972 1.602194 0 0.0 0.026176644464132065 16.113131166458647 0.0 0.0
-0.001086959 0.01993025 -11.37485 -1.921999 1.219483 0.7223625 0.7645926 20.12208 1.446846 0 0.0 0.019959868359540375 11.53608654087256 0.0 0.0
-0.01202373 0.02491451 -4.32604 -0.6696925 3.076203 2.144645 0.8130961 20.78743 0.6556091 0 0.0 0.027664108365407336 4.377568974460168 0.0 0.0
-0.02904629 -0.02850646 -1.375355 0.1759479 2.078386 1.310054 0.8097051 20.62337 0.7316132 0 0.0 0.04069772996735445 1.3865637524251853 0.0 0.0
-0.02787955 0.03533704 -2.931465 0.1955506 2.551872 1.618039 0.8041288 20.68065 0.575346 0 0.0 0.04501083985179681 2.937980102619036 0.0 0.0
-0.01149174 0.003743076 -6.814906 3.20707 3.200691 1.94323 0.6810714 20.72595 0.4578514 0 0.0 0.012085971461548965 7.531815304011111 0.0 0.0
-0.007712751 0.0162904 -5.275383 -2.130494 3.835895 2.265206 0.7086384 20.97411 0.3200893 0 0.0 0.018023974593524065 5.689347104960726 0.0 0.0
-0.03761025 -0.01349037 -0.3833604 1.237417 1.726425 1.215237 0.7755415 20.62023 0.794548 0 0.0 0.03995648868205763 1.295440476508728 0.0 0.0
-0.008150943 0.003511091 0.3518465 -0.4236897 1.958261 1.422144 0.6633361 20.61768 0.6815472 0 0.0 0.008875000383072106 0.5507348921653139 0.0 0.0
0.006819463 -0.001215103 -0.5607267 0.5910316 0.1876123 0.1180892 0.6412903 17.60433 nan 0 0.0 0.006926871653854862 0.8146979712086253 0.0 0.0
0.01012365 0.008263813 1.239996 1.77003 2.617201 1.586793 0.847607 20.65436 0.812685 0 0.0 0.013068239920565775 2.1611562370444206 0.0 0.0
0.01418043 0.0007668644 -1.210935 2.666235 3.309183 2.530364 0.277256 20.9216 1.572004 0 0.0 0.014201150516521096 2.928339572086885 0.0 0.0
-0.01891845 0.02357706 -7.371828 0.2217551 0.2293963 0.1446194 0.6558513 18.12611 1.192005 1 0.0 0.030228885335819116 7.375162600645494 0.0 0.0
-0.01415483 -0.02100742 -0.8319854 0.5828171 1.136453 0.628592 0.7083393 20.1588 0.9934845 0 0.0 0.025331223961453184 1.015812717908951 0.0 0.0
-0.02861861 -0.03944293 -4.595595 -1.690421 0.881818 0.4960058 0.7026582 19.82078 2.019075 0 0.0 0.048731607456731815 4.896633186309344 0.0 0.0
-0.04020653 -0.009891481 3.658508 3.056988 2.132058 1.437476 0.8324215 20.58773 0.6815758 0 0.0 0.04140539156938696 4.767583918318376 0.0 0.0
-0.0292267 -0.0306161 6.080615 -3.296042 2.324575 1.513822 0.7624129 20.68571 1.331026 0 0.0 0.04232665321165849 6.9164854979960015 0.0 0.0
-0.006429271 0.01316636 -3.986373 -1.148175 2.892755 1.924134 0.8232735 20.71 0.6770916 0 0.0 0.014652254476395126 4.148430489444652 0.0 0.0
0.005625312 0.01738171 -1.801243 -0.5154857 1.498827 0.9970269 0.8404095 20.22834 0.6464672 0 0.0 0.018269317929836465 1.8735532690461432 0.0 0.0
0.003526549 -0.006108991 0.01601112 1.795218 1.798075 1.143834 0.8495383 20.34607 0.4105835 0 0.0 0.007053815909667759 1.795289398255238 0.0 0.0
0.01766679 -0.04333224 -2.316493 3.478636 2.233216 1.684578 0.783142 20.48829 2.511887 0 0.0 0.0467952827998902 4.1793597882385045 0.0 0.0
0.002952566 -0.002408694 -0.6250162 1.143619 0.8985866 0.5368922 0.7085065 19.70808 nan 0 0.0 0.0038104399706585064 1.3032688392743226 0.0 0.0
0.002397173 -0.007611909 -1.766639 0.07149674 0.1763852 0.1206093 0.689537 17.5686 0.9586391 1 0.979636 0.007980450928124926 1.7680851620189644 0.0 0.0
-0.0184873 0.02305462 6.985451 -3.367714 0.8392342 0.4634163 0.7164042 19.73786 0.5061913 0 0.0 0.029551578039664822 7.754870937623463 0.0 0.0
0.005497543 -0.0102405 3.474641 3.085476 2.007683 1.320682 0.8803419 20.35419 0.8985023 0 0.0 0.011622857621379046 4.646858317773095 1.0 0.0
-0.008153126 0.01587452 -13.15519 2.453403 3.547394 1.942477 0.8248331 20.65478 1.024038 0 0.0 0.017845835615130944 13.382010694081401 0.0 0.0
0.001459207 -0.0109154 -1.349649 0.312906 0.2020938 0.1273779 0.6770643 17.65755 0.8735905 0 0.0 0.011012503903692792 1.385446710644982 0.0 0.0
0.02559584 -0.005875629 -1.135998 0.2840386 0.6860785 0.3831369 0.7206512 19.49475 1.08703 0 0.0 0.02626156966845739 1.1709694198799387 0.0 0.0
0.04338049 -0.002799016 -2.074895 -0.1539133 4.281487 2.272303 0.7964272 20.88141 0.9913044 1 0.5157373 0.04347069591355027 2.0805957235709895 0.0 0.0
0.008386469 -0.01602783 -1.029788 0.2333778 2.009826 1.281555 0.8555555 20.48513 0.5768528 0 0.0 0.01808933931344263 1.0559017579665448 0.0 0.0
-0.02782088 0.01744615 1.425733 2.053877 1.828575 1.373184 0.7204945 20.69487 0.6660957 0 0.0 0.032838537022786204 2.5002250535537796 0.0 0.0
-0.02709677 0.03992659 -1.68269 0.2613737 1.617502 0.955333 0.7915642 20.38711 0.8509197 0 0.0 0.048253160864973395 1.7028687110730794 0.0 0.0
-0.002397255 -0.01045386 -3.1279 -0.4004869 0.9610034 0.541194 0.7127807 19.86262 0.7631588 0 0.0 0.010725204913409581 3.1534343448170294 0.0 0.0
0.0313957 -0.005558776 -0.3821067 1.461774 2.341846 1.469776 0.9148018 20.30866 0.678875 0 0.0 0.03188400804648274 1.5108900546568202 0.0 0.0
-0.001766215 0.003713955 1.028363 -0.5551808 3.278547 2.100622 0.7715136 20.78622 nan 0 0.0 0.004112539017231326 1.1686557151093044 0.0 0.0
-0.01457889 0.01909255 -4.125364 -1.312459 1.14874 0.6919901 0.7482254 20.04035 1.021208 0 0.0 0.024022270898784736 4.32910807894386 0.0 0.0
-0.004293322 0.003755751 2.93286 3.150162 2.652702 1.592158 0.9202602 20.41666 nan 0 0.0 0.0057042334603069145 4.304089730226822 0.0 0.0
-0.04828636 0.002246774 0.7094474 1.185538 1.756065 1.204647 0.823023 20.52076 0.7240467 0 0.0 0.048338603159966013 1.3815990600788493 0.0 0.0
-0.001172032 -0.02372896 -6.876172 -1.55908 0.4882156 0.3184155 0.7283371 18.96131 1.297596 0 0.0 0.02375788714702181 7.050707185806542 0.0 0.0
-0.004283771 0.003980819 -7.871406 -3.243381 0.8734004 0.4793255 0.7213732 19.46396 0.8808918 0 0.0 0.005847872595329176 8.513433662629726 0.0 0.0
-0.0009904079 -0.01706468 -1.80425 0.2306956 0.4215984 0.2840262 0.7213396 18.74994 1.147495 0 0.0 0.017093396716591536 1.8189388451400337 0.0 0.0
-0.004762876 0.008676665 -3.14716 -1.280758 3.943907 2.219841 0.8624065 20.81744 0.8750782 0 0.0 0.00989795450149176 3.3977870916471504 0.0 0.0
0.009432918 0.001130475 1.843598 0.9861779 1.953462 1.227277 0.7539941 20.49353 nan 0 0.0 0.009500416607725631 2.0907894289125366 0.0 0.0
0.001076483 -0.008817304 -2.774159 0.811098 3.811868 2.097122 0.8054525 20.87659 nan 0 0.0 0.008882773523945378 2.8903006976584633 0.0 0.0
0.009973243 -0.02323411 -0.9595774 0.4481526 0.8273808 0.4687164 0.7684252 19.55049 1.025688 0 0.0 0.02528417377390744 1.0590701296314233 0.0 0.0
-0.003065772 -0.03064509 -2.084109 -0.08225405 1.069377 0.6273033 0.7627711 19.91655 1.083281 0 0.0 0.030798059988643506 2.0857315389623863 0.0 0.0
0.02643543 0.0397515 -2.709854 -0.4552621 2.117317 1.366981 0.8235176 20.53325 0.7088547 1 0.6341897 0.0477390166586504 2.747830468026077 0.0 0.0
-0.01608603 -0.02497915 -16.30982 0.1946278 0.5938329 0.3130504 0.7039075 19.12969 1.829672 1 0.0 0.02971057548892986 16.31098122164736 0.0 0.0
0.009942421 0.01133087 -1.159066 2.550062 2.008365 1.36379 0.7812238 20.67973 0.6334419 0 0.0 0.015074493367876116 2.8011158841076176 0.0 0.0
0.002838032 0.002775486 -2.338254 -0.4901999 1.297912 0.7666489 0.7597565 20.18956 0.6801414 0 0.0 0.003969603024134781 2.389085119972918 0.0 0.0
0.007850677 -0.01584845 -6.755568 -0.6850481 4.184808 2.364974 0.6605546 20.85808 0.7466507 0 0.0 0.017686336442599666 6.790212802404474 0.0 0.0
-0.005668445 -0.02308079 -0.9153839 2.124347 2.469457 1.785008 0.6657341 20.59986 0.8547707 0 0.0 0.023766660172227082 2.3131748444050246 0.0 0.0
-0.04416958 -0.008579033 -6.984769 -0.4727177 0.3367245 0.2238246 0.7071118 18.534 1.030016 1 0.0 0.04499501755296345 7.000747103506474 0.0 0.0
-0.03091803 -0.0331845 -11.81926 6.359711 2.944245 1.814318 0.8978455 20.66228 1.917299 0 0.0 0.0453556569716601 13.421655298476452 0.0 0.0
-0.002886238 0.004614168 -2.087998 -1.632731 1.467718 1.006698 0.8184649 20.29706 0.774107 0 0.0 0.005442510094144796 2.6505746860567805 0.0 0.0
0.00497116 -0.01082028 -0.2506858 1.638405 1.821842 1.250462 0.7828711 20.49004 0.79426 0 0.0 0.011907598037555686 1.657472266539214 0.0 0.0
0.007240973 0.001153759 -1.49065 0.3815534 0.3602393 0.2281837 0.6426557 18.75607 1.096344 0 0.0 0.007332315447170151 1.5387073859417066 0.0 0.0
0.00799401 -0.01695473 -5.180549 -0.7577421 2.95566 1.758532 0.7048535 20.85373 0.243206 0 0.0 0.018744787682259834 5.23567197516359 0.0 0.0
0.02280865 0.009003154 0.07345208 1.175054 3.52947 1.924357 0.630728 20.82717 0.9156532 0 0.0 0.024521241746090595 1.1773474894746778 0.0 0.0
0.01572894 0.02265128 3.155146 2.003013 2.262655 1.440708 0.7191761 20.71998 0.7106895 0 0.0 0.027576802555082415 3.7372459591904033 0.0 0.0
-0.01369393 0.005596418 -5.436931 2.433555 1.344598 0.723873 0.8212221 19.15123 nan 0 0.0 0.014793363825568003 5.956711226573436 0.0 0.0
0.001909512 0.002291068 1.137335 1.029546 1.669999 1.136258 0.8401823 20.29006 nan 0 0.0 0.002982486992221089 1.5341107744687148 0.0 0.0
-0.02866681 0.02278621 -0.5514928 1.257149 3.466438 1.959849 0.7382818 20.93777 0.8370361 0 0.0 0.036619630824739346 1.37279565728219 0.0 0.0
0.01873341 0.01654664 -0.4171209 -0.08307765 3.735481 2.193555 0.8295356 20.84573 0.7483902 0 0.0 0.024994638335405057 0.4253136973415417 0.0 0.0
0.02702407 -0.002054116 -1.623918 0.480213 0.3010364 0.1911544 0.6681811 18.48078 1.170233 1 0.9827615 0.027102024867274328 1.6934326665365234 0.0 0.0
0.03089565 0.03379399 -3.241869 0.4816636 2.632834 1.575119 0.8558984 20.70356 0.7224598 0 0.0 0.045788371329875885 3.2774554820357147 0.0 0.0
0.003123318 -0.02496501 -3.884452 -3.398295 4.313289 3.136451 0.3138771 20.95361 -0.6098785 0 0.0 0.0251596271758789 5.161140983089786 0.0 0.0
0.006648822 0.01019087 -10.16929 0.1032887 1.854324 1.213538 0.8472165 20.43021 1.297142 0 0.0 0.012168018135447696 10.169814534181421 0.0 0.0
-0.005359301 0.03346069 -6.38357 -0.5553505 2.120755 1.345366 0.8759928 20.47903 1.45982 0 0.0 0.03388716397818946 6.407681337484742 0.0 0.0
-0.02581831 -0.03627508 -1.643767 0.2927919 0.3801911 0.2343294 0.6358324 18.86553 1.22331 1 0.9803386 0.044524898206088015 1.6696397955830504 0.0 0.0
-0.009955137 -0.01953766 -1.88864 0.1329313 0.2291081 0.133625 0.7095204 17.66944 0.8859844 0 0.0 0.021927720149718458 1.8933123831316612 0.0 0.0
0.01317272 -0.008616993 -1.119608 0.7750833 0.309275 0.1922776 0.6733717 18.5038 1.055166 0 0.0 0.015740810670370475 1.3617181043089976 0.0 0.0
-0.00396864 0.01281187 -21.37791 -9.842229 3.464903 1.987888 0.8988493 20.76142 0.5392189 0 0.0 0.013412461233737079 23.534751064256895 0.0 0.0
-0.008874658 -0.01614618 -2.837595 -1.26999 1.364602 0.8404257 0.6990476 20.4262 0.8358879 0 0.0 0.018424404555083023 3.1088293591197633 0.0 0.0
0.007076704 -0.008943719 -2.995369 1.039741 1.648004 1.112433 0.8238058 20.33479 0.7145042 0 0.0 0.01140481692332573 3.170693424669437 0.0 0.0
-0.003210116 -0.01820156 -0.3575092 0.4934885 3.548682 1.52007 0.6787847 20.45934 nan 0 0.0 0.018482468210903436 0.6093797893899091 0.0 0.0
-0.003299688 0.0302489 -3.298468 -0.6496919 3.164997 1.900883 0.8624488 20.78544 0.6528873 0 0.0 0.0304283402785519 3.361843350299001 0.0 0.0
-0.006310246 -0.01704984 1.254684 1.835287 1.01556 0.8416647 0.6417869 20.51912 0.7945366 0 0.0 0.018180105846944787 2.2231757267982664 0.0 0.0
0.02017167 -0.02266524 -6.605146 -4.200657 0.3340208 0.2060325 0.6331769 18.65726 1.468887 1 0.0 0.030341545360223494 7.827737407001145 0.0 0.0
-0.03372078 0.01960133 -4.23874 1.562252 1.348446 0.8587493 0.6798382 20.05207 1.350376 0 0.0 0.039003886236852095 4.517471427591325 0.0 0.0
-0.03709199 -0.003514511 -4.462237 -2.001107 4.326712 2.362033 0.6695179 20.91133 0.2807808 0 0.0 0.037258120050926095 4.890397557419846 0.0 0.0
0.01787403 -0.002049665 -0.8659665 0.3053938 0.2558954 0.163268 0.6422172 18.01847 1.164509 0 0.0 0.01799116658399685 0.918239267402941 0.0 0.0
-0.01589623 0.03506043 -4.450176 -1.189879 1.776606 1.272373 0.7659809 20.54354 0.8162003 0 0.0 0.03849576444230975 4.6065039309238625 0.0 0.0
-0.03174098 -0.01872354 -4.372666 0.9552687 1.58329 1.058981 0.7979151 20.39246 0.871603 0 0.0 0.03685187595621151 4.475795598187622 0.0 0.0
-0.006705162 0.001024141 3.404803 7.092795 2.90409 2.115429 0.610015 20.78936 0.7809525 0 0.0 0.00678292431287015 7.867682275030811 0.0 0.0
0.01978586 -0.02997022 -1.447073 0.3914165 0.7026421 0.3800726 0.7027203 19.46007 1.206839 0 0.0 0.03591231463980009 1.499075429656977 0.0 0.0
0.005258805 -0.005861201 4.122141 3.23751 3.815219 1.955684 0.835848 20.75818 0.7424011 0 0.0 0.007874560761745761 5.241518618108782 0.0 0.0
0.004174876 -0.0332201 -6.81715 -2.092354 0.910617 0.4943301 0.7315528 19.75001 0.9505634 0 0.0 0.0334814072826304 7.131022323889892 0.0 0.0
-0.02379257 -0.01416019 -5.684963 2.405693 1.132273 0.6494527 0.739878 20.02959 1.299795 0 0.0 0.027687494795322308 6.173018963328883 0.0 0.0
0.006715992 0.01125134 -9.47407 -2.021399 2.316378 1.453341 0.8680349 20.55926 0.611372 0 0.0 0.013103327834548902 9.687314193423324 0.0 0.0
-0.0387742 -0.006205256 0.7290524 1.636318 2.002234 1.315793 0.7582895 20.62177 0.7187119 0 0.0 0.039267592078780895 1.7913832641480605 0.0 0.0
-0.01749837 -0.008954124 0.4472948 1.092186 0.632631 0.3426037 0.775819 19.14542 nan 0 0.0 0.019656278621963924 1.180230018556993 0.0 0.0
-0.003058896 0.009935659 -2.461501 0.4080884 1.732647 1.068277 0.8733558 20.20345 0.838728 0 0.0 0.010395872474357167 2.495099860770218 0.0 0.0
0.009484395 0.01874674 -0.9270622 2.572983 0.7015733 0.3980417 0.7432636 19.45873 0.9228745 0 0.0 0.021009379075632505 2.7349014316713207 0.0 0.0
0.008280655 -0.01916731 -1.28886 0.4452212 0.1141869 0.06736411 0.6776065 16.50832 1.299195 1 0.9994737 0.020879535911152936 1.3635915871438338 0.0 0.0
-0.002990071 -0.01797648 -2.067873 1.48608 0.4898647 0.3360852 0.7500162 18.85468 1.060001 0 0.0 0.018223456252188852 2.546474525796204 0.0 0.0
0.007604994 0.002919906 -1.339314 -1.699712 1.212138 0.7636284 0.6465353 19.67054 0.9432774 0 0.0 0.008146274288831183 2.1639738615657995 0.0 0.0
-0.002186298 -0.01950994 -8.839653 -2.20122 1.42457 0.8851625 0.7462691 20.26084 0.8512516 0 0.0 0.019632056890412784 9.109601234346595 0.0 0.0
0.007557087 0.002641441 1.204516 4.369874 2.4575 1.527375 0.8179677 20.27411 nan 0 0.0 0.008005421568040624 4.532842107346339 1.0 0.0
-0.04831526 0.01156987 -6.303796 1.972061 2.213221 1.424004 0.8313715 20.42681 1.557192 0 0.0 0.04968124636806629 6.605063860201278 0.0 0.0
0.007499618 0.002416383 -6.435289 2.661213 3.351776 1.874549 0.7528943 20.8265 nan 0 0.0 0.007879287845269584 6.963835088863751 0.0 0.0
