jas1101finalproject/data/gcs/Rup_106.ecsv
# %ECSV 0.9
# ---
# datatype:
# - {name: x, unit: deg, datatype: float64}
# - {name: y, unit: deg, datatype: float64}
# - {name: pmx, unit: mas / yr, datatype: float64}
# - {name: pmy, unit: mas / yr, datatype: float64}
# - {name: pmx_e, unit: mas / yr, datatype: float64}
# - {name: pmy_e, unit: mas / yr, datatype: float64}
# - {name: pm_corr, datatype: float64}
# - {name: g_mag, unit: mag, datatype: float64}
# - {name: bp_rp, unit: mag, datatype: float64}
# - {name: filter, datatype: int64}
# - {name: memberprob, datatype: float64}
# - {name: r, unit: deg, datatype: float64}
# - {name: pm, unit: mas / yr, datatype: float64}
# - {name: member_prob_GMM, datatype: float64}
# - {name: member_prob_DB, datatype: float64}
# meta: !!omap
# - comments: [deg deg mas/yr mas/yr mas/yr mas/yr dimless mag   mag   zeroone float]
# - __serialized_columns__:
#     bp_rp:
#       __class__: astropy.units.quantity.Quantity
#       unit: &id001 !astropy.units.Unit {unit: mag}
#       value: !astropy.table.SerializedColumn {name: bp_rp}
#     g_mag:
#       __class__: astropy.units.quantity.Quantity
#       unit: *id001
#       value: !astropy.table.SerializedColumn {name: g_mag}
#     pm:
#       __class__: astropy.units.quantity.Quantity
#       unit: !astropy.units.Unit {unit: mas / yr}
#       value: !astropy.table.SerializedColumn {name: pm}
#     pmx:
#       __class__: astropy.units.quantity.Quantity
#       unit: !astropy.units.Unit {unit: mas / yr}
#       value: !astropy.table.SerializedColumn {name: pmx}
#     pmx_e:
#       __class__: astropy.units.quantity.Quantity
#       unit: !astropy.units.Unit {unit: mas / yr}
#       value: !astropy.table.SerializedColumn {name: pmx_e}
#     pmy:
#       __class__: astropy.units.quantity.Quantity
#       unit: !astropy.units.Unit {unit: mas / yr}
#       value: !astropy.table.SerializedColumn {name: pmy}
#     pmy_e:
#       __class__: astropy.units.quantity.Quantity
#       unit: !astropy.units.Unit {unit: mas / yr}
#       value: !astropy.table.SerializedColumn {name: pmy_e}
#     r:
#       __class__: astropy.units.quantity.Quantity
#       unit: &id002 !astropy.units.Unit {unit: deg}
#       value: !astropy.table.SerializedColumn {name: r}
#     x:
#       __class__: astropy.units.quantity.Quantity
#       unit: *id002
#       value: !astropy.table.SerializedColumn {name: x}
#     y:
#       __class__: astropy.units.quantity.Quantity
#       unit: *id002
#       value: !astropy.table.SerializedColumn {name: y}
# schema: astropy-2.0
x y pmx pmy pmx_e pmy_e pm_corr g_mag bp_rp filter memberprob r pm member_prob_GMM member_prob_DB
[from data line 558]
-0.007978856 0.004750897 -13.82083 -5.108539 2.600496 1.912965 0.7795627 20.40854 0.7759991 0 0.0 0.009286181420441074 14.734738294364819 0.0 0.0
0.04764021 -0.002196679 -0.7787163 1.684341 1.916242 1.206177 0.8600608 20.36851 0.8745308 0 0.0 0.04769082728862167 1.8556410429193169 0.0 0.0
0.01002374 -0.0109775 0.1163351 1.479275 1.865649 1.307418 0.8416319 20.51283 0.8203449 0 0.0 0.014865425316404505 1.4838424381035238 0.0 0.0
-0.009852796 -0.005945876 -0.9661267 0.2381982 0.3828933 0.2467248 0.6210986 18.37966 1.069662 0 0.0 0.011507868196368605 0.9950573767055496 0.0 0.0
-0.01081335 0.009057113 -7.03542 -3.397579 1.84192 1.345137 0.7958691 20.53952 1.110971 0 0.0 0.014105312265854627 7.812853360817736 0.0 0.0
0.01111062 -0.02768231 -7.489161 -4.695556 1.684626 1.116501 0.7965655 20.3637 1.391218 0 0.0 0.029828780795072736 8.839444475364784 0.0 0.0
-0.009900572 -0.006300653 2.205152 2.143871 1.250443 0.7098751 0.7698313 20.08053 nan 0 0.0 0.011735397485964971 3.075528931378308 0.0 0.0
-0.01096623 0.00782493 -0.7037494 -2.248294 4.212206 3.088771 0.5802301 20.92309 0.5693741 0 0.0 0.013471738192148777 2.3558627142591226 0.0 0.0
-0.01623241 0.03767338 -8.37235 0.6370797 0.6656989 0.3663124 0.732241 19.43094 1.05464 1 0.0 0.04102163691312793 8.396553761314943 0.0 0.0
-0.00121078 -0.005353562 -1.318698 0.436654 0.1418693 0.08805499 0.6336675 17.26062 1.21323 1 0.9996134 0.005488771656413118 1.3891116337141518 0.0 0.0
-0.02877146 0.03705311 -3.147739 0.7595243 0.9114179 0.5001284 0.7095894 19.8755 1.056995 1 0.02797217 0.04691193740620504 3.2380762768056424 0.0 0.0
0.003805593 0.0121405 -1.973252 -0.8760733 1.640378 1.031184 0.7579608 20.56561 0.754734 0 0.0 0.012722982289213838 2.1589876985469116 0.0 0.0
-0.009423952 0.002972976 -4.350964 -1.486029 1.722874 1.195238 0.7320847 20.19112 0.8423805 0 0.0 0.009881774010514509 4.597735303183188 1.0 0.0
0.0231354 0.0306247 -7.213273 3.247632 0.9638991 0.5484105 0.7290408 19.77783 0.8088932 0 0.0 0.038381232174723105 7.910652373853435 0.0 0.0
-0.007882772 0.002656645 -1.58825 0.01727806 0.5336385 0.2993641 0.6384883 19.11148 1.033978 0 0.0 0.008318404718454676 1.5883439784433862 0.0 0.0
0.02104143 -0.02447761 -1.3061 -2.935931 1.475993 0.8847961 0.7601854 20.3783 1.593599 0 0.0 0.03227840094795589 3.2133453046258507 0.0 0.0
-0.01603504 -0.006531259 -7.215256 -4.621244 1.585403 1.155071 0.7937842 20.54886 1.86677 0 0.0 0.01731415178190029 8.568302938918068 0.0 0.0
-0.004502703 -0.008657294 -0.6311091 -2.610901 3.524459 2.191593 0.8021406 20.80524 nan 0 0.0 0.009758231074771953 2.686094325950563 0.0 0.0
0.0420622 -4.739728e-05 -6.407293 2.192635 0.437161 0.2684113 0.6449923 18.9619 1.149151 1 0.0 0.04206222670451663 6.772078841173809 0.0 0.0
0.004868196 0.01097692 0.09723482 1.191493 1.095372 0.6241821 0.8154209 19.83664 0.469059 0 0.0 0.01200800170639628 1.1954539636763233 0.0 0.0
0.01334803 0.001957298 -2.372902 2.863266 3.24411 2.123017 0.8348445 20.70772 0.5300198 0 0.0 0.01349077167332188 3.7187304404003254 0.0 0.0
0.02440378 -0.03403127 -0.6984361 0.6747306 1.031929 0.5698664 0.743396 19.9579 0.9857254 0 0.0 0.04187686492684595 0.971120161648171 0.0 0.0
0.01134841 0.005707681 -3.066041 0.2260685 1.645595 1.068028 0.8475312 20.24311 0.8432522 0 0.0 0.012702914308372743 3.074364061130895 0.0 0.0
-0.003597108 0.03674531 -20.02954 -1.619817 0.4034021 0.2470999 0.6589765 18.96307 1.780901 1 0.0 0.03692095601362137 20.094931692471338 0.0 0.0
-0.01159698 0.003517983 -1.495165 -0.6101533 1.498434 0.8630455 0.6717946 20.52576 0.6463604 0 0.0 0.012118834494648774 1.6148700959290472 0.0 0.0
-0.007202122 -0.003935041 -0.3292593 0.9230173 1.347627 0.9076529 0.8295777 19.9933 0.8329258 0 0.0 0.008207015838571594 0.9799860319085064 0.0 0.0
0.02137511 -0.02696113 -9.783011 1.889545 1.235976 0.7471198 0.7890488 20.09344 1.429649 0 0.0 0.034406363632168396 9.963818772596479 0.0 0.0
0.03117827 0.01258408 -1.639171 1.444745 0.9371367 0.513943 0.7383094 19.7568 0.5760269 0 0.0 0.03362206997850222 2.1849873414429655 0.0 0.0
0.02938796 -0.03237859 -5.280381 -0.9205491 2.543388 1.655105 0.7302766 20.81279 0.6176872 0 0.0 0.043726711325569635 5.360021842368911 0.0 0.0
-0.007029721 -0.004766618 -2.700112 -0.5754706 1.429503 0.9663598 0.7965678 20.123 0.9832268 0 0.0 0.008493387103845262 2.7607555531064967 0.0 0.0
0.01492947 0.008331173 -4.159333 0.1861738 3.176858 1.960962 0.8520513 20.74419 0.7250023 0 0.0 0.01709671073735615 4.1634975307661035 0.0 0.0
-0.009466236 -0.02419531 -6.823002 -0.1947817 0.2884735 0.177106 0.6521696 18.38853 1.219999 1 0.0 0.025981198009402802 6.825781728319393 0.0 0.0
-0.01265801 -0.001952572 -3.493134 -0.8990531 1.872629 1.204615 0.8519877 20.35892 0.7364559 0 0.0 0.012807722458551482 3.606976797620912 0.0 0.0
-0.004024255 -0.008180412 -3.876524 -2.120592 0.4784779 0.3176031 0.6512672 18.97441 0.9758797 0 0.0 0.009116675314760804 4.418636526468317 1.0 0.0
0.002999012 -0.02407999 -4.352443 -0.941252 1.896201 1.375947 0.7019739 20.51747 0.9460163 0 0.0 0.02426602545486681 4.453056859703568 0.0 0.0
0.02710547 -0.01011462 0.7214915 2.112134 0.9469131 0.5231683 0.7145419 19.90444 1.017962 0 0.0 0.028931160392651038 2.231963265497049 0.0 0.0
-0.004158265 -0.007829472 -6.345255 -1.877048 1.816755 1.043122 0.8139308 20.30621 nan 0 0.0 0.008865201611300728 6.617066586436092 0.0 0.0
-0.01588556 0.004046949 -1.783599 0.3113139 1.8349 1.226751 0.8269094 20.50875 0.952898 0 0.0 0.016392950092103648 1.8105639279335624 0.0 0.0
-0.004263509 -0.00810414 -3.358718 -0.824081 1.864836 1.214463 0.8195176 20.05499 nan 0 0.0 0.009157215413687777 3.45833718686958 0.0 0.0
0.001518071 0.03312909 2.731167 1.561402 2.779999 1.674515 0.7937198 20.75851 0.5093632 0 0.0 0.03316385296959841 3.145989413124749 0.0 0.0
-0.01573221 0.003478611 -1.947146 2.692688 1.613636 1.144014 0.8050092 20.52365 0.7263203 0 0.0 0.01611220549687165 3.322942402549283 0.0 0.0
0.008956697 -0.03593684 -3.218362 -1.836073 1.64888 1.148248 0.7969188 20.57751 0.6517296 0 0.0 0.03703618352821209 3.705268954390896 0.0 0.0
0.03826735 0.0291765 -10.27246 -0.6764475 2.3237 1.489143 0.8343103 20.56413 1.186987 0 0.0 0.04812128664398428 10.294708139226495 0.0 0.0
-0.02488879 0.01359116 -2.308018 0.08167324 0.8002401 0.4423355 0.7000106 19.71387 0.6392632 0 0.0 0.028357917726971774 2.309462622874875 0.0 0.0
-0.006777147 0.03498638 1.060481 -1.063598 0.3828632 0.246384 0.632348 18.91835 1.064665 1 0.0 0.03563672974564317 1.5019522818535214 0.0 0.0
-0.01229444 0.03453129 -9.142144 0.7647115 0.2571843 0.1642408 0.6444959 18.07625 1.337429 1 0.0 0.03665464832702259 9.174071102567728 0.0 0.0
-0.002797002 -0.04617852 -4.122398 2.893755 1.573184 0.9139941 0.7959283 20.33552 1.712204 0 0.0 0.04626314872096801 5.036663902865566 0.0 0.0
0.009809618 0.01713305 6.019153 3.102947 3.348885 2.727741 0.810735 20.88361 0.6310501 0 0.0 0.01974259374065181 6.771889169369062 0.0 0.0
-0.01184327 -0.00656814 -8.726845 -2.408451 0.5653265 0.3160417 0.7092294 19.24093 1.085463 0 0.0 0.013542655107197406 9.05309117779259 0.0 0.0
-0.01725504 0.005709665 -2.79549 -0.08949104 1.786583 1.141909 0.8612357 20.2642 0.890274 0 0.0 0.018175166569080598 2.7969220558214136 0.0 0.0
0.01227727 0.006851852 -1.456049 0.325077 1.118258 0.6529163 0.7730273 20.02231 0.9278908 0 0.0 0.014059844753154424 1.491896023967488 0.0 0.0
0.003808184 0.04358123 -8.88039 3.683578 1.025287 0.5884708 0.7793371 19.80265 1.810148 0 0.0 0.04374729561573785 9.61405603448326 0.0 0.0
-0.03169097 0.03389263 0.257275 0.004151607 3.064089 2.052972 0.8905935 20.74704 0.5370827 0 0.0 0.046400732190966555 0.2573084947406176 0.0 0.0
-0.02732035 -0.003152924 -5.688108 -0.8212698 1.205349 0.669349 0.6629284 20.18376 1.621897 0 0.0 0.02750168092812285 5.74709115153536 0.0 0.0
-0.004828236 -0.007123818 -1.268398 1.895651 0.6231186 0.3452004 0.6933116 19.22534 0.8876572 0 0.0 0.008605849508841064 2.280860846304526 0.0 0.0
-0.02224671 0.01453474 0.9934441 0.8657727 3.399802 2.154585 0.8257941 20.82041 1.306749 0 0.0 0.026573949136169055 1.3177608082994805 0.0 0.0
-0.0206222 -0.04257053 -1.803256 -0.02722604 1.153614 0.7044557 0.6954056 20.25933 0.9295807 0 0.0 0.047302485741458664 1.803461521294558 0.0 0.0
0.01632138 0.0190233 -2.320112 -0.466075 1.147522 0.6832579 0.793943 19.93922 0.4438267 1 0.9293459 0.025065382263081488 2.3664626762678935 0.0 0.0
0.04781065 0.005260881 -2.081876 -0.4615597 1.830104 1.167956 0.8625895 20.34887 0.9540329 1 0.7280298 0.048099221639426364 2.132427029476059 0.0 0.0
0.02595773 0.04205584 -5.007234 1.080564 0.7690125 0.4032157 0.6915041 19.49646 1.133461 1 0.0 0.04942162911983476 5.1225004527917815 0.0 0.0
0.01470322 0.01934428 -2.945285 -0.1999068 1.095055 0.6794543 0.7689617 20.07502 0.9860458 0 0.0 0.024297856841433565 2.95206139162302 0.0 0.0
-0.01159594 0.03750693 -5.772941 0.6703491 0.5268487 0.2910742 0.7175287 19.11856 1.582819 1 0.0 0.03925857387257591 5.811730870003514 0.0 0.0
-0.01174774 -0.005908173 -1.974483 1.090042 1.528148 1.133954 0.7546298 20.54766 0.6449776 0 0.0 0.013149749172722991 2.2553879220774857 0.0 0.0
0.04601849 0.003187507 0.1881627 1.111645 1.789609 1.219862 0.8467842 20.44852 0.7090816 0 0.0 0.046128750500692615 1.1274572309831934 0.0 0.0
-0.006204146 -0.02337459 -6.974653 -6.526941 1.218913 0.665709 0.7003611 20.20275 1.443724 0 0.0 0.024183938580335008 9.55231612164767 0.0 0.0
0.02397572 -0.01113523 -9.090094 1.355324 1.949021 1.239484 0.8010461 20.58818 1.043192 0 0.0 0.02643536450800896 9.190577352583025 0.0 0.0
-0.001296131 -0.03321611 -9.764498 -0.7262834 0.2211354 0.1354194 0.6762241 17.93727 1.441963 1 0.0 0.0332413886458021 9.791471225976185 0.0 0.0
0.002491444 -0.03405539 -7.626332 -0.8462152 0.2579468 0.1609692 0.6380515 18.202 1.113297 1 0.0 0.03414640363577453 7.67313625181614 0.0 0.0
-0.005245066 0.03969391 -0.2386563 1.605478 1.576714 1.089757 0.7911264 20.58036 0.7784729 0 0.0 0.0400389461453777 1.6231193542108016 0.0 0.0
-0.01957278 0.008375214 -5.300876 0.06996975 2.024703 1.279482 0.8150135 20.60119 1.008438 0 0.0 0.021289385300524676 5.301337768270482 0.0 0.0
0.04909512 -0.002106652 -7.978514 -3.734899 4.152919 2.523137 0.8089724 20.86613 1.496737 0 0.0 0.049140297012365566 8.809435633932345 0.0 0.0
0.01237408 0.01089541 -6.062375 -2.171401 2.722411 1.649547 0.8364619 20.69 0.5935326 0 0.0 0.01648720154891363 6.439516514725775 0.0 0.0
0.01357971 0.008568101 1.750629 1.196712 1.713002 1.10779 0.8314416 20.34407 nan 0 0.0 0.016056801625177444 2.120571033138244 0.0 0.0
-0.0135958 -0.00257082 2.837784 -0.479163 2.564283 1.638617 0.8385576 20.21243 0.9347248 0 0.0 0.013836722629018767 2.8779533024746944 0.0 0.0
0.009875159 0.01019029 -1.930418 0.01641763 1.954758 1.246474 0.8608641 20.41722 0.7900276 0 0.0 0.014190164747436196 1.930487812263734 0.0 0.0
-0.008168073 -0.007868155 -9.585253 0.9783038 1.075549 0.6481261 0.7804318 19.92746 nan 0 0.0 0.011341308550487195 9.635048178348848 0.0 0.0
0.01103223 0.004536645 -12.16781 -4.583048 3.400583 2.065564 0.7618106 20.81212 nan 0 0.0 0.011928589465185102 13.002304763633406 0.0 0.0
0.02157559 -0.007357492 -1.528588 0.3620589 3.040206 1.807694 0.8454518 20.74273 0.7656708 0 0.0 0.02279558668642165 1.5708812561149268 0.0 0.0
0.003076505 -0.009694774 -10.96084 -1.971225 2.611165 1.578914 0.746545 20.56632 0.5394459 0 0.0 0.010171210642106524 11.136684493430932 0.0 0.0
0.01272797 0.009632645 2.69281 3.398276 1.642561 1.115049 0.8165835 20.46841 0.6716862 0 0.0 0.015962113582383915 4.335839649742136 0.0 0.0
0.01224701 0.001049706 6.324147 -0.5902543 1.826449 1.193284 0.8474147 20.21788 0.8717766 0 0.0 0.012291913464816452 6.351632500096136 0.0 0.0
-0.01536397 0.01874897 1.53711 0.7944216 3.430381 2.3134 0.7027476 20.89834 0.5442066 0 0.0 0.024239955656349704 1.7302638037728697 0.0 0.0
0.01440583 -0.04368587 -1.169375 0.7717488 2.645034 1.590211 0.8667247 20.72503 0.7379894 0 0.0 0.045999817126221275 1.4010831884390165 0.0 0.0
0.01484702 -0.009899239 -5.710561 1.988049 1.084164 0.6000535 0.7389593 19.96613 1.060005 0 0.0 0.01784457720596151 6.046721902082317 0.0 0.0
0.01126918 -0.005137484 -1.367302 0.3909458 0.1285594 0.08171807 0.6588945 17.11548 1.256754 1 0.9995971 0.012384997364660841 1.4220947147576493 0.0 0.0
-0.0004072146 0.03484573 -3.380644 -1.255324 1.770798 1.217273 0.7897918 20.63116 0.981451 0 0.0 0.034848109316910625 3.606188042755397 0.0 0.0
0.02289162 -0.01671939 0.7094133 0.2176857 3.875803 2.014815 0.7336101 20.83201 0.6136951 0 0.0 0.028347209178268325 0.7420608426546842 0.0 0.0
0.02630594 0.01423506 -8.421155 -1.166155 0.5211107 0.3008386 0.7305944 19.10948 1.028051 1 0.0 0.029910523440541792 8.50151568945503 0.0 0.0
0.011704 0.01124272 -0.9541095 -4.046886 3.390923 2.131007 0.8160573 20.68884 0.7481003 0 0.0 0.016229059399681795 4.157837326662293 0.0 0.0
0.00528726 -0.008100431 -3.374909 0.04535851 2.953433 1.723877 0.8555603 20.61895 nan 0 0.0 0.00967326732254211 3.37521379363003 0.0 0.0
0.01469849 -0.02553564 6.848337 5.846465 2.026636 1.360166 0.6294066 20.57737 0.7281742 0 0.0 0.029463783166621692 9.004491804749117 0.0 0.0
0.006562221 0.007112418 -14.02672 -7.503543 2.345633 1.517723 0.8230566 20.67811 0.7083073 0 0.0 0.009677253446074717 15.907609233044699 0.0 0.0
0.005325572 -0.007821963 -7.873924 -1.819793 1.006437 0.562211 0.6955511 19.92499 0.9202518 0 0.0 0.009462812599885564 8.081480416398037 0.0 0.0
-0.0003114212 0.03406753 -9.937754 -0.08954301 2.019463 1.349586 0.7923471 20.66342 1.689131 0 0.0 0.03406895336614715 9.938157400401538 0.0 0.0
-0.009458984 -0.01290762 -0.9757417 1.031812 1.504051 1.100852 0.7535948 20.5475 0.5306454 0 0.0 0.016002469571183568 1.4201084002508013 0.0 0.0
0.002933114 -0.007283876 -1.480273 0.18962 0.2525861 0.1649401 0.7040334 18.18127 nan 0 0.0 0.007852261287067057 1.4923685533168405 0.0 0.0
-0.005163415 -0.005113509 -6.687679 -8.449067 0.3713544 0.2426699 0.5728037 18.74507 1.476566 0 0.0 0.007266968333170718 10.775517786980354 0.0 0.0
-0.00601517 -0.005285274 -4.352067 -1.727638 1.303673 0.8586493 0.6967942 20.23952 0.7694969 0 0.0 0.008007271157140615 4.68243742419832 1.0 0.0
0.01569365 -0.02475777 -4.822718 0.7091484 1.72613 1.131243 0.7866597 20.31007 0.683527 0 0.0 0.02931275875272404 4.874576941719821 0.0 0.0
-0.02407569 0.01498014 0.3527375 1.400631 3.191519 1.773116 0.8010959 20.77006 0.6866589 0 0.0 0.028355659812384897 1.4443652384584897 0.0 0.0
-0.005536636 -0.005357693 -10.70704 -2.55976 1.410274 0.9214607 0.5019166 20.34185 nan 0 0.0 0.007704493005950813 11.008772720844044 0.0 0.0
0.004685816 0.006284857 1.663949 1.111271 2.367198 1.50038 0.7620853 20.75964 0.5315285 0 0.0 0.007839406807680348 2.000912169497202 0.0 0.0
-0.02175071 -0.001780486 -1.638111 0.4333277 0.9132371 0.5230859 0.6403972 20.02987 1.019508 0 0.0 0.0218234625094254 1.694455825304481 0.0 0.0
-0.02061606 0.007897923 -0.9775645 0.5835933 2.292808 1.480975 0.8489279 20.58601 0.5178471 0 0.0 0.02207711751197445 1.1385137203675413 0.0 0.0
0.04551164 0.01338089 -1.075894 0.6086938 0.1439617 0.08989767 0.734446 16.95645 1.301281 1 0.9800513 0.047437934110600766 1.2361456392328696 0.0 0.0
0.01350258 0.006725625 -1.307799 1.111991 1.882901 1.228992 0.831618 20.52071 0.8512173 0 0.0 0.015084883105182651 1.7166427142774934 0.0 0.0
-0.009707676 -0.01338069 -13.44109 -4.43378 3.020131 2.035017 0.8046973 20.43321 0.7041702 0 0.0 0.016531238253593587 14.153490928972259 0.0 0.0
-0.01163334 -0.004119051 -6.555116 -0.7908761 0.2526576 0.1642558 0.6392334 18.27386 1.0215 1 0.0 0.012341036451457432 6.602653313555635 0.0 0.0
0.01725407 0.003718393 -2.670538 -5.63658 0.8397017 0.4583196 0.7124712 19.77461 1.459677 0 0.0 0.017650194845025054 6.2372115008105995 0.0 0.0
0.02197401 0.005341449 -1.521329 0.2838632 0.1727847 0.1131056 0.6313212 17.63741 1.237787 1 0.9979933 0.022613893802255747 1.5475852941131354 0.0 0.0
