jas1101finalproject/data/gcs/Rup_106.ecsv
# %ECSV 0.9
# ---
# datatype:
# - {name: x, unit: deg, datatype: float64}
# - {name: y, unit: deg, datatype: float64}
# - {name: pmx, unit: mas / yr, datatype: float64}
# - {name: pmy, unit: mas / yr, datatype: float64}
# - {name: pmx_e, unit: mas / yr, datatype: float64}
# - {name: pmy_e, unit: mas / yr, datatype: float64}
# - {name: pm_corr, datatype: float64}
# - {name: g_mag, unit: mag, datatype: float64}
# - {name: bp_rp, unit: mag, datatype: float64}
# - {name: filter, datatype: int64}
# - {name: memberprob, datatype: float64}
# - {name: r, unit: deg, datatype: float64}
# - {name: pm, unit: mas / yr, datatype: float64}
# - {name: member_prob_GMM, datatype: float64}
# - {name: member_prob_DB, datatype: float64}
# meta: !!omap
# - comments: [deg deg mas/yr mas/yr mas/yr mas/yr dimless mag   mag   zeroone float]
# - __serialized_columns__:
#     bp_rp:
#       __class__: astropy.units.quantity.Quantity
#       unit: &id001 !astropy.units.Unit {unit: mag}
#       value: !astropy.table.SerializedColumn {name: bp_rp}
#     g_mag:
#       __class__: astropy.units.quantity.Quantity
#       unit: *id001
#       value: !astropy.table.SerializedColumn {name: g_mag}
#     pm:
#       __class__: astropy.units.quantity.Quantity
#       unit: !astropy.units.Unit {unit: mas / yr}
#       value: !astropy.table.SerializedColumn {name: pm}
#     pmx:
#       __class__: astropy.units.quantity.Quantity
#       unit: !astropy.units.Unit {unit: mas / yr}
#       value: !astropy.table.SerializedColumn {name: pmx}
#     pmx_e:
#       __class__: astropy.units.quantity.Quantity
#       unit: !astropy.units.Unit {unit: mas / yr}
#       value: !astropy.table.SerializedColumn {name: pmx_e}
#     pmy:
#       __class__: astropy.units.quantity.Quantity
#       unit: !astropy.units.Unit {unit: mas / yr}
#       value: !astropy.table.SerializedColumn {name: pmy}
#     pmy_e:
#       __class__: astropy.units.quantity.Quantity
#       unit: !astropy.units.Unit {unit: mas / yr}
#       value: !astropy.table.SerializedColumn {name: pmy_e}
#     r:
#       __class__: astropy.units.quantity.Quantity
#       unit: &id002 !astropy.units.Unit {unit: deg}
#       value: !astropy.table.SerializedColumn {name: r}
#     x:
#       __class__: astropy.units.quantity.Quantity
#       unit: *id002
#       value: !astropy.table.SerializedColumn {name: x}
#     y:
#       __class__: astropy.units.quantity.Quantity
#       unit: *id002
#       value: !astropy.table.SerializedColumn {name: y}
# schema: astropy-2.0
x y pmx pmy pmx_e pmy_e pm_corr g_mag bp_rp filter memberprob r pm member_prob_GMM member_prob_DB
[from data line 669]
-0.009843358 0.03959398 -1.830468 -2.435232 0.3204062 0.2040459 0.6483525 18.65497 1.04834 1 0.0 0.040799202798051874 3.046468117812494 0.0 0.0
-0.001096051 -0.0004440438 0.7673341 2.681592 3.018028 1.938409 0.890815 20.74593 0.7938728 0 0.0 0.001182583058782528 2.789218040147957 0.0 0.0
0.01207986 -0.0158608 -2.455255 -2.611405 2.216077 3.120185 0.05345515 20.5802 1.115299 0 0.0 0.01993710094922529 3.5843706824280885 0.0 0.0
-0.006137576 -0.02039149 -0.2029073 1.533609 2.12053 1.404894 0.7790205 20.67317 0.701725 0 0.0 0.021295133330784196 1.546973799802146 0.0 0.0
0.01643398 0.01254209 -0.4522236 1.503621 2.672227 1.705014 0.7556734 20.71413 0.5665169 0 0.0 0.02067316425244331 1.5701535899516201 0.0 0.0
-0.01270358 -0.01025718 -1.841548 0.1673464 1.466748 1.084859 0.767852 20.52301 0.5687637 0 0.0 0.01632760504081355 1.8491359749615386 0.0 0.0
0.007199776 -0.01749247 -7.881845 -2.030099 1.843073 1.191272 0.8014377 20.27506 0.8212757 0 0.0 0.018916217411286962 8.139089786568643 0.0 0.0
0.003873141 0.01845 0.1007809 0.8833663 0.5759098 0.3166308 0.727007 19.19787 0.9247494 0 0.0 0.018852154285542037 0.8890966256715297 0.0 0.0
0.01398398 0.01581209 -3.523371 -0.1108701 1.320639 0.7587784 0.8084505 20.12348 0.8465462 0 0.0 0.021108621148916856 3.525114946028712 0.0 0.0
0.006967703 0.02974114 -7.231566 -2.418957 3.336671 1.845532 0.7620513 20.86211 0.6701012 0 0.0 0.030546428491655273 7.625411449895998 0.0 0.0
0.01683548 0.01084822 -1.857259 2.531518 4.067731 2.221896 0.8230848 20.90048 0.5301476 0 0.0 0.020027912122805015 3.1397443172024375 0.0 0.0
0.01529498 0.01353812 -9.125304 -1.342866 3.234828 1.852195 0.7779313 20.82198 nan 0 0.0 0.02042589303640847 9.223581852315942 0.0 0.0
-0.01031299 -0.002276238 -2.995603 0.2875851 1.543266 1.082666 0.7844695 20.49981 0.8814583 0 0.0 0.010561203632765727 3.009375769715542 0.0 0.0
-0.001461228 0.04570996 -5.455446 -1.966883 2.904687 1.721695 0.8487952 20.78704 1.605581 0 0.0 0.04573330985692577 5.799182683327453 0.0 0.0
-0.01920588 -0.0450571 -1.253845 0.85665 0.9434458 0.5265249 0.7074447 19.91908 0.9277973 1 0.8915756 0.048979670139603845 1.5185442063124144 0.0 0.0
-0.02775206 -0.001459455 -9.672125 1.323223 0.9199288 0.5091165 0.7411118 19.78569 1.387642 0 0.0 0.027790409193472213 9.76221906757649 0.0 0.0
-0.01718104 0.01264481 0.6023934 5.629873 4.103026 2.447195 0.676562 20.86078 0.8350563 0 0.0 0.0213325890462855 5.662009166761615 0.0 0.0
0.01377494 -0.01086403 -4.258654 0.5674384 1.164046 0.6502301 0.7380395 19.83881 1.251863 0 0.0 0.017543549237383525 4.296291450717765 0.0 0.0
0.02410858 -0.01325627 -1.128189 0.5366076 0.3481723 0.2185211 0.670725 18.71793 1.205275 1 0.9964371 0.027512766562621437 1.249303060149442 0.0 0.0
0.03327495 -0.01406306 -6.403597 1.283773 1.795975 1.170269 0.8303313 20.51738 nan 0 0.0 0.03612467237313163 6.531012758672119 0.0 0.0
-0.03067199 0.01397296 -1.223561 0.2741072 0.1648068 0.1061731 0.6298336 17.5192 1.28867 1 0.9970483 0.03370481540850951 1.253888463067126 0.0 0.0
-0.02561824 0.016818 2.877449 2.055497 1.75828 1.210953 0.8298944 20.49404 0.9001999 0 0.0 0.030645380478917208 3.5362099293749516 0.0 0.0
0.01619583 -0.01129587 -10.87493 1.345331 1.566318 0.9903064 0.8938369 20.06585 nan 0 0.0 0.019745925869550915 10.957829073519125 0.0 0.0
-0.0264499 -0.01896434 -5.815099 1.477467 0.9543367 0.5350028 0.7134767 19.88568 1.007843 0 0.0 0.03254601975120153 5.999857091288925 0.0 0.0
-0.01198855 6.55815e-05 2.364024 2.875509 3.214872 2.045385 0.8955074 20.68752 0.6849174 0 0.0 0.011988729375360937 3.7225208503992295 0.0 0.0
0.005483184 0.03002363 0.5603079 2.221967 3.254141 2.159272 0.8631169 20.68323 0.5951366 0 0.0 0.03052021731827537 2.2915240107603956 0.0 0.0
0.02620716 -0.02481213 -4.730863 -1.162617 1.329456 0.7751024 0.7331602 20.05039 0.7064819 0 0.0 0.03608956955136068 4.871626321205066 0.0 0.0
-0.006837374 -0.0110761 -0.2883145 2.018877 2.957236 1.73731 0.877134 20.72009 nan 0 0.0 0.013016515448685796 2.039360093764524 0.0 0.0
0.000138608 -0.02168808 -1.154109 0.4600289 0.1856357 0.122734 0.6355655 17.62815 0.9818497 1 0.9991864 0.021688522915682015 1.2424146540974998 0.0 0.0
0.009078258 -0.001421486 -0.5515959 -1.916899 2.489501 2.031477 0.6277811 20.87775 nan 0 0.0 0.009188873204194299 1.9946828853473952 0.0 0.0
-0.006320621 -0.01115995 -2.486132 -0.7623742 1.758628 1.222195 0.8149908 20.51784 0.8748798 0 0.0 0.012825550039984288 2.6003974200590263 0.0 0.0
-0.01552262 0.006461776 -3.075958 -3.19531 3.605699 2.715494 0.6724755 20.80843 0.6927204 0 0.0 0.016813871676047015 4.435259137171582 0.0 0.0
0.01436577 0.01193243 -2.579612 -0.3895349 1.617417 1.113206 0.7790794 20.58914 0.6615219 0 0.0 0.018675069836490574 2.6088571269546383 0.0 0.0
-0.004477499 0.02750222 -1.187624 0.3852428 0.09152385 0.06032882 0.653415 16.42871 1.377469 1 0.9996303 0.027864315929579195 1.2485442644647566 0.0 0.0
0.004831858 0.02969182 -10.36184 -1.821631 3.219732 2.268637 0.746375 20.89981 1.69478 0 0.0 0.030082403937261464 10.520744635517062 0.0 0.0
-0.01158602 -0.001994252 -4.832453 1.283741 2.051325 1.483288 0.7277148 20.71237 nan 0 0.0 0.011756398278380332 5.000059294877412 0.0 0.0
0.0280923 -0.0238939 -3.267682 -0.9048959 2.10024 1.352922 0.8462202 20.55394 0.7033138 0 0.0 0.03687947635880965 3.3906610333327056 0.0 0.0
0.008691497 -0.02216574 -0.7834767 0.5486398 0.3765964 0.2287209 0.6483384 18.74626 1.1129 1 0.9954246 0.023808867042524492 0.956473402446158 0.0 0.0
0.02288765 -0.005424072 4.156609 4.306109 1.803812 1.219338 0.784124 20.61449 0.7984161 0 0.0 0.02352158752260748 5.984978955582217 0.0 0.0
-0.01411418 0.002472054 -1.488832 -0.2424751 1.876262 1.292219 0.7337807 20.62511 0.6290054 0 0.0 0.014329030952975013 1.5084478440914058 0.0 0.0
0.02869381 -0.02580925 -10.05168 -3.863796 0.2802936 0.1734243 0.640409 18.39548 1.416117 1 0.0 0.03859342065532155 10.768713495678858 0.0 0.0
-0.001057907 0.00575484 -17.13208 -8.661522 2.541339 1.57302 0.9067977 20.1375 nan 0 0.0 0.005851269148334316 19.197138549348544 0.0 0.0
0.01166141 -0.005747933 -0.8186391 1.321516 0.4745181 0.2720475 0.6768807 19.0903 0.9856186 0 0.0 0.013001046764033618 1.5545335359215668 0.0 0.0
0.004340028 -0.006089987 -3.005552 0.5011908 0.9382292 0.5633415 0.6773444 19.98383 0.8551483 0 0.0 0.007478220690843042 3.047053501779816 0.0 0.0
0.01542597 -0.02421217 -1.046105 0.4900883 0.09687491 0.06155372 0.6633999 16.47081 1.369061 1 0.9982171 0.028708704717381454 1.1552152235933744 0.0 0.0
0.02420132 0.03590751 -5.304321 -0.07289544 0.5669563 0.3143105 0.7383715 19.17371 0.9570541 1 0.0 0.043301884071510095 5.304821864701377 0.0 0.0
0.01345993 -0.008201273 -2.03562 0.5857409 0.7664332 0.360295 0.6666725 19.34963 nan 0 0.0 0.015761681205551298 2.118216510730858 0.0 0.0
-0.005997346 0.004850379 10.01828 6.986354 3.258163 1.891251 0.7513412 20.86918 0.631382 0 0.0 0.0077132571257126515 12.213724917964871 0.0 0.0
-0.005478069 -0.01499361 2.146983 0.2175424 1.885922 1.316509 0.651439 20.72591 0.6141453 0 0.0 0.015963006634116924 2.1579760652256454 0.0 0.0
-0.01104987 -0.002711284 -1.10536 0.3698175 0.2601753 0.1657629 0.6420431 18.29957 1.161535 0 0.0 0.011377639823159987 1.1655838506543619 0.0 0.0
-0.002836861 -0.02000589 -0.7437526 -0.2074313 1.576883 1.107863 0.8015408 20.50198 0.7103806 0 0.0 0.020206024226092103 0.7721370825355107 0.0 0.0
-0.004120287 -0.004445832 1.58056 1.350487 0.9334171 0.5059261 0.6932023 19.84449 0.9245071 0 0.0 0.006061533397960702 2.0789384432370768 0.0 0.0
-0.00516928 0.0473195 -4.132172 -5.24994 0.7753729 0.4096002 0.7509555 19.1995 nan 0 0.0 0.04760101402248065 6.681071429133503 0.0 0.0
0.032411 -0.03160624 -6.044896 1.047029 1.058523 0.5938594 0.7559487 19.93889 1.480104 0 0.0 0.045270601143983055 6.134903208499462 0.0 0.0
0.01390996 0.02438755 0.408861 2.582516 1.783553 1.264835 0.7892178 20.6389 0.477972 0 0.0 0.02807560475224176 2.614680899761384 0.0 0.0
-0.01080276 0.004735064 -1.353948 1.283463 1.678421 1.20482 0.7956274 20.35492 0.7660789 0 0.0 0.011794933433542387 1.8655970784370883 0.0 0.0
-0.01129922 0.03848738 -4.147031 0.8830055 0.6614377 0.3604223 0.7154521 19.43733 1.028158 1 0.0 0.04011172885669228 4.23999585235543 0.0 0.0
0.02679506 -0.01732803 -8.396743 0.5231023 0.172422 0.1079726 0.6594327 17.44646 0.8686676 1 0.0 0.03190980827401663 8.413021396877241 0.0 0.0
0.02697673 -0.001172893 -5.592237 -1.684914 2.164078 1.419229 0.8300843 20.62851 1.448298 0 0.0 0.027002215455076074 5.840552187213552 0.0 0.0
0.04844545 -0.0101092 -9.326852 -0.5689824 0.4082604 0.2493433 0.6646521 18.96703 1.285992 1 0.0 0.049488963924722656 9.344191201030391 0.0 0.0
-0.008265105 -0.0004295121 -9.74842 -4.517119 4.027353 3.153319 0.6797597 20.95085 0.445013 0 0.0 0.008276257687208115 10.744117300018694 0.0 0.0
-0.01740303 0.01737114 -0.9574007 0.03505631 1.827391 1.23938 0.8315312 20.50182 0.7151623 0 0.0 0.024589061756815772 0.9580422982474762 0.0 0.0
-0.01565921 0.01404153 -0.3560386 1.382109 2.044644 1.294837 0.8800189 20.36948 0.7800941 0 0.0 0.02103272266172404 1.427231155969824 0.0 0.0
0.0411216 -0.01368791 -0.488775 1.193885 1.806114 1.224674 0.8332049 20.52958 0.7730522 0 0.0 0.04333987617342832 1.2900629418171814 0.0 0.0
-0.02398208 -0.0177461 -8.511968 -0.4415218 0.9973512 0.548618 0.6931771 19.91505 1.934774 0 0.0 0.029833944196776933 8.52341133190809 0.0 0.0
-0.02668187 0.03477699 3.105704 2.239558 2.435692 1.404292 0.7917927 20.6704 0.6688442 0 0.0 0.04383333457720277 3.8289707978750633 0.0 0.0
0.007667694 0.03465055 -7.372518 2.943654 2.024446 1.385609 0.7815773 20.61986 1.740646 0 0.0 0.03548878902667906 7.938458322120234 0.0 0.0
0.03431531 0.008152985 4.734214 0.1417734 2.071442 1.491338 0.6518889 20.19585 1.756792 0 0.0 0.035270549539329905 4.736336336742099 0.0 0.0
-0.002264073 0.0056518 -1.352691 0.2363991 0.08046473 0.050883 0.6892324 16.16047 1.386974 1 0.9966369 0.006088420960259647 1.3731924395225201 0.0 0.0
0.01074883 0.02078351 -1.669747 -0.2244923 0.8701738 0.4855711 0.8357383 19.44954 0.9458065 0 0.0 0.023398539148609256 1.6847705590875839 0.0 0.0
-0.0213713 0.02632257 -1.149173 0.3764564 3.030619 2.027955 0.9130278 20.6118 0.7035046 0 0.0 0.0339059014788709 1.209263414244374 0.0 0.0
0.004540913 -0.007020792 -0.4475436 1.935514 1.433058 0.8837837 0.8018783 20.21278 0.09145164 0 0.0 0.008361304394700207 1.9865824216721941 0.0 0.0
0.001631116 -0.02050555 -5.990364 -0.874316 2.595401 1.654347 0.7971075 20.78101 0.3490486 0 0.0 0.020570321344304664 6.053832614166995 0.0 0.0
0.02863836 -0.007269782 -1.763904 -0.1322314 1.590663 1.070906 0.8063966 20.49294 0.7433643 0 0.0 0.029546664681772868 1.7688534321310965 0.0 0.0
0.004971557 -0.007131463 -5.493131 -1.867025 1.211095 0.6873337 0.7492022 20.11964 0.5907269 0 0.0 0.00869333903196108 5.801747196645679 0.0 0.0
-0.003842279 -0.009954231 3.018735 4.908467 3.018737 2.24542 0.7865644 20.84772 0.6256599 0 0.0 0.01067004323867537 5.762448202831327 0.0 0.0
0.02903625 0.001511404 -1.275523 0.3424143 0.1475056 0.08533199 0.7181158 17.10235 1.29006 1 0.9993312 0.029075559429075755 1.3206840940866555 0.0 0.0
0.0144725 0.01645662 0.5695524 1.046406 1.806468 1.275425 0.7180304 20.6077 0.8284245 0 0.0 0.021915145403907318 1.191367052247862 0.0 0.0
-0.006024663 -0.005880368 -0.9328543 -1.133998 1.655325 1.224544 0.8147799 20.37318 0.9399242 0 0.0 0.008418746467200032 1.468389801460256 0.0 0.0
0.002472198 -0.03623358 -0.7270417 1.218822 1.277724 0.8158123 0.803488 20.13623 1.036757 1 0.925709 0.03631782045453174 1.4191957938293398 0.0 0.0
0.0390745 0.02096659 -7.606041 -0.4669363 0.5480864 0.3060766 0.7262195 19.18374 1.689564 1 0.0 0.04434427185644274 7.6203601753420225 0.0 0.0
-0.01328291 0.007706066 -1.570804 -1.526662 1.56978 1.105255 0.7625501 20.44444 0.7754974 0 0.0 0.0153564042426753 2.1904616108619663 0.0 0.0
0.01960886 0.003706009 -11.78102 -1.137481 0.17929 0.115828 0.6502491 17.68398 1.200396 1 0.0 0.01995599892783323 11.835805644980868 0.0 0.0
-0.00233969 -0.01337973 3.452109 4.877152 4.076343 2.691446 0.8900557 20.88974 0.3195744 0 0.0 0.013582758341699228 5.975254653902627 0.0 0.0
0.02047246 0.0084206 0.3108022 0.2632469 2.014447 1.344076 0.7975398 20.67495 0.7937584 0 0.0 0.02213657884162772 0.407304478105078 0.0 0.0
0.03005891 -0.01554477 -2.693646 -0.2719855 0.9163661 0.5018106 0.7358709 19.80745 0.9986687 0 0.0 0.033840477903555086 2.7073427720786025 0.0 0.0
-0.001297015 -0.001771564 -1.651025 0.2366822 0.1678771 0.1080056 0.6550805 17.58644 1.212675 1 0.9964306 0.002195606275341961 1.6679034787486475 0.0 0.0
-0.003755625 -0.01643921 -1.660402 0.4286489 0.6287105 0.3382724 0.7602386 19.21622 0.6002941 0 0.0 0.016862750207624053 1.714839549659154 0.0 0.0
-0.01836193 0.04495103 -11.9804 -2.670488 0.6076293 0.5300057 -0.1440965 18.955 1.034468 0 0.0 0.048556725295120555 12.274424235708329 0.0 0.0
0.03348586 -0.01351008 -1.002936 -0.4525198 0.1931182 0.1238026 0.6527883 17.59476 0.8491402 1 0.0 0.03610851813002024 1.1002975913306545 0.0 0.0
0.02824713 -0.005400339 -8.942143 -3.089376 0.7223718 0.3947771 0.7162194 19.5308 1.713005 1 0.0 0.028758720669595526 9.46076981549731 0.0 0.0
-0.0022918 -0.01430288 5.26864 3.78732 3.679764 2.328161 0.9058127 20.73771 0.7521515 0 0.0 0.014485327871139127 6.48863315591196 0.0 0.0
-0.01281069 -0.003592934 -7.647137 -1.674409 1.098398 0.5982435 0.7032294 19.83237 1.021513 0 0.0 0.013304997294417462 7.828304401085205 0.0 0.0
0.01918646 0.02381346 -1.66815 0.6009894 0.8274854 0.4702311 0.6482205 19.50221 1.08869 1 0.9618376 0.030581058263297562 1.7731081978865137 0.0 0.0
-0.007424944 -0.0466139 -4.79129 -1.107853 0.9657436 0.5695776 0.7898318 19.74605 1.121357 1 0.02168019 0.04720154093473152 4.917702525947355 0.0 0.0
-0.02227599 0.01569058 -2.235793 0.322841 0.7883204 0.4267899 0.6868307 19.54823 1.26722 0 0.0 0.0272472756659542 2.2589813301862414 0.0 0.0
-0.01265287 -0.02069036 -1.913873 0.1324823 0.593838 0.3310533 0.7109617 19.29149 1.163626 0 0.0 0.024252548653007588 1.9184528714415399 0.0 0.0
0.01628853 0.007319819 -14.01499 4.048984 1.309309 0.5754715 0.7143586 19.47798 nan 0 0.0 0.017857658294235024 14.58815328039694 0.0 0.0
-0.006081902 -0.00726511 -0.2737158 0.6833924 1.910297 1.683259 0.7366634 20.70435 0.6404438 0 0.0 0.009474774680682597 0.7361694856127902 0.0 0.0
0.02787023 -0.01144641 -0.5192141 -1.437483 0.60224 0.3362075 0.6969244 19.21507 1.858429 0 0.0 0.03012922206332251 1.5283784403503637 0.0 0.0
-0.01613719 0.01190132 -4.470496 -2.61593 2.104154 1.69454 0.6403563 20.65523 nan 0 0.0 0.020051192454278124 5.179616226219467 0.0 0.0
-0.01084908 -0.001837671 -0.8883456 0.3230522 1.216552 0.7085379 0.6964626 20.31071 0.5212116 0 0.0 0.011003616294229867 0.945262201171823 0.0 0.0
0.04027709 0.02738188 -5.573378 -0.6360966 1.734704 1.048945 0.7080778 20.37518 1.372179 0 0.0 0.048703298976583716 5.609559805850684 0.0 0.0
0.0127402 -0.01541848 -0.3043225 2.567557 3.601911 2.241382 0.9307863 20.73112 0.5320816 0 0.0 0.020001055510907417 2.5855291783801726 0.0 0.0
-0.009913556 -0.03492996 -4.479423 -1.283048 0.2370654 0.1465117 0.6446738 18.08726 1.07015 1 0.0 0.03630951250246602 4.659553903887474 0.0 0.0
-0.02870298 0.01934151 -6.349864 0.4464989 0.8308226 0.4517857 0.6904468 19.76949 1.160675 0 0.0 0.03461148754330706 6.365542717333472 0.0 0.0
0.01592886 0.04701187 -5.308576 2.160502 0.5415988 0.3081344 0.7331543 19.05869 1.117994 1 0.0 0.04963712825896055 5.73138273366733 0.0 0.0
0.01773487 -0.01549261 -1.167171 0.4562707 0.2279786 0.1380105 0.6667059 18.00477 1.198252 1 0.9988684 0.02354881267769142 1.2531843818526824 0.0 0.0
0.04050452 -0.0190165 -1.44019 0.3677918 0.1091558 0.06778152 0.6679714 16.6055 1.358402 1 0.9952433 0.044746434636520484 1.4864111289435504 0.0 0.0
-0.004456376 0.007108855 -6.04893 0.6712886 0.8892099 0.5041861 0.8106997 19.58726 0.8509579 0 0.0 0.008390179167598329 6.086064617582529 0.0 0.0
-0.02520339 0.02866286 3.325586 1.803988 2.094735 1.348619 0.846969 20.32903 0.8582516 0 0.0 0.03816766184706236 3.783370844569694 0.0 0.0
