jas1101finalproject/data/gcs/Terzan_10.ecsv
# %ECSV 0.9
# ---
# datatype:
# - {name: x, unit: deg, datatype: float64}
# - {name: y, unit: deg, datatype: float64}
# - {name: pmx, unit: mas / yr, datatype: float64}
# - {name: pmy, unit: mas / yr, datatype: float64}
# - {name: pmx_e, unit: mas / yr, datatype: float64}
# - {name: pmy_e, unit: mas / yr, datatype: float64}
# - {name: pm_corr, datatype: float64}
# - {name: g_mag, unit: mag, datatype: float64}
# - {name: bp_rp, unit: mag, datatype: float64}
# - {name: filter, datatype: int64}
# - {name: memberprob, datatype: float64}
# - {name: r, unit: deg, datatype: float64}
# - {name: pm, unit: mas / yr, datatype: float64}
# - {name: member_prob_GMM, datatype: float64}
# - {name: member_prob_DB, datatype: float64}
# meta: !!omap
# - comments: [deg deg mas/yr mas/yr mas/yr mas/yr dimless mag   mag   zeroone float]
# - __serialized_columns__:
#     bp_rp:
#       __class__: astropy.units.quantity.Quantity
#       unit: &id001 !astropy.units.Unit {unit: mag}
#       value: !astropy.table.SerializedColumn {name: bp_rp}
#     g_mag:
#       __class__: astropy.units.quantity.Quantity
#       unit: *id001
#       value: !astropy.table.SerializedColumn {name: g_mag}
#     pm:
#       __class__: astropy.units.quantity.Quantity
#       unit: !astropy.units.Unit {unit: mas / yr}
#       value: !astropy.table.SerializedColumn {name: pm}
#     pmx:
#       __class__: astropy.units.quantity.Quantity
#       unit: !astropy.units.Unit {unit: mas / yr}
#       value: !astropy.table.SerializedColumn {name: pmx}
#     pmx_e:
#       __class__: astropy.units.quantity.Quantity
#       unit: !astropy.units.Unit {unit: mas / yr}
#       value: !astropy.table.SerializedColumn {name: pmx_e}
#     pmy:
#       __class__: astropy.units.quantity.Quantity
#       unit: !astropy.units.Unit {unit: mas / yr}
#       value: !astropy.table.SerializedColumn {name: pmy}
#     pmy_e:
#       __class__: astropy.units.quantity.Quantity
#       unit: !astropy.units.Unit {unit: mas / yr}
#       value: !astropy.table.SerializedColumn {name: pmy_e}
#     r:
#       __class__: astropy.units.quantity.Quantity
#       unit: &id002 !astropy.units.Unit {unit: deg}
#       value: !astropy.table.SerializedColumn {name: r}
#     x:
#       __class__: astropy.units.quantity.Quantity
#       unit: *id002
#       value: !astropy.table.SerializedColumn {name: x}
#     y:
#       __class__: astropy.units.quantity.Quantity
#       unit: *id002
#       value: !astropy.table.SerializedColumn {name: y}
# schema: astropy-2.0
x y pmx pmy pmx_e pmy_e pm_corr g_mag bp_rp filter memberprob r pm member_prob_GMM member_prob_DB
[from data line 1129]
-0.02160207 -0.01217849 -1.453077 -2.357078 0.1457298 0.1283633 0.1998117 16.63317 2.163736 1 0.0 0.024798488804058202 2.768979860167459 0.0 0.0
0.001313116 -0.02884673 -7.423518 -6.61355 0.9033494 0.6994058 0.5513308 18.647 4.448896 0 0.0 0.028876601346459665 9.942216206602229 0.0 0.0
0.01872169 0.003878066 -9.468142 -8.652252 0.6389429 0.4817721 0.4836376 18.26096 4.071808 0 0.0 0.01911912844134 12.826035147451766 0.0 0.0
-0.03217717 -0.03199064 0.5015254 -1.229836 1.547268 1.99634 0.8478834 19.39467 2.162458 0 0.0 0.04537368529024836 1.3281657704297154 0.0 0.0
-0.01157219 0.01256887 -3.234702 -4.289195 2.095499 1.881124 0.2176304 20.38233 nan 0 0.0 0.01708484926690897 5.372196085106071 0.0 0.0
0.01419852 0.005713571 -7.00865 -2.336547 0.2741529 0.2305297 0.09200587 17.25364 4.443654 1 0.9982438 0.015304994732519218 7.3878702415316555 0.0 0.0
-0.00063304 0.02129365 -9.305551 -4.569289 1.810759 1.504766 0.502035 20.28505 2.662933 0 0.0 0.021303057760896676 10.366854941549148 0.0 0.0
0.03156977 -0.03064579 -0.1045464 -0.08125481 0.234347 0.1999646 0.1186432 17.12996 1.814518 0 0.0 0.04399789566078132 0.13240956876712534 0.0 0.0
0.03636639 -0.02904501 0.3156699 1.574434 0.7130814 0.555284 0.5744996 18.70826 nan 0 0.0 0.0465416687231152 1.6057676999248707 0.0 0.0
0.005151555 0.004840753 -0.4923838 0.5130307 1.600727 2.020794 0.8422676 19.21647 nan 0 0.0 0.0070690458001794 0.7110853012437608 0.0 0.0
-0.03706212 -0.01093496 2.858798 -0.0006353732 0.317589 0.2619422 0.312205 18.03448 2.168198 1 0.0 0.03864161085017031 2.85879807060644 0.0 0.0
-0.03701333 0.008161434 -4.337511 -4.346616 1.396046 1.25355 -0.04441388 20.03385 nan 0 0.0 0.03790244850435465 6.140608465500549 0.0 0.0
-0.03629141 -0.02126301 -2.20203 -3.944936 0.196507 0.1678856 0.08761837 17.14181 3.400129 1 0.0 0.042061645641227594 4.5179039570353865 0.0 0.0
-0.02456297 -0.009606061 -8.384965 -4.689716 0.5611789 0.4564487 0.3743279 18.57398 3.754244 0 0.0 0.026374531335298095 9.607344805505889 0.0 0.0
0.04544557 -0.0096638 -0.2539483 -5.427463 0.2615744 0.2233909 0.1141897 17.58132 2.753038 0 0.0 0.04646169242574898 5.433400809386502 0.0 0.0
0.0421912 0.01140027 -5.537526 -5.439905 1.486213 1.494262 0.4561765 19.95397 nan 0 0.0 0.04370427340104054 7.762522825067956 0.0 0.0
-0.02949062 -0.03497493 1.975709 4.079551 1.643553 1.290866 0.2420484 20.01613 2.557302 0 0.0 0.04574868737449524 4.532787488321287 0.0 0.0
0.00537116 0.01110066 -4.553261 -1.428989 0.2252252 0.1841512 -0.01020492 15.8154 4.427747 1 0.0 0.012331829230945423 4.772231689287728 0.0 0.0
0.02728381 0.04168766 1.291612 -1.62637 0.2620305 0.2293702 0.1495416 17.79738 1.954222 1 0.0 0.049822357274537904 2.076858429321556 0.0 0.0
0.009235381 -0.007433286 -7.635115 -5.062983 2.55218 2.191574 0.5762741 20.04691 nan 0 0.0 0.011855209950606401 9.161265083028326 0.0 0.0
0.01463681 0.002902085 -2.905109 -4.679637 0.5933082 0.5237279 0.1298483 18.96762 2.450283 0 0.0 0.014921739319641159 5.508054171270468 0.0 0.0
0.006906566 0.01278858 1.228157 -2.418148 0.2139678 0.1799234 0.1030765 17.06938 nan 0 0.0 0.014534387924118305 2.712159539288388 0.0 0.0
0.0307641 0.03225115 -2.87442 -3.619248 0.686859 0.6019083 0.3838044 18.99087 4.456491 0 0.0 0.04457091568649336 4.6218228462268005 0.0 0.0
-0.002387655 0.01279258 0.1475405 -0.9677178 0.2302649 0.2238912 0.3961079 16.46123 3.717302 1 0.0 0.01301349297673092 0.9789003726514205 0.0 0.0
-0.01354316 -0.01352196 -1.04549 -3.136997 0.5840498 0.5140646 0.3610969 19.07279 3.086077 0 0.0 0.019137935756690167 3.3066296312270897 0.0 0.0
-0.01214692 0.002728801 0.21073 -0.5934721 0.322312 0.285706 0.1565368 17.70071 2.534872 0 0.0 0.012449659448515088 0.6297747743268302 0.0 0.0
0.01993126 0.0235083 -4.55085 -8.754591 0.7407679 0.565917 0.634243 18.79183 nan 0 0.0 0.030820371413686758 9.866767418956472 0.0 0.0
0.03363628 0.007735207 -5.52551 -10.58564 2.738324 2.369754 0.6648997 20.14035 1.959105 0 0.0 0.03451423995355032 11.94098132356382 0.0 0.0
0.0008475294 0.01666833 -0.02679377 -2.606068 0.2114338 0.1984369 0.3905287 16.94203 1.919587 0 0.0 0.016689863123248324 2.6062057337698445 0.0 0.0
-0.001921396 0.002000808 -5.953623 1.429029 1.328997 1.75473 0.8287989 19.23447 3.801271 0 0.0 0.0027739854436676483 6.122724124845901 0.0 0.0
-0.03023658 -0.01169593 -3.771026 -0.9877906 1.186819 1.150094 0.2391236 19.95298 2.380125 0 0.0 0.03241983264394343 3.89825183410774 0.0 0.0
0.03889576 -0.005131489 -1.08676 -2.406995 0.635348 0.4824109 0.6169319 18.54561 nan 0 0.0 0.039232796552562 2.6409604744533763 0.0 0.0
-0.04020981 -0.02426264 -0.5257636 -3.716897 0.3873362 0.3098369 0.3551341 18.31266 2.684975 0 0.0 0.046962799320373776 3.753898063572579 0.0 0.0
0.01472111 0.01932625 1.599036 -2.540861 0.2171632 0.1856676 0.1894599 17.51517 2.108849 1 0.0 0.024294341289580173 3.0021476896743438 0.0 0.0
0.02174424 0.04137792 -1.437705 -0.1040195 0.5628475 0.4611996 0.3750676 18.55988 3.592146 1 0.0 0.046743387090624915 1.4414630496149563 0.0 0.0
0.03973971 -0.02234178 3.374919 -5.14974 0.250311 0.2095613 0.07710585 17.39842 2.791665 0 0.0 0.04558946900823149 6.15710161717029 0.0 0.0
-0.012227 -0.01792589 -4.942001 -2.351596 2.114312 1.825476 0.502852 19.93114 2.493896 0 0.0 0.021698780179818866 5.472967899706429 0.0 0.0
0.02939225 0.02911391 -3.388986 -3.857545 0.2300554 0.2106823 0.1718175 17.47375 1.927145 1 0.0 0.04137057064569693 5.134771614708974 0.0 0.0
-0.04378376 0.004943309 -1.954266 -2.589875 0.9422465 0.8919926 0.1762778 19.783 3.130934 0 0.0 0.044061933044376084 3.2444734725962854 0.0 0.0
-0.03012629 -0.01420788 0.6318443 -3.078623 0.1364773 0.11635 0.02452757 15.22179 2.854679 1 0.0 0.03330851547665401 3.142792833702452 0.0 0.0
-0.01532511 -0.01144508 -0.7637407 -2.393405 1.385738 1.833339 0.8253319 19.29468 nan 0 0.0 0.01912717576430195 2.5123071768518854 0.0 0.0
-0.007268721 0.02754 0.3227222 -1.707539 0.2236606 0.1869117 0.1129327 17.54487 2.281286 1 0.0 0.02848308103025094 1.73776841233055 0.0 0.0
-0.02697483 -0.01110195 -0.5626019 -4.593411 0.3653112 0.3100922 0.09398064 17.73487 2.287092 0 0.0 0.02917010022833998 4.627736543149859 0.0 0.0
-0.02204194 -0.005283507 0.8070624 0.09763132 0.2833383 0.2399085 0.07206256 17.71581 3.488197 0 0.0 0.022666331092231245 0.8129462418504082 0.0 0.0
0.04060175 0.0133921 -19.53923 -18.72176 2.353895 1.939828 0.08261087 20.28097 nan 0 0.0 0.04275336765065999 27.060779857396938 0.0 0.0
-0.001592838 0.0322094 -0.80124 -1.847054 1.716284 1.47649 0.5896513 20.276 1.331755 0 0.0 0.032248760925875024 2.0133539223186765 0.0 0.0
0.000216886 -0.005580887 1.852614 -8.652387 1.967499 1.428622 0.2640201 19.89151 nan 0 0.0 0.005585099752355816 8.848501535896629 0.0 0.0
-0.02562966 -0.02037518 -0.8546357 -4.72363 1.525686 1.984854 0.8418508 19.34984 3.160809 0 0.0 0.032741829999986254 4.800321088907959 0.0 0.0
-0.01630894 -0.03269689 -1.601615 -4.293978 2.042512 1.863812 0.4078201 19.97287 nan 0 0.0 0.036538584258229 4.58294857844914 0.0 0.0
0.04545078 0.003777284 -7.35352 -2.821462 0.3481386 0.3013174 0.1878945 16.72407 5.153443 1 0.9464348 0.04560746953104344 7.876223981569087 0.0 0.0
-0.01617611 -0.002308994 0.5755087 0.918428 1.680801 1.454913 0.1676692 19.98901 nan 0 0.0 0.016340073072790586 1.08384512498774 0.0 0.0
-0.02692804 0.02388265 -1.743298 -2.556232 2.064775 1.740852 0.389221 20.5071 2.464554 0 0.0 0.035993059181793643 3.0940927514584953 0.0 0.0
-0.03831951 -0.02167373 0.2556097 -2.518853 0.2290552 0.2046701 0.1873946 16.38002 3.090878 0 0.0 0.044024259434464086 2.5317892397162702 0.0 0.0
-0.01149183 0.03184836 -1.034373 -4.731874 1.232153 1.231787 0.3976274 19.99314 3.640795 0 0.0 0.03385823668531041 4.843610126239002 0.0 0.0
0.04484801 0.004691137 -2.92355 -0.6025628 0.3459336 0.2910894 0.1891312 17.75102 4.087063 1 0.0 0.04509269084134223 2.9850002563557414 0.0 0.0
0.0006282314 0.02447893 -0.2028495 0.1598197 1.801724 1.730525 0.7111063 20.04572 nan 0 0.0 0.024486990191463835 0.25824456656111855 0.0 0.0
-0.01124248 0.005174113 -6.788221 -2.27994 0.3221619 0.2867723 0.210778 16.78496 4.80398 0 0.0 0.012375976805374556 7.160870809366763 0.0 0.0
-0.02888929 -0.02852413 -3.201518 -1.042838 2.847213 2.84603 0.7355582 20.40502 2.539534 0 0.0 0.04059823972736996 3.367080129513998 0.0 0.0
-0.009654974 0.03617248 -6.019938 -0.6348713 1.412027 1.336633 0.4545688 20.0248 nan 0 0.0 0.03743884122527133 6.053322648877035 0.0 0.0
0.01156324 -0.02913912 -2.953188 -3.721027 1.457198 1.331064 0.06656635 20.05485 2.729633 0 0.0 0.03134959064600366 4.750511688026143 0.0 0.0
-0.0288654 -0.01429149 -5.25081 -3.693104 2.279327 2.183928 0.7413431 20.38748 2.305275 0 0.0 0.032209594899347924 6.419503314970403 0.0 0.0
0.04170041 0.01898979 -4.53007 -7.471798 0.6609471 0.4947962 0.5822611 18.55554 3.558987 1 0.0 0.045820697489368276 8.737808624460941 0.0 0.0
0.01274777 0.02632455 4.089374 -4.060178 2.437961 2.116137 0.466032 20.33216 1.952942 0 0.0 0.029248719162989 5.762640462805224 0.0 0.0
-0.02966159 -0.009191439 -0.4586028 -0.3282642 0.4722178 0.3794143 0.3645152 18.34292 2.728632 1 0.0 0.031053058983276045 0.5639804191365867 0.0 0.0
0.03815598 -0.004066945 -0.08076903 -2.278118 0.09062178 0.07268694 0.1137204 15.21228 1.211423 1 0.0 0.03837211033281105 2.2795493541775182 0.0 0.0
-0.01505619 0.0289793 -2.267861 -0.2534459 1.392517 1.303401 0.4527893 20.0039 2.900372 0 0.0 0.0326571383591107 2.281979040120178 0.0 0.0
-0.002798954 0.01487921 -2.96569 -9.49836 1.637581 1.678518 0.5757859 20.00242 nan 0 0.0 0.015140179448018971 9.950585905648973 0.0 0.0
0.02546669 0.008624185 -8.020384 -0.3519435 2.618756 2.663944 0.3538673 19.92594 2.591211 0 0.0 0.026887336544743977 8.028102125325029 0.0 0.0
0.01718756 0.01123113 -0.2233838 -5.853973 0.5856314 0.4369555 0.652575 18.08147 3.256292 1 0.0 0.020531695006270185 5.85823353979947 0.0 0.0
-0.007541752 0.009357225 -1.971981 -1.793368 0.4432911 0.359718 0.3664403 18.39767 2.251314 0 0.0 0.012018139744990861 2.665497673565858 0.0 0.0
-0.01522018 0.02481935 -3.761148 -9.830178 2.049861 1.750894 0.5248459 20.52941 1.599867 0 0.0 0.029114498341116925 10.525142934401794 0.0 0.0
0.02375999 -0.02549602 -2.833202 -0.9979683 0.4848665 0.3687964 0.5624654 18.21952 1.987873 0 0.0 0.03485088464645482 3.0038266096112953 0.0 0.0
0.01025264 0.02708964 2.031166 2.583853 1.497862 1.981015 0.8349907 19.39458 nan 0 0.0 0.028964896379914777 3.2866292223439197 0.0 0.0
-0.02407028 -0.006125047 0.514059 -3.465853 1.716736 1.471891 0.553422 20.31797 2.406332 0 0.0 0.02483736258201762 3.5037684959326296 0.0 0.0
0.03604231 -0.01345234 -0.6108874 -2.772276 0.2436977 0.2072311 0.193274 17.71379 nan 0 0.0 0.03847094438159401 2.838784534911863 0.0 0.0
-0.02127595 0.003265371 -3.917277 -11.78195 1.898747 2.151191 0.3182768 19.96401 3.140985 0 0.0 0.021525071339490165 12.416094591184018 0.0 0.0
0.006770967 0.03850156 1.618505 1.282771 0.7026589 0.5722154 0.3507235 18.81735 nan 0 0.0 0.03909240484478652 2.065202138645513 0.0 0.0
0.0206898 -0.02856054 1.898417 -0.3311677 0.5926087 0.4541344 0.6120313 18.36347 nan 0 0.0 0.03526715567112834 1.9270856627073665 0.0 0.0
0.01469565 0.03491883 -3.248926 -3.945738 0.4431739 0.363304 0.3889561 18.15465 3.565517 0 0.0 0.03788517939104156 5.111200301115189 0.0 0.0
-0.03621345 -0.007480482 -2.434686 -6.233931 2.518779 2.03859 0.1813505 20.74396 nan 0 0.0 0.03697798766637828 6.692502643358238 0.0 0.0
0.03467347 -0.007806173 -13.93837 -11.03598 1.599067 1.615242 0.497478 19.81906 2.424353 0 0.0 0.03554132606905416 17.77838611396715 0.0 0.0
0.01721843 0.03476399 -3.079734 -7.858868 0.4185045 0.335909 0.3225411 18.34084 2.280315 0 0.0 0.03879444976262713 8.440768196804127 0.0 0.0
0.01461272 0.02956873 -4.084769 -4.451572 2.448521 2.408139 0.7452725 20.3419 1.52075 0 0.0 0.03298244047385366 6.041674524049189 0.0 0.0
-0.03693674 0.02610389 -6.131768 -9.102024 1.641785 1.614582 0.2465535 20.00569 3.582853 0 0.0 0.045229811352245325 10.974762854039263 0.0 0.0
0.04504338 0.01369566 -2.968419 0.2718374 1.41447 1.363498 0.2384696 19.8006 2.352903 0 0.0 0.04707947731931611 2.980839970813556 0.0 0.0
-0.02590651 -0.007859219 3.713791 -0.1576174 0.9086157 0.7958578 0.1343691 17.83978 2.216555 0 0.0 0.02707239523333798 3.717134223627627 0.0 0.0
-0.03767071 0.006305375 -1.018439 -5.278735 2.025203 1.727903 0.5323809 20.44831 1.847578 0 0.0 0.0381947659476364 5.376082327954624 0.0 0.0
-0.02007101 0.01077863 -8.419399 -2.990259 0.6144588 0.4904014 0.4400571 18.68952 3.684952 0 0.0 0.022782104975111496 8.934647637611794 0.0 0.0
0.03884858 0.01789976 -9.354731 -6.972286 0.9654242 0.7675533 0.5542117 18.92451 3.419712 0 0.0 0.042773982466845425 11.667208927080932 0.0 0.0
-0.03795977 -0.0322594 -2.471259 -1.973153 0.4174608 0.3378672 0.4164462 18.41959 2.082134 0 0.0 0.04981579093834504 3.1623494124606157 0.0 0.0
0.002327889 0.007366173 -0.1354945 -1.387434 1.284289 1.571617 0.8628751 19.19561 2.881176 0 0.0 0.007725255456115999 1.3940343840401679 0.0 0.0
-0.02270236 0.007722577 -2.025923 -4.253835 0.5672203 0.4367783 0.3457734 18.72209 2.433187 0 0.0 0.023979894601322355 4.711632011220104 0.0 0.0
0.001779486 0.001012804 -6.990414 -3.514371 0.6176378 0.506461 0.3845683 18.62125 3.335531 0 0.0 0.002047521029589684 7.824109624553903 1.0 0.0
-0.004965595 0.03122893 2.502196 -8.845971 2.275486 1.872518 0.4322091 20.43901 nan 0 0.0 0.03162124606414056 9.193051058014255 0.0 0.0
0.02146348 0.00574489 -1.008906 -10.14981 0.346046 0.29787 0.1767371 17.91154 3.935091 1 0.0 0.02221901741352439 10.199830113925232 0.0 0.0
-0.03241214 0.02481586 -0.03342226 1.087735 0.62695 0.6142757 0.3232735 19.05541 nan 0 0.0 0.04082124112418925 1.0882483529454603 0.0 0.0
0.04108771 -0.00812296 0.2628437 -6.238506 0.2532016 0.2166349 0.1623997 17.67127 2.603106 0 0.0 0.041882960642792434 6.244040672726732 0.0 0.0
0.000875057 0.03142358 -4.18079 5.397547 3.096198 2.392738 0.2188664 20.23149 nan 0 0.0 0.03143576155860788 6.827336130681498 0.0 0.0
-0.02369559 0.0387969 -2.973203 -4.314874 1.894902 1.525874 0.4284823 20.51217 3.140526 0 0.0 0.045460757088483475 5.240045201626127 0.0 0.0
0.001835013 0.04570198 -1.249055 -4.95412 0.1543668 0.1348376 0.1620143 16.37259 1.819955 0 0.0 0.045738804626165835 5.10915290115935 0.0 0.0
0.02550118 0.04119787 -5.854491 -6.195909 1.784738 1.830394 0.5520957 19.98028 nan 0 0.0 0.04845177678815607 8.524338872039403 0.0 0.0
-0.02094615 -0.001380871 -3.171321 -5.921122 0.659942 0.6164096 0.2721426 18.9967 3.09704 0 0.0 0.020991617482727265 6.716916154302137 0.0 0.0
0.0273214 -0.03226407 2.849049 -3.486926 0.6299282 0.4830327 0.504612 18.11889 2.044542 0 0.0 0.04227799795313042 4.502858329314503 0.0 0.0
-0.01730042 0.000252415 -1.623334 -6.386661 1.532276 1.528262 0.3087629 20.03377 3.06748 0 0.0 0.017302261283098953 6.589738386649124 0.0 0.0
-0.03059252 -0.01322572 -0.5528394 -3.331599 1.655246 1.397904 0.4513896 20.12603 1.999699 0 0.0 0.03332899562646315 3.3771560963321434 0.0 0.0
0.02198724 0.02107225 4.018847 0.4431385 0.7819973 0.5996449 0.6675593 18.81537 1.905609 0 0.0 0.030454530744703653 4.043204538431274 0.0 0.0
0.03338321 -0.0144758 2.288538 -6.757284 0.1893516 0.157901 0.05976955 16.99313 3.12551 1 0.0 0.03638663897015085 7.13430397685016 0.0 0.0
-0.02383225 0.03655765 3.787845 0.268356 0.5415914 0.4218756 0.489824 18.60722 2.266478 0 0.0 0.04363986610411402 3.7973391587743386 0.0 0.0
0.002191583 0.04859732 -3.532706 -5.511157 0.09393854 0.07789971 -0.006337981 14.98849 2.660901 1 0.0 0.048646711576716975 6.546209831733551 0.0 0.0
-0.04100348 -0.02757216 -0.02077496 -1.104071 1.309761 1.698491 0.8470253 19.21242 2.11422 0 0.0 0.049411632022996366 1.104266440676344 0.0 0.0
-0.01343728 0.01929398 -12.68704 -2.516678 3.241642 3.061494 0.6769941 20.64599 2.840414 0 0.0 0.02351208536133705 12.934243391759875 0.0 0.0
-0.02487067 0.0194962 1.000597 -2.57387 0.5686899 0.4469949 0.4698528 18.54376 2.0651 0 0.0 0.03160145630645683 2.761521525049008 0.0 0.0
