jas1101finalproject/data/gcs/Terzan_5_11.ecsv
# %ECSV 0.9
# ---
# datatype:
# - {name: x, unit: deg, datatype: float64}
# - {name: y, unit: deg, datatype: float64}
# - {name: pmx, unit: mas / yr, datatype: float64}
# - {name: pmy, unit: mas / yr, datatype: float64}
# - {name: pmx_e, unit: mas / yr, datatype: float64}
# - {name: pmy_e, unit: mas / yr, datatype: float64}
# - {name: pm_corr, datatype: float64}
# - {name: g_mag, unit: mag, datatype: float64}
# - {name: bp_rp, unit: mag, datatype: float64}
# - {name: filter, datatype: int64}
# - {name: memberprob, datatype: float64}
# - {name: r, unit: deg, datatype: float64}
# - {name: pm, unit: mas / yr, datatype: float64}
# - {name: member_prob_GMM, datatype: float64}
# - {name: member_prob_DB, datatype: float64}
# meta: !!omap
# - comments: [deg deg mas/yr mas/yr mas/yr mas/yr dimless mag   mag   zeroone float]
# - __serialized_columns__:
#     bp_rp:
#       __class__: astropy.units.quantity.Quantity
#       unit: &id001 !astropy.units.Unit {unit: mag}
#       value: !astropy.table.SerializedColumn {name: bp_rp}
#     g_mag:
#       __class__: astropy.units.quantity.Quantity
#       unit: *id001
#       value: !astropy.table.SerializedColumn {name: g_mag}
#     pm:
#       __class__: astropy.units.quantity.Quantity
#       unit: !astropy.units.Unit {unit: mas / yr}
#       value: !astropy.table.SerializedColumn {name: pm}
#     pmx:
#       __class__: astropy.units.quantity.Quantity
#       unit: !astropy.units.Unit {unit: mas / yr}
#       value: !astropy.table.SerializedColumn {name: pmx}
#     pmx_e:
#       __class__: astropy.units.quantity.Quantity
#       unit: !astropy.units.Unit {unit: mas / yr}
#       value: !astropy.table.SerializedColumn {name: pmx_e}
#     pmy:
#       __class__: astropy.units.quantity.Quantity
#       unit: !astropy.units.Unit {unit: mas / yr}
#       value: !astropy.table.SerializedColumn {name: pmy}
#     pmy_e:
#       __class__: astropy.units.quantity.Quantity
#       unit: !astropy.units.Unit {unit: mas / yr}
#       value: !astropy.table.SerializedColumn {name: pmy_e}
#     r:
#       __class__: astropy.units.quantity.Quantity
#       unit: &id002 !astropy.units.Unit {unit: deg}
#       value: !astropy.table.SerializedColumn {name: r}
#     x:
#       __class__: astropy.units.quantity.Quantity
#       unit: *id002
#       value: !astropy.table.SerializedColumn {name: x}
#     y:
#       __class__: astropy.units.quantity.Quantity
#       unit: *id002
#       value: !astropy.table.SerializedColumn {name: y}
# schema: astropy-2.0
x y pmx pmy pmx_e pmy_e pm_corr g_mag bp_rp filter memberprob r pm member_prob_GMM member_prob_DB
[from data line 113]
-0.06428862 -0.006914859 -1.849024 -1.947149 0.9428732 0.7891993 0.6222394 19.20191 2.829319 0 0.0 0.06465943037557849 2.685196264852348 0.0 0.0
-0.04921369 -0.01372292 -2.148038 -5.171883 0.4245671 0.3340029 0.453766 18.2244 3.681276 1 0.5402981 0.051091152039687844 5.600217943538716 0.0 0.0
-0.04822474 0.007948762 -3.87177 -2.689281 0.5380043 0.4348594 0.2909144 18.59153 3.485237 0 0.0 0.04887543723999044 4.714110226740673 0.0 0.0
-0.05379538 0.01027153 -1.97617 -4.696579 1.726195 1.382731 0.6298386 20.31421 2.241499 0 0.0 0.05476720951340592 5.09540009931909 0.0 0.0
-0.04820275 0.02269448 -2.931663 -1.460263 0.4803907 0.4029903 0.4992061 18.11455 3.591621 0 0.0 0.053277992924216845 3.275212355670697 0.0 0.0
-0.05007522 -0.007070435 0.8845589 0.8396428 0.5818053 0.4683796 0.4283622 18.82135 3.519598 0 0.0 0.05057191620986518 1.2196083302278031 0.0 0.0
-0.02419769 -0.006383676 -4.764737 -6.077258 2.633338 2.206591 0.4521155 20.60511 2.822659 0 0.0 0.025025577328187176 7.722420830136946 0.0 0.0
-0.05015461 -0.01630776 0.1831463 -0.6977953 0.4502765 0.351843 0.4729818 18.3674 3.627998 1 0.0 0.05273924478478716 0.7214297248559836 0.0 0.0
-0.04960815 0.002764043 -9.350022 -6.196416 0.6736938 0.5419314 0.4255615 18.89174 3.207788 0 0.0 0.04968509313796592 11.216883820631288 0.0 0.0
-0.04947135 0.007147185 -5.371957 -4.320011 0.4837324 0.4203507 0.5206574 16.75204 5.178925 0 0.0 0.04998496498194957 6.893505425396429 0.0 0.0
-0.0547748 0.03198436 -2.780152 -3.817187 0.4932756 0.4177703 0.5222855 17.96749 2.534897 0 0.0 0.06342931498644455 4.722304705974933 0.0 0.0
-0.0378846 -0.006619796 3.588335 1.391828 0.4362532 0.3476661 0.2943535 17.62226 3.475521 0 0.0 0.03845860913035748 3.8488093293652517 0.0 0.0
-0.05105034 0.006068893 -1.776331 -4.893051 0.420037 0.3342404 0.3354101 18.43544 3.490707 1 0.7015846 0.05140981109050148 5.2055066910111645 0.0 0.0
-0.05163422 0.01082749 -1.543186 -1.743324 0.5381193 0.4298236 -0.02153128 18.77454 3.148626 0 0.0 0.05275724798270376 2.3282185463508362 0.0 0.0
-0.05160743 0.01305147 -2.430399 -5.259814 0.8027794 0.6809289 0.5166678 19.05619 2.819786 0 0.0 0.05323220548094734 5.794176612237239 0.0 0.0
-0.0534469 0.03761352 -1.459536 -3.811236 0.4450379 0.3691388 0.4191301 18.23088 3.568226 1 0.1502156 0.06535555069311558 4.081147532617756 0.0 0.0
-0.05346142 0.006933815 -4.90772 -5.627541 0.4941426 0.3937767 0.2544189 18.40126 3.921949 1 0.0 0.053909194196079625 7.4669226127689985 0.0 0.0
-0.06501508 0.004717683 -3.010905 -1.006991 0.7617727 0.6254754 0.5772066 19.06818 2.130543 0 0.0 0.06518601966905856 3.174835396222299 0.0 0.0
-0.05311273 0.0339115 -3.901999 -6.115058 0.4974323 0.4060403 0.4720493 18.71322 3.329411 0 0.0 0.06301548952680523 7.253932074355604 0.0 0.0
-0.05309404 -0.009797291 -0.7179982 -6.598275 0.3842509 0.3270919 0.5611368 17.01598 4.472748 1 0.0 0.053990406503936245 6.637224901329489 0.0 0.0
-0.04902902 0.009733725 -0.1869512 -0.6977573 1.657351 1.47568 -0.03663447 20.01774 nan 0 0.0 0.0499859000572764 0.7223683277142832 0.0 0.0
-0.05942652 0.02278689 -0.3694092 -2.591257 2.419208 2.189537 0.1848908 20.53935 nan 0 0.0 0.0636455311485614 2.6174560162672535 0.0 0.0
-0.05428708 -0.005922075 -2.211429 -3.835559 0.8184536 0.6466087 0.3271337 18.54041 4.010376 0 0.0 0.054609138678723225 4.427406810371281 0.0 0.0
-0.05407966 0.02677951 -4.169291 -6.151431 0.5353723 0.4373205 0.42583 18.52483 3.562525 0 0.0 0.06034692851799253 7.431224043886848 0.0 0.0
-0.04947228 0.009485594 -1.905994 -4.552693 0.8604312 0.712334 0.5874242 19.23328 2.002607 0 0.0 0.050373435280227176 4.935567513496801 0.0 0.0
-0.05411696 -0.01480071 -4.353805 -4.107495 0.3739648 0.3019306 0.3881549 18.15853 3.666668 1 0.0 0.05610442385539397 5.98557709440368 0.0 0.0
-0.05353291 -0.02004376 1.328784 -0.712838 0.555073 0.4381609 0.4080502 18.50977 3.5 0 0.0 0.0571622669949828 1.5079140999738678 0.0 0.0
-0.05378599 -0.01137687 -3.68175 -5.29072 0.5101362 0.4102309 0.4085728 18.20837 3.945757 0 0.0 0.054976048341773345 6.445696330180317 0.0 0.0
-0.04351652 0.01486655 -3.390736 -2.372995 0.6951367 0.5577546 0.2358934 18.96987 2.964434 0 0.0 0.045985887202628806 4.138622463057122 0.0 0.0
-0.06318193 -0.003849181 -3.363568 -0.9141489 1.527405 1.275606 0.5885639 19.82161 2.462851 0 0.0 0.0632990716590351 3.485578560582907 0.0 0.0
-0.05647965 0.002324323 -4.560699 -6.980665 1.306581 1.087756 0.6098179 19.60256 2.597944 0 0.0 0.05652745652805218 8.33844465178165 0.0 0.0
-0.05229465 -0.000113342 -2.903968 -6.618218 2.59582 2.19818 0.4798435 20.62503 2.514742 0 0.0 0.05229477282703754 7.227298225516089 0.0 0.0
-0.04384875 0.01399287 -5.0515 -2.454019 1.510224 1.225234 0.5831493 20.06276 2.41991 0 0.0 0.046027310234244626 5.616036102302139 0.0 0.0
-0.05318354 0.005114323 -2.382296 -2.025262 0.8634451 0.7151158 0.6112387 19.12407 3.083696 0 0.0 0.05342888008071973 3.1268227324650177 0.0 0.0
-0.06117131 0.02048769 21.52973 20.27666 1.636933 1.345934 0.2984098 20.34023 nan 0 0.0 0.06451104253267187 29.574857812481532 0.0 0.0
-0.03140502 0.008076227 -1.507149 -1.342966 1.754559 1.363707 0.4805193 20.36617 nan 0 0.0 0.03242685189400798 2.01867674117403 0.0 0.0
-0.03899796 0.009649544 -4.133469 -6.439959 1.998068 1.58585 0.7215464 20.03333 2.663414 0 0.0 0.04017405361137379 7.652361589446881 0.0 0.0
-0.05144858 0.030952 -1.044184 -0.8233443 1.268784 1.035658 0.5497754 19.86688 1.7309 0 0.0 0.060041508042490074 1.3297428556673994 0.0 0.0
-0.05367949 -0.001401394 -3.363479 -6.511002 2.01797 1.642411 0.5536298 20.2928 2.270441 0 0.0 0.05369777976605119 7.32844717709318 0.0 0.0
-0.05828389 0.009144169 -2.188665 -5.292086 0.6858732 0.5650164 0.5005868 19.08325 2.147949 0 0.0 0.058996844493859675 5.726816629997944 0.0 0.0
-0.03142685 -0.0151324 -4.095829 -3.874847 1.279529 1.067041 0.6248733 19.76117 2.154631 0 0.0 0.03488031580537223 5.638284709967208 0.0 0.0
-0.06154804 -0.002196596 -6.136872 -10.70683 1.251161 1.050228 0.651739 19.57391 nan 0 0.0 0.06158722482649154 12.340883541841078 0.0 0.0
-0.06113241 -0.002226908 -6.801506 -7.682301 1.248806 1.0282 0.5733754 20.00294 nan 0 0.0 0.06117295702880942 10.26051814104127 0.0 0.0
-0.05987285 0.02884442 -2.126868 -5.464706 1.512496 1.249439 0.5626564 19.86126 2.309822 0 0.0 0.06645869944754336 5.864007090365767 0.0 0.0
-0.05854322 0.03024123 -0.7172378 -1.422468 1.260427 1.040724 0.5368463 19.8356 1.964935 0 0.0 0.06589264450514412 1.593061603571199 0.0 0.0
-0.04647895 0.007733897 -6.913835 -2.028692 1.355827 1.131079 0.6183456 19.79692 2.124172 0 0.0 0.04711800033860848 7.205324811421688 0.0 0.0
-0.0388586 0.007061316 -0.3621326 0.20427 0.3485711 0.2770097 0.4205254 18.24493 nan 0 0.0 0.039494974080404914 0.4157718760122671 0.0 0.0
-0.04365353 0.0104548 -1.796427 -1.168799 1.018804 0.8384716 0.5530853 19.54637 1.911137 0 0.0 0.04488801092163586 2.143184795749074 0.0 0.0
-0.03331647 0.006137863 -5.515998 -5.202042 1.882369 1.486878 0.3916822 20.30702 nan 0 0.0 0.033877138832369966 7.582049518815344 0.0 0.0
-0.03375978 0.006002321 -1.007288 -4.443551 1.200502 0.9765154 0.5128602 19.65182 2.988199 0 0.0 0.03428921992456873 4.556289565484727 0.0 0.0
-0.05405445 0.03253208 7.774356 -10.26032 2.360176 2.003779 0.3692916 19.74174 1.68992 0 0.0 0.06308898314229593 12.873025196787895 0.0 0.0
-0.05331466 -0.01218539 -0.9369055 -2.638929 1.105576 0.9209059 0.5703501 19.48479 nan 0 0.0 0.054689456939776795 2.800310372614302 0.0 0.0
-0.05627751 -0.01569431 -1.389089 -2.773796 1.114369 0.9417061 0.4569053 19.57789 2.25741 0 0.0 0.05842490477678333 3.10217866982819 0.0 0.0
-0.03555266 -0.02267517 -3.831741 -4.491994 1.008425 0.8439411 0.5823538 19.61513 2.581169 0 0.0 0.042168174819459524 5.9042568700148035 0.0 0.0
-0.03600514 0.009154538 0.6377196 -11.97357 1.454908 1.234088 0.05925718 19.62629 2.546402 0 0.0 0.03715071563796644 11.990540639734482 0.0 0.0
-0.04999079 -0.01033006 0.4368407 -4.376707 0.9141761 0.7579566 0.5382917 19.47876 2.526747 0 0.0 0.05104693158680255 4.39845358745838 0.0 0.0
-0.01402872 -0.01268018 -2.730445 -1.381151 1.939241 1.737077 0.4606846 19.62341 3.056244 0 0.0 0.018910101789012135 3.0598869232090915 0.0 0.0
-0.03392732 0.01069817 -4.920705 2.194569 2.218763 1.831889 0.1611667 20.21211 2.190855 0 0.0 0.035574061951530074 5.387900406724868 0.0 0.0
-0.03722214 0.001686908 -0.8099028 -11.09861 2.733608 2.235459 0.4353765 19.77415 2.528784 0 0.0 0.03726034574155296 11.128121426258247 0.0 0.0
-0.05793235 0.02777722 2.371651 -3.759476 1.107673 0.9168342 0.5842514 19.49049 2.927511 0 0.0 0.06424742117354516 4.445040861496889 0.0 0.0
-0.05399859 0.03153075 -1.167896 -7.052443 1.111547 0.8997774 0.5207334 19.25436 nan 0 0.0 0.062530280005375 7.1484916825205165 0.0 0.0
-0.05433007 -0.03426339 -4.808994 -8.295697 1.296024 1.091983 0.597176 19.59369 2.880087 0 0.0 0.06423189550758253 9.588796170940595 0.0 0.0
-0.05297344 0.03225408 0.3536669 0.766823 1.260757 1.048105 0.5894852 19.60165 2.572712 0 0.0 0.06202024687213039 0.8444511764954858 0.0 0.0
-0.03253538 -0.01379182 -10.6582 0.2354138 1.29097 1.0669 0.5166826 19.80721 1.73811 0 0.0 0.03533787275228661 10.66079954305635 0.0 0.0
-0.03729925 -0.01831167 -1.2274 -7.29044 1.977233 1.639039 0.4507252 20.26225 1.976 0 0.0 0.0415517906804436 7.393039033685674 0.0 0.0
-0.03439106 -0.01575879 -4.280772 -1.551523 0.6731429 0.5337198 0.3197979 18.51493 3.09358 0 0.0 0.037829677109218106 4.553266139323837 0.0 0.0
-0.05504986 -0.03519449 -0.9362679 -4.917585 1.337684 1.140901 0.5429927 19.52586 3.186512 0 0.0 0.06533865021853222 5.005920476075844 0.0 0.0
-0.01904508 -0.001282528 4.627374 1.762554 1.296523 1.097051 0.6081277 19.50146 nan 0 0.0 0.0190882149578525 4.951685242298019 0.0 0.0
-0.0293223 -0.01097195 -0.2968961 2.393482 0.517441 0.4109248 0.3369495 18.76802 1.911335 0 0.0 0.031307841894523805 2.4118257355205435 0.0 0.0
-0.02051334 -0.002739976 4.358074 3.869311 1.005921 0.8293478 0.6073176 19.40817 2.953978 0 0.0 0.020695520926910155 5.827896413303604 0.0 0.0
-0.05538226 -0.03519845 -3.720192 -5.091499 1.096462 0.9291558 0.4858228 19.54326 3.421959 0 0.0 0.06562107592161302 6.305806101036171 0.0 0.0
-0.04664787 0.01482154 -2.413746 -4.023576 1.306637 1.074713 0.5447587 19.9402 2.836439 0 0.0 0.04894590711702562 4.692050040258736 0.0 0.0
-0.0633596 0.01855636 1.695777 -6.159218 1.436719 1.202209 0.6130781 19.09087 3.289167 0 0.0 0.06602103762142489 6.388397765109262 0.0 0.0
-0.06094982 0.0209303 -1.90349 3.193943 0.9347835 0.7715393 0.384477 18.80773 2.808924 0 0.0 0.06444344820167834 3.7181374460002146 0.0 0.0
-0.02657998 -0.008562355 -3.235846 -5.623814 1.610743 1.316893 0.5585207 20.11498 2.419655 0 0.0 0.027925065084014128 6.488295865811916 0.0 0.0
-0.03126103 -0.01352065 -5.493504 -7.149629 1.423692 1.179762 0.4020165 20.07576 nan 0 0.0 0.03405965315565325 9.016417305984511 0.0 0.0
-0.05078303 0.02998334 -12.65024 -5.635507 1.238569 1.003976 0.7012987 19.53501 2.695869 0 0.0 0.058973865512924446 13.848736808989079 0.0 0.0
-0.05180986 -0.03305877 -0.2142105 -0.1003441 0.9745759 0.8289283 0.5833359 19.19914 3.049784 0 0.0 0.06145847270419678 0.23654825451704353 0.0 0.0
-0.05056382 -0.03187189 -4.458805 3.207657 0.2230828 0.1754802 0.2412325 16.26049 4.339004 1 0.0 0.05977053843796708 5.492722954753316 0.0 0.0
-0.01910034 -0.002266728 -2.064823 -4.94295 0.9500898 0.8009947 0.601425 19.30061 nan 0 0.0 0.01923437142049576 5.356887970065176 0.0 1.0
-0.02029006 -0.01263717 -7.17309 -8.518818 2.827065 2.310649 0.2032873 20.35747 nan 0 0.0 0.023903652449207422 11.136582970787044 0.0 0.0
-0.03428006 -0.01643396 -2.786715 -3.075529 0.3887291 0.3082326 0.3728291 18.43728 2.331081 0 0.0 0.03801575403546798 4.150260126915661 0.0 0.0
-0.04681932 0.02858491 -5.289622 -5.678816 1.608687 1.330975 0.5822309 19.86879 2.57655 0 0.0 0.05485568161066363 7.760737855690012 0.0 0.0
-0.01846323 -0.001196609 -1.436862 -4.930993 1.042243 0.8766989 0.5966446 19.37367 3.300568 0 0.0 0.018501965709939606 5.1360748021317795 0.0 1.0
-0.01688404 -0.0001931192 -2.394193 -7.361213 0.9113645 0.7681821 0.5981647 19.27272 3.381819 0 0.0 0.016885144410013455 7.740776250003484 0.0 0.0
-0.0189617 -0.002940001 -5.489431 -5.008025 2.145705 1.808797 0.2450274 20.56646 nan 0 0.0 0.01918826914471446 7.430623601312745 0.0 0.0
-0.0353878 -0.01789912 0.1051798 -0.4335607 0.4818248 0.3876005 0.2696473 18.70423 2.891521 0 0.0 0.039656965158902414 0.4461363815163812 0.0 0.0
-0.05975847 0.02151835 -5.110721 -4.991768 0.3046778 0.251484 0.3705994 17.54982 nan 0 0.0 0.06351467644146036 7.144033657931981 0.0 0.0
-0.05879993 -0.01291075 -0.02221863 -1.376824 0.2500453 0.1982572 0.2757647 17.49821 2.887512 1 0.0 0.06020065808251102 1.3770032659711005 0.0 0.0
-0.03328145 -0.02111242 3.054486 1.857868 1.549622 1.382858 0.2497885 20.09568 3.773462 1 0.0001231795 0.039413058652671196 3.5751305192426193 0.0 0.0
-0.03613656 -0.01531106 -0.7458505 -6.260112 2.005967 1.776375 0.2715797 19.93374 2.832167 0 0.0 0.03924639508231552 6.304386982165218 0.0 0.0
-0.04576342 0.0210837 -1.509147 -4.282373 0.3138917 0.2495088 0.3125113 17.66574 3.770557 1 0.6932811 0.05038663528939395 4.540511334501655 0.0 0.0
-0.05588143 -0.03394364 -0.8011688 -0.9167979 1.543057 1.273224 0.6417053 19.98753 3.026686 0 0.0 0.06538275701815044 1.2175343262256921 0.0 0.0
-0.02511229 -0.004962883 0.2230482 -0.7302358 0.4207438 0.3232622 0.4860845 18.48956 2.09691 0 0.0 0.025597994388541243 0.7635409767162991 0.0 0.0
-0.04235333 0.01685059 2.25288 -1.605638 1.455125 1.17297 0.4670834 19.97562 1.349794 0 0.0 0.04558230956672775 2.7665035119160795 0.0 0.0
-0.03084617 -0.01065761 -1.490198 -4.62496 1.69056 1.359565 0.6123538 20.02066 2.620535 0 0.0 0.03263542330935819 4.85910949463006 0.0 1.0
-0.06039632 0.02247171 -7.078431 -13.00266 0.9672609 0.8043983 0.6224631 19.08852 nan 0 0.0 0.06444139368345862 14.804504466457532 0.0 0.0
-0.03483473 -0.01432268 -1.860714 -4.384645 1.044946 0.8756695 0.5817671 19.3765 2.657225 0 0.0 0.037664274539081465 4.763125902789154 0.0 0.0
-0.0186269 -0.01833225 -1.952199 -5.060748 0.5818918 0.4533398 0.3741766 18.69521 3.450056 0 0.0 0.02613489609071557 5.424228171371942 0.0 1.0
-0.02724165 -0.02343791 -1.442403 -3.70558 0.193779 0.1552368 0.2397059 17.33751 1.81477 1 0.09682938 0.03593665426678727 3.976411642525079 0.0 0.0
-0.04621691 -0.02623779 0.827135 -4.539618 1.337449 1.169209 0.4777332 19.62169 nan 0 0.0 0.05314531394236184 4.61435628166584 0.0 0.0
-0.04901034 0.03262764 1.906413 -8.76054 0.9462322 0.7815615 0.5834547 19.13503 3.247681 0 0.0 0.05887763853013468 8.96557146076975 0.0 0.0
-0.01705004 -0.001965069 -1.744821 -5.231849 0.3501841 0.2801467 0.3235909 17.88931 3.98324 0 0.0 0.01716290651889595 5.515128673099296 0.0 1.0
-0.04890157 -0.0323843 -1.107458 -1.609876 0.6256236 0.4710063 0.5413781 18.91503 2.615557 0 0.0 0.05865242053790192 1.954012271491661 0.0 0.0
-0.01937707 -0.0044545 -8.251336 -11.2297 1.542972 1.180827 0.3480002 20.02741 nan 0 0.0 0.019882490086377512 13.935232609285572 0.0 0.0
-0.02447419 -0.009242846 -1.407422 -4.799125 1.284302 1.091442 0.5633839 19.66722 2.555058 0 0.0 0.0261613489395294 5.001243590519162 0.0 1.0
-0.05745966 0.02442814 -1.607539 -2.708006 1.264491 1.047132 0.5854974 19.73904 2.160389 0 0.0 0.06243674039518079 3.1492027773004714 0.0 0.0
-0.01937714 -0.004013903 -2.213378 -5.79536 1.475715 1.150789 0.4493506 19.96677 2.666569 0 0.0 0.019788506054601723 6.203647290141824 0.0 1.0
-0.01843513 -0.003853542 -0.9983699 -4.297374 1.251303 1.044182 0.547749 19.46917 2.904299 0 0.0 0.018833581817133564 4.411821137931819 0.0 1.0
-0.02006959 -0.005402563 -3.008455 -4.736142 1.092509 0.9132934 0.5517905 19.19808 3.382874 0 0.0 0.020784035453613646 5.610868251098844 0.0 1.0
-0.01749325 -0.002724255 -12.56645 -10.00184 1.267719 1.067154 0.6146362 19.78755 nan 0 0.0 0.01770410576300099 16.060898760284246 0.0 0.0
