jas1101finalproject/data/gcs/Terzan_6_HP_5.ecsv
# %ECSV 0.9
# ---
# datatype:
# - {name: x, unit: deg, datatype: float64}
# - {name: y, unit: deg, datatype: float64}
# - {name: pmx, unit: mas / yr, datatype: float64}
# - {name: pmy, unit: mas / yr, datatype: float64}
# - {name: pmx_e, unit: mas / yr, datatype: float64}
# - {name: pmy_e, unit: mas / yr, datatype: float64}
# - {name: pm_corr, datatype: float64}
# - {name: g_mag, unit: mag, datatype: float64}
# - {name: bp_rp, unit: mag, datatype: float64}
# - {name: filter, datatype: int64}
# - {name: memberprob, datatype: float64}
# - {name: r, unit: deg, datatype: float64}
# - {name: pm, unit: mas / yr, datatype: float64}
# - {name: member_prob_GMM, datatype: float64}
# - {name: member_prob_DB, datatype: float64}
# meta: !!omap
# - comments: [deg deg mas/yr mas/yr mas/yr mas/yr dimless mag   mag   zeroone float]
# - __serialized_columns__:
#     bp_rp:
#       __class__: astropy.units.quantity.Quantity
#       unit: &id001 !astropy.units.Unit {unit: mag}
#       value: !astropy.table.SerializedColumn {name: bp_rp}
#     g_mag:
#       __class__: astropy.units.quantity.Quantity
#       unit: *id001
#       value: !astropy.table.SerializedColumn {name: g_mag}
#     pm:
#       __class__: astropy.units.quantity.Quantity
#       unit: !astropy.units.Unit {unit: mas / yr}
#       value: !astropy.table.SerializedColumn {name: pm}
#     pmx:
#       __class__: astropy.units.quantity.Quantity
#       unit: !astropy.units.Unit {unit: mas / yr}
#       value: !astropy.table.SerializedColumn {name: pmx}
#     pmx_e:
#       __class__: astropy.units.quantity.Quantity
#       unit: !astropy.units.Unit {unit: mas / yr}
#       value: !astropy.table.SerializedColumn {name: pmx_e}
#     pmy:
#       __class__: astropy.units.quantity.Quantity
#       unit: !astropy.units.Unit {unit: mas / yr}
#       value: !astropy.table.SerializedColumn {name: pmy}
#     pmy_e:
#       __class__: astropy.units.quantity.Quantity
#       unit: !astropy.units.Unit {unit: mas / yr}
#       value: !astropy.table.SerializedColumn {name: pmy_e}
#     r:
#       __class__: astropy.units.quantity.Quantity
#       unit: &id002 !astropy.units.Unit {unit: deg}
#       value: !astropy.table.SerializedColumn {name: r}
#     x:
#       __class__: astropy.units.quantity.Quantity
#       unit: *id002
#       value: !astropy.table.SerializedColumn {name: x}
#     y:
#       __class__: astropy.units.quantity.Quantity
#       unit: *id002
#       value: !astropy.table.SerializedColumn {name: y}
# schema: astropy-2.0
x y pmx pmy pmx_e pmy_e pm_corr g_mag bp_rp filter memberprob r pm member_prob_GMM member_prob_DB
[from data line 785]
-0.02854474 0.01380908 1.197518 -1.508853 1.58653 1.338643 0.8305475 19.25072 3.064753 0 0.0 0.0317095075981006 1.9263142879429098 0.0 0.0
-0.003891764 -0.01054161 -10.6323 -7.046701 1.815035 1.468523 0.5366956 20.22686 nan 1 0.04931657 0.011237053369268831 12.755461507660199 0.0 0.0
-0.0270843 0.015261 -5.12422 -12.2959 2.220167 1.824232 0.7836582 19.64622 2.671452 0 0.0 0.031087898409027263 13.320915412177948 0.0 0.0
0.02427545 -0.007450939 -9.082228 -6.736697 1.437641 1.229169 0.8311987 19.31781 2.895197 1 7.982258e-05 0.025393187367564178 11.307959670682992 0.0 0.0
0.01932069 -0.004483867 6.126753 0.345662 2.297672 1.966974 0.8470455 19.74886 nan 0 0.0 0.019834165607602178 6.1364961127057684 0.0 0.0
0.001585205 -0.0006366863 -0.668036 -8.508675 2.91004 2.649809 0.2960684 19.85708 nan 0 0.0 0.0017082869596858397 8.53485924622785 0.0 0.0
0.002211214 0.0003226975 -12.81634 -8.416429 1.873436 1.54735 0.5349699 18.5202 nan 0 0.0 0.002234636666284309 15.332803008831783 0.0 0.0
-0.02155004 -0.001316243 0.1991703 -0.8724288 0.5754049 0.478429 0.3101304 18.79789 2.42049 1 0.0 0.021590199620120445 0.8948747507174007 0.0 0.0
0.02039397 0.01369103 -6.511598 -1.934025 1.642238 1.47454 0.8571066 19.21211 2.710552 0 0.0 0.02456335308588386 6.792743276043119 0.0 0.0
0.004428221 -0.0007416811 7.638969 3.180807 1.869364 1.621528 0.8411445 19.14136 nan 0 0.0 0.004489903348507428 8.274743534044426 0.0 0.0
0.001689215 -0.01858865 -7.102293 -6.198578 0.28636 0.2299038 0.1862204 16.98696 4.591887 1 0.0 0.01866524460431004 9.426819987669916 0.0 0.0
-0.01750465 -0.01528101 -4.956167 -5.660099 1.771556 1.467226 0.81937 19.60087 2.632099 1 0.1246284 0.023236222546760908 7.52331788652387 0.0 0.0
0.006308327 0.03142946 -2.075489 -4.252012 0.4698108 0.3779925 0.1643478 18.76125 2.117271 1 0.0 0.03205629338258759 4.731517794245837 0.0 0.0
-0.01737636 -0.003894118 -5.25141 -6.091053 0.8783992 0.7159127 0.3981058 19.10898 3.590527 0 0.0 0.017807359204764867 8.042277888565465 0.0 0.0
0.01742231 0.02578231 -4.637906 0.1830339 2.068887 1.714513 0.7916887 19.72561 2.591166 1 0.0 0.031116947065420796 4.64151629032854 0.0 0.0
-0.005092599 0.01083589 -2.888552 -6.117058 0.3417375 0.2729742 0.1674726 16.14937 5.575357 0 0.0 0.011972930997333152 6.764771336273533 0.0 0.0
0.009460852 -0.01404199 0.5583014 -2.885027 2.406757 1.954539 0.7724267 19.88773 nan 0 0.0 0.016931780878749997 2.9385508748311575 0.0 0.0
0.02072508 -0.02279471 -3.898536 -6.573729 1.098554 0.902566 0.6548397 19.21531 2.656057 0 0.0 0.03080791692066343 7.642806808283002 0.0 0.0
-0.01560793 0.02717118 -11.21261 -12.37665 2.077081 1.766934 0.8293727 19.66974 nan 0 0.0 0.03133497249842897 16.70042179810438 0.0 0.0
0.004637929 0.02054623 -7.078978 1.786098 0.4835103 0.3900347 0.2452403 18.22478 2.584955 0 0.0 0.02106318951683104 7.300827048361576 0.0 0.0
0.005365746 -0.02625824 -0.9023536 -8.893271 1.613214 1.370383 0.8223813 19.33953 2.910978 0 0.0 0.026800865620985378 8.938932324325648 0.0 0.0
-0.01583966 0.008835798 -2.924039 -3.755638 1.832008 1.683636 0.8188863 19.38582 2.738487 0 0.0 0.01813742416145148 4.759708064636422 0.0 0.0
-0.005587046 -0.009176038 -9.474429 7.385548 3.265858 2.620784 0.5109472 20.23736 nan 0 0.0 0.010743126006128756 12.012956511048603 0.0 0.0
0.03137145 -0.001423903 -0.3783584 0.8458364 0.4918512 0.3886874 0.3133081 18.47543 nan 1 0.0 0.03140374778359916 0.9266036339317476 0.0 0.0
-0.02880597 0.01499347 1.12495 -11.89997 2.524009 2.148492 0.5710933 20.20543 2.863251 0 0.0 0.032474421477245746 11.95302465919819 0.0 0.0
0.007010516 0.0006772297 -5.251386 -7.898114 3.058775 2.554691 0.2599004 20.38073 nan 0 0.0 0.0070431509037374804 9.484580100246506 0.0 0.0
-0.01004606 -0.01607338 -2.333302 -4.659704 0.6209862 0.5052199 0.2364149 18.95745 nan 1 0.0 0.01895460013157756 5.2112512500185595 0.0 0.0
0.01603392 -0.00726035 -6.803991 -4.545259 2.192654 1.791918 0.7780622 19.8303 3.018021 1 0.01211147 0.017601115666028105 8.182522404806601 0.0 0.0
-0.01336184 0.01083699 -4.443762 -8.659029 0.7245948 0.5976466 0.2016858 18.94526 3.750244 0 0.0 0.01720404372366276 9.73271821925843 0.0 0.0
0.02787165 -0.01744835 -6.37043 -4.317041 0.3546822 0.2803955 0.2837798 17.64406 3.663984 1 0.0 0.032882727858938345 7.695402613286779 0.0 0.0
-0.01213421 -0.001526278 1.219655 -2.307794 2.087731 1.763516 0.8375046 19.44317 3.756802 0 0.0 0.012229823255361623 2.610262719624406 0.0 0.0
-0.02801692 -0.006692851 -1.988504 -6.315158 1.786683 1.523191 0.829983 19.45155 3.121817 0 0.0 0.028805243633661583 6.620828401565775 0.0 0.0
-0.003344533 0.002132738 -2.702472 -6.255262 1.800819 1.515688 0.81854 19.50327 2.791775 1 0.2182573 0.003966670186029209 6.81407789795714 0.0 0.0
0.009934247 0.02369294 3.449937 -3.430059 0.5249395 0.4235721 0.1855919 18.78598 2.261026 1 0.0 0.025691334517704778 4.864912131524063 0.0 0.0
-0.02087673 0.02055166 0.07742953 -4.0311 0.1167191 0.09161952 0.02866811 16.10425 1.87178 1 0.0 0.029295197289803322 4.031843566176151 0.0 0.0
-0.027519 -0.01485997 -0.6106784 -5.878335 1.550875 1.452698 0.8256526 19.26817 2.700647 1 4.904985e-05 0.031274815257662195 5.90997042974426 0.0 0.0
0.0147085 0.02291031 -4.711083 -3.365341 0.4102251 0.3540088 0.4487838 18.05037 nan 0 0.0 0.027225397637979504 5.78963065136024 0.0 0.0
0.01209924 0.0203205 2.933085 1.485706 1.509941 1.285353 0.7910489 19.26236 2.621405 1 0.0 0.023649827247309862 3.287903577610055 0.0 0.0
0.01882824 0.01104014 -6.860956 -7.807089 2.019067 1.77484 0.8530073 19.59882 3.153591 0 0.0 0.021826298649042626 10.393428495345365 0.0 0.0
0.02250324 -0.002020278 -1.880201 -13.25955 1.561861 1.365535 0.8441884 19.25928 2.642645 1 0.0 0.02259374545521136 13.392192576381994 0.0 0.0
0.01381646 -0.0112845 -4.872984 -10.2673 1.957787 1.582925 0.5696744 20.22428 nan 0 0.0 0.017839128543222057 11.365008682542042 0.0 0.0
-0.01675114 0.0003441242 -4.114785 -4.77633 0.4967256 0.4057889 0.2390587 18.63995 2.411552 1 5.63908e-06 0.01675467435567238 6.304346426484272 0.0 0.0
-0.02616929 0.008164019 -5.120605 -4.61018 1.69244 1.428337 0.8177715 19.51115 2.842758 1 0.0107012 0.027413189258757565 6.890163655416684 0.0 0.0
-0.01876374 0.0214848 -5.537813 -1.617916 0.4629828 0.3659275 0.1338255 18.46729 3.512583 1 0.0 0.028524981504421697 5.769317551151523 0.0 0.0
-0.001022796 -0.0258976 -5.112596 -7.261352 0.2839293 0.2267145 0.1418503 16.97041 4.136667 1 0.5898871 0.025917789207754893 8.880645850788106 0.0 0.0
-0.0262458 0.001911708 -4.637062 1.234303 2.147478 1.821853 0.8335678 19.66386 3.085608 0 0.0 0.026315330990076186 4.798525595185775 0.0 0.0
0.004844563 -0.01984189 -0.6719072 -5.133309 0.2896525 0.23164 0.1386375 17.04049 4.099191 1 0.0 0.02042474943378912 5.17709576644018 0.0 0.0
0.02422512 -0.0003212565 -3.354544 -5.708459 0.7396774 0.6151633 0.2750748 19.07776 2.948366 0 0.0 0.024227250045211327 6.621138089680429 0.0 0.0
-0.01842458 0.02147151 -0.6472453 -1.021382 2.11178 1.688364 0.8294767 19.70678 nan 1 0.0004808346 0.028292947705329325 1.209192982239018 0.0 0.0
-0.02613844 -0.008996389 -5.260045 -9.445968 0.6592957 0.5468125 0.3078624 18.94934 3.210737 1 0.0001403229 0.027643318553909568 10.81177066252559 0.0 0.0
-0.01920834 0.02682147 -0.7927751 -3.399526 0.8170085 0.648815 0.280324 18.85423 2.296793 0 0.0 0.032990173969176036 3.4907405208431075 0.0 0.0
0.02552951 0.0006206298 -1.816941 -6.637654 0.8310835 0.6877874 0.2569319 19.0582 3.188906 0 0.0 0.025537052731056258 6.881840249613253 0.0 0.0
-0.01776433 -0.02116523 -1.760386 -8.696793 0.3515792 0.2720069 0.03957489 17.63097 4.307511 1 0.0 0.027632198271252323 8.873171211795984 0.0 0.0
-0.03000168 0.001473806 -0.6046807 -12.78001 2.722317 2.329566 0.5981054 20.51246 1.94978 1 0.0001327375 0.030037857895463118 12.794307107032115 0.0 0.0
-0.02658816 0.01354453 -5.486436 -7.131506 0.7895658 0.5718753 -0.7433507 17.85331 2.611172 1 0.451438 0.029839312074954074 8.997741817263485 0.0 0.0
-0.004621119 -0.02859661 -6.758983 -5.328089 1.985034 1.664432 0.8277558 19.50593 nan 0 0.0 0.02896758264516149 8.606531449208212 0.0 0.0
0.02018213 -0.0009955063 -7.548116 -3.685414 2.41033 2.002827 0.6837998 20.05844 2.48609 0 0.0 0.020206667318740112 8.399781634117163 0.0 0.0
-0.001544572 -0.009955991 -4.38737 -11.91181 2.758125 2.251881 0.4731085 20.46033 nan 0 0.0 0.0100750910395522 12.694102291733747 0.0 0.0
0.02636469 0.002457177 -3.360012 -4.556291 0.488308 0.3958059 0.1249242 18.74395 3.044718 1 0.0 0.026478946308443413 5.661224983766764 0.0 0.0
-0.03159565 0.01008496 -5.659865 -1.828473 2.263373 1.596672 0.5154477 19.38418 2.563437 0 0.0 0.03316612001914153 5.947889149097686 0.0 0.0
0.02336503 0.002303472 -6.503119 -2.216033 0.4338037 0.3509724 0.1674049 18.61288 3.114006 1 0.0 0.02347830083621223 6.870324518190534 0.0 0.0
-0.0231427 0.005280898 -3.532645 -7.786943 3.036244 2.688483 0.3764332 20.59093 2.404486 0 0.0 0.023737574580744426 8.550793061539613 0.0 0.0
-0.03268944 0.004864179 -5.099705 -3.688888 2.131296 1.826995 0.8328157 19.50151 2.73148 0 0.0 0.0330493528659434 6.294035729448078 0.0 0.0
0.009045121 0.001953073 -8.209524 -5.265812 2.163035 1.92427 0.04812469 20.04172 3.155739 0 0.0 0.009253578121352302 9.753207694185539 0.0 0.0
-0.03000284 0.005134007 2.810221 -0.6258475 0.5369906 0.4283377 0.1211288 18.91008 3.386318 1 0.0 0.030438929612285136 2.879067064536227 0.0 0.0
-0.02144247 -0.01557174 -4.63124 -1.223574 0.6288998 0.4903956 0.09886263 18.86075 3.518921 0 0.0 0.026500162383059092 4.790147938328836 0.0 0.0
-0.01367094 -0.01627602 -6.302795 -7.161777 1.898627 1.573084 0.5813304 20.1498 nan 1 0.2204908 0.021255668126972625 9.540244997365319 0.0 0.0
-0.02283414 0.0236907 -0.299618 -9.291608 0.5246637 0.4063223 0.04529294 18.75303 2.916441 1 0.0 0.032903604909334784 9.296437498934095 0.0 0.0
0.02313334 0.0147795 -2.315468 -6.336125 0.2942626 0.2366131 0.1308544 17.21255 4.008227 1 0.0 0.02745150341612641 6.745952273374679 0.0 0.0
0.003437389 0.007820448 -1.211693 0.7490678 2.432976 2.017886 0.7884704 19.65823 nan 0 0.0 0.008542543535623627 1.424535887665116 0.0 0.0
-0.00253567 -0.008060108 2.963277 -4.16362 2.24744 1.843334 0.4528204 20.15786 nan 1 0.004688364 0.008449554030868375 5.110454195385083 0.0 0.0
0.01350285 -0.01579915 -1.614076 2.520408 2.976884 2.563831 0.5731077 20.74195 2.421822 1 0.0008745902 0.020783168643039012 2.992941332575699 0.0 0.0
-0.02228508 0.01869549 -3.851799 -6.40131 2.08037 1.768993 0.4203101 20.15413 nan 0 0.0 0.029088591181879193 7.470818245179105 0.0 0.0
-0.01526366 -0.004273314 -6.266533 -4.133723 0.5282993 0.4268496 0.1583652 18.36716 4.71582 0 0.0 0.015850568732326167 7.5071367165396685 0.0 0.0
-0.01200571 0.01353798 -3.410828 -3.30383 0.4749631 0.3949511 0.335609 18.50617 3.610842 1 0.0 0.01809458413682116 4.748582979635504 0.0 0.0
-0.02583151 0.01302785 -1.429275 -3.704219 0.3235906 0.2553539 0.08941479 17.72145 3.202171 0 0.0 0.028930810298064585 3.9703986481946623 0.0 0.0
0.01749087 -0.02657061 1.718351 -2.939582 2.702279 2.26847 0.5153917 20.48852 nan 1 0.003052433 0.031810813399361544 3.404977605495372 0.0 0.0
-0.0001101379 -0.03115616 -0.3361654 -2.696916 0.4233215 0.3391611 0.3221978 18.34669 2.497503 1 0.0 0.031156354669675597 2.717786431494049 0.0 0.0
0.009486778 -0.01556025 -4.138446 -5.01064 1.090611 0.9225176 0.3960964 19.76912 2.457167 1 0.07524642 0.01822416903136557 6.498711295673628 0.0 0.0
0.03181752 0.00648763 -3.635103 -1.345146 0.6246384 0.5039895 0.1520019 18.9515 3.167196 0 0.0 0.03247220229623023 3.8760020100517236 0.0 0.0
0.02484929 -0.007191689 -0.5782881 -2.890802 0.5698778 0.4538029 0.295849 18.5368 nan 0 0.0 0.02586904722205325 2.9480762082764427 0.0 0.0
-0.01469349 0.01899834 0.3929017 -4.468049 0.5054036 0.399973 0.1063493 18.97172 2.222378 1 0.0 0.024017401423461697 4.485290805763199 0.0 0.0
-0.001831129 -0.02671968 -3.206527 -7.927513 1.574033 1.335101 0.8343616 19.24759 2.059393 1 0.001211143 0.026782351142441565 8.551448869454696 0.0 0.0
0.02677985 -0.005191408 0.05759621 0.3623044 0.3262825 0.2618514 0.214104 15.51473 4.607908 0 0.0 0.027278399568980656 0.36685392415200374 0.0 0.0
-0.01145863 0.01958625 0.6987162 -0.5558584 0.5251397 0.4305034 0.2448616 18.67413 2.125658 1 0.0 0.02269187939636997 0.8928509892434459 0.0 0.0
0.007764919 -0.02369302 -5.361499 -9.389279 0.6349239 0.5133456 0.1419096 18.97529 3.101252 0 0.0 0.024932973424703297 10.812226027365595 0.0 0.0
0.02855588 0.003019207 0.515673 -9.428159 2.270598 1.880811 0.6691387 20.12058 nan 0 0.0 0.028715046464932784 9.442250831883785 0.0 0.0
0.0172325 -0.01354146 3.217508 0.2319038 0.2404896 0.1934093 0.1200922 17.39358 2.377171 1 0.0 0.021916436644254012 3.2258544763393218 0.0 0.0
-0.02713469 0.009056385 -3.871739 -3.103211 0.55578 0.4366283 0.0496519 19.01005 2.879677 1 0.0 0.028606109673710002 4.961882847734517 0.0 0.0
-0.03247839 -0.002023185 1.037349 2.270311 0.4813343 0.3775769 0.07081941 18.79646 3.025652 1 0.0 0.032541344387353226 2.4960779203626635 0.0 0.0
0.005026816 -0.02526449 -5.867776 -5.287518 0.4483357 0.3564536 0.1335219 16.67664 5.410527 0 0.0 0.02575972309746275 7.898648098662201 0.0 0.0
0.01882371 -0.01161916 0.9535698 0.8454115 2.071382 1.727531 0.7740204 19.80079 2.241123 1 7.86997e-05 0.022120961490624678 1.2743688507666413 0.0 0.0
-0.00177889 -0.03136407 -19.09076 -16.09166 1.32538 1.060232 0.198234 18.67303 3.413151 0 0.0 0.03141447654501026 24.96795223748235 0.0 0.0
0.01001009 0.0008696013 -8.125996 -5.796422 0.5602356 0.4351783 -0.02709089 17.74333 3.158329 0 0.0 0.01004779121145845 9.981498835049775 0.0 0.0
0.01334835 -0.001875487 -5.622435 -6.328589 0.407977 0.3168904 0.09613809 17.73557 4.143217 1 0.5682824 0.013479462126126138 8.465389185391656 0.0 0.0
0.006436601 -0.0005873015 -2.465978 -7.201648 2.26352 1.847994 0.5623716 19.83907 2.989254 0 0.0 0.0064633393447275575 7.612146964712911 0.0 0.0
-0.03187907 -0.0003273474 -1.3622 -4.395846 0.3272581 0.2577025 0.07540516 17.99178 3.441135 1 0.0 0.031880750624556926 4.602070283656693 0.0 0.0
0.003071071 -0.02676931 -9.054886 -5.064477 3.348437 2.834027 0.3510398 20.53736 nan 0 0.0 0.026944896269296362 10.374964470133138 0.0 0.0
-0.006916788 -0.0140494 1.817335 -3.716011 3.275013 2.689521 0.595077 20.47552 nan 0 0.0 0.01565974446141903 4.136598149971302 0.0 0.0
-0.01833781 -0.0222716 -5.021575 -3.081712 2.094125 1.703382 0.5271334 20.17258 2.791561 1 0.006074063 0.028849600381220187 5.891787872248033 0.0 0.0
-0.02053859 0.02519422 -0.1502698 -2.982152 0.3484973 0.276778 0.2228797 17.96608 3.337696 1 0.0 0.03250511345306304 2.985935626214343 0.0 0.0
0.001950825 0.02168501 -3.381548 -5.956269 2.790891 2.409372 0.838553 19.93162 nan 0 0.0 0.02177258314671746 6.849234064964125 0.0 0.0
0.007665027 0.03063972 -3.093454 -5.015818 3.584518 3.027683 0.7346338 20.61208 nan 0 0.0 0.03158393706600127 5.8930372355212555 0.0 0.0
-0.004048217 -0.01117677 -1.79385 -9.896295 1.945929 1.626763 0.6480215 20.00513 3.540045 0 0.0 0.011887314604736809 10.057561958522802 0.0 0.0
0.01066008 -0.0176451 -0.1109999 -9.211927 0.343655 0.2678591 0.2044437 17.00853 4.488277 1 0.0 0.020615209424509857 9.212595727108024 0.0 0.0
0.002054134 -0.02638781 -8.133508 -6.023015 0.3536583 0.2847235 0.1563421 15.63182 5.067588 0 0.0 0.026467640300677657 10.120803430374934 0.0 0.0
-0.008716032 -0.01632693 -5.333472 -5.940415 2.015581 1.746552 0.536097 20.20988 nan 0 0.0 0.018507778285086623 7.983386120375802 0.0 0.0
-0.02887898 -0.002166973 -0.7324712 -3.167279 2.137448 1.694334 0.8055648 19.68844 2.669092 0 0.0 0.028960166743703823 3.25087224028728 0.0 0.0
0.009382224 -0.0179654 -5.07449 -5.616337 1.410686 1.274365 0.8175154 19.27906 3.047333 1 0.1630923 0.020267750845769147 7.569259544874188 0.0 0.0
-0.02429262 0.0138694 -4.445282 -0.6086447 0.2992731 0.2360665 0.1075572 16.15919 3.288748 0 0.0 0.027973052082752786 4.4867561144285615 0.0 0.0
