jas1101finalproject/data/gcs/Terzan_5_11.ecsv
# %ECSV 0.9
# ---
# datatype:
# - {name: x, unit: deg, datatype: float64}
# - {name: y, unit: deg, datatype: float64}
# - {name: pmx, unit: mas / yr, datatype: float64}
# - {name: pmy, unit: mas / yr, datatype: float64}
# - {name: pmx_e, unit: mas / yr, datatype: float64}
# - {name: pmy_e, unit: mas / yr, datatype: float64}
# - {name: pm_corr, datatype: float64}
# - {name: g_mag, unit: mag, datatype: float64}
# - {name: bp_rp, unit: mag, datatype: float64}
# - {name: filter, datatype: int64}
# - {name: memberprob, datatype: float64}
# - {name: r, unit: deg, datatype: float64}
# - {name: pm, unit: mas / yr, datatype: float64}
# - {name: member_prob_GMM, datatype: float64}
# - {name: member_prob_DB, datatype: float64}
# meta: !!omap
# - comments: [deg deg mas/yr mas/yr mas/yr mas/yr dimless mag   mag   zeroone float]
# - __serialized_columns__:
#     bp_rp:
#       __class__: astropy.units.quantity.Quantity
#       unit: &id001 !astropy.units.Unit {unit: mag}
#       value: !astropy.table.SerializedColumn {name: bp_rp}
#     g_mag:
#       __class__: astropy.units.quantity.Quantity
#       unit: *id001
#       value: !astropy.table.SerializedColumn {name: g_mag}
#     pm:
#       __class__: astropy.units.quantity.Quantity
#       unit: !astropy.units.Unit {unit: mas / yr}
#       value: !astropy.table.SerializedColumn {name: pm}
#     pmx:
#       __class__: astropy.units.quantity.Quantity
#       unit: !astropy.units.Unit {unit: mas / yr}
#       value: !astropy.table.SerializedColumn {name: pmx}
#     pmx_e:
#       __class__: astropy.units.quantity.Quantity
#       unit: !astropy.units.Unit {unit: mas / yr}
#       value: !astropy.table.SerializedColumn {name: pmx_e}
#     pmy:
#       __class__: astropy.units.quantity.Quantity
#       unit: !astropy.units.Unit {unit: mas / yr}
#       value: !astropy.table.SerializedColumn {name: pmy}
#     pmy_e:
#       __class__: astropy.units.quantity.Quantity
#       unit: !astropy.units.Unit {unit: mas / yr}
#       value: !astropy.table.SerializedColumn {name: pmy_e}
#     r:
#       __class__: astropy.units.quantity.Quantity
#       unit: &id002 !astropy.units.Unit {unit: deg}
#       value: !astropy.table.SerializedColumn {name: r}
#     x:
#       __class__: astropy.units.quantity.Quantity
#       unit: *id002
#       value: !astropy.table.SerializedColumn {name: x}
#     y:
#       __class__: astropy.units.quantity.Quantity
#       unit: *id002
#       value: !astropy.table.SerializedColumn {name: y}
# schema: astropy-2.0
x y pmx pmy pmx_e pmy_e pm_corr g_mag bp_rp filter memberprob r pm member_prob_GMM member_prob_DB
[from data line 451]
-0.05298607 -0.003111988 -1.453336 -2.062071 0.3914355 0.3117412 0.3405764 18.34754 3.407295 1 0.0 0.0530773782637862 2.522760856271755 0.0 0.0
-0.05126904 -0.001133346 -4.138765 -3.324737 1.294276 1.06669 0.5417683 19.90961 nan 0 0.0 0.051281565261576366 5.308790054654073 0.0 0.0
-0.06102105 -0.00330832 -5.386086 -9.538406 0.5719787 0.4580818 0.3567903 18.94132 3.055868 0 0.0 0.06111066620750342 10.954045436286632 0.0 0.0
-0.03416447 -0.03374693 -10.29644 -13.59905 2.485513 1.872618 0.7650981 19.93056 3.311012 0 0.0 0.048021519080572624 17.05728107220198 0.0 0.0
-0.04621076 -0.04271156 -1.043691 -1.28809 1.062999 0.8686337 0.4708042 19.55589 2.953266 0 0.0 0.06292624013407443 1.6578500389302404 0.0 0.0
-0.05794314 -0.008479575 0.8952993 -2.678875 0.208542 0.177493 0.5630379 16.88008 2.08264 1 0.0 0.05856031647148284 2.824523340708214 0.0 0.0
-0.04123524 -0.01211403 0.3341176 -5.606843 2.094889 1.640219 0.6895243 20.35613 nan 0 0.0 0.04297784011206822 5.616789385162911 0.0 0.0
-0.03181783 -0.003009388 -1.509417 0.3924262 1.654618 1.335116 0.6080575 19.92703 1.939949 0 0.0 0.03195982981874972 1.5595954611165808 0.0 0.0
-0.04328478 -0.01394769 0.03097062 0.9932476 1.820852 1.456696 0.8326959 19.67562 2.521681 0 0.0 0.04547648003072027 0.993730332740701 0.0 0.0
-0.0610311 0.01713273 -6.104533 -12.28824 1.295657 1.068869 0.5756022 19.89994 1.828154 0 0.0 0.06339026427191245 13.72101182295566 0.0 0.0
-0.0245876 0.003826285 -2.727642 1.196814 1.691076 1.382374 0.6409619 19.97439 2.913368 0 0.0 0.024883539351571855 2.9786565143970525 0.0 0.0
-0.03805004 -0.00922147 -2.312551 -1.873057 0.5466571 0.4390948 0.2751758 18.61925 3.495417 0 0.0 0.0391515140570898 2.975942649455799 0.0 0.0
-0.05200825 -0.02235672 0.2675397 -1.732622 0.773086 0.6416641 0.5445993 19.12763 2.115799 0 0.0 0.05660990193615336 1.7531561499079569 0.0 0.0
-0.02214632 -0.01249253 -1.760831 -0.04345346 1.113594 0.9419757 0.6277449 19.23675 nan 0 0.0 0.025426812528181745 1.7613670865969342 0.0 0.0
-0.04480782 -0.0159643 -3.460654 0.5732325 0.5223286 0.4135953 0.5095695 18.78749 2.503185 0 0.0 0.04756679101686806 3.5078086616536326 0.0 0.0
-0.03336887 -0.005069732 -1.784351 -3.930041 1.155865 0.955392 0.5909271 19.40341 3.614098 0 0.0 0.03375179502824589 4.316147675054921 0.0 1.0
-0.04673679 0.03021381 -8.69478 -7.581552 1.754219 1.424233 0.617514 20.00513 1.992168 0 0.0 0.05565250986451734 11.535992804137146 0.0 0.0
-0.02971327 0.001982665 1.257791 -1.473253 0.2598071 0.2229479 0.647498 17.00506 1.700762 1 0.0 0.029779344764368557 1.937140315436649 0.0 0.0
-0.03909663 -0.02897811 -5.390871 -2.029068 1.534743 1.317108 0.07856702 19.62995 nan 0 0.0 0.0486649497742369 5.76008742010614 0.0 0.0
-0.03071059 0.001259537 -4.712222 -3.719431 2.36463 1.872276 0.7580016 20.12164 nan 0 0.0 0.030736407916385888 6.003266039502581 0.0 0.0
-0.03035037 0.001164258 -0.283107 -1.105755 1.292429 0.9924767 0.2952693 19.36432 nan 0 0.0 0.030372692600878572 1.1414217859643299 0.0 0.0
-0.05197388 0.02788858 -0.8254052 -3.09321 1.33807 1.069799 0.4569867 19.96924 2.41078 0 0.0 0.058983532419403295 3.2014437131217908 0.0 0.0
-0.04404526 0.02114535 2.839601 -2.963839 0.4120025 0.3283216 0.3225775 18.30583 nan 0 0.0 0.048858067451446545 4.104591996425711 0.0 0.0
-0.04570736 0.01934994 -5.727093 -7.12067 1.203134 0.9726003 0.5072199 19.61215 2.614189 0 0.0 0.04963449341106647 9.138026892034679 0.0 0.0
-0.04887099 0.03065931 -1.932828 -5.465038 0.5548202 0.44612 0.3907626 18.98748 2.983646 0 0.0 0.05769200077355786 5.796763270914899 0.0 0.0
-0.04471011 0.02045275 -1.652614 -2.037768 1.271587 1.050183 0.512835 19.60613 nan 0 0.0 0.04916613589427788 2.6236675579844335 0.0 0.0
-0.05510413 0.02463901 -4.41406 -10.51643 1.139025 0.9413829 0.5791978 19.1916 nan 0 0.0 0.06036179219371307 11.405227995463308 0.0 0.0
-0.05535337 0.02423645 -3.515645 -2.861544 0.5573223 0.4414255 0.2934028 17.65288 3.441204 0 0.0 0.06042682416741261 4.533011562963523 0.0 0.0
-0.05646111 0.02250599 -3.132775 -2.56574 0.8633616 0.715623 0.5504168 19.39498 2.855968 0 0.0 0.06078138307337371 4.049358090886134 0.0 0.0
-0.02824492 0.002786001 -9.411626 -3.321519 1.207988 0.9762491 0.5348739 19.36435 2.951399 0 0.0 0.028381989137098915 9.980540688321298 0.0 0.0
-0.05069688 0.02260957 -3.484872 -4.425618 0.8248553 0.6846477 0.496345 19.25891 2.636345 0 0.0 0.05551005582161938 5.632976791919882 0.0 0.0
-0.05557476 0.02352682 -2.124202 -3.143259 0.2723914 0.2155872 0.3377953 17.63137 1.982731 0 0.0 0.06034952533674147 3.793719978844643 0.0 0.0
-0.05599117 0.02510783 -0.626201 -0.7757172 0.6109859 0.5114754 0.4584528 19.02615 2.883221 0 0.0 0.06136297128788501 0.9969277139175338 0.0 0.0
-0.046415 -0.01506843 2.218336 -1.385897 1.274798 1.043662 0.6519148 19.45699 3.114052 0 0.0 0.04879969065132381 2.6156691502376592 0.0 0.0
-0.04884724 -0.02966631 -6.096305 -4.375167 2.022485 1.695652 0.5296704 20.39092 2.165583 0 0.0 0.05715017764306337 7.50380043250845 0.0 0.0
-0.04954899 -0.006601016 -4.077083 -2.884052 1.578154 1.304272 0.6253092 19.86924 2.565775 0 0.0 0.04998675646861232 4.994032611787092 0.0 0.0
-0.06252571 0.01352328 1.764059 -9.595096 0.3848224 0.3077946 0.3974774 18.23155 3.211094 0 0.0 0.06397142731690846 9.755909563167188 0.0 0.0
-0.05230621 0.0273334 1.276189 -8.048554 0.3265819 0.2590952 0.2537074 17.361 4.084042 1 0.0 0.05901740726365485 8.149103009205184 0.0 0.0
-0.05024931 0.01233295 -4.949585 -4.963268 1.776379 1.286161 0.2391108 19.62637 2.678864 0 0.0 0.05174064950480038 7.009452254780611 0.0 0.0
-0.04848146 0.02674177 -3.151883 -5.103181 2.060024 1.616996 0.4743725 20.39576 2.416044 0 0.0 0.05536762796494446 5.998068252733542 0.0 0.0
-0.0484813 0.02634313 -5.749375 -4.614216 1.936211 1.623743 0.2685407 20.29194 2.271151 0 0.0 0.0551760541166809 7.371994450980073 0.0 0.0
-0.03093191 -0.0001424194 -0.8474498 -4.367139 0.2734423 0.2165418 0.3694627 17.89565 1.834663 0 0.0 0.03093223786817883 4.448603624604134 0.0 1.0
-0.03207024 0.008797035 2.673792 -1.981896 1.362816 1.100794 0.4911225 19.8489 2.274073 0 0.0 0.03325489615754085 3.328224063082292 0.0 0.0
-0.03270739 0.008112131 0.7343976 -1.004438 0.9836222 0.7969669 0.457714 19.51558 3.131001 0 0.0 0.03369836835773004 1.2442811301027432 0.0 0.0
-0.04292895 -0.001444893 -7.95155 -9.65092 1.245029 1.032542 0.5698035 19.63157 2.192924 0 0.0 0.04295325906009868 12.504695288126776 0.0 0.0
-0.05636103 -0.01480934 -1.023637 -6.644761 1.599394 1.346959 0.4918385 20.12749 2.202635 0 0.0 0.05827419886962411 6.723145205548516 0.0 0.0
-0.06062546 -0.01905138 2.647017 -5.395832 0.5080586 0.4053657 0.3680014 18.87576 2.02857 0 0.0 0.06354841839193168 6.010133273939356 0.0 0.0
-0.04747104 -0.006522003 -0.5423927 -1.789589 0.4731564 0.3795423 0.3922779 18.6876 2.165121 0 0.0 0.04791697154259239 1.8699782431713718 0.0 0.0
-0.03436929 0.005664553 2.732423 -2.245135 1.724175 1.399729 0.6102518 20.33564 2.17968 0 0.0 0.034832962202401174 3.5364907209201046 0.0 0.0
-0.06064734 0.02575795 2.301697 -7.666288 0.4299931 0.3532179 0.4016575 17.70204 3.892973 0 0.0 0.06589060507597498 8.004360110511833 0.0 0.0
-0.03755618 0.006811854 -1.613591 -0.3012469 0.9786965 0.8188576 0.494461 19.5368 2.370148 0 0.0 0.03816894039804768 1.6414705632574134 0.0 0.0
-0.05098993 -0.006082801 -1.555672 -4.79939 1.665863 1.356029 0.631917 20.00641 2.790749 0 0.0 0.0513514695934839 5.045221476177631 0.0 0.0
-0.04307666 0.0250138 -2.617579 2.077794 0.293972 0.2326283 0.3745509 17.22105 4.04953 1 0.0 0.049812536847621006 3.341997565480412 0.0 0.0
-0.05216663 -0.04098014 -6.832263 -7.085262 1.811567 1.491834 0.4424328 20.11648 2.955008 0 0.0 0.06633799182954289 9.842802208203363 0.0 0.0
-0.0551164 -0.01012814 8.161403 6.180522 1.456507 1.209642 0.4435365 20.05814 3.299204 0 0.0 0.056039243114264135 10.237546147436552 0.0 0.0
-0.04132322 0.002477161 -4.92267 -3.6848 0.7568604 0.5859594 -0.2898282 18.76579 1.797234 0 0.0 0.041397401341005946 6.149018699670704 0.0 0.0
-0.05966884 0.008012453 -2.792702 -2.73946 1.983637 1.596316 0.6351679 20.20873 nan 0 0.0 0.060204400752958326 3.9120104233506328 0.0 0.0
-0.05011625 0.02595529 3.981531 -6.115391 1.770891 1.42771 0.4322013 19.91483 2.177845 0 0.0 0.05643860020452846 7.297300609598182 0.0 0.0
-0.01269974 -0.004251458 -4.579166 -5.074293 1.131971 0.9561823 0.601963 19.34291 3.341211 0 0.0 0.013392471437093453 6.834998954308991 0.0 1.0
-0.04354457 0.01582784 0.8949375 -4.886824 0.2379145 0.1879424 0.3054385 17.67508 1.779957 1 0.0 0.04633195544708317 4.9680943968369045 0.0 0.0
-0.06529572 0.0114829 2.110365 0.2150428 1.954998 1.53749 0.5378528 20.19884 nan 0 0.0 0.06629772275673125 2.1212929639860776 0.0 0.0
-0.036779 0.002366057 2.365919 -2.049407 2.089071 1.706468 0.6158831 20.31981 1.926008 0 0.0 0.0368550276994503 3.130118490761971 0.0 0.0
-0.05182036 -0.007925644 -5.398993 -1.784857 1.604785 1.308705 0.5893661 19.89084 2.729004 0 0.0 0.05242294863267743 5.686373178441422 0.0 0.0
-0.06402158 0.01252116 -10.60284 -8.621339 1.131925 0.9563552 0.4342098 19.58143 nan 0 0.0 0.06523451658012037 13.665566297029956 0.0 0.0
-0.05838136 -0.01926393 -6.092066 -5.505658 1.010094 0.8403718 0.5710747 19.3128 3.136667 0 0.0 0.06147749339794605 8.21130550895045 0.0 0.0
-0.03838537 3.288277e-05 6.555119 4.450844 2.231954 1.824222 0.5427627 20.30385 nan 0 0.0 0.03838538408448537 7.923357711002136 0.0 0.0
-0.02802485 0.009864222 1.330146 -1.881184 1.492563 1.232584 0.5536984 19.81843 nan 0 0.0 0.029710185007633057 2.3039404556481053 0.0 0.0
-0.05188903 0.02381643 0.8106995 0.8883683 1.057495 0.8694167 0.5682214 19.14006 2.902937 0 0.0 0.057093727959258364 1.2026769789703051 0.0 0.0
-0.01236717 -0.005144064 -2.060506 -4.84055 1.027872 0.8690543 0.6166165 19.28977 3.451057 0 0.0 0.01339433791738121 5.260856325593392 0.0 1.0
-0.06195333 -0.02285148 -1.559076 -3.118092 0.3939135 0.3135213 0.3433966 18.2958 3.54501 1 0.0004207257 0.0660333645688246 3.4861462525602676 0.0 0.0
-0.05860277 -0.01974278 3.594058 0.2017862 1.856539 1.51893 0.7191257 19.94687 nan 0 0.0 0.061839000750346054 3.599718124780667 0.0 0.0
-0.03353776 0.004703477 -5.768628 -5.758496 1.163828 0.9632904 0.3982484 19.866 1.290123 0 0.0 0.033865971737233956 8.150910696627708 0.0 0.0
-0.04306607 -0.005517131 -1.49647 -4.420617 0.9425252 0.7907674 0.5151678 19.33308 1.8888 0 0.0 0.04341802758896425 4.667041581300621 0.0 0.0
-0.05522428 -0.01673716 -0.1144609 -9.86171 0.8079484 0.6363024 0.4511617 18.92767 3.587812 0 0.0 0.057704883904085624 9.862374228436519 0.0 0.0
-0.04409087 -0.006484516 -5.819456 -2.160821 1.383342 1.154838 0.6153303 19.72486 2.45154 0 0.0 0.04456516313345162 6.207673922652268 0.0 0.0
-0.03675665 0.02044964 0.2584262 -0.2861952 0.4442962 0.3586783 0.427715 18.45397 2.284319 0 0.0 0.042062323941409845 0.38560574859496066 0.0 0.0
-0.05563234 0.02834857 1.828897 1.62536 2.015002 1.734399 0.8232885 19.85357 2.248558 0 0.0 0.06243875939607144 2.446765081941664 0.0 0.0
-0.05097818 0.03277562 1.692345 -0.3321804 1.265366 1.052434 0.6040047 19.83071 2.005566 0 0.0 0.060605413145170456 1.7246377640447166 0.0 0.0
-0.05474641 0.0304337 -2.170943 -3.914818 0.2227437 0.1836966 0.2946715 14.25868 1.093959 0 0.0 0.06263688612613258 4.4764710970107915 0.0 0.0
-0.05773862 0.02834952 -5.172022 1.613303 1.143608 0.9437609 0.566301 19.41683 2.888288 0 0.0 0.06432296264736878 5.41780011981736 0.0 0.0
-0.06018048 -0.02258548 1.995234 0.3366184 1.119165 0.9278985 0.5588742 19.55701 2.463028 0 0.0 0.06427903297235266 2.0234304193558423 0.0 0.0
-0.06061839 0.02322501 -0.02716819 2.399162 0.608403 0.5038008 0.4683324 18.85019 nan 0 0.0 0.0649152547225396 2.3993158218108506 0.0 0.0
-0.06003638 0.023149 -4.682375 -3.25413 0.3758238 0.3250861 0.5026948 16.68497 4.367966 0 0.0 0.06434472103058961 5.702104672620891 0.0 0.0
-0.05006375 0.03321277 -5.699112 -7.720291 0.9706351 0.8033566 0.5666034 19.5006 2.570633 0 0.0 0.06007884116005734 9.59597679828505 0.0 0.0
-0.03358507 -0.02523809 -0.8924507 -4.557977 1.058639 0.9195005 0.4535984 19.40882 nan 0 0.0 0.0420109285038191 4.644526088252653 0.0 0.0
-0.05355407 0.02901897 -5.180128 -7.024549 0.5182068 0.4130699 0.2531153 18.4773 3.235331 0 0.0 0.060910910627126565 8.728001761559458 0.0 0.0
-0.05657456 -0.03256685 -4.534895 -8.702617 0.2773083 0.2146264 0.2070146 16.25431 5.037539 1 0.0 0.06527848464935518 9.813297881431808 0.0 0.0
-0.06197503 0.02060936 -4.928868 -5.172812 0.9563485 0.7844409 0.5321397 19.19485 3.392399 0 0.0 0.06531194426068253 7.1450488975771185 0.0 0.0
-0.05031172 0.02957536 -3.325946 -2.553589 1.595208 1.291331 0.6452825 20.16844 nan 0 0.0 0.05836069814942244 4.193177026532149 0.0 0.0
-0.01801964 -0.003082912 -1.510351 -3.646819 1.12043 0.9445685 0.5880048 19.48538 3.041401 0 0.0 0.018281459792077435 3.9472077424379375 0.0 1.0
-0.04813121 -0.0188628 1.883611 1.251596 1.915276 1.50329 0.4921928 20.36586 2.555674 0 0.0 0.051695440803847484 2.2615222631088554 0.0 0.0
-0.03001411 -0.01437483 -1.844955 -5.513965 1.043971 0.8775267 0.6094769 19.38098 2.640263 0 0.0 0.033278860206157904 5.814436255842005 0.0 1.0
-0.05702069 -0.0262194 -7.826093 -1.408299 3.125888 2.628245 0.521993 20.66513 2.024244 0 0.0 0.06275998744770508 7.95179462247674 0.0 0.0
-0.04383809 -0.01617948 0.1702478 -0.04341206 1.603392 1.339733 0.5823029 19.97567 2.979029 0 0.0 0.04672851065375934 0.17569553311989353 0.0 0.0
-0.03056955 -0.008918041 -4.161766 -9.309062 1.750538 1.420663 0.5954803 20.19665 2.710896 0 0.0 0.03184381953346962 10.197006009540251 0.0 0.0
-0.04006987 -0.01754959 3.872176 -1.314314 1.013617 0.8599171 0.5836804 19.28832 3.0109 0 0.0 0.04374451498170942 4.089152511899257 0.0 0.0
-0.03666327 -0.01423356 -2.762867 -5.508904 1.096469 0.9224977 0.5921449 19.45346 2.697096 0 0.0 0.039329246081847284 6.162909811193492 0.0 0.0
-0.03566711 -0.01000659 -2.237334 -4.264458 0.3344942 0.2878604 0.3795181 17.05873 4.237489 1 0.4843526 0.03704422464001912 4.815731041214823 0.0 0.0
-0.02694308 0.004926336 -0.08274065 -2.483762 0.4003967 0.3102932 0.3458524 18.16921 2.46895 1 1.536703e-05 0.027389748926766308 2.4851397722877526 0.0 0.0
-0.05416077 0.02211029 4.526974 2.741439 2.411597 1.975405 0.59354 20.38468 2.301231 0 0.0 0.05850003359722967 5.292351215423727 0.0 0.0
-0.046689 -0.02315379 -3.092884 0.5976365 1.859938 1.464291 0.4816427 20.38774 2.069702 0 0.0 0.05211487995154647 3.1500953673798913 0.0 0.0
-0.02605514 -0.001062549 4.577294 -7.073029 0.4399658 0.3469287 0.2998606 18.72981 1.946022 0 0.0 0.026076796789425673 8.424924901580845 0.0 0.0
-0.05818183 -0.03122101 1.073232 1.459887 0.78641 0.6437846 0.5421023 19.01941 nan 0 0.0 0.06602936322250125 1.811931836078002 0.0 0.0
-0.02663624 -0.004623693 -5.863348 -1.854073 0.4660529 0.375124 0.415639 18.69378 nan 0 0.0 0.027034567100211702 6.149507009381566 0.0 0.0
-0.04461189 -0.02152224 -0.6791878 1.884212 2.63588 2.197902 0.5557766 20.72147 1.518555 0 0.0 0.049532086004828224 2.00288565040864 0.0 0.0
-0.05607733 -0.02952631 -0.4466257 -3.034365 0.2828304 0.2247677 0.2957186 17.69615 3.857006 1 0.0 0.06337562561541306 3.0670581130988523 0.0 0.0
-0.02613848 -2.115438e-05 0.4974995 -3.407894 1.602349 1.271226 0.5710905 20.0654 nan 0 0.0 0.026138488560324087 3.4440161538146494 0.0 0.0
-0.01485994 -0.01211188 -2.346748 -5.090468 0.4351388 0.3377315 0.3729439 18.20138 nan 0 0.0 0.01917069257846466 5.605362667529016 0.0 1.0
-0.02239703 -0.004973807 -9.296582 -8.950922 2.163463 1.696039 0.5546982 20.33599 2.587339 0 0.0 0.02294266132980542 12.905248604068348 0.0 0.0
-0.02292463 0.00137566 -1.639571 -3.675663 1.911211 1.568674 0.6640986 20.12412 2.618233 0 0.0 0.022965868175893113 4.024759813157799 0.0 1.0
-0.05128692 -0.02491418 -2.49122 -10.2305 2.196335 1.821601 0.4976268 20.55777 2.593323 0 0.0 0.057018107020128266 10.52944952684612 0.0 0.0
-0.0287975 -0.004038619 -0.1227746 0.7619828 1.6436 1.335973 0.5689024 20.03997 1.9111 0 0.0 0.029079313088124364 0.7718104624200166 0.0 0.0
