jas1101finalproject/data/gcs/Terzan_3.ecsv
# %ECSV 0.9
# ---
# datatype:
# - {name: x, unit: deg, datatype: float64}
# - {name: y, unit: deg, datatype: float64}
# - {name: pmx, unit: mas / yr, datatype: float64}
# - {name: pmy, unit: mas / yr, datatype: float64}
# - {name: pmx_e, unit: mas / yr, datatype: float64}
# - {name: pmy_e, unit: mas / yr, datatype: float64}
# - {name: pm_corr, datatype: float64}
# - {name: g_mag, unit: mag, datatype: float64}
# - {name: bp_rp, unit: mag, datatype: float64}
# - {name: filter, datatype: int64}
# - {name: memberprob, datatype: float64}
# - {name: r, unit: deg, datatype: float64}
# - {name: pm, unit: mas / yr, datatype: float64}
# - {name: member_prob_GMM, datatype: float64}
# meta: !!omap
# - comments: [deg deg mas/yr mas/yr mas/yr mas/yr dimless mag   mag   zeroone float]
# - __serialized_columns__:
#     bp_rp:
#       __class__: astropy.units.quantity.Quantity
#       unit: &id001 !astropy.units.Unit {unit: mag}
#       value: !astropy.table.SerializedColumn {name: bp_rp}
#     g_mag:
#       __class__: astropy.units.quantity.Quantity
#       unit: *id001
#       value: !astropy.table.SerializedColumn {name: g_mag}
#     pm:
#       __class__: astropy.units.quantity.Quantity
#       unit: !astropy.units.Unit {unit: mas / yr}
#       value: !astropy.table.SerializedColumn {name: pm}
#     pmx:
#       __class__: astropy.units.quantity.Quantity
#       unit: !astropy.units.Unit {unit: mas / yr}
#       value: !astropy.table.SerializedColumn {name: pmx}
#     pmx_e:
#       __class__: astropy.units.quantity.Quantity
#       unit: !astropy.units.Unit {unit: mas / yr}
#       value: !astropy.table.SerializedColumn {name: pmx_e}
#     pmy:
#       __class__: astropy.units.quantity.Quantity
#       unit: !astropy.units.Unit {unit: mas / yr}
#       value: !astropy.table.SerializedColumn {name: pmy}
#     pmy_e:
#       __class__: astropy.units.quantity.Quantity
#       unit: !astropy.units.Unit {unit: mas / yr}
#       value: !astropy.table.SerializedColumn {name: pmy_e}
#     r:
#       __class__: astropy.units.quantity.Quantity
#       unit: &id002 !astropy.units.Unit {unit: deg}
#       value: !astropy.table.SerializedColumn {name: r}
#     x:
#       __class__: astropy.units.quantity.Quantity
#       unit: *id002
#       value: !astropy.table.SerializedColumn {name: x}
#     y:
#       __class__: astropy.units.quantity.Quantity
#       unit: *id002
#       value: !astropy.table.SerializedColumn {name: y}
# schema: astropy-2.0
x y pmx pmy pmx_e pmy_e pm_corr g_mag bp_rp filter memberprob r pm member_prob_GMM
[from data line 2996]
0.07012667 -0.008743858 -3.150819 -4.948153 1.284133 0.8919965 0.5202935 19.64633 1.732655 0 0.0 0.07066968867918597 5.866163864244673 1.0
0.009564343 0.003596052 -2.314988 -0.125064 1.169996 0.7622006 0.4019493 19.61125 1.495171 0 0.0 0.010218035379090884 2.3183637428669384 0.0
0.05809339 0.02563994 -1.459604 -0.6289046 2.626077 1.854353 -0.04235657 20.36196 1.043436 0 0.0 0.06349998807004377 1.5893284219182515 0.0
0.07428071 0.02950241 -4.809214 -2.749763 2.637278 1.76367 0.01583099 20.44196 1.413223 0 0.0 0.07992506536695607 5.539831753218233 1.0
0.03573903 0.00689224 -6.238564 -1.537421 0.6723659 0.4556584 0.2986367 18.83719 1.716074 1 0.964988 0.03639754438912741 6.425211600666316 1.0
0.0001554875 0.03794415 -5.622756 -2.024717 1.611681 1.178133 0.06767842 20.3 1.203205 0 0.0 0.03794446857692378 5.976191426454227 1.0
0.01131938 0.004995819 -7.78949 -1.060403 1.499017 0.9281246 0.3727219 20.069 1.409325 0 0.0 0.01237281580987776 7.861336335668955 0.0
0.0508292 0.05509811 -1.796441 2.476385 0.519312 0.4082064 -0.08754263 18.4269 1.59593 1 0.0 0.07496271938912101 3.0593598897001315 0.0
-0.0003176786 0.04554302 0.7940335 -0.4510233 0.3418458 0.2476539 0.1434223 18.0204 1.495911 1 0.0 0.045544127946567356 0.9131873938382745 0.0
0.03040086 0.01018651 -11.45246 2.727931 2.733473 1.554193 -0.03807977 20.41749 1.221687 0 0.0 0.03206208469079483 11.77286913170961 0.0
-0.002172717 0.03335123 -3.841669 -5.195332 0.7443965 0.5451358 0.2867101 19.31702 1.694981 1 0.0 0.03342192755774252 6.461415889399551 1.0
0.05112249 -0.03242649 -7.316554 -3.921322 1.6634 1.137602 0.2521696 20.06718 1.286497 0 0.0 0.060539129804781634 8.301128156015904 0.0
0.02585902 0.05284785 -5.542193 -1.203405 1.137864 0.8447735 0.1004309 19.82477 1.195606 0 0.0 0.05883522894476489 5.6713390696795765 1.0
0.04938582 0.01635694 1.034078 1.840177 1.125422 0.8358004 0.5563986 19.61139 1.371914 0 0.0 0.052024116554113625 2.110821807119919 0.0
0.009918763 0.05203884 -4.799742 -2.507616 3.027769 2.292012 -0.1072272 20.60636 1.022955 0 0.0 0.05297568053357851 5.415317282488626 1.0
0.08183462 0.001922469 -1.406213 -4.52606 1.103856 0.7381079 0.5464207 19.40959 1.756588 1 0.0 0.08185719832488993 4.739478254509561 1.0
0.02986662 0.01280359 -4.607675 -1.358591 1.511064 1.087762 0.5420076 19.93701 1.672358 0 0.0 0.03249533669794021 4.803794168249302 1.0
-0.007228452 0.04380701 -5.880039 -0.5390037 1.111665 0.8084506 0.2755124 19.71248 1.091379 0 0.0 0.04439937661112377 5.904691662579401 1.0
0.06414062 0.02184356 1.608377 0.7435959 2.392924 1.585707 0.02271486 20.32642 1.345261 0 0.0 0.06775810097293164 1.7719513076339908 0.0
0.04802886 0.01607166 -9.501974 -2.662476 2.537608 1.755495 0.0214023 20.40134 1.260904 1 0.586121 0.05064651664285709 9.867942457637865 0.0
0.03489036 0.05918829 -2.861332 -5.569908 1.64291 1.201023 0.1163601 20.38182 1.252565 0 0.0 0.06870655641242472 6.261876391520995 1.0
-0.001475204 0.01694423 -7.182189 -1.865923 1.020953 0.72032 0.4733321 19.50027 1.490778 0 0.0 0.01700832611206982 7.4206136857843505 0.0
0.0183527 0.01115526 -5.581269 -2.318042 0.574215 0.3857659 0.3321265 18.75323 1.716064 0 0.0 0.02147699753125655 6.043499182106753 1.0
0.05470639 0.02438345 -0.8478415 -2.817737 2.383068 1.537633 0.4298941 20.45909 1.149977 0 0.0 0.05989442161616222 2.9425290160491624 0.0
0.02231058 0.05550775 -8.102965 -0.9060629 3.417458 2.19408 0.2228783 20.56419 1.385912 0 0.0 0.059823676667343846 8.153465016174497 0.0
0.04750762 -0.02358945 -1.387012 -3.233937 0.816246 0.5802007 0.4795351 19.17496 1.651085 0 0.0 0.05304183357847747 3.518828044692295 0.0
0.003006743 0.03759314 -6.584588 -2.31336 1.390984 1.053497 -0.006596816 20.19375 1.26716 0 0.0 0.03771318971563727 6.979142756767769 1.0
0.001400797 0.05028087 -2.85625 -2.104082 0.761006 0.5559847 0.2778852 19.28798 1.453442 1 0.01166244 0.05030037892692369 3.5475801788295076 0.0
0.009107198 0.03328208 -10.92941 0.1432373 1.498839 1.099011 0.01486334 20.3457 1.233992 0 0.0 0.034505621346928445 10.930348570480783 0.0
0.02758259 0.067572 -3.875838 -6.678784 1.291274 0.969172 0.04991085 20.06471 1.145254 0 0.0 0.07298475494997636 7.7219347265371265 0.0
0.02248686 0.06245426 -4.983624 -3.290174 2.02435 1.719544 -0.476186 20.37378 1.525108 0 0.0 0.06637916438768418 5.971746237379147 1.0
0.01718247 0.01009885 -12.83627 -8.180218 2.166168 1.434881 0.4181324 20.06792 1.698311 0 0.0 0.019930480341010345 15.221228401164737 0.0
0.06585215 0.0446083 -3.92173 -6.805731 1.390314 0.9540555 0.366981 19.9663 nan 0 0.0 0.07953870811443003 7.854803666372636 1.0
0.03607721 0.01166428 -1.151598 -5.763626 2.357621 1.374586 0.3173911 20.14562 1.593794 0 0.0 0.037915966416570475 5.877547330432994 1.0
0.06116997 -0.03787324 -12.23417 -4.650101 2.574576 1.982896 0.2605608 20.29923 nan 0 0.0 0.07194544834733119 13.088099743625925 0.0
0.004238655 0.02372666 -5.849818 -1.604999 0.1347878 0.09854844 0.06272934 16.3381 1.963284 1 0.9957873 0.024102294309144616 6.06600300223508 1.0
0.01895029 0.01176166 -5.535786 -0.9433098 0.64576 0.4249172 0.3753188 18.85143 1.626451 0 0.0 0.022303590227577715 5.615581894743593 1.0
0.01777403 0.03994491 3.081408 -4.373145 1.505592 1.101766 0.04836191 20.3675 2.395573 0 0.0 0.04372084145289292 5.349717044245331 1.0
-0.006282119 0.04391391 -7.203959 -1.635346 0.9112486 0.6725896 0.2996071 19.62907 1.245077 1 0.8530579 0.04436097959489016 7.387244534560705 0.0
0.03265353 0.07140769 -4.254622 -1.768639 0.791159 0.5691694 0.2759149 19.2379 1.755667 0 0.0 0.0785194957484891 4.6075907234915086 1.0
0.01843926 0.008668061 -2.967609 -2.467629 1.370667 0.9166439 0.4173218 20.03602 1.348314 0 0.0 0.02037502370176096 3.8595201850128986 0.0
0.07380333 -0.02967457 -1.302457 -4.808365 0.5346338 0.3565882 0.3333686 18.51284 1.610579 0 0.0 0.07954565747904659 4.981643123515975 1.0
0.07347893 -0.03070806 -6.515715 -3.495115 3.416873 2.326889 0.03886681 20.56577 0.9488411 0 0.0 0.07963754204461926 7.3939414945244195 1.0
0.06170287 0.02466452 -6.330874 -1.322032 0.8303758 0.5876502 0.4984698 19.23015 1.540504 1 0.8061733 0.06644985111395886 6.467436448307784 1.0
0.02175288 0.0656321 -6.468685 -2.460819 1.284528 0.8031376 0.4099842 19.54765 1.152189 0 0.0 0.06914304259073649 6.920947607082862 1.0
0.06050577 0.0386234 -4.612821 -7.50171 1.147493 0.987951 0.3064568 19.44581 1.395401 0 0.0 0.07178241588894108 8.806461860596514 0.0
-0.002770014 0.02415779 -11.50361 -2.872635 2.17837 1.677261 0.02577105 20.275 1.001602 0 0.0 0.024316081000940425 11.856857715066205 0.0
-0.003219132 0.04827047 -2.942267 -0.8150367 1.190926 0.8716063 0.1709377 19.98893 1.332306 1 0.3840612 0.048377692016613655 3.0530672972661264 0.0
0.03891044 0.05370474 -2.252721 -10.05049 1.398073 1.053364 0.06619067 20.19924 1.455574 1 0.0 0.06631908804756893 10.299859277870791 0.0
0.02554496 0.04421147 -7.2667 -2.79524 2.450563 1.833454 0.2186631 20.40652 1.636583 0 0.0 0.051060738938665 7.785775205308718 0.0
0.004900268 0.05391613 -7.713952 1.028666 1.85434 1.134023 0.7403503 19.75674 1.266829 0 0.0 0.05413835701837214 7.782236773438598 0.0
0.03797796 0.05697056 -4.924052 -5.797728 1.231464 0.9158926 0.2104495 19.87636 1.434486 0 0.0 0.06846875311027067 7.6065720308617335 1.0
0.04333606 0.01595606 -5.890267 -6.374895 0.1436625 0.1020494 0.1863987 16.20815 1.846722 1 0.0 0.04618018998496217 8.679546738874905 0.0
0.05642762 0.04693476 -2.219848 -4.980706 1.417546 0.9132129 0.6522864 18.97279 1.371292 0 0.0 0.07339583091104017 5.452995268798607 1.0
0.06558012 0.0009454816 -11.31248 -3.417217 4.107228 2.39802 0.1552848 20.5943 1.26228 0 0.0 0.06558693524376893 11.81734216207219 0.0
0.01581256 0.006139474 -4.816959 -3.070534 1.200782 0.8126549 0.3684979 19.70457 1.058729 0 0.0 0.0169626116724482 5.71237893113167 1.0
0.05258261 0.03203715 -1.805375 5.416455 1.415344 1.065617 0.459003 19.85017 1.082985 0 0.0 0.0615736132976992 5.709410097168533 1.0
0.008096161 0.007643607 -10.78 0.6237567 2.561871 1.478497 -0.3686634 20.21137 1.317787 0 0.0 0.011134296156846647 10.798030951094503 0.0
0.0128767 0.01498246 -13.88696 3.541381 3.172875 1.884749 -0.184371 20.44791 1.558456 0 0.0 0.019755594411244626 14.331400400127023 0.0
0.0103928 0.05841695 -0.3413086 -7.418657 1.802422 1.149609 0.2796164 20.11224 1.612404 0 0.0 0.059334225697673854 7.426504106514919 0.0
0.03646016 0.005228709 -3.360358 -2.977636 2.379226 1.488794 -0.1744856 20.35627 1.094717 0 0.0 0.03683317343146367 4.4898020041712305 1.0
0.06096063 0.01438447 1.330584 -1.918673 0.5276397 0.3751739 0.3351355 18.55766 1.422329 1 0.0 0.06263474584587855 2.3349003965876145 0.0
0.05555528 0.009719176 -3.550947 -3.276722 2.454329 1.652604 -0.01479403 20.35556 0.7705727 0 0.0 0.05639903827191892 4.831783486673736 1.0
0.06870153 0.01281804 -3.10397 -4.513732 2.299433 1.560066 0.009295833 20.33262 1.441811 1 0.09234666 0.06988706871648359 5.477992910612791 1.0
0.01542763 0.010824 -7.311417 7.738055 3.395262 2.072687 -0.4144794 20.21962 nan 0 0.0 0.018845974196546593 10.645858994506456 0.0
0.004588879 0.05295866 -8.392818 -6.114568 0.8654859 0.6468372 0.1427622 19.31689 1.387238 0 0.0 0.05315710187239557 10.383994212621076 0.0
-0.00577172 0.04569922 -3.197983 -1.366696 1.129139 0.9534239 0.1222699 19.81876 nan 0 0.0 0.046062256353405 3.477779927583831 0.0
0.07540419 0.01937716 -3.947691 -3.581809 0.550064 0.3823637 0.2146243 18.63429 1.7178 1 0.0 0.07785413411773134 5.330442753089278 1.0
0.06885007 -0.04649683 6.328862 -2.172843 4.351171 2.250008 0.2652598 20.57735 1.880539 0 0.0 0.08308000565150318 6.69146777005561 0.0
-0.007240722 0.04177378 -6.679428 -3.635524 1.180013 0.844314 0.3235626 19.63552 1.091024 0 0.0 0.042396659662875376 7.604721767544162 1.0
0.05395374 0.03447002 -6.195634 -3.495719 1.464515 1.153468 0.5102502 19.86351 1.2794 0 0.0 0.06402490405137676 7.113784645947402 1.0
0.01109969 0.0366235 -3.607733 -0.5030341 1.318562 0.977871 0.02435765 20.01431 1.464197 0 0.0 0.03826857549408 3.6426337593905607 0.0
0.02790215 0.01906803 -1.556252 -2.905763 2.406215 1.662171 -0.2531434 20.30153 1.232811 0 0.0 0.03379526213396487 3.2962674193203743 0.0
0.02710432 0.01561981 -3.631357 7.320744 3.477953 2.734105 0.4674514 20.29296 nan 0 0.0 0.031282944667957654 8.17190592059068 1.0
0.04481277 0.007746022 -11.33505 -8.087691 2.992223 1.935704 0.1639089 20.3919 1.235685 0 0.0 0.04547730436049815 13.924586321107748 0.0
0.01912208 0.001328425 -3.804072 -2.004572 2.514494 1.407883 -0.1081522 20.26686 0.9088306 0 0.0 0.019168167792124133 4.299915427583199 0.0
0.06895327 0.04528854 -3.485181 -4.13964 1.28866 0.8966946 0.3698854 19.68686 1.707136 0 0.0 0.08249609262883 5.411386692185377 0.0
0.04191513 0.06033699 -1.599777 -6.478712 1.496668 1.009208 0.4657591 20.00415 1.183168 1 0.0 0.07346720686930326 6.6733047007216 1.0
-0.004875011 0.04314725 -4.840911 -0.8754438 1.119585 0.8170515 0.2355805 19.84511 1.405699 0 0.0 0.04342177926815783 4.919433011728023 1.0
0.02889023 0.06705274 -0.7568749 -19.77368 1.253283 0.9095455 0.2411455 20.02678 1.222998 0 0.0 0.07301174789690013 19.788160105392567 0.0
0.04132453 0.0256884 -5.534939 -2.356597 1.072452 0.7173273 0.4387258 19.64052 1.414242 1 0.8421088 0.04865809978082683 6.015737623444859 1.0
0.07437102 -0.03463801 -6.878498 -2.703127 0.4589928 0.3221384 0.3154017 18.39932 1.711861 1 0.0617666 0.08204169886466577 7.390577129976589 0.0
0.0278626 0.04879597 -4.383794 -1.90684 1.292181 0.9495512 0.08196499 19.99725 1.038727 0 0.0 0.05619049000499017 4.7805531709244695 1.0
0.0518239 0.03318968 -8.45754 2.583233 0.7136297 0.5306278 0.4656048 18.94189 1.364607 1 0.0 0.06154081141577839 8.84325028391083 0.0
0.01226889 0.02891002 -6.639553 -2.190796 1.057667 0.7925554 0.07516503 19.84793 nan 0 0.0 0.03140565105570174 6.991655823438751 1.0
0.07051702 0.01076799 -9.911672 -3.866388 1.979305 1.514202 -0.161017 20.10315 nan 0 0.0 0.07133442169332067 10.639088212912233 0.0
0.02289018 0.03531258 -2.071895 -2.180066 1.19647 0.8758185 0.3250875 19.92659 1.498291 0 0.0 0.042082521867026934 3.0075632421249265 0.0
0.06214455 -0.03226638 -1.875444 -4.607652 0.8378187 0.5941279 0.4528411 19.13181 1.630907 1 0.0 0.07002188495753953 4.974710760460351 1.0
0.07081346 -0.03438686 -4.480856 -5.427342 0.9811693 0.6682537 0.4654493 19.2992 1.843943 0 0.0 0.0787210407567837 7.038047433606852 1.0
0.02538927 0.06392206 1.288038 4.415039 1.334686 0.9617096 0.2193899 20.17736 2.070833 0 0.0 0.06877968294326821 4.59908809015059 1.0
0.06573823 0.04233483 -0.4897614 -1.354968 0.7605593 0.5355625 0.4271167 19.02545 1.585461 1 0.0 0.07819048992468201 1.4407652515083642 0.0
-0.007253053 0.04043101 -7.51225 -0.5850885 1.264596 0.9336679 0.1080375 19.9568 1.426075 0 0.0 0.041076432993152036 7.535000239902601 1.0
-0.00131343 0.01977092 -4.405877 -2.94005 1.763487 1.342118 0.04503222 20.28098 nan 0 0.0 0.01981449913601906 5.296758078450346 1.0
0.05877444 -0.03066931 -5.585779 -1.663535 0.9792054 0.6879958 0.4859738 19.35124 1.670126 0 0.0 0.0662951082146315 5.828230926539029 1.0
0.02040753 0.01553023 -8.188041 -1.812812 3.143344 2.051548 -0.08610898 20.52359 nan 0 0.0 0.025644791372787575 8.386316400245402 0.0
0.02907391 -0.01093498 0.92749 -1.917625 1.416145 0.9802196 0.4472349 20.03433 1.434566 0 0.0 0.031062292740370923 2.130146319088198 0.0
0.04644309 0.05084355 -2.808999 -5.390845 1.664141 1.274701 -0.282904 20.14518 0.7870922 0 0.0 0.06886237859201932 6.0787897805423405 1.0
0.03812062 -0.01021395 -3.764904 -4.06813 0.8615662 0.6188371 0.5002959 19.28627 1.862679 1 3.838397e-06 0.03946525616015814 5.542939998422859 1.0
0.06569423 0.00352794 -4.465476 -2.740784 1.233376 0.8669011 0.4344245 19.86945 1.306692 1 0.3096487 0.0657888912806448 5.2395012015679505 1.0
0.05220497 0.04490437 -1.410063 -3.512961 1.878692 1.224372 0.3596712 19.98541 1.477041 0 0.0 0.0688604482834508 3.7853893659027995 1.0
0.08151406 -0.007407961 -9.53148 -5.491892 3.312268 2.228958 0.01426705 20.52943 1.487637 0 0.0 0.08184998389652329 11.000454023814836 0.0
0.01736084 0.02926766 -5.069644 -3.276093 1.148201 0.8264755 0.4023219 19.79982 1.154266 0 0.0 0.03402932099500664 6.036064581445845 1.0
0.03830458 -0.01589794 -2.632271 -2.941651 0.3669276 0.2728977 0.3858685 18.03445 1.653709 1 0.0 0.04147270602721747 3.9474246317367476 0.0
0.06091682 -0.01068951 -2.980109 -4.077257 0.6488281 0.4624825 0.3263686 18.82437 1.84782 0 0.0 0.06184759156953891 5.050254874353373 1.0
0.06670846 -0.01917035 3.79821 -7.866492 0.9255617 0.6365011 0.4488752 19.31822 1.752161 1 0.0 0.06940836372292679 8.735450508712416 0.0
0.03833392 -0.006502354 -5.450238 -3.709765 2.735462 1.824525 -0.02526872 20.34993 1.738329 0 0.0 0.0388814869842669 6.592984954621768 1.0
0.04418903 0.0507113 -2.612521 -1.19961 1.691096 1.355345 -0.3097344 20.26517 1.560156 0 0.0 0.06726296395514325 2.8747747959694165 0.0
0.05692044 0.05714254 0.112576 -4.809193 0.5390584 0.4043421 0.197719 18.69902 1.512533 1 0.0 0.08065485954017403 4.810510437263908 1.0
0.02449389 0.02733558 -0.6909668 -10.08999 1.812566 1.453588 -0.3624491 20.30277 1.2992 1 2.475745e-05 0.036704013149361475 10.11362117734307 0.0
0.02264259 -0.004058838 -9.450415 -0.2511989 3.213299 1.8832 -0.1279869 20.43881 0.612154 0 0.0 0.02300350077310721 9.453752935188554 0.0
0.06554225 0.01562829 -13.67395 -7.816787 3.651869 2.136387 0.1355753 20.68047 1.693087 0 0.0 0.0673797446076089 15.750525946960279 0.0
0.03338287 0.05792245 -9.738811 -3.392184 2.131764 1.74325 -0.3999605 20.44944 1.377579 0 0.0 0.06685376745883062 10.312679185525797 0.0
0.02566604 0.03337388 -9.096258 -2.425812 2.974037 2.620276 -0.1782568 20.15076 1.502647 0 0.0 0.04210179895842932 9.414163449925224 0.0
0.02159595 -0.008933735 -7.711634 -3.305664 1.819582 1.139962 0.2932787 20.23291 1.286419 0 0.0 0.02337085102114865 8.39027493177977 0.0
0.02485458 0.02622539 -5.282274 -2.925776 1.720609 1.084299 0.5314668 19.98141 1.271101 0 0.0 0.03613199728258182 6.038425607163841 1.0
