jas1101finalproject/data/gcs/Terzan_5_11.ecsv
# %ECSV 0.9
# ---
# datatype:
# - {name: x, unit: deg, datatype: float64}
# - {name: y, unit: deg, datatype: float64}
# - {name: pmx, unit: mas / yr, datatype: float64}
# - {name: pmy, unit: mas / yr, datatype: float64}
# - {name: pmx_e, unit: mas / yr, datatype: float64}
# - {name: pmy_e, unit: mas / yr, datatype: float64}
# - {name: pm_corr, datatype: float64}
# - {name: g_mag, unit: mag, datatype: float64}
# - {name: bp_rp, unit: mag, datatype: float64}
# - {name: filter, datatype: int64}
# - {name: memberprob, datatype: float64}
# - {name: r, unit: deg, datatype: float64}
# - {name: pm, unit: mas / yr, datatype: float64}
# - {name: member_prob_GMM, datatype: float64}
# - {name: member_prob_DB, datatype: float64}
# meta: !!omap
# - comments: [deg deg mas/yr mas/yr mas/yr mas/yr dimless mag   mag   zeroone float]
# - __serialized_columns__:
#     bp_rp:
#       __class__: astropy.units.quantity.Quantity
#       unit: &id001 !astropy.units.Unit {unit: mag}
#       value: !astropy.table.SerializedColumn {name: bp_rp}
#     g_mag:
#       __class__: astropy.units.quantity.Quantity
#       unit: *id001
#       value: !astropy.table.SerializedColumn {name: g_mag}
#     pm:
#       __class__: astropy.units.quantity.Quantity
#       unit: !astropy.units.Unit {unit: mas / yr}
#       value: !astropy.table.SerializedColumn {name: pm}
#     pmx:
#       __class__: astropy.units.quantity.Quantity
#       unit: !astropy.units.Unit {unit: mas / yr}
#       value: !astropy.table.SerializedColumn {name: pmx}
#     pmx_e:
#       __class__: astropy.units.quantity.Quantity
#       unit: !astropy.units.Unit {unit: mas / yr}
#       value: !astropy.table.SerializedColumn {name: pmx_e}
#     pmy:
#       __class__: astropy.units.quantity.Quantity
#       unit: !astropy.units.Unit {unit: mas / yr}
#       value: !astropy.table.SerializedColumn {name: pmy}
#     pmy_e:
#       __class__: astropy.units.quantity.Quantity
#       unit: !astropy.units.Unit {unit: mas / yr}
#       value: !astropy.table.SerializedColumn {name: pmy_e}
#     r:
#       __class__: astropy.units.quantity.Quantity
#       unit: &id002 !astropy.units.Unit {unit: deg}
#       value: !astropy.table.SerializedColumn {name: r}
#     x:
#       __class__: astropy.units.quantity.Quantity
#       unit: *id002
#       value: !astropy.table.SerializedColumn {name: x}
#     y:
#       __class__: astropy.units.quantity.Quantity
#       unit: *id002
#       value: !astropy.table.SerializedColumn {name: y}
# schema: astropy-2.0
x y pmx pmy pmx_e pmy_e pm_corr g_mag bp_rp filter memberprob r pm member_prob_GMM member_prob_DB
[from data line 790]
-0.02987162 -0.03085047 -0.9197476 -6.992704 1.536505 1.195839 0.733805 19.41413 3.321136 0 0.0 0.0429425800417872 7.0529316514001295 0.0 0.0
-0.04451243 0.01013406 -2.861546 -1.723472 1.026819 0.8476854 0.5763895 19.35103 2.597374 0 0.0 0.04565145777068351 3.340479193903174 0.0 0.0
-0.04457661 -0.04256982 -3.76299 -1.8103 1.293484 1.052403 0.4872757 19.86852 2.620403 0 0.0 0.06163816783393631 4.175796909585044 0.0 0.0
-0.0193746 -0.02025879 4.844154 -4.67527 1.152384 0.9211206 0.6975126 19.19908 3.468971 0 0.0 0.028032012011700122 6.732308485847629 0.0 0.0
-0.05384684 0.001150567 5.884292 5.555783 1.723282 1.420719 0.5747841 20.08974 1.337696 0 0.0 0.053859130910246675 8.092689113289413 0.0 0.0
-0.02142508 -0.01778911 2.076392 -3.61886 1.022633 0.8601633 0.6042343 19.38001 2.634506 0 0.0 0.027847558018585756 4.172235783996873 0.0 0.0
-0.05265584 0.002200119 -4.541573 -5.384416 1.852164 1.508045 0.6327349 20.23687 2.406731 0 0.0 0.05270178374324498 7.043991835272454 0.0 0.0
-0.05701241 0.01605127 -3.153438 -2.874697 1.603665 1.304172 0.5148605 20.26025 nan 0 0.0 0.059228862580848196 4.26708964771693 0.0 0.0
-0.04508713 -0.009715923 -3.108619 -2.774539 0.6102664 0.5282397 0.8803069 16.88518 nan 0 0.0 0.0461221037180529 4.166722782917289 0.0 0.0
-0.02339373 -0.008926018 -6.287812 -5.992762 0.8597477 0.7155008 0.5401368 19.29131 3.068861 0 0.0 0.02503877793841433 8.686183059088037 0.0 0.0
-0.05509972 0.01470745 -1.901981 -6.138178 2.159346 1.79402 0.5047719 20.38404 2.305862 0 0.0 0.05702883682472316 6.426099974638194 0.0 0.0
-0.02231116 -0.02022495 -2.728526 -4.582048 0.6296069 0.4939032 0.3950099 18.93526 2.913004 0 0.0 0.0301137254926736 5.332918338675364 0.0 1.0
-0.02203618 -0.008668277 -1.41646 -0.3047473 0.8400575 0.7092695 0.521497 19.32334 3.35078 0 0.0 0.023679785791707004 1.4488719227237756 0.0 0.0
-0.05274282 0.01127906 -7.743652 -11.74401 1.788249 1.489956 0.7221612 19.54982 nan 0 0.0 0.05393535256245203 14.067192938792159 0.0 0.0
-0.02361827 0.006298397 -6.2865 -4.378581 0.8217395 0.6802927 0.573043 19.28782 3.272549 0 0.0 0.02444365935293873 7.661073934087896 0.0 0.0
-0.04556821 0.0177707 -2.854435 -4.695016 0.9825848 0.8018582 0.5637168 19.34128 nan 0 0.0 0.048910730326729934 5.494631417072577 0.0 0.0
-0.0412093 -0.006803961 -3.323157 -1.093775 0.294424 0.2306623 0.4285349 17.62236 3.433247 1 0.0 0.041767215513839565 3.498530576867094 0.0 0.0
-0.0202352 -0.009245897 -2.558853 -4.379101 0.4299434 0.3256221 0.2887573 15.45621 5.600876 0 0.0 0.02224747020167931 5.071908343396005 0.0 1.0
-0.02350233 -0.02066195 -3.895123 0.644882 0.8957941 0.7542381 0.6234469 19.27128 3.225363 0 0.0 0.03129338098114999 3.948145891308096 0.0 0.0
-0.02879118 -0.03126983 0.4481943 1.21645 1.493965 1.217354 0.7934475 19.50108 2.423155 0 0.0 0.042505697430124584 1.2963906560340868 0.0 0.0
-0.02358676 -0.01371541 -2.616441 -4.210856 0.678603 0.5345103 0.2872104 17.98001 4.639726 0 0.0 0.02728456924281012 4.95752677846696 0.0 1.0
-0.02522278 -0.006614669 0.8589608 -1.276541 1.531628 1.345608 0.4678546 19.78725 3.286144 0 0.0 0.026075706642543 1.538626199119734 0.0 0.0
-0.02472138 -0.02010906 -0.885869 -3.794855 0.4128207 0.341319 0.3800147 17.98142 3.757465 0 0.0 0.03186723902674972 3.896881876088368 0.0 1.0
-0.0161064 -0.01419295 -2.109179 -3.908091 0.339438 0.2653051 0.3738531 17.23437 4.248056 1 0.5207489 0.021467555768240127 4.440924601738021 0.0 1.0
-0.02497274 -0.01004212 -2.78771 -5.082441 0.4792439 0.3800631 0.298779 18.49072 3.498121 0 0.0 0.02691620176031529 5.796769234891191 0.0 1.0
-0.05138363 0.00794368 -2.35627 -7.517815 1.770356 1.455303 0.5569847 20.26138 2.340446 0 0.0 0.051994033156885416 7.878423109171339 0.0 0.0
-0.03004613 0.003443614 -5.893673 -4.132421 0.5165791 0.4125635 0.337418 18.32321 3.53266 0 0.0 0.03024282403079937 7.198075072696171 0.0 0.0
-0.0184336 -0.01413034 2.898311 -5.268188 0.6416411 0.5000449 0.1903012 14.80599 1.405906 0 0.0 0.023226366859145236 6.012820590709905 0.0 0.0
-0.0488607 0.004505749 -1.924071 -6.869584 1.838616 1.503244 0.5592534 19.9286 2.306309 0 0.0 0.049068011764702685 7.133949365260241 0.0 0.0
-0.03375118 -0.02559672 -1.432608 -3.430339 0.2576992 0.2034755 0.3413493 17.77821 1.988804 0 0.0 0.04235958245958994 3.7174710942500955 0.0 0.0
-0.02450462 0.004533928 -6.315387 1.909237 2.304291 1.879678 0.6267153 20.29987 nan 0 0.0 0.024920531785128184 6.597673747764284 0.0 0.0
-0.0405234 0.01388337 -4.149715 -5.163217 0.4114684 0.3534024 0.5492286 16.72359 4.973827 0 0.0 0.04283566166311546 6.624118384382483 0.0 0.0
-0.05720593 0.01504982 -3.925207 -12.36422 1.449033 1.182136 0.5715924 19.74258 nan 0 0.0 0.059152476779905844 12.972323855086604 0.0 0.0
-0.01239457 -0.008197732 -3.4783 -6.270378 0.405191 0.3182762 0.396881 17.9204 4.48048 0 0.0 0.014860288537869108 7.170509825171708 0.0 1.0
-0.04464828 0.00261906 -1.193672 0.5564099 1.47422 1.240606 0.3147466 20.07023 2.185617 0 0.0 0.044725030824382894 1.3169832270769473 0.0 0.0
-0.05847518 0.003454457 -3.624561 -7.376094 1.657513 1.382 0.6280645 20.01177 2.168398 0 0.0 0.058577128208860234 8.218528161389788 0.0 0.0
-0.05066438 0.01088701 -0.8636098 0.2201888 1.221376 1.019393 0.6027864 19.62563 2.399454 0 0.0 0.05182090685741133 0.8912378999467426 0.0 0.0
-0.05514063 -0.01796354 -1.256763 -4.006898 0.4874732 0.3932372 0.5834861 18.47955 1.86397 0 0.0 0.05799291203352786 4.199367192872398 0.0 0.0
-0.04836529 0.01309092 4.722173 -3.766644 0.934974 0.7772485 0.588732 19.27264 2.785175 0 0.0 0.05010562306997589 6.040407673714167 0.0 0.0
-0.01455562 -0.008331481 2.586546 -1.006665 0.7378479 0.5765221 0.1905796 18.61081 4.211344 0 0.0 0.016771393777434272 2.77553501731486 0.0 0.0
-0.03536531 0.0003923616 -1.626484 -5.976464 0.5415974 0.4342408 0.5306423 18.09305 nan 0 0.0 0.035367486467393384 6.193833396657679 0.0 0.0
-0.04315525 0.01190075 -0.3392872 -0.6116777 0.3859538 0.308207 0.348246 18.48525 2.034771 0 0.0 0.04476609713974405 0.6994750980278926 1.0 0.0
-0.05914431 0.01210206 -0.1486994 -5.475355 0.3521233 0.278922 0.3349446 17.63286 4.04347 1 0.0001674892 0.060369771091330966 5.477373813022566 0.0 0.0
-0.01599527 -0.01658285 -1.967466 -5.285604 0.5234624 0.4127599 0.451813 18.73079 3.561153 0 0.0 0.02303995608709791 5.63990532774904 0.0 1.0
-0.01571981 -0.004095402 -1.415921 -3.735714 0.4436658 0.3525437 0.3335385 18.30718 3.854908 0 0.0 0.016244529663172892 3.995045853058135 0.0 1.0
-0.01619014 -0.009405521 -0.2419285 -2.165925 0.9848364 0.8263976 0.5652326 19.23528 3.595844 0 0.0 0.018723900728775535 2.1793945270962873 0.0 0.0
-0.04689935 0.02033368 -3.851153 -3.757247 1.188599 0.9680561 0.5926459 19.30022 3.08186 0 0.0 0.05111758574859439 5.380360996105931 0.0 0.0
-0.03732726 -0.01727789 0.7011309 -3.116762 1.424482 1.192855 0.5773626 19.9228 2.905191 0 0.0 0.041132102085350564 3.194650200503775 0.0 0.0
-0.02863324 0.00455021 0.2871106 -3.5332 0.3546159 0.3233918 0.8719377 16.66384 1.739933 1 0.007463617 0.028992530830227636 3.5448462218596113 0.0 0.0
-0.03865675 -0.01826821 -0.1803197 -7.098349 0.492549 0.3745093 0.2179112 17.27823 4.952477 0 0.0 0.04275595651095412 7.100638965614932 0.0 0.0
-0.01663444 -0.001871552 -0.7507834 -5.59379 0.4664203 0.3711141 0.3215628 18.23002 nan 0 0.0 0.01673939368681865 5.643949173922065 0.0 1.0
-0.02782908 0.001851494 -1.321144 -7.191582 0.3421654 0.2713177 0.2586715 17.8421 3.540031 0 0.0 0.027890602784422496 7.3119267728458555 0.0 0.0
-0.06662009 0.0007915083 -2.475193 -4.40457 0.225228 0.1777371 0.3040168 17.57007 1.763374 0 0.0 0.06662479175950248 5.052407077042486 0.0 0.0
-0.04803936 0.03016182 -4.221061 -7.445414 1.22925 1.010863 0.509583 20.10428 2.41942 0 0.0 0.056723147787495015 8.558711678583231 0.0 0.0
-0.045942 -0.02052518 -4.016233 -4.40933 0.2262734 0.1789002 0.3498658 17.47892 1.835838 1 0.0 0.05031848942518445 5.964253394951374 0.0 0.0
-0.05510358 0.02341068 -1.105329 -9.193939 0.9351013 0.7734811 0.5715483 19.23374 nan 0 0.0 0.05987039725005004 9.260143980196096 0.0 0.0
-0.04724538 -0.01704857 -5.424929 -2.598934 1.594453 1.315936 0.6341978 19.94523 2.464767 0 0.0 0.05022728014126686 6.0153397735620056 0.0 0.0
-0.02561274 0.00342172 -8.433635 -10.85793 0.8812291 0.7450361 0.610598 18.30559 3.796204 0 0.0 0.025840290595618307 13.748485123755454 0.0 0.0
-0.06449348 0.0140983 -2.794165 -5.644045 0.710363 0.5847483 0.5813679 18.86063 nan 0 0.0 0.0660164451133231 6.297825180905707 0.0 0.0
-0.04167877 -0.01139511 -3.953104 -6.186074 1.262212 1.048676 0.5950195 19.6759 1.463068 0 0.0 0.0432084297403296 7.341290265906395 0.0 0.0
-0.02866173 0.007941469 0.7736717 -0.5241809 0.201982 0.1577565 0.4398958 17.22128 1.721436 1 0.0 0.029741581942977765 0.9345231486194978 0.0 0.0
-0.04178942 -0.01189296 3.383627 -6.796832 2.465427 2.021745 0.429083 19.65461 nan 0 0.0 0.04344879884988767 7.59248687264937 0.0 0.0
-0.05135038 -0.005461154 -1.904828 -4.391777 0.3768588 0.2914615 0.245578 17.59519 3.988981 0 0.0 0.05163996252086281 4.787073733222939 0.0 0.0
-0.05492155 -0.01220707 -6.20424 -8.707077 2.789777 2.338205 0.5907699 20.75594 nan 0 0.0 0.05626179176303755 10.691388303748441 0.0 0.0
-0.04543548 -0.04197313 -2.21498 -4.416636 0.8485202 0.7041846 0.5437604 19.269 1.927 0 0.0 0.06185569080389693 4.940932093936932 0.0 0.0
-0.03969073 0.009704638 -5.674319 -7.501671 1.264211 1.054458 0.332998 19.98067 2.916573 0 0.0 0.04085993204404462 9.40600679916839 0.0 0.0
-0.05600237 -0.01147704 5.22544 3.717657 1.202806 0.9933575 0.4304233 19.90323 2.293068 0 0.0 0.05716631781721209 6.412970977889187 0.0 0.0
-0.05228267 -0.02854237 -0.01772668 2.617773 1.748427 1.392534 0.5964682 20.12474 2.419033 0 0.0 0.059566303121360485 2.6178330188751198 0.0 0.0
-0.06033029 0.0006440444 -6.14919 0.1840044 2.819991 2.46495 0.4523894 20.49361 3.153681 0 0.0 0.06033372758808518 6.1519423985696875 0.0 0.0
-0.04082628 0.00799147 0.03634041 -4.430731 1.372165 1.096078 0.4552445 19.66078 2.730789 0 0.0 0.041601066469494505 4.430880027687499 0.0 0.0
-0.05836589 0.006733241 -7.385437 -6.168522 0.9997499 0.8316362 0.5590793 19.38682 2.710312 0 0.0 0.05875298843340805 9.622647418743608 0.0 0.0
-0.06337113 -0.0131457 -4.123253 -9.167206 1.111633 0.9382081 0.5460134 19.52294 2.11491 0 0.0 0.06472024062043419 10.05180984442329 0.0 0.0
-0.05248457 -0.009657796 -4.403446 -3.207883 0.4610507 0.3661598 0.5297679 16.3341 5.762384 0 0.0 0.05336574848779427 5.4480134009201 0.0 0.0
-0.03304137 0.01361665 -6.196729 -9.969439 1.593499 1.293407 0.6384546 20.19179 2.847235 0 0.0 0.0357371695675441 11.73836292990475 0.0 0.0
-0.05849314 -0.01722693 0.5101099 -4.870071 0.5022086 0.4012193 0.3636599 18.84686 3.212555 0 0.0 0.06097716412137006 4.8967135565723074 0.0 0.0
-0.05843814 -0.01636097 -1.98734 -3.730893 2.027141 1.639075 0.5256098 20.26936 nan 0 0.0 0.060685233343874524 4.22718379693254 0.0 0.0
-0.04115589 -0.0007709988 3.366487 1.678464 0.1895023 0.1617533 0.4794895 16.8191 2.060081 1 0.0 0.04116311116572339 3.761711860372216 0.0 0.0
-0.03697658 0.01451581 -4.027307 -2.246771 1.863574 1.581177 0.775149 19.68736 2.497608 0 0.0 0.03972374867069447 4.611635458130879 0.0 0.0
-0.04949713 0.002312045 6.344185 -4.218311 1.53899 1.235971 0.5404641 20.21559 nan 0 0.0 0.04955109918376105 7.6185845802843195 0.0 0.0
-0.05477454 0.03138164 -0.8563153 -9.635131 0.4476679 0.3671948 0.3939721 17.99287 3.130255 0 0.0 0.06312731232439094 9.673108356685304 0.0 0.0
-0.05910607 -0.01000028 3.147842 2.934356 1.219397 1.022707 0.4951127 19.81048 2.139919 0 0.0 0.05994608503416465 4.303411947710793 0.0 0.0
-0.04517616 0.006525119 -1.285324 -5.231969 1.069218 0.9013252 0.4882066 19.4702 2.183807 0 0.0 0.04564496259511843 5.387537229749507 0.0 0.0
-0.04463314 -0.03942843 -1.39213 -2.98415 1.973412 1.592077 0.4551682 20.48658 2.436848 0 0.0 0.05955433047667063 3.29289798800388 0.0 0.0
-0.03663966 -0.0003366153 -2.051388 -2.672254 0.8974601 0.6737242 0.3909144 18.94831 3.443689 0 0.0 0.03664120624073113 3.3688476022313627 0.0 0.0
-0.03570262 0.01711781 -4.464046 -2.300205 0.980149 0.8112847 0.5602447 19.44559 3.394714 0 0.0 0.03959414721976595 5.021817373435736 0.0 0.0
-0.03838729 0.006248932 -15.56656 -9.798476 1.361556 1.14614 0.4535076 19.7611 3.348429 0 0.0 0.03889258521472601 18.393692455735366 0.0 0.0
-0.0371934 -0.001742496 -1.406282 -4.950739 0.6899731 0.5394955 0.4651965 18.84578 3.172892 0 0.0 0.03723419524939429 5.146595545566505 0.0 0.0
-0.01700065 0.04210804 -2.100563 -0.3977591 0.4823556 0.3635267 0.2172619 17.8381 4.419987 0 0.0 0.04541045180422785 2.137890834117077 0.0 0.0
-0.01328635 0.0403461 -3.97457 -4.510718 0.5283225 0.4072308 0.2063529 18.75885 3.340729 0 0.0 0.042477463219129506 6.011970023247288 0.0 0.0
-0.01345206 0.03484148 -1.512367 -6.902905 0.9918391 0.8193142 0.5003959 19.2887 2.838957 0 0.0 0.03734818130557364 7.06663649706945 0.0 0.0
-0.01411371 0.00383364 -1.055403 -4.639926 0.9067611 0.7660325 0.6271025 19.22691 3.75235 0 0.0 0.014625101900968074 4.758443945018687 0.0 1.0
-0.01414155 0.004949436 -1.571162 -5.178522 0.3519138 0.2987444 0.4751449 17.98857 3.922733 1 0.9155723 0.014982668424569636 5.411620841737529 0.0 1.0
-0.01461762 0.04765682 -4.113701 -4.746897 1.297942 1.063241 0.5649983 19.14975 3.483562 0 0.0 0.0498482427671909 6.281366654320538 0.0 0.0
-0.01467163 0.03556232 -7.08834 -7.342447 0.5444331 0.4245454 0.2780448 18.64457 3.796162 0 0.0 0.03846992761416767 10.205689192965313 0.0 0.0
-0.01503137 0.03083014 -0.1778219 -6.556351 0.9371968 0.788011 0.3248872 19.18728 3.32106 0 0.0 0.03429926553873275 6.558762006912632 0.0 0.0
-0.01483521 0.01279619 -2.561029 -4.567843 0.4025542 0.3110807 0.2725362 17.85149 4.030781 1 0.7244799 0.019591476061292575 5.236798565105402 0.0 1.0
-0.005164138 0.01204547 -1.509118 -4.234686 0.3709386 0.2832667 0.3066875 17.48134 nan 0 0.0 0.013105787607158298 4.495553654058641 0.0 1.0
0.001071124 0.05716962 0.2280172 1.159269 0.4692347 0.3711733 0.3621383 18.78257 1.71698 0 0.0 0.05717965335298716 1.1814806210246702 0.0 0.0
-0.007743341 0.04611821 0.2619322 -3.43138 1.043995 0.8600403 0.5536468 19.50786 2.012493 0 0.0 0.04676375330794547 3.4413626925677043 0.0 0.0
-0.005304346 0.05084474 -2.257554 -1.34662 0.5598419 0.4422667 0.3357492 18.95464 2.439417 0 0.0 0.0511206775400651 2.628675614699539 0.0 0.0
0.004591595 0.05590497 -5.881791 -9.036025 1.666728 1.385745 0.5757235 20.1432 nan 0 0.0 0.05609321184728973 10.781707340134307 0.0 0.0
-0.03629465 0.05165399 -17.57643 -16.63747 0.8039962 0.661 0.3347255 19.4191 nan 0 0.0 0.06313031206593707 24.20198957825162 0.0 0.0
-0.01797357 0.06157429 -4.806663 -9.583492 1.372895 1.136042 0.4603417 19.58606 nan 0 0.0 0.06414391949007325 10.721349173944155 0.0 0.0
-0.01370259 0.04470244 -2.51467 -3.435207 1.684162 1.367955 0.6194647 20.1875 1.7918 0 0.0 0.04675541802467068 4.257254084706362 0.0 0.0
0.007859477 0.006628459 -2.443742 -5.851532 1.148232 0.9518544 0.5177313 19.39545 nan 0 0.0 0.0102814321681471 6.341317032729715 0.0 1.0
-0.02656672 0.05904552 0.7451954 -4.515095 0.6603071 0.5222972 0.08269085 18.6902 1.962 0 0.0 0.06474692304371536 4.576177339571332 0.0 0.0
-0.02714893 0.05933912 0.1304654 -0.2525372 0.2280635 0.1788433 0.3016917 17.58131 1.752548 1 0.0 0.06525485087347377 0.28424682580637556 0.0 0.0
-0.006632646 0.009220617 -1.571615 -4.233095 0.231098 0.1820103 0.2588223 15.49837 4.456963 1 0.9385472 0.011358334861325627 4.515425449196343 0.0 1.0
-0.01051181 0.006622541 -3.198468 -2.920467 1.177784 0.9954359 0.529542 19.58016 nan 0 0.0 0.012424017014346889 4.331203648538476 0.0 0.0
-0.004998906 0.03768787 -4.381471 -7.08805 0.9175179 0.7580034 0.5693637 19.37547 2.180307 0 0.0 0.03801795110646727 8.332931112540233 0.0 0.0
-0.01292213 0.00284767 -0.8404859 -5.202672 1.292905 1.069272 0.6197407 19.48994 3.618626 0 0.0 0.013232183046111477 5.270124522976929 0.0 1.0
0.01207693 0.06466491 -4.356623 -1.181296 0.7390849 0.5976015 0.3072321 17.95697 3.338573 0 0.0 0.06578299798225223 4.513936663683375 0.0 0.0
