jas1101finalproject/data/gcs/Terzan_3.ecsv
# %ECSV 0.9
# ---
# datatype:
# - {name: x, unit: deg, datatype: float64}
# - {name: y, unit: deg, datatype: float64}
# - {name: pmx, unit: mas / yr, datatype: float64}
# - {name: pmy, unit: mas / yr, datatype: float64}
# - {name: pmx_e, unit: mas / yr, datatype: float64}
# - {name: pmy_e, unit: mas / yr, datatype: float64}
# - {name: pm_corr, datatype: float64}
# - {name: g_mag, unit: mag, datatype: float64}
# - {name: bp_rp, unit: mag, datatype: float64}
# - {name: filter, datatype: int64}
# - {name: memberprob, datatype: float64}
# - {name: r, unit: deg, datatype: float64}
# - {name: pm, unit: mas / yr, datatype: float64}
# - {name: member_prob_GMM, datatype: float64}
# meta: !!omap
# - comments: [deg deg mas/yr mas/yr mas/yr mas/yr dimless mag   mag   zeroone float]
# - __serialized_columns__:
#     bp_rp:
#       __class__: astropy.units.quantity.Quantity
#       unit: &id001 !astropy.units.Unit {unit: mag}
#       value: !astropy.table.SerializedColumn {name: bp_rp}
#     g_mag:
#       __class__: astropy.units.quantity.Quantity
#       unit: *id001
#       value: !astropy.table.SerializedColumn {name: g_mag}
#     pm:
#       __class__: astropy.units.quantity.Quantity
#       unit: !astropy.units.Unit {unit: mas / yr}
#       value: !astropy.table.SerializedColumn {name: pm}
#     pmx:
#       __class__: astropy.units.quantity.Quantity
#       unit: !astropy.units.Unit {unit: mas / yr}
#       value: !astropy.table.SerializedColumn {name: pmx}
#     pmx_e:
#       __class__: astropy.units.quantity.Quantity
#       unit: !astropy.units.Unit {unit: mas / yr}
#       value: !astropy.table.SerializedColumn {name: pmx_e}
#     pmy:
#       __class__: astropy.units.quantity.Quantity
#       unit: !astropy.units.Unit {unit: mas / yr}
#       value: !astropy.table.SerializedColumn {name: pmy}
#     pmy_e:
#       __class__: astropy.units.quantity.Quantity
#       unit: !astropy.units.Unit {unit: mas / yr}
#       value: !astropy.table.SerializedColumn {name: pmy_e}
#     r:
#       __class__: astropy.units.quantity.Quantity
#       unit: &id002 !astropy.units.Unit {unit: deg}
#       value: !astropy.table.SerializedColumn {name: r}
#     x:
#       __class__: astropy.units.quantity.Quantity
#       unit: *id002
#       value: !astropy.table.SerializedColumn {name: x}
#     y:
#       __class__: astropy.units.quantity.Quantity
#       unit: *id002
#       value: !astropy.table.SerializedColumn {name: y}
# schema: astropy-2.0
x y pmx pmy pmx_e pmy_e pm_corr g_mag bp_rp filter memberprob r pm member_prob_GMM
[from data line 2068]
0.005418071 -0.02421271 -4.931153 0.5609078 2.71407 1.618358 0.4100598 20.55329 1.077534 0 0.0 0.024811505776658156 4.962951487724803 1.0
-0.008617855 -0.004994539 -18.20465 0.1093075 3.539383 2.198111 -0.03517966 20.47862 1.245077 0 0.0 0.009960564473138358 18.20497815851632 0.0
-0.02030033 -0.06536802 0.008014536 -4.803259 3.282262 2.247372 -0.3920303 20.51348 1.076218 0 0.0 0.0684476547211758 4.803265686370919 1.0
-0.003377725 -0.03038096 -5.925265 -2.672433 1.130464 0.749304 0.508165 19.41887 1.586735 0 0.0 0.030568149382931654 6.5000510351622625 1.0
0.01699573 -0.04920439 -7.850179 2.113581 4.313173 2.932439 -0.2180685 20.73227 1.268206 0 0.0 0.05205695758978813 8.129731543882738 0.0
-0.02471149 0.005160679 -4.475713 1.531604 0.8414425 0.6134227 0.3474536 19.47262 1.407108 0 0.0 0.025244610231911702 4.730519809829042 1.0
-0.02462659 0.0124277 -13.0869 1.935242 3.4949 2.113466 -0.2041739 20.46425 1.290426 0 0.0 0.027584717912606974 13.229214383649696 0.0
-0.03634839 0.005095245 -7.628093 -1.615506 1.86442 1.53916 -0.5030436 20.21477 1.009596 0 0.0 0.03670377333738488 7.797285582347552 0.0
-0.01755125 -0.0125529 -3.396967 -4.80261 2.321923 1.634929 -0.268143 20.17839 nan 0 0.0 0.02157826858143396 5.88255451408561 1.0
0.02895521 -0.02964984 -0.7418425 2.048137 0.5426194 0.3722316 0.3789994 18.58502 1.991104 1 0.0 0.041442939062881386 2.178346957115705 0.0
-0.03559333 -0.04193582 -4.080928 0.4173563 3.972233 2.316241 -0.1355871 20.68656 1.14658 0 0.0 0.05500452835504818 4.102213990314705 0.0
-0.03117279 -0.02223108 -3.321074 -2.065793 1.647764 1.152663 0.3997381 20.05293 1.064917 0 0.0 0.038287906110813896 3.911142190246348 0.0
-0.04969204 -0.01244421 -3.470506 -5.220808 1.432089 1.172396 0.2352144 19.89879 2.091621 0 0.0 0.05122652830209851 6.269070750031458 1.0
-0.009068251 0.01638679 -5.374381 -1.891336 0.541834 0.3935733 0.1317746 18.71081 1.745729 0 0.0 0.018728589447769443 5.69746636655777 1.0
-0.005732543 0.02003013 1.127816 -5.53086 1.254943 0.9107985 0.2609502 19.94329 1.450233 0 0.0 0.020834302413657843 5.644677251132787 1.0
-0.00825683 -0.006352534 -4.317021 -0.6409442 1.401804 0.949141 0.4823801 19.94114 1.316044 0 0.0 0.01041776990867316 4.364341849804464 0.0
0.02701552 -0.063661 -1.939482 -1.750675 0.6284941 0.4735379 0.4417803 18.87902 1.774527 1 0.0 0.06915606438968602 2.6127482435070166 0.0
0.003005583 0.006415624 -7.853704 -6.099947 2.020398 1.263485 0.4661878 20.07261 1.789066 0 0.0 0.007084755498905026 9.944346128450325 0.0
-0.04721816 -0.008479259 0.505723 -3.563768 0.1517373 0.1107118 0.07734633 16.62637 1.775803 1 0.0 0.047973455858158494 3.59947192106745 0.0
-0.0221221 -0.04258332 -7.94886 -2.747503 1.328984 0.8905588 0.379935 20.02304 1.369564 0 0.0 0.047986732027013465 8.410300115608777 0.0
-0.007699463 0.02113241 -5.325057 -1.589427 0.168659 0.1224286 0.0858701 16.80672 1.96856 1 0.9953245 0.022491342398720204 5.5572034551182306 1.0
-0.03640389 -0.03739288 -9.871097 -7.541176 3.769951 2.41087 -0.3167966 20.63666 2.054403 0 0.0 0.05218688227731659 12.422072751613758 0.0
-0.05614177 -0.006466994 -2.698658 -0.7304327 1.5413 1.156285 -0.01844018 20.24898 1.412247 0 0.0 0.05651301045006305 2.7957623164699266 0.0
0.003215928 -0.0246818 -2.373785 -6.335761 0.7243537 0.4916171 0.4764712 19.03558 1.585278 0 0.0 0.024890428765716028 6.765849737863382 1.0
-0.01931188 0.01313105 -1.183625 -0.6798906 2.311785 1.324922 0.7445186 19.80818 nan 0 0.0 0.02335322639887046 1.3649979372121264 0.0
-0.02144588 -0.01286283 -5.219636 -0.8169912 0.531076 0.3275092 0.326238 18.32391 1.715145 1 0.8575288 0.02500756214794437 5.283187919558933 1.0
0.001337004 -0.04198139 1.93711 -4.928214 3.282637 1.857709 -0.1904321 20.59156 1.76757 0 0.0 0.04200267474849805 5.295251493734362 1.0
-0.01672333 0.01536323 -6.819222 0.5345915 1.746481 1.217686 0.2293327 20.10103 1.480364 0 0.0 0.022708998267686756 6.8401444982658255 1.0
-0.01880768 -0.01397225 -4.566946 -1.032255 1.497864 1.015915 0.52928 19.82421 1.3141 0 0.0 0.023429737451471793 4.6821518719431765 1.0
-0.04296548 -0.00265947 -2.031775 -6.637316 0.4150026 0.3056252 0.1449994 18.52742 1.560993 0 0.0 0.04304770902511886 6.94133080428249 1.0
-0.01400081 -0.03636355 -9.180435 -2.737653 1.287325 0.9224332 0.4476526 19.82463 1.394192 0 0.0 0.03896575995997768 9.579933754344754 0.0
-0.01782879 0.004643693 -7.657606 -2.368356 0.6628416 0.4781534 0.2627663 18.99634 1.697699 0 0.0 0.018423616299259735 8.01548749571553 0.0
-0.03407017 0.00362758 -5.265493 -3.248155 0.2451227 0.1831842 -0.1036708 17.42364 1.952095 1 0.0 0.0342627468321689 6.186754192391517 1.0
-0.01391368 -0.03669541 -3.047322 2.289621 1.773081 1.15487 0.3708387 20.21779 nan 0 0.0 0.03924466341058998 3.811631631640838 0.0
-0.02677934 0.01066463 -7.407035 -4.964719 0.6821835 0.5017649 0.1736785 18.69014 1.590466 0 0.0 0.0288247703177753 8.916983920597032 0.0
-0.01470371 -0.07010084 -4.800999 -2.872766 1.207475 0.79525 0.4109112 19.77362 1.587027 0 0.0 0.07162630003336554 5.5948526244001275 1.0
-0.01284067 0.02134157 -5.504591 -1.634931 0.1396847 0.1058485 -0.1635116 15.81135 2.187983 1 0.9985016 0.02490673435265651 5.742257522267875 1.0
-0.03798909 0.05349918 3.684275 -8.019324 0.9821658 0.7432158 0.1742979 19.63235 1.408203 0 0.0 0.06561503806064964 8.825159471227757 0.0
-0.04015826 0.03302084 -7.5076 -0.7671881 2.19162 1.775138 -0.3700381 20.4853 1.983971 0 0.0 0.05199097729926992 7.546696982175819 1.0
-0.01800613 0.01851389 -4.323619 -1.987097 1.956482 1.637655 0.337972 20.05073 nan 0 0.0 0.025826049649704464 4.758385833932553 1.0
-0.006178697 -0.005875511 -4.611451 -0.4677014 1.953743 1.211637 0.2265379 20.2204 nan 0 0.0 0.00852630788377537 4.635107865515424 0.0
-0.02429102 0.01409101 -7.153166 -1.971005 0.6253959 0.4557536 0.2324945 18.80904 1.710785 0 0.0 0.028082204604704737 7.419746931909538 0.0
-0.007412605 0.01518533 -4.86718 -1.760927 2.445546 2.071972 -0.1439386 20.49797 nan 0 0.0 0.016897957275804818 5.175935186198626 0.0
-0.00710138 0.01473904 -4.363445 -5.151654 1.924616 1.446707 -0.3117013 19.92812 nan 0 0.0 0.016360589782339757 6.751236272249772 0.0
-0.01173324 0.02460712 -5.740829 -1.802703 0.1823283 0.13001 0.1215268 16.95483 2.018339 1 0.9975376 0.027261314634331194 6.017213284690015 1.0
-0.03883696 0.05567315 -3.552202 1.257931 1.124923 0.8570594 0.1647779 19.85866 1.533199 1 0.02431203 0.06788084481622264 3.7683589862916453 1.0
0.0003293069 -0.08301224 -2.371199 -1.906171 0.853212 0.626081 0.4338543 19.28796 1.973005 1 0.0008795577 0.08301289317239816 3.042379427165849 0.0
-0.05865659 -0.02205182 -8.510071 -3.315319 1.217862 0.8874336 0.2638726 19.87884 0.96661 0 0.0 0.06266480922926758 9.13305252896325 0.0
-0.04023692 -0.00902098 -5.209163 -3.632776 1.44342 1.021965 0.1036288 20.18154 nan 0 0.0 0.041235758890152616 6.350782678280292 1.0
-0.01465931 0.02778428 9.590082 3.854466 1.272503 0.8320499 0.2391402 18.68992 1.663841 0 0.0 0.031414353165304866 10.335694505541465 0.0
-0.06141398 0.03729139 -5.279902 -2.998031 1.242234 0.9485208 -0.08697587 20.07401 1.243008 0 0.0 0.07184931946492257 6.071701162488566 1.0
-0.01218939 -0.004933964 -2.277541 -0.1322274 2.16487 1.319706 0.6303721 20.04929 nan 0 0.0 0.01315010377622154 2.2813761399628425 0.0
0.02615259 -0.04043304 -15.79342 -2.15529 2.368475 1.713689 -0.3952208 20.00954 1.826065 0 0.0 0.04815380241839371 15.93980521463484 0.0
0.009822886 -0.01955156 -4.670296 -2.576283 1.717038 1.033203 0.2805564 20.14296 1.946268 1 0.8301155 0.021880415622254436 5.333750915041402 1.0
-0.0128514 0.0105536 -6.425509 -2.958214 1.259248 0.9369155 0.2974713 19.94989 1.228912 0 0.0 0.01662940031750995 7.07376815981956 0.0
0.03366712 -0.03694537 -2.774525 -3.967515 0.9557064 0.7194094 0.5434395 19.37609 1.548885 1 0.0 0.04998435088636542 4.841401062796802 1.0
-0.03640556 0.04915879 -1.796998 -1.494551 0.4723789 0.3542296 -0.05533874 18.50784 nan 0 0.0 0.06117149199731604 2.3372814344030117 0.0
-0.02103336 0.02767225 -0.8532027 -1.360504 1.321508 1.003524 0.07678554 19.86655 1.797852 0 0.0 0.034758533527064976 1.6059034782026251 0.0
-0.01496708 0.00909984 -4.650452 -1.329405 1.640067 1.065433 0.2970302 20.17187 1.62266 0 0.0 0.017516294464069732 4.836736653812051 0.0
-0.04238977 -0.05619081 -3.648052 -0.9748449 1.211633 0.825885 0.4277939 19.77059 1.618149 0 0.0 0.07038678660877339 3.7760569346555157 1.0
-0.04248859 -0.01024284 -5.958434 -1.373157 0.8815385 0.6549657 0.2901577 19.43272 1.641438 1 0.9342571 0.04370578967887092 6.11461330576227 1.0
-0.03569709 0.05218416 -1.509837 -5.509672 0.993462 0.7189125 0.2245892 19.40161 1.634262 0 0.0 0.06322553905957387 5.71280082920392 1.0
-0.05125364 0.05624225 -4.210381 -0.9007145 1.377824 1.110212 0.02473183 20.06489 1.565401 0 0.0 0.07609287941924724 4.305646847533045 0.0
-0.007997533 0.01414768 -6.81406 -2.389786 0.9722997 0.7308218 0.2246454 19.66056 1.534695 0 0.0 0.01625168863436932 7.220975751890875 0.0
-0.02206031 0.004417581 -7.681417 -1.974514 0.8937417 0.6570968 0.3284846 19.5258 1.575943 1 0.8752283 0.022498273249022045 7.931133126110354 0.0
-0.04997657 -0.01511849 -5.718277 -1.99767 1.33043 0.9485398 0.1398641 20.14436 1.577126 0 0.0 0.052213276940305135 6.057175684890525 1.0
-0.02795822 0.0003759897 -5.790041 -2.600099 1.085125 0.8256275 0.205238 19.93464 1.415194 0 0.0 0.02796074809126011 6.347053614984043 1.0
-0.03076492 -0.04775125 -0.3778931 -1.155164 0.9960409 0.6798015 0.4530022 19.52136 1.716808 1 2.585888e-05 0.05680371624435236 1.2154040735177787 0.0
-0.04395851 0.06135443 -4.518198 -1.497388 0.8896612 0.7225587 0.05958381 19.41748 1.66861 1 0.6079784 0.07547659691616336 4.7598617616216545 1.0
-0.03590005 -0.05146888 -3.294959 -2.157053 0.7705046 0.5198866 0.3331785 19.03057 1.70507 1 0.02948696 0.06275236408659757 3.938227070204307 1.0
-0.04392211 0.0631321 -2.993827 -0.7393779 1.492516 1.112257 0.002719541 20.2104 1.614113 0 0.0 0.07690782663202815 3.0837768701605843 0.0
-0.01405871 0.01040082 -4.654596 -1.781653 2.624772 1.5695 0.7479112 19.67363 nan 0 0.0 0.017487835301617523 4.983929306844651 0.0
-0.0427658 0.01979395 -8.669083 -3.033386 2.530021 2.284234 -0.2740738 20.65999 1.030939 0 0.0 0.04712445337871305 9.184466815547053 0.0
-0.005906536 0.01616583 -5.443084 -2.241989 0.7181866 0.4723877 0.3981124 18.90541 1.969143 0 0.0 0.017211078615478926 5.886737475646166 1.0
-0.0735876 0.03364581 -5.245854 -3.511895 1.467748 1.110938 -0.00943669 20.23891 1.494719 0 0.0 0.08091461798906363 6.312874993245233 1.0
0.02659412 -0.0216992 -2.574938 -4.627786 0.9333885 0.6380394 0.4402595 19.44334 1.648865 0 0.0 0.03432349777068765 5.295914365399048 1.0
-0.008140816 -0.04615507 -1.425396 -2.035082 1.043129 0.7041531 0.4668232 19.48413 1.808271 0 0.0 0.04686750870113277 2.484615162060314 0.0
-0.01422899 -0.01212882 -5.780181 -1.288779 0.9782335 0.6711759 0.4709068 19.42759 1.422308 0 0.0 0.018696856179916985 5.922114799934395 1.0
-0.04335965 -0.01021278 -6.479257 -0.3698773 1.062661 0.7755757 0.3367935 19.80684 1.168484 0 0.0 0.04454615722428703 6.489805889940337 1.0
-0.01427884 -0.01169777 -6.736442 -1.35332 1.577784 0.9958179 0.4311887 20.11389 nan 0 0.0 0.01845868615905531 6.871035281656178 0.0
-0.04297389 0.060016 4.589045 3.119072 0.9717988 0.7507617 0.1362922 19.47748 2.1064 1 0.0 0.07381514395929945 5.5486885074951715 1.0
0.02697996 -0.0212759 -3.6627 -5.09899 1.739646 1.04311 0.3739204 20.13078 1.406967 0 0.0 0.03435960073125996 6.2781422658378805 1.0
0.005668759 0.002291793 -3.490137 -0.5096753 2.111239 1.194469 0.5233675 20.19558 nan 0 0.0 0.006114502739792501 3.5271553963780913 0.0
-0.03926296 0.06098301 -3.879891 -2.359831 1.38581 1.024481 0.2187903 19.9171 1.321114 0 0.0 0.07252935637810182 4.5411844842994435 1.0
-0.01796641 0.007844193 2.760614 -0.910437 1.126673 0.824826 0.3015852 19.68006 nan 0 0.0 0.01960416415227512 2.9068686224122686 0.0
-0.02850693 0.03886991 -2.989991 -4.15933 1.173272 0.9085203 0.07929134 19.87595 1.577314 0 0.0 0.048202852212633644 5.122506440111227 1.0
-0.004500028 0.01744766 -6.55668 -0.92243 1.155639 0.8375431 0.1749335 20.08054 1.697144 0 0.0 0.018018631787024897 6.621248351126848 1.0
0.03044801 -0.02981824 -6.195508 -6.225689 0.7895959 0.5688591 0.4579633 19.06726 1.574575 0 0.0 0.04261700071166084 8.783138556506154 0.0
-0.02570631 0.002471007 -7.693047 -1.870818 1.149952 0.816191 0.2068272 19.90841 1.264013 0 0.0 0.025824799116549755 7.917255340920425 0.0
-0.02491 0.003119755 -6.737994 -1.484431 1.075263 0.7872552 0.2297844 19.88064 nan 0 0.0 0.02510460059949222 6.899572344558537 1.0
-0.07648801 -0.03259531 -4.294924 -6.485763 3.574539 2.020854 -0.0869699 20.42257 0.9741096 0 0.0 0.0831436702807628 7.778913411135582 0.0
-0.05266337 -0.01640575 14.6231 -12.62978 1.336693 0.8168453 0.7157022 19.30295 2.139532 1 0.0 0.05515957915738118 19.322173699105388 0.0
-0.005342453 -0.04335866 -1.761054 -3.25619 1.707566 1.113425 0.1718576 19.96182 1.247877 0 0.0 0.04368655629656347 3.7019028224706276 0.0
-0.03233791 -0.002135716 -6.360957 -1.970664 1.018969 0.7633334 0.1499534 19.54557 1.363836 0 0.0 0.032408358582328045 6.659225972794811 1.0
0.006851238 0.004183791 -19.40434 -14.74761 3.883862 2.223424 -0.1679941 20.40586 nan 0 0.0 0.008027675209195064 24.372533958283864 0.0
-0.0619691 0.04679337 -0.5970757 -1.736575 2.404773 1.988 -0.3646342 20.55774 1.224266 0 0.0 0.07765171492482893 1.8363529405197385 0.0
-0.03988437 -0.06766032 -5.647269 -1.056108 0.9415725 0.6475241 0.4183033 19.36521 1.964722 0 0.0 0.07854095665828943 5.7451728665049755 1.0
-0.03309974 -0.02591303 -4.080506 -2.232918 1.290092 0.8783216 0.4647584 19.77297 1.294756 0 0.0 0.04203662583805342 4.651499974283564 0.0
-0.05980053 0.01060115 -8.619446 -4.121594 2.166481 1.72307 0.2057429 20.63613 0.8962536 0 0.0 0.06073292162907528 9.554181621036518 0.0
0.01922792 -0.07670884 -4.472619 -2.415305 0.3326447 0.2336127 0.2078122 17.82111 1.041044 1 0.0003743996 0.07908197671828898 5.083111149894915 1.0
-0.01427039 0.01088906 -4.06241 0.445997 0.7633387 0.5730502 0.1458385 19.25319 1.741278 0 0.0 0.017950366526500235 4.08681885237271 0.0
-0.06720194 0.005308164 -2.438461 -1.229685 1.899372 1.252459 0.188577 20.31286 1.458853 0 0.0 0.06741125532738948 2.7309736812620513 0.0
-0.04322733 0.02157517 -5.815781 -1.893866 1.254826 0.9516712 -0.02451458 20.09467 1.228294 0 0.0 0.048312420964569766 6.116374503406165 1.0
-0.008888779 -0.03087729 -5.695591 -1.41246 1.279912 0.9287341 0.3253051 19.77198 1.767908 1 0.9270383 0.03213125316346907 5.8681172526527625 1.0
-0.003479355 0.01851201 -5.69412 -2.702081 1.06314 0.7890287 0.2159127 19.9555 1.438843 0 0.0 0.01883614677836539 6.302717216007792 1.0
-0.01344955 0.01474586 -4.165453 -4.795348 3.180205 2.309933 -0.1458521 20.59476 0.9739475 0 0.0 0.01995822593173301 6.351878551760337 1.0
-0.08230517 -0.0007025221 -1.578556 -7.865662 1.583492 1.207746 -0.04917646 20.36666 0.9934578 0 0.0 0.08230816816106339 8.02249822333293 0.0
-0.07632808 -0.03070307 -13.03363 -3.897705 3.946923 2.101002 -0.03155928 20.52129 nan 0 0.0 0.08227183177680743 13.603955867464618 0.0
-0.06817835 -0.04693113 -3.535412 -1.483243 0.2788244 0.1734065 0.3794944 17.32594 1.52416 1 0.0 0.08276967060342454 3.8339467662961884 0.0
-0.04141955 -0.008090792 -6.620207 -0.8244774 1.202949 0.9016888 0.1475284 20.04697 1.129505 0 0.0 0.04220237004469967 6.67134946663415 1.0
-0.009312249 -0.02656291 -7.079613 -2.049858 1.09144 0.7419557 0.4546444 19.57789 1.704426 0 0.0 0.02814793365606259 7.370402841767403 0.0
-0.02644072 0.002848425 -5.748748 -2.486151 1.129625 0.8322115 0.335856 19.88381 1.25592 0 0.0 0.026593706005350683 6.263309856801355 1.0
-0.008458233 0.01558958 -4.678962 -2.367666 1.03615 0.8074323 0.3006598 19.79883 1.675413 0 0.0 0.017736310497357927 5.243903859244561 0.0
-0.05791226 0.03305966 -5.533312 -8.005434 3.514995 2.376596 -0.08849973 20.56172 1.116785 0 0.0 0.06668411338259811 9.731624490171205 0.0
