jas1101finalproject/data/gcs/Terzan_10.ecsv
# %ECSV 0.9
# ---
# datatype:
# - {name: x, unit: deg, datatype: float64}
# - {name: y, unit: deg, datatype: float64}
# - {name: pmx, unit: mas / yr, datatype: float64}
# - {name: pmy, unit: mas / yr, datatype: float64}
# - {name: pmx_e, unit: mas / yr, datatype: float64}
# - {name: pmy_e, unit: mas / yr, datatype: float64}
# - {name: pm_corr, datatype: float64}
# - {name: g_mag, unit: mag, datatype: float64}
# - {name: bp_rp, unit: mag, datatype: float64}
# - {name: filter, datatype: int64}
# - {name: memberprob, datatype: float64}
# - {name: r, unit: deg, datatype: float64}
# - {name: pm, unit: mas / yr, datatype: float64}
# - {name: member_prob_GMM, datatype: float64}
# - {name: member_prob_DB, datatype: float64}
# meta: !!omap
# - comments: [deg deg mas/yr mas/yr mas/yr mas/yr dimless mag   mag   zeroone float]
# - __serialized_columns__:
#     bp_rp:
#       __class__: astropy.units.quantity.Quantity
#       unit: &id001 !astropy.units.Unit {unit: mag}
#       value: !astropy.table.SerializedColumn {name: bp_rp}
#     g_mag:
#       __class__: astropy.units.quantity.Quantity
#       unit: *id001
#       value: !astropy.table.SerializedColumn {name: g_mag}
#     pm:
#       __class__: astropy.units.quantity.Quantity
#       unit: !astropy.units.Unit {unit: mas / yr}
#       value: !astropy.table.SerializedColumn {name: pm}
#     pmx:
#       __class__: astropy.units.quantity.Quantity
#       unit: !astropy.units.Unit {unit: mas / yr}
#       value: !astropy.table.SerializedColumn {name: pmx}
#     pmx_e:
#       __class__: astropy.units.quantity.Quantity
#       unit: !astropy.units.Unit {unit: mas / yr}
#       value: !astropy.table.SerializedColumn {name: pmx_e}
#     pmy:
#       __class__: astropy.units.quantity.Quantity
#       unit: !astropy.units.Unit {unit: mas / yr}
#       value: !astropy.table.SerializedColumn {name: pmy}
#     pmy_e:
#       __class__: astropy.units.quantity.Quantity
#       unit: !astropy.units.Unit {unit: mas / yr}
#       value: !astropy.table.SerializedColumn {name: pmy_e}
#     r:
#       __class__: astropy.units.quantity.Quantity
#       unit: &id002 !astropy.units.Unit {unit: deg}
#       value: !astropy.table.SerializedColumn {name: r}
#     x:
#       __class__: astropy.units.quantity.Quantity
#       unit: *id002
#       value: !astropy.table.SerializedColumn {name: x}
#     y:
#       __class__: astropy.units.quantity.Quantity
#       unit: *id002
#       value: !astropy.table.SerializedColumn {name: y}
# schema: astropy-2.0
x y pmx pmy pmx_e pmy_e pm_corr g_mag bp_rp filter memberprob r pm member_prob_GMM member_prob_DB
[from data line 1581]
0.007701545 0.01123977 -3.573823 -6.015757 0.6283825 0.4708884 0.5132215 18.33821 3.557085 0 0.0 0.013625205504502491 6.9972525407032435 0.0 0.0
-0.03394344 0.01036154 -10.22842 -11.5707 0.8447579 0.7338657 0.294343 18.69416 3.408911 0 0.0 0.035489697522030246 15.44349941517142 0.0 0.0
-0.0228079 -0.01344711 1.78937 -5.892426 1.710939 2.169388 0.8547012 19.45697 nan 0 0.0 0.026476878021437875 6.1581270823502825 0.0 0.0
0.005536454 0.02797306 -7.438078 -2.287411 1.489119 1.621135 0.2121747 19.89075 nan 0 0.0 0.028515687062697893 7.781854111778568 0.0 0.0
-0.02368734 -0.002062316 -2.819631 -0.829973 0.9989915 1.020611 0.3780344 18.91555 3.335821 0 0.0 0.023776947313720827 2.939247209217013 0.0 0.0
0.0444283 -0.01768953 -3.046507 -3.628478 0.7782261 0.6068128 0.6050073 18.89623 2.649267 0 0.0 0.047820427774235764 4.737832573818222 0.0 0.0
2.499158e-05 -0.04500387 -2.730882 -4.706004 0.6125627 0.4934865 0.4809321 18.94951 3.428282 0 0.0 0.04500387693917015 5.44097327193766 0.0 0.0
0.00855214 0.02072305 -8.301262 -0.1832844 0.6813553 0.5680116 0.3897458 18.76318 3.646782 0 0.0 0.02241838307911835 8.3032851308339 0.0 0.0
0.008580992 0.04032486 -5.081633 -1.454004 0.6186642 0.5856802 0.4328807 18.95796 3.272846 0 0.0 0.04122775470145887 5.2855578304191315 0.0 0.0
0.02615599 0.02617736 10.24657 -2.671136 0.3567542 0.2821487 0.332572 17.98609 1.977928 0 0.0 0.03700526975242445 10.589011488113327 0.0 0.0
0.00630485 0.03974517 -0.476307 -0.5932405 0.4227318 0.3573506 0.2449664 18.36486 1.93313 0 0.0 0.040242138012926205 0.7607908050766977 0.0 0.0
-0.002853915 0.02008627 -0.9006963 2.477836 2.043658 1.687365 0.4247164 20.44408 nan 0 0.0 0.020288003187601412 2.6364607085503264 0.0 0.0
0.04175554 0.01980993 -6.094194 -7.446582 1.978536 1.826227 0.7522603 20.0981 2.930168 0 0.0 0.046216430490643695 9.622410508410042 0.0 0.0
-0.04781056 -0.002807823 3.470253 1.363806 0.2891497 0.2481962 0.1156075 17.90054 2.078402 1 0.0 0.04789293807559658 3.728622089947572 0.0 0.0
0.04920641 0.003417185 3.290927 -0.8081297 0.7111701 0.7012722 0.1836007 19.04681 2.666674 0 0.0 0.04932492208217186 3.3886979994315056 0.0 0.0
0.008387535 0.01940889 -2.193308 -5.064568 0.6679113 0.5480137 0.3892421 18.52628 nan 0 0.0 0.02114369301726463 5.51909856856063 0.0 0.0
0.0101401 -0.006004757 -1.58255 -2.318023 1.355401 1.793621 0.8234668 19.2294 2.448832 0 0.0 0.011784682203566162 2.806723201712096 0.0 0.0
0.0317977 0.00130414 -3.408747 -10.67117 0.2325839 0.2090019 0.2451512 16.63663 3.805963 1 0.0 0.03182443253900374 11.202384803197443 0.0 0.0
0.0100035 -0.0005783385 -9.443055 -5.569672 0.6951431 0.5780625 0.2110323 18.86269 3.692997 0 0.0 0.01002020397350185 10.963235558930993 0.0 0.0
-0.03730348 -0.02769491 -1.091098 -1.841855 1.367307 1.840023 0.8504017 19.22957 2.087633 0 0.0 0.046460280455659114 2.140776655008411 0.0 0.0
-0.02813701 0.03439376 -2.15554 -4.055435 0.6131953 0.5936283 0.3621857 19.11179 nan 0 0.0 0.044436719711041905 4.592701354412782 0.0 0.0
0.01014041 -0.002317852 -5.519067 -9.155409 0.2389293 0.2031002 0.154937 17.39633 3.205442 1 0.0 0.01040193986052621 10.690257925221918 0.0 0.0
-0.005266666 0.01879872 1.550747 -1.341304 1.603037 1.382293 0.4346036 20.15405 2.355761 0 0.0 0.01952254195523616 2.050344526762515 0.0 0.0
-0.0326554 0.0122044 -1.851136 0.736478 0.1894685 0.1657347 0.3240514 16.97955 1.862211 0 0.0 0.03486147628141987 1.9922611111448219 0.0 0.0
-0.002881359 0.02113149 -2.989246 -8.661708 1.315964 1.295199 0.3474463 19.96312 nan 0 0.0 0.02132702743719764 9.163011356850978 0.0 0.0
-0.02783132 0.01734404 1.366437 -2.44086 1.597018 1.36222 0.3191129 19.94669 2.31286 0 0.0 0.03279326297372678 2.79731078262123 0.0 0.0
0.009842457 0.04040296 0.5643169 -5.34802 0.5677519 0.4612784 0.3753502 18.78107 2.813034 0 0.0 0.041584530014879925 5.3777106173562 0.0 0.0
0.00928902 -0.02235448 -8.003076 -7.570816 1.301587 1.25255 0.5663663 19.67138 nan 0 0.0 0.024207615922077083 11.016645604158827 0.0 0.0
-0.006776269 0.04673749 -5.719454 -9.04828 0.8364355 0.7359166 0.1987589 17.79809 3.952917 0 0.0 0.04722616640232892 10.704369435726516 0.0 0.0
-0.003592242 -0.04397587 4.64668 5.383489 1.596188 2.108554 0.8336262 19.43314 2.703682 0 0.0 0.044122345187483675 7.111511009308851 0.0 0.0
0.00635929 0.03224738 -0.06340979 -2.404753 0.444846 0.384942 0.4955322 18.37214 2.203062 1 0.0 0.032868436016465705 2.4055888660527267 0.0 0.0
-0.02913802 -0.02024249 -2.283106 -3.158373 0.5084782 0.4022597 0.4393601 18.47433 3.568159 0 0.0 0.03547932652856449 3.897164740470308 0.0 0.0
-0.003922511 -0.00133138 -7.591435 -3.179844 0.6269993 0.484451 0.5478541 18.18645 3.975325 0 0.0 0.004142301926407707 8.230509900580946 1.0 0.0
0.01494314 0.04036428 0.3001181 -7.166256 1.735746 1.803896 0.6054741 19.99711 nan 0 0.0 0.0430415210346707 7.172537621475652 0.0 0.0
-0.004005723 0.02711672 -4.409262 -4.952724 0.3317409 0.2863864 0.08800635 17.59924 4.707062 1 0.0 0.02741098904292089 6.631068270257817 0.0 0.0
-0.01738131 -0.008887612 -4.046383 -4.771473 1.373305 1.79318 0.8424001 19.29015 2.601448 0 0.0 0.019521772060411013 6.256210512156541 0.0 0.0
-0.004196589 -0.002868712 -7.738487 -1.90693 0.8073293 0.6295983 0.5190782 18.34785 3.833517 0 0.0 0.005083391365404103 7.969978862837028 1.0 0.0
-0.003565873 -0.01005558 -3.927496 -3.040814 0.6042731 0.4586949 0.5416861 18.3865 3.286978 0 0.0 0.01066912083484525 4.967069016292405 0.0 0.0
-0.003127233 -0.01228526 -6.93548 -3.234137 0.6961623 0.5470826 0.5599658 18.4903 3.688919 0 0.0 0.012677034333939819 7.652484888267928 0.0 0.0
-0.03121819 -0.03112444 -5.922542 -6.379486 3.435409 3.125018 0.6858385 20.66914 nan 0 0.0 0.04408294627392434 8.704846085139014 0.0 0.0
0.04424443 0.003468756 -1.855976 -4.857399 0.3201922 0.2640627 0.4362797 16.79601 2.669081 0 0.0 0.04438019664458953 5.199901148846678 0.0 0.0
-0.003347909 0.03637883 -3.926736 -5.647672 0.5985727 0.4684131 0.4786938 18.63246 3.879896 1 0.0 0.036532557627973174 6.87862301869204 0.0 0.0
-0.003540176 0.04671474 -4.460744 -6.368681 0.7825994 0.7486245 0.4091571 19.09109 3.098843 0 0.0 0.04684869026321414 7.775495785690903 0.0 0.0
0.01666654 0.01044538 -0.9548239 -7.127106 1.713022 2.241599 0.8312338 19.49517 nan 0 0.0 0.01966925313569379 7.1907808070645025 0.0 0.0
-0.03596474 -0.01399591 1.102486 -1.610795 0.5493099 0.4487731 0.3854257 18.69787 3.427307 1 0.0 0.038592071983708 1.9519569442538942 0.0 0.0
-0.003811848 -0.03233533 -2.830278 -4.982788 0.6180561 0.4699899 0.6026853 18.60804 3.077707 0 0.0 0.032559234502426565 5.730501706676999 0.0 0.0
-0.0008795314 -0.01541709 -4.950862 -10.54193 0.3536724 0.3043607 0.03665792 17.4967 5.405353 1 0.0 0.01544215786578048 11.646601335494575 0.0 0.0
-0.00551044 -0.04467594 -4.32058 -7.753445 0.1207281 0.1065731 0.184979 16.05116 2.500904 1 0.0 0.045014492820392854 8.875996896373104 0.0 0.0
-0.002277681 -0.003057487 -6.900021 -2.171064 0.2708375 0.2361943 0.1895775 17.21768 4.019702 0 0.0 0.0038126181939619917 7.233519799692055 1.0 0.0
-0.02697745 0.0003020843 -2.501889 -8.733944 1.583401 1.338166 0.5079561 20.10423 1.946974 0 0.0 0.026979141265555628 9.085220215462968 0.0 0.0
0.004355042 -0.03509909 -2.879017 -5.316287 1.491187 2.014208 0.7764869 19.29012 nan 0 0.0 0.035368241540255634 6.045795758430647 0.0 0.0
-0.002524541 0.003616321 -7.270735 -2.860219 0.3974498 0.3269982 0.3597738 18.17867 4.366777 0 0.0 0.004410338403764727 7.813094148171133 1.0 0.0
-0.0279966 0.02058841 -1.41019 -3.876049 0.430777 0.3366445 0.4586549 18.19551 2.158182 1 0.0 0.03475186668206616 4.124608064592441 0.0 0.0
-0.006062992 0.0420855 -3.712543 -3.340513 0.507699 0.4867825 0.41686 16.54268 nan 0 0.0 0.04251998568017237 4.9941968953995 0.0 0.0
-0.02838402 0.0353016 1.081582 -4.147037 0.4900884 0.3817735 0.4482996 18.52955 2.138512 0 0.0 0.045297412221013245 4.285759617861576 0.0 0.0
-0.01431321 0.007414912 -1.020153 -8.389476 3.266109 2.760791 0.1309268 20.38928 nan 0 0.0 0.01611982941819931 8.451273258982045 0.0 0.0
-0.01223053 0.01591239 2.181258 -2.165827 0.5664583 0.458874 0.3682351 18.70619 3.057911 0 0.0 0.020069629283895603 3.073872648060261 0.0 0.0
0.0487128 0.003037829 -1.556042 -2.851441 0.2871635 0.2456819 -0.0004734128 17.70845 2.035686 0 0.0 0.04880743067272893 3.2483815173475232 0.0 0.0
-0.04211223 0.007087782 -1.320287 -6.340047 0.2715914 0.2365488 0.1595545 16.89062 5.066047 1 0.0 0.04270452633213983 6.476060046399972 0.0 0.0
-0.01735844 0.02177684 1.689134 -1.783113 0.4152082 0.3164896 0.4898229 18.18164 2.077482 0 0.0 0.027848630121052632 2.456148538001112 0.0 0.0
-0.001017046 0.03818703 -3.954536 -1.051886 0.9229215 0.9216191 0.2433453 19.10387 3.585546 0 0.0 0.038200571236396655 4.092043393256235 0.0 0.0
-0.01996177 0.01327155 -4.702029 -2.154899 2.688079 2.655594 0.8080814 20.27296 2.065241 0 0.0 0.023970947017908993 5.172297982235942 0.0 0.0
-0.0383892 0.02371351 1.654823 -3.450642 0.3209583 0.2756252 0.127725 17.89632 2.038328 1 0.0 0.045122735213638146 3.826926883740138 0.0 0.0
0.003672212 0.03842922 1.1704 -0.989958 0.09731596 0.08229427 -0.01651151 15.17633 2.447455 1 0.0 0.03860427555053124 1.5329230253877721 0.0 0.0
-0.02895102 -0.0005814893 -4.761187 -5.745998 2.044415 1.735318 0.4495017 20.18834 2.066906 0 0.0 0.02895685909843149 7.462264714211966 0.0 0.0
-0.02629273 0.003054544 -2.488254 -4.736535 0.2688647 0.2303025 0.2031215 17.96141 2.342451 1 0.0 0.02646956535156624 5.3503431455132855 0.0 0.0
0.0004908576 -0.04161451 -2.701693 -9.6053 0.563908 0.4434514 0.5666964 18.21447 nan 0 0.0 0.041617404817258584 9.978022507303187 0.0 0.0
-0.0004684922 0.01221467 -4.207095 -6.009133 0.8225345 0.8454227 0.5065374 19.13601 3.001451 0 0.0 0.012223651179183772 7.335484152441064 0.0 0.0
-0.04106535 -0.007470639 -9.419249 -5.180237 1.301195 1.586932 0.8653734 19.11929 nan 0 0.0 0.04173935094956342 10.74974916452333 0.0 0.0
-0.04799957 -0.009834573 0.3853077 -1.484083 0.4574258 0.3569685 0.4649147 18.37419 2.120583 0 0.0 0.04899670954540957 1.5332854837140701 0.0 0.0
0.001560296 0.01007843 1.091431 0.755344 2.221614 2.1192 0.7450674 20.30692 2.939693 0 0.0 0.010198493755085403 1.327315405657977 0.0 0.0
0.04749901 -0.01559266 0.02500245 -1.740757 0.2487842 0.2116325 0.1785623 17.7929 1.607836 0 0.0 0.04999286946011101 1.7409365455280106 0.0 0.0
0.04013217 0.003178412 2.878302 0.05412435 0.2488624 0.2215867 0.210866 17.73248 1.891056 0 0.0 0.04025783615335832 2.8788108392992626 0.0 0.0
0.0006279224 -0.03312491 -3.317652 -0.4879435 0.586584 0.437562 0.5398743 18.37571 3.104662 1 0.0 0.03313086097656567 3.353342161530232 0.0 0.0
-0.04498557 -0.006617587 1.501612 -1.215921 0.616002 0.4880702 0.4807436 18.61652 nan 0 0.0 0.045469703824936765 1.9321755812516108 0.0 0.0
-0.00244314 0.04406928 -5.122894 -2.394773 1.405559 1.730439 0.8589815 19.1562 2.131998 0 0.0 0.04413695019796905 5.654996079288208 0.0 0.0
-0.02426429 0.004104024 -0.1813765 -9.141628 1.404534 1.12716 0.1718305 20.07997 2.672859 0 0.0 0.0246089167213162 9.143427143316464 0.0 0.0
0.00312406 0.04967877 0.1529624 -8.700232 1.753514 1.571596 0.4084317 19.96838 2.604509 0 0.0 0.04977690166730448 8.701576543916497 0.0 0.0
-0.00035889 0.03297235 -1.937593 -11.9455 0.3295456 0.2845764 0.1175517 17.87837 3.972708 1 0.0 0.03297430312462418 12.101621250214741 0.0 0.0
-0.0003039499 -0.004606232 -7.204464 -2.254716 0.3385292 0.2888126 0.197285 17.89315 3.955025 0 0.0 0.004616249427785939 7.549042705399937 1.0 0.0
0.04296082 0.01674629 3.299521 0.1427288 1.95042 2.647673 0.84966 19.44291 nan 0 0.0 0.0461093296832268 3.3026065977936945 0.0 0.0
-0.01831531 0.003986849 -3.489633 -8.416734 0.5520774 0.4481373 0.2744207 18.81055 2.403353 0 0.0 0.01874421364968136 9.111473519768632 0.0 0.0
-0.03484469 -0.001315516 -1.510655 -3.016846 1.702967 2.173727 0.8510902 19.33339 nan 0 0.0 0.034869513956210456 3.3739351381941236 0.0 0.0
0.011845 0.04699457 1.602986 1.415291 0.6413048 0.5544733 0.4131082 18.85273 2.563202 0 0.0 0.04846435426666593 2.138366837302945 0.0 0.0
-0.001043713 -0.04662321 1.708188 1.965322 1.317696 1.715491 0.8298456 19.19541 2.083508 0 0.0 0.046634890881511334 2.6039195085539797 0.0 0.0
0.0007651815 0.002058042 -7.394655 -1.396762 0.7779941 0.7298543 0.3879203 19.08354 3.237143 0 0.0 0.0021956865900456396 7.525414716390652 1.0 0.0
0.04248118 -0.0205937 -0.2082683 -3.605309 0.6085111 0.5190691 0.2519058 19.04489 2.699036 0 0.0 0.04720965085533254 3.611319519270746 0.0 0.0
-0.03139019 -0.002914805 -0.9658297 -6.132958 1.48539 1.224713 -0.02497209 20.06479 2.126966 0 0.0 0.03152522983935446 6.2085425696507945 0.0 0.0
-0.007784642 -0.04853463 0.06245555 -2.581915 1.659916 1.790165 0.5304428 20.12843 2.143341 0 0.0 0.049154968826203765 2.582670277629493 0.0 0.0
0.0008199474 -0.006837832 -6.130526 -0.9574811 0.7920455 0.7676496 0.376567 19.0694 3.217529 0 0.0 0.0068868178572538685 6.2048464198183995 0.0 0.0
-0.01464054 -0.005839294 -2.069789 -3.774242 2.050369 1.800412 0.5701124 20.13026 1.925741 0 0.0 0.015762067310795116 4.304524268613781 0.0 0.0
0.0007103446 0.000612272 -6.676886 -2.627617 0.2600103 0.2322633 0.2185221 16.62519 4.179396 1 0.9968058 0.0009377987271974514 7.1753172581903994 0.0 0.0
0.01129317 0.01232094 -0.9255448 -5.342826 0.5253739 0.3906095 0.5872461 18.28269 2.176003 0 0.0 0.016713505052277335 5.422400099871185 0.0 0.0
-0.0168877 -0.01031805 -14.70474 -11.07155 1.686863 1.460821 0.3864958 20.09547 nan 0 0.0 0.019790314982144674 18.406754137275264 0.0 0.0
-0.02533323 0.003077644 -4.824492 -7.7611 0.486465 0.3934177 0.4073414 18.51847 nan 0 0.0 0.025519491272821958 9.138402282021952 0.0 0.0
-0.04125382 -0.01713524 -1.536822 -2.099713 1.735306 2.24321 0.8437018 19.58594 nan 0 0.0 0.04467095381173318 2.602040841734234 0.0 0.0
0.02852943 -0.02341044 -2.300136 -8.149098 0.6137541 0.5488559 0.1932157 16.94333 4.007936 0 0.0 0.03690497360950825 8.46749218081127 0.0 0.0
0.001395654 -0.002265923 -7.59973 -2.323204 0.4148901 0.3559095 0.1637782 17.83479 3.94558 0 0.0 0.002661251045964097 7.946897061024259 1.0 0.0
0.00816423 -0.03736141 -0.2830318 -7.472412 0.6615806 0.4900415 0.5935197 18.68986 2.319647 0 0.0 0.038243033465992206 7.477770262421496 0.0 0.0
0.001039338 0.003858577 -9.316266 -3.524955 0.6808614 0.526972 0.5485109 18.27926 3.910328 0 0.0 0.003996103094662724 9.960829279471715 0.0 0.0
0.03751866 -0.02536992 -1.131573 -1.546444 0.6933565 0.6369854 0.3355368 19.11854 2.240368 0 0.0 0.04529108840602089 1.916232370946958 0.0 0.0
0.001066972 0.02798844 -6.706908 -2.927272 0.3482973 0.300501 0.0885595 17.67581 4.425957 0 0.0 0.02800877010656455 7.317891518904062 0.0 0.0
0.002163106 -0.008375173 -1.631052 -9.605066 0.5017171 0.3852522 0.5526509 18.12068 2.936493 0 0.0 0.00865000291024026 9.742567602591219 0.0 0.0
0.01082161 -0.04701662 -1.765107 -0.07478355 0.7727317 0.6972254 0.00710219 19.20801 2.168829 0 0.0 0.04824593039020493 1.766690493776316 0.0 0.0
-0.02451065 0.002356841 -0.9799163 -11.62199 0.6150979 0.5062789 0.36648 18.57924 nan 0 0.0 0.0246237012433505 11.663228005792638 0.0 0.0
-0.03417788 -0.03176233 -1.787172 -8.414171 1.408643 1.455114 0.3967061 19.94585 2.496071 0 0.0 0.04665804419736537 8.601875224323182 0.0 0.0
-0.008666555 0.01958244 -0.2478315 -4.346952 0.4871817 0.3936965 0.3383574 18.41652 2.315538 0 0.0 0.021414507510601893 4.354011040718231 0.0 0.0
0.00188907 -0.00343895 -7.163629 -2.768077 0.6386395 0.4868979 0.5736119 18.42141 3.877682 0 0.0 0.0039236414932304915 7.679832727837892 1.0 0.0
-0.0051567 0.01211919 -2.777522 0.003534737 0.2043129 0.1715436 -0.009026874 15.94921 3.776936 1 0.0 0.013170661378461599 2.7775242491920134 0.0 0.0
0.04163384 -0.0140264 -4.239056 -2.299997 1.528848 2.000011 0.8293201 19.34945 1.798439 0 0.0 0.04393309151545791 4.822818882266366 0.0 0.0
0.03354342 -0.02932264 -0.8842563 -7.373245 0.5685315 0.4322833 0.5460378 18.46393 2.593414 0 0.0 0.04455309463848724 7.426079115799581 0.0 0.0
0.04612735 -0.01853896 -1.256901 -1.114014 0.6918286 0.6571845 0.2411388 19.05859 nan 0 0.0 0.049713433354618544 1.6795318740640204 0.0 0.0
