jas1101finalproject/data/gcs/Terzan_10.ecsv
# %ECSV 0.9
# ---
# datatype:
# - {name: x, unit: deg, datatype: float64}
# - {name: y, unit: deg, datatype: float64}
# - {name: pmx, unit: mas / yr, datatype: float64}
# - {name: pmy, unit: mas / yr, datatype: float64}
# - {name: pmx_e, unit: mas / yr, datatype: float64}
# - {name: pmy_e, unit: mas / yr, datatype: float64}
# - {name: pm_corr, datatype: float64}
# - {name: g_mag, unit: mag, datatype: float64}
# - {name: bp_rp, unit: mag, datatype: float64}
# - {name: filter, datatype: int64}
# - {name: memberprob, datatype: float64}
# - {name: r, unit: deg, datatype: float64}
# - {name: pm, unit: mas / yr, datatype: float64}
# - {name: member_prob_GMM, datatype: float64}
# - {name: member_prob_DB, datatype: float64}
# meta: !!omap
# - comments: [deg deg mas/yr mas/yr mas/yr mas/yr dimless mag   mag   zeroone float]
# - __serialized_columns__:
#     bp_rp:
#       __class__: astropy.units.quantity.Quantity
#       unit: &id001 !astropy.units.Unit {unit: mag}
#       value: !astropy.table.SerializedColumn {name: bp_rp}
#     g_mag:
#       __class__: astropy.units.quantity.Quantity
#       unit: *id001
#       value: !astropy.table.SerializedColumn {name: g_mag}
#     pm:
#       __class__: astropy.units.quantity.Quantity
#       unit: !astropy.units.Unit {unit: mas / yr}
#       value: !astropy.table.SerializedColumn {name: pm}
#     pmx:
#       __class__: astropy.units.quantity.Quantity
#       unit: !astropy.units.Unit {unit: mas / yr}
#       value: !astropy.table.SerializedColumn {name: pmx}
#     pmx_e:
#       __class__: astropy.units.quantity.Quantity
#       unit: !astropy.units.Unit {unit: mas / yr}
#       value: !astropy.table.SerializedColumn {name: pmx_e}
#     pmy:
#       __class__: astropy.units.quantity.Quantity
#       unit: !astropy.units.Unit {unit: mas / yr}
#       value: !astropy.table.SerializedColumn {name: pmy}
#     pmy_e:
#       __class__: astropy.units.quantity.Quantity
#       unit: !astropy.units.Unit {unit: mas / yr}
#       value: !astropy.table.SerializedColumn {name: pmy_e}
#     r:
#       __class__: astropy.units.quantity.Quantity
#       unit: &id002 !astropy.units.Unit {unit: deg}
#       value: !astropy.table.SerializedColumn {name: r}
#     x:
#       __class__: astropy.units.quantity.Quantity
#       unit: *id002
#       value: !astropy.table.SerializedColumn {name: x}
#     y:
#       __class__: astropy.units.quantity.Quantity
#       unit: *id002
#       value: !astropy.table.SerializedColumn {name: y}
# schema: astropy-2.0
x y pmx pmy pmx_e pmy_e pm_corr g_mag bp_rp filter memberprob r pm member_prob_GMM member_prob_DB
[from data line 227]
-0.01302587 0.01799894 -5.336709 -7.961099 2.425489 2.129127 0.344698 20.2291 2.529997 0 0.0 0.02221790112455495 9.584339321960694 0.0 0.0
-0.02695332 0.01458622 -6.39969 -2.64151 0.3134881 0.2714518 0.06217086 17.78531 4.066618 1 0.934124 0.030647010831577032 6.9234100829143435 0.0 0.0
-0.01135311 0.0152182 0.7338004 3.140477 1.468363 1.939545 0.8394869 19.36003 2.626684 0 0.0 0.01898648777188925 3.225067257371412 0.0 0.0
-0.03376701 -0.03100499 -1.739599 -4.081316 1.862422 1.555604 0.5635358 20.16304 2.37808 0 0.0 0.04584234253656983 4.436591594079514 0.0 0.0
-0.03001492 -0.02096178 -1.184307 -7.116669 0.5080008 0.4141204 0.3652409 18.42992 3.671314 1 0.0 0.03660999376365421 7.214538150554753 0.0 0.0
-0.03008148 0.02480504 -4.485262 -2.551776 0.5435856 0.4465447 0.4958419 18.44261 3.588387 1 2.033575e-05 0.03898955563214333 5.160342620681305 0.0 0.0
-0.04038469 0.005978314 1.652855 0.7325967 0.9917829 1.008286 0.4165338 19.49788 nan 0 0.0 0.04082478934028559 1.8079346160400518 0.0 0.0
-0.02475751 0.002948067 -6.100779 -6.383325 0.6897218 0.5594543 0.3477178 18.34527 4.133884 0 0.0 0.024932416658571006 8.829855177887461 0.0 0.0
0.04122531 -0.006570427 -0.0506897 -1.090055 0.527577 0.401555 0.5481849 18.24955 1.715714 0 0.0 0.04174561887861323 1.0912329488753032 0.0 0.0
-0.02160188 -0.01321037 3.763429 -2.137013 0.6330051 0.5120904 0.3830001 18.76462 3.635237 0 0.0 0.025321040560595056 4.327842695871698 0.0 0.0
-0.02902961 -0.01529289 -5.091044 -7.414909 0.8213025 0.7951025 0.4310728 19.05018 3.474905 0 0.0 0.032811442231395434 8.994420742227762 0.0 0.0
0.005615589 -0.03718579 2.702078 -1.317604 0.2758878 0.2343002 0.1299498 17.68387 3.058104 0 0.0 0.037607417057556894 3.006211206635356 0.0 0.0
-0.01222797 -0.008644727 -1.759968 -3.794197 1.470893 1.248052 0.464475 20.07806 2.655376 0 0.0 0.01497513122564971 4.18251338740631 0.0 0.0
-0.01937956 -0.02572981 -2.033615 -4.147553 0.6265625 0.5616168 0.3166721 19.00191 2.705256 0 0.0 0.03221165112858544 4.619284128091062 0.0 0.0
-0.02846162 0.01606216 -1.382044 -10.18173 0.6440951 0.506409 0.3488727 18.53567 3.655033 0 0.0 0.032681138243488395 10.275099581553262 0.0 0.0
0.002272964 0.002510064 -6.894947 -2.5881 0.2557366 0.2265399 0.233602 16.59879 4.279757 1 0.9987509 0.0033862644063026148 7.364683003552088 1.0 0.0
-0.0286252 0.01227221 -4.437549 -7.994306 0.6676025 0.6426768 0.4409727 19.00083 3.751068 0 0.0 0.031144970915447972 9.143345643091319 0.0 0.0
-0.03630805 0.03243457 -0.9339246 -3.152427 1.707854 1.498595 0.3605597 20.13904 nan 0 0.0 0.04868547859359503 3.2878581400075886 0.0 0.0
-0.04229221 -0.02592658 -0.5000046 -1.721337 0.2713024 0.2432677 0.174823 17.4285 3.549903 1 0.0 0.049606638438625325 1.7924858904856573 0.0 0.0
-0.01184517 0.0008386497 -4.27675 -8.577487 1.510477 1.42995 0.3510251 20.02549 1.218927 0 0.0 0.011874821499635695 9.584564350958733 0.0 0.0
0.001587901 0.02403832 -2.651978 -1.230794 0.6588739 0.5326748 0.3507855 18.55251 3.436865 0 0.0 0.0240907089561142 2.923669130206084 0.0 0.0
0.01348682 0.0151741 1.113073 -5.467072 0.5882204 0.5247652 0.272694 18.99058 2.504242 0 0.0 0.020301419273597597 5.579230032586306 0.0 0.0
0.001258606 -0.0006294166 -6.034882 -1.175999 0.3119311 0.2690405 0.1554008 17.30743 3.976506 0 0.0 0.0014072150935772257 6.148396083689224 0.0 0.0
-0.02824062 0.009163329 -1.057369 -4.260908 0.8334512 0.6522585 0.473175 18.42764 2.608894 0 0.0 0.029690052481372294 4.390144210231026 0.0 0.0
-0.0009067103 -0.04522894 -6.692447 -5.082499 0.3056379 0.2626626 0.1641707 17.34689 3.784899 1 0.0 0.045238027555273966 8.403608923124041 0.0 0.0
-0.02840049 -0.009912104 3.404764 -3.391653 0.4823175 0.4138095 0.1932575 18.2951 3.175831 1 0.0 0.030080519243306222 4.805801490709432 0.0 0.0
-0.01154621 0.02719442 2.308623 -0.1080655 0.6835918 0.6332302 0.3826452 18.95903 3.051161 0 0.0 0.02954405937748738 2.311150862323628 0.0 0.0
0.01024728 -0.03414197 -2.971857 -2.599796 0.1722713 0.1463758 0.08516546 15.89309 3.040304 1 0.0 0.03564661081897268 3.9485279877525246 0.0 0.0
0.04547584 -0.002282372 -2.98818 -4.29516 0.9640877 0.7040718 0.4528801 18.9126 2.327862 0 0.0 0.045533078587461924 5.232362672636521 0.0 0.0
-0.04370329 0.009709804 4.661803 -4.101141 0.5629977 0.4959717 0.3824047 18.98816 2.376356 0 0.0 0.04476893845673042 6.20900674123406 0.0 0.0
0.01170715 0.03961697 1.881553 -0.6376956 0.5542298 0.4421578 0.3241837 18.7193 2.210567 0 0.0 0.041310551595245014 1.9866799868293736 0.0 0.0
-0.0277393 -0.02388709 -2.823605 -6.39898 0.7297211 0.5992167 0.3976241 18.49536 4.23632 0 0.0 0.036606855002282015 6.994261235929424 0.0 0.0
0.000381301 -0.02360152 -5.65596 -5.737584 0.3001614 0.2578382 0.1693036 17.58956 4.521644 1 0.0 0.023604599906861395 8.056658965021171 0.0 0.0
0.001176442 0.006950388 -2.045336 1.451863 2.073673 1.98915 0.6070547 20.13905 2.127226 0 0.0 0.007049248834443852 2.5082475004801656 0.0 0.0
0.007451885 -0.03452514 0.5733587 -0.2609411 0.07327262 0.06038582 0.0136493 14.50041 2.233921 1 0.0 0.03532019085555492 0.6299448043558261 0.0 0.0
0.04163287 -0.01675009 -9.751741 -7.158189 0.6648176 0.5153203 0.5029029 18.13408 3.407951 0 0.0 0.044876066889211676 12.09694681689566 0.0 0.0
-0.04119755 -0.021257 -3.73045 -9.788051 1.671949 1.545057 0.4292272 20.1547 2.525208 0 0.0 0.04635836682846474 10.474836494241854 0.0 0.0
0.04224252 0.001653699 0.8188064 -1.127958 0.6488696 0.5629351 0.2895143 19.01682 1.924316 0 0.0 0.04227487689317381 1.393819633397722 0.0 0.0
-0.02626817 0.01579182 -2.50069 -3.902121 0.6740071 0.5458608 0.3872257 18.71438 3.957926 0 0.0 0.030649605773342338 4.634651958318014 0.0 0.0
-0.02619006 0.03431601 0.2205688 -10.25283 0.6517938 0.5635838 0.4456893 18.94036 3.120386 0 0.0 0.04316836556002208 10.255202270283773 0.0 0.0
-0.01685837 -0.0235951 -4.319734 1.657936 1.171865 1.068129 0.1974957 19.97935 3.032873 0 0.0 0.028998851409442066 4.626970240973244 0.0 0.0
-0.03969107 -0.01834205 -0.3247362 -4.648323 0.4426625 0.3663644 0.3164464 18.0703 3.684944 0 0.0 0.04372427055935182 4.65965238101722 0.0 0.0
0.04190932 -0.01019272 -2.239959 -0.6469333 1.454836 1.894936 0.8364832 19.14404 nan 0 0.0 0.043130994005016854 2.3315100292149484 0.0 0.0
-0.02549203 -0.02307023 -5.213626 -1.490593 0.520024 0.4224838 0.354531 18.39259 4.197691 0 0.0 0.03438137731059941 5.422523726045373 0.0 0.0
-0.02739168 0.01322618 -0.1557908 -2.486199 0.5770742 0.4499876 0.3579918 18.60711 2.267609 0 0.0 0.030417691737125618 2.4910753182040963 0.0 0.0
-0.00164775 0.03717232 -9.332631 -8.416512 0.3643731 0.3293462 0.2625289 17.42533 4.482813 0 0.0 0.03720882226360975 12.56724614338022 0.0 0.0
0.004630744 0.006568832 0.6727717 -3.901959 0.2268216 0.1921711 0.1647327 17.41251 2.013479 0 0.0 0.008036998434599821 3.9595335328800907 0.0 0.0
-0.01157174 0.007993142 -2.20112 -5.146085 0.7519543 0.6632184 0.4925182 18.83581 1.876118 0 0.0 0.014063978301311618 5.597063523100752 0.0 0.0
0.01239187 0.03161938 -1.543311 -3.751523 0.2273469 0.2056615 0.2367766 17.50513 2.21316 0 0.0 0.03396091332224886 4.05656673336579 0.0 0.0
-0.0005507742 0.01915361 -4.274274 -5.730342 0.5857971 0.4619376 0.3214928 18.53362 3.627712 0 0.0 0.019161527294333448 7.148862683255289 0.0 0.0
-0.02495582 0.03308223 -6.491337 -8.513192 0.7705219 0.6404433 0.5486625 18.58157 4.04715 0 0.0 0.041439436454243674 10.70569446960042 0.0 0.0
-0.02494581 -0.01391484 0.5662519 -8.583492 0.5527495 0.4434364 0.3596235 18.50244 3.174067 0 0.0 0.02856424703684135 8.602149506275603 0.0 0.0
0.008027091 -0.03903796 -4.366997 -10.76152 1.817589 2.460797 0.7838405 19.59665 nan 0 0.0 0.03985469245752476 11.613826910558336 0.0 0.0
-0.01818072 0.01994375 -5.017924 -13.72669 0.2766777 0.238019 0.05542481 17.71363 3.31501 1 0.0 0.026986880956881624 14.615114766086375 0.0 0.0
0.01981382 -0.02242636 -5.157574 -6.929642 0.3498498 0.3176463 0.2840899 17.65538 2.930977 0 0.0 0.029925391991451004 8.638316260339165 0.0 0.0
-0.02457377 0.04191142 1.356948 -3.110549 0.6840604 0.516065 0.3900667 18.54913 3.419811 0 0.0 0.0485843318203441 3.3936444946554136 0.0 0.0
0.01731964 -0.02254994 -6.420871 -2.214166 0.2387018 0.231506 0.3810652 16.51264 4.073792 1 0.9576773 0.02843360201826705 6.791915449576577 0.0 0.0
0.02774096 0.003483364 1.430125 -8.355678 0.7859851 0.6028285 0.4423699 18.47454 3.219643 0 0.0 0.02795880338065447 8.47718186399873 0.0 0.0
-0.002195288 -0.01130677 -8.729373 -2.288059 0.5966496 0.4551947 0.44998 18.09301 3.820705 0 0.0 0.011517913753620662 9.024254371448647 0.0 0.0
-0.0332655 0.03668505 8.891896 0.3998008 1.676981 1.378239 0.07581189 20.13243 2.351175 0 0.0 0.049521574932068754 8.900879459609406 0.0 0.0
-0.0431774 -0.003832177 1.945298 1.061924 1.435123 1.45917 0.2984355 19.78694 nan 0 0.0 0.04334712737101882 2.2162731985429955 0.0 0.0
0.03543377 -0.0316597 -5.206545 -2.25474 0.3530398 0.3041277 -0.02936283 17.99322 2.938662 1 0.0002064815 0.04751724592716733 5.673796198721364 0.0 0.0
0.0113763 0.02138084 1.022441 -6.596123 1.861163 1.761686 0.6154855 20.22197 2.327656 0 0.0 0.0242190115569484 6.674895072554325 0.0 0.0
0.04610904 0.004557133 -1.645229 -1.337949 0.5261678 0.3933027 0.4348288 18.10685 2.576643 0 0.0 0.046333692178600325 2.1205862371151047 0.0 0.0
-0.0239571 -0.02342086 -2.160531 0.1430064 0.4805744 0.3908917 0.3818067 18.43112 3.6411 0 0.0 0.033503422564711206 2.165258652540606 0.0 0.0
-0.03728168 -0.01007863 0.235546 -4.691218 0.6017546 0.508926 0.279509 18.97841 3.915766 0 0.0 0.03861997470609348 4.697127658648421 0.0 0.0
0.04277173 0.02452643 -0.9692345 -8.030009 0.8071662 0.6705415 0.3395316 18.96561 3.604267 0 0.0 0.04930483399969825 8.088291541238561 0.0 0.0
-0.03728181 -0.009676176 -2.616035 -5.459082 0.774049 0.6819783 0.3477715 18.97016 3.695843 0 0.0 0.03851703180229593 6.053529169331639 0.0 0.0
-0.04802639 -0.01127082 -10.95378 -9.337704 1.763423 1.489544 0.4787966 20.30286 2.983402 0 0.0 0.04933118202419744 14.393679594878302 0.0 0.0
-0.01236574 -0.00186221 -1.388398 -6.267302 1.885011 1.611106 0.4285741 20.33475 2.493803 0 0.0 0.012505173002869652 6.419246323799079 0.0 0.0
-0.001318782 0.0459671 -3.698742 -9.051145 0.2661122 0.2270885 0.195733 17.92545 1.969124 1 0.0 0.04598601383435537 9.777725614558276 0.0 0.0
-0.02624011 0.0129022 1.007374 -1.714438 0.6732962 0.6771714 0.2013287 19.20172 2.816786 0 0.0 0.029240556384106307 1.988491898831876 0.0 0.0
-0.02420668 -0.00934468 -4.604466 -8.702229 0.6196645 0.4948748 0.3126973 18.78364 nan 0 0.0 0.02594776292717351 9.845298203386072 0.0 0.0
0.03333278 0.0009527614 -0.7464802 -2.006103 0.3338568 0.333914 0.5408039 17.89832 1.902052 0 0.0 0.03334639376025134 2.140486378279722 0.0 0.0
-0.02286282 -0.01295311 -6.958967 -2.236657 0.4451386 0.3685497 0.1822063 18.03799 3.48218 0 0.0 0.026277206796470966 7.3095729179438385 0.0 0.0
0.01389714 0.007235672 0.3591243 -3.793388 0.320242 0.2701699 0.1449536 17.82776 2.017113 1 0.0 0.015667975283079304 3.810349430353402 0.0 0.0
0.01677111 -0.02505993 -1.308997 -5.513726 0.1499531 0.1345302 0.2253195 16.59266 2.778671 1 0.0 0.030154107883288473 5.66697869672059 0.0 0.0
0.04242577 -0.02221874 0.04484547 -3.360242 0.539364 0.4028943 0.4882795 18.22281 nan 0 0.0 0.04789173589754813 3.360541238363773 0.0 0.0
-0.02242105 -0.02963088 0.4837851 -0.1268373 0.09803176 0.08127201 0.06172021 15.66843 1.462934 0 0.0 0.03715767124937864 0.5001357052373886 0.0 0.0
-0.02262236 0.01936886 -5.447076 -7.720155 1.504536 1.325587 0.196611 18.79025 3.425188 0 0.0 0.029781267764640244 9.448355950841448 0.0 0.0
-0.02243352 0.03550507 -0.5565988 -0.9792506 0.4959489 0.3918461 0.4574762 18.61723 2.399595 0 0.0 0.04199848586907985 1.126380913262383 0.0 0.0
-0.02198537 -0.01459899 -4.174121 -1.16961 0.305435 0.2585282 0.09878333 17.77368 3.956585 1 0.0 0.02639104020414883 4.334890272514519 0.0 0.0
-0.01398886 0.04623903 -0.4234131 -1.035379 0.436085 0.3349512 0.5054784 18.26134 2.228119 1 0.0 0.04830875799935763 1.1186099976723836 0.0 0.0
-0.03662178 -0.01656722 -0.5562522 -4.543705 0.5701392 0.5115935 0.3672285 18.88922 2.894106 0 0.0 0.04019486968378925 4.577627293372609 0.0 0.0
0.01764509 -0.04539621 -1.988502 -10.55719 0.6570968 0.5468348 0.5684384 18.33713 3.187202 0 0.0 0.048704877409477175 10.742830209032627 0.0 0.0
-0.02204496 0.01076492 -3.288249 -0.8073691 0.5613629 0.441701 0.3912268 18.24452 3.795307 0 0.0 0.02453291185342661 3.385915880472492 0.0 0.0
-0.03164366 0.02208475 -1.503884 -2.570493 1.99601 1.827923 0.2610644 20.24953 3.498625 0 0.0 0.03858830652876723 2.9781036497249387 0.0 0.0
-0.02139316 0.04468151 -2.262091 -3.319214 0.7782519 0.6661439 0.3991827 19.06736 4.261448 0 0.0 0.0495389203623343 4.016744611009891 0.0 0.0
-0.02130848 0.0313835 0.8950574 -1.127697 0.6854397 0.5362959 0.4667637 18.73798 3.587543 0 0.0 0.03793382912599782 1.439732014335918 0.0 0.0
-0.02974415 -0.007884926 -0.135828 -4.372448 1.629942 1.622295 0.08628352 19.96435 2.043705 0 0.0 0.030771521204645963 4.374557207111138 0.0 0.0
-0.02802357 0.01867914 -1.997225 -5.668982 0.6993239 0.6259356 0.3078839 19.09212 3.105701 0 0.0 0.03367834239811247 6.010512841426179 0.0 0.0
-0.02214638 -0.03282373 -5.867749 -9.958626 0.6055343 0.4643189 0.5811617 18.43443 4.963367 1 0.0 0.039596204341038804 11.558750370817643 0.0 0.0
-0.02119172 -0.007728571 -2.661664 -4.090791 0.65741 0.5232146 0.3042927 18.62741 3.462708 0 0.0 0.022557034518314704 4.880473978475554 0.0 0.0
-0.0016479 0.047863 3.460046 -1.906179 3.11161 2.962682 0.6881039 20.5484 2.141935 0 0.0 0.04789135979913287 3.9503717169599373 0.0 0.0
-0.0212797 0.0239334 -3.208872 -4.584185 1.367563 1.272951 0.5215102 20.08445 3.265167 0 0.0 0.03202550963919232 5.595677941644694 0.0 0.0
0.0006283117 0.0394745 -7.200625 -8.014867 0.6929514 0.6297111 0.4951842 19.04348 nan 0 0.0 0.03947950007082609 10.77437206607949 0.0 0.0
0.01271836 0.007958691 -7.854574 -5.105754 1.830143 1.74469 0.6310631 20.17178 2.593124 0 0.0 0.015003247765836603 9.3681938830274 0.0 0.0
0.03853649 -0.01397193 1.239549 -1.891941 2.412922 2.138895 0.6503039 20.05675 2.060923 0 0.0 0.040991168432297706 2.2618405051820076 0.0 0.0
0.04353317 0.007560285 8.091576 -2.235309 1.337007 1.138618 0.4702938 18.70847 2.306032 0 0.0 0.044184780179719406 8.394653565767738 0.0 0.0
0.02003941 0.01455709 0.2149882 -4.177283 0.2554981 0.2189905 0.2244833 17.8209 1.97986 1 0.0 0.024768666141239824 4.182811636713783 0.0 0.0
-0.03682225 0.01078219 0.9501845 -3.165817 0.559035 0.441233 0.4689684 18.44965 3.811518 1 0.0 0.038368394757385925 3.3053362705675275 0.0 0.0
0.02803691 -0.01996947 2.945513 1.2252 0.7273983 0.5652988 0.50556 18.3533 3.38607 0 0.0 0.0344216219029406 3.190166433459076 0.0 0.0
0.04210232 -0.007057112 0.2258182 -1.326515 0.1087325 0.09105154 0.05153775 16.03144 1.566966 0 0.0 0.042689672980276434 1.3455987160651723 0.0 0.0
-0.006825922 -0.04240435 -0.2452731 -7.028157 1.24272 1.042223 0.4944871 18.99562 3.145094 0 0.0 0.042950228288946075 7.032435546112927 0.0 0.0
-0.002634928 0.03609274 -3.34321 -7.382484 1.506842 1.29233 0.05237204 19.96954 nan 0 0.0 0.03618879282696211 8.104204039531334 0.0 0.0
0.001450832 0.02615357 -0.2583769 -3.092264 1.383923 1.400731 0.3714679 19.89207 nan 0 0.0 0.026193780506775344 3.1030396820133657 0.0 0.0
-0.002607512 0.03634451 -2.967207 4.061533 1.869412 2.466358 0.8334 19.48678 nan 0 0.0 0.03643792702624895 5.029947086296038 0.0 0.0
-0.01104865 -0.01525357 -1.122168 -2.984768 0.41127 0.337493 0.3418065 17.93597 nan 0 0.0 0.01883465063566086 3.1887459971041907 0.0 0.0
-0.04397011 -0.009855879 -3.552281 -10.64092 0.3719322 0.3320772 0.2141112 17.64948 4.793011 0 0.0 0.04506116869628151 11.218194094833668 0.0 0.0
0.005918999 0.001512393 -3.129914 -3.487783 0.7389641 0.5675534 0.5753223 18.59548 3.059139 0 0.0 0.006109163751975389 4.68625563776508 0.0 0.0
0.02381501 -0.02450802 -3.146446 -5.213306 0.1557048 0.1357731 0.3251658 16.55948 1.701952 1 0.0 0.03417305584258598 6.08922670628644 0.0 0.0
