jas1101finalproject/data/gcs/Terzan_6_HP_5.ecsv
# %ECSV 0.9
# ---
# datatype:
# - {name: x, unit: deg, datatype: float64}
# - {name: y, unit: deg, datatype: float64}
# - {name: pmx, unit: mas / yr, datatype: float64}
# - {name: pmy, unit: mas / yr, datatype: float64}
# - {name: pmx_e, unit: mas / yr, datatype: float64}
# - {name: pmy_e, unit: mas / yr, datatype: float64}
# - {name: pm_corr, datatype: float64}
# - {name: g_mag, unit: mag, datatype: float64}
# - {name: bp_rp, unit: mag, datatype: float64}
# - {name: filter, datatype: int64}
# - {name: memberprob, datatype: float64}
# - {name: r, unit: deg, datatype: float64}
# - {name: pm, unit: mas / yr, datatype: float64}
# - {name: member_prob_GMM, datatype: float64}
# - {name: member_prob_DB, datatype: float64}
# meta: !!omap
# - comments: [deg deg mas/yr mas/yr mas/yr mas/yr dimless mag   mag   zeroone float]
# - __serialized_columns__:
#     bp_rp:
#       __class__: astropy.units.quantity.Quantity
#       unit: &id001 !astropy.units.Unit {unit: mag}
#       value: !astropy.table.SerializedColumn {name: bp_rp}
#     g_mag:
#       __class__: astropy.units.quantity.Quantity
#       unit: *id001
#       value: !astropy.table.SerializedColumn {name: g_mag}
#     pm:
#       __class__: astropy.units.quantity.Quantity
#       unit: !astropy.units.Unit {unit: mas / yr}
#       value: !astropy.table.SerializedColumn {name: pm}
#     pmx:
#       __class__: astropy.units.quantity.Quantity
#       unit: !astropy.units.Unit {unit: mas / yr}
#       value: !astropy.table.SerializedColumn {name: pmx}
#     pmx_e:
#       __class__: astropy.units.quantity.Quantity
#       unit: !astropy.units.Unit {unit: mas / yr}
#       value: !astropy.table.SerializedColumn {name: pmx_e}
#     pmy:
#       __class__: astropy.units.quantity.Quantity
#       unit: !astropy.units.Unit {unit: mas / yr}
#       value: !astropy.table.SerializedColumn {name: pmy}
#     pmy_e:
#       __class__: astropy.units.quantity.Quantity
#       unit: !astropy.units.Unit {unit: mas / yr}
#       value: !astropy.table.SerializedColumn {name: pmy_e}
#     r:
#       __class__: astropy.units.quantity.Quantity
#       unit: &id002 !astropy.units.Unit {unit: deg}
#       value: !astropy.table.SerializedColumn {name: r}
#     x:
#       __class__: astropy.units.quantity.Quantity
#       unit: *id002
#       value: !astropy.table.SerializedColumn {name: x}
#     y:
#       __class__: astropy.units.quantity.Quantity
#       unit: *id002
#       value: !astropy.table.SerializedColumn {name: y}
# schema: astropy-2.0
x y pmx pmy pmx_e pmy_e pm_corr g_mag bp_rp filter memberprob r pm member_prob_GMM member_prob_DB
[from data line 1008]
-0.008276224 0.02387049 -5.019819 -7.880387 0.4867784 0.3864374 0.05435236 18.52193 3.241564 1 0.1518908 0.025264524071081883 9.343397779316152 0.0 0.0
-0.02053568 0.01182752 -5.364564 -3.373057 1.590492 1.369417 0.3820454 19.85841 2.868567 0 0.0 0.023698193652951696 6.3368809705836355 0.0 0.0
0.02458797 -0.009158097 -10.55051 -12.87857 1.666499 1.46417 0.8437007 19.20048 2.859869 0 0.0 0.02623812130054873 16.648448171075884 0.0 0.0
-0.03096638 0.0003023817 -2.466859 1.226009 0.329646 0.2607289 0.1027012 17.6253 3.853889 1 0.0 0.030967856319043058 2.7547216545346283 0.0 0.0
-0.004491999 -0.00224849 -6.222969 -6.994664 0.8390241 0.6567349 -0.1780558 18.86071 3.133392 0 0.0 0.005023321838793629 9.362193527579795 0.0 0.0
0.002837823 0.02082859 -2.127124 -4.329951 2.209119 1.811053 0.6501194 20.25023 nan 1 0.04865483 0.02102102282876428 4.824223478838538 0.0 0.0
0.01825611 0.02018409 -2.775078 -6.859784 1.539179 1.341652 0.8414216 19.1776 3.167206 0 0.0 0.027215492673479197 7.399844216788622 0.0 0.0
0.008499859 0.02961158 0.3884054 -4.494071 0.3985378 0.3184052 0.1328217 17.12958 4.852855 0 0.0 0.030807357451042128 4.510823972157432 0.0 0.0
0.005522114 -0.027725 -0.5286214 -4.875012 0.5312995 0.427274 0.1584378 18.7669 2.34532 1 0.0 0.02826958379652937 4.903588745468155 0.0 0.0
0.005992499 -0.01151638 -5.722693 -7.289015 0.5682032 0.4545275 0.370167 18.80245 3.280817 1 0.8416076 0.01298218211894291 9.267089879917751 0.0 0.0
-0.01490188 0.01700894 -7.899415 -9.735983 1.884549 1.60151 0.8398881 19.44061 nan 0 0.0 0.022613493039731834 12.537548497155017 0.0 0.0
0.01384112 -0.02092043 -7.769242 -8.400997 1.885251 1.731347 0.8300391 19.27147 nan 0 0.0 0.025084676482651714 11.44280873949106 0.0 0.0
0.03197084 -0.002911836 -1.779539 -4.027836 0.5010501 0.3964821 0.310287 18.57103 2.736538 1 0.0 0.03210316805545048 4.403432967062971 0.0 0.0
0.01571919 -0.01781366 -1.669364 -5.246817 0.3616599 0.2916816 0.1647047 17.7862 4.138021 1 0.0 0.023757512850711034 5.505984452937095 0.0 0.0
0.01197002 0.02992974 -1.994098 -4.552057 1.603462 1.395075 0.8445923 19.27992 3.228769 0 0.0 0.03223461982508868 4.969673003815542 0.0 0.0
-0.0001362922 0.02425232 -4.985278 0.4320697 2.396619 2.081303 0.8390574 19.65057 nan 0 0.0 0.02425270296165318 5.003966522963767 0.0 0.0
0.01191123 -0.0223564 0.5925911 -1.237275 2.692855 2.317536 0.753898 19.97159 0.6770363 0 0.0 0.025331522281001984 1.371865021576179 0.0 0.0
0.0303833 0.007844228 -3.843469 4.554382 0.6444045 0.5211113 0.1605698 18.92465 2.889383 0 0.0 0.031379560733158514 5.959416863744724 0.0 0.0
0.01584859 -0.02370929 -6.168727 -7.107906 0.3415177 0.2668154 0.2028088 16.3233 5.269432 1 0.3763487 0.028518559523443676 9.411456874754567 0.0 0.0
0.02182266 -0.01256203 -2.578576 -5.226412 2.264457 1.948235 0.8461933 19.78056 2.417391 0 0.0 0.025180013645677398 5.827901559010756 0.0 0.0
-0.003841139 0.02717048 -5.102838 -5.380687 1.689103 1.432477 0.834068 19.38638 2.085445 0 0.0 0.027440651090083867 7.415574707749427 0.0 0.0
0.0184647 0.01955843 -1.564542 -5.674022 1.8598 1.497548 0.4694886 20.06328 nan 0 0.0 0.026897533904707695 5.885772449411207 0.0 0.0
0.002445132 -0.03163112 3.566878 0.9468553 1.516592 1.28981 0.8336344 19.17968 2.611408 0 0.0 0.0317254853855985 3.6904137472676544 0.0 0.0
-0.007961586 0.005336807 -2.054095 -1.129583 1.853381 1.44451 0.718781 19.5647 2.682667 1 0.0004245475 0.009584798411580966 2.3441979487479294 0.0 0.0
0.01394601 -0.01697796 -4.283313 -6.255874 0.4880259 0.3869837 0.220069 18.3839 3.353371 1 0.08037515 0.02197139778625156 7.581736592618145 0.0 0.0
0.002289547 0.003792163 -6.939828 -7.196547 1.608288 1.350685 0.5784093 19.96988 2.731396 0 0.0 0.004429732010379183 9.99757477555397 0.0 0.0
0.01875118 0.01709027 -0.3622107 -1.76792 3.269452 2.318079 0.1354182 20.3954 nan 0 0.0 0.025370929822639533 1.8046433768460985 0.0 0.0
-0.002040312 2.324759e-05 -3.444692 -6.791202 1.677775 1.414012 0.827197 19.50909 nan 1 0.3005796 0.0020404444387889633 7.614875414586111 0.0 0.0
0.009068613 -0.02498823 -3.848591 -6.629895 1.846677 1.523258 0.5630469 20.0973 3.366028 0 0.0 0.02658291519522772 7.66597419747197 0.0 0.0
-0.00300528 -0.003112459 -7.848057 -7.60151 2.100395 1.721284 0.4421695 20.05614 nan 0 0.0 0.004326558552138293 10.925884538807326 0.0 0.0
-0.004883189 -0.00311826 -6.148146 -7.143485 0.3954747 0.3327194 0.008471525 17.38257 3.988517 1 0.8557367 0.0057938830016942 9.424917887310265 0.0 0.0
-0.004803888 -0.02382252 -1.105042 -2.536057 0.3649941 0.2924422 0.2532514 17.63153 3.549608 0 0.0 0.024302053391986118 2.766351917058457 0.0 0.0
0.01650382 -0.004756083 3.754911 1.772114 3.318223 2.965953 0.3363242 20.72533 nan 0 0.0 0.01717545923972017 4.152077148478457 0.0 0.0
0.02790103 -0.00630944 -3.561408 -4.418797 0.9768865 0.8089241 0.641757 19.05284 3.239502 0 0.0 0.02860553282451666 5.6753320492877775 0.0 0.0
0.03144751 -0.007981393 0.662182 -0.4024669 0.9162839 0.7234039 0.3848305 19.09609 3.360668 0 0.0 0.032444545295327365 0.7748965135549457 0.0 0.0
0.004689424 0.00683048 -7.118542 -2.705873 1.994908 1.621199 0.7737753 19.63279 2.870537 1 2.823507e-05 0.008285297489057106 7.615470366162093 0.0 0.0
0.005211129 0.006986856 -2.116078 -8.116975 2.339846 1.934557 0.5478936 20.08951 nan 0 0.0 0.008716193103607618 8.388269741294028 0.0 0.0
-0.02948146 0.006118364 -11.56618 -9.806535 2.155508 1.830316 0.8190637 19.7476 1.731487 0 0.0 0.030109647320553195 15.163925893337286 0.0 0.0
0.01486451 0.01958959 -4.862288 -1.776258 2.106783 1.764066 0.7941122 19.6729 2.489399 1 6.152555e-05 0.02459076440268175 5.176575806216693 0.0 0.0
-0.009006874 0.02537341 -5.383031 -4.388178 0.4899702 0.3848123 0.07729793 17.26267 4.448441 0 0.0 0.026924593112616874 6.945007480675956 0.0 0.0
-0.008537481 0.02786254 -7.431834 -11.87325 1.319014 1.008572 0.3040688 19.83788 nan 1 0.0001497318 0.029141203082181783 14.00736314107891 0.0 0.0
-0.007593636 -0.02902977 -4.282688 -2.900368 1.710832 1.411227 0.8052384 19.51105 2.736767 1 0.0001863609 0.030006513525456368 5.172383497070572 0.0 0.0
0.02878929 -0.001383025 2.526619 3.642391 2.377463 1.955903 0.7559696 20.08915 nan 0 0.0 0.028822490816283124 4.432924065223991 0.0 0.0
0.02717171 -0.002967552 -8.20603 -10.2991 2.022608 1.725845 0.3937437 19.92765 1.960751 0 0.0 0.027333279883629116 13.168537852430694 0.0 0.0
-0.001179629 0.004379647 1.601233 -1.952453 2.65613 2.334064 0.833309 19.85324 nan 0 0.0 0.004535728433476811 2.5250781844327115 0.0 0.0
-0.000736198 0.004284284 -3.386422 -5.896939 1.643655 1.405912 0.8289253 19.38029 nan 1 0.4290724 0.004347076821021225 6.8001281996595475 0.0 0.0
-0.01448045 -0.009232297 -8.036632 -1.59099 2.208843 1.846998 0.6844355 20.14209 2.475536 0 0.0 0.017173198307208502 8.192600507990367 0.0 0.0
0.02541923 -0.02143783 -6.560487 -8.082118 1.812613 1.434725 0.5362972 19.90985 nan 0 0.0 0.03325233539019177 10.409640773969723 0.0 0.0
0.0004115081 0.00545349 0.3475477 -2.563814 0.5231997 0.4282508 0.2549116 18.71051 2.228338 1 0.0 0.005468993700532632 2.587263347703764 0.0 0.0
-0.01578162 -0.02626131 -3.579186 1.493989 0.3204919 0.2570444 0.2182723 17.36198 3.68669 1 0.0 0.030638471449151963 3.8784759319502036 0.0 0.0
-0.008276631 0.02851106 -2.094552 -3.106216 1.734397 1.46475 0.8312923 19.45178 2.339821 0 0.0 0.029688098002966797 3.7464284217585155 0.0 0.0
-0.02528309 0.01079449 2.355775 -0.854103 1.826928 1.527937 0.5416126 20.15453 nan 0 0.0 0.027491010427196014 2.505826766804521 0.0 0.0
0.0109467 -0.0197394 -5.225707 -7.102931 0.5053969 0.4097525 0.105415 18.58312 3.257717 1 0.6803218 0.022571534135942112 8.818142799967008 0.0 0.0
-0.02538754 0.01118547 -0.6052576 -4.216998 2.598805 2.188453 0.8281643 19.92002 2.930178 0 0.0 0.027742421061841376 4.260212306254439 0.0 0.0
-0.01041343 0.004524038 3.388195 1.004908 0.6043521 0.4834289 0.002970931 18.79914 2.128103 1 0.0 0.011353697379723663 3.534077736339284 0.0 0.0
-0.001831577 -0.003623599 -5.326353 -1.263201 0.5386899 0.4312831 0.2203264 17.97627 3.614138 0 0.0 0.004060190145760418 5.474094723971262 0.0 0.0
0.01131592 0.01479691 -1.977624 -6.811706 3.282607 2.633304 0.5327138 20.61136 2.473846 0 0.0 0.018627898190469585 7.092977887728961 0.0 0.0
-0.009946108 0.02533135 -7.109325 -7.662989 1.166179 0.9217582 0.06277295 18.58562 3.132757 0 0.0 0.027214010310319278 10.452937499561834 0.0 0.0
0.00969519 -0.01766979 -1.547697 3.198407 2.819486 2.531563 0.02007015 20.57998 nan 1 0.0002814545 0.020154855191248586 3.5531919933290967 0.0 0.0
-0.01706066 -0.01888391 -1.625564 -2.882307 0.6236643 0.4976099 0.1350121 18.75555 3.196512 0 0.0 0.02544932565950815 3.309101382602987 0.0 0.0
-0.001361854 -0.02086411 -8.888574 -0.7143458 0.4591259 0.3656264 0.2546051 18.18515 3.505201 1 0.0 0.020908508612749406 8.91723262427608 0.0 0.0
-0.007152462 -0.001361737 -8.504565 -7.029515 2.087767 1.655478 0.3688676 20.08018 nan 0 0.0 0.0072809367747984875 11.033662446098756 0.0 0.0
-0.004466034 0.0002158061 -9.730293 0.8152427 1.829371 1.552054 0.7886313 19.3548 nan 0 0.0 0.0044712450125164475 9.764385414646037 0.0 0.0
-0.006263942 -0.0271433 -2.781592 -2.785247 0.3912488 0.3130955 0.2074375 18.24196 3.468134 1 0.0 0.027856699450390095 3.936350455113594 0.0 0.0
0.02289305 -0.007902635 -2.525773 -11.43257 1.636583 1.420176 0.8472102 19.31413 1.864683 1 0.0 0.024218657647477597 11.708252903504818 0.0 0.0
-0.002458446 0.03102337 -0.1257763 0.4722689 0.4513946 0.372332 -0.008971232 18.06296 2.134287 0 0.0 0.031120627289497493 0.4887305919920503 0.0 0.0
-0.007673971 -0.003103187 -5.990164 -5.047368 0.876509 0.7477477 0.4315786 19.02252 3.348866 0 0.0 0.00827765670137449 7.833134013555494 0.0 0.0
-0.002327277 0.00217473 -1.186719 -4.764716 1.628703 1.439692 0.1716298 19.86912 2.68162 0 0.0 0.0031852266493342355 4.91027703348976 0.0 0.0
0.0006721531 -0.02250633 -0.04387683 -0.3294775 0.4901582 0.3946093 0.1645492 18.65237 3.282328 1 0.0 0.022516364712331777 0.33238621995669265 0.0 0.0
-0.008819199 -0.02857211 -5.786705 1.406852 2.307178 1.834376 0.8134399 19.71416 nan 0 0.0 0.02990223638548965 5.955265511035507 0.0 0.0
0.0134033 0.01775112 -7.235219 -7.513533 3.121274 2.629617 0.5548129 20.55131 nan 0 0.0 0.02224299242782769 10.430799208116797 0.0 0.0
-0.03015991 0.006871552 -0.06447104 -0.8129879 2.519124 2.086456 0.6693267 20.21324 2.035595 0 0.0 0.03093280456241891 0.8155402139349669 0.0 0.0
-0.009580959 0.02641477 -2.092877 -0.5486753 2.188731 1.808377 0.8028067 19.60801 2.297081 0 0.0 0.028098662770896787 2.1636031803357776 0.0 0.0
-0.02178809 0.01299835 -0.9882009 -2.143926 0.5776455 0.4693046 0.0926027 18.60779 2.85668 0 0.0 0.02537080937949359 2.3607116961282695 0.0 0.0
-0.006732938 -0.03220162 2.810192 -5.352763 2.145689 1.707544 0.807967 19.74231 2.191216 1 3.116168e-06 0.03289797538962305 6.0455976388635895 0.0 0.0
-0.01477074 0.01249617 -0.3663236 -6.202746 0.3935287 0.313791 0.07000066 17.98574 3.765455 1 0.0 0.01934758446981173 6.213553807639632 0.0 0.0
0.01533345 0.01554784 -5.190792 -1.15761 0.7416023 0.6003037 0.1159508 17.50294 3.495805 0 0.0 0.02183689578598799 5.318306356290882 0.0 0.0
-0.01557317 -0.02533812 -3.156703 -4.284018 0.4333008 0.3434552 0.1773614 18.10528 3.402851 1 0.0 0.029741283579954984 5.321426881441949 0.0 0.0
-0.001074888 -0.03109131 -2.411005 -7.331096 0.4591192 0.3700059 0.1759702 18.39112 3.336538 1 0.0 0.031109884952031628 7.717377382974153 0.0 0.0
0.01883071 0.02345317 -3.639157 -3.239658 1.50437 1.303817 0.8408324 19.26709 2.251925 1 0.0006630962 0.03007734732573669 4.872252828785982 0.0 0.0
0.007112951 -0.02446354 0.7608299 -6.690923 0.6161925 0.496623 0.1494388 18.9726 3.359015 0 0.0 0.025476633632801664 6.734041337017691 0.0 0.0
-0.00543004 -0.01825692 1.148236 0.3363718 2.36788 1.964585 0.6138977 20.39969 nan 1 0.001003426 0.019047321656547933 1.1964914958039778 0.0 0.0
-0.00258894 0.03235851 -2.67588 -4.085964 0.2936665 0.2365921 0.1325523 17.40678 3.700406 1 0.0 0.032461912755469294 4.8842026558790534 0.0 0.0
-0.02405716 0.01120108 -4.330963 -7.661416 2.033719 1.710346 0.6531467 20.18696 nan 1 0.08143312 0.026536976851781743 8.800825849454414 0.0 0.0
0.0002289137 0.0040802 -1.444601 -3.757931 2.568863 2.198512 0.8398594 19.80475 nan 0 0.0 0.0040866163903708515 4.026029986222408 0.0 0.0
0.004167613 0.004236511 -5.543368 -6.895285 0.344239 0.2724774 0.07992702 17.04581 4.200931 0 0.0 0.00594281276592911 8.847252907804151 0.0 0.0
0.02422612 0.003600252 -8.226791 -7.776688 0.2245048 0.1806352 0.09290765 16.3529 3.490083 1 0.0 0.024492176398146083 11.320643374253294 0.0 0.0
0.01368384 -0.02652802 -8.338919 -3.150992 0.4808003 0.3793896 0.2188611 17.72663 3.430731 0 0.0 0.029849343749335594 8.914388407099223 0.0 0.0
0.03319826 0.001529955 -8.718377 -7.189876 1.579859 1.376592 0.8401675 19.21463 2.691784 0 0.0 0.033233495592995106 11.300637787731496 0.0 0.0
0.02018747 0.02394689 -9.207103 -12.83033 1.475952 1.279067 0.8439549 19.20761 2.656311 1 7.328844e-05 0.03132071975023882 15.792026898454454 0.0 0.0
-0.005430327 -0.01328446 1.325347 -1.06445 1.788775 1.419744 0.7589667 19.53753 nan 1 0.0005199922 0.014351492215742898 1.6998818996945053 0.0 0.0
0.02727572 -0.004068122 -8.670187 -6.278204 0.5953274 0.4884373 0.1961589 18.93121 3.272541 1 1.365701e-06 0.02757742769232265 10.704577902962125 0.0 0.0
0.02297779 0.01877352 -6.336745 -1.968362 0.5728022 0.463137 0.1416642 18.86861 2.980841 1 0.0 0.02967193769329027 6.635419064239199 0.0 0.0
0.005575741 -0.002763531 -5.871919 -6.706236 0.4019664 0.3237321 0.1774462 17.9726 3.88431 0 0.0 0.00622302107396737 8.913643140167604 0.0 0.0
0.029963 -0.001392927 0.9272534 -2.925485 1.978375 1.777085 0.8536423 19.51659 3.33485 0 0.0 0.029995359884944353 3.0689185966780808 0.0 0.0
0.008080909 0.01218799 -1.282715 -1.935473 1.717398 1.482131 0.8329241 19.46147 2.237858 1 0.004412627 0.014623549176119353 2.321941753135509 0.0 0.0
0.02291563 -0.02231266 -0.7322317 -2.422303 0.3515511 0.2811342 0.3194694 18.12086 2.538734 1 0.0 0.03198407251387009 2.530556280009178 0.0 0.0
0.007451893 -0.02507964 2.92427 2.857523 2.156923 1.767427 0.5779232 20.25299 2.569168 0 0.0 0.02616331500045529 4.088617459292199 0.0 0.0
0.0204701 0.003864356 -6.032707 -6.901095 0.4028552 0.32381 0.2784676 18.19983 3.441366 1 0.6514084 0.0208316643911315 9.166169644233843 0.0 0.0
0.0202832 -0.0161456 2.350821 -5.905671 0.5915325 0.4686819 0.2224115 18.7359 3.039467 1 0.0 0.02592467167776672 6.3563597549448065 0.0 0.0
0.03173722 0.0004146591 -9.760906 -8.254219 1.597098 1.38687 0.8522309 19.21655 3.021702 0 0.0 0.03173992872546522 12.783091067531242 0.0 0.0
0.003567466 -0.001390143 -6.460163 -6.312618 2.095263 1.929471 0.8314179 19.34066 nan 0 0.0 0.003828747996617824 9.032322624911766 1.0 0.0
-0.02160255 0.0001962721 -7.498787 -8.309078 2.180653 1.829287 0.8214076 19.82474 3.241259 0 0.0 0.021603441606367686 11.192523561800217 0.0 0.0
0.0323109 -2.613324e-05 -4.574032 -2.43127 2.724361 2.45912 0.8800841 19.80629 nan 0 0.0 0.032310910568354965 5.180042716997998 0.0 0.0
0.004583422 -0.02737781 -10.17284 -3.8911 2.090442 1.777515 0.8430994 19.55107 nan 0 0.0 0.027758822698849894 10.891617550924197 0.0 0.0
0.0009595391 0.03082313 -7.053072 -3.802154 0.2909715 0.2431268 0.2380507 16.67072 4.240519 1 0.0 0.030838061843788574 8.012627513924505 0.0 0.0
0.01747343 0.020045 -9.174269 -3.416209 0.3027356 0.2442695 0.1547717 17.76814 3.574486 1 0.0 0.02659178032710296 9.789672906488857 0.0 0.0
0.01248522 -0.02009055 1.690341 -1.053109 2.932777 1.989555 0.087157 20.32977 2.681593 1 0.000529302 0.023653983126545514 1.9915549859750297 0.0 0.0
-0.008847464 -0.005237613 -2.550278 -7.244294 1.920601 1.6166 0.5689212 20.05777 3.743153 0 0.0 0.010281547022168647 7.6800855096619856 0.0 0.0
-0.002456836 -0.03076709 -1.755637 0.4297443 1.92521 1.491667 0.5093553 20.16064 nan 0 0.0 0.03086502665151929 1.8074682401501525 0.0 0.0
-0.01022872 -0.01506632 -4.769483 -4.702119 0.4738098 0.3899022 0.2958934 18.00774 3.714588 0 0.0 0.018210456094804435 6.697603390575617 0.0 0.0
