jas1101finalproject/data/gcs/Terzan_1_HP_2.ecsv
# %ECSV 0.9
# ---
# datatype:
# - {name: x, unit: deg, datatype: float64}
# - {name: y, unit: deg, datatype: float64}
# - {name: pmx, unit: mas / yr, datatype: float64}
# - {name: pmy, unit: mas / yr, datatype: float64}
# - {name: pmx_e, unit: mas / yr, datatype: float64}
# - {name: pmy_e, unit: mas / yr, datatype: float64}
# - {name: pm_corr, datatype: float64}
# - {name: g_mag, unit: mag, datatype: float64}
# - {name: bp_rp, unit: mag, datatype: float64}
# - {name: filter, datatype: int64}
# - {name: memberprob, datatype: float64}
# - {name: r, unit: deg, datatype: float64}
# - {name: pm, unit: mas / yr, datatype: float64}
# - {name: member_prob_GMM, datatype: float64}
# meta: !!omap
# - comments: [deg deg mas/yr mas/yr mas/yr mas/yr dimless mag   mag   zeroone float]
# - __serialized_columns__:
#     bp_rp:
#       __class__: astropy.units.quantity.Quantity
#       unit: &id001 !astropy.units.Unit {unit: mag}
#       value: !astropy.table.SerializedColumn {name: bp_rp}
#     g_mag:
#       __class__: astropy.units.quantity.Quantity
#       unit: *id001
#       value: !astropy.table.SerializedColumn {name: g_mag}
#     pm:
#       __class__: astropy.units.quantity.Quantity
#       unit: !astropy.units.Unit {unit: mas / yr}
#       value: !astropy.table.SerializedColumn {name: pm}
#     pmx:
#       __class__: astropy.units.quantity.Quantity
#       unit: !astropy.units.Unit {unit: mas / yr}
#       value: !astropy.table.SerializedColumn {name: pmx}
#     pmx_e:
#       __class__: astropy.units.quantity.Quantity
#       unit: !astropy.units.Unit {unit: mas / yr}
#       value: !astropy.table.SerializedColumn {name: pmx_e}
#     pmy:
#       __class__: astropy.units.quantity.Quantity
#       unit: !astropy.units.Unit {unit: mas / yr}
#       value: !astropy.table.SerializedColumn {name: pmy}
#     pmy_e:
#       __class__: astropy.units.quantity.Quantity
#       unit: !astropy.units.Unit {unit: mas / yr}
#       value: !astropy.table.SerializedColumn {name: pmy_e}
#     r:
#       __class__: astropy.units.quantity.Quantity
#       unit: &id002 !astropy.units.Unit {unit: deg}
#       value: !astropy.table.SerializedColumn {name: r}
#     x:
#       __class__: astropy.units.quantity.Quantity
#       unit: *id002
#       value: !astropy.table.SerializedColumn {name: x}
#     y:
#       __class__: astropy.units.quantity.Quantity
#       unit: *id002
#       value: !astropy.table.SerializedColumn {name: y}
# schema: astropy-2.0
x y pmx pmy pmx_e pmy_e pm_corr g_mag bp_rp filter memberprob r pm member_prob_GMM
[from data line 582]
-0.008783805 0.04474891 1.065685 -0.08966164 0.8227778 0.6348936 0.4360907 19.44449 2.968187 0 0.0 0.045602852722895805 1.0694501993606291 0.0
0.04426873 0.003212453 -0.8270578 -6.573708 0.9426093 0.6988298 0.405811 19.32752 nan 0 0.0 0.044385136139141315 6.625531033344032 0.0
-0.003993251 0.001809092 -1.274385 -5.368066 1.174114 0.770505 0.3152261 18.72892 nan 0 0.0 0.00438393287054729 5.517262881953424 0.0
0.0005828039 -0.03568358 -0.3729868 -4.262694 0.1185781 0.08493244 0.153976 15.40336 2.944865 1 0.0 0.035688339019941166 4.278981104259545 0.0
-0.00325714 0.01083279 -2.786643 -5.112328 0.1968362 0.1514308 0.05561934 15.96645 3.879288 1 0.9739553 0.011311865459052278 5.82248029528937 0.0
0.02259221 -0.0167386 -1.963302 -8.115693 0.6080251 0.4524566 0.3534256 18.95855 2.750248 0 0.0 0.028117408889229107 8.349792070072944 0.0
-0.01454527 0.03889839 -7.824318 -5.61418 1.652252 1.25094 0.5255718 20.29008 nan 0 0.0 0.04152890106859318 9.630107436447632 0.0
-0.04118631 0.01175682 -1.486517 -7.885736 1.596534 1.107236 0.3607533 20.06384 nan 0 0.0 0.04283147146583339 8.024622424325335 0.0
-0.0008635331 0.005921413 -4.955535 -6.702215 1.282975 0.981222 0.4596384 19.45867 nan 0 0.0 0.00598404723672571 8.335287220153244 0.0
0.009235443 -0.002787975 5.014293 -2.888625 0.8397846 0.6320297 0.4649226 19.20558 3.304987 0 0.0 0.009647083082822186 5.786820256451207 0.0
0.02374918 -0.01683806 -2.013427 -0.8411797 0.4158106 0.3271913 0.5182567 16.54075 4.904367 0 0.0 0.029112605778871807 2.182079643830878 0.0
0.04187425 0.0006481285 -8.063302 -4.036822 0.8212374 0.6521344 0.3350467 19.23174 3.408598 0 0.0 0.04187926555725413 9.0173594251803 0.0
-0.0268192 -0.008526629 -1.721751 -0.5419222 1.601111 1.130873 0.1423141 19.8596 nan 0 0.0 0.028142012912079354 1.8050224865230462 0.0
0.04479461 0.002924203 0.2789288 -3.418984 0.5481462 0.3917437 0.4233725 18.22721 3.258354 0 0.0 0.04488995487007432 3.4303429664867973 0.0
0.02712857 0.03191289 -6.589939 -6.760983 0.9119378 0.778731 0.2703043 19.40591 3.000917 0 0.0 0.04188546118162005 9.441302195672481 0.0
-0.02750283 -0.008921641 -2.127045 -4.060996 0.6702414 0.4920692 0.3540425 18.81526 2.930779 0 0.0 0.02891368769530758 4.584322081185069 0.0
0.01643426 -0.04518165 6.720701 -0.3300229 1.107698 0.7501852 0.3399255 19.70795 3.036421 0 0.0 0.04807771207607637 6.7287990790278025 0.0
-0.003756045 -0.0111952 -1.433236 -3.512821 0.08219159 0.06111185 -0.004576705 15.52993 2.073807 1 0.0 0.01180848750187868 3.7939526630859537 1.0
-0.00665009 0.009013002 0.3486947 -2.269752 0.2377508 0.1808492 0.2784335 16.71015 2.281532 0 0.0 0.01120079917059957 2.2963802244646008 0.0
-0.02927501 0.02514881 -1.327016 -5.298266 0.760633 0.5927655 0.4880074 19.34571 nan 0 0.0 0.03859389660187476 5.461922195620512 0.0
0.02806272 -0.01307601 -1.776258 -1.281545 0.8303208 0.6260017 0.4691496 19.3701 2.423321 0 0.0 0.03095962356551675 2.1903082133775142 0.0
0.002791758 -0.01594447 -7.775766 -8.743203 1.020857 0.8054734 0.1609805 19.51131 3.16894 0 0.0 0.016187032968134216 11.70068953463705 0.0
-0.0282131 -0.008107406 -3.102602 -4.394812 0.2642114 0.2002828 0.1763578 16.65057 4.134237 1 0.7703875 0.029354881087458626 5.3796386203673565 0.0
-0.03079876 0.01868624 -0.3514971 -1.60993 0.7442333 0.4894524 0.5315398 18.92653 2.79019 0 0.0 0.03602414721926391 1.6478546101547946 0.0
0.02078212 0.003409128 -0.2330874 -10.82122 1.91815 1.690146 0.6587574 19.7633 2.328381 0 0.0 0.021059882844279645 10.823730042108348 0.0
-0.03696779 -0.01461821 1.505405 -2.57938 1.474698 1.028631 0.4312016 19.89948 nan 0 0.0 0.039753107565172814 2.986544055999342 0.0
0.02623391 0.03125892 -1.544967 3.067047 0.6987899 0.6097555 0.3682159 19.15198 2.411411 0 0.0 0.04080855441515296 3.4341957328169284 0.0
0.01801173 -0.04408139 -3.755077 -7.261415 2.049694 1.476597 0.800643 19.80184 2.730721 0 0.0 0.047619233109375034 8.174885386239614 0.0
0.04644494 -0.01093918 3.294304 -0.5839898 1.215592 0.9063687 0.4762102 19.84437 2.978672 0 0.0 0.04771580566935866 3.3456662910278485 0.0
0.00476295 -0.0359965 -2.930428 -1.106361 1.978555 1.282525 0.3583345 19.86765 nan 0 0.0 0.03631024242486547 3.132322289532959 0.0
0.01617875 -0.0008910692 -2.792763 -8.428584 1.816285 1.44447 0.7442481 19.77218 3.508118 0 0.0 0.016203269913251727 8.87922031595258 0.0
-0.03394982 0.002796982 1.436891 -1.658369 2.302952 2.452326 0.6002592 20.22082 nan 0 0.0 0.03406484091171899 2.194275161879658 0.0
0.04813627 0.005882813 -6.683407 -6.341615 1.000912 0.8861111 0.6455002 19.12894 3.263466 0 0.0 0.0484944118255482 9.213251865431335 0.0
-0.01204615 0.04192569 0.4346777 3.999522 1.011734 0.7636316 0.4192466 19.90122 nan 0 0.0 0.04362193498457628 4.023073567729192 0.0
0.009941016 -0.04685542 -2.771381 -5.514743 0.467585 0.3138094 0.3936462 18.26291 3.328333 0 0.0 0.04789837348479232 6.171948071979381 0.0
0.02574317 -0.03367854 -1.667058 -0.6702699 0.5934765 0.4229176 0.4863404 18.70643 2.466318 0 0.0 0.0423905043397752 1.7967593367532586 0.0
-0.03326075 -0.01256647 -0.8235594 -2.621876 0.4874752 0.342614 0.5536585 18.44508 2.558386 0 0.0 0.03555550110494014 2.748178277460245 0.0
-0.01555797 -0.04493927 -2.466551 -5.558312 0.2707587 0.1884189 0.3218024 17.19386 3.813339 1 0.001580644 0.047556160680334573 6.081011932642872 0.0
-0.01122427 -0.01216471 -1.369727 -2.218754 0.2157451 0.1592464 0.08933709 17.24774 2.329626 0 0.0 0.016551870178834777 2.6074933110259364 0.0
0.002056004 0.008908303 -1.620896 -3.522542 0.9589306 0.7319949 0.05439956 19.1957 nan 0 0.0 0.009142484060025753 3.8775773344422158 0.0
-0.02979026 -0.01040432 -0.01683379 -3.218734 0.5851988 0.4197602 0.3511312 18.80453 2.865456 0 0.0 0.031554864371915785 3.2187780195660847 0.0
-0.004070557 -0.03632644 -3.405288 -7.319398 0.4699345 0.3410573 0.2659896 18.01334 4.434723 1 0.0 0.036553791559342366 8.07276739695552 0.0
0.0242956 -0.03999722 -3.692665 -2.773272 0.9502506 0.6674704 0.447048 19.60662 2.834286 0 0.0 0.046798010503528886 4.61809618654798 0.0
0.01544226 -0.001512745 -2.786983 -5.125393 0.787484 0.5918776 0.4837119 19.20275 3.428547 0 0.0 0.015516178374284855 5.834117555101028 0.0
-0.005491542 -0.01298628 -3.404194 -6.038311 0.8494588 0.6200481 0.340181 19.35071 nan 0 0.0 0.014099663179528935 6.931791725258123 0.0
0.01770717 0.01578461 0.02668777 -1.957645 0.4354122 0.3359327 0.1711265 17.75914 2.815697 0 0.0 0.023721251700974805 1.9578269032507887 0.0
0.03880498 0.02033896 -2.449242 -4.373414 0.2833472 0.2186274 0.2915978 16.7502 4.151054 1 0.3088898 0.04381209612289739 5.012537919054578 0.0
-0.03622701 -0.02666093 1.111268 -0.1945073 1.363067 0.9492713 0.4761005 19.97019 2.932823 0 0.0 0.04498001158297983 1.1281620706163142 0.0
-0.01200929 -0.04358265 -3.499089 -6.250336 0.4198261 0.2940134 0.265699 17.22335 5.057286 0 0.0 0.045206973215717504 7.163122499498177 0.0
0.0332001 0.01500427 -2.666701 -7.821772 0.7817069 0.5741492 0.4415367 19.33727 2.684635 0 0.0 0.03643315465675324 8.263861775428301 0.0
0.0008724017 0.009404232 -3.081238 -1.450225 0.4793561 0.3880425 -0.01632113 18.36326 2.848572 0 0.0 0.009444610327376503 3.405463281738477 0.0
0.04500532 0.003572604 -4.764352 -0.5673627 0.4484221 0.3204095 0.4369436 18.17386 3.993456 1 0.0 0.04514689720947848 4.79801525771389 0.0
-0.04615487 0.00598677 -8.139762 -8.182438 1.787004 1.263319 0.5596311 19.98338 2.855923 0 0.0 0.046541523822816545 11.541577753517409 0.0
-0.01731905 -0.04612403 5.010382 -6.338494 1.848528 1.339589 0.7732184 19.75615 3.308319 0 0.0 0.04926840403690178 8.079630806785666 0.0
-0.003281878 -0.0355463 -5.188133 -7.032822 0.7204545 0.5009916 0.4373865 18.84584 3.331501 0 0.0 0.03569748124023436 8.739411267892878 0.0
-0.000100745 -0.03518957 4.47495 -8.675405 3.381641 2.309107 0.6778919 20.3597 nan 0 0.0 0.03518971421225136 9.761548515298431 0.0
-0.003596885 -0.04845334 -0.06606544 -1.53513 0.7990102 0.5355452 0.4585192 18.99117 3.525841 0 0.0 0.048586662149800175 1.5365509296025284 0.0
-0.002520777 0.01539328 -3.644506 -5.06021 0.4639916 0.3475974 0.405501 18.01292 nan 0 0.0 0.015598313557629523 6.236036339545817 0.0
0.0118416 0.01805334 -4.087161 -4.492245 0.2445083 0.1852835 0.3270497 17.43224 2.716586 0 0.0 0.02159042787245311 6.073314595831999 0.0
-0.01251284 -0.01188449 -8.474254 -7.032167 1.627274 1.303132 -0.03268824 19.87663 nan 0 0.0 0.017257238116967038 11.012009515633602 0.0
0.0209449 0.02651662 1.608566 -2.654452 1.136509 0.9359709 0.287335 19.94272 2.686251 0 0.0 0.03379082674683175 3.1038041169925656 0.0
-0.02256828 0.03163749 -4.349106 -4.042654 1.108198 0.8613095 0.4253027 19.71578 3.131594 0 0.0 0.03886203849077528 5.937825726892967 0.0
0.02453972 -0.01020259 -1.527428 -2.612725 0.5197293 0.3695451 0.4910353 18.72593 4.034851 0 0.0 0.026576130274863195 3.0264448154243624 0.0
0.01631259 0.01309359 -2.606778 -5.376045 1.15252 1.087309 0.679056 19.43789 2.880339 0 0.0 0.020917521162800337 5.97470931370799 0.0
-0.04084419 0.01132781 -2.9237 1.219046 1.871654 1.384024 0.6815406 19.93325 nan 0 0.0 0.042385930875140636 3.1676639405271514 0.0
0.02152377 0.0270372 -3.939306 -3.20245 0.8654437 0.6707949 0.3970935 19.45161 2.894909 0 0.0 0.0345583978050618 5.076792074148399 0.0
0.035926 -0.01130285 2.018572 -7.081593 0.4069408 0.3005378 0.3653574 17.46958 5.069969 0 0.0 0.037662075010844794 7.363667044131816 0.0
-0.04783779 0.005219203 3.50313 -6.595375 1.122085 0.8289831 0.1707529 19.9239 3.161974 0 0.0 0.04812166073650523 7.467991107890059 0.0
0.01223619 0.01815438 1.464222 -2.490563 0.4508086 0.3547594 -0.1250014 17.88369 nan 0 0.0 0.021893055038082282 2.8890915738780243 0.0
0.03971686 -0.001264038 -0.8399039 -1.302971 0.5339662 0.3899506 0.3511324 18.70827 nan 0 0.0 0.039736969692278294 1.5502167551914185 0.0
0.001792786 -0.001662217 -3.802887 -1.911224 1.691295 1.265828 0.3247649 19.5115 nan 0 0.0 0.002444799991182305 4.256139884090395 0.0
-0.02615485 -0.03422416 -1.06662 0.0161335 1.791053 1.31538 0.7744167 19.90933 2.717115 0 0.0 0.04307399802929954 1.0667420092141537 0.0
0.01123022 -0.03712809 -0.6752179 -1.197115 0.8146194 0.5554667 0.3910297 19.2434 2.332855 0 0.0 0.03878934013742049 1.3744102501456434 0.0
-0.003125435 0.004889491 -1.857883 -3.965179 0.6576897 0.5063035 0.5809218 18.22653 nan 0 0.0 0.005803056623737701 4.378855300615676 0.0
-0.007094457 -0.02901384 -2.26268 -4.004847 0.2548082 0.1859082 -0.0001102606 15.88054 5.049315 1 0.007111039 0.02986861616597677 4.599839157602035 0.0
0.01859666 -0.00963288 -1.375317 -1.261545 0.5396124 0.3848727 0.4673989 18.37405 nan 0 0.0 0.020943451010996254 1.8662777492951041 0.0
-0.003099678 0.02198506 3.929749 4.759631 2.536922 2.015489 0.8731149 20.03374 2.919622 0 0.0 0.022202496862003696 6.172277898730905 0.0
-0.04380299 -0.01851776 -4.77155 -5.916692 0.6383987 0.4293709 0.517431 18.82886 3.948616 1 0.03150509 0.047556380942600125 7.6009824118572995 0.0
-0.03327006 0.01468763 -2.386132 -0.3320291 1.336563 0.9755968 0.2852951 19.95991 nan 0 0.0 0.03636788923515496 2.409122090030061 0.0
0.02291192 0.0009481703 -1.492833 -3.615094 0.6252193 0.456866 0.42807 18.9137 2.663469 0 0.0 0.0229315308037689 3.9111961079348863 0.0
-0.04456774 -0.01372494 -4.302514 -6.806266 0.6761116 0.4559507 0.5092923 18.92094 3.764658 0 0.0 0.04663322234964254 8.052135343059753 0.0
-0.01830722 0.03648877 -9.593223 -6.765289 0.9347374 0.7188236 0.4385869 19.61739 2.717009 0 0.0 0.040823824419587394 11.738784552978643 0.0
-0.03630642 -0.02524189 -18.76967 -11.6555 3.225542 2.239974 0.6995437 20.28778 2.860205 0 0.0 0.04421887768802483 22.094143843084304 0.0
-0.0210691 0.03351084 0.6473805 -3.63976 0.667606 0.470677 0.5823578 18.21846 3.628138 0 0.0 0.03958387768164711 3.6968844138517842 0.0
0.03281625 -0.03121066 1.135874 -1.880525 0.3038138 0.2273516 0.2314674 15.69341 5.183383 0 0.0 0.045288095143184146 2.196948797651188 0.0
-0.04289528 0.01008906 -2.77098 -5.260081 0.8688603 0.6123213 0.2567615 18.05328 4.185877 0 0.0 0.04406579374029248 5.94531599555154 0.0
0.005000782 -0.012271 0.7855457 -5.410677 0.9775354 0.7339934 0.5252217 19.39197 nan 0 0.0 0.013250858900898613 5.4674041047939275 0.0
0.003027909 -0.03231334 1.067972 -2.974132 1.346084 0.9390619 0.3198695 19.25119 3.592327 0 0.0 0.03245489446705814 3.160067300898511 0.0
-0.02634315 -0.0184676 0.8048987 -8.106464 1.001188 0.8213047 -0.1754103 18.34854 nan 0 0.0 0.03217163038583062 8.146325582773972 0.0
0.006525936 -0.0130512 -10.29268 -8.039124 2.598777 1.724739 0.858152 19.86332 nan 0 0.0 0.014591835460835489 13.060121602411519 0.0
0.03010252 0.03540628 -3.776172 -4.572015 0.7611323 0.5939506 0.4047545 19.33838 3.604368 0 0.0 0.04647328666867451 5.929822605593611 0.0
0.0426727 0.0222218 -3.439841 -4.515585 1.200746 0.8845801 0.4189673 19.82242 2.931341 0 0.0 0.04811203301181525 5.676531863515434 0.0
0.03124226 -0.02032681 -10.8001 -5.027019 0.6266664 0.4492073 0.4782357 18.70556 4.030832 0 0.0 0.037272751638210186 11.912727648878782 0.0
0.02201815 0.002918668 -6.166257 -7.899137 1.298934 0.9737474 0.4543739 19.90863 nan 0 0.0 0.02221075307855913 10.02093262799516 0.0
0.03846101 0.01529416 -6.05202 -9.00132 0.477605 0.3692624 0.2921901 16.96251 5.495755 0 0.0 0.041390344530164276 10.846691100183502 0.0
0.00492188 -0.0125056 -4.396732 -5.820996 0.9688476 0.6713414 0.5178972 19.30372 nan 0 0.0 0.01343930556592862 7.294878114940647 0.0
0.01302552 0.01953711 -1.093403 -5.216088 0.8704073 0.7260201 0.4256956 19.13169 3.082304 0 0.0 0.023481116634915384 5.32945627096733 0.0
0.01589321 0.02214784 -2.532564 -2.783162 1.487144 1.192399 0.7596872 19.73219 2.793064 0 0.0 0.027260244693870596 3.7629604213092644 0.0
-0.00157376 0.01115135 -2.944501 -4.665112 0.7136245 0.5051587 0.31764 18.50235 nan 0 0.0 0.01126185274988534 5.516643554875102 0.0
-0.02180275 0.0200715 -0.4457189 -4.475218 0.3308104 0.2515571 0.2672379 17.70962 nan 0 0.0 0.029634861562229373 4.4973593902801685 0.0
-0.03704869 -0.009319627 -1.300359 -4.496762 0.6770614 0.4563557 0.4876499 18.82643 3.484541 0 0.0 0.038202890965674696 4.68100438084873 0.0
-0.03699394 -0.01499206 -0.1108623 -3.91019 0.6547218 0.4740463 0.2718984 18.94072 3.101681 0 0.0 0.03991633074027722 3.911761276670816 0.0
0.0262415 -0.03814569 -2.932011 -1.237656 0.7498447 0.5298345 0.3800551 18.25239 nan 0 0.0 0.046300215850750635 3.1825274356173274 0.0
-0.006282527 0.0194138 -1.516571 1.320284 0.906708 0.6859075 0.4814849 19.36318 2.650625 0 0.0 0.0204050429047755 2.0107554398029115 0.0
0.0181033 0.02424745 1.514805 -0.5116482 1.11592 0.7762846 0.7218325 19.14512 2.92791 0 0.0 0.03026001160595448 1.598880254612033 0.0
-0.02120071 0.03380454 -8.844243 -9.414138 0.9984119 0.7347314 0.6808895 19.14775 nan 0 0.0 0.03990259426548229 12.916912499745944 0.0
-0.02617188 0.02913796 -3.986902 -12.4973 2.537192 2.178004 0.893912 20.04215 nan 0 0.0 0.039166159062333394 13.117846425675367 0.0
-0.005097526 -0.004763683 -5.339001 -2.117507 0.714774 0.507697 0.3388817 18.10121 3.74649 0 0.0 0.006976922462315674 5.743584906053884 0.0
0.004580041 -0.01216226 -2.579263 -4.925915 0.3823645 0.2872659 0.2507165 17.98636 3.739218 0 0.0 0.012996051087514277 5.560326987722394 0.0
0.008844243 0.0334288 -1.693778 2.476135 2.516732 1.867832 0.8333631 20.15892 2.898855 0 0.0 0.034578971987076906 3.000021408508446 0.0
-0.02843364 0.02668257 -5.679185 1.285934 0.312638 0.2565274 0.01088396 17.8722 3.550591 1 0.0 0.03899270990139695 5.822951873112211 0.0
-0.01561338 -0.02733446 -2.87682 -5.605878 0.8841147 0.6135432 0.3254405 19.35818 2.567575 0 0.0 0.03147936369299736 6.3009492509687774 0.0
-0.03973931 0.01095634 -3.41143 -5.392789 2.125581 1.579018 0.7287139 20.10279 2.864246 0 0.0 0.04122201044917266 6.381224635085416 0.0
0.02251805 0.00371964 -2.067615 -2.149165 0.3293153 0.252845 0.2723849 17.74993 2.991547 1 0.0 0.02282319647928616 2.98227127965415 0.0
0.0451324 -0.005956569 -2.59532 -3.454739 0.6050832 0.4270755 0.4673005 18.66218 4.26128 1 0.01504966 0.04552377668880034 4.320984547591093 0.0
