jas1101finalproject/data/gcs/Terzan_6_HP_5.ecsv
# %ECSV 0.9
# ---
# datatype:
# - {name: x, unit: deg, datatype: float64}
# - {name: y, unit: deg, datatype: float64}
# - {name: pmx, unit: mas / yr, datatype: float64}
# - {name: pmy, unit: mas / yr, datatype: float64}
# - {name: pmx_e, unit: mas / yr, datatype: float64}
# - {name: pmy_e, unit: mas / yr, datatype: float64}
# - {name: pm_corr, datatype: float64}
# - {name: g_mag, unit: mag, datatype: float64}
# - {name: bp_rp, unit: mag, datatype: float64}
# - {name: filter, datatype: int64}
# - {name: memberprob, datatype: float64}
# - {name: r, unit: deg, datatype: float64}
# - {name: pm, unit: mas / yr, datatype: float64}
# - {name: member_prob_GMM, datatype: float64}
# - {name: member_prob_DB, datatype: float64}
# meta: !!omap
# - comments: [deg deg mas/yr mas/yr mas/yr mas/yr dimless mag   mag   zeroone float]
# - __serialized_columns__:
#     bp_rp:
#       __class__: astropy.units.quantity.Quantity
#       unit: &id001 !astropy.units.Unit {unit: mag}
#       value: !astropy.table.SerializedColumn {name: bp_rp}
#     g_mag:
#       __class__: astropy.units.quantity.Quantity
#       unit: *id001
#       value: !astropy.table.SerializedColumn {name: g_mag}
#     pm:
#       __class__: astropy.units.quantity.Quantity
#       unit: !astropy.units.Unit {unit: mas / yr}
#       value: !astropy.table.SerializedColumn {name: pm}
#     pmx:
#       __class__: astropy.units.quantity.Quantity
#       unit: !astropy.units.Unit {unit: mas / yr}
#       value: !astropy.table.SerializedColumn {name: pmx}
#     pmx_e:
#       __class__: astropy.units.quantity.Quantity
#       unit: !astropy.units.Unit {unit: mas / yr}
#       value: !astropy.table.SerializedColumn {name: pmx_e}
#     pmy:
#       __class__: astropy.units.quantity.Quantity
#       unit: !astropy.units.Unit {unit: mas / yr}
#       value: !astropy.table.SerializedColumn {name: pmy}
#     pmy_e:
#       __class__: astropy.units.quantity.Quantity
#       unit: !astropy.units.Unit {unit: mas / yr}
#       value: !astropy.table.SerializedColumn {name: pmy_e}
#     r:
#       __class__: astropy.units.quantity.Quantity
#       unit: &id002 !astropy.units.Unit {unit: deg}
#       value: !astropy.table.SerializedColumn {name: r}
#     x:
#       __class__: astropy.units.quantity.Quantity
#       unit: *id002
#       value: !astropy.table.SerializedColumn {name: x}
#     y:
#       __class__: astropy.units.quantity.Quantity
#       unit: *id002
#       value: !astropy.table.SerializedColumn {name: y}
# schema: astropy-2.0
x y pmx pmy pmx_e pmy_e pm_corr g_mag bp_rp filter memberprob r pm member_prob_GMM member_prob_DB
[from data line 226]
0.008731332 -0.006559395 -2.997949 -8.246025 0.425323 0.3420493 0.285141 18.14018 3.618299 1 0.0 0.010920706078832495 8.774088357614481 0.0 0.0
-0.01612694 0.01079078 -4.66912 -4.69107 0.5001748 0.3879281 -0.09315713 18.43837 2.737123 1 0.0 0.019404100772053314 6.61867202082865 0.0 0.0
-0.0005015659 0.02779617 -3.568942 0.02543894 2.276142 1.863925 0.6687269 20.22972 1.559992 1 6.497134e-05 0.02780069486579324 3.5690326615250134 0.0 0.0
-0.01117173 0.02019854 -2.5024 1.049421 2.876838 2.354311 0.6462486 20.33993 nan 0 0.0 0.02308221326745986 2.713538316523465 0.0 0.0
0.001611264 -0.002040495 -7.553752 -9.379225 2.01047 1.59939 0.5436718 19.7993 nan 0 0.0 0.002599959907906466 12.042799960064478 0.0 0.0
0.01762117 -0.02700169 -1.913215 -5.77671 0.848636 0.6972521 0.3766425 19.11077 2.882755 0 0.0 0.032242780510139006 6.085291288042422 0.0 0.0
0.02488275 0.0207872 -2.394125 -3.388437 1.713411 1.436459 0.885884 19.17218 2.161526 1 0.005806894 0.03242312340602768 4.148896216898417 0.0 0.0
-0.002170293 -0.01881373 0.1046032 -4.857509 0.3094013 0.2475662 0.3062511 17.28572 3.51145 1 0.0 0.01893849540535755 4.8586351493532876 0.0 0.0
-0.01894515 0.01543084 -3.32882 -5.08541 2.127793 1.777843 0.5231583 20.22626 2.143518 1 0.05489334 0.024434187762806852 6.078029076970593 0.0 0.0
0.007428108 0.004011243 -2.094975 0.4260044 0.3756733 0.2970412 0.0699394 17.58822 3.790991 0 0.0 0.008441970081960312 2.137849386520098 0.0 0.0
0.00367102 -0.0213372 -2.753786 -4.496589 2.071914 1.750094 0.836439 19.64189 2.62599 0 0.0 0.021650692637428484 5.272821822204596 0.0 0.0
-0.004282494 -0.02089472 -15.51698 -18.84078 1.991462 1.726091 0.837464 19.52579 3.24789 0 0.0 0.02132906652290334 24.408024486402006 0.0 0.0
0.007349833 0.003709888 -8.861488 -8.888892 3.243212 2.769027 -0.2682884 19.97012 nan 0 0.0 0.008233062255347824 12.551429024689101 0.0 0.0
0.001559095 -0.002286542 -0.9397533 -8.029004 2.322269 1.974729 0.5692877 19.78083 nan 0 0.0 0.002767499148471233 8.08381354911634 0.0 0.0
-0.0318542 0.003252755 2.817392 1.942312 2.945646 2.330425 0.5526249 20.43169 2.380671 0 0.0 0.032019844982916844 3.4220277010871785 0.0 0.0
-0.0008141638 -0.02889786 -6.700248 -7.867004 1.519213 1.287346 0.8438542 19.126 2.785318 0 0.0 0.028909326786918276 10.333589656915935 0.0 0.0
0.0006983794 -0.002311328 -6.18535 -10.28843 2.66089 2.443598 0.8652469 19.40661 nan 0 0.0 0.002414533269584074 12.004596889833493 0.0 0.0
-0.01675387 0.01571354 -1.537049 -7.801779 2.802596 2.474066 0.4385023 20.41311 nan 0 0.0 0.022969708298289294 7.95174667562052 0.0 0.0
0.0006462183 -0.00180588 -6.188432 -7.953906 0.5236576 0.4239735 0.1851823 18.47764 3.606339 0 0.0 0.0019180199857287436 10.077763207947486 0.0 0.0
-0.001805468 -0.005076998 -3.10238 -3.407346 0.343148 0.2688386 0.07141936 16.86521 4.042149 0 0.0 0.005388471340837584 4.608119836561979 0.0 0.0
-0.01312328 -0.01638656 -0.8856399 -1.852903 1.569893 1.314189 0.8222042 19.43312 2.263004 1 0.0006765847 0.02099380448113205 2.0536814650478323 0.0 0.0
0.0006983499 -0.006291964 -7.167039 -12.02346 2.759154 2.320062 0.5051435 20.36702 nan 0 0.0 0.006330600568676404 13.997501148387917 0.0 0.0
0.02975888 0.01299427 2.470897 -1.373914 2.003631 1.621071 0.7716403 19.6403 2.257639 0 0.0 0.03247217257417957 2.8271844057303723 0.0 0.0
-0.03206243 0.001976668 -1.251191 -8.606656 2.545911 2.093352 0.6153107 20.42128 nan 0 0.0 0.03212330359547604 8.697126331197966 0.0 0.0
0.007714007 -0.008531504 -1.003551 -10.21401 1.515501 1.296323 0.8226092 19.26642 2.509335 1 0.0 0.011501846134341435 10.263192236809218 0.0 0.0
0.005184156 -0.009181737 0.6318507 -0.2839324 0.1624581 0.1297485 0.2400263 16.00136 2.878888 1 0.0 0.010544181702223506 0.6927141653382367 0.0 0.0
-0.0002927442 -0.00341568 1.231624 -1.323057 0.5171135 0.4098913 0.06602509 18.65245 nan 1 0.0 0.00342820201111802 1.807588864378457 0.0 0.0
-0.008563859 0.03103828 -4.421743 -4.571534 0.4115772 0.323287 0.08045223 17.88412 4.038866 0 0.0 0.03219805128156487 6.3600891716394194 0.0 0.0
0.005263028 0.002123114 -5.588561 -6.61964 0.4726028 0.3799877 0.1559613 18.35141 3.433342 0 0.0 0.005675127909199933 8.6632354106489 0.0 0.0
0.003645459 -0.007976221 -6.493073 -8.220283 2.206341 1.880203 0.8348771 19.72797 2.730593 0 0.0 0.008769804602242972 10.475354389395044 0.0 0.0
0.01995185 0.02011698 -2.879656 -8.581182 1.531094 1.329983 0.8497836 19.17716 2.623932 1 5.148056e-06 0.02833318200878433 9.0514696704712 0.0 0.0
0.01807294 0.01729067 -4.551558 -6.118873 0.4868874 0.3920303 0.1721423 18.06766 3.966208 0 0.0 0.025011965722279806 7.626092513043163 0.0 0.0
0.01295815 0.005679576 -6.033398 -7.695837 1.839951 1.556464 0.5579503 20.17071 2.409918 0 0.0 0.014148188398599871 9.778946699771556 0.0 0.0
-0.00879504 -0.008037596 -3.847855 -8.92878 1.802957 1.526943 0.8295264 19.47765 3.24971 0 0.0 0.011914515435418093 9.722607694925523 0.0 0.0
0.02422941 0.01639475 -4.984813 -7.008492 0.2979214 0.2391622 0.1462835 17.6221 3.549938 1 0.5385943 0.029254950632510046 8.600425614993307 0.0 0.0
0.003542016 0.01545175 -1.096734 0.2815532 0.4350769 0.350435 0.194978 18.42406 3.041267 1 0.0 0.015852522051924608 1.1322975188466327 0.0 0.0
0.007453549 -0.004133138 8.021742 -7.281948 1.219084 0.99953 0.1497047 17.52484 2.601727 0 0.0 0.008522806018116627 10.833979480747967 0.0 0.0
-0.0006058397 0.01397743 -2.29127 -2.303526 0.5113782 0.3945705 0.2531021 18.56882 nan 1 0.0 0.013990553639759797 3.249022967843718 0.0 0.0
0.004638395 0.0300391 -1.146462 -9.924266 2.475831 2.056838 0.4813123 20.32225 nan 0 0.0 0.030395102187458178 9.990266801051911 0.0 0.0
-0.02146774 -0.01910988 -6.032452 -3.689772 2.703395 2.341704 0.5889069 20.44324 nan 0 0.0 0.028741109483142784 7.071413899941652 0.0 0.0
-0.01130116 0.01175088 -2.375457 -5.436512 0.5016971 0.4153289 0.4003493 18.66865 2.215736 1 0.0 0.016303355425187786 5.932828893958851 0.0 0.0
-0.02181385 0.01159835 -6.636278 -10.31487 1.643862 1.320248 0.3453335 20.10662 1.826117 0 0.0 0.02470558184995852 12.265265134116916 0.0 0.0
-0.002457279 -0.01376117 -7.155566 -7.547031 0.5889807 0.4733421 0.1633286 18.80703 3.269825 0 0.0 0.013978841863786177 10.39999046611664 0.0 0.0
-0.02520452 0.009594793 2.723293 -3.990457 1.57736 1.271294 0.5125011 19.99965 2.159281 1 7.171819e-06 0.02696901705927098 4.831156365995413 0.0 0.0
-0.003813837 -0.002803498 -4.737826 -7.714229 2.068828 1.787963 0.7789854 19.63492 2.604458 0 0.0 0.004733387127477849 9.052973228211657 1.0 1.0
0.001533051 2.32572e-05 0.7222479 0.1123362 1.633645 1.422619 0.4983365 18.83715 nan 0 0.0 0.0015332274019051577 0.7309319057784043 0.0 0.0
-0.007725684 -0.008613521 -2.077627 -9.907674 0.7069822 0.5827785 0.2947495 18.25934 3.787237 0 0.0 0.011570606608354508 10.123168379583785 0.0 0.0
-0.01145519 -0.008741693 -3.865434 -3.919574 1.684272 1.437943 0.8353086 19.32297 nan 0 0.0 0.014409669477206928 5.504965063452446 0.0 0.0
-0.01046406 -0.009304246 -5.439428 -3.618789 1.811442 1.525228 0.8224903 19.52714 2.78117 0 0.0 0.01400234070832859 6.533223614243202 0.0 0.0
-0.01534022 -0.01465693 -4.949793 -5.849655 2.427226 2.02284 0.5097021 20.26032 nan 0 0.0 0.02121669028555821 7.6628267866286786 0.0 0.0
-0.01314999 -0.01186043 -5.435594 -11.92678 2.286251 2.015031 0.8422307 19.72842 2.649723 0 0.0 0.017708530057150423 13.107011989818123 0.0 0.0
0.01434192 0.01418234 -3.248924 1.552719 1.915161 1.683093 0.8016689 19.51063 3.569761 1 0.0 0.02017001331586075 3.600894812506608 0.0 0.0
0.007270892 -0.005220312 -3.675654 -8.674726 2.191333 1.840876 0.83016 19.8226 3.367102 1 0.03927626 0.008950839505488186 9.421321749244742 0.0 0.0
0.02532422 0.01319393 2.785812 -6.807799 1.744308 1.514073 0.8429093 19.31068 nan 0 0.0 0.028555138021962002 7.355737605688841 0.0 0.0
0.02521978 0.01283728 -2.18017 -8.469371 1.066421 0.8614318 0.1439459 19.01954 3.460794 0 0.0 0.028298993993546837 8.745478052373182 0.0 0.0
-0.0226946 -0.01409384 0.9002754 0.7138831 2.409435 1.821703 0.7612212 19.6831 nan 0 0.0 0.02671481227906346 1.1489668734610106 0.0 0.0
0.02044875 0.02573211 -4.836265 -1.35676 2.479506 2.09753 0.5547736 20.29888 nan 0 0.0 0.03286780889585736 5.022972909326209 0.0 0.0
-0.01961616 -0.01946234 -0.3509713 -4.632869 2.10464 1.589591 0.7846904 19.39252 2.495478 0 0.0 0.027632886411325185 4.6461442104808475 0.0 0.0
0.008264503 0.02349474 0.1516188 -1.173735 1.591698 1.435639 0.8533124 19.16135 2.401918 0 0.0 0.024905919326630145 1.1834872668256469 0.0 0.0
0.01567131 0.007870708 -2.385896 -4.181904 0.6238988 0.5023866 0.1884919 18.99967 2.931463 1 0.0 0.017536761432412885 4.814646486299072 0.0 0.0
0.009465409 0.03139486 -6.459394 -7.500482 0.3377423 0.2796696 0.3010485 17.00149 4.685164 1 0.04757294 0.03279071822874395 9.89853529970773 0.0 0.0
-0.02173724 0.01873948 -5.122835 -2.276892 2.162843 1.791899 0.8043743 19.613 2.066658 0 0.0 0.028699751104983472 5.606039209360652 0.0 0.0
-0.007076428 0.02816593 -3.839098 -3.059832 2.341398 1.971179 0.5187511 20.33039 1.95462 1 0.01133234 0.029041271425405673 4.9093019179744894 0.0 0.0
0.01755087 0.01558179 -5.269516 1.403677 0.3283286 0.2647698 0.1472429 17.45177 4.118196 1 0.0 0.023469665897941538 5.453265810006422 0.0 0.0
0.02190612 0.00993131 -4.276312 -7.67277 1.786569 1.555015 0.8471679 19.49954 nan 1 0.06009725 0.02405221427998886 8.783976536526266 0.0 0.0
0.01976769 0.0127661 -5.270022 -5.851485 0.3661935 0.295437 0.1561177 18.03117 3.619495 1 0.0072381 0.023531571922549076 7.8748338767055275 0.0 0.0
0.02767274 0.01567473 -1.380372 -4.312283 0.6460796 0.5185781 0.1819079 19.02213 2.953482 0 0.0 0.031803737196758816 4.527826358251054 0.0 0.0
0.03131661 -0.009459545 5.649182 0.5554646 0.6729593 0.5297172 0.311874 17.45597 2.175396 0 0.0 0.03271411092325642 5.676424771894467 0.0 0.0
0.02412396 0.01209179 -2.962508 0.5263829 1.628423 1.295192 0.6114025 19.91129 nan 0 0.0 0.026984751832946324 3.0089088732423273 0.0 0.0
0.01799485 0.01819286 0.9498077 -0.3257798 0.358616 0.2904574 0.1817903 18.08107 3.715834 1 0.0 0.025588958194934393 1.0041250644552848 0.0 0.0
0.01754902 0.005633057 -1.540966 -8.943262 2.266883 1.955268 0.8329922 19.69538 2.905804 0 0.0 0.018430936875960726 9.075048838094483 0.0 0.0
0.02026492 0.02016651 -1.786354 -8.647063 2.67745 2.306822 0.3678987 20.30536 nan 0 0.0 0.02858942301247963 8.829652266045644 0.0 0.0
0.002732931 0.002285346 -12.91365 3.705499 1.753435 1.444261 0.2099242 18.56091 nan 0 0.0 0.0035625437808505596 13.434771273136771 0.0 0.0
-0.0005274874 -0.002467729 -5.060731 -6.79845 0.4606432 0.372568 0.1996495 18.57852 3.52685 1 0.9157784 0.0025234756536570272 8.475253427294136 0.0 0.0
-0.00477876 -0.005113341 -12.45683 -8.229071 1.918947 1.702088 0.7751344 19.63701 nan 1 0.001075302 0.006998771557915075 14.929508470540515 0.0 0.0
-0.007802933 -0.02061075 -2.378082 -7.291605 2.273085 1.933256 0.8281455 19.69521 2.766663 0 0.0 0.022038347918230828 7.669600868021034 0.0 0.0
0.0163005 0.02614872 -6.870586 -11.13844 3.914531 3.528417 -0.1343704 20.615 2.243568 1 0.04292778 0.030813338960398305 13.087008734504458 0.0 0.0
0.008004094 0.02921681 -5.096982 -4.751949 0.5000903 0.4048384 0.1955842 18.68657 3.371382 1 2.646147e-06 0.030293357478776366 6.968518121302764 0.0 0.0
-0.003187419 -0.01601568 -5.941832 -6.807186 2.280914 2.072184 0.80032 19.96601 3.327946 1 0.265131 0.01632977788409754 9.03565984058829 0.0 0.0
0.004193717 0.004671385 -11.65584 -11.58077 1.732065 1.432815 0.3529789 19.83477 nan 0 0.0 0.006277666771525389 16.430850248800272 0.0 0.0
0.003828559 0.005201643 -6.677775 -8.231725 1.621334 1.361483 0.8061796 19.23882 3.241179 0 0.0 0.006458711474894199 10.599715818183524 0.0 0.0
0.004558872 0.004179272 -6.496329 -6.22353 0.7627081 0.6087711 0.09141711 18.82093 nan 0 0.0 0.006184628393231723 8.996366829845313 0.0 0.0
0.03027986 0.01065951 -1.429688 -2.004186 0.2597074 0.2143439 0.2702431 17.46589 3.40573 1 0.0 0.03210132512934162 2.4618629734288624 0.0 0.0
0.006149315 -0.006347475 -4.920403 -9.296598 2.861406 2.389755 0.471302 20.3877 nan 0 0.0 0.008837675816913065 10.518417183968936 0.0 0.0
0.007767474 0.00733191 -4.411711 -6.551214 1.541741 1.295458 0.6039922 19.98729 2.63426 1 0.4362048 0.010681318111018695 7.898202252494994 0.0 0.0
0.01408334 0.02946596 -0.7837187 -0.8171889 0.6579794 0.5404871 0.4158613 18.99542 2.948978 1 0.0 0.03265858637903974 1.1322599962079822 0.0 0.0
-0.00219646 -0.01496852 -2.537814 -9.032779 2.367295 1.970726 0.8388545 19.84736 3.065718 0 0.0 0.015128814478405108 9.382515460229042 0.0 0.0
0.01368943 0.01193939 -3.329863 -8.626991 2.331705 1.738124 0.415744 20.09542 nan 0 0.0 0.01816451285603333 9.247321845423679 0.0 0.0
0.02855966 0.0155028 -5.636016 -10.44001 2.57573 2.022525 0.7411541 19.83209 nan 0 0.0 0.03249601494269105 11.86416811885081 0.0 0.0
-0.01033354 -0.01042957 -3.528765 -4.53864 0.9546062 0.7815934 0.3904535 19.12644 2.983589 0 0.0 0.014681892906451131 5.749037786867033 0.0 0.0
0.02245385 0.009618376 4.031107 -3.071727 0.5815358 0.4710885 0.3063195 18.90733 3.165041 1 0.0 0.024427208942076784 5.068069692494175 0.0 0.0
-0.006291411 -0.006263561 1.147914 -0.06421165 1.358296 1.122868 0.1678635 20.01136 2.293842 0 0.0 0.00887772768064227 1.1497085227968533 0.0 0.0
0.01913536 -0.01805271 -5.378212 -11.9891 2.365024 2.086506 0.4541948 20.2636 1.886208 0 0.0 0.026307077767659788 13.140155369208692 0.0 0.0
-0.01093175 -0.02452303 3.71278 -8.092144 2.15532 1.809385 0.8238974 19.66686 2.556704 0 0.0 0.02684924875007493 8.903231427135655 0.0 0.0
0.02879428 0.0149763 -5.344055 -3.788641 0.2781838 0.2224019 0.2665697 17.41726 3.362375 1 0.0 0.03245612611524055 6.550780447389914 0.0 0.0
-0.01211189 0.02783736 -4.595065 -2.372957 1.816413 1.442844 0.3760868 20.0522 2.774021 0 0.0 0.03035813714873987 5.1716097376033705 0.0 0.0
0.01269274 -0.02823114 -2.344699 -1.826677 0.6803532 0.5421317 0.2447277 18.49868 3.601625 0 0.0 0.030953237543223162 2.9722655101672864 0.0 0.0
-0.009655431 -0.01069843 -1.735309 0.6953121 0.4219493 0.3443853 0.2511397 18.43601 3.24119 1 0.0 0.014411237013548179 1.8694267147677681 0.0 0.0
0.03157861 -0.005883353 -0.4215653 -0.9811304 0.7585009 0.6230948 0.4257804 19.07981 2.144739 1 0.0 0.032121993276487515 1.0678643003529287 0.0 0.0
0.02057695 0.0154305 -5.877455 -1.0475 0.6704395 0.5507454 0.07322484 18.90993 3.369127 0 0.0 0.025719860060904296 5.970069809225434 0.0 0.0
-0.01768604 -0.02146849 3.084616 -7.268281 3.222223 2.365057 0.2050848 20.24184 nan 0 0.0 0.027815320845924103 7.895743445833141 0.0 0.0
0.02198396 0.008117403 -8.122575 -14.08699 1.839722 1.642838 0.8517163 19.4104 2.791279 0 0.0 0.02343473338329261 16.26098127084356 0.0 0.0
0.01843569 0.004629622 -2.814665 -4.101231 1.905606 1.585577 0.7728387 19.64258 2.810162 1 0.06424398 0.019008105261676768 4.974176793961591 0.0 0.0
0.002680532 -0.005868568 -10.98346 -7.493382 2.806598 2.373829 0.5813661 20.41114 nan 0 0.0 0.006451770468146554 13.296133549627275 0.0 0.0
0.01973534 -0.01715256 -14.50373 -13.29667 1.943968 1.655241 0.8830942 19.37641 nan 1 0.004807793 0.026147542130555982 19.676372048774642 0.0 0.0
0.006069473 -0.0311678 -8.346136 -2.377775 0.6092985 0.4927618 0.1523638 18.95416 2.845274 0 0.0 0.031753271632033904 8.67823715285086 0.0 0.0
-0.02533215 -0.0007907551 -6.536943 -10.19697 3.018524 2.433064 0.4830303 20.45317 nan 0 0.0 0.025344488893064624 12.112382959853482 0.0 0.0
-0.03185143 -0.004956473 -0.352384 -1.714718 0.5200435 0.3976027 -0.01654131 18.71635 2.357079 1 0.0 0.03223476721871323 1.7505519995075838 0.0 0.0
-0.01625129 -0.02448947 -4.977585 -6.199824 3.753127 3.342793 0.4717662 20.87263 nan 1 0.03330436 0.0293911307632932 7.950733932361276 0.0 0.0
-0.006733815 -0.01993547 -10.79606 -7.271305 2.272216 2.033463 0.8411987 19.72677 2.573288 0 0.0 0.021042034801205065 13.016404569873549 0.0 0.0
0.01399736 -0.0224101 -5.25532 -3.576165 0.7584716 0.6049357 0.2319497 19.02463 nan 0 0.0 0.02642231384605822 6.356677151596187 0.0 0.0
