jas1101finalproject/data/gcs/Terzan_1_HP_2.ecsv
# %ECSV 0.9
# ---
# datatype:
# - {name: x, unit: deg, datatype: float64}
# - {name: y, unit: deg, datatype: float64}
# - {name: pmx, unit: mas / yr, datatype: float64}
# - {name: pmy, unit: mas / yr, datatype: float64}
# - {name: pmx_e, unit: mas / yr, datatype: float64}
# - {name: pmy_e, unit: mas / yr, datatype: float64}
# - {name: pm_corr, datatype: float64}
# - {name: g_mag, unit: mag, datatype: float64}
# - {name: bp_rp, unit: mag, datatype: float64}
# - {name: filter, datatype: int64}
# - {name: memberprob, datatype: float64}
# - {name: r, unit: deg, datatype: float64}
# - {name: pm, unit: mas / yr, datatype: float64}
# - {name: member_prob_GMM, datatype: float64}
# meta: !!omap
# - comments: [deg deg mas/yr mas/yr mas/yr mas/yr dimless mag   mag   zeroone float]
# - __serialized_columns__:
#     bp_rp:
#       __class__: astropy.units.quantity.Quantity
#       unit: &id001 !astropy.units.Unit {unit: mag}
#       value: !astropy.table.SerializedColumn {name: bp_rp}
#     g_mag:
#       __class__: astropy.units.quantity.Quantity
#       unit: *id001
#       value: !astropy.table.SerializedColumn {name: g_mag}
#     pm:
#       __class__: astropy.units.quantity.Quantity
#       unit: !astropy.units.Unit {unit: mas / yr}
#       value: !astropy.table.SerializedColumn {name: pm}
#     pmx:
#       __class__: astropy.units.quantity.Quantity
#       unit: !astropy.units.Unit {unit: mas / yr}
#       value: !astropy.table.SerializedColumn {name: pmx}
#     pmx_e:
#       __class__: astropy.units.quantity.Quantity
#       unit: !astropy.units.Unit {unit: mas / yr}
#       value: !astropy.table.SerializedColumn {name: pmx_e}
#     pmy:
#       __class__: astropy.units.quantity.Quantity
#       unit: !astropy.units.Unit {unit: mas / yr}
#       value: !astropy.table.SerializedColumn {name: pmy}
#     pmy_e:
#       __class__: astropy.units.quantity.Quantity
#       unit: !astropy.units.Unit {unit: mas / yr}
#       value: !astropy.table.SerializedColumn {name: pmy_e}
#     r:
#       __class__: astropy.units.quantity.Quantity
#       unit: &id002 !astropy.units.Unit {unit: deg}
#       value: !astropy.table.SerializedColumn {name: r}
#     x:
#       __class__: astropy.units.quantity.Quantity
#       unit: *id002
#       value: !astropy.table.SerializedColumn {name: x}
#     y:
#       __class__: astropy.units.quantity.Quantity
#       unit: *id002
#       value: !astropy.table.SerializedColumn {name: y}
# schema: astropy-2.0
x y pmx pmy pmx_e pmy_e pm_corr g_mag bp_rp filter memberprob r pm member_prob_GMM
[from data line 2672]
-0.02606227 0.01276912 -2.409043 -8.245365 1.629672 1.121564 0.3666657 20.12971 nan 0 0.0 0.029022273224668323 8.590083361590503 0.0
-0.03186843 -0.008301176 -1.651953 -3.44048 0.5527983 0.3922625 0.2869476 18.91235 nan 0 0.0 0.032931844066919125 3.816523463128322 0.0
-0.004728074 -0.03089625 -0.3101873 -5.751478 1.338057 0.9802695 0.1009602 19.81157 3.199223 0 0.0 0.03125592660299765 5.759836399201394 0.0
-0.003388457 0.005152697 -2.913535 -4.479499 0.2830433 0.2181195 0.07130436 16.22314 4.093347 0 0.0 0.0061670030983175285 5.343650202551248 0.0
0.02125594 0.005241988 -3.196787 -5.085993 0.5698177 0.4220452 0.4221953 18.63601 3.543026 0 0.0 0.021892771032369203 6.007226641256179 0.0
0.03364821 0.01774498 -0.1169132 -4.157317 1.256384 0.9358158 0.5015442 20.00429 3.074503 0 0.0 0.03804058821054822 4.158960607510395 0.0
0.02060278 0.02594449 -1.995749 -0.465007 2.265853 1.833184 0.02902858 19.7761 nan 0 0.0 0.033129912542723385 2.0492060855487426 0.0
-0.03254818 -0.02022042 -1.595289 -3.167326 0.8103946 0.5721952 0.4437378 19.37526 2.800667 0 0.0 0.03831774270868262 3.5463926719692225 0.0
-0.04659072 -0.01755394 -1.322545 -4.007302 0.8735402 0.6188552 0.4005929 19.34053 2.930866 0 0.0 0.04978791017548336 4.219904571933944 0.0
0.04489829 -0.0003812804 -7.053243 -7.129851 2.39323 1.860584 0.8263313 20.01996 nan 0 0.0 0.04489990890489116 10.02910824047931 0.0
-0.01973804 -0.04344276 2.725424 -1.229836 1.651757 1.199259 0.7345106 19.51053 3.034052 0 0.0 0.047716492111839065 2.9900556126386677 0.0
-0.02362156 0.03550534 1.375574 -0.2349099 0.9641993 0.7405598 0.4337218 19.82751 nan 0 0.0 0.04264513178956304 1.3954879041374777 0.0
0.004789181 -0.03719431 -3.167057 -9.216903 1.208623 0.8358277 0.4508454 19.82199 3.478651 0 0.0 0.03750137265523572 9.745847882696406 0.0
-0.005520229 0.02917756 -6.075015 -4.244381 0.8165999 0.61129 0.4673539 18.96457 3.439745 0 0.0 0.029695166875537863 7.4108418768305935 0.0
0.009942314 -0.03417156 1.490268 -6.191691 0.5949137 0.4107552 0.1975383 18.57478 3.938692 0 0.0 0.035588553223026585 6.368511297886265 0.0
0.01194738 0.02258519 -3.087195 1.031492 1.231234 1.031298 0.3145341 19.87136 nan 0 0.0 0.02555055177878748 3.254957559491214 0.0
-0.004046841 0.02561089 -4.810028 -6.703503 0.9276697 0.7139125 0.4654609 19.35324 3.466488 0 0.0 0.025928644559085248 8.250655842525067 0.0
-0.01093297 -0.03022727 -2.369164 -4.117342 0.3034159 0.214086 0.1448372 17.50941 3.901223 1 0.1201501 0.0321437036552075 4.750309800829836 0.0
0.02655093 0.03611303 -0.1965915 -4.171181 0.5085389 0.3481978 0.2911685 18.40519 3.243877 1 1.282028e-05 0.04482301662813202 4.1758111969572145 0.0
-0.03297274 -0.008868027 -4.819995 -3.37583 1.932507 1.45353 0.5497755 20.41556 1.969524 0 0.0 0.034144450295477434 5.884605338416927 0.0
-0.02863801 0.006001128 -2.404288 -4.226013 0.7275487 0.4922178 0.3838906 18.80561 3.766058 0 0.0 0.029260026555566965 4.862076373640484 0.0
0.02483405 0.009645209 -1.93534 -2.79706 0.768138 0.5801091 0.4633939 19.29801 3.715521 0 0.0 0.026641323091321518 3.401335849221597 0.0
-0.02385822 0.03499793 -1.833284 -2.709512 0.6351113 0.4926594 0.5138309 19.09853 2.90909 0 0.0 0.04235646073332024 3.2714500611808215 0.0
-0.01067791 0.04144901 -7.212549 -8.340237 0.2813767 0.2140952 0.1584214 17.38862 4.29874 1 0.0 0.04280231526387562 11.026350996298367 0.0
0.03829877 0.00406757 -1.659682 -1.137761 0.1193188 0.08869542 0.2189886 15.62793 2.909974 1 0.0 0.038514165046354056 2.012223753523698 0.0
-0.02184788 -0.01326705 -0.8206372 -2.218014 1.009409 0.6886696 0.4002329 19.63791 nan 0 0.0 0.025560603987325885 2.3649590944073093 0.0
0.02510427 0.03756109 -1.098446 -4.298069 1.415755 1.2469 0.1846246 19.95344 3.50235 0 0.0 0.045178090422471374 4.436212432208021 0.0
-0.04809751 -0.001437572 -4.029865 -5.317707 1.292633 0.9182208 0.4331474 19.93484 nan 0 0.0 0.04811898878255116 6.672167538069919 0.0
-0.03647413 0.001308337 -7.64731 -7.484267 2.520008 1.823243 0.7959492 20.14266 2.763556 0 0.0 0.03649758765949428 10.70026180817035 0.0
-0.002256993 -0.01665399 -3.016007 -6.158821 1.735874 1.169971 0.5816185 19.95587 2.62945 0 0.0 0.016806230996929353 6.857650788286758 0.0
-0.03844137 -0.01206866 1.0844 -2.96845 1.248179 0.8981824 0.479076 19.8692 nan 0 0.0 0.04029133258744987 3.160319408303534 0.0
0.01537051 0.04381731 -7.179275 -2.58599 0.6941389 0.4578294 0.3693564 18.79427 3.391529 0 0.0 0.04643500008933132 7.630814753728791 0.0
-0.04812368 -0.001704614 2.024813 -7.422719 1.331646 0.9277897 0.5278584 19.97312 nan 0 0.0 0.04815386054753447 7.6939343016385315 0.0
0.02291121 -0.002053996 -0.1730237 -7.565692 1.117954 0.8600179 0.4313171 19.59058 2.905363 0 0.0 0.023003096383576623 7.567670225348465 0.0
-0.01788193 0.01292547 0.8117672 -1.087773 0.6415933 0.5142747 -0.1952683 18.86579 2.388248 0 0.0 0.022064251522446895 1.3572826111480396 0.0
0.01788905 0.003531773 -5.43785 -8.354342 1.194964 0.8842571 0.519819 19.82221 2.998615 0 0.0 0.0182343502880149 9.968211618713962 0.0
0.02728088 0.01211266 0.7560518 -3.743998 1.006018 0.7558483 0.4794009 19.56266 3.26848 0 0.0 0.029849002426379345 3.8195726656639537 0.0
-0.003940932 0.008778546 -4.812791 -6.192828 1.427129 1.095704 0.7206687 19.43079 nan 0 0.0 0.009622567999382494 7.843090962577509 0.0
-0.003704211 0.008763296 -3.307393 -7.11297 1.139658 0.8202964 0.6264914 19.11208 nan 0 0.0 0.009514017863980338 7.84430944553751 0.0
-0.03366737 0.02262969 -5.158983 -7.068549 1.775154 1.367452 0.7545259 19.56443 3.074493 0 0.0 0.04056592994389504 8.750970835266793 0.0
0.001792573 -0.01319023 -0.7723179 -8.028307 0.8537728 0.5597291 0.4227329 18.85978 nan 0 0.0 0.01331147945997097 8.065369689289476 0.0
-0.03671248 0.005664632 -3.645078 -3.705635 2.562125 1.878011 0.732928 20.12303 2.651215 0 0.0 0.03714692777937126 5.197915387855885 0.0
-0.003388568 0.00835132 -8.075217 -4.499911 0.6984901 0.4961065 0.5145387 18.53706 nan 0 0.0 0.00901259889449342 9.244367398854829 0.0
-0.01227961 0.01537728 -5.335878 -8.116125 0.7862413 0.6142073 0.4294678 19.34465 2.381374 0 0.0 0.019678657524091932 9.713036551280398 0.0
0.002002929 -0.01396462 -1.021303 -1.494228 2.160983 1.463072 0.5054604 19.9004 nan 0 0.0 0.014107527647445566 1.8099108082424944 0.0
-0.008753591 0.001328128 -2.425185 -4.763994 0.8668052 0.6475114 0.4257083 18.80279 nan 0 0.0 0.00885377204244976 5.345761041821922 0.0
0.006555515 0.03573115 -5.789845 -8.883638 0.9447172 0.7328016 0.4454915 19.61057 3.515608 0 0.0 0.03632753579913899 10.603835590910913 0.0
0.02391992 0.0359554 -5.35494 -10.00733 0.8515329 0.7347978 0.2529857 19.5533 3.538052 0 0.0 0.04318510578852852 11.349979565289974 0.0
-0.03563977 0.02112981 1.056919 -0.2498181 0.9987637 0.7835366 0.2263454 19.51967 3.207272 0 0.0 0.04143262091986216 1.0860418296035426 0.0
-0.01059664 0.01994557 -3.931653 -5.9022 1.403088 1.150803 0.7768714 19.75362 3.152533 0 0.0 0.022585715439509546 7.091816421228696 0.0
0.04584542 0.0003220899 -0.9412613 -3.110729 0.9022092 0.6742827 0.4314648 19.5324 3.282373 0 0.0 0.04584655141752847 3.2500165763144486 0.0
-0.01180686 0.02134924 -3.016197 -4.240319 1.0216 0.7816569 0.5308224 19.37679 3.822781 0 0.0 0.024396556962760135 5.203628499861419 0.0
-0.01816367 -0.02778122 -3.350205 -5.807104 1.596904 1.145847 0.4091481 19.99938 2.801359 0 0.0 0.0331920938260499 6.70420244390345 0.0
-0.04142175 0.008735481 1.133165 -1.31084 0.7365202 0.5253837 0.4602098 19.26732 2.526958 0 0.0 0.042332847782352905 1.732733223212679 0.0
-0.001941932 0.007676159 -1.479445 -0.6495057 1.405905 1.115723 0.5380884 19.43989 nan 0 0.0 0.007917986921301714 1.615739818893342 0.0
0.03874166 -0.00656226 -8.100564 -7.287615 2.218064 1.625272 0.1603952 19.53039 3.445971 0 0.0 0.03929350424514464 10.896259427267736 0.0
-0.01761979 0.01785601 5.127395 -2.374028 2.50532 1.759263 0.6333294 20.25921 nan 0 0.0 0.0250857348460076 5.6503264003780345 0.0
0.002869986 -0.03824519 -3.870505 -2.484258 1.12091 0.8339096 0.7186869 19.1578 3.415831 0 0.0 0.03835272321200016 4.5991680514620255 0.0
-0.008779912 0.001551286 0.5019331 -0.5779721 0.2686185 0.2089843 0.303832 17.69901 2.998748 0 0.0 0.008915903935190195 0.7654989126406517 0.0
0.03052687 -0.03764149 0.8383505 -1.110388 0.5202691 0.3678969 0.5100295 18.71795 2.725691 0 0.0 0.04846412654136047 1.3913278087475467 0.0
0.01504655 -0.009418643 -1.54913 -3.893353 0.951602 0.7156934 0.5507825 19.59302 2.716749 0 0.0 0.017751323974958856 4.190226884013442 0.0
0.02451701 0.004060572 -2.776614 -4.750539 1.12188 0.7377001 0.8366003 18.62242 3.605556 0 0.0 0.02485099644495737 5.502472725558665 0.0
0.004266495 0.03383346 -5.037256 -5.527496 0.8726705 0.6681507 0.5029768 19.56974 3.525013 0 0.0 0.034101407524567445 7.478446365359051 0.0
0.02618096 0.03004586 -3.301807 -4.898298 0.4327624 0.3274994 0.1281281 17.87973 4.399662 0 0.0 0.03985218149187319 5.907220392202495 0.0
-0.0344512 0.00750605 -1.553485 -7.020869 1.240841 0.8660635 0.3471825 18.99086 2.360456 0 0.0 0.03525940963831499 7.190682663029012 0.0
-0.0007585123 0.02973848 -2.185767 -6.388182 1.077167 0.8405795 0.5336642 19.84742 nan 0 0.0 0.029748151768129248 6.751773592428362 0.0
0.01922174 -0.04022687 -3.296322 -0.2088872 1.534601 1.09349 0.6204077 19.51644 nan 0 0.0 0.04458336414655695 3.302933936670221 0.0
-0.02076511 -0.03488471 -3.310383 -5.556533 2.249121 1.622326 0.7687142 19.8539 nan 0 0.0 0.04059720169046384 6.467897230690821 0.0
-0.03463502 0.006678195 -7.786152 -4.299633 1.151079 0.7927668 0.3723389 19.66754 2.869293 0 0.0 0.03527297689249413 8.894436851301661 0.0
0.01748646 -0.04133853 -2.41652 1.227251 0.9989101 0.6949409 0.4564838 19.47155 2.420536 0 0.0 0.044884856531936246 2.7102977562255033 0.0
0.005977102 0.04222952 -1.554302 -1.566481 0.2749768 0.2083777 0.2208308 17.90198 3.773079 1 0.0 0.042650417439326474 2.206743625925993 0.0
0.01665273 0.002507746 -3.053187 -4.600684 0.2583192 0.1994539 0.3824791 16.3628 4.15631 1 0.9672717 0.016840493058500872 5.521616079086358 0.0
0.04619559 0.01776463 -2.171298 -9.047144 0.5721684 0.403414 0.4035281 18.49823 3.911621 0 0.0 0.04949358154836847 9.304050169766928 0.0
-0.03308421 0.009627496 -5.168496 -5.157753 0.8449543 0.6258765 0.3069533 19.16031 2.965689 0 0.0 0.034456546991161435 7.301764643634098 0.0
-0.01687475 -0.03117607 -7.030257 -6.998735 0.5068891 0.3426355 0.4619686 18.5921 3.661005 0 0.0 0.03545002860658084 9.920020417633927 0.0
-0.0142458 -0.02980999 1.284421 -0.6346744 0.1690054 0.1272169 0.3232397 16.52984 2.206751 1 0.0 0.033039042380796996 1.4326719440459355 0.0
0.02712742 0.02775869 -4.530835 -1.549504 0.5844738 0.4122628 0.3208588 18.13277 4.437201 1 0.0 0.03881290747125884 4.7884682773556095 0.0
0.03507112 0.02457088 1.47233 -3.299667 0.3459785 0.2563011 0.2484399 18.02426 1.946928 1 0.0 0.04282185892775791 3.6132475613759154 0.0
-0.006386489 0.0002277721 -3.149663 -4.967658 0.3345359 0.2608014 0.3414809 16.73698 4.112831 0 0.0 0.006390549418998293 5.882006716974488 0.0
0.01881416 0.02722659 -0.03894452 0.7571604 1.074659 0.7809045 0.6409002 19.43207 2.709858 0 0.0 0.03309470984211374 0.7581612935030319 0.0
-0.005833978 -0.0032779 -2.118956 -3.851252 0.2404302 0.2026825 0.3197281 16.275 3.667761 1 0.1683365 0.006691780608663437 4.395692948494014 0.0
0.01291898 0.009615094 -2.246407 -2.252385 0.7491128 0.5331942 0.1502028 19.17679 3.469711 0 0.0 0.016104349625776136 3.1811291388238234 1.0
0.00463213 -0.02273851 -0.02631974 -2.884804 1.340536 0.9528866 0.08113796 19.49474 nan 0 0.0 0.023205526612361117 2.8849240626279347 0.0
-0.002598192 -0.04066942 -1.663277 -3.948297 3.251156 2.273173 0.8606324 20.26141 2.540972 0 0.0 0.04075232907215567 4.284336538944857 0.0
0.01865181 0.003716643 -3.364493 -2.568489 2.360814 1.855509 0.8348661 19.86213 2.632195 0 0.0 0.01901850287129744 4.2328417038875905 0.0
0.001582252 -0.01014038 -7.311759 -0.9839324 0.6650289 0.4816202 0.4402046 18.39741 3.845327 0 0.0 0.010263080820879468 7.377665121286731 0.0
-0.02008173 -0.03405105 -0.685462 -2.389889 0.1498976 0.1074486 0.1665915 16.10048 3.013733 1 0.0 0.03953163146007764 2.4862476919577023 0.0
0.01470631 0.001388446 -4.346175 -5.16163 1.12843 0.8920561 0.7701134 19.16808 nan 0 0.0 0.014771707284908404 6.747715271669737 0.0
0.02853753 -0.008042651 -6.055065 -8.192482 1.128477 0.9580654 0.5892072 19.16337 3.613976 0 0.0 0.029649196508652657 10.18727507602249 0.0
-0.02266615 -1.879795e-05 4.185143 0.7222106 0.9091098 0.6411491 0.4822241 19.32837 2.756195 0 0.0 0.022666157794946726 4.24700012729001 0.0
0.03553123 -0.01219344 -6.812481 -10.37249 1.335437 1.0237 0.4711518 19.4322 3.46978 0 0.0 0.03756525368404291 12.40961104045816 0.0
0.007367975 -0.005748021 -2.058588 -5.138133 0.289093 0.2243021 0.3790846 16.72239 4.500597 1 0.5877535 0.009344881006041007 5.5351779808270845 0.0
-0.01679582 -0.03151747 -2.182165 -4.861007 1.679868 1.154691 0.6260009 19.9829 nan 0 0.0 0.035713449632782605 5.3283424384393685 0.0
0.02880931 0.02172335 -3.779007 -5.862913 0.6634399 0.4525709 0.3882073 18.74978 4.163727 0 0.0 0.03608157809601182 6.975288004922664 0.0
0.04113722 -0.0008392893 0.5763571 -0.7659335 0.8228483 0.5902422 0.4153661 18.58322 2.83045 0 0.0 0.04114578077831911 0.9585622740034474 0.0
0.03806939 0.02280736 1.3289 -5.506032 2.233778 1.538615 0.2234237 19.85509 nan 0 0.0 0.04437853225537884 5.66412955316384 0.0
-0.003467444 0.007489196 -1.442799 -2.563645 0.3370159 0.2690321 0.332593 16.93041 2.532069 0 0.0 0.008252952478934554 2.941758766524883 0.0
0.03035526 0.002166837 1.702664 -3.996223 0.3560255 0.2651556 0.2741856 17.82379 4.340277 1 0.0 0.030432498948528182 4.343830448190284 0.0
0.005500173 -0.01661215 0.5932708 -9.549392 0.7845029 0.566163 0.465675 19.23062 3.452108 0 0.0 0.01749901227648089 9.567803186301264 0.0
-0.003072898 0.006972318 -3.958749 -5.989338 0.6169176 0.4675395 0.5301887 18.02963 nan 0 0.0 0.007619443576241509 7.179405499290662 0.0
0.0008195499 -0.01988883 -2.730119 -4.816411 0.4231653 0.3027467 0.007566948 17.84802 4.075371 1 0.931943 0.019905708246819302 5.536367462071318 0.0
-0.04378016 -0.01082351 -1.984291 -5.927035 0.799831 0.5374732 0.4817994 18.20107 2.830574 0 0.0 0.04509823475864327 6.250372362020202 0.0
0.03056652 0.004907631 -3.15822 -0.7307301 0.9973627 0.7313387 0.5816986 19.3861 nan 0 0.0 0.030957987449809474 3.241653906179068 0.0
0.01368573 0.03789334 -1.074226 -6.897067 0.3025104 0.2334049 0.1487726 17.30688 4.938384 1 0.0 0.04028901118156786 6.980221679972993 0.0
0.002134479 -0.01079842 7.409536 3.434666 1.793822 1.433008 0.7622126 19.73424 3.066296 0 0.0 0.011007355499748383 8.166893795492385 0.0
-0.02029642 -0.01312367 -5.789676 -7.244931 0.7946345 0.545245 0.6557862 18.83699 nan 0 0.0 0.024169720293898727 9.274123860491459 0.0
0.005053106 -0.01745518 -6.040025 -6.00992 1.897071 1.380248 0.3942408 20.10623 3.49758 0 0.0 0.018171879073987807 8.520624414150937 0.0
-0.001521113 0.008505863 -4.230309 -6.490245 1.202817 0.9693778 0.6658991 19.09888 2.68877 0 0.0 0.008640803789783564 7.747179770439434 0.0
-0.01734987 -0.0207277 10.43165 2.100741 3.312324 2.258625 0.7347586 20.18751 nan 0 0.0 0.027030640693607322 10.641072994373312 0.0
0.02607079 0.01160183 -6.490215 -5.816622 1.267161 0.9316502 0.4211362 19.78443 3.597151 0 0.0 0.028535741633484837 8.71527292958224 0.0
-0.02106241 0.002531687 -2.540161 -2.548547 1.251226 0.8698282 0.4668376 19.92929 nan 0 0.0 0.021214017867298714 3.5982648203168703 0.0
-0.01775514 0.03885208 -4.404801 -3.929744 0.7771866 0.5945681 0.04987327 17.78721 3.818115 0 0.0 0.04271684816025171 5.902978888250999 0.0
-0.02018796 -0.02891077 1.283496 -6.580126 1.000924 0.7063865 0.4366777 19.7239 3.127045 0 0.0 0.03526168389278226 6.704134556964978 0.0
-0.02310755 -0.02403624 -4.538016 -4.771805 0.6097591 0.4342977 0.2506385 18.87975 nan 0 0.0 0.03334216100285193 6.58511292038952 0.0
