jas1101finalproject/data/gcs/Terzan_7.ecsv
# %ECSV 0.9
# ---
# datatype:
# - {name: x, unit: deg, datatype: float64}
# - {name: y, unit: deg, datatype: float64}
# - {name: pmx, unit: mas / yr, datatype: float64}
# - {name: pmy, unit: mas / yr, datatype: float64}
# - {name: pmx_e, unit: mas / yr, datatype: float64}
# - {name: pmy_e, unit: mas / yr, datatype: float64}
# - {name: pm_corr, datatype: float64}
# - {name: g_mag, unit: mag, datatype: float64}
# - {name: bp_rp, unit: mag, datatype: float64}
# - {name: filter, datatype: int64}
# - {name: memberprob, datatype: float64}
# - {name: r, unit: deg, datatype: float64}
# - {name: pm, unit: mas / yr, datatype: float64}
# - {name: member_prob_GMM, datatype: float64}
# - {name: member_prob_DB, datatype: float64}
# meta: !!omap
# - comments: [deg deg mas/yr mas/yr mas/yr mas/yr dimless mag   mag   zeroone float]
# - __serialized_columns__:
#     bp_rp:
#       __class__: astropy.units.quantity.Quantity
#       unit: &id001 !astropy.units.Unit {unit: mag}
#       value: !astropy.table.SerializedColumn {name: bp_rp}
#     g_mag:
#       __class__: astropy.units.quantity.Quantity
#       unit: *id001
#       value: !astropy.table.SerializedColumn {name: g_mag}
#     pm:
#       __class__: astropy.units.quantity.Quantity
#       unit: !astropy.units.Unit {unit: mas / yr}
#       value: !astropy.table.SerializedColumn {name: pm}
#     pmx:
#       __class__: astropy.units.quantity.Quantity
#       unit: !astropy.units.Unit {unit: mas / yr}
#       value: !astropy.table.SerializedColumn {name: pmx}
#     pmx_e:
#       __class__: astropy.units.quantity.Quantity
#       unit: !astropy.units.Unit {unit: mas / yr}
#       value: !astropy.table.SerializedColumn {name: pmx_e}
#     pmy:
#       __class__: astropy.units.quantity.Quantity
#       unit: !astropy.units.Unit {unit: mas / yr}
#       value: !astropy.table.SerializedColumn {name: pmy}
#     pmy_e:
#       __class__: astropy.units.quantity.Quantity
#       unit: !astropy.units.Unit {unit: mas / yr}
#       value: !astropy.table.SerializedColumn {name: pmy_e}
#     r:
#       __class__: astropy.units.quantity.Quantity
#       unit: &id002 !astropy.units.Unit {unit: deg}
#       value: !astropy.table.SerializedColumn {name: r}
#     x:
#       __class__: astropy.units.quantity.Quantity
#       unit: *id002
#       value: !astropy.table.SerializedColumn {name: x}
#     y:
#       __class__: astropy.units.quantity.Quantity
#       unit: *id002
#       value: !astropy.table.SerializedColumn {name: y}
# schema: astropy-2.0
x y pmx pmy pmx_e pmy_e pm_corr g_mag bp_rp filter memberprob r pm member_prob_GMM member_prob_DB
[from data line 553]
0.02365531 -0.01068602 -1.747268 -4.389049 0.7379892 0.7427623 0.3847455 19.51433 nan 0 0.0 0.025956978149170216 4.724055100041171 0.0 0.0
-0.0009672597 -0.02616269 -4.647495 -4.652385 2.39567 2.780078 0.5965201 20.5462 0.4593048 0 0.0 0.026180564152885322 6.576009121287013 0.0 0.0
-0.02356463 0.01575367 -4.143713 -1.776921 1.648249 1.742127 0.425398 20.41894 0.9591694 1 0.7824884 0.028345544720569407 4.508636785837822 0.0 0.0
-0.02785977 0.02090218 1.374857 -2.588803 1.85877 2.087809 0.5307289 20.48651 0.5694237 0 0.0 0.034829124496680935 2.9312339966740972 0.0 0.0
0.009824008 -0.02245539 -3.574227 -1.966792 0.3451446 0.3523996 0.3119151 18.23397 1.2682 1 0.9661326 0.02451031768941733 4.079628588339017 0.0 0.0
-0.01113037 -0.02872691 -4.083822 -2.365423 1.966415 2.033353 0.2547868 20.49107 0.6373291 1 0.6681518 0.03080779924767428 4.719409719087017 0.0 0.0
0.0378276 0.02460993 -8.858513 0.9883894 1.581549 1.85197 0.7222142 20.21315 1.883888 1 0.0 0.04512843866526849 8.913482269977393 0.0 0.0
-0.02248806 0.02702258 1.421067 1.07606 3.65807 3.745788 0.1093506 20.82243 0.8946915 0 0.0 0.03515583411640236 1.782508497059411 0.0 0.0
-0.02434393 0.0190379 -1.433287 -1.136856 2.28602 2.099156 0.1139602 20.51638 0.6561584 0 0.0 0.030904183604407026 1.829413345612467 0.0 0.0
-0.006615094 -0.00774178 0.522666 -7.634417 1.087865 1.168581 0.5859752 19.82141 nan 0 0.0 0.010183055837872833 7.652287414717576 0.0 0.0
-0.0009924429 -0.01880033 -1.866697 -1.204836 0.6513461 0.6541065 0.4578502 19.20125 1.229162 0 0.0 0.018826506606873735 2.2217532438830827 0.0 0.0
0.0007392663 -0.01838452 -3.038872 -1.577226 0.1231476 0.1144582 0.2823562 16.65318 1.435248 1 0.999275 0.01839937744307442 3.4237968525395894 0.0 0.0
-0.04303828 -0.003289496 -1.343557 -6.03199 0.9046245 0.8965826 0.3874327 19.6554 1.189135 0 0.0 0.043163808095352474 6.179809768297807 0.0 0.0
0.005936021 0.004125795 -0.7859416 -1.422927 1.576427 1.619851 0.4153284 20.34818 0.5698681 0 0.0 0.007229006134626391 1.6255538889681758 0.0 0.0
0.02275722 0.009333759 -3.29673 -1.289318 0.8209696 0.8533084 0.3771443 19.62735 0.930851 1 0.9467421 0.024596953453598296 3.5398827096422276 0.0 0.0
-0.02876366 0.02077598 -4.095255 -7.13425 2.387731 2.775017 0.549103 20.75234 0.4723969 0 0.0 0.035482241777486385 8.226094855855056 0.0 0.0
-0.004206226 0.007673569 -2.421703 -1.620869 1.961692 2.213983 0.5037493 20.49951 0.5185146 0 0.0 0.008750771300910395 2.9140799123170935 0.0 0.0
0.008896644 -0.01137359 -3.925127 -2.823643 1.142786 1.254245 0.5215397 20.13142 0.504427 0 0.0 0.014439834623389424 4.835243712324954 0.0 0.0
-0.007992435 -0.04076573 -0.3085107 -0.8366581 2.053285 2.281538 0.6474377 20.44112 nan 0 0.0 0.04154183144328287 0.8917262070333585 0.0 0.0
-0.008725645 0.0122623 -1.335298 -1.816995 0.8643235 0.8957226 0.4789105 19.75863 0.3724098 0 0.0 0.015049946244290211 2.2548817216938453 0.0 0.0
0.0005888033 -0.001374788 -2.518924 -1.855238 0.6749814 0.6698984 0.4757055 19.25897 0.5750332 0 0.0 0.001495570583768914 3.128399935177726 0.0 0.0
0.007164677 -0.01259794 -3.655539 -1.08739 1.014668 1.05127 0.393699 19.98906 0.470602 0 0.0 0.014492780573717695 3.8138408976543583 0.0 0.0
0.0005385998 -0.001161165 -11.48809 -10.79772 3.089702 2.741199 0.3382005 20.33296 nan 0 0.0 0.0012799976178825647 15.766006756515742 0.0 0.0
-0.0267785 0.01604261 -0.09687751 -0.1771545 3.508225 3.605802 0.07947158 20.837 0.1179256 0 0.0 0.03121623612580639 0.20191327052487187 0.0 0.0
0.03215344 0.02659978 0.2495796 -5.244745 1.213861 1.284406 0.4285756 20.13075 1.465805 1 3.036838e-05 0.04172998921497584 5.250679964705634 0.0 0.0
0.01063308 0.02432415 -5.848762 -7.712562 1.673047 1.763647 0.4445446 20.36765 0.7043839 0 0.0 0.026546688371789428 9.679443658417977 0.0 0.0
-0.0004403936 -0.002126283 -5.317713 -3.127691 0.8122047 0.7948299 0.4588562 19.3039 0.7554951 0 0.0 0.002171411043310308 6.169321076248991 0.0 0.0
0.009276167 0.01571835 -6.369466 -1.285892 2.137131 1.87598 0.05733876 20.38375 0.4488678 0 0.0 0.018251405450934153 6.497970095408258 0.0 0.0
0.02909145 0.030984 -4.660156 -1.911185 2.912806 2.874857 0.02494183 20.7697 0.8150291 1 0.3411084 0.04250083198129773 5.036832541246631 0.0 0.0
-0.002071045 -0.04182967 1.980089 -2.576954 0.1083569 0.09787749 0.2316505 16.37097 1.137309 1 0.0 0.04188090877357994 3.249837590716958 0.0 0.0
0.001843974 0.0007614236 -2.979616 -1.779333 0.3432388 0.3462937 0.5157048 18.06147 1.199724 0 0.0 0.00199499524092489 3.470466457458565 0.0 0.0
0.02435912 -0.007214853 -4.171831 1.037675 2.442999 2.527728 0.142305 20.4443 0.8404083 0 0.0 0.025405133949381355 4.2989467661493554 0.0 0.0
-0.02816181 0.0230612 -5.135563 1.502681 0.8158011 0.8453736 0.482015 19.73585 1.070282 1 3.659428e-06 0.03639926493648052 5.350893151122531 0.0 0.0
0.002120061 -0.001084897 -2.323089 -2.195982 2.037624 1.971467 0.3097705 20.44967 nan 0 0.0 0.0023815247519876842 3.196729492191199 0.0 0.0
-0.005912409 -0.005922116 -2.911274 -3.686688 1.854025 1.96389 0.5738015 20.22016 0.4571915 0 0.0 0.008368275694594257 4.697572214710489 0.0 0.0
0.02311395 0.02817445 -4.189192 -4.649656 0.2367852 0.225941 0.4024096 17.6862 1.153074 1 0.0 0.036442479572677274 6.258484683307934 0.0 0.0
-0.002448432 -0.006856543 -6.842403 -2.172558 2.286039 1.842711 0.02411324 20.4587 0.4987679 0 0.0 0.007280590715695602 7.179031068171596 0.0 0.0
-0.00146952 -0.005773145 -2.350155 -2.624772 2.136797 2.344935 0.6773573 20.33297 nan 0 0.0 0.005957238640630825 3.5231600270224743 0.0 0.0
0.007567893 0.005262441 -3.865509 -1.201246 2.07661 2.172438 0.2874926 20.49184 0.5104809 0 0.0 0.009217716080349297 4.047857678031306 0.0 0.0
-0.02635311 0.02055935 -6.906788 -1.661204 1.888349 2.102834 0.4902904 20.4244 0.622633 0 0.0 0.03342414215944218 7.1037538813334455 0.0 0.0
0.03918202 0.02135536 -5.784055 -7.503835 1.197253 1.261409 0.4714309 20.07448 0.59231 0 0.0 0.04462378392752009 9.47432488097437 0.0 0.0
0.0082203 0.002141957 -2.584865 -2.650712 0.6168351 0.6257101 0.4250018 19.35418 1.017221 0 0.0 0.008494781449798988 3.702404782728247 0.0 0.0
0.01642805 -0.003417278 -1.47738 -3.59529 2.061535 2.310399 0.620892 20.46882 0.9145679 0 0.0 0.016779708451930386 3.8869990800744985 0.0 0.0
0.02465083 -0.03908673 -2.757669 -11.59791 1.190147 1.218776 0.3621931 20.12128 1.395594 0 0.0 0.046210776684468303 11.921252227918886 0.0 0.0
-0.04122131 0.02783173 0.5557635 -4.440645 0.2980137 0.2904407 0.3571355 18.0838 0.9260159 1 0.0 0.0497373259525379 4.475287821353756 0.0 0.0
0.03840717 0.02898131 2.172485 -2.324975 1.782963 1.983352 0.4153877 20.52143 1.329163 1 0.008671915 0.04811472785670724 3.1820119147875605 0.0 0.0
-0.04129547 0.02548566 -4.391301 -10.75633 0.8622335 0.8630505 0.4066461 19.69759 1.26438 1 0.0 0.04852663915991401 11.618182282160191 0.0 0.0
0.0482555 -0.006309795 2.379017 -10.72596 0.3386119 0.3543388 0.4176974 18.44045 0.8446732 1 0.0 0.04866627983719348 10.986625496843379 0.0 0.0
0.006113543 0.02844829 -6.157033 -3.224242 1.995927 2.245818 0.5074082 20.52835 0.7071877 0 0.0 0.029097776752476278 6.950164878450942 0.0 0.0
0.04828153 -0.004707637 -2.718008 -6.201999 0.3230265 0.3392983 0.420383 18.37348 1.186846 1 0.0 0.04851049355824644 6.771437002886832 0.0 0.0
0.003903716 0.02811273 -9.117443 -1.667716 0.6144207 0.6171868 0.4366301 19.19252 1.052702 1 0.0 0.028382469706872866 9.268713153124601 0.0 0.0
-0.003099724 -0.04236758 -1.270828 -4.209421 0.7539376 0.7501811 0.3678381 19.6766 0.8995609 1 5.685901e-05 0.042480820659829256 4.3970704975955295 0.0 0.0
-0.001494719 -0.0003867933 -5.812276 -5.396675 3.272283 3.004942 -0.03066255 20.3264 nan 0 0.0 0.0015439539973347296 7.931371467520671 0.0 0.0
-0.01263423 -0.04046876 -1.754829 -13.30912 1.460865 1.623152 0.4836401 20.34353 1.669155 0 0.0 0.04239509763676102 13.424310037899192 0.0 0.0
-0.00613819 -0.007661635 -3.081336 -1.474087 0.2390641 0.2188803 0.3897941 17.57481 1.141701 1 0.9982975 0.009817231144743664 3.41578161311068 0.0 0.0
-0.004381423 -0.002515497 -0.3528125 2.977863 2.432052 2.82027 0.7533237 20.39234 1.068802 0 0.0 0.00505218691874499 2.9986904986885943 0.0 0.0
-0.03109844 0.01979858 -0.6960801 1.272592 1.648458 1.751112 0.4603635 20.38991 0.9152279 0 0.0 0.03686592926334558 1.4505233207639268 0.0 0.0
0.01265636 -0.04536302 -5.224694 -7.057208 3.451842 3.943219 0.1706125 20.81307 1.389509 1 0.1168327 0.047095509679480056 8.780752368043412 0.0 0.0
0.0006641171 -0.0005698879 -6.346244 -4.211728 1.395178 1.371451 0.417356 20.02425 nan 0 0.0 0.0008751135589618184 7.6166571180223155 0.0 0.0
0.001517619 -4.728562e-05 -2.812681 -1.59167 0.4906005 0.5022585 0.534173 18.74056 0.8438034 0 0.0 0.0015183554784765601 3.2318087500130637 0.0 0.0
-0.0001140675 2.319257e-06 -5.217426 -6.798944 2.556773 2.125693 0.2888692 20.34155 nan 0 0.0 0.00011409107550234614 8.570132646617086 0.0 0.0
-0.01573355 0.02895819 -2.639211 -5.74823 0.5775198 0.5912408 0.4765844 19.22573 1.043562 1 0.0 0.03295635543682887 6.325154767704977 0.0 0.0
-0.02298658 0.01367482 1.65772 -1.957343 2.799614 2.718988 0.009051915 20.69354 0.7690697 1 0.4115955 0.026746655157772536 2.5650004323681896 0.0 0.0
0.04380115 0.01948004 2.853936 -2.681786 0.629333 0.6132462 0.3272996 19.33289 0.8908482 1 0.0 0.047937591718025425 3.9162388642538133 0.0 0.0
0.008825631 0.02889437 -6.061773 1.368346 0.9558107 1.039647 0.5483123 19.79328 1.185036 1 2.164268e-06 0.030212189266007536 6.214295026730304 0.0 0.0
0.02461168 -0.001973534 0.0261111 -7.707319 2.829841 2.903697 0.03669842 20.78534 0.8854218 1 0.152836 0.02469067898765759 7.707363229879866 0.0 0.0
0.0102821 0.02882172 -1.435992 -6.364612 2.06032 2.111323 0.5068552 20.40132 1.139431 0 0.0 0.03060086802965563 6.524596457606248 0.0 0.0
0.01200929 -0.00920723 -1.574687 -0.6273326 1.18723 1.289015 0.5793639 19.95179 0.8824158 0 0.0 0.015132618100546912 1.695047296977804 0.0 0.0
-0.001168368 -0.001412942 -3.354686 -2.823283 0.5183102 0.5523758 0.5770658 18.71165 0.4352684 0 0.0 0.0018334363579868267 4.384614584736611 0.0 0.0
-0.02307585 -0.0263719 -1.738395 -6.659635 0.8574925 0.8801933 0.5744386 19.61826 1.256107 0 0.0 0.03504243089216985 6.882786899886557 0.0 0.0
0.008167528 -0.02386664 -2.618989 -6.044082 0.7779375 0.7832973 0.3611385 19.6951 0.575695 0 0.0 0.02522548351410502 6.5871109452357794 0.0 0.0
-0.005759646 -0.03692796 -4.300042 0.4304479 3.061303 3.549682 0.4910988 20.79087 0.5138378 0 0.0 0.03737442644117654 4.32153289891196 0.0 0.0
0.02243603 0.02851796 -2.736802 -8.462436 1.353887 1.465204 0.6215132 20.01809 1.249186 0 0.0 0.03628566500317308 8.893981574148892 0.0 0.0
0.005233239 0.006242999 -2.442316 -1.37265 0.3495798 0.3700995 0.584657 18.19229 nan 0 0.0 0.008146276876286614 2.801620150262344 0.0 0.0
0.0003628872 -1.496156e-06 -2.991877 0.8747447 1.558037 1.671866 0.5768453 20.14959 nan 0 0.0 0.0003628902842549196 3.117131096586586 0.0 0.0
-0.03913533 0.02415156 -7.029565 -4.496083 2.296424 2.527086 0.4047349 20.71062 0.4539318 0 0.0 0.04598773645921813 8.344432061687241 0.0 0.0
0.005208088 0.005499134 -2.236987 -0.1525939 1.45015 1.553047 0.6038372 20.13746 nan 0 0.0 0.007573945825373984 2.242185482177202 0.0 0.0
0.02052767 0.02896477 -1.62176 -7.954311 0.4734743 0.5106922 0.6241581 18.59498 0.7899914 1 0.0 0.03550131176142369 8.11795349717655 0.0 0.0
-0.03200919 -0.02751546 1.410934 -6.421612 0.4322077 0.4685943 0.4837426 18.54419 0.956831 1 0.0 0.04221005547814052 6.574787862045436 0.0 0.0
-0.007267469 -0.01046934 -4.051952 -2.705852 1.293335 1.421311 0.6330735 20.03626 0.4848461 0 0.0 0.012744535523178592 4.872365960825193 0.0 0.0
0.01871504 0.008648125 -3.37062 -1.627591 0.9009459 0.943224 0.4262115 19.8584 0.7332058 0 0.0 0.020616565868670392 3.743011040283077 0.0 0.0
-0.003527813 -0.005773207 -3.595366 -2.915309 0.2440688 0.2282129 0.4163825 17.6489 1.181107 0 0.0 0.00676575078079425 4.628788528269249 0.0 0.0
-0.004907267 -0.02446911 -4.314337 -4.327307 1.537618 1.70892 0.4848645 20.32258 0.7722301 0 0.0 0.02495633413787748 6.110571955375209 0.0 0.0
0.008398579 0.02736853 -1.774627 -6.62838 0.600989 0.6164423 0.4690799 19.3011 1.137648 1 0.0 0.028628177790074955 6.861830835391456 0.0 0.0
0.0417872 0.009066951 -2.642065 -6.418939 1.103455 1.192303 0.475531 20.10338 0.6246166 1 0.0001554917 0.04275955664265476 6.941418107991046 0.0 0.0
-0.02568251 -0.03671049 -5.929814 -3.672568 1.721744 1.655773 0.2948347 20.26208 0.8149738 1 0.2515983 0.04480235926756759 6.974987440076148 0.0 0.0
0.003072966 -0.02782214 -10.1821 -4.551862 0.4967658 0.4939559 0.5004885 18.87262 1.293636 1 0.0 0.02799133069749911 11.153233077320854 0.0 0.0
-0.01075606 -0.01253729 1.255071 -11.46056 0.5027292 0.5386046 0.597624 18.70926 1.005651 1 0.0 0.01651897294833126 11.529077965242537 0.0 1.0
0.009499004 -0.01160253 -2.564343 -20.9179 0.2045041 0.188177 0.2474875 17.53058 0.8531494 1 0.0 0.014994991810365087 21.074496326879295 0.0 0.0
-0.007216103 -0.02385893 -6.184005 -4.638078 0.1098432 0.09533232 0.1431183 16.22716 0.8491907 1 0.0 0.024926305046105587 7.7300508002282236 0.0 0.0
0.0004633074 0.0015549 -2.801319 -1.241526 0.2672976 0.2586859 0.4415393 17.61009 1.083399 0 0.0 0.0016224573205156304 3.0641107924546396 0.0 0.0
-0.01803917 0.007576345 1.673298 -2.985342 1.038058 0.975135 0.2526956 19.783 1.355328 0 0.0 0.01956559883693635 3.422308147108907 0.0 0.0
0.003877566 0.005911195 -2.630607 -1.410171 0.8042324 0.8560506 0.5970181 19.49495 0.5908031 0 0.0 0.007069493929015075 2.984740430538307 0.0 0.0
-0.03213165 0.02947607 0.189534 -2.087719 1.331135 1.44471 0.5170423 20.03303 1.010914 1 0.03982745 0.043603688311510985 2.0963047870281173 0.0 0.0
-0.00267415 -0.01272355 -4.408927 -4.118694 2.490432 2.07209 0.2660377 20.56121 0.4953384 0 0.0 0.013001530787757263 6.033429999342414 0.0 0.0
-0.0003650903 -0.001340455 -15.09877 -17.72284 2.479071 2.297035 0.2209919 20.73695 nan 0 0.0 0.0013892841804969528 23.282437870173734 0.0 0.0
0.000362862 -0.005742616 -1.288868 -4.583571 2.768319 2.921055 0.3295119 20.50704 nan 0 0.0 0.0057540687651869435 4.761334249290318 0.0 0.0
-0.01284052 -0.004568683 -4.542974 -3.074982 1.600194 1.821503 0.5240755 20.29608 1.143341 0 0.0 0.01362907987447755 5.4858114317756135 0.0 0.0
0.03458145 0.008009784 1.847875 -9.635953 2.72101 2.596161 -0.1008266 20.74635 0.5055428 0 0.0 0.03549694809176073 9.811535671536541 0.0 0.0
-0.01494914 -0.004004461 -3.813704 -1.191343 0.5956572 0.5950661 0.5375973 19.04405 1.115417 1 0.9368096 0.015476191218776051 3.9954519573215994 0.0 0.0
-0.03444261 -0.02932079 -1.777225 -10.48201 0.5066829 0.511477 0.3734838 18.73059 1.869785 1 0.0 0.04523275483359598 10.63160676194925 0.0 0.0
-0.02054618 -0.006569136 -2.23696 -4.304053 0.3910887 0.4258757 0.4639017 18.43262 0.8458557 1 0.0 0.021570791834768052 4.8506558596141405 0.0 0.0
