jas1101finalproject/data/gcs/Terzan_10.ecsv
# %ECSV 0.9
# ---
# datatype:
# - {name: x, unit: deg, datatype: float64}
# - {name: y, unit: deg, datatype: float64}
# - {name: pmx, unit: mas / yr, datatype: float64}
# - {name: pmy, unit: mas / yr, datatype: float64}
# - {name: pmx_e, unit: mas / yr, datatype: float64}
# - {name: pmy_e, unit: mas / yr, datatype: float64}
# - {name: pm_corr, datatype: float64}
# - {name: g_mag, unit: mag, datatype: float64}
# - {name: bp_rp, unit: mag, datatype: float64}
# - {name: filter, datatype: int64}
# - {name: memberprob, datatype: float64}
# - {name: r, unit: deg, datatype: float64}
# - {name: pm, unit: mas / yr, datatype: float64}
# - {name: member_prob_GMM, datatype: float64}
# - {name: member_prob_DB, datatype: float64}
# meta: !!omap
# - comments: [deg deg mas/yr mas/yr mas/yr mas/yr dimless mag   mag   zeroone float]
# - __serialized_columns__:
#     bp_rp:
#       __class__: astropy.units.quantity.Quantity
#       unit: &id001 !astropy.units.Unit {unit: mag}
#       value: !astropy.table.SerializedColumn {name: bp_rp}
#     g_mag:
#       __class__: astropy.units.quantity.Quantity
#       unit: *id001
#       value: !astropy.table.SerializedColumn {name: g_mag}
#     pm:
#       __class__: astropy.units.quantity.Quantity
#       unit: !astropy.units.Unit {unit: mas / yr}
#       value: !astropy.table.SerializedColumn {name: pm}
#     pmx:
#       __class__: astropy.units.quantity.Quantity
#       unit: !astropy.units.Unit {unit: mas / yr}
#       value: !astropy.table.SerializedColumn {name: pmx}
#     pmx_e:
#       __class__: astropy.units.quantity.Quantity
#       unit: !astropy.units.Unit {unit: mas / yr}
#       value: !astropy.table.SerializedColumn {name: pmx_e}
#     pmy:
#       __class__: astropy.units.quantity.Quantity
#       unit: !astropy.units.Unit {unit: mas / yr}
#       value: !astropy.table.SerializedColumn {name: pmy}
#     pmy_e:
#       __class__: astropy.units.quantity.Quantity
#       unit: !astropy.units.Unit {unit: mas / yr}
#       value: !astropy.table.SerializedColumn {name: pmy_e}
#     r:
#       __class__: astropy.units.quantity.Quantity
#       unit: &id002 !astropy.units.Unit {unit: deg}
#       value: !astropy.table.SerializedColumn {name: r}
#     x:
#       __class__: astropy.units.quantity.Quantity
#       unit: *id002
#       value: !astropy.table.SerializedColumn {name: x}
#     y:
#       __class__: astropy.units.quantity.Quantity
#       unit: *id002
#       value: !astropy.table.SerializedColumn {name: y}
# schema: astropy-2.0
x y pmx pmy pmx_e pmy_e pm_corr g_mag bp_rp filter memberprob r pm member_prob_GMM member_prob_DB
[from data line 904]
0.02186888 -0.0254575 -1.059172 -6.696047 0.9121696 0.7371618 0.6521167 18.93248 2.937376 0 0.0 0.03356087333047816 6.779298691737442 0.0 0.0
-0.004388011 -0.0153485 -7.515082 -2.11541 0.3076682 0.2599818 -0.003876269 17.03892 nan 0 0.0 0.015963429856585363 7.807138844341376 0.0 0.0
-0.007322503 0.01059511 9.912601 5.404951 3.316936 2.67287 0.5895808 20.50428 nan 0 0.0 0.012879262637942786 11.29040096265859 0.0 0.0
0.04298807 0.01629805 -6.24547 -5.989622 0.3833632 0.3057049 0.5391367 17.61376 3.602451 1 0.0 0.045973912125545725 8.653407838752546 0.0 0.0
0.009399964 -0.006031398 -3.55562 -4.25423 0.370595 0.3020841 0.4085311 18.06064 3.039909 0 0.0 0.011168575783675375 5.544448257247965 0.0 0.0
0.02206525 -0.001491702 -3.568807 -2.413055 1.399965 1.721187 0.8303633 19.13101 4.086021 0 0.0 0.022115615126405686 4.30804106715268 0.0 0.0
-0.04877249 0.00312745 0.320312 0.2131848 0.2763007 0.2358407 0.1595884 17.75867 3.874884 1 0.0 0.04887265824878569 0.38476945863080136 0.0 0.0
0.01781618 -0.001565366 -6.118013 -3.731533 1.51659 1.409158 0.2921452 19.97235 3.374716 0 0.0 0.017884815920393364 7.16619994126999 0.0 0.0
0.03994856 0.02750671 1.471931 -1.939456 0.3637736 0.3121301 0.06954551 17.72564 4.037237 1 0.0 0.048502644681477934 2.434762913447016 0.0 0.0
-0.03035884 0.03703679 -2.722937 -3.680676 0.4220576 0.3614611 0.09993183 17.29098 3.643982 0 0.0 0.047889278337115294 4.578401655921529 0.0 0.0
0.04065755 0.01616346 -1.176775 -3.874314 0.2355652 0.1915048 0.2230365 17.27731 1.925482 1 0.0 0.043752643476412945 4.049087350406385 0.0 0.0
-0.02576325 -0.03602882 -2.389352 -4.613511 0.8041103 0.6566133 0.5336286 18.67168 2.594831 0 0.0 0.04429244767626757 5.195525644920348 0.0 0.0
0.01984635 0.007801297 -2.514536 -1.479151 0.431613 0.370917 0.1381305 17.76567 nan 0 0.0 0.021324583072236346 2.917323940891207 0.0 0.0
-0.004580407 -0.001911238 -8.351662 -3.678845 0.822762 0.6253964 0.606484 18.72599 nan 0 0.0 0.004963160180599957 9.126015488496005 0.0 0.0
-0.04055647 0.02705064 -1.694367 -3.392679 0.5511111 0.4183929 0.4531817 18.32044 2.540888 1 0.0 0.048750019315591045 3.7922487164913115 0.0 0.0
-0.006637386 0.01563436 -9.022371 -4.009002 1.315589 1.263814 0.1993446 20.02066 2.891754 0 0.0 0.016984937607262385 9.872956775842027 0.0 0.0
-0.01850218 -0.02786209 -0.1638079 -0.7257811 0.3184652 0.265568 0.3426415 17.92745 2.424349 1 0.0 0.0334458775325226 0.7440371181732938 0.0 0.0
0.001943792 -0.009658814 -7.181867 -2.345484 0.2254576 0.1993924 0.2262512 16.95347 3.844228 1 0.9987474 0.009852462394034296 7.555164379412601 0.0 0.0
-0.03698143 -0.006059748 -1.8253 -4.698233 0.1593147 0.139754 0.2446014 16.80322 2.636741 1 0.0 0.03747461421640527 5.040348540754796 0.0 0.0
-0.04715013 -0.009078918 2.240035 -1.476642 0.6204889 0.576368 0.7319517 18.49219 2.31749 0 0.0 0.04801626298523891 2.682951434034728 0.0 0.0
0.02423562 0.02138652 2.509112 3.794897 0.7142777 0.5512272 0.6482974 18.81182 2.083632 0 0.0 0.03232256973841653 4.549383064675143 0.0 0.0
-0.02762951 -0.02456989 -3.784131 -6.674862 1.129498 1.034378 0.2049923 19.67339 nan 0 0.0 0.036973900490105176 7.672902328598026 0.0 0.0
-0.01321175 -0.03558041 -0.9624884 -4.992794 0.6198113 0.4717899 0.6112074 18.51123 2.384825 1 0.0 0.037954129074852974 5.084719839535956 0.0 0.0
-0.03277014 0.03037568 -6.523564 -5.552403 1.625693 1.455315 0.2655138 20.01373 nan 0 0.0 0.044682927512440365 8.566566776515842 0.0 0.0
0.02576783 0.006657642 -1.935028 -7.115125 0.5942044 0.4592091 0.5434403 18.21818 3.34384 1 0.0 0.026614004958086707 7.3735566130876755 0.0 0.0
0.03897547 -0.01274947 -0.3628719 0.8947942 0.5904988 0.4450847 0.5994425 18.5295 1.932283 0 0.0 0.041007758375724464 0.9655737549059885 0.0 0.0
0.006246511 -0.02577034 1.363152 -2.724066 0.5020842 0.37348 0.5216429 18.19961 2.088482 0 0.0 0.02651658581696974 3.0460989720394838 0.0 0.0
0.03944123 -0.01338286 -8.724417 -7.508545 0.7686254 0.5882672 0.5915759 18.87889 2.243557 0 0.0 0.04164986873559748 11.510590775755778 0.0 0.0
0.005397544 -0.01129161 -0.0685143 -0.9128882 0.1868331 0.1581427 0.122276 17.01453 2.048639 1 0.0 0.012515348082416087 0.9154556652311078 0.0 0.0
0.03181478 -0.03671123 3.214775 -1.122817 0.3942001 0.3427487 0.1853314 18.02444 nan 0 0.0 0.048578746737244057 3.4052160454388205 0.0 0.0
0.01340258 -0.002203739 -2.545182 -4.478889 2.663085 2.403185 0.605073 20.07427 nan 0 0.0 0.013582548223235617 5.151543272403425 0.0 0.0
-0.01200661 -0.02879775 0.2570437 -5.069816 0.1425347 0.1178424 0.01811883 16.17611 2.524918 1 0.0 0.031200466162456614 5.0763279777380115 0.0 0.0
-0.03489786 -0.006890712 0.3165135 -1.944047 0.5206862 0.4072991 0.4636945 18.30117 2.417112 1 0.0 0.0355716536647728 1.9696445196763932 0.0 0.0
0.004931658 -0.008913129 0.7702228 -1.603762 0.5335543 0.3960082 0.5411538 18.13158 2.252726 0 0.0 0.010186516539013963 1.7791277959393024 0.0 0.0
-0.02772088 0.01406725 -2.119177 -2.905217 0.6477682 0.5051288 0.3417447 18.75269 nan 0 0.0 0.031085924636994472 3.59599735461777 0.0 0.0
0.02784057 -0.03878541 -5.820819 -7.879897 0.5970394 0.5247212 0.4378463 18.35577 2.939194 0 0.0 0.04774311852815021 9.796668339867896 0.0 0.0
0.0271713 0.02955123 6.075183 -5.165789 1.717218 2.317253 0.8335942 19.55878 nan 0 0.0 0.040144174399318514 7.974536003806742 0.0 0.0
-0.00378492 -0.01755338 -3.073698 -5.636638 0.5219517 0.4021761 0.5975486 18.3091 3.516777 1 0.0 0.01795680285660006 6.420226424219631 0.0 0.0
0.03396313 0.0003822831 -2.857385 -1.188773 1.577348 2.117363 0.8190711 19.48001 nan 0 0.0 0.03396528138799156 3.0948069865104673 0.0 0.0
-0.04825021 -0.0002750442 -6.903781 -16.37189 1.008492 0.7933844 0.4608691 18.61759 2.89879 0 0.0 0.048250993920913726 17.767976088121603 0.0 0.0
0.02604689 0.02875231 0.1502371 -5.691605 0.6648386 0.4929365 0.4252182 18.25346 3.884508 0 0.0 0.03879607981495295 5.693587503695839 0.0 0.0
-0.01866703 -0.02532534 -5.084948 -0.8477849 0.5092085 0.389034 0.6127874 18.29803 2.097403 0 0.0 0.031461577441960854 5.155136797348059 0.0 0.0
0.02724374 -0.0126813 -5.961134 -2.061945 0.8059177 0.6810247 0.7169653 18.89778 4.124435 1 0.8473133 0.03005056969306239 6.307672768064384 0.0 0.0
0.02757816 0.01061307 1.287762 -4.064382 0.2545353 0.2140504 0.1486417 17.74983 2.179367 1 0.0 0.02954982510625909 4.263511699358641 0.0 0.0
0.02751429 -0.02781808 -5.722786 -8.572726 0.7476947 0.6611509 0.4975755 18.68088 2.88443 0 0.0 0.03912648373021143 10.307371666573006 0.0 0.0
0.02766263 0.02003917 -3.365677 -6.46997 0.6212687 0.46608 0.5586987 18.36094 3.559336 0 0.0 0.0341582996181865 7.293030472254246 0.0 0.0
-0.02657533 0.04036031 0.5123436 -1.692933 1.316592 1.373916 0.4796506 19.90469 2.053255 0 0.0 0.048323935972817866 1.7687617439751349 0.0 0.0
-0.04194264 -0.007146701 0.4417801 0.5048474 0.09585902 0.07956698 0.0451528 15.6885 2.299609 1 0.0 0.0425471548443959 0.6708506197677467 0.0 0.0
0.02227748 -0.03863163 -3.960414 -6.324392 0.2033486 0.1723975 0.1132045 17.25851 2.911087 1 0.0 0.044594718875751414 7.462091745687665 0.0 0.0
0.02910188 -0.0359247 -5.620255 -6.376549 0.3911582 0.3498826 0.2177422 16.53299 5.735524 0 0.0 0.04623314276170721 8.499861376188791 0.0 0.0
0.00331552 0.0313892 -0.5901623 -0.8282854 0.4935449 0.400801 0.3734788 18.59025 3.067318 0 0.0 0.031563817093475874 1.017029126522171 0.0 0.0
-0.04214301 0.0164395 1.06199 -3.546178 0.09080668 0.07537511 0.04447281 15.10282 2.46086 1 0.0 0.045235942038495236 3.701783511739172 0.0 0.0
0.001806357 -0.03416633 3.900495 -3.573194 0.9547023 0.7412539 0.5227103 18.57472 2.680473 0 0.0 0.03421404728003322 5.289761488636421 0.0 0.0
-0.03251313 -0.006479946 1.809121 1.309653 1.539088 1.327073 0.5641314 20.15905 2.149855 0 0.0 0.03315257640907892 2.2334076593962866 0.0 0.0
-0.005100741 -0.01375971 -5.052617 -7.249694 0.6267526 0.4523012 0.3810253 18.16076 3.350328 0 0.0 0.014674712195923333 8.83668499168806 0.0 0.0
0.01923721 -0.0287167 -5.66585 -6.708838 0.634176 0.5184655 0.6467647 18.32269 2.998112 0 0.0 0.03456470898870841 8.781250681579703 0.0 0.0
-0.006278685 -0.0268251 -0.04674314 -0.4411256 0.716859 0.5261387 0.6064732 18.78828 2.349798 1 0.0 0.027550097555893067 0.44359521651210304 0.0 0.0
0.02179968 0.04459179 -2.359767 -5.466241 2.825083 2.684535 0.6116653 20.57568 nan 0 0.0 0.04963520709644012 5.953846736721562 0.0 0.0
0.0149937 0.00684453 -0.7855045 -0.8325186 0.2744304 0.234825 0.1795296 17.69448 3.089817 1 0.0 0.01648206997348634 1.1445979813306548 0.0 0.0
0.03868772 0.02895099 -0.9859011 -1.119761 0.6655618 0.4952856 0.5661139 18.60591 3.115967 0 0.0 0.04832079780776079 1.4919335360873855 0.0 0.0
-0.03184902 -0.02934124 -4.053909 -5.236928 0.6035629 0.5820096 0.3314914 19.07992 2.308767 0 0.0 0.043304369752924475 6.622657552483368 0.0 0.0
-0.03438657 0.02563355 2.099146 -2.199094 0.2460365 0.2102726 0.07831385 17.19665 1.812538 0 0.0 0.04288956845163402 3.0401362387485205 0.0 0.0
-0.02755195 -0.004742987 -8.632015 -1.943536 1.488703 1.429229 0.007811657 20.10341 2.708529 0 0.0 0.02795721507025814 8.848107997957587 0.0 0.0
0.03875912 -0.003868779 -4.554563 -5.581626 1.773352 1.690931 0.5782587 19.91626 nan 0 0.0 0.03895172440502784 7.204067804014965 0.0 0.0
0.02669447 -0.0173332 -2.157826 -2.647484 1.056957 0.894799 0.4914119 18.82719 2.540808 0 0.0 0.03182820370082013 3.415462571385024 0.0 0.0
0.02308119 0.006923324 -5.176304 -6.403164 1.818888 1.494587 0.337688 20.07541 3.610788 0 0.0 0.024097173008987508 8.233749590029563 0.0 0.0
0.02072428 0.01144037 -2.060487 -3.633689 0.1669532 0.141444 0.0909192 15.11947 3.756735 1 0.0 0.023672301266571022 4.177236218588793 0.0 0.0
0.02146565 0.01756854 -0.2784614 -1.53282 0.5704571 0.42929 0.6224811 18.47768 2.028246 0 0.0 0.027738560302476047 1.557908182047312 0.0 0.0
0.02474358 -0.04007981 -7.131588 -5.709005 0.5329208 0.4068556 0.5621628 18.40059 3.145294 0 0.0 0.04710239824947877 9.135222246435442 0.0 0.0
-0.01615288 0.02807317 -3.585735 -1.219963 1.908123 1.524726 0.4303598 20.30007 2.31605 0 0.0 0.032388553628454914 3.787585670528655 0.0 0.0
0.04195893 -0.02471911 -1.232044 -5.862052 0.18852 0.158426 -0.1843864 16.2143 3.428846 1 0.0 0.04869893434087649 5.9901240445119335 0.0 0.0
-0.02189912 -0.03606046 -2.050527 -4.490474 0.6555092 0.5577731 0.4555612 18.9931 3.17469 0 0.0 0.04218919568071902 4.936498528552905 0.0 0.0
0.02889038 -0.004564018 0.3846931 -4.49592 1.506585 1.999299 0.8236013 19.42557 2.262178 0 0.0 0.029248663505341985 4.512348105763518 0.0 0.0
0.005427613 0.04613674 -1.645476 -6.236161 2.095714 1.866687 0.3810573 20.26342 nan 0 0.0 0.04645490028732566 6.449596521062151 0.0 0.0
0.03110264 -0.03525192 -4.663647 -5.756401 0.4581116 0.398101 0.1292421 18.06803 3.1766 0 0.0 0.04701140370863223 7.408492141685108 0.0 0.0
-0.04093745 0.01876308 0.6227972 -1.908947 0.2016193 0.1811914 0.2812025 17.28586 1.931814 1 0.0 0.04503252139941644 2.0079728586653856 0.0 0.0
-0.01277379 -0.03075286 -7.309808 -3.433801 0.5537709 0.4245639 0.5799707 18.09235 3.865444 1 0.7767688 0.03330027190795445 8.076155168424206 0.0 0.0
-0.02193124 -0.01089109 -1.11844 0.02539304 0.3846208 0.3032995 0.366604 18.24529 2.526176 1 0.0 0.024486631645158956 1.1187282244050347 0.0 0.0
0.01828347 0.00652935 -3.950763 -4.797265 0.6221989 0.4887288 0.5148211 18.04524 4.003571 0 0.0 0.0194143680469749 6.214682595466481 0.0 0.0
-0.03054561 0.01709351 -2.009421 0.6823467 1.229035 1.326075 0.3677446 19.93557 3.132689 0 0.0 0.03500317663287434 2.1221144583273284 0.0 0.0
-0.01949447 0.00598556 -0.1698987 -4.412933 1.412787 1.319359 0.209775 19.9552 nan 0 0.0 0.02039267734002821 4.416202353917978 0.0 0.0
-0.02080823 -0.006187365 -0.2528105 2.735749 0.219605 0.1893777 0.1260894 17.61774 2.262299 1 0.0 0.021708660054828927 2.7474052740560957 0.0 0.0
0.03861956 -0.01145044 1.174593 -1.226681 0.8078497 0.629929 0.6313364 18.89326 nan 0 0.0 0.040281298275840115 1.6983565560299756 0.0 0.0
-0.01285781 -0.01435921 0.1993204 -0.07193888 0.4650076 0.3503781 0.5989024 18.15087 2.03652 0 0.0 0.019274599602072156 0.21190522483368457 0.0 0.0
-0.0004409611 -0.0182495 -6.79093 -2.806665 0.2395166 0.215657 0.1088677 16.75858 4.226699 1 0.9896715 0.018254826675203277 7.348067683896564 0.0 0.0
-0.03677089 0.02184102 -10.66017 -1.484799 1.928254 2.042846 0.302125 19.69253 3.1057 0 0.0 0.042768311938075135 10.763078207432157 0.0 0.0
0.02568866 0.02073389 -3.692038 -7.125983 0.3592129 0.3076151 0.05382023 17.08775 nan 0 0.0 0.03301214090494132 8.025632580035857 0.0 0.0
0.005756325 0.03836047 0.8030311 -3.197621 2.001577 1.819463 0.6062807 20.30592 1.68712 0 0.0 0.03878995921790232 3.296913557739755 0.0 0.0
-0.003894428 -0.02147679 -1.430449 -4.105421 0.215372 0.1837318 0.1646017 17.23453 3.27951 1 0.0 0.021827026324061735 4.347489612275341 0.0 0.0
-0.03832982 0.009824219 -3.741301 -1.445087 2.158714 1.797013 0.5033108 20.4722 2.699509 0 0.0 0.03956880564526002 4.0106869249755706 0.0 0.0
0.02880251 -0.02748079 -1.990361 -0.7220508 0.7727754 0.5829161 0.5772733 18.77002 3.233124 0 0.0 0.03980927531774725 2.1172846450351543 0.0 0.0
-0.01880346 -0.02909428 -0.4472348 -2.575857 0.1802878 0.1622111 0.300153 16.90791 2.381954 1 0.0 0.03464169794756025 2.6143944329002924 0.0 0.0
-0.03922321 -0.02401244 -3.1127 -2.700572 0.4252892 0.3403627 0.3408826 18.24986 2.899103 0 0.0 0.04598975404867589 4.1209210641777645 0.0 0.0
0.001395347 -0.02795219 -6.46535 -5.295615 0.2897082 0.2458445 0.105905 15.1986 5.644746 0 0.0 0.027986995534471166 8.357289563651902 0.0 0.0
0.02318805 -0.007244483 5.528708 0.3146373 2.450955 2.129245 0.7997741 20.09961 2.415058 0 0.0 0.02429337763135849 5.537653725163328 0.0 0.0
0.006711776 -0.03733271 -0.3701267 0.9388248 0.2470198 0.2112912 0.1867968 17.70155 nan 0 0.0 0.03793124270332144 1.0091510189995996 0.0 0.0
0.01899999 0.02949753 -2.496624 -5.316691 0.7359419 0.7286566 0.2945146 19.06798 3.091717 0 0.0 0.03508709016292175 5.873698544091022 0.0 0.0
-0.03975494 0.008324568 -4.349941 -7.093128 1.488605 1.325479 -0.09682389 19.99395 1.977669 0 0.0 0.04061716000399614 8.32072421895264 0.0 0.0
0.01781673 0.002064319 -5.041953 -10.67758 0.7789869 0.5794111 0.5377647 18.77203 3.103292 0 0.0 0.01793592152153496 11.808132990045845 0.0 0.0
-0.005895377 -0.01900114 -4.354108 -5.629289 0.3417281 0.2782265 0.332215 18.0119 2.064426 0 0.0 0.019894692540266337 7.116681187265944 0.0 0.0
0.02410295 0.04288236 -0.456789 -8.193208 0.5412096 0.4448857 0.3651242 18.56341 3.386574 0 0.0 0.04919196070367698 8.20593160596559 0.0 0.0
-0.00134544 -0.02069854 1.526876 -9.216886 2.533707 1.972042 0.5756837 19.86472 nan 0 0.0 0.020742221841577146 9.342501691537016 0.0 0.0
-0.02484706 0.03745771 -2.453108 -11.09258 0.5240901 0.4661359 0.2167343 16.88494 4.190553 0 0.0 0.04494948752864375 11.360592850554236 0.0 0.0
0.03215986 0.0223688 -0.1711866 -2.929716 0.2053086 0.1739501 -0.06164565 16.07234 3.895732 1 0.0 0.03917422377864812 2.934713051164553 0.0 0.0
-0.008885668 0.01651541 -1.009219 -2.717072 1.348231 1.302072 0.5577439 20.04488 nan 0 0.0 0.01875403591961805 2.8984484199559253 0.0 0.0
0.03978173 0.0206899 0.9612993 -9.156297 0.8981851 0.6594549 0.5763856 18.71604 3.796156 0 0.0 0.04484036132551677 9.206621046637549 0.0 0.0
0.03616068 0.01480309 0.3033783 0.2395831 0.2155356 0.1804309 0.3008581 16.99826 1.633938 1 0.0 0.03907334451528945 0.38657270301522845 0.0 0.0
0.02442058 -0.01205316 -1.338684 -6.108368 0.5217958 0.4063579 0.5714545 18.15351 nan 0 0.0 0.027233130439264598 6.253337866714063 0.0 0.0
0.01279784 -0.01731369 2.759026 2.184938 1.776331 1.334206 0.6367451 20.03119 nan 0 0.0 0.021530178124709046 3.519400308649188 0.0 0.0
0.0187509 0.0151009 1.863967 -3.330983 0.2311388 0.1979078 0.1288526 17.21137 3.092024 1 0.0 0.024075577492969926 3.8170434531686954 0.0 0.0
0.01940679 0.002277689 -0.2466336 -2.568294 0.3750405 0.2971399 0.3033396 17.97139 2.114967 1 0.0 0.01953999399398119 2.5801089517857494 0.0 0.0
