jas1101finalproject/data/gcs/Terzan_1_HP_2.ecsv
# %ECSV 0.9
# ---
# datatype:
# - {name: x, unit: deg, datatype: float64}
# - {name: y, unit: deg, datatype: float64}
# - {name: pmx, unit: mas / yr, datatype: float64}
# - {name: pmy, unit: mas / yr, datatype: float64}
# - {name: pmx_e, unit: mas / yr, datatype: float64}
# - {name: pmy_e, unit: mas / yr, datatype: float64}
# - {name: pm_corr, datatype: float64}
# - {name: g_mag, unit: mag, datatype: float64}
# - {name: bp_rp, unit: mag, datatype: float64}
# - {name: filter, datatype: int64}
# - {name: memberprob, datatype: float64}
# - {name: r, unit: deg, datatype: float64}
# - {name: pm, unit: mas / yr, datatype: float64}
# - {name: member_prob_GMM, datatype: float64}
# meta: !!omap
# - comments: [deg deg mas/yr mas/yr mas/yr mas/yr dimless mag   mag   zeroone float]
# - __serialized_columns__:
#     bp_rp:
#       __class__: astropy.units.quantity.Quantity
#       unit: &id001 !astropy.units.Unit {unit: mag}
#       value: !astropy.table.SerializedColumn {name: bp_rp}
#     g_mag:
#       __class__: astropy.units.quantity.Quantity
#       unit: *id001
#       value: !astropy.table.SerializedColumn {name: g_mag}
#     pm:
#       __class__: astropy.units.quantity.Quantity
#       unit: !astropy.units.Unit {unit: mas / yr}
#       value: !astropy.table.SerializedColumn {name: pm}
#     pmx:
#       __class__: astropy.units.quantity.Quantity
#       unit: !astropy.units.Unit {unit: mas / yr}
#       value: !astropy.table.SerializedColumn {name: pmx}
#     pmx_e:
#       __class__: astropy.units.quantity.Quantity
#       unit: !astropy.units.Unit {unit: mas / yr}
#       value: !astropy.table.SerializedColumn {name: pmx_e}
#     pmy:
#       __class__: astropy.units.quantity.Quantity
#       unit: !astropy.units.Unit {unit: mas / yr}
#       value: !astropy.table.SerializedColumn {name: pmy}
#     pmy_e:
#       __class__: astropy.units.quantity.Quantity
#       unit: !astropy.units.Unit {unit: mas / yr}
#       value: !astropy.table.SerializedColumn {name: pmy_e}
#     r:
#       __class__: astropy.units.quantity.Quantity
#       unit: &id002 !astropy.units.Unit {unit: deg}
#       value: !astropy.table.SerializedColumn {name: r}
#     x:
#       __class__: astropy.units.quantity.Quantity
#       unit: *id002
#       value: !astropy.table.SerializedColumn {name: x}
#     y:
#       __class__: astropy.units.quantity.Quantity
#       unit: *id002
#       value: !astropy.table.SerializedColumn {name: y}
# schema: astropy-2.0
x y pmx pmy pmx_e pmy_e pm_corr g_mag bp_rp filter memberprob r pm member_prob_GMM
[from data line 2555]
0.03044143 0.02542502 -1.199032 -6.442099 0.3431823 0.2715787 0.08244983 17.64513 nan 0 0.0 0.03966247978184546 6.552733571787045 0.0
0.0007148548 0.04597382 1.970529 -6.091255 2.741646 2.068833 0.3764139 20.72803 nan 0 0.0 0.045979377363960496 6.402059982135906 0.0
0.0255147 -0.002647829 -0.1268485 0.3917024 0.2461659 0.1864098 0.2969174 17.40618 2.387697 1 0.0 0.02565172342169705 0.41172965902155995 0.0
-0.01296285 0.01040664 1.147163 -3.286151 1.349009 1.009119 0.2401743 18.94521 3.967087 0 0.0 0.01662328596313316 3.480628009909993 0.0
-0.01127282 -0.04695666 -0.3642276 1.147208 1.533286 1.107927 0.7891684 19.61734 3.033422 0 0.0 0.04829083131514718 1.2036394559276296 0.0
0.01654534 -0.01034014 -1.876581 -2.111365 0.2060774 0.1601852 0.5871452 16.73196 2.397373 1 0.0 0.01951068350763755 2.824786436668443 0.0
-0.01557096 0.03624701 -0.5618515 -9.830213 0.504596 0.3248999 0.4408569 18.2025 3.792234 0 0.0 0.03944997502232036 9.846256381662082 0.0
0.002370978 -0.01797197 -4.486169 -10.31694 1.113199 0.8326686 0.2803246 19.32007 3.487398 0 0.0 0.01812769269260112 11.250109477696697 0.0
0.005367606 -0.03635511 -0.5221092 -9.118285 0.6686457 0.4423845 0.3134662 18.53078 nan 0 0.0 0.03674922063504662 9.133220645421288 0.0
0.04071447 -0.00549495 -1.513065 -2.380633 1.578882 1.265229 0.4167143 20.01412 2.910517 0 0.0 0.041083604307356 2.820776342589749 0.0
-0.008304322 -0.0240205 1.248052 1.412735 2.017223 1.235311 -0.3707921 19.79047 3.21896 0 0.0 0.025415471353679123 1.8850607350769895 0.0
-0.01080292 -0.01754911 -6.596358 -8.278039 0.4693384 0.3529896 -0.03617248 17.69965 2.300971 0 0.0 0.02060762825553926 10.584794213856261 0.0
0.02341696 0.02317629 -0.5826489 -6.355143 1.781144 1.360085 0.4317748 19.31395 nan 0 0.0 0.032946842546831404 6.381796164961727 0.0
0.004922154 -0.007098269 -6.444316 -10.4647 1.540745 1.151297 0.5697817 19.69428 nan 0 0.0 0.008637883004305916 12.289798810308328 0.0
-0.01595524 -0.02698356 -3.877366 -3.956909 1.085716 0.7266714 0.5029534 19.58463 nan 0 0.0 0.03134776218059592 5.539954506332791 0.0
-0.01812267 0.03444031 1.963338 -2.591126 2.085868 1.858789 0.69387 20.03526 nan 0 0.0 0.038917426955349964 3.250942947841441 0.0
-0.01038599 0.01800582 -0.343982 0.9078523 1.060036 0.8218636 0.3650528 19.32817 3.071266 0 0.0 0.02078649422467627 0.9708343910983428 0.0
0.01429119 0.04012294 0.945969 -2.345104 0.9344595 0.7737833 0.1593565 19.49408 2.753063 0 0.0 0.04259211694503691 2.528709180545877 0.0
-0.0118562 -0.005475713 -3.233308 -5.471103 0.2418455 0.1788754 -0.1244701 16.06458 4.417527 1 0.7847045 0.013059590778365493 6.355096274603006 0.0
0.004158877 -0.02191642 -6.434363 -6.425512 1.457495 1.017947 0.2563108 19.70995 2.302563 0 0.0 0.022307526163103095 9.093306971499038 0.0
-0.02457758 -0.0335123 -1.006576 -1.714495 0.3599792 0.2558533 0.3595163 18.02899 2.948387 0 0.0 0.04155877392255936 1.9881369039382073 0.0
-0.03463755 0.01380786 -0.8598945 -3.562217 0.5961328 0.4016652 0.3902063 18.58081 2.233345 0 0.0 0.03728829397789741 3.664533872980198 0.0
0.02111451 -0.04045614 -1.772831 -3.402324 0.3296373 0.2372908 0.102815 17.91566 2.267389 0 0.0 0.045634655649404214 3.8365007957169777 0.0
0.02370133 0.002616911 -2.726183 -7.14357 0.6161673 0.4557392 0.335313 18.78002 nan 0 0.0 0.023845361539528417 7.64608828711708 0.0
-0.002047113 0.006356271 -3.526761 -3.994008 1.320649 1.066289 0.6631956 19.05247 nan 0 0.0 0.00667778800653405 5.328240146163178 0.0
-0.0085982 0.02863947 -6.791919 -7.860281 0.8051235 0.5633095 0.5149046 18.34879 3.828485 0 0.0 0.029902312370800023 10.388175061170369 0.0
-0.008810451 0.04844344 -4.335738 -6.521595 1.954837 1.577911 0.3728721 19.90744 nan 0 0.0 0.04923810440966428 7.8313361151638095 0.0
-0.01443047 -0.02558714 -8.074234 -5.644579 1.579105 1.085111 0.3328768 19.96634 3.351471 0 0.0 0.029375843780230382 9.851625590429075 0.0
0.00705388 0.01476363 -4.064442 -7.453956 0.5998767 0.4205514 0.375974 18.50164 3.566957 0 0.0 0.016362212375815807 8.490061767814177 0.0
-0.01464057 -0.02723322 -2.531199 -1.738338 0.5713374 0.4013299 0.3582313 18.13549 4.707972 0 0.0 0.030919161720417 3.0706330584824033 0.0
-0.009310364 0.04807719 -2.115454 -2.489499 0.3670435 0.2865905 0.09600294 18.00048 3.31385 0 0.0 0.04897038978922463 3.2669176446793085 0.0
-0.01450929 -0.02600296 -2.387443 0.3309677 1.779264 1.289619 0.7111921 19.7537 3.27149 0 0.0 0.02977706206236102 2.410274610224381 0.0
0.02691656 0.02631297 -3.383703 -2.518185 2.348976 1.98801 0.03753451 20.13211 nan 0 0.0 0.037641381383452174 4.217902522158851 0.0
-0.009937586 0.006029629 -1.998974 -3.161029 0.8131753 0.606879 0.3946758 18.94376 3.752987 0 0.0 0.011623770532191222 3.740053661582545 1.0
0.02702186 0.02658379 -2.046013 -3.188145 0.6161753 0.4172935 0.6112451 18.31847 3.023453 0 0.0 0.03790618430577918 3.7881971618692183 0.0
-0.01843183 -0.0001590479 -2.423257 -4.669428 0.963817 0.6935911 0.3019025 19.56747 3.044178 0 0.0 0.018432516197833503 5.260772978872306 0.0
0.0132912 0.03886233 -2.425815 -4.111277 0.8568595 0.6594452 0.4183046 19.59863 3.258663 0 0.0 0.04107233485533662 4.773591623186257 0.0
-0.007282844 0.02903439 -3.797456 -6.805515 0.9172471 0.7119814 0.4392218 19.39338 3.299158 0 0.0 0.02993385406860326 7.793311650842727 0.0
-0.02150215 -0.03080886 -3.261546 -4.390392 0.2704009 0.2062434 0.318998 17.03518 4.096508 1 0.456603 0.03757031153879483 5.469298330113288 0.0
0.01581111 0.002530775 -3.377947 -4.610784 0.294438 0.2185367 0.2975406 17.6378 3.68707 1 0.942136 0.01601237089043109 5.715754983330286 0.0
-0.003835655 0.007052399 -2.94413 -6.104335 1.422185 1.226851 0.4667639 19.15501 nan 0 0.0 0.008027987352644872 6.7772271062083345 0.0
0.01062805 -0.01421695 -2.836154 -4.479655 0.3218138 0.2397741 0.3612136 17.71429 4.004442 1 0.943636 0.017750411660155944 5.301988158298829 0.0
0.04631841 -0.0005383484 -3.323853 -3.728482 1.220047 0.9062523 0.5422709 19.95864 2.792986 0 0.0 0.046321538445175614 4.99495513392593 0.0
-0.02793042 0.01488576 -5.729691 -5.100142 2.806229 2.000901 0.6830355 20.4858 nan 0 0.0 0.031649553111442186 7.670776191210704 0.0
0.006577625 -0.02640646 2.016276 -6.881332 1.340106 0.8392541 -0.0339583 19.43697 2.974855 0 0.0 0.02721334746723058 7.170641463802244 0.0
-0.009652378 0.04752593 0.5862879 -0.2444114 0.4261211 0.3008855 0.6189518 18.10627 2.422758 0 0.0 0.048496210402667383 0.6351932258268896 0.0
-0.00809355 -0.02911119 -1.7887 -2.749081 0.6255926 0.4525503 0.4203224 18.91752 2.604528 0 0.0 0.03021534270562887 3.2797704240633974 0.0
0.0333138 -0.03703014 -3.950581 -1.651392 0.6518615 0.4670325 0.4968755 18.84423 3.445618 0 0.0 0.04981004455789615 4.281843735498179 0.0
0.002502533 -0.01487253 -2.707835 -4.39247 1.20428 0.9051135 0.6989417 19.13761 3.622828 0 0.0 0.015081605352779557 5.160054562514335 0.0
-0.04849345 0.001463309 -2.120384 -9.61737 0.5315573 0.3546842 0.5239126 18.30322 3.517056 0 0.0 0.048515522939900184 9.848341689053846 0.0
-0.00591413 0.01736914 -3.246182 -5.088258 0.3543239 0.2668278 0.3247105 17.95998 3.642443 0 0.0 0.018348404780702328 6.035566837645657 0.0
0.008607562 0.03456369 0.6715712 -0.7750957 0.8023236 0.6253919 0.4763236 19.44417 3.750406 0 0.0 0.03561935976403765 1.0255638550709214 0.0
-0.03625896 -0.01148226 -2.001282 -3.11781 0.2359123 0.1746458 0.220079 17.13725 4.023036 1 0.0 0.038033596661230976 3.7048439696732167 0.0
0.04509144 0.01916133 -4.700008 -7.498173 0.8476139 0.6392264 0.4684382 19.29919 3.499327 0 0.0 0.04899382133129136 8.849444815240842 0.0
0.02846277 0.006100362 -5.491082 -7.480588 1.826495 1.452398 0.8158594 19.88662 nan 0 0.0 0.02910916853164899 9.279610894669453 0.0
-0.006021078 0.04537664 -1.112865 -2.291997 0.6207917 0.4478255 0.5193594 18.69363 3.751993 0 0.0 0.045774368788347966 2.5478851536586182 0.0
-0.004204579 0.02321907 -4.308737 -4.93182 0.8518496 0.6547357 0.4412289 19.40369 nan 0 0.0 0.023596688247127837 6.548897849834657 0.0
0.0234978 0.03112229 -9.291332 -12.66129 0.5580294 0.3950992 0.3831044 18.6988 3.587141 0 0.0 0.0389967119086225 15.70468448579353 0.0
0.00310752 -0.009236332 -3.021176 -2.997674 1.007869 0.7323179 0.6163418 19.41916 3.042028 0 0.0 0.009745076160021737 4.256002095071382 0.0
0.03929628 -0.0007374393 1.179346 -1.701721 1.718061 1.288701 0.6936536 19.70661 nan 0 0.0 0.03930319883367745 2.0704374778188788 0.0
-0.02220098 0.03609123 -0.8162244 -6.975503 0.9872233 0.7703254 0.4404309 19.68317 2.709776 0 0.0 0.042372873349270285 7.023095070847636 0.0
-0.006805873 -0.02002639 -0.7733082 -4.51097 1.025427 0.7332858 0.3887101 19.27394 3.412664 0 0.0 0.021151269553486122 4.576773526523597 0.0
-0.01343151 -0.02432434 -4.338765 -4.873159 0.7315218 0.5323015 0.442132 19.04558 3.352509 0 0.0 0.027786309170447596 6.524765157804992 0.0
0.01867844 0.005429437 -11.9898 -8.93388 1.571437 1.18817 0.3705915 20.00264 2.229708 0 0.0 0.019451552816435222 14.95224116627337 0.0
-0.004336232 0.02596374 -6.391907 -4.600356 1.004563 0.7646684 0.5276739 19.49554 nan 0 0.0 0.02632334900322191 7.8752619272875615 0.0
-0.01208986 -0.02986691 0.3572277 -6.674434 1.724614 1.2402 0.6976204 19.67793 3.611961 0 0.0 0.03222106496948386 6.683986897803083 0.0
-0.03099169 -0.03624927 0.7453049 0.6105751 0.353329 0.2572629 0.1253303 17.39218 4.230771 0 0.0 0.04769165990599405 0.9634735838122497 0.0
0.03728017 0.02271421 -2.495098 -5.493973 0.6648117 0.5248474 0.3561853 19.12087 4.010765 1 0.2051692 0.043654855527798964 6.034008067141857 0.0
-0.01911006 -0.02849666 -3.286941 -7.879445 0.5055493 0.3670879 0.1399481 17.76753 4.891018 0 0.0 0.03431113557373466 8.537542658488213 0.0
-0.02299013 0.03547688 -6.998692 -6.530924 1.386467 1.099679 0.4291779 20.02864 nan 0 0.0 0.042274757148342085 9.572599333756742 0.0
-0.00499288 0.005930826 -3.087332 -4.546057 0.3633567 0.2832065 0.206001 17.82522 3.613835 0 0.0 0.007752647788767139 5.495293725131806 0.0
-0.03746641 -0.0172143 -7.74309 -5.574338 2.373415 1.618302 0.8408943 20.06366 nan 0 0.0 0.04123183239656103 9.540895497087472 0.0
-0.01538342 0.01491335 -4.955009 -8.44181 1.608122 1.417858 0.05715276 19.95861 nan 0 0.0 0.02142562995850764 9.788578562088624 0.0
0.001687665 0.00277237 -3.087543 -4.850551 0.7342565 0.5250306 0.3181829 18.49342 3.562784 0 0.0 0.003245650715823408 5.749849283281258 0.0
-0.0077018 0.004133927 -7.56241 -1.094255 0.2827669 0.2252642 0.3040292 16.50287 3.930055 0 0.0 0.008741114098404676 7.641167385493201 0.0
0.002213309 -0.01348016 -5.055945 -5.953271 1.175156 0.8233223 0.5972735 19.29868 nan 0 0.0 0.013660653364868058 7.810506734038835 0.0
-0.004702698 -0.01197153 -8.219311 -1.860772 0.7802153 0.5411041 0.1503896 18.82234 3.749567 0 0.0 0.012862072112226085 8.427309520286116 0.0
0.03479589 -0.009477106 -1.06543 -3.167551 0.4155708 0.2956325 0.5320293 18.24788 2.091955 0 0.0 0.036063409420454634 3.341933635262825 0.0
-0.03741397 -0.01681946 0.3342961 -7.077632 1.220109 0.8480675 0.5016406 19.90641 2.133205 0 0.0 0.041020718982637296 7.085522465556031 0.0
0.003423137 -0.007897384 -1.060916 -2.769766 1.656132 1.197048 0.6553475 19.39539 nan 0 0.0 0.008607353888636449 2.96599839072984 0.0
0.001398729 0.02873711 3.762468 -0.6600901 1.015728 0.7533642 0.5312793 19.48584 2.692074 0 0.0 0.028771130217069004 3.8199325113334153 0.0
-0.03530711 -0.02571264 -0.07666891 -4.414233 2.733533 2.077565 0.7800921 20.23791 2.608522 0 0.0 0.043677590047090514 4.4148987644168685 0.0
0.01293795 -0.04551682 -2.388909 -2.144692 1.366606 0.910644 0.4793668 19.8841 nan 0 0.0 0.047319884331165685 3.2103878247253865 0.0
0.0036072 -0.008482946 -3.112794 -4.568406 0.5051072 0.3745348 0.261781 17.66332 3.877158 0 0.0 0.009218040175596763 5.528093691976648 0.0
-0.0028362 0.007596028 -3.405282 -4.246712 0.2117976 0.162365 0.08186952 15.40797 4.42564 1 0.8766741 0.008108247148230252 5.443391250908572 0.0
-0.005384646 -0.04387769 -2.487137 -2.085547 1.266095 0.8391693 0.481503 19.78498 3.023209 0 0.0 0.044206855715843624 3.2458214285413174 0.0
-0.0312417 0.005452918 0.9508938 -0.2429039 0.5954471 0.4092699 0.4099577 18.52372 nan 0 0.0 0.031714005322644505 0.9814282059904587 0.0
-0.009408881 -0.02160589 -1.508613 -2.565942 0.253244 0.1767562 0.1807706 17.25984 2.501799 1 0.0 0.023565685314971448 2.9765704310721426 0.0
-0.02108784 -0.001456584 -12.59119 -6.649166 1.065821 0.7500134 0.4392562 19.46791 3.612051 0 0.0 0.02113808488994819 14.239012399448775 0.0
-0.009937199 0.002245449 -5.585051 -1.235539 0.8512374 0.724869 -0.1306583 18.70919 nan 0 0.0 0.010187736018233001 5.720083154388754 0.0
-0.01323054 0.04469882 -0.2097524 -1.179882 1.87928 1.407436 0.2274949 19.0983 3.856426 0 0.0 0.04661578807747435 1.1983812428562792 0.0
-0.005595661 -0.03154288 -3.895409 -2.964264 0.8605176 0.6298657 0.2394356 19.13491 2.883497 0 0.0 0.03203536640529215 4.895004835439593 0.0
0.02553542 -0.02388616 -2.456906 -8.665673 0.8079139 0.607935 0.5145022 19.24484 2.986614 0 0.0 0.03496578776635813 9.007234627551622 0.0
-0.009831962 0.001898322 -1.275889 -3.607297 0.8375723 0.5935994 0.6678027 18.67297 nan 0 0.0 0.0100135459845715 3.8262885916420366 0.0
-0.002916206 0.04436589 0.9220371 -5.851649 0.317557 0.2600413 0.1772867 17.36091 nan 0 0.0 0.04446162899542184 5.92384574689259 0.0
0.01157902 0.0219806 -4.301654 -4.718465 0.6432304 0.4723746 0.386398 18.91181 nan 0 0.0 0.024843922406101657 6.384993272662157 0.0
0.02619625 -0.01092781 -5.747891 -8.189514 1.070843 0.8190881 0.5349962 19.51184 3.639585 0 0.0 0.028384160115434102 10.005318111088574 0.0
0.01810405 0.02824525 -2.119826 -5.236519 1.12565 0.8783732 0.4174231 19.79063 nan 0 0.0 0.033549229111337266 5.6493179683601635 0.0
-0.02035154 -0.001067328 -4.315244 -3.032964 1.66253 1.169974 0.618875 19.21856 2.654619 0 0.0 0.02037950856696952 5.274485890096967 0.0
-0.001888938 -0.01241585 -7.26157 -7.364278 0.9665808 0.6500551 -0.1226001 18.49237 3.462729 0 0.0 0.012558718803697456 10.342291299619442 0.0
-0.04835804 -0.006419697 -3.480068 -6.432388 0.5772726 0.384156 0.5194096 18.41952 3.601717 0 0.0 0.04878229742656048 7.313445745144214 0.0
0.03831193 -0.02929959 -0.6793589 -0.02240546 0.8844718 0.6661035 0.4669587 19.34287 nan 0 0.0 0.04823142082183563 0.6797282689774066 0.0
-0.002861771 -0.01723956 3.839767 1.435509 2.136867 1.617906 0.7808935 19.92254 nan 0 0.0 0.017475473162407964 4.099328811326313 0.0
0.01789351 0.02781041 25.1765 13.76362 2.739163 2.253511 0.7600369 20.10562 nan 0 0.0 0.03306957218483783 28.693089547039023 0.0
0.02929122 -0.03773457 -5.664682 -4.623513 1.06616 0.7835951 0.5892341 19.4542 0.5332642 0 0.0 0.047768957934764496 7.312010299657202 0.0
0.02276147 0.03242709 7.268273 -3.705514 2.606374 1.840798 0.7553753 20.12786 nan 0 0.0 0.03961818625869942 8.158347038875277 0.0
0.02018061 0.01988112 0.7446063 -1.869734 0.5674902 0.4258639 0.2533168 18.85906 3.625494 0 0.0 0.02832871250915756 2.012546588965257 0.0
0.03151038 -0.004345219 -2.00074 4.110785 0.2182613 0.162052 0.4443512 17.11329 2.174508 1 0.0 0.03180856764933562 4.571817348038414 0.0
0.01997214 0.02946559 2.293496 -5.123936 0.8523977 0.6224937 0.4411132 18.69373 3.788788 0 0.0 0.03559645165220404 5.613808336068484 0.0
-0.03390117 0.01415717 0.1488513 -0.5072513 0.5932673 0.3993283 0.3947333 18.2733 3.595865 0 0.0 0.03673846471721158 0.5286403227747387 0.0
0.001476619 -0.03937621 -6.089965 -4.819489 1.284582 0.9186814 0.3123521 19.8169 1.796934 0 0.0 0.03940388708789098 7.766282760906018 0.0
-0.0002059508 -0.01446433 -3.296061 -4.794581 1.161549 0.8852279 0.03376042 19.31717 nan 0 0.0 0.014465796144039934 5.818249314122075 0.0
0.02817266 0.003357679 -1.986683 -1.722997 2.391402 1.563068 0.8650541 19.91937 3.176781 0 0.0 0.02837204222016175 2.62975816464138 0.0
0.02893949 0.01716475 2.745706 -3.84177 0.441985 0.3304147 0.291213 17.33718 5.633217 0 0.0 0.03364703142957191 4.722086209646749 0.0
-0.03115867 -0.007410215 -2.534405 -1.849885 1.546156 1.141654 0.7886598 19.76985 2.714066 0 0.0 0.032027706794510356 3.1377194293387674 0.0
0.02044864 0.04359512 -4.513227 -5.04831 0.9781873 0.7869152 0.3948682 19.14018 3.601675 0 0.0 0.04815268804193594 6.771606294641544 0.0
