jas1101finalproject/data/gcs/Terzan_7.ecsv
# %ECSV 0.9
# ---
# datatype:
# - {name: x, unit: deg, datatype: float64}
# - {name: y, unit: deg, datatype: float64}
# - {name: pmx, unit: mas / yr, datatype: float64}
# - {name: pmy, unit: mas / yr, datatype: float64}
# - {name: pmx_e, unit: mas / yr, datatype: float64}
# - {name: pmy_e, unit: mas / yr, datatype: float64}
# - {name: pm_corr, datatype: float64}
# - {name: g_mag, unit: mag, datatype: float64}
# - {name: bp_rp, unit: mag, datatype: float64}
# - {name: filter, datatype: int64}
# - {name: memberprob, datatype: float64}
# - {name: r, unit: deg, datatype: float64}
# - {name: pm, unit: mas / yr, datatype: float64}
# - {name: member_prob_GMM, datatype: float64}
# - {name: member_prob_DB, datatype: float64}
# meta: !!omap
# - comments: [deg deg mas/yr mas/yr mas/yr mas/yr dimless mag   mag   zeroone float]
# - __serialized_columns__:
#     bp_rp:
#       __class__: astropy.units.quantity.Quantity
#       unit: &id001 !astropy.units.Unit {unit: mag}
#       value: !astropy.table.SerializedColumn {name: bp_rp}
#     g_mag:
#       __class__: astropy.units.quantity.Quantity
#       unit: *id001
#       value: !astropy.table.SerializedColumn {name: g_mag}
#     pm:
#       __class__: astropy.units.quantity.Quantity
#       unit: !astropy.units.Unit {unit: mas / yr}
#       value: !astropy.table.SerializedColumn {name: pm}
#     pmx:
#       __class__: astropy.units.quantity.Quantity
#       unit: !astropy.units.Unit {unit: mas / yr}
#       value: !astropy.table.SerializedColumn {name: pmx}
#     pmx_e:
#       __class__: astropy.units.quantity.Quantity
#       unit: !astropy.units.Unit {unit: mas / yr}
#       value: !astropy.table.SerializedColumn {name: pmx_e}
#     pmy:
#       __class__: astropy.units.quantity.Quantity
#       unit: !astropy.units.Unit {unit: mas / yr}
#       value: !astropy.table.SerializedColumn {name: pmy}
#     pmy_e:
#       __class__: astropy.units.quantity.Quantity
#       unit: !astropy.units.Unit {unit: mas / yr}
#       value: !astropy.table.SerializedColumn {name: pmy_e}
#     r:
#       __class__: astropy.units.quantity.Quantity
#       unit: &id002 !astropy.units.Unit {unit: deg}
#       value: !astropy.table.SerializedColumn {name: r}
#     x:
#       __class__: astropy.units.quantity.Quantity
#       unit: *id002
#       value: !astropy.table.SerializedColumn {name: x}
#     y:
#       __class__: astropy.units.quantity.Quantity
#       unit: *id002
#       value: !astropy.table.SerializedColumn {name: y}
# schema: astropy-2.0
x y pmx pmy pmx_e pmy_e pm_corr g_mag bp_rp filter memberprob r pm member_prob_GMM member_prob_DB
0.01477263 0.003888179 -1.062341 -1.773703 1.234812 1.286329 0.4266739 20.08386 0.8480949 0 0.0 0.015275749836029032 2.0675083391585147 0.0 0.0
-0.004757115 -0.01714488 -3.212009 0.5636899 1.533372 1.744336 0.5660374 20.40489 0.9325848 1 0.8622953 0.0177926123247157 3.2610961530508438 0.0 0.0
0.04036417 -0.02605427 -2.863415 -7.756622 0.4121918 0.4183829 0.3424895 18.63965 0.8940754 1 0.0 0.0480425978171643 8.268272510815606 0.0 0.0
-0.004482328 0.006651215 -5.050125 -3.252787 0.9315809 1.025459 0.5822471 19.81292 1.055162 0 0.0 0.00802059382314109 6.0070280324794565 0.0 0.0
-0.005008611 -0.008558013 -3.313823 -1.323975 0.3696347 0.3538149 0.3918377 18.0085 1.163225 0 0.0 0.009915935188245736 3.5685196757134463 0.0 0.0
-0.02472367 0.02947098 1.856022 1.394637 0.4967435 0.5117304 0.4810452 18.89643 1.216852 1 0.0 0.03846814942818669 2.3216007465223214 0.0 0.0
-0.01823286 -0.02491729 7.964534 4.589368 1.787081 1.946454 0.6339801 20.38021 nan 0 0.0 0.030875694724551542 9.19217604686616 0.0 0.0
-0.01384222 -0.01867559 0.09467375 -0.9959331 1.499486 1.51249 0.4872773 20.05796 0.7052326 0 0.0 0.023246176381859017 1.0004228399105413 0.0 0.0
0.0005888971 0.01183551 -3.583991 -2.178345 0.7009683 0.7217784 0.4772103 19.54769 1.075399 0 0.0 0.011850151760820974 4.194064666538417 0.0 0.0
0.001718371 -0.003453814 -4.372993 -1.586354 1.227437 1.091774 0.1686683 19.42436 0.6669846 0 0.0 0.0038576715827344605 4.651836926566214 0.0 0.0
0.02912264 -0.02315038 -5.966767 -4.130651 1.820107 1.997935 0.3754474 20.56435 0.5764408 0 0.0 0.037203067813205946 7.257037006663946 0.0 0.0
0.02450336 -0.02871453 -0.5368358 -0.6612569 2.270123 2.324613 0.04123947 20.58237 nan 0 0.0 0.03774836267191598 0.8517355011734864 0.0 0.0
0.04476934 -0.0009901498 -3.462531 -2.619739 1.789125 1.906456 0.240804 20.44542 0.9698257 1 0.4287043 0.04478028808149898 4.341906649627788 0.0 0.0
0.005659037 -0.008157511 -3.307197 -1.742684 0.7417681 0.7354735 0.3667549 19.57099 1.048145 0 0.0 0.009928226703822289 3.738248188746301 0.0 0.0
-0.02017358 0.009490831 -4.978895 -5.275166 1.862783 1.985394 0.4715831 20.5415 0.4406929 0 0.0 0.02229460031233933 7.253741913563026 0.0 0.0
-0.0005910417 0.002748899 -5.572322 -1.718798 1.317749 1.286548 0.3899896 19.40303 nan 0 0.0 0.00281172118165011 5.831383972650746 0.0 0.0
-0.01243602 -0.0237184 -2.712426 -1.696493 0.1991683 0.1888131 0.254551 17.45485 1.171169 1 0.986538 0.026780909095854084 3.199272308592221 0.0 0.0
-0.03916058 -0.0286782 1.278627 -6.540076 0.9647248 1.24063 0.8970999 18.71639 1.429304 1 0.0 0.04853854325354645 6.663893838508009 0.0 0.0
-0.03823336 0.02847022 -9.191202 -14.5469 3.497372 3.522035 0.1417099 20.89262 0.7052784 0 0.0 0.04766910156210205 17.207280256182383 0.0 0.0
-0.02298271 -0.0002755255 -2.167874 -3.974667 0.6793457 0.7208365 0.5350032 19.41165 1.016615 1 0.001369184 0.022984361493094612 4.527433648411096 0.0 0.0
-0.04014084 0.02641319 -6.358106 -11.19403 2.198187 2.505922 0.5287844 20.58259 0.2846813 0 0.0 0.04805146867559513 12.873687099977847 0.0 0.0
0.02858209 0.01035811 -3.736534 -2.599489 0.5051548 0.5815011 0.645341 18.67146 0.8755817 1 0.8917699 0.0304010906307685 4.551816054529994 0.0 0.0
0.04251993 0.01816082 9.821187 -3.741417 0.9686477 1.036711 0.4427682 19.98269 1.559359 1 0.0 0.04623591493933368 10.509705764523478 0.0 0.0
-0.02725334 0.009324774 -0.6112591 -4.306945 3.563057 3.695957 -0.02418947 20.84644 nan 0 0.0 0.02880444325632204 4.350104932108858 0.0 0.0
0.002371424 0.01072158 -0.4352452 -10.19987 0.3665613 0.4023287 0.5522389 18.40082 0.8820152 1 0.0 0.010980707148639197 10.209152090209209 0.0 0.0
-0.005185909 0.01695467 1.285149 -1.327063 1.701657 1.87608 0.5513921 20.32948 0.8446808 0 0.0 0.017730044753614727 1.8473505780360155 0.0 0.0
-3.873708e-05 -0.04650265 1.245584 2.178694 0.6265825 0.6179955 0.3526172 19.45123 1.755688 1 0.0 0.04650266613414619 2.5096189046729784 0.0 0.0
-0.0106822 -0.001379289 -2.758224 -1.322922 0.2503393 0.2374998 0.3201955 17.84661 1.231619 1 0.9967953 0.0107708790256655 3.0590721227620636 0.0 0.0
0.008169527 -0.003599158 -3.019844 -1.644012 0.2544177 0.2565298 0.379542 18.00681 1.151241 1 0.9982891 0.008927211754668587 3.4383474577884066 0.0 0.0
-0.0007922619 0.04364626 -10.77762 -5.40988 0.4918226 0.5089273 0.4784385 18.97708 0.7961063 1 0.0 0.04365344993131461 12.05918299383503 0.0 0.0
0.005384553 0.01678681 -1.849912 -1.003057 1.546978 1.610511 0.4573981 20.25131 0.1795483 0 0.0 0.0176292484521011 2.1043520981511152 0.0 0.0
-0.01165954 -0.01314395 -2.854322 -1.30827 0.2371031 0.226671 0.4687103 17.51088 1.248978 1 0.9960163 0.01757009660229846 3.1398605817112326 0.0 0.0
0.001518419 0.04368058 -1.751285 -0.1617427 0.5255465 0.5413322 0.4662586 19.05699 1.149635 1 0.3053065 0.043706963580143164 1.7587381420291908 0.0 0.0
0.03741966 0.01091917 -10.09027 -7.743283 1.215451 1.293689 0.4252611 20.15654 1.637321 0 0.0 0.038980241507775445 12.718961447028173 0.0 0.0
0.01492722 0.02589514 -1.02458 -1.313863 0.7657194 0.7856116 0.4628247 19.44839 1.053207 0 0.0 0.02988946591272584 1.6661332957386692 0.0 0.0
0.01052626 -0.0259154 -2.984358 -1.617237 0.2597462 0.2566503 0.3672898 17.70889 1.271612 1 0.9931138 0.02797159464077084 3.3943848023365 0.0 0.0
-0.0202709 -0.003170173 -2.635092 -1.949065 0.5106996 0.5211298 0.4693203 19.00525 1.205246 1 0.9673839 0.02051729474516387 3.277585120586344 0.0 0.0
0.03410566 0.01096637 -10.84579 -13.8509 1.733419 1.890983 0.3630827 20.48138 1.133656 0 0.0 0.03582537250347162 17.592003624775092 0.0 0.0
0.007441257 -0.007139128 -2.760056 -1.242116 0.2270732 0.2076801 0.2272122 17.62661 1.102158 1 0.9952516 0.010312102323989663 3.026674954565158 0.0 0.0
-0.002774918 -0.001611344 -2.589641 -1.705534 0.9829657 0.9660425 0.5104912 19.68542 nan 0 0.0 0.0032088314684725963 3.100820332434145 0.0 0.0
0.003577142 0.02518306 -1.702403 -4.128273 0.9118068 0.9353449 0.4692002 19.76419 0.8685799 0 0.0 0.02543584981579668 4.465513849148606 0.0 0.0
-0.01073086 -0.01333837 -8.616631 -8.723331 2.089044 2.067324 0.4403949 20.33278 nan 0 0.0 0.01711909666414966 12.261436845888902 0.0 0.0
0.01276327 -0.002836798 -4.144173 -5.643903 0.860198 0.907714 0.4637764 19.71227 2.249413 0 0.0 0.013074726918207663 7.001986213021131 0.0 0.0
-0.02153468 0.03025007 -5.663629 -9.074828 0.7018144 0.7972402 0.6283567 19.24522 1.090925 1 0.0 0.03713231985356288 10.697158345991939 0.0 0.0
-0.008447626 -0.005849857 0.7539416 2.542288 0.9826188 0.9722293 0.3691983 19.88223 0.8712425 0 0.0 0.010275369188322383 2.6517270242531676 0.0 0.0
-0.009751854 -0.0145971 -1.841152 0.3024347 1.937259 1.928264 0.459222 20.45949 1.557774 0 0.0 0.01755488492834163 1.8658262070375389 0.0 0.0
-0.04584799 -0.006361834 -3.283969 -3.716463 1.785455 2.023936 0.5691556 20.40721 1.059763 0 0.0 0.046287267351655746 4.959490863317524 0.0 0.0
-0.01495135 0.008214014 -2.524509 -0.9811889 0.4258062 0.4594844 0.5063004 18.52565 1.246614 1 0.9842571 0.017059100000137637 2.7084824807563757 0.0 0.0
-0.02323408 0.0009489223 -5.79929 -3.731028 1.415852 1.504012 0.5266752 20.15655 1.175016 0 0.0 0.02325344978659806 6.89582007022254 0.0 0.0
0.02578535 -0.02167299 -4.397654 -2.089653 2.187861 2.43256 0.4384822 20.74923 0.4390869 0 0.0 0.03368386513098816 4.868881839203432 0.0 0.0
-0.004682953 0.002870839 -1.570168 -1.866323 1.227474 1.326238 0.5397097 19.9679 1.193766 0 0.0 0.005492883155878159 2.438972957733029 0.0 0.0
-0.003779121 0.0007384697 -3.075865 -1.620036 0.2298426 0.2157562 0.3138933 17.65998 1.082125 1 0.9988848 0.003850596451260387 3.476415127616522 0.0 0.0
0.03548682 0.01169821 -7.634362 -8.86692 0.7225049 0.72618 0.3874124 19.53679 0.6219883 0 0.0 0.03736525807373074 11.70067320428376 0.0 0.0
-0.01550408 0.01043025 -0.4999633 -4.703022 1.083305 1.025469 0.3106013 19.80431 1.216345 0 0.0 0.01868600042033875 4.729522093597924 0.0 0.0
-0.02703389 0.0292719 -3.873852 -4.490001 0.4991084 0.5057972 0.4567907 19.04092 1.22234 1 1.078435e-05 0.039845643904222454 5.9301634292745256 0.0 0.0
-0.004205362 -0.009339981 -4.975367 -0.5115414 1.884661 2.119975 0.475499 20.546 0.1021023 0 0.0 0.010243061780122437 5.001594884494641 0.0 0.0
-0.007749478 0.04428296 -1.997802 -3.429108 0.9679593 1.00879 0.598546 19.74899 0.9157028 1 0.03332845 0.04495592236440138 3.968626274527245 0.0 0.0
0.02551624 0.0008910306 5.444084 1.285672 0.9285944 0.9368814 0.3813593 19.91862 1.256313 0 0.0 0.02553179271550935 5.59383616944937 0.0 0.0
0.03677039 0.01880062 -2.152793 -9.021601 2.964418 3.341881 0.3449626 20.62209 1.256588 1 0.04158786 0.04129800107918663 9.274901740937745 0.0 0.0
0.04241606 0.01143937 -2.965275 -14.29998 0.8841234 0.934349 0.4555831 19.8728 0.8265572 1 0.0 0.043931552805705605 14.604187201827598 0.0 0.0
-0.03321219 0.03129907 -2.553537 2.127391 3.052254 2.438632 0.1896136 20.59052 0.5623169 0 0.0 0.045636403752497855 3.3236040193214955 0.0 0.0
0.034653 -0.0009929319 -5.388202 -4.189699 1.47035 1.420886 0.1734707 20.2984 0.8506927 0 0.0 0.03466722259942434 6.825415628619623 0.0 0.0
0.001768789 0.006616986 0.5187203 -2.410231 1.087454 1.212838 0.6136125 20.04374 1.200279 0 0.0 0.006849315166548916 2.4654176569078694 0.0 0.0
-0.04153828 0.008918303 0.4739631 -0.3566411 0.8817791 0.8298594 0.1481153 19.32233 nan 0 0.0 0.0424848777067583 0.593155876958848 0.0 0.0
0.03415069 -0.001629778 1.78176 -3.80078 2.357989 2.577948 0.3241633 20.81036 0.6318855 1 0.07710969 0.03418955694075874 4.197689519962142 0.0 0.0
0.001140572 -0.03662259 2.07357 -1.912085 0.780105 0.7732768 0.3559205 19.69071 1.391922 1 0.0 0.03664034665222593 2.8205959639985663 0.0 0.0
0.02937902 -0.007880238 -2.44901 -6.544949 1.950238 2.073294 0.2593791 20.5922 1.101398 0 0.0 0.03041751086293952 6.988133326769102 0.0 0.0
0.004276949 -0.03845757 -2.437275 -1.733269 0.2729261 0.2638808 0.2915159 18.03211 1.259401 1 0.834066 0.03869466349580393 2.990740853364932 0.0 0.0
0.04291763 0.010371 2.271487 -3.419182 1.094925 1.19123 0.4916976 20.05924 0.7510147 0 0.0 0.04415292295892651 4.1049310274708635 0.0 0.0
0.04369489 0.008421283 1.032699 -6.437497 1.50645 1.517197 0.2814359 20.3733 1.550282 0 0.0 0.04449900470210754 6.519803283045432 0.0 0.0
0.0009903918 -0.00562818 -2.39167 -1.680091 0.3221215 0.3255877 0.3658744 18.24602 1.055199 0 0.0 0.005714655372803091 2.922805357388856 0.0 0.0
0.04057537 -0.004741653 5.190745 -8.915476 2.310224 1.951007 -0.1239678 20.52003 1.874054 0 0.0 0.040851486188501256 10.316469646230779 0.0 0.0
-0.001720769 0.005655683 -2.094014 -0.7190605 0.5465075 0.568797 0.4866513 19.15532 1.065952 0 0.0 0.005911666105917181 2.2140331151218695 0.0 0.0
0.04790795 0.0003661278 2.160322 -7.367011 0.7539929 0.747869 0.3468564 19.60907 1.494938 0 0.0 0.04790934901215453 7.677228811088347 0.0 0.0
-0.007092744 0.0008984697 -2.10429 -2.783882 0.694266 0.8221219 0.6679919 18.91982 nan 0 0.0 0.0071494241202599024 3.4897041986426305 0.0 0.0
-0.009124454 -0.01404008 -2.518143 -1.282152 1.967551 2.105768 0.6033013 20.47902 0.9905453 0 0.0 0.016744536637498093 2.825766784353054 0.0 0.0
0.01052765 -0.01494433 -1.85827 -0.2741582 0.9434961 0.977962 0.494341 19.82915 1.015291 1 0.9305378 0.018280164486989717 1.878384974260399 0.0 0.0
-0.02293554 0.0106803 -4.355134 -3.225905 1.516544 1.667706 0.5302826 20.21105 0.8267918 0 0.0 0.02530035183908714 5.4197467862420465 0.0 0.0
0.02534004 -0.0006958294 -2.10356 0.1721345 0.8137082 0.8222508 0.3876579 19.68475 0.5567474 0 0.0 0.025349591826211017 2.1105911398682244 0.0 0.0
0.04991613 0.0002733899 -5.621465 -6.201249 0.7199291 0.7077593 0.3215964 19.4658 1.410414 0 0.0 0.04991687867058919 8.369967616796734 0.0 0.0
0.03630742 -0.00636092 3.611752 0.2666333 2.540851 2.886838 0.6259713 20.71457 1.181246 1 0.06611545 0.03686041305116914 3.6215805701617203 0.0 0.0
-0.02407852 -0.03023265 -2.864978 -1.909956 0.2473264 0.2312219 0.3924749 17.62364 1.140432 1 0.9450934 0.03864955693682529 3.4432587562395014 0.0 0.0
-0.0274879 -0.04037318 -0.7732289 -4.946289 2.225853 2.593717 0.6175865 20.63047 0.9656372 0 0.0 0.048842382310063465 5.006361733166733 0.0 0.0
-0.03755575 -0.0260415 4.822281 -7.063378 0.5668783 0.5322445 0.3165103 19.04923 2.121172 1 0.0 0.045701138720085514 8.552526107171202 0.0 0.0
-0.02402866 -0.02911875 -9.901591 -12.71157 0.3074423 0.2892917 0.4374143 17.80478 0.9421597 0 0.0 0.03775285556031623 16.11289906243383 0.0 0.0
-0.04113748 0.01071141 -3.337066 -1.901268 0.2178535 0.2094154 0.3736294 17.64414 1.218439 1 0.9447994 0.042509135076339764 3.8406808636204075 0.0 0.0
-0.004105547 0.002466512 -3.306562 -1.276026 0.4810223 0.4788426 0.4048311 18.86721 1.13866 0 0.0 0.0047894882414881235 3.5442339951701833 0.0 0.0
-0.03989008 0.02714574 -6.260543 -3.290757 0.7112726 0.71375 0.4190204 19.49244 0.82831 0 0.0 0.04825048893590614 7.072727924068478 0.0 0.0
-0.003051059 -0.001229884 5.112613 1.88391 2.116465 2.016099 0.2848474 20.28456 nan 0 0.0 0.003289616341602315 5.448663008102905 0.0 0.0
-0.03045548 -0.02166313 -2.964455 -3.453219 1.233578 1.374309 0.5931639 20.11139 1.05409 1 0.455181 0.03737415501957603 4.5511223790386035 0.0 0.0
-0.01217015 0.04566335 -1.086659 -6.088433 0.1483886 0.1493498 0.4177131 16.8756 0.9880161 1 0.0 0.047257317785132494 6.184645840933012 0.0 0.0
-0.01209492 0.04648352 -5.42232 -2.881069 0.6153787 0.6654095 0.5484381 19.2222 1.347937 1 0.01280387 0.04803128898329505 6.140204619160587 0.0 0.0
-0.001770877 0.0009140131 -2.678371 -1.526754 0.7766757 0.7752529 0.5156884 19.46447 0.9132519 0 0.0 0.001992843520224458 3.0829610750311134 0.0 0.0
0.02577992 -0.03911378 0.7916387 -4.211496 1.494656 1.517927 0.3014176 20.38719 1.207956 1 0.004149094 0.046845405976411396 4.285252663420641 0.0 0.0
-0.01020312 -0.01870177 -2.933385 -1.603915 0.7334717 0.7072029 0.2740967 19.51773 1.038794 1 0.9693429 0.02130398692421914 3.343245561643655 0.0 0.0
0.02169994 -0.001511142 -4.069786 -1.593807 0.571583 0.6005305 0.5326861 19.16598 1.124874 1 0.8914686 0.021752492872031105 4.370741223070178 0.0 0.0
-0.003101197 -0.003018979 -12.17634 -12.46793 1.517344 1.090033 -0.006494492 19.42437 nan 0 0.0 0.004328008437520657 17.427350179545368 0.0 0.0
-0.003982148 0.04662545 -2.915689 2.328034 0.4962685 0.505374 0.4609117 18.85499 1.063215 1 0.0 0.046795193026596266 3.7310835758365153 0.0 0.0
-0.00403229 0.04473336 -1.075384 -1.511405 0.327242 0.3619824 0.5541034 18.14008 1.193008 1 0.0 0.04491472875943592 1.8549382257857 0.0 0.0
-0.02990029 0.03942182 -3.917029 -2.316593 0.4779852 0.4887503 0.4465034 18.91193 1.213057 1 0.6176548 0.04947835116691441 4.550793262112662 0.0 0.0
0.01093722 0.04571311 0.5238944 -6.25052 0.3713354 0.4106474 0.5604005 18.3976 0.8831215 1 0.0 0.04700331059830254 6.272436975590218 0.0 0.0
-0.01364995 0.03299451 -1.622841 -6.426109 0.5142735 0.5236788 0.4505448 19.04604 0.8512325 1 0.0 0.03570656557473149 6.627857104008958 0.0 0.0
0.02550474 -0.03645104 -4.021343 -4.435039 0.7140169 0.6952218 0.301401 19.58695 0.8408756 1 0.004507724 0.04448786440760221 5.9867161662442285 0.0 0.0
0.01946371 -0.01050183 -6.052429 0.9540542 3.413407 4.065993 0.3251189 20.85019 0.9947872 1 0.6712219 0.022116157901249482 6.127162166662364 0.0 0.0
0.01398592 -0.04635124 7.717049 1.282352 3.317321 3.178774 -0.1799871 20.67587 2.570789 0 0.0 0.048415322035322665 7.822868522498957 0.0 0.0
0.007165812 0.0005246231 0.8912226 -9.424231 2.99275 3.662636 0.7132319 20.74773 0.5562401 0 0.0 0.007184990676152448 9.466277392096208 0.0 0.0
0.0110603 0.02686468 -0.8758769 -2.877641 0.400297 0.4348862 0.5286137 18.46514 1.076897 0 0.0 0.029052388328541942 3.0079857161952432 0.0 0.0
-0.04836199 0.0003277171 -3.796315 -1.120688 1.70212 1.953949 0.5968118 20.37473 1.280025 1 0.4616735 0.048363100347865756 3.9582760354185758 0.0 0.0
0.002196614 0.0459465 -7.111861 -4.179048 0.1511543 0.1488853 0.3913191 16.90931 0.3389072 1 0.0 0.045998977981200805 8.248818646910902 0.0 0.0
0.002697 -0.01397096 -2.077599 1.290589 1.906386 1.978584 0.2266533 20.45405 0.6581116 0 0.0 0.014228897790117124 2.445820429165232 0.0 0.0
