jas1101finalproject/data/gcs/Terzan_4_HP_4.ecsv
# %ECSV 0.9
# ---
# datatype:
# - {name: x, unit: deg, datatype: float64}
# - {name: y, unit: deg, datatype: float64}
# - {name: pmx, unit: mas / yr, datatype: float64}
# - {name: pmy, unit: mas / yr, datatype: float64}
# - {name: pmx_e, unit: mas / yr, datatype: float64}
# - {name: pmy_e, unit: mas / yr, datatype: float64}
# - {name: pm_corr, datatype: float64}
# - {name: g_mag, unit: mag, datatype: float64}
# - {name: bp_rp, unit: mag, datatype: float64}
# - {name: filter, datatype: int64}
# - {name: memberprob, datatype: float64}
# - {name: r, unit: deg, datatype: float64}
# - {name: pm, unit: mas / yr, datatype: float64}
# - {name: member_prob_GMM, datatype: float64}
# meta: !!omap
# - comments: [deg deg mas/yr mas/yr mas/yr mas/yr dimless mag   mag   zeroone float]
# - __serialized_columns__:
#     bp_rp:
#       __class__: astropy.units.quantity.Quantity
#       unit: &id001 !astropy.units.Unit {unit: mag}
#       value: !astropy.table.SerializedColumn {name: bp_rp}
#     g_mag:
#       __class__: astropy.units.quantity.Quantity
#       unit: *id001
#       value: !astropy.table.SerializedColumn {name: g_mag}
#     pm:
#       __class__: astropy.units.quantity.Quantity
#       unit: !astropy.units.Unit {unit: mas / yr}
#       value: !astropy.table.SerializedColumn {name: pm}
#     pmx:
#       __class__: astropy.units.quantity.Quantity
#       unit: !astropy.units.Unit {unit: mas / yr}
#       value: !astropy.table.SerializedColumn {name: pmx}
#     pmx_e:
#       __class__: astropy.units.quantity.Quantity
#       unit: !astropy.units.Unit {unit: mas / yr}
#       value: !astropy.table.SerializedColumn {name: pmx_e}
#     pmy:
#       __class__: astropy.units.quantity.Quantity
#       unit: !astropy.units.Unit {unit: mas / yr}
#       value: !astropy.table.SerializedColumn {name: pmy}
#     pmy_e:
#       __class__: astropy.units.quantity.Quantity
#       unit: !astropy.units.Unit {unit: mas / yr}
#       value: !astropy.table.SerializedColumn {name: pmy_e}
#     r:
#       __class__: astropy.units.quantity.Quantity
#       unit: &id002 !astropy.units.Unit {unit: deg}
#       value: !astropy.table.SerializedColumn {name: r}
#     x:
#       __class__: astropy.units.quantity.Quantity
#       unit: *id002
#       value: !astropy.table.SerializedColumn {name: x}
#     y:
#       __class__: astropy.units.quantity.Quantity
#       unit: *id002
#       value: !astropy.table.SerializedColumn {name: y}
# schema: astropy-2.0
x y pmx pmy pmx_e pmy_e pm_corr g_mag bp_rp filter memberprob r pm member_prob_GMM
[from data line 117]
-0.01820142 -0.02672114 -2.51525 -9.320935 0.1561217 0.1178216 0.1665018 16.74535 1.850766 1 0.0 0.0323312698933401 9.65434160555369 1.0
-0.02378721 -0.03187415 -0.702115 0.1672533 0.4181724 0.3150923 0.2255278 18.11867 1.90753 1 0.0 0.03977175879699815 0.721761137486558 0.0
0.03595878 -0.01593643 -2.869008 -5.847661 1.599558 1.504436 0.6217239 19.78804 2.651651 0 0.0 0.039331967408627044 6.513550957425988 1.0
-0.02212345 -0.03486255 -0.5456616 -1.417384 0.2866551 0.2558253 0.029157 17.05119 4.209348 1 0.0 0.04128976183516926 1.5187903032250898 1.0
-0.009704089 -0.02398854 2.762221 -5.747986 2.901142 2.434763 0.2099854 20.26936 2.941162 0 0.0 0.025877005132965463 6.377241402756916 1.0
-0.001517917 -0.03377656 -1.634462 -8.344733 1.987175 1.811395 0.5494705 19.85504 3.14678 0 0.0 0.03381065035536123 8.503295530012643 1.0
-0.00752043 -0.0329338 -2.678339 -3.379803 2.396719 2.012479 0.1065866 20.39503 4.238413 0 0.0 0.03378153415440009 4.312373837891376 1.0
-0.01334178 -0.02774456 -0.5639897 -1.190777 0.5484105 0.4190117 0.02653803 18.02833 2.548262 0 0.0 0.03078577111527337 1.317586522940748 1.0
-0.001492272 -0.01256303 -0.07680325 -2.607345 2.081129 1.478223 0.5858396 19.72487 2.772188 0 0.0 0.012651347695122602 2.6084759320790294 0.0
0.001834209 -0.02814607 -2.223385 -3.348456 0.1772808 0.1378976 0.05574958 16.8857 2.57315 1 0.0 0.02820577208836129 4.019402746946492 1.0
0.01040848 -0.03863133 1.25303 -5.930281 1.62919 1.42255 0.03637267 20.17465 nan 0 0.0 0.04000895041711667 6.061214145685747 1.0
-0.01700601 -0.02684298 -2.192887 -2.358031 0.1726068 0.1362523 0.0549944 16.61265 1.647667 0 0.0 0.031776562926164625 3.2201030405454416 1.0
-0.005520324 -0.02067704 -8.171599 -4.879202 2.298091 1.816451 0.1505571 20.40581 nan 0 0.0 0.021401260715821768 9.517438855784944 1.0
-0.02158476 -0.004749205 -0.3953782 -0.2711862 0.7336355 0.5967073 0.08856409 19.08931 nan 0 0.0 0.02210105907846104 0.47944329811321795 0.0
-0.002349551 -0.02875453 0.902914 -3.695145 0.4913749 0.3682148 0.1234736 18.7652 2.419014 0 0.0 0.028850361963457253 3.8038599162457336 1.0
-0.004869976 -0.03292218 -3.610413 -1.368941 2.378449 1.8412 -0.03488158 20.42578 2.915022 0 0.0 0.03328042370813473 3.8612279772178693 1.0
-0.03230033 0.0141953 -3.413556 -5.381583 0.3125194 0.2490893 -0.01001627 17.91712 1.788643 1 0.0 0.03528197642138122 6.372895742990387 1.0
-0.03558984 -0.01783029 -1.95282 -3.510019 0.5055168 0.3979872 0.0637986 18.26085 3.458319 0 0.0 0.03980648129023338 4.016682627836184 1.0
0.009654482 -0.04324513 -1.758949 -2.16747 1.581645 1.412442 0.6333343 19.85424 nan 0 0.0 0.04430970877138806 2.7913845642442388 1.0
-0.03604886 0.02666989 0.9910506 -0.3667511 1.101809 0.943514 0.6172555 19.31727 2.486187 0 0.0 0.04484198189098806 1.0567344326327073 1.0
-0.03579764 -0.01811456 1.672013 -7.769517 1.762538 1.525332 0.5233573 19.76912 nan 0 0.0 0.040119924147026996 7.947390885407487 1.0
0.0386351 -0.01739281 0.05471791 -2.135355 2.064177 1.545049 0.1606852 20.29802 2.327471 0 0.0 0.042369573891014055 2.13605595097595 1.0
-0.002661694 -0.01789982 2.705787 -3.640983 1.613873 1.139946 0.5483076 19.40673 2.518034 0 0.0 0.018096634244578077 4.5363025136842445 1.0
0.005888345 -0.02353427 -3.568694 -9.177123 0.9605528 0.8487028 0.6372486 19.16531 2.913807 0 0.0 0.024259729414647744 9.846581306360346 0.0
-0.0269817 -0.03769434 -2.711921 -9.181471 0.6411088 0.4912467 0.1238737 18.74376 3.395958 0 0.0 0.04635596404914474 9.573605654824206 1.0
0.03990793 -0.01888489 -2.369325 -5.049978 0.3884697 0.2947606 0.07999594 16.60506 5.43045 0 0.0 0.04415067323605609 5.578169839302941 1.0
-0.04669048 -0.01123004 2.113485 -3.410542 1.473187 1.086904 0.3488934 19.91116 2.263424 0 0.0 0.04802202329173564 4.0123080114803 1.0
-0.01489974 -0.0353246 1.86266 -1.176973 0.2496232 0.1939901 0.1215359 17.69645 2.272177 1 0.0 0.038338356996976276 2.2033537433487616 1.0
-0.04424165 -0.0231822 -1.068592 -5.224422 1.246182 1.079366 0.6432536 19.4898 nan 0 0.0 0.049947352197714144 5.332586060866528 0.0
0.01129151 -0.04188156 0.0665453 -4.188782 0.8106012 0.5928423 0.1808851 18.77062 2.657991 0 0.0 0.04337699005364134 4.189310554312737 1.0
-0.01024971 -0.02502429 4.877559 -4.045685 1.86237 1.53172 -0.05106797 20.11906 nan 0 0.0 0.027042034780840735 6.337045756321 1.0
-0.0126402 -0.02733629 -1.491438 -2.293969 0.3467281 0.2572818 0.1012666 17.97935 2.386086 1 0.0 0.030117227744334302 2.736180016154822 1.0
0.03590559 -0.01908926 -0.0916383 -2.905436 0.1552801 0.1209975 0.2049628 15.48602 3.02185 1 0.0 0.04066461902681126 2.9068807901465257 1.0
-0.03482317 0.01696577 -3.308548 -8.016365 1.808462 1.665855 0.6753104 20.03234 2.60186 0 0.0 0.038736165537412194 8.672289068148558 1.0
-0.02540213 -0.01780978 0.502971 -2.489776 0.3138786 0.2440984 0.1911332 17.72747 3.793648 1 0.0 0.03102348259279251 2.540071722809614 1.0
-0.04310038 -0.01847433 -0.5576147 -1.587638 0.2030519 0.158113 0.2392585 16.98782 2.194045 1 0.0 0.04689289525176815 1.682714643871649 1.0
0.02020522 -0.03373678 -0.4594031 -0.06941321 1.225166 1.130396 0.580888 19.35231 3.175928 0 0.0 0.03932456280770074 0.46461747923653723 0.0
-0.02259502 -0.01901641 0.735846 0.4238988 0.370427 0.273646 0.2723083 18.07824 2.292128 0 0.0 0.029532334450369818 0.8492111211927456 1.0
0.03296851 -0.02007999 -2.425592 -8.653611 3.737536 2.527088 0.2935517 20.61172 1.546574 0 0.0 0.038602184523938536 8.987128567556214 1.0
0.002328156 -0.01975947 0.2762084 -0.5396555 0.5583729 0.41859 0.1185794 18.78838 2.685228 0 0.0 0.019896154528984644 0.6062335679511733 0.0
-0.0471189 0.01363394 -1.751791 -8.571719 1.942082 1.630131 0.6345577 19.94766 3.01725 0 0.0 0.0490517589606489 8.748893548480401 0.0
0.004978075 -0.03677503 -2.033215 -1.916261 2.080398 1.449546 0.09077688 20.44686 2.346148 0 0.0 0.03711043063892583 2.7939254564762463 1.0
-0.02683428 -0.008269628 -11.79394 -6.520643 1.732561 1.469548 0.5675995 19.68294 2.869196 0 0.0 0.02807962482614011 13.476490858418929 0.0
-0.0232916 -0.03943856 -10.80703 -10.70654 1.485799 1.22381 0.5976599 19.45076 2.829805 0 0.0 0.0458028235530693 15.212557187813626 0.0
-0.03845269 -0.008006671 -0.9041009 -1.980728 1.568281 1.135666 0.1984058 20.1799 2.163774 0 0.0 0.039277425434189814 2.1773106915102423 1.0
-0.005051315 -0.04314749 -11.67719 -8.3067 2.149195 1.71429 -0.0176382 20.42463 2.448126 0 0.0 0.04344216473116096 14.330318600299854 0.0
-0.04468453 -0.02090885 0.395494 -0.4526735 0.1486596 0.1147725 0.1610057 16.01534 2.912767 1 0.0 0.04933444263031052 0.6011063147549275 0.0
0.02563395 -0.0412092 -0.471081 -3.21092 0.6425305 0.483144 0.2157862 18.8768 nan 0 0.0 0.04853140794622077 3.245292676317654 1.0
0.04047851 -0.0215993 1.545409 -2.827588 0.4676958 0.3518465 0.1475886 17.52114 3.804927 0 0.0 0.04588070980608408 3.222350520198726 1.0
-0.04034454 -0.02081341 -1.170772 -5.220893 0.4172537 0.3112426 0.1724786 18.15844 3.700039 1 0.0 0.045396915574075075 5.350554251050353 1.0
-0.04199905 0.01746063 -3.080553 -3.101686 0.5387854 0.3695708 -0.05571953 18.30801 3.469437 0 0.0 0.045483994997134986 4.371528660366417 1.0
0.02516997 -0.02753148 -4.387099 -4.688884 1.528831 1.422261 0.6429461 19.77913 1.680502 0 0.0 0.03730294600686788 6.421235924746653 1.0
-0.04424586 -0.0143302 3.675598 -3.563975 2.28485 1.80379 0.3173854 20.04349 0.8904476 0 0.0 0.04650860951672926 5.119759609418102 1.0
-0.04052622 -0.02137234 -1.196388 -1.873431 1.721397 1.480827 0.652373 19.87764 nan 0 0.0 0.04581649729697808 2.222855811406804 1.0
0.02036152 -0.03197061 -0.02864645 -0.2974999 1.47549 1.422509 0.6010036 19.80138 2.428898 0 0.0 0.037903976051101816 0.29887591003226155 0.0
-0.04049417 0.02447843 -1.746993 -5.751357 0.4875296 0.362128 0.167078 18.19707 nan 0 0.0 0.04731776980431136 6.010831214025061 1.0
9.312315e-05 -0.03946045 0.05726804 -1.55607 0.4611182 0.3403099 0.06732901 18.26448 2.885136 1 0.0 0.03946055988102001 1.5571234611633855 1.0
0.004509882 -0.04677714 1.095123 -1.644396 0.9326307 0.9065883 0.6520651 19.25835 2.590345 0 0.0 0.046994040709791324 1.9756853468973747 1.0
-0.01887414 -0.04115036 0.002695797 -4.537104 1.92305 1.716025 0.04090615 20.37538 2.785891 0 0.0 0.04527234574074111 4.537104800876597 1.0
-0.01646524 0.001134104 4.589545 1.984935 2.231245 1.844628 0.05489941 20.24564 nan 0 0.0 0.01650425157771221 5.000389010992045 1.0
0.02958895 -0.02341481 6.613058 -1.695839 1.028832 0.7547346 0.1599407 18.75118 1.263296 0 0.0 0.03773273498487222 6.827034936580081 1.0
0.01534631 -0.03245221 3.648089 -2.272303 2.262963 1.737523 0.1304502 20.38891 2.120642 0 0.0 0.035897843451942905 4.297896494301602 1.0
-0.02823661 -0.01229836 7.986105 -2.298811 1.167302 1.008174 0.6531117 19.42693 2.913177 0 0.0 0.030798633134957468 8.310379358654213 1.0
0.02446498 -0.04027238 -2.122058 -3.295604 0.5517995 0.4159872 0.4103851 18.72617 2.082541 0 0.0 0.04712111880319482 3.9197111985680784 1.0
-0.03076636 0.01391925 2.063831 -0.3662291 0.3416598 0.2690523 0.0588941 17.70073 3.050349 0 0.0 0.03376854199120981 2.0960730307524615 1.0
-0.02353472 -0.002746961 -2.048104 -5.088576 1.441064 1.292951 0.6313723 19.66685 2.594912 0 0.0 0.023694489659284095 5.485283557172956 1.0
-0.007910789 -0.02602924 -0.5930448 0.1727023 1.076038 0.9774144 0.5907893 19.25599 2.417654 0 0.0 0.027204814235354025 0.6176797060227331 0.0
-0.02621331 0.001787999 0.6441578 -19.95829 4.037354 3.05005 0.08652351 20.66641 3.489189 0 0.0 0.02627421857220688 19.96868245516967 0.0
-0.0167448 -0.03430639 -11.51694 -12.40818 1.437733 1.242684 0.6494094 19.52364 2.840151 0 0.0 0.038174817902278196 16.929348418530466 0.0
-0.009104622 -0.0419557 1.308871 0.2736685 0.557162 0.4077039 0.1917037 18.81666 2.476963 0 0.0 0.04293221289722769 1.3371752848947103 1.0
0.009940486 -0.04135307 -4.411378 -1.571648 0.3488358 0.2555251 0.1871605 18.16203 2.326998 1 0.0 0.04253104348991565 4.68298337545501 1.0
-0.01435544 -0.02650112 -5.707295 -4.928662 0.6645822 0.5011448 0.02107686 18.56952 3.921856 0 0.0 0.03013947608781546 7.540883590619139 1.0
0.01287674 -0.03969976 -1.012778 -2.186072 1.120619 1.074182 0.6692382 19.4779 2.403616 0 0.0 0.041735852418336924 2.409279989222506 1.0
0.01305796 -0.04438804 -2.225675 -4.790853 0.7381491 0.5286555 0.1592139 18.5538 4.251404 0 0.0 0.04626887090045747 5.282603683150384 1.0
0.02215462 -0.03143696 0.695793 -3.800479 1.509002 1.246006 0.07775286 20.00814 2.734537 0 0.0 0.03845919449736305 3.863647050170344 1.0
-0.02099057 0.01137566 -7.071918 -1.196506 1.910302 1.662351 0.04530089 20.24612 nan 0 0.0 0.023874875274239652 7.172422938363297 1.0
0.03348607 -0.02622375 -1.605119 -4.414706 0.5322145 0.3302927 0.242428 18.37021 2.010796 0 0.0 0.042532363537750875 4.697449954027929 1.0
0.005419914 -0.03479523 1.170843 -2.663645 1.631289 1.462564 0.004620028 20.23473 3.135 0 0.0 0.035214819302678474 2.9096181908755656 1.0
-0.04356015 0.01993756 -9.329441 -7.573211 1.022188 0.8588293 0.5384626 19.06163 3.613752 0 0.0 0.04790608486169685 12.016321992315367 0.0
0.009836402 -0.04280645 0.8124457 4.375676 1.723035 1.412939 -0.07060385 20.14974 nan 0 0.0 0.04392205557471217 4.450461602173925 1.0
-0.005752808 -0.04348513 -6.91318 -1.968889 0.7105716 0.5111404 0.123094 18.01452 2.401228 0 0.0 0.043864009518074884 7.188086087876313 1.0
0.02269932 -0.03550165 2.05439 1.463139 1.075356 1.01487 0.6055074 19.31048 2.204983 0 0.0 0.042138180800610034 2.5221605827982088 1.0
-0.02452522 0.007720313 -2.69509 -5.077052 1.448936 1.174327 0.1506112 19.99546 2.421194 0 0.0 0.02571166367363981 5.748040285071426 1.0
0.02366062 -0.03594439 -0.1275456 0.2693725 0.4402802 0.3301715 0.3482033 18.17952 3.755598 0 0.0 0.04303282597339501 0.29804265438961924 0.0
0.03933486 -0.02201652 -5.81108 -5.740803 0.6466398 0.4629647 0.2346053 18.82472 4.127726 0 0.0 0.045077248852719486 8.168565960510389 1.0
-0.03960874 0.02120389 -0.6461376 -3.158877 1.405561 1.104387 0.008963548 20.02584 2.294411 0 0.0 0.04492724380061279 3.2242825092201146 1.0
-0.007572604 -0.03042374 -8.456095 -5.446907 0.6465146 0.4990424 0.07533328 18.64798 nan 0 0.0 0.03135200610692107 10.058545546731594 1.0
0.03579876 -0.0265603 -0.8576812 -3.08189 0.3478204 0.2516456 0.2345483 18.13487 2.455036 1 0.0 0.044575786629375364 3.199009692535088 1.0
0.04211654 -0.0198548 -1.915624 -4.550593 0.1700074 0.1264827 0.1208957 16.24965 2.909332 1 0.0 0.04656195898597481 4.937358804160884 1.0
0.01269569 -0.03360957 -1.792076 -3.847929 1.303922 1.146884 0.6235626 19.49931 nan 0 0.0 0.035927478900710526 4.244772547359516 1.0
0.03280918 -0.02971586 -5.716845 0.2427949 0.3901803 0.2905791 0.1039703 17.94926 4.612453 1 0.0 0.04426595337064367 5.721998437389774 1.0
0.03078189 -0.03094541 -2.746888 -4.438586 2.02684 1.682014 -0.07410838 20.19643 2.326809 0 0.0 0.04364794556494269 5.219812196232734 1.0
0.01264376 -0.03327959 0.7369663 -2.314868 0.7041303 0.5750587 0.204803 19.06618 1.661524 0 0.0 0.0356005024895113 2.4293483045375956 1.0
-0.04018798 -0.02228391 -5.184319 -10.96522 1.930117 1.329783 0.6166198 19.68632 nan 0 0.0 0.04595265369234404 12.12902358568739 0.0
-0.005364291 -0.02246613 -8.526072 -3.334113 1.26573 1.108112 0.6082964 19.54241 2.018719 0 0.0 0.023097675534771482 9.154791818821058 1.0
-0.01755042 -0.03378202 -3.681776 -5.786562 1.401355 1.236762 0.6705982 19.68221 nan 0 0.0 0.03806891274329752 6.8585548254730755 1.0
-0.002271825 -0.01925403 -5.882739 -3.346907 0.4651899 0.3384821 0.08336927 18.46272 3.430984 0 0.0 0.01938759552062929 6.768190645125919 1.0
0.02108791 -0.03722933 2.512851 -6.349705 3.561899 2.849957 0.6714238 20.49689 nan 0 0.0 0.04278694848218321 6.828848639062518 1.0
0.03722819 -0.02615078 -1.630358 -2.692924 0.4042116 0.2938963 -0.06711062 16.92146 5.5491 0 0.0 0.04549507034047205 3.148000457106066 1.0
-0.02301753 0.008081187 -4.322374 -4.453023 0.539422 0.4002522 0.07617582 18.33445 5.293318 0 0.0 0.024394923050296124 6.205830390399418 1.0
-0.03409392 0.01344316 3.584364 2.944357 1.045784 0.9330407 0.6343073 19.26093 2.698952 0 0.0 0.036648518820710886 4.638631633137622 1.0
-0.01718677 -0.03303236 -4.728379 -3.09499 0.3047135 0.2304453 0.07023229 17.71436 3.717487 1 0.2254923 0.037236029194887305 5.651241550999303 1.0
0.001729868 -0.04942636 -2.14297 -6.072206 2.233945 1.590286 0.08483919 20.39798 nan 0 0.0 0.04945662247006991 6.439255091028465 1.0
0.008251699 -0.04050795 -3.018573 -3.01459 2.18023 1.607639 0.2871512 20.43991 nan 0 0.0 0.041339866347015454 4.266091398977406 1.0
0.03189861 -0.03283215 -1.207756 -3.135493 0.370774 0.275792 0.1240893 14.59868 6.383211 0 0.0 0.045776319135057156 3.3600581704168455 1.0
-0.02204613 -0.03220369 -1.701946 -2.104785 2.689365 1.943877 0.3893999 19.96876 2.671507 0 0.0 0.03902703547020962 2.706795168301621 1.0
0.01495466 -0.04410032 -1.908138 -5.140831 2.083585 1.791137 0.1278704 20.15563 nan 0 0.0 0.046566941920401 5.483532985002006 1.0
0.006796738 -0.03951791 -5.035686 -3.024621 0.3762857 0.2751952 0.1953326 17.07116 5.603437 0 0.0 0.040098140333545945 5.874220432043472 1.0
0.02394767 -0.03118182 -7.334281 -5.572151 1.916982 1.607364 -0.02216354 20.36998 nan 0 0.0 0.03931662239996335 9.210892712097019 1.0
0.01877572 -0.03547789 -0.666014 -7.076364 0.3336535 0.2385149 0.102958 17.98363 1.832073 1 0.0 0.04013985974527689 7.107636886384391 1.0
-0.03127677 -0.01450232 -0.002680623 -7.341174 1.657662 1.313947 0.2683352 19.93167 2.513994 0 0.0 0.03447540611820694 7.341174489413507 1.0
-0.03751203 -0.02030296 -1.933125 -6.118711 1.636349 1.373974 0.6314538 19.65087 2.427265 0 0.0 0.04265398667747834 6.416821375661473 1.0
-0.02382112 -0.0008969057 -0.5265242 -5.199361 2.254924 1.706129 0.2055418 20.4468 2.103006 0 0.0 0.023837999032827663 5.225952787914051 1.0
-0.005232844 -0.04927008 -4.150791 -4.450035 2.270452 1.592107 0.2940233 20.44128 1.127249 0 0.0 0.049547183971793356 6.085382274508808 1.0
