jas1101finalproject/data/gcs/Terzan_4_HP_4.ecsv
# %ECSV 0.9
# ---
# datatype:
# - {name: x, unit: deg, datatype: float64}
# - {name: y, unit: deg, datatype: float64}
# - {name: pmx, unit: mas / yr, datatype: float64}
# - {name: pmy, unit: mas / yr, datatype: float64}
# - {name: pmx_e, unit: mas / yr, datatype: float64}
# - {name: pmy_e, unit: mas / yr, datatype: float64}
# - {name: pm_corr, datatype: float64}
# - {name: g_mag, unit: mag, datatype: float64}
# - {name: bp_rp, unit: mag, datatype: float64}
# - {name: filter, datatype: int64}
# - {name: memberprob, datatype: float64}
# - {name: r, unit: deg, datatype: float64}
# - {name: pm, unit: mas / yr, datatype: float64}
# - {name: member_prob_GMM, datatype: float64}
# meta: !!omap
# - comments: [deg deg mas/yr mas/yr mas/yr mas/yr dimless mag   mag   zeroone float]
# - __serialized_columns__:
#     bp_rp:
#       __class__: astropy.units.quantity.Quantity
#       unit: &id001 !astropy.units.Unit {unit: mag}
#       value: !astropy.table.SerializedColumn {name: bp_rp}
#     g_mag:
#       __class__: astropy.units.quantity.Quantity
#       unit: *id001
#       value: !astropy.table.SerializedColumn {name: g_mag}
#     pm:
#       __class__: astropy.units.quantity.Quantity
#       unit: !astropy.units.Unit {unit: mas / yr}
#       value: !astropy.table.SerializedColumn {name: pm}
#     pmx:
#       __class__: astropy.units.quantity.Quantity
#       unit: !astropy.units.Unit {unit: mas / yr}
#       value: !astropy.table.SerializedColumn {name: pmx}
#     pmx_e:
#       __class__: astropy.units.quantity.Quantity
#       unit: !astropy.units.Unit {unit: mas / yr}
#       value: !astropy.table.SerializedColumn {name: pmx_e}
#     pmy:
#       __class__: astropy.units.quantity.Quantity
#       unit: !astropy.units.Unit {unit: mas / yr}
#       value: !astropy.table.SerializedColumn {name: pmy}
#     pmy_e:
#       __class__: astropy.units.quantity.Quantity
#       unit: !astropy.units.Unit {unit: mas / yr}
#       value: !astropy.table.SerializedColumn {name: pmy_e}
#     r:
#       __class__: astropy.units.quantity.Quantity
#       unit: &id002 !astropy.units.Unit {unit: deg}
#       value: !astropy.table.SerializedColumn {name: r}
#     x:
#       __class__: astropy.units.quantity.Quantity
#       unit: *id002
#       value: !astropy.table.SerializedColumn {name: x}
#     y:
#       __class__: astropy.units.quantity.Quantity
#       unit: *id002
#       value: !astropy.table.SerializedColumn {name: y}
# schema: astropy-2.0
x y pmx pmy pmx_e pmy_e pm_corr g_mag bp_rp filter memberprob r pm member_prob_GMM
[from data line 1976]
0.008540197 -0.01121301 -0.7745625 -1.007633 0.2271173 0.1748701 0.1440391 17.10104 3.352054 1 0.0 0.014094912488515458 1.2709332512351899 1.0
0.02573503 0.04255389 -2.450811 -2.595563 1.416503 1.22236 0.6509295 19.59719 2.385614 0 0.0 0.04973052707576102 3.569792969443746 1.0
0.03170509 0.009347022 -10.10302 -10.09073 0.8881401 0.677951 0.0904429 18.50175 2.879642 0 0.0 0.03305419114388648 14.279140207074795 0.0
-0.01124348 0.02686692 -0.438156 -2.787497 0.7461077 0.5761893 0.2666847 19.13155 2.109892 0 0.0 0.029124684252310788 2.82172291434595 1.0
0.003135191 0.02158991 -3.097955 -4.332697 1.700998 1.524746 0.6594049 19.88697 2.548328 0 0.0 0.021816361667670002 5.3263109631182814 1.0
0.0173021 0.004771266 -1.835918 0.8263134 1.504948 1.086194 0.551715 19.39027 2.792715 0 0.0 0.017947914743856902 2.0133029423669853 1.0
0.02962752 0.0161455 -2.056967 -4.577163 1.780029 1.524905 0.6665495 19.81483 2.503967 0 0.0 0.033741178278187026 5.018120601147206 1.0
0.01296448 0.03069665 -0.5771851 -6.781569 1.777348 1.377557 0.3896914 20.20768 1.988749 0 0.0 0.03332209571579945 6.806087035986464 1.0
0.03071651 0.007203493 -0.3509855 0.05798709 0.142405 0.1078096 0.1058168 15.36968 2.821789 1 0.0 0.031549870015281346 0.35574333980683054 0.0
0.02185007 -0.0004234001 0.001227486 -1.227613 2.035204 1.768132 0.5797886 19.66763 3.643728 0 0.0 0.02185417183627831 1.2276136136793532 0.0
0.02619854 0.02620969 -0.5113058 -1.586576 2.050792 1.751804 0.6251946 19.99613 2.653929 0 0.0 0.037058215661681555 1.66693041993049 1.0
0.02695261 0.02629913 -2.691645 -6.121289 2.492808 1.939676 0.5345599 20.04662 3.097523 0 0.0 0.03765750157098848 6.686937402693852 1.0
-0.02331207 0.04239622 -4.051105 -3.213044 1.954863 1.579295 0.5366993 19.90589 nan 0 0.0 0.04838276633237604 5.170599913642613 1.0
0.01158618 0.02934643 -0.2506519 -0.9160129 1.679151 1.43084 0.5791976 19.95612 2.106508 0 0.0 0.031550792711710116 0.9496873211431329 1.0
-0.00063488 0.03076431 0.2770137 1.8815 0.9748347 0.8678861 0.618332 19.22784 2.690577 0 0.0 0.03077086028031228 1.9017830685931796 1.0
0.008231616 0.02626833 -5.448836 -2.254543 1.862121 1.395618 0.261473 20.11732 3.033201 0 0.0 0.027527888821345454 5.896844740515474 1.0
-0.009291665 0.009826883 -6.897486 -9.333201 1.430594 1.32432 0.2734223 19.35763 2.77367 0 0.0 0.013524151284569172 11.60534161610924 0.0
0.03760624 0.009106408 -1.746322 -6.502318 0.7384952 0.583779 0.009133972 19.07582 3.821568 0 0.0 0.03869309956051678 6.732739405383814 1.0
0.0274659 0.003443217 0.2789048 -1.683226 0.2598485 0.1974218 0.05178856 17.7571 2.195354 1 0.0 0.027680885211984987 1.7061763257468556 1.0
0.001262927 0.002379142 -5.442863 -8.954516 3.782068 2.688729 0.4347721 20.68437 nan 0 0.0 0.002693566643595996 10.478936703264555 0.0
0.01069863 -0.000865864 2.923748 -1.396963 1.069144 0.8676998 0.5726316 19.2146 nan 0 0.0 0.010733610964787014 3.240340721416962 0.0
0.001574729 -0.005566877 -5.839816 -3.632882 0.267265 0.1935577 0.03651844 15.79572 4.215227 1 0.9937099 0.005785316841502287 6.877592786708152 1.0
0.0420679 -0.01247334 -3.573853 -7.799411 1.666578 1.538688 0.6387653 19.83972 2.455818 0 0.0 0.04387815425887465 8.579232903501921 1.0
0.006435323 -0.005568994 -5.81524 -3.093114 0.6862371 0.5768177 -0.07014389 18.93326 3.229391 0 0.0 0.008510409877694787 6.58668129444533 1.0
0.013456 0.01318903 -2.605156 -4.932006 1.988091 1.833384 -0.04138721 20.16905 2.279327 0 0.0 0.018841827096672443 5.577770250590464 1.0
-0.01178702 0.00715822 -4.441444 -5.528538 1.866284 1.328158 0.5304826 19.55514 2.427591 0 0.0 0.013790357285030726 7.091625851846669 1.0
-0.02112181 0.01692792 0.8562291 0.5475335 1.244546 1.05992 0.6861378 19.4003 2.687553 0 0.0 0.027068160875879616 1.0163273120944158 1.0
0.02460921 0.01390201 3.692969 4.160963 2.390617 1.904099 0.07216016 20.27031 1.888103 0 0.0 0.028264449381939144 5.563419193475358 1.0
0.02756953 0.002275889 -3.865151 0.8268974 1.488466 1.391528 0.4404638 19.55267 nan 0 0.0 0.027663308825251202 3.9526132574447197 1.0
-0.007732334 0.01555861 -5.186938 -0.8137623 1.499087 1.304532 0.5763783 19.54138 3.303164 0 0.0 0.01737409952255529 5.250384261817919 1.0
-0.02117391 0.0173685 -2.146801 -2.933412 1.499265 1.278973 0.6964024 19.59147 nan 0 0.0 0.027386114308862803 3.635059902580011 1.0
0.01293427 0.0003450188 -1.598627 -11.13131 0.1990037 0.1662739 -0.07274376 17.22533 1.95293 1 0.0 0.012938870831925535 11.245517800494069 0.0
0.03357902 0.01537549 -5.709276 -3.803965 0.4646751 0.3576276 -0.04872326 18.38593 3.983635 1 0.494917 0.03693177868584859 6.860465156634862 1.0
0.03464232 0.008275953 -1.056853 -5.163392 0.6493834 0.4781863 0.2048946 18.88698 3.858345 0 0.0 0.03561715503855704 5.270441652202688 1.0
0.03125972 -0.0008628654 -6.82534 -3.317964 0.4679985 0.3559856 0.09165299 17.37375 5.331969 0 0.0 0.03127162661546273 7.589081052465838 1.0
0.004537745 -0.008168598 -5.753706 -3.14876 0.4495499 0.3583727 0.01932754 18.25377 nan 0 0.0 0.009344363165600372 6.558949784228875 1.0
0.001600958 0.008198457 -7.585534 -8.453976 1.429013 1.241358 0.6265343 19.66336 2.876028 0 0.0 0.008353308548031313 11.35825850532255 0.0
0.03724772 0.02271358 -2.140529 1.345986 0.3836674 0.3025153 0.1279846 16.65049 5.193169 0 0.0 0.04362681929289368 2.5285455724659185 1.0
0.01096293 0.03619961 0.03404153 -0.5624983 0.3210678 0.2483269 0.06840825 17.59124 4.204796 1 0.0 0.03782324151017467 0.5635274290286418 1.0
0.004122714 0.01075232 -4.139691 -4.23848 1.750277 1.531718 0.6496613 19.83525 2.429647 0 0.0 0.011515604895453646 5.924673348453989 1.0
0.01181389 -0.02036864 -1.173384 -5.304188 0.3225605 0.2471609 0.1464323 17.11714 4.611167 1 0.0 0.023546751206518914 5.432424905214981 1.0
0.009790599 0.01579874 0.5297653 -1.396048 1.749428 1.548032 0.5805036 19.73191 2.238405 0 0.0 0.01858644706140474 1.493184948821843 1.0
0.03219512 -0.001965632 -0.7079349 -3.17668 0.2860327 0.2232967 0.05865062 17.93276 2.348942 1 0.0 0.03225506876405356 3.254607141428595 1.0
0.02890087 0.02036287 -4.556075 -7.667111 1.372305 1.04374 0.5701228 19.35467 2.321447 0 0.0 0.035354020441723456 8.918655195260438 0.0
-0.002480192 -0.0020898 -0.03309278 -3.020725 2.066657 1.742519 0.5720611 19.97866 nan 0 0.0 0.0032432416494710967 3.020906264304328 0.0
0.01720138 0.02245431 -2.427468 -6.141288 0.6007877 0.4482426 0.0635666 18.83306 nan 0 0.0 0.028285747497290927 6.603636815419819 1.0
-0.01361103 0.03655784 0.6341238 -9.515574 0.693503 0.5136222 0.09471936 18.76359 nan 0 0.0 0.039009432232813904 9.536679796616978 1.0
0.0139452 -0.0186218 -4.175905 -3.330605 0.7611081 0.6071214 0.1885867 18.96147 3.071367 0 0.0 0.023264566152842826 5.341452258988187 1.0
-0.001700558 0.007254318 -8.993176 -2.095442 1.683792 1.281684 0.3203591 20.01591 2.475485 0 0.0 0.007450974913156533 9.234072327112237 0.0
0.02994269 0.0260617 -2.756606 -6.839862 2.053794 1.726468 0.6334104 19.76181 2.27405 0 0.0 0.03969605636994814 7.374455153994768 1.0
-0.008042902 -0.0008045617 -10.67589 -3.221459 1.780182 1.530788 0.6015002 19.68555 2.421326 0 0.0 0.008083043493060698 11.151341864582083 0.0
0.02614185 0.009501337 -1.536388 -10.35115 0.5388361 0.3699317 0.2146831 17.14031 1.446918 0 0.0 0.02781495508193513 10.464549412614192 0.0
0.02791115 0.01457246 5.361912 -9.064364 3.517352 2.403666 0.09321084 20.44113 2.209747 0 0.0 0.03148632853754309 10.531514374497146 0.0
0.03593435 -0.01189666 2.426224 -3.398099 0.9672088 0.9031879 0.6488903 19.1745 2.717331 0 0.0 0.03785245076713131 4.175361027740835 1.0
0.02464155 0.03790979 1.522184 -2.516078 0.5513312 0.4007441 0.2141514 18.6786 2.126383 0 0.0 0.04521457911168255 2.9406959434698448 1.0
0.03924958 0.02231603 -2.580871 -6.921004 1.714508 1.202952 0.5934839 19.52569 3.025703 0 0.0 0.04515013538337731 7.386554777882379 1.0
0.01522897 0.04457608 -1.66165 -4.173503 0.580841 0.43048 0.06242719 18.70293 3.539232 0 0.0 0.047105715528238175 4.492127337187694 1.0
0.004254132 0.04216253 2.132914 -0.5248872 1.208455 1.0178 0.6325038 19.24902 2.203388 0 0.0 0.04237660410030898 2.1965492719535886 1.0
-0.01451937 0.02494958 0.2944591 -3.493374 1.354188 1.051841 0.277755 19.96379 1.773428 0 0.0 0.02886682607030603 3.5057621233404888 1.0
0.02474643 0.041137 -1.697481 -5.799898 1.163544 0.9999101 0.6106682 19.2639 1.821594 0 0.0 0.04800665127609819 6.043199364224632 1.0
-0.002169225 0.03896016 -0.7414703 -1.745343 1.574571 1.385988 0.6621739 19.76359 1.538387 0 0.0 0.0390205023587117 1.8963123143172091 1.0
0.01330074 0.01824734 2.17615 -5.062288 0.5970481 0.4400477 -0.06887939 18.60822 nan 0 0.0 0.02258041411540541 5.510207674620259 1.0
-0.01329634 0.01803563 -5.298212 -2.491562 1.533382 1.339325 0.601857 19.72679 nan 0 0.0 0.02240706600366277 5.854821226714613 1.0
0.03495046 -0.001886516 -1.319199 -2.177715 1.735166 1.436154 0.6908318 19.93027 1.687239 0 0.0 0.035001337072029924 2.546120308003139 1.0
0.02297275 0.01959777 3.413792 1.978996 1.798089 1.493571 0.6061999 19.5132 3.30344 0 0.0 0.030196354606730265 3.945934741893231 1.0
-0.03009786 0.03699076 -2.29364 -0.07165433 1.584063 1.447466 -0.09434691 20.25829 2.116432 0 0.0 0.04768854686355205 2.294758983555299 1.0
-0.0233316 0.01652303 -1.701985 -2.237167 2.009045 1.753123 0.6525098 19.82667 1.730446 0 0.0 0.02858975478980014 2.8109907730396415 1.0
0.009475296 -0.01685313 0.7444453 0.003009909 0.1991782 0.1551619 0.1250486 14.082 4.311343 1 0.0 0.019334146608643372 0.7444513847419979 0.0
0.02380614 0.02510598 -2.429942 -1.579356 0.4909717 0.3620676 0.08672318 18.66846 2.796474 1 0.0 0.034598302465005414 2.898099980694248 1.0
0.01444389 0.01303248 -5.119266 -3.677686 0.4555867 0.3467711 0.1008597 18.07989 3.832438 0 0.0 0.019454343815263984 6.303352972295935 1.0
0.02886614 -0.007810564 -0.767739 -2.130196 0.4319539 0.320306 0.1593619 18.6047 2.524506 0 0.0 0.029904162728585062 2.2643228944956153 1.0
-0.0111383 0.01707461 -1.462657 -4.076647 0.1997271 0.1533056 0.0604697 17.11752 2.342489 1 0.0 0.02038636881698406 4.331098736147446 1.0
-0.0253339 0.01798163 -4.015246 -3.567555 1.108939 0.9727728 0.6421112 19.29382 3.317352 0 0.0 0.03106679105840994 5.371186937590331 1.0
0.02512364 -0.006611665 -0.8649888 -1.093381 0.5379539 0.4092204 0.1053831 18.57571 2.601976 0 0.0 0.025979056967523378 1.3941619831592167 1.0
0.009191159 0.000841374 -9.181203 -2.095021 1.597614 1.329207 0.005701556 20.078 nan 0 0.0 0.009229589046710422 9.417197115790346 0.0
0.02822994 0.03709815 12.4995 7.937205 1.87977 1.494552 0.4481261 18.98289 2.382042 0 0.0 0.04661761733321535 14.806644571341103 0.0
0.04621422 0.01539106 2.654313 0.3104256 0.5997659 0.4769495 0.02348662 19.04929 2.595619 0 0.0 0.04870974089575924 2.67240370361672 1.0
0.04405411 0.01062755 0.8912791 -8.864885 1.744005 1.495755 0.6215435 19.75548 3.090403 0 0.0 0.04531787094397309 8.909577122250068 1.0
0.001003156 0.01881286 -5.947818 -8.101285 0.5949173 0.4473739 0.1620941 18.66905 4.145927 0 0.0 0.018839586602150696 10.050241669350495 0.0
0.01678242 0.006020675 -4.686367 -7.351516 1.639146 1.447596 0.5697143 19.60144 3.247805 0 0.0 0.017829698497507606 8.71818921318785 0.0
0.02509372 -0.02116091 2.645344 -1.203223 0.7151932 0.588925 0.1600518 19.03116 3.305012 0 0.0 0.032824973655229336 2.9061298088807046 1.0
0.009401102 0.0205538 -5.666494 -3.839163 0.4273364 0.3377131 0.0884074 18.13206 3.703684 1 0.8550219 0.022601756862120344 6.844583755978518 1.0
0.03992153 0.01284385 -0.7023853 -8.834491 1.848878 1.57429 0.5495456 19.55239 2.734398 0 0.0 0.041936774319961706 8.862368551281147 1.0
0.01972558 0.0326772 -6.171461 -5.876354 0.4198703 0.30811 0.1214338 16.64787 5.823514 0 0.0 0.038169332011136904 8.521646977423847 1.0
-0.02377386 0.01761011 0.1893145 -0.629037 1.783687 1.542883 0.6602418 19.69876 2.015556 0 0.0 0.029585678858388566 0.6569075485022607 0.0
-0.01818553 0.0250176 -2.099619 -0.6591013 0.2093746 0.1598923 0.03653245 17.02737 3.19303 1 0.0 0.030928850789204893 2.2006395590424823 1.0
0.01394846 0.003192544 0.4114091 -3.713201 0.4826643 0.3606965 0.09431705 18.71059 2.317799 0 0.0 0.014309153488712601 3.7359227928269356 1.0
0.0477667 0.0009173185 1.083087 -9.193464 0.6177208 0.4491786 0.1444504 18.76003 2.355806 0 0.0 0.047775507345505425 9.257043684074576 1.0
0.03409303 -0.0009248944 1.558891 -0.1800305 0.660643 0.5842169 0.100866 19.0364 2.083931 0 0.0 0.03410557321365603 1.569252092817228 1.0
0.003862049 -0.006020893 -5.157357 -8.262787 1.192497 1.082962 0.5834391 19.41679 2.66292 0 0.0 0.007153081503509519 9.740224855352057 0.0
-0.015898 0.02832918 -2.270025 -4.120851 1.290569 1.108229 0.6377591 19.47358 2.747408 0 0.0 0.0324852096110276 4.704723845756093 1.0
0.01303733 -0.006176221 0.706285 -0.107888 0.4131692 0.3335294 -0.06650591 17.6406 4.108032 0 0.0 0.014426284323059108 0.714477656591863 0.0
0.01920502 0.0302874 -3.44763 -4.058504 0.7432743 0.5262101 0.2078527 18.72324 nan 0 0.0 0.035863064453005127 5.325186131480852 1.0
-0.01210405 0.04629888 -4.390064 -2.581192 1.918346 1.471217 0.149021 20.44995 1.738131 0 0.0 0.04785492989919534 5.0926627676452325 1.0
0.001133213 0.02376815 1.371629 -3.790156 0.2368466 0.1854187 0.1577168 17.50863 1.881376 1 0.0 0.023795149214196343 4.030713164934588 1.0
0.004277934 -0.005860694 -5.887604 -8.430907 1.679523 1.56412 0.5251967 19.55695 3.528534 0 0.0 0.0072559254041088365 10.283193750166578 0.0
-0.005732346 0.04626706 -2.81489 -3.944359 2.272316 1.896332 -0.2400921 20.49365 1.204052 0 0.0 0.046620817578709575 4.845778950074075 1.0
-0.02107127 0.02336142 -2.910626 -3.328195 0.5427105 0.4232016 -0.04445154 19.0338 3.428118 0 0.0 0.03146036178795947 4.421382778034605 1.0
0.01511839 0.004117426 -4.403832 -4.088488 1.317255 1.19813 0.6451826 19.60266 2.358263 0 0.0 0.01566904314428855 6.00911560966903 1.0
0.01202264 -0.01383409 -5.215507 -3.68925 0.298447 0.2317996 0.08106575 17.27693 3.787556 1 0.9463561 0.018328281935241504 6.388433206158533 1.0
0.01441305 -0.01824803 -4.793148 -4.764648 1.333122 1.170479 0.6192303 19.48773 2.652056 0 0.0 0.023253528961931776 6.7584124107521 1.0
0.02704431 -0.01607456 -4.764917 -0.915558 1.453995 1.393122 0.6641984 19.83453 2.773249 0 0.0 0.031460867479611875 4.852080014617751 1.0
-0.004900235 0.04838808 -5.624624 -10.2003 1.029249 0.7954409 0.1782362 18.54909 2.837931 0 0.0 0.048635569176700554 11.648283789098546 0.0
0.01906401 -0.02346356 -7.657124 -4.881279 1.437099 1.356851 0.6505053 19.60183 2.955088 0 0.0 0.030232021519470048 9.08066256543084 0.0
0.006125227 0.02201892 -0.3792404 -1.805408 0.6450474 0.4670916 0.2019581 18.79639 3.5555 0 0.0 0.022855004785996634 1.8448092929775044 1.0
0.0004831888 0.02228805 -3.244897 -7.086722 0.3399187 0.2790272 0.3886101 17.86599 3.103662 1 0.0 0.022293286976552952 7.7942918373571946 1.0
0.002302462 -0.007844267 -6.19369 -9.626636 1.856485 1.572226 0.5923851 19.57933 2.666662 0 0.0 0.00817519761404781 11.447004695229055 0.0
-0.008046338 0.03901515 -1.031896 -4.25515 2.131616 1.737944 -0.0197796 20.35522 nan 0 0.0 0.03983623331507064 4.37848271405929 1.0
0.01251554 -0.02062431 -1.954543 -3.202525 1.363188 1.176399 0.6158596 19.39331 nan 0 0.0 0.024124694909318543 3.7518535038663225 1.0
0.0023818 0.0455119 -3.789024 -2.010569 2.530996 1.996406 0.3253831 20.40152 0.4970074 0 0.0 0.045574181428194624 4.289416111353269 1.0
-0.02325998 0.04206626 -0.9054029 -1.492911 0.210025 0.1611397 0.1242989 17.09432 2.558425 1 0.0 0.04806866858971653 1.7460062042413853 1.0
0.009502857 -0.001449383 -6.996389 -5.819327 1.233293 1.019368 0.6159051 19.35635 2.993206 0 0.0 0.00961275206395848 9.100221193589197 0.0
0.0148287 -0.01932575 -7.806158 -7.806965 1.372176 1.178699 0.6101973 19.40504 2.916725 0 0.0 0.024359288921323215 11.040145163546944 0.0
-0.01628972 0.03801463 -1.747761 -3.739861 0.2730175 0.211633 0.03854162 17.81123 2.977961 1 0.0 0.04135779336129165 4.1281023258201825 1.0
0.03433523 0.02150162 -2.386993 -3.180757 0.4332613 0.3225428 0.08663112 18.54981 2.29442 1 0.0 0.04051206834731226 3.9768015634549836 1.0
