jas1101finalproject/data/gcs/Terzan_7.ecsv
# %ECSV 0.9
# ---
# datatype:
# - {name: x, unit: deg, datatype: float64}
# - {name: y, unit: deg, datatype: float64}
# - {name: pmx, unit: mas / yr, datatype: float64}
# - {name: pmy, unit: mas / yr, datatype: float64}
# - {name: pmx_e, unit: mas / yr, datatype: float64}
# - {name: pmy_e, unit: mas / yr, datatype: float64}
# - {name: pm_corr, datatype: float64}
# - {name: g_mag, unit: mag, datatype: float64}
# - {name: bp_rp, unit: mag, datatype: float64}
# - {name: filter, datatype: int64}
# - {name: memberprob, datatype: float64}
# - {name: r, unit: deg, datatype: float64}
# - {name: pm, unit: mas / yr, datatype: float64}
# - {name: member_prob_GMM, datatype: float64}
# - {name: member_prob_DB, datatype: float64}
# meta: !!omap
# - comments: [deg deg mas/yr mas/yr mas/yr mas/yr dimless mag   mag   zeroone float]
# - __serialized_columns__:
#     bp_rp:
#       __class__: astropy.units.quantity.Quantity
#       unit: &id001 !astropy.units.Unit {unit: mag}
#       value: !astropy.table.SerializedColumn {name: bp_rp}
#     g_mag:
#       __class__: astropy.units.quantity.Quantity
#       unit: *id001
#       value: !astropy.table.SerializedColumn {name: g_mag}
#     pm:
#       __class__: astropy.units.quantity.Quantity
#       unit: !astropy.units.Unit {unit: mas / yr}
#       value: !astropy.table.SerializedColumn {name: pm}
#     pmx:
#       __class__: astropy.units.quantity.Quantity
#       unit: !astropy.units.Unit {unit: mas / yr}
#       value: !astropy.table.SerializedColumn {name: pmx}
#     pmx_e:
#       __class__: astropy.units.quantity.Quantity
#       unit: !astropy.units.Unit {unit: mas / yr}
#       value: !astropy.table.SerializedColumn {name: pmx_e}
#     pmy:
#       __class__: astropy.units.quantity.Quantity
#       unit: !astropy.units.Unit {unit: mas / yr}
#       value: !astropy.table.SerializedColumn {name: pmy}
#     pmy_e:
#       __class__: astropy.units.quantity.Quantity
#       unit: !astropy.units.Unit {unit: mas / yr}
#       value: !astropy.table.SerializedColumn {name: pmy_e}
#     r:
#       __class__: astropy.units.quantity.Quantity
#       unit: &id002 !astropy.units.Unit {unit: deg}
#       value: !astropy.table.SerializedColumn {name: r}
#     x:
#       __class__: astropy.units.quantity.Quantity
#       unit: *id002
#       value: !astropy.table.SerializedColumn {name: x}
#     y:
#       __class__: astropy.units.quantity.Quantity
#       unit: *id002
#       value: !astropy.table.SerializedColumn {name: y}
# schema: astropy-2.0
x y pmx pmy pmx_e pmy_e pm_corr g_mag bp_rp filter memberprob r pm member_prob_GMM member_prob_DB
[from data line 442]
-0.02528567 -0.02157747 -3.573095 -1.516891 0.728972 0.7327669 0.4309357 19.54143 1.187458 1 0.907811 0.033240823078705496 3.881747826032237 0.0 0.0
0.004856193 -0.00186321 -2.654469 -1.617723 0.2127529 0.202385 0.3047154 17.64509 1.082819 0 0.0 0.005201361548416818 3.108574171013135 0.0 0.0
0.02405341 -0.02270625 -3.845558 -3.62642 1.095494 1.190858 0.4681983 20.0975 0.783041 0 0.0 0.033077791971209324 5.2857580674643065 0.0 0.0
0.03849213 -0.004366819 1.32561 -1.094241 0.9905379 1.026149 0.3963161 19.94913 0.6253357 1 0.001145103 0.038739039483648284 1.7188965175894098 0.0 0.0
0.003600846 -0.007180834 -3.504281 -1.334421 0.2293322 0.2128617 0.2542828 17.65638 1.143726 1 0.9705942 0.008033085885963874 3.7497552896425126 0.0 0.0
-0.01517437 -0.007754349 0.8303005 -8.717652 2.40621 2.652796 0.355761 20.68929 1.239061 1 0.013271 0.017040875368087786 8.757103134793162 0.0 0.0
-0.02753166 0.01580204 -3.560356 -4.862553 1.042854 1.115319 0.5084544 19.90838 0.4584408 1 0.08731105 0.03174423995809633 6.026653841440123 0.0 0.0
0.02233078 0.0106652 -6.423841 -5.231934 1.927373 2.208166 0.4869632 20.56527 0.1914711 0 0.0 0.024746923575434586 8.284857667675228 0.0 0.0
0.005257326 -0.009809249 0.05208144 2.864344 2.847754 3.180817 0.6034194 20.65521 0.4203587 0 0.0 0.011129278620570024 2.864817450855896 0.0 0.0
0.009021356 -0.01858338 -5.944649 -3.793826 0.3720922 0.4201691 0.6024554 18.26826 0.8969326 1 0.0 0.020657368571605047 7.0520895805056965 0.0 0.0
-0.03797989 0.02333194 -2.881985 -1.358392 0.7188252 0.7164016 0.3936531 19.47707 0.979475 1 0.8515571 0.04457411208959411 3.186073816767119 0.0 0.0
0.01865456 -0.03693368 -2.217122 -1.916984 0.8106834 0.8497344 0.4372071 19.78406 1.588612 1 0.7067582 0.04137740116459709 2.9309482457286755 0.0 0.0
0.0009904338 -0.002114844 -1.993763 -0.7145746 0.6246701 0.6045317 0.3450685 19.04955 0.4414406 0 0.0 0.002335278196814769 2.1179489510217566 1.0 0.0
0.02957702 -0.01571951 -2.670877 -6.206321 0.6355429 0.6404817 0.387295 19.4716 0.8919449 1 0.0 0.033494822088204916 6.756626695635182 0.0 0.0
0.01976304 -0.01829914 -2.402652 -1.478414 0.4454393 0.4358091 0.3174688 18.83648 1.147566 1 0.9614428 0.026933924236568277 2.821071531971495 0.0 0.0
0.02257676 -0.007977288 -4.945232 -4.249573 0.4701949 0.4854491 0.4074061 18.97775 0.7874432 1 3.996534e-05 0.023944669885645618 6.520290654269409 0.0 0.0
-0.0278352 0.02250817 -3.262406 -6.495485 0.8952259 0.9350988 0.4907935 19.78136 1.023687 0 0.0 0.03579687243026826 7.268742552468137 0.0 0.0
0.01946341 -0.01177594 -6.697768 -3.807169 0.7145826 0.7294989 0.4001277 19.67626 0.9921322 0 0.0 0.022748562409780973 7.7041957384521975 0.0 0.0
0.009123628 -0.0014821 -6.37899 -0.785512 1.816679 1.968147 0.3791473 20.4548 0.4924431 0 0.0 0.009243224994144848 6.427172202628774 0.0 0.0
0.001015489 -0.005933356 -0.6919033 -8.953143 2.647753 2.441509 0.0634985 20.43769 nan 0 0.0 0.006019628836718839 8.979838514973412 0.0 0.0
-0.02357307 -0.0427943 0.7190655 -7.736411 0.818954 0.7909023 0.3322722 19.7382 1.153858 1 0.0 0.04885736118247587 7.769756132222636 0.0 0.0
0.02722953 0.02000593 2.395313 -0.2703687 2.902986 2.843385 -0.1109349 20.73999 1.228165 0 0.0 0.0337888226960603 2.4105235120008035 0.0 0.0
0.03408274 0.016265 -3.453427 -7.79389 2.821431 2.872675 0.2610575 20.51493 1.044827 0 0.0 0.03776484331898651 8.524721659762799 0.0 0.0
0.04943483 -0.00700858 -0.4614469 -6.708198 1.155961 1.235782 0.4440767 20.19516 1.119936 1 0.0 0.04992917594698815 6.724050390108897 0.0 0.0
-0.01304173 -0.002009052 -2.372777 -1.840978 1.885004 2.041586 0.4666853 20.46108 0.5497112 0 0.0 0.013195567866962148 3.0032100639504056 0.0 0.0
-0.01038434 0.02551436 0.316548 0.7159541 0.4377489 0.4846779 0.5696857 18.60173 1.079618 1 0.0 0.027546634702721853 0.7828109028435987 0.0 0.0
0.02096151 -0.04280505 3.855304 -8.906943 0.8362717 0.8199062 0.3499899 19.72562 1.021147 1 0.0 0.04766190519673547 9.70551402748278 0.0 0.0
0.007141942 0.01484118 -3.641263 -2.785708 1.056069 1.156016 0.5758539 20.02436 0.9562435 1 0.93301 0.016470214307159576 4.5846445114570225 0.0 0.0
0.04208709 0.00634692 -0.7067493 -0.003116514 1.422698 1.44173 0.3123657 20.30297 0.8947411 1 0.4136797 0.04256297144413792 0.7067561713278507 0.0 0.0
0.01725105 -0.02914376 3.224047 -8.841059 1.347416 1.391974 0.3010667 20.28604 0.9593468 1 0.0 0.03386676059265338 9.410568702245895 0.0 0.0
0.005483447 -0.006456145 -3.477462 -1.987143 0.6958617 0.6532039 0.1840175 19.27377 0.9358311 0 0.0 0.008470537129535174 4.005181551926579 0.0 0.0
-0.009748684 -0.0415136 -5.845681 -14.51524 2.430918 2.749619 0.7026737 20.58143 0.9127884 0 0.0 0.042642887152394546 15.648136585912107 0.0 0.0
1.144917e-05 0.01637119 4.03919 -4.732288 0.7736945 0.799479 0.4815688 19.64123 0.710598 1 0.0 0.016371194003480433 6.221704394379726 0.0 0.0
8.674402e-05 -0.01099927 -3.516524 -3.736508 1.731318 1.885423 0.3770891 20.50654 0.6866016 0 0.0 0.010999612041245171 5.131026512954303 0.0 0.0
-0.03683373 -0.01315894 -3.893955 -7.151634 0.419835 0.4649459 0.5636423 18.49815 0.9214935 1 0.0 0.039113697953996884 8.14301875301666 0.0 0.0
0.01474128 -0.03122992 -1.893946 1.75219 1.177853 1.326169 0.7247713 19.69005 nan 0 0.0 0.03453423286023305 2.580155275756868 0.0 0.0
-0.03405512 0.004786583 0.1318006 1.391807 1.79152 1.906292 0.4798272 20.48002 0.9343643 0 0.0 0.03438986151513683 1.3980336631888948 0.0 0.0
0.006337207 -0.002149412 -3.979186 -3.755212 1.333929 1.424595 0.4478073 20.12952 0.9699154 0 0.0 0.006691798301397989 5.471337897401329 0.0 0.0
-0.002323596 0.01697769 -7.796526 -1.458279 3.033743 3.234556 0.2097743 20.64174 0.9641876 0 0.0 0.017135957986273077 7.931733436678076 0.0 0.0
-0.02424512 0.02459594 -11.09504 -1.316341 0.5609946 0.6392501 0.6286284 19.0218 1.659571 1 0.0 0.03453673563465429 11.17285398767392 0.0 0.0
-0.00310237 0.02834546 -2.381942 -3.2273 1.849092 1.892311 0.3859398 20.452 0.3785496 0 0.0 0.028514729566111965 4.011123655705967 0.0 0.0
0.005634267 -0.003297585 -4.673908 -1.591591 2.112108 2.398303 0.5521208 20.61237 nan 0 0.0 0.006528325318143544 4.93746674963437 0.0 0.0
-0.02134747 -0.01408811 5.3214 -5.890441 0.5067846 0.5051313 0.3255054 18.52542 0.9489346 0 0.0 0.02557712491217494 7.938173161028991 0.0 0.0
0.002019761 0.00345841 -1.911943 -2.042368 1.220652 1.280231 0.5485941 19.98347 0.6688347 0 0.0 0.004005001151712818 2.7976406278635935 0.0 0.0
0.003425175 -0.006375925 3.293786 2.248558 2.870716 3.115397 0.3236688 20.63225 0.3925304 0 0.0 0.007237695999850367 3.988112246810513 0.0 0.0
0.009174067 0.0006312366 -1.797433 2.63252 1.801984 2.039151 0.4396206 20.44124 1.186993 0 0.0 0.00919575798755429 3.187620890239145 0.0 0.0
0.01672881 -0.005709971 -3.151223 -2.182063 0.5526969 0.6591147 0.705921 18.7219 1.222181 1 0.9792262 0.017676449101472303 3.8329629963903904 0.0 0.0
0.02624629 0.007368159 -1.948825 -2.262669 1.667053 1.958143 0.7239153 20.2154 0.911829 0 0.0 0.02726091535171519 2.986233394124779 0.0 0.0
0.0263525 0.02561382 -1.035835 -6.713426 1.014506 1.13167 0.5355404 19.75232 0.7537327 0 0.0 0.03674944940053388 6.7928670533656845 0.0 0.0
0.009851762 -0.000101263 -2.29511 -2.11511 1.477043 1.477116 0.2858327 20.24175 1.204296 0 0.0 0.00985228241068094 3.121092793269691 0.0 0.0
0.019283 -0.03200905 -7.954075 -8.147883 0.1833742 0.1567275 0.05830736 17.12162 0.5311928 1 0.0 0.037368614784368176 11.386628407360714 0.0 0.0
-0.02312197 -0.04093642 -0.8941621 -3.222775 0.5324672 0.5155416 0.3146326 19.10412 0.5924759 1 1.29668e-06 0.047015061194231156 3.3445185844455114 0.0 0.0
0.01570206 0.006928322 -7.284881 -5.225074 3.606293 3.989885 0.3544051 20.90117 -0.465416 0 0.0 0.017162643560340116 8.96498128774606 0.0 0.0
-0.01770975 -0.006709625 -3.179559 -1.5829 0.2209048 0.2141848 0.3839696 17.61824 1.144161 1 0.9968515 0.01893817078556229 3.551783755309577 0.0 0.0
0.003274467 -0.00895084 -0.8017883 0.133475 1.867278 2.098301 0.4867058 20.51965 0.7930756 0 0.0 0.009530984778064069 0.812822276787423 0.0 0.0
0.005458513 -0.003919369 -3.052774 -0.6231668 1.520338 1.73584 0.6728404 20.1531 nan 0 0.0 0.006719882255615049 3.1157288000880694 0.0 0.0
-0.02521746 0.001696023 -2.042933 -2.292927 2.271447 2.635175 0.763073 20.39058 0.8791027 0 0.0 0.025274429427152835 3.071007891526494 0.0 0.0
0.008722067 -0.0007420056 -3.95702 -2.310415 1.211123 1.301645 0.459451 20.18296 0.9709206 0 0.0 0.00875357213158836 4.582141939379988 0.0 0.0
0.002246781 0.04351272 0.8688719 -0.175067 1.759013 1.951314 0.4649952 20.40042 1.150078 0 0.0 0.043570687700108204 0.8863333645410231 0.0 0.0
0.008043921 -0.004602411 -3.902866 -2.882026 1.237121 1.323575 0.4747234 20.18567 0.7269516 0 0.0 0.009267515959908676 4.851642698986808 0.0 0.0
0.01439002 -0.03095138 -0.7072847 -6.233277 0.3915497 0.4069306 0.3676911 18.5947 1.225019 0 0.0 0.03413298404043807 6.273276162068995 0.0 0.0
0.01574485 -0.0321113 2.714622 1.435049 0.2872395 0.2935494 0.3378445 18.09246 1.083073 1 0.0 0.0357636112440075 3.070592489290137 0.0 0.0
0.004429224 -0.006166164 -1.064275 -4.701207 2.13815 2.429058 0.4746993 20.72923 1.070032 0 0.0 0.007592075060026212 4.820168931943568 0.0 0.0
0.012463 0.003495645 -2.657115 -10.61127 2.936807 2.991007 0.08709263 20.70009 0.5931568 0 0.0 0.012943952370355238 10.938889849346001 0.0 0.0
-0.02823515 0.01722468 -3.199331 -8.224503 0.4244231 0.4581569 0.5121816 18.57378 0.8948593 1 0.0 0.033074360109076946 8.824860817291682 0.0 0.0
0.01055406 -0.004644654 -3.267623 -2.493967 1.116433 1.164879 0.4324234 20.14993 0.7030315 0 0.0 0.01153087131414257 4.110624218682364 0.0 0.0
-0.03158964 -0.009002572 -4.942629 -2.154661 1.627499 1.827367 0.5964849 20.3631 0.8608589 1 0.6566121 0.03284739956137752 5.39185918367329 0.0 0.0
0.02072529 0.0158765 -1.856611 1.077061 0.3556444 0.3744072 0.4318843 18.37623 1.13945 1 0.0 0.02610748739028902 2.1464074177662544 0.0 0.0
0.01830273 -0.03941697 -0.5648746 -4.282251 0.2402858 0.2346771 0.3233122 17.87249 0.9299717 1 0.0 0.04345903185108707 4.319346818759308 0.0 0.0
0.01500067 0.01551534 3.839006 -6.766469 0.3777829 0.384824 0.3898355 18.26051 0.8698406 1 0.0 0.021581146303301407 7.779657434360269 0.0 0.0
-0.01417572 0.02364842 2.858193 -8.463517 2.989882 3.0379 0.03290761 20.78154 1.619696 0 0.0 0.027571702994461548 8.933106247803057 0.0 0.0
-0.04043198 0.005512325 -2.892741 -7.255945 0.8872047 0.8966436 0.4385975 19.78059 1.056482 1 0.0 0.04080601344931927 7.811317964089414 0.0 0.0
0.001040568 -0.007676673 1.410708 -3.615517 2.44824 1.992111 0.2453584 20.47731 0.7210598 0 0.0 0.007746876151814549 3.880987018601454 0.0 0.0
-0.01306142 -0.03631463 -1.015513 -1.686262 3.489444 3.731817 0.4221555 20.72545 1.926647 0 0.0 0.03859213708067098 1.9684374985792665 0.0 0.0
-0.01427218 0.0005046305 0.9914324 0.1936635 0.5533757 0.6079641 0.472648 18.86 1.045433 0 0.0 0.014281098483447633 1.0101701614094578 0.0 0.0
-0.01346219 -0.04065963 -0.7447701 -7.83551 0.1799424 0.1670157 0.2781929 17.33238 0.9841175 1 0.0 0.04283031719860361 7.870825843706238 0.0 0.0
0.03204539 0.006908356 -5.41578 -1.284813 1.486659 1.489922 0.2889416 20.36703 0.8245754 1 0.5871986 0.03278158633859619 5.566095350725587 0.0 0.0
0.004077953 -0.003247903 -5.27418 -5.065718 1.407364 1.408935 0.3018401 20.22061 0.382494 0 0.0 0.005213307449941735 7.312897751775558 0.0 0.0
0.014894 -0.0192022 -3.090907 -1.671632 0.2367458 0.2379367 0.3582873 17.73195 1.301867 1 0.9952922 0.02430135224303372 3.513980595574341 0.0 0.0
0.001567288 -0.0283943 0.3770123 3.231562 2.244973 2.591504 0.6516709 20.53166 0.3468418 0 0.0 0.02843752211717723 3.2534798653434582 0.0 0.0
-0.007218914 0.008413412 0.04240575 2.004319 1.595574 1.867935 0.6505908 20.31003 0.6530418 0 0.0 0.011085946997038187 2.0047675429819947 0.0 0.0
-0.006262049 -0.0294016 3.191906 1.486309 3.322425 3.041146 -0.222993 20.8515 -0.327486 0 0.0 0.030061060198176663 3.5209911042655304 0.0 0.0
0.01587166 -0.02506176 -1.46569 -1.209935 1.461743 1.412304 -0.02937924 20.13541 nan 0 0.0 0.029664817637282046 1.9005761969268689 0.0 0.0
0.01281398 0.0004552777 -2.92139 -1.174512 0.6797875 0.6829479 0.4021303 19.46872 nan 0 0.0 0.012822065404002481 3.1486501822596935 0.0 0.0
-0.0001140498 -0.01286084 -8.643315 -4.218459 2.30335 2.406813 0.03106835 20.6361 0.5734406 0 0.0 0.012861345686298927 9.617811108766173 0.0 0.0
0.0184066 -0.02364322 -4.138001 -3.647593 1.112589 1.199145 0.4615475 20.15372 1.17996 1 0.6451589 0.029963390587989202 5.516156902196492 0.0 0.0
-0.03073555 -0.01086764 1.815789 -7.518143 0.3887562 0.4214026 0.6233489 18.29405 0.799284 1 0.0 0.03260030111781331 7.734310820038848 0.0 0.0
0.003751551 -0.004956872 0.8463303 -2.531604 2.574299 2.576947 0.09582014 20.64088 0.6666698 0 0.0 0.006216487346563572 2.669324594258647 0.0 0.0
-0.02363762 0.007571123 -2.442794 -1.581618 1.844824 2.104693 0.5470211 20.44356 1.128534 0 0.0 0.024820535504809907 2.910113060408478 0.0 0.0
-0.02862064 -0.02978015 1.839528 -1.696559 0.915311 0.9858015 0.5111937 19.74956 0.8157158 1 0.0 0.04130373310043657 2.5024339558248085 0.0 0.0
0.007340454 -0.01165191 -1.615054 -2.317633 1.162116 1.261375 0.4862052 20.12598 1.261093 0 0.0 0.013771320618379924 2.8248578983030277 0.0 0.0
0.01614774 -0.0249016 -3.484818 -1.813935 0.6936224 0.7427083 0.4621524 19.51596 0.89188 0 0.0 0.029678935116806332 3.9286532905499567 0.0 0.0
-0.007290662 -0.03211775 0.07870397 -7.184661 0.6529383 0.610523 0.2403242 19.34251 1.233244 1 0.0 0.03293483896211949 7.185092066203102 0.0 0.0
-0.001219032 0.02980272 -8.62037 -4.666096 1.399547 1.542849 0.5826609 20.20428 0.7757168 0 0.0 0.029827640845622103 9.802205405831689 0.0 0.0
0.002345837 -0.006272891 -1.514082 2.032778 1.74079 1.924616 0.4335066 20.46125 0.7036724 0 0.0 0.0066971719948385675 2.534685522901806 0.0 0.0
0.008698713 0.01592441 -3.075695 -3.421811 2.087885 2.092169 0.3596588 20.48366 0.3448143 0 0.0 0.0181453697042653 4.6009444957254155 0.0 0.0
0.02363042 -0.00994978 -2.835617 -1.660909 0.2032641 0.1939129 0.3052551 17.63923 1.228148 1 0.9943958 0.025639712779686127 3.2862353045650887 0.0 0.0
0.01095684 0.004090951 -1.162002 -1.271864 2.301987 2.207102 -0.01078047 20.50725 0.6087437 0 0.0 0.011695649741249993 1.7227555492582225 0.0 0.0
-0.00146969 0.003786486 -2.862633 -1.640506 0.08419435 0.08172831 0.3613466 15.65202 1.579378 1 0.998977 0.004061707144083138 3.2993829163534505 0.0 0.0
0.04449788 0.007703693 1.43931 -3.507771 0.2062491 0.1976601 0.3154049 17.65182 0.8914547 1 0.0 0.04515980746562864 3.791578914455164 0.0 0.0
0.0002624491 -0.00839383 -5.723624 -4.130116 1.676436 1.856094 0.4309144 20.35972 0.8058167 0 0.0 0.008397931983470145 7.058167599797557 0.0 0.0
0.03713668 -0.004286092 1.826165 -2.912311 0.8703927 0.914121 0.4314588 19.8498 1.151518 1 0.0 0.03738319924852425 3.437504031698872 0.0 0.0
0.02340972 0.008471456 -4.98298 -1.601886 0.5631888 0.6005969 0.4668277 19.13347 0.7537689 1 0.07694467 0.024895392289303975 5.234131106248295 0.0 0.0
0.004907888 0.02331379 -6.4358 -2.878548 1.607956 1.752258 0.6065462 20.28799 0.371088 1 0.5765204 0.023824780561101586 7.050217034127673 0.0 0.0
-0.03584657 -0.03231592 -3.616377 -5.782603 1.183764 1.312954 0.5792192 20.1011 1.878378 1 0.006946251 0.048262773088699536 6.820313780299114 0.0 0.0
-0.001318872 -0.008359508 -3.127131 -3.265033 1.478019 1.527071 0.4048407 20.2586 0.7260017 0 0.0 0.008462907145564578 4.520994224974192 0.0 0.0
0.003450497 -0.001065868 -0.02128913 -0.236334 1.634348 1.771843 0.3679032 20.43298 nan 0 0.0 0.0036113715040733485 0.2372909324271724 0.0 0.0
-0.007295359 0.02124223 -2.99516 -1.562595 0.138155 0.1308288 0.3449031 16.78023 1.310925 0 0.0 0.022460066747714287 3.378266798171068 0.0 0.0
0.0327825 -0.03361165 -5.603178 -4.087511 0.4932033 0.4733223 0.2513161 18.95525 1.069822 1 0.0 0.046951414483192094 6.935657854508468 0.0 0.0
0.008769168 -0.03005796 -5.778937 -6.289953 1.167965 1.264598 0.4962077 20.18306 0.676054 1 0.02132641 0.03131100871536757 8.54164045088401 0.0 0.0
