jas1101finalproject/data/gcs/Terzan_6_HP_5.ecsv
# %ECSV 0.9
# ---
# datatype:
# - {name: x, unit: deg, datatype: float64}
# - {name: y, unit: deg, datatype: float64}
# - {name: pmx, unit: mas / yr, datatype: float64}
# - {name: pmy, unit: mas / yr, datatype: float64}
# - {name: pmx_e, unit: mas / yr, datatype: float64}
# - {name: pmy_e, unit: mas / yr, datatype: float64}
# - {name: pm_corr, datatype: float64}
# - {name: g_mag, unit: mag, datatype: float64}
# - {name: bp_rp, unit: mag, datatype: float64}
# - {name: filter, datatype: int64}
# - {name: memberprob, datatype: float64}
# - {name: r, unit: deg, datatype: float64}
# - {name: pm, unit: mas / yr, datatype: float64}
# - {name: member_prob_GMM, datatype: float64}
# - {name: member_prob_DB, datatype: float64}
# meta: !!omap
# - comments: [deg deg mas/yr mas/yr mas/yr mas/yr dimless mag   mag   zeroone float]
# - __serialized_columns__:
#     bp_rp:
#       __class__: astropy.units.quantity.Quantity
#       unit: &id001 !astropy.units.Unit {unit: mag}
#       value: !astropy.table.SerializedColumn {name: bp_rp}
#     g_mag:
#       __class__: astropy.units.quantity.Quantity
#       unit: *id001
#       value: !astropy.table.SerializedColumn {name: g_mag}
#     pm:
#       __class__: astropy.units.quantity.Quantity
#       unit: !astropy.units.Unit {unit: mas / yr}
#       value: !astropy.table.SerializedColumn {name: pm}
#     pmx:
#       __class__: astropy.units.quantity.Quantity
#       unit: !astropy.units.Unit {unit: mas / yr}
#       value: !astropy.table.SerializedColumn {name: pmx}
#     pmx_e:
#       __class__: astropy.units.quantity.Quantity
#       unit: !astropy.units.Unit {unit: mas / yr}
#       value: !astropy.table.SerializedColumn {name: pmx_e}
#     pmy:
#       __class__: astropy.units.quantity.Quantity
#       unit: !astropy.units.Unit {unit: mas / yr}
#       value: !astropy.table.SerializedColumn {name: pmy}
#     pmy_e:
#       __class__: astropy.units.quantity.Quantity
#       unit: !astropy.units.Unit {unit: mas / yr}
#       value: !astropy.table.SerializedColumn {name: pmy_e}
#     r:
#       __class__: astropy.units.quantity.Quantity
#       unit: &id002 !astropy.units.Unit {unit: deg}
#       value: !astropy.table.SerializedColumn {name: r}
#     x:
#       __class__: astropy.units.quantity.Quantity
#       unit: *id002
#       value: !astropy.table.SerializedColumn {name: x}
#     y:
#       __class__: astropy.units.quantity.Quantity
#       unit: *id002
#       value: !astropy.table.SerializedColumn {name: y}
# schema: astropy-2.0
x y pmx pmy pmx_e pmy_e pm_corr g_mag bp_rp filter memberprob r pm member_prob_GMM member_prob_DB
[from data line 338]
0.01944662 -0.02619524 -1.697125 -8.429688 0.704597 0.5805189 0.4222396 18.80195 3.031822 0 0.0 0.032624555599762586 8.598829748458158 0.0 0.0
0.0299874 -0.006687735 -5.802876 -5.085221 2.055289 1.772872 0.8884189 19.33938 nan 0 0.0 0.030724094098772466 7.715752879027231 0.0 0.0
-0.02167559 -0.02246305 0.09447293 -2.199524 2.716915 2.15845 0.5238893 20.1435 nan 0 0.0 0.031215698248647266 2.2015519437612148 0.0 0.0
-0.02541631 0.02115518 -6.483762 -2.625956 1.442556 1.305049 0.8200173 19.25776 2.860254 1 0.0 0.03306857201102733 6.995342349490837 0.0 0.0
0.01802084 0.01769504 -0.4543763 -4.47037 2.019375 1.73689 0.8425024 19.61474 nan 0 0.0 0.025255991663508285 4.493402470166865 0.0 0.0
0.008655582 0.02062987 -5.856496 -6.825607 0.3507605 0.2790913 0.08012949 16.9444 4.692514 0 0.0 0.02237209502875455 8.993745399802298 0.0 0.0
-0.010285 0.02279645 -0.8186932 -2.788158 0.4153792 0.3356757 0.1900729 18.20162 nan 0 0.0 0.025009185464594803 2.9058705388730313 0.0 0.0
-0.004517311 -0.01833698 -4.202209 -4.165058 1.871423 1.583778 0.8464654 19.44772 2.397511 0 0.0 0.01888520410774321 5.916609554723466 0.0 0.0
0.003202424 0.001964896 -6.803647 -6.241586 0.6676596 0.5611288 -0.00574575 17.76288 3.460049 0 0.0 0.0037571712453110255 9.23293064503384 1.0 0.0
0.008838949 0.02860638 -2.423897 -5.459429 1.823678 1.411539 0.5033892 20.14179 nan 0 0.0 0.029940808207678714 5.9733275209593195 0.0 0.0
0.001845447 -0.03057062 -4.825353 -5.29236 2.199598 1.862305 0.8259718 19.69687 2.355827 0 0.0 0.030626271105281638 7.161920548582552 0.0 0.0
0.01921454 -0.01341596 -7.321359 -11.8698 2.518264 2.106724 0.615666 20.07331 nan 0 0.0 0.02343472914571875 13.946126689761606 0.0 0.0
0.01258984 -0.01779602 -3.541128 -3.320797 3.75659 2.49106 0.1222467 20.63278 2.814592 1 0.0291227 0.021799137576197825 4.854614323259161 0.0 0.0
-0.01494879 -0.0161961 -5.616645 -8.934079 2.308389 1.91786 0.6879804 20.17367 2.314678 0 0.0 0.022040416912438385 10.55293649342523 0.0 0.0
0.01089837 0.01342176 -1.694952 -0.7225965 0.5970133 0.4736065 0.02858569 18.80057 3.177755 1 0.0 0.01728924839761694 1.8425547438587138 0.0 0.0
0.02946685 -0.003271509 -1.602928 -5.917064 0.6114314 0.4860029 0.3448731 19.00945 2.897867 1 0.0 0.029647900769861953 6.130336414364223 0.0 0.0
0.01984059 -0.01272944 4.969119 -1.368126 3.13958 2.339646 0.3126022 20.17411 nan 0 0.0 0.02357302810972108 5.154019051966824 0.0 0.0
0.007194673 0.02133762 0.5845902 -0.6457247 0.1591098 0.1274521 0.1015744 16.84644 2.119201 1 0.0 0.022517933893706345 0.8710373643685614 0.0 0.0
-0.007073769 -0.007299307 -7.749678 -9.695464 2.49558 2.082349 0.4983856 20.22279 2.961323 0 0.0 0.010164550680950436 12.41207199781648 0.0 0.0
-0.03234916 0.00140818 -7.593966 -7.385384 2.026343 1.589464 0.1132797 20.01761 2.626293 0 0.0 0.032379794990363975 10.593026783531325 0.0 0.0
0.0005419165 0.003063582 -0.2455079 -6.370709 2.242526 2.005261 -0.1091975 19.90856 nan 0 0.0 0.0031111425817047103 6.375437811761904 0.0 0.0
-0.01695569 -0.02254219 -3.769029 -4.936483 2.55608 2.229288 0.508255 20.39862 2.624998 0 0.0 0.028207193291290077 6.2108327953769615 0.0 0.0
-0.01286102 -0.02716305 -0.4589494 -1.491988 2.059309 1.650775 0.8131938 19.70671 2.881437 1 0.001085071 0.030053903585772347 1.5609813400243964 0.0 0.0
-0.008615479 0.02486991 -10.11785 -13.43369 0.8386767 0.6700029 0.1590046 17.24451 4.502313 0 0.0 0.026319933544892184 16.817696502155105 0.0 0.0
-0.008511181 0.02553939 -1.910115 -3.070246 0.316279 0.2503788 0.1282664 17.76307 nan 1 0.0 0.026920264552690802 3.6159300067535876 0.0 0.0
0.009251338 -0.02302368 -1.495223 -1.785727 0.6409142 0.5112181 0.02296333 18.89404 2.908947 0 0.0 0.02481284134339806 2.329058337238035 0.0 0.0
0.02649269 -0.006135465 3.507633 -6.114924 2.775639 1.957754 -0.07310328 20.2007 nan 0 0.0 0.027193869790861414 7.049523727775161 0.0 0.0
-0.02011868 0.01360335 -1.152891 -5.386536 1.607327 1.440488 0.8134435 19.46954 2.576067 1 0.003680075 0.024286053943876926 5.508532267054175 0.0 0.0
0.01011573 0.0130194 -6.84347 -7.929279 0.3404639 0.2730543 0.1471388 17.85226 3.843277 1 0.000632915 0.016487351812613814 10.474089320830762 0.0 0.0
0.005079416 -0.0169351 -6.009561 -6.632926 0.4182824 0.332266 0.02987127 18.06763 3.94096 1 0.6504372 0.01768044340255798 8.950448633124319 0.0 0.0
0.004089203 0.0005934783 -4.540925 -5.688884 0.9616136 0.8022542 0.5764419 19.03635 3.181356 0 0.0 0.004132045216086083 7.278969777453468 0.0 0.0
0.0176831 0.02516428 -3.895403 -7.068923 1.798615 1.575606 0.850235 19.40451 nan 1 0.04019973 0.030756024020155794 8.071173205447769 0.0 0.0
-0.02517416 -0.006405947 -1.02896 -11.14362 1.87495 1.520675 0.4644244 19.93441 2.500483 0 0.0 0.02597642178346373 11.191024322464857 0.0 0.0
-0.006344331 0.005010773 -3.979327 -10.53309 0.4341455 0.3459314 0.1596422 16.53525 5.486188 0 0.0 0.008084453098082145 11.259708180988929 0.0 0.0
0.005212285 0.02791619 -1.05403 -2.913985 0.7866112 0.6486645 0.4537957 19.07573 3.492979 0 0.0 0.02839861931568725 3.098755850518882 0.0 0.0
0.004898957 0.0232928 -2.376911 -5.718697 2.735842 2.414485 0.8544365 19.99114 nan 0 0.0 0.023802401381538146 6.192996147240041 0.0 0.0
-0.01033441 -0.002468294 -4.257807 -6.454477 1.459357 1.233093 0.8324412 19.22837 3.123466 1 0.4964262 0.010625088485209712 7.732347236950627 0.0 0.0
0.01635239 0.0244321 -5.440318 -4.191588 1.390448 1.221743 0.8549826 19.00704 2.932158 1 8.724501e-05 0.02939945865355517 6.867784934232289 0.0 0.0
0.01321637 -0.0130716 5.180965 -4.058566 3.824395 3.272232 0.5477332 20.78646 nan 0 0.0 0.018588683722547437 6.581364319621046 0.0 0.0
-0.01179195 -0.02698934 -4.726893 -5.551657 1.906269 1.551282 0.8336719 19.28744 3.226648 0 0.0 0.0294529210510282 7.291393068481358 0.0 0.0
0.006775943 0.003118653 4.166467 -2.126425 0.4625276 0.366154 0.08719885 18.15772 3.297668 0 0.0 0.007459182265748572 4.6777270701393 0.0 0.0
-0.01977435 -0.01120736 -1.925983 -3.616853 1.859619 1.555127 0.8188168 19.67508 nan 1 0.02892958 0.022729492649245384 4.097686681518977 0.0 0.0
0.01332359 0.007440008 -0.4813933 -3.986722 2.470627 2.102245 0.4939851 20.21555 nan 0 0.0 0.015260136615645483 4.015680741115868 0.0 0.0
0.002132912 -0.001998544 -5.689454 -6.871718 0.5724759 0.459084 0.1683342 18.37068 3.441366 0 0.0 0.0029229251991250136 8.921344914845518 1.0 0.0
0.01989172 -0.01758938 -4.281771 -6.047508 0.6730235 0.5393156 0.2996968 18.95142 3.261471 0 0.0 0.026553094232928863 7.409852623804674 0.0 0.0
0.007951824 0.0281754 -5.382681 -5.7101 0.6335879 0.520108 0.2491355 18.99988 3.811193 1 0.04605031 0.02927600843842917 7.847196745192578 0.0 0.0
-0.0006840026 0.0005344366 -7.221463 -4.340615 1.627522 1.365317 0.8198018 19.07753 nan 0 0.0 0.0008680334303621722 8.425584041394044 0.0 0.0
-0.02405302 -0.005030456 -8.275537 -1.280981 2.217081 1.870313 0.5313146 19.90258 3.749067 0 0.0 0.024573425863894844 8.37409248579988 0.0 0.0
-0.01680143 -0.01019589 -2.36393 -1.485733 2.450849 2.119826 0.6310152 20.25017 nan 0 0.0 0.019653097031689434 2.792054367699347 0.0 0.0
-0.002248497 -0.02003634 -5.49506 -7.222075 0.3830712 0.304404 0.2792765 17.99793 3.376068 1 0.8284993 0.020162109496642683 9.07491331689868 0.0 0.0
-0.001936523 0.02647436 -0.7386711 -7.399833 0.7775977 0.6610523 0.4556308 19.2572 2.675741 1 0.0 0.02654509104785909 7.4366096725499995 0.0 0.0
0.02424585 -0.02113044 0.29271 2.157176 1.832261 1.543471 0.8533031 19.35804 2.998241 1 0.0 0.03216141689689837 2.176944519062441 0.0 0.0
0.01616941 0.02241225 -2.462685 -11.83095 1.336076 1.166065 0.8343164 19.19757 nan 1 0.0 0.02763618587668349 12.084543653432885 0.0 0.0
0.02641082 -0.01908634 -10.15149 -5.134623 2.135589 1.79796 0.8533481 19.49781 2.887535 1 0.0 0.03258557637464773 11.376163789794388 0.0 0.0
0.00951727 0.02819814 1.085041 -2.406559 2.257741 1.904828 0.5395488 20.14741 nan 0 0.0 0.02976093963087355 2.6398560930781816 0.0 0.0
-0.01503024 0.003977913 -3.409861 1.084267 2.143298 1.796434 0.8283926 19.8901 3.170992 1 0.0 0.015547729940192845 3.578098233225298 0.0 0.0
-0.0007101991 0.01559868 -1.741776 -5.845173 1.644699 1.345169 0.7785723 19.33031 3.291124 1 0.03306526 0.015614839112332884 6.0991664212501195 0.0 0.0
-0.02992694 0.01254408 -5.968418 -6.983142 0.4240083 0.3327807 0.06893898 18.57163 nan 1 0.4474296 0.03244958675869386 9.186200825961079 0.0 0.0
0.01616399 -0.009228756 -6.263308 -9.026264 1.793509 1.482922 0.1644863 20.15087 2.389547 0 0.0 0.018613019906174172 10.986467535134302 0.0 0.0
0.0008548987 0.0005077323 -11.29049 -10.76852 2.602558 2.477603 0.8324316 19.69922 nan 0 0.0 0.000994305725481343 15.602441713735066 0.0 0.0
0.0006462277 -0.0004268668 -1.742305 -8.478185 3.638594 3.109455 0.199671 19.9501 nan 0 0.0 0.0007744840251351412 8.655359473023058 0.0 0.0
0.0005941875 0.01948204 -4.775546 -4.443948 0.3774431 0.3051359 0.1696387 18.15547 3.529367 1 0.0 0.019491099028704263 6.523382054181711 0.0 0.0
-0.02463259 0.0171099 -8.519839 -11.38827 1.839769 1.687642 0.826759 19.271 nan 0 0.0 0.02999188503775813 14.2225296687622 0.0 0.0
0.01736976 0.02378151 -1.086678 -3.911534 0.4803019 0.3881756 0.1597256 18.67296 2.523405 1 0.0 0.029449427504413393 4.05967576400382 0.0 0.0
0.01384528 0.007388434 -1.928149 -6.494198 0.3049526 0.2450325 0.1389372 17.2319 3.817553 1 0.0 0.015693334102438398 6.774390469216031 0.0 0.0
0.0004115643 0.01833572 -2.937701 -1.386421 1.210263 1.02899 0.8296265 19.07325 2.096128 1 0.0 0.01834033841267479 3.2484227487570028 0.0 0.0
0.001976379 -0.003858206 -7.382947 -10.72233 0.5962965 0.505403 0.3756944 18.44412 3.351044 0 0.0 0.004334954150862152 13.018305075304887 0.0 0.0
0.01381383 -0.02921549 -1.921376 -7.40314 3.398567 3.073313 0.2060536 20.59369 2.496271 0 0.0 0.032316663738836036 7.648409481256609 0.0 0.0
-0.01124558 -0.01681929 -5.760925 0.1604155 0.3470352 0.2838548 0.271849 17.27421 3.966186 0 0.0 0.020232438944440188 5.7631579874462275 0.0 0.0
0.000698366 -0.004115679 3.505518 0.7215315 0.9286548 0.7390293 0.3395239 18.25882 3.657148 0 0.0 0.00417450939644373 3.5790032346752985 0.0 0.0
0.001037787 0.02843322 -2.694308 -6.571683 0.5075623 0.4148484 0.1918014 18.41955 4.031387 0 0.0 0.028452152843427666 7.102556796770653 0.0 0.0
0.001011163 -0.02129136 -1.831621 -7.014233 1.643677 1.528305 0.7986798 19.42251 2.52969 1 0.001682263 0.021315357404044836 7.2494344652483065 0.0 0.0
-0.01868113 -0.0004744909 -7.439103 -8.180394 0.4837891 0.4014234 0.3247781 18.28375 3.129932 1 0.00271428 0.018687154938381682 11.057083676984858 0.0 0.0
-0.01385214 -0.02541987 -6.776316 -4.38652 2.202127 1.817266 0.5781381 20.29426 2.741488 0 0.0 0.028949120425265085 8.072175434308647 0.0 0.0
-0.03020763 -0.007017777 -0.7055113 -4.013374 3.47477 3.021427 0.5825863 20.5796 2.968199 0 0.0 0.0310120960955339 4.074913135062352 0.0 0.0
0.005394042 0.01256775 1.916012 -8.443579 1.260669 1.069035 0.2858543 19.89915 2.772596 1 0.0 0.013676404101965692 8.658240485998585 0.0 0.0
0.006672042 0.00926223 0.09244014 -5.287402 0.6383522 0.52384 0.1221193 18.3743 2.577702 0 0.0 0.011415123697212572 5.288210008035538 0.0 0.0
0.005707082 0.0126116 -6.882788 -3.363248 2.083747 1.881535 0.02636031 19.95742 nan 0 0.0 0.013842804611592407 7.660561843784566 0.0 0.0
-0.007074098 -0.002918127 -7.847181 -6.653611 0.5219643 0.4245484 0.1029599 18.48677 3.476664 0 0.0 0.00765234132156512 10.288284064219942 0.0 0.0
0.008420316 0.01537896 -3.822809 -5.665516 1.773527 1.53125 0.8371403 19.43024 2.096676 0 0.0 0.017533229372293516 6.8346133904367266 0.0 0.0
0.005680321 0.001404019 -5.246843 -0.7373071 0.3858654 0.3092235 0.1559281 18.07495 3.133212 1 0.0 0.005851266189074123 5.298394400793453 0.0 0.0
-0.01307411 0.005216074 -5.197389 -2.668642 1.818527 1.530354 0.4691608 20.15941 2.968018 0 0.0 0.014076213278633428 5.842474008627253 0.0 0.0
-0.005560991 -0.008744976 -6.775645 -8.996564 0.796051 0.6503777 0.2397047 18.99882 3.202299 0 0.0 0.01036335979027347 11.262660830022405 0.0 0.0
0.005627672 -0.006667877 -6.218803 -6.742996 0.480869 0.3867312 0.2281688 18.19953 3.834904 0 0.0 0.008725323823601793 9.172867916242172 0.0 0.0
0.02699415 0.01452861 0.4757004 -3.865722 0.1893647 0.1521436 0.1093142 16.93879 1.819548 1 0.0 0.030655580939766905 3.8948809290970834 0.0 0.0
0.02174953 0.009582301 -10.25691 -11.71462 1.544642 1.378865 0.8584518 19.19365 1.807137 1 0.04810568 0.023766837140761936 15.57037329329326 0.0 0.0
-0.005482235 -0.01758935 -3.481388 -2.141294 0.5449291 0.438087 0.212628 18.93997 3.342377 1 0.0 0.018423901161744353 4.087199823960164 0.0 0.0
-0.0204291 0.001487809 -5.625398 -6.769236 0.3482446 0.2797204 0.1353844 17.21466 4.979355 1 0.8078358 0.02048320537490363 8.801571375731722 0.0 0.0
-0.005328122 0.0241301 -3.828996 -8.934231 0.4120932 0.3430461 0.335747 18.13868 3.554844 1 0.0 0.024711345775916053 9.720169439334738 0.0 0.0
-0.007205577 0.01107227 -8.954951 -6.755916 2.813584 2.406954 0.5838027 20.4425 nan 0 0.0 0.013210431592337512 11.2175553669887 0.0 0.0
0.00364547 -0.007709192 -2.995297 -4.521454 2.668192 2.223804 0.8069053 19.91902 nan 0 0.0 0.008527666316980513 5.4235920193470495 0.0 0.0
-0.02517486 -0.003771899 -9.08777 -10.88387 2.163185 1.844262 0.8311329 19.73792 3.25815 0 0.0 0.025455859798596492 14.179075772059335 0.0 0.0
0.00742832 0.006704419 -6.280951 -6.641725 0.4298539 0.3453409 0.1619123 16.47706 5.598113 0 0.0 0.010006456523163482 9.141272145605665 0.0 0.0
-0.00504028 0.008093127 -1.856583 -6.640026 0.5633952 0.4506259 0.1101019 18.71123 3.002542 0 0.0 0.00953431314340624 6.894696927100204 0.0 0.0
-0.005014537 0.01453043 -1.802517 -4.369788 0.752926 0.5991334 0.278031 19.07867 3.021732 0 0.0 0.015371368751977458 4.726956177100968 0.0 0.0
0.02278947 -0.004827964 -10.32362 -5.039927 1.988071 1.697699 0.8396824 19.67864 1.749472 1 0.0 0.023295260875684478 11.488167567968748 0.0 0.0
-0.02763247 0.01642051 -8.640702 -9.29955 2.627916 2.242946 0.6305011 20.40343 2.597466 0 0.0 0.032143219299892785 12.69422550828935 0.0 0.0
-0.01184835 0.006824131 0.3733427 -4.208105 0.373962 0.3049409 0.09082252 17.65892 4.000194 1 0.0 0.013673045075171112 4.224634003398198 0.0 0.0
-0.002379053 -0.01331103 -6.818392 -9.068672 1.770671 1.514181 0.8360475 19.31447 nan 0 0.0 0.01352196039181113 11.345980843860437 0.0 0.0
0.02352394 0.01195462 -0.3362026 -3.595932 0.5146465 0.4132276 0.2226581 18.68474 2.290781 1 0.0 0.026387282779172242 3.611614477885307 0.0 0.0
0.008237512 0.01316263 -2.049996 -7.674849 3.359563 2.778436 0.49327 20.70869 nan 1 0.102784 0.015527763279591945 7.943915330164151 0.0 0.0
0.01812639 0.02393968 3.066054 2.765866 0.8694456 0.6961311 -0.1863215 18.94749 nan 1 0.0 0.03002789191625846 4.129249551779597 0.0 0.0
-0.003996532 2.509234e-05 -3.677959 -5.738369 0.5745582 0.4636594 0.159063 18.73524 3.446335 0 0.0 0.003996610770709437 6.81588300852076 0.0 0.0
-0.0005796651 -0.0003162402 -6.481626 -9.426862 2.829861 2.440083 0.186577 20.08611 nan 0 0.0 0.0006603177206875869 11.440157462680311 0.0 0.0
0.01121331 0.02942057 -8.86586 -7.443426 0.7903783 0.629984 0.1544128 19.16906 2.563862 0 0.0 0.031485048201979934 11.57618521608375 0.0 0.0
-0.003971488 0.02471763 -2.976512 -5.499212 0.3821438 0.3155696 0.3130918 17.91629 3.720833 1 0.0 0.0250346549756741 6.253075747749103 0.0 0.0
-0.000214505 -0.000444031 -8.779067 -8.908173 2.296214 1.868096 0.4850285 20.00159 nan 0 0.0 0.0004931287093508144 12.507100526837464 0.0 0.0
0.00161164 0.01996077 -4.293813 -4.304935 2.581261 2.090749 0.5929576 20.41009 nan 0 0.0 0.02002572651572222 6.080238106620004 0.0 0.0
-0.01169244 0.01169361 -1.063676 -3.231448 2.27516 1.821932 0.6998089 20.01451 nan 1 0.03771047 0.01653643456086287 3.4020086433870214 0.0 0.0
0.0222373 -0.02370868 -6.091074 -2.15253 0.4365187 0.3494189 0.3369327 18.41213 3.275162 1 0.0 0.032505369073929924 6.460229707554987 0.0 0.0
0.01230769 0.01832157 -6.948602 2.11579 0.3261 0.2643332 0.1661569 17.89883 3.11425 1 0.0 0.02207168231922977 7.263582936712708 0.0 0.0
