jas1101finalproject/data/gcs/Terzan_5_11.ecsv
# %ECSV 0.9
# ---
# datatype:
# - {name: x, unit: deg, datatype: float64}
# - {name: y, unit: deg, datatype: float64}
# - {name: pmx, unit: mas / yr, datatype: float64}
# - {name: pmy, unit: mas / yr, datatype: float64}
# - {name: pmx_e, unit: mas / yr, datatype: float64}
# - {name: pmy_e, unit: mas / yr, datatype: float64}
# - {name: pm_corr, datatype: float64}
# - {name: g_mag, unit: mag, datatype: float64}
# - {name: bp_rp, unit: mag, datatype: float64}
# - {name: filter, datatype: int64}
# - {name: memberprob, datatype: float64}
# - {name: r, unit: deg, datatype: float64}
# - {name: pm, unit: mas / yr, datatype: float64}
# - {name: member_prob_GMM, datatype: float64}
# - {name: member_prob_DB, datatype: float64}
# meta: !!omap
# - comments: [deg deg mas/yr mas/yr mas/yr mas/yr dimless mag   mag   zeroone float]
# - __serialized_columns__:
#     bp_rp:
#       __class__: astropy.units.quantity.Quantity
#       unit: &id001 !astropy.units.Unit {unit: mag}
#       value: !astropy.table.SerializedColumn {name: bp_rp}
#     g_mag:
#       __class__: astropy.units.quantity.Quantity
#       unit: *id001
#       value: !astropy.table.SerializedColumn {name: g_mag}
#     pm:
#       __class__: astropy.units.quantity.Quantity
#       unit: !astropy.units.Unit {unit: mas / yr}
#       value: !astropy.table.SerializedColumn {name: pm}
#     pmx:
#       __class__: astropy.units.quantity.Quantity
#       unit: !astropy.units.Unit {unit: mas / yr}
#       value: !astropy.table.SerializedColumn {name: pmx}
#     pmx_e:
#       __class__: astropy.units.quantity.Quantity
#       unit: !astropy.units.Unit {unit: mas / yr}
#       value: !astropy.table.SerializedColumn {name: pmx_e}
#     pmy:
#       __class__: astropy.units.quantity.Quantity
#       unit: !astropy.units.Unit {unit: mas / yr}
#       value: !astropy.table.SerializedColumn {name: pmy}
#     pmy_e:
#       __class__: astropy.units.quantity.Quantity
#       unit: !astropy.units.Unit {unit: mas / yr}
#       value: !astropy.table.SerializedColumn {name: pmy_e}
#     r:
#       __class__: astropy.units.quantity.Quantity
#       unit: &id002 !astropy.units.Unit {unit: deg}
#       value: !astropy.table.SerializedColumn {name: r}
#     x:
#       __class__: astropy.units.quantity.Quantity
#       unit: *id002
#       value: !astropy.table.SerializedColumn {name: x}
#     y:
#       __class__: astropy.units.quantity.Quantity
#       unit: *id002
#       value: !astropy.table.SerializedColumn {name: y}
# schema: astropy-2.0
x y pmx pmy pmx_e pmy_e pm_corr g_mag bp_rp filter memberprob r pm member_prob_GMM member_prob_DB
[from data line 1471]
0.03568945 0.04073841 -0.6367088 -3.227157 0.9975515 0.8314277 0.5878596 19.32852 3.412079 0 0.0 0.05416045504453042 3.2893677809947675 0.0 0.0
-0.003972937 0.02308906 -1.983358 -5.536845 0.4101007 0.3211119 0.2757947 18.58164 2.373983 0 0.0 0.023428378520281106 5.881357114662312 0.0 1.0
0.006419192 0.01825383 -1.613654 -5.663819 0.5073513 0.3967367 0.2847368 18.47121 3.565079 0 0.0 0.019349633991416065 5.889204097030175 0.0 1.0
-0.01251073 0.04482654 -0.555354 -1.509309 1.078092 0.8890867 0.5441228 19.44659 2.21673 0 0.0 0.04653962885009398 1.6082387020579376 0.0 0.0
0.04004219 0.04441064 -6.352129 -6.489108 0.4591967 0.3693024 0.1932436 18.14059 3.759466 0 0.0 0.059797005988642106 9.080642348881769 0.0 0.0
-0.031389 0.05438093 -3.914429 -0.1765036 1.354719 1.160503 0.3695149 19.70388 nan 0 0.0 0.06278976722894344 3.9184062980826733 0.0 0.0
0.01550971 0.02630776 -4.748642 -3.022153 0.4492531 0.3513475 0.3971961 18.30239 3.297447 0 0.0 0.030539308120874315 5.628766259099146 0.0 0.0
0.004452017 0.02862989 -4.021514 -6.423238 2.064624 1.71241 0.573237 20.27071 2.014593 0 0.0 0.028973972057355014 7.578295405751876 0.0 0.0
0.02548825 0.03409382 -1.500723 -8.541948 0.3860463 0.3069169 0.2730567 17.17992 5.24335 0 0.0 0.042568056688729636 8.672776092891652 0.0 0.0
0.004036299 0.02850974 5.760727 -3.433508 2.338534 1.994981 0.567392 20.56942 nan 0 0.0 0.02879404425371679 6.7063367611978 0.0 0.0
-0.02426109 0.03448698 -1.697106 -4.042581 0.989256 0.7824182 -0.2830985 19.00858 nan 0 0.0 0.04216577139705261 4.384361973742246 0.0 0.0
0.01041095 0.03307175 0.6771557 -2.084489 0.6517266 0.5094013 0.2956696 18.80036 2.525606 0 0.0 0.03467172519452991 2.1917194695406366 0.0 0.0
0.008167678 0.05836335 0.3536014 -7.97731 2.305545 1.931955 0.5616876 20.57363 2.322287 0 0.0 0.05893209301504728 7.9851430034897914 0.0 0.0
-0.00935151 0.05298073 -0.4564412 -7.184784 1.449103 1.197169 0.544263 19.9323 3.415882 0 0.0 0.053799707161033876 7.19926799721426 0.0 0.0
-0.02090783 0.03639494 -2.260396 -5.399677 2.549462 2.131277 0.4537906 20.72849 2.258642 0 0.0 0.04197295573238201 5.853708378553291 0.0 0.0
-0.002254735 0.02330273 -1.215841 -16.52979 1.539823 1.256581 0.5301763 20.12903 2.427521 0 0.0 0.023411558157737496 16.5744449916545 0.0 0.0
0.02559769 0.02716631 -0.779598 -4.46334 0.3371647 0.281649 0.3279386 16.42543 5.293608 1 0.6132122 0.037326265984587846 4.530913483747399 0.0 0.0
0.00822363 0.06608048 -0.6743909 -7.159483 1.10166 0.9648054 0.08334463 19.44079 2.925119 0 0.0 0.0665902239627357 7.191175141330644 0.0 0.0
0.0004610851 0.007071212 -2.095594 -7.790154 0.7295857 0.5293446 0.5611912 18.71903 nan 0 0.0 0.007086228800877517 8.067094492848835 0.0 0.0
-0.001727814 -0.003459271 -1.232573 -4.962711 0.6495555 0.4979044 0.3672119 17.61177 nan 0 0.0 0.0038667682979507574 5.113485765097034 0.0 0.0
0.01296099 0.03530883 1.214379 -3.975612 2.077831 1.695763 0.6210773 20.32846 5.148432 0 0.0 0.037612507730128815 4.156946851979828 0.0 0.0
0.01312501 0.01379202 11.26213 5.216366 1.61923 1.337419 0.336187 19.58849 3.167564 0 0.0 0.019039057308083824 12.41152876896541 0.0 0.0
-0.009015301 0.003746377 -2.74478 -4.474018 1.409095 1.194198 0.5880517 19.57414 3.150141 0 0.0 0.009762734900975751 5.248871718067036 0.0 1.0
-0.01264478 0.0002136503 -2.061324 -4.39663 1.549962 1.269528 0.5213306 19.90398 nan 0 0.0 0.012646584823543867 4.8558636708495015 0.0 1.0
0.0290127 0.0537578 3.98249 -2.888771 1.851592 1.536291 0.4362682 20.21197 2.043882 0 0.0 0.06108713303249711 4.91988053620624 0.0 0.0
-0.003058074 0.009518303 -3.6973 -5.270493 1.916733 1.527669 0.3956983 20.11574 nan 0 0.0 0.009997495115741993 6.438021726667983 0.0 1.0
0.007639723 0.03786703 -1.250474 -0.04439773 1.179499 0.8514941 0.1321704 19.19235 2.427181 0 0.0 0.03863000554669426 1.2512619162689933 0.0 0.0
-0.01611409 0.04511605 -5.049571 0.3906785 1.354239 1.122146 0.5364864 19.86607 nan 0 0.0 0.04790743015577646 5.064661585377966 0.0 0.0
-0.002282205 0.01007908 -0.5748543 -4.157152 0.724779 0.6052275 0.2699546 18.96777 3.891081 0 0.0 0.010334230174929578 4.196709451145324 0.0 1.0
-0.001728003 0.01014585 -0.4919059 -6.45179 1.2247 1.007915 0.4347307 19.69434 nan 0 0.0 0.01029195154431408 6.470515096849308 0.0 0.0
-0.005994897 0.0005078813 -3.583843 -4.787597 0.7640764 0.6094553 0.3515333 18.76464 nan 0 0.0 0.0060163721174391034 5.980385914224766 0.0 0.0
-0.003918475 0.05367148 1.917479 -1.197536 1.443137 1.188201 0.5247322 19.63555 3.437691 0 0.0 0.05381433091394917 2.2607118760994287 0.0 0.0
0.001015674 0.05610341 2.15161 0.363401 1.423367 1.153299 0.6093579 19.98553 2.079483 0 0.0 0.05611260292752757 2.182082922095537 0.0 0.0
-0.01306046 0.000802978 -2.722245 -3.563639 0.5755894 0.4752974 0.4669276 18.92137 3.457918 0 0.0 0.013085120904297521 4.484433159535996 0.0 1.0
-0.009708004 0.003561312 -1.901872 -4.282192 2.344932 1.938744 0.8726506 19.61535 nan 0 0.0 0.010340613367946797 4.685540036030853 0.0 1.0
-0.009957427 0.00412396 -1.427092 -2.522997 0.204333 0.1584859 0.2263315 17.28515 2.044664 0 0.0 0.010777634181114564 2.8986385491249163 0.0 0.0
-0.005219192 0.003309812 -0.5149769 -4.919844 0.3149413 0.2472423 0.2658001 16.14474 4.863917 0 0.0 0.00618019583898504 4.9467227728941525 0.0 0.0
-0.01369762 -0.0003376852 -2.144858 -4.068657 0.4260582 0.336965 0.276796 18.27241 4.046877 0 0.0 0.013701781816928011 4.599389701233523 0.0 1.0
0.00201272 0.001316726 1.128831 -2.985826 0.622012 0.5139214 0.3520086 17.33546 nan 0 0.0 0.0024051630209771645 3.19208651650249 0.0 0.0
-0.01134703 0.04970947 -1.817619 -2.473328 1.267464 1.045793 0.5820257 19.62658 2.75429 0 0.0 0.050988101528707655 3.069379452714343 0.0 0.0
-0.01913514 0.04375949 -2.932823 -4.097985 0.9951247 0.8307142 0.4406349 19.48422 nan 0 0.0 0.0477603030547305 5.039338429749882 0.0 0.0
-0.001395939 0.05088109 -7.53731 -0.6979834 0.2451101 0.1914676 0.2693555 17.7597 1.950714 0 0.0 0.050900235414778006 7.569558960915462 0.0 0.0
-0.0279196 0.03476468 -4.72282 -8.454059 1.975487 1.552736 0.541907 20.28755 2.612947 0 0.0 0.04458796967414417 9.683808255427252 0.0 0.0
-0.0354881 0.04225672 -1.667161 -9.770175 2.066938 1.776501 0.7693672 19.84789 2.607552 0 0.0 0.05518184145865739 9.911394721760706 0.0 0.0
0.02831949 0.05282145 2.713191 0.8899305 1.909147 1.604388 0.5840264 20.41913 2.209539 0 0.0 0.05993412295147565 2.8554127017493025 0.0 0.0
-0.001256879 0.004976938 -1.749189 -5.415315 2.00902 1.642584 0.6746339 19.21459 nan 0 0.0 0.005133191665668155 5.690808264820209 0.0 0.0
-0.004775989 0.006811721 8.124642 2.53726 1.499089 1.191092 0.6659824 19.17421 nan 0 0.0 0.008319231569680098 8.511609479749643 0.0 0.0
0.003926051 0.04779304 -1.591005 -1.572023 0.4356996 0.3446429 0.3283835 18.6538 2.026903 0 0.0 0.047954025366972075 2.2366388225536102 0.0 0.0
-0.004969975 0.007330513 -5.039963 -6.985392 1.535392 1.303899 0.6137666 19.60002 nan 0 0.0 0.008856470648277113 8.613763894781014 0.0 0.0
0.02086419 0.06043325 -2.861822 -0.2343086 0.6978024 0.5574422 0.2531653 18.98998 nan 0 0.0 0.06393349771378538 2.8713978616203573 0.0 0.0
0.02158497 0.0606086 -3.707064 -8.541273 1.062503 0.883943 0.5366162 19.66619 nan 0 0.0 0.06433749547395282 9.311050851575509 0.0 0.0
0.0006828986 0.03217955 -0.1289883 -1.827525 0.2086389 0.1733191 0.5734141 16.97239 1.713919 1 0.0 0.03218679525364994 1.8320713979432925 0.0 0.0
0.006393056 0.04890492 -3.610328 1.940862 1.362787 1.122107 0.5522961 19.6479 2.57102 0 0.0 0.049321013424559065 4.098952740716585 0.0 0.0
-0.002891778 0.007973355 -0.8079478 -4.596348 0.2766075 0.233047 0.4424979 16.94336 4.292691 0 0.0 0.008481554689873137 4.666818464931847 0.0 0.0
-0.003695356 0.007919928 1.235001 -6.043121 1.486869 1.272147 0.6177561 18.95518 3.718805 0 0.0 0.008739617582704634 6.168025526101688 0.0 0.0
-0.01201083 0.03467759 -2.585649 -2.156381 0.8823483 0.7367434 0.4106558 19.3874 2.913258 0 0.0 0.03669870958898964 3.3668323047579904 0.0 0.0
-0.006383095 0.006073505 -9.020126 -8.502648 1.334232 1.124099 0.6556778 19.37742 nan 0 0.0 0.008810866289080206 12.395874155047718 0.0 0.0
-0.008713104 0.04079855 -0.2644517 -8.655526 3.170031 2.88473 0.1539653 20.8778 nan 0 0.0 0.04171857935521434 8.659564945094465 0.0 0.0
-0.01117637 0.00142305 -4.308941 -7.88492 1.332567 1.120547 0.6374974 19.55218 3.138243 0 0.0 0.011266601869215047 8.985484736389072 0.0 0.0
0.001042968 0.005255412 -1.238914 -5.8076 1.090887 0.899838 0.5458694 17.71323 nan 0 0.0 0.005357904211421477 5.938276320566096 0.0 0.0
0.003315067 0.003677995 -1.587237 -4.733531 1.46334 1.275366 0.4531756 18.87442 nan 0 0.0 0.0049514963833687696 4.992558164120875 0.0 0.0
0.02651749 0.05176709 0.4996891 -2.460964 1.474392 1.205655 0.5526483 20.24854 1.78969 0 0.0 0.0581636388387814 2.5111815955750414 0.0 0.0
0.01811981 0.06071406 -7.092458 -4.095922 1.103777 0.8898013 0.4398457 19.47827 3.416882 0 0.0 0.06336027616827203 8.190209857619523 0.0 0.0
0.004175074 0.03456557 -12.84656 -9.368186 2.093391 1.504804 0.26781 20.0484 nan 0 0.0 0.0348168044531714 15.89959159111315 0.0 0.0
-0.009073294 0.03901897 -6.574185 -6.882639 1.083777 0.8976324 0.4928466 19.73516 2.744396 0 0.0 0.040060013528097266 9.517910906209723 0.0 0.0
0.008635949 0.01540984 -1.267715 -0.9327756 1.200933 0.983498 0.7873327 19.2779 2.578108 0 0.0 0.017664732773416104 1.5739033137967402 0.0 0.0
0.002843993 0.002554579 -7.311358 -9.534521 1.094082 0.897042 0.4708885 18.93454 nan 0 0.0 0.0038228484211762833 12.015117415306644 0.0 0.0
-0.02024157 0.02978799 -0.2108481 -3.328563 1.131111 0.908501 0.4249806 19.67597 3.198742 0 0.0 0.036014517965745424 3.3352344094894755 0.0 0.0
-0.01292524 0.03265953 -6.600868 -5.748469 1.088998 0.9008092 0.5383415 19.24874 2.189491 0 0.0 0.03512416161104062 8.753076841738851 0.0 0.0
-0.01511086 0.0008122821 -1.096109 -5.654708 1.243498 1.047316 0.6034793 19.48714 3.221567 0 0.0 0.01513267630492308 5.7599633249826345 0.0 1.0
-0.002088746 0.04055851 -3.509627 -7.123001 0.9887264 0.8134899 0.5627442 19.52565 3.277184 0 0.0 0.04061225915007211 7.940694234456457 0.0 0.0
0.006670148 0.04710628 1.367512 -0.1996242 0.9823799 0.809831 0.5345488 19.3269 2.242027 0 0.0 0.04757617565315968 1.3820053876051426 0.0 0.0
0.001597635 0.04310674 0.6090623 -2.159561 1.204155 0.9976022 0.530886 19.82304 3.011501 0 0.0 0.04313633585529518 2.243804937600925 0.0 0.0
-9.312972e-05 0.04177542 0.04297615 -0.9573359 1.422507 1.178065 0.6071571 19.80834 2.8244 0 0.0 0.04177552380666396 0.9583000442959566 0.0 0.0
0.0003226287 0.04207869 -6.498459 -5.561143 1.408462 1.135278 0.3496463 20.01795 2.220297 0 0.0 0.042079926822585656 8.553144500189974 0.0 0.0
0.005228734 0.0457178 -0.8263425 -5.619699 1.444594 1.183301 0.5784944 19.941 2.990749 0 0.0 0.046015833102126445 5.680128412096618 0.0 0.0
-0.01234029 0.003219662 -4.556746 -5.155512 1.410309 1.186042 0.6485526 19.3475 nan 0 0.0 0.012753390948228005 6.88064227312102 0.0 1.0
-0.03160457 0.03002404 1.72451 1.493099 1.493829 1.208019 0.5197036 20.14518 3.491518 0 0.0 0.043592336744048256 2.2810697849695436 0.0 0.0
-0.00799044 0.009346422 -3.30355 -4.852253 1.167458 0.9838344 0.6147391 19.51676 3.509758 0 0.0 0.012296452154816201 5.87007681197691 0.0 1.0
-0.01494485 0.002780686 -7.041876 -8.108183 0.3804491 0.3033201 0.3244928 18.30164 3.816971 0 0.0 0.015201340603811758 10.73921082579465 0.0 0.0
0.0004889397 0.04398603 -3.180876 -2.087361 1.220754 1.009294 0.5292385 19.80235 2.335657 0 0.0 0.04398874739284055 3.804608793515701 0.0 0.0
-0.01139849 0.006391673 0.8567209 -1.464496 1.312984 1.113418 0.5654118 19.42529 3.460203 0 0.0 0.013068246172269215 1.6966788837351665 0.0 0.0
-0.01109376 0.007169899 -5.127212 -8.479883 1.273785 1.077339 0.5249415 19.63815 nan 0 0.0 0.013209048512584129 9.909425744544079 0.0 0.0
-0.01139857 0.007230907 -0.6527909 -9.219456 1.376618 1.126163 0.4735252 19.79532 nan 0 0.0 0.013498644898194374 9.242537795165287 0.0 0.0
-0.005912279 0.01112419 0.5384685 -4.025832 1.987571 1.629786 -0.02407634 20.36453 nan 0 0.0 0.012597723847185294 4.061683347790206 0.0 0.0
-0.01289455 0.004032137 3.152046 -1.23102 1.209031 1.019236 0.6118837 19.54794 3.693447 0 0.0 0.013510275662963691 3.383903696400948 0.0 0.0
0.01687173 0.05614232 5.092923 -0.5349885 0.8809861 0.7335831 0.453181 19.37583 2.101683 0 0.0 0.058622652346813006 5.120944969345135 0.0 0.0
-0.009458917 0.00738175 -1.291947 -3.447817 0.566669 0.4821638 0.4156925 18.72305 3.908808 0 0.0 0.01199838922003237 3.681924648373185 0.0 1.0
-0.004831516 0.009590726 6.076642 -0.6004718 1.091987 0.9102609 0.6339632 19.21752 3.137917 0 0.0 0.010738974441972195 6.106238152804002 0.0 0.0
0.009498301 0.05863982 -1.501164 -3.589713 0.7988933 0.6609792 0.5045758 19.20408 2.792746 0 0.0 0.059404092548569425 3.8909552525395354 0.0 0.0
0.01324091 0.06125064 5.329117 -5.161436 1.292176 1.074287 0.5409328 19.60667 2.844446 0 0.0 0.06266548171072892 7.418888702614765 0.0 0.0
0.0005721273 0.05150861 -1.511299 -4.462869 1.166423 0.9608869 0.5219534 19.65578 3.376972 0 0.0 0.051511787328528076 4.711817523903276 0.0 0.0
-0.02193291 0.03409259 -3.961474 1.163416 0.9968658 0.8229606 0.5162586 19.47045 2.795076 0 0.0 0.04053834276307062 4.128778638015364 0.0 0.0
-0.01389169 0.0006750954 -2.041777 -4.293323 0.8760071 0.7372285 0.5793744 19.29804 nan 0 0.0 0.013908084154735373 4.754100934988444 0.0 1.0
-0.00325208 0.0109202 -2.415944 -6.275237 0.5293437 0.4539773 0.3961661 16.8373 nan 0 0.0 0.011394156062052161 6.724238605024735 0.0 1.0
-0.007463848 0.007627934 -1.834782 -5.259799 0.3180476 0.2505027 0.265271 17.42121 4.140041 0 0.0 0.010672132124156823 5.570629273962234 0.0 1.0
0.002346218 0.05427234 -3.704291 -6.520312 1.317645 1.088398 0.5373142 19.96669 3.128464 0 0.0 0.05432303036446995 7.499082636564622 0.0 0.0
-0.01045621 0.004402392 -3.572846 -4.373208 0.4366261 0.340405 0.2061198 18.21375 4.128582 0 0.0 0.011345192060329521 5.64713881102457 0.0 1.0
-0.007824019 0.006784864 -2.995365 -6.02519 0.8514637 0.7017692 0.5518334 19.13216 3.349588 0 0.0 0.010356140826140644 6.728679366660668 0.0 1.0
-0.01078878 0.0051386 -3.716386 -4.487076 1.417611 1.20798 0.5238527 19.50621 nan 0 0.0 0.01195002024468578 5.826266036731588 0.0 1.0
0.01445862 0.0437544 -19.79889 -19.2525 1.539758 1.235018 0.3675129 19.94361 2.421366 0 0.0 0.04608144107625542 27.61620541425089 0.0 0.0
-0.01120442 0.005226301 -1.622671 -3.839555 0.8790611 0.7561112 0.4825167 19.03647 4.131973 0 0.0 0.012363383423602173 4.1683622410085714 0.0 1.0
0.006198441 0.03719191 -0.417666 1.269229 2.27575 1.824886 0.6488961 20.17328 3.584591 0 0.0 0.037704891463556565 1.3361837979847682 1.0 0.0
-0.008627553 0.006241216 2.514353 -2.637871 1.180452 1.003672 0.6199225 19.08637 2.871328 0 0.0 0.010648354235583309 3.6442193157451435 0.0 0.0
0.005671692 0.03406579 -0.6752272 -13.37212 2.547804 2.165645 0.2545053 20.34061 2.489405 0 0.0 0.03453470918462995 13.389156996092765 0.0 0.0
0.01318318 0.03975102 -4.388045 -5.584079 1.51234 1.263691 0.3193127 20.09435 2.85532 0 0.0 0.04188006477971112 7.101892508357613 0.0 0.0
0.008358763 0.01431504 -1.290603 -4.899669 0.4504514 0.3583354 0.3850307 18.48683 nan 0 0.0 0.016576769561400344 5.066795083005627 0.0 1.0
0.001874628 0.03101033 -1.078628 3.454381 1.768988 1.570704 0.003136222 20.12056 1.382366 0 0.0 0.031066940577522014 3.618865354713408 0.0 0.0
0.01030201 0.05627274 0.7915089 1.571505 1.040919 0.8596617 0.5295444 19.60533 1.96929 0 0.0 0.057207977390812376 1.7595778765954662 0.0 0.0
-0.008654922 0.001358402 -3.127158 -5.600208 1.558593 1.317926 0.5676282 19.3231 nan 0 0.0 0.00876087500308548 6.414159867061937 0.0 1.0
-0.01872034 0.05017778 -2.614128 -4.840373 1.695534 1.374285 0.6148976 20.20864 2.700205 0 0.0 0.053556145636556036 5.501170419057475 0.0 0.0
-0.008045229 -0.0003963179 -5.491054 -6.505555 0.5951063 0.4686105 0.2229091 17.15517 4.902093 0 0.0 0.008054984639358501 8.513161568356436 0.0 0.0
-0.01431142 0.03636345 3.044102 -2.471198 1.070427 0.8933992 0.4057823 19.66657 3.622774 0 0.0 0.03907834743587425 3.920889764021427 0.0 0.0
