jas1101finalproject/data/gcs/Terzan_3.ecsv
# %ECSV 0.9
# ---
# datatype:
# - {name: x, unit: deg, datatype: float64}
# - {name: y, unit: deg, datatype: float64}
# - {name: pmx, unit: mas / yr, datatype: float64}
# - {name: pmy, unit: mas / yr, datatype: float64}
# - {name: pmx_e, unit: mas / yr, datatype: float64}
# - {name: pmy_e, unit: mas / yr, datatype: float64}
# - {name: pm_corr, datatype: float64}
# - {name: g_mag, unit: mag, datatype: float64}
# - {name: bp_rp, unit: mag, datatype: float64}
# - {name: filter, datatype: int64}
# - {name: memberprob, datatype: float64}
# - {name: r, unit: deg, datatype: float64}
# - {name: pm, unit: mas / yr, datatype: float64}
# - {name: member_prob_GMM, datatype: float64}
# meta: !!omap
# - comments: [deg deg mas/yr mas/yr mas/yr mas/yr dimless mag   mag   zeroone float]
# - __serialized_columns__:
#     bp_rp:
#       __class__: astropy.units.quantity.Quantity
#       unit: &id001 !astropy.units.Unit {unit: mag}
#       value: !astropy.table.SerializedColumn {name: bp_rp}
#     g_mag:
#       __class__: astropy.units.quantity.Quantity
#       unit: *id001
#       value: !astropy.table.SerializedColumn {name: g_mag}
#     pm:
#       __class__: astropy.units.quantity.Quantity
#       unit: !astropy.units.Unit {unit: mas / yr}
#       value: !astropy.table.SerializedColumn {name: pm}
#     pmx:
#       __class__: astropy.units.quantity.Quantity
#       unit: !astropy.units.Unit {unit: mas / yr}
#       value: !astropy.table.SerializedColumn {name: pmx}
#     pmx_e:
#       __class__: astropy.units.quantity.Quantity
#       unit: !astropy.units.Unit {unit: mas / yr}
#       value: !astropy.table.SerializedColumn {name: pmx_e}
#     pmy:
#       __class__: astropy.units.quantity.Quantity
#       unit: !astropy.units.Unit {unit: mas / yr}
#       value: !astropy.table.SerializedColumn {name: pmy}
#     pmy_e:
#       __class__: astropy.units.quantity.Quantity
#       unit: !astropy.units.Unit {unit: mas / yr}
#       value: !astropy.table.SerializedColumn {name: pmy_e}
#     r:
#       __class__: astropy.units.quantity.Quantity
#       unit: &id002 !astropy.units.Unit {unit: deg}
#       value: !astropy.table.SerializedColumn {name: r}
#     x:
#       __class__: astropy.units.quantity.Quantity
#       unit: *id002
#       value: !astropy.table.SerializedColumn {name: x}
#     y:
#       __class__: astropy.units.quantity.Quantity
#       unit: *id002
#       value: !astropy.table.SerializedColumn {name: y}
# schema: astropy-2.0
x y pmx pmy pmx_e pmy_e pm_corr g_mag bp_rp filter memberprob r pm member_prob_GMM
[from data line 3693]
0.03307045 0.05529044 -3.011951 -3.473256 0.3361139 0.2468067 0.1579107 18.11036 1.480663 1 0.0 0.06442582881574828 4.597320531346167 0.0
0.004563606 0.04645842 -5.978717 -1.876 0.4924996 0.3318736 0.3459738 18.4013 1.64245 1 0.9741493 0.046682023184729644 6.266133813292611 1.0
0.07245514 -0.00708652 -4.239086 -3.531429 2.7733 1.653713 0.1181568 20.33479 1.960569 0 0.0 0.07280086591607274 5.5173218953978935 1.0
0.008660731 0.04954418 -3.900187 -3.06161 0.8324396 0.601028 0.3163351 19.29124 1.51792 0 0.0 0.05029546732387284 4.958317701304446 0.0
0.0589624 -0.04582524 -2.265365 -4.588791 1.669074 1.059988 0.4906035 20.14394 1.545338 0 0.0 0.07467608207999132 5.117507344880513 1.0
0.05048389 0.04058722 -5.022134 -3.286226 1.311324 0.9327574 0.4724051 19.85418 1.574043 0 0.0 0.06477611887771989 6.001759011909092 1.0
0.01812616 0.05553931 -3.200044 -3.88676 0.3042086 0.2178462 0.1341597 17.92818 1.481853 1 0.0 0.05842236413927204 5.034598782379387 1.0
0.03334011 -0.0155219 -3.858823 -1.508245 2.779705 1.880365 -0.009979942 20.4391 1.41461 0 0.0 0.03677624660595613 4.143104865358104 0.0
0.005048876 0.04055706 -6.95195 -2.936306 0.9546314 0.6988824 0.3435398 19.67876 1.461338 1 0.7894356 0.040870114566844265 7.54662187525889 1.0
0.004015749 0.04732439 -5.485304 -7.90988 1.689736 1.25842 0.110444 19.98017 1.365433 0 0.0 0.047494464192188765 9.625734340133016 0.0
0.02233427 0.05110558 -5.553347 -0.9060057 1.609418 0.9789299 0.7410846 19.55337 1.108889 0 0.0 0.05577275251921228 5.626767209583269 1.0
0.04404945 0.06882355 -2.424287 -4.231775 0.1494876 0.1080961 0.05586861 16.4796 1.706563 1 0.0 0.08171312672946128 4.876995705246622 1.0
0.06150266 0.05606344 1.761167 -5.385252 1.377871 1.10107 -0.0414755 20.0346 1.344847 0 0.0 0.08322070951217131 5.665919899309643 0.0
0.04012371 0.06438529 2.94497 1.785132 0.7902534 0.5728061 0.3327816 19.26924 1.672928 1 0.0 0.07586420547628638 3.443768946709985 0.0
0.03349631 0.06119159 -6.297051 -1.767179 1.112912 0.8034471 0.3199486 19.75574 1.634409 0 0.0 0.06975968370301144 6.540319022390421 1.0
-0.008883074 0.03037912 -0.8917139 -2.177894 1.109404 0.8135734 0.2087827 19.92346 1.937693 0 0.0 0.03165122328858517 2.3533754385327494 0.0
0.04917391 0.03633083 -6.512831 -4.328622 3.201943 2.093207 0.5691189 20.51397 1.400297 1 0.2965315 0.06113920700480994 7.820098212519137 0.0
0.02349424 0.05746816 1.50983 -3.187197 0.5485636 0.3993398 0.2211803 18.89692 1.557253 1 0.0 0.06208517316528319 3.526728136064502 1.0
0.02330619 0.05314235 -4.949296 -2.359522 0.6637709 0.4836913 0.2999341 19.12286 1.354912 1 0.6769735 0.05802833666269092 5.482962243541351 1.0
0.0002301987 0.03987439 -5.757435 -1.771987 0.3083588 0.2213219 0.1878161 17.94201 1.728907 1 0.9920014 0.03987505447411429 6.023951834750506 1.0
0.05778526 0.02998129 -2.294989 -0.7498862 2.044331 1.352641 0.5225299 20.13291 1.930212 0 0.0 0.06510003090115779 2.414395125713983 0.0
0.02550779 0.005354981 -2.273068 0.9579113 2.167973 1.324692 0.4695075 20.33415 1.135979 0 0.0 0.026063828809184213 2.4666641829182363 0.0
0.07926979 0.0008302085 -1.154715 0.02533666 2.957991 1.988409 -0.04588815 20.39923 1.372147 0 0.0 0.07927413735133025 1.1549929339891891 0.0
0.01136968 0.008696069 -2.96357 -3.602698 2.187342 1.400345 0.2022431 20.22031 nan 0 0.0 0.014314022472916585 4.664995179429877 0.0
0.02071689 0.05700353 -3.561595 -6.88852 0.1761722 0.1264071 0.1002884 16.86314 1.838263 1 0.0 0.06065139704683644 7.754783474374058 0.0
0.04217327 0.0538061 -4.253166 -2.008094 1.025793 0.7486948 0.2338824 19.88233 nan 0 0.0 0.06836432622137734 4.703388410113713 1.0
0.02671625 0.008978553 -2.603658 -1.421919 1.835099 1.312638 0.6253401 20.02871 nan 0 0.0 0.028184613320681003 2.96662916852191 0.0
0.02230866 0.003444765 -3.806688 -2.065934 1.701307 1.136947 0.4598865 20.05302 1.302626 0 0.0 0.02257305289279288 4.331161140121664 0.0
0.05485336 0.05753307 1.856053 -2.573148 3.504619 2.336199 -0.122238 20.57573 1.149546 0 0.0 0.07949179358219627 3.172699697215764 0.0
0.02701041 0.06989916 -3.176372 -4.222146 0.1894096 0.1366816 0.09055854 17.01643 1.887333 1 0.0 0.07493633842852011 5.283545772272632 1.0
0.05525527 0.02603866 -2.715071 -3.845924 1.18202 0.8283649 0.5383373 19.66719 1.6931 0 0.0 0.061083194721367515 4.707732144973522 0.0
0.07375266 -0.003429398 -8.24917 -2.33624 2.301583 1.444638 -0.06272888 20.13727 1.581522 0 0.0 0.07383234811190827 8.573612017492977 0.0
0.03636994 0.05368303 -0.7118452 -1.038589 0.3566042 0.2630134 0.2179549 18.11101 1.516459 1 0.0 0.06484319737323646 1.2591229883073536 0.0
0.002309467 0.03671197 -6.291341 -3.60953 2.264925 2.015917 -0.2005388 20.16549 nan 0 0.0 0.03678453994689874 7.253252952929533 0.0
0.00938254 0.04566455 -2.88069 -5.109042 1.237622 0.9029874 0.3132989 19.92653 1.429066 0 0.0 0.04661848542750075 5.865209717807539 1.0
0.008897128 0.04768258 -7.144402 -7.789658 0.4644024 0.3330825 0.1622819 18.63764 1.643702 1 0.0 0.048505539086838155 10.569827420283078 0.0
0.01732569 0.03949869 -6.453118 -6.235607 0.2042083 0.1477237 0.1070069 17.23487 1.933535 1 0.0 0.04313149714178955 8.97360165041735 0.0
0.01065029 0.0277048 -11.17499 -3.686605 4.51215 2.456832 -0.05215909 20.66683 0.9822521 0 0.0 0.029681385077588614 11.767389596938013 0.0
0.0529881 -0.05196276 -6.423523 -2.439032 3.69973 2.157212 0.1852387 20.61172 nan 0 0.0 0.07421500635604365 6.8709915462437445 0.0
0.07383923 -0.0176316 -2.742057 -2.479726 1.500002 1.05454 0.4690884 20.14501 1.587059 0 0.0 0.07591511842546846 3.6970146911156574 0.0
0.009642801 0.03531906 -0.9068134 -1.892971 0.3800567 0.2768782 0.1556403 18.38926 1.621658 1 0.0 0.036611741428252235 2.0989639704531755 0.0
0.01367953 0.05157672 -2.85117 -6.438452 1.148004 0.8436576 0.1956644 19.96307 1.358643 1 0.0 0.053359981137358924 7.0415079723880165 1.0
-0.0006537185 0.02483685 -8.565933 -1.24486 1.193422 0.8787955 0.3370563 19.64437 1.411053 0 0.0 0.024845451611909618 8.655916160643482 0.0
0.06849791 0.007550118 -2.216924 -0.7047738 0.5515177 0.3787369 0.3631306 18.66973 1.529913 1 2.135571e-06 0.06891275612092454 2.3262540985331848 0.0
0.0413571 0.01635382 -4.40289 -0.08902736 1.496436 1.042406 0.5641185 19.85064 1.495806 0 0.0 0.044473105906855666 4.403789983971598 1.0
0.009131969 0.03213385 -6.142038 -0.880026 2.831496 1.444607 0.1261634 20.24275 nan 0 0.0 0.03340624453061824 6.204762409159597 1.0
0.004189209 0.03045579 -2.083572 -3.687663 4.592805 3.041178 0.06513577 20.82841 1.410351 0 0.0 0.030742553839422336 4.23557914348829 1.0
-0.007240633 0.04078196 -6.208695 -4.259506 1.375923 0.9900485 0.1196902 20.10766 1.499439 0 0.0 0.04141974200405271 7.529361524529221 1.0
0.01326139 0.007791697 -9.995746 -3.288291 3.16759 2.130808 0.03916844 20.61253 1.242693 0 0.0 0.015380994989658796 10.52272758353066 0.0
0.009680788 0.04062149 0.278342 -0.1276887 0.3993093 0.3445154 0.1050574 18.11221 nan 0 0.0 0.04175910806184735 0.3062330371982912 0.0
0.04738824 -0.03618932 -7.196011 -3.882958 1.275222 0.8965509 0.5031132 19.77654 1.610893 1 0.318979 0.0596264385349318 8.176792595014565 0.0
0.02787948 -0.01053783 -4.769756 -0.7120376 2.811655 1.807285 -0.1491215 20.57809 0.630785 0 0.0 0.029804551098436292 4.822610272803491 1.0
0.02176123 0.0503428 -5.163939 -0.1027631 1.149883 0.8258609 0.356113 19.7859 0.9678173 0 0.0 0.05484476860150747 5.164961398736937 1.0
0.02319271 0.004863583 -4.963469 -1.217528 1.402903 0.9234841 0.5571954 19.54955 1.260929 0 0.0 0.02369717782230595 5.1106162979375584 1.0
-0.004700287 0.03625792 -5.89981 -2.31027 1.340177 0.9658145 0.251217 20.16479 1.395798 0 0.0 0.03656131098044446 6.336016533201283 1.0
-0.003591632 0.02405094 -5.802157 -1.467993 0.1848276 0.1389899 0.07144485 16.98858 1.918129 1 0.9928491 0.024317638357929085 5.9849836508296335 1.0
0.01940508 0.03966988 -2.823122 -3.659667 0.1444025 0.1040791 0.04084644 16.06699 2.41381 1 0.0 0.04416170862886534 4.622032061525861 1.0
0.05570493 0.02819747 -3.733601 -1.671341 1.672066 1.103291 0.5208899 19.99449 1.481152 0 0.0 0.06243505858654895 4.0906181886705095 1.0
0.01336049 0.004938287 -7.152179 -2.135011 2.512216 1.521425 0.3516088 20.17933 nan 0 0.0 0.014243924021647581 7.464042900343085 0.0
0.05713985 0.03277792 -2.38008 -0.9014521 1.711598 1.160249 0.4476585 20.03729 1.918674 0 0.0 0.06587377700989143 2.545073023509229 0.0
-0.006754142 0.03015807 -5.082332 -1.476495 0.9493293 0.7234949 0.2512614 19.44446 1.687023 0 0.0 0.03090513905940344 5.29246030152792 1.0
0.06203187 0.04784237 -8.460255 0.5927802 3.110953 1.967622 0.3392712 20.52924 1.077227 0 0.0 0.07833801926851228 8.480996582391542 0.0
0.05671742 -0.001454883 2.069444 -4.180474 2.333648 1.545938 -0.03551005 20.22767 nan 0 0.0 0.056736076847100456 4.664650183434124 1.0
0.07672518 0.007847897 -0.6089135 -0.779643 0.9090856 0.6359902 0.4950392 19.38613 2.036959 1 6.973349e-06 0.0771254998904708 0.9892516656196491 0.0
0.01002943 0.04064815 -5.425902 -2.041595 0.2187809 0.1588179 0.1067508 16.58324 1.823655 0 0.0 0.04186718959456677 5.79728580092693 1.0
0.06973147 0.009139791 -3.270628 -2.970783 0.3458403 0.2453327 0.2926998 17.9689 1.624052 1 0.0 0.07032790120488867 4.418434015290146 1.0
0.01583288 0.04631967 -11.07611 -9.072842 1.530835 0.8920125 0.7371142 19.33737 1.436188 1 0.0 0.04895091335208466 14.317704937910404 0.0
0.03953766 0.06303518 -6.303887 -6.563483 1.158192 0.8529275 0.216575 19.83665 1.522631 0 0.0 0.0744087392441775 9.100456054509467 0.0
-0.004911496 0.02881162 -4.644903 -1.602548 0.865462 0.6676434 0.2664518 19.51173 1.569094 0 0.0 0.0292272516665939 4.913581582889716 1.0
0.04474319 -0.005513829 0.341221 -4.01082 2.346488 1.564654 -0.06195579 20.2285 1.392717 0 0.0 0.04508165216157612 4.0253085401296875 0.0
0.07250517 0.007054524 -4.65385 -5.263331 0.1081525 0.08431153 -0.06320561 12.91356 2.299599 1 0.0 0.07284755305152998 7.025736476559664 0.0
0.02899735 0.05316721 -1.260894 -0.247892 1.411455 1.176796 0.5593731 19.73492 1.296553 0 0.0 0.06056070117003765 1.2850307867518194 0.0
0.05608941 -0.04554091 -6.982537 -6.390908 2.661801 1.82625 -0.003500533 20.43737 1.269743 0 0.0 0.07224954254371581 9.465702721976482 0.0
0.03264452 0.01823465 -4.864771 -1.806339 1.326028 0.8745936 0.2612316 19.89078 1.475435 0 0.0 0.03739207331310876 5.189302213724115 1.0
0.03618749 -0.02000158 -7.913363 -5.03419 3.95324 2.399642 0.1312007 20.72857 0.7708702 0 0.0 0.0413472808658139 9.378932931089176 0.0
0.05850353 -0.02683153 -1.866944 -8.060859 2.581826 1.669899 -0.0001765757 20.24226 1.252934 0 0.0 0.06436298644874862 8.274232757000313 0.0
0.05001661 0.05007466 -11.00138 -3.79229 3.512825 2.621264 -0.3105247 20.51724 nan 0 0.0 0.0707752276577596 11.63665868488459 0.0
0.03158922 0.05722126 -5.967062 -6.103452 0.1217506 0.08845244 0.05453794 16.10575 1.728956 1 0.0 0.06536169685829768 8.535687156178348 0.0
0.04500739 0.0667402 -5.306659 -1.613659 0.148552 0.1078201 0.1079744 16.40766 1.688807 1 0.9486344 0.08049794687227806 5.546577783693473 1.0
0.005122328 0.02074352 -2.510381 0.2633753 2.28603 1.819239 -0.4696507 20.31021 nan 0 0.0 0.021366606331609708 2.5241591300492705 0.0
0.05422081 -0.01282097 -5.024465 0.3205462 2.637703 1.912095 -0.1253526 20.154 1.753819 0 0.0 0.05571600765307041 5.034679572977752 1.0
0.02345496 0.05085349 -5.824447 -3.066086 0.9179067 0.6594866 0.3452121 19.36911 1.301876 0 0.0 0.05600189812659657 6.582177923393214 1.0
0.05637762 -0.04249316 -1.212385 -2.553473 0.4069926 0.2817785 0.3330122 18.1491 1.974228 1 0.0 0.07059819178739637 2.826676803236267 0.0
0.0119224 0.04313126 -5.952844 -2.419232 0.7963814 0.5794697 0.3359317 19.37712 1.596031 1 0.9011141 0.04474873418262912 6.425654453684854 1.0
0.0201304 0.002354333 -10.36816 -5.23533 1.668944 1.040267 0.4023378 19.85671 1.548637 0 0.0 0.020267606865017117 11.614965432342018 0.0
-0.02496617 0.0641587 -0.7291074 1.866523 4.414452 2.175406 -0.3228542 20.60741 0.6576042 0 0.0 0.06884510462014637 2.003872678156913 0.0
-0.03247331 0.05611847 0.7695864 -0.9964159 1.318038 0.9483231 0.2975278 19.76883 1.500776 0 0.0 0.06483670671384381 1.259010672249354 0.0
-0.01894148 0.07919786 -5.382597 -5.301687 1.068223 0.7796199 0.3123872 19.79649 1.318886 0 0.0 0.08143144781452678 7.555146293115574 1.0
-0.01826887 0.07956422 -7.810314 -5.398627 0.7760419 0.5683576 0.3092975 19.3698 1.235062 1 0.0 0.08163465388721447 9.494534125681207 0.0
-0.02411953 0.06516603 -6.02514 -5.834577 2.503012 2.204411 -0.5221446 20.53445 0.8469486 0 0.0 0.0694864245258151 8.387168818411192 0.0
-0.03258106 0.07631723 -1.226168 -2.795753 2.811876 2.438839 -0.3713902 20.71375 1.822599 0 0.0 0.0829809921945773 3.0528221044196138 0.0
-0.03096095 0.07442197 -5.170822 -4.721183 2.449969 2.004185 -0.3436469 20.64 0.7543182 0 0.0 0.0806052730507341 7.0019260975229525 1.0
-0.03598988 0.06649676 -8.978301 -5.149414 0.9683664 0.7122094 0.3174369 19.55681 1.354961 0 0.0 0.07561144458950643 10.35018615243209 0.0
-0.02331274 0.07485941 -7.852785 -5.496854 1.74679 1.334808 0.01563641 20.38168 1.066568 0 0.0 0.07840545332982712 9.585490918755335 0.0
-0.0349061 0.06611958 2.894601 -3.329758 1.606171 1.032959 0.4709759 19.98004 1.38324 0 0.0 0.07476787195437891 4.4120293842816825 0.0
-0.02331074 0.06792048 -0.5356471 -4.791602 3.010722 1.914717 -0.1758857 20.63008 0.9994469 0 0.0 0.07180934620770475 4.821448697450012 1.0
-0.02114549 0.07564583 -6.796904 -7.395213 0.7973404 0.5863834 0.3408185 19.32248 1.022192 0 0.0 0.07854567679846548 10.044256035196684 0.0
-0.008598727 0.04917797 -4.959602 -1.032078 2.553575 2.095285 -0.3749089 20.63104 0.9031429 0 0.0 0.04992405071046849 5.0658500763927075 1.0
-0.01655818 0.05985788 1.013857 1.342885 3.576154 2.232131 -0.1515673 20.57038 nan 0 0.0 0.06210587027815326 1.682630719936493 0.0
-0.03531674 0.06523821 0.6791759 -3.643298 1.069485 0.778053 0.3308127 19.63644 1.48037 0 0.0 0.07418420430409496 3.706062630332198 0.0
0.003144509 0.05834508 -6.362314 -1.622775 1.739796 1.414889 -0.3501563 20.27046 1.158899 0 0.0 0.05842975523701499 6.566006254582842 1.0
-0.005385835 0.04767908 2.484941 -3.813658 2.10174 1.706932 -0.349154 20.46785 1.162254 0 0.0 0.04798230807593175 4.551803940686044 1.0
0.0109049 0.06937269 -2.96821 -3.849191 2.720722 1.782523 0.0224547 20.483 0.4875603 0 0.0 0.07022454671869445 4.860714140800814 1.0
-0.01855195 0.06456097 -9.278837 -1.130706 2.330637 1.955113 -0.4735245 20.48756 0.4529171 0 0.0 0.0671736086282656 9.347476243939056 0.0
-0.01137683 0.05740974 -5.846459 -2.505232 2.610178 2.532185 -0.3805278 20.66866 nan 0 0.0 0.05852615233992834 6.360602975544457 1.0
-0.01811713 0.0695011 -8.388364 -15.23574 2.720837 2.097842 -0.2659568 20.73638 0.6385021 0 0.0 0.07182362634013197 17.392309333268425 0.0
-0.02493133 0.0723603 -4.89309 -1.152105 0.5308229 0.3859449 0.147846 18.90221 1.513426 1 0.7209538 0.07653485631827436 5.02689523255906 1.0
-0.03975228 0.06829935 -2.442878 -0.7529283 0.2707329 0.1984015 0.1590188 17.73862 1.552361 1 0.0 0.07902559696466013 2.556277361286308 0.0
-0.02623993 0.07449612 0.3932193 0.2284477 0.9757621 0.7115407 0.3054805 19.43783 2.217392 0 0.0 0.07898231334583268 0.45476342149273613 0.0
-0.00798974 0.06127825 -7.839975 -0.7023138 1.856051 1.480275 -0.3407162 20.32281 1.065207 0 0.0 0.06179692442452213 7.871369174057042 0.0
-0.001002686 0.05688792 -4.171984 0.2064716 2.037521 1.657756 -0.2986693 20.45179 nan 0 0.0 0.056896755805063225 4.177090017926663 0.0
-0.02553547 0.05263433 -1.237449 -5.421832 2.444777 2.091343 -0.5526933 20.42604 0.8974667 0 0.0 0.0585015634207309 5.5612536593671935 1.0
-0.0214438 0.07316239 0.2235546 -2.739624 0.7087906 0.5841387 0.1899198 19.08505 1.509029 1 0.0 0.07624022474358336 2.7487299468221975 0.0
-0.0101931 0.05259194 -2.634098 -0.4538665 0.3910252 0.2814665 0.1572555 18.39071 1.426363 1 0.0 0.05357062105831516 2.672913592585112 0.0
-0.02625856 0.05513272 -1.856007 -3.473803 0.5946471 0.4222324 0.1110316 17.8629 1.44713 0 0.0 0.06106659305931517 3.938536437162668 1.0
-0.008675339 0.06686671 -2.444846 -4.215456 0.528612 0.3861534 0.1854421 18.89137 1.514851 1 0.0 0.06742713410036809 4.873124382944888 1.0
