jas1101finalproject/data/gcs/Terzan_3.ecsv
# %ECSV 0.9
# ---
# datatype:
# - {name: x, unit: deg, datatype: float64}
# - {name: y, unit: deg, datatype: float64}
# - {name: pmx, unit: mas / yr, datatype: float64}
# - {name: pmy, unit: mas / yr, datatype: float64}
# - {name: pmx_e, unit: mas / yr, datatype: float64}
# - {name: pmy_e, unit: mas / yr, datatype: float64}
# - {name: pm_corr, datatype: float64}
# - {name: g_mag, unit: mag, datatype: float64}
# - {name: bp_rp, unit: mag, datatype: float64}
# - {name: filter, datatype: int64}
# - {name: memberprob, datatype: float64}
# - {name: r, unit: deg, datatype: float64}
# - {name: pm, unit: mas / yr, datatype: float64}
# - {name: member_prob_GMM, datatype: float64}
# meta: !!omap
# - comments: [deg deg mas/yr mas/yr mas/yr mas/yr dimless mag   mag   zeroone float]
# - __serialized_columns__:
#     bp_rp:
#       __class__: astropy.units.quantity.Quantity
#       unit: &id001 !astropy.units.Unit {unit: mag}
#       value: !astropy.table.SerializedColumn {name: bp_rp}
#     g_mag:
#       __class__: astropy.units.quantity.Quantity
#       unit: *id001
#       value: !astropy.table.SerializedColumn {name: g_mag}
#     pm:
#       __class__: astropy.units.quantity.Quantity
#       unit: !astropy.units.Unit {unit: mas / yr}
#       value: !astropy.table.SerializedColumn {name: pm}
#     pmx:
#       __class__: astropy.units.quantity.Quantity
#       unit: !astropy.units.Unit {unit: mas / yr}
#       value: !astropy.table.SerializedColumn {name: pmx}
#     pmx_e:
#       __class__: astropy.units.quantity.Quantity
#       unit: !astropy.units.Unit {unit: mas / yr}
#       value: !astropy.table.SerializedColumn {name: pmx_e}
#     pmy:
#       __class__: astropy.units.quantity.Quantity
#       unit: !astropy.units.Unit {unit: mas / yr}
#       value: !astropy.table.SerializedColumn {name: pmy}
#     pmy_e:
#       __class__: astropy.units.quantity.Quantity
#       unit: !astropy.units.Unit {unit: mas / yr}
#       value: !astropy.table.SerializedColumn {name: pmy_e}
#     r:
#       __class__: astropy.units.quantity.Quantity
#       unit: &id002 !astropy.units.Unit {unit: deg}
#       value: !astropy.table.SerializedColumn {name: r}
#     x:
#       __class__: astropy.units.quantity.Quantity
#       unit: *id002
#       value: !astropy.table.SerializedColumn {name: x}
#     y:
#       __class__: astropy.units.quantity.Quantity
#       unit: *id002
#       value: !astropy.table.SerializedColumn {name: y}
# schema: astropy-2.0
x y pmx pmy pmx_e pmy_e pm_corr g_mag bp_rp filter memberprob r pm member_prob_GMM
[from data line 1034]
-0.007037315 -0.006237978 -6.412142 -3.961356 2.98113 1.830742 -0.2737914 20.56803 1.837881 1 0.7331442 0.009404050825984991 7.537101988622683 0.0
0.02024757 -0.07620174 -6.042967 -1.975812 0.8481063 0.6072384 0.3469053 19.17398 1.857075 1 0.7928614 0.07884585765867792 6.357773448498539 1.0
-0.01686116 0.01970051 -0.3009391 0.003063413 1.250259 0.9700028 0.1300742 19.79123 1.879152 0 0.0 0.025930846704373154 0.3009546916198825 0.0
-0.007846286 -0.005200454 -14.41048 -4.154527 2.932449 2.546755 -0.4966374 20.55829 1.230453 0 0.0 0.009413231421776051 14.997400722262809 0.0
0.00106351 -0.03014438 -3.62013 1.804349 4.215137 2.094694 0.1027164 20.58486 1.192503 0 0.0 0.030163134769193002 4.0448753417999175 0.0
-0.02705822 0.02574785 -8.776417 -3.522321 3.170524 2.285166 -0.1218724 20.58604 1.246357 0 0.0 0.03735102474084078 9.456862089770052 0.0
-0.01027675 0.0248362 -5.449528 -1.808592 1.115882 0.841973 0.1683519 19.79871 1.591999 0 0.0 0.02687840064070963 5.741808116373099 1.0
0.03020685 -0.0757776 -4.742003 -1.47323 3.58387 2.545418 0.02732788 20.66903 2.415094 0 0.0 0.08157633510205334 4.965581444796672 1.0
0.0009765813 -0.01739948 -6.909182 -2.437539 3.095891 1.994866 -0.221063 20.42132 1.80443 0 0.0 0.017426864758352537 7.326553916108514 0.0
-0.0005036649 -0.08184113 -1.450278 1.007592 0.7835147 0.5540252 0.4330819 19.12783 1.906225 1 2.455468e-06 0.08184267980710548 1.765941085016145 0.0
-0.000404539 -0.01524036 -5.285398 -3.193709 2.545522 1.565171 -0.199685 20.32799 1.337347 0 0.0 0.015245728081404343 6.175371178729664 0.0
-0.06377854 -0.01142033 -6.305329 -5.240333 1.301766 0.9433704 0.184973 20.16436 1.274857 0 0.0 0.06479294793293866 8.198674511720172 0.0
0.009038085 -0.02802391 -4.892558 1.206981 3.978287 2.323629 -0.2601035 20.60964 0.6620655 0 0.0 0.02944531392522968 5.03923872402618 1.0
-0.04391861 -0.03491325 -4.898313 -5.650317 2.727392 1.783749 -0.2932961 20.44437 0.9858952 0 0.0 0.056105074012023186 7.477937713464723 0.0
0.04914376 -0.05406604 2.312948 -2.447054 1.148538 0.8091989 0.4929169 19.5338 1.853966 0 0.0 0.07306330014596384 3.367165236459298 0.0
-0.0266562 0.01468536 -1.728816 -3.840766 1.17809 0.8764136 0.07939826 19.97077 1.506969 0 0.0 0.030433744376425324 4.211922153674258 0.0
-0.004709968 -0.01123888 -9.829459 -3.369883 3.282254 1.667404 -0.03185185 20.41102 nan 0 0.0 0.01218590260158943 10.391071920950697 0.0
-0.0474002 -0.01634146 -1.294396 -2.87535 0.4520363 0.328312 0.2092102 18.41136 1.786585 1 0.0 0.05013803222077628 3.153267928247773 0.0
0.008453315 -0.02852357 -13.96785 -2.011293 3.834574 2.073727 0.1359525 20.59816 1.107336 1 0.7621491 0.029749833277417287 14.111914581457365 0.0
-0.01416902 0.0006504295 -5.403796 -4.042925 2.073098 1.727083 -0.500016 20.33726 1.412199 0 0.0 0.014183941141124009 6.748796467907519 0.0
-0.01854189 0.02069196 -7.537265 -1.723284 1.365499 0.9978583 -0.02718251 20.06942 1.803522 0 0.0 0.027784148239845322 7.731757330961765 1.0
-0.01712322 0.02273695 1.885159 -1.103515 1.252205 0.9616684 0.01295286 20.09206 1.839472 0 0.0 0.028463547889729063 2.1843923206480103 0.0
-0.003353545 -0.01351618 -12.34672 -5.689302 2.866867 1.610109 -0.1766858 20.40499 1.011217 0 0.0 0.013925996763586619 13.594471376467862 0.0
-0.01798074 -0.03956868 5.725549 1.434625 4.457588 2.475388 -0.03916561 20.69005 1.044123 0 0.0 0.04346248322277502 5.902546928405228 1.0
-0.01843064 0.0241481 -5.568103 -1.065764 0.9630861 0.7217759 0.1217249 19.4858 1.806553 0 0.0 0.030377939765882742 5.66918194471698 1.0
-0.05761324 -0.05442259 -2.897206 1.561232 0.5589337 0.3772402 0.3313444 18.77155 1.802576 1 0.0 0.07925341459902974 3.2910861374719445 0.0
-0.01827694 0.005086097 -7.852352 -0.9543943 2.202789 1.746382 -0.3836907 20.38617 2.054352 0 0.0 0.018971423732999294 7.910139089281331 0.0
-0.0137505 0.027773 -5.570048 -3.737886 1.525734 1.08955 0.1386646 20.00234 1.321945 0 0.0 0.030990575652123663 6.707997202690233 1.0
-0.07827191 -0.001816219 -4.010756 -3.118263 0.6149129 0.4578614 0.3132946 19.01553 1.468594 1 0.0002850947 0.07829297890937642 5.080327531636616 1.0
-0.01927748 0.02547542 -5.558767 -1.772071 0.1715059 0.1268819 -0.08114565 16.69214 1.90555 1 0.9978444 0.031947116604269625 5.834391672602209 1.0
-0.05910466 -0.0388063 -11.46432 -4.066808 4.104586 1.992526 -0.06140389 20.5123 1.271669 0 0.0 0.07070565573845985 12.164273935227865 0.0
-0.05449139 -0.03637309 -1.67619 0.05708982 0.6877673 0.431479 0.4435721 18.82799 1.83507 1 6.163035e-06 0.06551574818530427 1.6771619372164492 0.0
0.01285618 -0.03573012 -3.45873 -1.31555 3.259525 1.995625 -0.3925743 20.51491 1.301052 0 0.0 0.03797265910371302 3.7004709180589437 0.0
-0.04119127 0.007904353 -3.985048 -2.543477 0.7956456 0.583551 0.2523661 19.37097 1.409092 0 0.0 0.041942812501804275 4.7275662673127075 0.0
-0.01575507 0.02888271 -7.340945 -3.070807 1.470079 1.116458 -0.01158136 20.32427 0.9550571 0 0.0 0.03290035209004609 7.9573443512439495 1.0
-0.07237948 -0.008536037 -12.24231 -2.479826 3.775866 2.434882 0.140602 20.48193 1.569452 0 0.0 0.0728810884436818 12.490944364873938 0.0
-0.02729131 0.0155549 -4.548931 -4.595746 1.906688 1.534244 -0.3875 20.35941 1.442654 0 0.0 0.0314129036468471 6.466347851707098 1.0
-0.01904135 0.02718828 -9.100926 -4.588711 1.550773 1.028862 0.3153581 19.7158 1.598455 0 0.0 0.033193004973652206 10.192307035161225 0.0
-0.03306618 0.0136721 -5.254528 -1.71222 0.2783036 0.2064118 0.08930932 17.63979 1.76338 0 0.0 0.03578126015391856 5.526460153767871 1.0
-0.01866814 0.02835948 -6.334073 -1.543551 0.7004384 0.5265814 0.1583514 19.12339 1.746469 0 0.0 0.03395231298350674 6.519434826649469 1.0
-0.04857218 -0.05370711 -0.7862269 0.6919925 0.705064 0.474897 0.3306812 18.19945 1.984417 0 0.0 0.07241346790828693 1.0473807131792432 0.0
-0.03289202 0.01391249 -5.06661 0.8479634 2.285818 1.934871 -0.6575124 20.02922 nan 0 0.0 0.03571333585203852 5.137078821649475 1.0
-0.05004689 0.01804263 -4.656664 -2.135759 1.113471 0.8125338 0.1723304 19.95361 1.949121 1 0.7420031 0.05319988436067318 5.1230836529357004 1.0
-0.00814424 -0.01223097 -1.380619 -2.902526 2.653781 1.64983 -0.2482957 20.42974 1.16597 0 0.0 0.014694395949425754 3.214150899356936 0.0
-0.009376301 -0.01066708 -3.840793 -0.593884 2.910671 1.816653 -0.1827099 20.54093 1.463346 0 0.0 0.014202169417698165 3.886436552203702 0.0
-0.01949598 0.002350674 -4.509967 2.913947 3.42171 2.151355 -0.2549849 20.53608 1.145693 0 0.0 0.019637181682071285 5.3694403302297715 1.0
-0.05121895 0.0211318 -7.458194 -4.700797 1.178711 0.857428 0.2303425 19.95837 1.177925 0 0.0 0.055406983407712246 8.816016684242662 0.0
-0.04308078 0.02687767 -3.780253 0.9799308 0.9522028 0.6968201 0.3223008 19.53399 2.065161 0 0.0 0.05077758117552765 3.9051987294883777 0.0
-0.005168271 -0.04403385 -5.245346 1.384773 3.597065 1.98147 0.416611 20.44828 nan 0 0.0 0.04433611362029763 5.4250576882872865 1.0
-0.01097705 -0.04344316 -5.22362 1.949057 3.757306 1.974923 0.0749722 20.48216 0.7753086 0 0.0 0.044808523491497686 5.5753949719862 1.0
0.01988752 -0.0236771 -6.096582 -2.592666 2.172795 1.297826 0.1565524 20.19761 1.501358 0 0.0 0.030921166151366284 6.624970118444308 1.0
-0.07663963 -0.0170353 -3.511148 -1.004131 1.164047 0.8708872 0.1952813 20.0032 nan 0 0.0 0.07851009064207543 3.6519089998335117 0.0
0.01542258 -0.08064097 -3.187472 -5.191934 0.3688725 0.2653503 0.3500413 18.09802 1.976706 1 0.0 0.08210250919671884 6.092303046561292 1.0
-0.01291079 -0.007261042 -6.990957 -7.627776 3.676636 2.434098 0.09799729 20.62626 nan 0 0.0 0.01481253622273593 10.346808516737177 0.0
-0.008265329 -0.04485808 -7.050525 -1.377501 1.497487 0.9943936 0.2696185 19.90342 1.391027 0 0.0 0.0456131889343931 7.1838298824948525 1.0
-0.01610431 0.03215947 -5.945997 -3.669057 1.33552 0.9912941 0.06354076 20.18394 1.21365 1 0.5961255 0.035966377510905936 6.98690629629867 1.0
-0.05181686 0.002332591 -6.200862 -2.958838 3.461331 2.794616 -0.1582558 20.65396 1.309923 0 0.0 0.051869335459719175 6.870619466488302 0.0
-0.03720669 0.03113016 -5.581445 -2.362017 1.163244 0.8430994 0.2668455 20.00667 1.376747 0 0.0 0.04851210820384639 6.060664369218444 1.0
-0.006513804 -0.01686187 -10.04691 -3.406806 3.384233 2.105817 -0.02595261 20.44078 1.5187 0 0.0 0.018076291169576684 10.60880425258832 0.0
-0.01710028 0.03201049 -3.804401 -4.882868 2.100742 1.666442 -0.3844134 20.40701 1.220613 0 0.0 0.036291749008810534 6.189981169133312 1.0
-0.04817103 0.003490701 -5.654833 -1.40541 0.9027852 0.6606293 0.3189432 19.52709 1.677824 1 0.922623 0.04829734076253371 5.8268613786488 1.0
0.005342445 -0.03896413 -3.055699 -3.300257 3.40981 1.904669 -0.08367941 20.50962 1.757175 0 0.0 0.03932868094959358 4.49766524372924 1.0
0.01697604 -0.02456908 -1.098262 -1.253135 1.721663 1.206224 0.2257049 20.04484 1.777264 0 0.0 0.029863449668918025 1.6662913157275352 0.0
-0.05897939 -0.005965476 3.727671 -2.804283 3.101921 2.407219 -0.02686214 20.60031 nan 0 0.0 0.05928031164458125 4.664711591120077 1.0
0.001735434 -0.02371663 -5.353134 -1.895617 0.3381551 0.2260599 0.245327 17.92682 1.927141 1 0.9904202 0.023780039312945974 5.678856172914137 1.0
0.01911627 -0.02318863 1.840117 -6.237493 1.715092 1.1251 0.262607 20.04069 1.236954 0 0.0 0.030052359973715876 6.503256837826567 1.0
-0.009898561 -0.0136426 -8.417814 -1.162444 3.116881 1.886424 -0.2290419 20.57099 1.200893 0 0.0 0.01685532689183811 8.497697840693796 0.0
-0.05754413 0.005636056 -3.813847 -3.024439 0.2750294 0.1815599 0.3101023 17.47554 1.912725 1 0.0 0.05781947790054867 4.867510678378631 1.0
0.01584413 -0.0232604 -4.845979 0.8336802 1.382482 0.9750962 0.3898712 19.71049 1.851116 0 0.0 0.02814396318248196 4.917167390308473 1.0
-0.01222766 0.001264913 -5.485156 -1.874681 1.841934 1.119253 0.6371705 19.53896 1.890989 0 0.0 0.012292911533610293 5.7966684566306705 1.0
-0.009994504 -0.04270679 -4.453682 2.050236 2.671956 1.670175 0.1727148 20.39101 1.681137 0 0.0 0.04386068880341616 4.902932899073778 1.0
0.004123757 -0.0322502 -2.622334 -7.259113 1.458625 0.9744839 0.319106 19.8772 1.557381 0 0.0 0.03251277859296324 7.7182483216287485 0.0
-0.05806014 -0.003706509 -0.3053125 1.314048 0.8574426 0.6295735 0.3109977 19.26586 1.866232 0 0.0 0.05817832986419154 1.3490507288312958 0.0
-0.02574754 -0.0243387 -1.634553 -0.3506015 1.635499 1.034191 0.5716059 19.9006 nan 0 0.0 0.035430327880808556 1.6717311152249483 0.0
0.00442237 -0.0313385 -0.9390465 -1.27188 2.067281 1.29177 0.1853116 20.32294 2.254797 0 0.0 0.031648995855586004 1.5809766170194453 0.0
0.003725695 -0.03174664 -3.306038 -4.386812 1.968222 1.296412 0.2321504 20.26274 0.8806076 0 0.0 0.03196451086005579 5.493087181247718 1.0
-0.07299818 0.02893519 -0.5676938 -2.671474 1.961176 1.221334 0.7194209 19.74473 1.555323 0 0.0 0.0785237512071889 2.7311260650571296 0.0
-0.03349737 -0.05702968 -6.575555 -1.762756 1.886059 1.275066 0.1330133 20.34467 1.30554 0 0.0 0.06613968701029134 6.807733269860167 0.0
-0.02373896 0.04158751 3.733513 3.042924 1.394089 1.038458 0.05530878 20.06105 1.391918 0 0.0 0.04788589781847783 4.816482719884397 1.0
0.01917442 -0.04027467 -3.943888 2.70045 4.308811 2.353872 0.10233 20.71628 0.8035412 0 0.0 0.04460613663998823 4.779820368909694 1.0
0.01916693 -0.01943498 -4.245027 -0.1270097 1.597792 1.048264 0.2148849 20.09733 1.297199 0 0.0 0.027296330398522438 4.2469266175227345 0.0
-0.06223279 0.001123606 -5.491659 -1.301771 0.1898385 0.1383658 0.1259725 17.07206 2.034943 1 0.8381888 0.06224293246327117 5.643839677801099 1.0
-0.005854014 -0.02149667 1.226624 1.694466 3.867258 2.61597 -0.2320513 20.72915 1.110998 0 0.0 0.022279504056443807 2.0918464242223904 0.0
-0.031957 -0.05264978 -13.72417 -10.52292 0.3874792 0.2639446 0.2585304 18.11267 1.846365 1 0.0 0.06158935933299193 17.294065095150415 0.0
0.01223592 -0.02435459 0.08834237 -9.71052 3.529758 2.076577 -0.4017549 20.5585 nan 0 0.0 0.02725552773869 9.710921843199914 0.0
-0.01646464 0.02861935 -4.989874 -2.067802 0.9000752 0.6649702 0.3038252 19.6015 1.7929 1 0.9187711 0.033017443340635874 5.401356093341746 1.0
-0.01131695 -0.01444006 -4.873432 -0.9366967 2.591379 1.59983 -0.1888461 20.36597 1.137905 0 0.0 0.01834635359154783 4.962634397818853 0.0
0.01999515 -0.04122092 -16.05492 -1.797039 3.941636 2.364278 -0.2127505 20.55779 1.596029 0 0.0 0.045814520287447084 16.155178902566227 0.0
0.01904245 -0.01967528 -0.7420178 2.626008 4.203421 2.544735 0.07537371 20.65311 nan 0 0.0 0.027381226142758834 2.7288291319869846 0.0
-0.01340778 -0.01186928 -1.704743 3.22038 3.451351 2.075479 0.04428315 20.46382 1.962763 0 0.0 0.017906657204704624 3.6437612491008515 0.0
-0.05189964 0.03433785 -6.377414 -3.285993 0.9922366 0.7229758 0.3387176 19.60165 1.533733 0 0.0 0.06223070443721571 7.174200953656442 0.0
-0.03059768 0.03613401 -2.280731 -2.959342 0.9965477 0.7429498 0.3051081 19.73391 1.817556 0 0.0 0.04734854485686439 3.7362332592231176 0.0
0.005790394 -0.03699578 -2.154631 -4.254719 3.033552 2.22787 -0.2978837 20.53719 1.616016 0 0.0 0.03744618005195771 4.769179018984504 1.0
-0.01242021 -0.04147498 -4.153644 0.634944 2.320688 1.629351 0.3476167 20.42897 0.5510998 0 0.0 0.04329475236612978 4.201893901786669 1.0
-0.05408773 -0.007602372 -4.505562 1.618967 0.9709956 0.7606692 0.1948514 18.6111 1.738321 0 0.0 0.05461939762190063 4.787603062382366 0.0
-0.02639152 0.004641349 -4.915579 -4.546304 2.578628 2.395564 -0.5321137 20.59722 1.141903 0 0.0 0.026796537993744658 6.695655081144563 1.0
0.05222893 -0.05275954 -2.081344 -6.013033 0.5427158 0.3852056 0.3443888 18.42486 1.958647 1 0.0 0.0742390071994265 6.363062054186255 1.0
-0.06007645 -0.03674708 -5.020973 -1.752347 1.916782 1.242401 0.2015366 20.17548 1.423729 0 0.0 0.07042391449734174 5.317977987462716 1.0
-0.01664361 -0.00908515 -3.435541 -0.6699627 0.1965714 0.1186468 0.4588443 16.25923 1.873811 1 0.0 0.018961795915856703 3.500255988077485 0.0
-0.0395453 -0.02374156 2.014922 -6.293958 2.480151 1.426494 0.3378287 20.2404 1.519613 0 0.0 0.046124748490627025 6.6086169484883905 1.0
-0.041116 0.006744723 -8.005394 -2.946431 1.256016 0.9115026 0.2704321 19.89507 1.152569 0 0.0 0.041665534250105676 8.530403784874256 0.0
-0.04685145 -0.06136219 -3.55636 -5.232828 1.477634 0.9825917 0.2342396 20.00081 1.472265 0 0.0 0.07720347614387968 6.326941229945478 1.0
0.001175501 -0.02834385 -9.518849 -7.371083 2.708467 1.763102 0.1197795 20.31018 1.516958 0 0.0 0.028368215231549216 12.03915906023714 0.0
-0.01037251 -0.004990931 -5.273245 -1.052043 0.3845095 0.2464569 0.5023766 17.72302 1.740335 1 0.9481157 0.011510793019894893 5.377165359543446 1.0
-0.01281007 -0.01463102 -10.91424 -10.13256 3.287223 2.118644 -0.2862248 20.27264 1.407175 0 0.0 0.01944645570908231 14.892595708310893 0.0
-0.03554571 0.04775155 -5.436367 -2.268956 0.4662994 0.3465957 -0.04842745 18.54861 1.72566 1 0.8760367 0.059529051956222184 5.8908613537092345 1.0
-0.01160602 -0.0808654 -3.158284 -1.249639 1.020677 0.6936731 0.3940202 19.55138 1.776819 1 0.1604473 0.08169401824736253 3.3965210811913122 0.0
-0.01156696 -0.006402531 -4.775102 -1.184129 0.523201 0.3417755 0.4857115 18.41534 1.719879 1 0.973434 0.01322070220705243 4.919731760883413 1.0
-0.05193534 -0.06490915 -10.04599 -15.71611 1.649072 1.0648 0.1706699 20.08111 2.255003 0 0.0 0.08312928060941042 18.652560912973854 0.0
-0.01233834 -0.007447872 -1.01708 -9.080667 0.351056 0.2519516 0.4210953 17.81076 1.561171 1 0.0 0.014411989150841877 9.137448489118228 0.0
-0.0742507 -0.01700637 -7.405426 -2.683878 1.029676 0.7594425 0.3046592 19.62141 1.589674 0 0.0 0.07617337507992475 7.876771887033419 0.0
0.01045753 -0.01877344 2.982332 0.4238114 1.61829 0.9726277 0.4753312 19.86032 1.708378 0 0.0 0.021489578477357343 3.0122948496111666 0.0
-0.001910456 -0.0007407147 -6.377883 -2.096336 1.606138 1.018189 0.09501835 20.04828 1.511454 0 0.0 0.0020490242543054708 6.713569556248375 0.0
0.005120725 -0.004551737 -5.755855 -1.48235 0.3337232 0.1976837 0.115235 17.28404 1.992582 1 0.9956128 0.006851287050094602 5.9436712815838835 0.0
