jas1101finalproject/data/gcs/Terzan_4_HP_4.ecsv
# %ECSV 0.9
# ---
# datatype:
# - {name: x, unit: deg, datatype: float64}
# - {name: y, unit: deg, datatype: float64}
# - {name: pmx, unit: mas / yr, datatype: float64}
# - {name: pmy, unit: mas / yr, datatype: float64}
# - {name: pmx_e, unit: mas / yr, datatype: float64}
# - {name: pmy_e, unit: mas / yr, datatype: float64}
# - {name: pm_corr, datatype: float64}
# - {name: g_mag, unit: mag, datatype: float64}
# - {name: bp_rp, unit: mag, datatype: float64}
# - {name: filter, datatype: int64}
# - {name: memberprob, datatype: float64}
# - {name: r, unit: deg, datatype: float64}
# - {name: pm, unit: mas / yr, datatype: float64}
# - {name: member_prob_GMM, datatype: float64}
# meta: !!omap
# - comments: [deg deg mas/yr mas/yr mas/yr mas/yr dimless mag   mag   zeroone float]
# - __serialized_columns__:
#     bp_rp:
#       __class__: astropy.units.quantity.Quantity
#       unit: &id001 !astropy.units.Unit {unit: mag}
#       value: !astropy.table.SerializedColumn {name: bp_rp}
#     g_mag:
#       __class__: astropy.units.quantity.Quantity
#       unit: *id001
#       value: !astropy.table.SerializedColumn {name: g_mag}
#     pm:
#       __class__: astropy.units.quantity.Quantity
#       unit: !astropy.units.Unit {unit: mas / yr}
#       value: !astropy.table.SerializedColumn {name: pm}
#     pmx:
#       __class__: astropy.units.quantity.Quantity
#       unit: !astropy.units.Unit {unit: mas / yr}
#       value: !astropy.table.SerializedColumn {name: pmx}
#     pmx_e:
#       __class__: astropy.units.quantity.Quantity
#       unit: !astropy.units.Unit {unit: mas / yr}
#       value: !astropy.table.SerializedColumn {name: pmx_e}
#     pmy:
#       __class__: astropy.units.quantity.Quantity
#       unit: !astropy.units.Unit {unit: mas / yr}
#       value: !astropy.table.SerializedColumn {name: pmy}
#     pmy_e:
#       __class__: astropy.units.quantity.Quantity
#       unit: !astropy.units.Unit {unit: mas / yr}
#       value: !astropy.table.SerializedColumn {name: pmy_e}
#     r:
#       __class__: astropy.units.quantity.Quantity
#       unit: &id002 !astropy.units.Unit {unit: deg}
#       value: !astropy.table.SerializedColumn {name: r}
#     x:
#       __class__: astropy.units.quantity.Quantity
#       unit: *id002
#       value: !astropy.table.SerializedColumn {name: x}
#     y:
#       __class__: astropy.units.quantity.Quantity
#       unit: *id002
#       value: !astropy.table.SerializedColumn {name: y}
# schema: astropy-2.0
x y pmx pmy pmx_e pmy_e pm_corr g_mag bp_rp filter memberprob r pm member_prob_GMM
[from data line 2442]
0.03360845 0.02488552 -0.9746709 -0.01259872 1.90648 1.478268 0.2619298 20.11164 3.146177 0 0.0 0.04181885958599182 0.9747523229274442 1.0
0.01698502 -0.0233716 -6.855814 -4.682898 1.444664 1.407141 0.6581376 19.7722 2.128431 0 0.0 0.028891566087015774 8.302512829318603 1.0
-0.006016072 0.009836689 0.6923101 -4.951994 1.629471 1.447535 0.03349096 20.24762 2.983461 0 0.0 0.011530549544228365 5.000153782694889 1.0
0.03628885 0.03079348 -6.304025 -6.490883 1.786596 1.250264 0.1476021 20.22429 3.063608 0 0.0 0.04759326680143841 9.048330968765123 1.0
0.01155486 -0.01349261 8.369728 1.778963 0.9623453 0.7603984 -0.03311047 18.87493 3.256927 0 0.0 0.01776415813461758 8.5566965675635 0.0
0.01072318 -0.01343529 -6.540013 -0.5605469 1.255537 1.073053 0.561137 19.14478 3.008726 0 0.0 0.01718992747793021 6.563991382327418 1.0
0.003214152 0.0494658 4.117522 -5.380913 2.61755 1.820863 0.1341703 20.5344 2.569313 0 0.0 0.04957011340232241 6.775559912955755 1.0
0.009528377 -0.006074706 1.543129 0.0909785 0.1728907 0.1621618 -0.2443308 15.85356 2.803666 1 0.0 0.011300089435069308 1.545808590383444 0.0
0.04529432 -0.005095317 0.09154652 -3.692909 2.453176 2.073044 0.2090081 20.21208 nan 0 0.0 0.0455800140367781 3.6940435362357484 1.0
0.03071864 0.01365033 -6.123236 -5.995621 1.598311 1.141069 0.5041332 19.37169 3.56447 0 0.0 0.033614972148709274 8.569801064630205 1.0
-0.004638095 0.006876563 -1.414504 -5.75516 2.362912 2.074554 0.6716463 20.0034 2.695635 0 0.0 0.008294518908411385 5.9264397568536875 1.0
-0.008381368 0.005264592 -4.42028 -3.674601 1.947047 1.66934 0.6767565 19.9837 2.125444 0 0.0 0.009897639035542163 5.748179519430565 1.0
-0.005365898 0.005426939 2.636887 -1.475093 2.576338 1.991782 0.108032 20.52674 2.744396 0 0.0 0.007631810286958462 3.0214354882105297 0.0
0.03602851 0.02996961 -7.269788 -1.586515 2.601187 2.119437 0.06037871 20.40747 1.983 0 0.0 0.04686396330201064 7.440890229681459 1.0
0.028378 0.01092166 -1.245148 -2.995227 1.239725 0.8815516 0.5502608 19.19397 2.063515 0 0.0 0.03040712977503138 3.2437290767622686 1.0
0.02140935 0.004667416 1.941224 -2.239238 0.404582 0.3162219 -0.2805525 16.74256 4.919395 0 0.0 0.021912212109678843 2.9635346191364125 1.0
0.0360513 0.02166691 -12.23862 1.45051 0.3631499 0.28516 -0.02493941 17.97908 2.004953 0 0.0 0.04206127935094343 12.324276804928555 0.0
-0.003858336 0.009777676 -2.195267 -3.041219 1.029218 0.8923568 0.6488429 19.19078 2.354326 0 0.0 0.01051140830954026 3.7507612836929516 0.0
0.004511618 -0.01097431 -7.628681 -3.973621 1.887163 1.391441 0.4805854 19.44926 3.586597 0 0.0 0.01186550365361808 8.601536935420437 0.0
0.03079288 0.002286323 -7.576024 -3.773524 0.6491314 0.5146514 0.0397807 19.04946 3.148642 0 0.0 0.030877641288717783 8.463783021034507 1.0
0.0378984 0.02437271 -6.382855 -4.404985 1.801348 1.597599 -0.08073005 20.29249 2.852297 0 0.0 0.04505904698619468 7.755303398400994 1.0
0.01049153 0.006672001 -1.553279 -2.026964 0.2849044 0.209541 0.1710249 17.60284 2.370821 0 0.0 0.012433334190188125 2.5536755293374687 0.0
0.03261308 0.003929838 -7.366067 -2.424907 1.586365 1.317963 0.3291651 20.07981 2.436394 0 0.0 0.03284899715048611 7.754941457363685 1.0
0.01769129 0.0008725724 -4.445541 -3.199601 0.6752191 0.5573899 -0.08084866 19.13165 3.384062 0 0.0 0.017712795500918022 5.477251257873971 1.0
0.03366177 0.02853998 -2.405381 -5.897207 2.100758 1.665688 0.1221569 20.11372 nan 0 0.0 0.044132133620903714 6.368901644397565 1.0
0.01584549 -0.0003706867 -0.1842117 -0.9034058 2.35056 1.63568 0.5816778 19.97021 1.943354 0 0.0 0.015849825297764544 0.9219956561126142 0.0
-0.006899107 -0.001716183 -2.581412 -11.17386 2.770838 2.092187 0.3116948 20.53916 2.071516 0 0.0 0.007109357318839587 11.468166166102757 0.0
0.01678832 0.03881944 2.453765 -1.904845 1.439616 1.15563 0.337214 20.01412 1.962032 0 0.0 0.0422941675687795 3.1063478796248822 1.0
0.009659832 0.008329577 1.383609 0.9094345 1.415863 1.071931 0.02515679 20.06163 2.631918 0 0.0 0.01275516394513034 1.6557309487568475 0.0
0.006798857 -0.01050905 6.166053 3.6602 2.183692 2.118557 0.4702718 19.95065 nan 0 0.0 0.012516572550380915 7.170583911984364 1.0
-0.008928211 0.01504924 -2.77318 -3.888717 0.7269949 0.5789799 0.1647469 19.1314 2.419128 0 0.0 0.01749835924417261 4.776258705146634 1.0
0.03417702 0.01547827 -0.818145 -1.44324 0.4792512 0.3711527 -0.04731668 18.33328 nan 0 0.0 0.037518602562906046 1.6590066119895364 1.0
0.008441448 0.04638893 -7.457988 -6.632559 3.437948 2.032379 0.1496624 20.54527 2.156832 0 0.0 0.04715072503028563 9.98060238145098 1.0
-0.008176144 0.03652033 -1.64221 0.02769918 1.386389 1.188267 0.3642496 19.82517 2.201109 0 0.0 0.03742437486475406 1.642443584624042 1.0
0.03154275 -0.009459382 -5.212434 -5.317063 1.502293 1.395934 0.6415585 19.68564 2.625954 0 0.0 0.03293060863975071 7.445846301819895 1.0
-0.03163007 0.03097829 -2.61633 -0.9389392 1.729587 1.513533 0.08151574 20.30934 2.416399 0 0.0 0.04427319481954064 2.7797103248713957 1.0
0.02372061 -0.004442641 -7.045896 -4.039362 1.934155 1.556821 -0.03712751 20.06825 3.516291 0 0.0 0.02413305612281588 8.121643664299734 1.0
-0.01659642 0.007897539 -4.123486 0.5982268 2.0023 1.74473 0.641288 19.9853 nan 0 0.0 0.018379670265620138 4.166654784888501 1.0
0.01613561 0.02381635 0.3582864 -4.771752 2.203264 1.887713 -0.1672701 20.40129 1.592457 0 0.0 0.02876762828935677 4.785184039713515 1.0
-0.001050679 0.009251322 -4.78026 -3.62621 0.252734 0.187612 0.09472604 15.82688 4.326277 1 0.9192344 0.009310794010648339 6.000023719261449 1.0
-0.01477901 0.02258824 -3.31276 -4.503527 2.094626 1.747113 0.6470874 19.97621 nan 0 0.0 0.026993475561285174 5.59071858148208 1.0
0.02296882 0.003682853 1.779427 -2.034583 0.7991105 0.5861651 0.1817115 17.34284 4.860904 0 0.0 0.023262203214915157 2.702940700832706 1.0
-0.0161847 0.03224682 0.1151815 -6.386174 2.0793 1.709339 0.04121643 20.3698 2.256598 0 0.0 0.0360804921557675 6.38721262650761 1.0
-0.004275143 0.02850591 -1.790129 -0.8101179 0.4876933 0.3756032 0.1405947 16.91771 nan 0 0.0 0.028824707328931356 1.964905302690542 1.0
0.0169954 0.0335513 -3.428685 -1.346698 1.388057 1.233169 0.6335556 19.63562 2.498945 0 0.0 0.03761028254148059 3.683677012501096 1.0
0.003732238 -0.002246245 17.66638 7.728591 2.017365 1.668832 0.4678393 19.43297 2.673399 0 0.0 0.004356055221030721 19.28294845581663 0.0
