data/gcs/Arp_2.ecsv
# %ECSV 0.9
# ---
# datatype:
# - {name: x, unit: deg, datatype: float64}
# - {name: y, unit: deg, datatype: float64}
# - {name: pmx, unit: mas / yr, datatype: float64}
# - {name: pmy, unit: mas / yr, datatype: float64}
# - {name: pmx_e, unit: mas / yr, datatype: float64}
# - {name: pmy_e, unit: mas / yr, datatype: float64}
# - {name: pm_corr, datatype: float64}
# - {name: g_mag, unit: mag, datatype: float64}
# - {name: bp_rp, unit: mag, datatype: float64}
# - {name: filter, datatype: int64}
# - {name: memberprob, datatype: float64}
# meta: !!omap
# - comments: [deg deg mas/yr mas/yr mas/yr mas/yr dimless mag   mag   zeroone float]
# - __serialized_columns__:
#     bp_rp:
#       __class__: astropy.units.quantity.Quantity
#       unit: &id001 !astropy.units.Unit {unit: mag}
#       value: !astropy.table.SerializedColumn {name: bp_rp}
#     g_mag:
#       __class__: astropy.units.quantity.Quantity
#       unit: *id001
#       value: !astropy.table.SerializedColumn {name: g_mag}
#     pmx:
#       __class__: astropy.units.quantity.Quantity
#       unit: !astropy.units.Unit {unit: mas / yr}
#       value: !astropy.table.SerializedColumn {name: pmx}
#     pmx_e:
#       __class__: astropy.units.quantity.Quantity
#       unit: !astropy.units.Unit {unit: mas / yr}
#       value: !astropy.table.SerializedColumn {name: pmx_e}
#     pmy:
#       __class__: astropy.units.quantity.Quantity
#       unit: !astropy.units.Unit {unit: mas / yr}
#       value: !astropy.table.SerializedColumn {name: pmy}
#     pmy_e:
#       __class__: astropy.units.quantity.Quantity
#       unit: !astropy.units.Unit {unit: mas / yr}
#       value: !astropy.table.SerializedColumn {name: pmy_e}
#     x:
#       __class__: astropy.units.quantity.Quantity
#       unit: &id002 !astropy.units.Unit {unit: deg}
#       value: !astropy.table.SerializedColumn {name: x}
#     y:
#       __class__: astropy.units.quantity.Quantity
#       unit: *id002
#       value: !astropy.table.SerializedColumn {name: y}
# schema: astropy-2.0
x y pmx pmy pmx_e pmy_e pm_corr g_mag bp_rp filter memberprob
[from data line 163]
0.0418596 0.00689992 -10.09202 -3.619784 0.1247612 0.09956771 0.1101436 15.96835 0.9732685 1 0.0
-0.007653204 0.02600495 -1.982647 -5.081997 0.1233278 0.1033105 0.05067717 16.34771 1.193688 1 0.0
0.01876583 0.0211378 -1.51697 -8.252572 0.6659682 0.6097848 0.286013 19.13023 0.7865829 0 0.0
0.0277686 0.002157543 -1.661786 -1.107515 0.4624514 0.4113243 0.2641175 18.66148 1.169415 1 0.9759366
0.031623 0.03176033 2.020908 -2.60797 0.8189075 0.7036472 0.2663802 19.40161 1.039967 1 1.926217e-06
0.04675314 -0.003403887 -2.786373 -1.546347 0.3205931 0.2558459 0.1885483 17.95866 0.7376385 1 0.9778462
0.01986259 -0.02566875 -3.067852 -1.680406 0.5750782 0.5112425 0.1086288 18.62798 1.134148 0 0.0
0.03083059 0.02496852 0.362522 -5.600506 0.606053 0.5693473 0.2577158 18.88327 0.8229885 1 0.0
0.01086205 0.004087303 -2.00534 -1.33023 0.1559653 0.1486426 0.2285638 16.84761 1.274704 1 0.9944673
-0.007864435 0.03227629 1.178046 -8.773846 0.8238023 0.7560516 0.1866772 19.6461 1.155216 1 0.0
0.02815541 -0.02633836 -0.3219597 -0.5274929 1.624956 1.652128 0.5069177 20.17415 0.2771721 0 0.0
0.01974148 0.02650107 -3.332269 -1.687061 0.5343757 0.4773763 0.2242542 18.61329 1.161213 1 0.9482596
-0.02901012 0.007142992 -2.00223 -2.145937 0.3761944 0.3459166 0.0651418 18.27341 0.3037376 1 0.9486445
-0.02831537 -0.02746374 -2.306712 0.1903329 0.8990665 0.8449626 0.2965592 19.50236 1.13332 0 0.0
-0.02434794 0.00418978 -1.984486 -1.624299 0.7787031 0.6970066 0.07961643 19.47006 0.9323959 1 0.9766919
-0.0146818 -0.003536868 1.439667 3.053502 0.371745 0.3312293 0.1076174 18.05782 1.06246 0 0.0
-0.02218323 -0.01887146 -2.141322 -1.476155 0.2134746 0.1844171 0.1459156 17.29078 1.241005 1 0.9967145
0.02719851 0.03552867 2.878599 -6.337974 0.7247577 0.6544272 0.3608976 19.21959 1.264137 1 0.0
0.03029698 0.0030151 1.253553 -8.526793 0.5110114 0.4542581 0.2780368 18.78518 0.769865 1 0.0
0.03527104 -0.005903423 8.677437 -3.459707 0.388892 0.3472085 0.2613687 18.31203 0.9387112 1 0.0
0.003884356 0.03170051 3.134112 -6.207006 0.7689677 0.6939491 0.146154 19.54377 1.195562 0 0.0
-0.005624101 0.01121551 -3.65412 -2.152912 0.7902722 0.6996292 0.1694724 19.37099 1.056744 1 0.9655131
0.005412648 0.03944046 -1.760097 0.9924627 0.5243349 0.4972033 0.1613209 18.85098 0.8361435 1 0.002369374
-0.02532174 0.001874012 -6.632081 1.339304 3.460854 3.102446 -0.01330346 20.70382 0.9372616 0 0.0
0.007230034 0.03417415 0.9027386 -2.095948 1.313787 1.312783 0.2214953 20.21676 1.078812 1 0.3021098
0.003778675 0.02363816 -0.4243077 -1.373575 0.7320278 0.6506641 0.3589561 19.27052 1.007755 1 0.7213814
-0.009493006 -0.01587487 -0.9262055 -1.526485 0.4198491 0.3662272 0.1634531 18.03483 1.045361 0 0.0
-0.04258495 -0.02611469 -5.800055 -12.81322 0.752689 0.6835448 0.1346947 19.4561 1.354948 1 0.0
-0.001989692 0.01573416 0.9035811 -4.302565 1.572003 1.2457 0.1751358 20.10668 0.3440857 0 0.0
-0.008179954 0.02518475 -4.820425 -0.8125842 2.732126 2.050797 -0.1602065 20.32127 0.6020126 0 0.0
-0.01839123 -0.02228482 -2.559713 -1.489727 0.2250829 0.1960802 0.1393412 17.45874 1.193581 1 0.9972049
-0.0202865 -0.02391217 -0.6452162 -6.13048 0.5636732 0.4731311 -0.002058335 18.63749 0.9062366 1 0.0
0.01696989 -0.00683123 -1.668094 0.7881151 1.615161 1.551839 0.2817343 20.35116 0.9944286 0 0.0
0.04572494 -0.005987859 -2.890317 -1.595404 0.3027787 0.2563772 0.2343447 17.92718 0.8244095 1 0.96742
0.0364576 -0.001602786 -2.33856 -1.426686 0.09754827 0.07650382 0.08815545 15.73498 1.36149 1 0.9989903
0.008068968 -0.01489245 -4.898985 -1.907804 1.641298 1.490332 0.06897981 20.27102 1.099384 0 0.0
-0.02326759 0.001630381 -1.948654 -1.560133 0.2893338 0.248569 0.01801865 17.92395 1.170462 1 0.9933726
-0.03459215 0.003820484 -2.218311 -0.8910563 0.5200578 0.5037553 0.1915152 18.85238 0.9946404 1 0.9715274
0.004753813 0.03489528 -4.039606 -0.6468784 0.2683882 0.2266796 0.05644697 17.78095 0.9043903 1 0.0
-0.001357653 0.02132079 -1.711724 -0.7396395 0.7281599 0.6603063 0.1709185 19.47669 0.9574318 0 0.0
0.002355429 -0.01248317 0.60237 -0.1365029 1.70467 1.663011 0.4358089 19.99972 0.9224834 0 0.0
-0.009124674 -0.01283642 -2.07873 -1.577303 0.4311961 0.3858786 0.2034032 18.56638 1.048279 1 0.9951307
0.00791182 -0.004608016 -3.1572 -2.351071 1.159846 1.167456 0.2542422 19.91096 0.9074745 0 0.0
-0.008837469 0.01407438 -2.713673 -3.74387 1.984369 2.095532 0.429288 20.44064 0.5703812 0 0.0
0.03471165 -0.02394674 -3.181187 -5.744214 0.6614203 0.6068206 0.202691 19.17294 1.069925 1 0.0
-0.002411025 0.01257176 -2.516311 0.5765443 3.222359 2.433342 -0.2290147 20.71091 0.4328346 0 0.0
0.02648781 0.03764793 1.958113 -4.513008 0.4788986 0.431848 0.2554089 18.63953 1.009747 1 0.0
-0.02818878 -0.009948519 3.66495 -4.164236 0.5560726 0.5318721 0.1664746 18.96301 0.761673 0 0.0
0.03282634 0.006651598 -3.730257 -1.523519 1.05415 0.9207496 0.2664999 19.80855 1.050165 1 0.907173
-0.009889712 0.001533466 -2.131576 -0.5409433 0.6139101 0.5730544 0.3091173 19.08345 1.032909 0 0.0
-0.008571168 -0.01928893 -2.787339 -2.437164 1.233048 1.060827 0.1062844 19.64138 1.016691 0 0.0
-0.02468441 -0.01912573 0.5852147 -3.073751 0.3849075 0.3652866 0.2414744 18.35385 0.7576046 1 0.0
-0.04385198 -0.01866515 -6.586872 -4.094102 2.55658 1.99884 -0.25112 20.33492 0.7396641 1 0.170125
0.01552847 0.03634947 5.83608 -11.36212 0.5238642 0.411606 0.1726023 18.59162 2.214832 1 0.0
-0.002174503 0.03575368 2.226521 -10.21589 1.114146 1.013422 0.139406 19.95165 1.992037 0 0.0
-0.004280654 0.005226499 -2.385884 -1.084744 0.1693736 0.1493262 0.04064127 16.84625 1.189817 1 0.9893253
0.007701627 0.001337206 -7.534095 -2.20201 2.58761 2.101116 -0.1526103 20.58233 0.7969265 0 0.0
-0.01054856 0.006065258 -3.550783 -2.642445 2.350433 1.74773 -0.3432821 20.26093 0.8874493 0 0.0
0.001275908 -0.009950188 -2.177873 -1.942652 1.047246 0.9035454 0.1098949 19.62234 0.8924923 0 0.0
0.02236903 -0.002176477 -2.907549 -1.990521 0.4451904 0.4291852 0.298831 18.7143 1.007713 1 0.9854422
-0.008204382 0.002367133 3.434932 -0.2648922 2.98684 2.422157 0.03602179 20.41683 1.566154 0 0.0
0.01723353 -0.004975425 -2.879992 -1.986259 0.4083786 0.374492 0.1599016 18.20142 0.4335289 0 0.0
-0.01199664 0.002965649 -2.206343 -1.357761 0.3662543 0.3569314 0.173151 18.31273 0.3036118 1 0.9971935
0.04028543 0.02141741 4.444959 -1.462413 1.233905 1.048302 0.2537904 19.93882 1.069578 0 0.0
0.002776354 -0.02531582 -3.001982 -1.595124 0.4263359 0.4035192 0.2325875 18.54218 1.120296 1 0.9848829
0.008963447 -0.02295299 -16.78093 -15.72065 2.695557 2.051772 -0.2337992 20.49083 1.92415 0 0.0
-0.01015291 9.529838e-05 -2.387307 -1.534642 0.2853556 0.2432642 0.09747365 17.78887 1.188345 1 0.9987595
-0.011128 0.006547753 -2.648495 -1.485125 0.3311545 0.3247874 0.2159679 18.15426 0.3320026 1 0.9972734
-0.00999525 0.003498025 -2.8604 -1.370385 0.2587589 0.2432087 0.2991866 17.59157 1.215656 1 0.9925819
0.02091674 -0.02067553 -2.491649 -1.616756 0.4371523 0.4106117 0.2598942 18.39392 1.130589 1 0.9907908
0.01734068 0.005284184 -3.162339 -2.61166 0.75368 0.7724136 0.4439535 18.90665 1.129242 0 0.0
-0.01241828 0.005239156 -2.17927 -1.538484 0.2241881 0.2046508 0.1544088 17.66358 1.199137 1 0.9986398
0.01483356 -0.02943678 2.768081 -7.005925 0.6653274 0.5856939 0.1421714 19.18789 1.074081 1 0.0
0.04612466 0.004056053 -5.96433 -19.60194 1.810392 1.756807 0.5327902 20.1403 1.75633 0 0.0
0.0005121998 -0.02929451 -2.44895 -1.447571 1.591298 1.564387 0.2578409 20.39365 0.8647213 0 0.0
-0.01820849 -0.01393251 -1.792084 -0.9346378 1.4765 1.392564 0.1726398 20.05002 nan 0 0.0
0.01098808 -0.04608551 0.8348299 -3.896388 0.376679 0.3218645 0.1487772 18.07145 0.8615818 1 0.0
0.04508577 -0.02158586 -2.56946 -1.463627 1.420433 1.515849 0.453248 20.23139 1.216261 1 0.7673807
0.04905016 0.008664692 0.2497477 -2.923066 1.077508 0.9105464 0.2425329 19.6431 1.798471 0 0.0
-0.0005672074 -0.02261688 -2.66822 -3.017684 1.072985 1.037998 0.257148 19.82514 0.8316517 0 0.0
-0.04079622 -0.02251476 -2.835863 -1.825655 0.7152638 0.656782 0.1658941 19.41378 1.013784 1 0.9208065
-0.0169731 -0.001658501 -4.073727 -1.104865 2.530272 1.968808 -0.01026026 20.31576 0.3978481 0 0.0
-0.002146346 -0.04686693 3.293666 -16.42843 1.202708 1.098575 0.2358122 20.07591 2.311308 0 0.0
0.006016402 0.004116331 -1.340496 -0.193571 0.7266179 0.7043364 0.2831725 19.30169 nan 0 0.0
-0.01704891 -0.01996143 -6.687252 -5.585698 3.6193 2.858928 -0.2187341 20.74464 0.4163971 0 0.0
-0.001172945 -0.006207969 -2.179595 -0.7701942 0.6123166 0.5814482 0.3123141 19.08359 1.079355 0 0.0
-0.002304788 -0.02507357 -6.605102 -0.3502219 2.956916 2.344334 -0.1023292 20.59591 0.8473988 0 0.0
-0.04461747 -0.01438159 -2.043257 -7.026552 2.717462 2.017852 -0.3201834 20.56455 2.061943 0 0.0
0.0206138 0.04105015 -4.290521 -4.604335 0.7591411 0.5724625 0.1599419 19.12971 0.9316502 1 2.650196e-05
0.02336913 -0.00455136 -2.571266 -1.471529 0.2760601 0.2450008 0.2306693 17.92273 1.121201 1 0.9970779
-0.02339674 -0.008907751 -1.949997 -2.85029 2.589983 1.936464 -0.3156589 20.47106 0.6021709 0 0.0
-0.01320606 -0.01162382 -2.343585 -1.356926 0.1884856 0.1623021 0.1232444 17.10808 1.233973 1 0.9989233
0.003251036 -0.001458718 -2.102177 -1.546524 0.316034 0.2881851 0.1187395 17.98092 1.127232 1 0.9980384
-0.00812211 -0.0369662 -5.955387 -4.623273 0.2130916 0.20513 0.2865004 17.40759 1.01548 1 0.0
0.0279281 0.007372189 -0.6485541 -1.797254 0.9946908 0.76607 0.07621285 19.50246 0.9760418 0 0.0
-0.02057852 -0.01243571 -2.247105 -1.397706 0.1424086 0.1284533 0.1987831 16.38056 1.305306 1 0.9988574
0.004539508 -0.04176104 6.796896 -3.689555 2.253505 1.877031 0.03907322 20.50431 1.915113 0 0.0
0.001091684 -0.001431967 -2.070359 -7.254355 4.92019 3.506392 -0.222641 20.88594 1.208225 0 0.0
-0.04126847 -0.02642884 6.793098 -6.564412 0.9985379 0.9233051 0.181741 19.85829 1.597914 1 0.0
-0.009174214 -0.04607388 -4.060373 -1.982922 2.733086 2.133168 -0.1641197 20.46068 0.8164978 1 0.5667018
-0.03160934 -0.0177182 -2.353091 -6.587782 0.1822288 0.1637128 0.1352247 17.24659 1.05789 1 0.0
0.04469187 -0.0193579 -2.011616 -3.46924 0.5894392 0.5923186 0.3749972 19.07787 1.280251 1 0.02594996
-0.01328276 -0.02850005 -2.850596 -0.4816058 2.587695 1.941477 -0.2836623 20.33516 0.7956944 0 0.0
-0.02520925 -0.02584164 -4.818482 -7.752703 2.866813 2.316813 -0.1760065 20.63666 0.692812 0 0.0
-0.03213572 -0.018323 -2.538559 -1.503212 0.2931231 0.2633297 0.1411674 18.01436 0.3828773 1 0.9930576
0.0165479 -0.01077746 0.05623918 -1.607398 1.205661 1.160763 0.2437994 19.95906 0.7965431 0 0.0
-0.02095158 0.008247497 -2.369272 -0.736995 0.6393866 0.5543002 -0.02964016 19.11131 1.016792 1 0.9793059
0.04675931 0.009514584 -2.549871 -6.799861 0.3258319 0.2903425 0.4256639 17.88042 1.390078 1 0.0
0.01025684 0.008869091 -1.449891 -1.90685 0.5427098 0.5090057 0.2939282 18.99802 1.027775 1 0.9583989
0.01036202 0.007314591 -4.988317 -6.405082 0.4090786 0.4051898 0.3254165 18.5437 0.8715382 1 0.0
-0.01857376 -0.03158128 -6.672719 -1.987054 3.452949 2.692062 -0.01488832 20.60455 0.7680149 0 0.0
-0.003305294 -0.02292784 1.693297 -6.792118 0.4318643 0.4063933 0.2205923 18.53654 1.148657 1 0.0
0.0131206 -0.04254383 8.038789 4.191265 1.578662 1.474178 0.1528918 20.26603 2.596521 0 0.0
0.001170814 0.009352181 -2.711384 -1.453034 0.3118569 0.3779127 0.6069489 17.63984 1.186678 1 0.9962639
-0.01575474 -0.04519353 0.7734722 -7.762367 2.146988 1.646385 -0.2526357 20.21393 1.459475 0 0.0
0.007305128 -0.01852589 -3.717321 -3.278458 1.996806 1.710488 0.1471142 20.35886 1.184601 0 0.0
0.008305504 -0.01999654 1.205559 0.8842546 0.6905604 0.6345519 0.1042774 18.99355 1.812963 0 0.0
-0.01465036 -0.03762881 1.51887 -10.28723 3.057032 2.366841 -0.172086 20.53137 0.5458298 0 0.0
0.03052839 -0.01495029 7.438523 -1.692444 0.6585342 0.5926039 0.2480672 19.19769 nan 0 0.0
0.004859463 0.04047618 -2.608686 -0.6866967 0.4734108 0.4500638 0.1534176 18.68146 1.070776 1 0.9203286
0.02268128 -0.01834896 -0.908015 -2.157149 2.298396 1.7764 -0.2234498 20.373 0.9993954 0 0.0
0.0421649 -0.01799683 0.8668057 -4.827524 0.5892186 0.6033702 0.4257649 19.00882 0.7714214 1 0.0
0.00438284 -0.01347315 -2.051523 1.08543 2.570169 2.023231 -0.1598211 20.36599 0.6835384 1 0.9156142
-0.00854507 -0.01665679 -2.448007 -5.349224 0.2563644 0.2256048 0.1762162 17.70189 1.074242 1 0.0
-0.02081717 -0.004587023 -2.118475 -2.539308 1.107848 0.9997925 0.1082596 19.95332 0.6239433 0 0.0
0.03010718 -0.01470411 -1.907167 -1.718702 0.3248448 0.2858856 0.1124261 17.98732 0.5142612 0 0.0
0.0007489815 -0.04922439 0.4890486 0.4308659 0.5274381 0.4861904 0.2307392 18.68704 1.415792 1 8.614265e-06
0.01197004 0.01974269 -2.349472 -1.404061 0.1559995 0.1332998 0.2441543 16.60586 1.218862 1 0.9991127
-0.01318262 0.00982623 -2.250698 -2.796476 1.175247 1.091391 0.1427077 20.08972 0.7589569 0 0.0
-0.02977211 0.001380663 -4.849012 -6.685594 2.275272 1.867262 -0.1655286 20.4989 0.9107056 0 0.0
-0.04338267 -0.008260352 0.1415031 -1.380376 0.4269085 0.412163 0.2000646 18.64001 1.141296 1 1.959117e-05
-0.002937618 0.007465776 -3.075326 -3.15172 1.28611 1.255305 0.2917837 20.01422 0.6331139 0 0.0
-0.03079413 -0.0145422 -2.8739 -7.079504 0.2996945 0.2603688 0.06686058 17.79934 1.119471 1 0.0
-0.02300047 -0.01444278 -1.571911 -0.1083007 1.18468 1.11536 0.282419 19.91764 0.9343147 0 0.0
0.01873326 -0.01139393 2.608504 -4.256693 0.9418394 0.8947334 0.2136991 19.73656 0.7494907 0 0.0
0.004912308 0.0435718 -1.609574 -2.564983 0.44859 0.4177285 0.1251903 18.54557 1.082134 1 0.2981728
0.02981672 -0.01742772 -2.338665 -6.593743 0.8617845 0.7438527 -0.01411618 19.46282 0.9318581 1 0.0
0.01723263 -0.01011573 -3.883747 -4.33967 1.086122 1.018766 0.1882386 19.88744 1.412695 0 0.0
0.04000634 -0.01696596 0.4060318 -3.26011 1.07619 1.142782 0.5949615 19.70009 2.130901 1 0.00101868
-0.0358014 -0.00209464 -6.277668 -7.440058 2.872992 2.226996 -0.3631645 20.60255 0.8432961 0 0.0
0.04394212 0.01133741 -0.7738105 -7.98952 0.1911049 0.1556028 0.1615686 17.09246 1.173147 1 0.0
0.01789511 0.01287915 5.485891 -5.07247 1.370993 1.210092 0.3117194 20.07663 0.9335251 0 0.0
0.0298521 0.01223155 1.334341 -5.813762 0.3962334 0.3505852 0.2384579 18.37922 0.9182034 1 0.0
-0.01628838 -0.001952116 -1.970199 -4.316769 2.382527 1.824454 -0.2158663 20.34599 0.6917057 0 0.0
0.03608928 -0.0006432531 -3.346222 -5.069952 0.4178051 0.3682969 0.2464143 18.4763 0.9909534 1 0.0
-0.03392927 -0.0091607 0.9012235 -6.80816 0.6439667 0.5816333 0.1182507 19.10264 1.146093 1 0.0
0.01741152 -0.04058947 0.7094116 -5.790034 1.227901 1.105409 0.256751 19.8001 0.977396 0 0.0
-0.03579965 -0.006874455 1.397655 -8.047088 0.7246158 0.6395839 0.08385282 19.22422 1.799677 0 0.0
0.00182937 0.0170674 -2.144865 -0.8406505 0.6302424 0.6156102 0.3696658 19.09426 1.191233 1 0.9880741
0.02760709 -0.01024781 -8.528911 -2.656368 0.30216 0.26919 0.2266819 18.09635 1.274595 1 0.0
-0.006598328 0.007631537 0.2485925 -3.646256 1.096346 1.030393 0.1830136 19.75631 0.989212 0 0.0
0.04670083 -0.002654274 -0.8866034 -6.006267 0.2572452 0.218681 0.2403322 17.62174 0.8100014 1 0.0
-0.004728766 0.01372562 -2.193692 -1.563436 0.7103633 0.6589893 0.1760825 19.47705 1.037848 1 0.9898094
-0.03637949 -0.005434621 -2.272627 -1.747027 0.2547753 0.2329295 0.1421053 17.73141 0.9993763 1 0.9912665
-0.01742065 -0.002320429 -8.788999 -4.719366 3.62996 3.258681 -0.1287728 20.68874 0.8480701 0 0.0
-0.02936941 -0.02418532 6.089612 -4.076857 0.7411663 0.6818842 0.238227 19.32092 nan 0 0.0
-0.02071589 0.01453035 -1.382137 -3.011859 1.629507 1.691107 0.2444128 20.27813 0.2823429 0 0.0
-0.00888956 0.007629448 -1.456873 0.1756235 1.116071 1.119923 0.2556422 19.93384 0.5655308 0 0.0
0.03271508 -0.01102567 -6.028665 -8.288276 0.5703511 0.5269186 0.2835232 19.10964 0.9654465 1 0.0
-0.01115525 0.01462728 -0.1970761 -0.2558289 3.185615 2.707499 -0.3623227 20.62578 0.004442215 0 0.0
-0.01383935 -0.002100512 -0.3012244 -11.98796 0.9710882 0.936757 0.3265679 19.80729 0.586771 0 0.0
