data/gcs/Arp_2.ecsv
# %ECSV 0.9
# ---
# datatype:
# - {name: x, unit: deg, datatype: float64}
# - {name: y, unit: deg, datatype: float64}
# - {name: pmx, unit: mas / yr, datatype: float64}
# - {name: pmy, unit: mas / yr, datatype: float64}
# - {name: pmx_e, unit: mas / yr, datatype: float64}
# - {name: pmy_e, unit: mas / yr, datatype: float64}
# - {name: pm_corr, datatype: float64}
# - {name: g_mag, unit: mag, datatype: float64}
# - {name: bp_rp, unit: mag, datatype: float64}
# - {name: filter, datatype: int64}
# - {name: memberprob, datatype: float64}
# meta: !!omap
# - comments: [deg deg mas/yr mas/yr mas/yr mas/yr dimless mag   mag   zeroone float]
# - __serialized_columns__:
#     bp_rp:
#       __class__: astropy.units.quantity.Quantity
#       unit: &id001 !astropy.units.Unit {unit: mag}
#       value: !astropy.table.SerializedColumn {name: bp_rp}
#     g_mag:
#       __class__: astropy.units.quantity.Quantity
#       unit: *id001
#       value: !astropy.table.SerializedColumn {name: g_mag}
#     pmx:
#       __class__: astropy.units.quantity.Quantity
#       unit: !astropy.units.Unit {unit: mas / yr}
#       value: !astropy.table.SerializedColumn {name: pmx}
#     pmx_e:
#       __class__: astropy.units.quantity.Quantity
#       unit: !astropy.units.Unit {unit: mas / yr}
#       value: !astropy.table.SerializedColumn {name: pmx_e}
#     pmy:
#       __class__: astropy.units.quantity.Quantity
#       unit: !astropy.units.Unit {unit: mas / yr}
#       value: !astropy.table.SerializedColumn {name: pmy}
#     pmy_e:
#       __class__: astropy.units.quantity.Quantity
#       unit: !astropy.units.Unit {unit: mas / yr}
#       value: !astropy.table.SerializedColumn {name: pmy_e}
#     x:
#       __class__: astropy.units.quantity.Quantity
#       unit: &id002 !astropy.units.Unit {unit: deg}
#       value: !astropy.table.SerializedColumn {name: x}
#     y:
#       __class__: astropy.units.quantity.Quantity
#       unit: *id002
#       value: !astropy.table.SerializedColumn {name: y}
# schema: astropy-2.0
x y pmx pmy pmx_e pmy_e pm_corr g_mag bp_rp filter memberprob
[from data line 325]
-0.01405191 0.01105635 -2.909735 0.247625 0.8950567 0.8115274 0.09427721 19.61367 0.9313202 0 0.0
0.01396709 -0.01338631 -2.577712 -0.3870783 0.8895184 0.8238009 0.2686679 19.66079 0.9872761 0 0.0
0.01225581 -0.01184685 -3.351516 -3.125993 0.771779 0.7347407 0.3216579 19.42766 1.047663 1 0.8847075
0.003410255 0.03350298 -7.663169 -5.056964 0.9548935 0.8607914 0.1371812 19.83284 1.735199 0 0.0
0.0236171 0.04093503 1.655359 -8.779423 0.8145731 0.7091732 0.2846567 19.45956 2.129757 0 0.0
0.00567619 0.04110556 4.966948 -4.12336 0.4261338 0.4117658 0.1840231 18.59686 0.9697819 1 0.0
-0.005229926 0.02767022 -5.958457 -8.316578 0.5148908 0.482295 0.1553179 18.63556 0.9825459 0 0.0
-0.02342268 -0.01054998 -1.030996 -2.05937 0.7600694 0.6831114 0.1190902 19.48075 0.9531822 0 0.0
-0.008600976 0.02028664 -2.625446 -2.978894 0.8151742 0.760206 0.1827001 19.56255 0.9546833 0 0.0
-0.02145123 0.004867567 -8.940497 -6.844358 0.8799565 0.8390115 0.2318724 19.78625 0.7480412 0 0.0
0.00243557 0.03372426 -3.264862 -0.5187556 1.157055 1.167463 0.2493217 20.09523 nan 0 0.0
0.02762813 -0.02896462 2.613844 -7.588003 2.229249 2.795682 0.7995295 20.24878 1.70747 1 0.0
-0.01073413 0.01716982 -3.083642 -5.747404 1.081639 0.9635807 0.08964594 19.91018 0.7821407 0 0.0
-0.006490728 -0.02634787 -3.172489 -1.935537 1.713465 1.747007 0.3450705 20.44283 0.8761692 1 0.8948737
0.01239392 0.03914037 -1.529862 -0.1507639 1.319194 1.17518 0.1221359 19.99314 0.9008179 0 0.0
-0.007042896 -0.03600863 -0.7742941 0.01786195 2.926381 3.160222 0.06933508 20.53955 0.7157516 0 0.0
-0.03660886 -0.02577467 -4.306584 -9.993302 0.8073857 0.7343799 0.1391593 19.56181 2.133858 1 0.0
-0.003384337 -0.02122267 -3.146489 -1.495499 1.247144 1.226605 0.2744493 20.05467 0.7032509 1 0.9555246
0.03163123 -0.02427757 -3.385317 2.188914 3.074503 2.316797 -0.02103969 20.54168 1.394297 1 0.6546642
0.01745234 0.0407227 -6.697258 -15.35232 1.078381 0.9178039 0.3038317 19.78393 0.8159122 0 0.0
-0.01776094 -0.01358338 -2.023989 -1.212691 0.3273298 0.2881002 0.1658361 17.90824 0.6909027 1 0.993573
-0.009204679 -0.002075171 -5.103939 1.5964 3.004797 2.242334 -0.3302029 20.4346 0.9431305 0 0.0
-0.001567455 -0.0357776 -3.912066 -1.84318 0.2022662 0.171132 -0.04138395 17.10392 0.8981915 1 0.0
0.01999729 -0.01070372 -0.9866438 -11.85197 0.2127203 0.1751711 -0.06868072 17.18238 1.015594 1 0.0
-0.03145547 -0.004959891 1.943601 0.142623 0.3967765 0.3760551 0.1481036 18.33717 0.7981129 1 0.0
-0.003886207 0.01992264 -3.777232 -1.986544 0.6511066 0.6063412 0.1776346 19.34022 0.8445034 0 0.0
0.03073179 -0.03797586 5.78293 -5.87255 2.13356 2.056843 0.104862 20.46703 1.89443 0 0.0
0.01750385 0.03411182 -2.352211 -1.862491 0.4622173 0.3653602 0.1982628 18.31993 0.2588291 1 0.9765382
0.02987275 -0.006418517 -2.350712 -0.9778938 0.402028 0.3796227 0.2707705 18.50707 1.148811 1 0.983896
-0.01186272 -0.01551845 -1.912626 -1.516365 1.856894 1.842545 0.1992059 20.43497 0.6751137 0 0.0
-0.02657982 -0.02007418 -2.091279 -1.35886 1.191628 1.143242 0.3503898 19.895 0.8019753 0 0.0
-0.01628521 -0.02099508 -5.986818 -1.225479 1.473568 1.440956 0.2633266 20.27079 0.6297493 0 0.0
-0.01644332 -0.02017304 -2.92425 -2.799443 1.81889 1.927562 0.480553 20.33731 0.6030807 0 0.0
-0.01994812 -0.004937794 -3.419862 -3.13049 1.362004 1.217116 0.08386232 20.18608 0.6905308 0 0.0
-0.008575127 0.02588852 -5.648067 -4.218652 0.9543534 0.8779081 0.2912846 19.54346 0.7072792 0 0.0
0.02671605 0.005180984 5.332237 -1.566941 1.708603 1.424347 0.1664011 20.26094 1.565184 0 0.0
-0.03917137 -0.003848785 -3.965415 -12.10587 1.056066 0.8331397 -0.175485 19.64281 0.9520016 1 0.0
-0.006937145 -0.04239442 0.6372942 -10.77005 1.136237 1.048411 0.2319821 19.95238 0.842741 1 0.0
0.004700447 0.02073132 -3.714454 -4.883139 0.3684792 0.3151886 0.2873214 18.04237 0.9302387 1 0.0
0.01457577 0.007291166 -2.408533 -1.219378 0.3498764 0.3440369 0.3155823 18.27732 0.3377304 1 0.9964944
0.01328488 0.004159483 -2.509168 -1.752606 0.278217 0.2555 0.273144 17.93643 1.010693 1 0.9978044
0.04919957 -0.008457654 -2.887799 -9.494865 0.6726697 0.5882984 0.2950719 19.17064 0.9794464 1 0.0
0.02418658 4.705913e-05 -2.393612 -3.814713 1.328141 1.227212 0.2580033 20.24886 nan 0 0.0
0.01930828 -0.03294899 -5.226292 -1.643787 2.921529 2.918873 -0.08438204 20.56134 1.087877 0 0.0
0.02532103 0.00811295 -4.751679 -0.6270939 1.504135 1.314489 0.284548 20.25436 0.8784008 1 0.8339551
-0.00641309 -0.005878201 3.448317 7.108058 1.913017 1.681849 -0.006711862 20.28506 1.400082 0 0.0
-0.02336262 -0.0414967 -3.147527 -1.353254 1.686537 1.813526 0.4981625 20.3702 nan 0 0.0
0.03174659 0.00670536 -2.532941 -0.9201341 1.726119 1.502217 0.2133673 20.29129 -0.08934975 0 0.0
0.003302431 -0.03910406 -2.785076 -1.956501 0.4776464 0.4431323 0.1957972 18.52507 1.694672 1 0.9636992
0.01760243 -0.00363844 -1.990971 0.2002107 0.938623 0.8637354 0.236939 19.71696 0.8222446 1 0.9426703
-0.02516535 0.008174025 10.3646 5.486663 1.252072 1.178734 0.1929714 20.12174 nan 0 0.0
0.01492004 0.01978234 -2.300813 -1.016765 0.3106397 0.2578229 0.2001342 17.87134 0.556324 1 0.9879957
-0.02157925 -0.0117016 -2.81799 -5.251893 1.409964 1.419311 0.3141244 20.17482 0.0539341 0 0.0
-0.01512264 -0.04763102 -4.754814 -8.704383 1.226541 1.078427 0.09038571 19.90025 1.499975 1 0.0
0.0177831 -0.02377435 -3.313377 -2.327084 3.975888 2.982173 -0.2784509 20.80441 1.03207 0 0.0
0.03732486 -0.006175028 -2.290264 -0.7168689 0.3742036 0.3296108 0.2472536 18.25282 0.2978516 1 0.9118497
0.04400611 -0.02206411 0.04524069 -3.619341 0.2122263 0.1915268 0.270654 17.44733 1.09478 1 0.0
-0.03934622 -0.02739698 -0.0151328 -4.110505 1.68301 1.765309 0.3587339 20.37946 0.7246304 0 0.0
0.02400108 -0.004721267 -3.954716 -1.925817 1.335616 1.347795 0.3281883 20.26534 0.7758675 0 0.0
0.006569656 0.007358788 -5.565636 -2.697974 1.20516 1.133162 0.2838092 20.08843 0.9234753 0 0.0
-0.02052785 -0.002961901 3.870977 -11.86613 1.006154 0.9002023 0.09734461 19.75157 1.606781 0 0.0
9.100557e-05 -0.004895706 1.999572 0.8345439 1.591208 1.730366 0.5079601 20.32688 nan 0 0.0
0.002803365 -0.001460611 -1.440464 -0.1983078 1.724489 1.890059 0.4505017 20.28413 nan 0 0.0
-0.00762655 0.02198808 -1.34355 -1.422423 0.6301925 0.5877922 0.1819024 19.31196 0.8385754 0 0.0
0.01017591 -0.009641719 -1.04855 -1.112502 0.4771454 0.4765385 0.3384674 18.80556 1.147236 1 0.9047482
-0.009467307 -0.009365082 -1.763579 2.565545 1.292736 1.205601 0.2319046 20.12325 0.9698505 0 0.0
0.0299989 -0.02434954 -0.3324571 -5.608642 0.4546297 0.4592044 0.3944693 18.50033 0.9348831 1 0.0
0.005463501 0.00655014 -1.106735 -2.02121 0.9435955 0.8790716 0.2539619 19.748 1.022226 0 0.0
0.01731736 0.02229011 3.831706 -6.655376 0.5878809 0.5303212 0.2451937 18.72339 0.7749443 0 0.0
0.008306742 -0.005424394 -2.138659 -1.663852 2.001758 1.945677 0.3585992 20.48838 0.7260151 1 0.946683
-0.01658252 0.02441693 -1.159911 -0.2813776 0.8121326 0.7735049 0.2360043 19.67423 1.00882 1 0.8998728
-0.001199254 -0.008098152 -1.479476 1.825296 1.436702 1.280356 0.186226 20.08443 0.8546066 0 0.0
0.002646302 0.03326267 -1.463919 -2.199683 0.8570121 0.7491583 0.08986814 19.46894 0.7145596 0 0.0
0.002487139 -0.01024585 -2.670412 -1.090239 1.546891 1.448427 0.1385942 20.19256 0.4997425 0 0.0
-0.0007779282 -0.01030876 -2.252505 -1.69617 0.289671 0.2461337 0.09616937 17.80782 0.9665871 1 0.9981114
0.01895311 0.03612571 -3.740912 -3.903428 1.268295 1.005984 0.2510008 19.9064 1.008619 1 0.373076
-0.01623587 -0.001021321 -2.236732 -2.114365 1.775503 1.953164 0.3927651 20.46958 1.483749 0 0.0
0.002224649 0.02590604 -3.429359 -6.488047 1.238599 1.11298 0.1436965 20.05285 0.9749565 0 0.0
0.00690839 -0.04403093 -6.143393 -3.686842 1.676708 1.624491 0.1398067 20.38116 0.7801704 0 0.0
0.006382264 -0.03920911 -1.681828 0.7026757 1.571578 1.505578 0.2384771 20.21056 1.864698 0 0.0
-0.01118048 0.004895983 -2.110132 -0.2359702 1.210981 1.223083 0.2420275 20.13728 0.8735123 0 0.0
-0.0102344 0.02394478 -3.033881 -1.010095 0.6021562 0.5583986 0.1763955 19.18434 0.8837051 1 0.9711306
-0.0008567268 -0.03254845 -2.771996 -1.148594 1.028983 0.9364754 0.2134515 19.80407 0.9697628 1 0.9458059
-0.02179307 0.002574859 -1.886404 -0.4978903 0.8105306 0.7168755 0.06631339 19.46305 0.7803612 1 0.96522
-0.01626398 0.009673178 -2.811098 -2.768677 1.740224 1.650444 0.1980355 20.40382 0.2363338 0 0.0
-0.01750016 0.000542487 -1.631806 -1.818904 1.513271 1.54372 0.2768886 20.32659 0.540535 0 0.0
-0.01115209 -0.01314181 5.205151 -4.943358 0.4332891 0.4115811 0.2401483 18.56173 0.9648647 1 0.0
-0.0149409 -0.03125259 -6.998236 -5.002072 3.428879 2.714447 0.04371486 20.73716 0.4333 0 0.0
0.006489809 -0.005290743 -3.745097 -2.932207 0.941761 0.9394579 0.2647706 19.75051 0.8902435 0 0.0
0.04302567 0.02348 -0.3157933 6.510403 0.2853981 0.2367659 0.2032706 17.86358 1.34358 1 0.0
0.01125885 0.01955204 -3.626133 -0.8298263 1.455452 1.372769 0.3396863 20.21514 1.112387 0 0.0
0.00546178 -0.02427452 -3.872351 -1.4112 1.336626 1.198811 0.1944993 19.96564 0.8447685 0 0.0
-0.02919046 -0.006292426 -0.2351364 -6.465566 1.379043 1.353074 0.2110337 20.23958 0.7294216 0 0.0
-0.007519941 0.005726029 7.80078 1.264514 2.052249 1.856271 0.1626179 20.46178 1.280762 0 0.0
0.002275873 -0.03670649 0.6056188 0.5900494 0.1382702 0.1189723 0.1378866 16.57159 0.9786758 1 0.0
0.03922458 0.003288493 -0.5254345 -4.727831 0.9035442 0.7744544 0.2634794 19.63635 0.9897537 1 0.000102371
-0.01254374 -0.04319797 -1.20637 0.3527429 2.480326 2.960355 0.6958438 20.39248 0.9190712 0 0.0
-0.01123262 0.0003126181 -0.4439453 -0.9235039 1.488031 1.388654 0.09335957 20.16524 0.7401505 0 0.0
0.01041256 -0.01276217 -0.6228851 -1.704015 1.251871 1.198047 0.3471993 19.92099 0.9164925 0 0.0
-0.0119402 -0.02789143 -1.833288 -1.73049 0.4000391 0.3800809 0.2388216 18.39278 0.1357517 1 0.9740077
0.0102276 -0.01894768 -10.71827 -7.74065 0.5426308 0.5065557 0.1324162 18.77436 1.556105 1 0.0
-0.02703462 0.006022037 -1.759143 -1.64555 0.3255388 0.3116941 0.167062 18.08564 0.5959129 1 0.9729421
0.01581037 -0.01243292 -0.1793991 -6.601857 0.361097 0.3526903 0.2585957 18.24397 1.046133 1 0.0
-0.0002777625 0.03431556 7.143418 -1.125446 0.3620044 0.3362489 0.1364356 18.17718 1.118824 1 0.0
0.02895914 0.02069853 -2.631831 -2.164786 0.2771883 0.2346738 0.2078182 17.80351 1.263445 1 0.8773481
0.01641886 0.004799877 -2.883628 -2.044905 0.4491841 0.4147573 0.298146 18.63185 0.09433556 1 0.9883731
0.007068883 -0.008632458 -2.238764 -1.602314 0.1909591 0.1769176 0.2601809 17.28608 1.010637 1 0.9990216
0.01141651 0.01628664 -1.285127 -1.806685 0.9737175 0.8583253 0.3288264 19.71188 1.140911 0 0.0
0.02234556 0.01036625 -1.592192 -7.394735 0.5168838 0.4764433 0.2772538 18.77981 0.7161217 1 0.0
0.01741277 -0.03357806 -5.229186 -5.619008 1.005351 0.9166968 0.1940739 19.78434 1.04368 1 0.0006960719
0.03701058 -0.001665936 -4.016681 -2.34801 0.5346719 0.4876804 0.2578358 18.81981 nan 0 0.0
0.02116225 0.01885231 -5.511357 -10.13127 0.4565058 0.3975617 0.206671 18.38811 0.8556709 1 0.0
0.04148708 -0.002112144 -2.50529 -1.532595 0.7114956 0.6087707 0.26793 19.31207 0.9923096 1 0.9572503
0.04256724 -0.0009796432 -7.704244 -6.73638 1.451628 1.432777 0.6133219 19.97434 0.9188747 1 0.01504509
0.004279918 0.04142607 -2.537253 -4.278178 1.056667 0.9664562 0.1564701 19.95716 0.8035202 0 0.0
0.02203289 0.02531803 -4.024171 -2.113008 0.6689663 0.623857 0.3093129 19.15772 1.083773 1 0.7760117
0.0179982 0.0005729142 -1.883233 -1.092072 0.3394087 0.3327007 0.3028642 18.1868 0.4311771 1 0.9916934
0.02481244 -0.02422602 -6.196595 3.211819 0.4416195 0.4183188 0.2631958 18.61985 1.304577 1 0.0
-0.03308979 8.450729e-05 -0.0515526 -1.797838 2.24161 1.754945 -0.2278392 20.26829 0.7684631 0 0.0
0.00754376 0.003139663 -2.461923 -1.803336 0.878215 0.7954975 0.2173957 19.57786 1.006336 1 0.9878131
0.01012923 0.04820244 -4.294691 -0.2195053 2.600618 1.8959 -0.3888282 20.06764 0.3112984 0 0.0
-0.004782402 0.03339992 -1.402673 -0.7545697 1.080559 1.005361 0.1903499 19.9953 0.738615 0 0.0
-0.002700565 0.006405297 -5.144314 -0.1675883 0.5969959 0.5680162 0.2068443 19.07819 1.181612 0 0.0
-0.01399794 0.002034597 -1.777201 -2.938523 0.8267984 0.7184853 -0.03836984 19.45162 0.9759483 1 0.908457
0.02522024 0.02578647 -2.67798 -1.474995 0.1660577 0.1336751 0.1467969 16.77847 1.269827 1 0.9930908
-0.0006728436 0.0246186 -2.340403 -1.198573 0.8463698 0.7638737 0.1636143 19.69932 0.9578228 1 0.9773195
-0.00638801 0.01330782 -2.885199 -1.024092 0.280916 0.2451515 0.0683259 17.92397 1.142511 1 0.9706627
-0.0001460335 0.02552078 -2.050997 -3.626357 0.5819844 0.523793 0.1457388 19.15457 1.717789 1 0.03736375
0.04070906 0.02669296 -2.181803 -1.531936 0.386038 0.3330997 0.1983987 18.15661 0.9440327 1 0.9765647
-0.002358644 0.02478642 -2.19111 -2.111372 0.3357875 0.3174569 0.1789666 18.19235 0.4951324 1 0.9719743
0.0007230426 0.0023999 -1.547537 -2.298924 0.9826709 0.9559133 0.2534767 19.52265 0.8962536 0 0.0
-0.002306015 0.0269856 -2.893183 -2.238271 0.42185 0.4003372 0.2036597 18.56636 0.1694756 1 0.9589237
-0.001041399 0.004589533 -2.346372 -1.640124 0.08960511 0.08222464 0.07744924 15.34367 1.538195 1 0.9996471
0.002592618 -0.004426533 -2.539591 -1.219816 0.1776477 0.1606511 0.2324666 17.14543 1.262877 1 0.9967229
0.004671831 -0.0269276 4.76555 -0.7383447 0.5093927 0.4850967 0.2371478 18.79303 1.203362 1 0.0
-0.002963438 -0.009570663 -2.657183 -1.334373 0.2382776 0.2088509 0.1652488 17.42661 1.181721 1 0.997755
-0.01526121 -0.003044861 -2.236926 -1.630994 0.1760952 0.1475273 0.05996068 16.92127 1.255169 1 0.9989147
-0.0134747 0.02710486 0.8428786 -3.662902 0.6273428 0.5860408 -0.0773178 18.90001 0.8161716 1 8.660025e-06
-0.009757482 -0.004060774 -0.5709846 -1.0216 1.078178 0.9104729 0.001356782 19.53395 0.6572914 0 0.0
0.003329801 -0.008353786 -2.188913 -1.374679 0.1228739 0.1161169 0.223479 16.34664 1.285296 1 0.9991364
-0.01457673 -0.001783999 -5.072832 0.2111758 0.4032114 0.3790167 0.229159 18.22271 0.9093781 1 0.0
0.01562698 -0.006657437 -1.519454 -8.245326 1.047685 0.921232 0.1567987 19.63993 1.032919 0 0.0
3.834059e-05 -0.004182358 -2.301232 -1.546253 0.06710226 0.06005929 0.1865621 14.97452 1.644923 1 0.9998578
-0.002595863 0.03055615 -2.726503 -1.455303 0.2799095 0.2435148 0.1079004 17.93458 1.247698 1 0.9929674
0.01354701 -0.004715446 -2.3789 -1.601064 0.1130526 0.1004861 0.1872898 15.95449 1.399232 1 0.9996575
-0.01438641 -0.04248488 -0.1966595 -2.017388 0.9153011 0.8622326 0.2899685 19.72592 0.8340378 1 0.2961837
0.001038679 -0.03325989 -1.913384 -1.791542 0.6114888 0.5835721 0.2241721 19.09978 0.9822464 1 0.9639327
-0.0209738 -0.01094234 -2.805026 -1.552947 0.3908848 0.3660231 0.220227 18.23506 0.3728199 1 0.9921909
0.01957793 -0.001033377 3.130606 -5.711405 0.4422061 0.4367278 0.3089952 18.6279 1.318048 1 0.0
-0.03087629 -0.004498128 -1.934341 -3.25116 1.398896 1.3846 0.2172078 20.2887 0.8667011 0 0.0
-0.02927196 0.002073181 -3.551322 -1.241124 1.280408 1.153357 0.09844153 20.09973 0.6379128 0 0.0
-0.00499284 0.02740511 -2.176091 -0.6343574 0.9473531 0.7943742 0.4881715 19.23603 nan 0 0.0
0.0272936 -0.001357567 -3.808387 -1.613626 0.4442419 0.4230286 0.2852532 18.68909 0.8198051 1 0.6281808
-0.03136712 -0.03407554 3.316792 4.630966 2.947896 3.209752 0.00773883 20.45453 0.6890354 0 0.0
0.01191507 0.0009572212 -1.81657 -3.676713 0.9662576 0.9016626 0.2736079 19.73477 0.1553383 0 0.0
-0.006045116 0.005121502 -1.989872 -1.130467 0.2522984 0.2283573 0.09874104 17.64887 1.170364 1 0.993831
0.02337947 0.03875308 2.773395 -6.937919 0.8418079 0.6644951 0.1431256 19.30398 0.8071098 0 0.0
0.00491144 0.02625499 -2.832158 -3.614245 0.8703262 0.8802172 0.3328518 19.61364 1.016176 1 0.691813
0.006017379 0.0200179 -6.081493 -5.267391 1.774602 1.36628 0.1832179 20.29862 0.4846954 0 0.0
-0.03547347 -0.03495242 -3.981211 -2.080372 3.261968 3.829682 0.1376098 20.71064 0.9837265 0 0.0
