data/gcs/Arp_2.ecsv
# %ECSV 0.9
# ---
# datatype:
# - {name: x, unit: deg, datatype: float64}
# - {name: y, unit: deg, datatype: float64}
# - {name: pmx, unit: mas / yr, datatype: float64}
# - {name: pmy, unit: mas / yr, datatype: float64}
# - {name: pmx_e, unit: mas / yr, datatype: float64}
# - {name: pmy_e, unit: mas / yr, datatype: float64}
# - {name: pm_corr, datatype: float64}
# - {name: g_mag, unit: mag, datatype: float64}
# - {name: bp_rp, unit: mag, datatype: float64}
# - {name: filter, datatype: int64}
# - {name: memberprob, datatype: float64}
# meta: !!omap
# - comments: [deg deg mas/yr mas/yr mas/yr mas/yr dimless mag   mag   zeroone float]
# - __serialized_columns__:
#     bp_rp:
#       __class__: astropy.units.quantity.Quantity
#       unit: &id001 !astropy.units.Unit {unit: mag}
#       value: !astropy.table.SerializedColumn {name: bp_rp}
#     g_mag:
#       __class__: astropy.units.quantity.Quantity
#       unit: *id001
#       value: !astropy.table.SerializedColumn {name: g_mag}
#     pmx:
#       __class__: astropy.units.quantity.Quantity
#       unit: !astropy.units.Unit {unit: mas / yr}
#       value: !astropy.table.SerializedColumn {name: pmx}
#     pmx_e:
#       __class__: astropy.units.quantity.Quantity
#       unit: !astropy.units.Unit {unit: mas / yr}
#       value: !astropy.table.SerializedColumn {name: pmx_e}
#     pmy:
#       __class__: astropy.units.quantity.Quantity
#       unit: !astropy.units.Unit {unit: mas / yr}
#       value: !astropy.table.SerializedColumn {name: pmy}
#     pmy_e:
#       __class__: astropy.units.quantity.Quantity
#       unit: !astropy.units.Unit {unit: mas / yr}
#       value: !astropy.table.SerializedColumn {name: pmy_e}
#     x:
#       __class__: astropy.units.quantity.Quantity
#       unit: &id002 !astropy.units.Unit {unit: deg}
#       value: !astropy.table.SerializedColumn {name: x}
#     y:
#       __class__: astropy.units.quantity.Quantity
#       unit: *id002
#       value: !astropy.table.SerializedColumn {name: y}
# schema: astropy-2.0
x y pmx pmy pmx_e pmy_e pm_corr g_mag bp_rp filter memberprob
-0.02843253 0.01331916 3.483658 -4.305588 0.3378313 0.3194469 0.04327456 18.11213 0.9562244 1 0.0
-0.04144495 0.01730278 2.611561 -2.46078 0.7101831 0.6381763 0.1066508 19.36165 1.936344 1 0.0
-0.04218046 0.01272101 -5.614666 -5.40804 0.8388296 0.7680045 0.1493483 19.58163 0.801115 1 6.543487e-06
-0.04831149 0.001430485 -4.119467 -3.4528 1.460001 1.370443 0.1102083 20.20914 0.923687 0 0.0
-0.0389187 0.02298199 -0.9746407 -12.24775 0.3864996 0.3687623 0.07787152 18.31897 0.9478359 1 0.0
-0.02835629 0.02289216 -1.698114 -1.261354 0.2651688 0.2488314 0.1384469 17.74279 1.216572 1 0.9150965
-0.02292951 0.01986281 -2.109507 -4.441475 0.4564666 0.441487 0.1463134 18.68856 0.9977684 1 0.0
-0.007681148 0.04645363 -10.18979 -15.59347 1.369663 1.384875 0.2249859 20.26888 1.403463 0 0.0
-0.02943323 0.01292213 4.035961 -7.261716 1.810416 1.758565 0.01238564 20.38671 1.785244 0 0.0
-0.03381114 0.03000484 1.290274 0.6103892 0.6961265 0.6653594 0.24498 19.2578 0.6428146 0 0.0
-0.03776221 0.02940258 2.285865 -3.196071 1.641168 1.550065 0.1124854 20.41088 2.09516 0 0.0
-0.04168398 0.02194135 -2.389551 -1.604028 0.4661429 0.4686896 0.2557442 18.83712 1.232916 1 0.9681188
-0.007391458 0.04805582 -3.867747 -4.782253 0.3839661 0.3657324 0.1663038 18.42679 0.9658012 1 0.0
-0.01403066 0.04656927 -2.357892 -1.577572 0.1008215 0.08337805 0.004719378 15.77278 1.469939 1 0.9981362
-0.04884124 0.007564256 -5.093337 -2.466128 2.874258 2.381508 -0.5053567 20.60506 1.38829 1 0.3899743
-0.04900004 0.009128203 -3.192422 -3.288445 0.3117714 0.2762444 0.1165022 18.07994 1.05673 1 0.0
-0.02812325 0.03692268 1.289569 -3.434688 0.2020888 0.1870995 0.2173356 17.42327 1.096025 1 0.0
-0.0306727 0.01804108 1.432446 -11.56473 2.324042 1.982145 -0.2982154 20.38389 0.9647446 0 0.0
-0.03283233 0.01759024 -3.783305 -1.095841 1.103318 1.013674 0.1137496 19.76007 0.9204903 1 0.8712127
-0.02766936 0.01553762 2.425115 -9.03049 0.5641581 0.5363404 0.02839012 18.83499 1.25543 1 0.0
-0.03162006 0.01546585 -2.751968 -2.134568 1.18222 1.040182 -0.006801205 19.94261 0.4300785 1 0.8980685
-0.03325173 0.01165252 -3.608618 -1.800595 1.087695 1.028048 0.2330975 19.9257 1.166399 1 0.8945826
-0.03933212 0.003017607 1.926026 -10.517 0.3156818 0.3013955 0.1578564 18.10297 0.9186153 1 0.0
-0.0398938 0.02423854 -3.63757 -7.412368 1.617482 1.568207 0.03056684 20.12536 0.9705067 0 0.0
-0.04941953 0.005372422 6.240844 -6.495373 1.371387 1.384884 0.2760875 20.23814 0.8361588 1 0.0
-0.04578496 0.004763839 -6.398449 -1.988938 2.237801 1.70304 -0.2910529 20.3082 0.8515205 0 0.0
-0.04462194 -0.00459117 -0.831013 -3.203291 0.4488311 0.4174566 0.1303061 18.24111 0.9351826 0 0.0
-0.03869914 0.0006069702 -0.08071463 -4.948128 0.8030284 0.6968884 0.08726347 19.49661 0.8392944 1 6.368846e-06
-0.02058551 0.02080365 -7.265363 -0.3639332 0.8607662 0.8315819 0.2100886 19.55445 1.118589 1 1.312004e-05
-0.04109699 0.004069738 -2.874132 -3.508598 2.419298 1.86329 -0.25263 20.43441 0.9138527 0 0.0
-0.004045264 0.04465712 1.816517 -4.328394 0.08850883 0.07264667 -0.008540705 15.47103 0.7419882 1 0.0
-0.01626924 0.04134088 2.47002 -5.997591 0.8074001 0.7409674 0.200994 19.59237 0.8509216 1 0.0
-0.03854663 0.01457264 -3.473673 -2.474854 1.28637 1.30148 0.2431718 20.13488 0.723711 1 0.7942218
-0.04630737 -0.004302036 -2.563692 -6.593538 0.1582283 0.1415092 0.1175906 16.82358 1.158932 1 0.0
-0.03070074 0.02346938 0.7768188 -3.538598 1.485198 1.503693 0.2246886 20.14393 2.005777 0 0.0
-0.00884062 0.0489903 -3.844002 -13.96982 1.539601 1.470158 0.1421202 20.36648 1.74951 0 0.0
-0.03436644 0.0360395 5.889566 -4.310536 1.091528 1.010528 0.172486 20.03882 1.911152 1 0.0
-0.01750662 0.03664669 3.440311 -0.6122568 1.416527 1.404212 0.2210762 20.17135 2.161377 0 0.0
-0.003202189 0.04451029 -5.246427 -3.439986 1.263089 1.144802 0.1501509 20.03533 0.2927322 0 0.0
-0.02909696 0.03351015 -1.040287 -7.072885 0.4809769 0.4841399 0.2854658 18.8542 0.925209 1 0.0
-0.03734211 0.03298665 -4.947545 -1.296117 1.083495 1.0109 0.1992989 20.02808 0.7183647 0 0.0
-0.01050013 0.04560841 -3.283654 -1.751288 0.3044181 0.2606797 0.07089674 17.95392 1.232079 1 0.6553374
-0.03338775 0.02435733 -3.858329 5.677606 0.5343257 0.4843156 0.09792563 18.96381 1.292147 1 0.0
-0.02709275 0.0257421 -5.721999 4.197528 1.011632 0.9062217 0.1066323 19.78921 1.847776 0 0.0
-0.02058876 0.0362341 -1.224399 -1.682473 0.7576833 0.6890036 0.1588068 19.4884 1.199736 1 0.8523091
-0.004781917 0.02347408 -1.519727 -8.37631 1.218458 1.225346 0.23239 20.16482 1.182064 0 0.0
0.01217629 -0.01612312 -8.825518 0.9080007 0.7067665 0.662238 0.2797582 19.2556 1.224619 1 0.0
0.004198449 -0.01530801 0.8801054 -0.6743424 0.5251454 0.4876728 0.1205172 18.76479 0.8784828 0 0.0
0.03211368 0.001788095 -0.9181804 1.411758 1.628577 1.534573 0.2863288 20.32758 0.7760067 0 0.0
0.0101753 -0.01553543 -2.530609 -1.634941 1.029466 0.9626506 0.2844394 19.78449 0.8269138 0 0.0
-0.001199305 -0.003961113 -1.696642 -0.8498371 0.3679704 0.3671635 0.348238 18.22769 0.4883976 0 0.0
0.02487459 0.01311032 2.844166 -5.569618 1.136852 0.9746415 0.3392864 19.77723 1.475641 0 0.0
0.02581533 -0.0149661 -2.722901 -2.867654 1.011053 0.8678167 -0.03394105 19.6384 0.6484528 1 0.8607827
-0.02308574 0.01218378 -2.3576 -1.440411 0.3235008 0.3112096 0.1265961 18.16383 1.134439 1 0.9958663
0.02239384 -0.008842666 -6.438542 -6.875526 1.570999 1.449107 0.154614 20.19896 0.05345917 0 0.0
-0.01259955 -0.01868474 -5.097581 -0.7859124 0.4949254 0.4702765 0.2509727 18.69014 1.046837 0 0.0
-0.000804311 -0.004029773 -2.766611 -6.055873 2.105393 2.410173 0.6607172 20.13691 nan 0 0.0
-0.01178345 -0.01784922 -0.05464195 -3.340085 1.283851 1.216006 0.2654337 20.11976 1.470219 0 0.0
0.003012616 -0.04744297 1.212475 -5.171074 1.179135 1.079481 0.1995215 20.00348 1.131767 1 9.696082e-05
-0.004333546 0.01022375 -2.394892 -1.791744 0.2025638 0.1748186 0.1358188 17.25578 1.209179 1 0.9979889
-0.01454835 -0.01557794 -1.708867 -6.790351 0.08144027 0.06779751 0.05720986 15.20745 1.190633 1 0.0
0.04083529 0.01356081 -3.223774 -1.183593 0.655934 0.5721815 0.208549 18.86543 0.3038006 0 0.0
0.003672009 -0.01114806 -2.135405 -1.31101 0.5259484 0.4992416 0.2045225 18.68134 1.069918 1 0.9947136
0.0189692 -0.0167727 -3.283798 -1.688406 1.039292 1.006738 0.3966367 19.87582 1.113396 0 0.0
0.003171935 -0.004552435 -2.13941 -0.5387842 0.3165215 0.3094117 0.2970039 18.14218 nan 0 0.0
0.0103879 0.002973463 0.6561005 -3.209407 0.8341821 0.8395113 0.3425135 19.58781 0.8571281 0 0.0
0.02379464 0.01264329 -2.708919 -4.731507 0.5350178 0.4935354 0.2606552 18.72197 1.053356 1 0.0
0.002302748 -0.0133491 -2.769038 -1.736976 0.3315014 0.3076233 0.1040359 18.03168 1.124384 1 0.9956637
-0.0200512 -0.01589744 -7.173092 -6.018666 1.43075 1.384673 0.2336062 20.20545 1.387762 0 0.0
0.01862893 -0.006173496 -2.309385 -1.271599 0.2883766 0.2445851 0.1264325 17.72728 1.202393 1 0.9972268
0.008253716 -0.009702573 -8.681858 2.313718 1.625799 1.81423 0.5778461 20.2128 0.8797512 0 0.0
-0.01178418 -0.01179911 -2.329258 -1.070726 0.3369018 0.3168231 0.2357346 18.13171 1.128868 1 0.9950239
0.00335633 -0.00261076 -1.864318 -1.699707 0.3892227 0.3797429 0.194299 18.36114 1.09049 1 0.993788
-0.001962824 -0.01065592 -1.942292 -1.080112 0.4069787 0.3834274 0.2082724 18.28373 0.2373619 0 0.0
0.003040311 -0.003257341 -2.698863 -1.871463 0.3342199 0.326575 0.2663588 18.18005 0.3390274 0 0.0
0.01235803 -0.03639825 -9.572198 -2.205188 1.555906 1.48171 0.1936001 20.31269 1.432531 0 0.0
-0.003858725 -0.009042358 -0.824697 0.5213531 0.3657829 0.3406428 0.1747316 18.12031 1.030687 1 4.295443e-06
0.006780003 0.002443536 7.474093 -1.00455 2.660982 2.295599 0.1234151 19.89466 1.916916 0 0.0
0.02817109 0.02811072 -1.609167 -4.229072 1.081063 0.9391182 0.2974306 19.84828 1.589182 0 0.0
0.005989916 0.001661575 -1.836673 -1.579695 0.3436099 0.3225621 0.2330908 18.14968 0.05927849 0 0.0
-0.02283614 -0.04159766 -2.189174 -1.816142 0.3495856 0.3361603 0.2811337 18.15825 0.4159012 1 0.9658418
0.009651397 0.01179884 0.8500444 -3.839035 0.2419882 0.221661 0.273448 17.54813 1.086061 1 0.0
0.004830783 -0.006837506 3.777567 5.25827 1.058142 1.073876 0.3681162 19.82096 1.058174 0 0.0
0.01117896 0.01189977 -2.832556 -2.147104 0.46786 0.4379057 0.2802205 18.55391 1.102951 1 0.9862843
0.001196869 -0.01361993 -2.441908 -1.305169 1.139163 1.06972 0.1039296 19.83663 0.94137 1 0.9777351
0.003645712 -0.01023826 -2.252651 -2.018321 0.3387321 0.3327004 0.312978 18.11881 0.5259781 0 0.0
0.0213449 0.01095585 -0.6400984 0.745258 1.831422 1.526002 0.06564421 20.25818 0.531517 0 0.0
-0.04000911 -0.01584444 -2.836227 -16.87591 0.316986 0.3067558 0.2034704 18.15503 0.811018 1 0.0
0.007016781 -0.0007989729 -3.424524 -2.729947 1.196321 1.11397 0.09151064 19.66591 0.8942795 0 0.0
0.02179251 0.01044839 -4.368335 -10.44742 1.436935 1.288004 0.3700478 20.08035 nan 0 0.0
0.001775861 -0.0287433 -1.437743 -1.486636 0.3739433 0.3531893 0.2222139 18.33157 0.7822781 0 0.0
-0.01799299 -0.04030156 -12.8647 -11.28157 0.4499731 0.435533 0.2932267 18.56174 1.273428 1 0.0
0.002091798 -0.02769427 -2.290819 -4.253298 0.5425881 0.5324424 0.3006106 18.83286 0.9716206 1 0.000242776
0.02413842 0.01829658 -0.2446285 -4.922916 0.9370157 0.8283175 0.3169801 19.66181 0.7971611 1 4.244108e-05
-0.01362701 -0.01411678 -1.142212 -0.6663917 2.883154 2.16903 -0.2526337 20.42776 0.4912109 0 0.0
0.04001155 -0.004209613 3.089462 0.4677159 0.2838767 0.2329276 0.190286 17.85402 0.8851929 1 0.0
0.02028684 -0.01114056 -3.870447 -1.659182 1.801142 1.678319 0.1552246 20.11394 nan 0 0.0
-0.02377105 0.01444001 3.72061 -2.613248 0.3544505 0.3512017 0.2335866 18.4134 nan 0 0.0
0.00923033 0.01526835 -3.521816 -1.862121 1.405082 1.198062 0.2808744 19.93297 0.7397919 0 0.0
-0.0320778 -0.03435806 -1.425675 -2.301893 2.404243 1.93007 -0.2032724 20.37785 1.24696 0 0.0
0.01898993 -0.04557748 -2.622144 -1.40695 0.378228 0.3622099 0.2982332 18.28863 1.063845 1 0.9726326
0.001591585 -0.02825311 -3.578441 -1.773001 0.3890894 0.3669948 0.2245908 18.30229 0.4822388 0 0.0
0.009941533 0.01601214 -3.578913 -0.3031573 1.319727 1.141997 0.1167804 19.90425 0.9755936 0 0.0
-0.001225897 0.01672218 -2.867134 -9.639525 0.2542114 0.2329955 0.2540354 17.73219 1.046864 1 0.0
0.02458812 0.0260136 -2.788057 -1.419118 0.3816796 0.3402524 0.2346034 18.25797 0.4564571 1 0.9840538
9.096819e-05 -0.0450473 -2.086339 -1.0331 3.44303 2.630809 -0.1422672 20.69597 1.421011 1 0.5668715
0.03571597 -0.01335369 -6.314327 -7.130765 0.3980332 0.405172 0.4044052 18.41543 0.9542103 1 0.0
0.03897796 -0.02081076 1.207433 -1.434704 1.369676 1.422294 0.4699979 19.91553 1.557959 1 0.1386791
0.006569429 0.003977059 0.8300461 2.076019 0.7355726 0.6431148 0.1765332 19.07858 0.9771976 0 0.0
-0.006623399 -0.0110395 -2.068212 -2.019896 0.4141601 0.3849887 0.1808635 18.40445 0.1549644 1 0.9889716
0.04812734 0.006532734 -4.650456 -11.10177 0.7404995 0.6508056 0.3599899 19.26072 1.226227 1 0.0
0.04150939 -0.01159168 -0.5454629 -3.286376 0.2254078 0.2135292 0.3907055 17.39981 1.011946 1 0.0
-0.01897732 0.01316123 -3.632199 -2.164563 0.9314656 0.9013032 0.2991354 19.74929 1.001863 1 0.9454831
0.01038973 0.02017775 -1.585606 -0.4912092 1.022464 0.89672 0.3128953 19.68954 1.104834 0 0.0
-0.02692476 -0.01037922 8.242271 0.6017915 0.755625 0.6795185 0.1185672 19.35938 1.807028 0 0.0
-0.0185828 0.01599753 -2.116042 -2.056168 0.4491907 0.4258914 0.09732929 18.5478 1.154039 1 0.9805348
-0.02163738 0.01304242 -2.011417 -6.141025 0.656056 0.6035352 0.1635917 19.13264 0.8517036 0 0.0
-0.02855718 -0.01078977 1.609742 -12.49417 0.4407311 0.4213112 0.1808177 18.63644 0.8589745 1 0.0
-0.01897826 0.01798301 -0.1436928 -0.969054 0.5548028 0.5341186 0.1327505 18.90349 1.03997 1 0.09580856
0.04103359 -0.01598219 -4.697371 -0.1994658 1.478378 1.552409 0.5968551 20.03238 2.471222 0 0.0
0.01478958 0.02798205 -3.549487 -5.11805 0.9014133 0.7810676 0.2730304 19.58607 0.6664276 0 0.0
-0.007178424 0.01724263 -2.459122 -1.420041 0.3736908 0.3891874 0.3358135 18.25586 0.2738419 1 0.9962603
0.02557925 -0.01156523 2.629353 1.425064 1.051118 0.9064966 0.1476865 19.73289 2.272064 0 0.0
0.005885363 0.01470022 -2.171466 -1.264102 0.3719116 0.35701 0.2904051 18.37282 1.160149 1 0.9964387
0.007255086 0.01675625 -4.69975 -7.550748 1.174897 1.061905 0.3567706 19.97307 0.8676147 0 0.0
0.01449273 -0.0199038 -2.856096 -1.63956 0.3989621 0.3735625 0.228383 18.39781 0.1866302 1 0.9904187
0.002435608 0.0352158 -3.056415 -4.500039 1.946475 1.84285 0.1110947 20.37469 0.4146271 0 0.0
0.004541953 0.01090085 -2.716921 -9.208826 0.6590329 0.6112069 0.2775882 19.19746 0.9067631 1 0.0
-0.03992931 -0.01782233 -0.9084025 -4.685937 1.101143 1.015211 0.1580189 20.00923 0.7862911 1 0.02080343
-0.001015073 0.005547022 -8.596131 -0.422503 0.2540374 0.2313575 0.1974706 17.53013 1.017159 1 0.0
-0.01836102 -0.04293949 -2.678822 -0.5842996 0.5663977 0.5160946 0.2331235 19.01634 0.9594364 1 0.8508657
0.02079065 0.005434192 0.7851967 -0.6307142 2.472216 2.033509 0.1401954 20.58877 0.2627544 0 0.0
0.01834198 0.008207967 -1.671331 -3.01678 1.947583 1.807474 0.3318493 20.33744 0.9094086 1 0.8543934
-0.01551836 -0.04198342 -2.019762 -6.576178 1.719066 1.708169 0.2830865 20.45768 2.016712 1 0.03521811
-0.01418193 -0.0004468897 -2.654898 0.2163207 1.353909 1.272577 0.1278992 19.95999 0.667654 0 0.0
-0.004228247 0.01133765 -3.383684 -0.2406586 1.136463 1.035937 0.223408 19.9037 0.8391895 0 0.0
0.04907484 0.005355429 3.342726 -11.77566 1.187636 1.084421 0.3382706 19.98827 1.030445 1 0.0
-0.01320752 -0.0008148716 -2.310231 -1.523337 0.3153133 0.2657859 0.08002526 17.7886 1.11974 1 0.9982635
-0.005702513 0.0009310777 -0.99573 -1.856172 0.2495548 0.2229945 0.2164833 17.58447 1.155659 1 0.0001187434
-0.01941798 -0.02248529 -2.530255 -1.821052 0.7054106 0.6447107 0.2158735 19.27594 0.916996 1 0.9742593
-0.0164424 -0.0256376 -2.723922 -2.954276 0.7064923 0.6558421 0.2500198 19.27658 0.9228249 1 0.8158916
0.0113139 0.04004459 -2.258333 -1.720684 0.2010086 0.1699846 0.06548857 17.27355 1.252087 1 0.9910897
0.015707 -0.0002563878 -1.95242 -1.386631 0.3926122 0.3788353 0.2543593 18.23323 0.3388214 1 0.9947115
-0.007731283 0.01406113 0.9647846 -0.9472456 1.14483 1.116705 0.1975371 20.05258 1.034506 0 0.0
-0.0177912 0.008007797 -2.415858 -1.535356 0.09536973 0.08300327 0.05216498 15.8982 1.439066 1 0.9997585
0.01379081 0.04362627 -2.103672 -6.173839 0.1454397 0.1211034 0.02867281 16.64857 1.144484 1 0.0
0.03802392 0.03095697 -4.944336 -4.424105 0.9319689 0.8045475 0.3007469 19.64661 1.203226 1 0.01092202
0.003014082 9.959346e-05 -2.452106 -1.462153 0.09414977 0.08227897 0.006852251 15.62593 1.464439 1 0.9998313
0.01052191 0.02469243 -3.2493 -0.4573995 1.734527 1.425264 0.2799493 20.2695 0.4562092 0 0.0
0.01362627 -0.002802386 -2.960375 -1.50996 0.474209 0.4419606 0.2220955 18.60559 1.039999 1 0.9924193
-0.02615885 -0.01900405 -1.392744 -9.379504 0.2513686 0.2199481 0.1571433 17.66581 1.22608 1 0.0
-0.02426417 -0.01501529 -2.827262 -2.081995 0.4503522 0.4255511 0.2322817 18.56844 1.080812 1 0.9756522
-0.03710789 -0.02890863 -3.953243 -7.198222 0.1301191 0.1116264 0.03572103 16.43203 0.92239 1 0.0
-0.02929055 -0.02380573 -2.726974 -1.04668 0.4091719 0.3947048 0.2843167 18.42137 1.053082 0 0.0
0.006226782 -0.0005967405 -1.028657 -1.106144 1.366107 1.331883 0.1768235 19.90739 0.5774269 0 0.0
0.02440514 0.0316842 -3.4028 -5.902451 1.443067 1.326875 0.2998739 20.05979 1.050011 0 0.0
0.02764403 0.02729071 -2.59811 -1.584593 0.1116373 0.09182435 0.128375 16.05525 1.406061 1 0.9949479
0.01396499 -0.02809388 -2.176154 -1.330453 0.2320505 0.1948647 0.08471053 17.40456 1.208897 1 0.9953182
-0.0226097 0.003682843 -2.946397 -0.816614 0.4407744 0.4174213 0.1319286 18.62148 1.058073 1 0.96214
-0.0270051 -0.005521229 0.4214278 -1.4692 0.3732868 0.3501275 0.140899 18.19139 1.365406 1 0.0
-0.03052453 -0.03471423 -1.692114 -1.350939 0.5118001 0.5020094 0.3125687 18.85682 1.043116 1 0.9316348
-0.02858746 0.002733326 6.148271 -4.219785 0.8729665 0.7911373 0.09550202 19.69466 0.8246193 0 0.0
