data/gcs/Eridanus.ecsv
# %ECSV 0.9
# ---
# datatype:
# - {name: x, unit: deg, datatype: float64}
# - {name: y, unit: deg, datatype: float64}
# - {name: pmx, unit: mas / yr, datatype: float64}
# - {name: pmy, unit: mas / yr, datatype: float64}
# - {name: pmx_e, unit: mas / yr, datatype: float64}
# - {name: pmy_e, unit: mas / yr, datatype: float64}
# - {name: pm_corr, datatype: float64}
# - {name: g_mag, unit: mag, datatype: float64}
# - {name: bp_rp, unit: mag, datatype: float64}
# - {name: filter, datatype: int64}
# - {name: memberprob, datatype: float64}
# meta: !!omap
# - comments: [deg deg mas/yr mas/yr mas/yr mas/yr dimless mag   mag   zeroone float]
# - __serialized_columns__:
#     bp_rp:
#       __class__: astropy.units.quantity.Quantity
#       unit: &id001 !astropy.units.Unit {unit: mag}
#       value: !astropy.table.SerializedColumn {name: bp_rp}
#     g_mag:
#       __class__: astropy.units.quantity.Quantity
#       unit: *id001
#       value: !astropy.table.SerializedColumn {name: g_mag}
#     pmx:
#       __class__: astropy.units.quantity.Quantity
#       unit: !astropy.units.Unit {unit: mas / yr}
#       value: !astropy.table.SerializedColumn {name: pmx}
#     pmx_e:
#       __class__: astropy.units.quantity.Quantity
#       unit: !astropy.units.Unit {unit: mas / yr}
#       value: !astropy.table.SerializedColumn {name: pmx_e}
#     pmy:
#       __class__: astropy.units.quantity.Quantity
#       unit: !astropy.units.Unit {unit: mas / yr}
#       value: !astropy.table.SerializedColumn {name: pmy}
#     pmy_e:
#       __class__: astropy.units.quantity.Quantity
#       unit: !astropy.units.Unit {unit: mas / yr}
#       value: !astropy.table.SerializedColumn {name: pmy_e}
#     x:
#       __class__: astropy.units.quantity.Quantity
#       unit: &id002 !astropy.units.Unit {unit: deg}
#       value: !astropy.table.SerializedColumn {name: x}
#     y:
#       __class__: astropy.units.quantity.Quantity
#       unit: *id002
#       value: !astropy.table.SerializedColumn {name: y}
# schema: astropy-2.0
x y pmx pmy pmx_e pmy_e pm_corr g_mag bp_rp filter memberprob
-0.04588169 -0.02337487 1.675042 -12.52347 0.9230348 1.26335 -0.3726947 20.17274 1.029495 1 0.0
0.0133302 0.04857492 -1.575696 2.781604 1.144744 1.394037 -0.08096098 20.65475 1.904305 0 0.0
-0.002808096 -0.002322094 -0.5545178 -1.327962 0.9681714 1.124771 -0.2518293 20.12558 0.6843605 0 0.0
0.02719569 -0.01044987 6.099641 -4.263981 2.319985 2.233912 -0.2013609 20.83577 2.021318 0 0.0
-3.377958e-05 -0.009388794 0.8460734 -0.6991903 0.3806548 0.3908577 -0.2247088 18.7187 1.235088 1 0.9976587
-0.0002329831 0.010543 0.365267 -0.976728 0.2587123 0.282151 -0.3603799 18.34003 1.400585 1 0.9916629
-0.00228902 0.01181518 0.7987773 -0.1626621 0.2063615 0.2227366 -0.3700518 18.01308 1.435368 1 0.994608
0.005194738 -0.002261123 -0.581284 -1.064751 0.9514938 1.31149 -0.2948766 20.1525 nan 0 0.0
0.02033418 0.009631795 -0.4493646 2.451371 0.7722106 0.7393991 -0.3599094 19.7618 2.165361 0 0.0
-0.01121707 0.006443681 0.5388544 -0.4839124 0.2919658 0.3128456 -0.3878403 18.40658 1.332123 1 0.9986072
0.001367612 -0.001448508 0.6261503 1.217951 0.5813015 0.6628346 -0.3597031 19.42351 1.027771 0 0.0
-0.0526797 -0.008028705 13.33463 -4.1605 1.885973 1.793938 -0.2939107 20.83144 1.829407 0 0.0
-0.0003823657 0.004149566 0.7574959 -0.5466896 0.3396511 0.3855665 -0.3589215 18.77322 1.144608 1 0.9991867
-0.01813857 0.002635926 0.1838405 -0.06402907 0.3044065 0.3726286 -0.3705081 18.67394 1.279778 1 0.9940392
-0.007909693 0.01871959 1.181067 -0.8416233 0.6247959 0.6942243 -0.4333881 19.6504 1.107311 0 0.0
-0.05417599 0.01815675 3.825313 8.602589 0.7168172 0.8547964 -0.4414495 19.63791 1.840353 0 0.0
0.006496544 -0.001982702 -0.5050567 -0.9508043 1.36075 1.766724 -0.3195434 20.55231 0.7729549 0 0.0
-0.03253603 0.03039873 0.6208066 0.5352812 0.6730752 0.7494748 -0.4581223 19.76527 0.735363 1 0.5947136
-0.01578527 0.01560235 -0.04583911 1.472161 1.042975 1.295783 -0.3640678 20.32205 0.9072075 1 0.8939732
0.02007977 0.02217074 4.630982 0.3485464 1.238531 1.22844 -0.1116434 20.59761 1.133377 0 0.0
0.00149591 0.02354348 1.39267 -0.07908745 1.389164 1.700788 -0.3726538 20.6176 0.8548031 1 0.8479617
-0.003917917 0.001252252 0.7367716 -1.020749 0.2030612 0.2285442 -0.3534973 18.06818 1.389967 1 0.9952903
0.04811757 0.03900425 0.868416 -1.255815 1.042911 1.12044 -0.1486329 20.53874 0.8911381 1 0.2372826
-0.00218223 0.006692046 1.38412 -3.903423 2.02519 2.332472 -0.3869843 20.7355 1.073936 0 0.0
-0.06222562 0.008391765 3.921889 -4.826354 1.246796 1.897944 -0.3396828 20.47744 0.3218822 0 0.0
0.03792957 0.04505733 4.143482 -3.755218 0.5864012 0.6630929 -0.289171 19.8193 0.7457294 1 0.0
0.03683519 0.05100471 2.401294 -12.41585 1.105239 1.095274 -0.06072537 20.55217 2.304575 0 0.0
0.02615491 0.05731649 0.6111061 3.862753 0.277245 0.3107524 -0.187414 18.68994 1.936716 1 0.0
-0.03999843 0.05140634 2.154857 -2.643579 0.07596578 0.08063049 -0.3941295 16.29369 1.046482 1 0.0
-0.02096985 0.002339913 1.504793 -0.7452524 1.067269 1.217759 -0.3487321 20.26319 1.009005 0 0.0
-0.03557005 0.04264702 35.2819 11.59351 0.8126943 0.9181052 -0.3204996 20.03049 2.34753 0 0.0
0.01723275 0.01276406 1.199253 -3.260471 0.861387 0.8479675 -0.252761 20.03916 0.8009434 1 0.2089906
0.0002792139 -0.004706253 -0.27448 2.363243 1.334221 1.584647 -0.2487231 20.55835 0.6593285 0 0.0
-0.02437223 -0.02887628 3.091004 2.17499 1.535921 1.649149 -0.1904069 20.59062 1.487362 0 0.0
0.0317459 0.01212269 10.369 -2.669031 1.72117 1.423117 -0.09881961 20.62764 1.821844 0 0.0
0.004682567 -0.001929228 0.8275881 -1.202382 0.7787019 0.9717505 -0.3922757 19.88922 0.8653431 0 0.0
0.009605106 -0.003546897 3.423306 -0.2367665 1.525931 1.350308 -0.1161332 20.64371 0.8366699 0 0.0
-0.001797962 -0.00223434 0.406305 -0.9413894 1.113751 1.304816 -0.2569744 20.40085 0.8430309 0 0.0
0.01637326 -0.03925687 -1.331103 -16.70798 0.8116657 0.8370535 -0.352177 20.01795 2.257795 0 0.0
-0.009644343 -0.001551813 1.327489 -1.660774 0.9002944 1.034528 -0.3236953 20.1609 0.7064438 0 0.0
0.008680464 -0.00146783 1.986504 -0.4289696 1.239246 1.199392 -0.1180811 20.36339 0.8177052 0 0.0
0.00448362 0.005826058 0.1742988 2.204235 0.8868318 1.071699 -0.4910231 20.13426 0.8889942 0 0.0
0.03512546 -0.01670956 0.4821752 -0.2990317 0.08021975 0.08418846 -0.2859259 16.56273 2.052835 1 0.9950391
0.0110799 0.02698393 4.701376 4.983529 0.2295237 0.4435358 -0.2981699 17.98755 nan 0 0.0
0.02726265 0.005470753 3.022157 -0.8954379 0.3268963 0.3287541 -0.2538023 18.73269 1.348816 1 0.0
-0.01756806 -0.009162863 -1.124852 0.211081 1.00167 1.190639 -0.245775 20.21726 0.9751911 0 0.0
-0.01220192 0.04416142 -1.360485 -3.320789 0.6669946 0.8346333 -0.3336026 20.04716 0.6040783 0 0.0
0.002306667 0.00179588 0.3359129 -0.4036823 0.7428122 0.9083786 -0.3930604 19.89272 1.00765 0 0.0
0.004247669 -0.03547566 2.805503 -2.73867 1.693259 2.029283 -0.1177074 20.67849 0.6620579 1 0.3097484
-0.00695467 -0.01658729 0.3619181 0.007419295 0.3843782 0.4423472 -0.2564785 18.98784 1.265434 1 0.9925527
0.05553979 -0.01614361 10.0468 -2.916674 0.7640409 0.8626872 -0.3509998 19.8118 2.215876 0 0.0
0.01107332 -0.06071404 3.250387 -3.457426 1.362428 1.383156 -0.1426454 20.63627 0.3546352 0 0.0
-0.01733077 -0.03090089 3.704135 2.742371 0.8348706 0.8871006 -0.2287358 19.86001 2.532454 0 0.0
-0.002808028 -0.00593652 0.5595064 -1.718217 0.9481988 1.290089 -0.2993355 20.17102 0.8562031 1 0.989606
-0.04444425 0.02163709 40.00318 -23.64794 0.700454 0.7336581 -0.4366222 19.34463 2.053463 0 0.0
-0.006542414 -0.009930626 -0.0657226 0.6634079 0.4037797 0.4509998 -0.2583458 19.02102 1.253086 1 0.9762789
0.002747649 -0.002219096 0.5976274 -0.9497284 0.4181819 0.4861622 -0.3437852 19.14331 1.081343 0 0.0
0.00178734 0.0003768202 0.4044252 -0.5422123 0.1172799 0.1332526 -0.2824239 17.07267 1.63216 1 0.9998376
-0.0001618311 0.001839767 1.554276 1.335751 0.9130254 0.9924967 -0.2374248 20.08445 0.8210144 0 0.0
-0.001428099 0.00248063 0.4355295 -0.1745681 0.1299079 0.1436747 -0.3473224 17.32768 1.487514 0 0.0
0.003971169 -0.003170891 3.119744 -6.792479 1.546926 3.595832 -0.3039328 20.64462 0.7926369 0 0.0
0.06558349 0.0003298578 -0.8220646 -7.940107 0.6030548 0.6801869 -0.2385989 19.79598 1.56863 0 0.0
-0.006616569 0.05768487 1.019228 -5.402663 0.8560221 1.042679 -0.1898831 20.34483 1.70842 0 0.0
-0.01702155 0.001335247 2.827764 -0.6976476 0.8785093 1.097471 -0.4713804 20.19604 0.6606293 0 0.0
0.02086943 -0.02876893 1.148531 0.8038429 0.2834291 0.287273 -0.2426047 18.50478 0.7993431 1 0.0002308247
0.000193862 0.003104339 -1.020155 -1.170636 1.106117 1.389322 -0.3788915 20.41805 0.7813988 0 0.0
0.03791224 -0.02251812 6.521658 0.8075138 1.882439 1.814522 -0.157539 20.79838 2.423426 0 0.0
0.008887156 0.005114418 -0.5297762 0.4895114 0.8228136 0.798869 -0.3690589 19.86201 0.8388729 0 0.0
-0.02338181 -0.04028015 -2.015632 -2.854302 0.4902898 0.5883174 -0.3802062 19.31577 1.827332 1 0.0
0.03622154 -0.04291107 -3.290633 1.428475 0.5792682 0.5824914 -0.1879479 19.54727 2.078323 1 0.0
0.05173212 -0.002241474 7.05785 4.230157 2.642989 2.143377 -0.2047124 20.92455 1.780178 0 0.0
-0.00169131 0.002366186 0.3638849 -0.7897629 0.5724194 1.002458 -0.5414639 19.43822 nan 0 0.0
-0.02276127 -0.05202932 1.956948 1.076115 0.3897917 0.4732707 -0.244505 19.03309 1.154081 1 8.052051e-06
0.005123579 -0.002915341 0.09179333 -0.8488436 0.4999679 0.617321 -0.3559186 19.29118 1.042791 0 0.0
0.002505338 -0.02862442 5.430129 4.504863 0.6265455 0.7767086 -0.4263461 19.64057 1.708698 1 0.0
0.02160882 -0.03084995 0.8677448 -3.111418 1.088213 1.001526 -0.2244959 20.17342 0.4108715 0 0.0
-0.04455447 -0.01396552 5.474073 -0.634178 0.5942188 0.6881091 -0.3694239 19.66393 0.6867504 1 0.0
0.001054529 -0.01283347 0.2275662 -4.525868 1.124203 1.35895 -0.1827393 20.35581 1.006447 0 0.0
0.0007628987 -0.01132475 0.04571322 2.142773 0.9189275 1.099099 -0.2470237 20.14889 0.8159885 0 0.0
0.00272637 0.001095876 -1.722666 6.299339 1.533195 1.830889 -0.4422765 20.06616 0.765873 0 0.0
