data/gcs/IC_1276_Pal_7.ecsv
# %ECSV 0.9
# ---
# datatype:
# - {name: x, unit: deg, datatype: float64}
# - {name: y, unit: deg, datatype: float64}
# - {name: pmx, unit: mas / yr, datatype: float64}
# - {name: pmy, unit: mas / yr, datatype: float64}
# - {name: pmx_e, unit: mas / yr, datatype: float64}
# - {name: pmy_e, unit: mas / yr, datatype: float64}
# - {name: pm_corr, datatype: float64}
# - {name: g_mag, unit: mag, datatype: float64}
# - {name: bp_rp, unit: mag, datatype: float64}
# - {name: filter, datatype: int64}
# - {name: memberprob, datatype: float64}
# meta: !!omap
# - comments: [deg deg mas/yr mas/yr mas/yr mas/yr dimless mag   mag   zeroone float]
# - __serialized_columns__:
#     bp_rp:
#       __class__: astropy.units.quantity.Quantity
#       unit: &id001 !astropy.units.Unit {unit: mag}
#       value: !astropy.table.SerializedColumn {name: bp_rp}
#     g_mag:
#       __class__: astropy.units.quantity.Quantity
#       unit: *id001
#       value: !astropy.table.SerializedColumn {name: g_mag}
#     pmx:
#       __class__: astropy.units.quantity.Quantity
#       unit: !astropy.units.Unit {unit: mas / yr}
#       value: !astropy.table.SerializedColumn {name: pmx}
#     pmx_e:
#       __class__: astropy.units.quantity.Quantity
#       unit: !astropy.units.Unit {unit: mas / yr}
#       value: !astropy.table.SerializedColumn {name: pmx_e}
#     pmy:
#       __class__: astropy.units.quantity.Quantity
#       unit: !astropy.units.Unit {unit: mas / yr}
#       value: !astropy.table.SerializedColumn {name: pmy}
#     pmy_e:
#       __class__: astropy.units.quantity.Quantity
#       unit: !astropy.units.Unit {unit: mas / yr}
#       value: !astropy.table.SerializedColumn {name: pmy_e}
#     x:
#       __class__: astropy.units.quantity.Quantity
#       unit: &id002 !astropy.units.Unit {unit: deg}
#       value: !astropy.table.SerializedColumn {name: x}
#     y:
#       __class__: astropy.units.quantity.Quantity
#       unit: *id002
#       value: !astropy.table.SerializedColumn {name: y}
# schema: astropy-2.0
x y pmx pmy pmx_e pmy_e pm_corr g_mag bp_rp filter memberprob
[from data line 2172]
0.009981834 0.00262953 -0.1866797 -4.061269 2.394448 2.319711 0.09356006 20.48396 1.633522 0 0.0
-0.1050214 -0.07281005 -0.7806615 -1.894817 0.3519172 0.302021 0.1503548 18.22016 2.09709 1 0.0
-0.03637277 0.0166696 -2.503332 -4.315472 0.50617 0.3867851 -0.03522531 18.71575 2.454941 1 0.9776945
0.0005658407 0.02786338 -2.273033 -4.191867 0.2588439 0.251421 0.06722891 16.77682 2.530363 1 0.9875911
0.03632048 -0.02229466 -0.3562683 -4.523583 1.438579 1.340564 0.08236517 19.86886 2.409693 0 0.0
0.02944835 -0.01796734 -2.065334 -4.176655 2.796522 2.590159 -0.005737073 20.63667 1.98768 0 0.0
-0.05783232 -0.03980206 -0.7466407 -4.431314 0.7443241 0.7093359 0.1837139 19.05317 2.191994 0 0.0
-0.09177602 -0.006163473 -8.095911 0.3030533 1.164234 1.112841 0.2693147 19.65445 1.619524 1 0.0
0.004319577 -0.05287374 -3.384102 -3.890538 0.8906297 0.7048297 -0.4184371 19.0027 nan 0 0.0
0.04761367 -0.01615166 -2.210331 -2.66232 1.594324 1.495684 0.1329722 19.86049 2.461262 0 0.0
0.00656221 0.116307 -3.130661 4.875469 1.084431 1.116391 0.3985635 19.734 2.312174 0 0.0
-0.01311778 -0.0467456 -0.7749048 -4.48848 1.895431 1.821848 0.2641376 20.31313 1.719183 0 0.0
-0.01702254 -0.0599708 -1.147585 -4.209493 3.679532 3.39042 0.2896023 20.66849 0.8034534 0 0.0
-0.03071616 0.0952103 -2.444273 1.159924 1.84834 1.878291 0.2415349 20.00702 1.71417 0 0.0
0.04202184 0.08251458 -3.839553 -4.143183 1.785714 1.71987 0.1908557 20.1383 1.760159 0 0.0
-0.02026255 -0.04070911 -3.454897 -4.395956 0.8168039 0.7656768 0.02230059 19.26592 1.961267 0 0.0
-0.05238617 -0.01287584 -3.184291 -1.50845 0.9780944 0.9336434 0.161151 19.37314 2.374514 1 0.1431635
-0.01817519 -0.002858643 2.087115 -7.859447 3.473306 3.422798 -0.2070586 20.70892 3.179295 0 0.0
-0.1114309 0.01734353 -2.794701 -1.229322 0.9319543 0.895868 0.2934793 19.36837 2.266762 1 0.008727278
-0.09973114 -0.03993142 -3.303284 -8.500167 0.3841981 0.386094 0.3394955 17.76845 2.617924 1 0.0
-0.1134973 0.04761454 -4.503832 -2.666309 0.4709489 0.387256 0.01563182 18.43542 2.086012 1 4.730398e-06
0.02324509 0.04382443 3.163572 -3.697545 2.523713 2.447038 0.2149256 20.36043 1.170023 0 0.0
-0.09154858 0.06722752 -1.844563 -3.192325 1.706029 1.596474 0.2875296 19.94462 1.856474 0 0.0
-0.07895167 -0.1064251 -0.3340255 -6.896108 1.889015 1.685276 0.2298076 20.2909 1.738993 0 0.0
0.05781818 -0.002746573 0.6343939 -9.953082 2.447694 2.380823 0.2138605 20.29133 1.484121 0 0.0
0.01334106 -0.04727108 -6.350762 -5.664702 2.580014 2.403829 0.381593 20.36803 1.890865 0 0.0
0.09240001 0.02862787 -1.93003 -6.345166 2.204558 2.091614 0.06538935 20.47563 2.111395 1 0.3516853
0.05337366 0.0490833 -2.627671 -7.343115 1.796573 1.705576 0.2115849 20.14649 1.004164 0 0.0
-0.05448255 0.04847997 -2.33052 -7.01576 2.037923 1.991739 0.5289717 20.13454 nan 0 0.0
0.005895107 0.05007489 -4.131055 -8.721096 1.803387 1.729116 0.2563623 20.20601 2.755669 1 0.3756734
0.06318618 0.06284928 -5.053486 -2.721775 1.743499 1.672669 0.2182652 20.14278 nan 0 0.0
-0.01868974 -0.006320025 10.47913 7.716237 2.363933 2.2251 0.3470681 19.66689 1.976339 0 0.0
-0.09164367 0.08847296 7.60905 3.924253 2.610172 2.468704 0.2968313 20.55293 nan 0 0.0
0.04667887 0.02005325 -4.116505 -11.64741 1.838675 1.813454 0.1848808 20.22165 1.94334 0 0.0
0.004138399 -0.002773421 0.2740468 -5.631045 1.016369 0.9636554 0.1018646 19.08512 2.310665 0 0.0
0.03108457 0.001837024 -7.040239 -1.774938 2.60515 2.432637 -0.08550083 20.71041 nan 0 0.0
-0.01103128 0.04985497 -7.353377 -5.272867 1.475054 1.378654 -0.04906482 19.78805 2.178854 0 0.0
-0.003763811 0.01051127 -2.272088 -4.500365 0.283588 0.2768191 0.2982618 17.33996 2.558731 1 0.9893991
-0.01372535 0.02235094 -4.007557 -6.162354 2.627069 2.551926 0.149144 20.5082 1.866179 0 0.0
0.001776766 -0.02481186 6.237229 -11.43044 2.145436 2.106419 0.1232364 20.01083 nan 0 0.0
0.001413658 0.03604829 1.448369 -8.341281 2.816938 2.669475 0.1708158 20.60272 nan 0 0.0
0.003078725 -0.003665098 -2.500509 -1.243353 1.937336 1.861248 0.3108779 20.19974 nan 0 0.0
-0.08521409 0.03625819 -2.769556 -6.46099 1.161697 1.115589 0.1694715 19.65421 1.792452 0 0.0
0.05287913 -0.03708873 -1.609189 -1.137883 1.929178 1.930401 0.360377 20.16455 1.645849 0 0.0
0.07723684 0.06562849 -9.597767 -2.286823 2.198891 2.228316 0.4166624 19.97091 2.025431 0 0.0
0.02530168 0.0005565994 -2.078354 -1.798463 0.595497 0.4551703 -0.2360024 18.72606 2.029068 0 0.0
-0.02777305 0.002004609 -5.146804 -2.006096 3.240549 3.122109 0.2451282 20.59018 1.756628 0 0.0
0.003563145 -0.003461015 0.9102481 -3.376832 0.8775813 0.7319145 0.2404515 18.59107 nan 0 0.0
-0.04652489 0.106509 -5.20886 -3.253837 1.36747 1.349074 0.2659448 19.89681 2.287567 0 0.0
-0.006943635 0.05809718 -0.7950921 -0.6476488 2.180021 2.05415 0.1715968 20.41576 1.591036 0 0.0
-0.007033783 0.01318485 -3.685019 -0.05429514 0.7613472 0.5753218 -0.009779804 18.81528 2.093821 0 0.0
-0.09253784 0.01792666 -3.618344 -5.686447 0.5914427 0.4835007 0.0289206 18.9169 2.569197 1 0.1407471
-0.0571624 -0.07051552 -1.68131 -5.526527 0.6680574 0.5598307 0.07967485 19.00067 2.123758 0 0.0
-0.1213923 0.0175813 -0.2673959 -0.3936299 0.2709565 0.2700615 0.3510046 17.44602 1.957998 1 0.0
-0.05606422 0.1067712 4.005919 -0.8385098 1.048362 1.034352 0.3394667 19.32692 2.37291 0 0.0
-0.006762677 0.107136 -2.418333 -4.781358 1.140106 1.116184 0.2150665 19.59603 1.722496 0 0.0
-0.04297706 0.05676387 0.6700454 -0.6604963 0.2430892 0.2373352 0.2886964 17.28864 2.087854 1 0.0
-0.09220888 0.03815559 0.6075225 -5.232089 0.198588 0.1992765 0.2943806 16.90707 2.688094 1 0.0
-0.02953013 0.01789843 0.1964839 -8.238944 1.941869 1.882748 0.2635086 20.26806 1.554321 0 0.0
-0.02477129 -0.07782727 0.8042306 -4.470944 2.063142 1.996817 0.2914114 20.43996 nan 0 0.0
0.08104378 0.01819828 -2.641139 -3.876408 2.236753 2.111431 0.3955002 20.24782 2.157082 0 0.0
-0.01000047 -0.009196032 -3.952044 -3.804199 1.581118 1.517819 0.1366452 20.03059 1.558994 0 0.0
0.03544923 0.06387082 -6.089616 -1.148426 1.887362 1.794697 0.2629623 20.12353 2.370916 0 0.0
-0.01814529 0.006644723 -0.1252417 -4.517369 2.161494 2.110466 0.2188546 20.28622 1.737104 0 0.0
0.00528935 0.03614315 -5.888838 0.2950213 1.325392 1.262792 0.1535326 19.72553 2.220818 0 0.0
0.04276775 -0.03587793 -2.198131 -5.753419 2.734967 2.522629 0.08607904 20.63487 2.181087 0 0.0
-0.02328778 -0.0821068 2.187773 -3.113482 0.2657045 0.2588795 0.2732519 17.47946 2.107718 1 0.0
-0.02858656 -0.06060033 -3.281077 -4.677446 1.815872 1.640695 0.4849471 19.92005 nan 0 0.0
0.03737855 -0.04103063 -3.359371 -2.093912 1.903881 1.840949 0.1973293 20.30604 nan 0 0.0
-0.1199595 -0.01906469 2.707744 -3.153553 1.248419 1.199258 0.3128367 19.66967 2.008232 0 0.0
0.004623243 0.03887496 1.223192 -2.252134 2.572561 2.453801 0.1850409 20.44121 2.240582 0 0.0
-0.05051109 0.005077768 -2.677815 -4.166308 0.1501453 0.120533 0.04036803 13.90566 3.519164 1 0.9898948
-0.02172044 0.05846674 -4.558912 -2.053591 0.1265156 0.09478884 -0.1847125 15.09705 2.663677 1 0.0
-0.04129848 -0.08732182 -0.9013381 2.0268 2.09634 2.004107 0.3015627 20.47887 nan 0 0.0
0.07599011 0.03428287 -4.363101 -7.552124 1.132339 1.063193 0.1914947 19.55173 2.071712 1 0.08820335
0.02230953 0.1074655 2.34129 -4.355484 1.459096 1.369497 0.2212349 19.74783 2.018253 0 0.0
0.0239995 -0.004895009 -3.246626 -9.5911 2.113965 2.008724 0.1247461 20.35301 nan 0 0.0
-0.1057259 -0.03738456 0.1789186 -7.564222 0.2428148 0.2426514 0.3593192 16.98378 1.946621 1 0.0
-0.02871087 -0.009978844 -3.03312 -2.883689 0.3392383 0.3349855 0.2726554 17.90259 2.255749 1 0.0124712
-0.05409588 0.1074766 -2.839257 -4.722301 1.076302 1.051386 0.2718635 19.55993 1.553602 0 0.0
0.05793871 -0.007216937 -2.908897 -7.269823 2.161761 2.048657 0.1465665 20.41224 1.468109 0 0.0
-0.1078991 -0.06461199 -2.723605 0.9326925 0.6386785 0.5299904 0.03406568 19.11796 2.137789 1 0.0
-0.09722188 -0.023902 -1.773667 -7.56609 1.459415 1.398236 0.3421071 19.7903 1.842712 0 0.0
-0.008064098 0.06330041 -2.417758 -4.565679 0.2338491 0.2334067 0.2137888 16.86929 2.562023 1 0.9795174
0.02781187 -0.0442114 2.191547 -4.833581 3.77872 3.709602 0.06556544 20.62537 2.495579 0 0.0
0.01682716 0.0788727 -3.411956 -7.444072 2.709148 2.620994 0.1026628 20.59384 0.836935 0 0.0
-0.06982146 -0.03503967 -0.6893974 -4.000472 0.9374802 0.8949004 0.2526676 19.18495 1.137779 0 0.0
0.02500225 0.06117548 -0.7053992 -5.133261 1.705615 1.6303 0.2513013 20.10598 2.438805 1 0.5546364
-0.06526431 0.06396287 4.250505 -3.499945 2.743612 2.641248 0.2165848 20.56868 1.238739 0 0.0
0.009587648 -0.02519772 -2.282778 -2.513448 0.9991852 0.9407727 0.0956136 19.36498 2.388218 0 0.0
0.01707025 0.1012883 1.619823 -2.304628 1.3113 1.242154 0.2489976 19.74425 1.888132 0 0.0
0.04564401 -0.03358081 1.855674 -0.4225319 1.501075 1.406293 0.0886701 19.75889 2.49795 0 0.0
-0.01148493 0.0282304 -1.006859 -2.220269 1.965685 1.907461 0.2683637 20.231 2.024782 0 0.0
-0.08455187 0.05732879 -1.939393 -0.5293973 1.157035 1.088171 0.2494126 19.29014 2.235767 0 0.0
-0.0370168 0.1179964 0.356181 -4.553632 1.936654 1.923869 0.2589165 20.07415 1.533524 0 0.0
-0.02607978 0.04054936 -3.62237 -6.664991 2.319816 2.248992 0.3762184 20.33193 2.907351 0 0.0
0.02899484 -0.008368583 -0.6447963 -2.403733 1.448874 1.454921 0.08230534 19.59862 nan 0 0.0
0.04325251 -0.03198508 -0.5076015 -5.538839 0.5304801 0.4183806 0.02549156 18.64739 2.603256 1 0.004264167
0.01612748 -0.01166527 -4.464955 -3.859492 1.49097 1.470841 0.1664155 20.08623 1.552633 0 0.0
0.06644373 -0.02431462 0.3834892 -14.87322 3.030176 2.817658 0.2001143 20.66195 nan 0 0.0
0.03332943 0.06183966 -2.671219 -7.8011 0.7615374 0.7445243 0.2692156 19.03658 2.200962 0 0.0
-0.02896172 0.1263235 1.49935 -1.697603 0.3042049 0.3020345 0.3014094 17.57496 2.114244 1 0.0
0.0202183 0.06950177 -5.763486 -8.597425 0.7623838 0.7484472 0.2975826 19.03561 2.083229 0 0.0
0.03510792 -0.042347 -3.417382 -4.575038 0.4794731 0.3821998 0.08252766 18.33798 nan 0 0.0
0.03816985 0.008574669 -1.252564 -5.371473 0.889825 0.8590754 0.1221535 18.89898 nan 0 0.0
0.05981822 0.01102947 -2.658788 -4.737349 0.1596861 0.1535296 0.2379143 16.2611 2.682065 1 0.9718898
0.01482719 0.03631985 -2.894494 -2.092721 2.266087 2.16387 0.295897 20.20593 1.61945 0 0.0
0.06040023 0.0618483 -2.332218 -4.539922 0.2815088 0.2866025 0.5055923 16.96713 2.666166 1 0.9413301
0.003442043 -0.003094803 -3.56293 -4.22368 1.47064 1.365321 0.2702748 19.72391 nan 0 0.0
0.05754666 0.004918142 -4.238186 -6.430419 2.529534 2.3939 0.3320174 20.33309 1.671867 0 0.0
0.003563257 0.01081072 -1.255292 -3.258322 0.654699 0.6170876 0.8679352 17.45719 2.673349 1 0.9269252
0.09879001 0.03454121 -1.259863 -0.1003014 1.605671 1.661192 0.577275 20.06121 1.511303 0 0.0
-0.01433069 0.0155374 -2.395834 -4.198454 0.2403411 0.2356548 0.2827227 17.09107 2.575332 1 0.9925238
0.03629318 0.01487813 -2.936006 -3.729504 0.6112303 0.5007751 -0.09513039 19.00152 2.132444 1 0.9404346
-0.07232008 0.06632596 -0.1120772 -3.933171 1.871637 1.788918 0.4103133 20.02489 nan 0 0.0
0.016374 0.1085658 4.36557 -5.341341 1.820809 1.809597 0.2985633 19.70364 1.923107 0 0.0
-0.09518207 0.06620968 -4.384613 -3.366006 0.5569793 0.4298623 0.001147936 18.65165 2.162392 0 0.0
-0.1231645 -0.03428619 -2.187309 -2.186254 1.114049 1.062102 0.3050386 19.50716 2.082834 0 0.0
0.02742114 0.00228358 -2.894277 -4.140956 0.7293435 0.5929945 -0.1305195 18.94154 2.284321 0 0.0
0.07995271 0.01209257 -2.373719 -4.17294 0.1785936 0.1710937 0.1790652 16.76349 2.555761 1 0.9721352
-0.01093993 0.02860855 -4.790012 -8.127254 1.924452 1.858942 0.209621 20.30252 1.98159 0 0.0
-0.07633277 -0.02092682 -2.786357 -4.379299 0.2182707 0.2190786 0.3176398 16.64575 2.476266 1 0.975588
-0.1167453 -0.0385827 -4.392984 -7.361987 0.1642183 0.1374547 0.04158612 15.98642 2.702307 1 0.0
-0.04396472 -0.06259379 -2.092784 -4.095541 1.218495 1.146855 0.1048924 19.75018 1.144676 0 0.0
0.05191406 -0.004965535 -2.292131 -4.098989 0.1941796 0.1844063 0.1001549 16.75569 2.684744 1 0.9755611
-0.001159931 -0.007667183 0.3358353 -4.880448 2.426212 2.372381 0.2046977 20.25006 2.290525 0 0.0
-0.07148947 -0.01650194 -4.797036 -4.796239 0.4176405 0.3312194 0.06748129 18.22705 2.338686 1 0.0005608593
0.0668737 0.0171258 -0.3371199 -4.115778 0.8384185 0.8036658 0.2395083 19.19452 2.349649 1 0.2857999
-0.06322121 -0.03866028 -2.626996 -6.224271 1.502091 1.427117 0.294553 19.82787 2.320143 0 0.0
0.08834575 0.04425463 -1.218095 -1.99045 2.723567 2.959294 0.2886359 20.68312 1.613316 0 0.0
-0.05599018 -0.003085852 1.124327 0.2097701 0.257578 0.257143 0.3127356 17.19017 2.396521 1 0.0
0.01800542 0.009722712 -2.360732 -4.304777 0.1979138 0.1877377 0.08222867 16.7965 2.521578 1 0.993975
0.02787511 -0.0005321709 -3.175149 -4.282751 0.1952593 0.1863749 -0.008225032 16.75455 2.499789 1 0.9459189
-0.1080266 -0.03812516 -1.155016 -8.574485 0.4545997 0.3786975 0.1838907 18.52847 2.303886 0 0.0
0.04035027 0.01386928 -2.554906 -5.854966 1.566789 1.541754 0.0857922 20.15078 1.900257 0 0.0
0.06993536 0.04072544 1.596674 3.001661 3.284385 3.107058 0.4219555 20.72335 1.036335 0 0.0
-0.01871864 -0.03969147 -3.562633 -3.360653 0.9543735 0.8918591 0.02777212 19.4886 2.010777 0 0.0
0.004744501 0.05254254 -2.253447 -5.874961 1.764875 1.752041 0.3114613 19.79996 1.940517 0 0.0
0.02751223 0.006700517 -0.9199884 -6.268167 1.379515 1.310757 -0.01962808 19.94317 2.906948 1 0.7325322
-0.06591567 -0.03803601 -0.9246937 -2.907269 0.4054676 0.333518 0.05570233 18.33551 2.404287 1 5.447195e-05
-0.03809971 0.02998371 -3.586647 5.653725 2.493262 2.370252 0.1435871 20.3064 nan 0 0.0
-0.01775107 -0.009251105 -1.942525 -3.464601 0.7608705 0.5084464 -0.07145518 19.00441 2.277637 1 0.878887
-0.01626565 -0.06215469 -1.423941 -8.800049 2.267758 2.213501 0.4604985 20.24865 1.891993 0 0.0
0.01400873 0.006105566 -2.812173 -5.737887 0.9742728 0.9227361 0.1767457 19.08721 2.205473 0 0.0
0.02454801 0.06071202 3.730264 -0.06720292 1.224816 1.181965 0.190599 19.76003 2.157928 0 0.0
0.005500602 -0.02155939 4.68752 -8.273537 2.064532 1.962554 -0.1537976 20.39546 2.216303 0 0.0
-0.00670018 -0.0241143 -7.079278 -9.406986 2.151989 2.113863 0.1404632 20.18388 nan 0 0.0
0.04830747 -0.03980858 0.4294023 -2.240738 1.513948 1.429277 0.1182173 19.76707 2.221891 0 0.0
-0.08453327 -0.04243459 -3.357717 -5.554815 0.9879894 0.9510941 0.2897478 19.34638 2.12915 0 0.0
-0.03779344 -0.0118201 -5.807251 -3.235851 1.344739 1.290294 0.2182971 19.56317 1.491369 0 0.0
-0.0430976 0.05057499 -1.237911 -4.054174 1.783826 1.702655 0.216327 19.89578 2.22323 0 0.0
-0.005307659 -0.01389375 0.7838105 -4.175252 1.81044 1.758694 0.2294407 20.23131 nan 0 0.0
-0.04321469 0.008212773 -2.787025 -4.544531 0.1827456 0.1829911 0.2756889 16.72878 2.590832 1 0.9905433
-0.01342332 0.04798476 -2.922467 -5.267645 1.929182 1.856658 0.2088828 20.16492 nan 0 0.0
0.07904853 0.03583445 -2.284962 -3.3184 1.304135 1.25041 0.1922791 19.84585 2.356075 1 0.589142
-0.0219309 0.02737743 -2.898562 -4.473044 0.3028851 0.295437 0.3368235 17.31148 2.598669 1 0.9861775
-0.05652158 -0.1109707 2.6451 0.2371957 1.82515 1.754324 0.3830925 20.38261 1.741104 1 0.01350279
-0.02617394 0.09863666 -1.123007 -1.580596 2.393778 2.341353 0.1404287 20.43494 2.035288 0 0.0
0.0168844 -0.01077647 -1.860423 -5.720985 2.541353 2.44036 0.007800593 20.65044 nan 0 0.0
0.06251536 0.02899394 -5.713167 -2.35801 1.849295 1.761261 0.1449665 20.28753 1.788841 0 0.0
0.02345259 -0.04226995 2.599915 -1.648803 0.5950467 0.4740852 0.08356483 18.62575 2.147266 0 0.0
-0.05047943 -0.007387706 -5.318766 -1.787724 0.9864123 0.9367118 0.165248 19.41299 2.797209 0 0.0
0.0147668 0.04151308 -2.596343 -4.191099 0.2178378 0.2053102 0.1701948 16.77866 2.675793 1 0.9906694
0.0532526 0.04962787 -6.74755 -0.5189842 2.540199 2.231456 0.0231932 20.46253 nan 0 0.0
-0.0469974 -0.01021021 -3.841138 -2.424361 2.419878 2.380949 0.4096984 20.19802 1.907988 0 0.0
-0.0003727817 0.02223051 -9.305753 -5.276567 3.15476 2.999433 0.04307035 20.34778 nan 0 0.0
