data/gcs/IC_1276_Pal_7.ecsv
# %ECSV 0.9
# ---
# datatype:
# - {name: x, unit: deg, datatype: float64}
# - {name: y, unit: deg, datatype: float64}
# - {name: pmx, unit: mas / yr, datatype: float64}
# - {name: pmy, unit: mas / yr, datatype: float64}
# - {name: pmx_e, unit: mas / yr, datatype: float64}
# - {name: pmy_e, unit: mas / yr, datatype: float64}
# - {name: pm_corr, datatype: float64}
# - {name: g_mag, unit: mag, datatype: float64}
# - {name: bp_rp, unit: mag, datatype: float64}
# - {name: filter, datatype: int64}
# - {name: memberprob, datatype: float64}
# meta: !!omap
# - comments: [deg deg mas/yr mas/yr mas/yr mas/yr dimless mag   mag   zeroone float]
# - __serialized_columns__:
#     bp_rp:
#       __class__: astropy.units.quantity.Quantity
#       unit: &id001 !astropy.units.Unit {unit: mag}
#       value: !astropy.table.SerializedColumn {name: bp_rp}
#     g_mag:
#       __class__: astropy.units.quantity.Quantity
#       unit: *id001
#       value: !astropy.table.SerializedColumn {name: g_mag}
#     pmx:
#       __class__: astropy.units.quantity.Quantity
#       unit: !astropy.units.Unit {unit: mas / yr}
#       value: !astropy.table.SerializedColumn {name: pmx}
#     pmx_e:
#       __class__: astropy.units.quantity.Quantity
#       unit: !astropy.units.Unit {unit: mas / yr}
#       value: !astropy.table.SerializedColumn {name: pmx_e}
#     pmy:
#       __class__: astropy.units.quantity.Quantity
#       unit: !astropy.units.Unit {unit: mas / yr}
#       value: !astropy.table.SerializedColumn {name: pmy}
#     pmy_e:
#       __class__: astropy.units.quantity.Quantity
#       unit: !astropy.units.Unit {unit: mas / yr}
#       value: !astropy.table.SerializedColumn {name: pmy_e}
#     x:
#       __class__: astropy.units.quantity.Quantity
#       unit: &id002 !astropy.units.Unit {unit: deg}
#       value: !astropy.table.SerializedColumn {name: x}
#     y:
#       __class__: astropy.units.quantity.Quantity
#       unit: *id002
#       value: !astropy.table.SerializedColumn {name: y}
# schema: astropy-2.0
x y pmx pmy pmx_e pmy_e pm_corr g_mag bp_rp filter memberprob
[from data line 9527]
0.09502461 -0.01720054 2.926845 -6.553257 3.027383 2.909401 0.2115255 20.68119 nan 0 0.0
0.1152254 0.01112605 -3.101174 -1.505271 2.059617 1.975137 0.2494618 19.94758 0.6541653 0 0.0
0.1286692 0.01382944 -7.729163 -6.842773 2.877659 3.082448 0.5502389 20.71535 nan 0 0.0
0.0331989 -0.06654776 8.461807 6.093176 1.354505 1.278131 0.1714295 19.55053 2.039827 0 0.0
0.111249 -0.02990717 -2.918561 -6.603958 0.226531 0.2176337 0.2095961 16.95969 2.944939 1 0.0
0.01306751 -0.0847905 -4.881233 -2.89303 1.361727 1.26962 0.09685775 19.93339 1.75721 1 0.3533896
0.09044226 -0.07092053 -1.927936 -14.33563 3.233869 3.236654 -0.105737 20.67556 1.477837 1 0.05932152
0.08188136 -0.03814447 -3.11564 -2.865119 2.504249 2.307537 -0.0005019273 20.64109 1.401558 0 0.0
0.0945262 -0.08386081 -2.472697 -5.822592 0.5267726 0.4549578 0.04551746 18.76206 2.75606 1 0.0691319
0.07606058 -0.08657387 -1.388977 -5.902885 1.997355 1.989136 0.1775956 20.2168 1.643103 0 0.0
0.06864317 -0.09381679 -2.575172 -1.372444 1.794303 1.769348 0.3241077 20.08895 1.897633 0 0.0
0.1248385 -0.04314104 -3.034638 -9.114479 2.003808 1.920837 0.2800997 20.25996 1.187902 0 0.0
0.1242148 0.0003719545 1.579759 9.986593 2.64754 2.54979 0.1630252 19.99164 2.006832 0 0.0
0.1167275 -0.03428544 -1.084153 -3.038385 1.145506 1.105671 0.2111982 19.60622 1.601892 0 0.0
0.0167902 -0.1009501 -3.305848 9.209042 0.7412389 0.5859204 -0.03169752 18.94592 2.421171 0 0.0
0.07970572 -0.01505325 -0.6041215 -4.185994 0.4993844 0.4118196 0.03599156 18.59542 2.587845 1 0.02951343
0.1061558 -0.05991712 -3.449132 -5.982967 0.3066405 0.2894345 0.07965143 17.60104 2.725557 1 1.202559e-05
0.09764761 -0.06770147 -3.189937 -4.941727 0.2619834 0.25738 0.1880568 17.45665 2.783314 1 0.3806118
0.05737946 -0.1189736 -7.820322 0.9512474 2.826848 2.584142 -0.3156614 20.5654 1.672832 0 0.0
0.09834768 -0.05027133 3.104036 -6.649694 0.7348373 0.688675 -0.01209955 19.11414 nan 0 0.0
0.03359117 -0.08342018 -2.222738 -6.984408 1.906098 1.865702 0.3964876 20.25381 2.372564 1 0.3269884
-0.02040981 -0.1309161 -7.685904 0.9750654 1.960726 1.892455 0.2647936 20.34815 nan 0 0.0
-0.01732262 -0.1280316 -6.274153 -10.43887 1.115452 1.051008 0.2332803 19.63836 2.111732 0 0.0
0.03843125 -0.1211855 -2.145426 -1.773052 0.181888 0.1793371 0.05699206 16.64163 2.676756 1 0.0
0.09943018 -0.0833607 -2.375846 -1.197314 1.258311 1.108298 0.2605819 19.20908 2.388571 1 0.03007234
0.09319375 -0.0864469 -1.823633 -4.451333 4.520692 4.077107 0.03506045 20.69688 1.892815 0 0.0
0.03701217 -0.07861918 -4.442245 -9.692828 2.177243 2.1171 0.4143994 20.10711 2.037889 0 0.0
0.09423859 -0.01175346 -1.572245 -0.4463522 0.4161786 0.3276731 -0.01187632 18.29759 2.0261 1 0.0
0.02015047 -0.09340911 0.6262085 -1.691585 0.8278687 0.7778824 0.1244095 19.15121 2.518417 1 0.0002784969
0.08760862 -0.009751324 2.508482 2.174698 0.6240275 0.4897845 0.01221882 18.88227 2.516251 1 0.0
0.03643357 -0.120842 -4.654084 -9.472559 0.4739437 0.3628578 -0.1164429 18.45086 2.220884 1 0.0
0.05487605 -0.04657183 -2.48947 -1.290335 2.255618 2.102039 0.02127239 20.431 2.67992 0 0.0
0.08706114 -0.02285613 -5.563868 -2.514078 2.796976 2.728697 0.1322588 20.53204 1.779995 1 0.3466099
-0.004822342 -0.09854994 -5.79264 -7.016648 3.014544 2.822121 -0.1359226 20.61797 2.141598 0 0.0
0.09616424 -0.0679267 -1.259207 2.440943 0.291884 0.2889869 0.1429058 17.69283 2.351044 1 0.0
-0.0004634765 -0.1126605 -3.701672 -9.188209 2.063329 1.93656 0.2093523 20.41537 1.472452 0 0.0
0.09098274 -0.09262911 0.9083426 -1.769057 1.10373 1.053876 0.1722857 19.46804 2.434044 0 0.0
0.009131925 -0.1039397 1.045032 0.1965013 1.757675 1.696718 0.4349492 20.17128 1.400188 0 0.0
0.1303887 -0.008051679 -3.137533 -5.964863 0.3854667 0.3285482 0.1625026 18.13717 2.719273 1 0.0007477069
0.08287112 -0.08839611 -3.268776 -5.579496 0.5747057 0.4981882 0.0596791 18.87046 2.403414 1 0.2099117
0.1148875 -0.007972142 2.002376 -5.996696 0.6792034 0.6578506 0.1162799 19.01605 2.30925 1 0.0
0.04624574 -0.07009752 -2.857492 -5.914289 1.894205 1.88928 0.3915537 20.20568 2.500727 1 0.5087377
0.1015501 -0.0792847 -5.715178 -8.444807 1.200789 1.148328 0.1966784 19.51199 2.385584 0 0.0
0.08686585 -0.09339219 -1.400583 -5.468176 0.9279048 0.8721891 0.1009764 19.28422 2.455582 0 0.0
0.1195468 -0.0198733 -0.4040935 -3.577565 2.003498 1.91728 0.2598305 20.32487 1.699123 0 0.0
0.05844457 -0.07525974 -1.234635 -6.714481 2.932233 2.72139 0.5562503 20.34081 1.793592 0 0.0
-0.0240423 -0.1239468 -3.452821 -9.158207 2.492803 2.350843 0.3664683 20.59095 2.877024 0 0.0
0.08200218 -0.03963509 -3.929972 1.002997 2.788003 2.617144 0.1370396 20.53214 nan 0 0.0
0.0614116 -0.07206008 -0.9420787 -3.091974 2.378841 2.221403 0.6025934 20.0601 2.352179 0 0.0
0.06834684 -0.05204012 -2.449458 -8.548935 2.122013 2.023694 -0.07761553 20.33361 1.368946 0 0.0
0.1036431 -0.06026892 -0.4380087 -1.156919 0.1375944 0.1141958 -0.07991512 15.43645 2.573689 1 0.0
0.1032492 -0.06225867 3.368517 -1.560528 0.7595263 0.7131249 0.05667471 19.09598 2.229504 1 0.0
-0.01387269 -0.1088407 -5.439761 -5.597871 2.307973 2.190475 -0.01235262 20.56816 nan 0 0.0
0.1200955 -0.005743802 -4.306459 -4.162159 0.2610197 0.253047 0.1890232 17.36898 3.026649 1 0.0
0.04863915 -0.05215678 -5.316104 -8.087463 1.666211 1.612758 0.1933314 20.04297 2.155712 0 0.0
0.09251415 -0.005539443 0.1003363 -0.3601842 0.5182897 0.4108056 -0.0294071 18.64842 2.204779 1 0.0
0.008889323 -0.1263429 1.745552 -8.253545 4.169949 4.019632 -0.07055062 20.95411 1.29594 0 0.0
0.0277158 -0.1289143 -3.025765 -5.23738 0.2871877 0.2833743 0.328624 17.56567 2.769869 1 0.2111954
0.09747961 -0.004673594 -1.979695 -2.316529 1.010268 0.973643 0.08152742 19.63827 2.91918 0 0.0
0.1037605 -0.07654673 -1.821792 -4.159412 0.9437194 0.904246 0.1565416 19.3609 2.436216 1 0.4473713
0.1056212 -0.01616052 -1.165523 2.299637 2.638189 2.499066 0.3773424 20.55282 2.191307 0 0.0
0.06818947 -0.09152266 -2.714497 -4.40665 0.1363348 0.1080057 -0.007925383 15.04432 3.008259 1 0.9746391
0.1099231 -0.004367929 -3.145814 -2.679243 0.8909632 0.8683206 0.1549573 19.25323 2.172659 0 0.0
0.1107244 -0.07027654 3.305286 -8.407397 2.734246 2.480433 -0.3770518 20.48931 1.272797 0 0.0
0.02717351 -0.0873589 -2.83176 -2.111311 2.038087 1.981358 0.4038376 20.11687 1.857841 0 0.0
0.05357335 -0.05455726 -0.06086747 -6.563125 1.795816 1.682641 0.1809455 19.97127 1.888052 0 0.0
-0.01807995 -0.1124944 -6.162464 -0.9582708 2.078982 2.007785 0.2862713 20.33313 2.337442 0 0.0
-3.971279e-05 -0.1118989 0.9442499 -2.254116 1.022942 0.9638202 0.1986585 19.39015 2.515812 0 0.0
-0.01901824 -0.1134534 -5.645839 -4.91401 2.099896 2.014192 0.4711248 20.10419 2.001007 0 0.0
0.1235374 -0.04096106 0.04385208 -3.378706 2.043732 1.951294 0.2792615 20.27713 1.106457 0 0.0
-3.971178e-05 -0.1232724 -5.556678 -7.492844 1.050457 0.9860921 -0.09403384 19.30044 2.818945 0 0.0
0.04170684 -0.05008281 2.126332 1.110808 0.3214443 0.3201649 0.2289209 17.51461 2.52231 1 0.0
0.1229348 -0.03017293 -0.6240693 -3.483966 3.081376 2.970624 0.1761429 20.52758 0.9362316 0 0.0
0.009616509 -0.09124392 -1.786149 -3.401962 0.6471696 0.5152868 0.06184833 18.84646 2.345978 0 0.0
0.1154214 -0.05138877 -1.564497 -4.975945 1.459008 1.402997 0.1326272 19.96651 1.681679 0 0.0
0.1159213 0.009135082 -4.51755 -7.225425 1.70521 1.646771 0.09398853 20.02532 nan 0 0.0
0.07524366 -0.08426203 0.9645886 -8.650595 2.200764 2.109422 0.1412765 20.46722 nan 0 0.0
0.01630631 -0.08936252 -4.250721 -5.279597 1.227391 1.112866 0.2823972 19.55278 1.995983 0 0.0
0.1183713 -0.0001943942 -4.584402 2.836352 0.3814017 0.2995404 -0.03089399 18.27681 2.416147 1 0.0
0.1258799 0.0003424078 -11.07304 -9.009582 0.6960405 0.6809466 0.1316692 19.05351 2.21862 1 0.0
0.04264463 -0.05728027 0.3677669 -4.06177 2.051685 2.046284 0.3315481 20.20462 2.487383 0 0.0
0.06470543 -0.1119832 2.205834 0.5371217 1.519671 1.488387 0.3519824 20.00715 2.246923 1 0.002616764
0.07776565 -0.02924358 -7.332686 -7.677903 2.577075 2.482872 0.04138635 20.42778 1.42902 0 0.0
0.1008111 0.0003515405 -2.114838 -5.320771 0.214956 0.2081386 0.2004278 17.09986 2.647037 1 0.001677604
0.05087277 -0.1100584 -0.02819178 -7.54671 1.408687 1.366589 0.1601081 19.93466 1.793381 0 0.0
0.09885954 -0.06289475 -2.174382 -3.98705 0.1931716 0.1825589 0.06465237 16.84209 2.56687 1 0.5986887
0.06967311 -0.08897753 -3.029135 -5.295283 0.3686804 0.3572426 0.3391333 17.81086 2.567131 1 0.4366982
0.07950931 -0.09845485 -6.395965 -4.310752 2.914889 2.807096 0.2692805 20.61802 1.944143 0 0.0
0.05493409 -0.0670968 -8.327803 -3.75103 2.840902 2.598688 -0.07218963 20.47637 nan 0 0.0
0.07881249 -0.1019504 -3.813061 -7.929127 1.407748 1.347573 0.09787776 20.02055 2.466412 1 0.05339556
0.07507088 -0.03128733 3.445444 0.02213296 4.006877 3.959865 0.0621961 20.94298 0.6460075 0 0.0
0.1013424 -0.06032324 -4.395754 -7.105009 1.437481 1.355738 0.03867405 19.87683 1.597906 0 0.0
0.04179168 -0.1142536 -1.973481 -4.831332 0.2584049 0.2557441 0.292198 17.43396 2.574158 1 0.172808
0.07620894 -0.1041048 -1.186898 -5.36716 0.2792087 0.2821807 0.03372531 17.12126 nan 0 0.0
0.02986759 -0.08747303 -2.753974 -1.921486 0.675734 0.655871 0.2454354 19.04395 2.31996 1 0.01333563
0.0796916 -0.09471028 -5.409738 -5.310486 0.4301133 0.3741166 0.04678638 18.11245 2.263035 0 0.0
0.07431143 -0.04703809 -3.078585 -5.394726 1.888569 1.883893 0.3910022 20.21218 2.04328 1 0.5139033
0.03225639 -0.1230542 -1.255618 -4.344989 0.2363631 0.2341277 0.2994723 17.04359 2.630643 1 8.917503e-05
0.1176765 0.006059506 -3.533639 -0.7050384 0.821037 0.6939173 0.04661113 18.9657 2.025696 0 0.0
0.08563612 -0.03392134 -4.477943 -1.261439 2.580424 2.473909 0.1347896 20.52221 2.189337 0 0.0
0.1234292 0.00621104 -1.890852 -5.062399 0.5250534 0.4507908 0.06090498 18.50965 2.648424 1 0.4317658
-0.02640344 -0.1199253 -3.599323 -12.44363 3.101973 2.953179 0.3938258 20.6852 1.972494 0 0.0
0.1237628 0.008509781 -8.229323 -8.030491 0.9193956 0.8996092 0.1648863 19.3303 2.331413 0 0.0
0.02565761 -0.1287649 -1.476052 -7.773517 0.3360549 0.3308662 0.3073693 17.93809 2.476969 1 0.0
0.06470812 -0.09342759 -5.104059 -5.433262 0.4481505 0.3474166 0.2260466 18.19386 2.497482 1 1.357138e-05
0.07209509 -0.08681689 -1.683532 0.884956 0.8754423 0.8120497 0.1379388 19.18357 1.904606 1 0.0
0.08236597 -0.03686616 -0.6993007 -9.913744 2.516071 2.359818 0.05261167 20.4884 1.926609 0 0.0
0.0486389 -0.05447087 -2.512229 -2.8388 3.837394 3.674947 0.07876994 20.86165 1.501446 0 0.0
0.06619986 -0.03572721 -1.839268 -3.862801 1.133783 1.064434 0.1055962 19.44574 2.48958 0 0.0
0.04784862 -0.08435082 1.920776 -4.179335 2.312616 2.258506 0.6183979 19.95861 2.499918 0 0.0
0.02874872 -0.06965452 0.2986281 -18.74789 1.497865 1.400816 0.1823478 19.82859 2.457998 0 0.0
0.05983948 -0.05705858 -2.350623 -0.7057958 1.30777 1.218677 0.1048486 19.63408 2.083593 0 0.0
0.04085286 -0.1194982 -2.01441 -7.726037 2.243253 2.102126 0.3206077 20.28765 1.936214 0 0.0
0.03601321 -0.07877598 -4.742917 -0.4801266 1.530275 1.434966 0.09993447 19.98064 1.312822 0 0.0
0.03219978 -0.06856709 -1.063181 -7.137572 3.379875 3.145712 0.1469679 20.54015 2.102802 0 0.0
0.06719427 -0.06672462 -1.281273 -3.100339 1.354429 0.9774021 0.08655203 19.71363 2.027685 0 0.0
0.008890092 -0.08775204 -0.9839325 -3.440257 1.345973 1.248529 0.03665002 19.79508 2.096489 1 0.4460551
0.007770032 -0.09061733 -3.420379 -2.341541 1.272687 1.17906 -0.0710923 19.69944 2.598343 0 0.0
0.06395128 -0.09400922 -7.464673 -2.778542 1.926589 1.883189 0.3513841 20.22585 1.913897 0 0.0
0.02705 -0.1274699 -5.215715 -7.481765 2.392543 2.259025 0.2844494 20.51979 1.533314 0 0.0
0.06628243 -0.09159104 -0.7736213 -3.530188 1.879401 1.851823 0.3168592 20.15481 nan 0 0.0
0.06904047 -0.06922638 -0.7475154 2.186704 1.891696 1.864709 0.2797541 20.27006 1.587093 0 0.0
0.1067873 -0.07800607 -2.185805 -2.41263 1.764289 1.738754 0.264356 20.24981 2.078449 0 0.0
0.1071089 0.001633741 -3.326385 -7.486415 2.285075 2.21699 -0.01315891 20.48483 2.270329 0 0.0
0.07809946 -0.02467125 -1.562885 -4.013504 1.237873 1.192057 0.1390939 19.75532 2.172041 0 0.0
0.01040329 -0.1019747 -7.582724 -6.051009 2.67035 2.506728 0.253665 20.58882 1.460638 0 0.0
0.0239929 -0.1283714 -1.620488 0.3467188 0.3957954 0.3094347 -0.01787356 18.34951 2.136576 1 0.0
0.09054147 -0.0291997 -6.500656 -6.759441 1.781506 1.707224 0.2976045 20.12491 2.663395 1 0.2346735
0.132539 -0.005790664 -3.076609 -9.035541 2.828151 2.97229 0.3892857 20.45326 1.672922 0 0.0
0.05308992 -0.04669321 -3.715154 -0.06756628 2.242964 2.163257 0.2693836 20.25526 nan 0 0.0
0.07951267 -0.07954446 -4.413834 -2.272627 1.867255 1.837434 0.3701929 20.19095 1.585043 0 0.0
0.02608147 -0.126767 -4.008211 -8.035185 0.1894426 0.1895584 0.3200117 16.13402 3.116275 1 0.0
0.07094474 -0.08726875 -2.558664 -0.6133262 2.903666 2.779459 0.2794583 20.61474 nan 0 0.0
0.1156787 0.00787534 -2.904401 -5.299953 0.5244453 0.3986972 -0.1971599 18.43895 2.60359 1 0.3210182
0.08178001 -0.09590418 0.8875516 -5.008193 1.781131 1.724443 0.2104523 20.02795 2.266809 0 0.0
0.0463993 -0.04881154 -1.994224 -0.7424731 2.557255 2.448101 0.06120723 20.61736 0.4330635 0 0.0
0.05505117 -0.09967382 0.2039347 -8.270853 0.1151713 0.0910625 0.02834269 15.20905 2.830369 1 0.0
0.09895098 -0.06008477 -0.7884604 -3.861208 0.3165894 0.2967316 0.2632997 17.13162 2.701795 1 6.083402e-05
0.03782621 -0.1173846 -1.583972 -2.704131 2.001887 1.947813 0.3529644 20.33646 1.686396 0 0.0
0.0325593 -0.1199629 -3.361879 -5.581153 1.137038 1.055961 -0.1541247 19.30107 2.256401 0 0.0
0.001080306 -0.0828844 -2.06304 3.059241 1.609722 1.512556 0.1318295 19.69414 2.423819 0 0.0
0.1086643 -0.07713629 -4.098749 -3.377063 2.058358 2.036481 0.2788923 20.23779 2.161077 0 0.0
0.04932884 -0.1119326 -2.328609 -5.168659 1.119866 1.054453 0.07467043 19.55965 1.846817 0 0.0
0.09355813 -0.08103488 3.839779 -2.334754 2.130967 2.034575 -0.1758747 20.40608 2.006262 0 0.0
0.03822442 -0.06213789 4.352969 -3.255495 0.4364135 0.3526209 0.08401274 18.14887 2.30493 1 0.0
0.02199783 -0.07547441 -2.923651 -6.358512 1.363258 1.261724 0.06481211 19.92367 2.278755 1 0.5150574
0.02039327 -0.07945211 -1.457668 -3.490452 1.117344 1.043135 0.09136573 19.53603 2.441553 0 0.0
0.007648972 -0.08938613 -5.908304 1.713071 1.67416 1.642236 0.2631482 20.04556 2.102846 0 0.0
0.1107903 -0.04856331 -1.840744 -4.887885 0.3234403 0.3132489 0.3216244 17.65092 2.594488 1 0.1306434
0.04866782 -0.0670074 6.940288 2.126515 2.200063 2.152425 0.3968321 20.24966 1.817135 0 0.0
0.02953636 -0.06094038 -0.9924021 1.342632 2.327304 2.252226 0.421348 20.32307 2.086325 0 0.0
-0.01835158 -0.1316704 0.8442254 -1.849201 1.262095 1.196741 0.2065482 19.72562 2.268238 0 0.0
0.09786059 -0.06274242 1.351656 -5.945842 1.582427 1.491483 0.06382276 20.03421 1.526613 0 0.0
0.1167391 0.01058446 -7.706402 -10.6959 2.094624 2.026439 0.2371061 20.15764 2.34594 0 0.0
0.12321 -0.02045554 1.228325 -6.226043 1.013683 0.9736939 0.09491377 19.55347 2.088537 1 0.001088689
-0.02776595 -0.1130165 -0.8440796 -4.273178 3.063542 2.779627 0.3688312 20.63672 1.788664 0 0.0
0.06189273 -0.095325 -3.202114 2.583167 1.95868 1.909763 0.3510778 20.13424 2.018642 0 0.0
0.02935422 -0.06871567 1.102847 -4.686324 1.221665 1.138159 0.07336271 19.72598 1.849709 0 0.0
0.02399555 -0.07916571 -1.73641 -1.986108 1.212745 1.14128 0.1414997 19.48269 2.500664 0 0.0
0.01694234 -0.08011286 -2.062028 -6.043021 3.038159 2.842732 0.2042811 20.6176 1.577913 0 0.0
0.05075221 -0.1055084 -4.907674 -4.802686 1.846448 1.810652 0.3225594 20.17492 2.274351 0 0.0
0.09113894 -0.06877872 -7.796213 -14.36025 2.298642 2.201 0.2780395 20.56529 nan 0 0.0
0.09405732 -0.009922848 -3.960362 -4.033921 1.421536 1.363529 0.1368588 19.95769 3.64485 0 0.0
0.06401767 -0.05301271 -3.853281 -5.833996 1.515266 1.398759 0.119759 20.02213 2.389231 1 0.5410644
0.06676971 -0.07178904 -1.257194 -3.075546 2.123683 1.966669 0.03205672 20.52985 2.345325 1 0.3361893
0.1015554 -0.05584626 -1.600346 -2.920121 0.1571508 0.1261166 -0.009305177 15.44094 2.644345 1 0.0
