data/gcs/IC_1276_Pal_7.ecsv
# %ECSV 0.9
# ---
# datatype:
# - {name: x, unit: deg, datatype: float64}
# - {name: y, unit: deg, datatype: float64}
# - {name: pmx, unit: mas / yr, datatype: float64}
# - {name: pmy, unit: mas / yr, datatype: float64}
# - {name: pmx_e, unit: mas / yr, datatype: float64}
# - {name: pmy_e, unit: mas / yr, datatype: float64}
# - {name: pm_corr, datatype: float64}
# - {name: g_mag, unit: mag, datatype: float64}
# - {name: bp_rp, unit: mag, datatype: float64}
# - {name: filter, datatype: int64}
# - {name: memberprob, datatype: float64}
# meta: !!omap
# - comments: [deg deg mas/yr mas/yr mas/yr mas/yr dimless mag   mag   zeroone float]
# - __serialized_columns__:
#     bp_rp:
#       __class__: astropy.units.quantity.Quantity
#       unit: &id001 !astropy.units.Unit {unit: mag}
#       value: !astropy.table.SerializedColumn {name: bp_rp}
#     g_mag:
#       __class__: astropy.units.quantity.Quantity
#       unit: *id001
#       value: !astropy.table.SerializedColumn {name: g_mag}
#     pmx:
#       __class__: astropy.units.quantity.Quantity
#       unit: !astropy.units.Unit {unit: mas / yr}
#       value: !astropy.table.SerializedColumn {name: pmx}
#     pmx_e:
#       __class__: astropy.units.quantity.Quantity
#       unit: !astropy.units.Unit {unit: mas / yr}
#       value: !astropy.table.SerializedColumn {name: pmx_e}
#     pmy:
#       __class__: astropy.units.quantity.Quantity
#       unit: !astropy.units.Unit {unit: mas / yr}
#       value: !astropy.table.SerializedColumn {name: pmy}
#     pmy_e:
#       __class__: astropy.units.quantity.Quantity
#       unit: !astropy.units.Unit {unit: mas / yr}
#       value: !astropy.table.SerializedColumn {name: pmy_e}
#     x:
#       __class__: astropy.units.quantity.Quantity
#       unit: &id002 !astropy.units.Unit {unit: deg}
#       value: !astropy.table.SerializedColumn {name: x}
#     y:
#       __class__: astropy.units.quantity.Quantity
#       unit: *id002
#       value: !astropy.table.SerializedColumn {name: y}
# schema: astropy-2.0
x y pmx pmy pmx_e pmy_e pm_corr g_mag bp_rp filter memberprob
[from data line 5181]
0.07118165 0.07182884 -6.74291 -5.516898 1.952267 1.927855 0.5225484 19.86261 2.509975 0 0.0
-0.004218002 0.01423679 -2.664021 -1.659831 0.7960568 0.6183355 0.05829861 18.52356 2.265734 0 0.0
0.04213524 -0.001095464 -3.850636 -4.376238 2.271556 2.183922 0.3186535 20.19937 2.521708 0 0.0
-0.02341485 0.03345179 -3.709019 -4.457361 0.9274719 0.871818 0.1263705 19.27502 nan 0 0.0
-0.01112232 0.05817053 -7.996159 -4.069612 1.068761 1.012071 0.2945192 19.34763 2.203266 0 0.0
-0.07122365 0.0258484 -2.036413 -6.402162 0.6135417 0.4867304 0.01397474 18.80486 2.36927 1 0.01183379
0.1092344 0.02722318 -4.381407 -4.877255 2.17775 2.239161 0.4226171 20.53477 1.848581 0 0.0
0.07611667 0.06692329 -7.325305 -4.277465 1.081973 1.067483 0.1688826 19.46281 nan 0 0.0
0.0413186 0.007890608 -1.244276 -4.08422 1.56127 1.487308 0.2539387 19.91453 1.964977 0 0.0
0.0004446704 -0.03028643 -3.1415 -5.333266 2.113137 2.019529 -0.06142557 20.50796 2.507578 0 0.0
-0.07373676 0.02600392 -2.698519 -5.963743 1.144141 1.103755 0.2591304 19.30607 2.617367 0 0.0
0.02106322 0.005930294 -1.591222 -0.003320358 0.6152831 0.4627653 -0.1190585 18.63031 2.188435 0 0.0
0.0195468 -0.05383163 1.80419 -2.798327 0.8808111 0.8241642 0.09863391 19.27847 2.256868 0 0.0
0.007741174 -0.008518402 -2.391621 -4.029906 0.232866 0.2271869 0.2734178 17.24118 2.550793 1 0.9897979
-0.03006994 -0.06000343 -6.437765 0.9294009 0.5407681 0.438479 -0.02663979 18.72791 2.431108 1 0.0
0.01097955 -0.05556608 -4.712241 -6.530358 1.090013 1.017607 0.1061483 19.47732 2.099815 0 0.0
0.005622003 0.002674428 -4.294008 -4.725337 2.284033 2.242474 0.2867901 20.36706 0.7444382 0 0.0
0.01842901 0.002800927 -3.94608 3.630619 2.770083 2.872538 -0.2581826 20.37017 2.003546 0 0.0
0.009195934 0.06662823 -2.644964 -4.721026 2.388457 2.301938 0.1421666 20.50122 1.573278 0 0.0
0.06854125 0.03230804 -2.808313 -4.192794 0.2397005 0.2302578 0.2674847 17.27251 2.557734 1 0.964202
0.04192281 -0.006419808 -5.44358 -5.483369 2.374615 2.288324 0.3383069 20.25005 1.633736 0 0.0
0.06042465 0.0176765 -0.8326961 -5.598709 3.02225 2.880261 0.3603413 20.45425 0.7287121 0 0.0
0.04007883 0.02590563 -6.634252 2.390494 0.7363333 0.7141712 0.1308449 19.09502 2.060097 0 0.0
0.01652094 -0.01491731 -1.939441 -0.3836607 0.4597678 0.4534503 0.1694185 17.76433 2.148497 0 0.0
-0.01212341 0.1278792 -6.574011 -4.640832 1.760618 1.687739 0.3517519 19.94048 1.787985 0 0.0
0.0416203 -0.003711822 -3.234563 -4.813179 2.113897 2.036873 0.3905142 20.20014 1.996328 0 0.0
-0.01169634 0.007469863 -5.055153 -4.523569 1.742525 1.672986 0.1658093 20.11489 1.638052 0 0.0
-0.04615734 0.0652255 -2.728239 -2.923132 1.245349 1.1689 0.2011832 19.63405 1.822426 0 0.0
-0.019809 -0.02812154 -5.292193 -3.746109 1.403692 1.341227 0.1444045 19.87312 2.105581 0 0.0
0.05194606 0.01009632 1.704695 -5.932307 3.573513 3.480251 0.4453981 20.71178 nan 0 0.0
0.009256814 0.08234572 -2.460728 -0.3435043 3.265495 3.169966 0.05385989 20.76513 nan 0 0.0
-0.03534167 -0.00465638 -5.303049 -5.772907 1.403769 1.34418 0.3042864 19.80474 2.057169 0 0.0
0.02424107 -0.01685696 -7.276822 -5.204122 2.623682 2.584423 -0.4846718 20.23521 2.638515 0 0.0
-0.07171351 0.0602378 -6.544859 -0.7851889 2.282967 2.185647 0.3785534 20.26553 1.854225 0 0.0
0.01725271 0.1217141 0.1376859 1.385479 3.266681 3.222354 0.5330855 20.52296 1.306387 0 0.0
0.1175931 0.03483999 4.920311 -15.72801 1.537176 1.572782 0.5855507 20.00763 nan 0 0.0
-0.004369119 -0.01383414 -2.042636 -4.32799 0.3753144 0.3655405 0.2706978 17.87872 nan 0 0.0
-0.04289106 0.1085474 -2.229075 -6.585841 1.090266 1.064283 0.4144674 19.33415 2.041876 0 0.0
-0.07577462 -0.09923336 -4.079558 1.823141 1.360405 1.257414 0.3331647 20.01313 nan 0 0.0
-0.007245653 0.008765523 -3.008302 -6.255535 1.674006 1.634738 0.3366149 19.99629 2.473478 0 0.0
0.05733942 0.04215104 -4.462633 -5.888515 0.8384481 0.8206402 0.2235033 19.11112 1.946274 0 0.0
-0.02105307 0.03251015 -4.009811 -3.74055 1.760214 1.696592 0.2076832 20.03607 1.976881 0 0.0
-0.01051581 0.01926064 -3.951582 -6.459624 1.961373 1.915501 0.3417756 19.97283 nan 0 0.0
0.02409163 0.01953812 4.51244 -5.243368 3.366471 3.322046 0.001278192 20.62846 nan 0 0.0
-0.01090988 0.03847097 -2.027639 -6.070891 2.270946 2.305352 -0.2040912 20.23029 1.002934 0 0.0
0.03702058 0.02400903 -3.636371 -1.66546 1.38459 1.344213 0.03499122 19.86511 1.582634 0 0.0
-0.004097196 0.04784093 -4.574829 -4.07977 2.210469 2.098855 0.2383665 20.43253 2.089369 0 0.0
-0.0394589 -0.008437561 -2.275362 -5.558169 1.624373 1.548949 0.3060649 19.92194 1.904665 0 0.0
-0.01487441 -0.02330244 0.7738239 -5.791095 0.921524 0.8767101 0.1196071 19.26159 2.326126 0 0.0
-0.0003122959 0.1249941 -4.637934 -1.977219 1.502625 1.478783 0.3044195 19.90342 2.138922 0 0.0
0.02630322 0.04232843 -2.657755 -2.117824 1.268048 1.22159 0.248156 19.77376 1.558088 0 0.0
0.01415827 -0.05283007 -1.057623 -4.018642 2.137352 2.081005 0.3979611 20.25733 1.819572 0 0.0
-0.001674635 -0.003973127 -1.964528 -3.408208 1.813963 1.755167 0.1647385 20.01664 1.962738 0 0.0
0.07608407 0.05300967 -2.422739 -3.215383 1.232722 1.219735 0.04939232 19.61139 1.966625 0 0.0
-0.02928411 -0.04073154 -0.4733386 -0.8685771 0.697211 0.5817614 0.02593034 18.94256 nan 0 0.0
-0.1258488 0.03840022 -2.366447 -4.068411 1.210413 1.159017 0.2529988 19.71222 1.906324 1 0.3951299
-0.05072549 0.02713146 -1.974954 -7.91716 1.225977 1.150891 0.2199212 19.72032 2.342636 0 0.0
0.04800951 0.005163393 -2.669863 -3.177614 2.960037 2.844494 0.3032118 20.49684 1.859415 0 0.0
0.08089054 0.0078085 -2.872369 5.647668 0.9088276 0.8721466 0.1828435 19.40116 2.084005 0 0.0
0.01718762 0.00144342 -5.199472 -1.538734 1.679749 1.591876 0.1264497 19.82095 1.583147 0 0.0
0.07552887 -0.008105015 -7.227861 -5.454534 0.7098064 0.6769656 0.1698403 19.04868 2.50918 1 1.354129e-06
0.01930486 -0.04812865 -2.629245 -6.423193 1.580844 1.51673 0.1966092 20.06796 1.864828 0 0.0
-0.071182 -0.04639052 -0.706281 -0.7525702 1.476814 1.408884 -0.02931689 19.82928 1.384537 0 0.0
-0.04175882 -0.0196978 -4.128567 -5.162464 1.62938 1.606678 0.2510211 20.04877 1.70607 0 0.0
0.07065442 -0.008330726 -4.037902 -4.546152 1.516194 1.43315 0.09559542 19.96198 1.810852 0 0.0
0.0276648 0.02609824 -2.739951 -4.001817 1.696751 1.613749 0.04748638 20.10195 nan 0 0.0
-0.01441928 -0.05464588 -4.397041 -7.597427 2.194298 2.061879 0.1533269 20.53948 2.033798 0 0.0
0.01873078 -0.02144816 2.505746 3.355583 0.3928496 0.3905761 0.4235161 17.99493 2.234684 1 0.0
-0.02304683 -0.05832884 2.68362 -0.6068761 2.557645 2.50059 0.4497533 20.24467 1.609497 0 0.0
0.06881562 0.04461469 1.191835 -10.12142 1.906149 1.889724 0.02848549 20.39648 1.583778 0 0.0
-0.01187672 -0.04128721 1.46898 -8.333015 1.115987 1.043435 -0.03577873 19.66318 1.863438 0 0.0
0.05218905 0.01681206 -8.367822 -9.562722 0.736804 0.7093327 0.1940081 19.09287 1.987534 0 0.0
-0.1084125 -0.06962224 2.034615 -3.480106 0.5491447 0.4690681 0.1210644 18.87541 1.939907 1 0.0
-0.09709938 -0.03042749 -0.9217385 -2.229568 1.484726 1.390551 0.3205754 20.00226 1.326559 0 0.0
-0.07692732 0.09347438 -2.827009 -2.731975 3.165882 3.041746 0.2365669 20.64291 nan 0 0.0
-0.03943555 0.07154852 -3.347087 -0.5595836 2.358962 2.339694 0.006553263 20.20686 nan 0 0.0
-0.05530467 0.08628922 -5.760782 -1.820715 1.368959 1.270404 -0.1043037 19.50751 2.079033 0 0.0
-0.009518251 0.09612105 -4.325969 -1.24905 2.015674 1.909853 0.4114684 20.18995 1.789082 0 0.0
0.03435591 0.02127219 -2.871349 -1.5499 2.099589 1.794855 -0.02485711 20.21915 2.615726 0 0.0
-0.00963775 0.01879479 -3.535903 -3.85996 2.381551 2.421357 -0.2405702 20.25655 1.700686 0 0.0
-0.03059708 0.1261021 -4.395803 -6.12973 0.4335871 0.3486664 0.02659233 18.18133 2.591204 1 0.0
0.0689035 0.02508248 -6.441333 -12.34883 2.784085 2.630509 0.3442265 20.37928 0.8565331 0 0.0
0.03172128 0.01464244 0.7753075 -1.881313 2.933444 2.91755 -0.09726653 20.65818 nan 0 0.0
-0.03769752 -0.07271743 -2.352664 -3.2086 1.197535 1.112337 0.2371859 19.73113 2.281729 1 0.6294219
-0.1106116 0.009965152 -4.417984 -6.657557 0.4495775 0.3596911 0.04282113 18.31831 2.260311 1 0.0
0.08872987 -0.004423841 0.4167033 -1.301718 0.8890692 0.8442004 0.130908 19.34394 2.21327 0 0.0
0.03693076 0.03643636 -3.333145 -0.9520855 1.347853 1.301538 0.1239114 19.88577 1.708616 0 0.0
0.03226435 -0.01223595 -1.003043 -0.2261811 2.152968 2.246535 0.3036602 20.22511 2.251711 0 0.0
0.04232033 0.03570061 -4.217039 -10.43022 2.549205 2.431427 0.1748694 20.62271 1.391161 0 0.0
-0.05692495 -0.0331577 -11.10772 -9.982722 0.6071393 0.4890141 0.004298305 18.97813 2.475279 0 0.0
-0.009850199 0.04211403 -3.785614 -3.62807 1.222738 1.148293 0.1927115 19.58625 2.668877 0 0.0
-0.07562556 0.09581777 2.094535 -7.425023 1.421898 1.328336 0.2173559 19.83217 1.809879 0 0.0
-0.01078805 0.008374923 -2.949652 -2.098219 1.465577 1.413311 0.09070141 19.91393 2.10631 0 0.0
-0.006245741 -0.0469853 -4.059675 -3.107039 2.399828 2.363691 0.724407 20.06011 1.889626 1 0.6215723
-0.000191074 -0.07271919 -2.221248 -5.264755 2.351945 2.253874 0.4337293 20.31643 2.39859 0 0.0
-0.03298347 0.04127513 2.098755 -3.441579 1.920554 1.883844 0.3527946 20.27724 2.660053 1 0.3015395
-0.005458794 -0.03390661 -2.594249 -4.164789 0.1414623 0.1173957 -0.01202905 13.82473 3.565841 1 0.9939982
-0.08181577 -0.003097409 4.800384 -1.510706 1.135505 1.094845 0.1945074 19.62778 2.230236 0 0.0
0.02312085 -0.01756834 3.47573 -3.794012 1.704696 1.647217 0.4207856 19.90479 2.152952 0 0.0
-0.05791967 -0.06678389 -0.9412048 -8.795784 0.1204509 0.09719064 -0.02981532 15.64141 2.730935 1 0.0
0.04211126 0.0670107 0.08548276 -3.264535 0.8483113 0.8453859 0.2038433 18.97414 2.556257 0 0.0
-0.0794654 0.06083303 -2.553453 -6.363264 0.4845414 0.3814408 0.03240997 18.56849 2.581444 1 0.000321243
-0.0828923 0.08962573 -7.165522 -16.23223 2.841673 2.738502 0.1828116 20.62654 0.7678127 0 0.0
0.009800002 -0.005311712 -2.278911 -4.533112 0.1939616 0.1901405 0.2562841 16.53396 2.353026 1 0.9910464
-0.0263799 -0.005477359 -5.838044 -3.145276 1.61837 1.542902 0.1563158 19.8975 2.148624 0 0.0
-0.08502487 -0.004062165 -0.7356941 -0.03656486 1.23573 1.186259 0.2783709 19.60168 1.852009 0 0.0
-0.02156387 -0.05017772 -4.031174 -3.95321 1.014125 0.9516883 0.03348182 19.57622 1.783672 0 0.0
0.01627927 2.534e-05 -2.723979 -4.556645 0.1766413 0.1736302 0.2517029 16.54081 2.477022 1 0.9948585
0.08909522 0.005946342 -3.068095 -4.986141 3.505072 3.203108 0.1129996 20.75331 nan 0 0.0
-0.04073309 0.0205998 5.745746 -3.884486 1.668315 1.624729 0.3301732 20.01828 2.292547 0 0.0
-0.03386127 0.03730349 -2.816561 -1.743181 2.62392 2.547453 0.2980512 20.24131 2.259867 0 0.0
0.1069949 0.03187526 -1.117678 -0.8652496 1.007858 0.9703545 0.1362816 19.49777 2.261488 1 0.006738898
0.08924654 0.005606804 3.833448 -1.09109 2.848331 2.687562 0.2044501 20.56732 1.835438 0 0.0
-0.02619478 -0.06510296 -0.23984 -7.772399 1.06687 0.9980968 0.2249895 19.46379 nan 0 0.0
-0.03230708 -0.1018689 -5.531676 -9.121174 1.829479 1.763761 0.4803109 20.03659 2.080967 0 0.0
0.04059109 -0.001680879 -3.228365 -2.897879 1.985228 1.852601 0.05685172 20.27791 nan 0 0.0
-0.01841416 -0.08203553 -4.084317 -2.480896 1.231465 1.152022 0.2400165 19.32836 2.256668 0 0.0
0.08973173 0.009441433 1.098713 1.592821 2.862395 2.721868 0.4784934 20.48066 2.282806 0 0.0
0.07549928 -0.004010409 -4.6979 -2.254256 1.921548 1.712638 0.4050395 19.93663 2.338598 0 0.0
-0.03925112 0.03959808 -4.440675 -5.597953 1.235688 1.21475 0.6077081 19.10304 2.035324 0 0.0
0.007286063 -0.06869237 -3.120759 -1.722744 3.745321 3.558951 0.2744436 20.82183 1.133507 0 0.0
-0.02773663 -0.09774109 -2.259876 -4.08731 1.077177 0.9986884 0.4204896 19.30174 2.471863 0 0.0
-0.003097885 0.03559052 -5.99404 -4.305657 2.017784 1.947619 0.1885328 20.21051 2.690252 0 0.0
-0.03757883 -0.04399991 -0.5433067 -6.431171 1.149985 1.101122 0.241582 19.33469 2.031666 0 0.0
-0.02102126 -0.0005432451 -3.40671 -8.124966 2.810668 2.69679 0.03095892 20.68274 1.366926 0 0.0
-0.1073071 -0.008089016 -3.751655 -4.599774 0.2989284 0.2967381 0.3599244 17.63087 2.539146 1 0.04566613
0.02545534 0.0412842 1.632012 -3.737478 2.315378 2.224711 0.2295012 20.23479 0.8746967 0 0.0
0.01434067 -0.02869497 -3.104261 -4.364724 0.2374123 0.2383596 0.3088937 16.87775 2.811587 0 0.0
-0.07736945 0.02198977 -0.3562477 -2.920395 1.745872 1.712207 0.31939 20.09145 1.907518 0 0.0
-0.06977241 0.0395944 2.994795 -2.449935 1.322033 1.272649 0.2399957 19.60661 2.025259 0 0.0
0.0213055 0.007297852 -4.025573 -7.213668 1.34957 1.274834 0.1264731 19.74891 2.23461 0 0.0
0.01979081 -0.01208694 -5.551514 -11.9212 1.170111 0.9715793 0.1293841 18.95442 nan 0 0.0
-0.1156549 -0.04093943 1.413058 -0.09266855 0.9682047 0.9270363 0.2684768 19.16523 2.447662 0 0.0
0.007712929 0.1116559 -5.737016 0.4312029 4.480216 4.206576 -0.3071977 20.70438 nan 0 0.0
-0.01581324 -0.0143551 -3.698269 -3.622203 0.7895323 0.6311316 -0.1709207 19.03441 2.206226 0 0.0
-0.05723273 0.006623351 -5.157888 -7.431455 0.3091336 0.3084618 0.3211334 17.4454 2.560158 1 0.0
0.01055905 0.08728715 -3.9485 -4.204828 1.231266 1.191339 0.1559154 19.77292 2.724716 1 0.6002364
-0.03718274 -0.07471151 -11.94495 -11.41681 2.031235 1.868499 0.1643751 20.3236 nan 0 0.0
-0.1191753 -0.008094366 0.3269334 -5.916241 0.3236295 0.2604377 0.06072886 18.07191 2.486864 1 0.0
0.04210162 -0.03695647 -7.489039 -7.04259 3.511805 3.349596 0.3170739 20.56879 1.552532 0 0.0
0.02514944 -0.01492153 -2.409803 -9.483169 2.480852 2.503126 0.4436118 20.43163 2.27014 0 0.0
0.009771913 0.09672615 -6.711474 0.3740078 0.9200625 0.8735084 0.1305005 19.24999 1.989737 0 0.0
0.03144705 -0.01031949 -3.64934 -6.3153 1.557066 1.492866 -0.01345374 19.99912 2.594126 0 0.0
0.02100193 -0.01010097 -1.958832 -4.412384 0.211325 0.2082106 0.1262709 17.09744 2.576468 1 0.9500139
0.03084311 0.01283243 -2.644505 -4.62979 0.1660336 0.1216772 -0.3370139 15.65856 2.625296 1 0.9914067
0.1002087 0.01469732 -4.734292 -4.380429 4.32188 4.303471 0.06913445 20.79063 0.9991627 0 0.0
0.007104995 -0.03306454 -1.462118 -5.918034 1.832786 1.82583 0.4879197 20.03601 2.41308 0 0.0
-0.005217602 0.05314812 0.5724862 -1.337027 3.879747 3.821031 0.04545232 20.68211 1.757099 0 0.0
-0.007731941 0.1185138 -9.66947 -4.505472 2.84982 2.791996 0.1371786 20.391 1.690182 0 0.0
0.003502419 -0.02592434 -3.578158 -6.324488 0.5033701 0.4973131 0.3885591 18.17834 nan 0 0.0
-0.04288392 0.03236174 2.567411 0.379138 1.822966 1.777797 0.2440427 20.18111 1.555023 0 0.0
0.01464508 0.02280343 -3.842838 -4.961798 0.4992407 0.3386005 0.00307825 18.33449 2.434586 0 0.0
0.01788398 0.001299388 -2.539195 -4.318166 0.1800877 0.1765406 0.2659719 16.18521 2.596568 1 0.9960629
-0.03110332 -0.0002543849 -4.991411 -3.992727 1.682354 1.642843 0.2991162 20.0943 2.155016 0 0.0
-0.0234157 0.0499966 -4.778256 -3.586957 3.213257 3.224997 -0.1045502 20.48628 -0.3165474 0 0.0
-0.05442532 0.07644932 -3.963246 -2.423754 2.213073 2.096771 0.2335026 20.20973 1.55542 0 0.0
0.02448333 -0.01574737 1.520345 -3.050775 3.549222 3.334648 0.7858512 20.63272 nan 0 0.0
0.06257786 0.04310641 -1.027912 -3.286128 0.2910587 0.3072904 0.2684081 17.42196 2.618925 1 0.000159404
-0.1262207 -0.0396772 -3.669443 -7.186142 1.25361 1.196911 0.3535623 19.72714 1.938833 1 0.1013284
0.06511729 0.0149388 -4.075172 -5.083101 0.3662603 0.3508819 0.271164 17.85691 2.053923 0 0.0
-0.1001242 -0.04205486 0.8238309 -3.791173 1.459945 1.3904 0.3618154 19.75767 1.943018 0 0.0
0.0774676 -0.001823489 -3.11556 -2.647371 2.600528 2.435951 -0.1582566 20.47051 1.760994 0 0.0
-0.004217838 -0.003479617 -6.29569 -1.358171 2.309887 2.312723 -0.1738643 20.34668 nan 0 0.0
-0.02571385 -0.005063427 -3.711083 -2.785551 1.146796 1.095397 0.1902864 19.45528 2.391768 0 0.0
0.01537126 0.008185009 0.8509775 -3.203604 1.302741 1.228328 -0.08594783 19.03322 2.477806 0 0.0
0.02278913 0.008527543 -0.1723942 -3.869043 1.748543 1.69649 0.1251223 20.11273 1.75713 0 0.0
0.01809562 -0.006078245 -2.099811 -4.096633 0.1741677 0.1744202 0.1412538 16.68274 2.471598 1 0.9677612
