data/gcs/IC_1276_Pal_7.ecsv
# %ECSV 0.9
# ---
# datatype:
# - {name: x, unit: deg, datatype: float64}
# - {name: y, unit: deg, datatype: float64}
# - {name: pmx, unit: mas / yr, datatype: float64}
# - {name: pmy, unit: mas / yr, datatype: float64}
# - {name: pmx_e, unit: mas / yr, datatype: float64}
# - {name: pmy_e, unit: mas / yr, datatype: float64}
# - {name: pm_corr, datatype: float64}
# - {name: g_mag, unit: mag, datatype: float64}
# - {name: bp_rp, unit: mag, datatype: float64}
# - {name: filter, datatype: int64}
# - {name: memberprob, datatype: float64}
# meta: !!omap
# - comments: [deg deg mas/yr mas/yr mas/yr mas/yr dimless mag   mag   zeroone float]
# - __serialized_columns__:
#     bp_rp:
#       __class__: astropy.units.quantity.Quantity
#       unit: &id001 !astropy.units.Unit {unit: mag}
#       value: !astropy.table.SerializedColumn {name: bp_rp}
#     g_mag:
#       __class__: astropy.units.quantity.Quantity
#       unit: *id001
#       value: !astropy.table.SerializedColumn {name: g_mag}
#     pmx:
#       __class__: astropy.units.quantity.Quantity
#       unit: !astropy.units.Unit {unit: mas / yr}
#       value: !astropy.table.SerializedColumn {name: pmx}
#     pmx_e:
#       __class__: astropy.units.quantity.Quantity
#       unit: !astropy.units.Unit {unit: mas / yr}
#       value: !astropy.table.SerializedColumn {name: pmx_e}
#     pmy:
#       __class__: astropy.units.quantity.Quantity
#       unit: !astropy.units.Unit {unit: mas / yr}
#       value: !astropy.table.SerializedColumn {name: pmy}
#     pmy_e:
#       __class__: astropy.units.quantity.Quantity
#       unit: !astropy.units.Unit {unit: mas / yr}
#       value: !astropy.table.SerializedColumn {name: pmy_e}
#     x:
#       __class__: astropy.units.quantity.Quantity
#       unit: &id002 !astropy.units.Unit {unit: deg}
#       value: !astropy.table.SerializedColumn {name: x}
#     y:
#       __class__: astropy.units.quantity.Quantity
#       unit: *id002
#       value: !astropy.table.SerializedColumn {name: y}
# schema: astropy-2.0
x y pmx pmy pmx_e pmy_e pm_corr g_mag bp_rp filter memberprob
[from data line 7691]
0.01567254 -0.03465119 -3.144939 -2.582344 1.635012 1.569688 0.2302498 20.12086 1.846321 0 0.0
0.04776853 0.01688837 -6.526967 -2.955254 2.297199 2.27975 0.091586 20.36555 1.392811 0 0.0
-0.09218942 -0.05733008 -0.598548 -1.970078 0.2033722 0.2023104 0.2487061 16.55704 2.700603 1 0.0
-0.000433365 0.05109059 -1.397073 -4.676168 0.6913704 0.5704481 0.04230425 18.9191 2.575357 0 0.0
0.05639198 -0.02853279 -2.969683 -6.708317 0.4891564 0.3703508 -0.08201159 18.52647 2.218981 1 6.729772e-06
0.01867263 0.03695342 -5.741346 -7.290924 1.933506 1.844317 0.2421924 20.24754 nan 0 0.0
-0.02749777 -0.0438671 -3.408918 -3.60397 1.728649 1.687278 0.3099211 20.05815 1.28385 0 0.0
-0.04481275 -0.05845779 -1.999537 -3.60408 1.36991 1.291075 0.2125666 19.81903 nan 0 0.0
0.09624733 0.03799549 -0.4777755 1.675671 1.26658 1.214435 0.1705678 19.76834 1.718321 0 0.0
-0.03314054 0.1196695 -5.643492 -7.939539 2.495709 2.374928 0.3261048 20.4014 1.935854 0 0.0
0.021182 -0.04385151 -0.02625921 -6.124111 0.5986167 0.4758176 0.05471397 18.84304 2.089846 1 0.0001015408
-0.03298171 0.01698028 -5.016285 -7.105378 0.8823808 0.8239317 0.1923415 19.21051 2.078321 0 0.0
-0.04281051 -0.1029913 -6.025441 -9.566769 3.754263 3.443125 0.2827231 20.80949 0.9783249 0 0.0
0.005591071 -0.05022826 -3.395037 -4.034428 0.3610082 0.2878064 0.05564979 18.14701 2.607866 1 0.8492086
0.05806637 0.04411552 -3.344807 -5.205593 0.8406494 0.8193211 0.253008 19.07166 nan 0 0.0
-0.04219094 0.06941013 -1.761798 -4.703853 1.310638 1.2252 -0.05048602 19.26328 1.972322 0 0.0
-0.01993014 -0.02726324 -4.152308 -2.637817 1.848211 1.755462 -0.2604107 20.01451 1.71212 0 0.0
0.01951697 -0.04359012 2.828955 -4.667388 0.5217253 0.4200895 0.0923769 18.40981 2.334724 0 0.0
-0.1241975 -0.02101943 -1.747247 -2.489624 0.3320081 0.323752 0.4991768 17.55483 2.177378 1 1.744427e-05
-0.08047271 -0.06423912 -2.566695 -0.3863394 1.390575 1.336481 0.3403555 19.92014 1.718407 1 0.03403017
-0.0501892 0.1066007 -4.411167 -2.042044 2.557652 2.415506 0.3457448 20.53289 1.328321 0 0.0
0.03338808 0.03567465 -3.344425 -7.517829 1.5661 1.54143 0.3655603 19.90702 1.520611 0 0.0
0.00586541 0.09553174 -3.791418 -1.588578 2.397192 2.286106 0.3259745 20.45135 0.7770729 0 0.0
-0.01163584 0.009455891 -4.529541 -3.073925 1.734944 1.670196 0.2199357 19.94654 1.358009 0 0.0
0.05670357 0.04225698 -3.498847 -3.366981 1.049498 1.016885 0.2301112 19.48567 nan 0 0.0
0.02266487 -0.05431815 -3.631507 -4.24905 0.5333535 0.4208595 0.05144897 18.61782 2.515841 1 0.8557335
-0.07749555 0.0512933 -3.479514 -4.548433 0.7200951 0.5728546 -0.06029549 19.00226 2.568617 1 0.7581444
-0.02629148 0.03619964 -3.290117 -3.677546 1.575108 1.543064 0.3032757 20.03668 1.680574 0 0.0
0.02626901 -0.02559082 0.8234028 -3.346083 2.102826 2.069671 0.5031679 20.12484 1.763416 0 0.0
-0.000917778 0.01918829 -5.39679 -12.02257 2.443084 2.313265 0.31657 19.58667 2.304586 0 0.0
0.01067694 -0.05026269 -2.578896 -7.669361 0.5763787 0.4729603 0.2990731 18.5129 2.469971 1 0.0
-0.0834028 0.06601554 -2.501917 -4.32719 0.4079411 0.2856071 0.0871252 18.08394 2.656576 1 0.921369
-0.01327042 -0.003609492 -3.794299 -6.964667 0.4934835 0.3446489 0.08584719 18.28804 2.33897 0 0.0
-0.07117562 -0.08663221 -1.65214 -4.414092 1.045575 0.9891213 0.3074947 19.60143 2.029751 1 0.4969754
0.08624704 -0.005430918 -2.973931 -5.365567 1.399773 1.328542 0.08192394 20.01492 1.498367 0 0.0
0.0007776538 -0.05060159 -2.876042 -3.886737 0.6418695 0.5237207 0.3299073 18.62066 2.615248 1 0.9269559
0.02738935 -0.0226817 -3.713129 -3.87485 0.309346 0.2569703 0.1676325 13.99046 6.534698 1 0.1469866
-0.01087994 0.0525925 -6.449376 -2.460721 1.840144 1.77564 0.1787399 20.09629 2.473864 0 0.0
-0.1211404 -0.01867066 -0.9037009 -7.87619 0.5353881 0.427108 0.1195018 18.60913 2.46299 1 0.0
-0.03940388 0.05542667 -4.55368 -7.400476 0.4672698 0.3557035 -0.01142923 18.44018 2.428017 1 0.0
-0.01996126 -0.00792416 -2.128428 -3.184667 1.492335 1.450032 0.2848661 19.9951 nan 0 0.0
0.0001419331 -0.00904238 -2.407022 -3.810848 1.569515 1.524352 0.1242689 20.05452 2.329943 0 0.0
-0.008759209 -0.006502353 -2.325277 -5.231373 0.7219047 0.5475241 -0.06603845 18.90574 2.190453 0 0.0
-0.07865037 0.07561226 2.431608 -13.38164 1.155827 1.105165 -0.104048 19.35023 0.5332909 0 0.0
-0.05094102 0.05915486 -1.457869 -6.82858 0.1508887 0.1166568 0.02038195 15.01944 3.00935 1 0.0
0.02360953 0.06475088 -3.668774 -2.67963 1.769235 1.680639 0.2735445 20.12507 1.379248 0 0.0
-0.0032487 -0.04511941 -1.753382 0.9405426 1.962074 1.785866 0.532007 19.86875 1.280167 0 0.0
0.003744277 -0.06678641 -1.781521 -6.04693 1.544117 1.447563 0.1343966 19.82688 1.922606 0 0.0
-0.0195096 0.04960387 0.2930605 2.12478 3.776199 3.794693 -0.1862059 20.62182 1.858349 0 0.0
0.01691739 0.06213859 0.8796315 -3.090629 1.428911 1.393934 0.2889184 19.74043 1.81802 0 0.0
-0.06922931 0.05226881 0.2536559 -1.082271 1.402066 1.306265 0.1594991 19.8316 1.557997 0 0.0
-0.08199236 -0.03107205 -3.838118 -5.708356 1.966553 1.9559 0.2056852 20.30362 1.375319 0 0.0
-0.07953332 0.1032777 3.164103 -3.68412 1.953097 1.90424 0.1232818 20.12041 1.464983 0 0.0
-0.04966567 0.02637865 -5.402635 -4.542064 0.3420978 0.2955605 0.1169917 17.98747 2.659786 1 0.0
-0.1208769 0.01529786 -2.53544 -7.663294 0.3967924 0.3516493 0.2097028 17.96613 2.380014 1 0.0
-0.00785201 0.05607586 -1.551252 -3.176488 0.9674114 0.922195 0.3730408 19.12752 2.284166 0 0.0
-0.004067022 0.05979285 -1.526164 -3.230907 0.3392233 0.3404074 0.3185684 17.69587 2.781168 1 0.09616769
0.02015468 0.0005220485 -5.706522 0.5231683 2.27107 2.278871 0.1045615 20.11889 nan 0 0.0
0.03086943 -0.04514334 -5.642065 -2.175998 2.06214 1.859046 -0.7520114 19.42019 2.725344 1 0.7588277
0.02793208 -0.05841638 -0.1069935 -5.053056 2.553149 2.289357 0.1392218 20.43821 nan 0 0.0
0.02463628 0.0131356 0.4837492 2.763303 1.389068 1.336055 0.150416 19.85359 nan 0 0.0
-0.02053814 0.02816619 -3.573992 -6.290084 1.970648 1.920483 0.369628 20.23636 nan 0 0.0
0.07665584 0.03190382 -2.260362 0.3151791 2.531814 2.298562 0.456259 20.21606 1.292377 0 0.0
0.08737405 0.02986817 0.004292372 2.213477 0.9896908 0.9179043 0.2154072 19.42518 2.2519 1 0.0
-0.005791666 -0.0450789 3.205852 -6.486864 0.2311818 0.2278021 0.2509633 16.763 2.483257 1 0.0
0.05227974 0.0155656 -3.360973 -1.156875 2.050975 1.943183 0.1530832 20.37121 1.142691 0 0.0
-0.08092204 0.07879713 -1.70145 -1.73883 1.247678 1.170263 0.2219062 19.5272 1.608492 0 0.0
-0.018628 -0.03525784 -0.3336002 1.105455 1.019683 0.9672532 0.1252318 19.48804 2.009005 0 0.0
0.008134189 -0.0402276 -2.864086 -4.821817 0.2228007 0.2192484 0.354287 16.76173 2.59545 1 0.9728831
0.008557916 -0.04578753 -2.583224 -4.636064 0.4571184 0.3569993 0.07980574 18.33284 2.489954 1 0.9741355
0.08115977 -0.01041007 -5.778243 -4.115204 2.41823 2.303344 0.3640267 20.33551 1.474968 0 0.0
-0.001462762 0.01459539 -4.055369 -3.314019 1.326954 1.245967 -0.03096196 19.50091 nan 0 0.0
-0.03046971 0.03242521 -2.178622 -5.083085 0.6754575 0.5339321 0.01891326 18.8669 2.34964 0 0.0
0.02118319 -0.01841797 -1.502738 2.842521 1.899616 1.842254 0.3855 20.02734 2.175034 0 0.0
-0.005368101 -0.02301946 -0.9863754 -5.201803 1.891003 1.926813 -0.05191354 20.09722 2.453262 0 0.0
0.1045092 0.01952051 -6.777281 -10.86062 1.872355 1.800129 0.1575125 20.21653 1.764227 1 0.009260359
-0.008427596 0.07037094 -0.9609391 -6.383987 2.691898 2.311581 0.114007 20.48704 1.786779 0 0.0
0.03317008 -0.04681434 -4.86288 -2.637746 0.8633072 0.8279665 -0.01703606 19.20447 2.129459 1 0.176812
0.04933684 -0.03928751 -4.749489 -7.891244 1.850849 1.85292 0.384898 20.19864 1.91807 0 0.0
-0.07389884 -0.09350338 -7.621748 -5.965882 2.021161 1.75638 0.1223998 20.44746 2.00065 1 0.1137769
0.06048378 0.006938595 -4.302754 -5.737973 1.532792 1.458252 0.097714 20.03958 1.499197 0 0.0
-0.03331414 0.008407682 3.03092 2.847249 1.335515 1.253581 0.1965867 19.75288 1.953403 0 0.0
-0.005700396 -0.08055938 -1.839604 -6.178268 0.9522372 0.8895954 0.1327475 19.46002 2.483669 0 0.0
0.03468377 -0.04648686 -1.680675 1.551381 1.04476 0.9901496 0.01535968 19.38371 2.295816 1 8.7623e-06
0.03547317 -0.01732357 -1.02504 -5.17147 1.001113 0.9136614 -0.05785951 19.14222 2.352766 1 0.7884231
-0.04770313 0.07935163 -2.868415 -13.66062 2.313642 2.206708 -0.1625881 20.17837 1.384293 0 0.0
-0.1092313 0.06184727 -0.2090815 0.1074946 0.3820077 0.3171563 0.06364193 18.23766 2.034477 1 0.0
-0.07722323 0.05248687 -7.463231 -3.402873 2.398335 2.322073 0.4077737 20.24839 2.06889 0 0.0
0.02190924 -0.02994268 -6.308963 -6.813274 1.895922 1.896696 0.3886435 20.16885 1.978344 0 0.0
0.0006868986 -0.008573172 -0.9391183 -5.963996 0.9880635 0.9449562 0.07995039 19.37079 2.234776 0 0.0
0.05133989 0.004604652 4.60739 -5.84232 0.1440541 0.1162164 0.119973 15.95423 2.562362 1 0.0
0.08521879 0.0006293999 -0.1734594 -7.723663 2.840447 2.66982 0.4342924 20.43768 3.755932 0 0.0
-0.02671411 0.01445251 -2.12371 -4.555267 0.2036835 0.1989503 0.1671931 16.75059 2.684861 1 0.9726389
-0.02607331 -0.07154597 -3.016905 -10.40235 0.1616012 0.1597303 0.2231873 16.18954 2.607229 1 0.0
0.08613532 0.04407433 4.621987 -7.984055 1.118711 0.8807897 -0.1077252 18.45235 2.270281 0 0.0
-0.02011618 0.07211007 -2.040442 -5.915291 1.056353 1.037605 0.3200335 19.45116 2.245216 0 0.0
-0.004309893 0.1265991 1.226899 4.280924 1.631954 1.621853 0.3885562 19.6452 nan 0 0.0
0.02711534 -0.0481753 -3.079911 -5.051039 0.5595796 0.4404375 0.02853538 18.81151 2.582796 1 0.8926395
0.05972204 -0.02955031 -3.43743 2.883022 2.757168 2.651607 0.3332278 20.4119 1.836895 0 0.0
-0.002825612 0.07370791 -2.451747 -4.17721 0.124482 0.1008089 -0.01037949 14.99864 2.985833 1 0.9821986
-0.02132519 0.0241221 -1.584918 0.1113702 1.44134 1.361351 0.1585479 19.68309 1.680265 0 0.0
0.05022484 0.05153937 0.9432993 -1.985085 1.23803 1.216941 0.3271328 19.59203 1.465736 0 0.0
-0.05813837 -0.01412443 -2.63661 -5.486194 1.074392 1.039283 0.09993227 19.09464 2.142252 0 0.0
0.04031454 -0.04722452 -3.559019 -4.56373 2.167129 2.152451 0.4175388 20.09329 0.4944439 0 0.0
-0.08707871 -0.02969017 -1.835375 -1.231582 0.4237583 0.3664517 0.1067846 18.01307 2.33532 1 0.0
-0.01596345 -0.04730359 -0.2543611 -8.882454 0.2579368 0.2557113 0.1255937 17.51674 2.099058 1 0.0
-0.002855129 -0.04770243 -2.072839 -3.857349 0.616501 0.4867718 0.08963477 18.75657 2.575594 0 0.0
0.05878655 -0.006343004 -2.534115 -3.969484 0.2065659 0.1992011 0.2665082 16.77219 2.536012 1 0.9653574
-0.08075766 0.005596476 -7.081481 -1.808398 2.819398 2.778505 -0.02834141 19.91199 1.910217 0 0.0
0.01085884 -0.0397575 -1.596814 -1.602873 2.811647 2.701311 0.3821242 20.55439 nan 0 0.0
-0.01641905 -0.005965647 3.783343 -9.461616 1.699849 1.628104 0.2152736 19.93542 2.013226 0 0.0
-0.04697001 0.01761086 -2.586932 -1.981795 2.255703 2.173166 0.279438 20.30832 1.69009 0 0.0
-0.06383486 0.01926914 -0.9000266 -0.03914858 1.571077 1.503126 0.1712074 19.88624 2.022943 0 0.0
0.05515018 -0.03295769 -1.471549 -4.684712 1.566844 1.456008 -0.06222881 19.85008 2.142673 0 0.0
0.0281455 -0.03418449 -3.75459 -1.740051 1.341484 1.252187 0.1074048 19.77481 2.282032 0 0.0
0.05627733 0.02341624 -2.948471 -1.969175 1.432144 1.365699 0.1977827 19.9957 2.493979 1 0.5234888
-0.07552003 0.007151392 -3.503473 -0.006618061 1.070344 1.029902 0.2716928 19.10326 2.04649 0 0.0
-0.05464577 -0.1038881 1.794884 -0.04514961 1.263718 1.178276 0.2999586 19.68538 2.002577 0 0.0
-0.06336732 -0.07593894 -3.48257 -3.035208 1.698678 1.648358 0.3898528 20.06794 1.296803 0 0.0
0.01204172 0.04329415 -0.8046103 -10.25858 1.709119 1.617786 0.2925991 19.89363 nan 0 0.0
0.03029354 -0.05544584 0.5794504 -3.685392 2.357243 2.331618 0.4469215 20.26456 nan 0 0.0
-0.02344412 0.01390766 -2.229171 -4.299606 0.2647438 0.2578244 0.2387052 17.27124 2.739159 1 0.987861
0.08842907 0.005600289 -1.717365 -3.187551 1.197592 1.144396 0.1854227 19.75336 2.243443 0 0.0
0.05972326 -0.02032924 -1.445004 1.079612 3.14266 3.205837 -0.0611595 20.57767 1.71088 0 0.0
-0.002098286 -0.05043184 1.649843 -4.426159 2.675157 2.593654 0.4701443 20.26984 2.115915 0 0.0
0.01101248 0.05409978 0.1023053 -4.750332 2.190763 2.146891 0.03972544 20.33958 1.671801 0 0.0
-0.04676245 0.06030496 -4.564135 -12.42503 0.9879285 0.8561709 0.4647615 19.08272 1.949812 0 0.0
-0.01221176 0.03385897 -3.149687 -5.608233 1.908707 1.840716 0.1861662 20.19977 2.269527 0 0.0
-0.05842527 0.09841144 -4.567809 -3.35488 2.956104 2.834565 0.2595461 20.67055 nan 0 0.0
-0.0957263 0.06230284 -1.508415 -4.252943 0.7649269 0.607186 -0.07842604 19.06483 2.299023 1 0.5360282
0.0391346 -0.03900184 -3.30792 -5.360305 0.5570926 0.4403885 0.03935951 18.67411 2.905533 1 0.7040421
-0.01012327 0.06733441 -2.710213 -4.231229 0.2099745 0.2029728 0.308335 16.90252 2.590096 1 0.9819801
0.03804731 -0.008460329 -1.952851 -4.55513 0.2638853 0.250519 0.1658316 16.79345 2.553704 0 0.0
0.003380978 -0.07148325 -2.000148 -5.909759 2.929921 2.713418 0.3857325 20.6342 nan 0 0.0
0.02072695 -0.0642973 -1.821616 -3.552766 1.732382 1.660888 0.1400139 20.27937 1.570782 0 0.0
0.01094963 -0.04107929 -3.577077 -4.832363 0.5598513 0.4417582 0.06405309 18.73854 2.486437 1 0.8953562
-0.01357118 -0.06996805 -2.171553 -4.333612 0.205507 0.2052791 0.3855053 16.45706 2.392195 0 0.0
0.000474933 -0.04147398 -0.02559774 -1.783637 0.6197851 0.4862319 0.08797938 18.81787 2.318901 1 3.081348e-06
-0.02592721 0.01996193 -4.526529 -1.917296 1.487561 1.413424 0.11577 19.90266 1.895973 0 0.0
-0.07943959 0.08662085 -3.110748 -4.370489 0.1384434 0.1104773 0.04823061 14.80862 3.174937 1 0.3649469
-0.1103008 -0.02321358 -2.669201 -4.557664 0.1751976 0.176131 0.3040432 16.66507 2.604973 1 0.9590887
0.04737251 -0.006263465 -2.297898 -5.461322 1.58263 1.493642 0.04763471 20.04529 2.255384 0 0.0
-0.08393897 0.0177438 -0.4163412 -2.768363 1.744419 1.708159 0.30987 20.05595 nan 0 0.0
0.04450277 0.06000812 2.038143 -4.201126 2.119918 1.889749 0.08487313 20.30907 1.347364 0 0.0
-0.04066349 -0.07971955 -2.401373 -4.532353 0.2333703 0.2332371 0.2371439 17.10331 2.488902 1 0.9608314
-0.02671074 -0.04250283 1.550726 -2.891471 1.006237 0.9598287 0.1347954 19.29057 2.14168 0 0.0
-0.05941647 0.03576306 -5.910227 -8.450106 1.985321 1.936549 0.3238478 20.2555 1.567942 0 0.0
0.04746968 0.05446983 -0.1270346 -3.820555 0.6918782 0.531813 0.07699201 18.98629 2.202124 1 0.05704572
0.01194835 -0.05266073 -1.811174 -3.495457 0.5384141 0.4234255 0.01770793 18.76361 2.398121 1 0.7022018
0.0119222 0.1047279 2.173009 -16.76493 2.442487 2.335255 0.318522 20.32951 1.675846 0 0.0
0.02745742 0.1022009 -3.062084 -2.613936 0.2324963 0.241015 0.3840725 17.36503 2.59408 1 0.0
-0.03749522 0.04310155 -2.747441 -4.674717 0.2234563 0.2125529 0.1365694 16.82831 2.552146 1 0.9793782
0.03805454 0.07803219 -0.612548 -1.988531 1.614625 1.587003 0.2456102 20.08377 2.188885 0 0.0
-0.02994927 -0.0536963 -1.524524 -0.9743414 0.2625784 0.2578049 0.1502273 17.53286 2.515324 1 0.0
-0.005216836 -0.0135366 -5.524619 -2.368438 2.178268 2.246373 -0.4096184 20.1901 nan 0 0.0
0.01097911 -0.07320999 -0.581613 -3.456726 1.15927 1.082602 0.1278495 19.57906 2.035904 0 0.0
0.02046171 0.09553942 -6.193306 -5.481939 2.101431 2.026719 0.1951417 20.34131 1.974867 1 0.313501
-0.04797865 0.1079351 0.8848496 -1.920882 2.418629 2.292633 0.2753529 20.52523 1.095644 0 0.0
0.02700075 0.06101038 -2.491719 -4.30789 0.2419555 0.238074 0.3846776 16.83968 2.581263 1 0.984552
0.04504785 0.06031658 0.08042435 -3.790866 1.913772 1.68485 0.09663374 20.09841 2.150249 0 0.0
-0.03528617 0.06040709 -2.513919 -5.475401 0.5236524 0.4021455 -0.06124037 18.45363 2.354406 1 0.5440369
-0.0328981 0.1174107 2.460502 -5.477145 2.618399 2.490951 0.3348566 20.36513 1.426409 0 0.0
-0.03987875 -0.0537767 -2.556266 -4.94804 0.3286072 0.3266731 0.2610834 17.74995 2.530117 1 0.9235785
0.04440182 -0.04329481 -7.417637 -6.032707 2.17411 2.084823 0.1310269 20.55479 1.315886 0 0.0
0.005107829 0.04972633 -4.226174 -5.469186 1.666501 1.640032 0.3358595 19.90424 2.240561 0 0.0
