data/gcs/NGC_6809_M_55.ecsv
# %ECSV 0.9
# ---
# datatype:
# - {name: x, unit: deg, datatype: float64}
# - {name: y, unit: deg, datatype: float64}
# - {name: pmx, unit: mas / yr, datatype: float64}
# - {name: pmy, unit: mas / yr, datatype: float64}
# - {name: pmx_e, unit: mas / yr, datatype: float64}
# - {name: pmy_e, unit: mas / yr, datatype: float64}
# - {name: pm_corr, datatype: float64}
# - {name: g_mag, unit: mag, datatype: float64}
# - {name: bp_rp, unit: mag, datatype: float64}
# - {name: filter, datatype: int64}
# - {name: memberprob, datatype: float64}
# meta: !!omap
# - comments: [deg deg mas/yr mas/yr mas/yr mas/yr dimless mag   mag   zeroone float]
# - __serialized_columns__:
#     bp_rp:
#       __class__: astropy.units.quantity.Quantity
#       unit: &id001 !astropy.units.Unit {unit: mag}
#       value: !astropy.table.SerializedColumn {name: bp_rp}
#     g_mag:
#       __class__: astropy.units.quantity.Quantity
#       unit: *id001
#       value: !astropy.table.SerializedColumn {name: g_mag}
#     pmx:
#       __class__: astropy.units.quantity.Quantity
#       unit: !astropy.units.Unit {unit: mas / yr}
#       value: !astropy.table.SerializedColumn {name: pmx}
#     pmx_e:
#       __class__: astropy.units.quantity.Quantity
#       unit: !astropy.units.Unit {unit: mas / yr}
#       value: !astropy.table.SerializedColumn {name: pmx_e}
#     pmy:
#       __class__: astropy.units.quantity.Quantity
#       unit: !astropy.units.Unit {unit: mas / yr}
#       value: !astropy.table.SerializedColumn {name: pmy}
#     pmy_e:
#       __class__: astropy.units.quantity.Quantity
#       unit: !astropy.units.Unit {unit: mas / yr}
#       value: !astropy.table.SerializedColumn {name: pmy_e}
#     x:
#       __class__: astropy.units.quantity.Quantity
#       unit: &id002 !astropy.units.Unit {unit: deg}
#       value: !astropy.table.SerializedColumn {name: x}
#     y:
#       __class__: astropy.units.quantity.Quantity
#       unit: *id002
#       value: !astropy.table.SerializedColumn {name: y}
# schema: astropy-2.0
x y pmx pmy pmx_e pmy_e pm_corr g_mag bp_rp filter memberprob
[from data line 13923]
0.03543019 -0.04318011 -3.283443 -8.668621 0.5852194 0.5814128 0.4128238 18.95428 nan 0 0.0
-0.02137785 -0.0623772 -3.622172 -9.139645 0.07053106 0.06018745 0.0785063 14.26841 1.161338 1 0.9994688
0.01476856 -0.02920144 -5.72706 -12.87615 0.4911259 0.4103252 0.2606021 18.33834 nan 0 0.0
-0.02166947 -0.04501849 -2.012631 -8.530129 1.245489 0.8822128 -0.5360286 18.8237 nan 0 0.0
-0.09780466 0.1031463 -2.857185 -4.165901 1.331764 1.237613 0.3718977 20.11798 0.8075275 0 0.0
-0.09984098 0.2225438 6.339643 4.843919 0.5509228 0.5275862 0.4567563 19.09946 2.273825 1 0.0
0.04058315 0.0185549 -1.16476 -9.017717 0.8497256 0.7871836 0.03720892 19.15907 nan 0 0.0
0.0646287 0.006727536 -0.338506 -9.79343 0.991758 0.9394763 0.2286177 19.4429 nan 0 0.0
0.1636685 0.02847885 -3.501817 -9.771143 0.2968759 0.2940844 0.3737127 18.25563 0.7965565 1 0.9934371
-0.02543125 0.03552219 -3.566034 -9.330668 0.3016256 0.2894159 0.3700282 17.95392 0.6982784 0 0.0
0.07725361 0.05246974 -3.096536 -9.338077 0.5999942 0.6294951 0.4461163 19.01661 0.7805805 0 0.0
0.133874 0.09920207 0.7994122 -7.676097 3.322492 2.110222 -0.294434 20.339 0.9690781 0 0.0
-0.03810026 -0.03323813 -4.749289 -8.390751 0.3520497 0.2913765 0.02215847 17.52341 0.7736549 0 0.0
0.09805227 -0.01486543 -2.754333 -10.09606 1.829645 1.769191 0.350905 20.38747 0.7671108 0 0.0
0.02765482 0.02356059 -3.886745 -9.55477 0.2085664 0.1920364 0.3254343 17.26424 0.9123268 0 0.0
-0.02883294 -0.0560048 -4.882137 -7.839215 1.454509 1.207475 0.09617902 19.55336 nan 0 0.0
-0.07310117 0.03460878 -3.186594 -9.333473 0.3045382 0.2707863 0.2192656 17.8413 0.8602734 0 0.0
0.02802798 -0.04271607 -3.460095 -8.546135 0.6904474 0.7209129 0.6857635 18.64271 nan 0 0.0
-0.1444024 0.1163586 -4.100267 -9.954317 0.5448902 0.510776 0.3386225 18.89789 0.876276 1 0.9803506
0.006784592 -0.09948629 1.185397 -1.249285 4.618538 2.939882 -0.3481782 20.49813 nan 0 0.0
-0.01332396 -0.05700083 -4.214864 -10.06022 0.5164216 0.417196 0.03949475 17.90706 0.794529 0 0.0
0.003364325 0.02060433 -0.243795 -8.16307 1.09434 0.963063 0.1448728 17.90288 nan 0 0.0
0.09660648 0.03022579 -3.161757 -8.963516 0.5059712 0.5489469 0.6241583 18.75694 0.7921772 1 0.9966947
0.1255046 -0.03031849 -4.11582 -9.69675 0.5078464 0.505644 0.4051046 18.98228 0.8238659 0 0.0
0.03086179 -0.01530453 -3.198203 -9.069098 0.6095376 0.6437619 0.6753008 18.71505 nan 0 0.0
0.01576414 -0.02025042 -11.86061 -18.65939 0.999997 1.043581 0.8255423 18.508 nan 0 0.0
0.08056477 0.1917394 0.1730946 -5.717185 0.2401915 0.2337277 0.3892811 17.76677 1.05101 1 0.0
0.02789706 -0.04318524 -2.354351 -9.241631 0.6918108 0.6372024 0.224057 18.9721 nan 0 0.0
0.083093 -0.007053992 -2.734604 -9.162833 0.6637392 0.6724333 0.4048715 19.03274 0.4882946 0 0.0
0.03172142 0.05211614 -3.209006 -8.243768 0.8195374 0.7563174 0.3298386 18.804 nan 0 0.0
-0.008460051 -0.05106652 -3.148436 -8.955495 0.238406 0.2087078 0.1966541 17.53711 0.7741356 0 0.0
0.1279403 0.0303282 -2.639874 -7.930419 0.4194264 0.4294093 0.4283407 18.7706 0.8271427 1 0.8331987
-0.004175176 0.05119244 -3.327577 -9.33212 0.09914282 0.08985201 0.2613201 15.87482 1.051368 1 0.9997656
-0.05472914 -0.04806822 -4.240777 -9.755992 1.209918 0.8994514 0.04991714 19.69003 nan 0 0.0
0.03850169 0.04943383 -1.918206 -8.025059 0.9848863 0.9004211 0.3644095 19.61342 2.605593 0 0.0
0.022954 0.06805645 2.554722 -2.003038 0.6389089 0.650431 0.5540945 18.65684 0.8444881 0 0.0
0.01946354 -0.09728887 -4.302948 -10.56689 1.668366 1.667719 0.3718273 20.06783 0.897543 0 0.0
0.09636769 0.1051028 -4.318201 -10.95843 1.412858 1.572125 0.5148148 20.21273 0.1655483 0 0.0
0.07429684 -0.01241593 -8.053763 -14.38213 0.61954 0.6058587 0.2830255 17.5217 0.6845341 0 0.0
0.04500908 -0.0314406 -3.125797 -9.385134 0.3883359 0.3840625 0.4089011 18.40299 0.6706467 0 0.0
0.05258222 0.08724219 -5.215533 -11.7243 1.308628 1.296078 0.4208909 20.07463 nan 0 0.0
-0.0272149 -0.04387932 -4.201605 -9.445102 1.961295 1.191858 -0.6820248 19.15902 0.8082294 0 0.0
-0.006583775 0.048337 -3.322924 -9.315068 0.05923751 0.04951737 0.04514797 13.40957 1.154803 1 0.9998091
-0.02894209 -0.04107602 -3.667819 -9.728275 0.3020201 0.2703447 0.2234959 17.60203 0.77565 0 0.0
0.007451991 0.07831472 2.254514 -1.347232 1.214911 1.237405 0.5137535 19.92872 1.361052 0 0.0
-0.1026512 0.07877677 -1.826429 -7.188217 0.6879889 0.6795856 0.4014362 19.41847 0.9365406 0 0.0
0.002081837 0.02276348 -3.818097 -9.538104 0.3923914 0.3180316 0.04822743 17.13226 0.7583199 0 0.0
0.007843813 0.06576244 -2.883004 -9.227777 0.6448046 0.639582 0.4936173 19.21881 0.8212738 0 0.0
0.007978143 0.1065796 -3.880785 -9.548606 0.7052169 0.7244834 0.5326769 19.30948 1.211302 0 0.0
0.01742769 0.06358298 -3.338546 -9.473865 0.2785738 0.2691863 0.4052939 17.98292 0.8859978 0 0.0
0.01573169 -0.05836113 -4.219642 -10.46241 0.4879626 0.4788618 0.3705791 18.70747 nan 0 0.0
-0.09553624 0.03511922 -0.9379303 -7.769585 1.09723 1.034143 0.4773714 19.84634 1.046829 0 0.0
0.02736573 0.1110907 -4.243474 -9.936729 0.6784347 0.6757755 0.4706654 19.29437 0.8175087 0 0.0
0.01694567 0.00338906 -0.1052874 -5.40614 0.7441708 0.7542836 0.5547248 18.74717 0.356823 0 0.0
0.07645409 -0.09561807 -3.256347 -10.25477 0.8302111 0.8144096 0.3303967 19.5341 0.8780479 0 0.0
0.05161501 -0.006249775 -2.958916 -9.669563 0.3245871 0.3284208 0.4316746 18.05695 0.7411919 0 0.0
0.06874134 0.08500987 -3.43317 -9.19541 0.5114781 0.5503806 0.5331479 18.78127 0.7273655 0 0.0
0.0826305 0.002776888 -5.582098 -9.951991 0.8269001 0.8358481 0.4395812 19.10483 0.839056 0 0.0
0.02673164 -0.001669559 4.442196 -12.19926 0.9118015 0.7855231 0.1340242 17.70051 nan 0 0.0
-0.0106375 0.008368151 -3.494591 -9.004671 0.06387572 0.05304894 0.2204467 13.70185 1.202827 1 0.999509
0.1312699 0.09138556 -0.1238015 -7.810648 1.713499 1.888647 0.4805958 20.05187 0.5112247 0 0.0
-0.006890026 -0.06147097 -3.040109 -10.88125 0.7588755 0.7389676 0.3256756 19.24469 0.7452145 0 0.0
0.001322101 -0.02541041 -6.150783 -12.30067 0.5011197 0.4169609 0.3447595 18.27261 0.6971436 0 0.0
0.1401024 0.1129108 -4.193702 -10.72527 1.447325 1.506793 0.5021122 20.22639 1.083344 1 0.9464172
0.00696755 -0.09990401 0.4772838 -10.53857 1.459468 1.390816 0.2425197 20.04453 0.7895336 0 0.0
0.03814011 -0.06909629 -4.082375 -8.734407 1.716935 1.820236 0.663682 19.97496 0.7082462 0 0.0
-0.04024997 -0.02226413 -5.556835 -8.963442 0.6788161 0.4810931 -0.3082423 18.22665 0.861311 0 0.0
-0.07613086 0.05876298 -4.579848 -7.952597 1.631808 1.487168 0.4790325 20.2556 nan 0 0.0
0.1351413 0.05054573 -3.248532 -9.556213 0.3123414 0.3498811 0.6266019 17.94966 0.7513542 1 0.9957604
0.0885253 0.01001572 -4.20516 -9.38604 0.3921605 0.3505652 0.2540016 18.25278 nan 0 0.0
0.05098601 0.1393994 -3.903291 -9.995832 0.8286681 0.8429148 0.4813224 19.59759 0.963644 1 0.9861692
0.05205995 -0.006047837 -0.8610975 -6.092509 0.727973 0.775804 0.6953045 18.8531 nan 0 0.0
0.05510017 -0.08813609 -3.918835 -9.405777 1.480671 1.546285 0.4147078 20.21437 0.660181 0 0.0
0.02547055 -0.02047949 -1.121318 -8.501198 0.8671658 0.9054767 0.6420905 18.92489 0.5270424 0 0.0
0.04631998 0.136823 -0.6924774 -12.54189 3.81415 2.45518 -0.3456964 20.55336 nan 0 0.0
0.07860188 -0.02723757 -2.787542 -9.446831 0.5913092 0.6121927 0.4856983 19.03808 nan 0 0.0
-0.04096855 0.006156968 -3.365904 -9.026794 0.09684893 0.07767203 0.0170154 15.56958 1.089818 1 0.9995418
-0.02393742 0.02887928 -3.05805 -9.585148 0.7920636 0.7228918 0.3735374 18.74863 nan 0 0.0
0.01366641 -0.05300117 -2.267285 -8.647257 0.8370196 0.830247 0.5470788 19.01089 nan 0 0.0
-0.1022268 0.09832944 -1.657257 -4.478399 0.7297309 0.7161774 0.4028911 19.41575 0.933363 0 0.0
0.1514745 0.03111775 -3.760111 -9.489385 0.297269 0.2945167 0.4499602 18.10932 0.8524475 1 0.996884
-0.07626202 0.05905851 -2.863628 -10.28089 1.102012 1.10418 0.5772738 19.83605 0.8461952 0 0.0
0.06957036 0.03643865 -0.1331909 -10.52723 3.111842 2.409182 -0.3322863 20.19992 1.960556 0 0.0
-0.06188822 0.02108215 -2.718162 -10.01758 0.9371866 0.9988364 0.4818622 19.26905 0.7040024 0 0.0
0.04948485 0.07433492 -4.095654 -9.525004 0.4484368 0.4284546 0.422056 18.70386 0.7809868 0 0.0
0.1300713 -0.01944127 -3.069155 -9.6168 0.3816243 0.3838157 0.4168748 18.53248 0.8284073 1 0.9935423
0.102561 -0.03137064 -5.119717 -9.689542 0.6574899 0.6385882 0.2494978 19.09134 0.9017391 0 0.0
0.0222725 0.06532529 -3.55062 -9.550626 0.08665478 0.08198318 0.305438 15.67646 1.078387 1 0.9992072
0.04237442 -0.07341822 -3.34093 -9.009677 0.5146127 0.4975364 0.3394367 18.70971 0.7551212 0 0.0
0.01899992 0.06899191 -3.620495 -9.139398 0.3556189 0.3439193 0.4137974 18.35613 0.849062 0 0.0
0.004384181 0.0001803956 -4.636341 -12.15992 0.6778853 0.5661787 0.114956 17.84003 nan 0 0.0
0.02926878 -0.005450668 -3.255526 -9.722544 0.2060154 0.1882082 0.2483592 16.88826 0.9463978 0 0.0
0.1391892 -0.02842058 -3.368381 -8.904238 0.7888953 0.8038398 0.4639267 19.6216 1.023252 1 0.9872166
-0.03780222 0.006835383 -5.045738 -4.780864 1.379791 1.177652 -0.3283109 18.5725 nan 0 0.0
0.0771875 -0.06161447 -3.816926 -10.13273 1.523886 1.639861 0.5282647 20.06576 0.627224 0 0.0
-0.06091197 -0.03216659 -4.115391 -10.14412 0.8474721 0.7586683 0.2491694 19.57117 0.9762745 0 0.0
-0.003569855 -0.03230553 -3.641153 -8.810763 0.4437195 0.3112689 -0.3115678 17.85235 0.7529602 0 0.0
-0.03286585 0.1117566 -3.377561 -8.073719 0.6105242 0.6799107 0.7379653 18.69536 nan 0 0.0
0.0133017 -0.04262133 3.437742 -16.35644 2.31918 1.869475 0.1255297 19.90113 nan 0 0.0
0.03921331 0.06091196 -9.664732 1.047548 0.9812119 0.8824117 0.3587349 19.66162 1.609476 0 0.0
0.09336534 -0.01842938 -3.461337 -8.013956 1.04 1.096105 0.6141737 19.55452 0.9722729 0 0.0
0.03139671 -0.05942358 -3.557237 -9.182235 0.2626428 0.2409782 0.2223817 17.50768 0.7911396 1 0.999274
0.00836118 -0.00697052 -3.530223 -9.056645 0.1316895 0.1376213 0.4870272 15.96073 nan 0 0.0
0.04999724 -0.04743429 -5.337204 -10.85293 1.2586 1.343428 0.7043579 19.74569 nan 0 0.0
-0.0172015 -0.01870571 -3.108261 -9.293118 0.3654106 0.3249964 0.2498164 17.79207 0.7461014 0 0.0
0.006457103 0.08322049 -2.755093 -8.418551 0.4809809 0.4589714 0.3757663 18.52716 0.8077602 1 0.9884313
0.01876875 -0.04125849 -0.6587723 -4.492444 1.817846 1.833833 0.5693775 19.85516 nan 0 0.0
-0.04458649 -0.03603521 -3.551815 -8.893079 0.3584494 0.3196863 0.363639 17.70517 0.77948 0 0.0
-0.004854396 0.02114023 -3.129627 -9.480124 0.1162345 0.08707482 -0.001904045 14.63251 0.2590647 1 0.9992785
-0.03864824 0.02802378 -3.751122 -9.4 0.3825358 0.3627714 0.3249275 18.28408 0.696888 0 0.0
-0.008788968 0.1129348 -4.223265 -9.756895 0.6650557 0.710794 0.6125177 19.18457 0.7711182 0 0.0
-0.0727577 0.0648882 -4.931238 -11.80744 2.384785 2.117536 0.4298096 20.57969 nan 0 0.0
0.01889444 0.06526689 2.347771 -2.534052 1.295914 1.326734 0.4788086 19.98679 0.9783344 0 0.0
0.01590756 0.05547701 -3.211798 -9.273425 0.2003946 0.184948 0.3398558 17.27639 0.846653 0 0.0
-0.03581726 -0.05223444 -2.115517 -8.917816 1.269589 1.110214 0.2029151 19.80438 nan 0 0.0
-0.06265643 0.07503481 -1.795852 -8.068615 1.577137 1.427022 0.4116392 20.15271 0.7770996 0 0.0
0.03935044 0.01237751 -3.375223 -9.158314 0.2162136 0.2053233 0.3202758 17.37453 0.7129745 0 0.0
0.03999797 -0.003793259 -2.473591 -9.705089 0.3604451 0.3529069 0.4050423 18.20316 0.7961102 0 0.0
0.03470467 0.1200433 -4.021204 -9.31457 0.5329198 0.5131163 0.3973908 18.88446 0.8558578 0 0.0
0.005322712 -0.06320083 -3.246511 -9.140174 0.4122729 0.3935561 0.3106082 18.36178 0.7636719 0 0.0
0.04730942 0.07079026 -3.329414 -9.427153 0.1759865 0.1812067 0.4385504 17.21412 0.8190212 1 0.9993967
0.03786741 -0.03148519 -3.61537 -9.464982 0.4360951 0.4499727 0.6410631 18.02668 nan 0 0.0
0.06468155 0.1237528 0.4296526 -4.908316 1.933208 1.842965 0.4117633 20.42491 1.4538 0 0.0
-0.02572753 -0.03072774 -4.739085 -7.980903 1.02002 0.7188594 -0.2680662 18.77379 0.6862087 0 0.0
-0.02322996 -0.08141868 -7.334875 -11.48075 1.812361 1.409525 -0.01972533 19.51601 0.8857193 0 0.0
0.0141791 -0.1227071 -3.830843 -9.930911 0.8516579 0.8544374 0.3815802 19.48711 0.7926407 1 0.9894876
0.09890602 0.1787103 -1.623631 -3.190002 0.1855306 0.1912205 0.4348767 17.32984 1.011404 1 0.0
0.02077519 0.04374971 -1.476232 -6.910618 1.48251 1.262478 0.4072431 19.62949 1.079945 0 0.0
0.001140086 0.06819462 -3.57499 -9.816771 0.3146487 0.3107021 0.4414865 18.08487 0.7899303 0 0.0
0.03654695 0.07280532 -3.349479 -9.212718 0.1080539 0.1028199 0.3363006 16.31461 1.029207 1 0.9997135
-0.106393 0.07573427 -3.956325 -9.223635 0.3091332 0.2740776 0.1869967 18.04939 0.8193188 1 0.9947907
0.0566115 -0.008562406 -3.450727 -11.15281 0.7075473 0.6904485 0.3510731 19.0421 nan 0 0.0
0.1009926 -0.03019786 -3.527888 -8.933339 0.5564702 0.5275029 0.2446391 18.97574 0.8668365 1 0.9954797
-0.03474542 -0.0509008 -2.532918 -8.91579 0.7212237 0.5554525 -0.05677581 18.66015 0.7130222 0 0.0
-0.06898913 0.06802095 -3.239871 -10.17195 1.035077 0.9583112 0.4574857 19.69392 0.9165764 0 0.0
0.06451442 -0.007487859 -3.238439 -9.248042 0.3133165 0.3034588 0.3653041 17.98535 0.5306263 0 0.0
0.0495106 0.07349948 -3.56357 -9.600072 1.014284 0.9618751 0.4135566 19.79814 1.001898 0 0.0
0.07432578 0.1937986 -3.000215 -10.62087 1.824455 1.750801 0.4122525 20.40374 0.9296703 1 0.874978
-0.002079986 0.02431988 -3.356198 -9.032139 0.2045494 0.1649469 0.2244569 16.70528 0.6201344 0 0.0
0.02710199 0.01242946 -3.245012 -9.590703 0.4471373 0.440668 0.5897661 17.76626 nan 0 0.0
0.04121394 -0.03597647 -3.887746 -9.416412 0.3048763 0.2800217 0.2915484 17.83088 0.7908287 0 0.0
0.005641612 0.02284726 -3.600481 -9.159273 0.2457029 0.2229736 0.2790367 17.6493 0.8235092 0 0.0
-0.02655895 0.04286326 -4.242946 -11.23079 0.3932858 0.3411587 0.192461 18.10287 0.582983 0 0.0
0.04622619 0.1053424 -2.277654 -10.32303 0.8930057 0.9301981 0.5543626 19.76784 1.647675 0 0.0
0.01108906 0.04949435 -2.578579 -8.74127 0.3100412 0.2848491 0.3075146 18.03702 0.7747746 1 0.985532
-0.1046652 0.07644381 -3.081885 -8.573089 0.3240696 0.2844494 0.1572445 17.97219 0.7950706 1 0.9804796
0.0188683 0.06551866 0.5156388 -12.31052 3.432225 2.293177 -0.3348062 20.3286 nan 0 0.0
0.06230697 -0.0219708 1.612437 -6.132183 1.205052 1.300075 0.7129781 18.6708 0.8516693 0 0.0
0.05305072 -0.01248187 -3.484517 -8.944257 0.310415 0.31065 0.4063829 17.85342 0.7447548 0 0.0
0.0737861 0.003836988 -3.853818 -10.03063 0.5006943 0.5407949 0.5573201 18.77627 nan 0 0.0
0.02908605 -0.08974776 -2.88031 -7.471539 0.9995342 1.004244 0.4059141 19.69914 0.7284241 0 0.0
0.1457993 -0.01690814 -2.896379 -9.046907 0.4983419 0.4917754 0.3894287 18.97245 0.9169846 1 0.9917628
-0.02799924 -0.04510216 -3.475009 -9.151094 0.1841788 0.1537348 0.06204191 16.45311 1.05926 0 0.0
-0.03076849 -0.05534356 -4.676141 -9.756968 1.301148 1.430659 0.6874551 19.65542 nan 0 0.0
-0.03905901 0.008328332 -5.667927 -9.435181 0.6117908 0.540543 0.1917849 18.19328 nan 0 0.0
0.06819249 0.08667156 -3.919722 -10.43666 0.4741928 0.5163059 0.5583303 18.81425 0.7634487 0 0.0
0.03137462 0.03253923 -3.568794 -7.909156 0.6046206 0.5104371 0.2125926 18.8443 0.9025192 0 0.0
0.2149629 0.01188811 -2.056575 -8.283289 0.8534212 0.8716208 0.3853127 19.63475 1.030909 0 0.0
-0.01197386 0.02152679 -2.601827 -9.110268 0.225078 0.2108435 0.3250314 17.33262 0.7118378 0 0.0
0.04309638 0.07793336 -3.528877 -10.92818 0.9929973 0.8642626 0.2862242 19.53981 0.9641953 0 0.0
0.01454574 0.05371103 -3.82263 -9.37304 0.5129855 0.4667388 0.3774721 18.7928 0.7845764 0 0.0
0.03189175 -0.1428968 -5.211005 -2.043895 1.352042 1.386673 0.3789944 20.11949 1.148588 1 2.705438e-06
0.08611508 0.007280876 -3.496767 -8.989644 0.07590821 0.07015578 0.243564 15.22431 1.120777 1 0.9989558
0.03957508 -0.07694561 -4.340697 -12.40009 1.582817 1.62287 0.4662009 20.14744 0.7858047 0 0.0
0.09975487 -0.01302851 -1.23374 -9.059613 1.917562 1.915432 0.5411088 20.26992 0.6838417 0 0.0
-0.01198519 -0.09649608 -4.769318 -9.688311 0.8974521 0.7674957 0.1322744 19.4053 0.9060097 0 0.0
