data/gcs/NGC_6273_M_19.ecsv
# %ECSV 0.9
# ---
# datatype:
# - {name: x, unit: deg, datatype: float64}
# - {name: y, unit: deg, datatype: float64}
# - {name: pmx, unit: mas / yr, datatype: float64}
# - {name: pmy, unit: mas / yr, datatype: float64}
# - {name: pmx_e, unit: mas / yr, datatype: float64}
# - {name: pmy_e, unit: mas / yr, datatype: float64}
# - {name: pm_corr, datatype: float64}
# - {name: g_mag, unit: mag, datatype: float64}
# - {name: bp_rp, unit: mag, datatype: float64}
# - {name: filter, datatype: int64}
# - {name: memberprob, datatype: float64}
# meta: !!omap
# - comments: [deg deg mas/yr mas/yr mas/yr mas/yr dimless mag   mag   zeroone float]
# - __serialized_columns__:
#     bp_rp:
#       __class__: astropy.units.quantity.Quantity
#       unit: &id001 !astropy.units.Unit {unit: mag}
#       value: !astropy.table.SerializedColumn {name: bp_rp}
#     g_mag:
#       __class__: astropy.units.quantity.Quantity
#       unit: *id001
#       value: !astropy.table.SerializedColumn {name: g_mag}
#     pmx:
#       __class__: astropy.units.quantity.Quantity
#       unit: !astropy.units.Unit {unit: mas / yr}
#       value: !astropy.table.SerializedColumn {name: pmx}
#     pmx_e:
#       __class__: astropy.units.quantity.Quantity
#       unit: !astropy.units.Unit {unit: mas / yr}
#       value: !astropy.table.SerializedColumn {name: pmx_e}
#     pmy:
#       __class__: astropy.units.quantity.Quantity
#       unit: !astropy.units.Unit {unit: mas / yr}
#       value: !astropy.table.SerializedColumn {name: pmy}
#     pmy_e:
#       __class__: astropy.units.quantity.Quantity
#       unit: !astropy.units.Unit {unit: mas / yr}
#       value: !astropy.table.SerializedColumn {name: pmy_e}
#     x:
#       __class__: astropy.units.quantity.Quantity
#       unit: &id002 !astropy.units.Unit {unit: deg}
#       value: !astropy.table.SerializedColumn {name: x}
#     y:
#       __class__: astropy.units.quantity.Quantity
#       unit: *id002
#       value: !astropy.table.SerializedColumn {name: y}
# schema: astropy-2.0
x y pmx pmy pmx_e pmy_e pm_corr g_mag bp_rp filter memberprob
[from data line 7774]
-0.07968703 0.1313658 -6.746076 -8.521136 2.272701 1.374509 0.8613748 19.56828 1.18112 0 0.0
-0.05903845 0.1490725 -0.06506949 -5.371854 1.430377 0.8343943 0.6464328 19.65644 1.245913 1 0.0
-0.09539169 0.08849019 -0.7932773 -8.672411 0.2281676 0.1293336 0.3545749 17.27855 1.432079 1 0.0
-0.04930559 0.007017912 -4.407071 2.408625 1.316994 0.8201526 0.6020937 19.72529 nan 0 0.0
-0.06420187 0.04642981 1.298345 -3.350005 0.1062478 0.06254242 0.2067813 16.0589 1.63705 1 0.0
-0.01111365 0.1521025 -2.80974 -4.747627 1.803375 1.057756 0.6169369 19.71224 nan 0 0.0
-0.01122751 0.05396387 8.756777 -2.25456 2.363052 1.329428 0.6257417 20.12078 nan 0 0.0
-0.1262333 0.06655107 -6.378703 -17.37816 1.475094 0.8745447 0.4380797 20.12875 2.419271 0 0.0
-0.04974351 0.007094019 -0.8284711 1.287974 1.761659 1.126619 0.4263929 19.92111 nan 0 0.0
-0.04087939 0.05491089 -3.953219 -7.041552 2.647985 1.551115 0.8988319 19.60286 nan 0 0.0
0.01979003 0.1171398 -12.31331 -10.66156 1.426239 0.8655077 0.2982692 20.01941 1.089891 0 0.0
0.005383055 0.1655287 -5.47551 -5.690175 1.454626 0.8806054 0.6653912 19.74624 1.005627 0 0.0
-0.01588605 0.0840193 -4.712071 1.358442 0.9184287 0.5833526 0.6367581 19.20407 0.9250164 1 0.8875213
-0.1012025 0.0781322 2.952719 1.996911 1.980952 1.606533 0.1735997 20.07272 nan 0 0.0
-0.06886855 0.04447591 -1.994056 -5.579394 0.141187 0.08341825 0.2043428 16.58363 1.65138 1 0.0
-0.007396785 0.09098197 -0.3706484 -2.662376 0.6444949 0.4276617 0.3869861 18.94546 1.114302 0 0.0
-0.02944844 0.1630837 -7.743461 -2.397307 4.206085 2.064587 0.7251642 20.69063 1.1329 0 0.0
-0.06576285 -0.001106013 -5.446935 -2.341269 2.01852 1.191454 0.495925 20.25199 1.650482 1 0.01638971
-0.02971856 0.09385086 -5.878157 -10.96451 1.104325 0.7017318 0.8429079 18.91874 1.292015 0 0.0
0.02095454 0.1186349 -6.911637 -6.200655 0.2488069 0.1478226 0.2831744 17.49839 1.181467 1 0.0
0.03118849 0.1267903 -2.04313 -3.064306 0.5574941 0.3108164 0.5401311 18.521 1.371675 0 0.0
-0.0646821 -0.0007334726 -5.263959 0.297616 1.631737 0.9719762 0.5216956 19.99661 nan 0 0.0
-0.1387954 0.07286151 -2.915143 -4.606265 0.07300406 0.04195056 0.1209365 14.72655 1.551001 1 0.0
0.006654045 0.1066356 -4.152181 2.161042 0.8733806 0.5420372 0.6679488 19.05225 nan 0 0.0
-0.06808073 0.008175718 -8.740252 -5.570657 3.808212 2.46522 -0.01342739 20.57838 1.819189 0 0.0
-0.04525111 0.03187422 -0.7666971 -4.936094 0.8683468 0.5524275 0.6983507 18.97951 1.217329 0 0.0
-0.06782829 -0.00231646 -5.535499 -9.513488 1.052107 0.6705696 0.4275594 19.565 0.9976292 0 0.0
-0.07097594 -0.001355131 -5.144314 7.742162 2.195146 1.641181 0.3453205 20.3614 0.5046177 0 0.0
-0.1009015 0.07841284 -6.253988 0.06074977 1.192296 0.736158 0.656816 19.51022 1.33275 0 0.0
-0.08567502 0.1150003 -1.499107 -3.001377 2.270387 1.365242 0.2145923 20.45457 nan 0 0.0
-0.07183345 0.1021866 -10.50342 -8.161284 1.212633 0.7704011 0.6180441 19.56501 1.046803 1 0.0
-0.06404551 0.0359204 -0.8137958 3.580169 0.8786791 0.5800452 0.5336608 18.81482 1.082344 0 0.0
-0.06007885 0.1207804 -8.11785 -6.366939 2.055673 1.287759 0.6273702 20.14298 nan 0 0.0
-0.02839899 0.07364667 -2.348951 2.464386 3.083645 1.718134 0.6984565 20.14136 0.4495373 0 0.0
0.04336179 0.1520892 3.743497 -0.09636963 4.089625 2.203043 -0.3148672 20.59799 nan 0 0.0
0.01862833 0.1330548 -1.916099 -3.160318 1.20096 0.7197821 0.8568462 18.86868 1.308823 1 0.0
-0.1140955 0.1008387 -4.659006 -7.620893 2.893687 1.601039 0.6186664 20.46368 nan 0 0.0
0.01836068 0.08622383 -2.382767 -3.271829 0.6733564 0.417522 0.5396397 18.86151 1.203943 1 0.0
-0.07265589 0.1473673 -5.463866 -4.280568 1.098391 0.7028884 0.623583 19.45926 nan 0 0.0
-0.06688741 0.02708968 -4.492622 -3.341264 0.8157975 0.5289864 0.5795466 19.14244 1.243513 0 0.0
-0.06533834 -0.001706588 -2.306405 2.386952 1.384488 0.9609824 0.2557458 19.92099 0.9843922 0 0.0
-0.07777022 0.09177061 -4.340595 -6.088486 1.192051 0.745866 0.6622214 19.44197 1.214144 1 0.0
-0.06440808 -0.001378004 -2.629519 1.740469 1.082657 0.6968191 0.3992359 19.58717 0.9937801 0 0.0
0.01855764 0.1192495 -6.784326 0.2525124 1.809648 1.061242 0.4139847 20.09825 0.8751392 0 0.0
-0.03101166 0.115806 -0.317548 -4.300329 1.709275 0.987841 0.365014 20.27558 0.9840679 0 0.0
-0.07613289 0.03805125 0.6755852 -5.123282 0.3061836 0.1840729 0.302161 17.98694 1.308165 1 0.0
-0.03619385 0.1312883 -3.074222 -6.763504 1.223086 0.7725373 0.4334267 19.78088 0.8756695 0 0.0
-0.1002067 0.0825047 -6.878274 -5.442539 1.619585 0.9165004 0.3054388 20.26908 nan 0 0.0
-0.06340901 0.04841198 -3.834486 1.806718 0.2259197 0.1388932 0.2358678 17.48511 1.344299 1 0.9562426
-0.05122952 0.1189345 -4.75435 -5.158099 1.015113 0.6570294 0.5965924 19.24043 0.9369583 0 0.0
-0.02133505 0.07941409 -2.332973 -2.533965 1.44102 0.928188 0.6168805 19.82822 1.231094 0 0.0
-0.05256075 0.003421132 -2.79168 1.322644 0.8709882 0.5615603 0.4053494 19.24837 0.9714909 0 0.0
-0.0676165 0.1515074 -7.243448 -1.192569 2.000447 1.202939 0.4687315 20.2945 nan 0 0.0
-0.1115723 0.1116882 -11.14284 -4.735233 1.362083 0.8379203 0.372167 19.95162 1.667742 0 0.0
-0.02347073 0.07765511 2.214608 -2.314171 2.680803 1.66746 0.8607356 19.9954 1.11198 0 0.0
-0.08104373 0.03369726 -2.571556 -2.572661 0.06238173 0.03722706 0.2532734 14.43368 1.760523 1 0.0
-0.06472201 -0.002776266 -3.629636 1.093054 0.698122 0.3949847 0.4078458 18.97549 0.9529819 1 0.9453071
-0.05948173 0.05119878 -0.9884434 -1.181544 0.2319189 0.1432169 0.1747089 17.58312 1.135391 1 0.0
-0.08300627 0.1372267 -4.301007 -6.85031 1.829382 1.115196 0.3547421 20.30824 1.511248 0 0.0
-0.003358096 0.1260792 -9.543798 -3.995309 3.181108 2.188628 0.007301686 20.58661 -0.226368 0 0.0
-0.06052443 0.003085375 5.341374 1.847009 4.010549 3.178147 -0.1170243 20.67521 0.8643894 1 0.3402361
0.06213152 0.1507189 -1.507336 -0.1518041 0.6781938 0.472249 0.4794678 18.89046 1.351871 1 0.0
-0.07221432 0.1422712 -1.503913 -4.544916 2.921742 1.688473 0.5988719 20.56843 1.325884 1 3.721263e-06
-0.01123634 0.1456843 -6.09611 -3.006905 1.808034 1.055942 0.60371 20.00896 1.058266 1 0.0001017477
-0.02380052 0.1505709 -4.161883 -7.206371 0.5050788 0.2987782 0.3555673 18.26851 1.01664 0 0.0
-0.06425538 0.04417148 -3.76918 3.001133 1.358273 1.004764 0.5348452 19.74603 0.9153004 1 0.8701528
-0.0611271 0.004210395 0.5424117 -5.353469 1.229244 1.23139 -0.1154491 19.5879 0.9429588 0 0.0
-0.07238304 0.0609628 -2.823532 1.908113 1.219312 0.8664279 0.5636928 19.54773 1.282738 1 0.9011922
-0.04049695 0.05741156 -5.067699 -2.420154 0.4806647 0.3055629 0.4075603 18.27755 1.109694 0 0.0
0.01258442 0.1077757 -1.56753 -5.051014 1.287956 0.750398 0.1931296 20.09103 1.250517 0 0.0
-0.03191454 0.161891 -7.668893 -1.378258 3.001397 1.541878 0.4236143 20.63711 0.5652962 0 0.0
-0.06379168 -0.002585016 -0.3524882 -5.007525 1.459652 0.9641806 0.3534728 19.96213 0.9235115 0 0.0
-0.08204772 0.1378014 0.4502127 -3.416392 2.76267 1.735612 0.5733547 20.46371 nan 0 0.0
-0.06151019 0.004122454 -14.56873 -2.449055 1.045527 0.6202025 0.5520308 19.42974 1.099825 0 0.0
0.05562086 0.1449963 -1.49956 -7.635969 0.06263445 0.03663419 0.1292441 14.27537 1.835033 1 0.0
-0.06558339 -0.00389827 -6.377085 -9.107936 1.333282 0.8592437 0.3615613 19.82298 1.032791 0 0.0
0.01111543 0.07074853 -2.997273 1.655956 0.1158284 0.06806291 0.2018352 16.22912 1.387828 1 0.9945951
-0.07514555 0.03521566 -8.056416 -6.358043 2.072995 1.250424 0.6552155 20.26509 0.6052914 1 0.0
0.06389004 0.1344578 -2.9388 -4.893308 1.605608 0.9029866 0.2328517 20.20706 2.560968 1 0.0
-0.1405559 0.07940732 -2.213107 -3.611174 0.4762576 0.2774437 0.3902544 18.30412 1.240688 1 0.0
-0.05662328 0.0003560191 -1.357172 2.268888 2.372121 1.452196 0.4342844 20.12859 1.067774 0 0.0
-0.0509315 0.06385238 -5.523198 -15.78777 0.5901148 0.3836764 0.5012596 18.56999 0.8779678 0 0.0
0.03636609 0.1258962 -4.182548 -1.841293 0.821542 0.5379617 0.6044342 19.17109 1.238722 1 0.0
-0.03814494 0.06555291 -4.107863 -2.451394 0.5124932 0.3119053 0.4760089 18.52311 1.157379 1 0.0
0.0008885599 0.1617141 -6.899556 -1.740208 1.556701 1.005841 0.6130603 19.84571 0.9226799 0 0.0
-0.03480606 0.07121497 -5.172114 -3.661013 1.890905 1.470274 0.8952525 19.29944 nan 0 0.0
-0.04913467 0.08837591 -0.6459442 -9.59073 1.202307 0.7803157 0.6489125 19.64599 0.5985355 0 0.0
-0.0266797 0.03957422 -6.176649 0.9050947 1.550364 0.8765885 0.8104436 18.93851 nan 0 0.0
-0.006838914 0.1520838 -11.64629 -3.488052 2.131836 1.301727 0.5671511 20.23752 nan 0 0.0
0.0557993 0.1456905 -0.3786019 -2.445295 0.7284893 0.4918394 0.4440888 18.85462 nan 0 0.0
0.01120626 0.1611605 -6.114071 -6.432023 0.5969063 0.3566923 0.433095 18.52982 1.066374 1 0.0
-0.04947112 0.01012682 -4.58066 -6.053822 1.392969 0.9771146 0.409726 19.49008 1.383553 0 0.0
-0.1365747 0.09392317 2.758371 -3.678725 0.6088246 0.3795638 0.4048383 18.86439 1.141893 0 0.0
-0.07072276 0.1451216 -8.466063 -4.935885 2.147873 1.388341 0.5943996 20.08121 nan 0 0.0
-0.09395186 0.05206865 -4.898489 2.3548 1.371347 0.8675192 0.5572296 19.71571 0.825325 0 0.0
-0.05255736 0.05646068 -4.032874 -5.028435 1.568258 0.9009491 0.6862422 18.99073 nan 0 0.0
0.003682863 0.1317402 -5.451586 0.8220898 1.478185 0.9005357 0.6977746 19.72523 1.274775 0 0.0
-0.04246473 0.1604781 -4.179959 -6.971095 0.4345873 0.2641479 0.4279029 18.37695 1.120001 1 0.0
-0.0004951917 0.1216123 -4.501964 -3.959312 1.303817 0.8786579 0.5988794 19.73844 0.6164532 0 0.0
0.02201999 0.1031013 -1.985885 -0.7758035 0.7904741 0.5211088 0.5495886 18.82857 0.9226398 0 0.0
-0.0378163 0.02326711 -2.776501 0.8785146 0.5574715 0.3289926 0.3685039 18.28866 1.377293 0 0.0
-0.01375873 0.1587131 -2.848289 -7.838253 1.542696 0.9620807 0.6278545 19.88266 0.7158337 0 0.0
-0.02993858 0.09737177 -6.377827 -7.922366 1.466622 0.878782 0.722316 19.67766 0.8462238 0 0.0
-0.0005224794 0.09766173 -10.51219 -2.294163 2.432273 1.575736 0.4267896 19.78655 nan 0 0.0
-0.05147564 0.05596525 -3.066909 -6.387713 0.7661716 0.5231075 0.5353595 18.83394 1.166462 0 0.0
-0.0639095 0.01259551 -5.292979 -6.652907 2.998844 1.928945 0.5754114 20.4475 1.135969 0 0.0
-0.01023399 0.1202614 -5.219325 -3.158966 1.138099 0.7313869 0.636755 19.5819 1.390501 0 0.0
-0.06355707 -0.006231738 -3.424241 3.03497 0.8227843 0.5283561 0.4072131 19.27941 1.072861 0 0.0
-0.09994945 0.05400724 -12.47971 -8.898751 5.131851 3.015998 -0.04408124 20.89303 1.492748 0 0.0
-0.1088854 0.1237948 -3.271988 -8.196386 1.698603 1.176805 0.3937995 20.19033 2.028616 0 0.0
-0.1164477 0.1112008 0.4525021 2.326393 1.96631 1.199143 0.685617 20.18483 1.419001 1 0.2206807
-0.06595524 0.07274641 1.011532 -0.6021536 1.364899 0.7920391 0.6004638 19.64279 1.289043 1 0.0
-0.04466938 0.08527637 2.359307 -1.020223 2.112098 1.385339 0.3586831 20.31071 0.9277496 0 0.0
-0.06071162 -0.005286078 -1.418264 6.52485 1.72525 1.229935 0.05103101 20.16858 0.3447189 0 0.0
-0.0513223 0.01869573 -3.366568 1.619277 0.05418847 0.03233897 0.1859666 13.83124 1.654857 1 0.9973147
-0.04964184 0.05742708 -4.138016 -4.368218 2.498198 1.527022 0.8853751 19.67364 nan 0 0.0
-0.05293625 0.01666368 -3.420171 0.1442363 2.885704 1.73515 0.4843796 20.41594 nan 0 0.0
0.06339337 0.1280056 -6.042276 -5.908819 0.4469961 0.2982436 0.4643353 18.24088 1.316122 1 0.0
-0.1025466 0.1275008 -3.199532 -5.992263 1.922919 1.104051 0.6413251 20.07161 1.217716 0 0.0
-0.00400329 0.166593 -7.112094 -0.2968896 0.9726803 0.6152402 0.5895168 19.27493 1.023029 0 0.0
0.03436405 0.1186584 -4.661717 -6.153627 0.4996843 0.313606 0.4366455 18.64271 1.032595 1 0.0
-0.08460898 0.04275081 -5.957724 -4.302855 0.6571728 0.4182935 0.5514319 18.80992 1.303614 1 0.0
-0.0655859 0.07334934 -0.6763206 -3.719587 1.70353 1.051826 0.623724 19.93619 0.8236847 0 0.0
-0.04763981 0.08284332 -2.629851 -3.465455 2.167152 1.31506 0.8842918 19.46235 0.9519329 0 0.0
-0.04445181 0.01760947 -3.195541 2.147789 0.3668205 0.2445239 0.2892651 18.28749 1.301758 1 0.9861482
-0.1200429 0.1044891 -3.54475 -7.078123 1.305451 0.7834739 0.4549435 19.9865 0.9327278 0 0.0
-0.1114037 0.07851387 1.712778 -0.3125267 1.89114 1.159691 0.6744983 20.1249 1.680506 0 0.0
0.01509127 0.1116721 -1.221936 -4.22364 0.8042153 0.5048422 0.6112105 18.91396 1.207993 0 0.0
-0.03366796 0.1602749 -5.301504 -6.240618 1.927056 1.085 0.2665053 20.3921 nan 0 0.0
-0.00661635 0.0930572 -3.212867 -2.32633 1.537824 1.140235 0.5105528 19.91881 nan 0 0.0
0.009622876 0.06858001 -1.662851 -7.304104 0.6631136 0.4425811 0.4446219 18.96535 1.239183 0 0.0
-0.06033202 0.00146995 -3.575049 1.106312 1.614053 1.085002 0.4362578 20.1366 0.5821457 0 0.0
-0.04223545 0.0194013 -2.357189 -1.373067 1.764104 1.209011 0.4089631 19.48933 1.143738 0 0.0
-0.05942359 0.0713919 -2.973108 1.823794 0.6526372 0.3985519 0.4463897 18.97605 1.124287 0 0.0
0.02457107 0.1209211 0.273211 -5.842217 2.130608 1.181031 0.3712958 20.33234 nan 0 0.0
-0.04093652 0.1396943 -5.369265 -7.567908 4.092767 2.968143 0.2382061 20.79398 0.4205837 0 0.0
-0.03354476 0.1606908 -8.161982 -7.3544 1.964602 1.148927 0.6266951 20.11457 0.555891 0 0.0
-0.1044776 0.08104754 -4.392771 -6.207257 2.061368 1.209555 0.6209397 20.26619 1.130354 0 0.0
-0.06109045 0.01258368 -1.095744 3.822967 1.264941 0.6381054 0.6450667 18.9697 1.108009 0 0.0
-0.003232922 0.05787443 -3.394839 1.248923 0.7302606 0.4805292 0.5587649 18.974 1.091057 0 0.0
-0.05110862 0.09309384 -2.914291 1.438677 1.50442 0.8756062 0.5562995 19.90268 0.7703514 0 0.0
0.0006276718 0.06019953 -3.626105 1.584935 0.2799115 0.1663006 0.2254505 17.92944 1.304344 1 0.9905948
-1.577628e-05 0.09773421 -4.215156 -6.387112 0.4173668 0.2388343 0.2805198 17.96236 1.320688 0 0.0
-0.05606957 0.1007209 -3.062088 1.33743 0.1471744 0.07786976 0.3580317 16.05808 0.4405222 1 0.9376545
0.007349975 0.06617692 -3.166026 1.754113 0.2239767 0.1307895 0.1959921 17.36559 1.286722 1 0.9952998
-0.05564241 0.00935918 -4.333958 1.359194 1.118193 0.7620294 0.612581 19.54025 2.027933 0 0.0
-0.0481344 0.02061589 -1.032321 -4.885008 0.995156 0.6323289 0.561218 19.24891 nan 0 0.0
0.01565591 0.1347166 -1.137356 -2.541114 1.371271 0.8769442 0.6445567 19.74386 1.114655 0 0.0
0.03889581 0.1537884 -3.347513 -7.585697 1.133437 0.7396163 0.6169675 19.53572 nan 0 0.0
-0.1045376 0.04119344 -4.502512 2.287864 1.052204 0.6298087 0.6764071 19.17568 0.762907 0 0.0
-0.0004264768 0.05945757 -0.2736749 -3.393497 0.1783536 0.1067548 0.2204668 17.13919 1.241186 1 0.0
0.07323676 0.1408553 -4.090109 -6.264365 0.1630795 0.09193095 0.1039544 16.69154 1.488217 1 0.0
-0.0988812 0.05346646 -1.02422 -2.934168 3.198222 1.66812 0.3634704 20.75082 1.7418 0 0.0
-0.002946386 0.09562846 -2.508395 -4.218287 1.357015 0.8518616 0.6464787 19.52678 1.229061 0 0.0
-0.08974301 0.1329034 -5.066119 -3.475615 1.10466 0.7103078 0.4292148 19.70753 1.099869 0 0.0
-0.1169858 0.07418252 -2.560407 -1.24788 0.8254196 0.5268183 0.4312023 19.318 1.064264 0 0.0
-0.1084346 0.08082648 -4.18054 -4.738768 0.9270318 0.5543842 0.4703214 19.45291 1.048145 0 0.0
-0.004317173 0.1319137 6.92736 -1.649549 3.18762 1.749227 0.1054061 20.67772 0.7219028 1 0.003720704
-0.01280865 0.116271 3.277938 -6.394134 1.091064 0.7077766 0.635762 19.51253 0.8636436 0 0.0
-0.01926609 0.1539687 -2.24918 -7.931969 1.709206 1.030644 0.5751232 20.1311 1.115345 1 0.0
-0.1230053 0.0565257 -1.788083 -5.084981 0.6112021 0.3718102 0.4235744 18.93822 1.368311 1 0.0
-0.05008996 0.08078045 -1.186136 -4.034164 1.195591 0.7229774 0.6579522 19.49682 1.319275 0 0.0
-0.04172795 0.05435364 -2.883199 1.996156 0.5282714 0.3152148 0.6699637 18.05336 1.099192 0 0.0
-0.03832345 0.06715502 -2.156521 2.967226 0.4795904 0.2775036 0.4228941 14.86566 1.524069 0 0.0
-0.006003804 0.164842 -1.062604 -3.652491 1.175455 0.7242721 0.6364268 19.54103 1.087349 1 0.0
-0.08436701 0.08664478 -6.101963 -7.369457 1.73059 1.139442 0.5414298 20.02501 1.2509 0 0.0
-0.08998735 0.02364848 -2.160104 2.671467 1.153806 0.7203067 0.6020108 19.57001 0.6566505 0 0.0
0.02342859 0.1613151 -4.079682 -3.842058 0.5693358 0.361961 0.3227822 18.7619 1.14938 1 0.0
