data/gcs/NGC_6101.ecsv
# %ECSV 0.9
# ---
# datatype:
# - {name: x, unit: deg, datatype: float64}
# - {name: y, unit: deg, datatype: float64}
# - {name: pmx, unit: mas / yr, datatype: float64}
# - {name: pmy, unit: mas / yr, datatype: float64}
# - {name: pmx_e, unit: mas / yr, datatype: float64}
# - {name: pmy_e, unit: mas / yr, datatype: float64}
# - {name: pm_corr, datatype: float64}
# - {name: g_mag, unit: mag, datatype: float64}
# - {name: bp_rp, unit: mag, datatype: float64}
# - {name: filter, datatype: int64}
# - {name: memberprob, datatype: float64}
# meta: !!omap
# - comments: [deg deg mas/yr mas/yr mas/yr mas/yr dimless mag   mag   zeroone float]
# - __serialized_columns__:
#     bp_rp:
#       __class__: astropy.units.quantity.Quantity
#       unit: &id001 !astropy.units.Unit {unit: mag}
#       value: !astropy.table.SerializedColumn {name: bp_rp}
#     g_mag:
#       __class__: astropy.units.quantity.Quantity
#       unit: *id001
#       value: !astropy.table.SerializedColumn {name: g_mag}
#     pmx:
#       __class__: astropy.units.quantity.Quantity
#       unit: !astropy.units.Unit {unit: mas / yr}
#       value: !astropy.table.SerializedColumn {name: pmx}
#     pmx_e:
#       __class__: astropy.units.quantity.Quantity
#       unit: !astropy.units.Unit {unit: mas / yr}
#       value: !astropy.table.SerializedColumn {name: pmx_e}
#     pmy:
#       __class__: astropy.units.quantity.Quantity
#       unit: !astropy.units.Unit {unit: mas / yr}
#       value: !astropy.table.SerializedColumn {name: pmy}
#     pmy_e:
#       __class__: astropy.units.quantity.Quantity
#       unit: !astropy.units.Unit {unit: mas / yr}
#       value: !astropy.table.SerializedColumn {name: pmy_e}
#     x:
#       __class__: astropy.units.quantity.Quantity
#       unit: &id002 !astropy.units.Unit {unit: deg}
#       value: !astropy.table.SerializedColumn {name: x}
#     y:
#       __class__: astropy.units.quantity.Quantity
#       unit: *id002
#       value: !astropy.table.SerializedColumn {name: y}
# schema: astropy-2.0
x y pmx pmy pmx_e pmy_e pm_corr g_mag bp_rp filter memberprob
[from data line 5171]
-0.000580967 0.05379899 -14.2187 -16.72054 0.5443879 0.6444397 0.1351946 19.54207 1.934334 0 0.0
-0.0222873 0.03603956 5.063155 -0.2809825 1.711049 1.281251 0.134002 20.37346 0.6134892 0 0.0
0.003308467 -0.01146313 5.244624 0.8430483 1.671786 1.769242 -0.04290521 20.46349 nan 0 0.0
-0.02380108 0.01048681 4.559554 0.06635668 1.124978 1.026024 0.4133061 20.03716 nan 0 0.0
-0.02928198 0.08256148 -2.564934 -13.2703 0.7297713 0.7489285 0.2866811 19.85068 2.090132 0 0.0
0.02180589 -0.07237361 -6.983888 -8.58347 0.144453 0.1747846 0.09912953 17.72094 nan 0 0.0
0.05303188 0.007381649 2.425476 1.967244 1.012955 1.12608 0.1559252 20.24467 0.7374363 0 0.0
-0.03233808 -0.05738977 1.380407 -0.7433061 0.3390615 0.419946 0.1552153 19.21422 0.8261433 0 0.0
0.03017761 -0.007169358 -4.298847 -5.544879 0.4131951 0.4690232 0.1069804 18.72998 0.8443661 0 0.0
-0.0190903 0.04002569 6.486425 2.047923 2.235601 2.510831 0.0656643 20.7558 1.437464 0 0.0
0.04351408 -0.06502704 -3.556758 -2.775161 0.9634969 1.036957 0.1473376 20.21764 1.215836 0 0.0
-0.1323117 0.05845921 1.228882 -1.260234 0.4776217 0.5048105 0.2738692 19.44555 0.8862724 1 0.8606246
0.008548996 0.01166751 4.118542 2.318409 2.626922 2.247753 0.1415177 20.84504 nan 0 0.0
0.09031385 -0.01144055 0.7004444 -1.820471 1.388102 1.739789 0.08252909 20.51107 0.894474 1 0.8355905
0.01419515 0.0165392 2.41357 0.1622083 0.4025156 0.5044546 0.152185 19.30279 0.6651268 0 0.0
0.01762127 0.01617003 0.9906772 -2.312245 0.5135626 0.6107631 0.1188046 19.27935 0.8042698 0 0.0
-0.01417858 0.04720939 -1.161667 -3.149668 2.642504 3.073638 0.1214432 20.89044 0.4519939 0 0.0
-0.04694847 -0.1146419 1.545814 -0.9295925 0.5343553 0.5728118 0.07047859 19.68089 0.582798 1 0.9679088
0.04924954 -0.1286327 -5.082566 -3.370687 2.231782 4.286738 0.4981371 20.89149 0.7073841 0 0.0
0.04704556 0.009236618 1.784651 -0.06326758 0.252278 0.2937012 0.001287005 18.51626 0.9981232 1 0.9991914
-0.1183761 -0.009349128 -1.481568 -5.308868 0.5750308 0.6858749 0.1493752 19.93453 1.180464 1 0.0
-0.01204354 0.007232875 2.279731 -0.6749381 0.7138021 1.019848 -0.1691725 19.6954 nan 0 0.0
0.1491164 -0.06814555 -2.92331 -3.8211 0.2518565 0.3152434 0.1621958 18.54995 1.128454 1 0.0
0.006595386 0.04296409 2.18092 -0.5311128 0.6019639 0.7497391 0.08045908 19.97869 1.437021 0 0.0
0.0772589 -0.02225303 3.413253 0.8931516 1.44661 1.500398 -0.02815502 20.37105 0.6524811 0 0.0
0.00477749 0.009448721 2.52743 -5.054689 1.195043 1.277478 0.07171934 20.07791 nan 0 0.0
-0.01336721 -0.007576698 -18.61773 18.64873 3.241505 1.946041 -0.1580706 20.19982 nan 0 0.0
0.006008798 0.02182324 2.015139 0.5507476 0.6842388 0.8535237 0.09443621 20.00574 0.8489571 0 0.0
0.04116403 0.01257714 1.961415 -0.7753597 0.4025077 0.5128271 0.1026942 19.37927 0.7390442 0 0.0
0.06239802 0.03403242 4.787049 -1.960074 1.169641 1.234493 0.1584408 20.21777 0.8267517 0 0.0
-0.001531055 0.003834043 16.12168 8.651351 1.842942 1.789459 0.2557787 19.74001 0.5279808 0 0.0
-0.1266936 -0.06117123 -3.768004 -7.514425 0.08950833 0.1205463 0.1091776 16.88707 0.9993458 1 0.0
-0.0109713 0.0401315 1.766519 1.242152 2.048329 2.110974 0.100181 20.76259 1.002876 0 0.0
0.02712115 -0.02162994 3.13555 -0.317381 2.292819 1.998424 0.1522802 20.68216 nan 0 0.0
0.002059135 -0.01280572 1.611913 3.556779e-05 0.3031134 0.3498272 0.02719067 18.87995 0.882267 0 0.0
-0.05676557 0.116662 2.463563 -1.163841 1.750958 1.520735 -0.002961465 20.62631 0.7156601 1 0.8611068
0.01090832 0.0001382449 3.97373 -3.424891 1.355736 1.753361 0.1611493 20.3512 0.4141331 0 0.0
-0.04071233 -0.06135086 -4.203991 -3.032914 0.4492982 0.5381116 0.1726942 19.62537 1.321703 1 0.0
-0.117714 0.03954528 -3.547555 -3.573735 0.7571386 0.8867803 0.2824332 20.0267 0.6497288 0 0.0
-0.008051452 -0.00974035 1.827726 -0.4628767 0.07615071 0.08590815 0.05849986 16.09143 1.166058 0 0.0
0.1153419 -0.1123515 -8.171256 -2.154192 0.319112 0.4305943 0.1732925 19.02942 1.032001 1 0.0
-0.02914446 -0.04239265 0.9391995 -1.071042 0.827421 0.9902414 0.08088192 20.23873 0.5789528 0 0.0
-0.0321706 0.03041735 2.073958 0.1518292 3.216089 1.439269 0.2066201 20.5831 0.7037849 0 0.0
-0.04805716 -0.0488564 2.676539 -1.757636 1.305452 1.570156 0.1220156 20.66164 0.4261284 0 0.0
-0.0004806505 -0.02589765 -0.5747984 -1.308344 1.39405 1.648443 -0.06637993 20.56654 0.7549095 0 0.0
0.0686866 -0.1277036 1.700969 0.08260322 0.5421875 0.7813619 0.2373416 19.81213 0.6442871 1 0.9736446
-0.1245639 -0.009115349 -3.12726 -2.840832 2.168415 2.189754 0.03692221 20.82024 0.4384899 1 0.08066026
-0.02968317 -0.01713255 6.3134 1.482029 2.502751 1.785535 0.2913709 20.53277 0.7933521 0 0.0
0.041057 -0.06436525 1.60743 -2.119192 0.7670542 0.9199303 0.1076903 20.03599 0.6989708 0 0.0
-0.02637396 0.01807455 3.276969 -1.86116 1.08878 0.715628 0.01647741 19.53307 nan 0 0.0
-0.003320848 -0.0306358 -5.035348 -7.797793 0.5889176 0.6236084 0.1600983 19.64126 1.161026 0 0.0
-0.02608805 0.0172815 1.121369 0.5918659 0.6366195 0.6988513 0.07033731 19.02319 1.03191 0 0.0
-0.0214301 0.02226951 -2.959713 6.737876 1.099449 1.294178 0.1094513 19.7171 0.7476959 0 0.0
-0.02394599 0.05382924 7.421506 8.199864 2.309132 4.353343 0.3212916 20.9028 0.2614784 0 0.0
-0.07327273 -0.04567438 -8.978993 -17.8768 1.381943 1.416495 0.2589923 20.48969 1.178802 0 0.0
0.04165133 -0.01746859 1.859345 -0.3946489 0.4420914 0.5499357 0.1056096 19.39486 0.6801968 0 0.0
0.05532459 0.01261632 1.139881 -1.549414 0.8491686 1.40881 0.1517981 20.04695 0.6768303 0 0.0
0.01175576 -0.02394828 -5.029998 -0.3351084 2.279583 1.811668 0.06904792 20.30096 nan 0 0.0
-0.05532672 0.1110816 0.6025201 0.5562325 1.305997 1.297345 0.04133712 20.45823 0.6191425 0 0.0
-0.123131 0.1104571 -6.13572 -14.1342 0.6300941 0.6995347 0.2206337 19.92869 1.979261 1 0.0
-0.1215349 -0.01387118 -4.234989 -4.886778 0.3369637 0.4320583 0.1752442 19.11061 0.9946461 1 0.0
0.03762357 -0.03200919 3.318576 0.4994198 1.037523 1.088311 -0.0006578966 20.19258 0.7857857 0 0.0
-0.03165802 0.01216107 0.3600772 0.003273855 0.9458645 0.7130616 -0.416643 19.47977 nan 0 0.0
0.06388613 -0.05653413 0.5260793 1.601417 1.414358 1.710625 -0.03465959 20.71507 0.7333355 0 0.0
-0.01954839 0.02243182 2.55343 -1.117673 2.117629 1.44938 0.2411883 20.36387 nan 0 0.0
-0.1248964 -0.02398764 -2.363511 -5.965298 1.072474 1.386235 0.235207 20.37116 1.623646 0 0.0
0.02943883 0.003139165 0.6140979 -1.027919 0.5464999 0.8118241 0.06162168 19.79647 0.378397 0 0.0
0.01082641 -0.004324903 4.10416 1.044743 0.3192749 0.3647281 0.06660535 18.31142 1.003771 0 0.0
0.07629081 -0.03437219 0.3859342 -2.557302 1.100418 1.726135 0.2686459 20.11289 nan 0 0.0
-0.001905837 -0.02588248 0.9220413 5.575579 1.012382 1.133426 -0.1060672 20.15974 0.684721 0 0.0
-0.006161153 -0.002888422 2.983538 -0.1938031 0.1797233 0.2144175 0.1023908 16.88505 0.3869038 0 0.0
0.05617709 0.02892545 3.582907 7.282367 3.436557 2.739679 0.1788468 20.74977 0.8388538 0 0.0
-0.03753481 0.07691606 -6.873038 -13.47621 1.962277 1.781368 0.1158236 20.79207 nan 0 0.0
-0.006540242 0.04038537 3.240543 -2.33083 3.434747 2.126751 0.04350218 20.84003 nan 0 0.0
0.0536399 0.02871176 0.9043812 0.003971279 0.5602942 0.7298862 -0.04575609 19.3165 nan 0 0.0
-0.01510014 0.02486216 20.5945 6.99541 3.826367 2.685264 0.1769316 20.5581 0.6544189 0 0.0
-0.01167516 -0.04373888 -7.334453 -9.313466 0.4248323 0.5395179 0.1141917 19.57486 1.812344 0 0.0
-0.05159257 0.0559928 -4.194785 0.2723222 1.654306 1.384256 -0.01902031 20.5111 0.808485 0 0.0
-0.1151095 0.05813966 -4.966315 0.04246645 0.6287456 0.7634549 0.2423959 19.76923 1.301546 1 0.0
-0.1506866 0.04986465 -4.265986 -1.689508 2.414853 2.814487 0.1563342 20.79438 1.892094 0 0.0
0.04789727 0.05150903 0.9712109 -0.02628615 0.4844451 0.5996555 0.139729 19.56467 0.6541576 0 0.0
-0.03521835 -0.02713685 -2.438574 -4.50131 1.6503 1.842502 0.3722458 20.72223 0.449316 0 0.0
0.006005386 -0.0881926 1.705794 -1.468228 0.4941209 0.6703399 0.1908624 19.7518 0.96735 0 0.0
-0.07764413 -0.009795741 0.6737727 -0.01874706 0.966751 0.8455377 0.3587347 20.11308 0.6690979 0 0.0
0.02583217 0.02256904 1.74274 -0.2095586 0.08355218 0.1011376 0.08768593 16.76168 1.139681 1 0.9999129
-0.06151654 0.01998196 6.415438 0.7985996 2.181782 2.17066 0.1335324 20.63401 0.758585 0 0.0
-0.085311 0.04832977 -4.238595 2.513791 3.313937 1.928561 -0.01700038 20.82585 0.612051 0 0.0
-0.08491217 -0.09204307 -10.54373 -12.51461 0.1793871 0.2216151 -0.07218814 18.01171 0.7459984 1 0.0
0.02422593 0.01559032 -0.3302073 -0.07066489 0.5862126 0.7881969 0.046389 19.61076 0.8291016 0 0.0
-0.0181815 0.03325171 1.340204 -1.253284 1.291861 2.085601 0.2965921 20.45137 0.9061337 0 0.0
-0.04523975 0.10586 -5.117555 -2.93045 1.427062 1.235896 0.07220581 20.37089 0.9346752 0 0.0
0.02701472 -0.005287605 1.719435 -0.5400599 0.1318618 0.1482925 0.08150957 17.38665 1.08757 1 0.9989375
-0.04037755 0.05542565 2.231001 -0.5583118 0.6173814 0.6582283 0.2352137 19.82126 0.8706532 1 0.9923542
-0.05229923 -0.001512164 2.958734 2.473232 1.373337 1.656246 0.1512304 20.56666 0.4164791 0 0.0
-0.005883122 -0.01193679 0.6615174 0.1660213 0.8172165 0.8859253 0.2110192 19.95696 0.8047867 0 0.0
0.02386341 -0.03346625 -0.1527134 0.948708 1.458201 1.398044 0.1788801 20.39168 0.7773151 0 0.0
-0.03489753 -0.02686158 3.336617 -3.66809 1.42116 1.521938 -0.0540274 20.5671 0.6734238 0 0.0
-0.03387132 0.02798052 0.5473856 -0.7026836 2.34247 4.107834 0.2025536 20.80696 nan 0 0.0
-0.009467289 -0.03932782 1.016349 3.524759 0.8812053 1.032358 0.2238839 20.22097 0.3019619 0 0.0
-0.01957146 0.0221724 -13.75712 -1.33816 2.019619 1.964824 0.324325 20.13747 0.7510719 0 0.0
-0.0945614 0.02110077 -4.486209 -0.2129165 0.2485437 0.275315 0.01725305 18.37702 1.060415 1 0.0
0.01164088 -0.08008528 1.784404 -0.1490246 0.03768081 0.04932825 0.08621133 15.25419 1.246214 1 0.9999011
-0.001776629 -0.01345419 1.34497 3.375257 0.317866 0.5484854 0.1694013 18.38706 nan 0 0.0
-0.008090061 0.03573846 1.581242 0.4392263 0.2953955 0.3554769 0.1108156 18.7876 1.001991 0 0.0
-0.108006 -0.03110572 -3.766072 -6.65146 1.048891 1.13285 0.1976363 20.32636 0.6289616 0 0.0
0.08142804 -0.1277941 1.704506 -0.4329537 0.2232685 0.2947884 0.187077 18.38052 1.01466 1 0.9940079
-0.01504414 -0.009325125 1.802214 -3.378828 2.863695 3.035358 0.14126 20.90349 nan 0 0.0
-0.1216673 -0.007241968 5.910589 -0.512605 1.557719 1.496822 0.1134237 20.47724 0.3891888 0 0.0
-0.02068143 0.05007189 3.639134 1.200635 1.913714 1.884022 0.1248257 20.67482 0.782259 0 0.0
0.01499491 0.02985187 1.93157 -3.64385 1.842793 1.749678 0.09813241 20.25074 nan 0 0.0
0.01616792 -0.001544094 1.767039 0.100283 0.07353654 0.0930723 0.03064615 16.41555 0.4474964 0 0.0
0.01166197 0.02655838 2.282781 -0.1188693 0.442136 0.5506395 0.1418803 19.44032 0.873991 0 0.0
0.01730164 -0.02087039 1.541178 -0.378992 0.1011928 0.1167389 0.05959435 16.84948 0.2416325 1 0.9989136
-0.005930396 -0.03873124 1.872748 -0.8858842 1.025224 1.023947 -0.08604971 20.14969 0.813261 0 0.0
-0.01320912 0.03203524 1.511287 -0.5840542 1.936836 1.685213 0.05706316 20.68988 0.7843704 0 0.0
-0.05209348 0.1243281 -0.3896221 -2.530667 1.270371 1.28587 0.04043096 20.43917 0.6435413 0 0.0
0.03945254 0.0001678332 1.629287 0.8157611 0.5390109 0.9077379 0.1789433 19.56287 nan 0 0.0
0.00891154 0.01825151 1.573825 0.4655651 0.4714911 0.5133685 0.03299822 19.36799 nan 0 0.0
-0.1338971 -0.08115092 -2.186188 -9.849902 0.4920695 0.6157924 -0.009873279 19.61254 1.592653 1 0.0
-0.06948891 -0.01649991 1.827481 -0.2441075 0.06716745 0.07686783 0.05245366 16.29974 1.172432 1 0.9998617
0.06715551 0.03293231 0.9770351 -0.03569191 0.3227228 0.3683296 0.08810667 18.19338 1.030329 0 0.0
0.01846648 0.05375161 1.75382 -1.64139 0.7787498 0.9217884 0.2391796 20.05555 0.619339 0 0.0
0.01750638 -0.02112235 -1.481678 -2.367751 2.326343 1.575425 0.1602329 20.3086 nan 0 0.0
-0.004921828 0.001269971 1.763593 -1.076478 0.7565544 0.7411043 0.3665001 19.74059 nan 0 0.0
-0.1168699 -0.08680227 4.388203 -4.13047 1.109572 1.408516 -0.09290356 20.406 0.8315067 1 0.1964001
-0.06909799 0.09839338 1.398551 -5.103848 1.314206 1.120545 0.1338103 20.3242 1.61483 0 0.0
0.01233908 0.0542679 2.981339 0.3374849 0.8943873 0.9451995 0.200364 20.02673 0.7589931 0 0.0
-0.09851353 -0.1308843 -1.013944 -4.222236 0.2532499 0.281609 0.04476379 18.59716 0.8796806 1 0.0
0.03766886 -0.1251643 -6.502353 -9.307835 0.2473098 0.3035027 0.1805337 18.65579 0.9418545 1 0.0
0.03608371 0.0137551 -1.064997 -0.2851137 1.764823 2.198102 0.22124 20.51068 0.6704559 0 0.0
0.04016586 -0.1587008 -4.032767 -2.997919 0.4688833 0.6415895 0.1895795 19.71165 0.8934383 1 0.0
-0.07313902 -0.06052839 1.731368 -0.3693741 0.08662707 0.1080589 0.02277206 16.89403 1.103649 1 0.9993981
-0.06147998 -0.03276785 2.141643 -1.644159 1.025074 1.189273 0.09009701 20.45396 0.7498589 0 0.0
-0.008754497 -0.04083808 1.995502 0.3695597 1.866146 1.667006 0.09635085 20.62591 0.4613934 0 0.0
0.01358815 -0.02779476 -0.1389046 1.457334 1.251926 1.201855 -0.09494848 20.27259 0.691637 0 0.0
0.02168285 0.04023645 -4.24871 -7.233373 0.3348018 0.3750868 0.0471431 18.75174 1.047966 0 0.0
-0.02007519 -0.04665295 1.047858 0.05878572 0.3801861 0.5046191 0.1285248 19.45586 0.8814087 1 0.9860273
0.03300532 0.01757558 -6.871626 -6.627875 0.3811291 0.4778329 0.1120202 19.30062 1.263065 0 0.0
0.008479376 -0.02792902 2.165799 0.568928 0.599886 0.8556438 0.2233605 19.82592 0.6534939 0 0.0
0.02385361 -0.001544827 -0.6372473 -2.111265 0.8827915 1.1467 0.2501867 20.10427 0.6940212 0 0.0
-0.0118347 0.001724587 2.905829 -0.6864319 0.6481307 0.7325759 0.192297 19.15881 0.7489624 0 0.0
-0.05775755 0.04970313 0.2163252 -0.6180649 2.258584 1.631026 0.01793293 20.71117 0.6443481 0 0.0
-0.03129713 -0.007918911 1.103003 -0.9518679 0.703111 0.7395504 0.162759 20.04262 0.4263496 0 0.0
-0.08457865 -0.009215979 -2.354744 -1.633145 0.1242633 0.1352958 0.1185595 17.46972 0.949398 1 0.0
-0.02222887 -0.000703557 1.633365 0.4756849 0.6942623 0.793891 0.2045152 19.93572 nan 0 0.0
-0.019467 -0.01033636 -2.9407 1.628168 1.135679 1.255993 0.04244414 19.26657 0.6807632 0 0.0
0.00934984 -0.01953711 -2.139563 -0.5987314 2.824108 1.444699 -0.02758906 20.45193 0.8984528 0 0.0
-0.1468658 0.04813303 -6.876804 -12.35719 1.401521 1.701359 0.1484591 20.59986 0.9901066 0 0.0
-0.002110172 0.009563661 0.3536137 -0.597157 0.3653435 0.4444736 0.1011606 19.1977 0.8063583 0 0.0
-0.009978798 -0.005835044 1.997841 -1.517235 0.5488828 0.7036281 0.04633706 19.85701 1.446661 0 0.0
0.0401198 0.01100016 3.538451 -0.4914653 0.7104566 0.8438571 0.2054375 20.04401 0.6221981 0 0.0
0.1173327 -0.0220609 -5.69516 -7.703707 1.238125 1.521229 0.04271334 20.37477 1.641201 1 0.0
0.003800018 -0.09096911 1.763804 -0.229388 0.09805729 0.126978 0.10409 16.96693 0.1411839 1 0.9997068
0.04059295 0.01181547 -1.53873 -9.609635 1.581647 2.134196 0.1285559 20.1278 0.8305645 0 0.0
0.03154914 -0.009399446 -2.177969 7.195924 0.1940512 0.2282796 0.07747594 18.12321 0.7681332 1 0.0
-0.03184323 0.01400706 -2.087904 -1.443582 0.1878228 0.1966924 0.06557915 17.87655 1.060837 1 0.0
-0.02274694 -0.0003990144 2.131733 -1.563998 0.6097661 0.7299706 0.1749885 19.71196 0.6289082 0 0.0
-0.02115401 -0.01474801 -0.707388 -2.946705 0.9990711 1.014934 0.176987 20.26684 nan 0 0.0
-0.08339922 -0.1205093 1.741475 -0.3452757 0.5581129 0.6926805 0.08135714 19.8521 0.7717476 0 0.0
-0.01940199 -0.01009978 4.203149 -0.9685539 0.988346 0.8474852 -0.09135843 19.72987 nan 0 0.0
0.07096495 -0.1278191 -4.053088 -5.964011 0.1976042 0.268824 0.208181 18.31601 1.27907 1 0.0
0.02194094 0.02538171 1.873627 -0.4918714 0.246154 0.2653741 0.1620114 18.39438 1.053596 1 0.9990217
-0.03574425 -0.02253734 4.086419 5.277376 0.9356982 1.05852 0.04650952 20.17904 nan 0 0.0
0.004096499 0.0318259 6.300036 2.094512 2.745911 1.955741 0.05516493 20.62699 0.1111851 0 0.0
-0.02418225 -0.02608904 0.1240099 -0.9692442 1.609368 1.630603 0.08327552 20.40164 nan 0 0.0
-0.001970822 0.01557564 2.328205 -1.109278 0.367265 0.3851156 0.130956 18.64503 0.9845066 0 0.0
