data/gcs/NGC_6540_Djorg.ecsv
# %ECSV 0.9
# ---
# datatype:
# - {name: x, unit: deg, datatype: float64}
# - {name: y, unit: deg, datatype: float64}
# - {name: pmx, unit: mas / yr, datatype: float64}
# - {name: pmy, unit: mas / yr, datatype: float64}
# - {name: pmx_e, unit: mas / yr, datatype: float64}
# - {name: pmy_e, unit: mas / yr, datatype: float64}
# - {name: pm_corr, datatype: float64}
# - {name: g_mag, unit: mag, datatype: float64}
# - {name: bp_rp, unit: mag, datatype: float64}
# - {name: filter, datatype: int64}
# - {name: memberprob, datatype: float64}
# meta: !!omap
# - comments: [deg deg mas/yr mas/yr mas/yr mas/yr dimless mag   mag   zeroone float]
# - __serialized_columns__:
#     bp_rp:
#       __class__: astropy.units.quantity.Quantity
#       unit: &id001 !astropy.units.Unit {unit: mag}
#       value: !astropy.table.SerializedColumn {name: bp_rp}
#     g_mag:
#       __class__: astropy.units.quantity.Quantity
#       unit: *id001
#       value: !astropy.table.SerializedColumn {name: g_mag}
#     pmx:
#       __class__: astropy.units.quantity.Quantity
#       unit: !astropy.units.Unit {unit: mas / yr}
#       value: !astropy.table.SerializedColumn {name: pmx}
#     pmx_e:
#       __class__: astropy.units.quantity.Quantity
#       unit: !astropy.units.Unit {unit: mas / yr}
#       value: !astropy.table.SerializedColumn {name: pmx_e}
#     pmy:
#       __class__: astropy.units.quantity.Quantity
#       unit: !astropy.units.Unit {unit: mas / yr}
#       value: !astropy.table.SerializedColumn {name: pmy}
#     pmy_e:
#       __class__: astropy.units.quantity.Quantity
#       unit: !astropy.units.Unit {unit: mas / yr}
#       value: !astropy.table.SerializedColumn {name: pmy_e}
#     x:
#       __class__: astropy.units.quantity.Quantity
#       unit: &id002 !astropy.units.Unit {unit: deg}
#       value: !astropy.table.SerializedColumn {name: x}
#     y:
#       __class__: astropy.units.quantity.Quantity
#       unit: *id002
#       value: !astropy.table.SerializedColumn {name: y}
# schema: astropy-2.0
x y pmx pmy pmx_e pmy_e pm_corr g_mag bp_rp filter memberprob
[from data line 834]
-0.0169828 0.003558398 -0.4482918 -3.956765 1.023257 0.957404 0.8550892 18.06504 nan 0 0.0
-0.005748819 0.004099351 -6.742305 -10.28324 0.7422967 0.6535504 0.5636732 18.4541 nan 0 0.0
0.008455414 -0.0008370442 -3.729125 -2.734545 0.1169017 0.1036363 0.3095426 12.59134 2.194636 1 0.9958257
0.002299058 0.02277242 2.289987 -2.45341 0.8766024 0.7505572 0.07648907 18.46366 nan 0 0.0
0.006349134 -0.0006366293 -3.631439 -2.730769 0.1152461 0.1020957 0.344115 12.36446 2.041996 1 0.9957726
0.005836014 -0.001519703 -3.84034 -2.923459 0.07175185 0.06003338 0.1882138 14.38413 1.735115 1 0.9954822
0.002163712 0.007801645 -1.920818 -1.188463 0.3717266 0.3212395 0.2536389 15.91983 1.602503 0 0.0
-0.008232843 -0.001640021 -3.792953 -2.799333 0.1064229 0.08878026 0.1377873 11.93709 2.140635 1 0.9964275
-0.02308802 0.01355941 -5.823706 -5.139659 0.1882314 0.1656233 0.3940864 13.84241 2.912388 0 0.0
-0.01004342 0.01290908 -2.349196 -10.06614 0.5708991 0.463123 0.09842449 18.35169 nan 0 0.0
-0.01101408 -0.00288958 -3.680748 -2.71156 0.07325004 0.06462576 0.384197 13.55399 1.777533 1 0.9952019
0.011832 0.009408918 -6.504626 -10.61533 0.3746427 0.325814 0.3391508 16.8378 1.736847 0 0.0
-0.006936998 0.003475578 -3.857519 -6.985323 0.459062 0.399451 0.2945648 18.15543 1.620617 0 0.0
-0.01690487 0.02341582 -0.4758955 -4.838822 0.4404008 0.3828462 0.1807458 18.30481 1.859348 0 0.0
0.006620314 0.01814502 -1.874914 -4.859111 0.2263481 0.1946319 0.1786834 16.56041 1.260964 0 0.0
-0.002076032 -0.001710301 -2.754742 -1.336239 0.2569486 0.2460712 0.8247595 15.84169 0.9512243 0 0.0
-0.006477249 -0.007743418 -4.30747 -4.05371 0.3268725 0.3015943 0.5899106 17.57301 1.410837 0 0.0
-0.004101412 0.001345214 -4.094896 -2.853697 0.1143214 0.09655719 0.2417282 12.21355 2.405787 1 0.9806156
-0.0275991 0.01695344 -11.48707 -7.530327 0.288062 0.2598643 0.4162244 17.53034 1.426095 0 0.0
-0.02751785 0.01606273 2.50959 -10.16547 1.091732 0.9527184 0.2845653 17.59197 1.44417 0 0.0
-0.003102952 0.02588519 1.661277 -1.99762 0.7550627 0.6619444 0.1545292 18.6722 nan 0 0.0
-0.003561322 0.001219348 -1.893637 -11.04885 0.2557935 0.2215012 0.2620257 16.17344 nan 0 0.0
-0.0311335 0.004102679 3.340175 -8.853322 0.2159145 0.1914864 0.4322694 16.6216 1.686686 0 0.0
-0.007288994 0.01740874 -1.898992 -5.735548 0.6663462 0.5747048 0.5289054 18.50306 1.656147 0 0.0
-0.02708436 0.01059256 2.654035 -11.0072 0.8119325 0.6412829 -0.2208697 17.83137 1.616552 0 0.0
0.005215145 0.002937802 1.114872 -8.410524 0.3115873 0.2505528 0.360113 16.43932 nan 0 0.0
-0.00421002 0.0166307 -1.974642 -0.5623604 0.1953342 0.171175 0.3424166 16.56644 1.958157 0 0.0
-0.02297852 0.006603333 -1.61695 -3.954984 0.4621048 0.409937 0.4108422 18.13468 2.011913 0 0.0
-0.01933399 0.01350101 -3.95128 -7.937178 0.409008 0.3679873 0.4564593 17.69663 0.8502493 0 0.0
-0.0008610652 0.02263893 -3.974959 -8.493058 0.3894628 0.3481748 0.3988535 17.19664 2.028777 0 0.0
-0.03013495 0.006420389 -2.360289 -6.096512 0.4033511 0.3470764 0.313473 17.53943 nan 0 0.0
-0.006342836 0.002514311 -4.997197 -4.765726 0.5546684 0.5263079 0.8473464 17.08421 1.188288 0 0.0
-0.003885849 0.0145498 -2.004257 -1.786269 0.6960245 0.5994113 0.3535724 18.25084 1.478626 0 0.0
-0.01304183 0.01804716 -2.868202 -4.870218 0.142242 0.1260603 0.2667429 15.50362 2.048879 0 0.0
-0.03129384 -0.001764372 -1.352249 1.492783 0.2569115 0.2160332 0.1282116 17.08797 1.321997 0 0.0
0.01158878 0.007926934 -2.802522 -5.492335 0.1084393 0.08926936 0.1551056 14.98259 1.907585 0 0.0
0.01045466 0.009246934 1.55796 -4.145663 0.129812 0.1118892 0.6131414 14.93515 1.957162 1 0.0
-0.005587324 0.01452493 -5.350462 0.9225768 0.4042324 0.3554907 0.2418252 17.53449 nan 0 0.0
-0.005614206 0.01207589 -6.444873 -5.118228 0.2186509 0.1928159 0.3599639 16.4024 1.855671 0 0.0
3.024741e-05 0.01070847 1.079467 -2.812455 0.5738917 0.5180386 0.591129 18.03436 nan 0 0.0
-0.005425263 0.01421213 -1.043743 -5.311907 1.65235 1.380405 -0.1638254 18.80037 nan 0 0.0
-0.0140138 0.01545877 -4.57791 -5.201928 0.316541 0.2864893 0.424334 17.62144 1.812065 0 0.0
-0.02689652 0.01545063 0.574366 -5.131208 0.2423917 0.2219278 0.5645542 16.61025 1.734889 0 0.0
0.008726726 0.01505687 -3.295407 -10.41105 0.1771742 0.1589382 0.4384049 16.39054 1.804232 0 0.0
-0.01044825 0.01000225 0.5539368 0.8348923 0.8157372 0.7075933 0.3175889 18.13619 nan 0 0.0
0.006511244 0.0008224828 -5.450038 -7.352528 0.2789608 0.2483975 0.5056961 16.39663 1.717834 0 0.0
0.003108776 0.002815813 -3.628949 -4.587718 0.3977569 0.3442072 0.3230848 17.34745 nan 0 0.0
-0.01865681 0.001849139 0.5624864 -5.39238 0.1190935 0.1040857 0.2500783 15.64985 1.756836 0 0.0
-0.003345981 0.02378138 0.3476774 -6.277803 1.520815 1.245017 -0.1791199 18.76811 1.622023 0 0.0
-0.01973903 0.01309849 -9.81886 -5.0093 0.2201013 0.1815262 0.3162616 16.27269 1.855005 0 0.0
-0.005262248 -0.005858892 -2.725082 -5.566776 0.2801213 0.2332756 0.1335092 16.98806 nan 0 0.0
-0.004156375 0.02634864 -4.780098 -6.16599 0.4007662 0.3308839 0.05875948 18.16776 1.746656 0 0.0
-0.008397423 0.03155546 -0.9744829 -4.302036 0.08674306 0.07138741 0.1448507 14.32421 2.203041 1 0.0
0.004540314 0.009785214 -2.108886 -6.884077 0.4974343 0.4364825 0.5089112 17.9859 nan 0 0.0
-0.02503073 0.005662557 2.672189 -4.657042 0.1500877 0.1310415 0.3091967 16.35648 1.908077 0 0.0
0.01183233 0.01245495 -6.722284 -6.693867 0.1760955 0.1512593 0.232835 16.3158 1.778544 0 0.0
-0.02208614 0.0006869222 -7.552344 -16.12966 0.9780571 0.914014 0.4418858 18.45987 nan 0 0.0
-0.007856351 0.01995692 2.123806 1.103996 0.5791067 0.5059195 0.284458 18.58307 nan 0 0.0
-0.009666812 0.02969569 -0.530949 -6.710108 1.09171 1.051699 0.02647388 19.00016 nan 0 0.0
-0.0290835 0.01303536 -4.176652 -4.23697 0.2238596 0.1940122 0.3300676 16.99469 1.72626 0 0.0
-0.00477665 0.004316835 -2.257709 -4.120989 0.9271027 0.8256008 0.5793272 17.99145 nan 0 0.0
-0.01793071 0.02014646 -2.897867 -8.868611 0.1925182 0.1693548 0.36017 16.43441 1.83882 0 0.0
-0.02743345 0.00264646 -0.3302038 -3.715692 0.852281 0.7936209 0.2544344 18.77278 nan 0 0.0
-0.004965378 -0.002400855 -6.347243 -5.166871 0.9835778 0.8993081 0.2432183 18.70419 nan 0 0.0
-0.007557651 -0.00311626 -1.314876 -2.735677 0.500708 0.4209076 0.5294095 18.14907 nan 0 0.0
-0.01771258 0.007517937 2.024541 -4.33785 1.212936 1.107588 0.5044434 18.63581 1.016584 0 0.0
-0.001347253 0.02385772 -3.055235 -8.771011 0.1489224 0.126999 0.2365809 16.19454 2.184654 0 0.0
-0.0002398088 0.00620903 -0.197977 -4.502704 0.1357346 0.1131497 0.2414556 16.03976 1.762126 0 0.0
-0.02678858 0.01584166 0.1272 -7.777176 0.2281188 0.206725 0.4472476 17.0778 nan 0 0.0
-0.004749884 0.009813815 -0.5455415 -3.426425 0.7569512 0.6658193 0.5534214 18.53895 nan 0 0.0
0.01058977 0.01001558 -4.456944 -9.193711 0.4420314 0.4147043 0.3560025 17.3269 nan 0 0.0
-0.02757145 0.01441095 -5.321259 -4.93805 0.3489901 0.3078462 0.4238859 16.20679 1.770443 0 0.0
-0.01882036 0.01064771 -0.8359352 -4.688641 0.1509221 0.1276274 0.2149129 14.1956 3.01478 1 0.0
-0.009178435 0.003910288 -1.377209 -7.660898 0.2750271 0.2345015 0.2758905 16.16313 1.777493 0 0.0
0.008483451 0.01241521 -4.578019 -6.046517 0.2892824 0.2463183 -0.04337327 16.72576 1.77952 0 0.0
-0.005965451 0.01490828 -3.785681 -2.909467 0.203495 0.1753554 0.2354478 16.97427 1.799526 0 0.0
0.0002462929 0.007433548 2.124185 -7.407509 1.341457 1.078168 0.2148575 18.43579 nan 0 0.0
-0.008477565 0.02006559 -2.020999 -1.829408 0.5835695 0.4985073 0.2211154 18.42225 1.567089 0 0.0
-0.02700308 0.009541633 -3.34227 -4.722939 0.2016708 0.1776926 0.3917834 16.8228 1.98285 0 0.0
-0.02678618 0.006068405 -1.04916 -4.45906 0.1174815 0.1034831 0.4029823 14.31994 2.556533 1 0.0
-0.01733389 0.003714745 0.8535772 -2.72084 0.2286139 0.2023693 0.5304676 16.04714 1.859804 0 0.0
-0.01344644 0.01385667 -2.361629 -9.466925 1.279752 0.9824503 0.1783587 18.86987 nan 0 0.0
-0.02235761 0.00764106 1.379695 0.5946153 0.5515428 0.5023741 0.3756773 18.45592 nan 0 0.0
-0.02395364 0.01985729 -4.406693 -7.071775 0.4130226 0.3609778 0.5882619 17.85499 1.416872 0 0.0
0.01085966 0.008277962 -5.620433 -8.402216 0.756877 0.5857916 -0.438656 18.37931 1.713213 0 0.0
-0.02276497 0.0185224 -3.964856 -5.336696 0.3746845 0.3338789 0.3025419 17.71803 1.297312 0 0.0
-0.02146847 0.01808588 -1.794289 -2.951899 0.09380341 0.07872436 0.1826441 15.39216 1.781971 1 0.0
-0.006045969 0.005810226 -0.9676729 -3.796876 0.6709431 0.6121327 0.4389272 18.60398 nan 0 0.0
-0.01798173 0.002003748 -2.132066 -1.562936 0.07340442 0.06130303 0.1658267 14.12166 1.607293 1 0.0
-0.02044105 0.01222289 -4.663217 -8.616296 0.9739539 0.8584841 0.2468817 18.23707 nan 0 0.0
-0.01879557 0.02350324 -5.077568 -8.732745 0.2820099 0.2290878 0.2890724 17.49411 1.304232 0 0.0
-0.02165808 0.02082289 -7.830558 -7.507232 1.034719 0.8554411 -0.2922751 18.23344 nan 0 0.0
-0.001347195 0.01921523 -2.205603 -3.881842 1.115029 0.923026 -0.7559984 18.19966 1.344936 0 0.0
-0.02232905 0.0001051313 -5.162542 -0.8661222 0.1257312 0.1056257 0.1924573 16.22022 1.006763 0 0.0
-0.01722837 0.01948091 -3.225125 0.5147005 0.6979109 0.5859109 0.02587755 18.18963 nan 0 0.0
-0.004669517 0.02500966 -2.305174 -6.332341 1.624924 1.328343 -0.3119945 18.73796 nan 0 0.0
0.002649847 0.008970839 -4.37938 -1.64206 0.6810854 0.7483605 0.008921369 18.09103 1.022747 0 0.0
-0.009233713 0.0188658 -7.749307 -6.839381 0.7704777 0.701907 0.8875944 17.7366 1.83119 0 0.0
-0.0001047871 0.01222099 -3.155138 -2.009519 0.7086574 0.6261537 0.3064454 18.23125 nan 0 0.0
0.003298026 0.009995067 5.536854 -1.895858 0.9381232 0.9326825 0.349646 18.71402 nan 0 0.0
-0.005991683 0.0008167906 -3.956553 -3.801636 0.3260278 0.2840083 0.2553921 16.52261 nan 0 0.0
-0.02335889 0.01725579 -4.270226 -3.34375 0.523578 0.4764779 0.8795051 17.23921 1.554268 0 0.0
-0.02986575 0.009525627 -3.82087 -9.329604 0.1566967 0.1321119 0.2099015 16.23123 1.792066 0 0.0
-0.02387235 0.01866903 -5.171868 -0.6169197 0.3592332 0.3161909 0.4300269 16.94154 1.754705 0 0.0
0.01040107 0.01369106 -0.9523362 -6.3667 0.7770415 0.6554117 -0.05537419 18.5419 nan 0 0.0
-0.005802576 -0.0006442282 -3.59735 -3.053888 0.09074261 0.08067474 0.478642 14.17452 1.790651 1 0.9485899
-0.008558813 0.02288655 0.09578372 -2.70646 0.2663737 0.2215038 0.1099426 17.4163 1.521988 0 0.0
-0.02089826 0.002258812 -3.798536 -10.72249 0.4551364 0.3814021 0.1498605 18.20078 1.532335 0 0.0
-0.02465474 0.01485034 -2.975744 -5.919662 0.1424538 0.1247858 0.3099875 16.19225 1.750668 1 0.0
-0.01784652 0.0008498246 -11.90849 -0.4265384 1.452673 1.232492 0.2441121 18.79947 nan 0 0.0
-0.01244812 0.0221919 -7.257013 -5.264598 0.4535621 0.3659254 0.1910386 17.93468 1.689342 0 0.0
-0.01971266 0.01664426 0.2918954 -6.718863 0.1220641 0.1077141 0.3939715 15.06935 2.232617 1 0.0
-0.01231166 0.009645376 -2.933725 -1.567627 0.2806988 0.2531094 0.4247577 17.49935 1.433334 0 0.0
-0.02543473 0.001040958 -3.416732 -7.623472 0.3058696 0.2398087 0.08557557 17.12958 1.842979 0 0.0
-0.01263729 0.02306735 -0.6528467 -7.657084 0.1937933 0.1699775 0.3669992 16.64094 1.85773 0 0.0
-0.01701154 0.01461911 -0.4160884 -5.312401 0.4184631 0.3943131 0.3441335 17.87445 1.374132 0 0.0
-0.02195217 0.005897826 -5.72626 -0.2827089 1.228212 1.085556 0.380393 18.63197 nan 0 0.0
0.0008133952 0.00481857 -1.458836 -3.891492 0.9845466 0.9958533 0.3302349 18.5209 nan 0 0.0
-0.01331273 0.0247362 -3.948575 -3.046065 0.2932557 0.2576026 0.3904322 16.69007 1.806825 0 0.0
-0.006506173 0.02443737 -1.526863 -2.341608 0.4970768 0.4054934 0.2591885 18.0599 nan 0 0.0
-0.01522741 0.003018878 -0.688485 -5.990306 0.9191125 0.7033578 0.1772442 18.46946 nan 0 0.0
0.002622759 0.005587203 1.938183 -5.148579 1.063503 0.9176515 0.3725159 18.58083 nan 0 0.0
-0.01658094 0.02466136 -5.801032 -6.059017 0.9666028 0.8385728 -0.266314 18.86024 1.45734 0 0.0
-0.02354342 -0.003677397 -4.707598 -3.824285 0.2365633 0.2052328 0.137192 16.74858 1.654902 0 0.0
0.0005703686 0.008579863 -2.986165 -0.5060242 0.6987118 0.6119617 0.3304706 18.4813 1.58881 0 0.0
-0.007640409 0.02180134 -3.918575 -8.917659 0.7368805 0.6582143 0.8657745 17.61769 1.990637 0 0.0
-0.01004213 -0.001159521 -1.41591 -4.940859 0.2377128 0.201793 0.212377 17.39241 nan 0 0.0
-0.0006989784 0.01805557 -2.028211 -1.669532 1.220312 0.9911702 -0.7850284 18.39401 2.067085 0 0.0
-0.02716392 0.004704557 -6.1276 -3.466615 1.304082 1.136896 0.4372693 18.84565 nan 0 0.0
0.004189372 0.0134626 -4.110434 -11.99016 0.6487415 0.5154991 -0.6808423 17.39297 1.67788 0 0.0
-0.01768745 0.01909364 0.7761225 -1.863744 0.5048167 0.4321972 0.1099323 17.9669 1.360926 0 0.0
-0.01114995 0.005378762 -3.926615 -4.653578 0.4211626 0.3692718 0.1152873 17.7341 nan 0 0.0
0.005215164 0.003330716 -4.372332 -2.538967 0.535437 0.5088105 0.4668588 17.3565 nan 0 0.0
-0.01315086 0.02626401 3.082698 -4.65028 1.378783 1.273984 0.6513777 19.04177 1.648832 0 0.0
-0.02905299 -0.0001081717 0.349347 2.450385 1.381339 1.118749 0.07660473 18.51155 1.459415 0 0.0
-0.01463628 0.02510987 -4.064915 -6.365241 0.3878936 0.3412526 0.3469032 17.93726 1.926147 0 0.0
-0.004831171 0.01584866 -0.3960666 -3.544343 0.1719054 0.1496978 0.5274052 15.90692 2.377644 1 0.0
-0.01390375 -0.0003741181 -5.852746 -6.919178 0.7075464 0.6534875 0.5112897 17.45753 nan 0 0.0
-0.01115046 0.01044087 -0.3844853 -2.198769 0.7502682 0.648644 0.4827782 18.42725 nan 0 0.0
-0.008908316 0.003053911 -3.408384 -4.253704 0.1087726 0.09596806 0.365622 15.50786 1.917257 0 0.0
-0.02254742 0.01136798 1.136177 -3.64856 0.1772562 0.156055 0.4765275 16.33878 2.032315 0 0.0
0.0106979 0.0111123 0.09356714 0.7342373 0.6121541 0.532976 -0.05554001 18.30646 nan 0 0.0
-0.01360947 0.02176642 -4.186217 -2.785449 0.4024461 0.3619608 0.5168306 17.73271 1.292917 0 0.0
-0.01028791 0.0279485 -4.112228 -7.75234 0.4402702 0.3503901 0.1327526 17.76659 1.408525 0 0.0
-0.01798567 0.02586468 0.8154811 -6.086348 0.4184173 0.3646534 0.243295 17.59673 nan 0 0.0
-0.01009653 0.003156804 9.051661 3.418604 1.354742 1.282248 0.06221505 18.86025 nan 0 0.0
-0.01725389 0.01007958 -4.095372 -6.575583 0.5511075 0.4805087 0.3207844 18.22181 1.472524 0 0.0
-0.0330498 0.000640276 4.427786 0.6561192 0.566971 0.4875431 -0.1797977 18.32625 1.155851 0 0.0
-0.02181522 -0.003657963 3.087211 4.089485 1.019185 0.8051112 -0.2716116 18.47372 nan 0 0.0
-0.0237903 0.01395789 -6.376024 -6.496923 0.2475018 0.2259504 0.5153285 16.93261 1.778986 0 0.0
-0.0172795 0.001290514 1.2477 -6.369335 0.1427591 0.119689 0.1237854 15.21621 2.182486 1 0.0
-0.01763177 0.008795874 -1.683747 -6.917714 0.1746954 0.1530035 0.06296692 15.65654 2.192301 0 0.0
-0.003750677 0.01065309 3.20487 -4.043023 0.5394208 0.5223809 0.380772 18.1009 1.465149 0 0.0
-0.01028486 -0.004339094 2.777027 -4.186843 0.1447948 0.1294912 0.400667 15.89304 nan 0 0.0
-0.004911298 -0.004037358 -3.341991 -3.080874 0.1383005 0.1199769 0.4304935 14.34178 1.675819 0 0.0
-0.01509196 -9.389615e-05 5.393907 -1.30927 0.9025415 0.7962285 0.2925918 17.84682 nan 0 0.0
-0.01074496 0.006290516 -0.5070128 -9.699298 1.000651 0.801979 0.09483318 18.66222 1.497604 0 0.0
-0.02324616 -0.00473019 0.3660886 -4.120449 0.2731873 0.2490634 0.3404066 17.11584 1.291536 0 0.0
-0.02632423 -0.005734156 -6.099795 -2.576711 0.2740009 0.2292028 0.006137691 17.39193 1.585442 0 0.0
-0.02052415 0.02323209 -3.30791 -2.770846 1.432169 1.30732 0.3067605 18.41866 1.520596 0 0.0
-0.016497 0.005425767 -2.470304 -8.624338 0.3567003 0.3253129 0.6600661 17.44269 1.543755 0 0.0
-0.02943166 0.002157657 4.748417 -0.5451665 0.3999586 0.3655017 0.5053975 17.60926 1.360902 0 0.0
-0.007559906 0.02936016 0.2850732 -3.565184 0.622567 0.509576 -0.01725966 18.14018 nan 0 0.0
-0.02616848 0.02033552 -1.407824 -4.013019 0.6800738 0.632504 0.9109387 17.24093 1.977755 0 0.0
-0.01196188 0.02156634 -2.197297 -6.738908 0.5568512 0.4806016 0.4468941 17.15625 1.943091 0 0.0
-0.01112288 0.004808468 -5.368818 -8.241755 0.1913367 0.1623393 0.1836867 16.41841 1.759475 0 0.0
-0.001941176 0.007372495 12.02836 6.181863 1.25146 0.9529801 0.002477731 18.0916 nan 0 0.0
