data/gcs/NGC_6256.ecsv
# %ECSV 0.9
# ---
# datatype:
# - {name: x, unit: deg, datatype: float64}
# - {name: y, unit: deg, datatype: float64}
# - {name: pmx, unit: mas / yr, datatype: float64}
# - {name: pmy, unit: mas / yr, datatype: float64}
# - {name: pmx_e, unit: mas / yr, datatype: float64}
# - {name: pmy_e, unit: mas / yr, datatype: float64}
# - {name: pm_corr, datatype: float64}
# - {name: g_mag, unit: mag, datatype: float64}
# - {name: bp_rp, unit: mag, datatype: float64}
# - {name: filter, datatype: int64}
# - {name: memberprob, datatype: float64}
# meta: !!omap
# - comments: [deg deg mas/yr mas/yr mas/yr mas/yr dimless mag   mag   zeroone float]
# - __serialized_columns__:
#     bp_rp:
#       __class__: astropy.units.quantity.Quantity
#       unit: &id001 !astropy.units.Unit {unit: mag}
#       value: !astropy.table.SerializedColumn {name: bp_rp}
#     g_mag:
#       __class__: astropy.units.quantity.Quantity
#       unit: *id001
#       value: !astropy.table.SerializedColumn {name: g_mag}
#     pmx:
#       __class__: astropy.units.quantity.Quantity
#       unit: !astropy.units.Unit {unit: mas / yr}
#       value: !astropy.table.SerializedColumn {name: pmx}
#     pmx_e:
#       __class__: astropy.units.quantity.Quantity
#       unit: !astropy.units.Unit {unit: mas / yr}
#       value: !astropy.table.SerializedColumn {name: pmx_e}
#     pmy:
#       __class__: astropy.units.quantity.Quantity
#       unit: !astropy.units.Unit {unit: mas / yr}
#       value: !astropy.table.SerializedColumn {name: pmy}
#     pmy_e:
#       __class__: astropy.units.quantity.Quantity
#       unit: !astropy.units.Unit {unit: mas / yr}
#       value: !astropy.table.SerializedColumn {name: pmy_e}
#     x:
#       __class__: astropy.units.quantity.Quantity
#       unit: &id002 !astropy.units.Unit {unit: deg}
#       value: !astropy.table.SerializedColumn {name: x}
#     y:
#       __class__: astropy.units.quantity.Quantity
#       unit: *id002
#       value: !astropy.table.SerializedColumn {name: y}
# schema: astropy-2.0
x y pmx pmy pmx_e pmy_e pm_corr g_mag bp_rp filter memberprob
[from data line 2162]
-0.06300939 0.006448938 0.6592685 -1.060779 1.549287 0.9373209 0.3521618 19.97615 1.917704 0 0.0
0.05950096 0.02788657 -1.334565 -3.232581 0.6897629 0.3756344 0.4511947 18.66225 2.411726 1 0.0
0.00788163 0.01854064 -0.557379 -2.2876 0.2281561 0.1904709 -0.1843932 17.2712 2.407884 0 0.0
-0.02072381 0.04224655 -3.383881 -6.846017 1.505851 0.9443025 0.4185959 19.83213 2.348711 0 0.0
0.01801992 0.02220864 -3.259765 -3.389525 0.3324495 0.2599382 -0.1567006 17.84113 3.336502 1 0.0
-0.05041607 0.04360971 -2.246799 -5.160259 1.153265 0.7560622 0.2804667 19.75909 2.163807 0 0.0
-0.0111197 -0.03484646 -6.18624 -6.215304 3.275423 1.972171 0.5767495 20.05223 nan 0 0.0
-0.03244539 -0.01822815 -7.607122 -4.398878 0.8617713 0.5461249 0.2857267 19.63933 2.055954 0 0.0
0.01539775 -0.005023905 -2.979575 -1.039387 0.7769738 0.4826709 0.02458905 18.95596 2.386953 0 0.0
-0.05803436 -0.02318348 1.817617 -2.371346 0.6026271 0.3258425 0.4036171 18.66878 2.014351 0 0.0
0.02077472 0.03789015 -4.445642 0.9199479 0.1483627 0.1077204 -0.07462894 15.60949 3.16916 1 0.0
0.03842563 0.03836009 -0.8530834 -3.302363 0.1531348 0.1027404 0.0674239 14.99315 3.311734 1 0.0
0.0510593 -0.0005115128 -3.266725 -3.557823 2.151276 1.208089 0.4120884 20.22456 2.557514 0 0.0
-0.05563377 0.003845464 -4.802599 -5.73793 2.001364 1.104145 0.2025953 20.46248 1.300009 0 0.0
0.05698119 0.02745363 -0.2202009 -2.604994 0.4862627 0.3177109 0.1624826 17.41892 2.774111 0 0.0
0.03265893 0.0177291 -3.000382 -1.485448 2.147279 1.270078 0.7186019 19.8401 1.878775 0 0.0
0.02863689 -0.03043745 0.05365118 -3.55483 0.9016214 0.5207643 0.228993 19.41917 2.08036 1 0.0
0.01883294 0.01258396 -0.6716728 0.1118911 0.9744392 0.6323031 0.3775529 19.45221 2.424263 1 0.1100105
0.004327797 0.01398617 -3.399321 -1.49224 0.1948973 0.1412242 -0.07488407 16.76316 2.538403 1 0.988677
0.005033342 0.01009514 -5.285456 -1.412147 3.341219 1.676625 0.3545361 19.78875 nan 0 0.0
0.01537876 0.02127844 -2.512824 -1.417746 1.684351 1.23676 0.6549723 19.77152 2.114258 0 0.0
-0.03073056 -0.01757512 -0.2613165 -3.48216 1.167132 0.7533893 0.2635111 19.44082 1.797716 0 0.0
-0.004908297 0.01079705 -11.03856 -6.543822 0.9274148 0.402223 0.3867409 18.88289 1.609238 0 0.0
-0.007158483 0.0003217135 -2.093436 -1.538492 0.3312223 0.2237595 0.03261501 16.73132 nan 0 0.0
-0.03472614 -0.03143183 -9.126582 -11.10178 0.8085842 0.4979021 0.4306775 19.13627 2.280121 0 0.0
-0.03266358 -0.02000589 -8.572115 -5.452156 0.3292082 0.1999681 0.1827432 18.11975 2.400278 1 0.0
0.005362095 0.01300192 -3.814041 -0.7948078 0.3785972 0.2959134 0.4146977 17.71896 2.480717 1 0.8641271
0.01448022 0.03202461 0.9941796 3.971555 3.827983 1.816909 0.4988278 20.2637 nan 0 0.0
0.05827761 -0.02761253 -3.088663 -7.17047 1.550945 1.002055 0.2973587 20.0712 2.186369 0 0.0
0.01195663 0.006710726 0.1030809 -3.59254 2.399645 2.291411 0.6606756 20.02644 2.26712 0 0.0
-0.04318861 0.05023649 -1.028019 -5.231861 1.610221 1.82088 -0.2456557 20.10216 2.46796 0 0.0
-0.01653538 -0.01680012 -6.359481 1.940746 1.674138 1.180601 0.4145032 20.24204 2.051332 0 0.0
-0.03589781 -0.02270434 -2.888381 -2.801092 0.5403866 0.3087857 0.4000735 18.29419 2.371494 0 0.0
0.00599172 -0.02686172 -4.328446 -1.758747 0.4871747 0.2514212 0.2660712 18.21437 1.846369 1 0.9152755
0.01939587 0.02492436 -2.984564 6.786043 2.352805 2.259518 0.4504386 20.44908 2.034081 0 0.0
-0.03301758 -0.01712976 -4.349551 -1.334465 0.660991 0.4473858 0.08485198 19.0874 2.184484 0 0.0
0.03810678 0.03366818 3.98315 2.625798 0.7708196 0.5224336 0.2551866 19.23326 2.022116 1 0.0
-0.004410241 0.02546078 -4.287602 -1.859419 0.6396135 0.3358001 0.4838044 18.60415 2.345667 1 0.9129603
0.03015257 -0.04185162 -5.624781 -6.264693 2.797593 1.491686 0.5839043 20.21509 2.475584 0 0.0
0.04934419 0.03746876 -5.922164 -5.869321 1.248733 0.8395051 0.451399 19.79048 2.359579 0 0.0
-0.002267929 0.01754538 -3.494239 -0.7530769 3.534582 1.48366 0.4105812 20.36347 1.409346 0 0.0
-0.02278958 -0.01062956 -4.665267 -6.7903 0.225952 0.1482357 0.1575139 17.38182 nan 0 0.0
-0.05024105 -0.0366476 -5.22499 -5.016325 0.368785 0.2156757 0.1937709 18.2846 2.727652 1 0.0
-0.008472672 0.001836013 -16.5363 -4.427241 1.96806 1.332784 0.07766932 19.74004 2.242161 0 0.0
-0.03282406 0.01349472 -6.809503 -6.816742 2.26471 1.082936 0.4666142 20.16571 1.697065 0 0.0
-0.05158954 -0.02082895 -6.623849 -4.249069 0.3243928 0.2091202 0.1230289 17.93484 2.485357 1 0.0
0.002123713 -0.03899987 -2.816486 -3.103784 0.2853202 0.1957367 0.05733329 17.80503 2.508814 1 0.0
0.03369012 0.03782829 -4.050466 -4.614296 1.523643 1.016226 0.6778386 19.68222 3.024027 0 0.0
-0.06238087 0.01155353 -2.715588 -5.937708 2.276511 1.395226 0.1209581 20.46188 1.3267 0 0.0
0.003670015 0.0004974391 -3.80609 -2.361465 0.4465436 0.2555429 0.2043509 17.91592 2.578665 0 0.0
-0.04729034 -0.02963047 -6.159445 -7.93652 0.7899166 0.5120271 0.2423628 19.26311 2.076164 0 0.0
-0.04697401 -0.02981338 5.577082 1.157559 2.374616 1.216893 0.8761058 19.39066 nan 0 0.0
0.0006040365 0.009652799 2.749404 2.355226 0.9626985 0.6267916 0.3967181 19.14096 2.104599 0 0.0
-0.005845189 0.009713611 -5.038399 -2.986621 1.937588 0.9962239 0.7022039 19.89027 2.011179 0 0.0
-0.02177662 0.06271973 -5.675104 -3.113139 0.6875968 0.3512832 0.3377337 18.8035 2.202837 1 0.0001372353
-0.01299833 -0.001040911 5.489576 0.9613425 1.219662 0.7447538 0.4062141 19.26579 2.130651 0 0.0
0.03906348 0.0477897 -10.09359 -4.164934 2.112144 1.053995 0.347377 20.16822 2.267057 0 0.0
-0.05028188 0.006504237 -8.327275 -0.7722105 2.986368 1.298562 0.7056101 20.29248 1.501734 0 0.0
-0.0129254 -0.0006365405 -6.235293 -2.366607 2.497846 1.326223 0.6842547 20.08185 nan 0 0.0
-0.05776119 0.03329334 -4.077958 -3.697145 1.227279 0.7586781 0.319717 19.93468 2.156368 0 0.0
0.007842896 -0.002932291 -2.706444 -0.8428683 0.2951015 0.1911701 0.1254084 17.64708 2.345655 0 0.0
-0.005685159 -0.01481107 -3.848151 0.04199151 1.539532 0.9365243 0.6884004 19.87057 1.853653 0 0.0
-0.006684258 0.003507029 -10.84355 -7.338288 1.578908 1.053724 0.4076348 19.80131 2.120413 0 0.0
-0.01652395 -0.01341266 -2.744111 -12.51716 0.5731382 0.3681515 0.3574082 18.12655 1.855547 0 0.0
-0.05247905 -0.0360731 -3.730759 -3.518718 0.7975379 0.5004675 0.2682337 19.35111 1.976189 0 0.0
0.024734 0.01007601 -2.233275 -1.04169 1.029471 0.7438827 0.4208195 19.54958 2.490568 0 0.0
0.002854851 0.0009476085 -3.545334 -0.9908235 0.2205215 0.1377651 -0.08377694 16.70418 2.635529 0 0.0
0.001224805 0.02100533 -5.804583 3.488584 2.550583 1.555553 0.5907272 20.42064 1.90332 0 0.0
0.008476768 0.007992934 -3.471667 -1.475615 0.4508468 0.3935101 0.0466576 17.86792 2.472103 0 0.0
-0.005443157 0.003083697 2.159295 -7.674621 1.131325 0.7382249 0.4072801 19.56531 nan 0 0.0
-0.02196472 0.03950343 -0.4796009 -2.985333 3.166131 1.462355 0.2593375 20.3583 1.87142 0 0.0
0.001248599 -0.01211769 -4.530976 -1.996856 0.8159837 0.4393682 0.3405113 19.14331 1.99432 0 0.0
-0.008134149 0.0219128 -2.289142 -5.183428 1.893109 1.338374 -0.294388 20.4481 1.823751 0 0.0
-0.05475469 0.01648039 -2.917562 -3.959772 0.2662089 0.1733312 0.199504 17.7535 2.776772 1 0.0
-0.03679769 -0.02309769 -2.72908 -5.676244 0.78623 0.6085596 0.1364535 19.1956 2.302586 0 0.0
0.0028549 0.002244606 -2.652046 -0.9889632 0.4634917 0.2701221 0.4061747 17.5122 nan 0 0.0
0.007696261 -0.009215082 -1.94369 -1.62373 0.591698 0.2817949 0.2830671 18.43229 2.262058 0 0.0
-0.002922806 -0.04149471 -0.8567333 -2.464374 0.2514517 0.1676518 0.1369459 17.53627 2.580856 1 0.0
-0.04665253 -0.03836191 -4.516563 -7.812124 0.9128203 0.5414761 0.4777609 19.54152 nan 0 0.0
-0.01162239 -0.008300056 -4.097979 -4.304615 2.405651 1.291436 0.872492 19.53142 nan 0 0.0
-0.03162847 0.03536488 -4.535097 -0.4496794 0.6351029 0.3432309 0.4108463 18.33971 2.408554 0 0.0
-0.025983 -0.02807138 -6.047665 -0.3083087 0.1894542 0.1196867 0.1739463 17.05636 2.548155 1 0.0
0.002915762 0.002912175 -3.677995 -1.896183 0.3074844 0.1896436 0.3461728 17.41721 nan 0 0.0
-0.02792934 0.005890173 -12.72133 -4.215897 0.978652 0.6189571 0.2979075 18.53799 2.313383 0 0.0
-0.04115549 0.02795598 -3.6005 -2.379195 1.396372 0.7658547 0.4405407 20.10106 1.735796 0 0.0
-0.04170917 -0.02745662 -2.101612 -2.5759 1.14504 0.6933629 0.3868762 19.71242 2.339331 0 0.0
0.02037818 -0.03333013 1.496853 2.06008 2.843231 1.552087 0.1974444 20.3027 2.778015 0 0.0
0.003402467 0.003247848 -3.218732 -1.641823 0.1552078 0.1007298 0.1024236 16.66319 2.502357 0 0.0
0.04454138 -0.01533131 -4.490127 -1.635406 3.222433 1.799654 0.2834487 20.32671 1.992443 0 0.0
0.02704856 0.05138075 -2.650657 -2.185123 3.101038 1.45023 0.5423238 20.21646 nan 0 0.0
0.003378429 0.009889237 0.5130595 -5.224657 0.2564999 0.1674937 0.1477053 17.49159 2.361694 1 0.0
-0.03581275 -0.02252501 -4.979841 -0.9599503 2.046458 1.396232 0.02711785 19.6323 nan 0 0.0
0.003439252 0.009481062 13.22284 12.05194 3.884121 1.899728 0.3300832 20.33073 nan 0 0.0
-0.01502259 0.0221597 -4.17399 -1.243799 0.7352036 0.4212863 0.1239718 18.71553 2.449139 1 0.9083902
-0.00491996 0.003030327 4.397654 8.336264 1.761884 1.853587 0.5289561 19.70267 nan 0 0.0
-0.00687824 -0.004149086 -9.805994 -6.662731 1.088769 0.5099121 0.7425208 18.168 2.230841 0 0.0
0.03195519 -0.006139161 -5.865418 -5.286857 1.043245 0.7745031 0.2701676 19.71923 1.989479 0 0.0
-0.005394464 0.002748007 -3.367751 -2.456382 0.7233723 0.534781 0.001071933 19.01339 1.978823 0 0.0
0.018408 0.01655898 -3.348072 -6.140307 2.385461 2.319829 0.1138205 20.32178 2.809923 0 0.0
-0.004798327 0.003655945 -2.075903 1.889463 1.710638 1.214589 0.3969285 19.79867 nan 0 0.0
0.02948572 0.02560394 -2.751822 -1.262632 1.212139 0.9576804 0.1481427 19.49249 2.064425 0 0.0
-0.06640279 0.004828606 1.654757 0.3800919 2.581668 1.329926 0.6628514 20.25489 1.391445 0 0.0
-0.03720133 0.006244766 -7.441058 -4.438424 2.264763 1.055574 0.4916819 20.40096 1.466284 0 0.0
-0.01530652 -0.01820748 -1.168447 -1.651248 2.290547 1.274246 0.1113887 20.05118 2.130499 0 0.0
-0.005905512 0.003060774 -8.345568 -6.730814 2.051746 1.521462 0.7207498 19.71082 nan 0 0.0
-0.00746214 -0.004893007 -16.30101 -4.116996 3.810958 2.161885 0.7072292 20.27777 nan 0 0.0
-0.004871353 0.003987819 -3.384164 -0.884547 0.7661102 0.4424332 0.4048782 18.60595 2.376204 0 0.0
-0.01715806 -0.006595939 -3.452279 -0.1550649 1.108781 0.6573089 0.5399939 19.59983 nan 0 0.0
-0.0006371121 0.007005399 -3.050694 -1.657523 0.1534782 0.1038641 -0.03092764 16.24998 2.660896 1 0.7488609
-0.03359963 0.03360546 -8.421767 -4.892917 1.780875 0.9992389 0.3672651 20.15245 nan 0 0.0
-0.0157944 -0.011879 -0.9149787 -3.563961 0.8804464 0.4989035 0.5313326 19.22937 2.225422 0 0.0
-0.02968442 0.01335105 -1.576093 -2.569957 1.845534 1.047339 0.07805679 20.25921 1.468399 0 0.0
0.04903909 -0.03886696 -4.950423 5.195362 2.844855 1.81082 0.06464074 20.53484 1.949953 0 0.0
-0.01289265 -0.0499949 -8.022434 -1.769353 2.132952 1.12085 0.4346069 20.47659 1.710669 0 0.0
0.01602231 0.01431648 -5.36012 -0.9907222 1.344566 1.285296 0.2723808 20.00552 2.101376 0 0.0
-0.01571845 0.03250883 3.012071 -0.4593744 3.440617 2.402742 -0.0985545 20.46648 1.973154 0 0.0
0.04707877 0.03540645 -5.35618 -2.449053 0.2408168 0.1577695 0.2959734 17.25319 2.768658 1 0.0
-0.009457132 -0.006758617 -5.067383 -2.996176 1.296185 0.7801208 0.4024946 19.64005 2.073755 0 0.0
0.06367537 0.01300203 -2.630136 -2.623208 4.169114 2.576459 0.210229 20.66661 nan 0 0.0
-0.01483628 0.002983257 -3.460543 -0.9919569 0.3099086 0.1930735 0.3453222 17.73434 1.711184 0 0.0
0.0203543 -0.03169744 -6.751371 2.739243 1.724912 0.9208103 0.2785755 20.20391 1.912848 0 0.0
0.01051258 0.03498929 -2.148439 4.518622 0.5124884 0.3819699 -0.03095025 17.747 2.31148 0 0.0
0.0212093 0.02486666 -7.502915 -4.122051 1.341801 1.05483 0.2639187 19.75087 2.51359 0 0.0
-0.05309136 0.004671264 -1.927114 0.2783269 2.247611 1.530603 0.0103711 20.59312 1.265062 0 0.0
0.001613743 -0.00283272 -6.206786 -0.8210184 0.6052421 0.358881 0.347801 17.0224 2.339243 0 0.0
-0.002218187 -0.01872095 -1.243536 -3.19286 1.869456 0.9921865 0.5816809 19.73454 1.734577 0 0.0
-0.01713758 0.06425061 -3.762885 -5.616682 0.6636212 0.3489473 0.2665544 18.61962 2.53804 1 0.0
0.04105686 0.04182246 -1.422883 -7.076616 2.523548 1.430447 0.3402492 20.3714 1.471638 0 0.0
-0.02270195 -0.01886928 -4.769646 -4.7852 2.992934 1.641271 0.422012 20.27941 nan 0 0.0
-0.04247039 -0.03637199 -4.711067 -2.516913 0.3071812 0.1813407 0.3153736 17.78566 2.532919 1 2.141822e-05
-0.01639198 -0.00494019 -3.530956 -4.465845 1.102427 0.6916259 0.4931999 19.45677 2.63904 0 0.0
-0.005976476 -0.02276092 -7.688474 -2.268888 1.571113 0.8065819 0.7653519 19.57443 1.798985 0 0.0
-0.002535291 0.006539966 -3.240749 -1.363985 0.3988708 0.2617407 -0.1409047 17.99333 2.392736 0 0.0
-0.01954213 -0.008183431 -4.80477 -1.737364 0.6031489 0.4351263 0.009552105 17.3813 2.194291 0 0.0
-0.001294036 -0.001398388 -6.60394 -5.422866 1.317068 0.8194262 0.6798363 19.05643 nan 0 0.0
0.01360025 -0.05564459 -7.551098 -7.007078 2.685117 1.407072 0.3248333 20.37229 1.961731 0 0.0
-0.04888572 0.01136508 2.688786 -1.406937 0.5891733 0.3375039 0.2124763 18.96174 2.258999 0 0.0
-0.006311124 0.05219785 -3.006907 -6.156103 0.6164119 0.3900867 0.1510788 18.62036 2.638519 1 0.0
-0.01081959 -0.007472148 -4.649793 -4.735063 1.34805 0.7743934 0.7257723 19.33179 2.116587 0 0.0
-0.03898859 0.05082623 -3.953006 -4.651275 1.082503 0.5825181 0.1875831 19.48568 2.171759 0 0.0
0.02989668 -0.01243257 -0.459513 -2.326878 0.7619065 0.3272862 0.04938328 18.58525 2.691689 1 0.0002972737
0.02658072 -0.03272552 -5.232635 -1.895821 1.888177 0.9154742 0.6291385 20.01796 2.269264 0 0.0
-0.04826878 -0.04010243 -7.729559 -5.394558 3.412559 1.61965 0.8683569 20.29308 nan 0 0.0
-0.03777946 0.04318601 -2.780196 -2.537604 0.153234 0.1007848 0.01266548 16.56182 2.809833 1 0.0
-0.01901161 0.05931013 -1.193706 -2.717081 2.476625 1.249379 0.3243755 20.28875 1.302011 0 0.0
0.001565136 2.067474e-05 -5.902528 -15.07749 1.888725 1.350825 0.2362168 18.55704 nan 0 0.0
-0.0220572 -0.01910942 -1.984282 -3.990553 0.6510112 0.3480347 0.4696041 18.76563 2.109957 0 0.0
0.01078337 -0.02939902 -6.869268 -3.757932 3.023315 1.372717 0.571693 20.36326 2.177809 0 0.0
0.02643611 0.005871636 -5.505996 -2.728772 2.63185 1.327013 0.275738 20.17743 2.078121 0 0.0
0.01281089 0.0215345 -2.28833 -1.203219 1.056516 0.791319 0.3603589 19.58766 1.980719 0 0.0
-0.06056755 0.02653532 -1.997447 -7.336906 0.6598755 0.3480263 0.4612082 18.71218 2.094458 1 0.0
-0.01946342 -0.03040021 -2.164575 -3.063967 0.7659931 0.4709672 0.3905094 19.16772 1.898031 0 0.0
-0.002926304 0.04907382 -0.4128225 -0.1969431 0.9305638 0.8597975 0.2274852 19.63472 2.263908 0 0.0
-0.01598703 -0.02137 -1.907664 -4.38802 0.8314685 0.4804618 0.6982112 18.59184 1.503576 0 0.0
0.02384256 0.03876663 -6.321047 -3.268686 2.234217 1.252902 0.2442955 20.50432 1.593348 0 0.0
-0.01238127 0.01995147 -9.334321 -11.67743 3.506767 1.505656 0.4566457 20.35923 2.08515 0 0.0
-0.04918165 0.03611083 -4.593273 -5.048172 1.014777 0.6035934 -0.1703273 19.34657 2.349932 0 0.0
0.03477526 0.04167301 -10.26848 -0.2213897 2.130878 1.137574 0.467983 20.43297 1.93121 0 0.0
-0.02872108 0.008098587 -3.241288 -3.530183 2.649837 1.776836 -0.01263856 20.70529 1.705517 0 0.0
-0.03127422 -0.02655514 0.4740761 -1.530402 1.085973 0.6042684 0.3907543 19.73235 1.693682 0 0.0
0.008973963 -0.006312238 -3.637678 -6.133661 1.120345 0.5052624 -0.02581254 18.93167 2.330435 0 0.0
-0.0076821 0.004685676 -3.363213 -2.423877 0.6463207 0.4016045 0.3828891 18.56374 2.235821 0 0.0
0.007855976 0.005875844 -5.467789 -1.882725 0.6390739 0.4473304 0.3225658 18.92661 1.865757 0 0.0
-0.04216117 -0.0238825 -2.461407 -5.235574 1.713078 0.935053 0.6191324 20.04618 1.913151 0 0.0
-0.01441007 -0.06271718 -3.786117 -5.110525 0.5779758 0.3697331 0.2610287 19.16332 2.388723 1 0.0
-0.04057021 0.0487235 -2.591883 -4.351556 1.090669 0.60558 0.3941965 19.63349 2.202066 0 0.0
