data/gcs/NGC_6838_M_71.ecsv
# %ECSV 0.9
# ---
# datatype:
# - {name: x, unit: deg, datatype: float64}
# - {name: y, unit: deg, datatype: float64}
# - {name: pmx, unit: mas / yr, datatype: float64}
# - {name: pmy, unit: mas / yr, datatype: float64}
# - {name: pmx_e, unit: mas / yr, datatype: float64}
# - {name: pmy_e, unit: mas / yr, datatype: float64}
# - {name: pm_corr, datatype: float64}
# - {name: g_mag, unit: mag, datatype: float64}
# - {name: bp_rp, unit: mag, datatype: float64}
# - {name: filter, datatype: int64}
# - {name: memberprob, datatype: float64}
# meta: !!omap
# - comments: [deg deg mas/yr mas/yr mas/yr mas/yr dimless mag   mag   zeroone float]
# - __serialized_columns__:
#     bp_rp:
#       __class__: astropy.units.quantity.Quantity
#       unit: &id001 !astropy.units.Unit {unit: mag}
#       value: !astropy.table.SerializedColumn {name: bp_rp}
#     g_mag:
#       __class__: astropy.units.quantity.Quantity
#       unit: *id001
#       value: !astropy.table.SerializedColumn {name: g_mag}
#     pmx:
#       __class__: astropy.units.quantity.Quantity
#       unit: !astropy.units.Unit {unit: mas / yr}
#       value: !astropy.table.SerializedColumn {name: pmx}
#     pmx_e:
#       __class__: astropy.units.quantity.Quantity
#       unit: !astropy.units.Unit {unit: mas / yr}
#       value: !astropy.table.SerializedColumn {name: pmx_e}
#     pmy:
#       __class__: astropy.units.quantity.Quantity
#       unit: !astropy.units.Unit {unit: mas / yr}
#       value: !astropy.table.SerializedColumn {name: pmy}
#     pmy_e:
#       __class__: astropy.units.quantity.Quantity
#       unit: !astropy.units.Unit {unit: mas / yr}
#       value: !astropy.table.SerializedColumn {name: pmy_e}
#     x:
#       __class__: astropy.units.quantity.Quantity
#       unit: &id002 !astropy.units.Unit {unit: deg}
#       value: !astropy.table.SerializedColumn {name: x}
#     y:
#       __class__: astropy.units.quantity.Quantity
#       unit: *id002
#       value: !astropy.table.SerializedColumn {name: y}
# schema: astropy-2.0
x y pmx pmy pmx_e pmy_e pm_corr g_mag bp_rp filter memberprob
[from data line 20490]
-0.07647452 0.02594055 -2.473077 -0.6621899 1.749917 2.024177 0.1395059 20.78428 nan 0 0.0
-0.005639061 0.04628995 1.715024 -6.587006 0.7817226 0.9315593 0.138066 19.67838 1.145666 0 0.0
-0.08373285 0.01124788 -2.519954 -3.329766 0.2787633 0.2565752 0.1478514 18.4331 1.217611 0 0.0
-0.05307018 -0.1435553 2.146007 -1.781126 0.3425312 0.4259302 0.2946667 18.9883 1.895327 0 0.0
0.1151362 -0.04824288 -1.898778 -4.567674 0.6994135 0.6335004 0.231997 20.0178 0.9464626 1 0.0007845963
-0.1616421 -0.03870419 -4.236216 -5.033663 0.8214985 0.8976711 0.08355825 20.18739 0.7796955 0 0.0
0.04702377 0.02720959 -1.280918 -6.460519 1.443763 1.597602 0.3221215 20.54383 0.8510513 0 0.0
-0.03266612 -0.0543959 -2.812761 -4.472617 2.028265 2.359471 0.4705254 20.54351 nan 0 0.0
-0.01553059 -0.09318044 -2.935445 -3.509485 0.4505771 0.4727026 0.2179756 19.5134 1.196684 1 0.3827405
0.05152749 0.03657789 -0.4411813 -1.291894 2.27786 3.278817 0.006268934 20.95971 1.013153 0 0.0
0.03007606 -0.02740931 -8.59463 6.1039 0.8654668 2.472113 0.293847 19.98375 nan 0 0.0
-0.01725231 0.03219734 -1.181322 -6.143736 0.1693572 0.1639041 0.07068268 17.72327 1.317896 0 0.0
-0.01690756 0.01332028 -3.390344 -2.036832 0.1836005 0.2080331 0.2011997 17.98646 0.9536266 0 0.0
0.06339456 0.05084318 -3.372093 -2.106011 0.233068 0.2663017 0.04902036 18.40883 1.019228 1 0.9441293
-0.1182518 -0.02151686 -3.069785 -2.469524 0.4446882 0.4385293 0.2580717 19.47583 1.347078 1 0.8392381
0.1625119 0.004892934 0.406356 -6.424499 0.09532336 0.08712217 0.2135546 16.80406 1.166824 1 0.0
-0.1389605 -0.07938145 -3.748609 -5.37047 1.268674 1.146162 0.1482277 20.60328 1.084002 0 0.0
-0.06396639 -0.05187495 -3.166725 -2.719313 0.122331 0.1255254 0.1292732 17.38219 1.151625 1 0.9711817
0.02316064 0.03703509 -3.982842 -2.55947 0.3923637 0.3383743 0.1351382 18.94239 1.044598 1 0.9714063
0.1050738 -0.04049989 -4.996252 -3.845844 0.2148986 0.2124578 0.2061992 18.37761 1.203796 1 0.0
0.1162466 0.1014733 -2.501645 -6.989434 0.5886798 0.5129687 0.1904874 19.62932 0.9973927 1 0.0
0.08702919 0.09246824 -1.31673 -2.890339 0.5181739 0.3848938 0.2221489 19.26185 1.065479 0 0.0
-0.01032178 -0.008172255 -3.578675 -2.285722 0.05074449 0.05773572 0.02521206 14.08213 1.260148 0 0.0
0.07823 0.07461878 -0.3972465 -2.734702 1.011442 0.9841205 0.2185568 20.38515 1.350368 0 0.0
0.02635113 -0.0458807 -2.150131 -4.631922 1.593617 1.269735 -0.3456843 20.21791 nan 0 0.0
0.04025526 0.06328341 -3.454971 -4.863293 0.5045387 0.4537706 0.1011622 19.48299 1.045725 0 0.0
-0.1213759 0.01401928 -2.672654 -4.015388 0.5095144 0.5041666 0.2542757 19.57096 1.23814 0 0.0
0.1627136 0.005509202 -0.6542764 -2.981883 0.555368 0.5026943 0.2241761 19.44427 1.094744 0 0.0
-0.06613931 0.08179858 -4.310175 -8.437742 0.1647762 0.1643752 0.1763975 17.86509 1.338148 1 0.0
-0.01453712 0.02950201 -1.046232 -3.743204 0.1753376 0.2197165 0.1313272 17.80109 nan 0 0.0
-0.1145249 -0.02267528 -3.188723 -5.179812 0.5061024 0.503092 0.2266957 19.69038 1.20458 0 0.0
-0.03605055 -0.06778288 0.3507669 -2.491842 0.2483638 0.2617617 -0.04159636 18.23494 1.118559 0 0.0
-0.08823847 0.06893602 -4.216503 -4.604519 0.3911536 0.4533877 0.1477088 19.19595 1.801506 0 0.0
-0.04051327 0.1247591 -0.6622784 -4.275514 0.1599181 0.1612016 0.1597476 17.7659 1.194674 1 0.0
0.007101406 -0.004580884 -3.928152 -2.686775 0.2249214 0.2065228 0.1840965 17.93974 0.9805088 0 0.0
0.03768699 0.05330548 -0.4962404 -2.458149 0.6966974 0.9289232 -0.09639435 19.78235 nan 0 0.0
-0.001219554 0.05861514 -4.683896 -0.1966528 1.332321 1.033428 0.2277859 20.05764 1.51366 0 0.0
0.06876371 0.05897059 -3.517615 -5.583047 0.3061724 0.2925395 0.1321338 18.83521 nan 0 0.0
-0.01920607 -0.1288245 -3.673341 -4.151587 0.497808 0.6443786 0.3067529 19.55537 0.8401928 0 0.0
0.008522893 -0.1175091 -1.401516 -4.892159 0.05937084 0.06463783 0.2244205 15.98291 1.55611 1 0.0
-0.01402689 -0.08792201 -2.352138 -6.895106 0.5307065 0.5361556 0.2860232 19.56795 1.134392 1 0.0
0.137676 -0.008871641 -3.538027 -2.156381 0.8363184 0.7915062 0.2727927 20.05307 1.275198 0 0.0
0.04439625 0.02221925 -4.546567 -5.690334 1.235826 1.568905 0.2327887 20.57684 nan 0 0.0
-0.01264228 -0.1278924 -3.35532 -6.030117 0.267303 0.2804004 0.1411506 18.68131 1.235136 1 0.0
-0.09409859 -0.02949144 -2.909255 -7.91448 0.7216251 0.8230124 0.2165816 20.09642 1.171803 0 0.0
-0.124399 -0.01100484 -4.240266 -4.903198 0.368131 0.3729708 0.2540539 19.20724 1.022987 0 0.0
-0.111958 -0.03012139 -2.924252 -6.995516 0.7110868 0.7703302 0.3547883 19.97109 1.135925 1 0.0
-0.05316525 0.01388667 -5.085515 -8.433269 2.798548 3.181416 0.2947146 20.52624 0.9330063 0 0.0
0.1252072 0.08908959 -2.593737 -5.174117 0.4005242 0.3188341 -0.04360795 18.87403 nan 0 0.0
0.1518082 -0.01202379 -2.468375 -7.695759 0.04670325 0.04384705 0.2104809 15.34494 1.609388 1 0.0
-0.05139784 0.03053728 -3.519732 -2.562573 0.2694828 0.2714942 0.1749597 18.65458 1.128609 1 0.9856157
-0.03972546 0.03779349 -2.810314 -5.412692 0.5287496 0.5945934 0.1454644 19.40327 nan 0 0.0
0.1390992 0.05208077 -3.707671 -8.068997 0.1474351 0.1365895 0.2014567 17.52608 1.012203 1 0.0
0.007043607 -0.004313857 -2.962235 -1.370947 0.4564994 0.3740508 0.5178665 18.16612 nan 0 0.0
0.04864983 -0.001543234 -3.042419 -2.648866 0.3265532 0.3714629 0.2284815 18.99769 1.230631 1 0.9646327
-0.1163305 -0.001141983 -3.964495 -4.319414 0.04942128 0.05091023 0.1838679 15.65824 1.692508 1 0.0
0.03898449 0.06310573 2.986406 -3.574195 1.855894 2.047883 0.3435025 20.6957 1.412315 0 0.0
-0.07387298 0.02951567 -2.533965 -7.498727 0.8691841 0.9074728 0.13173 18.58067 1.695377 0 0.0
0.1308383 0.0521123 0.2514848 -4.424842 1.196861 1.056543 0.1579908 20.54025 0.6207561 0 0.0
0.03290939 -0.03435916 -2.879607 -3.891435 0.5283202 0.5351842 0.2489949 19.68545 1.72151 0 0.0
-0.07249116 0.08531834 -2.941481 -4.03388 0.23761 0.2329521 0.2020468 18.39972 1.311132 1 0.0
-0.1498296 0.01794652 -0.2588057 -3.490305 0.1842411 0.1831516 0.2502724 18.01235 1.233454 1 0.0
-0.06134466 -0.07486518 -8.720032 -8.250022 1.030751 1.100679 0.2363706 20.51148 1.426113 0 0.0
-0.0173858 -0.1423478 -1.854183 -6.378219 0.3402102 0.3582331 0.2815356 18.6358 1.148232 0 0.0
0.01317397 -0.06691838 -3.393806 -2.365284 0.6356772 0.4363842 -0.1819602 19.23048 nan 0 0.0
0.1444801 -0.02510893 -4.400127 -2.388058 0.1306911 0.1351636 0.2310328 17.51558 1.068281 1 0.0
0.1070506 0.1226864 -3.361961 -5.537702 1.072484 0.7047677 0.2411609 19.91042 1.290894 1 0.000212556
0.01871289 0.02986481 -3.359842 -3.158417 0.4013144 0.4030275 0.1154995 18.8189 nan 0 0.0
0.00805802 -0.06994948 -3.164099 -2.193794 0.1997489 0.2089094 0.1890219 18.18508 1.070986 1 0.9489632
-0.08916291 0.06848256 -1.505341 -3.938128 2.019322 1.667161 0.2961873 20.12178 nan 0 0.0
-0.03427308 -0.1401136 -5.670992 -4.320001 1.455086 1.593961 0.1222551 20.7023 1.013365 1 0.1389331
-0.02783516 -0.02851977 -1.616547 -2.102557 0.9246145 1.21741 -0.01796821 20.16703 0.9721794 0 0.0
0.06364599 -0.003006895 -1.954448 -7.172603 0.264314 0.2682301 0.1210802 18.66075 1.003115 1 0.0
0.0434889 0.06777602 -3.558649 -4.144581 0.2356346 0.2219815 0.1058411 18.38687 1.158014 0 0.0
-0.05531166 0.07583422 -3.73975 -0.8616952 0.2371914 0.234794 0.1583799 18.40415 1.561089 0 0.0
0.1143754 0.008141654 -5.828862 -6.819289 0.1120065 0.106523 0.135792 17.12236 nan 0 0.0
-0.01547225 -0.08749655 -3.195966 -1.805763 0.3497027 0.3360405 0.2303579 18.95606 1.238304 1 0.7937061
-0.03273296 0.04788377 -4.032202 -7.439429 0.4668334 0.6892474 0.000429523 18.89196 nan 0 0.0
-0.07133316 0.09203552 -2.584107 -8.338659 0.2854589 0.266749 0.01493311 18.54424 1.254271 1 0.0
-0.03156762 -0.05324407 -5.92964 -2.127428 0.2858008 0.2991588 0.09211964 16.1948 1.09701 0 0.0
-0.06605885 -0.007476792 -3.353563 -3.014838 0.4534586 0.4742532 0.2165451 19.46716 nan 0 0.0
-0.07148568 0.07295449 -3.152305 -2.553714 0.2414542 0.2401263 0.1859296 18.47203 1.253489 1 0.9520271
0.01901601 -0.09662475 -3.241259 -5.542415 0.4199011 0.4388037 0.2208916 19.21396 1.263388 0 0.0
-0.1047905 0.01753293 -3.281429 -2.621791 0.1423338 0.1346304 0.1778126 17.46617 1.357786 1 0.9821001
0.1539606 -0.02754767 -2.341381 -4.749959 0.8049668 0.7700685 0.2235898 20.10949 1.12409 0 0.0
-0.01023378 0.01357914 -3.816135 -2.710057 0.02491342 0.02621622 0.1218385 13.05856 1.659039 1 0.9175178
0.1516486 0.06886483 -1.910946 -4.07099 0.8043304 0.7590922 0.2405619 20.11917 nan 0 0.0
0.1545204 -0.007697369 3.208231 -2.796607 2.36042 1.539482 0.02504523 20.57455 nan 0 0.0
-0.02104005 0.004335228 -3.509261 -3.719932 0.4526558 0.4331397 -0.04769746 18.87958 1.331478 0 0.0
0.1065768 -0.04085372 -4.159326 -9.231814 0.1418171 0.1422389 0.1999039 17.63323 1.156219 1 0.0
-0.01139224 -0.02835193 -2.098039 -5.614008 0.2576566 0.244106 0.3292985 18.24271 1.088207 1 0.0
-0.03519392 0.02037076 -2.339137 -4.727788 0.2236949 0.2561517 0.1933903 18.38551 1.214174 1 0.0
-0.03399455 0.09395026 -3.42994 -3.211814 0.4844539 0.4760638 0.09343538 19.44251 1.131006 0 0.0
0.07510719 0.01838111 -2.208284 -6.833871 1.0276 1.17264 0.1643293 20.3014 0.7245388 0 0.0
0.04997856 -0.000346937 3.428355 0.4563457 0.3706359 0.3891256 0.1788356 19.16925 1.193382 1 0.0
-0.007582108 -0.1263573 -3.405621 -4.729081 0.822992 1.121434 0.2351965 20.28564 0.8592815 0 0.0
-0.06691259 -0.1204982 -1.348006 -3.446915 0.1657949 0.1754597 0.1349169 17.4444 1.073713 0 0.0
-0.004340212 0.00833368 -4.003604 -3.504147 0.6183885 0.6439625 0.5899734 18.37027 nan 0 0.0
-0.01666188 -0.1323114 -1.085871 -4.17297 0.2081088 0.2256092 0.2358642 18.3261 1.105984 0 0.0
0.004992059 -0.00126408 -3.030066 -2.510866 0.1697961 0.1825033 0.1378591 16.67704 0.9032879 0 0.0
-0.01211926 -0.09211642 -5.352012 -3.893199 0.3379356 0.3316764 0.2135587 18.93898 1.364109 1 6.939214e-06
-0.03464002 0.04467027 -1.90514 -0.8097336 1.218671 1.153708 0.3259422 20.38297 1.430082 0 0.0
0.0342806 0.04394349 -3.582956 -2.620056 0.3393305 0.3285785 0.1559752 18.96845 1.206703 0 0.0
-0.1436239 -0.02257098 -4.168081 -6.755751 1.260854 0.9402281 0.1106828 20.29527 nan 0 0.0
-0.0134795 -0.1113595 -2.972591 -3.037879 0.5101062 0.4941584 0.1727123 19.57978 1.112358 0 0.0
0.06051071 -0.0423681 -6.697017 -7.294565 2.668685 3.278783 0.3991258 20.79982 nan 0 0.0
-0.05953121 0.06718011 -2.833919 -8.360497 0.4860847 0.4787543 0.1891129 19.43244 1.266918 1 0.0
0.06216196 0.02534338 -3.326112 -2.512145 0.3193693 0.3087919 0.1677889 18.8557 1.137869 1 0.9771961
-0.0102646 -0.01804851 -3.720237 -2.61468 0.08753081 0.09405712 0.2987572 16.64414 1.247471 1 0.9896005
-0.1294261 0.06495148 -5.171388 -0.9965253 1.273352 1.429204 0.4183584 20.62416 1.432018 0 0.0
-0.03346055 0.02035896 -3.906784 -4.981625 0.1425736 0.1599605 0.1043131 17.62255 1.126802 1 0.0
0.08483281 -0.01862447 -3.136296 -1.659423 1.112672 1.115466 0.2789924 20.47347 1.216055 0 0.0
-0.004661598 -0.1214918 -0.309588 -3.890197 0.5365523 0.5624398 0.1866509 19.7403 0.9498806 1 0.0
0.0423336 0.06793976 -1.043741 -1.171596 0.2467991 0.2365496 0.06395446 18.16989 1.211435 0 0.0
-0.02535158 -0.03941875 -3.27071 -2.655536 0.03111801 0.03419162 0.1185594 14.67657 1.516353 1 0.9964806
0.03862599 -0.01083271 -17.11063 -42.38497 3.846219 2.893989 0.7064448 20.60101 nan 0 0.0
-0.07469455 0.06590632 -2.322471 -4.873871 0.5586019 0.5769423 0.1505359 19.18427 1.252798 0 0.0
-0.02975651 -0.1086109 -2.330024 -4.843514 0.9785579 1.001654 0.1388853 20.21082 0.8777752 0 0.0
-0.04966535 -0.07025897 2.50337 -3.117869 1.645125 1.96593 -0.1317248 20.83695 0.8555965 0 0.0
0.08501829 0.01465123 -4.472588 -5.406431 3.430652 2.285642 0.1062635 20.91856 1.578804 0 0.0
0.00502019 0.02432682 -2.685565 -2.388623 0.28079 0.2318125 0.1600123 18.2007 0.9023838 1 0.9084379
0.07341443 -0.008578103 -1.973558 -4.720916 0.1152693 0.1190952 0.2160692 17.23046 1.053141 1 0.0
0.06071289 -0.04201135 -4.536719 -2.962714 0.3546979 0.3676664 0.2044881 19.16787 1.048498 0 0.0
-0.06959169 0.0437007 -3.542149 -2.612285 0.1383142 0.1413879 0.1436461 17.60925 1.145544 1 0.9899853
-0.03826323 0.1162786 -0.6975565 -3.961814 1.332214 0.8872204 -0.2107632 20.09371 1.428408 0 0.0
0.009071195 -0.09793974 3.063342 0.2096762 2.625334 2.694319 0.605955 20.70342 nan 0 0.0
0.06109249 0.02695279 -1.823893 -3.669582 0.3613661 0.3499627 0.1686391 19.08235 1.085285 0 0.0
-0.1198871 -0.08635982 -2.245603 -8.420205 0.3467897 0.3407215 0.2741036 18.86983 1.737595 1 0.0
-0.009888756 -0.0147965 -2.773627 -3.670934 0.2726859 0.2984582 0.01068048 17.32707 1.079643 0 0.0
-0.06005663 0.05164114 -1.318493 -4.573389 1.177323 1.06675 0.176678 20.56064 1.347963 0 0.0
0.005194792 -0.01683376 -3.266921 -2.558415 0.03652575 0.03746902 0.2547065 14.63835 1.39888 1 0.9973095
0.01647254 -0.1024691 -5.305045 -1.317975 0.4715035 0.4999263 0.1699942 18.12491 1.093546 0 0.0
-0.1403797 -0.08282304 -2.902936 -5.23216 0.595508 0.5926053 0.2379446 19.39814 1.253956 0 0.0
0.05257789 0.003022232 -4.198354 -1.885312 0.5634106 0.546002 0.07396579 19.64 nan 0 0.0
0.004007899 0.0738301 -1.74775 -5.17865 0.3019423 0.3100876 0.08226989 18.77485 1.078075 0 0.0
0.05364764 0.0007451946 -4.14085 -4.717359 0.487228 0.5375013 0.1962948 19.43579 0.9390316 1 0.02552909
0.07469634 0.03278332 -6.44759 -0.4651793 0.3017099 0.340861 0.1867197 18.7691 1.077234 1 0.0
0.1538446 -0.02715295 -1.891896 -3.944127 1.081955 1.050975 0.2761838 20.49701 nan 0 0.0
-0.1276666 -0.01430974 -2.209928 -3.682495 0.4424836 0.4816434 0.2433233 19.47176 1.283274 0 0.0
-0.07536009 -0.06611431 0.4499792 -12.26081 0.1811033 0.1911609 0.09707634 18.03333 1.669397 1 0.0
0.1638136 0.003305372 -6.521596 -7.258093 2.062253 1.815939 0.2164244 20.88976 0.09482574 0 0.0
-0.1137678 -0.01415185 -2.579363 -1.688497 0.2460428 0.2443909 0.2222025 18.60385 1.25877 0 0.0
0.04854725 -0.04673216 -2.162818 -2.48156 0.2097622 0.2123348 0.2255635 18.24978 1.081484 0 0.0
0.04040405 -0.07555052 -1.049779 -3.818333 0.4641051 0.4646394 0.2041953 19.54456 1.619884 1 1.311094e-06
0.009331402 -0.09828114 -3.216066 -7.510452 0.5836521 0.6437923 0.2710309 19.83958 0.8705902 0 0.0
-0.01920403 -0.1108287 -2.914128 -4.356338 0.7867817 0.8777002 0.1869884 20.08043 1.14077 1 0.1271082
-0.1506039 0.02436735 -1.737381 -3.54439 0.1464919 0.1385184 0.1779192 17.53547 1.624943 0 0.0
0.06547934 0.03772142 -3.540135 -5.328778 0.4284836 0.4117947 0.197981 19.25425 1.035498 0 0.0
-0.04988063 0.08119216 -4.049331 -5.956476 0.4173203 0.4262652 0.1461129 19.28083 1.197565 0 0.0
0.1285145 0.03145965 -1.559273 -3.533973 0.2307113 0.1841905 0.1309028 18.18713 nan 0 0.0
0.1390438 0.01429042 2.78624 1.936086 0.2626032 0.2386578 0.1964072 18.57987 1.545805 1 0.0
-0.03816174 -0.07290174 -3.340049 -2.475019 0.2320794 0.2714835 0.05338885 17.90208 1.079906 0 0.0
0.1270243 0.09202445 -5.694626 -4.322548 0.9895903 0.8905646 0.1347581 20.23125 1.538149 0 0.0
-0.07912861 0.03370468 -5.421234 -8.074861 0.1596382 0.1683429 0.1815929 17.89442 1.170582 1 0.0
0.03868397 -0.01167193 -1.659137 -1.84366 1.372754 2.246883 0.6159587 20.47679 1.223679 0 0.0
0.1547486 -0.03600794 -3.156654 -3.457394 0.1056996 0.1038367 0.2056492 17.21872 1.460508 1 0.0
0.09119879 0.01846535 -3.507027 -2.384933 0.03274536 0.02951233 0.03225478 14.1573 1.279074 1 0.9211245
0.09938694 0.04649465 -0.2820753 -3.782871 0.4520819 0.349836 0.1361807 19.17239 nan 0 0.0
-0.1266575 -0.01730504 -4.058517 -5.919064 0.6404317 0.6505095 0.2712729 19.96023 0.9275818 1 3.985819e-05
-0.07847217 -0.1078075 -2.009264 -0.2018214 1.080364 1.069459 0.06585437 20.47733 1.674486 0 0.0
0.08170051 0.06456871 -4.290707 -7.115197 0.4357325 0.3863493 0.1654861 19.32744 0.9412804 0 0.0
-0.04274792 0.0795289 -2.56219 -4.787471 0.3118267 0.3223457 0.1402547 18.85815 1.305342 1 0.0
-0.1116429 0.009371968 -3.061293 -4.672566 0.522077 0.5238991 0.2332183 19.72646 1.059891 1 0.00178709
0.1190066 -0.0448184 -2.322719 -2.016654 0.3959888 0.4135225 0.3204052 19.24594 1.326706 0 0.0
0.07534324 0.07181748 -2.412389 -5.150323 0.06535485 0.06164775 0.1301389 13.66274 2.599854 0 0.0
