data/gcs/NGC_1851.ecsv
# %ECSV 0.9
# ---
# datatype:
# - {name: x, unit: deg, datatype: float64}
# - {name: y, unit: deg, datatype: float64}
# - {name: pmx, unit: mas / yr, datatype: float64}
# - {name: pmy, unit: mas / yr, datatype: float64}
# - {name: pmx_e, unit: mas / yr, datatype: float64}
# - {name: pmy_e, unit: mas / yr, datatype: float64}
# - {name: pm_corr, datatype: float64}
# - {name: g_mag, unit: mag, datatype: float64}
# - {name: bp_rp, unit: mag, datatype: float64}
# - {name: filter, datatype: int64}
# - {name: memberprob, datatype: float64}
# meta: !!omap
# - comments: [deg deg mas/yr mas/yr mas/yr mas/yr dimless mag   mag   zeroone float]
# - __serialized_columns__:
#     bp_rp:
#       __class__: astropy.units.quantity.Quantity
#       unit: &id001 !astropy.units.Unit {unit: mag}
#       value: !astropy.table.SerializedColumn {name: bp_rp}
#     g_mag:
#       __class__: astropy.units.quantity.Quantity
#       unit: *id001
#       value: !astropy.table.SerializedColumn {name: g_mag}
#     pmx:
#       __class__: astropy.units.quantity.Quantity
#       unit: !astropy.units.Unit {unit: mas / yr}
#       value: !astropy.table.SerializedColumn {name: pmx}
#     pmx_e:
#       __class__: astropy.units.quantity.Quantity
#       unit: !astropy.units.Unit {unit: mas / yr}
#       value: !astropy.table.SerializedColumn {name: pmx_e}
#     pmy:
#       __class__: astropy.units.quantity.Quantity
#       unit: !astropy.units.Unit {unit: mas / yr}
#       value: !astropy.table.SerializedColumn {name: pmy}
#     pmy_e:
#       __class__: astropy.units.quantity.Quantity
#       unit: !astropy.units.Unit {unit: mas / yr}
#       value: !astropy.table.SerializedColumn {name: pmy_e}
#     x:
#       __class__: astropy.units.quantity.Quantity
#       unit: &id002 !astropy.units.Unit {unit: deg}
#       value: !astropy.table.SerializedColumn {name: x}
#     y:
#       __class__: astropy.units.quantity.Quantity
#       unit: *id002
#       value: !astropy.table.SerializedColumn {name: y}
# schema: astropy-2.0
x y pmx pmy pmx_e pmy_e pm_corr g_mag bp_rp filter memberprob
[from data line 6514]
-0.04640041 0.09848968 3.328639 -2.681971 1.059477 1.401715 -0.08678559 20.4591 0.9222431 0 0.0
0.04606133 0.005525761 -0.7338671 2.353615 1.288891 2.176523 -0.5999417 20.4915 nan 0 0.0
-0.0372591 0.03525526 2.852959 2.065986 0.7591441 0.8610888 -0.2785074 19.89163 0.5518246 0 0.0
0.09952798 -0.01569529 1.731836 6.733161 2.545352 2.813218 -0.08005215 20.85547 0.4422321 0 0.0
-0.06350159 0.05949736 3.41889 -1.08308 0.751606 0.8743567 -0.1482108 20.03034 0.6280518 0 0.0
-0.03896741 0.0182789 1.859389 -0.5397706 0.3219561 0.3992354 -0.2517451 18.99619 0.8639488 0 0.0
0.01298907 0.002511214 1.875201 -2.252117 0.1924252 0.2360254 -0.191558 16.07397 0.3537998 0 0.0
-0.05017272 0.05034174 2.283164 0.2643175 0.5436434 0.6378915 -0.2134725 19.64084 0.5965385 0 0.0
-0.03925715 -0.00611244 2.175319 -0.8821953 0.06321569 0.07158473 -0.1732191 15.72499 1.148251 0 0.0
0.04570483 0.005232269 2.280957 -2.048374 0.6670675 1.080719 -0.2366827 19.97443 0.5077457 0 0.0
-0.05574375 0.03713857 2.019889 -1.916971 0.7072055 0.8409405 -0.2600082 20.00728 0.5024471 0 0.0
0.01078882 0.01329575 6.239458 1.890252 0.8471853 0.96181 -0.3766959 18.5541 0.7949429 0 0.0
-0.01582385 0.03022058 2.734112 -1.294952 2.161111 2.815349 -0.403043 20.59888 nan 0 0.0
-0.01099211 -0.002874788 0.3709707 -5.812386 0.4718615 0.6269016 -0.1752987 16.82416 0.8538809 0 0.0
-0.008945202 0.0202235 3.239252 0.4365999 2.032882 1.519202 -0.3799656 19.62393 nan 0 0.0
-0.05273717 0.05606185 3.329653 -0.6033823 0.7243023 0.8267087 -0.1205461 19.93178 0.7531834 0 0.0
0.1134232 -0.05892994 2.55118 -1.86167 0.5585014 0.6851698 -0.06941707 19.61785 0.6682625 0 0.0
0.00344651 0.02623215 2.176642 -0.6845129 0.04116534 0.05026998 -0.2349706 15.22087 1.208331 1 0.9999805
-0.03926558 0.02883019 2.768045 -0.7377272 0.7136479 0.9697871 -0.2045264 20.13195 0.6338577 0 0.0
0.02966886 0.02629826 2.125042 -2.479756 0.9842054 1.472812 -0.3746205 20.30341 0.6171513 0 0.0
-0.0466817 0.03937697 2.091788 -0.5269969 0.08173451 0.09222923 -0.208597 16.64062 1.071798 1 0.9999541
-0.01317045 0.08760941 3.093088 -0.05739409 0.5054263 0.6093478 -0.2794865 19.45211 0.6548557 0 0.0
0.02697035 0.01366129 2.996013 -2.055884 0.9985189 1.642826 -0.5184002 20.23701 0.4035549 0 0.0
0.02180443 0.02610287 1.691185 0.2689894 0.1633729 0.1863115 -0.4168821 16.0027 0.9637651 0 0.0
-0.02841062 0.01793698 2.446469 -1.661202 0.3501498 0.4303076 -0.2171724 18.83123 0.7313042 0 0.0
0.01166115 0.05876678 10.96741 -11.22639 1.302314 1.617307 -0.4555324 20.22863 0.5568295 0 0.0
-0.01126518 -0.01148079 -0.9492241 2.182847 2.189137 1.545667 -0.7289386 18.79708 nan 0 0.0
0.06624537 0.009049177 2.075106 -0.6170463 0.06357178 0.07254455 -0.1478965 16.00332 0.9221458 1 0.9999662
0.002668781 0.009836618 2.000945 0.1492384 0.2392763 0.2505051 -0.458594 16.59475 nan 0 0.0
0.09680909 -0.05932773 1.973431 -1.247613 0.4551158 0.5261255 -0.06220897 19.20967 0.7540169 1 0.9970135
0.03831009 -0.03644256 2.069162 -0.5177275 0.3406732 0.4499232 -0.1662836 18.89809 0.6819324 0 0.0
0.008155118 -0.02810098 0.220674 3.767345 1.41734 1.50429 0.3803682 19.92642 nan 0 0.0
0.08298147 0.01450114 2.354668 -0.8590193 0.08535607 0.099149 -0.1042783 16.59205 1.079339 1 0.9990699
0.02176643 0.05351147 2.490779 -5.64604 1.292221 1.944693 0.3189427 20.45643 nan 0 0.0
0.0296178 -0.01053262 -1.366012 -1.270212 1.048108 1.231368 0.1801452 19.46849 0.6499882 0 0.0
0.003654636 -0.01505433 2.065206 -0.3936176 0.05921174 0.06630513 -0.1575551 15.46593 1.120712 0 0.0
0.004785063 0.03421623 -2.547498 -4.593169 0.5941144 0.6624617 -0.3513952 19.05341 0.6647167 0 0.0
-0.029401 0.02507005 1.104839 3.12959 1.292762 1.371567 -0.1572694 19.63238 0.6538181 0 0.0
-0.0441534 0.02455474 2.569904 0.6314821 1.372475 1.919381 0.2130189 20.61362 nan 0 0.0
-0.005021185 -0.0322587 4.102672 -3.222565 1.076543 1.099541 -0.6926025 19.58278 nan 0 0.0
0.06034984 -0.0258117 2.316044 -1.702163 0.7395655 0.8619143 -0.198731 19.98844 0.6208324 0 0.0
-0.03322702 0.01117135 1.92767 -0.4749587 0.09136964 0.1056705 -0.1415801 16.86117 1.03931 1 0.9998935
-0.009325044 0.02092154 2.13305 -1.000229 0.3243042 0.4520024 -0.01695076 18.71111 0.7473812 0 0.0
0.03736943 -0.02733636 2.281064 -0.04562774 0.3025002 0.4583956 -0.224708 18.74105 0.8214455 0 0.0
-0.008816398 0.06335248 5.041246 0.7077128 0.8528152 1.169176 -0.3024929 20.34669 0.5406933 0 0.0
0.004641748 -0.01090018 3.058776 0.2841125 0.3576906 0.3275814 0.1875191 17.90373 nan 0 0.0
0.04341461 -0.05975342 1.879251 -0.7171716 0.09758887 0.115953 -0.1930046 16.79789 1.0457 1 0.9996223
-0.04236837 0.06676549 2.090792 -0.8223625 0.05355076 0.06524846 -0.17583 15.91761 1.149208 1 0.9998243
0.01257825 0.02352264 2.277878 -0.6091037 0.05224961 0.06298237 -0.2877978 15.67996 1.150728 1 0.9999627
0.02113275 -0.02964872 1.54201 0.4928944 0.4264631 0.5528494 0.2277422 18.91295 0.7677612 0 0.0
0.02854701 -0.01565149 1.737404 -1.231116 0.7546111 1.217257 0.326967 19.66005 0.6328106 0 0.0
-0.03122253 0.009280204 2.485464 -0.8947549 0.3890955 0.4921034 -0.3043283 19.11044 0.7306271 0 0.0
0.1106258 -0.04956025 2.166753 -0.4902096 0.06279307 0.07307024 -0.1216011 16.0426 0.7987185 1 0.9998023
0.05209571 -0.001284005 0.6308115 1.982796 1.230838 2.190354 0.005571838 20.25534 0.5743961 0 0.0
-0.03394621 0.0125481 0.01489869 -3.053284 1.784475 4.083996 0.2305998 20.83339 0.3924847 0 0.0
-0.06176056 0.00889317 1.515743 0.9574962 0.7012811 1.005178 -0.2725806 20.15908 0.5069561 0 0.0
0.03065711 -0.01086114 2.030688 -0.3512681 0.3423691 0.4674085 -0.2265433 18.87661 0.6270924 0 0.0
0.03085249 -0.01784213 3.341966 0.09058196 0.7819298 1.148471 0.1896715 19.82999 0.4578266 0 0.0
-0.00322983 -0.01466521 1.652028 0.279859 0.728686 0.660797 -0.5015774 18.78218 0.7664242 0 0.0
0.05615191 -0.1812186 2.9562 -1.416992 1.703919 3.96645 0.0568782 20.88728 0.6649437 0 0.0
0.001949487 -0.01836541 -1.242709 3.93812 1.916849 1.313075 -0.08057027 19.00043 0.6908798 0 0.0
-0.1700607 0.0991939 1.976904 -0.4217209 0.751566 0.9276211 -0.1761505 20.18464 0.6014366 0 0.0
0.01789083 0.05239489 3.734615 1.094607 1.178322 1.374903 -0.251463 20.64976 0.5207996 0 0.0
0.01955775 0.01540332 2.915097 -5.062006 2.022073 2.219869 -0.6448906 19.81394 nan 0 0.0
0.01977769 0.04867886 2.612948 -0.9649391 0.2987442 0.3883488 -0.231978 18.77071 0.8170452 1 0.9992739
0.01161795 -0.02322249 -5.985632 -8.122565 2.279172 1.768346 0.16872 19.78701 1.031336 0 0.0
0.04785422 0.09686743 2.287386 -0.457399 0.4680649 0.547843 -0.2368167 19.4312 0.6705952 1 0.9981332
-0.01040592 0.02124564 1.977959 0.6970617 2.588849 2.089532 -0.01414166 20.04113 nan 0 0.0
0.05137799 -0.0004098944 0.4314096 0.8908777 1.170163 1.641532 -0.2649856 20.60632 0.09809875 0 0.0
-0.03373289 0.03008055 2.152929 -1.350514 0.3236517 0.4204929 -0.1847778 18.92408 nan 0 0.0
0.02091127 -0.009434574 2.514213 0.2910548 0.70658 0.9892648 0.4070007 19.3129 nan 0 0.0
-0.04006114 0.0005361111 1.8543 -0.5594297 0.1752356 0.2094246 -0.0692687 17.9042 0.9828072 1 0.9998381
0.1964321 0.01573735 19.07047 -18.78479 1.569022 1.881159 0.05163089 20.73173 1.152821 0 0.0
0.009179225 0.03339944 1.050265 4.305496 1.220955 1.484206 -0.4178327 20.17874 nan 0 0.0
0.1412151 -0.06856061 2.435699 -0.711336 0.5928215 0.7550464 0.01791427 19.57704 0.7208195 1 0.9912625
-0.07708501 0.06309969 1.189243 -0.3145157 0.7376172 0.979483 -0.2296424 20.24647 0.541769 0 0.0
0.01538139 -0.03389294 0.9154809 0.6333205 1.41773 2.377531 0.4792059 20.32396 0.7060413 0 0.0
0.02815619 -0.04290733 2.306854 -0.5304418 0.0638326 0.0737794 -0.1710454 16.00356 0.91889 1 0.9998938
0.002960607 0.004263333 2.475181 -0.7412237 0.03865825 0.05023042 -0.06824071 12.66189 1.784631 1 0.9990948
-0.04063594 0.01440983 2.96317 -0.9935093 0.1749475 0.1980203 -0.2536014 17.6922 0.9477825 0 0.0
0.02034485 -0.009346664 -0.3942913 -2.804662 0.7532269 0.9329456 0.2469578 19.18513 0.5842419 0 0.0
-0.09750903 -0.1133982 3.029964 -0.5272947 0.5995346 0.6299946 -0.2679441 19.55668 0.7522335 0 0.0
0.02311403 -0.005948651 2.591358 0.3850965 0.6261137 1.113785 0.1327406 19.4744 nan 0 0.0
-0.008207915 0.01054952 2.823146 -0.985208 0.2360721 0.2847529 -0.1478604 15.78421 1.010204 0 0.0
0.01361883 -0.03185933 3.051612 -4.545651 1.280637 1.768126 0.05097788 20.25144 0.7225628 0 0.0
-0.04859246 0.04732165 2.398504 -0.5881916 0.4563812 0.5305699 -0.2279521 19.39606 0.5382347 0 0.0
0.02222243 -0.03584795 3.223579 0.04063205 1.028395 1.163637 0.03981393 20.06349 0.5947037 0 0.0
-0.06536427 0.02071538 2.454148 -0.5483378 0.7081926 0.9270446 -0.2655248 20.17911 0.3846741 0 0.0
-0.003541414 0.02584686 2.078663 -0.7260563 0.0889988 0.09591921 -0.2569064 16.30656 1.068474 0 0.0
0.003046963 -0.02385099 2.475666 -3.311521 0.3064383 0.3824227 -0.1578961 18.35471 0.8262367 0 0.0
0.006304154 -0.03115636 1.740546 -0.590768 0.4473913 0.6543847 -0.2387164 19.03946 nan 0 0.0
-0.03068695 0.01332403 3.725399 -1.723695 0.4903816 0.57239 -0.07148332 19.30968 0.709053 0 0.0
0.1071241 0.01731707 2.225149 -3.816368 2.03712 2.563868 0.09720148 20.96771 0.4681931 0 0.0
0.06025568 0.03283175 1.921219 1.019709 0.7967395 1.182056 -0.1741649 20.36768 0.5436115 0 0.0
-0.01138212 -0.01059961 3.120782 -1.902372 0.5586013 0.5194404 0.3806713 15.87276 0.6629829 0 0.0
-0.0382133 0.01743247 3.619256 -1.118461 0.4399457 0.5059953 -0.2435539 19.3242 0.5109711 0 0.0
-0.03865435 0.02254391 2.095658 -0.4394408 0.05556526 0.06283812 -0.2107494 15.99592 0.903327 1 0.9999322
0.02052748 0.01537252 -0.9537821 -6.39734 1.452457 1.769978 -0.3640911 19.08226 0.5487328 0 0.0
-0.04764484 0.04617028 1.32032 -0.02125102 0.466659 0.5002771 -0.359125 19.23206 0.4906635 0 0.0
0.0240206 -0.01862902 1.900989 1.550263 1.46037 1.455593 0.2842119 19.59146 0.7239189 0 0.0
-0.02580906 0.04395044 2.057823 -0.5704888 1.081543 1.359629 0.01036233 20.3224 0.5710373 0 0.0
0.01358514 -0.05443851 2.128193 -1.05568 0.7280021 0.7915317 -0.2352757 19.00047 0.6845303 0 0.0
-0.03635667 0.01955064 4.294154 -2.726868 1.357066 2.061426 -0.1058296 20.70849 0.5688934 0 0.0
0.000285728 0.0626664 -9.11843 4.029076 3.959281 4.094482 -0.4892157 20.9595 0.8709507 0 0.0
-0.07510961 0.04762185 1.286421 -1.175384 0.7079872 0.8025407 -0.3073436 19.93133 0.5208874 0 0.0
0.02030993 -0.008961369 -3.195463 -3.730861 1.80074 2.07102 0.364168 19.75265 nan 0 0.0
-0.04138077 -0.02885692 2.3431 -1.282304 0.4377517 0.4992025 -0.2129847 19.17284 0.6330795 0 0.0
0.1211833 -0.06938032 2.811318 -1.817211 1.364204 1.733228 0.02739065 20.64953 0.5403309 0 0.0
-0.01709716 0.004986046 2.104471 5.487541 0.7180153 1.422904 0.362318 19.31884 nan 0 0.0
-0.03703069 0.02354427 3.189139 -0.1325425 1.312819 1.226416 0.5757459 19.73105 nan 0 0.0
-0.01006687 -0.01960591 2.319737 -3.651518 0.6469121 0.6156605 -0.5355347 19.1004 0.6014938 0 0.0
0.03617942 0.02952617 2.190283 -0.8159527 0.1271535 0.1423374 -0.1973255 17.2239 1.016815 1 0.9999208
-0.03606599 0.03330278 1.897294 -0.4526326 0.3435773 0.4406368 -0.2726934 18.96177 0.583313 0 0.0
0.05522769 0.03668122 1.836399 1.07779 0.7733157 1.053663 0.0642265 20.14786 0.4432697 0 0.0
0.01008139 0.009313311 1.682182 -1.043888 0.1899933 0.2371708 -0.1048787 16.01378 0.6139555 0 0.0
0.03831637 -0.03566437 0.9575092 -0.8176058 1.095133 1.382457 0.08342191 20.31996 nan 0 0.0
0.07129357 0.07186835 3.138661 -0.9766154 0.8890501 1.223787 -0.1388273 20.44862 0.7890663 0 0.0
-0.004017174 -0.03087008 5.214891 -3.133623 1.338527 1.291698 -0.2535514 20.05866 0.3870506 0 0.0
0.1400567 -0.08422901 -1.051924 4.370185 0.2465065 0.3717453 -0.08434885 18.08336 1.419001 0 0.0
-0.01662402 0.004890795 1.279257 3.93598 0.5947405 0.6857126 -0.1935081 18.63051 0.73633 0 0.0
0.03780272 0.02761413 2.083676 -0.83021 0.1885881 0.2056571 -0.05610074 17.73509 1.01347 1 0.9998817
-0.001098514 -0.01382591 6.505115 2.511386 1.862947 1.659642 -0.3349382 19.0846 nan 0 0.0
0.07004681 0.01921155 1.162289 1.138623 0.8164443 1.267953 -0.2030988 20.33086 0.3330078 0 0.0
0.003177382 0.01846926 1.905211 -0.10906 0.09181555 0.106227 -0.374487 15.95653 0.7602997 0 0.0
-0.03611047 0.1508563 5.017918 -2.104523 1.410932 2.020594 -0.3366982 20.71599 0.8100777 0 0.0
-0.05086704 -0.006135373 4.792313 -1.469489 0.6902835 0.9819594 -0.2468875 20.05908 0.566433 0 0.0
-0.003042285 -0.03008039 -3.2626 6.24866 2.921933 2.308261 -0.4420076 20.36162 0.6309357 0 0.0
-0.04170336 0.02132523 1.97784 0.2893067 0.5069191 0.5552678 -0.3455054 19.40171 0.634304 0 0.0
0.03155623 -0.01122776 1.515916 -3.356304 1.073948 1.630447 -0.152314 19.95174 0.4060364 0 0.0
0.03001781 -0.01717418 2.027879 -0.7586602 0.07472051 0.08258074 -0.181422 16.08947 0.3567057 1 0.9999508
-0.03912344 0.02550385 1.156818 -0.5554805 1.237765 1.538005 -0.3576634 20.64738 0.5108776 0 0.0
-0.03556362 0.05605008 1.829477 0.1353628 0.6376984 0.7140012 -0.1328924 19.54468 0.6361561 0 0.0
0.04774863 0.004464114 2.38893 -2.557785 0.8289317 1.276458 -0.4557 19.84917 nan 0 0.0
0.02855348 0.09764117 1.990256 -0.7554458 0.6296558 0.6997837 -0.1679385 19.7621 0.5947323 0 0.0
0.05599197 0.0138153 0.8182414 -1.888732 0.6167592 0.8693714 -0.1218145 19.97067 0.5565071 0 0.0
0.0957625 0.01397322 0.8351522 -1.529876 0.7050193 0.9319069 -0.1437987 20.08022 0.5529823 0 0.0
-0.05376444 0.05414607 2.046379 -2.006676 0.8972927 1.185595 -0.1011176 20.29866 0.3932476 0 0.0
0.03832559 -0.01927262 3.146102 -0.3058268 1.2929 2.318009 0.155719 20.59946 0.4277477 0 0.0
-0.03324193 0.01779747 2.037313 -0.7065287 0.05757444 0.06873052 -0.2517277 16.0247 0.9167385 1 0.9999662
0.05844679 0.03579734 2.499939 -3.802441 1.655956 2.985145 -0.5478183 20.81694 0.4122639 0 0.0
0.1119917 -0.06712155 0.1258736 -0.7730375 1.067389 1.400612 0.05126975 20.4269 0.7146645 0 0.0
-0.03542422 0.01271519 1.586999 -0.8724954 0.3131416 0.3860432 -0.1805702 18.93678 0.6728096 0 0.0
0.0215509 0.01885121 3.467723 -3.665154 1.446687 1.709563 -0.4794049 20.23171 nan 0 0.0
0.05798715 -0.0236696 -1.084143 -2.616576 1.927177 2.458073 -0.1432419 20.84957 0.3036938 0 0.0
0.04935224 0.1384579 0.4082661 7.572123 0.6692031 0.846171 -0.2643604 20.06743 1.213406 0 0.0
0.101959 -0.06894829 2.417277 -0.2319942 0.23047 0.273869 -0.01695301 18.3054 1.028555 1 0.9973068
0.0133612 0.02380478 -1.846907 -4.103539 1.04637 2.007558 0.05038357 20.04753 nan 0 0.0
0.02179633 0.01904187 2.143248 -1.292708 0.32998 0.4211078 -0.2071365 18.79535 0.6548386 0 0.0
0.002305134 -0.03400187 0.902939 -1.870749 1.15938 1.18113 -0.107458 19.71851 nan 0 0.0
-0.008634087 0.008565829 4.638917 -0.6258971 1.001883 1.292919 0.08841979 18.58261 0.7718048 0 0.0
0.003819119 0.002508529 2.315481 0.9037554 0.218215 0.2693629 0.1002185 15.70274 0.8567286 0 0.0
-0.02744875 0.02307196 4.176365 7.609044 1.401448 1.869473 -0.1264226 20.2263 nan 0 0.0
-0.03797266 0.01542226 2.624437 -0.4814647 1.654939 2.054903 -0.2031927 20.58488 0.5383701 0 0.0
-0.0202491 -0.0219771 2.155641 -1.605217 0.1219777 0.1307182 -0.1198434 15.87244 1.099082 0 0.0
0.02586323 0.02105842 1.821801 -1.982745 1.18551 2.174324 -0.4101378 20.40596 nan 0 0.0
-0.03015387 -0.04282045 3.668465 0.4664495 2.841142 2.90206 -0.6338465 20.90553 nan 0 0.0
-0.001991968 -0.01258233 2.438236 -0.4832055 0.4268441 0.4272879 -0.122994 18.10725 0.7548084 0 0.0
0.02123544 0.01889708 1.031776 -4.367 1.464167 3.555345 -0.1544801 20.67912 nan 0 0.0
-0.03498346 0.0189639 6.25209 -4.376905 1.510341 1.547925 -0.6683663 20.16429 nan 0 0.0
-0.001614553 0.07831807 3.787898 -1.112766 1.382596 1.757914 -0.4256888 20.58269 0.9375229 0 0.0
0.02962005 -0.04562783 1.527878 -0.7870349 0.8083361 1.01281 0.06281935 19.92841 0.6215324 0 0.0
0.01563811 0.04193937 0.8536608 0.7411704 1.193072 1.63155 -0.4504156 20.45887 0.6189442 0 0.0
0.009265335 0.06511862 1.059722 0.05617292 1.254882 1.620581 -0.5120274 20.51825 0.2460766 0 0.0
-0.05124445 -0.001279545 1.509143 -0.5590721 0.981603 1.478972 -0.2219806 20.47085 0.5256195 0 0.0
0.05531673 -0.02641015 2.532975 -0.5945927 0.5862017 0.6963303 -0.1401534 19.74414 0.6302643 0 0.0
