data/gcs/NGC_6333_M_9.ecsv
# %ECSV 0.9
# ---
# datatype:
# - {name: x, unit: deg, datatype: float64}
# - {name: y, unit: deg, datatype: float64}
# - {name: pmx, unit: mas / yr, datatype: float64}
# - {name: pmy, unit: mas / yr, datatype: float64}
# - {name: pmx_e, unit: mas / yr, datatype: float64}
# - {name: pmy_e, unit: mas / yr, datatype: float64}
# - {name: pm_corr, datatype: float64}
# - {name: g_mag, unit: mag, datatype: float64}
# - {name: bp_rp, unit: mag, datatype: float64}
# - {name: filter, datatype: int64}
# - {name: memberprob, datatype: float64}
# meta: !!omap
# - comments: [deg deg mas/yr mas/yr mas/yr mas/yr dimless mag   mag   zeroone float]
# - __serialized_columns__:
#     bp_rp:
#       __class__: astropy.units.quantity.Quantity
#       unit: &id001 !astropy.units.Unit {unit: mag}
#       value: !astropy.table.SerializedColumn {name: bp_rp}
#     g_mag:
#       __class__: astropy.units.quantity.Quantity
#       unit: *id001
#       value: !astropy.table.SerializedColumn {name: g_mag}
#     pmx:
#       __class__: astropy.units.quantity.Quantity
#       unit: !astropy.units.Unit {unit: mas / yr}
#       value: !astropy.table.SerializedColumn {name: pmx}
#     pmx_e:
#       __class__: astropy.units.quantity.Quantity
#       unit: !astropy.units.Unit {unit: mas / yr}
#       value: !astropy.table.SerializedColumn {name: pmx_e}
#     pmy:
#       __class__: astropy.units.quantity.Quantity
#       unit: !astropy.units.Unit {unit: mas / yr}
#       value: !astropy.table.SerializedColumn {name: pmy}
#     pmy_e:
#       __class__: astropy.units.quantity.Quantity
#       unit: !astropy.units.Unit {unit: mas / yr}
#       value: !astropy.table.SerializedColumn {name: pmy_e}
#     x:
#       __class__: astropy.units.quantity.Quantity
#       unit: &id002 !astropy.units.Unit {unit: deg}
#       value: !astropy.table.SerializedColumn {name: x}
#     y:
#       __class__: astropy.units.quantity.Quantity
#       unit: *id002
#       value: !astropy.table.SerializedColumn {name: y}
# schema: astropy-2.0
x y pmx pmy pmx_e pmy_e pm_corr g_mag bp_rp filter memberprob
[from data line 13971]
-0.02563178 0.08132229 -3.911628 -4.462673 2.003326 1.619925 0.780929 20.22699 0.7294083 0 0.0
-0.06010473 0.05688626 5.097327 -0.3664278 3.024141 2.424693 0.711065 20.6338 0.707304 0 0.0
0.001698074 0.02252067 -4.840258 -5.33014 0.9146995 0.752432 0.593114 18.6559 1.167137 0 0.0
-0.08837264 0.02993461 -4.988183 -11.91672 3.539762 2.755946 0.7392017 20.68619 0.951767 0 0.0
0.02893271 0.02486618 -0.09312496 -2.998558 0.5990672 0.4951697 0.6439423 18.72613 1.177479 0 0.0
-0.08793562 0.08081906 1.944588 -3.464166 2.190556 1.65783 0.7919372 20.15206 0.8802719 0 0.0
0.01915747 0.08961246 -2.94034 -4.787885 0.7979068 0.5844436 0.5369347 19.44425 0.8448067 1 0.1376049
0.06053007 0.08558978 -2.213953 -5.969732 0.836609 0.6162857 0.4790297 19.58073 0.922987 1 7.752649e-05
-0.05739495 0.004181428 -6.377222 -2.33724 2.650595 1.9959 0.4044501 20.39202 1.204199 0 0.0
0.04036676 0.03280797 -3.555768 -5.374399 0.9432204 0.6835862 0.3704316 19.52727 0.8938274 0 0.0
-0.01448027 0.02100563 -2.1633 -2.735635 0.274047 0.1878777 0.4372979 17.68766 1.323664 0 0.0
-0.1083933 0.06313575 -0.1022614 -6.516836 1.49842 1.177801 0.6428261 18.91423 1.509151 0 0.0
-0.01057708 0.0846522 -2.898228 -5.593232 1.01538 0.7385702 0.5088089 19.80387 1.397486 0 0.0
-0.04434369 0.004538168 -3.845065 -2.277563 0.7419947 0.5644254 0.4946289 18.80227 1.283121 0 0.0
-0.0351404 0.0008553085 -2.031397 -3.077643 0.6539272 0.5442845 0.847646 18.24972 nan 0 0.0
0.01686262 0.01272942 -0.9046488 -2.666565 0.9084928 0.9169452 0.2682416 18.48769 1.139328 0 0.0
0.01200081 0.01468105 -2.245849 -3.27331 0.05303012 0.03781874 0.2324296 14.03911 1.76602 1 0.9963678
0.04847726 0.05512756 -5.218871 -2.277878 3.921957 2.889935 0.6536501 20.67789 0.8805904 0 0.0
0.06260305 0.0537802 2.670885 -5.944256 0.992 0.856956 0.5356018 18.68871 1.589331 0 0.0
0.0241019 0.04290472 -4.528819 -2.704604 1.008854 0.705525 0.4755589 19.78453 1.13518 0 0.0
0.05972443 0.1000783 -3.952265 -4.814985 0.9672315 0.8083493 0.7186255 19.36657 nan 0 0.0
-0.03459068 0.001358961 -1.939882 -2.71868 1.668522 1.335387 0.8677509 19.60658 0.9996033 0 0.0
-0.04480915 0.01385354 -1.714269 -1.775042 1.870022 1.341682 0.6326942 20.08793 nan 0 0.0
-0.1031303 0.07257656 -4.582072 -10.54936 0.94063 0.6015196 0.5678185 19.2048 1.265255 0 0.0
0.03235068 0.039617 -3.924602 -3.32341 0.4878567 0.3937383 0.5807937 18.28255 1.218092 0 0.0
0.03434904 0.04551031 -11.6092 -5.758608 2.887818 2.125804 0.555056 20.50927 nan 0 0.0
-0.07039151 0.08222144 -0.4556462 -0.2013795 0.6805756 0.5453512 0.7419025 18.78047 1.430725 0 0.0
0.04210362 0.03385087 -3.799367 -1.817256 2.007327 1.766682 0.6011653 20.25387 0.7150917 0 0.0
-0.01529547 0.07525625 -3.828732 -3.438208 0.7388509 0.5638896 0.7592071 18.86647 1.21488 0 0.0
0.05206228 0.04050859 1.438309 -3.705565 0.9111473 0.6542138 0.4163934 19.58231 0.9179783 0 0.0
-0.09921222 0.05567215 0.3066045 -2.155175 0.8457689 0.5929792 0.5152133 19.31805 1.156054 0 0.0
0.05918621 0.05062857 -6.560113 -7.309399 1.228357 0.8142471 0.5492379 19.61457 nan 0 0.0
-0.002585918 0.06254254 -0.7649286 -2.402041 1.90911 1.47727 0.8213642 20.09337 0.8546543 0 0.0
0.03024155 0.06139548 -2.976674 -3.518674 0.7033371 0.538549 0.7377454 18.85461 1.080191 0 0.0
0.04193005 0.03419614 -3.575852 -5.493583 2.750764 2.228492 0.7429274 20.37009 nan 0 0.0
-0.1026439 0.03389202 0.6406349 -2.279993 1.470006 1.009666 0.4275943 19.98357 1.286449 0 0.0
-0.0118178 0.02324315 -1.129015 -3.033819 0.9408347 0.6492628 0.5455405 19.34156 1.618822 0 0.0
0.01246361 0.01130692 -2.181735 -3.757295 0.2805699 0.2037416 0.3027732 17.01165 1.324382 0 0.0
-0.05927655 0.005866883 1.423401 1.6756 3.859509 3.094839 0.4245584 20.74657 nan 0 0.0
0.02007811 0.03943005 -5.690395 -5.200682 1.418018 1.093563 0.5713632 20.0591 1.404005 0 0.0
-0.03880224 0.06994821 -2.009702 -7.565734 0.9204516 0.6667159 0.5314726 19.49816 1.076536 0 0.0
0.02048335 0.03956733 -3.395009 -1.970861 2.539502 2.115756 0.2585341 20.268 nan 0 0.0
0.02100194 0.01993111 4.219202 -2.0339 2.876034 1.692681 0.02506398 19.84906 1.05706 0 0.0
-0.06651116 0.005524716 -2.391747 -3.202489 0.06616371 0.04484646 0.2956841 14.39816 1.721997 1 0.9863813
-0.1129139 0.07024533 -0.7875529 -5.979725 1.041211 0.7166674 0.58602 19.624 1.502617 0 0.0
-0.01283424 0.069687 -2.282518 -4.319356 2.378994 1.902858 0.5891633 20.3755 0.6129284 0 0.0
-0.1009572 0.06955853 1.845395 -3.101914 0.2792895 0.1699455 0.1996032 17.35618 1.390791 0 0.0
0.003318417 0.001949888 0.3241105 -3.54022 0.8751611 0.5550625 0.640398 16.63583 nan 0 0.0
-0.03479354 0.00279706 -5.450377 -3.434645 1.029387 0.8339394 0.7084491 19.45393 1.210098 0 0.0
0.01202844 -0.003923229 -1.319878 -2.336592 0.1403732 0.1053333 0.3976123 16.1964 1.310765 0 0.0
0.04106547 0.04981181 -10.80256 -2.796521 2.504124 2.006114 0.737724 20.41782 1.108715 0 0.0
-0.04003053 0.1232125 0.529548 3.82026 0.5841238 0.4611987 0.7734797 18.34365 1.56971 1 0.0
-0.009272866 0.05937993 4.006698 -4.083189 0.8571307 0.7366133 0.5864241 19.03168 2.061424 0 0.0
-0.07574138 0.06810479 -3.562009 -5.693684 0.8182801 0.597587 0.5696465 19.45317 1.335875 0 0.0
-0.06480568 0.08721136 1.039654 -6.359441 1.006004 0.741129 0.6210684 19.69221 1.379623 0 0.0
0.03729826 0.03061521 -3.6392 -2.099254 2.718833 2.393385 0.4780857 19.9393 0.8057804 0 0.0
-0.03039548 0.006126222 -1.455242 -2.279996 0.7292754 0.5334721 0.6831689 19.02361 0.9967155 0 0.0
0.02880473 0.1246719 -1.266689 -5.118266 3.394883 2.544874 0.7622433 20.67952 nan 0 0.0
-0.0006175276 0.09387836 -6.737301 -7.534663 2.250121 1.721075 0.7836093 20.19397 0.6131153 0 0.0
-0.06529788 0.08723406 -5.203615 -5.791754 2.284938 1.754699 0.8046595 20.28925 nan 0 0.0
0.04862768 0.07523477 -6.689677 -5.943113 0.9453814 0.6972007 0.5006075 19.71374 1.078012 0 0.0
-0.03485134 0.002419394 -3.696512 -5.002133 2.301752 1.791617 0.6838875 20.09548 nan 0 0.0
-0.03066048 0.03152633 -1.271958 -1.690559 1.653541 1.162377 0.7501164 20.00821 1.118248 0 0.0
0.04291415 0.03423976 -0.8864611 -2.552847 1.40597 0.9240658 0.1281878 20.0871 0.7904892 0 0.0
-0.03352033 0.003230283 -2.624294 -4.153252 2.70431 1.97819 0.7199085 19.96955 0.8784275 0 0.0
0.03750631 0.05549652 -2.87902 -3.427177 1.177401 0.8299382 0.4681284 19.98382 0.8971062 0 0.0
0.02612472 0.02093558 -8.174951 -20.26397 2.476208 1.831868 0.06063973 19.26527 nan 0 0.0
0.02188243 0.1160651 14.50633 -7.72511 0.5561897 0.4413726 0.6855103 18.43153 1.259499 0 0.0
-0.01193277 0.01177807 -1.473453 -2.534296 0.2081968 0.1557584 0.4479941 17.19397 1.28356 0 0.0
0.02361676 0.09331788 -4.243193 -7.294994 1.223006 0.9219834 0.5602285 20.01283 1.045193 1 0.0006064148
-0.04122623 0.03749984 -1.31945 -3.056251 0.9854667 0.7005382 0.5851702 19.60821 0.9273205 0 0.0
-0.004235199 0.03068407 -1.69629 -5.918754 0.6743255 0.4840742 0.5326483 19.23285 1.327164 0 0.0
0.02000069 0.1204141 -7.513181 2.885127 1.142375 1.096607 0.5849708 19.2618 1.115091 0 0.0
-0.0900611 -0.006527153 -2.669757 -1.269508 3.052947 2.402434 0.5111988 20.52292 1.585728 0 0.0
0.06946673 0.0617598 -3.703924 -7.368746 1.181137 0.8600528 0.4699956 20.04418 1.004412 0 0.0
0.02033585 0.01615655 -2.427939 -3.426415 0.08644525 0.06180459 0.1412261 15.55963 1.543212 1 0.9823423
0.01932786 0.05998944 -3.244885 -3.906111 0.6056285 0.493103 0.7124475 18.74676 1.138264 0 0.0
-0.04722366 0.05910663 -1.918953 -6.019623 0.6688494 0.53667 0.7161791 18.79694 1.430042 1 0.0
-0.01054682 0.06329945 -3.388561 -3.579625 0.8011927 0.5549806 0.3807036 19.38224 1.103287 0 0.0
0.03883244 0.03143312 -7.783531 -5.974266 1.73364 1.580387 0.4963847 19.87546 nan 0 0.0
0.03705054 0.08977546 -6.757162 -3.683486 0.8433972 0.6272323 0.4866656 19.48578 1.095249 0 0.0
0.06173388 0.05168815 -1.506656 -4.038984 0.8088338 0.5920854 0.4501136 19.52648 0.8252525 0 0.0
-0.03855385 -0.004693904 -1.552163 -5.224429 0.8901987 0.6801917 0.8429828 18.65779 1.432823 0 0.0
-0.1138557 0.006232183 -0.4964124 -4.67613 0.2729283 0.1791122 0.1686924 17.77561 1.856604 1 0.0
0.03458229 0.0538511 -2.322794 -6.078678 0.781972 0.643699 0.6169918 18.65931 1.570473 0 0.0
-0.1049817 0.07037054 -0.9980891 -6.011616 0.09868334 0.06124528 0.3290328 15.49879 1.894839 1 0.0
0.01599657 0.03578554 -3.157263 -3.744229 1.900215 1.5554 0.7095335 20.20867 1.01527 0 0.0
-0.01460006 0.06830594 -2.570518 -2.449431 2.900178 2.214646 0.6488862 20.5712 0.9698296 0 0.0
0.01973201 0.05022759 -1.968125 -6.595632 0.864691 0.6016418 0.4003553 19.43592 nan 0 0.0
-0.02460838 0.01099661 -2.897687 -3.420029 0.9149433 0.7554182 0.8434803 18.65013 nan 0 0.0
-0.03156028 0.04543265 -7.277476 3.810937 0.2750393 0.1918451 0.38377 17.91702 1.206181 0 0.0
-0.107757 0.06411272 -2.192945 -5.248128 1.556566 1.066496 0.5930741 20.17759 1.309818 0 0.0
-0.1266637 0.02918385 -4.229764 -7.175448 0.07230652 0.04958831 0.04458949 14.97592 2.175959 1 0.0
0.02797752 0.02426361 -1.442837 -2.683856 0.9993246 0.8327617 0.5418789 19.30589 0.9485874 0 0.0
0.003551444 0.07539041 -2.769403 -4.777508 0.7313129 0.5936482 0.7343229 18.99825 1.312466 0 0.0
-0.1015065 0.06826502 -2.550028 -7.079069 0.8871801 0.5856918 0.4807623 19.2492 1.552824 1 0.0
-0.09739893 0.07399899 -3.479841 2.357404 0.720457 0.5247732 0.6483462 19.06916 1.501669 0 0.0
0.03107546 0.03050583 0.1437518 -2.734076 1.228603 0.8390377 0.186864 19.90757 1.024435 0 0.0
-0.07963241 0.09357564 -0.4125791 -2.33866 0.7694203 0.5471587 0.652938 19.21509 1.384855 0 0.0
0.01454738 0.01245116 -2.474768 -2.424187 0.3457985 0.2448536 0.3308808 17.80705 1.329237 0 0.0
-0.0165685 0.06697825 -2.769316 -4.554071 2.098028 1.702612 0.6658006 20.23705 0.822731 0 0.0
0.04985057 0.09922121 -1.520092 -4.608203 0.8928869 0.6493296 0.4648031 19.6635 1.001963 0 0.0
-0.1029534 0.06725135 1.980774 -11.38983 3.073229 2.267841 0.8273714 20.59501 1.075245 0 0.0
-0.06341113 -0.004102404 -3.499002 -4.217769 1.312337 0.8982416 0.463872 19.90334 1.106419 0 0.0
-0.0001252597 0.02188934 -6.682267 -7.29989 2.313116 1.542256 0.5318503 19.77378 0.7937717 0 0.0
-0.05752729 0.05358743 -5.67206 -10.66688 1.573131 1.252986 0.7826478 20.01118 nan 0 0.0
0.08271668 0.104406 4.115355 -11.65169 1.129504 1.073145 0.8820031 18.76295 1.278351 1 0.0
0.07297315 0.0703662 -1.1261 -8.169428 2.480159 2.360687 0.4528428 20.50702 1.190641 0 0.0
0.04476817 0.04044199 -6.957479 -2.198792 0.3031675 0.222979 0.4557643 18.04554 1.187361 1 0.0
0.01397314 0.06837656 -1.332018 -3.208968 1.190707 0.8701135 0.5347713 19.9186 1.137318 0 0.0
0.003754585 0.09765296 0.8894384 -0.6604182 0.8257856 0.5786278 0.5449782 19.38581 1.213524 0 0.0
0.05147739 0.1171498 -0.05218017 -3.591626 0.7775209 0.5826462 0.5351158 19.41855 1.15344 1 0.006153706
0.07954104 0.06231045 1.210866 0.3292044 2.751186 2.362447 0.6540985 20.42976 1.156595 0 0.0
0.05723904 0.1143079 2.829522 -1.81741 2.646321 2.148442 0.7211887 19.89583 1.153597 0 0.0
-0.0680927 0.05293696 -3.19094 -4.380296 2.646034 1.981758 0.7400035 20.46216 0.9454594 0 0.0
-0.04607651 -0.008455149 -3.693273 -1.337468 1.333739 0.9848133 0.8336216 19.12487 1.460384 0 0.0
-0.02880365 0.005037401 -5.11909 -4.985896 1.310191 1.069143 0.8366058 19.15565 1.128128 0 0.0
-0.009331057 0.06481777 -2.600793 2.191188 0.8150381 0.5663385 0.4684993 19.45385 0.7863598 0 0.0
0.04104973 0.1051211 -2.926543 -5.672735 2.826753 2.140497 0.7488903 20.51538 0.8669281 0 0.0
-0.02217743 0.01097596 -1.551954 -6.52674 1.921322 1.488812 0.7663552 18.637 nan 0 0.0
-0.002151075 0.0135752 -2.937887 -4.449383 0.5648435 0.4910899 0.5100661 18.13181 1.097042 0 0.0
-0.1004071 0.06934332 -5.485954 -1.113988 0.6341934 0.4693013 0.692851 18.49965 0.6249218 0 0.0
0.05312792 0.116949 -14.58732 -8.174216 2.829659 2.34411 0.6122893 20.3443 1.424328 0 0.0
-0.03947998 -0.004120003 1.921761 3.169303 2.207197 1.442905 0.05927377 19.97157 nan 0 0.0
-0.01138937 0.1091215 -4.414598 -7.1644 2.50167 1.903154 0.7485635 20.44874 0.7171326 0 0.0
0.05066637 0.1164653 -5.156602 -5.790145 0.9798326 0.7261296 0.5020239 19.6479 0.9001904 0 0.0
0.09284182 0.08714123 -2.715934 -3.965941 0.2408215 0.1698058 0.2068495 17.50485 1.132706 1 0.007894846
-0.04662686 -0.006448767 -3.335291 -7.000214 1.68006 1.06153 0.0009284142 20.08784 1.516129 0 0.0
0.0425467 0.0698138 -13.63072 -5.433499 0.4543922 0.3807826 0.6313217 18.21153 1.50102 1 0.0
0.04844448 0.04157014 -3.554731 -4.715527 1.814496 1.474717 0.6980843 20.13864 0.9334087 0 0.0
-0.007591958 0.01599547 -0.5729817 -1.220254 1.127888 0.7788649 0.7370037 19.4511 0.9688587 0 0.0
-0.1119244 0.06230188 -1.79705 -6.227323 0.7847949 0.5301521 0.6137948 19.04233 1.467855 0 0.0
-0.03948002 -0.003950249 -3.482668 -4.397782 1.051663 0.7160477 0.5438642 19.59957 nan 0 0.0
0.06576181 0.06300295 -0.01502715 -3.370359 0.6162587 0.48433 0.5613855 19.02236 1.176727 0 0.0
-0.07969747 0.04659574 3.012749 -0.7443208 2.87917 2.169856 0.6866104 20.46688 1.219864 0 0.0
-0.01506252 0.05988687 -4.351369 -3.650291 0.8793827 0.6298263 0.5637 19.59956 1.09585 0 0.0
-0.01100815 0.0344546 2.923013 -3.981893 3.724688 3.057456 0.3096588 20.56058 nan 0 0.0
0.03009168 0.03211581 -0.9833658 -2.685569 0.6618073 0.5051881 0.4878231 19.04516 1.089546 0 0.0
-0.01074699 0.02388409 -3.498879 -6.69929 2.08585 1.491086 0.5193514 19.80137 0.8192291 0 0.0
0.06813632 0.06481972 -0.7442401 -2.838939 0.7411497 0.6262354 0.6440177 18.8803 1.370667 0 0.0
0.02094448 0.02331285 0.4431693 -3.095381 0.9750311 0.7874641 0.1180546 19.58758 1.349909 0 0.0
-0.01066021 0.02455548 -1.737986 -2.356662 1.394252 0.9854419 0.6147053 19.95367 1.00485 0 0.0
-0.05691589 0.0430133 -1.898199 -10.87883 1.977131 1.570893 0.7434149 20.22182 0.8321781 0 0.0
0.01351357 0.1144714 3.377231 -3.917883 1.824585 1.507821 0.8050854 20.08067 0.9786243 0 0.0
-0.04036509 0.06807674 -0.4835941 -4.033674 0.9770895 0.6809834 0.5084621 19.79589 1.115143 0 0.0
-0.10715 0.0655417 0.1417535 -5.587572 3.429597 2.574167 0.8703855 20.53456 1.407804 0 0.0
0.0889921 0.08905062 -6.886086 -8.932427 2.529646 1.93765 0.465314 20.45652 nan 0 0.0
-0.04934559 -0.01109011 -0.08200543 -2.727926 0.6366736 0.4148721 0.4601258 19.06154 1.202971 0 0.0
-0.1227332 0.03724908 -5.544926 -2.28565 3.21132 2.653447 0.4532715 20.26886 1.478401 0 0.0
-0.02718327 0.006239296 -3.00937 -2.740423 2.01211 1.670998 0.9063889 19.53676 nan 0 0.0
0.02957015 0.0289497 -1.980629 -3.546507 2.109704 1.836613 0.6661488 20.30115 0.9550896 0 0.0
-0.008923725 0.0254692 2.238536 0.3395781 1.011797 0.7347536 0.4500175 19.09976 0.9708672 0 0.0
0.02178396 0.02466315 -2.529205 -2.882932 0.4565255 0.3743747 0.631051 18.16508 1.280951 0 0.0
0.0006853149 0.07368719 -5.644907 -4.300979 1.274643 0.9624943 0.4524953 18.98097 1.162594 0 0.0
-0.003946538 0.0642 0.1481721 -5.064595 0.5154024 0.4163169 0.6924639 18.4628 1.141953 1 0.0
0.02939656 0.02937125 3.323308 -2.373172 2.940897 2.711837 0.5420616 20.59478 -0.05347443 0 0.0
0.004796823 0.09321263 -2.329446 -4.124723 1.175577 0.7968774 0.4535416 19.91967 1.131405 0 0.0
0.04433441 0.04206144 -2.387501 0.02022704 0.9543226 0.6923593 0.3687429 19.36686 1.075928 0 0.0
-0.04170769 -0.006018344 -2.030802 -3.032837 1.427059 0.7235307 0.2661705 19.66314 1.008282 0 0.0
0.03551209 0.07074619 -1.734366 -2.959806 1.990851 1.553616 0.760855 20.23569 nan 0 0.0
0.002624238 0.0242449 -1.523956 -2.788113 0.6918989 0.5559013 0.6986672 18.969 1.241489 0 0.0
-0.04041114 0.01775325 3.117619 -0.9759952 0.26036 0.1824805 0.3362979 17.75757 1.396645 1 0.0
0.02502566 0.02583763 -0.2620146 -0.9450881 1.243932 0.8635523 0.1901627 19.7293 nan 0 0.0
0.06308815 0.1135925 -1.698303 -5.165831 0.9871413 0.8043741 0.6500419 19.24878 1.103544 0 0.0
0.04020127 0.06771056 -1.973806 -4.252606 1.047406 0.7716009 0.5394685 19.84671 1.051365 0 0.0
0.05738512 0.1182007 -1.461174 -6.590575 3.758879 3.036911 0.5614246 20.58145 1.284203 0 0.0
0.01561855 0.01668157 -1.984399 -3.390933 0.1188698 0.08464189 0.3107371 16.33659 1.501408 0 0.0
-0.05177225 0.07156793 0.4402782 1.266702 0.961034 0.7698294 0.7426436 19.21494 1.492998 0 0.0
