data/gcs/NGC_6401.ecsv
# %ECSV 0.9
# ---
# datatype:
# - {name: x, unit: deg, datatype: float64}
# - {name: y, unit: deg, datatype: float64}
# - {name: pmx, unit: mas / yr, datatype: float64}
# - {name: pmy, unit: mas / yr, datatype: float64}
# - {name: pmx_e, unit: mas / yr, datatype: float64}
# - {name: pmy_e, unit: mas / yr, datatype: float64}
# - {name: pm_corr, datatype: float64}
# - {name: g_mag, unit: mag, datatype: float64}
# - {name: bp_rp, unit: mag, datatype: float64}
# - {name: filter, datatype: int64}
# - {name: memberprob, datatype: float64}
# meta: !!omap
# - comments: [deg deg mas/yr mas/yr mas/yr mas/yr dimless mag   mag   zeroone float]
# - __serialized_columns__:
#     bp_rp:
#       __class__: astropy.units.quantity.Quantity
#       unit: &id001 !astropy.units.Unit {unit: mag}
#       value: !astropy.table.SerializedColumn {name: bp_rp}
#     g_mag:
#       __class__: astropy.units.quantity.Quantity
#       unit: *id001
#       value: !astropy.table.SerializedColumn {name: g_mag}
#     pmx:
#       __class__: astropy.units.quantity.Quantity
#       unit: !astropy.units.Unit {unit: mas / yr}
#       value: !astropy.table.SerializedColumn {name: pmx}
#     pmx_e:
#       __class__: astropy.units.quantity.Quantity
#       unit: !astropy.units.Unit {unit: mas / yr}
#       value: !astropy.table.SerializedColumn {name: pmx_e}
#     pmy:
#       __class__: astropy.units.quantity.Quantity
#       unit: !astropy.units.Unit {unit: mas / yr}
#       value: !astropy.table.SerializedColumn {name: pmy}
#     pmy_e:
#       __class__: astropy.units.quantity.Quantity
#       unit: !astropy.units.Unit {unit: mas / yr}
#       value: !astropy.table.SerializedColumn {name: pmy_e}
#     x:
#       __class__: astropy.units.quantity.Quantity
#       unit: &id002 !astropy.units.Unit {unit: deg}
#       value: !astropy.table.SerializedColumn {name: x}
#     y:
#       __class__: astropy.units.quantity.Quantity
#       unit: *id002
#       value: !astropy.table.SerializedColumn {name: y}
# schema: astropy-2.0
x y pmx pmy pmx_e pmy_e pm_corr g_mag bp_rp filter memberprob
[from data line 2342]
0.03851158 0.0126701 -0.5710547 -1.705239 1.41195 1.201721 0.3854515 19.47479 1.694096 0 0.0
0.02689938 -0.01201186 -0.6297412 -4.0569 1.817714 1.60967 0.1779787 19.4582 1.941351 0 0.0
0.0434533 0.02198403 -3.92034 -14.57855 0.8632664 0.6439195 0.4914303 18.97266 2.014135 0 0.0
0.0003422773 0.04744871 0.2710451 -8.221165 0.1912729 0.1485863 0.2778153 17.0117 2.277347 1 0.0
0.0001747708 0.009034714 -3.124902 -0.2294275 0.6906296 0.5279584 0.3121805 17.05209 1.702514 0 0.0
0.03179029 0.02483128 -3.543746 -6.096376 0.3099811 0.2429925 0.1855886 17.77128 1.819527 0 0.0
-0.01224334 0.0327234 -0.874511 -2.938675 0.2725981 0.2107079 0.2061746 17.47157 2.36257 1 0.0
-0.001052954 0.01987989 -1.978634 1.676629 0.3374987 0.2640742 0.1935742 16.73244 2.212339 0 0.0
0.02417363 0.03123971 -0.4236779 -3.823253 2.151119 1.698547 0.1916782 19.988 1.880495 0 0.0
-0.001527362 0.02449758 -1.878722 -8.516564 0.2286773 0.1779574 0.2069155 17.45811 2.193876 1 0.0
0.02436287 -0.001097511 -6.473141 -9.393945 1.535627 1.351537 0.5066182 19.75313 1.597813 0 0.0
0.0263151 -0.004418588 -3.447066 1.128084 0.8641823 0.6482537 0.08937427 18.61422 1.766127 0 0.0
-0.002029701 0.02859456 -2.964628 1.619817 0.2375568 0.1877781 0.2327992 17.30507 2.106871 0 0.0
0.0052821 0.0452666 -5.497375 -6.148805 0.2775693 0.2187469 0.1411612 17.7909 2.131302 0 0.0
0.005197008 0.0112395 -2.479846 -3.216609 0.5686975 0.4453777 0.1785378 17.07723 2.151374 0 0.0
0.004025479 0.02170707 -3.142929 -2.967404 0.1861666 0.1446755 0.1646826 16.80915 2.188124 0 0.0
0.003691009 0.03479149 -6.116029 -11.91756 0.5197439 0.3972155 0.09164871 18.06608 2.25419 0 0.0
0.002351294 0.02328259 -4.702985 0.4026819 0.6062378 0.4772898 0.1672194 16.84262 2.134805 0 0.0
0.0315402 0.02916674 -1.94861 -2.324555 1.472887 1.269082 0.3943552 19.62497 1.554216 0 0.0
0.0383317 -0.02937353 -1.12086 -5.56407 2.220766 1.807573 0.4230954 20.16806 nan 0 0.0
0.01139377 0.04165559 -2.022987 1.14724 0.5044399 0.383639 0.1858276 18.58139 1.957203 0 0.0
0.01967472 -0.008848177 -6.460871 -4.013049 0.6831009 0.4942563 -0.06833574 18.80506 1.85878 0 0.0
0.02924554 0.0006810325 -2.60528 1.107877 0.1422 0.1099646 0.249203 16.23018 2.236899 1 0.9545728
0.001960815 0.03489262 -2.767877 -5.414336 0.3716116 0.2811723 0.07554159 18.31017 2.005438 0 0.0
0.004862437 0.01776456 -1.607971 -5.935458 0.3684837 0.2742254 0.05786391 18.28338 2.040503 0 0.0
0.04526269 0.009579919 -2.700277 -2.77959 0.2462213 0.1796457 0.03627413 15.72241 2.601227 0 0.0
0.02765495 -0.0009150682 -3.100459 -0.6023603 1.000404 0.8864463 -0.006336412 19.11072 1.792685 0 0.0
-0.01054035 0.02378381 -16.39095 0.05347193 1.961056 1.678215 0.5147398 19.41445 1.598476 0 0.0
0.006871177 0.01296748 -2.958775 1.488522 0.1617097 0.1275937 0.1603649 16.77956 2.19431 0 0.0
0.006815239 0.01039638 -3.204115 0.8579101 0.131297 0.09829667 0.02090119 15.73285 2.243999 1 0.7571913
0.01945722 0.02884488 -1.235576 -1.715887 3.101827 2.578385 0.3306483 20.00801 nan 0 0.0
0.0199274 0.001546834 -10.54379 -12.97699 1.729355 1.494109 0.4297871 19.47013 1.74225 0 0.0
0.02501063 0.03037552 -17.23851 -16.14853 1.471991 1.057708 0.1914486 18.63832 1.973551 0 0.0
0.02498313 0.03245645 -2.618251 1.516467 0.2361463 0.180004 0.1113549 17.45744 1.672392 0 0.0
0.01719593 0.0215248 1.067539 -6.983479 1.490601 1.323392 0.3024502 19.40535 1.647039 0 0.0
0.04830468 0.01169979 -10.50298 -13.22928 1.133314 0.9706961 0.2390397 19.33118 2.016777 0 0.0
0.01682957 -0.00629765 -2.88692 1.157963 0.09071925 0.06788275 -0.007072844 14.91145 nan 0 0.0
0.02065286 0.002029279 -5.728359 -7.034387 0.3346746 0.2592401 0.5332904 17.20972 2.265108 0 0.0
0.008965008 0.03035856 -3.415151 -7.668884 0.1922655 0.1505957 0.2056632 17.12284 2.068034 0 0.0
0.005894189 0.003531879 0.4289366 4.173444 0.6888012 0.5551042 0.5521363 18.32049 nan 0 0.0
0.04128909 -0.02693113 -2.749933 -1.419811 0.3741685 0.2779722 0.2585425 18.14545 1.746672 0 0.0
0.04551114 0.00204199 -6.864368 -10.18969 1.458129 1.070517 -0.3009639 18.93518 nan 0 0.0
0.01320452 0.009642483 -2.953513 -3.570984 0.2924559 0.2309072 0.1787688 17.30553 2.050036 0 0.0
0.01409771 0.01293638 -2.865047 1.0512 0.20844 0.1630379 0.1970107 17.00435 2.076389 0 0.0
0.01289778 0.01140109 -3.725872 -2.84033 0.2165474 0.169964 0.2227693 17.36276 2.20079 0 0.0
0.04727139 0.009108085 -2.028567 -0.4989011 0.2163004 0.1668364 0.1717482 17.34129 2.378548 0 0.0
0.002602956 0.04949336 -4.825176 -6.048135 0.2673347 0.2082492 0.6302482 16.99839 nan 0 0.0
0.04746723 0.01057476 3.129091 2.137684 0.546461 0.4030897 0.08832303 18.01685 1.867615 0 0.0
0.03649614 -0.01043684 -4.329475 -6.531076 0.3557048 0.2775854 0.1677927 17.97611 2.082783 0 0.0
0.01680565 0.02434391 0.6333349 -3.881472 0.7917376 0.6263305 0.2056733 18.46905 1.896938 0 0.0
0.01973381 0.0127163 0.3163879 -4.934497 0.6667469 0.506188 0.3098132 18.94632 1.737232 0 0.0
0.01183839 0.02080633 -2.854405 1.510123 0.2120485 0.1662638 0.22616 17.32545 2.057608 0 0.0
0.03309328 -0.008385524 -3.82252 -4.9104 0.1703702 0.1331375 0.1627296 16.79716 2.374038 1 0.0
0.003272443 0.0359569 -5.004168 -1.719146 0.5813875 0.437398 0.1179609 18.80384 2.128321 0 0.0
0.01131016 0.04294497 -5.10871 -2.761596 0.2912294 0.2285612 0.2075189 17.54919 1.897232 0 0.0
0.000453792 0.01274451 -3.019574 1.254902 0.3998359 0.2976525 0.08185662 18.44975 nan 0 0.0
0.03201613 0.03538077 -2.375608 -4.28021 0.3661315 0.2802538 0.1263283 18.06616 2.135391 0 0.0
-0.01235484 0.03149887 -4.084687 -10.20486 0.3743665 0.2880599 0.230917 17.95694 2.263521 0 0.0
0.0150757 0.025273 -8.386051 -5.152425 0.2359317 0.1851587 0.191635 17.50344 2.10548 0 0.0
0.01588474 0.02376419 -2.489847 0.7501883 0.4856556 0.3938564 0.4366293 18.55933 1.761578 0 0.0
0.04076755 -0.0002318937 -5.084455 -0.7551813 0.2259998 0.1765591 0.1577487 17.12685 2.311661 0 0.0
-0.01327589 0.03304564 -1.790107 -7.82145 0.489592 0.3636508 0.5482922 18.13188 2.250078 0 0.0
0.03053089 0.009143641 -1.136872 -0.5640583 1.059341 0.9666892 0.3338706 19.11468 1.719961 0 0.0
0.04233774 0.02377921 -3.816193 -5.189365 1.489531 1.257203 0.3690739 19.43638 nan 0 0.0
0.004584118 0.03774595 -3.121032 1.02927 0.1034263 0.07714228 0.03809796 15.31845 2.375616 1 0.632194
0.04272079 0.0007631114 -8.372247 -0.8289494 0.2006479 0.1570237 0.1903102 17.20616 2.23626 0 0.0
0.03078463 0.02019667 -1.635408 -7.423102 0.5783978 0.4432663 -0.1642259 18.74992 1.812946 0 0.0
0.0156301 -0.005212218 -27.29499 -15.10729 1.865138 1.656774 0.7139084 19.50443 nan 0 0.0
0.02606255 -0.0117294 -6.115052 -9.442429 0.2731534 0.2118306 0.5523554 17.19431 2.048752 0 0.0
0.02414418 0.02298853 -4.583415 -5.29557 0.6193481 0.4758089 0.1067547 18.77448 1.615383 0 0.0
0.03569662 0.02389566 -4.617223 -7.162554 0.437148 0.3278794 0.09379555 18.6818 nan 0 0.0
-0.0188853 0.03511632 -1.815075 -1.249134 0.1366727 0.1075856 0.1853893 16.32391 2.343407 1 0.0
0.01479745 0.0321433 -1.683369 -6.483848 0.1794924 0.1418185 0.2927952 16.78592 2.381064 1 0.0
0.0142397 0.03552319 -5.975425 -8.107619 0.2922021 0.2288568 0.2294946 17.63584 2.017246 0 0.0
0.03144782 -0.006468227 1.870569 4.863637 1.761638 1.571587 0.4201363 19.82177 1.786095 0 0.0
0.0408812 0.00627213 0.964887 -1.915882 0.4428182 0.3234718 0.1312905 18.64696 1.93532 0 0.0
0.007652727 0.01809058 -2.210112 1.3007 0.3361099 0.2631928 0.2081515 17.82318 1.349865 0 0.0
0.04802512 0.01023124 3.743503 -1.544582 1.299107 1.072529 0.31409 19.91523 nan 0 0.0
0.001904698 0.0142265 -2.662947 2.306288 0.680529 0.5153759 0.1363867 18.7771 1.806299 0 0.0
0.02696308 0.02592147 -6.334736 -1.286665 0.3358448 0.2622385 0.2273091 17.86088 2.119263 0 0.0
0.01890031 0.03701223 -2.462422 -0.8074074 0.2655464 0.200588 0.1050158 17.00558 nan 0 0.0
-0.01017735 0.02066342 -1.05908 -0.2514154 0.447555 0.3348816 0.1006012 18.52741 2.062965 0 0.0
0.02341316 -0.007502212 -2.873275 2.823795 1.428753 1.255093 -0.1171584 19.43658 nan 0 0.0
0.008545669 0.01888589 -0.5023574 -5.134709 0.8616642 0.6369911 0.02027404 18.60411 1.836603 0 0.0
0.03513732 0.01940401 6.698618 3.141767 1.019281 0.9206806 0.337218 19.0986 1.883183 0 0.0
0.02436952 0.03419416 -5.587489 -7.104602 0.550031 0.4288783 0.2315397 18.91427 1.870234 0 0.0
0.03178828 0.01667546 -1.44341 -4.179411 0.894431 0.7824816 0.497017 19.00355 1.598536 0 0.0
0.04749356 0.006298479 -6.842293 -5.259783 1.08129 0.7647457 0.1560415 18.53773 1.854368 0 0.0
0.01398551 0.007490912 -3.085144 1.551243 0.2350704 0.1850463 0.2138056 17.29636 1.434952 0 0.0
0.03382885 0.03080076 -4.267148 -6.717726 0.4181313 0.3091194 0.178123 18.0938 2.127151 0 0.0
0.0330476 0.03118434 0.5651421 -7.792011 0.3375707 0.2586545 0.1286985 17.93266 2.214138 0 0.0
0.03270362 -0.004835849 -4.284179 -1.388324 0.466465 0.3479915 0.3965267 18.37384 nan 0 0.0
0.02983918 0.03435323 0.1616816 -4.542474 0.5680697 0.4397362 0.3039151 18.80582 1.878582 0 0.0
-0.0008854825 0.01223715 -4.603566 -1.025063 0.5086759 0.3747193 0.0268579 18.42301 1.417744 0 0.0
0.0200453 0.04222102 3.382219 -1.906698 0.8841165 0.767727 0.2751005 19.03185 1.849941 0 0.0
0.02381148 0.03464249 -5.522392 -4.911719 1.590343 1.355145 0.4257502 19.6072 nan 0 0.0
0.03602681 0.007164306 -2.48928 -4.893736 1.148026 0.9634951 0.2281478 19.40689 1.789963 0 0.0
0.03798413 0.02180074 -9.156767 1.447015 2.023713 1.813631 0.3360337 19.45391 2.137741 0 0.0
0.02565366 0.03643886 -0.1649679 -3.732999 0.5958758 0.459037 0.3856704 18.90848 1.808977 0 0.0
0.02037982 0.03981771 -5.736765 1.927214 0.8535911 0.6322405 0.03595305 18.51601 1.890432 0 0.0
0.01638953 0.04361962 -3.118698 1.13758 1.383897 1.209929 0.5338793 19.51973 nan 0 0.0
0.02531778 0.03135012 -2.798863 -4.714966 0.4992449 0.3764777 0.08062076 18.48303 1.847462 0 0.0
0.02726694 0.01124055 -3.541939 -5.223075 1.313029 1.153724 0.5219854 19.52054 nan 0 0.0
0.01214352 0.001488672 -4.878888 -5.039776 0.4316991 0.310817 0.0239528 18.23158 nan 0 0.0
0.04420127 0.006105097 -3.123964 -11.19187 1.628673 1.31359 0.5637392 19.99305 nan 0 0.0
0.0109455 0.02092657 -2.576449 1.116201 0.1344273 0.1007966 0.02150037 15.52084 2.152965 0 0.0
0.01482296 0.01127118 -3.374433 2.320102 0.4687586 0.3390837 -0.03025642 18.20428 2.001358 0 0.0
0.02907464 -0.01488289 -3.097196 -5.220949 1.526195 1.280037 0.5191816 19.56109 nan 0 0.0
0.03122584 -0.001491901 -5.614949 -7.741744 0.2361187 0.1756801 0.4040614 17.17688 2.171789 0 0.0
-0.001387695 0.01089628 -17.97622 -13.03297 1.220107 1.067717 0.4148186 19.33499 nan 0 0.0
0.02957988 -0.001262632 -2.638406 1.622055 0.1990626 0.1554682 0.174854 17.04037 1.885279 0 0.0
0.04384037 0.01141719 -0.2134207 -3.433441 0.375946 0.2779092 0.1332404 18.367 2.204874 0 0.0
0.04688184 0.01203791 -4.895582 -7.233219 0.2336473 0.1815156 0.1967483 17.14028 2.406415 0 0.0
0.02548483 0.02940268 -0.7437911 -0.7842509 0.6811136 0.5165782 0.4077291 18.9892 1.841951 0 0.0
0.0497512 0.0003772192 -4.668745 -6.491226 0.7012273 0.5651453 0.4928263 18.99073 1.767927 0 0.0
0.0168892 0.02313082 -1.714365 -3.281786 1.094034 0.8652058 0.2495178 18.85671 nan 0 0.0
0.002658549 0.03848987 -7.805362 -5.594088 1.463807 1.298524 0.2798901 19.85643 nan 0 0.0
0.03844311 -0.02991143 -1.938872 -4.839659 0.3598728 0.2733122 0.3030363 17.99504 2.141701 0 0.0
0.02317097 0.04212704 7.363239 -9.007901 0.7012007 0.544201 -0.08462719 18.58696 1.859768 0 0.0
0.02283562 0.03953883 -7.002509 -2.999437 0.1843871 0.1446616 0.214212 16.95073 2.387473 1 0.0
0.02704784 0.03090345 -3.552856 -9.905522 0.2651305 0.2097854 0.2326186 17.55534 nan 0 0.0
0.03440943 0.01035193 -3.027081 1.573146 0.2527117 0.1973327 0.2175449 17.29365 1.721661 0 0.0
0.01809123 0.03855348 -2.452516 -4.234963 1.195273 1.04645 0.5720817 19.30379 nan 0 0.0
0.002826161 0.04619746 -7.047078 -2.556706 0.4796954 0.3546853 0.2047494 18.7361 nan 0 0.0
0.01649813 0.0198407 0.1191107 -4.6984 1.059797 0.8970389 0.4015457 19.03956 1.765158 0 0.0
0.02872215 0.03082489 -1.316069 -7.258329 1.634208 1.376989 0.3448459 19.4882 1.26284 0 0.0
0.02316834 0.02739468 -8.713411 -2.234334 0.9890677 0.8489313 0.1354399 19.01616 1.826687 0 0.0
0.01069352 0.01071465 -3.993518 0.2023446 0.3688337 0.307843 0.3638955 17.50124 1.911648 0 0.0
0.04693616 0.007956169 -3.646457 -6.187322 0.334263 0.2611721 0.3167932 17.80166 2.209295 1 0.0
0.006870684 0.003682511 -1.715957 -4.855638 0.3476547 0.2865589 0.3735828 17.61038 1.92604 0 0.0
0.04763385 0.008449917 1.012244 -3.334107 0.2904995 0.2247954 0.1760297 17.94755 2.286543 0 0.0
0.02952332 -0.004608109 -2.499351 1.816206 0.2628979 0.2065101 0.2290481 17.72317 1.438005 0 0.0
0.04500667 -0.004540094 -2.899866 -10.77114 0.2290149 0.1591576 0.2733456 16.2294 2.409197 0 0.0
0.02762923 0.009268272 -17.56715 -11.04129 1.753896 1.509204 0.4311959 19.53093 1.756264 0 0.0
0.03876098 0.006947984 -1.43012 -2.429127 0.8726132 0.6526309 0.2096544 18.88414 nan 0 0.0
0.01566071 0.01714763 -5.773039 -3.924254 1.45298 1.271942 0.2080551 19.3265 1.541586 0 0.0
0.03008144 -0.00390824 -4.3228 -4.15344 0.5299134 0.3538671 -0.2496026 18.24736 1.706068 0 0.0
0.001653565 0.01297147 -1.199875 -4.580593 1.043315 0.805608 0.1732776 18.80363 1.837206 0 0.0
0.004890391 0.01912068 -3.880295 1.091688 0.228918 0.1798657 0.2094198 17.45248 1.429161 0 0.0
-0.0009135882 0.04116018 -2.752289 1.855766 0.3056336 0.2343574 0.1046577 17.86652 2.061897 0 0.0
0.01588651 0.0381971 -1.877277 -1.512264 1.358689 1.191692 0.5225014 19.53182 1.375603 0 0.0
0.02466849 -0.00773705 -1.924535 -4.10539 0.4261618 0.3324049 0.1820201 18.60225 2.055737 0 0.0
0.03565945 -0.009688926 -1.280658 -6.10381 0.1399755 0.1034998 -0.03380796 15.03985 3.102455 1 0.0
0.01248009 0.01995177 -5.580931 -4.295719 0.08722815 0.06540499 -0.0001023642 14.05486 2.681348 1 0.0
0.01125235 0.01999957 -0.6213651 -1.569461 1.412967 1.131301 0.3662984 19.72629 nan 0 0.0
0.0193428 0.0101071 -4.135184 0.1549671 1.342724 1.156458 0.3467134 19.48787 nan 0 0.0
0.02528667 0.01495265 -0.563133 -1.070487 0.3257827 0.2438276 0.04904528 18.18318 1.713203 0 0.0
0.04807927 0.005787093 -7.215071 -6.576663 0.2013845 0.1571894 0.1759388 17.15714 2.393911 0 0.0
0.0194276 0.01745992 -3.792919 -4.532743 0.3308841 0.2515621 0.1458979 17.91431 1.861216 0 0.0
0.007319177 0.04078423 -5.775128 -5.393622 0.4345079 0.3418306 0.2341824 17.71482 2.144577 0 0.0
0.02436676 0.01952474 -3.048448 -5.220136 0.4130446 0.3197856 0.2328769 17.17765 nan 0 0.0
0.004778645 0.01548146 -3.319465 -7.380673 0.5282773 0.3937698 0.07731487 18.67973 2.058748 0 0.0
0.02558738 -0.01644237 -2.643837 -5.352749 0.2333014 0.1819967 0.1527463 17.34144 2.265247 0 0.0
0.01524477 0.0392157 -1.310504 0.4052979 2.287895 2.00471 0.5105588 20.02848 nan 0 0.0
0.02972733 0.03334808 -4.097913 -0.7327624 0.3934581 0.291467 0.06257511 18.34232 1.854607 0 0.0
0.01870145 0.01273552 0.7070383 -3.215927 1.526831 1.245997 0.4777859 18.88189 1.570505 0 0.0
0.001207248 0.02471884 -1.772754 2.709331 0.6009201 0.4523491 0.2902368 18.88162 1.743132 0 0.0
0.04975179 0.001924079 -3.905614 -6.413039 0.5521718 0.4075553 -0.006340754 18.73214 2.217957 0 0.0
0.02674102 0.03158634 -2.0817 -5.312135 0.1460637 0.115135 0.1549518 16.2451 2.546397 0 0.0
0.04188913 0.01716849 -1.971311 -3.807859 1.042597 0.8969354 0.4808384 19.30268 2.016537 0 0.0
0.03610661 -0.006801324 -7.012777 -5.216204 0.358749 0.2769892 0.3199336 17.28937 2.043217 0 0.0
0.04102022 0.004774817 -4.234605 0.06440877 0.5855738 0.427677 0.1579535 18.51061 nan 0 0.0
-0.006605942 0.02495328 -3.534732 -8.238613 0.3159952 0.2430138 0.1253526 18.07985 2.236948 0 0.0
0.007289374 0.007142418 -3.0075 1.474006 0.2597426 0.2030359 0.2214062 17.52706 1.516388 0 0.0
0.0311942 -0.01699101 -4.992384 -3.632571 0.4234096 0.3182508 0.1399162 18.20387 2.055117 0 0.0
0.0122016 0.02568338 -3.644757 -4.926492 0.2772597 0.2166837 0.2067964 17.83012 2.028646 0 0.0
0.002937504 0.03335337 -7.660412 -16.10348 2.597544 2.161881 0.2969579 19.68086 1.8908 0 0.0
0.001933091 0.0470596 -4.00369 -9.173607 0.5555252 0.3954606 0.3503738 18.68287 nan 0 0.0
