data/gcs/NGC_6540_Djorg.ecsv
# %ECSV 0.9
# ---
# datatype:
# - {name: x, unit: deg, datatype: float64}
# - {name: y, unit: deg, datatype: float64}
# - {name: pmx, unit: mas / yr, datatype: float64}
# - {name: pmy, unit: mas / yr, datatype: float64}
# - {name: pmx_e, unit: mas / yr, datatype: float64}
# - {name: pmy_e, unit: mas / yr, datatype: float64}
# - {name: pm_corr, datatype: float64}
# - {name: g_mag, unit: mag, datatype: float64}
# - {name: bp_rp, unit: mag, datatype: float64}
# - {name: filter, datatype: int64}
# - {name: memberprob, datatype: float64}
# meta: !!omap
# - comments: [deg deg mas/yr mas/yr mas/yr mas/yr dimless mag   mag   zeroone float]
# - __serialized_columns__:
#     bp_rp:
#       __class__: astropy.units.quantity.Quantity
#       unit: &id001 !astropy.units.Unit {unit: mag}
#       value: !astropy.table.SerializedColumn {name: bp_rp}
#     g_mag:
#       __class__: astropy.units.quantity.Quantity
#       unit: *id001
#       value: !astropy.table.SerializedColumn {name: g_mag}
#     pmx:
#       __class__: astropy.units.quantity.Quantity
#       unit: !astropy.units.Unit {unit: mas / yr}
#       value: !astropy.table.SerializedColumn {name: pmx}
#     pmx_e:
#       __class__: astropy.units.quantity.Quantity
#       unit: !astropy.units.Unit {unit: mas / yr}
#       value: !astropy.table.SerializedColumn {name: pmx_e}
#     pmy:
#       __class__: astropy.units.quantity.Quantity
#       unit: !astropy.units.Unit {unit: mas / yr}
#       value: !astropy.table.SerializedColumn {name: pmy}
#     pmy_e:
#       __class__: astropy.units.quantity.Quantity
#       unit: !astropy.units.Unit {unit: mas / yr}
#       value: !astropy.table.SerializedColumn {name: pmy_e}
#     x:
#       __class__: astropy.units.quantity.Quantity
#       unit: &id002 !astropy.units.Unit {unit: deg}
#       value: !astropy.table.SerializedColumn {name: x}
#     y:
#       __class__: astropy.units.quantity.Quantity
#       unit: *id002
#       value: !astropy.table.SerializedColumn {name: y}
# schema: astropy-2.0
x y pmx pmy pmx_e pmy_e pm_corr g_mag bp_rp filter memberprob
[from data line 1002]
-0.005586429 -0.002925406 -2.865671 -7.633746 1.113622 0.8733009 0.04366917 18.71057 nan 0 0.0
0.007700565 0.01691852 -0.3598048 -1.430487 1.032211 0.9025599 0.2570672 18.3845 nan 0 0.0
0.01328829 -0.007385455 -2.004749 -6.117383 0.1387797 0.1153481 0.2844966 16.08828 1.864824 0 0.0
-0.0001047957 0.02111877 0.274636 -6.967574 0.4437594 0.4052038 0.3265286 17.1207 1.903523 0 0.0
-0.004965535 0.001038095 -5.264837 -3.849665 0.2536928 0.2106619 0.4171697 16.63355 2.04051 0 0.0
-0.0005098544 0.004189147 -4.794342 -2.20281 0.3658522 0.3424649 0.4693638 17.74761 1.416642 0 0.0
-0.01044852 0.01280033 -1.739127 -3.872795 0.132872 0.1115581 0.1555815 16.261 1.990255 0 0.0
-0.01282698 0.02837929 -2.749628 -8.931215 0.5824209 0.4627216 0.00909137 18.05256 1.708735 0 0.0
-0.02111582 0.0101571 -0.7356025 -1.966773 0.2057648 0.1801841 0.3069726 17.04454 1.284168 0 0.0
-0.02292739 0.02027713 -0.1974584 -5.303371 0.1326153 0.1169851 0.3683455 15.67275 2.308906 1 0.0
-0.02417015 0.0218199 -1.750992 -2.486777 0.4558857 0.4063988 0.4303978 18.26883 nan 0 0.0
-0.02192433 0.00175507 -4.308171 -4.386522 0.2960952 0.2589361 0.3333234 16.89459 1.327722 0 0.0
-0.01007175 0.02723327 -1.424548 -7.71296 0.416433 0.3427523 0.03147705 17.93187 1.687294 0 0.0
-0.02249165 0.002878383 -6.189964 -7.976468 0.8805986 0.8013758 0.4141132 18.66315 nan 0 0.0
0.00659299 0.01294177 1.179028 -2.459641 0.426795 0.3544944 0.5944306 16.42331 1.738472 0 0.0
-0.01801035 0.01180179 -8.233513 -9.780347 0.3595699 0.3011964 0.1718166 17.88132 1.630564 0 0.0
-0.02648602 -0.006661167 3.08644 -3.786342 0.2384342 0.1809696 -0.2621133 16.61635 1.629996 0 0.0
0.002055776 0.01240599 -2.104123 -7.095604 0.2135935 0.1824236 0.1682453 16.75899 1.84099 0 0.0
0.003433136 0.01245554 -1.480426 -7.216556 0.6055198 0.4970045 -0.1360392 18.21859 1.626541 0 0.0
-0.02349 -0.0009346182 -2.006518 -1.027115 0.9539141 0.8210101 0.0003245756 18.56451 1.483603 0 0.0
0.008213484 0.01378471 -3.842313 -2.435783 0.8393054 0.734747 -0.1139891 18.23557 1.549269 0 0.0
-0.00555931 -0.005185613 -3.807625 -3.851772 0.3505098 0.3075192 0.5069686 16.73627 nan 0 0.0
0.001677604 0.007679583 -2.967836 -8.471631 0.6234344 0.5764239 0.4859366 16.26624 0.5516357 0 0.0
0.001569489 0.001314762 3.067809 0.2041198 1.118151 1.017908 0.2717638 17.42149 nan 0 0.0
-0.01968748 0.02674367 5.988869 1.025715 1.120205 0.9283877 -0.2247461 18.79583 2.223469 0 0.0
0.007537856 0.007377974 -2.494736 -2.848428 0.5569634 0.4681781 0.1795072 17.00201 nan 0 0.0
-0.02114385 0.01539658 -5.251626 -12.41766 0.9511734 0.7256804 -0.1458313 18.93741 1.279007 0 0.0
0.002677101 0.01907025 -4.157675 -6.614023 0.2821591 0.1972745 -0.7349924 15.5984 2.221589 0 0.0
-0.004965255 -0.005111197 -3.236272 -4.46335 0.09331536 0.08024138 0.2882543 14.17096 2.447009 1 0.0
-0.005776915 0.02467201 -5.23151 -5.804455 0.3488262 0.2945732 0.2429827 14.78287 3.559705 0 0.0
-0.02535237 -0.004753548 -4.561827 -6.151197 0.3606294 0.3078195 0.08724637 17.46313 1.689419 0 0.0
-0.02767425 -0.006156015 0.8827561 -2.948102 0.398691 0.3633974 0.0914717 17.70013 nan 0 0.0
-0.0287261 -0.01086172 2.181283 0.1140179 0.619441 0.5194133 0.7826184 17.55661 nan 0 0.0
-0.009474826 -0.00371341 -2.388359 -1.906124 0.7230694 0.684219 0.3156605 18.32072 1.177219 0 0.0
0.008590386 -0.00143024 -2.091565 -3.249804 0.1336859 0.1188998 0.4734864 15.93125 nan 0 0.0
-0.02616304 -0.002308519 -3.061176 -8.042591 0.3072009 0.272608 0.2966516 17.39778 1.262125 0 0.0
0.003513837 0.002529698 -3.705995 -2.321526 0.1460892 0.134608 0.4824981 15.63417 1.398002 0 0.0
0.01212711 -0.008165425 -5.760978 -5.53149 0.177289 0.1665894 0.795397 15.20713 1.968764 1 0.0
0.003135768 0.002373307 -1.776308 -4.660503 0.3181497 0.2673849 -0.1544372 16.16532 nan 0 0.0
-0.01325795 0.01848392 0.6883 -4.546651 0.1803281 0.1506754 0.2049606 16.31896 nan 0 0.0
-0.02467862 0.001073557 -2.474506 -9.382194 1.067248 0.9858071 0.3630506 18.63918 nan 0 0.0
-0.01803979 0.02648265 -10.12711 -5.002116 0.2000204 0.1692915 0.4393711 14.78372 2.905582 1 0.0
-0.02451946 0.01380515 0.02304918 -3.952201 0.9125483 0.7902667 0.2872376 18.39449 1.545696 0 0.0
-0.003912227 -0.002952036 -2.925871 -5.067931 0.1781088 0.153727 0.4615338 16.36822 1.828367 0 0.0
-0.0219798 0.009006799 1.148071 -0.3893258 0.1184048 0.09974508 0.2455048 15.83968 1.760418 0 0.0
-0.0189536 0.0003346533 -0.6073001 -2.000889 0.440054 0.4029249 0.4281319 17.70635 1.274885 0 0.0
-0.01682185 0.01050499 -1.740443 0.7186818 0.5955881 0.4978268 0.3206556 18.37258 1.535885 0 0.0
3.2412e-06 0.0243441 -3.128999 -6.760887 0.2385847 0.2048584 0.1617637 16.70013 1.92108 0 0.0
0.003379357 0.02004679 -2.1595 -3.131675 0.4305263 0.3470932 -0.02600741 17.0407 1.034376 0 0.0
-0.0006719511 0.015 -0.2306868 -3.345173 1.340417 1.200315 0.3806329 18.79323 2.064457 0 0.0
-0.02980779 -0.004871026 -0.0969351 -3.954863 0.7378101 0.6654406 0.1984709 18.73484 1.602268 0 0.0
-0.0006990189 0.02437652 -2.372678 -7.151429 0.8079083 0.6957234 0.04127074 18.90121 nan 0 0.0
-0.006126464 -0.003440419 0.04748242 -11.81296 1.224346 1.002974 0.1691466 18.63647 nan 0 0.0
-0.005398841 0.02602243 -1.703756 -10.40848 0.7226651 0.6273337 0.1794406 16.14952 1.48653 0 0.0
0.004647922 1.958459e-05 -7.464984 -0.9820601 0.5694734 0.5021767 0.2576477 16.99437 1.309184 0 0.0
-0.02781223 0.005467333 -3.049258 -0.03547743 0.0782898 0.06605398 0.2552688 14.56208 1.678983 1 0.0
-0.009179744 0.01943611 -0.1357936 -4.601444 0.4182677 0.3783805 0.4661727 17.8059 nan 0 0.0
-0.03267031 -0.004137518 -0.2065079 -4.847656 0.1782408 0.1503688 0.1223911 16.55458 1.231753 0 0.0
-0.01860324 0.004429791 -1.001812 -8.696105 0.4093763 0.3358206 0.1133891 16.63515 1.590452 0 0.0
0.00821273 0.003794017 -0.7673536 -3.603527 0.3053306 0.2841875 0.4544342 17.30671 1.029296 0 0.0
-0.009204975 -0.001590508 -1.217109 -3.881866 0.2998007 0.2525843 0.204646 15.91011 1.726836 0 0.0
-0.01711814 0.005551556 -0.6400627 -1.641706 1.116723 0.9499793 0.3511117 18.80909 nan 0 0.0
-0.03035196 0.009866907 -9.856212 -6.537598 0.6630927 0.5343208 0.09122368 18.60059 nan 0 0.0
-0.005209607 0.02265788 2.09781 -5.410757 0.2319676 0.1983204 0.5189265 16.59753 2.078398 0 0.0
-0.01471556 0.01212082 -5.661887 -4.997633 0.1324067 0.1190142 0.2303592 15.09585 2.24667 1 0.0
-0.006261951 0.004742099 -5.008803 -6.784769 0.3350027 0.2915267 0.2614674 16.77848 1.76842 0 0.0
-0.008691791 -0.003043865 -3.700446 -2.781168 0.09006192 0.07922468 0.2983012 14.54885 1.760574 1 0.9964974
-0.008340489 -0.006435104 2.900641 -7.531926 0.6149499 0.5295478 0.299107 18.02388 1.263044 0 0.0
-0.00196836 0.0172106 -1.035109 -0.8441501 0.8877386 0.7052818 -0.2424639 18.81218 1.639711 0 0.0
-0.03140213 -0.0008221726 -2.889357 -1.390261 0.4343948 0.3923032 0.05180055 17.72787 1.306755 0 0.0
-0.03099797 0.002355586 -0.7641269 -3.891391 0.1743823 0.1519939 0.354909 16.59139 1.220995 0 0.0
-0.0002397923 -0.001283036 -2.457129 -2.67521 0.2553986 0.2396618 0.4671286 16.36966 1.411916 0 0.0
-0.01474111 0.001393884 -1.9745 -5.804975 0.7438356 0.6451724 0.6298391 18.00047 nan 0 0.0
-0.03010755 0.004991792 -5.458832 -5.687633 0.7231061 0.6632653 0.5775253 18.51634 1.158453 0 0.0
-0.009665173 0.01122302 -8.821214 -6.646935 0.6552374 0.4960909 0.02158627 18.6127 nan 0 0.0
0.007267723 0.006254564 3.865111 -2.558371 0.7825779 0.7320988 0.8501292 17.89062 1.549728 0 0.0
-0.008071111 0.002260519 1.232554 -6.24603 0.1577387 0.13514 0.2559301 16.22803 1.647058 0 0.0
-0.01814433 0.005490355 -5.973604 -3.557246 0.2049348 0.1651306 0.03410358 15.91935 1.752901 0 0.0
-0.0176883 0.02428354 -3.60458 -8.72741 0.8827716 0.7513501 0.5509322 18.51539 nan 0 0.0
-0.008990302 0.01482415 -5.946354 -9.011318 0.1663804 0.1452287 0.3078799 16.29779 1.975043 0 0.0
0.007267075 -0.003448119 -3.27874 -3.606037 1.063457 0.9263473 0.04834218 18.64376 nan 0 0.0
0.0002733083 0.01125778 -0.3495918 -3.228237 0.07660121 0.06272276 0.1048326 14.40014 1.829262 1 0.0
-0.01214979 0.01115411 0.5045488 -2.891898 0.2200554 0.1876366 0.201652 17.28254 1.438326 0 0.0
-0.004263299 -0.002200553 -2.976179 2.079001 0.3105646 0.2650989 0.3801508 17.67829 1.280855 0 0.0
-0.01287834 0.005866853 1.820527 -6.294931 0.4075636 0.3445661 0.1067647 15.40541 1.09732 0 0.0
-0.003939489 0.004196706 -8.988935 -2.549228 0.4056968 0.356893 0.4293355 17.77583 1.06901 0 0.0
0.00737621 0.01312292 -3.357753 -6.193908 0.5571542 0.4295593 0.3728667 17.47427 1.848257 0 0.0
-0.01833454 0.01240065 -2.554342 -3.721833 0.7302608 0.6199166 0.1151204 19.02082 nan 0 0.0
0.006647148 0.01529162 -3.345107 -2.532737 0.6308516 0.6789611 0.8140825 17.28491 nan 0 0.0
0.006350062 0.01528782 -2.231744 -1.426293 0.4282035 0.394906 0.3147961 17.80511 nan 0 0.0
-0.001023063 0.01630081 -2.928947 -4.904996 0.7305932 0.6229652 -0.1607718 18.63341 0.7047043 0 0.0
-0.01854864 0.0009240938 3.41274 -11.03037 0.8922189 0.7720213 0.1030629 18.29133 nan 0 0.0
-0.0240613 0.01817308 -6.9676 -5.86587 1.053589 0.8911309 0.2969147 16.82475 1.926136 0 0.0
-0.01457941 0.003820053 -2.951398 -2.514297 0.5032606 0.4498478 0.3634624 16.8345 1.533581 0 0.0
-0.01865748 0.00577637 1.607527 -8.103281 0.6342447 0.5437308 0.4064554 17.70452 nan 0 0.0
-0.01857784 0.01380823 -6.345992 1.73946 1.019874 0.9461688 0.3096418 18.79257 1.481436 0 0.0
-0.001293115 0.0139643 -1.633386 -2.843208 0.271034 0.2569443 0.348227 17.41327 1.417816 0 0.0
-0.006856293 0.008381284 -2.701684 -5.788695 0.2062563 0.1768236 0.2049778 16.8853 1.82267 0 0.0
-0.002859072 -0.004084968 -3.568233 -3.669469 0.3359611 0.3152918 0.4596511 17.33393 nan 0 0.0
-0.005912253 0.02997252 -2.205246 -5.246562 0.2010552 0.1717793 0.2406889 16.8463 2.046407 0 0.0
-0.009044174 0.01310563 -4.587576 -6.484163 0.6084708 0.5041763 0.2835253 18.61905 nan 0 0.0
-0.03126539 -0.006813116 -4.54873 -1.593278 0.8139356 0.6730575 -0.2256937 18.20308 1.722282 0 0.0
-0.003885311 -0.0005239799 -2.774876 -3.249172 0.7928825 0.6798592 0.2891898 15.55556 1.622694 0 0.0
-0.02864625 -0.006472886 -0.2623106 -5.214855 0.5042922 0.4610856 0.4070607 17.61623 1.105247 0 0.0
0.00710622 0.01437797 -3.94194 -10.70254 0.3606251 0.3377234 0.3076207 17.40455 1.835239 0 0.0
0.00297383 0.00563297 -3.369927 -7.369302 0.337233 0.3163352 0.5493653 16.27062 1.820167 0 0.0
0.006322542 0.006454894 -2.869541 -6.832575 0.2465441 0.2181782 0.3594789 17.01511 1.731745 0 0.0
-0.01193563 0.02844806 -3.021303 -6.245474 0.3660788 0.3132443 0.4503209 17.28605 1.832447 0 0.0
-0.009044976 0.02275681 4.553601 -5.492101 0.576243 0.4789992 0.1255609 18.5382 nan 0 0.0
-0.02473204 -0.001518542 -5.639144 -6.839401 0.5740372 0.5003949 0.2910553 18.60876 1.697666 0 0.0
0.002542065 0.01939069 0.4981074 -4.232404 0.6369251 0.5338048 -0.428952 18.1766 nan 0 0.0
-0.02886577 0.00671065 0.4739598 -3.438709 0.2619112 0.229178 0.5678774 17.01367 1.31642 0 0.0
-0.002292434 0.01607381 -2.728872 -2.236545 0.4334544 0.3568168 -0.09227623 18.19599 1.690136 0 0.0
0.002730978 0.01347981 2.85023 -3.404411 0.6940313 0.5367439 0.002380801 18.22731 1.253422 0 0.0
-0.0005638508 0.001570357 -2.541216 -12.29324 0.09872488 0.08629145 0.3135233 14.03337 1.595272 1 0.0
0.0005164259 0.02324928 -2.303123 -5.777821 0.2632272 0.2397989 0.3011843 17.2671 1.933499 0 0.0
-0.01517619 0.0230079 -4.969589 -3.009726 0.5332049 0.4710373 0.391826 18.33242 1.788109 0 0.0
0.01658476 0.007125201 0.287059 -4.045479 0.6820116 0.5829648 0.1594508 18.13811 nan 0 0.0
-0.03243013 0.005416464 -3.047939 -5.844494 0.5364688 0.442822 0.07782943 18.62803 1.59008 0 0.0
0.004459157 0.006439728 -1.547078 -4.104182 0.3910231 0.3606275 0.5276856 17.56947 1.389443 0 0.0
-0.006370764 0.01829953 -3.030165 -3.369518 0.5242137 0.4537367 0.2163821 18.61749 1.318533 0 0.0
-0.01341886 0.009221814 -2.686764 -5.052217 0.1741297 0.1584263 0.4825653 16.21378 2.104535 0 0.0
-0.02235742 0.006717903 -2.239177 -6.345216 0.1652864 0.1460294 0.4540319 16.26188 1.968049 0 0.0
-0.009826029 -0.00189383 -8.584554 -6.251626 0.7052435 0.6165081 0.3139415 15.98575 1.685129 0 0.0
-0.01690321 0.01272894 -3.556033 -2.80199 0.1379325 0.118006 0.2718175 16.10167 1.017729 0 0.0
-0.02046554 -0.001166704 -0.436526 1.922007 0.3241944 0.3072851 0.5492015 17.26373 nan 0 0.0
0.001974746 0.01194059 -4.450887 -5.59691 0.3697992 0.3302087 0.3211375 17.76319 nan 0 0.0
-0.01541695 0.006587501 -3.761521 -8.565751 1.177464 1.053476 0.5665594 18.77547 nan 0 0.0
-0.02967764 0.01297035 -0.6820072 -4.453357 0.5793321 0.4879483 0.5232181 18.1957 nan 0 0.0
-0.02097865 -0.0009856035 -3.929012 -5.962641 0.4925779 0.434042 0.3202255 16.17121 1.688156 0 0.0
0.003513936 0.005608159 -5.267738 -5.022458 0.8507929 0.8048902 0.558209 17.67915 nan 0 0.0
-0.02767564 -0.0007086276 -6.158428 -5.082429 0.3546389 0.3187613 0.4291377 17.84343 1.71567 0 0.0
0.00354103 0.008328037 -2.790724 -2.529407 0.2015002 0.1822273 0.4128769 16.47677 1.183809 0 0.0
-0.01241856 -0.0001736669 -0.6992398 -8.362325 0.7729543 0.6939833 0.6306936 18.14898 1.35334 0 0.0
-0.002535047 -0.00363864 -0.9899542 -2.315349 0.5025789 0.4176667 0.1480295 17.27928 nan 0 0.0
-0.02484231 0.008386295 0.5015185 -0.5402682 0.289384 0.2612101 0.5253808 17.24791 1.282084 0 0.0
0.003109108 0.01444873 -9.149767 -6.151431 0.2570679 0.2104618 -0.2138575 16.82638 1.22804 0 0.0
-0.0197378 0.006315959 -1.950166 -4.906865 0.7901336 0.6652354 0.4670253 18.60075 1.418295 0 0.0
0.0002732997 0.007824554 0.1913781 -8.38799 1.155767 1.078899 0.5993125 18.54122 nan 0 0.0
-0.005451834 0.005486008 -3.763642 -2.73085 0.1263915 0.1050453 0.0734147 15.31749 1.696784 0 0.0
0.003784297 0.01445062 -9.605773 -0.146121 1.374252 1.046603 -0.795737 18.62939 nan 0 0.0
-0.02745971 -0.0002965856 -3.650322 -5.97576 0.7704865 0.6638722 0.337803 18.11234 nan 0 0.0
-0.002967523 0.01204929 -4.35919 -5.459112 0.3192486 0.2927563 0.1524096 17.17368 1.696517 0 0.0
-0.0240054 0.009601463 3.13735 -0.997782 0.1497791 0.1195031 0.4319373 15.20978 1.733955 0 0.0
-0.02746413 0.01722241 2.008582 -8.082044 0.7244419 0.5690217 -0.1278189 18.40231 nan 0 0.0
-0.02489889 0.01960531 2.235245 -5.630838 0.8111696 0.7315387 0.5287927 17.82578 1.48173 0 0.0
0.01245185 -0.001924617 -3.229735 -7.195717 0.1988864 0.1731692 0.5406767 16.30217 0.8793802 0 0.0
-0.004345103 0.017695 -5.187264 -11.78342 0.2189285 0.1877894 0.2617625 17.12305 1.838084 0 0.0
0.002298732 0.007341971 -2.16932 -4.228346 0.2587656 0.2417078 0.4354441 16.69378 nan 0 0.0
-0.02044239 0.01934874 -12.95029 -15.51747 0.5365553 0.4823973 0.3483276 17.93583 1.629915 0 0.0
-0.001806355 0.01993048 -3.559483 -6.432731 0.5460476 0.6190747 -0.4275332 17.07686 1.952221 0 0.0
0.007645206 -0.002198831 -2.765826 -7.562101 0.3051805 0.2644635 0.02077449 16.82475 1.519875 0 0.0
-0.02354436 0.0006770797 0.01255978 -5.290299 1.0399 0.9976783 0.4501892 17.74557 1.546925 0 0.0
-0.00731516 0.00488127 -0.4672591 -0.005770908 0.4370958 0.3763816 0.3139265 17.60448 1.392462 0 0.0
0.0007865145 0.02204574 -2.327152 -0.5674199 1.680077 1.380282 -0.3104066 18.7394 1.295145 0 0.0
0.01118253 -0.003358805 -19.76745 -21.24666 1.702449 1.396845 0.3274423 19.04811 nan 0 0.0
-0.02019903 0.01781909 -4.000213 -4.392362 0.8576312 0.7430227 0.5145125 18.74702 nan 0 0.0
0.001056479 0.008696208 1.040137 -0.02844036 0.5827265 0.546452 0.3877447 18.00864 1.477364 0 0.0
0.01166875 -0.001834885 -1.708045 -5.710327 0.4069288 0.283886 -0.1202011 16.72911 1.830596 0 0.0
-0.01269084 0.01908862 -2.55722 -7.821061 0.6208438 0.5543483 0.6762184 18.18011 1.302374 0 0.0
-0.03056277 -0.008775578 -0.3486137 -6.298066 0.5296711 0.4707074 0.2812662 18.45561 nan 0 0.0
0.006592719 0.008457594 -2.188203 -2.912864 1.200678 1.43526 0.4199641 18.62076 1.2027 0 0.0
-0.0119334 0.008153872 -1.304272 -10.46767 1.303672 1.113318 0.251659 18.74544 1.15514 0 0.0
0.001353672 0.01877273 -2.153438 -4.102628 0.6451969 0.532288 -0.1937923 18.31734 1.662924 0 0.0
-0.0160391 0.01348629 0.01751907 -3.896242 0.4803343 0.438964 0.4903751 17.80466 nan 0 0.0
