data/gcs/NGC_6325.ecsv
# %ECSV 0.9
# ---
# datatype:
# - {name: x, unit: deg, datatype: float64}
# - {name: y, unit: deg, datatype: float64}
# - {name: pmx, unit: mas / yr, datatype: float64}
# - {name: pmy, unit: mas / yr, datatype: float64}
# - {name: pmx_e, unit: mas / yr, datatype: float64}
# - {name: pmy_e, unit: mas / yr, datatype: float64}
# - {name: pm_corr, datatype: float64}
# - {name: g_mag, unit: mag, datatype: float64}
# - {name: bp_rp, unit: mag, datatype: float64}
# - {name: filter, datatype: int64}
# - {name: memberprob, datatype: float64}
# meta: !!omap
# - comments: [deg deg mas/yr mas/yr mas/yr mas/yr dimless mag   mag   zeroone float]
# - __serialized_columns__:
#     bp_rp:
#       __class__: astropy.units.quantity.Quantity
#       unit: &id001 !astropy.units.Unit {unit: mag}
#       value: !astropy.table.SerializedColumn {name: bp_rp}
#     g_mag:
#       __class__: astropy.units.quantity.Quantity
#       unit: *id001
#       value: !astropy.table.SerializedColumn {name: g_mag}
#     pmx:
#       __class__: astropy.units.quantity.Quantity
#       unit: !astropy.units.Unit {unit: mas / yr}
#       value: !astropy.table.SerializedColumn {name: pmx}
#     pmx_e:
#       __class__: astropy.units.quantity.Quantity
#       unit: !astropy.units.Unit {unit: mas / yr}
#       value: !astropy.table.SerializedColumn {name: pmx_e}
#     pmy:
#       __class__: astropy.units.quantity.Quantity
#       unit: !astropy.units.Unit {unit: mas / yr}
#       value: !astropy.table.SerializedColumn {name: pmy}
#     pmy_e:
#       __class__: astropy.units.quantity.Quantity
#       unit: !astropy.units.Unit {unit: mas / yr}
#       value: !astropy.table.SerializedColumn {name: pmy_e}
#     x:
#       __class__: astropy.units.quantity.Quantity
#       unit: &id002 !astropy.units.Unit {unit: deg}
#       value: !astropy.table.SerializedColumn {name: x}
#     y:
#       __class__: astropy.units.quantity.Quantity
#       unit: *id002
#       value: !astropy.table.SerializedColumn {name: y}
# schema: astropy-2.0
x y pmx pmy pmx_e pmy_e pm_corr g_mag bp_rp filter memberprob
[from data line 1508]
-0.02480532 0.03044962 2.364173 -3.21571 2.289383 1.57714 0.2874124 20.17521 1.541851 0 0.0
0.00994424 -0.009528334 -7.279062 -11.9993 3.054274 2.135862 0.5233101 19.92403 nan 0 0.0
-0.0004728167 0.006467071 -7.844158 -9.591286 0.5545484 0.3857595 0.1925025 18.31167 1.944754 0 0.0
-0.002428444 0.03083724 -0.5999807 -3.801201 1.603361 1.095474 0.3295571 19.97389 1.439995 0 0.0
0.02634062 0.004654332 -5.919751 -9.412382 1.595147 1.073245 0.3517604 19.81213 1.710823 0 0.0
0.009665377 -0.003976021 -3.324764 -2.585604 3.449291 2.423495 0.36298 20.44407 nan 0 0.0
-0.0186332 0.04282552 -4.000231 -5.128882 1.869146 1.225277 0.1006855 20.09873 2.009853 0 0.0
0.02010949 -0.01209871 -8.338791 -10.13762 1.458663 0.9660461 0.4033906 19.73414 1.753279 0 0.0
0.003491909 -0.0486954 -5.607117 0.4948338 3.064104 1.986767 0.114237 20.47383 1.840445 0 0.0
0.01346112 -0.02880241 -0.3622153 -3.548105 0.3346655 0.2327176 0.2388155 17.75772 2.080532 1 0.0
0.01304331 -0.01844737 -7.039754 -4.569655 1.222434 0.8450567 0.4358538 19.39853 nan 0 0.0
0.02259533 -0.01021465 -5.046825 -8.199534 1.768554 1.181608 0.3024545 19.94944 1.233374 0 0.0
0.02223853 0.02644465 -3.291944 -7.778809 0.4544469 0.3172062 0.4049008 17.98951 2.203207 1 0.0
-0.01074863 -0.02758527 -7.261617 -8.929296 0.394977 0.2622065 0.2230911 17.97315 1.478626 1 0.8856242
0.002432549 0.03521651 -3.471846 -3.508451 1.167979 0.8231818 0.2988142 19.60791 1.58762 0 0.0
0.02480853 0.02614091 -3.331208 -5.039146 0.3003752 0.2438567 -0.4490728 16.94708 2.649478 1 0.0
-0.0004729516 0.04361459 -9.448353 -1.50401 1.393014 0.9630284 0.237564 19.74122 1.900656 0 0.0
-0.02761712 -0.01554285 0.4994066 -0.9741541 0.15497 0.107521 0.1378573 15.79355 2.510611 1 0.0
0.0151938 -0.01666423 -2.224349 -13.92478 2.190293 1.458505 0.3780968 20.11274 1.494148 0 0.0
-0.00374065 0.003029976 -10.02433 -9.425424 0.7163785 0.4964779 0.2032955 18.62272 1.992609 0 0.0
-0.02030663 0.02425342 -8.157079 -8.891904 0.167643 0.1150292 0.03025811 16.607 2.449634 1 0.9979011
-0.005138093 0.02654563 1.608874 -9.262288 0.3565552 0.2386803 0.0354486 18.04658 2.097918 0 0.0
-0.003097824 -0.01497919 -8.608435 -9.484034 0.5729583 0.3342671 0.4190423 18.22502 2.122084 0 0.0
0.03276855 0.02009477 -3.15869 -2.27172 1.930361 1.249756 0.403865 20.05821 1.27318 0 0.0
-0.04499426 0.004609164 -2.17688 -2.535095 1.324012 0.8999944 0.3554258 19.75137 nan 0 0.0
-0.008879409 -0.003081419 -4.384831 -7.855187 2.905656 1.757765 0.5172928 20.14624 nan 0 0.0
-0.02483065 0.01677964 -7.615016 -6.016199 3.575822 2.037286 0.6209574 20.4548 1.744671 0 0.0
-0.02748268 0.009048627 -5.063723 -4.337675 1.323949 0.9437294 0.3788442 19.71494 1.674841 0 0.0
-0.01086167 -0.01143957 -7.118696 -8.407565 0.5279356 0.4205717 -0.01603577 18.04277 1.641396 0 0.0
-0.04485475 0.00504981 -0.6332903 -0.01105005 0.3624294 0.2484063 0.1613351 17.85552 2.077477 1 0.0
-0.0301018 -0.01882976 -7.48509 -4.298979 0.2139026 0.1769375 0.240353 14.19822 3.886971 1 0.0
-0.003098791 0.02564542 -8.616484 -8.432948 0.4371131 0.2951092 0.0320004 18.22938 2.198753 1 0.9911576
-0.004745637 -0.01080024 -7.788742 -8.727666 0.1383045 0.09447345 0.2252486 14.87884 2.220805 1 0.9489497
-0.01962718 -0.03546556 -1.851305 -2.938586 1.753277 1.181033 0.4585269 20.00662 1.485983 1 7.79659e-06
0.02650584 -0.006942382 3.794245 -2.881627 1.844921 1.269322 0.3660018 19.8791 1.942213 0 0.0
-0.01296143 0.04099515 0.1320724 -3.226754 0.5978704 0.3999862 0.08515916 18.64346 2.087017 0 0.0
-0.007398609 -0.01299763 -8.663849 -9.193509 0.1570076 0.09034974 0.4870852 14.93981 2.608876 1 0.9996072
0.00100768 0.02605935 -1.304743 -2.788246 1.150899 0.8480439 0.421597 19.08809 2.060835 0 0.0
0.000784306 0.04396554 1.877994 0.6318988 1.510354 1.018694 0.226642 19.83871 1.71726 0 0.0
0.01287749 -0.000964596 -6.079075 -9.830597 1.367433 1.021797 0.3460059 19.35354 1.897375 0 0.0
-0.008462425 0.02692502 -10.84183 -10.88922 2.827832 1.842905 0.2764141 20.50958 1.609806 0 0.0
0.03190396 0.02565299 -4.922711 -3.708272 0.3944292 0.2580219 0.5320744 17.65002 2.02334 1 0.0
0.03687758 0.02975629 -5.64839 -5.234929 1.760586 1.149756 0.6251933 19.71075 1.215555 0 0.0
-0.006255564 0.02772432 1.808768 -2.163681 2.64152 1.554484 0.5531985 20.06882 1.464304 0 0.0
0.008184075 -0.0210505 -12.74226 -5.420559 3.156325 2.102766 0.2719 20.4618 1.718645 0 0.0
0.007793147 -0.02065757 -14.17592 -11.96642 3.882228 2.377882 0.3974362 20.56638 1.227983 0 0.0
0.01567626 0.04746458 -5.444496 -7.139835 0.468084 0.3124717 0.2601481 18.4846 1.83346 1 0.0
0.02985033 -0.03695333 -8.184756 -9.686539 0.7788775 0.534375 0.103308 19.14934 2.112284 0 0.0
0.03052026 -0.03775457 -0.3260197 -2.424787 0.8416168 0.6032551 0.01675008 18.90652 2.183189 0 0.0
-0.003378612 0.04374806 -2.133035 -8.009564 3.925668 2.115292 0.4641665 20.60301 nan 0 0.0
0.006705315 0.003611598 -2.642253 -12.85352 2.115843 1.44695 0.4408808 19.88199 2.082197 0 0.0
-0.02449643 0.0219677 -7.554708 -1.539881 2.908887 1.739666 0.5685261 20.25392 1.857977 0 0.0
-0.02029805 -0.03071064 -3.01518 -6.203751 0.4438562 0.3059342 0.2957395 17.9379 2.357418 0 0.0
0.00963695 -0.01068989 -6.037517 -7.053999 1.190479 0.8127803 0.3519386 19.43344 2.090469 0 0.0
0.01114954 0.04201194 -4.366047 -5.110548 1.467146 1.045754 0.3585141 19.70097 1.428019 0 0.0
0.006370551 0.01182847 -3.747597 -11.6573 0.3134766 0.2455757 0.468448 17.196 2.233398 0 0.0
-0.03052761 0.01070734 -2.727343 -2.06957 1.505204 0.9852587 0.2078287 19.99354 2.044039 0 0.0
0.01566991 -0.005288862 -8.540246 -8.013509 1.514146 1.060611 0.3489715 19.61804 1.911957 0 0.0
0.01067035 -0.009577983 -7.967449 -7.80266 1.353654 0.9214428 0.4292957 19.49443 nan 0 0.0
0.007487407 0.00431346 -8.927664 -9.295194 2.906292 1.729879 0.6305812 20.16694 2.083841 0 0.0
0.03667928 0.01997547 -2.448731 -5.060411 1.560684 1.127222 0.4466999 19.71831 1.377287 0 0.0
0.01695153 -0.02903742 -0.6061244 -6.290995 0.5626514 0.3836042 0.3241191 18.50314 nan 0 0.0
0.007236733 0.01692105 -8.354586 -9.091733 0.6711692 0.4621507 0.1166884 18.64483 1.973286 0 0.0
-0.01432806 0.01960219 -2.514691 -4.878816 2.340572 1.472851 0.5687151 20.03492 1.584942 0 0.0
0.006286197 0.0002794807 -7.116715 -8.573547 1.032009 0.6087338 0.3781654 18.63794 nan 0 0.0
0.04245479 -0.0009155718 1.620321 -4.713998 2.653587 1.66207 0.2250873 20.43469 1.622688 0 0.0
0.0131277 -0.01239536 -10.279 -9.331095 3.109655 1.9768 0.3019262 20.21647 2.078222 0 0.0
0.00645375 -0.0002336043 -7.837282 -8.554384 0.1823081 0.1015828 0.3434051 15.5444 2.384245 1 0.9719819
0.01717669 -0.01560209 -5.896038 -7.319805 2.183398 1.45207 0.5178919 20.02211 nan 0 0.0
0.009664894 -0.01047054 -7.485007 -6.712738 2.592329 1.682602 0.5281642 20.14122 nan 0 0.0
-0.02543858 -0.01702632 -4.941976 -1.253841 0.6228285 0.4435155 0.0329428 18.62017 2.099728 1 0.0
-0.01002169 -0.03952712 -6.484026 -9.410386 1.413639 0.9603928 0.4554028 19.7388 1.192369 0 0.0
0.0441309 0.0001138388 -9.073567 -12.11897 2.966177 1.734623 0.267666 20.37567 1.627285 0 0.0
-0.03467796 -0.032457 -8.520856 -10.19836 1.694599 1.123129 0.2838358 19.81076 1.031975 1 0.8598198
0.02659178 0.003624312 1.819335 -8.011714 1.6645 1.113156 0.5408865 19.55711 1.660469 0 0.0
0.007597507 -0.02345373 -4.982632 -5.019793 2.368251 1.484819 0.5832337 20.06343 nan 0 0.0
-0.02688892 -0.02576036 0.4970491 -3.618374 2.009199 1.466723 0.4139397 19.78381 nan 0 0.0
-0.001812967 -0.03226928 -7.663938 -11.49314 2.745626 1.723921 0.5446863 20.36198 1.832745 0 0.0
-0.01345941 -0.006490244 -8.331186 -9.167164 0.1462911 0.1034299 0.2509003 15.91188 2.423721 1 0.9996341
-0.009886922 0.02415735 -8.683888 -0.4351977 0.2691266 0.196703 0.1708966 17.22427 1.962519 1 0.0
0.02290243 -0.01080789 -0.4769889 -3.971471 1.459645 0.9971365 0.3251084 19.7528 1.088474 0 0.0
-0.0004169963 0.01946756 -13.92415 -10.46229 3.00348 1.726969 0.2813301 20.51064 1.840425 0 0.0
-0.01289987 -0.01629587 0.2688165 -2.596194 0.7028922 0.4554899 0.2770297 18.86546 2.206064 0 0.0
-0.02555835 0.02405794 13.25765 2.363493 1.466825 1.059303 0.4173592 19.10799 2.30097 0 0.0
-0.03421512 0.01255274 -7.827322 -4.103697 2.420421 1.583783 0.49864 20.28599 1.579853 0 0.0
0.02011106 -0.001984037 -8.271981 -9.046351 1.538921 1.094869 0.3508743 19.64151 1.925951 0 0.0
-0.02410327 0.01071441 1.849407 -9.268113 2.218203 1.502878 0.2723625 20.22435 nan 0 0.0
-0.004857385 -0.009755019 -13.45713 -13.56621 1.062017 0.6368208 0.4353738 18.18176 nan 0 0.0
0.01354707 -0.007949375 -5.845214 -6.460109 1.0155 0.7298781 0.3783423 19.17802 2.140518 0 0.0
0.018633 0.01333791 -10.07207 -9.556502 1.326422 0.8994904 0.420999 19.52583 1.590546 0 0.0
-0.0128426 -0.03072304 -3.807361 -4.755911 1.435791 0.9406967 0.4186373 19.74172 1.615013 0 0.0
-0.006953858 0.02592566 -2.668812 -3.003428 2.655499 1.73969 0.3776421 20.35488 1.458845 0 0.0
-0.006588859 -0.01043793 -8.321772 -8.783985 0.1619665 0.1121905 0.178508 16.06849 2.468024 1 0.9994781
-0.001003638 0.02347871 -8.325082 -8.75574 0.3943961 0.261112 0.1284261 18.05644 1.357506 1 0.9977876
0.02704222 0.02069499 -9.236178 -8.642214 1.320488 0.7128551 0.4362655 19.02577 1.807611 0 0.0
0.02028126 0.01490932 -1.092907 2.742718 1.59485 1.024257 0.5916193 19.5227 1.928635 1 0.0
-0.008154931 0.02366729 -9.97281 -3.977216 1.225122 0.8674132 0.3029376 19.62735 nan 0 0.0
0.01575978 0.04501744 -8.091562 -4.372161 1.453705 1.029696 0.4671245 19.72386 1.52025 0 0.0
-0.0103576 -0.02872583 -0.3205935 -1.068048 0.9443628 0.6617328 0.4677499 19.18686 0.01079941 0 0.0
-0.02664464 0.008608203 -9.039362 -9.853754 1.074442 0.809908 0.3566879 19.30532 1.869404 0 0.0
-0.03673002 0.01607302 -7.035602 -9.929086 0.817129 0.5743809 0.1808181 18.95057 1.520164 0 0.0
-0.001785191 -0.02158241 -5.311312 -8.670036 2.519394 1.568976 0.5690771 20.17337 1.490705 0 0.0
0.02991326 -0.006143942 -5.259398 -6.45955 2.835343 1.863874 0.5256169 20.35287 2.066982 0 0.0
0.003800485 0.001399191 -5.112191 -9.172935 2.490499 1.598429 0.5947908 19.91824 nan 0 0.0
0.02636574 -0.009210191 -4.693645 -7.126868 3.034609 2.000168 0.4910819 20.29474 1.840567 0 0.0
0.003828406 0.001090199 -12.11342 -7.993472 1.206663 1.010885 0.2845673 19.11527 nan 0 0.0
0.004498715 0.0008365006 -8.292332 -5.234379 1.624741 1.4046 0.2202134 19.08737 2.172523 0 0.0
-0.004103698 0.001559399 3.594876 -1.501451 3.787416 2.386986 0.1384486 20.0812 nan 0 0.0
-0.002847296 0.02205389 -7.847951 -9.159103 0.2542774 0.1776455 0.1746317 17.08779 2.273606 1 0.9923828
-0.03354942 0.03073566 -4.317841 -2.28324 2.176092 1.400599 0.4996451 20.17458 1.610273 0 0.0
-0.02530418 0.009886395 1.25174 -5.944683 2.484127 1.565736 0.5709658 20.1176 1.946537 0 0.0
-0.01309556 -0.01431606 0.6988788 -9.563591 2.001634 1.306204 0.4138734 19.78411 1.662867 0 0.0
0.008827546 -0.003476236 -7.455611 -8.775114 0.4414778 0.2909219 0.168599 18.18798 1.202469 0 0.0
-0.004576789 -0.04724203 7.213161 -5.906864 2.947597 1.781517 0.5106814 20.41778 1.879332 0 0.0
-0.003098859 0.02849119 -2.813327 -0.5825354 0.8490791 0.61205 0.3081055 19.18331 1.883026 1 0.0
0.008910541 -0.01504431 -13.73535 -13.72222 2.47743 1.620438 0.5626828 20.04936 nan 0 0.0
0.003493333 0.004292647 -8.791465 -8.908158 0.1641668 0.1413251 -0.3901284 15.20038 2.50972 1 0.9995512
-0.03848223 -0.009546997 -8.157224 -10.61047 1.532429 1.131761 0.3348163 19.92977 1.504543 0 0.0
0.008742565 -0.02124509 -1.805112 1.288269 2.28502 1.473641 0.3691237 20.17382 1.620274 0 0.0
-0.007484198 0.01845263 -8.208131 -9.098012 0.1352483 0.09091321 0.07445205 14.47468 2.629778 1 0.9993914
-0.03094771 0.01540504 1.031894 0.1439721 1.346602 0.9664075 0.4160862 19.71636 2.057379 0 0.0
0.04845893 -0.00277352 -4.926375 -5.550396 2.853554 1.854362 0.1270199 20.30406 1.463182 0 0.0
0.01682158 0.04584701 -7.762115 -1.152809 0.39257 0.2844728 0.3781301 17.44653 2.015238 0 0.0
0.03316209 0.02977637 -8.553698 -9.048321 0.09603318 0.06510594 0.224636 14.75208 2.407484 1 0.9991514
0.04623179 0.01746808 3.844665 -2.228196 2.552073 1.635156 0.4577416 20.17504 1.336716 0 0.0
-0.002847678 0.03951376 -7.794483 -6.453184 2.314385 1.571257 0.540386 19.77011 nan 0 0.0
0.001705736 0.001250462 -8.505594 -9.102318 0.149528 0.1313009 -0.4140323 14.44964 2.571074 1 0.9998069
0.02165065 0.01900418 -3.114363 -5.965278 1.300515 0.8882288 0.4609503 19.27007 nan 0 0.0
0.03715577 0.02565351 -10.16893 -6.785995 3.200465 1.918529 0.5963042 20.30589 1.654078 0 0.0
-0.004019652 -0.006701326 -8.621594 -7.752551 0.5617682 0.37551 0.2292369 18.31265 2.207253 0 0.0
0.01826737 -0.004549149 -8.382079 -8.723949 1.80122 1.113908 0.5374317 19.50187 1.944386 0 0.0
-0.01061296 0.02084805 0.2071878 -2.091345 1.063641 0.7811432 0.2485446 19.43655 1.844019 0 0.0
-0.01583243 -0.01373462 -3.093436 -2.161564 0.4763148 0.3796885 -0.08659479 15.58527 5.639471 0 0.0
-0.04756546 0.008957005 -12.51003 -11.78569 2.916509 1.945806 0.4328935 20.5315 1.666855 0 0.0
0.01494575 0.01198608 -7.389814 -10.70668 3.241805 1.932234 0.3089982 20.59623 0.6147785 0 0.0
0.004358472 -0.01685988 -0.7242549 -5.587822 0.3689442 0.2574259 0.2585399 17.853 2.237932 1 0.0
0.01924855 0.02035115 -8.052639 -8.698683 0.4557344 0.3645311 -0.2976933 17.87621 2.170334 0 0.0
0.01687398 0.01897246 -0.2650736 -7.607926 0.4330337 0.3230885 -0.222728 17.71705 2.311785 1 0.0
0.02848619 -0.01857953 -1.479139 1.826506 2.394829 1.464183 0.3873089 20.01673 1.637251 0 0.0
0.02091646 -0.03022437 -4.259489 -6.485331 1.893587 1.237093 0.4637791 19.9892 2.159389 0 0.0
-0.02795279 -0.01296991 -7.105918 -8.90945 2.435605 1.591226 0.3618542 20.2966 0.7310028 0 0.0
-0.01572055 -0.01522234 -5.401412 -8.789316 1.716925 1.134125 0.2001742 19.81706 2.138899 0 0.0
-0.01019134 -0.01241417 -0.3848488 -0.5390475 1.43266 0.9584396 0.2124314 19.56629 1.825829 0 0.0
-0.01496442 -0.03360718 -3.320717 -5.155812 0.1941136 0.1338048 0.2110004 16.77535 2.410878 1 0.0
-0.003711947 -0.02403339 -7.800325 -8.786502 0.2340528 0.1658285 0.288944 16.97788 2.305688 1 0.9867188
0.005502781 -0.03241435 -8.874265 -9.05375 0.4079718 0.2723283 0.2286857 18.20893 2.14411 1 0.9970949
-0.01806617 -0.01659593 2.310589 2.595633 1.380668 0.9288351 0.2216308 19.21261 1.946001 0 0.0
0.03978025 0.02097973 -6.261639 -6.825942 0.4289834 0.2892135 0.2669534 18.2044 2.195023 1 0.0
-0.0216749 0.02101643 -8.381124 -8.825998 0.3427102 0.2321099 0.1772804 17.91159 2.392162 1 0.9977692
0.03707068 0.02112167 -1.834402 3.006888 0.3327007 0.2412853 0.3771775 17.55987 2.15789 1 0.0
0.03478226 0.02930674 -10.97632 -8.99078 1.139981 0.8098373 0.3911291 19.13867 2.132431 0 0.0
-0.01164196 -0.03005154 -6.682796 -4.744554 0.4998023 0.329804 0.2392175 18.4823 2.205311 0 0.0
0.001063723 0.04713746 -7.680092 6.064359 2.12011 1.316116 0.3516149 20.16567 1.532818 0 0.0
-0.02025235 0.03448445 -1.62109 0.06826223 0.2008678 0.1391798 0.05769526 16.88023 2.359741 1 0.0
0.0007003542 0.01893922 -9.763387 -8.815494 1.591657 1.069011 0.4484078 19.79119 1.764502 0 0.0
-0.03522306 0.02135107 -0.1035714 -1.169367 0.3259009 0.2327486 0.2980054 17.79963 2.047907 1 0.0
0.02413646 0.0174092 -0.009361815 -3.846903 2.399185 1.56778 -0.04105874 20.04963 1.475872 0 0.0
-0.007286977 -0.01163959 -8.727965 -9.288611 0.2273379 0.1257671 0.373089 16.29852 2.294663 1 0.999307
0.01150561 -0.03861362 -3.088716 -8.523017 2.163422 1.532817 0.3782562 20.10908 1.623411 0 0.0
0.01759691 -0.005785019 -3.442004 -0.6371761 1.35032 0.9623775 0.3888905 19.52239 2.061922 0 0.0
0.009697215 0.04855044 -2.402653 -1.616867 2.335424 1.381489 0.5141293 20.05632 1.181314 0 0.0
0.004778073 0.002463459 -8.007834 -8.935601 0.2127876 0.1435866 0.1565431 16.80861 nan 0 0.0
-0.02026874 -0.03961986 -3.833385 -1.577001 0.5533568 0.3668438 0.09241593 18.51005 2.210466 1 0.0
0.04094344 -0.01094393 -3.200003 1.058708 2.62335 1.896386 0.2542918 20.0586 1.926746 0 0.0
-0.01225772 -0.01474322 -7.203918 -3.227662 2.384955 1.523858 0.466591 20.29005 1.661798 0 0.0
0.03893202 -0.01312913 -0.2982614 -0.3456116 1.63609 1.115145 0.33494 19.8709 1.678839 0 0.0
