data/gcs/NGC_362.ecsv
# %ECSV 0.9
# ---
# datatype:
# - {name: x, unit: deg, datatype: float64}
# - {name: y, unit: deg, datatype: float64}
# - {name: pmx, unit: mas / yr, datatype: float64}
# - {name: pmy, unit: mas / yr, datatype: float64}
# - {name: pmx_e, unit: mas / yr, datatype: float64}
# - {name: pmy_e, unit: mas / yr, datatype: float64}
# - {name: pm_corr, datatype: float64}
# - {name: g_mag, unit: mag, datatype: float64}
# - {name: bp_rp, unit: mag, datatype: float64}
# - {name: filter, datatype: int64}
# - {name: memberprob, datatype: float64}
# meta: !!omap
# - comments: [deg deg mas/yr mas/yr mas/yr mas/yr dimless mag   mag   zeroone float]
# - __serialized_columns__:
#     bp_rp:
#       __class__: astropy.units.quantity.Quantity
#       unit: &id001 !astropy.units.Unit {unit: mag}
#       value: !astropy.table.SerializedColumn {name: bp_rp}
#     g_mag:
#       __class__: astropy.units.quantity.Quantity
#       unit: *id001
#       value: !astropy.table.SerializedColumn {name: g_mag}
#     pmx:
#       __class__: astropy.units.quantity.Quantity
#       unit: !astropy.units.Unit {unit: mas / yr}
#       value: !astropy.table.SerializedColumn {name: pmx}
#     pmx_e:
#       __class__: astropy.units.quantity.Quantity
#       unit: !astropy.units.Unit {unit: mas / yr}
#       value: !astropy.table.SerializedColumn {name: pmx_e}
#     pmy:
#       __class__: astropy.units.quantity.Quantity
#       unit: !astropy.units.Unit {unit: mas / yr}
#       value: !astropy.table.SerializedColumn {name: pmy}
#     pmy_e:
#       __class__: astropy.units.quantity.Quantity
#       unit: !astropy.units.Unit {unit: mas / yr}
#       value: !astropy.table.SerializedColumn {name: pmy_e}
#     x:
#       __class__: astropy.units.quantity.Quantity
#       unit: &id002 !astropy.units.Unit {unit: deg}
#       value: !astropy.table.SerializedColumn {name: x}
#     y:
#       __class__: astropy.units.quantity.Quantity
#       unit: *id002
#       value: !astropy.table.SerializedColumn {name: y}
# schema: astropy-2.0
x y pmx pmy pmx_e pmy_e pm_corr g_mag bp_rp filter memberprob
[from data line 2165]
0.001649768 -0.01391566 7.014155 -2.327224 0.0511131 0.03117785 -0.180682 13.4841 1.31952 1 0.9974374
0.04418823 0.007908842 2.427554 0.6207473 0.8203984 0.5927711 -0.1554284 18.92614 0.8169575 0 0.0
0.0026239 0.02798487 6.538272 -0.5366442 0.3955145 0.2886902 -0.1635483 16.50113 0.8752728 0 0.0
0.03672888 0.01239483 4.899291 1.355514 1.18669 0.8956851 -0.1172385 19.70828 nan 0 0.0
0.07566803 -0.04365419 3.331321 1.309741 3.847982 2.040053 0.0815917 20.91105 1.196775 0 0.0
0.07069058 -0.0292162 5.738724 0.8847047 2.159666 1.445861 -0.3391626 20.38509 0.7574368 0 0.0
0.1220203 0.001907536 6.841036 -2.513593 0.7714158 0.4929022 -0.02693405 19.68515 0.8183804 1 0.9865671
-0.03614089 -0.07174117 9.601582 -4.22604 1.797496 0.9760437 -0.2232196 20.3041 0.8331089 0 0.0
0.07272322 -0.1106144 1.183943 -1.38744 0.4888068 0.2660372 -0.08843204 18.51475 1.012472 0 0.0
0.01831858 -0.06057015 10.11786 -0.2706517 2.197992 1.529042 0.1097132 20.51897 0.6787949 0 0.0
0.1507188 -0.0515133 1.739216 1.669306 1.743274 1.669206 -0.07465942 20.58659 0.4805183 0 0.0
0.09410643 0.1685494 7.048439 -2.602494 0.6563741 0.5095402 -0.01637306 19.55482 0.7665215 0 0.0
0.04967692 0.02493239 6.545873 -2.343727 0.06362711 0.04227915 0.02426957 15.31903 0.8966064 1 0.9988419
0.0518512 -0.02063605 7.261052 -1.26366 0.9486368 0.6135668 -0.1260649 19.88896 0.66078 0 0.0
0.0029215 0.02763388 9.338384 -2.333209 0.9801213 0.6560924 0.2659771 17.96253 nan 0 0.0
0.03919483 -0.1474229 6.568829 -2.604608 0.2670295 0.1983102 -0.09154378 17.97406 0.845993 1 0.9960778
0.05651249 -0.01134085 6.927438 -2.855616 0.8777141 0.5676962 -0.09626207 19.79109 0.825243 0 0.0
0.01469814 -0.01195264 7.477181 -4.089238 0.6379092 0.5688764 -0.01075894 18.05732 0.7222614 0 0.0
-0.1260833 0.01679797 6.601259 -2.364756 0.9946182 0.6196919 0.1210883 19.88048 0.7572079 0 0.0
0.1388307 0.01945984 13.95145 -0.9648123 4.119946 1.868511 0.08348643 20.8272 1.037939 0 0.0
-0.00614967 -0.06777242 5.992478 -3.167403 1.803944 1.046022 0.08875692 20.33937 0.5158367 0 0.0
-0.08877595 -0.05778484 9.076624 -4.232182 1.916008 1.211899 0.08026773 20.60856 0.889782 0 0.0
-0.04226069 -0.03358334 6.058089 -2.998538 0.5198982 0.3693825 -0.06915202 19.16736 0.7299328 0 0.0
-0.1009516 0.05249465 7.608154 -2.169323 0.4278038 0.3054055 -0.06463308 18.95348 0.7181473 1 0.97848
-0.01470819 -0.1144077 6.61052 -2.644534 0.380632 0.2305808 -0.1424492 18.43212 0.6698475 1 0.996564
-0.005603239 -0.06494939 -2.581579 -2.536988 3.142181 1.463517 -0.04075104 20.4438 0.6421432 0 0.0
0.09090951 -0.1246744 0.3538178 0.5934942 1.536458 0.8623398 -0.1462527 20.17217 1.143831 1 8.428758e-05
0.05607738 -0.01139303 4.123216 -1.930117 1.474459 1.668074 -0.3781563 20.15036 nan 0 0.0
0.01743848 -0.01986654 5.607046 0.1075677 0.4824719 0.2902602 0.05422284 18.2551 0.6335793 0 0.0
0.04450378 0.02573045 7.852819 -3.694666 0.8978784 0.6074664 -0.1953105 19.58685 0.6631241 0 0.0
-0.1126451 0.1172371 0.3549858 -1.568776 0.7074258 0.530788 -0.00506893 19.61298 0.15588 1 0.0
-0.1334531 -0.1274793 4.055761 -1.564595 0.7945126 0.5426309 -0.1746359 19.50395 2.259283 0 0.0
-0.06766962 0.04136662 5.182402 -6.281944 2.404548 1.614456 0.001751308 20.66117 0.7395744 0 0.0
0.01534502 0.03222108 2.29513 -7.264327 1.238566 0.9208968 -0.3140315 19.07279 0.7330379 0 0.0
0.1177977 -0.0429439 6.610584 -2.951862 0.7071953 0.4484942 -0.02042125 19.54161 0.6907043 0 0.0
-0.07870032 0.03295662 7.296668 -3.202255 1.790275 1.817535 -0.04563439 20.73112 0.5907021 0 0.0
0.02303695 -0.007085361 5.917157 -4.165148 0.5326425 0.4818912 -0.1090837 18.66129 0.7540779 0 0.0
-0.06108252 -0.05837453 6.701361 -2.854771 1.321567 0.7741853 0.01331406 20.02348 nan 0 0.0
-0.1749132 -0.06266801 3.868386 -1.021842 0.08530797 0.06776131 -0.15696 16.07174 0.3402061 1 0.0
-0.02589685 -0.01235317 7.69479 -1.079861 0.8347713 1.058201 -0.2346163 19.62309 1.033827 0 0.0
0.003313097 -0.06265242 7.766332 -0.0333715 2.925163 1.728486 0.01271237 20.66268 0.2632504 0 0.0
0.1373928 -0.02679594 0.9575504 -0.5390372 0.4317581 0.3177531 -0.01238645 18.84348 1.07663 1 0.0
-0.03198333 -0.07216891 7.997318 -3.683501 1.742251 1.122421 -0.01494731 20.44292 0.8136272 0 0.0
0.06773825 -0.02645169 5.453834 -2.615405 1.982107 1.681891 -0.182135 20.62982 0.4030609 0 0.0
0.001609054 0.02783239 7.660094 -1.5722 1.174607 0.5394057 -0.3253646 19.15671 nan 0 0.0
0.003433989 -0.05795274 6.312549 -2.578255 0.4692714 0.2567358 -0.1341469 18.59481 0.5901794 0 0.0
-0.005092959 0.05445076 12.83561 -5.876268 1.08385 0.7330417 -0.1949502 19.38981 0.6592369 0 0.0
0.03048241 -0.03068549 6.919965 -2.154748 0.7655327 0.5567699 0.03342325 19.45547 0.6613617 0 0.0
-0.07997724 -0.0278247 6.687974 -2.27661 0.4320439 0.3246699 -0.09517003 18.77316 0.6838551 0 0.0
-0.01403891 -0.03012538 7.896749 -2.352085 0.9288925 0.5466989 -0.1796466 19.61891 0.6671753 0 0.0
0.02299301 -0.1057181 7.965072 -5.410016 2.016569 1.95596 -0.3826211 20.42183 nan 0 0.0
0.05286589 -0.04850899 7.718604 -2.081329 1.809985 1.061355 0.1012276 20.43722 nan 0 0.0
0.08555765 0.01634191 8.035894 -2.625835 0.9168026 0.464781 -0.1606284 19.43797 nan 0 0.0
0.04365792 -0.07468599 8.002212 -3.038838 1.731166 0.9457484 -0.2265328 20.2215 0.9634342 0 0.0
-0.03857289 0.02600984 6.893154 -2.30594 0.5858443 0.3917773 0.1319176 19.03387 0.6161613 0 0.0
-0.01519951 -0.02887501 3.285672 -1.596744 1.107357 0.5991776 -0.08542211 19.54112 0.8205757 0 0.0
-0.02072307 0.01728548 4.829717 -4.968027 1.085396 0.5442511 0.1045439 18.5354 0.8324947 0 0.0
-0.01504328 -0.01279213 7.333877 -5.093551 0.6109988 0.3466025 0.08596073 17.89715 nan 0 0.0
0.03062966 -0.02169828 3.042173 -3.281759 1.757891 1.123978 0.05934912 19.83265 0.7159328 0 0.0
0.04549743 -6.684553e-05 6.18908 -2.098482 0.5063049 0.3709697 -0.1267977 19.1165 0.6088257 0 0.0
0.004294975 0.00836941 6.808335 -1.600543 0.4158037 0.2681052 -0.1209434 16.78428 0.712142 0 0.0
-0.0157776 -0.001951324 7.350244 -2.934815 0.08121762 0.07051759 -0.189951 15.23927 1.032732 0 0.0
0.01865134 -0.009087297 6.461429 -2.912619 0.1824309 0.1827895 0.0002441611 16.66721 0.7853956 0 0.0
0.1114195 -0.0644452 1.254352 -2.152171 0.8772646 0.560448 -0.01054069 19.86768 -0.0558567 0 0.0
-0.00710953 0.007590405 6.055762 -2.441911 0.1364147 0.08728204 0.2154769 15.10881 1.002026 0 0.0
-0.1866023 0.01408736 1.20331 -1.308384 0.4260359 0.3255805 -0.149926 18.93845 0.8825684 1 0.0
-0.0575739 -0.02725888 6.811703 -2.633227 0.2654388 0.1944316 -0.1047101 18.15528 0.7526131 1 0.9990384
0.08587805 0.01846153 7.411665 -2.013952 1.2355 0.7212686 -0.1023263 20.1358 0.7139053 0 0.0
-0.08188417 0.04235092 6.421796 -3.679204 1.500698 1.269827 -0.05589435 20.35893 0.7011223 0 0.0
0.04143834 -0.007489025 6.491031 -2.022719 0.5571423 0.4317243 0.01828036 18.91974 0.6341667 0 0.0
0.05523601 0.02960222 4.839983 -3.28935 1.387114 0.7215337 0.1247795 20.08194 0.4936905 0 0.0
-0.1646484 0.01514314 0.714899 -0.9831777 0.8088749 0.5942901 -0.1062406 19.85261 0.9028549 1 0.0
-0.06998496 -0.156526 -2.317945 -0.2356467 2.520915 1.683856 -0.06700012 20.73572 0.9532013 0 0.0
-0.02909569 0.01810662 6.15649 -1.580392 0.8220269 0.6292184 0.330549 19.16443 nan 0 0.0
0.007604257 -0.06875712 6.175189 -2.176562 1.33233 0.7473083 -0.07609411 20.1093 0.5596924 0 0.0
-0.004829779 -0.003540198 7.999403 -2.737436 0.2135978 0.153695 -0.3019573 14.71446 0.9839163 0 0.0
0.01933144 -0.01658764 6.743959 -3.445332 0.6434071 1.360764 -0.1524092 19.11904 nan 0 0.0
0.1001127 -0.02970888 7.077313 -2.579052 0.6660392 0.4572597 0.02488291 19.4831 0.7951813 1 0.9927853
0.02717727 -0.05121904 13.41473 3.131075 4.837666 3.526467 -0.1098272 20.93145 nan 0 0.0
-0.1038683 0.05125133 6.262317 -2.625418 0.7671778 0.5454791 -0.03526189 19.79519 0.6832256 1 0.979156
-0.02839598 0.002009587 6.804943 -2.282169 0.1273772 0.1141279 0.01503211 16.7766 0.9699078 0 0.0
-0.09189904 0.06220494 3.792335 -3.517441 1.926497 2.507126 0.1387467 20.66748 0.7847786 0 0.0
0.01523164 -0.06033103 2.58057 -2.144687 3.076892 1.649821 -0.09144526 20.77746 0.6100311 0 0.0
-0.03075802 -0.02636767 -6.560445 -0.3334931 2.305465 1.419543 0.1768766 19.61118 nan 0 0.0
0.08915208 -0.1103535 5.805585 -3.133522 0.8559903 0.49396 0.09701359 19.36586 0.8641109 1 0.9458021
-0.0404692 -0.02308154 8.808661 -4.002226 1.028796 0.7543775 -0.4244737 19.43644 0.8681107 0 0.0
0.05962632 0.01914488 -5.927308 1.708072 3.089856 2.716716 -0.6415357 20.58388 1.707825 0 0.0
-0.1472652 0.1164401 0.4511928 -1.043056 0.6312165 0.4799891 -0.02651001 19.56911 1.134321 1 0.0
-0.03051242 -0.03511059 -12.05207 2.484213 1.424172 0.8924811 -0.09886485 19.55713 0.3234501 0 0.0
-0.04999757 0.03801604 6.505142 -2.48087 0.5017184 0.3338705 0.1001373 18.87558 nan 0 0.0
-0.1056673 -0.1158518 9.001471 1.384489 0.2219464 0.1525871 -0.05182733 17.79981 0.8919182 1 0.0
0.04284302 0.1148684 11.59506 -3.122105 2.120311 2.28494 -0.3524749 20.7933 1.11729 0 0.0
-0.08821946 0.05122749 5.48274 -7.073048 2.015651 1.55222 0.2949193 20.60564 0.6082191 0 0.0
-0.009582613 -0.05829808 6.458576 -3.25011 0.4799332 0.3024581 -0.1431255 18.7504 0.5476532 0 0.0
-0.02411092 -0.07112017 8.966538 -2.328002 1.850127 1.217969 -0.03071537 20.52584 0.6299191 0 0.0
-0.1213331 -0.1161171 5.938211 -1.950992 1.234014 0.8083314 -0.09578851 20.10333 0.6955757 1 0.820067
0.01432395 0.02646165 12.58311 -3.543142 1.592862 1.010567 -0.4234762 19.79877 0.8331432 0 0.0
-0.1761576 0.0518808 6.60687 -2.607938 0.2298609 0.1660734 -0.08878193 17.90187 0.9155674 1 0.9944422
0.04323351 -0.02922904 4.672121 -2.904546 1.516156 1.334949 -0.04248865 20.35285 0.6635838 0 0.0
-0.01195209 0.03192586 9.080984 -0.5681037 1.767002 0.5801456 0.3103491 19.38877 nan 0 0.0
-0.08708981 -0.01660877 6.226473 -2.568647 0.7158866 0.5520674 -0.06210159 19.67408 0.5969181 1 0.9855902
-0.02328165 -0.136442 1.048468 -1.228111 0.05512539 0.04149615 -0.1013112 15.12032 1.628637 1 0.0
-0.06513907 -0.1782914 1.057945 -1.630809 0.4629201 0.2938592 -0.07827168 18.81518 0.8065681 0 0.0
-0.02412517 -0.01416673 6.353123 -3.259121 0.8843071 1.040052 -0.4428963 19.53056 nan 0 0.0
-0.01430087 -0.002949659 8.782123 0.4112747 0.5827444 0.9011869 -0.3240393 18.13736 nan 0 0.0
0.06979024 0.03988683 5.936585 -2.32217 1.445974 0.8427913 0.1706901 20.12754 0.6857853 0 0.0
-0.08429374 0.04968805 6.516217 -3.805644 1.498354 1.059964 0.1425184 20.13365 0.6023312 0 0.0
0.1566084 -0.1061565 0.8379386 -2.105752 0.6861059 0.3863853 -0.02643893 19.26175 1.147081 1 0.0
0.02720876 -0.01772602 6.79381 -1.653568 2.048921 0.9341675 -0.5099868 19.41384 nan 0 0.0
-0.03827999 -0.06857898 6.594097 -1.102462 1.781092 1.205508 0.01910479 20.50415 0.8651772 0 0.0
0.06287618 -0.03990929 5.00495 -3.86421 1.663148 1.277151 0.160117 20.52327 1.004894 0 0.0
0.08591771 0.06976186 5.815828 -1.607341 1.763937 0.8137449 -0.2853131 20.21559 0.7379131 0 0.0
0.02613654 -0.05095824 20.71846 -4.099093 2.568269 2.144135 -0.03558927 20.44479 nan 0 0.0
-0.004513296 -0.01416024 -5.964934 -4.412501 1.117425 0.5921851 0.3271228 16.38638 0.9662476 0 0.0
-0.09999547 -0.1050113 7.600722 -2.892408 0.9395197 0.5905742 -0.08575894 19.85516 0.745369 1 0.9792794
0.03013822 -0.04894975 9.589061 -2.534508 2.467419 1.483014 0.0753153 20.52097 0.6988544 0 0.0
-0.0004034005 -0.06288866 3.242912 -2.174844 0.765981 0.445604 -0.09978702 18.61109 0.8309517 0 0.0
-0.03073878 -0.02748917 9.579188 1.445414 0.3989961 0.2968037 -0.01475 18.73725 0.9745274 0 0.0
-0.04386505 -0.02347785 7.46062 -3.00583 0.5126631 0.38392 -0.1286316 18.87594 0.6225986 0 0.0
-0.1263349 0.01982531 -0.1738894 -1.365728 1.385598 1.398296 -0.02094019 20.41805 1.073437 0 0.0
-0.02392169 -0.06568781 6.866384 -2.448005 0.5199084 0.3236638 -0.1486481 18.90676 0.5484314 0 0.0
-0.02529284 -0.02726024 3.630167 -0.6152121 1.611608 1.074973 -0.3155266 20.02062 nan 0 0.0
0.02654117 -0.07389275 6.583995 -3.582178 1.867032 0.9871021 -0.2072777 20.24294 0.5102406 0 0.0
0.05871252 0.05909527 7.986835 -2.830477 1.21203 0.7712839 -0.2507447 19.11896 0.734436 0 0.0
-0.0401946 -0.1128333 6.557195 -3.462296 0.6174193 0.4212048 -0.06274018 19.2744 1.831715 0 0.0
-0.03766054 0.09385987 7.462733 -4.08463 1.439286 1.1502 0.01873442 20.44804 0.4179554 0 0.0
0.01181609 -0.01719974 -1.910596 0.9268434 1.37012 0.8018199 -0.3456229 18.91825 nan 0 0.0
0.0211541 -0.003848405 9.546175 -3.054313 0.61601 0.5125335 -0.1482998 16.22414 0.9245806 0 0.0
-0.02796175 6.470466e-05 6.331128 -2.657599 0.4184107 0.4877223 -0.5266975 18.11483 nan 0 0.0
0.04494959 0.02128913 8.190724 -2.40314 0.7260741 0.4840972 0.009612243 19.42764 0.7590561 0 0.0
0.02140156 0.004902251 6.856871 -2.708946 0.6165798 0.5130286 0.140033 18.7707 nan 0 0.0
-0.01441445 -0.04686454 3.200228 -4.233604 1.34219 0.8427027 -0.2745936 20.01363 0.5461102 0 0.0
0.1919348 0.04033642 3.200156 -2.377114 1.930553 1.303682 -0.05224196 20.45666 1.832851 0 0.0
-0.04931243 0.008324055 6.674348 -2.752953 0.2781418 0.2217454 -0.04068111 18.10712 0.7489052 0 0.0
0.1415267 -0.1141303 -5.037226 1.888032 3.218479 2.937958 -0.2334542 20.79331 1.060497 0 0.0
0.05022372 0.04527105 1.781616 -1.291749 0.7286775 0.4688208 -0.0587333 19.42699 0.8402767 0 0.0
-0.008589497 -0.06007527 10.44019 -2.982393 1.719637 1.070856 -0.05834418 20.32539 0.6361809 0 0.0
-0.04405361 0.064527 6.498691 -2.521845 0.2349236 0.1660949 0.07148266 17.53249 0.3130112 1 0.9986439
0.05247932 -0.1701665 1.109846 -1.117014 0.6806541 0.4129296 -0.08799356 19.30162 1.087879 1 0.0
0.02110387 0.005131451 6.509525 -1.140276 0.930257 0.8718025 -0.05201876 18.75153 0.6344452 0 0.0
0.02063386 -0.01773336 4.684855 -1.888125 1.785954 1.355511 -0.5196249 19.75467 nan 0 0.0
0.05005677 -0.1466388 0.577392 -1.318807 0.1424267 0.09262269 -0.136459 16.70817 1.508068 1 0.0
0.03326505 -0.08362274 6.310486 -4.333703 1.763017 1.604153 -0.2930265 20.30231 0.5530663 0 0.0
-0.141726 0.003028207 4.109232 4.005514 2.615136 2.371839 -0.08601403 20.8002 0.5152664 0 0.0
-0.02877836 -0.02779904 6.657259 -2.986209 0.5616471 0.4253417 -0.04280712 19.11383 0.6790905 0 0.0
-0.05714599 -0.01557699 8.777325 0.9524397 0.8412073 0.7869694 -0.2625507 19.42987 0.6650352 0 0.0
-0.03872266 -0.06303327 6.188295 -3.425883 1.291351 0.8346317 -0.156434 20.05626 nan 0 0.0
0.02070424 -0.002970551 5.9485 -7.030467 1.180233 1.692946 -0.4233677 18.88292 nan 0 0.0
-0.06683125 -0.07782523 6.091732 -3.285099 2.298637 1.426046 0.08734816 20.70419 0.8754749 0 0.0
-0.08935416 -0.05595636 6.872301 -2.64032 0.6374577 0.3743201 -0.08436041 19.22441 0.5022736 0 0.0
0.05247327 -0.04342676 8.09531 -2.966582 2.479703 2.070399 0.4534587 20.69423 0.6338921 0 0.0
0.02969959 -0.112624 5.684491 -2.949105 0.7164218 0.555603 0.02341435 19.25364 0.7228069 1 0.9501654
0.1059382 -0.06710838 5.932179 -2.000746 1.778325 1.267567 0.1469963 20.55984 0.8498554 0 0.0
0.02612239 -0.03015285 11.11009 2.094685 2.14651 1.277405 0.2551355 20.2003 nan 0 0.0
-0.1086312 -0.1085969 1.78327 -2.316143 0.671989 0.4644521 -0.02571904 19.45891 -0.04810143 0 0.0
0.04684781 0.00764336 6.840596 -2.125118 0.8627388 0.6639977 -0.07436183 19.86618 0.803566 0 0.0
0.001712603 -0.03577388 5.927489 -2.050101 1.742466 0.8299932 -0.2783652 19.69996 nan 0 0.0
-0.008107885 -0.1926202 1.177371 -1.085199 0.24347 0.1570338 -0.1292022 17.74961 -0.1659527 1 0.0
0.01195286 0.009617505 10.04144 -11.76658 1.119262 1.193433 -0.5273311 18.65144 nan 0 0.0
-0.07258568 0.1104263 11.03828 -4.261748 1.549118 0.9477802 -0.4250175 20.20988 0.7352123 1 0.9608693
-0.1327244 0.01661749 6.353065 -1.875281 0.7241155 0.5297313 -0.07066607 19.6951 0.6782932 1 0.9514425
0.03971726 0.008520988 6.611898 -3.670596 0.7779789 0.7450131 -0.2394375 19.65886 nan 0 0.0
-0.07356693 -0.08692812 6.999334 -2.162466 0.8737302 0.5522712 -0.1999337 19.56573 0.6735325 1 0.9801716
-0.0976879 0.03049984 1.829593 1.589564 0.7264259 0.5182274 -0.1361647 19.09801 1.663568 0 0.0
-0.04169169 -0.06250523 10.80656 -2.021889 1.398978 0.8316145 -0.08566079 20.24241 0.5980225 0 0.0
