data/gcs/NGC_6333_M_9.ecsv
# %ECSV 0.9
# ---
# datatype:
# - {name: x, unit: deg, datatype: float64}
# - {name: y, unit: deg, datatype: float64}
# - {name: pmx, unit: mas / yr, datatype: float64}
# - {name: pmy, unit: mas / yr, datatype: float64}
# - {name: pmx_e, unit: mas / yr, datatype: float64}
# - {name: pmy_e, unit: mas / yr, datatype: float64}
# - {name: pm_corr, datatype: float64}
# - {name: g_mag, unit: mag, datatype: float64}
# - {name: bp_rp, unit: mag, datatype: float64}
# - {name: filter, datatype: int64}
# - {name: memberprob, datatype: float64}
# meta: !!omap
# - comments: [deg deg mas/yr mas/yr mas/yr mas/yr dimless mag   mag   zeroone float]
# - __serialized_columns__:
#     bp_rp:
#       __class__: astropy.units.quantity.Quantity
#       unit: &id001 !astropy.units.Unit {unit: mag}
#       value: !astropy.table.SerializedColumn {name: bp_rp}
#     g_mag:
#       __class__: astropy.units.quantity.Quantity
#       unit: *id001
#       value: !astropy.table.SerializedColumn {name: g_mag}
#     pmx:
#       __class__: astropy.units.quantity.Quantity
#       unit: !astropy.units.Unit {unit: mas / yr}
#       value: !astropy.table.SerializedColumn {name: pmx}
#     pmx_e:
#       __class__: astropy.units.quantity.Quantity
#       unit: !astropy.units.Unit {unit: mas / yr}
#       value: !astropy.table.SerializedColumn {name: pmx_e}
#     pmy:
#       __class__: astropy.units.quantity.Quantity
#       unit: !astropy.units.Unit {unit: mas / yr}
#       value: !astropy.table.SerializedColumn {name: pmy}
#     pmy_e:
#       __class__: astropy.units.quantity.Quantity
#       unit: !astropy.units.Unit {unit: mas / yr}
#       value: !astropy.table.SerializedColumn {name: pmy_e}
#     x:
#       __class__: astropy.units.quantity.Quantity
#       unit: &id002 !astropy.units.Unit {unit: deg}
#       value: !astropy.table.SerializedColumn {name: x}
#     y:
#       __class__: astropy.units.quantity.Quantity
#       unit: *id002
#       value: !astropy.table.SerializedColumn {name: y}
# schema: astropy-2.0
x y pmx pmy pmx_e pmy_e pm_corr g_mag bp_rp filter memberprob
[from data line 2180]
0.04548687 -0.08670012 -3.678234 -5.980013 1.640601 1.304963 0.6973346 20.17449 0.9217243 0 0.0
-0.02803562 -0.09005902 1.91488 -3.447319 1.023931 0.7007398 0.2970049 19.65718 1.150192 0 0.0
-0.07520389 -0.1006762 -0.07874107 -6.149021 1.280601 0.8701962 0.3507388 20.02912 1.715549 0 0.0
0.01338388 -0.06282415 1.362322 -4.456956 0.6027943 0.4408546 0.4960432 18.92115 1.164377 0 0.0
-0.012246 -0.05951482 1.041481 -2.997161 0.9555648 0.6406496 0.4530508 19.57366 1.265652 0 0.0
0.0024487 -0.1071427 -0.02629964 -4.689945 0.9209552 0.5893914 0.6351525 19.17055 1.264303 0 0.0
0.04644158 -0.085823 -3.350672 -2.346887 0.3164064 0.2298528 0.4440289 18.09534 1.512913 1 0.0
-0.03943023 -0.09413346 -2.775837 -2.15229 2.374297 1.906559 0.3474253 20.3069 1.549303 0 0.0
0.02081427 -0.09509148 -1.955209 -9.672936 1.854451 1.420063 0.704154 20.13542 0.882494 0 0.0
-0.002264955 -0.1279729 -6.569376 -2.785302 1.179825 0.8100889 0.3793098 19.97239 1.071804 1 0.001434323
0.05555489 -0.07838134 1.194064 1.175226 0.6325114 0.498985 0.675095 18.8826 1.166134 0 0.0
-0.01140579 -0.07891248 -1.814246 -4.241393 2.506988 1.82381 0.7957272 20.4066 nan 0 0.0
-0.02717127 -0.06914864 3.30515 -4.509335 0.6749722 0.4765825 0.3407381 18.95343 1.343103 0 0.0
0.06012645 -0.07425539 -1.919133 -6.775815 0.8936316 0.6316955 0.4737069 19.72434 1.172672 0 0.0
-0.03295187 -0.09321274 -1.841107 -1.741628 1.0327 0.7106554 0.330038 19.65087 1.356071 0 0.0
0.01584267 -0.06320392 1.096068 -3.40118 2.766712 2.18706 0.5656562 20.57865 nan 0 0.0
0.06189179 -0.07182988 -1.940984 -3.726349 0.661867 0.51882 0.682263 18.93642 1.265171 1 0.5680201
0.03571307 -0.07584119 -1.643237 -3.631421 0.7790381 0.6059243 0.7250916 19.02961 0.9240875 0 0.0
-0.02421292 -0.1244441 0.3475308 -4.7489 1.019328 0.6749738 0.4428439 19.61154 1.170193 0 0.0
0.02873673 -0.1077097 -1.377906 -3.421569 1.098903 0.7520197 0.451591 19.90991 1.430943 0 0.0
0.00331704 -0.06892908 -2.561248 -3.374318 1.106788 0.8380076 0.7127916 19.54078 nan 0 0.0
0.04239148 -0.08909114 -0.1583626 -5.172392 1.241006 0.881465 0.5114404 20.03262 0.8858185 0 0.0
-0.02491235 -0.08739779 -4.200564 -6.803599 0.9804871 0.6394462 0.2248796 19.52688 nan 0 0.0
0.02309934 -0.09332557 -5.9864 -1.366955 0.9083435 0.6270496 0.4561791 19.64437 1.047894 0 0.0
0.02619151 -0.1095289 6.059447 -7.80114 1.923223 1.45525 0.7026128 20.25311 0.986557 0 0.0
-0.05429074 -0.1110996 1.112429 -4.030383 0.1346897 0.09962653 0.2102272 16.33376 1.877353 1 0.0
-0.02075012 -0.06521479 -12.96744 -4.683608 4.007552 3.212246 0.4507856 20.88312 nan 0 0.0
0.00916012 -0.06962929 8.986584 3.416918 1.209086 0.8358398 0.4510683 19.76797 1.741489 0 0.0
0.02437545 -0.06861226 -2.008363 -2.663341 1.08524 0.9156712 0.5098914 18.74055 1.308487 0 0.0
-0.006487322 -0.112554 -1.010035 -1.685663 0.9930385 0.7427278 0.5595172 19.28146 nan 0 0.0
-0.02451034 -0.06714171 2.100106 -1.375549 2.170356 1.589842 0.7452437 20.13496 nan 0 0.0
-0.01053994 -0.04835863 1.024678 -3.086947 2.75026 2.218022 0.2523067 20.44979 0.8410759 0 0.0
0.04146613 -0.08835277 -6.116403 -4.348576 0.9850775 0.6977765 0.4839449 19.8404 0.9802494 0 0.0
-0.01146335 -0.0831754 -6.865458 -5.189899 0.9324015 0.6441409 0.4901899 19.64455 1.054918 0 0.0
-0.007240683 -0.07801008 -7.230902 -5.696002 3.662929 2.681031 0.8149134 20.63795 0.8420544 0 0.0
-0.005042523 -0.07383672 -5.027137 -8.332883 0.7582775 0.5668324 0.6991154 18.94373 1.397926 0 0.0
0.05769653 -0.07482104 -0.1826919 3.024055 0.8300332 0.6032937 0.5061617 19.35419 nan 0 0.0
-0.02031631 -0.06434499 -1.656555 -3.212281 0.8179408 0.5622066 0.4875936 19.47559 1.075323 0 0.0
-0.01259403 -0.0473822 -0.9779513 -1.458725 2.475172 2.025307 0.376981 20.48546 0.9548149 0 0.0
0.01607396 -0.06452764 1.521926 -3.535365 0.1179334 0.08298047 0.2037875 16.25207 1.194919 1 0.0
0.06348362 -0.06937952 3.647085 1.502301 2.706116 2.084422 0.6856826 20.64755 nan 0 0.0
-0.02951408 -0.07040025 -3.475089 -6.853684 1.476793 1.16758 0.6105225 19.94422 nan 0 0.0
0.002796367 -0.06885087 -0.03195253 -5.03837 0.7507498 0.5644161 0.742116 18.61133 1.315472 0 0.0
-0.000674863 -0.05132614 -3.651692 -5.357363 1.13835 0.7999592 0.4207582 19.62809 nan 0 0.0
0.01807033 -0.06074176 6.421712 -6.385068 2.515517 2.013694 0.5498252 20.57074 nan 0 0.0
0.03270282 -0.08645497 3.655699 -4.560861 2.312602 1.775185 0.7040036 20.48576 1.058092 0 0.0
-0.02635346 -0.120006 -2.759196 -1.996879 2.471469 1.875367 0.525734 20.47812 1.384491 0 0.0
-0.01394705 -0.1289595 -4.185545 -3.135406 1.770427 1.395521 0.5073466 19.66384 1.135269 0 0.0
-0.04686009 -0.1054173 2.111427 -4.08744 0.3640426 0.260921 0.3057741 18.06908 1.474297 0 0.0
0.01437141 -0.0152645 -7.782422 -6.200487 1.212697 0.9201484 0.8551663 18.31392 nan 0 0.0
-0.01091261 -0.1016862 1.532087 -0.3396141 1.15343 0.7874274 0.3432448 19.94002 1.001745 0 0.0
0.04273899 -0.08736126 -0.3886524 -3.058607 3.439173 2.608136 0.6568437 20.81116 nan 0 0.0
-0.05099481 -0.1082623 -2.341896 -0.4195709 0.2301188 0.1675158 0.2530214 17.2855 1.854746 1 0.0
0.03362472 -0.1049106 -6.989023 -6.493484 1.297126 0.8985548 0.5326446 20.07587 1.137793 0 0.0
0.05590322 -0.07462398 0.1796117 4.519422 0.7770709 0.6203597 0.643336 18.87416 1.099611 0 0.0
0.001986424 -0.06933723 -2.649481 -4.074458 0.8735726 0.577559 0.464758 19.35222 1.306786 0 0.0
-0.009469059 -0.05699885 0.9143237 -2.242155 1.666913 1.289182 0.7118809 20.1362 0.2884598 0 0.0
-0.01759496 -0.08572986 -2.063002 -3.239649 0.09680524 0.06588475 0.126273 15.39813 1.664587 1 0.9803846
0.02775643 -0.08950776 -1.510586 -3.655136 0.8861811 0.6100349 0.4249083 19.50089 1.026434 0 0.0
0.0004243962 -0.07329496 -1.970732 -6.558729 1.113349 0.7337618 0.3468987 19.08518 1.340872 0 0.0
-0.01123362 -0.05809377 -4.438806 -2.01915 1.015108 0.6617101 0.3849428 19.69733 1.195986 0 0.0
-0.07170932 -0.0891467 -8.887625 -0.5390549 4.337151 3.506282 0.3890099 20.9037 1.770266 0 0.0
0.05480341 -0.07666067 -3.191679 -9.553235 0.6879426 0.4886806 0.5053279 19.26805 0.997982 0 0.0
-0.0220264 -0.0381287 3.357125 -4.243602 2.955572 1.463007 -0.6856196 19.91832 0.7335625 0 0.0
0.05416677 -0.07755883 -0.2937327 -2.919648 0.5959687 0.479068 0.6601177 18.77689 1.173578 1 0.02292733
-0.07659663 -0.09061366 -4.064427 -5.224798 4.027131 3.01338 0.7095026 20.73993 1.441248 0 0.0
-0.05287551 -0.1053008 4.84036 -4.156937 1.948965 1.506092 -0.005073106 20.25625 nan 0 0.0
0.04100348 -0.08784531 -5.17063 -8.012011 0.9275931 0.660058 0.4998527 19.73948 nan 0 0.0
0.02833603 -0.0826395 -8.530464 -10.47289 0.6242612 0.4689811 0.673964 18.68237 1.043518 0 0.0
0.04424796 -0.06827864 -3.198799 -7.713038 0.8056589 0.6251684 0.7493919 19.05373 1.019329 0 0.0
-0.003104539 -0.07252442 -6.758055 -1.27925 1.706566 1.114712 0.6644761 20.0409 1.144396 0 0.0
0.01303663 -0.0644263 -2.456851 -3.954373 1.759661 1.743363 0.4521044 20.03713 nan 0 0.0
0.0005691127 -0.04675994 -1.774995 -2.791239 0.8258232 0.5928379 0.3811122 19.44316 1.105101 0 0.0
0.03065018 -0.0813429 -2.354694 -4.100216 0.9757213 0.6776962 0.4531982 19.49999 1.043392 0 0.0
0.01630039 -0.1165887 -0.8652653 -3.12228 0.9744557 0.6657698 0.4510911 19.73295 1.299789 0 0.0
-0.06163615 -0.1112451 -1.691099 -4.292002 0.1165874 0.08211187 0.08373992 15.90231 2.280517 1 0.0
-0.01429983 -0.06008527 -6.638618 -3.71994 2.621359 2.08546 0.6166855 20.26977 nan 0 0.0
0.05266257 -0.07790359 -2.579173 -4.559256 0.9474715 0.6811316 0.4764367 19.60117 0.884716 0 0.0
-0.05278884 -0.105007 -0.7876492 -2.718192 0.6983947 0.5565048 0.5844164 18.95416 1.597759 0 0.0
-0.008513358 -0.07833248 -2.064553 -3.221522 0.2174015 0.1432394 0.3561633 17.33547 1.534012 1 0.9728693
-0.02046299 -0.04736007 -2.314069 -3.414481 0.1351816 0.08328733 0.4029161 15.93666 1.534823 1 0.9837834
0.0420815 -0.0560005 -4.729524 -4.320767 1.391815 0.9699249 0.6301031 19.79089 1.233633 0 0.0
-0.02615907 -0.06771034 -4.872775 -4.75563 1.172787 0.9245789 0.8284298 18.87609 1.095432 0 0.0
-0.0054764 -0.07401031 -2.774644 -6.841992 1.69511 0.9477462 -0.5872407 19.29409 nan 0 0.0
-0.00460864 -0.07385769 -2.263651 -2.325171 1.463304 1.092198 0.6827465 19.71519 nan 0 0.0
-0.05328032 -0.1055222 -3.958191 -1.42644 0.5177629 0.4386465 0.4133681 18.27425 1.65233 0 0.0
-0.001224391 -0.06934104 -3.720886 -5.148361 3.685478 2.681973 0.7898137 20.63086 nan 0 0.0
0.03296815 -0.06053226 -1.509995 -2.761486 1.420232 1.008399 0.5615092 19.87822 1.251884 0 0.0
0.002796346 -0.07015931 -0.1713554 -0.6218947 1.770169 1.38261 0.5780069 20.28082 1.364737 0 0.0
0.0310503 -0.1077731 -8.023516 -0.8690982 2.272673 1.764993 0.6841014 20.43985 nan 0 0.0
0.06167438 -0.113017 3.267244 -3.830198 0.6983226 0.5519025 0.7026327 18.98503 1.228468 1 0.0
0.06675402 -0.06494999 -1.933273 -5.122945 1.245812 0.9025174 0.4625997 20.15995 1.050495 0 0.0
0.007454449 -0.04731896 -5.241053 -3.524802 0.09214714 0.06453386 0.1937585 15.45151 1.698205 1 0.0
0.00768693 -0.02419237 -2.243707 -2.802549 0.1930605 0.1336167 0.32452 17.29861 1.35442 0 0.0
0.01286082 -0.09412558 1.882711 -3.806059 0.07643038 0.0511515 0.2670711 14.15408 2.154799 1 0.0
0.05234461 -0.07720159 -4.672286 -3.101724 1.122753 0.8258875 0.5035472 19.93138 0.9013176 0 0.0
0.00473501 -0.04802267 -1.308135 -2.49784 0.2793504 0.198075 0.287277 17.94747 1.350122 0 0.0
0.05627933 -0.0743876 -2.030155 -3.533085 1.22738 0.9031427 0.232968 20.19205 nan 0 0.0
0.01309231 -0.09268746 -0.3859292 -3.775851 2.923881 2.118937 0.787026 20.36765 1.143129 0 0.0
0.06388929 -0.06749139 -1.932861 -7.654714 0.646004 0.5078236 0.5792011 19.01967 1.366074 1 0.0
-0.01293835 -0.08483872 -2.399665 -0.8834207 3.068245 2.178031 0.792508 20.56021 1.119783 0 0.0
0.02480673 -0.08656617 -4.167374 -3.491899 1.047243 0.7991255 0.6274133 18.86591 0.8856602 0 0.0
-0.04865972 -0.0823656 -1.916085 -5.195535 0.6106588 0.4393977 0.4007013 18.94085 1.511307 0 0.0
-0.01767886 -0.1133311 -1.233559 -4.123997 0.7653404 0.5371862 0.3225404 19.17256 1.265728 0 0.0
-0.0241308 -0.09180556 -1.368154 -8.060803 1.758721 1.290735 0.6333895 19.99013 1.117373 0 0.0
-0.03861307 -0.1264723 -6.361806 -7.806921 1.299396 0.8961609 0.3153614 19.92388 1.001947 0 0.0
-0.06147009 -0.0906209 -0.1358592 -7.660913 1.46749 1.151564 0.5869619 19.94908 1.127659 0 0.0
0.02908808 -0.0824794 0.545134 -2.10549 1.370278 0.9390342 0.4925848 20.03422 nan 0 0.0
0.01809329 -0.1169474 -1.600075 -2.589064 2.461111 1.781736 0.7530306 20.49892 0.6696339 0 0.0
0.03125979 -0.06934389 3.182004 -0.8775878 0.2620138 0.1849157 0.354373 17.85759 1.484089 0 0.0
-0.02476712 -0.09166069 0.7613754 -2.253457 0.3411281 0.2143397 0.1686203 17.91582 1.689823 1 0.0
-0.06979748 -0.09629655 -0.3329437 -3.4367 0.7454067 0.5119562 0.3315084 19.32273 1.227648 0 0.0
-0.02263312 -0.04445164 -3.487874 -0.9495452 2.52541 1.917849 0.4406916 20.15864 1.065243 0 0.0
0.004909175 -0.02766937 1.088094 3.035737 2.620587 1.973768 0.2454351 20.04513 nan 0 0.0
0.01569551 -0.09057815 2.518016 -5.045467 1.336759 0.9669508 0.838851 18.98433 1.494097 0 0.0
0.02425736 -0.08532441 -3.096923 -3.862211 0.1249441 0.08464693 0.3519 16.12936 1.531671 1 0.0
0.01459677 -0.0868778 -1.579727 -3.895131 0.8094823 0.6113985 0.8672382 18.35679 1.381769 0 0.0
0.0368638 -0.1048293 -1.530318 -4.355281 1.800374 1.363068 0.6944268 20.09992 nan 0 0.0
0.03782374 -0.07974979 -2.711848 -5.788277 0.2638314 0.187019 0.3636568 17.74812 1.412495 0 0.0
-0.03292212 -0.09751953 -6.688838 -7.014061 2.259631 1.63171 0.7365598 20.31323 1.10671 0 0.0
0.01492092 -0.01836209 -2.35741 -5.479284 0.80533 0.6538149 0.5959612 18.24135 nan 0 0.0
0.03039155 -0.07191102 -2.131705 -1.621614 1.01175 0.7241523 0.4990299 19.85511 0.9172802 0 0.0
-0.05580469 -0.08014763 -2.232774 -4.563775 0.9010417 0.6137278 0.3495034 19.57229 1.094294 0 0.0
0.06585098 -0.08124983 -4.615232 -4.63831 0.9845644 0.6938888 0.4746669 19.87653 1.046627 0 0.0
0.01031721 -0.06890265 -1.227816 -1.214871 1.559568 1.055128 0.3259567 20.00261 1.087526 0 0.0
-0.03251267 -0.121304 -5.480368 -4.310653 0.8545711 0.5942404 0.3261931 19.3946 1.429838 0 0.0
-0.02251701 -0.04743472 7.771752 -3.654004 2.994847 2.404998 0.06251289 20.55077 nan 0 0.0
-0.02224671 -0.1234195 -2.262368 1.895676 0.3335964 0.2219561 0.20779 17.94713 1.445997 1 0.0
-0.00709639 -0.07007932 -1.322599 -2.821741 0.7025939 0.4815057 0.4306432 19.27185 -0.2834873 0 0.0
0.004907887 -0.07240621 -7.310367 -5.68574 0.6421202 0.5052123 0.6021341 18.80335 1.163019 0 0.0
-0.0005301598 -0.06954893 -1.926899 -3.298684 0.7962421 0.5235707 0.5360014 19.23785 1.359863 0 0.0
-0.02668338 -0.04453806 -5.705515 -7.567617 2.830157 2.26158 0.1467719 20.40728 nan 0 0.0
0.0562829 -0.06359392 -3.095815 -4.38801 2.401994 1.884838 0.6574779 20.40271 0.983799 0 0.0
0.009537496 -0.04574359 -2.727459 -6.657887 0.5359498 0.4126004 0.6764046 18.54906 1.440638 0 0.0
-0.02474464 -0.04729198 -1.01902 -2.273077 1.361711 0.9802707 0.003215673 19.93883 0.814846 0 0.0
0.008464656 -0.0944629 -1.905945 -3.312168 1.388191 0.9521371 0.6542276 19.93074 nan 0 0.0
-0.006257385 -0.07407327 1.026464 1.193279 2.6979 2.010278 0.7453405 20.45896 0.9039688 0 0.0
-0.01684539 -0.06105444 -1.778795 -2.924922 1.047656 0.7378339 0.4319349 19.82032 0.8732681 0 0.0
-0.05004791 -0.08292294 -0.7680392 -4.483434 1.273906 0.9451322 0.7884181 19.0153 nan 0 0.0
0.05092348 -0.08993652 3.163322 0.3517831 3.56772 2.673478 0.6362578 20.85141 2.118164 0 0.0
-0.002930507 -0.1002878 -2.041239 -3.134951 0.8085659 0.6315534 0.6420119 19.13033 1.022331 0 0.0
0.04097802 -0.0734639 -4.610254 -4.18411 1.286421 0.8834345 0.4659843 20.09552 0.1285019 0 0.0
0.01266224 -0.0420073 1.6323 -0.7548646 2.100272 1.503585 0.7446556 20.1725 0.9758739 0 0.0
0.008060141 -0.08616974 -1.183491 -2.239436 3.741027 3.035085 0.3879825 20.8397 1.668821 0 0.0
-0.009903029 -0.05622068 -1.68718 -1.866956 0.694151 0.5450679 0.6577982 18.95476 1.286465 0 0.0
0.05925475 -0.08559999 -2.627116 -3.977902 1.01293 0.7136779 0.4539708 19.90205 0.922678 0 0.0
-0.01701712 -0.07944891 -3.319201 -2.620421 0.5387364 0.3939642 0.654481 18.45986 1.409918 1 0.01314939
-0.04489365 -0.1049056 2.265991 -4.051 1.846292 1.382986 0.6564182 20.1543 1.323078 0 0.0
0.003432662 -0.07302797 -1.195985 -4.50687 0.9236913 0.6914329 0.6712618 19.31847 nan 0 0.0
-0.00952696 -0.05620158 -0.9427496 -5.752176 0.6648663 0.4845815 0.4718862 18.97013 1.268057 0 0.0
-0.07445735 -0.08833534 2.514877 -1.999874 3.810029 2.928178 0.5341407 20.66506 1.198112 0 0.0
-0.00269911 -0.1021035 -2.719346 -4.621629 1.15825 0.9535404 0.8231184 18.52888 1.289423 0 0.0
-0.0145296 -0.07951544 -1.462256 -5.579395 0.6039068 0.4433346 0.6768984 18.60413 1.552479 1 0.0
0.001812816 -0.07407126 -1.273238 -7.635204 0.7188161 0.5544243 0.6420989 19.06216 1.206059 0 0.0
0.04612068 -0.09593757 -3.47773 -5.916506 0.7846026 0.572634 0.4588517 19.4809 0.9701328 1 0.0003171952
-0.003190761 -0.1021531 -11.27353 -9.321911 2.33923 1.827585 0.8402158 19.75326 nan 0 0.0
-0.06560508 -0.09308673 -3.17918 -0.5154763 1.429496 0.907367 0.2686974 20.12092 1.346651 0 0.0
0.003086058 -0.04523028 -1.201142 -2.806271 0.5694705 0.425377 0.4392888 18.98643 1.120874 0 0.0
-0.002612385 -0.09966786 -2.199603 -5.619024 0.954886 0.7525029 0.5396826 19.09745 1.218155 0 0.0
0.06426033 -0.08077048 -1.711893 -8.59162 0.3390917 0.2392119 0.3620367 18.05081 1.327736 0 0.0
-0.02127098 -0.06381105 -1.220888 2.640783 0.5552492 0.4335014 0.5731186 18.50741 1.283283 0 0.0
-0.0009063006 -0.0507444 -0.4878864 -1.152151 2.755372 2.038606 0.7402104 20.52414 nan 0 0.0
-0.01777126 -0.0592292 0.653457 -5.634233 2.367655 1.959351 0.4017943 20.41627 0.9563885 0 0.0
0.06246631 -0.08272294 -0.6300047 1.689657 3.512914 2.642648 0.3095081 20.70463 0.8375645 0 0.0
-0.02193299 -0.08948593 -1.489685 0.3606084 2.132261 1.580729 0.7176383 20.27389 1.421148 0 0.0
0.01347039 -0.06624594 -2.531243 -3.469944 1.252687 0.8510676 0.4886074 20.05806 0.9514217 0 0.0
-0.010829 -0.05207797 0.05865088 -1.711397 1.122458 0.7836798 0.4750836 19.94251 1.119127 0 0.0
