data/gcs/NGC_6325.ecsv
# %ECSV 0.9
# ---
# datatype:
# - {name: x, unit: deg, datatype: float64}
# - {name: y, unit: deg, datatype: float64}
# - {name: pmx, unit: mas / yr, datatype: float64}
# - {name: pmy, unit: mas / yr, datatype: float64}
# - {name: pmx_e, unit: mas / yr, datatype: float64}
# - {name: pmy_e, unit: mas / yr, datatype: float64}
# - {name: pm_corr, datatype: float64}
# - {name: g_mag, unit: mag, datatype: float64}
# - {name: bp_rp, unit: mag, datatype: float64}
# - {name: filter, datatype: int64}
# - {name: memberprob, datatype: float64}
# meta: !!omap
# - comments: [deg deg mas/yr mas/yr mas/yr mas/yr dimless mag   mag   zeroone float]
# - __serialized_columns__:
#     bp_rp:
#       __class__: astropy.units.quantity.Quantity
#       unit: &id001 !astropy.units.Unit {unit: mag}
#       value: !astropy.table.SerializedColumn {name: bp_rp}
#     g_mag:
#       __class__: astropy.units.quantity.Quantity
#       unit: *id001
#       value: !astropy.table.SerializedColumn {name: g_mag}
#     pmx:
#       __class__: astropy.units.quantity.Quantity
#       unit: !astropy.units.Unit {unit: mas / yr}
#       value: !astropy.table.SerializedColumn {name: pmx}
#     pmx_e:
#       __class__: astropy.units.quantity.Quantity
#       unit: !astropy.units.Unit {unit: mas / yr}
#       value: !astropy.table.SerializedColumn {name: pmx_e}
#     pmy:
#       __class__: astropy.units.quantity.Quantity
#       unit: !astropy.units.Unit {unit: mas / yr}
#       value: !astropy.table.SerializedColumn {name: pmy}
#     pmy_e:
#       __class__: astropy.units.quantity.Quantity
#       unit: !astropy.units.Unit {unit: mas / yr}
#       value: !astropy.table.SerializedColumn {name: pmy_e}
#     x:
#       __class__: astropy.units.quantity.Quantity
#       unit: &id002 !astropy.units.Unit {unit: deg}
#       value: !astropy.table.SerializedColumn {name: x}
#     y:
#       __class__: astropy.units.quantity.Quantity
#       unit: *id002
#       value: !astropy.table.SerializedColumn {name: y}
# schema: astropy-2.0
x y pmx pmy pmx_e pmy_e pm_corr g_mag bp_rp filter memberprob
[from data line 335]
-0.002455698 -0.00533944 -9.656487 -10.59769 1.194463 0.8530172 0.30927 18.49388 2.424831 0 0.0
-0.02588804 -0.00372456 6.641417 -5.405463 2.55725 1.623169 0.1803836 20.46404 nan 0 0.0
-0.01005071 -0.02528495 -3.691497 -4.217625 1.028679 0.7918883 0.3851611 19.35774 1.929646 0 0.0
0.03647949 0.004829268 -3.310452 -0.4035599 0.2948165 0.2113264 0.2539456 17.43655 1.928102 1 0.0
-0.0192402 -0.008905674 -5.803129 -4.328517 0.6990682 0.446985 0.2656694 18.85724 1.96957 0 0.0
0.01270946 -0.005542216 2.016724 -0.1788287 2.006963 1.391982 0.0659704 19.56906 nan 0 0.0
0.02371602 0.009484243 -3.548902 -1.861839 1.125366 0.7774022 0.3130502 19.33277 1.87764 0 0.0
-0.04234397 0.01420211 -9.158415 -2.078525 2.854046 1.835201 0.4715374 20.46139 1.753181 0 0.0
-0.0016459 0.004801946 -8.15438 -8.692449 0.7165441 0.4994533 0.2090659 18.47113 2.015802 0 0.0
-0.01821044 0.01651752 2.844489 -0.9156457 2.632523 1.698531 0.2102768 20.5634 nan 0 0.0
0.03966746 0.01752937 -6.122086 -2.164134 1.494749 1.041602 0.4520716 19.84572 1.405722 0 0.0
0.003158012 -0.002053093 -7.67317 -4.358069 1.09135 0.6250237 0.3364861 18.60392 nan 0 0.0
0.00402505 0.03780284 -2.904468 -1.660921 2.037088 1.152078 -0.186712 19.70555 1.727182 0 0.0
0.03120188 0.01019983 -2.870699 -4.436393 1.571292 1.06381 0.1524612 19.71755 1.35076 0 0.0
-0.0198508 -0.03386724 -5.970445 -6.161363 1.339775 0.8985094 0.4482022 19.67636 1.435936 0 0.0
0.01181566 -0.006512972 -7.946425 -9.730855 0.9596221 0.6639691 0.3286044 19.13153 2.195169 0 0.0
0.004163441 -0.002774099 -4.340733 -12.69731 1.873491 1.148352 0.4364752 18.77655 nan 0 0.0
0.02083418 -0.02094701 -4.323964 -1.541681 1.056043 0.7394752 0.360006 19.25244 2.63938 1 0.0
0.02843414 -0.001188318 -10.72643 -9.712687 2.45364 1.629219 0.1927204 20.26285 1.320444 0 0.0
-0.02971305 -0.009170858 -8.565794 -7.129853 3.100065 1.905997 0.3144731 20.6808 nan 0 0.0
0.004218884 -0.01556097 -11.43888 -9.048559 2.30967 1.460037 0.3016204 20.2859 2.21043 0 0.0
-0.02818686 0.03625299 -8.340157 -8.412818 0.6450547 0.4343568 0.1031407 18.67869 1.080648 0 0.0
0.02773875 0.01216518 -3.97969 -4.677501 0.5062267 0.339033 0.1652358 18.38163 2.067875 1 0.0
0.02309865 -0.006705221 -2.935901 2.078542 1.989497 1.358885 0.3308304 19.82195 1.242228 0 0.0
0.02293087 -0.007889655 -3.580077 -4.067165 0.6001926 0.3825271 0.04154491 18.36474 nan 0 0.0
-0.003181656 -0.01281245 -4.238828 -4.690714 0.3560426 0.2109478 0.42423 16.90505 2.111467 0 0.0
0.007739165 0.01074693 -7.764369 -9.053001 0.3499801 0.2893664 -0.3559041 17.15408 2.257665 0 0.0
0.02547137 -0.01271 -7.919749 -9.482632 0.749887 0.5124619 0.1922075 18.85637 2.178688 0 0.0
0.01807231 -0.001371479 -9.553744 -4.859967 1.31646 0.8872857 0.3699867 19.60197 1.8794 0 0.0
0.006229631 -0.01447386 -9.898028 -10.83516 3.764512 2.319594 0.4732334 20.52508 nan 0 0.0
-0.02935764 0.02476477 -6.955262 -7.579335 0.607604 0.4632454 0.4018618 17.6842 2.257658 0 0.0
-0.02722814 -0.006021282 -3.451787 -6.264982 0.1595945 0.1110428 0.1059802 16.3943 2.529059 1 0.0
0.002655737 0.02004927 -3.377948 -8.577673 0.2484705 0.1695548 0.223954 17.0563 2.247263 1 0.0
-0.03605845 0.01180837 -3.785661 -2.96354 2.288392 1.485925 0.2249524 20.44192 nan 0 0.0
-0.01415483 -0.03211555 -0.2420558 -2.132876 1.269536 0.864589 0.3983889 19.50272 2.229012 0 0.0
-0.02646736 -0.03901825 -1.349024 -2.836842 1.050024 0.7445184 0.5168144 19.21118 2.324905 0 0.0
0.02985429 -0.01968038 -13.3733 -14.89627 3.055926 2.007356 0.4493166 20.36569 1.020237 0 0.0
0.008717758 0.02529994 -2.070276 -7.363828 0.1739019 0.1228696 0.07768927 14.63729 3.382301 1 0.0
0.01273455 -0.03450721 -5.329822 -5.679698 2.185912 1.393545 0.5101982 20.05462 1.572536 0 0.0
-0.01200981 0.02243484 -8.991059 -9.676717 1.064442 0.7802581 0.3291184 19.26349 2.010893 0 0.0
0.03443353 -0.02170712 -6.816615 -0.5390554 3.110461 1.758225 0.2739184 20.50081 1.157478 1 8.003751e-05
0.005755055 -0.01050464 -9.858644 -9.988254 0.4942602 0.3564116 0.3361787 17.7639 2.141233 0 0.0
-0.01387643 -0.0242992 -8.936051 -8.836835 0.746414 0.485626 0.2715758 18.8865 2.223999 1 0.9936174
0.003660434 -0.01286777 -15.05243 -16.45676 2.545601 1.779436 0.4530099 20.08677 nan 0 0.0
0.04158369 -0.01743865 -7.93012 -5.367173 2.621945 1.509212 0.2305288 20.27956 1.4056 0 0.0
-0.04183735 0.002296603 -2.197655 -0.1623748 1.141978 0.7840193 0.3480877 19.57222 1.7845 0 0.0
-0.01114281 0.0103862 -9.2911 -9.34671 0.8496563 0.6020556 0.4257953 19.12557 1.975428 0 0.0
-0.01801298 0.002645405 -3.680028 -5.720716 1.433135 1.016882 0.4229623 19.70215 1.618275 0 0.0
0.004779157 0.03201973 -2.271148 -4.588723 0.8717956 0.5901959 0.1669001 18.99651 2.148844 0 0.0
-0.005302771 -0.04541673 -0.7351842 -3.619411 2.516074 1.618104 0.3427987 20.27179 1.28422 0 0.0
-0.002847167 0.01614302 -3.141051 -6.795904 0.5308582 0.3480123 0.01215669 18.60962 2.228327 0 0.0
-0.0118964 0.004107137 -7.423325 -9.228597 1.185345 0.8665578 0.3842288 19.15513 1.841284 0 0.0
0.005028882 -0.01207055 -8.090572 -9.08073 0.4444118 0.2893434 0.171135 18.16641 2.028391 0 0.0
-0.02142625 0.03778206 -3.434861 -10.14073 0.5966617 0.3976351 0.04951479 18.8254 1.999123 0 0.0
-0.02172692 -0.002070128 -8.345334 -9.032684 0.6088861 0.401798 0.1805075 18.75852 2.034342 0 0.0
-0.01859938 0.001687834 -10.08899 -9.244125 0.5331835 0.3599637 0.103071 18.32699 2.10935 0 0.0
-0.02270782 0.01734461 -6.270609 -8.920682 0.5467137 0.3600982 0.06045447 18.7289 2.423944 1 0.1502712
0.02865972 0.008527667 -0.6295391 -3.666444 1.249364 0.8534121 0.3927765 19.54203 2.142311 1 0.0
0.009053885 0.03834046 1.250002 -1.662226 2.400195 1.413374 0.3139883 20.23418 1.673609 0 0.0
0.03586965 0.02164081 -1.80568 -4.506227 1.343064 0.9454863 0.3758919 19.75839 1.57213 0 0.0
-0.02096882 -0.02691131 4.767725 -7.89559 3.165697 1.725427 0.519746 20.362 nan 0 0.0
0.02673908 0.04085954 -0.849795 -8.367252 2.042606 1.364114 0.627175 20.03196 1.630533 0 0.0
-0.02033583 0.03236155 -7.847651 -8.716214 0.8504179 0.5872977 0.1858049 19.13259 1.742659 0 0.0
-0.003294011 0.01274602 -8.462331 -8.71811 0.1391624 0.09770703 0.07856096 15.65723 2.358153 1 0.9992814
-0.02102596 -0.0189119 -3.582652 -6.737353 0.8213082 0.5906975 0.1108177 18.96089 2.016199 0 0.0
-0.01569067 -0.03132799 -6.579392 -8.700092 1.113773 0.7451218 0.42801 19.36318 1.87611 0 0.0
-0.02108533 0.002778458 -8.410662 -9.36382 0.2325408 0.1638153 0.1739401 17.14421 2.263109 1 0.998401
0.009997969 -0.03716963 -10.1935 -10.41669 2.953799 1.884301 0.5563495 20.44828 nan 0 0.0
0.002041382 0.03228874 -2.087827 -5.465742 0.3784144 0.2667606 0.1100718 17.82935 1.973488 1 0.0
0.00949803 -0.0008803821 -7.536833 -8.644413 0.7674149 0.4680654 0.2718291 18.70936 0.944212 0 0.0
-0.01027672 0.007788458 -8.472747 -9.349317 0.3361215 0.2378868 0.2765033 17.77442 2.034195 0 0.0
0.009026506 0.04641808 -0.9544698 -3.449186 2.393834 1.55063 0.5117137 20.08606 1.282236 0 0.0
-0.01536278 0.02945925 -2.962215 -4.891287 1.178382 0.853355 0.3248144 19.45314 2.062059 0 0.0
-0.01667421 0.01731119 -3.232882 -1.841428 1.11912 0.7960463 0.3455669 19.54738 1.877232 0 0.0
0.04212409 0.01286704 -7.208453 -5.901839 3.304044 1.992781 0.1867645 20.541 nan 0 0.0
-0.02851293 -0.005659161 -9.700344 -9.029317 0.2752176 0.1982225 0.2792409 17.42593 2.334806 1 0.4892984
-0.0286014 0.01565735 -3.510317 -9.136832 0.9356936 0.6769233 0.3876082 19.24192 2.128897 1 2.168225e-05
0.01326822 -0.003718847 -8.925858 -8.984243 0.2192823 0.1482749 0.1275608 16.88951 2.262818 1 0.9990095
-0.0100219 -0.03681677 -2.573689 -2.168817 0.2636744 0.1836181 0.3115445 17.33689 2.336542 1 0.0
-0.01013505 -0.01800651 -7.294725 -7.828107 1.45222 0.8886992 0.5861714 19.51673 nan 0 0.0
0.007014041 0.03131773 4.840236 0.9824902 2.607102 1.731302 0.1748877 20.46558 1.64185 0 0.0
0.02052969 -0.00390671 -8.007562 -8.760008 0.3172153 0.2203777 0.3094729 17.4542 1.798904 1 0.997288
-0.02716778 -0.02760673 -1.201909 -8.932724 2.204424 1.604935 0.1179339 20.01356 2.552589 0 0.0
-0.01628513 0.0331613 -6.989853 -1.660562 1.73889 1.158092 0.2642083 19.94442 1.805944 0 0.0
0.02025222 0.007791103 -10.32745 -10.59233 2.240391 1.508923 0.5154403 19.93992 1.897179 0 0.0
0.01463333 -0.03391423 -5.902899 -8.921935 2.339697 1.39996 0.405182 20.16841 1.51849 0 0.0
-0.02560449 -0.02535574 -1.446805 -0.2848073 1.251621 0.8478583 0.1272589 19.33619 2.297119 1 0.0
0.02360825 0.03133485 -2.483837 -3.336951 0.5556091 0.3608861 0.1204886 18.38133 2.12326 1 0.0
-0.02845086 -0.03401761 -8.82151 -8.996755 0.5781286 0.3402 0.4401502 18.43446 2.250221 1 0.9912075
-0.02667614 0.02601657 0.5100854 -1.790443 0.6573785 0.43421 0.08777099 18.83031 2.089046 1 0.0
-0.02613859 -0.007749116 -0.6127417 -8.360432 1.124335 0.7822157 0.3859887 19.55491 2.021214 0 0.0
-0.02371404 0.02069373 -8.293117 -8.328301 0.854828 0.5807689 0.1480355 19.0907 2.112696 0 0.0
-0.03039113 0.0243144 -1.074448 -8.191557 2.443302 1.562092 0.4838634 20.31271 1.632008 0 0.0
0.008185225 -0.002789549 -9.536556 -7.319507 1.058136 0.690609 0.3718453 19.03922 1.626511 0 0.0
-0.01349266 0.04482315 -6.264772 -4.3652 1.286216 0.8507356 0.3402305 19.64373 1.791269 0 0.0
-0.004188581 0.03556933 -0.3863413 -7.159906 0.7874475 0.5451681 0.1764762 19.1162 2.099422 0 0.0
-0.02474345 -0.001141787 -8.921466 -10.57255 1.179304 0.8485543 0.3488603 19.53445 2.170509 0 0.0
-0.02641828 -0.005738827 0.818353 0.509405 2.836232 1.593787 0.3559777 20.047 nan 0 0.0
-0.004270747 -0.01460539 -0.3069946 -2.502874 0.1903632 0.1189484 0.4225887 16.25941 2.267944 1 0.0
0.008715874 -0.002825823 -3.97638 -2.928811 3.065003 1.85131 0.5164898 19.96115 nan 0 0.0
-0.03279168 0.01697052 1.552769 -1.535333 0.9577108 0.6879295 0.3989113 19.24459 2.275936 1 0.0
0.00665006 0.01548294 -5.350574 -6.050694 0.5136252 0.3568856 0.2230524 18.19573 1.717054 1 0.0
-0.03117225 0.01989679 4.203104 -2.898207 0.9592789 0.6975623 0.392344 19.2352 2.212755 0 0.0
-0.03158771 0.005273052 -4.265559 -3.430892 0.32799 0.2352118 0.3103863 17.8139 2.546228 1 0.0
0.02751346 0.003486791 -8.248023 -8.945235 0.1405833 0.09608359 0.1477739 15.9865 2.319158 1 0.9992543
0.04614712 0.01501716 -3.911617 -2.631743 2.697 1.651982 0.3722252 20.34552 1.146702 0 0.0
0.006425615 -0.004387808 3.121412 -2.179675 1.711031 1.061074 -0.1898004 19.4151 1.897114 0 0.0
-0.01002541 0.008692561 -8.013259 -9.412813 0.3673845 0.2445434 0.1425058 18.00296 1.464195 0 0.0
0.003214886 0.03909795 4.275044 -4.368359 2.88116 1.657841 0.561393 20.18789 1.501453 0 0.0
0.01047556 -0.0008785497 -5.814539 -8.265791 1.074682 0.7366085 0.3805319 19.11538 nan 0 0.0
-0.03061632 0.03160805 1.730221 -7.088835 1.029958 0.7399792 0.3079105 19.4574 2.152473 0 0.0
-0.02254 0.01604001 -0.9179306 -4.367101 0.2244028 0.1540245 0.1312513 17.07563 2.637885 1 0.0
-0.02306731 -0.003260544 -7.649232 5.456305 2.182916 1.442667 0.09340846 19.6048 2.055428 0 0.0
0.02136893 0.004435898 -12.19164 -8.714905 2.868927 1.659922 0.416305 20.23796 nan 0 0.0
-0.008127942 0.03883643 -2.873333 -1.848218 2.256713 1.520766 0.2801401 20.36183 1.929762 0 0.0
-0.03001647 -0.02556459 3.931293 -1.005225 1.075711 0.7811804 0.4686274 19.23318 2.342899 0 0.0
0.03523003 0.03225538 -0.2809947 0.6838864 0.6889987 0.4659438 0.3027914 18.86131 1.852692 1 0.0
-0.03837351 0.0005791499 -1.842518 -3.425425 0.6431257 0.4409884 0.1675207 18.835 2.381529 1 0.0
-0.03896564 0.01931486 -3.06691 -5.390659 0.8055571 0.5500701 0.187689 19.17685 2.217863 1 0.0
0.009134847 -0.002301331 -5.022515 -6.958964 0.3610034 0.2367749 0.2521531 17.83102 2.006311 0 0.0
-0.0361856 -0.03311354 3.885295 -2.935913 2.416038 1.615966 0.6345354 20.08219 2.734591 0 0.0
-0.04266798 -0.01988422 0.1884448 -7.963106 2.609636 1.792642 0.2277125 20.38458 1.787201 0 0.0
-0.03733573 -0.01467552 -7.761211 -9.114235 0.5981002 0.4122473 0.07258562 18.82091 2.393679 1 0.9767627
-0.03530427 0.01179714 -9.714409 -3.359505 0.483848 0.3256234 0.1532295 18.55596 2.155661 1 0.0
-0.002902989 0.01416891 -2.967291 -7.183811 3.405473 1.902938 0.5201591 20.39128 nan 0 0.0
0.02140104 0.02991998 -7.442137 -8.386552 0.3997358 0.2722035 0.1905978 17.95145 2.075647 1 0.7612135
0.01137132 0.02216596 1.181924 0.5108691 0.987431 0.697013 0.4080696 19.08295 nan 0 0.0
-0.03585188 -0.02825161 -7.801328 -6.209911 1.565673 1.099798 0.1400419 19.91092 1.97917 0 0.0
-0.02533499 0.02466834 -2.502487 2.554441 1.682605 1.229263 0.3853987 19.52823 nan 0 0.0
0.02754393 0.01547638 -6.145712 -1.445229 1.077288 0.6883096 0.4644055 18.94727 1.930971 1 0.0
-0.04823189 -0.001655729 -2.188583 -7.59202 1.412822 0.8702777 0.1654579 19.5613 2.310095 0 0.0
-0.01022083 0.007500453 -0.9902529 -4.60929 3.1425 2.614667 0.8687166 19.91014 nan 0 0.0
-0.03357819 0.03395335 1.096858 -5.265491 0.6682756 0.4299178 0.0536616 18.8211 2.088455 0 0.0
-0.03381545 -0.02058353 -8.573446 -9.217908 0.6521124 0.4828827 0.2205162 18.78416 2.21199 1 0.9895853
0.002934264 -0.01601106 -7.071906 -6.978967 2.6405 1.633369 0.5877213 20.22738 1.996485 0 0.0
0.009528773 0.03758702 5.581615 2.545194 3.423351 1.987501 0.5321026 20.46744 nan 0 0.0
-0.03442758 -0.02898556 -4.826239 -3.871164 0.8653253 0.607499 0.4201957 19.21702 1.963224 1 0.0
-0.04482833 0.00941574 -3.540053 -5.729384 3.103061 1.77969 0.6395149 20.16034 2.161516 0 0.0
-0.01648177 0.0417844 -1.018003 -0.6455508 1.394513 1.009319 0.3087448 19.65491 1.854008 0 0.0
0.04762561 0.009664609 2.617297 -5.121474 2.439471 1.583076 0.572939 20.17124 1.513216 0 0.0
-0.0241284 -0.004370813 -5.980841 -10.34686 1.09945 0.7860646 0.3409342 19.55698 1.787804 1 0.3078518
-0.006142886 0.007897438 1.700322 -8.768122 0.9555882 0.7020799 -0.1600252 18.19825 nan 0 0.0
0.0157578 0.0286276 -3.049576 0.3756921 1.126821 0.7740109 0.4242317 19.35413 1.938688 0 0.0
0.0136846 -0.02791742 -1.555222 -8.218575 2.384782 1.562442 0.5178388 20.1547 1.8881 0 0.0
0.02949059 -0.0226653 1.190058 -3.308979 1.651572 1.272928 0.4464735 19.65119 1.797316 0 0.0
-0.008519715 0.04864208 -2.660625 -6.422006 1.400197 1.021609 0.3412722 19.59416 1.900621 0 0.0
0.0160025 -0.02606756 -7.206674 -9.614693 0.6616208 0.4398878 0.2076065 18.85484 2.015352 1 0.8866488
-0.04407692 0.01752986 -3.162207 -1.863734 0.8295722 0.5800828 0.2647369 19.16751 2.200939 1 0.0
-0.04245233 0.003873782 -0.5774095 1.567433 1.121408 0.7477707 0.4311751 19.37472 1.872309 1 0.0
0.001147276 0.01691552 -0.5551581 2.266678 0.4100152 0.2860191 0.1536689 17.8702 2.004444 1 0.0
-0.04189718 0.01463904 -5.302568 -10.03964 1.298897 0.9138621 0.405225 19.33154 2.060663 0 0.0
-0.005919568 0.01082332 -12.00918 -9.946031 1.929502 1.340163 0.271833 20.17199 1.257536 0 0.0
-0.039209 -0.007380465 -2.179479 -2.38111 1.006394 0.7568387 0.3858803 19.28238 1.74523 0 0.0
-0.03605932 0.01497076 -2.874332 -4.253945 0.8807083 0.6375267 0.3910602 19.23055 2.292236 1 0.0
-0.02114489 0.02555219 0.8836618 -0.8344626 4.104634 2.463742 0.3475341 20.72763 1.699028 0 0.0
0.009274848 0.002684469 -8.988251 -8.642966 0.5420383 0.306142 0.3797735 18.14964 2.097128 0 0.0
-0.01904782 0.01230979 -0.4450359 -5.528437 0.2134741 0.1458785 0.1248136 17.0908 2.395754 1 0.0
0.04941025 0.001803759 0.5870084 -1.672125 2.555611 1.65398 0.4125559 20.26183 nan 0 0.0
-0.01706837 0.04095081 -7.359273 -4.283091 1.442433 0.9973006 0.2735348 19.79579 1.959276 0 0.0
0.02176649 0.04356699 2.606452 -5.132385 2.838701 1.803408 0.5663703 20.23453 1.912064 0 0.0
0.02640123 0.02807847 -0.6143158 -7.729132 0.5175056 0.3946791 -0.3550971 17.64089 2.300201 1 0.0
-0.04734104 0.006288706 -10.24944 -8.61011 0.8457642 0.5702163 0.1693813 19.09232 2.298925 0 0.0
-0.04728381 0.002529342 -1.426712 -3.072449 1.170616 0.8952895 0.3671605 19.36576 1.958364 0 0.0
-0.04772874 -0.002807582 -6.630749 -1.244927 0.924738 0.6646802 0.4258777 19.25226 1.993763 1 0.0
0.01558343 -0.02781273 -7.296582 -4.820418 1.027653 0.692015 0.3882104 19.30042 1.983021 0 0.0
-0.03776544 0.02260539 0.2032341 -2.043713 1.278406 0.9344501 0.3945777 19.54928 1.926964 0 0.0
0.04848597 -0.005148179 1.211255 -1.587738 0.7764879 0.557729 0.007660645 18.99279 1.982676 1 0.0
