data/gcs/NGC_6535.ecsv
# %ECSV 0.9
# ---
# datatype:
# - {name: x, unit: deg, datatype: float64}
# - {name: y, unit: deg, datatype: float64}
# - {name: pmx, unit: mas / yr, datatype: float64}
# - {name: pmy, unit: mas / yr, datatype: float64}
# - {name: pmx_e, unit: mas / yr, datatype: float64}
# - {name: pmy_e, unit: mas / yr, datatype: float64}
# - {name: pm_corr, datatype: float64}
# - {name: g_mag, unit: mag, datatype: float64}
# - {name: bp_rp, unit: mag, datatype: float64}
# - {name: filter, datatype: int64}
# - {name: memberprob, datatype: float64}
# meta: !!omap
# - comments: [deg deg mas/yr mas/yr mas/yr mas/yr dimless mag   mag   zeroone float]
# - __serialized_columns__:
#     bp_rp:
#       __class__: astropy.units.quantity.Quantity
#       unit: &id001 !astropy.units.Unit {unit: mag}
#       value: !astropy.table.SerializedColumn {name: bp_rp}
#     g_mag:
#       __class__: astropy.units.quantity.Quantity
#       unit: *id001
#       value: !astropy.table.SerializedColumn {name: g_mag}
#     pmx:
#       __class__: astropy.units.quantity.Quantity
#       unit: !astropy.units.Unit {unit: mas / yr}
#       value: !astropy.table.SerializedColumn {name: pmx}
#     pmx_e:
#       __class__: astropy.units.quantity.Quantity
#       unit: !astropy.units.Unit {unit: mas / yr}
#       value: !astropy.table.SerializedColumn {name: pmx_e}
#     pmy:
#       __class__: astropy.units.quantity.Quantity
#       unit: !astropy.units.Unit {unit: mas / yr}
#       value: !astropy.table.SerializedColumn {name: pmy}
#     pmy_e:
#       __class__: astropy.units.quantity.Quantity
#       unit: !astropy.units.Unit {unit: mas / yr}
#       value: !astropy.table.SerializedColumn {name: pmy_e}
#     x:
#       __class__: astropy.units.quantity.Quantity
#       unit: &id002 !astropy.units.Unit {unit: deg}
#       value: !astropy.table.SerializedColumn {name: x}
#     y:
#       __class__: astropy.units.quantity.Quantity
#       unit: *id002
#       value: !astropy.table.SerializedColumn {name: y}
# schema: astropy-2.0
x y pmx pmy pmx_e pmy_e pm_corr g_mag bp_rp filter memberprob
[from data line 659]
-0.001412334 -0.00521055 -4.687197 -3.01604 0.3926251 0.3337216 0.006549147 18.13729 0.9140759 0 0.0
0.01366316 0.009096285 -8.103155 -1.493259 3.768879 2.604493 -0.1831637 20.70903 0.944313 0 0.0
0.004324894 0.003602592 -4.244182 -3.101102 0.2304257 0.2095565 0.1171345 17.14968 1.377522 0 0.0
-0.043404 0.01148501 -3.695228 -8.208919 1.912692 1.567151 -0.07898036 20.53937 nan 0 0.0
0.06023246 0.02487157 -3.572761 -5.012324 1.00138 1.100893 0.2829505 19.64512 0.02012825 0 0.0
0.04042679 0.0269884 -5.318776 -3.55224 0.8020361 0.8794559 0.3916885 19.30085 0.7721043 0 0.0
-0.06064614 -0.001491208 -3.187113 -10.68271 1.836437 1.430245 -0.1542412 20.39008 0.9168301 0 0.0
0.0443634 -0.001498968 -4.076833 -3.78323 0.8277625 0.8883967 0.1862172 19.29022 1.093134 1 0.800439
-0.02030254 0.04749215 -6.385119 -9.682273 1.511342 1.089093 -0.3259394 20.04568 1.253716 1 0.0
0.004752136 0.007099 -4.20397 -3.009025 0.06755359 0.05625403 0.05132508 14.63005 1.408546 1 0.9995002
-0.03284514 0.04521761 0.3627888 -6.652762 2.121978 1.715072 -0.09680844 20.50983 -0.218544 0 0.0
-0.06513213 -0.006457463 -2.782399 -8.497887 1.597267 1.244638 -0.08745388 20.34639 nan 0 0.0
-0.02732146 0.02193859 -4.097129 0.9987471 2.311149 1.562928 -0.5127917 20.17021 2.164429 0 0.0
-0.04859186 -0.001810748 0.5298267 -0.6911243 1.174791 1.234258 0.1415696 19.68763 2.020491 0 0.0
-0.06446077 -0.003149669 -2.056585 -0.54265 2.242948 2.084296 0.2257138 20.63153 nan 0 0.0
0.02809763 -0.04815766 2.184805 1.625468 0.5722056 0.6144958 0.3776687 18.35366 1.373129 0 0.0
0.00221922 0.06480555 -5.288585 1.048718 0.7389118 0.8178255 0.3004216 19.23116 1.723341 1 2.862979e-05
0.004019742 0.06572182 -5.551029 -0.3482294 2.183641 1.77237 -0.166736 20.62971 0.9759789 0 0.0
0.01982753 -0.04358833 0.7403214 -5.489282 0.4367319 0.4710562 0.2639028 18.42679 1.519541 1 0.0
0.05122992 0.03426701 -5.014467 -7.051112 1.519803 1.525334 0.2798613 20.1905 0.1355362 0 0.0
-0.00318233 -0.0004868225 8.393962 11.54792 2.003243 2.043339 0.1982 19.77811 nan 0 0.0
-0.0220419 -0.01765337 -9.517134 -9.788654 2.05102 1.729339 0.1245059 20.43799 0.8090363 0 0.0
-0.04816473 0.02459208 0.5017158 -1.656331 0.7896554 0.8088334 0.1885764 19.23411 1.387268 1 1.824382e-06
-0.01581648 0.03313105 -8.423181 0.1420973 0.6303352 0.5217611 -0.007092399 18.97929 nan 0 0.0
0.0002661107 0.0473068 -1.631747 -5.424005 1.29971 1.323181 0.1107913 19.82413 1.143587 0 0.0
-0.01099472 -0.001860595 -4.846694 -1.257529 1.243848 1.311519 0.349459 19.78498 1.028196 0 0.0
0.01366314 -0.008132408 -4.523577 -2.335374 0.6351865 0.683887 0.2851118 18.93365 1.054182 1 0.9750506
-0.02600902 -0.05693351 -5.782418 -8.6718 1.273113 1.167869 0.1990484 19.90975 1.37612 0 0.0
-0.05301685 -0.001910428 3.319742 0.6742589 1.534277 1.206318 -0.09921733 20.28224 2.297062 0 0.0
-0.0608902 -0.0136598 5.204757 -5.063407 0.9126122 0.9707137 0.2512893 19.53679 1.508974 1 0.0
-0.05524471 0.02204234 -4.085231 -2.670727 1.010268 1.055371 0.3077946 19.56624 1.52866 1 0.7082402
0.02522915 -0.002044499 -4.203276 -3.73875 0.6464457 0.7085983 0.3198243 18.87097 1.139458 1 0.9394369
-0.04514346 0.006394084 -1.807324 -4.535161 3.781341 3.345314 0.424226 20.85396 1.557993 1 0.291315
-0.01187976 0.03878518 -2.394866 -1.614181 2.408752 1.878243 -0.21484 20.48046 1.293781 0 0.0
0.05144343 0.007485 -1.001065 -5.875167 2.079742 2.017128 0.2836355 20.4508 1.278465 0 0.0
0.00264645 0.00543171 -4.324984 1.998218 1.217813 1.308223 0.3154501 19.75989 nan 0 0.0
-0.01087269 0.03975349 -8.039508 -8.663757 2.897949 3.185202 -0.03808156 20.52921 1.298853 0 0.0
-0.005562662 -0.0138391 -7.408779 -5.384281 2.296692 2.251396 0.2463411 20.51028 1.292448 0 0.0
0.02941011 0.04142301 -2.230182 -4.604498 0.3760685 0.3590366 0.6404116 17.24648 1.435349 1 0.0
-0.004311471 0.01629331 -3.565496 -2.552534 1.00145 1.028805 0.09138583 19.56156 1.132996 1 0.939037
-0.0363546 0.03522405 -2.734547 -4.226668 1.983882 1.56131 -0.134384 20.50979 0.8836231 0 0.0
0.02306233 -0.04370736 -2.904959 -4.361403 1.035276 1.10776 0.2505608 19.6531 1.138807 1 0.2871358
0.01103861 -0.05651036 -4.905797 -2.846108 1.13851 1.212638 0.2346552 19.78816 1.805223 1 0.6908281
0.005392992 -0.003908935 -7.87528 -4.492014 1.575298 1.342124 0.08675046 20.20823 nan 0 0.0
0.0483305 -0.03050919 3.436732 -0.1087717 1.4478 1.351841 0.05959491 20.1109 1.402433 0 0.0
-0.000710439 -0.009393008 0.08119002 -5.855808 3.484024 2.260542 -0.4836693 20.54989 nan 0 0.0
-0.007973554 0.04279839 1.330393 0.9431659 1.099787 1.131181 0.1541085 19.63154 1.823975 0 0.0
0.01079456 0.02457657 -4.687528 -6.354137 0.6537004 0.4773666 0.1122657 18.84682 1.445408 1 0.0
-0.005623723 0.04120156 -0.06819711 -1.798231 0.7293092 0.7584522 0.1375867 19.1493 1.312012 1 1.210319e-05
0.0359408 0.04062134 -4.092731 -5.186551 0.8609088 0.9164487 0.4533163 19.39415 1.763359 1 0.1116848
-0.05054506 0.02185303 -4.838322 -6.431302 2.095292 1.655926 -0.1383781 20.56869 0.9808979 0 0.0
0.008841464 0.04065584 -4.257261 0.3750201 0.6477135 0.524588 -0.06726079 18.93498 1.593081 0 0.0
0.0194613 -0.05676947 -0.1517392 -5.352207 1.569668 1.747491 0.2824661 20.20218 2.093901 1 0.006902156
-0.03839898 -0.04234684 -2.930127 -3.58005 0.2940814 0.3186285 0.3365679 17.78477 1.624739 1 1.59405e-05
0.004569028 -0.00412518 -3.832204 -3.266489 0.8599554 1.001168 0.4129271 19.25774 1.147429 0 0.0
-0.01548073 -0.01090271 -6.468404 -3.291709 1.141239 1.234325 0.2898195 19.7561 1.383118 0 0.0
0.003745045 -0.05811315 -0.4219997 -2.214508 2.125234 2.185593 0.1366186 20.58951 1.659204 0 0.0
-0.03730038 -0.03952745 -6.184933 -7.188789 0.7771836 0.8231922 0.2086769 19.14827 1.187675 1 6.901154e-05
-0.007851497 0.06384834 -2.867143 -7.103107 0.9061226 0.980968 0.227661 19.53218 1.318573 1 7.373164e-05
-0.01752532 -0.04293768 -1.657628 -4.172822 1.41583 1.293351 0.1759734 20.13541 1.717365 0 0.0
0.05483073 -0.01355605 -1.166043 -8.145294 0.5221175 0.5466907 0.07082284 18.49675 1.508839 1 0.0
0.001151108 0.00483629 -5.55023 -4.364426 0.8479987 0.9131962 0.3087715 19.32062 nan 0 0.0
-0.005379591 0.05567356 1.023913 -5.841492 1.872475 1.439872 -0.1530616 20.51241 1.112625 1 0.01776107
0.0434172 -0.04352357 -1.287046 -1.205594 0.7729007 0.7897063 0.1071644 19.14234 1.335146 1 0.002378364
-0.009194256 0.05936739 -8.64637 -2.575354 0.6860897 0.5609527 0.3076646 19.02972 nan 0 0.0
-0.04398362 -0.03786975 -2.278998 -3.004725 0.3060945 0.3359534 0.3419709 17.84029 1.422846 1 0.0
0.01042834 0.01280134 -0.8818113 -5.245737 1.115532 1.195177 0.2550094 19.69798 1.229347 1 0.01151097
0.003409377 -0.002887757 -3.956833 -5.540765 1.130111 1.285869 0.3108826 19.52933 nan 0 0.0
0.01976659 0.006398659 -5.360449 -2.898597 0.9515429 1.037336 0.3014045 19.44295 1.085651 0 0.0
0.007956435 -0.001239095 -3.032301 -5.675442 2.062075 2.070304 0.1965458 20.50599 0.5007782 0 0.0
0.04588912 -0.03342191 -5.424712 -1.334647 1.619426 1.514493 0.111852 20.0255 nan 0 0.0
-0.03070879 -0.008023723 -3.110873 -0.7457096 1.072639 0.9831927 0.6163529 19.11368 1.237339 0 0.0
0.01653184 0.06389597 -0.9783526 -8.222713 1.414573 1.429434 0.2699562 20.19947 1.480524 1 3.382015e-05
0.03218692 -0.0451117 -1.994346 -1.892806 2.223313 2.334392 0.2889997 20.59975 1.36384 0 0.0
-0.02988483 -0.007121336 -0.007707457 -7.958206 1.455077 1.29724 0.5895321 19.51774 1.178522 0 0.0
-0.01270364 -0.03686864 -5.090307 -3.216005 1.145884 1.278517 0.3062645 19.66898 1.078833 0 0.0
-0.02054652 -0.03931152 -6.186066 0.7019826 0.9597055 1.053576 0.2988134 19.46171 nan 0 0.0
-0.006935967 0.04300465 -3.102031 -1.8734 2.833661 1.832908 -0.2375303 20.70887 1.191589 0 0.0
0.04860548 0.0451136 0.6923379 -6.229249 0.8611986 0.9383381 0.3743035 19.40699 1.385557 1 0.0
0.02565645 0.02608478 4.965295 -8.45211 1.611138 1.51618 0.121758 20.04396 1.610863 0 0.0
-0.05780802 -0.00585157 -4.266682 -5.174552 2.372718 2.038029 0.143558 20.66446 1.206844 1 0.2762589
-0.04785944 -0.003266678 1.014505 -9.565069 0.5504508 0.4636208 -0.07418412 18.76496 1.449562 1 0.0
0.04088431 -0.03660007 -3.511238 -9.314485 0.4889753 0.5111716 0.1610777 18.52848 1.411728 1 0.0
0.008688847 -0.0007570729 -5.492118 -2.051429 1.215408 1.324704 0.2644314 19.69883 1.002214 0 0.0
0.003989205 0.002048342 -2.358709 -6.123612 1.327545 1.360196 0.2299861 19.3011 nan 0 0.0
2.197237e-05 0.004022061 -0.3376443 -4.432551 2.464204 1.90188 -0.1091085 20.63331 nan 0 0.0
0.01161845 -0.03677392 -8.183522 -9.208793 1.557663 1.444504 0.6730789 19.5391 1.319223 1 0.00985728
-0.02338471 0.009032939 -7.942741 -4.678455 2.241744 2.263949 -0.009109122 20.62381 1.139496 0 0.0
0.05223682 -0.003865099 0.5088827 -6.315942 2.717659 3.33661 0.2301542 20.72136 1.02314 0 0.0
0.003867111 -0.06249331 -6.616312 -15.70396 0.7336665 0.8285288 0.1607192 19.15547 0.8623199 0 0.0
-0.007698884 0.01949432 -0.2822033 -1.590226 1.400977 1.088531 -0.1622115 20.04805 1.286049 0 0.0
0.002768516 -0.005398245 -1.848771 0.3511808 1.680125 1.481949 0.6500364 19.38579 nan 0 0.0
0.006735777 0.05105702 -6.488416 -0.5031067 1.566969 1.283103 -0.02799752 20.37795 0.4461708 0 0.0
0.01891202 -0.04447301 -1.141871 -6.67469 2.702397 3.320421 0.3585635 20.66344 0.9248466 0 0.0
0.03380437 -0.03256383 -6.003329 -6.982523 0.3246503 0.3323318 0.1687435 17.79572 1.636959 1 0.0
-0.02588705 -0.02047682 -9.230084 -9.817861 1.27237 1.107866 0.09252343 19.9958 1.668673 1 0.0
0.04091492 -0.01462271 -12.27096 -20.23998 0.6760073 0.7186148 0.2862922 18.85647 2.161222 1 0.0
-0.05149113 0.03025293 -4.062866 -2.664432 0.4780678 0.3903992 -0.01658212 18.64698 1.469028 1 0.9078336
0.01244246 0.002474538 -4.003822 -8.381723 0.2240656 0.165191 0.1735356 15.51047 1.335638 0 0.0
0.03847355 -0.01448531 -4.467636 -2.371056 0.5278423 0.5624624 0.2625603 18.54283 1.288607 1 0.9343312
-0.0107506 0.01610225 -4.641843 -1.842528 1.643027 1.553553 0.06284078 20.28272 1.099323 0 0.0
0.05193181 0.03146368 -1.415695 -1.650391 0.8357656 0.9042354 0.5650113 19.21902 1.373096 0 0.0
-0.01432111 0.01275881 -2.432733 -4.79377 0.5908272 0.4961416 -0.0227349 19.00965 1.448875 1 0.002968978
0.004385925 -0.005538853 -3.355967 -2.476381 0.7430724 0.8103309 0.3024571 19.02275 1.402611 0 0.0
-0.02732146 0.01994973 -7.370039 -2.720639 2.046512 1.965369 0.005263458 20.47644 1.208744 0 0.0
0.01283918 0.002082488 -4.940046 -2.364377 0.3827869 0.3841562 0.3155067 17.88358 nan 0 0.0
-0.05527521 0.01832733 -8.316042 -16.94962 0.6536484 0.5194876 0.006690597 15.58606 1.414911 0 0.0
0.05370164 -0.004121286 0.6931765 -4.009686 0.8867192 0.9514259 0.199921 19.29825 1.428223 1 1.159994e-06
0.0320956 0.03135858 0.4535437 -5.292843 0.5503615 0.6060579 0.3635309 18.78192 1.368095 1 0.0
-0.01255111 0.007094882 -6.773997 -7.438773 1.693042 1.393003 0.5183105 19.63035 1.42977 0 0.0
-0.02567345 -0.01476342 -8.10646 -16.85087 2.608101 2.14607 0.01750435 20.63597 1.593653 0 0.0
-0.03961972 -0.02650188 -1.390549 -3.017283 0.9369835 0.9989581 0.373436 19.46187 1.545202 1 0.03675396
-0.05960865 0.01627641 -5.340098 1.788917 0.2434815 0.2633579 0.1968278 17.46276 1.460278 1 0.0
0.006003349 0.02373832 -4.579039 -2.886387 0.5191608 0.3518024 -0.01240797 18.27936 1.324341 1 0.9868699
0.007895402 0.001140054 -5.210939 -2.527758 0.9585904 1.05599 0.3134065 19.46574 0.6690826 0 0.0
0.02367276 -0.006891516 -1.692014 -0.3764202 1.642889 1.661615 0.04682206 20.10297 1.173412 0 0.0
0.009665334 -0.06432678 -4.533843 -2.033958 0.9643721 1.057292 0.19924 19.5513 1.203352 0 0.0
0.05797414 0.0162132 -3.882031 -2.680141 0.3784861 0.4155113 0.400311 18.25071 1.361435 1 0.9097294
-0.05142983 -0.02755237 -8.254772 0.1016546 1.448224 1.348735 0.6644975 19.55245 1.132786 0 0.0
-0.01285627 0.001057646 -4.929041 -2.76369 0.8348043 0.8717765 0.1411694 19.42653 1.153784 0 0.0
-0.02863365 0.00213953 -3.762111 -3.085964 0.5157554 0.4311905 -0.01022347 18.79249 nan 0 0.0
0.005820227 -0.01230759 -3.370184 -3.61431 0.5934502 0.4920248 -0.0238946 18.78434 1.103018 0 0.0
-0.05100259 -0.02718294 -5.332758 -4.605062 3.455976 1.816128 -0.7710477 19.99742 nan 0 0.0
0.01003159 -0.008896625 -2.48351 -1.494033 1.659844 1.760671 0.1918412 20.27539 0.9594669 0 0.0
0.009085531 -0.04494041 -4.291716 -6.787474 1.142409 1.236416 0.2556488 19.6968 1.493368 0 0.0
-0.01215442 0.04057585 3.028416 -0.9907334 0.979084 0.9569758 0.05462662 19.36097 1.519335 1 0.0
0.006522123 -0.009085181 -4.522445 -2.629687 0.7457555 0.6774954 -0.04036938 19.01365 1.06098 0 0.0
-0.03952807 -0.05298457 0.01273544 -7.72304 1.461956 1.268935 0.1324479 20.19293 1.676191 0 0.0
0.02770113 0.03704574 -4.252786 -2.899204 0.4772852 0.5306061 0.2952547 18.68143 0.847229 0 0.0
-0.0316243 -0.009632723 -1.980645 -5.044334 1.605253 1.439905 0.5961808 19.71037 1.495638 0 0.0
-0.002663542 0.01628434 -3.74436 -1.745643 1.775173 1.167521 -0.1182805 20.17401 0.6927452 0 0.0
0.03084423 -0.02693836 -5.096541 -1.477494 0.5915583 0.6345005 0.2544728 18.84087 1.26985 1 0.3986418
0.02995941 0.04093225 -2.628127 -5.266862 0.5498572 0.5847673 0.6896745 18.26623 1.380577 1 0.0
0.009299219 0.03503489 1.295147 -1.641694 2.501659 2.101914 -0.1227842 20.73903 nan 0 0.0
0.01906468 -0.0009899911 -4.438349 -2.763878 1.564765 1.742595 0.4030422 19.98509 1.205706 0 0.0
0.01103866 -0.007829732 -6.087465 -3.653031 1.826243 1.814296 0.2165017 20.29316 0.8966961 0 0.0
-0.007363191 0.01356434 -0.3798312 -1.735547 2.376344 1.658547 -0.1084181 20.57532 1.365261 0 0.0
-0.007149551 -0.01667169 -4.976028 -5.009933 1.065002 1.152872 0.2985427 19.66813 1.222256 1 0.8307996
0.008871977 0.03528076 1.608929 -4.342063 0.363366 0.3022144 -0.01427292 18.02762 1.456833 1 0.0
-0.02491058 0.01225936 1.323172 -4.594746 0.285262 0.3050422 0.3053692 17.68798 1.551657 1 0.0
0.03185151 0.04906834 -3.879043 -4.59271 0.9617032 1.006753 0.3198104 19.66683 1.684557 0 0.0
-0.03397427 0.04394686 -7.028923 -3.534314 0.4765744 0.393585 -0.02743288 18.24321 1.323145 0 0.0
-0.02201144 0.011724 -4.357178 -3.063866 0.4563281 0.3700012 -0.06737412 18.38263 1.280476 1 0.9872654
-0.01706766 0.01188485 -4.444891 -4.651426 1.556368 1.184523 -0.1794626 20.23638 1.641941 0 0.0
0.01988865 5.618815e-05 -2.972759 -7.27082 1.808434 1.837971 0.2404747 20.33015 0.4735126 0 0.0
0.01167954 0.01406338 -4.86561 -2.550295 1.370923 1.098654 -0.03424707 20.05197 1.149656 1 0.9396633
0.01698947 -0.02731035 3.685531 -5.128658 0.8588103 0.9201219 0.2434786 19.32853 1.756418 1 0.0
-0.0001916483 0.02791068 -3.543501 -1.346538 1.414703 1.242722 -0.1166059 19.95008 1.033426 0 0.0
-0.03379103 -0.006711536 -3.314901 -4.337355 1.609309 1.233253 -0.1511958 20.22241 1.67783 0 0.0
-0.02637537 -0.002996865 2.763809 3.382247 1.971845 1.802635 0.6121158 19.7312 1.326059 0 0.0
-0.05930328 -0.01872004 0.7777144 -4.999962 2.395268 2.027476 0.02040401 20.69574 1.437197 0 0.0
0.02355079 0.04452282 1.99566 -0.8327602 3.429621 4.093304 0.4794567 20.90128 nan 0 0.0
-0.001778545 0.02661118 -2.222345 -8.744214 1.671506 1.341549 -0.1243383 20.29698 1.410322 0 0.0
-0.002114226 -0.01644936 -4.273466 -3.120255 0.3317181 0.3595787 0.3936478 17.72015 1.475544 1 0.993789
-0.03138028 0.03336568 -3.851102 -3.468772 0.6487827 0.6756587 0.2319895 18.98813 nan 0 0.0
-0.005288026 0.02369886 -5.11738 -2.593262 1.323587 1.047762 -0.1132688 19.98457 1.146471 0 0.0
0.02113989 0.02323718 -4.337308 -2.240356 0.8209531 0.9184676 0.14475 19.16511 1.292093 0 0.0
-0.008828008 0.003093983 -1.637207 -0.6054766 2.051775 2.243546 0.2336852 19.80032 nan 0 0.0
-0.002846639 -0.008571835 -4.326471 -2.987309 0.6875917 0.7423285 0.2980387 19.04055 1.077875 0 0.0
-0.04743235 0.03350253 -5.592043 -1.614697 1.080699 1.044595 0.0564448 19.59337 1.272425 1 0.5649174
0.01271711 -0.0001850212 -4.577372 -3.252846 0.6611849 0.7350856 0.3942131 18.65877 1.216219 0 0.0
0.01476179 0.01876144 -1.586253 -2.89446 0.4753131 0.3970123 -0.01353356 18.42791 1.708164 0 0.0
-0.04694402 0.01933788 -3.310398 -5.854091 1.103911 1.115474 0.1757516 19.7301 1.381937 0 0.0
-0.04206133 0.0383226 -5.774352 -0.3480553 1.644114 1.550546 -0.03224773 20.07121 0.8730869 0 0.0
