data/gcs/NGC_6779_M_56.ecsv
# %ECSV 0.9
# ---
# datatype:
# - {name: x, unit: deg, datatype: float64}
# - {name: y, unit: deg, datatype: float64}
# - {name: pmx, unit: mas / yr, datatype: float64}
# - {name: pmy, unit: mas / yr, datatype: float64}
# - {name: pmx_e, unit: mas / yr, datatype: float64}
# - {name: pmy_e, unit: mas / yr, datatype: float64}
# - {name: pm_corr, datatype: float64}
# - {name: g_mag, unit: mag, datatype: float64}
# - {name: bp_rp, unit: mag, datatype: float64}
# - {name: filter, datatype: int64}
# - {name: memberprob, datatype: float64}
# meta: !!omap
# - comments: [deg deg mas/yr mas/yr mas/yr mas/yr dimless mag   mag   zeroone float]
# - __serialized_columns__:
#     bp_rp:
#       __class__: astropy.units.quantity.Quantity
#       unit: &id001 !astropy.units.Unit {unit: mag}
#       value: !astropy.table.SerializedColumn {name: bp_rp}
#     g_mag:
#       __class__: astropy.units.quantity.Quantity
#       unit: *id001
#       value: !astropy.table.SerializedColumn {name: g_mag}
#     pmx:
#       __class__: astropy.units.quantity.Quantity
#       unit: !astropy.units.Unit {unit: mas / yr}
#       value: !astropy.table.SerializedColumn {name: pmx}
#     pmx_e:
#       __class__: astropy.units.quantity.Quantity
#       unit: !astropy.units.Unit {unit: mas / yr}
#       value: !astropy.table.SerializedColumn {name: pmx_e}
#     pmy:
#       __class__: astropy.units.quantity.Quantity
#       unit: !astropy.units.Unit {unit: mas / yr}
#       value: !astropy.table.SerializedColumn {name: pmy}
#     pmy_e:
#       __class__: astropy.units.quantity.Quantity
#       unit: !astropy.units.Unit {unit: mas / yr}
#       value: !astropy.table.SerializedColumn {name: pmy_e}
#     x:
#       __class__: astropy.units.quantity.Quantity
#       unit: &id002 !astropy.units.Unit {unit: deg}
#       value: !astropy.table.SerializedColumn {name: x}
#     y:
#       __class__: astropy.units.quantity.Quantity
#       unit: *id002
#       value: !astropy.table.SerializedColumn {name: y}
# schema: astropy-2.0
x y pmx pmy pmx_e pmy_e pm_corr g_mag bp_rp filter memberprob
[from data line 8855]
0.0608841 -0.1124316 -1.698599 -4.224706 0.2420817 0.2945286 -0.008487709 18.33999 1.12285 1 0.0
-0.00748787 -0.06334737 -4.192526 2.015103 1.742014 2.631288 -0.1691962 20.74358 0.7825146 0 0.0
-0.02372688 -0.08366186 -1.878604 1.003689 0.440024 0.520577 -0.04690264 18.9931 1.067364 1 0.9704005
0.0965359 -0.08354688 -4.330811 -5.291513 0.2182007 0.285776 -0.04595259 18.12317 1.203363 1 0.0
0.01075048 -0.04535505 -2.777065 -9.16714 0.2828606 0.3364468 0.1335239 18.56084 1.212221 1 0.0
-0.001917394 -0.02653581 -2.202943 -0.2306969 1.700471 1.908401 0.638424 20.27924 0.9963303 0 0.0
0.03420836 -0.1079126 -1.657161 -2.226406 0.3291949 0.3911765 0.06336998 18.8241 1.260185 1 0.0
0.02472755 -0.1078162 -4.800168 -3.563814 0.4066971 0.446954 -0.1080426 18.88101 1.436449 1 0.0
0.1011144 -0.04266209 -3.483335 -3.109719 0.7593463 0.9462993 0.3243136 20.04722 1.241192 1 5.652506e-05
0.02617025 -0.07084387 -1.391975 2.769457 1.267935 1.349138 -0.02737661 20.19283 nan 0 0.0
-0.01442707 -0.04146359 -1.11291 1.811909 0.9271067 1.088867 -0.07345231 20.00508 1.117783 0 0.0
0.06027733 -0.1135115 -0.6387687 -3.616203 0.1862493 0.2212189 0.029825 17.90095 0.930891 0 0.0
-0.00234116 -0.09286 -3.213153 -2.684369 0.8241149 1.067273 -0.03989672 19.82127 0.69203 1 0.0009013996
-0.04373891 -0.0814196 -0.6268704 -3.163403 0.6413968 0.8027135 0.2043304 19.70531 0.953331 0 0.0
-0.01560092 -0.1215739 -2.577242 -4.57089 0.1008238 0.1135722 0.03117826 16.83793 1.492624 1 0.0
-0.0131867 -0.04154578 -1.228548 -0.03713856 2.222915 3.11734 -0.08981484 20.88113 0.9284916 0 0.0
0.05586374 -0.1080934 -3.814556 -7.654447 0.6176693 0.8303829 0.1363855 19.74913 1.540131 1 0.0
0.009955517 -0.01371604 -2.949884 -2.270098 0.8813765 1.051736 0.5553278 19.76506 nan 0 0.0
0.09992791 -0.04372188 -2.390268 -3.339429 0.1569752 0.1842067 0.2165869 17.71629 1.154604 1 0.0
0.006288668 -0.02130759 -1.071716 3.218921 1.745151 1.58146 0.5769924 20.17168 nan 0 0.0
0.03970502 -0.1169285 2.516761 -1.330624 1.143155 1.350628 -0.1102206 20.39647 1.64303 0 0.0
-0.01746247 -0.04382631 -1.635586 1.03371 0.8540174 0.9808651 0.04880725 19.89536 0.971756 0 0.0
0.04242427 -0.05280615 -6.584009 -12.9182 2.804594 3.773103 -0.06370924 20.95078 2.235804 0 0.0
-0.01298407 -0.1062411 -0.543446 -6.577073 0.580463 0.7229222 0.1583604 19.561 1.507607 1 0.0
-0.01614374 -0.04903931 -2.221535 1.096177 0.8496067 0.9930533 -0.03261758 19.9223 0.9482841 0 0.0
0.1031885 -0.08274096 -3.013842 -4.012472 1.038761 1.261915 0.2237792 20.34945 1.03821 0 0.0
0.0639175 -0.1066123 6.258573 7.626991 0.4774624 0.63753 0.171677 19.24459 2.00017 1 0.0
0.0929343 -0.04392518 -3.035369 -4.72197 0.9480784 1.238945 0.3020015 20.14507 1.138437 0 0.0
0.011249 -0.01970688 -3.283719 -2.364317 3.235527 2.373159 0.3820308 20.68999 nan 0 0.0
0.06951767 -0.108842 -3.196111 -8.967498 0.9952384 1.390679 0.1289164 20.41432 0.8999081 1 0.0
-0.01495855 -0.06556667 -0.8763806 -0.1025768 3.605399 1.81584 0.5111352 20.40965 nan 0 0.0
0.005628918 -0.01942698 6.835131 23.04935 1.383933 1.393762 0.7006186 19.87167 nan 0 0.0
0.03365311 -0.1059597 -6.38986 -1.995343 1.408515 1.515117 0.1131995 20.34883 1.074945 0 0.0
-0.007407609 -0.04909376 -2.417158 3.389933 0.7372101 0.9809832 0.1795286 19.95795 0.8631611 0 0.0
0.07558812 -0.06953471 -6.13624 -6.703312 0.7958599 0.9960229 0.1264842 20.07116 1.457087 1 0.0
0.04089153 -0.1120871 -1.660121 3.198795 0.8979849 1.067041 0.1551723 20.18726 1.247974 0 0.0
0.006367743 -0.02003157 -3.818062 -3.933772 1.845288 1.238873 0.2963112 19.71389 nan 0 0.0
0.02767816 -0.08215593 -3.30163 -9.380487 0.2799575 0.3220867 0.0927827 18.52081 1.244678 1 0.0
0.0558029 -0.0471461 -2.787653 -4.504749 0.8688923 1.099136 0.1856009 20.17098 1.018177 1 5.46312e-06
-0.01593786 -0.08172174 -2.541376 -0.6788142 0.6942734 0.9094212 0.1413338 19.91102 0.9209499 0 0.0
0.001750503 -0.03144152 -1.540803 5.897344 1.181133 1.231106 0.4210904 19.93808 0.8177013 0 0.0
0.01649951 -0.01872004 -1.673375 1.432513 0.1027251 0.1176774 0.1269475 16.53089 0.4845905 0 0.0
-0.05323758 -0.1193864 -3.063428 -9.418902 0.4277675 0.6001504 -0.04546863 19.10609 1.483503 1 0.0
0.04673045 -0.06112977 -1.659139 1.900134 0.5640009 0.7548243 0.1070545 19.62219 1.010366 1 0.9856443
0.06041721 -0.08310451 -2.622679 -4.673677 0.2032508 0.2528995 0.006068452 17.93008 1.140329 1 0.0
-0.05082754 -0.106618 -11.5528 -13.59491 1.148982 1.413395 0.01311101 20.28562 1.276264 0 0.0
0.05274394 -0.05199054 0.1354703 1.242835 0.9583929 1.234143 0.1224428 19.53421 1.283689 0 0.0
0.07578256 -0.08212306 -1.187107 2.985573 1.414993 1.696512 -9.971895e-05 20.53653 1.051374 1 0.8303038
-0.03315176 -0.0813379 -1.910174 -7.03449 1.676562 1.81696 0.09692171 20.69128 0.7600479 0 0.0
-0.008121968 -0.07029387 -1.062784 -12.18037 0.6394393 0.8220231 0.2114954 19.67549 1.277861 1 0.0
0.02285243 -0.1074104 1.417029 -0.04455976 0.1947806 0.2117926 -0.09925482 17.76269 1.123116 1 0.0
0.0294231 -0.09025211 -4.588296 -4.639493 1.513712 1.762857 0.0008115762 20.49416 1.190493 0 0.0
0.05780295 -0.0823584 -2.841868 -5.772683 0.4070264 0.5805018 0.03758548 19.09105 1.187841 1 0.0
-0.03617086 -0.106777 -3.803401 -7.527126 0.3082472 0.3731715 0.02847742 18.47558 1.145224 1 0.0
-0.03597703 -0.08210175 -2.71299 -5.34548 0.3675634 0.4589979 0.1077461 18.95215 0.8989334 0 0.0
0.05844147 -0.0459849 -2.981492 -6.049292 0.3752149 0.5012516 0.1471134 19.03821 1.138344 0 0.0
-0.03338979 -0.08257187 0.304326 -3.802221 0.2199501 0.2558923 0.06893924 18.19183 1.307133 1 0.0
0.02095095 -0.1071591 -1.0712 -2.57485 0.4251927 0.4592312 -0.1132772 18.93815 1.119976 1 0.0
0.0238922 -0.03887157 -0.3124621 -3.1017 0.5112699 0.69894 0.1220853 19.47033 1.422043 0 0.0
-0.03510611 -0.08309579 -3.009842 -4.978554 0.5516531 0.704833 0.1402622 19.58918 1.032314 1 0.0
0.09540962 -0.03823891 0.3934191 -2.137482 0.1993105 0.2378623 0.182628 17.97877 1.100807 1 0.0
-0.04147887 -0.1064907 -6.141525 -5.865591 0.5110088 0.6583462 0.09165324 19.3225 1.307323 0 0.0
0.001856634 -0.06214219 -4.325514 1.30538 0.9400059 1.30264 0.1624497 19.90915 0.8576832 0 0.0
-0.01401045 -0.08117844 -0.4708172 -5.367731 0.2040405 0.2292994 0.08690077 17.98177 1.157646 1 0.0
-0.001469093 -0.04536707 -2.15155 2.447821 0.594748 0.7341226 0.1932974 19.53429 1.059433 0 0.0
0.06288738 -0.1063192 -3.501872 -9.448575 1.064387 1.387515 0.1424115 20.43968 1.689447 0 0.0
0.08228843 -0.09532431 -9.208897 -6.002502 2.119027 2.482427 -0.1143477 20.88096 1.073214 0 0.0
-0.02338607 -0.09390057 -1.464389 -4.027241 1.214465 1.323793 0.03998522 20.27065 2.104683 0 0.0
0.008319875 -0.01545188 4.015602 -9.776885 1.573149 1.43776 0.1179671 19.50472 nan 0 0.0
0.0166073 -0.03207147 -2.873889 -1.0058 0.95199 1.11878 0.351812 19.903 1.125862 0 0.0
-0.01453802 -0.07805413 3.571536 -2.939562 2.14997 2.729575 0.116181 20.79893 1.980928 0 0.0
-0.03613952 -0.0932673 -1.824673 -2.166943 0.1704512 0.1912519 0.08300812 17.70342 1.130005 1 0.0
0.01837459 -0.02807144 -1.877275 2.940807 0.5388537 0.7418834 0.1293663 19.44176 0.938345 0 0.0
-0.04111398 -0.1181333 -4.213734 -2.646842 0.8103187 1.098181 0.01384876 19.91107 1.194828 0 0.0
0.04827673 -0.0924305 -6.589573 -2.5515 1.588686 2.771247 -0.1931044 20.43746 1.542128 0 0.0
0.02707676 -0.1035165 -2.250511 -6.865571 0.1647062 0.1929116 0.01222874 17.68956 1.031408 1 0.0
0.04996696 -0.09308197 -3.842801 -5.607252 0.5479191 0.7167596 0.1476374 19.54903 1.359175 1 0.0
0.0376894 -0.09497189 -6.995061 -0.1538583 2.066832 2.596171 -0.09041847 20.81527 0.9560966 0 0.0
0.07697165 -0.08340388 -1.758981 -5.878853 1.345328 1.670441 -0.01851924 20.53585 1.692261 1 9.315898e-05
0.08796848 -0.09853901 -7.239262 -8.541272 0.2670311 0.3154334 -0.07025809 18.35957 1.277903 1 0.0
-0.02882512 -0.09251058 -1.031584 1.150768 1.091642 1.204973 -0.03248818 20.28387 nan 0 0.0
0.008087964 -0.08316656 -0.8201151 -7.353343 0.178035 0.1926066 0.1179777 17.67398 1.21043 1 0.0
-0.01997955 -0.09258716 -0.1890236 -5.156682 1.376075 1.515664 0.1068081 20.52355 1.013062 0 0.0
-0.01511489 -0.05221139 -2.044036 2.059808 0.4526324 0.5320393 0.0966984 19.15362 0.9299278 1 0.9968678
0.0088048 -0.1278442 -1.875798 -4.509823 0.1235621 0.141435 -0.02513939 17.06278 1.462355 0 0.0
0.003889792 -0.07778428 -3.161 -1.857993 0.1951018 0.2286207 0.05787354 17.95541 1.132885 1 0.0
0.07091284 -0.1025391 -4.229531 -4.928926 0.2811789 0.3412765 0.05188912 18.50246 1.586237 1 0.0
0.01721392 -0.03025175 -3.949859 4.425851 0.9418142 1.279343 0.2764444 20.13002 1.343683 0 0.0
-0.02517099 -0.05218645 -2.404902 2.101489 0.9356301 1.051187 -0.04952924 20.07648 0.9573536 1 0.9851126
-0.04976388 -0.09208453 -3.025842 1.442909 0.5993673 0.8052932 0.07736863 19.69234 0.7784615 1 0.933039
0.02019463 -0.02463023 -16.37001 1.505901 1.774369 1.966672 0.3947868 20.36196 nan 0 0.0
0.05982599 -0.1096036 -1.094434 -8.608179 0.7367124 0.9496583 0.1948722 19.78468 1.491076 0 0.0
-0.005402571 -0.06447474 -0.3488896 2.832332 0.7853887 1.006355 0.1489922 20.06524 0.778038 0 0.0
0.0812346 -0.06611035 -1.375289 -5.942886 0.8745108 1.105061 0.08840722 20.12489 1.873125 0 0.0
0.01815293 -0.1142683 -2.912091 -6.613847 0.1889131 0.218336 0.03186389 17.9254 1.137926 1 0.0
0.07525181 -0.07855673 -4.024742 -6.526095 0.9497083 1.220251 0.07635051 20.24916 1.417606 0 0.0
0.07726089 -0.08189303 0.6184128 -3.082658 0.2873686 0.3400164 0.02106477 18.46487 1.177645 1 0.0
0.002304596 -0.02867013 -5.380255 -1.585591 1.647166 1.517794 0.5873755 20.18257 1.253822 0 0.0
0.04753257 -0.08238868 -2.445397 2.079787 0.6900194 0.9240989 0.1481203 19.8304 0.8812847 1 0.975326
-0.0167845 -0.09219866 3.003439 1.343452 0.3059033 0.3461677 0.09208421 18.57179 1.755707 1 0.0
0.006924158 -0.05312784 -2.44067 1.943462 0.2730169 0.3215863 0.08357565 18.48904 1.21081 0 0.0
0.06478562 -0.1014828 1.419337 -4.234327 0.9784284 1.222061 0.1692735 20.2932 1.741224 1 0.0
0.006051162 -0.02073921 -2.145586 0.6443844 0.8799258 1.013396 0.4219544 19.81949 0.8572388 0 0.0
0.1013961 -0.08564771 -1.673376 -5.713135 1.027946 1.138052 -0.01464208 20.18916 1.198675 1 0.0
0.02483122 -0.09996367 0.83871 0.3120376 0.2183043 0.2530033 0.05604902 18.16715 1.252869 1 0.0
0.01014863 -0.09572434 -0.4453757 7.616037 2.514649 3.685098 -0.2147297 20.85634 0.4094009 0 0.0
-0.02336223 -0.1047457 -6.947567 -7.822012 1.929814 1.929691 -0.01815433 20.62078 0.6454868 0 0.0
0.04311277 -0.05798239 -1.589419 0.5681171 0.6752041 0.8675306 0.2310794 19.76283 0.8033009 1 0.8922084
-0.0419425 -0.07886263 -3.327221 -5.777544 0.4988437 0.6105051 0.192561 19.29785 1.020096 1 0.0
-0.01046883 -0.04541993 -2.17197 1.656148 0.2656121 0.3369104 0.1306512 18.34389 0.2411098 0 0.0
0.005470742 -0.02186649 -2.206659 2.243475 0.4007706 0.459041 0.2351407 18.93558 0.9909706 0 0.0
0.03514979 -0.08179115 -2.166341 1.607849 0.08079148 0.09180505 0.06558942 16.33353 1.357914 1 0.9991145
0.01167388 -0.04263125 -2.924156 2.117387 0.9385713 1.028779 0.2822245 19.93257 1.083052 1 0.9898986
0.03211749 -0.09385234 2.204288 -2.116366 0.6293275 0.779977 0.1668608 19.60258 1.883268 1 0.0
-0.03713516 -0.07265423 -6.144435 -3.784221 0.5143992 0.6533643 0.1223124 19.38877 1.053659 0 0.0
0.01431862 -0.08125088 -1.703865 -3.620572 0.5394224 0.6772401 0.1957023 19.45622 1.255348 1 0.0
0.008741974 -0.01492351 -3.528715 0.3456344 0.2546651 0.2970626 0.1332005 17.95285 1.111536 0 0.0
0.06574985 -0.0821913 -2.291938 -3.8628 0.6632605 0.8863722 0.04508192 19.83216 0.958622 1 0.0
0.04319535 -0.06574144 -3.218599 -5.69037 0.4860305 0.6323156 0.09945481 19.15309 1.202362 1 0.0
-0.01202542 -0.04098898 -1.112821 1.697903 0.343001 0.4581769 0.1042271 18.77671 1.115343 1 0.9652492
0.06641767 -0.093757 1.533428 -6.109494 0.4592179 0.6277749 0.05911637 19.26133 1.189831 1 0.0
0.07816271 -0.08714706 -1.82543 -8.45265 1.538411 1.835619 -0.01320846 20.60666 1.330462 0 0.0
-0.01199926 -0.04287535 -3.453154 -0.702371 0.4238383 0.5388269 0.114545 18.96075 1.029993 0 0.0
0.004441693 -0.02188562 -0.5495211 4.687343 2.2642 2.069477 0.6793837 20.52952 nan 0 0.0
0.0002199735 -0.03121647 -1.72374 0.972042 0.5477615 0.6733144 0.2054025 19.36009 0.8629093 0 0.0
-0.042541 -0.1199657 -3.20381 -6.003028 0.5788657 0.7844803 0.05801062 19.58591 1.249947 1 0.0
0.002147664 -0.09280851 -2.805971 -3.773276 0.4026711 0.498298 0.1596353 19.00011 1.169651 1 0.0
-0.0005192993 -0.1070068 -1.054937 1.966025 1.509789 1.878592 -0.05179649 20.57415 1.018652 0 0.0
0.003439584 -0.03777196 -7.590991 5.607094 1.354103 1.565778 -0.06189716 19.28666 1.377853 0 0.0
0.006921983 -0.02212199 -4.476305 5.007166 1.414902 1.273815 0.1096465 20.08386 1.241093 0 0.0
0.07774413 -0.09206644 -2.104841 -4.324485 0.3554161 0.4317376 0.06671364 18.90076 0.9899025 1 0.0
0.01028015 -0.09087585 -2.902989 -2.790685 0.4622654 0.5814094 0.1504844 19.20692 1.230314 1 0.0
0.05592044 -0.1149751 -0.2243172 -10.93746 0.5492751 0.5999117 -0.03258221 18.40188 1.443308 0 0.0
-0.01089418 -0.07337969 -1.343987 -5.185677 0.2298564 0.2623706 0.03832267 17.89473 1.116207 0 0.0
0.07896287 -0.0312039 -2.258568 -0.31914 1.020971 1.299373 0.277179 20.53983 1.850952 0 0.0
-0.006196182 -0.09148654 -0.7376381 -6.356281 0.2247954 0.2396003 -0.04347948 17.94392 1.243134 1 0.0
0.02538615 -0.1014951 -2.203003 -4.744335 0.05727137 0.06383572 0.02172283 15.73549 1.59868 1 0.0
0.002886538 -0.07699849 -2.458407 1.547914 0.4698454 0.6182551 0.1440247 19.34798 0.9827442 1 0.9896372
0.02992515 -0.09147647 0.03647999 -5.743105 0.2067854 0.2377423 0.0614014 18.07874 1.367851 1 0.0
0.03952871 -0.072289 -1.452403 -8.779253 0.6701649 0.8276302 0.1562781 19.63747 1.157499 0 0.0
0.03836218 -0.1275853 -0.8890523 2.430618 0.7393 0.9409412 0.1245255 19.97743 1.869827 1 0.8319514
-0.04479926 -0.09087765 -3.651476 -7.646972 0.581751 0.7798925 0.06396742 19.69698 1.189541 1 0.0
0.009138295 -0.02097167 -4.278652 0.01633106 2.826853 3.099043 0.1682314 20.47839 nan 0 0.0
0.06758102 -0.05738691 -1.449978 -2.44374 0.2089831 0.2405478 0.05893031 17.97606 1.569651 1 0.0
-0.0403329 -0.0809919 -3.107148 -11.01623 0.2129844 0.2418739 0.07460071 18.01472 1.469826 1 0.0
0.04018211 -0.1210863 -1.838028 -6.167448 1.800863 1.626521 0.07407287 20.54181 nan 0 0.0
-0.02185127 -0.07893779 -2.80103 -6.351828 1.74979 1.759444 0.0003180806 20.55249 1.155485 0 0.0
0.07316661 -0.04357944 -2.008142 1.201495 0.677417 0.9217746 0.2600642 19.94152 0.8236332 1 0.9610881
0.03624232 -0.1092089 -3.747857 -7.142096 0.3415272 0.4069034 0.05662905 18.87654 1.336578 1 0.0
0.008820995 -0.01345484 -0.8559695 2.630632 1.496469 2.353252 0.7789472 20.00589 0.78549 0 0.0
0.008567094 -0.1280921 -2.135167 -3.269289 0.328457 0.456435 -0.3820703 17.87354 nan 0 0.0
-0.04159959 -0.07958375 -3.794026 -9.313334 0.4371371 0.541711 0.1571034 19.0731 1.206652 1 0.0
0.008926578 -0.01399461 -1.927988 10.48597 1.091308 1.669488 0.6278608 19.76197 0.9248791 0 0.0
-0.01588655 -0.09096666 -0.4084753 -9.521715 0.2627176 0.2917191 0.1173005 18.37397 1.260498 1 0.0
0.01070283 -0.09276789 0.1945865 -4.853317 0.6937522 0.8954172 0.1386439 19.87024 1.993927 1 0.0
0.02865653 -0.08732647 -2.653017 -4.146949 0.07343963 0.08154084 0.03015651 16.20872 1.49661 1 0.0
0.06541739 -0.05858046 -0.6230421 -0.5545024 1.239732 1.443078 0.1869757 20.36117 2.247906 0 0.0
0.01367767 -0.02849373 15.889 5.752278 1.106508 1.126208 0.02246299 19.45878 1.046629 0 0.0
0.0837385 -0.09268714 -4.243167 -5.7021 0.4885783 0.6245838 0.2061512 19.31346 1.260086 1 0.0
-0.007803462 -0.04852725 -4.165955 1.429101 0.7336517 0.9521047 0.1391705 19.94402 0.9818096 0 0.0
0.009597014 -0.1256506 -3.352914 -5.27441 0.1536632 0.1688566 0.0785379 17.47928 1.133158 1 0.0
0.0627203 -0.09270847 0.2689633 -7.210328 0.3115111 0.3890464 -0.07526319 18.47166 1.266035 1 0.0
0.1134021 -0.05624049 -2.038503 0.5897663 1.380118 1.830905 0.1764478 20.63708 1.155834 0 0.0
0.04324377 -0.05574883 -1.603647 -6.506941 0.591757 0.741215 0.166233 19.35832 1.181662 0 0.0
-0.03619756 -0.1075533 -5.100424 -9.370663 0.2844194 0.3507598 0.01724762 18.51319 1.048695 1 0.0
