data/gcs/NGC_6440.ecsv
# %ECSV 0.9
# ---
# datatype:
# - {name: x, unit: deg, datatype: float64}
# - {name: y, unit: deg, datatype: float64}
# - {name: pmx, unit: mas / yr, datatype: float64}
# - {name: pmy, unit: mas / yr, datatype: float64}
# - {name: pmx_e, unit: mas / yr, datatype: float64}
# - {name: pmy_e, unit: mas / yr, datatype: float64}
# - {name: pm_corr, datatype: float64}
# - {name: g_mag, unit: mag, datatype: float64}
# - {name: bp_rp, unit: mag, datatype: float64}
# - {name: filter, datatype: int64}
# - {name: memberprob, datatype: float64}
# meta: !!omap
# - comments: [deg deg mas/yr mas/yr mas/yr mas/yr dimless mag   mag   zeroone float]
# - __serialized_columns__:
#     bp_rp:
#       __class__: astropy.units.quantity.Quantity
#       unit: &id001 !astropy.units.Unit {unit: mag}
#       value: !astropy.table.SerializedColumn {name: bp_rp}
#     g_mag:
#       __class__: astropy.units.quantity.Quantity
#       unit: *id001
#       value: !astropy.table.SerializedColumn {name: g_mag}
#     pmx:
#       __class__: astropy.units.quantity.Quantity
#       unit: !astropy.units.Unit {unit: mas / yr}
#       value: !astropy.table.SerializedColumn {name: pmx}
#     pmx_e:
#       __class__: astropy.units.quantity.Quantity
#       unit: !astropy.units.Unit {unit: mas / yr}
#       value: !astropy.table.SerializedColumn {name: pmx_e}
#     pmy:
#       __class__: astropy.units.quantity.Quantity
#       unit: !astropy.units.Unit {unit: mas / yr}
#       value: !astropy.table.SerializedColumn {name: pmy}
#     pmy_e:
#       __class__: astropy.units.quantity.Quantity
#       unit: !astropy.units.Unit {unit: mas / yr}
#       value: !astropy.table.SerializedColumn {name: pmy_e}
#     x:
#       __class__: astropy.units.quantity.Quantity
#       unit: &id002 !astropy.units.Unit {unit: deg}
#       value: !astropy.table.SerializedColumn {name: x}
#     y:
#       __class__: astropy.units.quantity.Quantity
#       unit: *id002
#       value: !astropy.table.SerializedColumn {name: y}
# schema: astropy-2.0
x y pmx pmy pmx_e pmy_e pm_corr g_mag bp_rp filter memberprob
[from data line 1684]
0.03270907 0.05764934 -0.2399185 -4.575711 0.6566475 0.5819958 0.4510002 18.99303 2.548239 0 0.0
-0.01213557 -0.01255335 -2.001167 -5.532208 0.321504 0.2660988 0.5083909 17.15636 2.767779 0 0.0
-0.06321791 0.02623157 -2.468064 -7.814528 0.7365446 0.6032376 0.3645962 19.01119 2.126913 0 0.0
-0.05430213 -0.01997438 -4.034698 -1.911018 2.517678 2.224015 0.2124346 20.65874 0.8419495 0 0.0
0.02514884 0.03240319 -3.221613 -5.918608 1.918394 1.60521 0.7805985 19.7459 2.174685 0 0.0
-0.06102108 0.04295799 1.026373 -1.53727 2.003817 1.401003 -0.2496371 19.96016 nan 0 0.0
-0.02537679 -0.04046519 -2.667312 -3.496335 0.3692638 0.283353 0.284172 18.29809 2.253477 0 0.0
-0.03575257 -0.07183358 -4.280752 -7.031934 2.795134 2.335753 0.6179079 20.2598 nan 0 0.0
0.05978419 -0.01880529 -11.07487 -4.355182 2.539096 2.125913 0.7541675 20.20608 2.403444 0 0.0
-0.01032872 -0.07961938 -1.868182 -2.69709 2.887297 2.320564 0.7162349 20.40862 nan 0 0.0
-0.01785521 -0.03058407 -6.792628 -6.956917 1.576819 1.29248 0.7256303 19.51742 2.620575 0 0.0
-0.01225075 -0.003146314 -2.533503 -5.092346 0.6309958 0.5728535 0.8683632 17.21138 2.471132 0 0.0
-0.02652951 0.009482355 -6.314804 -2.736686 0.2005729 0.1757297 0.2766582 16.90893 1.947737 0 0.0
-6.268549e-05 -0.07325613 -4.457914 -3.617611 0.1965976 0.1425173 -0.1213825 14.83861 3.792583 1 0.0
-0.02706368 -0.04451096 -0.1782739 -7.97234 0.3709444 0.3150903 0.4509198 17.60981 2.263758 0 0.0
-0.01259313 -0.01469915 -1.368019 -4.228124 0.4746088 0.3466562 0.12174 17.98416 2.588453 0 0.0
-0.03921949 -0.04590212 -2.298958 -9.839376 0.5616909 0.3861091 0.08619511 18.63429 1.772346 0 0.0
-0.01316759 0.01218488 -1.100695 -4.170855 0.1831914 0.1426344 0.3735464 15.24669 3.432698 1 0.9503755
0.02151671 0.04840639 -7.976347 -8.830221 1.521752 1.409051 0.5202722 20.13441 nan 0 0.0
0.004199596 -0.02669401 -1.983322 -4.533869 0.4075792 0.3127995 0.2589396 18.33662 2.098974 0 0.0
0.02969485 0.01108204 -2.366322 -4.929177 0.1594812 0.1394399 0.5189443 16.04836 3.236425 1 0.0
-0.07928492 -0.003171908 -8.882838 -10.39496 1.635154 1.437464 0.4905566 20.18363 1.75528 0 0.0
-0.02076901 -0.05986223 -5.276806 -6.699304 3.507822 2.913007 0.6006222 20.60454 0.6105976 0 0.0
0.02991216 -0.04867141 -0.823721 -3.604642 0.4264257 0.3817022 0.5617522 17.96023 2.385838 0 0.0
-0.03505026 -0.0162819 -4.87885 -4.475424 0.1661644 0.1373373 0.3768256 16.09379 2.453374 1 0.0
-0.013276 -0.05799029 0.3904283 -3.439035 1.450318 1.215783 0.6666116 19.32353 2.286736 0 0.0
0.04049505 -0.04806157 -2.051872 -3.483824 0.7001039 0.5483827 0.4532527 18.94169 2.451637 0 0.0
0.03631639 0.06188666 -5.945788 -2.702447 1.18729 1.044882 0.600901 19.50114 2.445217 0 0.0
-0.01371106 0.01018974 -5.093286 -8.09692 0.1553864 0.1356096 0.4000868 16.67999 2.630623 0 0.0
-0.01227801 -0.02014461 -0.4846579 -3.355013 0.24342 0.1901599 0.2322286 15.73656 3.100234 0 0.0
-0.01422562 0.005003617 -1.407398 -4.015583 0.3561397 0.3117488 0.4886633 17.4936 2.472263 0 0.0
0.006145124 -0.01875188 -1.558079 -4.733714 0.5491014 0.4241879 0.244725 18.37365 2.176144 0 0.0
-0.01382482 0.002436362 -1.312832 -4.350513 0.3025647 0.2446462 0.5166881 16.02375 2.752804 0 0.0
0.01195367 -0.002955556 -2.149659 -4.866583 0.636535 0.451004 -0.08864782 18.30994 2.029465 0 0.0
-0.01087669 -0.0139914 -1.024977 -3.674859 0.2527534 0.222638 0.5590472 16.99061 2.828167 0 0.0
0.00468755 0.02770356 -0.6291896 -3.469395 1.830859 1.641838 0.3277551 20.12584 1.852932 0 0.0
-0.01079026 -0.02260498 -0.891137 -3.655657 0.3443857 0.2757689 0.3893422 17.90511 2.434628 0 0.0
-0.0004059296 -0.04470123 -2.490172 -8.068535 0.4404403 0.3344435 0.1785327 18.51884 1.951653 0 0.0
0.01570182 -0.001252629 -1.163911 -3.577573 0.4349424 0.3553776 0.3545847 17.76858 2.46228 0 0.0
-0.07246562 0.03646996 -0.624674 -2.176772 0.6264133 0.4968985 0.2158093 18.62894 2.070948 0 0.0
0.01569872 -0.03170345 -4.737413 -4.824244 1.951777 1.649028 0.7703359 19.81366 1.96114 0 0.0
0.05145575 -0.02976764 -2.416514 -4.671382 1.366705 1.165163 0.7813938 19.11182 2.412704 0 0.0
0.02831923 -0.00088631 0.01305881 -1.747676 1.236661 1.031922 0.7046733 19.21746 2.256508 0 0.0
-0.0436106 0.006905462 -2.357349 -7.393726 1.336028 1.155611 0.2988869 19.89712 2.321314 0 0.0
0.01890245 -0.03205285 -0.08352593 -1.957631 0.5010321 0.4456712 0.5229931 17.72531 2.335197 0 0.0
-0.01110646 -0.00138956 -0.9565793 -5.351419 0.5076949 0.4432023 0.5923639 17.68915 2.266384 0 0.0
-0.01096265 -0.01197533 -4.532316 -6.239988 0.4336792 0.3987017 0.23991 17.78495 2.601015 0 0.0
-0.003324133 -0.01095455 2.053314 3.091692 1.019061 0.6635518 0.2784699 18.69615 nan 0 0.0
-0.04356628 -0.0486842 -2.508811 -8.672808 0.5323159 0.4332295 0.814596 17.39124 1.734138 0 0.0
-0.08035126 0.01174873 -4.241973 -6.963781 0.9356658 0.8183382 0.2943677 19.41341 1.55224 0 0.0
-0.04195075 0.005652794 2.909564 -4.074135 1.287108 1.114212 0.5065424 19.86724 1.987335 0 0.0
-0.05723751 -0.05005051 -1.204325 -2.170165 0.2154196 0.1852089 0.5129392 16.7507 2.306149 1 0.0
0.03245171 0.05880525 -1.116729 -0.08122903 2.421689 2.17206 0.6349204 20.43036 2.025356 0 0.0
-0.01173466 -0.01762496 -9.269357 -4.219075 0.466526 0.3662105 0.4766687 18.23087 2.37034 0 0.0
-0.06845808 0.03407998 -4.890998 -4.869142 0.5003638 0.396276 0.3635043 18.19435 2.039053 0 0.0
-0.02751035 0.05447081 -5.538679 0.4096425 1.840051 1.622099 0.343321 20.3143 1.935452 0 0.0
0.04330228 0.0691099 -2.735734 -3.038157 1.439157 1.254436 0.5732927 19.96972 2.387308 0 0.0
0.02028498 0.04021831 -7.416794 -7.045803 0.8625844 0.7489079 0.4821595 19.3196 2.191572 0 0.0
0.05645987 -0.03480288 -2.477304 -3.138168 1.466318 1.249833 0.7848805 19.29072 2.790911 0 0.0
-0.009473802 -0.03143019 -2.376995 -5.425521 1.010469 0.8519455 0.7653713 19.02224 1.573833 0 0.0
0.006291613 0.0660679 -4.983633 -6.734815 2.095049 1.894952 0.4008183 20.49059 nan 0 0.0
0.03520001 0.06144823 -2.067404 -1.326927 2.579352 2.323652 0.5153576 20.54152 1.537186 0 0.0
0.02559295 -0.05061041 -1.392901 -4.107281 0.3274849 0.302721 0.5219753 17.41329 2.366833 1 0.7868414
0.01281239 0.001934817 -3.462458 -5.253495 1.584832 1.442591 0.4594345 19.18997 nan 0 0.0
-0.04838198 -0.0149866 -6.473415 -2.098309 1.794047 1.457234 0.6971187 19.67199 1.845449 0 0.0
-0.01139102 -0.02237804 -2.462146 -4.74549 0.8925453 0.7582606 0.737607 18.79085 2.339384 0 0.0
-0.02907646 0.01165627 -3.956792 -4.091461 0.2366789 0.2065117 0.3903433 17.45538 2.314138 0 0.0
-0.009104259 0.007960394 -0.8513123 -3.799045 0.2538004 0.2221524 0.5030743 17.07945 2.680031 0 0.0
-0.006388696 0.07146187 -1.625503 -0.5895142 1.372467 1.209115 0.7547199 19.49712 1.903233 0 0.0
0.05452694 -0.0003268588 -8.675691 -10.48755 3.491323 2.953992 0.5697854 20.66689 2.054834 0 0.0
-0.0318238 0.01397507 0.004767599 -6.63099 1.803554 1.587464 0.5079917 20.02156 nan 0 0.0
0.04177598 -0.07074981 -0.5104797 -3.488675 0.3106402 0.2658602 0.7425805 16.96972 2.665706 1 0.5193824
-0.009105525 0.0294524 -5.091564 -1.244795 0.4316339 0.3702063 0.530084 17.90105 2.677481 0 0.0
-0.03032357 -0.04871727 2.206509 0.4550244 1.465087 1.216738 0.7179711 19.3672 1.563002 0 0.0
-0.009586762 -0.05490965 -1.4616 -5.52127 2.239739 1.820669 0.7115721 20.0701 2.293749 0 0.0
-0.03886129 0.008224708 2.364794 -0.8896072 1.067983 0.9208843 0.4590544 19.20523 2.028013 0 0.0
0.001310957 0.04063926 6.626448 -2.931103 0.9596826 0.8393922 0.4832294 19.39091 2.221594 0 0.0
-0.005184749 0.01984145 3.929238 -2.148366 0.8960413 0.7924544 0.3858902 19.3886 2.382217 0 0.0
-0.009159986 -0.01727765 -0.7918855 -3.579278 0.1757603 0.1379165 0.2412875 14.78895 3.536196 1 0.9514589
0.07255648 0.009591564 -1.567595 -6.142564 0.3306763 0.2961633 0.6227442 17.591 2.719439 1 0.0
0.01094807 -0.06265357 0.1188672 -1.053197 1.981903 1.677208 0.3747275 19.61272 2.071587 0 0.0
-0.02026793 0.04462811 -3.647429 -7.048386 1.884232 1.627537 0.5749152 19.57564 2.059124 0 0.0
-0.00626918 -0.05216481 0.2092128 -6.079168 2.925178 2.416038 0.7287743 20.42428 1.144497 0 0.0
-0.04621932 0.02364932 21.97485 13.39749 3.191187 2.808629 0.3510029 20.40518 nan 0 0.0
-0.009736625 0.05389312 -7.187013 -5.045843 0.3877581 0.3071383 0.1547254 18.46921 2.647636 1 0.0
-0.04342432 -0.04494194 7.604341 -3.315402 0.2662365 0.2229115 0.567983 17.03258 0.9454193 0 0.0
-0.03431746 0.03327499 -8.178888 -7.86079 1.975254 1.754671 0.4481718 20.25201 nan 0 0.0
0.0241436 0.009070759 3.206648 -0.9857595 0.3884902 0.2994413 0.1718164 18.3361 nan 0 0.0
-0.05157422 0.03510697 -3.52227 -5.536773 2.643134 2.408929 -0.004789637 20.65177 0.4216881 0 0.0
-0.01007572 -0.01286219 -0.5613693 -4.78221 0.4604048 0.3642825 -0.2170771 18.18328 2.626238 0 0.0
0.03925333 0.01787198 -0.2993456 -3.243747 0.293048 0.2572545 0.6359922 16.98184 nan 0 0.0
-0.02888156 0.04051259 -1.588084 -9.77746 1.478381 1.351053 0.3829004 20.00538 1.570414 0 0.0
-0.01033408 0.0002164815 -0.7419686 -6.585123 0.1646625 0.1289832 0.2608992 15.64011 3.219317 1 0.0
0.02326171 0.04298355 -5.067269 -6.455837 1.248077 1.079862 0.5517434 19.63348 nan 0 0.0
0.04370255 -0.03373444 12.04925 5.943478 1.844895 1.625618 0.4843054 19.45888 2.29018 0 0.0
-0.0591646 -0.02198079 -0.04255977 -6.086596 1.236959 1.076181 0.3383725 19.85232 1.817383 0 0.0
0.07235693 0.01115759 -5.256018 -5.574554 3.09525 2.589229 0.792282 20.40318 1.990751 0 0.0
0.04559665 -0.01278276 -3.609981 -7.944505 3.193009 2.632681 0.7279226 20.40417 1.200018 0 0.0
-0.02901103 -0.03197622 -3.05079 -6.103669 0.183853 0.1622849 0.5164229 16.63477 2.364226 1 0.0
-0.002465977 -0.003882085 -1.736649 -4.164076 0.3446874 0.2692499 0.2417505 15.28683 2.69384 0 0.0
-0.01058995 -0.02346518 -0.9022845 -4.622906 0.5940447 0.4741816 0.2875289 18.46988 2.654779 0 0.0
-0.05518881 -0.02037333 -2.213068 -2.816352 0.5357526 0.4369866 0.2298182 18.89843 1.866167 0 0.0
0.0280579 -0.02196437 4.955092 0.4094162 0.5347291 0.3440434 -0.1093309 18.25612 2.0739 0 0.0
-0.003124005 -0.004313157 -1.279142 -4.195934 0.4321529 0.337253 0.2202058 15.56655 2.626214 0 0.0
0.01953183 -0.03146547 -0.7683645 -3.954202 0.3152122 0.2751275 0.5527986 17.5174 2.658691 1 0.8907146
-0.04778145 -0.0142311 -1.704316 -4.313328 1.984473 1.873494 -0.003040895 20.01489 1.56068 0 0.0
-0.03417054 0.01589908 1.598657 1.467592 1.399793 1.22706 0.7776222 19.47223 1.791021 0 0.0
0.05835415 0.05786876 2.086252 -3.222832 2.587168 2.164438 0.7397077 20.26254 nan 0 0.0
-0.05537497 0.02010627 -5.28341 -4.335727 0.8577411 0.7363855 0.5324651 19.08995 1.835852 0 0.0
0.04421865 0.07054205 -1.390378 -4.538431 0.7294775 0.6046947 0.4634709 19.04608 2.521938 0 0.0
-0.02400966 -0.002953146 3.710031 -3.669996 0.4823767 0.3969657 0.3561906 17.98911 2.004442 0 0.0
0.02602998 -0.003176633 -3.112971 -2.077729 0.1983039 0.1780091 0.5398939 16.38861 2.712555 1 0.0
0.02442996 0.01048787 -0.7246434 -3.668492 0.7163265 0.5584862 0.2446175 18.96741 2.55756 0 0.0
-0.04596653 0.03961008 -0.07489697 -1.245829 0.420776 0.3485586 0.2828441 18.4581 1.994781 0 0.0
-0.06551876 -0.01390955 -1.192869 -10.28792 2.186794 1.944734 0.1986695 20.55026 nan 0 0.0
0.06082591 0.01125412 -0.6022638 -3.368213 0.3138671 0.2792989 0.6116185 17.47217 2.84251 1 0.6747817
0.02952401 0.0154747 -1.201988 -0.5789395 0.2961667 0.2595087 0.5946319 17.45414 2.732798 0 0.0
-0.07793771 -0.008160847 -2.11356 -7.964226 2.288972 1.862541 0.169594 20.44938 nan 0 0.0
-0.03349284 -0.07417529 -2.362481 0.8145868 3.079124 2.517673 0.6768189 20.1577 nan 0 0.0
-0.06377518 -0.01020665 -4.060229 -3.703124 0.9318038 0.8051599 0.5483977 19.12644 1.788244 0 0.0
-0.05219839 0.01906405 -0.1004713 -1.493475 1.202688 1.040673 0.5064212 19.69958 1.676559 0 0.0
-0.06185812 -0.01081623 0.3885707 0.7407293 1.373167 1.181459 0.5098262 19.44572 1.727118 0 0.0
0.04643413 0.0132542 -5.754979 -6.978004 3.670333 3.004636 0.7092718 20.61349 1.93589 0 0.0
-0.003180256 -0.05129115 -3.487805 -3.842288 0.3845183 0.3332293 0.5979352 17.72618 2.440544 1 0.0
0.05961923 -0.001499853 0.1972511 -3.774352 0.4027871 0.3174195 0.2812119 18.36026 3.319166 1 0.1096899
0.01881253 -0.06560309 -3.222639 -1.6694 2.616507 2.152788 0.7090897 20.38871 1.763012 0 0.0
0.03434464 -0.05236496 -2.450058 -6.775853 0.3567107 0.3205102 0.5669299 17.84197 2.611509 1 0.0
0.05146962 0.01182591 -3.114865 -7.266418 0.3901938 0.3396647 0.6071374 17.80325 3.091913 1 0.0
0.04559158 0.06706838 0.1843804 4.58371 1.567112 1.42421 0.5512828 20.16081 2.2971 0 0.0
0.009636892 0.007693333 -4.987566 -2.004228 0.9221931 0.7279568 -0.6302762 17.74151 nan 0 0.0
-0.001178155 -0.05096687 3.198013 -1.466426 0.3686965 0.2802442 0.200426 18.25316 2.089005 0 0.0
0.0230564 0.009616427 0.8414713 -6.818099 2.755437 2.300885 0.5153179 20.29729 1.927593 0 0.0
-0.03871946 0.01312854 -1.172604 -0.246058 0.9078215 0.7838472 0.5175473 19.30126 1.89883 0 0.0
-0.005354055 -0.04878686 -5.139391 -4.968418 2.217415 1.843905 0.7265333 20.18594 nan 0 0.0
-0.05450783 -0.004553537 -10.10745 -4.55957 1.76802 1.580325 0.3810176 20.2257 nan 0 0.0
-0.001121638 0.04354224 -4.479228 -7.489035 0.3519317 0.2898988 0.2656784 18.06101 nan 0 0.0
-0.03616346 -0.02699764 -2.885292 -4.261325 0.2652014 0.2307572 0.6106926 17.22181 2.006466 1 4.737155e-06
-0.05427914 -0.00400414 -3.715327 -4.649837 0.537872 0.4469345 0.3609276 18.78033 nan 0 0.0
0.04776719 0.06780205 -5.030604 -7.635919 1.030165 0.9313887 0.5531151 19.52966 3.254807 1 0.0001574086
-0.05410732 -0.004461843 -4.802164 -8.135757 0.1413193 0.1166395 0.2681312 16.15529 2.623156 1 0.0
0.07455787 0.006460651 -5.610321 -6.346682 0.5185847 0.4172737 0.4077263 18.80289 2.833712 1 0.0
0.0544567 -0.03720733 -3.468467 -3.013733 0.5449974 0.4236276 0.4570407 18.55327 1.752268 0 0.0
0.06437591 -0.0525386 3.706004 -6.790335 0.7093214 0.5631149 0.3463391 18.98816 2.03504 0 0.0
0.001538797 -0.07040275 -1.438792 -4.262831 1.997438 1.659614 0.7822889 19.8358 1.787624 0 0.0
-0.02384479 0.04106085 -2.961704 -7.343967 1.697337 1.535657 0.3590951 20.28625 1.948524 0 0.0
-0.009044749 -0.03102581 -2.173893 -4.143768 1.016189 0.8586153 0.7570152 19.05932 1.979841 0 0.0
0.002997845 -0.04197947 3.113091 0.2111203 1.891236 1.583892 0.7843352 19.80678 1.852253 0 0.0
-0.04626979 0.001081553 2.706783 -0.7405148 1.320565 1.189844 0.1843976 19.59377 1.721205 0 0.0
-0.0412031 -0.008324056 -1.080009 -3.714256 0.1590035 0.1263407 0.2089956 14.67371 3.482613 1 0.9578155
-0.03309519 -0.06158671 1.774037 1.211089 2.747087 2.267401 0.5848336 20.18316 nan 0 0.0
-0.007412005 -0.07764702 -2.787443 -2.896964 1.374088 1.130109 0.7746033 19.32475 2.24749 0 0.0
-0.06572079 -0.009753521 1.341766 -3.720186 2.112946 1.763754 0.7240257 19.75819 1.823553 0 0.0
-0.06670052 0.006489041 -0.2919334 -3.44962 1.699753 1.541263 0.370971 20.27277 nan 0 0.0
-0.05287759 -0.002979407 1.0632 -2.244838 1.564604 1.397238 0.3544411 20.11239 1.590061 0 0.0
-0.03292771 -0.04234535 -9.422322 -4.344161 3.295679 2.706373 0.3836596 20.33731 1.661316 0 0.0
-0.04489247 -0.01262616 -1.25248 -4.014651 0.4872133 0.386477 0.2347176 18.59009 2.292242 0 0.0
0.01397981 -0.06036119 -2.855697 -4.749578 0.2269244 0.2204351 0.3571828 16.75139 3.014391 1 0.0
0.008579518 0.03084288 0.02001637 -6.976167 3.431984 2.887815 0.7359478 20.45895 2.065111 0 0.0
0.004400442 -0.005543428 -1.222651 -3.236428 0.2766748 0.2432987 0.5302917 14.56562 3.638919 0 0.0
-0.0540577 0.01727241 1.259927 -7.601232 1.667332 1.44903 0.7622534 19.66582 1.63998 0 0.0
-0.00655414 -0.07688786 -0.7091866 1.418998 1.461537 1.201476 0.7428646 19.50356 1.959673 0 0.0
0.02603802 0.04457765 -5.357614 -6.141137 1.934384 1.712409 0.4084026 20.20159 2.702127 0 0.0
-0.07432887 -0.01656285 -3.0229 -9.656087 2.936892 2.35093 0.7642988 20.1196 1.911364 0 0.0
-0.02906141 -0.06813764 -0.3318677 -2.906285 2.243293 1.843678 0.7584221 19.91459 nan 0 0.0
-0.06061259 -0.04984008 -2.373675 -7.022459 0.3987285 0.3289345 0.1771773 17.63026 2.468349 1 0.0
-0.04484597 0.02429059 20.61134 10.4171 1.566337 1.348518 0.4808043 19.68569 1.921232 0 0.0
