data/gcs/NGC_6333_M_9.ecsv
# %ECSV 0.9
# ---
# datatype:
# - {name: x, unit: deg, datatype: float64}
# - {name: y, unit: deg, datatype: float64}
# - {name: pmx, unit: mas / yr, datatype: float64}
# - {name: pmy, unit: mas / yr, datatype: float64}
# - {name: pmx_e, unit: mas / yr, datatype: float64}
# - {name: pmy_e, unit: mas / yr, datatype: float64}
# - {name: pm_corr, datatype: float64}
# - {name: g_mag, unit: mag, datatype: float64}
# - {name: bp_rp, unit: mag, datatype: float64}
# - {name: filter, datatype: int64}
# - {name: memberprob, datatype: float64}
# meta: !!omap
# - comments: [deg deg mas/yr mas/yr mas/yr mas/yr dimless mag   mag   zeroone float]
# - __serialized_columns__:
#     bp_rp:
#       __class__: astropy.units.quantity.Quantity
#       unit: &id001 !astropy.units.Unit {unit: mag}
#       value: !astropy.table.SerializedColumn {name: bp_rp}
#     g_mag:
#       __class__: astropy.units.quantity.Quantity
#       unit: *id001
#       value: !astropy.table.SerializedColumn {name: g_mag}
#     pmx:
#       __class__: astropy.units.quantity.Quantity
#       unit: !astropy.units.Unit {unit: mas / yr}
#       value: !astropy.table.SerializedColumn {name: pmx}
#     pmx_e:
#       __class__: astropy.units.quantity.Quantity
#       unit: !astropy.units.Unit {unit: mas / yr}
#       value: !astropy.table.SerializedColumn {name: pmx_e}
#     pmy:
#       __class__: astropy.units.quantity.Quantity
#       unit: !astropy.units.Unit {unit: mas / yr}
#       value: !astropy.table.SerializedColumn {name: pmy}
#     pmy_e:
#       __class__: astropy.units.quantity.Quantity
#       unit: !astropy.units.Unit {unit: mas / yr}
#       value: !astropy.table.SerializedColumn {name: pmy_e}
#     x:
#       __class__: astropy.units.quantity.Quantity
#       unit: &id002 !astropy.units.Unit {unit: deg}
#       value: !astropy.table.SerializedColumn {name: x}
#     y:
#       __class__: astropy.units.quantity.Quantity
#       unit: *id002
#       value: !astropy.table.SerializedColumn {name: y}
# schema: astropy-2.0
x y pmx pmy pmx_e pmy_e pm_corr g_mag bp_rp filter memberprob
[from data line 8750]
-0.06700931 -0.05249321 -4.869092 -3.022815 2.477314 1.875031 0.5139639 20.45648 1.550425 0 0.0
-0.01022388 -0.01209801 -2.131383 -2.999651 0.1363897 0.09688989 0.2290663 16.08719 1.434352 0 0.0
-0.06729066 -0.07259676 -3.994811 -3.677325 0.09749334 0.0694215 0.06940924 15.41478 2.147649 1 0.0
-0.009905659 -0.01088301 -2.182417 -3.16062 0.1238351 0.08699965 0.2392331 16.37706 1.284639 0 0.0
-0.06150592 -0.07150167 -3.388901 -6.16069 0.2388568 0.1638828 0.154942 17.42143 1.667465 1 0.0
-0.07489387 -0.08225682 -6.986533 -2.450498 1.419402 0.8437525 -0.03064061 19.71395 nan 0 0.0
-0.06960367 -0.07516498 -0.9865125 -7.182581 0.1905884 0.1312231 0.1473035 17.08141 1.737831 1 0.0
-0.06304415 -0.05754999 -2.342314 -7.23592 1.092573 0.7414908 0.3688706 19.83065 1.276516 0 0.0
-0.07842052 -0.08677309 -2.299134 -1.024897 0.6007836 0.4638433 0.549315 18.68346 1.660307 0 0.0
-0.008458931 -0.009263591 -1.343475 -3.385884 0.6015402 0.458802 0.3046 17.98478 1.210051 0 0.0
-0.05803564 -0.06907813 -2.971391 -4.054747 0.7284364 0.5713164 0.4181319 18.87187 1.200544 0 0.0
-0.03764847 -0.04249544 -2.1432 -3.604372 0.6026314 0.4608407 0.6491418 18.71333 1.396927 0 0.0
-0.1017678 -0.07635602 -3.430307 -0.3842164 1.145617 0.906749 0.5801705 19.58219 1.542698 1 0.000196765
-0.06845168 -0.0626504 2.175572 -2.706283 2.31748 1.759261 0.7216488 20.38885 1.307516 0 0.0
-0.08269818 -0.03329308 -3.631727 -0.810345 0.5347554 0.3762767 0.3805475 18.74487 1.3459 1 0.0
-0.09514653 -0.07181844 -1.42425 -0.2725902 0.8249993 0.559949 0.3561532 19.39081 1.887655 1 3.065033e-05
-0.01198892 -0.01298885 -4.629488 -6.987048 1.465649 1.457088 -0.09671047 18.57256 1.169413 0 0.0
-0.09230204 -0.08982033 -8.757814 -1.386077 3.382271 2.769623 0.4603145 20.72055 1.70853 0 0.0
-0.0940978 -0.0327897 -0.0932674 -8.393698 0.8316328 0.578057 0.4548936 19.30666 1.519068 1 0.0
0.002507968 -0.01000154 -2.470077 -4.961336 0.409623 0.3212189 -0.1217818 16.7638 nan 0 0.0
-0.03186304 -0.03856704 -2.480234 -4.5643 0.9342213 0.7493589 0.6715066 19.31179 nan 0 0.0
-0.0949907 -0.03998281 -3.037218 -4.885366 0.8769983 0.6039694 0.3846082 19.39254 1.372679 0 0.0
-0.03834191 -0.04647814 -4.549982 3.978278 0.532485 0.4098534 0.6348733 18.42784 1.448523 0 0.0
-0.1211973 -0.04711569 -1.826817 -3.093035 0.2447983 0.1582561 0.2236331 17.44062 1.747095 1 0.7988794
-0.05211633 -0.03443878 -2.363027 -3.773891 0.7612028 0.5723938 0.1824253 18.79418 1.541082 0 0.0
-0.08027968 -0.06965933 -2.52229 -9.869581 0.8984566 0.6065123 0.3405277 19.54708 nan 0 0.0
-0.03961717 -0.03642098 -0.8182732 3.367258 0.3362465 0.2365345 0.3934866 18.01902 1.425034 1 0.0
-0.04939307 -0.0470074 1.175694 -6.228998 0.6730722 0.5785769 0.4848003 18.86724 1.518789 0 0.0
-0.03950077 -0.03936781 -2.468732 -6.323101 0.8792239 0.5886405 0.3348478 19.42562 1.277353 0 0.0
-0.02692015 -0.0106922 -2.077944 -3.860597 0.9890488 0.8053433 0.6234656 19.18343 nan 0 0.0
-0.02822072 -0.02012043 -0.8251804 -6.069202 1.793093 0.9744526 -0.7006038 19.19173 1.012655 0 0.0
-0.09409494 -0.03797578 -1.404103 -3.228428 0.2474711 0.16349 0.07601001 17.19896 1.824116 0 0.0
-0.02703425 -0.02108154 2.624272 -4.00517 2.73807 1.81074 -0.5307778 19.67709 nan 0 0.0
-0.05306546 -0.05253981 -3.099298 -5.905047 0.8534957 0.5848072 0.06629846 19.31674 nan 0 0.0
0.0001351964 -0.002478943 -0.661386 -0.05571802 0.5887054 0.4587609 0.1398225 15.86399 nan 0 0.0
-0.01635806 -0.01470774 -1.20082 -2.707526 0.4651746 0.3428077 0.1892948 17.98367 1.31469 0 0.0
-0.09545926 -0.02986649 -2.850683 -2.999899 0.7315306 0.5598062 0.6168486 18.92837 1.68252 1 0.5915871
-0.06480962 -0.05531523 -7.115766 -8.817606 2.82005 2.10513 0.6860552 20.57196 nan 0 0.0
-0.099176 -0.05671454 -0.8824764 -5.087688 1.095776 0.7463873 0.4418257 19.47013 1.642752 0 0.0
-0.07583754 -0.04155825 0.6526176 -5.088609 1.321927 0.961499 0.594863 19.72976 1.190853 0 0.0
-0.01867409 -0.003792218 1.914959 2.054513 0.5403306 0.4043941 0.3708239 17.61873 1.291952 0 0.0
-0.00501563 -0.004664838 1.15147 0.7490471 0.9034701 0.6122191 0.2805197 17.27741 nan 0 0.0
-0.03646814 -0.01516098 2.137487 -3.674568 0.6431607 0.4864174 0.594145 18.70427 1.336668 0 0.0
-0.07008198 -0.03741113 -6.432385 -9.530315 2.259006 1.663808 0.7388207 20.32389 0.9011517 0 0.0
-0.07221911 -0.04642996 4.479132 -4.957239 2.84791 2.171395 0.5574069 20.57758 1.278872 0 0.0
-0.06397242 -0.05071249 -0.2700958 -5.907471 1.112274 0.7351661 0.3539404 19.90277 1.19718 0 0.0
-0.04427491 -0.03753983 -2.290081 -1.582193 0.8274451 0.677781 0.08569027 18.90134 1.331009 0 0.0
-0.003510867 -0.005986593 9.878411 4.61567 0.6774701 0.4431295 0.5117849 16.87087 nan 0 0.0
-0.0149997 0.003723097 -1.21157 -2.615738 0.2842281 0.1929417 0.7240301 16.9995 nan 0 0.0
-0.07356363 -0.01453776 -6.248618 -7.515294 2.377319 1.711572 0.6493314 20.373 0.9214478 0 0.0
-0.005015608 -0.005393445 -2.451246 -2.661806 0.2301869 0.1667487 0.2893393 16.43858 0.8346701 0 0.0
-0.08089091 -0.06168881 1.014463 -6.956758 1.883517 1.450956 0.5855896 20.11948 1.360395 0 0.0
-0.09191719 -0.05260396 -4.061871 -4.092457 1.678034 1.187511 0.6008454 20.07821 1.705879 0 0.0
-0.03386078 -0.03117835 -2.556472 -3.984754 1.370783 0.8693462 -0.1552542 19.52711 1.469423 0 0.0
-0.01919541 0.0001635655 -4.159949 -10.80041 0.7231809 0.591863 0.5417314 18.68722 1.349152 0 0.0
-0.08700104 -0.04910713 1.994905 -6.208124 2.169593 1.637691 0.7036737 20.1411 1.359074 0 0.0
-0.06556125 -0.05665639 -1.80139 -1.397761 1.114248 0.7571501 0.3841229 19.76678 1.202269 0 0.0
-0.08086982 -0.04514828 -7.958236 -3.612163 1.34038 0.8855369 0.322572 19.92845 1.171618 0 0.0
-0.04095223 -0.01893282 -4.323069 -7.954423 0.8934478 0.7137811 0.5085091 18.78144 1.449303 0 0.0
-0.0540626 -0.009729688 -4.468589 -4.21828 2.827361 2.159061 0.7037105 20.37668 1.361031 0 0.0
-0.06666332 -0.04950616 -1.960058 -9.173625 2.516118 2.370871 0.2352452 20.35696 1.209633 0 0.0
-0.03053713 -0.01094076 -1.578444 -4.545376 0.7985065 0.6532821 0.5698178 18.75434 1.468407 0 0.0
-0.09770153 -0.05518781 -3.993471 -5.545483 1.112014 0.7108864 0.3302173 19.81121 1.356478 0 0.0
-0.0223783 -0.002041716 -2.042535 -2.962702 0.3478518 0.2561568 0.4580514 18.11418 1.243481 0 0.0
-0.09498343 -0.0530386 -0.0791019 1.384883 1.060776 0.6677228 0.3209965 19.77837 1.376625 0 0.0
-0.0590328 -0.02957348 -0.1452729 -6.43769 1.534328 0.9846657 0.3623884 20.07486 1.332724 0 0.0
-0.1039607 -0.03781174 -5.346845 -5.349179 0.6506713 0.5008882 0.577643 18.74362 1.40337 0 0.0
-0.08662546 -0.04810749 0.06615903 -4.099919 0.9701676 0.659257 0.451263 19.5726 1.459633 0 0.0
-0.02298588 -0.00290964 -11.07261 -2.30462 2.268086 2.014401 0.09892642 19.69575 0.3646946 0 0.0
-0.05069197 -0.05692981 -5.152928 -1.933228 0.8081517 0.6302125 0.3595604 18.961 1.451502 0 0.0
-0.06854908 -0.03623367 37.05526 19.42563 2.585335 1.733246 0.3845797 19.79569 1.249035 0 0.0
-0.07783349 -0.04218094 2.890461 4.095997 1.089376 0.7357664 0.4152655 19.70869 1.347929 0 0.0
-0.02932063 -0.01787185 -3.85286 -3.678335 1.356484 0.9993723 -0.5430512 18.81423 0.9488525 0 0.0
-0.02232029 -0.003065955 -3.257169 -4.310559 1.167064 0.9189272 0.6191314 19.39216 nan 0 0.0
-0.1029065 -0.05871946 -7.032843 -9.775035 2.917083 2.09374 0.8167439 20.27405 1.227465 0 0.0
-0.01306095 0.005460851 -1.624395 -2.658477 0.1755656 0.1355418 0.4179028 16.356 0.7357426 0 0.0
-0.02362237 -0.003857679 -2.28097 -3.398451 0.2603078 0.1847002 0.3022268 17.33085 1.389254 0 0.0
0.001582008 -0.00975167 -7.825114 7.080907 2.193388 1.852122 0.03607568 18.84675 nan 0 0.0
-0.05851126 -0.03176484 -3.97716 -5.785328 1.151462 0.857268 0.789436 18.90431 1.69525 0 0.0
-0.06170958 -0.06823255 0.3684931 -5.877774 1.352655 0.9209677 0.4006854 19.84544 1.245396 0 0.0
-0.09424115 -0.08750396 1.223661 4.054125 0.4771068 0.386 0.4770065 18.37395 1.595436 1 0.0
-0.02098639 -0.02566977 -2.198487 -3.383332 0.1468669 0.1005549 0.2838362 16.64177 0.7824612 1 0.9903944
-0.03244621 -0.0146509 -2.870207 -3.933816 0.3522624 0.2415026 0.2269445 17.76323 0.6579418 0 0.0
0.001553078 -0.00912606 -2.359509 -1.997586 0.6759031 0.5177175 0.2969136 17.16566 1.078537 0 0.0
-0.03779418 -0.03774808 -4.476756 -6.698014 2.210345 1.802437 0.1528453 20.10396 0.9616909 0 0.0
-0.004870889 -0.006585534 -2.356658 -4.096972 0.1776744 0.1297283 0.4847578 16.08442 0.8182325 0 0.0
-0.073089 -0.04179547 -2.350068 -2.770073 0.3766994 0.2629456 0.3217543 18.14013 1.140959 0 0.0
-0.002961176 0.0004736072 12.86348 7.90278 1.233123 0.7959339 0.402769 16.90157 nan 0 0.0
0.006645872 -0.009707923 -1.850342 -3.126345 0.09777672 0.06331239 0.0300947 12.40108 1.992269 1 0.971328
-0.06718194 -0.0548889 -12.09415 -6.617776 1.955117 1.467441 0.7103026 20.08384 1.317749 0 0.0
-0.05096184 -0.02508671 -3.613011 1.474685 2.519132 1.984177 0.2694118 20.30705 1.276375 0 0.0
-0.08052192 -0.04671977 -0.462837 -10.34499 0.7284368 0.4976141 0.4181751 19.15304 1.376493 0 0.0
-0.07852432 -0.04981447 3.303936 -0.154614 2.032456 1.318074 0.5391922 20.24432 1.582336 0 0.0
-0.005681019 -0.00969263 0.9690465 -2.278805 1.055674 0.9628407 0.2184098 18.43959 nan 0 0.0
-0.01962743 -0.01763968 -3.3133 -8.729785 0.1690619 0.1219933 0.289196 17.049 1.043995 0 0.0
-0.07988359 -0.05069629 -0.6185866 -7.478887 1.100333 0.7422971 0.3965012 19.79973 0.9605007 0 0.0
-0.07829619 -0.04260268 -5.986288 -8.710822 0.9725936 0.6666006 0.3348372 19.46119 1.348944 0 0.0
-0.01071571 -0.01346561 -2.595518 -3.524941 0.8116331 0.756691 -0.04875133 18.53111 1.139561 0 0.0
-0.04711248 -0.02930084 -3.413179 -2.992023 2.541966 2.010958 0.2857232 20.33092 1.307711 0 0.0
-0.03909953 -0.02274518 0.8784259 -0.5954005 2.044308 1.043415 -0.6797883 19.29161 1.034163 0 0.0
-0.01042758 0.006729419 -3.216024 -2.314449 0.2651719 0.1947643 0.2058302 15.05096 1.587293 0 0.0
-0.01366656 -0.02084916 -1.875743 -3.034938 0.1553525 0.1098088 0.279962 16.87044 0.6806602 0 0.0
0.0004245481 -0.01222359 -1.467226 -1.993111 0.06046576 0.04301834 0.2437143 14.29337 1.74304 0 0.0
-0.09347878 -0.05366148 -1.757946 -5.360416 1.640081 1.207696 0.8197893 19.53092 1.52598 1 0.007044365
-0.002179767 -0.005891203 14.12529 8.379321 0.4720524 0.3113025 0.4160589 17.12405 nan 0 0.0
-0.02906132 -0.01134105 -2.456957 -3.109397 0.4322402 0.3505168 0.6089245 18.21143 1.108902 0 0.0
-0.0997082 -0.0865038 -5.18302 -2.105357 0.9648609 0.7575704 0.4798372 18.98822 1.390404 0 0.0
-0.1116092 -0.06591752 1.397792 -4.079544 1.192516 0.8185618 0.3902162 19.7223 1.493771 0 0.0
-0.01823734 -0.02900541 -1.572258 -2.50481 2.753459 1.399682 -0.6995189 19.78771 nan 0 0.0
-0.08229381 -0.03187763 -2.281317 -2.844822 1.069561 0.7329987 0.3860573 19.71067 0.9765873 0 0.0
-0.01566521 0.002809418 0.2030331 -2.970451 1.682247 1.312475 0.6780584 18.95674 nan 0 0.0
-0.0246904 -0.02224658 -1.615176 -4.318319 2.681923 1.902416 -0.5489806 19.77811 nan 0 0.0
-0.001716771 -0.006318444 -8.388094 -11.28325 0.9522912 0.669053 0.2955174 15.69924 1.73865 0 0.0
-0.004465938 -0.0002645694 -5.162946 -6.635996 0.5363137 0.3881469 0.2850666 16.53576 0.8339405 0 0.0
-0.08246811 -0.03040715 -1.408356 -3.207738 1.25029 0.8607574 0.4184739 19.94565 1.171907 0 0.0
-0.05663109 -0.03038901 -2.695013 -5.689054 0.5260752 0.4052031 0.5805383 18.45598 1.596451 0 0.0
-0.0004435219 -0.01537262 1.090806 -1.582947 0.2276471 0.1599007 0.2938631 17.43954 1.141109 0 0.0
-0.0005303515 -0.007834779 -1.916406 -3.20801 0.09970486 0.07707474 0.3175163 13.49793 1.704008 0 0.0
-0.05461163 -0.01211214 1.922848 -1.272856 0.4247357 0.329763 0.616486 18.19723 1.260221 0 0.0
-0.02124811 -0.01512217 -2.230768 -3.380083 0.1732181 0.1309069 0.3767259 16.28259 1.458887 0 0.0
-0.08842151 -0.09920624 -5.648079 -2.44791 2.51655 1.950989 0.4011601 20.34105 nan 0 0.0
-0.05874865 -0.01450151 -4.064047 -0.4602881 0.9799064 0.765668 0.240932 19.58143 1.287266 0 0.0
-0.02440343 -0.005568681 -2.224292 -2.09096 0.7955043 0.5972176 0.4701749 18.84825 nan 0 0.0
-0.07809209 -0.04607396 -0.2168341 0.003092075 1.108522 0.7501311 0.4253138 19.63589 1.298298 0 0.0
0.002739415 -0.01270426 -2.760574 -3.687295 0.1048718 0.07343023 0.303051 15.50727 1.40473 0 0.0
0.00285519 -0.01086176 -1.956531 -3.771657 0.1545266 0.1098752 0.2667573 14.44585 1.51416 0 0.0
-0.09348137 -0.04893889 -6.409251 -6.535218 3.003381 2.203099 0.8185345 20.29852 1.379665 0 0.0
-0.1089886 -0.04755188 -1.482858 -1.397226 1.276927 0.8722641 0.4338753 19.92056 1.243999 0 0.0
-0.1108996 -0.04498391 5.420065 0.2787768 3.892598 2.994198 0.551752 20.68818 1.230755 0 0.0
-0.07480068 -0.03093386 -7.67612 -1.213693 0.7914152 0.5488843 0.4192526 19.31163 1.233301 0 0.0
-0.08843103 -0.02508481 2.537953 -3.734024 2.424999 1.80969 0.582051 20.30405 nan 0 0.0
-0.03319901 -0.0122249 1.753959 -4.838604 2.210969 1.142173 -0.7093041 19.46658 0.5463181 0 0.0
-0.07653038 -0.04490977 -1.410133 -6.269396 0.6551307 0.4690002 0.4959282 18.93008 1.520655 0 0.0
-0.05569625 -0.057927 2.294103 -4.800189 2.827047 2.291748 0.5234156 20.48913 1.318848 0 0.0
-0.08525321 -0.07318651 -5.264834 -8.55945 2.242678 1.685652 0.4773733 20.34074 1.157101 0 0.0
-0.101325 -0.04273493 -2.148174 -6.583617 0.985628 0.7010877 0.3757738 19.59857 1.38497 0 0.0
-0.08343173 -0.07150333 -1.348879 -1.991624 0.5791382 0.4484092 0.5671306 18.62794 1.512846 1 0.1843721
-0.100273 -0.06065766 -5.050122 -7.106207 1.503459 1.034104 0.4395169 19.87038 1.387955 0 0.0
0.003057768 -0.009429349 -1.68136 -1.578866 0.3749945 0.2743003 0.01791884 12.63858 1.911259 0 0.0
-0.101169 -0.0619323 4.981551 -3.149099 1.000387 0.6821661 0.4116512 19.48438 1.690109 0 0.0
-0.03117292 -0.01537355 -0.794738 -2.706116 2.633508 1.879714 -0.5332775 19.72497 0.942709 0 0.0
-0.09353469 -0.05723016 0.45708 -4.595167 0.8655234 0.6801969 0.6285604 19.06363 1.36931 0 0.0
-0.08448569 -0.04601024 -0.7988828 -6.561279 0.8701694 0.5871827 0.4152865 19.21862 1.681801 0 0.0
-0.1035978 -0.06369996 -4.078389 -2.775303 1.045268 0.7103632 0.3931584 19.67678 1.510223 0 0.0
-0.1002869 -0.08612457 -0.9225692 -0.2925222 2.640182 1.992837 0.5361023 20.42489 1.292879 0 0.0
-0.03881069 -0.02053068 -1.412909 -2.113359 0.9126334 0.557936 -0.02258743 19.00004 1.173214 0 0.0
-0.007186135 0.0004372423 -3.636906 -4.420383 0.4912018 0.3759485 0.5833776 17.58731 0.8254528 0 0.0
-0.02144934 -0.02558019 -1.523808 -3.46376 0.5753785 0.485452 -0.007446089 18.30858 nan 0 0.0
-0.1079061 -0.06661896 -3.446846 -2.312185 1.27562 0.8421768 0.4168743 19.76865 1.455231 0 0.0
-0.0823439 -0.04799093 3.201532 -2.627613 0.7325192 0.5350234 0.653902 18.71836 1.720037 1 0.0
-0.06879886 -0.06252275 -2.561586 -6.023169 2.077979 1.548652 0.7372867 20.18515 1.064219 0 0.0
-0.06117841 -0.01680072 -4.033484 -9.376825 0.7041746 0.5568861 0.6563341 18.89442 1.487307 0 0.0
-0.01210586 0.003940764 -2.019137 -4.279381 0.8847806 0.6747977 0.3739926 17.72477 1.117554 0 0.0
-0.08825341 -0.08874245 6.318241 -0.6368382 1.492392 1.027772 -0.002635878 19.63508 1.917381 0 0.0
-0.02373781 -0.006121718 -0.5726039 -8.895882 2.145264 2.035144 0.2550837 19.64075 nan 0 0.0
-0.1049289 -0.06288442 -2.704037 -2.26437 1.056793 0.7766812 0.789591 18.94589 1.555468 0 0.0
-0.07415912 -0.04254743 -3.022049 -8.425492 2.385015 1.77136 0.7158105 20.36637 nan 0 0.0
-0.1052577 -0.04585773 2.002981 3.850807 1.198152 0.9191085 0.6894967 19.48931 nan 0 0.0
-0.002035138 -0.001178143 -2.012806 -5.130273 1.075216 0.7830472 0.2196597 16.61924 nan 0 0.0
-0.05345425 -0.01193439 -1.950188 -4.4298 0.8193102 0.5636269 0.4857358 19.44518 1.244802 0 0.0
-0.09943465 -0.05964628 1.621376 -5.236703 0.907384 0.5967082 0.4606553 19.28493 1.617487 0 0.0
-0.07291522 -0.042236 -5.423565 -2.882811 2.094337 1.558056 0.7255105 20.22163 nan 0 0.0
-0.01395614 -0.01798435 -2.390691 -3.099198 0.8616206 0.8163599 0.2686765 18.88698 1.365728 0 0.0
-0.06776683 -0.03898567 -1.586534 -3.453157 1.074206 0.7393903 0.3832222 19.66714 1.18952 0 0.0
-0.001080181 -0.002660144 -4.273221 -2.459373 1.163161 1.092724 0.07976832 15.61386 nan 0 0.0
