data/gcs/NGC_4833.ecsv
# %ECSV 0.9
# ---
# datatype:
# - {name: x, unit: deg, datatype: float64}
# - {name: y, unit: deg, datatype: float64}
# - {name: pmx, unit: mas / yr, datatype: float64}
# - {name: pmy, unit: mas / yr, datatype: float64}
# - {name: pmx_e, unit: mas / yr, datatype: float64}
# - {name: pmy_e, unit: mas / yr, datatype: float64}
# - {name: pm_corr, datatype: float64}
# - {name: g_mag, unit: mag, datatype: float64}
# - {name: bp_rp, unit: mag, datatype: float64}
# - {name: filter, datatype: int64}
# - {name: memberprob, datatype: float64}
# meta: !!omap
# - comments: [deg deg mas/yr mas/yr mas/yr mas/yr dimless mag   mag   zeroone float]
# - __serialized_columns__:
#     bp_rp:
#       __class__: astropy.units.quantity.Quantity
#       unit: &id001 !astropy.units.Unit {unit: mag}
#       value: !astropy.table.SerializedColumn {name: bp_rp}
#     g_mag:
#       __class__: astropy.units.quantity.Quantity
#       unit: *id001
#       value: !astropy.table.SerializedColumn {name: g_mag}
#     pmx:
#       __class__: astropy.units.quantity.Quantity
#       unit: !astropy.units.Unit {unit: mas / yr}
#       value: !astropy.table.SerializedColumn {name: pmx}
#     pmx_e:
#       __class__: astropy.units.quantity.Quantity
#       unit: !astropy.units.Unit {unit: mas / yr}
#       value: !astropy.table.SerializedColumn {name: pmx_e}
#     pmy:
#       __class__: astropy.units.quantity.Quantity
#       unit: !astropy.units.Unit {unit: mas / yr}
#       value: !astropy.table.SerializedColumn {name: pmy}
#     pmy_e:
#       __class__: astropy.units.quantity.Quantity
#       unit: !astropy.units.Unit {unit: mas / yr}
#       value: !astropy.table.SerializedColumn {name: pmy_e}
#     x:
#       __class__: astropy.units.quantity.Quantity
#       unit: &id002 !astropy.units.Unit {unit: deg}
#       value: !astropy.table.SerializedColumn {name: x}
#     y:
#       __class__: astropy.units.quantity.Quantity
#       unit: *id002
#       value: !astropy.table.SerializedColumn {name: y}
# schema: astropy-2.0
x y pmx pmy pmx_e pmy_e pm_corr g_mag bp_rp filter memberprob
[from data line 1499]
0.01790692 0.0427171 -7.919805 -0.5343627 0.1002608 0.07796113 0.1871839 16.61379 1.063928 1 0.4905471
0.1029771 0.1027852 -9.439972 -0.653936 0.6895689 0.3862172 0.3256278 19.41674 1.944742 1 0.4939914
-0.1462205 -0.03867791 -7.20637 -2.857983 0.1676176 0.1221214 0.193872 17.41912 1.275873 1 0.0
-0.01313351 -0.03278731 -13.13909 -2.66993 1.485497 0.6155361 0.299913 19.83532 0.8238697 0 0.0
-0.07332048 -0.00890098 -9.292101 -4.245899 3.821655 3.825236 0.3694851 20.98862 1.338285 0 0.0
0.05298606 0.04680505 -9.761282 -1.175969 2.971342 2.015702 0.246559 20.60959 0.9652843 0 0.0
0.01491303 -0.01474504 -16.36511 -3.133642 1.260937 0.4676555 0.3458699 19.02595 nan 0 0.0
0.1385039 0.01976666 -8.274376 -2.284619 0.03436825 0.02952541 0.1933563 14.36345 1.694656 1 0.0
-0.02059285 -0.005655878 -2.54655 2.540962 1.180208 1.181906 0.4699312 18.61017 nan 0 0.0
-0.01636443 -0.01836252 -8.357164 -0.9220843 0.09790728 0.07892213 0.190596 16.32663 0.5457392 0 0.0
-0.04075398 0.04362186 -6.027417 -3.273151 1.228361 1.161271 0.3552856 20.16078 1.475428 0 0.0
-0.1348425 -0.05435233 -5.667199 0.3732543 1.360493 0.9223224 -0.04348081 20.2233 0.9739723 0 0.0
-0.03798625 0.01623013 -8.562262 -1.173686 0.2772671 0.2243845 0.1584568 18.61069 0.9771843 0 0.0
0.008178225 0.006705104 -12.0361 -7.180264 0.6404826 0.8497726 0.1777792 18.24717 1.028967 0 0.0
0.05540035 -0.04139002 -7.184998 0.7512662 0.932681 0.5980362 0.1906911 19.73966 1.116381 0 0.0
0.02475275 -0.003509136 -8.484878 -1.342422 0.3629061 0.2375177 0.2494285 17.28904 1.258226 0 0.0
0.02665211 0.007734144 -7.855301 -0.7223917 0.9300158 1.332908 0.1517037 19.46605 0.8328629 0 0.0
-0.0620291 0.05253153 -7.957192 -0.8649633 0.3982477 0.3183474 0.2194075 19.07345 0.9450626 1 0.9277818
-0.107355 -0.01979815 -6.690409 -2.182389 1.605116 1.685626 0.0942525 20.66272 1.213177 0 0.0
0.0149076 -0.01531724 -10.41912 -1.556021 1.084207 0.7339364 0.5393668 19.14661 nan 0 0.0
0.06209513 -0.1332757 -4.920508 0.3682338 0.7498512 0.4994383 0.2237172 19.55164 1.207308 0 0.0
-0.0005475828 -0.006759102 -1.489547 -2.852155 1.343445 0.7081919 0.1788143 17.79998 nan 0 0.0
-0.1561089 0.06571157 -12.04914 -5.254233 0.2040473 0.1982816 0.1202047 18.23055 1.518738 1 0.0
-0.02078793 -0.005488235 -8.857748 -0.8534337 0.4548164 0.349975 0.2154015 18.14782 1.048256 0 0.0
0.04383997 0.07124903 -7.0716 -1.317684 1.352044 1.153082 -0.1079569 20.32842 0.9178028 0 0.0
0.01301894 -0.02368536 -7.412726 -0.5218243 0.3665845 0.2655678 0.2594235 18.6058 1.061598 0 0.0
-0.0402701 0.01496679 -8.625861 -1.362059 0.5779987 0.4161369 0.2808685 19.38056 0.8735847 0 0.0
-0.03749537 0.01592589 -8.112788 -2.229944 1.569619 0.9764536 0.1266336 20.06827 nan 0 0.0
0.04316805 0.04132032 -10.94979 2.185856 2.107866 2.224431 0.4506703 20.42065 nan 0 0.0
-0.03562298 0.08248062 -8.345711 -2.338438 1.057534 1.296699 0.2407492 20.54668 0.8459835 0 0.0
-0.05862672 -0.01166742 -8.885163 -1.100125 0.3328701 0.2876308 0.1224001 18.87849 1.138462 0 0.0
0.03746155 0.006351045 -10.01634 -1.276672 0.7122334 0.6944727 0.2103078 19.65413 0.8378048 0 0.0
-0.06201593 0.02900241 -8.242017 -0.7025222 0.151121 0.1050931 0.2785607 17.27423 1.296429 1 0.96544
-0.02797784 -0.123005 -22.69462 -2.942581 1.397271 0.9025098 -0.05543571 20.13912 2.26017 0 0.0
0.01467605 -0.01096068 -8.057511 -1.345862 0.5216166 0.405517 0.1449751 18.99958 1.085569 0 0.0
0.04762738 0.06689157 -6.535271 -0.8472303 3.508865 2.110237 0.03206585 20.80805 0.8032207 0 0.0
-0.0294218 -0.1175063 -4.253893 -1.925012 0.9020157 0.5214648 0.08811575 19.89252 1.469631 1 0.0001546983
0.006235764 0.07967332 -8.81581 -0.7316205 0.2132344 0.1829963 0.1442757 18.07686 1.085506 1 0.8729424
0.06820538 -0.03580704 -8.636586 -0.8966828 0.6998735 0.4395281 0.1793535 19.52578 0.9546719 0 0.0
0.01600868 0.03705008 -6.832893 -1.029845 1.857192 1.111636 -0.2945077 20.14739 nan 0 0.0
-0.03095552 0.01533442 -9.21572 -0.8831449 0.4017658 0.287193 0.1953355 18.68565 1.052177 0 0.0
0.0261617 -0.1245513 -8.441138 -1.708392 1.503831 0.6513386 -0.1340982 20.10123 1.217743 0 0.0
-0.05529659 -0.02698538 -8.235066 -0.8762047 0.3582858 0.2997212 0.1257403 18.90613 0.9519958 0 0.0
-0.03143579 0.03117231 -7.262894 -2.960043 0.5410691 0.3575713 0.1447925 19.14757 1.285067 0 0.0
0.05862745 -0.07860037 -4.375239 0.6947914 0.8521896 0.5809488 0.262626 19.96681 1.247877 0 0.0
-0.02007294 -0.005815563 -10.84302 -3.544458 0.949844 0.8084376 0.2165631 18.63968 nan 0 0.0
0.04477601 0.0703009 -7.755801 0.01333776 2.037449 1.393614 0.1307501 20.6282 0.452652 0 0.0
-0.06669161 -0.01279914 -12.12882 0.3999544 1.702063 1.591871 -0.05255204 20.68067 0.6038055 0 0.0
-0.1095252 -0.04279772 -4.136545 0.9861988 0.09611487 0.08332186 0.1614597 16.83792 1.328796 1 0.0
0.1442764 0.02496715 -4.488559 0.5369117 0.1205349 0.09607698 0.2071377 17.01608 1.389099 1 0.0
-0.01349209 0.01758936 -8.289379 -0.8198225 0.2260892 0.126485 0.1692221 17.5051 1.2696 0 0.0
-0.02073654 0.01231884 -7.005655 0.215042 0.8019973 0.5180061 -0.02528109 19.43969 1.397068 0 0.0
0.05739008 -0.04163982 -8.453625 -2.118445 1.069153 0.6665488 0.2138961 20.10037 0.9596424 0 0.0
0.01401874 -0.0149275 -11.43129 -3.231609 1.253848 0.9538147 0.6478133 19.62036 nan 0 0.0
0.00325639 -0.1216351 -8.551912 -0.831396 0.6179472 0.3650195 0.198038 19.31565 1.12113 1 0.8518168
0.08901663 -0.08397807 -8.715041 -1.662747 0.8203016 0.6608644 0.4348108 19.77499 1.40037 1 0.6816759
0.01200799 -0.03583072 -10.97495 0.8551906 0.68045 0.3332019 0.0484236 18.45749 nan 0 0.0
0.03696165 0.06577742 -5.576755 -5.438506 3.154636 1.670761 0.1221562 20.46879 nan 0 0.0
0.06509692 0.1082623 -5.670531 -0.06960718 1.075465 0.7439863 0.2130243 20.17053 0.7211685 1 0.1042753
0.09083315 0.08762337 -4.989177 -0.5839686 0.5818259 0.3925689 0.2688389 19.45014 1.495815 1 7.678635e-06
0.05496217 -0.06445254 -5.300055 0.8658947 1.345982 0.8354126 0.293697 20.18257 0.9743328 0 0.0
-0.03102251 0.04228137 -8.501552 -0.7503395 0.3588784 0.2808924 0.2499855 18.8336 1.047255 0 0.0
-0.05093804 0.02747745 -8.629609 -0.777534 0.6587073 0.4353018 0.2235191 19.63 nan 0 0.0
-0.04567822 0.01719814 -12.28573 -3.059459 0.6537337 0.5332221 0.1302601 18.47065 1.069016 0 0.0
-0.01959085 0.01209875 -7.908991 -0.1319835 1.047492 0.5563089 0.2780498 19.52165 1.136108 0 0.0
0.02026519 0.03649688 -10.29858 -0.4558303 0.9549693 0.559343 -0.09108026 19.59524 1.088493 0 0.0
-0.06004591 -0.03301881 -16.23877 -0.4512717 2.535768 1.929276 -0.4450318 20.69333 -1.267122 0 0.0
-0.03719022 0.02933133 -10.06268 -2.206051 2.539954 1.55985 0.5528374 20.45667 nan 0 0.0
-0.07671413 0.047094 -8.861705 0.1313042 0.9107789 0.9786008 -0.01480495 20.22352 1.481979 0 0.0
-0.007341761 0.02809062 -7.199606 0.2494371 2.403915 1.041502 0.296643 19.75441 0.7375717 0 0.0
-0.1542147 -0.106932 -5.457488 1.878418 1.373344 0.81933 -0.167055 20.09199 1.436363 0 0.0
-0.02783106 0.09237307 -2.689446 -4.980899 2.577817 2.69556 0.005624325 20.88185 0.6539955 0 0.0
-0.0785408 -0.05335487 -8.639725 -0.4970621 0.8250767 0.5322305 0.2514419 19.72404 1.142881 0 0.0
0.01498891 -0.01347862 1.467278 -1.143312 1.202422 0.9597617 -0.5872932 18.99244 nan 0 0.0
0.03891748 0.03999394 -5.587635 1.451717 2.734885 1.482633 0.4130869 20.36715 0.6977234 0 0.0
0.08238508 -0.0818131 -3.418716 -0.3363176 0.7209655 0.5387857 0.2987122 19.73842 1.181442 1 0.0
0.1088492 0.1467839 -10.53124 1.48745 0.2548518 0.2279015 0.1205079 18.56632 1.157324 1 0.0
-0.007497728 0.03015813 -8.360178 -1.362837 0.5261799 0.349155 0.2950639 19.05576 0.9335308 0 0.0
-0.01067875 0.1179786 -7.512642 -3.246549 0.4839134 0.3302131 0.134596 19.13759 0.8534355 0 0.0
0.01170503 0.04298874 -7.945756 0.3686896 0.5434557 0.3557533 0.1464061 19.25845 0.9577045 0 0.0
0.06130065 -0.03371692 -1.004298 -0.7049417 3.58543 1.743261 0.06128175 20.58173 0.7605171 0 0.0
0.03050276 0.01746373 -10.25593 0.2136962 0.9528966 0.3960047 -0.2481156 18.26943 nan 0 0.0
-0.01334934 -0.119526 -8.060949 0.650925 0.9129342 0.5348372 0.1921033 19.74627 1.964523 0 0.0
-0.01283987 0.02259467 -8.466827 -0.8902561 0.2243298 0.1635904 0.2978984 17.75287 1.186832 0 0.0
0.01733858 0.005692143 -9.896157 -3.714451 0.5336078 0.4625361 0.2872322 17.91026 1.154839 0 0.0
0.09633748 -0.0741093 -0.6322368 6.124582 2.619645 1.803969 0.4482858 20.72506 1.583084 0 0.0
-0.01209828 0.01289817 -8.957124 -1.189308 0.1573145 0.1219084 0.1885599 17.08699 0.4589252 0 0.0
-0.02683406 0.03084335 -9.25768 -0.7042498 0.6274998 0.4616374 0.2965445 19.503 nan 0 0.0
0.02418333 -0.01141249 -8.485604 -7.843459 0.9449538 0.7974188 0.1916411 18.29058 1.165676 0 0.0
-0.1130182 -0.03209786 -6.231617 4.164474 2.591329 2.206845 0.2008712 20.60063 1.14188 0 0.0
0.05290273 -0.02579629 5.834466 -2.359536 1.790154 1.044012 0.2755785 19.3481 1.099245 0 0.0
0.02337633 0.06302851 -8.5831 -1.456532 0.8593407 0.5973787 0.1245963 19.96592 0.9596729 0 0.0
0.007678761 0.00826933 -9.366508 -2.483484 0.6225729 0.4099489 0.2467069 18.8266 nan 0 0.0
-0.018168 0.03153217 -11.00012 -0.02268918 2.090063 0.8775975 0.332905 20.09445 1.043135 0 0.0
-0.06261223 -0.112945 -8.438127 -0.8952259 0.6688417 0.4545026 0.3251348 19.35272 1.205807 1 0.8092049
-0.03318832 -0.06731088 -6.382081 1.217771 0.948476 0.6657198 0.1535386 20.0536 nan 0 0.0
-0.1137446 0.07603114 -7.882939 -1.911478 0.222161 0.2192337 0.1178081 18.40145 1.385958 1 0.007982035
0.04082639 -0.04732848 -8.829574 0.03912992 0.9188223 0.6747776 0.4200641 19.89097 1.140493 0 0.0
-0.07124275 -0.09459492 -13.3395 -2.139432 1.664703 1.084555 0.00712505 20.38137 1.807756 0 0.0
0.08597452 -0.1377675 -1.651484 -1.508524 1.886747 0.9182147 0.1698346 20.21356 nan 0 0.0
0.09333978 -0.08454732 -5.252612 2.296502 0.5832506 0.4957016 0.3994252 19.35014 1.269602 1 0.0
-0.02877199 -0.07227071 -8.688297 -0.9331761 0.8253958 0.500776 0.1928994 19.7092 1.124891 0 0.0
0.04692209 0.003973471 -8.542795 -3.298227 0.6282041 0.577252 0.2086128 19.2245 nan 0 0.0
-0.02663156 0.02169598 -8.259553 -1.146639 0.5025316 0.3915096 0.3229195 19.12412 0.9386845 0 0.0
0.07958834 -0.02319982 -6.680071 -1.428629 1.663143 1.378573 0.3798465 20.5601 0.8557968 0 0.0
0.02908145 0.08246071 -6.942685 -1.443414 2.904768 1.804394 -0.226882 20.64987 0.07216263 0 0.0
0.04288613 0.04067243 -10.11992 -0.4260687 4.118308 2.476955 -0.07304579 20.55972 0.6114597 1 0.5435491
0.007390203 -0.1212929 -5.222379 -2.254127 0.3762135 0.3024791 0.2426165 18.99328 1.3475 1 0.0
-0.04997427 -0.06677393 -8.235972 1.127507 0.9812832 0.6189522 0.07073461 20.07777 1.020805 0 0.0
-0.01104015 -0.05470528 -8.42083 -1.260212 0.9442573 0.5013962 0.3252538 19.69958 1.075306 0 0.0
-0.0007063447 0.1020055 -10.40502 -1.433886 1.343114 1.221495 -0.2075124 20.42513 0.9247532 0 0.0
0.1196785 -0.08686354 -3.879909 -1.014761 0.2451926 0.2133511 0.0807139 18.26158 1.314293 0 0.0
0.02257784 0.01345361 -7.964369 0.6557479 1.088654 2.084583 0.3335178 19.56172 nan 0 0.0
-0.01685798 -0.01940816 -6.870083 -0.2990765 0.4655355 0.2370323 0.06020992 18.45304 nan 0 0.0
-0.09863942 -0.1139389 -5.904654 0.9477563 0.7804587 0.5289396 0.2055593 19.78111 1.275604 1 0.0010755
0.02988881 -0.03799347 -5.890401 2.393065 1.051503 1.180489 0.5942928 19.14364 nan 0 0.0
0.08190378 0.0006785928 -8.118795 -0.6749814 0.7676424 0.556307 0.2851268 19.6874 1.003744 0 0.0
-0.09552057 -0.1615619 -2.973297 0.6770097 0.2649081 0.2091357 0.09390167 18.25795 1.633095 1 0.0
0.1431342 0.09747173 -3.986689 0.9197026 0.9370562 0.7164949 0.1588456 20.17764 1.292486 1 5.733676e-05
0.07985524 -0.02387992 -6.079393 -1.597977 0.540767 0.3713275 0.3090574 19.31426 1.403549 0 0.0
-0.01238693 0.01051762 -9.50436 -2.154351 0.4474042 0.3312259 0.179604 18.29375 nan 0 0.0
0.03796281 0.004358819 -10.25077 -2.979974 1.604057 2.329574 -0.1235859 20.31525 nan 0 0.0
-0.0821358 0.04584403 -5.453223 -3.098649 1.614204 1.677266 -0.05111363 20.7641 0.6348763 0 0.0
-0.04194488 -0.01635541 -9.441618 -0.4226842 0.8474164 0.6775264 0.2370025 19.92292 nan 0 0.0
0.01784183 -0.1235197 -5.339712 -0.2224472 0.5467532 0.3588487 0.2408176 19.26283 1.401962 1 2.942415e-05
0.1311413 -0.08834768 -5.84817 0.5879207 0.7105811 0.5110104 0.244619 19.79088 1.272766 1 0.002470532
-0.03665298 0.02848546 -8.522938 0.1651456 1.77826 1.064625 0.1518665 20.39429 0.922514 0 0.0
-0.03218333 -0.1639965 -2.519266 -0.2213106 0.3019671 0.2291239 0.0922656 18.47743 1.580021 1 0.0
-0.02839213 0.02450116 -10.98617 -1.449718 0.6294289 0.4470038 0.1967678 19.43794 1.467438 0 0.0
0.07444163 -0.06402027 -8.746531 -4.048975 0.4818728 0.3401561 0.2761357 19.11126 1.987619 1 0.0
-0.01073546 -0.1199516 -7.246085 -0.2358612 0.7737258 0.4627679 0.2061933 19.65491 1.157818 0 0.0
-0.0368899 0.07267454 -6.139768 0.7359975 1.307868 1.522872 0.1908369 20.58426 0.5725002 0 0.0
-0.04772628 -0.01747473 -10.04647 -2.032198 0.3112464 0.2517582 0.1200843 18.52188 1.319372 0 0.0
-0.05813749 -0.04729541 -10.04369 -0.9943415 0.7202597 0.4077025 0.3057683 19.47309 1.065035 0 0.0
-0.06275144 0.0288704 -6.780637 -0.9910892 1.004133 0.4603151 0.1741042 19.69217 nan 0 0.0
-0.1137828 0.09329651 -1.248492 0.5800128 0.2621107 0.255207 0.1171422 18.5751 1.883436 1 0.0
0.1417002 -0.02037223 -5.778992 -2.007174 0.2983159 0.229947 0.1964307 18.49639 1.250006 1 0.0
-0.07230291 -0.06178455 -8.247404 -1.223848 0.5895121 0.3975621 0.2248476 19.39654 1.299768 1 0.8880947
0.03401498 0.1291906 -6.849991 -2.96544 2.610563 1.69719 0.1022989 20.76901 1.305964 0 0.0
-0.0290175 0.08973924 -2.321814 -0.3209853 0.325882 0.2542692 0.198069 18.86801 1.440237 0 0.0
-0.004694316 -0.011055 -49.06597 -17.42995 1.66351 1.265215 0.2065745 18.95616 nan 0 0.0
-0.0003216589 -0.07111302 -7.978376 -1.531185 0.7227469 0.5175956 0.2216594 19.88838 0.9483509 0 0.0
0.01218139 -0.166896 -5.223964 -1.786479 0.2236174 0.1822587 0.1034001 18.2403 1.271151 1 0.0
0.01518215 -0.01556159 -7.77682 -0.3802701 0.4249558 0.2939448 0.2489341 18.77602 0.9593334 0 0.0
-0.1293952 -0.03419687 -8.064187 -2.431082 0.1169812 0.09801614 0.2708924 16.9314 1.293045 1 0.0
-0.05369307 0.07276607 -5.699379 -1.008148 1.803914 1.022342 0.1275165 20.07796 0.9445152 0 0.0
0.006897907 -0.02248447 -8.143767 -0.59954 0.7187822 0.4433188 0.3910741 19.3163 nan 0 0.0
0.1798752 0.01600976 -5.926412 -1.593179 0.8750269 0.5889916 0.3578986 19.79615 2.699793 0 0.0
0.06549942 -0.03017503 -10.48164 -1.918941 1.376593 0.6592209 0.03563653 20.07982 1.102594 0 0.0
-0.09092166 -0.1093394 -6.203072 -0.2264243 0.6491393 0.4485434 0.2862378 19.48929 1.319012 0 0.0
0.1761244 -0.03112344 -5.381351 -0.9193095 1.242968 1.12793 0.4256813 20.30943 0.8082104 0 0.0
0.1194835 0.01901264 -8.273712 -2.814383 1.75928 0.867389 0.03129762 20.3256 0.9109879 1 0.2113204
0.1032946 0.1390084 -1.997207 0.004988091 0.1927397 0.1199407 0.2827935 17.44772 1.212595 1 0.0
0.0276399 0.08544585 -7.364117 -5.385591 3.685743 1.840574 0.0410094 20.80779 1.733528 1 0.2205043
0.03057346 -0.02108776 -4.907122 0.6006573 0.3052844 0.2220983 0.1800096 18.29772 1.086294 0 0.0
-0.04200682 -0.121031 -6.292363 -1.013084 0.6240262 0.4005396 0.2108111 19.49429 1.625853 1 0.04318332
0.01455279 -0.0155306 -9.903103 2.243516 1.090773 0.9632017 0.3903841 19.31978 nan 0 0.0
0.180262 -0.01907515 -8.165816 -0.0004605143 0.4126019 0.3207123 0.2248398 18.97936 1.237608 1 0.1773342
-0.0458502 0.03321189 -8.729613 -1.085614 0.4565194 0.3131874 0.2986083 19.09592 1.014843 0 0.0
0.1135894 -0.08285266 -9.966297 -0.999902 0.3793107 0.3443532 0.2182001 18.90473 1.340525 0 0.0
0.05866626 0.003675239 -6.502563 -0.01424901 0.9184891 0.896832 0.2845847 19.87227 nan 0 0.0
0.1838253 -0.03876962 -8.862466 -2.165356 1.288179 0.9665739 0.2763189 20.2503 1.258425 1 0.2403198
-0.06684963 -0.0754526 -7.167395 -1.85226 0.2127688 0.1580497 0.1242911 17.9471 1.620237 1 0.0
-0.04573086 0.01615279 -11.89079 -1.352846 1.955729 1.115085 -0.1340233 20.06544 0.8320522 0 0.0
0.07582359 0.154909 -10.98578 5.790662 1.452886 1.248973 -0.08161841 20.60593 1.454372 1 0.0001985746
