data/gcs/NGC_6779_M_56.ecsv
# %ECSV 0.9
# ---
# datatype:
# - {name: x, unit: deg, datatype: float64}
# - {name: y, unit: deg, datatype: float64}
# - {name: pmx, unit: mas / yr, datatype: float64}
# - {name: pmy, unit: mas / yr, datatype: float64}
# - {name: pmx_e, unit: mas / yr, datatype: float64}
# - {name: pmy_e, unit: mas / yr, datatype: float64}
# - {name: pm_corr, datatype: float64}
# - {name: g_mag, unit: mag, datatype: float64}
# - {name: bp_rp, unit: mag, datatype: float64}
# - {name: filter, datatype: int64}
# - {name: memberprob, datatype: float64}
# meta: !!omap
# - comments: [deg deg mas/yr mas/yr mas/yr mas/yr dimless mag   mag   zeroone float]
# - __serialized_columns__:
#     bp_rp:
#       __class__: astropy.units.quantity.Quantity
#       unit: &id001 !astropy.units.Unit {unit: mag}
#       value: !astropy.table.SerializedColumn {name: bp_rp}
#     g_mag:
#       __class__: astropy.units.quantity.Quantity
#       unit: *id001
#       value: !astropy.table.SerializedColumn {name: g_mag}
#     pmx:
#       __class__: astropy.units.quantity.Quantity
#       unit: !astropy.units.Unit {unit: mas / yr}
#       value: !astropy.table.SerializedColumn {name: pmx}
#     pmx_e:
#       __class__: astropy.units.quantity.Quantity
#       unit: !astropy.units.Unit {unit: mas / yr}
#       value: !astropy.table.SerializedColumn {name: pmx_e}
#     pmy:
#       __class__: astropy.units.quantity.Quantity
#       unit: !astropy.units.Unit {unit: mas / yr}
#       value: !astropy.table.SerializedColumn {name: pmy}
#     pmy_e:
#       __class__: astropy.units.quantity.Quantity
#       unit: !astropy.units.Unit {unit: mas / yr}
#       value: !astropy.table.SerializedColumn {name: pmy_e}
#     x:
#       __class__: astropy.units.quantity.Quantity
#       unit: &id002 !astropy.units.Unit {unit: deg}
#       value: !astropy.table.SerializedColumn {name: x}
#     y:
#       __class__: astropy.units.quantity.Quantity
#       unit: *id002
#       value: !astropy.table.SerializedColumn {name: y}
# schema: astropy-2.0
x y pmx pmy pmx_e pmy_e pm_corr g_mag bp_rp filter memberprob
[from data line 7005]
0.01000343 0.03404588 -1.079141 1.572649 0.7764959 1.039086 0.08689897 20.09855 0.8828888 0 0.0
0.02247673 0.03462777 -2.294576 -10.16733 0.1584216 0.1989883 0.1423284 17.83503 1.045755 1 0.0
0.05426011 0.1180446 -1.171265 -3.787711 0.4556098 0.7056771 0.2143804 19.43775 1.235786 1 0.0
0.01228536 0.1325987 -6.872585 -9.783359 2.18482 2.902916 -0.224939 20.77584 1.14773 0 0.0
0.03062978 0.02022186 -1.488217 0.8341881 0.8235235 1.085579 0.4684211 19.90676 nan 0 0.0
-0.07322114 0.1074254 1.771767 -3.555926 0.1755916 0.2217451 0.01475648 17.97658 1.010689 1 0.0
0.01816273 0.1188153 5.638522 14.85908 0.4141587 0.5620907 0.2158896 19.1722 1.925713 1 0.0
-0.02813415 0.1077016 -1.442604 -1.173347 2.177743 3.291972 -0.2587719 20.81513 1.232258 0 0.0
0.06683748 0.06582159 -3.1426 1.937771 0.5611192 0.8904928 0.1889158 19.80542 1.182018 1 0.9404044
0.03776118 0.06218027 -2.47713 0.06065643 0.6356305 0.8388707 0.1913917 19.92524 0.7750931 0 0.0
-1.751495e-05 0.007805978 -4.666777 7.419841 0.6512345 0.8081254 0.09931942 18.67833 nan 0 0.0
-0.03013682 0.1077575 -2.778315 -3.281432 1.590994 1.781068 -0.05033827 20.62401 1.227688 0 0.0
0.02558323 0.05479683 -3.61529 2.434388 1.074487 1.10738 -0.01979843 20.18796 0.6011753 1 0.9798728
0.02896875 0.01826823 0.01909327 2.138721 0.637615 0.9349599 0.1835057 19.98365 0.9463463 0 0.0
0.02193327 0.1064793 -1.25075 -5.46518 0.3182192 0.3921595 0.1433259 18.87341 1.108971 1 0.0
0.01665192 0.01617874 -1.435629 0.4728056 0.9701408 1.297913 0.322827 19.88538 nan 0 0.0
0.03549579 0.05704485 -8.896742 8.907439 2.825259 4.553724 -0.2660845 20.9272 0.4221649 0 0.0
-0.05170841 0.07666719 -1.823516 -7.910425 0.1418981 0.1829321 -0.02334011 17.67154 1.047527 1 0.0
0.02089837 0.01632832 -2.529127 2.249779 0.6676843 0.9477077 0.004092267 19.80344 0.6512852 0 0.0
0.01717946 0.01605104 -2.303215 1.979807 0.08777033 0.1112837 0.03854399 16.81425 1.256114 0 0.0
0.06523376 0.05920583 -1.557565 0.9421183 0.9865868 1.346755 0.0972334 20.46878 0.7351589 0 0.0
0.02703819 0.0370894 -2.20671 1.643398 0.0801847 0.09865544 0.08019061 16.66336 0.368988 1 0.9995587
0.01182586 0.01044074 -5.243343 1.726691 1.206224 0.7767902 0.2401287 19.16442 nan 0 0.0
0.008604284 0.05106311 -3.011966 1.621339 1.093472 1.290615 -0.09993627 20.36188 0.6658649 0 0.0
0.0181343 0.1300171 -1.414166 -5.490138 0.4251011 0.5161717 0.09413651 19.20107 1.352551 1 0.0
-0.07026936 0.1080545 -1.511982 -8.127172 1.039001 1.320288 0.04485455 20.50248 1.216837 0 0.0
0.01492879 0.0735553 -3.401896 -5.917067 0.3793772 0.511966 0.1713329 19.16244 1.024183 1 0.0
0.02261956 0.1014784 -1.921559 2.478226 0.5848243 0.8325868 0.1816351 19.85486 0.9678574 1 0.9783526
0.0118259 0.01012602 -3.748671 0.4739148 0.5399917 0.6587049 -0.1449245 19.12452 0.89188 0 0.0
0.006257698 0.05079209 -3.194449 0.1099265 1.58962 1.75439 -0.0440503 20.65405 0.7364292 0 0.0
0.03321119 0.02997688 -2.128267 1.369885 0.797192 1.038637 0.06932476 20.13349 nan 0 0.0
0.04613296 0.08722731 -3.647716 -5.636856 0.1718901 0.2168379 0.1373538 18.0245 1.023067 1 0.0
0.04634421 0.08637864 -5.899773 -6.944825 0.1297681 0.1631084 0.1242433 17.57287 1.080057 1 0.0
0.02126996 0.005546159 -1.939022 -0.8275052 1.475356 1.819175 0.7404263 19.58361 nan 0 0.0
0.06028936 0.08251046 -2.887547 -7.766962 0.5791922 0.8471644 0.1847521 19.87712 1.754917 0 0.0
0.005204741 0.01866084 -0.4439901 4.012875 1.041353 1.399288 -0.1347105 19.66266 nan 0 0.0
0.02530482 0.009653635 -0.1407538 6.295688 0.7462206 1.293843 0.1891466 19.7917 0.9616604 0 0.0
0.036163 0.03502857 -2.223928 0.8344096 1.25111 2.037432 0.093041 20.63868 0.9334507 0 0.0
0.03974174 0.1190925 -2.506385 -6.17713 0.2585735 0.3054308 0.232005 18.51064 1.089827 1 0.0
0.02512033 0.009052773 -1.692741 1.837411 0.2674216 0.3324857 0.1689949 18.40928 1.16807 0 0.0
0.07717434 0.09577259 -2.294556 -7.888985 1.173416 1.915598 0.03595544 20.59869 1.484789 0 0.0
0.03989373 0.06927073 4.937768 3.23401 0.4798813 0.6360137 0.167645 19.32206 2.323706 0 0.0
0.0399104 0.02819218 -3.076752 -8.501484 0.1539446 0.1919284 0.1190225 17.73442 1.120007 1 0.0
0.03039528 0.09617809 7.886438 -7.687288 1.125132 1.450515 0.1878651 20.48404 2.068314 0 0.0
0.03044511 0.0203763 -1.110039 4.174352 0.9214755 1.323254 0.1327995 19.84151 0.9377003 0 0.0
-0.04410288 0.1078238 -4.498098 -6.197311 0.499505 0.7291852 0.1674757 19.47099 1.661552 0 0.0
0.06845475 0.09048852 -3.011696 -5.516169 0.1009106 0.1224572 0.006433973 16.99246 1.155443 1 0.0
-0.01997376 0.06614234 3.639044 -4.124179 0.2148125 0.3060213 0.07711982 18.34412 1.579405 1 0.0
0.06707812 0.06086455 -0.8262311 -6.248277 0.897436 1.261396 0.2585813 20.30997 1.247086 1 0.0
0.005731372 0.03358587 0.5711399 0.2379362 1.434603 1.79227 -0.1669472 20.515 nan 0 0.0
0.02784997 0.05721214 -2.402595 4.605172 1.671594 1.872371 -0.1225593 20.7011 0.7104263 1 0.9623814
-0.01314542 0.06991392 -2.08195 1.755926 0.2848995 0.3630758 0.09628812 18.66529 1.086746 1 0.9977996
-0.05518727 0.07772385 -1.882506 -5.951976 0.6563171 0.8698917 0.2586572 19.87288 1.3985 1 0.0
0.03023376 0.02151492 -1.580839 1.44788 0.3361546 0.4555701 0.1814098 19.05673 0.9876556 0 0.0
0.006653473 0.04667606 -8.928479 -14.96561 0.6612245 0.937207 0.1562181 19.99376 1.376724 0 0.0
0.08023763 0.08820288 -2.859765 -9.96537 0.8073611 1.186767 0.1277174 20.24052 1.445019 0 0.0
0.02965386 0.02042183 -0.3303564 -1.864599 1.402657 2.298173 -0.3132483 20.57054 nan 0 0.0
-0.01456943 0.06651905 -3.387681 -4.972968 0.7266639 1.110125 0.2371111 20.06414 1.139875 1 1.263822e-06
0.02961983 0.04583533 -2.988135 -1.601395 1.065099 2.310805 -0.05834127 20.42615 nan 0 0.0
-0.04423773 0.1009727 -0.1768652 2.049351 1.445216 1.939163 -0.2345465 20.57151 0.7963314 0 0.0
0.02509355 0.01063014 -2.030857 3.382896 0.8277543 1.334965 0.1673893 20.14925 0.9712563 0 0.0
-0.003445313 0.04586336 -1.097485 2.053723 0.3322839 0.4069148 0.1702408 18.64865 nan 0 0.0
-0.06651612 0.08598585 -2.299047 -5.095428 0.3994969 0.5242021 0.1132043 19.25533 1.116655 1 0.0
0.03447191 0.1197256 -2.144256 -12.11092 0.6170046 0.8084637 0.1777262 19.94557 1.808891 1 0.0
0.04481989 0.07678779 -2.477923 0.5808319 1.070344 1.563825 0.1276265 20.56422 1.008623 1 0.7969237
-0.004369184 0.02334715 -5.699858 0.4534542 1.605029 1.670055 0.4127311 19.98268 nan 0 0.0
0.01583414 0.01700258 -2.600048 1.788139 0.3071539 0.4211321 0.07831218 18.91793 1.030804 0 0.0
-0.05977827 0.07031839 -1.028056 -5.021074 0.7890804 1.075457 0.0779614 20.2638 1.562048 1 0.0
0.03624264 0.03359809 -1.810699 -0.1893933 0.8909193 1.178999 0.110258 20.34737 0.8462772 0 0.0
0.0512052 0.06466018 -4.556258 -10.60488 1.008519 1.3268 0.1273313 20.33584 1.62496 0 0.0
-0.05368179 0.0832238 -5.324155 -5.765666 0.1191462 0.1420898 -0.006082173 16.34712 1.293268 0 0.0
-0.01686629 0.04699962 -2.7995 3.882195 1.823482 1.905057 0.1170687 20.62844 0.8989296 0 0.0
0.07536672 0.08167399 1.064899 -1.175447 0.7759728 1.058558 0.1809775 20.19567 2.373419 1 4.689391e-05
0.05475747 0.07665358 -2.586477 2.632369 1.132315 1.745866 0.08700728 20.5827 0.8256092 1 0.9130689
-0.01351471 0.06819736 -1.883944 1.900755 0.09722875 0.1194398 0.08522437 17.01117 0.289465 1 0.9982761
0.02401489 0.1070596 -2.69362 -6.287674 0.2972983 0.3785525 0.1522532 18.86174 1.083248 1 0.0
0.01414662 0.01343558 -1.766559 3.998568 1.061234 1.692525 -0.07190791 20.03282 0.6369457 0 0.0
-0.01399221 0.04724903 2.538129 0.1359832 1.480613 1.756049 -0.1262438 20.53968 0.4845467 0 0.0
-0.03105722 0.113743 -0.3332496 -7.751327 0.4216849 0.5650611 0.2263076 19.32053 1.072851 1 0.0
0.002092559 0.01534766 4.520677 11.03618 2.043 2.036203 0.1045428 19.96183 nan 0 0.0
-0.06893834 0.08971447 2.071755 14.35401 2.714427 2.614334 -0.09118798 20.85445 1.999176 0 0.0
-0.05660226 0.09229487 -3.59424 -11.68941 1.746767 1.892679 -0.1642767 20.6887 1.259886 0 0.0
-0.06339599 0.1014695 -3.413214 -4.725459 0.911094 1.222534 0.1303696 20.42517 1.046545 1 6.4535e-06
-0.02568709 0.09400237 -3.158137 -6.852134 0.3720618 0.4814805 0.1750955 18.80574 1.013096 0 0.0
0.03327664 0.07034973 -1.895184 -6.54176 0.842455 1.126656 0.1807878 20.21818 nan 0 0.0
-0.02687942 0.07074832 -1.732717 2.193347 0.7684253 0.9995853 0.1891793 20.17607 0.9479561 0 0.0
-0.01515575 0.02532614 -1.554373 2.332306 0.8269251 0.9912506 0.3607774 19.99002 0.9986267 0 0.0
-0.04303184 0.08650111 -4.104392 6.299142 1.228928 1.573617 0.1100554 20.59967 1.405416 0 0.0
0.008605346 0.03892665 -2.486871 -0.06971293 0.5179424 0.7091749 0.1607688 19.62882 0.9410172 0 0.0
0.005363018 0.01817256 -12.4568 3.415864 1.974803 2.655795 -0.09983943 19.75331 nan 0 0.0
0.006469707 0.03440607 -1.710394 0.4442684 0.4241514 0.6137504 0.1191156 19.41177 0.8356113 0 0.0
-0.006683986 0.1128076 -1.210026 -2.076444 0.1906959 0.253933 0.03059505 18.12728 1.094719 1 0.0
-0.0115172 0.0171622 -4.843522 2.04512 0.9132076 1.127028 0.4461817 19.87363 0.8655758 0 0.0
0.01139986 0.0446814 -2.312128 1.741891 0.2963328 0.381388 0.1638609 18.8336 1.043316 1 0.9983343
0.01907622 0.02784834 -1.611709 1.49089 0.53163 0.7188263 0.1798714 19.67162 0.8756657 0 0.0
0.004756377 0.01842812 0.1042231 4.991651 0.3658058 0.4407989 0.05533625 18.85252 1.060982 0 0.0
-0.007578613 0.1291593 -2.081643 -6.950906 0.4468519 0.540472 0.1783042 19.20124 1.009682 1 0.0
0.003411307 0.01673052 -3.441665 -0.03842983 0.5592244 0.7492241 0.05101646 19.43959 nan 0 0.0
0.02031259 0.04304443 -0.8365281 0.8899513 0.8942799 1.131894 0.1327429 20.26956 0.7614937 0 0.0
-0.02384648 0.07659737 -2.96391 -4.03656 0.2141903 0.2695643 0.07967464 18.34329 1.235603 1 0.0
0.005547638 0.01828511 -4.809958 4.775618 2.263614 2.895252 -0.09581897 19.91411 nan 0 0.0
0.00359595 0.01632617 -0.7454404 9.532579 1.213799 2.001296 -0.0977669 19.62135 nan 0 0.0
-0.02099415 0.1023383 -1.720912 -5.552019 1.006994 1.305995 -0.4323393 19.81406 1.104515 0 0.0
-0.03073711 0.04204387 2.250907 -0.191389 0.1468179 0.2117029 0.02933597 17.74178 1.344034 1 0.0
0.02000358 0.00657014 -1.161863 4.025411 2.10086 3.267744 -0.01617747 20.62953 nan 0 0.0
0.01707265 0.02354118 -1.287819 -6.185099 0.9968353 1.343117 -0.01481615 19.85889 nan 0 0.0
0.01061105 0.02397324 -1.552362 4.04767 1.508297 1.406993 0.4831642 20.29049 nan 0 0.0
0.01659786 0.02391684 -0.07183299 2.43575 0.1877458 0.2322459 0.01268185 16.37932 0.5129032 0 0.0
-0.05071564 0.05945287 -0.2604964 -0.71792 2.160771 2.439519 -0.3179667 20.75071 0.7919579 0 0.0
0.01706915 0.04372283 -1.180104 3.018044 1.183636 1.853313 0.1331873 20.55016 nan 0 0.0
0.02264035 0.01119412 -1.746986 8.04278 1.624319 2.461018 -0.3692895 20.49215 1.026991 0 0.0
0.002224695 0.003998936 -4.250939 2.342031 0.2557907 0.3175488 0.06173258 17.43174 nan 0 0.0
0.00391023 0.07233355 -1.623993 0.789283 1.308951 1.669835 -0.1771464 20.52629 1.452435 0 0.0
0.05421672 0.1012008 -2.746569 -6.303204 0.731256 0.958343 0.1786182 20.04975 0.7385864 0 0.0
0.01780743 0.04390034 -2.020011 1.919689 0.259381 0.331314 0.1497055 18.5717 1.019962 0 0.0
-0.02644636 0.1126221 5.345261 -5.822785 1.507077 1.674794 -0.06672027 20.63344 1.63093 0 0.0
0.05308876 0.04278199 -0.4082367 -5.121008 0.2074392 0.2626793 0.1257021 18.32916 1.270725 1 0.0
-0.002258187 0.07101171 -0.6090296 1.786276 1.952447 2.394846 -0.0895329 20.76768 0.957756 0 0.0
0.0602713 0.1119179 -3.90598 -7.421216 0.2943982 0.3791331 0.2075553 18.7553 1.313946 1 0.0
0.01369507 0.03608337 -2.16343 0.5325128 0.5649631 0.7669507 0.1177825 19.55057 0.8184395 0 0.0
-0.0005448496 0.04823414 2.118656 2.942892 4.842165 4.602162 -0.1131886 20.93799 0.5774174 0 0.0
0.03519949 0.07457708 -3.080893 -6.48835 1.614675 1.806937 -0.03932209 20.68131 1.830112 0 0.0
0.002620261 0.008454512 -1.839906 1.956705 0.06201652 0.0790432 -0.009705056 16.02732 1.145144 0 0.0
0.0316849 0.01979113 -2.493406 -2.535105 3.702238 4.093594 -0.007947279 20.92936 1.332781 0 0.0
-0.02781674 0.1119358 -2.479897 -7.004947 1.828498 1.808877 0.07424349 20.72133 1.287704 0 0.0
0.02530422 0.01198823 -2.52181 -1.390375 1.471309 2.432651 -0.2648117 20.48462 0.7569084 0 0.0
-0.0252814 0.03183037 -2.108644 0.7940871 0.3896204 0.5397839 0.1053854 19.2422 0.9968395 0 0.0
0.02089203 0.04617832 -1.741823 1.016631 0.5322733 0.644242 0.05984505 14.02433 1.267116 0 0.0
0.01284142 0.1110191 -4.370795 -7.28416 0.5367655 0.8289112 0.1962741 19.66452 1.123766 1 0.0
0.009921743 0.05956809 -0.746316 -4.981488 1.365164 1.407646 0.03260224 20.46216 1.024805 0 0.0
0.00499384 0.01670198 25.35373 14.77358 2.480514 2.821466 -0.06008288 19.81476 nan 0 0.0
0.02519842 0.01314978 -2.726126 1.209931 1.952629 3.10891 -0.2387295 20.816 nan 0 0.0
-0.01491822 0.02646098 -4.346728 2.430125 0.7459107 0.8989756 0.2917939 19.90769 0.9084797 0 0.0
-0.02013585 0.04701549 -2.049218 0.6845942 0.6927375 1.035931 0.06052404 19.69237 0.7692165 0 0.0
0.02204648 0.07172177 0.2439102 -5.238395 1.924956 2.59394 -0.3376469 20.74253 0.7678223 1 0.05227829
0.009815408 0.06836096 -4.234308 -5.95055 1.921563 3.80126 -0.3536227 20.70288 1.267683 0 0.0
-0.002286038 0.006877126 -3.691321 -9.065551 1.434736 1.892389 -0.4585798 19.18931 nan 0 0.0
0.05611971 0.04529374 -3.236479 1.217935 0.7933597 1.051241 0.1874207 20.1644 0.9184837 0 0.0
0.01751939 0.03260497 96.21743 63.14762 2.343766 1.985384 0.5369818 19.5514 0.9302158 0 0.0
-0.0196848 0.06100961 2.420163 -6.064131 4.822598 4.751214 -0.006114215 20.98398 1.675991 0 0.0
0.008184733 0.02329971 -1.899988 -1.252999 0.3932334 0.5090536 0.05584761 18.76099 1.039482 0 0.0
0.008475604 0.01447634 -4.201854 -0.4158898 2.362843 2.361127 -0.1718094 20.36658 nan 0 0.0
0.06886129 0.1120742 -2.103176 -4.180744 1.527265 2.016451 -0.1835754 20.66145 1.015503 0 0.0
0.03189676 0.01712091 -5.433074 -4.303011 3.543902 4.185762 0.006870807 20.76193 nan 0 0.0
-0.02390305 0.06074161 -3.504831 -2.769671 2.160857 2.129734 0.08475905 20.77938 1.25563 0 0.0
0.007446265 0.02332254 -1.924953 2.198552 0.763303 1.190459 -0.1791621 19.78332 nan 0 0.0
-0.04568176 0.11253 -6.018217 -7.988183 0.2718097 0.3601708 0.08606281 18.48955 1.127199 1 0.0
-0.002523448 0.00664825 -11.38687 16.16532 1.170915 1.152658 0.1317895 18.55712 nan 0 0.0
0.009424365 0.02262462 -6.734745 -0.2251465 1.266973 1.159243 0.4350162 19.74101 nan 0 0.0
-0.07556578 0.1082263 -4.887997 -4.606356 0.8272921 1.087323 0.1048504 20.29719 1.277342 1 0.0
-0.006923903 0.07354297 1.22515 -0.03412565 1.027113 1.374239 0.1527665 20.46054 1.926569 0 0.0
0.07163857 0.06151245 -3.434433 -8.673212 1.145234 1.477328 0.1209052 20.59738 1.851412 1 0.0
-0.03456223 0.1122336 -3.804408 -7.066561 0.3469904 0.4621924 0.189461 19.12111 1.232832 1 0.0
0.02078677 0.04518648 -1.848654 1.775269 0.08847961 0.1102058 0.07882201 16.74846 0.3802376 1 0.999397
0.08642671 0.09350673 -3.229186 -8.776305 1.307523 1.578133 0.2890731 20.36894 nan 0 0.0
0.04210593 0.07430895 -6.009689 0.8985003 1.970996 1.864976 0.06950972 20.64397 0.58391 0 0.0
-0.01103369 0.09509064 -7.681255 -7.81429 2.702938 2.933807 -0.1185677 20.94053 1.399868 0 0.0
0.00828903 0.03751519 -3.778567 -5.854897 0.3767961 0.520938 0.1779431 19.09523 1.077641 1 0.0
-0.02431882 0.08517673 -2.044561 -8.679995 0.08981405 0.1066072 0.06637228 16.87122 1.108364 1 0.0
-0.008141485 0.01303817 1.357122 4.121797 3.366862 2.553935 0.6244425 20.32949 nan 0 0.0
-0.08627024 0.1014545 1.487321 -0.8038058 1.803876 1.942746 -0.134421 20.75532 1.939383 0 0.0
-0.07175774 0.09065681 -1.374628 -7.798741 1.208975 1.450846 0.09691806 20.54032 0.9899712 0 0.0
0.03776867 0.04269099 -1.859271 0.7605002 0.414008 0.5873218 0.08172303 19.31361 0.8927879 1 0.9736982
-0.02985508 0.08107555 -3.335697 -7.218346 0.4701215 0.6599325 0.09026653 19.39317 1.38625 0 0.0
0.05105086 0.1079607 -2.970204 -5.717271 2.259239 3.233229 -0.3406236 20.73905 1.67507 0 0.0
-0.04551376 0.07705133 -6.977402 -7.003593 3.332043 2.819331 0.3160082 20.88699 1.047812 0 0.0
-0.03962208 0.1105952 -4.862975 -7.366004 2.196771 1.924354 0.1757706 20.70172 1.371384 1 4.008073e-05
0.007284429 0.07181494 -0.4800056 -3.318421 1.937529 4.051531 -0.4759392 20.74848 0.7500324 0 0.0
