data/gcs/NGC_6101.ecsv
# %ECSV 0.9
# ---
# datatype:
# - {name: x, unit: deg, datatype: float64}
# - {name: y, unit: deg, datatype: float64}
# - {name: pmx, unit: mas / yr, datatype: float64}
# - {name: pmy, unit: mas / yr, datatype: float64}
# - {name: pmx_e, unit: mas / yr, datatype: float64}
# - {name: pmy_e, unit: mas / yr, datatype: float64}
# - {name: pm_corr, datatype: float64}
# - {name: g_mag, unit: mag, datatype: float64}
# - {name: bp_rp, unit: mag, datatype: float64}
# - {name: filter, datatype: int64}
# - {name: memberprob, datatype: float64}
# meta: !!omap
# - comments: [deg deg mas/yr mas/yr mas/yr mas/yr dimless mag   mag   zeroone float]
# - __serialized_columns__:
#     bp_rp:
#       __class__: astropy.units.quantity.Quantity
#       unit: &id001 !astropy.units.Unit {unit: mag}
#       value: !astropy.table.SerializedColumn {name: bp_rp}
#     g_mag:
#       __class__: astropy.units.quantity.Quantity
#       unit: *id001
#       value: !astropy.table.SerializedColumn {name: g_mag}
#     pmx:
#       __class__: astropy.units.quantity.Quantity
#       unit: !astropy.units.Unit {unit: mas / yr}
#       value: !astropy.table.SerializedColumn {name: pmx}
#     pmx_e:
#       __class__: astropy.units.quantity.Quantity
#       unit: !astropy.units.Unit {unit: mas / yr}
#       value: !astropy.table.SerializedColumn {name: pmx_e}
#     pmy:
#       __class__: astropy.units.quantity.Quantity
#       unit: !astropy.units.Unit {unit: mas / yr}
#       value: !astropy.table.SerializedColumn {name: pmy}
#     pmy_e:
#       __class__: astropy.units.quantity.Quantity
#       unit: !astropy.units.Unit {unit: mas / yr}
#       value: !astropy.table.SerializedColumn {name: pmy_e}
#     x:
#       __class__: astropy.units.quantity.Quantity
#       unit: &id002 !astropy.units.Unit {unit: deg}
#       value: !astropy.table.SerializedColumn {name: x}
#     y:
#       __class__: astropy.units.quantity.Quantity
#       unit: *id002
#       value: !astropy.table.SerializedColumn {name: y}
# schema: astropy-2.0
x y pmx pmy pmx_e pmy_e pm_corr g_mag bp_rp filter memberprob
[from data line 5670]
0.05634359 -0.002119205 0.6196794 -0.5211146 0.4941808 0.6546732 0.005085565 19.53623 0.564106 0 0.0
-0.01548226 0.04054025 1.513582 -2.870791 1.158508 1.218349 0.2689729 20.28122 nan 0 0.0
-0.03332006 -0.05943621 1.310652 -0.9836347 0.7987572 0.9074859 0.2370571 20.15729 0.7437725 1 0.9787666
0.01189889 -0.004317937 1.428106 -0.00592564 0.4380545 0.5819685 0.06460932 19.51477 0.6589985 0 0.0
0.1172923 -0.09303068 -1.316435 -0.9628642 1.952787 2.175058 0.2509917 20.69645 0.4934788 0 0.0
0.05531324 -0.1557192 -1.683079 -2.323116 0.6838963 0.854791 0.1986712 20.04578 1.107107 1 4.748512e-05
0.09048217 -0.1232972 -6.378695 -4.426151 0.8514349 1.140224 0.3002044 20.23056 1.674273 0 0.0
-0.002054514 -0.02910973 0.8385429 -1.170049 0.7218878 0.8811707 -0.0827829 20.06526 0.6379395 0 0.0
-0.02865642 -0.02414235 1.683216 6.513485 0.8678524 1.107199 -0.1788958 20.16675 nan 0 0.0
-0.01817882 -0.01198299 3.887464 -1.194488 0.3877635 0.6261623 0.1676584 18.83918 0.9032383 0 0.0
0.008169644 -0.0227943 3.317341 -4.025477 1.796322 1.414348 -0.1012457 20.17509 nan 0 0.0
0.01694188 -0.07737335 0.5862757 0.3646871 0.5736062 0.7802985 0.171523 19.9388 0.5973129 1 0.9064843
0.04617209 -0.05964718 0.6971283 1.015727 0.8938921 1.019868 0.05790609 20.27313 nan 0 0.0
-0.01190226 0.0558551 1.477157 0.394051 0.5021133 0.6418455 0.1281042 19.73318 0.7273598 0 0.0
0.01751588 -0.02581444 1.352663 -0.4355407 0.5023625 0.6618437 0.0793944 19.75222 0.8626919 0 0.0
0.03137212 0.02351411 2.457045 -0.727347 0.5154243 0.7242349 0.2600197 19.64983 0.8551865 0 0.0
-0.02892204 -0.02406647 0.3477449 0.1427755 1.253412 2.139043 0.346891 20.45723 nan 0 0.0
0.05668181 0.001702101 1.652312 -7.88732 0.3697622 0.4500635 0.1404592 19.15954 1.52161 1 0.0
-0.01285267 0.05691495 1.990854 -0.04311993 0.378126 0.4672571 0.1258883 19.33531 0.910305 0 0.0
-0.007900997 0.06349427 2.001706 0.591776 0.5862838 0.7894022 0.03909443 19.92141 0.826849 0 0.0
0.1190407 -0.02088931 -5.222682 -8.660531 0.4282853 0.5879086 0.1663059 19.46476 0.9934978 1 0.0
0.09776999 -0.09203858 -0.3632491 -8.710046 1.450288 1.842555 0.04881791 20.48042 1.65766 0 0.0
-0.1489152 0.06102594 -4.042498 -7.888164 0.2079133 0.1992227 0.2058116 17.995 0.9640312 1 0.0
0.01486427 -0.02766605 0.8660185 -1.036509 0.5971562 0.6808997 0.06838514 19.04757 0.8545818 0 0.0
-0.01149745 -0.03774969 0.4481502 -0.3471389 0.9593654 1.080993 0.228221 20.2211 0.6540489 0 0.0
0.05439564 -0.07856781 -3.395072 -0.001259999 0.8727978 1.452495 0.2434523 20.30738 0.7742081 1 2.301128e-06
-0.02826956 -0.02430959 2.809013 -1.625519 0.5548135 0.6873918 0.046845 19.68677 0.6388683 0 0.0
-0.05565647 -0.05855199 1.708324 0.3574778 0.4938342 0.5681663 0.2613727 19.52394 2.027548 0 0.0
-0.006946957 -0.03359702 2.027909 2.723581 1.515474 1.382501 -0.1446831 20.49482 nan 0 0.0
-0.1521298 -0.0395286 3.246989 3.017015 3.070988 4.237491 0.5420739 20.985 0.7596607 0 0.0
-0.09340457 -0.03830418 -3.959352 -2.280973 0.438421 0.5040739 0.16474 19.52002 1.103186 1 0.0
0.05476323 -0.001923695 -1.008513 -4.946951 0.4459403 0.5098098 0.09685061 19.28049 1.086376 0 0.0
0.01926198 0.01380328 1.619584 -0.6733881 0.4574444 0.5917016 0.04786997 19.46661 0.7805023 0 0.0
0.02142835 -0.03364635 1.857224 -0.2204268 0.03034007 0.03695917 0.03249685 14.61547 1.358342 1 0.9998948
-0.04070925 -0.0270948 1.889025 -0.6086094 0.4743602 0.5505315 0.1405725 19.69911 0.6210861 0 0.0
-0.06565056 -0.04865152 1.670401 -0.3069277 0.06475201 0.0732824 0.05707239 16.3523 1.156718 1 0.9996385
-0.02136836 -0.006752651 2.182182 3.517359 3.078022 3.256389 0.06009776 20.81576 0.7740421 0 0.0
0.07766725 -0.0654909 -0.4505909 -3.661369 2.414357 2.211462 0.2231515 20.71778 0.4712124 0 0.0
-0.03739845 0.02818732 1.452101 -1.30834 0.1750799 0.2130306 0.01353597 17.28684 nan 0 0.0
-0.03222782 0.01506688 13.87143 -2.313588 2.661066 3.341919 0.2441871 20.76053 0.6156635 0 0.0
-0.005686508 0.06093924 2.038438 -0.2152876 1.015316 1.490218 0.08403239 20.18847 -0.2280788 0 0.0
0.1165539 -0.08582368 -1.70759 -7.71203 1.269437 1.619393 0.08391793 20.48343 1.231236 0 0.0
-0.08884296 -0.02585311 1.800799 -0.1843939 0.03706276 0.04441585 0.09394949 15.24479 1.234849 1 0.9999173
0.1003644 -0.09199922 1.314456 -0.9676324 0.8532819 1.081146 0.2123719 20.11122 0.7087708 1 0.9153995
-0.07436915 0.006880533 1.325142 -1.233288 0.4023118 0.4729875 0.0696279 19.33824 0.60145 1 0.9562327
0.06098067 -0.1467269 -4.99126 -6.759241 1.372594 1.997119 0.2381781 20.23236 0.9652996 0 0.0
0.07714705 -0.1368622 -6.716952 -5.557747 0.4928065 0.7279747 0.285767 19.72068 1.363224 0 0.0
0.03031271 0.02676601 0.5202872 -1.287213 0.4941276 0.6122636 0.167269 19.44909 1.304205 0 0.0
-0.03271404 0.01286876 4.481503 -0.6306709 1.208794 1.166264 0.008977764 19.7014 0.7911053 0 0.0
-0.03048603 -0.02190988 1.742317 0.06990955 0.5229644 0.6337988 0.0708954 19.78529 1.000292 0 0.0
0.003201795 -0.06177132 1.696889 -0.3359507 0.7083081 0.9191603 0.2555575 20.06162 0.8001347 0 0.0
-0.005793918 0.0008119537 3.196909 -0.2904091 0.271531 0.3152313 0.07536558 18.35299 0.9127579 0 0.0
0.1292785 -0.07799724 -3.915918 -0.5930524 1.288744 1.725923 0.07823852 20.55184 1.016172 1 0.000703683
-0.09264905 0.1298688 -3.075725 -5.275275 2.047419 1.485854 0.07532186 20.68788 0.9231739 0 0.0
-0.1268178 0.04338361 2.056933 0.1057549 1.581627 1.422894 0.04699024 20.5632 0.5894909 0 0.0
0.01554865 -0.02240233 -0.6907127 -2.263356 1.081654 1.154904 0.02701143 20.21015 0.6491985 0 0.0
0.001306111 0.01571303 2.093095 1.417468 0.5593568 0.7230215 -0.07966078 19.73266 nan 0 0.0
-0.009585506 -0.02683856 1.058605 2.618151 0.5431896 0.7114885 -0.07388111 19.75216 0.740715 0 0.0
-0.0260387 -0.06018736 -2.335392 -6.200494 0.2510481 0.3118704 0.1627826 18.7069 0.8800278 1 0.0
0.1060241 -0.0006142363 1.60729 -0.3859454 0.6209377 1.000383 0.01894256 19.96703 1.036047 1 0.9792021
-0.03191895 -0.02300332 2.004273 0.007867001 0.1981202 0.2129239 0.04404439 18.23219 1.065094 1 0.9991344
0.008647843 -0.006391316 3.314413 -5.277124 2.335026 3.35174 -0.4485788 20.53985 nan 0 0.0
-0.03399383 -0.1046111 1.776572 -0.08117001 0.08399201 0.1101971 0.1486312 16.83399 0.1634159 1 0.9994678
0.01527901 -0.02735358 4.237699 0.0095002 1.077661 1.3599 0.09841834 20.54058 nan 0 0.0
-0.05174712 -0.02036291 3.776337 -0.8518065 1.883469 1.748527 0.3887484 20.7486 0.0008831024 0 0.0
0.02641662 -0.02886159 2.146899 0.6181014 1.439992 1.62009 0.1799852 20.55867 nan 0 0.0
-0.01870736 -0.02846302 2.641859 -3.363763 1.083794 1.495929 0.07058826 20.09172 nan 0 0.0
0.06703254 -0.0008122752 1.060403 -0.1470701 0.2239434 0.2596991 0.08379701 18.4222 1.042328 1 0.9405953
0.0002138563 0.02097735 -1.274191 -2.974153 1.095962 1.100944 0.08790623 20.11808 0.5600014 0 0.0
0.1520151 -0.04360188 -5.110293 -1.181573 1.337461 1.539799 0.2426858 20.55093 1.272398 0 0.0
-0.01634696 0.05631709 1.265528 -0.8500955 0.3385431 0.4162415 0.1200388 19.00554 0.9176807 0 0.0
0.08902976 -0.08091597 -4.094643 -10.25369 1.274601 1.984684 0.07380842 20.50833 2.036102 1 0.0
-0.08359661 0.1129516 3.163512 0.1243963 1.928834 1.520033 0.1024372 20.69886 1.198675 1 0.8813019
0.06021452 0.007916495 2.801291 2.904989 1.19652 1.759123 0.05090941 20.34838 0.7964554 0 0.0
0.009082502 -0.1632898 -1.340186 -7.478797 1.039368 1.170307 0.2687503 20.40767 1.21452 1 0.0
0.01337798 0.01623464 0.1410755 -2.478202 1.698336 1.628473 0.3974924 20.45635 0.6479511 0 0.0
-0.1165285 0.07540403 -3.926287 -7.344059 1.342878 1.677583 0.1820367 20.59946 0.9083672 0 0.0
0.01738445 -0.02197673 0.5910517 -0.1651117 1.550462 1.418041 -0.02557576 20.17414 0.5974331 0 0.0
-0.03532176 0.009751137 3.635299 2.770429 1.793491 2.254471 0.03065933 20.68924 0.6699314 0 0.0
-0.0242227 0.0259129 1.76177 -0.1680004 0.05066103 0.05802235 0.02261452 15.90907 1.213886 1 0.9999528
-0.03278366 0.01264738 13.08951 -5.271833 2.058433 1.291029 0.1687414 20.04426 nan 0 0.0
0.001622555 -0.1526828 -4.995939 -3.730638 0.5554833 0.7581128 0.1641509 19.94971 0.9954052 1 0.0
-0.0003323398 0.01443896 2.16311 3.047834 0.7148739 0.9112378 0.1595809 19.80148 0.5804462 0 0.0
-0.03044099 0.1064549 -1.141601 -3.074709 0.3261154 0.315476 0.1868053 18.70172 0.8508167 1 0.0
-0.03671927 0.03429221 2.614508 4.765595 1.871246 2.890513 0.3670891 20.72303 1.156235 0 0.0
0.03195932 -0.001381649 1.174107 -0.9619439 0.56549 0.8274893 0.001028325 19.8721 0.6685677 0 0.0
0.005584534 0.008632148 4.689753 -5.196533 1.268469 1.620787 -0.06565125 20.32813 nan 0 0.0
0.009347853 0.01324641 -4.320936 -9.946905 1.697389 1.558762 0.285633 20.05724 0.8371811 0 0.0
-0.0421525 0.05832849 1.577434 0.2196848 0.5705584 0.6103413 0.2418172 19.71671 0.7710133 0 0.0
-0.02725293 0.02839586 1.240168 -0.3731752 0.3018851 0.3032488 0.1151115 18.6986 1.002508 1 0.9961971
0.01871246 0.005846381 1.442143 0.4059525 0.400175 0.4600879 0.09960967 18.84002 0.9594765 0 0.0
0.01875416 -0.02185601 2.172507 -1.021403 0.9965189 1.024485 -0.01691753 20.09997 nan 0 0.0
0.1236479 -0.03132646 -7.273816 -5.404352 0.5743173 1.384045 -0.4940253 18.95473 nan 0 0.0
0.02158412 0.01981267 2.056724 -1.136959 0.5274221 0.6628386 0.1448193 19.73256 0.8414803 0 0.0
-0.01250286 -0.02400981 -4.970849 9.38975 2.53225 2.767465 0.217761 20.46204 0.4907017 0 0.0
-0.02832646 0.1010643 -4.378822 -6.353587 1.07703 0.9665268 0.2703311 20.29859 1.412277 0 0.0
0.04982734 -0.06434121 -5.105605 -9.093507 0.2928619 0.3542249 0.02514922 18.81101 1.130102 1 0.0
0.009571693 0.01287245 1.286053 -0.5822596 1.110944 1.227363 0.05795993 20.23623 0.6222725 0 0.0
-0.02861945 -0.01497938 -0.006005987 -0.9864352 0.6741339 0.5881842 0.3270184 19.37987 nan 0 0.0
0.02111991 -0.07099952 1.022082 -1.370405 0.9160489 1.080937 0.4511776 20.07233 0.758894 1 0.9571692
-0.001451372 0.05835369 -3.566792 -4.281384 3.628973 2.969547 0.3528989 20.82179 1.395996 0 0.0
0.01395709 -0.02030297 0.163756 0.4984361 1.309636 1.154869 -0.103111 20.24565 -0.1859207 0 0.0
0.05426507 -0.04421213 1.34072 -0.1593636 0.5347277 0.7006784 0.1017274 19.8096 0.6117516 1 0.9914087
-0.03530487 -0.01361771 0.9983496 -1.494195 1.201568 0.9244044 0.3688078 19.9166 nan 0 0.0
0.002529284 0.01681916 -1.337584 -0.4967413 0.8407196 0.9751379 0.1254544 19.91296 0.78335 0 0.0
0.04557147 -0.06748871 -4.176851 -8.139507 0.1225739 0.1345785 0.07541822 17.29273 1.027037 1 0.0
-0.02292373 -0.01570381 0.9622983 0.4600769 2.026147 1.207078 -0.3259699 20.09701 nan 0 0.0
-0.1221989 0.06603644 -3.494001 -0.4123699 0.1254761 0.1243753 -0.0005369583 17.07432 1.006386 1 0.0
0.04963713 -0.1342719 -3.567196 -6.116155 2.993307 4.466561 0.3289779 20.89545 0.4413013 0 0.0
0.005468856 0.01192045 4.447405 -2.389664 0.5400563 0.5358049 0.1073196 18.30247 0.9816437 0 0.0
-0.0009609543 -0.01471298 -0.7733963 -1.048054 0.6129306 0.8011096 0.02444403 19.72469 0.6651726 0 0.0
0.01560173 0.01824705 2.012189 -1.381179 0.7639168 0.8643615 0.2834686 19.85887 nan 0 0.0
-0.101894 -0.03751773 1.992842 -0.4657525 0.3707569 0.4931472 0.02545246 19.22485 0.9721184 1 0.9930366
0.1279922 -0.0719761 -7.613996 -2.129641 1.486598 1.917275 0.09977727 20.62399 1.438366 0 0.0
0.04578322 -0.1294324 -6.616446 -7.243373 1.776105 1.413024 0.12106 20.48956 2.06057 1 0.0
-0.006048022 -0.006573382 2.314784 -0.934581 0.6129282 0.7234036 0.01567351 19.84867 nan 0 0.0
0.02702975 0.0654827 1.34614 0.8327948 3.559916 2.855262 0.3874763 20.72988 0.5936394 0 0.0
-0.05140181 0.0546887 1.905725 -1.080761 1.385874 1.138678 -0.01146655 20.31619 0.5159702 0 0.0
0.02202237 0.003668338 2.551082 0.5818275 0.5706935 0.7575095 0.08348393 19.89023 0.6357365 0 0.0
-0.1056532 -0.02973398 1.325237 0.3474658 0.6495703 0.8238274 0.003745017 19.98201 0.8799229 1 0.9742908
-0.02705712 0.009597297 5.049297 1.739998 1.540399 1.154753 0.05979007 20.24961 1.605843 0 0.0
0.01543853 0.01849133 -10.76032 -3.674156 0.4464668 0.4667548 0.07261847 18.66125 1.067915 0 0.0
0.001407629 0.0003169017 2.921342 1.35769 0.8771314 1.062937 0.0495097 20.00134 nan 0 0.0
-0.006673855 0.009249766 1.452243 -0.8239204 0.4288325 0.5479379 0.07239628 18.98952 nan 0 0.0
0.004736507 0.06798143 3.684692 0.6166246 0.8448496 1.004422 0.1033822 20.14001 0.7400169 0 0.0
-0.04778522 -0.07819079 -8.183593 -8.902191 0.2537546 0.2860565 0.1567531 18.70141 1.056787 1 0.0
-0.07934496 -0.039062 -3.187328 -1.199644 0.4762444 0.59903 0.06194122 19.74837 0.9708138 1 0.0
-0.07298853 -0.1017192 -4.125941 -6.888881 1.122724 1.495406 0.1727524 20.65825 0.7636204 0 0.0
0.01903908 -0.06149102 1.751344 -0.1902761 0.6141894 0.8920663 0.2072876 19.96241 0.7594624 0 0.0
0.004347175 0.005199254 3.732596 -3.321141 1.490592 1.99865 0.03638954 20.13064 nan 0 0.0
0.065476 0.002145926 1.534403 -0.1506769 0.3441056 0.4181212 0.112941 19.06505 1.001892 0 0.0
0.07036349 0.03118846 1.935589 2.336406 2.638589 2.346805 0.2359504 20.81674 0.4984722 0 0.0
0.02444894 -0.02027579 -4.653239 5.063042 1.649629 1.774456 0.04275572 20.05133 1.217331 0 0.0
0.02612767 0.00704279 0.45138 -3.341298 1.046418 1.077165 0.168502 20.17613 0.5035553 0 0.0
-0.008377204 -0.0007301792 -0.05447461 -0.6683916 1.675259 1.224958 0.05191624 20.23603 nan 0 0.0
0.06748827 0.00645692 1.794293 -0.2164342 0.02836208 0.03466026 0.09006353 14.50243 1.344088 1 0.9999593
-0.02477177 0.01743591 10.97382 -0.8342534 2.16727 1.751934 0.07203638 20.69313 0.8861446 0 0.0
-0.096821 -0.0532757 1.779355 -0.1299826 0.02389729 0.03463252 -0.01486632 14.20339 1.419617 1 0.9998023
0.00866574 0.0316641 0.8713924 1.210457 0.7932031 1.095188 0.06972787 19.99586 0.8182373 0 0.0
0.02505197 0.04293299 0.769136 -1.335147 0.7258537 0.8413615 0.1979515 19.92726 0.7333183 0 0.0
0.06500582 0.001094731 1.539912 0.1869225 0.5234142 0.7028284 0.09782812 19.81109 0.7104836 0 0.0
-0.01902753 -0.02508352 1.113039 0.4395781 0.8775512 1.056844 -0.2100486 20.21668 0.3497314 0 0.0
-0.1164402 -0.06967884 0.6783812 -0.03481378 0.8925732 1.074792 0.07225923 20.2378 0.5739632 1 0.8715405
-0.04602988 0.09537527 -5.806606 -3.350446 0.3906372 0.4327002 0.2342156 19.21727 1.172985 1 0.0
-0.06837589 0.05915022 -1.685343 -5.313763 0.1691603 0.1619061 0.1914907 17.69204 0.6237221 1 0.0
-0.0175306 -0.06106226 -1.493008 -5.877162 0.1203906 0.1451758 0.1247161 17.47128 0.897295 1 0.0
0.05911127 -0.1453475 -3.678192 -11.76124 0.06629458 0.086228 0.09972549 16.53989 1.108951 1 0.0
0.09966053 -0.02845687 -5.783269 -8.435777 0.5507307 0.7215472 0.2035643 19.51329 1.740938 0 0.0
0.0008487412 0.01778825 -6.594711 -4.067167 1.854392 1.52003 0.103776 20.27532 0.8015594 0 0.0
0.03402032 -0.06187128 2.328736 -2.347343 1.023583 1.163782 0.06712145 20.29486 0.7071915 1 0.9164909
-0.07067582 -0.005945276 -1.749165 -0.1028511 3.476142 2.035752 0.1399641 20.66667 0.5192719 1 0.765127
-0.05433202 0.1351172 2.206305 -0.2070114 0.7137472 0.7915021 0.1493505 20.01971 0.7362003 1 0.9670816
-0.01475269 0.04006782 1.924251 -0.4876798 0.3885695 0.4580713 0.1080561 19.33224 0.9232178 0 0.0
-0.01521428 -0.01214814 0.3190413 -1.617349 1.05715 1.326259 -0.1064335 20.31626 nan 0 0.0
-0.01684711 -0.07638907 -5.19794 -5.303956 0.3940769 0.5392593 0.1596083 19.48242 1.052788 1 0.0
-0.01016365 -0.0003877568 2.28498 0.4872533 0.5555237 0.6724772 0.09746998 19.66321 0.7559204 0 0.0
0.0009955779 0.05693466 2.117568 -0.2285891 0.5348732 0.6937373 0.1004078 19.81017 0.813776 1 0.9956581
-0.01074719 0.01653391 1.675238 -0.9048082 0.1139866 0.1285356 0.07211864 17.01231 0.2535706 0 0.0
0.008456182 -0.00748223 1.483027 -1.286501 1.184484 1.28568 -0.04649221 20.208 nan 0 0.0
-0.01258361 -0.01492325 3.907473 -12.72464 2.274499 1.814696 -0.1323395 20.73773 0.8259373 0 0.0
-0.04754453 -0.08681903 -3.217065 -3.227955 0.86059 1.076376 0.143856 20.30581 1.618607 0 0.0
0.03284151 0.05143517 1.782704 -0.00907916 0.1550696 0.1803672 0.1240348 17.79439 1.090466 1 0.9994195
-0.04624296 -0.1479272 0.2969142 4.186933 2.7566 5.101925 0.2169673 20.92452 1.342112 0 0.0
-0.02155034 -0.002640617 2.029558 -0.008844181 0.2643503 0.3005193 0.1771456 18.55774 0.8941307 0 0.0
