data/gcs/NGC_6401.ecsv
# %ECSV 0.9
# ---
# datatype:
# - {name: x, unit: deg, datatype: float64}
# - {name: y, unit: deg, datatype: float64}
# - {name: pmx, unit: mas / yr, datatype: float64}
# - {name: pmy, unit: mas / yr, datatype: float64}
# - {name: pmx_e, unit: mas / yr, datatype: float64}
# - {name: pmy_e, unit: mas / yr, datatype: float64}
# - {name: pm_corr, datatype: float64}
# - {name: g_mag, unit: mag, datatype: float64}
# - {name: bp_rp, unit: mag, datatype: float64}
# - {name: filter, datatype: int64}
# - {name: memberprob, datatype: float64}
# meta: !!omap
# - comments: [deg deg mas/yr mas/yr mas/yr mas/yr dimless mag   mag   zeroone float]
# - __serialized_columns__:
#     bp_rp:
#       __class__: astropy.units.quantity.Quantity
#       unit: &id001 !astropy.units.Unit {unit: mag}
#       value: !astropy.table.SerializedColumn {name: bp_rp}
#     g_mag:
#       __class__: astropy.units.quantity.Quantity
#       unit: *id001
#       value: !astropy.table.SerializedColumn {name: g_mag}
#     pmx:
#       __class__: astropy.units.quantity.Quantity
#       unit: !astropy.units.Unit {unit: mas / yr}
#       value: !astropy.table.SerializedColumn {name: pmx}
#     pmx_e:
#       __class__: astropy.units.quantity.Quantity
#       unit: !astropy.units.Unit {unit: mas / yr}
#       value: !astropy.table.SerializedColumn {name: pmx_e}
#     pmy:
#       __class__: astropy.units.quantity.Quantity
#       unit: !astropy.units.Unit {unit: mas / yr}
#       value: !astropy.table.SerializedColumn {name: pmy}
#     pmy_e:
#       __class__: astropy.units.quantity.Quantity
#       unit: !astropy.units.Unit {unit: mas / yr}
#       value: !astropy.table.SerializedColumn {name: pmy_e}
#     x:
#       __class__: astropy.units.quantity.Quantity
#       unit: &id002 !astropy.units.Unit {unit: deg}
#       value: !astropy.table.SerializedColumn {name: x}
#     y:
#       __class__: astropy.units.quantity.Quantity
#       unit: *id002
#       value: !astropy.table.SerializedColumn {name: y}
# schema: astropy-2.0
x y pmx pmy pmx_e pmy_e pm_corr g_mag bp_rp filter memberprob
[from data line 1498]
0.03166605 -0.02663849 0.1114379 1.398886 1.423833 1.230988 0.4937808 19.41214 1.583967 0 0.0
-0.001275974 -0.0009330965 -2.930228 1.329438 0.09699122 0.0726354 0.005774087 13.98033 2.62579 1 0.9988608
-0.002837357 -0.04378743 -7.008101 -8.217866 0.1674428 0.1334876 -0.05215564 16.43483 2.499212 1 0.0
-0.03040475 0.009965738 -2.563217 1.596145 0.3109892 0.2552829 0.1324065 17.8695 2.276167 0 0.0
0.006672999 -0.04250201 -3.549682 -4.89197 0.6496276 0.5343048 0.7795318 17.78782 2.185076 0 0.0
-0.002252445 6.06188e-05 -0.8720559 0.777153 0.4135942 0.2982082 0.3842563 16.96679 1.962372 0 0.0
-0.03381222 0.0235414 -1.000245 -2.281693 0.2406871 0.2165947 -0.1023343 17.10506 2.443786 1 0.0
0.01035767 -0.002156116 6.118778 5.762886 1.864437 1.605217 0.4876756 19.2105 nan 0 0.0
0.004750134 -0.001097209 -3.982011 1.902591 0.6335776 0.5097357 0.05655422 17.85261 nan 0 0.0
0.0051128 -0.001490137 -3.097568 3.479032 1.015883 0.8541212 0.282028 18.48842 nan 0 0.0
-0.02658063 0.001784056 -7.351077 -3.799995 0.3098724 0.2487668 0.02999744 14.42165 4.909875 0 0.0
0.003939724 -0.0453057 -3.065054 -5.37912 0.6853401 0.4985666 0.2054146 18.89547 nan 0 0.0
0.01470505 -0.04410676 1.019504 -0.2716541 1.700022 1.561741 0.1269414 19.93046 1.76889 0 0.0
-0.001052759 -0.004019185 -5.995619 -3.047517 1.010715 0.7263342 0.07126215 18.21349 nan 0 0.0
-0.01516907 -0.004731512 -3.124327 -4.431958 1.468833 1.281445 0.4256026 19.56996 nan 0 0.0
0.008627825 -0.004372328 -3.925433 0.3247824 0.3002931 0.2561056 0.3287196 17.50935 nan 0 0.0
0.03395325 -0.02678594 -4.999332 2.574538 1.385857 1.261656 0.1602283 19.65751 1.616104 0 0.0
-0.003479938 -0.002073732 -2.460959 1.378996 0.1236371 0.09255754 -0.003558119 15.20527 2.35596 0 0.0
-0.03011899 -0.01898012 0.4889436 -3.949292 0.3601127 0.2797173 -0.14046 17.9447 nan 0 0.0
-0.003145157 -0.00208326 -2.160689 1.753197 0.1982864 0.168133 0.3351955 16.32893 nan 0 0.0
0.02218054 -0.03744546 -6.90569 -8.564693 1.014407 0.8721992 0.3417177 19.2016 1.741293 0 0.0
-0.02334954 0.03074586 -4.224347 -4.579124 0.1813822 0.1426066 0.1766338 16.84681 2.663565 1 0.0
0.005614753 -0.006577057 -3.551983 -0.3412239 0.9780899 0.8083948 0.3213657 16.76767 2.087431 0 0.0
-0.01547583 -0.005690944 -4.931495 -6.965852 0.3526121 0.2817904 0.01736007 17.99186 2.219345 0 0.0
0.003103343 -0.03315778 -6.096199 -3.581181 1.928247 1.722785 0.2653244 19.99725 nan 0 0.0
0.02421652 -0.03770522 -1.569226 -3.98129 1.594927 1.332857 0.06564993 19.61102 nan 0 0.0
-0.03467006 -0.003274243 -4.702686 -3.0379 0.455173 0.35989 -0.03135322 18.11678 2.482904 0 0.0
0.008516174 -0.005282126 -1.289413 1.803871 0.4884889 0.4114312 0.3919009 18.4284 nan 0 0.0
-0.03539787 0.005699636 0.5290877 -14.72434 1.514969 1.328423 0.5957518 19.61177 1.674126 0 0.0
0.00201593 -0.009863312 -2.594432 -3.185416 0.2092346 0.1652235 0.1840498 16.90854 2.384895 0 0.0
-0.03347473 0.0133181 -1.247293 -7.939568 0.6587876 0.5261488 0.4079968 18.76002 2.19751 0 0.0
-0.04555015 -0.003813584 1.372273 4.53007 0.787494 0.6624913 0.4611781 18.95182 1.933302 0 0.0
0.009074311 -0.002676725 -2.253933 1.929638 0.2450218 0.1990058 0.4812533 16.99505 1.872587 0 0.0
-0.02471709 0.03166113 -4.537595 -9.553163 0.1353853 0.1028077 0.09511565 15.87331 2.595494 1 0.0
-0.04050936 0.02413457 -3.396567 -7.659736 0.3723344 0.298271 -0.08828888 17.70937 2.531857 0 0.0
-0.03793304 -0.007011655 -8.127446 -6.876172 0.2959343 0.2393541 -0.006181367 17.30962 2.732134 1 0.0
0.02377046 -0.03663321 -9.310688 -10.69125 2.052061 1.793591 0.4831979 19.87288 nan 0 0.0
-0.003339959 -0.02090117 -1.302784 -5.583496 0.4841055 0.3900731 -0.0197441 18.72976 2.40509 0 0.0
-0.04119153 -0.02427797 -4.413427 -7.04147 0.3237421 0.2731111 0.1400029 17.83194 1.965246 0 0.0
0.004610425 -0.00713587 -5.211538 -0.5483247 0.4225056 0.3496551 -0.1336999 17.77117 nan 0 0.0
-0.03581106 -0.01343881 -5.962733 -3.967822 0.6770696 0.5415838 -0.06334189 18.81203 2.446409 0 0.0
-0.02161419 -0.0004046547 -5.461014 -5.612966 0.6185893 0.4864988 -0.3700893 18.68212 nan 0 0.0
-0.01823706 -0.01019265 -1.378972 -1.509865 0.6690929 0.5278846 -0.1623869 18.51898 2.168127 0 0.0
0.01894462 -0.04143702 -3.55958 -5.244702 0.3097815 0.246774 -0.1326509 17.78911 nan 0 0.0
0.027786 -0.04017596 -2.360703 -9.791524 0.3352433 0.2603151 0.09877121 17.56557 1.822876 0 0.0
0.03186094 -0.02813009 -4.609891 -3.759301 1.425259 1.224602 0.4515669 19.31895 1.64537 0 0.0
0.03035342 -0.03367439 4.103121 -0.6909325 2.450074 2.235579 0.219959 20.14203 nan 0 0.0
-0.03885589 0.0004267305 -1.554095 -7.085855 0.6559308 0.5044637 -0.132866 18.78008 nan 0 0.0
0.01241949 -0.02992538 -3.437679 -12.45088 2.213825 1.922027 0.1762962 19.7871 2.034706 0 0.0
-0.0151089 -0.0421079 -2.469162 -7.372113 0.4232254 0.3590478 -0.1236616 18.2963 2.351946 0 0.0
-0.04435014 -0.004957576 -2.31856 -11.13852 1.265377 1.151616 0.5235447 19.43757 1.93891 0 0.0
-0.01254891 0.01836104 -4.055209 -8.574965 0.1953254 0.1528351 0.2491748 16.61549 2.234385 0 0.0
-0.04112063 0.0159137 1.660447 1.260324 2.258763 2.315153 -0.05034953 20.01944 1.357561 0 0.0
-0.04440408 -0.01034776 -5.217608 -2.506804 0.3745169 0.3133086 0.08984375 17.58852 2.464258 0 0.0
-0.02912022 0.005167145 -1.762315 -5.989623 0.3162149 0.2594206 0.08000535 17.67599 2.339951 0 0.0
-0.03154983 0.01464419 -0.1063927 0.7284015 1.221185 1.082071 0.4957538 19.3776 2.070673 0 0.0
-0.01037251 0.01858248 -1.338166 -5.669781 0.9180415 0.7575931 -0.02877013 18.87454 nan 0 0.0
-0.00311653 -0.03224225 -1.367488 -4.902316 0.3003068 0.2415985 0.2009924 17.27484 2.397336 0 0.0
0.002378661 -0.005909385 -4.830966 -2.995792 1.206683 0.9965925 0.2698115 17.49509 2.16294 0 0.0
0.002657624 -0.006517834 -3.939462 2.716549 0.4917148 0.3881958 0.2533794 18.24372 nan 0 0.0
-0.03168614 0.001561652 -3.225936 2.734341 0.4721354 0.3900435 0.04354562 18.55921 nan 0 0.0
-0.0131283 -0.04626761 2.556691 -0.2184256 1.133057 0.9932213 0.4407484 19.10366 2.341434 0 0.0
-0.001275887 -0.009710715 -2.328142 1.875746 0.3252013 0.2559998 0.1903986 17.61758 2.171291 0 0.0
0.01236218 -0.04582694 -5.123851 -2.484052 0.1930858 0.1575527 0.05449224 17.02405 2.094337 0 0.0
-0.03179763 0.001132471 -3.992104 1.304558 0.5308319 0.4358339 0.4784644 18.20873 nan 0 0.0
-0.007414159 0.007386552 -1.255152 3.169794 0.747543 0.651429 0.03487398 18.62314 nan 0 0.0
-0.002614948 -0.008943981 -2.495249 0.5642102 0.484219 0.3515359 -0.09882913 18.18462 nan 0 0.0
-0.005125167 -0.02168896 -1.996304 -1.89372 0.7329401 0.640131 0.2227602 18.93087 2.402645 0 0.0
-0.00786076 0.01056798 -1.577314 -2.414972 0.3173485 0.2405756 0.08935954 16.8133 2.021363 0 0.0
-0.001945008 -0.03636592 -3.28766 -10.08705 1.59992 1.645329 0.1300005 19.55258 1.916777 0 0.0
0.003187701 -0.005501229 -4.223761 -1.341029 0.6496893 0.5571804 0.2662522 18.26108 nan 0 0.0
-0.01014844 0.007867018 -2.257551 1.319011 0.287486 0.225254 0.1781976 17.24832 nan 0 0.0
0.007230657 -0.04492056 -2.568553 -2.110961 0.3302852 0.265988 0.1839276 17.48653 2.098391 0 0.0
-0.04772497 -0.007142693 -10.33542 -3.359647 1.539403 1.338017 0.4791538 19.57726 1.94795 0 0.0
-0.03361228 0.005785943 -4.590637 1.138029 0.6036707 0.4806359 -0.01534919 18.90022 2.370693 0 0.0
0.007873419 -0.02344195 -0.7980175 -6.54479 0.7324928 0.5204102 0.4448602 18.87146 1.683165 0 0.0
-0.03023753 0.01077831 -17.73909 -23.66521 2.407675 2.147806 0.2381842 19.78821 nan 0 0.0
-0.03553532 -0.001723803 -1.724836 -1.780518 0.1997432 0.1611865 -0.04087087 17.02502 2.535246 1 0.0
-0.0008574431 -0.008539599 -5.246941 -0.5575107 0.911992 0.6934953 -0.02710557 17.12919 2.093513 0 0.0
0.006479754 -0.002987467 -6.351866 -5.105642 0.2425775 0.1904575 -0.1268703 16.59573 2.272929 0 0.0
-0.0358717 0.004030575 -3.761848 -9.399115 1.135368 1.007779 0.5854597 19.32406 1.642279 0 0.0
-0.01508514 -0.0067037 0.7940308 -4.904796 0.3947641 0.3072821 -0.06059518 18.41086 2.151049 0 0.0
-0.04203031 -0.01821478 -3.403509 -1.360425 1.073082 0.9532847 0.6087324 19.14676 nan 0 0.0
-0.04097573 -0.001099803 -0.7855989 -1.937745 1.302423 1.172683 0.5348407 19.51053 2.027311 0 0.0
-0.003089492 0.00344996 -4.674919 1.705176 0.3624887 0.274523 0.01824871 14.82059 2.268353 0 0.0
-0.03067939 -0.008463129 -3.169471 -4.664345 0.3778793 0.3095263 0.06674946 17.81626 2.337339 0 0.0
-0.03199971 0.02854865 1.014118 -5.747995 0.5768182 0.4958179 0.1227813 16.21023 2.399184 0 0.0
0.02887693 -0.0258234 -0.0181823 -0.1917425 0.1843622 0.1399578 0.3197281 16.77055 1.874738 0 0.0
0.00578191 -0.01166778 -2.759635 1.993256 0.2329245 0.1827707 0.1747758 17.31175 2.081441 0 0.0
0.02851399 -0.02729389 1.514328 -5.866697 1.100923 0.9343037 0.3986147 19.07851 1.757977 0 0.0
0.00960385 -0.009793081 -3.44651 2.496023 1.106121 0.7528927 -0.7420895 18.76852 2.252863 0 0.0
0.006060827 -0.01266533 -6.722036 1.14318 0.359607 0.283606 0.2548089 17.69767 1.808996 0 0.0
-0.02272762 -0.01476527 -4.838909 3.524873 0.493306 0.3865927 -0.01341855 18.06927 2.43504 0 0.0
-0.02794178 -0.02554472 0.8125072 -2.141977 0.2684458 0.2227186 -0.08242314 17.11975 1.808643 1 0.0
-0.04357302 0.006963618 -2.930848 -5.235776 0.290577 0.239902 -0.1112353 17.48228 2.505039 1 0.0
-0.0145243 -0.03239371 6.837626 1.725064 0.9690851 0.8951173 0.4151098 19.19821 2.320257 0 0.0
0.0222372 -0.03231089 -0.06045443 -7.17249 1.927864 1.742519 0.4569098 19.75368 nan 0 0.0
0.005837824 -0.008978419 0.676599 -1.205889 1.105049 0.8179634 0.008369778 18.5386 1.943403 0 0.0
0.00123446 -0.04763261 1.163534 -4.595967 0.6411772 0.5273305 0.2087738 17.75521 1.852196 0 0.0
-0.005514794 -0.04254392 -2.807897 -8.763395 0.2437052 0.195025 -0.02538117 16.95662 2.508548 1 0.0
0.01880497 -0.04279694 -5.149201 -5.667616 0.2077525 0.1691079 0.2033214 17.03387 2.4366 0 0.0
-0.02194356 -0.03228032 -4.340576 -6.595404 0.8209806 0.6432539 -0.1741439 18.7102 2.240572 0 0.0
-0.01017527 -0.005778156 -0.7203257 -0.197219 1.739359 1.496121 0.1803945 19.07554 2.078035 0 0.0
-0.04630882 0.01133812 -3.17501 -2.270154 1.790391 1.638268 0.5108253 19.84959 1.104828 0 0.0
0.009100437 -0.02783275 -5.819932 -0.6936581 1.081986 0.9433918 0.009055357 19.09263 2.571552 0 0.0
-0.02412172 -0.01842764 10.22662 -5.671712 1.837786 1.809595 0.2864094 19.58956 2.317265 0 0.0
0.01135842 -0.04300016 0.7861414 -1.490312 0.4044425 0.325537 0.1092067 17.81007 2.205908 0 0.0
-0.03483872 0.001455937 -2.512853 -9.079829 0.2166607 0.1785561 0.08261533 17.19544 2.493146 0 0.0
0.005361932 -0.04854252 -1.351966 -5.134759 1.460442 1.23455 0.2457594 19.87539 nan 0 0.0
-0.0221649 -0.04272881 7.273537 -0.04133653 1.064731 0.8310309 0.1834642 18.68496 1.997328 0 0.0
-0.04574466 -0.006007104 -9.407051 -3.569016 2.482695 1.900642 -0.1315053 19.82992 1.743242 0 0.0
0.01691011 -0.03035696 -1.36758 1.150613 0.3052173 0.2336137 0.09991649 18.0634 2.129461 0 0.0
0.01096942 -0.0259141 -0.6021114 -6.764959 1.080634 0.9225447 0.3438078 19.14693 nan 0 0.0
-0.01678283 -0.03787189 -3.846569 -0.7175705 1.710972 1.54627 0.4495246 19.62321 2.069555 0 0.0
-0.03762799 -0.0007554624 -1.352986 3.638754 1.823651 1.638071 -0.02104292 19.89272 2.069267 0 0.0
0.03160869 -0.03309676 -3.056526 -9.595621 0.8714972 0.6876069 0.006728975 18.95753 nan 0 0.0
0.01403617 -0.03984758 -5.968904 -9.090589 0.2026996 0.1557609 0.2795576 16.86426 2.402807 0 0.0
-0.03132371 0.002654651 -5.063595 -2.130257 1.487237 1.378148 0.4962012 19.57834 nan 0 0.0
-0.04555591 0.01253811 -0.7128285 -8.855457 1.292922 1.161125 0.5905915 19.49195 2.058378 0 0.0
-0.01882185 -0.01729951 -3.037181 2.036858 0.3619966 0.283918 -0.05550006 18.16668 2.441708 0 0.0
-0.04331679 -0.008338955 -6.904037 2.35439 2.348749 1.784779 -0.1402451 19.73897 1.901669 0 0.0
-0.02002145 -0.01663021 -3.607629 1.804849 0.5830455 0.4538848 -0.2704519 18.62909 1.590393 0 0.0
-0.03313676 0.001044397 -0.9534614 -7.108674 0.3888839 0.318566 0.1687906 17.84409 nan 0 0.0
0.0001747287 -0.02207033 -4.417927 -1.572471 0.438474 0.352442 0.4557513 17.31787 nan 0 0.0
-0.009394498 -0.0007922879 -1.2636 7.216136 1.494625 1.366364 0.2840087 19.62324 nan 0 0.0
-2.05301e-05 -0.02181284 -5.223341 1.977409 0.5421161 0.439041 0.2951892 17.21819 2.24333 0 0.0
-0.01338053 -0.03440966 -3.322371 -3.256747 1.467772 1.357622 0.4649331 19.67397 2.123959 0 0.0
-0.02870173 0.005199663 1.291005 -1.019967 0.5001371 0.4130049 0.139664 18.33756 nan 0 0.0
0.02639539 -0.02106785 -4.632925 -3.847346 0.4964246 0.3689062 -0.001945419 18.43222 nan 0 0.0
-0.04438069 0.002761454 2.454024 0.3936696 1.678199 1.494095 -0.0528247 20.05508 2.0107 0 0.0
-0.007188119 -0.0435549 -10.68109 -6.538811 0.1581015 0.1275699 -0.06311164 16.46247 2.193736 1 0.0
-0.03533222 -0.03030155 -2.452255 -4.404535 0.3298095 0.2719994 0.11048 17.72775 1.919273 0 0.0
0.01269826 -0.0314017 -4.216231 -8.035221 0.3913494 0.3355331 0.1047867 17.75924 2.434299 0 0.0
-0.01115083 -0.01569645 -0.001343383 -4.971874 1.34924 1.216885 0.4276831 19.51537 nan 0 0.0
-0.007243596 -0.04893172 -3.735724 -5.182742 2.084529 1.798177 0.2981771 19.52164 nan 0 0.0
-0.02730587 0.001104888 2.52761 -13.21955 1.397981 1.111237 0.1389042 18.94349 2.473078 0 0.0
0.02784598 -0.0207153 0.767387 -2.098758 0.3430867 0.2543533 0.03663249 18.14944 2.061459 0 0.0
0.02313121 -0.02413043 -1.350743 -5.952536 0.4477019 0.3212169 0.2254408 18.27589 1.900715 0 0.0
-0.00135978 0.00958593 0.8608665 -6.833154 1.465349 1.269134 0.486842 19.41663 nan 0 0.0
-0.009365553 -0.01522519 -5.645236 -5.519813 2.091232 1.869579 0.2043828 19.98573 1.871891 0 0.0
-0.0005504846 -0.0299267 -3.408227 -13.25111 1.494924 1.279332 0.4529795 19.86125 2.13546 0 0.0
-0.006186073 -0.002340862 -3.694511 1.163547 0.3005803 0.2386682 0.1448897 17.42332 nan 0 0.0
-0.01968662 -0.01718901 -25.99312 -16.64638 1.185608 0.9812389 0.1225777 18.79742 nan 0 0.0
-0.03722836 -0.0321484 1.47277 -5.795815 0.5128571 0.4032946 -0.04857551 18.72628 1.969038 0 0.0
-0.03271069 -0.02890087 -9.363144 -3.052338 0.2651122 0.2173247 0.07666145 17.48786 2.38505 0 0.0
0.004442487 -0.02323961 1.412509 2.029742 1.419433 1.230884 0.3370126 19.57366 1.773783 0 0.0
-0.02944857 -0.02315706 0.1830791 5.148078 1.708817 1.5573 0.315221 19.84549 1.94833 0 0.0
0.01746637 -0.04203191 0.648213 -10.43519 1.208817 1.033883 0.499083 19.20357 1.699396 0 0.0
-0.02074689 -0.01562897 -6.16195 -11.38373 0.2828263 0.2329224 0.09848432 17.59156 2.1522 0 0.0
0.01046718 -0.02793776 -6.150524 -12.95735 0.4831672 0.3476525 0.3791229 17.98986 1.984173 0 0.0
-0.03486409 -0.007905338 1.972771 -8.10369 1.118368 1.085396 0.3125644 19.10383 1.898705 0 0.0
-0.02913951 -0.03301226 -3.40026 -8.360808 2.353426 2.060318 0.2816996 20.20658 nan 0 0.0
-0.03252505 0.009261411 -6.057298 -8.734519 0.1960826 0.1615144 0.2109112 16.41699 2.75207 1 0.0
-0.03796202 -0.003330481 -1.585869 -2.258367 0.3365886 0.2725165 -0.009963018 17.80275 1.982965 0 0.0
-0.03770248 -0.03228396 5.728602 1.003339 1.886908 1.652654 0.5084256 19.82507 nan 0 0.0
0.01459379 -0.04145935 -5.864566 0.9798588 1.550862 1.417605 0.155297 20.00338 nan 0 0.0
0.01222432 -0.02910711 -0.5909735 -7.341712 0.3076842 0.2456468 0.1617275 17.54364 2.449389 0 0.0
0.01331225 -0.02790368 -2.351351 -5.659908 0.1532338 0.121726 0.05903534 16.23443 2.681088 1 0.0
0.01688253 -0.02792127 -0.5504797 -4.639518 0.5487884 0.458417 0.2866183 18.86229 2.050299 0 0.0
0.003438368 -0.02097937 -8.209774 4.278214 1.553903 1.301033 0.3239525 19.22146 2.067371 0 0.0
0.0258656 -0.02006448 -2.808497 0.8257356 1.140615 0.9479184 0.1557361 19.18785 1.538683 0 0.0
0.008403827 -0.01689215 4.980566 -1.637323 1.608259 1.405262 0.460553 19.61733 1.972662 0 0.0
0.01297727 -0.03055486 -3.796643 -9.16627 0.2787085 0.2344155 0.2307884 17.52508 2.186245 1 0.0
0.0251931 -0.03558635 -3.390998 -4.650021 0.6800563 0.5350687 0.03873757 18.92653 nan 0 0.0
-0.03771108 -0.002859292 -4.857319 -6.204386 2.169153 1.985715 0.0805828 20.31162 nan 0 0.0
0.02999125 -0.03186232 1.051138 -6.892299 0.9736459 0.703835 0.0752352 18.70408 1.719435 0 0.0
-0.007609375 0.005904531 -2.977768 -0.416006 1.858012 1.591631 0.4559496 19.40884 nan 0 0.0
