data/gcs/NGC_6539.ecsv
# %ECSV 0.9
# ---
# datatype:
# - {name: x, unit: deg, datatype: float64}
# - {name: y, unit: deg, datatype: float64}
# - {name: pmx, unit: mas / yr, datatype: float64}
# - {name: pmy, unit: mas / yr, datatype: float64}
# - {name: pmx_e, unit: mas / yr, datatype: float64}
# - {name: pmy_e, unit: mas / yr, datatype: float64}
# - {name: pm_corr, datatype: float64}
# - {name: g_mag, unit: mag, datatype: float64}
# - {name: bp_rp, unit: mag, datatype: float64}
# - {name: filter, datatype: int64}
# - {name: memberprob, datatype: float64}
# meta: !!omap
# - comments: [deg deg mas/yr mas/yr mas/yr mas/yr dimless mag   mag   zeroone float]
# - __serialized_columns__:
#     bp_rp:
#       __class__: astropy.units.quantity.Quantity
#       unit: &id001 !astropy.units.Unit {unit: mag}
#       value: !astropy.table.SerializedColumn {name: bp_rp}
#     g_mag:
#       __class__: astropy.units.quantity.Quantity
#       unit: *id001
#       value: !astropy.table.SerializedColumn {name: g_mag}
#     pmx:
#       __class__: astropy.units.quantity.Quantity
#       unit: !astropy.units.Unit {unit: mas / yr}
#       value: !astropy.table.SerializedColumn {name: pmx}
#     pmx_e:
#       __class__: astropy.units.quantity.Quantity
#       unit: !astropy.units.Unit {unit: mas / yr}
#       value: !astropy.table.SerializedColumn {name: pmx_e}
#     pmy:
#       __class__: astropy.units.quantity.Quantity
#       unit: !astropy.units.Unit {unit: mas / yr}
#       value: !astropy.table.SerializedColumn {name: pmy}
#     pmy_e:
#       __class__: astropy.units.quantity.Quantity
#       unit: !astropy.units.Unit {unit: mas / yr}
#       value: !astropy.table.SerializedColumn {name: pmy_e}
#     x:
#       __class__: astropy.units.quantity.Quantity
#       unit: &id002 !astropy.units.Unit {unit: deg}
#       value: !astropy.table.SerializedColumn {name: x}
#     y:
#       __class__: astropy.units.quantity.Quantity
#       unit: *id002
#       value: !astropy.table.SerializedColumn {name: y}
# schema: astropy-2.0
x y pmx pmy pmx_e pmy_e pm_corr g_mag bp_rp filter memberprob
[from data line 1332]
-0.001935179 -0.02815073 -6.913278 -3.149862 0.1592888 0.1279134 0.2641268 16.54017 2.566713 1 0.9986999
0.009376931 -0.06616523 -1.440279 -1.252732 0.4218468 0.34886 0.2650545 18.34345 2.488375 1 0.0
0.07459221 -0.03581091 -4.666699 -3.14468 1.258099 1.52293 0.4575873 19.95586 1.556108 0 0.0
-0.01696685 -0.07457972 -6.694829 -3.33553 0.1576247 0.1396024 0.2855398 16.47478 2.617023 1 0.9968016
0.06016582 -0.02235612 -4.836999 -3.866304 1.66904 1.695948 0.09317214 20.2999 2.249514 0 0.0
0.08889929 -0.03675204 -1.236229 1.134164 0.1149455 0.09548029 0.2190979 15.95079 2.512856 1 0.0
-0.05286993 -0.05838878 -2.328775 -5.950428 0.6643871 0.5473338 0.3378559 18.58362 nan 0 0.0
-0.007923621 -0.06931995 -7.607078 -4.230616 1.009977 1.066546 0.2779156 19.63434 2.170263 0 0.0
-0.02389535 -0.03260124 -2.625012 -4.260734 1.256373 1.294373 0.487986 19.97066 2.406006 0 0.0
0.08533812 0.003893324 7.848093 -5.619692 1.582635 1.510251 0.4616559 20.21187 1.786661 0 0.0
-0.01578656 -0.09403318 -2.428119 -2.899941 0.8451412 0.8889737 0.4305777 19.56634 2.189074 1 6.617555e-06
0.01234148 -0.05041395 -2.188022 -7.404528 0.2592941 0.211836 0.2470188 17.56095 2.462627 1 0.0
-0.05714213 -0.002407225 -2.348635 -10.67388 1.008353 1.173453 0.6653379 19.41812 2.0795 1 0.0
0.01591031 -0.05859945 4.764652 -2.335764 0.6987911 0.5517112 0.1389692 18.64752 2.163637 0 0.0
0.06824354 -0.0144075 0.8355604 5.297003 0.8416943 0.8374407 0.2607077 19.23223 nan 0 0.0
-0.0029633 -0.07543341 -0.1829448 0.01107863 0.09507775 0.07568987 0.2323837 13.56686 2.77406 1 0.0
0.06110101 -0.04008076 -1.057935 -4.550728 1.340381 1.571548 0.3937291 19.68361 2.506014 0 0.0
0.02401681 -0.05023134 -5.362871 -8.18939 0.322408 0.2668901 0.2746298 18.08595 2.327576 1 0.0
-0.006078678 -0.06667205 -7.729411 -3.252675 0.3728739 0.3124643 0.2815165 18.3918 2.443914 1 0.9675246
0.07069451 -0.009811182 1.164967 -0.2032286 2.760651 2.52849 0.3551088 20.61762 nan 0 0.0
-0.0105547 -0.08102635 -6.930539 -3.742653 0.2328168 0.1931634 0.2302476 17.43204 2.340977 1 0.9937819
-0.01070726 -0.02781946 -7.09735 -3.396048 0.4482671 0.3562058 0.4667169 17.94896 2.37418 1 0.9983364
-0.04604005 -0.004400027 -6.266267 -2.948531 1.90906 1.755166 0.5633851 20.13618 1.843971 0 0.0
-0.0444941 -0.03525933 -6.521887 -3.464946 0.444865 0.3846325 0.3642015 18.62723 2.094351 1 0.9921151
0.007441085 -0.07266114 -5.81501 -6.361564 2.013715 1.653768 -0.0808981 20.36404 1.496098 0 0.0
0.0193885 -0.06183779 1.519451 0.8256602 1.182748 1.228099 0.242572 19.93828 1.386959 0 0.0
-0.02086848 -0.07466096 -6.438305 -3.286725 0.2515231 0.2041666 0.2957773 17.39449 2.43347 1 0.9863955
0.05852555 -0.07229455 -6.510335 -3.169823 1.560787 1.320384 0.419075 19.9772 2.034014 0 0.0
0.06440155 -0.01650499 -2.641291 -5.043471 0.1951477 0.1516222 0.04256853 16.73138 2.566967 1 0.0
0.06899265 -0.05866477 1.68442 -7.009918 1.770599 1.385243 0.06297508 20.29479 1.479479 0 0.0
-0.009163296 -0.08766675 -8.149916 -3.247713 1.729307 1.476682 0.152127 20.32561 1.525993 0 0.0
0.08659927 -0.04259998 -5.651418 -0.09044223 1.322356 1.497271 0.5155476 19.97009 1.734444 0 0.0
-0.02108347 -0.008066388 -9.641014 -5.905693 2.109322 1.960342 0.2249456 20.39525 2.109663 0 0.0
-0.07416414 -0.05392921 -0.6358969 -1.127836 1.085074 1.117432 0.4287222 19.62552 2.156097 0 0.0
-0.0429852 -0.0002230939 4.040457 -6.472919 2.860345 2.320426 0.03110536 20.30905 1.539743 0 0.0
-0.005927775 -0.04318496 -6.75789 -3.539791 0.3317317 0.2535682 0.4083145 17.61563 2.394995 1 0.9981539
-0.02138259 -0.07569 -1.391102 -3.199219 0.2177583 0.1790964 0.2349117 17.11383 2.514704 1 0.0
-0.08879199 0.03661557 -5.47788 -6.587934 2.243393 2.286674 0.5335547 20.45271 1.205639 0 0.0
0.08469849 -0.01823275 -1.630059 -0.6418835 1.690202 1.500302 0.4056686 20.17254 1.479111 0 0.0
0.07256967 -0.01174793 -3.812345 -8.026371 1.080792 1.083173 0.433385 19.8698 1.202728 0 0.0
-0.03877733 -0.0340252 -2.238458 -5.02029 1.335622 1.382662 0.4569139 19.93761 2.049072 0 0.0
-0.04536562 -0.08857598 -1.627882 2.45205 1.742011 1.703415 0.3115939 20.41234 1.697962 0 0.0
-0.03148992 -0.00159682 -0.4209468 2.527094 2.94325 2.770558 0.3759866 20.60891 1.479465 0 0.0
-0.01158343 -0.06611665 0.3287387 -0.05279791 0.2473482 0.2184192 0.2560995 16.45411 2.042436 0 0.0
-0.03069671 -0.09496 0.13746 -5.019738 0.9849905 1.023411 0.4143014 19.70462 2.150082 1 0.0
0.07326493 -0.01453278 -0.732765 -6.540106 1.512595 1.385161 0.4823407 20.12233 1.390984 0 0.0
-0.03893149 -0.001851107 -6.78233 -2.819446 0.2577636 0.2078253 0.1781148 17.57053 2.317587 1 0.9823297
-0.05478269 -0.00174173 -6.88443 -8.186729 1.924769 1.725337 0.4075789 20.47652 2.097864 0 0.0
-0.06310388 0.01417443 -2.323103 -2.946044 1.863591 1.761381 0.398432 20.31614 1.283085 0 0.0
0.03463373 -0.04721941 -1.53511 8.070754 2.060757 1.697988 0.2359525 20.46994 2.534836 0 0.0
0.06052887 -0.02195277 -3.803026 -9.979347 1.782582 1.605809 0.3114295 20.30313 2.067492 0 0.0
-0.02002415 -0.02035205 -6.653711 -3.833876 0.3436721 0.29675 0.1850655 18.0123 2.422705 0 0.0
-0.01545464 -0.0731153 -2.575957 -5.849194 0.1842326 0.1630646 0.2394889 15.40381 3.360627 1 0.0
-0.04059598 0.005779088 3.140644 -0.251899 0.76995 0.7885885 0.4719069 19.27057 1.925919 0 0.0
-0.09151506 0.03802453 1.508239 -2.982622 0.3822102 0.3268114 -0.01640685 18.36024 1.852325 1 0.0
0.06089205 -0.02055616 -0.3780741 -7.434702 0.3000816 0.2348952 0.103674 17.62186 2.065014 1 0.0
0.01025447 -0.04928379 -3.671646 -6.143232 1.873709 1.77768 0.1913195 20.4569 1.561424 0 0.0
-0.04267962 -0.03122177 5.072313 -6.853894 2.17363 1.988527 0.4527631 20.37311 2.359253 0 0.0
-0.07802098 0.03146925 -3.884407 -10.7481 1.595943 1.549166 0.2796829 20.3418 1.726019 0 0.0
0.06506438 -0.03396114 -2.653176 -3.727075 0.3914083 0.3046164 0.162918 18.29178 2.156301 1 0.0
-0.05574967 -0.009758441 0.4801424 -5.428453 1.821397 1.794828 0.2472953 20.31157 1.91679 0 0.0
0.06636758 -0.01761965 1.103658 -1.889736 0.9699244 1.02208 0.2510798 19.70215 2.161831 1 0.0
-0.09041014 -0.03719152 -1.012642 -6.561344 1.348955 1.504137 0.7074011 19.79448 1.994886 1 0.0
0.07898464 -0.0005863016 -2.803576 -3.235899 0.7486173 0.7442294 0.05954151 19.14592 1.976213 1 2.396967e-05
0.07583772 -0.005534828 -0.5175315 -5.255921 1.97196 1.732151 0.2156646 20.43543 1.012178 0 0.0
0.0376289 -0.0392107 3.753902 -3.579922 1.892982 1.549215 0.2437888 20.29627 nan 0 0.0
0.06581457 -0.07299274 -3.750507 -8.980409 0.4845251 0.4458085 0.2522263 18.51392 2.092726 0 0.0
0.00220863 -0.07405773 -0.7701294 -1.801262 1.84272 1.553381 0.3943394 20.20641 1.40933 0 0.0
0.08775909 0.008340297 3.344319 -1.022389 0.4211876 0.3423879 0.1034895 18.33121 2.040258 1 0.0
-0.006865558 -0.03618453 1.495192 -0.4353326 2.541709 1.969859 -0.1290514 20.11366 1.711706 0 0.0
0.04594734 -0.03629374 5.168901 -2.02415 1.345816 1.467432 0.2679737 20.00467 1.905918 0 0.0
-0.0262544 -0.03766061 1.135303 -4.828286 1.496487 1.604229 0.2057944 20.02513 1.704676 0 0.0
0.03097287 -0.06035789 -2.229018 -1.489971 0.4382914 0.3742638 0.3193846 18.58164 2.040503 1 0.0
0.02213952 -0.08835625 -1.670612 -2.71074 0.6557893 0.7708983 0.4829126 18.87541 2.219881 1 0.0
-0.05402647 -0.001483666 -6.888036 -4.985519 1.38141 1.630305 0.6282637 19.69579 2.285618 0 0.0
-0.03692988 -0.06085332 2.694318 -2.914042 1.412056 1.458689 0.3884613 20.03838 nan 0 0.0
0.02344187 -0.05466208 1.357858 -2.40405 1.985578 1.821626 0.340224 20.28842 1.769949 0 0.0
0.03738678 -0.0408572 -9.010229 0.09886277 2.073065 1.689964 0.3015626 20.36057 2.447887 0 0.0
0.07396131 -0.01079735 -1.824949 -6.803203 1.422776 1.448245 0.4353167 19.91821 1.791945 0 0.0
-0.08968412 -0.03754757 1.167689 1.395492 1.807633 1.609877 0.3126078 20.41331 1.56979 0 0.0
0.01339933 -0.07549512 0.5704729 -1.371867 0.1974594 0.1497192 0.1059524 16.65041 2.5229 1 0.0
0.05931961 -0.01684949 -10.47306 -6.281979 2.892198 2.498917 0.2825706 20.64925 1.274342 0 0.0
-0.05699387 0.02019631 -4.290972 -4.338619 1.038816 1.041694 0.4808875 19.67733 2.038952 0 0.0
-0.05849352 -0.07469447 -2.351844 -4.854474 0.3207166 0.2535813 0.6762989 17.42435 2.097551 1 0.0
0.009497892 -0.06720235 -0.4034256 -5.678702 1.216468 1.323831 0.4586496 20.04464 2.348471 0 0.0
-0.05486423 -0.07363303 -2.534048 -5.281412 0.3494253 0.2740788 0.5454791 17.79099 2.387033 1 0.0
0.0334811 -0.08846236 -3.656615 -4.0603 2.362469 2.174496 0.443792 20.69465 1.323174 0 0.0
-0.05696369 0.02074229 1.223495 -0.9197721 1.368971 1.372058 0.4211674 19.73238 1.918058 0 0.0
-0.01233937 -0.0731214 -4.554802 -5.066369 0.6936053 0.7203327 0.3971977 19.26199 1.972965 0 0.0
0.006170689 -0.07895155 -6.958343 -3.541887 0.3109884 0.2607737 0.2851963 17.97187 2.359335 1 0.9948622
-0.06551057 -0.07363929 -4.476465 -3.542919 1.112253 1.123093 0.4022209 19.65409 2.421381 0 0.0
0.01733101 -0.08036806 -5.151226 -1.350251 0.7475928 0.8785049 0.3534323 19.06712 2.203964 1 0.3060344
0.08678092 -0.04179559 1.555044 -0.2503089 1.531453 1.468993 0.5548881 20.08274 1.65761 0 0.0
-0.02549975 -0.01161287 -7.990504 -0.7799647 1.751086 1.559994 0.5158148 19.9485 1.804636 0 0.0
0.01630231 -0.08994194 -0.8917306 0.9383467 0.5546012 0.5430905 0.4185931 18.92777 2.20475 1 0.0
0.07260047 -0.008446791 -2.429688 -7.566798 1.48825 1.281487 0.2583868 20.27644 1.615522 0 0.0
0.07601854 -0.009388658 -2.48274 -5.955107 3.030965 2.603316 0.3904743 20.26473 1.426409 0 0.0
-0.08759824 -0.03154853 3.452356 0.7283008 0.9238545 1.073175 0.6584325 19.30582 1.702192 1 0.0
-0.00408227 -0.08605401 -2.279837 -6.611891 1.062477 0.9600678 0.3379276 19.93562 1.86709 0 0.0
-0.07086759 -0.0519083 1.105933 -3.675991 1.556051 1.417007 0.6244567 20.06577 1.774628 0 0.0
0.08131068 -0.01771902 0.2346061 1.839745 1.726618 1.592719 0.5133882 20.22687 1.623247 0 0.0
-0.07127082 0.008422499 -7.746272 -3.20238 2.362369 2.033664 0.5775975 20.47875 1.353498 0 0.0
-0.01109887 -0.089896 -1.76928 -4.159441 0.4078767 0.3457452 0.2859929 18.54831 2.422495 1 0.0
0.0607943 -0.06981055 -2.6573 0.2982635 0.3842738 0.3040943 0.1702842 18.26109 2.320726 1 0.0
0.09598821 0.01212892 5.42375 -0.4412319 2.148163 1.990988 0.06815951 20.38606 1.425949 0 0.0
0.082161 -0.000265985 -1.171972 -0.1429347 1.980182 1.884716 0.3338417 19.21626 nan 0 0.0
-0.005322298 -0.08544081 -6.578428 -3.026474 0.4287557 0.3703346 0.2893375 18.60052 2.275595 1 0.9744433
-0.01058479 -0.08733967 -1.353775 -0.9753226 0.1679401 0.1387201 0.2455294 16.91263 2.117565 1 0.0
0.08721307 0.0009360807 3.550226 -6.040336 0.8495019 0.8307523 0.3103002 19.49442 1.990131 1 0.0
0.000212435 -0.08948197 -2.458696 -5.101022 0.6894992 0.8018137 0.5661127 19.05087 nan 0 0.0
0.04878663 -0.07148176 -5.889085 -1.118539 0.7277812 0.7243576 0.4766469 19.03353 1.97957 0 0.0
-0.070328 -0.02238913 1.898566 -0.06596153 1.997469 1.922652 0.5430919 20.22181 nan 0 0.0
0.07262806 -0.02418481 -1.80854 -5.909571 0.4847039 0.3977668 0.2359772 18.75163 2.58884 1 0.0
0.0630319 -0.07366848 -7.479893 -4.042526 0.4891753 0.4179232 0.233137 18.70973 2.378805 1 0.9554563
-0.07337774 -0.05385707 -2.838722 -1.163919 1.458034 1.316553 0.6099738 19.99286 1.852934 0 0.0
-0.04391976 -0.03158286 -2.77879 -4.978625 2.04476 1.939239 0.5254448 20.31827 1.946283 0 0.0
-0.006048214 -0.08201713 0.1765524 -5.12892 1.012097 1.047762 0.4418403 19.72773 1.824614 0 0.0
-0.04936242 -0.04914488 -3.016881 -4.158043 1.187585 1.143717 0.2912486 19.91479 1.963396 0 0.0
-0.02734468 -0.01644286 -4.003809 -1.310474 1.167803 1.506077 0.3783174 19.61582 2.599695 0 0.0
-0.08656943 -0.03337461 0.3876483 -5.852747 2.272451 2.060308 0.5640814 20.47361 1.42186 0 0.0
-0.04688137 -0.05639157 -1.380152 -6.339538 1.164616 1.019909 0.3379676 19.81504 1.882421 0 0.0
0.01013322 -0.05998735 -1.143443 -7.8629 0.9836084 0.949313 0.5715172 19.50067 2.354931 1 0.0
-0.02217112 -0.03421619 -11.30373 -3.667263 2.025477 1.684313 0.609654 20.42309 2.166842 0 0.0
0.001482657 -0.09884656 -1.449958 -6.415441 1.804863 1.621043 0.3691786 20.19149 nan 0 0.0
0.06261394 -0.0363216 -4.5577 1.81463 0.9559206 1.124476 0.5866712 19.60202 nan 0 0.0
0.05299452 -0.0410305 -1.940496 -15.43846 0.3488048 0.2810214 0.1780927 18.11452 2.344318 1 0.0
-0.02256434 -0.03431539 -3.940217 -1.736473 2.266232 1.896797 0.40656 20.43427 nan 0 0.0
-0.05731868 -0.0394985 2.796202 -3.205333 1.727116 1.580911 0.6109914 20.20698 1.897804 0 0.0
0.03435979 -0.06853876 -0.7475933 -7.681332 1.615628 1.350754 0.2048915 20.36568 1.033993 0 0.0
0.06530904 -0.01645124 -1.916293 -24.45447 2.026002 1.865899 0.2294295 20.2698 1.400337 0 0.0
-0.08112271 -0.04426784 -3.924943 -0.9190892 1.508872 1.492958 0.4286616 20.09438 1.975338 0 0.0
-0.05998518 -0.005849899 -5.215904 -0.7131538 1.117739 1.346063 0.5500232 19.58045 2.183432 1 0.754768
0.08551024 -0.0432125 1.735327 -4.947528 3.400255 3.562042 0.4964686 20.56919 1.204479 0 0.0
0.01234103 -0.0660418 -5.878386 -0.9436148 1.48322 1.342606 0.5162361 20.10529 2.270668 0 0.0
-0.08182094 -0.03096756 2.005984 -10.4697 3.082153 2.618298 0.08762181 20.39211 2.478407 0 0.0
0.004839757 -0.09259144 -4.033466 -5.874311 0.2573535 0.2140076 0.2376318 17.45278 2.495296 1 0.0
-0.05244613 -0.06124498 2.026133 -3.689246 1.473483 1.556175 0.3754285 20.01499 1.979931 0 0.0
0.01004196 -0.08240773 -2.097407 -1.048452 2.030145 1.729195 0.3141466 20.26939 2.165815 0 0.0
-0.05127047 -0.02839602 -4.080177 -3.421607 1.672771 1.713734 0.6887841 20.08721 1.545258 0 0.0
0.08972566 0.009579191 -1.11264 -3.533155 1.793343 1.649791 0.05571116 20.24806 1.871828 0 0.0
0.04975854 -0.03660125 -8.507234 -3.130923 3.123165 2.63769 0.2092191 20.59784 nan 0 0.0
-0.03802188 -0.02554792 -4.843188 -3.987682 2.920467 2.576778 0.465318 20.61715 1.094141 0 0.0
-0.04482767 -0.02714551 -6.899862 -0.8185146 1.423628 1.352203 0.6031865 19.63505 nan 0 0.0
0.04461291 -0.06997021 -7.096781 -3.081433 0.2850079 0.2323614 0.2341623 17.57122 2.376284 0 0.0
-0.02924513 -0.0931608 1.312877 -0.3743065 2.025714 1.916709 0.4400895 20.45269 1.59845 0 0.0
-0.02344228 -0.02062402 -5.367618 -7.307211 1.662828 1.469459 0.3780555 20.03071 2.4433 0 0.0
0.08826852 -0.01518791 -0.6578523 -3.461145 0.1624692 0.1454088 0.2949476 16.2465 2.274788 1 0.0
0.01838902 -0.09320264 -4.300206 -6.380889 0.9947824 1.126844 0.4858623 19.42214 2.178505 0 0.0
-0.00964762 -0.06935289 -0.9952209 -6.913181 0.3978172 0.3288739 0.3632865 18.4422 2.082565 1 0.0
0.004658484 -0.07519549 0.7340153 -6.171498 2.694108 2.84288 0.4866216 20.60551 1.497766 0 0.0
-0.09292946 0.003222749 -0.07808874 -3.981379 2.658152 2.602464 0.596047 20.51167 1.358992 0 0.0
0.0346037 -0.04458583 -0.07094226 -3.445689 2.316665 1.829354 0.1330954 20.23988 2.093262 0 0.0
0.01863171 -0.07641323 0.2053895 -3.177772 0.1943333 0.1577915 0.2704297 16.9367 2.538727 1 0.0
0.07314281 -0.02116651 -6.795789 -3.875799 0.3467259 0.2856305 0.2808977 18.09185 2.498537 1 0.9852723
-0.06606175 -0.02988529 -0.2327193 -2.606239 1.02374 1.072184 0.3837686 19.62769 2.100201 1 0.0
-0.05432464 -0.03570964 -1.079267 -6.435609 0.740238 0.7622438 0.4358255 19.29571 2.251379 1 0.0
0.001543221 -0.07784954 5.20919 -1.425602 2.749331 2.558375 0.3608015 20.70623 0.7508526 0 0.0
0.02571062 -0.05056522 -0.08332769 -5.59728 1.854176 1.704223 0.3728627 20.3401 1.661924 0 0.0
-0.03078962 -0.06481964 1.63403 -4.37915 0.7473529 0.7711982 0.4174887 19.32113 2.380724 1 0.0
-0.03030539 -0.0689638 5.352309 -6.675739 1.622683 1.568179 0.2837026 20.32443 1.721312 0 0.0
-0.09050177 -0.03298155 -3.741251 -7.178918 1.985382 1.72518 0.6056164 20.25543 nan 0 0.0
0.03578375 -0.03973983 -0.9597662 -6.356163 1.058136 1.214812 0.4290641 19.69827 2.375269 1 0.0
-0.06639739 -0.01106506 -4.778732 -4.964576 1.408556 1.623214 0.6146829 19.74179 1.990435 0 0.0
0.05971263 -0.01848938 -1.234188 -7.289558 1.686648 1.477536 0.009216435 20.28509 1.744701 0 0.0
0.07021066 -0.008927046 -1.522886 -8.388672 1.597174 1.346793 0.4205587 20.14038 nan 0 0.0
0.003509061 -0.08805052 -0.7485405 -1.627994 0.1838092 0.1523395 0.2535507 17.00137 2.062619 1 0.0
