data/gcs/NGC_7078_M_15.ecsv
# %ECSV 0.9
# ---
# datatype:
# - {name: x, unit: deg, datatype: float64}
# - {name: y, unit: deg, datatype: float64}
# - {name: pmx, unit: mas / yr, datatype: float64}
# - {name: pmy, unit: mas / yr, datatype: float64}
# - {name: pmx_e, unit: mas / yr, datatype: float64}
# - {name: pmy_e, unit: mas / yr, datatype: float64}
# - {name: pm_corr, datatype: float64}
# - {name: g_mag, unit: mag, datatype: float64}
# - {name: bp_rp, unit: mag, datatype: float64}
# - {name: filter, datatype: int64}
# - {name: memberprob, datatype: float64}
# meta: !!omap
# - comments: [deg deg mas/yr mas/yr mas/yr mas/yr dimless mag   mag   zeroone float]
# - __serialized_columns__:
#     bp_rp:
#       __class__: astropy.units.quantity.Quantity
#       unit: &id001 !astropy.units.Unit {unit: mag}
#       value: !astropy.table.SerializedColumn {name: bp_rp}
#     g_mag:
#       __class__: astropy.units.quantity.Quantity
#       unit: *id001
#       value: !astropy.table.SerializedColumn {name: g_mag}
#     pmx:
#       __class__: astropy.units.quantity.Quantity
#       unit: !astropy.units.Unit {unit: mas / yr}
#       value: !astropy.table.SerializedColumn {name: pmx}
#     pmx_e:
#       __class__: astropy.units.quantity.Quantity
#       unit: !astropy.units.Unit {unit: mas / yr}
#       value: !astropy.table.SerializedColumn {name: pmx_e}
#     pmy:
#       __class__: astropy.units.quantity.Quantity
#       unit: !astropy.units.Unit {unit: mas / yr}
#       value: !astropy.table.SerializedColumn {name: pmy}
#     pmy_e:
#       __class__: astropy.units.quantity.Quantity
#       unit: !astropy.units.Unit {unit: mas / yr}
#       value: !astropy.table.SerializedColumn {name: pmy_e}
#     x:
#       __class__: astropy.units.quantity.Quantity
#       unit: &id002 !astropy.units.Unit {unit: deg}
#       value: !astropy.table.SerializedColumn {name: x}
#     y:
#       __class__: astropy.units.quantity.Quantity
#       unit: *id002
#       value: !astropy.table.SerializedColumn {name: y}
# schema: astropy-2.0
x y pmx pmy pmx_e pmy_e pm_corr g_mag bp_rp filter memberprob
[from data line 9824]
-0.006610633 0.0349635 -0.4011081 -4.014378 0.09664533 0.09883982 -0.2323703 15.83022 1.044865 1 0.9993388
-0.07078947 -0.03456145 -5.361031 1.606078 1.591673 1.95943 0.1191677 20.65203 0.5499325 0 0.0
-0.1829894 -0.05931009 0.06117787 -9.911001 1.21963 1.449887 0.1889671 20.38651 1.730698 1 0.01164564
-0.1545984 -0.08594515 -11.20583 -17.42394 1.326933 1.581494 0.1480084 20.36672 2.171371 0 0.0
-0.01609538 0.04490405 -0.4560491 -6.557855 1.078319 1.173454 -0.1451235 19.49911 0.6981487 0 0.0
-0.0265952 0.03782101 -2.043883 -1.752161 2.064947 2.850518 -0.1803371 20.51399 0.4801216 0 0.0
-0.01625171 -0.07295575 -1.403669 -5.198076 0.8162856 1.043511 0.07207583 19.71298 0.5471134 0 0.0
-0.07531782 -0.01083088 -2.395295 -4.100013 1.212817 1.353095 0.07078069 20.17342 0.7696438 0 0.0
-0.04470165 0.03209662 -1.131525 -5.734287 0.8060229 1.075329 0.3034154 19.37478 nan 0 0.0
-0.02526466 -0.08561316 -1.803253 -4.088847 0.5840687 0.6966362 -0.009532151 19.15474 0.5062904 0 0.0
-0.06139007 -0.02985836 -0.6842663 -3.435433 0.2179183 0.2414238 0.06444346 17.66035 0.9558544 1 0.999015
-0.1460364 -0.09056672 1.41024 -2.32475 1.875069 3.201837 0.2723745 20.6447 1.801306 0 0.0
0.04033263 -0.121128 -0.4104517 -5.224096 0.6836318 0.806165 0.004200794 19.49774 0.8432178 0 0.0
-0.0448 -0.02042506 0.4751375 -5.722938 1.266773 1.858076 0.1457509 19.90732 nan 0 0.0
-0.0009736291 -0.10627 -0.6109673 -5.144346 1.378242 1.754761 0.2065531 20.41006 nan 0 0.0
-0.2230153 -0.03845985 -2.439832 -10.7448 1.176247 1.114505 -0.1665178 19.78425 1.250237 1 0.0
-0.0432166 -0.007050998 -0.2005234 -3.310337 0.2983896 0.333186 0.05540054 18.22961 0.8810253 0 0.0
-0.2057495 0.02647623 0.3132902 -5.386916 1.082984 1.156188 0.1178895 20.0529 0.8145676 1 0.8760521
-0.01419132 -0.0462387 0.2881924 -4.425102 0.5820243 0.5549847 0.02506875 18.92672 0.5984688 0 0.0
-0.005536841 0.033944 -0.0357078 -3.871531 0.173463 0.1869843 -0.1525654 16.94669 0.9391518 0 0.0
-0.00198753 0.0003173979 -2.377994 -8.856609 0.3762345 0.4463503 -0.02465339 13.73334 0.8471031 0 0.0
0.01964389 -0.0429167 -1.775407 -1.969054 1.903594 1.955493 -0.1430981 20.26005 nan 0 0.0
0.05317641 -0.02224027 -0.6993175 -3.888694 0.04418584 0.04440876 -0.2058142 13.87428 1.322742 0 0.0
0.07653193 -0.005056035 0.1994098 -4.475618 0.6414958 0.7030065 -0.1066943 19.06292 0.7211189 0 0.0
0.04887744 -0.007031897 2.136516 -3.491012 1.078742 1.388665 0.09938757 20.00393 0.7806129 0 0.0
0.0959986 -0.04893685 12.36517 7.600233 1.930392 2.637993 0.3519867 20.52235 0.9293785 0 0.0
-0.02705308 -0.06502508 0.2163409 -0.1266766 1.5571 2.36693 0.3373013 20.51269 0.2585201 0 0.0
0.01146607 0.01544673 -0.4737998 -3.774251 0.07530035 0.09262474 -0.05331216 15.01993 1.137944 0 0.0
0.03365877 0.02383045 2.180075 -3.737332 1.56368 1.476429 -0.2741924 19.98233 0.5614567 0 0.0
-0.03531381 -0.02905057 0.474921 -2.184004 0.5849066 0.7165116 0.2431625 18.94337 0.6561108 0 0.0
-0.09096771 -0.06141268 -1.000139 -2.685216 0.9729808 1.151542 0.1208817 20.09939 0.6066723 0 0.0
0.008335747 -0.04412751 -0.2842623 -4.880237 1.556969 1.723911 0.159084 20.2667 0.7934761 0 0.0
-0.04216091 0.06554155 -0.149895 -2.414013 1.258993 1.538487 -0.1913304 19.96366 0.6155262 0 0.0
0.006127086 -0.0127412 -0.7074165 -3.616067 0.05161233 0.05548542 -0.1592692 14.39635 1.15314 0 0.0
-0.06376876 0.004110175 -2.917075 -4.202769 1.403572 1.827423 0.2206633 20.5389 0.1713772 0 0.0
0.03283138 -0.0396176 -0.08555837 -4.488007 0.7611709 0.9053184 -0.05138019 19.50274 0.6877995 0 0.0
-0.1101207 0.0909173 -6.493047 -10.17101 0.6246558 0.6714971 -0.04193495 19.23089 2.04534 1 0.0
0.01642176 -0.04706445 -0.5719591 -3.67776 0.4703463 0.5485539 0.1030891 18.96154 0.761179 0 0.0
-0.001570513 -0.1071206 -1.316575 -6.502992 1.125026 1.322413 0.1056861 20.18473 0.4456215 0 0.0
-0.0170288 -0.09248598 -1.682309 -0.1771125 0.7235451 0.9214942 0.05172298 19.60656 0.5197983 0 0.0
-0.08496235 0.05610756 0.1985103 -4.303764 0.8035705 0.9050952 -0.04477179 19.63048 0.8032455 1 0.9877717
0.03918124 -0.003470577 -2.085349 -4.613828 0.7457585 1.15907 0.2904592 19.22057 0.4415226 0 0.0
-0.03509318 0.06005595 -0.8752677 -4.12516 0.6698641 0.687252 -0.2136567 18.97204 0.8334942 0 0.0
-0.0617098 0.006611177 1.671919 -2.664191 1.462165 1.659775 0.1495046 20.3622 0.6853466 0 0.0
-0.03435406 0.009872567 0.4938368 -5.230018 0.7058416 0.9566767 -0.1115575 19.01168 0.6064816 0 0.0
-0.05058968 -0.0300075 2.343918 -1.682512 1.717407 1.820004 0.06601049 20.29241 nan 0 0.0
-0.01332637 -0.05301174 0.4322031 -4.100292 0.3960598 0.4687403 0.1625656 18.72469 0.6968555 0 0.0
0.01137952 -0.05337994 -0.9872326 -3.694859 0.31911 0.3281434 0.004088976 18.29257 0.7732487 0 0.0
-0.2086868 0.008565646 -1.687986 -5.426152 1.342908 1.592804 0.1746424 20.49811 0.7193756 0 0.0
0.003172754 0.05535585 -1.10013 -6.872686 1.888407 1.762456 -0.2945017 20.24945 0.5190239 0 0.0
-0.01831203 -0.09252976 -1.724227 -3.743703 0.9754392 1.252929 0.1962128 20.09809 0.4726868 0 0.0
0.01176597 -0.02074615 -0.9192474 -2.599185 0.5802575 0.6463077 -0.1018877 18.3067 0.8136654 0 0.0
-0.03694419 0.04686784 -0.6530441 -4.197328 1.334933 1.737384 0.07418386 20.18979 0.6982422 0 0.0
0.05983564 -0.04949295 -2.059861 -2.176348 1.608989 2.625239 0.5312218 20.23019 0.6996555 0 0.0
-0.08274929 -0.02042168 -1.048664 -1.862933 1.108866 1.315948 0.1348864 20.13549 0.6370583 0 0.0
0.1669091 -0.1234142 -0.6640135 -6.074093 0.8079758 0.9467342 0.07154142 19.5753 1.133764 1 0.7745112
0.03676467 -0.002435232 0.2610649 -5.291053 0.9972061 1.337202 0.06180732 19.43239 nan 0 0.0
-0.05614415 0.0868864 -0.1760042 -4.632284 0.914551 0.9099702 -0.2447968 19.46392 0.6999817 0 0.0
-0.04483022 -0.02274439 0.8029672 -3.65148 0.5661866 0.4897897 -0.182028 18.48948 nan 0 0.0
0.04534098 -0.08736239 0.430495 -3.455761 0.4783649 0.554828 0.1050376 18.89363 0.6799126 0 0.0
-0.08550636 0.1260454 -2.957538 -3.041679 1.372033 1.250642 -0.2529889 19.99647 0.5040016 0 0.0
0.05943693 -0.001033995 -1.270911 -3.844383 0.6896346 0.7253746 -0.1247683 19.3349 0.7637653 0 0.0
0.0740034 -0.03112735 -1.243364 -1.678618 1.309303 2.124543 0.5067682 19.9544 0.6865616 0 0.0
-0.1018178 -0.03182577 -0.6061176 -4.024888 0.8917856 1.055902 0.1518869 19.90372 0.6013241 0 0.0
0.07316421 -0.01732505 -2.173536 -2.894093 1.288657 1.62683 0.1160934 20.08482 0.749754 0 0.0
0.007438021 0.04929534 0.04138028 -4.100983 0.5445236 0.419064 -0.6121143 17.9929 0.8678589 0 0.0
0.0351025 -0.06655764 1.229521 -1.593716 1.939118 1.973256 0.001776641 20.46979 0.4806557 0 0.0
0.03154835 -0.03903887 3.573556 -9.825559 1.438285 2.202037 0.455967 20.18124 1.641764 0 0.0
0.008810584 0.03297707 -0.3834263 -3.848706 0.6730054 0.3899664 -0.8202563 17.0156 0.9800072 0 0.0
-0.01293257 0.0683242 -3.626528 -3.142463 0.6701718 0.7573713 -0.09464663 19.02853 0.6836891 0 0.0
0.08064395 -0.08763249 -1.509134 -3.661249 0.8684961 1.218537 0.1044848 19.79444 0.6400223 0 0.0
0.03745357 -0.02203696 0.8675282 -5.164274 0.4677764 0.7124123 0.2418822 18.4584 0.7535896 0 0.0
0.04166755 -0.06881881 -0.4964062 -3.483639 0.2516009 0.2461239 -0.08830655 17.84093 1.004448 1 0.998874
0.04500257 -0.02713604 -1.803996 -4.877161 0.8911321 1.357464 0.4555996 19.50072 0.9856033 0 0.0
-0.01708295 -0.006105057 -2.207703 -4.345304 0.2359718 0.2435904 -0.3742854 16.13312 nan 0 0.0
-0.003419839 -0.02857224 -0.5277309 -3.357137 0.1874189 0.2231074 0.09065402 17.20235 0.987772 0 0.0
0.04547325 0.01196278 0.01898966 -6.660306 1.059289 1.290032 -0.06814792 19.89771 0.7115726 0 0.0
0.1189409 -0.1772928 0.4642896 -1.583734 0.9950887 0.966987 -0.1521322 19.60089 2.060324 0 0.0
-0.03897138 0.05392532 -0.7030227 -4.00268 0.4405578 0.4356565 -0.2815432 18.42943 0.8289547 1 0.9983914
0.01478081 -0.04901863 0.4051783 -6.738868 1.528204 1.967956 0.1871369 20.26529 0.6578369 0 0.0
0.03471589 -0.07659225 -1.106773 -3.270205 0.9005992 1.047126 -0.03713185 19.7144 0.4579964 0 0.0
0.03366959 -0.0617084 -0.03017527 -4.397836 1.127578 1.333017 0.10499 20.20298 0.3765049 0 0.0
0.1527035 -0.1778764 10.12606 -4.279144 1.281424 1.405168 0.08215242 20.34639 2.781963 1 0.0
-0.01186361 -0.03721801 -0.5692414 -3.736006 0.799883 0.6756607 -0.2926441 19.04766 0.6529121 0 0.0
-0.06317224 0.003649408 1.794315 -2.443638 1.723929 2.285464 0.4174954 20.54823 nan 0 0.0
0.0499834 -0.01841189 -5.912637 -1.577013 1.64235 2.477103 0.4308342 19.98231 0.349411 0 0.0
-0.04927169 -0.001731303 -0.4283323 -4.911024 0.7944537 0.9794338 -0.05712764 19.26273 nan 0 0.0
-0.078541 -0.01483633 -1.018353 -2.984562 0.7720928 0.978583 0.03153871 19.64646 0.5334854 0 0.0
0.05347672 -0.03201537 0.7099384 -7.517742 1.133824 1.577768 0.4373605 19.68709 0.8790302 0 0.0
-0.02385655 -0.0235377 0.7027816 -5.109329 0.884835 1.046887 0.2374182 18.75288 0.8892422 0 0.0
-0.02463119 -0.01198291 -0.6364334 -3.359547 0.7324924 0.830353 -0.05963737 19.24732 nan 0 0.0
0.121869 -0.05174149 -8.191993 -7.189594 0.4943271 0.5506552 -0.1127864 18.7822 2.153902 1 0.0
0.02745658 0.00141172 -1.095698 -6.49614 0.5379307 0.6464024 -0.04221241 18.34592 0.606432 0 0.0
-0.06379881 0.003206099 0.8066717 -2.887422 1.276273 1.573804 0.1580013 20.32896 0.4189568 0 0.0
0.038653 -0.06376765 -1.365369 -1.151378 2.015409 2.76814 0.5060844 20.38544 0.820549 0 0.0
-0.07017896 0.01769974 -2.532469 -0.6103816 0.8836149 0.9801853 -0.0289126 19.58116 0.6435127 0 0.0
-0.01463194 0.07954808 0.7495884 -3.98288 1.43754 1.839088 -0.03797028 20.35575 1.190351 0 0.0
-0.05744919 -0.01778858 -0.6857297 -3.358656 1.322698 1.634262 0.09433988 20.24084 -0.1942902 0 0.0
0.02507841 -0.0877351 -1.529926 -4.690143 0.3263967 0.3583604 0.02761127 18.45714 1.126286 1 0.8391801
-0.1053564 0.0729453 0.2126513 -4.55922 1.721443 1.909334 0.1595589 20.47541 0.9773579 0 0.0
0.02140143 -0.00768689 -0.9809579 -3.703501 0.1479816 0.2134937 0.0641691 16.37057 0.9653826 0 0.0
0.01597342 -0.03396004 -1.955352 0.4456923 2.347363 2.761665 0.1795383 20.41129 nan 0 0.0
0.01072431 -0.08395284 -1.694876 -0.9303253 1.811119 2.635132 0.2996506 20.62891 -0.24617 0 0.0
-0.02650944 0.0006219811 -0.8345116 -2.236942 1.423869 1.682886 0.03422676 19.74497 nan 0 0.0
-0.02844925 -0.006260486 -0.867999 -3.372794 0.06386862 0.07053991 0.04093333 15.20085 1.123129 0 0.0
0.0003393597 0.007783707 -0.9765262 -3.571691 0.6137972 0.6144066 -0.1984091 15.45579 nan 0 0.0
-0.07302004 -0.008587525 3.030492 -0.5808973 1.872481 2.495187 0.4138782 20.53331 nan 0 0.0
-0.0521575 -0.1139667 -0.7365141 -2.506153 0.9645612 1.246891 0.2109394 20.08194 0.4351025 0 0.0
-0.04652135 0.03120334 -0.178615 -3.178602 0.6365409 0.9679638 0.1126906 19.16704 1.138863 0 0.0
-0.1248326 0.007180741 -1.429797 -2.015246 1.78035 1.992057 -0.06792893 20.58686 0.4474297 0 0.0
-0.04452868 -0.003655701 -1.055499 -4.003092 0.661213 0.8939577 0.03214443 19.35273 nan 0 0.0
0.04983589 -0.02727536 1.783286 -0.9091628 1.331943 1.819884 0.3464808 19.62151 0.675787 0 0.0
0.002995185 -0.06765953 -0.3862192 -6.339411 1.358678 1.547332 0.1311517 20.41682 0.688139 0 0.0
-0.02263006 0.0148533 -2.106079 -0.9703578 0.9149389 1.41975 0.212503 19.01237 nan 0 0.0
-0.1037026 0.03134253 3.989513 -1.858525 2.196304 2.252874 0.1307713 20.60255 0.7296295 1 0.8384937
0.1116507 -0.09023148 -2.508603 -2.381461 2.230691 2.952242 -0.02021149 20.69396 -0.06335831 0 0.0
-0.03635505 -0.007111153 -2.686501 -1.739395 0.9162972 1.398607 0.2934904 19.53961 0.757288 0 0.0
-0.068425 -0.1221427 0.1882492 -3.33488 0.9317991 1.204373 0.06179845 20.01305 0.8701839 1 0.9780205
0.03503939 -0.04038502 -0.554443 -3.629126 0.5857745 0.7599756 -0.009300488 19.03991 0.6828251 0 0.0
0.02185191 -0.04400944 -1.102744 -1.664813 1.7688 1.577987 -0.02693489 20.12032 0.5928535 0 0.0
-0.01141822 -0.08768644 0.476228 -2.077434 1.438109 1.794854 0.1851384 20.55618 0.518383 0 0.0
-0.01502922 -0.09001895 0.5911354 -4.293116 1.317635 1.464172 0.09027427 20.25275 0.3551044 0 0.0
0.08460102 -0.05003459 0.4718095 -3.128402 1.240983 1.510002 0.04546234 20.19458 0.809103 0 0.0
0.01421008 0.02246495 -0.434777 -3.782982 0.4780535 0.4612191 -0.2748438 18.00568 nan 0 0.0
-0.00613508 -0.03857242 7.18818 -5.29166 1.176982 1.055214 -0.1270518 18.37368 0.7801819 0 0.0
0.001085022 0.03653508 -0.7387666 -3.440599 0.237331 0.2172871 -0.3188099 17.26951 0.9826393 0 0.0
0.05645582 -0.01093092 -1.483103 -5.12695 0.6017558 0.6961407 0.004055254 19.19709 0.7590561 0 0.0
0.05346504 -0.1228327 -1.043189 -3.973114 0.4078582 0.4620164 0.07701995 18.74126 0.8849545 1 0.9955695
0.1561939 -0.07126527 -6.80787 -4.17643 0.2226458 0.203505 -0.2477012 17.50257 0.8970222 1 0.0
0.06109747 -0.08732967 -0.7325147 -3.425549 0.8720227 1.004274 -0.05226262 19.57446 0.6585159 0 0.0
0.05727879 -0.09238213 -0.8942721 -4.453341 1.02805 1.285833 0.1824912 20.13929 0.4849377 0 0.0
-0.06239655 0.003936281 -1.40146 -7.844904 1.833676 2.304647 0.04010646 20.72879 nan 0 0.0
-0.1409958 -0.09567064 -6.417924 -10.46716 1.066091 1.187843 -0.08833656 20.025 2.032917 0 0.0
-0.05192866 -0.01146877 -3.675221 -1.975665 1.550016 2.089673 0.1281804 20.40796 0.6028709 0 0.0
-0.06253265 0.05927802 -0.6135879 -2.955593 0.612231 0.6938393 -0.06704917 19.16844 0.7028694 0 0.0
0.06626884 -0.1227021 0.293092 -4.800952 1.364745 1.952923 0.4096642 20.34882 0.3834839 1 0.9478928
-0.05815897 0.0107188 -0.4072516 -3.843025 0.2003465 0.2084866 0.01375164 17.45639 1.030924 1 0.9994388
-0.005419466 -0.06122887 -4.256022 -4.103981 1.352491 1.495314 0.1192923 20.29166 nan 0 0.0
-0.08856499 0.07484366 -1.10057 -4.513308 0.7775015 0.8805869 -0.02406475 19.51571 0.6079769 1 0.9875861
-0.05755268 -0.08263266 -2.876231 -7.717172 1.40951 2.464874 0.4883168 20.10149 0.8127003 0 0.0
-0.05440136 0.005471847 -0.4598075 -2.875959 0.7293009 0.8143502 -0.09723181 19.22882 0.6780128 0 0.0
-0.07908444 -0.1375386 -1.021085 -4.878317 1.661962 2.608092 0.3507389 20.66583 0.7822056 0 0.0
0.03590247 -0.02420964 -2.923637 -2.670432 0.8059422 1.088632 0.05568781 18.53266 0.7179375 0 0.0
-0.0264509 -0.01070481 1.573421 6.794843 1.235602 2.188314 0.2626061 19.54276 nan 0 0.0
-0.05896484 0.008764904 -1.305572 0.5070871 1.980972 2.157433 -0.08235421 20.67471 nan 0 0.0
-0.0838729 0.105601 0.4206567 -2.705942 0.9007299 1.022581 -0.04049537 19.46578 0.6680431 0 0.0
0.03127973 -0.03832937 -0.1169002 -4.234645 1.19623 1.706706 0.26713 20.09089 nan 0 0.0
-0.09218372 0.0459438 -2.024278 -3.341923 1.036526 1.051193 -0.1769602 19.77514 0.6068344 1 0.9805197
-0.07548957 -0.09066287 -1.47204 -3.399743 0.4743757 0.5304884 0.07927416 18.96792 2.028315 1 0.9865486
0.05894924 -0.08907728 -0.876507 -3.426012 0.375967 0.4207471 0.08891737 18.61513 0.71628 0 0.0
0.0310963 -0.0005572169 -2.519188 -4.628777 0.7331246 0.9978724 0.06217733 19.3271 0.5628624 0 0.0
0.07236206 -0.02971159 0.03050676 -3.581021 0.2482433 0.2756982 -0.114696 17.62959 0.8203354 0 0.0
0.07145403 -0.09275158 -0.8991871 -2.817793 0.5205297 0.6362329 0.214589 18.97502 0.7342701 1 0.9882168
-0.04795364 0.02833208 -0.1574272 -3.096479 0.4941662 0.7423848 0.0974052 18.85529 0.4009552 0 0.0
0.01800611 -0.09123183 -2.308079 -2.787534 1.105083 1.136431 0.01890759 20.00627 0.380209 0 0.0
0.002665912 0.03582937 -0.6641871 -3.668582 0.05929924 0.060631 -0.1913247 14.68824 1.121331 0 0.0
-0.08408432 0.003342397 -0.5195464 -5.329731 2.027257 3.138384 0.3705876 20.7839 nan 0 0.0
-0.02102245 -0.02594692 -0.7618518 -3.562168 0.2016892 0.2109053 0.01493046 17.44288 0.9354229 0 0.0
-0.01153676 -0.06841842 -0.3302169 -3.941517 0.531184 0.6573127 0.007060885 19.07056 0.5811348 0 0.0
-0.05379329 -0.08567853 0.3652174 -9.524962 1.784735 3.026549 0.2979407 20.63802 0.6944847 0 0.0
-0.16297 -0.1614443 -1.399875 -5.354522 1.008818 1.231709 0.1847747 20.13549 0.9342518 0 0.0
-0.09515592 -0.007971123 -0.01638762 -3.883802 1.055122 1.210138 0.08166991 20.03422 0.448843 0 0.0
0.09984837 -0.0508857 -0.4529637 -3.864583 1.404443 1.611852 -0.04764674 20.32918 0.4486961 0 0.0
