data/gcs/NGC_2808.ecsv
# %ECSV 0.9
# ---
# datatype:
# - {name: x, unit: deg, datatype: float64}
# - {name: y, unit: deg, datatype: float64}
# - {name: pmx, unit: mas / yr, datatype: float64}
# - {name: pmy, unit: mas / yr, datatype: float64}
# - {name: pmx_e, unit: mas / yr, datatype: float64}
# - {name: pmy_e, unit: mas / yr, datatype: float64}
# - {name: pm_corr, datatype: float64}
# - {name: g_mag, unit: mag, datatype: float64}
# - {name: bp_rp, unit: mag, datatype: float64}
# - {name: filter, datatype: int64}
# - {name: memberprob, datatype: float64}
# meta: !!omap
# - comments: [deg deg mas/yr mas/yr mas/yr mas/yr dimless mag   mag   zeroone float]
# - __serialized_columns__:
#     bp_rp:
#       __class__: astropy.units.quantity.Quantity
#       unit: &id001 !astropy.units.Unit {unit: mag}
#       value: !astropy.table.SerializedColumn {name: bp_rp}
#     g_mag:
#       __class__: astropy.units.quantity.Quantity
#       unit: *id001
#       value: !astropy.table.SerializedColumn {name: g_mag}
#     pmx:
#       __class__: astropy.units.quantity.Quantity
#       unit: !astropy.units.Unit {unit: mas / yr}
#       value: !astropy.table.SerializedColumn {name: pmx}
#     pmx_e:
#       __class__: astropy.units.quantity.Quantity
#       unit: !astropy.units.Unit {unit: mas / yr}
#       value: !astropy.table.SerializedColumn {name: pmx_e}
#     pmy:
#       __class__: astropy.units.quantity.Quantity
#       unit: !astropy.units.Unit {unit: mas / yr}
#       value: !astropy.table.SerializedColumn {name: pmy}
#     pmy_e:
#       __class__: astropy.units.quantity.Quantity
#       unit: !astropy.units.Unit {unit: mas / yr}
#       value: !astropy.table.SerializedColumn {name: pmy_e}
#     x:
#       __class__: astropy.units.quantity.Quantity
#       unit: &id002 !astropy.units.Unit {unit: deg}
#       value: !astropy.table.SerializedColumn {name: x}
#     y:
#       __class__: astropy.units.quantity.Quantity
#       unit: *id002
#       value: !astropy.table.SerializedColumn {name: y}
# schema: astropy-2.0
x y pmx pmy pmx_e pmy_e pm_corr g_mag bp_rp filter memberprob
[from data line 4501]
0.04442038 0.0260569 0.9813181 2.51346 0.9324215 1.482174 -0.7108487 19.35894 0.4263458 0 0.0
0.01057714 0.004614741 2.111109 -3.694 0.2619485 0.3123465 -0.2286993 16.00702 1.101026 0 0.0
0.2129167 -0.05653842 -3.326603 4.618053 0.4557515 0.4231003 0.08994537 18.97422 0.9649887 1 0.0
0.02898299 -0.0662759 4.217609 1.562109 1.942547 1.532221 -0.1093537 20.63253 0.478054 0 0.0
0.001793068 -0.09026235 1.172912 1.131204 0.7623279 0.6092996 -0.1448353 19.71818 0.9279175 0 0.0
0.03710436 -0.07996541 -4.405898 3.197403 0.3116849 0.3243074 -0.1936119 18.61829 1.08407 0 0.0
0.139901 -0.03322322 -0.9060113 -2.019945 1.376434 1.155773 0.05344445 20.39196 1.025515 1 0.7154361
-0.01705955 -0.04559764 5.843166 -1.97996 1.810512 3.245663 -0.3784297 20.26173 nan 0 0.0
0.03428949 0.01849573 1.63444 -2.430034 0.7584266 1.227186 -0.7276483 19.35672 0.7659416 0 0.0
-0.03568516 -0.0579832 -3.764878 5.376718 0.3461937 0.3410859 -0.2682507 18.43421 1.087112 0 0.0
0.1091375 -0.12838 -2.698938 2.477409 0.1911151 0.235501 -0.08538404 17.68935 0.7755642 1 0.0
0.2332486 -0.04371414 -2.432722 -2.025418 2.391334 2.368874 0.2726024 20.5255 1.612051 0 0.0
-0.06396245 -0.04968914 4.483174 4.669453 3.068355 2.608808 -0.4618584 20.81724 0.735323 0 0.0
-0.02516072 0.07907558 0.5576415 -0.1796981 0.7001173 0.6535718 -0.037792 19.39068 0.8892765 0 0.0
0.06097422 0.06465983 0.2163852 1.459727 0.458886 0.6105263 -0.37465 19.24971 0.8607693 0 0.0
0.04462248 0.02664403 1.656021 0.589377 0.4095452 0.5618419 -0.4430971 18.93697 0.7458611 0 0.0
0.004694014 -0.01380858 -3.807264 -7.057707 0.9471681 0.6175645 0.6865917 17.00801 nan 0 0.0
0.2185896 -0.1127306 -1.465006 0.4724876 1.709215 1.410409 0.03998509 20.52696 1.366655 0 0.0
0.01174743 0.02723541 0.8086252 1.310212 0.3660949 0.4386483 -0.5873308 17.61516 nan 0 0.0
-0.01252497 -0.09798616 3.685562 -6.764828 0.5760193 0.5991174 -0.2724438 18.86227 0.9031849 0 0.0
0.02828841 -0.03207258 -0.3494111 3.926055 0.9942329 1.27998 0.004440062 19.60131 nan 0 0.0
0.006309693 0.05247527 5.302947 -3.17677 1.789332 1.4842 -0.6574482 20.15384 nan 0 0.0
-0.03649303 -0.05366604 -4.631432 1.883191 2.544326 1.594537 -0.03301431 20.26219 nan 0 0.0
-0.006938747 -0.02301011 1.627694 -2.596991 0.3978629 0.3171948 -0.1724101 17.87719 0.9768753 0 0.0
-0.09833655 -0.02842301 1.624067 -1.574845 3.211928 2.540898 -0.2813886 20.71642 0.846096 0 0.0
0.04184718 0.07787229 1.202229 0.9463401 0.4968913 0.544089 -0.3020536 19.44069 0.6965599 0 0.0
-0.03530885 -0.06378867 1.878863 1.825247 1.562143 1.178595 -0.1805679 20.27272 nan 0 0.0
-0.0106265 -0.04856979 1.613933 -1.002173 2.083956 1.088285 0.3335122 20.07656 nan 0 0.0
0.1662612 -0.06789716 -3.205869 3.198147 0.6860775 0.631273 -0.02895173 19.56259 1.08589 1 0.0
-0.04592013 -0.04487619 -3.358742 0.00522562 1.065074 0.9987044 -0.3654694 19.85955 0.6086884 0 0.0
-0.01069964 -0.01112475 0.9234351 -2.048414 0.4438517 0.4982437 -0.4115807 15.95806 nan 0 0.0
0.06216925 0.0644511 0.8152403 -0.395207 0.4209877 0.5545677 -0.3667151 19.10462 0.8767166 0 0.0
0.08742329 -0.0336038 0.31397 1.348549 0.5510475 0.5371398 -0.1776998 19.49361 0.8675785 0 0.0
-0.03731389 0.04387472 0.680766 -1.396453 0.7284252 0.8186977 -0.1205018 19.63393 1.159143 0 0.0
0.009878821 -0.1656652 -2.601459 2.442653 0.3235563 0.311097 -0.1101299 18.46446 1.081926 1 0.0
0.050495 0.03742927 1.026647 2.155376 1.064854 1.803877 -0.4014038 19.93881 nan 0 0.0
0.005991606 0.05308569 10.5225 -10.27391 1.77525 1.277279 -0.389583 20.34528 nan 0 0.0
-0.02056698 -0.04518811 -0.03430865 -0.5623754 0.6513303 0.5852463 -0.3033679 19.4484 0.9805813 0 0.0
0.0761118 0.07806436 1.070415 0.23614 0.0479302 0.05308279 -0.07401916 15.38973 1.438207 1 0.9993291
-0.1046087 -0.01896331 -8.496129 8.169631 0.603058 0.6283941 -0.2873379 19.65437 2.083876 0 0.0
0.07599108 -0.03809326 0.8798969 1.140091 2.220594 2.386265 -0.4176009 20.71252 0.9775581 0 0.0
0.06692495 -0.03213345 -4.046658 -2.902044 2.495849 2.656092 -0.4565384 20.6483 0.3677406 0 0.0
0.07206039 -0.09169434 -4.173326 4.21101 0.4221246 0.4115367 -0.01051254 18.99174 1.295046 1 0.0
0.08901572 0.03292727 -2.405489 9.790001 3.352987 3.805918 0.4785268 20.85174 0.4292698 0 0.0
0.09917608 -0.1165843 2.65171 2.7133 0.9183786 0.8648521 0.08308534 19.95029 1.140787 0 0.0
0.0225841 -0.02526175 0.2637396 -2.14063 1.001771 0.9949248 -0.07419477 18.09814 1.026657 0 0.0
0.0506954 0.03699401 1.5733 -0.1269246 1.061843 1.300219 -0.5220398 19.52408 0.6415234 0 0.0
0.02387265 -0.03992657 7.236459 -12.99914 0.8938122 0.8672836 0.004599795 18.52769 1.042406 0 0.0
0.0129187 -0.06003777 0.3037497 -2.15675 0.9989732 1.257221 -0.2417522 19.64073 1.448948 0 0.0
-0.0206129 -0.04438706 1.65949 0.4109684 0.5881909 0.5891671 -0.3736802 19.2353 0.7980442 0 0.0
-0.02758349 -0.02419068 1.824753 -0.9910556 0.3323675 0.4364297 -0.3937166 17.81611 1.036066 0 0.0
0.09657459 -0.08276875 1.212467 1.637949 0.6994706 0.6985117 -0.1401415 19.69228 0.8315525 0 0.0
0.0495902 -0.0727453 1.004963 0.2727484 0.03857351 0.03836013 -0.04405969 14.64313 1.493427 1 0.9994932
0.005740218 0.001121946 1.401331 -0.1851409 0.1150676 0.1240674 -0.03512457 12.6771 1.749661 0 0.0
0.06184682 0.04852926 2.325278 5.81223 0.9158118 1.199355 -0.488146 20.01148 nan 0 0.0
0.04432355 0.02635461 0.4405007 -1.269554 1.485552 2.41365 -0.6856174 19.48121 nan 0 0.0
0.04556376 0.04612032 -6.16881 3.081633 1.079884 1.320009 0.4768148 19.34772 nan 0 0.0
0.06844262 -0.03866805 8.206001 16.55776 1.212417 1.08464 -0.0153687 19.98264 0.9920063 0 0.0
-0.03150194 -0.1062491 0.7118017 -0.1205321 0.4549708 0.4595973 -0.1223231 19.0893 0.8466568 0 0.0
0.09883629 0.1078599 1.597082 1.85667 1.140017 1.045635 0.0722382 20.15931 0.8533096 0 0.0
0.02858027 -0.08012282 -0.1692107 1.08229 0.8686522 0.739964 0.07273188 19.906 1.05699 0 0.0
0.2484983 0.01891871 -3.70019 4.17838 1.907696 2.915902 0.2433401 20.69625 0.9865837 0 0.0
-0.02367661 -0.04106317 1.852865 -0.881819 0.7065565 0.8728323 -0.7349638 18.8564 0.7778378 0 0.0
0.04609544 0.04569217 0.7288272 0.5108342 0.3130587 0.3531561 -0.3348495 18.46378 0.9839802 0 0.0
-0.04740797 -0.07805142 3.087096 -2.040178 0.4921251 0.4708773 -0.05482358 18.91497 0.9079056 0 0.0
0.2038472 0.1251015 -2.857582 4.421492 0.773208 0.8342474 -0.2136939 20.01399 1.01198 1 0.0
0.01225027 -0.05093559 -0.2287625 -0.3143836 1.124982 0.7209274 0.296196 19.56764 nan 0 0.0
0.02084637 -0.003142727 -1.035616 2.264928 0.3258744 0.4807998 -0.3496721 18.06806 1.068943 0 0.0
0.01842991 -0.02068094 0.61933 -0.9617625 0.2174003 0.2429345 -0.04176234 17.20855 1.047091 0 0.0
-0.007590682 -0.0535126 -11.56338 -10.65518 4.249921 2.483352 -0.01581789 20.25679 nan 0 0.0
0.06110077 0.04310646 1.83878 -0.4622507 0.3945553 0.4126475 -0.2113873 19.06089 0.9226265 0 0.0
0.0488033 0.07102465 -0.4812305 2.713113 2.598669 2.445257 -0.6535744 20.77634 1.325268 0 0.0
0.1242264 -0.0656782 -5.028276 7.248759 0.2522182 0.2621214 -0.03606635 18.22587 1.019625 1 0.0
0.1273788 -0.1719638 -1.590689 2.539385 0.7468247 0.5964501 0.1085608 19.44728 1.138123 1 1.954776e-05
-0.002813659 0.04103177 -13.4192 -2.769224 2.567991 2.37758 -0.09163587 19.69974 nan 0 0.0
0.1938316 -0.08560743 -4.255944 -1.941034 1.912129 1.441316 0.3467825 20.3863 0.7185535 1 0.1995972
0.02156165 -0.03245543 -2.924418 1.814753 1.360336 1.110723 0.04692184 18.87264 0.922821 0 0.0
-0.0492445 -0.01754592 -5.023677 0.2863215 0.4118217 0.4323423 -0.2843083 18.25298 1.003431 0 0.0
0.01228451 -0.06091485 2.107235 1.447348 2.102484 1.362232 0.4148461 20.07759 nan 0 0.0
-0.04697288 -0.07923321 -0.2726615 0.6514998 0.7462205 0.5849655 -0.2148343 19.6757 0.7828426 0 0.0
0.03333272 -0.04161511 0.384141 -0.7888024 1.269181 0.903722 0.2765127 19.63188 0.8501339 0 0.0
-0.003504349 0.01101765 0.1408431 -0.3935163 0.1807201 0.1746803 0.01949281 15.35271 1.18633 0 0.0
0.003068165 -0.0118781 1.14153 0.7602171 0.08862999 0.08391299 -0.1330609 14.37365 1.350974 0 0.0
0.02549625 -0.08166084 1.616418 0.2998066 1.850937 1.315214 0.07659804 20.45925 0.9852982 0 0.0
-0.002655712 -0.04629425 0.709356 -0.2945704 0.4177892 0.4544358 -0.2272621 18.48608 1.057201 0 0.0
-0.06800643 -0.1055464 1.351194 0.7688243 0.5771652 0.5139559 -0.03582689 19.40538 0.9140167 0 0.0
-0.02835058 -0.07038747 -0.3432419 -3.070857 1.47592 2.081068 -0.6099255 19.98965 0.9615402 0 0.0
0.08169276 0.03420935 0.3401341 -0.5672345 0.6906331 0.7290322 -0.258854 19.80371 0.8237762 0 0.0
0.1015883 0.02830509 4.922268 -1.787252 1.526567 1.224871 -0.0156217 20.40749 1.02696 0 0.0
0.1291809 -0.002132771 -1.035551 1.986362 1.552409 1.168903 -0.07517513 20.30792 0.7948151 0 0.0
0.06856989 0.05201489 0.4754648 0.1783267 0.5607723 0.6233477 -0.2730152 19.34396 0.8843117 0 0.0
0.2424713 -0.04220889 -3.761456 -0.02632606 1.060473 1.005519 -0.04876348 20.02855 2.21118 0 0.0
0.2154796 -0.07647223 2.263642 3.675785 2.092372 1.380174 0.06892668 20.34673 2.173838 0 0.0
-0.0003141397 0.01870831 0.9731607 -0.3096845 0.07499216 0.1038115 -0.3216446 15.08327 nan 0 0.0
0.01271481 0.001119552 0.8596232 0.5713155 0.08488872 0.09167265 0.02715969 15.07229 1.139102 0 0.0
-0.03836766 -0.08168381 0.3024331 2.241918 0.4839931 0.4208816 -0.1461331 19.18875 0.9177074 0 0.0
0.05515112 0.02902778 -0.1460481 -0.1589225 1.200633 1.538293 -0.5758604 19.99335 nan 0 0.0
0.1098972 -0.03426622 1.154952 -0.1491112 1.569466 1.301101 0.00749329 20.35581 0.8276806 0 0.0
0.05422512 -0.05990636 1.001983 -0.7813068 0.8807141 0.6867914 0.05299642 19.73236 0.7082958 0 0.0
0.03113731 0.001768286 -2.475138 -9.248618 0.7558665 1.009964 -0.3905303 18.06269 0.5796261 0 0.0
-0.03866651 -0.02223596 0.8829813 0.7188703 0.1958502 0.2077269 -0.2188191 18.00725 1.114315 0 0.0
0.03248943 0.06950811 0.8441821 0.473995 0.4253467 0.4425476 -0.2023515 19.1618 0.860302 0 0.0
0.03290568 0.04851151 0.7499137 0.006367225 0.5653482 0.6532112 -0.312942 19.60301 nan 0 0.0
0.0803634 -0.008839511 -0.8261498 0.4028407 1.824519 1.440757 0.08113792 20.59185 1.188786 0 0.0
-0.004190158 0.001190897 -1.112614 -1.723132 0.3117266 0.295038 0.01488419 12.77478 1.649749 0 0.0
0.01738479 -0.01433259 1.302779 -0.5460313 0.2874178 0.3225948 -0.007512315 16.95143 0.5679131 0 0.0
0.0187639 0.01245329 0.4849395 1.225357 0.4288106 0.4873239 -0.2673094 17.79874 nan 0 0.0
0.01313568 0.0001885634 1.351782 -1.284373 0.2552951 0.3716706 -0.1930415 16.19687 nan 0 0.0
0.02938105 0.04968288 0.3625714 -1.358898 0.6722836 0.6962324 -0.2383392 19.87713 0.8264294 0 0.0
-0.01190298 -0.04430549 -1.465068 -1.275019 0.7750013 0.7188594 -0.3765584 18.83752 0.8215637 0 0.0
0.05387534 -0.06018031 1.539643 0.1344094 0.8762292 0.7729582 -0.09566183 19.83159 0.7295036 0 0.0
-0.03465738 0.002671877 -0.02478871 1.351744 0.1527805 0.1717206 -0.3223809 16.82297 1.178204 0 0.0
0.09279393 0.02951178 -0.05072417 0.05881384 1.984361 1.479935 0.2050442 20.27607 0.7431583 0 0.0
0.04319921 0.009007174 1.826786 -2.275311 0.8105374 1.667162 -0.3356772 19.51498 0.9019527 0 0.0
-0.01860264 -0.08777394 0.5166653 0.08480483 0.5314283 0.5304089 -0.1593801 19.14585 0.9135208 0 0.0
0.06811004 0.03966403 0.5242833 1.361681 0.5136253 0.5636515 -0.206139 19.50721 0.7814465 0 0.0
-0.03723131 -0.05771827 -1.814083 2.673841 1.643368 1.227127 -0.1328665 20.30019 0.7160568 0 0.0
-0.01536486 0.0007901041 1.036361 0.2901714 0.08587113 0.0940111 -0.1425732 15.32881 1.260718 0 0.0
-0.03823899 0.02328167 0.4059651 1.138964 0.3204206 0.3213169 -0.3143976 18.23714 0.6427231 0 0.0
0.0302687 -0.04994279 2.724596 0.3686184 1.164648 0.8537369 0.2788299 19.92679 nan 0 0.0
0.03231642 -0.04719859 1.928954 -0.377162 1.25264 0.9677541 0.2188988 20.00792 1.204212 0 0.0
-0.03560182 -0.01839413 8.429737 -27.7171 1.907681 1.659554 -0.0416926 19.40722 nan 0 0.0
0.007180994 0.03209694 3.221671 -1.492272 0.4872372 0.4885526 -0.4018106 18.90573 nan 0 0.0
0.05342367 0.05775598 2.068405 -3.348949 0.7334718 0.7486356 -0.2599015 19.60877 0.9168415 0 0.0
0.06395758 -0.05752453 0.7819223 0.06925696 0.4664119 0.4415358 -0.09768621 19.18953 0.8798847 0 0.0
-0.0003336027 0.01905926 -1.878348 -0.2488727 0.7661855 0.4657247 0.1554468 17.97139 nan 0 0.0
0.08910419 0.07345453 0.9217056 -0.07899708 0.350195 0.3890908 -0.1843359 18.97926 1.040409 1 0.992471
0.0217435 -0.1431351 0.9856898 0.1364227 0.4162029 0.4063585 -0.04952295 18.79072 1.002449 0 0.0
0.02988704 -0.04989658 5.15018 -4.556606 1.130908 1.374151 -0.2436685 20.0613 nan 0 0.0
0.05461653 -0.0614254 -0.04413265 -0.5042356 0.9840503 0.9041803 -0.1370518 20.01157 0.7221279 0 0.0
-0.1037984 -0.03757602 -5.28829 5.32912 3.139732 2.854765 -0.4651412 20.72602 0.7156849 0 0.0
0.146634 0.09668658 1.230904 0.7086692 1.143383 1.106337 -0.1393448 20.3442 0.9915028 0 0.0
0.07385679 0.002562257 2.005295 -0.2118733 1.546947 1.186909 -0.02779722 20.39527 0.9734726 0 0.0
0.1539775 -0.05875995 -1.376251 5.414351 2.124274 2.019731 -0.1044218 20.60726 1.245388 0 0.0
0.005924829 0.04475441 1.145946 1.030823 1.114662 0.9772498 -0.08672347 19.90698 0.7076683 0 0.0
0.008105559 0.02072888 -0.4026603 1.557691 0.6414425 0.593082 -0.2357419 17.5826 0.90658 0 0.0
-0.03502464 -0.01893506 0.5185431 -9.567528 1.851371 1.462966 -0.2756856 19.83703 nan 0 0.0
0.006655324 0.03199026 0.1430533 0.2779279 0.2845374 0.2877578 -0.378909 17.9728 0.7800674 0 0.0
-0.09409743 -0.1125605 -4.10238 4.209316 1.827024 2.067642 -0.5654894 20.47215 1.244284 0 0.0
-0.02115379 -0.0149075 3.295868 -2.869496 0.9650251 1.084879 -0.5440462 19.16465 nan 0 0.0
0.07056305 -0.2276842 -5.614927 4.20985 0.7367983 0.5498584 0.1257001 19.47919 0.7785645 1 0.0
-0.07496385 -0.1202363 1.534411 2.010518 0.9903129 1.165664 -0.2687198 19.99821 1.036968 0 0.0
-0.05818582 -0.05824382 0.1216519 0.7839426 0.5020769 0.4157336 -0.1094533 19.21607 0.7114124 0 0.0
0.1049176 -0.03627574 1.977025 2.388418 1.902567 1.396188 0.06527978 20.42657 0.4308128 0 0.0
0.05345411 0.01422252 -0.8787686 2.5963 1.284154 1.473303 -0.3624627 20.07792 0.972374 0 0.0
0.0220345 -0.2277373 1.756884 3.413461 2.677944 1.636143 -0.005281379 20.68337 0.9020405 1 0.1786346
0.01851344 -0.0216423 0.9228998 -0.1599913 0.2436285 0.2522794 0.09803532 17.38673 1.048037 0 0.0
-0.1043475 -0.01785602 -3.027617 3.890317 0.06439731 0.06776416 -0.1337883 16.11352 1.406156 1 0.0
0.03220035 -0.0414764 -3.109085 -0.3715988 0.7433562 0.6382552 -0.02042364 19.24035 0.9087677 0 0.0
0.02538741 -0.08060025 1.208646 -0.9126009 1.122965 1.279798 -0.3586216 20.10269 0.9110603 0 0.0
0.006280352 0.03804809 1.714423 -0.5365929 0.199805 0.2029975 -0.3744491 17.73209 1.102158 0 0.0
-0.009965316 -0.05192646 1.030507 0.9735635 0.6188343 0.4780166 -0.2239371 19.35892 0.7913227 0 0.0
-0.033884 -0.04510244 1.414947 -0.5783368 0.9216135 0.7786541 -0.3422394 19.85189 nan 0 0.0
0.01709766 0.02316608 0.6795573 0.06206382 0.08975826 0.09302821 -0.3153567 16.03315 1.069685 0 0.0
0.09740529 0.03965791 1.11476 0.4945663 1.155823 1.135659 -0.007981325 20.35184 0.9144306 0 0.0
0.1277397 -0.03803022 -3.099316 2.945778 0.2114053 0.2121326 -0.2477202 17.77374 1.082748 1 0.0
0.1039491 0.06000407 0.479503 -3.646102 1.938339 2.024329 -0.05171237 20.67665 nan 0 0.0
-0.09280429 -0.05726549 0.3287557 3.16014 2.285761 2.794464 -0.2266049 20.71962 0.6642265 0 0.0
-0.01869183 -0.03392575 -1.696993 -0.1940984 0.894282 0.8219361 -0.303076 18.85924 0.9467697 0 0.0
-0.04204475 -0.0113615 2.386618 3.638508 0.5094007 0.5745677 -0.249766 18.78484 0.8611908 0 0.0
0.08255302 0.0544476 -1.095922 -0.7190933 1.537487 1.466168 0.1072148 20.60849 0.7268944 0 0.0
0.1255427 -0.03309121 1.365788 0.1256907 0.7884173 0.8083976 -0.2903592 19.92297 0.9574928 1 0.9744746
-0.06004982 -0.05476891 0.4140115 1.457409 0.3538067 0.3716739 -0.1717791 18.6396 0.8017063 0 0.0
-0.001828285 0.06088353 3.469087 0.05095423 1.390132 1.097283 -0.361145 20.25785 -0.02150536 0 0.0
0.01728701 -0.01527857 1.588892 -0.7371136 0.3117511 0.3736001 0.2476717 17.60134 0.5906258 0 0.0
