data/gcs/NGC_6838_M_71.ecsv
# %ECSV 0.9
# ---
# datatype:
# - {name: x, unit: deg, datatype: float64}
# - {name: y, unit: deg, datatype: float64}
# - {name: pmx, unit: mas / yr, datatype: float64}
# - {name: pmy, unit: mas / yr, datatype: float64}
# - {name: pmx_e, unit: mas / yr, datatype: float64}
# - {name: pmy_e, unit: mas / yr, datatype: float64}
# - {name: pm_corr, datatype: float64}
# - {name: g_mag, unit: mag, datatype: float64}
# - {name: bp_rp, unit: mag, datatype: float64}
# - {name: filter, datatype: int64}
# - {name: memberprob, datatype: float64}
# meta: !!omap
# - comments: [deg deg mas/yr mas/yr mas/yr mas/yr dimless mag   mag   zeroone float]
# - __serialized_columns__:
#     bp_rp:
#       __class__: astropy.units.quantity.Quantity
#       unit: &id001 !astropy.units.Unit {unit: mag}
#       value: !astropy.table.SerializedColumn {name: bp_rp}
#     g_mag:
#       __class__: astropy.units.quantity.Quantity
#       unit: *id001
#       value: !astropy.table.SerializedColumn {name: g_mag}
#     pmx:
#       __class__: astropy.units.quantity.Quantity
#       unit: !astropy.units.Unit {unit: mas / yr}
#       value: !astropy.table.SerializedColumn {name: pmx}
#     pmx_e:
#       __class__: astropy.units.quantity.Quantity
#       unit: !astropy.units.Unit {unit: mas / yr}
#       value: !astropy.table.SerializedColumn {name: pmx_e}
#     pmy:
#       __class__: astropy.units.quantity.Quantity
#       unit: !astropy.units.Unit {unit: mas / yr}
#       value: !astropy.table.SerializedColumn {name: pmy}
#     pmy_e:
#       __class__: astropy.units.quantity.Quantity
#       unit: !astropy.units.Unit {unit: mas / yr}
#       value: !astropy.table.SerializedColumn {name: pmy_e}
#     x:
#       __class__: astropy.units.quantity.Quantity
#       unit: &id002 !astropy.units.Unit {unit: deg}
#       value: !astropy.table.SerializedColumn {name: x}
#     y:
#       __class__: astropy.units.quantity.Quantity
#       unit: *id002
#       value: !astropy.table.SerializedColumn {name: y}
# schema: astropy-2.0
x y pmx pmy pmx_e pmy_e pm_corr g_mag bp_rp filter memberprob
[from data line 4343]
-0.106984 -0.1159629 -2.325211 -6.608682 0.1257157 0.1316804 0.172902 17.47451 1.080418 1 0.0
-0.0198702 -0.1210558 -2.045205 -3.890515 0.6365239 0.54029 0.2599079 19.65017 nan 0 0.0
0.1346781 -0.01782335 -3.421785 -9.864826 0.1886943 0.1809983 0.2097567 18.16139 1.286768 1 0.0
-0.04810693 0.02249683 -1.735646 -4.690328 0.8070976 1.055623 0.2973329 19.98901 0.9852943 0 0.0
-0.05751142 0.06158897 -3.432608 -2.337338 0.03040853 0.03031931 0.1203249 14.26518 1.390593 0 0.0
-0.04170127 -0.008726264 -3.473531 -2.328703 0.4832487 0.6516534 0.1933833 19.54183 1.201206 0 0.0
0.1000238 0.09264902 1.831335 -0.4096808 3.607491 2.106517 0.4411695 20.84861 nan 0 0.0
0.04236083 -0.04034422 -3.653079 -2.313664 0.2964499 0.3206684 0.3473165 18.70287 1.127308 1 0.9717707
-0.01136468 -0.04824176 -3.820268 -6.432292 1.44562 1.61232 0.1166847 20.58845 1.432529 1 0.1824781
-0.07601757 0.0142769 -3.520347 -4.097762 0.1677617 0.1561592 0.1618488 17.73257 1.307823 1 0.0
-0.1041572 -0.07976513 -1.536294 -3.847321 0.1545729 0.1725403 0.2796928 17.84988 1.173149 1 0.0
0.03658396 -0.0547079 -5.937851 -3.286372 1.175575 1.01061 0.004087429 19.71744 1.412016 0 0.0
-0.05825591 -0.00319195 -1.490405 -3.905643 0.3964642 0.4836847 0.2112655 19.301 1.187449 0 0.0
-0.03640043 0.05203872 -2.741909 -4.300334 2.84733 3.411775 0.05393891 20.99086 0.3203011 0 0.0
0.005283205 -0.07202287 -3.525076 -2.03246 0.2898128 0.3050405 0.2565357 18.77999 1.078526 1 0.9304096
0.06045685 -0.05336398 -2.805424 -5.564939 0.1135854 0.1188284 0.2382805 17.27965 1.049681 1 0.0
-0.0458365 0.08509154 -4.166267 -7.67814 0.3491609 0.338408 0.1789213 18.98065 1.324986 1 0.0
-0.008189439 -0.1289093 -4.802948 -6.453465 1.019007 1.157535 0.2927285 20.44983 0.9720154 1 0.008331649
-0.01864967 -0.06513831 -3.336352 -2.468518 0.1186883 0.1547669 0.1334781 17.4314 1.033163 1 0.9921066
-0.02762586 0.01430208 -3.605506 -2.579234 0.379123 0.3878253 0.1788815 19.08911 1.186277 0 0.0
0.03474502 0.0330183 -3.059364 -5.724139 0.06696427 0.06597677 0.1162324 16.12624 1.587687 1 0.0
-0.1184269 0.05816086 -3.772584 -5.711112 0.9394281 0.8877254 0.1473054 20.31813 0.8210907 0 0.0
-0.01046607 -0.005250188 -2.98326 -2.893896 0.1494599 0.2068308 0.1013949 17.72583 1.027649 0 0.0
-0.06800952 0.02755626 -2.734239 -2.842919 0.5939676 0.6011037 0.1837765 19.82246 1.009748 1 0.7994145
-0.1268816 -0.0463023 -0.7865602 -2.78922 0.7635106 0.824208 0.2755446 20.15482 1.322525 0 0.0
0.04071353 -0.04031029 2.827642 -8.445273 0.5575064 0.5567689 0.2213835 19.68394 1.283556 0 0.0
-0.1589555 -0.009207679 -1.027859 -3.93307 0.5490449 0.6096531 0.2264997 19.80073 nan 0 0.0
-0.139911 -0.07526842 -3.321926 -2.617942 0.05308747 0.05496552 0.1332811 15.91664 1.395106 1 0.9817193
0.03646839 -0.05488531 9.053401 -7.090052 1.779634 1.521104 -0.01208411 19.65649 1.48101 0 0.0
-0.05151156 0.1305471 -4.062561 -2.587365 1.106999 1.510714 0.03850687 20.47545 1.088503 0 0.0
-0.1623031 -0.004840472 -1.038056 -4.409094 0.7508444 1.325421 -0.0327316 19.6193 nan 0 0.0
-0.1452226 8.397702e-05 -3.616634 0.8118666 0.9682372 1.382692 0.02822868 19.76233 1.571924 0 0.0
-0.03660335 0.04868565 -0.4344003 -6.180325 0.4264252 0.4421618 0.1605698 19.33206 1.330612 1 0.0
0.0197566 -0.002014491 -14.79989 -2.433894 1.029184 1.119777 0.06219381 18.75754 1.213966 0 0.0
-0.03317438 0.006519187 -3.251477 -1.051183 0.6076558 0.6833621 0.2719153 19.44085 0.7161198 0 0.0
0.07247089 0.03538015 -2.213421 -2.729568 0.438107 0.610586 0.07155639 19.33198 nan 0 0.0
0.006058097 0.08229878 -4.913213 -5.833152 0.3637802 0.3480936 0.1421797 19.0088 1.114599 1 0.0
0.1098559 -0.01703264 -3.204125 -2.515412 0.2563632 0.2459779 0.2416432 18.59315 1.202753 0 0.0
-0.04820086 -0.1042254 -0.8169318 -2.153406 0.5762154 0.6290581 0.3449833 19.55763 nan 0 0.0
0.06063574 0.01178158 -2.921424 -5.559178 0.7982704 1.256684 -0.02152031 20.13326 nan 0 0.0
-0.126611 0.04452545 3.002543 -8.94863 2.170304 2.091465 0.165236 20.63745 1.650928 0 0.0
-0.05453898 0.05405778 -2.105245 -5.534013 0.9282553 1.074846 0.06756415 20.19958 1.39945 0 0.0
-0.1070716 -0.1173209 -2.789278 -4.196622 0.1996773 0.2015462 0.2092422 18.31392 1.10018 1 0.0
-0.1454902 0.0248149 -0.7853196 0.1024877 0.3923632 0.3592662 0.2276827 19.1525 1.37322 1 0.0
-0.122836 -0.04697668 -4.555904 -8.908555 0.134008 0.136523 0.2473037 17.58498 1.218557 1 0.0
-0.003126922 -0.0001406967 -7.440811 -16.63809 0.6458875 1.309484 0.6552717 17.96008 nan 0 0.0
-0.08137634 -0.07474608 -1.619876 -3.75279 0.8440319 0.5304377 -0.2617995 19.52923 nan 0 0.0
-0.01274871 -0.005389267 -3.534939 -2.374103 0.1962181 0.329404 0.1029009 17.64399 nan 0 0.0
0.1161783 -0.05059583 -3.066948 -5.687602 0.3431298 0.3187197 0.2011161 19.01718 1.172558 1 0.0
-0.0001798566 -0.02477604 -3.481276 -2.654408 0.1285262 0.1373805 0.2038869 17.41742 1.029322 1 0.9967507
-0.04752913 0.1245264 -2.495014 -4.569973 0.1288548 0.1297931 0.08144299 17.35247 1.536091 1 0.0
-0.1027887 0.03132373 -3.08635 -2.81815 1.417304 1.425832 0.1020952 20.43801 0.9539547 0 0.0
-0.1222605 -0.05051523 -3.506957 -2.363087 0.3038513 0.3002537 0.2255795 18.87945 1.147955 1 0.9061576
-0.03181593 0.009322727 -3.291603 -9.280488 1.398924 1.553143 0.1705132 20.49213 nan 0 0.0
-0.03997118 0.09766899 -3.112946 -2.722503 0.1381851 0.1341723 0.0577989 17.47756 1.329062 1 0.9279111
0.09152519 0.002609732 -2.645029 -5.439136 0.2308671 0.21851 0.2014825 18.31348 1.351461 0 0.0
0.1101741 -0.01764278 -4.225474 -5.078954 1.979338 3.206553 0.5561147 20.73691 nan 0 0.0
-0.03407717 0.1136989 -3.401497 -3.715016 1.092778 1.111616 0.09545604 20.21747 1.065407 0 0.0
0.1395506 0.06498817 -3.342283 -5.318786 1.617699 1.294596 -0.107834 20.41788 nan 0 0.0
-0.03294341 0.005687537 -4.154802 -1.368761 0.2028358 0.2227018 0.076668 17.58142 1.162533 0 0.0
-0.01948173 -0.01175154 -3.464424 -3.883273 1.707779 1.398373 -0.3641535 19.83001 nan 0 0.0
-0.08775739 -0.00540123 -4.375367 -2.203073 0.3305894 0.3923208 -0.0736715 18.84628 nan 0 0.0
0.01912043 0.002484871 -4.314045 -3.329151 1.355266 1.783683 0.222579 19.81657 nan 0 0.0
-0.03952537 0.02878885 -4.150212 -4.837535 0.2536832 0.2575275 0.220461 18.11618 1.167654 0 0.0
0.09911776 -0.03605175 -2.816041 -7.312248 0.412458 0.3857886 0.2462987 19.31927 1.652678 1 0.0
-0.01826889 -0.01872303 -4.770295 -9.177436 2.635522 2.166382 0.4179672 20.14971 nan 0 0.0
0.09113511 -0.02404759 -3.593494 -4.117536 1.406688 1.392957 0.262323 20.68911 0.9386768 1 0.3627415
-0.006273585 0.07166151 -2.035215 -2.98078 1.224186 1.224457 0.1447483 20.41389 0.9500637 0 0.0
-0.1238261 0.02152648 -3.500169 -4.47219 0.3009332 0.2867027 0.2155879 18.70005 1.308971 1 0.0
-0.05150105 0.07078235 -2.265476 -5.484018 0.4459556 0.5058701 0.1146257 19.13124 1.274897 0 0.0
-0.123217 -0.05427392 -0.6082678 -4.650659 0.4973331 0.4838894 0.2284267 19.59293 1.253927 0 0.0
0.007882399 -0.02297723 -3.521685 -2.585774 0.2938351 0.262422 0.504646 18.15465 nan 0 0.0
0.1585082 -0.00820102 -1.429076 -4.654182 1.840003 2.004381 -0.02976013 20.71775 0.5781002 0 0.0
-0.002347204 -0.02850489 -6.149062 -11.12887 0.1232912 0.1327831 0.1365238 17.25764 1.022728 0 0.0
0.02450564 -0.07462852 2.414141 -3.253907 1.320871 1.182829 0.03538495 20.299 nan 0 0.0
-0.04905807 -0.06930166 -3.554048 -7.660861 0.4770074 0.4916092 0.1401825 19.4838 1.253119 0 0.0
0.02550511 0.006325209 -4.026583 -2.725792 1.241016 1.329082 -0.2774094 20.02405 nan 0 0.0
0.0739758 0.02902743 -2.804579 -2.962763 0.3935584 0.3893601 0.136808 19.11367 1.089548 1 0.7823154
-0.02901301 0.01194101 -2.832774 -2.573472 0.8307991 1.21155 0.4351968 19.8971 1.496126 0 0.0
0.06985107 -0.05584943 -3.524508 -2.607707 0.1163056 0.1286373 0.1902021 17.38811 1.234245 1 0.9901353
-0.1409039 -0.01813678 -3.807389 -6.38546 0.431097 0.4428919 0.2582107 19.43028 1.133341 1 0.0
0.1319674 0.08560621 -3.73357 -2.812448 0.4740147 0.3417811 0.1432793 19.13792 1.243683 1 0.7580707
-0.05812262 -0.03562074 -3.608939 -2.652418 0.2319356 0.2361739 0.3727448 18.20729 1.031193 1 0.984571
-0.06369134 -0.01229185 -2.068126 -2.378728 0.5328634 0.6537365 0.2101544 19.72655 0.9235973 0 0.0
-0.1429214 -0.08029748 -3.757484 -4.746702 0.03114303 0.0318874 0.192864 14.62679 1.494962 1 0.0
0.08921321 -0.05094223 0.2493368 2.569229 0.3913616 0.3859194 0.216123 19.31727 1.868105 1 0.0
-0.1237076 0.02551847 -2.814738 -5.772578 0.3216116 0.2972745 0.243071 18.85583 1.455608 1 0.0
-0.1250693 0.05902015 -2.411158 -7.174468 0.916965 0.8392303 0.1702051 20.22189 0.7879906 0 0.0
0.1461646 0.03173916 -6.946772 -5.143249 0.5214109 0.4395493 0.01424627 19.03717 0.8215179 0 0.0
-0.05630567 0.03978758 -4.670112 -5.632145 0.1545984 0.1533531 0.1453126 17.75592 1.262924 1 0.0
0.05031028 -0.04693764 -3.672851 -3.40003 0.6427444 0.6431312 0.17037 19.82741 1.053905 0 0.0
0.01648443 0.07156302 -1.634604 -7.490075 0.9681366 0.9266372 0.2337262 20.16382 1.196814 0 0.0
0.0253318 0.006048617 0.2205604 -4.39763 0.6668455 0.6916029 0.1355067 19.12787 1.245762 0 0.0
-0.01878535 0.01423982 -3.437337 -2.396982 0.2544851 0.2672664 0.2279561 18.48432 1.0658 1 0.9916827
-0.08406176 -0.127357 -4.344176 -4.362014 0.8685781 0.8833908 0.1679032 20.36477 1.107641 0 0.0
0.00325889 -0.02326157 -3.115657 -2.863076 0.2075646 0.2515521 0.2268143 18.03164 1.008493 1 0.9762967
0.04271796 -0.08124529 -3.475623 -2.659792 0.07021132 0.07323016 0.1594346 16.3372 1.394159 1 0.9943921
-0.1149545 0.0252338 -7.090012 -4.656368 2.197286 2.049843 0.2476781 20.8173 0.7822819 0 0.0
0.0212528 0.04748138 -3.045319 -6.145079 0.555594 0.5000222 0.1599085 19.64239 nan 0 0.0
0.111733 -0.0153701 -4.383393 -6.313825 0.3406861 0.2859256 0.2280972 18.84759 nan 0 0.0
-0.01055151 0.01471022 -5.742962 -6.423407 0.3025826 0.26544 0.1895921 18.21052 1.17874 0 0.0
-0.135005 0.05904308 -3.539428 -2.752486 0.2351012 0.2252646 0.1454644 18.3626 1.257008 1 0.9151503
-0.1501474 -0.014522 -3.15373 -4.067006 0.2059611 0.2112996 0.2328128 18.33278 1.123268 1 0.0
-0.02951269 -0.03678212 -6.953554 -6.766006 0.7678104 0.940306 0.1557328 20.09603 0.854229 0 0.0
0.08973318 -0.05045367 -4.412604 -2.848393 0.6579615 0.6359334 0.2020901 19.83875 1.216986 0 0.0
-0.1524031 0.01541015 -3.969607 -6.396809 0.2652505 0.2917559 0.2884351 18.65809 1.199928 0 0.0
-0.02892593 0.01434807 -1.410708 -4.389314 0.3011186 0.32493 0.1973559 18.8579 nan 0 0.0
0.05641237 -0.05881849 1.445696 -1.932517 0.5812374 0.728724 0.5771996 19.39203 nan 0 0.0
0.02148563 0.03380573 -3.866495 -7.499018 0.7302113 0.7565281 0.4252166 19.77204 1.607264 0 0.0
-0.01428371 -0.04820912 -3.949562 -2.580063 0.1416231 0.1557234 0.1216533 17.72729 1.152716 1 0.8471229
0.07044987 -0.03628742 -1.469643 -3.396313 0.1523893 0.1523388 0.199999 17.72694 0.9827366 0 0.0
-0.1011387 -0.01112531 -3.308182 -7.715936 0.1539525 0.1551096 0.2164391 17.86925 1.121294 1 0.0
-0.01833099 -0.05839587 -2.343869 -6.737815 1.30207 1.46375 0.0331932 20.62135 0.4150772 0 0.0
-0.0231529 -0.02267255 -3.482308 -3.338565 0.2142216 0.2382907 0.1488372 18.26785 nan 0 0.0
0.07827363 -0.01919031 -2.037887 -5.310755 0.9702052 0.9824934 0.3506352 20.4215 1.374113 0 0.0
0.1232477 -0.03481894 -2.459514 -4.565219 0.6709575 0.6233007 0.2446542 19.98665 1.084478 1 0.002911857
0.1331451 0.09344824 -3.221957 -7.393712 0.8826179 0.7731167 0.2725937 19.97151 1.11105 0 0.0
-0.09417388 0.04257968 -3.647975 -7.18288 0.09482597 0.09902101 0.1461848 16.94737 1.259184 1 0.0
-0.0793895 -0.02952381 -1.015726 -4.983833 1.695254 2.402067 0.4778025 20.81796 1.342985 0 0.0
-0.02444375 0.04283933 -2.987307 -2.750058 0.4223233 0.3900557 0.2044989 19.20204 nan 0 0.0
-0.1418214 -0.07846735 -2.585395 -6.475985 0.7794158 0.7317985 0.4884446 19.9594 nan 0 0.0
0.08999369 -0.05120312 -2.971807 -3.430779 0.6101309 0.5834978 0.2038764 19.89205 0.985714 0 0.0
0.1238046 0.07230771 -6.622043 -7.383485 0.163099 0.1550032 0.1577756 17.86284 1.128038 1 0.0
-0.1205368 0.05604711 -11.88296 -16.09253 0.6539133 0.65141 0.1874 19.87696 1.031696 0 0.0
-0.1000682 -0.106522 -7.554204 -6.695713 1.211505 1.174725 0.2296231 20.48126 0.913393 0 0.0
-0.004626987 0.08605239 -5.411381 -4.319119 0.100256 0.09964497 0.1054248 16.98127 1.161715 1 0.0
-0.1048294 -0.09164176 -5.217628 -8.411448 1.037329 1.05389 0.2520246 20.32325 nan 0 0.0
-0.03269717 0.08332227 -2.026521 -5.141493 0.4309837 0.459687 0.10706 19.16678 1.209749 0 0.0
-0.1024549 0.01021872 -2.058861 -4.408143 0.06078513 0.06188673 0.167077 16.22552 1.673728 1 0.0
-0.02837739 0.0120954 -4.579156 -1.830373 1.324563 1.875085 0.5919214 20.15696 nan 0 0.0
0.04130627 0.01746726 -3.812743 -2.171352 0.4377229 0.4241051 0.1555826 19.35269 1.277994 0 0.0
-0.06406701 -0.01238708 -2.055916 -3.705323 0.9934283 1.834289 0.1580207 20.47604 nan 0 0.0
-0.02141917 -0.02331556 -3.066206 -3.360231 0.4583913 0.4591385 0.09062822 19.20063 1.054796 0 0.0
-0.01431095 -0.0285825 -4.238448 -2.670066 0.1663074 0.1885572 0.212571 17.35938 nan 0 0.0
0.01418105 -0.01241773 -2.973228 -3.388886 0.6893888 1.003557 0.3344678 19.70784 nan 0 0.0
-0.1227901 0.05555282 -3.611892 -1.544828 0.558684 0.5230361 0.2312221 19.69849 1.197969 1 0.5468589
-0.05432435 0.003142949 -4.287275 -5.250586 0.299017 0.3593079 0.1685331 18.8975 1.239817 1 0.0
-0.07021164 -0.05774328 -2.963986 -1.821589 0.3715421 0.4097312 0.1426605 17.4836 1.146919 0 0.0
-0.01203129 -0.0747157 -3.00925 -6.054607 0.2602851 0.2855959 0.1930327 18.51535 1.290506 1 0.0
-0.06684034 -0.01085058 -0.5039899 -6.175787 0.1952738 0.2158831 0.2215067 18.10938 1.250671 1 0.0
0.04997014 -0.06952455 -1.98025 -5.854666 0.03261294 0.03354233 0.2032492 14.44644 1.473578 1 0.0
-0.1136237 -0.0146574 -2.432742 -2.423516 0.2867788 0.2655167 0.2588519 18.69609 0.7414665 0 0.0
0.06911646 -0.02640982 -0.3033993 -3.346289 1.217692 1.09444 0.3226531 20.37636 nan 0 0.0
-0.001855525 0.009153794 -3.757268 -2.861507 0.2904733 0.3075144 0.4228138 18.34891 1.165775 0 0.0
-0.03328232 0.04510487 -3.594181 -2.538309 1.050549 1.013905 0.2547711 20.24366 1.36627 0 0.0
-0.05941327 0.07400837 -0.4779135 -5.002322 1.273763 1.345038 0.001841191 20.36054 nan 0 0.0
-0.1108871 -0.02755671 -1.001697 -3.066894 0.08724143 0.09077992 0.2007399 16.7716 1.01874 1 0.0
0.01007676 0.007214312 -3.468891 -2.963464 0.08031742 0.08486896 0.1611087 16.61438 1.283043 0 0.0
-0.06255751 -0.07164132 -4.750475 -6.0656 0.4597805 0.400365 0.06579999 18.97878 0.7393627 0 0.0
-0.04794918 -0.1343463 -5.334685 -4.162284 0.5445283 0.5552517 0.2010672 19.73515 1.148584 1 0.004949324
0.01143305 0.0311974 -3.651024 -2.380821 0.315545 0.4512683 0.01029148 18.5573 nan 0 0.0
-0.03909315 -0.1007984 -2.111173 -4.251272 0.5879194 0.7915075 -0.233801 19.38091 nan 0 0.0
-0.123294 -0.08056284 -3.908081 -6.238395 0.939825 0.9183744 0.1707283 20.33107 1.19906 0 0.0
0.1074018 -0.02036445 -1.796383 -4.166482 1.009127 0.8753527 0.2772664 20.18831 0.7047672 1 0.03993087
-0.01081417 -0.02653045 -3.939699 -1.840173 0.3597254 0.3431769 -0.2069256 18.62436 0.6709366 0 0.0
0.08713483 -0.05588907 -5.565435 -9.616716 0.8866731 0.9646686 0.2735792 20.32353 1.422266 0 0.0
0.05053359 0.07562863 -1.859193 -6.332782 0.1538894 0.152969 0.1102831 17.76562 1.319643 1 0.0
-0.07184184 -0.01716567 -3.922487 -0.7122865 0.5350632 0.5919002 0.2121619 19.69599 1.409578 1 0.3197542
-0.06118782 0.03872307 -4.413028 -1.519806 0.5376461 0.4222282 -0.2732687 18.9577 nan 0 0.0
-0.1481086 0.036658 -5.475329 -9.301614 1.370165 1.280016 0.1175404 20.49302 1.137205 0 0.0
0.01952386 0.01168406 -3.023487 -2.563844 0.144962 0.1708617 0.1358899 17.67982 0.8539753 0 0.0
-0.02438199 -0.129705 -2.6317 -7.564864 0.6077023 0.6850386 0.1911204 19.94606 1.515715 1 0.0
0.02821886 0.01880542 -1.088529 -1.049782 0.9879247 1.086385 0.2631966 19.81966 nan 0 0.0
0.002825007 0.002251113 -4.121718 2.740588 0.6385956 1.004223 0.1065853 17.0567 nan 0 0.0
0.1423754 0.07157089 -4.101921 -4.568677 1.455687 1.593656 0.2667876 20.73853 1.303215 0 0.0
-0.003676472 -0.02685882 -3.592559 -2.771719 0.1415195 0.1444333 0.1175991 17.55001 1.006098 1 0.9937062
