data/gcs/NGC_6535.ecsv
# %ECSV 0.9
# ---
# datatype:
# - {name: x, unit: deg, datatype: float64}
# - {name: y, unit: deg, datatype: float64}
# - {name: pmx, unit: mas / yr, datatype: float64}
# - {name: pmy, unit: mas / yr, datatype: float64}
# - {name: pmx_e, unit: mas / yr, datatype: float64}
# - {name: pmy_e, unit: mas / yr, datatype: float64}
# - {name: pm_corr, datatype: float64}
# - {name: g_mag, unit: mag, datatype: float64}
# - {name: bp_rp, unit: mag, datatype: float64}
# - {name: filter, datatype: int64}
# - {name: memberprob, datatype: float64}
# meta: !!omap
# - comments: [deg deg mas/yr mas/yr mas/yr mas/yr dimless mag   mag   zeroone float]
# - __serialized_columns__:
#     bp_rp:
#       __class__: astropy.units.quantity.Quantity
#       unit: &id001 !astropy.units.Unit {unit: mag}
#       value: !astropy.table.SerializedColumn {name: bp_rp}
#     g_mag:
#       __class__: astropy.units.quantity.Quantity
#       unit: *id001
#       value: !astropy.table.SerializedColumn {name: g_mag}
#     pmx:
#       __class__: astropy.units.quantity.Quantity
#       unit: !astropy.units.Unit {unit: mas / yr}
#       value: !astropy.table.SerializedColumn {name: pmx}
#     pmx_e:
#       __class__: astropy.units.quantity.Quantity
#       unit: !astropy.units.Unit {unit: mas / yr}
#       value: !astropy.table.SerializedColumn {name: pmx_e}
#     pmy:
#       __class__: astropy.units.quantity.Quantity
#       unit: !astropy.units.Unit {unit: mas / yr}
#       value: !astropy.table.SerializedColumn {name: pmy}
#     pmy_e:
#       __class__: astropy.units.quantity.Quantity
#       unit: !astropy.units.Unit {unit: mas / yr}
#       value: !astropy.table.SerializedColumn {name: pmy_e}
#     x:
#       __class__: astropy.units.quantity.Quantity
#       unit: &id002 !astropy.units.Unit {unit: deg}
#       value: !astropy.table.SerializedColumn {name: x}
#     y:
#       __class__: astropy.units.quantity.Quantity
#       unit: *id002
#       value: !astropy.table.SerializedColumn {name: y}
# schema: astropy-2.0
x y pmx pmy pmx_e pmy_e pm_corr g_mag bp_rp filter memberprob
[from data line 824]
0.001425763 0.005436896 -3.482505 -3.187706 1.178215 1.283171 0.1977588 19.70193 nan 0 0.0
-0.04773742 0.006853744 -1.502459 -1.694849 0.6178741 0.4775712 -0.1023839 19.04317 1.468317 1 8.660654e-05
0.002310764 0.02175364 -2.212126 -3.551867 1.156813 1.198812 0.08633929 19.77008 1.045717 0 0.0
-0.03034247 -0.04684825 -6.807765 -5.244867 3.246332 3.824434 0.2582197 20.82749 1.438679 0 0.0
0.03362151 0.0493968 -3.256989 0.6206985 2.074893 2.151136 0.2307848 20.59552 nan 0 0.0
0.05104682 0.03484094 8.049466 -6.788587 0.9979024 1.098883 0.3978091 19.53849 1.952574 0 0.0
-0.02146211 -0.002514533 -4.911111 -3.765002 1.570694 1.22879 0.2735325 19.94757 1.099125 0 0.0
0.001791973 0.02942601 -7.03819 -6.030672 1.678462 1.275119 -0.2891362 20.20049 1.392941 0 0.0
0.0009680089 0.05442744 -1.719094 -7.867867 0.5116885 0.4437804 0.05359085 18.74469 1.33139 1 0.0
0.003653518 0.007723896 -3.515461 -2.077508 1.180237 1.393712 0.3689421 19.67939 1.029289 0 0.0
-0.04187814 0.01144115 -2.819467 -1.655192 1.855295 1.467077 -0.09126859 20.46727 1.566179 1 0.5579891
0.003653509 -0.01686382 -3.007203 0.08930673 1.270645 1.421922 0.2739077 19.88857 1.052032 0 0.0
-0.0116356 0.01761361 -3.33613 -2.91984 1.425611 1.106373 -0.1469768 20.14962 1.002573 0 0.0
-0.03076993 0.03191297 -2.212329 -4.671257 0.2786658 0.2940637 0.2350725 17.70392 1.228483 1 0.0
-0.02927451 0.001876255 2.341074 -3.233522 1.481164 1.471732 0.01375878 20.02462 0.5721321 0 0.0
0.05794368 0.02638742 -1.01503 -5.853145 1.441145 1.415266 0.2243603 20.16137 nan 0 0.0
0.003775578 -0.01653028 -3.666521 -1.16199 2.952541 1.968141 -0.4638793 20.3811 nan 0 0.0
0.004691112 0.03217771 -4.043171 -4.397919 1.451469 1.134401 -0.1451149 20.14713 1.025208 0 0.0
0.04979553 0.01491827 -0.1564921 4.830945 0.8826114 0.851566 0.2570986 18.96729 1.396118 0 0.0
-0.03202115 0.03500805 -3.654806 -3.067527 1.037939 1.047677 0.193811 19.64066 1.324812 0 0.0
0.002432828 -0.00185311 -5.749072 -4.713524 1.019648 1.09457 0.2445031 19.49172 nan 0 0.0
-0.02188941 0.02826498 -5.697122 -2.56753 0.3710004 0.3096168 0.000639511 18.27853 1.298714 1 0.129247
0.06303994 0.006223229 -4.70961 -3.257401 0.7519345 0.8176472 0.3676516 19.26845 1.212315 1 0.7678606
0.02788416 0.00495451 -4.099088 -0.08412127 1.811612 1.92285 0.2515192 19.98072 0.9645195 0 0.0
0.02028542 0.02917374 -4.264928 -3.117102 0.4909992 0.4029375 -0.2237659 18.52636 1.189028 1 0.9736382
-0.01883771 0.04406826 0.4667171 -6.19863 0.2726738 0.2719052 0.1260194 17.52899 1.39991 1 0.0
-0.003792682 0.02469453 -3.710418 -2.584085 0.3266572 0.2642414 -0.02401602 17.99398 1.457315 1 0.9623683
-0.009133149 -0.03267256 -3.994112 -2.631097 1.09614 1.219966 0.2964207 19.72317 1.244244 1 0.8787719
0.01647073 0.00332378 -3.768984 -5.35128 1.732464 1.702924 0.1883863 20.28538 1.135553 0 0.0
-0.01285626 -0.01075164 -10.26005 -17.5096 2.623685 2.314432 0.01981918 19.98938 1.347332 0 0.0
-0.008644929 0.03507405 1.11006 -3.146916 1.27581 1.269618 -0.03978292 19.77521 1.36747 0 0.0
-0.02164513 -0.03927072 -6.345394 -3.266441 1.410481 1.199041 0.07995782 20.16417 0.8653145 0 0.0
-0.03000701 0.03482337 -1.535579 -2.759219 0.4674576 0.3823779 -0.01776956 18.60909 1.370472 1 1.676648e-05
-0.003334916 0.001097588 -5.117792 -3.248587 0.9134654 0.7052596 0.2777044 18.99821 nan 0 0.0
0.01744717 -0.05786667 -2.745041 -1.965407 0.3056859 0.3318029 0.3223217 17.83606 1.487692 1 0.0004980924
-0.03537801 0.02334306 -2.943873 -8.800937 0.08875258 0.06900255 -0.1629536 15.32422 1.679765 1 0.0
-0.007363174 -0.01152099 -4.224601 -3.048896 0.134222 0.1263982 0.2726773 16.23121 0.6606579 1 0.9987037
0.03835156 0.008765123 0.04023585 -5.874495 1.299989 1.381816 0.2270686 19.79407 1.350918 0 0.0
-0.001107161 -0.01969728 -5.298585 -4.304496 0.8788795 0.9496527 0.3291123 19.37009 1.133106 0 0.0
-0.02722995 0.04120826 -5.937922 -4.027944 1.310378 1.308485 0.1662532 19.94214 1.166887 1 0.6284812
0.005850744 -0.01349649 -5.582882 -3.85059 2.423541 2.074302 0.3308539 20.28093 1.159647 0 0.0
0.01433449 -0.02668894 -5.395605 -2.978873 0.5169576 0.5563415 0.2910235 18.65189 1.280539 1 0.8744036
0.03017301 0.03098999 -1.229817 -10.90581 1.92952 1.918591 0.2756481 20.51623 0.9224453 0 0.0
0.01671495 0.06099645 0.5258358 -8.985236 2.348295 2.160099 0.2887872 20.59484 1.396292 0 0.0
-0.01960063 0.03896741 -0.4135952 -5.512173 0.8040606 0.8171619 0.1704251 19.3112 1.432024 1 0.0
-0.02036337 -0.06150673 2.939214 -2.47986 1.206945 1.048307 0.1030678 19.98027 0.9862423 0 0.0
0.0247714 0.003170908 1.919705 -9.083622 2.344628 2.310932 0.08862943 20.56301 nan 0 0.0
0.03157678 0.0230353 -5.356591 -7.232115 0.8970774 0.9624285 0.2351722 19.38988 0.9365349 0 0.0
0.02309303 0.04128063 -2.187529 -5.484056 1.030905 1.055145 0.08006566 19.57121 1.120743 1 0.03356217
-0.005715279 0.05172049 -3.537656 0.7066974 0.8636831 0.8765329 0.15859 19.30801 1.393728 1 0.0103737
0.02226898 -0.004441911 -6.32019 -1.811885 1.032086 1.124447 0.2272453 19.50476 1.006489 0 0.0
-0.02857262 0.002786658 -4.1548 -2.979014 0.3532835 0.2855475 -0.09592256 18.02269 1.397741 1 0.9907445
-0.01136095 0.01572614 -8.159029 -3.095316 1.160459 1.166439 0.141421 19.78188 0.9483051 0 0.0
-0.008583904 0.04949539 -4.412608 -2.805441 0.4644421 0.3779311 -0.06439256 18.56184 1.20236 1 0.9548937
0.003073684 -0.01577062 -2.519197 -2.332806 1.123366 1.243296 0.2648101 19.7341 1.32431 1 0.8404371
-0.001046129 0.003491699 -7.521075 -7.489947 1.982527 2.131191 0.340933 19.4376 1.270399 0 0.0
-0.04203051 -0.04211478 4.299872 0.7573537 1.034004 1.161139 0.3757118 19.5696 1.929127 0 0.0
-0.01670152 0.05934403 -4.796629 -2.677282 0.7178021 0.5806856 -0.0544873 18.96661 1.413219 0 0.0
0.01277811 -0.02769733 -7.579492 -5.888241 1.098511 1.16269 0.2498742 19.70846 1.292404 1 0.1545059
0.002158175 0.004189371 -4.551557 -2.545579 0.9130305 0.9883506 0.2064739 19.24019 1.038771 0 0.0
-0.02637545 0.03480094 -0.6839691 -0.6107084 1.458039 1.088635 -0.1710716 20.15334 1.156324 0 0.0
0.01729471 0.01725529 -6.128233 0.831613 2.26575 2.26877 -0.02858487 20.45604 0.8541832 0 0.0
0.04109814 0.01801161 0.313883 -2.903408 1.228952 1.228475 0.2937711 19.91862 1.723833 1 0.006821954
-0.0355001 0.03020275 -1.492251 -6.458287 1.893648 2.159056 0.134494 20.23312 nan 0 0.0
0.02388639 -0.004533467 -5.548558 -3.045734 1.059859 1.130515 0.2296569 19.65384 1.088995 0 0.0
-0.02381195 0.007023337 -1.102758 8.781185 0.7539187 0.7795349 0.1702392 19.20778 1.580027 0 0.0
-0.00962146 0.008820141 -4.514876 -2.015044 1.478363 1.388247 0.6634792 19.27017 0.944416 0 0.0
-0.002785611 0.01483437 -2.331563 -0.5446162 1.961783 1.285357 -0.1757005 20.34069 1.401484 0 0.0
-0.04303765 -0.02411931 0.955151 2.803166 1.728233 1.431925 0.06327577 20.26153 2.312418 0 0.0
-0.05271177 0.01761796 -1.290829 -3.619414 0.1325904 0.1106625 0.05481044 16.60404 1.14748 1 0.0
0.01479228 -0.004009526 -5.887579 -4.722777 1.966742 1.920914 0.1596754 20.3992 1.272745 0 0.0
0.02590049 -0.01445791 -3.875444 -2.802866 1.085672 1.177635 0.278819 19.51362 1.103733 0 0.0
0.01830184 0.05396875 -1.953452 -3.764198 1.358987 1.190946 0.03310509 20.13361 1.349888 0 0.0
0.01375476 0.05520789 -2.346243 -7.839468 0.5483474 0.4599601 0.05475102 18.97164 1.513416 1 0.0
-0.01691503 -0.01366724 -5.214202 -1.815274 1.547668 1.264674 0.03141239 20.09347 1.183649 0 0.0
0.001151108 0.003740459 -4.300481 -2.378507 0.4947862 0.4318816 0.1139968 18.63722 1.100628 0 0.0
-0.03403521 0.007174468 -3.727443 -2.846843 0.8162343 0.8407707 0.1895216 19.31827 1.275414 1 0.9079145
-0.01541973 0.01177042 -6.83485 -2.550995 1.349106 1.469671 0.1398581 19.72142 nan 0 0.0
0.008566798 0.02503815 1.916663 -14.30165 1.497545 1.379947 0.6539112 19.27996 1.946346 0 0.0
0.03194306 0.04833206 -4.1815 -3.203523 0.3937017 0.4259167 0.3862648 18.40957 1.336563 1 0.9219389
-0.01462625 -0.01029257 -4.408865 -2.686063 0.6690962 0.5769454 0.106326 18.83614 1.274881 0 0.0
0.03423166 -0.01611044 0.456519 -6.095153 0.6035569 0.6463229 0.2262762 18.83886 1.335035 1 0.0
0.01879006 0.01888831 0.1446066 -8.339876 3.789477 4.618636 0.2755376 20.93337 nan 0 0.0
0.02532071 0.003387838 3.689227 -7.698974 1.375392 1.465898 0.2345109 19.92789 0.9697952 0 0.0
0.009024548 0.0151326 -4.579243 -1.995421 0.8818825 0.9288317 0.3237674 19.31864 1.20435 1 0.9511559
0.01882058 0.0186208 -5.313207 -9.542005 1.84885 1.647094 0.04808276 20.32833 1.001301 0 0.0
-0.00608146 -0.002137723 -4.000732 -2.91756 0.1157896 0.09962666 0.03597224 15.83266 0.7633352 1 0.9975488
0.03694764 -0.02750311 -0.2147446 -8.226687 0.7509643 0.8043378 0.2465481 19.19235 1.495592 1 0.0
-0.01462622 -0.03580613 -3.425842 -8.695061 1.845217 1.614102 0.03876325 20.41409 2.032139 1 0.01727138
0.004813177 0.02233687 -4.415912 -2.623992 1.959369 1.378976 -0.0001418812 20.35518 1.286102 0 0.0
-0.006173011 -0.002814594 -3.731925 -1.113885 1.652036 1.489527 0.001241201 20.28184 nan 0 0.0
0.008566804 0.03399136 -5.436844 -3.082619 1.793738 1.209513 -0.04241318 20.07729 nan 0 0.0
0.03560502 0.01068676 -3.339752 -1.42739 1.543327 1.466644 0.0865577 20.14324 nan 0 0.0
-0.001015612 0.01299125 -7.397062 -4.333671 1.301654 1.020495 -0.1106143 19.99335 nan 0 0.0
-0.03241774 -0.01069425 3.845497 2.239755 1.693317 1.510155 0.5945968 19.7605 1.469297 0 0.0
-0.02054669 0.05368611 2.91578 -3.344587 0.527671 0.4272777 -0.04745965 18.68759 1.24325 1 0.0
0.01189312 -0.02360023 -4.343909 -0.7948222 0.9292839 0.9825872 0.303587 19.28098 1.415821 0 0.0
0.01634865 -0.006510301 -6.66621 -7.926916 1.982808 1.886634 0.08275131 20.43328 1.025621 0 0.0
0.007895418 0.02437728 -3.943398 -2.642467 1.730774 1.374395 0.5146098 19.51747 1.210657 0 0.0
0.006491625 0.02331137 -3.914148 -4.133023 2.281605 1.414036 -0.3320533 20.2267 1.371658 0 0.0
0.04436337 -0.008874417 -6.402409 -4.837187 2.678819 3.134348 0.1303583 20.57552 nan 0 0.0
-0.03705648 0.03062561 -3.388978 -1.838549 0.475744 0.3900396 -0.02174927 18.63131 1.49127 0 0.0
0.007132488 0.02546748 -4.504841 -6.653168 1.526795 1.203052 0.5043978 19.26546 1.483393 1 0.05759878
0.02919639 0.002245386 -3.849223 -2.85472 0.1713171 0.1576047 0.1738639 16.85697 1.432613 1 0.9785993
-0.01151351 -0.01021407 -12.97967 -9.781101 1.834299 1.673665 0.6758314 19.64781 1.48632 0 0.0
-0.0008019929 0.02567658 -4.814906 -2.30071 0.8169631 0.8523782 0.1898194 19.35669 1.131016 0 0.0
0.03462835 -0.02673968 -4.819058 -4.215443 1.118259 1.197638 0.2248488 19.72625 1.163229 0 0.0
-0.001290268 0.01662096 -3.357059 -3.393884 1.841546 1.479135 0.394326 19.98279 1.364479 0 0.0
-6.957938e-05 0.04079595 0.4143613 0.2554992 0.3526438 0.2913443 -0.04555308 18.08534 1.300724 0 0.0
0.01796606 -0.004961357 -5.2945 -4.81915 1.645479 1.612395 0.1642371 20.2727 1.107424 0 0.0
0.005942307 0.008622018 -6.285553 -4.989877 1.593171 1.625747 0.2295648 20.04445 1.228508 0 0.0
0.01225935 -0.006596633 -4.669008 -3.161693 0.1560369 0.1465213 0.1983844 16.65823 0.5673409 1 0.9723951
-0.006813896 0.03955098 1.78876 4.145466 1.582973 1.262515 -0.1325743 20.19315 1.204792 0 0.0
-0.00779042 -0.003612224 -4.573089 -5.167559 1.153942 1.068483 -0.1748416 19.41035 1.260263 0 0.0
-0.06024938 -0.007480638 -4.303674 -3.230198 0.2976009 0.3125677 0.2787737 17.79859 1.407789 1 0.940554
-0.005471118 0.001730499 -5.248879 -2.352689 0.7807568 0.8139536 0.1784807 19.13746 nan 0 0.0
-0.02182835 0.01520134 -5.771758 -8.337503 2.352651 1.786382 -0.253983 20.52636 1.201326 0 0.0
-0.02866402 -0.05190677 0.9284572 -4.936179 2.860709 3.146568 0.2943702 20.85269 1.319561 0 0.0
-0.01950906 0.02592785 -4.578528 -2.74047 0.9858702 1.014197 0.1816545 19.54915 0.9185734 0 0.0
0.008780388 -0.01345951 -7.268414 1.834694 2.346755 2.233866 0.04846498 20.56695 0.8533649 0 0.0
0.00203611 0.02792686 -0.9434201 -2.798933 2.434802 1.942398 -0.1716767 20.46566 0.7468605 0 0.0
0.0292574 -0.006058167 -4.031426 -2.932577 0.6009283 0.6377185 0.2314918 18.84323 1.133896 1 0.9640874
-0.01340561 0.02491735 -5.13865 -5.28547 1.264831 1.26679 0.07719643 19.86643 1.480606 1 0.6607036
0.04173902 0.02336145 -3.97199 -2.690405 0.1076899 0.1042792 0.2943446 16.03497 0.614172 1 0.9267244
-0.05738079 -0.00336668 -3.233966 -6.59688 0.228737 0.2412906 0.2802467 17.38356 1.307968 1 0.0
0.0245578 0.01058838 -5.307901 -0.5454515 1.491171 1.585844 0.057921 19.94773 0.6570702 0 0.0
-0.01572494 0.03924392 -5.187075 -2.110214 0.4888204 0.4009381 -0.05460971 18.66067 1.280937 1 0.7039012
-0.008522841 0.009033646 -3.978921 -2.276342 1.819768 1.28188 0.03260016 20.00552 0.6940613 0 0.0
-0.009255287 0.05368023 -9.062963 -5.07616 1.28846 1.280764 0.1332807 19.82588 1.252714 0 0.0
-0.03394367 0.01275987 -5.826162 -11.1604 0.1801317 0.1436511 -0.04849305 17.04459 1.372324 1 0.0
0.008414218 0.03439569 -4.043493 -1.81386 0.9210448 0.9297836 0.1448372 19.46195 1.37384 0 0.0
0.06407756 0.0113331 -8.644695 -5.33306 0.5203591 0.5654638 0.3722692 18.73294 1.233385 1 0.0
0.008078521 0.0237964 -1.570793 -6.369695 2.354378 1.748593 0.4460612 19.99117 nan 0 0.0
0.0196445 -0.003519375 -8.351951 -10.6522 3.34554 3.532309 0.09326734 20.86546 0.8831177 0 0.0
0.01830175 -0.004158334 0.03477662 -2.926236 2.527648 2.896295 0.2528913 20.64569 nan 0 0.0
0.05690602 0.01061589 -3.627782 -7.729848 0.1490281 0.1343803 0.1033715 16.55632 1.578048 1 0.0
-0.01334461 0.06001383 -2.267825 -0.3426171 1.079043 1.075369 0.1373071 19.67083 1.346087 1 0.0878688
-0.008278688 -0.01112849 -4.758842 -3.326013 0.4135013 0.3785798 0.2080215 18.33344 1.27528 1 0.9852019
0.01717265 0.01817654 -6.89058 -7.728675 0.6012734 0.6212362 0.865828 17.23223 nan 0 0.0
0.02913537 0.01000847 -1.244841 -5.1014 0.8066601 0.8527046 0.2201598 19.21935 1.317505 0 0.0
0.0009680018 -0.02943701 -1.052355 -5.464228 0.8918615 0.8443659 0.1798027 19.1438 1.794727 0 0.0
-0.03812437 -0.03081889 -2.320643 -4.348657 2.308024 2.180897 -0.5700502 19.8524 1.254114 1 0.4188098
-0.002327845 -0.02234903 -0.2949335 -0.2351639 2.203716 2.340511 0.2511899 20.60843 0.9779835 0 0.0
0.006247458 -0.02832169 -3.126979 2.662512 2.000517 1.970374 0.1980161 20.40051 0.7813873 0 0.0
-0.02497144 -0.05834754 -2.744998 -5.418053 3.065802 3.733321 0.2876049 20.87979 0.8287296 0 0.0
-0.0009545761 -0.00984651 -4.609965 -1.705944 0.5834182 0.5216739 0.1673944 18.83432 1.07254 0 0.0
0.03514719 -0.01321947 -4.85185 3.08709 2.251634 2.522858 0.2748353 20.22863 1.368324 0 0.0
-0.05377964 -0.02824922 -3.269063 -8.869629 1.950339 1.792005 0.6161201 19.84627 2.202991 0 0.0
0.06572546 0.006893438 -2.965424 -3.213864 0.8286725 0.9000209 0.3575513 19.37646 1.226999 1 0.3296293
-0.01255112 0.013527 -5.272326 -2.148675 0.5879502 0.485676 -0.02957799 18.98084 1.156824 0 0.0
0.01521953 0.004770953 -3.963241 -4.283468 1.127244 1.199581 0.3104306 19.72167 1.259047 0 0.0
-0.04865294 0.009171437 -3.09757 -7.055001 0.6300155 0.4922418 -0.06779407 18.964 1.526985 1 0.0
0.02651088 0.003337678 -2.109632 1.601165 1.090783 1.166879 0.2609906 19.65093 nan 0 0.0
0.002524373 -0.02964398 -2.643204 -2.859194 1.087055 1.178073 0.2852478 19.61834 0.9946671 0 0.0
-0.007088558 0.05244324 -4.348026 -3.156975 0.3209404 0.2822247 0.03367665 17.9341 1.416708 1 0.9622144
-0.03061728 0.00637518 1.161298 -5.135857 0.3857528 0.3457478 0.288821 18.13417 1.261478 1 0.0
-0.02835892 -0.02815763 0.4412037 -4.977187 0.7956661 0.8069137 0.1330254 19.13004 1.829668 1 0.0
0.04674356 -0.0410907 -7.221262 -16.73009 2.123933 1.938124 0.03783071 20.37206 1.636631 0 0.0
0.000510245 -0.04176509 -4.395386 -0.9419677 1.372664 1.366049 0.2062135 20.06591 nan 0 0.0
-0.01667097 0.03812699 -0.5046186 -7.308363 0.1858067 0.1589201 0.03696585 17.09442 1.363213 1 0.0
-0.06354525 -0.003333335 1.22576 -9.107633 0.3668274 0.30832 0.008572897 18.29488 1.71336 1 0.0
-0.02295746 0.004132574 -8.287776 0.7233352 1.077519 1.107695 0.1629144 19.22804 1.169205 0 0.0
0.002097136 -0.01910219 -4.21656 -4.632959 1.488778 1.075723 0.0615147 20.0057 1.329908 1 0.7954127
0.03774125 0.01944216 -5.824253 -3.173128 0.6167945 0.673279 0.3872506 18.91678 0.958189 1 0.6028944
