data/gcs/NGC_362.ecsv
# %ECSV 0.9
# ---
# datatype:
# - {name: x, unit: deg, datatype: float64}
# - {name: y, unit: deg, datatype: float64}
# - {name: pmx, unit: mas / yr, datatype: float64}
# - {name: pmy, unit: mas / yr, datatype: float64}
# - {name: pmx_e, unit: mas / yr, datatype: float64}
# - {name: pmy_e, unit: mas / yr, datatype: float64}
# - {name: pm_corr, datatype: float64}
# - {name: g_mag, unit: mag, datatype: float64}
# - {name: bp_rp, unit: mag, datatype: float64}
# - {name: filter, datatype: int64}
# - {name: memberprob, datatype: float64}
# meta: !!omap
# - comments: [deg deg mas/yr mas/yr mas/yr mas/yr dimless mag   mag   zeroone float]
# - __serialized_columns__:
#     bp_rp:
#       __class__: astropy.units.quantity.Quantity
#       unit: &id001 !astropy.units.Unit {unit: mag}
#       value: !astropy.table.SerializedColumn {name: bp_rp}
#     g_mag:
#       __class__: astropy.units.quantity.Quantity
#       unit: *id001
#       value: !astropy.table.SerializedColumn {name: g_mag}
#     pmx:
#       __class__: astropy.units.quantity.Quantity
#       unit: !astropy.units.Unit {unit: mas / yr}
#       value: !astropy.table.SerializedColumn {name: pmx}
#     pmx_e:
#       __class__: astropy.units.quantity.Quantity
#       unit: !astropy.units.Unit {unit: mas / yr}
#       value: !astropy.table.SerializedColumn {name: pmx_e}
#     pmy:
#       __class__: astropy.units.quantity.Quantity
#       unit: !astropy.units.Unit {unit: mas / yr}
#       value: !astropy.table.SerializedColumn {name: pmy}
#     pmy_e:
#       __class__: astropy.units.quantity.Quantity
#       unit: !astropy.units.Unit {unit: mas / yr}
#       value: !astropy.table.SerializedColumn {name: pmy_e}
#     x:
#       __class__: astropy.units.quantity.Quantity
#       unit: &id002 !astropy.units.Unit {unit: deg}
#       value: !astropy.table.SerializedColumn {name: x}
#     y:
#       __class__: astropy.units.quantity.Quantity
#       unit: *id002
#       value: !astropy.table.SerializedColumn {name: y}
# schema: astropy-2.0
x y pmx pmy pmx_e pmy_e pm_corr g_mag bp_rp filter memberprob
[from data line 8646]
-0.04266161 -0.03495749 6.812723 -1.762185 0.4675437 0.3297669 0.01614696 19.06038 0.5799313 0 0.0
-0.008906081 -0.00789799 7.201358 -2.078701 0.05825378 0.04189787 -0.1117219 14.3068 1.110229 0 0.0
-0.004086973 0.09513852 5.843573 -2.008148 0.8028407 0.6038795 -0.01796691 19.88268 0.8200703 0 0.0
-0.04154277 0.06286154 8.159587 -2.207601 0.871699 0.5687492 0.2189094 19.65264 0.7395077 0 0.0
0.04563706 -0.04005292 7.297465 -2.721406 0.4219565 0.3056808 -0.1098175 18.80282 0.6763859 0 0.0
0.03325097 -0.03584741 4.389013 -3.441084 3.37581 3.160462 0.02885621 20.73468 0.508007 0 0.0
-0.03263159 0.0303387 7.249568 -0.08624126 0.9432654 0.5453123 0.2962175 19.04779 0.6533108 0 0.0
-0.08588547 0.001470674 6.586822 -2.827484 0.5985016 0.5076959 -0.07654882 19.40857 0.6791935 1 0.9931644
-0.109295 0.06446716 6.843148 -2.574571 0.05785 0.0466742 -0.08077067 15.35972 0.5664577 1 0.9991472
-0.007247145 -0.01587766 6.532699 -2.24992 0.0522963 0.03272596 -0.2460528 13.07073 1.427632 0 0.0
0.04119412 0.004771946 9.255991 -5.158134 1.786509 0.9922118 -0.3597597 20.18299 nan 0 0.0
0.05501854 0.01383281 7.902906 -1.460995 1.02335 0.7845164 -0.07763917 20.10206 0.1394711 0 0.0
-0.0556475 0.06179724 5.146198 -1.800484 3.026289 2.473965 0.634076 20.79243 0.8827324 0 0.0
0.01381712 0.05147116 6.660182 -2.632667 0.6358609 0.3704724 -0.2776083 18.27563 nan 0 0.0
0.06689261 0.09720905 6.599354 -2.374014 0.4344085 0.3043593 -0.09738474 18.96192 0.7148495 1 0.9938702
-0.106698 -0.1225789 0.5077137 -0.8223513 0.2761969 0.1837806 -0.06601574 18.14861 1.112982 1 0.0
-0.03740006 0.07444354 7.489527 -2.557461 2.776093 2.299318 0.661203 20.5082 nan 0 0.0
-0.008047336 0.02480959 6.57104 -9.306551 1.743966 1.167838 -0.1361511 18.57149 nan 0 0.0
0.1183031 0.002998115 0.6541169 0.885665 1.774749 1.552708 -0.2483103 20.47402 0.1953716 0 0.0
0.09516902 -0.1732483 -1.592674 -3.537953 2.176281 1.34656 0.0464874 20.5722 0.9821014 0 0.0
0.04554223 -0.03960257 4.962722 -3.701429 1.630041 1.378314 -0.1997643 19.9561 nan 0 0.0
0.01786255 -0.009170497 4.27416 -1.620771 1.040439 1.203959 0.03997548 18.30393 nan 0 0.0
-0.0196231 -0.0563676 7.222803 -2.880641 1.15082 0.6506828 -0.0912706 19.83702 0.5655422 0 0.0
0.05118791 0.01423975 3.893864 -2.804586 1.387728 1.011341 -0.3107501 20.26283 nan 0 0.0
0.09231259 0.04216041 6.716896 -2.612899 0.1916187 0.1330897 -0.05471099 17.64438 0.9430828 1 0.999119
-0.04253905 -0.01750114 8.614006 -2.914498 2.31454 2.325479 -0.2229015 20.74772 0.5260468 0 0.0
0.01669275 0.0107585 7.59742 -2.03694 0.3641901 0.3342779 -0.2696819 18.16485 0.7214203 0 0.0
-0.02596438 -0.01163609 6.648555 -2.254556 0.5604793 0.557623 -0.2420465 19.18472 0.7203045 0 0.0
0.01095922 -0.02685806 -8.416416 2.988977 2.079099 1.192497 -0.3738791 19.45841 nan 0 0.0
-0.03137693 0.03711563 7.376938 -2.331897 0.540209 0.3153514 0.3479798 18.64777 0.6232967 0 0.0
-0.04173357 -0.02653265 5.923875 0.2523958 3.8018 2.895537 -0.5458858 20.72093 0.6601715 0 0.0
0.0628733 -0.1385043 11.68094 -8.040306 2.070154 1.222028 -0.2404107 20.26135 1.460979 0 0.0
0.07627828 -0.001091825 2.445429 -1.225818 0.8850491 0.5876922 -0.09134584 19.61826 0.02840614 0 0.0
-0.1893271 0.01399297 0.5762798 -0.8650926 0.2739821 0.2508532 -0.2564589 18.11413 1.281858 1 0.0
-0.04530192 -0.07067661 6.150706 -1.895738 0.7012061 0.4218709 -0.1853467 19.2387 0.6502819 1 0.9698734
-0.04906184 0.02909958 7.24943 -3.135058 2.186001 1.047221 0.5707983 20.05806 nan 0 0.0
0.006004773 -0.049088 6.3148 -2.04106 1.417368 0.9608338 0.08608689 19.9869 0.3943939 0 0.0
-0.0561384 -0.01423897 9.535828 -5.185882 2.404832 2.499969 -0.537559 20.57119 1.237083 0 0.0
-0.03808675 0.03819494 7.308043 -2.86257 0.7358572 0.4870563 0.3919817 19.11851 nan 0 0.0
-0.04800435 0.06247321 5.562288 -3.05148 0.6882112 0.444161 0.2465556 19.27517 0.7734509 1 0.9709806
0.01732902 0.08387808 9.668049 -5.51633 3.02954 1.603244 0.0159491 20.71141 0.7879086 0 0.0
0.005468641 -0.03071627 4.386695 -14.92068 3.432949 2.239662 -0.06328146 20.30383 nan 0 0.0
-0.01331378 -0.01807044 7.11955 -2.397743 0.05884305 0.0447443 -0.07496112 15.32692 0.8456736 0 0.0
-0.08635155 0.003238693 6.360738 -2.689391 0.7978501 0.6752657 -0.06474469 19.74379 0.6095791 0 0.0
-0.08727064 -0.1315932 3.341175 -0.9384222 1.428595 0.901889 0.04409635 20.20481 0.6347904 0 0.0
0.09361639 -0.0650322 7.957824 -1.344105 1.825811 1.301461 0.05452257 20.42665 0.998848 1 0.9153487
-0.006879997 -0.01894455 7.300242 -2.063957 0.09820502 0.06015276 -0.1024835 15.32966 0.4962301 0 0.0
-0.06215154 0.006937701 6.688203 -3.241355 0.4229329 0.3764613 -0.07453411 18.77074 0.6170483 0 0.0
-0.04935198 0.02871739 7.359939 -2.388202 0.9112632 0.7237849 0.4120589 19.5792 0.5988503 0 0.0
0.0378642 0.01245374 8.506728 0.1866728 1.357146 0.9447009 -0.5894688 19.49407 nan 0 0.0
0.0006670245 -0.006339611 3.345909 -2.730987 0.9752288 0.842608 0.1329091 12.51573 1.334403 0 0.0
-0.03763146 -0.04143232 6.558269 -2.248926 0.6714141 0.704 -0.2018687 19.3459 nan 0 0.0
0.02858334 -0.002652246 4.230369 1.887955 0.558748 0.688205 -0.3579962 18.2185 nan 0 0.0
-0.05331199 0.01039658 5.297853 -3.132444 0.9833504 0.8786244 0.009705441 19.69139 0.6141739 0 0.0
-0.0177568 -0.02945697 6.998643 -3.962346 1.018314 0.4925132 -0.1369623 19.5505 0.7258759 0 0.0
-0.02274228 -0.01035803 0.7230162 -0.8032765 0.6254404 0.6866297 -0.2436914 19.1852 nan 0 0.0
-0.03337647 -0.1323442 2.792728 1.036673 1.683652 1.273111 -0.181874 20.30306 0.2381802 0 0.0
0.02443078 -0.08178646 5.275364 -3.393992 1.729282 1.495353 -0.3073789 20.25813 0.6130199 0 0.0
-0.04042933 0.06573249 8.449801 -0.7916745 2.724207 1.782517 0.5401831 20.68308 0.7781391 0 0.0
-0.100349 0.09119444 1.326744 -1.609753 0.5459593 0.4305938 -0.1072152 19.36415 1.126791 1 0.0
-0.003288098 -0.007911527 6.77568 -0.963612 0.5242572 0.3772424 -0.2721894 13.95883 0.9743252 0 0.0
-0.03595828 0.06712196 11.31751 -2.429812 2.806401 2.218318 0.6309444 20.59793 0.8941593 0 0.0
0.05625038 -0.0172224 5.756487 0.2000732 0.8503216 0.6128648 -0.03371581 19.79725 0.440136 0 0.0
0.0248224 -0.01444988 9.084136 -0.1228675 1.479174 1.603523 0.07549654 19.40667 nan 0 0.0
0.01828664 -0.04479254 6.827842 -1.712164 2.336312 0.9545291 0.4050922 19.9739 nan 0 0.0
-0.04394633 0.0007300995 6.844607 -1.340031 0.7697959 0.8523923 -0.3169039 19.42894 nan 0 0.0
-0.02082319 0.03188805 6.89499 -2.518709 0.06712376 0.05246355 -0.1452358 15.60232 1.069378 1 0.9996183
0.007899963 -0.03395958 10.0963 -8.965925 1.909842 1.24857 -0.1289635 19.14161 nan 0 0.0
-0.01280384 -0.05212772 9.415958 -1.917841 0.9759336 0.5792617 -0.1614207 18.9861 0.7563286 0 0.0
0.03676152 -0.0188858 6.807684 -1.223637 0.7783279 0.6391363 0.4198912 18.76229 0.5562687 0 0.0
-0.02021886 -0.07332071 0.03321377 -2.078684 0.663459 0.3897286 -0.1580296 19.24002 -0.06291771 0 0.0
-0.02593226 -0.03767519 6.579822 -2.318679 1.157284 0.5083691 -0.1604372 19.585 0.5626736 0 0.0
-0.003807182 -0.008361753 9.832505 7.725864 0.925698 0.5721786 -0.02323448 16.7777 nan 0 0.0
0.008074714 0.02807496 7.282278 -3.192021 0.512958 0.2975966 -0.3874359 18.44199 0.7055531 0 0.0
0.03070129 -0.05236096 6.920284 -0.9477438 1.282831 0.976989 0.2301852 20.03642 0.6607914 0 0.0
0.00423411 -0.02314761 7.349259 -2.809404 0.5238253 0.3237454 -0.1306816 18.57486 nan 0 0.0
-0.02146836 -0.05190632 9.033356 -3.064585 0.7760401 0.4693657 -0.184945 19.19397 0.5668316 0 0.0
-0.08578748 0.05072692 10.65986 -2.09246 2.396789 1.755046 0.3688383 20.71802 0.523653 0 0.0
-0.08776005 0.03942673 7.684427 -1.816016 0.454689 0.33944 -0.008391646 18.98205 0.6182671 1 0.9424651
-0.03508607 -0.008407593 7.384574 -2.890449 0.4898011 0.7471407 -0.002482303 18.88001 0.6436749 0 0.0
-0.008547671 -0.01516102 17.44288 -9.115575 1.06854 0.5874261 -0.4347018 18.52274 nan 0 0.0
0.1062045 -0.006485782 1.388968 -1.197465 0.4720596 0.3405738 0.032534 19.00407 0.9321003 1 0.0
-0.03019512 0.01557202 7.927034 0.9273698 1.34435 2.145755 0.4806586 19.68557 0.3472214 0 0.0
0.05596156 -0.01709951 5.271796 -3.087656 2.56601 1.803628 0.179133 20.63077 nan 0 0.0
0.07048894 -0.0886717 6.787325 -3.585707 1.531494 0.7988317 -0.1364477 20.11453 0.7581425 0 0.0
-0.02904976 -0.04282172 5.961398 -3.096963 0.2933501 0.2076532 -0.04422562 18.2032 0.6932697 0 0.0
-0.04457382 0.001491645 8.065961 1.514012 1.948098 2.771305 -0.1478719 20.29374 nan 0 0.0
0.07760644 -0.06001158 6.440023 -2.551886 0.2620861 0.1956315 -0.0303746 18.10136 0.9098339 1 0.99758
0.143726 0.02388843 1.05372 -1.360467 0.2711922 0.1901684 -0.0733846 17.95571 1.274611 1 0.0
-0.02102709 0.0255478 6.769192 -2.858062 0.07308982 0.04730099 0.02989809 15.36208 0.8209314 1 0.9974355
0.022345 -0.04524682 5.079755 1.261124 1.913658 1.646293 -0.2491825 20.21473 nan 0 0.0
-0.07261479 0.05451001 -9.958742 2.900784 2.423657 2.027737 -0.3420734 20.22559 0.7408333 0 0.0
-0.02090458 -0.01261432 5.579365 -1.501617 0.2967094 0.2224356 -0.1615232 17.61212 0.8735104 0 0.0
-0.05040981 0.04087603 6.332931 -3.425973 1.014031 0.5980258 0.3385182 19.63421 0.7515678 0 0.0
0.009853001 0.01962079 4.865381 0.617552 0.6274892 0.4080557 -0.3159875 18.40256 0.6849499 0 0.0
0.05698479 -0.01730078 5.021417 -0.8690893 1.432784 1.318078 -0.2772507 20.21735 0.8231411 0 0.0
-0.1068404 0.06319106 7.517476 -2.825384 0.4485784 0.3354645 -0.04698796 19.08895 0.7049866 1 0.9888121
0.0185641 -0.04518952 7.400011 -2.571475 0.3858271 0.2851832 -0.03524346 18.71283 0.6655312 0 0.0
0.02414885 -0.0338201 9.606142 -4.343538 0.6298269 0.7651391 0.0232055 18.93442 nan 0 0.0
-0.09404172 -0.1702216 0.276035 -0.8379475 1.413984 0.8497231 -0.1120545 20.19612 0.9621716 0 0.0
0.1257751 -0.1526216 2.230906 -0.6526593 1.50758 0.9399872 -0.08026625 20.09077 0.3889656 1 0.007688717
0.02202158 -0.08176837 5.675751 -1.557057 0.9133487 0.5729826 -0.0531316 19.7085 0.662899 0 0.0
-0.005591588 -0.04099309 4.635139 -1.282481 1.498185 0.9450358 -0.173763 19.99996 nan 0 0.0
-0.07002169 0.05556451 5.311798 -1.578856 2.808485 1.944507 0.4678951 20.73128 0.559 0 0.0
0.04719555 0.09678459 6.278555 -2.467959 0.2829104 0.2031548 -0.06811375 18.17323 0.7972393 1 0.9941338
-0.1022686 0.0426459 7.913353 -2.627435 0.9690429 0.7432726 0.02395755 20.02561 0.6789417 0 0.0
0.07066914 0.07050067 5.309829 -2.514465 0.6231552 0.4785979 -0.07119936 19.4961 0.8319569 0 0.0
0.1197804 -0.1329231 25.34779 0.1753272 0.8153758 0.4511694 0.01638074 19.4702 1.902411 1 0.0
0.01898707 -0.03540904 6.819667 -3.172357 1.858222 1.082683 0.006742669 20.10931 nan 0 0.0
0.1417624 0.02864047 0.8511258 -1.184811 0.1632179 0.1232827 -0.01879526 17.31271 1.39657 1 0.0
0.01580716 -0.04425635 8.010732 -2.983909 0.7324737 0.4108674 -0.1155161 19.28916 0.4960346 0 0.0
0.02453821 -0.03368324 6.911124 -2.3189 0.1660454 0.1368373 0.02525961 17.17277 0.9560184 0 0.0
-0.005666168 -0.1163257 6.32032 -2.089151 1.45852 0.9288773 0.03227495 20.22031 0.6683846 0 0.0
0.01758576 0.09500913 7.177025 -2.642178 0.557366 0.3423881 -0.08047513 18.9401 0.7143269 1 0.995718
0.01748509 0.02040901 7.16958 -3.402886 1.558588 1.115588 -0.6896184 19.4726 nan 0 0.0
-0.01125682 0.1168719 9.598822 0.6064245 3.13096 3.18867 0.2794515 20.98468 1.101059 0 0.0
-0.01946324 -0.02655177 7.561525 -4.012838 2.909208 2.137024 -0.6285067 20.03669 nan 0 0.0
0.04216169 0.002961749 6.907731 -2.727079 1.092009 0.8068861 -0.07533131 20.15396 0.6494102 0 0.0
0.04679615 -0.04613626 3.682585 -4.66286 2.211113 1.950387 0.06814676 20.50119 0.1137905 0 0.0
0.01837779 -0.01339002 7.623679 -2.441267 0.686256 0.5731818 -0.02632374 18.70899 0.5883369 0 0.0
0.02415201 -0.03353781 7.61006 -3.641581 1.857635 0.9867249 0.02060036 19.73964 nan 0 0.0
0.01766801 0.02078269 6.963216 -1.824424 0.4659577 0.3450911 -0.2357397 18.73405 0.6183929 0 0.0
0.04831227 0.02401259 6.07826 -2.356092 0.6132042 0.3837757 0.05695286 19.13564 0.685442 0 0.0
-0.06000523 -0.004110756 6.664419 -2.94022 0.3181911 0.2821515 -0.1417664 18.44032 0.6714725 1 0.9974136
0.02735157 0.09469298 0.3478246 -1.264711 0.3307047 0.235832 -0.08133995 18.3443 1.125309 1 0.0
0.007004087 0.02445903 3.304276 -2.815493 0.6389039 0.378984 -0.3370879 18.40623 0.7170525 0 0.0
0.02131068 0.004200444 8.245235 -3.133695 1.085899 0.9921824 -0.02062484 19.10648 nan 0 0.0
-0.005168563 -0.07551597 5.635386 -2.379876 0.5735542 0.3581278 -0.1226737 18.98577 0.6158581 0 0.0
-0.07300882 0.0899931 6.573834 -2.645406 0.3417469 0.2596368 -0.04253264 18.59747 0.6817932 1 0.9963584
0.1457699 -0.1091713 7.259142 -1.986321 1.110908 0.5812043 -0.0480866 19.87146 0.7113705 0 0.0
0.04034273 -0.1410013 6.122074 -5.820745 3.665583 1.954157 0.02761421 20.81874 0.8009872 0 0.0
0.0105942 -0.02348567 7.215723 1.745659 2.273844 1.089962 -0.1522556 19.47593 nan 0 0.0
-0.02794207 -0.02550139 1.831423 9.422463 2.196653 1.436689 -0.1613371 19.64146 nan 0 0.0
-0.06342386 -0.03354045 7.326181 -2.41016 0.6392059 0.4510003 0.009325248 19.50827 0.6680393 0 0.0
0.04736741 0.02239742 6.21525 -1.988084 0.2321801 0.1612354 0.04036456 17.79515 0.8471813 0 0.0
0.0238693 0.003678741 5.532911 -0.06815659 2.327251 1.669939 -0.06792289 19.86433 nan 0 0.0
0.1469776 -0.1263621 1.362345 -3.101369 0.8735079 0.4686094 -0.02358777 19.57749 1.102528 0 0.0
-0.08878742 0.0006415844 6.522905 -2.564595 1.274425 1.042114 -0.2104661 20.25268 0.6397572 0 0.0
-0.0385243 0.04936355 -1.356785 -1.469951 1.152687 0.4800317 -0.1337078 19.01266 0.7434196 0 0.0
-0.05711646 -0.01453931 8.847777 -0.08109618 1.411393 1.619302 -0.2857849 20.32845 0.6451817 0 0.0
-0.009952503 0.008893813 8.734888 3.977396 0.9891947 0.482673 -0.2040515 17.4319 nan 0 0.0
-0.02142358 -0.02890364 7.13102 -2.854163 0.8528405 0.5350723 -0.1926881 19.37555 0.5795517 0 0.0
0.01785592 0.08000951 7.540338 -3.824376 2.230759 1.457385 -0.1205457 20.6252 0.7804184 0 0.0
-0.02143187 -0.01018873 5.503424 -4.036494 0.9953947 0.8314389 -0.7281276 19.02126 nan 0 0.0
-0.02827237 -0.02549423 6.941379 -11.63622 1.706159 1.618046 -0.4901526 19.74699 nan 0 0.0
0.07865619 0.04034974 6.200272 -2.65299 1.05639 0.695989 -0.073623 20.03315 0.7989044 0 0.0
-0.1463161 -0.04678052 0.4672832 -1.619916 0.5199674 0.3382286 -0.1475012 19.0572 0.9742622 1 0.0
-0.0006114271 -0.01226765 4.784165 -2.076172 0.8676854 0.4697545 -0.05701565 16.39846 0.696909 0 0.0
-0.08741968 -0.07478489 1.790628 -1.656969 1.443437 0.8305772 -0.2214312 20.24289 0.1701088 0 0.0
-0.1102963 0.006034869 6.130544 -2.504537 0.2638199 0.1899874 -0.01263664 18.09567 0.8181133 1 0.9848051
0.02154632 0.02213691 7.101585 -2.586232 0.3457548 0.3755932 -0.1938751 18.3979 0.5765476 0 0.0
-0.07503294 -0.1316192 0.8830504 -1.26178 0.5700568 0.3629585 -0.07728191 19.22344 0.9934158 1 0.0
-0.1209642 0.03491172 7.47895 -8.324715 0.8482108 0.5758039 -0.1019265 19.22394 0.6668243 0 0.0
0.04980409 -0.04935557 -0.9561645 0.5736471 2.526239 1.719685 -0.05498416 20.58445 0.864172 0 0.0
-0.008736219 0.01483005 9.279702 -1.739553 1.909739 0.8516412 -0.08807886 19.10557 nan 0 0.0
0.053499 -0.08589483 7.086753 -5.48885 0.3822472 0.2587213 -0.09222005 18.44179 0.7557163 1 0.0
0.08607382 0.05732517 6.779538 -2.640619 0.2803606 0.1922532 -0.03582317 18.21226 0.7461452 1 0.9984075
-0.0227834 -0.03802228 6.221958 -0.919585 2.799269 2.016382 -0.09023803 20.06162 0.9264603 0 0.0
0.008317817 0.00250876 7.480199 -2.387198 0.2779958 0.1806623 -0.3320415 16.33715 0.761982 0 0.0
0.08129034 -0.002629933 9.104785 -1.757138 1.535188 0.9324469 -0.01226856 20.32448 0.559473 0 0.0
0.04236918 -0.0142125 13.44509 -2.399289 2.260558 1.765645 0.02503989 20.538 nan 0 0.0
-0.04545413 0.05085196 5.962655 -2.509909 0.501271 0.3229578 0.1109246 18.65015 0.9317169 0 0.0
0.02511561 -0.08182546 6.074435 -3.131496 1.017645 0.6610715 -0.1878412 19.7304 0.5614491 0 0.0
-0.1634303 0.03328886 0.9221074 -1.774089 0.6281206 0.4902729 -0.07156636 19.41593 -0.213192 1 0.0
-0.05268202 -0.1181956 7.69464 -2.476842 0.5797463 0.3905995 0.006902728 19.15652 0.6746063 1 0.9865996
