data/gcs/NGC_6642.ecsv
# %ECSV 0.9
# ---
# datatype:
# - {name: x, unit: deg, datatype: float64}
# - {name: y, unit: deg, datatype: float64}
# - {name: pmx, unit: mas / yr, datatype: float64}
# - {name: pmy, unit: mas / yr, datatype: float64}
# - {name: pmx_e, unit: mas / yr, datatype: float64}
# - {name: pmy_e, unit: mas / yr, datatype: float64}
# - {name: pm_corr, datatype: float64}
# - {name: g_mag, unit: mag, datatype: float64}
# - {name: bp_rp, unit: mag, datatype: float64}
# - {name: filter, datatype: int64}
# - {name: memberprob, datatype: float64}
# meta: !!omap
# - comments: [deg deg mas/yr mas/yr mas/yr mas/yr dimless mag   mag   zeroone float]
# - __serialized_columns__:
#     bp_rp:
#       __class__: astropy.units.quantity.Quantity
#       unit: &id001 !astropy.units.Unit {unit: mag}
#       value: !astropy.table.SerializedColumn {name: bp_rp}
#     g_mag:
#       __class__: astropy.units.quantity.Quantity
#       unit: *id001
#       value: !astropy.table.SerializedColumn {name: g_mag}
#     pmx:
#       __class__: astropy.units.quantity.Quantity
#       unit: !astropy.units.Unit {unit: mas / yr}
#       value: !astropy.table.SerializedColumn {name: pmx}
#     pmx_e:
#       __class__: astropy.units.quantity.Quantity
#       unit: !astropy.units.Unit {unit: mas / yr}
#       value: !astropy.table.SerializedColumn {name: pmx_e}
#     pmy:
#       __class__: astropy.units.quantity.Quantity
#       unit: !astropy.units.Unit {unit: mas / yr}
#       value: !astropy.table.SerializedColumn {name: pmy}
#     pmy_e:
#       __class__: astropy.units.quantity.Quantity
#       unit: !astropy.units.Unit {unit: mas / yr}
#       value: !astropy.table.SerializedColumn {name: pmy_e}
#     x:
#       __class__: astropy.units.quantity.Quantity
#       unit: &id002 !astropy.units.Unit {unit: deg}
#       value: !astropy.table.SerializedColumn {name: x}
#     y:
#       __class__: astropy.units.quantity.Quantity
#       unit: *id002
#       value: !astropy.table.SerializedColumn {name: y}
# schema: astropy-2.0
x y pmx pmy pmx_e pmy_e pm_corr g_mag bp_rp filter memberprob
[from data line 1162]
0.01741364 -0.02141343 -4.015533 -3.517868 0.3333493 0.2801193 0.3855569 17.97432 1.401045 0 0.0
-0.02166514 0.03120969 -2.52193 -14.04646 0.5123579 0.4338638 0.1519145 18.60979 1.266211 0 0.0
-0.03386909 0.01817993 3.388575 -3.474234 1.235757 1.568938 0.7569514 19.16303 1.159178 0 0.0
-0.01219967 0.009291657 1.501429 -7.612991 0.9996532 1.349501 0.8160678 19.07677 1.000624 0 0.0
-0.001030116 0.002475353 -1.925158 -7.609435 0.4780922 0.413358 0.4190809 18.30071 nan 0 0.0
0.04616046 -0.01014411 0.04772773 -2.176271 0.4234781 0.3559527 0.2973669 18.34544 1.137682 1 0.0002095691
0.04562511 -0.02038638 -2.491226 -0.9505553 0.5007878 0.4206613 0.4401849 18.41979 1.337591 0 0.0
0.01162459 0.02734095 -4.405809 -2.163837 0.4600056 0.3906292 0.4147143 18.5478 1.438755 0 0.0
-0.005563963 -0.01892712 2.850728 -2.133564 0.624645 0.5231061 0.2940445 18.80747 nan 0 0.0
-0.005730663 -0.04711392 -3.102829 -4.139464 0.2158251 0.1852204 0.1933845 17.09192 1.72566 0 0.0
-0.01530745 0.01341121 0.7975328 -2.427019 1.022894 1.385016 0.817289 19.11108 1.161608 0 0.0
0.001825457 0.02850302 -0.975242 -6.398528 0.08553064 0.07340939 0.2410951 15.04282 1.79399 1 0.0
-0.0003863863 0.03418121 -1.548191 -1.84897 0.3514761 0.2884125 0.1016249 18.30073 0.6386414 0 0.0
-0.04556058 -0.01273599 -4.233753 -3.174988 0.6006667 0.5927863 0.3076538 18.89772 1.30393 0 0.0
-0.03459719 0.01896748 -3.299833 -7.044043 0.4609633 0.3808469 0.051463 18.60751 nan 0 0.0
-0.001477894 -0.006332787 -0.1749225 -3.925064 0.07947939 0.06799799 0.223617 14.70903 1.797368 1 0.9974749
-0.007470763 0.04529703 -2.182972 -4.565484 1.792637 2.285579 0.7687556 19.76216 1.297026 0 0.0
0.02385453 -0.0002829183 -4.017655 -4.614493 0.7617088 0.7477736 0.5481982 19.04025 1.28414 0 0.0
-0.005507746 -0.02470257 -2.124377 -4.771897 0.8734916 0.9023348 0.53505 19.06477 0.6239376 0 0.0
-0.01139063 0.04157932 -4.402522 -2.78519 0.6307005 0.5247163 0.3891366 18.73886 1.441442 0 0.0
0.01036049 -0.02615817 -1.438607 -5.088732 0.3674164 0.3227725 0.09652876 18.05223 1.289837 0 0.0
0.004147357 -0.03248641 -4.453317 -8.2957 1.735374 2.119815 0.8366929 19.48261 1.211174 0 0.0
0.02010623 0.01670837 -5.275357 -6.474702 0.4936329 0.3964465 0.288633 18.46371 nan 0 0.0
-0.04159384 0.01168129 1.079021 1.42877 0.7181214 0.7637917 0.4744194 18.88757 1.142363 0 0.0
-0.004362549 0.04338982 13.9732 10.90738 1.538311 2.088091 0.7835254 19.84064 1.119661 0 0.0
-0.01726751 0.01679269 2.879202 -1.644856 0.992194 0.9249584 0.7450765 18.99696 1.334259 0 0.0
0.04345331 0.01368723 -2.4085 -2.158171 1.644228 1.989007 0.8785011 19.42297 0.9934826 0 0.0
-0.004222572 0.04426148 4.243898 -2.111368 0.7204781 0.625185 0.2257163 19.06611 1.390074 1 1.29962e-06
-0.006095232 -0.02970557 -0.4020765 -2.130778 1.342956 1.704546 0.6008288 19.09485 1.623861 0 0.0
-0.001366359 0.03486403 -4.133623 -3.234109 0.6113223 0.63391 0.4291663 18.95378 nan 0 0.0
0.009746598 -0.001793649 0.8033584 -6.038944 1.73604 2.195574 0.872265 19.48248 nan 0 0.0
-0.005734657 0.04478976 -2.697569 -3.612119 0.2911298 0.2466733 0.1622661 18.07368 1.327776 0 0.0
0.03465373 -0.02156369 -1.177584 -5.925205 0.1528395 0.1290009 0.2408412 16.64711 1.132123 1 0.0
-0.01696157 0.03244062 -1.607049 -2.277576 0.3108996 0.2784248 0.266912 18.11012 1.230001 0 0.0
-0.001618453 0.04320868 -0.2367937 -3.855383 0.09170911 0.07391512 -0.26218 14.421 1.825933 1 0.9815427
0.02052926 0.03671257 -2.748453 -9.087169 0.7898737 0.6996941 0.5209914 18.8622 nan 0 0.0
0.03773457 -0.01369291 -2.277108 -6.979298 0.4608343 0.3888314 0.2559481 18.33507 1.420555 1 0.0
-0.004780741 -0.006931773 -1.536731 -1.755966 0.9241642 0.7062883 0.4149532 18.63179 1.060816 0 0.0
-0.0009738178 -0.03998413 -3.008256 -4.376607 0.07695711 0.06211086 0.04461432 14.05277 1.970439 1 0.0
0.0180349 0.01906043 -2.990634 -5.85772 0.3984542 0.3210232 0.3076585 18.24499 1.253958 0 0.0
-0.0333332 0.002442536 -3.203548 -3.730095 0.5447664 0.4639654 -0.00279387 18.77628 1.373013 0 0.0
-0.01007059 -0.01103668 -4.254133 -1.297071 0.2988146 0.2661748 0.4667379 17.26115 1.237247 0 0.0
-0.00349335 -0.0008167729 0.5310493 -3.864018 0.2851432 0.2540881 0.2660301 16.94583 1.071502 0 0.0
-0.00984728 -0.002955232 0.7669992 -3.400711 0.3967143 0.3356723 0.5265479 17.75326 nan 0 0.0
0.02852601 -0.01474346 -3.721239 -8.29835 1.374456 1.391851 0.7069034 19.49713 1.395153 0 0.0
-0.004584053 -0.02867745 4.067249 -13.3536 1.982562 2.572882 0.5640339 19.67597 nan 0 0.0
0.0009292836 -0.006077197 -0.5076921 -4.012363 0.1217611 0.1010512 0.1968428 16.05458 1.312096 0 0.0
-0.04892548 0.004001701 -1.64029 -0.4756858 0.4744975 0.4406297 0.224094 18.63133 1.306404 0 0.0
-0.02003094 -0.03661536 -4.674055 -7.237247 0.8987329 0.9238263 0.5983844 19.13726 nan 0 0.0
0.02867659 0.03420098 -1.960696 -8.012934 0.7165842 0.7054948 0.6214929 19.00599 1.50877 0 0.0
-0.004724252 -0.02113198 -1.909748 -5.729152 1.473418 1.796832 0.8349188 19.32731 1.172016 0 0.0
0.02804649 -0.0321975 -4.319494 -4.32782 1.444095 1.715542 0.8844853 19.12475 1.289478 0 0.0
-0.04125791 0.01170429 -2.548248 -6.126888 0.6458134 0.6607866 0.4022818 18.98667 nan 0 0.0
-0.00243009 0.02201612 -1.706555 -5.674476 0.985132 0.8706194 0.03853761 18.89815 nan 0 0.0
0.00134921 0.0006767204 -2.332772 1.130888 1.220107 1.051217 0.1035139 16.87725 nan 0 0.0
-0.0002184106 0.04527626 -2.630576 -4.732544 0.4379454 0.371829 0.2957438 18.59176 1.388865 0 0.0
0.006276336 0.01225991 -0.9229977 -8.592618 0.6670434 0.5651844 0.3226918 18.8281 1.386007 0 0.0
-0.005199703 -0.0295682 3.587057 -3.536195 1.417594 1.781539 0.6091073 19.14683 1.551243 0 0.0
-0.01063251 0.01539912 0.3058584 -2.415471 1.253451 1.55643 0.8201032 19.21278 1.401918 0 0.0
-0.03940509 -0.005716868 -4.812619 -5.344509 0.1060086 0.08554409 -0.08489392 15.8471 1.702953 1 0.0
-0.04089414 0.01221176 -0.2152275 -3.990376 0.2499413 0.2208859 0.2263989 17.48058 1.429199 0 0.0
-0.00836379 -0.002325705 -0.5456104 -3.996951 0.1468968 0.1223471 0.2461777 16.50999 1.563671 1 0.9620622
-0.008444996 -0.04551189 -3.955387 -3.35363 1.556218 1.911295 0.835212 19.38866 1.471535 0 0.0
0.02018137 -0.04102708 3.607249 -1.815605 0.7975562 0.6783966 0.3838479 18.95408 1.125986 0 0.0
0.01008079 -0.02413063 -4.323515 -4.285638 0.5629675 0.4661714 0.2924707 18.74499 1.204346 0 0.0
0.001936999 -0.002079406 0.7476101 -3.868978 0.6371893 0.5745008 0.4950859 17.50217 nan 0 0.0
-0.01732244 0.00868264 -0.1252955 -3.882455 0.1227702 0.1018753 0.06669089 16.36473 1.519342 0 0.0
-0.001841765 -0.006670392 -1.120723 -2.911665 0.240168 0.2031477 0.1714836 16.06766 nan 0 0.0
0.02704431 -0.006459529 -0.0008564569 -1.912512 1.31559 1.59796 0.8715887 19.14876 1.014853 0 0.0
-0.006570731 -0.03479249 1.595333 -1.209538 1.402623 1.709338 0.8068522 19.04522 nan 0 0.0
-0.02241078 -0.02950897 -0.9375966 -5.212395 0.9622353 0.7982692 0.1192007 18.6948 1.303518 0 0.0
-0.001309959 -0.005600364 4.7378 -3.509914 1.267838 1.133732 0.5926004 18.61559 nan 0 0.0
0.03454888 0.005560738 -3.822841 -5.511503 0.7732945 0.6267582 0.1576725 18.37414 1.311241 0 0.0
-0.02843781 0.01755751 1.954167 0.0249808 2.038899 2.591398 0.8162516 20.01386 1.585802 0 0.0
-0.01989342 -0.02070615 -1.817116 -1.248587 0.7233258 0.6809672 0.4305595 18.90188 nan 0 0.0
-0.02359481 0.01875628 -0.5288861 -8.279947 0.08541745 0.07048331 0.02701541 15.1401 2.154186 1 0.0
-0.01104978 -0.01636208 2.161567 -5.955794 0.6655055 0.6095922 0.4351521 18.92597 nan 0 0.0
-0.03759121 0.01361655 -3.730975 -4.358753 1.113304 1.435364 0.7626346 19.25203 1.146887 0 0.0
0.01808255 -0.04169817 -2.25625 -4.552714 0.5777709 0.4906886 0.2982207 18.82181 nan 0 0.0
-0.01177882 -0.001254035 -1.478349 -3.279274 0.655356 0.5468626 0.2915464 18.69504 1.187689 0 0.0
0.03524588 -0.00501188 1.444409 -2.828217 0.1075107 0.08572719 -0.03329295 15.13716 1.969166 0 0.0
6.160163e-05 0.04235992 -3.943057 -3.654049 0.2376706 0.2058078 0.217057 17.11588 1.278154 1 0.0
0.02175338 -0.01100758 -1.609184 1.385846 0.8350514 0.7151694 0.3070982 18.81306 1.327091 0 0.0
0.005715837 -0.001843004 0.3033228 -3.965241 0.166602 0.1413837 0.2584423 16.67954 nan 0 0.0
0.02759986 -0.02681868 1.750429 -5.599663 0.3681307 0.3283771 0.5637122 17.69875 1.129688 0 0.0
0.02484006 0.03065982 -1.611928 -5.889539 1.703376 1.617115 0.5559093 19.83698 nan 0 0.0
0.02967216 -0.02089109 -2.340043 1.028704 0.562797 0.4975143 0.43385 18.84385 1.112118 0 0.0
-0.0377261 -0.004159981 5.267268 -1.234654 1.335819 1.660512 0.7823066 19.29155 1.456022 0 0.0
0.01119824 -0.04784097 -6.684263 -4.206704 0.6340533 0.5657604 0.3739247 18.87284 1.154577 0 0.0
0.02973093 -0.008506692 -3.013864 -9.624265 0.5177711 0.4576024 0.4198739 18.53265 nan 0 0.0
-0.01519734 0.02965229 -3.11127 -3.493819 1.81968 2.342058 0.7988202 19.95946 1.214354 0 0.0
0.0004814325 -0.007053758 0.8905562 -3.340206 0.2610998 0.2438577 0.4209827 17.09058 nan 0 0.0
-0.01303952 0.009713101 -4.602544 -11.56853 1.308617 1.703739 0.8355329 19.06829 1.297344 0 0.0
0.02177975 -0.02078656 -3.497828 -6.468379 0.4653639 0.3913192 0.3680931 18.59035 0.9982643 0 0.0
-0.03562766 -0.0009359783 -2.621167 -1.387298 0.8724549 0.6890394 -0.3245156 18.84975 1.314058 0 0.0
0.01248597 -0.04167272 -0.5415938 -4.902584 0.1260269 0.1036768 0.09179717 16.08254 1.709006 1 0.0
0.02186176 -0.03258734 -4.477476 -3.515317 0.314152 0.2651265 0.4895707 17.48735 1.609451 0 0.0
-0.01679271 0.02556846 0.150129 -1.511159 0.6456349 0.6337828 0.1925421 18.91941 1.058079 0 0.0
-0.03899123 0.01458126 -1.361493 -1.329026 1.182848 1.572533 0.7639973 19.31846 1.157846 0 0.0
0.01951809 0.01512917 -4.434221 -4.034363 0.7500603 0.6528102 0.3765307 19.02671 nan 0 0.0
-0.001058354 0.03312454 -0.4376074 1.396134 0.3727259 0.303053 0.03737745 18.09477 1.269423 0 0.0
0.01640416 -0.03703829 2.441953 -2.346841 0.4961693 0.4127255 0.2624619 18.56409 0.9304962 0 0.0
-0.008111622 -0.006340658 -0.1830831 -3.78866 0.7525675 0.5940999 0.1321905 18.54958 nan 0 0.0
0.02172289 -0.02618816 0.2132685 -5.067162 1.471044 1.860412 0.840793 19.25349 0.2576218 0 0.0
0.005939834 -0.000393429 0.1146959 -5.020183 0.4848404 0.4161606 0.3038055 18.02158 nan 0 0.0
-0.0009463023 0.02523384 1.242194 0.1735161 0.1451173 0.1260751 0.216304 16.24757 nan 0 0.0
0.0007614194 0.007537458 -0.160752 -3.635079 0.1590558 0.135588 0.2556705 16.6017 nan 0 0.0
0.02535898 -0.03719039 -5.004031 -8.438898 0.5072268 0.4297581 0.3368284 18.60097 1.623991 0 0.0
-0.006150965 -0.03479438 -2.686061 -9.136944 0.7845022 0.8102226 0.5852906 18.95248 nan 0 0.0
-0.002820643 -0.04325907 -3.910275 -0.4827849 0.8246238 0.7460282 0.3447212 19.01955 1.15521 0 0.0
-0.00626411 -0.009382778 0.5207636 -3.509591 0.668981 0.5253959 0.2619063 18.54636 1.159624 0 0.0
0.02158018 -0.04315781 3.919842 0.4828524 1.545728 1.882293 0.8159393 19.30517 1.288382 0 0.0
-0.007526454 0.03982484 -0.05068015 -3.723808 1.010549 0.9102886 0.2512619 19.83523 0.8445454 0 0.0
-0.04788621 -0.005750192 -8.256435 -5.909913 1.43965 1.834523 0.7562689 19.37644 1.536201 0 0.0
0.04726038 0.01312134 -0.2003867 -3.680906 0.1445225 0.1231912 0.3229388 16.58928 1.510735 1 0.8556126
-0.002822437 0.04060513 0.5056661 -1.354027 0.2149212 0.1895553 0.2933348 17.13828 1.304867 1 0.0
-0.03538097 0.01858199 3.002631 -6.46941 0.6001246 0.4827458 -0.2290696 18.52937 nan 0 0.0
-0.0357684 0.001961246 -4.556615 -5.780184 1.302621 1.649709 0.4649032 19.14748 1.392036 1 0.00742579
0.02505143 -0.03575792 0.5784288 -3.38591 0.6202724 0.5993891 0.553551 18.87658 1.349194 0 0.0
0.007142452 -0.01929722 -3.213944 -6.449807 0.4153009 0.344692 0.1950766 18.23625 1.266945 0 0.0
-0.01239554 0.008418073 -2.41607 -1.445254 0.4407564 0.390158 0.2238876 18.67176 1.432247 0 0.0
0.0152324 -0.006161997 -0.5150251 -3.380385 1.523957 1.745089 0.8854688 19.22806 0.7340355 0 0.0
-0.01816215 0.007990159 -0.5305939 -0.1345341 0.1861078 0.1624405 0.1444507 17.06662 1.835142 0 0.0
-0.03537542 -0.002118467 -2.496519 -5.609835 0.4570552 0.3935314 0.09913228 18.55957 0.9344978 0 0.0
-0.03991396 0.01094176 -7.763444 -5.18122 0.1033812 0.08339957 -0.08570279 15.80454 1.768865 1 0.0
0.02253558 -0.01980249 -0.4282104 -6.315703 0.5372352 0.4491498 0.2966615 18.53408 1.133505 0 0.0
0.02145374 0.03970696 -3.353896 -6.24224 0.1159392 0.1026235 0.138714 15.82553 1.790812 1 0.0
-0.006740013 -0.007881718 0.4084504 -3.509052 0.9107497 0.8118382 0.59804 18.90076 0.9559975 0 0.0
0.02452282 -0.01913527 -2.852644 -2.530024 0.7718048 0.8006543 0.6826959 18.99261 0.978651 0 0.0
0.009131659 0.01080253 -0.04620831 -3.535344 0.1185962 0.099574 0.208069 16.05788 nan 0 0.0
0.03827756 0.02493837 -0.6220432 -8.052164 0.08670048 0.07327343 0.2485438 13.75685 2.580935 1 0.0
0.03384293 -0.01833816 -3.323559 -4.341634 0.3386991 0.2886646 0.3118424 18.0064 1.329313 0 0.0
0.02299006 0.0185523 -3.020742 -5.601092 0.3946997 0.3301269 0.3817455 18.27768 1.519264 0 0.0
-0.0007780688 -0.01730766 1.971276 0.1727429 1.910938 2.551903 0.5139118 19.64039 0.4823074 0 0.0
-0.0329695 0.003234177 -0.3592302 -5.848216 0.2568581 0.2352589 0.2786356 17.48053 1.344818 1 0.0
0.02388176 -0.004475276 -0.2108274 -4.256993 0.4803527 0.4071037 0.393049 18.64322 1.362099 1 0.885056
0.01316199 0.00264064 3.049562 1.262678 0.7210856 0.6650815 0.3940313 18.77624 1.322466 0 0.0
0.03194231 -0.007767158 -3.258087 -3.308178 1.63555 1.913028 0.8731 19.13703 nan 0 0.0
-0.02400849 -0.01560659 -1.366957 -6.201951 0.5278172 0.457438 0.3430013 18.62262 1.390409 0 0.0
-0.03912286 -0.01355217 -5.45504 -5.466323 0.1549247 0.1291246 -0.009920158 16.71421 1.341965 1 0.0
-0.001394419 0.04069098 -1.722344 -4.465869 0.5275873 0.4389621 0.1399344 18.6428 1.385126 0 0.0
0.003252588 -0.002199595 -0.0937989 -3.136648 0.4069947 0.3477472 0.221634 16.65776 nan 0 0.0
0.02390941 -0.006333038 1.596247 -5.264435 0.7697704 0.7053292 0.4431542 18.81314 nan 0 0.0
-0.04231277 -0.01611091 -0.831436 -6.201825 0.4621455 0.3922959 0.04457282 18.53844 1.34705 0 0.0
0.022196 -0.04194293 -2.961954 -2.603336 1.580285 2.037126 0.6087475 19.31658 1.380684 0 0.0
-0.01502549 -0.004266069 -0.2581306 -4.120417 0.1554586 0.1296033 0.1343264 16.47666 1.541349 1 0.9803597
0.01147837 -0.04415028 1.199447 -5.647913 0.9700072 0.8096537 -0.08031658 19.03651 nan 0 0.0
5.598385e-06 0.0007778168 6.87125 -6.603623 1.199749 0.8715357 0.0350936 17.66479 nan 0 0.0
0.007840671 -0.04402412 -4.396066 -6.570762 1.156461 1.083802 0.1148157 19.01324 0.9758492 0 0.0
0.03385561 0.03111748 -4.792193 -4.92199 0.6397448 0.5496694 0.2107459 18.75812 1.535198 0 0.0
-0.03812333 0.01438315 -0.9611168 -3.975815 1.2693 1.607763 0.742886 19.21275 nan 0 0.0
0.01884377 -0.001987277 0.1533982 -1.125481 0.3208319 0.286855 0.6079701 17.60056 1.608768 0 0.0
0.03345335 -0.009447906 -1.205598 -4.448168 0.2947669 0.2620771 0.5342432 17.4411 1.388245 1 0.08838506
0.01486709 -0.01887634 -0.5018537 -5.085945 0.7950185 0.7938478 0.509885 18.79846 1.205742 0 0.0
0.004736243 0.001029502 -0.0857188 -3.848537 0.07800267 0.06453565 0.1521842 14.72594 1.566396 0 0.0
-0.0380935 0.008006891 -0.9306098 -3.637032 1.337803 1.700589 0.7540925 19.41429 1.453066 0 0.0
-0.01130633 0.03803548 -0.2347641 -5.180953 1.138255 1.773994 0.8316396 19.08891 nan 0 0.0
0.02186639 -0.004638958 -0.1150745 -2.20665 1.417603 1.329933 0.7278522 19.71984 1.193962 0 0.0
-0.007721599 0.02515923 -1.334561 -4.248962 0.1057559 0.08740558 0.02755832 15.03784 1.786207 0 0.0
0.0256731 -0.004817027 0.005705542 -3.457613 1.479817 1.726008 0.8706734 19.22905 1.056959 0 0.0
-0.02912934 -0.02028062 -1.902629 -8.877834 1.283825 1.565578 0.8389305 19.09267 1.901077 0 0.0
0.0077573 -0.03424324 -2.582856 -3.367244 0.4598484 0.3817678 0.2515571 18.50242 1.129747 1 3.755621e-06
-0.001226129 0.009728998 0.9464624 -3.07709 1.431481 1.715002 0.8703647 19.04267 nan 0 0.0
-0.003576281 -0.03926129 -0.3196891 -2.12209 0.5573059 0.4598988 0.2814509 18.75084 1.411123 0 0.0
-0.008809602 -0.0329711 -0.7268769 -13.98991 1.430134 1.745022 0.8369542 19.25514 1.350065 0 0.0
