data/gcs/NGC_6341_M_92.ecsv
# %ECSV 0.9
# ---
# datatype:
# - {name: x, unit: deg, datatype: float64}
# - {name: y, unit: deg, datatype: float64}
# - {name: pmx, unit: mas / yr, datatype: float64}
# - {name: pmy, unit: mas / yr, datatype: float64}
# - {name: pmx_e, unit: mas / yr, datatype: float64}
# - {name: pmy_e, unit: mas / yr, datatype: float64}
# - {name: pm_corr, datatype: float64}
# - {name: g_mag, unit: mag, datatype: float64}
# - {name: bp_rp, unit: mag, datatype: float64}
# - {name: filter, datatype: int64}
# - {name: memberprob, datatype: float64}
# meta: !!omap
# - comments: [deg deg mas/yr mas/yr mas/yr mas/yr dimless mag   mag   zeroone float]
# - __serialized_columns__:
#     bp_rp:
#       __class__: astropy.units.quantity.Quantity
#       unit: &id001 !astropy.units.Unit {unit: mag}
#       value: !astropy.table.SerializedColumn {name: bp_rp}
#     g_mag:
#       __class__: astropy.units.quantity.Quantity
#       unit: *id001
#       value: !astropy.table.SerializedColumn {name: g_mag}
#     pmx:
#       __class__: astropy.units.quantity.Quantity
#       unit: !astropy.units.Unit {unit: mas / yr}
#       value: !astropy.table.SerializedColumn {name: pmx}
#     pmx_e:
#       __class__: astropy.units.quantity.Quantity
#       unit: !astropy.units.Unit {unit: mas / yr}
#       value: !astropy.table.SerializedColumn {name: pmx_e}
#     pmy:
#       __class__: astropy.units.quantity.Quantity
#       unit: !astropy.units.Unit {unit: mas / yr}
#       value: !astropy.table.SerializedColumn {name: pmy}
#     pmy_e:
#       __class__: astropy.units.quantity.Quantity
#       unit: !astropy.units.Unit {unit: mas / yr}
#       value: !astropy.table.SerializedColumn {name: pmy_e}
#     x:
#       __class__: astropy.units.quantity.Quantity
#       unit: &id002 !astropy.units.Unit {unit: deg}
#       value: !astropy.table.SerializedColumn {name: x}
#     y:
#       __class__: astropy.units.quantity.Quantity
#       unit: *id002
#       value: !astropy.table.SerializedColumn {name: y}
# schema: astropy-2.0
x y pmx pmy pmx_e pmy_e pm_corr g_mag bp_rp filter memberprob
[from data line 11791]
-0.08430265 0.008273566 -4.85645 -1.410153 0.7741572 0.8797115 0.2171838 19.95174 0.4731216 0 0.0
0.02181124 -0.02828732 -4.725768 -0.684402 0.07251343 0.06468965 0.2085511 16.00976 0.919054 0 0.0
-0.1387976 -0.03461876 -4.024651 0.8535223 1.124683 1.099761 0.2317733 20.22667 0.8898449 1 0.9715739
0.06797968 -0.01205241 -3.13957 -0.4251283 0.5730709 0.6455299 0.1364422 19.44705 0.6495514 0 0.0
0.02703302 -0.0469925 -0.5098637 8.085476 2.272552 2.823145 0.4761025 20.57789 nan 0 0.0
-0.03322073 0.01210784 -5.419365 -2.946561 0.5435858 0.7529315 0.383448 19.18846 0.6712513 0 0.0
0.0139819 0.01133365 -5.154407 1.693331 0.5615005 0.6623218 -0.01447577 18.29425 nan 0 0.0
0.02582716 0.01141762 -4.814827 5.761068 0.444797 0.4686812 0.07901842 18.25742 nan 0 0.0
-0.03369479 0.08099388 -5.647689 -0.5856973 1.423459 1.365259 0.1794527 20.43576 0.3336811 0 0.0
-0.01204092 -0.07315847 -4.730198 -0.8895957 0.1970832 0.2057312 0.1765834 17.86601 0.6525497 1 0.9991132
-0.002182252 0.02998978 -9.437984 -0.9959915 1.061707 0.8175939 0.3277877 18.34104 0.6045132 0 0.0
-0.02383639 -0.01771985 -1.392994 -2.175685 2.632466 1.791162 0.1015871 19.79984 nan 0 0.0
-0.01300564 0.2118373 -0.5602197 -3.964531 1.250767 1.132982 0.321806 20.19273 1.655849 1 5.512334e-05
0.04659934 -0.01573454 -5.109293 -0.7515276 1.210925 1.327072 -0.5282533 19.5083 nan 0 0.0
0.01032618 0.03593772 3.4702 2.191775 1.676163 2.622376 0.6040905 19.91864 0.7847061 0 0.0
-0.02377605 0.02287995 -4.925388 -2.952565 1.276 1.650051 0.5409917 19.83357 nan 0 0.0
0.07412186 -0.007528667 -5.243233 -0.7653307 0.7740135 0.8588692 0.09753941 19.80998 0.5350647 0 0.0
0.04913628 0.04272388 -1.430693 14.94828 1.41697 1.487296 0.04201336 20.03443 0.6448574 0 0.0
0.06500613 -0.001607178 -4.205187 -3.461885 1.408999 1.934915 0.2793052 20.54614 0.2188301 0 0.0
0.0445555 0.03781848 -4.945872 -0.2015695 0.448057 0.4681535 0.03953873 19.10326 0.5510101 0 0.0
-0.02805236 0.01823546 -4.631254 -2.202551 0.3768699 0.4902744 0.3376139 18.40932 0.605587 0 0.0
0.06145452 0.03110019 -3.643391 -2.321964 0.7041216 0.7444244 0.1350379 19.3669 0.5956936 0 0.0
0.005298883 0.004828226 -4.797353 0.08942038 0.445739 0.3340339 0.1392338 15.72852 nan 0 0.0
-0.02286362 -0.03748798 -4.610732 -0.4501569 1.551263 2.051907 -0.006451773 19.92808 0.6626148 0 0.0
0.02662836 0.01222286 -5.483943 -2.131647 0.6567714 1.512394 0.6963183 18.83136 nan 0 0.0
0.0004892351 -0.02403019 -4.272627 2.383367 0.2364267 0.2376125 0.2754391 16.39918 0.828558 0 0.0
-0.1637578 -0.1028823 -6.922767 0.318297 1.546724 1.916951 0.2661416 20.60556 0.4861126 1 0.8972579
0.07568831 0.004501001 -4.179452 -1.162372 0.7144444 0.7869313 0.162289 19.68792 0.5123024 0 0.0
-0.03530682 0.1391879 -1.814479 0.4078446 1.032688 1.116197 0.2302421 20.20996 1.760271 1 0.6461726
0.05826485 0.03814282 -9.152577 -1.681257 2.547209 3.340816 0.080736 20.82294 0.4349632 0 0.0
-0.003498637 -0.02450311 -8.395676 0.8781259 0.4355447 0.4224988 0.2537854 17.94071 0.6025066 0 0.0
0.02149917 -0.02784874 -5.499384 -0.7328393 0.5680128 0.5163534 0.3219695 18.93425 nan 0 0.0
0.01946833 -0.01725982 -3.679703 1.60019 0.2559066 0.296958 0.2978371 17.58279 nan 0 0.0
0.02912368 -0.0379469 -5.7654 1.21695 1.561115 2.239378 0.6216673 20.3059 nan 0 0.0
-0.03194273 -0.05624078 -6.92034 8.000336 1.145239 1.290919 0.1094697 19.90376 0.6128197 0 0.0
0.04405842 0.07894436 -4.998199 -0.4994122 0.03855261 0.04004794 0.2646383 11.60891 1.594287 1 0.9998995
-0.05571603 0.004056109 -11.57101 -0.8111862 1.667855 1.881641 0.1486977 20.00092 0.5764732 0 0.0
-0.01718139 -0.03759284 -4.397855 0.2048634 0.5282871 0.4958371 -0.2166156 18.9443 0.6389294 0 0.0
0.03950397 -0.03199397 -4.370431 -3.403236 3.102092 2.767972 0.7313405 20.48729 nan 0 0.0
0.001912155 0.06863264 -4.233181 1.494583 0.5815351 0.6779559 0.4324091 19.17189 nan 0 0.0
-0.02877044 0.1006103 -4.858794 -0.7157335 0.0228992 0.0264271 0.2440558 13.12001 1.240974 0 0.0
0.009527764 0.01785212 -7.101604 0.8675732 0.3326242 0.326652 0.01429119 17.82912 0.6918392 0 0.0
-0.04573476 0.01086851 -3.602694 0.3886 0.7589484 1.049054 0.4114355 19.76196 0.8003387 0 0.0
-0.08844617 0.1296974 4.197724 -10.00516 1.980005 1.960324 -0.03713548 20.77257 1.858608 0 0.0
-0.02781984 -0.008948177 -5.929183 0.1369018 0.6064918 0.9045871 0.2979368 18.88669 0.6401711 0 0.0
-0.05584605 -0.01640963 -3.294554 1.086947 1.735448 2.049179 0.05668614 20.59161 -0.4597988 0 0.0
0.04817826 0.01587527 -4.509494 -0.3316116 0.5861775 0.7122064 0.2300725 19.46075 1.125731 0 0.0
0.00333797 0.02921926 -5.16415 -2.772525 1.208976 0.8528732 0.002698759 19.52657 nan 0 0.0
0.0558149 0.04012036 -4.701147 -1.104689 1.354918 1.579459 0.1182036 19.86243 0.7291279 0 0.0
0.07089423 0.02924503 -5.388341 1.688221 0.9079759 1.069126 0.1235008 20.17932 0.5190163 0 0.0
0.09797741 0.01918492 -4.739566 -0.5810788 0.3493004 0.3552035 0.2216645 18.84628 0.5902252 1 0.9990218
-0.06145194 -0.0532428 -3.317041 -2.268506 1.059247 1.343318 0.3248892 20.13437 0.2572365 0 0.0
0.02969153 0.03164871 -5.61952 3.239861 2.63042 3.190179 -0.04092496 20.62963 nan 0 0.0
-0.02989302 -0.01263601 -4.766439 -0.6623121 0.03625949 0.03956522 0.1989307 12.07068 1.444266 1 0.999873
0.03952655 -0.03246316 -5.22996 -0.7418694 0.5019452 0.5534942 0.2229358 19.15754 0.5893135 0 0.0
-0.04883959 -0.1133814 -10.79029 2.201552 3.947431 3.495759 -0.1988501 20.92569 0.3631878 0 0.0
0.02398783 0.04590173 -5.27095 -1.034549 0.7495192 0.6893838 0.03794422 19.49707 0.5741043 0 0.0
-0.02120987 0.04048002 -5.75024 -0.5739882 0.3426032 0.3524636 0.2173676 18.65146 0.5864563 0 0.0
0.05614577 -0.005117849 -3.860783 -0.4922488 0.5440954 0.6581035 0.2326063 19.2987 0.5114937 0 0.0
-0.03409298 -0.0348735 -4.780019 -0.7770607 0.2205315 0.2152375 0.08641377 17.91926 0.6680031 0 0.0
-0.03848041 0.07469102 -5.009496 -1.273664 0.5877016 0.6079738 0.1680926 19.41982 0.4931183 0 0.0
-0.005990559 0.009035901 -6.66658 -3.0404 0.3383343 0.2933235 0.2084355 15.12669 0.8846779 0 0.0
-0.1535955 0.04416745 -4.124768 0.4893633 0.8913426 1.032771 0.2849544 20.05534 1.008123 1 0.976023
-0.05210302 -0.1204816 -4.012741 -0.1401414 0.7466119 0.7508476 0.2275976 19.70999 0.6481285 0 0.0
0.1557043 0.1759974 0.7939791 -1.064662 1.109506 1.161093 0.2197037 20.43411 2.066652 0 0.0
-0.05192001 -0.009905214 -5.224479 -0.04054413 1.08117 1.266879 0.2093947 20.21115 0.4020042 0 0.0
-0.05327938 0.1167401 -7.648072 -11.48376 0.5809876 0.6676372 0.1833613 19.43486 0.8140182 1 0.0
0.05686189 0.03904558 -5.2316 -0.6418904 0.3802154 0.4100901 0.1045592 18.96671 0.5379486 0 0.0
-0.01060843 -0.04126025 -8.704744 9.66202 1.282205 1.289332 -0.1447303 19.49578 nan 0 0.0
0.04851409 -0.01455431 -3.38177 -2.804486 1.682889 2.350411 0.3608348 20.63942 0.4695969 0 0.0
-0.03924368 -0.1099474 -5.008571 -0.5126985 0.1212975 0.1268341 0.216946 17.06063 0.9000893 1 0.999755
0.05608584 -0.01263668 -5.117738 0.9847881 0.7339597 0.9457475 0.1296258 19.76553 0.3719254 0 0.0
-0.03447167 -0.03468255 -6.205645 3.191512 1.49613 2.129302 0.09743053 20.36874 nan 0 0.0
-0.02225288 -0.01248668 -7.329626 1.25122 0.3987709 0.3963613 0.03770336 17.87297 nan 0 0.0
0.004785354 0.02226898 -8.899384 0.6306272 0.9789077 0.7114876 -0.03689572 18.74987 nan 0 0.0
-0.04610178 -0.03297736 -1.57813 -2.96168 0.336586 0.353963 0.1442839 18.23604 0.5493908 0 0.0
-0.02451106 -0.03367646 -5.98115 7.437046 0.9079383 1.046137 -0.3452226 19.56394 0.7022095 0 0.0
0.01092246 -0.06274838 -2.163918 3.473038 1.087455 0.96022 0.09328918 20.14917 0.4791546 0 0.0
0.147312 0.1754158 0.3072075 -0.9094396 0.2016002 0.2095608 0.1595364 17.7105 1.157263 1 0.0
-0.03280883 0.03280998 -2.457093 1.046431 2.044579 2.510355 0.4770126 20.25367 nan 0 0.0
0.05639829 0.01085071 -4.047352 -0.2874145 1.244552 1.69506 0.2353222 20.37546 0.1058369 0 0.0
0.03140801 -0.01675513 -5.23881 -0.5463694 0.6218044 0.8913473 0.4813003 18.7822 nan 0 0.0
0.05496016 0.02544444 -4.70746 -0.4676684 1.130695 1.50973 0.0853984 20.36675 0.6931305 0 0.0
-0.06320602 0.1038978 -4.766787 -0.5739246 0.08963729 0.09614135 0.1514301 16.44053 0.9128742 1 0.9996691
-0.03629079 -0.02112407 -5.891723 2.05283 0.6330062 0.6875121 -0.1814376 19.22865 0.5457821 0 0.0
-0.035402 -0.02511476 -5.144873 0.1039303 1.860329 1.941479 -0.06108991 20.2682 0.5335407 0 0.0
-0.007513842 -0.06568621 -5.243447 -0.6882098 0.6102138 0.6023632 0.1467322 19.5177 0.5975018 0 0.0
0.05708704 -0.01141123 -7.165216 -3.298092 1.09812 1.442946 0.2979597 20.21133 0.5125999 0 0.0
0.06237478 -0.02006543 -5.155364 0.1326646 0.4401032 0.5006968 0.3011218 19.0833 0.5590515 0 0.0
0.02785428 -0.03960688 -3.536009 -2.705703 1.034067 1.184964 0.08945982 19.16824 0.5907974 0 0.0
-0.02670992 0.0334555 -1.755619 1.476807 2.714203 3.620133 0.7464087 20.39806 nan 0 0.0
-0.0202803 -0.04215045 -4.524954 -0.3743846 0.9380528 0.7582994 -0.1668853 19.64297 0.6444874 0 0.0
-0.01352061 -0.009052192 -21.97945 1.419166 0.9757976 0.4883009 -0.03278713 17.65212 nan 0 0.0
0.1659119 0.07253531 -3.071261 0.7953726 1.176571 1.341686 0.134822 20.47989 0.7254906 0 0.0
-0.05443682 -0.1101914 -5.251266 0.257968 0.3501177 0.3709819 0.1554379 18.78327 0.570116 0 0.0
0.08014951 -0.001280215 -7.507535 -8.111714 2.664171 2.403728 -0.1045883 20.6572 1.103712 0 0.0
-0.03212934 -0.02955688 -4.653673 -1.518621 1.369314 1.532109 -0.3395956 20.14517 nan 0 0.0
-0.1787003 0.0432744 -1.865731 -2.31574 0.3118364 0.3588403 0.2617915 18.60808 0.8698463 1 0.0
-0.03229648 0.03361842 -5.428917 0.1792677 1.451259 1.855317 0.3585401 20.19381 0.3008308 0 0.0
-0.02141532 0.08920138 -5.261733 -5.816896 1.115432 1.084225 0.1362634 20.15268 0.6706638 0 0.0
-0.01034336 -0.05518775 -3.649883 0.001070724 0.8971492 0.8592284 0.1066549 19.94344 0.3260174 0 0.0
0.07143054 -0.01065229 -4.771567 -1.404887 0.5376448 0.606171 0.08097704 19.25359 0.5945053 0 0.0
0.05295961 0.0477701 -5.983512 1.85389 1.713105 2.139328 -0.001318716 20.66847 nan 0 0.0
-0.1245929 -0.04028365 -40.82655 -51.7846 0.758412 0.885216 0.2482687 19.80584 1.812449 0 0.0
0.0009786641 0.01952222 -3.564666 -0.3841211 0.206732 0.1924664 0.1323498 16.90897 0.7330227 0 0.0
-0.07863789 -0.03670167 -4.430469 -1.186036 2.583441 2.72133 0.1375285 20.94482 0.6952057 0 0.0
0.04438533 -0.003681744 -4.335007 2.468998 1.054206 1.86357 0.4300617 20.0492 0.6145973 0 0.0
-0.01039734 0.02062554 -10.39558 -1.097966 1.120461 0.6864052 0.3287238 19.08233 nan 0 0.0
-0.03348397 0.05989087 -5.02601 1.676843 0.7262209 0.7803433 0.2058985 19.63805 0.5810032 0 0.0
0.02919395 -0.04511468 -5.988605 -1.678388 0.8306036 0.9593391 0.3975593 19.89517 0.5821972 0 0.0
-0.01207273 -0.008354405 -5.142703 -1.700535 0.1677577 0.1759922 0.1258436 17.28543 0.7062359 0 0.0
-0.02466683 0.02207159 -6.1237 -6.818476 0.7202662 1.270147 0.7756584 18.33861 nan 0 0.0
0.01991879 -0.03244598 -1.854095 -0.6044951 0.48623 0.4759457 0.3218123 18.95619 0.4857502 0 0.0
-0.02757513 -0.00961586 -4.592612 -0.6107738 0.1119377 0.1191926 0.1245462 16.21823 0.8976097 0 0.0
0.008680543 0.02643124 -7.509123 0.3870807 0.8355241 0.5286547 -0.1844091 19.01678 0.6615047 0 0.0
-0.01395243 0.05066317 -4.295693 -0.4136758 0.5308313 0.5535771 0.251816 18.87994 0.5058365 0 0.0
-0.03709869 -0.03087776 -6.606389 0.8480764 1.373273 0.8286307 -0.0710293 19.71898 nan 0 0.0
0.0612412 -0.0003674727 -6.239657 -0.1881858 1.384456 1.630717 0.1776588 20.3976 0.4163494 0 0.0
-0.009885233 0.02109085 -4.610922 -0.05915299 0.1799892 0.1855638 0.2714917 16.23869 0.8407755 0 0.0
0.0101808 -0.02661952 -1.18114 -2.02306 1.466614 1.384517 0.6373397 19.3025 nan 0 0.0
0.02688312 -0.01015023 -6.151711 0.1842288 0.6595658 0.8962677 0.4819165 18.29404 0.5264664 0 0.0
-0.05959189 -0.02002243 -4.458356 0.04462632 0.4625147 0.5272696 0.4154358 19.08034 0.4298458 0 0.0
-0.0489391 0.04106433 -6.046106 0.9320994 1.939163 3.269189 0.1612888 20.89147 0.35569 0 0.0
-0.02446616 0.02284589 -6.083467 -2.05298 0.8824322 1.119144 0.5050241 19.5209 0.5937023 0 0.0
-0.08616098 0.001035854 -6.794417 -2.265175 0.7008555 0.6842154 0.1254151 18.349 0.5763016 0 0.0
0.07572767 -0.009296721 -4.417037 -0.7881662 0.4434219 0.4945476 0.1554688 19.15091 0.5541325 0 0.0
0.0108309 -0.04922911 -5.915382 -0.5481345 0.7136106 0.5993939 0.2974539 19.3801 0.4844437 0 0.0
-0.1001404 -0.009067071 -4.920669 -0.6410405 0.02371351 0.02559934 0.1834434 13.40993 1.139963 1 0.9998905
-0.08124938 -0.006432424 -5.247338 -1.175929 0.2917358 0.3231537 0.2119481 18.56997 0.6253853 1 0.9975975
0.04474092 -0.002662961 -5.581951 -2.201983 1.053793 2.231905 -0.03649023 19.8871 nan 0 0.0
-0.03382785 0.08167679 -2.750201 0.7565561 1.638038 1.516946 0.1089324 20.57144 0.874548 0 0.0
-0.03571599 -0.02869658 -2.775318 -1.114517 1.474491 1.519879 -0.268547 20.14184 nan 0 0.0
-0.05895206 0.04280885 -5.209232 -0.986641 0.2644554 0.285997 0.1893174 18.01743 0.6988277 0 0.0
0.02149446 0.04885338 -5.078574 -0.6644362 0.07869819 0.07725858 0.253864 15.7686 -0.09009266 1 0.9998682
-0.01869647 -0.03694771 -4.603195 -1.890954 1.845779 1.570058 -0.3305807 20.35825 nan 0 0.0
-0.02864535 -0.01197285 -4.71886 0.1893369 0.365327 0.3979681 0.2011462 17.8215 0.775013 0 0.0
-0.09960165 -0.006485397 -4.715696 2.396012 0.9417943 1.143341 0.240628 20.17543 0.8194332 0 0.0
0.07537258 -0.01034239 -5.17255 -0.3418475 0.7795437 0.8906955 0.2158287 19.98518 0.5137253 0 0.0
0.06787526 0.001756689 -4.9925 -6.613929 1.121416 1.260717 0.18203 20.09096 0.3774471 0 0.0
-0.01494596 -0.008567394 -4.545335 -0.8497468 0.2190636 0.2367627 0.1355474 16.15593 0.1688185 0 0.0
0.02998848 0.01616882 -8.491184 -7.817743 2.299819 2.887999 0.2696632 20.31141 nan 0 0.0
-0.02066055 -0.04631216 -7.035113 -1.97036 1.016668 0.88371 0.01391562 19.08232 0.6282673 0 0.0
-0.04744985 0.01005729 -4.816711 -0.6509852 0.2147134 0.2564339 0.2982213 18.01365 0.6042976 0 0.0
-0.03089338 -0.09710432 -5.227589 -0.4960724 0.337093 0.3803205 -0.004344767 18.54492 0.5455837 0 0.0
-0.02784686 -0.01938518 -4.515064 -1.081991 0.3527254 0.3302891 -0.07020998 18.3255 0.5657806 0 0.0
-0.03676109 -0.0623721 -3.920075 -0.8583861 1.368045 1.497776 -0.02152971 20.4416 0.7150059 0 0.0
0.07505132 0.03361019 -8.129375 0.4260477 1.764911 1.826152 0.07770258 20.77494 0.4490356 0 0.0
-0.06810487 0.05705101 -4.12385 0.4720989 0.4009598 0.4097652 0.1374523 18.88993 0.6769905 1 0.9704524
0.03172604 0.01428142 -3.631525 -1.22354 0.6655629 0.7515028 0.1350246 18.96054 0.5646973 0 0.0
-0.217516 -0.1148305 -4.656835 -0.5631337 0.6803084 0.8138735 0.2458345 19.71916 0.564621 0 0.0
0.05150213 -0.01833987 -5.711082 -0.1374708 0.4476888 0.5673942 0.2175643 19.11778 0.5216713 0 0.0
0.03631721 0.04385169 -3.601196 -2.438832 1.399927 1.302268 -0.008739406 20.40114 0.06298447 0 0.0
-0.02632788 0.1449092 -0.8877594 -4.319947 0.1527566 0.1558339 0.1389309 17.22455 1.03681 1 0.0
0.1399471 0.0658022 -2.562509 -3.851686 0.5117446 0.5573622 0.1326204 19.25959 1.149994 0 0.0
0.01902733 -0.03179395 -5.156839 -0.6343163 0.7493534 0.5947646 0.2284233 19.39583 nan 0 0.0
0.002291904 0.02628571 9.927372 -5.993789 1.917771 1.030445 0.2640122 18.84893 nan 0 0.0
-0.02341961 0.02353213 -6.145248 -2.671694 0.4456727 0.4763252 0.2276805 18.66179 0.6980476 0 0.0
0.1052904 0.1417176 1.722495 -6.553906 0.715912 0.7508814 0.1841408 19.85337 1.50289 0 0.0
0.06904281 0.03271428 0.2357169 3.441679 0.9499473 1.079175 0.163397 19.44059 0.6120682 0 0.0
-0.02129845 0.04175797 -2.615286 -0.5909439 1.101 0.8553097 0.230323 19.85929 0.5306702 0 0.0
0.08263005 0.02533825 -5.63385 3.229535 0.7079829 0.7570219 0.2089552 19.71756 1.400875 0 0.0
-0.02732635 -0.05107028 -5.423468 -1.522139 1.635323 1.684093 0.01626606 20.42074 0.5390377 0 0.0
-0.0270626 -0.009062958 3.597103 -24.85383 2.153846 2.51202 0.001895446 19.75364 nan 0 0.0
-0.03036967 -0.03054578 -4.076968 -0.3595493 1.01784 0.8758925 -0.3032309 19.73086 0.7164078 0 0.0
0.04545344 -0.0024717 -7.73975 2.037538 1.789383 2.980373 0.5652747 20.59861 nan 0 0.0
-0.03836862 0.07560266 -4.080562 -0.3692888 0.4062043 0.3791042 0.2584475 18.8239 0.588335 1 0.9953439
