data/gcs/NGC_6638.ecsv
# %ECSV 0.9
# ---
# datatype:
# - {name: x, unit: deg, datatype: float64}
# - {name: y, unit: deg, datatype: float64}
# - {name: pmx, unit: mas / yr, datatype: float64}
# - {name: pmy, unit: mas / yr, datatype: float64}
# - {name: pmx_e, unit: mas / yr, datatype: float64}
# - {name: pmy_e, unit: mas / yr, datatype: float64}
# - {name: pm_corr, datatype: float64}
# - {name: g_mag, unit: mag, datatype: float64}
# - {name: bp_rp, unit: mag, datatype: float64}
# - {name: filter, datatype: int64}
# - {name: memberprob, datatype: float64}
# meta: !!omap
# - comments: [deg deg mas/yr mas/yr mas/yr mas/yr dimless mag   mag   zeroone float]
# - __serialized_columns__:
#     bp_rp:
#       __class__: astropy.units.quantity.Quantity
#       unit: &id001 !astropy.units.Unit {unit: mag}
#       value: !astropy.table.SerializedColumn {name: bp_rp}
#     g_mag:
#       __class__: astropy.units.quantity.Quantity
#       unit: *id001
#       value: !astropy.table.SerializedColumn {name: g_mag}
#     pmx:
#       __class__: astropy.units.quantity.Quantity
#       unit: !astropy.units.Unit {unit: mas / yr}
#       value: !astropy.table.SerializedColumn {name: pmx}
#     pmx_e:
#       __class__: astropy.units.quantity.Quantity
#       unit: !astropy.units.Unit {unit: mas / yr}
#       value: !astropy.table.SerializedColumn {name: pmx_e}
#     pmy:
#       __class__: astropy.units.quantity.Quantity
#       unit: !astropy.units.Unit {unit: mas / yr}
#       value: !astropy.table.SerializedColumn {name: pmy}
#     pmy_e:
#       __class__: astropy.units.quantity.Quantity
#       unit: !astropy.units.Unit {unit: mas / yr}
#       value: !astropy.table.SerializedColumn {name: pmy_e}
#     x:
#       __class__: astropy.units.quantity.Quantity
#       unit: &id002 !astropy.units.Unit {unit: deg}
#       value: !astropy.table.SerializedColumn {name: x}
#     y:
#       __class__: astropy.units.quantity.Quantity
#       unit: *id002
#       value: !astropy.table.SerializedColumn {name: y}
# schema: astropy-2.0
x y pmx pmy pmx_e pmy_e pm_corr g_mag bp_rp filter memberprob
-0.03250842 0.02360312 -6.19642 -11.81998 1.351874 1.282502 0.8878862 18.99618 nan 0 0.0
-0.03473657 0.01160336 -1.795851 -1.559058 0.4554223 0.4122104 0.3968964 18.55972 1.358562 0 0.0
-0.016245 -0.03878296 -4.204016 -6.960033 2.051877 2.159415 0.9111742 19.53357 nan 0 0.0
-0.01193009 0.04508938 -0.03137515 -2.567733 0.7780326 0.7074155 0.5491156 18.77576 1.09218 0 0.0
0.001433568 -0.02806638 -0.1587301 -7.883698 1.576768 1.703389 0.8833001 19.38272 1.209894 0 0.0
0.02378135 0.04110317 -1.950013 -5.925608 0.4999302 0.4389757 0.2839078 18.71004 1.241098 0 0.0
-0.03079823 0.01565374 -4.395125 -7.631071 0.3670825 0.3258605 0.3766105 18.26082 1.253056 0 0.0
0.02695005 0.04062376 -0.7508321 -5.086183 2.040351 1.789593 0.4333175 20.18097 0.9216099 0 0.0
-0.003881519 -0.02599315 3.847853 -5.370768 2.148221 2.050563 0.5207872 19.88597 nan 0 0.0
-0.01545471 0.02551577 -1.899787 -3.327401 1.92316 2.006181 0.917571 19.61417 nan 0 0.0
-0.008151058 -0.01237108 -2.507797 -5.189154 1.38372 0.9688849 -0.6297748 18.65969 nan 0 0.0
-0.04128324 -0.01680485 -1.652009 -4.469456 0.3041092 0.2869866 0.655648 17.55286 1.021894 0 0.0
0.03805008 0.02631946 -4.478554 -0.8277022 0.6308509 0.5491976 0.2609905 18.69141 1.296646 0 0.0
0.003142736 0.03891585 -0.4384853 -2.872679 1.34428 1.240453 0.6119287 19.80199 nan 0 0.0
0.003224399 0.001629092 4.635654 -8.93825 1.09416 0.8939042 -0.07151199 16.15626 nan 0 0.0
0.01032858 -0.02890414 0.9600227 -2.774042 2.217233 2.147692 0.8649789 19.79982 0.4532299 0 0.0
-0.02523137 0.006295675 -6.26616 -9.627255 1.358185 1.201051 0.3669739 18.88382 1.189657 0 0.0
-0.01211586 -0.0255264 -1.694179 -5.6373 0.5797494 0.5313454 0.6600236 18.66121 1.37499 1 7.168908e-05
-0.0103557 0.001991085 -6.188102 -4.052015 0.5229404 0.4685037 0.5772493 18.36304 nan 0 0.0
0.003169314 0.001886585 -2.840758 -4.511141 0.3423342 0.3074493 0.4182587 16.01473 1.333423 0 0.0
-0.02277643 -0.01097678 -1.110727 -5.230005 0.8104027 0.7608169 0.6688652 19.08821 1.337036 0 0.0
-0.02682845 0.003455287 -3.701879 -3.782472 0.4425424 0.401969 0.4194073 18.46171 1.375309 0 0.0
0.007359163 0.04899028 0.40866 -2.297785 0.2382897 0.2210125 0.570582 17.17533 1.303394 1 0.0
0.03184042 -0.01360526 1.593775 -9.104024 0.337809 0.3171469 0.5142058 18.22325 1.563351 0 0.0
0.00308788 0.04878638 -2.578441 -1.76976 0.2579303 0.2421543 0.6046525 17.49999 1.564325 1 0.0
0.03838087 0.02686486 -2.321424 -2.992257 2.19351 2.226888 0.777195 19.71196 nan 0 0.0
0.03197432 -0.02791041 -2.891215 -4.690957 0.3366846 0.2993365 0.341095 17.89901 1.228731 1 0.5075732
0.02170305 -0.02362421 -1.742873 -3.735051 1.5128 1.576238 0.9116197 19.29766 nan 0 0.0
0.007796537 -0.005468362 -2.694093 -4.490455 0.2939053 0.2908462 0.8130511 16.49585 nan 0 0.0
-0.03517137 -0.008757712 -2.471144 -4.257797 0.1415903 0.1261126 0.4142417 16.42818 1.428152 1 0.932823
-0.01696097 -0.03860186 5.923974 3.058993 1.830642 1.946614 0.8846417 19.64117 nan 0 0.0
0.01193121 0.02528539 -3.356044 -1.794032 0.6776688 0.6459241 0.6468035 19.10441 1.401716 0 0.0
0.03603345 0.008398634 -2.967929 -5.025725 0.09629135 0.0931556 0.5536276 15.30291 1.460374 1 0.0
-0.0005491499 -0.0471246 -4.6461 -6.169112 1.900403 2.086821 0.8854208 19.70435 0.8041172 0 0.0
0.02366433 0.00653632 0.530749 1.298598 2.000093 2.155731 0.8597764 19.76107 nan 0 0.0
0.04213965 -0.01811741 1.091154 -2.064696 0.5420448 0.4960214 0.3830599 18.79773 1.385481 0 0.0
-0.01641716 0.0120078 -0.9436547 -2.20069 0.7437372 0.7251719 0.8886477 17.8657 1.369886 0 0.0
-0.03476101 0.0008707036 -0.4892693 -7.156092 1.366328 1.468983 0.9006836 19.1257 1.183189 0 0.0
-0.01242228 0.008147811 -6.27123 -7.868063 0.5647101 0.5562525 0.7691421 18.42095 1.283464 0 0.0
-0.002449008 -0.04853797 -2.567973 -6.190274 0.1282395 0.1155865 0.3186058 16.28839 1.704602 1 0.0
-0.01313903 0.01290466 -2.561338 -4.239516 0.139366 0.123062 0.2537695 16.40561 1.559172 1 0.9841655
0.005758576 0.0009251855 -6.567908 -9.570765 0.653199 0.6235629 0.8878322 16.72361 nan 0 0.0
-0.03616085 -0.01567596 -4.198084 -5.673962 1.371838 1.458153 0.8936835 19.11567 1.18955 0 0.0
-0.02707769 0.009335587 -0.01641889 -1.674977 0.5643378 0.4944953 0.1514972 18.52832 1.344856 0 0.0
-0.002367582 0.01116395 -3.455454 -4.782392 0.6373728 0.5936998 0.5546058 18.85347 nan 0 0.0
0.01691411 -0.002190568 -1.67115 -5.100173 0.5324889 0.4921641 0.5069417 18.76129 1.47517 0 0.0
-0.001899268 0.01122118 -5.191152 -3.420826 1.337936 1.243331 0.4923933 19.08643 1.422058 0 0.0
0.04707761 0.002493477 -0.4128498 -1.170035 0.3505032 0.324489 0.4253703 18.1446 1.165575 0 0.0
-0.03752026 0.01589024 -4.005104 -8.126411 0.6308483 0.5886392 0.5092409 18.83823 nan 0 0.0
0.03470786 -0.003088937 1.059818 -0.2585001 0.6599996 0.6144027 0.5571528 18.90414 1.310911 0 0.0
-0.04404138 -0.005947297 -3.688734 -9.176792 0.3624559 0.3376018 0.3927618 18.35158 1.136829 0 0.0
0.0001117482 0.02590777 0.1560746 -5.120569 0.7228967 0.6871326 0.6235836 19.05326 1.309576 0 0.0
-0.02491902 -0.03867954 -1.621937 -6.524723 1.490277 1.607221 0.9045993 19.17694 1.442781 0 0.0
0.02529609 0.03741215 -4.278916 -7.004825 2.173466 1.989585 0.7837976 19.66697 1.202171 1 0.1179929
-0.0003014835 0.01059367 -0.01863233 -5.666278 0.8921998 0.6022844 -0.9544599 16.52517 nan 0 0.0
-0.006387083 -0.03585425 -3.470943 -5.875132 1.541236 1.665644 0.8848995 19.41173 1.039268 0 0.0
0.02225968 0.007812605 -1.342175 -5.817367 0.7423315 0.7015769 0.6922913 19.01624 1.336712 0 0.0
-0.04035099 -0.004418215 -0.4697219 -5.732192 1.383454 1.486762 0.9024922 19.11739 1.159777 0 0.0
0.03313534 -0.01202824 0.6367481 -2.277805 1.248888 1.305446 0.8656827 19.225 1.237907 0 0.0
-0.01639047 0.01827726 -0.7878753 -5.562839 0.5664766 0.4898405 0.1719977 18.70732 nan 0 0.0
-0.000356538 -0.003267029 -1.988493 -4.358284 0.2901071 0.25697 0.4443534 12.97637 2.355679 0 0.0
-0.0238229 -0.01173802 -3.025263 0.6581854 0.6643669 0.5814364 0.2342338 18.6856 1.281395 0 0.0
0.0009654103 -0.02753232 -3.505088 -5.059019 0.6772979 0.631732 0.5144975 18.43631 1.52313 0 0.0
0.01677734 0.004632038 0.3702699 -1.962322 1.385632 1.349508 0.8199377 19.0518 nan 0 0.0
0.01465428 -0.01162783 -2.660106 -3.995263 0.4058157 0.3573091 0.3196998 18.25127 nan 0 0.0
-0.02271656 -0.03623197 5.200065 1.808666 1.861749 2.008959 0.9073237 19.49973 1.346687 0 0.0
-0.000962513 -0.004195911 -0.3317251 -5.27719 0.4408779 0.3982713 0.4773308 16.84912 nan 0 0.0
0.01413564 0.02809086 -0.557519 -4.407559 1.502041 1.560632 0.8931224 19.39129 1.170399 1 0.01598509
-0.02302722 0.0042152 -0.02024189 -7.44657 0.7316893 0.7082744 0.756198 18.75638 nan 0 0.0
0.01325044 -0.004036421 1.662755 -2.321306 0.5393807 0.4963393 0.6058525 18.6684 1.422239 0 0.0
0.02027394 -0.006017229 -2.8717 -4.870234 0.476967 0.4465741 0.5255064 18.77339 1.484612 0 0.0
0.04264141 -0.001184142 -7.691628 -7.359977 1.23051 1.30174 0.8738761 19.22397 1.18298 0 0.0
-0.03424328 0.02064815 0.3221571 -2.575331 0.4657733 0.4106136 0.3806679 18.4178 1.259964 0 0.0
-0.01253388 0.02175482 -2.649121 -4.994154 1.611845 1.745984 0.8955884 19.36383 1.123661 0 0.0
0.02137587 -0.00507519 -3.641754 -3.322753 1.73112 1.932172 0.8706685 19.48182 nan 0 0.0
0.02424925 0.03842135 -3.529886 -10.15595 0.599145 0.5437205 0.4474869 18.9033 1.429226 1 0.0
-0.02189952 0.01353472 -5.416708 -9.683572 0.5781929 0.5248714 0.5621881 17.791 1.400978 0 0.0
0.03350251 0.02066743 -2.961885 -5.764026 1.340365 1.590451 0.8566774 19.25543 1.194759 0 0.0
-0.02410314 0.01222013 1.26195 -0.6862649 1.209556 1.15569 0.9009571 18.91625 1.005444 0 0.0
0.004767839 0.02373712 -7.855691 -11.67116 1.808223 1.701838 0.599287 20.04966 nan 0 0.0
0.02438303 0.01874321 -2.627003 -4.833734 0.1137466 0.1001513 0.3582936 15.15524 2.602262 1 1.219167e-05
-0.008535763 -0.02489476 -2.66359 -7.52151 2.058448 2.068407 0.6328368 20.11683 1.513536 0 0.0
-0.008287017 -0.03776362 -6.146746 -2.703439 1.745105 1.900684 0.8738707 19.44458 1.495544 0 0.0
0.01630718 -0.009167565 -0.9657127 -0.2648009 0.4996694 0.4513625 0.6197669 17.95395 1.358019 0 0.0
-0.02385055 -0.0112135 0.6690766 -1.50236 0.8157034 0.7352619 0.3012582 19.12049 nan 0 0.0
0.004327353 0.03283137 -1.894294 1.297711 1.357909 1.304535 0.6753264 19.96041 nan 0 0.0
0.03777268 0.0203381 -3.276348 -6.19526 1.418133 1.481541 0.8823897 19.24385 1.044239 0 0.0
-0.003055843 -0.00607087 -3.878732 -8.158294 0.6518714 0.5309534 -0.2179413 18.36931 nan 0 0.0
-0.01040739 -0.03720493 -5.493109 -7.120588 0.1856358 0.1627931 0.3455561 17.02822 1.792591 1 0.0
0.01953135 0.0007196496 -4.307047 -6.154517 1.395249 1.465929 0.8827439 19.27062 1.380058 0 0.0
0.01548079 -0.009865545 -4.351337 -8.224509 0.1009753 0.09188864 0.4201631 14.60023 1.847963 0 0.0
-0.03920358 0.02456051 -0.8136931 -2.191098 0.5327389 0.4878352 0.506349 18.80079 0.9640293 0 0.0
0.02523559 0.01168966 -2.481927 -3.951244 1.702912 1.789386 0.8804269 19.44166 1.206442 0 0.0
-0.02169661 -0.04215792 -2.258063 -2.684511 0.5887792 0.5284606 0.6305983 18.69008 1.368593 0 0.0
-0.01936897 0.03782905 -0.8914677 -6.517442 1.693588 2.076952 0.8677779 19.44955 1.231897 0 0.0
0.01206567 -0.007570613 -2.886481 -4.929839 0.4606116 0.462179 0.7073136 18.1871 1.405958 0 0.0
-0.03319873 0.02920862 -0.7089323 -4.35827 0.4575637 0.4090025 0.3556202 18.61953 1.19758 0 0.0
0.03787376 -0.008590687 -4.872767 -1.647244 0.8265895 0.8380192 0.7944731 19.01472 1.46986 1 0.0
0.03991577 0.002816505 -0.03708322 -6.699071 1.986434 1.860869 0.8456616 19.66886 nan 0 0.0
0.02379801 -0.01392002 -0.430143 -2.00675 1.595355 1.691933 0.9226762 19.15958 nan 0 0.0
0.03352773 0.01229798 2.073273 -7.531097 0.2238866 0.206535 0.4810814 16.83754 1.078263 0 0.0
-0.03960065 -0.02456338 -5.015797 -7.273813 1.977692 1.939531 0.7063306 19.99364 1.134916 0 0.0
0.01980564 -0.006329956 -1.676819 -4.426752 2.024447 1.531244 0.7055285 19.35281 nan 0 0.0
-0.03468637 0.0285845 -2.102432 -5.701067 0.6287976 0.6039094 0.5993288 18.97827 0.8910904 0 0.0
0.001736917 0.0009501065 -3.298081 -1.865178 0.5608904 0.4960013 0.3422743 16.42854 nan 0 0.0
0.003362562 0.01717016 -1.623077 -5.599204 0.3300177 0.3038424 0.5703618 17.8735 nan 0 0.0
-0.03278493 0.02728994 2.899687 -9.449519 1.454666 1.516166 0.9169755 19.10938 1.965797 0 0.0
-0.03923156 0.02587467 0.343846 -1.844347 0.6839193 0.6503416 0.5044553 19.00496 1.367199 0 0.0
0.001268645 0.001322045 -2.713601 -4.131411 0.07504771 0.06740734 0.320373 14.4402 1.4742 0 0.0
-0.01724764 0.04013536 -0.09087232 -0.8002704 1.576955 1.52392 0.5883599 20.01637 1.832819 0 0.0
0.01140916 0.04030581 1.120522 -5.309501 1.515721 1.580382 0.9047792 19.18629 nan 0 0.0
0.04889657 0.004752959 -4.392336 -6.726365 0.3514598 0.3253803 0.4465462 18.27614 1.387215 1 0.0
-0.01500722 -0.02789947 -6.424631 -8.162843 1.578033 1.689887 0.902897 19.38099 1.53624 0 0.0
0.01283738 -0.003044555 1.793914 -1.586133 0.5748312 0.5467064 0.8708035 17.84008 1.255276 0 0.0
-0.03880896 -0.003006268 0.6584806 -5.960256 1.287279 1.227809 0.7051846 19.78113 1.270741 0 0.0
-0.02690354 -0.03022851 -1.847333 -1.812825 0.1085591 0.09471225 0.3381785 16.02407 1.574442 1 0.0
-0.01572963 0.02097243 -2.354997 -3.738458 1.471415 1.678416 0.8914253 19.21141 nan 0 0.0
0.02181758 0.0004026363 0.3344389 -1.747709 1.800535 1.805327 0.8733659 19.45028 1.449041 0 0.0
-0.02387293 -0.03718015 -10.55976 -7.913693 0.7067234 0.6334937 0.8308019 17.36031 1.42948 0 0.0
0.03504043 0.003878511 -1.577434 -2.172581 1.969771 2.02619 0.866924 19.79464 0.919735 0 0.0
0.04223082 0.006184091 -3.857429 -1.258458 2.482481 2.634174 0.8747507 20.09036 nan 0 0.0
-0.03635824 -0.0004973382 -6.765288 -11.04803 2.387744 2.641536 0.8979054 19.64019 nan 0 0.0
8.418858e-05 0.01402881 -4.889391 -8.244038 0.4085454 0.3734032 0.6094897 17.81205 1.703857 0 0.0
-0.02735756 0.02863789 -5.542705 -5.186101 0.6478343 0.6112378 0.4798608 18.92424 1.152266 0 0.0
0.003940639 0.003164486 3.418242 -10.80914 1.539672 1.191987 -0.1948721 18.07106 nan 0 0.0
-0.01897223 -0.03171663 -3.752544 -4.970485 2.46474 2.618481 0.7903123 19.7616 nan 0 0.0
-0.005891106 -0.04212558 -0.9776026 -3.994883 0.6281003 0.5852685 0.3817916 18.73509 nan 0 0.0
-0.00856337 -0.02395062 2.026238 -0.1854396 2.000006 2.149864 0.8968068 19.77536 1.29722 0 0.0
-0.01511876 -0.01683686 -0.3717394 -3.904416 0.931491 0.7686395 0.002826924 18.77696 nan 0 0.0
-0.03111991 -0.01874347 -1.664094 -3.937308 0.3804834 0.3566613 0.4496595 18.37197 1.114471 0 0.0
-0.01966129 -0.02803174 -5.812971 -2.88238 0.1388848 0.1229748 0.3548186 16.52247 nan 0 0.0
-0.02807504 0.03346141 -2.384684 -5.742362 0.6703769 0.6240768 0.570962 18.86387 1.458454 0 0.0
0.01842939 -0.0001899817 3.116592 -3.352783 0.4226947 0.393497 0.5335468 18.40331 1.316002 0 0.0
-0.03242826 0.03286904 -2.72373 -3.999927 0.6672987 0.6232803 0.441784 19.04081 1.284361 1 0.5540833
0.001516429 -0.008756388 -2.057213 -4.540378 0.3491795 0.3321619 0.7009295 17.26045 1.336457 0 0.0
-0.04699755 0.01696075 -3.21222 -7.61007 0.8362993 0.689008 -0.01054438 18.78843 nan 0 0.0
-0.002946215 0.01627372 -2.543342 -4.353491 0.1032491 0.09110477 0.3716407 15.88177 1.629503 1 0.9553862
-0.01374182 -0.0156713 0.4189239 -2.82325 0.3863829 0.3454106 0.4647677 18.39641 1.621656 0 0.0
0.009009906 0.01355354 -2.553918 -4.405691 0.3769907 0.3373887 0.4311081 18.31342 1.558496 0 0.0
-0.02493532 0.03988414 -3.750628 -1.478029 0.1665029 0.1500546 0.3897104 16.6743 1.33862 0 0.0
0.01176086 -0.02628549 -8.121473 -4.988121 0.5462821 0.5086413 0.434648 18.61526 1.491474 0 0.0
-0.03382449 0.000970153 -2.55996 -8.589709 1.584927 1.736086 0.9061297 19.35045 1.563791 0 0.0
0.001737343 0.03046442 -2.509522 -5.6065 0.3830838 0.3597538 0.5516846 18.30675 1.262175 1 0.0003781156
-0.01798841 0.01875006 -1.532932 -3.651967 0.4188897 0.3764054 0.2437954 18.36655 1.368465 0 0.0
0.03273094 0.02002868 -0.167658 -7.486951 1.789162 1.33817 0.2895269 20.03979 0.9862537 0 0.0
0.0281046 0.02884753 -2.449276 -4.118024 0.08838293 0.07687431 0.3363012 15.28433 1.676801 1 0.973043
-0.0424687 -0.0134922 -1.165261 -3.600464 0.1262645 0.1092087 0.2487457 16.29698 0.573534 1 0.0
0.001764601 0.01041056 -3.140978 -3.955495 0.1659996 0.1476235 0.4091366 16.57416 1.452799 0 0.0
0.001819864 0.02142931 -2.200152 -4.486906 0.1687682 0.1491707 0.3346232 16.54094 1.243194 1 0.2980145
-0.004598626 0.002256565 -2.481466 -13.67821 1.266065 1.264154 0.7646468 18.33537 nan 0 0.0
0.008400314 -0.0368214 3.063031 -3.467147 0.2899426 0.2699418 0.4955796 17.96026 1.284193 1 0.0
-0.01432415 0.01747453 -5.127892 -3.145314 1.489838 1.721435 0.8935694 19.14803 1.517946 0 0.0
-0.04494484 -0.02061705 -3.993871 -5.69165 0.3054457 0.2708806 0.3991092 18.06227 1.536489 1 0.0
-0.00556276 0.002821099 -2.237428 -3.882523 0.1438183 0.1245856 0.2380238 16.29065 1.548555 0 0.0
0.02826833 0.02214316 -0.2685547 -5.08459 0.1921734 0.178907 0.4861009 17.09723 1.347483 1 0.0
0.002315556 0.01034188 -1.522201 -1.208958 0.661128 0.5901642 0.4406837 18.55862 nan 0 0.0
0.006390022 -0.03858748 -11.16863 -17.45179 1.475553 1.627232 0.8802236 19.17216 1.542755 0 0.0
-0.03834096 -0.002201217 -2.774303 -8.69078 1.704588 1.865951 0.8913928 19.38463 0.9354668 0 0.0
0.001461575 0.01037623 -1.491061 -1.532285 0.215322 0.1931811 0.5267331 17.10179 nan 0 0.0
-0.03809971 0.01879877 -6.74114 -9.952054 0.3658971 0.3308019 0.4543059 18.36158 1.189281 0 0.0
0.01333572 0.01984357 -2.506108 -4.173312 0.08664531 0.07632646 0.3520611 15.46644 1.649271 1 0.9890198
-0.01074011 -0.01185058 -4.167236 -6.685584 0.1566387 0.1353756 0.2855282 16.7378 1.574122 1 0.0
-0.01917262 0.0160834 -1.351256 -7.732342 0.4173542 0.3810556 0.4396441 17.78975 1.111734 0 0.0
0.004794644 0.005043194 -1.680797 -3.030288 0.3174957 0.2969856 0.577658 17.62517 1.248939 0 0.0
0.0393183 0.0289531 2.71171 -1.55148 2.066052 1.770406 0.7410876 19.40788 nan 0 0.0
-0.04721499 0.009455246 -3.560278 -3.326968 0.6144856 0.5684907 0.5123228 18.91301 nan 0 0.0
0.02694003 -0.004109283 -1.443205 -2.943387 0.5163157 0.4713398 0.3885393 18.6658 1.451065 0 0.0
