data/gcs/NGC_6401.ecsv
# %ECSV 0.9
# ---
# datatype:
# - {name: x, unit: deg, datatype: float64}
# - {name: y, unit: deg, datatype: float64}
# - {name: pmx, unit: mas / yr, datatype: float64}
# - {name: pmy, unit: mas / yr, datatype: float64}
# - {name: pmx_e, unit: mas / yr, datatype: float64}
# - {name: pmy_e, unit: mas / yr, datatype: float64}
# - {name: pm_corr, datatype: float64}
# - {name: g_mag, unit: mag, datatype: float64}
# - {name: bp_rp, unit: mag, datatype: float64}
# - {name: filter, datatype: int64}
# - {name: memberprob, datatype: float64}
# meta: !!omap
# - comments: [deg deg mas/yr mas/yr mas/yr mas/yr dimless mag   mag   zeroone float]
# - __serialized_columns__:
#     bp_rp:
#       __class__: astropy.units.quantity.Quantity
#       unit: &id001 !astropy.units.Unit {unit: mag}
#       value: !astropy.table.SerializedColumn {name: bp_rp}
#     g_mag:
#       __class__: astropy.units.quantity.Quantity
#       unit: *id001
#       value: !astropy.table.SerializedColumn {name: g_mag}
#     pmx:
#       __class__: astropy.units.quantity.Quantity
#       unit: !astropy.units.Unit {unit: mas / yr}
#       value: !astropy.table.SerializedColumn {name: pmx}
#     pmx_e:
#       __class__: astropy.units.quantity.Quantity
#       unit: !astropy.units.Unit {unit: mas / yr}
#       value: !astropy.table.SerializedColumn {name: pmx_e}
#     pmy:
#       __class__: astropy.units.quantity.Quantity
#       unit: !astropy.units.Unit {unit: mas / yr}
#       value: !astropy.table.SerializedColumn {name: pmy}
#     pmy_e:
#       __class__: astropy.units.quantity.Quantity
#       unit: !astropy.units.Unit {unit: mas / yr}
#       value: !astropy.table.SerializedColumn {name: pmy_e}
#     x:
#       __class__: astropy.units.quantity.Quantity
#       unit: &id002 !astropy.units.Unit {unit: deg}
#       value: !astropy.table.SerializedColumn {name: x}
#     y:
#       __class__: astropy.units.quantity.Quantity
#       unit: *id002
#       value: !astropy.table.SerializedColumn {name: y}
# schema: astropy-2.0
x y pmx pmy pmx_e pmy_e pm_corr g_mag bp_rp filter memberprob
[from data line 501]
-0.02905953 -0.01656517 -4.202343 -7.192837 0.8163974 0.6206122 0.05101061 18.46977 2.394764 0 0.0
0.005725408 -0.02766661 -2.754878 1.394568 0.1235431 0.0988715 -0.04640001 16.14453 2.35181 1 0.9976896
0.006004682 -0.02024704 -5.291135 -0.3840732 0.6711261 0.5097243 -0.0684192 18.48763 1.710306 0 0.0
0.01548964 -0.01336993 -3.470143 1.704786 0.6140087 0.4522925 -0.1784498 18.421 nan 0 0.0
-0.01268697 0.003546649 0.4777953 1.436242 0.4176729 0.3253482 -0.1697899 18.10384 1.918015 0 0.0
0.01409229 -0.03673479 -1.477911 -6.388162 0.3158928 0.2420315 0.2854808 17.5752 2.495071 1 0.0
0.01677295 -0.01259571 -3.753619 -10.05272 0.2240082 0.1751755 0.1984695 17.29611 2.063905 0 0.0
-0.01761883 -0.04314391 -3.058214 -1.831935 0.1890384 0.1566994 0.07315189 16.77012 2.557181 1 0.0
0.006004664 -0.02063042 -2.779749 1.856775 1.389011 1.170143 0.3170395 19.19601 nan 0 0.0
0.009712845 -0.04423217 1.044946 1.111885 1.201948 1.013294 0.4519652 19.40748 nan 0 0.0
0.01911644 -0.01119795 -1.086734 -7.429848 0.37644 0.2998667 0.1509149 17.0935 2.026178 0 0.0
0.009963846 -0.04427606 0.6412332 -3.441077 2.064813 1.866614 0.7298083 19.83665 nan 0 0.0
0.009657018 -0.04487494 -2.794046 -5.570454 0.4702581 0.3587786 -0.1172751 18.52893 1.998037 0 0.0
-0.01036842 -0.0323647 0.2402075 -5.633001 1.489549 1.323211 0.482126 19.72179 1.952707 0 0.0
0.01816502 -0.03210998 -0.1977184 -6.897101 0.5356619 0.3746133 -0.007348435 15.64585 2.349748 0 0.0
-0.02663183 -0.02049569 -15.48138 -8.800907 1.470521 1.396263 0.3819376 19.70199 1.744427 0 0.0
-0.02431382 -0.03519517 -3.328588 -5.205361 1.994024 1.822261 0.01204451 20.39146 nan 0 0.0
-0.03212559 -0.02633724 5.151348 -3.715817 1.63103 1.386999 0.3354034 19.92494 1.948503 0 0.0
-0.01754207 0.007715545 1.243929 -2.727631 0.7870291 0.6869524 0.1129091 18.6585 1.86458 0 0.0
0.01883434 -0.0326365 -2.882568 -3.661219 0.4023328 0.2977981 0.3953124 18.07023 nan 0 0.0
0.01713282 -0.03357277 -5.536691 -2.90299 0.3393395 0.2589105 0.3252357 17.83433 nan 0 0.0
0.02307327 -0.03617723 -1.462342 -3.140894 1.236897 1.070735 0.3107232 19.3395 2.045961 0 0.0
-0.02289011 -0.04231504 0.2836346 -3.643517 0.1141119 0.08803772 -0.1095805 15.63584 2.632708 1 0.0
-0.006492613 -0.009132945 -1.565704 1.745077 0.4672932 0.3794093 -0.1556799 17.58118 1.99064 0 0.0
-0.006743707 -0.008724785 2.865724 5.156822 0.4550779 0.3437992 -0.03468044 17.46789 2.318478 0 0.0
0.001569485 -0.017857 -2.816661 1.447265 0.3133729 0.2589308 -0.2610852 17.14959 2.139016 0 0.0
0.002043701 -0.01780742 -3.216108 0.8790911 0.486621 0.4265773 -0.1314119 17.14509 1.946802 0 0.0
-0.02970779 0.01242066 -2.957419 -9.369081 0.4996203 0.3733857 -0.6326096 17.17018 2.229478 0 0.0
0.008432229 -0.00913115 1.137275 -15.98867 0.9016583 0.5536552 0.1339901 18.57887 nan 0 0.0
0.01225067 -0.04531576 -5.912513 -6.976984 0.3221293 0.2599611 0.04681955 17.93385 nan 0 0.0
-0.004009691 -0.01229332 -1.81302 1.052783 0.5494083 0.4510551 -0.2622055 17.81048 2.086288 0 0.0
-0.03500146 -0.01572169 -5.086242 -6.855297 0.3602645 0.2965238 0.02785695 17.89439 2.51178 1 0.0
0.002712703 -0.0406136 -7.424156 -1.31273 0.3056853 0.2547179 0.08818962 17.89711 1.996363 0 0.0
0.001206845 -0.01842539 -1.241601 -5.612911 0.3024399 0.2500055 -0.263088 17.55387 2.157707 0 0.0
-0.02504746 0.008463897 -2.159441 -3.031814 0.4078653 0.3319625 -0.1167059 18.09506 1.990406 0 0.0
-0.02552173 0.00825781 1.155114 -1.400912 1.037245 0.9962906 -0.6455495 18.89737 nan 0 0.0
-0.0288896 -0.02803211 -5.237773 -1.685448 0.3995781 0.3198296 -0.1644144 18.22024 2.42347 0 0.0
-0.0003832311 0.004098495 -3.192112 1.139234 0.2463219 0.1939213 0.1543262 16.2291 nan 0 0.0
-0.0002715895 -0.01615755 -2.817311 -1.548733 1.653445 1.42409 0.3895858 19.63592 1.945227 0 0.0
0.01604407 -0.04145189 0.6206862 -2.990162 1.227174 1.094735 0.3353076 19.35632 1.917015 0 0.0
0.0006210694 -0.01480333 -1.456708 -1.145707 1.114175 0.9575198 0.3364673 19.19948 1.646111 0 0.0
-0.03304462 -0.03194317 -2.283313 -4.754893 0.5042797 0.3973195 -0.03793312 18.78993 2.094313 0 0.0
-0.0008573999 -0.01505129 -6.767647 -3.971209 0.9003906 0.8279636 -0.8379577 17.35197 nan 0 0.0
-0.02956563 0.0008144741 -0.7805938 -14.53756 1.430114 1.270511 0.6628636 19.37712 nan 0 0.0
-0.02504706 0.006363906 -3.798729 2.340022 0.3069167 0.2478019 -0.08325493 17.62632 1.651424 0 0.0
0.007481417 -0.04909958 -3.093299 -3.822767 0.2480491 0.2032226 0.05741549 17.32659 2.183791 0 0.0
-0.02973553 0.01173019 -4.487532 -6.272657 0.3337608 0.2686181 0.002564622 17.79848 2.35277 0 0.0
-0.004650656 -0.03028918 -2.538027 -3.345829 1.450142 1.297362 0.5741907 19.70395 1.881027 0 0.0
-0.01134483 -0.03015035 -4.320411 -9.038288 0.2102295 0.1725266 0.1083142 16.90406 2.740457 1 0.0
0.02561291 -0.02835186 -3.112414 -2.081766 0.2532348 0.1888912 0.4336196 16.96017 2.268991 0 0.0
-0.01042448 -0.02885709 -4.322995 -1.738795 2.207315 1.918581 0.5174681 20.01861 nan 0 0.0
-0.04574427 -0.007101922 -2.643598 -6.782158 0.2549708 0.2294793 0.1558766 17.16416 2.415203 0 0.0
-0.03488734 -0.02513061 -1.630734 3.495443 0.4283188 0.3339925 -0.06538387 18.32475 1.957191 0 0.0
-0.007803782 -0.008896506 -3.846008 0.3476557 0.3307781 0.2741653 -0.2671221 17.3546 nan 0 0.0
0.03161104 -0.02348372 2.994562 2.904827 1.841933 1.572598 0.5290779 19.32441 1.660801 0 0.0
-0.01709462 -0.0001503005 -9.127381 -5.550662 0.6002036 0.4620006 -0.2893545 18.18374 1.915588 0 0.0
-0.0162576 -0.0006003268 -3.929041 3.723872 1.803836 1.567253 0.4089109 19.74158 nan 0 0.0
-0.01625756 -0.0009322054 -1.73697 2.611717 1.774849 1.641253 -0.3631903 19.81893 nan 0 0.0
0.03026833 -0.03972638 -4.808658 -1.889188 0.1746934 0.1365272 0.2731402 16.6053 2.115958 1 0.0
-0.006157804 -0.01011521 -3.631799 1.860232 0.7867149 0.6351009 -0.1075672 18.90861 1.671682 0 0.0
-0.04326988 0.01820563 -4.864979 -6.498401 0.5677232 0.4511762 -0.01289161 18.79176 2.13471 0 0.0
-0.01176302 -0.03222177 5.153974 18.51264 1.727546 1.504232 0.5926773 19.25936 2.26556 0 0.0
-0.02557687 0.004900866 -7.181654 -5.007289 1.177084 1.052129 0.5399477 19.35565 1.837294 0 0.0
0.02480398 -0.02857486 -3.850161 -0.1789666 0.2296565 0.1641752 0.4723151 16.93572 2.348343 1 0.0
-0.01243197 -0.03694634 3.820951 -0.4252127 1.929815 1.998849 -0.5537854 19.90485 1.876282 0 0.0
-0.03388903 -0.002793384 0.5386973 -1.303563 0.5199739 0.4252638 -0.0709202 18.67517 2.259144 0 0.0
0.005921899 -0.000610884 5.709615 7.019634 1.910819 1.649711 0.6221716 19.15057 nan 0 0.0
-0.03015877 0.03198613 -2.395757 -2.864973 0.2121952 0.1777793 0.3547275 16.84674 2.515214 0 0.0
-0.0266424 0.03080244 -2.076609 -4.108194 0.4199855 0.3158969 0.1125258 18.3845 1.752518 0 0.0
-0.03673387 -0.005563631 -1.890853 -0.7104928 1.07535 0.9767367 0.5300334 19.26144 2.185148 0 0.0
-0.02515271 -0.02419947 -4.05166 -0.250103 1.822644 1.635468 0.3958613 19.702 nan 0 0.0
-0.0148345 -0.002881345 -8.668296 -2.446925 1.065712 0.9342625 0.4406952 19.2138 1.765005 0 0.0
-0.01260242 -0.005204258 -2.571485 -7.860494 0.7259827 0.5553268 -0.2757079 18.05257 1.716408 0 0.0
-0.009699298 -0.02855568 -2.860048 2.125583 0.4579433 0.3577123 0.1890972 18.36819 1.7945 0 0.0
-0.0280515 -0.03406678 -3.048608 -5.402782 0.3150307 0.25939 0.08199664 17.80891 2.238096 0 0.0
-0.0145557 -0.001328731 -3.268055 2.819983 1.040189 0.8113283 -0.430732 18.68893 2.020622 0 0.0
-0.03179061 -0.02738811 -0.1833081 -6.289732 0.4866673 0.3825561 -0.09325903 18.63983 2.165501 0 0.0
-0.04617118 0.01654905 -5.199505 -10.04997 0.2939603 0.2407489 0.05565547 17.84717 2.432423 0 0.0
-0.004706309 -0.03388071 5.386704 -3.830854 1.296723 1.136251 0.6281693 19.10851 1.747454 0 0.0
-0.04402276 0.01675579 -4.294883 -6.74589 0.3578513 0.2967759 0.1434796 17.47252 2.669669 0 0.0
-0.002558701 -0.03179783 -2.141141 1.162814 0.2474324 0.2062197 0.08596974 17.27955 2.261758 0 0.0
-0.01036758 -0.04274831 0.162264 -0.9470682 0.5356972 0.4192789 -0.1132399 18.75898 1.896162 0 0.0
-0.001777761 -0.02920764 -4.364571 -2.5297 0.6473745 0.5355453 0.2228408 18.96182 2.06872 0 0.0
-0.007495156 -0.03919472 0.6246847 -7.851487 0.6634344 0.5205973 -0.1158496 18.81374 1.822496 0 0.0
-0.04572429 0.01528845 -1.913974 1.203018 0.3967707 0.324304 0.06560704 17.89469 2.3347 0 0.0
-0.04647042 -0.004817178 -5.242404 -5.178071 0.2391723 0.2144191 0.2486688 17.01871 2.748585 1 0.0
-0.01776492 0.005127243 -2.443516 1.540444 0.3126058 0.2771472 -0.0562815 17.32672 nan 0 0.0
-0.04798362 0.01325821 -0.4484172 -2.998053 0.4350089 0.3398121 -0.1046966 18.36207 nan 0 0.0
0.02814947 -0.03606379 -4.054502 -5.472438 0.7668811 0.5121557 -0.6985745 18.20603 2.140049 0 0.0
-0.01767445 -0.04430931 2.047915 0.3977472 0.8072996 0.6810995 0.2128356 18.22074 2.199339 0 0.0
-0.007971455 -0.004177736 -0.9248752 2.736876 0.7594511 0.603601 -0.308016 18.5571 nan 0 0.0
-0.007943582 -0.00376384 -5.388191 -3.321916 0.5238727 0.3992094 -0.2266015 18.39385 1.903896 0 0.0
-0.02930753 -0.03005018 3.533884 -1.908637 1.209823 1.062611 0.5866858 19.16271 2.012199 0 0.0
-0.02864337 -0.006355042 -1.29782 -7.575269 0.2669842 0.2227004 0.1212575 17.62601 2.027925 0 0.0
-0.02841514 -0.02931565 0.6370285 -7.239584 0.4934248 0.3891713 0.0535802 18.38883 2.021832 0 0.0
0.02196131 -0.01449811 -2.976185 -8.641746 0.2387648 0.1804496 0.2244235 16.90787 2.184312 0 0.0
-0.04519442 0.01604776 -6.341829 -5.747189 0.4404291 0.3519403 0.019374 18.372 2.359032 0 0.0
-0.01725948 -0.01913989 -3.092047 -9.376193 0.3302731 0.2659618 0.0127826 18.00255 nan 0 0.0
0.002183241 -0.01400035 -0.8152142 -1.692607 0.9802916 0.8587296 0.464582 19.01211 1.707228 0 0.0
-0.02546658 0.01153083 -3.03923 -5.764007 0.6977566 0.6191084 -0.1046352 18.88199 nan 0 0.0
-0.01318729 -0.01485359 -5.640947 -0.9739457 0.7618264 0.6316536 0.2346289 18.97289 nan 0 0.0
0.001764877 -0.008583478 -10.20389 -5.249961 1.190506 1.036269 0.43503 19.12255 1.992311 0 0.0
-0.005682573 -0.0325437 1.30373 -2.057581 1.044294 0.9304481 0.5726118 19.24774 1.883036 0 0.0
-0.02937355 0.01499375 -0.5211634 -0.9347572 0.1873095 0.1665709 -0.03399427 16.28785 2.293117 1 0.0
-0.006659751 -0.01385936 -1.221632 -0.4243305 0.5589952 0.449757 -0.2780468 18.65077 2.068081 0 0.0
0.03127459 -0.03059805 -5.900169 -6.874818 0.1196732 0.08725387 0.08911235 15.62128 2.273173 1 0.0
-0.04819976 -0.005702821 -5.790099 -9.232305 0.3152537 0.2819029 0.2291519 17.68447 2.541336 1 0.0
-0.01207305 0.002179139 -5.92831 0.1480281 0.6500176 0.5177622 -0.04831805 17.82848 2.12192 0 0.0
0.007064291 -0.02723562 -3.099445 -10.36739 0.1971913 0.1596756 -0.1336003 16.87361 2.354843 1 0.0
0.01289416 -0.02484616 -0.9685329 -8.371167 0.6201638 0.4951048 -0.1321572 18.69124 1.775751 0 0.0
-0.03798834 -0.008713027 -5.877039 -11.122 1.444428 1.351584 0.4637863 19.64326 nan 0 0.0
-0.01129187 0.002211634 -2.550872 -9.536554 1.373101 1.249913 0.3063716 19.27278 1.73473 0 0.0
0.008458565 -0.03296729 -6.726898 -3.650071 1.592231 1.268728 0.8123407 19.08421 2.19598 0 0.0
-0.02901062 0.01406495 -10.58439 -1.032025 0.2854678 0.2317476 -0.1484849 17.39037 2.176144 0 0.0
-0.02300765 -0.008757175 -2.759499 1.605805 0.1715199 0.1416672 0.06904675 16.85238 2.246901 0 0.0
-0.02459757 -0.00980651 -2.649727 1.611188 0.2613172 0.2150855 0.09416936 17.39223 2.269037 0 0.0
-0.02474084 0.009940244 -4.50945 -2.580507 2.508093 2.318798 -0.1209318 20.49829 2.041309 0 0.0
-0.01572285 -0.0389723 -1.93118 -4.260411 0.5744539 0.4524919 -0.2427089 18.70678 2.09333 0 0.0
-0.01078923 -0.003237618 -2.008389 5.442374 0.6804573 0.5425318 -0.2943795 18.45207 nan 0 0.0
-0.04271028 0.01353854 -9.20125 -8.73704 0.5957525 0.4616675 0.3925607 18.34797 2.249517 0 0.0
-0.01290973 -0.0007964059 -3.735054 1.527337 0.3121788 0.2593001 -0.2989064 17.0342 2.141974 0 0.0
-0.03749462 0.0203532 0.3678101 -3.627997 0.6697839 0.5253853 -0.1006282 18.78088 1.826818 0 0.0
-0.04341018 0.020544 -6.372563 -0.5395224 0.3063362 0.251136 0.1442376 17.53666 2.66795 1 0.0
-0.008388062 -0.03283949 -2.615542 -8.124328 0.2191759 0.1809499 0.07902892 17.33869 2.480734 0 0.0
0.001708885 -0.02354853 -9.879335 -1.534178 0.3347241 0.2711586 0.01288818 18.10734 2.158409 0 0.0
-0.03958625 0.01671145 -3.344993 1.16028 0.4513839 0.3418815 0.1629827 18.37844 2.214005 0 0.0
0.01732682 -0.04279674 -1.768229 -6.003806 0.2845831 0.2319051 0.03712812 17.74724 1.819735 0 0.0
0.01244602 -0.04400734 -2.621824 -1.939831 0.2389565 0.1908081 -0.04688355 17.05525 2.331626 0 0.0
-0.01081666 -0.008810893 -3.01403 0.6217613 0.3577972 0.2872678 -0.095254 17.74476 2.436165 0 0.0
-0.03782982 0.02159479 -1.47311 -5.994046 0.235733 0.1900429 -0.08851035 17.29959 2.435555 1 0.0
-0.04058595 0.001442816 -1.963452 -4.903556 0.8963469 0.827558 0.4994397 18.97902 1.960464 0 0.0
-0.03567739 0.007584019 -2.163221 2.499325 0.4100073 0.3250231 0.08596587 18.19202 2.283987 0 0.0
-4.842707e-05 -0.0143284 1.132562 -1.185188 0.4781424 0.3749481 -0.4386593 18.18587 2.136412 0 0.0
0.01930709 -0.04207985 -4.4197 -2.739723 0.425278 0.317154 -0.1204402 18.12746 nan 0 0.0
0.02234702 -0.04239124 -4.009954 -6.68858 1.218638 1.017384 0.24031 19.22076 nan 0 0.0
-0.02850809 0.01273564 -0.3590872 -4.199028 0.4429486 0.3572999 -0.1966496 17.53059 nan 0 0.0
-0.03967073 0.01921768 1.393389 0.5532063 1.392973 1.247832 0.5706645 19.62475 2.05707 0 0.0
-0.003451332 -0.02856489 -3.275625 1.538257 0.116645 0.09129694 -0.08881649 14.62039 2.978405 1 0.980456
-0.009782276 -0.03779488 5.358171 3.155629 1.573717 1.413213 0.5217493 19.30266 nan 0 0.0
-0.01346282 -0.0476829 -5.342322 -8.456297 0.2008618 0.1664132 0.1124475 16.7342 2.982651 1 0.0
-0.02195154 0.01464999 -4.018623 -9.848625 0.512848 0.3991207 -0.1507044 18.64564 2.221434 0 0.0
-0.01765478 0.01579124 -7.555136 -6.966648 1.907347 1.530313 0.1214328 18.83483 2.162165 0 0.0
-0.009170699 -0.009375341 -2.793478 1.268841 0.50115 0.3921454 0.2493256 18.10002 nan 0 0.0
-0.008919603 -0.009728183 -2.77939 1.553444 0.325772 0.2618044 -0.1225211 17.7514 1.898144 0 0.0
0.02212377 -0.04321708 -3.320883 1.579842 0.785435 0.6318986 -0.09311096 19.00795 1.80134 0 0.0
-0.007022751 -0.007349602 -0.9164941 -7.817702 0.4473443 0.3690214 -0.2652395 17.60666 2.360008 0 0.0
-0.01271314 -0.01403339 -3.235849 1.292404 0.3411382 0.2822962 0.1148554 17.81848 2.215776 0 0.0
-0.01826369 -0.01912476 3.377754 3.144581 1.967118 1.768004 0.3725993 19.87724 nan 0 0.0
-0.02716264 -0.01661244 -6.382067 -6.915863 0.3486959 0.2813074 -0.0170653 17.7704 2.473133 1 0.0
-0.02002432 0.00188442 -0.6015368 2.332732 0.8962853 0.7249912 0.09423099 19.035 1.739344 0 0.0
-0.01075995 -0.01985825 -4.510014 -10.64287 0.2276098 0.1872457 0.1009968 17.26482 2.482184 0 0.0
-0.005375704 -0.03395322 -0.1417102 1.602992 0.5089552 0.3994842 -0.07611611 18.81281 1.747141 0 0.0
-0.008641289 4.31834e-05 3.365796 7.970769 0.9087978 0.6496048 -0.1068729 18.80676 nan 0 0.0
0.003800862 -0.02548454 -2.170667 -7.726733 1.368701 1.17284 0.327869 19.46362 1.672413 0 0.0
-4.841966e-05 -0.03409044 -2.719466 1.785638 0.2430551 0.2009539 0.05331349 17.49353 1.978367 0 0.0
-0.02881492 0.01233884 -2.861072 1.588313 0.123685 0.09586661 -0.09993222 15.77556 2.34941 1 0.9974866
0.02377021 -0.03801032 -1.642031 -3.978464 0.5131522 0.3724802 0.1061356 18.24741 1.652534 0 0.0
-0.04574759 0.00227651 -4.055471 -6.120806 1.254437 1.149635 0.4305289 19.35451 1.946188 0 0.0
0.01774511 -0.04323739 -6.392602 -8.117274 1.670702 1.411481 0.3624179 19.58989 2.088776 0 0.0
0.006395288 -0.01856287 -4.582631 -8.784352 0.9377766 0.8431646 0.02157736 19.28563 nan 0 0.0
-0.03484296 0.01720301 -5.242464 -9.7056 0.8165998 0.7207313 0.2584986 19.08156 1.8274 0 0.0
0.02748169 -0.02848385 0.4405508 0.7396676 0.457877 0.3383284 -0.03237062 18.38729 nan 0 0.0
-0.02596983 0.01664052 -3.237445 -5.350657 0.5107973 0.3968754 -0.07641961 18.31921 nan 0 0.0
-0.03134421 -0.02782669 -5.06156 -7.351054 1.598365 1.435156 0.5826777 19.74763 nan 0 0.0
-0.0115972 -0.01519295 -4.273903 -3.120707 1.605397 1.465877 -0.3412934 19.95791 nan 0 0.0
