data/gcs/NGC_6304.ecsv
# %ECSV 0.9
# ---
# datatype:
# - {name: x, unit: deg, datatype: float64}
# - {name: y, unit: deg, datatype: float64}
# - {name: pmx, unit: mas / yr, datatype: float64}
# - {name: pmy, unit: mas / yr, datatype: float64}
# - {name: pmx_e, unit: mas / yr, datatype: float64}
# - {name: pmy_e, unit: mas / yr, datatype: float64}
# - {name: pm_corr, datatype: float64}
# - {name: g_mag, unit: mag, datatype: float64}
# - {name: bp_rp, unit: mag, datatype: float64}
# - {name: filter, datatype: int64}
# - {name: memberprob, datatype: float64}
# meta: !!omap
# - comments: [deg deg mas/yr mas/yr mas/yr mas/yr dimless mag   mag   zeroone float]
# - __serialized_columns__:
#     bp_rp:
#       __class__: astropy.units.quantity.Quantity
#       unit: &id001 !astropy.units.Unit {unit: mag}
#       value: !astropy.table.SerializedColumn {name: bp_rp}
#     g_mag:
#       __class__: astropy.units.quantity.Quantity
#       unit: *id001
#       value: !astropy.table.SerializedColumn {name: g_mag}
#     pmx:
#       __class__: astropy.units.quantity.Quantity
#       unit: !astropy.units.Unit {unit: mas / yr}
#       value: !astropy.table.SerializedColumn {name: pmx}
#     pmx_e:
#       __class__: astropy.units.quantity.Quantity
#       unit: !astropy.units.Unit {unit: mas / yr}
#       value: !astropy.table.SerializedColumn {name: pmx_e}
#     pmy:
#       __class__: astropy.units.quantity.Quantity
#       unit: !astropy.units.Unit {unit: mas / yr}
#       value: !astropy.table.SerializedColumn {name: pmy}
#     pmy_e:
#       __class__: astropy.units.quantity.Quantity
#       unit: !astropy.units.Unit {unit: mas / yr}
#       value: !astropy.table.SerializedColumn {name: pmy_e}
#     x:
#       __class__: astropy.units.quantity.Quantity
#       unit: &id002 !astropy.units.Unit {unit: deg}
#       value: !astropy.table.SerializedColumn {name: x}
#     y:
#       __class__: astropy.units.quantity.Quantity
#       unit: *id002
#       value: !astropy.table.SerializedColumn {name: y}
# schema: astropy-2.0
x y pmx pmy pmx_e pmy_e pm_corr g_mag bp_rp filter memberprob
[from data line 6217]
0.05080177 0.04406621 0.05422118 -3.816428 0.504578 0.2970521 0.2645931 18.60098 1.408846 0 0.0
0.05551315 0.05550402 -2.808564 -1.705434 0.8767798 0.4821004 0.4611589 19.00898 1.498741 0 0.0
0.06369649 0.04748263 0.921649 -4.091751 1.331667 0.8614906 0.5460195 19.33437 1.104959 0 0.0
0.07638793 0.02688213 -9.454396 -7.764676 2.369661 1.430494 0.5000463 19.96861 nan 0 0.0
0.04835799 0.04789355 5.67833 -2.813282 2.201345 1.198296 0.6662957 19.52362 1.326721 0 0.0
0.07465274 0.01653415 -3.88351 -1.575442 0.4332917 0.2702395 0.3245542 18.4362 1.790077 1 0.4942715
0.06313617 0.04415084 -0.3456866 -5.679622 0.1752795 0.1022778 0.1239973 16.61272 1.772138 1 0.0
0.0249908 0.04720009 -3.297731 -6.707308 0.1659975 0.1032053 0.233834 16.85046 1.464234 1 0.0
0.0172826 0.05312019 -2.489625 -6.291291 0.8583365 0.5121419 0.6292668 18.99984 1.272724 0 0.0
0.06395805 0.04067895 -3.662867 -6.79626 0.1700866 0.1016165 0.1535293 16.32945 2.207245 1 0.0
0.04001442 0.05728133 2.691523 -2.039626 0.2651122 0.1805054 0.581242 17.25401 1.466232 1 0.0
0.04309396 0.04677821 -5.428236 -1.685512 0.3948947 0.248273 0.3663409 18.27101 1.672808 0 0.0
0.01839807 0.04703747 -4.248247 -2.608826 0.5365034 0.3294833 0.3558302 18.63569 1.351263 0 0.0
0.03620623 0.03938612 -5.774456 -7.11742 0.159607 0.0959493 0.4613383 16.30952 2.010674 1 0.0
0.03934439 0.04338847 -3.468443 -1.743816 2.206708 1.168744 0.6143921 19.66775 nan 0 0.0
0.0136128 0.04518237 -12.21657 -4.759933 2.305359 1.50076 0.604098 19.5556 1.289152 0 0.0
0.04913332 0.05700458 -0.2892976 -6.612643 0.1323348 0.08364378 0.1977145 16.34538 1.675033 1 0.0
0.03767797 0.0657108 -8.009926 -4.733933 1.908213 1.150325 0.6708658 19.51675 1.285978 0 0.0
0.0590131 0.03940212 -5.868852 -6.604698 0.1587102 0.09777773 0.1940878 16.5409 1.85072 1 0.0
0.05768332 0.03815738 -3.678976 -7.380796 0.7110436 0.469486 0.2276796 19.05692 0.6410294 0 0.0
0.0812634 0.008270244 -2.848563 -4.762155 0.2860218 0.1891112 0.1433193 17.02239 2.084141 0 0.0
0.0361886 0.06452687 -2.77358 -3.458083 0.8665745 0.5761816 0.4583268 18.85777 1.610769 0 0.0
0.05831515 0.02749876 -4.46371 -5.501511 0.4553093 0.2812998 0.3206603 18.52201 1.53244 0 0.0
0.06659572 0.04995078 -1.923633 -5.496438 0.5014977 0.3141542 0.2761162 18.68746 1.445923 0 0.0
0.03480764 0.06923088 -2.948982 -6.051899 0.3236849 0.2184913 0.6013346 17.44922 1.765123 0 0.0
0.03627009 0.06936388 -5.065673 -6.097061 1.963568 1.282614 0.6198919 19.87041 nan 0 0.0
0.06485426 0.02883565 -4.919552 -3.662231 0.2602318 0.1779972 0.5107896 17.3504 1.898863 0 0.0
0.0195672 0.04425824 -5.720408 -9.999858 2.603753 1.434162 0.7005519 19.76978 nan 0 0.0
0.03171763 0.05110064 -3.323575 -4.971352 0.1966459 0.1288058 0.2506154 16.97466 1.942899 1 0.0
0.01555125 0.03143774 -4.270893 3.226275 1.166471 0.672582 0.6856758 19.10372 1.110943 0 0.0
0.07448001 0.0346579 -3.433388 -4.812443 0.5182011 0.3262915 0.2152489 18.66995 1.3913 0 0.0
0.01951434 0.04584898 6.601652 -4.872721 1.989896 1.248302 0.6545519 19.34098 1.41959 0 0.0
0.05536572 0.02890231 -2.9981 1.075901 1.284823 0.7715173 0.4505468 19.11152 2.300705 0 0.0
0.02116422 0.05411509 4.031908 -0.4996148 0.4154217 0.2594026 0.4498122 18.1507 1.580267 0 0.0
0.02445656 0.03653623 -4.467925 -0.689977 1.193312 0.6897187 0.6824977 19.07721 1.464615 0 0.0
0.07962702 0.02248892 -3.072411 -4.926895 0.3498404 0.2225609 0.5248505 17.49821 1.969854 1 0.0
0.07439947 0.03356696 -3.981909 1.082513 0.7221059 0.4453275 0.1865744 18.9933 1.346188 0 0.0
0.06905212 0.02653262 -4.588252 -6.218704 0.2144251 0.1351297 0.1925887 14.23272 2.794672 0 0.0
0.02345187 0.05983473 -2.164878 -6.736755 0.1350053 0.08365109 0.216376 16.39852 1.677752 1 0.0
0.07760756 0.02300356 0.7872504 -3.926417 0.5519662 0.3521903 0.2549659 18.37676 1.877752 0 0.0
0.07026621 0.01425228 -5.508147 -1.905507 0.6522223 0.4559238 0.5152909 17.54456 1.624199 0 0.0
0.01924985 0.05291957 -0.8690521 -1.425122 1.647846 1.057333 0.799684 19.36851 1.662502 0 0.0
0.02504595 0.05526243 -4.10957 -5.538009 1.184467 0.7395521 0.7081749 19.17583 1.48156 0 0.0
0.03280696 0.04914336 -5.884291 -2.380597 0.4099195 0.2826056 0.2278528 18.16617 1.231066 0 0.0
0.03743483 0.05527579 -13.20724 -7.494537 2.571307 1.853082 0.2784329 19.76818 1.314159 0 0.0
0.04235829 0.06759532 0.9389531 -0.4700978 1.250897 0.7228861 0.7085507 19.22802 1.155968 0 0.0
0.03712127 0.07023904 -5.167811 -7.145823 2.171063 1.30967 0.7812498 19.72196 1.038319 0 0.0
0.05476699 0.05223332 -1.313908 -3.990003 0.1880561 0.1072963 0.3525268 16.61533 2.000073 1 0.0
0.07615345 0.03318419 -2.556217 -1.121239 0.5821189 0.3725001 0.06340765 18.50177 1.625402 0 0.0
0.05529367 0.04302627 -3.731011 -5.117594 0.1450329 0.08627899 0.3087728 15.91472 2.258798 1 0.0
0.04423982 0.05316924 -2.110634 -4.886857 0.658487 0.430184 0.4367241 18.96297 1.340237 0 0.0
0.03091666 0.03982655 -4.871914 -9.037749 1.64292 1.042611 0.4002582 19.39831 nan 0 0.0
0.03358022 0.0561774 -3.335915 -6.27569 0.582273 0.3590368 0.3637663 18.80827 nan 0 0.0
0.08147721 0.009792137 -1.391338 -2.953539 0.3940507 0.2559713 0.2287513 18.11012 1.424534 0 0.0
0.06993701 0.0378693 0.56472 -2.47797 1.259483 0.7492316 0.4193517 19.16208 1.743908 0 0.0
0.01754706 0.04506733 -6.127985 -5.802512 0.4590847 0.3037481 0.4024923 17.8409 1.279253 0 0.0
0.03278728 0.07055906 -4.688454 -7.674394 1.311955 0.8283551 0.6957926 19.15314 1.544193 0 0.0
0.01969676 0.02694522 -4.491163 -9.62148 1.62374 0.9885899 0.5170132 19.48461 1.342871 0 0.0
0.04274809 0.04609934 0.1421007 -0.9254861 1.828272 0.9298531 0.5654833 19.55199 1.500622 0 0.0
0.03222603 0.06149362 -6.154971 -7.893079 2.140051 1.334093 0.683242 19.61549 1.378614 0 0.0
0.03783501 0.05901785 4.073906 -0.07126855 2.06049 1.236689 0.72783 19.65035 nan 0 0.0
0.01919434 0.04054661 -8.3601 -5.55936 0.1599863 0.09901743 0.2509176 16.50649 1.757367 1 0.0
0.02594519 0.03699363 0.1768805 -4.778884 1.872725 1.117292 0.5466319 19.36689 nan 0 0.0
0.07883017 0.02309036 11.74024 4.081382 0.7353812 0.4102483 0.3610827 18.05937 1.457354 0 0.0
0.03144775 0.03806591 -3.498337 -2.41126 0.3202499 0.2034164 0.1861962 18.00212 1.399628 0 0.0
0.07710529 0.02655734 -6.945897 -2.873889 0.3479145 0.2182618 0.09299947 17.96367 nan 0 0.0
0.0811782 0.001419114 -4.288268 -2.663165 0.5036653 0.3239611 0.3332454 18.55278 1.781336 0 0.0
0.01326625 0.0377018 -2.263536 -1.356977 0.1506827 0.08958659 0.2897842 13.37389 3.24063 1 0.0
0.05855808 0.03397025 2.950403 -1.333762 0.3749992 0.2381626 0.3738738 18.17702 1.48138 0 0.0
0.04187881 0.06545166 -4.180903 -3.930169 0.357437 0.2517021 0.5315348 17.51638 1.719524 0 0.0
0.05506003 0.05335468 -0.4478678 -0.9870785 0.5295315 0.3076862 0.4883175 18.03781 1.674345 0 0.0
0.01082065 0.03631163 -4.155187 -3.795117 0.07763998 0.04763791 0.1863157 14.92539 1.783711 1 0.0
0.03762496 0.06615332 -5.841505 -3.718784 1.562781 0.9546164 0.6851813 19.60668 1.871229 0 0.0
0.03793827 0.05075137 -4.016062 -2.220991 2.061989 1.230421 0.5502768 19.64912 0.946991 0 0.0
0.04896471 0.03813908 -5.776426 -6.696409 2.154642 1.283758 0.4665683 19.36436 nan 0 0.0
0.01996365 0.03257947 -4.178862 -4.671645 0.2849715 0.1924859 0.557761 17.43162 1.73535 0 0.0
0.05340436 0.03929269 -4.951803 -5.634247 0.2215722 0.1375512 0.2543965 16.80331 1.916213 0 0.0
0.05545759 0.05112669 -1.487254 -4.879717 1.370661 0.7938084 0.648084 19.05415 1.699656 0 0.0
0.02137166 0.02922607 -1.504247 -0.2572953 1.778706 1.026553 0.5993759 19.50998 2.214333 0 0.0
0.0440288 0.05699548 -6.763602 -3.575976 0.2829616 0.1870196 0.4008921 17.20015 1.981426 1 0.0
0.05540603 0.05407738 -5.590779 -7.697405 0.7753668 0.4158509 0.5565518 18.4186 nan 0 0.0
0.0315282 0.04034898 -6.96082 -6.586898 0.1742807 0.1096474 0.2107852 16.76293 1.706655 1 0.0
0.07124984 0.01476848 -3.658309 -7.316648 1.483165 1.075518 0.6006605 19.64205 nan 0 0.0
0.0215872 0.04291887 -3.487424 -2.138074 1.742103 1.030171 0.4987626 19.55816 1.674398 0 0.0
0.05529431 0.04419166 1.50921 -1.82237 0.1408847 0.08242004 0.3420882 16.23327 1.781825 0 0.0
0.02121299 0.03302935 -4.512063 -4.133845 1.232676 0.7954131 0.7165601 19.18615 1.539019 0 0.0
0.07702206 0.02194352 -3.775962 -1.32562 0.3570436 0.2227888 0.180315 18.05322 1.695217 0 0.0
0.03810396 0.06726512 -1.457391 -0.9110668 1.578605 1.007505 0.8119156 19.45085 1.744814 0 0.0
0.07312598 0.03683136 -7.729057 -6.106124 0.4166138 0.311494 0.4025653 17.34581 1.899796 0 0.0
0.06945724 0.03595846 -4.946853 -4.136927 0.2808527 0.1870394 0.328765 17.26017 1.782789 1 0.0
0.04031011 0.06546946 0.125232 -4.666478 0.1222707 0.07581766 0.2188739 16.07408 1.893641 1 0.0
0.01254818 0.03459291 0.2617686 -5.607745 0.1072816 0.06652262 0.1897937 15.28228 2.282269 1 0.0
0.02137346 0.03775382 -5.060051 -7.516803 1.736115 1.167412 0.8229181 19.32729 1.635159 0 0.0
0.05931511 0.05587762 -3.935134 -4.482901 0.4161962 0.2557476 0.4553004 17.86862 1.843885 0 0.0
0.03709062 0.05911731 0.2320025 -2.69595 0.7529697 0.4802812 0.3916286 18.95665 1.343752 0 0.0
0.01749129 0.02997067 -6.386309 -4.401513 0.1241111 0.0775198 0.1807771 15.12143 2.577141 1 0.0
0.0133456 0.03470534 -0.03178702 0.0290709 1.389336 0.7939754 0.7111971 19.32453 1.365568 0 0.0
0.03836018 0.04163409 0.2578913 -6.21864 1.051643 0.639729 0.2551818 18.50718 1.541019 0 0.0
0.07231211 0.01374348 -0.3321947 0.7064227 0.6094797 0.3635375 0.2998498 18.85033 1.596729 0 0.0
0.07826664 0.01607366 1.721311 -6.970944 1.214879 0.7985657 0.5894216 19.32877 1.416771 0 0.0
0.06625861 0.02220671 -0.4528414 -6.028018 0.271736 0.188346 0.5206378 17.43935 1.756451 0 0.0
0.0629406 0.02882923 0.3639279 -1.277782 1.824976 1.324879 0.5665892 19.82179 1.352932 0 0.0
0.01438206 0.03354553 -4.230387 -6.037656 1.735084 0.9164291 0.6213235 19.49447 1.356768 0 0.0
0.05601701 0.05321683 -2.989709 -5.688874 1.864177 1.035938 0.7609103 19.52155 1.299049 0 0.0
0.04955491 0.04924528 1.126834 0.8310448 0.3920212 0.2363824 0.3959377 18.18496 1.466633 0 0.0
0.01358667 0.04851642 -2.928273 -8.276499 2.435315 1.786161 0.04072559 20.05834 nan 0 0.0
0.06775791 0.03868903 -1.593261 -2.373928 0.7696117 0.4266332 0.1471812 18.86512 1.409838 0 0.0
0.05083155 0.05046344 3.237314 -0.606057 0.6060496 0.3643018 0.5530857 18.28044 nan 0 0.0
0.03854863 0.04789775 -0.1734142 -0.8628124 0.4381228 0.281202 0.3247938 18.21197 1.338121 0 0.0
0.05552635 0.03102701 -0.229293 -2.522871 2.075708 1.3481 0.8119827 19.3436 nan 0 0.0
0.03886865 0.05056601 -4.579647 0.003408068 1.986172 1.164133 0.6444044 19.60259 0.9789944 0 0.0
0.02631806 0.0398145 1.112092 -1.885385 0.3381398 0.2101986 0.3339056 18.0533 1.431496 0 0.0
0.07526936 0.02380069 -3.968181 -6.161612 0.5894584 0.3669404 0.2490439 18.83195 1.57987 0 0.0
0.06750869 0.02365738 15.21939 -0.2123567 1.736622 1.071599 0.3383954 19.13851 nan 0 0.0
0.06210399 0.05158441 -4.169958 -6.117395 2.096061 1.321993 0.501464 19.67173 1.121733 0 0.0
0.06438744 0.04712552 -6.670375 -4.076273 1.704507 1.089745 0.5775267 19.7617 nan 0 0.0
0.02063214 0.05226889 -2.787144 -6.900167 0.4551581 0.2818073 0.3354428 18.12527 1.859285 0 0.0
0.07659613 0.02101497 -3.866708 -11.68002 1.491936 0.9322802 0.5779073 19.31038 1.52207 0 0.0
0.07143987 0.02045034 1.848167 -5.880841 2.223945 1.225313 0.6520152 19.73112 nan 0 0.0
0.03222931 0.07183716 -6.871033 -3.407452 0.9873774 0.638155 0.3162266 19.01018 nan 0 0.0
0.04118071 0.04864058 -20.08149 -16.75577 1.602778 1.02323 0.6871618 19.31093 1.557449 0 0.0
0.02182876 0.0536858 -4.312248 -6.539683 0.106323 0.0655478 0.1991979 14.08611 2.710168 1 0.0
0.0437422 0.07057973 -0.4966405 -4.268144 1.70156 0.985907 0.4783351 19.53249 nan 0 0.0
0.04386599 0.04935662 -5.538954 -8.67364 1.856668 1.13176 0.6508983 19.19618 1.490158 0 0.0
0.06397717 0.0288324 -4.931552 -0.6049805 0.1303391 0.07972799 0.2025176 16.26949 2.005082 1 0.0
0.03907696 0.0392172 -7.602644 -4.876442 2.171453 1.132646 0.6339072 19.77834 nan 0 0.0
0.01993821 0.03837972 -0.500522 -0.7551763 0.1469805 0.09109106 0.2231469 16.60032 1.849242 1 0.0
0.06392378 0.02847385 2.440219 -9.38392 2.131466 1.640982 -0.510873 19.13696 nan 0 0.0
0.06252285 0.04102698 -6.033168 -9.858742 1.936995 1.209383 0.6122061 19.49879 nan 0 0.0
0.04969117 0.05606207 -9.533507 -8.710504 0.327398 0.2114073 0.3995104 17.8631 1.503595 0 0.0
0.01470107 0.03388881 -4.482376 -7.594298 1.856558 1.113247 0.6153234 19.46398 nan 0 0.0
0.02839878 0.06616014 -2.532825 -7.68947 0.3480767 0.210068 0.2382313 18.02038 1.774912 0 0.0
0.04075653 0.05155136 -3.565657 -0.9571107 0.7190254 0.4416916 0.4519222 18.91724 1.475496 0 0.0
0.01637608 0.03681633 -0.5690092 -6.173971 1.443517 0.8317275 0.6802307 19.25939 nan 0 0.0
0.02233497 0.05866005 -2.319657 -5.602422 0.2924422 0.2001248 0.5470904 17.48064 1.364031 0 0.0
0.01541903 0.03586472 -6.02247 -7.732003 1.783234 1.154446 0.7212278 19.38574 1.444839 0 0.0
0.01238918 0.03852016 -5.389875 -5.844493 1.109652 0.6561146 0.6398285 18.95436 1.745844 0 0.0
0.01685444 0.03622879 -6.539218 -4.727478 0.6269466 0.4321153 0.5620477 17.40009 1.825464 0 0.0
0.04282593 0.04158652 -1.226761 -2.996727 0.9998827 0.5396544 0.6079625 19.0325 1.31575 0 0.0
0.02347032 0.02463271 -2.487431 -0.11263 1.25989 0.7599956 0.7132638 19.13354 1.343788 0 0.0
0.03235839 0.05967969 -0.7546746 -6.989409 2.302995 1.321599 0.6724725 19.70535 1.527426 0 0.0
0.06503339 0.01802469 -1.71432 -7.029459 0.1864414 0.1174702 0.2872605 16.96525 1.952097 1 0.0
0.02187601 0.0262257 -1.039945 -3.278608 0.5530428 0.3306859 0.3972278 18.70762 1.36397 0 0.0
0.0395054 0.04728894 -4.218274 -4.028143 0.6725266 0.4365728 0.3689099 18.61677 1.571062 0 0.0
0.01039589 0.04152827 -7.871171 -2.188772 0.1790472 0.1136818 0.3021097 16.93093 1.723521 0 0.0
0.07397232 0.03100952 -3.037527 -3.951678 0.3139715 0.2004718 0.4694831 17.53946 1.543814 0 0.0
0.05492329 0.04630138 2.178325 -4.72026 2.09806 1.276019 0.6393997 19.54825 1.201328 0 0.0
0.02738543 0.05508445 -3.398106 -6.825536 0.8196663 0.5347886 0.2749676 18.43131 1.572767 0 0.0
0.02414287 0.05875691 2.397658 -2.867512 0.1216123 0.07545169 0.2058899 16.12671 1.847805 1 0.0
0.01547201 0.03470886 -8.745014 -3.283118 1.505018 0.8969691 0.7856878 19.36449 1.567331 0 0.0
0.03722668 0.06765646 -8.543331 -6.301124 1.095931 0.6803576 0.7059657 19.16738 1.776024 0 0.0
0.02438263 0.06074813 -7.995176 -5.955786 0.5291432 0.3320631 0.2796645 18.26288 1.57345 0 0.0
0.06026857 0.049764 -3.838216 -5.846219 0.3884234 0.2286576 0.430908 17.64974 1.852289 0 0.0
0.01781366 0.04947707 -0.5787706 -4.944972 0.4416858 0.2749272 0.3589774 18.32022 nan 0 0.0
0.06915343 0.01917591 1.199557 2.596582 0.215392 0.1347082 0.2038621 14.95707 1.13669 0 0.0
0.01568664 0.04758152 -1.777088 0.7344036 1.925492 1.205938 0.7279236 19.53648 1.591434 0 0.0
0.03613602 0.06621299 -3.443398 -4.680118 0.1524278 0.09500108 0.2126716 15.21018 2.950468 1 0.0
0.01355949 0.0440456 -6.524364 3.958414 2.315333 1.634204 0.2588917 19.87037 nan 0 0.0
0.02291613 0.04207553 -4.322352 -2.602293 0.1460679 0.0901166 0.202936 14.80894 3.318221 1 0.0
0.03644434 0.03624081 -1.784323 -2.210906 0.4190898 0.2521644 0.490125 17.89762 1.430285 0 0.0
0.03807061 0.04919302 -4.03406 -5.914331 0.2437032 0.1456395 0.1644047 16.7831 1.966865 0 0.0
0.02328531 0.029136 -3.977028 -1.457312 0.2632473 0.1808981 0.5422464 17.25623 1.740744 0 0.0
0.06788129 0.02444105 -0.7131265 -5.22474 0.1655012 0.1029801 0.2799002 16.58179 1.919712 1 0.0
0.07863172 0.007072595 -3.398156 -6.017012 0.3402594 0.2246394 0.207348 16.77139 1.871494 0 0.0
0.05038325 0.05777835 -3.127677 -5.980927 1.070157 0.6411599 0.6799032 19.07017 1.321569 0 0.0
0.03189798 0.03282438 -3.3799 -1.116799 1.717886 0.947227 0.7072028 19.42609 0.9638653 0 0.0
0.01613877 0.04886127 -4.9844 -4.244857 1.154606 0.727581 0.6609317 19.15977 1.577061 0 0.0
0.01770531 0.03790521 -3.380404 -8.480127 0.1453938 0.08943541 0.2186973 16.57196 1.88952 1 0.0
0.04250802 0.04413488 -6.514577 -4.604421 0.1421668 0.08423157 0.2923304 16.32804 1.786635 1 0.0
0.06461297 0.02555517 -2.210113 -5.739985 1.785052 0.967485 0.5802745 19.46967 1.184538 0 0.0
