data/gcs/NGC_6093_M_80.ecsv
# %ECSV 0.9
# ---
# datatype:
# - {name: x, unit: deg, datatype: float64}
# - {name: y, unit: deg, datatype: float64}
# - {name: pmx, unit: mas / yr, datatype: float64}
# - {name: pmy, unit: mas / yr, datatype: float64}
# - {name: pmx_e, unit: mas / yr, datatype: float64}
# - {name: pmy_e, unit: mas / yr, datatype: float64}
# - {name: pm_corr, datatype: float64}
# - {name: g_mag, unit: mag, datatype: float64}
# - {name: bp_rp, unit: mag, datatype: float64}
# - {name: filter, datatype: int64}
# - {name: memberprob, datatype: float64}
# meta: !!omap
# - comments: [deg deg mas/yr mas/yr mas/yr mas/yr dimless mag   mag   zeroone float]
# - __serialized_columns__:
#     bp_rp:
#       __class__: astropy.units.quantity.Quantity
#       unit: &id001 !astropy.units.Unit {unit: mag}
#       value: !astropy.table.SerializedColumn {name: bp_rp}
#     g_mag:
#       __class__: astropy.units.quantity.Quantity
#       unit: *id001
#       value: !astropy.table.SerializedColumn {name: g_mag}
#     pmx:
#       __class__: astropy.units.quantity.Quantity
#       unit: !astropy.units.Unit {unit: mas / yr}
#       value: !astropy.table.SerializedColumn {name: pmx}
#     pmx_e:
#       __class__: astropy.units.quantity.Quantity
#       unit: !astropy.units.Unit {unit: mas / yr}
#       value: !astropy.table.SerializedColumn {name: pmx_e}
#     pmy:
#       __class__: astropy.units.quantity.Quantity
#       unit: !astropy.units.Unit {unit: mas / yr}
#       value: !astropy.table.SerializedColumn {name: pmy}
#     pmy_e:
#       __class__: astropy.units.quantity.Quantity
#       unit: !astropy.units.Unit {unit: mas / yr}
#       value: !astropy.table.SerializedColumn {name: pmy_e}
#     x:
#       __class__: astropy.units.quantity.Quantity
#       unit: &id002 !astropy.units.Unit {unit: deg}
#       value: !astropy.table.SerializedColumn {name: x}
#     y:
#       __class__: astropy.units.quantity.Quantity
#       unit: *id002
#       value: !astropy.table.SerializedColumn {name: y}
# schema: astropy-2.0
x y pmx pmy pmx_e pmy_e pm_corr g_mag bp_rp filter memberprob
[from data line 4302]
-0.03421957 0.08306275 -5.319391 -1.796392 0.5944289 0.4400734 -0.0269718 19.01148 0.9434471 1 0.0
-0.03698142 0.05609404 -2.721347 -6.293951 0.7515307 0.5615557 -0.03597117 19.32813 0.7900467 0 0.0
0.01433351 -0.04452955 -0.1025643 -5.909755 1.013927 0.610345 0.2429442 19.26883 0.8405037 0 0.0
-0.09191127 0.003455546 -4.925338 -6.477633 1.149324 0.8546703 0.02183677 19.97366 1.199125 0 0.0
-0.02138657 0.0001510634 -3.272626 -4.188079 1.948845 1.379405 0.2948574 19.83404 1.147573 0 0.0
-0.01059703 -0.005483875 -0.2006724 -3.792895 0.6824552 0.5264969 -0.2773787 18.20741 1.119051 0 0.0
0.03490083 -0.01588492 -1.063054 -6.055597 2.953868 1.900115 0.7621385 20.09658 nan 0 0.0
-0.03072972 0.004694474 -1.170474 -7.246416 1.34102 0.9545764 0.3230464 19.69955 nan 0 0.0
-0.01396685 -0.02133806 -1.956686 -5.386996 0.6009135 0.4209505 -0.01098208 18.06546 1.028318 0 0.0
-0.03098253 0.004368259 -0.9652694 -5.404666 1.40603 1.037596 0.3116738 19.62869 nan 0 0.0
0.0006971546 -0.03917868 -2.685844 -5.124191 0.7908889 0.5293301 0.1894441 19.1398 0.7496071 0 0.0
-0.04855645 0.001446752 -2.746068 -4.428583 2.854101 2.475348 -0.4447137 20.65745 0.3252277 0 0.0
-0.01072495 0.0133035 -2.705256 -4.730865 0.5485637 0.3209663 0.276091 17.19853 1.105209 0 0.0
0.003744805 -0.03713977 -8.05385 -4.272428 2.062722 1.384082 0.06349432 19.62494 nan 0 0.0
-0.01823092 -0.0652133 -5.189511 -5.184194 2.730367 1.858459 0.01491945 20.40069 0.5999565 0 0.0
0.02633345 -0.01042224 -2.712426 -5.147745 0.3067084 0.2092137 0.1737016 17.55834 1.124771 1 0.988534
0.009970943 0.02329806 -3.958898 -4.734907 2.636532 2.217847 -0.3808115 20.29998 0.8308945 0 0.0
0.03419584 -0.02637135 -3.06889 -5.586499 0.8037309 0.5383796 0.2287122 19.1242 0.8465137 0 0.0
-0.02318733 0.01514825 -2.676818 -4.798471 1.026215 0.8360826 -0.3574456 19.13734 0.7756329 0 0.0
-0.02371621 -0.01342393 -7.096812 -2.116085 1.790697 1.505342 -0.4226395 19.92568 0.7022095 0 0.0
-0.1011773 0.0706143 6.44621 -1.03964 4.028544 2.069898 -0.3134608 20.78739 1.492857 0 0.0
-0.02393914 -0.02365117 -3.358742 -3.868154 1.212703 0.7950326 0.07698453 18.99402 0.8954754 0 0.0
0.02296277 -0.006589765 -1.651567 -3.78786 1.425446 1.05119 0.4629425 19.45786 0.7673397 0 0.0
-0.01649035 -0.06050956 -2.778019 -5.549241 0.08428919 0.0607821 -0.2127209 14.89809 1.394684 1 0.9974979
-0.01358952 -0.002287426 -2.952202 -5.84497 0.6186373 0.434941 -0.0355871 18.048 1.007706 0 0.0
-0.1190593 0.04228324 -8.626271 1.224371 2.301451 1.782194 -0.3647791 20.63773 1.436569 0 0.0
0.01913218 0.02456356 -2.698031 -5.886242 1.381159 0.9443452 -0.2726817 19.57046 0.7617798 0 0.0
-0.02281708 -0.01416191 -3.826271 -5.584516 0.8844177 0.6535584 -0.3997513 18.96615 0.8941727 0 0.0
-0.08561852 -0.08339334 -1.548286 -1.991712 1.026021 0.6663152 -0.2216398 19.30995 1.15436 1 2.156865e-06
0.002706166 -0.004760601 -2.898714 -7.022227 0.5285442 0.3310367 0.1868665 15.47281 nan 0 0.0
-0.07543442 0.08309754 -0.8921007 -11.42166 0.7440521 0.5448165 0.02816367 19.33728 1.301558 1 0.0
-0.0668945 0.06812745 -1.890551 -5.979364 0.6142752 0.4180586 0.05598483 18.86255 0.9466305 1 0.8045338
-0.0137026 0.004594276 -3.396493 -5.446859 0.09817284 0.06426526 -0.2588864 14.65951 1.443687 0 0.0
-0.03656779 -0.01830579 -2.645069 -6.112745 1.086141 0.7456117 0.0247434 19.49084 0.752676 0 0.0
-0.01914405 0.03696513 -3.968312 -8.609288 1.116965 0.6850868 0.2130147 19.58145 0.7529659 0 0.0
-0.03455876 0.03512339 -2.857193 -5.911725 0.9489055 0.7012726 -0.3703951 19.42098 0.7696247 0 0.0
-0.01955931 -0.006640728 -2.62561 -5.802866 0.1149846 0.0758662 -0.07236527 15.80726 1.320144 1 0.9929198
0.03434327 0.001071549 -0.8473148 -5.175776 1.048162 0.7365129 0.1819924 19.51584 0.7037106 0 0.0
-0.03451883 0.04384189 -2.476951 -5.14824 1.970311 1.626542 -0.3375654 20.48045 0.9352779 0 0.0
0.02197851 -0.01228494 -4.450613 -6.964115 3.13512 2.35727 0.64602 19.8986 nan 0 0.0
0.03660147 -0.01219084 -2.815261 -4.065305 1.685244 1.259738 0.3796102 19.56382 nan 0 0.0
0.00600891 0.02929691 -0.6468296 -4.985113 0.8608083 0.5635421 -0.04451817 18.85808 1.051229 0 0.0
0.02556775 0.02606358 -3.831768 -4.306183 1.721726 1.396601 -0.4380474 19.73787 0.7092648 0 0.0
-0.03070247 0.008425254 -2.623762 -5.280321 0.3955164 0.2941105 -0.1237443 18.27101 1.065056 0 0.0
-0.02482338 0.04936007 -1.52006 -5.684752 1.084818 0.8113426 -0.07283362 19.85427 0.8487206 0 0.0
-0.01478576 0.0174268 -2.540656 -5.464171 0.2821723 0.1810909 -0.2228977 17.28325 1.187084 0 0.0
0.002200104 -0.02571472 -7.153797 -7.392058 1.163118 0.8539869 0.2595928 19.2767 nan 0 0.0
0.005278205 0.02836997 -2.716035 -5.474811 0.2165318 0.1440197 0.02936526 17.01991 1.170368 0 0.0
-0.01924616 -0.03539968 -0.7459567 -3.500866 1.809207 1.240065 0.236872 20.35015 0.6646366 0 0.0
0.02311654 -0.01098814 6.965865 0.3591065 2.089382 1.422301 0.5910056 19.4397 0.8028545 0 0.0
0.01101075 0.0239255 -3.727113 -3.973031 1.878916 1.346806 -0.3398108 19.97367 0.8017178 0 0.0
0.002481034 -0.02475152 -0.7366339 -6.312408 4.201007 2.105123 0.2237807 20.2069 nan 0 0.0
-0.009498641 -0.04344384 -1.978803 -6.716338 1.088169 0.7339176 0.2481427 19.62628 0.7106457 0 0.0
-0.1159943 -0.04129032 -8.159791 -5.763003 3.112188 2.595664 -0.397541 20.70111 0.9466572 0 0.0
-0.04173858 -0.1033922 1.351751 -3.518782 0.9323634 0.5662475 0.2101358 19.32211 1.684483 1 8.512368e-05
0.02451956 -0.02030388 -3.535313 -5.829288 0.7601944 0.4997455 0.3450612 18.90538 0.9410763 0 0.0
0.02306526 0.01774989 -13.2108 -2.068881 3.224967 2.412272 -0.6846196 20.02553 nan 0 0.0
-0.01118755 0.0006939797 -5.173366 -4.814323 0.4290574 0.2782366 -0.2292326 17.54069 1.045408 0 0.0
-0.03168069 0.0461047 -2.7917 -4.748022 0.9554994 0.737162 -0.1056964 19.48831 0.806284 0 0.0
0.0045314 -0.03393736 -6.160273 -5.929996 0.7909412 0.546593 0.1614375 19.20664 0.7158337 0 0.0
0.01290181 -0.03670928 -3.676452 -2.547452 0.6167981 0.3894321 -0.1484347 18.27392 nan 0 0.0
0.03199332 -0.01525669 -4.09723 -5.374387 0.9950606 0.6967699 0.5019608 19.11206 0.7530212 0 0.0
-0.01038414 -0.0337851 -0.8522 -5.19769 0.9446549 0.6565105 0.1110232 19.47754 0.6909294 0 0.0
-0.08610036 -0.01038989 0.3691164 -3.083483 2.387294 1.84551 -0.3870876 20.63234 0.8477859 0 0.0
-0.09607859 -0.06290783 -9.391844 -4.130293 0.1359529 0.0893284 -0.2814382 15.82887 1.255541 1 0.0
-0.04022251 -0.103468 -5.404105 3.963624 0.4808441 0.2904248 0.1557697 18.30126 1.087317 1 0.0
-0.01915107 -0.01273274 4.141848 -11.50648 1.128807 0.9092064 -0.4327615 19.08712 0.8799458 0 0.0
0.02342385 -0.0209312 -2.398163 -6.037074 1.954366 1.123392 0.7868246 19.12043 0.840723 0 0.0
0.0159541 0.00259322 -0.5805525 -8.482748 2.052539 2.194939 -0.4964423 19.3747 nan 0 0.0
-0.01093451 -0.001444137 -4.687278 -4.009546 0.4226392 0.2868217 -0.3818665 17.49647 nan 0 0.0
0.006386746 -0.003526671 3.1581 -11.06754 0.7838578 0.7223343 -0.5732036 16.62531 0.5510674 0 0.0
-0.07389976 0.1044111 -26.67373 3.455971 2.554726 2.182771 -0.4805804 20.68842 1.998716 1 0.0
-0.03762243 0.03637951 -2.287469 -6.319462 2.018048 1.585371 -0.2978298 20.38939 0.5283165 0 0.0
0.00838324 0.02372923 -0.1759511 -8.044466 2.471637 1.591451 -0.4914818 19.83122 0.7833862 0 0.0
0.03390659 -0.003624234 -3.149398 -5.673678 0.1066415 0.07282917 -0.09095125 15.594 1.301437 1 0.9976999
-0.01620811 -0.07209856 -2.686273 -6.354983 1.2417 0.8513535 0.2480604 19.81045 0.7582722 0 0.0
-0.02429764 0.01724232 -2.876334 -5.709868 0.3086431 0.2149656 -0.3185421 17.62015 1.123388 0 0.0
0.01144294 -0.01594003 6.321331 -0.3465772 1.521446 1.085178 0.6123402 19.2399 1.0098 0 0.0
-0.11236 -0.07128602 -7.343195 -3.345078 1.08704 0.6968726 -0.2183631 19.28839 1.449034 1 0.0004499976
-0.01266449 0.02059894 -2.275419 -5.561049 0.3467482 0.2198376 0.0854453 17.64557 1.09889 0 0.0
0.01687777 -0.02573483 -1.180713 -5.478925 1.94475 1.127499 0.4949334 19.86653 0.8013954 0 0.0
-0.01754186 -0.07310009 8.142757 -12.35744 0.5907576 0.3896533 0.1793492 18.69258 0.8897095 1 0.0
-0.001016607 0.009670422 -0.1420605 -12.20039 1.169464 0.7815794 -0.04811423 17.37333 0.9180613 0 0.0
-0.05168727 0.03304082 -4.710535 -5.725368 1.463671 1.186875 -0.02723379 20.23298 0.8753986 0 0.0
0.01775354 0.0119371 -0.9325882 -2.806126 1.189089 0.918201 -0.3666557 18.54856 nan 0 0.0
0.02868541 -0.0478964 -2.481592 -8.862241 3.247778 1.507307 0.1866473 20.16843 0.2477589 0 0.0
-0.09257561 -0.09291749 -3.05279 0.5848149 0.8851385 0.5862278 -0.290721 19.02576 1.015257 1 0.0
-0.02742323 0.04916501 -3.07488 -6.208243 0.6711892 0.4919349 -0.06939592 19.1791 0.8414955 0 0.0
-0.03545983 -0.01180525 -1.978654 -5.161753 1.485956 1.014854 -0.0007333266 19.92203 0.5846386 0 0.0
0.0472576 -0.02805947 -5.16615 -5.180859 1.797968 1.258633 0.4856395 20.02954 0.8903198 0 0.0
-0.04736982 0.06299921 -3.478435 -5.173696 0.2669749 0.1900922 -0.02641029 17.66339 1.127426 1 0.8632724
0.03337375 0.0003279255 -3.600612 -6.160539 1.070957 0.6979545 0.106933 19.47136 0.6388607 0 0.0
-0.01731184 -0.005520808 -1.16956 -5.961321 1.588304 1.207836 -0.363739 18.95243 0.8811131 0 0.0
0.02707626 -0.01882808 -3.580964 -5.82971 0.5769351 0.3920562 0.3291379 18.50613 1.094999 0 0.0
-0.0008620576 0.008592771 -3.269875 -6.626629 0.4287591 0.2895551 0.01725625 16.731 1.032299 0 0.0
-0.0576556 0.02447823 -1.963739 -5.778504 1.736232 1.35474 -0.2584323 20.14234 0.8458176 0 0.0
-0.08060841 0.01400659 -2.896223 -2.879942 1.279446 1.165988 0.09559909 19.8933 nan 0 0.0
-0.02277872 0.008270419 -3.091714 -5.51507 0.05799279 0.03917597 -0.1678037 13.67857 1.558556 1 0.9988484
-0.06629462 0.04859459 -1.333913 -5.970928 1.303908 1.015128 -0.09792814 20.11896 0.8541431 0 0.0
-0.03976546 0.01275829 -3.161722 -2.795856 0.1658102 0.1188469 -0.1066791 16.65928 1.040462 1 0.0
-0.007575295 -0.03188138 -1.829717 -5.027091 0.6361164 0.424668 0.04217983 18.87306 0.9371471 0 0.0
-0.08093161 0.01410176 0.7538508 -6.586363 1.068884 0.764479 -0.01246742 19.46479 1.212999 0 0.0
0.0118819 0.02399028 3.849013 -5.106374 3.042241 2.696554 -0.5628942 20.44194 0.6181755 0 0.0
0.006737037 -0.02169418 -4.344586 -6.409326 1.944813 1.138268 0.2970507 19.6623 nan 0 0.0
-0.06572814 0.06860867 0.5257003 1.213389 0.4462748 0.3222726 -0.03346701 18.40611 0.8551464 1 0.0
-0.0324039 0.01458941 -1.646646 -5.003343 2.340007 1.237728 -0.1636726 20.0065 0.6604385 0 0.0
-0.06011951 0.004146723 1.659059 -7.912288 3.099402 2.048844 -0.1734357 20.56766 1.231693 0 0.0
0.007411245 -0.02173046 -1.136512 -4.047611 2.777535 1.593714 0.4113595 19.97583 nan 0 0.0
0.02277294 -0.04932387 -3.749742 -13.87694 3.238078 1.494025 -0.0733904 20.37618 0.7615604 0 0.0
0.02539981 -0.04506142 -2.921298 -5.86513 1.216201 0.6860999 0.3925973 19.41232 0.6918221 0 0.0
-0.09104197 -0.01483344 -3.657835 -4.956003 2.164424 1.688631 -0.3916615 20.4802 2.082567 0 0.0
0.004560576 -0.00175467 -4.394396 -6.425201 0.1654287 0.1028249 0.008190197 15.26261 1.034343 0 0.0
0.0342209 -0.03831898 -5.633187 -5.374594 1.06304 0.5922812 0.3409912 19.09669 0.8157959 0 0.0
-0.006622166 0.007480627 -3.73815 -8.231159 0.784237 0.5367979 0.08106841 17.25373 1.077614 0 0.0
-0.00496442 0.008665161 2.052801 -4.598386 1.661603 0.8671082 -0.007914535 18.40107 nan 0 0.0
-0.01255193 0.01889187 -0.360496 -7.664215 1.890016 0.8502441 0.1278972 19.22136 nan 0 0.0
-0.005863853 0.0152264 -3.887411 -6.091849 0.3443112 0.2210863 0.08565378 16.69032 1.156235 0 0.0
-0.003222217 0.004305015 -0.8896104 -6.938318 1.134026 0.609325 0.1451374 16.39149 nan 0 0.0
-0.02402499 -0.09359362 -2.270926 -5.883106 0.3013524 0.1916935 0.0697226 17.46408 1.158209 1 0.8041654
-0.05510174 -0.03610955 1.340424 -4.10319 0.8870813 0.5876844 0.07495049 19.28227 1.004585 0 0.0
0.02594692 0.02498776 -1.670918 -5.86874 1.825381 1.376919 -0.6444787 19.42899 0.7739582 0 0.0
-0.006172202 -0.001159641 -5.914434 -5.656005 0.7403067 0.5044449 -0.03565705 16.51883 nan 0 0.0
0.007145947 0.008069971 0.008522993 -5.573113 0.5572197 0.3071843 -0.09187012 16.56453 nan 0 0.0
0.01248468 0.008781024 -4.534198 -5.734648 1.038864 0.5741256 0.2627377 16.65082 1.158978 0 0.0
-0.02234102 -0.08962796 -7.107299 -3.331539 0.3819603 0.2348578 0.1838993 17.88576 1.403296 1 0.0
-0.005144406 -0.0609378 5.880354 -3.103222 0.5493623 0.3634232 0.1408037 18.58384 1.886877 1 0.0
0.04948586 -0.003259015 9.002523 0.2898534 1.67683 1.115076 0.3769896 19.83763 1.94733 0 0.0
-0.03461031 -0.03792235 -2.313486 -10.40582 3.257588 2.112826 -0.228874 20.67022 0.5324421 0 0.0
-0.07901028 -0.003973049 0.1107195 -0.09631203 0.2510753 0.1762064 -0.0350944 17.47019 1.105072 1 0.0
0.01050163 -0.01836229 -2.126262 -4.644491 1.095526 0.6524956 0.3548787 19.24452 nan 0 0.0
-0.08457461 -0.02419622 -1.297925 -4.607761 3.206322 2.676002 -0.6452374 20.7092 1.007828 0 0.0
-0.02961467 -0.01904032 -1.971391 -5.190511 1.136778 0.7224919 0.1154631 19.47604 0.9128551 0 0.0
-0.02467159 -0.01235217 2.092637 -10.2225 1.28739 0.8494303 -0.09668878 19.66061 nan 0 0.0
-0.07207376 -0.1031741 -6.106075 -5.608356 1.448523 0.9310353 -0.2141696 19.74446 0.7667618 0 0.0
0.0322604 -0.01444422 -2.851136 -5.702667 1.220653 0.8755147 0.4844234 19.39648 0.6756744 0 0.0
-0.09087741 0.09580623 -6.243133 -6.923623 1.937711 1.525195 -0.3482611 20.43645 1.495756 1 0.1161239
-0.03757252 0.008433055 -3.830996 -5.329199 1.165373 0.9691273 -0.01607154 19.86975 0.7397785 0 0.0
-0.009902475 -0.09017006 1.666572 -1.747013 1.202097 0.7067542 0.3497252 19.51884 1.379253 1 1.519893e-05
-0.02155788 -0.07065354 -2.228805 -0.9757378 0.76732 0.5178361 0.2036751 19.1479 1.184435 1 0.0
0.009616853 -0.01637095 -0.6240388 -6.566799 2.615798 1.139031 0.2336538 19.77943 nan 0 0.0
0.002747695 -0.03494058 -2.369117 -5.67375 0.686968 0.4568588 0.1725061 18.90563 0.9388657 0 0.0
-0.009553422 -0.06310669 -3.481221 -5.519412 1.248298 0.8537431 0.2484769 19.81693 0.8958282 1 0.914759
-0.03701552 -0.02468218 -5.74736 -4.185851 2.030279 1.215168 0.03956753 20.25189 nan 0 0.0
0.02021806 -0.04283085 -3.103345 -5.560017 0.1377189 0.09087631 -0.1134861 16.0542 0.5374031 1 0.9979751
0.02261098 -0.01016217 -2.841883 -5.675096 1.350561 0.919763 0.4791694 19.2884 0.7740803 0 0.0
0.01361888 -0.0287805 -7.323316 -5.563901 1.690079 0.9470988 0.3930103 19.62816 0.7352028 0 0.0
-0.02220366 0.01406885 -2.050681 -4.268408 1.220837 0.9145483 -0.1951559 19.11343 0.7788334 0 0.0
-0.004343976 -0.06214894 -3.755191 -5.277525 1.257571 0.8433906 0.1699217 19.80163 0.6060333 0 0.0
-0.01891546 0.01007155 -2.190711 -6.813987 0.4244249 0.2829926 -0.09729716 17.43364 1.144711 0 0.0
-0.01446333 0.02415215 -7.912898 -8.519907 3.122853 1.882315 0.4874216 20.22223 nan 0 0.0
-0.02170738 -0.0141789 -2.807277 -2.209192 1.499489 1.211099 -0.4540637 19.63593 0.8305435 0 0.0
0.0007533668 -0.03284247 -4.301568 -8.272896 1.787349 1.239553 0.4256526 19.52107 nan 0 0.0
0.02853247 -0.04062365 -2.340395 -5.916805 0.6837231 0.3830022 0.2291509 18.50698 1.023518 0 0.0
-0.02394581 0.01395984 1.093425 -8.989353 2.545467 1.381716 -0.01675204 20.0482 0.8570957 0 0.0
-0.06164938 -0.09116033 1.916844 0.8482552 0.6166076 0.4092649 0.1165591 18.87962 1.692421 1 0.0
-0.04661661 0.03885817 -0.6743995 -4.954449 2.550585 1.872336 -0.5060839 20.47143 0.7764015 0 0.0
-0.08797428 -0.08781799 -0.331991 -10.35596 0.386479 0.2453245 -0.2734557 17.79679 1.579115 1 0.0
-0.02422076 0.05871762 -1.574824 -5.305359 1.279736 0.9810996 -0.04233384 20.17096 0.6581306 0 0.0
-0.04880175 0.09746637 2.339092 -4.648605 0.5724454 0.407773 0.03699498 18.80634 0.9425011 1 0.0
-0.01844043 0.02950178 -2.925059 -5.647283 0.2494934 0.1752365 -0.08092655 17.41978 1.161766 1 0.9974787
0.02583581 -0.04165689 0.138368 -5.522439 1.532062 0.8897376 0.3019676 19.79794 0.6116924 0 0.0
0.01463576 0.02310309 -3.020115 -5.004265 0.8131792 0.5296502 0.02507749 18.96878 0.8038788 0 0.0
-0.03614496 -0.02368631 -2.943159 -4.90281 0.3481326 0.2445462 -0.01223822 17.88959 1.157843 1 0.9351591
-0.0184122 0.02857672 -2.823137 -5.256848 0.315786 0.1988489 0.07492425 17.51643 1.1073 0 0.0
