data/gcs/NGC_1851.ecsv
# %ECSV 0.9
# ---
# datatype:
# - {name: x, unit: deg, datatype: float64}
# - {name: y, unit: deg, datatype: float64}
# - {name: pmx, unit: mas / yr, datatype: float64}
# - {name: pmy, unit: mas / yr, datatype: float64}
# - {name: pmx_e, unit: mas / yr, datatype: float64}
# - {name: pmy_e, unit: mas / yr, datatype: float64}
# - {name: pm_corr, datatype: float64}
# - {name: g_mag, unit: mag, datatype: float64}
# - {name: bp_rp, unit: mag, datatype: float64}
# - {name: filter, datatype: int64}
# - {name: memberprob, datatype: float64}
# meta: !!omap
# - comments: [deg deg mas/yr mas/yr mas/yr mas/yr dimless mag   mag   zeroone float]
# - __serialized_columns__:
#     bp_rp:
#       __class__: astropy.units.quantity.Quantity
#       unit: &id001 !astropy.units.Unit {unit: mag}
#       value: !astropy.table.SerializedColumn {name: bp_rp}
#     g_mag:
#       __class__: astropy.units.quantity.Quantity
#       unit: *id001
#       value: !astropy.table.SerializedColumn {name: g_mag}
#     pmx:
#       __class__: astropy.units.quantity.Quantity
#       unit: !astropy.units.Unit {unit: mas / yr}
#       value: !astropy.table.SerializedColumn {name: pmx}
#     pmx_e:
#       __class__: astropy.units.quantity.Quantity
#       unit: !astropy.units.Unit {unit: mas / yr}
#       value: !astropy.table.SerializedColumn {name: pmx_e}
#     pmy:
#       __class__: astropy.units.quantity.Quantity
#       unit: !astropy.units.Unit {unit: mas / yr}
#       value: !astropy.table.SerializedColumn {name: pmy}
#     pmy_e:
#       __class__: astropy.units.quantity.Quantity
#       unit: !astropy.units.Unit {unit: mas / yr}
#       value: !astropy.table.SerializedColumn {name: pmy_e}
#     x:
#       __class__: astropy.units.quantity.Quantity
#       unit: &id002 !astropy.units.Unit {unit: deg}
#       value: !astropy.table.SerializedColumn {name: x}
#     y:
#       __class__: astropy.units.quantity.Quantity
#       unit: *id002
#       value: !astropy.table.SerializedColumn {name: y}
# schema: astropy-2.0
x y pmx pmy pmx_e pmy_e pm_corr g_mag bp_rp filter memberprob
[from data line 3341]
0.01338982 -0.008978732 5.045441 1.288633 0.8718964 1.154963 0.2440863 18.58101 nan 0 0.0
-0.01977196 0.04410123 2.144302 -0.6257343 1.044375 1.214439 -0.2336169 20.0861 0.6784992 0 0.0
-0.003568989 -0.00545273 -1.476173 5.716397 0.9141357 0.9501288 -0.4932824 17.10861 nan 0 0.0
-0.01142649 0.01028203 2.555088 -1.298418 0.2399439 0.2987582 0.04930719 16.84013 0.9082136 0 0.0
-0.01733455 0.01976031 1.365185 -0.6611992 0.7790345 0.9769889 0.4051137 19.51052 0.6548691 0 0.0
-0.03153426 -0.01133457 1.858679 -0.2385639 0.2571908 0.3217778 -0.1841177 18.48219 0.8541336 0 0.0
-0.04847346 0.003231455 1.823257 1.40433 1.934692 2.622419 -0.6015634 20.87587 nan 0 0.0
-0.0254728 -0.02698755 -5.924888 6.628456 1.896544 2.384933 -0.308767 20.39435 nan 0 0.0
0.1384944 -0.00629142 2.481602 0.5658147 0.6050329 0.7691046 -0.09290765 19.68684 0.603672 0 0.0
-0.004664217 0.04046853 2.360162 -1.75239 0.4724987 0.5817616 -0.2826888 19.36481 0.6677418 0 0.0
-0.05957644 0.01617356 2.371893 -1.533778 1.231061 1.619293 -0.2860802 20.72011 0.1483021 0 0.0
-0.03325653 -0.01215936 -0.1597521 -5.069547 1.067184 1.360717 0.2392143 19.8863 nan 0 0.0
0.01639736 0.01557963 1.038292 4.655734 1.3638 1.143567 -0.3377634 19.34738 nan 0 0.0
0.03693077 0.04669953 2.462473 -1.97328 0.6029486 0.7091989 -0.1384772 19.67556 0.7074242 0 0.0
-0.001742042 0.03325126 6.132953 6.924605 1.699437 2.476333 -0.534323 20.28358 nan 0 0.0
0.0229909 0.0272507 1.875803 1.192879 0.7876791 1.177859 -0.4526895 19.98103 0.7262669 0 0.0
-0.08198577 0.006281668 1.859695 -0.5602816 0.2739654 0.330185 -0.2322906 18.77126 0.800478 1 0.9995075
0.004064204 -0.00127185 -0.1489774 -6.002278 0.6281852 0.8407885 -0.309869 14.85664 0.6645126 0 0.0
-0.05092865 -0.1420568 0.6702364 1.228031 2.394859 2.76288 -0.2695805 20.80823 0.5388794 0 0.0
0.0181603 -0.03308872 1.517157 -5.33337 4.086202 4.032101 -0.2445385 20.89687 nan 0 0.0
0.03174443 0.01671481 2.554145 -0.6202121 0.4881012 0.5178841 0.2255254 18.78421 nan 0 0.0
0.001430356 0.007112961 3.174333 -0.9512383 0.1742594 0.3016201 -0.00818318 15.15633 nan 0 0.0
0.01929089 0.001361498 2.362453 -0.03848361 0.1081573 0.1433121 -0.2362686 16.97973 0.9979057 0 0.0
-0.03489696 -0.013049 2.911273 0.8910315 0.5607265 0.7259255 -0.1064338 19.0313 0.6967602 0 0.0
-0.06731536 0.03232161 1.538592 -1.094118 0.7230442 0.8991291 -0.3126294 20.10535 0.4325485 0 0.0
-0.02020436 0.043815 3.209041 -2.686555 0.8786419 1.083897 -0.02835017 19.83597 0.3585796 0 0.0
-0.03803922 -0.01185668 4.376186 1.864413 0.4210721 0.5804626 -0.1872201 18.94954 0.7524548 0 0.0
0.07474528 0.02579455 2.273413 -0.5013595 1.391959 1.693402 -0.0446527 20.74926 0.5473442 0 0.0
-0.01724098 0.01937123 22.04276 2.668451 2.363277 2.693676 0.5170599 20.37541 nan 0 0.0
-0.01048696 0.05439533 1.776262 -1.612729 0.4701406 0.5326542 -0.3738251 19.24988 0.5708447 0 0.0
0.0519668 0.02883314 0.6620807 -0.219786 0.541973 0.6492001 -0.09288825 19.58733 0.4933834 0 0.0
0.0102446 0.007047357 2.105697 -0.6748309 0.05774974 0.07308792 -0.07720562 14.27455 1.215584 0 0.0
0.01546416 -0.0292848 1.217199 -0.8280936 0.8207681 1.390408 0.4317777 19.60067 nan 0 0.0
-0.04237282 0.06451863 2.812497 -0.2701044 0.6330784 0.7780606 -0.2497108 19.79782 0.5055904 0 0.0
0.0008812637 0.005049219 1.82958 -0.7471312 0.8440472 0.8789183 -0.3366429 15.69188 0.7773304 0 0.0
0.03428044 -0.05169539 3.568326 -2.923062 1.11345 1.451468 -0.01780319 20.29507 0.6731758 0 0.0
0.08170014 0.01771848 0.4455842 -6.302216 2.349894 4.309624 0.1347635 20.92418 0.4406967 0 0.0
-0.05035676 0.006701465 -1.024958 1.206362 1.099988 1.566359 -0.4092755 20.47643 -0.09270859 0 0.0
0.005252134 -0.04681941 5.723966 -6.168407 2.542548 2.722443 -0.5488381 20.76274 0.8691349 0 0.0
-0.01206029 -0.03916037 0.7834917 -0.1499428 2.023649 1.984622 -0.632571 20.41147 nan 0 0.0
-0.01784252 0.04095082 2.473751 -1.353301 0.8038847 1.09378 -0.06204022 20.15376 -0.1672859 0 0.0
-0.05505708 0.01175231 6.236524 -3.256595 1.778204 2.583787 -0.3645781 20.90561 nan 0 0.0
-0.0112629 0.01009132 1.018833 -1.977567 0.6110593 0.5914508 0.5803218 18.04609 nan 0 0.0
-0.006240726 0.02552623 4.774765 -0.3537307 2.13556 1.369667 -0.06234254 19.83046 0.4664574 0 0.0
-0.03833012 -0.003392032 1.893653 -0.6783624 0.4179216 0.5530468 -0.1906976 19.20822 0.6211205 0 0.0
-0.06165537 -0.02343249 2.316339 -0.6718509 0.0526163 0.06198056 -0.1930327 15.81641 1.164351 1 0.9998779
-0.002367923 0.05171437 2.350104 -2.34923 1.539871 1.771863 -0.3304606 20.67419 0.5278454 0 0.0
0.07932102 -0.003572364 2.135901 -1.101361 0.6688323 0.8190188 -0.2203888 19.69629 0.7123928 0 0.0
-0.03533385 -0.01511679 3.091496 -1.750265 0.8348773 1.119314 -0.2031803 20.15624 0.6212559 0 0.0
-0.1031077 0.006748907 2.486634 -1.033205 0.789091 1.100428 -0.2620028 20.2451 0.7471256 0 0.0
-0.01094758 0.01077421 1.393133 1.281226 0.348119 0.2501668 -0.2065258 16.82333 nan 0 0.0
-0.02852659 0.05780433 2.490795 0.7891345 0.839344 1.084075 -0.09427974 20.07465 0.5723019 0 0.0
-0.03827147 -0.003834504 2.460365 -0.6266431 0.745995 0.9978697 -0.2536017 20.02405 nan 0 0.0
0.04343893 0.06093977 2.818717 -0.6269622 0.6780061 0.8028534 -0.1303931 19.86849 0.7568913 0 0.0
0.05638535 0.0162106 1.763106 -0.1548267 0.9981761 1.600528 0.3869179 20.18704 0.4011402 0 0.0
0.02603767 -0.04225799 2.189696 0.01387012 0.3592468 0.4489752 0.03062549 18.82158 0.6873245 0 0.0
0.03363265 -0.004385189 2.60575 -4.981506 1.117738 2.39629 0.2582132 20.26682 nan 0 0.0
-0.02571233 -0.02655658 2.163747 -2.721914 0.6452075 0.7059658 -0.4266977 19.27695 nan 0 0.0
-0.008251074 0.02931783 4.17052 1.469616 1.874069 2.387601 0.3526674 20.4305 nan 0 0.0
-0.01074309 0.01054154 13.41174 7.072337 1.261548 1.464493 0.3275788 18.69262 nan 0 0.0
-0.003833609 0.02688063 -0.3068076 0.6462005 2.573045 2.815585 0.2656448 20.68186 nan 0 0.0
0.04066303 -0.0258734 0.9825539 1.54327 2.320759 2.471568 -0.4837767 20.69541 0.5957985 0 0.0
-0.06297917 -0.0187874 2.501868 -0.6033115 0.3980233 0.4566039 -0.3436082 19.09204 0.699379 0 0.0
0.01959203 0.01274447 7.924385 -4.480524 1.642664 2.362417 -0.5424901 19.93386 0.6945057 0 0.0
-0.07222094 0.007620226 1.949095 -1.60061 0.5050684 0.596054 -0.16745 19.50425 0.6871433 0 0.0
0.04994109 0.0233186 0.9210649 4.373965 1.267107 1.809944 -0.2175999 20.80477 0.2388992 0 0.0
0.02583363 -0.04159034 4.601023 1.106287 3.659002 3.995298 0.252578 20.68446 nan 0 0.0
0.1004617 -0.004202965 2.465033 -0.1506796 0.8983752 1.025574 -0.1530642 20.19608 0.6269951 0 0.0
0.02202812 -0.04103206 2.677172 0.7520906 0.8235017 1.078719 0.1136857 19.89923 0.8154678 0 0.0
-0.0002749971 -0.05611562 3.138617 -0.8142255 0.7465167 0.8785257 -0.2339821 19.91784 0.7454224 0 0.0
0.02548444 0.05494451 0.9234629 -0.5266473 1.237366 1.638505 -0.3376615 20.69098 0.6672211 0 0.0
-0.1136583 -0.03432551 0.6694416 -2.246737 1.452667 1.503476 -0.4573031 20.67459 0.7661934 0 0.0
0.06529071 -0.005789081 1.583045 -1.105994 0.6890387 0.8991419 -0.1177134 20.03407 0.6120224 0 0.0
0.03400643 -0.004362486 2.133822 -0.6293572 0.5230476 0.7026075 -0.2639051 19.42356 0.5066872 0 0.0
0.1114063 -0.004116976 1.725468 -2.711517 0.93244 1.301117 -0.138925 20.39035 0.6224442 0 0.0
0.03012125 -0.04732559 0.1350321 -4.85912 2.175063 2.947066 0.1035024 20.88419 nan 0 0.0
-0.01884794 0.04183937 1.502548 -2.696177 1.349159 1.603809 -0.06793061 20.4216 0.7447491 0 0.0
-0.03704289 0.09995642 0.540856 -1.534187 2.525465 3.411716 -0.2945813 20.90566 0.6099606 0 0.0
-0.006638116 0.02640739 4.382263 1.274159 1.485873 1.410185 -0.01217912 19.99038 0.6521416 0 0.0
-0.01215507 0.03411613 4.251993 1.408962 1.885806 2.870388 0.1327037 20.59966 nan 0 0.0
0.01461773 -0.02891841 4.278519 -0.6021192 1.578609 1.895869 0.4580714 20.08325 0.8333607 0 0.0
0.005440176 0.04233386 2.252469 -0.8308963 0.6196678 0.745361 -0.5793558 19.16199 0.6023521 0 0.0
-0.01850914 0.04240785 1.144003 3.666924 1.125011 1.515128 -0.2306374 20.48003 0.6228523 0 0.0
0.05740759 -0.02550779 1.50733 -0.2669801 0.9331829 1.144535 -0.1233184 20.41531 0.6746273 0 0.0
-0.01760235 0.01609813 2.174947 2.380645 0.5783079 0.7623647 -0.03020605 18.57138 0.7474117 0 0.0
0.002406681 0.03141255 -4.777534 -2.903089 2.266134 3.165118 0.3279417 20.79143 nan 0 0.0
-0.01248876 0.005524918 1.613213 -1.59429 0.1043986 0.1224948 -0.1090186 15.97461 nan 0 0.0
-0.05821674 -0.03679617 2.269973 -0.3544298 0.3872904 0.4406555 0.007412162 18.85809 0.7646217 0 0.0
0.01245012 -0.00625486 2.476846 -1.789902 0.2765434 0.4084161 -0.1858239 17.95177 0.5832653 0 0.0
0.03578351 0.009964609 1.763123 0.2269525 0.4763112 0.5575541 -0.177708 19.28402 0.504158 0 0.0
0.006129711 0.04151364 2.84487 -2.118996 0.9167708 1.137293 -0.4019303 20.01821 0.4618549 0 0.0
-0.005705584 -0.01576782 2.040765 0.0775057 0.1332149 0.1318406 -0.4621958 16.70403 0.8535089 0 0.0
-0.0165449 0.03994025 5.928879 6.307566 1.960616 2.595785 -0.1351048 20.66243 0.4934139 0 0.0
-0.03801706 -0.04110014 1.620815 -0.1471995 0.4252795 0.4761859 -0.1587769 19.15659 0.5454655 0 0.0
-0.05784472 0.01321103 3.835271 1.176472 0.7485032 0.7584743 -0.2007806 19.02288 0.6535454 0 0.0
-0.09341787 -0.01844086 2.347778 -0.544805 0.6260225 0.7394282 -0.2182352 19.89877 0.7796688 0 0.0
0.06133472 -0.01482624 2.159429 -1.095637 0.5148279 0.5618458 -0.1857055 19.384 0.6219521 0 0.0
-0.0354519 -0.01266782 2.307584 -0.8797277 0.4993762 0.6555823 -0.1800796 19.41311 0.8108616 0 0.0
-0.01878813 -0.02671453 2.758184 0.09520544 0.6929817 0.7028475 -0.4892864 19.38156 nan 0 0.0
0.001574895 -0.05726005 5.011002 2.698099 0.7974484 1.058817 -0.2229582 20.07754 0.621294 0 0.0
-0.03769455 -0.04376644 5.307878 0.3806964 0.5721263 0.5713462 -0.2996452 19.29277 0.6960907 0 0.0
-0.008998298 0.02413356 8.673918 1.267423 1.543354 1.553138 0.3248272 19.82863 0.4962788 0 0.0
-0.04035225 -0.001012828 2.206846 -0.6902894 0.180713 0.2219737 -0.1768902 18.07361 0.9628239 0 0.0
0.002027316 0.04635473 2.729613 -0.9357816 0.8569432 0.9831703 -0.4850867 19.99668 0.5669842 0 0.0
0.05219115 0.03186565 2.463216 -0.5754681 0.1358596 0.1669625 -0.1395485 17.59689 0.984436 1 0.9995177
0.01587089 -0.01251549 5.970805 1.464815 1.014622 1.263636 0.5773404 19.43459 nan 0 0.0
0.06417298 -0.01442068 2.357484 -0.6977274 0.5929573 0.6487169 -0.1771393 19.60236 0.306448 0 0.0
-0.09568887 -0.01869196 1.700482 -0.4732167 0.4919224 0.5599871 -0.2191572 19.4451 0.6495857 1 0.9981651
0.04223016 -0.0877182 0.8668877 -7.505321 4.540692 3.590224 0.302754 20.87299 0.8222332 0 0.0
-0.005378493 -0.01699612 2.119927 -2.978709 0.1178554 0.1313149 -0.2425011 16.18357 0.2795248 0 0.0
-0.03961867 -0.03718718 3.030242 -1.042084 0.6770242 0.7641702 -0.1896792 19.84158 0.5996323 0 0.0
0.02724048 -0.02664109 3.19521 -3.569106 1.36843 2.40984 0.3721289 20.46262 0.9011574 0 0.0
-0.03862967 -0.03128909 2.140962 2.276269 1.864117 3.166677 -0.7618095 20.45485 nan 0 0.0
-0.006552918 -0.008951029 2.07216 0.4309822 0.1635698 0.1552981 -0.2802052 15.9492 0.8349333 0 0.0
-0.06095565 0.01676362 5.765445 -0.5405636 0.8125712 1.205984 -0.2346317 20.34393 0.4637146 0 0.0
0.01142706 0.02224111 4.394094 -1.975719 1.047859 1.362272 -0.5675706 20.01376 nan 0 0.0
0.001302642 0.0485215 2.145989 -0.8491601 0.6255032 0.6839639 -0.4635907 19.40235 0.6185646 0 0.0
0.01329857 -0.02769362 -0.9124163 -0.9181789 1.309869 1.499976 0.1306102 19.71099 0.5525455 0 0.0
-0.005422867 -0.04635403 2.801213 0.2900971 2.93231 3.399371 -0.7364051 20.90043 0.5222778 0 0.0
0.07745089 -0.009822507 2.517714 -0.6794414 0.4063156 0.4940587 -0.1334056 19.18542 0.7157345 0 0.0
0.0888784 -0.02829578 2.517844 0.165008 1.047048 1.195479 -0.1239463 20.40081 0.5600471 0 0.0
-0.1094161 0.006708557 0.6069551 -1.469247 1.182933 1.496343 -0.247161 20.51777 0.5068188 0 0.0
-0.005820115 -0.04210831 2.064326 -0.7728757 0.3212233 0.3835926 -0.1744533 18.6359 0.8851337 0 0.0
0.03532506 -0.006754972 1.87826 -1.642792 0.5796548 0.7610846 -0.2298366 19.48604 nan 0 0.0
-0.04681514 -0.03857648 1.04846 -0.2459428 1.255291 1.603078 -0.3399549 20.60176 0.4968662 0 0.0
-0.01664531 0.0203098 -1.372501 -6.283191 1.420889 2.272114 0.04727951 20.28158 nan 0 0.0
0.06154362 -0.009813917 0.6446663 -0.9934822 2.012081 3.088782 -0.5290442 20.94646 0.7108936 0 0.0
0.1596788 -0.007588977 2.01827 -1.589245 0.988719 1.256703 -0.06877975 20.37345 0.7067089 0 0.0
-0.01443509 0.0668763 -5.809193 5.588755 2.592333 2.837954 -0.5050182 20.78319 0.3813839 0 0.0
-0.01760705 0.0569726 1.187099 0.08477236 1.053767 1.525112 -0.7822674 19.71863 0.5115318 0 0.0
0.00901604 -0.007543687 1.646137 0.6519884 0.5865367 0.6449736 0.3296821 16.95421 nan 0 0.0
-0.007397957 0.02899368 -0.8736736 -0.8991007 0.8509723 0.8160455 -0.05171794 19.73619 nan 0 0.0
-0.002437218 0.02807088 1.323538 -2.560575 0.9485505 1.109528 0.1683548 19.80445 nan 0 0.0
0.06668659 0.036156 1.699526 -0.2932877 0.4957958 0.5665668 -0.1015273 19.29452 0.6792049 0 0.0
-0.01179407 0.007817675 2.080429 -0.5828956 0.3123867 0.375988 -0.1775463 17.5111 nan 0 0.0
0.005294205 0.04404285 3.577021 -2.002918 1.057087 1.313612 -0.3885685 20.22245 0.4694729 0 0.0
0.01220221 0.04434333 2.005776 -1.334951 0.7503959 0.8317947 -0.1832652 19.2637 0.7171173 0 0.0
-0.166056 0.03982024 2.523081 -0.4127231 0.295002 0.3282674 -0.09797977 18.75912 0.9930096 1 0.9940016
-0.1165582 -0.02149012 2.082219 -0.1318118 0.3806478 0.4190369 -0.2043177 19.1767 0.6598091 0 0.0
0.03029611 -0.04784065 3.52968 -1.814829 1.264872 1.602443 0.1233493 20.48543 0.431818 0 0.0
0.02554828 0.02249668 1.903473 0.8387407 0.6290894 0.7585207 -0.3205499 19.40252 0.6190891 0 0.0
-0.01665684 0.01970326 2.171932 -0.4202876 0.3389462 0.5138274 0.06950838 18.83844 0.7209949 0 0.0
-0.05599074 0.01056136 0.094294 0.2519658 1.139474 1.613286 -0.3460916 20.60187 0.4603691 0 0.0
0.01093053 0.0227104 3.56899 -0.02480021 0.7456909 0.8726192 -0.4174792 19.49439 0.7141476 0 0.0
-0.02403311 -0.02034564 1.666778 0.2885457 0.5802134 0.6854759 -0.30199 19.14394 0.4849052 0 0.0
0.01431206 -0.06662661 4.537941 -2.007367 1.377883 1.899258 0.1309293 20.69798 0.6353512 0 0.0
-0.01143017 0.03223561 2.546267 0.3131237 1.039932 0.9910873 -0.1690518 19.24411 0.6579494 0 0.0
-0.09607425 0.0103183 3.155338 -2.085719 0.763322 0.9783291 -0.3401142 20.19525 0.5269051 0 0.0
0.04592755 0.01503589 2.287322 1.402202 0.9735293 1.456556 -0.3848863 20.36965 0.3855534 0 0.0
-0.02073624 -0.03281861 1.750739 -0.8310354 0.4960122 0.491692 -0.3919811 19.00721 0.7485466 0 0.0
0.04352835 -0.0004616508 4.329395 -0.7038741 1.174695 1.399498 0.3163374 20.21337 nan 0 0.0
-0.03648184 -0.04126333 1.607786 0.7572807 0.8959334 1.001755 -0.3887713 20.05371 0.5296955 0 0.0
-0.04388444 -0.002975765 2.275349 0.7209729 0.6827671 0.9210539 -0.1779836 19.88189 0.7279434 0 0.0
0.09717371 -0.05735223 1.10515 0.07678509 1.292283 1.48607 0.1901653 20.48987 0.7812576 0 0.0
0.05787958 -0.03344276 6.278368 4.774903 0.8025585 0.9539367 -0.09959107 20.07784 0.2397156 0 0.0
0.04761066 0.01600367 1.937837 -0.5338716 0.2433306 0.3000744 -0.1594238 18.32482 0.9328976 1 0.9998066
-0.01976889 0.05366848 3.022831 -1.551495 1.140705 1.357983 -0.3142286 20.34021 0.6289005 0 0.0
-0.01372659 0.003277823 2.221973 1.449125 0.5516097 0.6387249 -0.2145532 15.95295 0.7595968 0 0.0
0.07451519 -0.008308613 5.452549 4.760735 1.793421 3.133239 0.1213572 20.84635 0.6352253 0 0.0
-0.005133279 -0.01665278 1.392201 -4.028695 1.046194 0.8791096 -0.4072436 18.92929 nan 0 0.0
0.1157342 -0.007320908 0.1743268 -1.373372 1.804815 2.088338 0.1111206 20.79269 0.5470982 0 0.0
0.02008193 0.02987613 1.2667 -1.025441 0.679063 0.8228119 -0.4351572 19.59513 0.5670395 0 0.0
-0.01065183 0.06209336 2.085395 -0.4571369 0.4752139 0.5975053 -0.3343733 19.37515 0.4459267 0 0.0
-0.003805051 0.03864897 3.625975 -0.9148163 0.8104084 0.9489417 -0.3772522 19.86643 0.4441147 0 0.0
-0.02716662 -0.02512663 3.433059 -0.3758789 2.017303 2.855796 -0.5702007 20.77869 nan 0 0.0
-0.008882157 0.02959622 5.125738 0.8655236 1.802015 2.355298 -0.245916 20.28507 0.600441 0 0.0
