data/gcs/NGC_6681_M_70.ecsv
# %ECSV 0.9
# ---
# datatype:
# - {name: x, unit: deg, datatype: float64}
# - {name: y, unit: deg, datatype: float64}
# - {name: pmx, unit: mas / yr, datatype: float64}
# - {name: pmy, unit: mas / yr, datatype: float64}
# - {name: pmx_e, unit: mas / yr, datatype: float64}
# - {name: pmy_e, unit: mas / yr, datatype: float64}
# - {name: pm_corr, datatype: float64}
# - {name: g_mag, unit: mag, datatype: float64}
# - {name: bp_rp, unit: mag, datatype: float64}
# - {name: filter, datatype: int64}
# - {name: memberprob, datatype: float64}
# meta: !!omap
# - comments: [deg deg mas/yr mas/yr mas/yr mas/yr dimless mag   mag   zeroone float]
# - __serialized_columns__:
#     bp_rp:
#       __class__: astropy.units.quantity.Quantity
#       unit: &id001 !astropy.units.Unit {unit: mag}
#       value: !astropy.table.SerializedColumn {name: bp_rp}
#     g_mag:
#       __class__: astropy.units.quantity.Quantity
#       unit: *id001
#       value: !astropy.table.SerializedColumn {name: g_mag}
#     pmx:
#       __class__: astropy.units.quantity.Quantity
#       unit: !astropy.units.Unit {unit: mas / yr}
#       value: !astropy.table.SerializedColumn {name: pmx}
#     pmx_e:
#       __class__: astropy.units.quantity.Quantity
#       unit: !astropy.units.Unit {unit: mas / yr}
#       value: !astropy.table.SerializedColumn {name: pmx_e}
#     pmy:
#       __class__: astropy.units.quantity.Quantity
#       unit: !astropy.units.Unit {unit: mas / yr}
#       value: !astropy.table.SerializedColumn {name: pmy}
#     pmy_e:
#       __class__: astropy.units.quantity.Quantity
#       unit: !astropy.units.Unit {unit: mas / yr}
#       value: !astropy.table.SerializedColumn {name: pmy_e}
#     x:
#       __class__: astropy.units.quantity.Quantity
#       unit: &id002 !astropy.units.Unit {unit: deg}
#       value: !astropy.table.SerializedColumn {name: x}
#     y:
#       __class__: astropy.units.quantity.Quantity
#       unit: *id002
#       value: !astropy.table.SerializedColumn {name: y}
# schema: astropy-2.0
x y pmx pmy pmx_e pmy_e pm_corr g_mag bp_rp filter memberprob
[from data line 3658]
0.07407067 -0.03391604 1.692156 -2.248127 0.6393499 0.5848787 0.257663 19.16632 0.8283253 1 0.002777025
0.03462073 -0.08651229 -2.435487 -7.566087 1.172753 0.9910587 0.01284326 19.82712 0.7183018 1 0.0003267715
0.1111901 0.01675483 0.2797464 -7.121496 0.6693583 0.6189483 0.2355514 19.24743 0.8926563 1 0.002162959
0.1260349 0.004257522 -1.457338 -2.304702 1.904886 1.904574 0.4642791 20.18323 nan 0 0.0
0.05400217 0.000197723 -2.052284 -8.534951 0.7017461 0.6910925 0.5589295 18.65174 1.01807 0 0.0
-0.001619249 0.09175504 4.778744 -2.539179 1.580052 1.696104 0.7961126 19.69677 0.8000107 1 0.2529975
0.06785546 0.0001197483 0.9086285 -0.7028275 0.4534303 0.413621 0.2889532 18.63652 0.9002819 1 0.0
0.08739231 0.008449582 -2.286712 -9.439167 1.083035 0.9835285 0.1712347 19.71065 0.7531433 0 0.0
0.1116403 0.005172844 -3.499327 -5.892229 1.549516 1.457478 0.1942796 19.95739 0.8611584 0 0.0
0.01324188 0.0004379062 -1.818375 -2.185237 0.626442 0.5590981 0.1273263 18.66965 nan 0 0.0
0.05256603 0.05949041 -3.313497 -3.761852 0.4779784 0.4253435 0.09319783 18.37737 0.4801598 0 0.0
-0.001696625 0.08662809 2.321978 -3.004422 0.2002377 0.1920324 0.5076938 16.84723 1.215563 1 0.0
-0.01302038 0.001513683 0.6093978 -5.067624 1.307807 1.142745 0.8374089 18.9412 nan 0 0.0
0.06833505 0.05462379 -0.4802506 -6.497873 1.081023 1.042798 0.3420691 19.82192 0.8241692 0 0.0
0.03512337 -0.05317205 2.749098 -4.164263 0.6115659 0.5275948 0.1476843 19.0281 0.6943932 1 0.5808015
0.02988811 -0.05744645 1.240552 -1.966618 0.313478 0.2727425 0.1642037 18.0793 0.9097061 1 0.0
0.1175474 -0.03526282 -2.826235 -1.100783 0.07491198 0.06779854 0.1946426 14.78956 2.269416 1 0.0
0.06711529 0.01087393 -1.364995 -2.444485 2.535196 2.613592 0.4978296 20.46577 1.224461 1 0.07434179
-0.03151391 -0.009053756 -1.16824 -5.144754 1.348575 1.061233 0.2640259 19.74862 0.9410896 0 0.0
-0.00794151 0.03975661 5.52913 1.660388 0.6015755 0.5513298 0.4445136 18.80874 nan 0 0.0
0.0472772 0.01596 -1.187757 -5.586992 0.9713514 0.8869246 0.2225405 19.56309 0.7295418 0 0.0
0.001841032 0.08710111 0.250016 -7.638321 0.5359033 0.4963027 0.4095151 18.75708 0.8287659 1 3.630561e-06
0.01318812 -0.01443941 -3.509727 -6.501434 0.4942687 0.4138244 0.1262284 18.51054 0.9094086 0 0.0
-0.02901261 -0.006474186 -1.167163 -5.685174 0.9135389 0.7881346 0.3320841 19.2682 1.023502 0 0.0
-0.02508818 -0.01904626 -0.7315594 -1.60948 0.9134739 0.7513917 0.1290334 19.25621 0.8342323 0 0.0
-0.008740102 0.02433372 1.183565 -4.113001 0.7435521 0.7177871 0.674642 18.91169 0.7276497 1 0.8600402
0.1078052 0.01272678 -1.470791 -6.84376 2.229909 2.199706 0.4025014 20.27849 1.188356 0 0.0
0.07490457 0.07037711 0.4849162 -3.668026 1.640018 1.781056 0.7027461 19.96126 0.6981182 1 0.1085448
-0.03817877 0.01409127 2.267471 -3.668249 0.8512277 0.7264162 0.5661642 19.07719 0.7664242 1 0.8296476
0.09094804 0.003784523 2.037563 -4.067482 0.4331314 0.3951264 0.1840557 18.56373 0.8304138 1 0.5853964
0.08887692 -0.05613471 -0.1563737 -2.163849 1.132237 1.108857 0.4971799 19.79586 1.175425 1 0.001876459
0.03175872 -0.08995209 -0.7911476 -5.553137 1.175765 0.9850993 0.0134791 19.76452 1.321091 1 0.08384095
-0.01975029 -0.01400572 1.240507 -4.828203 0.120104 0.1051794 0.2824819 16.05964 1.117522 0 0.0
0.118286 -0.02257227 -2.444766 -10.07691 0.3905933 0.3541713 0.1666448 18.43715 0.7208805 1 0.0
-0.02034466 -0.009012415 1.297618 -3.472693 1.343304 1.138931 0.3213321 19.52268 nan 0 0.0
-0.007316433 -0.03039562 1.52967 -4.025339 0.3580911 0.3111475 0.2746533 18.02497 0.9627686 0 0.0
-0.01269314 0.059726 -4.258182 -9.661388 0.5248485 0.488995 0.5106515 18.75334 0.8380013 1 0.0
0.01380487 -0.02951899 3.10745 -9.375709 1.227699 0.983279 0.3730093 19.40635 nan 0 0.0
0.07404517 0.06126451 3.295577 -2.436076 1.427315 1.446775 0.6167164 19.86095 1.277576 0 0.0
-0.00569363 -0.0001296954 2.050467 -5.97562 1.308495 1.061233 -0.3278662 18.42292 nan 0 0.0
0.04428291 -0.0919944 -6.164567 -17.06375 0.2043519 0.1765188 0.08177846 17.19075 0.9159317 1 0.0
0.1123454 -0.02959139 3.190489 -1.933587 2.028402 2.090384 0.5971908 20.41432 0.8745193 1 0.1274119
0.007432801 -0.05542385 0.9917216 -4.653316 0.4494 0.3758896 0.1083061 18.24308 1.101486 0 0.0
0.02247043 -0.02793763 -5.389841 -12.59093 1.465163 1.313031 0.4875517 19.80601 0.6925545 0 0.0
0.05142727 -0.03667746 -3.487997 -3.046467 0.9700933 0.8273416 0.109217 19.55117 1.212479 1 4.525422e-06
-0.01461865 -0.005982441 0.6409274 -5.622457 0.147795 0.1710983 0.8569754 14.90507 1.219461 1 0.005613054
0.007751845 0.05765518 0.3381317 -5.507992 0.6436177 0.6522462 0.5687208 18.79832 0.8798218 0 0.0
0.06755973 0.05337696 -2.311944 -0.8091244 0.9547864 0.8937713 0.3616014 19.60257 1.077822 1 0.0
0.0245734 -0.07133797 -2.584084 -5.423514 0.365871 0.3041998 0.1174695 18.0614 1.013834 1 0.0
0.03330474 -0.09078044 -0.1013897 -0.5025197 2.508645 2.604821 0.5262591 20.31845 0.8558903 1 0.02421195
-0.01240047 -0.004025171 5.158637 -1.721587 0.517168 0.4521623 0.3119972 18.00807 0.9028969 0 0.0
-0.02094763 0.03291478 -0.9201859 -7.435243 0.4855327 0.4330702 0.4281652 18.40949 0.8438835 0 0.0
0.07904233 -0.01056666 3.242703 -2.231666 0.1804812 0.1602322 0.1420208 17.18717 1.090811 1 0.0
-0.02531891 0.06843612 -4.710588 -6.317723 0.636536 0.583078 0.3731129 19.19432 1.003681 1 0.0
-0.003088255 0.005195748 3.274158 -6.684619 0.8304041 0.7355046 0.1524852 18.27066 nan 0 0.0
0.04911616 0.02892136 -2.071546 -9.10882 1.074491 1.076285 0.659248 19.56527 1.872942 0 0.0
-0.00520872 0.09134674 1.766691 -7.438521 0.6395165 0.6154781 0.568133 18.91246 0.9106026 1 7.225507e-06
0.1156573 -0.0008327151 -1.046798 -3.381863 0.4215811 0.372787 0.07761109 18.17866 0.8474255 0 0.0
0.1289676 0.01649859 0.8416397 -3.157751 0.9243069 0.849218 0.2179531 19.74393 nan 0 0.0
0.07380956 -0.03787167 -6.769266 -5.374265 2.231776 2.280522 0.5514641 20.34719 1.38858 0 0.0
-0.02281474 0.06878773 -8.578508 -11.27346 0.7822189 0.7563161 0.6542079 19.12827 0.7890663 1 0.0
-0.04101561 0.01111075 1.598055 -1.887821 1.810671 1.822081 0.7032137 19.80216 0.9304943 0 0.0
0.09502845 0.007808661 0.4568428 0.9470955 0.207688 0.1866058 0.1298578 17.43018 1.028807 1 0.0
-0.006830409 0.02225105 0.8044869 -5.282334 0.1916602 0.1794689 0.5657953 16.90485 1.072506 1 0.5603088
-0.000946761 -0.01100141 1.710208 -5.31613 0.2974979 0.2633929 0.2704724 16.43228 0.375453 0 0.0
-0.02041338 0.06717088 0.744344 -6.060897 0.8356651 0.8122489 0.6102748 19.2522 0.7750397 1 0.5044882
-0.01002912 0.01337777 1.893132 -5.100211 0.5476674 0.4992217 0.2507188 18.52623 nan 0 0.0
-0.0067802 0.04098503 -4.386404 -2.621692 0.6123358 0.5520331 0.4367574 18.97328 0.9001408 1 0.0
0.03498999 0.00203048 1.71651 -4.231092 1.328791 1.286279 0.601056 19.77933 0.6547832 0 0.0
0.05330149 0.03706719 -0.4304662 -0.07766088 1.522203 1.53019 0.6100951 20.00114 0.9693985 1 9.65573e-05
0.03697102 -0.07442064 1.743708 -4.27826 0.2555762 0.2226871 0.1582989 17.75426 1.072384 1 0.7851195
-0.004149473 0.08082968 -1.140656 2.038259 2.296375 2.181618 0.6742334 20.31273 1.146952 0 0.0
0.04919125 0.02462216 1.987544 -4.787722 1.224001 1.196259 0.4619115 19.6397 0.678442 0 0.0
0.01936572 -0.07443042 -2.290676 -7.564839 0.815822 0.7093668 0.06626268 18.31707 1.000681 0 0.0
0.02213081 0.05993781 1.571165 -5.673871 0.8035823 0.7897447 0.6331897 19.15953 0.8368187 0 0.0
0.03284048 -0.09179879 -1.59319 -7.573105 1.302505 1.180064 0.2002054 19.83062 1.426643 1 0.01128063
-0.0285612 0.03453014 -4.088571 -5.855206 0.137134 0.1093674 0.1888805 15.71259 0.1744137 1 0.0
-0.005053115 0.07941057 -4.721769 -7.451691 0.6522281 0.6091766 0.5097158 19.04384 0.8164635 1 0.0
-1.81563e-05 -0.02609616 1.353705 -8.245098 1.770976 1.573476 0.2744267 19.92537 nan 0 0.0
-0.0466435 0.01757776 -3.897408 -10.40941 0.7381721 0.650794 0.52927 18.90417 1.067738 1 0.0
0.02444961 0.04314492 -0.5032445 -4.194397 2.134691 1.854311 0.5509168 20.13964 0.1183681 0 0.0
-0.009771039 0.01278271 1.517536 -4.824039 0.1108041 0.0963413 0.2709879 15.93388 0.238265 0 0.0
0.01626067 0.002978003 1.365518 -3.168732 1.347408 1.314197 0.4102719 19.7063 nan 0 0.0
0.08015321 -0.008622135 0.9119461 -2.459344 1.865497 1.859031 0.5007638 20.27438 0.8788109 0 0.0
-0.003838087 0.04439173 -0.7728023 -2.327243 1.632946 1.64123 0.4804579 20.09019 0.4906502 0 0.0
0.0927291 0.00471732 -7.128019 -6.167862 0.5770699 0.520668 0.2206881 18.87257 0.8676987 0 0.0
0.1076653 -0.01814924 -3.804149 -7.326923 1.372548 1.37808 0.4766829 20.09815 1.544044 1 0.0009865393
-0.006546903 0.02693171 2.348304 -4.356096 1.449937 1.429223 0.6517989 19.76887 0.8986187 0 0.0
0.0170581 -0.009358874 0.9028691 -4.223492 0.4941465 0.4474076 0.3144983 18.57906 0.8070679 0 0.0
0.0715824 -0.01725144 -0.0195304 -17.08481 3.427927 3.506954 0.4900234 20.68087 1.072348 0 0.0
0.02233181 -0.06712978 -0.03782448 -12.35893 0.3431623 0.2965234 0.1043563 18.15884 0.877655 1 0.0
0.02022491 0.07967167 -1.130549 -5.682386 0.5822132 0.5347461 0.3343703 18.72908 0.9691467 1 0.0009941457
0.08689594 0.05591254 -4.56619 -1.767846 0.2492138 0.2253037 0.2329641 17.64964 0.9538803 1 0.0
0.02354079 -0.07715129 0.2309099 -4.186002 0.4258661 0.3607105 0.008086493 18.41355 1.002096 1 0.09619707
0.03184638 0.01275475 -0.5818361 -5.220987 1.400333 1.228187 0.01179705 19.73451 2.079561 0 0.0
0.06894892 0.04718848 1.687917 -4.886604 0.578058 0.5072941 0.002444212 18.72542 nan 0 0.0
-0.00588043 0.09594721 -11.39379 -1.958182 1.446157 1.339214 0.1909385 19.80189 1.075882 0 0.0
0.01042431 -0.04831737 -0.8802709 -2.13306 1.879153 1.518069 0.1514735 19.93665 nan 0 0.0
0.08648785 -0.02012165 -0.620856 -1.374757 0.3922928 0.3580962 0.231134 18.47626 1.327087 0 0.0
0.06878747 0.07258304 -1.493416 -6.941291 0.1507752 0.1333858 0.06319047 16.55709 1.172965 1 0.0
-0.00835572 0.05353144 -2.328557 -5.638001 0.8373271 0.7937405 0.5247152 19.4574 0.6953011 0 0.0
0.04062642 0.02976098 2.3915 -3.325903 0.9146592 0.8641026 0.2254735 19.40783 0.7616577 0 0.0
0.005373761 0.00370028 2.208731 -4.91124 0.7458615 0.6141438 -0.05680759 18.32479 nan 0 0.0
-0.005336616 0.07052995 0.6139752 -3.740505 0.6997082 0.6273362 0.5842113 18.94666 0.664505 1 0.1015808
0.04874884 0.01768346 3.345157 -2.514978 1.208496 1.096024 0.3090022 19.62152 nan 0 0.0
0.1206581 -0.003730776 -3.369702 0.7104186 3.445125 2.921298 -0.1968579 20.53553 1.274788 0 0.0
-0.0131737 -0.008572399 1.415964 -5.067245 0.6477215 0.5756151 0.400512 18.8616 nan 0 0.0
0.02379606 0.01150219 1.73027 -4.834862 0.2409521 0.2249608 0.399535 17.42605 1.01296 1 0.9762619
0.0207679 0.08300178 2.472846 -5.198634 1.928724 1.935608 0.4557603 20.17387 0.5292873 0 0.0
0.04089425 0.05145885 2.39596 -3.300605 1.386953 1.12819 -0.2260512 19.58615 0.6943779 0 0.0
0.03603666 -0.09048394 -0.04711534 -0.8408336 0.4693926 0.4006496 0.03344715 18.42583 0.8733616 1 0.0
-0.01250305 -0.008412087 2.340163 -4.224587 0.4583207 0.4130307 0.164554 18.42293 0.7810211 0 0.0
0.01396202 -0.01382535 1.595107 -4.271427 1.261637 1.187323 0.5399542 19.40289 0.6312618 0 0.0
0.1247531 -0.008611506 1.62266 -5.87738 0.2596352 0.2284466 0.07552018 17.43244 0.9968395 0 0.0
-0.0338088 -0.01137773 2.44553 -5.01789 1.663223 1.47421 0.4683045 19.87655 nan 0 0.0
0.07750228 -0.001638932 0.2487904 -4.664564 0.5833297 0.5456907 0.2460633 19.05931 0.7328854 1 0.3601037
0.04742936 0.06029432 -1.790037 -3.657741 0.4578204 0.4077096 0.05442577 18.40034 0.930912 1 0.0
0.05167302 -0.102977 -2.95138 2.409952 0.5026327 0.4236445 0.02138495 18.64814 1.133646 1 0.0
0.0131646 0.001239004 2.653848 -4.32409 1.080398 0.9604311 -0.103559 19.13396 nan 0 0.0
0.1201544 -0.01397639 0.005037978 -3.346244 1.723423 1.812683 0.6483179 20.14159 0.7262955 1 0.03610265
-0.02555686 -0.003371797 1.584377 -2.664327 0.8703246 0.7452791 0.3002891 19.34096 0.8831177 0 0.0
-0.01689532 0.02959303 -0.5556512 -5.097511 1.882311 1.83699 0.6649856 20.15652 0.6498566 1 0.4713763
0.006891693 -0.0513459 -2.280148 -7.448908 1.603944 1.414452 0.4277058 19.82943 0.9721584 0 0.0
-0.01140044 0.044002 1.059824 -5.447833 0.6759201 0.6124713 0.4509057 19.10872 1.245079 1 0.8413032
0.03304534 -0.02481663 -3.06054 -4.905229 0.5079129 0.4589629 0.4951413 18.40162 0.5982075 1 0.0
0.05560521 0.04815132 -8.921265 -5.559036 0.7029836 0.6239251 0.02706343 18.99595 0.9500446 0 0.0
-0.008453568 -0.004451963 3.061452 -4.54931 1.3759 1.129788 -0.1688289 18.96268 nan 0 0.0
-0.03349924 -0.01144628 2.067543 -5.018436 0.7267085 0.6271211 0.2789894 18.91062 0.723587 0 0.0
-0.004066951 -0.0320014 -6.308497 -4.688879 1.256456 0.9496493 -0.08360313 19.53074 0.7460155 1 1.437248e-06
0.1048241 0.0006491173 3.069058 -9.148593 0.4645443 0.4234418 0.1861455 18.61113 0.9564018 1 0.0
0.05516645 0.0482088 -1.516318 -3.974301 2.094941 2.091575 0.4757378 20.0935 nan 0 0.0
0.02482608 0.004128101 0.5504985 -2.675965 0.6802225 0.6184086 0.2360082 19.08189 0.8980141 0 0.0
0.03652613 -0.09097242 -1.637773 -2.398583 0.6129696 0.5213695 0.04830187 18.93646 0.5428486 0 0.0
-0.02785185 -0.006328863 2.180047 -5.532556 1.569023 1.185915 -0.01227735 19.65008 1.029726 0 0.0
0.1301557 0.01736664 -1.762678 -2.588977 0.445885 0.4058208 0.1762762 18.67401 0.8814297 1 0.0
0.01957993 0.08209033 0.08715681 -3.352372 0.8409571 0.7831705 0.4234311 19.45464 1.309677 0 0.0
0.03468435 -0.05503727 -6.22565 -4.912809 1.267606 1.161737 0.3347884 19.7485 1.024899 0 0.0
0.0003686909 -0.02748471 1.702528 -4.832188 0.3584765 0.3028061 0.09575978 17.90093 0.9295006 0 0.0
0.1247687 0.04026242 -6.753202 -9.580387 0.2783493 0.2465871 0.0769556 17.06361 1.558071 0 0.0
0.02282148 -0.06762963 0.7069984 -5.051137 1.013882 0.8645556 0.09494656 19.67175 nan 0 0.0
0.0399974 0.06640523 2.448328 -14.60247 0.9016107 0.8532635 0.4047366 19.5533 1.482847 0 0.0
0.1182803 0.03235942 -3.774211 -4.178419 1.924652 2.0252 0.6053476 20.38008 0.8451576 1 0.0006757679
0.05827895 0.03159385 -3.077694 -0.9420766 0.3190979 0.2897078 0.2561385 18.08531 1.190447 1 0.0
0.01983469 0.06628218 -2.685789 -5.614301 1.838583 1.844842 0.6460043 20.14355 1.20223 0 0.0
-0.02228141 -0.0004030981 0.6963439 -5.90275 0.8597456 0.8055394 0.6228605 18.86979 0.7870388 0 0.0
0.04376603 0.01166641 -2.44111 -6.38062 0.703213 0.6454023 0.2920977 19.12306 nan 0 0.0
0.06344563 0.03925411 -0.48802 1.010508 3.17017 2.878047 -0.01451113 20.39786 0.9487514 0 0.0
-0.02155927 0.0004134217 2.416834 -4.169084 1.789143 1.498637 0.5375527 19.76853 nan 0 0.0
0.1145806 0.02498273 -3.83893 -11.76401 2.717197 2.606867 0.1223895 20.58139 1.117174 0 0.0
0.06064053 -0.02586849 -2.231131 -6.010659 1.712058 1.723501 0.5037047 20.33967 0.6338177 0 0.0
0.04117723 0.04935683 0.05373404 -6.276098 1.487009 1.424045 0.3778237 19.66962 0.5641975 0 0.0
0.02018108 -0.001310504 1.764989 -5.171653 1.041039 0.9871135 0.4658421 19.45903 nan 0 0.0
-0.01109219 0.05607173 0.1218982 -7.748681 1.177202 1.113229 0.5068514 19.76068 1.018679 0 0.0
-0.00917636 0.0004231501 2.941541 -4.569464 0.5069379 0.4346239 0.1823236 17.75344 nan 0 0.0
0.09229061 0.08099265 -1.127165 -3.329632 0.6512289 0.6445313 0.5503936 18.83056 1.529919 0 0.0
-0.02777458 -0.00594737 -15.74188 -19.86873 1.966607 1.703133 0.17458 20.24352 nan 0 0.0
0.0745776 0.01805881 -5.049142 -4.284154 0.1954442 0.1877442 0.444389 16.9602 1.24807 1 0.0
0.1183722 0.003939786 3.932709 -5.441155 0.8038824 0.7188015 0.1108422 19.38425 1.193062 0 0.0
-0.008457133 0.03379038 3.298515 -3.719403 1.486974 1.584976 0.5011183 19.8935 nan 0 0.0
0.03671917 0.003757854 -1.68606 -2.41726 1.628831 1.615298 0.6521858 19.94175 0.746254 0 0.0
0.0939453 0.08309667 -11.95362 -12.67464 0.9468553 0.9344184 0.5327083 19.23292 1.426443 0 0.0
0.03300773 -0.05721102 1.623565 -6.218582 0.9923626 0.9048744 0.3001396 19.46347 0.8401394 0 0.0
-0.03352435 0.05653924 -1.971677 -0.8339807 0.6654361 0.5913235 0.2894999 19.19405 0.8017426 1 0.0
0.0696435 -0.02304446 -1.500133 -13.20636 0.4926284 0.4554732 0.3433666 18.71653 0.8025742 0 0.0
