data/gcs/NGC_6642.ecsv
# %ECSV 0.9
# ---
# datatype:
# - {name: x, unit: deg, datatype: float64}
# - {name: y, unit: deg, datatype: float64}
# - {name: pmx, unit: mas / yr, datatype: float64}
# - {name: pmy, unit: mas / yr, datatype: float64}
# - {name: pmx_e, unit: mas / yr, datatype: float64}
# - {name: pmy_e, unit: mas / yr, datatype: float64}
# - {name: pm_corr, datatype: float64}
# - {name: g_mag, unit: mag, datatype: float64}
# - {name: bp_rp, unit: mag, datatype: float64}
# - {name: filter, datatype: int64}
# - {name: memberprob, datatype: float64}
# meta: !!omap
# - comments: [deg deg mas/yr mas/yr mas/yr mas/yr dimless mag   mag   zeroone float]
# - __serialized_columns__:
#     bp_rp:
#       __class__: astropy.units.quantity.Quantity
#       unit: &id001 !astropy.units.Unit {unit: mag}
#       value: !astropy.table.SerializedColumn {name: bp_rp}
#     g_mag:
#       __class__: astropy.units.quantity.Quantity
#       unit: *id001
#       value: !astropy.table.SerializedColumn {name: g_mag}
#     pmx:
#       __class__: astropy.units.quantity.Quantity
#       unit: !astropy.units.Unit {unit: mas / yr}
#       value: !astropy.table.SerializedColumn {name: pmx}
#     pmx_e:
#       __class__: astropy.units.quantity.Quantity
#       unit: !astropy.units.Unit {unit: mas / yr}
#       value: !astropy.table.SerializedColumn {name: pmx_e}
#     pmy:
#       __class__: astropy.units.quantity.Quantity
#       unit: !astropy.units.Unit {unit: mas / yr}
#       value: !astropy.table.SerializedColumn {name: pmy}
#     pmy_e:
#       __class__: astropy.units.quantity.Quantity
#       unit: !astropy.units.Unit {unit: mas / yr}
#       value: !astropy.table.SerializedColumn {name: pmy_e}
#     x:
#       __class__: astropy.units.quantity.Quantity
#       unit: &id002 !astropy.units.Unit {unit: deg}
#       value: !astropy.table.SerializedColumn {name: x}
#     y:
#       __class__: astropy.units.quantity.Quantity
#       unit: *id002
#       value: !astropy.table.SerializedColumn {name: y}
# schema: astropy-2.0
x y pmx pmy pmx_e pmy_e pm_corr g_mag bp_rp filter memberprob
[from data line 2328]
-0.04441938 0.006120452 8.745764 5.851245 1.262422 1.032897 -0.02057783 18.50027 1.299519 0 0.0
0.02553726 0.01644421 -4.113285 -3.672404 0.4470191 0.3822987 0.331332 18.59797 1.352787 1 0.0
0.02421235 -0.03330109 -6.210759 -7.440901 0.6171634 0.5700556 0.5072644 18.90377 1.180439 0 0.0
-0.04883976 -0.0006846231 -6.794492 -12.06648 2.744812 2.875157 0.6943567 19.9749 nan 0 0.0
-0.02537667 -0.03250976 3.168585 -5.968228 0.06555813 0.0527461 0.04422083 13.23687 2.024673 1 0.0
0.007644743 -0.04491103 -4.036043 0.6512762 1.637009 2.192912 0.8002699 19.446 1.15653 0 0.0
-0.008222038 -0.03111331 0.845083 2.160436 0.4638189 0.3901835 0.2719362 18.42595 1.111576 0 0.0
-0.03042264 0.005172655 1.143771 -6.416898 2.285409 2.830941 0.3744254 19.84349 nan 0 0.0
0.030184 0.01438139 -0.9341278 -5.915065 0.9217995 0.8021995 0.3037815 18.75667 nan 0 0.0
0.02505997 0.009188752 -2.531591 -2.262489 1.427455 1.327912 0.6560077 19.6419 nan 0 0.0
0.002693487 0.03333432 -5.175381 -3.332485 2.236344 3.472345 0.6875752 20.37097 0.571991 0 0.0
0.00524064 0.01468419 0.4518005 -5.235234 1.461812 1.904636 0.841126 19.18512 1.391781 0 0.0
-0.0008619923 -0.02353707 -3.46558 -6.908057 1.993874 1.714702 0.4450051 19.9568 nan 0 0.0
0.001517396 0.02109107 1.199214 -0.3418815 0.08857467 0.0767988 0.0629816 14.86319 1.694392 1 0.0
0.02903343 0.001734018 -2.913579 -6.369321 0.5491741 0.4672843 0.3357663 18.63596 1.357525 0 0.0
0.0002854644 -0.02379265 -0.1607845 -2.563898 0.5242855 0.4352782 0.2564577 18.56699 1.52582 0 0.0
-0.02247507 0.01927909 -1.219147 -6.628433 1.200168 1.61716 0.812863 19.35786 1.245872 0 0.0
-0.004641184 0.004271998 0.5972268 -4.188657 0.195482 0.1644001 0.2128207 16.31601 0.9942017 0 0.0
0.03206495 0.0361991 -2.090306 -5.462585 1.507279 1.806359 0.8640353 19.30428 1.010366 0 0.0
0.04459881 0.0069272 -3.135408 -7.555516 1.332315 1.155762 0.3470178 18.49892 0.9637089 0 0.0
0.0336587 0.02750692 -3.544647 -3.855855 0.6863213 0.54655 0.6128534 18.67708 1.459158 0 0.0
-0.03075562 -0.007412109 1.161879 -7.085657 0.08637441 0.07093891 0.0236904 14.95051 2.003416 1 0.0
0.02647955 -0.03114432 -23.97164 -25.5277 1.315705 1.260425 0.5906595 18.83229 1.998592 0 0.0
-0.01261896 0.002850501 -0.154161 -7.34842 0.1603454 0.1432082 0.1976727 16.47814 1.811812 1 0.0
0.01609511 -0.04706328 -7.870543 -10.53986 1.715591 2.221559 0.5882178 19.4331 nan 0 0.0
0.00227312 0.01099928 -0.1531453 -5.967773 1.624876 1.397301 0.5618781 19.92498 nan 0 0.0
-0.004557916 0.02485229 -7.776533 -3.449059 1.972397 1.821725 0.359305 19.90602 1.029411 0 0.0
-0.02930198 0.0009214286 3.763602 -7.911191 1.47647 2.08789 0.781542 19.53286 nan 0 0.0
0.008013979 0.0451158 -2.380953 -4.723596 0.5474695 0.4609999 0.141592 18.45698 1.210381 0 0.0
-0.02286284 -0.0047879 0.7552862 -2.432033 0.6007946 0.4921201 -0.01795272 18.69602 1.230038 0 0.0
0.006753436 0.03566877 0.2481487 -6.01449 0.376761 0.3313565 0.4413963 18.18228 1.45274 0 0.0
0.01722597 0.04174272 -7.083667 -5.586404 1.468912 1.806722 0.8846435 19.33622 1.02083 0 0.0
0.03894894 0.02306325 0.5811906 -5.470534 0.09770362 0.08398469 0.4840581 15.10167 1.884073 1 0.0
0.0007053956 0.0006023388 1.92394 -4.920725 0.2836142 0.2416231 0.1807701 16.29866 nan 0 0.0
0.006753701 0.0408415 -5.256634 -1.454675 1.476052 2.048111 0.816193 19.65059 nan 0 0.0
0.005073223 0.029037 2.270653 0.07873838 1.375549 1.121165 0.2155671 18.68027 1.314611 0 0.0
-0.02921879 0.00447293 -5.675924 -9.562829 1.547242 2.03445 0.755152 19.76725 1.899426 0 0.0
0.02516771 -0.01300136 -1.267044 -5.0938 0.352447 0.3167873 0.525231 17.24861 1.393803 0 0.0
0.04604742 -0.01323016 -2.153058 -3.124993 0.5866279 0.5476419 0.5237289 18.82757 nan 0 0.0
0.005604222 0.006400562 -0.08231798 -4.132773 0.355946 0.3011692 0.3411849 18.16352 1.332525 0 0.0
-0.005677101 0.0086436 -3.575465 -2.368331 0.5559437 0.5114608 0.3243577 18.7472 nan 0 0.0
-0.0143864 0.03890111 -2.107828 -7.029076 0.1766473 0.1460735 -0.03355203 16.97775 0.9551363 0 0.0
-0.00128203 0.0007644591 -0.739039 -3.818226 0.1214589 0.1011043 0.1405133 14.26829 1.697549 0 0.0
-0.04671393 0.00363057 -1.944502 -2.93588 1.048295 1.374836 0.7536508 19.03774 nan 0 0.0
0.005295895 -0.00363208 -4.000277 -3.162481 1.768384 1.612793 0.4256843 18.92888 nan 0 0.0
0.0187543 -0.04062633 -0.6967192 -1.063085 0.1650786 0.1351938 0.03927934 16.5861 1.183825 1 0.0
0.01271829 0.04607101 2.55258 0.03753353 1.603086 1.953781 0.8886191 19.44915 nan 0 0.0
-0.02591324 -0.007790631 -6.838294 -5.067501 0.7852474 0.596529 -0.4072406 18.85204 1.271805 0 0.0
0.01168218 0.0454722 -3.5161 -6.899343 1.445045 1.904832 0.7680799 19.6064 0.9553833 0 0.0
-0.024097 0.009278576 2.556555 -4.237761 0.8386823 0.7161921 -0.138008 18.97272 1.489094 0 0.0
-0.00145004 0.006112663 1.727347 -0.7491404 1.083905 0.9479687 0.3126521 18.89504 nan 0 0.0
-0.03357798 -0.02563942 -0.07628961 -6.895871 0.133548 0.1097091 0.06625368 15.82048 1.72112 1 0.0
0.006499568 -0.002415245 0.4924424 -2.52654 0.376312 0.3378567 0.6013033 17.68908 nan 0 0.0
-0.02365251 0.02833498 0.8477856 -3.03397 0.6142683 0.5840836 0.3106254 18.9762 nan 0 0.0
0.02771114 -0.02994294 -2.239796 -5.326207 1.545705 1.843236 0.8857573 19.28524 nan 0 0.0
0.03183195 -0.00115626 -6.482449 -11.82746 1.567085 1.858139 0.8787664 19.16733 nan 0 0.0
-0.009483607 -1.788847e-05 -5.529605 -5.241759 0.2088171 0.1840293 0.3812881 17.10439 1.568974 0 0.0
-0.02647738 0.0138405 -0.2465758 -3.968127 0.111236 0.0913979 0.00659103 16.10289 1.639153 1 0.9870044
-0.02983095 -0.01178354 -0.614411 -3.992372 1.117567 1.42052 0.7491212 19.19985 1.329363 0 0.0
-0.02540997 -0.004918066 -3.649346 -3.260813 1.297565 1.699453 0.7116442 19.47093 1.286077 0 0.0
0.03793285 -0.005510443 4.688353 0.3455461 0.4565391 0.4085335 0.1972769 18.32073 1.145744 0 0.0
-0.02748135 -0.004619028 -2.555974 2.020085 1.58903 2.10822 0.415727 19.55155 1.474186 0 0.0
0.005043988 -0.003311635 3.682179 -4.275605 0.5934643 0.5054409 0.3147183 18.26567 1.072121 0 0.0
-0.009705387 -0.02927472 0.5915774 -5.639427 0.6459844 0.5391434 0.2253805 18.7373 1.481285 0 0.0
-0.004249239 0.002782372 0.4019062 -3.819459 0.366985 0.3049318 0.2997509 17.9882 0.9082241 0 0.0
0.0003695857 0.03375778 1.9619 -8.106187 0.29846 0.2464495 0.08674195 18.03916 1.434233 1 0.0
0.04059158 -0.006731938 -1.186984 -3.533541 1.597781 1.935008 0.8822671 19.38141 1.21279 0 0.0
-0.01079831 -0.01106535 -1.77661 -4.504209 0.6997008 0.6731975 0.4696216 18.8949 nan 0 0.0
0.005182705 -0.03480578 -3.050565 -6.241068 0.4345231 0.3605048 0.1194322 18.00723 1.538937 0 0.0
-0.0303863 -0.03103072 -2.082128 -6.038632 0.5707558 0.4827712 0.1758957 18.35061 1.677011 0 0.0
0.01915305 0.007473128 -0.3794339 -3.187374 1.533871 1.808786 0.876578 19.3211 1.272511 0 0.0
0.02315181 -0.01691297 -5.444361 -9.151644 0.6619362 0.587202 0.5990089 18.84662 1.224054 0 0.0
-0.00682449 0.001923957 0.1008689 -4.004367 0.1389013 0.1165592 0.2460396 16.3763 1.045623 0 0.0
-0.0219716 0.02206009 -1.747608 -0.4670439 0.4886184 0.40749 0.3786853 18.37983 nan 0 0.0
0.0127112 -0.02760796 -2.614843 -3.625066 0.1777638 0.1454491 0.08671417 16.77736 1.657537 1 0.0
0.0138642 0.02555927 -2.989472 -5.417029 1.394575 1.6834 0.8734099 19.25807 0.4715385 0 0.0
0.02211308 -0.03580507 1.973551 -2.738752 0.4394115 0.3725971 0.3077454 18.05941 1.21961 0 0.0
0.01296303 -0.02803523 -4.802712 -3.397203 0.5835977 0.483641 0.08680482 18.04585 nan 0 0.0
0.02362723 -0.01907408 -1.715289 -6.840919 0.9165654 0.8161253 0.6600812 19.00022 1.080999 0 0.0
0.009100706 -0.03206322 -2.46865 -4.65576 0.3624281 0.3174571 0.5118669 17.74201 1.120182 1 0.0
0.02100399 0.02873597 5.403259 2.142101 1.345529 1.664217 0.8697562 19.12433 0.888998 0 0.0
-0.02462623 -0.004912195 -0.4670181 -8.354411 1.704686 2.201817 0.4556638 19.65021 0.3343506 0 0.0
-0.01211414 -0.007590278 -2.179672 -5.139504 0.5738168 0.5172203 0.2257409 18.76403 1.418169 0 0.0
-0.002233392 -0.02068941 -2.010774 -8.678736 0.1290345 0.1058548 0.1114821 16.08132 1.608546 1 0.0
0.01596111 0.00174197 -6.36834 -3.217485 0.969613 0.8686299 0.3766627 18.92221 nan 0 0.0
0.002831698 -0.04971545 0.7791972 -4.34285 0.5705038 0.471884 0.1876004 18.61001 1.221685 0 0.0
0.01629656 -0.001950698 -0.2660905 -5.947803 0.8409336 0.8782343 0.7012417 19.04747 1.470789 0 0.0
-0.04749151 -0.01360451 -2.982375 -4.017628 0.3681105 0.305115 0.00632222 18.04868 1.553583 0 0.0
0.009834009 0.04436608 -1.961269 -5.856081 1.588984 2.18908 0.8163628 19.6769 1.098648 0 0.0
0.0180011 -0.02341431 -3.343896 -2.54958 0.1088978 0.09029197 0.1591277 15.52201 1.521873 0 0.0
0.0310274 0.02951982 -1.64375 -2.07744 0.547533 0.4665229 0.4713305 18.84535 1.433474 1 0.0
0.03552116 -0.02218381 -1.69183 -0.9213994 0.7762737 0.6964856 0.6564805 18.89053 1.644772 0 0.0
0.0128011 0.03371901 -4.220465 -4.516418 1.080858 0.892513 -0.08752964 19.02869 1.19503 0 0.0
0.01403031 0.007931535 -3.385422 -3.091476 0.1044768 0.08707968 0.1574144 15.66126 1.735193 1 0.0
-0.02608731 0.0232419 -3.149485 -1.992142 0.3950953 0.3329261 0.160802 18.54004 1.541046 0 0.0
0.01316096 -0.00769719 2.829243 -5.68893 0.9368814 0.9453519 0.58 18.9149 1.078573 0 0.0
-0.02247089 -0.005232245 -0.5688272 -4.23405 0.6434736 0.5522697 0.168508 18.88643 nan 0 0.0
0.0151208 -0.003026303 0.1436211 -5.044102 0.745681 0.6761045 0.3373304 18.90966 nan 0 0.0
0.003840537 0.002309362 0.2271328 -4.400059 0.3982866 0.3571165 0.5600458 17.42142 1.258738 0 0.0
0.002664595 -0.01093142 5.935562 -0.905506 0.9144194 0.803145 0.433817 17.96949 nan 0 0.0
0.01543074 0.0143992 1.916627 -0.985823 0.6725005 0.6048561 0.473003 18.93666 nan 0 0.0
-0.005676686 -0.0009942322 2.395166 -4.15788 0.9163683 0.8387933 0.6204083 18.33838 nan 0 0.0
0.01651796 -0.0221362 -0.1574604 -4.996751 0.1567453 0.1305834 0.2318929 16.6673 1.648128 1 0.0
-0.01172645 0.03944497 -1.361456 5.00524 2.559971 3.190441 0.8648034 19.97719 nan 0 0.0
-0.01675708 -0.03447296 2.44074 -0.5730151 1.728959 2.112573 0.8183745 19.52587 1.31949 1 0.295798
-0.04357517 -0.007274576 -3.432373 -4.299318 1.75372 2.270177 0.7052917 19.62184 1.74642 0 0.0
-0.004837665 0.01879264 -8.697536 -9.389979 1.887336 2.463606 0.8450596 19.3211 nan 0 0.0
-0.001786018 0.01063117 -1.675927 -4.865937 0.5669813 0.4800374 0.3648747 18.71897 nan 0 0.0
-0.001981671 -0.009678283 -1.184171 -6.488083 0.8679202 0.7365398 0.119924 18.96452 nan 0 0.0
-0.03607859 0.01027529 3.127614 -8.606045 1.071608 1.404789 0.7528134 19.22375 1.495882 1 0.0
-0.006378598 0.04297965 -1.092347 -7.088614 0.5503854 0.5440993 0.403791 18.9194 1.299253 0 0.0
0.04274236 -0.02053419 -3.610649 -5.064494 0.5957201 0.5409565 0.4629616 18.90195 1.224268 0 0.0
0.000509481 0.008014296 -0.120457 -4.152586 0.1365962 0.1164861 0.232897 16.10377 1.513804 0 0.0
-0.01905675 -0.0002554352 -0.0195429 -4.070945 0.5032201 0.4146069 -0.005454118 18.45969 1.309074 0 0.0
0.01103351 -0.01004494 -4.241629 -15.09391 0.07466979 0.06154732 0.1614693 14.51659 1.641413 1 0.0
-0.006993221 0.01659909 -5.026187 -6.966445 1.637833 1.544826 0.7122402 19.9248 0.7162304 0 0.0
0.001461204 0.003087608 -0.2517553 -3.863929 0.129424 0.1118214 0.2420066 16.34845 1.241937 0 0.0
-0.008197491 0.02421315 -3.210013 -4.29383 0.7994294 0.7278121 0.7601366 18.7764 1.089048 0 0.0
0.004511085 -0.03466652 -2.071482 -6.398705 1.709893 2.09465 0.8219205 19.44201 2.087568 0 0.0
-0.03165771 0.01928293 1.601824 -3.750574 1.166206 1.549158 0.8051364 19.35318 1.463985 1 0.1352336
0.02522406 -0.01104062 -2.965627 -5.768014 0.5793581 0.4833856 0.3258445 18.72969 1.290871 1 4.21581e-05
-0.03330529 0.002740089 -4.774239 -6.713213 0.7403928 0.634747 0.2620768 18.81885 nan 0 0.0
0.02495215 0.0312053 -8.105025 -7.909039 1.279814 1.511308 0.8670883 19.05134 1.236029 0 0.0
-0.01093863 -0.006596447 -0.1501574 -3.782522 0.1493852 0.1247468 0.1165428 16.40811 1.579301 1 0.9919475
-0.0480276 -0.001813475 -3.756213 -9.208535 1.220471 1.559516 0.7587655 19.26853 1.569414 0 0.0
-0.02661662 0.0101879 -1.44009 -5.47329 1.332727 1.64493 0.7550656 19.4307 0.8494701 0 0.0
-0.009426312 -0.01835704 -0.9905737 -2.730052 0.5869953 0.4935239 0.8464003 17.49778 1.320299 1 0.0
-0.0101262 -0.01582413 -1.57734 0.3328862 0.5988699 0.4990731 0.3000513 18.76239 nan 0 0.0
-0.005033915 0.02612829 -1.676153 -5.874549 1.016713 0.9759224 0.3252897 19.66702 nan 0 0.0
0.02751813 -0.01614896 -5.034648 -3.501768 0.4048711 0.346685 0.5829281 18.04229 1.072035 0 0.0
0.01411062 -0.02642745 -5.92411 -8.252015 0.4779445 0.4196027 0.4034624 18.59684 1.600725 1 0.0
0.03421612 0.01772017 -2.446359 0.08732033 0.6466903 0.5952948 0.4764476 18.84249 1.382893 1 0.0
-0.02664373 0.005799083 -2.555518 -9.809063 1.175606 1.53266 0.7431671 19.34558 1.343294 0 0.0
0.03191091 -0.02187581 -4.812423 -2.728545 0.6403553 0.5830947 0.5152185 18.96124 1.083986 0 0.0
0.02032822 0.003904302 -0.282619 -2.166494 0.6916082 0.617934 0.2579939 18.81683 1.209923 0 0.0
-0.02680618 -0.0212853 -3.345042 -7.157293 0.4207824 0.3626139 0.2502624 18.23822 1.409534 0 0.0
0.01358338 0.01723563 2.502053 -4.942575 1.600141 1.477265 0.240039 19.83706 nan 0 0.0
0.03692471 -0.007219142 -0.7208994 -4.414537 1.52737 1.976384 0.8716829 19.31502 0.8903446 0 0.0
-0.03854081 0.006009767 1.637134 -4.915418 0.5728755 0.4333411 -0.3873007 18.44847 nan 0 0.0
0.01347024 0.005961303 -2.006347 -6.293283 0.481852 0.4108051 0.3981439 18.47407 1.368792 0 0.0
0.04079769 0.02620219 -4.808588 -1.485325 0.3050607 0.2786894 0.4507429 17.33044 1.609552 1 0.0
-0.02432072 0.008040666 -1.298595 -5.441045 1.412327 1.770566 0.7843757 19.27725 nan 0 0.0
-0.01833332 0.03111292 -7.38911 -9.729791 1.190949 1.521323 0.8124038 19.16388 1.073105 0 0.0
0.0236851 -0.008501653 -5.096537 -3.934144 0.6754012 0.6221578 0.3680776 18.93472 1.319395 0 0.0
0.03505901 0.02909729 -0.01812436 -4.490005 0.8201255 0.8748604 0.7046664 19.01801 1.122097 1 0.39088
0.0303259 0.02277369 0.4290827 -4.887056 0.5195976 0.4430256 0.421163 18.70022 1.310776 0 0.0
-0.04144443 -0.01832888 5.255712 -4.430511 1.145941 1.435378 0.7679683 19.15153 1.233627 0 0.0
-0.01810268 -0.01744051 -2.594798 -7.149653 0.5244119 0.4388377 0.02718847 17.31475 1.493418 0 0.0
0.003280859 0.009057576 -2.539157 -6.98611 2.133255 1.883259 0.27899 19.76464 nan 0 0.0
0.006918173 -0.02648601 -1.803998 -2.477503 1.618927 2.139636 0.8069468 19.42436 -0.1430759 0 0.0
-0.04152729 -0.02183652 -8.147075 -13.38999 1.145236 1.529846 0.7745593 19.11319 1.250816 0 0.0
0.009912548 -0.02837447 -4.480587 -6.687313 0.1551759 0.1272972 0.08483148 13.14421 3.309247 1 0.0
0.03720205 -0.0162715 -2.754885 -7.008507 1.466395 1.771158 0.8777875 19.29438 0.8229351 0 0.0
-0.04259799 0.0004028213 -3.728129 -8.29092 1.324391 1.086549 -0.04425445 18.39397 1.408779 0 0.0
0.008905796 -0.01750061 0.3562944 -3.738666 0.7633789 0.660463 0.549453 18.85644 1.24271 0 0.0
0.03432691 0.01315014 -2.472223 -3.226773 0.6112135 0.5336174 0.4673581 18.83871 nan 0 0.0
-0.02244027 -0.02067223 0.1453267 -5.248528 0.3452756 0.2884164 0.2333264 17.989 1.352001 1 0.0004963243
-0.000890141 0.0004554719 0.4318245 -4.919016 0.4649123 0.3774889 0.07812313 14.92855 nan 0 0.0
-0.01992704 0.01659014 -2.662665 -6.220809 0.572133 0.4974612 0.2236442 18.67121 1.381668 0 0.0
0.004763976 -0.006128779 -0.806765 -4.934946 0.5300654 0.4459196 0.240993 18.31933 1.096666 0 0.0
0.002328822 -0.005218908 0.2418929 -6.453427 0.9596548 0.8231817 0.2110463 15.81148 1.349301 0 0.0
-0.03304769 -0.01986193 -3.308243 -7.599769 0.5021941 0.4078103 -0.1071732 18.64913 1.267408 0 0.0
0.01732756 -0.03756484 -7.56094 -5.308766 1.481178 1.386977 0.4101088 19.6176 0.9980354 0 0.0
-0.01194912 0.02473357 -5.007345 -4.99226 0.1532094 0.1381635 0.3110927 16.4725 1.823756 1 0.0
0.01011134 0.009368128 -1.935257 -5.822681 0.7844174 0.6941635 0.6440911 18.81506 1.133274 0 0.0
-0.03174207 0.02084503 0.4577028 -1.845991 0.4991524 0.4183338 0.1493181 18.25643 1.453238 0 0.0
0.03541897 0.01416265 -1.968677 -0.024952 0.4010154 0.3391368 0.3723531 18.36059 1.358328 1 0.0
