data/gcs/NGC_6093_M_80.ecsv
# %ECSV 0.9
# ---
# datatype:
# - {name: x, unit: deg, datatype: float64}
# - {name: y, unit: deg, datatype: float64}
# - {name: pmx, unit: mas / yr, datatype: float64}
# - {name: pmy, unit: mas / yr, datatype: float64}
# - {name: pmx_e, unit: mas / yr, datatype: float64}
# - {name: pmy_e, unit: mas / yr, datatype: float64}
# - {name: pm_corr, datatype: float64}
# - {name: g_mag, unit: mag, datatype: float64}
# - {name: bp_rp, unit: mag, datatype: float64}
# - {name: filter, datatype: int64}
# - {name: memberprob, datatype: float64}
# meta: !!omap
# - comments: [deg deg mas/yr mas/yr mas/yr mas/yr dimless mag   mag   zeroone float]
# - __serialized_columns__:
#     bp_rp:
#       __class__: astropy.units.quantity.Quantity
#       unit: &id001 !astropy.units.Unit {unit: mag}
#       value: !astropy.table.SerializedColumn {name: bp_rp}
#     g_mag:
#       __class__: astropy.units.quantity.Quantity
#       unit: *id001
#       value: !astropy.table.SerializedColumn {name: g_mag}
#     pmx:
#       __class__: astropy.units.quantity.Quantity
#       unit: !astropy.units.Unit {unit: mas / yr}
#       value: !astropy.table.SerializedColumn {name: pmx}
#     pmx_e:
#       __class__: astropy.units.quantity.Quantity
#       unit: !astropy.units.Unit {unit: mas / yr}
#       value: !astropy.table.SerializedColumn {name: pmx_e}
#     pmy:
#       __class__: astropy.units.quantity.Quantity
#       unit: !astropy.units.Unit {unit: mas / yr}
#       value: !astropy.table.SerializedColumn {name: pmy}
#     pmy_e:
#       __class__: astropy.units.quantity.Quantity
#       unit: !astropy.units.Unit {unit: mas / yr}
#       value: !astropy.table.SerializedColumn {name: pmy_e}
#     x:
#       __class__: astropy.units.quantity.Quantity
#       unit: &id002 !astropy.units.Unit {unit: deg}
#       value: !astropy.table.SerializedColumn {name: x}
#     y:
#       __class__: astropy.units.quantity.Quantity
#       unit: *id002
#       value: !astropy.table.SerializedColumn {name: y}
# schema: astropy-2.0
x y pmx pmy pmx_e pmy_e pm_corr g_mag bp_rp filter memberprob
[from data line 2977]
0.002622249 0.01430526 -1.451435 -5.001195 1.246718 0.8865741 0.3914216 18.8582 nan 0 0.0
-0.02436128 -0.01942837 -3.233137 -5.406617 0.1295873 0.07599031 -0.03411625 15.59641 1.327603 1 0.9946115
0.02597346 0.0168491 -3.317779 -5.798985 0.2713404 0.1489738 -0.1181679 16.77631 0.259882 1 0.9920333
-0.02714475 -0.00795811 3.390277 -6.371134 2.016004 1.333025 0.0623299 20.14906 0.7573338 0 0.0
0.0275049 0.01680302 0.002584186 -9.705634 3.117331 2.134676 -0.5328906 20.06616 0.4475269 0 0.0
-0.02300121 -0.005229832 -2.545638 -3.958867 0.8383549 0.6287199 -0.1536085 18.82674 1.036711 0 0.0
-0.04076926 -0.0129893 -1.525883 -4.855054 0.6451965 0.4427473 -0.08818661 18.68665 1.005795 0 0.0
-0.01114342 -0.02337485 -3.150773 -5.682763 0.2883742 0.1926415 -0.01897736 17.1933 0.2731953 0 0.0
-0.05741853 0.0287012 -3.368375 -5.356666 0.559177 0.4091788 0.06412183 18.84004 0.9920311 1 0.9700956
0.01598252 0.005305467 -2.612595 -1.211731 2.024142 1.357311 -0.7056456 18.92965 nan 0 0.0
-0.00580611 -0.02067752 -3.219636 -6.285217 1.574586 1.053548 -0.05811561 18.87396 0.8550682 0 0.0
-0.0356463 0.05618404 -9.827447 -2.890788 2.601101 2.192451 -0.4779972 20.6798 0.7562656 0 0.0
0.005755645 0.0212727 -2.940557 -5.640923 0.2679898 0.1815752 -0.1031414 16.57743 0.3997955 0 0.0
0.01701012 0.02149301 -3.225705 -5.403619 0.5091534 0.3396212 0.09543157 18.34352 0.8233795 0 0.0
-0.04200762 -0.00581996 -2.855272 -6.672011 1.867458 1.279485 0.1314696 20.23741 0.796957 0 0.0
-0.004107626 0.01544009 12.27523 -11.57854 1.612432 0.7282116 -0.1627836 19.1019 0.8565178 0 0.0
0.01623732 0.02128902 -3.786803 -5.349806 1.008395 0.5861641 -0.1010151 19.04118 nan 0 0.0
-0.01357447 -0.01229147 -0.5523378 -4.85654 1.09928 0.8252097 0.02102881 18.89054 nan 0 0.0
-0.05170522 0.006465725 -3.053587 -5.089822 1.36238 1.080737 -0.01269515 20.02256 0.4961262 0 0.0
0.007441705 0.02127834 -3.690734 -5.452288 0.3477948 0.2339977 0.06125768 17.92518 1.113474 0 0.0
-0.02643854 -0.02750639 -8.759118 -6.146146 1.429196 1.04655 0.009454938 19.83198 0.8797493 0 0.0
0.03380746 -0.006819018 -1.800132 -4.248257 1.232354 0.8137235 0.2963519 19.34413 0.8416309 0 0.0
-0.01588223 0.02219314 -3.556354 -5.86212 1.729546 1.080318 0.2584701 19.43822 nan 0 0.0
0.001779392 0.02412812 -2.286032 -4.36584 1.259321 0.7428149 0.3417738 19.49615 0.5831547 0 0.0
-0.005484583 0.01711851 -2.750227 -5.40664 1.744952 0.877676 0.1666488 19.48164 nan 0 0.0
-0.1070806 -0.07133514 -5.436898 -2.135639 0.7748383 0.4915182 -0.226578 18.80713 1.036306 1 0.0
-0.05149039 -0.04110347 -2.967484 -5.636585 0.1751915 0.1115585 0.05829041 16.4065 0.3781128 1 0.9970672
-0.01523587 0.02193573 -3.601889 -6.34635 0.8611581 0.5261357 0.2172243 18.95673 0.8498344 0 0.0
0.01694913 -0.01664442 -3.732832 -5.702168 0.3587264 0.2282348 0.06885051 17.48671 1.118999 0 0.0
-0.01760383 -0.0286341 -2.55839 -5.658161 1.553627 1.12959 0.1427775 20.11395 0.6307049 0 0.0
-0.001143013 0.00520341 -2.554884 -5.844575 0.1314828 0.09427678 -0.1360174 15.06259 1.108844 0 0.0
-0.0292655 -0.00987353 2.147271 -6.587591 1.934477 1.265924 -0.009182543 20.17525 0.8117981 0 0.0
-0.009710601 -0.02533931 8.148781 -2.270681 2.291649 1.518254 -0.02159454 19.81141 nan 0 0.0
-0.01378763 0.01180405 -2.866206 -5.24179 0.1392004 0.09539333 -0.05202021 14.94307 1.381212 0 0.0
0.00609257 0.0148907 -2.970502 -5.771829 0.4981802 0.3163425 0.1656813 18.20031 0.7813473 0 0.0
-0.03996794 -0.01518061 -0.3519612 -1.609546 0.476151 0.3254273 -0.1961329 18.20413 0.8976002 0 0.0
-0.09035029 0.06424761 -17.22344 2.031208 2.368508 1.834488 -0.3309524 20.65034 0.926569 0 0.0
-0.02532283 0.01474351 -2.397193 -5.222648 0.9528735 0.6179561 0.2369445 19.33549 0.8411045 0 0.0
0.02707272 -0.03650729 -2.112899 -6.078024 0.6647043 0.3784476 0.2568277 18.48709 1.061317 0 0.0
0.03997556 -0.002717995 2.398034 -5.731268 2.895058 1.867005 0.6362049 20.24329 0.96735 0 0.0
0.003814871 -0.04265964 0.1361058 -6.740209 1.236172 0.8264991 0.1880965 19.63435 0.7667236 0 0.0
-0.006494121 -0.0258808 -1.968717 -6.268301 0.2291283 0.1490878 -0.07010365 17.02372 1.183525 0 0.0
-0.03833828 -0.01603654 -3.434533 -5.659462 1.01066 0.6893823 0.007152821 19.43975 0.7367878 0 0.0
-0.01036894 -0.04882644 -2.778011 -5.228718 0.9129248 0.6130542 0.2345625 19.31818 0.7612953 0 0.0
0.01206602 0.04041062 18.89075 10.59175 3.594369 2.489611 0.3179821 19.89277 nan 0 0.0
0.02262654 -0.00114995 2.404663 -2.111839 1.773687 1.297558 0.3665515 19.03896 0.9548416 0 0.0
-0.02247942 -0.01737383 -3.563361 -5.487443 0.4336714 0.2680205 0.1356774 18.13907 1.107229 0 0.0
-0.03037863 -0.05716457 -2.799586 -5.150156 2.928513 2.021497 -0.04413967 20.65256 0.6170063 0 0.0
-0.0431999 -0.01135928 -3.669987 -3.698186 0.4019881 0.2822674 0.001038225 18.12563 1.280485 1 5.460567e-06
-0.04400535 -0.1257126 -11.62391 -1.480657 2.618587 1.362668 -0.2292692 20.11825 1.493572 1 0.003740774
-0.009329673 -0.04984108 -2.932211 -5.483543 0.3247761 0.2141868 0.06207791 17.74365 1.14464 1 0.9946734
0.01193952 0.04008638 -3.870103 -9.367275 0.8188381 0.6177234 0.01988404 19.47258 0.6688118 0 0.0
-0.09231322 0.03663551 3.870372 -6.191488 0.7969095 0.5967441 -0.0268427 19.29662 1.054478 1 0.0
0.008227025 -0.003501975 -3.49006 -4.136056 1.095927 0.8669015 -0.007243396 17.61856 nan 0 0.0
-0.09796964 -0.04990107 -10.472 -1.741639 0.8163781 0.5048814 -0.1801736 18.88096 1.045105 1 0.0
-0.002814087 -0.03011499 -4.901189 -7.944176 3.877631 1.985901 -0.2527713 20.47929 0.6875095 0 0.0
-0.1179025 -0.0594175 -1.623949 -4.550017 0.3143249 0.2017222 -0.2838898 17.34135 1.305792 1 0.0
-0.03408176 -0.01758607 -4.502701 -5.790799 1.284862 0.9437318 -0.07420029 19.7444 0.5392132 0 0.0
0.01855215 -0.004176292 -3.03326 -5.567741 0.8156219 0.5497395 0.3790672 18.67863 0.9585228 0 0.0
-0.04130347 -0.01158947 -3.820896 -4.726221 1.200514 0.8309561 -0.04746358 19.67258 0.7523689 0 0.0
-0.04899276 -0.03504099 -3.106243 -4.042277 1.099886 0.7350944 0.2419797 19.63169 0.6746407 0 0.0
-0.04757833 0.01642169 -0.743827 -6.181548 1.454085 1.144046 -0.3088281 19.88852 0.711834 0 0.0
-0.06717416 -0.04789861 -3.95567 -4.838189 1.478322 1.012035 0.2245589 20.03432 1.308977 0 0.0
-0.01815369 -0.01304541 7.565588 -14.75043 2.778922 2.298426 -0.4119425 19.91235 nan 0 0.0
0.008353432 -0.00388536 -1.284773 -6.728198 1.145598 0.6947987 0.6010366 17.56734 1.146728 0 0.0
-0.002589336 -0.03159127 -3.250496 -5.665486 1.237162 0.9093175 0.1537784 19.64765 0.7396011 0 0.0
-0.02138244 -0.02594337 -4.120119 -6.145333 0.3831613 0.270564 0.02812564 17.91506 1.108122 0 0.0
-0.01305527 -0.006676183 -3.017827 -4.187277 0.4034115 0.3024182 -0.2302032 17.48327 nan 0 0.0
0.00574001 -0.01603503 1.439557 -6.373668 2.26785 1.144578 -0.3944419 19.24459 nan 0 0.0
-0.01097426 -0.03088597 1.75127 -7.011679 3.876263 1.983126 -0.1404252 20.52063 0.664484 0 0.0
-0.01766043 -0.02536872 -2.895049 -5.46598 0.3195874 0.2174323 0.1385087 17.70696 1.130877 1 0.9964484
-0.005724603 0.04475979 -2.824322 -6.448154 1.196 0.9319615 -0.02758677 20.06787 0.5947647 0 0.0
-0.02004823 -0.02513636 -1.567761 -7.830091 0.3829774 0.2744843 0.04149645 18.03588 1.012587 0 0.0
-0.08271259 0.03163494 -5.240012 0.3985296 0.8582223 0.6679975 0.05982411 19.54315 1.199219 1 0.0
-0.01081964 -0.03244426 1.48405 -3.857417 3.632723 2.568944 -0.003850655 20.75863 nan 0 0.0
-0.05701669 -0.05775111 -9.02587 -0.6697105 0.5466928 0.3709546 0.1048476 18.66285 1.080063 1 0.0
-0.03226027 0.001445902 -3.564059 -5.283883 1.805255 1.279781 -0.3953851 19.78649 nan 0 0.0
-0.004007894 -0.03115071 -7.40174 -6.088645 4.080053 1.966271 -0.1183091 20.45193 0.6080303 0 0.0
-0.08637683 -0.0612457 -4.524343 -4.008873 0.5157515 0.3191739 0.1396332 18.29043 1.138342 1 5.855624e-06
-0.00784052 -0.05988889 -1.732559 -4.176273 2.513505 1.699784 -0.1635241 20.44455 0.5183182 0 0.0
-0.01550796 0.06670878 -5.017454 -3.530999 2.191491 1.793189 -0.4472454 20.51816 0.6821346 0 0.0
0.02455127 -0.0003949762 -10.76213 0.6874913 0.9096892 0.6057739 -0.1088621 18.47942 1.033279 0 0.0
-0.002604305 0.01634994 7.420327 -1.432723 3.325666 2.071264 0.1270643 19.84145 nan 0 0.0
0.0115717 0.01134077 4.421291 -3.507304 0.8281643 0.4748027 -0.2243049 17.73015 0.9895535 0 0.0
-0.009809034 -0.02376575 -12.25184 -8.010283 2.366387 1.577829 0.006471345 19.6763 0.8482857 0 0.0
-0.03965026 0.05117614 -3.664503 -6.933629 1.778062 1.399059 -0.4036648 20.26736 0.7838116 0 0.0
0.001216568 -0.06376821 -2.721637 -5.476573 0.2201287 0.1344085 0.08701882 16.87421 0.2434349 1 0.9944867
0.001905345 -0.01168236 0.3924885 -6.08339 1.907695 1.103967 -0.1103787 18.81043 nan 0 0.0
-0.03559145 0.007914793 -2.812649 -5.292648 0.5389477 0.4164752 -0.07771974 18.76437 1.03046 0 0.0
-0.003811394 -0.02654255 -2.169 -6.109685 1.109854 0.7520099 0.2057932 19.56521 0.7678432 0 0.0
0.007422352 -0.07509424 -3.173052 0.7393101 0.9364465 0.5450166 0.4005257 19.03918 1.332611 0 0.0
-0.006548816 -0.05650328 -2.842373 -6.67362 1.112702 0.7670675 0.2376562 19.64212 0.7166595 0 0.0
-0.08420054 -0.06091626 4.482515 -5.528168 0.5318423 0.3351606 0.234346 18.43725 1.318624 1 0.0
-0.02414017 0.0008849288 -3.594457 -6.248387 1.698649 1.550468 -0.2308931 19.51368 nan 0 0.0
0.002299283 0.02482048 0.9880874 -5.159283 1.444913 0.8967781 0.4287479 19.47128 nan 0 0.0
-0.02992277 -0.02317934 -8.449299 -7.078474 1.604437 1.045294 0.02400618 19.96375 0.7807751 0 0.0
-0.0254056 -0.06796104 -3.082517 -4.939383 2.543816 1.635187 -0.1854148 20.42944 0.6878586 0 0.0
-0.05177955 0.05387475 -7.718768 1.453302 0.4106628 0.2960743 -0.04752919 18.38021 0.96842 1 0.0
-0.02095383 0.01791808 -3.406776 -5.484118 1.067428 0.9797798 -0.3573698 19.52258 0.8665428 0 0.0
0.002678656 0.02479186 -3.425354 -5.840987 0.7429055 0.4919667 0.1603494 19.00752 0.8502522 0 0.0
-0.01388546 0.006799152 -1.949278 -4.897965 0.4467614 0.2294286 0.2489938 17.0682 1.142593 0 0.0
0.00302961 0.01062407 1.938443 -7.07061 1.209134 0.9660566 -0.05184375 18.37374 nan 0 0.0
-0.05041575 0.05234367 -1.69442 -6.976656 1.509658 1.129037 0.007638027 20.3254 0.7168255 0 0.0
-0.01730784 -0.03670977 2.195104 -2.607582 1.360707 0.9000269 0.01127861 19.79819 0.7159576 0 0.0
-0.005032014 -0.06246367 -3.246119 -6.56822 2.613339 1.707819 -0.1168302 20.49419 0.4534798 0 0.0
-0.02737201 0.004395742 0.1614643 -5.49735 1.379283 0.9715666 0.2907608 19.64542 0.8051929 0 0.0
-0.007817466 0.02701181 -2.10574 -6.388352 1.306714 0.8123163 0.194582 19.78056 0.7620525 0 0.0
0.00363268 -0.02857196 -0.4851103 -4.000089 2.612515 1.44154 0.665985 20.03561 nan 0 0.0
-0.02339559 0.0007839703 -1.704982 -6.41203 1.763173 1.430313 0.06422577 19.28216 nan 0 0.0
-0.03172322 -0.01220677 3.556696 -4.625222 2.248748 1.575329 0.5260133 19.9921 nan 0 0.0
-0.02377477 9.344393e-05 -8.324222 -5.246245 1.529477 1.311473 0.09578267 19.67928 nan 0 0.0
-0.02478871 -0.06297893 -6.527919 -2.694235 3.012453 2.864665 -0.1026338 20.33014 0.6413918 0 0.0
-0.03245585 -0.003126059 -1.428759 -5.878639 1.287882 0.9012275 -0.1147155 19.74046 nan 0 0.0
-0.007084236 -0.0220566 -2.78132 -5.904411 1.925251 1.296669 -0.05025289 20.08743 nan 0 0.0
0.02021491 0.03002032 -2.601515 -6.017655 0.6210678 0.4138705 0.1010532 18.75185 0.05515289 0 0.0
0.007579316 -0.03029828 -2.856457 -5.050814 0.7979757 0.4963078 -0.1210081 18.88246 0.8549843 0 0.0
-0.008979958 -0.02938283 -0.1718978 -7.316393 2.646472 1.907283 -0.3497737 20.43642 0.7915173 0 0.0
-0.02189144 -0.005250629 -9.389124 -9.067706 2.749988 2.256751 -0.2065179 19.75059 nan 0 0.0
-0.001339957 0.03149811 -5.87361 -7.201333 2.328351 1.727307 -0.09154129 19.43846 0.8763123 0 0.0
-0.002238616 -0.007156223 -2.666187 -6.637676 0.5313989 0.3682069 -0.007759028 17.29861 nan 0 0.0
-0.009320015 0.01370415 -6.197304 -7.041352 2.217809 1.295514 0.6106758 19.68369 nan 0 0.0
-0.00295411 -0.0496901 -2.143555 -4.984088 0.7169318 0.5009991 0.1178958 18.90475 0.9386406 0 0.0
-0.0008762543 0.03136651 -4.111354 -4.315681 1.252264 0.8800741 0.4240362 19.66965 nan 0 0.0
0.03055447 0.0199514 -1.46573 -5.66161 0.5598672 0.3200272 -0.09512215 18.12254 1.007109 0 0.0
-0.001957227 -0.03741821 -5.094782 -5.561421 0.9790019 0.6506164 0.2457167 19.32052 0.03672028 0 0.0
-0.006157246 -0.02107808 -2.959454 -5.347158 0.7574941 0.5031569 0.04999258 19.09434 nan 0 0.0
-0.006058481 -0.03092 -2.18272 -5.606498 0.4402764 0.2901763 0.1333756 18.2084 1.066044 0 0.0
-0.01999526 -0.00341928 -5.311173 -5.312054 0.9662761 0.6400281 -0.10383 19.07278 1.119776 0 0.0
0.03371103 0.0008275672 -6.1215 -7.169228 1.711936 1.101115 0.2519428 19.93497 nan 0 0.0
0.02152829 -0.01677286 -5.4457 -4.386156 1.42957 0.8310244 0.6364561 19.25422 0.7323093 0 0.0
-0.09040472 -0.04349283 -3.089263 -5.704082 0.576361 0.3941585 0.09614039 18.69279 1.098089 1 0.9459428
-0.01403533 -0.03809603 -1.505661 -3.693172 1.032397 0.7020721 0.1113604 19.63444 0.891716 0 0.0
0.03823365 -0.002570625 -5.529655 -6.266533 2.206545 1.487351 0.5870272 19.91791 0.6788902 0 0.0
-0.0157931 -0.01907996 -12.94876 -5.838841 1.470709 1.001488 -0.03115001 18.99613 0.8702621 0 0.0
-0.03769841 0.006462729 -2.383349 -6.815431 1.154917 0.7972183 0.1537402 19.60048 0.9153614 0 0.0
-0.02979003 0.01183961 -1.114528 -5.952164 1.775241 1.0416 0.1809874 19.97118 0.9493122 0 0.0
-0.01995301 -0.004159325 -9.554393 -3.621571 0.9956606 0.7492956 -0.3098452 18.64103 0.8508205 0 0.0
0.00139988 0.01050965 -3.353099 -5.82413 0.7631933 0.5328833 -0.01693402 16.54977 1.137053 0 0.0
0.002270257 -0.03019318 -3.055775 -8.912463 2.144051 1.333288 -0.2236647 19.7445 1.034712 0 0.0
-0.03164563 -0.04355593 -3.722842 -5.834153 0.9562063 0.6377975 0.2606321 19.40783 0.9130363 0 0.0
0.009644552 -0.02187937 -4.318207 -5.753203 1.831969 1.11211 0.5689961 19.69558 nan 0 0.0
-0.0353559 -0.03318279 -0.8278275 4.243007 0.7434001 0.5031621 0.07615916 19.13394 1.343065 1 0.0
0.002396751 -0.02525887 -6.086778 -4.458506 0.9853529 0.6816015 -0.00100149 15.13777 1.343652 0 0.0
-0.01135865 0.03071754 -23.95708 -14.25546 2.91132 1.858392 0.2120465 19.92889 nan 0 0.0
-0.02016367 -0.00455227 -3.315001 -9.624862 1.470545 1.180741 -0.1609182 19.47748 nan 0 0.0
-0.04872261 -0.04418472 -3.913406 -8.730944 1.081837 0.7353951 0.1271526 19.59108 2.00359 0 0.0
-0.02024911 0.003132425 -2.452361 -5.869335 0.8431598 0.5853783 -0.03447535 17.35079 1.094957 0 0.0
-0.005243515 -0.03998177 -16.88227 -7.113705 3.556371 2.640441 -0.3355138 20.68564 nan 0 0.0
-0.01093572 0.01360103 -2.083589 -5.664498 2.383584 1.360262 0.6823663 19.7912 nan 0 0.0
-0.007662965 0.02809901 -2.081519 -6.352574 1.226414 0.7559892 0.1839762 19.75259 0.7208462 0 0.0
-0.02078289 0.002691746 -2.91961 -6.233534 0.9616567 0.6467199 0.3676239 19.21213 nan 0 0.0
-0.0346014 -0.01791045 -5.087783 -5.34778 1.581003 1.028169 0.01835745 19.87035 0.8699646 0 0.0
0.01201689 -0.03801764 -7.98531 -8.505178 1.086585 0.5637062 -0.08512972 19.05938 1.219755 0 0.0
-0.07529848 -0.05996305 -2.868332 -5.648827 0.09333356 0.06358255 -0.138629 15.25236 1.369039 1 0.9963064
-0.03422284 -0.07049022 7.82254 -3.683747 0.9783224 0.6590757 0.1433879 19.48801 2.120155 0 0.0
0.005363075 0.0425778 -4.06826 -4.421369 1.662222 1.31719 -0.4641854 20.08893 nan 0 0.0
0.04035415 -0.005087034 -4.143666 -4.933649 3.59482 2.305763 0.3521798 20.30069 nan 0 0.0
-0.0009881843 -0.03457434 -3.806856 -5.723047 0.6704612 0.451147 0.1762089 18.88275 0.9136944 0 0.0
-0.004289982 0.006235222 -5.925543 -9.033844 1.68511 1.527366 -0.1067363 17.29377 nan 0 0.0
-0.03057397 0.06151441 -3.715135 -5.449649 0.970418 0.7738463 -0.05193119 19.69812 0.8455048 1 0.9130532
-0.02569543 -0.02070273 1.716581 -12.09985 1.423444 0.9177014 0.06481396 19.16103 1.222012 0 0.0
-0.05651726 -0.04321119 -0.4703652 -6.814452 2.963452 1.795362 -0.2929319 20.47635 0.6309853 0 0.0
0.02812182 0.01061354 -2.613461 -5.827824 0.1059249 0.07146799 -0.1028204 15.52774 1.303481 1 0.9860558
-0.04569139 0.003873898 -0.202224 -5.899874 2.07275 1.712093 -0.5613137 20.2748 0.88727 0 0.0
-0.00992384 0.009444994 -2.874005 -7.931777 1.742383 0.9851665 0.4384078 18.57684 nan 0 0.0
