data/gcs/NGC_2808.ecsv
# %ECSV 0.9
# ---
# datatype:
# - {name: x, unit: deg, datatype: float64}
# - {name: y, unit: deg, datatype: float64}
# - {name: pmx, unit: mas / yr, datatype: float64}
# - {name: pmy, unit: mas / yr, datatype: float64}
# - {name: pmx_e, unit: mas / yr, datatype: float64}
# - {name: pmy_e, unit: mas / yr, datatype: float64}
# - {name: pm_corr, datatype: float64}
# - {name: g_mag, unit: mag, datatype: float64}
# - {name: bp_rp, unit: mag, datatype: float64}
# - {name: filter, datatype: int64}
# - {name: memberprob, datatype: float64}
# meta: !!omap
# - comments: [deg deg mas/yr mas/yr mas/yr mas/yr dimless mag   mag   zeroone float]
# - __serialized_columns__:
#     bp_rp:
#       __class__: astropy.units.quantity.Quantity
#       unit: &id001 !astropy.units.Unit {unit: mag}
#       value: !astropy.table.SerializedColumn {name: bp_rp}
#     g_mag:
#       __class__: astropy.units.quantity.Quantity
#       unit: *id001
#       value: !astropy.table.SerializedColumn {name: g_mag}
#     pmx:
#       __class__: astropy.units.quantity.Quantity
#       unit: !astropy.units.Unit {unit: mas / yr}
#       value: !astropy.table.SerializedColumn {name: pmx}
#     pmx_e:
#       __class__: astropy.units.quantity.Quantity
#       unit: !astropy.units.Unit {unit: mas / yr}
#       value: !astropy.table.SerializedColumn {name: pmx_e}
#     pmy:
#       __class__: astropy.units.quantity.Quantity
#       unit: !astropy.units.Unit {unit: mas / yr}
#       value: !astropy.table.SerializedColumn {name: pmy}
#     pmy_e:
#       __class__: astropy.units.quantity.Quantity
#       unit: !astropy.units.Unit {unit: mas / yr}
#       value: !astropy.table.SerializedColumn {name: pmy_e}
#     x:
#       __class__: astropy.units.quantity.Quantity
#       unit: &id002 !astropy.units.Unit {unit: deg}
#       value: !astropy.table.SerializedColumn {name: x}
#     y:
#       __class__: astropy.units.quantity.Quantity
#       unit: *id002
#       value: !astropy.table.SerializedColumn {name: y}
# schema: astropy-2.0
x y pmx pmy pmx_e pmy_e pm_corr g_mag bp_rp filter memberprob
[from data line 20689]
0.1080953 0.1188566 -4.00744 6.539452 0.212631 0.23958 -0.2166213 17.99688 1.059141 1 0.0
0.08244757 0.1071367 -8.071864 3.811743 0.278566 0.3033342 -0.2254228 18.51228 1.362646 1 0.0
0.1200957 0.1617978 -3.795091 3.652512 0.7419815 0.918574 -0.3313546 19.81051 1.403297 1 0.0
0.09297716 0.2116788 -3.811131 6.229843 0.1666127 0.1837001 -0.2069247 17.5905 1.090866 1 0.0
0.1217231 0.1611954 -5.61293 5.902218 0.1587074 0.1786054 -0.2828975 17.60507 1.063034 1 0.0
0.01686577 0.06729463 0.4434914 0.600601 0.7637625 0.8688266 -0.2956262 20.03412 0.7444954 0 0.0
0.01537958 0.08189817 0.4942841 -0.4825082 1.419102 1.211011 -0.1956031 20.33937 0.9257011 0 0.0
0.01716865 0.07354291 5.566834 -0.458758 1.757004 1.469619 -0.1702029 20.60616 0.7696362 0 0.0
0.05572994 0.1493651 3.967687 5.7741 2.278214 2.54838 0.3789629 20.59899 nan 0 0.0
0.01512995 0.08891735 0.900427 -1.50791 0.7389998 0.8721516 -0.203081 19.98268 0.7226505 0 0.0
0.1210892 0.1710936 -8.411565 8.063833 0.2443911 0.2776176 -0.2825821 18.18732 1.325068 1 0.0
0.08099238 0.1079727 -5.518012 9.206479 0.334568 0.3779279 -0.2717418 18.8696 1.083918 1 0.0
0.01559325 0.114178 -1.048378 3.835674 1.636346 1.726682 -0.02942576 20.72192 1.430962 0 0.0
0.01539317 0.06016203 0.6051461 -0.2074028 0.6444567 0.6087668 -0.2307703 19.72325 nan 0 0.0
-0.001895351 0.09082125 0.3449209 0.5246403 0.4945837 0.5084806 -0.2152323 19.50525 0.7867622 0 0.0
0.02389336 0.09309955 -0.9468988 1.436308 1.20525 1.167701 -0.1374586 20.28848 0.736393 0 0.0
0.1275185 0.1608788 -4.23645 2.52045 0.3670848 0.3937424 -0.2526675 18.991 1.288904 1 0.0
0.02638082 0.1093631 2.076195 -0.6992732 0.983255 1.070313 -0.2119316 20.26814 0.5969238 0 0.0
0.003991775 0.1002052 -0.900165 0.5337724 1.770759 1.282683 -0.3302886 20.27374 nan 0 0.0
0.04362288 0.1754112 0.7871712 0.3410036 0.9386661 0.9388942 -0.1616243 20.23101 0.7269573 0 0.0
0.08229022 0.1110282 -0.5697448 1.008568 1.096061 1.19605 -0.2185736 20.39973 1.196724 0 0.0
0.004069904 0.1005942 0.6804478 0.2073938 0.715231 0.7099652 -0.1504718 19.85808 0.7857685 0 0.0
0.08136036 0.1134724 0.4818779 -0.1189568 0.5188689 0.5575327 -0.2424564 19.36156 1.000502 0 0.0
0.06161359 0.2002022 -2.992298 3.526857 1.663922 2.583781 -0.2804485 20.6575 1.199202 0 0.0
-0.004684584 0.0861975 0.9204074 0.1843437 0.06297214 0.06593068 -0.08242352 16.00406 1.154602 1 0.9992218
0.01341225 0.06100996 0.4859791 -0.2105548 0.7725537 0.7500879 -0.04276744 19.95308 0.8435097 0 0.0
0.08128076 0.1086509 1.076422 0.1180163 0.4702903 0.5276687 -0.290264 19.38189 0.9626446 0 0.0
0.02735723 0.07747127 -2.762941 4.755743 1.661314 1.719377 -0.338432 20.64649 0.7317657 0 0.0
0.01163191 0.09038393 1.110741 1.232741 0.5207529 0.5503794 -0.224207 19.56034 0.7501507 0 0.0
-0.001499914 0.1139078 -1.753185 1.318141 1.398855 1.316123 -0.1319105 20.58394 -0.2418518 0 0.0
0.06303926 0.1870764 3.494305 -0.2749391 2.786351 2.165657 -0.2562208 20.82665 0.9696255 0 0.0
-0.01191795 0.09213093 0.8615468 -0.371285 1.173926 1.146398 -0.1194715 20.31846 0.8863907 0 0.0
0.0382217 0.1205031 2.118322 0.7198985 1.198732 1.545167 -0.07496769 20.34383 0.818222 0 0.0
0.001662696 0.1003885 -1.466862 2.778964 0.5582843 0.5842619 -0.2285136 19.67224 0.886837 0 0.0
0.1023875 0.2021234 1.380505 0.3296809 0.7783296 0.8944389 -0.307518 20.05522 0.8570004 1 0.8979712
0.02645985 0.1103167 -2.588857 4.83906 0.7756472 0.7381255 0.004291302 19.91052 nan 0 0.0
0.023207 0.07399616 3.789102 -1.155288 1.537297 1.699666 -0.370096 20.56408 0.6611652 0 0.0
0.11454 0.1849543 1.030479 -0.09387953 0.2848727 0.3218545 -0.2988005 18.5667 0.7155838 1 0.9784484
0.02486187 0.07832054 0.9058052 -1.957025 1.209476 1.155031 -0.07429914 20.43505 0.5696659 0 0.0
0.09780276 0.1929774 -5.670614 6.727589 0.2134567 0.2357253 -0.2898517 17.90062 1.114824 1 0.0
0.1039836 0.1994318 -3.806354 3.058633 0.04125334 0.04647255 -0.2502798 14.60148 1.693447 1 0.0
0.1160273 0.1832771 4.113012 6.616335 0.9150572 0.9852211 -0.2554802 20.19799 1.752388 0 0.0
0.1061111 0.1325211 1.066007 0.3847084 0.2419909 0.2789428 -0.2929694 18.30243 1.230356 1 0.9931215
0.1213386 0.1263458 -8.546799 8.093893 0.5567399 0.6480065 -0.3672767 19.33897 1.23085 1 0.0
0.03081893 0.0862337 0.4966983 0.2991986 0.6004245 0.616544 -0.2576321 19.64587 0.7968006 0 0.0
0.0794769 0.1926102 -4.554044 6.014504 0.4139053 0.4665306 -0.3204356 19.10406 1.209314 1 0.0
0.03364048 0.09624772 -2.402988 3.570194 1.533468 1.248555 -0.2893663 20.27325 1.339394 0 0.0
0.1164805 0.133928 -4.670782 6.354835 0.226074 0.2539145 -0.1847688 17.93348 1.182869 0 0.0
0.04475267 0.1091253 2.134527 -1.169378 0.6762622 0.6987947 -0.3173156 19.83171 0.759737 0 0.0
0.05171629 0.1739244 -5.9942 5.126489 1.087118 1.166714 -0.2552246 20.21379 1.753384 0 0.0
0.05599344 0.1917458 -3.718731 4.461407 0.2431665 0.2750673 -0.2709513 18.23138 1.043278 1 0.0
0.001786984 0.1106195 -5.128599 5.977358 0.03222704 0.03453719 -0.04767354 14.52807 1.343678 1 0.0
0.03560978 0.09989967 3.454406 0.1668757 2.878267 1.971425 -0.2093365 20.80812 0.7814369 0 0.0
0.08872395 0.1537402 -5.36314 6.778424 0.9289802 0.9822926 -0.1502603 20.17636 1.510536 0 0.0
0.05047873 0.1924814 -5.484085 0.7195838 0.2024808 0.2187699 -0.2103903 17.85378 0.9578915 1 0.0
0.03607121 0.09954048 2.533654 3.798049 1.678175 1.925144 -0.2036399 20.60625 1.021084 0 0.0
0.05326379 0.1613711 0.4205373 11.19916 1.232478 1.215701 -0.1239595 20.40084 nan 0 0.0
0.1444018 0.1758392 -5.74662 4.634994 0.2522663 0.2426632 -0.2752874 18.12154 1.08279 1 0.0
0.1465047 0.1822596 -3.294315 4.679117 0.8935573 1.03245 -0.2813043 20.14539 1.204573 0 0.0
0.03505248 0.156869 -5.400791 4.160324 1.236589 1.536292 -0.1773845 20.42996 1.148899 0 0.0
0.05258638 0.1617463 -7.461516 3.501533 1.932155 1.490349 0.4590037 20.43436 nan 0 0.0
0.04522366 0.1925059 -2.459296 3.968639 0.3861544 0.507946 -0.1659644 18.91287 0.9582424 1 0.0
0.0408363 0.1835103 -0.5027086 -2.635842 1.421354 1.351802 -0.06742006 20.61142 2.106657 0 0.0
-0.001844257 0.1045007 -4.176012 2.919814 0.2468565 0.2680973 -0.1410574 18.23844 1.006521 0 0.0
0.077903 0.1674225 -3.534825 2.869992 0.2147723 0.241688 -0.2604232 18.08854 1.065119 1 0.0
0.04635931 0.1923667 -4.432348 4.841553 0.6041939 0.8571346 -0.2531412 19.53415 1.010254 1 0.0
0.06286845 0.08568976 -3.886831 4.466032 0.5123113 0.5594084 -0.1845989 19.46372 0.9760857 0 0.0
0.07627888 0.1373063 -7.428735 4.471577 0.7957386 0.7883721 -0.2360263 19.94656 1.855465 0 0.0
0.02532672 0.0749174 1.351671 0.5983294 0.3467113 0.388362 -0.2146465 18.94896 0.08652115 0 0.0
0.09946902 0.2005245 -5.447652 3.734666 0.1497744 0.1662815 -0.2575604 17.44335 0.986145 1 0.0
0.07094892 0.1817772 -2.145371 3.014738 0.4078448 0.4613963 -0.2544121 18.19985 1.277822 0 0.0
0.117687 0.1222802 1.076477 -0.4865863 0.768984 0.8442032 -0.1674739 19.97039 0.7494583 0 0.0
0.04732858 0.1009803 -3.518324 4.785697 1.260295 1.382377 -0.1502585 20.42499 1.091431 0 0.0
0.1062713 0.1202524 -6.273801 4.328841 0.1938619 0.2114813 -0.2164058 17.8533 1.058102 1 0.0
0.02881976 0.08350459 0.4272936 0.2876143 0.5938823 0.6106431 -0.2603207 19.62642 0.8343258 0 0.0
-0.003482456 0.09261399 2.444092 0.606606 1.378701 2.20342 -0.2208575 20.47837 nan 0 0.0
0.1272006 0.2029338 -4.75325 4.512397 0.6244321 0.581763 -0.3075105 19.4606 1.078779 1 0.0
0.01690919 0.06399871 -2.562613 2.010291 0.6653442 0.7109101 -0.2271979 19.87903 0.542141 0 0.0
0.03776543 0.129453 0.1032343 3.686146 1.940556 3.299485 -0.1938733 20.84223 0.9746246 0 0.0
0.05601654 0.09272391 1.480692 -0.3951674 1.393219 1.790986 -0.2630776 20.59041 0.8180199 0 0.0
0.0886608 0.118584 -1.592582 2.28829 0.8903372 0.943443 -0.2463969 20.18142 0.9088821 0 0.0
0.09639063 0.2218292 -3.719952 2.63755 1.48604 1.743426 -0.3041858 20.63687 1.470556 0 0.0
0.08287963 0.2016713 -2.838455 3.725456 0.2701439 0.2734494 -0.3456269 17.99478 0.9769421 1 0.0
0.08758135 0.1996118 -2.94641 0.8197666 0.1416157 0.1500114 -0.3831351 17.1217 1.054859 1 0.0
0.04390951 0.163074 -4.913039 7.554118 1.104708 1.111168 -0.2263451 20.25045 1.393162 0 0.0
0.1036807 0.2038809 -5.270575 7.373732 0.4418066 0.5478791 -0.4062282 19.13958 1.403854 1 0.0
0.009386007 0.06537567 1.136398 0.9502285 3.712147 3.433406 -0.6886988 20.91376 nan 0 0.0
0.02049093 0.07495966 0.2693407 -0.6445329 2.427819 2.593847 -0.06183577 20.80533 1.416084 0 0.0
-0.0006725066 0.08393197 1.405146 0.5133274 1.273161 1.478392 0.3913037 19.98762 nan 0 0.0
0.03443169 0.1506137 1.07911 0.5620537 1.74598 1.888284 -0.3665754 20.594 0.6039906 0 0.0
0.06700298 0.201082 -4.304584 4.231327 0.4667316 0.4453736 -0.3876365 18.97101 1.084078 1 0.0
0.02245732 0.08692861 4.77459 -4.127277 1.756996 1.958117 -0.3736102 20.66032 1.032675 0 0.0
0.04015424 0.1592346 -4.714177 2.683198 1.726649 1.938353 -0.01240795 20.79118 1.594427 1 0.006769451
0.03936114 0.1026716 -0.793753 -0.4200552 3.418814 3.952525 -0.4515758 20.80706 0.8062687 0 0.0
0.007507027 0.08435818 6.008761 -9.300512 0.779614 0.8060652 -0.229838 19.54171 0.7617416 0 0.0
-0.01274472 0.09377087 5.186059 -0.2141802 1.075943 1.020244 -0.06865636 20.16249 0.9000912 0 0.0
0.06357186 0.1971077 -2.999191 4.855655 0.4063388 0.4465331 -0.2965353 19.03084 1.090996 1 0.0
0.0009268955 0.08188729 -0.05135962 1.481678 1.677677 1.242698 -0.06088772 20.40085 nan 0 0.0
0.02661871 0.08661964 3.079937 2.721202 2.037161 2.633668 -0.1111963 20.80367 0.8953705 0 0.0
-0.01500136 0.09315936 -3.202959 1.039213 0.5542785 0.5912835 -0.2586731 18.44552 1.354664 0 0.0
-0.0004774482 0.0838862 1.222348 -1.692731 1.148748 1.41532 0.2580128 20.05444 nan 0 0.0
0.05576864 0.1428419 1.293837 0.07023235 0.7773336 0.8033366 -0.3276235 19.99234 0.9538288 1 0.9656488
0.1634657 0.1844971 -5.230326 5.234054 0.1899074 0.1962144 -0.2085773 17.91873 0.9903183 1 0.0
0.1031154 0.1754711 -7.258951 5.972661 1.315155 1.267558 -0.09987696 20.37729 1.908684 0 0.0
0.05783841 0.1997909 -3.424234 6.76849 0.4645598 0.4916062 -0.2106457 19.06536 1.131073 1 0.0
0.1312995 0.137835 -3.559867 4.050761 0.4588874 0.4944105 -0.2003191 19.0069 1.061806 0 0.0
0.1022159 0.192984 -2.964279 -3.945276 0.9168383 0.919155 -0.490085 19.87533 1.933559 0 0.0
0.01429536 0.06024656 -2.563573 -5.047025 2.570695 2.815862 -0.05142918 20.8194 nan 0 0.0
0.0692053 0.191494 -5.046159 8.689913 0.152355 0.1702143 -0.3704801 17.36073 1.026876 1 0.0
0.015115 0.07383406 1.589925 -0.7506744 0.6471553 0.6746052 -0.2405709 19.86562 0.8089771 0 0.0
0.02898912 0.1141059 3.088226 3.375227 2.51854 2.204281 -0.009598948 20.92507 0.4479847 0 0.0
0.03217517 0.08390515 0.7731794 1.192203 0.4533318 0.4625672 -0.2462313 19.26423 0.8943138 0 0.0
0.02562526 0.09499005 1.195472 0.158021 0.03200206 0.03405269 -0.05057708 14.58908 1.389102 1 0.9985771
0.01916455 0.07435028 6.608364 -3.472654 1.813951 2.003649 -0.3460057 20.74501 0.8469067 0 0.0
0.103267 0.1348515 -3.625696 3.993157 0.4596437 0.5198086 -0.292885 19.3497 1.22438 1 0.0
0.02983112 0.1221006 -10.27988 2.956347 1.286958 1.243236 -0.0721073 20.39832 nan 0 0.0
0.02151426 0.09486394 1.300595 -5.951651 1.73761 3.095243 -0.1774217 20.74328 nan 0 0.0
-0.01039673 0.1108464 -0.5567785 2.425512 2.23584 1.990514 -0.5228527 20.61697 1.170921 0 0.0
0.09484433 0.2075982 -3.907357 2.622472 0.1688325 0.1953368 -0.3603849 17.21542 1.012011 0 0.0
0.05748527 0.1903007 3.236924 10.02527 2.157993 3.359867 0.2868362 20.76122 1.223787 0 0.0
0.06753286 0.1230092 -4.507034 10.44464 0.6036635 0.6730639 -0.3035618 19.71992 1.870441 0 0.0
0.02153122 0.07536321 -2.483201 2.776395 1.905115 2.10949 -0.4222026 20.65014 0.9121532 0 0.0
0.02206073 0.09497031 3.41958 -0.7000527 1.315934 1.068955 0.5080027 19.92274 nan 0 0.0
0.01568635 0.08396556 -0.2815004 -0.4219036 1.83389 2.348304 -0.01135949 20.76274 0.3624439 0 0.0
0.01998074 0.07061892 1.369939 -1.833122 1.128817 1.181805 -0.1373864 20.40117 0.6938286 0 0.0
0.06966669 0.1500957 2.072024 0.8769888 1.906411 1.691771 0.1615494 20.72393 0.8586044 0 0.0
0.1097029 0.2056806 -2.132885 4.602737 0.2501494 0.2772258 -0.2666554 18.29149 0.9791374 1 0.0
0.03822108 0.1523329 -7.701069 4.952242 1.560264 1.40228 0.03352145 20.61382 1.891766 0 0.0
0.1516298 0.1628677 -1.295861 5.127471 0.7188687 0.7718598 -0.2573706 19.93281 1.348534 1 0.0
0.01543123 0.1154217 -2.756928 2.739685 1.000819 1.123992 -0.214012 20.23707 nan 0 0.0
-0.00341574 0.1308372 -6.912393 6.165199 1.290208 1.299572 0.07345773 20.43365 1.058918 0 0.0
0.03607142 0.1045759 -6.61344 4.092031 0.2824587 0.3089677 -0.2438011 18.52032 1.304897 1 0.0
0.1288683 0.1294085 -1.973391 0.5154046 0.5612283 0.6912036 -0.304836 19.20127 1.627567 0 0.0
0.03905385 0.1061434 2.651813 -0.08798642 1.309494 1.635844 -0.1758458 20.56964 0.6464977 0 0.0
0.06036661 0.1359198 1.275196 -2.261286 1.909816 1.526044 0.489975 20.19228 nan 0 0.0
0.08268666 0.1940654 -9.078318 9.453324 1.078125 1.398017 -0.4216207 20.30355 1.287212 0 0.0
0.005263412 0.1155934 0.1064945 6.800359 0.9777699 0.8941502 -0.01590528 20.19717 1.643457 0 0.0
0.06505042 0.1277531 -4.122988 4.549375 0.4698275 0.513142 -0.2502307 19.32473 1.213413 1 0.0
0.02607792 0.0922354 1.922698 -0.7251572 2.075946 2.106208 -0.344366 20.74224 0.7131367 0 0.0
0.1260808 0.2149401 -3.552388 2.853307 0.3019544 0.3014326 -0.2241687 18.61549 1.148962 1 0.0
0.1071881 0.1380177 5.117974 1.210794 0.1575707 0.1772991 -0.1371306 17.51154 1.158791 1 0.0
0.09902783 0.2120465 -6.185683 6.315983 0.1962965 0.2195653 -0.2368003 17.89548 1.079887 1 0.0
0.08472775 0.1745278 -6.019453 10.05143 0.2016543 0.2265152 -0.2611428 17.98756 1.195518 1 0.0
0.08361639 0.1695493 0.3707222 2.250925 0.9267561 0.972695 -0.2258483 20.19577 1.012993 0 0.0
0.06170562 0.091857 -4.402825 20.20744 2.776161 4.387922 0.1826155 20.76842 1.28826 0 0.0
0.02542163 0.09978912 0.9135074 0.1713547 0.07242563 0.07936199 -0.1968987 16.12395 1.142981 1 0.9989606
0.1152751 0.176719 -2.037299 6.746947 0.3492444 0.4325329 -0.382757 18.78455 1.13072 1 0.0
0.0399479 0.1696414 -1.430688 1.779075 0.262351 0.2873799 -0.2460068 18.45201 1.194454 1 0.0
0.1604623 0.1820812 -1.101906 0.9624774 0.2241774 0.232744 -0.2096976 18.13821 1.114302 1 0.0
0.13226 0.1304068 -5.434085 6.462923 0.4561119 0.4697638 -0.198363 19.17983 1.08021 1 0.0
0.04358159 0.1174203 1.700638 2.325055 1.165313 1.081553 0.033645 20.32736 0.5281734 0 0.0
0.02283391 0.09395496 1.256055 1.103318 0.6138758 0.6251592 -0.162883 19.61788 0.8341408 0 0.0
0.05846631 0.1700121 -3.26282 2.445896 0.1576891 0.1723857 -0.1891699 17.61867 0.9891434 1 0.0
0.01211567 0.1249982 2.170397 -0.4580465 0.6372603 0.5786923 -0.3584067 19.571 1.408779 0 0.0
0.01508059 0.07040848 -0.5675823 1.764436 1.848282 1.94237 -0.4050543 20.64227 0.7841473 0 0.0
0.1176591 0.1638074 -3.054106 1.379956 0.504105 0.5929693 -0.3382911 19.24309 1.441547 1 0.0
0.004831228 0.1377416 1.436911 0.8162533 0.4759947 0.4752406 -0.2093596 19.38581 0.8344631 0 0.0
0.06412701 0.1036388 1.541444 0.5457755 0.5281735 0.5429963 -0.41733 19.32946 0.8070984 0 0.0
0.05881738 0.1754892 1.795668 0.4720498 0.9954976 1.039936 -0.006388929 20.21957 1.354187 0 0.0
0.08561361 0.211314 -3.11463 1.894125 0.2354346 0.2589891 -0.2401895 18.1341 0.5654602 1 0.0
0.03487865 0.1686947 -3.56475 5.257382 0.2984532 0.3271259 -0.2696563 18.64273 1.184271 1 0.0
0.07066117 0.1191178 0.9632134 0.34 0.7764205 0.8250673 -0.2143057 19.89975 0.7982082 0 0.0
0.09395 0.1738336 -8.738606 8.52606 0.3010342 0.3413348 -0.2729024 18.60253 1.15377 1 0.0
0.001122513 0.09570409 0.5806398 0.5693415 0.9460034 1.017461 0.1000669 20.16771 nan 0 0.0
0.02045671 0.09842005 0.6326245 0.29078 0.3626709 0.3820316 -0.08127947 18.94921 0.9317532 1 0.9914404
0.09301889 0.1705486 -0.3703581 -0.382601 1.033697 1.724189 -0.5927417 19.98861 2.16992 0 0.0
0.04545332 0.1271676 0.633747 0.6531723 0.7536914 0.8195171 -0.2911548 19.96391 0.9185371 0 0.0
0.009160768 0.09091894 1.352394 -0.4466981 0.5177045 0.5499978 -0.2528179 19.46734 0.9029732 0 0.0
0.1531133 0.1657433 -1.672052 0.8114903 0.4976491 0.5227422 -0.2730455 19.3815 1.921337 1 6.7316e-05
