data/gcs/NGC_6535.ecsv
# %ECSV 0.9
# ---
# datatype:
# - {name: x, unit: deg, datatype: float64}
# - {name: y, unit: deg, datatype: float64}
# - {name: pmx, unit: mas / yr, datatype: float64}
# - {name: pmy, unit: mas / yr, datatype: float64}
# - {name: pmx_e, unit: mas / yr, datatype: float64}
# - {name: pmy_e, unit: mas / yr, datatype: float64}
# - {name: pm_corr, datatype: float64}
# - {name: g_mag, unit: mag, datatype: float64}
# - {name: bp_rp, unit: mag, datatype: float64}
# - {name: filter, datatype: int64}
# - {name: memberprob, datatype: float64}
# meta: !!omap
# - comments: [deg deg mas/yr mas/yr mas/yr mas/yr dimless mag   mag   zeroone float]
# - __serialized_columns__:
#     bp_rp:
#       __class__: astropy.units.quantity.Quantity
#       unit: &id001 !astropy.units.Unit {unit: mag}
#       value: !astropy.table.SerializedColumn {name: bp_rp}
#     g_mag:
#       __class__: astropy.units.quantity.Quantity
#       unit: *id001
#       value: !astropy.table.SerializedColumn {name: g_mag}
#     pmx:
#       __class__: astropy.units.quantity.Quantity
#       unit: !astropy.units.Unit {unit: mas / yr}
#       value: !astropy.table.SerializedColumn {name: pmx}
#     pmx_e:
#       __class__: astropy.units.quantity.Quantity
#       unit: !astropy.units.Unit {unit: mas / yr}
#       value: !astropy.table.SerializedColumn {name: pmx_e}
#     pmy:
#       __class__: astropy.units.quantity.Quantity
#       unit: !astropy.units.Unit {unit: mas / yr}
#       value: !astropy.table.SerializedColumn {name: pmy}
#     pmy_e:
#       __class__: astropy.units.quantity.Quantity
#       unit: !astropy.units.Unit {unit: mas / yr}
#       value: !astropy.table.SerializedColumn {name: pmy_e}
#     x:
#       __class__: astropy.units.quantity.Quantity
#       unit: &id002 !astropy.units.Unit {unit: deg}
#       value: !astropy.table.SerializedColumn {name: x}
#     y:
#       __class__: astropy.units.quantity.Quantity
#       unit: *id002
#       value: !astropy.table.SerializedColumn {name: y}
# schema: astropy-2.0
x y pmx pmy pmx_e pmy_e pm_corr g_mag bp_rp filter memberprob
[from data line 1649]
-0.02372033 -0.02487066 -6.463902 -3.996001 1.803658 1.539343 0.07904718 20.39216 1.562187 0 0.0
0.007925931 0.01779019 -2.547925 -4.415349 1.232222 1.054341 0.04660268 19.9194 1.308887 1 0.656027
-0.01575532 -0.0516485 -3.731257 0.3911316 1.652677 1.405787 -0.002458301 20.35227 1.296343 1 0.2372401
0.01738617 -0.04088644 -0.7977984 -3.785017 2.041691 2.041856 0.1423436 20.55452 1.467012 1 0.2385333
-0.05155199 -0.009487899 -3.553679 -3.63967 0.7624834 0.8057036 0.31588 19.14237 1.287571 1 0.6326156
0.002310762 0.00930187 -4.253178 -2.989327 0.102747 0.08509082 0.0142196 15.32045 1.58196 1 0.9994657
-0.01032334 -0.0105809 -7.173309 -3.473096 1.957219 1.769619 0.2267285 20.32934 nan 0 0.0
0.01683688 -0.03186543 -5.28756 -5.621431 1.889608 1.991829 0.2179819 20.44182 1.961718 1 0.5878208
-0.0255819 -0.01210257 -4.67456 -2.20748 0.8737646 0.9739146 0.3403476 19.32323 1.125759 1 0.9289147
-0.05301681 -0.009863684 -7.544017 -6.599667 0.6085804 0.5072879 -0.006276515 19.02187 1.325676 0 0.0
-0.005745775 0.006502626 -5.673297 -2.871568 1.461526 1.194171 0.04352032 20.05931 nan 0 0.0
0.02284874 -0.03304362 -2.404452 -3.445652 0.6505 0.6175908 0.1456717 19.02143 1.563778 1 0.1700841
-0.03897888 -0.02284963 -2.615727 -13.50335 1.562157 1.254096 -0.03874275 19.93729 2.513937 0 0.0
-0.04120659 -0.03248443 -1.634867 -11.89661 0.7681854 0.8435357 0.3227756 19.24994 1.687757 1 0.0
-0.01944796 -0.009617734 -1.973674 -11.94658 0.7806523 0.8260545 0.3646324 19.16226 1.343288 1 0.0
-0.06394192 -0.01242612 -1.05553 -2.405178 0.2286571 0.245633 0.2730838 17.39974 1.454376 1 0.0
-0.005257499 0.00417426 -5.22116 -2.760311 1.060607 1.006773 -0.2040379 19.11147 nan 0 0.0
-0.004647142 -0.02728298 -5.916429 -1.124393 2.722845 3.128031 0.3120714 20.75432 1.347254 0 0.0
0.02376436 0.0167822 -1.506115 -10.11929 1.233649 1.33509 0.1329268 19.76483 1.100056 1 3.157471e-06
-0.01245954 -0.008935162 -4.319057 -2.89801 0.07991369 0.07028829 0.1294795 11.93169 2.171996 1 0.9995376
-0.04822546 -0.04341908 -5.492507 -4.48214 1.371596 1.110668 0.06363477 20.05768 1.007402 0 0.0
-0.02994571 -0.05898056 0.6976613 -6.966493 1.187802 1.361568 0.4122835 19.84982 1.052263 1 0.0
-0.0376973 0.01844254 -6.463867 -3.322309 0.4817025 0.3936364 0.03172418 18.45143 1.535505 1 0.008749872
-0.03278381 -0.05225847 -1.818356 -1.814795 0.7307768 0.8002161 0.3301476 19.15868 1.348799 1 0.03320836
0.03368234 -0.01952835 0.545438 -3.691349 0.1302166 0.1185882 0.1856934 15.26474 1.918466 0 0.0
0.03877871 -0.01598046 0.3292552 -2.498509 0.7593083 0.8043306 0.2703156 19.11815 1.446852 1 1.78833e-06
0.02425263 0.01380891 -1.39862 -3.79147 1.273529 1.363646 0.2548904 19.81984 1.114273 0 0.0
-0.006874941 0.06081145 -4.77327 -7.849538 1.245784 1.367455 0.2829401 19.87838 1.465031 0 0.0
-0.05112472 -0.01522076 -3.92019 -2.758895 1.026863 1.076957 0.1519441 19.66266 1.472111 1 0.7381724
-0.01667085 -0.04435788 -2.135222 -2.585102 0.5384989 0.4761241 0.1214473 18.82199 1.478083 1 0.0218108
-0.009896048 -0.0590721 -3.060673 -7.359983 0.7180598 0.7779784 0.3006219 18.93648 1.419016 0 0.0
0.009360208 -0.01993323 -6.267556 -2.879202 1.011316 1.109445 0.1925947 19.46918 1.199617 0 0.0
0.0004492129 0.003995209 -10.99608 -12.59265 1.702266 1.87368 0.2921048 19.35158 1.051378 0 0.0
-0.05362736 0.03537746 -0.8671253 -5.214739 1.864269 1.385706 -0.1516606 20.45672 1.198997 0 0.0
0.01149641 -0.01687387 -4.29388 -1.859237 0.7517266 0.7673092 0.1367289 19.04761 1.135464 1 0.9475162
-0.0279317 -0.01987047 -3.236613 -3.435033 0.7817309 0.7137714 0.2133431 19.09686 1.359161 1 0.8003352
0.0005102466 -0.008806796 -4.335901 -1.871592 1.69106 1.592566 0.6951169 19.58299 nan 0 0.0
0.0249241 0.05855072 -0.8046407 -2.375251 0.9025134 0.954401 0.3232616 19.53718 1.486403 1 0.004025695
0.01439554 -0.01562483 -6.957049 -10.90553 2.837232 3.364087 0.08452716 20.66053 0.97439 0 0.0
0.002768516 -0.007150473 -2.07837 -5.454509 2.734196 2.831386 0.09930308 20.61757 0.19697 0 0.0
-0.02872533 0.0544385 -0.06558023 -1.897268 0.4514502 0.3532821 -0.1410877 18.3828 1.362324 1 0.0
0.003928167 -0.006165059 -3.763511 -2.377049 1.556169 1.500478 0.06554747 20.04885 nan 0 0.0
-0.03748366 0.01244533 -6.484409 -4.402936 1.591699 1.238856 -0.1524124 20.32518 0.9752808 0 0.0
-0.00113768 0.00309354 -1.881854 -1.919441 2.340215 2.155603 0.09906005 20.3696 nan 0 0.0
-0.02161475 0.02675182 -3.652545 -4.468622 1.741927 1.321052 -0.1624617 20.40169 1.47068 1 0.6633457
0.06273461 -0.0214071 0.783886 -3.124938 1.305885 1.493457 -0.1305773 19.61837 1.530924 0 0.0
-0.01880705 -0.0382805 1.939344 -7.522599 0.4040071 0.3513189 0.09195226 18.20853 1.421288 1 0.0
0.003226282 0.02539697 -4.191819 -2.663004 1.853745 1.429151 -0.3721706 20.23777 1.069008 0 0.0
0.02498503 0.009299636 -6.049566 -4.693179 1.747367 1.850699 0.1402555 19.94918 0.8065395 0 0.0
0.02178068 -0.01369094 -0.7244613 -5.898574 1.156822 1.244816 0.221148 19.79068 1.950775 1 0.003144661
0.0005407637 -0.009061665 -4.271062 -2.55727 0.4501051 0.406854 0.1899289 18.46981 1.19021 0 0.0
0.0396639 0.04013108 -6.571004 -1.85825 0.1798964 0.1736792 0.3348937 17.12856 1.353985 1 0.0
-0.03040369 0.01898013 -8.40305 -2.726883 2.291785 1.772745 -0.07566106 20.53914 0.9369507 0 0.0
-0.004921826 0.04182863 -6.350857 -9.405896 2.034403 1.598992 -0.1558189 20.45281 2.1066 0 0.0
-0.03699545 0.03092381 -1.26485 -0.5677637 2.040162 1.493506 -0.3047477 20.36279 nan 0 0.0
-0.03855182 0.03068243 -5.178232 -3.081207 0.860117 0.8765469 0.183398 19.38407 1.315052 0 0.0
-0.03189894 -0.01437859 -2.282334 -7.298959 1.109043 1.172293 0.1514321 19.76577 1.471783 1 0.00203026
-0.02631426 -0.03267053 -0.6224525 -8.006989 1.448293 1.204007 0.06237718 20.18381 1.721905 0 0.0
-0.02884738 0.04631333 -0.2084948 3.24318 0.4126786 0.3410531 -0.02235451 18.43562 1.625751 1 0.0
0.03044755 -0.01410596 -2.013696 -3.105297 1.357962 1.438366 0.2122921 19.95548 1.2637 0 0.0
0.03026438 -0.03699897 -3.503146 -3.046706 0.7155255 0.7712004 0.2000527 19.12513 1.369871 1 0.799916
0.04326474 -0.0140731 1.202383 -5.194097 3.019585 3.715158 0.1552207 20.80506 nan 0 0.0
-0.05817423 -0.004652714 1.158788 0.7509318 1.561703 1.221149 -0.1068218 20.25486 1.671478 0 0.0
-0.001076645 -0.01020995 -3.937708 3.276099 2.513575 2.150908 -0.02131633 20.59369 nan 0 0.0
0.01109975 0.05543147 -0.04916422 1.156472 1.576215 1.231591 -0.1520175 20.30726 1.467188 0 0.0
0.03023381 -0.05121068 5.937024 -2.252632 1.544298 1.491594 0.1154154 20.2449 1.590441 1 0.0
0.03371284 -0.02638554 2.517054 -1.244822 1.002996 1.073052 0.2273899 19.57582 1.410975 1 0.0
0.0559293 -0.02154952 -5.242654 -3.224853 0.5665103 0.6210721 0.1686841 18.76727 1.184551 1 0.7166063
-0.04715754 -0.004507524 -5.296792 -3.515427 1.437253 1.523308 0.1495841 19.81418 1.485977 0 0.0
0.0548612 -0.02105363 1.639238 -0.8434604 0.6073751 0.6670168 0.2196115 18.75279 1.376175 1 0.0
-0.005928883 0.01449501 -4.72493 -2.381707 1.898094 1.330054 0.005205125 20.17268 1.0492 0 0.0
0.01250343 -0.0509125 -4.195716 -0.08406031 1.298727 1.451928 0.2720286 19.94785 1.263744 0 0.0
0.0176303 -0.0437804 -7.192791 -5.325508 1.832752 1.801185 0.7468401 19.47862 1.237581 1 0.6491008
0.02458823 -0.02761814 -0.7764015 -10.97638 3.292749 3.60982 -0.01985078 20.75336 nan 0 0.0
-0.01841038 -0.007314013 -1.583133 -5.738278 0.4476218 0.3953709 0.112123 18.43732 1.363241 0 0.0
0.01018417 -0.0226262 -2.619393 -3.646662 0.6661915 0.7351249 0.2100775 18.98573 1.235004 0 0.0
0.007834339 -0.03715441 -2.946593 -2.02556 1.003882 1.092533 0.2584571 19.61621 1.322823 1 0.7464453
0.01155744 -0.02136881 -2.467599 -1.343392 0.441727 0.4715271 0.3637257 17.57619 1.375811 0 0.0
0.03758844 -0.04372203 -3.308848 -6.042134 0.9455273 1.011671 0.2223019 19.51216 1.752258 1 0.0129048
0.03359091 0.02071205 -4.06658 -2.679936 1.398236 1.345704 0.149531 19.95035 0.4492016 0 0.0
0.01317482 -0.03869576 -4.072794 -1.470812 1.409649 1.347214 0.7016347 19.37214 1.119566 1 0.7581932
0.01747777 -0.01611923 -2.527228 -3.289746 0.9289312 0.9905374 0.2501539 19.30759 1.228039 0 0.0
-0.009835103 0.03696751 -5.899697 -7.68025 1.258685 1.202135 -0.1679956 19.6608 0.9004459 0 0.0
-6.957949e-05 0.06123826 -4.428992 -1.445928 1.591043 1.260564 -0.07883706 20.30579 1.562212 0 0.0
0.01656222 -0.03744213 -5.087131 -3.31164 0.2714243 0.2925339 0.295872 17.63131 1.377092 1 0.6438992
0.02287935 0.01115478 0.2500495 -8.133913 1.126926 1.171315 0.2773833 19.42782 1.033056 0 0.0
-0.03745319 0.02582803 1.047256 -2.253063 0.4398079 0.3448387 -0.1567592 18.30844 1.986055 1 0.0
-0.0343403 -0.01571142 -1.985516 -3.379011 0.5482849 0.4461404 -0.09978949 18.76226 1.509506 1 0.01523575
-0.06607821 0.002430478 -2.624123 -5.205409 1.128932 1.094608 0.1748613 19.8443 0.5317783 0 0.0
0.0007543861 0.02685755 -2.742344 -4.195898 0.7112677 0.6997661 0.02836965 18.99495 1.083338 1 0.3913349
0.01921736 0.05940075 2.582165 -0.8284635 2.907845 3.330029 0.4656641 20.68995 1.093697 0 0.0
0.002127658 0.006034164 -5.72458 -4.880813 1.219015 1.293493 0.2628567 19.72268 1.31134 0 0.0
0.02644987 0.01438474 -3.763988 -2.64225 1.16541 1.280902 0.2377018 19.74635 1.067833 1 0.8773688
0.0183932 -0.0587743 -1.668545 -1.143783 2.446843 2.907857 0.3666512 20.66145 2.517214 0 0.0
0.0190036 -0.02683966 -2.055556 -5.092482 0.6148646 0.6772013 0.333398 18.83345 1.337793 1 1.099056e-05
0.01790512 0.05836694 -5.241116 -1.96754 2.664297 3.132484 0.3596684 20.72134 1.254984 0 0.0
0.01921726 -0.005044478 -4.562453 -2.681875 0.3437459 0.3721319 0.2348301 17.80096 1.333307 0 0.0
-0.0256735 0.009603708 -3.118679 -2.891211 0.4556345 0.387951 0.07181169 18.53888 1.479271 1 0.8174384
-0.05173526 0.02846199 -4.325237 -2.76811 0.1723985 0.1366727 -0.001643962 16.84715 1.56793 1 0.9835754
0.04582822 -0.003727532 -4.375279 -4.522723 0.5791985 0.6374044 0.125911 18.73305 1.539097 1 0.4576633
0.01354108 0.002826353 -3.15499 -4.165973 0.3477161 0.3760158 0.2684393 17.54698 1.352789 0 0.0
0.002982132 -0.01843348 -3.064496 -3.199995 0.5123879 0.447652 0.1432923 18.36599 1.330202 0 0.0
0.008841463 0.03929418 -3.211616 -10.04948 1.113226 1.193697 0.077024 19.62782 0.9803047 0 0.0
-0.03073922 -0.03785623 0.7949504 1.632361 0.3232616 0.2720069 0.09874667 17.9754 1.384909 1 0.0
0.009207678 0.05071971 -5.313961 -3.00614 1.095792 1.16151 0.268688 19.62952 0.989418 0 0.0
0.04393616 -0.003086447 -0.9593901 -0.9521012 0.7504022 0.8180594 0.09841027 19.12512 1.498554 1 0.0006968482
0.001395243 -0.01558045 -4.592662 -3.617693 0.5263549 0.4818571 0.1597438 18.72215 1.192619 1 0.9716316
0.01811865 -0.002970533 -4.081909 -1.253492 0.9033955 0.9832755 0.2742072 19.37599 1.167437 1 0.9089326
0.01946138 -0.01549451 -4.654691 -5.35296 1.251266 1.334336 0.236881 19.88692 1.387043 1 0.7066482
0.02391694 0.01109502 1.636951 -6.254998 0.8337018 0.8823482 0.133387 19.15472 1.21912 1 0.0
-0.003945245 -0.03768632 -4.160004 -2.99253 0.5519342 0.4917621 0.1280285 18.83179 1.234007 1 0.9622003
0.0166233 -0.007327481 -5.01473 -2.926165 1.062333 1.142553 0.2428118 19.61944 0.8997707 0 0.0
-0.01981418 -0.004008223 -3.565461 -1.274572 1.883223 1.893321 0.04047996 20.46458 1.069626 0 0.0
0.02199429 -0.02046051 -5.143747 -2.489369 0.9831376 1.036424 0.2008858 19.38453 1.143282 0 0.0
-0.009529936 0.04477482 -5.355231 1.834861 3.836062 4.393519 0.02944439 20.71 2.353266 0 0.0
0.0173557 -0.01293202 -3.4087 -3.697147 0.9045337 0.967519 0.247258 19.42548 0.8457108 0 0.0
0.006644189 -0.01386527 -4.741846 -2.808766 0.7245148 0.797427 0.2774621 19.10897 1.182945 1 0.9746922
0.0002355923 -0.009753556 -3.892567 -1.98716 0.7253571 0.7980848 0.3427938 19.09771 1.246845 0 0.0
0.01424301 0.0291238 -1.841362 -2.737004 0.8238347 0.6332486 0.2420011 19.03561 1.526114 1 0.2805724
-0.06522373 0.002646073 -5.94287 -1.710145 1.758178 1.963709 -0.3786763 19.70625 nan 0 0.0
-0.02841996 -0.02584199 -3.345362 -7.493133 1.399091 1.132053 -0.03693951 20.03172 1.469053 1 0.005425318
0.04393608 -0.02224615 -4.872338 -6.505337 2.938831 3.023802 0.1660582 20.75478 1.000319 0 0.0
-0.02310994 -0.04516729 -6.692323 -3.124657 0.6111718 0.544765 0.1657161 18.82194 1.446966 1 0.04065169
0.01360215 0.0306231 0.4949676 -4.941822 1.294936 1.137114 0.5491636 19.21801 1.055464 1 6.219388e-06
0.007468188 0.04234412 -0.5212227 -8.337842 0.5813111 0.487732 -0.03262092 18.64007 1.308609 0 0.0
-0.01963115 0.04016203 -1.263826 -3.295297 0.3807945 0.3162198 -0.01221431 18.30692 1.635563 1 0.0
0.01940042 0.02926071 3.392403 -1.180921 1.264745 0.9981519 -0.1978797 19.85653 0.999939 0 0.0
0.03401794 -0.04499795 -10.48145 1.852626 1.085553 1.160429 0.2203671 19.66547 1.487061 0 0.0
-0.007546293 0.01183 -3.307728 -3.380739 1.585538 1.10161 -0.03511799 20.04661 0.8703957 0 0.0
-0.00730215 0.004430738 -3.525977 -0.6406815 1.862022 1.841662 0.0787793 20.21341 1.573862 0 0.0
0.01064195 -0.001222647 -6.004388 -3.223613 1.693738 1.403946 0.02127004 20.30011 0.9947033 0 0.0
-0.05948647 -0.003745419 -3.743715 -14.75784 2.829064 3.279425 0.1386332 20.79319 1.286522 0 0.0
0.0008764527 -0.004075409 -6.928581 -0.3098585 2.362988 2.158894 -0.2075762 20.34871 0.7739697 0 0.0
0.02672436 -0.05183199 -0.7774943 -5.207441 0.9975457 1.057451 0.2128396 19.61407 1.478159 0 0.0
0.004385924 -0.006799253 -4.645746 -3.682197 1.157916 1.19994 0.1441767 19.63474 0.8415203 0 0.0
0.009055046 -0.00919122 1.232832 -2.417308 1.367251 1.545075 0.3025785 19.91114 0.9536133 0 0.0
-0.01792214 0.0116926 -2.565663 -6.270002 0.9242875 0.9053768 0.07476931 19.39486 1.222145 0 0.0
0.04778131 -0.004919067 -5.147997 -9.51752 2.677258 2.307777 -0.09658673 19.78625 1.031469 0 0.0
0.04027429 0.0529146 -1.09477 0.5379698 0.4739076 0.5223679 0.7022033 17.97644 1.3988 1 0.0
0.02995934 0.009106773 0.9972578 -1.696462 0.4617548 0.4905978 0.2328328 18.40797 1.343876 1 0.0
-0.01902083 0.05866046 -4.658576 -5.353118 0.6033886 0.4917509 -0.06009624 18.78135 1.431368 1 0.0001924587
0.0629788 -0.01320568 8.398302 4.500479 1.264132 1.258465 0.1690978 19.79376 2.584501 0 0.0
0.01405987 0.002233078 -4.658871 -0.4944781 2.345829 2.330206 0.1026361 20.48744 0.2747536 0 0.0
0.01348007 0.02589508 -4.772583 -0.8770656 1.5741 1.20538 -0.06315481 20.14967 1.335505 0 0.0
-0.00516595 0.008191732 -9.913855 -2.24863 2.169923 1.9018 0.06795063 20.58694 1.287565 0 0.0
-0.04145101 0.04379553 -5.088059 -4.077388 1.206536 1.233313 0.1717565 19.76965 1.160185 0 0.0
-3.906199e-05 0.005324661 -4.320352 -3.25358 0.2181607 0.2367876 0.2771113 17.19328 1.431023 1 0.9958596
-0.013314 -0.02067012 -4.400159 -4.755893 1.338588 1.122935 0.08626946 20.05892 1.405302 1 0.760271
0.01018423 0.05275764 0.6902709 0.7588875 1.868295 1.542792 0.04209416 20.4467 2.075758 0 0.0
0.003226277 0.008210419 -2.532352 -2.955641 1.555883 1.318803 -0.03795822 20.21643 nan 0 0.0
0.006857772 -0.0661947 -1.486286 -4.116498 0.6645499 0.7428989 0.2783919 18.97853 1.534746 1 6.227984e-05
0.00957385 0.005429531 -3.858437 -2.990325 0.1791376 0.1493566 0.1040855 16.853 1.40736 1 0.9908412
0.0101232 0.05860352 -3.608712 -7.312888 0.7247915 0.7874286 0.3623629 19.1163 1.628088 0 0.0
-0.004433525 -0.02074286 -4.503896 -3.504988 1.041684 1.159488 0.329722 19.59719 0.9330692 0 0.0
-0.0009240632 0.04320809 -1.744904 -6.201896 1.885879 1.392494 -0.2280955 20.42256 0.2969074 0 0.0
-0.01911224 -0.02681141 -3.989131 -1.953814 1.243871 1.342224 0.2844544 19.87991 1.344393 1 0.8562005
-0.00122923 -0.01088953 -10.21894 -0.7983856 1.586745 1.736411 0.4668025 19.07046 1.060989 0 0.0
0.01085561 0.04793977 -3.172277 -7.163407 3.540295 4.122405 0.06162526 20.99291 0.6181717 0 0.0
0.04628606 0.01676117 -4.435964 -3.456449 0.5065797 0.5601898 0.3621642 18.69024 1.126793 0 0.0
-0.03672073 0.0114358 -2.334842 -0.939867 0.7548143 0.7736597 0.1975247 19.17591 1.334385 1 0.1397327
-0.0231405 -0.02617898 -4.691665 -1.10256 2.961558 3.695362 0.4468688 20.76517 1.242296 0 0.0
0.05980501 -0.01505725 -1.694378 -1.543695 1.011289 0.9358694 0.6641399 18.7846 1.465563 1 0.1680034
