data/gcs/NGC_4372.ecsv
# %ECSV 0.9
# ---
# datatype:
# - {name: x, unit: deg, datatype: float64}
# - {name: y, unit: deg, datatype: float64}
# - {name: pmx, unit: mas / yr, datatype: float64}
# - {name: pmy, unit: mas / yr, datatype: float64}
# - {name: pmx_e, unit: mas / yr, datatype: float64}
# - {name: pmy_e, unit: mas / yr, datatype: float64}
# - {name: pm_corr, datatype: float64}
# - {name: g_mag, unit: mag, datatype: float64}
# - {name: bp_rp, unit: mag, datatype: float64}
# - {name: filter, datatype: int64}
# - {name: memberprob, datatype: float64}
# meta: !!omap
# - comments: [deg deg mas/yr mas/yr mas/yr mas/yr dimless mag   mag   zeroone float]
# - __serialized_columns__:
#     bp_rp:
#       __class__: astropy.units.quantity.Quantity
#       unit: &id001 !astropy.units.Unit {unit: mag}
#       value: !astropy.table.SerializedColumn {name: bp_rp}
#     g_mag:
#       __class__: astropy.units.quantity.Quantity
#       unit: *id001
#       value: !astropy.table.SerializedColumn {name: g_mag}
#     pmx:
#       __class__: astropy.units.quantity.Quantity
#       unit: !astropy.units.Unit {unit: mas / yr}
#       value: !astropy.table.SerializedColumn {name: pmx}
#     pmx_e:
#       __class__: astropy.units.quantity.Quantity
#       unit: !astropy.units.Unit {unit: mas / yr}
#       value: !astropy.table.SerializedColumn {name: pmx_e}
#     pmy:
#       __class__: astropy.units.quantity.Quantity
#       unit: !astropy.units.Unit {unit: mas / yr}
#       value: !astropy.table.SerializedColumn {name: pmy}
#     pmy_e:
#       __class__: astropy.units.quantity.Quantity
#       unit: !astropy.units.Unit {unit: mas / yr}
#       value: !astropy.table.SerializedColumn {name: pmy_e}
#     x:
#       __class__: astropy.units.quantity.Quantity
#       unit: &id002 !astropy.units.Unit {unit: deg}
#       value: !astropy.table.SerializedColumn {name: x}
#     y:
#       __class__: astropy.units.quantity.Quantity
#       unit: *id002
#       value: !astropy.table.SerializedColumn {name: y}
# schema: astropy-2.0
x y pmx pmy pmx_e pmy_e pm_corr g_mag bp_rp filter memberprob
[from data line 13306]
0.05724755 -0.02035195 -13.58467 0.9450397 4.024527 1.890957 0.410463 20.69817 nan 0 0.0
0.01130989 -0.02095048 -2.116467 -5.360037 2.754474 4.396064 0.1137875 20.612 nan 0 0.0
0.1035075 0.07259642 -8.606866 1.788503 2.144417 1.121857 0.377691 20.52327 nan 0 0.0
-0.09011906 -0.03998084 -11.73964 -2.239091 0.9999386 0.8357298 -0.03616482 19.60682 1.39753 0 0.0
0.119827 -0.05880982 -7.001623 -0.08800523 2.146481 1.469396 0.2903611 20.52881 1.130833 0 0.0
-0.08960482 -0.1560684 -6.534882 -2.899665 1.999445 1.361641 -0.0799215 20.54681 1.69832 0 0.0
-0.02345031 -0.01085333 -5.455631 2.954245 0.412281 0.2800086 0.02355265 18.73882 nan 0 0.0
-0.05338189 -0.1179279 -5.892875 3.616425 0.4355053 0.2754875 0.0399967 18.9088 1.216742 1 0.9806402
0.06919447 -0.04868422 -7.254574 3.981683 1.466285 0.9501377 0.2913688 20.2758 1.3234 0 0.0
0.07639482 -0.03969557 -5.098041 -0.4320396 0.1712294 0.133796 0.0912458 17.67278 1.361301 1 0.0
0.09000681 0.09320771 -6.817292 3.780934 0.4761063 0.2456605 0.1125059 18.75076 1.347332 0 0.0
0.03589254 0.04825394 -7.229869 3.638436 0.7824582 0.4632017 -0.1139771 19.34094 1.340322 0 0.0
0.1541504 0.03627457 -23.31362 9.86532 2.276153 1.517022 0.06547908 20.50048 2.153263 0 0.0
0.01600385 0.04167566 -5.646041 2.741112 0.4522721 0.3535487 0.0462805 19.02577 1.25108 0 0.0
-0.127426 -0.0514084 -6.95286 4.576345 1.388202 1.127538 0.06862264 20.44099 1.080687 0 0.0
0.06080262 0.08382389 -6.93029 5.198032 1.506533 2.205463 0.141616 20.30757 nan 0 0.0
-0.07334714 -0.07407637 -6.18477 3.574833 0.4004757 0.2524056 0.01086254 18.67707 1.318041 0 0.0
-0.02947002 -0.1166515 0.48356 4.892434 1.724612 1.311983 0.1863505 20.2789 1.244841 0 0.0
0.08975299 0.02154522 -6.8021 3.168202 1.094704 0.9992241 0.1824801 19.83693 nan 0 0.0
-0.06238382 -0.09676269 -6.082387 3.256301 0.4861041 0.4165877 -0.1443157 19.04274 nan 0 0.0
-0.007072215 -0.003324396 21.55818 -11.38107 2.052779 1.825449 -0.04790601 19.5966 1.331318 0 0.0
0.2172058 0.06414221 -6.690112 2.246419 0.4251194 0.2794506 -0.03880518 18.92351 1.584492 1 0.01219537
-0.09696895 -0.02956431 -4.312122 4.283648 1.019222 0.7887519 0.06097621 19.96789 1.048773 0 0.0
-0.0009708436 -0.06995814 -9.586162 2.76312 2.373372 1.503388 0.07064811 20.56849 0.9498539 0 0.0
0.03149 0.0601946 -6.914402 3.4771 0.5812401 0.4355403 -0.03600746 19.36909 1.363722 0 0.0
0.1560275 0.008501542 -4.659212 -0.6784973 2.004365 1.167565 0.1877421 20.64873 1.34654 0 0.0
0.05985592 -0.01605749 -8.041775 3.792947 1.023345 0.6589579 -0.09064786 20.0654 0.8077106 0 0.0
0.09890431 0.02458698 -7.49776 4.119464 0.9701472 0.5478438 -0.08728105 19.96174 1.39035 0 0.0
-0.1759298 -0.07902091 -6.868951 3.465856 3.505379 2.638676 -0.1803212 20.69913 1.742607 0 0.0
0.01561638 0.04168363 -2.692972 5.252706 1.516901 2.540504 0.1131549 20.09594 nan 0 0.0
-0.03171311 -0.1054096 -5.874467 0.04035076 0.3500812 0.214882 0.1015225 18.36176 1.416012 1 0.0
0.08181734 -0.0763258 -5.412377 -0.5790441 0.5763262 0.3768242 0.02669343 19.39276 1.408209 1 0.0
0.02626167 -0.1211173 -6.433946 3.25943 0.07404466 0.06017634 0.06379214 16.13948 1.398005 1 0.9984502
-0.009933682 -0.03367549 -6.403311 4.086104 1.089802 0.6158966 -0.2828206 19.7033 1.341915 0 0.0
-0.06855383 -0.04142614 -5.862126 3.41382 0.4939566 0.3259896 0.05042077 18.86592 1.169363 0 0.0
0.04918846 -0.03685328 -7.582624 5.274925 0.8112007 0.5692632 0.01605519 19.77095 1.022726 0 0.0
-0.007795206 -0.1070463 -7.685086 -0.3447695 0.7078219 0.481546 -0.03808025 19.56188 1.267376 0 0.0
-0.00813473 -0.1552793 -3.363691 2.573689 1.053905 0.7958964 0.03188504 19.92435 1.202463 0 0.0
-0.002289317 0.002253943 -7.119397 3.862991 1.945245 2.967131 -0.324023 20.15886 nan 0 0.0
-0.1295968 -0.1416363 -6.881842 1.740628 0.734493 0.5390314 -0.1598825 19.39581 1.520821 0 0.0
-0.128495 -0.1678663 -9.39945 -0.758212 0.2821477 0.2093151 0.03479011 18.02081 1.613985 0 0.0
-0.1888182 -0.08877407 -12.35194 -0.1731736 2.449926 2.122858 -0.01274772 20.70794 1.678387 0 0.0
0.08302115 -0.07844473 -6.472701 3.917235 0.6400162 0.4018792 0.003122699 19.28318 1.193317 0 0.0
0.004148342 -0.06978312 -8.60766 2.090109 1.589299 1.184698 0.08475609 20.47845 1.061003 0 0.0
-0.05999552 -0.06180406 -4.637226 -0.6006179 0.588309 0.4084426 -0.09853292 19.37539 1.320511 0 0.0
0.01760433 0.0003914854 -5.921517 3.206402 0.3979876 0.296059 0.03678927 18.37866 nan 0 0.0
0.03304295 0.03125347 -6.132342 2.702034 0.560657 0.4227626 -0.02423385 19.33404 1.429781 0 0.0
-0.01496102 0.03419212 -8.364339 3.411133 0.8373704 0.6368866 -0.03320041 19.26143 1.465317 0 0.0
0.2165641 0.1041537 -2.721087 1.128121 0.6624108 0.4353386 -0.08153545 19.65765 1.507589 1 0.0
-0.01012113 -0.1585228 -5.764105 3.576295 0.4852442 0.4324098 0.006813534 19.06108 1.346863 1 0.9551243
-0.0462446 -0.04075167 -6.471505 3.173979 0.06462019 0.05542538 0.07834605 15.99423 0.5653524 1 0.9988526
0.1359971 0.05061255 -6.433524 3.132161 0.6846881 0.4231282 -0.07729011 19.68821 1.35729 0 0.0
0.05586366 0.02535272 -1.561322 2.645094 1.70722 1.265193 -0.06429805 20.36158 nan 0 0.0
-0.1119207 -0.1669147 -6.448129 3.038313 1.476268 0.6963919 -0.2248072 20.06077 1.450296 0 0.0
-0.04458392 0.006646495 -5.545539 2.966241 1.301389 0.8877119 -0.1652534 20.30505 1.124636 0 0.0
-0.03813596 -0.1041405 -7.644511 1.752188 1.561089 1.28514 0.1575067 20.36558 1.524975 0 0.0
-0.09571375 -0.1885561 -8.175013 3.138224 1.779629 1.056042 0.06889408 20.28188 1.346905 0 0.0
-0.1602343 -0.07755286 -2.636439 1.566061 2.335529 1.614062 -0.07989009 20.74418 1.370293 0 0.0
-0.002825882 0.00119338 -3.901231 8.298042 1.532708 2.037836 0.3942359 19.8578 nan 0 0.0
0.1494767 0.0005463039 -6.963346 1.686597 0.1754091 0.1260976 0.02047065 17.68964 1.438431 1 0.0
0.1490494 -0.004325484 -3.947876 -0.5049534 3.542675 1.337037 -0.03427274 20.57803 1.431145 0 0.0
0.0377037 0.03558541 -5.160755 -16.72017 2.403689 1.509396 -0.3192038 20.07537 nan 0 0.0
-0.01458748 0.03432976 -6.599298 2.713956 0.4642663 0.3379822 -0.0891817 18.77168 1.309958 0 0.0
-0.02071351 -0.00741672 -6.253699 3.763571 0.4143063 0.3024212 0.0992193 18.70129 1.154415 0 0.0
0.1923885 0.1473995 -10.91843 2.253494 0.4470722 0.3011242 -0.008439633 19.06743 1.762861 1 0.0
-0.02914612 -0.09648647 -3.132806 -2.622667 0.06580554 0.05676077 0.0873146 15.20375 1.739802 0 0.0
0.03200075 0.06000296 -5.884721 3.051395 0.8810434 0.682032 0.09214377 19.68346 nan 0 0.0
-0.04325369 -0.1099811 -6.783058 5.65008 1.553376 1.126157 0.2346249 20.35261 1.221178 0 0.0
0.07186878 0.09276291 -6.100742 2.859843 0.7569079 0.5527345 -0.01344939 19.73056 1.454121 0 0.0
0.04653693 -0.0128135 -5.931252 3.034098 1.604968 1.325407 0.1547455 20.13562 1.482725 0 0.0
0.01607492 -0.1315803 -1.967027 6.34788 2.750028 1.539512 0.01413239 20.61307 1.219467 0 0.0
0.01081362 0.02235428 -7.183774 3.726562 1.173083 0.4961372 0.02972996 19.50845 nan 0 0.0
0.1620857 -0.02545108 -6.530057 3.267392 2.348663 1.329129 -0.04789297 20.67861 1.386169 0 0.0
0.1949599 0.1023789 -0.08751427 -6.359773 0.4259509 0.264967 0.01692715 18.95264 1.767935 1 0.0
0.07254796 -0.03489585 -6.692655 3.258491 0.419701 0.3292485 0.03026721 19.01027 1.148457 0 0.0
0.02426362 -0.04247065 -6.644081 3.505775 0.358808 0.2589527 0.05566057 18.68472 1.11364 0 0.0
-0.04214912 -0.03412683 -5.631841 4.922892 1.938227 1.76943 0.01683294 20.66537 1.46587 0 0.0
-0.1609141 -0.1319511 -6.015037 2.065265 1.287416 0.8412256 -0.1250179 20.0456 1.348261 0 0.0
0.2145244 0.07738186 1.878157 4.89468 2.206451 1.612106 0.04380432 20.8056 1.456722 0 0.0
0.05038298 0.01667906 -5.159396 1.867172 1.3541 1.238864 0.5867093 19.68007 nan 0 0.0
-0.008539692 -0.01547103 -5.846527 3.863725 0.1994933 0.1396683 -0.1101444 17.58983 1.57815 0 0.0
0.05245129 -0.06631214 -5.176689 0.752699 0.7459385 0.5220324 0.09860915 19.28621 1.147413 0 0.0
0.02150519 -0.0007877058 -7.054996 3.315437 0.715251 0.7093171 0.009990808 19.52102 1.260078 0 0.0
0.05093678 -0.0317541 -6.170342 3.174237 0.08676036 0.07694609 0.06314855 16.6986 1.454339 1 0.9972923
0.04179329 0.03444719 -5.80326 2.547256 0.7055917 0.6112599 0.03976593 19.57174 1.330059 0 0.0
-0.002462096 0.001765639 -15.50343 4.272509 2.436877 1.125127 0.06488944 19.97779 nan 0 0.0
-0.1358723 -0.09273929 -6.933768 -2.762153 0.3753379 0.2488073 0.1620106 18.19123 1.718481 1 0.0
-0.1172878 -0.1634016 -7.969429 -1.931909 1.03941 0.9401057 -0.03992736 19.97832 1.878181 0 0.0
0.0030298 -0.01378315 15.36064 4.509585 2.45295 0.8471984 -0.06976637 19.57345 nan 0 0.0
-0.04440042 -0.03056172 -10.52552 3.487769 2.582574 2.225571 0.02765735 20.77317 nan 0 0.0
-0.00559284 -0.00827535 -10.01492 4.060042 1.279114 0.8822441 -0.2512704 19.25281 nan 0 0.0
0.08031447 0.07987153 -5.22793 3.569421 0.5824417 0.4026524 -0.01462733 19.27467 1.393829 0 0.0
0.1491578 0.08602399 -8.423813 3.274283 2.022206 1.319377 -0.1173096 20.61774 1.374357 0 0.0
0.03342471 -0.0664189 -6.302782 2.629981 0.3843547 0.2312864 0.01864029 18.51348 1.136238 0 0.0
0.1250958 0.02575078 -6.019402 0.6452613 1.362976 0.8416802 0.09171073 20.38744 1.319019 0 0.0
-0.04041595 -0.103642 -4.446831 5.044328 1.428509 1.010837 0.2302275 20.17403 1.109097 0 0.0
0.2017604 0.08916527 -3.480626 0.8739698 2.308146 1.664767 0.09771086 20.93448 1.427755 0 0.0
-0.002561528 0.02915515 -6.158388 1.9098 1.607562 1.118982 -0.1885237 20.21245 nan 0 0.0
-0.06455096 -0.06043141 -5.572144 0.4571963 2.055839 2.838363 -0.1473095 20.66554 nan 0 0.0
0.0189698 0.05300242 -7.340673 3.086692 0.8257336 0.7223049 -0.1849687 19.43905 1.257837 0 0.0
0.09215812 0.02613359 -9.642523 3.799811 3.180111 1.565724 -0.3966067 20.72367 1.255535 0 0.0
-0.003914096 -0.01424109 -5.468911 3.348511 0.2584159 0.1945405 0.02189937 17.96861 1.201712 0 0.0
-0.02124306 -0.07039039 -6.140807 4.07653 1.957739 1.426561 0.03238641 20.68918 1.339396 0 0.0
-0.1379361 -0.08625474 -5.574206 2.281428 3.218916 1.746489 0.2189414 20.63414 1.41881 0 0.0
0.006386308 0.01918258 -10.65071 8.026382 2.848074 3.233706 0.05427765 20.20647 nan 0 0.0
0.1529023 0.0792174 -0.7152939 4.212471 2.629217 1.458411 -0.03779284 20.74073 1.32937 0 0.0
0.1202023 -0.05559267 -6.605837 2.71914 1.552844 0.9795622 0.2345387 20.37357 1.004969 0 0.0
0.1989961 0.04970394 -8.350006 -2.235257 0.3324494 0.2033858 -0.04348966 18.5522 1.709698 1 0.0
-0.08925147 -0.03742823 -5.771846 3.420294 0.3805579 0.2572223 0.06334244 18.51206 1.152435 0 0.0
0.07132475 -0.0671864 -5.258919 3.850831 1.732713 1.446804 0.255941 20.50075 1.135952 0 0.0
-0.02586112 -0.06285102 -5.444378 4.847149 2.267972 2.441465 -0.2237973 20.65502 0.7267284 0 0.0
-0.077111 -0.04052263 -7.420419 3.441026 0.3519716 0.2452062 0.07595652 18.41993 1.278011 0 0.0
0.01084508 0.02165999 -2.234191 1.215365 0.9358302 0.5757472 0.06954105 18.8612 1.257925 0 0.0
0.01168384 -0.03262369 -5.350679 3.749363 0.743497 0.5738836 -0.007201947 19.77056 1.192707 0 0.0
-0.02079223 -0.01790724 -3.150698 13.33967 0.9229092 0.9070041 0.08713763 19.05533 1.263056 0 0.0
0.06839736 0.08274373 -9.426175 0.5017527 0.4492715 0.2869681 0.05819259 18.90342 1.473734 0 0.0
-0.1790849 -0.1508561 -6.486775 0.02789177 2.073693 1.251768 -0.03069155 20.53137 1.488297 0 0.0
0.2378822 0.0501308 -10.36999 -0.2116909 0.8782719 0.5525739 -0.01792516 19.71346 1.414867 0 0.0
0.03558976 -0.03273926 -5.746182 3.378062 0.3911363 0.2583438 0.09934732 18.70491 1.103783 0 0.0
0.009788721 -0.01150439 -23.56844 -2.112372 2.683221 3.042028 0.0295093 20.00089 nan 0 0.0
0.02009828 -0.01842524 -8.725214 -1.105026 1.214371 1.006049 -0.09483476 19.9259 nan 0 0.0
0.0712564 -0.03209064 -3.159865 2.796635 2.070067 1.225089 -0.1938899 20.53308 1.101532 0 0.0
-0.09044066 -0.03920425 -6.043817 13.75451 1.894351 1.098844 0.05444445 20.47479 nan 0 0.0
0.02494905 0.06224193 -6.629425 2.518333 0.6729773 0.5041681 -0.01547507 19.63131 1.336119 0 0.0
0.009462825 -0.01753906 -5.632881 3.246198 1.238523 0.7537588 -0.2555438 19.90359 nan 0 0.0
0.03082958 0.005286921 -3.344941 6.08313 0.9877055 0.7368327 -0.08779396 19.27813 1.432837 0 0.0
-0.003171515 0.0009796994 -17.87064 1.730128 1.099803 0.8296571 0.1158825 17.98648 1.068712 0 0.0
0.01313123 0.05316786 -4.921691 3.606895 1.794302 1.323205 -0.06986409 20.53395 1.249147 0 0.0
0.006909886 -0.0630396 -11.84008 -2.973589 0.1753184 0.1462196 0.002070216 17.72884 1.301693 1 0.0
0.1389871 -0.02119749 -7.757649 1.576555 2.015362 1.196643 0.1207598 20.6141 1.189045 0 0.0
-0.07031893 -0.04257742 -6.442 3.524402 0.144195 0.1069542 0.06180483 17.32209 1.438911 1 0.9978814
0.07650338 0.03785746 -6.931855 3.769568 0.8201052 0.5850314 0.02934356 19.76711 1.164492 0 0.0
-0.01809316 -0.07629969 3.638449 2.920644 3.191197 2.232247 -0.2185725 20.86983 0.9262543 0 0.0
-0.04070226 -0.1345493 -5.670627 3.709416 0.862637 0.6148003 -0.04712372 19.88765 1.274693 1 0.9453485
0.042545 -0.007760509 -6.266186 3.829594 1.358718 1.068481 0.05658468 20.1608 nan 0 0.0
-0.03344737 0.01456721 -6.250285 3.843196 0.3085154 0.1774281 0.2341308 18.09555 nan 0 0.0
0.06913413 -0.07124426 -6.018354 3.186391 0.4343024 0.2861275 0.05384845 18.82171 1.148708 0 0.0
0.005886608 -0.07388059 -7.780953 2.301237 0.7739963 0.5241464 0.01395606 19.64948 1.067364 0 0.0
0.03626016 0.02034483 -8.53351 10.05318 1.241721 0.9912038 -0.2501458 20.07611 1.264971 0 0.0
-0.1112644 -0.09032536 -6.673015 3.955739 0.3673802 0.2606317 0.0956317 18.58364 1.392227 1 0.9214477
0.04535703 -0.01212382 -2.814465 3.531318 1.355641 0.9753436 -0.07547377 20.02026 1.18099 0 0.0
0.009108572 -0.01725659 -10.90897 0.6191824 2.916549 2.063389 -0.06020294 19.54296 nan 0 0.0
0.02186098 -0.00736468 -0.2441363 3.406682 3.382788 1.979586 0.07404585 20.17393 nan 0 0.0
0.06401674 -0.04685671 -5.37689 3.450844 1.590003 0.9692291 0.03015361 20.24621 1.164928 0 0.0
0.007615798 0.03039731 1.043242 4.345966 1.888099 1.7191 -0.05792624 20.03289 nan 0 0.0
0.06554309 0.02068123 -9.375514 2.268385 1.993055 1.225398 0.1450744 20.58726 0.9283485 0 0.0
0.02021793 0.01914942 -2.099969 2.673432 2.860681 1.58989 -0.3058911 20.34464 1.42856 0 0.0
-0.03173539 0.02197848 -10.8198 -0.5496885 2.538512 1.093627 -0.3325038 20.15634 nan 0 0.0
-0.1535975 -0.0778301 -6.337044 1.466572 1.363105 0.9480856 -0.04509254 20.22419 1.589647 0 0.0
-0.03987924 -0.03827965 -7.040906 0.7692293 4.615342 2.964877 -0.362904 20.94983 nan 0 0.0
0.1343179 -0.03618448 -11.19978 1.209237 0.8163467 0.5086655 -0.04417211 19.63647 2.035879 0 0.0
0.1019623 -0.01418812 -6.710354 3.332809 0.3135412 0.185823 0.07803423 18.31623 1.255642 1 0.9940652
0.0942851 0.03304248 -5.839813 4.209352 0.7146643 0.4667373 -0.02532613 19.61318 1.399202 0 0.0
-0.0589254 -0.027613 -7.032106 -0.8292272 1.19062 0.9399358 -0.2043076 20.16942 1.239479 0 0.0
0.190027 0.0901095 -12.16366 5.472895 2.259153 2.482182 -0.1471496 20.72265 1.531574 0 0.0
-0.06187354 -0.09781377 -7.427102 4.110748 0.7213055 0.488982 -0.1272978 19.58727 1.139591 0 0.0
-0.05785755 -0.01380023 -5.685563 3.216448 0.5338588 0.3073606 -0.06498561 18.94853 nan 0 0.0
-0.04288784 -0.07232906 -6.207309 3.411125 0.0847621 0.0717891 0.0492279 16.54656 1.501017 1 0.9982718
-0.08927791 -0.0430284 -5.651293 3.782131 0.5290133 0.4426971 0.05157467 19.16709 1.239655 0 0.0
0.01627378 -0.09680574 -10.58419 3.910237 2.409137 1.474254 0.3260432 20.687 0.7447834 0 0.0
-0.0827219 -0.04787968 -13.22988 -3.271462 1.471936 1.195923 0.08496749 20.36681 1.935356 0 0.0
0.02229784 -0.007014267 -10.37759 6.588735 3.50923 2.054107 -0.03319935 20.38 nan 0 0.0
0.007987866 -0.1047881 -6.722617 3.2873 0.5097757 0.3687283 -0.01144084 19.17332 1.151945 0 0.0
-0.004901938 0.04189575 -6.093006 3.932015 0.4081342 0.2855123 0.0379351 18.80532 1.285864 0 0.0
-0.01650119 0.02925455 -6.691729 3.649504 1.030454 0.5778068 0.0739969 19.78947 1.302397 0 0.0
-0.01676474 0.02366958 -39.54349 -6.408731 1.761894 0.8645863 0.06480757 19.76407 2.091757 0 0.0
-0.007784577 -0.05892771 -6.310985 2.866715 0.464205 0.2939188 0.0008244967 18.89145 1.134605 0 0.0
0.1484018 -0.002916242 -7.437587 3.353979 1.982357 1.106369 0.2774521 20.47203 1.522711 0 0.0
