data/gcs/NGC_6540_Djorg.ecsv
# %ECSV 0.9
# ---
# datatype:
# - {name: x, unit: deg, datatype: float64}
# - {name: y, unit: deg, datatype: float64}
# - {name: pmx, unit: mas / yr, datatype: float64}
# - {name: pmy, unit: mas / yr, datatype: float64}
# - {name: pmx_e, unit: mas / yr, datatype: float64}
# - {name: pmy_e, unit: mas / yr, datatype: float64}
# - {name: pm_corr, datatype: float64}
# - {name: g_mag, unit: mag, datatype: float64}
# - {name: bp_rp, unit: mag, datatype: float64}
# - {name: filter, datatype: int64}
# - {name: memberprob, datatype: float64}
# meta: !!omap
# - comments: [deg deg mas/yr mas/yr mas/yr mas/yr dimless mag   mag   zeroone float]
# - __serialized_columns__:
#     bp_rp:
#       __class__: astropy.units.quantity.Quantity
#       unit: &id001 !astropy.units.Unit {unit: mag}
#       value: !astropy.table.SerializedColumn {name: bp_rp}
#     g_mag:
#       __class__: astropy.units.quantity.Quantity
#       unit: *id001
#       value: !astropy.table.SerializedColumn {name: g_mag}
#     pmx:
#       __class__: astropy.units.quantity.Quantity
#       unit: !astropy.units.Unit {unit: mas / yr}
#       value: !astropy.table.SerializedColumn {name: pmx}
#     pmx_e:
#       __class__: astropy.units.quantity.Quantity
#       unit: !astropy.units.Unit {unit: mas / yr}
#       value: !astropy.table.SerializedColumn {name: pmx_e}
#     pmy:
#       __class__: astropy.units.quantity.Quantity
#       unit: !astropy.units.Unit {unit: mas / yr}
#       value: !astropy.table.SerializedColumn {name: pmy}
#     pmy_e:
#       __class__: astropy.units.quantity.Quantity
#       unit: !astropy.units.Unit {unit: mas / yr}
#       value: !astropy.table.SerializedColumn {name: pmy_e}
#     x:
#       __class__: astropy.units.quantity.Quantity
#       unit: &id002 !astropy.units.Unit {unit: deg}
#       value: !astropy.table.SerializedColumn {name: x}
#     y:
#       __class__: astropy.units.quantity.Quantity
#       unit: *id002
#       value: !astropy.table.SerializedColumn {name: y}
# schema: astropy-2.0
x y pmx pmy pmx_e pmy_e pm_corr g_mag bp_rp filter memberprob
[from data line 667]
-0.02375695 -0.01507957 -0.7932521 -3.880043 0.4160044 0.366026 0.08118144 18.09636 1.292051 0 0.0
-0.01257931 -0.01117909 -3.469757 -6.345528 0.3097004 0.2833467 0.5474806 17.54926 1.599852 0 0.0
-0.01012252 -0.007793287 -3.312096 -10.78389 0.1722758 0.145059 0.3107596 16.79509 1.684422 0 0.0
0.01252969 -0.02942859 3.064233 1.500289 0.7635723 0.6628154 0.2376144 18.67592 nan 0 0.0
-0.01460239 -0.02617873 -2.170133 -5.561765 0.2206773 0.1740175 -0.08810564 16.18387 1.763861 0 0.0
-0.008448265 -0.009446815 1.266726 -0.4285827 0.1468736 0.1260288 0.3577862 16.13954 1.741751 0 0.0
0.01998453 -0.008916172 -6.59474 -3.394587 0.9926371 0.8633229 -0.2994977 18.81983 1.559877 0 0.0
-0.01363069 -0.02445436 9.405042 8.578535 1.074404 0.9772315 0.323963 18.00275 nan 0 0.0
-0.01401003 -0.0138629 -3.014046 -8.052958 0.3870445 0.3561905 0.5585053 17.48627 1.500013 0 0.0
0.01747319 -0.01000674 -2.615376 -5.641644 0.1710553 0.1516834 0.2317523 16.41068 1.728375 0 0.0
-0.01921955 -0.02280153 -4.058329 -5.183204 1.024614 0.9822456 0.2052561 18.72553 nan 0 0.0
0.01787799 -0.01136293 -7.538755 -2.501226 0.9456636 0.7954526 0.1602698 17.57013 1.757182 0 0.0
0.01582608 -0.01018578 1.232632 -1.322777 0.7280892 0.6362454 0.3680825 18.20075 1.662117 0 0.0
0.02390041 -0.006067383 -6.296628 -4.140888 0.4060364 0.3041815 0.08902311 16.9543 1.488441 0 0.0
0.01085598 -0.02854912 -1.092015 -6.128556 0.3795418 0.3398117 0.4165348 17.71716 1.148563 0 0.0
-0.002237701 -0.01880968 -1.089832 -0.3913975 0.6745857 0.5716778 0.5090543 18.13536 nan 0 0.0
0.002487617 0.0005518057 -3.701664 -2.30983 0.2084751 0.1838397 0.1013187 16.40509 1.179073 0 0.0
-0.0132524 -0.02707692 1.172031 -2.119251 0.3492152 0.3216606 0.1673417 17.46863 nan 0 0.0
-0.02259648 -0.01248152 -3.815127 -6.546808 0.207984 0.1622932 -0.1690602 16.24475 1.841822 0 0.0
-0.0004287978 -0.006347047 -0.05495636 -6.76185 0.966245 0.8698528 -0.6552436 18.09554 nan 0 0.0
0.005862097 -0.01860955 0.8212424 -5.97363 0.7821515 0.730047 0.2787583 18.76675 nan 0 0.0
0.01231546 -0.01398095 4.101398 -6.823205 0.9618175 0.8513797 0.2486117 17.20409 1.430212 0 0.0
-0.01006802 -0.01317582 -4.804522 -11.03871 0.1368408 0.1169117 0.2353989 16.20521 1.881454 0 0.0
0.02843619 -0.008498436 -0.005990669 -0.4279677 0.1297529 0.1126329 0.2947546 12.54178 2.200188 1 0.0
0.002162949 -0.03058756 2.294991 -6.094088 0.4640988 0.4309634 0.3160066 17.59618 1.640409 0 0.0
-0.0231902 -0.01386256 -0.9466487 -7.830852 0.3511946 0.3270246 0.3603206 17.289 1.538163 0 0.0
-0.01879519 0.02128118 -7.421906 -6.031156 0.9283562 0.8640427 0.3366391 18.6778 1.571596 0 0.0
0.01223702 0.00878517 -5.415272 -8.999481 0.5872158 0.5647985 0.04793269 18.16921 nan 0 0.0
0.005701224 0.002823337 3.573496 -1.859649 0.9756419 0.8553438 0.3494593 16.09682 1.263759 0 0.0
-0.003075108 -0.003652006 -4.102135 -3.105057 0.2182599 0.1996815 0.5187874 16.55634 0.9769135 0 0.0
-0.001968065 0.0009161199 -4.562199 -2.166481 0.6207022 0.5716138 0.5392238 17.83806 nan 0 0.0
-0.005263769 0.02560664 -4.835066 2.599415 0.5318818 0.4476896 -0.2666613 18.19779 nan 0 0.0
-0.0126644 0.02397715 1.158981 -2.210624 0.1286932 0.1130969 0.3822267 13.18586 2.202155 0 0.0
-0.02975205 -0.0112263 3.264094 1.477496 0.2233243 0.1893939 0.1535825 16.96992 1.170988 0 0.0
0.008698316 -0.00248692 -3.425031 -2.500013 0.1604581 0.1359444 0.3737523 15.82572 0.8561344 0 0.0
-0.0006988656 0.0004965188 -3.41745 -2.27959 0.2549412 0.2237411 0.3171676 15.85685 1.053548 0 0.0
-0.02586986 0.01393072 0.2224213 -1.418231 0.2081617 0.1814338 0.4390277 16.83207 1.708766 0 0.0
-0.01841667 0.0189848 -0.6685533 -5.177293 0.1867475 0.1703024 0.5214245 16.28772 nan 0 0.0
-0.01633744 0.02192817 -1.935968 -7.162031 0.1656086 0.141267 0.4514371 14.19226 3.057591 1 0.0
-0.02041669 0.02632392 0.7107434 -3.478081 0.1517994 0.1312379 0.276971 16.01733 1.880163 1 0.0
-0.005236243 0.0148778 3.408919 2.012452 0.5222158 0.4930856 0.4192386 17.63356 nan 0 0.0
-0.01520268 0.01927521 0.8837041 -6.491587 0.7079929 0.6478327 0.4474401 18.83744 nan 0 0.0
-0.01215003 0.0133857 1.454385 -3.885766 0.1413341 0.1220151 0.2285635 16.0969 1.82436 0 0.0
-0.01285077 0.001039357 -5.97855 -4.370173 0.6003946 0.5500656 0.1594612 18.36195 1.550301 0 0.0
-0.01844351 0.01798535 -4.567296 -1.977889 0.802642 0.7068854 0.2133006 18.67961 1.479771 0 0.0
0.01493734 0.006602826 4.368797 -6.638619 0.981648 0.8608305 0.5122424 18.37642 1.378637 0 0.0
-0.00186045 0.02440321 2.040878 -4.713137 0.3502646 0.313835 0.4119882 17.28049 nan 0 0.0
-0.001455128 0.01154006 0.3473696 -5.661601 0.1741016 0.1528875 0.358889 13.70166 3.308448 1 0.0
0.001461499 0.003340368 -3.139123 -2.39017 0.3124663 0.289015 0.5576491 16.88979 1.417463 0 0.0
-0.001266198 0.02170051 -7.8889 -10.48539 0.5610335 0.4585755 -0.2250763 17.90331 1.995136 0 0.0
-0.007747546 0.009142257 -4.498738 -6.061358 0.2178609 0.1702458 -0.1087873 16.49574 1.865476 0 0.0
-0.001401139 0.01347793 -7.229307 0.3828354 0.5170157 0.4418444 0.1223226 17.92687 nan 0 0.0
-0.02638183 0.009072578 -5.305727 -4.176427 0.7368415 0.6617033 0.5506701 18.2454 nan 0 0.0
0.009941993 0.01418702 -0.9819251 -3.086052 0.4844359 0.3948409 0.2248689 18.1265 1.413799 0 0.0
-0.01409486 0.01574677 -1.940817 -8.861178 0.5116762 0.4507299 0.3457982 18.47693 nan 0 0.0
-0.02645964 -0.004095776 0.2438551 -3.815149 0.1903426 0.1551075 0.1301357 16.31614 1.885354 0 0.0
-0.01061109 0.0182229 -8.200592 -4.762323 0.5174686 0.4758462 0.3487149 18.43082 nan 0 0.0
-0.009827978 0.01969163 -2.949131 -1.609168 0.9476216 0.6765908 -0.1405862 18.91328 nan 0 0.0
-0.001022974 0.006815562 2.471349 6.268229 0.8374019 0.739588 0.5260085 17.48466 nan 0 0.0
-0.000158784 0.0005232238 -4.973608 -1.168189 0.9571383 0.9010578 0.4614812 17.05264 nan 0 0.0
-0.0007529131 0.006180417 0.7179563 -8.078454 0.4473917 0.3873618 0.3334857 17.48501 nan 0 0.0
0.0003812971 0.0003572839 -2.65184 -6.172829 0.6681014 0.6350878 0.5495214 15.35136 nan 0 0.0
-0.004614192 -0.005769217 3.94404 -3.0498 1.174273 1.132829 0.69949 18.36699 nan 0 0.0
0.01191295 0.008794743 -3.468578 -7.073912 0.5363616 0.4741025 0.2749352 18.07432 nan 0 0.0
0.003730129 0.009983609 -5.714021 -12.45548 0.4634377 0.3977265 0.4716639 17.51555 1.509977 0 0.0
0.009373885 0.003145425 -3.360195 -2.37081 0.2924913 0.2580112 0.5041776 16.87783 nan 0 0.0
-0.007694842 0.0276588 -3.784172 -7.556238 0.8471175 0.7129648 -0.3478332 18.62425 1.39254 0 0.0
-0.01031251 0.002491119 2.035171 -4.553669 0.5024732 0.4436424 0.4032078 18.28189 1.465002 0 0.0
0.01242598 0.008085152 0.6844455 0.01354074 0.815263 0.8486623 0.8054857 18.0794 nan 0 0.0
-0.001779177 0.009537339 2.063276 -3.091622 0.3388613 0.284746 0.1856135 17.87903 1.387089 0 0.0
-0.007125967 0.002478023 -5.758801 -1.018609 0.6655155 0.6003632 0.4410269 17.93986 nan 0 0.0
-0.02373769 0.0204181 0.8722599 -1.519606 0.2731274 0.2389449 0.3404806 16.70349 1.6914 0 0.0
-0.002940441 0.009247397 -3.890982 -2.897913 0.4780132 0.4406648 0.5852271 17.63025 1.553699 0 0.0
0.01010377 0.01127829 -6.652416 -7.664995 1.063816 0.9122371 0.3533448 14.5634 3.407189 0 0.0
-0.02624703 0.0100568 -4.634797 -1.510572 0.8010191 0.7220195 0.4560523 18.64326 nan 0 0.0
-0.01101574 0.01347738 0.8047979 0.525237 0.5405961 0.4921205 0.4852791 18.25285 nan 0 0.0
-0.02268504 0.02380577 0.3279477 -4.157819 0.8998501 0.7988863 0.3752442 18.27353 1.380932 0 0.0
-0.02392724 0.02264202 -3.151422 -7.252751 0.9292921 0.8378173 0.4617917 18.79106 1.27165 0 0.0
0.001137621 0.02051986 1.849609 -6.811606 0.9096221 0.8208701 -0.2843192 18.89276 nan 0 0.0
0.009968965 0.01380364 -0.190438 -7.417552 0.6861866 0.5886896 -0.02135548 18.0996 1.191359 0 0.0
-0.01903627 0.009831328 -4.012293 -3.030897 0.3964575 0.3660892 0.4290201 17.63757 nan 0 0.0
-0.0002668236 0.01000847 -3.350793 -6.742594 0.4867784 0.446356 0.3914318 18.33365 1.558527 0 0.0
-0.02924222 0.000643273 0.07761974 -7.276192 0.7747008 0.6592555 0.2187184 18.61269 1.322502 0 0.0
-0.003291801 0.01847705 0.5038022 -4.377188 0.2448242 0.2082856 0.1542293 16.87091 2.082827 0 0.0
-0.00518239 0.01828242 -4.784976 -5.736745 1.238143 1.077695 0.4436031 18.39415 nan 0 0.0
-0.01074547 0.01150139 2.753274 -1.75973 0.5704771 0.4802357 0.007107749 18.5901 nan 0 0.0
-0.02144201 0.020842 -3.523467 -4.635587 0.2762861 0.2495035 0.417232 17.46161 1.470599 0 0.0
-0.004885089 0.01367238 -0.8860528 -4.436925 0.3886351 0.3538709 0.3274827 17.36633 nan 0 0.0
-0.01841388 0.002470976 -3.242308 -2.681334 0.3513335 0.2965684 -0.08352672 17.61249 nan 0 0.0
-0.009610867 0.007913775 -0.5430934 -2.640771 0.4520159 0.3779252 -0.01674445 17.88758 1.481165 0 0.0
-0.01803849 0.01861865 -0.4188556 -0.2886889 0.1386101 0.1220732 0.3545711 15.97597 1.687618 0 0.0
-0.005641556 0.0186963 -4.141788 -3.968846 0.1033399 0.08843527 0.274366 15.26679 1.713145 1 0.0
-2.376376e-05 0.001280441 -4.373381 -3.478785 0.4294461 0.3912104 0.7034083 16.89542 1.247665 0 0.0
-0.02252202 0.0191328 0.8284653 -7.059673 0.4703214 0.4091609 0.2977348 18.11234 1.563931 0 0.0
-0.0129594 0.00622161 1.373936 2.164574 0.484653 0.42056 0.145094 16.47623 nan 0 0.0
-0.005804123 0.02838371 -4.459721 0.4885134 0.2446665 0.2087325 0.2654059 17.01828 1.923272 0 0.0
-0.005235625 0.002018459 -2.95788 -3.646672 0.1678174 0.1490211 0.3498135 16.12788 1.872068 0 0.0
0.003675998 0.006477904 -2.210604 -2.325373 0.3367725 0.3074524 0.4607754 17.23026 1.386364 0 0.0
-0.01209531 0.007032333 -1.948337 -3.897201 0.3003198 0.2805018 0.3982885 17.39701 1.692385 0 0.0
0.004108044 0.005339202 1.265821 -3.677975 0.3140865 0.2713226 0.200662 16.90901 1.606446 0 0.0
-0.009450896 0.03170033 -6.03056 -5.50856 0.7073364 0.5949136 0.06810811 18.2076 nan 0 0.0
-0.003372768 0.0165964 -5.318721 -9.713859 1.206003 1.019419 0.2938351 18.6734 nan 0 0.0
-0.0260291 0.002215744 0.3808261 -0.5267162 0.331941 0.2976685 0.4438417 16.77357 1.534514 0 0.0
-0.01701065 0.008940931 -0.8327173 -3.473402 0.2922703 0.2642312 0.451461 17.53779 1.359951 0 0.0
-0.002589105 -0.001439469 -3.337907 -1.426397 0.7527752 0.7434637 0.8441781 17.90288 nan 0 0.0
-0.01223148 0.0171241 -9.657818 -9.117806 0.6291176 0.5581034 0.306262 18.45417 1.503595 0 0.0
-0.03315701 -0.001989991 -6.581158 -4.718491 0.1437313 0.1275468 0.4061284 15.38457 2.16674 0 0.0
-0.02996862 -0.009177863 -5.32031 -3.115468 0.3975625 0.3541369 0.3518968 17.45555 1.896727 0 0.0
-0.004777045 0.01333478 -1.073034 -2.550587 0.1305644 0.1124635 0.1073154 15.579 1.765001 0 0.0
-0.01439233 0.01860394 -0.9112636 -4.11061 0.195424 0.1738225 0.3319198 16.63272 1.424567 0 0.0
-0.0162265 0.00240266 -0.8044267 -6.509158 0.2045842 0.1820245 0.2391958 16.4936 1.687919 0 0.0
-0.002670392 0.009811979 -6.931752 -8.50106 0.9148578 0.8814354 0.6183962 17.55829 1.49268 0 0.0
-0.001562978 -0.0007585256 -4.968966 -8.812857 0.4887808 0.4702704 0.6006377 16.60362 1.465854 0 0.0
-0.02141144 0.002752716 -7.95162 -4.573053 0.953961 0.8083452 0.002813745 18.75701 nan 0 0.0
-0.01943984 0.001290149 -2.194917 -10.08404 0.1678098 0.1543027 0.364715 16.32949 1.883843 0 0.0
-0.0140131 0.01001901 -2.391921 -1.534748 0.2363705 0.2123011 0.4668032 16.26394 2.049109 0 0.0
0.009185005 0.004966959 -4.983914 -9.763258 0.1880006 0.1692371 0.3985728 16.45205 1.83108 0 0.0
-0.003210361 0.004421797 -3.893045 -2.887232 0.1113069 0.09881173 0.3027272 15.67673 1.392879 0 0.0
-0.02451764 0.00571608 -1.68161 -9.396946 0.1926119 0.1685293 0.3415315 16.77626 nan 0 0.0
-0.03085927 -0.01060862 -3.638845 -8.118438 0.3000762 0.2669662 0.2230825 17.38579 2.046413 0 0.0
-0.01558059 0.01776454 6.581698 -4.853085 1.428464 1.244163 0.281828 18.81159 1.491108 0 0.0
-0.008504879 0.02398137 -4.613676 -5.322855 0.1321769 0.1062753 0.1000439 15.70554 2.023307 1 0.0
-0.008585183 0.01476696 0.6733633 -2.343167 0.8115657 0.6788153 0.2142066 18.40036 nan 0 0.0
-0.00726146 0.009529482 1.566496 -9.520639 1.37686 1.232724 0.3655016 18.43332 1.759136 0 0.0
0.00597108 -0.0006385152 0.1554248 -12.04848 0.571001 0.4385916 -0.1670989 16.58075 nan 0 0.0
-0.02217158 0.0224631 -0.9190757 0.0416609 0.3307741 0.2780931 0.1458378 17.96332 1.402927 0 0.0
-0.0004828302 -0.000121461 -8.759109 -6.478526 0.5362712 0.5224722 0.4395026 16.87804 nan 0 0.0
0.007672616 0.003559452 -1.228125 -1.038377 0.5135896 0.4768953 0.4697818 18.11757 nan 0 0.0
-0.01568615 0.0006022021 -0.7549652 -5.696978 0.6346687 0.5501509 0.2498799 18.4567 1.250145 0 0.0
-0.009151598 0.00590347 -3.480777 -4.07488 0.1711439 0.1421851 0.1612225 16.54117 1.835905 0 0.0
-0.01020583 0.01675047 -0.1224739 -8.895114 0.2363669 0.2006097 0.5418911 16.58757 1.34022 0 0.0
0.0007053414 -0.0003083824 -3.799884 -2.459447 0.105817 0.09955401 0.4423403 14.66751 1.552831 0 0.0
-0.02187135 0.006872497 -4.22512 -7.605509 0.6058145 0.5673979 0.5888681 17.66223 nan 0 0.0
-0.02889303 0.007687205 -1.499866 -4.856562 0.7386357 0.682435 0.5696612 17.32362 1.331485 0 0.0
0.01039967 -0.001006967 0.6784658 -0.4007231 0.1881347 0.1609891 0.3339993 16.55204 1.105885 0 0.0
-0.01541633 0.002210136 1.046316 -5.723289 0.6062801 0.498658 0.1185248 18.27188 nan 0 0.0
-0.006560398 0.02782672 -1.531113 -2.29148 0.5579907 0.4914847 0.09893646 18.55392 1.414743 0 0.0
-0.0006989148 0.008158338 6.548754 9.461323 1.420165 1.1416 0.03558457 18.47153 1.452036 0 0.0
-0.009583993 0.009412954 -2.143359 -2.880535 0.2287653 0.2057076 0.2376988 16.81267 2.22187 0 0.0
-0.01290618 0.01288208 -1.673066 -6.421191 0.8149819 0.7101758 0.2875081 18.44633 1.464155 0 0.0
-0.0151462 0.001567397 -2.205188 -4.883708 0.4551994 0.3996602 0.4096982 17.06086 1.453461 0 0.0
-0.02146432 -0.002990322 -8.884842 -4.43172 0.7785292 0.6368714 0.2111117 18.10605 1.386959 0 0.0
-0.009099566 0.02958893 -5.488783 -4.29377 0.3698653 0.3332903 0.01901716 17.45431 1.893364 0 0.0
-0.01244887 0.02878942 -9.554626 -5.837656 0.7460189 0.5995281 -0.169055 18.31143 nan 0 0.0
-0.005235195 -0.006907932 -4.832762 -4.445329 1.067908 0.6878007 -0.5169147 18.22542 nan 0 0.0
-0.01701084 0.01012349 -7.74469 -13.52435 1.085095 0.8766898 0.09805565 18.1997 nan 0 0.0
-0.002562182 0.001991852 -3.43412 -5.011062 0.8717384 0.7019705 0.07293246 17.87559 1.319798 0 0.0
-0.00504666 0.003460424 -0.711166 1.635173 0.6614883 0.6120115 0.4532591 18.16795 nan 0 0.0
-0.02395245 0.01443088 0.176963 0.2972706 0.3274133 0.286878 0.330107 17.67019 nan 0 0.0
0.0123452 0.01016989 -2.715069 -5.482232 0.1412361 0.1212568 0.2530142 15.86784 1.818619 0 0.0
-0.003966435 0.002571644 -6.454868 -8.759803 0.7580128 0.6600485 0.09970067 18.19855 1.602428 0 0.0
0.00243381 0.009544956 -4.40202 -3.212102 0.6472756 0.5504333 0.4427011 18.03991 1.535275 0 0.0
-5.076742e-05 -4.898072e-05 -3.518716 -3.299387 0.1860529 0.1756483 0.4966122 14.77174 1.421904 0 0.0
0.0005433852 0.01312889 -1.525765 -5.169535 1.183708 1.004789 0.2403071 16.98362 1.44267 0 0.0
0.003973137 0.008633198 -0.7415353 -5.933796 0.6445353 0.5798507 0.2035145 17.78719 nan 0 0.0
-0.0159329 0.02600042 -0.9297579 -8.161084 0.7588004 0.6834322 0.1991006 18.94001 1.599293 0 0.0
0.01588218 0.004212785 -8.865059 -6.556705 0.2165467 0.1889666 0.1735384 16.33043 1.823638 0 0.0
-0.02524419 -0.005468779 -2.321433 -2.534765 1.154443 1.012745 0.4817011 17.82609 1.530016 0 0.0
-0.01039494 0.01731312 -4.664426 -2.586702 0.438471 0.385186 0.4872376 16.57398 1.28279 0 0.0
-0.01911759 0.01152313 -3.134979 -2.243429 0.4407076 0.3788627 0.1843135 18.09411 1.363085 0 0.0
0.006835401 0.002525725 -3.964755 -1.853365 0.2343486 0.2051312 0.3389341 15.61232 1.601942 0 0.0
-0.0143088 -0.0004275764 -1.968075 -10.23473 0.4637918 0.4484525 0.8085895 17.24932 1.467015 0 0.0
0.0003543589 0.02056946 -3.056482 -5.27566 0.480535 0.417765 0.1068938 18.20547 1.704075 0 0.0
0.007915144 -0.00353018 -7.799275 -8.163676 0.1315265 0.1144622 0.2882348 15.48663 1.86825 0 0.0
-0.02119752 0.01361129 -1.317744 -3.877352 0.1089324 0.09565006 0.3706459 15.11696 1.092527 1 0.0
-0.02332763 -0.002572996 -5.19222 -7.991548 0.1542001 0.1274272 0.1238967 16.4717 1.597287 0 0.0
