data/gcs/NGC_4833.ecsv
# %ECSV 0.9
# ---
# datatype:
# - {name: x, unit: deg, datatype: float64}
# - {name: y, unit: deg, datatype: float64}
# - {name: pmx, unit: mas / yr, datatype: float64}
# - {name: pmy, unit: mas / yr, datatype: float64}
# - {name: pmx_e, unit: mas / yr, datatype: float64}
# - {name: pmy_e, unit: mas / yr, datatype: float64}
# - {name: pm_corr, datatype: float64}
# - {name: g_mag, unit: mag, datatype: float64}
# - {name: bp_rp, unit: mag, datatype: float64}
# - {name: filter, datatype: int64}
# - {name: memberprob, datatype: float64}
# meta: !!omap
# - comments: [deg deg mas/yr mas/yr mas/yr mas/yr dimless mag   mag   zeroone float]
# - __serialized_columns__:
#     bp_rp:
#       __class__: astropy.units.quantity.Quantity
#       unit: &id001 !astropy.units.Unit {unit: mag}
#       value: !astropy.table.SerializedColumn {name: bp_rp}
#     g_mag:
#       __class__: astropy.units.quantity.Quantity
#       unit: *id001
#       value: !astropy.table.SerializedColumn {name: g_mag}
#     pmx:
#       __class__: astropy.units.quantity.Quantity
#       unit: !astropy.units.Unit {unit: mas / yr}
#       value: !astropy.table.SerializedColumn {name: pmx}
#     pmx_e:
#       __class__: astropy.units.quantity.Quantity
#       unit: !astropy.units.Unit {unit: mas / yr}
#       value: !astropy.table.SerializedColumn {name: pmx_e}
#     pmy:
#       __class__: astropy.units.quantity.Quantity
#       unit: !astropy.units.Unit {unit: mas / yr}
#       value: !astropy.table.SerializedColumn {name: pmy}
#     pmy_e:
#       __class__: astropy.units.quantity.Quantity
#       unit: !astropy.units.Unit {unit: mas / yr}
#       value: !astropy.table.SerializedColumn {name: pmy_e}
#     x:
#       __class__: astropy.units.quantity.Quantity
#       unit: &id002 !astropy.units.Unit {unit: deg}
#       value: !astropy.table.SerializedColumn {name: x}
#     y:
#       __class__: astropy.units.quantity.Quantity
#       unit: *id002
#       value: !astropy.table.SerializedColumn {name: y}
# schema: astropy-2.0
x y pmx pmy pmx_e pmy_e pm_corr g_mag bp_rp filter memberprob
[from data line 15664]
0.02595872 0.08983501 -0.2793671 -3.500407 0.3721479 0.2926173 0.0955734 18.96805 1.486153 1 0.0
-0.001173541 0.1003651 -8.36294 -3.016365 1.305971 1.291453 0.02998323 20.65557 -0.981596 0 0.0
0.0260095 0.0134723 -8.352449 -0.5245941 0.1151602 0.106487 0.2003651 16.88834 0.3887768 0 0.0
0.009725386 -0.00972931 -8.117079 -2.389009 0.4586877 0.2296267 -0.02632523 17.94441 nan 0 0.0
-0.04479545 -0.0170254 -7.103932 -1.658002 1.142521 1.629468 -0.06732519 20.19716 nan 0 0.0
0.03386703 -0.05162598 -9.434488 -1.349034 1.790125 0.7451107 0.4153975 20.14002 nan 0 0.0
0.007563055 0.05918795 -6.752262 -2.684425 0.7762286 0.563704 0.2246489 19.67726 0.9211998 0 0.0
-0.0235248 -0.002813368 -7.542699 0.4877097 0.4290231 0.3253316 0.1248596 18.63183 1.040285 0 0.0
0.02261156 0.05198203 -8.576575 -3.070807 1.387982 0.7734981 -0.05435604 19.81354 1.065189 0 0.0
0.006737227 -0.01039946 -8.061903 -1.716878 0.5159196 0.372536 0.1633344 18.14718 1.061764 0 0.0
0.1753195 0.09607059 -9.558491 1.70316 2.263358 1.873296 0.3874164 20.63563 1.530342 0 0.0
0.04882045 -0.1059481 -3.915863 -0.5579748 0.2541825 0.2064025 0.1759775 18.36481 1.464853 1 0.0
0.005869459 0.02889983 -9.452703 -1.560884 1.918974 0.6885158 0.1149052 19.32237 1.182194 0 0.0
0.04444175 0.006062003 -8.401292 -0.9667708 0.3926712 0.4226494 0.2122617 18.98374 1.028135 0 0.0
0.03227121 0.01268493 -8.329273 0.3588435 0.7472774 0.7556438 0.242206 19.70045 nan 0 0.0
0.02098898 0.01999375 -7.982606 -1.621112 0.1533923 0.1292869 0.1335763 16.64236 0.4072952 0 0.0
-0.03071688 -0.006340343 -12.01643 -0.9697685 1.643821 2.209418 -0.4761314 19.95851 nan 0 0.0
-0.1422244 -0.06082806 -6.287319 -0.08402028 0.2024499 0.1505532 0.2738191 17.81444 1.533012 1 0.0
0.1828374 -0.01818314 -8.02075 -3.457536 0.449979 0.3240978 0.1668584 18.93094 1.277277 1 0.0
-0.03749933 0.01802397 -8.920478 -0.9002508 0.3116254 0.2879899 0.1026148 18.76213 1.071226 0 0.0
-0.002236839 -0.04949145 -10.10535 -0.3919137 2.288614 0.8957961 0.4171857 20.27511 0.8288746 0 0.0
0.1918217 0.02413822 -7.349744 -0.6484196 0.429739 0.3098417 0.3223724 19.01241 1.472929 1 0.2460321
0.06799513 0.0194537 -9.889048 -2.825144 0.3895338 0.2433346 0.4343054 18.43046 nan 0 0.0
0.01089357 0.006658025 -8.49802 -0.9065848 0.06853269 0.06205734 0.1663719 15.98103 0.597065 0 0.0
0.1052979 0.01438541 -7.978758 0.5532713 0.8807708 0.6246316 0.3393754 19.89499 0.9327679 1 0.3138452
0.104458 -0.06421689 -3.009207 -1.409348 3.525191 2.488602 0.3835314 20.7086 0.7672958 0 0.0
-0.1070499 0.03956104 -6.819111 -2.593108 0.228519 0.2058375 0.04185584 18.27271 1.550587 1 0.0
-0.02103665 0.007580664 -10.51241 -0.7078487 1.145375 0.9859764 0.2440555 19.76624 nan 0 0.0
-0.01340992 0.06652434 -6.144228 -0.3846998 0.1718491 0.13932 0.23452 16.41934 1.40438 0 0.0
-0.02538124 -0.04412122 -8.533567 -3.49062 1.686651 0.6854776 0.282387 19.56307 nan 0 0.0
0.1048038 -0.03463152 -6.745231 -4.834411 0.3101045 0.2458174 0.1950245 18.52331 1.522991 1 0.0
0.02483429 -0.08979772 -1.470629 -0.9636223 0.8502864 0.5311865 0.2849644 19.46207 1.242867 0 0.0
0.03098739 0.02986839 -10.04944 -0.3374026 1.18946 0.9247495 -0.0716887 19.99873 nan 0 0.0
0.06834425 0.01911681 -7.265546 -0.1068681 1.093279 1.270474 0.6319665 19.70323 nan 0 0.0
0.02177812 0.01405722 -8.097063 -6.153775 0.2739382 0.1740272 0.3453816 17.65372 1.201796 0 0.0
0.001504004 -0.03705547 -8.581844 -0.5547212 0.5388328 0.3544142 0.2892577 19.28523 1.074917 0 0.0
0.104842 -0.06322709 -5.11766 -1.120006 3.137537 3.147281 0.3880511 20.78047 0.8464832 0 0.0
0.009200714 -0.009805354 -10.54961 -0.3675209 0.6979404 0.4574301 0.2567414 17.43776 nan 0 0.0
-0.08405001 -0.03451745 -6.270042 -1.589998 1.128067 0.7946002 0.009547387 20.16556 0.9461346 0 0.0
0.1547903 0.07428992 -5.908012 -1.647841 0.3934909 0.2785657 0.2646785 18.85387 1.054392 1 0.0
0.02950498 -0.08457037 -3.724677 -2.806108 0.1764543 0.1210091 0.2576312 17.57364 1.232414 1 0.0
0.07420057 0.002181339 -8.339234 -2.361043 0.4869079 0.3231413 0.2838051 19.07291 1.292486 0 0.0
0.01411767 -0.05134267 -12.04989 -3.173834 2.08576 1.105453 0.6032769 20.03094 1.466444 0 0.0
0.04755411 0.02782915 -8.357164 -1.401596 0.2676925 0.2642653 0.179001 18.24097 0.994194 0 0.0
0.001158235 0.02316336 -9.480178 -0.9067267 0.3198582 0.2333271 0.1486008 18.12057 1.062269 0 0.0
0.114619 0.0458514 -7.655825 -0.8041627 0.1236962 0.09891762 0.2431569 17.11861 1.330671 1 0.02512043
-0.05035304 -0.0412316 -6.619406 -1.202827 0.8655669 0.5432858 0.1289804 19.86754 0.9035225 0 0.0
0.03843744 0.01968539 -7.284056 -1.86005 2.830834 2.26476 0.02570504 20.26031 nan 0 0.0
-0.08298059 -0.05035934 -7.597007 -2.303084 0.3612551 0.3024459 0.1628372 18.98264 1.618534 1 0.001717576
0.03358661 0.0007427294 -7.224834 -3.98105 0.6883577 0.4849777 0.3605126 19.19035 1.273922 0 0.0
-0.02289201 -0.02707412 -11.3217 -1.356012 1.706709 0.7286395 -0.002077575 19.88377 nan 0 0.0
-0.1924029 -0.04292528 -8.186229 -3.360761 1.28335 0.9529355 0.09522523 20.24918 1.138983 0 0.0
-0.1897495 -0.06212666 -7.07476 -0.849387 0.7151417 0.5302176 0.2475438 19.3787 1.363527 0 0.0
0.08778967 0.02260344 -8.313123 -1.272782 0.7066007 0.5056145 0.3574673 19.62133 0.9561672 1 0.85384
-0.07847199 -0.1333035 -6.282585 -1.916931 1.228132 0.7760058 0.3662716 20.10486 nan 0 0.0
-0.03435873 0.05960226 -8.497367 -1.301565 1.018829 0.6330327 0.3923734 20.00462 0.5889874 0 0.0
0.04755846 0.02755448 -12.11599 -1.906094 3.156867 2.099037 -0.1070175 20.43547 nan 0 0.0
-0.01715099 0.03664477 -7.782763 -2.100717 1.212453 0.5913768 0.311332 19.77264 nan 0 0.0
0.138364 0.09709337 -4.984461 -0.01995822 0.31049 0.2431073 0.1679617 18.69911 1.212893 1 0.0
0.01695281 0.02242374 -9.463516 -1.843419 1.597202 0.6305832 -0.1654874 19.45396 nan 0 0.0
0.03569081 0.0004872904 -8.21905 -1.715447 1.034256 1.663567 0.32877 19.91004 nan 0 0.0
0.03471484 0.02562028 -8.566896 -1.012481 0.4015195 0.2527945 0.1444151 18.58617 nan 0 0.0
-0.02573008 -0.04436582 -8.555317 -0.8103048 0.2749264 0.2173132 0.1320367 18.49807 1.128807 0 0.0
0.02797562 0.02427287 -10.24013 -1.599093 0.9518307 0.6255852 0.2078164 19.67007 0.8169498 0 0.0
-0.1898514 -0.06189874 -2.796354 5.852157 2.167055 2.034945 0.5120993 20.59354 nan 0 0.0
0.02762927 -0.02675972 -7.779856 -1.293282 0.6596808 0.4801374 0.3680927 19.35174 1.042589 0 0.0
0.143882 0.06742868 -0.3290916 0.7838849 0.1594921 0.1039828 0.3254629 17.21443 1.190784 1 0.0
0.02993908 0.04522035 -9.240539 0.3281013 1.502717 1.418569 -0.4665731 20.17099 1.249567 0 0.0
-0.01679016 0.03636279 -7.878128 0.06088763 0.5625043 0.4089245 0.2662365 19.40473 1.044733 0 0.0
0.08332725 0.04457259 -7.232085 0.1048803 0.8334578 0.5955752 0.2635655 20.00311 0.9763927 0 0.0
-0.1182664 0.04311396 -8.031845 -1.767895 0.7198758 0.6134723 0.4481108 19.60249 nan 0 0.0
0.04010494 -0.1640339 -5.689329 1.588915 0.4681714 0.2931759 0.1799015 19.00502 1.513182 1 0.0
0.006422849 0.06837413 -9.495208 -1.672282 1.249889 1.158998 -0.1964926 20.20567 1.084227 0 0.0
-0.05248998 -0.04431943 -9.785732 -1.521146 1.110498 0.7619914 0.04371366 20.03374 1.114384 0 0.0
0.02220247 0.008800099 -8.446482 -1.094433 0.02914924 0.03847364 0.1535935 13.58807 1.621824 1 0.992888
-0.1448276 -0.1109047 -4.643758 -1.51455 1.147112 1.164306 0.1135567 20.36028 1.705454 0 0.0
-0.04706027 -0.08117874 -7.741241 -0.7388332 1.169511 0.7000397 -0.0200604 20.17852 1.008156 0 0.0
-0.04568714 -0.04189169 -8.322258 -1.080475 0.3149399 0.252825 0.1027959 18.70047 1.075174 0 0.0
0.08479304 0.08296547 -6.587495 -1.789216 0.845806 0.5708429 0.2393135 19.86174 1.385315 0 0.0
0.03582283 0.007170413 1.371677 3.513556 1.46088 1.443626 0.0999959 18.72685 1.089863 0 0.0
-0.04794959 -0.04491065 -2.99898 -3.053629 2.000069 1.441005 0.08111232 20.16746 1.134953 0 0.0
0.01086891 -0.03831725 -7.913934 0.5248781 0.7807212 0.5257305 0.3369676 19.70977 0.9797859 0 0.0
0.0662001 -0.115955 -5.68191 -3.027494 2.450931 2.109371 0.3369015 20.74215 1.401743 0 0.0
-0.03166533 -0.07570072 -5.872427 1.24529 0.0971369 0.07842638 0.2044127 15.87285 1.659527 0 0.0
0.02003747 -0.08938029 -8.924136 -1.25222 0.3700729 0.2721649 0.1615731 18.87548 1.099461 1 0.8820184
-0.04673695 0.01848506 -8.947215 -2.987738 0.8994339 0.738575 0.3888726 19.98541 nan 0 0.0
0.04156895 -0.02853879 -5.546492 -1.348082 1.337626 0.4388402 0.1162215 19.3737 nan 0 0.0
-0.05905226 -0.009692662 -5.958439 -1.735584 2.187907 2.500867 0.03119585 20.80493 0.8127098 0 0.0
-0.1038509 0.1064047 -8.193004 1.879447 0.696387 0.6121167 0.1073367 20.0248 1.419813 1 0.0007277112
0.02230904 0.01463647 -7.536135 -0.2440257 0.3640593 0.287689 0.2543393 18.70137 1.162418 0 0.0
0.03231769 0.05058773 -8.506833 -1.120796 0.2984523 0.2285271 0.1887382 18.32251 1.019594 0 0.0
0.07775276 -0.004851341 -8.597296 -1.297536 0.4329728 0.3134424 0.2860351 18.90331 1.056696 0 0.0
0.1069084 0.0469319 -5.116818 -1.799471 1.029736 0.7683465 0.4367873 20.0022 nan 0 0.0
-0.008204363 0.04402809 -8.396345 -0.9057366 0.04216278 0.03648252 0.1884128 14.87664 1.435056 1 0.9945505
0.01857988 -0.08352713 -8.076122 -0.7855005 0.388829 0.2891011 0.2006038 19.03344 1.07147 1 0.9378329
0.00514505 0.05409228 -5.724579 0.3473164 0.8117958 0.5002852 0.1176646 19.76276 1.118357 0 0.0
0.04783478 -0.038433 -6.302543 2.56245 2.784248 2.405227 0.5829899 20.73889 nan 0 0.0
0.05194307 -0.1040639 -3.713534 0.7070653 0.698535 0.4736626 0.2251308 19.67093 1.071344 1 0.0
0.04219519 0.0172211 -4.9134 0.01883066 2.285979 3.0943 0.4570627 20.72466 0.7540894 0 0.0
-0.004769814 -0.00874331 -8.266939 -1.231327 0.0878107 0.06322461 0.2657927 15.07097 1.425105 0 0.0
0.09182771 0.07897463 -4.520499 -2.289029 0.2428752 0.1791224 0.2688952 18.06911 1.261885 0 0.0
-0.1240887 -0.02566365 -10.50438 -1.268208 1.198906 1.164897 0.02684455 20.40549 0.2564888 0 0.0
-0.04593992 -0.1389383 -6.293267 -1.214332 1.213173 0.8863879 0.07024877 20.29596 1.319443 0 0.0
-0.03926254 0.04948424 -8.363558 -1.837362 0.2985973 0.2333668 0.1467832 18.62019 1.032095 1 0.4079819
-0.08282247 0.03987495 -5.282678 -1.18667 0.9974518 0.6544257 0.2149123 20.0294 1.866781 0 0.0
-0.0001778021 -0.0046839 -6.483085 -5.811972 1.492877 0.9831087 0.04042066 18.34891 nan 0 0.0
-0.04079202 0.03040765 -9.657236 -1.679274 0.6648063 0.4885169 0.3337366 19.69388 0.9416676 0 0.0
0.02616273 0.01967481 -10.17553 -2.070629 0.5658479 0.392366 0.2315953 19.1599 0.8712749 0 0.0
-0.1140356 -0.03571244 -6.314951 -1.137111 1.264136 1.207508 0.1768602 20.36668 1.835056 0 0.0
-0.06132165 -0.1331512 -8.168937 -2.346815 1.488836 0.9504452 0.04709532 20.26757 1.061638 0 0.0
-0.04840925 -0.06702181 -9.046851 -0.8222783 0.3196603 0.2602947 0.08222721 18.76645 1.09617 0 0.0
0.003866998 0.02912157 -8.2614 -2.473912 0.19127 0.1274429 0.2079394 17.43095 1.159655 0 0.0
-0.01001935 -0.03266342 -8.941265 -0.6247274 1.473758 0.7101187 -0.138925 19.45999 nan 0 0.0
-0.1272372 -0.0212966 -5.152071 -1.583344 1.494616 1.089106 -0.04944172 20.25273 2.177628 0 0.0
-0.06378675 0.0332464 -9.558864 -0.2331026 0.9344373 0.6840885 0.2670245 20.01341 0.9077377 0 0.0
0.1379746 -0.104752 -9.132435 0.5982532 0.2016858 0.1644804 0.1480008 16.49925 1.2433 0 0.0
0.005926037 0.0003887646 -8.433157 0.919974 0.9484277 1.131518 0.2345676 18.95101 nan 0 0.0
0.06858077 -0.06716532 -10.7267 -1.604135 0.04907544 0.04422104 0.2368399 15.31628 1.513244 1 0.0
-0.04499651 0.04542853 -6.964581 -0.5833889 1.148246 0.9873392 0.1112493 18.4256 1.059887 0 0.0
-0.1568201 0.06685043 -6.913277 -0.7869824 0.5283039 0.3892019 0.2971365 19.3476 1.294096 1 0.1240656
0.07010192 -0.01735041 -8.389114 -3.399157 0.4894198 0.3656725 0.3247168 19.13468 1.527901 1 0.0
0.02998594 0.04306879 -8.622283 0.5545344 3.304567 2.283253 -0.138834 20.73131 nan 0 0.0
-0.009683144 0.04569826 -8.340743 -0.7023241 0.03292241 0.02760429 0.1829958 14.14475 1.42007 1 0.9810308
0.1158827 -0.1043507 -9.718863 -0.6813291 1.140567 1.023333 0.3515359 20.25597 1.061037 0 0.0
0.03874622 -0.07816236 -5.289159 -0.6197727 0.3296328 0.2568074 0.1445838 18.7678 1.243532 1 0.0
-0.01134662 -0.1802545 -13.10033 0.1188599 0.9699574 0.6027242 0.1955891 19.27271 1.909054 0 0.0
0.1746765 0.08344911 -6.472432 -1.135678 0.2945548 0.2117135 0.2627216 18.39458 1.477552 1 0.0
0.1272858 0.05207647 -4.815181 -2.120146 0.3134503 0.2506502 0.2509979 18.42287 1.316851 1 0.0
0.00444763 0.02867132 -8.241448 -1.229475 0.593056 0.3002016 0.2831434 18.75383 1.058563 0 0.0
-0.02174724 0.04922878 -8.354515 -0.756174 0.3943028 0.2750243 0.2213849 18.78498 0.9343109 0 0.0
-0.1277405 0.01661904 -8.188629 -0.6593206 0.1979127 0.1530884 0.2086729 17.7573 1.288034 1 0.8542486
-0.1263983 -0.02206945 -8.796943 -4.404063 1.314528 1.037078 0.1506021 20.32019 1.638222 1 0.05469741
-0.1037252 0.02059646 -5.751081 1.392461 4.00167 2.491632 -0.459774 20.83569 1.441126 0 0.0
0.09004397 -0.0561962 -9.981979 1.002458 0.5612772 0.4413782 0.3255386 19.39685 1.40229 0 0.0
-0.0322297 0.08252454 -7.149426 1.307663 0.7267865 0.5941747 0.2472311 19.93013 1.598055 0 0.0
-0.08163607 0.03395176 -7.70525 -0.9489965 0.3672341 0.2822735 0.1661858 18.90372 1.035309 1 0.8600984
-0.09578879 -0.0713524 -14.5564 -1.931873 2.171808 1.919117 0.1038007 20.56472 1.092928 0 0.0
-0.02723842 -0.1367903 -6.424017 2.405771 1.273875 0.8971124 0.08244114 20.22889 1.030602 0 0.0
0.03783901 0.07351962 4.378812 0.5735065 1.047834 0.7411115 -0.1475398 20.12344 1.386936 0 0.0
0.0677673 0.1072006 -6.671157 -5.523403 0.9242515 0.599985 0.29986 19.64266 1.548018 0 0.0
0.05703477 -0.07145458 -1.71786 -0.9636782 1.731136 1.360837 0.2325947 20.04223 1.082129 0 0.0
-0.08741138 0.01151949 -10.21141 -1.090142 0.1047312 0.08860254 0.1953578 17.00691 1.573349 1 0.0
0.05033616 -0.01611551 2.084592 4.246565 0.9446975 0.6977778 0.152279 19.95509 1.311737 0 0.0
0.1670632 0.1011541 -11.11413 -0.6374742 0.4436297 0.3268546 0.192687 18.70417 2.020205 0 0.0
0.01540744 -0.002011956 -7.684809 5.903808 0.6676551 1.46282 0.08566993 18.76472 nan 0 0.0
0.008645816 0.01251851 -8.277367 -0.833961 0.1339019 0.1036209 0.2737648 16.26688 0.5858879 0 0.0
-0.1451126 0.07444661 -7.484442 2.224564 1.671917 1.883652 -0.4024475 20.54571 1.200325 0 0.0
0.07708255 0.03373341 -9.941228 -3.487102 3.944036 2.870407 0.3662146 20.8317 0.7286129 0 0.0
0.09627805 -0.1097921 -6.346224 -0.5233108 0.5910707 0.4019964 0.2699456 19.43315 1.325951 1 0.03230826
0.1015069 0.03518786 -7.64935 1.698153 0.3473441 0.2831923 0.23739 18.75875 1.207533 1 0.0
-0.1031924 0.01917251 -3.058621 -1.120597 4.028335 2.637713 -0.358941 20.77934 0.8251457 0 0.0
0.02932417 0.02914611 -8.718031 -1.044534 0.4094049 0.3068881 0.1517578 18.86958 0.9677029 0 0.0
-0.1076377 -0.1427262 -7.138329 -3.111209 1.269436 0.7474848 0.1797018 20.00957 1.399675 1 0.01870109
-0.03645823 0.08356248 -9.026156 -1.349122 1.002624 0.53565 0.2656403 19.83963 nan 0 0.0
-0.0478258 -0.06724164 -8.633078 -0.9067615 0.6200056 0.4134841 0.1988711 19.53049 1.019869 0 0.0
0.09529662 -0.08546455 -8.589583 -2.799661 0.4610188 0.3197681 0.2230586 19.1333 1.28775 1 3.323938e-05
-0.1130089 0.06132563 -1.652251 1.380476 0.4804515 0.3538208 0.2647319 19.1478 1.803757 1 0.0
-0.04692525 -0.1065767 7.872132 4.797407 1.291333 0.9970966 0.1903765 18.50572 1.570757 0 0.0
0.1202557 -0.09915058 -11.36671 -2.696143 1.241331 1.191322 0.1140162 20.23395 1.873981 1 0.1038833
0.09267736 -0.08037851 -8.802816 -5.147641 0.500275 0.421204 0.475222 19.08795 1.706656 1 0.0
-0.1675793 -0.07713258 -2.66631 0.7936245 1.467709 0.9750937 -0.04644112 20.47786 1.50598 0 0.0
-0.08402388 -0.1460065 -9.110849 -1.358846 1.65441 0.904721 0.114035 20.31282 1.421076 1 0.359747
-0.1651931 -0.04617426 -7.741927 -0.9518549 0.2051021 0.1274207 0.2949436 17.5455 1.341391 1 0.465394
-0.02427927 0.05027871 -9.83135 -4.838796 0.8978094 0.6253367 0.2362884 18.97144 0.9833012 0 0.0
0.02797521 -0.1836891 -6.74155 -1.386059 2.888707 1.459842 0.06205844 20.43682 nan 0 0.0
-0.1258677 -0.05134828 -6.527791 -0.4746541 0.7238716 0.5018786 0.2239561 19.61272 1.098858 0 0.0
