data/gcs/NGC_6304.ecsv
# %ECSV 0.9
# ---
# datatype:
# - {name: x, unit: deg, datatype: float64}
# - {name: y, unit: deg, datatype: float64}
# - {name: pmx, unit: mas / yr, datatype: float64}
# - {name: pmy, unit: mas / yr, datatype: float64}
# - {name: pmx_e, unit: mas / yr, datatype: float64}
# - {name: pmy_e, unit: mas / yr, datatype: float64}
# - {name: pm_corr, datatype: float64}
# - {name: g_mag, unit: mag, datatype: float64}
# - {name: bp_rp, unit: mag, datatype: float64}
# - {name: filter, datatype: int64}
# - {name: memberprob, datatype: float64}
# meta: !!omap
# - comments: [deg deg mas/yr mas/yr mas/yr mas/yr dimless mag   mag   zeroone float]
# - __serialized_columns__:
#     bp_rp:
#       __class__: astropy.units.quantity.Quantity
#       unit: &id001 !astropy.units.Unit {unit: mag}
#       value: !astropy.table.SerializedColumn {name: bp_rp}
#     g_mag:
#       __class__: astropy.units.quantity.Quantity
#       unit: *id001
#       value: !astropy.table.SerializedColumn {name: g_mag}
#     pmx:
#       __class__: astropy.units.quantity.Quantity
#       unit: !astropy.units.Unit {unit: mas / yr}
#       value: !astropy.table.SerializedColumn {name: pmx}
#     pmx_e:
#       __class__: astropy.units.quantity.Quantity
#       unit: !astropy.units.Unit {unit: mas / yr}
#       value: !astropy.table.SerializedColumn {name: pmx_e}
#     pmy:
#       __class__: astropy.units.quantity.Quantity
#       unit: !astropy.units.Unit {unit: mas / yr}
#       value: !astropy.table.SerializedColumn {name: pmy}
#     pmy_e:
#       __class__: astropy.units.quantity.Quantity
#       unit: !astropy.units.Unit {unit: mas / yr}
#       value: !astropy.table.SerializedColumn {name: pmy_e}
#     x:
#       __class__: astropy.units.quantity.Quantity
#       unit: &id002 !astropy.units.Unit {unit: deg}
#       value: !astropy.table.SerializedColumn {name: x}
#     y:
#       __class__: astropy.units.quantity.Quantity
#       unit: *id002
#       value: !astropy.table.SerializedColumn {name: y}
# schema: astropy-2.0
x y pmx pmy pmx_e pmy_e pm_corr g_mag bp_rp filter memberprob
[from data line 6388]
0.04043324 0.04078642 -2.169055 -2.167555 1.899617 1.167357 0.7715373 19.30525 1.742535 0 0.0
0.04456317 0.06304153 -3.663512 -8.779328 1.213017 0.7159865 0.2176506 18.81319 1.417738 0 0.0
0.06535504 0.0222874 -0.5153955 -4.388264 0.263982 0.1682688 0.2556247 16.93701 1.826838 0 0.0
0.06174219 0.02493325 1.164056 -2.452396 0.7628417 0.486799 0.3497994 18.80151 1.552618 0 0.0
0.05507698 0.03558773 -0.9471325 -2.242133 0.605384 0.3851929 0.4238831 18.46575 nan 0 0.0
0.04121263 0.0618089 -4.407526 -7.529836 0.201289 0.1269734 0.2283186 16.26644 1.997618 0 0.0
0.059248 0.03197476 -7.380572 -5.463672 0.4811684 0.3116564 0.2844922 18.56627 1.736166 0 0.0
0.06727287 0.02876541 -5.699499 -7.296777 1.56426 1.01338 0.5549414 19.5739 1.112944 0 0.0
0.01406394 0.03957661 -4.151182 -6.520478 0.3545193 0.2436695 0.5556132 17.68318 1.824713 0 0.0
0.06035222 0.05633477 -2.420925 -14.08938 1.574223 0.9437607 0.7312238 19.4414 1.107916 0 0.0
0.06302874 0.04238279 -4.699356 -2.07487 0.6760327 0.4024421 0.3398792 18.83064 1.584949 0 0.0
0.01454235 0.0391741 -4.635418 -4.917028 0.335641 0.2370487 0.4700442 17.44637 1.645446 0 0.0
0.06886375 0.02309571 -2.101381 -2.507005 1.129637 0.7088461 0.6328113 19.20763 nan 0 0.0
0.05943807 0.03882966 -5.350036 -4.515702 0.4480849 0.2798481 0.2888459 18.50968 2.068861 0 0.0
0.0180527 0.04828493 2.443426 -1.537017 0.3251487 0.2242395 0.5433151 17.62049 1.528837 0 0.0
0.01167148 0.03849354 -3.473884 -2.817885 0.4196834 0.2413488 0.1419233 18.14179 1.790167 0 0.0
0.08110491 0.009456742 -8.901841 -6.149601 0.7323973 0.5103857 0.1690247 18.82584 nan 0 0.0
0.01464945 0.04454326 -5.824696 -0.4335748 0.7636863 0.5008493 0.2228378 18.68217 nan 0 0.0
0.03257422 0.06949102 -5.525157 -5.568226 1.459645 0.9041484 0.7095214 19.40676 nan 0 0.0
0.03775287 0.05260347 1.977507 0.8911545 0.5794765 0.3806078 0.3593735 18.81708 1.626591 0 0.0
0.01278862 0.04425551 -8.863575 -1.600897 0.3077325 0.2006831 0.3908827 17.68769 1.575377 0 0.0
0.02349925 0.03479887 -4.928461 -5.814517 1.420694 0.9226782 0.726941 19.46384 1.06407 0 0.0
0.06667983 0.01610673 -5.041347 -8.905722 0.375771 0.2323344 0.2929487 18.06639 1.641878 0 0.0
0.0601302 0.04056113 -9.641891 -11.05821 1.71704 1.057682 0.2796225 18.96119 1.474277 0 0.0
0.02313071 0.05053457 -4.037766 -3.090132 0.2055211 0.1291292 0.20467 16.64848 2.012632 0 0.0
0.01672289 0.04447619 1.370804 -6.427329 1.540369 0.9410277 0.3266276 18.68744 1.658535 0 0.0
0.06114515 0.04860763 -5.014233 -1.354556 0.7104774 0.3814783 0.436446 18.52525 1.444492 0 0.0
0.02977087 0.03032067 -4.002673 -1.313326 0.1523496 0.09061867 0.3024354 16.42475 1.77634 1 0.9709021
0.043048 0.06380513 -3.148825 -4.666841 0.4990098 0.3109023 0.3475967 18.65056 nan 0 0.0
0.07661654 0.01285341 -6.544882 -12.34055 1.620486 1.003494 0.6083936 19.55968 1.361738 0 0.0
0.06079797 0.04593945 -6.404482 -0.6366675 0.8093883 0.4992104 0.3799691 18.48334 1.50279 0 0.0
0.04107744 0.0562395 -1.742122 -6.781371 1.65579 1.00907 0.5575007 19.59684 1.368401 0 0.0
0.05210138 0.03832443 -3.637785 -7.730255 0.2636324 0.1766594 0.5508945 17.27526 1.503738 1 0.0
0.05104176 0.04554238 20.26882 10.23587 2.56047 1.404391 0.4555285 19.77283 1.605497 0 0.0
0.02363603 0.05143854 10.57304 -2.218185 3.056474 1.665183 0.6357944 19.98067 nan 0 0.0
0.05547551 0.03526898 -5.969168 -4.236826 0.3474168 0.2297096 0.4068571 17.95912 1.655533 0 0.0
0.04296905 0.0657373 -2.700332 -3.703198 0.1008388 0.06024818 0.1441967 14.15827 2.634933 1 0.0
0.05441925 0.04825097 -7.133348 -3.885469 0.8205684 0.5791424 0.5142824 17.43204 1.841665 0 0.0
0.06927728 0.04491359 -24.66356 -11.6829 2.012051 1.28663 0.4783523 19.50558 1.048807 0 0.0
0.04697372 0.04374953 -1.059089 -4.942091 1.20764 0.6484803 0.5509824 19.07951 1.7946 0 0.0
0.06571457 0.04396991 -5.27376 -5.558215 0.6552537 0.3539491 0.4254916 18.53874 1.537806 0 0.0
0.07635884 0.02353857 -1.300631 -2.694285 1.493862 1.044767 0.3392074 19.59521 1.357038 0 0.0
0.01007733 0.04576452 -4.013726 -7.748699 2.122927 1.265159 0.7345532 19.60581 nan 0 0.0
0.05125973 0.05607655 -1.074453 -3.262734 0.1515377 0.09075652 0.1344235 16.33811 1.926562 1 0.0
0.05019439 0.05220135 -3.943654 -8.084522 0.1171111 0.07208693 0.2160531 16.08855 1.983937 1 0.0
0.03996493 0.0666388 -2.16831 -5.926 0.1124911 0.06934749 0.2127239 15.8118 1.974015 1 0.0
0.03108218 0.05953322 -4.535739 -5.975065 1.275545 0.7976105 0.6960136 19.07568 1.609005 0 0.0
0.04771653 0.04053339 -4.101935 -0.6945843 0.6727633 0.4043712 0.3354933 18.96536 1.352324 0 0.0
0.01661542 0.03752011 1.499834 -5.309571 0.3241694 0.2218202 0.5570786 17.50534 1.746176 0 0.0
0.04387067 0.0602037 -5.052612 -6.026492 0.3568498 0.2331073 0.4930291 17.88752 1.666119 0 0.0
0.05706895 0.03281143 -5.475925 -3.176076 0.1399366 0.08568604 0.2701957 16.40445 1.952068 1 0.0
0.047715 0.03728327 -2.320664 -4.409444 0.7205248 0.4197726 0.6732002 18.50054 1.632788 1 0.0
0.03503636 0.03853776 -6.515072 -7.100246 2.160388 1.038399 0.4309509 19.8231 1.706535 0 0.0
0.02828466 0.0382633 -4.616949 -5.390733 0.4838219 0.3217474 0.6177408 17.32821 1.686968 0 0.0
0.06428033 0.04589344 -3.31985 -6.817751 0.6529557 0.3863015 0.2717731 18.68172 1.303696 0 0.0
0.05773605 0.03739632 -4.901202 -3.812997 0.6242606 0.3892717 0.3215917 18.42892 1.118114 0 0.0
0.07108895 0.01269912 -5.064207 -6.566849 2.024814 1.183982 0.2215512 19.81282 1.95891 0 0.0
0.04962899 0.03762186 -2.240981 -3.518819 1.137022 0.6799145 0.5909149 19.11713 nan 0 0.0
0.07642551 0.006194994 -7.449984 0.3615236 0.141201 0.09122138 0.2208506 15.88162 1.901996 0 0.0
0.07956305 0.008696931 -1.231624 -1.693257 1.241094 0.7864054 0.6461388 19.52704 1.437973 0 0.0
0.06580977 0.02678845 -2.942174 -0.839621 0.5686719 0.366653 0.2655934 16.90156 1.778529 0 0.0
0.04963893 0.05798661 -4.918968 -3.583561 0.5254989 0.3178809 0.2913543 18.6305 1.502083 0 0.0
0.0764331 0.01628105 -10.42958 -5.103593 2.934982 1.766787 0.3215348 20.13867 nan 0 0.0
0.04262083 0.05959388 -4.506803 -4.690402 1.324485 0.8322815 0.6862137 19.09224 nan 0 0.0
0.02233218 0.0459533 0.09118998 -3.1957 0.6210492 0.3896743 0.334678 18.50342 1.346947 0 0.0
0.03398322 0.06877911 -3.99788 -3.032569 1.387385 0.9255913 0.8027536 19.2532 nan 0 0.0
0.0657929 0.04178213 -9.458187 -8.662165 1.248009 0.7896477 0.02119493 19.05357 nan 0 0.0
0.0551938 0.05492436 -4.40232 -7.126696 0.3823703 0.2152326 0.2376592 18.09704 1.691111 0 0.0
0.01050239 0.04318956 -5.526167 -3.988824 1.632029 1.020469 0.7260537 19.5204 1.79706 0 0.0
0.03424801 0.06551365 -0.181751 -2.82956 1.936324 1.276226 0.6068506 19.5975 1.409899 0 0.0
0.04006437 0.04909879 -9.273666 -5.407754 1.072302 0.6159579 0.3556222 19.02654 nan 0 0.0
0.008827821 0.04456683 -3.897148 -5.995171 2.194836 1.649555 0.6247144 19.80019 1.176401 0 0.0
0.02756938 0.04715746 -0.05472142 -4.63453 0.2781366 0.1903328 0.5513808 17.4323 1.517342 0 0.0
0.01653594 0.03910894 -2.852193 -5.869642 0.1728036 0.1073479 0.2193454 16.87708 2.011769 1 0.0
0.06709686 0.0439671 0.6636481 -4.731985 0.7602949 0.4472349 0.5446204 18.80019 1.082521 0 0.0
0.06839621 0.03921693 -3.93635 -3.253883 0.4833998 0.2863667 0.2184929 18.27033 1.685354 0 0.0
0.07309243 0.02714014 -13.49576 -1.940176 2.234139 1.484751 0.5367119 19.59574 1.508261 0 0.0
0.06701116 0.03494349 -1.350143 -2.969853 0.7581045 0.5060997 0.2710468 18.91842 1.541348 0 0.0
0.04293532 0.04881533 -4.067843 -6.033078 0.1734702 0.1106091 0.2745711 16.73586 1.932656 1 0.0
0.03182594 0.05738532 4.141203 0.9424648 1.315612 0.8249788 0.7044778 19.30682 1.216572 0 0.0
0.01435634 0.03961281 -2.254729 0.05916105 1.377428 1.048811 0.2215757 19.28732 nan 0 0.0
0.02586562 0.03766885 -5.228549 -2.209782 0.7168868 0.4525241 0.3576308 18.65271 1.306572 0 0.0
0.03657856 0.03991813 -7.61756 -3.430992 1.99848 1.370496 0.4221335 19.84199 nan 0 0.0
0.02597001 0.03011 -4.204614 -9.085711 1.628188 0.9810222 0.2893215 18.63511 1.616949 0 0.0
0.0672773 0.03544495 -7.711701 -1.291302 1.052907 0.6441781 0.5164543 18.94721 nan 0 0.0
0.07823148 0.004929044 -1.378951 -4.848035 0.3645898 0.236781 0.3322865 18.1252 1.872778 0 0.0
0.07219787 0.03995435 -4.753622 -5.421053 1.930108 1.177559 0.5226033 19.60457 1.745531 0 0.0
0.01238898 0.0369218 -6.95438 -7.551951 0.8203048 0.5116526 0.4324982 19.02682 1.864109 0 0.0
0.0326179 0.03988896 -6.084216 -9.866482 0.6368811 0.4006845 0.3139502 18.80242 1.73901 0 0.0
0.06760076 0.04220628 -2.489978 -3.97592 0.6518826 0.4037803 0.1085865 18.77797 1.40589 0 0.0
0.07046815 0.03718038 -1.944434 -2.856014 1.001481 0.6266991 0.1969465 19.00981 1.563915 0 0.0
0.02304755 0.03551995 -12.164 -1.976283 2.015266 1.216216 0.618846 19.52538 1.479221 0 0.0
0.06805507 0.04581278 -6.160663 -4.350375 0.4400193 0.2824285 0.2180622 18.46264 1.7605 0 0.0
0.05162136 0.03526529 -1.272853 -3.806698 0.1033224 0.06423173 0.1669528 15.73146 1.122223 1 0.0
0.03536368 0.06254543 -5.094523 -3.380866 2.294095 1.274945 0.527036 20.00252 0.810133 0 0.0
0.06812887 0.03693211 0.4237399 -3.371952 0.5851586 0.3453581 -0.101762 18.59931 nan 0 0.0
0.01350676 0.04732624 -4.20128 -3.61233 0.9922771 0.591666 0.6374359 19.15248 1.407173 0 0.0
0.02456134 0.03016376 -3.913435 -2.62036 0.3197743 0.2024599 0.2224331 16.54542 1.441457 0 0.0
0.0441563 0.04449085 -1.942025 -5.404536 0.7836116 0.4402243 0.2968491 18.8174 1.589659 0 0.0
0.05029416 0.03893188 -5.487984 -8.564748 0.137874 0.08323332 0.3804935 15.76966 2.117646 1 0.0
0.03838941 0.04865312 -3.472253 0.1423375 1.105157 0.7172027 0.6939617 19.14689 nan 0 0.0
0.01095399 0.04040669 -6.598857 -3.26853 1.62685 1.019991 0.7320368 19.59036 1.579632 0 0.0
0.02682744 0.05624426 -1.271902 -6.029044 0.9160264 0.5808736 0.2918365 18.827 1.523317 0 0.0
0.07644395 0.03068725 -2.553318 -3.270379 0.2074034 0.1305798 -0.06051762 16.78097 nan 0 0.0
0.02698823 0.06105837 3.136381 -3.249501 0.8350432 0.5480443 0.3700087 18.94927 nan 0 0.0
0.06699906 0.01660434 -4.606737 -2.851442 0.5169662 0.3196341 0.2900581 18.74916 1.801067 0 0.0
0.01252339 0.04914789 2.215234 0.1207848 0.8894832 0.5555412 0.3810623 18.14602 1.654816 0 0.0
0.06649739 0.02159048 -2.246193 -4.572153 0.7062709 0.4373261 0.3657852 19.00382 nan 0 0.0
0.06883754 0.02364123 -3.772042 -5.10155 1.164515 0.7599911 0.6436394 19.27962 1.4128 0 0.0
0.06913449 0.03039113 -4.56792 -4.546686 0.7238591 0.4653279 0.3418655 18.85108 1.597239 0 0.0
0.0454626 0.05286734 -15.67631 -13.0234 2.206101 1.364365 0.6436868 19.37324 nan 0 0.0
0.03955812 0.04614641 -0.7655567 -0.1787699 0.4888702 0.3207173 0.3888452 17.89649 1.418028 0 0.0
0.06968618 0.02097036 -1.383106 1.704533 1.777927 1.037685 0.3806532 19.61071 nan 0 0.0
0.0286857 0.04651247 5.373862 -1.764599 1.318995 0.8268291 0.2907033 18.65496 1.461485 0 0.0
0.02865984 0.04905115 -0.1559594 -2.0971 0.6268203 0.3979126 0.4198055 18.88407 1.347054 0 0.0
0.02073865 0.05310238 2.122725 -6.656061 1.457981 1.163587 0.3883476 19.27 nan 0 0.0
0.06838195 0.01803774 -2.501142 -4.924122 0.9034705 0.57279 0.3567746 18.88932 1.450182 0 0.0
0.05927687 0.03589816 -4.212321 -1.898152 1.181249 0.707015 0.2987579 18.89255 1.470665 0 0.0
0.04931504 0.04798273 1.295883 -4.42388 2.004437 1.127627 0.7095119 19.49525 1.104242 0 0.0
0.04561704 0.04158531 -1.504912 -4.77297 1.60447 0.8989712 0.6135375 19.4549 1.315296 0 0.0
0.0288664 0.02757435 -4.795864 -3.124894 1.406729 0.8313669 0.4787512 19.15492 1.127508 0 0.0
0.05383884 0.05661881 1.722421 -1.197354 2.408465 1.567225 0.4344015 20.03348 nan 0 0.0
0.03203576 0.04828339 -0.2198267 -1.953279 2.002771 1.275843 0.5798178 19.58881 nan 0 0.0
0.02799903 0.06283955 2.337101 -2.481723 1.308347 0.8164868 0.7082636 19.2157 1.700827 0 0.0
0.07069309 0.01666668 1.959368 -5.997459 0.9033925 0.5656543 0.6240101 19.09641 nan 0 0.0
0.07091563 0.030882 -1.998476 -3.871568 0.5127991 0.3284821 0.2954309 18.60707 1.402433 0 0.0
0.03227357 0.0437381 0.248205 -6.027989 0.8222983 0.5310321 0.7271009 17.61156 1.609165 0 0.0
0.05380737 0.0473968 -4.237069 -2.284216 1.959482 1.174088 0.7233983 19.77503 nan 0 0.0
0.04405601 0.05844123 -4.027177 -3.078552 0.1278046 0.0783813 0.287081 16.12877 1.999724 1 0.0
0.04965579 0.03808534 -4.979353 -5.997454 0.1399381 0.08616621 0.4738554 15.55672 2.124663 1 0.0
0.03636776 0.04507568 -0.4943964 -3.326409 2.484368 1.518151 0.5244539 19.78248 3.328281 0 0.0
0.03693038 0.05714326 27.48737 12.68402 2.185308 1.407284 0.5895719 19.66273 1.338591 0 0.0
0.0465257 0.05221455 -13.3772 -14.36885 1.811055 1.200215 0.5148976 19.32901 0.818119 0 0.0
0.02655769 0.04134413 -11.31796 -7.424113 1.124206 0.7278393 0.3033711 18.06677 1.52034 0 0.0
0.05569204 0.04235848 3.707567 -2.047434 0.9220784 0.5000101 0.5140846 18.61101 1.648161 0 0.0
0.05163273 0.05764039 -6.115133 -2.635785 2.199335 1.368907 0.5466331 19.47651 1.596859 0 0.0
0.07118192 0.03159516 4.513248 -0.8546862 1.176563 0.7254573 0.5785671 19.17325 nan 0 0.0
0.04394477 0.04710973 -2.625309 -5.848168 0.5391838 0.3345875 0.3376716 18.68583 1.366346 0 0.0
0.06534438 0.04702572 3.486559 -9.421107 0.3446598 0.218753 0.1830549 17.9522 1.642351 0 0.0
0.01121965 0.03892656 3.343029 -5.086696 1.110584 0.6976196 0.7071302 19.21042 1.531023 0 0.0
0.07304435 0.03420881 -4.084633 -5.713068 0.3772696 0.2518562 0.1554168 17.89896 1.880457 0 0.0
0.04221745 0.04858293 -5.65509 -3.261084 0.1089227 0.06980192 0.263122 15.73426 1.859196 1 0.0
0.05940445 0.02680957 1.00261 -1.096128 0.1751876 0.1084595 0.2383556 16.66474 1.839442 0 0.0
0.05612532 0.05678733 -4.083305 -1.323835 1.322258 0.7955386 0.7764429 19.24411 nan 0 0.0
0.0638168 0.02741534 -1.568306 -0.3385192 1.821034 1.380105 0.2040266 19.68127 1.364395 0 0.0
0.07080562 0.02559681 -5.541949 -6.312146 1.234734 0.8126174 0.6140799 19.36719 1.78019 0 0.0
0.03655992 0.06199188 -5.511614 -4.481363 1.762233 1.069193 0.7634491 19.42807 1.530464 0 0.0
0.05581729 0.02841378 -1.296112 -2.406243 0.5150722 0.3355964 0.2718332 18.60167 1.764479 0 0.0
0.03006377 0.03211731 -2.033883 -0.80633 0.5850086 0.3509745 0.4528243 18.69982 1.39436 0 0.0
0.06081267 0.02610111 -5.343184 -5.200576 0.17039 0.1054806 0.2132948 16.56603 1.73715 0 0.0
0.07137333 0.0392187 -2.063735 -6.866332 1.449059 0.9104009 0.6102036 19.47919 1.437405 0 0.0
0.07689634 0.0314117 -1.012819 -3.959619 0.2070177 0.1294601 0.2445633 17.00818 nan 0 0.0
0.01385177 0.04311287 -5.132738 -5.358426 0.7438375 0.4671434 0.3170838 18.20919 1.681404 0 0.0
0.07183285 0.0124411 -2.07824 -5.614696 0.5209737 0.3249291 0.3200362 18.78254 1.483171 0 0.0
0.02610361 0.03284892 -0.9997412 -0.8921933 0.4177563 0.2650812 0.3689399 18.23264 1.453152 0 0.0
0.02328941 0.04699641 -5.367673 -3.683223 2.155615 1.210114 0.555524 19.64924 nan 0 0.0
0.07607135 0.03002759 -4.073475 -5.707772 0.1896074 0.115067 0.185529 16.9492 1.859055 1 0.0
0.05563944 0.04338847 0.7400238 -11.31325 1.497027 1.007473 0.2837541 19.35005 nan 0 0.0
0.01401211 0.04923734 0.750359 -5.808922 2.028285 1.21669 0.7061896 19.86265 2.079954 0 0.0
0.03087018 0.06181448 0.9689553 -4.562823 0.5073211 0.2969421 0.2929934 18.56401 1.60742 0 0.0
0.02703501 0.03701623 -4.548807 -3.763189 0.1149263 0.07211315 0.2804299 15.89733 1.913625 1 0.0
0.07298181 0.02116068 -7.330852 -7.931634 1.797822 1.089577 0.6610529 19.67939 1.284346 0 0.0
0.07186899 0.02595083 -1.981494 -5.104698 1.326281 0.8627951 0.6021693 19.47157 1.635328 0 0.0
0.05051777 0.06099216 -2.690408 -6.0066 1.308098 0.7727338 0.7792552 19.07951 1.442574 0 0.0
0.05213277 0.04770476 -0.2771463 -5.679845 0.1493589 0.09155543 0.2327807 16.57038 1.562332 1 0.0
0.07229925 0.03300009 1.402969 -6.20192 0.456847 0.2694124 0.1369483 18.35695 1.686863 0 0.0
0.0125493 0.04363946 -3.850321 -1.329825 0.9322176 0.609247 0.6439499 19.0782 nan 0 0.0
0.04137184 0.06103063 -3.192984 -5.929373 1.220034 0.7938856 0.7482875 19.10696 1.912733 0 0.0
0.02381781 0.03305548 -2.038417 -3.906904 0.2787282 0.1852801 0.5802502 17.2892 1.39197 0 0.0
0.01956595 0.0377332 3.716067 -9.56773 1.250116 0.7925569 0.3040569 18.27344 1.466173 0 0.0
