data/gcs/NGC_6934.ecsv
# %ECSV 0.9
# ---
# datatype:
# - {name: x, unit: deg, datatype: float64}
# - {name: y, unit: deg, datatype: float64}
# - {name: pmx, unit: mas / yr, datatype: float64}
# - {name: pmy, unit: mas / yr, datatype: float64}
# - {name: pmx_e, unit: mas / yr, datatype: float64}
# - {name: pmy_e, unit: mas / yr, datatype: float64}
# - {name: pm_corr, datatype: float64}
# - {name: g_mag, unit: mag, datatype: float64}
# - {name: bp_rp, unit: mag, datatype: float64}
# - {name: filter, datatype: int64}
# - {name: memberprob, datatype: float64}
# meta: !!omap
# - comments: [deg deg mas/yr mas/yr mas/yr mas/yr dimless mag   mag   zeroone float]
# - __serialized_columns__:
#     bp_rp:
#       __class__: astropy.units.quantity.Quantity
#       unit: &id001 !astropy.units.Unit {unit: mag}
#       value: !astropy.table.SerializedColumn {name: bp_rp}
#     g_mag:
#       __class__: astropy.units.quantity.Quantity
#       unit: *id001
#       value: !astropy.table.SerializedColumn {name: g_mag}
#     pmx:
#       __class__: astropy.units.quantity.Quantity
#       unit: !astropy.units.Unit {unit: mas / yr}
#       value: !astropy.table.SerializedColumn {name: pmx}
#     pmx_e:
#       __class__: astropy.units.quantity.Quantity
#       unit: !astropy.units.Unit {unit: mas / yr}
#       value: !astropy.table.SerializedColumn {name: pmx_e}
#     pmy:
#       __class__: astropy.units.quantity.Quantity
#       unit: !astropy.units.Unit {unit: mas / yr}
#       value: !astropy.table.SerializedColumn {name: pmy}
#     pmy_e:
#       __class__: astropy.units.quantity.Quantity
#       unit: !astropy.units.Unit {unit: mas / yr}
#       value: !astropy.table.SerializedColumn {name: pmy_e}
#     x:
#       __class__: astropy.units.quantity.Quantity
#       unit: &id002 !astropy.units.Unit {unit: deg}
#       value: !astropy.table.SerializedColumn {name: x}
#     y:
#       __class__: astropy.units.quantity.Quantity
#       unit: *id002
#       value: !astropy.table.SerializedColumn {name: y}
# schema: astropy-2.0
x y pmx pmy pmx_e pmy_e pm_corr g_mag bp_rp filter memberprob
[from data line 3324]
-0.0235463 0.02416861 -6.233287 -7.48006 1.547757 1.249544 0.4056801 20.66429 nan 0 0.0
-0.0445211 -0.01177805 0.08277971 -1.583828 0.3534131 0.2552561 0.299834 18.56312 1.145231 1 0.0
-0.01879669 -0.009570231 -2.356038 -4.718163 1.290362 0.9809491 -0.02176499 20.20802 nan 0 0.0
-0.01011071 0.003098094 -3.791649 -5.567698 1.016727 0.8666451 0.4201725 19.7991 0.8263969 0 0.0
0.0350133 -0.02272184 -2.131601 -6.30368 3.111984 3.001164 0.7021408 20.7467 1.137648 0 0.0
0.01131416 0.05165301 -1.912728 -4.630777 1.366595 1.372041 0.4045363 20.26355 0.7222881 0 0.0
-0.02303484 -0.03305569 -2.078985 -3.351467 1.304118 0.7827335 0.1080417 20.01835 0.5941315 0 0.0
-0.0109582 -0.002032654 6.101154 -4.498949 2.209529 1.696677 0.2175856 20.24531 nan 0 0.0
-0.01595028 0.03515603 -5.003844 -4.054439 1.491558 1.122418 0.3892368 20.53926 0.6579533 0 0.0
-0.009354364 -0.007649356 -1.63547 -5.177547 0.2982176 0.1807342 0.1121122 17.84604 nan 0 0.0
0.06633207 0.01142568 -1.085032 -2.351632 1.165126 1.111011 0.220077 19.89667 1.217209 1 0.5399669
0.008077722 -0.02082344 1.061637 -4.365326 1.912537 1.461618 0.2555082 20.78988 nan 0 0.0
-0.0004871288 -0.01273635 -5.838221 -8.254287 1.52778 1.23994 0.6089219 19.97694 nan 0 0.0
0.0760152 0.01603969 -4.692559 -3.877915 2.090835 1.339006 0.1774109 20.64887 0.3819656 0 0.0
0.02251565 -0.05527251 -3.45356 -4.473569 0.9890963 0.7817438 0.3468856 19.8287 0.6734467 0 0.0
0.01842756 -0.005768901 -4.815595 -6.944581 1.17123 0.9936084 0.404301 20.07878 0.6042957 0 0.0
0.03043818 0.0517841 1.263962 -3.580932 1.761518 1.10443 0.15489 20.53071 1.261333 0 0.0
0.002751125 -0.01413014 -2.620851 -4.631235 0.03810861 0.02830154 0.227539 13.16259 1.893609 1 0.9998327
-0.09394314 -0.01703075 4.967904 8.408374 1.635493 1.498715 0.2904967 20.38483 2.053387 0 0.0
-0.04464181 -0.008307137 -4.011781 -3.451841 1.185875 0.9858422 0.336031 20.34594 0.4681911 0 0.0
-0.05466122 -0.02565668 -2.835328 -4.357102 0.4453337 0.3184239 0.2262309 18.74251 0.9712257 1 0.9784
-0.0271478 0.01789602 -11.48402 -15.07761 0.2231323 0.1689501 0.2708629 17.93287 1.052662 1 0.0
0.02342392 -0.06031453 -3.166622 -3.003719 0.7872775 0.5291512 0.2130512 19.54314 1.704081 0 0.0
0.04457272 0.01887686 2.004612 -6.021381 0.3524301 0.3315402 0.2727291 18.63069 1.716959 1 0.0
0.0177621 -0.01401201 4.103197 -6.858153 1.541224 1.180873 0.2125044 20.28041 0.6005383 0 0.0
-0.0343531 -0.0203563 -2.548953 -4.397692 0.145049 0.1041504 0.3394616 16.91208 0.1978989 1 0.9927265
-0.002393688 0.000328991 -3.283339 -5.98743 0.322463 0.2840023 0.3241346 16.51044 nan 0 0.0
-0.00917275 -0.006096778 -2.360303 -4.854094 1.485113 0.9567777 -0.4224067 19.39413 nan 0 0.0
0.04500108 -0.02719653 -2.374904 -3.808413 1.572376 1.131946 0.4016179 20.53914 0.6986675 0 0.0
0.08927963 -0.03188854 -1.448341 -2.496454 1.210099 1.15284 0.2563912 20.26266 0.7755775 0 0.0
0.0216642 0.02572586 0.9811216 -7.337775 0.4373139 0.31107 0.2059761 18.42297 nan 0 0.0
-0.04490957 0.03688847 -1.513552 0.7108956 1.959455 1.648021 0.2594281 20.60269 0.8031387 0 0.0
0.004748456 -0.005151279 -1.853094 -4.783925 0.2110718 0.1513504 0.2092574 16.80609 0.9632235 0 0.0
0.003386591 -0.003826638 1.0585 10.60357 1.693235 1.236652 0.3163011 19.05047 nan 0 0.0
-0.01456075 -0.03936127 0.3892393 -3.078934 2.221997 2.089134 0.3539657 20.63778 0.4894829 0 0.0
-0.07120977 0.01351499 1.362208 -6.978512 0.7080657 0.4796212 0.2323545 19.40089 0.7299023 0 0.0
0.01872965 0.006959803 -2.730646 -5.701962 0.7324082 0.6093001 0.1931258 19.54598 0.8053703 0 0.0
0.006019536 -0.006219856 0.4826655 -3.750062 1.10362 0.7803624 0.185321 19.70615 nan 0 0.0
-0.009324059 -0.005671436 -3.523618 -6.357821 0.2988561 0.2500302 0.5660827 17.73104 1.03451 0 0.0
-0.05668918 -0.02728196 -4.880757 -4.827732 1.44392 1.030808 0.2350557 20.29099 0.7248688 0 0.0
0.03431407 0.01757132 -2.840637 -3.858455 1.639455 1.431264 0.3388666 20.64298 0.989336 0 0.0
-9.369623e-05 -0.007932219 12.79765 -8.085768 3.515565 1.915764 -0.6522373 19.57733 nan 0 0.0
0.006261305 0.0176263 -0.4133519 -4.114626 1.888641 0.8269896 0.2713137 20.034 nan 0 0.0
0.01104306 0.002433882 -3.117742 -4.490984 1.117376 0.9282755 0.08753619 19.92996 nan 0 0.0
0.01161814 -0.0006927244 -7.148939 -7.159576 1.461676 1.330225 0.4457057 19.57315 nan 0 0.0
-0.04639752 -0.01234529 -2.731961 -3.82485 0.7546977 0.5736685 0.24037 19.65051 0.602356 0 0.0
-6.343113e-05 0.002177205 -3.592949 -0.9495006 0.564605 0.4696099 0.2441525 17.21613 nan 0 0.0
0.03225383 0.05074472 -3.97329 -4.319007 2.048375 1.257695 0.3419178 20.56454 0.559864 0 0.0
-0.03562299 -0.005224252 -3.841165 -4.469357 1.359931 1.073766 0.3177565 20.50905 0.5681763 0 0.0
-0.03707575 -0.00660696 -2.203148 -4.479723 0.5459678 0.4367568 0.3484857 19.35065 0.8143978 0 0.0
-0.02821089 -0.04361018 -4.254434 -2.121444 1.719579 1.110545 0.1743025 20.42113 0.758604 0 0.0
0.003144091 0.05106303 -4.165044 -6.075606 0.4281042 0.3363781 0.2733559 18.95815 1.143972 0 0.0
0.03365424 -0.06027048 0.8276243 -3.236187 2.147027 1.641805 0.3116999 20.65088 0.5323544 0 0.0
0.0244193 0.001994299 1.133793 4.211626 1.7058 1.475306 0.0159243 20.30591 0.4846992 0 0.0
-0.006540091 -0.02411841 -0.7849199 -4.357983 1.608332 1.382092 0.3178706 20.48695 0.2526093 0 0.0
-0.01168423 0.008543136 -2.343513 -5.394263 0.7193806 0.6410537 0.4459644 19.63183 nan 0 0.0
-0.01676904 -0.0101306 -11.12449 -14.63593 2.019832 1.060698 -0.1251001 19.85842 nan 0 0.0
-0.01549946 -0.05273604 -2.095309 -1.170074 2.151196 1.695302 0.2875938 20.59844 nan 0 0.0
0.01831009 -0.09271774 -3.6071 -1.2291 2.514828 2.236775 0.4298259 20.7169 0.7419357 0 0.0
0.02321196 -0.05863369 -2.73904 -4.637626 0.03853148 0.02800241 0.2023779 13.9789 1.577322 1 0.99871
0.005565506 -0.0001325587 1.037459 -8.151099 0.7064019 0.5826026 0.3035203 18.08654 nan 0 0.0
0.03532096 -0.08578493 -2.257691 -4.936356 0.9144626 0.6625658 0.2305515 19.95128 0.5768719 0 0.0
0.01637123 -0.04864236 -2.499246 -4.857961 0.8101504 0.6193976 0.3006998 19.76958 0.6498375 0 0.0
-0.009505383 0.006206105 -2.616048 -5.382184 0.3552513 0.2825186 0.236595 17.80627 0.9615593 0 0.0
0.08380229 -0.03538149 -3.033373 -5.5756 1.759066 1.444411 0.3797902 20.53173 nan 0 0.0
0.01440292 -0.01809052 -3.29645 -4.561104 0.6221672 0.5319494 0.4008259 19.52678 0.7960453 0 0.0
0.0147659 -0.01245906 1.155572 -1.832555 1.177855 0.8124385 0.3077987 20.10302 0.6319866 0 0.0
-0.02148985 -0.003094183 -2.794057 -4.638833 0.09222802 0.07270208 0.3504807 16.20337 1.164749 0 0.0
0.04403048 -0.005824308 -2.321897 -5.087361 0.3793548 0.307488 0.2993757 18.69627 0.9850979 1 0.9704326
-0.01428562 0.04516812 -3.367987 -2.055562 2.496981 2.333162 0.5163919 20.7955 nan 0 0.0
-0.002151562 0.004808875 -2.549204 -4.536765 0.06484436 0.05646921 0.3008878 15.01459 1.159197 0 0.0
-0.005148141 -0.04378939 -3.25412 -4.560459 1.543443 1.386559 0.3897508 20.47166 0.5173817 0 0.0
-0.03794766 0.05978934 -3.885847 -9.327332 0.7363491 0.5972956 0.3888512 19.66362 0.8779621 0 0.0
-0.0429189 -0.03018317 -3.448571 -4.236045 1.310325 1.014197 0.3222482 20.28407 0.3348274 0 0.0
0.06409223 0.01431451 -0.685391 -4.517306 1.182091 0.9204064 0.1567713 20.29934 0.6317844 1 0.7564219
-0.06460708 0.05116169 -0.4073139 -3.003627 0.3247081 0.2569942 0.3272655 18.51443 0.9449043 1 0.0
-0.04981465 0.01149313 -2.450097 -5.908726 0.6677449 0.5798332 0.3976305 19.58292 0.7433376 0 0.0
-0.0001844884 -0.01098159 -1.809728 -2.808786 0.8255721 0.6653137 0.4214288 19.51662 0.6727886 0 0.0
-0.02057876 0.06493802 -3.653031 -6.404364 2.735203 3.546016 0.679522 20.65662 0.7365875 0 0.0
0.02196775 0.007041492 -2.968327 -5.647334 1.294206 1.256169 0.3032492 20.37783 0.443821 0 0.0
0.006775879 0.009691257 -6.446699 -2.683397 1.421699 0.7525036 -0.6509298 19.29461 0.8202648 0 0.0
0.02662554 0.05081539 -4.439252 -7.281674 0.379853 0.3001412 0.2848111 18.84114 1.379114 1 0.0
-0.05184191 0.0141646 -2.29783 -4.050656 0.314189 0.2700282 0.3490912 18.48282 1.035217 1 0.9526734
0.08386415 -0.04245345 -0.6046303 -2.316777 0.9180178 0.7276085 0.2685697 20.05601 0.90938 0 0.0
0.02057423 0.03776642 0.4058589 -5.867008 0.5247259 0.4015396 0.2570978 19.06001 1.417511 0 0.0
0.00834923 0.02527289 -0.04448579 -4.384879 2.395984 1.660172 0.4320112 20.57464 0.353693 0 0.0
0.02768743 0.006259324 -0.7428867 -3.767809 0.9421774 0.7500308 0.2015252 19.971 0.7453442 0 0.0
-0.05317342 0.01438935 -0.3638721 -10.38504 0.4289134 0.3682757 0.3659018 18.94955 1.435326 1 0.0
0.07825474 0.01518607 -5.872748 -10.06559 0.7782407 0.6145546 0.2726896 19.88432 1.232586 1 0.0
-0.03514097 -0.03290659 -1.266867 -5.564003 1.483165 1.015004 0.1966322 20.34589 0.4088078 0 0.0
0.002448905 -0.09053992 -1.577351 -10.3352 0.2637093 0.1941384 0.250961 18.14167 0.9756489 1 0.0
-0.01416649 -0.01422338 -10.15401 -10.30445 1.033149 0.8211003 0.3362059 19.41131 0.8948193 0 0.0
0.0002997008 0.03648087 -3.061814 -4.813899 0.4889048 0.3959472 0.3697604 19.13674 1.028261 0 0.0
0.001570818 -0.01190665 -6.551134 -10.91942 0.3754594 0.4073287 0.370749 17.01022 1.0261 0 0.0
-0.02188515 -0.04103514 2.699534 -6.831725 2.807531 2.005439 0.2888451 20.59354 1.5238 0 0.0
0.08225282 -0.003531923 -3.757091 -5.318631 1.021458 0.7758233 0.1228424 20.08453 0.7111473 0 0.0
0.002024889 -0.0365124 -3.490493 -4.608388 1.690264 1.64763 0.279127 20.62977 0.4886112 0 0.0
-0.03456592 -0.03278028 22.67604 -5.262403 2.155541 2.521415 0.6237031 20.36014 0.5787067 0 0.0
-0.0767128 0.04027697 -5.29038 -7.257913 1.537659 1.509612 0.4721532 20.57091 1.099771 1 0.425995
0.07933774 0.05076451 9.436404 -4.65243 0.5130706 0.4074257 0.3252174 19.11674 1.183624 1 0.0
0.02009263 -0.01844554 -2.835501 -3.699321 1.055546 0.7993413 0.1544047 20.11524 0.7577534 0 0.0
-0.009444719 0.01270826 -17.13735 -9.387325 2.849865 2.192253 0.2041087 20.08641 0.7402287 0 0.0
-0.01774047 -0.08469117 -1.896707 -5.105389 0.9017148 0.6661304 0.3021615 19.83689 1.681255 0 0.0
0.01993958 0.01972812 -8.89955 -7.844657 3.680505 2.691293 0.1519973 20.36505 0.590044 0 0.0
0.003840606 -0.01122143 -1.659685 -1.181932 1.456143 1.272632 0.3433862 19.97794 nan 0 0.0
0.0170359 -0.01757735 -3.140968 -6.02047 1.330549 1.129911 0.2792078 20.00772 0.6319313 0 0.0
0.02765723 0.005316615 -1.159397 -2.430025 1.756081 1.653453 0.3895775 20.6914 0.4418144 0 0.0
0.01303868 0.06093851 -1.399362 -4.916121 2.432364 2.727418 0.677691 20.68805 1.056194 0 0.0
-0.02666468 0.0001876934 -1.030271 -4.950136 0.8066888 0.5646437 0.1051414 19.62558 0.5330372 0 0.0
0.0133732 0.006028345 -1.716849 -5.220434 0.9366257 0.7841297 0.1608811 19.82528 nan 0 0.0
0.05171638 0.002918383 -20.99683 -18.15089 1.432449 1.431032 0.3950106 20.47549 2.114475 0 0.0
-0.02530128 0.02741883 -3.226372 -4.436672 1.417834 1.870036 0.5212687 20.44981 0.8702545 0 0.0
-0.04947837 0.04171121 -2.122712 3.140271 1.379826 1.116553 0.3310913 20.50751 1.718061 0 0.0
-0.006237237 -0.009470929 1.695003 -4.542389 3.510752 2.333613 0.1901883 20.40698 nan 0 0.0
-0.009747545 0.003469542 4.920799 -6.519553 1.723153 0.6603165 -0.7569903 18.77402 nan 0 0.0
-0.04288892 -0.03313765 -1.164519 -4.825312 1.481015 0.8505415 0.1768649 19.99954 0.4959908 0 0.0
-0.06749514 -0.03632795 3.407074 0.9894302 4.567337 3.630073 0.2891493 20.96934 1.959131 0 0.0
-0.00157661 -0.006619007 -2.554102 -4.885902 0.04604967 0.03962389 0.3765249 14.18135 1.494792 1 0.9796769
-0.06041201 -0.02909297 -1.110844 -5.033558 2.709261 1.812906 0.2106276 20.73698 0.5078888 0 0.0
0.05607231 0.01803084 -1.621013 -7.655921 1.689416 1.689902 0.4035906 20.56884 0.3755589 0 0.0
0.03035385 -0.04177993 -2.838233 -3.664951 0.6039533 0.481301 0.2745688 19.42555 0.9450359 0 0.0
-0.03429049 0.006472457 -1.822819 -8.864964 2.311333 2.915298 0.6233011 20.64244 -0.3723412 0 0.0
0.002781334 -0.005454565 -2.774569 -4.376011 0.5067794 0.3675542 0.1704581 18.3928 0.754261 0 0.0
0.03077819 -0.05074444 -0.3896011 -8.463383 2.690809 2.653448 0.1951443 20.87601 0.2265263 0 0.0
-0.05260407 -0.03288864 -0.2880297 -5.040149 1.7228 1.201762 -0.007158456 20.24549 0.5543308 0 0.0
-0.03665068 0.0100351 -1.595671 -5.507849 1.675412 1.443903 0.5340214 20.59431 0.2718277 0 0.0
0.006049944 -0.01679896 -4.265935 -5.908733 1.866418 2.116448 0.6291534 20.62412 0.8816376 0 0.0
0.002206441 -0.02817014 4.477236 5.627407 3.07052 1.998839 0.3280101 20.76926 0.6506863 0 0.0
0.009015776 -0.01367134 -1.425184 -1.614978 1.355437 1.051401 0.3237671 20.28576 nan 0 0.0
0.004112873 0.000319467 -7.307627 -2.802151 0.8200232 0.2941606 -0.6703964 16.33599 nan 0 0.0
-0.007326068 0.03042224 -6.813252 -2.532174 2.517508 2.761884 0.6144972 20.75696 nan 0 0.0
-0.05598792 0.01341743 -3.000117 -5.043505 0.5983686 0.4969773 0.4793414 19.27229 0.9559479 1 0.9710921
0.005232666 -0.004706385 -2.146776 -3.64714 0.2083957 0.164134 0.08378854 17.05782 nan 0 0.0
0.006897284 -0.01302574 -2.917296 -4.707777 0.1544627 0.1214656 0.2771841 17.32199 nan 0 0.0
-0.01927992 0.01316777 -0.08490265 -2.809866 1.485871 1.151479 0.292196 20.38302 0.801136 0 0.0
-0.007901682 -0.006054364 -5.163488 -6.847199 2.279405 1.809532 -0.01322308 20.16079 nan 0 0.0
0.007502402 -0.003494232 -0.1163559 -8.023894 1.052017 0.8630526 0.6050621 19.41315 nan 0 0.0
0.0358253 0.04052447 -1.413915 -4.524015 0.6490466 0.5106 0.2546353 19.57416 0.7725372 1 0.9005307
-0.05816678 0.01354884 -2.640742 -5.664977 0.7637761 0.671365 0.3960789 19.80116 0.7772141 1 0.8858293
0.01751991 -0.01216094 1.861784 0.3097333 1.11485 0.9464945 0.3397406 19.82159 0.6517143 0 0.0
-0.008417698 -0.08705989 -1.254003 -4.463201 1.237311 1.197768 0.3139008 20.22872 0.7221966 1 0.6912843
0.02063831 -0.03830149 -1.497136 -4.760592 1.436167 1.203942 0.4475606 20.5728 0.8525143 0 0.0
0.03231729 0.01069947 -4.593371 -5.136513 1.864934 1.908667 0.3595749 20.47465 0.7628326 0 0.0
0.005171464 0.05263184 -4.680514 -5.623425 0.2124342 0.1667422 0.2669714 17.8934 1.132524 1 0.0
0.03737896 -0.08235869 -0.7847194 -4.443325 1.366159 0.9942487 0.1563436 20.27534 0.6312866 0 0.0
0.01376465 0.06871717 -2.851292 -4.670725 0.7896704 0.5834238 0.3065413 19.72422 0.8385582 1 0.9478985
0.01721694 -0.003779585 -2.407416 -4.586515 0.6355591 0.5045721 0.3271822 19.51638 nan 0 0.0
-0.0166176 -0.006794649 -3.194345 -4.194613 1.66791 1.506664 0.1529717 20.52865 nan 0 0.0
-0.05601883 0.008319089 -0.7516116 -5.33021 1.573752 1.721538 0.3882755 20.39576 0.580862 0 0.0
0.005141815 0.0005526511 -2.438365 -3.996776 0.1870385 0.1422285 0.2670715 16.76086 0.5961151 0 0.0
-0.0314471 -0.01174198 0.4332545 -1.064419 2.149559 3.106403 0.7640677 20.5647 0.1691475 0 0.0
0.04545754 -0.05135066 -4.74315 -4.155756 2.767796 1.860093 0.2082674 20.6619 nan 0 0.0
0.09538726 -0.004319396 -0.9310038 -2.848814 0.25246 0.1969771 0.3442824 18.10379 0.9586411 1 0.0
-0.009747644 -0.001019403 -98.60717 -150.0514 2.658588 3.249632 0.7010133 19.8269 nan 0 0.0
-0.004118648 0.0040655 -3.755643 -3.680532 0.217378 0.1645761 0.227522 16.60659 1.026945 0 0.0
-0.08080664 -0.007072229 -0.6758621 -12.04913 0.7082999 0.4824898 0.283552 19.44331 1.230696 1 0.0
-0.000789808 -0.03483871 -3.476975 -4.429419 0.9667536 0.6719914 0.1801131 19.66261 1.015322 0 0.0
-0.001576586 -4.866768e-05 -2.63883 -4.925092 0.3534507 0.2955635 0.2641667 15.73445 0.9658394 0 0.0
0.006322277 -0.01365708 9.017156 -6.485896 2.990659 2.44506 0.2252813 20.44672 nan 0 0.0
-0.07790246 -0.01341993 -4.378181 -2.910228 2.427917 2.562388 0.4771245 20.79506 1.26589 0 0.0
-0.05941418 -0.03594383 -3.328919 -5.488601 1.201248 0.9908668 0.2348791 20.18837 0.2971268 0 0.0
0.01497786 -0.01566388 -7.521828 -6.275079 2.327762 1.488352 0.3675558 20.60535 nan 0 0.0
0.05020207 0.01314923 -5.853687 -4.243463 1.444015 1.158826 0.3582869 20.52984 0.7679062 0 0.0
0.00332635 -0.04188062 -0.7447016 -1.452845 2.596947 2.544232 0.2630619 20.88359 0.6183701 0 0.0
-0.0004871243 -0.008613619 -2.712217 -4.505058 0.1171714 0.08966682 0.2939605 15.86796 1.147802 0 0.0
-0.01531567 0.01050257 1.110506 -6.322716 1.029012 0.7411301 0.3110728 19.22208 0.6992512 0 0.0
