data/gcs/NGC_6652.ecsv
# %ECSV 0.9
# ---
# datatype:
# - {name: x, unit: deg, datatype: float64}
# - {name: y, unit: deg, datatype: float64}
# - {name: pmx, unit: mas / yr, datatype: float64}
# - {name: pmy, unit: mas / yr, datatype: float64}
# - {name: pmx_e, unit: mas / yr, datatype: float64}
# - {name: pmy_e, unit: mas / yr, datatype: float64}
# - {name: pm_corr, datatype: float64}
# - {name: g_mag, unit: mag, datatype: float64}
# - {name: bp_rp, unit: mag, datatype: float64}
# - {name: filter, datatype: int64}
# - {name: memberprob, datatype: float64}
# meta: !!omap
# - comments: [deg deg mas/yr mas/yr mas/yr mas/yr dimless mag   mag   zeroone float]
# - __serialized_columns__:
#     bp_rp:
#       __class__: astropy.units.quantity.Quantity
#       unit: &id001 !astropy.units.Unit {unit: mag}
#       value: !astropy.table.SerializedColumn {name: bp_rp}
#     g_mag:
#       __class__: astropy.units.quantity.Quantity
#       unit: *id001
#       value: !astropy.table.SerializedColumn {name: g_mag}
#     pmx:
#       __class__: astropy.units.quantity.Quantity
#       unit: !astropy.units.Unit {unit: mas / yr}
#       value: !astropy.table.SerializedColumn {name: pmx}
#     pmx_e:
#       __class__: astropy.units.quantity.Quantity
#       unit: !astropy.units.Unit {unit: mas / yr}
#       value: !astropy.table.SerializedColumn {name: pmx_e}
#     pmy:
#       __class__: astropy.units.quantity.Quantity
#       unit: !astropy.units.Unit {unit: mas / yr}
#       value: !astropy.table.SerializedColumn {name: pmy}
#     pmy_e:
#       __class__: astropy.units.quantity.Quantity
#       unit: !astropy.units.Unit {unit: mas / yr}
#       value: !astropy.table.SerializedColumn {name: pmy_e}
#     x:
#       __class__: astropy.units.quantity.Quantity
#       unit: &id002 !astropy.units.Unit {unit: deg}
#       value: !astropy.table.SerializedColumn {name: x}
#     y:
#       __class__: astropy.units.quantity.Quantity
#       unit: *id002
#       value: !astropy.table.SerializedColumn {name: y}
# schema: astropy-2.0
x y pmx pmy pmx_e pmy_e pm_corr g_mag bp_rp filter memberprob
[from data line 4471]
-0.04040203 0.02593283 -1.745492 -4.246211 0.6983792 0.6914913 0.5181458 19.00784 0.953783 1 0.0
-0.01943665 0.04774474 -1.334452 -4.748365 0.3984397 0.3569649 0.121308 18.41136 0.867363 1 0.0
-0.06016455 0.01970362 -9.937169 -4.551314 0.9670422 0.8584985 0.05917383 19.80349 0.9798412 0 0.0
-0.001482709 0.007429339 -9.873275 -11.74761 1.221177 1.079021 0.05738233 19.32298 nan 0 0.0
-0.03441358 0.03372117 -3.982464 -7.100782 2.361481 2.160934 0.3985425 20.39077 0.6384296 0 0.0
-0.02303517 -0.0006569977 -6.237585 -4.036984 0.4994196 0.4517776 0.1548714 18.83109 0.9652958 0 0.0
-0.01164618 0.01175064 4.019841 3.035724 1.491555 1.350149 0.2486898 19.51632 nan 0 0.0
-0.01526221 0.04856954 2.934126 0.7770072 1.487502 1.260378 0.05888733 20.17122 1.375395 0 0.0
-0.0241641 0.009104511 -5.698783 -3.148943 1.319373 1.229378 0.270566 19.74598 1.098265 0 0.0
-0.0241566 -0.0183079 0.4108128 -1.352348 0.6197065 0.527544 -0.1740756 18.86596 0.625124 0 0.0
-0.04748204 0.002739761 -0.677135 -6.183013 1.487535 1.28267 0.1706411 20.0969 1.144737 0 0.0
-0.007118931 0.06191819 0.839187 -4.800077 0.7981733 0.7198999 0.1606634 19.48918 1.074621 1 0.0
-0.04658765 -0.04278818 2.304919 -4.563035 0.3367409 0.3071491 0.1279059 18.19997 0.9789333 1 0.0
-0.0101134 0.04018176 -8.593 -5.656905 1.014559 0.9221554 0.1918907 19.84889 0.8272209 0 0.0
-0.06471081 0.00464379 0.9711405 -7.053699 0.6315055 0.5755599 0.1108144 19.2342 0.9608784 1 0.0
-0.005809354 0.01308636 -0.5623423 2.113891 0.3831137 0.3367459 -0.00340983 18.33367 nan 0 0.0
-0.02679611 -0.006605173 -5.775203 -4.60567 0.2896073 0.2598683 0.1125439 17.87885 1.113008 1 0.9666451
0.00197385 0.03697416 -5.891822 -5.588785 1.731011 1.541147 0.2482184 20.2681 nan 0 0.0
-0.01326353 0.04182548 -3.168073 -3.205092 0.5601744 0.4941046 0.1050619 18.89682 0.8716316 1 0.001403862
-0.02457009 -0.003861757 -3.893138 -7.504714 1.132278 1.020565 0.101713 19.43027 0.7897682 0 0.0
0.02414658 0.0236614 6.929282 -8.951437 1.633274 1.356375 -0.222764 18.96 0.73703 0 0.0
0.0001300412 0.005411377 -6.56843 -4.046006 0.7415018 0.6199361 -0.2422243 18.73619 nan 0 0.0
0.001717474 0.02163908 -6.568176 -7.107259 0.8480701 0.7047977 -0.2878833 19.20861 0.9839401 0 0.0
-0.006169734 0.04127313 -1.830511 -5.879645 0.4446584 0.4004618 0.1350177 18.63131 0.8945885 1 0.0
-0.03751954 0.05145443 -5.210075 2.027381 1.632082 1.565777 0.5090099 20.10109 1.029682 0 0.0
-0.00460765 0.04258548 -2.197937 -4.350915 0.6696321 0.6232497 0.3164199 19.12161 1.013639 0 0.0
-0.008781875 0.04143694 -2.430061 -2.910952 0.5813248 0.5237022 0.1550871 19.05969 0.8823643 1 1.517254e-05
-0.02459148 -0.01895652 -6.479718 -3.29321 0.9335532 0.8151865 0.08759288 19.66149 nan 0 0.0
0.02899659 0.05679439 0.3080958 -6.450581 0.4585111 0.4101866 0.114314 18.66611 0.9607658 0 0.0
-0.06023614 -0.02543957 1.746037 -8.132881 0.3712821 0.3391657 0.1336466 18.40176 1.005095 1 0.0
-0.01560711 -0.02862855 1.506011 -8.108238 0.3548687 0.3123548 0.08642056 18.26351 1.00308 1 0.0
-0.03444861 -0.007756052 -4.801349 0.9188183 1.091624 1.044451 0.1753565 19.66978 1.886726 0 0.0
-0.01727388 -0.01081041 -3.777875 -7.980615 0.5985021 0.5396169 0.06654173 19.02422 nan 0 0.0
-0.04644618 -0.01993425 -10.03273 -6.070068 1.576933 1.491556 0.3061756 20.22203 1.079348 0 0.0
-0.001789889 0.006918164 4.442095 8.02548 0.9839662 0.8758795 0.06051406 18.56345 0.4931679 0 0.0
-0.01272498 0.03662613 -1.169867 -6.834596 0.4676614 0.4068286 -0.02341183 18.57553 1.027542 1 0.0
0.007761097 0.03561962 4.753638 -3.913528 3.305176 3.164661 0.1178736 20.57262 1.407696 0 0.0
-0.01453384 -0.01978589 0.9747538 -3.832881 0.8997898 0.812439 0.1403324 18.9024 1.254009 0 0.0
-0.0176171 0.04187049 -5.479796 -6.259169 0.7457978 0.6569529 0.04006147 19.16912 1.091021 0 0.0
0.037239 0.04454613 -4.760072 -4.984792 2.281432 1.762414 0.1781702 20.02179 0.9651928 0 0.0
-0.0104668 -0.003050242 -3.636852 -2.214506 0.3031762 0.2853952 0.1780605 15.66072 0.980361 0 0.0
0.01877012 0.02542891 -5.380457 -4.095656 0.06467977 0.05439724 0.1285607 14.36624 1.528978 1 0.9930329
0.02282358 0.05624307 -4.586048 -2.709345 0.2130058 0.1837248 -0.002364624 17.23448 0.9330978 1 0.0
-0.04306444 -0.0275009 0.2211003 1.078688 0.8868898 0.823914 0.1963351 19.53037 -0.05127716 0 0.0
-0.01873467 -0.001674504 -5.736848 -3.807568 0.7776267 0.7079225 0.1961431 19.40001 0.3129959 0 0.0
-0.03377943 0.04947229 -1.429051 -3.955941 0.535788 0.4585281 -0.04497838 18.67492 1.019199 0 0.0
-0.06523888 -0.008204502 -4.4265 -2.321562 1.410405 1.29259 0.1791576 20.0031 0.9262524 0 0.0
-0.02030433 0.03429011 -2.474697 -5.118824 0.3509493 0.3064275 0.05670891 18.17118 1.047457 0 0.0
0.01336746 0.02466314 -3.640867 -5.310586 0.1888608 0.1713805 0.1969933 17.11714 1.268991 1 0.0
-0.05041615 -0.01413809 -1.930695 -0.6520911 0.2400343 0.2158714 0.07975377 17.64903 1.262333 1 0.0
-0.06033106 0.001099223 1.82679 -2.051859 2.607152 2.744953 0.7724901 20.1982 nan 0 0.0
-0.004860902 -0.009054089 -7.437486 -3.687137 0.6640901 0.5733636 -0.0603534 18.78755 0.8961506 0 0.0
-0.02497186 0.05924084 -1.549647 -2.416775 0.7955096 0.6873229 -0.1054787 19.20263 nan 0 0.0
-0.01582336 0.03575969 -8.757162 -2.996018 1.182326 1.073278 0.2030361 19.9014 nan 0 0.0
-0.02294398 0.04246818 -5.418157 -3.870022 0.6131622 0.5519258 0.1415247 19.11438 0.8232555 1 0.8531929
0.03313732 0.03366825 -0.4914615 -1.991384 1.00207 0.7991735 -0.4618057 19.08134 1.033442 1 0.0
-0.003325547 -0.0007227189 -5.726765 -4.459334 0.493779 0.4689658 0.3932837 18.18219 nan 0 0.0
-0.04391043 0.02707175 -1.846625 -8.576183 0.2787402 0.2845092 0.5256511 17.38243 1.311672 1 0.0
0.009475039 0.01925059 -6.845877 0.5300451 2.36256 1.989475 0.1641549 20.25841 nan 0 0.0
-0.0597827 0.02295019 -4.916056 -5.485518 0.9923376 0.8837201 0.1817322 19.92686 1.151814 0 0.0
-0.04275937 -0.0233618 -0.4422012 1.211707 0.6620341 0.609328 0.1672901 19.17953 0.8550472 0 0.0
0.01876852 0.01790633 -4.555654 -3.200358 1.612066 1.275803 -0.4960107 19.78078 nan 0 0.0
-0.03511899 0.004572786 -0.2245898 -5.419218 1.458828 1.384508 0.3722588 20.00163 0.8599033 0 0.0
-0.006627335 -0.003530522 -6.963045 -4.563842 0.4859094 0.4347767 0.2034507 18.4382 0.7908878 0 0.0
-0.04880275 -0.01602927 -5.369303 -3.508672 0.3506719 0.3216773 0.153268 18.32012 nan 0 0.0
-0.01312834 -0.006174835 -3.043502 -7.052386 1.127193 0.9740166 -0.005589942 19.80054 nan 0 0.0
-0.01031469 0.009519203 -10.93737 -2.28633 0.9926533 0.9803332 0.5868674 19.15463 nan 0 0.0
-0.04499876 0.002191746 -22.67618 -10.22064 1.500718 1.457437 0.2614375 20.03293 nan 0 0.0
-0.0334737 0.05372198 0.1772893 -3.679676 1.014455 0.8748483 -0.06297399 19.75259 nan 0 0.0
-0.009211281 -0.01556994 -5.360247 -4.094985 0.1657385 0.1499542 0.1776729 16.88439 1.234283 1 0.9952488
-0.0656301 0.001610426 2.819501 -5.968516 0.5950409 0.5234863 -0.04524299 19.06205 1.390978 0 0.0
-0.04502455 0.002573202 2.098149 -7.425443 0.9155436 0.8106108 0.5911609 18.90186 1.141027 0 0.0
0.01654482 0.03765546 -0.6782225 -6.008138 0.3717238 0.3452381 0.293788 18.23078 1.093115 1 0.0
-0.01008298 -0.001966824 -4.490114 -2.681656 0.8158855 0.8489367 0.5960122 18.86323 nan 0 0.0
-0.03029759 0.05331877 -3.540523 -5.298939 1.868071 1.677292 0.1816565 20.32908 nan 0 0.0
0.01034886 0.04766998 -3.361843 -4.710762 0.5053842 0.454729 0.1273876 18.65136 0.857933 1 0.0009137992
-0.01347026 0.05405918 -2.872802 -2.254236 0.8250014 0.7668775 0.3365612 19.29117 0.9610004 0 0.0
-0.04301226 -0.02954173 1.511134 -5.307514 0.3516112 0.3200031 0.1409227 18.13845 0.7363758 0 0.0
-0.01942884 0.01225281 0.04465376 -5.226712 0.8330347 0.803552 0.5689578 18.93835 0.8505898 0 0.0
-0.04699419 -5.233631e-05 -4.71482 -3.953442 1.012614 0.9407739 0.2555086 19.8628 0.7658577 1 0.6049864
-0.02960536 -0.02512261 -0.8439405 -1.075198 1.266935 1.169329 0.1192681 19.51676 nan 0 0.0
-0.007036867 -0.003587774 9.390292 8.945682 0.8252181 0.7005377 0.03310195 18.63304 nan 0 0.0
-0.04390311 0.01233939 4.385644 -3.607279 2.40912 2.300908 0.3707635 20.45848 1.223339 1 0.0005479816
-0.008239721 -0.005308307 -6.592457 -6.843965 0.9223672 0.7604287 0.001582101 18.40519 nan 0 0.0
-0.01205759 0.02496088 -5.251592 -3.846359 0.5172999 0.4571124 0.1139918 18.82059 1.069178 0 0.0
-0.01776898 0.03300892 -2.804474 -4.091506 0.7498396 0.6693353 0.1415176 19.39484 1.258705 1 0.01529887
-0.02657972 0.0398312 -2.595972 -2.57487 1.716411 1.545822 0.2857126 20.22861 1.592598 0 0.0
-0.03216215 0.03913507 1.711125 1.702441 0.4399361 0.4102009 0.3250217 18.51388 0.8787231 1 0.0
-0.009161514 -0.001909503 -1.054165 -0.3932915 0.8084857 0.8084526 0.3488562 18.0633 nan 0 0.0
-0.0305997 0.03815525 0.8841978 -3.566786 0.668757 0.6058596 0.1615808 19.21608 0.9585705 1 0.0
-0.02773802 -0.02284082 -5.567836 -4.472462 0.2608311 0.2358871 0.1020326 17.80967 nan 0 0.0
-0.01870618 -0.01530823 1.181432 -2.05144 0.2371678 0.2119074 0.1376356 17.59362 0.9739227 1 0.0
-0.04750152 -0.008628049 -8.220196 -8.580793 0.615336 0.5994256 0.3451815 19.05871 1.310787 1 0.0
-0.02236238 -0.0293319 -3.710568 -4.656791 0.4904407 0.4524674 0.1781358 18.82763 1.091814 1 0.01236903
-0.02754819 0.02487729 -8.55684 -4.080375 0.1999628 0.1782746 0.09204998 17.27808 1.034647 1 0.0
-0.003199973 0.06586663 -0.7282216 -7.982409 1.13292 1.005028 0.04672798 19.78572 1.004677 0 0.0
-0.05916906 -0.01398331 0.4678954 -6.117546 0.3484547 0.313556 0.06742019 18.18266 0.8647518 1 0.0
0.005662843 0.05988888 -3.128929 -8.795931 1.064062 0.9424683 0.05471821 19.77673 0.8754425 1 7.366487e-06
-0.01535319 -0.01735989 -4.864355 -6.093461 0.2103907 0.188583 0.1665585 17.363 1.012114 1 0.0
-0.01589404 0.001641025 -5.085535 -4.008917 2.379151 2.24639 0.5823527 20.36341 nan 0 0.0
-0.00109863 0.0002119377 1.595289 -6.849999 0.5459928 0.4847655 0.09074646 15.80255 nan 0 0.0
-0.02026606 -0.0208437 -3.929885 -3.320444 0.4006982 0.332994 0.05414149 18.18229 1.300571 0 0.0
0.02386477 0.02306257 -4.691992 -3.258451 0.6188644 0.567566 0.1349011 18.84786 0.9888573 1 0.6787058
-0.00127775 -0.003965158 -6.934193 -5.355766 0.3056615 0.3062379 0.3742893 15.98484 nan 0 0.0
0.003330208 0.01425378 -8.993904 -2.076084 1.180698 1.069151 0.1417372 19.28898 nan 0 0.0
0.03541734 0.03619269 -2.990978 -4.513682 1.553392 1.244707 -0.4768561 19.63828 1.101828 0 0.0
-0.002250529 0.001280031 -4.667172 -3.864845 0.1444614 0.1225349 -0.1035378 15.66028 1.043668 0 0.0
0.01119417 0.04890584 -7.018987 -2.889515 1.642387 1.575937 0.2833196 20.25511 nan 0 0.0
0.002793164 0.03264827 -1.184392 -6.115353 0.06814945 0.0587165 -0.01610333 14.84696 1.320469 1 0.0
0.0086031 0.004392434 -6.124251 -4.859483 0.1207708 0.104847 0.05231821 15.71608 0.9834728 0 0.0
-0.04323729 0.01194299 -0.9970624 -7.910184 1.913128 1.781624 0.4985055 20.18574 1.000214 1 0.0002931604
0.007323174 0.004308626 -5.662058 -4.003537 0.101709 0.08915591 0.03561577 15.67776 1.137109 0 0.0
-0.02194561 0.04406679 -4.287735 -3.497501 0.9557124 0.8341969 -0.0003993715 19.60553 0.810442 0 0.0
-0.0215321 0.02868603 0.4856096 1.695072 1.248173 1.160179 0.3298499 19.82781 1.145239 0 0.0
-0.001431543 0.0094435 -5.823378 -4.772257 0.4805486 0.436729 0.1793005 18.76753 0.8589859 0 0.0
0.007737656 0.06038081 -3.723992 -7.728226 0.5944887 0.5357577 0.1448192 19.07888 nan 0 0.0
-0.0328851 0.05502301 -1.892224 -7.207349 0.5289363 0.4773958 0.1659932 18.62493 0.6061134 0 0.0
0.02714319 0.02675043 -3.797456 -3.971495 1.442704 1.165301 -0.3495377 19.56926 1.168562 1 0.3980611
-0.01684091 0.0003819993 -5.928209 -6.762384 0.7670489 0.6888805 0.1038771 19.12975 0.9355183 0 0.0
-0.01694325 8.8248e-05 -5.185672 -3.58203 1.167926 0.9559004 -0.02168109 19.52744 nan 0 0.0
-0.006959008 -0.01716809 -1.642096 -1.950511 0.1850802 0.1676204 0.1573618 17.05436 0.981287 0 0.0
-0.01508075 0.03577889 -3.264217 -8.174926 0.6385987 0.5679533 0.08649001 19.12682 0.783453 0 0.0
-0.04557119 0.02016631 0.9990765 -1.917229 1.945407 1.788151 0.4870214 20.24034 1.14786 1 0.005502872
0.005608512 0.01102643 -4.833379 -4.473276 1.279019 1.023088 -0.242948 19.51333 0.7817478 0 0.0
-0.01944445 -0.03306199 3.986062 -0.427605 0.7441859 0.7149655 0.2808744 19.27301 1.521339 1 0.0
-0.02500839 0.007330442 -2.393456 0.2780512 0.6112726 0.5798163 0.3612136 19.00382 0.970068 1 0.0
0.0003604866 0.01946472 -8.704398 -5.166551 1.534832 1.501587 0.5069839 19.84784 nan 0 0.0
0.005941325 0.01115611 -4.497648 -3.730488 1.095785 0.8939655 -0.04056952 19.35288 nan 0 0.0
-0.02080968 0.005466144 -5.514912 -4.239868 0.08985174 0.07853509 0.0216914 15.63658 1.335052 1 0.9987039
-0.02251532 -0.03163983 -6.140573 -3.814488 0.8710156 0.6852678 -0.3864091 19.07555 1.012123 1 0.8776278
0.01467411 0.02967163 -1.131135 -4.189209 0.4799074 0.4319216 0.1404229 18.7784 1.069178 1 0.0
-0.06354065 0.01487948 -2.124384 -4.662975 0.7587132 0.6801465 0.01600253 19.50426 1.067348 0 0.0
0.0001556327 0.001341095 -5.985513 -4.72484 0.1932124 0.177039 0.1756342 15.39461 1.013161 0 0.0
-0.003197633 0.001203708 -0.6999314 1.329944 0.8580594 0.8596172 0.4733536 17.37392 0.4717655 0 0.0
-0.009647576 -0.004404366 -2.766584 -5.630734 0.910834 0.8394158 0.2177906 19.01286 nan 0 0.0
0.003587269 0.04010216 0.6588081 -8.669715 1.088781 0.9983001 0.2557135 19.88986 1.023104 0 0.0
-0.02186586 0.0322794 6.152133 -7.806768 2.89742 2.68683 0.4315309 20.58631 1.116877 0 0.0
-0.0162553 0.01736133 -4.883381 -3.845166 1.060785 1.023156 0.3949644 19.58293 nan 0 0.0
0.0039714 0.04009833 -1.77716 -2.019092 1.447474 1.242255 0.1297358 20.12339 nan 0 0.0
-0.003302398 0.06479851 5.051493 -5.468181 0.9324242 0.8231228 -0.01142516 18.40808 1.068304 0 0.0
-0.02504967 -0.02760075 -1.641625 -5.864219 0.5048526 0.4651637 0.1230161 18.69042 0.9357033 1 0.0
-0.04321674 -0.03001486 -3.107265 -6.687106 1.159142 1.099543 0.272198 19.47787 nan 0 0.0
0.003176332 0.006784611 1.483778 1.381302 0.8465153 0.6857285 0.00152949 18.74292 nan 0 0.0
0.007403329 0.04441253 -2.190912 -4.896549 0.4709115 0.4240378 0.1347208 18.66019 1.060675 1 0.0
-0.001559271 -0.005864882 -5.209959 -4.209148 0.2681773 0.2413169 0.1250315 17.66336 0.9996395 0 0.0
-0.04226902 -0.03199804 -10.12895 -17.18344 3.108263 3.000742 0.2537834 20.68246 0.68927 0 0.0
-0.0007660233 0.01823257 -7.38734 -3.697919 1.117204 0.9822037 0.02886961 19.81152 nan 0 0.0
-0.0001771339 0.001016846 -3.837447 -2.938405 0.182595 0.1595754 0.08575232 15.76573 nan 0 0.0
-0.03559217 -0.02809647 -0.4064187 -5.511907 0.256774 0.2321821 0.09103035 17.76322 1.020617 1 0.0
-0.03759392 -0.01447883 -4.407028 -2.510528 1.150753 1.143398 0.4321931 19.62328 0.935606 1 0.4982959
0.004430705 0.007177471 -1.137729 -4.993742 0.8511307 0.6290206 -0.05832896 18.51897 1.07229 0 0.0
-0.03285547 0.04423506 -5.475248 -4.00179 0.2637448 0.2503428 0.2357179 17.59213 1.158834 0 0.0
-0.04383503 -0.0216152 -0.6945386 -3.157088 0.5757616 0.5291368 0.1638857 18.81407 1.586163 0 0.0
0.001230785 0.005525809 -10.77926 -6.966363 0.5929811 0.526163 0.1895156 17.37213 nan 0 0.0
-0.030798 0.01932965 -5.322103 -4.005073 0.1768165 0.160123 0.1943181 16.97399 1.239172 1 0.9816734
-0.05863175 -0.01376932 -9.749495 -5.47041 1.581085 1.438517 0.1265948 20.12395 nan 0 0.0
0.01093636 0.03512719 -1.566397 -3.482009 0.4301008 0.3810708 0.02682078 18.31783 0.9418659 0 0.0
-0.04015641 0.04887453 -4.773703 -3.538246 1.12424 0.9799641 -0.02206174 19.8928 0.7279587 0 0.0
0.01359672 0.01699938 -1.673003 -5.21851 0.6273211 0.4869874 0.09159787 18.55628 0.8253555 0 0.0
0.003483429 0.004461449 -6.568038 -5.187688 0.7887089 0.6985538 0.08978562 18.65326 nan 0 0.0
-0.01849037 0.05409641 -1.156104 -3.519098 0.2649456 0.2366626 0.09973069 17.71064 1.062027 1 0.0
0.01808008 0.0316699 -2.761598 -3.980488 0.6267693 0.5568271 0.01383697 18.78202 1.049324 0 0.0
-0.0295038 -0.02273839 1.492806 -4.168514 0.6911766 0.6262929 0.115004 18.73922 0.8773918 0 0.0
-0.03823328 0.04359203 -3.969596 -5.226246 0.6540795 0.5826491 0.08564417 19.10956 0.7960739 0 0.0
0.0050992 0.05773361 2.852485 -3.830162 2.432987 2.045769 -0.08513806 20.43352 1.058872 0 0.0
