data/gcs/NGC_6316.ecsv
# %ECSV 0.9
# ---
# datatype:
# - {name: x, unit: deg, datatype: float64}
# - {name: y, unit: deg, datatype: float64}
# - {name: pmx, unit: mas / yr, datatype: float64}
# - {name: pmy, unit: mas / yr, datatype: float64}
# - {name: pmx_e, unit: mas / yr, datatype: float64}
# - {name: pmy_e, unit: mas / yr, datatype: float64}
# - {name: pm_corr, datatype: float64}
# - {name: g_mag, unit: mag, datatype: float64}
# - {name: bp_rp, unit: mag, datatype: float64}
# - {name: filter, datatype: int64}
# - {name: memberprob, datatype: float64}
# meta: !!omap
# - comments: [deg deg mas/yr mas/yr mas/yr mas/yr dimless mag   mag   zeroone float]
# - __serialized_columns__:
#     bp_rp:
#       __class__: astropy.units.quantity.Quantity
#       unit: &id001 !astropy.units.Unit {unit: mag}
#       value: !astropy.table.SerializedColumn {name: bp_rp}
#     g_mag:
#       __class__: astropy.units.quantity.Quantity
#       unit: *id001
#       value: !astropy.table.SerializedColumn {name: g_mag}
#     pmx:
#       __class__: astropy.units.quantity.Quantity
#       unit: !astropy.units.Unit {unit: mas / yr}
#       value: !astropy.table.SerializedColumn {name: pmx}
#     pmx_e:
#       __class__: astropy.units.quantity.Quantity
#       unit: !astropy.units.Unit {unit: mas / yr}
#       value: !astropy.table.SerializedColumn {name: pmx_e}
#     pmy:
#       __class__: astropy.units.quantity.Quantity
#       unit: !astropy.units.Unit {unit: mas / yr}
#       value: !astropy.table.SerializedColumn {name: pmy}
#     pmy_e:
#       __class__: astropy.units.quantity.Quantity
#       unit: !astropy.units.Unit {unit: mas / yr}
#       value: !astropy.table.SerializedColumn {name: pmy_e}
#     x:
#       __class__: astropy.units.quantity.Quantity
#       unit: &id002 !astropy.units.Unit {unit: deg}
#       value: !astropy.table.SerializedColumn {name: x}
#     y:
#       __class__: astropy.units.quantity.Quantity
#       unit: *id002
#       value: !astropy.table.SerializedColumn {name: y}
# schema: astropy-2.0
x y pmx pmy pmx_e pmy_e pm_corr g_mag bp_rp filter memberprob
[from data line 2027]
0.06747881 -0.01780858 0.3742959 -7.13568 1.797107 1.16379 -0.4134686 19.62566 1.488823 0 0.0
-0.01674967 0.06643987 -2.324668 -3.226776 2.470414 1.771826 -0.1396402 20.25444 nan 0 0.0
-0.02775048 0.01872527 0.7985424 -1.651607 0.3988968 0.2938876 0.5923372 17.83728 1.418535 1 0.0
-0.007966279 -0.003440543 -5.828434 -6.731613 0.5269217 0.4597727 -0.040144 17.99907 1.598288 0 0.0
-0.06510341 0.01026716 -12.00069 -1.32275 2.879773 1.96402 0.3426132 19.81704 1.349855 0 0.0
0.0365771 -0.05813589 -1.354341 -3.512092 0.1558336 0.1048905 0.2344496 16.71371 1.829736 1 0.0
-0.05290529 -0.003045138 3.676694 -2.893994 1.053206 0.7427143 0.1203499 16.42133 1.929892 0 0.0
0.01855563 -0.06583694 -2.952427 -5.282408 0.5203614 0.3478044 0.5596719 18.23631 1.64716 0 0.0
-0.0596778 0.0296795 -18.66554 -12.88616 1.482212 0.9493167 0.4556293 19.84313 1.397118 0 0.0
-0.05160307 -0.02494468 2.300194 -1.053956 1.296803 0.8968333 0.2373405 19.74934 1.400848 0 0.0
-0.04703716 -0.06841104 -4.499342 -4.753027 0.2903552 0.2057208 0.4890245 17.40371 2.070412 1 0.2748582
-0.03651608 0.0722867 -1.438986 -6.4498 0.9928612 0.7166206 0.3689947 19.47628 1.60895 0 0.0
-0.02899342 0.03667119 -1.32305 -3.977922 0.9039449 0.6025647 0.3019733 19.31845 1.791504 0 0.0
0.005519772 0.08226439 -11.84243 -17.46861 1.947674 1.408454 -0.00885702 19.78794 1.341387 0 0.0
0.003686319 0.01975686 -1.87781 -0.2574085 0.4731995 0.3567189 0.1351265 18.58574 nan 0 0.0
0.06107781 0.03396071 0.2663737 1.242602 1.294159 1.047183 -0.1957615 19.3332 1.505308 0 0.0
-0.0006733322 -0.0797933 -5.870906 -6.341918 1.3672 0.9287135 0.3871827 19.99631 1.170668 0 0.0
-0.04406229 -0.04350744 0.5795753 -2.707258 2.498841 1.422193 0.6981327 20.0754 1.353294 0 0.0
0.01589565 -0.0490385 -5.567654 -1.84778 2.339657 1.565342 0.2419014 19.76916 1.182146 0 0.0
-0.03795732 -0.04013864 -5.915503 -8.068748 3.019835 1.82758 -0.2973989 20.27719 1.534828 0 0.0
0.03325236 0.06187937 -4.199005 -6.450112 1.720474 1.348302 -0.03173322 19.8402 1.494696 0 0.0
-0.01478574 0.07903246 -0.7123919 -9.044637 0.697417 0.5515881 0.06496396 18.99879 1.53035 0 0.0
-0.0511754 -0.0191099 -5.320741 -3.353169 0.5503756 0.386163 0.2508869 18.69482 1.904869 0 0.0
-0.03157477 -0.06449912 -26.24676 -18.67449 2.447968 1.599709 0.4003272 19.99758 nan 0 0.0
-0.05635164 -0.05047693 -3.067113 -8.708321 1.88059 1.18815 0.2078708 19.95045 2.025154 0 0.0
-0.01678861 -0.02875589 -0.6562508 -6.304698 3.71613 2.068571 0.6052524 20.2273 nan 0 0.0
0.01092174 -0.0272407 -1.326506 -4.711574 0.7351243 0.4518572 0.5792127 18.72068 nan 0 0.0
0.05376199 -0.007525927 -0.9392051 -5.605298 2.193743 1.542836 -0.08561333 20.10483 1.594297 0 0.0
0.03819514 -0.04611254 -7.168114 -4.081301 1.89512 1.345814 0.1322166 19.91873 nan 0 0.0
-0.01357082 0.05481504 3.132533 -8.875812 1.064192 0.7901585 0.4465081 19.43081 1.522501 0 0.0
0.06413896 -0.02369451 -7.441816 -5.014585 0.6193111 0.4130101 0.3809456 18.07299 1.878122 0 0.0
0.02660313 -0.04068453 -2.226703 -9.585866 2.98415 1.60107 0.5361864 20.13801 nan 0 0.0
0.008801941 0.04067064 -0.09678518 -2.098015 0.5956071 0.574859 -0.0547966 18.68556 nan 0 0.0
-0.0538659 -0.01919895 -14.79121 -12.39586 1.035992 0.685272 0.3601891 19.29281 1.212593 0 0.0
-0.002476137 -0.02984179 2.026231 -4.294547 1.377364 0.9054156 0.2219101 19.70532 1.119225 0 0.0
0.0413261 -0.01837704 -3.01532 -3.687544 2.066195 1.452374 0.4969821 20.10354 0.7595825 0 0.0
-0.07336877 0.01479559 0.4195852 -2.83156 0.2589636 0.1947281 0.4530778 17.27132 1.985428 1 0.0
-0.05516848 -0.04982591 -0.9124392 -1.417705 1.607274 1.013486 0.3309057 20.12604 1.532614 0 0.0
0.02532954 0.0338397 -5.049046 -4.58943 0.3939783 0.3048942 0.09018842 18.25491 1.822041 0 0.0
0.05874245 -0.003154992 -3.31878 -3.516523 0.3384123 0.2533764 0.2192152 17.53484 nan 0 0.0
-0.03258166 -0.02572685 -6.313731 0.5195969 1.571403 1.278778 -0.3821078 19.54664 1.578365 0 0.0
0.04933647 0.02368997 -2.741003 -4.569364 0.8208567 0.5096453 0.08514827 19.10718 1.8881 0 0.0
0.00260791 -0.05400027 -2.238779 -7.989524 1.251893 0.8099106 0.3430341 19.28882 1.42123 0 0.0
-0.0617755 -0.02027897 -1.53062 -0.9979235 0.4359156 0.299871 0.313227 18.52676 1.495842 0 0.0
-0.02476955 -0.06885371 6.302081 2.031318 1.343636 0.908349 0.3809932 19.15923 1.320862 0 0.0
0.01115893 -0.07455439 1.013827 -6.546704 0.7425427 0.4958494 0.3868398 18.90073 1.506834 0 0.0
-0.02876087 0.07299859 -9.267834 -2.314912 2.235319 1.649227 0.1320981 20.41931 nan 0 0.0
0.06667117 -0.01855575 5.091345 0.1123351 2.64377 1.831944 -0.06335929 19.92779 1.538387 0 0.0
0.01157754 0.06651685 -0.5669387 -3.359765 1.720307 1.270129 -0.03842602 19.82374 0.9946671 0 0.0
0.04623352 0.006132297 1.211778 -9.864182 1.520823 0.9562038 -0.2530991 19.63764 1.471821 0 0.0
-0.0525731 -0.02192964 0.7590576 -1.456861 1.935542 1.476162 0.2479917 19.86372 nan 0 0.0
-0.03334923 -0.06626205 3.792926 0.2623271 0.3057602 0.2141326 0.5516222 17.43332 1.577463 1 0.0
-0.02197524 -0.05637332 2.215521 -5.924524 0.8043336 0.5211093 0.486314 19.02471 1.568941 0 0.0
0.03367894 -0.03724185 -6.412687 -3.640588 1.642751 1.00024 0.2382282 19.94022 1.214155 0 0.0
-0.05169481 -0.002094688 -0.9843327 -8.104722 0.8494534 0.5671661 0.07612661 18.1612 1.716389 0 0.0
0.03476684 -0.0007126577 -4.158023 -5.981561 3.414065 1.945142 0.02596963 20.11722 nan 0 0.0
-0.02116649 -0.06575922 -6.433441 -6.908721 1.139892 0.7967506 0.2796628 19.66074 1.522476 0 0.0
0.001397415 -0.06471382 -7.220321 -4.500624 1.376173 0.952445 0.3818346 19.45298 1.334482 0 0.0
-0.01436749 -0.0276283 -33.56546 -25.6059 2.538773 1.58684 0.1906553 20.12719 1.042408 0 0.0
0.04550505 0.001785761 0.689473 -3.595018 2.207932 1.518567 0.02734753 20.08126 1.252216 0 0.0
0.01876121 0.03307239 3.394916 -7.233783 2.105962 1.660735 -0.2350219 20.144 nan 0 0.0
-0.04250429 0.02975445 -5.941995 -8.344657 1.348816 0.934287 0.5898489 19.48418 1.617085 0 0.0
-0.03430397 0.05983627 -17.25159 -8.967865 1.248658 0.7818909 0.3820455 19.54264 nan 0 0.0
0.02186069 0.0518897 4.6966 3.44186 2.330399 1.78563 -0.1971792 20.06287 1.769634 0 0.0
0.06430216 -0.02074013 -0.7768654 -0.185682 1.490855 1.141883 0.2013168 18.75341 1.690134 0 0.0
0.03949335 0.04608059 -0.6698106 -5.613802 1.931509 1.520715 -0.3519949 19.75682 1.206678 0 0.0
-0.07840844 0.02402168 -6.024009 -5.250782 1.299627 0.8751021 0.4305664 19.69449 1.41238 0 0.0
0.009956307 0.006023555 -6.755542 -7.757079 0.8296163 0.6614003 -0.03251417 18.53246 1.453405 0 0.0
-0.06646067 -0.01438044 0.08030215 -6.918352 1.249365 0.8758116 0.4839669 19.6249 nan 0 0.0
0.01047115 0.04202661 -7.753204 -7.922101 0.8806076 0.6441387 0.2246799 18.33101 2.258739 0 0.0
0.06694689 -0.007899567 -10.283 -6.753092 1.565245 1.130734 -0.3794337 19.74767 1.544725 0 0.0
0.01842594 -0.03810026 -1.568946 -1.922658 0.8559875 0.5608116 0.2728437 19.2702 0.8718605 0 0.0
0.0409083 0.01485677 -5.044344 -5.983785 0.09432553 0.06655042 0.0464058 15.30144 2.261194 1 0.0
0.001209685 -0.0180658 -1.887302 -2.300047 0.4127512 0.2848551 0.5872039 17.60069 1.70393 0 0.0
-0.03649545 0.01163113 -2.43427 -5.55916 1.399413 0.9867763 0.332707 19.81136 0.8244534 0 0.0
0.07708559 0.02152783 3.628625 -8.107423 1.076521 0.6828781 0.1895305 19.08959 1.559801 0 0.0
-0.03428161 0.07415092 -2.840101 -5.021179 0.9783809 0.6579929 0.391386 19.45373 nan 0 0.0
-0.007099914 -0.08266981 -4.334703 -0.2735294 0.852734 0.5776816 0.317839 19.29833 1.680309 0 0.0
0.04997047 -0.002023297 -1.016658 -5.314034 1.832517 1.298713 -0.1336778 19.86615 1.193836 0 0.0
0.03693511 -0.03389362 -3.967492 -4.054074 1.218546 0.7703726 0.4987685 19.06708 1.456057 0 0.0
-0.03205857 -0.06544721 -5.06062 -5.04706 1.674822 1.125571 0.2004819 19.79364 1.460491 0 0.0
-0.04135567 -0.01705716 2.057009 -4.36937 1.933904 1.355372 -0.1976398 19.90635 0.8609657 0 0.0
-0.03477423 -0.06737067 2.118962 -4.260556 1.715516 1.161222 0.3920492 18.95401 1.362619 0 0.0
0.02697921 0.06417758 -6.086028 -4.676986 0.1484288 0.1129188 -0.002753077 16.41124 2.237197 1 0.0
0.005433641 -0.02304602 -7.539752 -14.36985 2.254298 1.368628 -0.4455617 19.70355 nan 0 0.0
-0.01901807 -0.04843819 0.8538049 -0.7117964 0.6963721 0.4684636 0.6764128 18.61382 1.542168 0 0.0
-0.005144435 0.07269715 0.03109824 -1.42127 1.866765 1.255777 -0.1029711 19.8973 2.018591 0 0.0
-0.004088791 -0.06947462 -5.828575 -1.843475 0.8254098 0.564701 0.3391366 19.15206 1.508215 0 0.0
-0.01168111 0.008661244 -4.477224 -5.875496 0.3853584 0.2512011 0.4778001 17.78206 1.806673 0 0.0
0.007559841 -0.01256145 8.479885 10.03568 1.728024 1.293946 0.1278511 19.11821 1.397898 0 0.0
-0.02759841 0.05536356 -8.684863 -6.91122 2.46096 1.836427 0.2040326 20.49917 nan 0 0.0
0.07032591 0.01567882 1.338375 -2.186826 1.505711 1.071006 0.01579634 19.31403 1.531794 0 0.0
0.01496453 0.02479319 3.794955 1.889485 1.775898 1.379936 -0.1392003 19.93513 1.610458 0 0.0
-0.05862393 -0.0269491 -1.735853 -3.394291 0.8830852 0.5974283 0.3580229 19.33668 1.430323 0 0.0
-0.05577152 0.02351324 -5.6012 -6.322205 0.2037414 0.145088 0.1944381 17.08691 2.107736 1 0.0
0.05404812 -0.02706304 -3.265297 -5.703212 1.317403 0.8642345 -0.1990465 19.40183 1.586775 0 0.0
0.0754966 0.02015758 -2.67452 1.829773 1.423263 1.009224 -0.1071481 19.57861 1.482805 0 0.0
-0.01586681 -0.07653672 -4.704303 -8.396555 2.247436 1.864818 0.5860475 20.1289 0.7976284 0 0.0
0.04629586 -0.03641114 -0.9270142 -6.588863 2.907178 1.742037 0.5727442 20.23339 1.113871 0 0.0
0.05956 0.01532295 -8.956284 0.1234894 1.715024 1.248123 -0.22808 19.79064 nan 0 0.0
-0.005352697 -0.07063435 -2.123055 -1.754066 0.8697753 0.5942913 0.3266927 19.40412 1.832253 0 0.0
-0.03461933 0.03581502 2.169742 -5.212896 0.8839327 0.5498932 0.5353136 18.81889 1.599339 0 0.0
0.04599491 0.01450566 -0.6968815 -1.46892 0.07431716 0.05306234 -0.07596171 13.86181 2.236361 1 0.0
-0.008016438 -0.05228011 -6.762395 -3.808161 0.8566504 0.5823188 0.3336097 19.29112 1.857828 0 0.0
-0.05579426 -0.03614101 -4.757855 -5.708707 0.4354717 0.3414686 0.1509428 18.60039 1.773998 0 0.0
0.0130242 0.005554018 -8.497303 -0.4948488 1.27368 0.8078733 -0.7373702 18.70486 nan 0 0.0
0.0512227 0.02808361 -12.41817 -12.17328 2.054982 1.501626 0.2102571 19.63509 1.277248 0 0.0
0.04595055 -0.02613611 -0.6868444 -3.16924 0.3469996 0.23445 0.4005615 17.95261 1.761528 0 0.0
0.05953321 0.01554422 -5.872151 -7.911818 1.299074 0.9059037 -0.06899062 19.43583 nan 0 0.0
0.01301933 -0.03452319 0.1962998 -4.009496 0.1334899 0.08645731 0.1323541 16.20064 1.783946 1 0.0
-0.0745527 -0.02426774 -6.340446 -5.669963 0.1808089 0.131673 0.192752 16.9655 2.089464 1 0.0
0.07036618 -0.004964441 -0.4982127 -6.205414 2.555725 2.001331 -0.08341878 20.0841 1.223848 0 0.0
0.02022366 0.08004056 -7.258887 -4.192016 0.4757034 0.3503135 0.08933724 18.2676 1.984058 0 0.0
0.014133 0.04671446 -4.805898 -1.782447 0.5061144 0.4019728 0.1817223 18.54191 1.778278 0 0.0
-0.03964556 -0.05759911 -2.111523 -6.599231 0.2040569 0.1372022 0.2153341 17.00562 1.876081 1 0.0
-0.00513945 -0.03124379 0.1417195 -3.977967 0.3338886 0.2370102 0.487556 17.17157 1.637669 0 0.0
-0.06729431 -0.01513245 -3.003098 -4.681708 1.346027 0.9233237 0.5088755 19.7648 1.189535 0 0.0
0.07112223 -0.001045338 -5.167588 -2.619157 0.8845953 0.5767759 0.4179747 18.75173 1.745481 0 0.0
-0.07264812 0.0237034 0.3522759 -0.5657055 2.177431 1.510063 0.3229093 20.37441 1.503374 0 0.0
-0.008122696 -0.06978575 0.5554068 -1.490421 1.987338 1.32663 0.3805639 19.98028 nan 0 0.0
-0.04072736 -0.04193065 -8.352649 -4.771819 1.166248 0.8015448 0.3061235 19.60581 1.518738 0 0.0
-0.07550934 -0.003016725 4.70868 -1.761338 1.407683 0.9370121 0.3444676 19.59387 1.612591 0 0.0
-0.06741352 0.04609337 -7.402095 -6.998693 0.1310265 0.09304914 0.06232613 16.40092 1.844555 1 0.0
-0.05099546 0.05513564 -5.542334 -4.276912 0.2372075 0.1667105 0.3818818 17.1653 2.134398 1 0.02904476
0.05720061 0.03229583 -6.446062 -4.231188 0.9694698 0.6876736 0.04773383 18.88804 nan 0 0.0
0.003011935 -0.03362026 -12.87388 -8.650636 0.9737556 0.653554 0.280793 19.21557 1.167242 0 0.0
-0.02668844 -0.03084073 -4.8372 -4.82203 0.9629615 0.6701516 0.5055221 19.30129 1.401049 0 0.0
-0.02797051 0.03677255 -0.5982121 -4.620586 0.4384911 0.280123 0.1827521 18.31877 1.471373 0 0.0
0.002179366 0.03470098 -1.338695 -5.272883 1.063814 0.6923817 0.3463767 19.48786 1.574783 0 0.0
-0.04639129 -0.007388967 1.204153 -6.409931 0.7491784 0.5153121 0.1877222 18.01807 1.788767 0 0.0
0.003415482 -0.03303472 -5.088299 -5.1297 0.3413983 0.2399443 0.5671817 17.52907 nan 0 0.0
-0.04981372 -0.05432463 -6.812537 -8.756722 1.002223 0.7086021 -0.03970644 19.18874 1.561127 0 0.0
0.03310629 -0.06221458 -2.960326 -5.820093 0.6154065 0.4042324 0.3111121 18.36553 1.645285 0 0.0
-0.002152953 -0.04724062 -3.022773 -3.835826 1.025511 0.6738975 0.1809455 19.75291 1.066977 0 0.0
0.01136297 0.07450675 -2.58257 -3.937621 0.4449496 0.3516569 0.03914885 18.40643 0.8804073 0 0.0
0.04169068 0.01967443 -1.569316 -4.286504 0.5726564 0.359292 0.3907015 18.35971 1.478897 0 0.0
-0.03358191 0.07558928 -5.094505 -7.056872 0.5157116 0.40375 0.1304025 18.64558 1.673145 0 0.0
0.01594687 -0.06627902 -4.447001 -4.867643 0.3193532 0.2164413 0.3872108 17.87842 1.755148 0 0.0
-0.0181345 -0.02442643 -0.9409724 -4.368189 0.624802 0.4373806 0.3070031 18.95418 1.566465 0 0.0
-0.03791089 0.05677376 -7.564532 -7.485474 2.403845 1.566456 0.6785438 20.17814 1.007162 0 0.0
-0.06427608 -0.02295264 -1.921992 -3.456782 1.119251 0.8250542 0.004831733 19.35086 1.559212 0 0.0
0.02628478 -0.02258181 4.072414 -0.4729944 1.105092 0.753844 0.4653884 19.32614 nan 0 0.0
-0.06185669 -0.01945123 1.141956 -0.7550362 1.35481 0.9325266 0.4343185 19.85112 nan 0 0.0
0.04365858 -0.03876943 -0.03471879 -4.153372 1.403975 0.9328152 -0.218244 19.62698 1.164625 0 0.0
-0.06538345 -0.01593998 -1.472633 -5.221888 0.1533301 0.1058015 0.107102 16.55645 2.033144 1 0.0
0.05618943 0.003310383 -3.329962 -2.297899 1.096394 0.7885396 -0.3621183 19.1949 nan 0 0.0
-0.02544188 0.04440448 -0.09907522 -6.69864 0.916795 0.6150804 0.3310781 19.31724 1.369379 0 0.0
0.0248653 0.005294432 1.917847 -7.440719 0.3441148 0.2560915 0.4820058 17.71231 1.580593 0 0.0
-0.04332335 -0.008305117 1.602427 1.133523 0.7992507 0.620772 0.5258555 17.28665 1.848796 0 0.0
0.06074458 0.0159479 -4.259056 0.4392282 1.399099 0.9778958 -0.09378652 19.61136 1.229439 0 0.0
-0.04978106 -0.008899202 -3.156799 -7.48547 0.6170477 0.4060673 0.1913462 18.27518 1.466167 0 0.0
-0.02762741 -0.04096135 -3.618813 -2.371922 1.592319 1.444828 -0.02782042 20.10112 1.791618 0 0.0
0.05883353 0.01571055 -13.4001 -10.28225 1.020995 0.6541134 0.3325719 18.85842 1.821718 0 0.0
-0.0493171 -0.02305342 -4.283232 -5.628032 1.113363 0.744476 0.3100142 19.47544 nan 0 0.0
0.0442237 -0.03826802 -2.529587 0.3328355 2.192869 1.663156 0.09809048 20.06679 nan 0 0.0
0.004980618 0.07073069 -1.502982 -5.93955 1.89109 1.284433 -0.06053737 19.9023 1.71026 0 0.0
-0.06524424 0.02056485 -5.022697 -5.585798 0.6564097 0.4529154 0.2831905 18.5875 1.73274 0 0.0
-0.02030499 0.07148228 -4.581307 -3.381556 2.8971 1.709296 -0.1453198 20.20852 1.733028 0 0.0
-0.01688442 0.06713603 -6.514068 -7.127932 0.1838343 0.1410017 -0.08821917 16.9695 1.994027 1 0.0
-0.06796824 -0.01313016 1.379049 -9.414091 1.917396 1.53307 0.0774642 20.33691 nan 0 0.0
0.07993726 0.019647 -7.58181 -8.302968 0.4345368 0.2959969 0.2338938 17.92179 1.842707 1 0.0
0.04068382 -0.009282552 -5.171285 -3.455699 0.1290642 0.09168352 0.1168609 15.91684 2.203085 1 0.0
-0.03367747 0.03682622 -6.245787 -7.48684 1.813286 1.132819 0.3960846 19.99015 1.486425 0 0.0
0.01554845 -0.03195624 2.175199 1.596672 1.839075 1.162383 0.2593896 19.41061 nan 0 0.0
0.03998494 -0.007334886 -4.693382 -1.5571 0.3264159 0.2366248 0.3820349 17.60978 1.787357 1 0.0
0.01731362 0.0703403 -2.878083 -7.426851 1.931507 1.580596 -0.1265698 20.24968 1.807848 0 0.0
-0.05252623 -0.06256185 -16.39339 -8.384937 0.9478665 0.6560567 0.2810967 18.96826 0.7114449 0 0.0
