data/gcs/NGC_6838_M_71.ecsv
# %ECSV 0.9
# ---
# datatype:
# - {name: x, unit: deg, datatype: float64}
# - {name: y, unit: deg, datatype: float64}
# - {name: pmx, unit: mas / yr, datatype: float64}
# - {name: pmy, unit: mas / yr, datatype: float64}
# - {name: pmx_e, unit: mas / yr, datatype: float64}
# - {name: pmy_e, unit: mas / yr, datatype: float64}
# - {name: pm_corr, datatype: float64}
# - {name: g_mag, unit: mag, datatype: float64}
# - {name: bp_rp, unit: mag, datatype: float64}
# - {name: filter, datatype: int64}
# - {name: memberprob, datatype: float64}
# meta: !!omap
# - comments: [deg deg mas/yr mas/yr mas/yr mas/yr dimless mag   mag   zeroone float]
# - __serialized_columns__:
#     bp_rp:
#       __class__: astropy.units.quantity.Quantity
#       unit: &id001 !astropy.units.Unit {unit: mag}
#       value: !astropy.table.SerializedColumn {name: bp_rp}
#     g_mag:
#       __class__: astropy.units.quantity.Quantity
#       unit: *id001
#       value: !astropy.table.SerializedColumn {name: g_mag}
#     pmx:
#       __class__: astropy.units.quantity.Quantity
#       unit: !astropy.units.Unit {unit: mas / yr}
#       value: !astropy.table.SerializedColumn {name: pmx}
#     pmx_e:
#       __class__: astropy.units.quantity.Quantity
#       unit: !astropy.units.Unit {unit: mas / yr}
#       value: !astropy.table.SerializedColumn {name: pmx_e}
#     pmy:
#       __class__: astropy.units.quantity.Quantity
#       unit: !astropy.units.Unit {unit: mas / yr}
#       value: !astropy.table.SerializedColumn {name: pmy}
#     pmy_e:
#       __class__: astropy.units.quantity.Quantity
#       unit: !astropy.units.Unit {unit: mas / yr}
#       value: !astropy.table.SerializedColumn {name: pmy_e}
#     x:
#       __class__: astropy.units.quantity.Quantity
#       unit: &id002 !astropy.units.Unit {unit: deg}
#       value: !astropy.table.SerializedColumn {name: x}
#     y:
#       __class__: astropy.units.quantity.Quantity
#       unit: *id002
#       value: !astropy.table.SerializedColumn {name: y}
# schema: astropy-2.0
x y pmx pmy pmx_e pmy_e pm_corr g_mag bp_rp filter memberprob
[from data line 12000]
-0.06153389 -0.118366 -3.091371 -5.130445 0.4222611 0.431034 0.243078 19.38431 1.28516 1 0.0
-0.1105861 0.07857559 -3.270443 -3.076024 0.09931305 0.0998331 0.149765 16.97898 1.18276 1 0.06753408
-0.1029241 -0.04859028 -2.559966 -5.535139 0.951791 1.20075 0.2206754 20.42694 0.6929379 0 0.0
0.1133692 0.08635942 -6.74458 -6.360936 2.082863 1.938361 0.3862654 20.86584 0.8666077 0 0.0
-0.08376317 0.008375425 -3.211029 -2.861447 0.4737407 0.5148313 0.2348762 19.31648 1.205238 0 0.0
-0.1214736 -0.08163227 -3.040847 -5.297488 0.8974208 1.111603 0.2619059 20.38257 1.492466 0 0.0
-0.1002478 -0.01922636 -3.140021 -2.419556 1.930591 1.835368 0.1583453 20.72468 1.185163 0 0.0
0.09213437 0.05091558 -2.873248 -2.862116 0.2780283 0.2617734 0.155865 18.67858 1.110056 1 0.7121077
-0.1044049 -0.1063992 -2.30393 -4.119507 0.2224889 0.2220636 0.2062127 18.4417 1.084303 0 0.0
-0.1077033 0.07064679 -6.707811 -8.771074 2.006858 2.197792 0.2132117 20.83103 1.238333 0 0.0
-0.03749436 0.06841926 -3.577186 -3.002138 0.2680478 0.2859166 0.1742448 18.64782 1.17186 1 0.948092
0.05424761 0.02177963 -2.5131 -6.11582 0.4744714 0.4421593 0.2038055 19.44391 1.04114 1 0.0
-0.1163513 0.01056915 -3.895537 -5.334348 0.5398225 0.5255041 0.2505678 19.73833 1.321911 1 5.027247e-05
-0.01508736 0.01421656 -3.306844 -2.551238 0.06356525 0.06597574 0.164894 16.06347 1.230466 0 0.0
0.1539891 0.03613685 -1.410622 -1.026552 0.2731101 0.2470222 0.1760584 18.59828 1.261665 1 0.0
0.0248082 0.03010783 -3.429577 -2.977397 0.4196852 0.3796536 -0.06198264 19.02925 1.077871 0 0.0
-0.01303862 -0.01794151 -2.213399 -8.887266 0.7643983 0.8067516 -0.02113879 19.90254 0.9258156 0 0.0
-0.1235672 -0.0985432 4.00895 3.008656 1.363869 1.336565 0.2710051 20.35326 1.313957 0 0.0
-0.02958565 0.04144588 -2.284838 -1.819794 0.6669289 0.5884542 0.1677318 19.7887 0.9201202 0 0.0
-0.0225037 -0.1387518 -1.69162 -4.032582 0.3788883 0.4639979 0.3148761 19.24192 1.248732 1 0.0
-0.08348657 -0.01647365 0.03972292 -7.310636 0.5333822 0.579876 0.1683815 19.77035 0.7928791 0 0.0
0.1044405 -0.04467929 -4.58888 -5.667661 1.53894 1.506965 0.2511131 20.72264 nan 0 0.0
-0.1646331 -0.0237553 -3.795301 -3.697399 0.284108 0.2908557 0.2257538 18.78728 1.166119 1 0.01687687
0.02518545 0.01873628 -0.8745226 -4.659718 0.4338003 0.464871 0.1040462 19.24934 nan 0 0.0
-0.04867114 -0.03053111 -3.788804 -3.998784 0.1016677 0.1117203 0.1656385 16.99377 0.853241 1 0.0
0.1124858 -0.01764888 -3.147968 -6.540635 0.1304519 0.1282504 0.2311916 17.50512 1.055243 0 0.0
-0.1226846 -0.07732651 0.9589426 -0.2688725 0.3852742 0.3940832 0.2580034 19.30051 1.552971 1 0.0
-0.07707899 -0.09587006 -2.462517 1.637481 0.7449448 0.8369837 0.0978496 19.4327 nan 0 0.0
-0.07876069 0.0174539 -2.308971 -8.243652 0.1658415 0.1683377 0.1217421 17.8865 1.296993 1 0.0
-0.1023501 -0.1030015 -2.791661 -6.013781 1.11852 1.214452 0.3223227 20.6168 0.742382 0 0.0
0.01479518 -0.09617313 -7.088141 -2.331492 2.344397 3.32051 0.02393115 20.8717 0.3441544 0 0.0
-0.145539 0.03524242 -2.275645 -5.785111 0.1364924 0.1412509 0.1842704 13.88181 4.415236 0 0.0
0.05413003 -0.06196064 -3.648854 -2.834235 0.178211 0.1841443 0.2421161 18.04375 1.058144 1 0.9718647
-0.1281247 0.06712486 -3.122162 -3.130383 0.2709851 0.2507491 0.119104 18.53979 1.205446 1 0.4443927
-0.09210659 -0.03308217 4.291793 -1.237658 0.731348 1.266615 0.1176984 19.93404 nan 0 0.0
-0.06091764 0.06685064 -3.272448 -1.097763 1.607851 1.840275 0.3661396 20.63722 0.7042618 0 0.0
-0.0323774 0.09419027 -3.551301 -2.335759 0.07379393 0.07451354 0.06701696 16.39015 1.402839 1 0.8703577
-0.1224547 0.0004378263 -2.429348 -2.89785 0.3661653 0.3697776 0.2250776 19.21539 1.23027 1 0.1400342
0.05407398 0.0226951 -1.70144 -5.264234 0.5129329 0.5625881 0.172659 19.41853 nan 0 0.0
-0.01034981 0.006001255 -2.606659 -2.540412 0.5756846 0.6666838 0.5900629 18.62926 0.9171276 0 0.0
0.07819113 0.0960459 -3.43494 -7.045261 0.3650973 0.3208898 0.2134605 18.89769 1.474619 1 0.0
0.02321976 0.02727138 -1.409148 -5.380339 0.5006215 0.4416999 0.07182949 19.35628 0.9553223 1 0.0
-0.00324386 -0.07126189 -3.683039 -8.825833 0.0836744 0.08247083 0.1389835 16.62675 1.300033 1 0.0
-0.07754156 -0.09592706 -3.407146 -3.259063 0.373375 0.3773313 0.1729624 18.96065 1.272781 0 0.0
-0.07410377 -0.03548858 -2.208312 -6.720829 1.150586 1.18352 0.06045216 20.53507 nan 0 0.0
-0.08293479 -0.06972709 1.213919 -3.465574 0.5212836 0.523508 0.2096035 19.72237 0.9914017 0 0.0
-0.01968045 0.0186211 -3.756522 -3.885589 1.494445 1.771309 -0.005082471 20.48086 nan 0 0.0
0.0177145 -0.09108977 -8.967451 -5.293767 1.399795 1.406576 0.0231539 20.66385 1.317225 0 0.0
-0.0299033 0.04196092 -6.397086 -3.553793 1.760875 1.810676 -0.51188 20.01371 nan 0 0.0
-0.116535 -0.04623538 -2.611996 -9.378069 0.9435886 1.079815 0.1811803 20.34464 0.7101269 0 0.0
0.1640862 0.02002356 -2.84453 -4.8749 0.3521707 0.3260674 0.1917559 18.97954 1.016853 0 0.0
-0.1082313 -0.03191292 -2.499953 -3.539265 0.09129104 0.1051148 0.1712639 16.93793 1.091816 1 0.0
0.06981998 -0.05054702 -1.174461 -4.934866 0.4737486 0.5954772 0.2815458 19.44673 nan 0 0.0
-0.01376464 -0.06237122 -3.461338 -2.629329 0.2304803 0.2273508 0.2162475 18.35967 1.028933 1 0.9882474
0.02073535 0.02735879 -4.308984 -3.186329 1.244679 1.317181 0.3215369 20.27056 1.469404 0 0.0
0.03709857 -0.02905586 -3.483554 -2.942569 0.6387644 0.7273218 0.3571179 19.70033 nan 0 0.0
0.05636908 0.07049972 -0.9895455 -2.615218 0.128838 0.13846 0.07426036 17.23954 nan 0 0.0
-0.0573733 0.04317921 -2.368512 -4.04028 0.6324837 0.6184089 0.2451689 19.84249 1.080761 0 0.0
-0.1486009 0.002648493 -0.9012562 -5.261192 0.5163077 0.4780572 0.2660025 19.55869 1.171108 0 0.0
-0.02342087 -0.07964118 -3.11593 -6.170459 0.4652201 0.4611877 0.1755842 19.48643 nan 0 0.0
0.001380308 0.01047177 -3.434169 -2.272695 0.2323281 0.3098383 0.2835914 17.47069 nan 0 0.0
-0.04738321 0.02780478 -3.569473 -2.394318 0.143856 0.1922948 0.2685744 17.12441 1.360231 0 0.0
0.1081775 0.0317658 -2.924928 -7.562732 0.02808211 0.02686403 0.07398948 13.94637 1.752624 1 0.0
-0.0955217 -0.09323801 -2.235068 -2.37885 0.4037158 0.3972336 0.1962463 19.34785 1.220707 0 0.0
-0.06171368 0.1012156 -4.354854 -6.29206 0.6666214 0.6742446 0.2031279 19.91269 1.098696 1 1.053753e-05
-0.1164485 -0.004538891 -3.386458 -6.106465 0.3738849 0.3796213 0.2403257 19.27277 1.353945 1 0.0
0.1367585 -0.01769579 -1.190082 -3.462797 1.411297 1.626911 0.3336628 20.7576 nan 0 0.0
-0.01838053 0.01750707 -1.838517 -2.594799 1.122902 1.673159 0.2772815 19.88029 nan 0 0.0
-0.002231588 -0.02665286 -3.602151 -2.739864 0.5467456 0.5205503 0.193059 19.34462 1.434847 0 0.0
-0.140737 0.04323967 -5.472485 -5.070013 0.1254848 0.1259419 0.1705188 17.45462 1.36323 1 0.0
-0.001508899 0.001165815 -3.457672 -2.234191 0.4206296 0.5776067 0.07180444 18.06043 nan 0 0.0
0.01060035 -0.04899712 -2.221255 -3.640841 0.4478897 0.4654103 0.2397982 19.36243 nan 0 0.0
-0.02839743 0.06446927 -6.242277 -7.426843 0.3455943 0.374089 0.3764572 18.82864 1.267563 1 0.0
-0.121946 -0.05526667 -3.450746 -2.70547 0.2077654 0.2332919 0.2169155 18.31926 1.153849 0 0.0
0.06689551 -0.03691257 -4.280559 -5.567066 0.8037614 0.7734916 0.2705311 20.12078 1.446375 0 0.0
-0.01537631 0.01370923 -2.946558 -2.90919 0.1265253 0.143001 0.1213972 17.21986 1.141123 0 0.0
-0.1444434 -0.03463999 -1.175858 -6.149431 0.7527476 0.7233975 0.06786417 20.07771 2.00292 1 0.0
-0.1541276 -0.00637212 -8.222336 -17.95897 2.088064 3.605627 0.3028783 20.91339 1.865383 0 0.0
0.0746924 0.04164295 -2.990257 -4.588461 0.2251727 0.216553 0.253965 18.27336 1.030659 1 0.0
0.0563838 0.02661546 -3.694502 -2.612896 0.3152799 0.3072919 0.1747085 18.86972 1.249826 1 0.9773071
0.0772502 0.07000637 -7.573749 0.787235 2.248755 2.210206 0.05002706 19.55296 1.339544 0 0.0
0.105889 0.04178555 0.1846048 -2.241019 0.205692 0.1917721 0.1091628 18.22379 1.148224 1 0.0
0.04838163 0.02685902 -3.609727 -6.853143 1.025821 1.055157 0.1180006 20.34923 0.8607121 0 0.0
0.03364589 0.04009052 -3.263849 -2.418422 0.2199001 0.206042 0.159855 18.30754 1.014914 0 0.0
-0.004109285 -0.0001349536 -3.082076 -3.995278 0.2264322 0.2599893 0.04231325 17.89566 1.117371 0 0.0
-0.07126132 -0.07952666 -3.332987 -2.8271 0.03833983 0.04193069 0.09799749 12.32085 1.82683 1 0.948349
0.1366426 -0.01730678 -1.965095 -5.664045 1.05395 1.061084 0.2840411 20.35631 nan 0 0.0
0.06682817 -0.01281134 -4.738796 -4.679566 0.9769604 1.11234 0.2311771 20.29261 1.112434 0 0.0
-0.07688213 0.01899036 -3.336057 -2.575744 0.02811792 0.03013253 0.1180708 14.24749 1.416586 1 0.9964941
-0.06234821 -0.131307 -3.193542 -4.826102 0.2390802 0.2579929 0.1950493 18.54348 1.148951 1 0.0
-0.004427901 -0.03031874 -4.428486 -2.691753 0.303839 0.2647013 0.2574925 18.55457 1.038692 0 0.0
0.1515951 -3.057352e-05 -1.933201 -3.401699 0.1693863 0.1482693 0.1116584 17.7825 1.37344 1 0.0
-0.02045583 0.05678342 -3.719857 -4.20661 0.6860823 0.6529173 0.1676409 19.94501 1.113672 0 0.0
0.069835 0.05265962 -3.598553 -5.309303 0.6642526 0.5942358 0.1198653 19.84822 0.2143269 0 0.0
-0.01630321 -0.01110528 -3.619999 -2.57412 0.2289685 0.2401312 0.007542247 18.1744 0.9817715 0 0.0
-0.1066914 0.02674089 3.076541 0.5645653 4.025555 2.318299 -0.05618688 20.81436 nan 0 0.0
-0.08665991 0.1056573 -5.296897 -7.017681 0.3797263 0.4373449 0.005811309 19.05499 nan 0 0.0
-0.04056665 0.0233894 -2.801087 -2.644012 0.3385953 0.422735 0.217354 19.00775 1.079235 0 0.0
0.05899596 0.07414365 -4.111933 -7.480848 1.015266 0.9900545 0.163319 20.29398 nan 0 0.0
-0.02890697 -0.04359718 -1.766109 -1.572915 0.7671438 0.728444 0.3219075 19.66982 nan 0 0.0
-0.03647399 -0.02089445 -0.9130935 -6.040017 0.03477072 0.03959239 0.03673846 14.85373 1.572421 1 0.0
-0.02629273 -0.1448472 -2.776137 -6.122341 0.381637 0.4287973 0.2653653 19.02515 1.121468 1 0.0
-0.01789136 -0.0009294182 -3.782159 -2.717931 0.9557466 0.4388337 0.7607097 17.35771 1.178465 0 0.0
0.03627444 0.04049161 -3.222072 -2.594292 0.2770249 0.2651865 0.190777 18.59537 1.135588 0 0.0
0.02446332 0.01788359 -3.139448 -6.004242 3.551477 1.97803 -0.3241385 20.48526 nan 0 0.0
0.03379601 0.01176452 -2.845656 -3.331846 0.5282796 0.5773742 0.06135257 19.51363 1.198679 0 0.0
-0.006995284 0.07930619 3.298731 -4.507029 1.211278 0.7687618 -0.2814153 19.96034 nan 0 0.0
-0.06396886 0.01781194 -3.926305 -6.25117 0.686381 0.7160769 0.4021562 19.49665 nan 0 0.0
-0.01866079 0.09526584 -3.908835 -7.841539 2.474733 3.020167 0.07897907 20.89037 -0.05940247 0 0.0
-0.1083208 -0.03637415 -4.106733 -5.965314 1.302781 1.492772 0.210245 20.66492 1.114994 0 0.0
0.009299892 -0.05097321 -4.068407 -2.800705 0.1691675 0.1838255 0.08103383 17.6666 1.079878 0 0.0
0.0247874 -0.02486196 -3.59751 -3.139893 0.2203203 0.2142608 0.2428773 18.29267 1.154486 0 0.0
-0.0698789 0.1169601 -3.466225 -7.304317 3.106001 3.632177 -0.05406905 20.96123 1.071001 0 0.0
-0.01887271 0.008115336 -4.071135 -2.020031 0.152907 0.2060726 0.01227456 17.22789 1.071186 0 0.0
-0.01361432 0.009537711 -3.349294 -2.646651 0.152939 0.1876625 0.1215143 17.82857 nan 0 0.0
0.1120105 -0.0416055 -2.424097 -2.889377 0.7091542 0.6387542 0.2166248 19.99061 0.883976 1 0.4229444
0.05614215 -0.02846313 -8.350981 -6.040141 0.2823956 0.2979009 0.1988699 18.63893 1.137779 0 0.0
0.1451978 -0.01965711 1.635537 -1.441962 0.9166645 0.9348013 0.2179603 20.38436 1.316822 0 0.0
-0.1193021 0.005058979 -2.465507 -5.285418 1.279009 1.299539 -0.1077131 20.48914 nan 0 0.0
0.06938643 -0.05048998 -3.333381 -2.484197 0.1710866 0.180947 0.1924379 17.97677 1.194319 0 0.0
-0.006537911 -0.04165595 -3.439772 -2.510087 0.3787099 0.3637429 0.05442455 18.97792 1.056387 1 0.9824498
-0.02876254 -0.0440359 -4.632899 -5.291632 0.1479964 0.1717555 0.101804 17.77935 1.044432 0 0.0
0.1463713 0.02653609 -2.835177 -2.006713 1.020467 0.8769189 0.2281262 20.11045 0.8396473 0 0.0
0.02302505 -0.02767554 -3.221277 -2.145311 0.4955471 0.5928341 0.3515851 19.32671 1.268812 0 0.0
-0.0231989 -0.1475446 -1.354668 -4.046739 0.3535232 0.3705248 0.2509819 19.13732 1.206543 1 0.0
-0.007604456 0.01954328 -3.496286 -2.329705 0.2517495 0.3588816 0.4111609 18.2868 1.358843 0 0.0
0.02446336 0.01764135 -3.902321 -2.572023 0.5911437 0.4412372 -0.386564 18.9194 nan 0 0.0
-0.08141496 -0.09495631 4.782578 8.169605 2.322674 2.684711 0.4827148 20.72993 nan 0 0.0
-0.007081937 0.07895715 -2.388013 -3.54486 0.5935613 0.6002313 0.1130063 19.55121 1.059656 0 0.0
0.03703548 -0.004950804 -3.062957 -4.056763 0.5252757 0.7107455 -0.2321012 18.99113 nan 0 0.0
-0.1431872 -0.05280092 -3.303906 -6.514495 1.579291 1.725842 0.09318028 20.77315 -1.23436 0 0.0
0.0175644 -0.03757725 -2.953838 -2.96464 0.4794393 0.4908563 0.1547431 19.47628 1.228254 0 0.0
-0.03040597 -0.02234143 0.2182573 -6.612938 0.6015025 0.7537774 0.3016342 19.25626 1.212727 0 0.0
0.09383379 0.05943473 -0.4338811 -6.871958 0.3907098 0.334129 0.1494835 19.18151 1.675772 1 0.0
-0.07768775 -0.03655127 -2.510477 -5.771569 1.672924 2.066797 0.2588217 20.77732 0.6611519 0 0.0
-0.05645398 0.02820621 -3.335724 -2.896184 0.2736035 0.2734032 0.2016583 18.58777 1.084774 1 0.9702357
0.1553769 0.03480107 -2.790503 -4.559264 0.3807651 0.3399555 0.1595142 19.13509 1.363325 1 0.0
0.04751263 0.03516718 -9.445564 -6.067146 0.7154421 0.7029972 0.07563054 19.9583 nan 0 0.0
0.01957971 0.02825892 0.2040097 -3.679544 2.7745 1.597339 -0.2497521 20.24445 nan 0 0.0
-0.02624312 -0.0114073 -1.962811 -4.66053 0.384259 0.4619388 0.2312118 19.00811 1.966616 0 0.0
-0.02412417 -0.1467377 -1.448391 7.184026 1.769438 1.909537 0.2029775 20.297 1.356144 0 0.0
-0.01049456 0.001343518 -8.979415 0.2484774 0.7712505 1.181864 -0.02016207 17.39536 1.019121 0 0.0
-0.1281092 0.01163626 -0.02112389 -6.023278 0.09872818 0.09398887 0.1666751 16.98904 1.255648 1 0.0
-0.08963374 -0.002104344 -1.348394 -2.620732 0.1371741 0.1407455 0.1643945 17.60814 1.03145 1 0.0
0.02112551 -0.08945097 3.295671 -5.046978 1.522108 1.761636 0.2336977 20.63623 1.377857 0 0.0
-0.09579988 -0.0739603 -2.363123 -3.101182 0.5456921 0.5591224 0.2362904 19.62164 1.339291 0 0.0
0.1522231 0.008463419 -1.110934 -5.107891 0.1828534 0.1577732 0.1680535 17.8885 1.276506 1 0.0
-0.0816476 -0.03790171 -2.73813 -3.532282 1.269385 1.432113 -0.06588317 20.37965 nan 0 0.0
-0.029755 -0.09998394 -1.460642 -2.620355 0.09146718 0.09607772 0.1754944 16.92002 0.9067688 1 0.0
-0.03599189 0.07145352 -3.334786 -2.8301 0.3025892 0.2968881 0.1555766 18.81026 1.135647 1 0.9603851
-0.0304127 -0.05975787 -5.104141 -4.190528 0.2888656 0.2570884 0.06270284 18.52547 1.125296 0 0.0
0.04087679 0.001544606 -1.735881 -4.344651 0.9218311 1.244454 0.06558085 20.28907 1.144053 0 0.0
-0.04936166 -0.1192283 -4.535845 -4.732222 0.2217452 0.2300497 0.2256398 18.40695 1.108414 1 0.0
-0.08614727 -0.02095077 -5.703957 -5.86317 0.5665802 0.5887733 0.2068059 19.83043 0.6528282 0 0.0
-0.02383533 -0.1492134 -4.554481 -5.241476 0.4509908 0.4771214 0.2522377 19.34351 1.265568 0 0.0
-0.06993769 -0.0942443 -3.321664 -5.313621 0.897571 1.09086 -0.05165261 20.2927 nan 0 0.0
-0.006654905 -0.07707539 -2.104913 -3.456655 1.29124 1.352717 0.2290783 20.66283 1.627497 0 0.0
0.0543536 -0.0381664 -3.064402 -2.015329 0.2092002 0.2179248 0.2290493 18.3271 1.141293 1 0.8361612
-0.1508246 -0.0285881 -5.698114 -6.572647 0.3212331 0.3274871 0.2084972 19.02048 1.131208 1 0.0
-0.006653858 -0.05047552 -3.725894 -3.277144 0.158828 0.1892997 0.2876611 17.68483 1.111351 0 0.0
0.03220494 0.022535 -4.486296 -3.46811 1.196974 1.27172 0.03995878 20.46709 nan 0 0.0
-0.01930497 0.01786575 -3.750586 -2.322476 0.1283242 0.1525769 0.06002498 17.30926 nan 0 0.0
-0.02405674 -0.07914136 -0.9082595 -2.454805 0.3256895 0.3575793 0.1892212 18.82992 1.225365 0 0.0
0.147932 -0.007131076 -2.354395 -3.495638 0.3777429 0.3399709 0.2018008 19.14135 1.088318 1 0.002393766
-0.09511439 -0.03724806 -0.9065207 -4.99914 0.8653183 0.9032674 0.1618813 20.24019 1.055218 0 0.0
0.01862871 0.007462996 -10.60822 -21.39026 1.240971 1.584234 -0.2477781 20.16694 nan 0 0.0
