data/gcs/NGC_6539.ecsv
# %ECSV 0.9
# ---
# datatype:
# - {name: x, unit: deg, datatype: float64}
# - {name: y, unit: deg, datatype: float64}
# - {name: pmx, unit: mas / yr, datatype: float64}
# - {name: pmy, unit: mas / yr, datatype: float64}
# - {name: pmx_e, unit: mas / yr, datatype: float64}
# - {name: pmy_e, unit: mas / yr, datatype: float64}
# - {name: pm_corr, datatype: float64}
# - {name: g_mag, unit: mag, datatype: float64}
# - {name: bp_rp, unit: mag, datatype: float64}
# - {name: filter, datatype: int64}
# - {name: memberprob, datatype: float64}
# meta: !!omap
# - comments: [deg deg mas/yr mas/yr mas/yr mas/yr dimless mag   mag   zeroone float]
# - __serialized_columns__:
#     bp_rp:
#       __class__: astropy.units.quantity.Quantity
#       unit: &id001 !astropy.units.Unit {unit: mag}
#       value: !astropy.table.SerializedColumn {name: bp_rp}
#     g_mag:
#       __class__: astropy.units.quantity.Quantity
#       unit: *id001
#       value: !astropy.table.SerializedColumn {name: g_mag}
#     pmx:
#       __class__: astropy.units.quantity.Quantity
#       unit: !astropy.units.Unit {unit: mas / yr}
#       value: !astropy.table.SerializedColumn {name: pmx}
#     pmx_e:
#       __class__: astropy.units.quantity.Quantity
#       unit: !astropy.units.Unit {unit: mas / yr}
#       value: !astropy.table.SerializedColumn {name: pmx_e}
#     pmy:
#       __class__: astropy.units.quantity.Quantity
#       unit: !astropy.units.Unit {unit: mas / yr}
#       value: !astropy.table.SerializedColumn {name: pmy}
#     pmy_e:
#       __class__: astropy.units.quantity.Quantity
#       unit: !astropy.units.Unit {unit: mas / yr}
#       value: !astropy.table.SerializedColumn {name: pmy_e}
#     x:
#       __class__: astropy.units.quantity.Quantity
#       unit: &id002 !astropy.units.Unit {unit: deg}
#       value: !astropy.table.SerializedColumn {name: x}
#     y:
#       __class__: astropy.units.quantity.Quantity
#       unit: *id002
#       value: !astropy.table.SerializedColumn {name: y}
# schema: astropy-2.0
x y pmx pmy pmx_e pmy_e pm_corr g_mag bp_rp filter memberprob
[from data line 4343]
0.01315977 0.002651319 -5.888594 1.047877 2.71878 2.055924 -0.07118993 20.187 2.215759 0 0.0
-0.04665392 0.07775702 -4.677998 -8.619752 1.358524 1.336362 0.3503019 19.83124 2.340719 0 0.0
-0.02559199 0.01347592 -1.92871 -4.936931 0.3361214 0.2689723 0.2097924 18.04556 2.330086 1 0.0
0.04159468 -0.004874504 -7.173547 -2.875207 0.8325052 0.8840187 0.2792482 19.44411 2.063915 1 0.9884683
0.05966414 0.0684323 -7.829575 -7.572108 1.955121 1.748579 0.4632065 20.22036 1.226665 0 0.0
-0.03013054 0.02531167 -6.402994 -4.537009 0.5074149 0.4068803 0.243936 18.6979 2.155767 1 0.8583057
0.03152561 0.0529891 -7.89559 -4.12428 1.515899 1.285392 0.563907 20.08964 2.025074 1 0.9525666
-0.005232878 0.02209834 -7.645016 -3.70229 0.3935122 0.3163402 0.2099058 18.31355 2.255247 0 0.0
0.08277406 0.04172561 -2.057507 -1.85932 2.12556 1.841708 0.2939024 20.15589 1.738867 0 0.0
0.001452865 0.03402835 5.810269 0.9892225 0.2012965 0.1707459 0.1643814 17.05746 1.859251 1 0.0
0.0587273 0.07638702 -7.422571 -3.36001 0.2550119 0.2048254 0.1922144 17.4559 2.299295 1 0.9703221
0.08746231 0.0366559 -0.8377451 -6.138337 1.023312 1.01967 0.3494579 19.71012 1.772867 0 0.0
0.04323709 0.08409263 -1.733648 -4.785563 1.31514 1.326136 0.452793 19.94946 1.988955 0 0.0
-0.0310124 0.08881341 -6.883455 -3.219367 0.2907594 0.2337402 0.1293243 17.76134 2.287437 1 0.9890072
-0.002086549 -0.001978573 -2.493791 -14.71336 1.157087 0.9333876 -0.1835991 18.51934 nan 0 0.0
0.01727598 0.05552525 -5.706688 -1.492727 2.425694 2.098768 0.4208952 20.35332 1.613146 0 0.0
0.05854598 0.07794868 -5.851833 -6.128138 1.333297 1.234911 0.5655908 19.43009 2.369909 0 0.0
-0.003538803 0.02690011 -6.527036 -3.38763 1.452972 1.389995 0.2197049 20.07667 1.771061 0 0.0
-0.04986062 0.07399203 -0.9048779 -5.570096 0.5844106 0.4493505 0.2310613 18.61573 2.305641 1 0.0
-0.006260991 -0.009330966 -13.19632 -7.42903 3.267081 2.800358 0.2273893 19.91446 nan 0 0.0
-0.009045987 0.08681077 2.376991 -2.472964 2.581969 2.435082 0.542088 20.69935 2.019878 0 0.0
0.04894621 0.001656438 -6.243665 -3.652339 1.122585 0.9781684 0.2067479 19.74646 2.075859 0 0.0
0.04504094 -0.02637973 -1.812683 0.01195647 1.363874 1.274484 0.4441922 19.94402 1.765825 0 0.0
0.03052265 -0.0115946 -6.890646 -3.71523 0.3012838 0.2348138 0.097378 17.52603 2.304964 0 0.0
-0.01433805 0.001121111 -7.115286 -3.174331 1.287036 1.389857 0.2969327 19.95904 2.072296 0 0.0
-0.0001505234 -0.008764438 -6.586511 -4.474205 0.4287096 0.3506212 0.4457923 17.99916 nan 0 0.0
-0.06653156 0.07443848 0.3093639 -4.15486 1.634227 1.571591 0.02578279 20.05826 2.26053 0 0.0
-0.0670397 0.03436026 -9.986723 -1.483161 2.378138 2.466539 0.285866 20.64704 nan 0 0.0
-0.00659507 0.07786106 -7.654218 -3.385636 1.036751 1.033694 0.06312486 19.37708 1.724209 0 0.0
0.08670619 0.03768316 -5.206436 -14.38945 2.210513 1.795056 0.1892381 20.29799 1.47607 0 0.0
0.006807128 0.002525582 -6.219941 -3.107109 0.4553519 0.3519484 0.2326295 18.27514 2.470491 0 0.0
-0.01037605 0.03541297 -6.316554 -1.806422 1.721211 1.57552 0.4277161 20.15521 1.421555 0 0.0
-0.003690061 0.02638274 -2.428393 -1.070553 2.383042 2.019728 0.03004602 20.60279 nan 0 0.0
0.08162316 0.03498144 -1.588515 -1.289014 0.9328663 0.923294 0.2747802 19.43057 2.251316 0 0.0
-0.03427477 0.02114905 -6.887083 -3.709133 0.2340779 0.1838324 0.1605252 17.26152 2.15428 1 0.998668
-0.02117845 0.07815337 -4.741649 -2.779007 2.65974 2.166315 0.2196112 20.54144 1.403292 0 0.0
0.03192074 0.07777315 -8.839296 0.6368617 1.431045 1.56345 0.4672806 19.37705 2.048241 0 0.0
-0.0255938 0.04401304 -2.097499 -4.3425 2.410759 2.282252 0.6192243 20.30548 1.855768 0 0.0
0.04598168 0.001947636 -0.6601886 -3.847862 0.4601203 0.3637441 0.1394862 18.35416 2.448721 1 0.0
0.02326754 0.07766069 -0.1377232 -2.272431 1.286624 1.23915 0.1667959 19.50774 1.830959 0 0.0
-0.0420503 0.02905957 -7.154685 -12.00306 2.266721 1.907911 0.4636212 20.41749 1.970776 0 0.0
0.02014579 -0.03756063 0.009052783 -0.513431 1.092953 1.015491 0.3718277 19.93244 0.02859306 0 0.0
0.02078655 0.07772138 -3.605242 -2.485707 0.4064207 0.3574807 0.2137836 18.35715 2.102146 1 0.0
0.03176626 0.03412494 -6.230612 -6.964169 0.335148 0.2744193 0.184064 18.00416 2.605766 1 0.0
0.0184266 0.07797182 -4.409114 -6.906174 1.103972 1.09201 0.2558693 19.68102 1.772146 1 0.0009872141
-0.0118572 -0.00957284 -0.3953693 -3.940997 2.009992 2.023914 0.01010298 20.1108 nan 0 0.0
0.007018984 0.008763562 -8.445311 -6.496107 1.657702 1.302158 0.3739796 20.02569 1.909683 0 0.0
0.06180471 0.01555745 -0.1063341 -6.55579 0.3371909 0.2554425 -0.06894426 17.52847 2.368393 1 0.0
0.01633499 -0.02633334 -5.496748 -5.526823 1.638623 1.297612 0.3463904 20.01951 1.734352 0 0.0
-0.02489636 0.01607186 -6.050625 -3.699467 1.269274 1.299842 0.1902539 19.71363 2.168764 0 0.0
0.09323947 0.03121541 -1.118044 -2.449959 2.351796 1.850145 -0.1992975 20.57781 nan 0 0.0
-0.00925568 -0.01142672 0.7583434 -3.160341 3.245476 3.008348 0.04118527 20.2073 1.918369 0 0.0
-0.03397687 0.08013953 -1.115805 -1.122429 0.4162148 0.3495422 0.07408995 18.49228 2.00943 1 0.0
0.07520392 0.002748421 -2.519331 -3.667969 1.096226 1.089349 0.07032755 19.70498 2.398619 1 0.002881494
0.0852841 0.03669258 -3.473874 -6.787093 0.1537737 0.1235993 0.1581465 15.5772 3.103305 1 0.0
-0.06625326 0.03522298 -1.56003 -3.243876 1.687314 1.731496 0.3381239 20.30299 1.74094 0 0.0
0.09097264 0.04126857 2.348752 -3.606639 0.6998448 0.6885476 0.2513353 19.17756 2.790977 1 0.0
-0.0527599 0.03073971 -0.2462403 -5.80883 2.346321 2.278592 0.4851834 20.52982 2.07234 0 0.0
0.003479454 -0.009817308 -9.845984 -4.362253 1.797857 1.5474 0.4117904 20.09026 nan 0 0.0
-9.002155e-05 -0.01874035 -6.791551 -3.284664 0.2165632 0.1577883 0.4915191 16.63082 2.463026 1 0.9994059
0.01237341 0.008028158 -0.9697214 -3.260552 3.453496 2.227509 -0.3516224 20.19074 nan 0 0.0
-0.07475933 0.06415176 -2.102564 -2.664908 1.272231 1.286445 0.183134 19.91513 1.692225 0 0.0
0.02132788 0.01117827 -2.024064 -6.326371 1.08182 1.117996 0.09861979 19.37105 2.128796 0 0.0
0.01803057 0.01311629 -1.396044 -6.379799 1.765973 1.610062 0.3678069 19.97146 2.121155 0 0.0
0.05431007 0.07735224 1.618514 -6.914589 0.4228858 0.3445254 0.2359101 18.3955 2.152924 1 0.0
-0.01669749 -0.001415271 -7.617086 -3.20214 2.226729 2.03353 0.3540287 20.35386 nan 0 0.0
0.01031538 -0.03173619 -5.577476 -3.116905 0.3386824 0.2699317 0.3465106 17.88347 2.442741 1 0.6713362
0.03866069 -0.001877785 -2.917499 -5.315802 0.9830065 1.042542 0.3401967 19.67533 2.088846 0 0.0
-0.04955181 0.01938374 2.556256 -3.967569 2.633263 2.373569 0.6699699 20.55142 1.771118 0 0.0
0.0211792 0.06374956 -3.353952 -1.689587 0.9802847 0.9673334 0.4765545 19.53715 nan 0 0.0
0.02341787 0.06006016 -0.8766948 -5.012263 1.052476 1.047 0.4174769 19.44201 1.738884 0 0.0
-0.01817979 -0.000826437 -6.748115 -3.248927 0.2413619 0.1922016 0.1383465 17.42949 2.419333 0 0.0
0.01636669 0.01160192 -3.419079 -1.925898 1.124664 1.203314 0.336941 19.76762 nan 0 0.0
-0.005323303 -0.004743303 -6.247728 -1.72645 0.5439267 0.41889 0.09680982 17.72985 2.263491 0 0.0
0.06482809 0.00371952 -5.203436 -4.944068 3.581009 2.485304 -0.1746255 20.32323 nan 0 0.0
0.01591374 0.03404141 -6.643597 -3.450847 0.3519915 0.2708289 0.1726976 17.83059 2.135649 1 0.9979563
0.03430394 -0.01060258 -6.980859 -5.129925 0.9855659 1.040583 0.3144804 19.69069 1.889311 0 0.0
-0.01854275 -0.001883124 -6.522779 -3.092533 0.3853764 0.3214638 0.2899177 18.33768 2.323467 0 0.0
-0.003569173 0.04113989 -4.841519 -3.241616 2.8043 2.461181 0.3690439 20.41919 2.066055 0 0.0
0.03197455 -0.01278298 -5.438052 -2.69007 0.9647974 0.8551018 0.240489 19.71223 1.676785 0 0.0
-0.01863334 -0.005488016 -6.218621 -2.222183 0.3571703 0.2931652 0.286558 18.10037 2.322886 0 0.0
0.02265937 0.01935882 -4.590427 -4.233571 0.9548043 0.9946358 0.3243946 19.59743 nan 0 0.0
0.01449042 -0.008644042 -9.850187 -3.967347 2.796246 2.74699 0.4132317 20.64405 nan 0 0.0
-0.003992227 -0.01208134 0.5208837 -7.606172 2.623188 2.663511 0.1479999 20.00176 nan 0 0.0
-0.02619854 0.03844069 -1.813351 -5.622875 1.951079 1.670185 0.1027786 20.41339 1.097847 0 0.0
0.063771 0.01512896 -0.5574641 -1.342595 0.2037994 0.1563237 -0.0964218 16.84236 2.400579 1 0.0
-0.003417632 0.006591136 -7.588095 -3.699239 2.108329 1.797416 0.1084066 19.8239 nan 0 0.0
-0.01787794 0.01509803 -6.322938 -3.355983 0.8669887 0.8826341 0.3047871 19.2783 2.289827 0 0.0
-0.01975272 -0.002794413 -3.266812 -5.695937 0.5516402 0.459552 0.327441 18.75241 2.307104 0 0.0
0.04555788 -0.0008761487 -1.8512 -5.272406 2.258494 2.037203 0.296403 20.46416 1.47578 0 0.0
0.02574605 0.0360284 -1.632061 0.1106339 0.6874047 0.6423436 0.2743123 18.91998 2.212526 0 0.0
-0.02044832 -0.006082238 -1.937051 -8.312716 0.4851567 0.4013828 0.3118085 18.4921 2.459242 0 0.0
0.02598482 -0.01784229 -6.144532 -4.268207 0.790186 0.8386224 0.2474329 19.29216 nan 0 0.0
-0.0004530469 0.01470882 -7.069961 -2.915791 0.2441562 0.1941991 0.1442663 17.46857 2.223402 0 0.0
-0.01400532 0.002092916 -6.652092 -1.233869 1.656379 1.786799 0.4875123 19.61952 nan 0 0.0
-0.01264355 -0.01476037 -5.983119 -4.811442 1.107767 1.14657 0.4051347 19.70173 2.080111 0 0.0
-0.02020904 0.05198986 -1.556925 -8.024231 0.8649806 0.8834734 0.2590484 19.17518 1.777767 0 0.0
-0.006896295 -0.005770433 -3.933295 -0.9416998 0.9833053 1.125534 0.3759104 18.82317 nan 0 0.0
-0.05134148 0.05991277 0.3820347 -10.82452 1.226182 1.180394 0.05104095 19.96637 1.844692 0 0.0
-0.008622238 0.07888146 1.240061 -10.90695 2.170884 1.990829 -0.323962 19.84554 1.913647 0 0.0
0.02232439 -0.02306059 -6.990312 -3.543004 0.1841006 0.1371162 0.07978167 14.21571 3.874723 1 0.9994828
0.0587466 -0.004269013 0.4466553 -4.184823 1.966095 1.742236 0.2718151 20.29752 nan 0 0.0
0.00335849 -0.005323594 -6.403471 -1.691133 0.5935888 0.4632319 0.193586 18.54796 nan 0 0.0
-0.03987498 0.06015527 1.785927 -0.6268819 0.6259765 0.4932633 0.2441655 18.9256 2.010599 1 0.0
0.03920784 0.02716632 -2.953375 -2.92754 1.488242 1.470405 0.6352663 20.027 1.679985 0 0.0
-0.02132683 0.01922871 3.612911 4.282454 0.691582 0.7233065 0.287036 18.99895 2.101511 0 0.0
-2.95255e-05 0.0147608 0.1791484 -8.566139 1.019221 1.066033 0.29198 19.42067 nan 0 0.0
0.06359053 0.0221404 -6.62912 -3.346989 0.2132018 0.1755994 0.2245444 17.37074 2.348196 1 0.9963755
0.02498876 0.01930719 1.993959 0.7627824 0.9210924 0.9477581 0.2469652 19.22575 nan 0 0.0
-0.03315846 0.06048533 -3.696462 -3.596882 0.3434498 0.2731769 0.2274188 17.98584 1.992083 1 0.0
0.02153806 -0.02034974 -2.109883 0.3129659 0.8651846 0.9012407 0.2707751 19.24467 2.115112 0 0.0
0.001210791 0.01618463 -1.246262 -0.6393915 3.07062 2.871522 0.6468755 20.33567 nan 0 0.0
0.04794992 0.0194626 -2.375668 -7.573972 0.2008641 0.1674901 0.2394062 16.99312 2.33969 1 0.0
-0.03167215 0.008263682 -2.593848 -6.212818 2.300092 2.182048 0.4111626 20.32531 nan 0 0.0
0.04489254 0.0007923745 -5.588267 -2.858988 1.769955 1.61934 0.1223954 20.22858 1.847723 0 0.0
-0.02159882 0.01383186 -5.840236 -2.416718 0.5947675 0.4799478 0.1907063 18.7899 2.394243 1 0.941588
-0.0543653 0.04680177 0.5237092 -5.881714 1.899851 1.897853 0.2802957 20.5557 1.472567 0 0.0
0.001150289 0.01644594 -6.80454 -3.150825 0.2940009 0.2354656 0.1632154 17.81555 2.086552 0 0.0
0.02553139 -0.01265142 -5.045388 -5.798504 0.3411131 0.2738759 0.129823 18.01116 2.189749 0 0.0
0.04181067 0.03875369 -2.776795 -8.862426 2.083293 1.849582 0.3376904 20.27443 2.334141 1 0.001925002
-0.02565626 0.07700157 -2.727829 -2.884862 0.3646461 0.3049848 0.08173687 18.3168 2.242641 1 0.0
0.03651565 0.03039903 -0.5741948 -4.018132 1.702596 1.517231 0.3914865 20.10428 1.541258 0 0.0
-0.02147678 -0.006901971 -7.16719 -4.116355 0.5588529 0.4675849 0.3158107 18.7529 2.375221 0 0.0
0.03264051 -0.006578424 -7.477715 -3.345463 0.2668004 0.2101312 0.1527477 17.51218 2.304348 1 0.9965634
-0.02205232 0.008557537 -6.677334 -3.610204 0.4053936 0.3239007 0.2230592 18.3369 2.268513 0 0.0
0.009075615 -0.01233461 4.503554 0.798939 2.532701 2.092246 0.2589351 20.25948 2.255981 0 0.0
0.0846785 0.03393849 -5.55254 -1.389535 1.934513 1.599397 0.0214377 20.40928 1.873146 0 0.0
0.03814588 -0.008067086 -5.532063 -8.453779 2.13348 1.736587 0.2711115 20.25063 1.548067 0 0.0
-0.01158486 -0.01329312 -6.388972 -3.748905 0.2850982 0.2247394 0.1566576 17.60311 2.361269 0 0.0
-0.01067782 0.004990751 -6.200762 -5.361583 0.5237026 0.4531632 0.1316334 18.2316 2.630066 0 0.0
0.0004544765 -0.006591968 -6.988182 -3.487179 0.1634998 0.1252066 0.1018013 15.76342 2.781405 0 0.0
-0.05315652 0.05790459 0.7987305 -3.398087 2.421331 2.102851 0.2545927 20.74351 1.796396 0 0.0
0.02798148 -0.01463712 -1.851537 -10.53515 1.440663 1.420205 0.01559387 19.86764 nan 0 0.0
-0.04786244 0.06214573 1.565738 -6.772469 2.112956 1.883064 -0.004620331 20.08623 nan 0 0.0
0.0007569774 -0.006266289 -8.982116 -3.969389 1.370208 0.8819135 -0.4592944 18.19707 nan 0 0.0
0.009045014 -0.02897432 -6.820324 -3.137435 0.2185365 0.1790268 0.2599029 17.27915 2.291189 1 0.9985236
-0.02166165 0.06014179 -1.914572 -8.010655 1.890659 1.719409 0.5589435 20.10511 1.648851 0 0.0
-0.009377732 0.03698894 -4.180197 -4.186346 1.183885 1.274171 0.4132288 19.86463 1.93601 0 0.0
0.02776976 -0.01428997 -1.464642 -0.5346777 1.697952 1.534283 0.4289846 20.04686 nan 0 0.0
0.0005754762 -0.006930046 -8.76951 -6.383662 0.8429448 0.8747427 0.2691321 17.76229 nan 0 0.0
-0.05585179 0.07827806 -1.922732 -0.3850159 1.214024 1.266525 0.1139287 19.88986 1.55287 0 0.0
0.01213043 -0.0262445 -2.771091 -3.309699 0.1692821 0.1327022 0.1389902 16.75918 2.439054 1 0.0
-0.0285296 0.06218273 -3.168443 -3.816818 0.4992244 0.397877 0.2674699 18.58029 2.492138 1 0.0
0.07500218 0.06044574 4.272692 -1.122293 3.090148 2.251502 -0.08188344 20.33088 1.555368 0 0.0
0.008290035 0.03498004 0.3160597 -5.954866 1.263001 1.298121 0.2005339 19.05271 2.263428 0 0.0
-0.02238452 -0.002372064 -6.244409 -3.389311 0.2413847 0.2027536 0.3100268 17.53971 2.283485 0 0.0
0.02885855 -0.01708812 -1.861329 -9.199391 0.3877502 0.3076182 0.1308949 18.04 2.077013 1 0.0
0.05793855 0.06060955 -2.334522 -2.502093 0.6151355 0.475125 0.3644983 18.5343 2.198626 1 0.0
-0.02241502 0.002419671 -6.449724 -3.140733 0.3354328 0.2632088 0.220128 17.75565 2.348356 1 0.9971507
0.005476047 -0.001487461 -6.056711 -3.753811 0.354268 0.2761965 0.09498891 17.53419 1.953891 0 0.0
0.03064877 0.06048075 -6.78806 -4.154348 0.911392 0.9030987 0.4837587 19.4302 1.816784 0 0.0
-0.01343237 0.06042155 3.034543 -3.24795 0.9040197 0.8780875 0.3799559 19.12393 2.205988 0 0.0
0.02870765 -0.01198548 -6.903807 -3.542253 0.1337355 0.1019667 0.1244688 14.55683 3.201325 1 0.999636
0.04770965 0.03522877 -4.953237 -5.043113 1.365358 1.340754 0.4470918 19.98728 1.59004 0 0.0
0.05666385 0.03010407 -12.0731 -9.461196 1.822525 1.611818 0.431938 20.42752 2.338421 0 0.0
0.06531471 0.02092182 0.1116972 -0.5159191 0.1975367 0.1632836 0.2390677 17.21065 2.372272 1 0.0
0.07342895 0.06050991 -2.247958 -6.727312 0.3824176 0.3104327 0.2756829 18.27413 2.454365 1 0.0
-0.02060199 0.04463701 -9.583313 -4.303649 0.8934915 0.9014397 0.2636131 19.11913 2.042511 0 0.0
0.03977748 -0.02860747 -6.317224 -3.139407 1.100586 1.184435 0.290843 19.84476 1.825079 0 0.0
-0.00559536 -0.0196149 -10.29075 -3.867203 1.664275 1.55068 0.3033526 20.20872 nan 0 0.0
0.0484709 0.07926553 -4.390195 -13.42118 2.44854 2.129713 0.477656 19.98623 1.425066 0 0.0
-0.01331055 0.03436909 -4.090163 -5.205666 0.1854232 0.1427855 0.1803127 16.64841 2.63525 1 0.0
-0.006352006 0.008631965 -7.581686 -3.44482 0.7521619 0.7900643 0.2495685 19.07765 2.057692 0 0.0
-0.01409631 0.009262637 -6.441223 -3.576257 0.3317944 0.2555046 0.144906 17.57076 2.325628 0 0.0
0.06966734 -0.001642794 -0.08239009 -1.394554 1.911935 1.800925 0.4458718 20.34084 1.897686 0 0.0
0.01536957 0.0447078 -0.2561462 -5.370269 0.5144058 0.4294759 0.2107461 18.70726 nan 0 0.0
-0.006805768 0.008369221 4.068301 0.1108235 1.976921 1.97387 0.3087732 20.04997 nan 0 0.0
