data/gcs/NGC_4147.ecsv
# %ECSV 0.9
# ---
# datatype:
# - {name: x, unit: deg, datatype: float64}
# - {name: y, unit: deg, datatype: float64}
# - {name: pmx, unit: mas / yr, datatype: float64}
# - {name: pmy, unit: mas / yr, datatype: float64}
# - {name: pmx_e, unit: mas / yr, datatype: float64}
# - {name: pmy_e, unit: mas / yr, datatype: float64}
# - {name: pm_corr, datatype: float64}
# - {name: g_mag, unit: mag, datatype: float64}
# - {name: bp_rp, unit: mag, datatype: float64}
# - {name: filter, datatype: int64}
# - {name: memberprob, datatype: float64}
# meta: !!omap
# - comments: [deg deg mas/yr mas/yr mas/yr mas/yr dimless mag   mag   zeroone float]
# - __serialized_columns__:
#     bp_rp:
#       __class__: astropy.units.quantity.Quantity
#       unit: &id001 !astropy.units.Unit {unit: mag}
#       value: !astropy.table.SerializedColumn {name: bp_rp}
#     g_mag:
#       __class__: astropy.units.quantity.Quantity
#       unit: *id001
#       value: !astropy.table.SerializedColumn {name: g_mag}
#     pmx:
#       __class__: astropy.units.quantity.Quantity
#       unit: !astropy.units.Unit {unit: mas / yr}
#       value: !astropy.table.SerializedColumn {name: pmx}
#     pmx_e:
#       __class__: astropy.units.quantity.Quantity
#       unit: !astropy.units.Unit {unit: mas / yr}
#       value: !astropy.table.SerializedColumn {name: pmx_e}
#     pmy:
#       __class__: astropy.units.quantity.Quantity
#       unit: !astropy.units.Unit {unit: mas / yr}
#       value: !astropy.table.SerializedColumn {name: pmy}
#     pmy_e:
#       __class__: astropy.units.quantity.Quantity
#       unit: !astropy.units.Unit {unit: mas / yr}
#       value: !astropy.table.SerializedColumn {name: pmy_e}
#     x:
#       __class__: astropy.units.quantity.Quantity
#       unit: &id002 !astropy.units.Unit {unit: deg}
#       value: !astropy.table.SerializedColumn {name: x}
#     y:
#       __class__: astropy.units.quantity.Quantity
#       unit: *id002
#       value: !astropy.table.SerializedColumn {name: y}
# schema: astropy-2.0
x y pmx pmy pmx_e pmy_e pm_corr g_mag bp_rp filter memberprob
[from data line 1140]
-0.02787623 0.0006704784 0.6032267 -0.6450975 2.352331 1.242909 -0.04743924 20.52019 0.08534813 1 0.9969226
0.04021436 0.01656115 -2.076823 -1.946932 1.351862 0.5955386 -0.1689651 19.60287 0.7177029 1 0.9985791
0.01511868 -0.0009638176 -1.954439 -1.694332 0.2299598 0.1495155 -0.2971638 17.64263 0.9681664 1 0.9997599
-0.003615486 0.01203413 -19.30577 -5.894774 3.397429 0.9930539 0.09456821 20.26333 nan 0 0.0
-0.02587884 -0.08850026 -5.119033 -8.27073 0.3844712 0.2651312 -0.2598188 18.50825 0.8640041 1 0.0
0.01109609 0.01180748 0.06254265 -1.83911 1.565368 0.5901487 -0.09542624 19.81784 0.7127743 0 0.0
0.01189247 0.0008212056 -9.426283 -1.014561 1.956241 2.563034 -0.3865741 19.93669 nan 0 0.0
0.07307147 -0.03250213 -1.570916 -8.893164 0.5154822 0.3373111 -0.2712832 18.81209 0.7157478 1 0.0
0.01364345 -0.005783812 0.006089796 -3.216274 3.020978 1.32454 0.01947318 20.63623 0.4410725 0 0.0
0.0006663478 0.01146761 -1.590621 -1.365006 2.955712 1.76404 -0.09740842 20.74798 0.547163 0 0.0
0.03127952 -0.009102187 -1.666794 -2.117093 0.1443669 0.1009402 -0.2814102 16.61477 1.068109 1 0.9999856
-0.01298927 0.01149672 -1.794731 -2.106939 0.221729 0.1145119 -0.190945 17.19267 1.013905 1 0.9999873
0.004774494 0.01545785 0.7998513 -2.363457 3.770893 1.195509 -0.08485705 20.52322 0.4898624 0 0.0
-0.004483844 -0.003936077 0.302394 -2.17218 3.033609 1.322624 -0.1847899 20.53408 nan 0 0.0
-0.0494159 0.0045034 -3.762787 -1.947655 0.1338289 0.08790492 -0.2593617 16.63042 1.089037 1 0.0
0.01491578 0.00321898 3.225168 -4.141739 4.201625 1.204184 -0.02498298 20.60331 0.5919685 0 0.0
-0.0202207 0.02341263 -0.8215819 -2.746003 2.179435 0.9269791 0.01225987 20.3816 0.6643353 1 0.9976402
0.0102864 0.005476939 0.3526538 -3.543354 1.717645 0.6804902 -0.1822096 19.94732 0.3088913 0 0.0
0.006294043 -0.003186432 -0.1394095 0.3857428 1.394325 0.8896872 -0.2393226 19.01877 0.7259483 0 0.0
0.008838946 0.02149859 1.22133 -1.843901 2.091473 1.012751 -0.2437272 20.33557 0.6177711 0 0.0
0.002619332 0.003924068 -1.020985 -2.390412 0.3073672 0.1780109 -0.2159489 17.39231 0.1718884 0 0.0
-0.002530569 0.01159352 -1.166911 -2.794928 1.202805 0.5578757 -0.02513978 19.50935 0.7295914 0 0.0
-0.03867787 0.02235341 -1.706246 -2.14931 0.1857353 0.1154061 -0.2289011 17.12639 1.027582 1 0.9999556
0.01844696 -0.009550374 -1.857279 -2.055796 0.2130134 0.1379201 -0.271595 17.52064 0.940403 1 0.9999809
