data/gcs/NGC_6779_M_56.ecsv
# %ECSV 0.9
# ---
# datatype:
# - {name: x, unit: deg, datatype: float64}
# - {name: y, unit: deg, datatype: float64}
# - {name: pmx, unit: mas / yr, datatype: float64}
# - {name: pmy, unit: mas / yr, datatype: float64}
# - {name: pmx_e, unit: mas / yr, datatype: float64}
# - {name: pmy_e, unit: mas / yr, datatype: float64}
# - {name: pm_corr, datatype: float64}
# - {name: g_mag, unit: mag, datatype: float64}
# - {name: bp_rp, unit: mag, datatype: float64}
# - {name: filter, datatype: int64}
# - {name: memberprob, datatype: float64}
# meta: !!omap
# - comments: [deg deg mas/yr mas/yr mas/yr mas/yr dimless mag   mag   zeroone float]
# - __serialized_columns__:
#     bp_rp:
#       __class__: astropy.units.quantity.Quantity
#       unit: &id001 !astropy.units.Unit {unit: mag}
#       value: !astropy.table.SerializedColumn {name: bp_rp}
#     g_mag:
#       __class__: astropy.units.quantity.Quantity
#       unit: *id001
#       value: !astropy.table.SerializedColumn {name: g_mag}
#     pmx:
#       __class__: astropy.units.quantity.Quantity
#       unit: !astropy.units.Unit {unit: mas / yr}
#       value: !astropy.table.SerializedColumn {name: pmx}
#     pmx_e:
#       __class__: astropy.units.quantity.Quantity
#       unit: !astropy.units.Unit {unit: mas / yr}
#       value: !astropy.table.SerializedColumn {name: pmx_e}
#     pmy:
#       __class__: astropy.units.quantity.Quantity
#       unit: !astropy.units.Unit {unit: mas / yr}
#       value: !astropy.table.SerializedColumn {name: pmy}
#     pmy_e:
#       __class__: astropy.units.quantity.Quantity
#       unit: !astropy.units.Unit {unit: mas / yr}
#       value: !astropy.table.SerializedColumn {name: pmy_e}
#     x:
#       __class__: astropy.units.quantity.Quantity
#       unit: &id002 !astropy.units.Unit {unit: deg}
#       value: !astropy.table.SerializedColumn {name: x}
#     y:
#       __class__: astropy.units.quantity.Quantity
#       unit: *id002
#       value: !astropy.table.SerializedColumn {name: y}
# schema: astropy-2.0
x y pmx pmy pmx_e pmy_e pm_corr g_mag bp_rp filter memberprob
[from data line 4995]
0.06910885 -0.01527922 -1.124588 -4.589021 0.4302138 0.5588924 0.2540872 19.16064 1.184252 1 0.0
-0.004132767 0.000769856 -2.755608 3.600142 0.3017853 0.4238378 -0.2913643 15.2619 1.714471 0 0.0
-0.01727225 -0.0125401 -3.190979 1.023688 0.8314731 1.487478 -0.01613855 19.83815 0.9037018 0 0.0
-0.1055695 0.01948022 -3.4265 -4.619901 1.307827 1.430555 -0.1562445 20.46927 1.317528 0 0.0
-0.02283655 -0.00136 -1.422116 2.325269 0.7034282 1.104629 0.1057643 19.96067 1.029333 0 0.0
-0.007801458 -0.02319576 -3.617937 6.30639 0.673848 0.7544908 0.20382 19.04599 0.9154911 0 0.0
-0.04053057 0.01617804 -2.217481 0.6555574 0.4802206 0.664559 0.05297418 19.52296 0.7358017 0 0.0
0.02800545 -0.02600161 -2.227479 1.028296 0.4416614 0.6426171 0.1791745 19.31684 0.8426285 0 0.0
-0.05832777 -0.0622413 -2.587016 1.56978 0.8487151 1.022659 0.1361004 20.15326 0.8500118 1 0.9629693
-0.04176308 0.03300137 -1.493279 -1.327843 1.743293 2.118849 -0.1226443 20.72499 -0.09667587 0 0.0
0.01815841 -0.0005045734 -4.872651 6.087234 0.8492701 1.247826 0.1179877 19.31821 1.005642 0 0.0
-0.01708357 0.01048919 -0.7367512 0.1330584 0.9228446 1.211652 0.1790566 20.16661 nan 0 0.0
-0.007563969 -0.0230203 -4.322324 -3.918791 0.6425001 1.482202 0.006552549 19.38029 nan 0 0.0
-0.01693172 -0.02681667 10.07846 3.699544 2.190515 1.875366 0.09688017 20.1817 nan 0 0.0
0.0176572 -0.0005809584 -3.990615 -2.525578 1.443007 3.209894 0.03031604 20.45228 nan 0 0.0
0.01211664 0.00532717 -1.610342 2.010663 0.2976569 0.3548095 0.4055893 17.66347 nan 0 0.0
0.02873734 -0.002191966 -1.731073 2.108807 0.6838737 0.9490069 0.1950562 19.93567 0.9621372 0 0.0
-0.04938593 0.02986159 -1.955543 1.368546 0.05980723 0.07274454 -0.002012095 16.18167 1.26736 1 0.9959675
-0.0199599 0.004493029 -1.024879 2.243311 0.8603216 1.212852 0.1769383 20.00611 nan 0 0.0
-0.008091694 -0.02304124 -1.303972 0.05671191 1.989367 1.946006 0.07077427 20.15926 nan 0 0.0
0.01802779 -0.007516011 6.293635 4.776624 1.493105 1.83038 0.0503541 19.38533 1.135319 0 0.0
-0.02072522 0.002894829 -2.291048 0.6572758 0.5536019 1.301641 0.1375303 19.78726 0.844305 0 0.0
-0.04134101 0.03332926 -2.043921 4.04823 2.19585 3.393507 -0.4359974 20.83812 0.07528687 0 0.0
0.0188704 0.0009241646 -6.106244 -1.565873 0.4886884 0.7771745 0.2124506 19.40952 1.256084 0 0.0
0.09221592 0.04679912 4.641297 -4.66926 0.6679985 0.9308092 0.1727174 19.79707 2.10434 0 0.0
-0.0119695 -0.01511009 -2.062379 2.441856 0.3484242 0.3917226 0.1948222 18.74039 0.9864979 0 0.0
-0.003657925 0.0009262398 -2.217145 1.688446 0.02764953 0.03326866 0.01431636 13.75465 1.503239 0 0.0
-0.033449 -0.02358521 -4.631323 1.550255 0.776915 1.127937 0.03693633 19.85265 0.823555 0 0.0
-0.01228416 0.0005302093 -3.235007 0.5298834 0.2879748 0.33482 0.04939676 16.3009 0.5586042 0 0.0
0.07618435 0.04699713 -1.940959 -5.58088 0.5916388 0.8431194 0.1986218 19.90374 1.445002 1 0.0
-0.01959193 -0.002196117 -0.9064308 -0.8155554 0.4758403 0.6531327 0.07536966 18.76058 0.9459496 0 0.0
-0.01423921 -0.01980949 -1.343873 2.866487 0.3340167 0.4081736 0.2375111 18.6237 1.284008 0 0.0
0.01567952 -0.005830317 -4.282537 4.346233 0.6240843 0.851104 0.209007 19.30467 nan 0 0.0
-0.05200154 0.02081447 -5.352436 -0.8219368 2.514479 2.734265 -0.05205073 20.87601 0.4816151 0 0.0
-0.01302527 -0.0181579 -0.6765357 4.881237 1.287788 1.419944 -0.3190196 19.41584 nan 0 0.0
0.02367471 -0.01236139 -1.082222 2.446385 0.732818 1.022434 0.2428702 19.82402 0.7128334 0 0.0
0.08232985 0.01321339 -2.457127 -2.896007 0.8120089 0.9648572 0.3896738 20.05555 1.61801 1 0.0001366188
-0.1117727 -0.03159749 -5.454195 2.247666 0.5552449 0.6632868 -0.2024842 18.49323 1.266623 0 0.0
-0.01284047 -0.01735111 0.9450932 1.625229 1.049672 0.954419 0.1018441 19.52696 nan 0 0.0
0.02670706 -0.005951922 -0.8443031 1.129293 0.5493072 0.7399201 0.2188844 19.52009 0.9684963 0 0.0
-0.008379456 0.00619081 0.4227406 7.448231 1.783325 2.773857 0.2804345 19.96953 nan 0 0.0
-0.01255021 -0.01715851 0.8245999 -0.3216106 1.563898 1.895174 -0.5050868 19.97155 nan 0 0.0
0.08281237 0.06665961 -3.931009 -1.203912 1.933647 2.376829 -0.1061434 20.81001 1.059259 0 0.0
-0.009752058 -0.003176052 -2.024486 1.419437 0.08604956 0.09891936 0.104395 16.19367 1.241172 0 0.0
-0.08517711 0.02482584 -2.112891 -6.68939 0.1135756 0.1373617 0.02756745 17.24846 0.9988632 1 0.0
0.02246161 -0.01468482 -1.427128 7.606207 1.090978 1.664018 0.1179997 19.98215 0.7903767 0 0.0
0.01760566 -0.007388295 -1.443273 3.074278 0.4123174 0.5988561 0.123639 19.13359 nan 0 0.0
0.002541575 -0.008902363 -1.32696 -1.925386 1.001617 1.454832 -0.3496375 18.66002 nan 0 0.0
-0.02539939 -0.01667538 3.652218 -4.125566 1.115669 1.821507 0.1287405 20.37371 0.870615 0 0.0
0.1056438 0.06500872 -2.335982 -6.266686 0.4301813 0.5578208 0.195753 19.3481 1.116751 1 0.0
0.02428118 -0.01092882 -3.355783 1.63594 0.6445505 0.8860895 0.298132 19.77738 0.7869186 0 0.0
-0.1054721 -0.06214681 -2.3646 1.035189 0.6523807 0.8939703 -0.0193422 19.72114 0.8879013 1 0.8862329
-0.0155789 0.01785322 -3.228222 -6.649527 0.5074212 0.8289066 0.2008746 19.35381 nan 0 0.0
-0.005268562 -0.02660245 3.699661 6.343931 2.559621 2.186604 0.2949468 20.53022 nan 0 0.0
-0.04256355 0.01141434 -1.287687 -4.90341 0.7355658 1.016694 -0.01540066 19.8959 2.022018 0 0.0
0.03383208 -0.011729 4.381479 -2.502839 0.9826506 1.292908 0.4141581 20.22914 1.678209 0 0.0
-0.08361414 0.001947757 -1.898519 3.295044 0.7549642 0.9376997 0.07487406 19.97307 1.122093 0 0.0
-0.01584507 0.00283098 -3.508419 -2.231207 0.3811819 0.4652013 0.095701 18.54623 0.9403095 0 0.0
0.0141233 -0.0078676 -1.74088 1.618294 0.1166135 0.216329 -0.1474222 16.94157 nan 0 0.0
-0.01597997 -0.01566456 -4.965073 -0.1249511 1.172049 1.388594 -0.1144081 19.84838 0.989233 0 0.0
-0.01790298 0.001068943 -5.961837 3.766585 0.8177649 0.9393998 0.125904 18.91383 0.9102745 0 0.0
-0.00864326 0.005960044 1.378518 6.611948 1.162217 1.860922 0.4780605 19.79376 nan 0 0.0
-0.01276138 -0.01786229 -2.890108 -6.263792 0.4072994 0.4504929 -0.07574114 18.79462 0.8999004 0 0.0
0.01225033 -0.009115257 -1.697192 -0.151926 0.4930896 0.632379 0.1249479 18.67221 nan 0 0.0
0.0197453 -0.02087857 -0.6684272 1.451183 1.788576 2.396751 0.591173 20.56378 0.7215767 0 0.0
-0.023842 -0.01372892 -0.002620417 0.8887536 0.7558589 1.30413 -0.1368304 19.91121 0.8999691 0 0.0
-0.07101435 -0.04803849 1.612197 -4.922225 1.03115 1.444413 0.08408927 20.39844 1.269833 0 0.0
-0.04497154 -0.06329734 -2.981911 -13.58798 1.093875 1.293803 -0.04919002 20.25491 1.582642 0 0.0
0.0402385 -0.0002672396 -0.6670217 -2.696299 0.8065195 1.210197 0.2662513 20.15263 1.102877 0 0.0
-0.0398912 0.03185046 -4.2406 1.008512 2.687414 3.120886 0.004606246 20.90799 0.8771591 0 0.0
0.009267805 0.00473749 -2.030573 1.839444 0.2490837 0.3420888 0.01176171 17.7418 0.9280834 0 0.0
0.03899734 0.003003364 -2.004985 4.161431 0.750457 1.14403 0.2558063 20.05207 nan 0 0.0
-0.02162088 0.008546495 -2.410999 5.426482 0.5654247 0.8180357 0.07321802 19.59774 nan 0 0.0
0.0306158 -0.01967988 -2.658587 -0.6812553 0.9757531 1.307307 0.288221 20.33015 0.878458 0 0.0
-0.04795393 -0.06234798 -3.705764 -6.999758 0.3049007 0.3472466 0.05331612 17.24757 1.013819 0 0.0
-0.02885737 -0.02217904 -1.985745 1.568301 0.09942502 0.1120936 0.05238477 16.66927 0.3178349 1 0.9997889
-0.02484478 -0.01454883 -2.126698 1.385321 0.1081428 0.1220404 0.07149905 16.92499 1.252157 1 0.9991945
0.08545395 0.03013996 -2.226484 -3.52708 1.205242 1.529716 0.2760862 20.49261 0.9352531 0 0.0
-0.08640984 0.06259242 -1.253139 -11.43818 0.3954278 0.5233387 0.1560918 19.13768 1.446722 1 0.0
-0.01634617 0.0035158 -1.019205 -0.08281899 0.9908377 1.616041 0.08790412 19.75145 1.157909 0 0.0
-0.009698395 0.005983031 -2.751137 3.504894 0.2920506 0.3837804 -0.09712572 17.78281 1.091764 0 0.0
-0.01465593 0.01674681 -1.762193 1.268179 0.4902863 0.744121 0.1299333 19.12961 nan 0 0.0
-0.02110253 -0.0344834 -3.678977 -7.201307 0.7057473 0.5738534 0.5036545 18.88683 nan 0 0.0
-0.08381095 -0.07449862 -2.903847 -5.43915 1.043357 1.213731 -0.1627443 20.1454 1.622513 1 0.0
0.09650565 0.08195566 -3.591167 -5.393281 0.1092972 0.1395915 0.09027078 17.17798 1.134535 1 0.0
0.1240431 0.02455051 -0.3903659 0.4352616 0.8628751 1.02756 0.2419047 20.25652 1.546297 0 0.0
0.002066581 -0.00362474 -0.4821256 8.428461 1.104706 1.324079 0.1026045 18.74145 nan 0 0.0
-0.01951132 0.005215824 -2.006825 2.378053 0.7076498 0.9927751 0.1709918 19.96115 nan 0 0.0
-0.003024949 -0.003605642 -2.046923 1.567345 0.02923721 0.03394698 0.03215008 13.89151 1.52809 1 0.9999097
-0.04614113 -0.02422858 -2.081822 1.563745 0.08695028 0.0985102 0.02531678 16.59396 1.261333 1 0.9997361
0.07905612 0.01701205 -4.407176 -6.748744 0.5465431 0.7195095 0.2878682 19.57898 1.350878 1 0.0
0.09503409 0.07731747 -0.7760161 -0.4213074 0.153693 0.2083007 0.03665956 17.68673 1.178461 1 0.0
0.005865346 -0.00198236 -1.749521 2.770961 0.4447539 0.6925812 -0.1735041 18.19406 0.9889736 0 0.0
0.01649763 -0.007462873 0.9244196 7.708975 0.6996874 1.013584 0.1053748 19.20756 nan 0 0.0
-0.01458211 -0.01910182 -2.446557 3.378783 1.05441 1.445045 -0.0865153 19.64743 nan 0 0.0
-0.001679485 -0.001601051 -0.5964521 -4.144636 0.300973 0.3388835 0.1007497 16.94949 0.6181297 0 0.0
-0.04713724 -0.01046468 -1.44959 1.820716 0.4054045 0.5191629 0.137948 19.11825 0.9947948 0 0.0
-0.04461232 0.03047538 2.017036 -2.90658 1.544466 1.550418 -0.1055318 20.54531 nan 0 0.0
-0.0871362 0.01639898 -0.5932205 -5.384831 1.190066 1.127427 0.4552174 20.1394 nan 0 0.0
0.01596963 -0.005300027 -1.938307 1.139377 0.07820578 0.1029137 0.09876362 16.20175 0.6392622 0 0.0
0.03364775 -0.01277238 -1.791711 0.693682 0.5100824 0.6809788 0.305195 19.42787 0.9709454 0 0.0
-0.04509917 0.003931033 3.65052 2.411532 1.105319 1.003681 0.03540634 10.18463 0.3071737 0 0.0
-0.01342346 -0.03593433 -3.586949 3.024062 0.7609069 0.9919352 0.1758896 19.79835 0.945385 0 0.0
-0.118151 -0.04719598 -2.911511 -3.03031 0.120104 0.1434274 -0.1679623 17.09486 1.195879 1 0.0
-0.009355428 0.006482723 -9.089335 2.185207 1.016832 1.222618 -0.024835 18.96724 nan 0 0.0
-0.03110037 -0.02278108 -2.569686 3.868107 1.239809 1.716034 -0.2056583 20.289 nan 0 0.0
0.1107976 0.02991916 -1.35852 -0.759794 0.1915427 0.2157538 0.1973376 18.02881 1.117161 1 0.0
-0.0978966 0.07022494 -3.207623 -6.272211 0.4468224 0.6031292 0.1075 19.455 1.240381 1 0.0
0.03557226 -0.008667092 -2.196972 0.3131596 0.5936947 0.7711382 0.2222932 19.6321 0.9978619 0 0.0
-0.04618764 -0.06723926 4.600628 -4.57887 0.2289309 0.2769386 0.07486855 18.23926 1.644381 1 0.0
-0.07520644 0.06132628 -1.890026 -3.177607 0.4386186 0.6422744 0.1001575 19.3923 0.9736576 1 0.0
0.06304675 -0.02504319 -1.48072 1.64567 1.16525 1.319473 0.2625324 20.46316 0.7462997 0 0.0
-0.07641004 0.03913712 -4.109175 -7.504401 0.03512488 0.04123255 0.0157279 14.96409 1.478575 1 0.0
0.01707826 -0.00878266 -13.40045 -1.529766 1.895939 1.750996 0.3788044 19.81025 nan 0 0.0
0.05417065 -0.006564352 -1.952636 1.5766 0.06868168 0.08644518 0.1875525 16.07492 1.309547 1 0.9997501
-0.06568621 0.02630055 2.606423 -0.3108199 1.649966 2.359418 -0.2407758 20.63327 1.032595 0 0.0
0.01678803 -0.008670176 -6.748713 -4.012523 1.575206 2.032705 0.6614847 20.02233 nan 0 0.0
-0.007299894 -0.02014594 -0.4128094 5.413632 1.877889 1.634868 0.1958296 20.12868 nan 0 0.0
-0.01331304 1.345147e-05 -3.690457 0.5816077 0.216887 0.2691053 -0.0005670848 17.46319 1.073656 0 0.0
0.06220372 -0.02718186 -3.38711 -6.104568 0.7689465 0.950576 0.244454 20.10258 1.144695 1 0.0
-0.03273477 -0.01814188 -2.867585 3.323654 0.2418637 0.2894604 0.09512621 18.37295 1.080072 0 0.0
-0.06992599 -0.03921587 -3.269509 -1.035583 2.167914 2.914233 -0.1117593 20.91389 0.7599239 0 0.0
-0.1145616 -0.02444745 -1.20007 -4.568367 0.1140006 0.1300545 -0.1525483 16.93652 1.401491 1 0.0
-0.014473 0.005255009 -1.88037 1.811776 0.05536574 0.06888459 -0.08211275 15.50686 1.313175 0 0.0
-0.01320756 -0.000266943 0.7181337 8.308866 1.326974 1.990584 0.5364391 19.43167 nan 0 0.0
0.03524823 0.01212671 -2.462822 -0.04278347 0.677399 1.071604 0.3162711 19.86684 nan 0 0.0
0.01697281 -0.009232812 -0.5428449 2.10107 0.5201435 0.7636357 0.1833163 19.37956 0.925211 0 0.0
-0.005636361 0.001746493 -8.817416 -4.655397 1.106533 1.422792 0.04312528 18.60278 nan 0 0.0
-0.1099828 0.03524166 -1.712322 -6.011773 1.995782 2.247165 -0.1237089 20.70849 1.185984 0 0.0
-0.04689279 -0.05123819 4.976204 1.831359 4.707923 3.501847 0.1707973 20.86575 1.565348 0 0.0
-0.004132582 0.005183461 -25.12121 -21.276 0.955902 1.262599 -0.1690496 19.13905 nan 0 0.0
-0.03379235 -0.02452351 -1.993951 -2.033971 1.034052 1.612551 0.08988368 20.37348 0.4857731 0 0.0
0.01665596 -0.007686007 -6.344209 -1.302725 1.554586 2.017179 0.792004 19.65499 nan 0 0.0
-0.006772158 -0.01974735 -1.883274 1.848906 0.2590068 0.2992686 0.1205882 18.31784 1.174082 0 0.0
-0.003816046 0.004996528 -2.530998 4.894612 0.421949 0.4426938 -0.1179732 18.29189 nan 0 0.0
0.06070128 -0.02983402 -4.282363 -10.99294 0.8162179 1.036819 0.2283704 20.24709 1.67857 1 0.0
-0.0420671 0.0003839302 -1.623764 1.2331 0.4613589 0.632405 0.06033858 19.4499 0.8060131 0 0.0
0.03472098 0.0113178 -2.777889 -1.031257 1.017209 1.468242 0.2665616 20.38188 nan 0 0.0
-0.1054311 -0.02378053 -4.072953 -8.036729 0.4106049 0.5404612 -0.0648692 19.17148 1.278984 1 0.0
-0.05135721 -0.008013536 -0.3854774 -5.822682 1.06444 1.16722 -0.06380962 20.19232 nan 0 0.0
-0.01761293 0.0003593565 -2.158699 2.776578 1.236721 2.849345 0.1563828 20.0288 nan 0 0.0
-0.09756566 0.005208804 2.903089 -4.808808 1.301906 1.428039 -0.1969579 20.56257 1.866652 0 0.0
0.01961323 -0.02014236 -1.432501 3.475345 0.6909914 0.8868255 0.4320929 19.6337 0.8005142 0 0.0
0.01686705 -0.007918667 0.3195158 1.199446 0.3541127 0.4320767 0.06114506 18.00186 1.014385 0 0.0
-0.006824954 -0.02010783 -6.087273 1.09665 2.473549 1.751682 0.2035113 20.28193 nan 0 0.0
-0.03255469 -0.0321228 -1.863885 1.754104 0.10072 0.113083 0.07856247 16.77362 1.232941 1 0.9995744
-0.07884209 0.06446481 -4.168608 -2.260078 0.2892643 0.3638779 0.08883905 18.81137 0.9830933 1 0.0
-0.01386591 0.007902322 -2.701116 1.240072 0.7892351 1.155896 0.1310914 19.92277 0.9332199 0 0.0
0.008978315 -0.002682123 -4.232549 7.077015 0.559279 0.7401451 0.04597266 18.67962 nan 0 0.0
0.06186889 0.00177339 -10.18705 4.858695 3.092616 4.50684 0.06078294 20.94553 nan 0 0.0
-0.0165067 -0.009951962 -2.354142 -0.6761822 0.6196811 1.399106 -0.131745 19.53319 nan 0 0.0
-0.005927955 -0.02185502 -4.749151 -4.636256 1.861248 1.696204 -0.04745447 20.20772 nan 0 0.0
0.09976417 0.06573119 -5.235037 -6.171055 0.3731954 0.4719179 0.2351943 19.14934 1.204618 1 0.0
-0.01325919 0.008144471 -2.453828 1.571389 0.1826994 0.2304005 -0.3143552 17.43596 1.164194 0 0.0
-0.1111626 0.06461426 0.3095087 -3.957938 0.2182718 0.2746648 0.05707011 18.41213 1.050337 1 0.0
-0.0192232 -0.005286094 -2.224538 4.805207 0.984986 1.692736 0.05840913 20.10989 0.8136177 0 0.0
-0.127071 0.01472388 -7.613637 -8.237181 2.897242 4.001712 0.01838692 20.98481 1.065407 0 0.0
0.008609005 -0.002912945 -1.355312 1.469675 0.2621661 0.2973938 0.09545785 16.93919 1.033044 0 0.0
0.01823867 -0.006569927 -4.619671 4.331934 1.128332 1.720668 0.1624761 20.38352 nan 0 0.0
0.0385974 0.01385411 -1.924448 1.485251 0.1213438 0.1550523 0.1867231 17.24236 1.210142 0 0.0
0.1171534 0.02985213 -2.398232 -2.801752 0.2804762 0.2970434 0.2825969 18.368 1.373318 1 0.0
0.01940221 -0.02047428 -1.512514 0.3819917 2.536593 2.448828 0.2130537 20.59883 nan 0 0.0
0.08194306 0.0658845 -2.13679 0.8952457 0.5959019 0.8100498 0.1875156 19.90005 0.921093 1 0.9252075
-0.02805728 0.007724144 -2.587295 4.879892 0.7017995 1.125357 0.1601401 20.04939 0.7806091 0 0.0
-0.08456134 0.09677048 2.416507 -6.054635 0.4468985 0.5872188 0.1964262 19.33256 1.897251 1 0.0
-0.0252122 -0.006883102 -2.420854 1.268819 0.6033178 0.8053066 0.06017649 19.63664 nan 0 0.0
