data/gcs/NGC_6333_M_9.ecsv
# %ECSV 0.9
# ---
# datatype:
# - {name: x, unit: deg, datatype: float64}
# - {name: y, unit: deg, datatype: float64}
# - {name: pmx, unit: mas / yr, datatype: float64}
# - {name: pmy, unit: mas / yr, datatype: float64}
# - {name: pmx_e, unit: mas / yr, datatype: float64}
# - {name: pmy_e, unit: mas / yr, datatype: float64}
# - {name: pm_corr, datatype: float64}
# - {name: g_mag, unit: mag, datatype: float64}
# - {name: bp_rp, unit: mag, datatype: float64}
# - {name: filter, datatype: int64}
# - {name: memberprob, datatype: float64}
# meta: !!omap
# - comments: [deg deg mas/yr mas/yr mas/yr mas/yr dimless mag   mag   zeroone float]
# - __serialized_columns__:
#     bp_rp:
#       __class__: astropy.units.quantity.Quantity
#       unit: &id001 !astropy.units.Unit {unit: mag}
#       value: !astropy.table.SerializedColumn {name: bp_rp}
#     g_mag:
#       __class__: astropy.units.quantity.Quantity
#       unit: *id001
#       value: !astropy.table.SerializedColumn {name: g_mag}
#     pmx:
#       __class__: astropy.units.quantity.Quantity
#       unit: !astropy.units.Unit {unit: mas / yr}
#       value: !astropy.table.SerializedColumn {name: pmx}
#     pmx_e:
#       __class__: astropy.units.quantity.Quantity
#       unit: !astropy.units.Unit {unit: mas / yr}
#       value: !astropy.table.SerializedColumn {name: pmx_e}
#     pmy:
#       __class__: astropy.units.quantity.Quantity
#       unit: !astropy.units.Unit {unit: mas / yr}
#       value: !astropy.table.SerializedColumn {name: pmy}
#     pmy_e:
#       __class__: astropy.units.quantity.Quantity
#       unit: !astropy.units.Unit {unit: mas / yr}
#       value: !astropy.table.SerializedColumn {name: pmy_e}
#     x:
#       __class__: astropy.units.quantity.Quantity
#       unit: &id002 !astropy.units.Unit {unit: deg}
#       value: !astropy.table.SerializedColumn {name: x}
#     y:
#       __class__: astropy.units.quantity.Quantity
#       unit: *id002
#       value: !astropy.table.SerializedColumn {name: y}
# schema: astropy-2.0
x y pmx pmy pmx_e pmy_e pm_corr g_mag bp_rp filter memberprob
[from data line 17520]
0.05997814 0.08034858 -5.878253 -11.03229 0.7207579 0.5242742 0.5508141 19.22282 0.9602547 0 0.0
-0.002093346 0.02599967 -7.687204 -6.896108 1.605285 1.249202 0.8143327 19.35461 nan 0 0.0
-0.1159922 0.04161016 0.5786433 -6.558222 1.138234 0.7716498 -0.1437227 19.30849 1.500984 0 0.0
0.07498588 0.1052011 -5.098922 -7.603054 1.137616 0.8538696 0.4680419 19.97709 1.089743 0 0.0
0.02694191 0.06438103 -2.331504 -3.402238 0.1343642 0.0948579 0.3218094 16.51327 0.4712315 1 0.9767524
0.01269392 -0.005018095 -3.000199 -3.600565 0.2248546 0.1703841 0.3838572 16.10369 1.275316 0 0.0
-0.0685736 0.09740848 0.02031524 -3.024707 2.373869 1.798744 0.7566617 20.25218 1.410275 0 0.0
0.01793917 0.06780971 -2.151287 -5.28567 0.8470311 0.6133875 0.4979651 19.51898 1.253689 0 0.0
0.0116247 0.01643012 -2.058247 -3.034953 0.07345181 0.05217768 0.2457415 15.2319 1.519661 1 0.9897287
0.08166426 0.08331888 -1.900585 -2.739771 0.5804557 0.434219 0.4078986 19.06138 1.016357 1 0.6523466
0.06589473 0.1076997 -5.146942 -6.34699 1.954023 1.545454 0.4064063 19.82384 nan 0 0.0
0.007282929 0.001030424 -3.589922 -5.384286 0.6395928 0.5370979 0.4466745 17.26108 1.123818 0 0.0
-0.02513219 0.03071661 0.9774539 -4.897578 1.670264 1.269408 0.7969544 19.42118 1.159086 0 0.0
-0.0511317 0.05931532 -3.063698 -4.21263 2.332428 1.839336 0.7977786 20.47464 1.0212 0 0.0
0.0133306 -0.004253296 -1.200036 -2.62324 0.3085858 0.2352412 0.3933995 15.71483 1.302792 0 0.0
-0.1119601 0.02827285 -3.568304 1.357232 2.461114 1.939069 0.6288462 20.34452 1.023506 0 0.0
0.01588474 0.07844719 -11.30249 -7.057844 3.627425 2.73371 0.8448402 20.60262 nan 0 0.0
-0.04538015 0.09381513 -4.090399 -6.568053 1.34671 1.074506 0.7918675 19.7403 1.049311 0 0.0
-0.08382526 0.08240422 -3.075595 -3.170583 1.204817 0.871377 0.6018475 19.92884 1.535604 0 0.0
0.02155142 0.01668665 -2.112408 -3.030239 0.1475369 0.1018525 0.247589 16.55621 0.7197399 1 0.9895959
0.01362541 0.06420904 -1.618396 -1.738132 0.9539359 0.6925075 0.5478228 19.41865 1.265854 0 0.0
-0.08298733 0.08586456 -2.470938 -4.861075 1.643756 1.122179 0.6213729 20.20568 1.312658 0 0.0
0.005753186 0.1198334 0.2852828 -6.16251 2.380037 1.85932 0.78914 20.36379 0.9985847 0 0.0
-0.06558412 0.0785994 -0.3987872 -2.238669 0.8953075 0.6642176 0.5563958 19.58976 1.244516 0 0.0
-0.02207065 0.0808078 -1.664949 -1.778809 2.236305 1.656216 0.6002563 20.24622 nan 0 0.0
-0.00192074 0.119824 -0.364321 -1.833799 1.0992 0.8309331 0.5839405 19.91589 nan 0 0.0
-0.002122155 0.01521933 -2.237063 -2.523785 0.3501365 0.361412 -0.3072699 16.00717 nan 0 0.0
-0.04298291 0.1175317 -0.7037135 -7.543791 0.9175626 0.6699616 0.541413 19.45296 1.255341 0 0.0
-0.1175562 0.0430892 -3.146511 -3.963037 1.951854 1.252049 -0.01901021 20.01044 1.234133 0 0.0
-0.06760356 -0.01289116 -1.702196 -3.806665 1.609329 1.106106 0.1911395 20.17324 0.9068565 0 0.0
0.0128765 0.1144238 2.636492 -4.24518 1.524848 1.181726 0.6782054 20.13018 0.8205051 1 3.70479e-05
0.009917262 0.017567 -1.744194 -2.828361 0.05646898 0.04019776 0.2351826 14.22033 1.688183 0 0.0
-0.1291727 0.01720764 -14.65641 -16.15015 1.982818 1.507987 0.7153124 20.15545 1.589924 0 0.0
-0.02041907 0.06959471 -0.1147584 -5.847718 0.6556561 0.4758623 0.4696289 19.12209 1.121637 0 0.0
0.009633872 0.1249602 -4.977332 -4.423855 2.461018 1.860021 0.7858967 20.36419 1.124599 0 0.0
-0.06923348 0.08232491 -1.745255 -3.035188 0.8158473 0.6319535 0.759245 19.00984 1.23488 0 0.0
0.05659369 0.08909683 -1.588019 -5.501102 0.1561977 0.1207207 0.3345606 16.09622 1.463598 0 0.0
-0.01783898 0.0353295 5.894835 1.901621 1.991193 1.420414 0.4775677 19.83504 1.060341 0 0.0
-0.08379717 0.08416662 6.460516 -3.72825 3.171598 2.435704 0.874007 20.44513 1.106348 0 0.0
-0.1173991 0.02491227 -1.807438 4.835243 1.172441 0.8253718 0.4139493 19.65495 1.087513 0 0.0
-0.10126 -0.006045134 -1.512877 -3.027414 0.5114718 0.4006753 0.5648199 18.3908 1.45718 0 0.0
-0.0002989603 0.05080283 0.01591108 -0.7233048 2.284821 1.736565 0.6492461 20.24794 0.6591396 0 0.0
0.09128363 0.09705455 0.00106473 -5.639264 1.540895 1.06001 0.6292066 19.6736 nan 0 0.0
-0.02867348 0.09192665 -2.344257 -8.256879 1.085016 0.7097944 0.3698343 19.60884 0.9008923 0 0.0
-0.02525855 0.1027399 7.899651 0.2138745 2.156881 1.959457 0.6604076 20.31152 0.2910728 0 0.0
-0.07194314 0.0541332 -3.055185 -2.806589 2.198708 1.650931 0.7746416 20.29534 1.321466 0 0.0
-0.001485758 0.04937041 -2.768711 -4.562986 0.8335427 0.609845 0.3582219 19.39643 0.8505249 0 0.0
0.02717891 0.09859688 -1.570184 -7.38889 1.408698 1.228112 0.5032541 18.62523 1.200235 0 0.0
0.0215892 0.0869457 -3.73381 -2.175893 0.5665772 0.471002 0.6837775 18.58586 1.031713 1 6.440577e-06
0.008123243 0.02435154 -2.550742 -3.023944 0.2471747 0.1732146 0.3543966 17.76047 1.34197 0 0.0
0.008008822 0.05320781 -0.2620701 -0.7637393 0.4774343 0.344067 0.2236724 17.49439 1.442568 0 0.0
-0.05412251 0.08840907 -0.9852621 0.02901644 0.533472 0.3938679 0.5498909 18.69928 1.235428 1 0.0
-0.1037723 0.0332066 0.08375091 -9.164575 1.146257 0.7501138 0.367451 19.946 1.692862 0 0.0
-0.06790932 0.1016583 -4.005246 -0.4196665 0.9488443 0.6761617 0.6578997 19.44649 1.37299 0 0.0
-0.04882371 0.08694773 -4.210706 -4.912233 0.2069282 0.1466645 0.4051407 17.36725 1.65667 1 0.0
0.07292247 0.08739311 -2.043805 -2.900061 0.2473984 0.1772282 0.3209706 17.77155 1.268703 1 0.8306426
-0.08545545 0.04207636 -0.03721893 -3.651786 1.594012 1.13106 0.8469801 19.4718 0.6534061 0 0.0
-0.01679859 0.05154778 1.092325 -5.025761 1.346023 0.8840369 0.2688243 19.96082 nan 0 0.0
-0.01123864 0.01824785 -4.076158 -4.884547 1.16485 0.8161607 0.7493502 19.2043 1.047653 0 0.0
0.04848156 0.0703768 -1.598574 -1.959748 1.540801 1.286781 0.8763952 19.49674 1.03352 0 0.0
-0.00021206 0.001837387 -2.698426 -1.994324 0.4807344 0.3451704 0.2776515 15.67758 1.397188 0 0.0
0.02851079 0.09841928 -2.642548 -0.9357962 0.3982928 0.3407497 0.6381092 18.1288 1.171938 1 0.0
0.06771077 0.08685738 -4.916897 -2.414554 0.1020584 0.06886947 0.4641743 15.47694 1.444737 1 0.0
0.05513156 0.04400952 2.787785 -3.372772 0.57915 0.4431392 0.495404 18.94106 1.249632 0 0.0
-0.0967685 0.03414721 -1.516175 -2.893848 1.129137 0.7722999 0.4582714 19.74074 1.328434 0 0.0
-0.0175512 0.05152291 -0.4785839 -6.984383 0.134986 0.09501882 0.3245136 16.63059 1.571104 1 0.0
0.04944176 0.08723366 -2.064311 -3.612252 0.3144306 0.2263537 0.3179225 17.96283 1.426256 1 0.7460175
-0.03107245 0.06884734 2.182611 -4.997465 0.5979473 0.4519015 0.6012452 18.9422 1.43223 0 0.0
-0.001717114 0.02788794 -1.695103 -2.540497 0.1928784 0.1251094 0.4731346 16.14561 1.552207 0 0.0
-0.0175485 0.0251729 -2.49349 -5.746485 2.031334 1.501413 0.6753906 20.10961 1.304253 0 0.0
0.006791634 0.01749277 -2.66844 -3.437632 0.06202552 0.0440362 0.2486159 14.69788 1.578121 1 0.7781411
-0.03102415 0.1221138 -0.2326352 -3.74717 3.545787 2.568869 0.8163563 20.58025 0.7662773 0 0.0
-0.1299005 -0.01521976 -4.671405 0.3241986 0.7981473 0.60929 0.6319445 19.00574 1.227846 0 0.0
0.006705244 0.02856493 -1.904799 -3.126384 0.1487601 0.1048578 0.3164457 16.82919 0.6798058 0 0.0
-0.03668129 0.03429271 -2.222636 -5.38502 2.092568 1.62205 0.7922214 20.19058 1.000952 0 0.0
-0.091593 -0.009797163 -3.374103 -4.69241 0.679752 0.4722573 0.378638 18.78751 1.21476 1 0.07445506
0.006647137 0.02285624 -2.434158 -3.179231 0.1493119 0.1028556 0.3596327 16.71184 0.6929893 1 0.9904035
-0.01242839 0.06203666 -4.736255 -9.316516 3.815591 2.764617 0.7638215 20.66674 0.5777054 0 0.0
-0.06506559 0.08546413 -2.21915 -1.792194 0.08003212 0.05473443 0.2201498 15.50258 1.744095 1 0.0
0.006270823 0.02095844 -2.258842 -3.035997 0.06950973 0.04932311 0.2441651 15.07838 1.505764 1 0.9928062
0.02095328 0.09544873 -5.990784 -6.409135 1.143607 0.8473007 0.5279575 19.90484 0.9280376 0 0.0
-0.003858578 0.01472911 -3.382438 -3.670324 0.3190574 0.2276014 0.2998935 16.90658 nan 0 0.0
-0.08091264 0.04542024 -8.522228 0.4362201 0.8843588 0.6228466 0.5133868 19.49575 1.867546 0 0.0
0.01255249 0.03940025 0.08371332 -4.115993 1.602302 1.27571 0.8686191 19.4319 nan 0 0.0
0.03059067 0.07114768 -1.906507 -2.861464 0.2776539 0.1926606 0.2880848 17.90207 1.448614 1 0.8888385
-0.005830428 0.1295571 0.03919343 -2.104259 1.274431 0.9861679 0.5046838 19.51863 1.305126 0 0.0
-0.132224 -0.004095971 -2.291661 -1.546461 0.1896916 0.1258724 0.1244085 17.12125 0.8163624 1 0.0
-0.08980134 0.04997247 -2.167914 -5.746599 0.7144128 0.548382 0.6982691 18.89213 1.730728 1 0.0
-0.03255869 0.1207116 -0.2765137 1.848221 3.158976 2.597555 0.7292611 20.66265 0.2625618 0 0.0
0.006590139 0.04589129 -1.625091 -2.819986 1.912537 1.612142 0.7409183 20.19123 nan 0 0.0
0.04238101 0.1023207 -4.714125 -4.40162 1.111538 0.7848758 0.5849463 19.80996 0.9440441 0 0.0
0.005084357 0.02559334 -2.908537 -3.672931 0.2725928 0.1917111 0.325608 17.62992 1.359667 0 0.0
-0.07244282 0.07208113 -5.11933 -3.510815 1.999041 1.603606 0.7648934 20.14985 0.8592777 0 0.0
0.01220516 0.03943079 -1.051868 -2.734222 0.7299077 0.5205889 0.6283706 19.10659 1.182335 0 0.0
-0.02742861 0.09279851 -3.194218 -3.699306 0.7768113 0.5604467 0.5599997 19.43714 1.189295 0 0.0
0.03840993 0.08348855 -2.660162 -2.811806 1.14345 0.8472754 0.5385085 19.97427 nan 0 0.0
0.03976858 0.07440355 -1.362804 -7.58404 0.8993322 0.6479671 0.4656 19.56656 0.8944149 0 0.0
0.004881689 0.02305848 -1.663845 -2.680604 0.2347605 0.1659316 0.2874536 16.04593 1.51296 0 0.0
-0.03191906 0.106975 -6.322821 -6.259475 1.138732 0.784532 0.5003693 20.00579 1.00185 0 0.0
-0.124641 -0.00609681 -2.258539 -6.582125 0.6477461 0.49491 0.5834015 18.71806 1.128971 1 0.0
-0.09199475 0.03781577 4.856822 -1.538915 1.834887 1.38136 0.7702519 20.08487 1.185101 0 0.0
0.06771101 0.08746582 -5.63744 -2.078391 0.681814 0.4935175 0.5536619 19.17161 nan 0 0.0
-0.1171393 0.02602634 -0.9827713 -5.856446 0.7949279 0.5530325 0.4503516 19.29674 1.322363 0 0.0
-0.1238005 -0.007856683 -1.653035 -2.320962 0.7215373 0.5050725 0.3995295 19.14329 1.510342 1 0.3532588
0.002625361 0.0976854 0.5881941 -4.415397 0.7639926 0.558164 0.5568317 19.22406 1.324671 0 0.0
-0.03347892 0.08759801 -3.184046 -7.442609 1.59642 1.314561 0.7624693 19.98003 1.103554 0 0.0
0.05830216 0.08981723 -0.6710469 -5.058581 2.695525 2.120133 0.7486923 20.44667 nan 0 0.0
0.01136641 0.04930137 -1.272937 -2.149278 0.6565639 0.4868407 0.4392688 19.00024 1.14662 0 0.0
0.01246796 0.0710813 -5.364199 -9.454288 1.129516 0.8174035 0.5387019 19.84226 1.13489 0 0.0
-0.06824417 -0.002820618 -5.506912 -4.090596 0.7688434 0.5244325 0.4881341 19.33369 1.162428 0 0.0
0.05700756 0.1148478 -4.424674 -2.932263 1.20095 0.8156304 0.542691 19.97735 0.9707584 0 0.0
0.08410484 0.1009111 -1.48845 -6.748071 1.245338 1.187404 0.8805387 18.90473 1.26325 1 0.0
-0.1115805 -0.02124359 -4.200899 -2.036573 0.2148671 0.1404495 0.110244 17.33917 1.658524 1 0.0
-0.1230511 -0.003833543 -6.11945 -4.291168 1.147162 0.7843125 0.4781121 19.78751 1.277288 0 0.0
0.003116436 0.03422032 -2.526491 -3.914819 0.3256983 0.2229764 0.40075 16.79037 1.443822 0 0.0
0.03817823 0.0830976 -3.423967 -3.772933 0.6139087 0.4585395 0.4939084 19.13272 1.346245 0 0.0
0.006733172 0.002766133 -2.477386 -4.341209 0.3253097 0.2334927 0.267773 16.22292 0.8741579 0 0.0
0.01929334 0.01052046 -2.401464 -3.321379 0.1567736 0.118343 0.2114726 16.60302 1.456653 0 0.0
-0.02711022 0.09341082 -3.938252 -2.350452 2.009275 1.682053 0.6574047 20.14052 1.533882 0 0.0
0.00722517 0.003788452 -10.18386 4.822408 1.217239 1.033882 0.09185587 18.2544 nan 0 0.0
0.09159643 0.0863618 -9.542856 -9.838497 0.5118844 0.4379168 0.6182734 18.54566 1.104042 0 0.0
0.002219945 0.09359224 -6.470193 -8.368347 0.3167747 0.2150258 0.2871443 17.97251 1.074341 0 0.0
-0.08637456 0.08545662 -0.953139 -5.947054 1.1675 0.8390199 0.6424114 19.52847 1.363613 0 0.0
0.01828263 0.03093492 -3.561962 -3.326955 1.269932 0.8705192 0.328039 19.93668 nan 0 0.0
-0.01335293 0.03867921 -9.21214 -8.972355 1.426069 1.071558 0.4872362 19.74734 1.063957 0 0.0
0.0008011028 0.07069837 -3.714701 -7.50736 2.905766 2.223413 0.5979169 20.569 2.418615 0 0.0
0.007433097 0.1275943 2.185362 -4.840158 0.5230689 0.4485215 0.6851732 18.51006 1.2708 1 0.0
-0.02334907 0.1143636 0.3227213 0.8278298 0.7013438 0.5751033 0.7253508 18.91137 1.233534 0 0.0
-0.08860731 -0.01992933 -3.165387 -1.648051 0.5518157 0.4281295 0.5794098 18.53368 1.422779 1 1.213774e-05
0.0598991 0.1027904 -3.344404 2.135136 3.263445 2.51188 0.6762823 20.45498 1.474775 0 0.0
-0.02439311 0.1254508 0.1370086 -2.193348 1.385561 0.9641449 0.542191 20.05556 1.228333 0 0.0
0.05076603 0.06169389 -4.462898 -1.612884 0.9739658 0.7215864 0.4701372 19.67151 nan 0 0.0
0.0515271 0.08974311 -8.747216 -3.150407 0.5955965 0.5004786 0.6780859 18.76206 1.439638 0 0.0
-0.02071339 0.1096203 -0.03755827 -0.300201 1.043357 0.7527693 0.5613785 19.74769 0.8660526 0 0.0
-0.06907854 0.05702211 -0.5607265 1.277248 2.909284 2.190615 0.7931178 20.56474 1.052412 0 0.0
-0.0716719 0.09783254 -20.14626 -15.75784 1.602889 1.068599 0.5905326 19.27681 1.332535 0 0.0
0.0097164 0.0480102 -3.075545 -4.101251 1.722386 1.375695 0.700638 20.0719 0.8701649 0 0.0
-0.002035223 0.005997302 -2.720346 -3.513563 0.1745439 0.1199003 0.3863268 16.18385 1.313446 0 0.0
0.006067634 0.004072692 -0.737528 -2.70877 0.1954114 0.1353283 0.3406178 14.72488 1.447367 0 0.0
-0.007853681 0.0434174 -12.15914 -11.37065 2.110993 1.336823 0.6322049 20.00613 nan 0 0.0
-0.08729762 0.02183274 -6.637157 -3.300542 1.23247 0.8449635 0.5082585 19.86326 0.964447 0 0.0
-0.0154937 0.02627173 -3.115118 -3.183606 1.430299 1.052216 0.7347141 19.85477 0.9445648 0 0.0
0.001206018 0.01604904 -2.332962 -3.950376 0.2728919 0.1832107 0.2389547 17.52667 1.334715 0 0.0
-0.05033788 0.1164597 -2.810985 2.742383 0.9535972 0.6785205 0.650273 19.42759 1.13306 0 0.0
-0.08247669 -0.01263066 0.8935548 -2.841049 1.786429 1.180625 0.0543742 19.98306 1.125759 0 0.0
0.006096592 0.004612471 -1.550827 -4.747461 0.6560222 0.5755973 0.4533884 17.7872 nan 0 0.0
0.03946091 0.1214311 -3.240869 -6.670899 3.690353 2.825125 0.5268131 20.63334 1.189959 0 0.0
0.09087297 0.08702213 -6.343881 -5.436319 0.2411759 0.1752609 0.2362444 17.68775 1.24473 1 0.0
-0.01309602 0.08584412 -6.392327 -3.203038 0.2165192 0.1557582 0.3172645 17.34489 1.592588 1 0.0
0.006675312 0.003189567 0.8456229 -8.780014 0.9624583 0.939498 0.108245 18.04686 nan 0 0.0
-0.09477183 0.03496086 -2.961228 -4.915054 1.848963 1.390953 0.7650739 20.05028 1.293404 0 0.0
-0.0005306422 0.08613835 -9.131501 2.722215 0.2051688 0.1452408 0.3582448 17.39066 1.326151 1 0.0
-0.07294067 0.0855239 -2.68862 -1.839704 0.1587966 0.1078864 0.2662455 16.91985 1.68012 1 0.0
0.02184113 0.01901357 -2.544125 1.971929 0.4927306 0.4419499 0.4984898 18.36229 1.532036 0 0.0
0.03094209 0.09345213 -5.142437 -4.569144 1.123701 0.8009722 0.5928261 19.74454 1.062235 0 0.0
-0.02059255 0.06773312 -2.870434 -3.260541 1.067254 0.753963 0.4886213 19.7737 nan 0 0.0
-0.04576363 0.1204454 -1.045867 -2.265411 1.727761 1.286368 0.7682263 20.01527 1.401691 0 0.0
0.01214876 0.06052415 1.850486 -1.282181 0.7461991 0.5319607 0.5134925 19.35471 1.069506 0 0.0
0.0001352826 0.1068769 -0.7956823 -5.027726 0.3140934 0.2201703 0.1871822 17.98204 1.164289 1 0.0
-0.0001252569 0.01800598 -2.046062 -3.185231 0.1109455 0.07806135 0.2706417 16.2278 1.31118 0 0.0
-0.06589569 0.06063016 3.258882 -4.159582 0.9158445 0.6677359 0.5735985 19.59617 1.94392 0 0.0
-0.117947 0.02209856 -1.182555 -3.286403 1.315305 0.8963905 0.4664362 19.94062 nan 0 0.0
-0.001514415 0.01660217 -2.917239 -3.424965 0.4618908 0.3749615 0.6324975 18.18426 1.042471 0 0.0
0.06579465 0.07315193 -5.238551 -2.406338 0.677463 0.5730917 0.6642542 18.93652 1.292414 0 0.0
-0.02788103 0.02603555 -1.926602 -3.971725 2.696596 2.061779 0.8601532 20.20778 nan 0 0.0
-0.1118588 -0.03809138 -0.8575731 -2.856488 1.167652 0.7935666 0.4366332 19.49438 1.431118 0 0.0
-0.000327889 0.04142822 -0.6738067 1.251253 0.2602595 0.1838614 0.3163222 17.69587 1.529413 1 0.0
