data/gcs/NGC_6642.ecsv
# %ECSV 0.9
# ---
# datatype:
# - {name: x, unit: deg, datatype: float64}
# - {name: y, unit: deg, datatype: float64}
# - {name: pmx, unit: mas / yr, datatype: float64}
# - {name: pmy, unit: mas / yr, datatype: float64}
# - {name: pmx_e, unit: mas / yr, datatype: float64}
# - {name: pmy_e, unit: mas / yr, datatype: float64}
# - {name: pm_corr, datatype: float64}
# - {name: g_mag, unit: mag, datatype: float64}
# - {name: bp_rp, unit: mag, datatype: float64}
# - {name: filter, datatype: int64}
# - {name: memberprob, datatype: float64}
# meta: !!omap
# - comments: [deg deg mas/yr mas/yr mas/yr mas/yr dimless mag   mag   zeroone float]
# - __serialized_columns__:
#     bp_rp:
#       __class__: astropy.units.quantity.Quantity
#       unit: &id001 !astropy.units.Unit {unit: mag}
#       value: !astropy.table.SerializedColumn {name: bp_rp}
#     g_mag:
#       __class__: astropy.units.quantity.Quantity
#       unit: *id001
#       value: !astropy.table.SerializedColumn {name: g_mag}
#     pmx:
#       __class__: astropy.units.quantity.Quantity
#       unit: !astropy.units.Unit {unit: mas / yr}
#       value: !astropy.table.SerializedColumn {name: pmx}
#     pmx_e:
#       __class__: astropy.units.quantity.Quantity
#       unit: !astropy.units.Unit {unit: mas / yr}
#       value: !astropy.table.SerializedColumn {name: pmx_e}
#     pmy:
#       __class__: astropy.units.quantity.Quantity
#       unit: !astropy.units.Unit {unit: mas / yr}
#       value: !astropy.table.SerializedColumn {name: pmy}
#     pmy_e:
#       __class__: astropy.units.quantity.Quantity
#       unit: !astropy.units.Unit {unit: mas / yr}
#       value: !astropy.table.SerializedColumn {name: pmy_e}
#     x:
#       __class__: astropy.units.quantity.Quantity
#       unit: &id002 !astropy.units.Unit {unit: deg}
#       value: !astropy.table.SerializedColumn {name: x}
#     y:
#       __class__: astropy.units.quantity.Quantity
#       unit: *id002
#       value: !astropy.table.SerializedColumn {name: y}
# schema: astropy-2.0
x y pmx pmy pmx_e pmy_e pm_corr g_mag bp_rp filter memberprob
[from data line 1328]
0.006889147 -0.0463682 -0.02293771 -1.889548 0.542048 0.4470823 0.2294706 18.72378 0.9672813 0 0.0
-0.0334653 -0.02854619 -7.537144 -3.532296 0.7615023 0.6763377 0.3266939 19.0236 nan 0 0.0
-0.04788554 -0.007588876 2.380731 -1.389956 1.383966 1.762515 0.7597701 19.33447 1.011074 0 0.0
0.03648191 0.01101714 -3.004046 -3.798483 0.8991136 0.9327639 0.6329294 19.01962 1.16979 0 0.0
-0.04556585 0.002522801 -4.851461 -10.70318 1.843628 2.421204 0.7408476 19.91374 1.539993 0 0.0
-0.009033658 -0.03037522 -0.1465267 -2.511013 1.457467 1.780582 0.8361724 19.27575 1.41876 0 0.0
0.02133189 -0.02117749 -6.026804 -10.23148 1.877311 2.354514 0.8430993 19.49234 nan 0 0.0
-0.0101575 0.02717894 -0.7721652 -6.961664 0.09088612 0.07665781 0.1798975 15.40533 1.623953 1 0.0
-0.01144261 -0.004832192 0.007437778 -4.027252 0.08795038 0.07172198 0.1002292 14.9571 1.737327 1 0.9806334
0.0318373 0.02103383 3.738042 -1.16039 0.5491488 0.4732149 0.3170684 18.34165 1.136892 0 0.0
0.03578342 0.01607181 -0.3045492 -3.88392 0.4851389 0.4105358 0.3770042 18.57921 1.206852 0 0.0
0.03135753 0.004901593 -2.456506 -6.164074 0.1144376 0.09152746 0.09288913 15.65002 1.810114 1 0.0
-0.03851175 0.00235911 2.269054 -6.727186 0.9534245 0.8152731 -0.001988349 19.01074 1.379419 0 0.0
0.03586397 0.003416527 -3.404856 -8.607364 0.5711991 0.4568184 0.3100147 18.80426 nan 0 0.0
-0.02683432 -0.02054144 -0.5241468 -7.635192 0.4303925 0.3711526 0.3601003 18.2322 1.37109 0 0.0
0.02328874 -0.03394752 -2.048174 -2.61559 0.4772009 0.3943642 0.4858023 18.38167 nan 0 0.0
0.01615405 -0.02279609 -0.2267846 -3.257131 0.1044232 0.08635367 0.2120944 15.61415 1.779095 1 1.094065e-05
0.03532664 -0.01702057 -3.893205 -6.199948 0.3344149 0.2965929 0.5593767 17.59724 1.490318 0 0.0
0.03575369 0.009670754 -2.468319 -7.671894 0.3547234 0.2992359 0.3325544 18.10636 1.242765 1 0.0
0.00174155 0.035091 0.5197882 -1.605271 1.709572 1.553041 0.4717402 19.98349 nan 0 0.0
-0.02135203 -0.0004999273 -2.578612 -6.618041 0.5975821 0.5907872 0.3397046 18.89494 1.204973 0 0.0
0.03322394 -0.03123549 -3.262269 -7.518237 0.08051016 0.06638594 0.1595622 14.68976 1.674242 1 0.0
0.001433171 -0.0006698686 -0.4642469 -3.497404 0.1675131 0.140815 0.1400168 12.98746 1.709689 0 0.0
0.02285183 0.02864411 -0.4793178 1.360376 0.5120847 0.4362724 0.3774783 18.59863 0.8886528 0 0.0
0.0002574994 -0.01270523 -1.847154 -6.560109 0.5820718 0.4938961 0.3439865 18.62714 1.616962 0 0.0
-0.02160895 0.03001189 3.8426 -4.427286 1.430292 1.805067 0.8230665 19.49154 1.141409 0 0.0
-0.01899766 -0.02186569 -4.330209 -8.629873 0.1750261 0.1474173 0.1048511 16.13857 1.576494 0 0.0
-0.004556422 -0.01842926 -3.838931 -2.938608 0.3616427 0.3064965 0.4676385 17.76928 1.277334 0 0.0
0.04826559 0.006010382 -3.125223 -0.5299654 1.614254 1.352209 0.5037831 20.00005 nan 0 0.0
-0.02208099 0.006532347 -4.980843 -4.542786 0.5584067 0.4945824 0.2844742 18.83511 1.310282 0 0.0
0.0238049 0.03501258 -1.898232 -2.042717 0.4013445 0.3675897 0.312878 18.26263 1.341423 0 0.0
-0.01200117 -0.01865289 -1.382394 -3.800875 0.7707804 0.6805175 0.2470751 18.9948 1.607038 0 0.0
-0.02148806 -0.02463363 1.935197 -0.3707804 1.083698 0.9641116 0.4607248 18.80887 nan 0 0.0
0.02299345 0.03802061 -5.353006 -0.2199399 1.487052 1.764377 0.8920725 19.17097 1.11644 0 0.0
-0.02180442 0.02688762 -0.5276162 -2.806713 1.13299 1.43621 0.8123959 19.27715 1.369526 0 0.0
0.01249041 0.005122166 -1.278554 -2.233227 0.3712425 0.3328051 0.5501915 17.38006 1.294468 0 0.0
0.001713082 -0.001076137 -0.005661272 -6.197685 0.3873325 0.3572045 0.4798711 15.84561 nan 0 0.0
-0.008924494 0.01065567 -1.931233 -3.462757 0.5806166 0.5421366 0.5276367 18.7791 1.316536 0 0.0
-0.02415421 0.01594475 -6.676421 -9.158402 1.757074 1.358633 0.3932927 19.953 nan 0 0.0
0.02192484 0.01018876 -0.5992025 0.03813613 0.4103581 0.3410958 0.4739701 18.06777 1.430441 1 0.0
-0.03268247 -0.02542366 -4.476312 -6.324819 0.181485 0.1499682 0.1317398 16.86036 1.735147 1 0.0
-0.02034932 0.03184696 0.6945915 -3.716068 0.5511844 0.4908195 0.2366743 18.87059 1.201872 0 0.0
0.01627408 0.04276518 -6.493078 -4.965169 0.7789405 0.7070622 0.6756764 19.02555 1.277782 0 0.0
0.03038397 0.03177445 2.006987 -6.345624 0.8792729 0.9047496 0.6949964 19.06429 nan 0 0.0
-0.02275558 0.02250246 -0.7023903 -2.028837 0.410319 0.340384 0.3802796 18.34896 1.279617 0 0.0
0.0100542 -0.005747606 1.310789 -1.536142 0.3756949 0.3532689 0.5173172 18.01453 1.194204 0 0.0
0.03365245 0.002984142 -3.033675 -7.167996 1.566936 1.9375 0.8596143 19.32054 1.364101 0 0.0
0.02679312 -0.002934697 -4.094914 -4.759753 0.5353894 0.4506774 0.3175078 18.67746 1.276144 0 0.0
0.02005308 0.03543472 0.07196524 -6.378089 0.6876282 0.5880354 0.5964884 18.61695 1.116728 0 0.0
-0.01200608 0.03536894 -1.272639 -3.125716 0.4319871 0.3654983 0.2496431 18.55529 1.487928 0 0.0
-0.01239271 -0.02172376 -1.05011 0.8870653 0.1071831 0.07903472 -0.4511252 14.13055 1.5689 1 0.0
0.009046989 0.0007584331 -0.02979418 -3.999812 0.08918865 0.0775935 0.06093942 14.87901 1.744349 1 0.9915447
0.0430341 0.01584648 9.634333 1.697017 1.520384 1.901242 0.8406294 19.45631 0.5172367 0 0.0
-0.03554778 0.01425798 -0.4477702 -6.7535 1.211387 1.529866 0.7601482 19.16968 1.49506 0 0.0
0.001460729 -0.0397667 -3.264647 -3.689603 0.550528 0.455066 0.2741668 18.73816 1.354628 1 1.557507e-06
0.00188109 0.003078066 1.287591 -4.16278 0.3130063 0.2670169 0.260521 15.89047 1.371049 0 0.0
-0.01239391 -0.008908282 -3.691691 -5.883996 0.7533264 0.7288506 0.4893998 18.98032 1.028925 0 0.0
-0.02090564 0.008827079 0.4079677 -4.272085 0.4901046 0.4067211 0.3566152 18.54817 1.637587 0 0.0
0.03116787 0.03152441 -4.25006 -12.30223 1.635094 1.434129 0.4709669 19.86922 nan 0 0.0
-0.0207954 0.01978291 -1.470673 -5.884096 0.638321 0.6160691 0.3463649 19.0935 1.102701 0 0.0
-0.005143773 -0.02851916 -1.957923 -3.929869 0.3698313 0.3118758 0.06699321 17.3011 1.610092 1 0.0009558264
-0.007803323 -0.01316895 -3.121047 -7.458353 0.406717 0.3435473 0.5300677 17.88411 1.299831 0 0.0
0.01456089 -0.003876917 3.352038 -6.710256 0.6621322 0.6078364 0.5010498 18.85714 nan 0 0.0
0.02455398 -0.002123638 -2.116286 -8.11789 0.4120786 0.3555295 0.4899385 17.85252 1.509443 0 0.0
0.006833144 -0.04712351 -3.48999 -6.005631 0.6233255 0.5175846 0.2017971 18.68588 1.361366 0 0.0
-0.02754303 0.0226961 -6.876895 -13.43274 1.760845 2.245389 0.8198285 19.74973 1.333986 0 0.0
-0.008447995 0.001286808 3.236749 -1.66276 1.518847 1.843034 0.8673388 19.21347 0.7563133 0 0.0
-0.04214379 -0.01938005 2.329525 -4.842168 0.585577 0.4842551 0.1208574 18.79351 1.296759 0 0.0
0.03234419 0.03310532 -1.739619 -7.470504 0.7368395 0.6807748 0.5415284 18.96487 1.197428 0 0.0
0.0203831 -0.003210117 3.500031 -4.752739 2.6173 2.350062 0.2607902 20.08095 nan 0 0.0
0.003812678 0.00694422 -1.842223 -4.422282 0.9178923 0.8121855 0.4439198 18.9838 nan 0 0.0
-0.003382675 0.0496326 -0.9934866 -0.1216108 0.1257018 0.1045633 0.07344991 16.44533 1.818341 1 0.0
0.01783461 -0.01287047 0.1374174 -6.151151 0.5783677 0.4904407 0.5448018 18.68024 1.213129 0 0.0
0.008151191 -0.0001551285 0.4496046 -4.013541 0.2382502 0.2105831 0.1993589 14.68261 nan 0 0.0
0.01038967 -0.01107104 -0.1597781 -3.048191 0.2577868 0.2198273 0.2131128 16.07068 1.236773 0 0.0
0.005909683 -0.04853109 -3.445191 -3.917863 0.8504268 0.7802195 0.412788 19.11554 nan 0 0.0
-0.03111363 -0.03223633 1.453274 -1.53144 0.4001872 0.3598565 0.4699776 17.38187 1.308197 0 0.0
-0.03181404 -0.02896349 -4.638122 -3.309485 0.4147257 0.3622804 0.5139567 17.87019 1.362513 0 0.0
-0.009312674 -0.04221224 -5.843564 -4.976691 0.4202308 0.3244396 0.02622206 18.00572 1.473572 0 0.0
0.02875675 0.01659614 -2.244492 -9.137941 0.8632042 0.744323 0.3728214 18.9594 1.007013 0 0.0
-0.01074238 -0.01051985 1.680007 -8.040916 0.4528925 0.3816135 0.2054396 18.11522 1.051073 0 0.0
-0.01121779 -0.01532259 -3.20123 -11.66837 0.5038288 0.4285525 0.4419781 17.9097 1.435501 0 0.0
-0.02477094 0.02041927 -3.625367 -6.282029 0.5122633 0.4360689 0.1952957 18.72565 1.355635 0 0.0
-0.005454142 0.03262089 -2.683772 -4.759788 0.475672 0.4312563 0.3580098 18.63676 nan 0 0.0
0.02889384 0.003408701 -3.913613 -1.341829 0.5244449 0.4440613 0.3751306 18.65394 1.175247 1 0.0
-0.01622995 0.002686074 2.47876 -6.636566 0.6005824 0.5627419 0.3010633 19.00201 1.323557 0 0.0
0.04572267 0.01886491 -0.3249068 -8.078049 1.535775 1.444855 0.8211392 19.59728 1.143742 0 0.0
0.02785725 -0.0006975975 1.343523 -2.300688 0.5218448 0.442153 0.3268518 18.74429 1.622204 0 0.0
0.01710315 -0.04169994 1.592176 -0.7592661 0.4856661 0.4037238 0.2593141 18.57959 nan 0 0.0
0.01254456 -0.01420119 -1.615975 0.8896021 1.370168 1.677056 0.876522 19.19015 0.6213398 0 0.0
0.008599045 -0.0003554286 -0.226029 -3.886269 0.08201108 0.0681914 0.1497915 13.53931 1.940255 0 0.0
0.005601903 -0.0481477 -5.859412 -11.21773 0.5213568 0.4321152 0.2589977 18.61571 1.163809 0 0.0
-0.02471663 0.02940862 -1.953926 0.4756732 1.236984 1.644729 0.8099644 19.29928 1.57814 1 0.0
0.001069371 0.01054916 -0.2226073 -3.117983 0.386379 0.3293726 0.3856878 18.22942 1.256031 0 0.0
-0.01166855 0.0179606 -0.8179348 -4.859826 0.4947067 0.4152052 0.15718 18.73179 0.8438263 0 0.0
0.01310613 0.003878515 -0.04924166 -3.722927 0.1415294 0.1225083 0.2858912 16.43918 1.624592 1 0.9875381
-0.02275194 0.001390021 -2.390291 -3.598126 1.591909 2.032285 0.470332 19.42693 -0.133791 0 0.0
0.006081667 0.04032845 0.2180877 -2.887455 0.08246391 0.06717957 0.003564701 15.22546 2.048306 1 0.0
0.01126179 0.04109105 0.6035427 -1.769267 1.24378 1.240819 0.8270336 19.10448 1.236712 0 0.0
0.008264933 0.02821095 0.1189738 -2.180958 0.1422548 0.1190487 -0.1022166 15.9937 1.156963 1 0.0
-0.00419207 -0.03443953 -0.2483738 -4.80411 1.521905 1.952112 0.8340596 19.30788 1.290154 1 0.3978359
-0.02281148 0.0219684 -3.276525 -8.371829 0.4850179 0.408522 0.1939419 18.77025 nan 0 0.0
-0.01639781 0.001930744 -0.3170969 -3.891728 0.10699 0.08461142 -0.2700634 15.42137 1.694017 1 0.9931224
0.006667317 -0.006332947 -2.952255 -2.578039 0.793052 0.7172477 0.2750503 18.7874 nan 0 0.0
0.02315662 0.01049373 -4.383854 -4.986396 0.1276979 0.1052442 0.1674349 15.9714 1.932466 1 0.0
0.03659073 -0.0003621299 -1.35781 -2.751747 0.2528223 0.1926675 0.2593971 13.52663 4.252116 1 0.0
-0.01264571 -0.01010803 -0.4806752 -4.533893 0.4223367 0.3636744 0.4049386 17.67011 1.116472 0 0.0
0.02233614 -0.04059637 -2.806271 -9.078851 1.367742 1.286602 0.2492448 19.69913 nan 0 0.0
0.01305172 0.01986401 0.4476586 -3.33584 0.3577948 0.3164422 0.5520426 17.52831 1.436569 0 0.0
-0.01465738 -0.04225659 -3.52052 -9.011123 0.129979 0.1067098 0.09208353 16.1361 1.821281 1 0.0
0.008405706 0.04053432 -3.599663 -7.827808 1.363639 1.875208 0.8186386 19.42208 1.277872 0 0.0
-0.007439886 -0.005745525 -1.839906 -4.158485 0.5513223 0.4962868 0.2771316 17.93275 nan 0 0.0
0.004037726 0.04298928 -5.802112 -6.07045 0.3702467 0.3262659 0.2166255 18.42296 1.394281 0 0.0
0.01106214 -0.002459418 -0.1676791 -3.70835 0.3132031 0.2644255 0.3637168 17.94668 1.227888 0 0.0
0.003421195 0.02322917 2.581129 -3.745764 1.725669 1.468669 0.2208104 19.67969 0.6265812 0 0.0
-0.01152615 -0.009764603 -0.2501671 -3.265981 0.7604269 0.699878 0.2924674 18.86978 nan 0 0.0
0.01935401 0.04166423 -4.814019 -9.528546 1.697156 1.575567 0.4828294 20.03456 0.7078018 0 0.0
-0.0235946 0.0176176 -1.073595 -0.6439207 1.324257 1.574672 0.3566128 19.23392 0.5043583 0 0.0
-0.007747571 -0.009329451 -0.2745433 -4.099364 0.3893993 0.3249373 0.2479001 18.17675 nan 0 0.0
0.007229768 0.04194774 -4.6943 -7.171768 1.068917 1.418457 0.7698777 19.10967 1.284264 0 0.0
0.01050234 -0.002081717 -6.971996 -9.949074 0.585652 0.5008985 0.3246501 18.46714 1.309702 0 0.0
0.02976714 0.02794845 -3.691514 -3.890594 0.9399627 0.7958859 0.002680912 19.04022 0.8039131 0 0.0
-0.000694189 -0.001261141 -3.390913 -0.4888773 1.041549 0.9290631 0.4735632 16.97391 nan 0 0.0
0.0190343 -0.03945717 -1.99166 -6.023508 1.816154 2.194477 0.8350715 19.52723 nan 0 0.0
0.04019469 -0.02319986 -3.077176 -7.257362 0.43372 0.3672335 0.3522643 18.51413 1.587996 0 0.0
0.02950585 -0.01367746 -2.065883 -2.358312 0.8273265 0.8956567 0.5110953 19.03741 nan 0 0.0
0.01939814 -0.03901471 0.0689687 -9.221144 1.675678 1.455717 0.5049963 19.87273 nan 0 0.0
0.006445813 0.04323142 5.119504 -5.682082 0.4510712 0.3802758 0.1768861 18.75859 1.272608 0 0.0
-0.001785644 -0.01700441 2.079209 -4.732833 1.829542 1.566203 0.5201228 19.54866 nan 0 0.0
0.04629989 -0.01159946 -3.154743 -5.100747 0.3016069 0.2664176 0.5493008 17.42834 1.383284 0 0.0
-0.0252665 -0.02329725 -3.763495 -0.9909669 0.5400013 0.4552704 0.4036393 18.55082 1.576111 0 0.0
0.04044702 -0.0217351 -2.89995 -2.607514 0.4820835 0.4085333 0.3703678 18.6895 nan 0 0.0
0.004540924 0.01918937 -4.769962 -0.8689638 0.1651204 0.1394106 0.2221628 16.75578 1.47186 0 0.0
-0.00929039 0.0387261 -4.012541 -5.809201 1.65131 1.408608 0.1138544 18.67741 1.433666 0 0.0
-0.0003301962 -0.04251518 -0.9054537 -8.84131 0.4092656 0.3521565 0.3965286 17.63186 1.254923 0 0.0
-0.01194543 -0.01599404 0.1708374 -4.688712 0.3719793 0.3431655 0.4054685 17.99446 1.103834 0 0.0
0.01635724 0.03593687 -5.474507 -3.584656 1.053515 0.9980213 0.6223873 19.02539 1.17528 0 0.0
0.02878838 0.03328352 -1.307435 -0.8629178 0.4818067 0.4094081 0.4817348 18.62678 1.232834 0 0.0
0.01170928 0.03531366 1.396242 -3.006887 0.6213899 0.5254111 0.3675281 18.58923 1.300884 0 0.0
-0.02631035 0.01852116 0.3289955 -3.444967 1.139985 1.509936 0.8120724 19.31691 1.527327 0 0.0
0.018904 0.02765673 0.6663941 -4.72606 1.453875 1.847448 0.8709037 19.17107 1.417589 0 0.0
0.04008261 -0.02363661 -3.465929 -5.964662 0.6946573 0.7151747 0.6652805 18.8697 nan 0 0.0
0.04871327 0.005466623 0.9691683 -4.382639 1.635042 1.981217 0.8768808 19.44271 nan 0 0.0
0.02528661 0.02326685 1.088096 -0.9522485 1.494072 1.338042 0.3399884 19.81017 1.733648 0 0.0
-0.01032533 0.02521246 2.260089 -1.591191 1.288149 1.63177 0.8291066 19.40534 1.044069 0 0.0
0.02626157 -0.001475468 -0.3388117 -3.86611 0.1145363 0.0957154 0.1549226 15.89099 1.362173 1 0.983847
-0.01233766 -0.01184559 2.397821 -7.570523 1.712261 2.062499 0.5506203 19.26403 1.235958 0 0.0
0.007618171 -0.02052939 -5.797536 -6.315815 0.8630209 0.7376893 0.4216327 19.00892 1.568718 0 0.0
-0.02600003 0.006531633 -7.914535 -6.814757 1.106915 1.351992 0.7561859 19.14611 1.932919 1 0.0
0.01456598 0.04227329 -2.600589 -4.090071 0.5930649 0.4731656 0.38354 18.82889 1.028391 0 0.0
0.00675174 0.00249235 1.676414 -3.616166 1.493338 1.697834 0.8499575 19.08536 nan 0 0.0
0.02208986 -0.007353153 0.5903574 -3.918728 0.2685085 0.2377885 0.5710728 17.29791 1.22831 0 0.0
-0.02653207 0.00734978 0.7220119 -7.322992 0.4848005 0.4127165 0.07911657 18.60527 1.455589 1 0.0
0.01395008 0.04339678 -9.406825 -6.834253 0.6699149 0.6191819 0.499039 18.86141 1.122263 1 0.0
0.000593406 -0.004288103 0.3267962 -3.776804 0.1307329 0.1030167 0.1326366 16.02209 1.592265 0 0.0
0.01159741 0.03666979 -1.362594 -4.486327 1.016539 1.068757 0.6377752 19.09964 0.7102776 0 0.0
0.02562308 0.02587031 -0.4933235 -1.876518 0.4971832 0.4226371 0.3896313 18.58385 1.190695 0 0.0
-0.0002743024 -0.008112335 -0.4743054 -3.90628 0.119225 0.1001086 0.2281961 16.06399 1.281061 0 0.0
0.01906572 -0.01569542 1.83564 -4.846599 0.2672829 0.2376363 0.5722784 17.31775 1.33473 1 0.0
-0.02618994 -0.02387917 -2.050542 -4.207156 0.5009525 0.4296775 0.2952905 18.49925 1.443651 0 0.0
0.0287814 0.001234348 -1.982629 -2.576282 2.351961 2.697892 0.7090537 19.33227 nan 0 0.0
0.04162217 -0.02272728 1.878835 -0.9800296 1.246261 1.503176 0.8772581 19.03651 0.8616047 0 0.0
-0.02614055 0.009339223 -1.88096 -3.063294 0.6633353 0.5531043 0.2361776 18.95822 1.484386 1 0.04000353
0.003645596 0.03874163 -4.299355 -7.846802 0.08206245 0.0670686 -0.01162535 13.99675 2.449763 1 0.0
0.03602699 -0.01466328 -4.902355 -6.786702 0.14258 0.1204611 0.2376317 16.51019 1.544846 1 0.0
-0.0351571 0.01897115 -4.45016 -4.760523 0.1111343 0.08986416 -0.06020826 15.9621 0.7352848 1 0.0
