data/gcs/NGC_6652.ecsv
# %ECSV 0.9
# ---
# datatype:
# - {name: x, unit: deg, datatype: float64}
# - {name: y, unit: deg, datatype: float64}
# - {name: pmx, unit: mas / yr, datatype: float64}
# - {name: pmy, unit: mas / yr, datatype: float64}
# - {name: pmx_e, unit: mas / yr, datatype: float64}
# - {name: pmy_e, unit: mas / yr, datatype: float64}
# - {name: pm_corr, datatype: float64}
# - {name: g_mag, unit: mag, datatype: float64}
# - {name: bp_rp, unit: mag, datatype: float64}
# - {name: filter, datatype: int64}
# - {name: memberprob, datatype: float64}
# meta: !!omap
# - comments: [deg deg mas/yr mas/yr mas/yr mas/yr dimless mag   mag   zeroone float]
# - __serialized_columns__:
#     bp_rp:
#       __class__: astropy.units.quantity.Quantity
#       unit: &id001 !astropy.units.Unit {unit: mag}
#       value: !astropy.table.SerializedColumn {name: bp_rp}
#     g_mag:
#       __class__: astropy.units.quantity.Quantity
#       unit: *id001
#       value: !astropy.table.SerializedColumn {name: g_mag}
#     pmx:
#       __class__: astropy.units.quantity.Quantity
#       unit: !astropy.units.Unit {unit: mas / yr}
#       value: !astropy.table.SerializedColumn {name: pmx}
#     pmx_e:
#       __class__: astropy.units.quantity.Quantity
#       unit: !astropy.units.Unit {unit: mas / yr}
#       value: !astropy.table.SerializedColumn {name: pmx_e}
#     pmy:
#       __class__: astropy.units.quantity.Quantity
#       unit: !astropy.units.Unit {unit: mas / yr}
#       value: !astropy.table.SerializedColumn {name: pmy}
#     pmy_e:
#       __class__: astropy.units.quantity.Quantity
#       unit: !astropy.units.Unit {unit: mas / yr}
#       value: !astropy.table.SerializedColumn {name: pmy_e}
#     x:
#       __class__: astropy.units.quantity.Quantity
#       unit: &id002 !astropy.units.Unit {unit: deg}
#       value: !astropy.table.SerializedColumn {name: x}
#     y:
#       __class__: astropy.units.quantity.Quantity
#       unit: *id002
#       value: !astropy.table.SerializedColumn {name: y}
# schema: astropy-2.0
x y pmx pmy pmx_e pmy_e pm_corr g_mag bp_rp filter memberprob
[from data line 3975]
0.02463432 0.02821601 -0.9457235 -11.32807 2.634173 2.217313 -0.3419164 20.07777 nan 0 0.0
0.001077225 0.008119805 -4.362532 -3.355202 1.713818 1.564579 -0.064099 19.69146 nan 0 0.0
-0.03465005 -0.01621713 -6.613158 -5.137369 0.8226656 0.7617989 0.1869032 19.41328 0.6848526 0 0.0
0.01528672 0.0185288 -4.063416 -5.005518 1.549679 1.205107 -0.410184 19.59439 nan 0 0.0
-0.006729966 -0.0002956667 -5.042754 -4.049201 0.1216942 0.1061606 0.07579709 15.53979 1.184855 0 0.0
-0.02075346 -0.01586944 1.616613 -1.679787 0.5577985 0.4856324 0.04894851 17.88477 1.072611 0 0.0
-0.016 0.02132484 -1.107049 -5.700417 0.7735199 0.7325898 0.3033894 19.0382 0.9464588 0 0.0
-0.03001199 -0.03337012 -3.68576 -2.561394 0.4805125 0.4401998 0.1941985 18.63424 0.8548222 1 0.0004997968
0.02440745 0.04117842 -0.8243316 -3.938155 0.488503 0.4306721 0.02719784 18.68442 0.9823875 0 0.0
0.03237034 0.03700639 -0.08123032 -11.87051 1.781158 1.523053 -0.07261751 19.72468 1.212446 0 0.0
0.004379694 0.01095021 -6.550268 -4.163847 0.893488 0.7178336 -0.1644895 19.25826 1.078497 0 0.0
0.00166603 0.009042953 -5.107214 -4.216015 0.2106615 0.1851453 0.05732566 16.32767 1.153435 0 0.0
-0.02075178 -0.02303345 -1.932117 -2.438294 0.1306684 0.1143923 0.1402715 16.39729 1.012889 1 0.0
0.01513523 0.0309304 -4.099029 -5.158476 0.7144896 0.6342333 0.04820061 19.27287 0.3899231 0 0.0
-0.04066934 0.05042306 -1.532972 -7.526539 1.753999 1.486801 0.07991481 20.14588 1.289268 0 0.0
0.01902831 0.03535851 -1.244121 -5.201419 1.083783 0.9748929 0.1323567 19.72183 1.08819 0 0.0
-0.04098935 0.02250696 -5.662571 -4.292924 0.1113984 0.09774128 0.03146645 16.061 1.292415 1 0.9875969
0.002639045 0.01661892 -2.826571 -2.758742 0.4844396 0.4365344 0.141105 18.79569 0.8310566 0 0.0
-0.03192991 -0.03651029 -1.40959 0.2795002 0.4625948 0.5048343 0.8682757 17.23112 0.9749146 1 0.0
-0.0389536 0.05096934 -0.860221 -6.830628 0.4945108 0.4230194 -0.03233127 18.83095 0.9775715 1 0.0
-0.02795138 0.00441513 -6.352112 -3.438884 1.067895 1.013229 0.3981703 19.6694 0.6403866 0 0.0
0.01583202 0.06121897 -11.41345 0.4159882 0.3882445 0.3249309 -0.1405723 18.12345 1.799273 1 0.0
0.0007448986 0.06349776 -0.00246156 -6.254944 1.877252 1.730632 0.3395734 20.22539 1.165239 0 0.0
-0.03801172 0.004838617 -4.659409 -10.37774 0.4652477 0.4222786 0.1556937 18.60699 0.9410992 0 0.0
-0.05556552 -0.005916692 -0.3465253 -7.513602 0.7314718 0.6511199 0.03371671 19.29482 1.037334 0 0.0
-0.01149882 0.05976624 2.849441 -5.317198 1.112028 1.005846 0.1650144 19.88857 1.570663 0 0.0
-0.03551659 -0.02515531 -6.958438 -7.936927 1.215109 1.063818 -0.08504088 19.82292 0.9664497 0 0.0
0.03393828 0.05228748 1.330515 -4.364422 0.6972085 0.6248455 0.1287671 19.27848 nan 0 0.0
-0.0279523 0.007341003 -6.602719 -4.193119 1.882869 1.72166 0.4482665 20.19088 0.6104202 0 0.0
-0.02852838 -0.03194293 1.779645 -2.203536 0.396461 0.340492 -0.1373773 18.07279 0.8612137 0 0.0
-0.01820752 0.04871012 -2.106551 -6.133724 1.114614 1.001758 0.1282706 19.76263 1.609957 0 0.0
-0.006501977 0.03210257 -3.965429 -5.722399 0.9559781 0.8355347 -0.006817529 19.64898 0.7206783 0 0.0
0.02331145 0.06086254 -3.368318 -4.134638 0.421519 0.392637 0.3217411 18.24356 1.199879 1 3.23201e-05
0.01373182 0.06266127 -1.447784 -6.487755 0.3510301 0.2968261 -0.09164186 17.81803 1.036171 1 0.0
-0.02364079 -0.03312786 -2.492107 -3.697523 0.5263926 0.4599593 -0.02639442 18.6556 1.132738 1 4.381829e-06
-0.05055209 -0.0002221491 -3.679142 -4.170092 0.7004681 0.65747 0.2366084 19.38102 0.7661095 0 0.0
-0.0320912 0.05533611 1.232734 -6.961514 0.7361416 0.6312992 -0.0661084 19.34315 0.9935284 0 0.0
-0.05014345 -0.0436141 -0.9372914 -2.773734 2.594547 2.115911 -0.1072095 20.43263 nan 0 0.0
-0.02504806 -0.03326558 1.215615 -4.245676 1.057123 0.9388538 -0.07907082 19.44556 1.078396 1 0.0
0.0003859696 -0.007905732 -5.905121 -4.551757 0.23321 0.209684 0.09019177 15.64188 1.16046 0 0.0
0.002870551 0.05012339 -4.438548 -6.831809 0.6795831 0.6114535 0.1509191 19.23587 0.5893726 0 0.0
0.03283167 0.03807434 -3.708839 -2.084191 1.361523 1.179554 0.1183442 19.57169 nan 0 0.0
-0.02745588 -0.02492355 -2.337531 -3.764263 0.3435611 0.3139859 0.1582725 18.24699 1.041924 0 0.0
-0.03347059 -0.02203027 -3.092908 -5.702753 0.3314418 0.3059606 0.1720022 18.16986 0.7310963 1 0.0
-0.02862289 0.02279794 -0.2165989 -7.111552 0.9668886 0.873802 0.1583941 17.83289 1.031023 0 0.0
-0.04965667 0.0006328515 -2.296954 -4.284616 1.06817 1.06977 0.4292779 19.72017 1.176582 0 0.0
-0.04581011 -0.01280043 -4.800301 -4.920625 1.039198 0.9601595 0.1720934 19.84681 1.005943 1 0.5177118
-0.01438308 -0.00272273 -6.780527 -4.676037 0.7206573 0.6545458 0.2709073 18.9607 0.8109035 0 0.0
0.03101274 0.03593114 -1.044674 -3.672644 0.7190589 0.6696067 0.3035628 18.82092 1.037123 0 0.0
-0.03298477 -0.02096579 0.6245906 -4.45815 0.5833123 0.541193 0.1986174 19.11184 1.121758 1 0.0
-0.05875489 -0.0210097 -4.11594 -2.895453 0.1707679 0.1573678 0.1372231 16.88348 1.041929 1 0.0
-0.0003306812 -0.008867035 -5.621393 -4.129528 0.0790002 0.06824283 -0.02278688 14.99478 1.430561 0 0.0
0.02578532 0.02397756 -2.979201 -5.439396 0.3244924 0.297181 0.2153471 17.79547 1.029551 1 0.0
-0.02276589 0.04706112 -2.506217 -4.07583 0.5722957 0.5009839 0.006672986 18.88919 0.686903 0 0.0
-0.007857723 0.0164355 -4.842827 -4.34225 0.5628781 0.5086477 0.1336656 18.64504 0.8846664 0 0.0
-0.005860135 0.006742512 -4.85411 -4.068296 0.3735839 0.3392564 0.1855488 18.2466 1.02737 0 0.0
-0.05594145 -0.01852832 -3.70593 -0.4245534 1.232038 1.124091 0.1602192 19.82744 0.5576019 0 0.0
-0.01963888 0.03580851 -3.528233 -7.256099 0.4842179 0.4211112 -0.02143721 18.62582 1.089439 1 0.0
-0.02500214 -0.01472995 -0.9606183 -5.134951 2.503348 2.135543 0.01169422 20.47907 0.7642326 0 0.0
0.02220824 0.05378275 -2.873601 -3.191502 0.3023001 0.2768509 0.2458012 17.91586 1.063295 1 0.0
-0.05997818 -0.02847208 -6.024559 1.157372 2.318949 2.489484 0.8236683 19.98502 nan 0 0.0
-0.01416349 0.06458763 3.133869 -7.292764 0.400811 0.3698456 0.2873572 18.35498 1.077417 1 0.0
0.01967477 0.06361382 -1.450101 -4.148474 0.2881898 0.2573907 0.0981044 17.9592 0.9121933 1 0.0
-0.03194318 0.0001374997 -4.587076 -1.298328 1.372821 1.313829 0.3804919 20.14365 0.4788551 0 0.0
-0.035951 -0.02668136 -2.298823 -5.48618 0.6570057 0.6344249 0.3201724 18.96079 1.053246 0 0.0
0.002204554 0.04632016 -5.188872 -4.465914 0.6488661 0.5845822 0.1553676 19.16069 0.9972191 0 0.0
-0.02507306 -0.03532934 -1.371255 -4.891188 0.7987771 0.6792285 -0.1809376 19.23634 1.147961 1 3.610864e-05
-0.007087713 -0.007906016 -1.476052 -7.054271 2.002818 1.579135 -0.1850583 19.33215 nan 0 0.0
-0.00371056 0.02448097 -4.832303 -3.39626 0.3539449 0.3163654 0.1053551 18.08418 1.16437 1 0.5484153
-0.02782624 0.01348652 1.835091 0.5331162 0.1874917 0.1702208 0.203379 17.09401 1.040136 1 0.0
-0.0237274 0.003512283 -5.39917 -4.222742 0.1118715 0.0988869 0.05365632 16.12834 1.281665 0 0.0
-0.02048552 0.0426557 0.7735842 -5.270137 2.10239 1.778689 0.1322008 20.30992 0.9416771 0 0.0
-0.04190453 -0.04516238 1.265047 -3.934592 0.4286479 0.3907013 0.08423652 18.3798 0.9283485 0 0.0
0.01446654 0.01299381 -7.414719 -1.876559 1.766748 1.40539 -0.5049059 19.86968 nan 0 0.0
-0.03456817 0.03614344 -9.539768 -4.096998 0.8938411 0.8326889 0.3423362 19.47314 0.8371964 1 0.003447117
-0.00839416 0.003793546 -4.594895 -2.856292 0.5477416 0.4992603 0.1760534 18.5934 nan 0 0.0
-0.04335695 -0.005047729 -6.592961 -2.462644 0.8179138 0.7674793 0.2812043 19.45779 1.907515 0 0.0
-0.01817242 0.00258663 -7.181694 -6.304822 1.29664 1.248847 0.4594686 19.81647 0.6566525 0 0.0
-0.04525845 -0.04045289 0.1742138 0.6683161 0.158319 0.139746 -0.006286216 16.80628 1.272047 1 0.0
-0.005504456 0.05021863 -0.7789279 -4.668376 0.6879303 0.6079961 0.03568224 19.16305 1.375662 1 0.0
-0.04105431 0.05212042 2.399373 -3.629876 1.580269 1.429848 0.329788 20.09278 1.167963 0 0.0
-0.04662122 -0.02768581 -0.07495654 -1.088026 1.023337 0.9338267 0.1220545 19.8455 1.0494 0 0.0
-0.01457261 0.060132 -3.026877 -6.302368 0.198809 0.176904 0.08512282 17.24228 1.28623 1 0.0
-0.03887162 -0.01887773 -7.288896 -5.508971 0.8765138 0.8065833 0.1673381 19.6233 0.7638226 0 0.0
-0.001816702 0.06599637 -1.895091 -1.298655 0.4922989 0.435024 0.03521019 18.70481 1.239841 1 0.0
0.0009234973 -0.004380956 -6.741275 -3.680714 0.727013 0.655952 0.1002121 17.79475 nan 0 0.0
0.02581794 0.04797962 -9.030987 -3.519791 1.721825 1.538294 0.2450873 20.26256 1.046213 1 0.3741845
0.0213126 0.05709794 1.015713 -2.436312 0.3032183 0.2513147 -0.1914864 17.66837 1.020964 1 0.0
-0.03387905 0.04209845 -1.808483 -9.824557 0.9397491 0.8870873 0.3341198 19.52186 0.8086147 1 0.0
0.001820232 0.03838941 -6.589862 -4.260557 0.6693428 0.6028479 0.1536939 19.25467 0.880434 0 0.0
0.004893818 0.04920015 -4.47929 -4.546639 0.8396065 0.7594588 0.1678394 19.48258 1.060938 0 0.0
0.00535406 0.03662688 -4.634798 -4.047242 1.378406 1.183988 0.0469238 19.99352 1.163502 0 0.0
-0.01799368 0.00475723 -5.551863 -4.106335 0.2612303 0.2328458 0.08662596 17.7991 1.073002 0 0.0
0.01400831 0.02931697 -5.662866 -4.227682 0.5346007 0.4697909 0.05613044 18.83645 1.018532 1 0.9538163
-0.05586367 0.02033206 -1.788138 -3.295142 0.06077438 0.05163724 -0.04462028 14.75825 1.627841 1 0.0
-0.04625532 0.006524593 -1.988767 -2.060399 0.3882224 0.3473437 0.1227341 18.37025 1.037008 1 0.0
-0.02294714 0.05465231 -3.140841 -6.771074 0.2603495 0.2432611 0.3059095 17.59715 0.9391212 1 0.0
-0.04135335 -0.02027123 -0.2568361 -3.928702 0.7878173 0.6982102 0.02980249 19.3985 1.111094 0 0.0
-0.04839895 0.04105408 -2.143516 -1.358347 0.5902052 0.5259521 0.03886327 19.19896 0.9285126 1 0.0
-0.0263995 0.03661165 -4.488579 -5.620809 2.056984 1.834547 0.1653081 20.18024 0.5263748 0 0.0
-0.05358863 0.02630728 -5.733621 -10.72082 1.973278 1.953754 0.6146944 20.18475 1.145042 0 0.0
-0.02655565 -0.04014392 -0.4308226 -5.102914 0.7543717 0.7628669 0.440708 19.00825 0.8915863 1 0.0
-0.03606837 -0.05250309 -2.182411 -4.143976 0.4314181 0.3920703 0.1207381 18.58198 1.067726 0 0.0
-0.001611245 0.03704664 -6.052721 -4.839182 0.9663814 0.8957261 0.2519977 19.72206 0.8663845 0 0.0
-0.02714188 0.03584086 -3.612989 -1.506827 1.414882 1.214733 0.1409392 20.07066 0.9718494 0 0.0
-0.0111907 0.05380391 1.932092 -8.006197 0.7202936 0.6565484 0.1557274 19.34644 0.8334713 0 0.0
-0.05165625 -0.03796541 -8.932942 -12.65133 1.314217 1.186697 0.05543909 19.53056 1.316408 0 0.0
-0.05758483 0.02915435 -3.993945 4.012946 2.148696 1.984225 0.4109889 20.37714 1.804008 1 0.003163205
0.001589059 -0.0005014181 -6.173333 -4.455877 0.4099038 0.3543386 -0.09437557 15.08119 nan 0 0.0
-0.03671554 -0.03420808 -3.796088 -3.989032 0.6393551 0.5677648 -0.01028761 18.95051 0.826004 0 0.0
0.002793468 0.04227656 -0.2542163 -3.477768 0.9701272 0.8617667 0.05106469 19.54397 0.7853565 0 0.0
-0.004195643 -0.004903664 -5.150123 -5.162978 1.027778 0.8225522 -0.3007763 18.9735 nan 0 0.0
0.001742543 -0.005418566 -2.943344 -5.746788 1.080461 1.003722 0.2404206 18.62484 nan 0 0.0
0.0176746 0.05276907 -2.269674 -6.845011 0.2512802 0.2244389 0.02097627 17.66785 1.169962 1 0.0
-0.001303578 0.01179336 -8.383114 -3.487109 1.046543 0.9467555 0.1291848 19.34837 nan 0 0.0
-0.006936628 0.02372165 -5.342796 -4.390395 0.06728872 0.05783683 -0.01177285 14.79053 1.479769 1 0.9697479
-0.001098518 -0.008744971 -5.774777 -4.630035 0.1830775 0.170805 0.1328103 16.37315 1.172869 0 0.0
-0.01892169 0.03494273 -3.779238 -4.519876 1.104338 1.05423 0.4241366 19.76743 1.55361 1 0.2952088
-0.0111351 0.01909399 -1.350731 -7.394126 0.5063907 0.458731 0.1627221 18.78914 0.8633671 0 0.0
-0.01809613 0.005012793 -5.736574 -4.464696 0.5361684 0.4874424 0.2633275 18.84248 nan 0 0.0
-0.02973 -0.03493787 -4.207467 -3.951959 0.5303711 0.4875505 0.1831578 18.81993 0.926609 0 0.0
0.000334797 -0.003431092 -4.745873 -3.714717 0.2269739 0.197939 -0.09294602 15.92888 nan 0 0.0
0.003151751 0.03532999 -4.616595 -3.641425 0.2376808 0.1999002 -0.2008934 16.38014 1.209773 0 0.0
-0.05566509 0.03023514 -0.5523291 -9.27449 1.275109 1.234393 0.5203196 19.91386 0.680191 1 0.0
-0.01090986 0.06110909 -3.411503 -4.505174 0.3276195 0.296024 0.1445389 18.10891 0.9222965 1 0.0
0.03265946 0.05714025 0.08522787 -2.306154 0.7018396 0.6652671 0.2497252 19.15952 nan 0 0.0
-0.03705292 0.03806885 -0.1865496 1.938996 0.2485018 0.2325317 0.1298374 17.45852 1.064425 0 0.0
-0.05300159 0.0294128 -8.085608 -14.01832 0.1762707 0.1521242 -0.02502389 17.15543 0.9983425 1 0.0
-0.02863296 0.05388771 0.5345954 -2.087471 0.8903061 0.7413361 -0.1884742 19.26451 1.721975 0 0.0
0.02543704 0.05934752 -3.956102 -6.755756 0.4394122 0.3946784 0.1245453 18.52099 1.102591 0 0.0
-0.03679829 -0.01986866 -5.521251 -4.044101 0.9549481 0.8932287 0.2245649 19.78508 0.4929256 1 0.7934355
-0.001713413 0.02345869 -5.531473 -3.827229 0.8600704 0.7558787 -0.001884028 19.25795 nan 0 0.0
-0.002532374 0.01077862 -1.895702 -6.68316 1.054567 0.9999795 0.3141636 18.68684 0.8425312 0 0.0
-0.001380563 0.02351592 -6.005144 -4.412592 0.6236249 0.5457878 0.00159051 19.02596 0.5170422 0 0.0
-0.001815588 0.01178953 -0.9008399 -0.09112532 0.6898235 0.6222273 0.139057 19.13709 nan 0 0.0
-0.04956308 -0.02926288 -1.351693 -5.810522 0.9746766 0.9128124 0.214224 19.8127 0.8618793 0 0.0
-0.00471038 0.04805956 -2.921167 -4.872957 0.7016369 0.6696002 0.2945639 19.14943 1.060587 1 0.001207045
-0.03885194 -0.005465247 4.992592 -2.142967 2.022217 1.777423 0.1240136 19.88985 nan 0 0.0
-0.01983645 0.003318694 -5.535642 -3.355434 0.4109869 0.3634196 0.07978512 18.22662 1.017084 0 0.0
0.009424914 0.02937862 -1.418577 -4.416723 2.14253 1.852054 -0.06333957 20.31788 0.6878052 0 0.0
-0.03589134 0.0154024 -10.41425 -10.97776 1.516075 1.486742 0.675179 19.65237 nan 0 0.0
-0.05688867 0.02168562 -1.555003 -6.823034 0.5727171 0.5153532 0.1269532 19.20845 1.125158 0 0.0
-0.04240457 0.03714329 -0.6419549 -3.852513 1.490333 1.400637 0.4009166 20.14337 0.9944324 0 0.0
-0.05509797 0.02415105 3.760145 -3.192308 0.5072953 0.4499664 0.05921026 18.92309 1.104511 1 0.0
-0.03293483 0.05102138 0.1131732 -7.978037 0.6863261 0.6121858 0.08012744 19.39468 1.025265 1 0.0
-0.01182955 0.04287091 2.569913 -9.097446 1.083043 0.9872887 0.2302557 19.89135 0.7518024 0 0.0
-0.04684852 -0.03335075 -3.85881 0.6684902 0.2992984 0.2704781 0.09520413 18.03751 1.033453 1 0.0
-0.002097193 0.01175901 -1.438846 -2.088008 0.7744049 0.6992029 0.1369668 18.99875 nan 0 0.0
-0.001610578 0.0004636999 -5.282368 -4.134567 0.1136918 0.09783475 0.162536 15.03854 1.202303 0 0.0
-0.002225211 0.01236936 -7.098123 -5.90509 0.3094132 0.2767216 0.09304287 17.90231 1.114433 0 0.0
-0.05835107 0.02625086 -7.287188 -8.003968 0.6211897 0.579658 0.2450333 19.00027 0.8825951 1 0.0
-0.04497104 0.04832671 -0.9951149 -3.650719 0.4071251 0.3565958 0.01446202 18.63019 1.340414 1 0.0
0.004943705 0.02533159 -2.365366 -6.037462 1.681881 1.546226 0.1618297 20.10336 1.259811 0 0.0
-0.001457194 0.01258681 -5.726095 -4.960697 1.10852 0.9749231 0.06572994 19.75298 nan 0 0.0
0.03329743 0.05084958 -4.250323 -6.463663 0.4071637 0.3667432 0.1250589 18.42658 0.8778458 1 0.0
0.02079884 0.05076949 -2.224179 -4.597061 0.7269603 0.6305048 -0.03607923 19.24019 0.7946911 0 0.0
-0.02362366 -0.001542163 -5.629834 -4.393153 0.08910293 0.07813184 0.03365282 15.62785 1.339575 1 0.9904061
-0.01820719 0.04707362 -3.595128 -4.933241 0.555146 0.5151031 0.3017117 18.73879 0.8756828 0 0.0
0.01216584 0.03752266 -1.958075 -1.278091 0.2129317 0.1889304 0.07891846 17.443 nan 0 0.0
-0.05337217 0.007069893 -3.352611 -5.276159 0.616136 0.5855315 0.3408003 18.99638 nan 0 0.0
-0.02547491 0.0272087 -1.125968 -3.58878 0.5608168 0.5075106 0.1397497 18.77991 1.19351 0 0.0
-0.002250783 0.01124402 -10.18582 1.670126 1.332294 1.198518 -0.33564 19.44009 nan 0 0.0
-0.02213917 -0.001057312 -7.55749 -5.398481 0.5252211 0.4756133 0.1197114 18.61849 1.040455 0 0.0
-0.02755703 0.05325482 -3.850933 -4.476957 1.039169 0.917148 0.07217122 19.52042 0.7439575 0 0.0
