data/gcs/NGC_4372.ecsv
# %ECSV 0.9
# ---
# datatype:
# - {name: x, unit: deg, datatype: float64}
# - {name: y, unit: deg, datatype: float64}
# - {name: pmx, unit: mas / yr, datatype: float64}
# - {name: pmy, unit: mas / yr, datatype: float64}
# - {name: pmx_e, unit: mas / yr, datatype: float64}
# - {name: pmy_e, unit: mas / yr, datatype: float64}
# - {name: pm_corr, datatype: float64}
# - {name: g_mag, unit: mag, datatype: float64}
# - {name: bp_rp, unit: mag, datatype: float64}
# - {name: filter, datatype: int64}
# - {name: memberprob, datatype: float64}
# meta: !!omap
# - comments: [deg deg mas/yr mas/yr mas/yr mas/yr dimless mag   mag   zeroone float]
# - __serialized_columns__:
#     bp_rp:
#       __class__: astropy.units.quantity.Quantity
#       unit: &id001 !astropy.units.Unit {unit: mag}
#       value: !astropy.table.SerializedColumn {name: bp_rp}
#     g_mag:
#       __class__: astropy.units.quantity.Quantity
#       unit: *id001
#       value: !astropy.table.SerializedColumn {name: g_mag}
#     pmx:
#       __class__: astropy.units.quantity.Quantity
#       unit: !astropy.units.Unit {unit: mas / yr}
#       value: !astropy.table.SerializedColumn {name: pmx}
#     pmx_e:
#       __class__: astropy.units.quantity.Quantity
#       unit: !astropy.units.Unit {unit: mas / yr}
#       value: !astropy.table.SerializedColumn {name: pmx_e}
#     pmy:
#       __class__: astropy.units.quantity.Quantity
#       unit: !astropy.units.Unit {unit: mas / yr}
#       value: !astropy.table.SerializedColumn {name: pmy}
#     pmy_e:
#       __class__: astropy.units.quantity.Quantity
#       unit: !astropy.units.Unit {unit: mas / yr}
#       value: !astropy.table.SerializedColumn {name: pmy_e}
#     x:
#       __class__: astropy.units.quantity.Quantity
#       unit: &id002 !astropy.units.Unit {unit: deg}
#       value: !astropy.table.SerializedColumn {name: x}
#     y:
#       __class__: astropy.units.quantity.Quantity
#       unit: *id002
#       value: !astropy.table.SerializedColumn {name: y}
# schema: astropy-2.0
x y pmx pmy pmx_e pmy_e pm_corr g_mag bp_rp filter memberprob
[from data line 32780]
0.05188242 -0.2045248 -6.912715 -1.249211 1.485423 0.7750688 -0.2226493 20.17826 1.24861 1 0.0
0.01802822 -0.221456 -1.644961 0.6514425 2.093934 1.065453 0.09215165 20.27947 1.179617 0 0.0
0.2052209 -0.09240432 -4.665113 -0.9299547 0.7345746 0.4944164 -0.06110201 19.76077 1.173529 0 0.0
0.2059509 -0.04327621 -10.39353 -2.713031 1.437371 0.8020452 -0.07759577 20.25321 1.414955 0 0.0
0.1033873 -0.1082911 -6.213072 3.446286 1.444425 0.6803474 -0.1867011 20.21531 1.064493 0 0.0
0.1616201 -0.1418685 -8.0092 0.7507192 0.3315847 0.1794468 -0.03456197 18.37267 1.253817 1 0.0
-0.04047952 -0.2120404 -4.673016 0.1409887 0.2268423 0.1680273 -0.06564921 17.89485 1.374025 1 0.0
0.2100249 -0.07374417 -4.033756 2.868693 1.859281 1.075954 0.1127669 20.42249 1.385429 0 0.0
-0.02616538 -0.1880649 -8.04425 1.795979 0.5328784 0.2899111 -0.1097492 18.81027 1.413219 1 2.124647e-06
0.1753973 -0.04493352 -2.702398 2.035984 0.1958137 0.1367728 -0.0348019 17.82965 1.477911 1 0.0
0.0247133 -0.2332362 -8.849854 -3.694976 0.7986867 0.5497911 -0.1798749 19.6785 1.775507 0 0.0
0.1978885 -0.03869863 -0.7739296 1.916881 1.129117 0.5819469 -0.1233428 20.00947 1.493553 1 0.0001462161
0.2072576 -0.115249 -2.896739 -1.212999 1.933031 1.05251 0.08027915 20.51891 1.258934 1 6.706289e-05
0.1821658 -0.06497612 -6.03673 -0.4913148 1.330795 0.9852077 0.05461296 20.26108 1.350407 0 0.0
0.1646658 -0.04116138 -8.279169 2.070255 1.462241 0.8629791 0.1253566 20.16467 1.170647 0 0.0
0.08866804 -0.1535231 -4.597842 0.07380531 1.83809 1.337945 0.1374734 20.74243 2.266481 0 0.0
0.1657639 -0.04703117 -16.8157 2.549197 0.351989 0.2100506 -0.02314036 18.50135 1.698034 1 0.0
0.003740067 -0.2432442 -4.874979 2.357054 1.736625 1.05283 0.03655448 20.32288 1.111105 0 0.0
0.1623507 -0.06764577 -4.179347 3.780109 0.7886148 0.4601716 -0.108888 19.80496 2.006529 0 0.0
0.1684273 -0.03736635 -5.707254 0.03643535 1.366736 0.7283021 -0.04556835 20.23848 1.621401 0 0.0
-0.03982147 -0.1889448 -8.011856 -0.5321196 0.6091302 0.4129794 -0.1714591 19.27857 1.975134 1 0.0
0.205406 -0.05552354 -6.504293 3.725416 0.8403281 0.4786018 -0.1810895 19.71864 1.338751 1 0.9087972
0.1190337 -0.1452626 -3.822048 1.030767 0.8855578 0.6203733 -0.01626603 19.98773 1.567102 1 0.0006621478
0.09952954 -0.1625072 -4.867568 0.6195817 1.057443 0.6202183 -0.09843532 19.94449 nan 0 0.0
0.1252038 -0.1448168 -6.819776 3.36805 0.3918506 0.2193726 -0.05261532 18.71054 1.083975 1 0.9690491
-0.003563157 -0.2441979 -6.70662 3.319401 1.481666 0.8287866 -0.2207255 20.26951 1.343573 0 0.0
0.1467541 -0.1427235 -7.523883 0.153606 0.5822141 0.3537912 -0.1436075 19.37416 1.302956 1 0.0
-0.05938422 -0.2139707 -9.127759 1.229988 0.712632 0.5198711 -0.1853368 19.51925 1.33477 1 1.126791e-06
0.1647828 -0.03930081 -7.812889 2.003379 1.808987 1.130209 0.1178894 20.47682 1.138733 0 0.0
0.0375451 -0.1661433 -6.241656 1.314824 0.961236 0.8695013 0.1219553 20.04428 1.27989 0 0.0
0.02922851 -0.1408973 -22.67537 2.323363 3.563092 2.471983 0.2044917 20.63623 1.321352 0 0.0
-0.06644943 -0.2148427 -5.824293 -0.6801418 0.5258556 0.282113 -0.07931996 18.74784 1.524427 1 0.0
0.0447328 -0.1514658 -6.229099 0.2804936 0.3462403 0.2237321 0.08122675 18.36292 1.272171 1 0.0
0.1395456 -0.1545523 -13.33901 -1.553223 1.575762 0.9835711 0.2001903 20.46557 1.612568 0 0.0
-0.008966536 -0.2130263 -8.951373 -6.049717 0.9849309 0.6564026 -0.230075 19.77318 2.066757 0 0.0
0.1034869 -0.09194931 -6.452752 3.093179 0.09315325 0.07110571 0.07719994 16.74162 1.421442 1 0.984672
0.004067789 -0.2227672 -7.045507 3.864881 2.049057 1.361713 0.05216408 20.57858 1.099785 0 0.0
0.04007836 -0.1517446 -6.055625 2.960736 0.4763346 0.2996406 0.04735195 18.83744 1.171488 1 0.9503462
-0.002791129 -0.1617016 -6.381331 3.016726 0.5890823 0.4027543 -0.1110387 19.24148 1.262894 0 0.0
0.1602604 -0.1085068 -4.162618 -2.677045 0.690174 0.4422308 -0.07193791 19.68659 2.223106 0 0.0
0.1252385 -0.06865864 -7.696066 4.660625 1.393545 0.7378424 0.01981198 20.35642 0.9974403 0 0.0
0.07835125 -0.181032 -9.774164 -0.08204748 0.2684877 0.163194 -0.03135948 18.13529 1.388823 1 0.0
0.04337063 -0.1534308 -4.079327 -2.312846 0.8969982 0.639346 -0.04733994 19.99015 1.217573 0 0.0
0.1779637 -0.03734442 -4.241991 2.763513 0.6853888 0.4659498 -0.08059009 19.42551 1.46142 0 0.0
0.08139147 -0.1346206 -1.90687 0.8158036 0.7640184 0.4788169 -0.1564091 19.69798 1.042589 1 0.0
0.09355941 -0.1374653 -4.704088 -1.35287 0.7395493 0.4285623 -0.09520951 19.53474 1.151802 0 0.0
0.03786476 -0.2438643 -4.646665 -0.5867591 1.463683 1.164897 -0.0365904 20.37891 1.453535 0 0.0
0.06031146 -0.2324293 -4.99396 1.144806 1.145904 0.7096936 -0.1610107 20.08119 1.212036 0 0.0
0.1706224 -0.08537063 -5.767426 -0.8570357 0.3947412 0.2922349 -0.05798859 18.99298 1.298513 1 0.0
0.0365374 -0.2414659 -10.57454 2.967965 2.231798 1.249666 0.1017816 20.46594 1.817064 0 0.0
0.1983408 -0.1443696 -0.4407387 0.923196 1.915942 1.11254 0.06980174 20.45722 1.140278 0 0.0
0.1364767 -0.1981239 -6.182529 0.9840993 1.028861 0.596037 -0.04995473 20.04998 1.352911 1 0.00227262
-0.06957219 -0.2285571 -7.225262 4.421613 0.5678376 0.3687657 -0.1401851 19.19086 1.257071 1 0.3560348
0.1020479 -0.1626741 -5.32366 -0.3345962 0.1606899 0.1169931 -0.05469328 17.58455 1.276833 1 0.0
0.1567536 -0.1787982 -5.483479 0.9604725 0.3828726 0.2076006 -0.08152241 18.57176 1.218266 1 0.0
0.08334254 -0.171785 6.597768 1.278402 0.6014631 0.3896222 -0.159393 19.47501 1.146877 1 0.0
-0.07105243 -0.2144104 -7.324906 -2.133907 0.6826452 0.4495789 -0.155969 19.48551 1.386106 0 0.0
0.1050583 -0.200595 -9.313255 -0.4324532 0.3241343 0.1875533 -0.06730944 18.36046 1.299685 1 0.0
-0.04547071 -0.2266704 -1.86693 3.107188 0.917538 0.7069681 0.1380695 19.51843 1.425598 1 0.0003464374
0.1148574 -0.1388186 0.007918134 1.911378 0.9440079 0.5452957 -0.07332903 19.95191 1.274668 0 0.0
-0.01354555 -0.2249768 -4.683669 0.211529 0.4698229 0.2837627 -0.1326191 18.49126 1.650986 1 0.0
0.07759865 -0.2037568 -4.988666 0.5759696 0.6634976 0.4230587 -0.2144023 19.41458 1.419361 1 0.0
0.1594703 -0.08063603 -9.824 -2.370889 1.604759 1.019509 0.1124286 20.39283 1.46722 0 0.0
-0.03565669 -0.2257171 -8.715775 2.848422 1.485195 0.8129177 -0.1759905 20.19787 1.273466 0 0.0
0.05994108 -0.1494888 -0.1065401 -2.672847 4.7486 2.305978 0.01507122 20.88594 0.6927509 0 0.0
-0.01250106 -0.2223592 -4.987342 2.936478 1.498199 1.08285 0.05199383 20.1414 1.595364 0 0.0
0.01306584 -0.2080698 -13.78567 0.7529666 2.361409 1.289853 -0.1960337 20.35551 1.453516 0 0.0
0.200573 -0.05061593 -6.212984 2.701608 0.7447054 0.4206405 -0.1356343 19.58132 1.365637 1 0.738856
0.09026251 -0.1370286 -4.639329 3.526409 1.418761 0.9181038 0.02529916 20.43348 0.6147499 0 0.0
0.08392982 -0.126652 -8.915701 -0.4664631 2.16126 1.392438 0.1393786 20.71883 1.363487 0 0.0
0.1683005 -0.142106 -8.989957 -0.1924023 0.3718515 0.2242182 0.009132481 18.45684 1.322653 1 0.0
0.05397414 -0.1791175 -5.432944 1.607186 0.1502661 0.112592 0.05471221 17.38471 1.719639 1 0.0
0.1859826 -0.09133072 -7.958888 -1.810454 0.5459093 0.2231909 -0.2412249 18.5743 nan 0 0.0
0.1751219 -0.05218672 -5.223947 2.476934 1.071049 0.6109893 -0.1031156 20.01425 1.232716 0 0.0
0.1410222 -0.07687158 -2.669099 -1.899559 0.1604872 0.1142106 0.03482247 17.61749 1.358688 1 0.0
0.07649711 -0.2369094 -6.554491 0.03027592 1.260425 0.5973937 -0.3779033 19.33231 nan 0 0.0
0.1308275 -0.1810825 -8.306785 -0.08184606 0.728205 0.4592568 -0.1005998 19.67575 1.183802 1 0.0
0.1569464 -0.1748324 -6.076651 1.487078 0.6922822 0.5122976 0.05943506 19.56417 nan 0 0.0
0.08051806 -0.171833 -2.971388 2.223153 1.800703 1.319502 -0.03094807 20.04526 1.767651 0 0.0
0.0509701 -0.2277383 -4.307286 2.86972 0.6809116 0.452363 -0.1699719 19.50385 1.229362 0 0.0
-0.02122985 -0.1795973 -7.11265 0.1635609 0.8446466 0.594153 -0.1356769 19.79491 1.584026 0 0.0
-0.03101106 -0.2474596 -3.185936 -0.0757305 0.9427548 0.6153853 -0.1960547 19.84497 1.337492 0 0.0
0.1845248 -0.08790503 -5.131248 -0.9112025 1.271377 0.6920222 -0.1267773 20.16307 1.16641 0 0.0
0.1714678 -0.06996667 -9.917239 0.6994435 0.3695896 0.2108425 -0.08306742 18.49077 1.257772 1 0.0
0.2254629 -0.1012406 -10.33136 0.6713004 2.255174 1.460498 -0.1225004 20.62046 1.601976 0 0.0
0.1772359 -0.08764023 -9.635005 -4.742877 2.554858 2.13786 0.3444003 20.80406 0.7038631 0 0.0
0.01020207 -0.2009803 -3.237166 4.726949 1.087952 0.8526796 0.02773237 20.08767 1.086256 0 0.0
0.173584 -0.160102 -5.093508 0.3275138 0.7092342 0.4421114 -0.1276192 19.71894 1.036596 1 0.0
0.09635339 -0.1224349 -7.079125 0.1134409 0.4676729 0.2787184 -0.1340822 19.014 1.320271 1 0.0
0.1656034 -0.1680293 -6.001695 3.907058 0.2149088 0.1430678 -0.06397068 18.00219 1.128717 1 0.3803905
0.07002039 -0.2099507 -8.827568 3.497298 0.5148046 0.2887451 -0.1379671 18.91036 1.394316 1 0.003125325
0.1412231 -0.1347057 -4.879861 3.1106 0.5073077 0.2774014 -0.1092824 18.99567 1.537395 1 0.4730866
0.1730734 -0.1125714 -1.162251 -2.474699 0.4466452 0.3074058 -0.05991904 19.05588 1.776436 1 0.0
0.2316691 -0.04791012 -6.086042 3.813289 1.210189 0.6469333 -0.1062638 20.02856 1.366016 0 0.0
0.1392866 -0.1329814 -6.731671 0.6706183 0.4042668 0.2289583 -0.04072025 18.60135 1.292564 1 0.0
-0.01014518 -0.2420566 -2.607737 0.7789648 1.490632 0.9925766 -0.2310253 20.20151 0.663784 0 0.0
0.1236636 -0.1670385 -5.411074 0.3009844 0.4611619 0.2505951 -0.07159981 18.93687 1.345854 1 0.0
-0.001551987 -0.2101402 -1.788812 1.003077 0.5641058 0.2970131 -0.08916635 18.84326 1.476297 1 0.0
-0.03220989 -0.2073924 -7.933019 3.027912 1.428687 0.7763869 -0.179249 20.13052 1.486248 0 0.0
0.07679239 -0.1157019 -6.404944 3.437531 0.4538449 0.2525355 -0.04967147 18.74766 1.176956 1 0.9891667
0.1793325 -0.07360718 -7.461148 4.548914 2.29635 1.346489 -0.1376631 20.61226 1.169653 0 0.0
0.1936133 -0.09081697 0.1917456 -0.7419096 1.230978 0.7667521 -0.1103348 20.25753 2.093941 0 0.0
0.2012529 -0.07513838 -8.642131 -0.101777 2.440496 1.720311 0.03421415 20.82072 1.367409 0 0.0
0.1417113 -0.1791521 -9.261201 0.2873826 1.114017 0.6328227 -0.01601653 20.12327 1.303957 0 0.0
0.0951629 -0.2092671 -3.674129 -1.147445 0.354316 0.2037738 -0.05639622 18.56657 1.242464 1 0.0
-0.04826625 -0.2010889 -5.857645 2.035405 3.466397 2.073676 -0.08198087 20.72612 1.540934 0 0.0
0.06793924 -0.1760299 -3.472191 0.4217379 1.088996 0.6155091 -0.1397719 20.05683 1.201704 0 0.0
0.1472662 -0.06440186 -5.334783 -2.824202 1.744077 0.9091346 0.005236173 20.51853 1.590303 0 0.0
0.06906738 -0.2340864 -6.140388 -0.3690498 1.35232 1.093166 -0.02045312 20.34764 1.480532 0 0.0
0.2018634 -0.1202607 -12.93837 -6.844332 0.7905148 0.5304916 -0.04302411 19.73542 1.530693 0 0.0
0.09544674 -0.14821 -6.411072 -6.9007 0.3620791 0.2081472 0.07601507 18.46634 1.285589 1 0.0
0.1685531 -0.1767015 -7.126971 -1.089129 0.4045035 0.2603377 -0.0869484 18.95673 1.460781 1 0.0
0.08326614 -0.1985182 -4.782691 1.245617 0.5397129 0.4187095 -0.0611684 19.33399 1.892469 1 1.660855e-05
0.0009524556 -0.1920128 -5.769956 1.81229 0.7379464 0.4932402 -0.1628313 19.57132 1.237236 0 0.0
0.1651681 -0.04720113 -4.820379 0.396105 0.3305381 0.2055769 -0.03742301 18.38694 1.525564 0 0.0
0.2064544 -0.09373093 -8.513224 -0.1303563 0.1619829 0.1228532 0.05038654 17.64028 1.518349 1 0.0
0.05997179 -0.1510759 -5.700483 1.268214 0.1384777 0.1043819 0.0472374 17.19161 1.298386 1 0.0
0.2104148 -0.03720908 -6.603989 3.63509 1.085871 0.6072046 -0.1705613 20.07948 1.265699 0 0.0
-0.03634688 -0.2132903 -6.476363 0.3020782 0.560745 0.3887654 -0.1660675 19.20379 1.49898 1 0.0
-0.0198514 -0.2362436 0.3427912 -1.319273 3.164397 1.817945 -0.2309598 20.63936 1.680248 1 0.02510697
0.1927757 -0.06031142 -33.11247 -3.846614 4.226919 2.170775 -0.1420329 20.75307 2.44743 0 0.0
0.1614725 -0.06354828 -2.927759 -1.928461 1.436704 0.7521403 -0.03991968 20.35911 1.894468 0 0.0
0.02709721 -0.1890276 -9.130611 1.918647 1.005504 0.6708371 -0.176151 19.98941 1.551929 1 0.0128214
0.01541438 -0.1798507 -6.492532 3.964384 0.6944645 0.432288 -0.07213448 19.33453 1.285696 0 0.0
