data/gcs/NGC_5053.ecsv
# %ECSV 0.9
# ---
# datatype:
# - {name: x, unit: deg, datatype: float64}
# - {name: y, unit: deg, datatype: float64}
# - {name: pmx, unit: mas / yr, datatype: float64}
# - {name: pmy, unit: mas / yr, datatype: float64}
# - {name: pmx_e, unit: mas / yr, datatype: float64}
# - {name: pmy_e, unit: mas / yr, datatype: float64}
# - {name: pm_corr, datatype: float64}
# - {name: g_mag, unit: mag, datatype: float64}
# - {name: bp_rp, unit: mag, datatype: float64}
# - {name: filter, datatype: int64}
# - {name: memberprob, datatype: float64}
# meta: !!omap
# - comments: [deg deg mas/yr mas/yr mas/yr mas/yr dimless mag   mag   zeroone float]
# - __serialized_columns__:
#     bp_rp:
#       __class__: astropy.units.quantity.Quantity
#       unit: &id001 !astropy.units.Unit {unit: mag}
#       value: !astropy.table.SerializedColumn {name: bp_rp}
#     g_mag:
#       __class__: astropy.units.quantity.Quantity
#       unit: *id001
#       value: !astropy.table.SerializedColumn {name: g_mag}
#     pmx:
#       __class__: astropy.units.quantity.Quantity
#       unit: !astropy.units.Unit {unit: mas / yr}
#       value: !astropy.table.SerializedColumn {name: pmx}
#     pmx_e:
#       __class__: astropy.units.quantity.Quantity
#       unit: !astropy.units.Unit {unit: mas / yr}
#       value: !astropy.table.SerializedColumn {name: pmx_e}
#     pmy:
#       __class__: astropy.units.quantity.Quantity
#       unit: !astropy.units.Unit {unit: mas / yr}
#       value: !astropy.table.SerializedColumn {name: pmy}
#     pmy_e:
#       __class__: astropy.units.quantity.Quantity
#       unit: !astropy.units.Unit {unit: mas / yr}
#       value: !astropy.table.SerializedColumn {name: pmy_e}
#     x:
#       __class__: astropy.units.quantity.Quantity
#       unit: &id002 !astropy.units.Unit {unit: deg}
#       value: !astropy.table.SerializedColumn {name: x}
#     y:
#       __class__: astropy.units.quantity.Quantity
#       unit: *id002
#       value: !astropy.table.SerializedColumn {name: y}
# schema: astropy-2.0
x y pmx pmy pmx_e pmy_e pm_corr g_mag bp_rp filter memberprob
[from data line 808]
-0.01711282 -0.03108221 -5.599384 -3.961791 3.52698 2.042199 -0.1896812 20.83586 0.5146618 0 0.0
-0.02361257 -0.03745011 -0.1593094 -0.3311296 2.358454 1.378291 -0.2618001 20.59062 0.2589226 0 0.0
0.02561089 0.01305485 -1.071495 -1.617705 1.491098 1.086815 -0.3021441 20.41031 0.5225487 0 0.0
0.1009629 -0.03980365 0.1657221 -1.583149 0.990897 0.7633512 -0.2338583 19.84606 0.5667019 0 0.0
-0.02149005 -0.03944737 0.3173661 -4.490479 0.9525179 0.6794179 -0.3890924 19.72946 0.6972466 0 0.0
0.1149199 -0.03817783 1.562868 0.8862196 1.635081 1.534483 -0.4592181 20.3967 0.6805019 1 0.9498156
0.02763502 -0.01105946 1.395748 -0.2316256 3.896236 2.329394 -0.008650988 20.84798 0.1728058 0 0.0
0.01084611 -0.03958184 -1.218078 -1.379515 1.615484 1.166373 -0.3058248 20.41079 0.5744686 0 0.0
-0.004173069 -0.02775275 -0.1323826 -3.817913 4.837518 2.546573 -0.4145915 20.81319 0.6034679 0 0.0
-0.02621477 -0.03496256 -6.714422 -0.6557085 2.077851 1.267031 -0.2241096 20.31631 0.5029621 0 0.0
0.08899182 0.02888891 4.847997 -4.455152 4.604001 2.654831 0.2908785 20.85218 0.513567 0 0.0
-0.02614224 -0.03607074 -0.6837534 -0.8245249 1.468347 0.9333881 -0.3425162 20.13387 0.3230114 0 0.0
0.04325928 -0.0574736 -1.197033 -1.465042 1.935662 1.362792 -0.4060835 20.60175 0.3766003 0 0.0
0.01026555 -0.05748615 -0.6148289 -0.5819403 1.030124 0.720461 -0.3850589 19.83261 0.6584129 1 0.9994244
0.04628394 -0.0579268 -0.3380263 -1.941836 0.7338031 0.5261731 -0.358287 19.39906 0.6942978 1 0.9991179
0.01654154 0.005109676 -0.7974525 -1.222086 1.88574 2.14672 -0.196324 20.61646 nan 0 0.0
-0.003577567 -0.0571202 0.2214241 -0.7249069 0.9601931 0.7050119 -0.3892622 19.71548 0.6651764 1 0.9993917
-0.005337077 -0.05853731 -0.3101491 -2.102433 0.9005962 0.6355197 -0.4063504 19.57924 0.648983 0 0.0
-0.009712579 -0.0327288 -2.334749 -1.645507 1.766719 1.324963 -0.3693581 20.55645 0.22229 0 0.0
0.01666359 -0.05715188 -2.407673 -0.8055457 1.005228 0.7480733 -0.4434832 19.72022 0.4850998 0 0.0
0.01997396 -0.01213622 4.55305 -2.401411 1.797987 1.279601 -0.2193299 20.37343 0.436058 0 0.0
-0.008477056 -0.03909178 6.106639 -4.905693 2.588869 2.191017 -0.3774917 20.75564 0.6316261 0 0.0
0.02550454 -0.0570097 -0.5528227 -1.357808 0.5424296 0.396871 -0.3080473 18.95358 0.8495255 1 0.9998295
0.04774824 0.01317763 -0.7011006 0.8196867 1.225957 0.8658738 -0.3161957 20.13826 0.4730606 0 0.0
0.07446104 0.02092674 -1.762583 -1.514054 1.243849 0.8491744 -0.2692472 20.14361 0.8375549 0 0.0
-0.01346298 -0.02355803 -0.8100646 -1.998044 1.669263 1.228515 -0.3702354 20.45834 0.1064224 0 0.0
0.03606412 0.001627811 -0.9282659 -5.201694 3.728232 1.824714 0.02384785 20.78522 0.5100613 0 0.0
0.004318188 -0.05537496 -1.084568 -0.8374634 1.331018 0.9221921 -0.3881315 20.15858 0.7214622 0 0.0
-0.002719138 -0.0236329 0.03193971 -0.9790466 2.347247 2.076733 -0.3865532 20.78366 0.4790897 0 0.0
-0.01516664 -0.05532669 1.577604 -1.231047 0.7824725 0.5547608 -0.4939896 19.3145 0.6536045 1 0.9946735
-0.007356454 -0.01337124 -4.717974 0.4692808 2.943867 3.125054 -0.4206457 20.87387 0.5264454 0 0.0
-0.004870862 -0.02537999 0.04850669 1.953747 3.015912 2.494915 -0.4376611 20.8061 0.3746281 0 0.0
-0.00516155 -0.0225304 0.2537 -3.16089 2.41172 2.863593 -0.4846633 20.77794 0.4775734 0 0.0
0.02280779 -0.004485508 -0.632386 -1.291191 1.530912 1.054773 -0.4015073 20.30686 0.454319 0 0.0
0.009360746 0.004966107 4.752798 1.172684 3.53605 1.675253 -0.2307603 20.77747 nan 0 0.0
0.0008428613 -0.04537669 -1.96883 1.316234 2.865324 2.701566 -0.2557887 20.96301 0.531311 0 0.0
-0.0080398 -0.01522706 2.576181 2.41413 2.353792 1.736516 -0.4487916 20.73183 -0.1274376 0 0.0
0.009346229 0.004594173 -0.5581984 -1.45154 1.385337 0.9428286 -0.3430419 20.25403 nan 0 0.0
0.03743813 -0.03484423 -2.361061 -0.381257 1.800452 1.393477 -0.4617608 20.49139 0.3146801 0 0.0
-0.01800302 -0.0643291 -0.8084436 -1.750209 1.953649 1.534483 -0.4872407 20.58321 0.5578041 0 0.0
0.02237127 -0.001187757 -2.734454 -2.774499 1.461468 1.001556 -0.4172668 20.17352 0.582613 0 0.0
0.01470165 -0.07059123 -0.6976139 -0.4086948 2.471334 2.09294 -0.4327609 20.74766 nan 0 0.0
-0.006805873 -0.06216122 0.7520453 -1.56674 1.28936 0.9393508 -0.4018061 20.15496 0.5064888 0 0.0
0.03598928 -0.06021034 -0.04210004 -0.9018169 0.5682949 0.4076036 -0.4291871 18.9332 0.8444195 1 0.999638
0.02131338 -0.02879485 -3.60679 -2.697076 3.929907 2.351344 -0.2163994 20.91562 0.130928 0 0.0
0.01299578 -0.00919573 -0.981289 -0.8581403 0.7886207 0.5490242 -0.3299441 19.44838 0.5184746 0 0.0
0.0692355 -0.03487484 -2.767949 -0.6586244 1.169359 0.824608 -0.2943846 19.99282 0.5695114 0 0.0
0.0172822 0.01214023 -2.264039 -0.6310101 1.81849 1.270143 -0.397527 20.46594 0.3459988 0 0.0
0.02474898 -0.06115066 -0.8440852 -1.984841 1.151807 0.8334809 -0.3231489 20.01835 0.5436954 0 0.0
-0.005176388 -0.03293117 4.285761 -0.1949566 2.597614 1.9876 -0.2703059 20.75433 0.6446228 0 0.0
-0.00646955 -0.01019744 -0.5946576 -1.645164 1.510357 1.191563 -0.4406476 20.32445 0.6229935 0 0.0
-0.007778378 -0.02113413 0.4075026 0.1103514 3.604437 2.495162 -0.3772287 20.92815 0.5774269 0 0.0
0.03414277 0.01510285 -8.016656 -8.406923 2.466207 1.672125 -0.3108915 20.18305 0.5441628 0 0.0
0.04420467 -0.05837173 -1.763111 -1.386592 0.8209467 0.6029202 -0.3306474 19.36104 0.669096 0 0.0
0.04275722 -0.02523763 -3.838672 -0.645861 2.206569 1.710959 -0.2486301 20.61592 0.6411057 0 0.0
0.02113711 -0.01344644 -0.3083027 -4.59495 1.924868 1.387035 -0.3452947 20.22012 0.4308681 0 0.0
0.04831362 0.01876631 -0.8343489 -0.7647054 1.40325 1.058351 -0.3814747 20.19797 0.7333069 0 0.0
0.06555735 -0.03562962 0.3167334 -2.129324 1.53755 1.069562 -0.302867 20.34483 0.808218 1 0.9978031
0.002543604 -0.01348962 -0.7478364 0.5255235 1.4255 1.094315 -0.2909958 20.29897 0.374794 0 0.0
0.02134059 -0.01304778 0.1936973 -0.8806774 1.242575 0.8930202 -0.3499999 20.1721 0.2858219 0 0.0
0.00236946 -0.0367383 -0.9911634 0.6521996 1.099329 0.8671478 -0.393336 19.87641 0.6168232 0 0.0
0.01362344 -0.04300534 0.4780208 -1.643544 0.7691413 0.5411758 -0.3491182 19.4761 0.6857967 1 0.9997231
0.03191603 -0.0507316 0.2424036 -1.63839 0.4199938 0.305806 -0.2852687 18.56543 0.8817902 1 0.9997436
-0.03367498 -0.04332695 -0.3411266 -1.64132 1.317869 0.9623168 -0.4265294 20.12785 0.4577656 0 0.0
0.0301824 -0.03103471 -1.856469 -1.03165 3.060155 2.127884 -0.150788 20.94444 -0.01539803 0 0.0
-0.02820716 -0.03818759 -0.7853813 -1.210354 1.732691 1.260552 -0.3964347 20.42747 0.2769547 0 0.0
0.03765957 -0.05083348 -1.414439 -2.808133 2.166337 1.537692 -0.3189974 20.79806 0.746397 1 0.9940103
0.01034991 -0.007448771 -0.2846164 -0.887882 0.3015778 0.22957 -0.4581853 17.7697 0.863802 0 0.0
-0.01349642 -0.08187519 -13.54555 2.411925 2.72348 2.102131 -0.527053 20.72871 0.8955364 0 0.0
-0.03303677 -0.1312157 -24.33125 -15.19852 2.740241 1.987505 -0.4730315 20.80709 1.560286 0 0.0
-0.03121798 -0.04472929 -0.378645 -2.384445 1.793484 1.29489 -0.4673269 20.49156 0.293745 0 0.0
0.02126641 -0.0004707283 -1.000859 -2.418214 1.930177 1.43332 -0.3302716 20.54509 0.6692238 0 0.0
0.008402058 -0.009800633 -2.550892 -5.437854 1.933625 1.375342 -0.3937087 20.19678 0.3224125 0 0.0
-0.04748998 -0.05107148 1.263777 -1.640826 0.7379988 0.5021375 -0.3397449 19.31507 0.5915432 1 0.9980568
0.01729887 -0.01005367 -1.017905 -1.248887 0.3835307 0.2770694 -0.3307318 18.45524 0.8325691 0 0.0
-0.03211791 -0.03604117 -2.989367 -2.438271 1.684086 0.9999155 -0.3436609 20.10828 0.4281406 0 0.0
0.01844735 -0.01036064 -0.7175574 -1.463522 0.4150429 0.3036168 -0.3306326 18.60653 0.8269157 1 0.9999327
0.01871152 -0.03435887 -0.3253053 1.088731 2.384598 1.783828 -0.4408779 20.67049 0.3841515 0 0.0
0.04042697 -0.007064955 -6.042724 0.3231702 1.612271 1.061593 -0.2756655 20.43086 0.2729702 0 0.0
-0.001614459 -0.05000773 -1.563011 -0.7074364 1.043936 0.8361816 -0.4392072 19.78772 0.4702015 0 0.0
0.05423334 0.005498576 -1.168728 -2.59421 1.429326 1.404974 -0.05296548 20.12972 0.6649075 0 0.0
0.05278463 -0.0111244 -2.208467 -2.327701 1.907574 1.145874 -0.1875393 20.47258 0.52421 1 0.996094
0.01631388 -0.04905523 -0.6885751 -1.772333 1.117554 0.7969689 -0.3829329 19.96462 0.5148411 0 0.0
-0.02843948 -0.03622871 -13.44825 4.240778 3.131459 1.612487 -0.2798598 20.59088 1.537573 0 0.0
0.01294284 -0.08167114 -0.4596234 -0.4056912 1.852084 1.294536 -0.4694023 20.41496 0.543457 0 0.0
-0.0009017482 -0.004677689 -1.302467 -5.960044 1.337935 0.9835934 -0.4058146 19.73652 0.4771767 0 0.0
0.04200658 -0.04819275 -0.306786 -0.4476194 1.143437 0.8205803 -0.368169 19.91449 0.5339184 0 0.0
0.08075077 -0.002908585 0.3354191 0.1483557 1.10785 0.6725024 -0.1743768 19.7847 0.6321144 1 0.9940637
0.0004792509 -0.005024828 -3.601037 -3.911918 1.192618 0.8289554 -0.3652063 19.99673 0.419014 0 0.0
0.09435198 -0.04857723 -0.1960263 -1.573157 0.3800904 0.300687 -0.2542858 18.41418 0.9045544 1 0.9995448
0.0007554518 -0.005188859 -2.601845 -2.370579 2.378505 2.632879 -0.0006525221 20.68224 nan 0 0.0
0.03780484 0.01892401 0.4022616 -0.7077255 1.194541 0.8163597 -0.298951 20.02057 0.5148373 0 0.0
-0.008259535 -0.05160018 -5.193324 3.388357 2.691774 2.715539 -0.4799827 20.84749 0.4436359 0 0.0
0.03431554 0.02370503 -1.859033 0.7060564 1.939767 1.2947 -0.3004934 20.57375 0.7479267 0 0.0
0.003677387 -0.006430507 -4.150011 -3.910023 1.409565 1.058664 -0.3046508 20.21572 0.5656605 0 0.0
0.003837299 -0.006697533 18.61992 3.142101 4.319589 1.938082 -0.03612429 20.72546 nan 0 0.0
0.001627663 -0.005156429 -1.367509 -1.223223 0.7175655 0.5346061 -0.2840329 19.34805 0.5173035 0 0.0
-0.01358076 -0.04303586 2.973757 -2.319236 2.582253 2.017777 -0.3968157 20.8227 0.3255272 0 0.0
0.03890174 -0.01237917 -0.8628852 0.2845669 4.740828 2.320927 -0.3592832 20.82007 -0.1731625 0 0.0
-0.006004852 -0.02498132 -0.2715568 -1.018416 0.4124222 0.3313889 -0.3242963 18.53715 0.7771358 0 0.0
-0.03270211 -0.05049494 9.862827 -2.093436 3.452771 1.770275 -0.2700031 20.79608 0.4913559 0 0.0
-0.02166642 -0.05521349 1.402416 -1.825788 1.615568 0.6250973 -0.4501873 19.1828 0.1473389 1 0.9990991
0.00129331 -0.004382048 0.9507493 -0.4714759 0.7154145 0.5081999 -0.315569 19.28549 0.6235867 0 0.0
0.03054713 -0.03842753 -1.753023 1.500308 1.577659 1.289826 -0.291029 20.55187 0.5093536 0 0.0
-0.05306029 -0.05539387 -0.8538791 -1.447442 0.8506654 0.5895786 -0.4315777 19.4532 0.7247257 1 0.999275
0.06976624 -0.05377264 -1.179743 -1.878598 1.210748 0.9951691 -0.3459516 20.08061 0.4547863 0 0.0
0.02858208 -0.02450803 0.03344487 -0.4886209 0.9517887 0.6919503 -0.3290771 19.79222 0.5070019 0 0.0
-0.00955432 -0.06421913 5.625788 -4.165066 2.782099 2.197707 -0.4354231 20.90494 0.3118038 0 0.0
0.03354486 -0.0522896 0.255982 -0.04789812 1.050271 0.7439888 -0.3538406 19.91316 0.6312523 1 0.997824
0.08844026 -0.002082895 0.6173809 0.6339413 3.804782 3.822462 -0.4238385 20.96843 0.4996529 0 0.0
0.1364465 -0.04882484 -10.02698 -23.2024 1.462725 0.6729135 0.6513441 18.5774 nan 0 0.0
0.07419956 0.02057949 -2.228441 -0.890851 1.201377 0.9192589 -0.3677545 20.08896 0.64785 0 0.0
0.1094391 0.008636535 -10.00895 -0.3117603 2.490157 1.457751 -0.2935142 20.54587 0.6139488 0 0.0
0.02767897 -0.01324337 -1.496992 -1.261349 1.306509 0.9352104 -0.451955 20.13647 0.4714222 0 0.0
0.07418751 -0.05587658 -0.3576632 -1.254362 0.1214304 0.09081258 -0.300609 16.3116 1.040029 1 0.9999816
0.01455108 -0.007013604 0.7166361 -2.63531 1.644874 1.452563 -0.1499724 20.44808 1.852375 0 0.0
0.004913337 -0.01768002 -7.576254 -1.411575 2.965805 2.426304 -0.4132426 20.95261 -0.05562592 1 0.9636371
0.02779571 -0.0161368 0.1016625 -3.705469 1.623852 0.9926903 -0.3541967 20.14171 0.5032101 0 0.0
0.09157463 0.00876577 5.187619 -5.414941 4.13413 2.325016 -0.3807429 20.76851 0.6195183 0 0.0
0.0227136 -0.06446208 1.670027 0.1590507 2.787082 3.042283 -0.5612089 20.7755 0.2446308 0 0.0
0.01546679 -0.005518166 0.2290518 -1.171871 1.58642 1.137827 -0.6091655 20.04454 0.3165855 0 0.0
0.004127926 -0.001778474 -0.3278471 -0.1947435 0.8614847 0.6320411 -0.3877271 19.52713 nan 0 0.0
0.09878781 0.002482972 -5.863679 -0.4923896 2.858977 1.767143 -0.2264871 20.79781 0.4958858 0 0.0
0.1002221 -0.01497992 -1.12122 -1.921332 2.033606 1.536124 -0.02505514 20.77698 0.3417225 0 0.0
0.007805764 -0.003639924 0.0705144 -0.4980258 0.7422465 0.5180072 -0.3920681 19.21698 0.5327129 0 0.0
0.01309731 -0.006040968 -0.4019662 -2.096982 1.467992 1.005924 -0.3145319 20.01434 0.4533653 0 0.0
0.00627984 -0.01604347 -1.440645 0.7633358 2.293521 1.71687 -0.3647238 20.75028 0.3201141 0 0.0
0.08081226 -0.01033387 1.482944 -2.516887 1.622665 1.105681 -0.2531744 20.47433 0.6166229 1 0.9953044
0.003328394 -0.0007313565 -2.176027 -1.470012 2.390943 2.168282 -0.512529 20.69679 0.5005989 0 0.0
0.08444863 -0.01470574 -5.676715 -4.73402 1.012613 0.7090531 -0.2751602 19.90808 2.068714 1 0.0
0.05244206 -0.03283203 3.938965 -1.614298 1.153234 0.8745808 -0.3538856 20.01991 0.61623 0 0.0
0.06570963 -0.01469832 -1.829135 -0.3447933 1.656408 1.248514 -0.3682366 20.47876 0.8005695 0 0.0
0.1240944 0.1086807 0.8900902 -1.684201 0.9449462 0.6328884 -0.1839749 19.72166 0.6845894 0 0.0
0.02400255 -0.0250542 -0.6684801 0.2216234 1.625762 1.186913 -0.3106852 20.48487 0.3664474 0 0.0
0.02042623 -0.02626962 -0.154476 -1.248516 0.8691462 0.6405074 -0.3230625 19.64679 0.6088047 0 0.0
0.05502431 -0.01416404 -0.2144781 -0.09835086 1.865578 1.285933 -0.2867452 20.64399 0.5513763 0 0.0
-0.02633022 -0.0290593 -0.5932715 -1.430268 0.1491099 0.114693 -0.354824 16.73288 0.2788792 1 0.9998648
0.009739167 -0.00394882 -6.722834 0.1345037 1.749716 1.255257 -0.404408 20.32146 0.5072212 0 0.0
0.1177793 0.05795822 -0.5458696 -1.125311 0.1398078 0.09559149 -0.189261 16.47078 1.022597 1 0.9997689
0.01610561 0.003421633 -1.528456 3.901797 3.600206 2.675171 -0.3517092 20.94046 0.5659122 0 0.0
0.1173581 0.05753261 0.09242216 -4.900508 1.03096 0.7348004 -0.1087191 19.90911 0.3696156 0 0.0
0.03584951 -0.01554981 -4.550313 -0.7579148 3.323395 2.135253 0.1150171 20.762 nan 0 0.0
0.006134057 -0.004174047 -3.141563 1.29843 2.269638 1.693421 -0.4186365 20.64763 nan 0 0.0
0.006905035 -0.01792028 -1.078104 -3.008928 2.058033 1.753288 -0.3565261 20.69896 0.4046707 0 0.0
-0.0009308882 -0.01748554 -2.2721 -0.6717947 1.458675 1.28172 -0.2929074 20.35618 0.426012 0 0.0
0.01213809 -0.009209142 0.5463447 -2.109712 1.847525 1.272162 -0.3603801 20.5427 0.7758636 0 0.0
0.01727105 -0.02307896 -1.073524 -3.100467 2.494187 1.660711 -0.2163303 20.64801 0.5407314 0 0.0
0.00789306 -0.005366071 7.350068 -12.13893 1.564972 1.087161 -0.4738118 19.36569 0.5167313 0 0.0
0.01760877 -0.05723953 1.063076 -2.929805 1.643886 1.181357 -0.3154711 20.41515 0.416935 0 0.0
0.008299911 -0.001440729 -7.153814 -0.8967297 1.738186 1.263506 -0.2772523 20.42954 0.4762802 0 0.0
0.001947444 -0.002348808 0.1816229 0.6255698 0.8816662 0.6593713 -0.2904848 19.64212 0.5101013 0 0.0
0.1168101 -0.01586826 -0.8909937 -3.380649 1.287319 0.9360428 -0.1760936 20.27179 0.8677139 1 0.9432838
0.009041409 -0.004082371 -8.408659 -1.213364 2.673116 2.290279 -0.4371024 20.64028 0.4841537 0 0.0
0.1031998 -0.01064474 -4.467827 -0.2535045 2.047273 2.259982 -0.3700261 20.62426 0.5386982 0 0.0
0.04832445 -0.02147302 0.468206 -1.688479 2.730641 2.097802 -0.215383 20.91342 0.3648663 0 0.0
0.01461061 -0.02398709 -1.986971 -0.7852205 1.56749 1.037137 -0.4222983 20.26273 0.6538944 0 0.0
0.007558677 -0.004532574 2.336801 -1.453658 1.616106 1.12849 -0.4128849 20.24998 0.5388966 0 0.0
0.0201918 -0.0101392 1.445881 -2.441036 0.9158529 0.6551807 -0.3522877 19.74654 0.4329185 0 0.0
0.007835078 -0.009155975 2.022575 -4.426672 3.451892 3.0118 -0.3179307 20.9556 0.2264137 0 0.0
0.009477621 -0.006144193 -2.680419 1.608282 2.348242 1.715481 -0.3875466 20.67547 nan 0 0.0
0.01360783 -0.02883947 0.9370874 -4.690037 2.118372 1.562825 -0.3865896 20.72011 0.5521889 0 0.0
0.01427628 -0.02466804 0.4945812 -2.373342 2.515072 1.934944 -0.1638092 20.83499 nan 0 0.0
