data/gcs/NGC_7078_M_15.ecsv
# %ECSV 0.9
# ---
# datatype:
# - {name: x, unit: deg, datatype: float64}
# - {name: y, unit: deg, datatype: float64}
# - {name: pmx, unit: mas / yr, datatype: float64}
# - {name: pmy, unit: mas / yr, datatype: float64}
# - {name: pmx_e, unit: mas / yr, datatype: float64}
# - {name: pmy_e, unit: mas / yr, datatype: float64}
# - {name: pm_corr, datatype: float64}
# - {name: g_mag, unit: mag, datatype: float64}
# - {name: bp_rp, unit: mag, datatype: float64}
# - {name: filter, datatype: int64}
# - {name: memberprob, datatype: float64}
# meta: !!omap
# - comments: [deg deg mas/yr mas/yr mas/yr mas/yr dimless mag   mag   zeroone float]
# - __serialized_columns__:
#     bp_rp:
#       __class__: astropy.units.quantity.Quantity
#       unit: &id001 !astropy.units.Unit {unit: mag}
#       value: !astropy.table.SerializedColumn {name: bp_rp}
#     g_mag:
#       __class__: astropy.units.quantity.Quantity
#       unit: *id001
#       value: !astropy.table.SerializedColumn {name: g_mag}
#     pmx:
#       __class__: astropy.units.quantity.Quantity
#       unit: !astropy.units.Unit {unit: mas / yr}
#       value: !astropy.table.SerializedColumn {name: pmx}
#     pmx_e:
#       __class__: astropy.units.quantity.Quantity
#       unit: !astropy.units.Unit {unit: mas / yr}
#       value: !astropy.table.SerializedColumn {name: pmx_e}
#     pmy:
#       __class__: astropy.units.quantity.Quantity
#       unit: !astropy.units.Unit {unit: mas / yr}
#       value: !astropy.table.SerializedColumn {name: pmy}
#     pmy_e:
#       __class__: astropy.units.quantity.Quantity
#       unit: !astropy.units.Unit {unit: mas / yr}
#       value: !astropy.table.SerializedColumn {name: pmy_e}
#     x:
#       __class__: astropy.units.quantity.Quantity
#       unit: &id002 !astropy.units.Unit {unit: deg}
#       value: !astropy.table.SerializedColumn {name: x}
#     y:
#       __class__: astropy.units.quantity.Quantity
#       unit: *id002
#       value: !astropy.table.SerializedColumn {name: y}
# schema: astropy-2.0
x y pmx pmy pmx_e pmy_e pm_corr g_mag bp_rp filter memberprob
[from data line 492]
-0.02390218 -0.2008225 1.927048 -4.438003 0.3300347 0.3623208 0.07694479 18.47101 1.509592 1 0.0
0.009525649 0.05566213 -0.4313474 -3.54409 0.4407847 0.4211999 -0.3270306 18.10466 0.8782349 0 0.0
-0.007179355 -0.03863724 -0.6574366 -0.4464762 1.387633 1.405215 0.02000839 19.69951 nan 0 0.0
-0.011025 0.03970913 -3.795743 -3.32966 1.072421 1.196077 -0.1580326 19.65413 0.7171593 0 0.0
0.02805359 -0.002114906 0.6103006 -4.020027 0.6229683 1.095701 0.4246794 18.94707 nan 0 0.0
-0.002644042 -0.02052992 -1.627583 -4.306989 0.3534551 0.3061373 -0.2545529 17.35353 0.6546535 0 0.0
-0.03972875 -0.0244189 0.04448419 -4.032742 0.2991647 0.3130952 0.006665661 18.10056 0.9185181 0 0.0
0.02141243 -0.145034 -0.7512146 -4.121026 0.3650999 0.4144207 0.1787905 18.192 -0.1451817 1 0.9964985
0.08916669 -0.05158186 -0.3656286 -4.667423 1.700274 2.326901 0.1651112 20.60756 1.002697 0 0.0
-0.1788148 -0.01905357 0.5897307 -3.421768 1.020005 1.231157 0.1833033 20.1759 0.7092056 0 0.0
0.1442228 -0.1169902 -4.115696 -6.121699 1.376578 1.691307 0.09136139 20.4502 1.5014 0 0.0
0.0546498 -0.07834556 0.2276617 -2.843355 2.203215 3.921917 0.5174573 20.72753 0.3911018 0 0.0
0.003651523 -0.05789199 0.2656281 -3.867792 0.5333613 0.5828334 0.03534547 19.06958 0.6685352 0 0.0
-0.1417311 -0.01925141 -1.550028 -5.853312 0.9178742 1.219859 0.1190429 19.90062 0.4490051 0 0.0
-0.002286023 -0.01977175 -4.019467 -4.632782 1.18935 0.8167732 -0.3140822 18.56056 nan 0 0.0
0.01959165 -0.1445315 -3.717969 -5.240313 2.12234 2.936616 0.3941055 20.66846 0.5554543 0 0.0
0.01525513 0.004851596 -1.243622 -3.279034 0.2629411 0.3125011 -0.06164743 17.7523 0.7225628 0 0.0
0.08963618 -0.02801642 1.937235 1.100554 1.664927 2.343725 0.3777496 20.17074 0.783329 0 0.0
-0.1070564 -0.000968533 -0.6306387 -3.341823 0.400382 0.4146042 0.0470592 18.56231 0.7102032 1 0.9972039
-0.1305903 -0.1155724 -1.834493 -5.079917 1.345339 1.31179 -0.1909269 20.05996 0.8893986 1 0.91369
-0.2286072 -0.01840505 0.8510066 -2.915886 1.52884 1.91601 0.09128765 20.61489 0.7223301 0 0.0
0.0114688 -0.04790967 1.085968 -3.835039 1.256433 1.226055 -0.04555229 20.04257 0.6542072 0 0.0
-0.03282731 0.05315964 -1.622716 -5.233176 1.094969 1.345896 -0.006808287 19.71502 0.7239094 0 0.0
-0.08593358 -0.08831462 -0.4841115 -3.684192 1.387202 1.56595 0.1318743 20.43956 0.7738667 0 0.0
-0.0469543 -0.05580314 -0.1220607 -3.406773 0.4694161 0.6641506 0.2898742 18.88912 0.4948635 0 0.0
-0.0002274476 -0.009208862 -0.790566 -3.916749 0.04964234 0.05158143 -0.1425648 13.58345 1.221087 0 0.0
-0.005269191 -0.006582391 -0.9934168 -3.969355 0.1854903 0.1970817 -0.1604396 12.44736 1.448268 0 0.0
0.0358382 0.009923307 -0.8711916 -2.944787 0.7833078 1.040807 0.022514 19.52607 0.768404 0 0.0
0.03188053 -0.07240979 -0.4858905 -5.025478 0.9369434 1.125052 0.1339586 20.00533 0.4682713 0 0.0
-0.005268655 0.02041517 0.007210771 -3.795104 0.1598996 0.1712724 -0.1022687 16.0602 0.9700747 0 0.0
-0.02331355 0.04453075 -0.5817294 -2.615907 0.6618619 0.7754165 -0.04472019 19.18844 0.598917 0 0.0
-0.1867558 0.05839979 0.5278856 -3.98343 0.5898584 0.652522 -0.02281061 19.09036 0.7173119 1 0.9466998
-0.05035324 -0.04187792 -0.7880368 -3.802434 1.120046 1.304185 0.1410028 20.16224 0.5499249 0 0.0
-0.001808879 -0.04995649 -0.2047835 -2.046194 0.5321479 0.5831067 0.05214822 18.75128 0.7047997 0 0.0
-0.1584323 0.04064687 -0.4110532 -4.132238 1.548092 1.799936 0.1624486 20.46297 0.5079231 0 0.0
-0.05464477 -0.01765757 0.5464752 -7.307518 1.416853 1.874233 0.1801217 20.32039 0.7605667 0 0.0
-0.06174683 -0.02439181 -0.6337017 -3.215749 1.080258 1.626114 0.3248214 20.06835 0.8255901 0 0.0
0.0488726 0.01929714 -5.258516 1.815018 1.217058 1.442863 -0.1288305 19.49478 0.5929737 0 0.0
-0.0386907 -0.06693766 -4.032289 -4.317129 1.96936 1.97232 -0.006051677 20.59938 0.5505695 0 0.0
-0.1150635 0.04012769 -0.8200393 -4.455578 1.824389 3.366948 0.3819974 20.59526 1.143604 0 0.0
-0.1951329 0.02310079 13.60023 -5.483072 0.5723078 0.5546003 0.04130006 18.90173 0.8821983 1 0.0
0.03291941 -0.02756791 -0.2506277 -6.571098 0.8947519 1.30955 0.2520066 19.52886 0.7726707 0 0.0
-0.04781988 -0.05731742 -1.213664 -0.2715758 1.193097 1.966202 0.2597656 20.14872 0.4618397 0 0.0
-0.02275337 -0.03172891 3.118666 1.190233 1.743267 1.365307 -0.381056 19.31053 0.7178535 0 0.0
-0.05278958 -0.141151 10.43171 -7.422333 0.9515341 1.021539 -0.1926557 19.42618 1.768648 0 0.0
-0.1647065 0.0237964 -1.048549 -3.253405 0.5043757 0.5588336 0.1184085 19.05764 0.6776295 0 0.0
-0.02794617 -0.04512753 0.4594173 -6.732848 1.087709 1.252488 -0.1087712 19.67348 -0.0111351 0 0.0
0.05367671 0.01189851 0.101116 -1.56214 0.5271843 0.6833336 -0.007557912 18.97795 0.6366329 0 0.0
-0.003389069 0.0446852 -0.2014166 -4.220956 0.3803176 0.5224654 0.05808103 18.39438 0.8632946 0 0.0
0.1981143 -0.1457669 -6.076185 -11.75891 0.4445783 0.4541532 -0.06706016 18.64623 2.012497 1 0.0
0.0149856 0.0232718 -1.467145 -2.458869 0.9706511 0.8563775 -0.8776697 17.76306 0.9213047 0 0.0
-0.0285114 -0.02947291 0.1322763 0.1103374 1.597349 1.657277 -0.03743692 20.06643 nan 0 0.0
-0.05428683 -0.01802194 -1.007943 -5.289803 1.944259 3.167466 0.1489642 20.60281 nan 0 0.0
-0.01514358 -0.001753559 -3.457516 -1.965148 0.5665058 0.8490317 0.1408814 17.96766 nan 0 0.0
-0.0005257048 0.02813702 -0.5220259 -3.488181 0.1691887 0.1770954 -0.1915185 15.03318 0.02262688 0 0.0
-0.04984828 -0.05398396 -1.834823 -1.422466 0.3189705 0.3673557 0.09132989 18.38196 0.7906628 1 0.0
-0.03594209 -0.04193081 -0.7368554 -3.853542 0.8604062 1.036074 -0.08328638 19.12898 0.4641399 0 0.0
0.09008826 -0.04150312 0.994851 -5.372525 0.8510854 0.9632281 -0.08156651 19.63498 2.26626 0 0.0
-0.05451123 -0.09426526 -2.364955 -5.355759 1.138825 1.502578 0.2446875 20.30611 0.7007866 0 0.0
-0.06844946 -0.1010303 -0.8037949 -3.983907 0.4593685 0.6373783 0.3670208 18.87834 0.6881332 1 0.9962003
0.1457977 -0.04951406 0.9335382 -2.524835 1.277343 1.466791 -0.04487309 20.21539 0.7722836 1 0.934511
-0.01290704 -0.01986872 1.620591 -2.702867 1.138007 0.8186415 -0.2284114 18.82032 nan 0 0.0
0.08010233 -0.07270385 -3.881531 -2.792078 1.827278 2.817273 0.2624802 20.68376 0.5379696 0 0.0
0.0606338 -0.01674742 -0.8846678 -1.166753 1.228351 1.804407 0.395705 19.88321 0.828125 0 0.0
-0.005359087 -0.02634633 -0.8353659 -3.533968 0.1151913 0.1139726 -0.05153982 16.07909 1.037596 0 0.0
-0.01630868 -0.02851454 33.31183 -19.72243 1.434069 1.091568 0.06325609 19.2781 nan 0 0.0
0.1072528 -0.0626397 0.5739492 -3.296448 0.730255 0.879875 -0.01023182 19.38315 0.7467175 0 0.0
-0.02339199 -0.1700581 -6.904299 -25.96973 1.438573 1.914418 0.3129871 20.37127 2.311161 0 0.0
0.06126134 -0.02120665 -0.60246 -4.18744 0.2298022 0.2442454 -0.1413363 17.70779 1.002094 1 0.9987904
0.06430416 -0.1441563 -0.4755529 -4.770592 1.625392 2.180265 0.3778675 20.5052 0.172163 0 0.0
0.002546729 0.02229673 2.023626 -5.795007 0.5738037 0.5012969 -0.2435119 18.0712 0.8696728 0 0.0
-0.05525423 0.06416685 -0.9106115 -1.489883 1.317743 1.478822 -0.04866089 20.2643 0.5797844 0 0.0
-0.01162349 -0.004568983 -1.173198 -5.680793 0.3992284 0.465001 -0.1918614 16.5827 nan 0 0.0
-0.03134906 -0.05751442 -0.4897049 -3.209488 0.5301195 0.5575597 0.03491793 18.98671 0.5237923 0 0.0
0.05928543 0.009478323 -2.582592 -3.567531 1.130245 1.654266 0.07695474 20.06037 0.3204994 0 0.0
0.06833369 -0.1442774 -2.567204 -3.532317 1.624053 2.156479 0.2460818 20.61255 0.1531219 0 0.0
-0.01290702 -0.0195006 -3.197417 -4.281399 0.7638754 0.5155259 -0.3142597 18.69932 nan 0 0.0
0.007321963 -0.0687247 -0.6983281 -2.064368 0.7945789 1.151971 0.1922374 19.67252 0.5894299 0 0.0
0.05521027 -0.04688661 -1.656235 -3.728864 1.639017 2.239215 0.2041018 20.3784 nan 0 0.0
-0.05178576 -0.04371443 -2.366685 -4.96958 1.085911 1.149107 0.07711843 19.98548 0.3352165 0 0.0
-0.08547522 -0.05475023 -0.4675332 -4.733741 0.5097722 0.580407 -0.03252709 19.10108 0.648243 0 0.0
0.04257477 -0.1446213 -5.573047 -4.025058 0.8872415 1.150501 0.1937743 19.97346 1.370506 1 0.0002160921
-0.02704307 0.03343797 1.285298 -1.313056 1.22146 1.905742 0.2893148 19.87156 nan 0 0.0
0.06275323 -0.02190058 0.4602992 -3.860115 0.6704251 0.8522115 0.1300207 19.17553 0.6942997 0 0.0
0.03241421 -0.04407608 0.7367058 -5.171811 0.7680773 0.9966183 -0.01865353 19.50303 0.8067074 0 0.0
0.03226136 -0.01380743 -0.850991 -4.361386 0.7859483 1.290566 0.3183164 19.42841 nan 0 0.0
-0.05956694 -0.01566238 -0.4417925 -2.606133 0.7610471 0.9491439 -0.1248474 19.38349 0.3310108 0 0.0
-0.1397827 0.1111854 1.966177 -4.871118 1.241227 1.334369 -0.0445268 20.13569 1.253908 0 0.0
-0.009868516 -0.1440667 4.948437 -2.416457 2.018888 3.361953 0.6165257 20.71875 0.6977444 1 0.2722317
0.01012422 0.001868258 -0.2780179 -3.499291 0.5057417 0.4459411 -0.4141571 16.62387 0.6446829 0 0.0
-0.00595421 0.04401767 -0.8820721 -5.96841 1.296531 2.434685 0.1556402 19.75632 nan 0 0.0
0.06671599 -0.00106946 -2.318042 0.8562058 1.98161 2.805427 0.112404 20.66129 0.7766914 0 0.0
-0.03486135 0.008570867 -0.06315459 -3.488149 0.4262177 0.532141 0.1620768 18.6133 0.5216293 0 0.0
-0.006522013 -0.0002337533 0.9617575 -2.544162 0.5694732 0.8349816 0.1089545 15.53139 0.6044483 0 0.0
-0.06102824 -0.1440417 0.6564814 1.737454 1.801952 2.881102 0.5711302 20.65202 0.4580212 0 0.0
0.05108009 0.01888366 -1.455308 -3.213101 0.543725 0.6457538 -0.12417 18.49473 0.7469425 0 0.0
-0.09475626 -0.1430257 -0.2373453 -3.686025 0.4287468 0.5374567 0.1678704 18.9164 0.724575 1 0.9927741
0.02778727 -0.02290789 -0.921672 -3.672527 0.7935284 0.9654615 0.2534984 19.12127 nan 0 0.0
0.0162396 0.004298523 -1.393183 -5.078462 0.3714243 0.4357266 -0.08228453 18.00575 0.7040768 0 0.0
-0.0485654 -0.05489114 -0.6707824 -3.718962 0.130004 0.1693552 0.2253417 16.70078 1.01041 1 0.9997083
-0.1883542 -0.09296721 0.3474742 -3.58751 0.997535 1.233867 0.2870658 20.19239 0.9842415 1 0.9450846
0.0610363 -0.08083326 -2.251171 -9.425722 1.522567 2.203762 0.4073575 20.4013 0.7234364 0 0.0
0.01946458 -0.03904957 -1.208332 -3.996746 0.6565328 0.7855087 0.08315132 19.18637 0.6719704 0 0.0
0.04622686 -0.03317926 -0.7948562 -3.813476 1.004186 1.291105 0.2147297 19.74606 0.4535217 0 0.0
-0.1081605 -0.00155841 0.4468956 -5.234051 1.24213 1.324546 0.05185345 20.21135 0.6073818 0 0.0
0.03395736 0.02154454 -0.1896481 -3.797507 0.4067594 0.4558617 -0.1071392 18.58515 0.6885719 0 0.0
-0.1170134 0.08237724 0.397696 -4.536666 1.513235 1.687299 -0.01672796 20.41363 0.8163319 1 0.9548097
-0.001659353 0.004249395 -0.02612411 -4.423922 0.1723576 0.3021884 0.2456983 12.80932 1.407566 0 0.0
0.04461186 -0.01011588 1.554511 2.198815 1.678249 2.430116 0.3007647 20.25177 nan 0 0.0
-0.001122636 -0.05552404 -2.280484 -11.66587 3.187129 2.797643 -0.095521 20.64204 0.5048122 0 0.0
0.02095266 0.008543657 -0.4113204 -3.034105 0.5399472 0.7030506 -0.002560654 18.25877 0.7091408 0 0.0
-0.03773223 -0.04147757 1.134341 -3.112588 1.028099 1.00122 -0.1806822 19.64344 0.7773399 0 0.0
0.06087706 -0.03681553 -0.8230215 -3.376994 0.8620864 1.050545 0.136313 19.53999 0.6688862 0 0.0
-0.02940553 -0.02100705 -1.592114 -2.284777 0.8291507 0.8510986 0.06546541 19.06336 0.7341499 0 0.0
-0.05779916 0.01918926 -2.24076 -3.111091 1.979077 2.368013 0.2836056 20.72333 -0.322876 0 0.0
0.0618764 -0.1005216 -0.5700099 -2.667553 1.542701 2.389131 0.5588135 20.36613 0.1076927 0 0.0
0.01135027 -0.06738369 -1.03186 -4.649432 0.7017389 0.8642033 0.02488684 19.5697 0.5173225 0 0.0
-0.08106173 -0.06319067 -1.158187 -8.067413 1.691195 2.498146 0.1775175 20.67449 -0.03503227 0 0.0
-0.02346211 0.05103387 -0.2360773 -2.373817 1.253758 1.594373 0.1858994 19.73658 0.7510452 0 0.0
0.02682822 0.02011893 -1.023204 -3.996885 0.2755142 0.2890491 -0.1567055 17.68035 0.8208675 0 0.0
-0.004045729 0.01418671 -0.7232233 -4.067753 0.1244441 0.1461292 -0.06274543 15.79089 0.4960022 0 0.0
-0.04032333 -0.01041602 -1.558818 -1.272874 0.7261764 0.9795735 0.02772268 19.47905 nan 0 0.0
-0.03524031 0.07500957 -0.8948499 -4.722886 1.221546 1.369423 -0.07840568 20.15594 0.5072327 0 0.0
-0.0527707 -0.04532022 -0.4538303 -3.638135 0.3649129 0.4007888 0.06012402 18.43218 0.8638039 0 0.0
-0.001271544 0.003817378 -1.406308 -3.498505 0.2546965 0.3255885 -0.05150141 13.41063 nan 0 0.0
-0.04643836 -0.005930841 -0.2421353 -3.918455 1.181595 1.73975 0.3127765 20.18296 0.6903954 0 0.0
0.054398 -0.01428066 -3.67788 -10.77195 0.6714329 1.06724 0.4619973 19.06011 nan 0 0.0
-0.05643085 0.001013842 -3.022939 -5.660507 2.361356 3.465633 0.1219401 20.77324 0.2836113 0 0.0
-0.09588117 -0.2007758 -6.076236 -6.417682 0.668296 0.8298186 0.06245923 19.51136 1.134159 1 0.0
0.01880273 0.03802061 -0.6457931 -3.432936 0.2655783 0.2504286 -0.2436296 17.47993 0.008165359 0 0.0
-0.003956009 0.02950748 -0.5205735 -3.61751 0.1090527 0.1129884 -0.2025321 15.6664 1.02665 0 0.0
-0.0320524 0.04846175 -0.9624171 -2.542349 1.517063 1.924976 0.01779152 20.43523 0.5884457 0 0.0
0.03003843 -0.1437581 3.791312 -1.778342 3.720091 3.978096 0.1961234 20.9417 0.1962109 0 0.0
-0.0001677924 -0.02666205 -0.6381569 -3.583307 0.092532 0.090817 -0.05845879 15.77003 1.076879 1 0.9997183
0.05834507 -0.05550238 -0.07493019 -3.690248 0.3991077 0.4131739 -0.2421256 18.36633 0.7626114 0 0.0
0.1372829 -0.144286 -0.4654532 -4.508809 1.137539 1.361424 0.1716126 20.29489 0.6828671 1 0.9495583
-0.0356926 0.03845341 -4.623753 -8.778058 1.842237 2.907843 0.2797309 20.52663 0.3004341 0 0.0
-0.03065717 -0.008760774 -0.8402402 -5.287662 0.7787653 0.85315 -0.2949016 19.15898 0.5308266 0 0.0
0.008065817 0.00197023 -1.50485 -1.585097 0.4735689 0.4585903 -0.2673319 15.90635 0.7077866 0 0.0
0.003471864 -0.009663742 -0.9980561 -3.258127 0.2360381 0.2369077 -0.1623445 16.47833 nan 0 0.0
-0.1095541 -0.1997758 4.419635 -3.359549 0.6927148 1.138342 0.2659442 19.46678 2.135895 1 0.0
0.0732276 -0.03086053 -0.9614593 -1.67421 1.938291 3.191233 0.5413069 20.43724 0.5671215 0 0.0
0.0301688 0.02322159 1.069132 -5.630477 1.116858 1.173825 -0.1357729 19.10439 0.7260761 0 0.0
-0.09621897 -0.1434725 -8.13877 -5.754082 0.7182918 0.8895295 0.04302945 19.66966 1.380436 1 0.0
0.003292822 -0.006177111 -0.5285423 -2.480877 0.1949266 0.261592 0.2754225 15.53873 0.8711939 0 0.0
-0.02590837 0.0458709 -0.2174706 -6.085973 1.373871 1.544101 -0.166672 20.11403 0.7605381 0 0.0
0.001592425 -0.01812953 -0.7749143 -4.084135 0.04425457 0.04282894 -0.2168047 13.08978 1.442001 1 0.998947
-0.04112747 -0.001681189 -0.545944 -3.288146 0.8303892 0.8734442 -0.01496853 17.78938 0.87714 0 0.0
-0.05372393 0.1095156 -0.6866642 -4.704397 1.27965 1.272271 -0.1457432 19.97891 0.7373066 0 0.0
0.05519954 0.004847354 0.4496322 -4.976457 1.158124 1.413106 0.04204333 20.08357 nan 0 0.0
0.04894979 -0.07611317 -0.1713137 -4.676704 1.186789 1.489985 0.1614217 20.33678 0.6061897 0 0.0
0.2470048 0.01649684 0.01524629 -5.264256 1.034903 1.158231 -0.02915575 19.71041 0.6773815 0 0.0
-0.01645459 0.02418074 0.00520669 -3.637694 0.6195743 0.7265897 -0.02509604 18.98932 nan 0 0.0
0.03968437 0.02344791 -0.3595902 -3.692978 0.1545788 0.1557512 -0.193755 16.81921 1.045006 1 0.9993989
0.20771 -0.01066406 12.42009 -2.727663 1.357351 1.332438 -0.1539224 20.07939 1.785633 0 0.0
-0.05606865 0.02094842 0.02539525 -2.526376 1.364184 1.980152 0.5479013 20.07731 -0.150238 0 0.0
0.100181 -0.06255663 -0.439533 -3.67061 0.5247449 0.627088 -0.0007082524 19.00966 0.6102352 1 0.9957923
-0.0365318 0.009251061 0.1332862 -2.98702 0.6657089 0.7828391 0.1732335 18.86259 0.7482834 0 0.0
0.05487145 0.004584072 -0.06644937 -2.64667 1.322525 1.568642 -0.02661711 20.25933 nan 0 0.0
0.0553341 -0.06853403 0.4361224 -1.522003 1.890592 2.228529 0.1258352 20.75513 0.7852535 0 0.0
0.09521158 -0.01745349 -2.976028 0.6897939 1.53315 2.008578 0.03063714 20.12033 1.055889 0 0.0
0.05296583 -0.01350084 1.74932 -5.691812 0.7160531 0.786433 -0.1006862 19.09146 0.6176434 0 0.0
0.0183928 -0.07285643 -1.019734 -7.419172 1.499962 2.216135 0.2355266 20.53349 0.4310684 0 0.0
