data/gcs/NGC_6273_M_19.ecsv
# %ECSV 0.9
# ---
# datatype:
# - {name: x, unit: deg, datatype: float64}
# - {name: y, unit: deg, datatype: float64}
# - {name: pmx, unit: mas / yr, datatype: float64}
# - {name: pmy, unit: mas / yr, datatype: float64}
# - {name: pmx_e, unit: mas / yr, datatype: float64}
# - {name: pmy_e, unit: mas / yr, datatype: float64}
# - {name: pm_corr, datatype: float64}
# - {name: g_mag, unit: mag, datatype: float64}
# - {name: bp_rp, unit: mag, datatype: float64}
# - {name: filter, datatype: int64}
# - {name: memberprob, datatype: float64}
# meta: !!omap
# - comments: [deg deg mas/yr mas/yr mas/yr mas/yr dimless mag   mag   zeroone float]
# - __serialized_columns__:
#     bp_rp:
#       __class__: astropy.units.quantity.Quantity
#       unit: &id001 !astropy.units.Unit {unit: mag}
#       value: !astropy.table.SerializedColumn {name: bp_rp}
#     g_mag:
#       __class__: astropy.units.quantity.Quantity
#       unit: *id001
#       value: !astropy.table.SerializedColumn {name: g_mag}
#     pmx:
#       __class__: astropy.units.quantity.Quantity
#       unit: !astropy.units.Unit {unit: mas / yr}
#       value: !astropy.table.SerializedColumn {name: pmx}
#     pmx_e:
#       __class__: astropy.units.quantity.Quantity
#       unit: !astropy.units.Unit {unit: mas / yr}
#       value: !astropy.table.SerializedColumn {name: pmx_e}
#     pmy:
#       __class__: astropy.units.quantity.Quantity
#       unit: !astropy.units.Unit {unit: mas / yr}
#       value: !astropy.table.SerializedColumn {name: pmy}
#     pmy_e:
#       __class__: astropy.units.quantity.Quantity
#       unit: !astropy.units.Unit {unit: mas / yr}
#       value: !astropy.table.SerializedColumn {name: pmy_e}
#     x:
#       __class__: astropy.units.quantity.Quantity
#       unit: &id002 !astropy.units.Unit {unit: deg}
#       value: !astropy.table.SerializedColumn {name: x}
#     y:
#       __class__: astropy.units.quantity.Quantity
#       unit: *id002
#       value: !astropy.table.SerializedColumn {name: y}
# schema: astropy-2.0
x y pmx pmy pmx_e pmy_e pm_corr g_mag bp_rp filter memberprob
[from data line 14523]
-0.00406151 -0.1275503 -2.924738 -9.063121 1.64005 0.9423629 0.5050465 19.83003 1.140985 0 0.0
-0.01789487 -0.1196781 -2.978155 -3.778544 3.121888 1.971225 0.3389687 20.57834 0.4914093 0 0.0
0.003457252 -0.08425735 -3.870661 -5.414694 0.8080409 0.4934472 0.4421837 19.18647 nan 0 0.0
-0.1234498 -0.07886415 -0.06393126 4.271425 1.990183 1.1852 0.3436699 20.46 0.6278133 0 0.0
0.01198699 -0.1071098 -2.473026 -2.658378 0.09803985 0.05799298 0.2500737 15.58619 1.603882 1 0.0
-0.08046668 -0.04840417 -3.721757 -7.190672 1.858029 1.382502 -0.1038437 20.19266 0.6990108 0 0.0
-0.1293868 -0.08886893 -1.977579 2.742972 1.228751 0.7870373 0.4301585 19.76272 0.5738506 0 0.0
-0.00377448 -0.1275388 3.180393 -1.478583 1.458573 1.043401 0.3157595 19.91087 0.972168 0 0.0
-0.01881233 -0.1096551 -1.281759 1.953229 3.759991 2.040639 0.007716098 20.71244 0.5570621 0 0.0
-0.04675973 -0.06239326 -3.903169 1.503943 0.1950765 0.114179 0.1562592 17.26131 1.286903 1 0.9152146
-0.131108 -0.09022317 -4.934774 -3.596575 1.882804 1.119279 0.3108157 20.38316 0.7322617 0 0.0
-0.1301054 -0.08203762 -3.378371 -7.190695 0.5199378 0.322111 0.252653 18.73407 1.025827 0 0.0
-0.07395213 -0.05477801 -0.6834608 0.08192187 2.201698 1.408404 0.3074565 20.45053 0.9972897 0 0.0
-0.09684521 -0.05686052 -6.767396 -2.874191 1.806302 1.186411 0.2983808 20.2229 0.822628 0 0.0
-0.1067776 -0.08301516 -6.218723 -5.687838 0.7012235 0.4032753 0.506856 19.03784 1.127234 1 0.0
-0.08373108 -0.07355868 -16.20816 -1.675615 1.070577 0.6615547 0.573342 19.57919 1.353424 0 0.0
-0.05316837 -0.1037072 -2.748706 -2.237525 0.7445318 0.4898744 0.4837771 19.13135 1.234558 1 0.0
-0.1057597 -0.07464288 -2.920913 -4.355215 0.5824586 0.3625891 0.3759377 18.86611 0.9613514 1 0.0
-0.02151299 -0.142111 2.026733 -6.870926 1.09733 0.7001605 0.482778 19.69226 1.523211 1 0.0
-0.03462338 -0.08207473 -8.075827 -6.345868 0.705705 0.4449497 0.5018368 18.93898 1.007511 0 0.0
-0.05097883 -0.1086902 -2.217295 -2.512262 0.7200409 0.4459537 0.4587307 19.03117 1.215126 0 0.0
-0.03773811 -0.0907446 -3.368485 -7.380562 1.488046 0.9519592 0.6078707 19.83362 nan 0 0.0
-0.0456883 -0.1434703 -4.240138 -6.392676 0.9738531 0.5904231 0.6068447 19.38136 1.088533 1 0.0
0.01809041 -0.1537356 -4.236707 -0.8824178 1.476162 0.887847 0.4321852 20.13309 1.380075 1 0.02080293
-0.1265933 -0.08024464 1.769564 -2.847806 1.730425 1.099872 0.3941743 19.95407 1.145224 0 0.0
-0.07034115 -0.03278404 0.6499798 -3.540576 0.06194211 0.03757407 0.1277065 14.77806 1.822778 1 0.0
-0.02275544 -0.07873966 -4.190164 1.809381 0.2643236 0.1494633 0.2933853 17.683 nan 0 0.0
-0.1233485 -0.0840978 -3.889241 -3.713343 0.4805282 0.3059295 0.3690554 18.6023 1.340437 1 0.0
0.0004763193 -0.1245023 -2.092428 -6.255681 0.4774452 0.3008259 0.4959868 18.44806 1.144354 0 0.0
-0.05915101 -0.06047059 -3.504904 -3.681326 1.197652 0.7378046 0.6900458 19.49199 1.012094 0 0.0
-0.04509978 -0.04056491 -4.211082 6.285905 2.374244 1.209817 0.2569494 20.3644 1.136518 0 0.0
-0.02638987 -0.1509487 -3.885431 -4.650992 1.94073 1.17197 0.4638487 20.19312 1.09173 0 0.0
-0.1066732 -0.09238777 -4.73114 1.753081 1.625767 0.8650867 0.7651083 19.60964 0.9257526 0 0.0
-0.1022793 -0.0826735 -0.2774137 -2.279118 0.9030922 0.5633394 0.6551785 19.04156 1.155933 0 0.0
-0.1357421 -0.09098191 2.585544 -5.97292 0.3207198 0.1865237 -0.00204703 18.00829 nan 0 0.0
-0.04442173 -0.0965205 -0.8415553 -2.489871 1.541889 0.9755208 0.3811065 20.07812 1.034122 0 0.0
-0.03841941 -0.1388404 -2.661734 -1.546395 1.017381 0.6390533 0.5284234 19.40844 1.181854 0 0.0
-0.1062598 -0.0810711 -4.24761 -3.06136 0.4735888 0.3043613 0.319733 18.43949 1.272141 1 0.0
-0.06150408 -0.1104176 -12.32342 -9.575944 2.504418 1.34585 0.773181 20.07653 nan 0 0.0
-0.09876384 -0.05226352 -4.173732 -6.847235 2.071791 1.699584 -0.3395409 20.39113 2.023327 1 2.002077e-06
-0.1250978 -0.08490648 -2.583532 -5.175751 0.1110258 0.06876152 0.01647878 16.04089 0.9982519 1 0.0
-0.07017283 -0.06224865 -8.102127 -5.30681 0.454436 0.2758879 0.3652883 18.51804 1.139324 0 0.0
-0.05294335 -0.08758816 -2.239415 -3.95152 1.027281 0.6439054 0.5874158 19.51496 1.431715 1 0.0
-0.001943228 -0.1110555 0.5159965 -3.093586 0.8685834 0.5503939 0.5980288 19.17445 1.205425 1 0.0
-0.1028946 -0.0980816 -1.556425 -4.889173 4.314425 2.354259 -0.0506999 20.68626 1.055809 0 0.0
-0.1240578 -0.0857198 0.5564955 -7.456502 3.151358 2.259851 -0.4248411 20.65901 0.8830414 0 0.0
-0.03816596 -0.03710822 -1.031056 -1.634905 0.8722766 0.5298337 0.2829611 19.08123 1.472708 0 0.0
-0.01871055 -0.1471955 -4.121039 -7.732011 2.099787 1.273248 0.3060749 20.43814 nan 0 0.0
-0.1324643 -0.08783099 -6.21832 -5.95552 0.9217384 0.6025864 0.3616614 19.40627 0.9445839 0 0.0
-0.0377927 -0.09106695 -2.557404 -5.411923 0.1603418 0.08853641 0.3201263 16.56818 1.728141 1 0.0
-0.02818575 -0.07144907 2.760326 2.289685 2.286374 1.413519 0.2642579 20.5077 0.5044518 0 0.0
-0.03213389 -0.1345184 -6.55221 -5.92535 1.375958 0.8721809 0.5091452 20.04639 0.7270908 0 0.0
-0.09880685 -0.06596976 -1.440269 -4.328956 1.308756 0.8299206 0.3341142 19.97723 1.210869 1 0.0
-0.03905272 -0.04413137 -4.903218 -0.5768442 2.42353 1.366931 -0.2422283 20.38958 0.6086006 0 0.0
0.01101219 -0.1510187 -3.41273 -4.413038 1.739859 1.029169 0.2663529 20.39108 1.554375 0 0.0
-0.03366651 -0.08113985 -2.651153 1.666587 1.008276 0.6328164 0.5268413 19.53647 1.038433 0 0.0
-0.1340767 -0.0887026 0.1246142 -2.744601 0.2107765 0.1259999 0.0451549 17.34042 0.9944057 1 0.0
-0.009296018 -0.1323037 2.196429 -4.71937 0.7692497 0.4727075 0.5268848 19.14567 0.9705753 1 0.0
-0.08197291 -0.08460287 2.455321 0.87517 0.2756382 0.1623832 0.2918993 17.78871 1.228386 1 0.0
-0.07540787 -0.06654538 -3.909815 -10.39469 0.9932112 0.6112745 0.583382 19.46153 1.012568 0 0.0
-0.01361737 -0.1119299 -1.973469 4.587969 1.841345 1.156747 0.4183277 20.36625 0.541153 0 0.0
-0.01818925 -0.07308739 -2.169135 2.081397 0.2602899 0.1469608 0.2788447 17.6719 1.255453 1 0.4030958
-0.1126263 -0.07251502 3.822231 -2.270198 2.10068 1.260084 0.2811273 20.40237 0.585228 0 0.0
-0.07966767 -0.09642872 2.065522 -1.862921 1.697678 1.000845 0.2186077 20.26644 1.731295 0 0.0
0.007160323 -0.1226333 -2.49213 -1.184151 1.090643 0.732811 0.4161928 19.66275 1.327183 1 0.0002851933
-0.0670615 -0.05056621 -4.757934 -0.5634314 3.187983 1.628163 0.2075974 20.67187 nan 0 0.0
-0.03476605 -0.1531997 3.808356 -0.6999398 1.189566 0.7645869 0.4575752 19.74765 1.138115 0 0.0
-0.02365768 -0.1466718 -2.343785 -4.829201 0.222257 0.1298573 0.3191474 17.40575 1.410673 1 0.0
-0.06062744 -0.03544694 -5.342492 -2.546755 1.756755 1.035558 0.409354 20.05659 1.201962 1 0.002298062
-0.1283126 -0.08349283 -3.592907 -1.209996 1.999328 1.254939 0.005389649 20.43251 1.053741 0 0.0
-0.04109298 -0.03782638 -3.244279 2.318837 0.8391025 0.5342622 0.2803772 19.17076 1.098219 0 0.0
-0.0165689 -0.1201852 2.313208 -2.382827 2.44274 2.328928 0.1567816 19.98277 nan 0 0.0
-0.004773195 -0.1047308 -3.107463 -4.776871 0.4261113 0.2654485 0.5324196 18.21313 1.260437 1 0.0
-0.07406219 -0.05376337 -3.28782 -1.506487 1.830328 1.039659 0.2756686 20.32708 1.212217 0 0.0
0.005533887 -0.1197207 -0.6151528 -2.390415 0.9920301 0.6255209 0.4209464 19.55795 nan 0 0.0
-0.06328906 -0.1459333 -2.150076 -0.04587947 0.4657268 0.2911777 0.5002616 18.44852 1.191191 1 0.0
-0.03579722 -0.1329287 0.7852473 -3.961762 0.5927587 0.3709244 0.5116775 18.82672 1.108646 1 0.0
-0.07173786 -0.1187242 -13.77026 1.495952 0.6660493 0.4024265 0.3741087 19.05456 0.9662952 1 0.0
-0.024191 -0.07971842 -7.19082 -8.906893 1.51045 0.9157085 0.4194232 20.2022 nan 0 0.0
-0.02172653 -0.09666089 -4.482282 -0.9937111 2.026713 1.174295 0.4540218 20.33606 0.7473278 0 0.0
-0.02051061 -0.09180075 -4.914079 1.787123 1.806115 1.12028 0.3489431 20.14872 1.516315 0 0.0
-0.1298162 -0.08386072 -0.8059727 2.131167 1.383616 0.8854732 0.4356965 19.94989 0.8388653 0 0.0
-0.1228443 -0.08252752 3.364974 -4.26895 0.4167217 0.2810056 0.3968084 18.45838 1.098686 1 0.0
-0.05400057 -0.0488199 -6.245137 1.100089 1.878102 1.299873 0.1033419 20.18225 0.7484779 0 0.0
-0.06026554 -0.07374058 -1.291035 -3.842718 0.4266533 0.2613781 0.3449913 18.44963 1.349529 0 0.0
0.006558745 -0.1253703 -5.010826 -6.629174 0.9504152 0.5944451 0.5212082 19.51327 1.135695 1 0.0
-0.02067989 -0.06261647 -3.974653 1.660799 0.3954457 0.2385109 0.3092406 18.04913 1.240587 0 0.0
-0.08242968 -0.05760278 -4.271267 -10.75828 2.116844 1.197161 0.1168097 20.34534 nan 0 0.0
0.01929717 -0.1283701 5.794343 -2.035901 3.07585 1.553755 0.4954137 20.60748 nan 0 0.0
-0.08039672 -0.07036724 -11.49697 -8.96494 1.022454 0.6684891 0.4911455 19.46989 nan 0 0.0
-0.1038971 -0.1082391 -3.803031 -4.080667 1.605869 0.8134905 0.8168463 19.24219 nan 0 0.0
-0.02111568 -0.147482 -5.234565 -9.408106 0.6314312 0.3867589 0.4194258 18.9248 0.9028301 0 0.0
-0.02521944 -0.06637293 -2.547072 2.365115 1.403539 0.8657574 0.5611815 19.98875 1.296095 0 0.0
-0.04625323 -0.09783538 -2.402806 -4.732854 1.357393 0.8382467 0.3956106 20.04587 1.09675 0 0.0
0.01514457 -0.1094829 -7.40697 -8.666744 1.59484 0.9489933 0.5245294 20.09302 nan 0 0.0
-0.06992944 -0.1028941 -1.473661 -4.999476 1.471279 0.8838107 0.2696529 20.18491 1.153336 0 0.0
-0.03199279 -0.1504828 -2.822202 -0.8165687 1.046594 0.6597244 0.5141161 19.67581 1.149017 0 0.0
-0.1187746 -0.07765382 -5.383109 -5.69625 2.274085 1.291942 0.3532217 20.58601 0.7238598 0 0.0
-0.03687707 -0.0897277 -3.197096 -3.284535 1.019225 0.6290934 0.5586051 19.53649 1.105188 0 0.0
-0.04391954 -0.1587608 3.440715 -3.069123 1.363037 0.9121764 0.06594856 20.03398 1.374582 0 0.0
0.01351373 -0.1443452 1.851126 -1.613988 0.4004057 0.2554225 0.4823253 18.21453 1.84503 1 0.0
-0.03812415 -0.03947141 0.6497533 -5.735283 1.049519 0.7167515 0.3579895 19.37053 nan 0 0.0
-0.1269062 -0.08168694 -9.033535 -3.278561 1.388008 0.9344632 0.2561559 19.17896 nan 0 0.0
-0.02583095 -0.08376235 -4.273679 2.216665 0.6727845 0.4041986 0.4372148 19.01967 1.092936 0 0.0
-0.09462448 -0.06315866 -4.693121 -5.334765 1.828111 1.080544 0.2454326 20.32316 0.6812191 0 0.0
-0.08891367 -0.07361976 -5.843037 -2.744728 0.3819797 0.2316181 0.3964325 18.2809 1.17692 1 0.0
-0.06243104 -0.1405064 -8.836077 2.099099 1.910116 1.173962 0.3909017 19.91836 1.168549 0 0.0
0.009700754 -0.1458134 -4.075433 1.540443 0.16571 0.09959524 0.181664 11.88533 3.346015 1 0.09673794
-0.09895071 -0.08964388 -2.338467 1.810156 2.689268 1.674031 0.5757951 20.48915 nan 0 0.0
0.006611488 -0.1590597 -4.323933 -6.41227 3.066757 1.593315 0.4796326 20.47155 1.338345 0 0.0
-0.1129961 -0.07191265 8.270135 1.797622 2.614022 1.607161 0.4031021 20.24036 0.8623905 0 0.0
0.06843357 -0.151664 -2.002825 -1.261081 2.386309 1.679899 0.1720103 20.50204 1.765001 0 0.0
-0.07750307 -0.1234563 -2.348134 -1.748284 0.928047 0.5812209 0.4534703 19.38779 1.26445 1 0.0
-0.0157953 -0.07969027 -2.956965 -2.483489 1.472202 0.9325853 0.5076371 19.93714 1.057478 0 0.0
-0.04203649 -0.03869647 -4.310166 1.797445 1.135955 0.7316418 0.4540845 19.44387 0.9895897 0 0.0
-0.02600656 -0.1539794 -0.0104283 -4.557772 0.07432303 0.04264093 0.2708295 14.90301 1.482165 1 0.0
0.02214291 -0.1138271 -2.571184 -6.123326 2.051524 1.167906 0.02026384 20.26129 1.240747 0 0.0
-0.06294069 -0.0830098 -0.1846822 -6.993525 0.447489 0.2739602 0.3682169 18.56908 1.020311 1 0.0
-0.0782188 -0.07570823 -3.705995 -6.320008 1.258255 0.7937028 0.6052315 19.50511 1.250799 0 0.0
-0.06399122 -0.1119105 -4.37441 -6.756047 1.039685 0.7462972 0.3066918 19.55605 1.106045 0 0.0
-0.02117208 -0.06335279 -7.57221 -2.285605 0.4739172 0.2902343 0.3600579 18.44382 1.275412 0 0.0
-0.04132578 -0.03708641 2.0715 3.673753 3.13987 1.9718 0.2760318 20.33328 nan 0 0.0
-0.0335366 -0.151786 0.6598372 1.590262 1.887509 1.30519 0.07264037 20.12756 nan 0 0.0
-0.05191694 -0.0286907 -1.876042 2.160941 0.9548477 0.6178014 0.4714708 19.40544 0.9849377 0 0.0
-0.1287668 -0.08084403 17.99547 -3.467335 1.475843 0.9568462 0.07500618 18.808 nan 0 0.0
0.007844578 -0.1105637 -1.413465 -6.295462 1.198744 0.7567718 0.5228926 19.77838 0.9135876 0 0.0
-0.01133163 -0.1410109 -5.260281 -6.181994 0.1318821 0.07745406 0.3160281 16.33716 1.394469 1 0.0
-0.04769757 -0.04323433 -0.1240786 3.676832 2.018848 1.296786 0.4767887 20.02536 0.743763 0 0.0
-0.05025779 -0.1006637 -8.532956 -6.574652 1.049651 0.6528437 0.5326327 19.61356 1.185768 0 0.0
-0.1278255 -0.07879068 -4.56685 -8.500544 0.8617236 0.5481191 0.4293583 19.38877 1.14839 1 0.0
-0.03149906 -0.1570001 -7.16688 -5.215039 0.8216764 0.5229846 0.4452275 19.2865 nan 0 0.0
-0.09224176 -0.08426154 -3.824632 -7.371374 1.656272 0.9980435 0.2967204 20.29288 0.5975018 0 0.0
-0.02140444 -0.06404139 -3.457268 1.309759 1.40398 0.9140612 0.4163877 19.91859 nan 0 0.0
-0.001136482 -0.1325913 -4.723795 -5.660173 0.5075691 0.3256616 0.4700394 18.61045 nan 0 0.0
0.02951545 -0.1495208 1.122963 -2.96163 1.959368 1.188768 0.4130053 20.36064 1.307608 1 0.0
-0.07971642 -0.1050328 -6.392097 -6.138629 3.149255 1.634875 0.612297 20.50496 0.8479195 0 0.0
-0.06381677 -0.05641994 -4.087515 -1.759832 0.4792774 0.3037405 0.3935897 18.47589 1.225737 1 0.0
-0.1195428 -0.07530094 -3.632474 -2.49375 0.214945 0.1336403 0.2744495 17.46982 1.272514 1 0.0
-0.04047282 -0.1291766 -5.653903 -2.986421 0.1852868 0.104952 0.2989193 16.66147 1.479894 0 0.0
-0.05051343 -0.1413094 -5.988999 -7.52042 2.492519 1.468171 0.393307 20.5175 0.4070702 0 0.0
-0.1048534 -0.10894 -1.692998 -2.194313 1.066518 0.6253814 0.5248716 19.52294 1.050667 1 0.0
-0.1285233 -0.07843478 -4.851199 -5.202023 1.310052 0.8480617 0.4296608 19.91387 0.6337872 0 0.0
-0.08776316 -0.07605456 -4.226725 -7.310825 1.98096 1.083473 0.3970493 20.24751 1.446718 0 0.0
-0.05823856 -0.1071429 -5.935386 -5.828569 1.574375 0.9847145 0.5293798 20.13925 1.016691 0 0.0
-0.02281287 -0.06489043 -3.475323 2.503904 0.8957914 0.5614846 0.5190918 19.33929 1.002726 0 0.0
-0.01362175 -0.0747576 -6.010058 0.5683011 1.184222 0.7783866 0.4150446 19.2113 1.061005 0 0.0
-0.004238105 -0.1572343 2.260084 -7.785674 1.238491 0.7547154 0.4457911 19.73391 1.169836 1 0.0
-0.01481183 -0.07153242 -3.977401 0.3136888 1.521718 0.9983661 0.4713018 20.11786 1.314802 0 0.0
-0.1105025 -0.1198323 -1.213886 -0.304679 1.209734 0.702205 0.5069445 19.64318 nan 0 0.0
-0.03203858 -0.08391458 -3.751608 1.324453 0.607016 0.3792446 0.5300141 18.82169 1.058357 1 0.9588867
-0.07253207 -0.05108067 -4.719549 -10.18396 1.972915 1.182354 0.08606698 20.24466 nan 0 0.0
-0.006535162 -0.1324637 -0.6495466 -2.76763 0.2060704 0.1171138 0.3708141 17.15535 1.418163 1 0.0
-0.043541 -0.03908231 -2.717639 -4.311309 0.3262184 0.1951026 0.2856073 18.07082 1.494692 0 0.0
-0.05330542 -0.1029882 -2.621838 -4.815033 1.300164 0.8044608 0.5714955 19.8997 1.107857 0 0.0
-0.05388476 -0.09191064 -0.8091058 -7.439637 0.2544698 0.1513575 0.220189 17.69956 1.49666 1 0.0
-0.03012038 -0.1514531 -6.268597 -5.691424 0.1136674 0.06553458 0.2858605 16.06884 1.669234 1 0.0
-0.04630447 -0.03808583 -9.205 -8.412289 2.494243 1.276371 0.5684809 19.95848 0.7061825 0 0.0
-0.03614612 -0.1535262 -6.706383 -10.7933 1.641946 1.04015 0.5612895 20.14137 0.6600151 0 0.0
-0.0538871 -0.145486 7.192216 -2.498338 0.9860763 0.588616 0.6228204 19.22964 1.398981 0 0.0
-0.05978839 -0.04442058 -5.741977 2.211889 2.206552 1.397141 0.1378053 20.41342 0.6007881 0 0.0
-0.02372627 -0.07880471 -3.36196 -7.206035 1.026252 0.6417194 0.4233821 19.0728 nan 0 0.0
-0.06407402 -0.06113123 3.492356 -3.073102 1.617239 1.105961 0.0166874 20.06839 nan 0 0.0
-0.01338207 -0.1370705 -2.480332 -6.275346 1.496665 1.006287 0.4369651 19.88126 nan 0 0.0
-0.05853997 -0.05180329 -4.053203 1.258162 1.35512 0.8778954 0.63344 19.66084 1.181602 0 0.0
-0.04251658 -0.07231556 -7.336984 0.3322724 0.374916 0.2039285 0.4040707 18.1176 1.113638 1 0.0
-0.06351362 -0.06056635 -1.728958 0.1829696 0.9474293 0.5879442 0.4395662 19.28365 1.158821 0 0.0
-0.07134337 -0.0490963 -2.602692 5.451199 2.234822 1.438495 0.0895715 20.20373 1.178337 0 0.0
