data/gcs/NGC_5053.ecsv
# %ECSV 0.9
# ---
# datatype:
# - {name: x, unit: deg, datatype: float64}
# - {name: y, unit: deg, datatype: float64}
# - {name: pmx, unit: mas / yr, datatype: float64}
# - {name: pmy, unit: mas / yr, datatype: float64}
# - {name: pmx_e, unit: mas / yr, datatype: float64}
# - {name: pmy_e, unit: mas / yr, datatype: float64}
# - {name: pm_corr, datatype: float64}
# - {name: g_mag, unit: mag, datatype: float64}
# - {name: bp_rp, unit: mag, datatype: float64}
# - {name: filter, datatype: int64}
# - {name: memberprob, datatype: float64}
# meta: !!omap
# - comments: [deg deg mas/yr mas/yr mas/yr mas/yr dimless mag   mag   zeroone float]
# - __serialized_columns__:
#     bp_rp:
#       __class__: astropy.units.quantity.Quantity
#       unit: &id001 !astropy.units.Unit {unit: mag}
#       value: !astropy.table.SerializedColumn {name: bp_rp}
#     g_mag:
#       __class__: astropy.units.quantity.Quantity
#       unit: *id001
#       value: !astropy.table.SerializedColumn {name: g_mag}
#     pmx:
#       __class__: astropy.units.quantity.Quantity
#       unit: !astropy.units.Unit {unit: mas / yr}
#       value: !astropy.table.SerializedColumn {name: pmx}
#     pmx_e:
#       __class__: astropy.units.quantity.Quantity
#       unit: !astropy.units.Unit {unit: mas / yr}
#       value: !astropy.table.SerializedColumn {name: pmx_e}
#     pmy:
#       __class__: astropy.units.quantity.Quantity
#       unit: !astropy.units.Unit {unit: mas / yr}
#       value: !astropy.table.SerializedColumn {name: pmy}
#     pmy_e:
#       __class__: astropy.units.quantity.Quantity
#       unit: !astropy.units.Unit {unit: mas / yr}
#       value: !astropy.table.SerializedColumn {name: pmy_e}
#     x:
#       __class__: astropy.units.quantity.Quantity
#       unit: &id002 !astropy.units.Unit {unit: deg}
#       value: !astropy.table.SerializedColumn {name: x}
#     y:
#       __class__: astropy.units.quantity.Quantity
#       unit: *id002
#       value: !astropy.table.SerializedColumn {name: y}
# schema: astropy-2.0
x y pmx pmy pmx_e pmy_e pm_corr g_mag bp_rp filter memberprob
[from data line 645]
0.02007477 -0.003659952 0.2472279 -2.335583 1.514967 1.105372 -0.3159679 20.37929 0.4647102 0 0.0
0.03566252 -0.02561684 -0.6129299 -1.092772 0.3434382 0.2477969 -0.3413971 18.28702 0.8520126 1 0.999954
0.0516028 0.0038365 -0.206056 -0.9673748 1.447952 1.053239 -0.2435796 20.34856 0.7365799 1 0.9992525
0.00251442 -0.00576677 -3.537052 -2.224716 1.172359 0.8089401 -0.1603873 19.84044 0.5043373 0 0.0
0.05340516 0.004260458 -1.091917 -0.4538064 0.9990657 0.7563302 -0.3308542 19.84168 0.6154232 0 0.0
0.004171759 -0.0113896 -1.2957 -0.8231203 0.5388478 0.3693002 -0.5380813 18.57794 0.7743168 1 0.9998619
0.01882278 0.01380741 -7.855759 -3.109015 2.185962 1.580239 -0.3767979 20.70332 0.6780224 0 0.0
-0.001803082 -0.009684473 -0.09248005 -2.30635 1.654826 0.848274 -0.2158403 19.91947 0.5334091 0 0.0
0.06959809 0.004958373 0.2601862 -2.117336 1.1985 0.8840816 -0.2585451 20.17746 0.4636021 1 0.9985626
0.01120754 -0.006468342 -0.6061508 -1.344336 0.1341661 0.09607117 -0.2805475 16.41072 0.9291525 1 0.9999699
0.03703729 0.005368319 -1.0121 -0.154677 1.216932 0.9001689 -0.3080022 20.13863 0.6175385 0 0.0
-0.001657877 -0.027913 2.853474 -1.939911 1.566441 0.9729379 -0.3153172 20.10683 0.26651 0 0.0
0.02699583 -0.01407508 3.827657 -2.354555 2.678452 2.21197 -0.3544815 20.89762 0.5756207 0 0.0
0.02856677 -0.01966527 0.8671412 -3.766258 2.118818 1.490587 -0.4119472 20.61674 0.5126743 0 0.0
0.03457976 0.01025255 -1.723683 1.27488 1.714637 1.184563 -0.3335752 20.50889 0.3862991 0 0.0
0.04208119 0.005769974 -0.06668211 -1.284941 0.1599562 0.1098921 -0.3262671 16.66428 0.2393761 1 0.9999733
0.01357653 0.0006118995 0.4552583 -0.6272394 1.467681 0.9976921 -0.3144028 20.30924 0.3717003 0 0.0
0.1250595 0.09975122 5.466481 -11.25435 0.4177778 0.2850929 -0.2293767 18.64445 1.819885 1 0.0
0.07097791 0.007764623 -1.846704 -0.9522403 1.129042 0.8208051 -0.3142327 20.07495 0.6163692 1 0.9981598
0.03743518 -0.0206402 -0.3794753 -1.322411 0.07589336 0.05758932 -0.3789901 15.3947 1.059803 1 0.9999963
0.04753768 0.03983277 1.947526 -0.5780283 1.48274 1.133107 -0.3594444 20.38031 0.6725101 0 0.0
0.01283512 0.00130612 -4.256054 1.483992 1.986176 1.427961 -0.2690617 20.52358 0.007720947 0 0.0
0.01037985 -0.02242146 4.56357 -2.243683 1.760413 1.077894 -0.1934436 20.31323 0.7127056 0 0.0
0.01696492 -0.01434524 -0.5166186 -0.7597087 1.639804 1.287167 -0.4080849 20.48649 0.367136 0 0.0
0.05091592 0.01683488 4.435035 -1.46227 4.560072 2.255662 -0.06456774 20.92203 0.58284 0 0.0
-0.01228492 -0.01694915 -0.2981169 -2.268993 1.050437 0.7546195 -0.3599778 19.86905 0.3781853 0 0.0
0.02904578 -0.01505704 1.014453 -1.483686 0.9685992 0.6928576 -0.431507 19.64421 0.5829716 0 0.0
0.1348226 -0.03559479 3.654044 -2.124645 2.275752 1.788025 -0.3451407 20.70782 0.4434204 0 0.0
0.01686128 0.005647578 -0.6620764 -0.8314526 1.211406 0.8302785 -0.4207934 20.02959 nan 0 0.0
0.002252878 -0.01552477 -0.07727016 -1.289688 0.4413274 0.3421499 -0.3116896 18.61028 0.8485756 0 0.0
0.01997523 -0.02353263 2.734226 -0.821999 1.319016 0.9499557 -0.3436192 20.23588 0.3926086 0 0.0
0.01491362 0.003700003 -0.08291065 -1.199916 0.6979998 0.4942577 -0.3231489 19.34153 0.7312508 0 0.0
0.01417239 0.002210304 -1.461136 -0.8210185 0.9550097 0.746715 -0.3790352 19.57559 0.4196072 0 0.0
-0.01269221 -0.02024311 -2.567852 1.130036 3.387367 2.624674 -0.6038212 20.82833 0.596796 0 0.0
0.01781355 -0.06937787 0.6848986 -0.2208293 1.245936 0.947325 -0.3608554 20.03909 0.7825508 0 0.0
0.01407098 -0.002163255 -2.86728 -0.7992332 1.03928 0.7231138 -0.3653663 19.79369 0.5321503 0 0.0
0.01135245 0.0007948505 -2.227332 2.787235 3.169343 2.754059 -0.4673586 20.89047 0.6027775 0 0.0
-0.0001749339 -0.03223506 -1.11727 0.1110447 1.243048 0.8549507 -0.4127856 20.05136 0.7876434 0 0.0
0.01491489 -0.01160265 2.476609 -0.2008137 2.074307 1.906466 -0.3124083 20.72034 0.5204983 0 0.0
0.01346084 -0.0073799 1.916689 -2.207253 2.074739 1.645792 -0.3673174 20.73591 nan 0 0.0
0.0006246371 -0.01011745 -0.2105923 -0.7511559 0.6402498 0.4692633 -0.2939159 19.01487 0.7146568 0 0.0
0.01953706 -0.005010415 -0.04804516 -1.119843 1.199343 0.854679 -0.3616442 20.07749 0.4800854 0 0.0
0.02608173 -0.02625363 3.247045 -0.7720386 2.131324 1.528319 -0.2606201 20.69957 0.3298454 0 0.0
0.02036617 -0.00947924 3.099771 -0.1234986 1.942465 1.478563 -0.2645473 20.64246 nan 0 0.0
0.006673306 -0.04157522 0.9700161 -1.304596 0.7977947 0.6289825 -0.4719324 19.44381 0.2729111 0 0.0
0.01814121 -0.001941637 -1.368578 -1.826667 2.190256 1.758438 -0.2294337 20.76481 0.782547 0 0.0
0.02388585 -0.02205968 0.2469887 -1.554717 1.57403 1.122717 -0.3569704 20.46397 0.4223061 0 0.0
0.007544066 -0.002785443 -0.4853928 -1.173447 0.195825 0.1382595 -0.3825387 16.9752 0.1707325 0 0.0
0.005350222 -0.04287799 2.018034 -1.789898 1.355276 0.9967636 -0.4071745 20.22256 0.6534176 0 0.0
0.001235174 -0.006009017 -0.155594 -1.345807 0.1965259 0.1455995 -0.2624794 17.16605 0.04414749 1 0.9999907
-0.009685206 -0.06444419 -0.3824728 -2.095246 1.998401 1.444696 -0.3565246 20.60916 0.4898434 0 0.0
0.009070077 0.003938031 -0.07453227 -1.104825 0.2497922 0.1725845 -0.3029158 17.65767 0.906414 1 0.9999719
0.01673119 -0.002267931 1.240188 -0.1038647 2.116469 1.471814 -0.2997698 20.70996 0.3386383 0 0.0
0.0233335 -0.02287991 -0.6394416 -1.872008 2.040525 1.396894 -0.4506536 20.62946 0.1683369 0 0.0
0.005698906 -0.03423006 -1.850304 -0.2141621 1.434823 1.097469 -0.4478379 20.24349 0.5736408 0 0.0
0.007238889 -0.00509144 7.541895 0.01387539 1.76019 1.183119 -0.3975405 20.21632 0.4903011 0 0.0
0.01155839 -0.03699734 -0.3421622 -2.233628 1.081793 0.7801098 -0.3553453 19.94816 0.4695263 0 0.0
0.02635602 -0.01300324 1.937641 -2.815544 2.59262 2.077225 -0.4291399 20.77541 0.4444904 0 0.0
0.01052405 -0.002194015 -2.231236 -1.107798 1.723051 1.020498 -0.2712349 20.2612 nan 0 0.0
0.02019256 -0.0169656 -1.950636 0.1660692 2.23859 1.745263 -0.3930491 20.80424 0.4576263 0 0.0
0.01641149 -0.003416184 -2.516898 -3.692277 3.156671 2.530746 -0.06649613 20.97362 nan 0 0.0
0.007108166 -0.007834213 -0.504995 -1.628679 0.3948448 0.2837227 -0.3870708 18.27817 0.8378296 1 0.9999285
0.006976994 0.0008842725 -0.9928493 -1.793357 0.5723359 0.4129291 -0.3471827 19.01923 0.796278 0 0.0
0.01423126 -0.006868671 -2.736873 -4.928726 1.339901 0.9982132 -0.3282254 20.16214 0.4682846 0 0.0
0.02926595 -0.0279545 -0.4430139 -1.06683 0.1088511 0.08400306 -0.3193168 16.17671 1.044365 1 0.9999728
-0.0208501 -0.03774037 -1.537503 -1.259775 1.525394 1.10094 -0.4015924 20.33334 0.5525608 0 0.0
0.07921392 0.02087537 0.07245431 -0.9529728 0.5529795 0.3776389 -0.2596192 19.00416 0.8259926 1 0.9995338
0.008335378 -0.1397844 -3.274574 -2.250382 1.666432 1.008969 -0.3406243 20.20171 0.5666218 1 0.872292
-0.03623413 -0.04389675 -0.7279215 -0.2081436 0.8525199 0.6181278 -0.407416 19.57975 0.626049 0 0.0
-0.008709977 -0.04503697 1.036556 -0.722955 2.278177 1.613044 -0.3543172 20.68257 0.4397964 0 0.0
0.01697918 -0.01145561 -0.1755807 -3.281983 1.213322 0.9021454 -0.2934092 20.11173 0.4803429 0 0.0
0.03468054 0.01524601 -4.675085 2.09065 3.154803 2.965947 -0.6410787 20.7781 nan 0 0.0
0.01120985 -0.04363875 0.8172953 -1.001341 1.039514 0.7537723 -0.3299408 19.66625 0.6387177 0 0.0
-0.01374049 -0.04036747 -2.159167 -0.7743629 2.06392 1.413074 -0.4702168 20.56783 0.4159184 0 0.0
0.003764688 -0.0101918 -1.008812 -0.02856307 1.92426 1.552827 -0.285101 20.68388 nan 0 0.0
-0.02942927 -0.04299963 4.489339 -6.2677 2.633406 2.6286 -0.4656538 20.79914 0.5463581 0 0.0
0.01727066 -0.01906208 -1.022341 -1.163434 2.477963 1.497834 -0.2866936 20.49315 nan 0 0.0
-0.01850983 -0.0433921 -0.7875259 -1.380386 1.339749 1.03662 -0.4142258 20.1797 0.509407 0 0.0
0.003459412 -0.01057709 -0.198918 -1.463554 1.311104 0.965437 -0.3106111 20.13717 0.3157959 0 0.0
0.0180257 -0.009712187 -0.9112459 -0.4095625 1.61333 1.20723 -0.2981919 20.50905 0.3277206 0 0.0
-0.03067999 -0.04470078 -0.3913928 -1.413649 0.242218 0.1911793 -0.4187083 17.56327 0.9039478 1 0.9999639
0.01324272 -0.00663605 -1.591765 -0.8676948 1.217509 0.853176 -0.3730461 20.07137 0.3991604 0 0.0
0.03121656 -0.04192359 -0.201225 0.02520533 1.31364 0.9244975 -0.3507571 20.19409 0.5491486 0 0.0
-0.0072403 -0.01699711 -2.409572 -0.1011119 3.564298 2.045786 -0.2595273 20.75724 nan 0 0.0
0.0453388 -0.000395691 1.612373 -4.632707 1.862073 1.41032 -0.3342584 20.53664 -0.4256554 0 0.0
0.01401196 0.009112986 -2.282171 1.282729 1.573468 1.053445 -0.3168302 20.28414 0.4280605 0 0.0
0.005552936 -0.01550753 0.2157784 -0.1956298 1.429749 1.066827 -0.3238379 19.94164 0.4948254 0 0.0
0.01061357 -0.04122599 -1.727064 -1.20364 1.720598 1.173365 -0.4436779 20.44885 0.6182041 0 0.0
0.06075853 -0.03315366 -0.1551392 -2.824941 1.74239 1.289138 -0.3334711 20.52763 0.5852623 0 0.0
0.001976622 -0.01190844 -2.013085 -0.05932458 1.359167 1.027471 -0.3469738 20.1715 0.4648628 0 0.0
0.007603473 -0.03256487 1.283251 -2.227032 1.326437 0.9452575 -0.3782778 20.22215 0.5561371 0 0.0
0.04372382 0.005497616 -1.747681 -2.516623 1.249189 0.8848709 -0.3187571 20.17534 0.5549526 0 0.0
-0.002355493 -0.009474658 0.7135039 -1.360205 1.484562 1.112717 -0.2996162 20.28622 0.3839989 0 0.0
0.006280748 -0.04205589 -0.2465239 -1.376894 0.2061719 0.1621449 -0.426489 17.30545 0.8528175 1 0.9999842
-0.009581595 -0.03024735 -5.720595 -1.077522 2.236364 1.355449 -0.2350934 20.59325 0.4045105 0 0.0
0.05153248 -0.004367027 3.012938 -1.625721 2.078902 1.86452 -0.5137151 20.62952 0.6763172 0 0.0
0.04209271 0.01860071 -0.5832008 0.5637902 2.863467 2.285347 -0.277621 20.90469 nan 0 0.0
-0.007954119 -0.05016777 -0.1416468 -1.185456 0.1426319 0.1136512 -0.3387915 16.70485 0.9962559 1 0.9999648
0.02981151 0.01367729 2.087401 -2.006693 1.629405 1.392921 -0.3224235 20.46647 0.6566963 0 0.0
0.07366068 -0.04769236 0.5673279 -0.6269301 0.8373733 0.6307558 -0.2610699 19.63155 0.581501 1 0.9978836
0.04330941 -0.02411407 -4.093209 1.932172 2.07799 1.721659 -0.285155 20.69322 0.6332874 0 0.0
0.007429666 -0.04859423 -0.9949652 -0.6766599 0.8365789 0.6080183 -0.389974 19.55621 0.7001839 1 0.9996526
-0.02807795 -0.04876958 -2.241482 -1.977171 1.209029 0.915829 -0.4198593 20.00109 0.5650082 0 0.0
0.04091528 0.01902768 -0.4295538 -1.632124 1.625635 1.075737 -0.2876729 20.34399 0.4768505 0 0.0
0.02282082 0.007296186 -0.1499346 -0.568162 1.141944 0.7982901 -0.3472988 20.02211 0.6402168 0 0.0
0.04303941 0.01055955 -0.9170958 -3.092758 1.99111 1.584711 -0.3219831 20.69207 0.5876656 0 0.0
-0.01932763 -0.07664471 0.1303789 -0.05615539 2.144236 1.71612 -0.3572905 20.68578 0.1768742 0 0.0
0.003721537 -0.03248107 0.2811307 -1.453628 1.807259 1.485578 -0.4138735 20.5558 0.2636566 1 0.9992512
0.04387754 -0.0287507 -0.5686682 -0.4180616 1.339141 0.9527795 -0.334893 20.23172 0.5157108 0 0.0
-0.02170755 -0.03454736 1.248181 -1.10129 3.087179 2.099849 0.007178419 20.7298 0.5217419 0 0.0
-0.02200009 -0.04891157 0.05027858 -1.661978 0.3102019 0.2337824 -0.3536347 18.08038 0.9172344 1 0.9998347
0.04309808 0.008381376 -0.02346813 -1.941654 2.415938 1.806894 -0.4140343 20.7361 0.3367043 0 0.0
0.04240078 0.006609283 0.6991522 -1.11779 2.688915 2.169214 -0.1564506 20.8949 0.4807167 0 0.0
0.04613579 -0.04725713 9.11607 -0.827207 2.701548 1.663171 -0.185218 20.61629 0.7361069 0 0.0
-0.02365547 -0.03200462 1.514415 -0.6359944 2.038452 1.200199 -0.2642063 20.43113 0.3691692 0 0.0
-0.02125833 -0.04719886 -1.826563 -0.4092275 1.224877 0.9046298 -0.3830277 20.06931 0.4487267 0 0.0
0.0384871 0.02299253 -0.6406592 -2.041505 2.617898 1.856025 -0.546551 20.72755 0.5521698 0 0.0
0.0521209 -0.02833842 0.5050749 -2.641701 2.042686 1.493065 -0.1391362 20.63838 0.1890297 0 0.0
0.1222103 -0.04718714 -0.7859022 -1.914281 1.03519 0.6626054 -0.3503626 19.7065 0.6418381 1 0.993212
-0.006790744 -0.0465801 -0.2457023 -1.569763 1.29245 0.9837158 -0.374286 20.13638 0.4231205 0 0.0
0.03326121 -0.01239365 -1.459033 0.06907437 2.797517 1.574272 -0.1898622 20.66651 -0.1634216 0 0.0
0.02491304 0.01414766 1.605639 0.8859586 2.683718 2.59616 -0.4336828 20.86293 0.7638721 0 0.0
0.01074314 -0.01965769 -4.129055 -1.51312 3.275776 1.950198 0.008883414 20.8442 0.1931324 0 0.0
0.02908775 -0.004856533 2.17228 0.7585482 1.989914 1.56665 -0.2190981 20.70775 0.9464073 0 0.0
0.07396282 -0.0398702 0.4270517 -0.9379042 1.60539 1.190689 -0.2517176 20.49489 0.4323483 0 0.0
-0.0004511926 -0.03889552 0.163006 -1.409808 0.5856627 0.4198548 -0.3773211 19.04965 0.8617001 1 0.9998885
0.008636046 -0.03878278 -0.5888927 -0.3763032 1.379063 0.9610838 -0.3687661 20.22656 0.6059761 0 0.0
0.03266641 -0.01915722 1.182609 -2.339161 1.970795 1.557074 -0.4316699 20.57473 0.3958454 0 0.0
0.005625785 -0.0206402 -2.791417 -0.3075103 2.988998 1.911078 -0.1323175 20.77912 0.4347897 0 0.0
0.005102363 -0.018895 -0.7520201 -0.6024914 2.348877 1.511314 -0.1239602 20.70247 0.5562553 0 0.0
-0.02966112 -0.03821596 0.1223202 -1.459536 0.4909202 0.3503084 -0.3825628 18.7642 0.7620945 1 0.9998887
0.002601944 -0.02661218 -4.907201 -3.370312 4.041822 2.929286 0.194144 20.94459 0.4068451 0 0.0
0.0256123 0.003159524 -2.468606 -2.110105 2.385311 2.56685 -0.4129709 20.76346 0.4826183 0 0.0
0.006338746 -0.03748207 -0.8886089 -0.9265138 0.8245969 0.6313002 -0.4280971 19.51937 0.6272335 0 0.0
0.01348973 -0.004988083 -6.371823 -1.692928 1.9019 1.462388 -0.3819602 20.48989 0.6500359 0 0.0
0.04298283 -0.05677558 -2.112359 3.37138 3.267273 2.882875 -0.4856953 20.79624 1.013174 0 0.0
0.02575789 0.00158026 3.128141 1.751301 2.860925 2.188438 -0.2436804 20.65473 nan 0 0.0
0.004783067 -0.03916249 -0.1652358 -1.179621 0.390603 0.3045707 -0.4230701 18.40939 0.8919411 1 0.9999522
0.02839037 -0.007330476 0.204002 1.140068 2.173522 1.800468 -0.361948 20.74337 0.4290524 0 0.0
-0.002617587 -0.03857888 2.15553 -1.962088 1.456977 1.023627 -0.3877966 20.2747 0.5062389 0 0.0
0.0126925 -0.0375523 0.251521 -1.497161 2.13216 1.861103 -0.3741553 20.67904 0.2534084 0 0.0
0.02125153 0.002405552 -1.292365 0.4652162 0.9909906 0.6616685 -0.4066491 19.36696 0.3408966 0 0.0
0.005654492 -0.008890936 -0.1295314 -0.1258685 2.07004 1.489994 -0.4375102 20.52836 0.4949875 0 0.0
0.031308 0.01738543 -0.2763913 -0.5939734 3.220374 2.140352 -0.4560094 20.92711 -0.3959007 0 0.0
0.007706728 -0.06718323 0.2112509 -0.62899 1.450596 0.9819773 -0.4231671 20.26146 0.6700325 1 0.9986824
0.05408161 0.02661097 0.6301134 -1.110543 0.8781997 0.6134227 -0.289843 19.55948 0.6242981 0 0.0
0.02598298 -0.1482952 -15.71411 12.63554 0.8816641 0.5472368 -0.2755582 19.37586 2.534409 1 0.0
-0.01485998 -0.03955867 -1.327826 -1.13662 1.614129 1.177005 -0.3782073 20.32199 0.392168 0 0.0
0.02973763 0.02093474 1.166933 -2.113479 1.701176 1.165147 -0.2870115 20.46959 0.7286777 0 0.0
0.03405355 0.02565429 -1.620846 -2.101258 1.141207 0.7847303 -0.3176029 20.02256 0.5937004 0 0.0
0.04225377 0.01363211 0.3626968 -1.576292 0.8839551 0.6263001 -0.3095847 19.71166 0.7131767 0 0.0
0.03574568 -0.005191025 -1.018282 -1.052156 1.827997 1.373228 -0.2399847 20.60317 0.6180248 0 0.0
0.01299704 -0.02653544 9.600445 -1.359119 1.78724 1.285639 -0.3749735 20.41018 0.4394188 0 0.0
0.04262739 -0.02951012 -1.715586 -2.492367 1.823188 1.420485 -0.3809128 20.60636 0.3192348 0 0.0
-0.01275188 -0.04167408 -1.266752 -1.320379 0.3025011 0.2230743 -0.3668417 17.92282 0.9096832 1 0.9969418
-0.03552119 -0.04144404 -1.661995 -1.27978 0.8719506 0.6389168 -0.4094457 19.58154 0.4694614 0 0.0
0.04118734 -0.02645107 -0.1011084 -2.647013 1.615558 1.136536 -0.3303849 20.48926 0.2404137 0 0.0
0.02669999 0.02012173 -1.435824 -4.884488 2.101411 1.990127 -0.1418961 20.69006 0.4302998 0 0.0
4.314786e-05 -0.01537601 -0.939464 -0.9443307 1.201802 0.9078013 -0.2882881 20.05864 0.5332928 0 0.0
-0.01433589 -0.03120071 3.679799 1.136113 1.19475 0.7130391 -0.3149711 19.7849 0.5500298 0 0.0
-0.02256518 -0.03308242 -0.3471276 -1.456341 0.5188336 0.3249175 -0.2612633 18.57377 0.8165588 1 0.9999252
0.04617746 -0.03964871 -0.490231 -1.554588 0.3242996 0.2523666 -0.3301387 18.1444 0.9409714 1 0.999866
