data/gcs/NGC_6638.ecsv
# %ECSV 0.9
# ---
# datatype:
# - {name: x, unit: deg, datatype: float64}
# - {name: y, unit: deg, datatype: float64}
# - {name: pmx, unit: mas / yr, datatype: float64}
# - {name: pmy, unit: mas / yr, datatype: float64}
# - {name: pmx_e, unit: mas / yr, datatype: float64}
# - {name: pmy_e, unit: mas / yr, datatype: float64}
# - {name: pm_corr, datatype: float64}
# - {name: g_mag, unit: mag, datatype: float64}
# - {name: bp_rp, unit: mag, datatype: float64}
# - {name: filter, datatype: int64}
# - {name: memberprob, datatype: float64}
# meta: !!omap
# - comments: [deg deg mas/yr mas/yr mas/yr mas/yr dimless mag   mag   zeroone float]
# - __serialized_columns__:
#     bp_rp:
#       __class__: astropy.units.quantity.Quantity
#       unit: &id001 !astropy.units.Unit {unit: mag}
#       value: !astropy.table.SerializedColumn {name: bp_rp}
#     g_mag:
#       __class__: astropy.units.quantity.Quantity
#       unit: *id001
#       value: !astropy.table.SerializedColumn {name: g_mag}
#     pmx:
#       __class__: astropy.units.quantity.Quantity
#       unit: !astropy.units.Unit {unit: mas / yr}
#       value: !astropy.table.SerializedColumn {name: pmx}
#     pmx_e:
#       __class__: astropy.units.quantity.Quantity
#       unit: !astropy.units.Unit {unit: mas / yr}
#       value: !astropy.table.SerializedColumn {name: pmx_e}
#     pmy:
#       __class__: astropy.units.quantity.Quantity
#       unit: !astropy.units.Unit {unit: mas / yr}
#       value: !astropy.table.SerializedColumn {name: pmy}
#     pmy_e:
#       __class__: astropy.units.quantity.Quantity
#       unit: !astropy.units.Unit {unit: mas / yr}
#       value: !astropy.table.SerializedColumn {name: pmy_e}
#     x:
#       __class__: astropy.units.quantity.Quantity
#       unit: &id002 !astropy.units.Unit {unit: deg}
#       value: !astropy.table.SerializedColumn {name: x}
#     y:
#       __class__: astropy.units.quantity.Quantity
#       unit: *id002
#       value: !astropy.table.SerializedColumn {name: y}
# schema: astropy-2.0
x y pmx pmy pmx_e pmy_e pm_corr g_mag bp_rp filter memberprob
[from data line 671]
-0.007381901 0.02076534 -10.49187 -5.317959 0.3914081 0.3563151 0.4765343 18.345 1.234968 0 0.0
-0.01338072 -0.04304934 -1.797963 0.1849266 0.09960456 0.08661439 0.3143591 15.81897 1.686437 1 0.0
-0.001183177 0.02715899 -4.612998 -4.581384 0.4982301 0.442967 0.3621547 18.69442 1.597773 0 0.0
-0.01225675 0.005778901 -0.6407508 -2.884406 0.6095667 0.5773454 0.6755375 18.19486 1.477861 0 0.0
0.01523391 -0.00194048 3.644751 -14.34354 0.7589459 0.6784004 0.385999 18.70024 1.439192 0 0.0
-0.01567111 -0.005209732 -2.985627 -4.247693 0.1611526 0.1327706 0.005259817 16.18578 1.684964 1 0.8565316
0.003363463 0.04939481 2.986472 2.209317 0.3337672 0.3122946 0.6149822 17.93561 1.38331 0 0.0
0.006916804 0.02371794 1.831616 -5.797877 0.3037891 0.2858213 0.6325155 17.53413 1.288534 0 0.0
0.009119359 0.003786 -1.691275 -3.01346 0.2811806 0.2532741 0.3302362 16.7042 0.7930269 0 0.0
-0.04212304 0.02185109 1.081052 -2.13226 0.6076624 0.5725729 0.505966 18.98117 nan 0 0.0
-0.02260621 -0.03730579 -0.8827357 -2.443355 0.5811024 0.5189622 0.5899496 18.74619 1.286964 0 0.0
-0.012252 -0.04080046 -2.34758 -4.884573 0.5622916 0.5722585 0.6920564 18.37666 1.381725 0 0.0
-0.003000538 -0.01475693 -1.319849 -3.20683 0.2969742 0.2543167 0.3227716 17.03975 1.578267 0 0.0
0.01697011 0.004250541 -1.067 -4.08872 1.446173 1.491307 0.8721849 19.09164 1.023071 0 0.0
-0.0316163 -0.01626977 -5.018512 -8.917829 1.309852 1.418445 0.8871987 19.22331 1.251986 0 0.0
-0.003523847 -0.01439837 -2.468091 -3.727555 0.1569376 0.14714 0.6391496 16.30568 1.693882 0 0.0
0.00903669 0.003381649 2.16795 -0.1971964 0.3617709 0.3425911 0.005639468 17.60878 nan 0 0.0
-0.01291762 0.003377479 -1.27828 -8.242091 0.3644941 0.3207445 0.5367294 17.54212 1.056379 0 0.0
0.04322431 0.01119816 -2.666808 -1.439995 1.794347 2.211576 0.8672085 19.62704 1.637238 0 0.0
-0.01429709 0.02155054 -4.608231 -7.262365 0.1451185 0.1327572 0.5152466 16.38335 0.9183502 1 0.0
0.001818812 -0.04796766 -2.580202 -3.535927 0.2193417 0.2043003 0.5212992 17.19128 1.555895 0 0.0
-0.0123073 -0.03858985 0.4068665 1.74161 1.298947 1.146702 0.3592857 19.89567 nan 0 0.0
-0.01669709 0.04406457 -4.138229 -5.592349 0.4572376 0.4183373 0.4991929 18.68358 1.262398 0 0.0
-0.04487762 0.02062367 -4.826937 -5.125275 0.6078257 0.5599728 0.3810194 18.88632 1.274807 0 0.0
-0.001981293 -0.02626776 -2.734059 -5.076884 0.110012 0.09625508 0.3459563 16.07086 1.851483 1 0.0
0.03879435 0.02752467 2.758267 -5.132221 1.991062 1.961673 0.822847 19.57817 1.239336 0 0.0
0.01476091 -0.04041545 -0.7709073 -8.233556 0.08031222 0.07149786 0.258693 15.07461 2.078187 1 0.0
0.0002218974 -0.004516342 -2.683779 -8.70034 1.102217 0.9682206 0.2404326 16.65666 nan 0 0.0
0.01690861 -0.0412378 -6.8411 -3.985501 0.1310729 0.1193064 0.2751582 16.09857 1.738275 1 0.0
0.01060328 -0.03668996 0.6498597 -2.207185 1.843717 1.903164 0.9067963 19.5832 1.34864 0 0.0
-0.001596723 0.04758859 -0.3113942 -5.715695 0.055735 0.04879817 0.2693948 13.60897 2.022921 1 0.0
0.01195754 0.0129334 -2.302107 -5.321464 0.8762777 0.8716184 0.6820403 18.78547 1.455399 0 0.0
-0.01316067 -0.04094742 -2.873446 -2.597765 1.347316 1.463553 0.8809725 19.24067 1.1793 0 0.0
-0.04757436 0.01260795 -2.174845 -6.682052 0.3181592 0.2758021 0.2045521 18.18584 1.218901 0 0.0
0.00959058 0.04058634 -4.546631 -9.402823 2.564928 2.640023 0.9253054 19.80449 nan 0 0.0
-0.006331781 -0.0401782 1.290574 -0.8562857 1.722985 1.981445 0.8774693 19.5678 1.378721 0 0.0
0.01988787 -0.008813337 -1.450158 -4.173764 0.7232583 0.6787985 0.5599329 18.9423 1.050192 0 0.0
-0.03698654 -0.0175168 -3.400735 -4.866689 0.7247522 0.6887607 0.5309528 18.33113 1.551857 0 0.0
0.02976876 -0.03775367 -6.832735 -5.94852 0.5676449 0.5250437 0.5266822 18.97742 1.550108 1 0.0
-0.01790131 -0.01113808 4.078259 -0.2480498 0.7634035 0.7103295 0.5316223 18.7303 1.439003 0 0.0
-0.01996213 -0.04053255 -1.552147 -4.50206 0.6007115 0.5669213 0.7125935 18.68193 1.787672 0 0.0
0.03355604 0.01502739 -3.979058 -6.427295 1.566328 1.644747 0.8885461 19.54245 1.215637 0 0.0
0.0002219913 0.04635073 -1.897534 -4.277912 1.209316 1.189565 0.6831318 19.72463 nan 0 0.0
-0.03913495 -0.01694909 -2.305148 -6.949284 0.5880634 0.540985 0.4812167 18.9297 1.192902 0 0.0
0.01741612 0.0405931 -2.839859 -5.012894 0.5611032 0.4850203 0.3257001 18.72514 1.398062 0 0.0
0.009480412 0.04123676 -7.295076 2.042671 0.3124602 0.2846701 0.470027 18.09233 1.322338 1 0.0
0.02135395 0.02657917 -2.894928 -7.014741 1.311597 1.228143 0.6029126 19.53572 nan 0 0.0
-0.02398343 -0.03539489 -3.146222 -8.554153 1.185723 1.291764 0.891383 19.07813 1.202803 0 0.0
0.01346809 -0.02808811 -4.591476 -4.20385 1.469379 1.732933 0.8728941 19.13313 nan 0 0.0
0.01071804 0.01502397 -3.919373 -5.644606 0.3564028 0.324803 0.5310916 17.85996 1.472517 0 0.0
0.002535817 0.004625553 -2.16678 -4.286706 0.1671506 0.1466044 0.3650632 16.44656 1.343751 0 0.0
-0.02679864 -0.006687987 -5.458422 -8.642591 1.717531 1.856954 0.9023181 19.42741 1.280159 0 0.0
0.0238005 -0.001375389 -2.42525 -9.689845 1.775416 1.863401 0.900867 19.37771 1.613415 0 0.0
0.02162937 0.02604888 -3.699984 -5.49255 0.6783696 0.6287499 0.6528492 18.85763 1.289896 0 0.0
0.01281173 0.01478534 -5.602055 -5.163854 0.3251287 0.3028225 0.6710561 17.70839 1.569366 1 0.0
0.04836749 -0.009393633 -4.369289 -6.241508 0.1292465 0.120544 0.501927 16.19951 1.773765 1 0.0
-0.02986752 0.03965795 -3.517096 -5.864369 1.713557 1.781591 0.9209875 19.40616 1.184862 0 0.0
-0.02613985 0.003680506 -0.678154 -6.357055 0.8523258 0.811453 0.6865404 19.05805 1.284641 0 0.0
0.00771492 0.01034356 -2.938018 -4.409548 0.1724879 0.1571234 0.5706672 16.57742 1.36287 0 0.0
-0.003661083 -0.02995661 -3.797942 -7.87722 2.028719 2.241258 0.9024588 19.70123 0.9159927 0 0.0
0.009287381 0.03932943 -8.811698 -8.053123 1.72059 1.647266 0.6309816 20.00676 0.9259796 0 0.0
0.02805042 0.03283771 -2.550661 -2.350275 0.6109402 0.5077146 0.1704525 18.70178 1.379572 1 0.02108111
-0.02247484 -0.003553326 -1.30175 -3.920088 0.507686 0.4524493 0.3754261 18.57982 1.317911 0 0.0
-0.005177433 0.01019683 -2.431417 -7.511183 0.3201917 0.298893 0.4561929 17.92158 1.340721 0 0.0
0.02430245 0.02899331 -0.2745458 -8.626021 2.256491 2.017435 0.7504352 19.43982 nan 0 0.0
-0.03851356 0.020685 -5.173821 -7.244272 2.028838 1.711113 0.2677971 19.83196 0.8918858 0 0.0
-0.01420984 -0.0172926 -3.071472 -3.79663 0.3067666 0.2677724 0.4045844 17.95376 1.523373 0 0.0
0.02297401 -0.002067596 -4.663328 -4.913262 0.5861914 0.5381849 0.4372167 18.93792 1.284462 0 0.0
0.01677985 0.02259545 -5.145937 -2.387924 0.6737501 0.6284561 0.5420809 19.0423 1.329353 0 0.0
-0.01076912 0.004562155 -1.386996 -5.2103 0.6000262 0.5530112 0.6397481 16.28052 1.220312 0 0.0
0.01022223 0.01580793 -2.735053 -6.986383 0.7396027 0.6700793 0.3084976 19.05296 1.196836 0 0.0
0.01148721 -0.007986359 -1.798153 -4.25797 0.462862 0.4329651 0.5565618 18.30186 nan 0 0.0
-0.02305101 -0.01539616 -3.84733 -4.431834 0.7216049 0.6371997 0.5697789 18.43777 1.490807 0 0.0
-0.01307886 -0.0336499 -1.769645 -7.173913 0.7103643 0.6670465 0.651505 18.88975 1.436295 0 0.0
0.005178891 -0.02752861 -4.857371 -4.346266 1.708015 2.022471 0.8691752 19.5844 0.8996677 0 0.0
-0.03998562 -0.02630873 -5.194633 -1.550121 0.3446766 0.3210714 0.5322433 18.11098 nan 0 0.0
0.04944807 0.006141283 -2.848139 -5.871221 0.5375378 0.498328 0.5228227 18.92436 1.293444 0 0.0
-0.008237448 0.04255292 -6.9387 -4.141822 0.1427584 0.1274554 0.36794 16.6863 0.8371258 0 0.0
0.006006975 0.01069652 -6.105727 -3.526643 0.6204197 0.5249714 0.1215546 18.32343 1.188719 0 0.0
0.03094452 0.03685769 1.023119 -4.354124 1.788931 1.446246 0.05211669 19.91987 1.515215 0 0.0
0.04911372 -0.003111129 -2.003838 -3.347451 0.43002 0.3990794 0.485017 18.61797 1.251411 0 0.0
-0.02424346 0.02503367 -3.877517 -3.453732 0.5371131 0.4851358 0.3691183 18.76899 1.129961 0 0.0
-0.02274936 -0.008451449 -4.482816 -8.651681 1.545085 1.667924 0.8282424 19.19756 1.207409 0 0.0
0.0390052 -0.001945846 -2.658564 -5.195553 0.4775591 0.4804471 0.6845685 18.40249 1.416435 0 0.0
0.001406071 -0.02448438 -7.359725 -13.0076 1.343049 1.476043 0.8825579 19.2466 1.184708 0 0.0
0.001351556 0.0257094 -4.409921 -6.316399 0.6099773 0.5751286 0.5652199 18.98708 1.455452 0 0.0
0.01236513 -0.0417694 -2.250186 -2.615006 1.952745 2.063337 0.8900303 19.81298 0.5157146 0 0.0
0.04258733 0.001661641 -13.73743 -11.44061 0.6324351 0.5983605 0.6022753 19.03564 1.206282 0 0.0
0.01080092 0.01758362 -0.1397735 -3.366692 1.523786 1.364362 0.5306763 19.65216 0.7572021 0 0.0
-0.001100073 -0.0218942 -2.577711 -3.816274 0.5059054 0.4566039 0.5597136 18.62041 1.376394 0 0.0
0.04296623 -0.01715258 -1.078786 -5.228462 0.1592165 0.1472232 0.4626604 16.62027 1.888002 1 0.0
-0.01575269 -0.01324159 -6.08998 -7.676317 0.3654563 0.3194279 0.3591049 18.15565 1.114546 0 0.0
-0.0200171 -0.0411658 -0.5944135 -4.645699 0.1444706 0.1255555 0.3202172 16.18353 2.022717 1 0.0
-0.008564854 -0.003139542 -2.483571 -3.742507 0.1711129 0.1604748 0.5665139 16.55925 1.544209 0 0.0
0.004630183 0.02628534 -1.736661 -10.08835 2.072278 2.411013 0.8752805 19.69842 nan 0 0.0
0.02043944 -0.004666854 -5.55277 -0.8287534 1.605242 1.672463 0.9088739 19.34734 0.7598705 0 0.0
0.0006901957 0.003141661 -2.186665 -4.33556 0.1676715 0.1486926 0.3906585 16.36193 1.246005 0 0.0
-0.02077244 0.02748908 -4.179306 -9.854826 0.05844325 0.05103841 0.259763 13.25636 2.190744 1 0.0
0.02763698 0.03216451 -1.409674 -3.311614 0.3548019 0.3215967 0.474877 17.84011 1.47287 0 0.0
0.01074608 0.02042748 -12.76531 -8.692326 1.071701 0.9463861 0.4105325 19.06801 nan 0 0.0
0.01533853 -0.04541469 -2.203951 -6.565197 1.959041 2.049616 0.9448902 19.33955 nan 0 0.0
-0.0203897 0.04509778 0.7798183 -2.981383 0.9076275 0.8166181 0.4920314 18.64667 1.149006 0 0.0
0.006391049 -0.01930419 -1.714134 -3.620918 0.8052297 0.8177734 0.7663437 19.10952 1.399733 0 0.0
0.0228667 0.01298713 0.8247593 -2.785122 1.507607 1.524025 0.8353157 19.10613 0.996212 0 0.0
-0.03023681 -0.02579471 -4.381595 -8.826497 1.349775 1.331771 0.6341944 19.10917 nan 0 0.0
-0.03026451 -0.02516339 -2.153179 -6.811916 0.487639 0.4344498 0.4517849 18.73 1.499481 0 0.0
0.01143123 -0.01741628 -6.011961 -5.756966 0.5365263 0.5080921 0.53142 18.83665 1.694218 0 0.0
-0.01649587 -0.01665775 1.468276 0.4818075 1.885276 2.109293 0.5327232 19.35151 1.361292 0 0.0
-0.01443306 0.006724704 -2.870972 -2.751436 0.9667139 0.9681671 0.8260965 18.98713 1.268517 0 0.0
-0.04881031 0.003448367 -4.356083 -6.656014 0.7464269 0.6764602 0.3351807 18.55498 1.280609 0 0.0
-0.0128601 -0.01920934 0.08026008 -7.990921 0.4842671 0.4213543 0.3968635 18.69788 1.150518 0 0.0
0.01093403 -0.03334069 -2.837971 -5.2636 0.6736675 0.6224036 0.4798732 18.96975 nan 0 0.0
-0.02104308 -0.0003563504 -5.57937 -11.97778 0.5909921 0.5540776 0.5478717 18.89855 1.193153 0 0.0
0.0008003855 0.003931302 -0.1236639 -5.134503 0.5592966 0.4875019 0.3401023 16.65184 0.9939356 0 0.0
0.003637091 -0.01468638 -3.10327 -4.62679 0.276349 0.246035 0.5607951 16.71381 1.579414 0 0.0
0.02211423 -0.03404795 -2.818123 -5.623292 0.1271241 0.1167047 0.410636 16.42283 1.943269 1 0.0
0.006997 -0.01844782 -1.566541 -4.673483 1.86041 1.943145 0.8714776 19.69557 0.6419106 0 0.0
0.04933835 0.007274293 -2.859344 -2.681559 1.537865 1.454786 0.8529484 19.32801 1.060961 0 0.0
-0.007545916 0.0002880321 -2.66208 -4.448863 0.1797562 0.1578498 0.3974496 16.72159 0.8638029 0 0.0
-0.02544474 -0.02673965 1.772962 4.314513 2.398989 1.804424 -0.1596692 20.10285 nan 0 0.0
0.02989145 0.01264226 -3.120681 -4.600377 1.502966 1.608002 0.5688832 19.95112 1.205549 0 0.0
-0.01878231 -0.01352431 -2.847116 -4.455744 1.617912 1.77483 0.8718204 19.38715 1.589046 0 0.0
0.0008554847 0.004865903 -3.382445 -4.531064 0.3009211 0.284576 0.5486536 17.01912 nan 0 0.0
0.01782363 0.001402746 -0.8561428 -4.759265 1.516291 1.470503 0.8697745 19.19942 1.347189 0 0.0
0.03382992 0.009297636 1.095413 -7.22937 1.249052 1.325191 0.8861487 19.21625 0.9508324 0 0.0
-0.02255368 -0.02375026 -5.953726 -8.430461 1.408216 1.121479 0.1559314 19.62221 1.165066 0 0.0
0.003528099 0.02538892 -4.023471 -8.460013 0.4027093 0.3688105 0.4949053 18.51847 1.364456 0 0.0
0.01300383 0.007871183 -1.881349 -4.414426 0.3602357 0.3304218 0.4413191 18.1171 1.295996 0 0.0
0.01506965 0.006148606 -2.508475 -4.067575 0.07115629 0.06091876 0.2137214 14.59379 1.884135 1 0.9952634
0.0001668249 0.007181427 -2.071311 -4.526152 0.2639306 0.236651 0.4346648 16.84225 1.367101 0 0.0
-0.008562617 -0.03450589 -3.140126 -4.605156 2.599132 2.534067 0.8543823 19.92286 nan 0 0.0
0.008374274 -0.01537135 -5.769037 -5.600654 1.404136 1.493024 0.8910724 19.15452 nan 0 0.0
-0.01900094 -0.0243104 -3.451221 -9.526539 0.7445527 0.6385551 0.3196549 19.08445 nan 0 0.0
0.02645211 0.03173372 8.12867 -4.702243 0.7818872 0.6798189 0.3266888 19.05348 1.678312 0 0.0
0.01132592 0.03416225 -2.406724 -6.912733 0.828115 0.8171412 0.6909896 18.99467 1.12726 0 0.0
-0.01649881 0.004796108 -3.636705 -6.560186 1.033953 0.9856626 0.7090069 19.08253 1.152672 0 0.0
-0.01831267 -0.02284927 -2.62727 -3.560796 0.9695008 0.7374539 -0.1282824 18.97927 1.431522 0 0.0
-0.004625723 -0.009422132 -2.63271 -3.907359 0.1222507 0.109015 0.4276504 16.21186 1.617002 1 0.9864272
0.02568292 0.04244746 -1.060396 -5.578525 0.6625708 0.5777809 0.2587244 18.85915 nan 0 0.0
0.02476507 0.001000972 -6.351327 -7.331822 0.3248286 0.3036643 0.5698309 17.85065 1.422396 1 0.0
0.04745678 -0.01389843 -3.320782 -5.557337 0.7841798 0.7554348 0.6479426 19.02814 1.645693 0 0.0
-0.02346544 -0.008695727 -2.36765 -3.230781 0.4662698 0.4223634 0.4927239 18.56211 1.447189 0 0.0
-0.03996986 0.009074498 -6.741483 -7.063363 1.68736 1.790503 0.9093909 19.4257 nan 0 0.0
-0.02569194 -0.02979527 -1.892635 -8.688084 0.4247604 0.3664993 0.2317231 18.39181 1.30501 0 0.0
-0.006472963 0.02480897 1.582717 -3.346336 0.3288721 0.2990612 0.4586343 18.14928 1.201176 0 0.0
-0.02401634 -0.008529897 -2.930429 -4.562441 0.5809057 0.5360706 0.4936543 18.86143 nan 0 0.0
0.0290264 -0.03307095 0.1100509 -2.113346 0.4200517 0.3903995 0.4416123 18.52597 1.335297 0 0.0
0.04545301 0.004103905 -0.05028677 -3.235239 1.814268 2.01759 0.8816538 19.69483 1.065052 0 0.0
0.04107758 0.01710215 -2.413706 -1.981602 0.3460646 0.3188446 0.4589315 18.25195 1.318899 1 0.0
-0.026616 0.03922956 -3.972287 -9.711652 1.449378 1.504829 0.9018616 19.2175 nan 0 0.0
-0.009338063 0.02205838 -4.571566 -4.571068 0.260314 0.2470225 0.6511119 17.35897 1.637323 0 0.0
0.006584277 -0.01125709 8.60604 2.064164 1.256007 1.22824 0.6963913 18.67185 nan 0 0.0
0.01005566 0.0005243594 -2.497249 -4.025918 0.1286383 0.1140287 0.3954925 16.3922 1.26489 0 0.0
-0.01073846 -0.0302069 0.3247403 0.782334 0.4686485 0.4201938 0.8239808 17.73152 1.269762 1 0.0
0.0227806 -0.005218499 -6.60184 -4.880979 0.1045775 0.09589507 0.397105 15.9313 1.691765 1 0.0
-0.03542096 -0.003016666 -0.09562643 -3.914378 0.1639162 0.1416748 0.3212195 16.7551 1.57942 1 0.0
0.03055101 0.006338309 -0.5724171 -4.791966 2.195451 2.409126 0.704789 19.79681 nan 0 0.0
0.002398712 0.03603768 -4.346477 -7.639111 0.3298477 0.3011513 0.4806002 18.17407 1.212988 0 0.0
-0.002283862 -0.0453813 -2.886151 -5.434039 0.4234513 0.390701 0.3667362 18.42472 1.694118 1 0.02165794
-0.02164456 -0.02541711 -3.029454 -1.953726 2.329672 1.734645 -0.1898218 19.99682 nan 0 0.0
0.005041506 -0.02013573 -3.931435 -4.77222 0.4017311 0.3665158 0.4898974 18.22582 1.440302 0 0.0
-0.01305437 -0.005623314 -3.29062 -1.204078 1.044143 0.9134647 0.4234719 19.05106 nan 0 0.0
-0.03365838 -0.001990005 -6.441045 -5.14086 0.124122 0.106779 0.284995 16.27791 1.713354 1 0.0
-0.01812545 0.01405414 0.7476832 -5.999024 1.007763 1.021999 0.7772881 19.24443 1.266815 0 0.0
-0.0322526 -0.005670803 0.3056958 -1.626814 0.1539262 0.1349291 0.3679963 16.66399 1.627474 1 0.0
-0.03988782 0.01089986 -11.19596 -9.257109 2.293137 2.434775 0.9167749 19.78753 nan 0 0.0
