data/gcs/NGC_6723.ecsv
# %ECSV 0.9
# ---
# datatype:
# - {name: x, unit: deg, datatype: float64}
# - {name: y, unit: deg, datatype: float64}
# - {name: pmx, unit: mas / yr, datatype: float64}
# - {name: pmy, unit: mas / yr, datatype: float64}
# - {name: pmx_e, unit: mas / yr, datatype: float64}
# - {name: pmy_e, unit: mas / yr, datatype: float64}
# - {name: pm_corr, datatype: float64}
# - {name: g_mag, unit: mag, datatype: float64}
# - {name: bp_rp, unit: mag, datatype: float64}
# - {name: filter, datatype: int64}
# - {name: memberprob, datatype: float64}
# meta: !!omap
# - comments: [deg deg mas/yr mas/yr mas/yr mas/yr dimless mag   mag   zeroone float]
# - __serialized_columns__:
#     bp_rp:
#       __class__: astropy.units.quantity.Quantity
#       unit: &id001 !astropy.units.Unit {unit: mag}
#       value: !astropy.table.SerializedColumn {name: bp_rp}
#     g_mag:
#       __class__: astropy.units.quantity.Quantity
#       unit: *id001
#       value: !astropy.table.SerializedColumn {name: g_mag}
#     pmx:
#       __class__: astropy.units.quantity.Quantity
#       unit: !astropy.units.Unit {unit: mas / yr}
#       value: !astropy.table.SerializedColumn {name: pmx}
#     pmx_e:
#       __class__: astropy.units.quantity.Quantity
#       unit: !astropy.units.Unit {unit: mas / yr}
#       value: !astropy.table.SerializedColumn {name: pmx_e}
#     pmy:
#       __class__: astropy.units.quantity.Quantity
#       unit: !astropy.units.Unit {unit: mas / yr}
#       value: !astropy.table.SerializedColumn {name: pmy}
#     pmy_e:
#       __class__: astropy.units.quantity.Quantity
#       unit: !astropy.units.Unit {unit: mas / yr}
#       value: !astropy.table.SerializedColumn {name: pmy_e}
#     x:
#       __class__: astropy.units.quantity.Quantity
#       unit: &id002 !astropy.units.Unit {unit: deg}
#       value: !astropy.table.SerializedColumn {name: x}
#     y:
#       __class__: astropy.units.quantity.Quantity
#       unit: *id002
#       value: !astropy.table.SerializedColumn {name: y}
# schema: astropy-2.0
x y pmx pmy pmx_e pmy_e pm_corr g_mag bp_rp filter memberprob
[from data line 7751]
-0.04694253 -0.006854021 2.538425 -2.734071 0.4361656 0.3984716 0.2847494 18.39488 0.8826008 0 0.0
0.008568514 -0.02997634 1.159542 -2.309689 0.07924063 0.07423955 0.2943533 15.14625 1.228942 1 0.9988422
0.03022467 -0.05276697 1.054449 -2.262664 0.1037603 0.1026982 0.4054031 15.88744 1.179483 1 0.9981616
0.01135667 -0.04761585 0.78674 -2.383113 0.09679104 0.09959784 0.5570547 15.38764 0.84935 1 0.9972895
0.02333764 -0.005313562 1.672997 -1.323142 0.4492318 0.4822531 0.5051698 17.91865 0.971714 0 0.0
0.04870429 -0.04893504 0.596342 -2.550343 0.5842674 0.5832113 0.5174153 18.60051 0.8707142 1 0.9774723
0.005677606 -0.06013506 1.203986 -1.561249 0.4458082 0.4599481 0.5566196 17.9245 0.9888573 0 0.0
0.002496113 -0.06924438 -4.037646 -5.489121 0.4150944 0.3957722 0.3325416 18.26437 0.8759403 1 0.0
0.008543774 -0.03231474 0.7743722 -2.862012 0.2271781 0.2043553 0.204908 17.14707 1.047308 0 0.0
0.003279741 -0.05384448 1.795815 -2.191259 1.563945 1.432168 0.2512399 19.94122 0.781086 0 0.0
-0.0381865 -0.03492917 -2.688344 0.01585225 2.40559 1.695727 -0.4781036 20.04935 0.932478 0 0.0
0.0172805 -0.04343223 4.556816 1.358691 2.339938 2.12104 0.5186081 20.05795 0.8298206 0 0.0
0.03161452 -0.005629319 -3.469374 -6.641895 0.613356 0.6166468 0.3370371 18.35379 0.8722725 0 0.0
0.02272511 -0.006404383 -0.08394266 -2.372982 0.1214798 0.1184947 0.2943444 15.17259 0.9194984 0 0.0
-0.02640636 0.01944665 0.1365016 -3.325092 0.7053899 0.7146179 0.5627378 18.75187 0.6795788 0 0.0
-0.0393041 -0.003462295 4.039629 -7.617555 1.549397 1.248183 0.07568965 18.58871 0.7862034 0 0.0
0.0104567 -0.006447517 0.771102 -2.380272 0.06347335 0.05972724 0.2733013 14.51451 1.27034 1 0.9983882
0.03482897 -0.0453417 0.7449346 -2.909294 1.199645 1.254681 0.554144 19.56605 1.009762 0 0.0
0.009274626 -0.06163458 3.310657 -1.726541 0.9016334 0.8800108 0.3696711 19.24073 0.3540268 0 0.0
0.04953463 -0.1275602 -0.1649005 -3.388981 0.9001786 0.8387364 0.3695679 19.43874 0.9933701 1 0.6437004
0.02314155 -0.00592004 1.291687 -2.017238 0.06931684 0.0667534 0.3373547 14.15176 1.15557 0 0.0
-0.02825643 -0.01225796 0.6867063 -2.138814 0.9032215 0.6775791 -0.318668 19.08131 0.9132442 0 0.0
-0.02851504 -0.04123831 5.332147 -1.296146 1.701047 1.226814 -0.5476475 19.62011 0.6268368 0 0.0
0.00910952 -0.009361775 1.157582 -2.197035 0.1588943 0.1617128 0.3380092 14.19592 1.20688 0 0.0
0.03625781 -0.02568523 0.9837416 -2.479037 0.07450516 0.07261133 0.296392 14.75149 1.295918 1 0.999329
-0.01157021 -0.08715519 -6.379322 -4.654706 0.3966434 0.3661938 0.3986048 17.80659 1.580917 1 0.0
0.01863898 0.007398289 -4.617076 0.3174608 0.9777888 0.9429041 0.2053185 18.26373 0.9599743 0 0.0
-0.03087153 -0.02449651 1.132977 -2.610775 0.8596249 0.6180863 -0.3452895 18.84683 0.8624058 0 0.0
0.03218972 -0.1522664 -0.1419572 -4.787066 0.8873646 0.8766593 0.4765337 18.98857 1.031761 0 0.0
0.02175666 -0.053878 0.7515559 -2.52434 0.08899045 0.08549111 0.3355592 15.36751 0.7338057 1 0.9960917
0.05764057 -0.01202638 0.6170468 -3.035648 0.5990415 0.5840632 0.293752 18.71371 0.8957081 0 0.0
0.0483853 -0.05024328 0.707366 -2.104795 0.1792567 0.1588999 0.2267063 16.3727 1.197936 1 0.9692159
-0.02638104 0.01705484 -0.8530508 -4.668942 0.3001552 0.272536 0.2158166 17.46113 0.9154816 0 0.0
0.02363105 -0.006774681 0.6181942 -0.9604489 0.6931924 0.7588225 0.6208949 18.21541 nan 0 0.0
0.01864942 -0.05059655 -3.617899 -6.639321 0.4122703 0.4170859 0.449867 18.26897 1.141941 0 0.0
-0.02919319 0.004347071 0.8450035 -3.249484 0.4084624 0.4001218 0.3650367 18.38724 0.8268585 0 0.0
0.1001665 -0.05450465 -1.990254 -8.933147 0.7026025 0.6395663 0.1882854 19.07431 1.028461 1 0.0
-0.0159619 -0.02464457 2.15227 -2.504283 0.6758269 0.5189902 -0.1893983 18.77582 nan 0 0.0
0.04571911 -0.04776973 1.176837 -2.175047 0.3916524 0.3923401 0.38257 18.21141 0.9447117 0 0.0
-0.03443683 0.009956326 0.3205351 -4.339094 0.6886942 0.6268247 0.2353879 19.20973 nan 0 0.0
0.07791465 -0.06075029 -1.944845 -3.89175 0.5800724 0.5671169 0.4091229 18.75248 0.987999 1 0.0005525815
-0.01410502 -0.004136392 2.969313 -2.716649 0.810558 0.723514 0.07899848 18.41185 nan 0 0.0
0.01160711 -0.009842763 4.178064 -0.8635286 0.5858855 0.5843741 0.3594574 16.7476 0.9491501 0 0.0
0.07309912 -0.02955278 -0.9113643 -2.721683 1.651285 1.59376 0.2172549 19.96311 0.4942551 0 0.0
-0.02642215 -0.005951613 1.592296 -2.043267 0.5811539 0.4488164 -0.2437571 18.37452 0.8008213 0 0.0
-0.05479199 -0.1253932 -13.13324 -6.367661 0.2666207 0.2326324 0.06964716 17.60432 0.8788052 0 0.0
0.01125603 -0.06634981 1.000494 -3.178121 0.5084959 0.4940527 0.3905682 18.45537 0.8158188 1 0.9608398
0.05413493 -0.01790229 -1.035682 -2.446001 0.8392409 0.851846 0.5258258 19.15795 0.7056904 0 0.0
0.09018641 -0.09221585 -1.502486 -3.254931 0.7144198 0.6565454 0.3537648 19.17248 0.8909912 1 0.05046751
0.02394944 -0.006603118 2.102268 -2.153258 0.2274225 0.2270299 0.3749641 16.68656 1.056695 0 0.0
0.04069524 -0.0601723 -0.1642878 -2.184554 0.7294096 0.7514637 0.5930618 18.91356 0.7502213 0 0.0
0.01909071 -0.0475182 0.1440436 -3.311077 0.740364 0.7472606 0.4429048 19.11941 0.7228813 1 0.9508832
0.05825059 -0.01484972 1.520085 -2.769868 0.5270437 0.5193188 0.3056412 18.58752 0.8679638 1 0.9746736
0.0129551 -0.002575979 2.20844 -1.399708 0.1885159 0.1787029 0.2882451 15.31042 0.4603415 0 0.0
-0.01371319 -0.00421643 2.600267 -4.702928 0.8682897 0.8380376 0.1783039 18.50182 nan 0 0.0
0.009131407 -0.03128103 0.8677682 -2.248931 0.1494042 0.1389544 0.1621514 16.22368 0.007474899 1 0.9979224
0.01515218 -0.03785088 1.11388 -4.060899 0.6155716 0.5909836 0.3575487 18.74964 0.6542339 0 0.0
0.01884374 -0.05660856 -0.4949418 -3.371451 0.5571859 0.5576931 0.5728091 18.58815 0.8498917 0 0.0
-0.03928205 -0.04666754 1.498448 -2.652364 1.04696 0.7934645 -0.455789 19.10651 0.8562679 0 0.0
-0.01462077 -0.1249746 -4.516104 -13.74109 0.8212676 0.7794007 0.4182823 19.00584 1.030087 1 0.0
0.02451282 -0.00610357 -2.475303 -7.63938 1.388117 1.622735 0.875073 18.53034 nan 0 0.0
0.04401839 -0.1539545 0.9373113 -5.086002 1.007588 0.9831881 0.1656498 19.36202 1.438051 0 0.0
0.01143603 -0.007664545 0.5466401 -2.63848 0.1387184 0.1385063 0.3931029 16.38314 1.02969 0 0.0
-0.04131817 -0.0379177 0.463113 -2.725556 1.658053 1.169279 -0.5038455 19.71822 0.4835358 0 0.0
0.00132295 0.006107349 3.659148 -2.724534 0.4676503 0.4280349 0.1109296 17.32204 nan 0 0.0
0.01901438 -0.05927126 0.5680471 -2.638457 0.1726164 0.1724748 0.4037444 16.84044 1.125628 1 0.9842498
0.04292726 -0.00697375 5.031202 -0.877353 1.229581 1.23112 0.3925213 18.9794 0.734333 0 0.0
-0.0008317201 -0.0503349 -1.075278 -2.209651 2.259176 2.200615 0.2679791 20.42126 1.216709 0 0.0
-0.09253269 -0.07285906 1.878342 -10.33588 0.2122922 0.1789791 -0.01170819 17.29809 0.9510574 1 0.0
-0.009241767 -0.1248173 0.8214352 -6.148703 0.6931436 0.6693428 0.2835304 18.95439 0.9383526 1 1.764928e-05
0.0123099 -0.05566882 1.490874 -1.974857 0.2482327 0.2501965 0.4310659 17.5196 1.033743 1 0.9834647
0.05978412 -0.02648191 1.659541 -2.417523 1.189369 1.234444 0.4526845 19.35304 0.7593155 0 0.0
0.05102136 -0.0240609 0.982599 -3.669567 0.7547592 0.7618242 0.3655236 18.94166 0.8379364 0 0.0
0.01534817 -0.03697736 2.503939 0.5528585 0.8700922 0.8414836 0.3765891 19.23275 nan 0 0.0
0.03186202 -0.05842483 2.219583 -1.79544 0.533331 0.5315708 0.4202361 18.72633 0.949625 1 0.9208698
0.05883706 -0.04840043 0.6098843 -2.084094 0.8265614 0.8317573 0.458292 19.29236 0.8565826 1 0.9472411
0.007563752 -0.04083667 1.004931 -2.272689 0.1035051 0.09792091 0.3122773 15.59266 0.1497965 1 0.9987307
-0.05401369 -0.01510222 -3.768133 -1.693525 0.6213226 0.4960329 0.01330366 18.83147 1.450865 0 0.0
0.05198517 -0.1553289 -1.178076 -8.007196 2.336766 1.420201 -0.533517 19.68034 0.9038448 0 0.0
0.09266113 -0.04813234 -0.2348531 -2.911288 1.938672 1.818652 0.3755547 20.08138 1.135357 1 0.6714484
0.02426452 -0.01694868 2.62028 -4.010935 0.5526496 0.5775662 0.5690612 15.76858 1.24463 0 0.0
-0.0413353 -0.142467 -4.597967 -3.431516 1.035143 0.8780492 0.09101072 19.61126 0.8769531 1 2.091381e-05
0.03587536 -0.005802846 1.494192 -2.198142 1.544655 1.608892 0.6059796 19.67688 0.7722588 0 0.0
0.1039225 -0.1001563 -5.277339 -9.60454 2.138934 1.723505 0.1268227 20.40818 1.454809 0 0.0
0.1017582 -0.1276612 -4.5415 -4.023412 0.9951021 0.9236886 0.3775895 19.68909 1.14711 0 0.0
0.02870224 -0.0007720691 1.783147 -1.547141 1.047107 0.9869711 0.4907273 19.19925 nan 0 0.0
-0.0195667 -0.001284192 3.03022 -1.176565 0.4786876 0.449566 0.1604003 18.43257 nan 0 0.0
0.001247327 -0.1261824 -2.301612 -7.218758 0.4179846 0.3702922 0.5210737 17.8825 0.9605713 1 0.0
0.03291647 -0.05333646 1.270028 -2.495867 0.2186346 0.2086613 0.3294581 17.25531 1.088051 1 0.9951577
0.0255178 -0.1505205 -0.5426701 -1.265826 1.404231 1.278749 0.3545846 20.0531 3.002287 1 0.3483278
0.02909408 -0.0007531425 1.140405 -2.316994 0.4526804 0.468861 0.609856 18.16664 0.8290443 0 0.0
0.04522339 -0.05835903 -1.368924 -3.382586 1.622171 1.407801 0.1452043 19.9299 1.033424 0 0.0
-0.03628258 -0.02341931 -2.704691 -1.500261 1.401815 0.9642967 -0.4706948 19.54717 0.6139698 0 0.0
-0.01718874 -0.01240347 11.01088 -7.801972 0.9407866 0.7939718 -0.3160162 18.69938 0.854105 0 0.0
-0.09403308 -0.1263047 3.472019 -13.50983 1.190682 1.039992 0.1903446 19.83089 1.598171 0 0.0
0.07397424 -0.03597375 1.921304 -4.027605 1.667924 1.683187 0.431622 20.01175 1.230371 0 0.0
0.04392725 -0.01400862 -0.4503045 -5.056374 1.597425 1.626149 0.5214141 19.86041 nan 0 0.0
-0.01685633 -0.07667339 -0.366624 -7.047911 2.287811 1.657577 -0.1901552 20.0932 1.033777 0 0.0
-0.0128776 -0.02203092 3.163587 -4.068132 1.223623 0.9044707 -0.599172 19.25573 nan 0 0.0
0.04385986 -0.04632669 1.704393 -0.4749586 0.9165323 0.9322196 0.4712956 19.21227 0.780592 0 0.0
0.04202794 0.005340591 1.81357 -1.051017 0.6078533 0.5926498 0.2794977 18.81184 0.7476368 1 0.9195313
-0.03834328 -0.01502797 0.5143035 -2.675602 0.5119849 0.4504777 0.1434012 18.88152 0.6300011 0 0.0
-0.04339441 -0.002247601 1.376653 -2.044589 0.4309249 0.3891063 0.01207657 18.55963 0.7370949 1 0.9895547
-0.04164091 -0.02955224 -5.39651 -4.312496 1.715604 1.45682 -0.07769266 19.44774 0.7271786 0 0.0
-0.03071092 -0.1200164 3.027823 -2.584172 1.071758 1.112788 0.5349916 19.25076 nan 0 0.0
0.01561913 -0.0286423 0.9089342 -2.292416 0.5925719 0.5939372 0.4365671 18.74879 0.7811699 0 0.0
0.1043027 -0.09033016 1.737113 -14.17029 2.586728 2.256199 0.2850996 20.50694 nan 0 0.0
-0.005901112 -0.007271008 0.7951755 -2.745563 0.1387828 0.1207504 0.08259694 16.34459 1.033601 0 0.0
-0.03475565 0.01087171 1.546367 -2.800101 0.7475603 0.8183623 0.7036708 18.49933 0.7446804 0 0.0
0.0489019 -0.007526627 1.357125 -3.053755 1.755898 1.84093 0.3159072 19.92819 0.8557472 0 0.0
-0.09202402 -0.08900224 -1.393258 -5.208095 0.8320177 0.7151611 0.07132778 19.32337 0.76968 0 0.0
0.07559169 -0.05897414 -0.4372403 -2.590021 1.176876 1.091535 0.3304067 19.57047 0.8373089 0 0.0
0.1103561 -0.08230103 -1.877461 -1.733778 0.3521128 0.3542546 0.4875557 17.99158 1.290936 0 0.0
0.01211747 -0.03439423 1.869712 -0.1989105 1.111937 1.130999 0.583377 19.36834 nan 0 0.0
-0.03160418 -0.02889897 1.664248 -2.110239 0.3605851 0.3046043 0.05898689 18.26805 0.9408245 0 0.0
-0.01121126 -0.0323723 -0.2250351 -0.5951903 1.481438 1.049309 -0.2122519 19.57822 0.9354782 0 0.0
0.07741607 -0.06985928 -1.268309 -14.34764 0.1217164 0.1190519 0.3818371 16.22163 1.114973 1 0.0
0.01091565 -0.05093457 -3.90089 -6.60239 2.583646 2.645937 0.5798675 20.43219 0.6194248 0 0.0
0.02738609 -0.05191523 -0.1816765 -2.452731 0.6487997 0.6433385 0.4230975 18.97125 0.7915134 0 0.0
-0.01354104 -0.008355346 1.134586 -2.225198 0.8084547 0.7473086 0.4833997 18.60237 0.7593155 0 0.0
-0.06352813 -0.08678 -2.440215 -4.218169 0.3901618 0.3415971 0.0230389 18.22636 0.9450779 1 0.0
0.01452089 -0.01059857 2.011143 -3.15074 0.5055305 0.5480135 0.1615093 18.01933 nan 0 0.0
0.08577218 -0.08045392 -0.5334294 0.9796436 1.329294 1.328489 0.544031 19.7799 0.5169239 1 0.01264407
-0.01934896 0.009347425 0.4765104 -2.600697 0.2727642 0.2551903 0.1537847 17.81917 0.9824352 0 0.0
0.03983055 -0.02875782 2.904991 -2.640893 1.16532 1.239736 0.5056397 19.44771 0.1274891 0 0.0
-0.002618011 -0.05920029 -6.413482 -5.11181 3.75861 2.965158 -0.05288005 20.62682 1.124292 1 0.3665427
0.07486932 -0.0468961 0.6073946 -2.819047 0.5022759 0.5292984 0.4966591 18.59182 0.8883877 1 0.9685374
0.02192699 -0.05732654 1.780416 -0.8617014 1.615144 1.667663 0.5297477 19.97273 0.9494591 0 0.0
0.04366946 0.006369646 2.464283 -2.974762 1.679331 1.616824 0.2427969 19.98419 1.004515 0 0.0
0.04325715 -0.03001471 1.595663 -1.162232 1.072605 1.122978 0.5316771 19.32884 0.86623 0 0.0
0.0308929 -0.03418966 -0.05374805 -2.159998 0.749315 0.7302161 0.5039818 18.97605 0.7232285 0 0.0
-0.01630808 -0.008424547 5.699401 1.697917 0.6582132 0.6996001 0.3762222 18.57963 nan 0 0.0
0.04165119 -0.05722405 0.4846495 -2.620841 0.9118391 0.8751674 0.5140931 19.19791 0.7293873 1 0.9516308
0.04723588 -0.008956099 1.262288 -2.407053 0.08957357 0.08575065 0.223661 15.3296 1.218306 1 0.9973373
0.05420507 -0.05735394 -7.04684 -4.200599 1.924232 1.830945 0.3185436 20.15956 0.6927738 1 0.007664909
0.06968256 -0.01771642 1.751584 -1.930313 0.6226779 0.6626749 0.4292675 18.6328 0.9885464 1 0.9659906
-0.04005032 -0.02832688 -1.774679 -7.030302 1.129242 0.9545424 -0.09777984 19.47834 0.8346539 0 0.0
0.01126394 -0.01231845 0.1407234 -5.377928 0.4622801 0.5147001 0.570079 15.17393 0.7028379 0 0.0
0.07276386 -0.07339478 -2.538532 -6.889329 0.3238753 0.3142233 0.5792812 17.7476 0.9564571 1 0.0
-0.02549255 -0.003094091 -0.2621649 -3.295162 0.3711828 0.3240311 0.0957081 18.23752 0.8690796 0 0.0
0.03826791 -0.02046007 0.9543582 -2.274073 0.09559829 0.09955691 0.4931875 15.42756 0.5889912 1 0.9985723
0.06930456 -0.02964464 0.03929738 -6.42285 0.99051 1.019726 0.4862778 19.46327 0.8797493 1 0.01839548
0.04982414 -0.05813299 4.690617 0.1213521 1.101237 1.014612 0.3687703 19.67073 1.483147 0 0.0
-0.07695545 -0.06481197 1.49258 -2.264194 0.4770667 0.4190697 -0.002091633 18.21955 0.9721928 1 0.9654556
0.07378105 -0.0587435 4.574005 -4.043189 2.205159 1.804627 0.1424854 20.34132 0.8052216 1 0.5269269
-0.0468573 -0.02619449 1.306689 -2.90384 0.8928854 0.6983341 -0.196668 19.33045 0.7632923 0 0.0
0.008105568 -0.009258666 1.627359 -2.812298 0.4190904 0.4142324 0.409959 18.24075 nan 0 0.0
0.01317565 -0.001759671 0.9756973 -2.705809 0.2106396 0.1989205 0.2648394 16.93655 0.996665 0 0.0
0.06459762 -0.0376209 1.361231 -3.154421 1.168098 1.157987 0.4149181 19.61687 nan 0 0.0
0.02102196 -0.05577752 -0.2382102 -1.90119 0.9825388 0.9921654 0.4609792 19.44446 0.7182541 0 0.0
0.01101917 -0.01163177 -1.491935 -6.073013 1.113119 1.050893 0.4195384 18.24655 nan 0 0.0
0.0707992 -0.02819641 -1.084538 -4.903232 0.9612467 1.046704 0.5472938 19.20902 0.9203968 1 0.4619371
0.06370684 -0.1081996 -3.382251 -1.815671 1.142684 1.036123 0.3676921 19.58226 0.7657719 0 0.0
0.04945787 -0.05689298 1.462607 -1.123551 1.11795 1.16926 0.4690957 19.66955 0.6620998 0 0.0
0.007661855 -0.03887211 0.9376384 -1.758432 0.5726902 0.5831104 0.4549434 18.79096 0.8565292 0 0.0
0.09627877 -0.07134922 1.453921 -4.187832 1.770724 1.441039 0.0988818 20.11837 1.283579 0 0.0
0.05040671 -0.02802397 0.9884565 -1.899267 0.6865186 0.7139872 0.5314651 18.86366 0.4785175 0 0.0
0.03007607 -0.05726444 2.429938 -3.68348 1.671906 1.568766 0.2347843 20.01475 0.9012165 0 0.0
-0.001419654 -0.01994322 -3.193582 -6.435775 0.5587844 0.5302081 0.3745233 18.29133 0.8709087 0 0.0
0.01053052 -0.003777239 1.01721 -2.567958 0.05446892 0.05092559 0.2618702 13.83498 1.294138 1 0.9993402
0.03878268 -0.01922818 1.242008 -2.503156 0.05217238 0.05002078 0.3680476 13.3316 1.428638 1 0.9974728
0.0520425 -0.03458634 1.879312 -1.372209 0.5146944 0.5103125 0.3402713 18.59237 0.7585773 0 0.0
0.05234402 -0.09504565 0.7351603 1.801774 0.5179407 0.4867191 0.3989704 18.65782 1.154144 1 0.0
