data/gcs/NGC_6652.ecsv
# %ECSV 0.9
# ---
# datatype:
# - {name: x, unit: deg, datatype: float64}
# - {name: y, unit: deg, datatype: float64}
# - {name: pmx, unit: mas / yr, datatype: float64}
# - {name: pmy, unit: mas / yr, datatype: float64}
# - {name: pmx_e, unit: mas / yr, datatype: float64}
# - {name: pmy_e, unit: mas / yr, datatype: float64}
# - {name: pm_corr, datatype: float64}
# - {name: g_mag, unit: mag, datatype: float64}
# - {name: bp_rp, unit: mag, datatype: float64}
# - {name: filter, datatype: int64}
# - {name: memberprob, datatype: float64}
# meta: !!omap
# - comments: [deg deg mas/yr mas/yr mas/yr mas/yr dimless mag   mag   zeroone float]
# - __serialized_columns__:
#     bp_rp:
#       __class__: astropy.units.quantity.Quantity
#       unit: &id001 !astropy.units.Unit {unit: mag}
#       value: !astropy.table.SerializedColumn {name: bp_rp}
#     g_mag:
#       __class__: astropy.units.quantity.Quantity
#       unit: *id001
#       value: !astropy.table.SerializedColumn {name: g_mag}
#     pmx:
#       __class__: astropy.units.quantity.Quantity
#       unit: !astropy.units.Unit {unit: mas / yr}
#       value: !astropy.table.SerializedColumn {name: pmx}
#     pmx_e:
#       __class__: astropy.units.quantity.Quantity
#       unit: !astropy.units.Unit {unit: mas / yr}
#       value: !astropy.table.SerializedColumn {name: pmx_e}
#     pmy:
#       __class__: astropy.units.quantity.Quantity
#       unit: !astropy.units.Unit {unit: mas / yr}
#       value: !astropy.table.SerializedColumn {name: pmy}
#     pmy_e:
#       __class__: astropy.units.quantity.Quantity
#       unit: !astropy.units.Unit {unit: mas / yr}
#       value: !astropy.table.SerializedColumn {name: pmy_e}
#     x:
#       __class__: astropy.units.quantity.Quantity
#       unit: &id002 !astropy.units.Unit {unit: deg}
#       value: !astropy.table.SerializedColumn {name: x}
#     y:
#       __class__: astropy.units.quantity.Quantity
#       unit: *id002
#       value: !astropy.table.SerializedColumn {name: y}
# schema: astropy-2.0
x y pmx pmy pmx_e pmy_e pm_corr g_mag bp_rp filter memberprob
[from data line 2981]
-0.05510888 0.0006181716 0.7630402 2.088361 3.978408 3.626202 0.04087842 20.73558 1.063498 0 0.0
-0.01599609 -0.0002777862 -6.258407 -5.84722 0.8424704 0.7724401 0.2695298 19.35308 1.030241 0 0.0
-0.06302115 0.004419946 -4.749484 -4.520895 1.234494 1.209436 0.3960179 19.97824 0.3943577 0 0.0
-0.015059 0.05845726 -1.199045 -4.911587 2.820556 2.637966 0.4031305 20.60733 0.5945206 0 0.0
-0.01624755 -0.02476437 -8.355855 -5.458887 0.4181841 0.3595339 -0.09538864 18.2833 0.9612083 0 0.0
-0.06519523 0.001996033 -3.8352 -4.866646 0.766122 0.6752155 -0.04089768 19.17569 1.057617 0 0.0
0.007707435 0.007581603 -6.390742 -4.857801 0.4661983 0.3974436 -0.009451678 18.54183 nan 0 0.0
0.01313663 0.02197381 -6.587716 -5.399708 1.019108 0.8921339 0.0123301 19.54615 0.9019794 0 0.0
-0.01625651 0.02392642 1.260086 -7.555392 1.364054 1.278138 0.2187079 19.74653 1.036533 0 0.0
0.002152106 -0.003999507 -5.649238 -4.05531 0.1073435 0.09423252 0.02322665 14.75604 1.337099 0 0.0
-0.04477052 0.006403288 -4.989357 -0.9477151 3.110233 2.923772 0.5172681 20.5079 1.033245 0 0.0
-0.0385702 0.0527586 -0.3453347 -5.613079 1.899275 1.718709 0.2933112 20.36281 1.02857 0 0.0
-0.001662233 0.02496931 -5.65613 -4.22794 0.8572902 0.7446307 -0.04001546 19.29644 0.8951969 0 0.0
-0.01513077 0.02879799 -3.469181 -3.706821 0.9908737 0.9299639 0.3021673 19.65128 1.210354 0 0.0
-0.004656409 -0.004072083 -6.250358 -4.750905 0.2995688 0.2699919 0.2789248 17.32263 1.160322 0 0.0
-0.01618159 0.03422612 2.249766 -4.66723 1.600188 1.43564 0.239878 20.16143 1.507673 0 0.0
-0.004196973 0.0230924 -1.258037 -2.370957 0.5703775 0.5169771 0.1716482 18.98385 0.9067974 1 0.0
-0.03676646 -0.03482989 -3.726383 -4.121989 0.6568867 0.6068794 0.1648348 19.12582 nan 0 0.0
-0.01072491 0.01459652 -0.5369575 -4.667308 0.4266043 0.3820621 0.1015175 18.38804 1.018303 0 0.0
0.008193844 0.007821885 -5.601513 -4.53995 0.2235162 0.1945222 0.04058419 17.45411 1.134352 0 0.0
0.007348624 0.00252716 -5.348276 -3.492977 0.363328 0.329167 0.1516479 18.22579 0.9842758 0 0.0
-0.01133991 0.01907489 -6.436347 -3.463822 0.8084603 0.80775 0.4103098 19.22095 nan 0 0.0
0.003252681 -0.005376647 -5.194878 -4.274025 0.4755273 0.4858979 0.481857 17.75175 1.201174 0 0.0
-0.03088589 -0.02215522 1.809691 -5.715032 1.161106 1.136837 0.19242 19.7633 1.078789 0 0.0
-0.004196551 0.01420034 -5.740422 -4.894536 1.082803 0.946751 0.03536571 19.74129 nan 0 0.0
0.0370081 0.04356966 -5.207673 -7.893472 1.790351 1.603761 0.3123581 19.78017 1.363173 0 0.0
-0.005016203 0.02147492 -5.587704 -4.298838 0.2180253 0.1922958 0.05237765 17.24165 1.108084 0 0.0
-0.03825452 -0.02557226 3.20149 -2.324088 1.61544 1.680431 0.5943214 20.03461 1.229954 0 0.0
-0.001124836 0.04804824 -5.550662 -5.4241 3.134708 3.127689 0.6867567 20.38507 0.8328915 0 0.0
-0.04607089 0.04558338 -5.627194 -6.626851 2.367546 2.1415 0.3056447 20.41429 0.6676292 0 0.0
0.005663198 0.06544307 -1.276495 -8.70616 1.08842 0.9484554 0.001475593 19.77709 1.185873 1 0.0
-0.04400318 0.00765871 -1.836407 -7.260768 0.3981728 0.3589416 0.1228488 18.43536 0.9891071 1 0.0
-0.006935615 0.01082416 -0.736791 0.4770041 1.019623 1.025911 0.5300714 19.16451 nan 0 0.0
0.007018087 0.03064913 0.3133865 -7.787408 0.2149727 0.1915897 0.07897007 17.46563 1.325796 1 0.0
0.004532599 -0.002626307 -6.270373 -5.626048 0.1725074 0.1527694 0.03195355 15.58962 1.054193 0 0.0
-0.005347479 -0.004392557 -5.251582 -3.362818 0.8664231 0.7180537 -0.05627335 18.94954 nan 0 0.0
-0.06152475 -0.01235604 2.711073 -1.673756 0.1325371 0.1202454 0.1514412 16.29409 0.9632378 1 0.0
-0.0001771242 -0.003824005 -2.885245 -1.959871 0.5126867 0.444709 -0.016952 17.26113 0.7889938 0 0.0
-0.03139797 0.05059088 0.6750439 -2.328879 1.002734 0.9137276 0.1123669 19.82396 0.8508053 0 0.0
-0.02669463 -0.00359916 -3.071506 -6.949089 0.8197755 0.7444287 0.1745909 19.43746 1.119884 0 0.0
-0.02012529 0.03519042 1.435924 -3.162597 0.9635616 0.8318439 -0.042973 19.37939 1.064163 0 0.0
-0.05867589 -0.02435133 1.980155 -7.92673 1.657095 1.639872 0.4260159 20.34118 0.6961479 0 0.0
-0.04600812 -0.02571329 -3.900223 -4.455217 0.9085644 0.8553157 0.2338082 19.65526 0.7117233 0 0.0
-0.006656469 0.04343602 -2.964206 -4.581596 1.498882 1.44468 0.5195515 20.00379 1.028362 0 0.0
0.001384244 -0.002965709 -5.588476 -4.22074 0.1377374 0.1206285 0.00067177 15.6185 nan 0 0.0
-0.01210267 -0.01974738 -6.899003 -5.627501 1.517497 1.401553 0.4521757 19.62119 nan 0 0.0
-0.00575805 0.01151852 -6.249915 -5.545409 0.9820167 0.8222011 -0.293358 19.05307 nan 0 0.0
-0.03995231 0.0506332 -0.1613429 -5.467971 1.332178 1.144037 0.1235088 20.03137 1.049761 0 0.0
-0.03706992 -0.04335205 6.10237 -3.305602 1.119089 0.9532167 -0.1691888 19.63968 0.7324638 1 0.0
-0.03706263 0.0002117923 -6.822435 -4.178578 0.660892 0.6016907 0.1907436 19.25886 0.7706604 0 0.0
-0.03390954 -0.01188335 -4.484072 -1.385892 0.930338 0.8620068 0.2982405 19.80709 0.9695396 0 0.0
-0.01134053 0.02386997 1.312425 -1.232079 0.5570241 0.5047447 0.2451459 18.69752 1.246107 0 0.0
-0.031929 -0.03900129 2.424141 -2.310898 1.00399 0.8358454 -0.268851 19.40169 0.6973629 0 0.0
0.008449955 0.009046379 -5.773869 -4.644527 0.3384583 0.3019163 0.2048133 17.82046 nan 0 0.0
-0.003274183 -0.005330871 -4.747296 -4.381504 0.1884465 0.1689113 0.1201907 17.19876 1.018684 0 0.0
-0.01125996 -0.005594743 -3.516197 -3.694123 0.6776628 0.6198611 0.1395811 19.24193 0.154211 0 0.0
-0.01029136 0.02897416 -6.818795 -4.312273 1.002435 0.9045281 0.1522205 19.80917 0.9095669 0 0.0
-0.005017058 0.03653535 -2.488712 -3.608971 1.591859 1.487241 0.2950103 20.26166 nan 0 0.0
-0.003351002 -0.004461123 -1.487141 -6.990517 1.590085 1.33331 -0.3028329 18.65527 nan 0 0.0
-0.02908707 0.03286096 -0.2266611 1.043682 0.6957463 0.6652699 0.3193617 19.21273 0.9661102 1 0.0
-0.001968749 -0.008050712 -5.579388 -3.88604 0.1625265 0.1448214 0.06631019 16.53536 1.173612 0 0.0
0.008679545 0.0008333135 -3.947969 -4.414904 1.068974 0.952192 -0.01708692 19.13561 1.040123 0 0.0
0.008807817 0.003694324 -7.290568 -4.36015 0.7479671 0.6725049 0.1205815 18.97618 nan 0 0.0
-0.05400507 0.03736584 12.6393 -7.924122 2.929895 2.797239 0.5499913 20.44665 1.578783 0 0.0
-0.001482468 -0.006883405 -4.689481 -4.008009 0.4990859 0.4518223 0.1497684 18.61557 0.7777271 0 0.0
-0.03600955 0.05419782 2.046665 -3.143296 1.752869 1.587877 0.3221957 20.27831 0.9532948 0 0.0
-0.0357142 -0.04270681 -1.950325 -0.5410312 0.8977564 0.8078996 0.1069006 19.4647 0.893877 1 2.930541e-06
-0.02386296 0.03151975 -2.825545 -6.01499 0.4364112 0.3806182 -0.02006292 18.50663 0.967041 1 0.0
-0.02131878 -0.006424389 -5.034201 -1.886325 1.388544 1.196094 -0.0445291 19.447 1.117779 0 0.0
-0.04249291 -0.04527329 1.562251 -5.461818 1.555048 1.342089 -0.1178462 19.72889 nan 0 0.0
-0.002302894 0.04617901 -2.230517 -9.973723 3.065416 2.96317 0.5288002 20.47239 0.7860527 0 0.0
0.02027882 0.01685695 -3.088984 -7.554603 1.124859 0.9181235 -0.3427333 19.212 1.116848 1 0.01561566
-0.02004487 0.01933275 1.874161 -5.477522 0.6950111 0.6278916 0.2983289 19.01135 0.6651211 0 0.0
-0.02251776 -0.02206876 -5.105684 -5.162957 1.636313 1.305692 -0.2635688 19.82048 0.8546391 0 0.0
-0.00575798 0.01044659 -6.052598 -4.05398 0.2564879 0.231086 0.1379991 17.72498 1.094238 0 0.0
-0.01799393 0.005981747 -11.31744 -10.86883 1.171078 1.002429 -0.1106611 19.00324 nan 0 0.0
0.01725706 0.01315734 -6.448269 -2.493521 1.202267 1.009618 -0.3092845 19.22642 0.8322926 0 0.0
0.01485011 0.0103616 -5.070145 -6.041267 1.40812 1.137163 -0.4406912 19.49134 nan 0 0.0
0.01432116 0.06381703 0.3377475 -2.819451 1.752404 1.621659 0.1923709 20.19471 1.198149 0 0.0
0.02786408 0.03930819 1.541256 -4.205448 0.9852542 0.8597116 0.0518327 19.65051 nan 0 0.0
0.0002579995 -0.006559143 -1.93523 -4.292959 1.136285 1.026555 0.2651353 18.81729 nan 0 0.0
-0.03265283 -0.01896676 -5.921808 -2.007028 1.013106 0.9430599 0.2145522 19.75358 0.6907196 0 0.0
0.02842319 0.02599091 -2.903401 -4.276843 2.119775 1.690636 -0.4341904 20.06872 0.9189758 0 0.0
-0.05082925 0.03660478 -3.918701 -6.708098 0.3906547 0.3439611 0.0363116 18.4958 0.9243946 0 0.0
-0.01883853 0.005207188 -4.890663 -3.941953 0.3706164 0.335253 0.1558757 18.31884 1.304518 0 0.0
-0.03615019 -0.04013207 0.9398497 -3.558408 1.513009 1.340156 -0.06509406 19.95207 0.6686268 0 0.0
-0.01848039 0.006366931 -5.690206 -4.262208 0.2678358 0.2489716 0.3110214 17.59608 1.163578 0 0.0
-0.01494255 -0.02421864 -5.350209 -4.085964 0.2033272 0.1770849 0.01813427 16.98545 1.158293 1 0.9899871
-0.0152097 0.04106985 1.041646 -1.669164 0.8335766 0.7552481 0.2103882 19.33237 nan 0 0.0
-0.007139463 -0.0009785297 -6.046232 -1.467678 1.144586 1.025241 0.06615722 18.94118 nan 0 0.0
0.01336503 0.008580379 1.208385 -5.350891 0.2434188 0.2055033 -0.1552584 17.22179 1.065763 0 0.0
-0.03559771 -0.01439027 -4.949692 -2.097201 1.551248 1.626042 0.6165301 20.05634 1.052853 0 0.0
-0.04776429 0.003994645 -1.957189 -5.342013 0.5770149 0.5068384 0.07188204 18.94996 1.189682 1 0.0
0.035039 0.05077261 2.140531 -8.67654 2.226789 2.077082 0.2162688 19.7466 0.9978333 0 0.0
-0.0009449785 -0.006185308 -6.546748 -11.2665 1.100027 0.9644391 -0.0987189 19.10718 nan 0 0.0
-0.04489599 -0.04882596 -1.262892 -4.95915 2.747095 2.893679 0.5046026 20.38044 nan 0 0.0
-0.006835627 0.04201313 -0.3563469 -1.520292 2.039829 1.849122 0.2949918 20.4329 1.117058 0 0.0
0.01628606 0.02309863 -4.328125 -4.089855 1.35726 1.179201 0.01978034 19.78756 1.071545 0 0.0
0.03695358 0.03566564 -2.701409 1.405332 1.532278 1.245474 -0.4379303 19.83669 1.086462 1 0.0
0.01749239 0.0379986 -2.186092 -3.700441 0.9335327 0.8265357 0.1303728 19.67116 1.243382 1 0.009378926
0.03163521 0.05797604 -3.298186 -4.39129 0.7623221 0.6852547 0.06016512 19.38363 0.9418545 1 0.02513713
-0.005782052 -0.01288029 -4.744553 -4.802948 0.5576582 0.480867 -0.02557522 18.86886 nan 0 0.0
-0.03855174 -0.04809817 -4.606423 -5.716919 1.035953 0.9175223 0.02131065 19.71175 0.6639767 1 0.1783492
-0.007090778 0.03027147 -2.119906 -5.16924 1.499315 1.384922 0.3067261 20.03191 0.8708515 0 0.0
0.02064061 0.03126498 0.07316547 -5.608331 1.772122 1.641997 0.2263883 20.34115 1.3978 0 0.0
-0.005449337 -0.01289552 -7.390603 -6.234637 0.9088086 0.8036573 -0.02372422 18.67201 0.7381096 0 0.0
2.047943e-06 0.007566681 -2.51698 -3.736494 0.8868425 0.7457741 -0.250301 19.22025 nan 0 0.0
-0.03967676 -0.04951011 3.064646 -4.015836 1.036159 0.9004242 -0.04103994 19.70037 1.137762 1 0.0
-0.00988367 0.04684225 -8.247836 -8.937476 1.542563 1.442423 0.3343896 20.14017 1.331829 0 0.0
-0.05446287 0.03227293 -2.17023 -4.753495 0.2841741 0.2558034 0.1694075 17.89894 0.6413517 1 0.0
-0.03246008 0.0136299 -3.404063 -4.735254 0.6601311 0.6041367 0.2146284 19.21545 0.9775143 0 0.0
-0.02683865 -0.03499416 -1.054771 -9.28319 1.14944 0.9687011 -0.2322295 19.63531 0.7597332 0 0.0
-0.009211763 -0.01095034 -4.121401 -5.480744 0.579333 0.4833284 -0.0151515 18.76488 0.5939178 0 0.0
-0.007577591 0.0337924 -6.254696 -3.56623 0.8028275 0.7030102 0.01416095 19.32503 0.7850018 0 0.0
-0.003479589 0.01095406 -4.073392 -4.807183 0.6930576 0.6477417 0.2956425 18.68891 0.8362732 0 0.0
-0.008526162 0.04536229 -3.425597 -3.899685 0.414598 0.3734934 0.1424882 18.47072 0.9699688 1 0.0002722757
-0.01049205 -0.005949415 -6.001921 -2.793153 0.9378639 0.8246683 0.2157209 19.39709 nan 0 0.0
-0.05896536 -0.01242296 -1.975136 0.2669151 0.1156948 0.1024561 0.02531236 16.20205 1.307628 1 0.0
0.0007443577 -0.0006921418 -5.460515 -3.77997 0.6014644 0.5378532 0.06259662 13.97091 0.9612198 0 0.0
-0.01033917 -4.424572e-05 -7.328491 -4.375725 1.834966 1.928141 0.7650678 19.7885 nan 0 0.0
-0.04172243 -0.0515214 2.088483 -4.494392 2.109731 2.045082 0.2787455 20.05666 0.6318722 0 0.0
-0.009703454 0.03826301 0.6405516 -7.362054 0.6671903 0.5850368 0.08391623 19.12657 0.8932133 1 0.0
-0.02688946 -0.03619199 -3.653538 -4.126077 0.7743133 0.7120504 0.1489287 19.42251 0.8731174 1 0.1890428
0.01067676 0.00599438 -2.254705 -6.095563 0.671557 0.5890037 -0.02421621 18.82985 0.7752037 0 0.0
-0.04837343 -0.005523358 4.197642 -5.197972 3.366669 2.879766 0.2795936 20.42574 1.105001 0 0.0
-0.0164012 -0.02413498 -4.75954 -5.905994 0.9439373 0.7762659 -0.2750598 19.1109 nan 0 0.0
0.02975876 0.03824709 -2.666481 -6.09497 0.5725355 0.5149697 0.1934634 18.78857 0.9398365 1 0.0
-0.001380076 -0.007657787 -5.658938 -4.785668 0.6696866 0.5801461 -0.07338431 18.83708 nan 0 0.0
-0.01187518 0.001309779 -2.585284 -6.404438 0.3645231 0.3281015 0.1350979 18.3502 1.01302 0 0.0
0.02248152 0.02051853 -5.34333 -5.487638 1.252674 1.01198 -0.3024142 19.4099 1.135277 1 0.6820046
-0.001893004 0.04044553 -2.319205 0.8725131 0.6889459 0.6234797 0.1590962 19.31131 1.829691 0 0.0
-0.01430841 0.01035788 -1.605549 -4.592579 0.8306917 0.7556588 0.1378353 18.62967 1.055727 0 0.0
0.01976748 0.01998131 -5.885508 -4.595595 1.023806 0.8567319 -0.2942321 19.45413 0.8563995 1 0.8737466
-0.01118433 0.003552911 -6.676662 -3.307164 0.8244084 0.7579069 0.159622 18.7051 0.8483829 0 0.0
-0.03865753 0.01820122 -3.668548 -5.932657 0.5914308 0.5267475 0.1682728 18.67454 nan 0 0.0
0.00561172 0.06156735 -1.479453 -5.00548 0.2564416 0.2272823 0.05891848 17.71321 1.370453 1 0.0
-0.01566482 0.008152754 -2.242996 -2.024526 0.4463152 0.4313459 0.3662577 18.3331 1.066891 1 0.0
-0.03530372 -0.04549519 1.896907 -5.370352 2.012225 1.870952 0.1282583 20.0602 0.8502312 0 0.0
-0.01432879 -0.02176187 -3.395245 -2.91866 0.8719212 0.7374985 -0.04915377 19.45814 1.013563 1 0.1123887
-0.01174584 -0.008837299 -4.416549 -2.473036 0.8883337 0.8593922 0.5079226 18.96455 nan 0 0.0
-0.007216873 0.006605082 -5.358884 -4.26354 0.1369989 0.1217507 0.06767836 16.5094 1.085047 0 0.0
-0.05601615 -0.02179375 -2.968582 -3.159368 1.288043 1.293977 0.4070621 19.92085 0.6979008 0 0.0
-0.04949455 -0.01459152 0.473246 -3.869211 1.852582 1.859107 0.4727865 20.28802 0.7160759 0 0.0
0.009498914 0.003194527 -6.082002 -3.730514 1.031749 0.8573586 -0.1136198 19.46238 nan 0 0.0
0.02557994 0.02208934 -3.270428 -5.473689 0.6309843 0.5323908 -0.1251677 18.69049 0.997118 1 0.007962092
-0.02390415 -0.005494265 -4.134241 -5.251887 0.267399 0.244553 0.1751601 17.8186 1.142679 1 0.0
-0.04251182 -0.00602388 -5.938717 -3.497393 0.9287945 0.841291 0.07530733 19.54801 1.640501 0 0.0
-0.002531768 -0.01033191 -4.968258 -3.485666 0.7873983 0.6971471 0.01275788 19.29844 nan 0 0.0
-0.02966235 -0.007849681 -4.164752 -2.265115 1.622009 1.269449 -0.464656 19.78682 nan 0 0.0
-0.02586632 0.05226732 -0.8887705 -4.473995 1.334612 1.265701 0.4611699 19.89353 0.701067 0 0.0
-0.00985624 0.03052298 -3.809168 -2.364065 1.24873 1.119755 0.1245754 19.97773 0.7962093 0 0.0
-0.0004330755 -0.005574952 -3.179595 -5.037752 0.855227 0.7701129 0.1760705 18.38246 nan 0 0.0
0.01234409 0.03037008 -6.111812 -3.682753 0.7400461 0.6487239 -0.06789384 19.10987 0.7647476 1 0.8997844
0.0002581559 0.04696487 -8.683549 -7.651127 3.284513 2.853509 0.4047856 20.50202 1.32172 0 0.0
-0.02753034 0.04978727 0.4119875 -2.697335 3.409398 3.004464 0.3111823 20.36723 1.107208 0 0.0
-0.004299042 0.01597035 -4.62481 -4.915066 0.8813958 0.7320924 -0.2020978 19.04317 0.995245 0 0.0
-0.05687295 -0.002713179 -0.4082731 -3.844435 0.781925 0.6789522 -0.1256847 19.05854 0.8193588 0 0.0
-0.0199133 0.003578076 -4.386985 -3.804228 1.003814 0.9480334 0.2802947 19.71589 nan 0 0.0
0.002871029 0.06487482 -2.883371 -5.949438 1.077973 0.9757194 0.1771897 19.86893 0.8287926 0 0.0
-0.05382593 -0.004443141 2.626176 -4.559005 0.2389654 0.2179691 0.1266302 17.63477 0.9298 1 0.0
0.004944262 0.0352765 -5.938401 -4.276098 0.8314355 0.7535107 0.1773979 19.56078 0.8345222 0 0.0
-0.02918807 0.02852362 -1.367392 -3.32444 0.164954 0.1456687 0.109919 16.90962 0.9150009 1 0.0
0.006837411 0.01212879 -2.518495 -5.657163 0.2896092 0.2586075 0.2480784 17.82874 1.172832 1 0.0
-0.003556062 0.002824941 -5.67161 -4.00725 0.2118959 0.1866256 0.08303715 16.50438 1.192931 0 0.0
-0.007091037 0.03349871 3.054342 -2.548369 1.038874 0.9846773 0.4086767 19.72523 0.9515667 0 0.0
