data/gcs/NGC_6304.ecsv
# %ECSV 0.9
# ---
# datatype:
# - {name: x, unit: deg, datatype: float64}
# - {name: y, unit: deg, datatype: float64}
# - {name: pmx, unit: mas / yr, datatype: float64}
# - {name: pmy, unit: mas / yr, datatype: float64}
# - {name: pmx_e, unit: mas / yr, datatype: float64}
# - {name: pmy_e, unit: mas / yr, datatype: float64}
# - {name: pm_corr, datatype: float64}
# - {name: g_mag, unit: mag, datatype: float64}
# - {name: bp_rp, unit: mag, datatype: float64}
# - {name: filter, datatype: int64}
# - {name: memberprob, datatype: float64}
# meta: !!omap
# - comments: [deg deg mas/yr mas/yr mas/yr mas/yr dimless mag   mag   zeroone float]
# - __serialized_columns__:
#     bp_rp:
#       __class__: astropy.units.quantity.Quantity
#       unit: &id001 !astropy.units.Unit {unit: mag}
#       value: !astropy.table.SerializedColumn {name: bp_rp}
#     g_mag:
#       __class__: astropy.units.quantity.Quantity
#       unit: *id001
#       value: !astropy.table.SerializedColumn {name: g_mag}
#     pmx:
#       __class__: astropy.units.quantity.Quantity
#       unit: !astropy.units.Unit {unit: mas / yr}
#       value: !astropy.table.SerializedColumn {name: pmx}
#     pmx_e:
#       __class__: astropy.units.quantity.Quantity
#       unit: !astropy.units.Unit {unit: mas / yr}
#       value: !astropy.table.SerializedColumn {name: pmx_e}
#     pmy:
#       __class__: astropy.units.quantity.Quantity
#       unit: !astropy.units.Unit {unit: mas / yr}
#       value: !astropy.table.SerializedColumn {name: pmy}
#     pmy_e:
#       __class__: astropy.units.quantity.Quantity
#       unit: !astropy.units.Unit {unit: mas / yr}
#       value: !astropy.table.SerializedColumn {name: pmy_e}
#     x:
#       __class__: astropy.units.quantity.Quantity
#       unit: &id002 !astropy.units.Unit {unit: deg}
#       value: !astropy.table.SerializedColumn {name: x}
#     y:
#       __class__: astropy.units.quantity.Quantity
#       unit: *id002
#       value: !astropy.table.SerializedColumn {name: y}
# schema: astropy-2.0
x y pmx pmy pmx_e pmy_e pm_corr g_mag bp_rp filter memberprob
[from data line 3026]
0.02295967 -0.0004488114 -2.323367 1.517632 1.066534 0.7364799 0.563272 19.07196 nan 0 0.0
0.04159599 0.02407948 -3.307158 -5.38698 0.2661199 0.1817993 0.5534137 17.3299 1.867016 1 0.0
-0.02917314 0.001378739 -6.511231 -5.888182 0.2879701 0.1775873 0.1877079 17.07136 nan 0 0.0
0.001623107 -0.004321958 -3.076991 -1.069008 0.3887527 0.271641 0.5188596 16.83867 nan 0 0.0
-0.03242926 -0.03664334 2.707863 -4.02135 0.5730528 0.3599619 0.3788566 18.66869 1.147871 0 0.0
0.04336729 0.002121344 -2.899982 -1.840533 0.07429313 0.04507811 0.2101968 14.45405 2.365181 1 0.0
0.04190761 0.006369623 -1.515691 -3.591209 1.867015 1.229391 0.4726024 19.67725 1.129908 0 0.0
0.04583431 -0.007057903 1.21124 -2.708656 0.3816023 0.2352181 0.2926797 18.09407 1.602879 0 0.0
0.02171205 0.005208659 0.4227074 -4.251168 0.6348621 0.4435388 0.2590761 18.92628 1.561182 0 0.0
-0.009135532 -0.02874595 -8.526633 -2.122741 1.683335 1.039384 0.5942579 19.38023 nan 0 0.0
0.04142089 -0.01420666 -14.44191 -10.13819 1.678143 1.019559 0.6801673 19.76676 0.9894485 0 0.0
-0.0397391 -0.02279477 -3.999015 -7.283655 0.1812771 0.1075739 0.2895474 16.52739 1.845385 0 0.0
0.006166027 -0.01329239 -4.527831 -0.7359028 0.1460543 0.09038061 0.2258202 16.40716 1.725018 0 0.0
0.006166755 -0.001321873 -4.203657 -1.247268 0.08164395 0.04558556 0.4621875 13.4921 2.0696 0 0.0
0.008156905 -0.03433631 -3.275207 -5.524899 0.6331282 0.3986173 0.3180056 18.84982 1.201836 0 0.0
-0.0265561 -0.04832032 0.6325209 -3.200315 0.8517853 0.5345398 0.5406917 19.18037 1.174757 0 0.0
0.06132331 -0.05238851 -8.900851 -4.778325 1.619246 0.9468792 0.5772456 19.25329 1.167574 0 0.0
0.02176621 0.00994078 4.126981 -0.01555174 0.9443397 0.5312659 0.2271801 18.402 1.71582 0 0.0
0.06519223 -0.02425753 0.3960794 -5.303297 0.1028593 0.06522379 0.2925548 15.65785 2.002563 1 0.0
0.004278592 -0.0401325 2.904538 -1.58395 0.8662358 0.5043855 0.234327 18.70018 nan 0 0.0
0.006300003 0.005027682 -4.323012 -0.6354057 0.1714739 0.1084562 0.1987151 14.64867 1.866487 0 0.0
0.05824285 -0.005843567 -0.1806428 -7.050444 0.4364251 0.2716475 0.3341863 18.47218 1.814806 0 0.0
0.04898887 0.03310748 -4.059219 -4.301471 1.627086 0.8970644 0.58319 19.27163 1.330811 0 0.0
-0.006054352 -0.02549751 -7.347939 -4.011291 0.157585 0.09358864 0.1691623 16.64103 1.843942 1 0.0
0.006377113 -0.03640947 1.311776 2.040847 1.784032 0.9404852 0.6818543 19.63155 nan 0 0.0
0.02821608 -0.01715851 -3.219662 -0.3105552 0.113157 0.07141506 -0.01171093 15.77019 1.905592 1 1.35664e-06
0.00074644 0.01504718 -2.004218 1.532904 1.18274 0.660174 0.7214536 19.03937 1.479311 0 0.0
-0.03203098 -0.03618354 -3.454968 -8.960145 0.6705999 0.4216628 0.3012321 18.7808 nan 0 0.0
0.001437152 -0.001834773 -6.979824 -2.10194 0.2575465 0.1714528 0.2170869 15.62017 nan 0 0.0
-0.008976346 -0.02654295 0.396265 -2.957711 1.184448 0.7001313 0.4273865 19.20844 1.867186 0 0.0
0.007868934 0.0199602 -0.9571865 -1.690204 1.279082 0.8809856 0.3513414 19.07774 2.111208 0 0.0
-0.02485972 -0.03465565 -13.50668 -10.7971 1.616828 1.067465 -0.01045976 19.66301 nan 0 0.0
-0.0112924 0.01815171 -5.493911 -1.352884 0.7946593 0.4582018 0.7849226 18.20116 1.527044 0 0.0
-0.004887146 0.0083084 -1.266032 -3.466059 0.1816277 0.1084781 0.2803021 15.96524 1.96545 0 0.0
-0.03984371 -0.02699861 -3.915119 -5.71933 1.82119 1.092689 0.4906675 19.65346 1.408356 0 0.0
-0.03227818 -0.01061752 -0.9304597 -6.965879 0.5588703 0.3406651 0.376717 18.78267 1.215839 0 0.0
0.06130657 -0.03617031 -2.482139 -2.194304 1.799513 1.174255 0.6590712 19.78987 1.139767 0 0.0
-0.01354469 -0.0317181 -2.119445 -3.048446 0.940731 0.5969895 0.5340406 19.3117 1.450178 0 0.0
0.05159165 -0.02315297 -0.5724355 -3.874641 1.999586 1.198338 0.7694365 19.79501 1.031797 0 0.0
0.03065917 -0.02057719 2.278311 0.4481379 0.7669012 0.4552249 0.003512692 18.77703 1.41194 0 0.0
0.06233228 -0.05273054 1.079093 -4.746393 1.007316 0.6338592 0.646412 19.24414 1.328848 0 0.0
0.06899891 -0.01262903 -2.225688 -2.773329 0.8644521 0.5172665 0.59763 19.0698 1.333103 0 0.0
0.007336679 0.009878 -3.179854 -2.275551 0.2459342 0.1530762 0.2526016 16.20126 1.792491 0 0.0
0.007282429 -0.005472338 -4.176092 -1.974453 0.3300171 0.207053 0.2357071 15.92512 nan 0 0.0
-0.01795912 -0.003474765 -3.915165 -0.886885 0.3110594 0.2150613 0.4481519 17.41246 1.511816 0 0.0
0.01560225 0.01739011 -3.369268 -6.393992 0.1474022 0.08823627 0.2806052 13.80782 3.127543 1 0.0
0.06714204 -0.04836196 -1.304542 -3.450906 0.2039118 0.135165 0.3128033 17.22868 1.419399 1 0.0
-0.009241707 -0.02962144 8.537808 2.412145 1.318699 0.8669517 0.4585385 19.04744 1.342047 0 0.0
0.04360007 -0.01267978 -0.01578428 -6.199121 0.7096289 0.4429635 0.2961258 18.50627 1.56044 0 0.0
-0.01481701 -0.05009557 -4.896894 -3.680939 1.362268 0.8819719 0.4541942 19.75301 1.23715 0 0.0
0.07983495 -0.01722416 -2.378682 -2.833741 0.9815621 0.6266076 0.5619636 19.13469 1.426899 0 0.0
0.05603156 -0.01672947 4.082717 -8.301392 0.3238798 0.2299043 0.3819786 17.51722 1.668268 0 0.0
-0.004966286 -0.003526702 -3.198505 -0.5535347 0.7998911 0.5095498 0.2399296 16.71418 1.339799 0 0.0
0.07087485 0.01054778 -9.628172 -5.055395 1.795466 1.198872 0.3158437 19.56084 1.484016 0 0.0
0.00741854 0.03917105 -2.22149 -2.170165 0.08144884 0.05113729 0.2420475 14.61836 2.152023 1 0.0
0.007413217 -0.03363053 -0.1556103 0.04358717 0.9656038 0.6279904 0.4356 19.20027 1.644167 0 0.0
0.03231816 0.01680633 -2.067128 -9.306337 1.606866 1.015202 0.4881622 19.48822 1.895067 0 0.0
0.05942169 -0.03447165 -1.780084 -9.744606 1.501033 0.9715638 0.7258988 19.63704 1.448053 0 0.0
0.02447623 0.007885948 -4.178644 -0.7437787 0.1879367 0.1175242 0.3160529 16.93546 nan 0 0.0
0.008239028 -0.004362334 -3.442319 -0.3205579 0.1094567 0.0664085 0.2553927 15.7165 1.659469 0 0.0
0.00954409 0.02896275 -4.211523 -1.729203 1.247511 0.8105444 0.6178661 19.09894 1.454342 0 0.0
0.003827735 -0.02232167 -4.228378 -3.851477 2.041228 1.101073 0.6045489 19.50119 nan 0 0.0
0.05220395 -0.02060888 -5.443442 -0.3765344 1.451083 0.8774151 0.5991864 19.64489 1.376036 0 0.0
-0.01769291 -0.006360537 -1.725176 -2.476223 0.4379692 0.3448818 -0.8574982 15.95307 nan 0 0.0
0.01135075 0.02280945 -1.109226 -4.006719 0.4784315 0.3001762 0.1279195 17.91624 nan 0 0.0
-0.02464734 -0.03417876 -5.157553 -4.653026 1.062935 0.5813288 0.7698883 18.59368 1.405045 0 0.0
-0.03889475 -0.007869442 -1.883362 -2.472854 0.9765162 0.6816227 0.4745496 19.20522 nan 0 0.0
0.02207475 -0.03755608 -4.21418 -6.636787 1.279104 0.7910333 0.4786744 19.42862 1.736395 0 0.0
-0.03286123 -0.01508662 -8.154595 -5.268205 0.8542336 0.5214449 0.3325459 18.52842 1.249573 0 0.0
-0.001724592 -0.01125326 -4.822104 -1.653366 0.4552702 0.2845473 0.2018015 16.91936 nan 0 0.0
0.03420716 0.02314383 -3.634951 -7.619393 0.09473019 0.05599354 0.3219755 15.16667 2.020531 1 0.0
-0.04900895 -0.02566367 -0.8730454 1.271912 1.326373 1.012335 0.1291994 19.38284 1.316998 0 0.0
0.03185255 -0.02718461 -3.02092 -7.055516 0.1521526 0.09330709 0.1955166 16.33826 2.223431 0 0.0
-0.02471002 0.005045849 -11.5824 2.166148 1.930034 1.231717 0.310438 19.08218 nan 0 0.0
-5.080894e-05 0.009952652 -10.63613 -5.266078 1.18591 0.6983725 0.6025259 18.94585 nan 0 0.0
0.03114948 0.01892004 -3.839425 -2.797925 0.9498117 0.5603731 0.05975262 19.06575 0.8305569 0 0.0
0.05204947 -0.01104154 -6.393716 -1.193613 1.935671 1.212978 0.7682005 19.44031 1.382154 0 0.0
0.03403716 -0.008233907 1.165635 -2.231533 0.6614768 0.416145 0.3019299 18.88453 1.605209 0 0.0
0.03616167 -0.01106133 -4.436094 -5.588824 1.595439 1.019682 0.633091 19.6909 -0.01844025 0 0.0
0.02322618 0.003014873 -1.05657 0.7961377 1.612136 1.081109 0.5050522 19.15529 1.443832 0 0.0
-0.03915994 -0.009158912 -3.268079 -3.786976 0.3564573 0.2413725 0.5608141 17.84331 1.971901 0 0.0
0.02616618 -0.03368132 -4.579587 -8.146671 0.5991553 0.3900003 0.2417924 18.18195 1.88732 0 0.0
0.003138249 0.01679998 -3.404128 -1.659682 0.5326611 0.3689209 0.5053019 17.56725 1.718666 0 0.0
-0.03928663 -0.02501857 2.208266 -4.567645 1.272118 0.8501011 0.2780004 19.49077 1.46929 0 0.0
-0.01710827 -0.00704136 -0.7432955 -1.594864 1.12508 0.6853636 -0.08148203 19.11515 nan 0 0.0
0.0004540074 -0.008870973 -5.593584 -1.129846 1.156698 0.8171537 0.256351 18.73402 nan 0 0.0
-0.02440997 -0.02715203 -4.925651 -2.142881 0.3908302 0.2363131 0.3968818 17.97952 1.453192 0 0.0
0.06182047 -0.02103772 -3.77808 -0.9058024 1.54307 0.9202868 0.5325034 19.48 1.60565 0 0.0
0.0113216 -0.0003095155 -4.27693 -1.660287 0.5701893 0.3324545 0.6040717 17.66197 nan 0 0.0
0.05730958 -0.05868422 -0.9391916 -3.486507 0.6407768 0.4321982 0.3534692 18.90276 1.431494 0 0.0
0.02516918 0.01614841 -1.193738 -0.690758 0.6783841 0.4461252 0.6235994 17.29216 1.639961 0 0.0
0.05232806 -0.03748135 -2.260486 -11.07834 1.682159 1.013845 0.8245372 19.26603 1.521406 0 0.0
-0.02967795 0.001226005 -3.656023 -1.005552 0.1138716 0.0676548 0.1984987 15.76896 1.688989 1 0.9701776
-0.0044095 0.02380944 -2.888231 5.006225 0.09789295 0.05997761 0.1950446 15.60161 1.689087 1 0.0
-0.02401998 0.008616571 -6.428015 -5.627397 0.1599364 0.09899976 0.2215931 16.44734 2.092202 1 0.0
0.004279834 -0.01073645 -1.702964 0.3696005 0.6095459 0.3809819 0.2751754 18.3625 nan 0 0.0
-0.003824745 0.02237514 -8.490854 -3.237744 1.575964 0.9991544 0.7883288 19.34426 1.551479 0 0.0
0.008771985 0.01366016 -3.272674 -6.484277 0.8138644 0.4994618 0.3291777 18.74739 nan 0 0.0
0.0700361 -0.01111722 -4.050851 -4.640194 2.383925 1.529481 0.4791948 20.06411 2.104334 0 0.0
0.02915162 0.002696723 -5.068475 -4.601945 0.5842914 0.3579855 0.343356 18.69725 1.352055 0 0.0
0.01998774 0.0199223 -5.309721 0.3330889 1.4725 0.8196305 0.6052365 19.20825 1.563734 0 0.0
0.03165157 0.009755072 -11.83645 1.137938 1.282566 0.8084546 0.2518681 18.66755 1.453434 0 0.0
0.06172031 -0.01102598 1.20501 -0.9636932 1.827792 1.550731 0.3334734 19.8483 1.084209 0 0.0
-0.01562085 -0.004044675 -2.18784 0.709246 1.087673 0.6556131 -0.1512143 18.98064 1.382511 0 0.0
-0.008709305 -0.04281643 -2.821066 -6.550586 2.252045 1.401459 0.6953733 19.81748 1.466503 0 0.0
0.00723075 0.01501068 -6.141585 -1.832728 0.4268162 0.270472 0.2582118 15.7612 1.71071 0 0.0
0.04330995 -0.007705292 -0.6389137 -6.928655 1.357907 0.8367566 0.6667393 19.3822 1.541315 0 0.0
0.006352185 -0.01034555 -1.955312 -7.451698 0.9234096 0.5872712 0.3817246 18.8528 nan 0 0.0
0.03278028 -0.03339524 -6.912733 -3.404634 0.620124 0.3912216 0.2716741 18.55387 1.606749 0 0.0
0.06687613 -0.008616455 -4.213824 -5.654921 0.5561388 0.3593807 0.3624744 18.86853 1.60936 0 0.0
0.07585536 -0.0100056 -2.224092 -7.427207 0.3499553 0.2453448 0.406002 17.63263 1.905308 0 0.0
-0.003798494 0.03110126 -1.788425 -8.315256 2.26134 1.400407 0.4322543 19.77019 nan 0 0.0
-0.01676427 0.00146738 -14.34891 -8.522361 1.774943 1.218209 0.1835795 19.66836 nan 0 0.0
0.0325036 0.01498475 -3.597955 -1.310548 0.2180014 0.1413198 0.1658635 16.61562 1.731434 0 0.0
0.06242349 -0.03400997 -3.9825 -6.555844 0.5409816 0.3248037 0.57624 18.35576 1.700354 0 0.0
-0.01556299 -0.03475107 -2.499766 -5.941968 0.1492335 0.09172371 0.2435464 16.45771 1.875379 1 0.0
0.05751831 -0.0184679 -2.745885 -6.108404 0.687289 0.4485332 0.3297478 19.05788 1.529041 0 0.0
0.06282916 0.02054568 -3.86978 -6.159441 0.4953004 0.3026191 0.2738341 18.64869 1.441662 0 0.0
0.04708411 -0.004802082 -5.15377 -5.032191 0.4376226 0.2698752 0.3003031 18.31557 1.570541 0 0.0
0.04294835 0.01678522 -5.08531 -7.058793 2.366288 1.468019 0.5923107 19.86089 0.2996807 0 0.0
0.004784578 -0.01185418 -5.670089 -3.021963 0.876532 0.5420799 0.3347723 18.02281 1.126389 0 0.0
-0.01601637 -0.02321168 -2.890068 -4.028366 1.175469 0.9137071 0.1138663 19.43404 1.056814 0 0.0
0.04295174 0.0248018 -6.94978 -10.85009 1.92088 1.203841 0.4666924 19.75724 nan 0 0.0
0.006168766 0.03176681 -11.8958 -8.898592 1.071441 0.730163 0.3471919 18.83104 1.423447 0 0.0
-0.02746744 -0.01751498 -4.209684 -0.3116017 1.039719 0.7903033 0.4815396 19.03924 nan 0 0.0
0.05193402 -0.02895149 -2.207404 -4.251733 1.039465 0.6431883 0.6814277 19.16883 1.36437 0 0.0
0.05199316 -0.01721941 6.125246 -1.777702 0.8382549 0.5452379 0.3225553 18.87217 1.72204 0 0.0
0.02458532 0.01940821 -5.876958 -5.867973 0.1010858 0.06551018 0.1969388 14.70411 2.382697 1 0.0
0.01538808 0.007031334 -2.261898 -7.030498 0.1619108 0.09908437 0.2276336 16.48358 1.695444 0 0.0
0.008796437 -0.01081685 -3.877586 -0.7433406 0.0942097 0.0582246 0.2078347 15.51311 1.616701 0 0.0
-0.007356454 -0.01935784 -5.968388 -2.469828 1.659088 1.191133 0.5221426 19.5291 nan 0 0.0
-0.01676272 -0.007960644 -4.063153 -5.644965 0.4469592 0.2956503 0.8268673 17.26421 nan 0 0.0
-0.009136999 -0.01247627 -3.297845 -0.818165 0.1436859 0.08522612 0.2776551 15.77192 1.660186 0 0.0
-0.009352896 0.0239102 -4.365377 -0.6129791 0.4873406 0.3340112 0.5709008 17.69348 1.609568 0 0.0
0.04595075 -0.04323464 -5.367963 -5.076306 0.9012452 0.5130215 0.7148475 18.61275 1.629295 0 0.0
-0.02080372 0.004299045 -5.99839 -7.514087 0.5044081 0.3297478 0.3191765 18.47469 nan 0 0.0
-0.02632857 -0.004065963 3.246328 0.5591714 1.135817 0.6863481 0.3536637 19.11896 nan 0 0.0
0.06331496 -0.05263578 -2.219181 -5.313871 0.1777668 0.1161776 0.2209266 16.50967 1.989017 0 0.0
-0.03257313 -0.002211926 12.81177 8.844422 2.20445 1.312606 0.3584242 19.73944 nan 0 0.0
0.008741635 -0.03011921 -3.977697 -1.165257 0.09702179 0.0607759 0.1703528 15.57095 1.823785 1 0.9943434
0.04372091 0.02111076 -0.1668003 -3.84208 1.71631 1.129642 0.5699387 18.95911 1.523706 0 0.0
0.05366493 -0.02087095 1.667366 -3.260732 1.998363 1.430136 0.7594649 19.64851 1.749348 0 0.0
0.06275629 -0.05418038 -9.804328 -6.451792 0.9022896 0.7359364 -0.1655923 19.15586 nan 0 0.0
0.06793846 -0.009254216 -3.166034 -1.220058 0.586524 0.3787453 0.3311955 18.9573 1.373442 0 0.0
-0.004248585 -0.01083563 -12.4589 -6.704045 1.716485 0.8739014 0.1560131 18.7217 nan 0 0.0
-0.01340836 -0.05823212 -6.450144 -4.486513 1.312272 0.8199743 0.596022 19.55854 1.232208 0 0.0
0.0626065 -0.03874221 -1.266979 -1.640278 0.981336 0.6159879 0.6580561 19.20716 1.486948 0 0.0
0.05802254 -0.0193818 -2.49747 0.08827222 1.083524 0.6611984 0.546676 19.11556 1.568817 0 0.0
0.04289263 0.01071034 0.869874 0.8256545 2.170324 1.258752 0.4795568 19.52419 1.244354 0 0.0
-0.02574196 -0.01224452 -1.339409 -3.39823 1.763014 1.221558 0.2895626 19.80231 1.394733 0 0.0
0.05487194 0.0004926188 -5.622806 -3.885708 0.8371169 0.5525681 -0.07861893 18.68047 1.49963 0 0.0
0.03107136 0.02416527 0.1327217 -2.287863 0.6959381 0.4835367 0.2762704 18.84488 1.292177 0 0.0
0.04299839 0.009430462 -1.849047 -3.092073 0.2909959 0.199984 0.5052446 17.55489 1.296011 0 0.0
0.008318921 -0.002130743 0.1245446 1.966963 0.2909205 0.176372 0.3400536 15.48636 1.625022 0 0.0
0.004599754 0.01354027 -4.502209 -1.393656 0.3707207 0.2533409 0.5047146 17.46761 nan 0 0.0
-0.03925944 -0.02664743 -4.524299 -5.733765 1.507602 1.043149 0.2400961 19.80042 1.065542 0 0.0
0.01009766 -0.01702348 0.03813133 -5.467694 1.370756 0.8321266 0.5476141 19.39387 1.293053 0 0.0
-0.01118398 -0.001038107 -1.40261 -1.343564 0.4182499 0.2735498 0.2503236 16.92736 nan 0 0.0
0.06486737 0.007755626 -5.829563 -8.141629 0.5535372 0.3476556 0.407154 18.60468 nan 0 0.0
0.005689211 0.0116939 -4.372386 -0.3460882 0.7188802 0.4913261 0.8455763 17.66397 1.380035 0 0.0
-0.02837281 -0.009988832 -7.022709 -6.278837 0.2232787 0.1483168 0.3527166 16.69514 1.92754 0 0.0
0.03407319 0.01994144 -3.526714 -7.284025 0.1571811 0.09755782 0.2320718 16.71817 1.884209 1 0.0
0.008584979 0.002036792 -4.371514 -1.348403 0.1038919 0.06353347 0.2231529 15.32089 1.820369 0 0.0
0.01108554 0.02788303 -4.025472 -1.104932 0.3335041 0.2351269 0.5292646 17.73586 1.778515 1 0.9860263
0.008505131 0.0004479771 -3.651862 -0.9713491 0.2426818 0.1480469 0.3475787 16.63749 1.665144 0 0.0
-0.002149002 -0.04332915 -4.563418 -1.185457 0.2131041 0.1392715 0.3155277 17.12101 1.742426 1 0.9338763
0.005714555 -0.01014715 -5.66551 -1.976325 0.5412959 0.3295188 0.4549974 18.16879 nan 0 0.0
