data/gcs/NGC_6441.ecsv
# %ECSV 0.9
# ---
# datatype:
# - {name: x, unit: deg, datatype: float64}
# - {name: y, unit: deg, datatype: float64}
# - {name: pmx, unit: mas / yr, datatype: float64}
# - {name: pmy, unit: mas / yr, datatype: float64}
# - {name: pmx_e, unit: mas / yr, datatype: float64}
# - {name: pmy_e, unit: mas / yr, datatype: float64}
# - {name: pm_corr, datatype: float64}
# - {name: g_mag, unit: mag, datatype: float64}
# - {name: bp_rp, unit: mag, datatype: float64}
# - {name: filter, datatype: int64}
# - {name: memberprob, datatype: float64}
# meta: !!omap
# - comments: [deg deg mas/yr mas/yr mas/yr mas/yr dimless mag   mag   zeroone float]
# - __serialized_columns__:
#     bp_rp:
#       __class__: astropy.units.quantity.Quantity
#       unit: &id001 !astropy.units.Unit {unit: mag}
#       value: !astropy.table.SerializedColumn {name: bp_rp}
#     g_mag:
#       __class__: astropy.units.quantity.Quantity
#       unit: *id001
#       value: !astropy.table.SerializedColumn {name: g_mag}
#     pmx:
#       __class__: astropy.units.quantity.Quantity
#       unit: !astropy.units.Unit {unit: mas / yr}
#       value: !astropy.table.SerializedColumn {name: pmx}
#     pmx_e:
#       __class__: astropy.units.quantity.Quantity
#       unit: !astropy.units.Unit {unit: mas / yr}
#       value: !astropy.table.SerializedColumn {name: pmx_e}
#     pmy:
#       __class__: astropy.units.quantity.Quantity
#       unit: !astropy.units.Unit {unit: mas / yr}
#       value: !astropy.table.SerializedColumn {name: pmy}
#     pmy_e:
#       __class__: astropy.units.quantity.Quantity
#       unit: !astropy.units.Unit {unit: mas / yr}
#       value: !astropy.table.SerializedColumn {name: pmy_e}
#     x:
#       __class__: astropy.units.quantity.Quantity
#       unit: &id002 !astropy.units.Unit {unit: deg}
#       value: !astropy.table.SerializedColumn {name: x}
#     y:
#       __class__: astropy.units.quantity.Quantity
#       unit: *id002
#       value: !astropy.table.SerializedColumn {name: y}
# schema: astropy-2.0
x y pmx pmy pmx_e pmy_e pm_corr g_mag bp_rp filter memberprob
[from data line 37271]
0.1446643 0.07719128 -3.910987 -8.43138 1.034535 0.8216804 0.2539631 19.37573 1.363602 0 0.0
0.1376682 0.06439833 -2.267687 -4.604826 1.484416 1.049166 0.6760665 19.72872 1.488428 0 0.0
0.1501258 0.0402391 -2.513185 -4.453315 1.17546 0.8880614 0.448887 19.43391 1.52281 0 0.0
0.1385096 0.07131667 0.7570509 -3.665631 1.279948 0.9651309 0.6912006 19.57994 nan 0 0.0
0.1505551 0.06017389 -1.971884 -4.743266 0.1684426 0.1316216 0.0321672 16.83034 1.939323 1 0.0004259923
0.1401898 0.05700846 -0.4106881 -9.670087 1.420008 1.06769 0.416711 19.5918 nan 0 0.0
0.1338419 0.06488964 -3.402292 -3.077078 0.440302 0.3347673 0.2369574 17.56444 1.385036 0 0.0
0.1448139 0.05333004 -4.451942 -4.141228 0.133067 0.1036166 0.03451718 16.48847 1.986366 1 0.0
0.136275 0.06230657 -0.3805152 -2.837968 1.696103 1.243122 0.6051139 19.77391 nan 0 0.0
0.1449607 0.07922395 -1.816258 -2.348812 1.290305 0.9671076 0.2951007 19.61481 nan 0 0.0
0.1528961 0.03640743 -0.3754125 -6.389411 0.1505908 0.1177894 -0.08087113 16.49979 1.917695 1 0.0
0.1537042 0.03838181 -1.367399 -0.2118715 1.376086 1.014147 0.3025055 19.68209 nan 0 0.0
0.1598601 0.04554456 -3.321624 -11.97632 0.8294986 0.6224761 0.4762478 19.25112 1.480337 0 0.0
0.152014 0.05835137 -2.218149 -4.778405 0.4801362 0.3762381 -0.05460243 18.13207 1.906994 0 0.0
0.1396181 0.07754023 3.06322 -5.525424 0.8571939 0.6526549 0.398911 19.23344 nan 0 0.0
0.151294 0.03948147 -2.632484 0.7230157 0.251843 0.199284 -0.02716839 16.81256 1.544976 0 0.0
0.1617891 0.03581679 -1.193552 -3.652051 0.8085443 0.6078338 0.2740607 19.11499 1.507322 0 0.0
0.1509089 0.04193128 -2.168969 -4.84493 0.4958362 0.3758718 0.05967629 18.77717 1.484022 0 0.0
0.1343651 0.07127452 -2.920881 -6.720908 0.280953 0.2095927 0.3316053 17.7229 1.889652 1 0.0
0.1438609 0.06490947 0.9655049 -2.124547 0.3833459 0.2821786 0.2263774 18.18621 1.530918 0 0.0
0.1618024 0.03064021 -1.295563 -8.570715 1.332199 0.9277611 0.4837284 19.61758 nan 0 0.0
0.1366143 0.07479911 -3.71193 -7.389512 1.703721 1.257484 0.5473917 19.89804 1.356207 0 0.0
0.1304113 0.0687103 -6.431096 -7.094586 2.524481 1.980846 0.2797804 20.25809 nan 0 0.0
0.1633781 0.02684883 -2.778069 -6.951779 1.280735 0.9698088 0.4188195 19.66603 1.514196 0 0.0
0.1550791 0.04339535 -1.021009 -4.682174 2.393656 1.990535 -0.2122825 19.48515 1.358494 0 0.0
0.136312 0.0693637 -4.717333 -2.784376 0.2805536 0.2096937 0.3297869 17.70571 1.395214 0 0.0
0.1589609 0.04674808 -5.226755 -3.5023 1.937317 1.279602 0.3410804 19.83381 1.404629 0 0.0
0.1580271 0.03131955 -5.247646 -5.205131 0.4909867 0.3743253 0.1482743 18.73598 1.616011 0 0.0
0.1358105 0.07520872 -2.326332 -5.142692 0.4080634 0.3192845 0.08959234 17.84144 1.341246 0 0.0
0.1564953 0.05657225 -2.695135 -3.965999 0.1679961 0.1306575 0.04031819 16.92846 1.861527 0 0.0
0.1520735 0.03935785 1.953553 -3.442907 0.9382172 0.7044872 0.4530353 19.38221 1.378273 0 0.0
0.1590094 0.0466221 -3.584699 -4.623594 2.286199 1.805267 0.7036478 19.63463 1.668657 0 0.0
0.1401913 0.08431027 -4.302929 -5.072222 0.09362142 0.07283212 0.01726227 15.67937 2.090985 1 0.0
0.1453634 0.07302429 -8.068921 -3.249064 1.82714 1.402638 0.04177594 19.60287 1.727606 0 0.0
0.1607105 0.03278258 -1.910111 -7.855845 1.204347 0.9396311 0.333371 19.53019 nan 0 0.0
0.1537341 0.04107493 -4.693928 -2.467353 1.239965 0.962529 0.3371866 19.62657 1.296482 0 0.0
0.1592187 0.03019172 -2.742972 -2.062504 1.287711 0.9283306 0.2301484 19.48858 1.646839 0 0.0
0.1401658 0.05721068 -2.10687 -0.6476146 0.758424 0.603761 -0.2477422 18.94639 1.680857 0 0.0
0.1304085 0.06707762 2.388123 -4.508683 0.1026718 0.08244415 -0.008327018 15.88727 1.747203 1 0.0
0.1406109 0.07385721 -5.077076 -16.82843 0.3108832 0.2323371 0.3348956 17.54082 1.302629 0 0.0
0.1508571 0.05265452 -1.097117 -8.442494 1.37833 0.9655207 0.5707067 19.61086 0.4388924 0 0.0
0.1492932 0.05060148 -0.8357507 -3.632091 0.8291254 0.6194295 0.465886 19.28745 1.417608 0 0.0
0.1478679 0.05713504 -4.495565 -5.933698 1.0341 0.7755085 0.5321672 19.40668 nan 0 0.0
0.1501236 0.06385212 -3.422413 -4.364275 0.1240216 0.09648212 -0.09222841 15.92474 1.80039 1 0.0
0.1441263 0.06345938 2.288971 -0.3179979 0.6292504 0.4953955 0.2708954 18.93712 1.735168 0 0.0
0.1441024 0.06371119 -3.144145 -2.902847 0.6248592 0.4810576 0.188078 19.02544 nan 0 0.0
0.1528823 0.06589511 -3.764278 -2.586149 1.341457 1.083927 -0.0585663 19.44429 1.4296 0 0.0
0.1538743 0.06220048 -3.180385 0.7231527 2.018082 1.498613 0.5378362 20.01818 1.038353 0 0.0
0.1529248 0.05066673 -3.330128 -2.643029 1.496746 1.087301 0.5719906 19.58281 0.9781055 0 0.0
0.153161 0.05905479 -1.26744 -5.692785 1.23138 0.873375 0.1091415 19.76923 nan 0 0.0
0.154477 0.05893005 -4.036504 -3.387365 1.158542 0.8691546 0.4153751 19.69917 nan 0 0.0
0.130928 0.0714827 0.2316634 -0.8489323 0.2283969 0.1791795 0.417746 17.19532 1.736259 1 0.0
0.147471 0.06610418 0.5070525 -7.7674 1.892487 1.35338 0.5174761 20.0721 1.336222 0 0.0
0.1508137 0.05535541 3.747457 -3.554462 1.159749 0.8675703 0.2517544 19.52811 1.45809 0 0.0
0.1572755 0.04487857 -1.204188 -6.626303 1.036921 0.7661951 0.1253113 19.4486 1.53758 0 0.0
0.1559051 0.04213863 -0.3523343 -3.02733 0.1622106 0.1196787 0.2070711 16.71373 1.435402 1 0.0
0.1522911 0.03851436 -5.58225 -3.620416 0.1579494 0.12247 0.1120556 16.80219 2.031594 1 0.0
0.1534784 0.04721331 -4.058387 -5.354753 2.148233 1.558397 0.563873 19.96649 1.113239 0 0.0
0.161791 0.03672088 -4.359889 -4.024886 1.967496 1.380202 0.6257105 19.88539 nan 0 0.0
0.1559356 0.04513692 -4.06276 -1.236206 1.52593 1.090797 0.6168808 19.78671 1.339451 0 0.0
0.1551359 0.05926822 -5.264561 -4.723862 0.2229978 0.1767408 0.05210223 16.86786 1.901361 0 0.0
0.1483107 0.07168345 -1.756022 -1.696936 1.79953 1.24171 0.7219205 19.88074 1.32589 0 0.0
0.134859 0.07483276 -0.4876648 -0.4442145 1.844828 1.5817 0.7115717 19.75521 1.526945 0 0.0
0.1531775 0.04302919 -2.523611 -7.331759 0.2884602 0.2155008 0.2127498 17.24149 1.961346 0 0.0
0.1393264 0.07804049 1.173871 -1.275716 0.2755518 0.2039014 0.2749389 17.52394 1.530132 0 0.0
0.1317058 0.07013477 -8.008398 -2.24897 0.4909221 0.3724373 0.1813881 18.6711 1.129232 0 0.0
0.1406565 0.07215196 -4.029133 -5.709907 0.231524 0.1714921 0.2810951 17.34926 1.784605 1 3.457989e-06
0.1553514 0.04544329 -0.4484243 -3.968021 0.3936594 0.303108 0.0877261 18.29521 1.849745 0 0.0
0.1397131 0.07615151 -4.318299 -6.962218 0.4882019 0.3667538 0.1742686 18.80315 1.23064 0 0.0
0.1367581 0.07339122 2.886475 -6.999977 0.8474539 0.6657106 0.009837657 18.56283 1.436296 0 0.0
0.1375066 0.06939588 6.152888 -2.88902 1.749345 1.426671 -0.01033363 19.43271 1.099253 0 0.0
0.1362439 0.07216763 -4.76915 -7.54344 0.6753839 0.4752087 0.3542143 18.93371 1.345762 0 0.0
0.1369609 0.07774725 -0.7113216 -6.963176 1.425995 0.9479721 0.5698316 19.57265 1.331392 0 0.0
0.1397522 0.07089096 -9.326461 -2.492376 1.418051 1.095409 0.2036351 19.69512 1.070442 0 0.0
0.1582253 0.03288317 0.794389 -6.101271 2.527208 2.082601 0.3232234 20.1213 1.1014 0 0.0
0.1553523 0.04592776 -4.872047 -8.585564 0.5628979 0.4414183 -0.0368466 18.28482 1.613964 0 0.0
0.1543426 0.05274669 -5.198307 -2.791516 0.1737802 0.1383227 0.07616206 16.88196 2.013312 0 0.0
0.1396027 0.0824307 -3.217922 -4.099489 1.462042 1.105414 0.3940211 19.57707 1.293901 0 0.0
0.1391327 0.07875038 -2.207442 -3.694593 1.135605 0.8435982 0.4289463 19.599 nan 0 0.0
0.1440868 0.06837279 -2.210357 -6.141764 1.624975 1.183845 0.3500958 19.5996 1.659977 0 0.0
0.1519538 0.05260655 -6.589591 -2.939642 0.1937699 0.1425044 0.1911905 17.04716 1.837393 1 0.0
0.14457 0.06608687 -6.379574 -8.598948 1.472828 1.109392 0.3359726 19.93602 1.42152 0 0.0
0.1322164 0.06932517 -2.401344 -4.907407 0.2849756 0.2195004 0.2336019 17.91798 1.928968 0 0.0
0.1369592 0.07677069 -0.9489337 -1.499121 1.11127 0.8232984 0.4779067 19.55168 1.251282 0 0.0
0.1537151 0.04375671 -13.84382 -10.91814 0.09341076 0.07292028 0.01901712 15.65908 1.492566 1 0.0
0.1551103 0.05870751 -3.507017 -2.998805 0.5122148 0.3810576 0.1013289 18.79267 nan 0 0.0
0.1634962 0.02515485 -4.769345 -5.37636 0.6039798 0.4584233 0.2272948 18.94026 1.409281 0 0.0
0.1390325 0.07731624 -4.958932 -7.182692 0.111938 0.08770681 0.004466921 15.58556 2.351613 1 0.0
0.1380512 0.06051808 -4.251883 -5.048832 0.9966635 0.7414782 0.5101848 19.52296 1.823065 0 0.0
0.1326592 0.07159795 -3.095475 -6.399256 0.2534626 0.2002177 0.2319746 17.37794 1.744419 1 0.0001650451
0.1588398 0.03543774 -2.781453 -6.161577 0.8248833 0.6063063 0.5084604 19.20993 1.293709 0 0.0
0.1381081 0.06502314 3.312342 -2.634115 0.6398892 0.4491075 0.4387954 18.7186 1.739761 1 0.0
0.1597677 0.03632843 -7.797772 -7.187074 2.201004 1.768829 0.4404961 19.93734 nan 0 0.0
0.1536753 0.06022487 -4.263488 -5.438362 0.1446 0.1137201 0.08335849 16.56837 2.149182 0 0.0
0.1439065 0.07613986 -2.575172 -2.499853 0.2273166 0.1675309 0.2672572 17.29683 1.790195 1 0.0
0.1401167 0.07025323 -7.792261 -6.63082 0.9891243 0.7459988 0.5102639 19.47935 nan 0 0.0
0.1321445 0.0700539 1.360833 -3.404715 1.497193 1.027509 0.5249918 19.87201 nan 0 0.0
0.1526591 0.05188416 -4.446606 -7.936291 0.605709 0.4545414 0.2452081 18.45373 1.775171 0 0.0
0.1376753 0.06831983 -2.42289 -6.155662 0.2262997 0.168639 0.2721307 17.21669 nan 0 0.0
0.1499644 0.06962789 -2.481247 -2.683179 0.4797143 0.3619464 0.175525 18.78307 1.469732 0 0.0
0.1371607 0.0668521 -0.5126181 2.060824 1.06339 0.8050815 0.3503097 19.36407 1.269594 0 0.0
0.1576941 0.04697961 -1.385619 -5.327727 0.5324246 0.4098825 0.1168018 18.75917 1.683073 0 0.0
0.1456171 0.05273341 0.2984686 -0.6158371 2.125579 1.67277 0.4047286 19.93359 nan 0 0.0
0.1318314 0.07223264 0.03493219 -2.340364 0.5163882 0.4018994 0.1758918 18.46812 nan 0 0.0
0.1528065 0.06454868 -4.244078 -7.788378 0.1829503 0.1521229 -0.6573377 15.79501 2.241795 1 0.0
0.1614565 0.02836738 1.346584 -3.368121 0.9113275 0.6963296 0.3424962 19.38971 1.450859 0 0.0
0.1512797 0.04456269 -9.057764 -5.27324 0.1598317 0.1216431 0.1867685 16.72853 1.290188 0 0.0
0.1582086 0.04824502 -3.045445 -6.09885 0.3929372 0.2779121 0.1367056 18.17573 1.803207 0 0.0
0.1418753 0.08517308 -0.2302588 -4.364271 0.8870023 0.6723135 0.4388957 19.33848 0.8516502 0 0.0
0.1441232 0.07471657 -0.995627 -2.552445 1.261699 0.9593483 0.5119336 19.67131 1.572964 0 0.0
0.1325549 0.06774529 -0.1727467 -3.39324 0.4790171 0.3716839 0.4090225 18.48462 1.4576 0 0.0
0.1436434 0.07886406 -5.936695 -4.15549 0.3261818 0.2505355 0.1097204 18.03704 1.382414 0 0.0
0.1391618 0.08136721 -1.884782 -2.273863 2.256661 1.365289 0.8167917 19.74252 1.309343 0 0.0
0.1637266 0.0302775 -0.1040813 0.4737973 0.6301763 0.4785126 -0.2893962 18.69348 1.975912 0 0.0
0.1349107 0.07647681 0.7442637 -2.477379 0.8207206 0.6162254 0.4382971 19.22343 nan 0 0.0
0.1377387 0.0629715 -1.859408 -4.114357 0.3022193 0.2321324 0.1435962 18.01012 nan 0 0.0
0.1585301 0.03882584 -1.001513 -4.916105 0.1168901 0.08566437 0.1873875 15.91099 1.694749 1 0.0
0.1405739 0.06704804 -3.779164 -10.24595 1.368432 0.9479209 0.6318879 19.51523 nan 0 0.0
0.1360352 0.07817234 -6.328233 -3.361158 0.1320994 0.1031627 0.01331247 16.16991 1.906058 1 0.0
0.1470046 0.07706853 5.495691 3.5883 2.46426 1.896992 0.2280173 19.66473 1.216705 0 0.0
0.1359822 0.07578443 -5.138283 -0.07263812 1.258689 1.003703 0.5214998 19.66053 nan 0 0.0
0.1532575 0.05854343 0.9187699 -9.64719 1.599203 1.146078 0.2578267 19.84053 nan 0 0.0
0.1445251 0.06809348 -2.036518 -5.71549 2.689163 1.67833 0.8099879 19.84816 nan 0 0.0
0.1572329 0.04785031 -2.17724 -2.774279 0.5991613 0.4545405 0.08494167 19.00936 1.628551 0 0.0
0.148817 0.06881762 2.588404 -0.3244017 0.7454736 0.5857244 0.0887437 18.73378 nan 0 0.0
0.140617 0.07716073 -4.876059 -2.5024 1.187581 0.8849605 0.5183249 19.73841 0.7980976 0 0.0
0.1510033 0.06489942 -2.880809 -7.31842 0.4111636 0.3406186 0.1103467 18.12923 1.891502 0 0.0
0.141991 0.08183881 -1.903122 -0.6179534 0.4030563 0.3101592 0.1019819 18.26515 1.415701 0 0.0
0.1577751 0.05078651 -3.319082 -4.318691 0.6495057 0.4776252 0.292799 18.95087 1.261906 0 0.0
0.1389829 0.06349185 -2.70082 -6.795934 0.5104932 0.3797537 0.2834546 18.45629 1.465181 0 0.0
0.1450367 0.05512634 -7.751113 -10.61997 2.460558 1.90595 0.4002478 19.87317 1.59897 0 0.0
0.1386381 0.06156224 -11.38267 -4.49851 1.163647 0.8830481 0.5316787 19.65542 1.68392 0 0.0
0.1394929 0.06248384 -1.755733 -8.982902 0.3025635 0.2284027 0.5124045 17.58809 1.901779 0 0.0
0.1530359 0.04530685 -9.257309 -5.582596 1.042111 0.834257 0.07932893 19.22607 nan 0 0.0
0.1485736 0.05650805 -3.551737 -1.521105 0.3571557 0.2792158 0.2320113 18.21558 1.460793 0 0.0
0.1407963 0.08182578 -1.845888 0.1572606 0.1557026 0.120245 0.0730992 16.85348 1.843644 1 0.0
0.1617003 0.03987964 -0.9490322 2.290986 0.3239412 0.2551513 0.1930563 17.58338 1.75885 0 0.0
0.1615029 0.02728391 -2.857863 -2.937812 0.1146847 0.08939461 -0.009983168 15.15185 2.838212 1 0.0
0.1517904 0.05621177 -5.287208 -8.74358 0.451574 0.3761777 -0.3052668 18.33591 1.863342 0 0.0
0.1374425 0.06090066 -1.170948 -5.813032 0.6341006 0.4976567 0.1070308 18.30096 1.59927 0 0.0
0.1511873 0.05937155 -4.037614 -2.429318 1.646709 1.27606 0.3890074 19.81963 nan 0 0.0
0.1460663 0.07093249 -0.2007854 -8.309377 1.118826 0.8762453 0.2890117 19.19104 2.075079 0 0.0
0.1503223 0.04105888 -5.694693 -5.072711 0.7991533 0.5747992 0.2374937 19.06374 1.794931 0 0.0
0.1488434 0.05736965 -3.989811 -1.563368 1.29639 0.9358269 0.6683483 19.58907 nan 0 0.0
0.1493051 0.05666302 -2.778122 -6.09877 0.4757154 0.3592978 0.1426257 18.69643 1.645494 0 0.0
0.1574138 0.05285865 0.04468031 -5.364137 0.493535 0.3648531 0.1687244 18.63579 1.306931 0 0.0
0.1397109 0.07498803 -2.767258 -3.038646 0.9682105 0.7343734 0.4785459 19.48746 0.9236946 0 0.0
0.1373066 0.08017277 -2.296338 -3.089097 1.179266 0.8868042 0.5077269 19.51128 1.527119 0 0.0
0.1426441 0.05304804 -4.206236 -4.965022 1.413327 1.044908 0.6069266 19.75422 1.530727 0 0.0
0.1565955 0.03423314 -2.847863 -7.339384 1.743238 1.243433 0.6145306 19.81946 nan 0 0.0
0.1566333 0.05257034 -5.933128 -4.12227 2.164333 1.649405 0.4216211 19.40899 1.547823 0 0.0
0.1569863 0.03467102 -2.233234 -5.992824 1.34418 0.9583029 0.6444134 19.67569 1.199724 0 0.0
0.1465014 0.05634804 -3.537813 -6.461174 0.5463902 0.4155133 -0.2469691 18.27114 nan 0 0.0
0.1406595 0.06059722 0.4598444 -6.106478 1.46976 1.1467 0.7260971 19.20114 nan 0 0.0
0.1527759 0.06147409 -6.885854 -0.006392143 1.757256 1.378208 0.2610751 19.18042 1.588686 0 0.0
0.1400153 0.05493358 -1.52665 -4.500856 1.35676 0.975485 0.448581 19.5841 1.847589 0 0.0
0.1523711 0.0419398 -6.747138 -2.205153 1.95792 1.445127 0.6197463 19.99113 1.352406 0 0.0
0.1343994 0.06306904 -3.79571 -3.318796 0.9310846 0.6987301 0.4870409 19.47212 1.224667 0 0.0
0.1631457 0.03210981 1.621755 -4.35002 2.393293 1.716748 0.4122348 19.64334 nan 0 0.0
0.1457483 0.07034945 -1.793997 -6.723137 0.1026196 0.08036116 -0.01984162 15.08202 2.596904 1 0.0
0.1507931 0.05728188 -4.580123 -4.559091 0.1720791 0.1361101 -0.02332911 13.58787 3.795507 1 0.0
0.1526455 0.04510546 -3.068799 -4.243052 0.1586296 0.121784 0.1290562 16.78033 1.837984 1 0.0
0.1435227 0.06658476 -9.681516 -5.009729 0.1741185 0.1355416 0.03535947 16.94549 1.851706 1 0.0
0.1519002 0.03798871 -0.8567875 -5.933904 1.604877 1.136549 0.5964355 19.44314 nan 0 0.0
0.1513136 0.06161434 -3.875124 -6.365817 0.3224992 0.2422056 0.1660995 17.09312 1.712686 0 0.0
0.1464166 0.06290568 -2.369614 -6.109313 0.632985 0.4749976 -0.3547837 18.53652 1.892984 0 0.0
0.1494288 0.04518434 -4.658329 -8.039501 0.1537706 0.1214036 0.2390642 16.5931 2.013069 1 0.0
0.1581083 0.03519512 -0.07252686 -3.519484 1.550061 1.161625 0.4769824 19.91258 0.1492233 0 0.0
0.142895 0.06983607 0.02086014 -2.92402 1.498787 1.026352 0.5386055 19.67868 nan 0 0.0
0.1484749 0.04340855 2.148507 -1.900976 0.3776887 0.2687287 0.4564498 17.80316 1.49864 1 0.0
0.1221864 0.09313805 -4.82733 -6.909937 1.393951 0.9997442 0.5621642 19.16639 1.257828 0 0.0
