data/gcs/NGC_2419.ecsv
# %ECSV 0.9
# ---
# datatype:
# - {name: x, unit: deg, datatype: float64}
# - {name: y, unit: deg, datatype: float64}
# - {name: pmx, unit: mas / yr, datatype: float64}
# - {name: pmy, unit: mas / yr, datatype: float64}
# - {name: pmx_e, unit: mas / yr, datatype: float64}
# - {name: pmy_e, unit: mas / yr, datatype: float64}
# - {name: pm_corr, datatype: float64}
# - {name: g_mag, unit: mag, datatype: float64}
# - {name: bp_rp, unit: mag, datatype: float64}
# - {name: filter, datatype: int64}
# - {name: memberprob, datatype: float64}
# meta: !!omap
# - comments: [deg deg mas/yr mas/yr mas/yr mas/yr dimless mag   mag   zeroone float]
# - __serialized_columns__:
#     bp_rp:
#       __class__: astropy.units.quantity.Quantity
#       unit: &id001 !astropy.units.Unit {unit: mag}
#       value: !astropy.table.SerializedColumn {name: bp_rp}
#     g_mag:
#       __class__: astropy.units.quantity.Quantity
#       unit: *id001
#       value: !astropy.table.SerializedColumn {name: g_mag}
#     pmx:
#       __class__: astropy.units.quantity.Quantity
#       unit: !astropy.units.Unit {unit: mas / yr}
#       value: !astropy.table.SerializedColumn {name: pmx}
#     pmx_e:
#       __class__: astropy.units.quantity.Quantity
#       unit: !astropy.units.Unit {unit: mas / yr}
#       value: !astropy.table.SerializedColumn {name: pmx_e}
#     pmy:
#       __class__: astropy.units.quantity.Quantity
#       unit: !astropy.units.Unit {unit: mas / yr}
#       value: !astropy.table.SerializedColumn {name: pmy}
#     pmy_e:
#       __class__: astropy.units.quantity.Quantity
#       unit: !astropy.units.Unit {unit: mas / yr}
#       value: !astropy.table.SerializedColumn {name: pmy_e}
#     x:
#       __class__: astropy.units.quantity.Quantity
#       unit: &id002 !astropy.units.Unit {unit: deg}
#       value: !astropy.table.SerializedColumn {name: x}
#     y:
#       __class__: astropy.units.quantity.Quantity
#       unit: *id002
#       value: !astropy.table.SerializedColumn {name: y}
# schema: astropy-2.0
x y pmx pmy pmx_e pmy_e pm_corr g_mag bp_rp filter memberprob
[from data line 330]
-0.01963415 0.01176775 -1.750475 -2.105529 1.882716 1.378787 -0.05512925 20.62462 0.7533913 0 0.0
-0.05299249 -0.0181911 0.7954775 -0.2928252 0.2380358 0.1398768 0.09583383 17.77902 0.8617706 1 0.7416993
-0.0001456352 -0.005366766 -4.929767 -0.1494989 2.025151 1.066878 0.4204522 20.1923 nan 0 0.0
0.004569739 0.003090564 -9.386695 8.678381 2.217118 1.415131 0.1123675 20.49414 nan 0 0.0
-0.01109177 -0.003710322 -3.381353 10.30871 2.149265 1.216594 0.3824897 19.95612 nan 0 0.0
-0.004422156 -0.007315939 -1.163414 3.623679 2.771265 2.082021 -0.09838715 20.86049 nan 0 0.0
-0.03869335 -0.01761286 -0.3670801 -0.2928055 0.3419492 0.2383216 0.06641883 18.55928 1.276485 1 0.995555
-0.02475663 -0.01649374 -0.727321 -0.3281496 0.4988382 0.316558 0.110401 19.07899 1.140745 0 0.0
0.03393385 0.009263073 1.171393 0.8192717 0.8180074 0.5230002 0.5593825 19.23219 1.075184 0 0.0
-0.007701893 -0.01722624 -0.166151 -1.858007 0.9295569 0.64323 0.4073873 19.67722 0.9101257 0 0.0
0.0008172175 -0.06308312 0.2508244 -0.6770731 0.7230877 0.4649247 0.06847489 19.61605 1.02002 0 0.0
0.003108847 0.002243623 -2.615656 -0.2362926 0.7237651 0.4711171 0.09167142 19.1617 nan 0 0.0
0.0524789 0.05744254 0.1841548 -0.4032829 0.1901561 0.125876 0.1001729 17.53939 1.47716 1 0.9950874
-0.02224673 -0.02571469 -3.002213 -6.606373 0.5424481 0.3452173 0.1885278 19.00913 1.7328 0 0.0
-0.01414284 0.004983915 -1.093573 -3.191266 2.514957 2.515386 -0.412499 20.708 0.3869629 0 0.0
0.02781447 -0.0134027 2.692148 -5.210141 0.7434059 0.5058222 0.04952011 19.66451 1.340843 0 0.0
-0.01356784 -0.000425438 -0.3781794 -0.1848798 0.3295639 0.2161076 0.07029769 18.49996 1.130857 0 0.0
0.07667067 -0.06186305 -1.163633 -2.787624 0.561143 0.3672641 0.05689648 19.26755 1.215124 1 1.988817e-06
0.0567731 -0.01410263 -2.465307 -12.63016 2.246532 1.979249 -0.2476993 20.74833 1.966227 0 0.0
-0.04837913 -0.03921718 2.682657 -0.6552388 2.717308 1.346848 0.2766872 20.72455 0.6643467 0 0.0
-0.01043201 -0.0003153414 3.264994 0.1370743 1.960696 1.507517 -0.02238845 20.54023 nan 0 0.0
-0.03448968 -0.05889004 -2.123635 0.01805506 1.796426 1.72619 -0.3912013 20.34051 0.6714649 0 0.0
-0.01365116 -0.03227433 0.3305543 -0.5606118 0.3476452 0.2296776 0.1182282 18.44257 1.263226 1 0.9980814
-0.01150589 -0.0302987 0.9243243 -0.07471384 0.481649 0.3405879 -0.02289324 18.91465 1.102852 0 0.0
0.001321603 -0.01590295 4.580772 -7.276248 2.673478 1.566488 0.2697678 20.72983 0.4010086 0 0.0
-0.03241402 -0.04312106 1.729227 0.07025288 1.313974 0.7903152 0.1859964 20.20934 0.809536 0 0.0
-0.008483244 -0.09358872 -2.55625 -1.425833 1.924833 1.209507 0.1074371 20.70525 0.882576 0 0.0
0.01272254 -0.02403857 -0.05767145 -0.2500506 0.478419 0.3158781 0.01006949 18.95292 1.123596 0 0.0
-0.01790168 0.006110098 -0.006467924 -0.9043173 0.6710838 0.4886381 -0.0791087 19.49265 0.9796848 0 0.0
-0.002404245 -0.05333654 -0.4262963 -0.8350221 0.388251 0.2506982 0.113636 18.68486 1.203352 1 0.9922727
-0.002551301 -0.01068059 5.837925 -1.226544 3.667952 1.545119 0.4193048 20.60566 nan 0 0.0
0.00323341 0.005577674 2.509235 -3.943474 1.437786 0.7682486 0.5733795 18.68832 0.7976837 0 0.0
0.003702715 0.002499236 -3.279912 0.8731843 2.18074 0.9914659 0.248383 20.0351 nan 0 0.0
0.007658326 -0.001025228 -1.258147 -1.973853 1.136927 0.7410905 0.1776622 19.80824 0.7510357 0 0.0
-0.01813158 0.01277062 0.8163067 -0.6934206 1.602917 1.008367 0.1834987 20.41162 0.4751453 0 0.0
-0.04779849 -0.02406941 0.5304914 -0.6093318 0.5407778 0.3077641 0.1635221 19.10852 1.204397 1 0.9921328
-0.02224552 -0.002841769 0.1286938 -0.43936 0.5869432 0.3874028 0.06427815 19.35497 1.165707 0 0.0
-0.0208917 -0.003952257 -0.7518867 -0.4872546 1.035344 0.6825567 0.05882172 20.09749 0.78578 0 0.0
0.0007213868 0.008110563 0.443842 0.01767183 1.04107 0.7033583 0.165789 19.91911 nan 0 0.0
-0.01346387 0.01543224 -0.1010506 -0.4928133 0.9326634 0.6676852 -0.08101265 19.89325 0.7082596 0 0.0
0.001873415 0.008331836 -0.874577 -1.780372 0.6844653 0.4468812 0.08594014 19.09577 0.7846565 0 0.0
-0.02759982 0.004594954 -0.2955451 -0.04607351 0.9014457 0.5987807 0.0739774 19.90027 1.058294 0 0.0
0.01269871 0.009568908 -3.897752 1.576247 3.783015 1.878894 0.3926877 20.70751 0.3038731 0 0.0
-0.01933046 -0.006920534 -0.556736 0.1990598 0.8758649 0.5688327 0.07803432 19.87783 0.9975052 0 0.0
0.01296431 0.01843813 -0.1663942 -0.6220958 1.266799 0.8300141 0.09396024 20.25197 0.3070774 0 0.0
-0.00317709 -0.05773103 -0.02100771 0.1058114 0.6756841 0.4385427 0.05979164 19.52267 1.009071 0 0.0
-0.001753383 0.06913046 -0.02418808 -2.005156 1.663859 1.099973 0.1396976 20.52975 0.2759762 0 0.0
-0.008686502 -0.00493136 -3.236356 2.10884 1.949012 1.179362 0.1729643 20.30972 nan 0 0.0
-0.03299473 -0.01390784 0.02871869 -0.8826902 0.5408276 0.355371 0.07263039 19.23183 1.120481 1 0.9950587
-0.08461007 -0.01001229 -0.4401274 -1.813754 0.4722103 0.2929505 0.1414604 18.99022 0.8194733 1 0.02767861
-0.0085736 -0.004488869 -6.246909 -5.199547 2.286407 1.997875 -0.2303998 20.69441 nan 0 0.0
-0.001868227 -0.01118034 0.7414859 -1.073314 1.811506 1.059284 0.3361142 20.28532 0.9183502 0 0.0
-0.02679797 -0.01079766 0.006829893 -0.3971726 0.5107442 0.353838 -0.04778333 19.05723 0.9358521 0 0.0
0.0008461132 0.006283324 -3.955569 0.05973281 1.13703 0.7633441 0.04573727 19.79583 0.7160473 0 0.0
0.01297115 0.0135248 -0.8534809 -0.6624805 0.5646867 0.3711476 0.06284795 19.26662 0.8418388 0 0.0
-0.01463666 0.0005627808 0.705322 0.2356519 1.179946 0.66786 0.3281956 19.81573 0.6956253 0 0.0
-0.02095096 -0.003494476 0.2979292 -0.4066047 2.083169 1.420936 0.1865206 20.73047 nan 0 0.0
0.002431657 0.007103521 1.581661 -1.387109 1.333589 1.016863 -0.3758896 19.97803 nan 0 0.0
0.005930119 -0.001811221 0.1010199 -0.5978665 0.3629859 0.2352962 0.1400098 18.55735 0.8766556 0 0.0
0.0003828912 0.01023916 -29.29439 -14.62927 1.996375 1.511679 0.2753513 20.38811 nan 0 0.0
0.004973511 0.003983231 1.045312 1.011407 1.262035 0.7892685 0.1656483 19.96496 nan 0 0.0
-0.01047827 0.04836401 -2.24434 -0.3349723 1.527575 1.020504 0.112219 20.51812 0.3482552 0 0.0
-0.01455866 -0.02457228 -3.981262 -1.64957 3.541839 2.312787 0.5712454 20.75903 -0.007154465 0 0.0
-0.0231315 -0.006019129 0.6297399 -0.6091827 0.672917 0.4449935 0.08487065 19.44493 1.001265 0 0.0
-0.02481344 -0.02609531 -0.4397946 -0.5532533 0.3440875 0.2242959 0.146531 18.39486 1.31953 1 0.9975399
0.004785028 -0.01910714 -1.780219 -0.9010429 2.76837 1.282155 0.2056409 20.70002 0.7356739 0 0.0
-0.0389522 0.008674369 0.2486611 -0.3544502 0.2802194 0.17444 -0.0089412 17.96459 1.307373 1 0.9976806
0.006232969 -0.001277138 -4.850514 0.3692576 2.133584 2.052898 -0.2087557 20.6039 nan 0 0.0
-0.01283646 0.004407648 0.08285205 -0.6014306 2.035147 1.373923 0.006376988 20.62897 0.3724957 0 0.0
0.002817641 0.007408711 0.1998067 -0.8355759 0.5403393 0.3390132 0.1421996 19.11419 nan 0 0.0
-0.0008762369 -0.009429414 0.01476159 -0.2055649 0.5101439 0.3225044 0.1466002 19.00638 0.7501736 0 0.0
0.009279871 -0.002367808 -0.6106432 -2.179214 1.246878 0.8126825 0.1524685 20.03909 0.7881508 0 0.0
-0.008396402 0.03741556 -0.4975209 -1.388404 1.756336 1.099038 0.2043274 20.50665 0.2512131 0 0.0
-0.01562386 -0.03257528 4.214188 1.693355 3.035356 1.2317 0.3864766 20.60944 nan 0 0.0
0.003732218 0.006119385 -1.079305 -0.6186432 0.738161 0.4951337 0.105008 19.4231 0.754715 0 0.0
-0.02004551 -0.0150609 -0.4732887 0.7452827 1.397309 0.9599367 -0.06545418 20.02704 0.74473 0 0.0
-0.02524489 0.04707073 2.5394 -0.03013136 1.380784 0.9246873 0.1205898 20.3272 0.8177414 0 0.0
0.02143839 -0.02536399 -0.1756712 -0.675893 0.3315527 0.2349743 0.0655229 18.51475 1.16633 0 0.0
-0.01140708 -0.006983282 -0.1118229 -0.3884103 0.1788863 0.1120102 0.1482187 17.41044 1.34734 0 0.0
-0.01958203 -0.01456893 0.07044268 -0.7210835 0.507234 0.2915068 0.08029557 18.87534 1.183821 0 0.0
-0.03122645 -0.004688518 -4.570234 0.4860694 4.012563 1.592026 0.3259578 20.77304 0.784811 0 0.0
0.03735942 -0.06843296 -0.202043 -2.181739 1.591927 1.031988 0.1191835 20.39059 0.7897034 0 0.0
-0.04948747 -0.02655544 -7.387207 -0.3426677 3.094775 1.738341 0.4021114 20.65478 0.3163357 1 0.8352378
-0.01053163 0.008782726 -0.7263453 -0.777716 0.184924 0.1266429 -0.00840637 17.51288 1.340252 0 0.0
-0.0204672 -0.0148319 -2.624056 0.1023855 2.004393 1.299041 0.1033972 20.63796 0.5654011 0 0.0
-0.01973904 -0.02380427 -0.1588225 -0.5890355 0.279635 0.1836242 0.1512397 18.18406 1.307196 1 0.9991728
0.000721393 0.007500211 0.4703716 3.604382 1.276808 0.8089549 0.2359326 20.03702 nan 0 0.0
-0.0725336 -0.02088609 -0.06888586 -0.6481349 0.360299 0.221961 0.1375295 18.64639 1.108274 0 0.0
0.01366871 -0.03207978 -2.30568 -0.2053617 1.842908 1.322405 0.07292439 20.72478 0.5755901 0 0.0
0.01771059 -0.01443209 -2.975835 -1.673005 2.108764 1.127583 0.4021155 20.42037 nan 0 0.0
0.03225137 -0.03878383 0.03841776 0.1920963 1.282669 0.9134033 0.02210682 20.33512 0.7724495 0 0.0
-0.03420106 -0.05198176 -0.4732195 -0.2966497 0.2544658 0.1544575 0.1608505 17.97482 1.333422 1 0.9668088
-0.03611198 0.0003873447 1.090392 -1.564194 0.5313623 0.3416832 0.1406014 18.67813 1.208975 0 0.0
-0.0381628 -0.06956168 -2.069753 -1.450352 0.3678627 0.2203361 0.1043633 18.58343 0.8785839 0 0.0
0.006707769 0.00220191 0.09189042 -3.914533 1.118322 0.7984018 0.3274272 19.35196 0.8146267 0 0.0
-0.09283017 -0.023178 0.07579833 -1.967459 0.4043875 0.2391611 0.2302944 18.64819 1.502115 1 1.208171e-05
0.004789822 -0.002085965 1.734734 1.021339 0.8875865 0.6043385 0.07564553 19.19485 nan 0 0.0
-0.01075757 -0.03240071 1.0363 -0.05087507 0.9214701 0.649825 -0.06275893 19.92667 0.8072186 0 0.0
-0.008810588 0.0002451996 0.8965699 5.219892 3.66594 3.426738 0.08640384 20.84691 nan 0 0.0
0.005892342 0.02400283 0.9280238 -0.7674 1.24403 0.7991015 0.1204961 20.17523 0.8817005 0 0.0
-0.003632164 -0.006835332 -0.2446573 0.2249779 2.0616 1.191497 0.2283751 20.29547 nan 0 0.0
-0.02267491 -0.008376759 1.269677 -0.6852848 0.6328672 0.421613 0.06474683 19.46355 0.8715038 0 0.0
0.07190623 -0.04695638 0.3709385 -1.302521 0.5261285 0.3466592 0.07509889 19.14758 0.901865 0 0.0
0.02137239 -0.02318582 0.01562648 -0.8194531 1.036256 0.7877259 0.2742647 19.8897 0.8404713 0 0.0
0.04394562 -0.01944086 1.922373 0.06746793 1.750671 1.066798 0.1972096 20.44057 1.135254 0 0.0
0.001392531 0.002300789 -1.491717 -1.359169 0.3863411 0.2459491 0.05582367 18.33151 0.7567101 0 0.0
0.01727918 -0.0235684 -1.717588 0.2452966 1.63781 1.145468 -0.0339098 20.49478 0.2943745 0 0.0
-0.05470685 0.01585257 -1.368898 -1.701816 1.60281 0.9792809 0.2176816 20.49642 0.04897499 0 0.0
-0.0394131 0.002098084 1.260172 1.059864 1.358974 0.8761412 0.1327415 20.2878 0.8026123 0 0.0
-0.02179347 -0.0006866052 0.5125837 -0.5238868 0.7758583 0.5487657 0.2908683 19.55306 0.9659176 0 0.0
-0.04464115 -0.0009009911 -2.89331 -3.726244 2.716989 1.874141 0.5411349 20.73146 0.2256432 0 0.0
-0.03052095 -0.007694807 -0.6127817 -0.5946136 0.7473342 0.4960782 0.0174162 19.6662 1.141846 0 0.0
-0.01437762 -0.01069063 0.4550379 -0.3817533 0.7300233 0.5022874 0.06410756 19.61281 0.9208107 0 0.0
0.07084016 0.0506378 4.224615 -3.477884 3.954417 2.061064 0.1759761 20.93038 -0.3428822 0 0.0
-0.02881545 -0.02030691 -0.1292418 0.7674481 1.322154 0.798011 0.2281832 20.2092 0.7666702 0 0.0
0.06847288 -0.04868401 -1.206674 -1.071065 1.076894 0.7388619 0.01098743 20.09866 1.041431 0 0.0
-0.002580925 -0.008605397 -3.484482 -0.9220228 1.615602 0.9653664 0.236045 20.13926 nan 0 0.0
-0.03814633 -0.005619741 -4.378748 -3.027094 0.4720292 0.3392848 -0.1196997 18.81808 1.72629 0 0.0
0.001630072 0.002777631 0.1460837 -0.1607707 0.85068 0.5562083 -0.00183303 19.37182 nan 0 0.0
2.850499e-06 0.005463159 6.160568 -7.434994 3.379965 2.799946 -0.235284 20.73396 nan 0 0.0
-0.005172191 -0.0299256 -0.8243831 -0.3190044 0.5760788 0.3761382 0.061287 19.17406 1.064222 0 0.0
-0.07363006 -0.04710339 -0.09095375 -2.806626 1.292071 0.8245104 0.2553879 20.29933 0.2530308 0 0.0
-0.0001575288 -0.01203867 -0.4716988 2.12668 3.31881 2.420507 0.4077256 20.77649 0.7499676 0 0.0
-0.01348544 -0.06706439 -1.427079 0.3829919 1.776023 1.007878 0.2611302 20.52171 0.6716862 0 0.0
-0.008953189 -0.0002773961 -4.00043 -2.718703 2.989686 1.682947 0.08171347 20.62687 nan 0 0.0
-0.00791716 -0.02990246 -1.660013 -0.6226709 0.5483645 0.3532601 0.06910323 19.10095 1.091627 0 0.0
-0.02212011 0.01840224 -1.442073 -1.150324 3.345557 1.506419 0.3118406 20.69644 -0.1140232 0 0.0
-0.01410001 -0.01856041 -0.6383654 -0.2785171 1.026214 0.6684618 0.07508209 20.0558 0.9285336 0 0.0
-0.01029331 -0.0268008 -0.3337251 -1.386897 1.770373 1.10451 0.157983 20.58675 0.7194576 0 0.0
-0.009749923 -0.006876718 -11.87652 -8.887448 2.505297 2.12132 -0.2441239 20.44728 nan 0 0.0
-0.0125879 -0.03401021 0.3663086 -0.8761887 1.626188 1.077257 0.1812126 20.51844 0.7662773 0 0.0
-0.007290783 -0.00533206 0.3820881 -6.564797 2.053452 1.321981 0.1069381 20.06026 nan 0 0.0
0.005437221 -0.002478832 -2.125447 2.710474 0.7936095 0.5007478 0.1936138 19.05079 nan 0 0.0
-0.02274404 -0.001666685 -1.232538 -1.675249 1.156351 0.7627886 0.103316 20.19827 0.910223 0 0.0
0.002716827 0.003769486 0.2299497 -0.9874283 0.4053263 0.2595098 0.01934248 18.35583 nan 0 0.0
-0.01508517 0.06981487 -2.762608 -2.415908 1.275272 0.8610635 0.1561049 20.14142 0.7799339 0 0.0
0.002686981 0.007824508 -4.971184 0.3421635 3.300866 1.89367 0.325701 20.55137 nan 0 0.0
0.0001334957 0.006889856 -8.507882 -3.691519 2.406474 1.555785 0.3972875 20.11014 nan 0 0.0
0.002592103 0.004116618 -1.940198 -1.695274 2.309749 1.103435 0.8001889 19.33521 nan 0 0.0
-0.01376958 -0.03014189 -0.07735848 -0.5636937 0.2625608 0.1722353 0.1451448 18.00065 1.288921 1 0.9992866
0.00186758 0.004395068 -0.2814029 -2.963543 1.824799 1.089845 0.1799651 19.77189 nan 0 0.0
-0.03052851 0.01617757 0.04824633 -0.3778409 0.5239652 0.3363759 0.0666018 19.12919 1.014423 1 0.997059
-0.008882435 -0.05195892 6.039569 1.063427 3.398896 1.296531 0.2575515 20.70596 0.7403107 0 0.0
-0.01998153 0.001208767 0.2263142 -2.156162 0.6076428 0.399914 0.06904225 19.19901 0.7999439 0 0.0
-0.01516668 -0.006265416 -0.07714553 -0.7125657 0.8591531 0.5660174 0.08541682 19.84854 0.8932705 0 0.0
0.009865763 0.01266218 3.59005 1.199251 2.54359 1.243926 0.2783487 20.5825 0.1465816 0 0.0
0.0004185492 0.005299128 -2.848813 2.453427 1.631764 0.9612952 0.2972976 20.05686 nan 0 0.0
-0.003169054 -0.01079882 -2.476928 -1.292549 2.686568 1.363062 0.08708939 20.57671 0.6039505 0 0.0
0.04302972 -0.01772099 -1.001289 -0.9502437 2.117709 1.401434 0.08636192 20.7193 0.1949539 0 0.0
-0.0120198 -0.01255264 -0.8816114 -1.686787 0.9493895 0.6066167 0.1130777 19.90225 1.00742 0 0.0
0.0007154811 0.00486807 1.662921 -1.325139 1.611116 0.9036951 0.3924374 20.16426 nan 0 0.0
-0.009577029 -0.002081667 4.845976 -3.406616 2.045494 1.376857 0.2175855 20.47848 nan 0 0.0
-0.006125376 0.009465041 2.217943 0.5191936 2.014689 1.179263 0.2688977 20.3905 0.7651405 0 0.0
-0.03341095 0.0104759 -0.6061251 -0.8624153 0.4833407 0.2823329 0.07329819 18.85464 1.23159 1 0.9935606
0.05907292 -0.07254574 -3.797698 0.6085835 3.911827 1.589575 0.374515 20.75228 0.08076286 0 0.0
-0.06427524 -0.02665423 1.122627 -0.483012 0.7062346 0.3757175 0.0815743 19.42727 1.17535 0 0.0
-0.03569766 -0.01423079 -0.3222514 -2.100968 0.9940804 0.5515624 0.0003479266 19.80244 1.093803 0 0.0
-0.01460287 -0.008417024 -0.5499327 0.02256912 0.4318362 0.2778174 0.1231488 18.66803 1.105858 0 0.0
0.00143406 0.004387429 1.405735 -1.139968 1.720387 1.034064 0.3901456 20.13737 nan 0 0.0
-0.01022574 -0.0114314 -0.2149155 -1.466206 1.0565 0.6857364 0.06048228 20.02295 0.7798061 0 0.0
-0.007060184 -0.0157958 -0.03309343 -0.8119155 0.3594072 0.2384094 0.2215961 18.51287 1.16926 0 0.0
-0.089091 -0.03080837 0.1978195 -0.510639 0.18021 0.1089283 0.133048 17.54626 1.401836 1 0.9951991
0.01429752 -0.08628266 4.480175 3.24911 3.730749 3.033196 0.5281908 20.93214 0.9422703 0 0.0
0.002057634 0.003758019 2.078874 -1.177546 1.684986 1.167577 -0.01086724 20.20781 nan 0 0.0
