data/gcs/NGC_6254_M_10.ecsv
# %ECSV 0.9
# ---
# datatype:
# - {name: x, unit: deg, datatype: float64}
# - {name: y, unit: deg, datatype: float64}
# - {name: pmx, unit: mas / yr, datatype: float64}
# - {name: pmy, unit: mas / yr, datatype: float64}
# - {name: pmx_e, unit: mas / yr, datatype: float64}
# - {name: pmy_e, unit: mas / yr, datatype: float64}
# - {name: pm_corr, datatype: float64}
# - {name: g_mag, unit: mag, datatype: float64}
# - {name: bp_rp, unit: mag, datatype: float64}
# - {name: filter, datatype: int64}
# - {name: memberprob, datatype: float64}
# meta: !!omap
# - comments: [deg deg mas/yr mas/yr mas/yr mas/yr dimless mag   mag   zeroone float]
# - __serialized_columns__:
#     bp_rp:
#       __class__: astropy.units.quantity.Quantity
#       unit: &id001 !astropy.units.Unit {unit: mag}
#       value: !astropy.table.SerializedColumn {name: bp_rp}
#     g_mag:
#       __class__: astropy.units.quantity.Quantity
#       unit: *id001
#       value: !astropy.table.SerializedColumn {name: g_mag}
#     pmx:
#       __class__: astropy.units.quantity.Quantity
#       unit: !astropy.units.Unit {unit: mas / yr}
#       value: !astropy.table.SerializedColumn {name: pmx}
#     pmx_e:
#       __class__: astropy.units.quantity.Quantity
#       unit: !astropy.units.Unit {unit: mas / yr}
#       value: !astropy.table.SerializedColumn {name: pmx_e}
#     pmy:
#       __class__: astropy.units.quantity.Quantity
#       unit: !astropy.units.Unit {unit: mas / yr}
#       value: !astropy.table.SerializedColumn {name: pmy}
#     pmy_e:
#       __class__: astropy.units.quantity.Quantity
#       unit: !astropy.units.Unit {unit: mas / yr}
#       value: !astropy.table.SerializedColumn {name: pmy_e}
#     x:
#       __class__: astropy.units.quantity.Quantity
#       unit: &id002 !astropy.units.Unit {unit: deg}
#       value: !astropy.table.SerializedColumn {name: x}
#     y:
#       __class__: astropy.units.quantity.Quantity
#       unit: *id002
#       value: !astropy.table.SerializedColumn {name: y}
# schema: astropy-2.0
x y pmx pmy pmx_e pmy_e pm_corr g_mag bp_rp filter memberprob
[from data line 19515]
-0.03667519 -0.03913851 -6.956493 -7.716564 2.725597 1.761703 0.4239466 20.58641 0.9177761 0 0.0
-0.02515487 -0.02515053 -6.153342 -5.704374 1.432907 0.6883946 0.1990844 19.57985 nan 0 0.0
-0.2331822 0.06600332 -2.074403 -3.209355 3.52046 1.694891 0.3963802 20.88883 1.328627 0 0.0
-0.0492783 -0.01018278 -6.397978 -4.401633 0.6399976 0.4521373 0.09442417 18.95602 nan 0 0.0
-0.008413969 0.001260878 -6.148347 -3.891891 0.7382722 0.4206815 0.3163182 16.67417 1.019714 0 0.0
-0.2253216 0.09688361 -4.879982 -6.640816 0.0695393 0.04146261 0.2746417 15.08247 1.266566 1 0.9962082
-0.309462 0.008348802 -0.5829286 -3.053885 2.942491 2.249798 -0.02596855 20.84537 0.5172405 0 0.0
-0.004334822 -0.04492744 -5.897761 -8.964924 0.7135918 0.4585374 0.2854103 19.00416 0.9231434 0 0.0
-0.00078889 0.02108972 -2.236516 -5.500093 0.3886045 0.2443234 0.3792404 17.78409 0.8871784 0 0.0
0.06034769 -0.01449319 -5.415312 -7.826059 1.56654 1.211901 0.2196266 20.17796 nan 0 0.0
-0.02412085 0.004257003 -4.184716 -7.269537 0.3847568 0.2896339 0.4131504 18.35794 1.048813 0 0.0
0.005618963 0.04642024 -3.552199 -6.26364 0.8450902 0.4999547 0.2971232 19.51094 0.5076103 0 0.0
0.1077951 -0.06455463 -4.303234 -6.099114 1.003426 0.6352922 0.2053309 20.05032 1.08215 1 0.9806176
-0.1138371 -0.02722819 -4.834507 -6.800818 0.5559982 0.3616566 0.2368432 19.13504 0.9546642 1 0.9950143
-0.01523293 0.02796032 -5.981703 -8.81543 0.6145953 0.3341224 0.453005 18.41578 nan 0 0.0
0.01671074 -0.1446637 5.703481 2.231815 3.70846 1.980744 0.239864 20.95922 1.551334 0 0.0
-0.04810843 0.02358785 -0.1166877 -4.8633 2.267134 1.929746 0.6441325 20.17629 nan 0 0.0
-0.0008191747 -0.1286575 -5.41447 -6.953081 1.038772 0.6838315 0.2257591 20.07476 1.049284 1 0.9815804
0.1072626 0.04976141 -4.317665 -6.539686 0.6754736 0.4595433 0.3491235 19.432 0.9783096 1 0.9921832
0.2990938 0.06704901 -3.199795 -0.3487072 0.6062507 0.3997927 0.2019896 19.46113 1.614147 1 0.0
0.04130659 -0.04462809 -1.436713 -4.296551 2.410784 1.569257 0.3241291 20.49087 nan 0 0.0
-0.002356639 0.0468351 -4.438515 -6.756236 0.3649368 0.2198975 0.3297307 18.31108 0.9323158 0 0.0
-5.832292e-05 0.01246421 -3.134761 -6.719791 0.5448974 0.4406962 0.2407221 17.07425 0.97754 0 0.0
-0.001550053 0.1029836 -4.576454 -6.855308 0.4261061 0.2673281 0.2739889 18.65229 0.9291248 1 0.9962459
0.02508064 -0.1266657 -10.86668 -1.599271 0.5879383 0.3995482 0.2039952 19.31816 1.385742 1 0.0
-0.05973637 0.01993068 -4.60019 -6.348693 0.7791389 0.5674582 0.4097935 19.35241 1.305786 0 0.0
0.04067163 0.03853281 -9.363783 -7.693404 2.393907 1.300942 0.1181744 20.45426 0.8779812 0 0.0
-0.06680082 0.04799913 -0.7700607 -1.755712 0.3663158 0.233959 0.2895508 18.4362 1.132984 1 0.0
-0.04024715 0.1772805 -4.704437 -5.273703 1.528681 0.847662 0.0797235 20.21429 1.091457 1 0.8525845
0.1591113 -0.1410144 -3.040989 -5.873438 0.4593604 0.2672352 0.2980364 18.78805 1.137287 1 0.1491506
-0.0243035 0.004639421 -6.796622 -7.618932 1.597082 1.184532 0.7673772 19.13804 nan 0 0.0
-0.211817 -0.1983365 -4.972732 -6.212969 0.4906982 0.3733482 0.02484045 18.82174 0.9772778 1 0.9426346
0.09749056 0.3076223 3.976173 2.923462 1.023792 0.6835207 0.4127893 19.89786 2.188015 0 0.0
0.02701943 0.05498808 -5.145074 -7.044904 0.6092881 0.4018757 0.2174943 18.85209 1.015821 0 0.0
0.04134005 0.01351123 -6.365172 -4.133781 1.87294 0.9694721 0.5178057 19.10259 1.164614 0 0.0
-0.04273199 -0.04581739 1.537026 -4.58025 2.499264 1.998351 0.2682649 20.75358 0.6655655 0 0.0
-0.06279295 -0.2026252 -4.152397 -6.789651 0.4619393 0.3059954 0.09824261 18.85676 0.9558277 1 0.9701481
0.09899806 -0.07053732 -5.873109 -5.372305 0.8357982 0.5733844 -0.725282 18.58407 nan 0 0.0
0.01501037 0.06196166 -4.044442 -9.211948 1.851356 1.401501 0.3661234 20.49052 0.8358822 0 0.0
-0.01485238 0.02591994 -4.064174 -6.020227 0.1377473 0.07572918 0.4305975 14.74851 1.334253 0 0.0
-0.03634267 0.01107007 -4.923628 -6.425128 0.6059876 0.384077 0.4890653 18.62578 0.8428154 0 0.0
0.008829194 -0.07251821 -3.573892 -6.689202 0.8495449 0.5833003 0.2812753 19.80088 1.011017 0 0.0
-0.05087916 0.03406045 -5.964536 -7.557885 2.205703 1.967261 0.1759244 20.78642 0.6602726 0 0.0
-0.03764854 -0.05308604 -1.463991 -7.116938 1.98292 1.150397 -0.6044535 19.70347 nan 0 0.0
-0.1534666 -0.1113827 -1.728589 0.5153983 0.6907464 0.4781909 0.1719709 19.44646 1.419964 0 0.0
0.01990908 -0.03547104 -1.30932 -8.085214 2.563584 1.810582 0.3973713 20.11708 nan 0 0.0
0.03223852 0.01409148 -4.338918 -6.792482 0.7534898 0.4915439 0.05497439 19.13667 0.8266449 0 0.0
0.06109997 0.0715024 -5.761061 -7.154031 0.4535741 0.2885776 0.3568373 18.75452 1.041651 1 0.9778896
-0.05547736 0.05809893 -4.756076 -6.252967 0.1805247 0.1112986 0.2538149 17.2628 1.119669 1 0.9983939
0.2666938 -0.05478142 0.5527093 -1.562063 1.688948 1.216927 0.5697615 20.15077 1.720142 0 0.0
-0.0003170696 0.03062694 0.9250954 -11.46093 0.8896778 0.4572291 0.373347 18.39237 0.6080475 0 0.0
-0.04961312 -0.01045126 -5.476314 -7.039152 0.3086308 0.2004049 0.2641052 18.13614 1.002462 0 0.0
0.04412801 0.06306303 -4.121906 -6.595485 1.389299 0.8602923 0.2011016 20.2418 1.072676 0 0.0
-0.03185215 -0.004889481 -4.878042 -6.429746 0.07576059 0.04877344 0.2132929 12.7164 1.606424 1 0.9995464
-0.03112128 -0.01321694 -4.614531 -6.291548 0.2713253 0.1649953 0.2595587 17.59833 1.107347 0 0.0
0.04665963 -0.111879 -5.30169 -6.239389 2.789497 1.922116 -0.186282 20.85625 1.068817 0 0.0
-0.02570494 0.04275106 -3.983242 -5.946185 0.8860864 0.5645143 0.4350627 19.65738 0.9517937 0 0.0
-0.05580782 -0.005360956 -4.87286 -6.039531 0.3167353 0.2151739 0.3138056 18.23168 0.943758 1 0.9951089
0.0707214 0.09128938 -5.038889 -6.047437 0.7216833 0.4542554 0.5237388 19.19019 1.065254 1 0.9848295
-0.04151491 -0.03752895 -5.074287 -5.35191 1.125139 0.745652 0.0613424 19.75648 0.8692646 0 0.0
0.001494021 -0.03732379 -5.063687 -7.102935 0.4128756 0.2822085 0.3396636 18.62415 0.8496704 0 0.0
0.02980295 0.004150477 -5.963162 -5.799499 1.640721 0.9558423 -0.3584788 19.49151 nan 0 0.0
0.01347085 -0.06864684 -5.953205 -7.058215 0.7906379 0.4617838 0.2981853 19.38962 nan 0 0.0
0.0007331629 0.06463543 -4.147495 -7.60924 1.080968 0.7017715 0.37599 19.90291 nan 0 0.0
-0.03638834 0.01137286 -7.095132 -7.659276 0.8781238 0.5695309 0.6027684 18.77193 0.3769073 0 0.0
-0.08195991 0.04149414 -4.457269 -6.413034 0.299124 0.1823875 0.2783012 18.1111 0.9507904 1 0.998324
-0.00774372 -0.05816017 -4.229041 -6.119517 0.9323931 0.528576 0.4156383 19.48853 0.9419613 0 0.0
-0.008232313 0.09771259 -4.503695 -6.407688 0.496515 0.3121269 0.3377014 18.88752 0.9244366 0 0.0
-0.0001192055 0.03094833 -4.35128 -6.492007 0.4145378 0.2459694 0.1433462 18.38834 0.7861443 0 0.0
0.05703507 0.05907777 -5.568888 -6.660949 3.481118 2.065234 -0.6022381 20.3169 nan 0 0.0
-0.04084724 0.0006676467 -4.801709 -5.789365 0.3837528 0.2599022 0.3153361 18.43062 0.8898449 0 0.0
-0.04513512 -0.07103362 1.232334 -4.181445 1.229277 0.8650462 0.2540879 18.97276 0.9883652 0 0.0
0.08548797 -0.03532278 -1.108709 -4.992384 1.44726 0.9033322 0.2004974 20.36244 0.959734 0 0.0
0.07592666 0.253382 3.770436 -9.707104 0.952966 0.6387313 0.286639 19.82093 1.184223 1 0.0
-0.0630516 -0.0149197 -3.655083 -5.547625 1.417114 0.9572979 0.1993347 20.19715 1.281738 0 0.0
-0.02030102 0.01791992 -5.89506 -7.915666 1.400314 1.072387 0.8539533 19.24941 nan 0 0.0
-0.02022361 -0.03368244 -4.930809 -6.49283 1.19763 1.086709 0.1638755 19.91457 nan 0 0.0
-0.05198976 0.02645388 -4.994313 -6.815638 0.4122568 0.2605277 0.3169503 18.58117 1.349817 0 0.0
-0.04084755 0.006806925 -1.295309 -4.709843 0.6506832 0.4070822 0.3412294 18.19019 0.9975338 0 0.0
0.02369162 0.2492761 -0.43468 2.602684 0.7884857 0.5048845 0.3757147 19.64608 2.467836 1 0.0
-0.2689366 -0.1119167 -3.870332 -7.110551 0.3515732 0.2346719 0.07125453 18.25675 1.334875 1 0.3520221
0.1246637 -0.1185788 -5.231079 0.3671256 1.968938 1.032407 0.2796539 20.59344 0.6014061 1 0.0
0.001448363 -0.03758652 -5.182959 -6.5401 0.7882364 0.4643174 0.4841059 19.19953 nan 0 0.0
0.02949854 0.003921129 -5.486665 -5.837248 1.018339 0.49684 -0.03231116 18.96665 nan 0 0.0
0.2462774 0.06639707 -1.340391 -6.445389 0.3023505 0.1951368 0.3332676 18.17661 1.006563 1 0.0
0.04324434 -0.2282027 1.758286 -17.02454 1.20765 0.696396 0.2177696 20.02024 2.392056 1 0.0
0.3097588 0.05451653 -1.778266 2.946701 0.7960771 0.50895 0.3010249 19.62885 0.9064407 1 0.0
-0.05068296 0.06058405 -7.370549 -15.38015 0.3149615 0.1959979 0.3139909 18.17321 0.9865341 0 0.0
0.07503134 -0.04743673 -1.419676 -5.982059 2.269631 1.315621 0.507287 20.50554 nan 0 0.0
-0.03325111 -0.0346313 -3.903115 -4.461739 0.4709525 0.292311 0.1636539 18.21385 0.9687901 0 0.0
-0.03229083 -0.07086229 -5.768968 -7.746105 0.7807771 0.5274673 0.2943498 19.65067 0.9074554 0 0.0
-0.02559719 0.004899734 -4.708853 -6.430116 0.1151514 0.07406647 0.3172131 16.10528 0.2951393 0 0.0
0.08517128 -0.008164964 -4.76429 -6.585485 0.4838094 0.336842 0.3713279 18.75285 0.8318176 0 0.0
-0.1109541 -0.07379854 -4.79972 -6.860262 0.577803 0.3783057 0.2407003 19.22794 1.194666 1 0.9927815
0.1025465 0.0676787 -3.935895 -6.011251 0.9385985 0.6304204 0.3123892 19.83935 1.056196 0 0.0
0.07946983 0.05132773 -4.068 -6.07741 0.2890758 0.1866034 0.3382166 18.078 0.9696541 1 0.9822441
0.04628936 0.06258083 -3.550288 -5.428665 1.452657 0.9034315 0.1975423 20.23478 nan 0 0.0
-0.02772982 0.05877939 -3.681723 -6.752214 1.453654 0.7831104 0.005868543 20.07796 nan 0 0.0
-0.06264069 -0.01481953 -6.914308 -7.068039 1.204385 0.8934828 0.2006955 20.05838 1.010538 0 0.0
-0.118039 -0.1190213 -3.572176 -6.288294 0.5775097 0.4104156 0.1489299 19.15708 0.9751053 1 0.9423921
-0.0976369 -0.2037832 -4.636452 -7.041806 1.340256 0.9642459 0.1777078 20.38687 1.196133 1 0.8902116
-0.02049889 0.01828518 -4.640251 -6.617762 0.1249626 0.07684715 0.3438248 16.19654 0.2344761 0 0.0
-0.05189845 0.02671185 -6.257026 -4.760927 1.621272 1.247874 0.1973234 20.24315 nan 0 0.0
0.0245462 0.3199394 2.88277 4.218249 1.692517 1.18592 0.08525147 20.33879 1.033192 0 0.0
-0.01749964 -0.02239039 -6.178082 -5.597897 0.6611399 0.3247706 0.1266774 18.48493 nan 0 0.0
0.04770866 -0.1279456 -4.819091 -7.084781 0.6528374 0.4666063 0.2205288 19.48701 1.076118 1 0.9871478
-0.03413438 -0.0214239 -3.255613 -7.540541 1.240993 0.8870635 0.1981345 19.68211 nan 0 0.0
0.01345767 0.05213122 -4.495867 -6.234548 0.4365973 0.2795418 0.3702744 18.67832 0.9628716 0 0.0
-0.02774196 -0.03014548 -4.637742 -6.723888 0.2771914 0.1792664 0.1955341 17.37947 1.101357 0 0.0
-0.01284116 -0.1070241 -0.6527754 -8.272265 2.025888 1.559027 0.3786212 20.71768 0.9658222 1 0.5082562
-0.02716726 0.07719008 -4.519173 -6.684162 0.3448757 0.2036596 0.275686 18.2187 0.8695717 0 0.0
-0.02587104 0.001507505 6.077575 -2.592463 0.1737493 0.1115225 0.4286575 16.21642 1.109183 0 0.0
0.03893231 -0.04746276 -6.500963 -6.975263 2.523571 1.530307 0.5136551 20.58424 nan 0 0.0
0.03229938 0.01365613 -5.57617 -5.08283 0.8746548 0.559004 -0.1997651 18.90585 0.9354019 0 0.0
0.2939705 -0.1221804 -0.3168615 -0.1443073 0.2713183 0.1538178 0.3887767 17.74311 1.176809 1 0.0
0.02211426 -0.09194146 -6.172608 -7.858391 1.2243 0.843504 0.2921452 20.19408 1.011562 0 0.0
0.2655519 -0.05625208 -5.914328 -2.259963 0.2112023 0.1275903 0.2836396 17.471 1.228695 1 0.0
-0.2250341 0.04820104 -7.346086 -4.919209 0.1092608 0.06445093 0.2624387 16.11125 1.075809 1 0.0
-0.06929652 0.04235699 -4.798148 -6.823816 0.2871639 0.1850439 0.2974861 18.14077 0.879324 1 0.9984428
-0.08287693 -0.06841737 -6.145783 -7.549671 1.195252 0.752385 0.2164437 20.11239 nan 0 0.0
-0.07778037 -0.2037729 1.232154 4.542639 0.5121239 0.3438061 0.06765271 18.99689 2.180403 1 0.0
-0.02605452 0.02745745 -4.873035 -6.041846 0.1407262 0.08474601 0.3897089 16.57535 1.17979 0 0.0
0.08226782 0.02567027 -3.915217 -7.694655 1.377329 0.8516094 0.195082 20.22402 1.282587 0 0.0
-0.09387778 0.04335727 -5.428692 -6.249309 1.093857 0.8273238 0.249822 20.0824 0.7152367 0 0.0
-0.06255433 0.04886112 -2.85935 -6.564647 1.382412 1.162633 0.3869857 20.31087 nan 0 0.0
-0.0524768 0.02635037 -6.864711 -15.69204 1.178822 0.754366 0.3517572 18.538 0.8753052 0 0.0
0.00383814 0.04400745 -8.804471 -10.68804 1.343586 0.6947139 0.4577564 19.20882 nan 0 0.0
-0.2589868 -0.05863697 -3.746744 -6.604288 0.6260815 0.4369316 -0.05154597 19.05563 1.038578 1 0.8871072
0.02106604 -0.02369653 -3.373993 -6.438491 0.8131418 0.5052438 0.612129 18.82072 1.014273 0 0.0
-0.01544562 0.007577912 -4.592614 -7.07418 0.1441527 0.0922924 0.3334437 16.61568 1.196174 0 0.0
-0.04171623 0.02884105 -5.579564 -7.11195 0.3685698 0.2370124 0.4026533 18.35068 0.9781742 0 0.0
-0.05445809 0.06584903 -4.811129 -6.7915 0.5407583 0.3515659 0.3035898 18.99562 0.888485 1 0.9969322
0.03653489 -0.2183215 7.338135 1.582729 0.6157362 0.3610172 0.1782634 19.08287 1.935396 1 0.0
0.06315584 0.08475497 -3.869776 -6.191107 0.7484133 0.4474785 0.4952097 19.14706 nan 0 0.0
-0.08568101 -0.03246512 -5.699749 -5.374309 1.020706 0.7266829 0.2280204 19.9289 nan 0 0.0
-0.03258119 -0.04149677 -4.102497 -5.883461 0.2895443 0.186182 0.2303572 17.94717 0.9350452 0 0.0
-0.2267085 0.04864116 -3.723445 -4.852545 0.3614737 0.2127705 0.245061 17.46369 1.16762 0 0.0
-0.06292625 -0.06025831 -5.196436 -7.345359 1.909407 1.437257 0.200941 20.55352 1.032154 0 0.0
0.009606473 0.02209006 -5.175819 -7.103603 1.293838 0.8284827 0.2508525 19.03643 nan 0 0.0
0.002727006 0.0343496 -5.253003 -6.213933 0.6994845 0.3992774 0.4297978 19.00665 0.6541462 0 0.0
-0.1742003 0.06156707 -6.312375 -1.957684 2.512038 2.180753 0.3037372 20.78701 0.7912045 0 0.0
-0.1247654 -0.1168389 -3.943841 -6.568214 0.5427126 0.359046 0.159386 19.05273 1.094147 1 0.9773079
0.06974251 0.03625963 -3.573356 -6.986715 1.156089 0.7779383 0.1500515 20.04757 1.2467 0 0.0
0.1126169 -0.08129179 -0.05037131 -3.618931 0.7807745 0.4965146 0.2299802 19.69288 1.293844 0 0.0
-0.06291557 -0.002970623 -5.046992 -6.956969 0.6420629 0.4477771 0.2460929 19.22984 0.9900112 0 0.0
0.06602164 -0.04938858 -2.637775 -9.321815 2.232294 1.44766 0.3294889 20.64649 1.145744 0 0.0
-0.01603841 -0.03120899 -10.70552 -2.755962 1.776428 0.9004639 -0.03722683 19.31313 nan 0 0.0
-0.1099202 0.04330229 -4.605294 -7.091465 0.9205078 0.6161257 0.3280575 19.8336 0.8551846 1 0.9846109
-0.2093594 -0.05870492 -3.215163 -6.726413 0.6545339 0.4773416 0.1455687 19.28577 1.244265 1 0.7661721
-0.02130402 -0.03922951 -5.536151 -5.815446 0.6420474 0.3955248 0.2069569 19.17689 1.016981 0 0.0
-0.0312413 -0.05716892 -1.952303 -6.179555 1.290636 0.6679141 0.1502744 19.91286 0.8436775 0 0.0
-0.06845434 -0.01681986 -4.00526 -6.549241 1.26145 1.010187 0.2970226 20.25867 nan 0 0.0
-0.02611492 0.01286576 -4.968466 -6.891377 0.1619825 0.1036269 0.3276981 15.57023 0.3602905 0 0.0
0.08889698 -0.03579284 -4.216451 -6.116716 0.8264878 0.5585749 0.3486345 19.66371 1.137434 0 0.0
0.01537129 -0.1631887 -5.408959 -6.573652 0.3119536 0.213882 0.157906 18.31673 0.9654121 1 0.9836824
0.0297105 -0.02603713 -4.476684 -6.754468 0.4087852 0.2496508 0.484624 18.18064 1.427134 0 0.0
-0.04600669 7.036626e-05 -1.797094 -5.510767 2.427193 1.327295 0.642978 20.06665 nan 0 0.0
0.008815171 0.03541147 -13.18792 -6.77946 0.9615229 0.5339028 0.183096 18.9471 nan 0 0.0
-0.06875291 -0.08366861 -7.216094 -7.854152 1.439464 1.146033 0.2226781 20.47036 0.8106251 0 0.0
0.01908657 -0.0637794 -5.510717 -7.000897 0.4031875 0.274014 0.2789283 18.69619 1.005417 0 0.0
-0.07073867 -0.0007873627 -2.374873 -4.709264 1.340173 1.04487 0.2699688 20.186 0.8996849 0 0.0
-0.04402543 -0.04868993 -4.530724 -6.775422 0.2484832 0.1689614 0.2115553 17.77715 0.8865795 0 0.0
-0.05655342 -0.007683683 -5.071947 -4.796068 2.574814 1.880148 0.4126835 20.71702 nan 0 0.0
-0.02541469 0.009204148 -4.498848 -6.356403 0.09848777 0.06754845 0.3782629 15.45096 0.4332771 0 0.0
0.04135222 -0.04506964 -4.597891 -5.727805 0.6969247 0.4772932 0.426874 19.20015 0.967968 0 0.0
