data/gcs/NGC_6723.ecsv
# %ECSV 0.9
# ---
# datatype:
# - {name: x, unit: deg, datatype: float64}
# - {name: y, unit: deg, datatype: float64}
# - {name: pmx, unit: mas / yr, datatype: float64}
# - {name: pmy, unit: mas / yr, datatype: float64}
# - {name: pmx_e, unit: mas / yr, datatype: float64}
# - {name: pmy_e, unit: mas / yr, datatype: float64}
# - {name: pm_corr, datatype: float64}
# - {name: g_mag, unit: mag, datatype: float64}
# - {name: bp_rp, unit: mag, datatype: float64}
# - {name: filter, datatype: int64}
# - {name: memberprob, datatype: float64}
# meta: !!omap
# - comments: [deg deg mas/yr mas/yr mas/yr mas/yr dimless mag   mag   zeroone float]
# - __serialized_columns__:
#     bp_rp:
#       __class__: astropy.units.quantity.Quantity
#       unit: &id001 !astropy.units.Unit {unit: mag}
#       value: !astropy.table.SerializedColumn {name: bp_rp}
#     g_mag:
#       __class__: astropy.units.quantity.Quantity
#       unit: *id001
#       value: !astropy.table.SerializedColumn {name: g_mag}
#     pmx:
#       __class__: astropy.units.quantity.Quantity
#       unit: !astropy.units.Unit {unit: mas / yr}
#       value: !astropy.table.SerializedColumn {name: pmx}
#     pmx_e:
#       __class__: astropy.units.quantity.Quantity
#       unit: !astropy.units.Unit {unit: mas / yr}
#       value: !astropy.table.SerializedColumn {name: pmx_e}
#     pmy:
#       __class__: astropy.units.quantity.Quantity
#       unit: !astropy.units.Unit {unit: mas / yr}
#       value: !astropy.table.SerializedColumn {name: pmy}
#     pmy_e:
#       __class__: astropy.units.quantity.Quantity
#       unit: !astropy.units.Unit {unit: mas / yr}
#       value: !astropy.table.SerializedColumn {name: pmy_e}
#     x:
#       __class__: astropy.units.quantity.Quantity
#       unit: &id002 !astropy.units.Unit {unit: deg}
#       value: !astropy.table.SerializedColumn {name: x}
#     y:
#       __class__: astropy.units.quantity.Quantity
#       unit: *id002
#       value: !astropy.table.SerializedColumn {name: y}
# schema: astropy-2.0
x y pmx pmy pmx_e pmy_e pm_corr g_mag bp_rp filter memberprob
[from data line 7915]
-0.04758438 -0.077659 -8.332756 -4.267491 0.3275609 0.2885997 0.110443 17.93633 0.9308052 1 0.0
-0.1321864 -0.076827 -1.617489 -1.460868 0.8031156 0.6895224 0.07978044 19.37216 0.7250977 1 0.02089342
0.07643099 -0.02700398 0.3167854 -1.366691 0.5914073 0.5696429 0.3088843 18.81536 1.006922 1 0.7417842
-0.0794554 -0.0134496 0.2573022 -7.503905 0.2298633 0.203446 0.1152437 16.27137 0.9048433 0 0.0
-0.04559776 -0.1271534 2.732636 4.313233 0.6722092 0.6502672 0.3881126 18.40509 1.756458 0 0.0
0.04936188 -0.01576667 1.817608 -1.480981 0.6387213 0.6638106 0.4813889 18.87249 0.929327 0 0.0
-0.01656994 -0.0432566 -0.2972616 -4.847389 1.782926 1.357964 -0.1814096 19.80342 0.911974 0 0.0
-0.02615935 0.01340425 -1.816775 -3.108284 1.832559 2.157573 0.8764978 19.33777 nan 0 0.0
0.001908821 -0.07179258 -5.966908 -11.62745 0.1155838 0.1033311 0.222972 15.65872 1.15538 1 0.0
0.030358 -0.02495789 -1.542393 -3.59389 1.720731 1.708821 0.6166613 19.74644 nan 0 0.0
-0.01890586 0.0002838136 1.03519 -3.646505 0.3315013 0.3097307 0.1745135 18.18081 0.7261105 0 0.0
0.03500729 -0.02998763 1.182881 -2.48541 0.07951613 0.07658437 0.330194 15.16766 1.071146 1 0.9986039
0.03896959 -0.03693228 -0.3991818 -3.320872 2.764035 2.561629 0.3582824 20.36072 0.2061043 0 0.0
-0.01552111 -0.02519379 0.3778585 -2.637266 0.350459 0.3154055 0.09811457 18.16744 0.9158707 0 0.0
-0.02629476 -0.0204436 1.071217 -2.407757 0.1105695 0.103404 0.1356258 16.19494 1.083314 0 0.0
-0.01683236 -0.0744189 -2.945647 0.9396148 2.688218 1.904232 -0.2453294 20.32529 0.9958286 0 0.0
0.03270123 -0.04151463 3.383688 -2.103463 1.285071 1.317377 0.5845363 19.67794 nan 0 0.0
0.003574668 -0.02683645 0.6737061 -2.058694 0.5775495 0.5100511 0.1962974 18.86344 nan 0 0.0
0.0264808 -0.05127405 0.984679 -3.371468 0.8078624 0.8595016 0.5779939 18.92289 0.7857208 1 0.9465823
0.03275654 -0.02659919 0.9821374 -2.365432 0.1118569 0.1103277 0.4054178 15.89915 1.172063 1 0.9990572
-0.02368488 0.01157781 -1.7912 -5.503112 0.3071313 0.2756623 0.1945502 17.68785 1.050083 0 0.0
0.07471685 -0.02747532 -1.186068 -3.583929 1.021836 0.9762712 0.3176581 19.53186 1.096207 1 0.6106041
0.07810145 -0.117681 -4.82354 -16.47122 2.346015 1.456887 -0.4429815 19.85272 1.119778 0 0.0
0.07554877 -0.02792245 -0.855555 -5.081591 2.696093 2.410114 0.03766437 20.3702 0.2454414 0 0.0
-0.01576971 -0.006734524 2.678938 -0.2033012 1.156586 1.101821 -0.1254252 18.24703 nan 0 0.0
0.06613715 -0.01212476 6.730758 -8.945277 2.924839 2.510669 -0.06590974 20.43257 0.749052 1 0.2185619
-0.07251934 -0.09832739 -1.996469 -1.713019 0.5794333 0.4843122 -0.01270392 18.90515 0.9762516 1 0.0001517151
0.09319278 -0.05373677 -2.753277 -8.581675 0.3307852 0.3196388 0.5160668 17.85331 1.122311 1 0.0
0.004961188 -0.1647338 0.1899558 -5.018541 0.4792328 0.40896 0.1002802 18.22364 1.024879 1 0.0
0.04607474 -0.02607576 0.6312688 -3.951891 1.009724 1.049851 0.5381959 19.21914 0.9174881 0 0.0
0.01747692 -0.04073147 0.3743159 -2.223783 0.931929 0.9458586 0.5870567 19.10962 0.7692032 0 0.0
0.01182833 -0.004391594 -2.538048 -7.562635 0.7891859 0.8418067 0.6326933 18.116 nan 0 0.0
0.06225734 -0.02574382 2.244388 -1.612247 1.210604 1.361246 0.6188536 19.47315 0.8044281 0 0.0
0.03489928 -0.05220819 2.592549 0.6110759 1.209797 1.17839 0.461849 19.49209 0.818943 0 0.0
-0.001517471 -0.02588652 1.770534 -2.127338 0.5113042 0.5576929 0.5761577 18.20274 nan 0 0.0
-0.09493655 -0.08770497 -1.581756 -1.610466 0.8047088 0.683723 0.01761918 19.37451 1.137476 1 0.06010308
0.04107188 0.003681712 2.349116 -2.802452 0.9134885 0.917871 0.3437305 18.39158 nan 0 0.0
0.02522537 -0.07345226 -4.887641 -3.069066 2.213019 1.716999 -0.02554115 20.06871 0.6822834 0 0.0
-0.02429241 -0.003681167 2.050932 -2.903277 0.2478245 0.2152059 0.05886271 17.34618 0.889101 0 0.0
0.04264489 -0.03046832 -0.4550913 -2.908686 1.160736 1.219233 0.5335508 19.53624 0.5472279 0 0.0
-0.02973804 -0.0434017 7.699495 -0.5773311 2.44049 1.879084 -0.3632183 19.99973 nan 0 0.0
-0.01858766 0.0009667219 1.14637 -2.72035 0.4506817 0.3995979 0.1843489 18.6159 nan 0 0.0
-0.01919887 -0.1012596 0.4677202 -3.166226 0.4230255 0.4149502 0.3020608 18.24436 0.8994522 1 0.8989285
-0.02456175 -0.003772805 5.15366 1.076203 0.7832982 0.6845747 -0.02866169 18.19053 nan 0 0.0
0.04438431 -0.02816904 -0.7167679 -3.022685 1.197656 1.239312 0.5300601 19.55777 0.8539448 0 0.0
0.001910437 -0.006687157 1.144511 -2.442696 0.06431917 0.04992736 0.06158343 14.04442 1.31793 0 0.0
0.06098306 -0.02730301 -2.103056 -5.83551 0.5557422 0.5734116 0.4512557 18.70143 0.8936329 1 0.0
0.00093111 0.0085068 5.544093 -4.925879 0.7325314 0.7428044 0.2970529 17.43606 nan 0 0.0
0.04555665 0.008600152 0.8445705 -2.71818 0.5554823 0.5451132 0.2928603 18.69881 0.8359222 0 0.0
0.004501885 -0.07933815 3.062444 -9.081131 1.272654 1.220521 0.3677204 19.78465 1.077942 1 0.0
0.06329904 -0.00936435 2.091644 -2.648771 1.993955 1.718203 -0.0865461 19.97163 1.313593 0 0.0
0.0345652 -0.03320322 2.670908 -3.243376 0.7043569 0.7185003 0.4229785 18.98054 0.7872963 0 0.0
-0.03715948 -0.03266274 -1.035504 -2.064187 0.8883326 0.6806194 -0.328225 18.87036 nan 0 0.0
0.01742831 -0.03919795 2.454194 -3.183256 0.6708583 0.6911016 0.4607049 18.69809 nan 0 0.0
0.03996755 -0.04779323 0.2845114 -1.718523 0.5328331 0.5327557 0.4245937 18.42374 0.8593864 0 0.0
0.02796701 -0.06962707 0.8375087 -2.4306 0.09965142 0.09763899 0.3683229 15.63536 0.2468557 1 0.9975217
0.03326794 -0.03287077 0.9949135 -2.49269 0.157048 0.1490477 0.2864609 16.62717 1.079856 1 0.9986597
0.05201338 -0.005205513 -0.1233386 -4.049218 2.978843 2.460077 0.01709592 20.34638 0.5131054 0 0.0
-0.03424689 -0.03161998 0.7155994 -2.498927 1.477811 1.035391 -0.4978004 19.63331 nan 0 0.0
-0.02666727 -0.005238349 1.639999 -1.81343 0.6014556 0.499544 0.05556406 18.94919 nan 0 0.0
-0.09728035 -0.1298793 -2.327085 -8.859802 1.663002 1.324567 -0.08001585 20.32087 1.05291 1 8.529457e-06
0.04631659 0.009705961 1.664833 -3.011619 0.8620339 0.8511671 0.3483184 19.20854 nan 0 0.0
0.00778294 -0.05174672 0.1516386 -2.802182 1.302774 1.233296 0.2910627 19.86412 0.901598 0 0.0
-0.02584024 0.01135587 1.00212 -2.787784 0.1303201 0.1223133 0.2967341 16.06788 0.01431942 1 0.9954534
0.01120693 -0.06742554 2.310161 -7.396561 3.125057 2.474424 -0.03488303 20.46085 nan 0 0.0
0.0158565 -0.06467215 3.931379 -14.97639 1.500666 1.424557 0.3179341 19.99271 0.8155403 0 0.0
-0.1235202 -0.110607 0.9825245 -2.61095 1.094534 0.9672196 0.1622504 19.81035 0.6628189 0 0.0
-0.1176293 -0.02893271 0.14075 -8.478658 0.3785275 0.3190318 -0.109191 18.17983 1.127563 0 0.0
0.02286801 -0.01998093 -0.6553347 -3.483528 0.8370454 0.8683022 0.6864196 18.70918 0.7593174 0 0.0
0.05034831 -0.005009857 -1.903865 -2.111901 3.051612 2.571976 0.06050273 20.36517 0.7339611 0 0.0
0.01794229 -0.03940025 2.164439 -2.289814 0.5837128 0.5910182 0.5664479 18.50607 0.669714 0 0.0
0.07667152 -0.03131101 -2.239284 -4.171537 3.725441 3.098485 0.1787153 20.6572 0.8645954 1 0.5297384
0.0823673 -0.03882041 1.794379 2.77402 2.918838 2.535887 0.139335 20.39142 0.81427 0 0.0
0.07999249 -0.08633377 0.1659947 -9.709136 2.14815 1.709579 0.1586712 20.29431 0.926733 0 0.0
0.01061403 -0.10838 1.164666 -6.494778 1.567613 1.526052 0.3749934 19.9726 1.903879 0 0.0
-0.03506613 -0.006565413 0.6343444 -1.883803 0.8736734 0.7675255 0.04021928 19.50344 0.670908 0 0.0
-0.04454486 -0.003186673 3.543588 0.1404669 1.686967 1.889939 0.704476 19.8294 0.7826004 0 0.0
-0.02289905 0.004734482 2.662306 3.326641 1.532572 1.693873 0.7441405 19.25099 1.051561 0 0.0
-0.04967012 -0.03015591 -3.872712 -2.909845 0.2801406 0.2385046 0.1954024 16.88053 0.8625469 0 0.0
-0.02644091 -0.09380406 -3.172325 -5.075759 0.3414455 0.3168754 0.1953771 17.82707 0.8979473 0 0.0
0.02075962 -0.03039064 0.1037049 -2.533202 0.4942657 0.4935996 0.559235 18.38799 0.7871819 0 0.0
0.02947145 -0.03853405 1.737218 -1.224182 0.8334727 0.8591327 0.5864489 19.12704 0.7823677 0 0.0
0.003863974 -0.1157188 -0.2511806 -3.829606 0.4763513 0.4089162 0.08558768 18.14199 1.197227 1 0.02357021
-0.03025006 -0.1105863 1.082566 -2.254046 1.165668 1.031912 0.1396822 19.73481 0.64604 1 0.8473558
0.04670278 -0.040057 0.1794658 -2.361975 0.7867351 0.8225792 0.5472712 19.04632 0.7987309 1 0.9453766
0.01324887 -0.003163493 17.69993 -13.89434 1.710669 1.739286 0.2458738 18.46302 nan 0 0.0
0.03333599 -0.04529527 11.62712 -4.288699 1.852523 2.046677 0.6580177 19.77558 1.228846 0 0.0
0.01541596 -0.06515271 -3.814072 -1.632122 0.7751035 0.7451146 0.3571033 19.11326 0.9265766 1 0.0
-0.01938807 -0.02986386 3.285702 -1.824672 1.625673 1.133977 -0.3853793 19.86887 nan 0 0.0
-0.01938814 -0.02960446 -1.709737 -1.498442 1.339416 0.9442062 -0.4908499 19.50458 1.089849 0 0.0
-0.01921455 -0.03850029 2.242627 -3.003873 0.8165534 0.6110101 -0.2200319 18.901 0.8581505 0 0.0
0.05205875 -0.0467476 1.621908 -2.254269 0.6794207 0.7005245 0.560706 18.80923 0.893095 1 0.9708719
-0.04492483 -0.02350016 1.377595 -3.402477 0.5518319 0.4550737 -0.0847511 18.76495 0.5927944 0 0.0
-0.03285766 -0.01726467 1.950031 -8.456823 1.308422 1.012094 -0.3091584 19.34626 0.7569714 0 0.0
0.05831885 -0.02170478 1.966742 -5.949869 1.065524 1.094974 0.5177969 19.44594 0.6940708 1 0.009411842
-0.01980887 -0.01186622 4.270341 -4.064848 0.712504 0.7008039 0.1539288 17.65809 0.9116917 0 0.0
-0.02870795 0.01666873 5.136461 2.454265 1.359653 1.563732 0.826805 19.22999 0.4750748 0 0.0
-0.001101091 -0.03926084 -5.121336 -3.448784 1.916892 1.141483 -0.4903665 19.62274 nan 0 0.0
-0.02428218 -0.03610609 0.7909863 -4.501298 0.6372522 0.5263867 -0.06846039 18.76525 0.8579102 0 0.0
-0.02352955 -0.01581167 2.790166 -2.603947 1.144958 0.8938646 -0.3238543 19.06739 nan 0 0.0
0.031186 -0.0358034 0.5223399 -3.131732 0.8941924 0.9157663 0.5050949 19.1158 nan 0 0.0
0.04178063 -0.04419694 1.858085 -1.552201 1.066601 1.095597 0.4135843 19.38601 0.5527935 0 0.0
-0.001419291 -0.03958128 -0.7978317 -2.199623 0.7861828 0.7361359 0.2860334 19.18376 1.126497 0 0.0
-0.03144203 -0.006319709 -0.1623036 -2.923916 1.377205 1.166455 -0.08677265 19.65846 nan 0 0.0
-0.1462799 -0.06321112 -2.742923 -3.692485 0.8923797 0.878572 0.3411068 19.34125 nan 0 0.0
-0.03570957 0.008021695 1.327818 -0.8831407 1.115723 1.240991 0.6856922 19.38565 0.6886044 0 0.0
0.04264996 -0.02130542 -16.8262 -23.32382 1.054062 1.066077 0.4338424 19.38394 0.9660416 0 0.0
0.06960371 -0.02369017 1.764444 0.8522044 1.563921 1.551493 0.4429186 19.01875 1.25453 0 0.0
0.007787164 -0.009983426 0.2917346 -2.184031 0.1580656 0.1517334 0.2828838 16.51917 1.218813 0 0.0
0.001394963 -0.07453915 1.86035 -2.636076 3.15605 2.514267 0.006021278 20.24892 0.7211304 0 0.0
-0.003180871 -0.05856707 0.8339155 -3.469172 2.188741 1.774459 -0.1846126 20.04909 1.252779 0 0.0
-0.01606944 -0.09579247 0.2807231 -5.345981 2.570735 2.095313 -0.2586324 20.23118 0.9553032 1 0.4229175
-0.0375175 -0.001245065 0.8927707 -2.12567 0.4039287 0.3587552 0.2311228 18.40077 0.7544994 0 0.0
0.01267641 -0.05912118 0.9827288 -2.374326 0.05948308 0.05753088 0.3737948 14.35327 1.340708 1 0.9991994
0.0009062379 -0.02375028 3.008354 -3.165147 0.5641262 0.5234044 0.2630848 18.53987 0.8134251 0 0.0
0.02577087 -0.05185364 -8.798688 -17.18664 0.9609248 0.9662275 0.5565703 19.32332 1.448347 0 0.0
0.03035328 -0.03693603 4.556923 -2.163494 1.34172 1.480296 0.6499167 19.79165 0.6264 0 0.0
-0.001836096 -0.01061248 -9.628615 -22.84383 1.399147 1.268966 -0.02758157 18.31075 nan 0 0.0
0.05173506 -0.01853007 1.51658 -1.795026 0.5850346 0.5861038 0.3996216 18.49273 0.8425941 1 0.9799822
-0.01698968 -0.02675431 5.376255 5.853385 1.551386 1.231007 -0.03102018 19.86909 nan 0 0.0
-0.02629509 -0.01947849 -0.2816046 -1.594234 0.9794317 0.7411323 -0.3997483 19.21602 nan 0 0.0
-0.03297239 -0.03521668 0.5898026 -2.534962 1.47604 1.071907 -0.3938717 19.64537 0.4879971 0 0.0
0.07655827 -0.07129275 1.754593 -7.267801 0.3514626 0.3403294 0.3776315 18.07968 nan 0 0.0
0.06982821 -0.09993852 7.605072 -6.72961 3.237793 2.556977 0.3331756 20.70441 1.945574 0 0.0
0.06573873 -0.0199064 -0.3526899 -2.287367 0.8789225 0.9015769 0.3523044 19.23853 0.9744492 1 0.8671123
0.03096192 -0.04515695 4.754791 -7.172701 0.6374806 0.6488301 0.4138145 18.95015 1.055475 0 0.0
0.0563182 -0.01218944 1.6435 -2.16186 0.3247354 0.3221356 0.4393767 17.72887 1.070339 1 0.9828764
-0.09004311 -0.02589335 0.9235308 -2.582952 0.184149 0.1550987 -0.008855942 16.74503 -0.1091709 1 0.9945904
0.05580333 -0.01310459 3.979881 -6.359571 1.28972 1.258858 0.2752502 19.73566 nan 0 0.0
-0.05597063 -0.0176709 0.5516042 -1.383956 0.6850081 0.5608455 0.09915077 19.15075 0.681736 1 0.9211488
0.02796732 -0.001408853 3.860227 -1.837314 1.209533 1.321796 0.6752227 19.23249 nan 0 0.0
0.03243165 -0.04232705 0.8526326 -2.400617 0.1513482 0.1460847 0.3587884 16.12076 0.04323006 1 0.9980077
-0.06184972 -0.135702 -2.976428 -8.089341 0.6247231 0.5490185 0.1311232 18.93323 0.7059059 0 0.0
0.06872578 -0.01984416 1.579862 -2.904963 0.5191303 0.5309297 0.4850691 18.19129 1.125229 1 0.9391574
-0.001320808 -0.07303615 -4.708379 -8.08146 2.182768 1.770731 0.02481311 20.04195 0.8061562 0 0.0
-0.0008565061 -0.02228544 2.799374 1.10101 1.17171 1.059347 0.1755669 18.46691 0.6960182 0 0.0
0.0559751 -0.01259736 -1.901875 -0.1062873 1.347079 1.273199 0.3237193 19.54017 nan 0 0.0
0.002351406 -0.0004692131 1.556599 -1.597168 0.1351325 0.1393924 0.3178567 15.2779 1.108508 0 0.0
0.04931915 -0.04424717 1.105864 -2.951806 0.7756292 0.8123996 0.5483289 19.03519 0.7960415 0 0.0
-0.00115029 -0.02293394 0.3123039 -0.08848179 1.465056 1.042305 0.06463138 19.24689 nan 0 0.0
0.0200668 -0.05864973 -3.913167 -3.89723 0.9265445 0.9350515 0.4293389 19.42529 0.9497948 1 0.0002134626
0.06108642 -0.02045189 1.304273 -3.350774 0.7496499 0.7679301 0.3697294 19.06687 0.7540779 1 0.9329445
0.03527235 -0.03919261 -1.680806 -5.609102 1.519632 1.566035 0.5183054 19.88782 nan 0 0.0
0.001861615 -0.0003127971 0.9033789 -1.64884 0.6778292 0.7236576 0.5036683 18.23455 nan 0 0.0
0.08591817 -0.08117124 0.252187 -3.885155 3.615552 4.047599 -0.03458505 20.61312 0.9325161 0 0.0
-0.0001220209 -0.02313229 5.554507 -1.216576 2.237834 1.648043 0.2489058 19.39207 nan 0 0.0
-0.02781359 -0.01804851 -0.2292459 -2.006047 1.801799 1.246337 -0.5158015 19.78377 nan 0 0.0
0.01410623 -0.001813242 1.88405 -2.242038 0.5300583 0.5139577 0.470692 18.29408 0.6828213 0 0.0
0.01189695 -0.03576749 2.893973 -2.51139 1.256074 1.264191 0.5242858 19.59713 nan 0 0.0
0.05959364 -0.01953901 0.6218784 -2.210658 0.6301381 0.6472815 0.3607591 18.84145 0.7224712 1 0.9741078
-0.05919345 -0.06132108 -2.768114 -5.441262 1.47151 1.051757 -0.3414659 19.80525 0.6561413 1 0.0007768929
-0.004503245 -0.04274378 0.4476418 -2.794556 0.4614054 0.4449055 0.3534795 18.48119 nan 0 0.0
-0.1004073 -0.0006108868 -2.775055 -0.3553139 2.59955 1.946958 -0.4762631 20.57996 nan 0 0.0
0.03895222 -0.1194365 0.8976714 -2.349224 0.5271952 0.5009979 0.4244368 18.69343 0.9016724 1 0.9490074
-0.03555246 -0.1197858 4.394671 -5.196176 0.2080998 0.1827411 0.05103424 16.98586 0.9341259 1 0.0
0.04685779 -0.02666751 2.048048 -2.919548 0.8601341 0.8809329 0.5590337 19.13899 0.8774471 0 0.0
-0.02245127 -0.1028741 2.46366 -15.14557 0.66358 0.6445827 0.3041888 18.91876 1.182882 1 0.0
-0.02025458 0.007016412 0.917135 -2.154161 0.2223722 0.2015552 0.1681191 17.41956 0.9141846 0 0.0
-0.02804446 0.01082104 0.2109511 -2.855617 0.443859 0.4317874 0.5035486 18.27815 0.8238754 0 0.0
-0.04775635 -0.03709363 1.508294 -3.219581 1.006087 0.7951328 -0.2385999 19.44069 0.7641354 0 0.0
0.05709069 -0.0271131 1.845253 -1.340249 0.5130725 0.524148 0.4288171 18.5206 0.3279247 0 0.0
-0.03076921 -0.03545991 1.8082 -3.515136 1.008129 0.7194744 -0.3787385 19.23134 0.9494686 0 0.0
-0.006532803 -0.06598305 -5.627218 -4.821125 3.7889 3.23108 0.06360103 20.68061 1.480108 0 0.0
0.02522339 -0.004822061 0.002270357 -0.768733 0.6560664 0.6331056 0.181399 18.28289 nan 0 0.0
0.04456127 -0.01849125 1.184087 -1.625749 0.8551256 0.8643567 0.4876782 19.0675 0.6738529 0 0.0
