data/gcs/NGC_6256.ecsv
# %ECSV 0.9
# ---
# datatype:
# - {name: x, unit: deg, datatype: float64}
# - {name: y, unit: deg, datatype: float64}
# - {name: pmx, unit: mas / yr, datatype: float64}
# - {name: pmy, unit: mas / yr, datatype: float64}
# - {name: pmx_e, unit: mas / yr, datatype: float64}
# - {name: pmy_e, unit: mas / yr, datatype: float64}
# - {name: pm_corr, datatype: float64}
# - {name: g_mag, unit: mag, datatype: float64}
# - {name: bp_rp, unit: mag, datatype: float64}
# - {name: filter, datatype: int64}
# - {name: memberprob, datatype: float64}
# meta: !!omap
# - comments: [deg deg mas/yr mas/yr mas/yr mas/yr dimless mag   mag   zeroone float]
# - __serialized_columns__:
#     bp_rp:
#       __class__: astropy.units.quantity.Quantity
#       unit: &id001 !astropy.units.Unit {unit: mag}
#       value: !astropy.table.SerializedColumn {name: bp_rp}
#     g_mag:
#       __class__: astropy.units.quantity.Quantity
#       unit: *id001
#       value: !astropy.table.SerializedColumn {name: g_mag}
#     pmx:
#       __class__: astropy.units.quantity.Quantity
#       unit: !astropy.units.Unit {unit: mas / yr}
#       value: !astropy.table.SerializedColumn {name: pmx}
#     pmx_e:
#       __class__: astropy.units.quantity.Quantity
#       unit: !astropy.units.Unit {unit: mas / yr}
#       value: !astropy.table.SerializedColumn {name: pmx_e}
#     pmy:
#       __class__: astropy.units.quantity.Quantity
#       unit: !astropy.units.Unit {unit: mas / yr}
#       value: !astropy.table.SerializedColumn {name: pmy}
#     pmy_e:
#       __class__: astropy.units.quantity.Quantity
#       unit: !astropy.units.Unit {unit: mas / yr}
#       value: !astropy.table.SerializedColumn {name: pmy_e}
#     x:
#       __class__: astropy.units.quantity.Quantity
#       unit: &id002 !astropy.units.Unit {unit: deg}
#       value: !astropy.table.SerializedColumn {name: x}
#     y:
#       __class__: astropy.units.quantity.Quantity
#       unit: *id002
#       value: !astropy.table.SerializedColumn {name: y}
# schema: astropy-2.0
x y pmx pmy pmx_e pmy_e pm_corr g_mag bp_rp filter memberprob
[from data line 1164]
-0.001950982 -0.003267603 -2.656729 -1.803714 0.4919134 0.2992591 0.4157994 17.85022 nan 0 0.0
-0.03194596 0.008909825 -1.396662 -1.952085 1.108213 0.6490682 0.4489651 19.89656 1.708004 0 0.0
0.01920779 0.0511886 -1.833493 -2.488549 0.6689235 0.3513013 0.2855686 18.63372 2.531662 1 0.0002711724
0.02979941 -0.04316373 -3.122584 -0.5624097 1.377285 0.8594075 0.3869462 20.13662 1.34885 0 0.0
-0.001561667 -0.003038712 -3.992895 -1.068905 0.8726104 0.4740016 0.8687646 17.41238 nan 0 0.0
0.03775923 0.0201834 -8.074337 -5.378436 1.089105 0.7157623 0.4185213 19.46321 2.460749 0 0.0
-0.004127119 -0.03304903 -3.871446 -11.74379 1.48879 0.860625 0.2871778 20.25199 1.594416 0 0.0
0.03754425 -0.04516227 -3.170794 -2.697855 1.975948 1.089824 0.4722079 19.95401 2.052174 0 0.0
0.05960019 -0.0006817874 -1.684282 -3.63088 1.617924 1.049094 0.3187438 20.50975 1.714697 0 0.0
-0.01862043 -0.04592199 -3.956634 -3.994421 3.133088 1.380752 0.6337664 20.2227 nan 0 0.0
-0.02245318 0.003614621 10.03966 -1.424682 3.169055 2.002641 0.493584 20.06947 1.8283 0 0.0
0.005802232 0.03986498 -4.190842 -4.506253 1.506066 1.13221 0.7034261 19.84668 2.420757 1 0.006740638
-0.01869347 -0.04556725 -3.743567 -1.706462 0.6070868 0.3235498 0.5815283 18.12643 nan 0 0.0
-0.06252869 -0.01572932 2.199308 -2.165015 0.4446547 0.2399877 0.4090532 18.15879 1.991516 0 0.0
0.0005917951 0.0003029762 -3.252038 -2.204103 0.2590844 0.1582411 -0.01545898 14.68908 nan 0 0.0
-0.04848254 0.008843821 -1.888462 -5.228536 0.7925937 0.4188705 0.3864308 18.73865 2.165157 0 0.0
0.01305628 0.03306629 -8.948486 -17.69018 1.088252 0.8086014 0.4018938 19.74389 2.323568 0 0.0
-0.0004791123 0.03596658 -3.412826 -5.343744 2.218368 1.609712 0.1610136 20.47995 nan 0 0.0
-0.01333193 -0.04115632 1.727786 -1.557312 1.630692 0.9933664 0.6146422 19.90173 nan 0 0.0
0.009692152 -0.003127055 -5.729415 -2.537789 1.487385 0.8613058 0.7939712 19.09672 1.579882 0 0.0
0.01202839 -0.001200968 -3.433533 -0.09705359 1.338524 0.8615579 0.4454647 19.75203 nan 0 0.0
-0.01868281 -0.03949806 0.993062 0.279822 1.109333 0.6529863 0.6102467 19.55477 2.208595 0 0.0
-0.05478447 -0.009623616 -4.002645 -0.03704098 3.51288 2.178032 0.6540017 20.43996 2.670305 0 0.0
-0.007088283 0.03025565 1.791973 -3.497115 1.838574 1.003267 0.4306696 20.23403 1.696598 0 0.0
-0.0004424137 0.004995055 -3.327531 -1.825835 0.3114338 0.2014543 -0.07325614 17.53415 2.210272 0 0.0
0.05379984 0.02088323 -4.431936 -5.834425 0.2622478 0.1746037 0.1030914 17.48874 3.18996 1 0.0
-0.0363085 -0.05395454 -9.52538 -6.953981 2.85278 1.828627 0.6729417 20.63802 1.99094 0 0.0
-0.05504968 0.02050086 -6.50372 -6.184816 2.861939 1.315808 0.6362243 20.10151 1.389494 0 0.0
0.00828071 -0.004515437 -7.138005 -0.8578915 0.7900479 0.4973846 0.09199334 18.8554 1.627302 0 0.0
-0.00200004 0.01158683 -10.02773 -6.110112 2.236565 1.136317 0.5755609 19.98711 nan 0 0.0
-0.03897657 0.003806281 -0.5621972 -4.221782 0.2047206 0.1445052 -0.09992846 16.44245 nan 0 0.0
0.008767401 -0.004103505 -3.365277 -0.5487792 0.9096728 0.5538602 0.4409146 19.39643 nan 0 0.0
-0.03537635 0.006657628 -6.269477 -8.059422 1.273251 0.6665328 0.5457043 19.90598 2.424992 0 0.0
0.02411576 0.05573813 -3.814045 0.4920124 1.729453 1.344808 0.2797181 20.03349 2.566793 0 0.0
-0.007107321 -0.02623239 -1.113596 -4.275919 3.153856 1.391599 0.728012 20.3549 2.80076 0 0.0
0.04042323 -0.02770007 0.08536338 -7.87111 1.936261 1.277338 0.6528609 20.101 2.129999 0 0.0
-0.03453384 -0.05303055 -16.23525 -7.19291 0.8421021 0.5151507 0.4360316 19.24149 2.048174 0 0.0
-0.00558899 0.0007185742 -4.445028 -0.873944 0.2307455 0.163345 0.04936055 17.14449 2.155366 0 0.0
0.005968821 -0.00878768 -4.512559 -3.367275 0.9978066 0.620598 0.4496175 19.44677 2.221619 0 0.0
-0.01233583 -0.03482757 -6.087894 -6.235044 0.579075 0.3058879 0.5328576 18.37462 2.413464 0 0.0
0.04320891 -0.005519138 -2.657643 -6.005145 3.746457 1.887403 0.3687169 20.41462 2.086372 0 0.0
-0.002813894 -0.02727352 -6.333891 -5.34777 2.104285 1.154231 0.2117907 20.26867 1.898182 0 0.0
-0.03210317 -0.02209229 -5.420477 -2.385752 0.9385606 0.565923 0.3714521 19.715 1.861498 0 0.0
-0.04487821 0.04565406 1.810705 1.706414 0.7450604 0.3289625 0.3805282 18.71674 2.290653 0 0.0
0.05037795 0.01776898 -4.079786 -2.025295 0.8661483 0.5979343 0.3758925 19.53481 2.320995 1 0.4665941
0.04354952 -0.005572739 -9.927905 -1.54685 3.128378 1.729996 0.5217387 20.29209 2.486406 0 0.0
8.082518e-05 0.03533334 -3.691469 -1.888471 2.391816 1.088677 0.2540151 20.3599 nan 0 0.0
0.05595506 0.02238466 -4.125307 -7.049587 1.232563 0.8257472 0.4194799 19.94259 1.928844 0 0.0
0.04747827 0.01248749 -5.311255 -5.611932 0.3151765 0.2171268 -0.02094821 18.05335 2.964136 1 0.0
-0.02029969 -0.04120746 -4.37364 -6.011242 1.558711 0.9322011 0.5730821 19.83632 1.817238 0 0.0
-0.03248142 0.009039297 -1.554327 -1.145019 1.942001 1.140537 0.4439096 20.47161 nan 0 0.0
-0.01936556 0.06257924 -3.719748 -4.208278 0.8415761 0.6027166 0.2656621 19.66997 1.962286 0 0.0
-0.0370959 0.01457612 -10.12664 0.09630821 4.452966 2.051373 0.3764356 20.71351 1.561071 0 0.0
-0.03927068 -0.03903674 0.8135761 1.447535 3.189622 1.591906 0.6250702 20.49141 2.094534 0 0.0
0.01885664 0.01003574 -6.488748 -1.949424 0.5875688 0.4975817 -0.2435413 18.95336 2.457151 0 0.0
-0.02780697 0.03715548 4.060465 2.84927 3.553828 1.564325 0.6167636 20.34792 1.641136 0 0.0
-0.04159369 0.00586864 -2.730476 2.766359 1.937692 1.557203 0.06992756 20.3756 nan 0 0.0
0.004399407 -0.01017231 -3.546419 -2.072954 0.2359573 0.1505078 0.2112518 17.39823 2.307772 1 0.6617374
0.05476208 0.0219888 -4.681272 -3.623526 1.918309 1.102208 0.5510011 20.17266 1.978775 0 0.0
-0.05767835 0.02041498 -1.52762 -2.65754 0.9197486 0.5528578 0.3913077 19.70626 1.656954 0 0.0
-0.04626808 0.02903259 -6.204093 -2.537995 1.622624 0.879678 0.5222234 19.97985 1.864559 0 0.0
0.04556556 -0.01138753 -2.030415 5.820771 0.4929866 0.2854908 0.1748848 18.48737 2.279083 1 0.0
-0.01262943 -0.02440587 -2.39891 -3.135495 0.8783968 0.5858573 0.5509362 19.25276 1.998055 0 0.0
-0.004835176 0.009076628 -3.654087 -1.199711 0.2293513 0.1417123 -0.03007952 17.05197 2.548234 1 0.9858163
0.003267559 -0.02147901 -0.2467858 1.856925 1.05671 0.7465747 0.355195 19.58684 2.105185 0 0.0
-0.05082991 0.02534466 1.235428 -2.0124 0.7967531 0.4868382 0.449386 19.29763 2.030727 1 0.0
-0.04196538 -0.04791117 -4.495844 -3.248982 2.254958 1.287151 0.6295019 20.36752 1.985331 0 0.0
-0.03274709 -0.05183957 -3.428811 -4.655597 2.011849 1.150254 0.6366522 19.99898 2.058056 0 0.0
-0.008383836 -0.03124503 -1.698613 -7.036023 1.774116 1.006553 0.5038522 20.06449 2.290213 0 0.0
-0.01324981 -0.02399399 -6.868236 -4.793799 1.796643 1.198794 0.3915359 20.27816 2.409193 0 0.0
0.01394891 0.05514177 -0.1287888 1.266783 1.487753 1.070689 -0.009092322 20.02364 2.269888 0 0.0
0.01888844 -0.008850837 -3.125774 -3.207761 1.049764 0.9187752 0.230844 19.64398 1.810644 0 0.0
0.002246452 -0.0008223905 -2.726093 -0.9373244 0.2468035 0.1541678 -0.07842641 16.61799 2.456869 0 0.0
-0.01494167 0.04383101 4.215884 -5.290393 0.6629446 0.3086502 0.321521 18.59368 2.177221 1 0.0
-0.01323945 0.05594299 -2.243569 -6.253181 1.118669 0.6716279 0.1779596 19.46514 nan 0 0.0
-0.01411099 -0.0368306 -4.853651 -6.614549 1.039271 0.5453195 0.6369967 18.9149 2.221191 0 0.0
-0.003847683 -0.02759018 -8.817664 -0.7238602 2.302235 1.398912 0.5007565 20.34871 1.755976 0 0.0
-0.001804716 -0.01462014 -0.5335791 0.6906092 1.408412 1.11019 0.5415232 19.72302 1.998739 0 0.0
0.008080643 -0.05513263 -1.290494 -2.618453 2.835509 1.698909 0.1914345 20.47302 2.060488 0 0.0
-0.04906568 0.02619269 -3.335296 -2.198134 2.014949 1.088276 0.5733071 20.38956 1.844364 0 0.0
0.02825829 0.03052537 -5.46803 -2.299421 0.161585 0.1227354 -0.1460286 16.08237 3.171991 1 0.0
-0.01912776 -0.01112446 -0.2226227 -3.179093 1.173864 0.7932312 0.3665923 19.60639 nan 0 0.0
-0.006754242 -0.0303179 -0.3179159 -2.127432 1.898233 1.051443 0.4899291 20.15111 1.967751 0 0.0
-0.008725613 -0.02042659 -2.965747 0.4388995 1.945583 1.051691 0.4704487 20.23006 1.604074 0 0.0
-0.02483766 -0.03444536 -0.05650648 -1.872615 1.058529 0.7228502 0.3808502 19.83936 1.918144 0 0.0
-0.005344353 -0.01767588 0.5622162 1.353121 1.616389 1.008241 0.6283566 19.93929 1.53339 0 0.0
0.02413755 0.04768911 -8.053784 -7.778511 0.5999465 0.320942 0.4943366 18.37086 2.094303 1 0.0
-0.002304079 0.00576559 -3.289202 -1.628896 0.5768295 0.2950436 0.2925239 18.16557 2.042738 0 0.0
0.03139904 0.002253407 3.859267 0.5989177 1.439006 1.061106 0.627461 19.90453 2.274942 0 0.0
0.04072043 0.02739927 -3.421669 -0.05264779 2.901263 2.194613 -0.2734401 20.54149 2.263447 0 0.0
-0.04875012 0.02757763 -3.394231 -2.389376 0.4568287 0.2373811 0.4487873 18.25222 2.471678 1 0.001642556
-0.02624014 -0.05813128 5.759842 -9.250269 2.356999 1.377997 0.1621091 20.42166 1.696421 0 0.0
-0.01892459 0.05215379 -6.576395 -4.478003 0.7211107 0.3751667 0.4629645 18.91458 nan 0 0.0
0.01983516 -0.06347372 -1.287039 -10.11872 1.771015 1.020306 0.4919963 19.77992 1.872526 0 0.0
0.01200785 -0.05390481 -4.174432 -2.991842 0.4952297 0.2809424 0.2911242 18.51257 2.693727 1 3.932585e-05
-0.0004787325 -0.02407675 -6.045744 -4.650018 0.8786934 0.5759184 0.3657751 19.26951 1.912722 0 0.0
-0.03490171 0.03286863 7.131951 0.8253441 2.636265 1.223211 0.5324929 20.14606 nan 0 0.0
-0.02769136 -0.04588662 -1.975044 -6.188697 0.9827268 0.5589713 0.5130206 19.58223 2.231663 0 0.0
-0.02343816 0.001748935 -0.8151428 -7.27999 2.350336 1.289711 0.1313005 20.16403 1.885868 0 0.0
-0.02825354 0.05959717 -5.47099 -2.947551 1.021396 0.5905654 0.1760184 19.60631 2.274399 0 0.0
-0.002316154 0.002732905 9.440814 -7.48935 0.4981163 0.2790548 0.2436119 17.3281 nan 0 0.0
-0.03839602 0.03469037 2.108945 -1.04385 2.227585 1.233696 0.05632409 20.27286 1.544189 0 0.0
0.01522712 0.0539933 -2.817546 -2.828403 1.998022 1.20693 0.06608638 20.51336 1.670694 0 0.0
0.004366346 0.04944378 -1.180957 -4.311397 0.7971524 0.5976492 0.3960512 19.26611 2.432945 0 0.0
0.04939105 0.01598435 -7.283318 -4.940735 2.224737 1.265117 0.5019176 20.24074 2.851814 0 0.0
-0.02913621 0.04344541 1.956074 -0.5315564 0.9589339 0.6079148 0.2809186 19.63118 2.192846 0 0.0
-0.04893408 -0.007933512 -1.834466 0.4165411 2.927987 1.494414 0.5947809 20.39321 2.106306 0 0.0
0.009216053 -0.01637544 -0.8671334 0.6248347 1.294749 0.8123403 0.3265469 19.63446 1.553049 0 0.0
-0.004302892 0.06405788 0.969081 -1.943371 0.9812888 0.7229047 0.2300792 19.8917 2.160667 1 2.558362e-05
-0.003825025 0.005403132 -2.253623 -0.2785779 1.735015 0.8555388 0.4930778 19.96491 2.206625 0 0.0
-0.005321257 -0.0001473428 -2.196803 -0.23885 1.787727 1.23705 0.2332886 19.95868 nan 0 0.0
0.01789337 0.001708487 -4.985724 -2.081057 2.216517 0.902458 0.4172729 19.8258 1.877054 0 0.0
-0.04691333 0.02928777 -6.111006 3.140039 1.828748 0.9790045 0.3682937 20.37938 2.380653 0 0.0
-0.03641411 0.03924991 -3.507375 -1.482782 0.8355657 0.5136925 0.2969279 19.47989 1.857815 0 0.0
-0.03468591 0.04008233 0.89414 -3.161875 0.7284494 0.4541668 0.3067281 19.32124 2.02733 1 0.0
-0.05843392 0.02174573 2.986657 -3.338162 0.68888 0.4934773 0.2287272 19.1216 1.98502 0 0.0
-0.03697353 0.03812812 0.02366584 0.3708069 0.7214811 0.48373 0.2245527 19.3967 1.936325 0 0.0
0.03344412 0.004503202 -2.010951 -0.2610137 2.532663 1.584361 0.4260543 19.94696 2.521189 0 0.0
-0.0008925237 -0.002722082 -5.528056 -2.894778 0.4863309 0.3192764 0.2319219 16.69389 2.438313 0 0.0
-0.004042062 -0.03166811 -3.536675 -6.518339 0.3602659 0.2001295 0.3497644 18.05743 2.193525 1 0.0
-0.06251472 -0.0179075 -3.188187 0.2164917 3.674964 1.573972 0.7072139 20.28442 nan 0 0.0
-0.02810879 -0.03509119 -0.1489079 -3.020321 0.9526132 0.5748615 0.4634458 19.34567 1.999958 0 0.0
0.04002957 0.009852028 -4.597909 -1.19556 1.02052 0.4547632 0.5729112 18.77684 2.647427 1 0.6555051
0.02995738 0.04878948 -6.469433 -3.421332 0.5523855 0.3043367 0.4338223 18.38115 2.834736 1 0.0
0.009676506 -0.03032203 2.814185 -0.05826802 1.145676 0.7241074 0.1396526 19.27809 2.418291 0 0.0
-0.0168554 -0.05451991 -5.587803 -2.885118 4.364694 2.068676 0.3129965 20.72155 1.702751 0 0.0
-0.04830795 0.002210173 -4.707603 -1.764312 0.4824232 0.2576131 0.4013304 18.27242 2.242853 1 0.5817863
-0.02058021 0.05138279 1.572271 0.05240996 1.195126 0.6598703 0.1592487 19.8769 1.861427 0 0.0
0.01038553 -0.003832866 -3.877321 -2.305149 1.53353 1.090839 0.4525023 19.98927 1.849535 0 0.0
-0.013637 -0.03522834 -2.732174 -1.848552 0.9569721 0.5659344 0.6239472 19.36973 1.974304 1 0.421337
-0.0457457 0.03067322 -0.1805321 -1.07423 0.8530553 0.523664 0.3371376 19.54755 1.786299 0 0.0
-0.04154836 0.0341432 -3.377224 -3.412495 0.732039 0.4825085 0.2566783 19.22825 1.983896 0 0.0
-0.008093248 -0.0191486 -2.470751 -4.277992 1.358294 0.8477764 0.6257389 19.79747 2.111874 0 0.0
-0.01824302 0.05313433 -0.09341958 0.5290608 1.911756 1.230846 0.6624545 19.82874 1.889812 0 0.0
0.04301768 -0.04226601 -2.916132 -2.486304 1.586542 1.064746 0.4883838 19.88799 1.763809 0 0.0
-0.001658523 -0.02467949 -4.534935 -1.89341 3.078009 1.682752 0.65195 20.25477 1.727482 0 0.0
0.05331223 0.01973917 -3.734741 -5.588179 0.4786252 0.2607884 0.3685969 18.32395 3.045719 1 0.0
0.005762272 -0.005339178 -20.55246 -7.972262 3.436676 1.628195 0.5151928 20.16003 nan 0 0.0
-0.007597343 0.008824631 -15.76687 -7.849202 2.307606 1.202107 0.6257163 20.06351 nan 0 0.0
-0.02323561 0.05545611 -7.0626 -1.733991 1.353536 0.7327326 0.3391686 19.91947 2.030752 0 0.0
-0.02897606 0.03849781 -2.499025 -0.9661187 0.3640574 0.2458753 -0.268345 17.89176 2.389332 1 0.00444788
0.02584089 0.008809158 -4.251128 -4.317563 1.186762 0.738819 0.385032 19.36716 2.493755 0 0.0
-0.03733915 -0.0103645 -1.429824 -11.7414 1.001884 0.6333596 0.2999134 19.77949 2.498646 0 0.0
-0.01576251 0.01027296 3.719851 -2.186323 1.957365 1.053055 0.3132605 19.92282 1.87995 0 0.0
0.006591263 0.01427593 -3.476683 -1.588573 0.6307371 0.3456223 0.4414713 18.32616 2.495461 1 0.961774
0.03855468 -0.04282436 -6.308461 -4.990491 0.2385856 0.1741001 -0.2844563 17.20114 2.690971 1 0.0
0.003693177 -0.02350464 -4.027117 -0.912076 0.5801306 0.4785255 0.007353182 18.99499 1.793455 0 0.0
-0.02524241 0.04885605 -2.146052 -5.626605 1.306736 0.959922 0.2227086 20.01922 2.063648 0 0.0
-0.04195965 -0.0144105 -2.125952 -5.083251 3.51754 2.617585 0.6736044 20.59078 nan 0 0.0
0.04983731 0.02838945 0.3314939 -0.5148865 0.9354989 0.5713522 0.4061223 19.21695 2.254953 0 0.0
-0.02102865 0.0002046904 -1.030352 -4.740617 0.1614751 0.1062151 0.07842847 16.58972 2.323779 1 0.0
-0.01416195 -0.0244214 1.535383 -1.10549 0.7251742 0.5032097 0.26151 19.2287 nan 0 0.0
0.007669587 -0.03232833 -3.36686 -0.9499131 0.2828992 0.1816825 0.1627549 17.84544 2.662506 1 0.6496034
-0.04339336 0.04634538 6.788552 -11.79635 1.281367 1.126786 0.04763021 19.43178 2.22007 0 0.0
-0.04669091 -0.03527585 -3.56026 -1.226419 0.4072598 0.2217754 0.4088587 18.08334 2.434858 1 0.7747595
0.0001173149 0.01748056 -3.4168 -1.197002 0.6391471 0.3358011 0.5380174 18.29013 2.432777 0 0.0
-0.01421072 -0.02380724 -3.788935 -0.7899209 0.5663336 0.3562141 0.3805647 18.44323 2.023476 0 0.0
0.02304516 0.05857659 -0.6740115 -2.108759 1.101201 0.528357 0.64509 18.85672 2.144917 1 0.0001001266
-0.006297758 0.03786985 -5.086828 -2.019689 1.475276 0.9021065 0.241429 20.11669 1.735268 0 0.0
-0.03749196 -0.04564671 -2.196998 -10.25651 0.7665073 0.4098903 0.4209502 18.87481 2.324827 1 0.0
0.04510002 0.02396737 -0.2686219 -3.321981 1.97356 1.071286 0.2213932 19.95043 2.443352 0 0.0
-0.03467987 0.05348336 0.05955804 -1.410013 1.136726 0.7159172 0.2955146 19.95941 2.14455 0 0.0
-0.02251257 -0.001256766 1.545431 -1.398541 0.1467746 0.105096 -0.03972402 16.71724 2.353512 1 0.0
-0.0169426 0.009143551 -3.308378 -4.263857 1.206667 0.6482816 0.3940679 19.56024 1.84314 0 0.0
-0.007869871 0.05532957 -5.11407 -5.406328 0.7624275 0.3861261 0.3343994 18.86726 2.376204 0 0.0
