data/gcs/NGC_6809_M_55.ecsv
# %ECSV 0.9
# ---
# datatype:
# - {name: x, unit: deg, datatype: float64}
# - {name: y, unit: deg, datatype: float64}
# - {name: pmx, unit: mas / yr, datatype: float64}
# - {name: pmy, unit: mas / yr, datatype: float64}
# - {name: pmx_e, unit: mas / yr, datatype: float64}
# - {name: pmy_e, unit: mas / yr, datatype: float64}
# - {name: pm_corr, datatype: float64}
# - {name: g_mag, unit: mag, datatype: float64}
# - {name: bp_rp, unit: mag, datatype: float64}
# - {name: filter, datatype: int64}
# - {name: memberprob, datatype: float64}
# meta: !!omap
# - comments: [deg deg mas/yr mas/yr mas/yr mas/yr dimless mag   mag   zeroone float]
# - __serialized_columns__:
#     bp_rp:
#       __class__: astropy.units.quantity.Quantity
#       unit: &id001 !astropy.units.Unit {unit: mag}
#       value: !astropy.table.SerializedColumn {name: bp_rp}
#     g_mag:
#       __class__: astropy.units.quantity.Quantity
#       unit: *id001
#       value: !astropy.table.SerializedColumn {name: g_mag}
#     pmx:
#       __class__: astropy.units.quantity.Quantity
#       unit: !astropy.units.Unit {unit: mas / yr}
#       value: !astropy.table.SerializedColumn {name: pmx}
#     pmx_e:
#       __class__: astropy.units.quantity.Quantity
#       unit: !astropy.units.Unit {unit: mas / yr}
#       value: !astropy.table.SerializedColumn {name: pmx_e}
#     pmy:
#       __class__: astropy.units.quantity.Quantity
#       unit: !astropy.units.Unit {unit: mas / yr}
#       value: !astropy.table.SerializedColumn {name: pmy}
#     pmy_e:
#       __class__: astropy.units.quantity.Quantity
#       unit: !astropy.units.Unit {unit: mas / yr}
#       value: !astropy.table.SerializedColumn {name: pmy_e}
#     x:
#       __class__: astropy.units.quantity.Quantity
#       unit: &id002 !astropy.units.Unit {unit: deg}
#       value: !astropy.table.SerializedColumn {name: x}
#     y:
#       __class__: astropy.units.quantity.Quantity
#       unit: *id002
#       value: !astropy.table.SerializedColumn {name: y}
# schema: astropy-2.0
x y pmx pmy pmx_e pmy_e pm_corr g_mag bp_rp filter memberprob
[from data line 24749]
-0.009747176 0.003298514 -6.569657 -15.09236 1.051104 0.9447193 0.2769979 17.55057 0.7492924 0 0.0
0.09868459 0.06543714 -1.906558 -7.998286 0.9100125 1.001779 0.5954559 19.73897 0.5521374 0 0.0
-0.0623736 0.002803711 -3.836843 -9.482922 1.185908 1.279228 0.5369044 19.75611 nan 0 0.0
-0.001556314 0.01396298 -3.477363 -9.096047 0.1523981 0.1321922 0.1904101 16.6786 0.9746046 0 0.0
0.07158554 0.03568567 -4.343035 -10.35554 0.2046948 0.2025291 0.428055 17.10461 0.9032803 0 0.0
0.02940988 0.02789928 -3.537939 -10.44709 0.8355108 0.5857577 -0.1679504 18.31302 nan 0 0.0
-0.001267642 -0.04442667 -1.740461 -11.29335 0.9026369 0.9305522 0.316943 19.37124 nan 0 0.0
-0.002916099 -0.0245693 -3.744894 -9.147774 0.2708872 0.2542764 0.3291588 17.50587 0.7179184 0 0.0
-0.02495726 0.02489838 -3.120714 -8.35043 0.2908444 0.2763101 0.2848399 17.42658 0.7871513 0 0.0
-0.01907789 0.07547688 -2.919658 -9.108695 0.4641234 0.43863 0.3755633 18.38314 0.7512589 0 0.0
0.02611273 0.1278204 -4.754022 -9.53986 1.789867 1.993086 0.6213017 20.24547 0.814724 0 0.0
-0.05176778 0.03772598 -3.406288 -9.621714 0.7187328 0.7671914 0.5360151 19.23295 0.6881104 0 0.0
-0.09656019 0.1160317 -4.421322 -9.069934 0.6801573 0.4792586 0.09291772 18.9161 0.8092632 0 0.0
0.09892754 -0.05387925 -3.922449 -8.94031 0.5700959 0.6051158 0.4978254 18.9479 0.922142 1 0.9912089
0.03373254 -0.03603075 0.2099829 -7.066027 2.677391 2.516297 0.4120782 20.16725 nan 0 0.0
-0.06653366 0.0391607 -3.856362 -8.297188 1.222477 1.087626 0.4298268 19.7287 0.783205 0 0.0
0.05118696 -0.0724269 2.307347 -8.8813 0.8498184 0.7357731 0.203555 18.89735 1.303482 0 0.0
-0.001269258 0.07735179 -2.17193 -9.778311 1.010127 0.9808667 0.4834532 19.69497 0.7898521 0 0.0
0.06930539 0.03205385 -3.095518 -9.337873 0.3000046 0.3052599 0.4784586 18.00824 nan 0 0.0
-0.03731599 -0.03194655 -3.512846 -9.511686 0.1010115 0.08301696 0.047935 15.46389 1.07908 1 0.9995243
0.1887019 0.05954158 6.78088 -13.48337 1.152576 1.211599 0.4879174 20.13717 1.596876 0 0.0
-0.001921187 -0.0624454 -3.731215 -10.24452 0.3632047 0.356314 0.3861324 18.15077 0.3741779 0 0.0
0.0617063 0.0607513 -3.424108 -9.767628 0.3847987 0.409469 0.4960885 18.46169 0.7576962 0 0.0
-0.05481207 0.0508907 -6.234997 -9.695028 1.416888 1.460786 0.5006044 19.82388 1.002407 0 0.0
0.03719812 -0.07063896 -0.7399122 -4.836596 1.286719 1.324387 0.3821494 19.44399 nan 0 0.0
0.03301519 0.007609634 -4.820038 -10.5069 0.8999192 0.9521202 0.3632625 19.29362 nan 0 0.0
0.05748215 0.04686082 -3.586719 -9.744941 0.8118551 0.7884696 0.3873557 19.29573 0.6144047 0 0.0
0.05112357 -0.04437741 -3.443395 -10.97186 0.9600884 0.8802401 0.517451 19.03489 0.7509861 0 0.0
-0.01367594 0.02671646 -2.75994 -13.65232 1.12273 1.02858 0.3837572 18.74887 nan 0 0.0
-0.04733934 -0.02357773 -4.954427 -10.94301 1.181915 0.9666212 0.06521147 18.0041 0.8430195 0 0.0
-0.06587231 -0.00876671 -1.287755 -6.777853 1.362668 1.311557 0.3573006 20.00095 0.8396816 0 0.0
-0.07704223 0.1502347 -4.56493 -9.395026 1.025299 0.9490263 0.3978451 19.90923 0.8866673 0 0.0
-0.08679115 0.0622348 -2.676333 -9.409201 0.9714637 0.8997165 0.3832224 19.69531 0.6703663 0 0.0
0.04334081 0.09721652 -3.573411 -9.818514 0.4961025 0.493376 0.4886901 18.66263 0.7643414 1 0.9961572
-0.02088363 0.06942449 -3.415246 -9.50569 0.3089454 0.290339 0.3171676 17.93983 0.7452888 1 0.9990105
-0.02480304 -0.06486712 -0.9693422 -8.589576 1.507906 1.180812 0.04916138 19.87113 0.79673 0 0.0
0.0368582 -0.07059305 -3.702288 -9.438319 1.324971 1.542675 0.6675492 19.71438 nan 0 0.0
-0.07283909 0.03421034 -2.94226 -8.927767 0.4288803 0.3754477 0.2031684 18.41812 nan 0 0.0
0.09985332 0.006048703 -2.747497 -9.365835 0.65188 0.6830342 0.5101558 19.24879 0.7063732 0 0.0
-0.03652582 -0.04596525 -2.473626 -9.72092 0.4822179 0.4210675 0.05062103 18.23058 0.7933064 0 0.0
-0.004200614 0.03425328 -3.198284 -8.903815 0.3781006 0.3958848 0.4093281 18.08934 0.7793388 0 0.0
-0.0602683 0.1505882 -1.630585 -1.985895 1.410465 1.271168 0.3586951 20.30195 0.6572571 0 0.0
-0.05261209 0.002142016 -3.28225 -8.684037 0.3800464 0.3392976 0.237097 17.97264 nan 0 0.0
0.04727245 0.04897022 -3.549145 -9.038678 0.3425627 0.3450867 0.4789601 18.03312 0.7550201 1 0.9986134
-0.08899359 0.1499974 -4.053301 -9.622594 0.8782978 0.7929529 0.3146256 19.713 1.001822 1 0.9793174
-0.1044897 0.05960211 -3.967245 -9.08172 1.092973 1.033747 0.3893675 19.85984 0.8956718 0 0.0
-0.04058586 0.02938482 -4.2035 -10.05896 1.258805 1.376892 0.4889746 19.7451 0.836134 0 0.0
0.04789013 -0.02455648 -3.316609 -9.141443 0.2602151 0.2516077 0.3596448 17.72233 0.739872 0 0.0
0.03701501 0.06416486 -4.507369 -10.50449 0.6940222 0.6486628 0.3263892 17.62537 0.7600098 0 0.0
0.01378638 0.05338498 -3.035013 -9.990563 0.383982 0.3726399 0.4370112 18.48268 0.8025055 0 0.0
0.0598753 -0.1028904 3.201414 -4.059886 1.295161 1.175335 0.1014904 19.35204 0.8902187 0 0.0
0.06542274 -0.1325838 -2.545651 -9.590719 0.8638839 0.7823777 0.058855 19.36926 0.859951 1 0.9775138
0.009122999 0.02430611 -3.488574 -9.606513 0.1040463 0.08754166 0.1428676 15.78231 1.063261 0 0.0
-0.1126775 0.03051718 -3.682803 -10.16368 0.7609279 0.7208056 0.3800636 19.40589 0.9014378 0 0.0
-0.03319377 0.1508913 -4.098616 -9.57024 1.404853 1.348605 0.4780038 20.1721 1.113871 0 0.0
0.007971249 0.02381221 -2.131485 -8.766416 0.9442258 0.8785289 0.4093304 18.98072 nan 0 0.0
0.04184725 0.03630033 -3.268446 -9.288352 0.2191291 0.2145977 0.4154519 17.36341 0.8406677 1 0.9994838
0.08235863 0.05172351 -2.682339 -8.721136 0.9853163 1.014759 0.4980162 19.65438 0.8873386 0 0.0
0.039697 0.02761327 -4.184671 -9.601184 0.9522856 0.8698825 0.3278633 19.45412 1.191378 0 0.0
-9.063319e-05 -0.01541589 -3.183679 -9.527723 0.1192122 0.1017167 0.3129008 15.19937 0.2145281 0 0.0
0.08787948 0.1047848 -4.361043 -9.667401 0.5954076 0.6428552 0.575065 18.9998 0.8406792 1 0.9870971
0.01412723 0.05658356 -3.311924 -9.170423 0.3270428 0.3005575 0.3102278 17.42813 0.6466351 0 0.0
-0.04028022 -0.01257863 4.840924 -1.852048 0.6358796 0.5913002 0.3221401 18.92084 nan 0 0.0
-0.03223898 0.03963237 -4.121168 -9.946591 0.5582281 0.5607207 0.4638233 18.80448 nan 0 0.0
0.05238231 0.009182167 1.606091 -16.98074 1.315445 1.478346 0.2341593 19.3791 nan 0 0.0
0.02484707 0.1986537 -2.824029 -8.253839 1.842474 2.255554 0.7655336 20.16666 1.163702 1 0.8740237
0.07231398 0.02967125 -3.56076 -9.811509 0.2876153 0.2700592 0.1434891 17.73317 0.728466 1 0.997322
0.01392243 0.08875672 -1.31538 -8.865394 1.320644 1.278098 0.4733509 20.09631 0.7237968 0 0.0
-0.06543148 0.1504017 -4.235051 -9.947399 0.4614357 0.4517949 0.4462188 18.85288 0.882822 1 0.9825568
0.03457147 -0.03090029 -3.235672 -9.740299 0.4480992 0.4220536 0.3339522 18.38094 nan 0 0.0
0.06322044 0.0537904 -3.899235 -10.3827 0.6004525 0.6348512 0.4897191 19.06141 0.8376389 0 0.0
0.01749471 0.0005374752 -4.773615 -8.6689 0.4231548 0.3562557 0.1567921 16.80086 0.836854 0 0.0
0.06766705 0.1215344 -4.45668 -10.76309 1.443133 1.698321 0.5979215 20.13062 1.025946 1 0.9690337
-0.039706 -0.009189027 -9.077822 -7.49879 0.3385101 0.3223525 0.3165034 18.00947 1.016714 0 0.0
-0.0004830999 -0.0150268 -7.951197 -9.694615 0.9380137 0.9560659 0.6194447 17.47412 nan 0 0.0
-0.04391528 -0.01667531 -2.904887 -9.27663 0.2882956 0.311136 0.4442909 17.53966 nan 0 0.0
0.04711355 -0.00780003 -3.425196 -9.271344 0.4771294 0.4714104 0.5791669 17.89926 0.8081932 0 0.0
0.02447878 0.09125894 -4.232664 -10.79998 4.03846 2.876657 -0.3418647 20.58827 1.470396 0 0.0
0.01145681 0.05952314 -2.383593 -9.36211 0.2811659 0.2457651 0.2797223 17.81969 0.7740135 0 0.0
-0.02670193 0.08617336 -3.627641 -9.2952 0.2322408 0.19375 0.3001002 17.40563 0.8077984 1 0.9992354
0.03488263 -0.03846494 -2.67683 -8.85593 0.4400611 0.4128916 0.2749099 18.24899 0.7410011 0 0.0
-0.02911561 0.01328527 -3.202212 -8.751414 0.3190526 0.2926504 0.2673389 17.75288 0.7401009 0 0.0
-0.08835937 0.05907098 -1.416475 -8.018431 1.462917 1.351861 0.4588238 20.09998 0.4531479 0 0.0
-0.01507988 -0.03379057 -3.43662 -9.000131 0.7612916 0.6121075 -0.07825914 18.90472 nan 0 0.0
-0.01723218 0.006284364 -4.352653 -8.48123 0.5059894 0.3940613 -0.39698 17.26619 nan 0 0.0
0.02250098 0.03471802 -3.615731 -8.773975 0.4591019 0.3588645 -0.03316894 18.26987 0.7152061 0 0.0
-0.01222671 -0.04788165 -3.013143 -9.79369 0.7984611 0.6705864 0.0712405 19.14259 nan 0 0.0
0.1005004 -0.0007783805 -2.201352 -7.184221 1.746414 2.063398 0.7327754 20.1578 0.9068565 0 0.0
0.08855449 -0.0149477 -2.851175 -9.007463 0.4624728 0.5201531 0.6046803 18.40097 1.461056 0 0.0
0.07979033 0.04884941 -3.176402 -9.25664 0.193917 0.1989757 0.4686749 17.29776 0.8268147 1 0.9991307
-0.05379469 0.05753839 -4.009265 -9.632187 0.4388793 0.4385167 0.4474549 18.5336 0.9484329 0 0.0
-0.05347507 0.001071514 -3.352313 -8.844419 0.6855839 0.67043 0.3304206 19.0013 0.7661648 0 0.0
0.01222748 -0.05655818 -3.824744 -7.820181 1.176062 1.165184 0.2409899 19.50515 1.086582 0 0.0
0.001114542 0.1235134 -2.671164 -9.741802 0.5326214 0.5629247 0.5949894 18.86764 0.841444 1 0.9653279
0.1485707 0.1845436 -12.52675 -14.47553 3.90908 3.301841 0.358017 20.73762 2.014927 0 0.0
0.0240623 -0.1060027 -7.191393 -9.385905 2.538544 2.186015 0.3555227 20.19079 -1.017414 0 0.0
0.09875793 0.08577321 -1.020815 -5.710501 0.9903132 1.072946 0.5776749 19.83904 0.4516087 0 0.0
-0.06386075 0.1137856 -3.110661 -10.02181 0.5182944 0.4605962 0.4026975 18.48867 0.8167877 0 0.0
0.07284392 0.03808226 -3.344099 -9.282905 0.3321585 0.3407764 0.4915446 18.1808 0.8151722 1 0.9989235
0.04483047 -0.07744956 -4.736862 -6.499895 3.790189 2.92568 -0.3724185 20.46503 nan 0 0.0
0.06600559 -0.08348527 -3.302134 -8.65686 0.2779669 0.2552889 0.1531222 17.89159 0.8595581 0 0.0
-0.0428192 0.04799194 -3.793416 -9.517334 0.3730454 0.3549368 0.3555094 18.19961 0.7438278 1 0.998526
0.02252726 0.03515861 -6.919937 -8.232329 1.091371 0.8214345 -0.05056741 19.19074 nan 0 0.0
-0.003752213 -0.05160981 -2.557888 -7.784621 0.84395 0.7334572 0.18742 18.15373 0.7252769 0 0.0
0.09102059 0.01948146 -3.880889 -10.05155 0.4521512 0.4690344 0.4953501 18.72535 0.7609482 1 0.9952729
0.01778116 -0.006988976 -2.947599 -9.546451 0.3964306 0.2952876 -0.09772523 17.51514 0.8334084 0 0.0
-0.04269578 0.006139046 -3.167374 -9.761983 0.3323814 0.262328 -0.09471527 17.61086 0.7393265 0 0.0
-0.1606727 0.1789813 -5.068346 -6.263915 0.06811725 0.05540875 0.1927846 14.51493 1.312072 1 0.0
-0.04970094 0.04021807 -3.516009 -9.249986 0.2304939 0.2340912 0.4151333 17.40722 0.7967072 0 0.0
-0.0938868 0.008252022 1.72897 -8.40636 1.242596 1.152197 0.3383893 19.88919 0.6562672 0 0.0
0.04080755 -0.06868159 -12.40156 1.238475 1.175271 1.164448 0.3905483 19.77104 0.8640404 0 0.0
0.02783597 0.01643849 -4.155924 -10.82839 0.3442277 0.3219424 0.2999874 17.83643 0.8611889 0 0.0
0.04217959 0.01822042 -2.536794 -10.20083 0.687439 0.6578802 0.2785726 18.6029 0.847086 0 0.0
0.1385898 0.1540487 0.8800304 -9.7284 0.5206877 0.5809206 0.6044309 18.87123 1.435469 1 0.0
0.01073437 -0.07775626 -4.115696 -9.523198 0.7340381 0.7275278 0.369518 19.27789 0.615572 0 0.0
0.01589016 -0.04905712 -3.73395 -9.711602 0.3883449 0.3786018 0.3493479 18.32102 0.8110237 1 0.998405
-0.03642863 0.1800706 -3.309578 -9.712244 0.4620677 0.4113292 0.2445158 18.67245 0.8176575 1 0.9900753
0.005537061 0.02541837 -3.679204 -9.675906 0.3894233 0.3649754 0.287566 18.02907 0.7047615 0 0.0
-0.002391911 -0.06251216 -2.856982 -7.481762 0.6961645 0.7413117 0.5072602 18.90335 nan 0 0.0
-0.05430204 0.0749026 -3.529615 -9.446561 0.2630928 0.2596564 0.4748293 17.55626 0.7824631 1 0.9991192
-0.01222156 -0.08801987 -3.892525 -9.146848 0.4125918 0.3812457 0.2490601 18.39515 0.7486362 1 0.9970228
-0.02921559 -0.002087996 -2.219355 -7.500093 0.3793942 0.3543546 0.2902985 17.90679 0.7840633 0 0.0
0.01218314 0.005785417 -3.481855 -9.222525 0.1401558 0.1352297 0.3394594 16.06764 0.4992695 0 0.0
0.07389181 -0.02862618 -4.203484 -10.43188 0.8685272 0.9376805 0.7108079 19.21635 0.7782192 0 0.0
-0.01753821 -0.03729098 -3.278742 -8.576265 0.6676506 0.5449536 -0.03961807 18.72119 0.8077641 0 0.0
0.01120209 0.1205621 -2.959845 -9.517628 0.7334796 0.7839129 0.6109451 19.3022 0.8328419 0 0.0
0.04462367 0.1520597 -5.11522 -2.8745 0.1574523 0.1488896 0.3643576 16.87885 0.9252758 1 0.0
-0.04360443 0.04750712 -2.647754 -10.30881 1.102727 1.202205 0.5851665 19.7146 nan 0 0.0
-0.04249013 0.01450095 -3.499409 -9.040561 0.1522358 0.1325713 0.1414906 16.50869 1.034326 1 0.9994715
-0.1171064 0.05595208 -3.718655 -9.345628 0.7049413 0.640302 0.1740731 19.15888 0.8477535 0 0.0
-0.04248215 -0.003433843 -5.915739 -11.29309 0.5970654 0.572566 0.3737514 18.87357 1.009878 0 0.0
0.2034916 0.02039524 1.144029 -1.638307 1.163021 1.207497 0.4471167 20.13561 0.7124004 0 0.0
-0.04037947 0.03654319 -4.27175 -9.742073 0.5232289 0.561775 0.7113817 18.24789 0.7071915 0 0.0
-0.1403071 0.1109078 -4.1043 -10.59373 0.6890071 0.6954989 0.3905535 19.3358 0.9297504 1 0.9609549
0.1469184 0.01325109 -3.235192 -8.854196 0.4644441 0.4722488 0.4978477 18.76319 0.7391987 0 0.0
0.05025148 -0.01166783 -4.489673 -7.644646 0.4800864 0.4995669 0.487059 18.09057 0.8256721 0 0.0
0.07659603 0.114234 -2.407523 -10.7223 1.194957 1.305769 0.5543144 19.94707 1.041971 1 0.9082168
0.005353856 0.02583991 -2.732445 -9.006704 0.7528973 0.7524614 0.5771147 18.64568 nan 0 0.0
0.03623226 0.0716515 -2.921087 -10.11898 0.4052415 0.3891267 0.4202995 18.55512 0.7294426 0 0.0
-0.002130378 -0.0633533 -3.66442 -9.146275 0.237525 0.2228737 0.259765 17.26462 0.7970886 0 0.0
0.0004848409 -0.04312776 -3.517255 -8.575643 0.8285431 0.8554103 0.4834119 19.1911 0.6753597 0 0.0
-0.1110315 0.03323517 -2.95272 -8.606276 1.122647 1.043091 0.3357081 19.84553 0.8282394 0 0.0
-0.1026668 0.1914245 1.555837 -5.790486 0.5408639 0.5671869 0.5772347 18.92811 1.166027 1 0.0
-0.05607123 0.01034737 -4.300246 -10.64988 0.3694237 0.2852522 -0.07809518 17.25333 nan 0 0.0
0.01156321 0.07332087 -3.890471 -9.417737 1.839549 1.850112 0.4736459 20.28284 nan 0 0.0
0.01072159 0.041268 -3.988281 -9.687249 1.370415 0.7210841 -0.5380208 18.69528 0.5858231 0 0.0
-0.06166004 0.1138786 -3.175454 -9.804146 1.498391 1.406123 0.5115017 20.25331 0.9230976 0 0.0
0.02611645 0.04535438 -2.794367 -8.668858 0.4328146 0.4169118 0.5189608 18.50524 0.8704185 0 0.0
-0.1419308 0.05737946 -4.334009 -6.905423 1.320033 1.187188 0.04256754 20.14476 0.9228401 0 0.0
-0.04922844 0.1909157 -5.457133 -7.303775 1.122213 1.070577 0.2715182 20.00166 0.9104614 0 0.0
0.04873088 -0.01757219 -3.45621 -9.053948 0.7755966 0.8750158 0.3659762 19.15572 nan 0 0.0
0.01142562 0.0176435 -3.33213 -9.222167 0.2682862 0.2727548 0.4564666 17.54405 0.7163124 0 0.0
0.06546391 0.1952661 5.357422 -4.815686 0.5889484 0.5706404 0.4000985 17.31252 1.219992 0 0.0
0.03417893 -0.03129687 -3.591754 -9.247049 0.4426265 0.4002583 0.3009549 18.24784 1.011112 0 0.0
0.002342099 -0.03779675 -3.303956 -9.723485 0.2939239 0.2687809 0.2783618 17.79947 0.711235 0 0.0
0.07738197 0.04931869 -3.431784 -9.208965 0.1306142 0.1325112 0.3964251 16.66937 1.019539 1 0.9996428
0.02816358 0.151591 -2.312076 -7.96127 1.048334 1.094468 0.587161 19.79487 1.137949 0 0.0
0.03021157 -0.08554241 1.941931 -6.636375 1.581219 1.607178 0.4109211 20.19909 0.6242809 0 0.0
0.0008776708 0.008990535 -2.89637 -7.883112 0.7136852 0.6370517 0.2470731 16.40351 0.9272575 0 0.0
-0.06770948 -0.0009459565 -3.797825 -7.701414 1.013132 1.02941 0.4084224 19.67525 0.7331524 0 0.0
-0.09474946 0.007266977 -2.070047 -10.20493 2.009358 1.658363 0.1541435 20.20881 0.6473389 0 0.0
-0.05643768 0.01043871 -2.917237 -9.834344 0.6173171 0.6884453 0.4823566 18.64194 nan 0 0.0
0.04507229 -0.06373394 -2.810298 -9.505673 0.274805 0.2592086 0.2838363 17.75674 0.7299232 1 0.9930549
0.01928619 -0.06946636 -2.989827 -8.516865 0.8271054 0.6099826 0.06601398 18.80018 nan 0 0.0
-0.05973595 0.05342262 -4.050537 -9.209435 0.2316911 0.1888313 0.1404459 17.00998 0.9700756 1 0.9939889
