data/gcs/NGC_6440.ecsv
# %ECSV 0.9
# ---
# datatype:
# - {name: x, unit: deg, datatype: float64}
# - {name: y, unit: deg, datatype: float64}
# - {name: pmx, unit: mas / yr, datatype: float64}
# - {name: pmy, unit: mas / yr, datatype: float64}
# - {name: pmx_e, unit: mas / yr, datatype: float64}
# - {name: pmy_e, unit: mas / yr, datatype: float64}
# - {name: pm_corr, datatype: float64}
# - {name: g_mag, unit: mag, datatype: float64}
# - {name: bp_rp, unit: mag, datatype: float64}
# - {name: filter, datatype: int64}
# - {name: memberprob, datatype: float64}
# meta: !!omap
# - comments: [deg deg mas/yr mas/yr mas/yr mas/yr dimless mag   mag   zeroone float]
# - __serialized_columns__:
#     bp_rp:
#       __class__: astropy.units.quantity.Quantity
#       unit: &id001 !astropy.units.Unit {unit: mag}
#       value: !astropy.table.SerializedColumn {name: bp_rp}
#     g_mag:
#       __class__: astropy.units.quantity.Quantity
#       unit: *id001
#       value: !astropy.table.SerializedColumn {name: g_mag}
#     pmx:
#       __class__: astropy.units.quantity.Quantity
#       unit: !astropy.units.Unit {unit: mas / yr}
#       value: !astropy.table.SerializedColumn {name: pmx}
#     pmx_e:
#       __class__: astropy.units.quantity.Quantity
#       unit: !astropy.units.Unit {unit: mas / yr}
#       value: !astropy.table.SerializedColumn {name: pmx_e}
#     pmy:
#       __class__: astropy.units.quantity.Quantity
#       unit: !astropy.units.Unit {unit: mas / yr}
#       value: !astropy.table.SerializedColumn {name: pmy}
#     pmy_e:
#       __class__: astropy.units.quantity.Quantity
#       unit: !astropy.units.Unit {unit: mas / yr}
#       value: !astropy.table.SerializedColumn {name: pmy_e}
#     x:
#       __class__: astropy.units.quantity.Quantity
#       unit: &id002 !astropy.units.Unit {unit: deg}
#       value: !astropy.table.SerializedColumn {name: x}
#     y:
#       __class__: astropy.units.quantity.Quantity
#       unit: *id002
#       value: !astropy.table.SerializedColumn {name: y}
# schema: astropy-2.0
x y pmx pmy pmx_e pmy_e pm_corr g_mag bp_rp filter memberprob
[from data line 1181]
0.02794501 -0.01346521 -1.356615 -3.759439 0.1631456 0.1247184 -0.03202694 15.56392 3.239949 1 0.9502351
0.001139232 0.03873191 -0.7908234 -14.74494 1.629245 1.410227 0.7592035 19.65641 2.105869 0 0.0
0.04080595 -0.06209973 3.663245 1.164307 1.32828 1.146328 0.8128861 19.20275 1.901722 0 0.0
0.03837434 0.05033908 -3.331245 -7.259789 1.964313 1.68209 0.6653571 19.83837 nan 0 0.0
0.04299951 0.009631235 4.145366 1.800745 2.208198 1.867821 0.7502468 20.04256 nan 0 0.0
0.01673347 0.01410905 -1.283627 -3.902118 0.4177662 0.3312412 0.2656132 17.96609 2.401291 0 0.0
-0.02818746 0.0007750148 -0.1114645 -5.312796 1.791121 1.578518 0.4891307 19.94202 2.052217 0 0.0
-0.01174184 0.07700049 -1.613726 1.083729 0.4970577 0.4122262 0.2682375 18.79788 2.423481 1 0.0
-0.02252832 0.04100383 -1.412936 -4.039044 0.3917006 0.3076236 0.1178738 18.45942 2.210621 0 0.0
-0.007755097 -0.07897264 -2.605574 -3.651404 0.8606955 0.6225628 0.1634463 18.94428 2.197668 0 0.0
0.03594115 0.04834458 2.758714 -2.084476 1.426822 1.26903 0.798886 19.29042 nan 0 0.0
0.04766462 0.01359524 -4.633386 -7.720038 0.5735396 0.504201 0.5828987 17.80037 2.627665 0 0.0
0.04362918 0.01030626 2.49213 1.267079 1.30317 1.107441 0.7838215 19.30795 nan 0 0.0
0.02663515 0.02209563 -4.344409 -12.01473 2.24192 1.877529 0.691284 19.87711 1.800669 0 0.0
-0.04289918 0.02092467 -4.198982 -6.527881 1.675941 1.459495 0.7903749 19.61794 2.154152 0 0.0
0.02577228 -0.004366775 -1.117348 -4.123283 0.4350108 0.3878772 0.8661519 17.04528 2.6765 1 0.9168798
0.04956686 -0.0326681 -2.324478 -9.07867 1.678497 1.443636 0.8007201 19.2793 2.012453 0 0.0
-0.01520254 0.04685075 -9.711768 -9.034858 3.075694 2.655997 0.5067316 20.70382 nan 0 0.0
0.04311416 0.01035409 0.4096762 1.323469 1.060912 0.8998451 0.7518615 19.07537 2.277018 0 0.0
0.0339776 -0.03074699 -3.628479 -9.232921 0.1770629 0.1611655 0.4491556 16.56414 2.744869 1 0.0
0.004800484 -0.02153847 -4.24193 -4.235822 0.5875546 0.442209 0.1833818 18.75248 2.225592 0 0.0
0.0368861 0.05040811 -1.223713 -2.187369 2.186051 1.907755 0.8212013 19.892 2.203445 0 0.0
0.0155624 0.03487447 -2.414018 -4.280708 1.190899 1.030336 0.4798274 19.67492 2.146658 0 0.0
-0.04699412 -0.06306661 3.15515 -1.838991 1.101634 0.8524441 0.617665 19.11517 1.733334 0 0.0
-0.02607057 0.002745678 -0.1527426 -0.7595574 0.9752443 0.8390216 0.5383201 19.14744 1.865065 0 0.0
-0.04500652 -0.01395561 -2.60511 -3.215786 0.3097381 0.2453116 0.2106247 18.15164 2.33325 1 0.0001042897
-0.0009492065 -0.0729891 -2.351912 4.999057 2.392035 1.825436 0.5662117 19.87847 nan 0 0.0
-0.0191404 -0.0471133 -1.863188 1.850881 0.8227396 0.6603533 0.4159647 18.9463 1.929386 0 0.0
0.002654289 -0.06038537 -4.194165 -7.003829 0.356705 0.2766703 0.2486864 18.1489 2.377464 0 0.0
-0.03862813 -0.008832652 0.6177698 -2.890275 1.410861 1.203374 0.6128611 19.57938 nan 0 0.0
0.04207805 -0.01184716 -1.379806 -8.760893 1.608838 1.360364 0.7744692 19.6491 2.299015 0 0.0
-0.03894293 -0.00844554 2.119638 1.517777 0.6637985 0.5528834 0.2933194 18.93415 1.995825 0 0.0
0.02801238 0.04253263 -4.888801 -6.588687 0.4346338 0.329144 0.287766 18.28609 3.018053 1 0.0
0.02791236 -0.03579071 -1.769061 -4.542453 0.2572299 0.2236713 0.5548269 17.30836 2.378279 1 0.2470155
0.04071033 0.009042485 -1.108523 -3.973242 0.1593868 0.1216773 0.1911225 15.93447 3.350832 1 0.9547245
-0.07249036 0.02819015 -1.333649 -0.3556639 0.5474661 0.4351859 0.1913166 18.95539 1.930216 0 0.0
0.0122086 -0.03533663 2.040583 2.670815 1.556264 1.315331 0.771583 19.48926 1.833597 0 0.0
-0.02567008 0.00315964 -0.7932311 -3.272559 0.5599965 0.4327577 0.2640006 18.78469 2.050007 0 0.0
-0.0563533 -0.04336493 0.6207817 2.761922 2.441955 2.063969 0.2762675 20.01681 1.669037 0 0.0
0.03516854 0.04888454 -2.298494 -7.105858 2.397011 2.111763 0.8009237 20.11657 nan 0 0.0
-0.0440351 -0.009507394 -2.20812 -3.645251 0.2629639 0.2301764 0.3895494 16.78432 2.732364 0 0.0
0.03574295 -0.0659475 1.923961 1.904604 1.555683 1.328082 0.8094467 19.35878 1.709824 0 0.0
-0.01583214 0.04651499 -4.603656 -8.155327 0.8565705 0.7585056 0.3772123 19.32355 1.945326 0 0.0
-0.0337263 -0.05279588 -7.216632 -5.825186 1.150945 0.907018 0.354499 19.06169 1.974504 0 0.0
0.06744149 -0.04054078 3.1912 2.129051 1.718734 1.483041 0.8258761 19.57879 2.488634 0 0.0
0.03495812 0.004325114 -7.161402 -5.961803 0.3548276 0.2855931 0.3791075 17.88439 2.919863 1 0.0
-0.05066954 -0.0183519 -5.645726 -4.478689 1.562502 1.343993 0.5274627 19.92767 1.623102 0 0.0
-0.04088195 -0.03263313 -2.724325 -1.00023 0.5290122 0.3749973 0.07043506 18.5298 1.75231 0 0.0
-0.033293 -0.0726303 -0.9955609 -3.102258 3.036588 2.396491 0.593433 20.32946 nan 0 0.0
-0.05643141 0.01379065 4.747965 -3.624186 1.351501 1.165865 0.5654842 19.83868 nan 0 0.0
-0.005583557 -0.02984309 2.735226 -1.710955 2.068796 1.744984 0.7793332 19.73025 nan 0 0.0
-0.03612599 0.05747883 -1.30737 -7.54277 1.888887 1.700081 0.4723121 20.37017 1.55979 0 0.0
-0.02309751 0.01971011 -1.543392 -2.044327 1.912153 1.645791 0.5587826 20.07685 2.011112 0 0.0
-0.02652806 0.0009984687 -2.036305 -5.750576 1.15819 1.004938 0.5376136 19.69025 2.290699 0 0.0
-0.04628425 0.04938133 2.406259 -6.738629 0.6939588 0.6049498 0.4266598 18.98173 1.980869 0 0.0
-0.01876688 -0.06101973 -5.085981 -6.053642 2.04051 1.682812 0.7666423 19.84415 1.5688 0 0.0
0.01060626 -0.04252912 3.423922 2.036701 1.329459 1.12082 0.7318688 19.33906 nan 0 0.0
-0.03841531 0.0558227 2.978317 -5.086696 1.613147 1.393319 0.624365 19.7489 2.027294 0 0.0
-0.03387983 -0.00492338 2.752733 2.082059 0.7683509 0.6626995 0.5228321 19.14557 1.952427 0 0.0
-0.03537574 0.03082572 -2.912276 -4.492494 2.249496 1.848918 0.1358959 19.95353 nan 0 0.0
0.002627642 0.05438741 -4.234623 -6.706368 1.302421 1.137599 0.5127464 19.89783 2.065514 0 0.0
-0.06283877 0.008705093 -2.908478 -4.335852 1.124097 0.9695007 0.5043792 19.60114 1.35372 0 0.0
-0.02296165 0.06828647 2.056154 1.020313 1.379909 1.230025 0.4920639 19.98861 1.976564 0 0.0
0.06384879 -0.01317643 -2.890462 -6.917118 0.1459904 0.1163854 0.2140538 15.57361 3.413826 1 0.0
0.01833319 -0.008111745 -1.466144 -3.601651 0.2129273 0.1679712 0.2757355 14.80443 4.372025 1 0.9140889
-0.0004345277 -0.04630722 -6.15672 -4.76694 0.9438958 0.8023031 0.6810508 19.03285 2.07423 0 0.0
0.0491682 0.0629455 -4.779647 -5.816356 1.866438 1.644752 0.8306197 19.53003 2.773285 0 0.0
-0.002466073 0.002131786 -0.9174364 -4.028894 0.1977107 0.1557221 0.2408122 14.7478 2.96394 0 0.0
0.005401332 -0.01866602 -3.934108 -3.425125 0.1970407 0.1721354 0.5645746 16.73048 2.458477 1 0.0
-0.05591691 0.01530527 -2.11099 -4.303323 1.291001 1.125901 0.360398 19.97212 1.703337 0 0.0
0.05456618 -0.05113673 -4.706035 -6.35666 0.3899283 0.3644183 0.4712047 17.75332 2.408009 0 0.0
-0.02855933 0.0003267196 -0.918919 -6.156041 1.289313 1.121694 0.5007643 19.71096 2.097385 0 0.0
0.02031343 0.03896137 -3.039847 -10.82865 1.458097 1.300546 0.4642922 20.09383 1.875929 0 0.0
-0.05272874 -0.01995095 -2.785287 -4.317988 0.2720531 0.2362926 0.3905976 17.62785 2.31414 1 2.064568e-05
-0.05548747 0.01464739 -8.320487 -5.88917 1.159068 1.009873 0.3805963 19.72832 2.065504 0 0.0
0.02389115 0.04180662 -3.519791 -7.456668 0.8237754 0.7149871 0.5497502 19.22509 2.458603 0 0.0
-0.04294724 -0.01204386 2.294993 -7.345049 1.514563 1.316733 0.4899481 20.10569 1.722658 0 0.0
0.051818 -0.05838752 -2.292959 -5.123505 0.9331699 0.7363844 0.610225 18.75039 2.356426 0 0.0
0.02757527 -0.001298163 0.6806137 -1.336393 0.6346047 0.4816511 0.2881544 18.83083 1.912947 0 0.0
0.03407112 0.004168909 -1.193819 -3.613995 0.2942029 0.2571717 0.5903859 17.38647 2.824244 1 0.9196777
-0.05693602 -0.01450696 -0.1275544 -6.183689 0.1031794 0.07976968 0.171633 15.8926 2.293399 1 0.0
0.07449136 -0.01277684 1.767847 -7.723699 3.185759 2.7505 0.6063302 20.3252 2.7481 0 0.0
-0.07393616 -0.0002738984 -0.2649118 -8.390174 0.5880356 0.41614 0.2562077 18.74076 2.179197 0 0.0
-0.07932686 0.022789 0.3957869 -1.956461 1.791492 1.631851 0.3341351 20.24406 1.797319 0 0.0
0.0434993 0.05718892 3.289931 -1.303044 2.783436 2.308544 0.8487373 20.19613 nan 0 0.0
-0.002522034 -0.07493652 2.08164 -3.265436 0.4723173 0.3393233 0.006360298 18.40948 1.805239 0 0.0
0.06824258 -0.04011198 0.2047439 -2.702523 2.238343 1.873361 0.7081617 20.17281 1.985497 0 0.0
-0.004442584 0.08314253 2.481485 -2.654789 2.30076 2.088199 0.3211648 20.62897 nan 0 0.0
0.003484582 -0.02065342 -2.379735 -4.831343 0.3462744 0.2784132 0.4034329 17.99184 2.339729 0 0.0
0.03232549 0.002666294 -1.974528 -7.059589 2.88633 2.480061 0.6705599 20.49867 1.864876 0 0.0
-0.03526134 0.03110231 -1.474999 -3.039758 1.354382 1.178993 0.7901464 19.37893 1.945616 0 0.0
0.001195926 -0.03131546 -5.44476 -5.941826 0.5008254 0.3732818 0.2912033 18.55013 2.491735 0 0.0
0.04818022 0.01539753 1.141309 1.393669 0.1740784 0.1540909 0.5034374 16.37116 2.669093 1 0.0
-0.04279099 -0.05959973 -9.510223 -6.589621 1.913442 1.567813 0.7702847 19.76834 1.773499 0 0.0
0.02571936 0.0214244 3.711495 -1.573787 1.513078 1.267184 0.6349109 19.37421 2.274313 0 0.0
-0.0429625 -0.05993547 -2.459204 -5.517574 2.575481 2.023457 0.5877464 20.13969 nan 0 0.0
-0.03449395 -0.07325998 -1.976739 -1.405869 0.4875372 0.3621742 0.1980835 18.57703 2.139988 0 0.0
0.04746404 0.01266643 -7.087534 -8.026028 2.632148 2.212203 0.7405717 20.18606 2.320028 0 0.0
0.04060626 0.04857803 1.364503 -4.499749 0.7731625 0.625577 0.3682645 18.93586 2.616402 0 0.0
-0.07392989 -0.01336212 -8.644775 -3.790982 0.218766 0.1911692 0.2946177 17.26416 2.229763 0 0.0
-0.036969 -0.007931978 -1.272451 -4.311661 1.176475 1.015307 0.5173051 19.68151 nan 0 0.0
0.03201559 0.02595127 0.671561 -5.615525 2.195462 1.846719 0.6599991 19.81744 2.382196 0 0.0
-0.03602506 -0.00717263 -1.718616 -4.189622 1.848521 1.640796 0.4478439 20.3386 1.405083 0 0.0
0.001968888 0.01744589 -0.6890086 -3.996487 0.4115849 0.3589792 0.8629764 16.88846 2.63678 0 0.0
-0.02380049 -0.06055694 1.193479 -3.022479 0.3465181 0.2658268 0.332815 18.01142 2.24304 1 1.263087e-06
-0.05153985 0.0178512 0.5069538 -6.810776 1.247584 1.082191 0.5027738 19.86073 1.750591 0 0.0
0.005344428 -0.00967859 -3.795771 -5.001876 0.5044163 0.3752174 0.3131272 18.60536 nan 0 0.0
0.00746109 -0.0183285 -1.04322 -4.098997 0.1994477 0.1738479 0.5841847 16.83122 2.545213 0 0.0
-0.069715 -0.034238 -0.1831157 -7.863006 1.470384 1.284682 0.3713184 20.03635 nan 0 0.0
-0.06186599 0.008814205 0.5257384 -0.2003844 1.589451 1.335243 0.7737754 19.67177 1.583427 0 0.0
-0.005412951 -0.0005729098 -2.895755 -4.831339 0.4267685 0.3611646 0.7447929 16.6687 nan 0 0.0
-0.03170571 -0.003704122 2.401597 -4.967996 0.4121471 0.3531229 0.5575718 17.87135 2.398834 0 0.0
-0.07589444 0.02566128 1.393179 -2.250776 1.340009 1.164954 0.3331466 20.13735 1.642382 0 0.0
0.004199806 -0.01899214 -4.584098 -0.07319634 0.3350046 0.2895131 0.6258292 17.68741 2.299561 0 0.0
-0.07279184 -1.967727e-05 -5.109332 -7.570804 0.3964119 0.3093401 0.1475016 18.33969 2.179314 0 0.0
0.04483144 0.01207021 -0.6315658 0.6590176 2.517504 2.100723 0.6650884 20.23866 1.770981 0 0.0
0.01375085 -0.06209495 -1.329253 -3.026871 3.347471 2.688904 0.7039088 20.51872 1.634909 0 0.0
0.04415596 0.05143426 -2.008343 -6.492457 0.2604794 0.221077 0.6443794 17.04978 2.696385 1 0.0
-0.0335399 0.01068644 -5.990834 -3.787184 1.593617 1.373542 0.7273361 19.4507 nan 0 0.0
0.002540499 -0.02344385 0.4330486 -4.646843 1.408812 1.180837 0.7633637 19.45115 1.932917 0 0.0
-0.03391188 0.01073595 6.271628 -0.399982 1.102062 0.9484686 0.5164382 19.21844 2.149012 0 0.0
0.03396491 0.04165596 -2.898239 -3.903067 0.655129 0.5244427 0.4261745 18.92036 nan 0 0.0
-0.07311976 0.02787133 2.680054 -0.4722183 1.37018 1.187268 0.5093949 19.97635 1.518803 0 0.0
0.03415357 -0.01113758 -0.8436972 -6.652582 0.2916725 0.2517231 0.5474965 17.49072 2.717297 0 0.0
0.006204169 0.02679179 -1.757225 -4.056892 1.357063 1.22761 0.2380684 19.66745 1.818668 0 0.0
0.003542879 0.02653247 -0.9807065 -3.516676 0.3255808 0.2854071 0.2996095 17.84076 2.443741 0 0.0
-0.07312518 -0.02111702 2.095463 -0.428647 1.481594 1.304653 0.4167023 20.04849 nan 0 0.0
0.04785077 0.0603996 -2.130336 -6.318996 2.643391 2.195306 0.7127618 20.2181 1.809219 0 0.0
-0.003724234 -0.02850979 -4.441925 -6.390446 0.4302856 0.3617463 0.672689 17.50565 2.534491 0 0.0
0.03780213 0.05111551 -1.717665 -3.511513 2.649412 2.319865 0.7810434 20.14279 1.700333 0 0.0
-0.04796903 -0.05495114 1.50521 0.8952631 0.3668831 0.281526 0.4533404 17.90017 1.889114 0 0.0
0.06154877 -0.04156065 -1.140966 -3.305867 1.479337 1.258777 0.7747183 19.33029 2.438936 0 0.0
-0.02255969 0.05986559 -0.7511115 -4.474338 2.260688 1.987439 0.2919489 20.5851 1.724503 0 0.0
-0.01731098 -0.0371243 4.533924 0.6177924 1.419202 1.187532 0.771129 19.47079 1.979086 0 0.0
-0.009070468 -0.07999887 -1.639694 -2.243565 0.6316724 0.4402844 0.097943 18.83373 2.269638 0 0.0
-0.01031066 0.07815263 3.65534 -7.680589 0.5117008 0.4258006 0.2668716 18.85611 2.314562 0 0.0
-0.04307803 -0.05589193 2.600572 -2.210733 1.59387 1.332068 0.8106192 19.23796 1.801508 0 0.0
-0.001407622 0.02083526 -0.8740036 -3.773638 0.4508208 0.3571593 0.164443 18.64441 2.618015 0 0.0
0.01698662 -0.02561914 -7.112313 -4.684622 0.5326818 0.3992462 0.1277019 18.49924 nan 0 0.0
0.03745762 0.04672488 1.408486 3.174306 2.318916 1.96872 0.8444733 19.90512 2.137201 0 0.0
-0.02369343 -0.01284461 -5.489469 -11.31056 0.2733531 0.2141418 0.2471305 13.84138 5.08882 1 0.0
-0.06260137 -0.01226992 -1.561599 -7.808901 1.456125 1.257244 0.5020663 20.01474 1.752636 0 0.0
-0.08242993 -0.007154192 -4.392036 -2.213795 0.879392 0.7601298 0.4286768 19.17835 1.933395 0 0.0
0.002798363 -0.001150767 0.2598833 -3.552518 0.3198013 0.2567573 0.4176776 15.09878 2.406759 0 0.0
-0.001751008 0.02155433 -0.9556347 -3.897415 0.3485131 0.2867108 0.2428453 18.01718 2.56921 0 0.0
0.06260361 -0.05011935 -4.905172 -9.2672 0.5129637 0.3977029 0.4228543 18.49225 2.57641 0 0.0
-0.01453638 -0.03708969 -8.58046 -11.27002 2.087596 1.71352 0.6843069 20.07819 1.997341 0 0.0
-0.05744744 -0.02397713 -4.92252 -5.911091 1.252765 1.080884 0.4677979 19.61191 1.631941 0 0.0
0.03359301 0.04232552 -5.535223 -2.733002 0.435026 0.3556091 0.5774278 18.0907 nan 0 0.0
-0.03246814 -0.05143377 -6.895214 -6.744294 0.9295659 0.7715694 0.6376346 19.02706 2.035181 0 0.0
0.04561651 0.05452184 -1.517926 -6.301827 0.2343466 0.206338 0.6160217 16.75435 3.349689 1 0.0
0.03680104 -0.06622622 -3.97798 -7.15638 0.5923746 0.4554227 0.5893511 18.4415 2.508486 0 0.0
0.03771837 -0.05736109 -3.504015 -3.411193 0.3736089 0.3336324 0.5642523 17.82093 2.638884 0 0.0
0.01824461 -0.03138902 1.753017 0.6205583 2.41183 1.995114 0.675695 20.21733 nan 0 0.0
0.05068503 0.06241667 -1.180036 -1.690192 1.058884 0.9281512 0.799907 19.13904 2.896036 1 0.001562405
0.03785857 0.04785966 -10.73648 -8.323975 1.606225 1.360524 0.8275361 19.62548 2.230762 0 0.0
-0.05118941 -0.003472842 -1.566716 -6.945287 1.78184 1.560458 0.4139241 20.08767 1.796247 0 0.0
-0.05039859 -0.05956007 -1.843702 -2.619712 0.6368081 0.4492756 0.2151516 18.6883 1.985142 0 0.0
0.005143971 -0.01543878 -1.48288 -4.055235 0.3133169 0.273654 0.5700827 17.22036 2.475742 0 0.0
0.03475745 0.002578027 -4.372762 -6.308235 2.444962 2.054516 0.6934092 20.06528 2.603695 0 0.0
-0.05031574 0.03724171 -2.865763 -2.141963 1.398001 1.243839 0.4742516 20.03069 nan 0 0.0
0.04243675 -0.05981135 -4.375598 -6.120628 0.4005116 0.3123298 0.2727781 18.44769 2.566954 0 0.0
0.004428912 -0.01041098 -0.3259862 -4.261071 0.4180442 0.3679483 0.5383806 16.31811 2.637662 0 0.0
-0.004581132 -0.07132787 -5.420861 -4.358484 0.2727721 0.2314658 0.3650481 17.28503 2.295826 0 0.0
0.003256111 -0.002348591 0.6210115 -1.265231 0.5538745 0.5018213 0.8400755 15.11375 2.543159 0 0.0
0.02087286 -0.05665027 -2.221371 0.7445993 0.3221835 0.2879668 0.5543913 17.43584 2.827206 0 0.0
-0.0119908 -0.03473771 -3.95394 -0.6210057 2.361358 1.957535 0.7278461 20.14443 1.962536 0 0.0
