data/gcs/NGC_6101.ecsv
# %ECSV 0.9
# ---
# datatype:
# - {name: x, unit: deg, datatype: float64}
# - {name: y, unit: deg, datatype: float64}
# - {name: pmx, unit: mas / yr, datatype: float64}
# - {name: pmy, unit: mas / yr, datatype: float64}
# - {name: pmx_e, unit: mas / yr, datatype: float64}
# - {name: pmy_e, unit: mas / yr, datatype: float64}
# - {name: pm_corr, datatype: float64}
# - {name: g_mag, unit: mag, datatype: float64}
# - {name: bp_rp, unit: mag, datatype: float64}
# - {name: filter, datatype: int64}
# - {name: memberprob, datatype: float64}
# meta: !!omap
# - comments: [deg deg mas/yr mas/yr mas/yr mas/yr dimless mag   mag   zeroone float]
# - __serialized_columns__:
#     bp_rp:
#       __class__: astropy.units.quantity.Quantity
#       unit: &id001 !astropy.units.Unit {unit: mag}
#       value: !astropy.table.SerializedColumn {name: bp_rp}
#     g_mag:
#       __class__: astropy.units.quantity.Quantity
#       unit: *id001
#       value: !astropy.table.SerializedColumn {name: g_mag}
#     pmx:
#       __class__: astropy.units.quantity.Quantity
#       unit: !astropy.units.Unit {unit: mas / yr}
#       value: !astropy.table.SerializedColumn {name: pmx}
#     pmx_e:
#       __class__: astropy.units.quantity.Quantity
#       unit: !astropy.units.Unit {unit: mas / yr}
#       value: !astropy.table.SerializedColumn {name: pmx_e}
#     pmy:
#       __class__: astropy.units.quantity.Quantity
#       unit: !astropy.units.Unit {unit: mas / yr}
#       value: !astropy.table.SerializedColumn {name: pmy}
#     pmy_e:
#       __class__: astropy.units.quantity.Quantity
#       unit: !astropy.units.Unit {unit: mas / yr}
#       value: !astropy.table.SerializedColumn {name: pmy_e}
#     x:
#       __class__: astropy.units.quantity.Quantity
#       unit: &id002 !astropy.units.Unit {unit: deg}
#       value: !astropy.table.SerializedColumn {name: x}
#     y:
#       __class__: astropy.units.quantity.Quantity
#       unit: *id002
#       value: !astropy.table.SerializedColumn {name: y}
# schema: astropy-2.0
x y pmx pmy pmx_e pmy_e pm_corr g_mag bp_rp filter memberprob
[from data line 4507]
0.03845442 -0.004293259 1.922352 -0.3406687 1.008788 1.439215 -0.09053286 20.21804 0.3218594 0 0.0
0.02776579 -0.1033036 -12.00824 -11.493 3.135961 1.832027 0.2474663 20.62099 1.525751 0 0.0
0.03336644 0.01848283 1.641215 -2.093892 0.3985522 0.5057886 0.1210816 19.37953 0.809267 0 0.0
0.007608968 0.006922438 -0.2054008 8.068742 2.160392 2.662421 0.170733 20.57443 nan 0 0.0
0.01466736 -0.1566178 3.529466 -6.402675 0.4597428 0.6596606 0.09410898 19.68418 1.350552 1 0.0
0.02686651 0.01135997 1.675574 -1.036338 0.3381795 0.4198079 0.1034847 19.09034 0.9400177 0 0.0
0.111371 -0.02644129 0.7191652 -1.978311 1.224326 1.516084 0.05586981 20.391 0.8564167 1 0.7591867
-0.02191445 -0.05695474 0.06096459 -3.425388 1.328044 1.755675 0.1751715 20.5099 0.7170658 0 0.0
-0.04019175 -0.006044109 1.637043 -7.613998 2.393577 1.89016 0.167767 20.72941 nan 0 0.0
-0.05372275 0.02604885 3.942942 0.16631 0.8696444 0.8676232 0.2462754 20.0871 0.6718559 0 0.0
-0.01762339 -0.05642368 2.303493 -2.584716 2.639747 4.109188 0.3418911 20.9153 0.5382652 0 0.0
-0.06321969 -0.004781342 1.891636 2.253619 3.479933 2.598019 -0.01948888 20.87473 0.7205753 0 0.0
0.01420603 -0.03575269 1.475728 0.6417274 0.2080463 0.2459222 0.09098085 18.28189 1.015688 1 0.8524792
0.006106261 -0.008099281 6.174448 2.990177 2.418624 1.180783 0.420032 19.51906 nan 0 0.0
-0.01126633 0.002869353 3.921509 -18.57438 3.57843 2.441095 0.1870803 20.41279 nan 0 0.0
-0.03269577 -4.016804e-05 1.834107 0.3328133 1.177148 0.9947452 0.4259314 20.2384 0.9719486 0 0.0
-0.02210879 0.01581424 1.684228 -0.327803 0.06439618 0.07926911 0.05430417 16.39751 1.151214 1 0.9998452
0.02184453 0.03073003 1.658407 0.9221875 0.3568965 0.4367169 0.196481 19.11319 0.9722996 0 0.0
0.02412497 0.04546718 -7.109776 -9.975738 0.6838152 0.8997228 0.04331761 19.89357 1.756464 0 0.0
-0.04044409 -0.005785262 0.7339083 1.82914 0.9507721 1.012501 -0.1921231 20.18842 0.7014732 0 0.0
-0.003623356 -0.05495073 -4.071596 -0.4033435 2.501851 1.688264 0.04351681 20.64347 0.6078053 0 0.0
-0.04441268 0.008037713 2.159582 1.005417 1.177507 1.10739 0.23269 20.37695 0.8798504 0 0.0
-0.07941531 -0.02817506 2.731314 0.6456307 0.975169 0.9138485 0.3051307 20.0739 0.8174133 0 0.0
-0.01010383 0.01809067 0.7707655 0.319565 0.2652745 0.2732555 0.06859216 18.26337 0.9941959 0 0.0
-0.01003393 -0.12612 -5.261934 -0.8697358 0.5961614 0.6624731 0.08671409 19.66749 1.166298 1 0.0
0.02201499 -0.002496209 1.693663 -0.4846781 0.4070968 0.5541833 0.07299354 19.45002 0.7461758 0 0.0
-0.1417428 -0.01037659 -3.612254 -4.440398 0.2167699 0.2423232 0.06035793 18.352 1.041922 1 0.0
0.02031472 0.003426162 3.686981 15.82383 2.403738 4.646823 0.408468 20.65969 nan 0 0.0
0.03379898 0.0532645 1.150837 -2.469674 0.9059975 1.047857 0.2669919 20.11853 0.6685867 0 0.0
-0.1123299 0.005192559 1.702307 0.6816964 0.5555326 0.6648022 0.07627259 19.84117 0.6749592 1 0.9791146
-0.05121 -0.1056659 -4.96278 -5.762776 0.2419791 0.2768774 0.07483657 18.60498 0.8076916 1 0.0
0.09224496 -0.03065357 1.215011 -3.496981 1.293559 1.836174 0.06721129 20.54718 1.234007 1 0.6976443
-0.04574628 -0.03912298 1.505301 -0.1667807 0.3290928 0.3918546 0.1242397 19.18368 0.8846569 0 0.0
0.03318095 -0.004107511 4.003036 0.3471585 1.532744 1.350929 -0.1410712 20.30194 0.7167435 0 0.0
0.003108941 0.02148826 2.665745 8.299474 1.796802 1.210821 0.1410837 20.33107 0.5762901 0 0.0
0.01517902 0.01518039 2.604192 -4.884557 1.08704 1.286879 0.002767791 19.96871 0.6474018 0 0.0
-0.07742472 0.02784132 -8.828155 -12.21357 0.8895432 0.8152817 0.2950291 19.98144 1.706148 0 0.0
-0.1055305 0.09481859 1.518706 -3.285823 3.322793 3.005455 0.1084095 20.96057 1.414253 0 0.0
0.03021924 -0.1088922 -2.531013 -7.366219 0.5163611 0.687446 0.1558134 19.8498 0.8761978 0 0.0
0.03064128 -0.05055855 1.931336 3.554012 1.38527 1.829842 0.07526964 20.42501 0.9428139 0 0.0
0.0340058 0.03099388 1.332831 -0.3925383 0.6964503 0.7566939 0.2835399 19.82805 0.7666931 0 0.0
-0.02095709 0.01286301 1.793095 -0.2558341 0.02678816 0.0335361 0.08820227 14.03137 1.433547 1 0.9999679
0.1172555 -0.03560286 -1.0094 -8.574388 2.077562 2.28899 -0.05394084 20.75934 0.5677586 0 0.0
0.038841 0.03975815 2.080974 -0.1053985 0.2045043 0.2180299 0.1822406 18.04275 1.031891 1 0.9988513
0.1156535 -0.04233721 -4.545756 -10.68954 0.2438864 0.2648434 0.1376487 10.37348 1.410908 0 0.0
-0.04449039 -0.1057552 1.466564 1.827113 0.8939192 0.9901937 0.1007132 20.19901 0.8315067 1 0.8872237
-0.0387877 -0.09648772 2.162573 -0.02955627 0.2224277 0.2657547 0.1973281 18.4311 0.9860649 0 0.0
-0.02051977 0.07715643 1.111585 -0.6408775 0.6554048 0.7067623 0.2779368 19.95375 0.680254 0 0.0
0.006443078 -0.004803497 7.186614 -3.450073 1.135007 1.308473 0.1820972 19.6965 0.6868382 0 0.0
-0.1028513 -0.1039761 1.428195 -0.5858099 0.3625321 0.3794587 0.07166501 19.02321 1.672647 1 0.9777407
-0.01093084 0.003502795 3.64015 -3.033676 0.8917843 1.00545 0.1657105 19.72333 0.7492924 0 0.0
0.03190661 -0.09310987 -7.029565 -9.989242 0.719066 0.9273515 0.1608708 20.01274 1.133873 0 0.0
0.05196533 -0.02655862 1.416497 0.8518003 0.9823352 1.035998 0.1485545 20.25372 0.7160072 0 0.0
0.03814732 -0.1378148 -0.06986342 1.230119 1.516308 2.536913 0.3624022 20.69068 1.007078 1 0.4952728
-0.0165423 0.01858192 2.451313 -2.050846 1.76091 1.748959 0.1150626 20.38186 0.5985374 0 0.0
-0.02656732 -0.009658601 -1.335335 0.3159723 1.577868 1.641124 -0.2017313 20.33497 nan 0 0.0
-0.04644262 -0.0820173 -0.2458021 0.1540553 1.298226 1.341489 -0.04266895 20.47412 0.8238716 1 0.826609
-0.0922984 0.02050953 -0.9927679 -5.978625 0.5555645 0.7066684 0.06487252 19.76774 1.036617 0 0.0
-0.1503452 -0.03466144 -13.95768 -5.391956 3.893411 2.161935 0.2380089 20.71414 0.675951 0 0.0
0.01569641 -0.00756328 0.6088202 -1.065783 0.5218691 0.7054522 0.06517381 19.65986 nan 0 0.0
8.410791e-06 0.03403125 2.561661 -1.087679 0.662606 0.8004196 0.07677093 19.96552 0.6114273 0 0.0
-0.02019155 0.0383308 2.887846 -0.7974512 1.323291 1.354655 0.08037906 20.44204 0.88661 0 0.0
-0.02055342 0.006637874 1.720186 -0.02460326 0.1194646 0.1352378 0.1433032 17.20874 1.078051 0 0.0
-0.004256109 -0.01332489 2.228572 -8.235794 0.7984376 0.962209 0.07444997 19.93178 0.7312489 0 0.0
-0.08900201 0.1147651 -9.48412 -5.396726 0.1497692 0.161342 0.1057867 17.63187 1.090326 1 0.0
-0.0261063 -0.009322247 0.7317201 0.7084232 0.4541692 0.5536529 0.06244735 19.48513 0.7420788 0 0.0
0.002779136 -0.02880465 6.986198 -0.6607525 1.341295 1.080517 0.1971368 20.01334 0.556879 0 0.0
-0.1609531 -0.00458359 -2.53039 -11.51201 1.137092 1.326862 0.2412804 20.49931 1.552753 0 0.0
0.001796901 -0.02537893 5.963676 -1.278874 0.8331605 1.006861 0.09860028 20.0173 nan 0 0.0
0.1051308 -0.04093874 0.9391265 3.603144 1.499822 2.724921 0.3926679 20.69521 0.6861439 1 0.7445652
-0.005037316 -0.002819415 3.092068 -2.956275 0.7021405 1.062464 0.01840505 19.95053 nan 0 0.0
-0.09130699 0.1139375 -4.650939 -1.581815 0.2747573 0.2798458 0.1347762 18.58597 1.685957 1 0.0
-0.01064161 -0.02871597 1.671445 -0.2062759 0.1125596 0.1327558 0.01454583 17.05313 0.2237968 0 0.0
-0.0265794 0.07324245 1.839993 -0.305645 0.02861169 0.03468113 0.1141418 14.75469 1.364628 1 0.9993867
0.01006468 0.0096831 -0.0956938 -1.642663 1.029596 1.252556 0.09174197 20.05073 0.7859859 0 0.0
0.06386317 0.0226519 -7.494498 -7.056908 0.2233888 0.2536695 0.07960937 17.89624 0.944643 0 0.0
-0.02419959 -0.01292072 1.861435 -1.881696 0.6950475 0.9957861 -0.1103587 20.01709 nan 0 0.0
0.001481931 0.05435589 2.157199 -0.7186922 2.073973 2.780585 0.4054457 20.70002 0.8522625 0 0.0
-0.01996871 0.01386356 -14.53225 -23.75589 0.2112311 0.2494837 0.1555704 16.85796 1.328405 0 0.0
0.02507795 0.02424855 0.5241321 -1.352877 1.360942 1.458744 0.1273062 20.47778 1.031527 0 0.0
0.02376318 0.0006601874 -4.877452 1.046428 1.337707 2.273189 0.0183754 20.44087 0.7755108 0 0.0
0.0247045 0.03133677 2.462012 1.292071 0.6155045 0.7470589 0.1798211 19.73543 0.7779083 0 0.0
0.05526599 0.02886717 0.3324471 0.8250627 1.073684 1.193671 0.004837347 20.22092 0.9086533 0 0.0
0.07174109 -0.008490009 1.732172 -0.556483 0.5129721 0.6751135 0.06897641 19.70336 0.6634808 0 0.0
-0.09337341 0.1151631 -3.358501 -5.569531 0.1151931 0.1245929 0.06866283 17.20961 0.9731884 1 0.0
-0.02480391 -0.06573985 2.195656 -2.997363 1.175057 1.665147 -0.06437613 20.64112 0.8912868 1 0.9010915
0.06967948 -0.0382293 0.9967436 0.1139402 0.1334356 0.1496374 0.09025695 17.09775 1.08116 0 0.0
0.01994003 0.02358344 2.358308 0.7259895 1.293891 1.184672 0.09501344 20.22843 0.6616306 0 0.0
-0.1242458 -0.1087324 -4.353827 3.564648 0.2179322 0.2532678 0.06955058 18.35229 1.077717 1 0.0
-0.01428722 -0.01154468 -0.3365273 -1.773725 1.968587 3.073243 0.1526664 20.81009 nan 0 0.0
0.01107236 -0.05261149 0.3392743 0.4948306 2.174903 3.063858 0.5600729 20.74255 -0.2011032 0 0.0
-0.006965787 0.02851388 1.858104 -1.443712 0.790644 0.901395 0.243337 20.08487 0.7625866 0 0.0
-0.008746807 0.01152246 3.893462 4.437732 2.302883 1.329679 0.1227175 20.40855 nan 0 0.0
-0.02402408 0.02403633 1.627711 -0.4234208 0.1265185 0.1306912 0.05641446 17.34515 1.079615 1 0.999383
-0.009597831 -0.1274244 -5.705069 -11.25894 0.8845491 1.232086 0.3396306 20.30537 2.006214 1 0.0
0.003008723 0.03686914 2.174973 0.1769142 0.1649002 0.1797491 0.07143358 17.75072 1.070541 1 0.9887996
-0.01251998 -0.01938641 3.007192 -0.01079773 0.2187649 0.2085951 0.1088247 17.19327 0.9698868 0 0.0
0.03102133 -0.01001653 -3.030924 -14.02307 0.5621911 0.6579538 0.06901182 19.36452 0.7377968 0 0.0
-0.04771064 0.03289374 -1.158327 1.700316 0.3700764 0.3885033 0.1159586 18.63264 1.004765 0 0.0
0.01012597 0.002328329 1.83727 -0.2482407 0.05408383 0.06836496 0.07697955 15.9424 1.205769 1 0.9999323
-0.03730087 0.1258896 -6.985539 -1.642825 0.4195964 0.4704709 0.2205917 19.1398 1.05159 0 0.0
-0.0005564235 0.01557574 7.491224 -0.4289842 0.9927545 1.052858 0.0564256 18.93521 0.8179893 0 0.0
-0.03671078 -0.04701438 0.7742538 -0.2356577 1.225509 1.681818 0.2928087 20.55962 0.9498672 0 0.0
-0.03167885 -0.09707676 1.663347 -0.2870282 1.013639 1.652648 0.4298764 20.24105 0.9305305 0 0.0
-0.06389049 0.04752378 -12.03714 -14.12537 0.7281386 0.3986093 0.6479286 18.50637 nan 0 0.0
0.09408133 -0.02030966 -9.261454 -13.86294 0.2541876 0.3143 0.1717152 18.47022 0.920084 1 0.0
0.02635231 -0.02500102 1.494931 -0.5279602 0.2403082 0.2542546 0.07919197 18.31098 1.026342 1 0.9982295
-0.04639452 0.005690591 -3.426294 -4.483866 0.522948 0.5587839 0.1260556 19.67548 0.8570786 0 0.0
0.006659719 0.03987416 4.563642 0.7556786 0.8962649 0.9541376 0.1998899 20.01442 1.001141 0 0.0
0.04073074 0.02981295 1.739578 -0.3278807 0.09661035 0.1141892 0.1317051 16.9162 0.2139893 1 0.9998142
-0.04949406 -0.005830283 1.576097 -0.0319148 0.09596362 0.1067563 0.1078385 16.94232 0.222887 1 0.9983448
0.0652205 -0.01989463 3.164974 0.6019857 0.8986477 0.895663 0.1301575 20.05673 0.5642319 0 0.0
-0.0001176368 0.01614795 1.595798 -3.818718 1.222873 1.213211 0.3170658 19.95768 nan 0 0.0
-0.094943 -0.05131273 2.655918 1.558473 0.7526905 0.8183255 0.2657653 20.10804 0.7491112 1 0.944331
-0.01121012 -0.04331897 1.859942 0.9211421 1.643691 1.476248 0.0937772 20.58789 nan 0 0.0
-0.03923882 0.01281023 -10.27978 -6.194758 4.036026 4.354672 -0.01052168 20.88319 0.3231621 0 0.0
-0.02881384 -0.12511 1.398243 0.02738274 0.2435403 0.3148863 0.1167672 18.3238 1.030472 1 0.9863826
-0.03800264 0.0630067 1.680019 0.5827861 0.708969 0.7723789 0.2289573 20.00626 0.8163643 1 0.9881641
0.01836508 -0.03824356 1.877622 0.13487 1.459328 2.213306 0.3276854 20.57188 0.5628586 0 0.0
0.01333737 0.0117257 2.080232 1.707076 0.8658644 1.453558 0.2794022 20.14247 nan 0 0.0
-0.0517359 -0.007797217 2.11814 -1.227619 0.4758524 0.5418486 0.1522602 19.2401 0.8534641 0 0.0
-0.0123765 -0.04559328 1.849211 0.9396042 0.4611609 0.5845136 0.1227437 19.66768 0.7328758 0 0.0
0.02531246 0.06926931 0.8965266 -3.316817 1.123288 1.327809 0.2264252 20.28701 0.5969257 0 0.0
0.1063043 -0.0263426 -4.244558 -4.375867 0.1520563 0.180942 0.1231246 17.66834 0.8638878 1 0.0
-0.003670276 -0.02959064 2.148979 -0.4242102 0.4358497 0.5586705 0.02946395 19.54283 0.7912731 0 0.0
-0.01520273 -0.05419373 1.315327 -0.4185781 0.3199726 0.4193236 0.1875393 19.13981 0.9705276 1 0.9955458
0.02038139 0.0511022 -3.032899 -4.813821 0.05879098 0.06716052 0.05512475 16.04613 1.288177 1 0.0
0.01851369 -0.03857177 0.624348 -1.296449 2.320823 3.367825 0.2858556 20.86044 nan 0 0.0
-0.1564959 -0.01763 1.425526 -0.7505537 3.709599 2.122977 0.2065824 20.80346 0.9942341 0 0.0
-0.02617924 -0.03335497 -1.555488 -8.611623 0.5590567 0.697349 0.1223865 19.51865 1.119448 0 0.0
-0.02925361 -0.00889211 4.713036 2.378444 2.418572 2.582199 -0.147046 20.29814 0.5186882 0 0.0
0.01449159 0.01951444 1.819211 -0.209529 0.07867591 0.0939375 0.09505371 16.60179 1.139074 1 0.9999191
-0.002819848 -0.04870974 2.199005 1.238446 1.066943 1.089055 -0.0544384 20.2577 0.124609 0 0.0
-0.08430245 0.06608056 0.7358207 -0.527923 0.9525435 0.9135756 0.2006386 20.03531 0.6089745 0 0.0
0.03886 0.026605 2.346643 0.9100447 0.5981067 0.7320488 0.1476953 19.85984 0.7176857 0 0.0
0.04070664 -0.08397204 1.348381 -1.52943 0.5270657 0.6753628 0.2516112 19.76735 0.4025059 0 0.0
-0.02447528 0.07908184 -4.566979 -10.14098 0.8004118 0.807079 0.3056234 20.08568 1.4876 0 0.0
-0.02328666 -0.02349388 3.759034 -0.8563046 1.605365 2.240473 -0.07548619 20.6288 nan 0 0.0
-0.1224335 -0.0510026 1.142322 0.0689477 0.3021022 0.3735257 0.1400189 18.93873 0.9682388 1 0.9440901
0.09835366 -0.00288336 0.1036314 -0.6931952 1.95379 2.721179 0.1206986 20.80147 0.9451141 1 0.7282934
0.01379651 0.007864884 1.640459 -0.2885259 0.02625923 0.03289577 -0.00536449 14.25578 1.429568 1 0.9996655
-0.02567935 -0.007940724 1.36516 -0.2087397 0.5578188 0.6734214 0.07762208 19.82563 0.7036266 0 0.0
0.005206719 -0.007320806 5.835932 -2.216178 1.378354 1.696338 0.1063085 20.36102 nan 0 0.0
-0.1064815 -0.09543655 -4.6756 -6.706777 0.1235938 0.1463858 -0.0326159 17.38415 0.8431091 1 0.0
-0.05943052 -0.0215382 2.117388 -0.5253896 0.4265325 0.4831265 0.191854 19.49931 0.7842598 1 0.9958792
-0.1438925 -0.01148432 1.056884 -0.9435521 0.3536796 0.4477122 0.009853387 16.6298 1.03103 0 0.0
-0.007097186 -0.04239376 -0.3928833 -5.611211 1.193367 1.141745 0.2528649 20.23257 0.208046 0 0.0
-0.01917834 -0.05456367 0.3453998 0.7837712 0.9494032 1.102053 0.1382505 20.25359 0.7566872 0 0.0
0.02177805 0.03377424 -5.860232 -7.251285 0.481852 0.6045018 0.1984429 19.5806 1.252995 0 0.0
-0.02305883 -0.02316553 2.274488 -1.146832 0.2372796 0.2884025 0.07343759 18.46093 0.5160522 0 0.0
0.05563109 -0.06629578 -3.469731 0.6529638 0.2189599 0.2700438 0.07845464 18.39893 0.8338413 1 0.0
-0.07690906 -0.09813414 -6.845892 -6.243793 0.2965934 0.3650379 -0.07819408 18.84852 1.157944 1 0.0
-0.1492864 -0.005095547 1.281299 -5.706465 0.6350143 0.7232229 0.2900853 19.90619 1.116714 1 0.0
-0.002136489 0.03530523 4.464807 -3.792641 3.137285 3.441482 0.2704902 20.97488 nan 0 0.0
-0.005382408 0.01314881 13.43689 -2.728575 2.600926 2.627218 0.3061885 19.85497 nan 0 0.0
0.002739063 0.01484312 1.13179 -0.3303894 0.2405772 0.2452406 0.04728351 18.04885 0.9620876 0 0.0
-0.03413487 0.01140896 1.321045 -3.603728 2.033189 4.11536 0.1778674 20.72666 0.276144 0 0.0
0.02192617 0.03259914 11.89821 -0.5804344 2.973678 4.079985 0.1411468 20.80293 nan 0 0.0
0.02095343 -0.1431199 -4.50852 -6.366392 0.3234999 0.4134083 0.1729984 19.11063 1.109413 1 0.0
-0.006503156 -0.02476201 0.7719081 -2.686238 0.9199551 1.066711 0.1305872 20.14254 0.4619427 0 0.0
0.03521075 0.02833659 2.51154 -3.035701 1.602125 1.437795 0.1845754 20.34066 0.6064453 0 0.0
0.002522549 0.03583161 3.583137 -1.867378 0.8917221 0.9015182 0.08496487 20.02164 nan 0 0.0
-0.03106801 -0.0605843 0.5180847 0.3121727 0.5572191 0.7118999 0.06599445 19.73739 0.6821175 0 0.0
-0.001634146 0.009022022 -1.275395 -21.88138 1.713102 1.697302 0.1170213 20.01845 0.6278 0 0.0
