data/gcs/NGC_6544.ecsv
# %ECSV 0.9
# ---
# datatype:
# - {name: x, unit: deg, datatype: float64}
# - {name: y, unit: deg, datatype: float64}
# - {name: pmx, unit: mas / yr, datatype: float64}
# - {name: pmy, unit: mas / yr, datatype: float64}
# - {name: pmx_e, unit: mas / yr, datatype: float64}
# - {name: pmy_e, unit: mas / yr, datatype: float64}
# - {name: pm_corr, datatype: float64}
# - {name: g_mag, unit: mag, datatype: float64}
# - {name: bp_rp, unit: mag, datatype: float64}
# - {name: filter, datatype: int64}
# - {name: memberprob, datatype: float64}
# meta: !!omap
# - comments: [deg deg mas/yr mas/yr mas/yr mas/yr dimless mag   mag   zeroone float]
# - __serialized_columns__:
#     bp_rp:
#       __class__: astropy.units.quantity.Quantity
#       unit: &id001 !astropy.units.Unit {unit: mag}
#       value: !astropy.table.SerializedColumn {name: bp_rp}
#     g_mag:
#       __class__: astropy.units.quantity.Quantity
#       unit: *id001
#       value: !astropy.table.SerializedColumn {name: g_mag}
#     pmx:
#       __class__: astropy.units.quantity.Quantity
#       unit: !astropy.units.Unit {unit: mas / yr}
#       value: !astropy.table.SerializedColumn {name: pmx}
#     pmx_e:
#       __class__: astropy.units.quantity.Quantity
#       unit: !astropy.units.Unit {unit: mas / yr}
#       value: !astropy.table.SerializedColumn {name: pmx_e}
#     pmy:
#       __class__: astropy.units.quantity.Quantity
#       unit: !astropy.units.Unit {unit: mas / yr}
#       value: !astropy.table.SerializedColumn {name: pmy}
#     pmy_e:
#       __class__: astropy.units.quantity.Quantity
#       unit: !astropy.units.Unit {unit: mas / yr}
#       value: !astropy.table.SerializedColumn {name: pmy_e}
#     x:
#       __class__: astropy.units.quantity.Quantity
#       unit: &id002 !astropy.units.Unit {unit: deg}
#       value: !astropy.table.SerializedColumn {name: x}
#     y:
#       __class__: astropy.units.quantity.Quantity
#       unit: *id002
#       value: !astropy.table.SerializedColumn {name: y}
# schema: astropy-2.0
x y pmx pmy pmx_e pmy_e pm_corr g_mag bp_rp filter memberprob
[from data line 23482]
-0.07873888 -0.06491297 -0.09532994 -1.667693 1.424755 1.570693 0.6812436 19.31552 nan 0 0.0
-0.07960515 -0.007967726 1.975482 -2.732582 2.513195 2.141927 0.4913855 20.09832 nan 0 0.0
-0.06937589 -0.09879134 -0.8427394 -4.94448 0.2139287 0.1756349 0.1608035 16.05379 3.127792 1 0.0
-0.05103673 -0.07092746 -1.198049 -5.102709 0.2118938 0.167622 -0.2057154 16.22338 2.833973 0 0.0
-0.1065202 -0.03456893 -3.692138 -6.502325 0.3546022 0.2953692 -0.02183955 17.11062 4.968271 1 0.0
-0.05236912 -0.05799239 -3.932105 -19.40603 0.6902329 0.551208 0.1677187 18.59579 1.583569 0 0.0
-0.05453277 -0.04164735 -3.949424 -18.76186 0.773384 0.5841927 0.03254852 18.60139 1.890711 0 0.0
-0.06405626 -0.07155344 -1.66867 -3.284556 0.2816162 0.2355854 -0.08299535 14.36086 4.897638 1 0.0
0.008119276 -0.071352 -1.431841 -3.577275 0.207748 0.180145 0.1840166 16.88072 2.77516 1 0.0
-0.03257241 -0.06638168 -1.896997 -16.41197 1.318252 1.020632 0.7601666 18.61052 nan 0 0.0
-0.1120662 -0.04754193 -5.696735 -5.746349 0.3260489 0.2643251 0.06759978 17.21877 3.848125 1 0.0
-0.07599967 -0.1133254 -1.798318 -2.92276 0.6652447 0.53456 0.3420626 18.64751 2.219896 0 0.0
-0.1013536 -0.02945477 -2.978486 -5.985569 0.4091061 0.339045 -0.08538632 17.95114 3.843527 1 0.0
-0.0629234 -0.07058774 -7.449046 -1.265552 0.7518093 0.6093729 0.2686453 18.54805 nan 0 0.0
-0.0880071 -0.0161083 0.08202273 0.5251218 0.5832511 0.5014182 0.4237077 18.33984 1.854494 0 0.0
0.01370466 -0.0578046 -2.66378 -2.993287 0.771245 0.6935828 0.428187 19.03806 nan 0 0.0
-0.1015202 -0.09540147 0.9268309 -17.91238 1.856176 1.703892 0.4563886 20.01498 nan 0 0.0
-0.04264108 -0.048429 -2.266437 -20.41715 0.7016507 0.6333681 -0.1895244 18.37208 1.659151 0 0.0
-0.01291525 -0.08778611 -1.845848 -1.029547 0.5179983 0.4364839 0.2835135 18.31793 nan 0 0.0
-0.007470357 -0.08723825 0.6772278 -1.996061 0.404741 0.3364483 -0.2289817 17.77557 1.824617 0 0.0
-0.1259398 -0.0532488 -1.324453 -5.271153 0.1065155 0.08467233 -0.08695755 15.62521 1.314633 0 0.0
-0.05810355 -0.09154329 2.731438 -1.665398 0.6401764 0.5246475 0.2170827 18.51099 2.307022 0 0.0
-0.05492516 -0.02982388 -9.586371 -7.833659 0.4993927 0.4180291 -0.1521223 14.88528 6.088964 0 0.0
-0.1311769 -0.09379115 7.532977 -3.72746 2.782062 2.598937 0.805699 20.14728 nan 0 0.0
-0.1040878 -0.09848017 -0.6249602 -5.426943 0.3738102 0.3008936 0.1238871 18.03835 1.864168 0 0.0
-0.01247251 -0.09282336 -3.928219 -2.779484 0.7902617 0.6839837 0.09674049 18.94313 2.74931 0 0.0
-0.1001663 -0.02727751 -1.647945 -2.056476 0.4718121 0.3853397 0.2509016 18.17099 1.735722 0 0.0
-0.002496314 -0.03636718 -7.62088 -6.868322 0.4923511 0.4314206 0.2707263 16.89752 nan 0 0.0
-0.00843826 -0.07960892 -1.635152 -18.76758 0.5444418 0.4558553 0.3069106 18.25363 1.577269 0 0.0
-0.008686398 -0.0885048 0.5978597 0.003535614 0.1034957 0.08405099 -0.5101158 14.36786 2.071376 1 0.0
-0.1417907 -0.06914857 -2.765456 -3.301685 0.271743 0.2044073 -0.1574882 17.43574 2.027927 0 0.0
-0.02746552 -0.03400702 -2.18772 -18.99522 0.09082704 0.07404872 0.03586267 10.9894 2.64794 1 1.0
-0.1256643 -0.05227196 -1.490278 -2.823718 0.2641073 0.2115313 0.02588369 17.43941 1.676378 1 0.0
-0.03384484 -0.06348668 -2.198062 -18.50814 0.6089932 0.5170505 0.1875815 18.21239 1.64712 0 0.0
-0.008300604 -0.07149124 0.6872981 0.1490575 1.971643 2.04082 0.7437381 19.46368 1.349766 0 0.0
-0.111973 -0.08905146 -5.016251 -7.999762 0.6254512 0.5439685 0.3459249 18.45373 2.290634 0 0.0
-0.09151833 -0.05452105 -1.172553 -4.070829 1.782317 1.380567 -0.1088196 20.05908 nan 0 0.0
-0.008105671 -0.09313962 0.4087477 -4.856181 0.9083197 0.8689021 0.2405957 18.99438 2.788639 0 0.0
-0.007941363 -0.06970594 0.9376611 -1.672987 0.6595246 0.5393464 0.009771912 18.93268 1.903341 0 0.0
-0.002468738 -0.0326879 -3.134931 -19.86546 0.783416 0.7137934 0.5511654 18.19954 nan 0 0.0
0.004691941 -0.06127339 -2.551564 -18.63775 0.1210969 0.1004415 -0.04843636 16.02306 1.83359 1 1.0
0.009943922 -0.0687219 -4.009926 -6.303525 0.3795268 0.3221268 0.2471056 17.9857 2.782358 0 0.0
-0.05187731 0.02122382 -3.224896 -18.20293 0.103756 0.08534895 0.1540895 15.09404 2.686096 1 0.9999982
-0.07202845 -0.05275141 -6.268318 -4.538068 0.8463413 0.6891295 0.05100269 18.5313 2.178026 0 0.0
-0.1258339 -0.07555132 -1.859648 -5.487844 0.5693721 0.4533883 0.3826535 18.57658 2.624823 0 0.0
-0.09836622 -0.09950351 -0.9733467 -4.238966 0.2123987 0.1703383 0.02407912 17.0845 2.864693 0 0.0
-0.08328847 -0.04148229 -1.911946 -17.89886 1.79843 1.838041 0.4319584 19.49218 2.204672 0 0.0
-0.005508982 -0.06463799 -2.984092 -18.6441 0.7434161 0.6487326 0.07969352 19.04636 1.747631 0 0.0
-0.06838368 0.005234072 -4.150097 -20.03012 1.210005 1.19248 0.7662373 19.11111 2.277225 0 0.0
-0.04212637 -0.01755838 0.5197167 -1.751843 0.9900368 0.7991283 0.2233727 18.96148 2.113909 0 0.0
-0.0981387 -0.07303889 -1.894042 0.6842577 0.3381815 0.2735222 -0.008966448 17.87709 2.087149 0 0.0
0.007593407 -0.08190531 -7.943779 -4.368135 1.436694 1.544221 0.7295925 19.32624 2.45599 0 0.0
-0.03384384 -0.06711254 -5.669397 -19.94788 1.419143 1.636602 0.6876322 19.23681 1.215364 0 0.0
-0.09881945 -0.08582057 -1.823775 -5.588366 0.6224082 0.5082551 0.3822365 18.27306 2.231583 0 0.0
-0.03867996 -0.07201585 -2.705167 -20.08103 0.9241157 0.798639 0.348778 18.56675 1.765211 0 0.0
0.01984192 -0.05871906 -2.566585 -19.49645 0.2774878 0.2340523 0.08105656 17.73367 1.728245 0 0.0
-0.08738256 -0.1162264 0.5142215 -0.6847632 0.09943236 0.07996576 -0.02909929 15.47584 2.228211 1 0.0
-0.01869787 -0.04827234 -5.357624 -7.655645 0.4132789 0.3615263 0.1581823 16.12427 4.792599 0 0.0
-0.0864266 -0.02199516 -4.033801 -7.252535 0.3366827 0.2778334 -0.1723736 17.58891 3.108527 0 0.0
-0.1075796 -0.05619728 -9.62356 -6.607283 2.571203 2.317645 0.1737145 19.954 nan 0 0.0
-0.133119 -0.08693442 -3.016963 -10.85515 1.69881 1.609768 0.7908882 19.51004 3.065979 0 0.0
0.004442344 -0.08306101 -2.405474 -17.94149 1.141926 1.021611 0.3614184 18.8846 nan 0 0.0
-0.09847937 -0.0618888 -7.947107 -3.918979 0.5109577 0.396697 0.3400515 18.22926 2.924774 0 0.0
-0.01366606 -0.04691364 0.6555741 -1.518294 0.5515703 0.4672227 0.1834651 17.86509 1.917337 0 0.0
-0.08805638 -0.06303102 -3.08393 -8.159541 1.810134 1.747121 0.6970852 19.39108 2.856773 0 0.0
-0.04304564 0.001436583 -4.19423 -20.51883 0.6470527 0.5220191 0.4438281 18.67163 1.859262 0 0.0
-0.03097998 -0.02313025 -2.101301 -18.68776 0.7552845 0.5500255 0.01007814 18.59573 2.560991 0 0.0
-0.1379163 -0.0729703 -3.636858 -6.845957 0.36305 0.2856332 0.04691779 17.5416 3.371531 1 0.0
-0.06411954 -0.1090367 1.659433 -4.135952 0.518658 0.4386984 0.4599878 18.06363 2.975172 1 0.0
-0.08248941 0.003823511 0.4484699 0.1902186 0.3972713 0.3228276 0.008200344 18.0971 2.29982 0 0.0
-0.09871894 -0.07335788 -0.8281955 -4.270967 0.2115046 0.1694509 0.03469655 17.24952 2.00894 0 0.0
0.003254003 -0.07590461 0.532277 -1.051825 0.539853 0.4520538 0.08328068 18.72913 2.000074 0 0.0
-0.07836521 -0.04402726 3.831308 -0.961719 1.327523 1.353737 0.4392151 19.12597 2.601669 0 0.0
-0.009156075 -0.09100155 0.6701452 -0.1484259 0.5559075 0.4677565 0.2866067 18.40351 nan 0 0.0
-0.1161043 -0.07518125 -1.072006 1.372815 1.721451 1.702387 0.743406 19.4186 2.016495 0 0.0
-0.03424288 -0.02402566 -1.560434 -18.10825 0.1044156 0.08583249 0.04625486 15.9661 1.287382 1 0.9999998
-0.1309685 -0.05607122 1.343792 -3.170289 0.3189612 0.2578936 0.06010439 17.67914 3.310507 1 0.0
-0.01079087 -0.04416105 -2.897776 -18.71747 1.475944 1.430263 0.7566355 19.15174 nan 0 0.0
0.009529728 -0.06283198 -1.697682 -18.66785 0.5584912 0.4820897 0.714524 18.09248 1.545195 0 0.0
-0.05458322 0.009648859 -5.823203 -1.111082 0.7098358 0.5897947 0.4658807 18.78355 2.528133 0 0.0
-0.07244798 0.002281074 8.703052 -9.600231 2.063136 1.81252 0.3631644 19.73966 2.763622 0 0.0
-0.02519719 -0.03845638 -2.933339 -18.5702 0.6910108 0.6157416 0.5162928 18.49582 1.586588 0 0.0
-0.03261574 -0.007381694 -2.560017 -18.44403 0.3682259 0.3163038 0.2119569 18.03695 2.078259 0 0.0
-0.05960775 -0.06746567 -2.540419 -18.89557 0.8114715 0.6748563 0.2968636 18.71156 nan 0 0.0
-0.1128658 -0.07994469 0.2386542 -1.312582 0.5835057 0.4684477 0.3885505 18.44618 1.513599 0 0.0
-0.03593684 0.0002181646 -5.111836 -19.0887 1.48852 1.621064 0.8158936 19.06846 1.863619 0 0.0
-0.09468624 -0.06934736 -0.8977984 -3.495023 0.336395 0.2705397 0.02871538 17.77 2.892071 0 0.0
0.02056078 -0.05826142 2.543192 -1.797975 0.2528518 0.2138442 0.03392629 17.29973 2.628591 1 0.0
-0.0952497 -0.02010769 -1.231499 -12.35952 1.954905 1.93639 0.6300283 19.62755 nan 0 0.0
-0.0907376 -0.02609144 -2.352062 -4.083074 0.817304 0.6869637 -0.201355 19.0887 2.247322 0 0.0
-0.06870181 -0.1180017 -1.845093 -3.240704 0.274717 0.2357221 0.1878022 17.42257 nan 0 0.0
-0.04351641 -0.07492427 -3.131561 0.4424724 0.8161152 0.721499 0.4636619 18.39065 nan 0 0.0
-0.03458193 0.001567049 0.1423292 -14.11783 1.787879 1.835696 0.7201005 19.56585 nan 0 0.0
-0.03642131 -0.04493082 -3.720484 -4.780724 0.2140176 0.1847939 0.06361 17.1875 2.788059 0 0.0
-0.05858075 -0.01831472 -1.799406 -19.61018 1.498739 1.593768 0.7359576 19.42523 2.27639 0 0.0
-0.08363016 -0.1079612 0.9132594 -5.243645 1.528076 1.460989 0.7625078 19.27095 2.183981 0 0.0
-0.06834506 -0.06410375 -1.07531 -1.824577 0.4229004 0.3602799 0.1298017 17.98823 1.591446 0 0.0
-0.004180698 -0.1041849 -0.07529329 -0.4863296 0.6391358 0.5396518 0.09143784 18.71082 nan 0 0.0
-0.00426434 -0.08308008 -1.650876 0.6642077 1.574629 1.689297 0.7404804 19.25448 2.489679 0 0.0
-0.04907128 -0.008802416 -3.342736 -5.860359 0.781735 0.6676628 0.7992864 18.19188 2.394981 0 0.0
-0.01836021 -0.08750642 -4.375355 0.4543281 2.065043 2.199019 0.6560841 19.76078 1.75848 0 0.0
-0.07464894 -0.062572 -0.9919566 -4.307222 0.2677035 0.2081045 -0.2525143 15.89156 2.937917 0 0.0
0.00651431 -0.1028632 -5.28179 -2.543985 0.938592 0.7361345 0.04149785 18.76681 2.641901 0 0.0
-0.002909856 -0.08777592 -1.558268 -18.25656 0.5705833 0.4819613 0.153392 18.54494 1.825834 0 0.0
-0.06542625 -0.0942783 -0.05426869 2.720287 2.046969 2.030861 0.6847489 19.55472 1.995777 0 0.0
-0.05903523 -0.1081777 -11.24803 -11.621 2.169131 2.146366 0.7201132 19.5518 nan 0 0.0
-0.04310148 -0.07578243 -3.115538 -5.222659 0.3231031 0.2802367 0.0582038 17.73696 2.78899 0 0.0
-0.1268241 -0.08025586 -6.02033 -7.378042 0.6738339 0.5433382 0.372935 18.59804 3.292301 0 0.0
-0.06222006 -0.09471341 -3.599315 -19.29415 1.351325 1.334365 0.6517679 19.11453 1.779572 0 0.0
-0.007055484 -0.09215345 -2.965127 -3.420372 0.3134282 0.2604747 -0.2354009 17.50212 2.762002 0 0.0
-0.04659046 -0.05974863 3.092423 -3.863944 1.046682 0.9527908 0.3143025 18.83606 1.689054 0 0.0
-0.09214697 -0.1375216 -3.224622 -0.6697733 1.462798 1.338331 0.795466 19.22615 nan 0 0.0
-0.02973738 -0.01560927 -3.342788 -19.48834 0.8285308 0.6475254 -0.0673672 19.02585 nan 0 0.0
-0.1275644 -0.08601872 0.356666 -1.60118 0.7637525 0.580544 -0.1545409 17.86707 nan 0 0.0
-0.06735104 -0.06194599 -1.768211 2.76628 0.8587999 0.7116847 0.2701429 18.90782 nan 0 0.0
-0.006061254 -0.07707964 -6.287859 -5.652729 1.593427 1.692447 0.7387381 19.08321 nan 0 0.0
-0.139877 -0.07466434 2.278645 -0.7027444 1.182075 0.9700666 0.4379051 18.30721 2.777502 0 0.0
-0.0849069 -0.02015542 -7.089556 -2.317244 0.8536661 0.7371707 -0.08685584 19.04356 2.740618 0 0.0
-0.04291627 -0.05212553 -0.244757 -4.28824 0.2135234 0.1757863 -0.3189116 16.23323 1.491707 0 0.0
-0.1465176 -0.06924567 -4.533905 -6.491062 0.2618834 0.1998553 -0.08658502 17.11349 3.496431 1 0.0
-0.01540777 -0.04805063 6.746559 3.216972 2.569609 2.531084 0.490811 19.8285 2.428232 0 0.0
-0.005839744 -0.08498558 -0.4765263 -3.998317 0.7760904 0.644885 0.2254776 18.86383 1.857759 0 0.0
-0.06971862 0.01802591 2.288103 -1.908681 1.241111 1.228597 0.7694263 19.21164 1.956701 0 0.0
-0.05876723 -0.09080547 -3.259016 -18.73256 0.5492563 0.4500207 0.207729 18.17869 1.864281 0 0.0
-0.07170911 -0.03149764 -3.053759 -19.06678 1.435175 1.574482 0.6620988 19.34748 1.952383 0 0.0
0.002701173 -0.0755422 -2.499394 -17.80637 0.3686005 0.3112318 0.1556836 17.70268 1.902988 0 0.0
-0.02704506 -0.05981335 -7.103234 -7.608641 0.7120578 0.6192102 0.8020745 17.86596 2.611275 0 0.0
-0.005425376 -0.07980521 -2.17187 -18.35036 0.5748208 0.4787925 0.4381479 18.44663 1.645693 0 0.0
-0.1011464 -0.07955682 -2.186451 -8.922782 2.165728 1.876301 0.328558 19.84629 nan 0 0.0
-0.02578199 -0.01874024 -3.149874 -17.98093 0.3466342 0.284431 -0.04654508 17.92728 nan 0 0.0
-0.005369051 -0.1035898 -1.288661 -3.269974 0.7344631 0.6287863 -0.292666 18.83867 2.103241 0 0.0
-0.0534274 0.02334222 -3.956116 -4.940734 0.1984841 0.1638519 0.09277336 16.99889 3.463414 1 0.0
-0.1268132 -0.09079204 1.190878 -1.197163 0.7331578 0.6056636 0.2059735 19.02889 1.847099 0 0.0
-0.07150066 -0.1043658 -1.514835 -8.615414 0.2057595 0.16152 -0.1213458 16.32448 3.307105 1 0.0
0.01041573 -0.04672259 -5.931345 -3.864993 0.7656787 0.7159392 0.7299328 17.866 nan 0 0.0
-0.06257342 0.002042358 -4.171288 -3.287739 0.7643413 0.6375647 0.4809759 18.82879 2.336563 0 0.0
-0.08483281 -0.007322725 -5.419336 -4.65026 0.3886128 0.3239601 -0.09699378 17.21743 4.98622 0 0.0
0.0095017 -0.06776437 -2.668721 -18.86424 0.1085216 0.09053997 0.1050731 16.00923 1.894139 1 1.0
-0.07539363 -0.06537054 -2.40021 -3.045423 0.3535589 0.2865321 -0.3791234 17.82802 1.728836 0 0.0
-0.1091685 -0.07256754 0.5485023 0.7298701 0.6978352 0.5482045 0.1170993 18.98312 1.74157 0 0.0
-0.04835144 -0.08084648 -2.469056 -18.2198 0.7191513 0.6270101 0.4126062 18.67365 nan 0 0.0
0.02042323 -0.0541873 -1.611909 -18.00403 0.2946429 0.2411471 0.02225688 17.8555 1.943029 0 0.0
-0.08761197 -0.06595848 -4.163458 1.059158 0.3336028 0.2720632 -0.1612463 16.72115 3.773643 0 0.0
-0.07662379 -0.04327467 -3.762681 -20.00673 2.461147 2.263673 0.3934605 19.61522 nan 0 0.0
-0.02835652 -0.007334861 -2.642563 -16.8704 0.9896924 0.7209571 0.06292602 18.56872 1.926668 0 0.0
-0.06925956 -0.01117153 -5.27637 -6.100719 1.008038 0.7866642 -0.05569756 18.92612 nan 0 0.0
-0.05543456 -0.06519015 0.02496887 -5.015996 1.06482 0.866636 0.1679348 18.96016 2.153913 0 0.0
-0.1098795 -0.05033994 1.129874 -0.4909975 2.237549 2.210158 0.7573409 19.77403 2.545429 0 0.0
-0.06143719 -0.002345879 -3.113195 -21.9742 1.622296 1.447212 0.349383 19.86935 2.359526 0 0.0
-0.09693333 -0.05925925 -2.648585 -4.233214 0.5504975 0.452678 0.2285106 18.19367 3.02397 0 0.0
-0.03235678 -0.04548473 -0.7205651 -17.05736 0.5156631 0.4327961 0.4556564 18.07932 nan 0 0.0
0.008590039 -0.05947307 -2.67002 -18.28905 0.1319697 0.1103823 0.1004393 16.50107 1.766115 1 0.9999999
-0.1186803 -0.01261504 -0.8936982 -4.140947 0.5153874 0.434558 -0.006306998 17.97038 2.637171 0 0.0
-0.1256545 -0.06186019 -3.254741 -6.342395 0.2739032 0.2229975 -0.1048166 16.80866 3.941317 1 0.0
-0.01104028 -0.03784775 -0.7440138 -16.29924 0.7343718 0.6463292 0.4187866 18.74877 nan 0 0.0
-0.112084 -0.08846219 1.367482 0.004802707 2.421465 1.797768 -0.0187626 19.94107 nan 0 0.0
-0.07054269 0.007876437 -7.33486 -3.806962 0.2594096 0.2160415 0.2202987 17.1202 4.007 1 0.0
-0.0496042 0.009616637 -4.694975 -3.216074 2.530469 2.017457 0.3214858 20.07806 2.820805 0 0.0
-0.06445963 -0.09294837 -3.881324 -3.827023 0.8078821 0.6706553 -0.03192632 18.96604 nan 0 0.0
-0.06426489 -0.04269538 -3.335882 -19.08795 0.8694327 0.7894083 0.2586676 18.81966 1.931643 0 0.0
0.01373161 -0.06397106 -1.265242 -18.42607 0.4611147 0.3913034 0.394613 18.34736 1.786095 0 0.0
-0.003767263 -0.06854036 -2.421187 -18.51251 0.1312752 0.1096859 0.02733446 16.39396 1.801921 1 1.0
-0.05147367 -0.08365346 -3.491693 -2.152175 0.5315494 0.4678996 0.4330017 18.16313 2.855875 0 0.0
-0.08032542 -0.006161935 -0.5120649 -2.357228 0.2482996 0.2029116 -0.1497082 17.50456 1.819553 0 0.0
-0.06379701 0.01470653 2.346143 -0.6044311 0.46854 0.388438 0.4622138 18.30395 2.15193 0 0.0
-0.09018744 -0.05975002 0.2714272 1.390379 0.3588283 0.2836364 -0.2197434 17.82476 nan 0 0.0
