data/gcs/NGC_6540_Djorg.ecsv
# %ECSV 0.9
# ---
# datatype:
# - {name: x, unit: deg, datatype: float64}
# - {name: y, unit: deg, datatype: float64}
# - {name: pmx, unit: mas / yr, datatype: float64}
# - {name: pmy, unit: mas / yr, datatype: float64}
# - {name: pmx_e, unit: mas / yr, datatype: float64}
# - {name: pmy_e, unit: mas / yr, datatype: float64}
# - {name: pm_corr, datatype: float64}
# - {name: g_mag, unit: mag, datatype: float64}
# - {name: bp_rp, unit: mag, datatype: float64}
# - {name: filter, datatype: int64}
# - {name: memberprob, datatype: float64}
# meta: !!omap
# - comments: [deg deg mas/yr mas/yr mas/yr mas/yr dimless mag   mag   zeroone float]
# - __serialized_columns__:
#     bp_rp:
#       __class__: astropy.units.quantity.Quantity
#       unit: &id001 !astropy.units.Unit {unit: mag}
#       value: !astropy.table.SerializedColumn {name: bp_rp}
#     g_mag:
#       __class__: astropy.units.quantity.Quantity
#       unit: *id001
#       value: !astropy.table.SerializedColumn {name: g_mag}
#     pmx:
#       __class__: astropy.units.quantity.Quantity
#       unit: !astropy.units.Unit {unit: mas / yr}
#       value: !astropy.table.SerializedColumn {name: pmx}
#     pmx_e:
#       __class__: astropy.units.quantity.Quantity
#       unit: !astropy.units.Unit {unit: mas / yr}
#       value: !astropy.table.SerializedColumn {name: pmx_e}
#     pmy:
#       __class__: astropy.units.quantity.Quantity
#       unit: !astropy.units.Unit {unit: mas / yr}
#       value: !astropy.table.SerializedColumn {name: pmy}
#     pmy_e:
#       __class__: astropy.units.quantity.Quantity
#       unit: !astropy.units.Unit {unit: mas / yr}
#       value: !astropy.table.SerializedColumn {name: pmy_e}
#     x:
#       __class__: astropy.units.quantity.Quantity
#       unit: &id002 !astropy.units.Unit {unit: deg}
#       value: !astropy.table.SerializedColumn {name: x}
#     y:
#       __class__: astropy.units.quantity.Quantity
#       unit: *id002
#       value: !astropy.table.SerializedColumn {name: y}
# schema: astropy-2.0
x y pmx pmy pmx_e pmy_e pm_corr g_mag bp_rp filter memberprob
[from data line 334]
0.0194953 -0.02674789 -3.062142 -8.065462 0.599271 0.6426522 0.8734349 17.33306 1.649843 0 0.0
0.003378332 -0.0129923 0.4993266 -5.684208 0.3901364 0.3368417 0.4945448 16.90859 nan 0 0.0
0.01382754 -0.01359776 -3.938744 -2.883047 0.3287101 0.3016505 0.4127942 17.72713 1.295727 0 0.0
0.01595918 -0.0231882 -0.4093683 -2.925958 0.3050693 0.2634346 0.2309248 17.44717 nan 0 0.0
0.02519713 -0.003471774 -1.055708 -0.5621333 0.1160656 0.09653134 0.1284431 12.51335 1.914782 1 0.0
-0.008230929 -0.02692574 -14.56633 -5.942046 1.127729 0.9381944 0.3262123 18.54892 1.62467 0 0.0
0.002730164 -0.01895656 -1.672855 -5.501578 0.2744463 0.2358062 0.4982557 17.17511 1.559105 0 0.0
-0.0168473 0.0004799582 -3.995869 -3.511266 0.1821649 0.1606583 0.2106355 16.62032 1.68064 0 0.0
0.01887697 -0.01171978 -6.492668 -6.164828 0.1595748 0.1403204 0.3308487 16.12781 1.60595 0 0.0
0.0002732738 -0.002507553 -3.4697 -2.628202 0.1684735 0.1483833 0.3280569 16.61046 1.909476 0 0.0
0.01420467 -0.0202926 -1.817019 -9.276724 0.3862812 0.3442432 0.4824498 17.39916 1.43241 0 0.0
0.01917545 -0.003386623 -3.532532 -2.399893 0.1463379 0.1234559 0.5665425 14.30559 2.311262 1 0.6671774
0.0149339 -0.01838916 -4.895908 -9.162511 0.1556327 0.1337744 0.3024659 16.03788 1.541903 0 0.0
-0.0005637825 -0.01161514 -2.5018 -5.900423 0.147907 0.1243899 0.2161268 15.49429 1.809871 0 0.0
0.0006511823 -0.02558457 -3.905607 -2.960502 0.2605151 0.2403067 0.5510477 17.00211 1.338512 0 0.0
0.001434334 -0.008824701 -4.131794 -2.763309 0.4756009 0.4166538 0.3954602 18.16099 1.40167 0 0.0
-0.000131763 -0.01346527 -4.641875 -8.596669 0.342323 0.3013478 0.4499712 17.01076 1.200604 0 0.0
-0.01414574 -0.008449863 -3.465809 -9.674838 0.1504209 0.1236351 0.1160354 16.29685 1.88276 0 0.0
0.0004082677 -0.008559571 -2.700716 -7.415857 1.090594 0.8519174 0.04757792 18.48052 nan 0 0.0
0.01488133 -0.008015086 -2.055197 -3.094686 0.4306263 0.3636735 0.3356328 17.90617 1.306519 0 0.0
0.001920142 -0.02148569 -2.697837 -2.009242 0.2918305 0.2731029 0.6379328 17.04972 1.606818 0 0.0
-0.01265902 -0.02233518 3.652341 -2.356112 1.144734 0.9166136 -0.08900049 18.80023 nan 0 0.0
0.02581709 -0.00815446 -5.678048 -8.282568 0.5922358 0.5043348 0.2406785 14.78639 4.173539 0 0.0
0.01293586 -0.01917283 0.8390906 -7.301826 0.188748 0.1565665 0.1783365 16.62403 1.577931 0 0.0
0.004431294 -0.01461931 3.42661 -4.346203 0.3284744 0.3063533 0.8497597 16.22299 1.546906 0 0.0
-0.01914222 -0.001992345 -2.461816 -4.444782 0.7778261 0.7128385 0.637987 17.78867 1.410299 0 0.0
0.0133403 -0.02357694 -4.279258 -9.18674 0.6014609 0.5571353 0.7359644 17.59973 1.492088 0 0.0
0.02516966 -0.005506908 1.22678 -3.603027 0.3717371 0.3357132 0.2247926 17.55757 nan 0 0.0
-0.001373565 -0.03137719 -2.080336 -10.13372 0.5995621 0.5167452 0.1333086 18.09597 1.91378 0 0.0
-0.0009417942 -0.01200425 3.244323 -6.496453 0.798976 0.7675341 0.4123878 17.57632 nan 0 0.0
-0.02105598 -0.01995802 -1.600975 -8.492009 1.246852 0.9656866 0.09764465 17.83976 nan 0 0.0
0.01207256 -0.01307112 1.676912 0.2225765 0.2553895 0.2344008 0.394499 17.38752 1.605604 0 0.0
-0.004883638 -0.01866291 0.1844144 2.87502 0.9485095 0.853613 0.2256397 19.06847 nan 0 0.0
-0.02021797 -0.02555974 -2.091788 -7.225 0.3868213 0.3044972 -0.2305394 15.81473 1.631257 0 0.0
0.003891462 -0.009732659 -1.21439 -2.651523 0.1394644 0.1250646 0.5348667 14.89885 0.8991194 0 0.0
0.003215839 -0.0295004 7.205773 -0.09385931 0.6263371 0.5382461 0.2521287 18.04396 1.310593 0 0.0
-0.02162402 -0.01463281 -2.033719 1.221424 0.6290516 0.5845561 0.1636111 18.51444 nan 0 0.0
-0.005179978 -0.03236531 -2.541522 1.231977 0.7220294 0.617207 0.265603 16.8547 1.549052 0 0.0
0.01814596 -0.02364058 -8.780548 -10.41959 0.69921 0.6565719 0.843325 17.69079 1.465555 0 0.0
0.01352912 -0.02498078 -6.845516 -11.05012 0.5661687 0.4729605 0.1807217 18.09806 1.383547 0 0.0
0.0007862779 -0.01070915 -5.348275 -0.6921606 0.1631069 0.1398577 0.2971612 16.09594 1.927889 0 0.0
-0.0191676 -0.01117051 -0.6561913 -4.754107 0.6645571 0.6083554 0.1718058 18.2455 1.211845 0 0.0
0.02592315 -0.01634273 4.584806 -6.263232 1.095281 0.9323161 0.1987971 16.95856 nan 0 0.0
0.01795646 -0.02673427 -2.256421 -7.186791 0.1504597 0.1316712 0.3064083 16.1199 1.858023 1 0.0
-0.002210553 -0.02611674 2.646081 -7.363702 0.8081219 0.8084032 0.5116391 18.26334 1.410463 0 0.0
-0.01865283 -0.02136329 -5.100805 -12.05318 0.603821 0.5733998 0.3354986 18.43066 1.403542 0 0.0
0.02659762 -0.01849248 -7.699257 -6.956601 0.1327855 0.1169766 0.2942795 15.97206 1.713702 0 0.0
-0.01311951 -0.009708585 -2.313911 -3.271221 1.61899 1.495999 -0.2097018 18.96576 0.9838448 0 0.0
-0.01058142 -0.009143733 -5.130491 -5.74049 0.7288918 0.6499329 0.5787621 18.43865 1.659246 0 0.0
0.01188226 -0.02487186 4.889053 -5.050828 0.3144927 0.269242 0.2299146 17.47732 1.543526 0 0.0
-0.00229174 -0.01688517 -4.637417 -5.153414 0.5566109 0.4875167 0.6463018 18.06927 1.719643 0 0.0
-0.01025635 -0.0202788 -5.706551 -5.809161 0.7453441 0.7553004 0.7386816 18.10844 nan 0 0.0
0.001488291 -0.0122255 1.834254 -5.135197 0.6986601 0.5965992 0.2550003 17.98516 1.403219 0 0.0
0.02020014 -0.01111157 -0.9653501 -6.190166 0.4139186 0.3428895 0.1488618 17.96478 1.173288 0 0.0
0.01077649 -0.01344101 -1.485446 -5.065587 0.4598696 0.4207588 0.5124882 17.59412 1.532267 0 0.0
-0.003533261 -0.03129331 4.562857 1.470648 0.8282018 0.6407841 0.7299513 18.01844 nan 0 0.0
-0.0194352 -0.0246517 -0.7156503 -5.189727 0.4653541 0.385095 0.4161901 17.07505 1.35189 0 0.0
-0.01023071 -0.005897393 4.137429 -7.723103 0.07354754 0.06540817 0.3886368 13.83131 1.533859 0 0.0
-0.01263212 -0.02148259 -0.5617861 -1.948963 0.6365095 0.5671107 0.3245884 18.12349 1.388309 0 0.0
-0.003614875 -0.01248686 -3.435749 -2.225528 0.3532884 0.3250647 0.4816802 17.75187 1.103693 0 0.0
0.01196319 -0.0255013 -4.736784 -1.257761 0.573402 0.4940146 0.2687636 17.8055 nan 0 0.0
-0.02418827 -0.01816767 -4.94055 -1.736881 0.3586249 0.2857285 0.2796802 17.1795 1.874275 0 0.0
-0.01895245 -0.006276217 -3.768602 -7.505177 0.6949525 0.6434054 0.5860111 18.08366 1.283415 0 0.0
0.02227808 -0.01673293 -4.492369 -1.074105 0.7005902 0.6576101 0.4621258 18.29874 1.824804 0 0.0
-0.006827751 -0.01609763 3.100407 -2.479249 0.6276817 0.5917875 0.445541 18.26787 1.16646 0 0.0
-0.01911309 -0.01406395 -2.667207 -10.22378 0.2035478 0.1682061 0.09654438 16.45601 nan 0 0.0
0.002730474 -0.006644627 -5.405174 -11.62547 0.1652516 0.1450579 0.3418926 16.44874 1.735593 0 0.0
-0.004802758 -0.01600406 -1.286149 -8.895963 0.3007828 0.2534629 0.228147 16.21491 1.719126 0 0.0
0.02452156 -0.005663163 -0.8478456 -3.585611 0.102344 0.0834749 0.08785769 15.57854 1.697525 0 0.0
-0.01924849 -0.01184763 -5.708371 -6.295462 0.5788746 0.5062107 0.3047391 18.23867 1.464167 0 0.0
0.00192004 -0.02729738 -5.462557 -8.730019 0.6279465 0.5643139 0.2466771 18.4173 1.680433 0 0.0
-0.006233161 -0.02640109 -3.09245 -6.919198 0.7431143 0.6584842 0.8167125 17.94668 1.100599 0 0.0
-0.02354204 -0.01002887 1.367309 2.179079 0.510321 0.3640057 -0.4773451 17.80126 1.33633 0 0.0
0.02754288 -0.01737691 -0.4086122 1.654739 0.3613633 0.3057769 0.152112 17.31118 1.288521 0 0.0
0.001785231 -0.01650941 -0.0139886 -1.843556 0.8586422 0.7243353 0.6608595 18.294 nan 0 0.0
0.00783206 -0.03232923 -6.448135 -3.91884 0.34686 0.2914956 0.1700492 17.52022 1.52166 0 0.0
-0.02402844 -0.008352415 -1.805466 -4.382933 0.1365442 0.1050425 -0.1394442 15.00587 2.462255 1 0.0
-0.003668785 -0.01521628 -0.4722723 -3.997969 0.4131253 0.3720455 0.4884375 17.64326 1.388697 0 0.0
0.0220896 -0.01419803 -4.061693 -8.291769 0.1363186 0.1175214 0.2577817 14.67932 2.586806 1 0.0
0.004323033 -0.02116151 -8.09345 -3.65585 0.6865935 0.6347708 0.4740419 18.31252 nan 0 0.0
0.01560787 -0.02550367 -2.978569 -11.05259 0.690504 0.6275666 0.4499571 18.28687 nan 0 0.0
-0.01754927 -0.0003879963 -0.4324667 -3.060508 0.1799539 0.1515607 0.2117877 16.65093 1.570431 0 0.0
-0.01392958 -0.009510321 -4.796671 2.768465 1.118701 1.057527 -0.1595604 18.81827 nan 0 0.0
0.0231679 -0.02225298 -5.338367 -8.079207 0.7271112 0.6347841 0.8204325 17.53615 nan 0 0.0
-0.01957369 -0.005217748 -5.45251 -6.448318 0.55836 0.5057968 0.8312041 17.26546 1.823801 0 0.0
-0.02556607 -0.01461459 -4.446925 -4.522904 0.2888707 0.2521175 0.2176975 17.05522 1.553228 0 0.0
0.008291692 -0.02314157 -0.1345554 -3.326692 0.6204151 0.5250311 -0.004464416 18.71473 1.826803 0 0.0
-0.008473744 -0.0289876 -0.4683178 -1.250094 0.1576879 0.1291906 0.5228406 15.44759 1.711863 1 0.0
-0.004532271 -0.0276732 -0.9076882 -2.603204 0.1263913 0.1092019 0.5198572 15.33617 1.008139 1 0.0
-0.008934245 -0.01004195 -7.64593 -6.454508 0.5177604 0.4876244 0.4578228 18.32503 1.429676 0 0.0
0.01204396 -0.02751165 5.203305 -0.6361357 1.415181 1.163513 0.1793474 18.98545 1.366993 0 0.0
0.01865883 -0.0241423 -1.501145 -4.498577 0.1552862 0.1374869 0.3338216 14.72286 2.928624 1 0.0
0.01126267 -0.01176831 -0.453589 -2.046044 0.490287 0.402253 0.2353418 18.27247 nan 0 0.0
-0.01155208 -0.02235413 -0.1680743 -4.423988 0.1734894 0.1444213 0.2704221 16.52742 1.762782 0 0.0
0.01396264 -0.01281385 -3.764348 1.248757 0.1018324 0.09062787 0.3035003 15.34555 1.526947 1 0.0
0.004782136 -0.01831576 1.905612 -5.846413 0.205391 0.184416 0.404401 12.94314 3.057573 1 0.0
0.01663486 -0.0184638 4.356651 0.9891708 0.5792012 0.5157407 0.2201127 18.08772 1.242907 0 0.0
0.02349178 -0.022707 -5.456556 -5.193788 0.8975161 0.6725265 0.1101784 18.39314 nan 0 0.0
0.01776736 -0.0274247 1.750693 -0.2853266 0.8621673 0.8398226 0.813081 18.11834 nan 0 0.0
0.02187255 -0.01938597 -3.789513 -2.629199 0.2412273 0.2159945 -0.1111682 16.69867 1.47913 0 0.0
-0.008582728 -0.01635334 -1.806412 -7.619995 0.7090058 0.6337984 0.4363885 18.49671 1.410192 0 0.0
0.01163908 -0.02681161 -2.584497 -9.972657 0.1854114 0.1550675 0.2144633 16.41505 1.781191 0 0.0
-0.006638315 -0.02324636 -3.972152 -2.933987 0.2587765 0.210517 0.5273198 16.66193 nan 0 0.0
-0.006611515 -0.01998288 -2.42337 -2.312246 0.8128377 0.7390324 0.16351 18.12524 nan 0 0.0
0.02519684 -0.004722994 -5.637274 -8.020639 0.1972211 0.1565507 -0.02819215 15.98347 1.795166 0 0.0
0.01666093 -0.02451963 0.8392948 -0.6612777 0.08635075 0.07648834 0.3630134 14.82978 1.723408 1 0.0
-0.01603296 -0.02818546 -6.704199 -9.098564 0.3189654 0.2693814 -0.004892202 17.75874 1.334654 0 0.0
-0.02610491 -0.01947464 -2.165429 -2.124692 0.5744813 0.4762615 0.1736488 18.24322 nan 0 0.0
0.02338864 -0.000144954 -3.690701 -1.852029 0.1642559 0.1427665 0.3588558 16.25212 1.572223 0 0.0
-0.009149388 -0.02037407 0.09250361 -7.781667 0.78038 0.6679311 0.2421667 17.37284 1.570631 0 0.0
0.007294095 -0.003192536 1.282673 -2.109276 0.5373691 0.4963608 0.5104725 17.90324 1.278777 0 0.0
0.0276245 -0.0149279 2.076472 -12.32946 1.074142 1.039326 0.2283825 18.50909 nan 0 0.0
-0.0009687811 -0.0135759 -4.118106 -3.051546 0.9114006 0.8767338 0.05724132 18.871 1.156967 0 0.0
-0.004046871 -0.01297516 -4.915247 -9.265241 0.2928764 0.2474267 0.2309041 16.32721 nan 0 0.0
-0.01708834 -0.01225545 -5.723736 -7.502979 0.688902 0.6359753 0.815199 17.47233 nan 0 0.0
0.008131096 -0.004493407 -2.379245 -7.147814 0.2168749 0.1828465 0.2973055 16.039 1.62142 0 0.0
-0.02013959 -0.01146633 -1.37122 -3.463611 0.2783727 0.241932 0.3483293 17.07325 1.42873 0 0.0
-0.01700498 -0.02730823 -0.1449406 -3.898031 0.5243646 0.4838304 0.427771 18.23029 nan 0 0.0
-0.005828835 -0.01455834 0.370797 -1.473142 0.5396075 0.4716334 0.2092077 18.64474 1.376797 0 0.0
-0.01746641 -0.01189692 -1.85267 -6.582726 0.3299829 0.2900232 0.4275561 15.9297 1.843498 0 0.0
-0.02097658 -0.01167057 -3.251353 -1.912584 0.1154859 0.09950068 0.2875841 15.6697 1.859941 1 0.0
-0.01854702 -0.008551614 -0.5960631 -0.5869858 0.174196 0.1500346 0.2348418 16.5299 1.79443 0 0.0
0.01333968 -0.0286791 6.237111 -6.782334 0.6789412 0.5199575 -0.164983 18.47089 1.384521 0 0.0
-0.0128762 -0.01222053 -4.865459 -5.73855 0.3035721 0.2681502 0.4094565 16.22541 1.849048 0 0.0
0.005726537 -0.02929069 -3.958042 -3.701737 0.9246597 0.8900835 0.3994217 18.02698 1.209122 0 0.0
-0.01789667 -0.02257624 -1.402652 -5.078619 0.3388036 0.2810241 0.3676457 16.96323 1.797283 0 0.0
-0.01681696 -0.02111504 0.6106269 -1.542419 0.5450688 0.4637211 0.1092526 18.12085 1.558701 0 0.0
-0.002102695 -0.01931322 -0.4402165 -2.827377 0.4086881 0.3555128 0.5344206 17.36439 1.127795 0 0.0
0.01801203 -0.0172414 -7.374213 -1.721859 0.9205207 0.821306 0.2129743 18.38426 1.149481 0 0.0
-0.009366168 -0.011215 -0.03263778 -8.93772 0.187934 0.173768 0.5256871 16.03699 1.413841 0 0.0
0.02359969 -0.02306942 -4.951541 -6.44749 0.161949 0.1424051 0.2760098 16.58025 1.259171 0 0.0
0.02284475 -0.01826656 4.666884 -9.227342 0.8707804 0.7410156 0.1477855 17.90022 nan 0 0.0
-0.01017443 -0.03014932 -2.374968 -11.27876 0.4134168 0.3434581 0.4059447 16.7007 1.849006 0 0.0
0.02095589 -0.01259945 -3.361074 -9.666795 0.3470694 0.3162429 0.5670628 17.44741 nan 0 0.0
-0.01028318 -0.02211368 -1.81712 -7.641616 0.6795864 0.6221625 0.4562604 17.36102 1.439777 0 0.0
-2.37565e-05 -0.03196274 0.6329146 -8.55317 1.091341 0.9885124 0.02767658 19.00759 nan 0 0.0
-0.01778925 -0.01907624 -0.7935498 -3.91052 0.3605257 0.3347278 0.2257479 17.39928 1.125282 0 0.0
0.02592456 -0.01042042 0.6179034 -0.2227524 0.2999129 0.2485493 -0.09684823 16.39935 1.163714 0 0.0
0.002055031 -0.02702654 -3.819195 -3.901982 0.8319106 0.6781495 -0.09190491 18.56641 nan 0 0.0
0.008184794 -0.008580859 -6.077284 -6.188474 0.1579909 0.1456408 0.5765229 14.87408 1.956703 0 0.0
0.02570612 -0.02067427 -0.11754 -4.010622 0.3983152 0.3411043 0.168021 17.87812 nan 0 0.0
0.0003002449 -0.01416145 3.726891 3.186167 0.9757175 0.8492449 0.4693093 18.3424 nan 0 0.0
0.02138787 -0.01272732 -8.60506 -2.017106 0.1737898 0.1519755 0.3370275 15.72265 1.774027 0 0.0
-0.01519856 -0.01024101 -0.7827307 -5.505987 0.3531502 0.3231532 0.3756125 17.70463 1.72691 0 0.0
-0.0003477793 -0.009915696 -7.124525 -6.792722 0.6717222 0.554687 0.05945991 18.61067 1.116396 0 0.0
0.025114 -0.01265182 0.7419064 -7.48055 0.523088 0.4517811 -0.1333197 18.00285 nan 0 0.0
-0.01900316 -0.02509031 -3.7928 -1.084519 0.6587219 0.5655352 0.4333601 17.92432 1.037619 0 0.0
0.0202813 -0.0102857 2.381342 -2.525341 0.2604228 0.2401075 0.4613844 17.16525 1.69259 0 0.0
-0.002399631 -0.02177561 -6.350632 -8.323432 0.4816699 0.4296954 0.8636657 16.9884 1.608548 0 0.0
-0.01403567 -0.02440482 -3.497208 -6.160164 0.2686025 0.2520316 0.1740835 16.52371 1.762383 0 0.0
-0.01273934 -0.02808584 -4.640782 -6.864406 0.2629118 0.2244154 0.01273143 17.01562 1.810142 0 0.0
-0.01327921 -0.02862759 -3.777956 -7.112472 0.3691041 0.3461436 0.1493422 17.17105 1.578613 0 0.0
0.01453019 -0.008821847 -0.8250898 -3.163928 0.1423309 0.125813 0.2942984 16.32437 1.602312 0 0.0
0.02011669 -0.02431422 -4.799529 -6.206999 0.172187 0.1434444 0.1748903 16.9273 1.15678 0 0.0
-0.006530897 -0.01366192 -8.060133 -5.95013 0.8134987 0.6446412 0.13122 18.70107 nan 0 0.0
-0.01695299 -0.01446413 -1.148793 -2.685127 0.948673 0.793696 0.2069249 16.82798 1.241564 0 0.0
0.006132998 -0.002507726 -4.198048 -6.556998 0.1604431 0.1319098 0.03325285 16.15751 1.383827 0 0.0
-0.01579256 -0.01045662 1.789619 -0.728263 0.4891914 0.4614814 0.1972026 17.49558 1.32836 0 0.0
0.02514116 -0.01195756 -7.367789 -4.159832 0.2059974 0.17542 -0.08515109 16.21542 1.605468 0 0.0
-0.007178385 -0.02163659 -1.551423 -1.151508 0.6179546 0.5009785 0.00639218 18.34612 1.530741 0 0.0
-0.001022837 -0.007769933 0.3385179 -7.244118 0.2109148 0.1774271 0.4336223 16.89433 1.7208 0 0.0
-0.02926542 -0.01348446 0.4968376 -1.39962 0.1204893 0.09609011 -0.02441058 15.75835 1.742385 1 0.0
-0.01563141 -0.004438913 -0.4907206 -6.051947 0.1305484 0.107085 0.04989895 16.13815 1.766616 0 0.0
0.004323805 -0.001735163 -3.143918 -2.232216 0.5188894 0.5024283 0.4227794 17.43054 nan 0 0.0
0.004377755 -0.003158047 -0.8129725 -6.49031 0.284845 0.2459063 0.2591262 17.10669 nan 0 0.0
