data/gcs/NGC_6441.ecsv
# %ECSV 0.9
# ---
# datatype:
# - {name: x, unit: deg, datatype: float64}
# - {name: y, unit: deg, datatype: float64}
# - {name: pmx, unit: mas / yr, datatype: float64}
# - {name: pmy, unit: mas / yr, datatype: float64}
# - {name: pmx_e, unit: mas / yr, datatype: float64}
# - {name: pmy_e, unit: mas / yr, datatype: float64}
# - {name: pm_corr, datatype: float64}
# - {name: g_mag, unit: mag, datatype: float64}
# - {name: bp_rp, unit: mag, datatype: float64}
# - {name: filter, datatype: int64}
# - {name: memberprob, datatype: float64}
# meta: !!omap
# - comments: [deg deg mas/yr mas/yr mas/yr mas/yr dimless mag   mag   zeroone float]
# - __serialized_columns__:
#     bp_rp:
#       __class__: astropy.units.quantity.Quantity
#       unit: &id001 !astropy.units.Unit {unit: mag}
#       value: !astropy.table.SerializedColumn {name: bp_rp}
#     g_mag:
#       __class__: astropy.units.quantity.Quantity
#       unit: *id001
#       value: !astropy.table.SerializedColumn {name: g_mag}
#     pmx:
#       __class__: astropy.units.quantity.Quantity
#       unit: !astropy.units.Unit {unit: mas / yr}
#       value: !astropy.table.SerializedColumn {name: pmx}
#     pmx_e:
#       __class__: astropy.units.quantity.Quantity
#       unit: !astropy.units.Unit {unit: mas / yr}
#       value: !astropy.table.SerializedColumn {name: pmx_e}
#     pmy:
#       __class__: astropy.units.quantity.Quantity
#       unit: !astropy.units.Unit {unit: mas / yr}
#       value: !astropy.table.SerializedColumn {name: pmy}
#     pmy_e:
#       __class__: astropy.units.quantity.Quantity
#       unit: !astropy.units.Unit {unit: mas / yr}
#       value: !astropy.table.SerializedColumn {name: pmy_e}
#     x:
#       __class__: astropy.units.quantity.Quantity
#       unit: &id002 !astropy.units.Unit {unit: deg}
#       value: !astropy.table.SerializedColumn {name: x}
#     y:
#       __class__: astropy.units.quantity.Quantity
#       unit: *id002
#       value: !astropy.table.SerializedColumn {name: y}
# schema: astropy-2.0
x y pmx pmy pmx_e pmy_e pm_corr g_mag bp_rp filter memberprob
[from data line 22295]
-0.05563394 -0.04246522 3.741514 2.558289 0.5575724 0.4472218 0.2002933 17.96592 1.188826 0 0.0
-0.0676139 -0.03856489 -0.4609527 -1.702018 0.9088606 0.694598 0.5963278 18.93446 0.9892864 0 0.0
0.02781921 -0.02255246 -2.988013 -7.493216 0.1761789 0.1394777 0.2263302 16.93342 1.777356 0 0.0
0.005128511 0.01299018 -2.528194 -5.270729 0.5696606 0.5195109 -0.5916135 17.809 1.365303 0 0.0
-0.01301585 -0.01037578 -2.518583 -12.47275 0.6279475 0.5418803 -0.152887 18.0978 1.345625 0 0.0
-0.04068303 -0.05114561 -4.515085 -5.200491 0.4012075 0.3093772 0.09010592 17.98084 1.129715 0 0.0
-0.02279918 -0.03191968 -0.7876132 -5.497791 0.6668252 0.5736756 -0.1270936 18.49366 nan 0 0.0
-0.01115049 0.05637027 -6.101755 -6.344341 1.365638 0.9133255 -0.03296678 19.31645 nan 0 0.0
-0.04348848 -0.04000062 -3.625853 -7.06195 0.6983894 0.551347 0.2262833 18.89295 0.5248547 0 0.0
0.008466987 0.02307213 -3.017662 -5.661976 0.2492488 0.182081 0.1972974 17.38929 1.579117 0 0.0
-0.03673139 -0.01869197 1.572633 -2.67429 1.247563 1.077047 0.4085759 19.34641 1.156328 0 0.0
-0.002373999 -0.001139319 1.084417 -8.094156 0.4734769 0.4171841 -0.3159176 14.70877 nan 0 0.0
-0.01450252 -0.004360272 -2.255505 -4.878561 0.4917084 0.4100262 -0.3301782 17.7919 nan 0 0.0
-0.001862712 0.006326057 -2.123292 -6.416617 0.6602913 0.5731533 -0.3749097 15.51063 1.581101 0 0.0
0.001108411 -0.03225959 -3.374242 -4.310728 0.4089651 0.3194767 0.2872783 18.39724 nan 0 0.0
0.007952029 -0.008658467 -1.256964 -3.478228 0.6681597 0.5762259 0.8158874 16.15343 1.747464 0 0.0
-0.04828565 -0.0375583 -1.906117 -7.887299 1.827665 1.398881 0.22133 19.30859 1.528299 0 0.0
0.02101349 0.02059014 0.1868883 -3.543844 0.2224823 0.155138 0.1129401 16.91371 1.341334 0 0.0
0.001205987 -0.02015937 -2.146966 -5.623534 0.2212433 0.1698478 0.1709873 16.8451 nan 0 0.0
0.0264333 -0.01691384 -2.224973 -4.03847 0.4484104 0.3506164 0.5345404 17.66559 1.577209 0 0.0
0.003788943 0.01788833 -2.275865 -5.907751 0.1943013 0.1503555 0.1725743 16.84889 1.832659 0 0.0
0.03618242 0.001686413 -4.143566 -5.86336 0.7276218 0.5872227 0.1755045 18.96296 nan 0 0.0
-0.01532697 -0.02222085 -2.179335 -5.160312 0.1240875 0.09763132 0.3747874 15.84115 1.94124 1 0.8628238
0.00308257 0.02084094 -1.961824 -4.501763 0.3826677 0.2871674 0.1846621 17.83409 1.492544 0 0.0
-0.01262756 -0.002238966 0.5567764 -9.062074 0.5788734 0.485843 -0.1538165 17.55934 nan 0 0.0
-0.04586718 -0.01121632 -3.190401 -4.446273 0.1256649 0.09991119 0.2267772 16.32096 1.721953 1 1.003799e-05
-0.04406149 0.02452466 -3.288105 -4.526424 1.160093 0.8495512 0.6604481 19.1567 nan 0 0.0
0.01202231 0.01206243 -2.363961 -5.51282 0.3232254 0.2284132 0.471173 17.09745 1.471198 0 0.0
0.06318076 -0.01408215 2.436231 -6.36957 0.7886514 0.6483338 -0.06673622 16.89319 1.795663 0 0.0
-0.03034245 -0.04172991 -2.704783 -5.211098 0.1507477 0.119398 0.2665515 16.27586 1.910564 0 0.0
-0.0463181 -0.03049607 -2.989606 -1.75599 0.7760465 0.6422549 -0.5689616 18.45122 nan 0 0.0
0.03484302 0.002148618 -3.028239 -4.032945 0.7515016 0.602108 0.003578704 18.81279 nan 0 0.0
-0.05323888 -0.02133771 -6.460716 -4.82446 0.07702611 0.06456254 0.03342664 14.8551 1.743484 1 0.0
0.01800659 -0.02274786 -7.116555 -4.125123 2.132564 1.763226 0.2500976 19.47864 nan 0 0.0
0.004178364 0.01120496 -2.931949 -5.945156 0.1347941 0.1025916 0.260697 15.28134 nan 0 0.0
0.05924264 -0.0053395 -1.828983 -2.810242 1.304254 1.059439 0.5869292 19.50388 1.04929 0 0.0
0.07845589 0.01597105 -1.62314 -1.956117 1.02524 0.8324912 0.4279276 19.37512 nan 0 0.0
0.01109446 -0.002807116 -0.5118089 -7.978748 0.7088494 0.5087629 0.4046877 16.79513 nan 0 0.0
-0.04169851 0.02511727 -7.072775 -6.271328 1.712289 1.416598 0.6553482 19.33634 1.144297 0 0.0
-0.04255539 -0.01097025 -3.562136 -5.100406 0.2395746 0.1822113 0.4183411 17.01717 nan 0 0.0
-0.016546 -0.0149541 1.188002 -6.413883 1.305855 1.144426 0.1745103 18.24086 nan 0 0.0
-0.04186897 -0.01920198 -3.188952 -5.93692 0.4116053 0.3545664 0.165642 18.02249 1.25894 0 0.0
0.003739903 0.01147583 -2.17313 -5.085539 0.2524054 0.2105886 0.2071217 17.02577 nan 0 0.0
0.08062616 0.01796768 -1.466427 -4.579334 0.2104024 0.1563438 0.1621491 17.18245 1.690434 1 3.708049e-05
-0.05800991 -0.05498302 -0.5840778 -4.651704 0.6008938 0.4812347 0.2119143 18.73617 0.7727413 0 0.0
0.05759968 -0.02010875 -4.92898 -7.709385 2.118409 1.707567 0.6992227 19.86685 0.7995167 0 0.0
-0.007543758 0.06285951 -8.777562 -5.553593 1.5115 1.135008 0.4212829 19.55541 0.6135979 0 0.0
-0.06857075 -0.03033363 -0.4293393 -3.272757 0.3179049 0.2502924 0.2383378 17.98608 1.233637 0 0.0
0.08542028 0.01338098 -5.442144 -5.058144 0.2074136 0.1540623 0.1652072 17.05545 1.703061 0 0.0
-0.03735559 0.01270269 -4.365665 -7.191046 0.407673 0.3248209 0.2847204 18.02042 1.456928 0 0.0
-0.0110663 -0.0195193 -4.132107 -5.592277 0.9958534 0.8903691 -0.06734847 19.0091 nan 0 0.0
-0.0702279 -0.02860327 2.136127 0.9819891 1.027378 0.8424516 -0.03680031 17.93545 1.288322 0 0.0
-0.008370307 0.04248895 -3.021126 -1.362785 0.4714812 0.3555179 0.2328828 18.58747 1.358011 0 0.0
-0.04469592 -0.056477 -2.252519 -5.328013 0.1747327 0.1389757 0.2909182 16.73996 1.828725 0 0.0
0.04555713 -0.002613985 0.6136856 -2.951565 0.1848241 0.1445416 0.09389866 16.79673 1.474045 0 0.0
-0.05796058 -0.05584129 -2.135528 0.06071656 0.4701696 0.3704504 0.2276713 18.65728 1.017691 0 0.0
0.05283552 -0.008100425 -1.595646 -3.371195 1.805567 1.186604 0.4327794 19.57413 1.00692 0 0.0
-0.06662526 -0.02781038 -2.662398 -5.874322 1.143896 0.9125685 0.4813514 19.46912 0.6646004 0 0.0
0.002961218 0.03269702 -1.846613 -4.164854 0.8519955 0.6497842 0.6398981 18.83565 1.037872 0 0.0
-0.02269486 0.02632315 -1.855309 -7.85018 0.7236963 0.5721145 0.5059608 17.56353 1.658888 0 0.0
-0.0374121 0.02851458 -2.212628 -4.715871 0.6753332 0.5632022 0.5229796 18.57414 1.268213 0 0.0
0.07035368 0.0005485373 -1.327258 -6.942787 1.526394 1.155783 0.5094966 19.53063 nan 0 0.0
0.0002808837 0.02893579 -3.147694 -5.735332 0.2810157 0.212447 0.3181779 17.43692 1.384152 0 0.0
0.01238515 -0.003600773 -2.384299 -5.085599 0.271865 0.220026 0.1351632 16.7741 1.361553 0 0.0
-0.006805206 -0.01818747 -2.629193 -5.359966 0.1029045 0.08240669 0.1468277 14.61125 2.386473 1 0.9724915
-0.03164878 -0.002984566 1.880023 -6.750498 1.318279 1.184048 0.7095001 18.85185 nan 0 0.0
0.006636652 -0.01208394 -1.052773 -6.654152 0.216456 0.1903036 0.3542106 16.37462 1.613068 0 0.0
0.007517132 0.02631472 -5.17328 -5.863353 0.3617888 0.2493603 0.3609811 17.65104 nan 0 0.0
-0.009630816 -0.01044013 -1.871109 -4.997506 0.4018719 0.3450785 -0.4046949 17.22146 1.351665 0 0.0
0.06447284 -0.01238188 -2.554827 -5.140297 0.3066604 0.230326 0.1593913 17.64337 1.62067 0 0.0
0.004739028 0.01749537 -2.852168 -5.500086 0.4740808 0.3646767 0.1110399 17.37638 nan 0 0.0
0.03086162 -0.02548714 -1.940296 -5.092397 1.145985 0.8613128 0.6288017 19.27991 1.149353 0 0.0
0.004957936 0.01217385 -0.0109335 -7.352557 0.5103887 0.4639667 0.1389599 17.70433 nan 0 0.0
0.0086841 0.004208427 -3.156494 -3.677471 0.3731071 0.2816478 -0.05825373 16.65353 1.422012 0 0.0
-0.04580756 0.01103867 -8.011091 -7.569011 0.9738283 0.8051512 0.6713306 19.0649 1.092659 0 0.0
-0.03696821 0.01758951 -8.666129 -8.402956 0.7810793 0.5738387 0.2814618 18.8086 1.161497 0 0.0
0.01211839 0.003540384 -3.292831 -4.421992 0.6041663 0.4946279 -0.2162363 17.68974 nan 0 0.0
-0.05989718 -0.0382723 -2.55765 -4.540266 0.4346282 0.3469139 0.2014619 18.17051 1.370592 0 0.0
-0.06520524 -0.008655547 -3.727876 -3.634559 0.130188 0.103096 0.1399536 16.34905 nan 0 0.0
0.04148325 -0.01460124 -3.82512 -5.324886 0.4555182 0.3426855 -0.09763154 18.48001 nan 0 0.0
-0.03494021 0.00458998 0.4782625 -4.406434 0.1305144 0.1019091 0.09393004 16.34267 1.565561 0 0.0
0.08657574 0.02260743 -3.04746 -7.599998 0.8495661 0.6428306 0.2689943 19.08932 1.555227 0 0.0
0.06103956 -0.01193654 -4.692291 -4.52247 1.284075 1.081283 0.4048895 19.33941 1.457096 0 0.0
-0.01182963 0.03496209 -0.7418744 -3.127347 1.175746 0.9581118 0.5027093 19.17301 nan 0 0.0
-0.02107043 -0.0326249 -4.038962 -1.454626 0.2811153 0.2294045 0.2737545 17.74328 nan 0 0.0
-0.03791432 0.009585807 -3.095844 -4.102588 0.5489025 0.4331877 0.0341264 18.40241 nan 0 0.0
0.005395824 0.003846335 0.9864805 -6.708996 0.755484 0.6329134 -0.1598507 14.91373 1.582619 0 0.0
0.05921018 -0.0157269 -3.951636 -8.092746 0.7317351 0.5628569 -0.1647976 18.9931 1.199266 0 0.0
0.01628776 0.02352862 -2.433333 -4.864065 0.09770545 0.07655785 0.08623438 15.37403 2.115274 1 0.6672143
0.08601703 0.02406147 -3.670139 -9.527672 0.5322674 0.4196887 0.1406481 18.71316 1.788849 0 0.0
-0.06458518 -0.02184243 -2.326568 -3.567724 1.97882 1.507649 -0.01577339 19.74211 0.5497284 0 0.0
-0.01092065 -0.01642937 -7.161755 -7.992625 0.9316573 0.8304033 -0.06269735 18.6121 nan 0 0.0
-0.05966768 -0.02056811 -3.297544 -3.911402 1.813006 1.405961 0.694044 19.15952 nan 0 0.0
-0.04402209 -0.0433426 -3.11908 -0.7084933 1.44023 1.024245 0.5104217 19.44422 0.8118038 0 0.0
0.05205314 -0.01257834 0.9336476 -7.651229 1.992765 1.6937 0.4315311 19.89019 1.202278 0 0.0
-0.04574305 -0.0554858 -3.344765 -5.747286 1.215625 1.000608 0.674245 19.26792 0.682518 0 0.0
-0.01627785 -0.01630063 -1.366927 -6.519002 0.4308704 0.3810615 0.07782732 17.23469 1.316907 0 0.0
0.0117569 0.02854197 -2.546645 -4.817522 0.3989527 0.3003101 0.04702965 18.1476 1.323717 0 0.0
-0.0468047 0.00844788 -3.413938 -3.723997 0.4851139 0.4028451 0.231386 17.3639 1.477575 0 0.0
0.08465166 0.02316655 -0.1798655 -4.163246 0.7091039 0.5454616 0.2846696 18.97572 1.651207 0 0.0
-0.04897101 -0.03179855 2.319528 -9.535959 1.943078 1.625263 0.4059294 19.10885 nan 0 0.0
0.01620472 -0.02304119 -2.119094 -7.198173 0.7787875 0.6336667 0.2660984 18.3085 1.346693 0 0.0
-0.05770906 -0.002565032 -2.274108 -4.388487 0.7377078 0.5725241 0.4698559 18.75014 1.356804 0 0.0
-0.04397011 -0.04901884 -1.713086 -6.647295 2.157005 1.649205 0.1492565 19.56958 0.9314251 0 0.0
0.07792922 0.0250048 -2.608133 -7.091196 0.6190103 0.4645199 -0.9478468 16.41003 nan 0 0.0
0.000183476 0.05117165 -2.045595 -5.671625 1.31301 0.986082 0.5907773 19.30272 0.4813786 0 0.0
-0.02056725 -0.00283198 -2.529091 -5.365911 0.4104274 0.3307882 0.2499918 17.8198 1.136934 0 0.0
-0.04927952 -0.006617929 -1.249352 -3.601214 0.215322 0.1692819 0.3438163 17.21666 1.526494 0 0.0
-0.05944355 0.004162757 0.4824713 -0.6648915 1.321076 1.033935 0.7298196 19.09805 nan 0 0.0
0.001035927 0.00819909 -3.446491 -5.008847 0.1898266 0.1563148 -0.2753965 14.52157 2.663085 0 0.0
-0.0645239 -0.03662433 -0.3791294 -7.25429 1.574269 1.181631 0.30245 19.56994 0.821352 0 0.0
0.06290151 0.001554531 -3.074284 -0.2324137 0.8670455 0.6592522 -0.007258695 19.13851 nan 0 0.0
0.001109535 0.04465233 -6.831014 -1.470019 0.5434924 0.4145065 0.1500134 18.53871 1.378698 0 0.0
0.05178334 -0.01540485 0.03968403 -9.365638 2.471393 1.995404 0.4509132 19.87993 1.010199 0 0.0
-0.05848983 -0.03232409 1.012262 -0.9706442 0.108405 0.08615213 0.1800988 15.94028 1.566481 0 0.0
-0.01000512 0.05798786 -5.689994 -10.71001 1.863941 1.363457 0.6467378 19.80642 nan 0 0.0
-0.0143901 0.04501337 -4.36098 -8.83702 1.491925 1.162594 0.6701706 19.24755 1.414232 0 0.0
0.05693553 0.003394111 -0.571249 -5.268519 1.213659 0.9542352 0.08855402 19.39532 0.9020901 0 0.0
-0.02933179 -0.01140649 -2.507896 -5.459566 0.08292436 0.06595433 0.1473403 15.08547 2.093227 1 0.9678407
0.08442261 0.01437392 -2.743285 -6.802137 0.5321985 0.4093548 0.1086815 18.6692 1.101566 0 0.0
0.01363031 0.01344308 -2.619104 -7.591212 0.4967614 0.3523498 -0.174036 17.8921 1.205859 0 0.0
0.0515464 -0.005730611 -3.154491 -4.240222 1.508704 1.134141 0.5149652 19.70338 0.901495 0 0.0
-0.03893889 0.01248446 -5.011446 -3.943977 0.4164432 0.3352187 0.2288274 17.76875 1.25572 0 0.0
0.003692266 0.03374603 -3.085679 -5.081528 0.3002354 0.2244014 0.5254607 17.23035 1.397291 0 0.0
-0.005199979 0.009354772 -4.85539 -5.756 0.5472368 0.4504386 0.0351592 15.38233 1.789671 0 0.0
-0.06247401 -0.04264984 1.115039 0.2378709 0.4428438 0.3478529 0.1127935 18.51127 1.043413 0 0.0
-0.0030059 -0.03510922 -5.5233 -4.939416 0.3490014 0.2769383 0.2163 18.0569 1.176537 0 0.0
0.04319333 -0.004970086 -2.827928 -5.27834 0.6617872 0.5026869 0.03401147 18.90792 1.364159 0 0.0
-0.04391909 -0.05306239 -3.556634 -8.217498 0.4953586 0.3846241 0.1991481 18.70192 0.8668728 0 0.0
0.05606858 -0.01615939 -3.49954 -4.227911 0.5926413 0.4989637 -0.02147701 18.60927 nan 0 0.0
0.05931897 -0.001162465 -3.718742 -6.895739 1.499755 1.149075 0.06472081 19.60212 nan 0 0.0
-0.03576941 0.006817377 0.2996388 -3.600427 0.3662435 0.2880801 0.2345552 18.16587 1.176712 0 0.0
-0.03855112 0.01640998 -10.32311 -19.80034 0.4323955 0.3415337 0.1017005 18.03675 1.271385 0 0.0
0.08532781 0.01780232 -3.576757 -3.871777 0.6705442 0.5166432 0.1387678 19.01329 1.449692 0 0.0
-0.007828022 -0.01716141 -2.39019 -5.774638 0.2959286 0.2509567 0.5197814 17.24493 1.388294 0 0.0
-0.01669685 0.006598902 -1.991973 -5.063195 0.3936448 0.313672 0.46913 17.17269 1.298161 0 0.0
-0.01715801 -0.0006872728 -5.234191 -6.47201 0.645603 0.4809141 0.3787327 17.22151 nan 0 0.0
0.004422022 0.01225781 -0.3571044 -3.859408 0.4631532 0.3541429 0.2077262 17.4372 1.315841 0 0.0
0.01141452 0.02007721 0.9836237 -5.171969 0.8343891 0.583401 0.07748788 18.57287 nan 0 0.0
-0.005419477 0.01310079 -1.316917 0.2268946 0.7051437 0.5713671 -0.1298173 16.82563 1.359166 0 0.0
-0.03430219 -0.005858186 -1.804489 -2.804741 0.5195863 0.4118869 0.240275 17.82802 1.475628 0 0.0
0.006634108 -0.04115574 -3.135651 -6.086309 0.6568307 0.5170806 0.2392853 18.95486 1.258018 0 0.0
0.00269324 0.03422291 -7.402953 -5.718186 1.186044 0.9699234 0.4594368 19.09853 1.229218 0 0.0
-0.02321072 0.04010167 -3.698021 -6.548666 0.09016801 0.07087472 0.01490164 15.3699 1.975605 1 0.0
-0.03582849 -0.02281522 -2.706751 -6.063347 0.3377204 0.2871292 -0.08297196 17.78938 1.294369 0 0.0
0.06793271 -0.01029063 -6.641366 -4.905075 2.514715 1.885919 0.0551135 19.76517 nan 0 0.0
-0.06303606 -0.04003342 -0.4161337 -0.7371088 0.7664689 0.5970135 -0.03765056 18.78923 1.301647 0 0.0
0.006370328 0.006383033 -3.758303 -4.394476 0.2348815 0.1803311 0.2165461 14.14252 2.110499 0 0.0
0.08496594 0.02098037 -6.86046 -5.529544 0.6277083 0.4630935 0.3636319 19.00794 nan 0 0.0
0.07675269 0.0180251 -3.475265 -5.212342 0.4422689 0.3403277 0.07800729 18.54901 1.544012 0 0.0
0.005149016 -0.04378014 1.253966 -3.049747 0.6564326 0.5173215 0.315428 18.73039 nan 0 0.0
-0.02130044 0.006201021 -2.476388 -4.863169 0.3977692 0.3123106 0.704652 17.58287 1.423641 0 0.0
-0.01386765 -0.01338573 -2.380016 -5.148784 0.09019865 0.07160275 0.1970034 15.5484 1.805172 0 0.0
0.01752857 0.01603246 -2.664948 -5.431799 0.2937922 0.2095767 -0.09464128 17.39227 1.435764 0 0.0
0.003228172 0.007329277 -1.365357 -5.862835 0.3494772 0.282842 -0.06116744 15.21217 1.602268 0 0.0
-0.05193211 -0.009518869 -4.150608 -5.61756 0.2624423 0.1993291 0.2473208 17.52703 1.18589 0 0.0
0.02534089 -0.006812153 -4.604263 -3.918345 0.131253 0.1041418 0.1698411 16.34518 1.847275 0 0.0
0.001644518 -0.009157794 -1.824268 -5.348392 0.4767038 0.3985541 0.2990197 17.11183 nan 0 0.0
0.03219824 -0.03141574 -2.288024 -10.2641 0.7648249 0.5751529 0.4844551 18.90163 1.129936 0 0.0
-0.002204637 0.03772863 -7.95448 -9.262904 1.937944 1.707693 0.4782268 19.45938 nan 0 0.0
0.08475784 0.03099038 -2.034664 -7.482026 0.5455129 0.4157157 0.1864982 18.80434 1.402737 0 0.0
-0.01474348 -0.01765454 -3.235099 -4.310608 0.5547865 0.5304172 0.324024 18.17435 1.200373 0 0.0
0.07227088 0.01884203 -5.829444 -7.689066 0.8614566 0.674446 -0.05630902 18.90816 1.372147 0 0.0
-0.03858388 -0.01499263 2.325909 -7.179898 0.1189721 0.09444662 0.1694491 16.095 1.590943 0 0.0
-0.04551465 0.01005465 -2.563733 -5.173333 0.1668903 0.1319249 0.177699 16.91299 1.676724 0 0.0
0.05399721 -0.01832845 2.090063 -2.144477 0.6701679 0.5038996 0.04032919 19.05253 1.201385 0 0.0
