data/gcs/NGC_6316.ecsv
# %ECSV 0.9
# ---
# datatype:
# - {name: x, unit: deg, datatype: float64}
# - {name: y, unit: deg, datatype: float64}
# - {name: pmx, unit: mas / yr, datatype: float64}
# - {name: pmy, unit: mas / yr, datatype: float64}
# - {name: pmx_e, unit: mas / yr, datatype: float64}
# - {name: pmy_e, unit: mas / yr, datatype: float64}
# - {name: pm_corr, datatype: float64}
# - {name: g_mag, unit: mag, datatype: float64}
# - {name: bp_rp, unit: mag, datatype: float64}
# - {name: filter, datatype: int64}
# - {name: memberprob, datatype: float64}
# meta: !!omap
# - comments: [deg deg mas/yr mas/yr mas/yr mas/yr dimless mag   mag   zeroone float]
# - __serialized_columns__:
#     bp_rp:
#       __class__: astropy.units.quantity.Quantity
#       unit: &id001 !astropy.units.Unit {unit: mag}
#       value: !astropy.table.SerializedColumn {name: bp_rp}
#     g_mag:
#       __class__: astropy.units.quantity.Quantity
#       unit: *id001
#       value: !astropy.table.SerializedColumn {name: g_mag}
#     pmx:
#       __class__: astropy.units.quantity.Quantity
#       unit: !astropy.units.Unit {unit: mas / yr}
#       value: !astropy.table.SerializedColumn {name: pmx}
#     pmx_e:
#       __class__: astropy.units.quantity.Quantity
#       unit: !astropy.units.Unit {unit: mas / yr}
#       value: !astropy.table.SerializedColumn {name: pmx_e}
#     pmy:
#       __class__: astropy.units.quantity.Quantity
#       unit: !astropy.units.Unit {unit: mas / yr}
#       value: !astropy.table.SerializedColumn {name: pmy}
#     pmy_e:
#       __class__: astropy.units.quantity.Quantity
#       unit: !astropy.units.Unit {unit: mas / yr}
#       value: !astropy.table.SerializedColumn {name: pmy_e}
#     x:
#       __class__: astropy.units.quantity.Quantity
#       unit: &id002 !astropy.units.Unit {unit: deg}
#       value: !astropy.table.SerializedColumn {name: x}
#     y:
#       __class__: astropy.units.quantity.Quantity
#       unit: *id002
#       value: !astropy.table.SerializedColumn {name: y}
# schema: astropy-2.0
x y pmx pmy pmx_e pmy_e pm_corr g_mag bp_rp filter memberprob
[from data line 6402]
0.0429926 -0.02251092 -2.458145 -5.482255 0.8375859 0.5445522 0.5395493 18.94197 1.42205 0 0.0
0.04285318 -0.03472934 4.244429 0.7248899 0.8619129 0.5473666 0.4927219 19.04237 1.930145 0 0.0
-0.002234343 -0.01394404 -2.065812 -7.356532 0.9227258 0.6091102 0.3445456 19.18734 1.442965 0 0.0
0.01933292 0.06869201 -5.533087 -4.654078 0.4429617 0.3531953 0.01969644 18.48226 1.627678 0 0.0
0.009410878 -0.075691 2.640588 -3.210467 1.821806 1.195505 -0.1476928 19.38287 nan 0 0.0
-0.03765877 -0.04764013 1.671618 -9.047555 0.1433329 0.09734148 0.1018595 16.46606 2.010042 1 0.0
-0.05380809 -0.02715638 -11.31575 -7.938447 1.48413 1.075559 -0.1246597 19.60624 1.350622 0 0.0
-0.02410496 -0.03451748 -7.9406 -8.133835 1.430202 0.9561924 0.500257 19.55006 1.437424 0 0.0
-0.04097548 -0.02620848 -1.241043 -3.986921 0.9238848 0.6885972 -0.1901214 18.98797 1.851269 0 0.0
0.008846141 -0.07592937 0.7648585 -2.776181 0.4050642 0.2887777 0.5322206 17.60603 1.948025 0 0.0
0.06096695 -0.01894145 -0.8164386 -5.081389 1.202374 0.8295103 -0.2248627 19.23095 1.456692 0 0.0
-0.02179647 -0.009736715 -0.7470801 -4.797285 1.5337 1.076673 0.02848883 19.57568 1.441771 0 0.0
0.03297569 0.03776104 3.307524 -4.160399 0.8443708 0.5478725 0.08004215 19.13644 1.719225 0 0.0
-0.02739728 0.005801169 -6.447645 -5.879072 1.211415 0.8005886 0.3924068 19.2248 1.239859 0 0.0
-0.05722889 0.03080999 0.3181667 -2.302051 2.04646 1.397774 0.4068757 19.89008 nan 0 0.0
-0.004739443 0.04859974 -2.71534 1.14207 0.4649865 0.3315504 0.24934 18.64545 1.48608 0 0.0
0.07072026 0.001495517 -0.4194302 -0.9578163 1.559832 1.177127 -0.01438249 19.52591 nan 0 0.0
-0.03336139 0.0591976 -5.46683 -6.159891 0.1551667 0.1051086 0.09357164 16.36925 1.851261 1 0.0
0.01667438 -0.05741569 -3.996892 -4.501614 1.057508 0.7028039 0.2424462 19.47601 1.203762 0 0.0
-0.03302529 -0.07018536 11.687 10.40529 0.896588 0.5915166 0.2747001 16.4391 1.524787 0 0.0
0.001694921 0.04091131 -1.655077 -5.443878 1.872579 1.209836 0.271569 20.01137 1.371462 0 0.0
-0.01229205 -0.06132897 -2.698576 -4.250295 0.4571155 0.2985556 0.544633 18.17131 1.805582 0 0.0
-0.03402059 -0.06934644 -58.1982 -40.3735 3.060474 1.823823 0.3791974 20.07285 nan 0 0.0
-0.04565827 0.04057163 -3.059851 -7.523072 0.9936876 0.6579715 0.4368744 19.30677 1.395086 0 0.0
0.001909749 0.01075232 -4.082415 -5.497599 0.3249721 0.2426263 0.4992571 17.26225 1.774366 0 0.0
-0.02281747 -0.01675978 -4.432911 -3.807406 2.265118 2.081627 -0.6554462 19.99153 nan 0 0.0
-0.04125938 -0.05741471 -5.672444 -3.765244 0.9451746 0.6376512 0.4321536 19.35905 1.423803 0 0.0
-0.02182504 -0.001535121 -4.179344 -3.744252 0.6955462 0.4696878 0.319087 19.00646 1.609879 0 0.0
0.07822435 -0.003981885 -5.770725 -2.817267 0.6880446 0.4368848 0.3337394 18.414 1.728415 1 0.000105351
0.008638222 0.01341846 -6.078178 -5.002506 0.6833965 0.4909943 -0.3422223 18.50657 nan 0 0.0
-0.04640888 0.03323374 -3.374871 -5.950433 0.4479546 0.307289 0.2217209 18.55712 1.353905 0 0.0
-0.0605904 0.02506321 -0.1040632 -2.421829 0.1348555 0.09650245 0.1828266 13.9345 3.31307 1 0.0
-0.01756082 -0.07734379 3.689176 -1.610269 1.023701 0.6892535 0.273534 19.39171 1.425278 0 0.0
-0.0006466168 -0.05089126 -3.434062 -3.175708 1.786761 1.146776 0.5644382 20.05649 1.218971 0 0.0
-0.02682712 -0.01420105 -5.28001 -8.626177 1.446939 0.9891074 0.500641 19.28935 nan 0 0.0
-0.004654276 -0.05259081 -12.43909 -9.675946 0.6171714 0.4212464 0.1459629 16.11051 2.045828 0 0.0
0.05484522 0.05858985 -1.905065 -6.042301 0.5502385 0.5988843 -0.5052525 18.36528 1.568806 0 0.0
0.0146342 -0.02884713 -6.000188 -3.069307 1.563974 0.8974883 0.2441625 19.59199 nan 0 0.0
-0.08000134 -0.005554853 -1.516767 -12.865 1.392882 1.054646 0.1031687 19.86125 1.575306 0 0.0
0.04864768 0.04803758 -3.894407 -6.579063 1.286105 0.9149042 -0.02694002 19.41475 1.402939 0 0.0
-0.05506184 0.004325678 0.692585 -6.422137 0.8539139 0.5554879 0.3829478 19.16361 nan 0 0.0
0.006404299 0.01197666 -4.101285 -2.249737 0.2152977 0.1533011 0.5084997 16.8213 1.824658 0 0.0
0.06548774 0.02615133 2.317448 1.114411 1.520653 1.081345 0.027518 19.55467 1.215128 0 0.0
0.04126081 -0.04813928 -2.040615 0.3590472 0.7257823 0.4446206 0.3118468 18.99089 1.380695 0 0.0
-0.00869845 0.06582857 -4.992558 -6.632254 0.207602 0.1689706 0.02173756 17.09742 2.11725 1 0.0
0.01428447 -0.02878032 -8.010584 -9.172246 1.846128 1.072138 0.1536929 19.62951 nan 0 0.0
0.05198715 -0.005226696 -6.707046 -5.53835 1.458558 0.9833289 -0.3084745 19.51016 nan 0 0.0
0.03559702 -0.01285511 -4.501811 -4.057362 2.258012 1.408272 0.4434068 20.01284 1.199471 0 0.0
-0.01050005 0.04029665 -1.873554 -5.031377 0.8600628 0.5623043 0.2821872 19.17457 1.618238 0 0.0
-0.01106036 -0.008369406 -8.517598 -3.808342 0.5039037 0.3530346 0.8517012 17.23609 1.765396 0 0.0
0.007213016 0.03154982 3.555319 -0.5551875 1.931491 1.58165 -0.3588589 20.09531 nan 0 0.0
0.006323629 0.01317257 -5.0125 -2.727019 0.1478925 0.1043069 0.3119426 16.4862 1.754755 0 0.0
-0.01510618 0.05972434 1.715078 0.4222488 1.975582 1.327535 0.1847615 20.04167 nan 0 0.0
-0.04691756 -0.03453458 -7.247109 -2.578703 1.919094 1.228783 0.075913 19.91328 1.072626 0 0.0
0.07097774 0.02457808 2.230335 -3.707571 0.3492953 0.2222892 0.1462423 17.26533 2.031652 1 0.0
-0.07223967 -0.02318087 -2.468786 -6.734695 1.695306 1.26563 0.03770473 19.88758 nan 0 0.0
0.008793318 -0.06427739 0.1489367 -4.758121 1.28668 0.869159 0.24952 19.72227 1.553381 0 0.0
-0.05479453 -0.04469686 -0.9395323 -6.943179 0.8981431 0.6034949 -0.04394976 19.08632 1.579697 0 0.0
0.03208974 -0.04405822 -9.540963 -7.299031 1.021948 0.6779881 0.3179723 19.58281 nan 0 0.0
0.009687607 0.01065462 -5.363001 -4.876509 0.1214329 0.08383514 0.1279787 16.23916 1.912008 0 0.0
0.001209347 -0.04789292 -5.081581 -2.855502 0.2950573 0.2081696 0.5478402 17.26714 1.835207 0 0.0
-0.04033018 0.04634922 -7.164807 -18.4014 1.110419 0.5732807 0.7531347 18.62382 1.319384 0 0.0
0.02371791 0.04966152 -4.932255 -4.264706 0.2761478 0.2235237 0.3682101 17.4656 1.795498 0 0.0
-0.02170368 -0.06916394 -1.351181 -3.913734 1.20888 0.8442139 0.2757648 19.88286 nan 0 0.0
-0.0159425 0.07069147 -5.161265 -3.192999 1.706698 1.13419 0.01139568 19.801 1.523642 0 0.0
-0.01439876 0.004874826 -5.970481 -4.962615 0.8240954 0.6266956 0.2275846 18.58291 1.340984 0 0.0
0.009234128 0.05762311 -2.700538 -4.437099 2.226369 1.623219 -0.3171946 19.85495 nan 0 0.0
0.05881932 -0.01018552 -2.57386 -4.66085 0.2736277 0.199323 0.2217549 17.17258 2.075619 1 0.0
-0.0368632 -0.01463319 0.8830675 -1.740004 1.502045 1.047227 0.3372955 19.74199 nan 0 0.0
0.05442933 0.03489317 6.028674 -8.881855 1.655788 1.131014 -0.08563814 19.79828 1.802235 0 0.0
-0.03394526 -0.05250835 0.2151062 -3.145615 2.019963 1.227411 0.5757588 20.02622 1.378216 0 0.0
-0.06149827 0.01235021 10.08806 -18.05715 2.844973 1.825998 0.4129796 19.99728 1.200159 0 0.0
-0.03152672 0.04640558 -4.286053 -5.04992 0.1520897 0.1062697 0.1312526 16.84344 1.975688 1 0.0005656104
-0.05177319 -0.06253669 2.920127 -11.35664 2.824824 1.584125 -0.1317715 20.07582 1.786772 0 0.0
-0.03472167 0.01932215 -4.719502 -4.733316 0.2647681 0.1928316 0.4381678 17.37898 1.680586 0 0.0
-0.04970273 -0.003739787 -3.516077 -4.90746 1.379473 0.9784693 0.3456606 19.99983 nan 0 0.0
-0.06834831 0.0343664 -4.91502 0.0244726 0.9095807 0.6067895 0.3567302 19.11751 1.632805 0 0.0
-0.007804757 -0.004336985 -2.798692 -3.043539 0.2254951 0.1615646 0.1210536 16.42528 1.901107 0 0.0
-0.01564368 0.05282348 -4.248893 -2.698091 0.1293359 0.09187529 0.1248764 16.32847 2.002868 1 0.0
0.03823215 -0.01780941 -12.91682 -13.99232 1.823809 1.307367 0.2665879 20.11924 nan 0 0.0
-0.01280075 -0.08053792 -0.7802158 -0.3693532 0.7678661 0.5382242 0.4155323 18.9551 1.431108 0 0.0
-0.05799414 -0.04725821 -4.118496 -1.65354 1.563187 1.066415 -0.3057371 20.04755 1.399361 0 0.0
0.05490064 0.009050264 -2.625143 -6.577286 0.3663608 0.2667187 0.3167161 17.74512 1.699476 0 0.0
0.01663188 0.01527146 -1.135127 -5.40524 0.08488191 0.06311174 0.02537707 14.45842 2.283249 1 0.0
-0.01821823 -0.006745324 -5.723948 -5.020259 0.5094662 0.3698074 0.8447903 17.23506 1.702145 0 0.0
-0.01463793 -0.01729623 -0.2816254 -4.42544 0.3859938 0.2874727 0.4672772 17.5946 1.870607 0 0.0
0.008957234 -0.03382659 -0.6822501 -1.523887 1.077976 0.7246412 0.3523688 19.55433 1.208687 0 0.0
0.008685981 -0.0613229 2.423051 -6.423754 1.790892 1.319697 0.5487865 19.84664 nan 0 0.0
-0.07154735 -0.01241724 1.120508 -2.271379 1.283945 0.8514389 0.4078146 19.63802 1.52438 0 0.0
0.05152503 -0.01493106 -4.450087 -4.51953 1.843492 1.226116 -0.08411187 19.68234 1.666573 0 0.0
-0.06459013 0.007070755 -4.666249 -7.283461 0.3339254 0.2502511 0.4548279 17.79683 1.878021 1 0.0
0.0003754604 -0.05921302 -3.173334 -6.687176 0.6751419 0.4347608 0.39222 18.99698 1.395376 0 0.0
-0.007056585 0.07607305 -2.959887 -5.736269 0.3889727 0.2840247 0.02882439 18.20109 1.942984 0 0.0
-0.01468669 -0.05411378 -5.386718 -4.541219 0.9246381 0.6010569 0.2187912 19.13167 nan 0 0.0
0.03986706 -0.03482927 -1.055019 -5.171672 1.4831 1.092847 0.1740083 19.35353 nan 0 0.0
0.03994793 -0.03440015 -4.708021 -7.20893 0.7614204 0.4864249 0.0906917 19.0691 1.281517 0 0.0
0.01867545 0.004338201 -13.62373 -7.969562 1.417628 0.9654547 0.4132333 19.06962 1.355053 0 0.0
-0.03779981 0.0471703 -7.576427 -8.173684 2.165256 1.487398 -0.3561749 19.91566 1.328602 0 0.0
-0.01310612 -0.002342416 -5.756608 -4.594384 0.2928649 0.2096307 0.4805584 17.1973 nan 0 0.0
0.07593164 0.02636187 -4.467035 -7.05992 1.483626 0.7154698 0.7034543 18.74915 1.494772 0 0.0
0.007239435 0.02415694 -2.281759 -4.960079 0.3572276 0.2365331 0.3748232 17.7215 1.919987 0 0.0
0.008231291 -0.02853746 -5.454189 -4.695647 0.1708519 0.1097338 0.1992819 16.69101 1.933272 1 0.8268268
-0.01340213 -0.002311935 -5.232109 -7.110032 0.387074 0.3014304 0.3906751 17.47051 nan 0 0.0
-0.03334937 0.02053375 -0.4902304 -7.495795 1.069916 0.737401 0.6043046 19.23538 1.372738 0 0.0
0.06810143 0.03048892 -2.95161 -7.008377 0.1375599 0.09751137 0.07059581 14.90699 2.954744 1 0.0
-0.06336976 -0.05412389 -4.855876 -2.488861 0.52245 0.3506949 0.3065096 18.69731 1.900129 0 0.0
-0.06646213 0.03136733 0.4085963 -0.5994401 0.6124073 0.4305263 0.2188272 18.18682 1.586067 0 0.0
-0.04721099 -0.04016711 -3.881748 -4.26617 1.645033 1.235445 -0.2724963 19.67541 1.281816 0 0.0
-0.05212352 -0.005903871 2.177411 -5.563954 1.435997 0.9878288 0.4861604 19.91906 1.614319 0 0.0
-0.04867365 0.04117875 3.09722 -8.405675 3.03511 2.047749 0.3703999 20.33147 1.257092 0 0.0
-0.03905369 0.01569669 -1.614232 -5.627956 1.686096 1.192552 0.3975979 20.14678 1.010141 0 0.0
-0.07594138 -0.0009208539 -5.630457 -2.783808 0.2958343 0.2081211 0.09298012 16.85856 2.014071 0 0.0
-0.01894337 -0.01460754 -4.343601 -8.034589 1.505619 1.208064 -0.3011697 19.34795 1.347229 0 0.0
-0.005440511 0.06997917 0.7467116 -6.87772 0.4237655 0.3111234 0.01334766 18.42946 1.89772 1 0.0
-0.04368691 0.02541857 1.008183 -5.831207 1.486832 1.048116 0.5087553 19.20396 1.430578 0 0.0
-0.03768336 -0.05418807 3.541255 6.854682 2.490965 1.711057 0.4704661 20.29131 1.437883 0 0.0
0.008454308 0.07031657 0.721277 -3.278152 0.9091495 0.5247737 0.3052439 19.04696 1.606958 0 0.0
-0.05125225 -0.02716467 0.09501048 1.800012 1.069894 0.7570652 0.3835312 19.58317 1.444143 0 0.0
-0.05585874 0.0359472 -2.079081 -4.776668 1.464869 0.9994982 0.3329832 19.94859 1.643812 0 0.0
0.04783737 -0.01817757 -10.52282 -10.914 1.653693 1.103567 -0.1617608 19.70788 1.390789 0 0.0
-0.05752971 -0.01053768 -4.971886 -0.8415477 0.4607474 0.3312706 0.2244113 18.67995 1.738289 0 0.0
0.07288831 0.02384438 -1.273258 -1.610184 0.8294105 0.522778 0.09138816 19.00513 1.501282 0 0.0
-0.01920136 -0.07627024 1.287907 1.479102 0.6983052 0.440675 0.4919192 18.57341 1.634712 0 0.0
-0.08239429 -0.008083904 -0.5117002 -4.28115 0.1430906 0.1136092 -0.08449848 16.15594 2.051764 1 0.0
-0.07754214 0.0171406 -4.836387 0.3189773 1.57831 1.115567 0.527264 19.96079 1.040257 0 0.0
-0.04473069 0.01112065 -7.233063 -7.426824 1.710904 1.121562 0.576228 19.83721 nan 0 0.0
-0.0288962 -0.0243525 -5.656838 -4.650727 1.446135 1.046305 -0.01401653 19.71904 1.160717 0 0.0
-0.003609424 0.0702539 0.393619 -7.5015 1.987129 1.632706 -0.2836478 20.2018 1.568472 0 0.0
0.007018361 -0.06338843 -15.58564 -9.779014 1.609477 1.075741 0.2079922 19.40189 1.325115 0 0.0
-0.06860443 0.01393662 -0.3020613 -2.366975 1.606283 1.060377 0.3089369 19.88211 nan 0 0.0
-0.02453859 -0.02055197 -1.352984 -4.574146 0.5220112 0.3476192 0.5830178 17.84327 1.684189 0 0.0
0.05724263 0.01015912 -0.009995864 -3.116609 1.554828 1.10594 -0.5256917 19.53157 1.46471 0 0.0
-0.02066809 -0.0006460673 2.912036 -5.622794 1.056107 0.7290241 0.446358 19.27784 nan 0 0.0
-0.07349566 -0.03558712 3.273448 -6.589463 1.956081 1.213829 0.5887055 20.0469 1.784777 0 0.0
0.004439664 0.01292662 -8.77557 -8.875679 0.3133346 0.2482982 0.07784217 16.93592 1.73524 0 0.0
-0.02301937 0.04638294 -6.269307 -6.158055 0.5653879 0.4260313 -0.03198979 18.64051 1.743176 0 0.0
-0.04125995 0.01385337 -3.333688 -3.385198 1.476956 1.114331 0.5012456 20.06214 1.633928 0 0.0
-0.01832195 -0.02957821 -3.455435 -3.489117 1.321617 0.8880647 0.2900224 19.29391 1.451797 0 0.0
0.04061006 0.009092874 1.648378 -1.350081 0.400127 0.291509 0.4009649 17.81424 1.822664 0 0.0
-0.008746924 -0.0001389832 -6.106274 -4.749989 0.3917467 0.2797973 0.2010181 17.8433 1.648994 0 0.0
-0.0005927373 -0.06611952 -10.10581 -4.896144 1.127288 0.795137 0.5378686 19.41299 1.280716 0 0.0
0.006243652 0.02629323 -3.767061 -6.57516 0.1846019 0.1321394 0.2076848 17.07652 2.043995 1 0.0
-0.02256169 0.04635252 -8.88469 -5.704142 2.561146 1.691168 0.1911089 20.02857 nan 0 0.0
-0.05399749 -0.02502406 8.548293 2.55579 2.640729 1.790917 0.7056897 20.16655 1.504827 0 0.0
-0.006033132 0.07366413 -6.094469 -4.552614 1.786765 1.171187 -0.06587175 19.69553 1.665886 0 0.0
-0.03948416 0.01525594 0.3701615 -5.975887 1.408995 0.9774147 0.5411556 19.44186 1.296982 0 0.0
-0.04926445 0.03801991 2.51423 -0.9549261 0.3855291 0.2641124 0.2664593 18.10345 1.706696 0 0.0
0.07688679 0.007041654 -0.8200248 -18.43646 0.7441067 0.4678355 0.3358009 18.56143 2.061111 0 0.0
0.005570509 0.02205704 -0.7047665 -1.637685 0.4969303 0.3725423 0.08781917 18.1273 1.390263 0 0.0
0.02454331 0.009423916 -7.584434 -6.017544 1.745516 1.565354 -0.4617182 19.92948 1.534082 0 0.0
0.06634913 0.02624426 -3.50411 -5.608498 0.2432173 0.1740564 0.1339337 17.05146 nan 0 0.0
0.00939699 0.07263774 -1.210384 -5.969075 2.398926 1.499406 -0.1554147 20.13569 0.8275394 0 0.0
-0.04767671 0.03921463 -5.652964 -0.443427 0.5824997 0.4015208 0.2808793 19.01501 1.445263 0 0.0
-0.02063752 -0.01964516 -24.36911 -20.93432 1.934537 1.651625 -0.4017061 19.63192 1.871281 0 0.0
-0.0540392 -0.04896131 -0.89135 -1.455881 1.750744 1.189846 0.2260798 19.67623 nan 0 0.0
-0.03703797 -0.05383307 4.9291 -0.5391362 2.907923 2.159363 0.4411667 20.28256 0.9119511 0 0.0
0.04018023 0.01114725 -9.344337 -7.427824 1.440574 0.9614442 -0.2013959 19.51551 1.678505 0 0.0
0.03619023 0.07061788 -0.3642699 -7.165601 1.800768 1.260261 -0.01391578 19.74099 1.459305 0 0.0
0.05922065 -0.01431706 1.366444 -2.739783 1.127956 0.7776631 -0.1228637 19.22193 1.407341 0 0.0
0.006808852 0.02541581 -4.143361 -6.503587 1.76667 1.316106 -0.1374913 19.79573 1.767817 0 0.0
0.01585083 0.01165525 -4.656469 -3.534152 0.6041337 0.4090295 -0.1792252 18.63639 1.485767 0 0.0
0.03755624 -0.0271113 -4.810369 -4.397158 0.8339033 0.5646152 0.482837 17.23455 1.749998 0 0.0
0.02496072 -0.04713097 -4.321626 -4.730077 1.041943 0.6840558 0.1276187 19.29409 nan 0 0.0
0.003281668 -0.01032773 -2.766701 -3.705103 0.2865559 0.2027525 0.09781844 16.736 1.817299 0 0.0
0.04916934 0.01142388 -11.05674 -5.443156 0.7362177 0.5008545 0.3848612 18.57661 1.38327 0 0.0
0.03770762 0.02080315 -2.947937 -0.8225284 0.8203993 0.5136345 0.4004603 18.75855 1.442942 0 0.0
-0.05251251 0.01913371 -0.9869338 -3.530842 1.619519 1.162641 0.2803109 20.12162 1.364658 0 0.0
