data/gcs/NGC_6681_M_70.ecsv
# %ECSV 0.9
# ---
# datatype:
# - {name: x, unit: deg, datatype: float64}
# - {name: y, unit: deg, datatype: float64}
# - {name: pmx, unit: mas / yr, datatype: float64}
# - {name: pmy, unit: mas / yr, datatype: float64}
# - {name: pmx_e, unit: mas / yr, datatype: float64}
# - {name: pmy_e, unit: mas / yr, datatype: float64}
# - {name: pm_corr, datatype: float64}
# - {name: g_mag, unit: mag, datatype: float64}
# - {name: bp_rp, unit: mag, datatype: float64}
# - {name: filter, datatype: int64}
# - {name: memberprob, datatype: float64}
# meta: !!omap
# - comments: [deg deg mas/yr mas/yr mas/yr mas/yr dimless mag   mag   zeroone float]
# - __serialized_columns__:
#     bp_rp:
#       __class__: astropy.units.quantity.Quantity
#       unit: &id001 !astropy.units.Unit {unit: mag}
#       value: !astropy.table.SerializedColumn {name: bp_rp}
#     g_mag:
#       __class__: astropy.units.quantity.Quantity
#       unit: *id001
#       value: !astropy.table.SerializedColumn {name: g_mag}
#     pmx:
#       __class__: astropy.units.quantity.Quantity
#       unit: !astropy.units.Unit {unit: mas / yr}
#       value: !astropy.table.SerializedColumn {name: pmx}
#     pmx_e:
#       __class__: astropy.units.quantity.Quantity
#       unit: !astropy.units.Unit {unit: mas / yr}
#       value: !astropy.table.SerializedColumn {name: pmx_e}
#     pmy:
#       __class__: astropy.units.quantity.Quantity
#       unit: !astropy.units.Unit {unit: mas / yr}
#       value: !astropy.table.SerializedColumn {name: pmy}
#     pmy_e:
#       __class__: astropy.units.quantity.Quantity
#       unit: !astropy.units.Unit {unit: mas / yr}
#       value: !astropy.table.SerializedColumn {name: pmy_e}
#     x:
#       __class__: astropy.units.quantity.Quantity
#       unit: &id002 !astropy.units.Unit {unit: deg}
#       value: !astropy.table.SerializedColumn {name: x}
#     y:
#       __class__: astropy.units.quantity.Quantity
#       unit: *id002
#       value: !astropy.table.SerializedColumn {name: y}
# schema: astropy-2.0
x y pmx pmy pmx_e pmy_e pm_corr g_mag bp_rp filter memberprob
[from data line 9944]
-0.08614588 -0.03819536 -7.781487 -3.554979 0.9517683 0.8825469 0.3222109 19.66407 1.856283 1 0.0
-0.1086337 -0.05815514 -7.734017 -7.515508 1.141124 0.9621297 0.1037656 19.62607 0.95714 1 0.0
-0.08589802 -0.000441053 -1.255334 -5.087071 1.572057 1.2156 -0.1777519 19.89748 1.791298 1 0.1002668
0.011863 -0.08804759 -0.9782673 -6.124726 0.4396821 0.3800468 0.06211577 18.4632 nan 0 0.0
-0.05320176 -0.01889055 -2.747263 -4.806512 1.753384 1.553867 0.4218735 19.87892 0.8593349 0 0.0
-0.0852782 -0.001157631 -4.227197 -2.468827 2.717039 2.432455 0.2031953 20.39586 0.7771358 0 0.0
-0.02975484 -0.02428906 1.420082 -7.62618 0.2047928 0.1851735 0.3934427 16.88044 1.060772 1 0.0
-0.07052053 -0.03638132 2.578491 -5.314602 2.811904 2.851221 0.7128704 20.38206 0.6093674 1 0.2857386
0.003021527 -0.1325109 2.628474 -2.005597 1.402582 1.255028 0.2261909 20.08788 1.05109 0 0.0
0.03479137 -0.1118686 -2.105281 -6.775565 0.9555482 0.813795 0.04859823 19.5857 1.222223 1 0.0001760409
-0.05282481 -0.04607005 -0.7806802 -3.858082 0.5616598 0.482607 0.1990914 18.53949 1.636621 1 0.0005281139
-0.02764478 -0.09303683 -7.316767 -7.443761 2.159456 2.052529 0.5087397 20.27734 nan 0 0.0
0.01328101 -0.08445434 -6.632967 -6.762779 0.3371712 0.2913326 0.07575379 18.05886 1.215439 1 0.0
0.0471313 -0.1154333 -1.288227 -4.728669 1.247344 1.044276 -0.08983237 19.61439 0.8896351 0 0.0
-0.05130393 -0.04536346 -1.66628 -4.326266 1.623392 1.438579 0.4454254 19.87073 0.8937664 0 0.0
-0.02736129 -0.09305963 -1.002836 -4.785662 1.134085 1.040934 0.3608859 19.80487 0.9301605 0 0.0
-0.05102958 -0.02889907 -3.052459 -7.005007 1.381175 1.155229 0.2360719 19.79252 0.6230087 0 0.0
-0.08916404 -0.03706913 -0.09324645 -4.165364 0.4406511 0.4093007 0.3104058 18.53523 1.121819 1 0.002056595
-0.04084661 -0.02036424 3.142623 -4.894156 2.619898 2.07684 0.3237208 20.25226 0.8072491 0 0.0
0.001605624 -0.08253459 -4.382132 -7.945865 0.05098698 0.04487941 0.1145341 13.7384 1.76102 1 0.0
-0.06999685 0.02013766 -7.018674 -4.763764 0.4578649 0.3768559 0.07758681 18.52068 0.7919331 0 0.0
-0.05901516 -0.08240122 -0.6280475 -3.701148 1.206357 1.15478 0.4677047 19.55282 1.093719 0 0.0
-0.06268686 -0.02820448 3.040181 -4.224746 1.063205 0.8841088 0.2152684 19.53519 0.7882042 1 0.6026945
-0.05069486 -0.1198526 -4.753313 -6.711667 1.125807 1.066701 0.5150751 19.55124 nan 0 0.0
-0.05572132 -0.1156747 0.9535873 -8.79812 1.082463 0.9977863 0.2286531 19.67385 0.9684334 0 0.0
-0.06111021 -0.03337232 1.641681 -10.0688 0.5065079 0.4361453 0.2570991 18.5104 1.106728 1 0.0
-0.03895835 -0.09289985 -1.675387 -5.618627 0.5484441 0.495473 0.2936546 18.67033 0.9430809 1 3.680543e-06
-0.07043779 0.02308608 8.908115 2.118146 1.316471 1.068272 0.1011133 19.93624 2.044046 1 0.0
-0.02574585 -0.06446422 -1.112787 -7.057207 1.456283 1.198773 0.3846408 19.78913 1.042784 1 0.1209612
-0.04522069 -0.09299813 0.4521423 -3.811841 0.3487889 0.3304162 0.4297074 17.86709 1.028133 1 0.0001425072
-0.0511506 -0.04291815 3.753438 -1.437734 2.518087 1.872758 0.3025106 19.99226 1.102985 0 0.0
-0.05110714 -0.1197422 -4.96191 -6.161482 0.7334517 0.6437322 0.2718265 19.18543 0.8318176 0 0.0
-0.07902676 -0.06998056 -0.8688305 -8.580428 2.748352 2.520071 0.4712077 20.40641 nan 0 0.0
-0.07490077 -0.009533171 -1.337732 0.3254823 1.777093 1.324994 -0.1020361 19.84513 0.694828 1 0.002120476
0.04254346 -0.1190855 0.9446299 -3.565963 0.7546494 0.6488709 0.05675079 19.18823 1.272758 1 0.1313395
-0.03790283 -0.02875911 0.3197003 -4.537334 0.4392397 0.3959321 0.2502258 17.82335 0.9766464 1 0.4256209
-0.05914649 -0.03923039 -0.3112674 -3.287274 1.894851 1.701143 0.3512886 19.96073 0.8517876 0 0.0
-0.04250005 -0.01447511 -2.438565 -8.00908 1.290607 1.091859 0.2570136 19.7829 0.8119068 1 0.0084271
-0.08096508 -0.006730766 -0.2092552 -9.096088 1.43164 1.072616 -0.3822003 19.62268 0.8265686 1 5.415813e-05
-0.06744575 0.02475538 -2.150208 -2.407733 0.7563651 0.6457785 0.2226925 19.26506 1.852823 1 0.0
-0.06518678 -0.03052176 -1.918424 -8.185398 1.668789 1.399445 0.4615604 19.92295 0.5278435 0 0.0
-0.04838936 -0.04704413 3.981427 -3.703587 0.7950833 0.6810241 0.2108553 19.14484 1.066177 1 0.1201156
-0.1088643 -0.05936086 -0.4604075 -5.205521 0.8268862 0.7348741 0.2511653 19.3327 0.9248295 1 0.05012214
-0.1073269 -0.05140538 -2.696716 -4.009379 0.4327552 0.3841447 0.3593418 18.3727 1.17964 1 0.0
0.002250093 -0.07787305 -2.808912 -8.142353 0.9098821 0.7941933 0.1922101 19.21802 0.8604431 0 0.0
-0.06375959 -0.04301388 -1.670723 -3.579335 0.8988463 0.8122249 0.3507411 19.36054 0.8247566 1 0.0004653845
-0.08559661 -0.04639263 1.730849 -0.8314651 0.1769777 0.1523925 0.1456861 17.11863 0.8254871 1 0.0
-0.08946699 -0.06970416 4.504601 1.927732 2.299 2.163086 0.4907509 20.36384 nan 0 0.0
-0.0833771 -0.04861834 -0.2783805 -5.626665 1.935532 1.687556 0.5349017 20.09957 0.8907585 1 0.1660377
-0.05808784 -0.001185723 -1.840767 -6.316068 1.086433 0.9225955 0.4582822 19.3263 0.995821 0 0.0
-0.07500431 -0.04024539 1.448366 -0.8868319 1.033614 0.9205588 0.422244 19.50619 1.529995 1 0.0004282834
-0.04993764 -0.04481719 -2.036751 -3.936463 1.074952 0.9255744 0.1898909 19.39078 0.9188042 0 0.0
-0.07378682 -0.04704218 -1.263214 0.900277 2.038737 1.924162 0.5257094 20.2028 0.8766575 0 0.0
-0.01336756 -0.09317856 -1.031358 -0.03340393 0.4124602 0.3699632 0.4486233 18.1828 1.129654 1 0.0
-0.08036005 -0.07801929 1.049091 -2.719698 1.138284 1.014267 0.35556 19.60709 0.8174438 0 0.0
-0.04667267 -0.02598611 -0.7035164 -8.750293 2.40692 2.078245 0.3681079 20.17952 nan 0 0.0
-0.08053049 -0.0892232 -4.844565 -6.937592 0.9109648 0.813219 0.3634246 19.39558 0.8165913 0 0.0
-0.002131312 -0.09567622 -0.7451915 -3.23805 1.965358 1.865523 0.2492005 20.35259 1.264433 1 0.074117
-0.07216462 -0.04427141 2.98648 0.2977594 2.275229 2.190047 0.5962239 20.3845 0.7048435 1 0.06646227
-0.09414158 -0.08599002 -0.9988007 -12.87895 2.675482 2.529068 0.2933795 20.35264 1.31282 1 0.007136305
-0.08060908 -0.02994289 -1.944837 -3.282635 0.6549736 0.5891717 0.3398337 19.03981 1.048616 1 0.0
-0.001383991 -0.0944021 2.484102 -4.864798 0.3170596 0.2771918 0.1020181 17.97185 1.168995 1 0.1077604
0.03591859 -0.1281501 -1.723979 -5.879789 1.618917 1.648596 0.5028648 20.07588 2.027573 1 0.02187849
-0.06289954 0.01813633 -1.285101 -5.443422 0.6574602 0.5482835 0.1773546 19.11233 0.7567139 1 0.002926544
-0.03283116 -0.07544138 -0.1520135 -0.4181647 0.6734548 0.5952195 0.1427341 18.90369 1.189224 1 0.0
-0.07304071 -0.04501597 0.7963556 -0.1346834 2.253283 2.163585 0.5359904 20.24602 0.281332 0 0.0
-0.001384014 -0.09289911 5.258322 -4.295181 0.1860756 0.1576927 -0.01989759 17.0757 1.063337 1 0.0
-0.03769697 -0.0895462 2.946759 -5.85957 1.024551 0.9186809 0.3358851 19.57484 nan 0 0.0
-0.1010612 -0.07488909 0.8688484 -6.477276 1.912082 1.609316 0.06342596 20.00846 1.134668 0 0.0
-0.04788839 -0.01922328 0.6574417 -7.120033 1.136011 0.9618302 0.2650991 19.62621 nan 0 0.0
-0.04596476 -0.09947585 -2.401338 -11.12904 0.5950427 0.5283249 0.3035253 18.90799 1.359716 1 0.0
0.02642277 -0.09389859 -6.395575 -0.9995576 1.224472 1.026459 0.1754822 19.69352 0.6543293 0 0.0
0.0116837 -0.07943399 -1.584196 -5.335341 0.5597614 0.5114875 0.2274377 18.67095 1.098494 1 2.227261e-05
-0.0743925 -0.06301863 -6.361543 -8.68963 2.863738 2.564484 0.2128976 20.453 nan 0 0.0
-0.07943017 -0.02151137 -2.051844 -7.888111 1.196789 0.9780663 0.1047477 19.85683 1.10078 0 0.0
-0.03808838 -0.01682682 0.774947 -6.212066 1.278087 1.111475 0.1764435 19.61422 0.9378414 0 0.0
0.006219044 -0.08464432 -1.500298 -3.411331 0.06931643 0.05835379 -0.04205012 14.83045 1.25812 1 0.0
-0.0844506 -0.05870921 -1.502154 -3.959536 0.6515199 0.5906639 0.4023717 18.90773 0.8569298 1 3.186982e-06
0.027687 -0.08913441 1.742573 -1.263886 0.09588268 0.08175694 0.01060023 15.76381 1.235422 1 0.0
-0.0536029 0.005206658 1.772873 -4.320975 0.1725248 0.1519688 0.3751983 16.2063 0.2044191 1 0.8716416
-0.06992348 -0.04148111 -3.385741 -8.575295 0.9442065 0.8597568 0.3733977 19.48592 0.8976669 1 2.216232e-06
-0.04970708 -0.04208574 -0.5536933 1.263749 1.235631 0.9488996 0.02609083 19.49221 0.8526325 0 0.0
-0.07399545 -0.01259563 -5.235241 -5.461483 0.4361645 0.3177657 -0.221863 18.01519 1.079395 1 0.0
-0.00215724 -0.08905773 -7.173883 -2.690644 0.3117793 0.2884565 0.2063815 17.8074 0.9156036 1 0.0
-0.06211063 -0.04111683 -1.417514 -9.227374 1.909347 1.695401 0.478827 20.04234 0.8822193 1 0.05361239
-0.04572339 -0.01615515 -35.80133 -31.14671 3.264023 2.82122 0.04208345 20.53697 nan 0 0.0
-0.1014954 -0.07846776 -2.611388 -6.049193 0.7829181 0.6693554 0.1746285 19.37968 0.6433868 0 0.0
-0.001306774 -0.0878332 -3.119749 -4.446682 1.659214 1.640998 0.3733839 20.01251 1.255426 0 0.0
-0.09480222 -0.0704382 -6.393199 -3.368172 0.631627 0.5950142 0.5116266 18.70485 1.55496 1 0.0
-0.07422812 -0.01195495 -10.24632 -13.34522 1.694833 1.27309 -0.03588975 19.85374 nan 0 0.0
0.02793613 -0.116894 -3.076967 -16.59267 0.5940194 0.4998109 0.01412817 18.89302 0.8081665 1 0.0
-0.05482209 -0.1115047 -5.532643 -8.220533 0.7178073 0.6827288 0.4540293 18.9186 1.249031 0 0.0
-0.00298201 -0.08731062 -9.202767 1.085496 1.476817 1.360959 0.4281317 19.77854 1.019312 0 0.0
-0.0554881 -0.03385698 3.639217 -4.352728 1.026728 0.7814602 0.03180787 19.30538 1.426105 0 0.0
-0.07902001 -0.01864617 -0.1419165 -6.983961 0.8098472 0.6568728 0.191637 19.24055 0.8162937 0 0.0
-0.07579822 0.01489541 2.109101 -6.013813 0.2850061 0.2390937 0.1627149 17.71756 0.9532356 1 4.022993e-06
0.0456642 -0.1124876 -4.179568 -8.035424 0.35012 0.2979309 0.02775989 18.11875 0.9149151 1 0.0
-0.07925532 -0.04447188 -4.473235 -6.707772 0.6369741 0.6030534 0.5742678 18.77925 0.708725 1 0.0
-0.04126318 -0.01180044 -2.019831 -6.176119 3.08151 2.377309 0.2328961 20.44051 1.387297 0 0.0
-0.1057238 -0.07736252 0.6347524 -4.069318 2.598975 2.34677 0.521472 20.48865 1.806925 0 0.0
-0.0772376 -0.05208046 -0.4787918 -3.561119 0.460684 0.4145665 0.3437701 18.49002 1.029411 1 1.158485e-06
-0.1218309 -0.04106682 -2.045496 -4.769499 0.2606103 0.2279258 0.1740927 17.72361 1.028263 1 0.0
-0.07584336 -0.05444058 -2.147179 -1.717398 1.986481 1.771852 0.4300378 20.08861 1.529013 0 0.0
-0.08550128 -0.01079759 -3.488571 -6.630596 0.7425459 0.6144437 -0.005249778 19.14628 1.317305 1 0.0
-0.068307 -0.03084068 1.619813 -4.620986 1.052425 0.8860245 0.3198088 19.51817 0.8957863 1 0.6557261
-0.04102936 -0.01549296 -2.893491 -3.182664 0.5106116 0.4358695 0.1975994 18.48215 0.8863392 1 0.0
-0.07037484 -0.09103054 -0.6065441 -1.518912 0.5387241 0.4820204 0.3329557 18.69698 1.013002 1 0.0
-0.04007395 -0.01789579 1.395046 -5.916329 1.880333 1.672908 0.4394956 20.02686 0.8302784 0 0.0
-0.0680755 -0.03005086 -2.267921 -5.095856 1.65924 1.406355 0.4519799 19.89268 0.7240295 0 0.0
-0.02916255 -0.02152322 -0.7613659 -0.9226005 1.393991 1.122463 -0.07488348 19.61706 1.059923 0 0.0
-0.05082773 -0.02093005 4.498753 -5.841391 2.048974 1.835905 0.4958454 20.13394 1.050014 1 0.3720137
-0.07715873 -0.02361512 0.1492237 0.7216321 0.425708 0.3719738 0.10671 18.11559 0.8819408 0 0.0
-0.0106615 -0.09397547 -3.645007 -6.033946 0.6185679 0.539863 0.2091853 18.98372 0.7915382 1 0.0
-0.1063083 -0.040559 -0.4003052 -2.700362 0.1395404 0.1202427 0.116622 16.65559 1.122219 1 0.0
-0.0346311 -0.01953005 -2.855552 -4.856218 1.099562 0.9208377 0.1320402 19.47117 1.033306 0 0.0
0.04187489 -0.1163119 -0.420897 -6.453212 2.133322 2.014833 0.2903777 20.4315 1.5919 1 0.06180389
5.919523e-05 -0.05522518 0.02110595 -4.641641 0.5818255 0.4915614 0.1477576 18.76 1.492212 1 0.3664348
0.03455435 -0.1252619 -0.05179284 -5.238674 0.7353141 0.6483607 0.1207298 19.23144 0.8463764 1 0.07924736
-0.1049757 -0.03344684 -6.280383 -0.1381275 0.5092943 0.4375436 0.1027414 18.76912 nan 0 0.0
-0.06035431 -0.04543388 -0.5929072 -5.963321 0.7196888 0.6496172 0.3474823 19.12947 0.7695274 1 0.05970655
-0.05894413 0.006473638 -1.032626 -1.684646 1.304684 0.9622 0.03847945 19.52816 1.638819 0 0.0
-0.02418708 -0.1093475 1.876577 -4.300614 3.246633 3.301868 0.4296474 20.50792 nan 0 0.0
-0.06140246 -0.02071916 -1.387568 -2.703747 1.832708 1.720265 0.569693 19.99111 1.04064 1 0.02175013
-0.05105474 -0.07569015 1.332215 -0.2563986 0.3488266 0.3127607 0.1503846 18.01285 nan 0 0.0
-0.02130244 -0.1042579 -2.387076 -0.2162923 0.7372234 0.6824269 0.4482275 18.95005 nan 0 0.0
-0.0638694 0.003018 0.02720774 -5.924435 1.674466 1.365658 0.5980904 19.69995 0.9332428 1 0.4270782
-0.0817282 -0.1042351 -4.632206 -1.087865 1.042389 0.9307669 0.3519936 19.55348 0.8393707 0 0.0
-0.09667493 -0.07890499 -1.94167 -6.541451 2.50865 2.360314 0.5485416 20.41043 nan 0 0.0
0.03156452 -0.1294074 -2.304483 -2.756055 2.154394 2.107704 0.4093535 20.4215 0.5357876 0 0.0
-0.0838518 -0.009319756 -0.8907929 -4.413228 0.4168212 0.3442658 -0.02187399 18.24092 1.436932 1 1.459517e-05
-0.03891537 -0.01303918 2.359349 -4.850433 1.169681 0.9864321 0.2142463 19.47353 0.7844639 0 0.0
-0.08484801 -0.04729982 -4.396083 -5.722911 0.3034313 0.2651434 0.2366927 17.83918 1.11858 1 0.0
-0.0425398 -0.09448456 -6.822397 -5.409592 0.4078297 0.364437 0.2748583 18.28646 1.031183 1 0.0
-0.02869425 -0.1155209 -1.12364 -6.69584 2.999501 3.063465 0.3421978 20.48996 1.234793 1 0.04917812
0.04174378 -0.1212557 2.381193 -2.748191 0.3958334 0.3341716 -0.06712488 18.14633 1.187504 1 0.0
-0.06269713 -0.01337294 0.6541349 -0.7757794 0.2991632 0.2584347 0.4044095 17.40663 1.068068 1 0.0
-0.08557148 -0.01840416 -3.21446 -5.472148 1.337234 1.11622 0.1859693 19.96548 0.8588238 1 0.00397977
-0.05608537 -0.1102771 -0.3979807 -6.789514 0.7561242 0.6865999 0.3479491 19.13943 1.014114 0 0.0
-0.04788993 -0.01630122 -3.343222 -4.39827 1.024978 0.9511499 0.2588816 19.43498 0.972147 1 0.0001301465
-0.0806803 -0.06575152 -1.511168 -3.760419 1.969879 1.869729 0.5693605 20.0909 1.032099 1 0.02372686
-0.04460796 -0.02902157 -2.20012 -7.426404 0.4543252 0.3871984 0.1897104 18.37475 1.105013 1 0.0
-0.06286456 0.004899349 -3.357932 1.346827 0.5885493 0.4976856 0.3713318 18.56732 1.14242 1 0.0
-0.07709547 -0.03733653 2.863798 -10.22984 1.772062 1.657396 0.6049351 20.07042 0.08057785 1 0.0003805763
-0.06876201 -0.1107093 -12.04685 -4.961356 1.528393 1.417501 0.2872925 19.55383 0.8481998 0 0.0
0.03901286 -0.121346 -1.134619 -1.706935 0.8410558 0.6980979 -0.1291852 19.19585 0.8051853 0 0.0
-0.08553784 -0.05400289 4.628226 -4.745637 1.933585 1.716263 0.5092328 20.0788 0.6924305 0 0.0
-0.06448879 -0.03289401 3.726087 7.16514 2.42648 2.061455 0.374916 20.17766 1.415995 1 2.816763e-05
-0.01710229 -0.1041159 -4.250715 -11.69404 3.4236 3.481785 0.3535577 20.60496 nan 0 0.0
-0.05355426 -0.07696951 -0.6874119 -1.753577 1.046451 0.9539614 0.3630111 19.59159 0.2950077 0 0.0
0.04596871 -0.1216812 -5.319592 -1.472909 0.2677042 0.2269642 0.005624998 17.596 0.9170704 0 0.0
-0.03385793 -0.01795429 -0.748283 -5.899374 0.9702929 0.7823175 -0.1310723 19.17428 0.7548676 1 0.1222089
-0.09441088 -0.0254892 -1.289124 -6.422967 0.06954634 0.05839786 0.001412403 15.0557 1.391461 1 0.0
-0.05605317 -0.0791187 -3.003238 -7.814243 0.8885677 0.7969015 0.3629988 19.37266 0.7950439 1 6.024497e-06
-0.05321872 -0.07774751 1.422803 -6.368071 0.6502694 0.5967018 0.3102925 18.90595 1.048376 1 0.08407909
-0.06450122 -0.08777223 -3.692822 -1.495771 0.460422 0.4071589 0.3015694 18.49428 0.8897839 1 0.0
-0.08877642 -0.06417218 -4.749366 -1.75361 1.776578 1.557367 0.4956238 19.953 1.239702 1 2.701586e-06
-0.0768136 -0.03522295 -1.060319 -5.971633 0.3025232 0.2808655 0.4618589 17.67438 1.135132 1 0.0
-0.09410715 -0.04477219 -1.555491 -1.485787 1.286276 1.18203 0.3107166 19.74761 1.97468 0 0.0
-0.08080865 -0.03749236 0.1392498 -3.135873 0.2348508 0.2018544 0.14808 17.60479 1.023174 1 0.0
-0.08748419 -0.01418693 -1.966837 -4.39555 0.2220196 0.1842096 -0.02578535 17.27475 0.8033352 1 0.0
0.008714574 -0.1312562 -4.63008 -6.383072 0.1948925 0.1718631 0.121467 17.29032 0.9315853 1 0.0
