data/gcs/NGC_6254_M_10.ecsv
# %ECSV 0.9
# ---
# datatype:
# - {name: x, unit: deg, datatype: float64}
# - {name: y, unit: deg, datatype: float64}
# - {name: pmx, unit: mas / yr, datatype: float64}
# - {name: pmy, unit: mas / yr, datatype: float64}
# - {name: pmx_e, unit: mas / yr, datatype: float64}
# - {name: pmy_e, unit: mas / yr, datatype: float64}
# - {name: pm_corr, datatype: float64}
# - {name: g_mag, unit: mag, datatype: float64}
# - {name: bp_rp, unit: mag, datatype: float64}
# - {name: filter, datatype: int64}
# - {name: memberprob, datatype: float64}
# meta: !!omap
# - comments: [deg deg mas/yr mas/yr mas/yr mas/yr dimless mag   mag   zeroone float]
# - __serialized_columns__:
#     bp_rp:
#       __class__: astropy.units.quantity.Quantity
#       unit: &id001 !astropy.units.Unit {unit: mag}
#       value: !astropy.table.SerializedColumn {name: bp_rp}
#     g_mag:
#       __class__: astropy.units.quantity.Quantity
#       unit: *id001
#       value: !astropy.table.SerializedColumn {name: g_mag}
#     pmx:
#       __class__: astropy.units.quantity.Quantity
#       unit: !astropy.units.Unit {unit: mas / yr}
#       value: !astropy.table.SerializedColumn {name: pmx}
#     pmx_e:
#       __class__: astropy.units.quantity.Quantity
#       unit: !astropy.units.Unit {unit: mas / yr}
#       value: !astropy.table.SerializedColumn {name: pmx_e}
#     pmy:
#       __class__: astropy.units.quantity.Quantity
#       unit: !astropy.units.Unit {unit: mas / yr}
#       value: !astropy.table.SerializedColumn {name: pmy}
#     pmy_e:
#       __class__: astropy.units.quantity.Quantity
#       unit: !astropy.units.Unit {unit: mas / yr}
#       value: !astropy.table.SerializedColumn {name: pmy_e}
#     x:
#       __class__: astropy.units.quantity.Quantity
#       unit: &id002 !astropy.units.Unit {unit: deg}
#       value: !astropy.table.SerializedColumn {name: x}
#     y:
#       __class__: astropy.units.quantity.Quantity
#       unit: *id002
#       value: !astropy.table.SerializedColumn {name: y}
# schema: astropy-2.0
x y pmx pmy pmx_e pmy_e pm_corr g_mag bp_rp filter memberprob
[from data line 11176]
-0.007271281 -0.1292708 -3.428918 -5.757176 0.8169407 0.5550876 0.1987886 19.72818 1.061172 1 0.9430422
-0.2391114 -0.1582052 -2.968077 -2.309018 1.629897 1.183706 -0.1297121 20.41176 nan 0 0.0
-0.03999614 0.02482044 -4.589881 -6.802458 0.3048431 0.1965377 0.3403829 18.16459 0.9564686 0 0.0
0.06856751 0.0008121383 -7.01844 -6.678024 1.667516 1.156228 0.2884772 20.3772 1.248425 0 0.0
0.02108015 -0.06547413 -4.651725 -3.793608 1.002095 0.581457 0.4098159 19.49699 1.329521 0 0.0
-0.03394317 0.1371062 -6.077468 -6.534828 1.336388 0.748312 0.4625912 20.09762 1.10541 1 0.966069
0.03092249 -0.1661288 -4.222252 -2.456186 0.2355917 0.1571548 0.1924843 17.68992 1.082771 1 0.0
-0.2116529 0.09783529 -9.129238 -8.992831 1.371938 1.051545 0.2788271 20.30678 2.170675 1 0.1411212
-0.05395206 0.009932292 -6.444565 -8.057977 0.5370154 0.3448217 0.4101664 18.5595 0.9755077 0 0.0
0.1649777 0.04225093 -0.5833592 -4.577046 0.5957073 0.4042191 0.3004367 19.32411 1.356279 1 0.0
0.1892311 -0.05556565 -7.563481 -3.566862 1.648064 1.121724 0.6564344 19.70154 nan 0 0.0
-0.2657129 -0.1493296 -0.8643596 -3.443987 0.3962663 0.2539906 0.2056549 18.3873 1.358242 1 0.0
-0.08994935 0.02960144 -4.859445 -6.895842 0.2332027 0.1581462 0.2676912 17.7413 0.9948616 1 0.9976579
0.01085461 0.02846536 -3.677477 -5.127637 0.6724015 0.4267101 0.1016117 18.95407 0.9142151 0 0.0
0.04124715 -0.01692862 -5.678462 -5.837608 2.456135 1.353542 0.635537 20.20253 nan 0 0.0
-0.04160925 0.02035431 -3.860886 -6.799346 0.6195022 0.4539719 0.4919509 18.98642 0.921833 0 0.0
-0.02469748 -0.05121538 -4.261017 -6.993587 0.5052722 0.3376573 0.219826 18.89732 0.7398071 0 0.0
0.006013915 -0.05762419 -8.981583 -7.220088 2.14883 1.219068 -0.07459242 20.31888 0.938776 0 0.0
0.03581124 -0.07401814 -4.473561 -6.366687 0.2879533 0.1947753 0.2876242 18.17833 0.9167652 1 0.9984035
0.02840338 0.0226561 -4.685575 -5.958129 1.080179 1.151553 0.4254685 19.41455 nan 0 0.0
0.07092006 -0.0718895 -3.696034 -5.089588 1.361871 0.8347145 0.1799986 20.29332 1.105448 0 0.0
0.01327393 -0.01418967 -6.002449 -2.803004 0.5844112 0.3330735 0.1495318 17.54732 1.006578 0 0.0
-0.03952434 0.02549519 -0.9655307 -5.403745 1.146502 0.8667756 0.5320492 19.76123 nan 0 0.0
0.005740908 0.07182515 -1.234434 -8.258364 3.527235 2.462332 0.5410259 20.92373 nan 0 0.0
0.01988088 0.05488005 -4.633496 -6.259564 0.5243192 0.2899277 0.4662995 18.67113 0.9560623 0 0.0
-0.002036973 0.03384702 -0.5750554 -6.478461 3.413007 1.304133 0.4351836 20.05885 nan 0 0.0
0.02658486 -0.1928581 0.8198392 -6.468131 2.646765 1.513872 0.490972 20.75097 0.8017292 0 0.0
0.02295488 0.03363545 -5.143663 -6.714966 0.8077143 0.412834 0.4612346 18.86946 nan 0 0.0
-0.03600432 -0.06635491 -4.766531 -6.299694 0.835575 0.5607261 0.251142 19.73174 0.9097805 0 0.0
-0.1626036 -0.1530285 -0.09216339 -1.988049 1.021698 0.7604962 0.1276272 19.94407 1.197693 1 0.0
0.1197614 0.2799438 -1.717724 -3.04979 0.5896387 0.3947974 0.3968155 19.12472 1.107635 1 0.0
-0.04174625 0.02080443 -5.097286 -7.059449 0.641007 0.4199835 0.4151634 19.09725 0.6963768 0 0.0
-0.165177 -0.07265397 -1.097212 -0.5590695 1.357981 0.9511719 0.2647602 20.31836 0.9426956 0 0.0
0.1019931 0.02521787 -5.695826 -8.092276 1.565651 0.9714169 0.209084 20.43786 1.09462 0 0.0
0.0147346 -0.03564355 -5.178291 -6.018979 0.9089326 0.5606023 0.5521441 19.22124 nan 0 0.0
-0.06371494 0.0978727 3.886816 -5.723338 0.8464233 0.5176823 0.3334431 19.66418 1.243113 1 0.0
0.0689263 -0.07366316 -7.854304 -6.431446 2.816433 1.72414 0.2634097 20.80837 0.8969517 0 0.0
-0.1259824 -0.024657 -7.28054 -9.072072 2.662414 1.970095 0.3697407 20.95094 0.8761444 0 0.0
0.02519047 -0.0235517 -3.027595 -7.278726 2.356088 1.386459 0.4956967 20.12911 1.461473 0 0.0
-0.007606672 -0.0664166 -5.58786 -8.177683 1.615473 1.189737 0.3197888 20.49639 nan 0 0.0
0.281079 0.04225335 -5.615688 -6.208837 0.6884076 0.4466754 0.1657674 19.57003 1.021133 1 0.8659755
-0.07722247 0.00134493 -5.163637 -7.74561 0.9290834 0.7007064 0.2227197 19.79601 0.8692093 0 0.0
0.2724446 0.1200861 -17.55422 -5.00375 1.612142 1.03871 0.03811885 20.49249 1.224171 0 0.0
-0.03818291 -0.01758793 -6.757732 -7.501609 0.7207673 0.576523 0.1260083 18.90647 nan 0 0.0
0.06218326 0.1055356 -5.582453 -6.405194 0.2188084 0.1419965 0.3685222 17.49699 1.101063 1 0.8270509
-0.0587103 -0.06567199 -11.63909 0.2374225 3.144797 1.868221 0.2195006 20.85102 0.6166172 0 0.0
-0.01910051 0.09761227 -4.738662 -6.574195 0.3952621 0.2513494 0.312198 18.58742 1.008566 1 0.9981017
0.09820898 -0.05231538 -2.948623 -5.585105 1.748813 1.132148 0.216173 20.55239 0.4819622 0 0.0
0.05176368 -0.01812895 -3.046116 -5.688283 2.215163 1.411036 0.6858333 20.09148 nan 0 0.0
0.01890802 0.1094412 -1.707588 -2.780944 0.1708702 0.1088978 0.2915801 17.04603 1.366644 1 0.0
0.06782304 -0.1601216 -4.152119 -6.513039 0.8912312 0.5230331 0.2755453 19.64789 0.9876842 1 0.9738692
-0.05413866 -0.153338 -5.973412 -6.401231 1.348847 0.8649724 0.2634997 20.23162 1.068731 1 0.9478086
-0.04591351 -0.03231641 -5.253222 -4.707756 1.222174 0.8454533 0.1174596 20.03431 0.8212166 0 0.0
0.02104972 -0.06516371 -13.32848 -8.528348 3.329718 1.996739 0.3331209 20.9271 nan 0 0.0
0.01033606 -0.05323543 -1.960619 -4.871635 4.590592 1.985288 0.2994774 20.74163 nan 0 0.0
-0.186463 0.03858363 -0.629877 -4.368777 2.237679 1.571368 0.1975128 20.73882 0.9362144 0 0.0
0.04898573 0.1004572 -6.173086 -8.410497 1.119217 0.6557266 0.4959146 19.85363 0.8606396 0 0.0
-0.08422098 -0.02307318 -5.22619 -6.56007 0.4308538 0.2512762 0.3201449 18.44271 0.8190289 0 0.0
-0.02918621 -0.07265317 -6.934542 -6.245638 1.16371 0.8814462 0.2983397 20.16025 0.937645 0 0.0
0.2932704 0.04195142 3.032145 -17.34381 0.3663923 0.2398028 0.2099547 18.68685 1.540987 1 0.0
0.01292136 -0.1668126 -5.902671 -6.406363 1.048152 0.7193652 0.1824401 20.08018 1.103401 1 0.9553133
0.05142744 -0.03996044 -2.707304 -5.784582 1.159221 0.6629321 0.4125609 19.78752 1.055344 0 0.0
0.04760094 0.1069416 -3.31901 -5.476224 1.139377 0.7373985 0.2774765 20.07368 0.8946571 1 0.9417538
-0.009601922 0.06948051 -11.89857 4.082244 0.2548175 0.1571376 0.2500323 17.75112 1.095516 1 0.0
-0.008611664 -0.01366413 -4.553631 -6.399345 0.05704398 0.03566103 0.2947088 14.45727 1.382921 0 0.0
0.06001762 0.04912691 -6.478518 -7.352866 1.066181 0.6911785 0.2630227 19.83924 0.9274273 0 0.0
0.04748598 -0.0358675 -5.799032 -8.931814 0.9181192 0.5575349 0.4273435 19.33228 1.073692 0 0.0
0.2532964 0.02478656 -1.73004 -2.284779 0.05666364 0.03681256 0.1176714 15.07857 1.925583 1 0.0
0.03388421 0.0600895 -2.418402 -5.902595 2.143486 1.229005 -0.02645742 20.54094 0.8556671 0 0.0
-0.02511107 0.03428674 -5.097368 -7.016728 0.2854005 0.1647529 0.3933795 17.73321 0.9567699 0 0.0
0.03455105 -0.006909952 -9.341669 -10.29454 1.337649 0.8147274 0.5742154 19.63759 nan 0 0.0
0.1540157 0.02499067 -0.9088713 -0.03099628 0.4486765 0.2775624 0.3166791 18.72151 1.046133 1 0.0
0.003487622 -0.05762656 -4.974527 -6.276781 3.508274 1.930971 0.3501839 20.57842 0.8757725 0 0.0
-0.02270284 -0.08530439 -5.834641 -7.260125 0.9817721 0.6866356 0.3251168 20.00563 1.037169 0 0.0
0.04165985 0.01714185 -2.628689 -5.965002 1.789086 0.958405 0.1979725 19.57888 1.186724 0 0.0
0.104216 -0.1979466 -1.364362 -6.490559 0.6982649 0.4123006 0.26417 19.39113 1.106403 1 0.001849849
0.08838064 -0.1604664 -6.296207 -7.968029 1.520703 0.8691611 0.2313775 20.32209 0.9521999 1 0.8673009
0.04441124 -0.04470312 -4.619478 -6.162312 0.8215642 0.5012604 0.3997167 19.43612 0.9428005 0 0.0
-0.03083583 -0.3000922 -3.58561 1.00225 1.489318 0.768792 0.1760091 20.12882 0.8641376 1 0.0
0.00558946 0.1845508 -0.2290218 -3.216029 0.8832859 0.5306116 0.3840203 19.73785 1.213314 0 0.0
0.04885825 0.005859954 -5.684801 -7.259247 1.066683 0.8284639 0.1970427 19.77776 1.19368 0 0.0
0.03703504 0.06250597 -7.111683 -10.91374 4.843653 2.055637 -0.0579511 20.91467 0.08364868 0 0.0
-0.2663233 -0.1001571 -2.208965 -7.730963 0.2853241 0.1917099 -0.01565003 17.73924 1.17832 1 0.0
0.004035559 -0.04471 -4.529022 -6.514441 0.1452873 0.09681952 0.340562 16.83503 1.206318 0 0.0
0.001752824 -0.001017884 -3.789101 -6.595676 0.3235985 0.2039386 0.3103386 16.34258 1.054007 0 0.0
0.01196571 0.02944477 -4.389911 -6.025439 0.7222938 0.4555105 0.04889861 19.09679 1.067675 0 0.0
0.07200011 0.09242604 -10.05368 -5.58649 3.223292 2.286603 0.1277284 20.85876 1.079826 0 0.0
-0.0156122 -0.03490208 -3.57993 -9.056489 1.185345 0.5776893 0.1218899 19.37218 1.080805 0 0.0
-0.1310955 0.06541384 -4.472087 -6.870336 0.6048681 0.3511432 0.3232759 18.90002 0.9821949 1 0.9889125
0.04119758 -0.09196558 -6.671354 -7.22686 2.467358 1.559024 0.2263235 20.80384 0.8116093 0 0.0
-0.01337572 0.008033328 -0.5097413 -1.742716 1.872771 1.114904 0.7422119 18.60469 nan 0 0.0
-0.3019194 -0.0150367 -10.06299 -15.72416 1.052151 0.732805 -0.096758 19.73783 1.904593 1 0.0
-0.2166052 -0.1614956 -2.214565 3.609553 3.109041 1.841336 -0.2071896 20.69065 0.6205044 0 0.0
-0.03139839 0.06779958 -4.13024 -8.840314 3.102582 2.091383 0.2842154 20.90973 0.7845135 0 0.0
0.02467129 -0.07879276 -4.522768 -6.66627 0.4289875 0.2759165 0.2738555 18.72078 1.054388 1 0.9978482
0.06030517 0.02719763 -4.425964 -6.806086 0.639456 0.3940292 0.1606514 19.14593 0.9485855 0 0.0
-0.01487217 0.2809752 -0.07907992 -8.684913 0.1898274 0.1104612 0.321756 17.18149 0.6572437 1 0.0
0.02842696 -0.1668249 -5.533399 -3.478818 0.2286095 0.1474577 0.1479764 17.58709 1.179264 1 0.0
0.004507463 -0.02376541 -3.867704 -6.122991 0.3500497 0.2371698 0.4506599 18.07427 0.8312035 0 0.0
-0.0825457 -0.0341752 -5.226506 -5.99363 1.109481 0.7702108 0.1704201 20.02016 0.8264771 0 0.0
0.09783702 0.01693143 1.75926 -3.572666 0.04057631 0.0256833 0.2291163 13.08855 1.643296 1 0.0
-0.04417998 -0.006163223 -4.409312 -6.302118 0.5836931 0.3946769 0.1967429 18.99723 0.9374466 0 0.0
0.08787342 0.06771859 -5.348632 -6.711078 1.105376 0.7030697 0.3211297 20.09192 1.119143 0 0.0
-0.04022322 0.000516521 -3.450423 -6.117583 0.6201215 0.3716713 0.5881126 18.54207 nan 0 0.0
-0.03195489 -0.09859557 -4.915194 -6.587794 0.1532047 0.1000538 0.2959593 16.84991 1.258654 1 0.9991319
0.04523406 -0.02709786 -5.176945 -6.749666 0.101931 0.06505815 0.4112165 15.64018 0.297101 1 0.9969412
0.2110428 0.0147738 -6.934918 -9.204835 0.6212566 0.3999941 0.264678 19.44229 0.9181538 1 1.161954e-06
0.09301368 0.163059 -5.012338 -6.119852 0.8488831 0.5637242 0.4016878 19.73106 1.191463 1 0.9630516
-0.001412973 0.05422322 -3.372753 -6.340485 0.9895645 0.6615854 0.3989509 19.78582 0.8939037 0 0.0
-0.02593349 0.05020974 -4.736383 -6.912459 0.2847939 0.1784184 0.3665481 17.95551 0.8745346 0 0.0
-0.006024857 0.05340971 -6.441257 -6.786724 1.109743 0.6073095 0.4365905 19.73957 0.9750862 0 0.0
0.03692699 0.02962949 -5.120862 -9.982819 2.153635 2.0339 0.09846727 20.41379 nan 0 0.0
-0.0583164 -0.04164367 0.5363013 -2.991499 3.137041 1.794485 0.2714744 20.63807 0.9807415 0 0.0
0.2272728 -0.01909705 -3.40503 -12.05995 0.4442309 0.2848542 0.2747085 18.79138 1.044567 1 0.0
-0.03447318 0.07125604 -3.223538 -5.651138 0.5887085 0.3465548 0.2244032 19.10836 0.8802242 1 0.846816
0.01161276 -0.165343 -4.562761 -6.055078 0.3933914 0.2600769 0.1654901 18.58005 0.9355526 1 0.9824036
-0.06564731 -0.09682427 -5.121689 -6.085816 1.392012 1.072128 0.2666003 20.40303 0.8572578 0 0.0
-0.03712948 -0.08751793 -1.153252 -6.441829 0.9388436 0.6650185 0.2758159 19.9167 0.9753456 0 0.0
-0.08070828 0.006142998 -3.011223 -5.691299 1.013254 0.8189897 0.7140961 19.19251 0.9522057 1 0.9726126
0.006516451 -0.01860509 -10.65875 -10.48333 1.311404 0.6782109 0.1793132 18.0268 nan 0 0.0
-0.05370982 0.02904966 -4.982123 -6.475237 0.06604718 0.04287269 0.2842767 12.38877 1.16879 1 0.9992487
-0.05150247 0.02273887 -5.630433 -8.222748 1.06514 0.8440354 0.4368511 19.67297 0.8826408 0 0.0
-0.09119159 0.11348 -6.297814 -6.928322 1.981287 1.265871 0.2817703 20.5944 0.4424438 0 0.0
0.1424362 0.0427054 -4.700667 1.224229 1.500726 0.9631766 0.2026235 20.40132 1.726795 0 0.0
-0.0406792 -0.01139966 -2.828198 -4.525105 1.096468 0.86346 0.1554068 19.63476 nan 0 0.0
0.03126617 0.05877401 -4.776712 -5.167377 1.589732 0.8820858 0.08421694 20.13984 0.8792229 0 0.0
0.06296791 0.01695068 -2.423123 -8.729973 1.66782 1.369981 0.1744535 20.33116 1.055431 0 0.0
-0.0194169 -0.03772409 -3.676169 -6.029629 1.0284 0.922822 0.2195178 19.48677 nan 0 0.0
-0.006359713 0.05330528 -2.885088 -7.884488 1.310592 0.7177938 0.005991251 19.8192 nan 0 0.0
0.05520473 0.00307052 -4.976289 -9.159918 3.872358 2.59536 0.3032633 20.83164 0.9485264 0 0.0
0.02808447 0.04313197 -5.258968 -6.367668 0.3523399 0.2326081 0.3553583 18.17346 0.9234085 0 0.0
0.0423143 0.01689195 -6.922616 -6.247496 1.212881 0.7913357 0.1949962 19.74597 1.073505 0 0.0
0.00150934 0.01576583 -4.872046 -9.681511 0.8085994 0.481517 0.239376 16.82343 1.113617 0 0.0
0.03747425 0.01518417 -4.584799 -6.279554 1.81756 1.873878 0.3116748 19.9136 nan 0 0.0
-0.05226419 0.03362501 -4.800778 -6.611463 0.08151758 0.0525957 0.2203106 15.60024 1.247195 1 0.9996225
0.1537172 0.1374402 -1.349323 -5.833626 1.106926 0.7444615 0.2775966 20.13466 1.452913 0 0.0
0.01913449 0.03037017 -3.99407 -7.685235 1.572609 1.18094 0.1752327 20.00063 0.7624702 0 0.0
-0.04122932 0.03153091 -4.789426 -5.957764 0.3295146 0.2150883 0.3817997 18.29124 0.8781395 0 0.0
-0.06530849 0.03916967 -4.644494 -6.184492 0.4767828 0.3120773 0.2238758 18.90335 0.8603802 1 0.9967076
-0.08485522 0.2228867 0.4405835 1.766789 0.1949626 0.1091928 0.380676 17.17655 1.085209 1 0.0
0.003229254 0.02832715 -5.791268 -6.975785 1.056008 0.4454004 0.595585 18.82909 nan 0 0.0
0.0423617 0.04995917 -1.636498 -7.000165 1.371347 0.6856647 0.05400649 19.84512 nan 0 0.0
-0.06381328 -0.006119727 -6.233257 -6.217974 1.325289 0.8615981 0.4789181 19.91186 0.8436985 0 0.0
0.0722224 0.02475047 -4.06916 -7.216548 0.6292745 0.4058314 0.3127966 19.0814 0.9141502 0 0.0
-0.001366845 -0.2131522 -7.140856 -6.144148 1.346228 0.7770301 0.1246283 20.0806 1.143457 1 0.8000242
-0.01575027 0.0205164 -3.866717 -6.563904 0.3656574 0.1734125 0.2233669 17.64909 nan 0 0.0
0.03657692 0.02956752 -5.505082 -7.507427 0.6396602 0.3670935 0.1320492 18.98647 0.9753342 0 0.0
0.02628716 0.003914566 -4.546952 -6.423888 0.1978373 0.1396172 0.2902393 17.14986 1.290652 0 0.0
0.02525198 -0.003620382 -9.325018 -10.43146 1.008212 0.666303 0.566399 18.63666 nan 0 0.0
-0.01663141 -0.05719852 -4.591649 -6.335882 0.301448 0.2021948 0.2894668 18.14118 0.9720554 1 0.9987784
0.02610607 0.05137512 -4.864862 -6.512932 0.4141579 0.2672016 0.3590721 18.55138 0.8514175 0 0.0
0.143311 0.08336751 -5.862618 -8.47924 2.45316 1.405255 0.2628999 20.72483 0.8443279 1 0.8496419
-0.02422523 -0.06648416 -3.983475 -5.638913 1.870214 1.552749 0.331044 20.62983 nan 0 0.0
0.09852549 -0.1963232 -2.261407 -4.598612 1.46991 0.8317102 0.3005419 20.36046 0.8342304 1 0.3687183
0.04961197 -0.1097664 -4.826057 -10.63817 1.806882 1.275995 0.226094 20.6802 1.3988 0 0.0
-0.009555691 0.02147638 -6.785062 -8.352432 1.023394 0.6910725 0.5620559 18.49191 nan 0 0.0
0.2371721 0.1607433 -0.4472811 1.54753 0.1323614 0.08228617 0.1390679 16.64309 1.136931 1 0.0
0.02570841 -0.008492718 -1.796015 -7.026608 0.7097899 0.3989831 0.2657175 17.64209 1.00279 0 0.0
0.008114312 -0.03550278 -5.075629 -5.958497 0.562545 0.3263334 0.5087463 18.80054 1.00383 0 0.0
0.005025671 0.0969349 -4.818822 -6.393507 0.7696701 0.4964935 0.3437019 19.52477 1.12598 0 0.0
-0.03760177 -0.07637237 -7.048934 -6.083632 1.011315 0.7043022 0.2983965 19.9556 0.9246349 0 0.0
-0.1062533 0.05292488 1.771156 -4.11067 2.982908 1.369822 0.09862221 20.67248 nan 0 0.0
-0.01171699 0.02390106 -1.527031 -6.951441 0.7256414 0.354117 0.3734239 17.89603 nan 0 0.0
-0.07019247 0.01870817 -4.416967 -6.633592 0.7372595 0.5811353 0.3287328 19.50888 0.7827129 0 0.0
0.03749016 0.03011966 -4.568096 -6.519375 0.6032707 0.3618877 0.1477376 18.92773 1.12949 0 0.0
0.04015124 -0.01933134 -9.071567 -8.22424 2.457008 1.578208 0.665435 20.11403 nan 0 0.0
