data/gcs/NGC_5053.ecsv
# %ECSV 0.9
# ---
# datatype:
# - {name: x, unit: deg, datatype: float64}
# - {name: y, unit: deg, datatype: float64}
# - {name: pmx, unit: mas / yr, datatype: float64}
# - {name: pmy, unit: mas / yr, datatype: float64}
# - {name: pmx_e, unit: mas / yr, datatype: float64}
# - {name: pmy_e, unit: mas / yr, datatype: float64}
# - {name: pm_corr, datatype: float64}
# - {name: g_mag, unit: mag, datatype: float64}
# - {name: bp_rp, unit: mag, datatype: float64}
# - {name: filter, datatype: int64}
# - {name: memberprob, datatype: float64}
# meta: !!omap
# - comments: [deg deg mas/yr mas/yr mas/yr mas/yr dimless mag   mag   zeroone float]
# - __serialized_columns__:
#     bp_rp:
#       __class__: astropy.units.quantity.Quantity
#       unit: &id001 !astropy.units.Unit {unit: mag}
#       value: !astropy.table.SerializedColumn {name: bp_rp}
#     g_mag:
#       __class__: astropy.units.quantity.Quantity
#       unit: *id001
#       value: !astropy.table.SerializedColumn {name: g_mag}
#     pmx:
#       __class__: astropy.units.quantity.Quantity
#       unit: !astropy.units.Unit {unit: mas / yr}
#       value: !astropy.table.SerializedColumn {name: pmx}
#     pmx_e:
#       __class__: astropy.units.quantity.Quantity
#       unit: !astropy.units.Unit {unit: mas / yr}
#       value: !astropy.table.SerializedColumn {name: pmx_e}
#     pmy:
#       __class__: astropy.units.quantity.Quantity
#       unit: !astropy.units.Unit {unit: mas / yr}
#       value: !astropy.table.SerializedColumn {name: pmy}
#     pmy_e:
#       __class__: astropy.units.quantity.Quantity
#       unit: !astropy.units.Unit {unit: mas / yr}
#       value: !astropy.table.SerializedColumn {name: pmy_e}
#     x:
#       __class__: astropy.units.quantity.Quantity
#       unit: &id002 !astropy.units.Unit {unit: deg}
#       value: !astropy.table.SerializedColumn {name: x}
#     y:
#       __class__: astropy.units.quantity.Quantity
#       unit: *id002
#       value: !astropy.table.SerializedColumn {name: y}
# schema: astropy-2.0
x y pmx pmy pmx_e pmy_e pm_corr g_mag bp_rp filter memberprob
[from data line 1783]
-0.0007563342 0.006186568 0.8199606 -1.734633 2.07725 1.608482 -0.2753717 20.66802 -0.009773254 0 0.0
-0.03217562 -0.03356351 -1.275514 -2.332957 3.30864 1.562051 -0.1876247 20.65678 nan 0 0.0
-0.01431858 0.003492054 -0.5874789 -1.13996 0.2360154 0.1716647 -0.4584814 17.45003 0.8468952 0 0.0
-0.001541192 0.01581296 1.306715 -1.200074 2.031814 1.452986 -0.3656548 20.58574 0.5040302 0 0.0
0.006538816 0.05807228 2.165474 -2.391857 1.584351 0.9835523 -0.3611769 20.38179 0.6398144 0 0.0
-0.1361527 -0.00531271 -10.19771 5.179457 1.239548 0.9128083 -0.3604544 17.16364 1.971933 0 0.0
-0.03318341 0.02030211 -2.22103 0.3771988 1.414555 0.9124911 -0.5105905 20.11968 0.4461174 0 0.0
0.02563844 0.02364827 -0.04324759 -0.7766644 0.5966327 0.4159056 -0.2776252 19.08405 0.7459145 0 0.0
-0.005059201 -0.001881447 -0.6375772 -1.957329 1.229839 0.9390773 -0.21164 20.01889 0.3963947 0 0.0
-0.03985131 -0.02911785 -1.721881 -5.462129 3.458733 1.873655 -0.5188388 20.82499 0.4596252 0 0.0
0.02579812 0.02501776 -0.05385929 -1.485889 0.639362 0.4530778 -0.2963866 19.2164 0.7493038 1 0.9998902
0.01636252 0.05536638 3.15716 0.1506396 2.119246 1.912352 -0.2670594 20.72498 0.8227386 0 0.0
0.03235268 0.02758421 -0.259895 -0.2572273 1.362377 1.341137 0.02362807 20.1957 nan 0 0.0
-0.08030197 -0.03747185 -0.4786098 -1.114649 0.2052167 0.1347909 -0.3967218 17.22747 0.9629745 1 0.9999374
-0.05293874 0.011678 -0.7191979 -1.392086 2.490066 1.760506 -0.4765841 20.74942 0.3415031 0 0.0
-0.0207995 0.02253184 -1.047583 1.284631 1.048593 0.6788881 -0.4100483 19.71026 0.6502018 0 0.0
-0.06026506 0.05361527 -2.321747 1.006279 1.612595 1.056393 -0.4092918 20.36241 0.6051559 0 0.0
-0.01508908 0.002494573 0.9562619 -0.9528622 1.765282 1.015464 -0.4899373 19.75671 nan 0 0.0
-0.07338217 -0.03990287 -0.4865689 -1.114688 0.1207792 0.0898478 -0.3929589 16.39953 0.7959023 1 0.9999589
-0.1181022 -0.0338766 -6.08154 -10.13271 0.2769654 0.1810527 -0.4155927 17.75703 0.7665138 1 0.0
-0.04050917 0.01934421 -0.6448637 -0.952094 0.1549528 0.1074689 -0.3445936 16.7312 0.9924488 1 0.9997338
-0.09910159 0.01504876 -1.108597 -6.831488 1.216609 0.772004 -0.4585976 19.95671 0.9815617 1 0.0
-0.006105876 -0.003067786 -0.6854171 -3.139656 0.8441871 0.5804183 -0.3337645 19.54187 0.6033592 0 0.0
-0.1182032 0.05550374 0.446967 -1.057266 1.550202 1.047396 -0.4587234 20.34369 0.5088444 0 0.0
-0.02105036 -0.00958788 -0.5684573 -1.16688 1.284719 0.9348382 -0.4764106 20.06366 0.501667 0 0.0
0.02079886 0.02005229 -0.4686443 -1.218398 0.5359272 0.3590683 -0.338256 18.87285 0.8921928 1 0.9999462
-0.001759243 0.01346692 7.268597 -1.979172 3.107388 2.127831 -0.4267492 20.86903 0.6995201 0 0.0
-0.03684652 0.01866631 1.163746 -1.159336 1.270845 0.8799163 -0.4680735 19.97027 0.5097847 0 0.0
-0.009286886 0.04568418 -1.238498 -0.8058889 1.749313 1.09424 -0.3665649 20.47693 0.413475 0 0.0
-0.0273309 -0.01259874 -0.7374614 0.593671 1.367069 1.290694 -0.4162051 20.16149 0.4432983 0 0.0
-0.07511916 -0.05612987 -14.63659 -2.044083 2.021283 1.337338 -0.4835785 20.51984 1.830275 0 0.0
-0.01492926 0.001622902 -0.2774944 -1.858605 0.9537425 0.7003076 -0.4941993 19.59282 0.4879856 0 0.0
0.001424034 0.009085742 0.1119752 -0.06807869 1.882885 1.261345 -0.4374031 20.51509 0.1882381 0 0.0
-0.03239824 0.02193274 1.762339 -1.865559 2.876921 1.607041 -0.452991 20.7265 0.4286804 0 0.0
-0.01831402 0.02315337 0.7349952 -1.045429 0.8319433 0.5694225 -0.355136 19.41757 0.5613041 0 0.0
-0.01116443 0.0004419792 -2.407294 -0.1379473 1.039701 0.7772562 -0.4387723 19.73735 0.4937477 0 0.0
0.02403978 0.022599 1.805242 -2.405779 1.021584 0.7248575 -0.3161594 19.83591 0.7214584 1 0.998171
0.03238025 0.1160813 0.4777252 -1.217758 1.356548 1.027649 -0.3353686 20.24526 0.4895916 0 0.0
0.04550069 0.04902375 -1.157364 0.2200968 2.177578 1.722242 -0.3305919 20.78647 0.5065098 0 0.0
-0.05454067 0.001729748 1.976292 -0.07115315 1.557027 1.131015 -0.4666322 20.34088 0.5826092 0 0.0
0.02056613 0.02160294 -0.5235345 -0.6511516 0.5334751 0.3727641 -0.3228405 18.94249 0.8395252 0 0.0
-0.07688465 0.03170047 0.6488559 0.1494079 2.057656 1.474943 -0.5439995 20.55986 0.6818027 0 0.0
0.04433658 0.1136844 -0.5446738 -0.8348747 0.5500387 0.391077 -0.4189906 18.89573 0.8891144 0 0.0
0.0008716746 0.009661757 -1.224737 2.116791 2.018417 1.422588 -0.414585 20.57484 0.364954 0 0.0
0.002441109 0.04026327 -1.590273 -0.9455145 0.9691259 0.6500518 -0.4658035 19.68659 0.5534096 0 0.0
-0.02436276 0.005755251 -2.071457 -0.1042638 2.517645 1.191435 0.6129411 19.47692 nan 0 0.0
0.01473679 0.03288051 -0.4840748 -1.290655 0.7833901 0.5255796 -0.3593679 19.48148 0.6870594 0 0.0
-0.005726913 0.02855223 -1.258902 -1.732019 2.026195 1.55148 -0.4383549 20.65138 0.5370712 0 0.0
0.01908364 0.02107825 0.3354935 -0.7285265 1.306298 0.9187689 -0.3263621 20.18018 0.5344715 0 0.0
-0.1242471 -0.08972532 12.68669 1.384221 1.412728 0.9296128 -0.5216306 20.14678 1.966194 1 0.0
-0.01140857 0.04727503 -1.272916 -0.7800836 2.581123 1.932292 -0.2312499 20.84137 0.7946854 0 0.0
-0.04846433 0.05609506 -6.595707 1.735995 3.066122 1.958699 -0.3729902 20.84046 1.299995 0 0.0
-0.009417744 0.04448446 0.8526144 -0.4074889 1.84199 1.242638 -0.3574033 20.62649 0.5303898 0 0.0
-0.02474879 0.05243384 2.634678 -2.4631 1.870033 1.220986 -0.4110696 20.61405 0.5713005 1 0.9969677
-0.05268225 -0.00585824 -2.33371 -1.300757 0.9373727 0.5988762 -0.4548485 19.49037 0.7027092 0 0.0
-0.04415443 -0.02762339 -1.464847 -1.719213 1.035265 0.7424553 -0.4212596 19.88036 0.4893761 0 0.0
0.02451514 0.05390056 -1.117837 0.6792533 1.887903 1.270262 -0.3127471 20.5891 0.4901791 0 0.0
-0.03704715 -0.03795519 -0.7444577 -2.714569 2.189138 1.364219 -0.1786519 20.43241 0.7210464 0 0.0
-0.005261833 0.0281345 1.405234 -1.677956 1.757827 0.9777383 -0.3380132 20.35469 0.3268967 0 0.0
-0.08915145 -0.02729006 1.112345 -1.848527 1.491498 1.002178 -0.5146914 20.24416 0.4341125 0 0.0
0.001219865 0.1072188 0.3097706 -1.97484 1.186619 0.7815045 -0.338755 20.0664 0.5770016 1 0.9966777
-0.04715076 0.02253874 -4.773939 -2.138419 1.537526 1.027047 -0.4532523 20.17374 0.5205269 0 0.0
-0.09517312 -0.0323281 -2.876634 0.05245446 1.283412 0.8528366 -0.4933559 20.06821 0.6368313 1 0.9881603
-0.06587162 0.02179695 1.379398 -0.9285278 1.493365 0.9949444 -0.4826229 20.25664 0.4779072 0 0.0
-0.04480637 0.09779635 -0.762574 -0.8841255 0.6962655 0.4431706 -0.3792561 19.16568 0.8540497 1 0.9989855
0.01226607 0.03247788 -3.037898 -0.9436569 2.433113 2.004384 -0.1417326 20.85039 nan 0 0.0
-0.04343694 0.05346545 -0.6541721 -1.413625 1.467993 0.957929 -0.4449088 20.25132 0.6819515 0 0.0
-0.02880764 0.1154417 -0.8767067 -0.8988919 1.181944 0.7740494 -0.3775521 20.01221 0.6569386 0 0.0
0.001016989 0.01703748 1.633892 -0.2495421 1.713439 1.215019 -0.3559354 20.55991 0.3943825 0 0.0
0.05231696 0.04716976 -3.640991 -0.2795557 2.354192 2.143417 -0.174749 20.92306 0.7775383 0 0.0
-0.09061247 0.1022291 -2.990721 -1.949105 1.42634 0.9572479 -0.4320553 20.20604 0.452219 1 0.8947839
-0.061587 0.09716617 -11.33965 -3.166253 0.6524939 0.4401531 -0.4325693 19.15143 1.439632 1 0.0
-0.001366744 0.01931485 0.933172 -0.2289637 2.08508 1.776724 -0.541037 20.59795 0.604105 0 0.0
0.0005081976 0.03979214 -0.5419768 -10.27134 1.647639 1.294298 -0.42776 19.40879 nan 0 0.0
-0.02601758 0.02152544 1.345067 -2.205647 1.134846 0.7747906 -0.4434705 19.9112 0.6995716 0 0.0
-0.006280296 -0.002484131 -0.571436 -0.7505616 0.9566822 0.9674656 -0.1755779 19.45881 nan 0 0.0
0.003880714 0.002366189 3.703099 0.5401591 2.38267 1.609763 -0.4460389 20.62338 nan 0 0.0
-0.01901536 -0.01155077 0.1665204 -0.8324972 1.599543 1.091571 -0.4422925 20.40106 0.2156467 0 0.0
-0.0003493079 0.01639851 -3.310609 -5.487694 2.837718 1.749668 -0.4659591 20.57023 0.1876984 0 0.0
-0.03776191 0.02014661 -0.1691195 -1.606359 0.2184324 0.1484327 -0.3423921 17.30795 0.9572144 1 0.9998733
0.02418431 0.02870444 -0.6380018 -1.477517 0.6658737 0.463862 -0.3152037 19.26339 0.6738186 0 0.0
-0.07082763 0.02257322 -0.2632007 -2.196103 0.9597596 0.6220605 -0.4600963 19.65986 0.6686268 1 0.9981386
-0.04134521 0.04958732 -2.308002 2.674532 3.321204 2.72631 -0.4200217 20.94703 1.022594 0 0.0
0.0009152581 0.01425847 0.9666597 -2.772239 2.307677 1.507613 -0.4570944 20.67801 0.3758965 0 0.0
-0.04015434 -0.01884862 -1.473044 0.5262866 0.9418308 0.6590888 -0.4347235 19.71731 0.6477909 0 0.0
-0.01779287 0.002084741 -0.1045049 -1.293952 0.8893194 0.5920425 -0.4260331 19.61134 0.5697002 0 0.0
0.02279363 0.1065927 -0.7301634 -2.489283 1.270635 0.8438736 -0.311299 20.18971 0.556675 1 0.9897282
-0.03195012 0.008129183 -0.8330404 -2.125541 0.9425855 0.6383811 -0.4378773 19.6979 0.4762249 0 0.0
0.0269765 0.1140872 -2.087384 -1.075621 0.83247 0.5081412 -0.3008054 19.46768 0.6024399 1 0.9905386
0.002208857 0.01763067 0.1893314 -2.285717 2.028272 1.413414 -0.4430505 20.62771 0.437355 0 0.0
-0.003879736 0.09042462 0.001801918 -1.757825 1.244677 0.8103371 -0.3429827 20.0806 0.6547318 1 0.9981574
-0.02955987 0.04681743 -1.245493 -1.288828 1.120886 0.7284636 -0.3987773 19.93246 0.6052322 0 0.0
-0.005494423 0.02670209 -2.571632 -0.3597593 2.95355 2.356024 -0.5496606 20.89412 0.5642624 0 0.0
-0.0003201816 0.04778202 0.7632184 -0.6720825 1.984637 1.319915 -0.4905725 20.56109 0.4838314 0 0.0
0.01893756 0.02804959 -3.352122 1.728883 1.366969 0.9787015 -0.2972724 20.25749 0.6344166 0 0.0
0.01347328 0.02046739 -1.20846 -0.478409 1.233702 0.8809169 -0.3284023 20.13198 0.7798481 0 0.0
-0.1284076 0.09187815 -12.05704 -2.902493 1.35102 0.8654513 -0.4573286 20.13828 1.792679 1 0.0
0.01399454 0.04599157 0.8630961 -1.979249 2.441189 2.714353 -0.5006647 20.81095 0.4471207 0 0.0
0.01970605 0.04463788 -1.202285 0.347952 1.512155 1.091815 -0.335497 20.44078 0.4126644 0 0.0
0.004462011 0.008523124 0.7248772 -3.462992 2.309807 1.550533 -0.2617082 20.67985 0.287466 0 0.0
0.02704822 0.02415201 -1.284139 -1.66308 1.09111 0.8513787 -0.3555724 19.92593 0.4789066 0 0.0
0.01453444 0.01903124 -0.194313 -1.24409 0.2487151 0.1732875 -0.307509 17.57217 0.9205189 1 0.999987
0.007311095 0.006650201 -4.881063 -1.936355 1.393255 0.9942629 -0.237945 20.29841 0.5136032 0 0.0
-0.0068458 0.03485605 -0.3625566 -0.8324862 1.095119 0.7465919 -0.3790037 19.96922 0.5986576 0 0.0
-0.09610442 0.02049261 1.308237 -2.227138 0.8710086 0.5715248 -0.463045 19.51524 0.656332 1 0.9947434
0.02585289 0.04841712 -4.535446 1.612368 2.388672 1.569491 -0.4076191 20.76725 0.573473 0 0.0
-0.005219064 -0.0005195958 7.344836 -1.930261 2.747407 2.190905 -0.3167289 20.52792 0.4021225 0 0.0
0.01667079 0.02206983 1.167669 -1.247783 1.289519 0.9142653 -0.376651 19.93969 0.5145531 0 0.0
-0.08100765 0.1060163 -9.032414 -5.519848 0.4910677 0.3370772 -0.3743622 18.75176 1.424976 1 0.0
0.0003193309 0.003193936 0.5994229 -0.6793864 1.565974 1.10558 -0.3504805 20.41266 nan 0 0.0
-0.005974967 -0.0007026777 0.08818663 -0.3550452 0.6982129 0.4810766 -0.3294362 19.09096 0.6838303 0 0.0
-0.02806702 0.02118052 -6.131543 8.334016 3.139938 3.289397 -0.3115522 20.86219 0.829937 0 0.0
-0.005493858 0.04511754 -2.016923 -1.489341 2.659566 2.085465 -0.2736704 20.90349 0.4442978 0 0.0
-0.02277343 0.04443416 3.749758 -3.434188 2.659856 2.109788 -0.3502459 20.93013 0.5500698 0 0.0
-0.07982339 0.02517671 -1.184628 -0.6419607 1.620212 1.022132 -0.4786148 20.35413 0.6630325 0 0.0
-0.006105935 -0.004797751 4.17287 -1.827197 1.23705 0.9382487 -0.332692 20.07775 0.3615646 0 0.0
-0.03314022 0.01808576 0.005952612 -1.004923 0.3931828 0.2709219 -0.4110439 18.42308 0.9012146 1 0.9998934
-0.1044774 0.09358877 -12.19582 -0.3251722 0.3832575 0.251582 -0.3785103 18.25624 1.493212 1 0.0
-0.005713439 -0.004763431 -0.1849042 -2.278132 1.240388 0.8709164 -0.3186876 20.08361 0.5419121 0 0.0
0.004360165 0.01249041 -1.373664 -2.350069 3.774299 3.49169 -0.5644652 20.9968 0.08560371 0 0.0
0.005813507 0.01869124 -0.5219017 -2.073289 1.102944 0.7168236 -0.3149301 19.843 0.4261818 0 0.0
0.0082105 0.04642036 -1.141681 -1.371728 1.093973 0.7438965 -0.3394433 19.97868 0.5329075 1 0.9994889
0.008415896 0.005118648 -1.907727 1.005 1.502717 1.034917 -0.3517228 20.32124 0.4933033 0 0.0
-0.02202084 0.01908922 0.1169964 -3.702515 1.281252 0.9487007 -0.4989804 20.09613 0.5616035 0 0.0
-0.004069992 0.02987397 -2.892702 0.001228268 1.56088 1.002798 -0.3807625 20.36662 0.501215 0 0.0
0.00579913 0.01379507 1.133297 -2.152032 1.918764 1.504768 -0.3251582 20.55437 0.5570107 0 0.0
-0.02168324 0.0462689 1.650368 -0.4257636 2.358292 1.805861 -0.3842776 20.77918 1.00371 1 0.9976321
0.0009878432 0.03083905 1.192659 -1.028104 3.272551 2.23658 -0.3830006 20.94746 nan 0 0.0
0.0008717017 0.004071319 -0.6772501 -0.6277952 0.7342892 0.5100473 -0.3616746 19.28175 0.6577244 0 0.0
-0.03117355 0.04360573 6.509833 -2.717536 3.912551 2.077013 -0.2739905 20.94857 0.5857048 0 0.0
-0.03809135 -0.02550571 -0.3034643 -1.090825 0.8952215 0.6621035 -0.4598727 19.56379 0.2610149 1 0.9997661
-0.001177671 0.03754719 -0.6962037 -1.911733 1.813895 1.181169 -0.3824911 20.58477 0.3151684 0 0.0
0.02251386 0.02092034 0.2826862 -1.393059 1.406277 0.9697868 -0.3242504 20.28442 nan 0 0.0
-0.01503115 -3.266849e-05 1.033894 0.7686019 1.437959 0.9740257 -0.4044964 20.21422 0.6122398 0 0.0
0.006671173 0.01586267 -0.2271679 -1.287924 0.1844562 0.1317907 -0.2770251 16.82327 0.1486664 1 0.9999933
-0.002660425 0.01414023 -0.3759557 -0.6688498 1.556263 1.030564 -0.4798153 20.29118 0.4994259 0 0.0
-0.01520535 0.0027845 -6.819204 1.056814 1.484488 0.8747619 -0.473499 19.84857 nan 0 0.0
-0.05976484 -0.01521729 -0.4828499 -1.1043 0.1115053 0.0781632 -0.3907491 16.10351 0.9638042 1 0.9999713
-0.02149467 0.04336589 -2.285302 -3.38931 3.945281 2.100676 0.008813163 20.86793 0.6893787 0 0.0
-0.005188977 0.03450314 -0.5907277 -0.9390318 0.6063377 0.4165888 -0.3845382 19.14512 nan 0 0.0
-0.005000739 0.009429128 1.696345 -2.703504 2.226473 1.413338 -0.4153217 20.70679 0.5857124 0 0.0
-0.04521352 -0.01873488 -0.5620678 -0.8986653 0.2362875 0.1733065 -0.4737911 17.47629 0.9489746 1 0.9999007
0.003386138 0.02056991 1.828781 -0.9891011 1.897283 1.363597 -0.4698425 20.59849 0.4483261 0 0.0
0.01361829 0.02487528 -1.760671 -1.775483 1.353203 0.9125665 -0.3268048 20.20275 0.476408 0 0.0
-0.001991515 0.03987226 3.884447 -0.04500225 2.989321 2.572556 -0.4104336 20.97948 0.4407291 0 0.0
0.002688501 0.01841078 1.83259 -0.5772788 0.6925346 0.4729689 -0.3600541 19.03765 0.7796707 0 0.0
-0.02301069 0.00755561 -0.5815705 -1.265913 0.9272409 0.6361313 -0.4012481 19.69611 0.5575542 0 0.0
0.0101454 0.01011599 -0.7137258 -1.168675 0.6616029 0.4552502 -0.3314895 19.22816 0.6487827 0 0.0
-0.02082972 0.01268039 0.7519763 -0.3865342 3.34405 2.121923 -0.3664544 20.94033 0.0106411 0 0.0
-0.05756602 -0.00387882 -0.1452154 -1.285808 0.1471186 0.106919 -0.3290033 16.6339 0.4906559 1 0.9999782
0.002324974 0.03027067 2.726006 -1.053589 2.573936 2.734006 -0.4641683 20.82908 -0.06123543 0 0.0
-0.004709976 0.01132884 -3.167352 -0.9058122 2.565595 2.101268 -0.3347214 20.79947 0.2304077 0 0.0
-0.05937609 0.01735628 0.6327786 -1.384967 1.634814 1.135642 -0.4984773 20.35634 0.4364567 0 0.0
-0.04962102 0.02480915 0.3743502 -2.197069 1.958539 1.51421 -0.3748682 20.60131 0.3870087 0 0.0
0.01156747 0.04764888 4.171054 -1.18827 2.059851 1.175294 -0.2300848 20.56075 0.189579 0 0.0
0.01837858 0.09308436 -0.7489526 -1.260415 0.369588 0.2103063 -0.2489334 17.95768 0.928421 1 0.9997607
0.02421174 0.04078178 0.1377643 0.1337213 1.3448 0.9009503 -0.3821158 20.27332 0.6523342 0 0.0
-0.1177757 0.08681066 -2.197058 -8.964288 0.6801112 0.4468452 -0.4241089 19.192 0.7608547 1 0.0
-0.02929505 -0.02236596 -0.1106969 -1.315653 0.1846378 0.1263951 -0.3871055 17.03183 0.9607677 1 0.9999846
-0.01576504 0.0847719 -3.066822 -5.111704 1.162377 0.7447153 -0.3587715 20.03369 1.402851 0 0.0
0.004926778 0.02225605 9.366109 -4.995 3.538896 2.1892 -0.6108728 20.8413 -0.274538 0 0.0
-0.00889216 0.09277274 -1.09579 -0.9085777 0.7570034 0.4984571 -0.3526007 19.44129 0.6227779 1 0.9990033
