data/gcs/NGC_6779_M_56.ecsv
# %ECSV 0.9
# ---
# datatype:
# - {name: x, unit: deg, datatype: float64}
# - {name: y, unit: deg, datatype: float64}
# - {name: pmx, unit: mas / yr, datatype: float64}
# - {name: pmy, unit: mas / yr, datatype: float64}
# - {name: pmx_e, unit: mas / yr, datatype: float64}
# - {name: pmy_e, unit: mas / yr, datatype: float64}
# - {name: pm_corr, datatype: float64}
# - {name: g_mag, unit: mag, datatype: float64}
# - {name: bp_rp, unit: mag, datatype: float64}
# - {name: filter, datatype: int64}
# - {name: memberprob, datatype: float64}
# meta: !!omap
# - comments: [deg deg mas/yr mas/yr mas/yr mas/yr dimless mag   mag   zeroone float]
# - __serialized_columns__:
#     bp_rp:
#       __class__: astropy.units.quantity.Quantity
#       unit: &id001 !astropy.units.Unit {unit: mag}
#       value: !astropy.table.SerializedColumn {name: bp_rp}
#     g_mag:
#       __class__: astropy.units.quantity.Quantity
#       unit: *id001
#       value: !astropy.table.SerializedColumn {name: g_mag}
#     pmx:
#       __class__: astropy.units.quantity.Quantity
#       unit: !astropy.units.Unit {unit: mas / yr}
#       value: !astropy.table.SerializedColumn {name: pmx}
#     pmx_e:
#       __class__: astropy.units.quantity.Quantity
#       unit: !astropy.units.Unit {unit: mas / yr}
#       value: !astropy.table.SerializedColumn {name: pmx_e}
#     pmy:
#       __class__: astropy.units.quantity.Quantity
#       unit: !astropy.units.Unit {unit: mas / yr}
#       value: !astropy.table.SerializedColumn {name: pmy}
#     pmy_e:
#       __class__: astropy.units.quantity.Quantity
#       unit: !astropy.units.Unit {unit: mas / yr}
#       value: !astropy.table.SerializedColumn {name: pmy_e}
#     x:
#       __class__: astropy.units.quantity.Quantity
#       unit: &id002 !astropy.units.Unit {unit: deg}
#       value: !astropy.table.SerializedColumn {name: x}
#     y:
#       __class__: astropy.units.quantity.Quantity
#       unit: *id002
#       value: !astropy.table.SerializedColumn {name: y}
# schema: astropy-2.0
x y pmx pmy pmx_e pmy_e pm_corr g_mag bp_rp filter memberprob
[from data line 9515]
-0.031969 -0.09778915 -4.018641 -6.33589 1.325574 1.455742 -0.04387811 20.40468 1.429779 0 0.0
-0.01999876 -0.05706473 -1.957368 0.542194 1.05133 1.282083 -0.1757203 19.76071 0.9302673 0 0.0
0.0134398 -0.02572429 0.7733935 3.929598 1.357071 1.49817 0.311217 20.27366 nan 0 0.0
-0.03263439 -0.1136561 -4.912095 -5.874224 0.1547835 0.1818462 -0.001076507 17.52442 1.080128 1 0.0
0.01156762 -0.03672993 -2.011591 -2.05688 1.13326 1.076796 0.4716469 19.63769 0.8443451 0 0.0
-0.005717409 -0.0311896 -2.198698 2.123365 0.7140145 0.9167272 0.2503559 19.76305 0.8815975 0 0.0
0.06262552 -0.06814762 -2.59858 -4.099182 0.5429572 0.715163 0.1117822 19.46276 1.377293 1 0.0
-0.01097435 -0.08207909 -2.087769 -7.923254 1.718246 1.576177 0.5370079 20.44063 nan 0 0.0
0.06263127 -0.07722469 1.314699 1.523158 2.288047 3.414832 -0.2281542 20.83005 1.136274 0 0.0
0.00457364 -0.02226136 -1.749615 1.528447 0.1944521 0.2280408 0.07882668 17.91282 1.1877 0 0.0
0.03426843 -0.0526758 -2.030074 -4.084318 0.2497872 0.3298777 -0.01306352 18.39632 1.152874 1 0.0
-0.02736628 -0.06874737 -4.099831 -4.073032 0.654369 0.767752 -0.02805692 19.62584 1.0093 0 0.0
-1.75226e-05 -0.03527149 -1.897587 1.849553 0.1194993 0.1308932 0.07666762 16.84902 0.3709774 1 0.9995545
-0.03835947 -0.09825608 -3.666825 -5.161386 0.9465442 1.227483 0.1332603 20.32512 1.028244 1 1.857145e-06
0.08525316 -0.07319085 -7.89408 -4.222296 1.329724 1.515329 -0.1192882 20.43651 1.084124 0 0.0
0.02505188 -0.03297949 -1.593565 2.783318 1.249679 1.334784 0.4000829 20.29157 0.9189243 0 0.0
0.01747648 -0.02281114 -0.4689359 2.276575 0.4149409 0.4625054 0.2330749 18.83401 0.7531815 0 0.0
0.08706673 -0.03418971 -3.967339 -3.892625 0.3000125 0.4109515 0.1799637 18.79338 1.169838 1 0.0
0.01325608 -0.03303518 -2.384292 2.252616 1.05812 1.069579 0.2836847 20.06675 0.8520813 0 0.0
0.0879984 -0.07282985 -2.04245 -2.4404 2.184072 2.529577 -0.04918768 20.80468 1.521713 0 0.0
0.005236991 -0.09206262 0.9901599 4.963616 1.738104 2.164769 -0.08048649 20.63624 0.4233303 0 0.0
0.00568194 -0.02379862 0.5698533 -5.871524 1.379975 1.33564 0.4852542 19.71085 1.119442 0 0.0
0.001275966 -0.06663782 -2.440412 1.803515 0.9658187 1.138934 0.1569732 20.11879 0.8577747 0 0.0
-0.002129356 -0.06664543 -1.639696 1.233784 0.2021498 0.2310592 0.08037966 17.9927 1.198009 1 0.9761138
-0.01025986 -0.06634356 -0.01444536 -2.965986 0.9369315 1.077244 -0.08726625 20.09995 1.226496 0 0.0
0.002647542 -0.02517967 -1.976091 1.565858 0.06790887 0.07521987 0.07500991 15.96494 0.7229443 0 0.0
0.01188699 -0.05907066 -0.466436 -2.943524 0.3612334 0.3949664 0.1826918 18.74759 1.197584 1 0.0
0.06271165 -0.07907858 -1.338704 -3.461798 1.376047 1.746722 -0.2447826 20.48752 0.9043617 0 0.0
0.0009326765 -0.05416567 -3.072138 -2.261769 1.437452 1.408214 -0.007803689 20.33702 1.492601 0 0.0
0.009563799 -0.05537066 -4.27919 -5.712716 0.03599042 0.03941686 0.03414414 14.40644 1.729367 1 0.0
-0.009148668 -0.03950156 -3.013676 -6.639162 0.5888158 0.7435782 0.1812478 19.60189 1.156862 0 0.0
0.07614075 -0.06728553 -2.303884 -6.264258 1.144743 1.517584 0.1162912 20.38111 1.002945 0 0.0
0.03073005 -0.04763204 -5.324607 -2.287345 1.687352 1.598588 -0.08019073 20.49668 1.090557 0 0.0
0.01684358 -0.02496846 0.0775935 4.263609 0.9969111 1.173526 0.5011189 19.94822 nan 0 0.0
0.1084262 -0.06790571 -4.530359 -9.412507 0.2256947 0.2747669 0.2145077 18.33773 1.112288 1 0.0
-0.03611384 -0.09526621 -4.903143 -8.473096 0.6527264 0.8079456 0.1144725 19.8034 1.965481 1 0.0
0.020309 -0.06754363 -2.13135 1.76407 0.5103537 0.6565858 0.1428516 19.45495 1.049675 1 0.9927867
0.04013406 -0.06778169 -4.587748 -6.321235 0.4983675 0.6341019 0.1798529 19.34431 1.088928 1 0.0
-0.005904343 -0.06823028 -1.596237 0.3692599 2.030563 2.488222 -0.07590501 20.65511 0.8701515 0 0.0
0.03767086 -0.0463517 -2.738296 -3.084742 0.8558893 1.111548 0.1350784 20.15142 0.9472771 0 0.0
0.01697783 -0.0384038 -2.682507 1.546957 0.4957975 0.6375061 0.1780247 19.27017 0.8985214 0 0.0
-0.006221223 -0.06981718 -1.762528 -6.936493 0.5427987 0.7418587 0.2046448 19.40779 1.038021 1 0.0
0.0002464179 -0.05364497 1.731324 -1.180388 2.733188 3.135352 -0.09445201 20.8525 0.6643295 0 0.0
-0.01581333 -0.1285223 -1.953089 0.9995445 0.5105071 0.6450963 0.1131649 19.34659 1.023476 0 0.0
0.01154113 -0.03587735 -0.06916074 1.665284 1.087032 1.187425 0.3676217 20.18082 1.105282 0 0.0
0.002912683 -0.06833723 -2.317399 -7.166649 0.3903191 0.4444335 0.1471684 18.97751 1.387442 1 0.0
-0.01153424 -0.1288414 -3.396963 -4.851087 0.1662141 0.1876303 0.04111183 17.675 1.155567 1 0.0
-0.03024098 -0.05983349 -4.407204 -5.491404 1.000489 1.200663 -0.1204547 20.14985 1.43045 0 0.0
0.07772339 -0.0657031 -1.916317 -3.589284 0.4079058 0.5519532 0.1477905 19.11858 1.49148 0 0.0
0.03049072 -0.1274317 0.1840168 -8.207959 0.4294034 0.5626828 0.0977947 19.25517 2.258196 1 0.0
-0.01826614 -0.1083078 -4.050866 -5.735103 0.4591617 0.5457633 0.1598327 19.03825 1.128355 1 0.0
0.008534448 -0.05591625 -1.944933 1.133229 0.5896835 0.751747 0.2025403 19.54756 nan 0 0.0
0.005446585 -0.06226222 -1.515537 -5.488318 0.5861374 0.7371131 0.1058104 19.31394 1.17116 0 0.0
0.114225 -0.0603041 -2.438617 -1.99261 1.05443 1.324421 0.1445471 20.45551 nan 0 0.0
0.001275832 -0.05624277 -1.552244 -5.56577 0.6772747 0.8388566 0.1008473 19.48733 0.8180523 0 0.0
0.008586857 -0.05154079 0.4462818 8.424469 3.37828 3.124339 0.09067221 20.64047 nan 0 0.0
0.00159257 -0.05606348 -1.024791 -0.6336636 1.023488 1.923637 -0.1838291 20.02906 nan 0 0.0
-0.004848049 -0.06082792 -1.864632 -7.103477 0.1327579 0.1502312 0.05445842 17.2488 1.258856 1 0.0
0.01090807 -0.03852291 -0.5090087 2.527154 0.7292179 0.9312617 0.2507355 19.86468 1.175756 0 0.0
-0.03513593 -0.0927069 -2.83566 -3.609658 0.4406751 0.4830833 0.08293702 19.03383 0.9993267 1 0.0
0.02400002 -0.04816987 -3.736539 -0.8227892 1.993072 1.80444 0.04792093 20.53044 nan 0 0.0
-0.007595421 -0.08889055 -4.452136 -6.777225 0.2970972 0.3235547 0.1093765 18.10626 1.133986 0 0.0
-0.03152852 -0.124227 -1.919911 -6.716774 0.5714834 0.8066681 0.06648882 19.59455 1.115625 1 0.0
0.0001409471 -0.1285484 0.9755081 -2.322122 0.2005608 0.2184774 0.06418309 17.93208 1.139441 1 0.0
-0.01719937 -0.04852415 -2.819373 4.630915 0.5391735 0.8036986 -0.02105451 19.00701 0.6670094 0 0.0
0.03289468 -0.04892261 1.486832 -1.200991 3.004331 2.440049 0.1221338 20.85277 0.5755386 0 0.0
-0.01912822 -0.05965889 -6.732677 -6.597996 2.410912 2.773076 -0.206619 20.87235 1.455709 0 0.0
-0.01876327 -0.08385366 -3.700924 -5.258097 0.2851436 0.3340769 0.03177265 18.56273 0.969429 1 0.0
0.01419065 -0.1093995 -3.669486 -8.007997 0.2401835 0.2818044 0.03391859 18.32904 1.216656 1 0.0
0.07028779 -0.07768683 -1.378884 1.866604 0.6409669 0.7514217 0.2660628 19.54296 0.979414 1 0.9575707
-0.01918457 -0.0780171 -1.842369 1.426173 0.2324088 0.2759159 0.04552144 18.2367 1.186668 1 0.9959027
0.0922008 -0.07806168 -2.052636 2.072796 0.4864059 0.5755834 0.1589058 19.18557 1.00176 1 0.9808027
0.009722416 -0.05789216 -0.347566 -4.521265 0.117694 0.1356848 0.04006582 17.08475 1.094492 1 0.0
0.01539309 -0.02992399 -1.448487 0.6616803 0.4359916 0.5307166 0.09311498 18.95952 1.129505 0 0.0
-0.05292127 -0.1205596 -0.3902792 -7.115031 0.4716215 0.6496162 -0.04625684 19.06096 1.512285 1 0.0
-0.0122386 -0.05748561 -4.284035 0.9320706 0.9441597 1.111319 -0.07415488 20.14284 1.37166 0 0.0
0.007955401 -0.07631538 -1.616754 2.177928 1.007219 1.270472 0.1049704 20.32511 0.8389759 0 0.0
0.0856602 -0.08593539 -4.541492 -4.990358 0.1674805 0.1953746 0.04224832 17.67816 0.9445629 1 0.0
-0.04509872 -0.1106319 -3.384327 -8.651598 0.36397 0.437909 -0.004080824 18.83104 1.580229 1 0.0
-0.0008891923 -0.1261794 -0.547678 -4.503641 0.4885853 0.6367023 0.08561982 19.38453 1.209307 1 0.0
-0.01329186 -0.03849973 -1.87343 2.283144 0.4445608 0.6253252 0.1613552 19.1972 0.9678516 0 0.0
-0.023985 -0.05933358 -3.192129 0.9778451 3.334065 2.569341 0.1851305 20.81353 0.9727383 0 0.0
-0.005323983 -0.07568804 -1.631349 -0.2362775 1.528919 2.011008 -0.03265275 20.62209 0.6485405 0 0.0
-0.03188161 -0.07245008 -3.320189 -10.48637 0.1139308 0.1279695 0.06126439 17.01389 1.128473 1 0.0
-0.0505439 -0.1200496 0.2886444 -7.035166 0.4568455 0.6165237 0.01413041 19.23564 1.435982 0 0.0
-0.05157497 -0.1219603 -3.076086 -2.124476 0.8828047 1.180811 -0.05803811 20.11792 1.586679 1 0.005824561
0.02188799 -0.04546574 -2.008261 2.203757 1.783159 1.702533 0.02759913 20.441 1.098526 0 0.0
-0.03460603 -0.08756107 -4.413602 -7.52916 1.226426 1.632432 -0.002855592 20.48201 1.6194 0 0.0
0.03406589 -0.07764305 -4.794228 -5.7893 0.2422464 0.2781485 0.07559255 18.21956 1.172754 1 0.0
0.04480278 -0.0595037 -1.580218 -1.381303 0.8574711 1.084295 0.06008838 20.09602 1.138018 0 0.0
-0.01743731 -0.0508053 7.546693 -4.051514 0.7728744 0.9321323 0.1115775 19.89764 nan 0 0.0
-0.02596362 -0.05527043 0.09670647 0.9716599 2.516913 2.920722 -0.1903743 20.95846 nan 0 0.0
-0.01772773 -0.05131832 0.4322069 -0.127524 0.3763384 0.4624712 0.07298446 19.00282 1.262074 1 0.0
0.006499428 -0.01636945 -4.249947 4.834637 0.6104552 0.73745 0.3709437 19.37201 0.9239826 0 0.0
-0.01094295 -0.03697796 -4.368807 -14.20854 0.2973402 0.3451005 0.09048346 18.38827 1.104961 1 0.0
0.02967794 -0.05960287 -1.392594 3.267739 0.8009898 1.010718 0.2392845 19.8125 1.093327 1 0.9830075
-0.004085402 -0.1297251 -2.297818 -6.420623 0.6138955 0.7459767 0.1858313 19.63686 2.345978 1 0.0
0.03167925 -0.1270918 -1.758974 -3.482275 0.484377 0.6449169 0.08664383 19.38188 1.164066 1 0.0
0.06661402 -0.1108543 -2.244811 -3.240418 1.107902 1.455084 -0.1543523 20.35607 0.972723 1 0.003040423
0.03914885 -0.04639881 -2.0171 1.612951 0.2231448 0.2713439 0.06396985 18.18619 0.1207314 1 0.9988791
0.004472824 -0.1267477 -2.526331 -3.267365 0.5962778 0.8173692 0.1904666 19.57973 1.165836 0 0.0
0.03761651 -0.04226428 -6.252146 -1.887074 1.042363 1.502652 0.06889089 20.18962 0.8383636 0 0.0
0.03714691 -0.1270098 -7.900143 -11.59994 0.6866038 0.859182 0.1408143 19.54118 1.78953 0 0.0
-0.03919597 -0.07680191 -0.2863252 2.035146 0.4161945 0.4257138 -0.02503457 18.87224 1.385479 1 0.08864416
0.01259619 -0.03175544 -1.303587 2.265498 1.653485 1.641441 0.4453652 20.51877 1.009335 0 0.0
-0.02172679 -0.1131995 -4.961925 -14.02808 0.5609022 0.6905676 0.1543344 19.45199 2.256096 0 0.0
0.07558713 -0.03377766 -4.649383 5.201594 1.962942 2.463764 0.04785868 20.80112 0.5816631 0 0.0
0.04395459 -0.1109624 -2.953165 -3.553146 0.8862226 0.9989224 0.06763215 19.97843 1.304335 0 0.0
0.07187389 -0.08050093 -3.083662 -3.797556 0.5778956 0.7689497 0.1169964 19.55838 0.9375343 1 0.0
0.006849553 -0.1192136 -3.117973 -6.11879 0.03605333 0.03958978 0.01433123 14.6182 1.534505 1 0.0
0.07588376 -0.07638759 -2.234301 -3.187193 0.6325081 0.7838405 0.2282717 19.62804 1.083645 1 0.0
0.02535332 -0.07642879 -5.695635 -4.246205 2.295684 3.014804 -0.2070687 20.8073 1.414406 0 0.0
0.08790831 -0.03096363 -1.545803 -9.774343 0.3671808 0.5483907 0.2415053 19.07071 1.588932 1 0.0
-0.0364524 -0.08246779 -2.411731 1.673033 0.5442441 0.6436819 0.1148868 19.47643 0.7523956 0 0.0
0.009060772 -0.03875961 1.336549 5.608808 1.891305 1.861258 0.5806528 20.49659 0.5629005 0 0.0
0.002542683 -0.05186157 0.1831808 -7.262981 1.657258 1.737393 -0.007734365 20.54033 1.118782 0 0.0
0.07467009 -0.07737271 -2.742683 -6.963131 0.1829785 0.2111762 0.005846366 17.41827 1.244291 0 0.0
0.0091468 -0.1128562 -2.91757 -4.690053 0.4168543 0.534735 0.1411783 19.12319 1.066288 1 0.0
-0.01749102 -0.05603142 -2.208561 -6.954304 1.399167 1.39711 -0.003265597 20.46413 1.69367 1 0.0
0.01643723 -0.1201947 -2.05188 -7.667422 0.4846975 0.5820107 0.1934635 19.28213 1.732235 1 0.0
-0.03600321 -0.08149521 -1.414963 1.244318 0.7512327 0.9065104 0.2087955 19.91393 0.824688 1 0.9279537
0.02473876 -0.04709776 -4.327308 7.686521 3.612864 3.635385 -0.1391279 20.92626 0.6867943 0 0.0
0.08734776 -0.08340858 -0.9590756 -6.425499 0.9014694 1.102673 0.02864434 19.95518 0.8823261 0 0.0
0.01154086 -0.03355611 -1.970661 -0.03744004 0.6425362 0.6745052 0.4069143 19.30612 0.9966221 0 0.0
-0.004239698 -0.03206133 -1.662909 1.428048 0.4071608 0.4722679 0.1482755 17.90726 1.144861 0 0.0
0.09735445 -0.03008691 -3.419489 -4.336262 0.8355449 1.046003 0.2146482 20.19505 0.9420967 1 1.727354e-06
0.009748011 -0.0497802 -1.659103 1.888269 2.523351 2.098583 0.188097 20.72381 0.892355 0 0.0
-0.02455659 -0.1289115 -2.46798 -3.486541 0.1944733 0.2297088 0.001172236 17.85967 1.184855 1 0.0
-0.0036863 -0.05246616 -2.845056 -0.9505318 1.439151 1.495203 -0.01584023 20.46752 1.213604 1 0.564098
-0.005986369 -0.1149908 -2.149247 -4.616811 0.2422145 0.2876573 0.007487905 18.30931 1.371265 1 0.0
0.05031766 -0.1076921 -3.598175 -6.439663 0.4507615 0.5619304 0.1772397 19.13973 1.160707 1 0.0
-0.005929604 -0.0492846 5.780352 4.969265 2.535684 3.104453 -0.1735757 20.91352 1.014145 0 0.0
0.02550765 -0.06066643 -1.698981 1.644797 0.1595767 0.1853867 0.1539971 17.4991 1.243467 1 0.9970444
0.09375648 -0.07597739 -3.146224 -6.737668 0.2373587 0.2657938 0.09413003 18.31829 1.007399 1 0.0
0.06285756 -0.1009577 -2.140622 -4.627636 0.592292 0.7834474 0.1312044 19.53359 1.527262 1 0.0
0.0180829 -0.02026663 -2.614221 2.926463 1.337227 1.56236 0.5739601 20.27483 0.8754082 0 0.0
0.07419345 -0.1106658 -4.956451 -6.843429 0.4002164 0.4504217 0.02732845 18.7832 1.589331 0 0.0
0.04689032 -0.119937 2.700627 0.3706252 0.05373869 0.05621966 -0.1272697 15.39651 1.235615 1 0.0
-0.05178411 -0.1178327 -2.951728 -3.204173 0.6947196 0.9489933 0.0571869 19.78162 1.115856 1 1.302858e-05
0.06092281 -0.04672154 -3.863484 2.45925 0.6780721 1.026081 0.03136418 19.83147 nan 0 0.0
0.04522598 -0.1191119 -1.185761 -5.401246 0.5924832 0.6272374 0.0633192 19.1987 1.920006 1 0.0
-0.06244377 -0.1010418 -2.339109 -4.446165 0.09339888 0.1081768 -0.09120457 16.45676 1.428227 1 0.0
0.04694816 -0.07489118 -3.919818 -9.629101 0.1441028 0.1798507 0.09057497 17.05731 1.118059 0 0.0
-0.03714001 -0.08555552 -2.296533 -5.60107 0.2653679 0.3097939 0.06697666 18.39564 1.204754 1 0.0
0.07292704 -0.07655194 -1.819153 -6.615237 0.5774263 0.7719256 0.1188188 19.62738 1.088509 1 0.0
0.01011698 -0.04452733 17.57672 3.91923 2.59368 3.002886 -0.06743807 20.71204 0.6473122 0 0.0
0.09314375 -0.07012813 -2.023733 2.338842 0.8790846 1.313094 0.1178627 20.25501 0.8853188 1 0.918348
0.02825729 -0.0761686 -2.138617 1.997941 0.5982056 0.7364803 0.2205688 19.58056 0.975626 1 0.9889362
0.009879509 -0.04509384 2.755926 -0.2462302 3.096924 3.041333 0.05962345 20.87767 1.23811 0 0.0
0.0458321 -0.1161896 -2.421242 -4.924136 0.09028815 0.09138095 -0.04171251 16.25903 1.555124 1 0.0
0.02756895 -0.06923559 -6.241502 -7.484659 0.348003 0.414838 0.07530966 18.90362 1.225779 1 0.0
0.04409304 -0.1253284 -6.281056 6.489093 2.43938 4.494758 -0.157983 20.90949 2.096457 0 0.0
0.08887221 -0.07575112 -2.882882 -7.038859 0.1567225 0.1853318 0.04181476 17.58935 1.202784 1 0.0
-0.01846575 -0.04592611 -1.997725 0.5124763 0.4632598 0.5472985 0.2236335 19.17959 0.9256592 1 0.9449027
0.04342539 -0.1086814 -2.756388 -5.772393 1.835919 1.581958 -0.03272291 20.59964 1.981026 0 0.0
0.02225642 -0.04077358 21.37923 8.281132 3.174717 2.852242 0.1658938 20.56753 nan 0 0.0
-0.01459042 -0.07529229 -2.441051 -4.448096 0.2835473 0.3377944 0.07926392 18.60446 1.401777 1 0.0
0.007345886 -0.0453382 -5.951504 -1.2575 2.737063 2.036494 0.3109289 20.68601 0.872324 0 0.0
0.003175243 -0.02411726 -3.195837 1.043895 1.283402 1.273798 0.2514702 19.74451 0.7817192 0 0.0
0.0106448 -0.04438422 3.045172 7.797365 3.08978 3.995684 -0.1370061 20.88041 -0.1398964 0 0.0
0.01299173 -0.02959436 -1.951433 2.038722 0.1715484 0.2024286 0.06028316 17.70457 1.240633 1 0.9990655
-0.009835978 -0.05108291 -1.680745 2.417089 0.8852919 1.158108 0.09253613 20.03065 1.109604 0 0.0
0.01629246 -0.04310362 0.3727463 11.11186 2.546448 4.031617 -0.2021388 20.83239 0.9539585 0 0.0
0.01325556 -0.02921286 -2.242567 0.2212576 1.627207 1.281849 0.3926723 20.10735 nan 0 0.0
