data/gcs/NGC_6838_M_71.ecsv
# %ECSV 0.9
# ---
# datatype:
# - {name: x, unit: deg, datatype: float64}
# - {name: y, unit: deg, datatype: float64}
# - {name: pmx, unit: mas / yr, datatype: float64}
# - {name: pmy, unit: mas / yr, datatype: float64}
# - {name: pmx_e, unit: mas / yr, datatype: float64}
# - {name: pmy_e, unit: mas / yr, datatype: float64}
# - {name: pm_corr, datatype: float64}
# - {name: g_mag, unit: mag, datatype: float64}
# - {name: bp_rp, unit: mag, datatype: float64}
# - {name: filter, datatype: int64}
# - {name: memberprob, datatype: float64}
# meta: !!omap
# - comments: [deg deg mas/yr mas/yr mas/yr mas/yr dimless mag   mag   zeroone float]
# - __serialized_columns__:
#     bp_rp:
#       __class__: astropy.units.quantity.Quantity
#       unit: &id001 !astropy.units.Unit {unit: mag}
#       value: !astropy.table.SerializedColumn {name: bp_rp}
#     g_mag:
#       __class__: astropy.units.quantity.Quantity
#       unit: *id001
#       value: !astropy.table.SerializedColumn {name: g_mag}
#     pmx:
#       __class__: astropy.units.quantity.Quantity
#       unit: !astropy.units.Unit {unit: mas / yr}
#       value: !astropy.table.SerializedColumn {name: pmx}
#     pmx_e:
#       __class__: astropy.units.quantity.Quantity
#       unit: !astropy.units.Unit {unit: mas / yr}
#       value: !astropy.table.SerializedColumn {name: pmx_e}
#     pmy:
#       __class__: astropy.units.quantity.Quantity
#       unit: !astropy.units.Unit {unit: mas / yr}
#       value: !astropy.table.SerializedColumn {name: pmy}
#     pmy_e:
#       __class__: astropy.units.quantity.Quantity
#       unit: !astropy.units.Unit {unit: mas / yr}
#       value: !astropy.table.SerializedColumn {name: pmy_e}
#     x:
#       __class__: astropy.units.quantity.Quantity
#       unit: &id002 !astropy.units.Unit {unit: deg}
#       value: !astropy.table.SerializedColumn {name: x}
#     y:
#       __class__: astropy.units.quantity.Quantity
#       unit: *id002
#       value: !astropy.table.SerializedColumn {name: y}
# schema: astropy-2.0
x y pmx pmy pmx_e pmy_e pm_corr g_mag bp_rp filter memberprob
[from data line 25815]
-0.0041959 0.00246095 -2.413108 -3.635325 0.2360744 0.2027765 0.09613779 15.66754 nan 0 0.0
0.1286134 0.05319587 -3.693238 -2.615692 0.9754328 0.8449622 0.1873159 20.23381 1.078636 0 0.0
0.04996234 -0.04311733 -2.694671 -4.235786 0.3814275 0.4516604 0.5792731 18.78047 nan 0 0.0
0.09379436 -0.02534885 -2.8868 -3.248694 0.2296898 0.2186244 0.2702775 18.42309 1.437445 1 0.04556435
-0.05114086 0.02062662 -4.318735 -3.191494 0.5821904 0.5480592 0.03007972 19.4939 1.022127 0 0.0
-0.1477854 -0.02294504 -5.1705 -6.034567 0.6256627 0.6537076 0.1779524 19.96037 1.285868 1 5.408647e-06
0.09431117 0.03224575 -2.579536 -5.653156 0.06218606 0.05881489 0.1415854 16.11396 1.495145 1 0.0
0.07532596 0.04595193 -3.337243 -2.467034 0.18173 0.1745759 0.1199088 17.95413 1.034435 1 0.9832686
-0.03973976 -0.02282204 -4.736272 -5.018133 0.7627502 0.9824913 0.2554173 20.03409 nan 0 0.0
-0.0882876 -0.02474529 -4.60281 -4.971823 0.336177 0.3457498 0.2214194 19.08955 1.419401 1 0.0
-0.08991193 0.07200201 -0.2157586 -6.552936 1.134377 1.050782 0.1904686 20.1769 1.373055 0 0.0
0.0009179088 0.03594631 -3.517943 -2.472856 0.5525903 0.5620331 0.2199124 19.51673 1.193663 1 0.9688703
-0.009544579 -0.0602677 -2.525918 -3.019184 0.3433676 0.3362043 0.12347 18.91284 1.136024 1 0.4719533
-0.07921475 -0.08830835 -5.853743 0.610152 2.608232 1.991858 -0.162044 20.71983 nan 0 0.0
0.09858555 0.03389233 -3.335854 -4.926984 0.1830592 0.1681554 0.0809435 18.01064 1.453268 1 0.0
-0.1454493 -0.06177688 -2.130354 -8.222439 0.3224973 0.3058547 0.2499031 18.92109 1.24584 1 0.0
0.05948484 -0.001633217 -2.229108 -2.553676 0.479159 0.4652307 0.1614339 19.48296 1.369667 0 0.0
0.1446969 -0.04209178 -4.916845 -8.748957 0.1959092 0.1973048 0.2721434 18.18689 1.171762 1 0.0
0.1227232 0.01080446 -2.771659 -9.719224 2.766644 2.372044 0.465025 20.70886 2.195824 0 0.0
0.07170364 0.07330172 -3.671599 -5.801494 0.2478185 0.2305166 0.144686 18.45943 1.01284 1 0.0
0.04286716 0.0142366 -3.914174 -4.687932 0.09823772 0.09986406 0.1496715 17.06094 1.012623 1 0.0
-0.1314146 0.0334894 -3.288971 -2.664574 0.06390266 0.0658775 0.1945808 16.23671 1.48075 1 0.9790952
-0.147892 0.02019167 -3.276328 -4.480119 0.767711 0.817568 0.2753624 20.11138 1.470285 0 0.0
0.01484616 -0.01830375 -2.731287 -1.919865 0.459731 0.5102958 0.5424099 18.92375 nan 0 0.0
-0.1457814 -0.04469056 -4.568971 -7.149133 0.4499439 0.4522119 0.2578412 19.46798 1.094036 1 0.0
-0.04268127 0.1144505 -3.175996 -2.674221 0.1730031 0.1756305 0.1431202 17.96802 1.172377 1 0.9416859
-0.08607935 -0.1146473 -4.781717 -6.32931 0.7796639 0.8696138 0.4075728 19.4226 1.309273 0 0.0
0.1453259 -0.0006235606 -2.028527 -5.777558 0.1534737 0.1446651 0.1829365 17.70251 1.111378 1 0.0
-0.09875779 -0.09030074 -0.8825509 -6.676974 0.2610311 0.265512 0.1917899 18.68833 1.384769 1 0.0
-0.1344759 -0.001706406 -5.548265 -4.374413 0.67053 0.7165212 0.2499293 20.01001 1.474928 1 0.0188547
0.0273582 -0.01835368 -3.372163 -3.269102 0.3293676 0.3884122 0.1648846 18.76656 0.9342556 0 0.0
-0.004342077 -0.0641837 -3.334959 -2.715739 0.1607212 0.1678136 0.1482247 17.81131 1.053961 1 0.9906975
-0.1439839 -0.004229603 -2.900541 -4.94666 0.6929061 0.658135 0.4110942 19.85653 nan 0 0.0
-0.06556556 -0.002109705 -4.18499 -3.882287 0.7810169 0.8973888 0.1084855 20.10082 1.110695 0 0.0
0.1384768 0.03628169 -1.051662 -7.731539 0.1672394 0.1519823 0.1902712 17.8461 1.262926 1 0.0
-0.05509687 0.0262946 -6.2565 -2.427372 0.3293798 0.36255 0.172177 18.90887 1.511032 1 0.0
-0.08232456 0.05521347 -2.710433 -2.976847 0.3576931 0.3410016 0.1855063 19.01679 1.177025 0 0.0
0.1485469 -0.04927532 -1.094256 1.04192 1.773821 2.677549 0.2873645 20.91199 1.001989 1 0.1311568
0.05734028 -0.06771786 -5.086125 -4.620052 1.387136 1.488157 0.4742368 20.60956 nan 0 0.0
-0.00578422 0.02495627 -1.295092 -2.629711 0.2418623 0.273858 0.04553807 16.96577 1.033951 0 0.0
-0.1008688 0.0534955 -2.441833 -1.752122 1.289508 1.199357 0.2068507 20.55655 0.9695358 0 0.0
0.1472169 0.0505885 -2.766574 -5.556731 0.08341817 0.0763059 0.1560255 16.60397 1.535741 1 0.0
-0.0592261 0.03148208 -3.616003 -2.642577 0.1942439 0.1973913 0.1840488 18.18298 1.085646 1 0.9870326
-0.02375111 0.03850383 -4.560035 -2.397997 0.658234 0.6336966 0.2990524 19.77276 0.8648071 0 0.0
0.003229263 0.01483008 -2.884565 -1.257106 0.2683368 0.2798566 0.3710275 18.19292 nan 0 0.0
0.006637627 0.03289659 0.7129255 -3.791728 0.1022876 0.106454 0.181845 16.63282 1.240739 0 0.0
0.09169918 0.05445347 -1.137121 -3.595479 0.4420348 0.4323439 0.09237734 18.25175 0.9415817 0 0.0
-0.1439002 -0.04159083 -2.624406 -1.675863 1.009739 1.2161 0.3465852 20.50335 1.365763 1 0.3628929
0.0354256 -0.04391828 -2.676623 -6.482694 0.628112 0.6253758 0.2779007 19.73409 1.059145 0 0.0
0.02844719 0.03531356 -4.366986 -4.369309 1.739281 1.618467 0.1437768 20.72488 0.9844913 0 0.0
0.09488984 -0.02068858 -4.07143 -2.30831 1.995728 3.905496 0.4860958 20.87385 1.269983 0 0.0
-0.1153918 -0.06499685 -3.618193 -3.866602 0.776459 0.9360683 0.1620737 19.80838 nan 0 0.0
0.1515326 0.0693511 -3.015148 -5.805622 0.4040145 0.3607164 0.1703678 19.25529 1.235992 0 0.0
-0.02284597 -0.1036509 -2.427136 -3.057762 0.08952644 0.1605296 0.1406863 16.78895 nan 0 0.0
0.008947737 0.04944485 -3.418612 -2.620155 0.2852547 0.2697009 0.1359445 18.61761 1.05389 1 0.9874512
-0.04865388 -0.07096308 -3.830549 -3.007733 0.1861468 0.1927402 0.1396691 18.17639 1.035383 1 0.8116585
-0.01586016 0.09097784 -4.612469 -14.33902 1.805365 1.623026 -0.08216856 20.71441 1.918459 0 0.0
-0.09346776 -0.09069286 -2.936946 -6.123291 0.7833781 0.7683072 -0.01546344 20.12623 1.131094 1 0.0001546455
0.1392019 0.06754564 -2.822682 -3.509727 0.2329503 0.216848 0.1447062 18.45522 1.215811 1 0.0003466105
-0.05561724 0.02515036 -0.5396933 -2.698366 0.3530155 0.3744774 0.0724548 18.91879 1.165316 1 0.0
-0.07062583 -0.01147465 -3.175767 -2.965421 0.21153 0.249473 0.1818078 18.25372 1.368185 0 0.0
0.06653003 0.0104601 -3.811018 -7.436074 0.224844 0.3194459 -0.07592683 18.32915 1.790836 0 0.0
-0.06034216 -0.01971076 -1.507574 -0.7962446 2.221831 2.58673 -0.1155917 20.73943 0.9708672 0 0.0
-0.02377015 -0.0967939 -6.628409 -7.088922 2.043344 1.360332 -0.1209901 20.28848 nan 0 0.0
-0.09093347 -0.001230082 -0.8041795 -4.347006 0.9795094 0.9613328 0.0462923 20.26781 1.18648 0 0.0
0.009180102 0.0258338 -2.857492 -2.298375 0.1656998 0.140163 0.1046389 17.54966 1.080921 1 0.8280433
-0.1221235 0.01893124 -2.757407 -5.183526 0.8017142 0.6778103 0.1818634 19.95615 0.9885616 0 0.0
-0.02461754 0.03961212 -0.8124645 -5.339771 1.75955 1.237653 0.4801797 20.18305 nan 0 0.0
0.02116762 0.03577979 -2.617827 -4.240292 1.848412 1.590464 0.1599787 20.62342 nan 0 0.0
-0.1381124 -0.03203604 -2.137694 -1.746299 2.574011 4.074118 -0.04482676 20.86191 nan 0 0.0
-0.06473983 -0.03383495 -3.042358 -1.551171 0.3327589 0.3555526 0.19186 19.07716 1.003084 0 0.0
0.02956073 -0.05502208 -3.214788 -3.326025 0.2607077 0.2547318 0.2085729 18.59845 1.016661 1 0.6171235
0.1351223 0.0766747 -1.403432 -4.448281 0.3566846 0.3139293 0.1448085 19.04567 1.348091 1 0.0
-0.03104619 0.1097101 -1.741203 -4.494842 0.4750229 0.47153 0.2098032 19.44699 1.208944 1 2.09163e-06
-0.04746732 0.03686852 -3.733904 -2.781908 0.5263483 0.5035893 0.2372006 19.47034 nan 0 0.0
-0.02204278 0.06918519 -3.156331 -3.932573 0.08904662 0.09438126 0.2187556 16.55327 1.670842 1 0.0
-0.06073927 0.0009345218 -2.419683 -4.541205 0.1638245 0.1706033 0.109354 17.88255 1.141424 1 0.0
-0.09929855 -0.0758065 -2.287118 -4.241159 0.640914 0.7138659 0.2415798 19.93613 0.9122162 1 0.01442429
0.01963812 0.02285923 -3.48527 -2.107312 0.2322926 0.3878107 0.2945018 17.24434 1.732208 0 0.0
-0.002202745 -0.03086237 -3.590689 -3.131082 0.3130759 0.295363 -0.0113591 18.55837 nan 0 0.0
-0.112186 -0.1124824 -0.9785035 -3.783109 0.4132757 0.4119388 0.2087019 19.25789 1.293545 1 0.0
-0.06710984 0.1101536 -0.9902399 -3.78408 0.780523 0.7672358 0.1537199 20.08676 1.555061 0 0.0
-0.00899549 -0.06168108 -2.998126 -3.42484 0.321254 0.3175163 0.194547 18.87771 1.108841 0 0.0
-0.07060258 0.04393954 -3.705922 -5.118867 0.9339943 0.9155296 0.08210352 20.22634 0.8762341 0 0.0
-0.1041264 0.06366937 -6.611949 -8.708669 3.042602 3.593799 0.499671 20.77729 nan 0 0.0
0.01085582 0.02298623 1.40287 -5.12271 0.7117143 0.8453898 -0.04936447 18.4895 1.150675 0 0.0
-0.03035228 -0.04517621 -0.9477934 -5.859013 0.465064 0.4864442 0.09589046 19.35022 1.406042 0 0.0
-0.1232699 0.03151677 -2.246839 -6.890474 0.4681876 0.437394 0.2005653 19.44138 1.517702 0 0.0
0.1094637 0.05286381 -2.007244 -4.930768 0.3027341 0.2634139 0.1762107 18.79163 1.46306 1 0.0
0.06146324 0.0401041 -1.126533 -4.710915 0.128865 0.1243463 0.1702685 17.42398 1.216909 1 0.0
0.01925779 0.06451376 -7.322527 -8.326109 0.214773 0.205202 0.174969 18.09607 1.475792 1 0.0
0.1151841 0.09282846 -3.350189 -5.060729 0.4681908 0.4183401 0.05269755 19.30288 0.9170723 1 1.774483e-06
0.08722628 0.04662334 -0.9564132 -0.4266011 0.437812 0.3835308 0.161636 19.35383 1.664391 0 0.0
-0.02353979 -0.1033685 -4.338621 -6.618806 0.9649258 1.084439 0.2205134 20.15193 nan 0 0.0
0.04817686 0.03574148 -1.458009 -12.44648 2.580834 3.085202 0.1847114 20.93808 1.125332 0 0.0
-0.02588478 0.06392718 -3.427372 -2.651765 0.2079838 0.2553251 0.008907749 17.77417 nan 0 0.0
-0.0878016 0.0759205 -3.293611 -1.751136 0.7449196 0.7808746 0.2077131 20.03823 0.7076035 0 0.0
-0.08858246 -0.03596797 -3.656674 -2.564062 0.2172075 0.2250288 0.2090242 18.43998 1.075588 1 0.9683472
-0.04858124 0.08061577 -3.175406 -3.742259 0.4018753 0.4070006 0.1514174 19.25604 1.293041 0 0.0
0.1271983 0.05294303 -0.7799117 -5.013445 1.170518 1.016114 0.3938261 20.1848 1.015911 0 0.0
0.1410055 0.08645468 -1.647332 -6.800272 1.620625 1.582992 0.2903626 20.60881 1.674963 0 0.0
-0.0892023 0.04868622 -2.758304 -6.379444 0.1386539 0.1476071 0.1486854 17.64787 1.12738 1 0.0
-0.08022665 -0.02765611 -2.925493 -4.795954 0.06895522 0.07586262 0.1702082 16.4708 1.535495 1 0.0
-0.001191032 0.007715647 -3.854162 -2.973436 0.6984296 1.026752 0.6032325 18.64587 nan 0 0.0
0.07000037 0.07168357 -1.065191 -8.510172 1.185389 1.152093 -0.8291198 18.86966 nan 0 0.0
0.09596037 -0.02307788 -1.851814 1.243316 1.97799 2.690917 0.2230793 20.96005 1.322681 0 0.0
0.002015877 0.01363797 -2.856686 0.5432483 0.370768 0.4263262 0.5603739 18.21211 nan 0 0.0
0.04586588 0.03586863 -5.424793 -4.595651 0.8717 0.9497275 0.1227266 20.12625 1.33577 1 0.2288341
0.0521796 -0.01703557 -1.28486 -2.779111 0.9629341 1.099062 0.3548685 20.31925 1.020523 0 0.0
0.1142454 0.1143274 -2.731164 -5.284664 0.2069221 0.1840418 0.2359556 18.05564 1.13921 1 0.0
-0.07261537 -0.001694828 -2.372692 -4.545068 1.274227 1.531989 0.1104319 20.53604 0.9259739 0 0.0
0.115641 -0.02570339 -5.073369 -7.946629 0.3863206 0.3573086 0.2128361 19.2216 1.103155 1 0.0
0.1515919 0.06764407 -2.743888 -3.586477 1.242961 1.355474 0.1578671 20.5775 1.45089 0 0.0
-0.1021568 -0.0700694 -3.470992 -7.179957 0.6201247 0.6392312 0.441776 19.64378 1.178003 1 0.0
0.01986917 0.02342574 -3.139032 -3.57682 1.15179 0.9243588 0.6662578 18.74157 nan 0 0.0
-0.02843772 -0.002993627 -3.030494 -2.01227 0.2574955 0.2818795 -0.0001964094 18.47216 0.8469868 0 0.0
-0.03258784 0.05147337 -4.182062 -7.769035 0.7099827 0.760638 0.2241698 19.06127 0.6298733 0 0.0
-0.06643346 -0.004880743 0.335506 -1.684261 0.07111637 0.07424989 0.1022895 16.40448 1.467903 1 0.0
-0.008905636 -0.002099337 0.06323719 -5.307094 1.119655 0.4711502 -0.09733271 18.46269 nan 0 0.0
-0.008067295 0.006933823 -3.252805 -2.101816 0.5147007 0.4143173 0.2779461 18.39918 1.076458 0 0.0
-0.1576445 -0.02859521 -3.722786 -6.179822 0.06304192 0.06579758 0.1808015 16.35353 1.697887 1 0.0
0.005166413 -0.03371952 -3.816332 -2.039324 0.6723488 0.6644724 0.05656424 19.20582 1.346609 0 0.0
-0.04430727 0.08006336 1.966202 6.291597 2.087327 2.565411 0.2599324 20.84602 1.102888 0 0.0
0.1662399 0.00395434 -2.789954 -6.97685 0.2845462 0.2467552 0.1807988 18.66517 1.794437 1 0.0
-0.153394 -0.05764043 -4.430069 -3.612292 0.2312571 0.2826795 0.1683044 18.55176 1.26264 0 0.0
0.01888701 0.02281909 -3.01612 -2.894165 0.3187007 0.3740964 0.3330055 18.46061 1.130295 0 0.0
-0.07392128 0.05105156 -3.577019 -2.079931 0.2645072 0.2638456 0.169401 18.63913 1.130337 1 0.8979717
0.07765874 -0.001669691 -4.690245 -6.652841 0.3627193 0.34955 0.1765601 19.11064 1.081375 0 0.0
-0.09349615 0.06657756 -7.169224 -7.605538 1.298141 1.64859 0.2981614 20.61687 1.533867 0 0.0
-0.06811037 -0.007527474 -3.620748 -3.113798 0.3201862 0.3348786 0.1697552 18.75842 1.097216 0 0.0
-0.06119758 -0.147907 -1.969874 -2.834319 0.1872094 0.2027886 0.1862746 18.14956 1.057905 1 0.0
-0.0407937 -0.07938229 -2.701404 -5.678079 1.23852 1.32436 0.1623461 20.66986 0.5413284 0 0.0
0.1312133 0.01569749 -4.060871 -2.943385 0.7127312 0.6658303 0.2571636 19.76995 1.286083 0 0.0
0.142074 0.05231214 -3.141169 -5.603623 1.004404 0.9236857 0.1682281 20.25818 1.154137 0 0.0
-0.01882934 -0.121363 -4.248114 -7.848823 0.325424 0.3638914 0.2857605 18.99296 1.091227 1 0.0
0.08079133 0.03329158 -3.389934 -2.589178 0.1360974 0.126802 0.205791 17.45011 1.052452 1 0.9916524
-0.09796502 -0.1191479 -0.7677634 -3.886301 1.053026 1.172585 0.1792893 20.57733 1.415806 0 0.0
0.0487417 -0.01948754 -3.780518 -8.632317 1.011711 1.971733 -0.2118205 20.30541 nan 0 0.0
0.006582361 -0.03132575 -3.640213 -2.217309 0.7208135 0.8919297 0.2510153 19.84202 0.9134693 0 0.0
-0.1084595 -0.02734849 -1.338338 -3.037328 0.1134168 0.1184563 0.1838726 17.23194 1.003645 1 0.0
-0.1412372 0.03239299 -1.920181 -4.645731 0.234764 0.2258138 0.241947 18.43344 1.231527 1 0.0
0.1180207 0.04227427 -5.650082 -1.059829 1.579379 1.904414 0.05111876 20.78341 0.5592709 1 0.4192326
0.01940694 0.02343331 -3.042366 -2.356484 0.1348969 0.155858 0.2856111 16.84301 1.438043 0 0.0
-0.08941852 -0.08680407 -2.965836 -4.512134 0.3363332 0.346411 0.2040081 19.14573 1.198496 1 3.256757e-06
-0.01234229 0.02048579 -4.671299 -5.474389 0.7331786 0.6760707 0.4701172 19.40324 nan 0 0.0
-0.0547132 -0.03771424 -4.760884 5.502263 2.720865 2.926182 -0.263148 20.91611 1.206646 0 0.0
-0.05060949 0.05836143 -2.895702 -3.923168 0.3962507 0.410601 0.1639154 19.20731 1.008575 0 0.0
-0.02328535 0.06432162 -3.230228 -3.354967 1.561032 1.521501 0.1348517 20.50882 0.6210766 0 0.0
-0.1034263 -0.06635883 -3.560732 -5.279413 0.05341255 0.05643109 0.1740863 15.93402 0.9054403 1 0.0
0.06232581 -0.02713535 -2.530307 -4.434293 1.157789 1.510527 0.4047627 20.46504 0.8440247 1 0.2868225
-0.04412443 -0.1042227 -3.209637 -3.037959 0.5268009 0.5204122 0.2116504 19.64334 0.9899578 1 0.7423318
0.1064614 0.05028506 -4.294018 -5.605702 0.3615614 0.3355109 0.1279264 19.06747 1.224615 0 0.0
-0.1128641 -0.002269677 -2.263741 -4.512932 0.7955007 0.819181 0.1710987 20.12161 1.192793 0 0.0
-0.01416217 0.02243334 -3.140304 -3.864351 0.3471633 0.4716966 0.1730375 18.94829 1.082251 0 0.0
-0.1388036 0.005958925 -0.02913404 -4.098822 0.9605345 1.279008 0.1450914 20.42587 nan 0 0.0
-0.09534288 -0.03244904 -3.316999 -4.770982 0.28337 0.3105369 0.2245071 18.69781 1.226015 0 0.0
-0.006648633 0.08178 -3.378962 -2.585434 0.02746 0.02671102 0.0725254 13.77911 1.564608 1 0.9971357
0.003952711 -0.03577376 -7.250808 -1.952475 0.4730015 0.4711679 0.1244629 18.57218 1.023756 0 0.0
-0.01156299 0.01004491 -4.34665 -1.584157 0.3763182 0.403675 0.02288222 18.65864 nan 0 0.0
0.1046383 0.05571414 -0.3531827 -4.527449 1.008991 1.068371 0.3717172 19.92097 1.154716 0 0.0
-0.09141348 -0.0874019 -3.630198 -3.098902 0.9902547 1.067169 0.2538558 20.4286 1.355042 0 0.0
-0.001422766 -0.06360964 0.04085337 -2.702115 0.6058253 0.7149108 0.1528151 19.81052 0.7780514 0 0.0
-0.00280861 0.02909514 -3.745165 -2.597736 0.3171866 0.2921117 0.1773849 18.47531 1.154215 1 0.9870445
0.1001421 0.0880047 -2.080312 -5.211231 0.4123626 0.4612588 0.1613639 19.10738 1.388988 0 0.0
0.08021495 -0.03026919 -1.012178 -7.788807 1.014332 1.019284 0.3207904 20.39653 1.431484 0 0.0
