data/gcs/NGC_1851.ecsv
# %ECSV 0.9
# ---
# datatype:
# - {name: x, unit: deg, datatype: float64}
# - {name: y, unit: deg, datatype: float64}
# - {name: pmx, unit: mas / yr, datatype: float64}
# - {name: pmy, unit: mas / yr, datatype: float64}
# - {name: pmx_e, unit: mas / yr, datatype: float64}
# - {name: pmy_e, unit: mas / yr, datatype: float64}
# - {name: pm_corr, datatype: float64}
# - {name: g_mag, unit: mag, datatype: float64}
# - {name: bp_rp, unit: mag, datatype: float64}
# - {name: filter, datatype: int64}
# - {name: memberprob, datatype: float64}
# meta: !!omap
# - comments: [deg deg mas/yr mas/yr mas/yr mas/yr dimless mag   mag   zeroone float]
# - __serialized_columns__:
#     bp_rp:
#       __class__: astropy.units.quantity.Quantity
#       unit: &id001 !astropy.units.Unit {unit: mag}
#       value: !astropy.table.SerializedColumn {name: bp_rp}
#     g_mag:
#       __class__: astropy.units.quantity.Quantity
#       unit: *id001
#       value: !astropy.table.SerializedColumn {name: g_mag}
#     pmx:
#       __class__: astropy.units.quantity.Quantity
#       unit: !astropy.units.Unit {unit: mas / yr}
#       value: !astropy.table.SerializedColumn {name: pmx}
#     pmx_e:
#       __class__: astropy.units.quantity.Quantity
#       unit: !astropy.units.Unit {unit: mas / yr}
#       value: !astropy.table.SerializedColumn {name: pmx_e}
#     pmy:
#       __class__: astropy.units.quantity.Quantity
#       unit: !astropy.units.Unit {unit: mas / yr}
#       value: !astropy.table.SerializedColumn {name: pmy}
#     pmy_e:
#       __class__: astropy.units.quantity.Quantity
#       unit: !astropy.units.Unit {unit: mas / yr}
#       value: !astropy.table.SerializedColumn {name: pmy_e}
#     x:
#       __class__: astropy.units.quantity.Quantity
#       unit: &id002 !astropy.units.Unit {unit: deg}
#       value: !astropy.table.SerializedColumn {name: x}
#     y:
#       __class__: astropy.units.quantity.Quantity
#       unit: *id002
#       value: !astropy.table.SerializedColumn {name: y}
# schema: astropy-2.0
x y pmx pmy pmx_e pmy_e pm_corr g_mag bp_rp filter memberprob
[from data line 4509]
0.06118071 -0.04974967 2.236535 -1.060434 0.7089124 0.8825655 -0.05468073 20.02501 0.696804 0 0.0
0.04859988 -0.07127349 2.548092 -3.154206 0.9000194 1.132252 0.04873228 20.11119 0.7051086 0 0.0
-0.1548647 -0.03482251 2.737714 -1.430417 0.7158833 0.7557169 -0.2482263 19.95573 0.6905861 1 0.983871
-0.03542086 -0.004977373 1.809686 -0.6307284 1.004116 1.422855 0.5323639 19.67126 nan 0 0.0
-0.03938481 0.002577369 3.79057 -3.571201 0.9670509 1.601966 -0.2293392 20.54356 0.5884075 0 0.0
-0.02912215 0.01512525 -7.022136 6.728351 2.0294 3.709336 -0.03373616 20.47709 0.540884 0 0.0
0.127895 -0.03731477 1.132829 -2.16534 0.8241693 1.096074 -0.05515993 20.22854 0.538311 0 0.0
-0.004148629 0.01878582 3.459601 -0.4053026 1.463476 1.574939 -0.7779847 19.50731 nan 0 0.0
0.04325793 -0.02163687 0.605134 0.675527 0.8866455 1.246731 -0.1748148 20.15606 0.5538292 0 0.0
0.07545177 -0.03794223 3.539068 0.3531804 0.9694456 1.147725 0.02816313 20.39836 0.8388615 0 0.0
0.02300121 0.1448767 2.967128 0.5104958 1.151814 1.478721 0.00513327 20.61355 0.7545433 0 0.0
-0.03568966 -0.004691411 0.7820345 -1.052606 1.055677 1.008551 -0.4499058 19.34731 0.5908718 0 0.0
0.05569385 -0.02930962 2.092251 0.7532724 1.365199 1.546017 -0.1418726 20.50232 0.8220882 0 0.0
-0.02906331 0.01412582 3.811075 2.731523 1.470842 3.445494 0.5766824 20.50099 nan 0 0.0
-0.04687641 -0.05979768 2.537052 -0.2065908 0.8085322 0.9580995 -0.2180174 20.08907 nan 0 0.0
0.0426061 -0.008937327 6.21196 -0.4295554 2.315835 2.489547 0.2777267 20.83605 nan 0 0.0
0.002443017 -0.09574652 6.577776 -2.586269 1.471345 2.024593 -0.1626162 20.62734 0.4141235 0 0.0
0.02807249 0.00895351 -8.715716 14.39778 1.453146 1.564222 -0.7841103 19.37632 nan 0 0.0
0.02328307 -0.04104392 1.612961 1.427463 2.59872 3.379782 -0.5319 20.61686 nan 0 0.0
0.1403507 -0.03500087 2.661443 -1.722033 0.9019769 1.192625 -0.07965858 20.32734 0.855196 0 0.0
0.09480116 -0.03876367 1.154082 -1.200811 0.7443298 0.878269 -0.09449303 20.00659 0.7631798 0 0.0
-0.05091261 0.03929002 2.060971 5.818109 2.028905 3.705008 -0.3367955 20.92029 0.3358879 0 0.0
0.02840314 0.003429691 3.278046 -2.533876 0.6560827 0.9218795 -0.3954888 19.6301 0.5305099 0 0.0
-0.008664438 -0.02836044 -2.695642 0.311635 2.553744 2.841767 -0.7580505 20.49218 nan 0 0.0
-0.05952924 -0.04450299 1.807839 -1.390844 1.122768 1.389388 -0.08553813 20.55385 0.4978809 0 0.0
-0.1703834 -0.02679525 1.648506 -0.3091696 0.8578426 0.9998574 -0.4557039 20.01394 0.6458073 0 0.0
-0.03914319 0.04975387 1.401471 -0.6558034 0.6463399 0.7785742 -0.158457 19.78447 0.5917778 0 0.0
0.01678325 0.01692613 0.5171443 -0.0757145 2.295164 1.507685 -0.2256008 19.63374 nan 0 0.0
-0.02070751 0.007102202 7.027616 -9.683566 1.985589 2.407697 -0.1795528 20.1986 nan 0 0.0
-0.0322952 -0.05678704 0.9544392 -1.178715 0.7710404 0.8672911 -0.2570129 19.9173 0.7466431 0 0.0
-0.05068473 0.01573061 0.6082412 -1.039993 1.265705 1.740759 -0.2570639 20.45727 0.6420097 0 0.0
-0.003323374 -0.01229247 2.736572 1.085204 0.1037403 0.1148562 0.3592963 15.04957 nan 0 0.0
0.08238392 -0.01589748 2.888183 -0.3942515 1.406565 1.771824 -0.07597631 20.71808 0.5111732 0 0.0
0.04867087 0.01996258 1.549732 -2.264967 0.6787273 0.8568811 -0.1177371 19.92806 0.5937653 0 0.0
-0.03662694 0.02238863 2.192693 -0.7241191 0.474808 0.5493337 -0.2770945 19.4275 0.577055 0 0.0
-0.05034946 -0.03477956 1.458189 -2.125507 0.8569625 1.028348 -0.2196755 20.16598 0.5335236 0 0.0
0.004613126 -0.002389591 1.758208 -2.094327 0.1982651 0.2050924 -0.1054171 15.80319 0.8005028 0 0.0
0.006323907 -0.007036029 4.863452 4.367073 0.4789916 0.5141853 0.2302335 16.92341 0.797081 0 0.0
0.01114936 0.03902582 -0.9191117 1.531875 1.546097 1.72275 -0.5414125 20.48816 0.8035717 0 0.0
0.04587047 -0.01769036 2.787724 -2.352093 0.9974628 1.289437 -0.1165542 20.47234 0.458765 0 0.0
-0.03514174 0.02002049 2.245527 0.5825119 2.022455 3.78425 -0.02940793 20.79053 nan 0 0.0
0.002930869 -0.008153505 1.835086 -3.397267 0.7502956 0.5817199 -0.3569236 17.53605 nan 0 0.0
-0.03988192 0.003683342 2.321104 -0.6103601 0.7477293 1.004604 0.1444379 19.7914 nan 0 0.0
0.01205903 0.02786005 1.450902 1.393016 0.8969369 0.9918105 -0.09273077 19.73779 0.6663609 0 0.0
-0.02142277 -0.02165321 7.043383 -10.42792 1.275446 1.397726 -0.1366695 19.22196 0.6838512 0 0.0
0.05611401 0.09842516 2.865699 -0.7331732 0.6606497 0.7965747 -0.2148326 19.96597 0.7138329 1 0.9937065
0.00565545 0.03076005 2.905296 1.208994 1.020604 1.081421 -0.5640045 19.81073 nan 0 0.0
-0.1617514 -0.03547556 1.972507 2.389549 0.8998665 0.9849356 -0.2692518 20.32262 0.5320721 0 0.0
-0.03511273 0.02041723 3.354193 0.2925815 0.9259851 1.374498 -0.1707055 20.45454 0.698473 0 0.0
0.04312791 0.07757586 1.635541 -1.416216 1.744983 2.627158 -0.1729946 20.99057 0.7277489 0 0.0
-0.02759704 -0.01470886 2.542104 0.2270536 1.283587 1.264959 -0.2064603 20.01943 0.5351562 0 0.0
-0.005145664 -0.00729533 -0.3229209 -2.07374 0.6552233 0.706621 -0.2450996 15.81224 0.743021 0 0.0
-0.05818119 0.0515866 5.960789 -4.660767 1.341586 1.916752 -0.534016 20.66076 0.4596825 0 0.0
0.1190714 0.02428579 0.6413268 -4.121684 1.348161 2.382667 -0.3886655 20.75854 0.5316219 0 0.0
-0.02014917 0.01525438 1.896661 0.372791 0.6123099 0.7470292 0.2335144 19.40471 nan 0 0.0
0.08990907 -0.03474016 7.678284 1.215296 3.084803 3.980927 -0.1919928 20.81808 0.8397102 0 0.0
-0.003131866 0.01372377 6.999391 2.475783 1.433355 1.499752 0.3490016 19.01563 nan 0 0.0
-0.05682908 -0.02784953 3.069403 -2.494358 1.050655 1.508621 -0.1593456 20.49865 0.3407097 0 0.0
0.0190727 0.01477404 1.052373 1.44504 1.10367 1.211858 -0.4107951 19.33872 nan 0 0.0
-0.04106821 0.004689718 4.083339 -1.996157 3.50439 2.923926 -0.6506211 20.85061 0.3225861 0 0.0
-0.007704314 -0.0004062276 1.981824 -0.4488497 0.02829746 0.03208426 -0.1734338 13.23405 1.539129 0 0.0
-0.03167829 -0.002988073 3.319094 3.77511 0.9162042 2.048567 -0.3254728 20.10047 nan 0 0.0
-0.02082088 0.01492993 1.8468 -0.1924911 0.1942327 0.2353796 -0.1336405 17.38541 0.9540787 0 0.0
0.01259997 -0.01698945 3.821026 7.284223 1.282621 1.848421 0.5627346 19.51154 nan 0 0.0
0.0329297 0.003297955 2.486051 0.3527705 0.8202254 1.193644 -0.2092426 19.84388 nan 0 0.0
0.01913399 -0.0166095 1.67262 -3.829013 2.254437 2.585866 0.3781497 20.35269 nan 0 0.0
0.03018776 -0.002586854 0.7775941 0.714485 0.7527897 1.179335 -0.09999467 19.88416 0.3814316 0 0.0
0.1001601 -0.00670878 2.12416 0.3989967 1.899185 2.235776 -0.2310473 20.94284 0.6311512 0 0.0
0.007016729 0.02905857 1.474545 -1.2453 0.8790472 1.115697 -0.447529 19.94476 nan 0 0.0
0.02349986 -0.02174926 3.68305 -6.801529 1.88718 4.522731 0.639664 20.49364 nan 0 0.0
-0.06861763 -0.03228543 1.972135 -2.406603 1.081672 1.56917 -0.1586567 20.60932 0.218996 0 0.0
-0.054954 -0.02912973 1.945287 -0.5013606 0.06381782 0.06735262 -0.03916052 15.99367 0.9273205 1 0.9998341
0.130292 -0.03536999 2.624132 -1.178411 0.8853001 1.296953 -0.1840704 20.14022 0.8080807 0 0.0
0.01557163 0.006722099 7.1838 -6.357205 1.097312 1.198384 -0.5430302 19.46249 nan 0 0.0
0.07277664 -0.0558684 1.990861 -0.4107739 0.1978357 0.244241 -0.1417553 18.02865 0.9510918 1 0.9996255
-0.008803424 -0.03708467 1.993598 -0.5927172 0.07636817 0.08444859 -0.1807047 16.01675 0.873374 1 0.9999591
0.005633069 -0.02793288 3.492305 -3.15755 0.6042542 0.6747783 -0.4619976 19.21809 0.5508404 0 0.0
0.02394327 -0.02268402 1.249497 1.105388 1.397791 1.940295 0.413441 20.3589 0.517292 0 0.0
0.04710551 -0.01333101 2.206705 0.5517505 1.160561 1.436373 0.4398051 20.14405 0.491497 0 0.0
-0.1438358 -0.09082488 1.274692 -0.660371 0.800728 0.7802559 0.02753471 19.81631 0.8471279 0 0.0
-0.09748896 -0.05419411 1.822658 -1.553258 1.396918 1.710749 -0.182379 20.65899 0.5428677 0 0.0
-0.01351753 0.1275682 1.621975 -1.058034 0.8118277 0.9020556 -0.08602657 19.97483 0.5589981 0 0.0
-0.009596333 -0.002515995 4.700799 -0.4392987 0.6650662 0.8340418 -0.1213754 17.42938 0.6031837 0 0.0
0.01769409 -0.03001395 2.006653 -1.900053 0.6928291 0.9108633 0.3219672 19.36992 0.6770706 0 0.0
0.00211461 0.03427359 1.9236 0.03761786 0.4543364 0.5254966 -0.3343164 19.11614 0.5645084 0 0.0
0.02320788 -0.02187123 -0.8861382 -4.31218 1.015704 1.210858 0.2448062 19.73115 0.7912312 0 0.0
-0.02645065 0.0104953 3.488835 1.449938 1.152674 1.372961 -0.08429142 19.57533 0.4129925 0 0.0
0.01160976 -0.002737561 1.446763 -0.2739692 0.1337817 0.1665791 -0.05170824 16.12582 nan 0 0.0
0.1194737 -0.03617033 2.081599 -1.290328 0.5726734 0.7788013 -0.05577507 19.60834 0.6073704 0 0.0
0.01834184 -0.0309678 1.305045 2.824499 1.726507 2.788083 0.2950586 20.63411 0.3738441 0 0.0
-0.01210744 -0.0366236 4.174624 1.097141 1.4045 1.369516 -0.5435473 20.11278 nan 0 0.0
0.01141239 -0.03044367 2.358291 2.218793 2.254439 2.693697 0.2145022 20.57057 nan 0 0.0
0.03352504 -0.05686392 2.041986 1.510722 0.5658081 0.7404144 0.007122538 19.34782 0.7482853 0 0.0
-0.0004211629 -0.01194907 3.927882 4.289741 0.8223672 0.8024809 -0.2817615 17.11035 0.7582769 0 0.0
0.02378046 -0.02074609 1.826036 0.7424503 1.776891 2.700047 0.3615545 20.56787 0.7363148 0 0.0
-0.1615686 -0.04364242 2.171777 5.007564 0.7786143 0.8333818 -0.309881 18.01264 1.481205 0 0.0
-0.005037227 0.18577 2.820025 3.158177 1.465883 1.742734 -0.133264 20.87654 1.439926 0 0.0
-0.0160087 -0.02856014 1.479247 0.4294061 1.308354 1.38246 -0.730389 19.86055 nan 0 0.0
-0.008273487 -0.02670863 2.156829 -0.674894 0.1002354 0.111314 -0.2354512 16.71515 1.025101 0 0.0
0.09175049 -0.04147556 1.558899 -1.221741 0.4411393 0.5080124 -0.07044001 19.18451 0.6067886 0 0.0
-0.0250652 0.007676758 0.4379667 -2.116756 0.8977009 1.336887 0.005202183 19.83973 nan 0 0.0
-0.04557069 -0.05769871 1.842697 -0.5487999 0.4577357 0.5305462 -0.1197949 19.34447 0.616127 0 0.0
-0.006352045 -0.03383809 5.703564 -2.968009 2.815128 1.778303 -0.125198 20.3414 nan 0 0.0
-0.02914528 -0.01275638 -0.3611408 -0.3760943 1.901681 2.216504 0.06790945 20.57062 nan 0 0.0
-0.0004680787 0.01717233 1.054044 -0.4314511 0.1460381 0.1704262 -0.3063127 16.63421 0.2366276 0 0.0
0.01376478 0.02600578 1.980519 0.1591231 0.7686367 0.8809909 -0.3953589 19.72174 0.5199966 0 0.0
-0.03587501 -0.05193653 1.423727 -0.4258148 1.312648 1.607918 -0.1619809 20.61609 0.2802963 0 0.0
0.03282291 0.02413007 0.6020121 -3.381024 1.947983 2.939401 -0.06266008 20.71015 nan 0 0.0
-0.02473236 0.007974426 1.83825 -1.875215 1.139571 1.254901 -0.3752255 19.76876 nan 0 0.0
0.01595791 -0.03988596 4.573077 5.414867 1.895989 3.3099 -0.1218209 20.76058 0.615406 0 0.0
0.01016852 -0.03307562 1.347131 -2.437446 0.7351623 0.9227105 0.4449295 19.39738 0.6450939 0 0.0
0.0122391 0.02197012 6.877371 2.639026 2.023986 2.664142 -0.5705239 19.9127 0.8578243 0 0.0
-0.05037411 0.01437281 1.916863 -3.178296 1.009465 1.475918 -0.2804858 20.64065 nan 0 0.0
0.01664765 -0.01206173 2.238475 3.471806 1.01801 1.259579 0.5695712 19.22432 0.6932011 0 0.0
-0.01448487 -0.00155174 4.722538 6.431454 0.5981306 1.334361 -0.1835427 18.79601 nan 0 0.0
0.02224217 -0.01115161 3.004181 0.6336001 0.4443029 0.5180947 0.04310087 18.2548 0.8067856 0 0.0
-0.005509883 0.01927019 0.09537146 0.9600642 2.100622 1.349942 0.02478908 19.79363 nan 0 0.0
0.08388167 -0.04195752 0.9817719 1.66782 2.043346 2.069921 0.2489854 20.67247 0.4656334 0 0.0
-0.006830681 -0.03433024 1.248655 3.1807 2.061929 2.25259 -0.7792738 20.35945 nan 0 0.0
-0.0551163 0.01998056 2.540981 -2.39111 1.358334 1.563609 -0.4039116 20.582 nan 0 0.0
-0.009082211 0.04004083 -0.02108264 4.198053 0.71427 0.7967057 -0.2861218 19.77747 0.5008411 0 0.0
0.00861745 -0.01923187 2.810119 -1.196736 0.1370787 0.1455341 -0.09423859 15.98574 0.8913746 0 0.0
-0.007504444 -0.01215547 0.5423671 7.864938 0.8588649 0.8427688 -0.4760025 18.48179 0.790329 0 0.0
0.06691924 -0.05417248 2.548178 -0.5523198 1.491303 1.986449 0.05879001 20.72631 0.4982662 0 0.0
0.1163525 -0.04192894 1.828014 2.140988 1.510778 2.015638 0.1510468 20.70348 0.4832191 0 0.0
0.05817723 -0.026691 2.690709 -2.024105 0.9809471 1.330686 -0.1350512 20.44508 0.3361588 0 0.0
0.05318522 -0.05699088 1.422632 -0.4876937 0.6837821 0.8252292 -0.2797987 19.69174 0.656992 0 0.0
-0.004081265 -0.03296817 2.003083 -0.9301955 0.3670387 0.4190332 -0.281643 18.79917 0.8373375 0 0.0
0.007848163 -0.00669668 -3.803242 -9.853071 2.35692 2.040582 0.5328919 18.30235 nan 0 0.0
-0.006940292 -0.1042574 0.4896677 -0.08943665 0.9963015 1.186414 -0.004624181 20.22776 0.9403019 0 0.0
-0.05268344 -0.05120741 0.8666022 4.290198 2.653092 3.235277 -0.2644114 20.81639 0.7587109 0 0.0
0.04942743 -0.01629667 3.573402 -0.8391769 0.9592075 1.10164 -0.07663641 20.17511 0.722187 0 0.0
0.02197038 0.01525382 2.59914 2.109603 0.5497905 0.7681227 -0.3303603 18.98596 0.6657295 0 0.0
0.007548883 -0.01972002 2.238941 -1.560374 0.7799104 0.8677365 -0.02225699 19.39833 nan 0 0.0
-0.05583798 0.04517606 2.849787 0.5375883 0.4259847 0.4990881 -0.2354151 19.28701 0.647007 0 0.0
-0.1621352 -0.004230203 1.477686 2.354255 0.4165604 0.4383848 -0.1831423 19.22335 0.9741402 1 1.852813e-06
-0.002785381 -0.03093868 4.641202 0.3148058 0.5283078 0.5721371 -0.3606588 18.76432 0.8601398 0 0.0
-0.02857131 -0.0585592 2.22122 -0.7493083 0.1038974 0.1105382 -0.1480507 16.92159 1.04759 1 0.9999247
0.02190632 0.01589089 3.8934 -1.975378 1.474418 2.69046 -0.6689758 20.05916 nan 0 0.0
-0.006534886 -0.01429923 2.898977 1.168744 0.2245788 0.2356393 -0.118724 15.97014 nan 0 0.0
-0.04369239 0.007190529 2.280644 -0.273989 0.7399715 1.079557 -0.2465054 20.23367 nan 0 0.0
-0.006654759 0.01733223 1.896259 -0.8764241 0.1737033 0.2303432 0.0175792 17.74212 0.8398933 0 0.0
0.05517928 0.01295384 0.6978677 0.2898778 1.232165 1.688498 -0.2313829 20.67488 0.1330814 0 0.0
0.03199423 -0.0235914 0.1590516 1.113525 1.385117 2.116328 0.5281869 20.26496 0.5557442 0 0.0
-0.07099667 0.04921699 1.918358 -0.3600962 0.2250369 0.2799796 -0.1644097 18.45477 0.8505344 0 0.0
0.007507897 0.03229338 -5.021376 8.055938 1.754657 2.202164 -0.822088 19.84263 0.6279297 0 0.0
-0.01773226 0.04393394 2.791536 -0.005023464 0.6113731 0.712512 -0.02328311 19.55462 nan 0 0.0
0.02936002 -0.02603162 1.007928 -3.807683 1.111075 1.73468 0.2880836 20.26241 0.4800663 0 0.0
-0.07301328 -0.06509259 3.914045 -1.122899 0.904141 1.166386 -0.06700841 20.44086 0.4429588 0 0.0
0.04311269 -0.06656246 3.197303 -2.362739 0.6643022 0.7501814 0.02202677 19.31962 0.7553005 0 0.0
0.09592006 -0.04006987 0.4598416 -0.2705927 1.518822 1.861719 -0.05745473 20.7129 0.3212795 0 0.0
-0.03306556 -0.008584894 3.167697 -1.387022 0.9933643 1.407375 -0.2125772 20.42193 nan 0 0.0
0.01718418 -0.01482751 -1.006152 -1.377868 1.347568 2.31771 0.6657223 19.90796 nan 0 0.0
-0.006888052 0.01350225 0.9313054 -0.09979592 0.594081 0.6130081 -0.2142123 17.95774 nan 0 0.0
0.0104346 -0.01100763 3.012467 0.9373597 0.6059159 0.838495 0.3446847 18.87249 nan 0 0.0
0.01982994 -0.03288319 3.751047 -3.449768 1.974857 2.83938 0.1864411 20.54239 0.6276855 0 0.0
0.0003846312 -0.02184058 1.983576 -0.5072499 0.04433185 0.04969344 -0.1317999 15.00926 1.112578 1 0.9999497
0.03178338 -0.02501037 -0.3027388 0.5834301 1.491103 2.180397 0.4920242 20.38399 0.11166 0 0.0
-0.02469708 0.00733357 8.245981 23.58368 1.276954 2.971175 0.2145344 20.30076 nan 0 0.0
-0.001769588 -0.03111794 5.46453 -6.146178 0.5880562 0.6375817 -0.2292652 18.57955 0.8490849 0 0.0
0.1804176 -0.04235076 1.100581 1.591129 0.3218475 0.4543494 0.04783614 18.74172 0.7932072 1 0.0001141341
0.0109525 -0.02233355 0.01051021 -2.176448 1.457735 2.405944 0.4291521 20.11067 nan 0 0.0
-0.02334334 -0.005613036 1.279262 -0.9807292 0.5376203 0.8703478 -0.2114483 19.3775 0.4831543 0 0.0
-0.006808982 -0.01780878 2.276883 -0.994371 0.06727554 0.07844736 -0.1927007 15.94896 1.068759 0 0.0
0.07393747 -0.04556615 0.7439502 -1.09224 1.035962 1.242574 -0.06527707 20.42667 0.534647 0 0.0
-0.07251354 -0.07409474 2.092045 0.1467598 0.5304188 0.5735536 -0.1705311 19.4247 0.8720608 1 0.9960404
0.003720837 0.0210327 2.63643 -2.948622 1.531467 1.207859 -0.3196597 19.64526 nan 0 0.0
