data/gcs/NGC_6440.ecsv
# %ECSV 0.9
# ---
# datatype:
# - {name: x, unit: deg, datatype: float64}
# - {name: y, unit: deg, datatype: float64}
# - {name: pmx, unit: mas / yr, datatype: float64}
# - {name: pmy, unit: mas / yr, datatype: float64}
# - {name: pmx_e, unit: mas / yr, datatype: float64}
# - {name: pmy_e, unit: mas / yr, datatype: float64}
# - {name: pm_corr, datatype: float64}
# - {name: g_mag, unit: mag, datatype: float64}
# - {name: bp_rp, unit: mag, datatype: float64}
# - {name: filter, datatype: int64}
# - {name: memberprob, datatype: float64}
# meta: !!omap
# - comments: [deg deg mas/yr mas/yr mas/yr mas/yr dimless mag   mag   zeroone float]
# - __serialized_columns__:
#     bp_rp:
#       __class__: astropy.units.quantity.Quantity
#       unit: &id001 !astropy.units.Unit {unit: mag}
#       value: !astropy.table.SerializedColumn {name: bp_rp}
#     g_mag:
#       __class__: astropy.units.quantity.Quantity
#       unit: *id001
#       value: !astropy.table.SerializedColumn {name: g_mag}
#     pmx:
#       __class__: astropy.units.quantity.Quantity
#       unit: !astropy.units.Unit {unit: mas / yr}
#       value: !astropy.table.SerializedColumn {name: pmx}
#     pmx_e:
#       __class__: astropy.units.quantity.Quantity
#       unit: !astropy.units.Unit {unit: mas / yr}
#       value: !astropy.table.SerializedColumn {name: pmx_e}
#     pmy:
#       __class__: astropy.units.quantity.Quantity
#       unit: !astropy.units.Unit {unit: mas / yr}
#       value: !astropy.table.SerializedColumn {name: pmy}
#     pmy_e:
#       __class__: astropy.units.quantity.Quantity
#       unit: !astropy.units.Unit {unit: mas / yr}
#       value: !astropy.table.SerializedColumn {name: pmy_e}
#     x:
#       __class__: astropy.units.quantity.Quantity
#       unit: &id002 !astropy.units.Unit {unit: deg}
#       value: !astropy.table.SerializedColumn {name: x}
#     y:
#       __class__: astropy.units.quantity.Quantity
#       unit: *id002
#       value: !astropy.table.SerializedColumn {name: y}
# schema: astropy-2.0
x y pmx pmy pmx_e pmy_e pm_corr g_mag bp_rp filter memberprob
[from data line 3370]
-0.01806541 0.05461907 -5.163274 2.342151 1.775217 1.581652 0.345607 20.23636 1.830002 0 0.0
-0.01500469 0.07252176 -4.961985 -4.094954 0.5604361 0.4434729 0.3545526 18.71215 1.962934 0 0.0
0.070735 -0.03159106 0.9601371 -2.978594 0.2511372 0.226884 0.5603178 17.34674 2.779831 1 0.0
-0.03241498 -0.03221913 -1.26593 -3.593798 0.3128672 0.2629205 0.6287446 17.35913 2.184183 1 0.8439158
-0.0280488 0.02494115 -0.008219596 -2.267116 0.4537023 0.3671896 0.3381683 18.4827 2.069084 0 0.0
-0.006785875 -0.009646221 12.37007 7.149886 0.5745111 0.4755754 0.6427639 17.64512 2.113946 0 0.0
-0.01122537 0.06009762 2.76919 -6.056658 2.189886 1.885057 0.6233893 19.79018 2.347879 0 0.0
0.04680172 -0.001236036 1.476215 -2.938382 2.666277 2.229141 0.7416315 20.33793 2.762686 0 0.0
0.007206373 0.04066771 -0.6423926 -3.777622 0.1865208 0.1637322 0.3720018 16.35263 2.945588 1 0.8657975
-0.0531048 -0.007841317 -1.321468 -6.798712 2.089481 1.885105 0.232232 20.32898 0.6717281 0 0.0
-0.02406125 -0.03901348 -2.328926 -8.026712 1.934182 1.650843 0.7444211 19.57837 1.691782 0 0.0
-0.009106095 0.039136 -1.643027 -5.668183 2.411082 2.179185 0.09489188 20.35622 2.708813 0 0.0
-0.02491935 -0.03912234 2.825209 0.9349118 2.726262 2.263474 0.7128755 20.21255 nan 0 0.0
-0.05506048 -0.05926221 -0.4774888 -4.385221 1.345505 1.125699 0.5155147 19.29866 1.730961 0 0.0
-0.06501709 0.0176344 -12.81462 -6.451351 0.4656068 0.3666818 0.1918758 18.56542 2.410297 0 0.0
-0.02440966 -0.006390251 -3.981838 -3.675169 0.46877 0.3638574 0.1622782 18.73365 nan 0 0.0
-0.05046456 -0.03278092 -1.786125 -7.336783 0.1775811 0.1532315 0.4438533 16.26117 2.528749 1 0.0
-0.06083144 -0.002593237 -4.030743 -5.95868 1.404034 1.279759 0.6607513 19.49615 2.139259 0 0.0
0.0134982 -0.008000621 -1.320889 -1.291242 0.475615 0.4205512 0.3125181 17.74857 2.092874 0 0.0
-0.03854417 -0.001325307 -6.51242 -6.286575 0.460663 0.3525117 0.1693344 18.49192 2.130293 0 0.0
-0.0657586 0.01186435 0.2573627 -1.086871 1.62961 1.447899 0.2988547 20.32956 1.711033 0 0.0
0.06229918 -0.02493269 -1.443451 -7.320983 0.3227505 0.2709227 0.4248606 17.9827 2.926693 1 0.0
-0.02318458 0.02783159 -5.704223 0.9080409 2.395135 1.702814 0.6102293 19.79031 nan 0 0.0
0.0222899 0.05152098 -0.8264262 -2.554001 0.616441 0.5518698 0.5186288 18.73416 2.681114 1 0.2082728
0.04138431 0.06841996 -4.908323 -3.374717 1.442079 1.320862 0.5582685 20.15748 4.356693 1 0.002769259
-0.02076684 -0.07589729 -1.527581 -6.163645 1.371826 1.129965 0.7338219 19.43107 1.86832 0 0.0
-0.07921351 0.0249558 -4.321372 -5.334001 0.9680212 0.8940668 -0.037529 19.20566 nan 0 0.0
0.0451168 0.009447525 0.03561273 -3.217425 1.298249 1.100583 0.7714675 19.3204 2.413467 0 0.0
0.009747578 -0.05184265 -0.7023586 -3.295807 1.998073 1.660488 0.7467525 19.88137 1.77952 0 0.0
-0.02182757 -0.05725694 -4.715673 -5.910541 0.5013669 0.360598 0.05526887 18.59583 1.766602 0 0.0
-0.03530714 -0.01886451 -3.625246 -5.210697 0.6904007 0.5130318 0.1658016 18.74927 2.263233 0 0.0
0.02363516 0.05215402 0.006907028 -2.305277 0.1952409 0.1729938 0.4863254 16.42905 3.04483 1 0.0
-0.0646533 0.037244 -3.564518 -7.794398 0.5525516 0.4614653 0.3101012 18.93018 2.013401 0 0.0
-0.003094879 -0.0299937 1.948091 -5.283983 1.233271 1.038531 0.7519135 19.26326 2.168526 0 0.0
0.007805624 0.006245759 -1.100864 -4.53231 0.415649 0.3685661 0.6144193 17.62787 nan 0 0.0
-0.05286055 0.03085315 -6.084899 -6.05609 1.807435 1.618535 0.4604736 20.36486 1.634563 0 0.0
0.03200329 -0.03334057 0.6172681 -2.795143 0.5591184 0.5002256 0.4567819 16.72664 2.672907 0 0.0
0.07927126 -0.008365612 -2.902561 -7.736413 1.299156 1.139488 0.8428953 19.13189 1.6924 0 0.0
-0.04750924 -0.0619872 -2.079848 2.888292 1.120265 0.9232418 0.1781091 18.87323 1.754725 0 0.0
-0.05906847 0.02587844 0.5779048 -9.263655 0.5180597 0.4106128 0.2024691 18.66979 1.868853 0 0.0
-0.0374534 -0.01602497 -2.964448 -6.538927 0.237105 0.206527 0.4077582 17.50373 2.521912 1 0.0
0.03165077 0.06111521 -2.099114 -4.452533 0.9065427 0.8023588 0.5822696 19.49971 2.561302 0 0.0
0.08207682 -0.004907147 1.635578 -0.8845864 1.323152 1.158103 0.8124508 19.20343 1.879757 0 0.0
0.05924332 -0.01186615 -3.032668 -2.839297 1.863023 1.604662 0.8270169 19.47329 2.52158 0 0.0
-0.06130589 0.03947696 -0.4115239 -1.469513 0.4161524 0.3302764 0.2005622 18.61106 1.971376 0 0.0
-0.04899483 -0.06695822 0.6520629 1.87515 1.348994 1.130582 0.6483591 19.19666 nan 0 0.0
-0.0470807 0.03321822 -0.891289 -8.437386 0.2242021 0.1957733 0.4148703 17.28273 2.165878 0 0.0
-0.0374407 0.04965648 -4.591458 -4.580637 0.3365653 0.3043331 0.09001833 17.71417 2.233051 0 0.0
0.06353069 0.04815259 0.9143696 -8.885678 2.380852 2.053592 0.6822715 20.26796 3.007935 0 0.0
-0.01236539 -0.0006572335 1.714004 -1.518411 0.4920145 0.3803273 0.2319944 18.55558 2.014988 0 0.0
-0.02203378 -0.01525716 -1.810835 -3.610642 0.6366674 0.4370421 -0.07017008 18.42371 2.353081 0 0.0
0.05106972 0.01387263 -7.071061 -7.11362 2.460738 2.051565 0.6822262 20.25175 nan 0 0.0
0.07752578 -0.008967448 -2.733939 -10.70032 2.086172 1.821664 0.8207382 19.99978 2.195595 0 0.0
-0.01516225 -0.07183209 -3.759193 -1.925706 0.9662233 0.8071182 0.6282762 19.0051 1.932962 0 0.0
-0.02487344 0.03103567 -0.7552686 -4.615793 1.519173 1.286197 0.3594946 19.68936 2.017221 0 0.0
-0.004927539 0.02993133 -2.457329 -1.379258 0.4058007 0.3218022 0.06567175 18.30954 2.176489 0 0.0
0.07364559 0.01341147 3.646082 -2.584119 3.103933 2.635608 0.725798 20.5172 2.294769 0 0.0
0.0009955128 -0.05863822 -0.2375028 -5.015495 1.208627 1.089451 0.6828039 19.28815 nan 0 0.0
0.001967676 -0.07746566 4.114605 1.221998 2.578711 2.137701 0.5935749 20.34863 nan 0 0.0
-0.008104139 0.0330726 -4.236808 -6.130146 1.997819 1.833155 0.02571576 20.49512 1.296749 0 0.0
0.05637035 0.03341538 -0.6248589 -1.031249 2.939257 2.449168 0.676429 20.30288 1.813284 0 0.0
-0.04502934 -0.03377488 -5.00313 -6.136926 0.7373352 0.5845921 0.285193 18.52581 1.874039 0 0.0
-0.02287544 0.06600339 -3.411498 2.589212 0.1792911 0.1570388 0.4487965 16.87729 2.491574 1 0.0
-0.04792075 0.06601672 -0.2280209 -10.69845 0.176332 0.1542233 0.4122455 16.78994 2.595669 1 0.0
-0.07736377 -0.01164719 -6.864154 -12.6382 1.439202 1.23985 0.5040539 19.50193 1.693356 0 0.0
-0.01986065 -0.006769161 -1.056893 -3.570986 1.231992 1.049286 0.763124 18.99381 2.167746 0 0.0
0.03336853 0.06305272 -3.055919 -9.292988 0.6259389 0.5209761 0.502648 18.86485 2.89439 1 0.0
-0.07890805 -0.01280764 -4.083894 -4.435289 0.2179512 0.1901182 0.3242601 16.7516 2.377591 0 0.0
-0.05543813 -0.04303272 -1.366212 -2.258845 1.723297 1.391948 0.4339704 19.44713 1.865614 0 0.0
0.007403719 -0.02157862 -3.93462 -5.816231 1.11641 0.942238 0.7477413 19.18596 1.985579 0 0.0
0.08138996 -0.005324493 -1.964241 -1.766329 2.044538 1.92421 0.4747365 20.10618 nan 0 0.0
0.0140076 -0.06926469 -4.89738 -3.518477 1.899956 1.605148 0.6053348 19.9994 1.965244 0 0.0
0.07697131 -0.03080631 -2.185395 -8.753847 2.588855 2.165233 0.7344594 20.29493 1.625614 0 0.0
0.03714763 0.06686846 -2.880888 -3.009479 1.235401 1.098701 0.6481939 19.74181 2.360798 0 0.0
0.00852147 0.01607238 -0.8081961 -2.465204 0.5018559 0.4014318 0.4700845 18.11037 1.989447 0 0.0
0.02236917 0.005979215 -12.02944 -21.29189 3.284584 2.671848 0.3623878 20.30345 nan 0 0.0
-0.05434824 0.02976544 -4.657002 -2.404949 1.655936 1.466185 0.5007991 20.02864 1.527798 0 0.0
0.03282506 0.06475991 -4.343741 -7.196771 0.325243 0.2725122 0.4566347 17.96107 2.745987 0 0.0
0.00491734 0.05478217 -1.212067 -2.384476 0.6149832 0.5085189 0.2859647 18.89429 2.777426 0 0.0
0.04547921 -0.02298132 -3.466506 -2.627538 3.416818 2.891853 0.591078 20.39997 1.721968 0 0.0
-0.03507389 -0.03818018 -6.91754 -4.935923 1.601264 1.277563 0.6146182 19.37106 nan 0 0.0
-0.07737535 0.01146033 -2.406336 -5.374836 0.3347894 0.2680315 0.2859794 17.96895 nan 0 0.0
0.02005745 0.05113028 -0.1060097 -6.147942 1.571294 1.398626 0.5900218 19.83065 2.463543 0 0.0
-0.055467 -0.04228696 -3.44985 -3.061911 1.892901 1.501078 0.6960778 19.48975 nan 0 0.0
0.02466597 0.05510834 -3.906084 -5.179639 1.579038 1.398623 0.6093131 19.82632 2.489288 0 0.0
-0.04053776 -0.03618643 -3.553413 -5.461247 1.16566 0.9110898 0.2912668 19.05703 0.6555595 0 0.0
-0.03977513 0.001386631 -0.5302006 -6.080639 0.2736501 0.2376326 0.4216261 17.70367 1.865847 0 0.0
0.001739483 -0.02613702 0.9017969 -4.491762 1.201692 1.010753 0.760789 19.16253 2.193735 0 0.0
-0.07315321 0.03808135 0.9462307 3.588152 1.256995 1.048037 0.2990635 19.19373 1.823584 0 0.0
0.0009675088 0.0364698 2.594686 -5.138207 0.4804512 0.3928788 0.1628492 17.95012 2.549559 0 0.0
0.04010879 0.006433389 -0.898438 -3.814871 0.189942 0.1695066 0.5012299 16.44067 3.057159 1 0.9481379
0.001396479 0.003665307 -1.131148 -3.556576 0.4018053 0.3476153 0.276932 16.68439 nan 0 0.0
0.01851184 0.05025691 -3.503381 -3.419503 1.408166 1.213257 0.5129674 19.90543 2.290886 0 0.0
-0.06281335 -0.05369953 4.32817 3.161285 1.069187 0.8446243 0.1830421 18.97912 1.962633 0 0.0
0.0469483 0.01036823 1.239319 -1.660717 2.141467 1.854003 0.6481365 20.1111 2.395407 0 0.0
-0.01800704 0.04493738 -8.982472 -2.459943 1.992282 1.832497 0.1919578 20.36514 1.355679 0 0.0
-0.0684522 -0.04368072 -2.83098 -7.610678 0.9260885 0.8130873 0.2978478 19.38764 2.149 0 0.0
-0.0113625 -0.02114017 -1.355773 -3.27907 0.3123405 0.2690598 0.5157715 16.75985 nan 0 0.0
-0.01643285 0.04368442 -4.404916 -9.999057 1.864393 1.699233 0.4183508 20.13554 1.517429 0 0.0
-0.04281826 0.03870309 -0.6729177 -3.179379 1.143322 0.9894626 0.5344098 19.70722 1.925362 0 0.0
-0.06730686 0.01909063 -0.6914503 -4.645841 0.3062725 0.242205 0.2118358 18.12898 1.876068 1 0.03477952
0.02744844 -0.07084005 -1.469326 -7.970084 0.4897576 0.3833829 0.2807373 18.68219 2.317667 0 0.0
-0.05337749 -0.04654914 1.326601 -0.9670331 0.4842271 0.3515699 0.2762092 18.23521 2.2677 0 0.0
-0.06050494 0.04038709 -2.342169 -9.099455 2.634945 2.454673 0.1316879 20.64639 nan 0 0.0
-9.129105e-05 -0.05950606 -3.704201 -7.601319 0.3999047 0.2977139 0.1540015 18.5332 1.974504 0 0.0
-0.07613415 -0.01051171 -4.350944 -9.233089 3.010764 2.640141 0.2707759 20.66921 nan 0 0.0
-0.06039021 0.03973672 0.4393162 -6.272528 1.155368 1.012455 0.3258607 19.9445 1.626116 0 0.0
-0.05558384 -0.03554071 -3.228298 -3.862885 0.6740993 0.5034865 0.002372291 18.5678 2.22744 0 0.0
0.02643666 0.03271769 -1.75779 -7.664583 0.4055012 0.3362045 0.6012526 17.83441 2.814598 1 0.0
-0.02991356 0.0495227 0.481481 -2.62399 2.938128 2.489046 -0.2325627 20.43861 nan 0 0.0
-0.03807611 -0.04297787 -3.286613 -6.162201 0.8894141 0.590524 0.3070564 18.89978 1.714937 0 0.0
-0.0272835 0.06651956 1.595761 -4.060784 1.044339 0.893745 0.4130085 19.49995 1.95957 0 0.0
-0.00552757 0.004317528 -1.947562 -4.454491 0.5248173 0.4600923 0.5808138 17.35303 2.137317 0 0.0
-0.04897877 -0.02754859 -5.68913 -7.681534 0.953422 0.850635 0.2874423 19.30492 1.650383 0 0.0
0.03035364 0.01458381 -0.9692564 -2.41634 2.40687 2.064698 0.7832708 19.77983 2.074928 0 0.0
0.01121482 0.06619541 -2.275692 -7.224666 1.088444 0.975594 0.522643 19.74888 nan 0 0.0
0.02446238 0.03455479 -3.850074 -5.39926 0.2892877 0.2325006 0.381675 17.7334 2.695187 1 0.0
-0.01125429 0.06425182 1.839921 -0.1317829 1.901167 1.71152 0.4411185 20.38817 2.449116 0 0.0
0.02084653 -0.03987323 1.91448 -3.874113 1.866376 1.560227 0.7757677 19.80252 1.895124 0 0.0
0.02814963 0.01043765 -1.582087 -6.194722 0.2720528 0.237248 0.6020777 17.36608 2.822336 1 0.0
-0.01402136 -0.03872805 4.697108 -3.107014 3.114467 2.605002 0.6801621 20.24375 2.112091 0 0.0
-0.01401846 -0.07054833 1.365638 -3.024857 1.317316 1.083422 0.7181458 19.37012 1.741335 0 0.0
-0.05998821 0.03627695 -4.699462 -7.266557 0.3784669 0.2963977 0.2166065 18.08039 2.166798 0 0.0
-0.009214401 -0.06409732 -4.267812 -4.605173 0.4526944 0.3228138 -0.0009572836 18.45972 2.374044 1 0.0
0.08007308 -0.006912626 -1.188878 -3.16747 2.495741 2.081739 0.7495009 20.28654 nan 0 0.0
-0.05700061 0.005480125 -6.09905 -4.326286 0.616129 0.5174503 0.402986 18.86358 1.760405 0 0.0
0.01867812 0.005268264 -1.384283 -3.31911 0.6002778 0.4623189 0.1663442 18.60829 2.486952 0 0.0
-0.03604626 -0.03885369 -4.886413 -8.899199 1.597831 1.298645 0.6181823 19.53746 2.337929 1 0.002949619
0.01424294 0.001700088 -1.395477 -4.669339 0.5761432 0.451195 0.3602682 18.61008 2.195381 0 0.0
0.03662574 0.03867226 -0.8266689 -1.823856 3.458316 2.956072 0.7085006 20.58233 nan 0 0.0
-0.0483402 0.03432028 -3.592235 -2.785114 0.297136 0.2600408 0.4108579 17.67906 1.940519 0 0.0
-0.01462568 -0.0003026642 -0.939703 -4.332332 1.426874 1.332872 0.6917501 19.05092 2.356796 0 0.0
-0.01336069 -0.07081149 7.90439 2.746438 1.745629 1.440353 0.7304057 19.64209 1.980047 0 0.0
-0.08077871 0.008397296 -5.718257 -5.390464 0.3966301 0.3045758 0.135496 18.44823 1.862188 0 0.0
-0.004783766 0.007632525 2.082929 -5.017683 0.6938644 0.6827594 -0.7716303 17.1456 2.26263 0 0.0
0.01187321 0.06703459 -3.644519 -5.328497 1.178156 1.061746 0.4937885 19.87073 2.517868 0 0.0
-0.06877259 0.03345614 -2.520144 -11.48266 1.369192 1.185567 0.5517191 19.82591 nan 0 0.0
-0.005758857 0.06861041 0.05321603 -2.055548 0.5668632 0.4533514 0.2404055 18.60339 2.203123 0 0.0
-0.05294889 -0.0452787 -1.297338 -4.518837 0.5642891 0.4059992 0.3116025 18.50034 1.983871 0 0.0
-0.03690421 -0.03956152 0.6926747 -5.21696 1.530317 1.299055 0.6288584 19.35082 nan 0 0.0
-0.007702066 0.004311713 -4.813368 -1.669405 0.4785056 0.4363451 0.5174365 17.6578 nan 0 0.0
0.04140725 -0.05946966 1.719169 3.10044 1.322067 1.130457 0.8185358 19.2018 2.291235 0 0.0
0.03585958 -0.05638027 -2.041294 -0.6891072 2.921646 2.507769 0.5145316 20.48529 1.044691 0 0.0
0.004000476 0.01661234 -1.109678 -4.110522 0.1805283 0.1420475 0.1268994 15.76017 2.668813 0 0.0
-0.001692873 -0.06086601 4.048744 -1.011818 2.367373 1.942598 0.7752048 20.15006 1.588964 0 0.0
0.01246992 0.01256259 -1.995639 -6.1154 0.6051928 0.54199 0.3964308 18.36366 nan 0 0.0
0.08273555 -0.003608594 -5.461197 0.1899284 1.743133 1.525501 0.8530359 19.46663 2.09432 0 0.0
0.0007672572 0.05110488 -0.6846443 -3.609661 0.7965636 0.6938083 0.4907936 19.18737 nan 0 0.0
0.008464415 0.01923668 -6.079736 0.5593289 2.293689 1.8956 0.3519877 20.03266 1.526892 0 0.0
0.02025548 0.03348347 -3.924779 -7.252192 0.2970371 0.2596768 0.5901826 17.2573 3.063997 1 0.0
-0.0721412 0.01584214 -5.755052 -8.320666 1.995962 1.77317 0.4043969 20.21841 nan 0 0.0
0.0197369 0.006282842 3.236529 -2.094032 1.279454 1.159899 0.599736 19.31152 1.999142 0 0.0
-0.02202743 -0.0596812 -1.975308 -1.624409 0.4281369 0.362813 0.5650546 17.89489 2.101711 0 0.0
-0.002552038 0.01002058 -1.739476 -3.585393 0.4854888 0.4538094 0.8598109 17.08933 2.421808 0 0.0
0.02654754 0.01178834 -1.185763 -3.279633 0.3855924 0.3298592 0.6281362 17.59389 2.616089 0 0.0
-0.05826753 0.02667983 -2.028305 -3.598478 0.3418468 0.271246 0.1992797 18.14163 1.993679 0 0.0
-0.03614615 0.02125637 -0.2884151 -8.882846 0.3863841 0.3215741 0.3769294 18.20835 nan 0 0.0
-0.0578586 0.004486077 -3.13308 -7.547461 1.201874 1.038762 0.7665373 19.16933 1.978249 0 0.0
0.06781721 0.03339362 -1.898277 -2.930311 0.264345 0.2385057 0.5533693 16.91489 3.403569 1 3.747062e-06
0.07901295 -0.009971467 -4.096835 -7.125787 0.4717493 0.3793717 0.3638424 18.6045 2.839933 1 0.0
-0.05855349 0.0261533 -3.413978 -5.592234 0.8299023 0.7305202 0.3800934 19.27421 nan 0 0.0
0.03105259 0.0755139 1.89065 -10.58104 2.42825 2.130882 0.3972452 20.21118 2.827129 0 0.0
-0.03899727 -0.01982289 2.766703 -3.678701 1.684344 1.524538 0.235156 20.19047 1.10693 0 0.0
-0.008270497 -0.06658827 7.763388 -0.6368162 4.016054 3.250177 0.463674 20.57777 nan 0 0.0
-0.03257831 0.06413054 -6.899333 -6.370763 1.661411 1.584011 0.1699084 20.09742 2.004471 0 0.0
0.03627166 -0.006775959 -1.916181 -6.09091 1.021489 0.8695693 0.7436134 19.04872 2.352674 0 0.0
-0.02129665 0.03322775 -2.917501 -4.428569 0.6047738 0.4968046 0.1422068 18.88045 2.293676 0 0.0
0.002569724 0.01367124 0.1828758 -2.425166 0.4661107 0.4137686 0.5355242 17.67879 2.209608 0 0.0
