data/gcs/NGC_7078_M_15.ecsv
# %ECSV 0.9
# ---
# datatype:
# - {name: x, unit: deg, datatype: float64}
# - {name: y, unit: deg, datatype: float64}
# - {name: pmx, unit: mas / yr, datatype: float64}
# - {name: pmy, unit: mas / yr, datatype: float64}
# - {name: pmx_e, unit: mas / yr, datatype: float64}
# - {name: pmy_e, unit: mas / yr, datatype: float64}
# - {name: pm_corr, datatype: float64}
# - {name: g_mag, unit: mag, datatype: float64}
# - {name: bp_rp, unit: mag, datatype: float64}
# - {name: filter, datatype: int64}
# - {name: memberprob, datatype: float64}
# meta: !!omap
# - comments: [deg deg mas/yr mas/yr mas/yr mas/yr dimless mag   mag   zeroone float]
# - __serialized_columns__:
#     bp_rp:
#       __class__: astropy.units.quantity.Quantity
#       unit: &id001 !astropy.units.Unit {unit: mag}
#       value: !astropy.table.SerializedColumn {name: bp_rp}
#     g_mag:
#       __class__: astropy.units.quantity.Quantity
#       unit: *id001
#       value: !astropy.table.SerializedColumn {name: g_mag}
#     pmx:
#       __class__: astropy.units.quantity.Quantity
#       unit: !astropy.units.Unit {unit: mas / yr}
#       value: !astropy.table.SerializedColumn {name: pmx}
#     pmx_e:
#       __class__: astropy.units.quantity.Quantity
#       unit: !astropy.units.Unit {unit: mas / yr}
#       value: !astropy.table.SerializedColumn {name: pmx_e}
#     pmy:
#       __class__: astropy.units.quantity.Quantity
#       unit: !astropy.units.Unit {unit: mas / yr}
#       value: !astropy.table.SerializedColumn {name: pmy}
#     pmy_e:
#       __class__: astropy.units.quantity.Quantity
#       unit: !astropy.units.Unit {unit: mas / yr}
#       value: !astropy.table.SerializedColumn {name: pmy_e}
#     x:
#       __class__: astropy.units.quantity.Quantity
#       unit: &id002 !astropy.units.Unit {unit: deg}
#       value: !astropy.table.SerializedColumn {name: x}
#     y:
#       __class__: astropy.units.quantity.Quantity
#       unit: *id002
#       value: !astropy.table.SerializedColumn {name: y}
# schema: astropy-2.0
x y pmx pmy pmx_e pmy_e pm_corr g_mag bp_rp filter memberprob
[from data line 820]
0.001503707 -0.1577034 -2.001338 -3.105148 1.594011 1.915279 0.1753527 20.51305 0.8489132 0 0.0
-0.008731316 -0.05290893 -1.889891 -4.601752 0.725656 0.8122896 0.01155948 19.06696 0.5170898 0 0.0
0.04141648 0.01058788 1.608082 -0.4407169 0.8189821 0.930872 -0.1258594 19.49266 0.5258617 0 0.0
0.04135994 -0.009418313 -1.00517 -3.041467 0.6939602 1.142572 0.3208602 19.25202 0.6880054 0 0.0
0.02236089 -0.06490153 -0.437668 -3.091631 2.347898 3.439508 0.4879655 20.70931 0.5314178 0 0.0
0.00215909 0.00446016 -0.08339237 -3.459604 0.1221949 0.1191903 -0.3177618 12.80532 1.333535 0 0.0
-0.01153413 -0.007650308 -0.1770685 -3.413783 0.7904137 0.9512268 -0.09928971 15.66085 0.887476 0 0.0
-0.03674937 -0.05414726 -0.7245621 -3.720851 0.1747226 0.1816416 -0.01517183 17.20097 0.9851112 1 0.9996338
-0.03823125 0.01561231 -2.246417 -7.80702 0.7963445 1.253848 0.1533741 19.58087 nan 0 0.0
0.09949205 -0.05552355 -0.6174799 -3.284714 0.4120934 0.4475252 -0.1326487 18.36655 -0.1684608 1 0.9965336
0.03889008 -0.05254955 -3.698528 -10.37466 2.206248 3.642555 0.5245811 20.72425 nan 0 0.0
-0.04613561 0.0195303 -0.5565754 -3.598616 0.1048618 0.1261726 -0.01784063 15.94409 0.3397675 1 0.999684
0.054963 -0.005352242 0.7027609 -4.585787 0.5920753 0.6809854 -0.06671508 19.19623 0.7081718 0 0.0
-0.002405614 -0.04787652 -1.065284 -3.950746 0.2251644 0.2418404 0.04099261 17.65903 0.9496384 1 0.9983963
0.06194677 -0.1468339 -0.6527721 -2.454776 1.180867 1.498422 0.1733607 20.35493 0.2214718 0 0.0
0.006126425 0.01593865 -1.374152 -3.467702 0.3582753 0.3347901 -0.8431903 15.16854 nan 0 0.0
-0.1826118 -0.0307869 3.876754 5.27467 1.451138 1.706518 0.15411 20.51588 2.225901 0 0.0
-0.01633981 -0.04970613 -1.834666 -2.205464 2.564951 2.078911 -0.3120713 20.45633 nan 0 0.0
-0.01708046 0.03270758 0.7891518 -2.485993 0.5782144 0.7562184 -0.006459918 19.03258 0.753746 0 0.0
-0.09241661 -0.02329954 -0.4128788 -4.57505 0.7648803 0.7228203 -0.2178037 19.28471 0.6349716 1 0.9916894
-0.05144006 -0.1079063 -1.702608 -5.797497 0.9420739 1.23575 0.245068 20.05438 0.9799309 0 0.0
0.05176046 -0.1054076 -4.303705 -8.029794 1.508971 1.971554 0.2513121 20.46425 0.4954777 0 0.0
-0.040782 -0.08352459 1.589101 -4.493283 0.9771841 1.153344 0.1566053 19.93463 0.7904377 0 0.0
0.193635 -0.0191252 1.352512 -30.87273 3.51368 4.630743 0.06013245 20.98429 3.495668 0 0.0
-0.04331945 -0.08928438 -0.09843544 -4.010783 0.7426288 0.8792553 0.02333668 19.50169 0.7158737 1 0.9920918
0.04854469 -0.1461147 -1.531077 -5.489304 0.7440583 0.8982032 -0.000431694 19.58738 1.758551 0 0.0
-0.05721352 -0.03175615 0.1499834 -4.701971 0.8986836 1.046419 0.001836234 19.80292 0.6206322 0 0.0
-0.04437089 0.04794091 -1.636422 -4.881299 0.66195 0.8650409 -0.006136251 19.28865 0.7337646 0 0.0
0.01684075 -0.06709348 -1.190605 -4.197719 0.7126503 0.8082693 -0.06190722 19.36353 0.5038776 0 0.0
0.09310739 -0.1435317 -1.716602 -2.350951 1.57137 2.269994 0.3604192 20.58809 0.6651363 0 0.0
-0.08618111 -0.02313475 0.3414573 -6.395028 0.993969 1.168058 -0.03252606 19.91752 0.5394363 0 0.0
-0.00243553 -0.05651681 0.5604716 -4.840575 0.8601638 1.020736 -0.01772058 19.53072 0.1572762 0 0.0
0.06012207 0.00337881 -0.9068221 -3.898335 1.31256 1.612797 0.03929512 20.21398 0.7294083 0 0.0
0.06491551 -0.08027826 -0.5865316 -3.88346 0.6604293 0.7088897 -0.167715 19.25719 0.8159866 0 0.0
-0.04074392 -0.02957527 0.5219553 -4.471652 0.4343331 0.4975103 0.09613798 18.86197 0.6288624 0 0.0
-0.04996828 -0.05745245 0.5949951 -4.008209 1.751353 2.705582 0.3279588 20.59864 0.5988941 0 0.0
-0.05982516 0.02996718 -1.213258 -4.443491 1.074931 1.245486 -0.005526336 19.9841 0.3321362 0 0.0
0.1132204 -0.2036872 -0.4625677 -4.163198 0.6152322 0.6790209 -0.02058879 19.19909 0.7163105 0 0.0
-0.09999121 0.06485703 13.69193 -5.796628 0.9725706 1.062607 -0.06679921 13.2827 0.9991007 0 0.0
0.03385021 -0.07420817 -4.38453 -11.98978 2.225847 3.546441 0.2914694 20.77064 0.6804504 0 0.0
-0.1204811 0.06425136 -0.9046889 -2.069868 1.116813 1.202906 0.07548576 20.13965 0.7323074 0 0.0
-0.05526354 0.01955112 0.2198184 0.2832612 0.9680028 1.249642 0.03411558 19.85246 -0.06425285 0 0.0
-0.1448268 -0.006218731 0.7926168 -3.013554 1.003934 1.006393 0.03190994 19.90514 0.4696655 1 0.9607032
-0.01904837 0.04324009 -2.662945 -3.349298 1.167529 1.322277 -0.1938434 19.8082 0.8231144 0 0.0
-0.1052175 -0.1038096 -0.7762764 -5.718232 1.08742 1.120899 0.03782026 20.09235 0.367197 0 0.0
-0.03427695 -0.08649143 -1.44603 -4.282923 0.6307649 0.779787 0.01942217 19.37462 0.5457191 0 0.0
-0.01159064 0.06441313 0.1621037 -3.272721 0.3891905 0.440182 -0.08280145 18.4823 0.8113956 0 0.0
-0.03115899 0.03667996 -0.5919327 -3.92824 0.7949685 0.9911216 0.04781166 19.50759 nan 0 0.0
-0.05116113 -0.05387594 0.4556296 -3.686444 0.8445092 0.9903954 -0.009391251 19.59968 0.5436172 0 0.0
-0.05952851 0.02268295 1.361578 -4.991192 1.215129 1.239753 -0.1867617 19.90398 0.09084892 0 0.0
0.03862053 -0.04554581 -0.5706451 -5.413133 0.6040184 0.6925158 -0.04826807 19.23851 0.6378136 0 0.0
-0.105144 -0.1447775 2.27726 -4.864619 0.249741 0.2799952 0.08781974 18.01875 0.9824409 1 0.0
0.09578348 -0.03150281 -2.224891 -4.371068 1.494614 1.77114 0.009030114 20.23398 0.7038231 0 0.0
-0.02457462 -0.04553604 7.00458 -7.325085 0.9805323 0.9068805 -0.2095922 19.12496 0.6466789 0 0.0
-0.1063201 0.04981337 0.1555026 -2.928856 1.029278 1.15188 -0.01430115 19.97466 0.4427128 1 0.9807372
-0.0210867 -0.08398083 -2.40179 -7.021806 1.183872 1.461759 0.1736502 20.21912 0.3125935 0 0.0
-0.02152539 0.02657196 -2.638889 -2.313071 2.106343 2.938876 -0.02198761 20.16155 nan 0 0.0
-0.02629724 0.03464715 -0.5320428 -3.006886 0.5240233 0.9773431 0.3390767 18.53348 nan 0 0.0
-0.008223215 -0.02520948 -0.006835229 -4.510639 0.5129955 0.4189008 -0.1451679 18.22718 0.6787453 0 0.0
-0.03874993 -0.06382963 -2.515814 -2.759541 0.9122014 0.9441099 0.01590116 18.95826 0.5362797 0 0.0
0.009798439 -0.06259631 -0.6805117 -3.100242 0.8061285 1.03914 0.04081744 19.728 0.5974426 0 0.0
0.04504058 -0.07554642 0.5134463 -3.596026 0.7427974 0.9056274 0.01887249 19.63986 0.5829754 0 0.0
0.008543008 0.005686714 -1.606982 -2.898845 0.2898495 0.3074816 -0.06454322 16.80186 0.8313684 0 0.0
0.03905893 0.01678449 1.122048 2.067121 1.075696 1.172137 -0.1447089 19.59853 0.6272945 0 0.0
0.04308715 0.009738417 0.1119933 -4.153931 0.4291194 0.4704731 -0.1164656 18.61442 0.7300377 0 0.0
0.009438107 0.001282676 0.3241862 -4.435817 0.1845123 0.1551506 -0.4522913 13.81206 1.208511 0 0.0
-0.04243929 0.003333436 0.3158531 -3.05188 0.6473137 0.8522497 0.01143872 19.30831 0.5395184 0 0.0
-0.05551761 -0.05441294 -0.1280424 -4.004628 0.2536244 0.2923181 0.09245465 18.03791 0.8839531 1 0.9965565
-0.01043383 -0.09772294 1.396158 -3.166834 1.438618 2.154467 0.3575953 20.52269 0.68503 0 0.0
-0.06235446 -0.07119513 -1.795657 -3.603679 1.169738 1.115466 -0.2677949 19.77283 0.567688 0 0.0
-0.0771685 -0.1176609 -0.2545909 -3.946275 0.2782664 0.346967 0.2556252 18.08514 0.9663105 1 0.9960363
0.004575493 0.00180993 -4.731275 0.9985773 1.157119 0.8227348 -0.460511 15.62103 nan 0 0.0
-0.001570306 -0.0717241 0.4359495 -2.503825 0.9833026 1.167382 0.02326793 19.98463 0.625843 0 0.0
-0.009623977 0.01562785 -0.8675943 -6.861584 0.5589213 0.817244 0.08868918 18.14219 0.9025764 0 0.0
-0.01679938 -0.2420024 5.035147 -6.598965 0.2335696 0.2803984 0.2826697 17.5829 0.9012508 1 0.0
0.003472513 -0.05951038 -1.699967 -4.554178 0.947633 1.099278 0.02959065 19.90866 0.5819969 0 0.0
-0.05557885 -0.06193265 -0.09196959 -4.477662 0.7006904 0.8097902 -0.01153987 19.46705 0.563961 0 0.0
0.003442087 -0.0140144 -0.4433166 -4.058098 0.1053798 0.1046237 -0.2234549 15.47655 nan 0 0.0
-0.0726589 0.1115028 0.06023803 -4.300777 0.4306355 0.4798401 -0.04995359 18.59029 0.8879089 1 0.9875988
-0.0757936 -0.005365237 0.819989 -4.763987 1.370777 1.582668 0.09961511 20.42779 nan 0 0.0
0.02439036 -0.06926727 0.01004415 -3.502782 1.231323 1.453209 0.107173 20.19815 0.4592953 0 0.0
-0.003359575 0.01840003 -0.4170793 -3.687557 0.09481542 0.0970382 -0.1974282 15.43956 1.064085 0 0.0
-0.03089422 0.005084697 -1.146009 -0.01726439 0.9691455 1.553148 0.1889775 19.41155 0.4384422 0 0.0
-0.06658668 -0.0508818 -0.2075137 -3.732794 0.3780791 0.4434012 0.116568 18.69762 0.6660099 0 0.0
-0.2406636 -0.02219766 -0.4644573 -3.061428 0.3603554 0.4081318 0.1525322 18.59276 0.8149433 1 0.9745087
-0.003598804 -0.02513806 -0.6375436 -4.049154 0.06398577 0.06208185 -0.07975676 15.0206 1.160149 1 0.9995629
-0.1136054 -0.0379083 -2.171709 -3.308049 1.183013 1.393985 0.1369184 20.33879 0.3641415 0 0.0
-1.861802e-05 -0.04011744 -1.83453 -6.89704 1.975311 2.179586 0.236357 20.28108 nan 0 0.0
-0.06616059 -0.01720291 -4.578238 -3.728165 1.847906 2.704863 0.1534457 20.5413 0.725296 0 0.0
0.02471855 -0.06875512 -1.16614 -4.476369 0.8324547 1.015338 0.02149245 19.81718 nan 0 0.0
-0.1097593 -0.117432 2.875872 -7.460127 2.000641 2.662468 0.3461816 20.40053 nan 0 0.0
0.02011692 0.01468526 -0.902949 -3.217002 0.5458326 0.5711672 -0.1519131 18.62677 0.7881775 0 0.0
-0.0599593 0.09610544 -0.5559527 -3.907677 0.0469967 0.05298081 -0.0585552 13.98534 1.291306 0 0.0
-0.0598644 -0.01178086 -0.09640652 -4.674956 0.801677 1.125424 0.1080243 19.67717 0.6424389 0 0.0
-0.03936168 0.03665339 -1.050517 -1.097155 0.8981774 1.160899 0.02679636 19.60459 0.5938988 0 0.0
-0.01478535 0.00251316 0.7667004 -5.859527 0.8461805 1.147102 0.05263002 18.14552 nan 0 0.0
-0.1415064 -0.1018731 -1.656601 -4.625755 0.6552648 0.7442627 -0.02345295 19.41749 0.66395 1 0.9481403
-0.03081698 -0.1010535 -0.5692093 -2.885218 0.7928165 1.130652 0.09055903 19.60714 0.8055973 0 0.0
-0.03098009 0.03614683 -1.30112 -7.014399 0.4968147 0.596744 0.002264735 18.79453 0.6875992 0 0.0
0.01242431 -0.06323612 0.03615874 -4.412784 0.9615134 1.158863 0.02634501 19.97327 0.6227303 0 0.0
-0.06871642 0.02107155 0.9829162 0.1157401 0.8809769 1.0221 0.01043846 19.75403 0.5169792 0 0.0
0.03641369 -0.05374009 -2.097937 -3.376734 1.195714 1.57327 0.3216313 20.19293 0.5709343 0 0.0
0.1095544 -0.07225752 1.083307 -6.012745 1.679088 2.044648 -0.04500139 20.48982 0.8354549 0 0.0
0.005321293 0.001649727 -1.520604 -3.759901 0.4168815 0.5182073 -0.0329385 15.7703 nan 0 0.0
-0.003092122 -0.06924835 -0.7067694 -4.8415 0.9133291 1.162453 0.05794027 19.8597 0.5872841 0 0.0
-0.02462451 0.05990505 -1.438735 -2.971184 0.3788157 0.3964302 -0.2196294 18.1661 0.9240608 1 0.9843339
0.06336327 -0.0781405 -0.616111 -3.273007 1.403745 1.827415 0.2142351 20.53456 1.15443 0 0.0
0.02248547 -0.1271335 -0.4442007 -4.965261 1.412514 1.8146 0.1703763 20.48268 0.6761017 0 0.0
0.02696987 -0.2017215 0.6869108 -4.399163 0.4587517 0.5192198 0.08727116 18.84063 1.217859 1 0.6757901
-0.05388396 -0.09140913 -0.1560348 -4.764616 0.5858644 0.7086239 -0.002512849 19.24982 0.682766 1 0.9875173
-0.03271066 0.03169624 -0.2035366 -5.28033 0.5754946 0.7539382 0.04012358 19.12336 nan 0 0.0
0.2278572 -0.02215268 -1.73557 0.7233056 2.195 3.935207 0.2839153 20.62891 0.3821068 0 0.0
0.02543453 -0.06696596 0.8086845 -5.325582 1.763133 2.17022 0.1857031 20.70009 -0.01076126 0 0.0
0.01343479 0.01703278 -0.172682 -4.562444 0.1783786 0.1774089 -0.1455069 16.41823 1.020802 0 0.0
0.1358735 -0.07258678 -0.1232107 -4.23343 0.8647508 1.038012 -0.03358448 19.80768 0.6229744 0 0.0
-0.01643008 -0.06205334 -0.1709658 -4.317308 1.800372 1.592642 0.02527807 20.21668 0.205555 0 0.0
0.007558776 -0.00155075 -0.5429098 -5.439895 0.3667599 0.408095 -0.1526906 14.56386 1.044837 0 0.0
0.0006378605 -0.07105462 -0.1607831 -4.821932 1.116719 1.568037 0.1306303 20.15818 nan 0 0.0
-0.03951516 0.007527245 -0.2972707 -3.980141 0.4491848 0.6003066 0.21474 18.82385 0.6580029 0 0.0
0.1650537 -0.0669207 0.8084158 -0.0488601 1.370321 1.553687 -0.02438078 20.40034 0.7802238 0 0.0
0.01355287 0.04135052 -0.7605099 -3.940135 0.0732655 0.07773971 -0.06173536 14.93569 1.179724 1 0.9997138
0.157742 -0.014742 -4.044544 -1.997782 0.1458573 0.1511503 -0.1908951 16.85826 1.007254 1 0.0
-0.02878123 -0.04157978 -0.4398351 -3.759761 0.101631 0.1065996 0.03964246 15.72034 0.4197035 1 0.9997038
0.02217631 0.001634386 2.048361 -6.025965 0.9600714 1.155944 -0.08091284 18.65323 0.4785194 0 0.0
-0.08249501 0.02982067 -0.1310142 -5.509887 0.7483711 0.8329222 -0.07279351 19.55452 0.5499325 0 0.0
0.03163844 -0.04397413 -1.323211 -3.630977 0.4123403 0.4577903 0.02338541 18.70806 0.7233257 0 0.0
0.03580733 0.01761945 -0.3802415 -2.356658 1.237615 1.244941 -0.02526353 19.74004 1.080933 0 0.0
-0.04832279 -0.1990749 0.4232761 -3.634651 1.160267 1.407168 0.2369432 20.30562 0.8892193 0 0.0
-0.003091234 0.007302119 -0.8869479 -3.600273 0.05165446 0.05412313 -0.2269822 13.52525 1.262223 0 0.0
0.03475474 -0.1461169 -2.858926 -7.72429 0.1968492 0.2255049 0.1279961 17.59137 0.8986435 1 0.0
0.0001007346 -0.0569517 2.157453 6.445407 1.216888 2.341676 0.505117 19.98507 nan 0 0.0
-0.01869063 0.04061555 -0.6535643 -0.7607789 1.883947 2.871695 0.03670673 20.44217 1.013142 0 0.0
-0.01120591 -0.006379074 -0.08831324 -3.466059 0.1956612 0.2178358 -0.06018398 15.81861 0.5126657 0 0.0
0.002159009 0.01437742 3.195882 -5.670084 0.4091899 0.3272674 -0.4786602 15.85085 0.9719601 0 0.0
0.01704948 -0.0649086 -4.251711 -3.124272 0.6886905 0.8059747 -0.03111333 19.366 0.6208401 0 0.0
-0.0008840744 -0.0993234 -3.207151 -8.653042 2.021358 2.304285 0.09178747 20.63623 0.4187012 0 0.0
-0.05851131 0.03623825 1.052647 -3.952446 1.197621 1.31497 0.185843 19.73645 0.5291691 0 0.0
-0.01639946 -0.04924837 1.680246 -0.8283552 1.303309 1.299538 -0.1259384 19.949 nan 0 0.0
0.02746322 -0.06306523 -2.130014 -3.756816 2.647227 3.338056 -0.0463828 20.77588 nan 0 0.0
-0.0724716 0.0333492 -0.6475542 -4.656932 1.207093 1.502312 0.3499796 20.10506 0.4494133 0 0.0
-0.06253671 0.04207756 1.6338 -2.71965 1.001175 1.320402 0.3025016 19.75573 0.5970249 0 0.0
0.02927583 0.005902766 -0.6468872 -3.509196 0.2313409 0.2340811 -0.171697 17.54754 0.8266258 0 0.0
0.002189538 -0.07059208 -1.69564 -5.020275 0.8643448 1.142013 0.08386996 19.87109 0.3220787 0 0.0
0.05252733 -0.2119391 -0.01480694 -4.384273 1.136381 1.383488 0.1297746 20.1449 0.8310337 0 0.0
-0.02185648 -0.009508371 -1.356535 -5.519615 0.8347065 0.9543399 -0.01693179 19.14795 0.7662163 0 0.0
0.04442245 -0.1269981 -1.307499 -0.9519817 2.542207 4.321312 0.4633007 20.6902 0.1405716 0 0.0
-0.06392425 -0.1471595 7.488286 -0.5108197 2.074753 3.361269 0.2115973 20.81634 0.7891922 0 0.0
0.02528044 -0.01526635 -1.975904 -4.262946 0.6122019 0.9186812 0.09901114 18.80603 nan 0 0.0
-0.01908315 -0.02566287 -0.6223463 -3.933293 0.2056953 0.1967623 -0.03718253 17.10525 0.9807768 0 0.0
0.05524765 -0.08336367 0.8127771 -7.060274 1.524766 2.220243 0.4167681 20.44327 0.7228107 0 0.0
-0.02439043 0.01075361 -0.007772832 1.655324 0.729468 1.060389 0.02750548 18.66436 nan 0 0.0
-0.06510564 0.02669255 -1.128727 -2.100739 0.794553 0.9160529 -0.01059442 19.59414 0.2266102 0 0.0
0.03262369 -0.04913148 -0.4333717 -3.628502 0.1590682 0.1999221 0.1612442 17.07981 1.021961 1 0.9994767
0.03160625 -0.0241234 2.848686 -4.974502 1.972217 3.132894 0.2989887 20.36895 nan 0 0.0
0.01681518 -0.1351628 -1.950128 -4.674092 1.239666 1.678694 0.2375428 20.40537 0.5113201 0 0.0
0.009200035 -0.01557734 -0.3570769 -4.281249 0.1132189 0.1193836 -0.03915965 15.67704 0.7540531 0 0.0
-0.03128796 -0.0454104 -0.787721 -3.889045 0.1129393 0.09839741 -0.1430926 15.98852 0.6076174 1 0.9996955
-0.02329147 -0.04380428 -0.8500814 -3.29041 0.4474139 0.4147056 -0.02981238 18.47579 0.6835155 0 0.0
-0.1318262 -0.20155 2.843197 -0.1686711 0.5152544 0.5242378 0.1389851 18.92726 0.9180622 1 0.0
-0.05298846 -0.09023057 -0.3432154 -5.691841 0.561097 0.6996355 0.02704303 19.22287 0.7113609 1 0.9127545
-0.02364972 -0.04620846 1.506486 -4.813486 2.839859 2.500656 -0.1872367 20.6461 nan 0 0.0
-0.03347821 0.09478662 -0.4777436 -4.012413 0.1243179 0.156796 -0.09440791 16.47232 1.058992 1 0.9992625
0.07385558 -0.03600352 -0.8199541 -3.00178 0.903545 1.27566 0.3758353 19.567 0.6230621 0 0.0
