data/gcs/NGC_6535.ecsv
# %ECSV 0.9
# ---
# datatype:
# - {name: x, unit: deg, datatype: float64}
# - {name: y, unit: deg, datatype: float64}
# - {name: pmx, unit: mas / yr, datatype: float64}
# - {name: pmy, unit: mas / yr, datatype: float64}
# - {name: pmx_e, unit: mas / yr, datatype: float64}
# - {name: pmy_e, unit: mas / yr, datatype: float64}
# - {name: pm_corr, datatype: float64}
# - {name: g_mag, unit: mag, datatype: float64}
# - {name: bp_rp, unit: mag, datatype: float64}
# - {name: filter, datatype: int64}
# - {name: memberprob, datatype: float64}
# meta: !!omap
# - comments: [deg deg mas/yr mas/yr mas/yr mas/yr dimless mag   mag   zeroone float]
# - __serialized_columns__:
#     bp_rp:
#       __class__: astropy.units.quantity.Quantity
#       unit: &id001 !astropy.units.Unit {unit: mag}
#       value: !astropy.table.SerializedColumn {name: bp_rp}
#     g_mag:
#       __class__: astropy.units.quantity.Quantity
#       unit: *id001
#       value: !astropy.table.SerializedColumn {name: g_mag}
#     pmx:
#       __class__: astropy.units.quantity.Quantity
#       unit: !astropy.units.Unit {unit: mas / yr}
#       value: !astropy.table.SerializedColumn {name: pmx}
#     pmx_e:
#       __class__: astropy.units.quantity.Quantity
#       unit: !astropy.units.Unit {unit: mas / yr}
#       value: !astropy.table.SerializedColumn {name: pmx_e}
#     pmy:
#       __class__: astropy.units.quantity.Quantity
#       unit: !astropy.units.Unit {unit: mas / yr}
#       value: !astropy.table.SerializedColumn {name: pmy}
#     pmy_e:
#       __class__: astropy.units.quantity.Quantity
#       unit: !astropy.units.Unit {unit: mas / yr}
#       value: !astropy.table.SerializedColumn {name: pmy_e}
#     x:
#       __class__: astropy.units.quantity.Quantity
#       unit: &id002 !astropy.units.Unit {unit: deg}
#       value: !astropy.table.SerializedColumn {name: x}
#     y:
#       __class__: astropy.units.quantity.Quantity
#       unit: *id002
#       value: !astropy.table.SerializedColumn {name: y}
# schema: astropy-2.0
x y pmx pmy pmx_e pmy_e pm_corr g_mag bp_rp filter memberprob
[from data line 495]
-0.02188936 0.002739556 0.7378326 -8.449775 2.967069 2.687875 0.23051 20.69239 1.677649 0 0.0
-0.005532146 -0.01102546 -2.875873 -2.453663 1.105855 1.198777 0.2825286 19.60664 1.115881 0 0.0
0.03816839 -0.01182247 -3.910366 -0.8172643 3.530299 4.153172 0.09361608 20.82813 1.579746 0 0.0
0.0175693 -0.02652125 -0.8977558 -9.537006 1.65913 1.594891 0.1534975 20.11709 1.29767 0 0.0
-0.01639621 -0.03607578 -6.830191 1.632369 3.035014 3.708588 0.2454741 20.85707 0.8490448 0 0.0
-0.00696645 -0.01352224 -6.779484 -9.450465 1.568167 1.171153 0.09348195 19.91129 1.374001 0 0.0
0.01140482 -0.05348718 -3.537 -3.411462 1.526823 1.519325 0.186672 20.18489 0.8475723 0 0.0
-0.04251913 0.04987718 -2.279298 5.637449 0.5387907 0.4349649 -0.04520962 18.67175 1.9422 1 0.0
-0.03058671 -0.01207982 -6.730312 -6.888651 1.39473 1.3819 0.3271349 19.96426 1.328836 1 0.239764
0.00978748 0.016319 -3.761614 -0.6041042 2.688234 2.928922 0.4390666 20.56917 1.015018 0 0.0
-0.05957804 -0.0002679061 -3.138839 -5.824866 1.309876 1.227228 0.1027676 20.02258 1.539593 1 0.06927261
-0.01111684 0.05556783 -3.029235 -2.708897 2.132956 1.654191 -0.248914 20.51345 1.823378 1 0.4149072
0.0182102 -0.0008680088 -4.880957 -3.069314 0.9472967 1.088141 0.3084742 19.16367 1.04838 1 0.9548977
-0.01609108 -0.007455898 -4.568941 -3.933479 2.360495 2.548232 0.2617641 20.5732 0.5875301 0 0.0
0.02165863 -0.007037066 -7.863071 -3.151318 2.087652 2.162108 0.09149597 20.49696 0.6472301 0 0.0
-0.04508253 0.03579965 -9.797579 -0.9729553 2.231445 1.453481 -0.3500238 20.68031 1.349277 0 0.0
0.0326753 -0.01244204 -1.544422 -5.755889 1.318417 1.410147 0.2089297 19.91584 1.447849 0 0.0
-0.006295082 0.002058265 -4.970149 -3.370762 0.5248228 0.426003 0.008575623 18.51123 1.262119 1 0.9776862
0.01930886 0.02492426 -3.420728 -8.6972 2.785342 3.314171 0.3896988 20.68218 1.462936 0 0.0
0.0404268 0.02906351 -2.095366 -2.920226 0.2199929 0.2426623 0.4380793 17.2881 1.275221 1 0.0
-0.03864328 0.0006576685 -0.7640248 -12.38374 1.730206 1.57421 0.002317992 20.36607 1.56632 0 0.0
-0.0199057 -0.01882019 -4.666539 -3.469049 0.5800718 0.5124935 0.1223877 18.92042 1.18063 0 0.0
-0.001748023 0.0001071381 -5.520435 -2.850223 0.7225831 0.7776326 0.301282 18.96365 nan 0 0.0
-0.01010976 0.0442078 -0.8636073 -8.559048 1.676259 1.270448 -0.1807039 20.21174 0.7383022 0 0.0
-0.04154258 0.05149421 -4.375077 -2.762658 0.4148448 0.3325808 -0.06845775 18.35758 1.368782 1 0.9222379
0.001608865 -0.000733645 -8.646651 5.150938 3.112687 3.166949 -0.03222173 19.72299 nan 0 0.0
-0.05551921 -0.009234629 -1.094444 -7.07143 1.295617 1.202661 0.08912895 20.0361 1.42178 1 0.0005898545
-0.009285769 0.006886507 1.994468 3.098711 1.853301 1.790369 0.7107572 19.25921 1.519615 0 0.0
-0.03894839 -0.01460678 0.1297972 -1.723197 0.3937042 0.3847096 0.6933053 17.38597 1.472176 1 0.0
-0.02802338 0.03357559 -7.201649 -6.144067 0.9390342 0.9402264 0.2228505 19.45832 1.209707 0 0.0
-0.03043427 0.04507897 -4.303428 -10.88791 1.87674 1.403942 -0.1819745 20.36699 1.339361 0 0.0
0.001456278 -0.007124515 -4.041434 -2.477996 0.983958 1.042989 0.2013063 19.41734 0.9012146 0 0.0
-0.0001306132 -0.0249444 -9.820945 3.554937 2.985255 3.602091 0.3479972 20.77499 nan 0 0.0
0.03911452 0.01763006 -7.849884 -4.177948 2.7588 2.435686 0.4475968 20.55642 0.5274658 0 0.0
-0.05121634 -0.001597703 -0.2047381 -5.461768 2.576791 2.922173 0.1467654 20.79535 nan 0 0.0
-0.05268111 -0.01220299 -0.5903299 -2.182208 1.570582 1.267979 -0.01430714 20.33496 1.285568 0 0.0
-0.03092252 0.03309186 -0.9100132 -2.908042 0.4343261 0.362909 0.0164528 18.39551 1.289995 0 0.0
-0.01490093 0.004523922 -1.632915 -5.176574 1.315337 1.180975 0.6034392 19.3954 1.429281 0 0.0
0.04680493 0.03556167 -0.4324755 -8.27118 1.115514 1.235973 0.2988036 19.68477 1.682409 0 0.0
0.01503649 0.06091698 -0.2908944 -5.159407 0.7276557 0.7713218 0.3597692 19.29265 1.46468 1 0.0
0.04750667 -0.002314254 0.2628793 -6.007009 2.00244 1.911803 0.1068502 20.49468 1.255262 0 0.0
0.01576875 -0.05431366 -3.362027 -3.703035 1.575076 1.701719 0.2707091 20.0983 2.299465 0 0.0
-0.004036812 0.003625153 -6.383912 -5.051314 1.622766 1.765485 0.3711069 19.7642 1.272175 0 0.0
0.02763991 -0.03601861 3.249985 -3.83912 0.5700771 0.6099973 0.2635626 18.81143 1.58029 1 0.0
0.0294099 -0.03543843 -4.701393 -7.38614 0.5732083 0.6138134 0.2575639 18.80885 1.376604 1 0.0
0.0002355925 -0.0006634306 -6.14142 -3.288823 0.7070674 0.6089179 0.03552771 18.80372 nan 0 0.0
-0.02961014 -0.01931609 -3.963891 -7.883233 1.027736 1.235042 0.3359112 19.447 1.664192 1 0.003317762
0.02678557 0.01683589 -2.271061 -5.05679 1.058178 1.159749 0.1724876 19.55054 1.304205 1 0.1622878
0.02193324 -0.0258975 -2.393964 -6.043184 1.966384 1.869118 -0.181854 20.27786 1.376968 0 0.0
0.001669896 -0.02232227 -4.884718 -3.878209 1.110032 1.219615 0.2996872 19.56199 nan 0 0.0
-0.001870093 0.00565335 -3.142015 -1.299335 1.393528 1.148829 0.04272723 20.04841 nan 0 0.0
0.05180951 -0.01865173 -4.850372 -2.91492 0.9765347 1.043865 0.2175767 19.56728 1.212658 0 0.0
-0.01538911 -0.05478555 -3.379538 -4.590588 1.143957 0.9887236 0.09364858 19.89943 1.356506 0 0.0
-0.04190858 -0.007806084 -4.725716 -2.867265 0.5995976 0.495007 0.325691 18.22276 nan 0 0.0
0.02242168 0.05999615 -1.146304 -6.748396 0.1400257 0.1243325 0.1569087 16.85045 1.638378 1 0.0
-0.02701634 0.04477989 -2.489673 -5.44445 1.262004 0.9618548 -0.1337921 20.01626 1.598989 1 0.07195713
-0.006447667 0.00060862 -3.403362 -5.408472 0.9556971 0.9779992 0.1568283 19.2685 1.098766 0 0.0
-0.02881659 -0.05474114 -4.845646 -5.879397 0.9878122 1.084833 0.3322808 19.59702 1.32761 1 0.09483648
-0.05051455 0.02400419 -2.671401 -8.883926 1.896002 1.465256 -0.1120452 20.48898 1.248318 0 0.0
0.01296121 -0.03371725 -5.200598 -8.865455 1.495928 1.462772 0.1337266 20.16957 1.003235 1 0.00921568
-0.03614088 0.002874225 -3.731938 -3.383257 0.8809887 0.9309661 0.2665487 19.3219 1.145267 0 0.0
0.0006323158 0.001789897 -4.738883 -2.043101 1.824348 1.954679 0.3935322 19.25647 0.8131638 0 0.0
0.002982139 0.004311113 -2.866857 -0.834066 2.979773 3.095059 0.133126 20.72639 -0.06386757 0 0.0
0.01097768 0.04977654 -3.929637 0.2501583 0.07320222 0.06535386 0.1618006 15.4165 1.850219 1 0.0
-0.06064603 -0.01913296 -8.327012 -6.207883 1.204042 1.162144 0.1952069 19.91751 1.429478 1 0.009861888
-0.01380237 0.05652979 -3.18992 -8.402076 1.092429 1.077355 0.1471761 19.66013 1.17454 1 1.953729e-05
0.02962362 -0.001268219 -0.3771649 -8.925735 0.8313546 0.8909832 0.2742944 19.26589 1.370523 1 0.0
-0.03031209 -0.001329733 -4.411075 -2.447104 0.4255366 0.3559159 -0.01437955 18.36003 1.421013 1 0.9744582
0.03554398 0.00953737 -2.363179 -4.095062 1.218956 1.335678 0.1014627 19.78357 1.04524 0 0.0
-0.03641537 -0.04276052 -5.060952 -1.312789 1.157249 1.298213 0.394476 19.74065 1.301374 0 0.0
0.02388635 -0.02238443 -2.566437 1.114294 1.915903 1.86885 0.2337048 20.306 1.370607 0 0.0
-0.009468868 0.002065177 -4.258461 -3.076678 0.06371544 0.05196685 -0.04366318 13.76589 1.751081 1 0.9980347
-0.01407699 0.02427502 -1.556772 -2.407351 0.8295825 0.6751356 -0.08265061 19.28543 1.483435 1 0.1277066
0.002585421 0.03111437 -6.955548 -2.023571 2.567016 2.595674 0.03821133 20.7114 nan 0 0.0
-0.005501636 0.002002058 -5.002122 -3.475886 0.6723255 0.5649645 0.005684717 18.99786 1.111504 0 0.0
-0.0003747523 0.04691219 1.543343 0.5060406 0.2764295 0.2898284 0.1684618 17.63146 1.393984 1 0.0
-0.002327847 -0.01023093 -4.969998 -2.050009 2.041273 1.684883 0.06861363 20.31985 1.098083 0 0.0
-0.0008325035 -0.05784809 2.108443 -1.282253 1.023558 1.130373 0.2499802 19.13009 1.825399 0 0.0
0.0007543844 0.0009439278 -3.815625 -1.831823 1.352838 1.523489 0.1941438 19.21575 nan 0 0.0
0.04094537 -0.02964004 -3.591595 -2.238759 0.5053114 0.543347 0.2537231 18.63512 1.202637 0 0.0
0.0008459357 -0.002310426 -3.880192 -2.646441 0.2383806 0.1930319 0.08188553 15.99233 1.464543 0 0.0
0.02236062 0.04279208 -4.199094 -2.755162 0.5404302 0.4673508 0.00556384 18.89706 1.139151 1 0.9409681
0.001639376 -0.04168626 -4.506532 -2.974411 1.426574 1.521403 0.2986717 20.02558 1.462055 0 0.0
0.002554907 0.04416224 -3.845322 -8.198971 0.4231703 0.3542693 -0.03845524 18.31334 1.389397 1 0.0
-0.0221641 0.04877257 -3.793905 -5.168956 1.653266 1.211088 -0.3113847 20.08865 0.7710133 0 0.0
0.02910478 -0.02025665 -5.723938 -4.071611 1.37761 1.308545 0.1788721 19.85792 0.7536278 0 0.0
0.03157666 -0.02011125 -3.636617 -0.9777902 0.401688 0.4302828 0.2742893 18.2217 1.554956 0 0.0
0.06480999 0.01456185 2.65075 0.2104915 1.946124 1.975436 0.3568097 20.52419 1.269587 1 0.008068002
0.009268674 0.0001000414 -1.393521 -4.743539 1.033158 1.142969 0.3267573 19.41766 1.078224 0 0.0
0.001364728 -0.001421274 -6.231492 6.602967 2.636574 2.961075 0.05608139 19.68756 nan 0 0.0
-0.0013513 -0.000785799 -4.54886 -3.169461 0.2333872 0.249415 0.2947351 17.25219 nan 0 0.0
-0.003304399 0.0001943394 -4.176897 -2.992515 0.1144396 0.1011247 0.1019078 15.86117 1.525162 1 0.9993162
0.0373141 0.04839938 -1.009803 -4.828923 1.594311 1.644717 0.8465641 19.34114 1.52858 1 1.358252e-06
0.03688664 -0.01828206 -4.756181 -3.991247 0.722868 0.7759375 0.2159291 19.09863 1.220575 1 0.8325759
-0.02311003 -0.006053086 -4.913024 -4.637233 1.501699 1.176547 -0.1369017 20.25796 1.194599 0 0.0
0.02605306 -0.02109236 -5.372419 -2.402236 1.253911 1.332381 0.2587886 19.8947 1.087086 0 0.0
-0.03015958 0.02734296 -4.15797 -2.727176 2.476727 2.516173 0.07042256 20.65729 1.304358 0 0.0
-0.03400454 -0.03860392 -0.9646381 -6.380523 1.592667 1.370617 0.1074096 20.32353 1.843662 1 0.01158909
0.001639382 -0.001025708 -5.325706 -2.916812 0.406469 0.3392493 -0.02387793 18.22156 1.094934 0 0.0
-0.007271621 -0.01432783 -3.927963 -3.681115 1.172739 1.262742 0.2920109 19.76918 1.160727 0 0.0
0.02217739 -0.02292784 -0.6538804 -12.16554 3.31551 4.055693 0.3091128 20.70871 1.318521 0 0.0
-0.006142511 0.03045272 -4.009054 -2.42104 0.3196121 0.2511352 -0.0769702 18.03961 1.435226 1 0.952023
-0.007332665 5.95117e-05 -4.387367 -2.917639 0.346717 0.356544 0.1327439 17.83874 0.9705753 1 0.9954509
-0.03885683 -0.01838363 -4.664619 -3.498512 2.0633 1.542957 -0.003024635 20.52709 1.435293 1 0.6629029
0.006705231 -0.001083049 -4.316689 -2.953144 0.2298399 0.1613277 -0.3763055 16.54572 nan 0 0.0
-0.01633524 0.009124266 -2.725414 -1.863178 1.030291 1.000177 0.09781228 19.58875 1.223783 0 0.0
-0.004738707 0.002351401 -0.3993195 -0.08621579 2.035087 1.55717 0.1380857 20.10036 nan 0 0.0
-0.03034272 0.04270582 -6.785474 -2.629417 0.464233 0.3740061 -0.04857674 18.57893 1.741438 1 0.0002648724
-0.0003442329 -0.02235574 -5.251056 -3.54069 0.5939349 0.5215197 0.1064707 18.93461 1.240797 1 0.9327123
-0.02072969 -0.003991297 -5.157873 -3.211594 0.518257 0.45124 0.0684679 18.65088 1.274981 1 0.960337
0.04054874 -0.008292363 0.2879838 -3.040785 0.2883703 0.3063836 0.3115926 17.52196 1.614265 1 0.0
-0.02759609 0.01039838 -4.355034 -3.772233 1.625499 1.280814 -0.0621663 20.20437 1.117138 0 0.0
-0.01660997 0.06338872 -2.446034 -5.458281 1.299097 1.275448 0.1527977 19.86518 1.18004 1 0.04664455
-0.01377178 -0.005495171 4.176035 -2.798145 1.90546 1.603159 0.05438522 20.42838 1.730021 0 0.0
0.003134725 0.005340575 -4.545752 -2.426028 0.8238455 0.8803561 0.2590851 19.30684 0.8132057 0 0.0
0.02870806 -0.01870037 1.601805 -17.13745 1.372206 1.497268 0.3070656 19.82473 2.081991 0 0.0
-0.05252868 0.02243461 -2.558401 -7.222843 0.9096984 0.9689396 0.2695072 19.44239 1.329853 0 0.0
-0.01062852 -0.002686477 -3.966762 -3.512062 0.9013146 0.9604397 0.2907634 19.39788 1.284285 0 0.0
-0.004128358 -0.0101282 -4.868108 -2.502001 0.9521096 1.02973 0.2699822 19.46988 1.056892 1 0.9647139
-0.04407551 0.04904393 -2.069595 -5.843435 0.2928407 0.3040657 0.2270637 17.75907 1.62697 1 0.0
-0.01282574 -0.01462368 -6.285832 -4.090959 2.568744 2.508123 0.2931994 20.7445 1.092543 0 0.0
0.02632788 0.04861887 0.749179 -0.5430959 1.426601 1.187275 0.07460935 20.27929 1.457985 0 0.0
0.00707144 0.003074613 0.04281334 -4.412808 0.2730022 0.2986989 0.3657512 17.46509 1.29834 0 0.0
-0.05588546 -0.002428138 -0.8505635 -6.163555 0.8842631 0.9042436 0.1987899 19.48988 1.459602 1 2.011117e-06
0.04942921 -0.01102289 -8.098463 -3.007705 2.906571 2.622125 -0.1059407 20.51812 1.007265 0 0.0
0.008597297 0.0008459643 -4.62613 -3.526147 0.3324195 0.3653833 0.3472178 17.86141 1.324306 1 0.9853113
0.04030468 0.01310225 -2.698635 -5.511213 1.985286 1.939418 0.09065372 20.4631 1.109154 1 0.3283611
0.01732522 0.007816509 -2.525715 -2.007244 1.872416 1.79557 0.09503027 20.37845 0.743679 0 0.0
0.0410676 0.01088027 -3.046299 -4.996352 1.245647 1.339416 0.1922091 19.83626 1.073277 1 0.3374347
-0.02579544 -0.04226327 -3.437042 -4.897972 1.301584 1.415532 0.320466 19.8115 2.946085 0 0.0
0.0001135239 0.006859063 -2.438173 -2.273921 0.9686645 1.036623 0.2842197 19.47191 nan 0 0.0
-0.02350673 -0.0137662 -1.852697 1.428284 0.8722277 0.9629168 0.3790517 19.19022 1.190624 0 0.0
-0.0435262 0.05024975 -2.347794 -2.588064 1.450296 1.286307 0.1237607 20.43741 1.57206 0 0.0
0.01805756 -0.03562386 -4.092286 -3.545528 1.60596 1.617804 0.1772182 20.27379 1.233715 1 0.7129307
-0.01346666 0.04167958 -2.409061 -1.49583 1.191819 1.141708 0.01291506 19.68044 1.066429 0 0.0
-0.04108462 -0.006330329 2.264209 -4.097034 1.910038 1.462328 -0.193947 20.30776 1.90106 0 0.0
-0.02405603 -0.01626068 -4.312999 -2.002634 0.3414727 0.323028 0.214534 17.96195 1.418264 1 0.7942791
0.03255314 -0.04201432 0.07449759 -7.585488 1.54826 1.433207 0.07088852 20.25603 1.781454 1 0.0006179226
0.03291957 0.03324754 -2.157138 5.173955 0.9719084 1.045658 0.280664 19.27705 1.952612 0 0.0
-0.02967126 0.0102764 -4.913838 -5.629759 1.299336 1.33459 0.216272 19.75315 1.270292 0 0.0
0.03417079 0.0371818 1.566972 -0.5797683 0.8123467 0.9836716 0.1779503 18.31431 0.7831879 0 0.0
0.05397649 0.03852154 -8.383986 -11.83195 0.9532329 1.025528 0.4346809 19.50195 1.350241 1 0.0
-0.003029732 -0.04241192 0.08564203 0.08583696 0.8657727 0.9200764 0.3262798 19.35179 1.3305 1 0.0001273423
0.01235091 0.003419272 -4.75976 -2.552707 0.4685349 0.4077018 0.07408482 18.5022 1.164049 0 0.0
0.04158618 -0.04210283 -1.299146 -4.841431 1.543409 1.421048 0.1148128 20.00513 1.438456 1 0.0655224
0.005637147 0.03249982 -4.315124 -2.361169 0.9424878 0.9840078 0.1522785 19.40445 1.258957 0 0.0
0.06188018 -0.01351282 -2.059095 -3.356864 0.572769 0.6141414 0.1942722 18.78711 1.531452 1 0.003792179
0.02287942 0.04875165 -3.608141 -6.719018 0.4610218 0.4225117 0.1955485 18.72071 1.441355 0 0.0
0.009665397 0.0006069488 -0.7401103 -4.174339 0.8435805 0.9106859 0.2957907 19.13756 1.169992 0 0.0
-0.02594812 -0.00644383 -5.45756 -3.285804 1.518354 1.051108 -0.04647281 20.08759 1.054876 0 0.0
-0.004891293 0.002634225 0.1971575 -1.183789 0.8317196 0.9101117 0.3112864 19.07321 1.376871 0 0.0
-0.05142987 -0.01978004 -1.763684 -2.266565 1.210157 1.268196 0.2519356 19.89278 1.519245 1 0.2322316
0.002890586 0.00073549 -4.252881 -3.044069 0.05317105 0.04642258 0.1544746 13.80686 1.706147 1 0.9992582
0.01601302 0.04153268 -1.022366 -5.421198 1.00795 1.046659 0.2820075 19.67279 1.290812 0 0.0
0.02260476 0.04564744 6.069131 -3.164815 2.699899 2.612148 0.08672691 20.55006 1.221714 0 0.0
-0.004280957 0.02451122 -1.607826 -4.871203 0.5742791 0.4729959 -0.05078783 18.84958 nan 0 0.0
0.01296128 0.02252122 -4.86162 -2.919356 0.942725 1.008299 0.2165825 19.40457 0.9689693 0 0.0
0.005240406 -0.003129276 -3.395488 -4.73131 0.996968 1.121187 0.237486 19.50893 0.8947849 0 0.0
-0.04602853 0.02556892 -19.79783 1.819839 0.9747322 0.9883148 0.1490759 19.57956 2.618013 0 0.0
-0.03678178 0.01468041 -4.669179 -5.462366 1.377175 1.26033 0.05598001 20.08133 1.18783 0 0.0
-0.01038437 -0.01655532 -4.099162 -2.96787 0.2606363 0.2821467 0.3223048 17.55127 1.498302 1 0.9951476
-0.009590981 0.05841558 -4.430953 -7.88996 1.044443 1.059427 0.1837486 19.45485 1.376066 0 0.0
-0.005837345 0.04275053 -3.616313 -3.710302 2.063869 1.610825 -0.1177913 20.53022 1.205002 0 0.0
