data/gcs/NGC_6638.ecsv
# %ECSV 0.9
# ---
# datatype:
# - {name: x, unit: deg, datatype: float64}
# - {name: y, unit: deg, datatype: float64}
# - {name: pmx, unit: mas / yr, datatype: float64}
# - {name: pmy, unit: mas / yr, datatype: float64}
# - {name: pmx_e, unit: mas / yr, datatype: float64}
# - {name: pmy_e, unit: mas / yr, datatype: float64}
# - {name: pm_corr, datatype: float64}
# - {name: g_mag, unit: mag, datatype: float64}
# - {name: bp_rp, unit: mag, datatype: float64}
# - {name: filter, datatype: int64}
# - {name: memberprob, datatype: float64}
# meta: !!omap
# - comments: [deg deg mas/yr mas/yr mas/yr mas/yr dimless mag   mag   zeroone float]
# - __serialized_columns__:
#     bp_rp:
#       __class__: astropy.units.quantity.Quantity
#       unit: &id001 !astropy.units.Unit {unit: mag}
#       value: !astropy.table.SerializedColumn {name: bp_rp}
#     g_mag:
#       __class__: astropy.units.quantity.Quantity
#       unit: *id001
#       value: !astropy.table.SerializedColumn {name: g_mag}
#     pmx:
#       __class__: astropy.units.quantity.Quantity
#       unit: !astropy.units.Unit {unit: mas / yr}
#       value: !astropy.table.SerializedColumn {name: pmx}
#     pmx_e:
#       __class__: astropy.units.quantity.Quantity
#       unit: !astropy.units.Unit {unit: mas / yr}
#       value: !astropy.table.SerializedColumn {name: pmx_e}
#     pmy:
#       __class__: astropy.units.quantity.Quantity
#       unit: !astropy.units.Unit {unit: mas / yr}
#       value: !astropy.table.SerializedColumn {name: pmy}
#     pmy_e:
#       __class__: astropy.units.quantity.Quantity
#       unit: !astropy.units.Unit {unit: mas / yr}
#       value: !astropy.table.SerializedColumn {name: pmy_e}
#     x:
#       __class__: astropy.units.quantity.Quantity
#       unit: &id002 !astropy.units.Unit {unit: deg}
#       value: !astropy.table.SerializedColumn {name: x}
#     y:
#       __class__: astropy.units.quantity.Quantity
#       unit: *id002
#       value: !astropy.table.SerializedColumn {name: y}
# schema: astropy-2.0
x y pmx pmy pmx_e pmy_e pm_corr g_mag bp_rp filter memberprob
[from data line 503]
0.02419356 0.03556415 -6.793507 -5.836546 1.45889 1.411663 0.8632453 19.22011 nan 0 0.0
-0.006276546 -0.04327573 -2.780969 -4.914657 2.353895 1.708621 0.4059778 19.95782 nan 0 0.0
-0.0140161 -0.02544268 2.153367 2.898666 1.39476 1.647312 0.8615224 19.1112 1.231937 0 0.0
0.01024841 -0.0002405036 -0.5805245 -6.683389 0.2870422 0.2675345 0.574996 17.63896 1.226631 0 0.0
-0.001072736 0.0008757276 -2.858163 -3.856464 0.09580407 0.08208747 0.2141362 14.70181 1.575563 0 0.0
0.02531894 0.01506565 -3.200949 -5.339282 0.4722071 0.4494845 0.6903586 18.27567 1.875765 1 0.2306403
0.02044581 0.0327763 -3.871263 -9.148136 0.2690468 0.2470995 0.6153998 17.39372 1.244694 1 0.0
-0.0382578 -0.00384151 -3.515235 -3.97424 0.3489373 0.312176 0.4138272 18.27083 1.32353 0 0.0
-0.03719479 0.03243469 -1.792795 -6.618278 0.1072796 0.09246224 0.1764663 16.30513 1.728249 1 0.0
-0.03211539 -0.00376151 -2.322425 -4.890334 1.162615 1.178888 0.7324712 19.40115 1.232695 0 0.0
0.02823902 0.01463203 0.7993308 -2.726531 0.4615981 0.4389557 0.7433921 18.07743 1.392065 0 0.0
-0.0232942 -0.0395337 -3.444906 -9.995341 1.784687 1.974562 0.9012265 19.63073 1.256325 0 0.0
-0.02213946 -0.02981555 1.704965 -9.938895 2.400454 2.030389 0.222662 19.74433 nan 0 0.0
-0.0109618 0.002965686 6.157357 -10.61659 0.9429176 0.8208555 0.193095 18.19322 1.368212 0 0.0
0.04583044 -0.01744356 -4.279002 -1.705269 0.5931712 0.5431578 0.502041 18.96242 nan 0 0.0
0.01845454 -0.01580163 -3.109646 -4.520647 0.4122169 0.3659648 0.3555568 18.43169 1.424128 1 0.8254334
0.01715791 -0.03091909 -9.472449 -3.994947 1.85611 2.23024 0.8799675 19.69643 0.7893295 0 0.0
0.009477144 -0.0002194595 -2.176886 -3.957878 0.1483256 0.1315978 0.3640065 16.34817 1.21446 0 0.0
0.02718841 -0.001990274 -0.2691095 -4.63958 0.6371189 0.5881339 0.5082211 18.79315 1.27828 0 0.0
0.04737999 0.0008930926 -4.455127 -4.600109 1.535309 1.419974 0.6287822 20.0094 0.928299 0 0.0
0.03839154 -0.02593819 -2.111765 -6.369972 0.7055156 0.71268 0.7649871 18.65895 1.228689 0 0.0
0.02117615 -0.04424637 -4.61942 -6.27586 1.296005 1.393011 0.8559301 19.18224 1.403818 0 0.0
0.0004146218 -0.02948354 4.378206 2.081522 1.718749 1.871813 0.8933988 19.58761 nan 0 0.0
-0.02212518 0.04218686 1.24797 -2.18456 1.736606 1.7879 0.8837105 19.48324 1.469847 0 0.0
0.0004421591 -0.0298383 -21.5528 -19.09834 2.837507 2.933336 0.8829171 19.95228 nan 0 0.0
-0.04453666 -0.007332215 -4.777418 -8.816594 1.499411 1.584145 0.8995562 19.23192 1.125452 0 0.0
-0.004489508 0.03078669 -4.899216 -5.40582 0.4652881 0.4350612 0.5406124 18.44551 1.384972 0 0.0
-0.01236403 -0.02250328 1.210486 -6.227588 0.5527777 0.5059963 0.5825625 18.6532 nan 0 0.0
0.03507325 0.02196207 -1.786169 -6.350156 0.1150992 0.1075164 0.5322693 15.72448 1.7925 1 0.0
-0.0243681 -0.03962166 1.556313 -2.705776 1.553999 1.45826 0.6012389 19.8048 0.9606533 0 0.0
-0.0112392 0.02369473 -5.556194 -5.402817 1.527511 1.538733 0.7547665 19.73783 1.67013 0 0.0
0.01206664 0.002141606 -4.425817 -7.457408 1.393982 1.461987 0.912357 19.04018 1.723722 0 0.0
0.01873309 0.004326573 -2.294087 -0.4984691 0.8547841 0.8175607 0.6615841 18.87366 1.15206 0 0.0
0.001296205 0.002657189 -2.777169 -4.567467 0.5465573 0.4720926 0.2853516 16.18325 nan 0 0.0
-0.006193893 -0.04419126 -0.9888784 -2.828139 0.5555265 0.5074275 0.3971399 18.91064 1.436716 0 0.0
0.007960413 -0.02640915 -2.341794 -4.200007 0.4510999 0.4187731 0.4665145 18.66426 1.345371 0 0.0
0.03856584 0.002267629 -0.1940539 -7.464595 0.5505555 0.5155855 0.5295445 18.9554 1.245848 0 0.0
0.03589981 0.02211823 1.034821 -7.102284 0.8233082 0.7152413 0.2559187 18.57493 1.170347 0 0.0
0.01763486 0.0290517 2.216031 -5.745109 0.6626628 0.6294407 0.6291984 19.08279 1.300529 0 0.0
0.01595472 0.03304211 -4.329937 -2.722698 0.08880362 0.07817149 0.3583492 15.38278 1.715192 1 0.0
-0.02696141 -0.01780214 -0.1509101 -3.924526 1.447474 1.328625 0.5998852 19.77763 nan 0 0.0
0.01945029 0.0104376 -2.452989 -5.738952 0.5953111 0.5324461 0.405799 18.63243 1.339048 0 0.0
0.01526235 0.00512815 -6.682736 -6.028025 0.1316173 0.1157371 0.3521834 16.24811 1.158016 1 0.0
-0.008897227 0.0216636 -2.251487 -7.95025 0.1287391 0.1149287 0.3763965 14.99193 2.656873 1 0.0
0.04878253 -0.004730333 -4.956072 -3.808173 1.705683 1.797975 0.863573 19.36575 1.27891 0 0.0
-0.008396683 -0.04463199 0.003307211 -3.802026 0.4601777 0.4600464 0.6320814 18.3596 1.689642 0 0.0
-0.04392735 -0.01646819 -1.257613 -8.249198 0.674518 0.6331967 0.5153157 19.00888 0.9116249 0 0.0
0.02791334 0.03577315 -5.854721 -2.8839 0.1457427 0.1258316 0.2535302 16.45812 1.475643 1 0.0
0.02074535 0.01229514 -2.769466 -1.263002 1.788196 1.361413 -0.1454422 19.71761 nan 0 0.0
0.02146164 0.01246859 -2.598178 -4.128901 0.1734164 0.1554731 0.5278054 16.82412 1.634993 1 0.9818599
-0.02041205 0.01441045 -4.568238 -7.099278 0.9902604 0.9578898 0.8740617 18.76773 1.162981 0 0.0
0.008982749 0.01879112 0.4536158 -5.145098 1.303886 1.172926 0.5019693 19.77893 nan 0 0.0
-0.00225715 -0.001647711 -1.135042 -5.157247 0.7152033 0.6337761 0.4791502 16.77712 nan 0 0.0
-0.01553847 0.03407213 -1.07179 -6.000413 0.3826515 0.3489786 0.4706095 18.41739 1.071562 1 0.0
-0.03280395 -0.003975319 0.4509644 -4.733843 1.559267 1.765629 0.8922321 19.20976 0.7994194 0 0.0
-0.04248116 0.02176323 -3.232751 -4.299427 0.3701421 0.3215367 0.2285507 18.42638 1.264988 0 0.0
0.002453912 0.0405848 -6.339737 -2.875435 0.3790772 0.3571306 0.5404711 18.20765 nan 0 0.0
-0.01046553 -0.002060133 -3.055179 -3.806722 0.4909116 0.4693787 0.6994235 18.28139 1.097927 0 0.0
-0.02041557 0.03515477 -2.158056 -2.495098 0.513607 0.4649249 0.439794 18.6046 1.361622 0 0.0
-0.02057621 0.007778573 -2.61697 -4.170896 0.1530088 0.139984 0.4691243 16.61149 0.8627434 1 0.9849076
0.02270152 0.01356699 -5.385482 -5.042717 1.735079 1.998187 0.863592 19.46386 nan 0 0.0
-0.03494617 -0.02544313 -4.687736 -8.258546 1.407915 1.53301 0.8848493 19.25525 1.276356 0 0.0
0.01471397 0.0259908 -4.247441 -4.885094 2.709851 2.305078 0.2562589 20.1415 0.1955452 0 0.0
-0.00176117 -0.01320814 0.2708731 -3.777407 0.4307797 0.4124276 0.6242972 18.24118 1.573969 0 0.0
0.0001117343 0.01090266 -2.891164 -3.588258 0.1270922 0.112816 0.3850426 16.36565 0.8799486 0 0.0
-0.01041058 -0.0004198084 7.799642 -13.93012 1.089016 1.048104 0.5235836 18.37761 nan 0 0.0
0.02388097 -0.01225111 -6.671437 -6.245818 0.1245869 0.1144263 0.4171419 16.33215 1.725848 1 0.0
0.01294425 -0.0336537 -20.43115 -21.41483 1.806727 1.941214 0.8714847 19.70339 1.026245 0 0.0
0.009833109 -0.02616134 -0.9150286 -4.818553 1.474051 1.417166 0.8594932 19.20191 1.260647 0 0.0
-0.02413633 0.04034398 2.489026 0.1053349 1.555474 1.614776 0.9073958 19.28198 -0.6410866 0 0.0
0.003473204 0.03256819 0.560833 -4.084498 1.577981 1.642693 0.9198604 19.14066 1.068998 0 0.0
0.02677173 -0.01768385 -2.731837 -5.470132 1.574141 1.664408 0.8933002 19.51984 1.143715 0 0.0
0.01328241 0.03607321 -2.896234 -3.703769 0.09346282 0.08250808 0.3563243 15.69039 1.694216 1 0.0008570803
-0.01049643 0.03635959 1.551644 -1.165296 1.830026 1.676746 0.4422246 19.31079 0.8991508 0 0.0
0.03060457 0.0003415914 -3.847519 -6.143693 1.632394 1.72318 0.8914036 19.6016 nan 0 0.0
0.030155 -0.0348813 3.008053 -1.79335 0.7768577 0.8394265 0.5972277 19.13984 nan 0 0.0
-0.002312783 0.02660203 -3.41298 -7.173352 0.2610349 0.2405272 0.5410373 17.44226 1.541531 1 0.0
-0.01751168 -0.03878504 -1.230901 -5.251784 0.4891379 0.4546729 0.642753 18.50321 1.562407 0 0.0
0.007301016 -0.0009746176 -2.591374 -4.633223 0.20206 0.1840043 0.3975823 16.34882 nan 0 0.0
0.007357646 0.02419475 -5.149751 -8.567544 0.8751907 0.828237 0.5905388 19.11224 1.229465 0 0.0
-0.03424007 0.009406239 -2.597512 -4.386653 0.496625 0.453718 0.4392262 18.74771 1.080456 0 0.0
0.005179676 -0.009334416 -2.644269 -4.232669 0.1226562 0.1095822 0.5006581 16.08627 1.540238 0 0.0
-0.0331295 -0.02203991 -2.598363 -3.811074 0.6959204 0.6499025 0.4248048 19.0809 0.7208309 0 0.0
0.03528376 -0.01172176 -2.382743 -6.722537 0.5253481 0.4844051 0.456397 18.76122 1.321625 0 0.0
-0.01338066 -0.04359866 -3.090905 -4.280094 0.4265457 0.3824204 0.4639049 18.58512 nan 0 0.0
-0.03283801 0.01987607 -2.566079 -4.071777 0.1553355 0.1308925 0.2875222 16.69805 1.638927 1 0.9675609
0.02256801 0.0361176 -3.461392 -9.087282 2.408382 2.282665 0.7220035 20.01721 1.150309 0 0.0
-0.0008244813 -0.04922459 -2.222853 -3.997164 0.4243107 0.3948667 0.4555601 18.54352 1.490017 0 0.0
0.01889889 0.007630075 -2.204102 -4.277427 1.374348 1.508771 0.8914998 19.10264 nan 0 0.0
0.009918088 0.002414553 1.694281 -0.8669006 0.581771 0.4980875 -0.1792454 18.1714 nan 0 0.0
-0.01027449 0.01870328 0.7651844 2.665076 0.5458396 0.5223389 0.6510267 18.66432 1.427361 0 0.0
-0.01484258 -0.02309293 -5.510512 -7.729424 0.3703681 0.3395343 0.3738814 18.02225 1.463551 0 0.0
0.04166878 -0.02580195 2.767097 -14.45313 1.845908 1.962593 0.9296026 19.45992 1.668217 0 0.0
-0.01451741 0.02088676 -5.049696 -2.984655 0.7483183 0.7474236 0.7422599 18.87636 nan 0 0.0
-0.02875743 0.006580985 -3.648457 -3.330029 0.4836648 0.4328495 0.3504446 18.64335 1.376457 0 0.0
-0.01677093 -0.0191526 -2.843375 -7.887952 1.421064 1.660985 0.8084738 19.19732 nan 0 0.0
-0.02817897 0.006678397 0.7617441 -1.04022 1.456835 1.535717 0.9029766 19.09409 nan 0 0.0
0.03547138 -0.02923509 -4.634854 -1.94117 0.2642709 0.2482058 0.5597318 17.59306 1.674486 1 0.0
-0.01916561 -0.02789243 -4.46245 -6.177459 0.1119216 0.09810906 0.3682405 15.96591 1.89707 0 0.0
-0.01479403 0.02995426 0.584823 -6.740775 0.2797917 0.2610732 0.5913966 17.5969 1.454132 0 0.0
-0.00754421 -0.0268707 -2.497192 -3.725749 0.1898667 0.1614323 0.4789433 16.76253 0.8866634 1 0.8869905
0.004903426 -0.02933295 1.801597 -1.864527 1.288889 1.332535 0.8711168 19.13744 1.343098 0 0.0
0.008237687 0.0009975203 -3.401041 -4.351155 0.2675385 0.2376761 0.2082817 16.91752 nan 0 0.0
0.006256548 0.04226694 -1.669013 -3.042966 0.4303259 0.3961711 0.5031045 18.54656 1.168108 0 0.0
0.01810166 0.01850781 -2.688921 -4.207925 0.08150655 0.07157459 0.3770074 15.16219 1.662346 1 0.9783928
0.02011598 0.03761912 -0.0434948 -6.960031 1.299684 1.202095 0.4197239 19.60484 nan 0 0.0
-0.03083043 0.03378308 -4.263161 -7.584716 0.5528589 0.5210583 0.5903397 18.81867 1.23782 0 0.0
-0.003249692 0.03245184 -3.765309 -6.611858 1.982832 2.052888 0.9135039 19.55185 1.021473 0 0.0
0.008841775 -0.02501494 0.5051833 -9.916361 2.390508 2.096064 0.3098518 20.00967 1.010565 0 0.0
-0.04241547 -0.008224086 -4.91226 -7.751896 0.6304736 0.5887417 0.5493025 18.94823 nan 0 0.0
0.01485243 0.03170329 0.5816387 -7.580193 0.6091052 0.576256 0.5362848 18.85754 1.369087 0 0.0
0.002424613 -0.04578566 0.6564901 -0.04429184 1.246171 1.501728 0.8631159 19.1953 nan 0 0.0
-0.005396448 -0.02022157 -1.982943 -5.051968 0.7292341 0.7467379 0.721424 18.8938 1.277052 0 0.0
-0.009635862 -0.04342664 -5.962477 -4.839946 1.636395 1.351784 0.2390177 19.8342 1.182646 0 0.0
-0.04346239 -0.007497761 -2.653244 -5.430868 0.1309872 0.117732 0.2948389 16.37775 1.780706 1 0.0
-0.02359722 -0.03887954 2.826275 1.095005 1.353291 1.486919 0.9047831 19.12852 1.342134 0 0.0
-0.03095114 -0.03240386 -8.492721 -8.892007 2.339186 2.6007 0.6645009 19.6968 nan 0 0.0
-0.04145512 0.002398274 2.509261 -0.2695603 1.770705 1.955324 0.9007383 19.47901 0.5478058 0 0.0
-0.02296402 -0.03816607 -4.672496 -7.779226 0.4871569 0.44012 0.8309832 17.72746 1.144855 0 0.0
0.02154897 0.03862595 -4.040518 -3.793577 2.576047 2.473879 0.857726 19.88755 nan 0 0.0
-0.02770623 -0.01260288 -1.150876 0.9510364 1.429963 1.5746 0.8805572 19.25652 1.157145 0 0.0
-0.02468744 0.04043542 4.976518 -3.451282 2.594236 2.776095 0.9021965 19.90174 nan 0 0.0
0.03327381 -0.009329376 -0.9355912 -3.321019 0.605102 0.5578088 0.4624739 19.01167 1.655842 0 0.0
-0.01465059 -0.01657549 -3.650774 -2.585252 0.424593 0.3924666 0.5235836 18.10981 1.099062 0 0.0
0.01851752 0.03548505 0.3497925 -4.830914 1.97725 1.973915 0.832458 19.61404 1.225519 0 0.0
0.02264602 0.01142887 1.998094 0.56438 1.95696 2.146152 0.878675 19.69471 1.441698 0 0.0
-0.04244339 -0.007175054 -0.8957057 -2.097009 0.1921448 0.1760445 0.327272 17.09637 1.273518 0 0.0
0.02378143 0.04150944 -6.441746 -4.456962 1.752275 1.628178 0.4323014 20.07451 nan 0 0.0
0.03222072 -0.03332926 -2.305664 -4.970605 1.576663 1.671133 0.9099127 19.20825 1.62067 1 0.1529728
-0.0174319 -0.01924997 -7.92545 -5.843254 0.7717392 0.6649348 0.2015209 18.97671 1.152325 0 0.0
-0.03394099 0.02334141 0.5295199 -3.274803 0.452772 0.3983731 0.3311006 18.37033 1.244089 0 0.0
-0.04046378 0.003333213 -1.940419 -4.138413 1.550767 1.692722 0.8997553 19.2305 0.7789955 0 0.0
-0.04004767 -0.00540612 -3.979915 -3.6535 2.60811 3.055321 0.8871223 19.94347 nan 0 0.0
-0.02592717 0.03934988 0.7876522 -5.360799 0.6445817 0.6091968 0.5667292 18.94623 1.48604 0 0.0
0.04561645 -0.0007293786 -3.104239 -1.050352 1.882208 1.776937 0.8588529 19.62099 0.9495144 0 0.0
-0.01866891 -0.03429341 -0.1045811 -1.564594 1.264218 1.364299 0.8714204 19.09576 1.26572 1 0.2677114
0.01570669 0.03264541 -0.9367046 -5.495209 0.2973941 0.2387924 0.4337008 17.50208 nan 0 0.0
0.04255111 -0.02279437 -2.987597 -3.805446 2.308739 2.42681 0.9268263 19.73893 nan 0 0.0
0.03402038 0.0009300434 -0.9868145 -2.407082 0.3495287 0.3252066 0.4889587 18.29257 1.372648 1 4.764612e-05
-0.04040573 -0.005461553 -4.658134 -7.485948 2.333863 2.552224 0.9077788 19.88236 nan 0 0.0
0.0263654 0.01322674 1.602489 -0.636537 0.3686214 0.3441415 0.6254421 18.09695 1.426401 1 0.0
-0.04194062 -0.02715245 1.223535 -3.229147 1.232872 1.356696 0.8748581 19.02099 1.201317 0 0.0
0.003718808 -0.04401949 -5.318174 -5.820036 0.0987006 0.08439151 0.1559868 13.85137 2.549133 1 0.0
-0.03982751 -0.004816676 3.043266 -7.648826 0.8322401 0.7730442 0.5004694 18.84707 1.322092 0 0.0
-0.04230587 -0.006602801 -1.562213 -6.294388 1.360249 1.471732 0.8984526 19.09599 nan 0 0.0
-0.01104245 -0.01860262 -1.331329 -2.228965 0.2056395 0.1859342 0.4455933 16.6719 1.63483 0 0.0
0.02682159 -0.04105841 0.5708832 1.304209 1.926367 2.288397 0.8864938 19.76554 1.391838 0 0.0
-0.01205901 -0.04313122 -1.5122 -0.3137168 0.601769 0.5522726 0.5140366 18.9697 1.265068 0 0.0
-0.03776223 -0.003105117 -3.134377 -5.722275 0.7458192 0.737505 0.6911458 19.07432 1.193001 0 0.0
-0.008040338 -0.02057458 -5.501903 -3.537848 0.6086394 0.5861543 0.7347688 18.61288 nan 0 0.0
-0.004900857 -0.0167311 -2.605512 -3.696512 0.3195716 0.305882 0.700343 17.58407 1.521376 0 0.0
0.00146138 -0.005681741 -2.92955 -3.911307 0.09978545 0.08785055 0.3498087 15.15341 1.59858 0 0.0
0.0192776 -0.03562102 0.5100785 -7.223284 2.174176 2.089537 0.8751168 19.78888 0.6232376 0 0.0
0.02589165 -0.01192727 0.4793479 -5.994895 1.790894 1.893249 0.9293651 19.41912 1.405842 0 0.0
-0.03348849 -0.01858198 -9.606101 -6.754582 1.550416 1.891261 0.8482387 19.41044 1.185213 0 0.0
0.01311147 -0.01545952 -5.411045 -6.573295 0.6135085 0.5428104 0.2911485 18.88782 1.216616 0 0.0
-0.02131708 -0.008561813 -2.716527 -4.327206 0.7620909 0.7256854 0.6538826 18.74884 1.732155 0 0.0
-0.01299532 -0.04221769 -0.5639925 -4.277644 0.4096257 0.3621622 0.4049558 18.48337 1.353432 0 0.0
0.009866615 0.04654106 -0.1188227 -2.7747 1.896035 2.077121 0.8928653 19.53277 1.269583 0 0.0
0.004217155 0.03322238 5.05932 -8.872639 1.56619 2.080186 0.856806 19.17016 nan 0 0.0
0.009642718 0.003538004 -2.631614 -4.053173 0.0853743 0.07521743 0.3882264 15.31625 1.573123 1 0.9946357
-0.006056299 -0.04255474 -2.614019 -5.972983 0.1014469 0.09236003 0.3518386 15.81485 1.967701 1 0.0
0.03250679 0.006166135 -3.606797 -4.868743 1.519379 1.600687 0.8910301 19.47946 nan 0 0.0
0.00534472 -0.014181 -3.039743 -3.541035 0.4121673 0.3402801 0.2354794 17.99798 nan 0 0.0
-0.03300428 0.02343323 -1.939885 -5.324866 0.3945528 0.3513824 0.4555417 18.39403 1.429111 0 0.0
-0.002643682 0.0393927 -2.202181 -6.87592 0.3795213 0.3449673 0.4461003 18.40313 1.357033 1 0.0
-0.004542751 -0.01845724 3.187465 -2.960845 0.2341419 0.2174522 0.5920994 17.08809 1.390162 0 0.0
