data/gcs/NGC_4833.ecsv
# %ECSV 0.9
# ---
# datatype:
# - {name: x, unit: deg, datatype: float64}
# - {name: y, unit: deg, datatype: float64}
# - {name: pmx, unit: mas / yr, datatype: float64}
# - {name: pmy, unit: mas / yr, datatype: float64}
# - {name: pmx_e, unit: mas / yr, datatype: float64}
# - {name: pmy_e, unit: mas / yr, datatype: float64}
# - {name: pm_corr, datatype: float64}
# - {name: g_mag, unit: mag, datatype: float64}
# - {name: bp_rp, unit: mag, datatype: float64}
# - {name: filter, datatype: int64}
# - {name: memberprob, datatype: float64}
# meta: !!omap
# - comments: [deg deg mas/yr mas/yr mas/yr mas/yr dimless mag   mag   zeroone float]
# - __serialized_columns__:
#     bp_rp:
#       __class__: astropy.units.quantity.Quantity
#       unit: &id001 !astropy.units.Unit {unit: mag}
#       value: !astropy.table.SerializedColumn {name: bp_rp}
#     g_mag:
#       __class__: astropy.units.quantity.Quantity
#       unit: *id001
#       value: !astropy.table.SerializedColumn {name: g_mag}
#     pmx:
#       __class__: astropy.units.quantity.Quantity
#       unit: !astropy.units.Unit {unit: mas / yr}
#       value: !astropy.table.SerializedColumn {name: pmx}
#     pmx_e:
#       __class__: astropy.units.quantity.Quantity
#       unit: !astropy.units.Unit {unit: mas / yr}
#       value: !astropy.table.SerializedColumn {name: pmx_e}
#     pmy:
#       __class__: astropy.units.quantity.Quantity
#       unit: !astropy.units.Unit {unit: mas / yr}
#       value: !astropy.table.SerializedColumn {name: pmy}
#     pmy_e:
#       __class__: astropy.units.quantity.Quantity
#       unit: !astropy.units.Unit {unit: mas / yr}
#       value: !astropy.table.SerializedColumn {name: pmy_e}
#     x:
#       __class__: astropy.units.quantity.Quantity
#       unit: &id002 !astropy.units.Unit {unit: deg}
#       value: !astropy.table.SerializedColumn {name: x}
#     y:
#       __class__: astropy.units.quantity.Quantity
#       unit: *id002
#       value: !astropy.table.SerializedColumn {name: y}
# schema: astropy-2.0
x y pmx pmy pmx_e pmy_e pm_corr g_mag bp_rp filter memberprob
[from data line 25655]
-0.05239557 0.1753239 -5.84727 -2.076979 0.2119221 0.1869947 0.1422945 18.25874 1.189232 1 0.0
-0.07872893 0.1057032 -3.078418 -2.22156 1.301437 1.324776 -0.07213807 20.56665 1.916254 0 0.0
-0.05663781 0.163174 -8.497423 -3.054772 0.6500142 0.3582593 0.3742341 19.26288 1.375242 1 3.086812e-06
-0.06754869 0.08544221 -5.081281 -1.68586 0.4312885 0.3183571 0.330385 19.04055 1.162697 0 0.0
-0.05622734 0.1300865 -4.084088 -0.08841446 0.9214362 0.5954812 0.302824 19.90341 1.259144 0 0.0
-0.0254893 0.1584009 -5.602438 1.356807 1.166682 1.052033 -0.1130093 20.32771 1.085371 0 0.0
-0.02514149 0.1583021 -7.952468 -0.2778533 0.9801573 0.7939495 0.07830155 20.22564 0.8952045 0 0.0
-0.04177642 0.1277873 -12.00415 1.273518 0.1817295 0.1196259 0.2597647 17.4559 1.12142 1 0.0
-0.0436702 0.1034073 -7.333709 0.007458532 1.4251 0.7234805 0.1593362 20.28319 1.104816 0 0.0
-0.03598099 0.1729111 -6.958054 0.5795767 0.6388748 0.4207777 0.26001 19.39403 1.237986 0 0.0
0.05611422 0.1762675 -24.71575 -13.8956 0.218069 0.1290283 0.3907375 17.4977 1.298441 1 0.0
-0.06667438 0.1773644 -9.256132 -2.223393 0.2005497 0.1279058 0.2719199 17.56483 1.25692 1 0.0
-0.08902068 0.1055226 -7.233465 -1.126391 1.905759 1.662997 -0.1438129 20.79554 1.143393 0 0.0
-0.0147513 0.1854883 -8.008795 -0.7289263 0.1777683 0.1116055 0.2178079 17.31439 1.245708 1 0.6739616
-0.0521187 0.1309674 -9.179934 -1.427296 0.5267697 0.3311238 0.2902543 19.24446 1.537159 1 0.6632932
-0.05734455 0.1635688 -4.275067 1.922543 0.9683406 0.5314263 0.4192768 19.70992 1.205215 1 3.12233e-06
-0.04811639 0.1385534 -5.705094 -0.6802052 2.465401 1.723934 -0.07501725 20.70736 1.146431 0 0.0
-0.06886419 0.1658671 -2.859525 -0.8359994 1.149814 0.9143841 -0.01890303 20.38395 0.763195 0 0.0
-0.0908435 0.1096191 -8.695551 1.016989 1.871338 1.67166 -0.1622451 20.82702 1.24992 0 0.0
-0.02303171 0.1859382 -1.461475 0.4110475 0.2283942 0.1455422 0.2261099 17.75446 1.334959 1 0.0
0.005496843 0.1855158 -4.676365 -0.09579769 0.1850204 0.1191595 0.2525072 17.41606 1.421618 1 0.0
-0.03154923 0.1444686 -6.177906 -2.606139 0.359892 0.306258 0.1979947 19.01124 1.187632 1 0.0
-0.06701423 0.1703899 -7.2484 -0.6191779 0.7780928 0.3776277 0.2946717 19.39479 nan 0 0.0
0.01162322 0.187184 -6.688263 -1.230063 0.1027415 0.09160997 0.09417564 16.90405 1.038027 1 0.0
-0.07673874 0.1083126 -5.969266 0.3061701 0.2478227 0.2177767 0.1189926 18.47627 1.137318 1 0.0
-0.004493373 0.1623152 -5.357469 -2.768628 0.4026753 0.3096476 0.2145646 19.08797 1.070452 1 0.0
-0.0811289 0.1088522 -8.99446 -0.7672554 0.7505062 0.4738491 0.3142561 19.60403 1.112692 0 0.0
-0.05474491 0.09774191 -7.657752 -0.374778 0.1918877 0.161396 0.2047337 18.09415 1.39003 1 0.03047924
-0.0480755 0.1739996 -4.726294 0.5773633 0.7413719 0.4820355 0.3233152 19.74921 1.033318 1 3.590258e-05
-0.0140035 0.1551087 -8.329466 -0.09882667 1.215076 0.7974987 0.2073526 20.24582 1.190634 1 0.3861484
-0.01115431 0.1864748 -6.361294 -0.531444 0.2152026 0.1363273 0.2289609 17.72249 1.295063 1 0.0
-0.01596814 0.1865478 -5.426226 -1.449687 0.2590363 0.2124583 0.0999083 18.56459 1.252758 1 0.0
-0.102185 0.1443547 -11.63379 -2.05107 0.1927278 0.1230057 0.2493513 17.4328 1.249462 1 0.0
-0.03182615 0.1349544 -5.402139 -0.4853128 0.3405654 0.2887421 0.1442317 18.9184 1.613121 1 0.0
-0.04214865 0.115816 -2.919956 0.1710595 1.003429 0.6014661 0.2360739 20.01325 1.167732 0 0.0
-0.08150877 0.09601025 -8.18439 -1.258617 0.2002713 0.1497342 0.2255096 17.90106 1.234541 1 0.9044312
0.04653639 0.1869274 -6.169762 -2.789404 0.08310755 0.07917585 0.1957506 16.45942 1.266657 1 0.0
-0.04510395 0.1152602 -5.265039 0.7944114 0.2152077 0.1822182 0.1282113 18.19995 1.372875 0 0.0
-0.03455219 0.1718837 -3.603257 -0.6887674 0.8449239 0.6336847 0.2197274 19.96244 0.9727917 1 3.50485e-06
0.0235193 0.159212 -13.18708 3.338161 0.8283594 0.5900635 0.2257383 19.86303 1.455868 0 0.0
-0.07668933 0.1400283 -2.474036 4.8527 0.428193 0.3197806 0.2593248 19.19746 1.169525 1 0.0
0.02559511 0.1590035 -6.135212 0.2770259 1.829316 0.8300928 0.4071934 20.17008 nan 0 0.0
0.04150976 0.1841003 -3.788094 -2.939596 1.917522 1.36046 0.1179862 20.73471 0.7935524 1 0.01543791
-0.01321344 0.1641348 -2.070573 -2.175047 0.8065273 0.5160759 0.2941081 19.78372 1.522652 1 0.0
-0.01758381 0.1130604 -6.984691 0.02661654 0.08575296 0.08080236 0.09623236 16.48444 1.051315 0 0.0
-0.05395161 0.157612 -6.446357 3.487077 3.287975 3.666673 -0.544637 20.96514 0.5922298 0 0.0
0.004285869 0.1618193 -6.566433 2.030963 1.452076 1.320031 0.05455223 19.0051 1.298576 0 0.0
-0.0652328 0.1019218 -4.013727 0.2065032 0.7994982 0.5098363 0.3708023 19.73315 0.8417206 0 0.0
-0.06449992 0.1677508 -9.014342 2.94709 2.070352 1.392829 -0.06339506 20.75996 0.9860992 0 0.0
-0.02443933 0.1073998 -7.731159 -1.774013 0.1843659 0.1749173 0.1299528 18.05091 1.394957 1 0.001098528
-0.08987922 0.1075711 -13.37814 -0.6595722 0.1851724 0.1488036 0.2361296 17.9196 1.255035 1 0.0
-0.04103347 0.1679347 -4.753064 -0.8319515 0.8369994 0.5403454 0.2879219 19.92537 1.034163 1 0.0005670408
-0.04106266 0.1183054 -8.395426 -2.190422 0.1960063 0.1695514 0.0636322 18.07862 1.166601 1 1.003518e-05
-0.06591447 0.1075043 -8.537377 -1.011251 0.2330949 0.2010475 0.1313093 18.38832 0.9896927 1 0.9490542
-0.03346672 0.113803 -8.718571 -1.119018 0.2000202 0.1226667 0.3021738 17.5263 1.255554 1 0.9281136
-0.06367464 0.1713927 -7.47593 -0.2088892 0.6793274 0.4479371 0.2862441 19.64344 1.022192 0 0.0
-0.08811851 0.1243332 -4.87998 -0.7708893 1.877578 1.083277 0.2399181 20.59472 1.192249 0 0.0
-0.02434536 0.1127786 -7.286991 10.11548 0.2046262 0.1697985 0.05876094 18.08846 1.552095 1 0.0
-0.06003932 0.1009234 -11.3604 3.141712 0.9290303 0.6947776 0.21658 20.112 1.317503 0 0.0
-0.05636807 0.1568653 -8.344846 0.1263825 2.177619 2.080703 -0.2935928 20.6767 0.8106174 0 0.0
-0.02422387 0.1661844 -7.847295 2.201938 0.7480045 0.4912719 0.2678581 19.68369 1.374851 1 0.0
-0.07164941 0.1722736 -9.678975 0.1520155 0.2947341 0.2727435 0.1107955 18.83007 1.082804 1 1.110413e-06
-0.007190629 0.1229087 -3.959479 -0.3841224 0.1831015 0.149547 0.1658756 17.93423 1.372435 1 0.0
-0.07079205 0.07414703 -10.86972 -3.633494 1.165959 0.5380585 0.4999473 19.77444 nan 0 0.0
-0.04904184 0.1546873 -4.927101 0.5113696 0.6889638 0.4985399 0.2884524 19.68707 1.146004 1 4.091892e-05
-0.007586365 0.1318883 -6.124342 -4.26688 0.3914482 0.3206359 0.1736476 18.21296 1.372448 0 0.0
-0.03423694 0.1261384 -0.9300024 -5.735178 3.120926 2.223922 0.1023285 20.96097 0.9341965 0 0.0
-0.08888746 0.1139919 -6.105528 1.898936 2.098741 1.609902 0.5535591 20.31944 nan 0 0.0
-0.007184634 0.1482687 -4.727617 -2.733765 0.8758433 0.5907855 0.2450085 19.84006 nan 0 0.0
-0.0163358 0.1177306 -6.677952 -2.928253 0.2111807 0.13043 0.1930451 17.53922 1.095322 1 0.0
-0.04238609 0.1068586 -6.533726 0.4909526 1.19146 0.6561937 0.1002058 20.03584 1.192364 0 0.0
-0.08821167 0.1135219 -5.917415 -0.4122715 0.1883012 0.13466 0.3743611 17.49031 nan 0 0.0
-0.09031515 0.1161752 -5.401842 -3.605909 2.180585 2.264236 0.5740775 20.61064 0.7533607 0 0.0
-0.08865296 0.1598688 -6.537555 -1.274364 0.5624148 0.3868687 0.3057706 19.38771 1.308977 1 0.01028369
0.01656521 0.1406643 -7.717113 0.2663876 1.841242 1.498186 0.06073179 20.6256 1.033066 0 0.0
-0.004980886 0.1366346 -3.739164 1.946102 0.2094261 0.1403169 0.2492056 17.74678 1.200706 1 0.0
-0.07413907 0.1582951 -9.29676 -0.6443507 0.6216712 0.4021097 0.3027873 19.55417 1.503098 1 0.3642786
-0.05344141 0.1081214 -8.19349 -1.155625 0.335746 0.2720125 0.1580107 18.85731 0.9279613 1 0.9156027
-0.001798822 0.125687 -4.018853 -1.001284 0.1203882 0.09751537 0.1983309 17.08401 0.8325329 1 0.0
0.01220392 0.1629834 -12.33239 -1.176709 0.2485096 0.227378 0.1269256 18.54952 1.505629 1 0.0
0.01392684 0.1473954 -7.625246 -1.104174 0.4469547 0.3669783 0.2952119 19.16732 1.384098 1 0.5677053
-0.03431689 0.1053101 -7.952758 -1.40421 0.8761309 0.5333845 0.230246 19.88662 0.7894897 1 0.713481
-0.06505983 0.1414733 -10.89338 -3.646888 0.5902413 0.4519652 0.3355992 18.96589 1.344971 0 0.0
0.02092819 0.1485643 -3.711351 -0.5465044 1.44201 1.452648 0.04883215 20.71892 0.9295769 0 0.0
-0.1002727 0.145608 -9.576195 0.4133839 0.3351674 0.2879061 0.07757297 18.85251 1.098469 1 2.039291e-06
-0.09521646 0.1148478 -8.890435 -1.713208 0.7153058 0.4897577 0.3275447 19.70997 0.9785938 0 0.0
-0.03448013 0.1534436 -6.629574 0.6970699 1.089527 0.6421875 0.1801119 20.08969 1.366674 1 0.04999697
-0.08122442 0.1597096 -5.579759 -2.050985 0.2837888 0.2425427 0.1563902 18.60142 1.228352 1 0.0
0.01064837 0.1379294 -6.763363 -0.9666871 0.2110417 0.150397 0.2248733 17.81365 1.132956 1 0.0
-0.00532667 0.1498562 -13.93639 0.4606278 0.8727889 0.5624406 0.2731917 19.73947 1.882223 0 0.0
-0.02115477 0.1525618 -8.908117 2.297357 1.065585 0.661732 0.1426626 20.18254 2.130199 0 0.0
-0.01675167 0.1520243 -8.396222 -0.4727123 0.5871133 0.385264 0.2761939 19.31921 1.834105 1 0.6522045
-0.06808215 0.1582327 -5.445919 -3.861803 0.2020702 0.1456977 0.2790006 17.66723 1.175501 1 0.0
0.007707777 0.1486195 -7.275267 -0.6921427 1.256066 0.7523688 0.281059 20.13542 1.298304 0 0.0
-0.04984301 0.1446222 -8.686892 0.4612741 0.3687615 0.2802882 0.2396361 18.98767 1.187752 1 0.0001064365
-0.08402633 0.07475942 -8.39356 -1.19353 0.660168 0.4719272 0.3120547 19.56743 0.8866196 0 0.0
-0.07827272 0.06884712 -8.065582 -0.1975691 1.198651 0.7822738 0.1032031 20.21592 0.9201374 1 0.6043153
-0.08333554 0.1608453 -8.188743 -2.312658 0.6309902 0.6652309 0.3952758 19.30177 nan 0 0.0
-0.008555773 0.1512437 -8.405804 -1.138772 0.5615629 0.3734899 0.286628 19.31703 1.001017 1 0.7961972
-0.06981174 0.1455848 -4.43214 -0.3773912 0.1889331 0.1220531 0.3156883 17.59659 1.345654 1 0.0
0.02761585 0.1957285 -7.250299 -0.04423415 0.2108614 0.1222607 0.2489086 17.55667 1.122528 1 0.0
0.04882193 0.1805743 4.149832 6.677059 1.360582 1.265879 0.09581655 20.56696 1.551678 0 0.0
-0.03418815 0.1181963 -8.617441 -0.1103266 0.8238921 0.5058332 0.2506615 19.78138 1.12289 1 0.4979267
-0.08649589 0.1609769 -8.579157 -2.315656 1.062581 0.7770572 0.2896813 20.13058 1.25407 1 0.2281564
-0.08802019 0.1477484 -2.261212 -1.462086 0.4956746 0.3376289 0.2936339 19.12729 1.282475 1 0.0
-0.02946676 0.1356751 -3.737768 -3.325844 2.533744 1.87397 0.03347185 20.83689 0.2637157 0 0.0
-0.09560476 0.1583033 -4.518832 -0.7241979 0.6155441 0.4152074 0.3192694 19.42016 1.102671 1 0.0
0.06008142 0.1823672 -9.296696 0.07967371 1.278489 1.091122 0.0132123 20.325 1.549864 0 0.0
-0.05534388 0.1454241 -7.641549 0.9782193 0.1875172 0.1433467 0.2397854 17.94908 1.169807 1 0.0
-0.08389732 0.156601 -10.01025 -4.911148 0.3511187 0.2913608 0.1980087 18.87149 1.143894 1 0.0
-0.04407747 0.1514793 -9.350155 -1.454874 0.673803 0.4245087 0.3275658 19.59291 1.638836 1 0.565126
-0.07282977 0.147428 -8.107538 -2.244024 0.1856463 0.1648373 0.1177542 18.13434 1.206646 1 0.0
0.02027207 0.147184 -3.396523 -2.151153 1.260909 0.7363465 0.14105 20.17309 1.20944 0 0.0
-0.05060898 0.1070683 -8.998475 -1.93808 0.8617601 0.5925365 0.3144015 19.94663 0.8831882 0 0.0
0.04208555 0.1627674 -13.41111 4.141413 1.658882 2.159959 -0.07477289 20.74088 1.674753 0 0.0
-0.05111772 0.158741 -9.651796 3.069026 3.006774 3.400351 -0.5554674 20.9378 1.378407 0 0.0
-0.06656476 0.1549877 -5.966101 -2.69715 0.7631621 0.5313392 0.263644 19.92458 1.029264 1 4.821561e-05
-0.02541083 0.1125179 -10.16745 0.9410127 1.697469 1.725855 -0.3708192 20.59926 0.4404507 0 0.0
-0.08197929 0.1569981 -5.850891 -2.397333 0.685134 0.4634653 0.297419 19.65617 1.437122 1 8.363864e-06
0.01562831 0.146471 -7.059812 0.5538516 0.8269947 0.5881783 0.3314045 19.82571 1.205599 1 0.1113387
0.05023906 0.1723769 -10.44072 1.001731 2.52795 2.666649 0.05222569 20.96366 0.7411499 0 0.0
-0.06613625 0.09858481 -7.201852 0.478941 0.6363423 0.4150409 0.3495925 19.42227 1.079145 0 0.0
-0.06505054 0.0984129 -0.5363017 -1.456405 0.933579 2.043073 -0.04741807 19.95934 nan 0 0.0
-0.07229257 0.1353373 -8.366735 -5.687932 0.08961181 0.07241218 0.2005439 16.57879 1.230511 1 0.0
-0.06471924 0.0984979 -1.62467 -2.038236 0.3033926 0.2788916 0.0918519 18.69634 1.31769 0 0.0
-0.0285114 0.1504775 -5.904831 0.3896511 0.3548737 0.3045137 0.1424514 18.97965 1.148808 1 0.0
-0.03495862 0.1073078 -3.804753 0.5981319 1.135259 0.8605256 0.1474016 20.47047 1.08357 1 0.002250916
-0.07016664 0.1103967 -8.594399 -3.635034 0.9278059 0.5341591 0.3077944 19.87485 1.725981 1 0.0002379922
-0.02636098 0.150717 -2.214892 0.2102692 0.2385858 0.2012289 0.1147231 18.27649 1.30484 0 0.0
-0.09876699 0.1404884 -5.435214 -1.069553 0.05505803 0.0517579 0.1994196 15.82656 1.562455 1 0.0
-0.06363937 0.1555236 -5.323269 1.059506 0.6380631 0.4063239 0.265322 19.58404 1.133327 1 0.0
-0.0688037 0.1570553 -5.211906 -2.787662 0.3736934 0.2860769 0.255684 18.99373 1.475149 1 0.0
-0.01869134 0.1308053 -10.77695 -0.2493061 0.2003164 0.1751874 0.134232 18.18218 1.207476 1 0.0
-0.0380947 0.1521705 -6.83756 -0.5733661 0.9163775 0.5744471 0.2020166 19.96432 1.146936 1 0.301596
-0.09206554 0.1556954 -3.856708 -1.423654 0.408199 0.2955827 0.2882789 18.99629 1.75952 1 0.0
-0.01286595 0.1488763 -8.885711 -1.731522 0.8831428 0.5756228 0.3053359 19.82417 nan 0 0.0
-0.03548681 0.133079 -7.544102 -0.03446679 0.3836347 0.2842502 0.2363378 18.99271 1.053001 1 0.06574775
-0.01480418 0.1682688 -3.422641 -1.597578 0.3919136 0.324823 0.1642771 19.03421 1.591631 1 0.0
-0.05215849 0.09994611 -11.14679 -1.379988 1.985932 1.921463 0.1958947 20.83335 1.988913 0 0.0
-0.05494568 0.1618207 -5.214073 0.1342994 1.063284 0.6216768 0.3840265 19.01801 nan 0 0.0
-0.04000801 0.1341004 -2.865679 -2.218466 0.1856043 0.118873 0.3013543 17.56216 1.137049 1 0.0
-0.06799785 0.07728482 -8.329828 -1.598971 0.7531159 0.5646991 0.4007738 19.72701 0.9997463 0 0.0
-0.0375718 0.1500048 -8.252867 -0.234735 1.025842 0.6570339 0.2114352 20.01857 1.709755 1 0.4515244
0.03963286 0.1611092 -6.698502 -0.5368509 0.9818374 0.85397 0.09735 20.26165 1.429873 0 0.0
-0.01236506 0.1533397 0.6670032 2.889196 0.3382936 0.2732797 0.1707955 18.88551 1.178253 1 0.0
-0.04284658 0.1223987 -0.9160067 2.867449 0.8582811 0.5571671 0.3192753 19.75108 1.283682 1 0.0
0.008139016 0.143973 -7.597302 1.170984 0.8149125 0.5438671 0.3149505 19.77557 1.196619 1 0.007442042
0.006165722 0.1948158 -24.06639 -2.490372 1.9919 1.99321 0.05373211 20.78578 1.76424 0 0.0
0.009997134 0.1442316 -11.81425 -2.455508 1.207732 0.9437493 0.1642466 20.3667 1.692251 0 0.0
-0.09023905 0.1361036 -5.450507 2.436499 0.1866244 0.1606864 0.1768354 18.01544 1.128922 1 0.0
-0.0441496 0.1590703 -7.491595 -0.6693556 1.04483 0.5354676 0.414192 19.86437 1.256454 1 0.4851196
0.01400002 0.1440156 -10.30727 -2.605026 0.7347537 0.5096251 0.3862858 19.62767 nan 0 0.0
-0.01080846 0.1720555 -6.923251 -2.449582 0.4119557 0.3205633 0.2076723 19.09582 1.072168 1 0.0
-0.02301524 0.1233698 -4.021707 -1.701686 2.355362 2.058309 0.01504397 20.93168 1.205223 0 0.0
-0.0548253 0.1528184 -6.201928 1.187974 1.074017 0.6771807 0.2182713 20.15244 1.224699 1 0.01116574
-0.03540145 0.1502758 -8.446792 -2.414567 0.6178548 0.4154804 0.2819353 19.50072 1.365433 1 0.03255563
0.006185104 0.1921837 -2.679496 1.74444 0.821715 0.6655519 0.07516049 19.98043 0.6903687 1 0.0
0.007921211 0.1407078 -9.572757 -1.312194 1.32936 0.5843588 0.467062 19.76279 0.8483677 1 0.6019846
0.00389439 0.170143 -2.162317 -2.197758 0.5439105 0.3338851 0.2796197 19.18331 1.416992 1 0.0
-0.02043071 0.1439719 -6.093775 1.098678 0.2389541 0.209099 0.1368015 18.47133 1.115669 1 0.0
0.04477027 0.1846579 -9.464343 -5.732099 0.6358046 0.4499777 0.3090188 19.39902 1.976946 1 0.0
-0.05531171 0.09742754 -6.167205 -2.565373 1.124725 0.6712474 0.2090231 20.20253 1.345137 0 0.0
-0.06967168 0.1183864 -8.12699 0.1858607 0.4095243 0.3136037 0.2042001 18.99153 1.230421 1 0.04265836
-0.08896704 0.1534282 -10.67127 -2.755787 0.4785131 0.333433 0.3192301 19.13784 1.210094 1 2.351644e-06
