data/gcs/NGC_6093_M_80.ecsv
# %ECSV 0.9
# ---
# datatype:
# - {name: x, unit: deg, datatype: float64}
# - {name: y, unit: deg, datatype: float64}
# - {name: pmx, unit: mas / yr, datatype: float64}
# - {name: pmy, unit: mas / yr, datatype: float64}
# - {name: pmx_e, unit: mas / yr, datatype: float64}
# - {name: pmy_e, unit: mas / yr, datatype: float64}
# - {name: pm_corr, datatype: float64}
# - {name: g_mag, unit: mag, datatype: float64}
# - {name: bp_rp, unit: mag, datatype: float64}
# - {name: filter, datatype: int64}
# - {name: memberprob, datatype: float64}
# meta: !!omap
# - comments: [deg deg mas/yr mas/yr mas/yr mas/yr dimless mag   mag   zeroone float]
# - __serialized_columns__:
#     bp_rp:
#       __class__: astropy.units.quantity.Quantity
#       unit: &id001 !astropy.units.Unit {unit: mag}
#       value: !astropy.table.SerializedColumn {name: bp_rp}
#     g_mag:
#       __class__: astropy.units.quantity.Quantity
#       unit: *id001
#       value: !astropy.table.SerializedColumn {name: g_mag}
#     pmx:
#       __class__: astropy.units.quantity.Quantity
#       unit: !astropy.units.Unit {unit: mas / yr}
#       value: !astropy.table.SerializedColumn {name: pmx}
#     pmx_e:
#       __class__: astropy.units.quantity.Quantity
#       unit: !astropy.units.Unit {unit: mas / yr}
#       value: !astropy.table.SerializedColumn {name: pmx_e}
#     pmy:
#       __class__: astropy.units.quantity.Quantity
#       unit: !astropy.units.Unit {unit: mas / yr}
#       value: !astropy.table.SerializedColumn {name: pmy}
#     pmy_e:
#       __class__: astropy.units.quantity.Quantity
#       unit: !astropy.units.Unit {unit: mas / yr}
#       value: !astropy.table.SerializedColumn {name: pmy_e}
#     x:
#       __class__: astropy.units.quantity.Quantity
#       unit: &id002 !astropy.units.Unit {unit: deg}
#       value: !astropy.table.SerializedColumn {name: x}
#     y:
#       __class__: astropy.units.quantity.Quantity
#       unit: *id002
#       value: !astropy.table.SerializedColumn {name: y}
# schema: astropy-2.0
x y pmx pmy pmx_e pmy_e pm_corr g_mag bp_rp filter memberprob
[from data line 3971]
-0.04093267 0.01639145 -4.016317 -9.97501 3.999663 3.667114 -0.06047961 20.68305 0.4814606 0 0.0
-0.0200638 -0.0148691 -2.829806 -5.281033 1.497211 1.095503 -0.3879712 19.33019 0.8679447 0 0.0
-0.03251531 0.01050003 -1.301887 -8.370541 1.802504 1.474533 -0.01940494 20.01806 0.7275505 0 0.0
-0.05432521 0.02361748 -0.01590071 -1.109511 1.275506 0.9859046 0.07503208 19.95907 1.813326 0 0.0
-0.01935664 0.04959175 -5.084668 -6.128214 0.9421566 0.682708 -0.01531855 19.63072 0.7848396 0 0.0
-0.006090604 0.05866053 -2.354974 -5.830298 0.4417538 0.3142017 -0.01878056 18.29784 1.057539 0 0.0
-0.0028708 -0.005081039 -2.882977 -5.677479 0.09933951 0.07335551 -0.2029132 13.38551 1.540564 0 0.0
-0.01706095 0.01007752 -2.116329 -5.727395 0.449791 0.3266224 0.07009925 17.29028 1.165345 0 0.0
-0.02503324 -0.1071493 -0.8238282 -0.1828214 1.2053 0.738674 0.2711288 19.55267 1.307993 1 0.0
-0.02798628 -0.01428686 1.093975 -6.389307 1.591676 1.130643 -0.2301856 19.21659 0.8374615 0 0.0
0.01664259 0.003493406 -5.312719 -1.392788 2.246125 2.239528 -0.8256382 19.13613 nan 0 0.0
-0.007182262 -0.02762415 -7.793918 -3.307577 1.915979 1.170727 0.1340117 19.9197 0.7595291 0 0.0
0.02567423 -0.005127317 -4.70179 -5.751202 1.127458 0.7863301 0.5267131 19.15334 0.8019505 0 0.0
-0.01638659 0.01017679 -2.567963 -5.9207 0.6829822 0.3580858 0.2990325 17.59834 nan 0 0.0
-0.01510624 -0.006489477 1.751549 -7.693829 2.013711 1.902464 0.08622597 19.19812 nan 0 0.0
0.03243531 -0.04648771 -2.860782 -5.929813 0.2531494 0.1606022 0.06777494 17.13617 0.1386528 1 0.9846909
-0.03265532 0.008485831 -6.172365 -7.897082 3.055691 3.043257 -0.4740897 20.735 0.5743465 0 0.0
-0.03918088 -0.1132562 -3.087855 -4.326638 0.5380268 0.3275238 0.2408854 18.39693 1.35606 1 0.02467788
-0.01424959 -0.004088032 -2.857028 -5.810297 0.1193588 0.08182777 -0.07252373 15.56315 1.280476 0 0.0
-0.0310261 0.01056523 -2.045542 -5.778947 1.540851 1.302648 -0.4032217 19.98568 nan 0 0.0
-0.001212825 -0.04280455 -6.285955 -4.861783 1.121777 0.7747786 0.1649878 19.66998 1.194748 0 0.0
-0.02404894 -0.03806311 -2.286255 -7.190463 3.89796 3.217086 0.2611603 20.69445 0.5460644 0 0.0
-0.02724082 -0.01915236 -4.630712 -5.229643 1.645188 1.085626 0.03425556 19.99088 nan 0 0.0
0.01277321 -0.0598721 -2.838104 -5.63131 0.1012393 0.06406235 -0.03248875 15.18681 1.241341 1 0.9981579
0.006371938 -0.01963423 -1.606676 -4.544234 0.7713354 0.4827207 0.2146344 18.7433 1.027182 0 0.0
-0.0311946 0.01019898 -1.538814 -2.946485 1.217353 0.9002176 0.01037482 19.48561 nan 0 0.0
0.02185742 0.02067024 -2.888999 -5.553774 0.05909116 0.04024165 -0.155485 13.6227 1.539456 1 0.9992681
-0.0007775482 -0.02863677 -5.057111 -4.098174 1.193327 0.7155828 0.3834611 19.51471 0.8273125 0 0.0
-0.002449164 -0.01625619 -2.750998 -5.628462 0.1982868 0.1262826 -0.2066199 16.6347 1.136559 0 0.0
-0.02700211 -0.01877847 -2.353638 -5.332073 1.11119 0.7312 -0.02965062 19.30327 0.9277191 0 0.0
0.02180983 -0.01298301 -2.887459 -6.414125 0.1834773 0.1279807 -0.07391817 15.57941 1.126248 0 0.0
0.01912899 0.001995808 -7.427734 -7.190312 1.2646 0.9722432 -0.1863136 18.87095 nan 0 0.0
-0.04596001 0.05024717 -2.704408 -5.445068 0.662461 0.4582277 -0.3259925 18.73668 nan 0 0.0
-0.006017989 0.005964313 -4.962504 -4.19475 0.7004194 0.4944306 -0.01392732 16.53909 0.805378 0 0.0
-0.02114543 -0.01467663 -2.786836 -4.740504 0.8289686 0.6005221 -0.08708768 18.87218 nan 0 0.0
-0.0395102 0.004661674 -4.965311 -6.807279 1.561851 1.323064 -0.002273606 20.25992 0.7996864 0 0.0
-0.05553729 0.0669405 -0.4993747 -5.979659 1.406956 1.042282 -0.3486081 19.97027 1.035257 0 0.0
-0.05204015 0.07375493 8.290369 -7.371549 0.6444992 0.4917156 -0.05144948 19.06509 1.745667 0 0.0
-0.001902005 0.03050438 -1.777165 -3.642247 1.753137 1.057441 0.2370925 20.08128 0.9300423 0 0.0
0.03574822 0.001475542 -2.601353 -5.310704 0.9244917 0.6063541 0.2186846 19.3263 0.9530258 0 0.0
-0.005624618 0.005910924 -0.2693707 -11.42886 0.8866907 0.6330403 0.1376289 16.82747 nan 0 0.0
-0.0265386 -0.01865249 -8.217201 -6.179493 2.709323 1.761842 0.01721106 20.46988 nan 0 0.0
0.007675786 -0.06271938 -3.397094 -5.169059 1.201458 0.7243703 0.3101826 19.56692 0.8748894 0 0.0
-0.08690552 -0.047063 -1.361405 -5.31236 1.085312 0.7457271 0.1612158 19.6217 1.100166 1 0.7244855
0.02296685 0.01741422 -2.618152 -5.464775 0.1758136 0.1180596 0.03997298 16.50462 0.3444729 1 0.9960281
-0.001944155 0.03022972 -7.074193 -6.207923 1.441631 0.9821374 0.1533566 20.08182 0.607502 0 0.0
-0.01067787 -0.04913736 -0.2826978 -5.449895 3.381997 2.26924 -0.05730785 20.6917 nan 0 0.0
0.01612029 -0.01748355 -6.172587 -4.627931 1.323156 0.6293462 -0.04959479 18.88099 0.8586502 0 0.0
0.02287988 0.001642366 -2.669249 -5.549047 0.2241627 0.1513977 0.06333432 16.86845 0.3251343 0 0.0
-0.03170857 -0.07450076 -2.989966 -5.01345 1.13378 0.7313001 0.1775503 19.64128 0.6893444 0 0.0
0.0152308 -0.05789825 -0.8413745 -6.39206 2.514471 1.286705 0.2253799 19.80893 0.8117371 0 0.0
-0.04887018 -0.1018877 2.67725 1.561336 0.2660829 0.1671793 0.03480282 17.24962 1.061357 1 0.0
0.010631 0.01912664 -2.9937 -5.237321 0.2217982 0.1451842 -0.04480035 17.11316 1.044367 0 0.0
-0.01864555 -0.01147954 -12.48084 1.654571 2.303532 1.845244 -0.5516487 19.73565 0.9456768 0 0.0
-0.02587067 0.01421698 -0.33321 -4.931948 1.342886 1.112872 0.01664634 20.03135 0.8128357 0 0.0
0.002748293 -0.005592206 -2.414813 -6.394516 0.3241606 0.1936578 0.007180207 15.59006 1.323637 0 0.0
0.01533432 -0.011914 -3.026089 -5.541464 0.1306794 0.08900186 -0.1286307 15.97649 1.269159 0 0.0
0.02105429 0.00623365 -2.9372 -5.79281 0.09374147 0.06295564 -0.09877995 15.20459 1.312027 1 0.9981468
-0.01211247 -0.02465858 -1.996168 -5.985494 0.9110988 0.6280054 0.06530182 19.43409 nan 0 0.0
0.0197526 -0.05656369 -2.828076 -5.608687 0.08284316 0.05168687 -0.03498665 14.68281 1.413062 1 0.9983747
-0.003137574 -0.01081454 -2.375856 -5.946849 0.2484261 0.1500356 -0.2284941 15.94194 1.192489 0 0.0
0.02098697 0.02509162 -2.94637 -5.091052 0.2031222 0.1350087 0.02317656 16.93666 1.230858 0 0.0
0.0008659666 0.004728482 -3.208253 -5.894905 0.09343094 0.06748062 -0.2315542 12.65046 1.807437 1 0.9875521
0.003928047 -0.0142783 -2.589014 -3.163509 2.358931 1.406206 0.740885 19.47245 nan 0 0.0
-0.03892954 0.03729467 -4.643928 -5.372241 1.255356 0.9839716 0.02525588 20.09683 0.6813641 0 0.0
0.01004094 0.01990107 -2.916015 -5.879669 0.2604057 0.1646195 -0.2897439 16.96151 1.172216 0 0.0
-0.01968162 -0.03485997 -10.16697 -5.682051 3.087589 2.33484 -0.2537843 20.64456 0.8544674 0 0.0
-0.05109481 -0.01019473 -2.772665 -5.79762 0.7703429 0.5320774 0.08625871 19.10749 0.9105701 0 0.0
0.01135851 -0.01773102 1.886451 -6.595792 2.490535 1.498291 0.2933439 19.67592 nan 0 0.0
0.0001775647 -0.004291367 -5.932229 -6.665567 0.3185073 0.2037675 0.03979945 14.20647 0.9403172 0 0.0
0.021547 0.01249158 -3.60423 -5.366954 0.7622872 0.5248326 -0.4838859 18.14616 1.052723 0 0.0
-0.08825868 0.003547626 -9.655777 1.393776 1.556452 1.160608 -0.3636082 20.11421 1.871603 0 0.0
0.0004164937 0.03328149 -13.375 -2.278642 0.5194748 0.3788547 -0.09556558 18.42276 0.9175282 0 0.0
0.008987053 0.01816546 -4.474686 -4.704893 1.381348 1.029712 -0.3269319 18.72896 nan 0 0.0
-0.01044304 0.001371148 -0.1422251 -7.103812 0.3865081 0.2589049 -0.2652301 16.67192 1.002967 0 0.0
-0.0003001388 0.03036516 -4.541254 -5.285442 1.235158 0.9012729 -0.08067387 19.30323 0.7764282 0 0.0
0.009521026 0.01910765 2.718315 0.785345 1.556785 0.9189417 0.07125468 18.54025 1.010498 0 0.0
-0.006507203 -0.04585646 -4.793025 -5.395471 1.608849 1.102439 0.2751029 20.15684 0.6079655 0 0.0
-0.02825213 -0.01926701 -1.619965 -5.109536 1.55171 1.075912 -0.08704599 19.98226 0.7384796 0 0.0
0.03797711 -0.01563971 -3.366672 -6.550496 1.041907 0.7053322 0.5096739 19.09539 1.004381 1 0.9446578
0.02989281 -0.04935959 -9.57353 0.7751643 1.780701 1.024115 0.3643137 19.96036 1.119877 0 0.0
-0.006887062 -0.03244973 -3.336389 -6.460021 1.68056 1.139529 0.1026967 20.26864 nan 0 0.0
0.02172732 -0.002021461 -17.1481 9.057323 1.876542 2.027305 -0.2211267 19.45188 0.7031174 0 0.0
-0.00683128 -0.0246048 -3.161176 -5.876411 0.9624252 0.6429329 0.1366487 19.49178 0.8470821 0 0.0
-0.03207939 0.008821663 -3.897656 -4.145191 1.312917 1.027716 -0.02758637 19.79396 0.7657871 0 0.0
0.03841122 -0.02034335 4.887419 1.161927 3.519014 2.495708 0.2075985 20.29067 nan 0 0.0
0.02923389 -0.04423631 -4.044882 -6.506481 1.003665 0.6041041 0.2185205 19.2355 0.7391357 0 0.0
0.01920209 0.02211833 6.778915 -9.240563 1.336087 0.9110465 -0.2958298 19.30599 0.8642712 0 0.0
-0.01472641 -0.01146952 -3.036279 -4.235835 2.284527 1.461243 0.3179848 19.8015 nan 0 0.0
0.03475986 -0.01783611 0.3347335 -4.897207 1.472972 1.046709 0.4655552 19.37453 0.8090343 0 0.0
-0.001746675 -0.02856811 -5.2315 -15.72604 3.20197 1.761459 0.6060849 20.02009 nan 0 0.0
0.002467146 -0.01614365 -4.000424 -6.120324 1.211569 0.6523488 0.3132421 18.93349 0.9618893 0 0.0
-0.03131658 -0.009065274 -6.240402 -4.317795 0.8762054 0.5903295 -0.07875466 19.12934 0.9225159 0 0.0
0.005558473 0.009944969 -2.012174 -5.863395 0.1785712 0.120504 -0.1066364 16.67341 1.150805 0 0.0
0.01757645 -0.05336095 -2.679132 -5.476172 0.2279295 0.1413153 0.08825514 17.02003 1.20026 1 0.994641
0.05293159 -0.02892942 -6.419196 -4.72725 1.372404 0.8761699 0.5187368 19.55865 0.7817402 0 0.0
-0.002210551 -0.005349963 0.2303257 -4.279597 0.1639563 0.09624526 0.0916164 15.09353 nan 0 0.0
-0.02146491 -0.03726922 -4.015847 -7.710606 1.352148 0.9400131 0.225501 20.00138 0.7845573 0 0.0
-0.00337556 -0.04340731 -2.059689 -4.220638 1.120237 0.8024571 0.1972088 19.64661 0.7947235 0 0.0
0.004687444 0.01078042 -3.099004 -4.231254 0.7847097 0.5163777 0.008303534 16.23221 1.118149 0 0.0
-0.0160006 -0.04603654 -4.899866 -5.268414 1.254436 0.8441455 0.1363089 19.83909 -0.1184635 0 0.0
-0.007265594 -0.04508212 -2.971856 -5.609209 1.342939 0.8454446 -0.0796691 19.61777 0.6740799 0 0.0
0.01575101 -0.05237654 -4.664684 -5.50861 0.8986826 0.5420344 0.2555112 19.15899 0.9620171 0 0.0
-0.06185436 -0.0727984 -1.265511 -6.549346 1.621329 1.128906 0.1757985 20.2508 0.7866154 0 0.0
0.01946185 -0.02785615 -1.387906 -6.435587 1.167109 0.6918026 0.2836249 19.28068 0.86833 0 0.0
-0.03198785 -0.02173976 -5.53508 -4.254809 1.729985 1.184485 -0.01679834 20.15509 0.6931362 0 0.0
-0.1103955 -0.06975662 -6.660501 -1.860267 3.036422 1.935918 -0.368194 20.51478 0.9052677 0 0.0
-0.0365809 0.03016947 -1.679831 -4.513111 1.440364 0.862417 0.2957887 19.78397 0.8778114 0 0.0
0.01712027 0.003714599 -1.076691 -8.856337 1.276095 0.684643 -0.3470243 18.77894 1.033834 0 0.0
0.008803763 0.008373142 -5.609586 -14.17005 1.337019 0.9152858 -0.4717705 18.57901 nan 0 0.0
-0.08866159 -0.003311465 -6.564936 -4.942051 1.064844 0.7978756 0.000787661 19.88965 1.188557 0 0.0
0.0187177 -0.02600783 3.315637 -4.573944 1.968771 1.158408 0.3722252 19.70749 0.6564331 0 0.0
0.01968332 -0.05014927 2.106997 -2.92325 1.890633 1.062171 0.242485 20.07797 0.8624878 0 0.0
0.03105415 -0.006730619 0.3018086 -1.839677 2.821823 2.26552 0.5904448 20.27615 0.8241501 0 0.0
-0.07937936 0.002559405 -0.5000137 -3.112928 1.443712 0.8877024 0.2459534 19.92419 0.8859253 0 0.0
-0.006624277 0.05059624 -8.845078 -8.168215 1.669119 1.06548 0.2119996 20.05766 0.601347 0 0.0
0.01693377 -0.02715772 -3.9849 -6.289887 0.7400493 0.4551056 0.230692 18.8683 0.9295616 0 0.0
-0.04659214 -0.03210282 -2.349134 -5.679751 0.9528911 0.6222025 0.1375791 19.3259 0.7557659 0 0.0
-0.01583616 -0.0112503 -13.0069 -2.284531 2.191279 1.596618 -0.4322214 19.83005 nan 0 0.0
0.0003460292 -0.04701406 -8.392102 -4.194195 2.787169 1.905312 -0.1166668 20.62503 0.5050278 0 0.0
-0.0255239 0.03794446 -1.864668 -4.59036 1.281074 0.7864782 0.1385149 19.63532 -0.06758881 0 0.0
0.06217523 -0.02489169 -2.254483 -5.576798 0.3556313 0.2243287 0.1200253 17.75584 1.159908 1 0.9661992
-0.01150419 -0.07514793 -2.226015 -6.111324 0.7666401 0.4700641 0.2179962 18.89848 0.9449482 1 0.8960937
0.006543177 0.03582764 -4.172711 -5.93474 1.075037 0.8221023 0.006152155 19.83582 nan 0 0.0
0.005739211 -0.03481479 -3.338872 -5.550749 1.091184 0.7286763 0.2103577 19.57611 0.7704773 0 0.0
-0.07877524 0.00250826 -1.29617 -3.400689 1.540246 0.9217495 0.2165562 19.93633 nan 0 0.0
-0.01379533 -0.05033546 -2.332007 -4.177268 2.561689 1.647444 -0.04197506 20.47279 0.6887665 0 0.0
0.0009920933 -0.03777678 1.592709 -5.683912 1.763648 0.9974906 0.4061792 19.91922 nan 0 0.0
-0.01614403 -0.02096256 4.584267 -8.676849 1.267925 1.154763 -0.2603144 19.47784 nan 0 0.0
-0.0188023 0.004584126 -0.8670083 -5.918497 0.441553 0.2972208 0.1599785 18.13412 1.098341 0 0.0
-0.0003280523 -0.04756719 -3.80167 -4.250484 2.532114 1.714774 -0.131015 20.53797 1.37866 0 0.0
0.0170642 0.004660651 -5.326877 -6.474786 2.244832 1.996197 -0.7263006 19.34802 nan 0 0.0
-0.03201836 -0.01155262 -3.205824 -5.33726 0.1451792 0.09623939 -0.06018124 16.13199 0.5303841 1 0.992839
0.01477218 -0.01423518 -0.4663902 -5.619003 1.305346 0.7880741 0.6197801 19.15285 nan 0 0.0
-0.05117434 -0.02273367 -1.881646 -6.132663 1.279447 0.832303 -0.001731546 19.61069 0.8768311 0 0.0
-0.0218196 -0.01511161 -3.768883 -4.312027 2.337453 1.563812 -0.2866522 19.97384 1.00334 0 0.0
0.004489227 -0.03510084 -0.9649539 -5.727105 1.061735 0.7216151 0.2312942 19.48664 0.672308 0 0.0
0.01687014 0.02573306 -3.257714 -5.83674 0.5699211 0.3719079 0.0714411 18.67132 0.9722748 0 0.0
-0.05504157 0.09225501 -5.721762 -9.303459 0.2094311 0.1422405 0.003981541 17.08631 1.039074 1 0.0
-0.1030139 -0.08295154 5.958103 0.5133412 2.918319 1.976344 -0.2204457 20.60035 1.261074 0 0.0
-0.001480279 0.01381699 -2.940411 -4.411364 0.1859288 0.1247595 -0.007411407 15.90093 1.234385 0 0.0
-0.05064104 0.05349371 -0.9552205 -2.37165 3.708971 1.731588 -0.1711704 20.54087 1.672167 0 0.0
-0.0008056872 -0.02053053 -2.051748 -2.80739 2.324906 1.365092 0.5240786 19.94605 nan 0 0.0
0.02036119 -0.02498573 0.03411571 -2.863 3.028071 1.97252 0.7190739 20.10098 0.7311554 0 0.0
-0.01110443 0.01494951 -2.802836 -5.485698 0.6995734 0.4020863 0.2501579 18.57801 0.9499645 0 0.0
0.0580453 -0.02606668 -3.330462 -4.898817 0.5434138 0.3541257 0.3117913 18.28378 1.066509 1 0.874335
-0.02124741 -0.08060984 -0.08027252 -4.505156 1.609711 0.9778297 0.3495668 19.96069 0.6971245 0 0.0
0.03192267 -0.01704767 -2.213736 -4.190403 1.070305 0.7537629 0.5273018 19.20999 0.9218082 0 0.0
-0.006412331 0.02648546 -3.061162 -4.325059 0.7609966 0.5629433 -0.02343796 18.82558 0.9375744 0 0.0
-0.02907577 -0.0428916 -2.056483 -3.82609 1.541107 1.046929 0.3005849 20.00031 0.776104 0 0.0
-0.01881608 0.002659609 -5.337351 -11.65486 1.163545 0.8175528 0.3228213 19.23843 nan 0 0.0
0.04621121 -0.00755702 -2.9623 -5.253305 1.133223 0.7508506 0.3097076 19.27008 0.9577332 0 0.0
-0.0618225 0.01091895 -9.182506 -2.254859 3.210312 1.734932 -0.1803137 20.34161 0.6955509 0 0.0
-0.07503653 0.02458414 -0.4578881 -7.760933 2.462866 2.100343 -0.2602919 20.69445 1.163124 0 0.0
-0.002351191 0.004018931 -5.08268 -5.357083 0.2042326 0.1363226 -0.08539239 14.64878 1.306896 0 0.0
-0.108899 -0.06246361 -3.121965 -6.274229 2.406063 1.664515 -0.1615041 20.42994 0.6308823 0 0.0
-0.05906677 0.006243363 -7.013379 -2.785356 2.572926 1.937438 -0.2329646 20.61897 0.4015369 0 0.0
0.01494071 -0.01454991 -8.025547 -7.996285 1.536085 0.8578897 0.4511131 18.99168 0.8034706 0 0.0
0.00787619 0.002733169 -4.070468 -6.950096 0.4282172 0.2371804 0.1615261 16.17351 nan 0 0.0
0.00689314 0.00959777 -2.870505 -6.147119 0.2601821 0.1774558 -0.1194547 16.11992 1.172205 0 0.0
-0.08551181 -0.09666077 -12.04063 -8.20703 0.7426464 0.4656511 -0.2300588 18.76447 0.9663544 1 0.0
0.01360974 0.01992174 9.956469 -8.941067 2.09108 1.051651 -0.454836 19.56525 nan 0 0.0
0.01923849 -0.01831366 -2.579674 -5.813316 0.5736254 0.3521407 0.1871986 18.49401 1.06341 0 0.0
0.01261779 -0.07015459 -3.369673 -6.223443 1.33728 0.8075637 0.2925436 19.7215 0.8909779 0 0.0
