data/gcs/NGC_2419.ecsv
# %ECSV 0.9
# ---
# datatype:
# - {name: x, unit: deg, datatype: float64}
# - {name: y, unit: deg, datatype: float64}
# - {name: pmx, unit: mas / yr, datatype: float64}
# - {name: pmy, unit: mas / yr, datatype: float64}
# - {name: pmx_e, unit: mas / yr, datatype: float64}
# - {name: pmy_e, unit: mas / yr, datatype: float64}
# - {name: pm_corr, datatype: float64}
# - {name: g_mag, unit: mag, datatype: float64}
# - {name: bp_rp, unit: mag, datatype: float64}
# - {name: filter, datatype: int64}
# - {name: memberprob, datatype: float64}
# meta: !!omap
# - comments: [deg deg mas/yr mas/yr mas/yr mas/yr dimless mag   mag   zeroone float]
# - __serialized_columns__:
#     bp_rp:
#       __class__: astropy.units.quantity.Quantity
#       unit: &id001 !astropy.units.Unit {unit: mag}
#       value: !astropy.table.SerializedColumn {name: bp_rp}
#     g_mag:
#       __class__: astropy.units.quantity.Quantity
#       unit: *id001
#       value: !astropy.table.SerializedColumn {name: g_mag}
#     pmx:
#       __class__: astropy.units.quantity.Quantity
#       unit: !astropy.units.Unit {unit: mas / yr}
#       value: !astropy.table.SerializedColumn {name: pmx}
#     pmx_e:
#       __class__: astropy.units.quantity.Quantity
#       unit: !astropy.units.Unit {unit: mas / yr}
#       value: !astropy.table.SerializedColumn {name: pmx_e}
#     pmy:
#       __class__: astropy.units.quantity.Quantity
#       unit: !astropy.units.Unit {unit: mas / yr}
#       value: !astropy.table.SerializedColumn {name: pmy}
#     pmy_e:
#       __class__: astropy.units.quantity.Quantity
#       unit: !astropy.units.Unit {unit: mas / yr}
#       value: !astropy.table.SerializedColumn {name: pmy_e}
#     x:
#       __class__: astropy.units.quantity.Quantity
#       unit: &id002 !astropy.units.Unit {unit: deg}
#       value: !astropy.table.SerializedColumn {name: x}
#     y:
#       __class__: astropy.units.quantity.Quantity
#       unit: *id002
#       value: !astropy.table.SerializedColumn {name: y}
# schema: astropy-2.0
x y pmx pmy pmx_e pmy_e pm_corr g_mag bp_rp filter memberprob
0.01373607 -0.01169021 -0.2038106 -2.259968 3.008106 2.008576 0.395722 20.70285 0.8755531 0 0.0
-0.007718282 -0.004042647 -1.362679 4.855797 1.836828 1.381124 0.08126786 20.05149 nan 0 0.0
-0.005372377 -0.005778551 -3.555421 6.108026 1.984282 1.248475 0.1645749 18.92636 nan 0 0.0
-0.001048413 -0.004161314 -2.003524 1.503933 1.540175 1.075741 -0.1041901 18.87608 nan 0 0.0
0.005169098 0.00933145 0.863992 -0.2743777 0.678211 0.4626338 0.005468119 19.44131 0.7855053 0 0.0
0.01684412 0.00724662 -1.167186 0.2389882 0.8050603 0.4913667 0.1983701 19.53095 0.9215965 0 0.0
0.02161964 0.003795611 -0.3476802 -0.8748724 0.582028 0.386787 0.1818269 19.18713 nan 0 0.0
0.04244733 0.002549966 1.605808 -0.02137932 2.238072 1.146686 0.1750226 20.49004 0.617569 0 0.0
-0.002449904 0.001465399 0.06238962 -0.2814773 0.2407158 0.1637706 -0.07229264 17.77679 0.9865704 0 0.0
0.02084719 0.005241151 0.241046 -0.5306785 0.4666542 0.3075326 0.1239518 18.91553 1.139681 0 0.0
0.0224184 -0.02448631 3.965049 2.147566 3.50184 1.927452 0.4534064 20.73184 0.2355595 0 0.0
-0.0556699 -0.008354756 -3.262398 -1.423099 1.765599 1.001876 0.2255605 20.59517 1.672571 0 0.0
-0.01154293 -0.002294997 -7.699579 0.7789451 3.133667 1.945102 0.224702 20.64673 nan 0 0.0
0.01182301 -0.009340697 -7.16909 -5.841244 3.442584 1.983194 0.5990476 20.68507 0.2648296 0 0.0
-0.003156571 0.002777682 -0.6128741 1.028385 1.230094 0.8414842 -0.003829098 18.61665 0.785532 0 0.0
-0.01707065 0.02931088 0.1122029 -1.543573 2.608182 2.419096 -0.5802002 20.6638 nan 0 0.0
-0.008092846 -0.007426242 -0.1516387 -0.4400878 0.3173086 0.2044119 0.1283117 18.36523 0.8539467 0 0.0
-0.000204959 0.0191007 -0.1395251 -0.7056116 0.7807684 0.5421512 5.950292e-05 19.78631 0.9992847 0 0.0
0.01823973 0.00692653 -0.03502947 -0.524115 0.8710095 0.5685547 0.119425 19.78196 0.8078747 0 0.0
0.02602901 -0.004034484 -0.7136783 -0.4455821 1.126935 0.735368 0.06180696 20.22132 0.5613232 0 0.0
-0.02396705 0.01726225 0.5264538 -0.6581294 0.393157 0.2287514 0.08820806 18.4979 1.190998 1 0.9970337
-0.002896102 -0.01773777 -1.153144 5.197821 0.9081722 0.5913902 0.5060023 18.51137 1.037258 0 0.0
-0.001642314 -0.002738421 3.143887 -5.840724 0.4004423 0.2990064 -0.02227228 17.23313 1.083215 0 0.0
0.009641168 0.004952644 3.172052 -3.230223 2.398704 1.692766 0.08606791 20.63835 nan 0 0.0
-0.01260543 0.001168928 1.456026 -2.466814 1.011798 0.6556865 0.100965 19.86758 0.7547894 0 0.0
-0.03568486 0.03488344 0.38722 -0.7149591 0.2355466 0.1553158 0.09639503 17.96346 1.336155 1 0.9940628
-0.0036537 -0.07927641 -1.344485 -0.9643301 2.077412 1.225758 0.3329662 20.60137 1.043455 0 0.0
0.04878665 -0.03592482 -7.63905 5.848528 2.141287 1.661841 -0.1121379 20.16347 nan 0 0.0
-0.01158462 -0.003038857 0.9731777 -3.128605 1.048004 0.7079961 0.08047306 19.58398 0.736948 0 0.0
0.01202609 -0.01601638 3.617218 0.6270047 1.314551 0.9920359 -0.1640823 20.2433 0.6414146 0 0.0
0.008311936 -0.003680184 -5.543993 -1.111742 2.398657 1.507807 0.1751436 20.52837 nan 0 0.0
-0.007348024 -0.04198748 -3.263916 -0.9295086 1.028933 0.69217 -0.001994957 20.15248 0.7637882 0 0.0
0.05022977 -0.03481374 0.02655339 -0.6852983 0.3021394 0.1993056 -0.07530152 18.06765 1.293676 0 0.0
0.01218438 -0.003771178 -1.357991 -2.159364 1.068046 0.8324654 0.3203791 19.77032 0.8215981 0 0.0
0.01342416 0.00436198 -0.8870112 -0.7801644 0.7712536 0.495115 0.130025 19.59726 0.8668861 0 0.0
0.01037579 -0.02365367 0.1857235 -0.6833332 0.5453266 0.3707759 0.01368418 19.21187 1.11314 0 0.0
0.01985279 -0.04908042 3.940277 -10.37244 0.4144229 0.2755837 0.1555362 18.79433 1.161604 1 0.0
-0.03502048 -0.002172864 -0.02218361 -0.4277335 1.484412 0.9317976 0.1674158 20.4023 0.6813469 0 0.0
-0.01027811 -0.00389355 -1.285654 -0.9043351 0.8890327 0.5777329 0.08296918 19.81707 0.8307266 0 0.0
0.02203469 -0.05161273 -0.9516164 -5.911205 1.116297 0.7270213 0.1774795 16.07811 0.9793053 0 0.0
-0.002283824 -0.005027222 -0.9984955 -1.032246 0.7369877 0.4617922 0.1608436 19.18201 0.7719059 0 0.0
0.008739011 0.0008288394 -0.3966862 2.207227 2.004088 1.715055 -0.3533201 20.29318 nan 0 0.0
0.02981321 -0.006047158 1.254159 -1.754915 1.018036 0.6958017 0.03129781 20.09037 1.653744 0 0.0
0.02243141 -0.04691672 -1.142291 -3.670572 0.1833214 0.1174157 0.1098248 17.42098 0.9453392 1 0.0
-0.007432162 0.005829759 -4.076073 -1.624469 3.055357 2.160685 0.453275 20.61332 nan 0 0.0
0.008267018 -0.02601524 0.359155 -0.3481136 0.8314921 0.5609917 0.009968023 19.84829 0.9046841 0 0.0
0.02177902 0.006923712 0.3531292 2.04242 1.322535 0.8695437 0.08518576 20.27234 0.8291245 0 0.0
0.01058913 0.01981484 3.850116 2.17397 2.844223 1.544116 0.3963896 20.62501 0.8227921 0 0.0
-0.008157476 -0.001284572 -1.018316 1.170971 0.5188747 0.3368847 0.06535046 17.07834 1.331432 0 0.0
-0.007757362 0.01881121 1.095605 0.09327568 3.625824 2.462404 0.6363534 20.71376 0.4311485 0 0.0
-0.003079848 -0.008319275 0.2272194 -0.3550664 0.3179767 0.2667153 -0.05952352 17.89302 nan 0 0.0
0.01302823 0.02602557 6.918122 0.2376729 2.166945 1.427652 0.08227459 20.69942 -0.04833794 0 0.0
-0.01176026 0.01232296 -1.200486 -1.141216 2.55817 1.927926 -0.169023 20.67558 0.3040352 0 0.0
0.0114134 0.02610922 1.118015 -1.263052 1.553551 0.9825799 0.1538271 20.45436 0.9017963 0 0.0
-0.01382403 0.05634874 -0.4434471 -0.7933 1.419607 0.9560804 0.09100481 20.41021 0.8322792 0 0.0
-0.008603595 -0.00695316 0.02241366 6.326401 3.300884 1.560706 0.312013 20.44228 nan 0 0.0
-0.04218953 -0.002954797 -0.07138431 0.2740028 1.153663 0.7351207 0.147598 20.0473 0.9405823 0 0.0
0.001006805 -0.01865716 0.9890067 -2.073337 1.042801 0.7500038 -0.148357 19.96818 0.8013763 0 0.0
0.009323951 0.02378195 -1.618876 -0.1759568 1.608257 1.003456 0.1902283 20.44702 0.321579 0 0.0
0.007667945 0.01989839 -3.513678 1.161166 3.438079 1.763849 0.3432976 20.73726 0.5547142 0 0.0
0.0006086852 -0.006644687 -2.206851 -2.073561 1.626695 1.007749 0.2781359 20.09845 nan 0 0.0
-0.01405196 0.01409721 3.83322 -1.402712 2.249108 1.438014 0.4118975 20.49588 0.6604977 0 0.0
0.0331427 -0.01328979 1.093933 -0.1426861 1.596099 1.096281 0.05837302 20.47459 0.07645798 0 0.0
0.0166004 0.008333751 -4.650917 1.238152 2.003737 1.426885 0.04378518 20.68498 0.1875439 0 0.0
-0.006903796 0.004170312 0.6879802 -0.3945728 2.695046 1.779276 0.377924 20.51192 nan 0 0.0
-0.04684114 -0.03180244 0.1344006 -0.1231697 2.612116 1.943124 0.09555509 20.83987 0.4891987 0 0.0
-0.03358084 0.04046331 0.4346653 -0.8700874 0.2174432 0.1497673 0.006409823 17.7927 1.317415 1 0.9652116
0.006150689 -0.01129835 -0.006094621 3.038199 2.339027 1.531835 0.5820423 20.17715 0.364212 0 0.0
0.02766254 -0.004602257 1.46461 0.3881074 1.471166 0.8759051 0.1818487 20.27934 0.3169727 0 0.0
-0.0005317423 -0.01114603 -2.510214 3.62545 1.505375 1.04458 0.2203206 20.10821 nan 0 0.0
-0.0004723294 -0.009097539 -0.5561393 0.7899113 0.9272491 0.6199939 -0.1172478 19.68078 nan 0 0.0
0.05078322 0.005565232 -0.1173087 -0.4898218 1.483325 0.8964055 0.1607745 20.29513 0.4662838 1 0.9709593
0.06081421 -0.03704089 0.01035829 0.7064261 1.934374 1.242306 0.03264407 20.65468 1.064516 1 0.9106882
-0.01183732 0.0131355 2.571169 1.403281 2.552733 1.586547 0.1150175 20.44877 0.7880936 0 0.0
-0.008441938 0.00389582 -3.95756 3.04241 1.660647 1.079004 0.1146659 20.17849 nan 0 0.0
-0.01507829 0.01838895 0.125511 -7.288717 2.859584 1.865292 0.3589045 20.69756 0.1410503 0 0.0
0.003409249 0.05380308 -2.87302 -3.075738 1.834536 1.364537 0.01320849 20.68394 0.4204235 0 0.0
0.05292356 -0.005713269 -1.341239 0.2472858 1.408896 0.8601661 0.1634953 20.21239 0.3444748 0 0.0
-0.01812429 0.01808067 -0.2670622 -0.4531694 0.3026283 0.2014659 0.08309553 18.31945 1.183638 1 0.9988784
-0.01268512 0.02048275 -1.079131 -0.4633663 0.4909397 0.3350915 0.00467346 19.08293 1.091057 0 0.0
-0.0005495099 -0.004401646 -0.0726592 -0.9397019 0.551925 0.3921463 -0.02584222 18.59122 nan 0 0.0
-0.004742139 0.004013732 -0.06106097 3.177187 3.828035 2.763228 0.1028968 20.60438 nan 0 0.0
0.0080676 0.003582971 -12.98766 8.971633 2.857365 1.85615 0.03361699 20.62169 nan 0 0.0
0.01159874 -0.01822898 -1.858496 0.1725296 1.249888 0.8436429 -0.06627873 20.0205 0.8503399 0 0.0
0.006612631 0.003456936 -0.5739119 -5.611485 1.853635 1.296613 0.02212047 20.03657 nan 0 0.0
-0.002794502 -0.002177624 0.2572714 -0.8857558 0.3011886 0.190884 0.04984345 17.86944 1.044353 0 0.0
-0.0002524627 0.01782278 -0.6086058 -0.3923417 0.4481747 0.3005284 0.06972705 18.93692 1.014059 0 0.0
0.05757197 -0.01033688 -2.018108 -4.194059 4.058746 2.413521 0.3801512 20.83919 -0.0451355 1 0.7074875
-0.007634021 0.06147476 -3.255712 0.4619766 1.409617 0.9295507 0.1258071 20.38109 0.6761494 0 0.0
-0.01447312 0.0161763 2.391079 2.628564 1.895776 1.342839 -0.02413441 20.60524 0.6272507 0 0.0
0.04532961 -0.009857466 -0.6144581 -1.437419 3.82787 2.114976 0.5567072 20.71311 0.2417564 0 0.0
0.005705163 -0.01091692 1.864557 3.119431 2.281018 1.541379 0.4568535 20.1295 0.7662201 0 0.0
-0.007135149 0.006699479 -1.973102 0.3319049 1.676548 1.075245 0.05698004 20.38141 0.4510422 0 0.0
0.01026689 0.03103763 -0.2879304 0.7009045 1.678417 1.174322 0.02880648 20.57182 0.4542751 0 0.0
-0.009784015 0.004346127 3.238906 -6.549298 0.7170316 0.4690583 0.1306056 18.95346 0.7659111 0 0.0
0.002140576 0.01039559 -0.2948347 0.2440935 0.9921718 0.6663825 0.09064383 19.87277 0.8186951 0 0.0
0.02646695 0.01612254 2.44342 -0.5221711 2.706664 2.929775 -0.5312731 20.70949 0.3941422 0 0.0
0.0121324 -0.01239622 -0.5801535 -0.07135785 0.5572619 0.364095 0.04548668 19.01416 nan 0 0.0
-0.008357648 0.06404976 -0.4582187 -1.230201 1.650156 1.210534 0.0330165 20.57877 0.0878582 0 0.0
0.007040032 0.005329994 0.1119882 -0.3981229 0.4091274 0.2647747 0.1111115 18.68601 0.9530678 0 0.0
-0.0005018172 0.02075628 -0.3678623 -1.195205 0.7782291 0.557769 0.006622735 19.73208 0.9012909 0 0.0
0.001048232 -0.0079989 0.4434943 -1.769135 0.4569165 0.3034008 0.1030353 18.73168 0.8781185 0 0.0
-0.007585355 -0.03852371 -2.32397 -0.6991155 2.372443 1.098716 0.3045388 20.56755 0.6195335 0 0.0
0.006536684 -0.0102035 -1.440423 -1.587326 4.254238 2.797366 0.4821085 20.70301 nan 0 0.0
-0.01898352 0.02446289 -6.448923 -2.261451 3.16249 2.222365 0.3224173 20.74574 -0.1617069 0 0.0
0.05245647 0.03160176 1.26216 -0.02172703 1.517331 1.002371 0.02104691 20.34598 0.9618282 0 0.0
0.07404824 -0.01517392 1.11755 -4.480329 2.128698 1.63582 0.0003841356 20.72357 -0.1504955 0 0.0
0.002478709 0.02012308 0.8536787 -1.114246 0.8686181 0.6335666 -0.03466795 19.84513 0.9969025 0 0.0
-0.06704338 -0.007253932 2.397107 -6.113247 0.9474439 0.6585571 -0.4273437 19.41804 1.17873 0 0.0
-0.009224843 0.01159016 -2.388433 -1.467757 3.429996 2.61715 -0.2113795 20.75904 0.7107582 0 0.0
0.06293532 0.01017167 0.1115954 -0.5488148 1.722912 1.105357 0.07819677 20.45919 -0.02745438 0 0.0
-0.0008583879 -0.006976563 0.06399143 1.334729 1.308564 0.8368029 0.1814911 19.93041 nan 0 0.0
0.003518222 0.01038802 0.06547866 -0.8922826 0.8963984 0.5231687 0.07213632 19.72025 0.7288342 0 0.0
0.05250854 0.02541055 3.085795 -1.115276 1.861392 1.140196 0.2103383 20.4911 0.05038452 0 0.0
0.007497403 0.004357293 -0.01803218 0.4752937 0.8263099 0.5413769 0.08543452 19.68466 nan 0 0.0
-0.013861 0.01897998 0.1264654 -0.7257894 0.480473 0.3514057 -0.1073511 19.02129 1.063038 0 0.0
0.003322537 0.00454008 -2.002412 -0.9001569 0.796368 0.5087353 0.1197317 19.38754 nan 0 0.0
0.004567923 0.03132314 -2.688232 -3.26629 3.5222 1.880317 0.08124789 20.78255 0.1303253 0 0.0
0.04780369 0.02081814 0.3475265 -0.6077259 2.455164 1.404726 0.6744669 20.34955 0.06001091 0 0.0
0.03691267 0.0362688 -0.3413443 1.539788 1.659912 1.008059 0.1140778 20.35616 0.3182487 0 0.0
0.03175176 -0.05106356 -1.48334 -1.832628 0.7882411 0.5355215 0.04713957 19.68631 1.051908 0 0.0
0.0009293437 -0.0007395325 -2.500817 0.4545015 1.422974 0.9602835 -0.1151391 19.25581 nan 0 0.0
0.004671271 -0.005633642 5.276285 -5.18193 3.475714 2.441431 0.1278337 20.43301 nan 0 0.0
0.05974394 0.006190183 -3.08295 -3.095336 2.236945 1.505171 0.07752865 20.7178 -0.2346935 1 0.686569
0.05687746 0.003937159 2.719283 -1.492007 1.654581 1.051873 0.1161066 20.4668 0.2619534 0 0.0
0.0336918 0.03129284 -1.166365 -3.700124 3.309038 1.466186 0.4625563 20.5653 0.4155598 0 0.0
0.002437412 0.01242884 0.9972358 0.9995379 1.270165 0.8635147 0.02243016 20.26135 0.4180584 0 0.0
-0.01184903 0.01413495 -0.09708108 2.842883 2.219919 1.503442 0.3056716 20.5127 0.8635788 0 0.0
-0.005285606 -0.03700567 0.3664728 -0.5443983 0.4328195 0.3024005 -0.02746745 18.85052 1.165289 0 0.0
-0.01251057 0.03392572 1.416297 -0.9311332 1.868304 1.264205 0.1431567 20.58666 0.532877 0 0.0
0.0335029 -0.02133101 -0.517295 0.07596463 2.364137 1.856086 -0.1410787 20.77923 0.675993 0 0.0
-0.003183068 -0.05850542 0.6990988 -0.3788538 1.511863 1.006963 0.02913048 20.58156 0.9805336 0 0.0
-0.02350107 -0.01003588 -0.1220348 -0.1466823 0.2918888 0.2063838 -0.0528851 18.27643 1.145718 0 0.0
0.006429684 -0.009287984 1.313155 1.087377 2.516683 1.711124 0.4519407 20.41545 nan 0 0.0
0.007070407 -0.0015212 -0.4703759 -0.5422519 0.1972196 0.1266041 0.1783963 17.49862 1.125166 0 0.0
0.01419519 -0.02044103 -3.516782 -0.3507808 2.199358 1.714474 -0.08794948 20.61258 nan 0 0.0
0.001713045 0.00980812 0.2177382 -0.8056694 0.244461 0.1660728 0.1241875 18.00994 1.163326 0 0.0
-0.006020646 -0.01599807 -0.2104035 -0.7869528 0.2578198 0.1769784 0.3905198 17.80912 1.301313 1 0.9991126
-0.03018935 0.04577566 0.243765 -0.8399723 1.398288 0.924089 0.1150089 20.41434 0.6473503 0 0.0
-0.03379768 -0.003584894 -1.597427 -1.870884 1.715747 1.103992 0.2059914 20.52428 1.041368 0 0.0
-0.03161983 -0.04788979 -0.1050325 -5.472699 0.3272136 0.2010948 0.1405137 18.39493 1.144432 1 0.0
0.004938592 -0.006270678 -6.321305 -2.254717 2.349899 1.64943 -0.07244928 20.38345 nan 0 0.0
0.01782037 -0.07331572 1.861138 -5.03367 0.3211664 0.1873915 0.1132829 18.13762 1.101179 1 0.0
0.005472645 0.0002639376 0.9013686 -3.295022 2.35311 2.039666 0.3691363 20.30999 nan 0 0.0
0.008223677 -0.01086327 7.144147 -0.5977716 3.43703 1.425623 0.1997698 20.56986 0.6924896 0 0.0
-0.0002228106 0.006531275 0.3727236 -0.2903422 0.1638194 0.1055891 0.1123338 17.35146 1.269287 0 0.0
0.01115656 -0.001738113 0.1382285 -0.4181643 1.265334 0.8820709 0.0326234 20.11303 0.5800953 0 0.0
-0.003381956 0.008839247 0.07157764 -0.5874695 0.2330738 0.153426 0.009969355 17.69828 1.272903 0 0.0
0.005140058 0.0003325773 -0.7576263 1.733896 3.250415 1.903943 0.04044829 20.55704 nan 0 0.0
0.004942016 -0.05557563 -0.01402881 -0.4396959 0.1438252 0.0918055 0.1833921 17.00412 1.598909 1 0.9990053
0.07889643 3.668674e-05 -0.9652891 0.6197946 1.607711 1.036268 0.1478168 20.42798 0.4195957 1 0.883806
0.01137022 -0.0008187375 -2.47766 1.233402 1.023142 0.6864373 0.1782906 19.59479 0.7753716 0 0.0
-0.005567458 0.005989806 3.81537 1.66816 1.710072 1.04557 0.1913507 20.24735 nan 0 0.0
0.006225987 0.0106209 -3.732048 2.81265 1.692013 1.117999 0.2629507 20.24136 0.520113 0 0.0
0.002360422 0.006317691 -0.5803535 -3.35581 2.315886 1.438796 0.08172945 20.3947 nan 0 0.0
0.003696541 0.007004393 3.364485 7.281517 1.543355 0.9697039 0.1392796 19.35593 0.7201614 0 0.0
0.009792217 -0.0138042 -1.296209 -1.064119 3.367045 1.746274 0.1575388 20.61758 nan 0 0.0
0.007282787 0.0124101 2.848007 -1.880376 2.733791 2.557007 -0.3577046 20.6601 0.5560989 0 0.0
0.05011281 0.05510242 -2.148703 -2.642791 2.056546 1.634421 -0.1024997 20.66681 1.233971 0 0.0
-0.00163027 0.00449043 0.3786225 -1.485292 1.494439 0.9925166 0.004886495 20.01407 nan 0 0.0
-0.01212591 0.02699816 0.2893042 -0.03967167 0.5462623 0.3187997 -0.02813161 18.90889 1.08663 0 0.0
0.004142695 -0.006259285 -0.1304592 -3.292916 3.815579 3.28157 0.255392 20.57913 nan 0 0.0
0.00293049 0.006924249 0.002918409 0.2705255 0.3543726 0.2287113 0.1073901 18.3649 0.969574 0 0.0
-0.003061747 -0.001765626 -0.1029016 0.8104418 0.7775445 0.7203882 -0.1163989 19.31445 nan 0 0.0
0.03313171 0.04844345 -0.5244448 -0.3886078 3.041294 1.432374 0.3659127 20.63037 0.1273842 1 0.9277188
