data/gcs/NGC_6638.ecsv
# %ECSV 0.9
# ---
# datatype:
# - {name: x, unit: deg, datatype: float64}
# - {name: y, unit: deg, datatype: float64}
# - {name: pmx, unit: mas / yr, datatype: float64}
# - {name: pmy, unit: mas / yr, datatype: float64}
# - {name: pmx_e, unit: mas / yr, datatype: float64}
# - {name: pmy_e, unit: mas / yr, datatype: float64}
# - {name: pm_corr, datatype: float64}
# - {name: g_mag, unit: mag, datatype: float64}
# - {name: bp_rp, unit: mag, datatype: float64}
# - {name: filter, datatype: int64}
# - {name: memberprob, datatype: float64}
# meta: !!omap
# - comments: [deg deg mas/yr mas/yr mas/yr mas/yr dimless mag   mag   zeroone float]
# - __serialized_columns__:
#     bp_rp:
#       __class__: astropy.units.quantity.Quantity
#       unit: &id001 !astropy.units.Unit {unit: mag}
#       value: !astropy.table.SerializedColumn {name: bp_rp}
#     g_mag:
#       __class__: astropy.units.quantity.Quantity
#       unit: *id001
#       value: !astropy.table.SerializedColumn {name: g_mag}
#     pmx:
#       __class__: astropy.units.quantity.Quantity
#       unit: !astropy.units.Unit {unit: mas / yr}
#       value: !astropy.table.SerializedColumn {name: pmx}
#     pmx_e:
#       __class__: astropy.units.quantity.Quantity
#       unit: !astropy.units.Unit {unit: mas / yr}
#       value: !astropy.table.SerializedColumn {name: pmx_e}
#     pmy:
#       __class__: astropy.units.quantity.Quantity
#       unit: !astropy.units.Unit {unit: mas / yr}
#       value: !astropy.table.SerializedColumn {name: pmy}
#     pmy_e:
#       __class__: astropy.units.quantity.Quantity
#       unit: !astropy.units.Unit {unit: mas / yr}
#       value: !astropy.table.SerializedColumn {name: pmy_e}
#     x:
#       __class__: astropy.units.quantity.Quantity
#       unit: &id002 !astropy.units.Unit {unit: deg}
#       value: !astropy.table.SerializedColumn {name: x}
#     y:
#       __class__: astropy.units.quantity.Quantity
#       unit: *id002
#       value: !astropy.table.SerializedColumn {name: y}
# schema: astropy-2.0
x y pmx pmy pmx_e pmy_e pm_corr g_mag bp_rp filter memberprob
[from data line 2175]
-0.02467172 -0.03610838 -6.582176 -7.776194 2.055083 2.204911 0.7576425 19.62924 1.177856 0 0.0
0.01432382 -0.01116621 -3.004729 -6.871503 0.3082169 0.2863977 0.5511179 17.54026 1.395517 0 0.0
-0.007021881 -0.01119227 -6.369914 -2.146343 0.9839982 0.8072628 -0.2058032 18.08791 nan 0 0.0
0.03374472 0.000207236 -1.974817 -0.6260402 0.1513733 0.1394526 0.4270995 16.75962 1.559619 1 0.0
0.02785145 0.006468665 0.5904917 -1.475164 0.5058597 0.4702842 0.5241602 18.77238 1.223644 0 0.0
0.04253556 0.0110668 -3.039597 -8.200743 0.4383806 0.4053748 0.4389056 18.6267 1.471371 0 0.0
-0.002285145 0.02201295 2.785586 2.233478 0.9624218 0.9539465 0.7566665 19.04258 nan 0 0.0
0.005593639 0.008146415 -2.397011 -3.937258 0.07064557 0.0616636 0.2992729 14.59473 1.793726 1 0.9889697
-0.02745978 -0.00632574 -0.5794386 -7.130999 0.3178324 0.300464 0.6626068 17.66551 1.710579 1 0.0
0.03989161 0.01302464 -3.92639 -3.266853 0.6895626 0.6627983 0.5481492 19.09978 1.513494 0 0.0
-0.004955815 -0.01975807 -4.502991 -9.389275 1.583221 1.785034 0.872816 19.32359 1.269754 0 0.0
-0.004652762 -0.02242453 0.3824914 -3.918376 1.896138 1.988067 0.9116133 19.62397 nan 0 0.0
-0.002478008 0.02252984 -1.23694 -2.674947 2.448528 2.497548 0.9199138 19.6289 nan 0 0.0
-0.0411465 -0.01397621 -4.939167 -3.859718 0.1016925 0.08747123 0.2292889 15.80754 1.619565 1 0.0
0.01165678 0.03643577 -1.878486 -5.035852 1.049039 0.9967733 0.6188127 19.28757 0.984951 0 0.0
0.03424535 0.01709476 -6.751034 -4.741074 1.575511 1.7693 0.8693326 19.37651 0.7686844 0 0.0
-0.04930473 1.112299e-05 -5.826158 -4.422889 0.3512865 0.3132222 0.3935429 18.10188 1.130716 0 0.0
-0.01522677 -0.03388475 1.468985 -2.928778 0.3441784 0.3223459 0.6723265 17.80477 1.325144 1 0.0
-0.0484796 0.003065124 -2.865697 -4.308738 0.6400659 0.6090624 0.5296422 18.66946 nan 0 0.0
-0.003276936 0.02109168 -3.509971 -6.040115 0.637169 0.6042278 0.6029974 18.89892 1.449348 0 0.0
0.01631108 0.0196086 -3.825235 -2.706602 0.9569539 0.9632421 0.7734222 18.91339 1.165504 0 0.0
0.0003045523 0.004047653 -6.806369 -5.464613 0.6441897 0.5768675 0.5371875 16.98187 nan 0 0.0
-0.04679995 0.004763331 -1.061626 -4.676996 1.590917 1.722285 0.9065605 19.29265 1.222418 0 0.0
0.04165374 0.01022024 -0.09282633 -6.042159 1.857656 2.04761 0.8666715 19.68974 nan 0 0.0
-0.01966469 -0.00727407 0.4223637 -2.378123 0.6310651 0.509405 0.05946234 18.34768 1.387222 1 4.167057e-05
0.02091608 0.04358326 -0.269303 -4.335667 0.3990596 0.3479985 0.2673249 18.22367 1.457727 1 0.0
-0.008482472 0.000421484 -3.096326 -2.38731 0.3257894 0.2901499 0.6011286 17.6566 nan 0 0.0
0.04183949 -0.01011216 0.4977259 -3.071223 0.4185687 0.3889107 0.4637424 18.55822 1.360418 0 0.0
0.000249459 0.003772995 -5.091057 -7.330671 0.5399907 0.4944728 0.5953979 17.22959 nan 0 0.0
-0.03417917 -0.0110081 0.07104942 -3.229856 0.4703075 0.4236072 0.45944 18.63831 1.328112 1 2.443372e-05
0.02142581 -0.03394864 -8.033585 -5.372243 1.257365 1.343691 0.8814081 19.11035 nan 0 0.0
0.02105268 0.03683313 -3.848787 -7.67558 1.683088 1.876641 0.8615638 19.49271 1.620394 0 0.0
-0.02655274 0.002326198 -2.885589 -7.726254 0.5908948 0.5377084 0.4328048 18.49171 1.250137 0 0.0
0.004105347 -0.01347332 -1.099296 -4.328514 0.4871173 0.4326796 0.5865294 18.48436 nan 0 0.0
-0.03683132 0.01518665 -3.175951 -6.020552 1.757353 1.755586 0.7832261 19.95044 nan 0 0.0
0.02119028 0.03587371 -1.726387 -3.281902 0.708514 0.6628632 0.5545918 19.07443 1.16243 0 0.0
0.004629997 0.02146929 -1.620187 -5.676522 0.4656602 0.4411858 0.4911565 18.72422 1.549759 0 0.0
0.005923138 -0.01351345 -2.164516 -5.378543 0.5876585 0.5502846 0.4754143 18.35122 1.110519 0 0.0
0.00358274 0.009878365 -1.844839 -4.215678 0.2955485 0.2693298 0.6023662 17.30856 0.7095604 0 0.0
-0.009967553 -0.02819267 -1.064198 -2.552424 0.7309737 0.6675601 0.7274538 18.74696 1.546667 1 0.354127
-0.0486474 0.00930018 3.885585 -3.761174 1.476982 1.377622 0.7072809 19.59642 1.199957 0 0.0
-0.03683141 0.01550517 -1.898206 -4.285008 0.3734354 0.3464162 0.5726428 17.86769 1.515965 0 0.0
-0.01498766 0.03611497 3.853645 -2.073487 1.673918 1.805769 0.8880666 19.37363 1.313538 0 0.0
0.02435319 0.007470783 0.1272134 0.6177239 0.6477265 0.5941664 0.5069428 19.00265 nan 0 0.0
-0.009422418 0.0438155 -5.691424 -6.860523 1.441629 1.508183 0.9020949 19.19105 1.139723 0 0.0
0.04104124 -0.008637504 -4.048699 -3.676838 1.702873 1.795018 0.8942437 19.62883 1.250595 0 0.0
0.00137909 0.02414156 -0.2825086 -4.793435 0.1043414 0.09237594 0.3480811 15.8907 1.800817 1 0.0
0.01011184 0.01342185 -1.22742 -1.826765 0.3675401 0.3028962 0.5563749 17.53076 1.603279 0 0.0
-0.03850087 -0.01892109 -5.834634 -7.737327 1.980016 2.164404 0.8978811 19.46553 nan 0 0.0
0.009063199 -0.01035317 -4.078781 -6.112895 0.09309362 0.08494764 0.4597445 15.03093 2.241651 0 0.0
-0.04481031 -0.01211976 -0.1156277 -6.324259 0.2698164 0.2330737 0.2374035 13.86037 4.696303 1 0.0
-0.04749088 0.01049083 -4.385351 -8.10404 1.672968 1.811094 0.9140426 19.38288 nan 0 0.0
0.003471797 -0.01613787 -4.419811 -6.830402 0.1636876 0.1495647 0.5720698 16.6118 1.695427 1 0.0
-0.04052182 0.01209555 -0.5782934 -5.670945 1.875148 2.028176 0.9009419 19.58451 nan 0 0.0
-0.00451436 -0.04105359 -3.936108 -8.574199 1.793876 1.796976 0.7426973 20.02751 nan 0 0.0
0.002205246 0.003845454 -1.51127 -4.973077 0.5173089 0.4963462 0.5793191 17.99751 nan 0 0.0
-0.04456351 -0.009186168 2.782962 -6.001491 2.18714 1.869445 0.4036873 20.03558 nan 0 0.0
0.002452811 -0.01335121 -4.813197 -7.212154 0.5303171 0.4787914 0.5805265 18.36724 1.359661 0 0.0
0.02079887 0.003151306 -1.998301 -4.866846 0.1081447 0.09789513 0.3935747 15.83315 1.674482 1 0.0
0.003527886 0.01810095 -3.156766 -4.895439 0.5449458 0.5066066 0.5391186 18.82388 nan 0 0.0
-0.044669 -0.02176708 -3.400123 -3.86088 1.302878 1.412321 0.8994183 19.0834 1.269567 0 0.0
-0.0239633 0.001727835 -2.887506 -4.187915 0.1727703 0.1565717 0.3907109 16.78108 1.557394 1 0.9389566
-0.002367236 -0.00641227 -2.31794 -3.915764 0.228315 0.2009 0.3744455 16.71736 nan 0 0.0
0.02911132 -0.0235781 3.361656 -3.49971 0.9382468 0.9326221 0.6780367 18.89481 nan 0 0.0
0.009700755 0.04004274 -1.554407 -7.839535 2.123891 1.964402 0.8700637 19.56948 0.6648483 0 0.0
-0.02101435 -0.007150321 -0.6622855 -4.495323 0.3448249 0.3426488 0.6316309 17.76538 1.306217 1 0.0
-0.006251075 -0.00363531 -3.191438 -5.084242 0.4086386 0.3554138 0.3125609 18.10572 1.247675 0 0.0
-0.03511253 -0.02159034 -2.908326 1.182462 1.640536 1.845485 0.882457 19.51054 1.091019 0 0.0
-0.01914412 0.01010387 -0.1874565 -4.337642 0.6078706 0.5773025 0.6868778 18.56908 1.21941 0 0.0
0.04809657 0.001886537 -3.147792 -7.855807 0.1155631 0.1042723 0.3033719 16.07713 1.816727 1 0.0
-0.001706668 0.02785135 -3.598624 -7.46317 0.1735273 0.1555612 0.3923748 16.98844 1.093372 1 0.0
0.0398225 -0.02922692 -1.891032 -3.826495 1.534653 1.698035 0.8989136 19.38323 1.635916 0 0.0
-0.01154398 0.04168862 1.643961 -0.8985712 1.573127 1.638381 0.8887034 19.40222 1.404259 0 0.0
-0.03349351 -0.000570892 -1.197411 -5.787936 1.319586 1.416516 0.9012619 19.13274 1.199532 1 7.424501e-05
0.001737367 0.03207803 -7.312358 -6.914218 1.629137 1.698413 0.9088046 19.35012 1.320976 0 0.0
-0.02109782 -0.002395316 -2.129234 -8.80323 0.8599882 0.731312 0.07184051 18.97888 1.103775 0 0.0
-0.004130248 -0.0005739235 -6.110225 -7.32768 0.3927193 0.3683351 0.6147673 16.86727 nan 0 0.0
0.01242898 0.043161 -3.412154 -8.242513 1.654222 1.787808 0.9001902 19.21157 1.116327 0 0.0
0.009006855 -0.02711685 -4.996422 -4.330997 1.450353 1.547879 0.8517909 19.19468 1.350719 0 0.0
-0.004598361 -0.004682369 -2.696998 -4.32047 0.3119751 0.2655213 0.4690335 17.23208 1.297675 0 0.0
-0.007517949 -0.006448722 -2.15959 -4.194292 0.3564716 0.3301999 0.5053171 17.91252 1.04344 0 0.0
0.003004929 0.03751777 0.6437655 -0.6845096 1.637424 1.733057 0.9112107 19.30841 1.142046 0 0.0
0.01487941 0.02708941 -1.525339 -3.335835 0.4242455 0.3865883 0.5013186 18.58937 1.117624 0 0.0
0.04746042 -0.004697378 -6.364602 -8.548679 1.772327 1.880204 0.8890421 19.61414 0.4506264 0 0.0
-0.0006043934 -0.01250623 -2.76522 -4.198293 0.340296 0.326416 0.7313313 17.40045 0.6718502 0 0.0
0.02647115 -0.006905352 -2.063756 -3.933172 0.3603553 0.3378477 0.5304515 18.29765 1.476284 0 0.0
-0.002036864 0.002760176 -2.511603 -4.384267 0.1168644 0.1024543 0.343737 14.52082 1.757644 0 0.0
-0.04834043 -0.0005130061 -1.686769 -4.49279 1.664215 1.781349 0.911489 19.42433 1.057653 0 0.0
-0.005812865 0.04815876 -4.48727 -4.17674 1.129185 1.046202 0.4913898 18.98785 1.196962 0 0.0
-0.0334692 0.01104678 -1.858921 -4.159972 0.4810219 0.4505982 0.5101167 18.7345 1.332983 0 0.0
0.005787093 0.02108777 17.64052 18.38411 1.655035 1.74505 0.8547921 19.48839 1.573095 0 0.0
0.0055396 0.0310594 -2.387654 -6.464361 0.2432437 0.2264892 0.5962337 17.2755 1.243866 0 0.0
0.006804681 -0.01016801 -4.284836 -5.706977 0.4680928 0.421877 0.8256348 17.7618 1.440933 0 0.0
0.02330488 -0.0004063589 -2.651751 -4.118435 0.1652706 0.1510802 0.4487108 16.7716 1.595425 1 0.9824162
0.047798 0.01304274 -5.073708 -4.411602 1.62144 1.551343 0.8467078 19.4013 1.306065 0 0.0
-0.01933607 0.004614487 -2.250381 -4.251938 0.386474 0.3541013 0.592534 18.14818 1.39156 0 0.0
0.03112204 -0.02239414 -3.938399 -7.221736 0.3492539 0.3259125 0.4908407 18.22333 1.413136 0 0.0
-0.03016425 0.01424246 -4.370489 -2.798126 0.9688873 0.9270395 0.6612864 19.10368 1.171144 0 0.0
0.02743941 0.01158045 -2.347204 0.5417992 1.308667 1.366852 0.887083 19.19868 1.370453 0 0.0
-0.01694495 0.04306127 -4.283663 -10.91964 0.9861043 0.9376076 0.6600894 18.8378 nan 0 0.0
0.01818679 0.03490908 -3.228594 -3.370159 0.5858598 0.5484926 0.6683049 18.7875 1.276941 1 0.09204637
0.01171172 0.03468482 -0.5695672 1.687289 1.663492 1.721953 0.9170419 19.36551 1.190844 0 0.0
-0.001623631 -0.0003583331 -3.992149 -4.899756 0.2971319 0.2567346 0.07962416 16.48055 nan 0 0.0
0.01895314 0.002247528 -2.66175 -4.281452 0.06486467 0.05852883 0.4109223 13.7465 2.057586 1 0.9710866
0.006857675 -0.04678147 -8.208304 -13.78991 1.485285 1.641772 0.885854 19.458 nan 0 0.0
-0.03649208 -0.0132976 2.527505 -3.932895 1.924259 2.057937 0.9132757 19.6269 0.7452145 0 0.0
0.0168268 -0.03557869 -1.339149 -7.206302 0.44268 0.4130816 0.4925623 18.59292 1.456112 0 0.0
-0.03672153 0.01651229 -4.550071 -5.482067 0.1571918 0.13894 0.3357685 16.84905 1.603236 1 0.0
0.0007727017 -0.01742719 -0.4029739 1.959202 0.9037758 0.7748845 0.3682457 18.81919 1.336155 0 0.0
-0.0189228 0.004143438 0.8714459 -1.035529 0.1408721 0.1260157 0.3943052 16.58813 1.173431 0 0.0
0.01245549 0.03301772 -1.493903 -5.954145 0.7282477 0.6984386 0.6494545 19.02861 1.231079 0 0.0
-0.03465156 0.003403694 -0.5992249 -4.515881 1.604447 1.717629 0.9050861 19.33971 1.064867 0 0.0
0.03019794 0.02639989 -0.9696653 3.475321 0.556667 0.5212915 0.444388 18.75682 1.240141 0 0.0
-0.01153715 -0.02945166 -3.311172 -3.989303 0.5802881 0.514769 0.3039586 18.30304 1.247711 0 0.0
0.006172214 0.00974856 -1.381613 -2.570551 0.2981958 0.2637581 0.564574 17.4576 1.256018 0 0.0
-0.03731987 -0.008411223 -7.763696 -8.226767 1.513801 1.626691 0.8988602 19.16702 1.054075 0 0.0
0.02991016 -0.02286113 -4.713818 -4.289511 0.6036268 0.6108372 0.758053 18.42954 1.432056 0 0.0
-0.04065593 0.001349505 0.3395481 -7.334366 1.470195 1.62733 0.8963006 19.23195 0.9895954 1 0.0
-0.02437607 -0.0003283702 0.7728069 -1.734869 1.396123 1.45259 0.9102415 19.1645 1.46666 0 0.0
0.01110501 0.02894185 -2.472911 -7.242959 0.3332478 0.3162145 0.5538428 17.96296 1.465452 0 0.0
-0.002918132 -0.005695119 -0.7392738 -6.884747 0.7709423 0.6635856 0.1169507 17.71418 1.141584 0 0.0
0.01540308 0.02856754 -3.710931 -4.186267 0.4574341 0.4151028 0.5159863 18.67747 1.326246 1 0.2504194
0.03126734 0.006778723 -1.389692 -4.902235 0.5014332 0.5021065 0.6976055 18.48274 1.277466 1 0.0002742599
0.02963474 -0.02293163 8.229424 -5.054413 0.6566002 0.6830394 0.6946958 18.66101 nan 0 0.0
0.03591587 -0.01630722 -4.4736 -13.58358 1.342665 1.425245 0.8769428 19.13337 1.111214 0 0.0
0.02669849 0.02456204 -6.667864 -5.198517 0.7400978 0.6997999 0.6715074 19.01232 0.93787 0 0.0
0.03727732 0.02208539 0.04458488 -4.056699 0.09102726 0.07983212 0.2888708 15.20644 1.75281 1 0.0
-0.01694416 0.03746702 -5.772799 -6.144485 1.310545 1.265551 0.5820655 19.78739 1.454124 0 0.0
-0.03883715 -0.001013098 -0.2635223 -12.1865 1.786296 1.957599 0.9064219 19.48602 1.029793 0 0.0
0.009559262 -0.006736876 -2.111204 -3.365212 0.6202157 0.5571781 0.4485109 18.31332 1.256699 0 0.0
-0.01537377 0.03890728 -2.79234 -1.81573 0.3960036 0.3586541 0.4163043 18.30825 1.377541 0 0.0
0.03905668 -0.01305998 -6.520494 -1.727326 0.430189 0.3922459 0.4106925 18.55649 0.84412 0 0.0
0.01619692 -0.009781716 -4.29079 -5.133122 0.6857687 0.6425579 0.6484028 18.68456 nan 0 0.0
0.01633594 -0.0001763273 -2.645842 -5.963957 0.5010628 0.4676118 0.6452956 18.45411 1.376976 0 0.0
-0.04184418 0.01221717 -5.939778 -6.102609 0.1059576 0.09232141 0.2892642 15.96086 1.733149 1 0.0
0.006060999 -0.01055135 -1.565456 -5.230181 0.5710626 0.5078026 0.4556625 18.21581 1.3354 0 0.0
-0.006419151 0.04899224 -0.404897 -1.235708 0.4652348 0.4323349 0.5127596 18.56848 1.13237 0 0.0
0.004603466 0.04809778 -7.132922 -8.548928 2.106997 2.189069 0.9164984 19.76477 1.177992 0 0.0
0.04068219 -0.01155944 -4.52765 -1.810963 2.70108 2.634822 0.9135749 19.76579 nan 0 0.0
0.04013124 -0.01183773 1.238437 0.9854448 1.581798 1.678308 0.8814086 19.42207 1.313969 0 0.0
0.00322431 -0.001662992 -2.525565 -4.057791 0.1109324 0.09886134 0.4653921 13.99929 1.870733 0 0.0
-0.01809675 0.006367534 2.364855 -6.664591 0.6766563 0.6177371 0.3111907 18.92429 nan 0 0.0
-0.03848462 0.01635152 -2.857773 -9.949418 0.1261463 0.1128473 0.3461294 16.1497 1.616092 1 0.0
0.04035764 0.006182828 -3.397819 -7.495275 0.5649136 0.5288524 0.5229769 18.98043 nan 0 0.0
-0.01933488 -0.002822265 -4.140541 -6.95723 0.160715 0.1399543 0.2549552 16.77753 1.566088 1 0.0
0.0001668796 0.04659297 -3.208933 -9.729645 1.066913 1.036625 0.7136799 19.63231 0.9809742 0 0.0
0.01895574 0.01875945 -3.188122 -9.449301 0.3901238 0.3550598 0.5649482 18.23159 1.554821 0 0.0
0.006088603 -0.009345903 -3.350189 -3.843936 0.499859 0.4582322 0.8344337 17.59859 nan 0 0.0
-0.02999543 0.0001090485 -3.930906 -5.830423 1.787884 1.916149 0.9009968 19.49363 nan 0 0.0
-0.005701264 0.019148 1.47117 -5.40231 1.50135 1.591063 0.8965092 19.27822 nan 0 0.0
0.04041778 0.02120699 -1.759734 -6.304538 1.616933 1.544562 0.8653286 19.37789 1.143007 0 0.0
0.04512777 0.018268 1.218089 0.3999553 0.6836213 0.600109 0.3213725 19.06494 1.456118 0 0.0
-0.009997949 0.00612434 -2.47482 -4.187915 0.06765539 0.05902862 0.315161 14.62465 1.845835 1 0.9929295
-0.04403794 -0.01532001 -1.420663 -3.830063 0.4627997 0.4080765 0.4055528 18.59095 1.124302 0 0.0
0.01212314 0.01609386 -2.753584 -3.699443 0.2030844 0.181458 0.4273398 16.61081 nan 0 0.0
-0.008700933 -0.02583318 -2.249752 -5.893778 1.443965 1.56462 0.9047073 19.17482 1.311586 1 0.03573555
-0.02582686 -0.04267944 -7.357076 -6.963441 1.246767 1.374541 0.8902596 19.15779 1.226543 0 0.0
0.001076177 0.04061533 -3.541052 -7.132921 0.4735031 0.4443092 0.547235 18.6824 1.350609 0 0.0
-0.01597723 0.01833835 -1.369254 -8.624247 0.6318783 0.521975 0.1767451 18.20307 nan 0 0.0
-0.01894907 -0.003938003 2.483024 -5.634558 0.7414183 0.6489751 0.3110817 18.6956 1.414772 0 0.0
0.006339419 0.04617318 -1.427004 -4.751019 1.304451 1.352338 0.9184593 19.03708 nan 0 0.0
-0.00145792 -0.0365579 -5.051769 -5.280286 0.6309553 0.5883285 0.4911471 19.00459 1.263273 0 0.0
-0.04660996 0.01207236 -4.147047 -6.013002 0.263177 0.2411616 0.5959007 17.45705 1.731544 1 0.0
0.01487598 -0.0006796777 5.101703 -0.648789 1.303793 1.553912 0.8634816 19.11337 nan 0 0.0
0.04022739 0.02855989 -2.697556 -5.835284 0.5431451 0.4832148 0.3552849 18.63994 1.48222 0 0.0
-0.03285188 -0.03013271 -3.50873 -7.095722 0.8873364 0.9024273 0.8017545 18.78381 1.482761 0 0.0
