data/gcs/NGC_4147.ecsv
# %ECSV 0.9
# ---
# datatype:
# - {name: x, unit: deg, datatype: float64}
# - {name: y, unit: deg, datatype: float64}
# - {name: pmx, unit: mas / yr, datatype: float64}
# - {name: pmy, unit: mas / yr, datatype: float64}
# - {name: pmx_e, unit: mas / yr, datatype: float64}
# - {name: pmy_e, unit: mas / yr, datatype: float64}
# - {name: pm_corr, datatype: float64}
# - {name: g_mag, unit: mag, datatype: float64}
# - {name: bp_rp, unit: mag, datatype: float64}
# - {name: filter, datatype: int64}
# - {name: memberprob, datatype: float64}
# meta: !!omap
# - comments: [deg deg mas/yr mas/yr mas/yr mas/yr dimless mag   mag   zeroone float]
# - __serialized_columns__:
#     bp_rp:
#       __class__: astropy.units.quantity.Quantity
#       unit: &id001 !astropy.units.Unit {unit: mag}
#       value: !astropy.table.SerializedColumn {name: bp_rp}
#     g_mag:
#       __class__: astropy.units.quantity.Quantity
#       unit: *id001
#       value: !astropy.table.SerializedColumn {name: g_mag}
#     pmx:
#       __class__: astropy.units.quantity.Quantity
#       unit: !astropy.units.Unit {unit: mas / yr}
#       value: !astropy.table.SerializedColumn {name: pmx}
#     pmx_e:
#       __class__: astropy.units.quantity.Quantity
#       unit: !astropy.units.Unit {unit: mas / yr}
#       value: !astropy.table.SerializedColumn {name: pmx_e}
#     pmy:
#       __class__: astropy.units.quantity.Quantity
#       unit: !astropy.units.Unit {unit: mas / yr}
#       value: !astropy.table.SerializedColumn {name: pmy}
#     pmy_e:
#       __class__: astropy.units.quantity.Quantity
#       unit: !astropy.units.Unit {unit: mas / yr}
#       value: !astropy.table.SerializedColumn {name: pmy_e}
#     x:
#       __class__: astropy.units.quantity.Quantity
#       unit: &id002 !astropy.units.Unit {unit: deg}
#       value: !astropy.table.SerializedColumn {name: x}
#     y:
#       __class__: astropy.units.quantity.Quantity
#       unit: *id002
#       value: !astropy.table.SerializedColumn {name: y}
# schema: astropy-2.0
x y pmx pmy pmx_e pmy_e pm_corr g_mag bp_rp filter memberprob
[from data line 163]
-0.0007079125 0.006834663 14.3337 11.10817 2.495509 0.9682757 0.1019747 19.81051 nan 0 0.0
-0.006263247 -0.00290796 -2.576137 -2.555775 1.290323 0.6764425 -0.1381344 19.09727 0.6351891 0 0.0
0.0004204726 -0.005435311 -2.105345 -2.101656 0.1590288 0.1075466 -0.2583433 16.66203 0.472805 0 0.0
-0.01943945 0.02477629 1.273409 -3.796531 2.672108 1.165613 0.04804558 20.37229 0.7177868 0 0.0
-0.01209298 0.003234016 -1.510305 -2.024667 0.1374668 0.09317039 -0.2600604 16.75414 1.054873 1 0.9999841
-0.01053286 -0.03325367 -2.417705 -1.957956 1.270734 0.7796851 -0.1612191 20.04879 0.5618706 0 0.0
-0.0353049 0.03528832 -1.155377 -2.002824 0.4095019 0.2651143 -0.2160041 18.54262 0.9467163 1 0.9994002
-0.0007223962 0.002665199 -0.5748994 -3.621188 0.5683204 0.582146 -0.4356876 18.10091 nan 0 0.0
-0.0044112 0.00804207 -7.956623 -6.565907 1.920033 0.9923959 0.2389907 20.03013 nan 0 0.0
-0.03443728 0.03432112 -1.469935 -2.418478 0.1699103 0.1157724 -0.2681942 17.01399 0.2767086 1 0.9987583
0.003719128 -0.01236085 -3.490485 -1.437313 1.524414 0.6082306 0.01548912 19.60167 0.777277 0 0.0
-0.005756946 -0.004121052 -1.278242 -0.5702917 1.375046 0.7035836 -0.1103313 19.63195 0.6884403 0 0.0
-0.007405794 0.004925566 -7.370305 -2.60977 2.821044 1.758137 -0.1886135 20.8052 nan 0 0.0
-0.002039139 -0.02221043 -1.649825 -1.145158 2.303894 1.504662 -0.2339243 20.72813 0.830204 0 0.0
-0.005725223 0.07889627 -0.9300843 -1.564012 1.293514 0.6788062 -0.1881503 19.98785 0.7585506 1 0.9890265
0.005339542 -0.01332211 -1.406457 -1.618061 1.351108 0.7830173 -0.1576696 19.77439 0.6658344 0 0.0
0.007277714 -0.001286674 -1.576316 -2.473424 2.759859 2.699503 -0.4664687 20.63376 nan 0 0.0
-0.007434516 0.009747345 4.81341 -3.51686 3.099907 1.092459 0.09775774 20.57385 nan 0 0.0
-0.02477225 0.05659536 -2.358558 -2.46694 4.247968 1.366991 0.170282 20.75755 0.7803135 0 0.0
-0.002053257 0.006991077 -0.9040537 -2.22856 0.3942137 0.2927497 -0.2637593 18.5811 0.7862625 0 0.0
-0.0009973581 -0.01439413 -4.519975 -2.079442 2.123704 1.13252 -0.0518492 20.48671 0.4398117 0 0.0
-0.003297644 -0.008822731 -4.4027 -0.8697687 1.755394 1.091976 -0.1283055 20.25204 nan 0 0.0
0.003921162 0.01006194 -1.714337 0.9168485 2.881448 2.573203 -0.2571247 20.33607 nan 0 0.0
0.0003047002 0.01438204 -2.899474 -0.6618135 1.355719 0.8340378 -0.1355202 20.22806 0.6976433 0 0.0
-0.07669119 -0.04192093 -2.620843 -20.46106 3.136979 1.592968 -0.09893033 20.74398 1.983177 0 0.0
0.02146912 0.002733304 0.2968962 -3.003123 1.396353 0.5516491 -0.09477262 19.64742 0.4468441 0 0.0
0.009477085 -0.008885443 -2.543524 -0.04390681 2.72811 0.8117509 -0.04097203 20.14268 0.5001488 0 0.0
-0.002212493 -0.001452754 -6.375111 -1.230722 0.7424664 0.4787174 -0.2522899 17.61383 0.1946602 0 0.0
-0.004657118 0.008156518 -0.1413023 -1.665768 1.463107 0.6410008 -0.05728958 19.5395 0.7114429 0 0.0
-0.01015466 0.0002107419 -2.03813 -2.400171 1.068848 0.4947306 -0.06824237 19.40389 0.7380428 0 0.0
-0.07351574 0.00678754 -4.047964 -1.381897 1.597917 0.6775921 0.006210269 20.02315 0.7418022 1 0.9706693
0.003284986 -0.006598763 -1.576464 -2.549754 0.2507461 0.1782672 -0.2738526 17.33739 0.9461288 0 0.0
-0.008172813 -0.001513608 -4.435101 -3.13783 2.536924 1.008985 0.2972567 20.11846 0.758503 0 0.0
-0.002284762 0.003414801 -1.278902 -2.611866 0.2801255 0.1571998 -0.2058938 16.85607 0.19697 0 0.0
0.03292887 -0.009422311 -1.699022 -2.0361 1.130455 0.5269318 -0.1501417 19.58175 0.7150459 0 0.0
0.01440909 0.007577228 -1.503736 -2.295444 1.781417 0.716899 -0.08825191 20.04238 0.9353104 0 0.0
0.007118412 0.002726381 -3.100638 -1.82591 2.110741 1.096912 -0.1454855 20.00077 0.6814556 0 0.0
0.004775142 -0.007725971 -1.692522 -2.024823 0.07776219 0.07085514 -0.4022698 15.41685 1.211987 1 0.999997
-0.01028503 -0.00259496 6.94672 -7.176711 3.246382 0.8847539 0.03067978 19.92047 nan 0 0.0
0.002257559 0.01263111 -2.644177 -2.154663 2.224544 1.005586 0.01211866 20.48952 0.4186993 0 0.0
-0.005988355 -0.002305248 -3.01789 -3.205273 2.642246 1.412628 -0.3033107 20.60591 nan 0 0.0
-0.002805468 0.008515059 -0.05556692 -4.324243 0.4147596 0.2819773 -0.2480009 18.48782 0.8708172 0 0.0
0.002228622 0.01303165 -1.921981 -4.237385 4.218643 2.274208 -0.1364444 20.98259 nan 0 0.0
0.0132811 0.002923206 -2.877237 -3.640774 3.445566 1.460166 -0.2108982 20.50651 0.8749561 0 0.0
-0.01773616 -0.009220478 -1.698192 -2.10082 0.1530509 0.1132437 -0.3034197 16.83304 0.6643658 1 0.9999914
0.02409313 0.06550639 -1.597797 -2.217779 1.682712 0.7192431 -0.05645201 19.64422 0.7955818 1 0.992136
0.009910419 0.002991642 -1.418718 -1.75867 1.26346 0.5179171 -0.1151336 19.46367 nan 0 0.0
-0.004917659 0.002827393 -4.814669 -1.299645 0.392976 0.2384614 -0.226208 17.93695 0.8057766 0 0.0
0.004427715 0.0004069544 -1.051141 -2.14233 0.2205432 0.1602469 -0.2972859 16.95024 0.4061871 0 0.0
-0.01009647 0.005753494 -2.347754 -2.140011 2.855668 1.695816 -0.1677967 20.70607 0.7624683 0 0.0
-0.007362077 0.01230128 -0.1164498 -3.112754 1.326416 0.5637711 -0.004090825 19.68711 0.759285 0 0.0
-0.02442732 0.04157685 -1.888791 -2.744765 0.6833397 0.3762119 -0.1366608 19.16727 0.9433613 1 0.9974474
0.01705806 -0.009346432 -2.133002 -2.280419 2.393386 1.371837 -0.1302442 20.63015 -0.3275909 0 0.0
-0.005207157 -0.002707724 0.04703811 -1.565238 2.374409 1.336775 -0.2214636 20.23854 nan 0 0.0
0.006481812 0.004755775 -4.219188 -0.1406876 3.560449 1.706331 -0.1657589 20.48464 nan 0 0.0
-0.01191665 0.04239187 -9.113986 -11.08748 0.3635019 0.2362042 -0.2552105 18.07423 0.7388287 1 0.0
0.002257668 0.004385641 -1.874081 -1.314824 0.2205098 0.1250168 -0.1922027 17.10863 0.8019028 0 0.0
-0.001185349 -0.00118955 0.3274782 -9.19093 1.503931 0.8282992 -0.1889894 18.72412 nan 0 0.0
0.001982805 0.004692721 -3.448119 -2.694202 0.886382 0.4134308 -0.2323827 18.26918 nan 0 0.0
0.02479925 -0.01697297 -1.766143 -3.706447 3.065297 1.263844 -0.02758524 20.69784 0.4745426 1 0.9923457
0.003776728 -0.0001137675 1.01547 -1.580721 0.9152108 0.5711973 -0.2331631 18.44928 0.6168442 0 0.0
0.009461681 0.008036554 -1.75439 -2.04542 0.1100368 0.06375484 -0.2389725 15.92163 1.004282 1 0.9999962
-0.003268449 0.004786201 0.08280087 -2.213559 1.113186 0.5879154 -0.1496471 19.02091 0.7303314 0 0.0
-0.007086642 0.02646715 -5.099983 -3.136503 3.312413 1.493036 -0.09348237 20.88292 nan 0 0.0
-0.008533005 0.02805222 -5.541767 1.123949 4.565977 1.735911 -0.05537708 20.89798 0.6801529 0 0.0
-0.08862816 0.04353978 -1.098717 -2.485116 1.666941 0.7036874 0.06092115 20.0004 0.4772816 1 0.9708691
0.008015306 0.003256664 -2.095277 -0.4047453 1.413612 0.6471977 -0.0104074 19.51391 nan 0 0.0
-0.001243153 0.007530849 -2.449253 -2.357729 0.5794808 0.3831777 -0.1509243 18.9489 nan 0 0.0
-0.04746185 0.06042439 -0.610427 -1.543268 2.014036 0.7948763 0.06845799 20.22039 0.9156132 1 0.9855115
-0.07945102 0.05987743 0.8952814 -4.337527 1.823477 0.7547017 0.04962577 20.08989 0.651947 1 0.222084
0.0003336738 -0.007483804 -1.063563 0.4310359 0.9282249 0.4734279 -0.08519959 19.34165 nan 0 0.0
-0.009300517 0.01144688 -4.136638 -1.957313 1.288439 0.5139921 -0.02164128 19.54512 0.8188076 0 0.0
0.000738744 -0.004182182 -10.03746 0.9837372 1.944406 1.017348 -0.08283965 19.45958 nan 0 0.0
-0.001084006 0.01068369 0.7050037 -1.599427 3.574595 1.386434 0.1961741 20.67922 nan 0 0.0
0.02378408 0.000311278 1.804589 -2.143733 1.67988 0.7355829 -0.2441255 19.87747 0.6284695 1 0.9970174
0.0205075 0.05949969 -3.701624 -1.438532 1.395569 0.7351397 -0.2014657 20.04325 0.6350822 1 0.987943
-0.02430332 -0.001714253 -3.305988 -2.992898 1.376284 0.528699 0.05964341 19.5346 0.9080524 1 0.9969598
-0.0188058 -0.000522854 0.8646686 -6.624261 2.897138 2.340066 -0.1969741 20.6995 0.453249 0 0.0
0.02834116 -0.0002049182 -2.264207 -2.925537 1.543693 0.7943329 -0.2063186 20.20176 0.5709171 0 0.0
-0.001127435 0.005873362 -5.545488 -2.365039 1.72357 0.8493146 -0.1203536 19.46526 0.6825333 0 0.0
0.01956259 -0.02383057 1.172574 -1.879048 3.67018 1.017731 -0.06165983 20.43802 0.8764534 1 0.9972433
-0.0347911 0.001503351 -1.455801 -1.631724 3.092344 1.192034 -0.06137536 20.57099 0.9166737 0 0.0
-0.001026339 -0.02186712 -3.566633 -2.250017 2.819801 1.251899 0.02945685 20.63813 nan 0 0.0
-0.005322276 0.01704478 0.6954973 -2.23617 4.786344 2.457989 -0.07328879 20.96099 0.4474735 0 0.0
0.01320951 -0.006707003 3.579628 -3.535615 2.805608 2.025866 -0.1971821 20.76683 0.3628426 0 0.0
-0.001069528 0.0127608 -7.036875 -3.56788 2.986993 1.067357 0.1079512 20.43191 0.7483997 0 0.0
-0.001633837 -0.00305684 -1.597822 -2.177188 0.2567999 0.1640008 -0.2410845 17.53904 0.2199345 0 0.0
-0.01264211 0.01116672 0.246209 -1.355926 2.330792 0.7929366 0.02317392 20.15324 nan 0 0.0
-0.01060258 0.008978851 -1.683457 -5.658546 2.269353 1.344445 -0.09212945 20.61393 0.8773613 0 0.0
-0.0007658351 -0.006156288 -1.042603 -2.08379 0.1693478 0.1136148 -0.2570443 16.9807 0.956707 0 0.0
-0.001836289 0.004858659 -12.40187 -3.397533 2.494024 0.9484413 0.1288493 20.28675 nan 0 0.0
-0.003789417 -0.003451627 -1.689817 -2.054216 0.1083258 0.06132201 -0.1995115 15.97039 1.116608 1 0.9999973
-0.02733236 0.05433554 -17.09994 -10.05646 0.7700187 0.3955631 -0.0938453 19.13169 0.8664131 0 0.0
-0.0365693 0.007042663 -1.812395 -2.525994 1.776943 0.7804367 0.04272885 20.07814 0.4358826 1 0.9979103
-0.009532491 0.002091352 -14.21078 -3.543189 2.796477 1.956257 -0.138076 20.63651 nan 0 0.0
0.03225333 -0.03288473 -1.621568 -2.12775 0.1290017 0.08387935 -0.2826021 16.55523 1.087858 1 0.9999746
-0.009952874 -0.01258376 -1.573731 -2.130956 0.1525461 0.09874594 -0.2428158 16.9312 0.45331 1 0.9999915
0.06785108 -0.00377198 -4.184281 0.7492797 2.092422 1.128884 -0.1637994 20.41024 0.472681 0 0.0
-0.0006211359 0.001343406 -0.5012382 -1.717709 0.5794939 0.4656193 -0.2848818 17.75797 nan 0 0.0
-0.01094966 0.01061538 -0.7453291 -2.879586 1.896145 0.7688505 -0.03152322 20.10886 0.7529659 0 0.0
0.005108389 -0.02442098 -1.628267 -2.094936 0.05945073 0.0428447 -0.2767677 14.7681 1.32001 1 0.9999968
-0.04262778 0.01824974 -4.865332 -1.662921 2.260296 0.9228835 0.05269897 20.32154 0.4023438 0 0.0
-0.00392001 -0.02046517 -1.791889 -2.319666 0.2407039 0.1684264 -0.2530813 17.75818 0.8882446 1 0.999944
-0.01369712 0.02356838 4.259443 -2.850503 4.076777 1.401052 0.1709927 20.77413 0.6611481 0 0.0
-0.002979303 -0.005450545 -0.04275192 -2.116371 0.1608932 0.1044203 -0.2576973 16.32737 1.147611 0 0.0
-0.008651009 -0.01714621 -1.498264 -1.816486 0.417431 0.288423 -0.2236066 18.71519 0.8965969 1 0.9999058
0.02097845 -0.006957995 -1.609635 -1.946538 0.4697129 0.3487568 -0.3100159 18.77596 0.8280411 0 0.0
-0.0218591 -0.006997939 -1.776075 -2.250673 1.669408 0.8558484 -0.05903909 20.27439 0.494339 1 0.9991596
-0.0003896716 0.00110308 -12.32318 0.2603172 0.8977665 0.6594797 -0.3260662 17.08378 nan 0 0.0
-0.06092869 0.05162816 -1.885927 -1.400967 1.924556 0.9522486 -0.04038274 20.19052 0.5898285 1 0.9812513
-0.01681013 -0.008022757 -1.849389 -2.168078 0.1278613 0.08650322 -0.2709424 16.63051 1.070094 1 0.9999837
-0.0001726812 -0.006945932 -1.901705 -1.234488 0.8711739 0.577492 -0.2486831 18.90981 nan 0 0.0
-0.01541523 0.0587324 -11.74964 -0.641125 3.729734 1.32735 0.09195243 20.52563 2.429049 0 0.0
-0.0004764574 0.005997336 -1.00651 -1.83983 1.714019 0.7304933 0.04311223 19.44749 0.6774788 0 0.0
0.04363814 0.03407527 -3.577147 -1.208403 2.647389 1.054005 -0.08637994 20.51471 0.455822 1 0.9883234
0.002257661 0.004900625 3.606472 -1.999452 1.790632 0.9095417 -0.1105337 20.04058 nan 0 0.0
0.02188949 -0.003902308 -2.929359 -1.84193 1.229203 0.6214608 -0.1678261 19.85738 0.6537075 0 0.0
-0.008056597 0.008705961 -2.196281 -1.113445 0.93824 0.4156271 -0.04962934 19.1874 0.8599014 0 0.0
-0.01002731 -0.04831984 -5.485014 -5.443976 0.1529427 0.1039378 -0.2565853 16.87373 0.7050419 1 0.0
-0.002718847 -0.002480807 -11.77814 -4.867589 1.494952 0.8230718 -0.1099499 19.02238 nan 0 0.0
-0.01788027 -0.003744465 3.653465 -3.84484 2.921846 1.302596 -0.1194929 20.5358 0.4443455 0 0.0
0.0001889858 0.006052649 -4.140271 -5.229054 1.554916 1.198772 -0.2492872 19.93437 nan 0 0.0
-0.005928861 0.04449345 -2.567687 -1.372202 0.6692148 0.3834426 -0.1571085 19.04182 0.7925262 1 0.997168
0.001577374 0.04526392 2.652706 -4.600402 1.469071 0.7589056 -0.2073897 19.94366 0.5993156 1 0.3945157
0.001939413 0.004034685 7.732536 1.730946 2.085773 0.7663669 0.06979364 19.45994 nan 0 0.0
-0.005062186 0.007460347 -17.22002 3.420179 2.345046 1.144699 -0.1660795 20.22098 nan 0 0.0
-0.00718891 0.002325841 2.095338 0.633202 2.233838 1.181253 0.007088647 20.37193 nan 0 0.0
-0.005337045 0.007317304 2.291546 -4.902031 2.15538 0.8478529 -0.02912296 19.76178 0.9988136 0 0.0
-0.003905132 -0.002530375 0.5933274 3.483 1.349547 0.8505928 -0.2452595 18.84845 nan 0 0.0
0.01199492 -0.01609125 -4.599683 -2.946099 1.417586 0.6272789 -0.08963385 19.88094 0.6345844 0 0.0
0.05462475 0.007186719 -1.079097 -2.602357 0.3676524 0.2337439 -0.2654304 18.417 0.8940392 1 0.9966749
0.008769291 -0.03050909 -1.697571 -2.096019 0.1763022 0.1353439 -0.3024711 17.27384 1.013622 1 0.9999786
-0.02716947 -0.01257045 -1.995866 -2.123532 0.1615407 0.1206078 -0.2998522 17.11837 0.6182785 1 0.9999147
0.01669461 0.008658903 -0.1425133 -1.857012 1.102632 0.4411791 -0.1112854 19.37435 0.9749928 1 0.9994948
-0.01902498 -0.02014945 -1.577812 -2.363544 0.1971904 0.1381819 -0.2408628 17.43714 1.030729 1 0.9999054
0.001722474 -0.001464203 -3.573189 -1.966262 0.3175472 0.229088 -0.2868341 17.02473 0.2988596 0 0.0
0.01529156 0.007119541 5.55421 -8.080865 2.689149 1.364421 -0.1883576 19.8785 0.5264797 0 0.0
-0.003312573 -0.03265505 -4.078822 -11.92726 0.104697 0.07091256 -0.2590588 16.23852 0.9354725 1 0.0
-0.04804472 -0.05811333 -7.928409 -2.846248 1.65475 0.8398495 -0.101703 20.24055 0.6606045 1 0.1027227
-0.01170317 -0.008229177 -4.374244 -0.5291392 2.232133 1.288886 -0.07662702 20.65047 nan 0 0.0
-0.01283267 -0.02209361 -1.393456 -2.171536 0.2054996 0.1341513 -0.2345725 17.37988 1.01965 1 0.9999557
0.01262966 0.009013321 -2.004485 -0.1069744 2.754134 1.452559 0.01453118 20.56472 -0.4164829 0 0.0
0.01328065 0.008729175 -5.591722 1.996604 1.971374 0.882986 -0.1609288 20.27863 0.6512375 0 0.0
-0.02765398 -0.05632494 -4.875703 -1.854746 1.951215 1.097585 -0.135392 20.60385 0.6480598 1 0.9705032
0.001317409 -0.002135594 -4.031462 2.996515 0.4771708 0.4620782 -0.4482705 17.83957 nan 0 0.0
8.777199e-05 -0.09001665 -1.588981 -1.850272 0.4387054 0.2448841 -0.2150902 18.49119 0.9858112 1 0.9975226
0.005381108 0.04495692 2.086921 -2.887165 2.514228 0.9558453 -0.1201595 20.21772 0.6399727 0 0.0
-0.01345213 0.01204035 -0.357221 -1.700388 1.462372 0.4280371 0.08525596 19.29344 0.9772644 0 0.0
-0.01016754 0.02688501 -1.965735 -2.287058 1.118266 0.4596043 0.003615202 19.46467 0.9737206 1 0.9995366
-0.03883686 -0.04076453 3.107616 -4.592989 1.880247 1.043619 -0.136588 20.35855 0.2397099 1 0.686091
-0.05000671 -0.03708235 -3.531214 -1.521439 1.550629 0.6724467 -0.04724211 19.99852 0.741663 1 0.9896754
0.003110572 0.03770322 -3.10442 -2.694626 3.449883 1.12166 -0.1380645 20.36254 1.226194 1 0.9936031
0.02125203 0.003482865 -1.166819 -2.88092 0.5709422 0.3530609 -0.2515575 19.08049 0.9593906 1 0.9990455
-0.01132721 -0.01107306 -4.619729 -1.711539 2.617251 1.589537 -0.162652 20.76131 0.4941578 0 0.0
0.03364948 0.004627359 -2.029041 -1.902494 0.326843 0.2016786 -0.2647069 18.09132 0.9551983 1 0.9998763
0.03084331 0.003036101 -5.06295 -1.819179 1.960497 0.5453535 -0.003592426 19.70089 0.6436329 0 0.0
-0.0194861 -0.003702328 -0.8554319 -2.236248 1.853237 0.7010058 0.1188266 19.93397 0.7678127 0 0.0
0.01205193 -0.003828899 -0.1833732 -2.124081 0.4603703 0.2901301 -0.2451495 18.80668 0.9168606 0 0.0
0.04682259 0.07788217 -0.2586574 -2.446297 1.387953 0.5114409 -0.09611716 19.51064 0.7649899 1 0.981968
-0.002010023 -0.006995511 -2.159077 -4.35049 0.3529324 0.2537502 -0.2981535 17.52313 0.2976227 0 0.0
0.0004204765 -0.007012689 -1.670506 -1.865935 0.1468267 0.1012206 -0.2786129 16.43536 1.002388 0 0.0
