data/gcs/NGC_6652.ecsv
# %ECSV 0.9
# ---
# datatype:
# - {name: x, unit: deg, datatype: float64}
# - {name: y, unit: deg, datatype: float64}
# - {name: pmx, unit: mas / yr, datatype: float64}
# - {name: pmy, unit: mas / yr, datatype: float64}
# - {name: pmx_e, unit: mas / yr, datatype: float64}
# - {name: pmy_e, unit: mas / yr, datatype: float64}
# - {name: pm_corr, datatype: float64}
# - {name: g_mag, unit: mag, datatype: float64}
# - {name: bp_rp, unit: mag, datatype: float64}
# - {name: filter, datatype: int64}
# - {name: memberprob, datatype: float64}
# meta: !!omap
# - comments: [deg deg mas/yr mas/yr mas/yr mas/yr dimless mag   mag   zeroone float]
# - __serialized_columns__:
#     bp_rp:
#       __class__: astropy.units.quantity.Quantity
#       unit: &id001 !astropy.units.Unit {unit: mag}
#       value: !astropy.table.SerializedColumn {name: bp_rp}
#     g_mag:
#       __class__: astropy.units.quantity.Quantity
#       unit: *id001
#       value: !astropy.table.SerializedColumn {name: g_mag}
#     pmx:
#       __class__: astropy.units.quantity.Quantity
#       unit: !astropy.units.Unit {unit: mas / yr}
#       value: !astropy.table.SerializedColumn {name: pmx}
#     pmx_e:
#       __class__: astropy.units.quantity.Quantity
#       unit: !astropy.units.Unit {unit: mas / yr}
#       value: !astropy.table.SerializedColumn {name: pmx_e}
#     pmy:
#       __class__: astropy.units.quantity.Quantity
#       unit: !astropy.units.Unit {unit: mas / yr}
#       value: !astropy.table.SerializedColumn {name: pmy}
#     pmy_e:
#       __class__: astropy.units.quantity.Quantity
#       unit: !astropy.units.Unit {unit: mas / yr}
#       value: !astropy.table.SerializedColumn {name: pmy_e}
#     x:
#       __class__: astropy.units.quantity.Quantity
#       unit: &id002 !astropy.units.Unit {unit: deg}
#       value: !astropy.table.SerializedColumn {name: x}
#     y:
#       __class__: astropy.units.quantity.Quantity
#       unit: *id002
#       value: !astropy.table.SerializedColumn {name: y}
# schema: astropy-2.0
x y pmx pmy pmx_e pmy_e pm_corr g_mag bp_rp filter memberprob
[from data line 4140]
0.002126488 -0.004911219 -0.03201176 -9.994457 1.20302 1.13318 0.1530592 18.19066 nan 0 0.0
-0.0195033 0.001628857 -5.03207 -1.799337 2.835918 2.646301 0.6091821 20.55164 nan 0 0.0
-0.04559242 -0.03781329 1.016901 -4.774552 0.6198939 0.5693482 0.1455216 19.17976 0.9788857 1 0.0
0.01214388 0.06413398 -0.2785878 -5.886178 0.7842142 0.6659145 -0.02997112 19.24756 0.9333172 1 0.0
-0.02975364 -0.0407057 -4.997004 -5.144376 0.6574041 0.6032011 0.1654525 19.13207 0.9290581 1 0.4951101
0.02220749 0.05078059 2.168909 -2.662258 0.3244294 0.2751956 -0.1539247 17.65732 1.104952 1 0.0
-0.008628098 0.04018573 -2.034573 -3.280449 0.4249046 0.3816959 0.1419308 18.57566 0.7603817 0 0.0
0.007504326 0.02741423 -3.646572 -1.783734 1.664718 1.408537 0.05211636 20.02843 0.632946 0 0.0
-0.02286389 0.0298797 -2.30079 -2.502874 1.017911 0.918637 0.1509548 19.63787 0.8890934 0 0.0
0.003406443 -0.0004823961 -3.118543 -3.542532 1.142067 0.9954194 -0.09945631 17.78244 nan 0 0.0
-0.008705514 0.04618243 -0.7582592 -6.431548 1.628908 1.449985 0.2483744 20.14866 0.948452 0 0.0
0.006171659 0.0101719 -2.836271 -2.916653 0.4945607 0.4082112 0.05255764 18.39087 nan 0 0.0
0.01741802 0.05049174 -1.31794 -5.118106 0.2405091 0.2132611 0.06986524 17.59076 0.901329 1 0.0
0.005019782 0.01237306 -5.33416 -4.224856 0.06057828 0.05045549 -0.02273288 14.1109 1.57895 1 0.9968657
-0.03788963 -0.0409911 -3.094915 -1.498498 0.8813821 0.8950921 0.3384356 18.95025 0.8760319 0 0.0
-0.05929651 0.02335869 -1.617084 -1.908065 0.7647005 0.690893 0.1388058 19.37367 1.022425 0 0.0
-0.05058472 -0.03257843 2.412136 -7.25772 2.0597 2.016655 0.3601447 20.37662 1.336386 0 0.0
-0.01558399 -0.01467057 -5.398556 -2.671873 0.8511145 0.689281 -0.06184281 19.12387 0.7217407 0 0.0
-0.03111951 -0.01279785 -1.140074 -4.864226 0.9364637 0.8611514 0.2542863 19.51327 0.742218 0 0.0
0.03619033 0.04783483 1.040872 -5.146355 0.3008004 0.2758634 0.3212287 17.80623 1.297226 0 0.0
-0.006987339 0.01743503 -4.873755 -3.075378 0.8016336 0.7291543 0.1954575 19.53344 nan 0 0.0
0.006504499 0.01070594 -5.41145 -4.624299 0.3567862 0.3171561 0.2686722 18.04562 nan 0 0.0
-0.04129131 -0.0434493 1.618898 -2.911449 0.4651416 0.4081448 0.01606486 18.54727 0.9034138 1 0.0
-0.007012922 0.0171947 -5.689255 -4.552406 0.8937101 0.8223877 0.2376387 19.51764 1.583012 0 0.0
0.007016528 0.01103015 -6.799583 -3.686065 1.506442 1.225324 -0.06034655 19.61022 nan 0 0.0
-0.007728509 0.002675901 -5.487935 -4.289193 0.04915335 0.04335186 0.04376263 13.20925 1.830302 1 0.9992064
-0.02976864 0.003743149 -3.587973 -11.95744 0.7292291 0.7486982 0.5713716 18.67298 1.45377 0 0.0
-0.05438816 -0.005877812 -0.5770264 -8.022219 0.6578548 0.5897788 0.06999701 19.12173 0.8054314 1 0.0
-0.03249692 0.04420849 -6.916187 -8.00006 0.4255794 0.3887026 0.167766 18.42075 nan 0 0.0
-0.01362097 0.03476442 -5.454938 -4.664586 2.044924 1.678136 -0.0223252 20.26392 0.7561417 0 0.0
-0.001047457 0.002035364 -5.929529 -4.319139 0.06649719 0.05647217 0.1527359 14.34657 1.422992 0 0.0
-0.04597563 -0.03894264 -4.835054 -3.275083 0.3579769 0.3235619 0.09328695 18.31301 1.099777 0 0.0
-0.03117142 -0.01073411 -2.984907 -5.189388 1.400885 1.227353 0.1255627 20.08646 1.355593 1 0.1987335
0.004865455 -0.0007418638 -4.556545 -4.709043 0.7056956 0.6172553 0.06879035 17.26115 nan 0 0.0
0.009654051 0.0173623 -5.450523 -4.340774 0.09683812 0.08425797 0.06494505 15.74505 1.163962 1 0.9970752
-0.05391791 0.02043245 0.6873008 -2.858447 2.075928 2.026897 0.6183215 20.30895 0.7649956 0 0.0
-0.0257183 -0.01624841 -5.34717 -14.82913 2.070192 1.598057 -0.4684727 19.97916 0.8165894 0 0.0
-0.03129901 -0.01180609 -2.34551 -4.30793 0.7948656 0.7043893 0.07490112 19.2454 0.9318123 0 0.0
-0.05010098 0.01676114 -1.230843 -2.037111 0.2349542 0.2215639 0.3689097 17.10327 1.147211 1 0.0
0.01380181 0.01871978 -3.279972 -6.520085 2.2829 1.667925 -0.3190204 19.87099 1.113955 0 0.0
0.01764743 0.04499854 0.0637157 -2.558221 0.1655255 0.1442215 -0.03933644 16.85108 0.9805088 1 0.0
-0.04523631 0.01618775 -0.2878549 -5.742652 2.228335 2.170373 0.5916891 20.43011 0.8837566 0 0.0
-0.01960583 0.002246815 -5.807674 -4.793207 1.805256 1.770525 0.4771644 20.20242 nan 0 0.0
-0.03427689 0.01140906 -4.937022 -4.052889 0.5226158 0.4745561 0.1623392 18.92336 0.960928 0 0.0
-0.03334542 0.05314601 0.3159138 -3.933298 0.6087534 0.5249774 -0.06395012 18.86935 1.300224 0 0.0
-0.0004588594 0.03069137 -2.271509 -6.666483 1.091519 0.9277296 0.0599135 19.77599 0.9751492 0 0.0
0.01155256 0.04761261 1.767217 -5.127427 0.5025297 0.4524273 0.1449322 18.77506 1.039278 1 0.0
0.01254722 0.01829272 -0.6057256 -2.702985 0.36656 0.2966878 0.01504276 17.37517 1.148859 0 0.0
-0.03683544 0.007829839 0.3866507 -4.084526 2.15492 1.996948 0.4332328 20.44107 0.811985 0 0.0
-0.009903104 -0.008234351 -7.411407 -8.611706 1.293716 1.167397 0.008225141 18.87922 0.59165 0 0.0
-0.05876155 -0.01101138 -1.035371 -4.022029 0.865351 0.8026626 0.1960944 19.63226 0.6207771 1 1.061539e-05
-0.01005812 0.004491462 -5.151332 -3.749044 0.1748318 0.1533547 -0.02788207 15.90308 1.276754 0 0.0
-0.01829825 -0.007842778 -5.99588 -4.633281 0.6401536 0.5717414 0.06480406 19.11141 0.9293461 1 0.9509215
-0.01179959 0.01031247 -5.564228 -4.202843 0.06019162 0.05883981 0.2641142 13.90793 1.661364 1 0.9991281
-0.03447344 -0.009724445 -2.494983 -5.481793 1.38762 1.297961 0.4035575 20.05049 0.8024807 0 0.0
-0.01968269 0.002563418 -5.363545 -2.983202 0.5984238 0.541774 0.1691256 19.13816 nan 0 0.0
0.03429664 0.05174947 -1.817881 -3.646408 0.338335 0.3034606 0.1100886 18.19783 0.8942242 1 0.0
-0.0314759 0.05368838 -1.236324 -0.2148115 1.072595 0.9177848 -0.08876735 19.75047 nan 0 0.0
-0.0405891 -0.01270633 -0.1645941 -3.017322 1.674244 1.570264 0.2671192 20.24794 1.723473 0 0.0
-0.04766852 0.01626276 -6.672339 -5.994171 1.53256 1.497657 0.5915395 19.94835 nan 0 0.0
0.004507147 0.0002003854 -3.894358 -4.215414 0.4501455 0.3843917 -0.0760896 15.00057 1.255758 0 0.0
-0.04041075 -0.01094767 -6.528128 -12.25164 3.355772 3.333337 0.2157097 20.49188 nan 0 0.0
-0.001738964 0.02077696 -5.558635 -4.230459 0.08326787 0.07240801 0.01676921 15.46416 1.366122 1 0.9987532
-0.03575885 0.004328389 -6.840949 -5.951665 2.139905 1.942541 0.3088442 20.48291 nan 0 0.0
0.03332065 0.04450955 -0.6615257 -4.914317 0.7723986 0.6684601 0.001756059 18.79066 0.9219513 0 0.0
-0.03618755 0.05105444 9.97391 -1.13302 2.687284 2.614778 0.6637064 20.38696 1.203384 0 0.0
-0.01226041 0.01040396 -5.32815 -3.755327 0.2255437 0.2098673 0.3156923 17.32422 nan 0 0.0
0.007683227 0.02357663 -2.396038 -2.864251 2.527053 2.072922 -0.2295332 20.2823 nan 0 0.0
-0.04557032 0.0184764 -5.769566 -4.055311 0.7624058 0.687366 0.1428745 19.32543 0.8680649 1 0.8188408
-0.05143537 0.02206662 1.798507 -6.350465 0.7618186 0.7238384 0.3561391 19.32541 1.04743 0 0.0
-4.916001e-05 0.02440857 -7.572266 -5.195944 1.961733 1.792472 0.3766263 20.18474 0.4357796 0 0.0
0.006403626 0.03178215 -12.86529 -4.112186 0.6406621 0.5811068 0.178844 19.20847 1.040159 1 0.0
-0.003968336 0.06313527 -4.384243 -5.220811 1.518021 1.466456 0.5400849 20.02757 1.225443 0 0.0
-0.02516479 0.01715324 -1.315256 -2.985258 0.3123683 0.2909083 0.1407531 17.31086 1.191309 0 0.0
0.02494778 0.05015806 -2.82629 -5.113854 0.8095208 0.7268415 0.116978 18.73131 1.344452 0 0.0
-0.006474915 0.01223563 -3.204983 -3.751526 0.2174088 0.1834595 -0.04829393 17.06416 1.450315 0 0.0
-0.02887226 0.002396859 3.672854 -4.6113 3.107127 2.950728 0.4526323 20.68016 2.330406 0 0.0
-0.05977905 0.01754858 -3.520269 -4.22458 0.425391 0.3650704 -0.1132104 18.24467 0.5895233 0 0.0
-0.002557757 0.003290368 -5.462316 -4.22298 0.06691847 0.05686885 0.03275693 13.06905 1.894999 1 0.9992946
-0.01522745 -0.004470003 -5.992767 -2.685583 0.7697015 0.7315955 0.2464476 19.26795 0.7388115 0 0.0
-0.01609986 0.007336331 -4.418938 -2.458393 1.056218 1.100717 0.7281513 19.06041 nan 0 0.0
0.009245963 0.03214047 -3.296652 -4.449879 0.1247404 0.1096008 0.03362519 16.27472 1.394224 1 0.0
-0.002404183 0.003801542 -4.50482 -5.358566 0.5985757 0.7309199 0.829068 16.59621 nan 0 0.0
-0.02139436 -0.0114064 -5.616119 -3.985038 0.5443399 0.4919264 0.1504986 18.91269 nan 0 0.0
0.03106474 0.03815127 -4.991225 -5.296542 0.1435036 0.1266565 0.3015463 16.03803 1.41275 1 0.0
-0.005811925 0.05219463 -2.504965 -5.600637 0.7645693 0.6777589 0.06022985 19.2761 1.126293 1 0.0003234164
-0.009628554 0.05593651 -0.157997 -0.05909711 1.132107 0.9968616 0.02339761 19.85709 1.598198 0 0.0
-0.03542881 0.0111492 -3.168053 -4.155148 0.3879902 0.3510123 0.1583569 18.46658 nan 0 0.0
-0.05274877 0.03483364 14.80511 -12.22852 1.728946 1.300652 -0.5998913 19.33586 0.8317242 0 0.0
-0.01223876 0.03897223 -4.010388 -8.795525 1.072328 0.9785138 0.2269868 19.79692 0.6678371 1 4.029116e-05
0.003381498 0.01655404 -4.869868 -3.511046 0.6922688 0.6420067 0.2881852 18.9417 1.002367 0 0.0
-2.355467e-05 0.02001404 -5.468812 -4.131592 0.09535146 0.08305218 0.005755377 15.7805 1.343086 1 0.9982633
0.03081455 0.05506191 -5.706356 -2.731171 0.8767449 0.7895893 0.1469273 19.52489 0.922142 1 0.3380486
-0.03390867 -0.01414165 -0.6569743 -3.120681 0.871451 0.8147853 0.2228048 19.5991 0.7570419 1 7.90625e-06
-0.001661967 0.01079771 -5.26632 -4.911642 1.031155 0.9857037 0.3315061 19.79624 nan 0 0.0
0.0005907945 0.002027739 -5.713059 -4.436118 0.07663094 0.06554571 0.07480767 13.89859 1.415623 0 0.0
0.00309988 0.01663035 -2.76647 -2.851853 1.776801 1.866225 0.7386649 19.77088 nan 0 0.0
-0.06114769 -0.002487155 -6.806676 -5.167371 1.152365 1.037921 0.1165367 19.82853 0.8345795 0 0.0
-0.0360063 -0.01658388 -0.6036837 -5.096066 1.02397 0.9550458 0.2205807 19.65415 0.8736629 0 0.0
0.01598022 0.03088066 -5.26544 -4.725458 0.6439145 0.5852841 0.2057276 18.98181 1.079386 0 0.0
-0.0273044 -0.01826304 -4.697557 -5.823092 0.9624935 0.888385 0.318754 19.48879 0.9496307 0 0.0
-0.03006495 0.0470513 -9.90595 -9.156448 0.2069098 0.1946953 0.2525056 16.93755 1.039742 1 0.0
-0.06315694 -0.02044817 -1.64697 -8.196147 1.074244 0.9883294 0.1590782 19.7574 1.014042 0 0.0
-0.05454757 -0.03780693 -3.227927 -4.754317 0.541699 0.4987038 0.168274 18.82267 1.000332 0 0.0
-0.008804566 0.01215914 -4.585243 -5.110012 1.13952 1.094766 0.3930807 19.81735 0.5723362 0 0.0
-0.04753986 0.01505739 -2.766851 -2.197385 0.1954128 0.1737528 0.08936981 17.28267 1.110209 1 0.0
-0.01243813 -0.000101737 -7.690545 -5.796708 1.60951 1.695174 0.7698445 19.54013 nan 0 0.0
-0.01290168 0.01912809 -1.028896 -0.32957 0.5735672 0.5422701 0.40995 18.82134 1.017004 0 0.0
-0.03644605 -0.005242968 -2.806424 -3.292406 1.835287 1.578806 0.008934562 20.186 0.6360912 1 0.2304091
-0.008424903 0.05776769 -4.952383 -3.146775 0.6977855 0.6295551 0.1643471 19.22706 1.01432 0 0.0
-0.01195172 -0.0005365453 -6.270323 -4.901543 0.866299 0.7793646 0.1070741 19.02118 nan 0 0.0
0.02786921 0.05557787 -3.462578 -3.431125 0.8665442 0.783344 0.169247 19.60358 0.8524227 0 0.0
0.01785419 0.05429491 -5.395685 -4.073232 1.202318 1.052211 0.02177102 19.89369 1.00016 1 0.5292395
-0.01621062 0.05290668 -1.196091 -5.924349 1.171119 1.044519 0.1541484 19.85572 0.832077 0 0.0
-0.04240936 0.04713779 -4.765123 -3.973893 0.4572296 0.4016293 0.02277219 18.80945 1.557285 1 0.5747502
-0.003837475 -0.0009516215 0.3811753 -6.180744 1.27503 1.113196 0.07268977 17.8373 nan 0 0.0
0.01731206 0.03255125 1.171011 -5.081951 1.213944 1.10609 0.1474064 19.91932 1.302586 0 0.0
-0.004479793 0.04634296 -3.459154 -4.987764 0.3593341 0.3235171 0.1305738 18.31654 1.117762 1 0.0
-0.04433243 0.0006166129 -0.03773118 -4.600975 0.6713546 0.6073217 0.2124449 18.90554 0.8627567 0 0.0
-0.01899157 0.002658937 -5.592631 -6.948646 0.4815124 0.4356347 0.1685411 18.79543 0.7559814 1 4.614813e-06
-0.005527316 0.006242808 -8.081721 -5.762713 1.103677 1.086368 0.1515356 18.79767 nan 0 0.0
-0.02165663 0.01442666 -5.292789 -4.040627 0.1241789 0.1083693 0.08967191 16.1166 1.296752 1 0.9861839
-0.01200286 -0.0009790571 -7.424376 -4.44558 1.41304 1.281951 0.09384141 18.6412 0.8032799 0 0.0
0.02064458 0.04826708 0.7956653 -2.660407 0.6012066 0.5402647 0.04977704 18.83383 1.168736 0 0.0
0.0192615 0.04788211 -2.169342 -10.67611 1.983562 1.815304 0.2147037 20.37228 0.9332905 1 0.0006722516
-0.04835743 0.01198993 -0.2098027 -3.103888 0.7834671 0.7154717 0.2213609 19.49783 0.8944244 1 0.0
0.0212841 0.04511599 -3.321747 -5.256554 0.8903978 0.7867691 0.04293545 19.56119 0.5493412 0 0.0
-0.04407671 0.001120281 -2.755598 -7.689699 0.6036705 0.5118853 -0.02857974 18.9262 0.9751434 0 0.0
-0.01750435 -0.01013907 -4.809826 -4.570578 0.5640447 0.5113477 0.1564215 18.83401 1.139914 0 0.0
0.007813402 0.04795253 -1.919623 -1.019494 1.358514 1.215486 0.2078222 20.10678 0.912693 0 0.0
-0.007370068 0.001825254 -4.255398 -3.243645 0.5623315 0.5654994 0.4038848 17.98646 1.221869 0 0.0
-0.02260819 0.03128357 0.659516 -5.329624 1.363413 1.32463 0.5432019 19.91893 1.124718 0 0.0
-0.0207829 0.0004421943 -6.669543 -4.975945 1.808647 1.756808 0.6428131 20.09902 0.8779602 0 0.0
-0.003071283 0.04833048 -4.20179 -5.089319 0.3762961 0.3319348 0.02457836 18.27566 1.162748 1 0.0037785
0.0003093821 0.04833434 0.5238233 -6.401989 0.3720338 0.332951 0.1110629 18.357 0.992178 1 0.0
-0.02183461 0.009452256 -1.741959 -1.938354 0.3825898 0.3491731 0.192022 18.4113 0.9220982 1 0.0
-0.04669801 0.02071122 -7.2913 -4.767544 1.800256 1.703047 0.5624636 19.94251 0.761652 0 0.0
0.006632469 0.01029775 -5.670731 -4.102009 0.1434451 0.12527 0.2428678 16.18829 1.246974 0 0.0
-0.03444751 0.05508345 -3.607155 -5.479532 0.1793708 0.1472824 -0.2734027 16.83985 1.336117 1 0.0
0.03204472 0.05710233 -1.334759 0.07409626 0.4400526 0.3904712 -0.01444327 17.71438 1.4998 0 0.0
0.0298383 0.04629989 -36.55407 -51.58727 0.436152 0.3864456 0.008698554 18.43027 1.687288 0 0.0
-0.0299094 0.04147809 -4.517521 -6.146793 2.807053 2.740534 0.6665155 20.44146 1.100872 0 0.0
-0.01794129 -0.001121208 -5.595005 -4.236364 0.09318817 0.08130271 0.03352603 15.70478 1.141502 1 0.9984549
-0.02049715 -0.01752115 -0.4524938 -2.818493 0.3698771 0.3208054 0.1581952 16.98699 1.064184 0 0.0
-0.01115702 -0.01004648 -5.720309 -3.31282 0.9475855 0.789665 -0.3104879 19.17347 nan 0 0.0
-0.01469899 0.04990478 -6.503163 -0.6131376 1.509638 1.449673 0.3697527 20.22662 1.109106 0 0.0
0.001793968 0.006059857 -7.498934 -5.407567 0.4479894 0.3996408 0.2378787 17.34405 0.8574562 0 0.0
0.00386755 0.007784034 -6.157191 -3.729398 0.7774178 0.6510352 -0.1681524 18.93414 nan 0 0.0
-0.006065638 0.0170994 -4.610965 -3.849018 0.780975 0.7096796 0.1677454 19.31457 1.078033 0 0.0
-0.02083352 -0.001999224 -6.264433 -4.475591 2.471731 2.139456 -0.03818147 20.2529 nan 0 0.0
-0.004147575 0.06165898 3.91691 -5.850481 1.41324 1.286492 0.1656309 20.01431 2.069168 0 0.0
0.008553361 0.01944905 -8.02838 -5.300323 1.601024 1.477166 0.1380491 20.06682 0.5550613 0 0.0
-0.04446018 0.0001473408 -3.304315 -3.769883 2.05078 1.83275 0.3937805 20.11899 nan 0 0.0
-0.03005457 0.01654136 -5.503579 -4.334598 0.1939507 0.1724679 0.08706253 17.25522 0.5143509 1 0.9906116
-0.03508721 0.05348866 -2.046066 -12.78663 0.5916205 0.5240777 0.05823198 19.18789 0.846159 0 0.0
-0.04948666 0.01699419 -5.062233 -3.649389 1.750713 1.673126 0.6033973 19.9924 nan 0 0.0
0.003970239 0.01427283 -7.054793 -5.589867 1.863185 1.557754 -0.2903383 20.01332 nan 0 0.0
-0.0373351 -0.0212994 -2.966033 -1.208602 0.604844 0.5427411 0.08916272 19.02164 0.9691944 1 0.0
0.008602812 0.001436043 -5.240723 -4.299215 0.9492731 0.8944145 0.3659196 19.08432 nan 0 0.0
-0.02903887 0.04202388 0.5742765 1.708723 3.140014 3.188582 0.5373391 20.57013 0.9962578 0 0.0
-0.04624317 0.03220514 -0.8736528 1.618908 0.1862692 0.1616245 -0.02333899 17.28484 0.86586 0 0.0
-0.05291716 -0.02596893 -7.339399 -7.258964 0.7716981 0.7186756 0.2025783 19.50906 nan 0 0.0
-0.008291562 0.001607734 -3.295468 -5.021151 0.4107638 0.3722451 0.1509159 18.15035 nan 0 0.0
-0.007958319 -0.003660332 -4.576312 -3.706668 1.105728 0.969721 -0.05440333 19.23308 0.887228 0 0.0
