data/gcs/NGC_6093_M_80.ecsv
# %ECSV 0.9
# ---
# datatype:
# - {name: x, unit: deg, datatype: float64}
# - {name: y, unit: deg, datatype: float64}
# - {name: pmx, unit: mas / yr, datatype: float64}
# - {name: pmy, unit: mas / yr, datatype: float64}
# - {name: pmx_e, unit: mas / yr, datatype: float64}
# - {name: pmy_e, unit: mas / yr, datatype: float64}
# - {name: pm_corr, datatype: float64}
# - {name: g_mag, unit: mag, datatype: float64}
# - {name: bp_rp, unit: mag, datatype: float64}
# - {name: filter, datatype: int64}
# - {name: memberprob, datatype: float64}
# meta: !!omap
# - comments: [deg deg mas/yr mas/yr mas/yr mas/yr dimless mag   mag   zeroone float]
# - __serialized_columns__:
#     bp_rp:
#       __class__: astropy.units.quantity.Quantity
#       unit: &id001 !astropy.units.Unit {unit: mag}
#       value: !astropy.table.SerializedColumn {name: bp_rp}
#     g_mag:
#       __class__: astropy.units.quantity.Quantity
#       unit: *id001
#       value: !astropy.table.SerializedColumn {name: g_mag}
#     pmx:
#       __class__: astropy.units.quantity.Quantity
#       unit: !astropy.units.Unit {unit: mas / yr}
#       value: !astropy.table.SerializedColumn {name: pmx}
#     pmx_e:
#       __class__: astropy.units.quantity.Quantity
#       unit: !astropy.units.Unit {unit: mas / yr}
#       value: !astropy.table.SerializedColumn {name: pmx_e}
#     pmy:
#       __class__: astropy.units.quantity.Quantity
#       unit: !astropy.units.Unit {unit: mas / yr}
#       value: !astropy.table.SerializedColumn {name: pmy}
#     pmy_e:
#       __class__: astropy.units.quantity.Quantity
#       unit: !astropy.units.Unit {unit: mas / yr}
#       value: !astropy.table.SerializedColumn {name: pmy_e}
#     x:
#       __class__: astropy.units.quantity.Quantity
#       unit: &id002 !astropy.units.Unit {unit: deg}
#       value: !astropy.table.SerializedColumn {name: x}
#     y:
#       __class__: astropy.units.quantity.Quantity
#       unit: *id002
#       value: !astropy.table.SerializedColumn {name: y}
# schema: astropy-2.0
x y pmx pmy pmx_e pmy_e pm_corr g_mag bp_rp filter memberprob
[from data line 2312]
-0.01853824 0.0254868 -4.982764 -6.4319 1.322576 0.8412458 0.1503659 19.68824 0.7593403 0 0.0
-0.00658146 0.03710557 -11.54399 -5.693352 3.617561 1.883667 -0.1628438 20.64299 0.8064232 0 0.0
-0.0629881 -0.05037805 -3.350948 -5.464949 1.363193 0.9414408 0.1416969 19.97366 0.853569 0 0.0
-0.1020815 0.05804229 -4.307371 -2.179146 0.8385015 0.61639 -0.1012586 19.34637 1.090979 1 1.529684e-05
-0.02707103 -0.02530543 -4.175696 -4.785266 0.791005 0.5262088 0.1356942 19.21932 0.9197388 0 0.0
-0.005005824 -0.01140778 11.70808 -13.56738 0.7670468 0.5449505 -0.3803822 17.70135 0.5076065 0 0.0
0.007330331 0.04029843 -0.1093213 -3.748651 2.765135 1.791647 -0.2282363 20.58924 0.5600128 0 0.0
0.02404774 0.01201432 -2.732888 -5.762683 2.265406 1.784417 -0.5131012 19.63936 nan 0 0.0
-0.01855982 -0.02197376 -3.286721 -5.791045 2.323351 1.440793 0.2629333 20.16788 nan 0 0.0
-0.03000541 -0.03052074 -3.81914 -5.50358 0.5249387 0.3487152 0.1027666 18.61926 1.074398 1 0.9696886
-0.03410049 0.05675092 -8.215533 -4.931301 4.124697 2.094548 -0.174478 20.80393 0.6832848 0 0.0
0.02463776 0.01163466 -3.068603 -6.434682 1.847834 1.387391 -0.6694715 19.39883 0.8104992 0 0.0
-0.02499339 -0.01928735 -3.316663 -4.695257 0.588065 0.405389 0.07089216 18.52857 1.039288 0 0.0
0.01903119 0.005837222 -2.990161 -5.529222 0.1166669 0.07962365 -0.1772843 15.58122 1.271784 1 0.9990667
-0.01005956 -0.05459996 -0.7759977 -4.293045 2.006571 1.35325 -0.07113465 20.18518 0.5841389 0 0.0
0.02146345 0.01719512 -3.575514 -5.204474 1.119444 0.9320082 -0.5065896 19.09458 nan 0 0.0
-0.02120761 0.02352374 -3.781206 -6.427933 0.9709897 0.5743101 0.1740737 19.28209 0.7136154 0 0.0
-0.001494172 -0.0002878501 -5.359923 -6.335091 0.9680926 0.760672 -0.130885 14.40218 0.9995584 0 0.0
-0.01784661 0.001734677 -4.455391 -5.587176 1.545844 1.307427 0.005110768 19.08997 0.9392776 0 0.0
-0.01086684 0.03059932 -3.882907 -6.317217 1.376982 0.850321 0.1848165 19.67831 nan 0 0.0
-0.01094548 -0.03935841 -3.802731 -4.251269 3.70519 1.834113 -0.2005906 20.60002 0.4049053 0 0.0
-0.03270855 0.05433084 -4.808418 -4.034034 4.403116 2.216782 -0.2886814 20.78044 0.7097988 0 0.0
-0.02883141 -0.003413247 -6.642513 -5.680588 1.172674 0.8059168 -0.1427311 19.46974 0.8874454 0 0.0
-0.05403979 -0.02253643 -1.864058 -7.003275 2.30986 1.24295 -0.5467515 19.68035 0.7607918 0 0.0
0.01905193 -0.04629061 -2.777847 -4.953417 2.991207 1.32022 0.01272835 20.05669 0.6138973 0 0.0
0.005980151 0.01444439 -1.844207 -4.933928 1.124528 0.883376 -0.04053686 19.58515 nan 0 0.0
0.02423684 -0.03030596 -2.716597 -5.294204 1.13173 0.6540212 0.398639 19.22481 0.8499336 0 0.0
-0.04408846 -0.0433725 1.291298 -7.660515 3.35538 2.341803 -0.5038112 20.58266 0.4961319 0 0.0
0.02661989 0.01750128 -0.5870752 -7.151686 2.45464 1.652616 -0.6009263 19.67658 nan 0 0.0
-0.0159501 0.002024831 -2.720392 -5.54219 0.08747221 0.05887474 -0.1228724 15.14008 1.254691 1 0.9984348
0.003675219 -0.01377475 -0.5091605 -6.331978 1.398006 0.8897186 0.1997385 18.87921 nan 0 0.0
-0.02102133 0.0002350441 -2.150294 -2.34153 2.731593 2.381549 0.01976656 20.05785 nan 0 0.0
-0.06060189 -0.04791457 0.1115525 -12.49372 0.5656789 0.372493 0.113294 18.67181 1.260256 1 0.0
0.02598658 0.01203495 -14.97549 4.936145 3.687856 3.190739 -0.6595741 20.34292 nan 0 0.0
-0.03669236 -0.02508073 -4.480375 -5.507793 1.0458 0.7456225 0.02274479 19.54668 0.7573891 0 0.0
-0.05839183 -0.06004243 -9.237926 -3.49386 0.7586089 0.5186901 0.1272544 19.16809 0.9333153 1 0.0
-0.01274414 -0.0287251 -4.84188 -4.87187 0.7130383 0.503946 -0.01458163 19.05322 0.561367 0 0.0
0.02570554 0.01173745 7.386509 -12.06603 1.811316 1.353603 -0.6707252 19.26911 0.7937031 0 0.0
-0.01270555 0.008998441 -0.1701609 -8.91152 1.656874 1.087183 0.3584331 18.91552 nan 0 0.0
0.01876569 0.01611024 -3.285281 -5.93024 0.8647348 0.5652561 -0.4138646 18.70345 0.2268295 0 0.0
-0.03797575 -0.006492061 -3.814293 -5.559106 0.6444308 0.4294626 0.06167701 18.90147 1.014935 0 0.0
-0.03722553 -0.02714272 -3.448022 -4.739659 0.7669602 0.4972484 0.1955459 19.09581 0.8417053 0 0.0
-0.00427687 0.03586207 -1.731128 -3.216887 1.247483 1.128024 0.1151592 19.24019 0.6016731 0 0.0
-0.003235794 -0.01540171 -3.079527 -5.853348 0.3438574 0.2608443 -0.864889 16.04148 nan 0 0.0
-0.02281149 -0.04722389 -4.364415 -4.947018 2.417011 1.792204 -0.3166248 20.43337 0.6301899 0 0.0
-0.008436831 0.04493703 -5.577726 -4.916734 1.289675 0.9943067 -0.06508955 20.16664 0.3835926 0 0.0
0.01096615 -0.006161013 -2.761115 -5.813361 0.0596483 0.0406043 -0.1392154 13.45085 1.633451 0 0.0
-0.03809718 -0.02419801 -4.448927 -5.482802 1.772521 1.18862 0.04071505 20.20163 0.8064728 0 0.0
0.007513213 0.04389377 -2.301219 -4.895436 1.779636 1.284001 0.05573235 20.39589 0.432478 0 0.0
0.0319018 -0.04587914 -2.62647 -4.491553 0.7215646 0.4406941 0.2050091 18.76984 0.9605885 0 0.0
0.01351944 -0.03994992 -7.932984 -6.856695 4.869909 2.085036 0.2501542 20.65862 nan 0 0.0
0.01378811 -0.02200752 -11.1299 -9.063875 2.192881 1.295238 0.6810569 19.69058 0.9080772 0 0.0
-0.03548366 -0.02803679 -6.21003 -3.954511 1.908397 1.236901 0.06052845 20.21478 0.5891075 0 0.0
-0.03800348 -0.007762363 -5.199086 -6.020916 2.861783 1.794398 -0.6423966 20.08622 0.7076645 0 0.0
0.0069626 -0.00566293 -3.272113 -5.553611 0.09450003 0.06512521 -0.1250233 12.65468 1.849945 1 0.9963468
0.01339309 -0.03950741 -0.6676435 -6.084952 2.11744 1.062869 0.01135409 19.85447 0.872057 0 0.0
-0.02078542 0.01915026 -3.433642 -5.530236 0.7221372 0.4202365 0.1828846 18.81056 0.9970913 0 0.0
-0.02127365 -0.003259258 -4.464356 -5.206866 1.310186 0.9698604 -0.160385 19.11487 nan 0 0.0
0.01759188 -0.04268934 -3.877617 -4.596764 3.682602 1.665422 -0.1998473 20.29062 0.8568077 0 0.0
-0.01536002 0.001622449 -4.131421 -4.88118 0.2757607 0.1868213 -0.05565024 16.41104 0.5785694 0 0.0
-0.02583187 0.0317417 -4.599104 -7.772407 1.654234 0.9691072 0.1638917 19.74088 nan 0 0.0
-0.003586459 -0.03428256 -7.69435 -7.117352 2.65318 1.522162 0.4097619 20.45798 0.6334801 0 0.0
0.01468874 -0.006558095 -2.829143 -4.195607 0.8645668 0.6783318 0.2365924 16.44941 nan 0 0.0
0.007329494 0.02484509 -2.857142 -5.004124 2.698991 1.775389 -0.03229389 20.41882 nan 0 0.0
0.006864001 -0.01088525 0.1671733 -8.715944 0.398972 0.2594319 -0.2918251 16.34533 0.6287546 0 0.0
0.03060585 -0.001349886 -1.849706 -4.532672 1.249577 0.8298984 0.06383948 19.28373 nan 0 0.0
-0.05945394 0.05610891 -3.343767 -3.72316 1.166068 0.8823644 -0.04184903 19.93519 2.399662 0 0.0
-0.02941209 0.01824457 -4.692911 -5.724625 0.6698859 0.4917559 0.0590967 19.09629 0.8998489 0 0.0
-0.05241134 -0.09248395 -10.48776 -6.533996 2.386232 1.804329 -0.2310638 20.3889 0.8670597 0 0.0
-0.0256276 -0.008055088 -2.180448 -7.051161 2.469509 1.901734 -0.4576518 20.05426 0.6870956 0 0.0
-0.01124117 -0.03017837 -3.152657 -5.431374 0.2843849 0.2022778 -0.1314095 17.32848 1.159986 0 0.0
-0.0008900055 -0.01425536 -5.570754 -5.359265 1.018148 0.6841799 -0.2876657 18.38304 nan 0 0.0
-0.004935725 -0.007671278 3.810501 -6.005368 0.5469603 0.3141001 -0.3154077 17.42351 nan 0 0.0
0.02465117 0.008142298 -0.4105671 -7.324109 1.920518 1.456476 -0.6605132 19.47586 0.8868179 0 0.0
-0.00191615 0.03714386 -3.728923 -4.590344 0.6782935 0.4996905 -0.02975598 19.20764 0.8299847 0 0.0
-0.01070904 -0.01021411 -12.13599 -3.589946 1.285974 0.904229 -0.1040679 18.81153 1.051878 0 0.0
0.009859933 0.04245548 -3.155081 -6.519582 2.135004 1.630017 -0.3588412 20.50774 0.4321404 0 0.0
0.03668995 0.003252939 -2.159964 -6.138234 1.763918 1.090984 0.3105666 19.78363 nan 0 0.0
0.02151977 0.01794851 -5.001977 -5.124854 1.240801 0.9105768 -0.5684331 19.03928 0.9440193 0 0.0
-0.09350558 -0.04753471 -5.611642 -3.014671 1.307565 0.8721744 0.3176753 19.84819 1.315556 0 0.0
-0.001142597 -0.04382689 -2.871465 -6.290364 0.9710727 0.6702732 0.1443032 19.45412 0.7789078 0 0.0
0.01116645 0.03775567 -3.307532 -5.437207 0.3372236 0.2460622 -0.06571155 18.12788 1.069761 0 0.0
-0.01973566 -0.04947789 -2.576878 -4.935214 2.854801 1.825441 -0.1813068 20.47799 0.6407757 0 0.0
-0.002674569 0.01705375 -5.673222 -6.906879 2.924714 1.316021 -0.01548816 19.27197 nan 0 0.0
0.001217564 0.04678742 -0.4357172 -4.28327 4.202766 2.52846 -0.2989283 20.75583 0.1470528 0 0.0
0.02741754 0.001708278 -2.65544 -3.142211 1.461921 1.018431 0.234022 19.4804 0.7080631 0 0.0
-0.07792344 -0.0857824 -2.500108 -2.713118 1.486504 0.9768941 -0.2277934 19.8262 1.440454 0 0.0
0.03492069 0.006608434 -4.448344 -5.563079 1.565774 1.211825 0.08396511 19.75249 0.7134113 0 0.0
-0.0137817 -0.0462442 -1.631389 -6.052157 0.959225 0.6374928 0.1500115 19.48874 0.7076473 0 0.0
-0.1048692 -0.08036088 -2.34948 -6.236204 2.850965 1.89381 -0.2113457 20.56662 1.299576 0 0.0
-0.003194723 0.02984441 -0.9046307 -6.688715 1.044464 0.65046 0.1491479 19.48642 0.7481899 0 0.0
-0.01199094 0.03044283 -0.02841238 -6.546313 1.261846 0.7746275 0.2412237 19.7178 0.6788883 0 0.0
0.007077228 0.03726766 -5.135116 -5.644982 2.922883 2.497521 -0.5991509 20.63991 0.6353741 0 0.0
0.00548772 -0.002527181 -7.463307 -9.788506 1.778809 1.360643 0.5230558 17.469 nan 0 0.0
0.01748437 -0.005299578 -11.41729 -8.707377 0.8455316 0.5761234 0.2314774 18.04779 nan 0 0.0
-0.01282671 -0.04663702 -4.16644 -4.779331 0.9207524 0.6177042 0.2141566 19.39113 0.7807083 0 0.0
-0.006283647 -0.02137182 2.213961 -1.884624 1.855866 1.299084 0.1770233 20.07319 nan 0 0.0
0.02936741 -0.01148145 -0.3465167 -4.348793 1.062553 0.7492438 0.5201219 19.12373 0.8526573 0 0.0
-0.09885707 0.06910158 -1.230798 -8.317141 0.9751781 0.7096736 -0.01847204 19.73106 1.11307 0 0.0
0.006133496 -0.01204869 -3.338299 -5.661938 0.7394113 0.4475652 0.2192908 17.62482 nan 0 0.0
0.04315966 -0.01771836 -1.614857 -10.06314 3.587812 2.446464 -0.01313931 20.4586 0.3949318 0 0.0
-0.001073048 0.04052178 -2.123671 -5.692718 1.212864 1.001834 -0.441752 19.77287 nan 0 0.0
-0.04887439 -0.01285657 -3.861419 -5.546638 1.337653 0.8715462 0.03383143 19.83064 0.8179169 0 0.0
-0.01037068 -0.02626061 -4.716956 -3.83104 1.103656 0.7651164 0.09566215 19.67087 0.8750877 0 0.0
0.04562366 -0.000343227 -2.461876 0.6746288 2.642254 1.733985 0.4649205 20.27279 nan 0 0.0
0.006257738 -0.05906865 -1.272361 -5.032735 1.793304 1.09168 0.4047584 20.04121 0.8143311 0 0.0
-0.004627803 0.02511605 -2.995978 -4.471776 0.3868562 0.2590395 -0.01234381 17.38224 1.149605 0 0.0
-0.04431665 0.01007705 7.034721 -4.191733 4.499131 2.392415 -0.03276611 20.73236 0.8946209 0 0.0
-0.02234741 0.03377556 -2.702678 -5.955486 1.028573 0.6630137 0.1357623 19.44882 0.7545681 0 0.0
-0.05842504 -0.04823405 1.637838 -9.797249 0.4519924 0.2999489 0.1099896 18.35309 1.407003 1 0.0
-0.02120115 -0.01767689 -1.13047 -5.017966 1.518779 0.957803 -0.3532833 19.4507 0.9372158 0 0.0
-0.04154984 0.01302097 -2.743342 -4.653954 1.32099 1.05823 0.007626127 20.00696 0.9552441 0 0.0
-0.03236288 0.01932727 2.779653 -4.490659 2.623575 1.588139 0.5078324 20.3638 0.3347511 0 0.0
-0.02521066 -0.05925014 -2.761594 -0.2599729 0.5791771 0.3831871 0.1075991 18.77701 0.9771595 0 0.0
-0.09519364 -0.02357768 0.9322666 -7.998338 1.584401 1.185249 -0.009999799 20.27341 1.738541 0 0.0
-0.03415913 0.0663544 -5.159587 -6.938847 1.567775 1.186578 -0.03534817 20.39996 0.9326134 0 0.0
0.003645909 -0.0587443 -1.93961 -6.338887 0.6631729 0.4629993 0.1341648 18.90051 0.948288 0 0.0
-0.001494621 0.04031388 -2.943499 -5.906417 0.5699761 0.4164307 -0.07383284 18.907 0.8428535 0 0.0
0.009155447 0.01509461 -8.452823 -4.003546 0.9966519 0.6851286 -0.3920796 18.49669 0.5666618 0 0.0
0.02695343 -0.0008646417 -2.793933 -6.067632 0.5946146 0.3953772 0.1521112 18.73028 1.064503 0 0.0
-0.01444086 -0.0544821 -3.793467 -11.85334 1.207663 0.8166939 0.2660716 19.72718 0.9099598 0 0.0
0.02001662 0.01937163 -5.819644 -2.274991 3.080465 2.430302 -0.6460234 20.05022 nan 0 0.0
-0.01857 -0.05008998 -4.023955 -6.216588 0.4090179 0.2665579 0.1001527 18.15699 1.135382 1 0.6328464
-0.05138903 0.0247249 -5.194221 -3.231495 4.56723 3.514052 -0.1063358 20.82291 0.9813766 0 0.0
-0.01028937 0.01265885 -1.055486 -4.191745 1.804333 1.036205 0.64321 19.43749 nan 0 0.0
0.03326048 -0.003259769 -2.75567 -5.617295 1.157918 0.7648126 0.2615524 19.14095 0.9233246 0 0.0
0.008240607 -0.01113709 -1.13899 -5.952892 0.7698082 0.5080693 0.04644819 15.97964 1.167044 0 0.0
-0.006887391 -0.02600098 -4.487836 -5.229698 0.443865 0.3196671 -0.4367978 17.687 nan 0 0.0
-0.00638185 -0.02388571 -2.836614 -6.086854 2.050808 1.235692 0.2236246 20.27178 nan 0 0.0
0.01057443 0.01443648 -10.99132 0.761615 1.4265 1.107583 -0.6117605 18.80151 0.9743519 0 0.0
0.003815698 -0.01338947 0.6236215 -6.824414 1.039312 0.6543789 0.161198 18.48756 0.9156036 0 0.0
0.003042772 -0.02878176 -10.13653 -7.878342 1.420654 0.948041 0.1252917 19.40193 0.8068733 0 0.0
-0.0930108 0.07025777 -2.513641 -5.726344 1.152366 0.8582174 -0.02258089 20.00785 0.8283253 0 0.0
0.01389255 0.03753417 0.3737699 -4.731468 1.561803 1.01754 0.1155288 20.05898 nan 0 0.0
0.002719715 -0.02951799 1.864384 -2.068574 1.997043 1.483977 0.003632089 19.92865 nan 0 0.0
-0.01852849 0.0568951 -3.838354 -6.567279 2.315805 1.812236 -0.377519 20.635 0.3797798 0 0.0
0.02215396 -0.05587933 -0.3334979 -3.624599 3.562613 1.693943 -0.1326015 20.4099 0.6898861 0 0.0
-0.01339007 -0.03023578 -2.585785 -5.760637 0.1948679 0.1327535 -0.08561141 16.80343 1.246793 0 0.0
-0.1202535 0.04202851 -2.735611 -11.98512 2.505828 2.189636 -0.4429006 20.57982 0.7034416 0 0.0
-0.02783567 0.004670305 -2.909989 -2.570162 2.608752 2.064234 0.6140503 20.13572 nan 0 0.0
-0.06960922 0.09950384 -13.25387 -13.23505 1.866319 1.149037 -0.132028 20.01169 1.123812 0 0.0
0.005305232 0.0009651821 -2.232701 -5.281372 0.08081235 0.04675758 -0.006509443 13.9104 1.389232 0 0.0
-0.08268353 -0.0387939 -2.044157 -6.032749 2.527996 1.759574 -0.1880719 20.50447 1.004187 0 0.0
-0.02473461 0.02498036 -4.484494 -3.676006 0.2833577 0.2016089 -0.060743 17.61357 1.027857 0 0.0
-0.02220225 0.005516304 -12.09739 -7.144824 2.783943 1.832016 0.5608712 19.6711 nan 0 0.0
0.003407939 -0.02919184 -5.702755 -4.368545 1.653815 0.923302 0.3814643 19.81515 nan 0 0.0
-0.03464631 -0.007095796 -3.075375 -5.706178 0.163496 0.1079492 -0.04018261 16.55993 0.3386173 1 0.9978449
-0.05582023 0.07140548 2.226207 -3.590938 0.8517563 0.6389 -0.04445199 19.55123 1.768902 0 0.0
-0.02425676 0.0242957 -18.79548 -15.48647 2.976266 1.853417 0.6522683 20.05391 nan 0 0.0
-0.03207681 0.05723589 -4.79348 -4.316108 2.205233 1.723006 -0.4243113 20.55424 0.4968834 0 0.0
-0.03098163 -0.06070856 7.697836 -8.521463 2.321574 1.527255 -0.1645921 20.30702 0.6472645 0 0.0
0.02466326 -0.002597984 -11.69928 -8.266932 3.11979 2.702936 0.3753529 20.16549 nan 0 0.0
0.03236279 0.002519715 -2.165506 -2.873999 1.741253 1.387379 -0.6138193 19.36748 0.7895737 0 0.0
-0.02511907 -0.02322414 -4.207152 -6.206412 1.07382 0.760089 0.04111666 19.56706 0.7817459 0 0.0
-0.009696336 -0.02838916 3.862219 -7.977421 1.060771 0.7028533 0.1517027 19.53456 0.769371 0 0.0
-0.01219384 -0.05670013 -0.4014782 -5.774768 2.318623 1.559371 -0.09123152 20.40274 0.9469891 0 0.0
0.02247153 -0.004031928 -3.125396 -5.463805 0.4086588 0.2743153 0.0785346 17.93964 1.176426 0 0.0
-0.003460317 -0.02413737 -6.357831 -5.017642 2.886302 1.745265 0.1721927 20.38992 0.8944035 0 0.0
-0.0309299 0.01998183 -2.88482 -5.115623 1.927476 1.160203 0.3147799 20.14224 nan 0 0.0
-0.02309528 -0.03017797 -2.920112 -0.6085577 0.3589907 0.2395291 0.1289724 17.94694 1.049822 1 0.0
0.02240386 0.01144812 -1.006446 -6.007092 2.999784 2.41514 -0.6203192 19.89715 nan 0 0.0
-0.03770119 0.01643435 -2.863311 -5.24156 0.8992085 0.7052191 0.01649114 19.53197 0.7663536 0 0.0
-0.06142514 0.06409219 -2.665368 -3.654711 2.379049 1.904185 -0.5065464 20.52564 0.7269382 0 0.0
-0.01853072 -0.02933803 0.1926237 -9.194995 1.543163 1.083708 0.1673588 20.0405 0.7918949 0 0.0
-0.09444257 -0.07315104 1.966314 -2.275497 1.700747 1.102052 -0.1747055 19.94551 1.188976 0 0.0
0.000177495 -0.05724889 -5.080204 -4.249448 2.258132 1.52677 -0.07546518 20.34768 0.82827 0 0.0
