data/gcs/NGC_6723.ecsv
# %ECSV 0.9
# ---
# datatype:
# - {name: x, unit: deg, datatype: float64}
# - {name: y, unit: deg, datatype: float64}
# - {name: pmx, unit: mas / yr, datatype: float64}
# - {name: pmy, unit: mas / yr, datatype: float64}
# - {name: pmx_e, unit: mas / yr, datatype: float64}
# - {name: pmy_e, unit: mas / yr, datatype: float64}
# - {name: pm_corr, datatype: float64}
# - {name: g_mag, unit: mag, datatype: float64}
# - {name: bp_rp, unit: mag, datatype: float64}
# - {name: filter, datatype: int64}
# - {name: memberprob, datatype: float64}
# meta: !!omap
# - comments: [deg deg mas/yr mas/yr mas/yr mas/yr dimless mag   mag   zeroone float]
# - __serialized_columns__:
#     bp_rp:
#       __class__: astropy.units.quantity.Quantity
#       unit: &id001 !astropy.units.Unit {unit: mag}
#       value: !astropy.table.SerializedColumn {name: bp_rp}
#     g_mag:
#       __class__: astropy.units.quantity.Quantity
#       unit: *id001
#       value: !astropy.table.SerializedColumn {name: g_mag}
#     pmx:
#       __class__: astropy.units.quantity.Quantity
#       unit: !astropy.units.Unit {unit: mas / yr}
#       value: !astropy.table.SerializedColumn {name: pmx}
#     pmx_e:
#       __class__: astropy.units.quantity.Quantity
#       unit: !astropy.units.Unit {unit: mas / yr}
#       value: !astropy.table.SerializedColumn {name: pmx_e}
#     pmy:
#       __class__: astropy.units.quantity.Quantity
#       unit: !astropy.units.Unit {unit: mas / yr}
#       value: !astropy.table.SerializedColumn {name: pmy}
#     pmy_e:
#       __class__: astropy.units.quantity.Quantity
#       unit: !astropy.units.Unit {unit: mas / yr}
#       value: !astropy.table.SerializedColumn {name: pmy_e}
#     x:
#       __class__: astropy.units.quantity.Quantity
#       unit: &id002 !astropy.units.Unit {unit: deg}
#       value: !astropy.table.SerializedColumn {name: x}
#     y:
#       __class__: astropy.units.quantity.Quantity
#       unit: *id002
#       value: !astropy.table.SerializedColumn {name: y}
# schema: astropy-2.0
x y pmx pmy pmx_e pmy_e pm_corr g_mag bp_rp filter memberprob
[from data line 3959]
-0.01025252 -0.06267993 0.7588403 -2.485863 1.382843 1.160503 0.09993337 19.82265 0.8205662 0 0.0
-0.02836331 -0.1206983 3.703271 -11.02634 1.730357 1.578032 0.1500025 20.01735 1.717285 1 5.75053e-06
-0.02272337 -0.009658319 3.950589 -4.777196 0.4494698 0.3604981 -0.1140995 18.36626 0.8057575 0 0.0
0.007027679 -0.01433592 0.1081788 -2.178395 0.7084628 0.6916344 0.3935962 18.78885 nan 0 0.0
-0.08049366 -0.09754568 0.4262614 -16.17149 1.159007 1.000187 0.04073822 19.73767 0.8924046 0 0.0
-0.01240929 -0.0414858 0.8418299 -2.27187 0.1841993 0.1821319 0.3436746 16.77769 1.092319 0 0.0
0.06105234 -0.0325559 0.7178044 -4.131345 2.769691 2.514292 0.3342961 20.45116 0.8477268 0 0.0
-0.0264562 -0.1203886 2.166549 -4.618158 0.9694638 0.9351939 0.2860504 19.36478 0.9436607 1 0.1304802
0.01375496 -0.04892468 0.08826628 -3.969565 1.124082 1.275437 0.7271681 19.08467 nan 0 0.0
0.01692054 -0.01075164 -0.8186512 -6.262195 0.7882714 0.8378504 0.6184363 18.13354 1.030819 0 0.0
-0.02669892 0.01542204 -6.035495 -10.82431 0.147906 0.1284708 0.1161264 16.60441 0.4295483 0 0.0
0.01781102 -0.07774172 -1.904949 -4.5119 2.044691 1.611482 -0.03825645 20.02007 1.174885 1 0.4448638
-0.002031525 -0.02816009 -0.6458314 -4.06624 0.7158247 0.7167723 0.3877126 18.91978 nan 0 0.0
-0.01473977 -0.01432175 1.11877 -0.9637318 0.4832525 0.4160407 -0.1111666 18.22017 nan 0 0.0
-0.1005209 -0.02616953 -0.2723778 -4.223062 1.110845 1.078087 -0.02842511 19.76735 0.9504585 0 0.0
-0.003990467 -0.01913078 -0.6233945 -0.08853775 1.559199 1.345008 -0.04356719 18.91623 nan 0 0.0
-0.0877558 -0.099419 -0.6244938 -3.287972 1.039679 0.9159557 0.05877379 19.67294 1.789471 0 0.0
-0.04076327 -0.02264335 1.00891 -1.93566 0.9100992 0.7418396 -0.04836774 19.47692 0.9542122 1 0.9741726
-0.001418926 -0.05937573 0.8904955 -1.453378 0.9454169 0.9175487 0.3739141 19.39627 0.7373543 0 0.0
-0.06040382 -0.1091507 -3.211366 -10.05895 0.6732174 0.5907602 0.1355641 19.0321 0.9522762 0 0.0
-0.01481355 -0.01266619 0.9650061 -2.438858 0.1718626 0.14915 0.09303303 16.92433 1.043247 0 0.0
0.005412602 -0.0007554696 0.1356199 -2.510785 0.3107017 0.3137097 0.2756104 16.24844 1.124051 0 0.0
-0.1158802 -0.003661475 0.7347782 -6.6821 0.3473794 0.3009381 0.0191948 18.16469 1.019295 1 0.0
0.002179731 -0.009174347 3.550507 0.6296757 0.3547747 0.3212783 0.1972278 17.53772 nan 0 0.0
-0.002591348 -0.1241454 -0.344777 -3.883656 1.310291 1.286717 0.3107556 19.68815 1.265303 0 0.0
-0.01513161 -0.01398995 1.141174 -3.777571 0.3307003 0.2837256 0.1756085 17.71038 0.8109398 0 0.0
-0.08620084 -0.002810026 0.9668905 -2.288371 0.4911018 0.4367563 0.0008232863 18.84167 0.6846237 1 0.9807251
0.03836497 -0.1202373 -6.171483 -34.41355 0.9351702 0.9017606 0.4198418 19.33844 2.447012 0 0.0
-0.06238979 -0.07274862 -2.361075 -7.377661 1.084977 0.9154847 -0.01771516 19.58009 1.018948 0 0.0
-0.02835741 -0.00400299 0.8543816 -2.229402 0.8417274 0.6646314 -0.1578923 19.10003 nan 0 0.0
-0.03636896 -0.0478563 -1.520246 -0.9715942 1.39517 0.993631 -0.3320521 19.63235 0.6625729 0 0.0
0.0007825017 -0.1536558 4.917535 -9.552826 0.5723842 0.5119015 0.1877949 18.4733 1.221163 1 0.0
-0.06121551 -0.1032919 -4.874339 2.940348 1.270789 1.026934 -0.01279877 19.59383 1.386993 0 0.0
0.03462535 -0.008308531 0.976563 -2.595536 0.08505973 0.08235282 0.3338413 15.38124 0.8985386 1 0.9989641
-0.1153027 -0.1110978 1.904053 -8.498755 0.5366278 0.4618707 0.05510413 18.77477 0.7595119 1 0.0
-0.01103922 -0.03714828 1.760856 -2.46912 1.957906 1.422001 -0.2502231 19.98556 nan 0 0.0
-0.0213228 -0.1152563 -9.458605 -7.557728 0.9663652 0.9342673 0.3025104 19.37369 0.6963711 1 0.0
-0.01562009 -0.02002871 1.874496 -5.706331 2.016354 1.869476 0.03876347 19.6274 nan 0 0.0
-0.005897871 -0.04956074 1.851822 -1.432492 0.6489419 0.5778894 0.2051933 19.01929 0.6830826 0 0.0
-0.06731606 -0.03512841 -3.961203 -5.89343 0.5633809 0.4452361 0.001012795 18.74895 0.8153305 1 0.0
-0.11877 -0.05117798 -0.1669984 -5.443421 1.12772 0.9667615 -0.1778351 19.91863 0.7562122 1 0.02116755
-0.0147312 -0.05912536 0.6971063 -3.527815 0.5330196 0.4818069 0.2170127 18.67409 0.7647514 1 0.8999486
-0.03166277 -0.00548438 0.8848035 -2.285376 0.2082039 0.1853076 0.1477674 17.44293 1.026972 1 0.9978858
0.03494887 0.003123972 0.6301892 -2.477285 0.1963492 0.1904922 0.2653785 17.00633 1.036505 1 0.9951492
-0.0126104 -0.00916009 2.843218 -0.5306178 0.7609262 0.6180147 0.1251293 18.60095 nan 0 0.0
-0.07218223 -0.04055732 1.00444 -2.612672 0.7406011 0.5863967 -0.01915605 19.1503 0.8148651 1 0.9647714
-0.01343964 -0.02816124 -0.6021249 -3.053758 0.5250465 0.4591153 0.01168242 18.71321 0.8060589 0 0.0
-0.0310883 -0.03331999 1.273217 -2.741888 1.962237 1.433785 -0.5012017 19.93691 0.8128185 0 0.0
0.003548674 -0.05963139 2.077336 -2.489068 1.228659 1.272849 0.5900689 19.41976 0.7404003 0 0.0
-0.06706557 -0.04167803 1.49482 -2.694351 0.5608759 0.4585068 -0.0485579 18.82412 0.7498741 1 0.9732906
0.03516129 -0.01438177 1.090248 -2.09441 0.1614055 0.1529395 0.2885235 16.25709 0.06266212 1 0.9958208
0.002228679 -0.0100708 1.744022 -2.164892 0.09363828 0.08772993 0.2450403 15.32374 0.8951826 0 0.0
-0.06493007 -0.1067244 3.636324 0.8550511 0.9388339 0.8267085 0.1427333 19.45698 1.374878 1 0.004739796
0.01153115 -0.02653587 1.019633 -2.615755 0.4776092 0.5026405 0.5513955 18.2444 0.77668 0 0.0
-0.1455741 -0.04830192 -1.06639 -3.545724 1.476555 1.157464 -0.3429707 19.96298 1.212786 0 0.0
-0.01351046 -0.0430729 3.919929 -2.461583 0.6973453 0.5980275 0.1704153 19.03581 2.148796 0 0.0
-0.03875194 -0.03010005 3.23204 -4.066361 1.6657 1.150476 -0.5474298 19.7141 0.8039093 0 0.0
-0.03569709 -0.07164824 1.065739 -2.340231 0.1524552 0.1333509 0.06998122 16.57184 1.122612 1 0.9974232
0.08685963 -0.09234173 3.322825 -1.261007 0.8815048 0.7805794 0.2815027 19.431 0.8675213 0 0.0
-0.002886663 -0.07330323 1.578899 -2.739126 0.7329634 0.7046699 0.3500667 18.99514 0.7285652 1 0.9552781
-0.06196682 -0.1420574 -0.8290764 -7.294875 0.2598001 0.2304362 0.1095411 17.59713 0.8689404 1 0.0
0.008371013 -0.04521603 2.584244 -3.794237 1.477021 1.489555 0.5808377 19.85744 1.015177 0 0.0
-0.002252208 -0.01604462 -2.920938 -8.694658 0.8961191 0.7804984 0.06935564 18.33852 0.640892 0 0.0
-0.05211074 -0.04109426 1.397691 -3.14023 0.6728153 0.5566384 -0.1114505 18.87247 0.7476578 1 0.9589125
-0.007795748 -0.1588327 -1.892513 -6.712729 1.608644 1.439759 0.2600378 19.98953 0.9179878 1 0.01677494
-0.0415303 -0.1435085 -0.007131909 -2.189969 0.7040904 0.6671127 0.2213023 19.05312 0.9156017 1 0.6778187
0.04521831 0.01637089 -0.236898 -2.311956 1.373964 1.27583 0.0711549 19.627 nan 0 0.0
-0.002053097 -0.1369284 -1.951737 -4.247873 1.422927 1.238671 0.1270593 19.77438 1.365314 1 0.1452776
-0.08553614 -0.005960227 -2.93765 -10.71021 0.2960518 0.2665813 0.03627634 17.95057 0.858984 1 0.0
-0.05971794 -0.04765343 1.078976 -2.63816 1.214516 0.9559945 -0.1589263 19.75529 0.8681526 0 0.0
-0.02880956 -0.03909837 -1.504788 0.05516611 1.756691 1.277353 -0.5091675 19.71543 0.8881264 0 0.0
0.04526719 0.0161725 0.6782941 -0.868001 0.9312092 0.911 0.1520041 19.24073 0.8361435 0 0.0
0.03484989 0.000888604 0.9191618 -1.953326 0.6621854 0.6534034 0.3721853 18.99468 0.7217922 0 0.0
0.04957733 -0.06139821 -1.648745 -8.465767 2.906561 2.551338 0.2552494 20.55092 nan 0 0.0
-0.1497907 -0.06984019 -5.009709 -3.525196 1.58692 1.274215 -0.2368027 20.18044 2.67668 0 0.0
-0.00301124 -0.01594165 2.888708 -4.958059 0.967181 1.115834 0.5292002 18.63907 nan 0 0.0
-0.0607978 -0.04388917 1.420763 -3.533873 0.8985 0.7085122 -0.1202816 19.37246 0.7183399 1 0.8947126
-0.03089005 -0.03934713 0.9827603 -2.308456 0.1545877 0.1320729 0.06185308 16.83658 1.071812 1 0.9983905
-0.1283124 -0.06722647 -1.082908 -10.50699 1.033529 0.9124121 -0.06585557 19.85116 2.299002 1 0.0
-0.07172099 -0.1151075 -1.668429 -4.893778 0.6891446 0.6114523 0.1744753 19.04643 0.9947052 1 0.0001322922
0.002619019 -0.05260087 0.9371644 -1.409604 0.4725133 0.4804691 0.4547445 18.49482 0.8466263 1 0.9273523
-0.00210529 -0.01639175 -0.2674973 -2.874738 0.6498639 0.5319912 0.06680901 18.57438 nan 0 0.0
-0.06806099 -0.05084944 -0.08654832 -3.502314 0.9627655 0.7778506 -0.1752777 19.36969 0.8705597 0 0.0
-0.09900375 -0.006571447 1.335636 -2.667061 0.2200537 0.1886277 -0.09571739 17.43239 0.943119 1 0.9822556
0.02112616 -0.03278256 1.397823 -2.446187 0.1103919 0.1216776 0.7061145 15.24237 0.9052095 1 0.9881139
0.04905428 -0.1140559 -5.561184 -4.536714 1.160346 1.096436 0.433849 19.77803 1.557444 1 1.121306e-05
0.04461866 -0.04619743 -0.06167133 -4.104503 2.164907 1.888086 0.2632675 20.1187 0.5947323 0 0.0
0.01772067 -0.04514895 -3.019277 -0.6062674 2.822548 2.777312 0.6419555 20.10155 nan 0 0.0
0.000269404 -0.1074027 1.540342 -4.54191 0.2357217 0.2138077 0.3994493 17.02225 0.8358631 1 0.0
-0.07792088 -0.1020863 0.9269297 -11.18419 0.5357966 0.4488826 0.03074765 18.80347 2.0849 1 0.0
-0.05121171 -0.1412484 -2.656238 -7.739742 1.167852 1.027952 0.1661004 19.80627 0.9793377 1 5.127516e-06
0.00431003 -0.01037225 0.5299172 -3.328123 0.1916134 0.1782844 0.2467713 15.45073 0.2000017 0 0.0
0.02022992 0.003392456 4.402005 -3.254697 0.935523 0.9445671 0.3553774 18.77769 nan 0 0.0
-0.1281052 -0.1034658 1.983532 -6.252546 0.6700242 0.6503945 0.5758113 18.79149 1.081688 1 0.0
0.03686025 0.005415715 -0.5684095 -5.324308 0.7818315 0.7584742 0.2737115 19.07844 0.7439194 0 0.0
-0.03598223 -0.03744963 3.147419 -7.892464 0.3114593 0.2729574 0.04024096 18.01768 1.175797 1 0.0
0.02559467 -0.06652109 -4.953392 -5.398926 3.03279 2.686602 0.2844065 20.55953 1.233559 1 0.3808477
-0.03307561 -0.02287618 6.950838 -0.9025937 0.9316544 0.8034301 -0.03180167 19.10114 1.106941 0 0.0
0.01951975 0.003644409 1.025403 -2.750369 0.3147202 0.3119948 0.5182219 17.66854 0.8227043 0 0.0
0.00303663 -0.01285556 4.395093 -4.579927 0.6833781 0.6374115 0.2461385 17.92825 nan 0 0.0
-0.03142561 -0.04653424 1.584653 -2.215276 0.200959 0.1726383 0.07689068 17.30806 1.036278 1 0.9646911
-0.07239317 -0.05049862 -1.284279 -13.7873 2.663895 1.856496 -0.3743262 20.39587 0.8807564 0 0.0
-0.01701489 -0.02345461 0.9957424 -2.386169 0.1123654 0.1015011 0.1705411 16.31976 1.128221 1 0.9992409
0.0651044 -0.1039512 -1.726344 -6.162903 1.227527 1.030374 0.2542543 19.72726 1.06929 1 0.007657963
-0.01431841 -0.04182564 1.020714 -2.503422 0.2632106 0.2378554 0.198991 17.68684 1.063864 1 0.9973388
-0.05503114 -0.09875159 -3.811144 -5.098492 0.9091916 0.7779013 0.08372614 19.40672 0.6492176 1 2.24329e-06
-0.05517034 -0.0411002 -3.573002 0.01349552 2.08157 1.503442 -0.4200664 19.86863 0.7505131 0 0.0
0.03831774 -0.0187244 1.605178 -1.80906 0.4216222 0.4574137 0.7475245 17.70015 1.002563 0 0.0
-7.301346e-05 -0.06779094 -4.246298 -3.173752 3.759494 3.324368 0.3329247 20.52342 0.6831837 0 0.0
0.000490138 -0.008087129 1.084794 -2.224598 0.05275826 0.04680615 0.09913014 14.18796 1.188358 1 0.9987331
-0.02958528 0.004942014 -0.7222106 -2.912156 0.8817403 0.9079284 0.6315177 18.94558 1.087185 0 0.0
0.04623544 -0.04383709 -1.295719 -1.50955 2.167466 1.953685 0.303835 20.1421 nan 0 0.0
-0.02766734 -0.01622884 0.7473083 -2.575439 0.1573045 0.1419935 0.1663138 17.01292 1.05155 0 0.0
-0.005508666 -0.01629274 1.245635 -2.109864 0.06000953 0.04941819 -0.0281341 14.16155 1.245933 0 0.0
-0.04889192 -0.02202247 -0.518244 -8.878095 1.375932 1.014383 -0.2260581 19.75226 0.6992226 0 0.0
0.02095027 -0.1390827 2.998501 -4.588946 0.8390996 0.8783297 0.4451764 19.25913 1.271408 1 0.001439903
-0.03984784 -0.04114034 0.7706628 -2.086439 0.4906989 0.3977691 -0.08286334 18.57657 0.8108082 1 0.9871752
-0.1259134 -0.03802861 1.575846 -7.1834 2.561603 1.800426 -0.1494205 20.50615 1.048948 0 0.0
-0.003328639 -0.03683094 1.582759 -2.322359 0.71796 0.6413892 0.204928 19.07605 0.7091732 0 0.0
-0.01405631 -0.002694428 0.7264739 -2.639612 0.04588058 0.04203122 0.1462757 13.05498 1.483845 1 0.9943023
-0.01789645 -0.02263465 6.294296 -4.84504 1.533245 1.173731 -0.4680488 19.65729 nan 0 0.0
-0.08818799 -0.04246989 -2.801405 -3.729834 1.327793 0.9704879 -0.2649826 19.70661 1.090376 1 0.03149593
0.005726329 -0.06308 2.526194 -1.510867 1.386758 1.356313 0.3719426 19.61071 0.8995953 0 0.0
-0.08968448 0.002518949 -0.7418392 -4.189723 0.4736429 0.4633633 0.1388527 18.68532 0.7722855 1 0.001891927
-0.03478842 -0.02502842 0.3045092 -2.325782 0.5391094 0.4223685 -0.07901164 18.65278 nan 0 0.0
-0.007465762 -0.03360781 1.03045 -2.553866 0.1496543 0.1399346 0.2706194 16.68777 nan 0 0.0
0.006438418 -0.03362298 3.061054 -2.239675 1.099992 1.099355 0.4158363 19.36344 0.8223286 0 0.0
-0.03942324 -0.009920639 0.07489061 -1.621348 0.7166699 0.687319 0.2603559 18.9382 0.7909069 0 0.0
-0.08961274 -0.03807319 0.1704733 -3.878482 1.126449 0.8722509 -0.1521468 19.53411 0.8409901 0 0.0
-0.001982588 -0.02719497 2.294689 -2.674828 0.82729 0.8123731 0.410236 19.00513 nan 0 0.0
0.03173919 -0.059573 3.524386 -3.241374 2.98717 2.827242 0.3889492 20.50373 0.6846066 1 0.7323923
-0.09093758 -0.01477837 4.544172 -4.480377 1.139108 0.9897324 -0.1403342 19.90064 1.663151 0 0.0
-0.08373974 -0.1263272 6.112665 -0.2189379 0.5249259 0.4999515 0.2133029 18.65883 1.792429 1 0.0
-0.02022074 -0.02858996 -0.6257304 -3.813395 1.055061 0.7953837 -0.4651768 19.29233 nan 0 0.0
-0.08052663 -0.04270945 1.330422 -2.880416 0.8876347 0.7313592 -0.06010181 19.36503 0.7216511 1 0.9307506
0.009474315 -0.02974375 0.5843817 -3.736418 0.8950776 0.8766049 0.4927255 18.95673 0.7431755 0 0.0
-0.002570945 -0.003002179 0.8586867 -2.27198 0.04626228 0.04025373 0.06757224 13.21605 1.372821 1 0.9987328
-0.0567688 -0.03098097 4.25529 -2.665663 1.111628 0.8696202 -0.1335392 19.71273 0.5868053 0 0.0
-0.01258229 -0.0313044 6.330717 -2.41289 1.312766 1.242019 0.262977 18.23741 0.8221912 0 0.0
0.03795488 -0.009786387 0.9592055 -2.455849 0.1110616 0.1080852 0.3363862 16.01104 1.155151 1 0.9991541
-0.02946433 0.008894087 0.6425153 -2.431029 0.3019655 0.2650226 0.2112267 18.04049 0.9962959 0 0.0
-0.04246127 -0.00686668 0.8844597 -2.713963 0.5733836 0.4959109 0.1286034 18.86591 0.817688 0 0.0
-0.08681392 -0.02378012 -0.9139887 1.169389 0.796282 0.6491085 -0.02459475 19.28487 0.7519379 1 2.206973e-05
-0.01478802 -0.01808305 2.319867 -2.987705 0.9697129 0.7183117 -0.3754436 18.92271 0.9711227 0 0.0
-0.05842614 -0.1049606 0.4110273 -4.566748 0.7326941 0.5934638 -0.04747427 18.85754 1.464823 1 0.03488688
-0.03352029 -0.01370202 -0.244149 -2.676577 0.4151115 0.3709886 0.1191001 18.57174 0.7876663 0 0.0
0.02359719 -0.03733802 1.252348 -2.221289 0.5128009 0.5330231 0.611122 18.41208 0.7482033 0 0.0
0.05052898 0.009100592 1.450313 -2.210716 0.2507935 0.2456705 0.2759922 17.49897 1.092791 1 0.9916979
-0.07152674 -0.03476981 -0.5553692 -2.607609 0.7416308 0.6014593 -0.06791544 19.14598 0.7804298 1 0.7999287
-0.02070409 -0.05185974 1.117405 -2.856928 0.6100178 0.5370682 0.1838003 18.93488 0.8186531 0 0.0
-0.01275584 -0.01808269 0.8391327 -2.360526 0.1012962 0.08816124 0.09445041 15.88266 1.100619 1 0.998867
-0.02271688 -0.03163097 -3.346883 -2.629725 2.015337 1.497013 -0.2666448 19.90973 nan 0 0.0
0.01505165 -0.051229 0.9629804 -1.895794 0.486852 0.4873721 0.5706475 18.3907 0.8745537 1 0.9832422
0.02394375 -0.02489077 -0.8170414 -4.319459 1.399332 1.426733 0.6476397 19.5706 0.9132595 0 0.0
-0.05497971 -0.1022687 0.6766546 -5.758919 0.1547704 0.1324561 0.02588511 16.5148 1.194719 1 0.0
-0.1242606 -0.06105527 -2.347871 -6.840135 0.3562212 0.3062961 -0.120193 18.18774 nan 0 0.0
-0.004087797 -0.03053291 0.213804 -3.322346 0.8542454 0.7975384 0.4315374 19.0553 1.477493 0 0.0
-0.01904945 -0.01328891 4.399285 -4.493559 0.5528405 0.6166007 0.4653052 18.20835 nan 0 0.0
-0.01275897 0.0008305783 1.328366 -2.787486 0.06406945 0.05985834 0.1752875 13.18292 1.432092 0 0.0
0.02025212 -0.005320319 0.4136469 -2.773893 0.3440338 0.3359328 0.131299 17.37577 1.017479 0 0.0
-0.02419166 -0.01256557 1.397977 -2.799536 0.4822188 0.4371232 0.1578817 18.52924 nan 0 0.0
