data/gcs/NGC_6101.ecsv
# %ECSV 0.9
# ---
# datatype:
# - {name: x, unit: deg, datatype: float64}
# - {name: y, unit: deg, datatype: float64}
# - {name: pmx, unit: mas / yr, datatype: float64}
# - {name: pmy, unit: mas / yr, datatype: float64}
# - {name: pmx_e, unit: mas / yr, datatype: float64}
# - {name: pmy_e, unit: mas / yr, datatype: float64}
# - {name: pm_corr, datatype: float64}
# - {name: g_mag, unit: mag, datatype: float64}
# - {name: bp_rp, unit: mag, datatype: float64}
# - {name: filter, datatype: int64}
# - {name: memberprob, datatype: float64}
# meta: !!omap
# - comments: [deg deg mas/yr mas/yr mas/yr mas/yr dimless mag   mag   zeroone float]
# - __serialized_columns__:
#     bp_rp:
#       __class__: astropy.units.quantity.Quantity
#       unit: &id001 !astropy.units.Unit {unit: mag}
#       value: !astropy.table.SerializedColumn {name: bp_rp}
#     g_mag:
#       __class__: astropy.units.quantity.Quantity
#       unit: *id001
#       value: !astropy.table.SerializedColumn {name: g_mag}
#     pmx:
#       __class__: astropy.units.quantity.Quantity
#       unit: !astropy.units.Unit {unit: mas / yr}
#       value: !astropy.table.SerializedColumn {name: pmx}
#     pmx_e:
#       __class__: astropy.units.quantity.Quantity
#       unit: !astropy.units.Unit {unit: mas / yr}
#       value: !astropy.table.SerializedColumn {name: pmx_e}
#     pmy:
#       __class__: astropy.units.quantity.Quantity
#       unit: !astropy.units.Unit {unit: mas / yr}
#       value: !astropy.table.SerializedColumn {name: pmy}
#     pmy_e:
#       __class__: astropy.units.quantity.Quantity
#       unit: !astropy.units.Unit {unit: mas / yr}
#       value: !astropy.table.SerializedColumn {name: pmy_e}
#     x:
#       __class__: astropy.units.quantity.Quantity
#       unit: &id002 !astropy.units.Unit {unit: deg}
#       value: !astropy.table.SerializedColumn {name: x}
#     y:
#       __class__: astropy.units.quantity.Quantity
#       unit: *id002
#       value: !astropy.table.SerializedColumn {name: y}
# schema: astropy-2.0
x y pmx pmy pmx_e pmy_e pm_corr g_mag bp_rp filter memberprob
[from data line 1679]
-0.05136483 -0.07030403 1.994612 -1.940714 1.341773 1.593056 0.3125488 20.67509 0.5943184 0 0.0
-0.02146915 -0.05207903 1.875369 -0.5022048 0.3093678 0.4082373 0.1423206 19.13611 0.9447823 1 0.9980504
0.01208044 0.0307848 1.037196 3.564206 1.822127 1.360078 0.02682741 20.20288 nan 0 0.0
-0.01147204 0.05613003 3.739357 0.2029339 1.436726 1.67923 0.0782623 20.63713 nan 0 0.0
-0.04260538 -0.02480264 -4.937713 -2.853514 0.1440071 0.1591728 0.08582349 17.63978 0.7998276 1 0.0
-0.04441279 0.0351908 -5.325406 -4.769835 4.259208 3.157347 0.083065 20.89369 0.3397388 0 0.0
-0.01079572 0.0436106 1.710419 -0.286665 0.06763869 0.08041411 -0.03410294 16.05538 1.212676 1 0.9998921
-0.001341502 0.0917399 2.83144 5.205683 2.595065 3.807749 0.2964693 20.79151 0.8360023 0 0.0
-0.003183247 0.08964923 -8.668374 -6.064108 1.939131 2.469741 0.2925053 20.8525 1.284733 0 0.0
0.04346217 0.01534133 2.444784 2.902827 2.02623 2.309663 0.2225532 20.68926 0.7782001 0 0.0
-0.02092143 -0.05113235 -0.4095544 -2.247278 0.8957599 1.07965 0.3253925 20.26914 0.7396679 0 0.0
-0.0656269 0.003388988 2.007544 -0.9417943 0.628436 0.6402442 0.2203343 19.72869 0.9710388 0 0.0
-0.01321261 0.01085604 -1.444974 -4.789144 1.76074 1.989723 -0.01118372 20.61979 0.9953671 0 0.0
-0.02967193 -0.04137115 1.832886 -0.1368407 0.144418 0.1660629 0.09910438 17.7385 1.044241 1 0.9997042
0.0442435 0.03358141 3.682015 -18.63118 1.225923 1.127559 0.3023911 20.29146 1.969374 0 0.0
-0.05415442 -0.1556852 -1.520521 -8.814231 2.165032 2.860859 -0.09673365 20.93633 2.186735 0 0.0
-0.01312374 -0.002495344 0.9663381 -4.046841 1.375853 2.399941 -0.1210193 20.32985 nan 0 0.0
-0.1463429 0.04706904 2.294601 4.310473 3.013216 2.718428 0.3049392 20.74018 -0.1196575 0 0.0
-0.02005135 0.004029173 2.065056 2.072387 0.5812009 0.7429207 0.1849613 19.73142 0.6497765 0 0.0
0.05376028 0.02674302 -0.3671701 -4.41929 1.158076 1.255299 0.003836332 20.40043 1.569347 0 0.0
0.0317767 0.02523003 -5.876454 -4.98957 4.111793 3.468066 -0.02292461 20.87173 nan 0 0.0
-0.05220515 -0.03786611 -3.497311 4.355023 3.854355 2.259011 0.06759332 20.8473 0.5937634 0 0.0
-0.06434523 0.002394058 1.204791 -0.7195289 1.178516 1.057516 -0.009657049 20.23022 0.7657623 0 0.0
-0.04192895 -0.02526648 5.343456 4.545203 0.6326043 0.7585868 0.0905908 19.49655 0.7719059 0 0.0
-0.1387135 -0.04480117 -5.747528 -2.423073 0.2132897 0.2475928 0.1122555 18.36153 1.008068 1 0.0
-0.02614288 1.608937e-05 2.603782 1.365438 0.4197022 0.5212107 0.1975727 19.29735 0.7567253 0 0.0
-0.03238625 -0.02744445 2.287053 -0.7651781 0.5849966 0.6140534 0.3981305 19.6542 nan 0 0.0
0.02422574 -0.05169336 -0.2393657 -0.3951612 0.991528 1.069939 0.1973312 20.22859 0.8794632 1 0.8671648
-0.1059529 0.07528462 2.396753 0.4828579 0.6371315 0.6134284 0.2908398 19.70361 0.8344154 1 0.9779287
-0.02923711 0.1194344 0.0308136 -3.21288 1.150521 1.054455 0.3542435 20.23173 1.468431 0 0.0
-0.01261966 0.01047498 1.762785 0.2771222 0.2330538 0.251962 0.1521546 18.28518 1.005835 0 0.0
0.0172325 0.05474463 -0.07408456 -3.038303 3.066595 3.885615 0.1828635 20.66898 0.3799973 0 0.0
0.03103751 -0.1157448 -5.650203 -5.515143 0.3635949 0.4681745 0.1698699 19.28934 1.125935 1 0.0
-0.006764308 -0.01124282 5.698777 -3.886038 1.159907 1.464779 -0.2912219 19.773 nan 0 0.0
0.03129395 0.04349565 2.243182 0.7764923 0.9274799 0.9683211 0.2267832 20.11167 0.726263 0 0.0
-0.03217636 -0.02762718 -3.634841 -5.67293 0.3240222 0.3638676 0.1084391 19.14938 0.7880707 0 0.0
0.01766885 0.002520995 1.047409 -1.47819 1.793818 2.097366 0.03340154 20.26322 nan 0 0.0
-0.03681781 -0.1116509 -4.305656 -3.778596 0.4655728 0.6149232 0.1025531 19.50618 0.9419689 1 0.0
-0.02785667 -0.004762433 -2.05299 -1.111321 1.081532 0.8747376 0.348148 19.99501 0.6973324 0 0.0
-0.05896156 0.07527317 -1.626105 6.102218 0.453423 0.494582 0.2195435 19.40702 1.928087 1 0.0
-0.01405278 0.01106141 -0.7143432 4.070778 0.5791137 0.6723931 0.16204 19.24687 0.8261547 0 0.0
0.04640795 0.01360989 -0.3708826 0.8976265 1.800773 2.014377 0.2322708 20.57256 nan 0 0.0
0.01237071 -0.02380373 -0.2755047 1.354788 0.9284167 0.9722062 0.2237791 19.99632 0.7926483 0 0.0
-0.02462225 -0.1349305 2.63215 1.413332 1.906546 2.495776 0.2080204 20.76107 0.7177696 1 0.8321757
0.02618226 0.009339163 6.939715 4.326076 1.218592 1.406001 -0.02455743 20.1353 nan 0 0.0
-0.00201869 -0.1424366 -2.243254 -10.32575 0.1500062 0.1771998 0.2440725 17.65506 0.9246693 1 0.0
0.05468401 -0.03009131 -0.489619 -0.5863095 1.315996 1.165754 -0.06467146 20.21816 0.4546471 0 0.0
-0.0009160149 0.01872666 3.44116 6.515525 1.248176 1.16257 0.0441004 20.26377 0.7675343 0 0.0
0.04937255 -0.01738853 1.017526 -2.148617 3.007405 2.580655 0.303553 20.74312 0.4063473 0 0.0
0.01883253 -0.01356293 1.494545 -0.4476634 0.5100022 0.6487597 0.1116879 19.70922 0.7494736 0 0.0
-0.05200411 -0.03818597 5.030646 0.1097659 2.239338 2.434508 0.187012 20.86015 0.5228786 0 0.0
-0.03828081 0.001009544 3.455854 -0.1003746 2.06552 2.067765 0.06614895 20.75096 0.5961132 0 0.0
-0.07139911 -0.04771932 5.796983 1.181522 1.857359 1.743415 0.1409415 20.30067 0.8245735 0 0.0
0.01580609 -0.02097585 -1.232201 -4.294906 1.437239 1.595952 0.3182316 20.49254 nan 0 0.0
0.05601725 -0.05246481 -3.613958 -0.2911549 0.4892894 0.6219866 0.09055062 19.61734 1.049427 0 0.0
-0.01723014 -0.004695999 2.703603 8.010161 1.449198 1.408223 0.3039091 20.2052 nan 0 0.0
-0.06169416 0.004722489 -0.3739662 -0.9582879 1.13554 1.035264 -0.0089497 20.18634 0.8001423 0 0.0
0.002961365 0.09133536 -5.602563 -6.582592 2.247883 1.610362 0.06305792 20.71027 1.952032 0 0.0
0.001780691 -0.0003774055 1.334328 0.008237188 0.1126089 0.1215693 -0.03724854 17.15503 nan 0 0.0
-0.03079564 -0.01506682 5.024744 -3.891752 1.663353 1.41911 -0.08748335 20.49456 0.7693939 0 0.0
0.06374303 -0.1002503 -3.248624 -3.774778 0.6318892 0.8198878 0.1542279 19.92744 1.483627 0 0.0
-0.03144766 -0.04792777 1.807818 -0.09697981 0.4388461 0.5523088 0.1616891 19.50903 0.785862 0 0.0
-0.1402719 0.07832132 -1.127926 -4.552707 0.4756629 0.5581967 0.1398316 19.4155 0.986187 1 0.0
-0.01056354 0.01375692 1.776961 0.7258685 0.3594028 0.441 0.06043857 19.16502 0.9263248 0 0.0
0.01760803 0.002330318 -64.13873 -3.479916 2.992303 2.778555 0.1722337 20.57892 nan 0 0.0
0.008131825 0.0287194 1.121162 -1.074724 0.9423077 0.9873683 0.229204 20.04965 0.82477 0 0.0
0.02414227 0.02299095 2.048419 1.603666 1.593744 1.441317 0.08099355 20.53376 0.4595108 0 0.0
-0.02355571 0.004734554 6.73054 8.835174 3.269552 2.085468 0.04874754 20.52204 0.9532547 0 0.0
0.05842922 -0.003262498 -2.147461 -7.244267 0.2422048 0.29468 -0.01054581 18.46958 1.061932 0 0.0
-0.001639924 0.02151134 1.404183 -0.2273362 0.6523267 0.7795131 0.1074259 20.00225 0.6718311 0 0.0
-0.05688117 -0.07289144 2.654406 -1.465622 0.973084 1.225262 0.152288 20.48422 0.7112942 1 0.9480143
-0.1266887 0.07774045 -3.618561 -7.159574 0.6442949 0.7005563 0.2525268 19.86757 1.126965 1 0.0
0.002378926 -0.0267294 1.546141 0.04167574 0.4756095 0.6375012 0.08017564 19.65748 0.7292519 0 0.0
0.02839368 0.006017093 1.778045 -0.1683302 0.02928862 0.03653598 -0.022788 14.47496 1.267294 1 0.9999658
-0.01696742 0.03408447 -0.4664468 -1.680877 2.16572 2.653736 0.3195222 20.77186 0.8059769 0 0.0
-0.0167588 -0.00513044 4.876856 -8.470783 0.8779515 1.011401 0.05798455 19.72547 0.7321472 0 0.0
-0.03607223 -0.0310524 4.600423 2.086163 2.238775 3.48968 0.4749697 20.94308 0.4202728 0 0.0
-0.0236067 0.02632569 1.964201 1.351204 1.792928 1.658057 0.1310075 20.52832 0.6322784 0 0.0
-0.06012009 -0.0669432 -1.232518 -7.570604 3.108312 3.679486 0.4726095 20.96185 0.3820591 0 0.0
0.06476303 -0.002948017 2.639148 0.3970318 1.148253 1.330053 0.003118865 20.38334 0.928072 0 0.0
-0.03535591 0.0008170341 2.641743 1.085968 1.110102 0.8874155 0.233465 20.13002 0.5365009 0 0.0
-0.0007945456 0.01684984 0.9190364 -4.019095 0.9313542 1.567814 -0.03887859 20.15982 nan 0 0.0
-0.00858333 -0.008756398 3.508227 1.125007 0.6037681 0.7566238 0.04235256 19.77969 0.6909695 0 0.0
-0.000939474 0.02098496 2.648519 -2.136031 1.973075 1.593477 0.0942343 20.59053 nan 0 0.0
-0.00264318 0.04932799 1.491226 -0.1862533 0.2314261 0.2610808 0.1469356 18.44434 1.035696 0 0.0
-0.06272624 0.01187541 1.608379 -0.08666983 0.4868538 0.5799757 0.1132271 19.658 0.7414017 0 0.0
0.07239793 0.0293495 -4.486891 -4.47952 0.5579025 0.6943061 0.06162851 19.79048 1.107172 1 0.0
-0.003142076 -0.01412576 1.330211 -0.06198003 0.3781579 0.5017442 0.04754062 19.34119 0.7853889 0 0.0
-0.0086251 0.0007879559 -0.4408863 -0.2922881 0.3781647 0.4201855 0.09335609 18.84787 1.027128 0 0.0
0.02188983 0.005972575 3.277336 -1.823714 0.5005489 0.6606802 0.0906911 19.73516 0.821228 0 0.0
-0.005735619 0.03830282 1.555767 -1.758032 1.366596 1.19411 0.0402366 20.32594 0.6541214 0 0.0
-0.0002248608 0.004452086 2.601744 -2.198051 0.9224393 1.590959 0.08381186 19.96235 nan 0 0.0
0.05805999 0.03347439 -1.274768 -2.583372 0.2255563 0.2729123 0.1047594 18.44505 1.058025 1 0.0
-0.05208445 -0.01147558 4.317979 -0.1724815 1.073439 0.8915362 0.184004 20.06325 0.671217 0 0.0
-0.0507564 -0.04839827 1.435878 0.06566504 0.3056571 0.357637 0.1426383 19.0755 0.9709435 1 0.99606
0.03614833 0.03718489 -0.2826868 -0.09906048 0.2837097 0.3005648 0.1865156 18.11593 0.998806 0 0.0
-0.030087 0.007555542 -0.8098204 0.1279422 3.160438 2.091486 0.1401257 20.67561 0.5680656 0 0.0
0.04068336 0.01894114 1.027744 -0.804803 0.752987 0.9208309 0.1407168 19.97098 0.7946854 0 0.0
0.009690191 0.04297035 0.6560572 -2.266754 1.841132 1.663202 0.05592791 20.53771 1.053589 0 0.0
-0.01732017 -0.02788945 -14.83404 0.4026586 1.652447 1.714519 -0.1229699 20.07206 0.6436939 0 0.0
0.01273585 -0.01445796 3.100319 0.2100397 1.064779 1.369852 -0.01631986 20.16627 0.6468983 0 0.0
0.0499734 -0.04313945 -23.11255 -24.53663 0.2517773 0.281438 0.1803686 18.11008 1.0912 0 0.0
0.0239146 -0.1329688 -3.073437 -1.335993 0.6365232 0.8563028 0.145772 19.88318 1.04579 0 0.0
0.03099135 0.04703621 2.744255 -2.814915 1.897714 1.908573 0.1424152 20.61974 0.4690552 0 0.0
-0.1290809 0.04609929 -5.489166 -5.961793 1.396125 1.315063 0.2539431 20.59111 1.451767 1 0.0
0.02529405 0.02857413 2.474087 -0.2588207 0.4931944 0.595168 0.1676084 19.42326 0.8881264 0 0.0
0.03382978 -0.04168352 0.3431335 -0.8896733 0.6316373 0.7490955 -0.02247213 19.74779 nan 0 0.0
-0.0284118 0.1200155 -1.022807 -6.402332 2.631789 4.172752 0.4275658 20.7767 0.7742729 0 0.0
-0.003657342 0.04606244 1.72466 -1.52349 1.686012 1.43589 0.0754636 20.55731 0.5715294 0 0.0
0.06673942 -0.1066544 -4.741542 -3.678593 0.2603563 0.3693152 0.3206721 18.51614 1.069044 1 0.0
-0.005579748 0.01747462 1.812023 -1.016114 0.6767814 0.8646597 0.1043511 19.84775 0.48736 0 0.0
0.04642681 0.01738641 4.569974 -0.9031082 1.322006 1.327325 0.04211538 20.45632 0.2459393 0 0.0
-0.04550273 -0.02659488 -0.8679202 2.48669 3.030408 2.746733 0.1200088 20.8438 0.9218979 1 0.8345535
-0.1295926 -0.06077187 4.172639 -0.1497538 0.9766698 1.243076 0.288733 20.26387 0.6750298 1 0.7828076
-0.1405529 0.02183716 -6.99984 -3.456009 1.754143 1.820686 0.2293964 20.73484 1.556416 0 0.0
0.004717688 0.06761523 4.559288 -0.1447254 3.456286 1.807041 0.02471568 20.62541 nan 0 0.0
-0.0947216 -0.0464516 -3.639332 -9.795393 0.5707157 0.6483962 0.07488773 19.78599 1.195553 0 0.0
0.01764303 0.07315397 4.0875 -2.091174 2.233606 1.545936 0.1383787 20.58338 0.6505947 0 0.0
-0.0692613 -0.08404253 1.576037 -0.5808815 0.552766 0.6676818 0.1010009 19.93187 0.7135696 1 0.9840824
-0.05402066 0.04802836 -4.243984 -2.691137 1.175291 0.9830354 0.2976135 20.29276 1.828238 0 0.0
-0.01919328 0.01326929 0.6251919 -2.714675 2.652779 3.273771 0.06823726 20.47221 nan 0 0.0
-0.1259109 0.02766528 -3.771859 -3.567371 0.6461515 0.690162 0.3481494 19.93805 1.431759 1 0.0
0.01510334 -0.03142754 2.995137 2.054878 2.277654 2.692818 0.230402 20.77819 0.3037834 0 0.0
-0.06650391 0.008550972 4.002858 3.54997 1.741559 1.274823 0.1356319 20.20573 0.675045 0 0.0
0.05510001 -0.09757481 -3.004771 -4.095854 0.3890903 0.5210655 0.1386431 19.47437 0.9418316 1 0.0
-0.0665394 0.03130185 2.113103 1.814646 2.100238 2.056926 0.2475077 20.79178 0.8279247 0 0.0
-0.03121821 -0.02692363 1.712734 -0.2447202 0.507784 0.4068197 -0.402826 18.5584 nan 0 0.0
-0.01089409 -0.01914123 1.641496 -3.68293 0.7897129 0.8742134 -0.07767205 19.89112 0.6898308 0 0.0
-0.01533781 0.04108969 -0.9880301 -8.767214 0.08572488 0.106762 0.08845049 16.75644 0.3310432 1 0.0
-0.004819178 -0.01664382 0.1239165 -7.331788 1.495293 2.302449 -0.1761348 20.19349 nan 0 0.0
0.01197095 -0.008231864 5.435579 2.26649 0.8468694 0.8924208 0.2012641 20.0566 0.7150002 0 0.0
0.02758917 0.02023189 2.175908 0.6264444 0.3365311 0.3962116 0.1250815 19.02726 0.8858089 0 0.0
0.06054786 3.419433e-05 1.680512 3.898096 1.73713 2.141121 0.06574033 20.519 0.5667858 0 0.0
-0.05712188 0.1043623 1.654617 -1.499082 0.9682549 1.042405 0.3773226 20.18605 0.7734299 1 0.9063892
-0.03996837 0.030692 2.083105 0.2556746 0.427465 0.4794568 0.115667 19.47334 0.7901573 0 0.0
-0.09145722 0.07696429 2.997962 0.4535014 0.7014595 0.7206431 0.2881328 19.95378 0.8029957 1 0.9684084
0.04635359 -0.1163723 -2.042916 -5.262957 0.8998529 1.036023 0.4391671 20.20468 1.884485 0 0.0
0.1035832 -0.01579832 1.637236 0.183236 1.099206 1.340679 0.2607554 20.37102 0.6614323 0 0.0
-0.04028748 0.02066626 1.823524 -0.2981232 0.1303464 0.1345864 0.0855341 17.36493 1.040316 0 0.0
-0.001786158 -0.01131796 4.601617 -0.306839 3.803113 2.85665 0.5505761 20.85545 nan 0 0.0
0.006617763 0.01417838 3.517939 -11.59637 2.603535 3.127207 0.4483173 20.1285 nan 0 0.0
0.09391254 -0.001357134 -3.418784 -4.424407 1.098049 1.490798 -0.003648153 20.15292 0.8485279 0 0.0
-0.08152305 -0.01284906 -1.489014 -4.572066 0.4448842 0.5284096 0.09204003 19.44784 0.8757439 1 0.0
-0.1285332 0.003171472 -3.448315 -6.847292 0.2927138 0.3083902 0.1343584 18.75042 1.501137 1 0.0
0.006300934 -0.0249832 2.83215 1.093946 0.6372828 0.7896842 0.2211656 19.56673 0.6880646 0 0.0
-0.02926523 -0.07746519 -0.5588425 1.945967 1.680072 2.057047 0.06915045 20.39045 0.801321 0 0.0
-0.02369582 -0.04571122 1.774775 -0.2631386 0.07699045 0.1050626 0.09503217 16.80992 0.2275848 1 0.9998879
0.02791468 0.03168314 -1.820437 -0.5421279 1.350225 1.638902 0.1388233 20.34642 0.1129379 0 0.0
0.04687544 0.01939944 6.533409 5.992782 2.32919 2.708404 0.2468335 20.82047 nan 0 0.0
0.008670692 0.02233335 2.569011 1.567003 1.098913 1.14235 0.02526705 19.91732 nan 0 0.0
-0.08865847 -0.1166583 -4.612962 -7.379659 1.475765 1.533725 0.162757 20.72576 1.515484 1 0.0
0.003293424 -0.01737591 -0.5161253 1.613247 2.914973 1.66493 -0.2374604 20.53925 nan 0 0.0
-0.01815875 0.01019569 2.467281 -8.1502 0.8741157 0.9203305 0.120977 19.85207 0.6742935 0 0.0
-0.0171235 -0.0887642 2.165454 -0.8049561 1.20407 1.290353 0.2016233 20.43916 0.6824799 0 0.0
0.05177831 -0.1579671 -2.643806 -6.778488 0.359658 0.4720348 0.06824295 19.29843 0.749752 0 0.0
-0.0148884 -0.02317998 0.4990397 -0.683156 1.017688 1.424439 0.3539103 19.72576 nan 0 0.0
-0.0009570804 0.000400854 4.567557 -5.142564 1.909266 2.009447 0.3612831 19.89417 nan 0 0.0
-0.04561193 0.05336114 -4.383052 -1.448344 0.4961633 0.5579665 0.1093092 19.6968 1.566227 0 0.0
-0.07318397 0.07635908 -2.733081 -1.263827 0.5361945 0.5567632 0.2590008 19.58997 1.259176 1 0.0
0.006921131 0.01410197 4.803436 0.4935103 1.24542 0.9905144 0.04506873 19.13114 0.8785458 0 0.0
0.02954344 -0.1139341 -4.923283 -7.482091 0.2865813 0.363225 0.1745062 18.9269 1.349249 1 0.0
0.04529959 0.01462737 1.571541 2.12097 3.070599 2.294756 -0.07032188 20.81139 0.589716 0 0.0
-0.1052689 -0.0439532 -2.237335 6.519197 1.441461 1.502285 0.3073131 20.64389 1.518169 1 1.67527e-05
0.02822048 0.04527827 1.604942 -1.50222 2.952873 2.397784 -0.00651222 20.86275 0.6559029 0 0.0
-0.02957869 0.07475614 2.167026 -1.751937 0.9850181 0.9127634 0.03549411 20.11478 0.738018 0 0.0
0.0514028 -0.1583094 -7.767238 -4.828856 0.2981952 0.382181 0.06659891 18.92116 0.9998665 0 0.0
