data/gcs/NGC_6273_M_19.ecsv
# %ECSV 0.9
# ---
# datatype:
# - {name: x, unit: deg, datatype: float64}
# - {name: y, unit: deg, datatype: float64}
# - {name: pmx, unit: mas / yr, datatype: float64}
# - {name: pmy, unit: mas / yr, datatype: float64}
# - {name: pmx_e, unit: mas / yr, datatype: float64}
# - {name: pmy_e, unit: mas / yr, datatype: float64}
# - {name: pm_corr, datatype: float64}
# - {name: g_mag, unit: mag, datatype: float64}
# - {name: bp_rp, unit: mag, datatype: float64}
# - {name: filter, datatype: int64}
# - {name: memberprob, datatype: float64}
# meta: !!omap
# - comments: [deg deg mas/yr mas/yr mas/yr mas/yr dimless mag   mag   zeroone float]
# - __serialized_columns__:
#     bp_rp:
#       __class__: astropy.units.quantity.Quantity
#       unit: &id001 !astropy.units.Unit {unit: mag}
#       value: !astropy.table.SerializedColumn {name: bp_rp}
#     g_mag:
#       __class__: astropy.units.quantity.Quantity
#       unit: *id001
#       value: !astropy.table.SerializedColumn {name: g_mag}
#     pmx:
#       __class__: astropy.units.quantity.Quantity
#       unit: !astropy.units.Unit {unit: mas / yr}
#       value: !astropy.table.SerializedColumn {name: pmx}
#     pmx_e:
#       __class__: astropy.units.quantity.Quantity
#       unit: !astropy.units.Unit {unit: mas / yr}
#       value: !astropy.table.SerializedColumn {name: pmx_e}
#     pmy:
#       __class__: astropy.units.quantity.Quantity
#       unit: !astropy.units.Unit {unit: mas / yr}
#       value: !astropy.table.SerializedColumn {name: pmy}
#     pmy_e:
#       __class__: astropy.units.quantity.Quantity
#       unit: !astropy.units.Unit {unit: mas / yr}
#       value: !astropy.table.SerializedColumn {name: pmy_e}
#     x:
#       __class__: astropy.units.quantity.Quantity
#       unit: &id002 !astropy.units.Unit {unit: deg}
#       value: !astropy.table.SerializedColumn {name: x}
#     y:
#       __class__: astropy.units.quantity.Quantity
#       unit: *id002
#       value: !astropy.table.SerializedColumn {name: y}
# schema: astropy-2.0
x y pmx pmy pmx_e pmy_e pm_corr g_mag bp_rp filter memberprob
[from data line 20775]
0.04723638 -0.1240522 -0.5451694 2.220702 1.047754 0.6475861 0.5450221 19.28899 1.743502 1 0.3469654
0.07408126 -0.1455315 -1.419043 -8.709735 1.399711 0.9133902 0.4634455 20.05035 0.7632523 0 0.0
0.1284815 -0.1000049 -4.751856 -5.426706 0.6980303 0.4094623 0.3418699 18.99071 1.345533 1 0.0
0.08941109 -0.008375466 -4.01725 1.168104 0.6718219 0.4077619 0.3856013 19.11371 1.145224 1 0.9221326
-0.02247315 0.01693298 -4.280174 -0.5928879 0.4690721 0.2943739 0.2280685 17.82125 1.351959 0 0.0
0.07847266 -0.09849738 -2.373326 -4.405511 0.9075788 0.5714953 0.4911047 19.43341 0.9696293 1 0.0
0.0006135663 -0.01840802 -4.465822 -0.3020943 0.5995901 0.4630712 0.211385 18.2094 1.144642 0 0.0
0.07279925 0.07641587 0.4504507 -2.962222 0.6142642 0.3890627 0.382061 18.73485 1.222956 1 0.0
0.1523862 -0.03223715 -5.232533 -7.787787 2.087277 1.280085 0.5585256 20.17752 1.466339 0 0.0
0.01467419 -0.04578893 -5.791727 -2.789213 0.4114461 0.2795231 0.3713886 18.25806 1.086296 0 0.0
0.008493254 -0.02632001 -2.404233 3.734721 0.8356002 0.6004668 0.1048226 17.43886 nan 0 0.0
0.05075758 0.05129829 -3.451258 1.009562 2.00586 1.415492 0.1078088 20.21757 0.7768974 0 0.0
0.1081583 -0.09342865 -8.13079 -3.13932 1.185512 0.7725102 0.4522682 19.74303 1.184807 0 0.0
0.1231495 0.09331829 3.8759 -0.5876436 1.491641 0.8898458 0.6923154 19.51732 1.461172 0 0.0
0.0981191 0.1288474 -4.352759 -6.694448 2.170151 1.426942 0.2805279 20.48666 0.7723503 0 0.0
0.07544331 0.09984403 -3.699206 -8.420154 1.651396 1.060459 0.1425674 20.25711 0.3690166 0 0.0
0.00854799 -0.02610639 2.043102 -2.098168 0.7274128 0.3768618 0.1141825 16.45737 nan 0 0.0
0.1018845 -0.09147175 -1.741445 -5.751736 2.199458 1.35837 0.4592385 20.51062 1.375563 0 0.0
0.0249422 -0.0008001494 -5.193045 4.321951 1.284499 0.8288842 0.3713516 19.11328 nan 0 0.0
0.1239408 0.1033711 -0.01545363 -3.004971 0.3623292 0.207675 0.1381876 18.02619 1.789003 1 0.0
0.07698989 0.07768919 0.7581494 -1.345505 0.8933627 0.5806493 0.4115298 19.13257 1.840256 0 0.0
0.03098705 0.03898759 -4.52142 1.828327 0.4289284 0.2678515 0.3118882 18.26119 1.18174 0 0.0
0.1159175 -0.03178301 -4.192455 -6.025383 0.6880314 0.4214949 0.2808824 19.15195 1.54538 0 0.0
0.07262669 0.1291369 -1.416168 -7.411844 0.5868148 0.3953282 0.4603323 18.74173 1.276169 0 0.0
0.02401128 -0.003096401 -3.462628 1.591672 0.1265282 0.07328857 0.3887649 15.98239 1.687552 0 0.0
0.1023841 -0.1140475 2.261073 -5.150028 2.88107 2.04259 0.02158648 20.67782 0.5452919 0 0.0
0.04367005 -0.04856378 -1.782429 -7.834687 0.08542264 0.04932792 0.2512308 15.35756 1.667549 1 0.0
0.001078491 -0.0431635 -2.320352 1.480229 1.869696 1.241088 0.8366989 19.46437 1.202372 0 0.0
-0.01817221 -0.007323932 -2.216323 3.437743 0.5503807 0.3533338 -0.1976151 16.78983 1.270082 0 0.0
0.08861866 0.1009315 -3.812068 -5.668774 0.6196689 0.4311526 0.3416009 18.96021 0.9086819 1 0.0
0.09090255 -0.02570871 -2.682861 -7.785777 1.072106 0.675982 0.5610085 19.57588 nan 0 0.0
0.02113743 -0.00557921 -2.27206 1.703259 0.2251627 0.1189965 0.3636995 16.47941 1.474463 0 0.0
0.09338167 -0.004966344 -3.026154 -9.391785 3.463416 2.050193 0.3699628 20.54181 0.8501606 0 0.0
0.123071 0.0190958 0.1576759 -5.816647 0.8288921 0.5636811 0.3898521 19.27585 1.471754 0 0.0
0.02584783 0.07222057 -5.312443 -5.659351 0.3912812 0.261155 0.4198978 18.32838 1.246723 1 0.0
-0.0007683913 0.007987775 8.573136 6.051703 0.9772267 0.5151211 0.3906871 16.04353 nan 0 0.0
0.06292747 0.07694425 -3.847305 -2.965102 1.089324 0.6784677 0.5687153 19.60093 1.29302 1 0.0
0.0009417124 -0.04283353 -3.49039 1.058834 1.359444 0.7295909 0.5503565 19.43973 1.127901 0 0.0
0.09256352 -0.08706178 -4.415626 -9.964546 1.612614 1.008168 0.4529344 20.189 0.9506283 0 0.0
0.02936217 0.05467023 -2.577049 -4.803972 0.7335527 0.4743115 0.390208 19.11636 1.492838 0 0.0
0.1145293 0.0170961 -7.629618 -5.810366 1.99889 1.312492 0.2416231 20.28654 nan 0 0.0
0.1424155 -0.01981908 -6.613538 -1.723329 0.9855641 0.6262247 0.5630759 19.3064 1.037371 0 0.0
-0.01000179 -0.0312945 -1.571342 1.501817 0.4743694 0.2737781 0.050254 17.70293 1.09585 0 0.0
0.08688498 -0.1109469 -1.855311 -5.270143 1.033323 0.6656008 0.4851368 19.65726 1.205328 1 0.0
0.1309458 -0.06073539 -1.587576 -2.26127 2.200951 1.336012 0.416409 20.28375 1.240889 0 0.0
0.0456399 0.05662382 -1.173083 1.670717 2.607605 1.558559 0.2181422 20.50161 0.9098568 0 0.0
0.05424057 -0.08235309 -3.80611 -5.348355 0.876413 0.5484268 0.4875733 19.32991 1.355064 1 0.0
0.08382484 -0.03272242 -0.3786742 -7.179241 1.873699 1.093572 0.4380431 20.27873 nan 0 0.0
0.1247471 0.101728 -3.881096 -7.133136 1.244419 0.8512906 0.3590575 19.77211 1.068247 0 0.0
0.06071894 0.06911577 -3.18698 -3.849795 0.1627789 0.09731909 0.2125067 16.82329 1.232367 1 0.0
0.1408545 0.01288052 -0.04469652 -6.917856 2.718206 1.567544 0.3707664 20.58471 0.572979 0 0.0
0.09168897 0.01736053 -5.043579 -0.7056104 1.186619 0.7675405 0.5082677 19.78723 1.248205 0 0.0
-0.0274023 -0.0305191 -2.645982 1.570115 1.156885 0.9063167 -0.8110405 18.61153 1.174412 0 0.0
0.05047925 0.04083661 -0.9480242 1.363713 2.108614 1.363884 0.7326175 19.66442 0.9293671 0 0.0
0.07543184 -0.02333632 -3.322879 2.133365 2.321983 1.276685 0.5562697 20.25924 0.9663162 1 0.8534689
0.1601254 0.004999168 -0.5693737 -3.19978 0.8945601 0.6043992 0.3873757 19.28117 1.151552 0 0.0
0.08677664 0.1100957 -6.657591 -9.379952 1.036022 0.7171348 0.2053326 18.19245 0.9473534 0 0.0
0.0183908 0.01690318 -2.901773 1.65315 0.09894081 0.05893962 0.1702316 15.61929 1.481951 0 0.0
0.03399845 -0.05412619 -4.25857 -0.442589 1.6037 0.9907801 0.4206889 20.06758 0.9795151 0 0.0
0.1012456 0.06948234 1.770635 -4.110021 0.4899562 0.3156612 0.3771426 18.50246 1.084867 1 0.0
0.1093634 0.06825427 -1.31894 -1.230603 2.649652 1.483065 0.1799387 20.6218 0.8088417 0 0.0
0.0452463 0.0654035 -4.880074 1.337196 1.108581 0.795486 0.3482365 19.70569 nan 0 0.0
0.06462601 0.07820789 -3.556613 -0.2327251 0.8310866 0.5191994 0.5502232 19.2685 1.435686 1 0.01164678
0.01149656 0.04811591 1.646258 1.057026 0.9383367 0.6516036 0.3628171 19.29803 0.9220867 0 0.0
0.08943915 -0.007469497 0.492468 0.04218907 3.722695 2.249758 0.236171 20.65629 nan 0 0.0
0.09055634 -0.1010201 -2.948916 -0.02784788 0.7479314 0.4865962 0.4590543 19.18925 1.317663 0 0.0
0.08208396 -0.1149126 -5.249121 -3.800628 1.218095 0.7560005 0.3894865 19.93971 1.110332 0 0.0
0.1002349 0.07240146 -9.062985 -4.274113 1.033301 0.677433 0.2452151 18.8583 1.407375 0 0.0
0.04496048 0.06978097 -1.021917 2.865342 0.5560761 0.3660876 0.3919713 18.67921 1.491877 0 0.0
0.0672298 0.01102198 -3.763182 -2.70392 0.9907346 0.7621806 0.2349648 19.39727 1.214146 0 0.0
0.0544157 -0.02972372 -4.236456 -3.680629 1.924273 1.094153 0.2181204 20.26238 1.222383 0 0.0
0.1080124 0.08782493 -1.885541 -2.082732 0.6004746 0.3902469 0.3859126 18.83001 1.984951 1 0.0
0.06802257 -0.1070376 -1.266828 -3.305872 1.104356 0.628707 0.642495 19.40861 1.120201 0 0.0
0.09684665 0.1306451 -2.127354 1.910481 1.588671 0.9641192 -0.05872616 20.20271 1.201433 0 0.0
0.1191018 0.08549857 6.081657 -6.288325 2.28956 1.413928 -0.1039103 20.17991 0.4598618 0 0.0
0.1233428 -0.04702657 0.9495721 -1.933498 1.112362 0.7400297 0.420719 19.7018 nan 0 0.0
0.05525629 -0.1028404 -4.850823 0.04007148 1.403069 0.8720516 0.4098025 20.08304 0.916626 0 0.0
0.07636964 -0.07416586 3.011482 -6.587809 1.139986 0.715385 0.6663484 19.48064 1.060946 1 0.0
0.06482259 0.08698539 -4.012566 -2.525605 0.6221224 0.4079254 0.3815275 18.9028 1.376505 1 0.0
0.1238518 -0.09545468 -7.90117 -8.03824 2.47479 1.492107 0.2176423 20.50032 1.206881 1 0.0
0.002611017 -0.01745437 -2.850406 1.265607 0.4142984 0.2474326 0.2716034 16.74843 0.7975216 0 0.0
0.07576946 0.09595856 -0.5333012 -0.4461124 1.363656 0.8254579 0.1432875 20.07862 0.8161221 0 0.0
0.1376612 0.05510735 -0.577101 -6.557595 0.8999216 0.60784 0.4061786 19.38847 1.209009 0 0.0
0.06311475 -0.006834219 -0.348535 1.16807 1.395099 0.9350575 0.3189694 19.94055 0.9358482 0 0.0
-0.03187307 -0.03945617 -2.742916 1.80685 0.1259644 0.06869158 0.2096172 16.17718 0.5695639 1 0.9791457
0.052288 0.04513497 -2.757048 1.378848 2.470521 1.7927 -0.02875236 20.35196 1.159843 0 0.0
-0.001357064 0.02985934 0.8093313 -2.033572 1.335834 1.121646 -0.2969536 19.2667 nan 0 0.0
-0.03332617 -0.02839396 -3.456984 0.9822463 0.7541153 0.5133307 0.1989548 18.71759 1.002481 0 0.0
0.04192037 -0.04571547 -0.3431692 -1.928414 2.030527 1.342344 -0.1227514 20.12286 nan 0 0.0
0.1415396 -0.02011365 -1.539509 -5.653634 0.4246842 0.2628363 0.4633756 18.20972 1.40535 1 0.0
0.061772 -0.03604645 -4.574238 -5.453243 1.08496 0.6809389 0.4094883 19.49716 1.387346 0 0.0
0.1654526 0.00800722 -2.154172 -4.557576 0.5698919 0.3204185 0.1816724 17.92939 1.616367 0 0.0
0.03880895 0.0574827 -5.159467 0.6092079 2.085071 1.452705 -0.2416552 20.35674 0.4450722 0 0.0
0.0389217 0.06714529 -4.694149 0.9585615 2.010755 1.244433 0.06928908 20.23791 1.403542 0 0.0
0.009269589 -0.06917436 -6.734147 0.9395727 1.737199 1.024125 0.3800068 20.16823 0.6877003 0 0.0
0.06150036 -0.03238229 -3.715566 1.632484 0.6577939 0.3964127 0.3964766 19.03984 nan 0 0.0
0.1161527 -0.0428001 -0.3264651 -1.092315 2.154441 1.218978 0.6819391 20.18268 1.551203 0 0.0
0.1393467 0.05648626 -9.668749 0.4052865 0.1540653 0.08909164 0.1138211 16.58231 1.158919 1 0.0
0.09441933 0.09348633 0.8627482 -1.568266 0.7356218 0.4527391 0.3983935 19.02902 nan 0 0.0
0.05788462 0.06868997 -3.309392 1.572701 0.1457698 0.08973108 0.206725 16.61979 1.403949 1 0.9947213
0.02978658 0.05480554 -4.553229 1.687763 1.024735 0.7467821 0.2869469 19.76321 nan 0 0.0
0.05626943 0.01287412 -2.472418 2.477575 1.227748 0.933982 0.2766329 19.72451 1.075409 0 0.0
0.013543 -0.01094726 -1.77439 2.871588 0.2317922 0.1293763 0.3465292 15.71585 1.19378 0 0.0
0.02343328 -0.08713594 -3.036692 -4.63062 0.4517507 0.298171 0.4362979 18.44267 1.408724 1 0.0
0.0194433 0.009397588 -2.646682 1.61083 0.05363482 0.03083084 0.1864554 13.70793 1.763155 1 0.9578256
0.09789631 -0.1189131 -1.035471 -10.58995 1.007381 0.6696694 0.5782561 19.36642 1.241114 1 0.0
0.05293985 0.09392462 -6.039083 -2.974569 2.605662 1.517819 0.2785568 20.65331 nan 0 0.0
0.1570162 0.04333543 -0.733399 -5.993425 1.416156 0.8565926 0.1179074 20.04753 1.451502 0 0.0
-0.001233646 0.007465158 -9.860994 6.633428 0.6885467 0.4074547 0.1857258 16.99475 nan 0 0.0
0.1236338 -0.08199239 -0.1321936 -4.600502 1.241011 0.7953161 0.544245 19.84506 1.210966 1 0.0
0.1205039 -0.04122906 -1.062657 -3.045944 1.310415 0.8508989 0.5421519 19.74788 1.295303 1 0.0
-0.001959403 0.0372236 -4.419285 1.773738 0.8296257 0.569856 0.5747706 19.15873 0.9961834 0 0.0
0.08819433 -0.1327393 2.560754 -2.550805 0.5089787 0.3202221 0.4113439 18.6501 1.095289 1 0.0
0.04602197 0.0881216 -7.391296 -8.243133 1.282221 0.9449978 0.2983954 19.55315 1.121563 0 0.0
0.05540698 0.04094499 -11.80329 15.55268 2.382356 1.725535 -0.1355526 20.06273 0.6068897 0 0.0
-0.001192817 0.02922228 -8.133566 -7.287567 2.219452 1.433224 0.8570956 19.46046 nan 0 0.0
-0.004366008 -0.02681569 -3.580404 2.492132 0.8859707 0.5779667 0.5198541 18.38654 1.025318 0 0.0
0.02434172 0.07210645 -1.846072 -3.43239 0.5603928 0.3745838 0.4194543 18.835 1.052593 0 0.0
0.07388945 0.0682689 -5.620513 -5.653467 0.2775026 0.1635168 0.3052281 17.80178 1.293844 1 0.0
0.03301683 0.05300986 -4.117257 0.8954377 1.702925 1.210891 -0.05691069 20.12394 0.7762871 0 0.0
0.02677148 0.04012161 -2.741387 1.479466 0.3598909 0.2129306 0.2215594 18.10536 1.303291 0 0.0
0.05176713 0.01279992 -2.922799 1.490167 0.1071869 0.05483673 0.3563633 15.20152 1.599664 1 0.9899511
0.06333215 -0.0846694 -0.3246009 -2.657734 2.22085 1.316745 0.6217541 20.27083 nan 0 0.0
0.1303898 -0.02008915 -3.199411 -6.733113 1.495867 0.9511168 0.3590031 20.0272 0.8372917 0 0.0
0.05224538 0.01122042 -3.719232 -1.046144 2.322687 1.83176 -0.006934255 20.09283 nan 0 0.0
0.1333987 0.003030235 -5.228163 -4.204903 1.173197 0.7896603 0.3251383 19.78004 1.060865 0 0.0
0.06739788 0.08859373 -4.057469 -6.856409 0.6249341 0.4290787 0.3595761 18.96749 1.194551 1 0.0
0.1517541 -0.06573701 0.3010981 -6.254904 2.560724 1.453728 0.4862835 20.37442 0.3172512 0 0.0
-0.0008917028 0.02809886 -29.51339 -16.02738 2.113041 1.347306 0.8640648 19.4006 nan 0 0.0
0.03360213 -0.1001561 -4.837279 -2.757865 0.2346516 0.1378554 0.2995217 17.51685 1.147011 1 0.0
0.07854011 0.06180948 -2.267707 0.3089106 1.995015 1.183081 0.1487126 20.42351 1.183693 0 0.0
0.1258575 -0.04892708 4.105625 -2.346977 1.331401 0.8930852 0.4270995 19.82977 1.251135 0 0.0
0.088856 0.08890546 1.436868 -0.5273253 0.8434301 0.550313 0.4075817 19.09472 1.030479 0 0.0
0.144926 -0.06902609 -2.917966 -5.109082 2.128072 1.374184 0.3030996 20.42625 0.9090118 0 0.0
0.1285642 -0.0008381379 -0.2695058 -6.474359 1.045035 0.692016 0.4677549 19.56697 0.9397793 0 0.0
0.09139385 -0.1138018 -8.912856 -2.14916 0.9247185 0.6036774 0.4631353 19.49019 1.093203 1 0.0
0.0009835526 0.05234507 -7.205793 -5.457966 0.8540029 0.5740578 0.4552125 19.23265 0.9963284 0 0.0
0.04828797 0.07093549 -9.085523 -5.006887 1.185316 0.7763096 0.5238173 19.83403 1.122641 0 0.0
0.002610129 -0.05687545 -3.534563 1.600923 0.8088908 0.5206397 0.4929509 19.17665 1.079889 0 0.0
6.632768e-05 -0.01472874 -3.435301 1.536032 0.06883289 0.0409677 0.1389265 14.49985 1.390361 0 0.0
0.03334785 0.06165958 -1.303435 -8.780824 2.218 1.638668 -0.2530391 20.45557 1.070921 0 0.0
0.09203706 -0.06133887 1.22124 1.101058 2.356073 1.377646 0.6193075 20.38447 0.906311 0 0.0
0.006384099 -0.0702461 -3.593549 -2.687351 1.830198 1.091347 0.4366631 20.08704 0.8754387 0 0.0
0.09231033 -0.1130377 0.7566663 -6.266077 1.270555 0.8402573 0.4225223 19.68656 1.009634 0 0.0
0.1039314 0.07206824 -5.634154 -0.7899606 0.574165 0.3701122 0.4098235 18.73597 0.8272038 0 0.0
0.01907208 -0.001262522 -2.263728 3.458378 1.118165 0.6845121 0.4831251 17.71333 nan 0 0.0
0.04748835 -0.04298629 -3.18048 4.035186 1.916733 1.190153 0.4774035 20.0219 0.9301071 0 0.0
0.02223902 -0.04049724 -4.269481 2.346409 0.5478764 0.3457696 0.5219514 18.13658 1.248663 0 0.0
0.01876946 -0.01111965 -3.261829 1.686475 0.07193369 0.04255913 0.2693574 14.6005 1.761969 1 0.9980703
0.09296797 -0.09419177 -1.282588 1.278105 1.882102 1.257127 -0.03954447 20.43564 0.9853268 0 0.0
0.1428641 -0.05541841 -1.473934 -3.727654 1.925814 1.224862 0.2835398 20.35246 0.8314648 1 9.57259e-06
0.01045188 5.845897e-05 -4.485136 0.9348176 0.2532057 0.1470489 0.2626298 15.69486 1.367139 0 0.0
0.08169452 0.08933224 0.3421377 1.866519 0.6937342 0.4377722 0.3457031 18.97276 1.202421 1 0.0002915807
0.0474509 -0.06761586 -3.819007 1.726569 1.475254 0.8642031 0.615992 19.74832 nan 0 0.0
-0.06057185 -0.0109165 -5.236778 -1.827861 0.5999432 0.4083968 0.4325729 18.91669 1.08515 0 0.0
0.08320674 -0.09333177 -0.5357678 -7.046989 0.5815396 0.3277368 0.5583865 18.53877 1.276661 0 0.0
0.03642629 -0.03172703 -2.840074 2.290495 1.777875 1.13414 0.5001645 19.71363 0.774744 0 0.0
0.1573817 -0.0001125939 -3.990787 -2.6262 1.696806 1.090428 0.3745183 20.09974 0.8372326 0 0.0
0.04177913 0.0559825 -3.478474 3.608695 2.242631 1.315734 -0.1777767 20.49587 1.194225 0 0.0
0.06155559 -0.03142483 -3.520685 1.177265 0.5952577 0.3602397 0.5001502 18.75994 1.266066 0 0.0
0.08556282 -0.03176048 -5.669139 -1.297819 0.2256562 0.1310844 0.1086211 17.28516 0.6167374 1 0.0
-0.001726605 0.0298517 -3.349074 1.7616 0.7978956 0.5339473 0.3103612 19.02624 nan 0 0.0
0.01026574 0.0614789 0.756714 -6.902533 1.583066 0.90938 0.1265884 20.10962 nan 0 0.0
0.1499553 -0.06082134 -6.115885 -8.516078 1.083651 0.7297026 0.4499935 19.58319 0.7733765 0 0.0
0.1105905 -0.03772302 -3.480214 -6.444642 0.2886406 0.1702557 0.2662238 17.93995 1.800056 1 0.0
0.01479735 0.0620716 -0.8559464 -4.671621 1.325243 0.9492191 0.2134005 19.97002 0.9858875 0 0.0
0.1024411 0.09004249 -2.110774 4.864089 0.6877865 0.4175414 0.3224356 19.09458 1.124792 1 0.0
0.06808887 -0.1337061 -0.05965084 -8.060782 1.907359 1.253881 0.4212615 19.06779 1.435293 0 0.0
