data/gcs/NGC_6642.ecsv
# %ECSV 0.9
# ---
# datatype:
# - {name: x, unit: deg, datatype: float64}
# - {name: y, unit: deg, datatype: float64}
# - {name: pmx, unit: mas / yr, datatype: float64}
# - {name: pmy, unit: mas / yr, datatype: float64}
# - {name: pmx_e, unit: mas / yr, datatype: float64}
# - {name: pmy_e, unit: mas / yr, datatype: float64}
# - {name: pm_corr, datatype: float64}
# - {name: g_mag, unit: mag, datatype: float64}
# - {name: bp_rp, unit: mag, datatype: float64}
# - {name: filter, datatype: int64}
# - {name: memberprob, datatype: float64}
# meta: !!omap
# - comments: [deg deg mas/yr mas/yr mas/yr mas/yr dimless mag   mag   zeroone float]
# - __serialized_columns__:
#     bp_rp:
#       __class__: astropy.units.quantity.Quantity
#       unit: &id001 !astropy.units.Unit {unit: mag}
#       value: !astropy.table.SerializedColumn {name: bp_rp}
#     g_mag:
#       __class__: astropy.units.quantity.Quantity
#       unit: *id001
#       value: !astropy.table.SerializedColumn {name: g_mag}
#     pmx:
#       __class__: astropy.units.quantity.Quantity
#       unit: !astropy.units.Unit {unit: mas / yr}
#       value: !astropy.table.SerializedColumn {name: pmx}
#     pmx_e:
#       __class__: astropy.units.quantity.Quantity
#       unit: !astropy.units.Unit {unit: mas / yr}
#       value: !astropy.table.SerializedColumn {name: pmx_e}
#     pmy:
#       __class__: astropy.units.quantity.Quantity
#       unit: !astropy.units.Unit {unit: mas / yr}
#       value: !astropy.table.SerializedColumn {name: pmy}
#     pmy_e:
#       __class__: astropy.units.quantity.Quantity
#       unit: !astropy.units.Unit {unit: mas / yr}
#       value: !astropy.table.SerializedColumn {name: pmy_e}
#     x:
#       __class__: astropy.units.quantity.Quantity
#       unit: &id002 !astropy.units.Unit {unit: deg}
#       value: !astropy.table.SerializedColumn {name: x}
#     y:
#       __class__: astropy.units.quantity.Quantity
#       unit: *id002
#       value: !astropy.table.SerializedColumn {name: y}
# schema: astropy-2.0
x y pmx pmy pmx_e pmy_e pm_corr g_mag bp_rp filter memberprob
[from data line 1661]
-0.01161009 -0.01010984 2.648981 -7.079824 0.4321271 0.3727712 0.2865368 18.31367 1.060211 0 0.0
0.002608486 -0.01750605 -0.5007353 -0.2289833 0.35691 0.3056711 0.4812875 17.69312 1.54097 1 0.0
0.03490892 -0.009070628 -0.7167465 -4.657568 0.5856428 0.5299028 0.4372805 18.80965 0.91329 0 0.0
0.01786346 -0.006520909 0.9968031 -4.446381 1.018326 0.9407456 0.567209 19.06354 nan 0 0.0
0.04317096 0.006336397 -2.001466 -2.720087 0.6673722 0.6063338 0.4892118 18.99987 0.9523392 0 0.0
-0.01334292 -0.03511534 3.042023 2.179132 0.6283213 0.5112853 -0.1692805 18.00227 1.423925 0 0.0
0.004428921 0.01863053 0.4394479 -3.12531 0.3467092 0.3107084 0.5381408 17.33026 nan 0 0.0
0.009691954 0.01644251 -0.8872333 -5.793046 0.3990125 0.3433475 0.3625507 18.31217 1.320955 0 0.0
0.02373811 -0.02499451 4.252389 -2.787552 0.6333056 0.5542209 0.6383344 18.6289 1.400021 0 0.0
-0.007018056 -0.04274997 -2.182714 -2.169193 0.7489429 0.6342806 0.3206436 18.65462 1.377422 0 0.0
0.00389723 0.02633051 1.005386 -4.438019 0.725746 0.7500703 0.6585778 18.8498 nan 0 0.0
0.01156547 -0.008315021 -1.421377 -3.796775 0.89741 0.802427 0.5397904 18.69314 nan 0 0.0
-0.001198329 0.03104934 -1.440265 -5.373729 0.5330418 0.4487373 0.4371176 18.7769 1.302717 0 0.0
0.0310505 0.008676308 -3.100512 -6.268605 0.6514386 0.5898161 0.4958136 18.89094 1.409422 0 0.0
0.02119396 -0.008712945 -2.013193 -6.417853 1.417644 1.79548 0.8689601 19.10662 1.2309 0 0.0
-0.00573263 -0.001888781 -3.005265 -5.396988 1.572026 1.962572 0.8772702 19.07668 nan 0 0.0
0.03220052 0.01803158 -6.266716 -5.952114 0.5467119 0.4606341 0.4262945 18.80228 1.564035 0 0.0
-0.004837619 0.01754904 -0.3277381 -3.741535 0.1484869 0.1299131 0.3323565 16.49975 0.7295523 1 0.9767978
0.002720607 -0.009289197 0.07536548 -3.565431 0.1766607 0.1510438 0.2470446 16.73862 1.468606 0 0.0
0.01993125 -0.02961157 -2.117117 -4.813528 0.5803248 0.4952787 0.8755324 17.54783 1.458942 0 0.0
0.01189821 -0.04302307 0.9058991 2.78693 1.527683 1.933586 0.5944571 19.23375 nan 0 0.0
0.008992974 0.02966812 0.9798314 -1.947493 0.2960614 0.2888619 0.3871141 17.31505 nan 0 0.0
-0.006236458 -0.002243571 -4.15094 -5.646493 0.5033294 0.4350953 0.3912098 18.47139 1.283529 0 0.0
-0.02888132 -0.002614703 0.5645088 -7.603571 0.5318485 0.4142164 -0.1855922 18.51684 1.59338 1 0.0
0.005267847 -0.005060683 -0.9852593 -3.988446 0.6582189 0.6251088 0.5942711 17.69335 nan 0 0.0
0.03084459 -0.0338537 -5.357567 -6.564313 0.7589405 0.6401358 0.492729 18.59666 1.213337 0 0.0
0.01788757 -0.03507773 3.035764 3.441949 0.4539993 0.4162038 0.3699571 18.32046 nan 0 0.0
0.04337133 0.01976979 -0.8408727 -7.738584 0.6513995 0.6151723 0.5878619 18.82287 0.9490738 0 0.0
0.03393323 0.006289505 0.4612383 -3.998224 1.816072 1.556161 0.2330694 19.79297 nan 0 0.0
-0.02613801 -0.003520122 -2.525523 -6.558161 0.4067476 0.3337369 0.006638536 18.4048 1.486868 1 0.0
0.03992183 -5.601274e-05 -2.63682 -2.958497 0.950128 0.9729812 0.5490514 19.01016 1.069954 0 0.0
-0.01514114 0.02783078 -4.607319 -3.738333 0.3174109 0.2680476 0.1788219 18.20794 1.268951 1 0.0
0.01125544 -0.03328409 -1.046165 -3.594006 1.536032 1.888633 0.8152574 19.20188 1.494703 0 0.0
0.02027099 -0.004159959 -5.213891 -5.2837 0.1245152 0.1048673 0.2249983 16.19135 1.736771 1 0.0
0.03198042 0.03397706 -4.17695 -3.108663 0.6287654 0.5837665 0.5622221 18.86826 1.22975 0 0.0
0.03507551 -0.01415376 1.148589 -3.525122 0.3375268 0.2856741 0.3107404 17.93015 1.085577 0 0.0
0.02995544 -0.005914656 0.6144439 -5.60415 0.5669388 0.5185683 0.3366343 18.77817 nan 0 0.0
-0.01757613 0.02179563 3.844696 -8.740908 0.250104 0.2212606 0.3226964 17.6286 1.405819 1 0.0
-0.01217171 0.009667407 -0.3782407 -6.585202 1.551353 2.037912 0.8300514 19.45643 nan 0 0.0
0.01066932 -0.01408277 0.7320362 -2.858305 0.3779119 0.3154827 0.3515316 18.23006 1.370565 0 0.0
0.008545053 0.03040629 -4.804352 -4.271855 0.5081084 0.4391762 0.3571649 18.60479 1.152422 0 0.0
0.0101645 -0.02729112 -2.062057 -4.163601 0.4495991 0.368187 0.3859163 17.84792 1.623131 0 0.0
0.01139687 -0.01587001 -0.8053255 -3.316351 0.3945974 0.3301126 0.5673273 17.95741 1.170542 0 0.0
-0.03394826 -0.0005636025 -0.3983933 -3.273033 1.302644 1.623698 0.4747139 19.1625 1.428001 0 0.0
-0.003885958 0.02383379 -3.346589 -6.411092 0.1217325 0.1003106 0.006389845 16.28553 1.769347 1 0.0
-0.01552622 -0.03062568 -1.366323 0.393844 0.1856343 0.1542732 0.1461186 16.8376 1.401666 1 0.0
0.01229429 0.003310203 -0.01169485 -3.80754 0.1341001 0.1140273 0.2447358 16.21859 1.617971 1 0.9905209
-0.04673561 -0.01418026 -0.1270053 -1.502082 1.316106 1.778558 0.7580437 19.42098 1.681505 0 0.0
-0.01636503 -0.03665491 -5.104106 -4.084923 0.6994083 0.6068212 0.269423 18.87395 nan 0 0.0
0.008264543 0.02197202 -3.298254 -4.792286 0.7884548 0.7757471 0.5896076 18.96669 1.163694 0 0.0
-0.01281652 0.01952834 -4.864345 -3.967949 0.3674139 0.3145222 0.2438197 18.4193 1.398773 0 0.0
-0.01421091 -0.03064842 -3.193715 -3.360009 0.6052172 0.5224968 0.3676562 18.8145 1.215569 0 0.0
0.03781532 -0.02491577 -5.159385 -5.670402 0.7626117 0.7873565 0.6753747 18.98919 1.297585 0 0.0
0.009660526 -0.03042485 -1.712179 -2.813291 0.4742513 0.3889965 0.2048259 18.38531 1.446831 0 0.0
0.002272829 -0.005911274 -1.831744 -2.06782 0.6321475 0.536596 0.4224584 17.19729 nan 0 0.0
-0.003660208 -0.04010625 -3.068201 -2.039922 0.5213309 0.4326348 0.2372319 18.59853 1.400984 0 0.0
0.008209897 0.04365857 1.480964 -4.831029 0.6550593 0.6293076 0.435023 19.06193 1.208532 0 0.0
0.02009912 -0.02988816 -2.978935 -5.79234 0.5469189 0.5081027 0.4439849 18.53847 nan 0 0.0
-0.005396664 -0.003607288 3.364668 -4.655809 0.512573 0.4396119 0.26601 16.35058 1.061234 0 0.0
0.03927975 0.005765408 -0.9819638 -4.971744 0.7155101 0.6634038 0.4801857 19.07139 0.8991375 0 0.0
-0.002710044 0.02153737 -1.49959 -5.419956 0.1619147 0.1419526 0.2967806 16.40216 1.332458 0 0.0
0.01240774 0.01907443 -2.442702 -2.670964 0.3372256 0.2918578 0.3884129 18.05181 1.362194 0 0.0
0.002272837 -0.005463048 -0.5886996 -2.895316 0.5588352 0.4225139 -0.3344441 16.12729 nan 0 0.0
0.03933985 0.01957078 -5.213397 -5.450044 0.7837617 0.8173353 0.7055799 19.01405 1.121578 0 0.0
0.0274048 -0.02277316 -0.7176571 -5.712625 0.08439201 0.06987044 0.1658471 14.89078 1.660649 0 0.0
0.003531252 -0.04880566 -0.1263845 -4.020769 0.1195965 0.09825595 0.08863993 15.92177 1.296581 1 0.9382273
0.03941881 0.002747941 -0.7348854 -2.716618 1.446825 1.866927 0.8499984 19.30064 nan 0 0.0
0.03258532 -0.01087629 -2.159666 -3.290184 0.8190217 0.8498069 0.665429 19.02888 0.9574528 0 0.0
0.009689568 -0.01605108 -0.1924016 -3.742862 0.09698409 0.07988974 0.1543192 15.38022 1.622986 1 0.9890028
0.01168202 0.04356675 -0.05262113 -3.851186 0.1866885 0.1647506 0.35186 16.9078 1.553782 1 0.9321302
0.01148339 0.01346881 0.8289126 2.413809 1.066241 0.8766509 -0.03055066 18.5559 1.35063 0 0.0
-0.02468337 0.00125616 -0.4274164 -5.875973 1.527399 1.790852 0.7960738 19.4065 nan 0 0.0
0.02766513 0.01754051 3.11474 -7.154387 0.6375364 0.5679782 0.4205888 18.85254 1.141644 0 0.0
0.01497618 -0.04404191 -3.556968 -2.603083 0.6968809 0.6288997 0.3558139 18.87581 0.9841785 0 0.0
0.01651969 -0.008374676 -0.2729543 -6.091768 0.6512675 0.5735398 0.6567631 18.64935 1.113527 0 0.0
-0.01163626 -0.03074545 -1.756033 -10.12737 1.313345 1.202908 0.4080737 19.71017 nan 0 0.0
0.007590769 -0.01035178 1.243672 -3.81448 0.7703083 0.7015093 0.3353042 18.91342 1.113228 0 0.0
0.04065643 0.02207473 -2.641301 -2.665011 0.6458603 0.5941182 0.5919068 18.87838 1.191862 0 0.0
0.007784558 -0.04654373 -3.324588 -3.192693 0.1093986 0.09077127 0.06188059 14.73112 2.628374 1 0.0
-0.04511986 0.008021841 0.683379 -5.305001 1.562106 2.063576 0.413629 19.5597 1.147688 0 0.0
0.008766635 -0.005774217 -1.199396 -5.035185 0.9720055 0.8328113 0.2354617 18.28848 1.175768 0 0.0
0.008571764 0.01058131 -0.2674642 -4.12674 0.1121051 0.09411376 0.2202342 15.92945 1.61733 1 0.9796615
0.008008763 -0.04078736 2.594531 -4.754059 1.307337 1.090818 -0.1209514 18.96555 1.173536 0 0.0
0.01498315 0.01725455 -9.632065 -7.572888 0.4575221 0.3842673 0.2805512 18.38908 1.814177 0 0.0
0.006332168 0.009009781 -0.9529891 -3.171144 0.3565197 0.318777 0.5750419 17.21713 1.55179 0 0.0
-0.02499073 -0.001650698 -3.393696 -4.216396 1.132416 1.539811 0.7704962 19.2245 1.560337 0 0.0
0.03651018 0.01203184 -4.110696 -8.093828 0.5038657 0.4251812 0.2907736 18.35271 1.122824 0 0.0
-0.01469087 0.007094138 -0.7008526 -1.014891 1.1534 1.449885 0.8334492 19.20457 1.268616 0 0.0
0.01724294 -0.04266126 -2.241524 -4.715854 1.420926 1.703821 0.8531947 19.14868 nan 0 0.0
0.03412852 0.0037317 -3.263359 -6.261895 0.447058 0.3636802 0.2525005 17.95452 1.201197 0 0.0
0.005799669 -0.005079778 -0.4722524 -5.216774 0.4751439 0.4322377 0.5252229 17.33629 1.406456 0 0.0
0.0164952 0.01964428 -3.280095 -5.661308 1.428102 1.813131 0.8647663 19.15754 0.9219208 0 0.0
0.0142212 -0.03906555 1.621917 -7.251225 0.6872578 0.5724364 0.1944817 18.79296 1.182293 0 0.0
-0.04201171 0.005272471 -2.498707 -6.595654 0.2188399 0.1616242 -0.3921957 16.71227 1.788103 1 0.0
0.02707983 0.0302245 -3.221184 -3.106399 0.6739109 0.6049483 0.4016173 18.88457 nan 0 0.0
0.009773071 -0.02227667 -3.526031 -4.041765 0.6118094 0.5687667 0.5445057 18.85186 1.280375 0 0.0
-0.004334193 0.03256371 -0.8971284 -6.871238 0.1278879 0.1087768 0.1257826 16.14328 1.725679 1 0.0
0.04042533 -0.001202483 -3.367373 -2.908052 0.7535297 0.6533719 0.3512651 19.0001 1.116604 0 0.0
-0.0221647 0.004939697 -0.3120007 -4.12688 1.597262 1.953887 0.764629 19.56569 1.311115 0 0.0
-0.001394036 0.004365532 -0.08954864 -5.798714 0.9179936 0.8881522 0.5749934 18.65722 nan 0 0.0
0.03387356 -0.00804802 5.182219 -10.56787 0.9750631 0.8295545 0.178973 18.90013 0.9198513 0 0.0
0.01391442 -0.02923695 -0.9249285 -1.094974 0.3476869 0.3379821 0.3827485 17.67242 1.213087 0 0.0
-0.01872388 0.02107258 -1.379666 -9.845535 0.4485437 0.3796695 0.1764962 18.6315 1.223156 0 0.0
-0.005173058 0.004609579 -0.2292527 -4.323594 0.1708052 0.1393971 0.1662141 16.50422 0.7854528 0 0.0
-0.02079155 -0.004631155 -1.981775 -5.577862 0.3091285 0.264397 0.06140181 17.69134 1.373892 1 0.0
-0.003856805 -0.01569982 -0.6451817 -4.015607 0.8317529 0.7195462 0.4534071 19.01427 1.01746 0 0.0
-0.01885607 -0.03336316 -1.675572 1.521234 0.4186125 0.3476287 0.230555 18.31196 1.366894 0 0.0
0.006134944 -0.01825766 -1.128012 1.342883 1.434006 1.232773 0.33224 18.61124 1.228201 0 0.0
-0.02179397 -0.03635243 -2.653743 -2.324291 0.5433695 0.4473785 0.1291016 18.47228 1.510477 0 0.0
0.02517773 0.03953274 -7.067212 -9.945382 1.223842 1.456763 0.8828951 19.00727 nan 0 0.0
0.01839127 -0.03519797 -3.648006 -8.144834 0.1073126 0.08666688 0.05107771 15.58004 1.619361 1 0.0
0.03911425 0.01407005 -2.522907 -5.469391 0.7808931 0.7171916 0.4750702 18.95965 0.7902737 0 0.0
0.009241045 -0.02615808 -3.921007 -6.288736 0.6988618 0.6232347 0.3883784 18.91927 0.5837994 0 0.0
-0.01760008 -0.008535033 -0.7241686 1.480539 1.441883 1.66592 0.8456978 19.14675 nan 0 0.0
0.03206243 0.02582504 3.205776 -4.687303 0.3192185 0.2827474 0.603776 17.57711 1.348269 1 0.0
-0.01712877 0.02628368 1.471517 -7.836224 1.07333 1.367701 0.8173583 19.20377 1.239773 0 0.0
-0.04072412 0.00554944 -5.506402 -1.263171 2.141162 2.119884 0.3760646 19.88702 nan 0 0.0
0.008515665 0.008858978 0.9822841 -4.592977 0.2826465 0.250957 0.2925743 16.93757 1.605051 0 0.0
-0.0001903209 -0.01600685 2.511323 -3.256017 0.120164 0.0964844 0.05763302 15.81411 1.462985 1 0.0
0.01562387 -0.009564753 0.1386602 -3.973825 0.1375091 0.1160171 0.2335999 16.31321 0.7550564 1 0.9415448
0.03659656 0.02069309 0.5396688 -2.390268 1.421303 1.713131 0.875673 19.1263 1.272806 0 0.0
-0.01983437 -0.04111286 -1.273027 -3.976049 0.4650746 0.3901385 0.1899311 18.23964 1.407261 0 0.0
0.005575263 -0.01644947 0.3923734 -3.360466 0.3200116 0.2751219 0.3764435 17.98518 nan 0 0.0
0.03746158 0.01058581 -1.310564 -3.952406 1.321726 1.653294 0.8688343 19.01285 0.9389343 0 0.0
0.01363371 -0.03746141 -5.600168 -4.927734 0.5149837 0.4268883 0.2637783 18.66348 1.11587 0 0.0
-0.03330223 -0.009365852 -3.341212 -5.217957 1.399915 1.769946 0.7939097 19.44651 1.142908 0 0.0
0.03720996 0.01175699 3.524335 -5.175758 0.695323 0.6490683 0.5016941 18.90032 nan 0 0.0
0.02450501 0.03571435 -1.869944 -8.05468 1.159311 1.40591 0.8880262 18.9819 1.330305 0 0.0
-0.0005823202 0.02075538 -4.766112 -4.547071 0.1345286 0.1176453 0.2669057 16.24594 1.653903 1 0.0
0.002077501 0.03256186 -5.016959 -5.077856 2.356173 1.881277 0.2387033 20.02075 0.6238766 0 0.0
-0.02018066 0.02748488 -3.758487 -5.757572 1.467538 1.818718 0.8363645 19.46364 1.143414 0 0.0
-0.009593335 -0.03078343 -2.568422 -5.551348 0.1486994 0.1217212 0.09911215 16.28065 1.665759 1 0.0
0.005380109 0.002282605 -0.1399019 -3.973786 0.1747578 0.1484202 0.2191008 16.10258 1.50329 0 0.0
-0.03322011 -0.00200728 -2.84812 -3.826036 0.7230258 0.5556029 -0.3856719 18.53176 1.406055 0 0.0
0.003169082 0.01728207 3.372643 -3.921295 0.675626 0.5629198 0.2992665 18.82055 1.032297 0 0.0
0.005549104 0.02706669 -0.380388 -3.657111 0.09730423 0.07699828 -0.02149946 15.00884 2.030624 1 0.7748284
0.005883971 0.002309287 -0.3947274 -5.556581 0.7972364 0.7037812 0.5150226 17.63441 nan 0 0.0
-0.01583481 -0.02441349 -0.7928029 -3.83901 0.6599658 0.5685619 0.4441527 18.34097 nan 0 0.0
-0.02723413 0.01817765 -1.124429 -8.288712 0.3425071 0.2881219 0.1261579 18.17407 1.624895 0 0.0
0.01945516 -0.0318965 -1.694922 -5.738616 0.6156015 0.5298588 0.3108766 18.78021 1.272552 0 0.0
0.008401671 -0.02283352 -4.964039 -2.417125 0.5637203 0.489793 0.06653222 17.12374 1.305939 0 0.0
0.02600586 -0.02068242 -4.464309 -11.14021 0.312244 0.2659286 0.3414819 17.97878 1.14966 0 0.0
-0.04824824 -0.01080289 0.3527629 -9.885447 1.752886 1.533245 -0.2442917 19.94058 1.332134 0 0.0
0.01050585 0.04204098 -3.389394 -8.220759 0.6896494 0.6022115 0.6906313 18.68069 nan 0 0.0
0.008623923 -0.0479247 4.776471 -1.99538 1.009443 1.017924 0.5662433 18.98779 1.214941 0 0.0
0.008010733 -0.008368163 -1.635902 0.6068234 0.393926 0.334516 0.3815605 18.31864 1.060085 0 0.0
0.0003974045 -0.0260376 1.204373 -3.497864 0.8036039 0.7021236 0.532242 18.94547 1.345947 0 0.0
0.02657267 0.01435165 -4.05412 -6.394815 1.543995 1.948882 0.6064174 19.28963 1.439484 0 0.0
0.01755529 -0.008567452 -0.946378 -6.12494 1.466813 1.767658 0.8726331 19.23606 1.040979 0 0.0
0.01475258 -0.04177023 0.5461136 -3.945501 0.3892863 0.3273799 0.2533301 18.13789 1.078943 0 0.0
0.02124654 -0.0297758 -4.462207 -4.528052 1.655747 1.542793 0.5406833 19.80892 0.9565964 0 0.0
0.007617995 -0.0235678 -1.465509 -5.137369 0.6735515 0.6072368 0.3850433 18.8968 nan 0 0.0
0.04541318 0.01437512 -3.321828 -1.298788 0.6317824 0.5611771 0.4190796 18.80879 1.287926 0 0.0
0.007478875 -0.009232161 4.84887 -6.062787 0.7872041 0.6710382 0.4894476 18.48518 nan 0 0.0
0.03858422 0.02046555 -0.9648751 -3.06429 0.6444813 0.5953193 0.5331574 18.93688 1.142721 1 0.07644174
0.007757159 -0.03665031 -5.340497 -5.653382 0.495784 0.4113993 0.2363394 18.49983 nan 0 0.0
0.008486338 -0.01186436 3.424344 1.541566 0.5880068 0.5600298 0.3827012 17.62834 nan 0 0.0
0.03849367 -0.002037324 -2.444372 -6.37027 1.48217 1.838634 0.8547377 19.17619 1.342754 0 0.0
0.01593744 0.03752383 -3.033219 -8.1927 0.554503 0.5053034 0.2813811 18.77828 1.094934 0 0.0
-0.002933276 -0.01169246 -0.479364 -4.53972 0.4234448 0.3813125 0.4435904 17.44803 1.306831 0 0.0
0.002497159 0.01555593 1.715129 -3.697899 1.800332 1.607704 0.5508836 20.03171 nan 0 0.0
-0.005816035 -0.01479772 -4.411209 -3.024405 0.4120366 0.3596544 0.09825509 18.0617 1.377285 1 0.0
-0.0120337 0.03121283 -2.033724 -3.963503 0.4707948 0.3883709 0.04270458 18.66838 1.292225 0 0.0
0.03542146 0.02343427 -3.524832 -4.291086 0.08106802 0.06814527 0.219785 14.99749 1.930452 1 0.0
0.0384124 0.007238137 -4.547992 -6.811197 0.4114406 0.3439272 0.2927279 18.15309 1.361004 0 0.0
-0.0130619 -0.04698093 -3.780425 -8.80533 1.531746 2.06067 0.7897887 19.30808 1.168049 0 0.0
