data/gcs/NGC_2419.ecsv
# %ECSV 0.9
# ---
# datatype:
# - {name: x, unit: deg, datatype: float64}
# - {name: y, unit: deg, datatype: float64}
# - {name: pmx, unit: mas / yr, datatype: float64}
# - {name: pmy, unit: mas / yr, datatype: float64}
# - {name: pmx_e, unit: mas / yr, datatype: float64}
# - {name: pmy_e, unit: mas / yr, datatype: float64}
# - {name: pm_corr, datatype: float64}
# - {name: g_mag, unit: mag, datatype: float64}
# - {name: bp_rp, unit: mag, datatype: float64}
# - {name: filter, datatype: int64}
# - {name: memberprob, datatype: float64}
# meta: !!omap
# - comments: [deg deg mas/yr mas/yr mas/yr mas/yr dimless mag   mag   zeroone float]
# - __serialized_columns__:
#     bp_rp:
#       __class__: astropy.units.quantity.Quantity
#       unit: &id001 !astropy.units.Unit {unit: mag}
#       value: !astropy.table.SerializedColumn {name: bp_rp}
#     g_mag:
#       __class__: astropy.units.quantity.Quantity
#       unit: *id001
#       value: !astropy.table.SerializedColumn {name: g_mag}
#     pmx:
#       __class__: astropy.units.quantity.Quantity
#       unit: !astropy.units.Unit {unit: mas / yr}
#       value: !astropy.table.SerializedColumn {name: pmx}
#     pmx_e:
#       __class__: astropy.units.quantity.Quantity
#       unit: !astropy.units.Unit {unit: mas / yr}
#       value: !astropy.table.SerializedColumn {name: pmx_e}
#     pmy:
#       __class__: astropy.units.quantity.Quantity
#       unit: !astropy.units.Unit {unit: mas / yr}
#       value: !astropy.table.SerializedColumn {name: pmy}
#     pmy_e:
#       __class__: astropy.units.quantity.Quantity
#       unit: !astropy.units.Unit {unit: mas / yr}
#       value: !astropy.table.SerializedColumn {name: pmy_e}
#     x:
#       __class__: astropy.units.quantity.Quantity
#       unit: &id002 !astropy.units.Unit {unit: deg}
#       value: !astropy.table.SerializedColumn {name: x}
#     y:
#       __class__: astropy.units.quantity.Quantity
#       unit: *id002
#       value: !astropy.table.SerializedColumn {name: y}
# schema: astropy-2.0
x y pmx pmy pmx_e pmy_e pm_corr g_mag bp_rp filter memberprob
[from data line 495]
-0.0004365903 0.007263698 -0.9973116 1.706899 1.564042 0.9353948 0.316763 19.94464 nan 0 0.0
0.02988096 0.002314688 -0.0422215 -0.2908322 0.5081462 0.3357678 0.08715237 19.05752 1.160307 1 0.997237
-0.007838187 -0.01417828 -0.3707286 -0.8016512 0.1542766 0.09692897 0.1867559 16.84194 1.499568 1 0.9924367
0.003483693 -0.01206529 1.745734 -1.611463 3.656988 2.598537 0.2928238 20.70506 0.5438957 0 0.0
-0.003238779 0.0232855 -3.420044 -2.269695 3.713143 1.632542 0.3873593 20.7919 0.07817459 0 0.0
0.005947674 0.001324462 -1.595719 -0.3173133 1.687748 1.344614 -0.1358477 20.29885 nan 0 0.0
0.0104193 0.003735865 -6.263389 4.499571 2.460091 2.018639 0.5554015 20.19527 0.2619839 0 0.0
0.009244487 -0.00429805 1.691823 0.6916538 1.098712 0.7393927 0.2765435 19.81134 nan 0 0.0
-0.01474491 -0.005964144 -0.3589444 -0.005347561 1.769762 1.608908 -0.1665328 20.35377 nan 0 0.0
0.004985519 0.002121659 -0.5274594 0.958676 0.793054 0.5103043 0.1178619 19.06864 0.7791443 0 0.0
-0.000282191 0.007572687 7.992851 -5.438045 3.226759 1.835421 0.2853236 20.45758 nan 0 0.0
-0.008034326 -0.01518153 -2.445507 -0.5221083 0.4950195 0.3149193 0.2034508 18.63952 1.007772 0 0.0
-0.0004781615 0.006897487 -9.599559 -1.931927 3.372372 1.854994 0.3935589 20.3563 nan 0 0.0
-0.03427584 0.002473075 0.1761342 -0.685272 0.2871032 0.1970204 -0.01070239 18.07341 1.330465 0 0.0
-0.01795315 -0.05666454 1.377139 -1.934615 1.608389 0.9700111 0.1844551 20.44273 0.2778416 0 0.0
-0.02940062 0.001200596 0.2826869 0.193572 0.7434904 0.418056 0.07563499 19.4278 1.044443 0 0.0
0.02620375 0.005288701 3.290142 0.7127503 1.663465 1.039717 0.5912186 20.01006 0.944746 0 0.0
0.00483521 -0.05822304 1.790482 -4.113393 0.7595009 0.497988 0.04862991 19.72463 0.7361221 0 0.0
0.001725065 0.003906784 0.04793733 0.5704334 3.392507 2.126086 0.336573 20.56949 nan 0 0.0
-0.03881677 -0.02605471 0.1421941 -0.4847426 0.1677616 0.1024182 0.102553 17.38837 1.453985 1 0.9992624
0.08016367 -0.05465324 -1.585074 -1.826287 1.763671 1.231412 -0.01189222 20.57068 0.1389332 1 0.6360841
-0.02017387 -0.006885967 -0.76758 -3.719753 2.158681 1.676051 -0.0145684 20.75795 nan 0 0.0
-0.002645553 0.0104185 -0.3287291 -0.7208539 0.1655268 0.1011039 0.07570703 17.08574 1.456396 0 0.0
-0.07013096 -0.04840392 -0.5450926 -0.5133818 0.4471997 0.2794201 0.1169435 18.97335 1.141201 1 0.9784247
-0.04072438 -0.01653979 -1.805486 -1.166519 0.6477941 0.4103892 0.04100702 19.46491 1.153122 0 0.0
0.03411852 -0.004332422 2.644434 1.216199 2.832958 1.579777 0.4312916 20.56332 0.004739761 0 0.0
-0.001285816 0.005287695 3.21123 -1.992268 1.408806 0.8604137 0.1735211 20.01944 nan 0 0.0
0.003765028 0.05928481 0.000531812 -0.469907 0.1818755 0.1207127 0.09970929 17.57687 1.413597 1 0.9988903
-0.00331667 0.008091563 -0.6963819 -1.613568 2.74206 1.857934 0.4966861 20.45123 nan 0 0.0
0.02462779 -0.005377757 -2.739862 -0.7348534 3.256573 1.634646 -0.1118938 20.69361 0.1815243 0 0.0
-0.07296357 -0.005703146 -0.2109427 -0.3361424 0.8443421 0.5301829 0.1413731 19.78379 0.8185539 0 0.0
0.003691132 -0.003184664 0.1842691 -2.60126 0.7222217 0.4639182 -0.09843 18.72248 nan 0 0.0
0.01217817 -0.002222412 2.638647 0.02704903 1.811634 1.049937 0.4255297 20.30822 0.6991348 0 0.0
0.004991835 -0.003241805 0.09278939 0.02049723 1.043936 0.5837362 0.1821043 19.5364 nan 0 0.0
0.03142057 -0.0009805466 -0.8587558 0.5756398 1.828107 1.239359 0.1047444 20.61162 0.1558666 0 0.0
-0.01184615 -0.004232814 -0.3907112 -0.4388525 0.9124524 0.7405802 -0.320438 19.77721 0.8614883 0 0.0
-0.06827067 -0.05448254 0.4405232 0.1716393 0.5714074 0.3324251 0.1864938 19.10696 0.5259609 0 0.0
0.00713568 -0.0009528033 -0.158611 1.383401 1.171539 0.7483706 0.157788 19.92648 nan 0 0.0
0.006690198 -0.0004073449 -0.1847467 2.401263 1.25372 0.8338821 0.1327761 19.8212 nan 0 0.0
-0.03936258 -0.01390842 -0.7067114 -1.242735 2.213128 1.283964 0.2681648 20.5901 0.3394299 0 0.0
-0.04092374 -0.01199637 -0.08564835 -0.4815665 0.3786474 0.2395247 0.09037005 18.68652 1.197128 1 0.9979861
0.007444451 -0.0003691229 0.4494162 4.652454 2.59577 1.520948 0.2160311 20.69008 nan 0 0.0
0.0004604478 -0.04548212 -3.202645 -1.185258 1.642954 1.175876 -0.03306276 20.45653 0.5074501 0 0.0
-0.008526779 -0.01027196 -0.1138509 -0.6054711 0.221675 0.1426984 0.1620471 17.7948 1.269394 0 0.0
-0.03029701 -0.01184148 -2.547755 -1.136171 1.178014 0.7229856 -0.05616521 20.18257 0.4420414 0 0.0
0.001844165 -0.008704603 -0.06846516 0.1639154 1.170836 0.8003062 -0.0272981 19.98421 0.6750641 0 0.0
-0.001410561 0.003460457 -0.07015756 -0.4430775 0.2035388 0.1504025 -0.2913084 17.17472 1.199107 0 0.0
0.004453441 -0.03645641 0.07162777 -0.4572964 0.1314639 0.08440892 0.1672025 16.86874 1.703906 1 0.9995957
0.05615342 -0.04179402 -0.2807993 0.7754476 2.093697 1.472536 0.07537053 20.79257 0.106411 0 0.0
0.00731366 0.0009164165 1.819977 -2.026418 3.478587 1.85565 0.8232833 20.20943 nan 0 0.0
-0.09150232 -0.01621789 0.7167305 -0.2575302 1.649628 0.899974 0.2934376 20.43913 0.1362686 0 0.0
-0.03579055 -0.009946834 0.675778 -0.1448669 1.19828 0.7929961 0.03807503 20.12441 0.8411026 0 0.0
-0.002907379 -0.00299015 0.6897075 -2.382025 0.6464951 0.4123135 0.1018941 18.69674 nan 0 0.0
0.03951825 -0.09149162 -3.534637 -2.091442 1.173642 0.7923785 0.04546989 20.20219 1.819046 0 0.0
-0.009275076 -0.009318187 -2.078299 -0.8959072 1.398582 0.6421068 0.1240068 19.6109 0.8658047 0 0.0
0.00527426 0.03255533 -1.082005 1.449542 1.507365 0.9622197 0.1127613 20.4108 0.6425533 0 0.0
0.007260149 0.001511504 0.2720451 -0.1417205 0.9467545 0.6346418 0.1032742 19.69835 nan 0 0.0
0.0617653 -0.01693279 0.8967169 -3.014064 1.822339 1.105593 0.1880742 20.45323 1.580208 0 0.0
0.007438274 0.001904436 0.9745722 -0.682667 0.9710267 0.6304344 0.09168399 19.65566 nan 0 0.0
-0.02410187 -0.0476753 7.865317 0.4425774 4.162705 2.484458 0.2957496 20.83097 0.809227 0 0.0
0.00739728 -0.003649768 -2.209556 0.2846702 1.197528 0.8273728 -0.05122435 19.36364 nan 0 0.0
-0.003873654 0.03041901 -0.08902155 -0.4780199 0.4262379 0.2701713 0.1064987 18.79023 0.6510983 0 0.0
0.009036718 -0.005156383 1.553694 -2.556569 0.4970006 0.3340601 0.4481441 18.42559 1.014971 0 0.0
-0.02679783 -0.01043908 -1.236599 1.635765 2.743561 1.459172 0.2336513 20.63459 nan 0 0.0
0.02112358 -0.005603953 -0.009674283 -0.4785662 0.3488189 0.2253459 0.1403861 18.43082 1.173031 0 0.0
-0.02411289 -0.01008527 0.5886561 -0.8723007 0.3506549 0.2477724 -0.06103384 18.54865 1.253139 1 0.9934437
0.05366243 0.04612903 2.275222 -13.62185 1.689951 0.8869749 0.249128 20.08952 1.019194 0 0.0
-0.01195415 -0.0460495 -1.149153 0.2453445 0.9361174 0.6294466 0.01108795 19.99952 0.8496475 0 0.0
-0.01798865 -0.009034228 -0.2679932 -0.6088615 0.1525692 0.09501443 0.1276755 17.16324 1.525948 1 0.9995033
-0.005906269 0.07349088 -0.2599786 -1.045793 1.767891 1.197707 0.1494979 20.61592 0.6836758 0 0.0
0.01266081 -0.01099995 -1.329022 0.09411177 1.177137 0.795987 0.1230569 19.8465 0.6325417 0 0.0
0.02017598 0.02665285 0.6078399 -0.4089466 0.5489754 0.3800783 0.01437947 19.29124 1.0865 0 0.0
-0.01594248 -0.04913099 -1.492729 -1.028091 0.8163538 0.5412958 0.0001731653 19.76603 1.03923 0 0.0
0.02047199 -0.07362781 -0.3982393 1.189681 0.2318069 0.1449531 0.01255277 17.49509 0.6609669 1 0.0
-0.0229193 0.02573816 -6.257462 0.8097298 2.806633 1.618797 -0.08948159 20.63624 0.3449783 0 0.0
-0.06210398 -0.05758955 -4.6646 -1.567671 1.576227 1.03555 0.6119048 20.14406 1.283285 0 0.0
0.01388524 0.04557987 -0.4291606 -0.5379452 0.6887672 0.4711266 0.03962391 19.58409 0.9408932 0 0.0
-0.003556761 0.07547437 5.693604 0.5116564 2.410321 2.095924 -0.2730617 20.84523 0.7031212 0 0.0
-0.009983651 0.02054717 1.309043 -0.8052057 0.4654894 0.3178074 0.004209576 18.90763 1.119135 0 0.0
0.003790423 0.02822174 -1.796308 0.9537402 2.053943 1.611252 -0.06313136 20.7526 -0.1139507 0 0.0
-0.042019 0.01423032 0.04440222 0.8055228 0.7724983 0.628978 -0.2351034 19.504 0.9872341 0 0.0
0.05995933 -0.02387327 -1.438188 -1.179321 1.021275 0.6131918 0.03449152 19.92128 1.073706 0 0.0
0.06256212 -0.02459964 4.655331 -0.06212755 2.668602 1.777393 0.4880287 20.68587 -0.5030098 0 0.0
-0.02255051 0.02796582 -1.645112 -0.9997657 1.077716 0.7883177 -0.05403509 20.08784 0.4659805 0 0.0
0.04649196 -0.02518417 -0.3130217 -0.624416 0.5906215 0.3884467 0.07659002 19.28185 0.9355888 0 0.0
-0.0006800869 0.004898587 -0.6392092 0.1104113 0.5432192 0.347264 0.02479016 18.90432 0.7557259 0 0.0
-0.01727152 0.03332781 -0.4346483 0.09819329 0.969618 0.670281 0.02284303 19.95463 0.7670975 0 0.0
0.04603447 -0.04350646 1.23435 0.06855001 2.17237 1.37484 0.2030849 20.68013 1.357136 0 0.0
0.03032095 0.02892239 0.3398688 -0.2096135 1.385148 0.8503693 0.2864197 20.24895 0.5560169 0 0.0
-0.001713246 0.01131493 0.04529693 -0.2337742 0.3802312 0.2545862 0.07517974 18.63782 1.10667 0 0.0
-0.0170906 -0.004227931 1.403325 0.7284918 1.787229 1.075517 0.2394085 19.4617 0.9851265 0 0.0
-0.0008523115 0.004425567 0.4935286 -1.269094 0.8731785 0.528499 0.06603964 19.43945 nan 0 0.0
0.01722591 -0.04894759 -0.003762987 -0.4749188 0.2503399 0.1614736 0.1166488 17.97409 1.312443 1 0.9986522
0.01376549 0.02037233 -1.34756 4.201585 2.886856 2.516483 -0.2177863 20.94516 0.5191078 0 0.0
0.003470815 0.008381487 -0.7107751 -1.622227 1.060705 0.6924536 0.05807262 20.00149 nan 0 0.0
0.03118804 -0.02600125 1.022047 -0.1889034 0.4625802 0.3064861 0.09129343 18.97136 1.095539 1 0.9754801
0.002948385 0.004997827 -1.057746 -0.3476435 1.225455 0.8596246 -0.09967555 19.93114 nan 0 0.0
-0.01436333 0.03058439 -0.7026295 0.0009593872 0.672466 0.4515358 0.0418198 19.54502 0.8706226 0 0.0
0.003536374 0.003601675 1.615481 -0.1142518 0.5536027 0.3594285 0.1233497 18.92796 nan 0 0.0
0.02394022 0.02567746 1.071485 -0.7768271 1.625444 1.037613 0.148342 20.45333 0.1986408 0 0.0
0.002704923 0.004479019 -0.8088615 0.3245255 0.2506027 0.1580178 0.04040271 17.38722 0.3142433 0 0.0
-0.05277819 0.02237043 0.2485013 -1.552684 0.577834 0.3748171 0.04376796 19.25231 1.522184 0 0.0
0.003744256 0.003075257 1.906098 0.02589406 0.8861236 0.5221819 0.4109402 19.07323 nan 0 0.0
-7.43519e-05 0.004128015 -0.2129457 0.1700384 0.290374 0.1832211 0.01088653 17.81906 1.028158 0 0.0
0.01138422 0.02300023 0.5667954 -0.9271363 0.396624 0.2608643 0.09470074 18.72423 1.20158 0 0.0
0.06104356 0.0210648 2.860378 -6.994864 0.1500169 0.09848529 0.1367787 17.07304 0.9587364 1 0.0
0.008889787 -0.01758469 0.3154856 -0.2250044 0.2133464 0.139376 0.04760349 17.68246 1.360497 1 0.9925834
0.01229902 -0.01416239 -9.158486 8.30494 2.23914 1.421811 0.2001176 19.94408 0.76334 0 0.0
0.00537769 -0.0006401529 -0.5299418 -0.3918849 0.1303307 0.08229353 0.1747608 16.7865 1.462378 0 0.0
-0.003250804 0.01997816 -1.775254 -1.32757 1.161902 0.8015354 0.3319532 19.98884 0.8687496 0 0.0
-0.04619784 -0.03849384 -0.2941469 -0.3027231 0.7930213 0.4812617 0.1457001 19.7222 1.029682 0 0.0
0.02448408 0.015233 0.6159668 1.051609 1.355249 0.8434083 0.1680262 20.28791 0.3110428 0 0.0
-0.0291019 -0.03799554 -0.9995811 -0.3085299 0.8514145 0.5467719 0.09325298 19.82326 0.8214264 0 0.0
-0.008737075 0.01849852 -0.4127126 -0.9593827 1.001895 0.687824 -0.02119202 20.00351 0.9854336 0 0.0
-0.01510342 0.01192686 -0.3402989 -0.4342613 0.3467209 0.2225319 0.1328978 18.4396 1.143427 0 0.0
-0.009930322 0.01978423 -0.9507471 -1.462701 0.9792759 0.6891479 -0.0531857 19.97593 1.229664 0 0.0
0.06044595 0.01167631 3.396354 0.9427566 1.519193 1.064576 -0.0536107 20.43229 0.620575 1 0.8112601
-0.02856464 0.0124765 -2.022584 0.2381297 1.256534 0.6936232 0.09505133 20.07139 0.2746048 0 0.0
0.02993495 0.01513209 2.713044 -15.49495 1.386994 0.8484369 0.2036471 20.25057 2.187132 0 0.0
0.08695643 -0.02488297 -1.838772 -1.19543 0.7584806 0.5335349 0.009168274 19.70554 1.219458 1 0.5689064
-0.03080967 -0.02974745 -0.5458455 -0.9929556 0.7706908 0.4967971 0.09166454 19.67245 1.032745 0 0.0
-0.005015357 0.003441547 0.5642364 0.7529051 2.694707 1.315039 0.2813253 20.37474 nan 0 0.0
-0.002437758 0.009277898 1.542969 -2.108953 1.090526 0.8047572 -0.20146 20.00799 0.7474327 0 0.0
-0.03097955 0.01668131 -0.4501352 -4.209912 0.3459178 0.2321287 0.06170289 18.60317 1.210005 0 0.0
-0.002134946 0.008049556 -1.961401 1.248472 1.012807 0.6402736 -0.06072338 19.38277 nan 0 0.0
0.005009549 -0.00176933 -0.0637744 -0.5766357 0.3184031 0.2036604 0.1783328 18.23929 0.9665756 0 0.0
0.002447762 0.05667169 -0.292116 -1.968188 1.321968 0.8440814 0.1855941 20.22751 0.6424274 0 0.0
0.007687546 0.003373121 0.2814461 -1.323746 2.127672 1.446835 0.0381555 20.14453 nan 0 0.0
-0.02342128 -0.03828374 -0.4486972 -0.3818652 0.4264061 0.2788178 0.03937936 18.74605 1.108793 0 0.0
0.07517564 0.002859345 -2.710062 -6.685359 0.4057311 0.2796092 0.07564169 18.65244 2.056606 1 0.0
-0.02590458 0.02835225 -0.04281282 -0.1866626 0.7738277 0.5317984 0.06243071 19.71709 0.9569073 0 0.0
-0.05340041 0.01604231 0.5084706 -0.8029896 1.256265 0.8909957 -0.2406053 20.19954 0.3563919 0 0.0
0.006619281 -0.004180087 2.426986 0.2646272 3.042035 1.839625 0.1063872 20.40112 nan 0 0.0
-0.007128107 0.01769725 0.6690755 0.4468805 0.6053773 0.410195 0.00932159 19.32683 1.060852 0 0.0
0.001582622 7.300957e-05 1.100556 -3.243083 0.98767 0.6166339 0.05019641 19.10439 nan 0 0.0
0.0834275 -0.009754287 -0.2610225 -0.9697502 0.1011876 0.06423006 0.1930725 16.20899 0.8962879 1 6.561544e-05
0.007106445 -0.005553331 2.773818 -0.7545051 3.546779 2.108851 0.4127564 20.16295 nan 0 0.0
-0.02035165 0.0152584 0.390422 -0.456035 0.7608292 0.5120272 0.03824618 19.66232 0.8118591 0 0.0
-0.009474767 0.007641983 -3.549911 0.08991877 2.204112 1.523038 0.1197991 20.64493 0.4500523 0 0.0
0.07975431 0.01353024 0.4291781 -0.6535759 0.1877096 0.1324806 0.03195366 17.31411 1.45714 1 0.9735883
-0.07868424 -0.03878193 1.589935 -3.052615 1.36489 0.9009734 0.09619541 20.28338 1.406542 0 0.0
-0.0004069323 0.001347102 0.1927213 -0.399937 0.2764603 0.1811345 -0.0173418 17.73495 0.9879131 0 0.0
-0.0176584 0.005335654 1.76488 -1.876416 1.677268 1.131974 0.02482406 20.47027 0.819912 0 0.0
0.05388033 0.01709935 -1.280546 -0.7241196 1.442309 0.8950814 0.2223331 20.20934 0.2845249 0 0.0
-0.003298729 0.01080381 0.5501761 -0.6312618 0.9819846 0.6558287 -0.02201095 19.95181 0.6654606 0 0.0
0.01142529 -0.01090479 -0.9609511 -0.9173849 0.5614052 0.3624939 0.09042788 19.18146 0.8272781 0 0.0
0.006274102 0.00371249 2.777604 -7.964948 2.027748 1.168052 0.2846233 19.83832 nan 0 0.0
-0.01691634 0.004229211 -2.400297 -6.511941 2.199224 1.373317 0.1870533 20.58872 0.4612026 0 0.0
0.00720735 -0.004908637 0.06729192 -0.6825256 0.1777209 0.1117957 0.1966448 17.34418 1.227446 0 0.0
-0.008500126 0.01390941 -1.290391 0.1775743 0.9067106 0.606836 -0.02225076 19.73747 1.000214 0 0.0
-0.02105528 0.005210694 -0.1531399 -0.6272186 0.1232106 0.07928169 0.09439614 16.77538 1.61846 1 0.9997775
0.007557814 -0.005278626 -0.8812369 -1.313782 0.5478673 0.3023858 0.5646813 18.25063 nan 0 0.0
0.08449843 0.02869534 -0.04699696 -3.348183 0.4101983 0.286242 0.0592003 18.83597 2.047245 1 0.0
-0.001482721 -0.03945107 0.7341084 0.2309094 2.026692 1.537104 -0.07253149 20.74648 0.7737064 0 0.0
0.07921888 0.01444517 -3.444339 -2.78383 0.2301954 0.1635446 -0.003516227 17.8003 0.9940701 1 0.0
0.01666747 0.0008645892 0.8865937 0.4124784 1.920868 1.503692 -0.0373787 20.47305 nan 0 0.0
0.009130957 0.001011994 -0.5929648 0.1192766 0.7484616 0.512745 0.1570482 19.18532 0.7774239 0 0.0
-0.02240164 0.01059364 -2.884445 0.3563743 1.976627 1.35973 0.02867469 20.67789 0.59128 0 0.0
0.005919154 -0.01277466 -1.978095 -0.07355858 2.222416 1.042888 -0.008207995 20.25286 0.6954861 0 0.0
-0.005913197 -0.00971146 3.778548 1.555075 4.028116 2.216795 0.1291721 20.7726 nan 0 0.0
0.05248599 -0.01641001 0.3206905 -0.2017396 0.3031403 0.198614 0.1142461 18.33408 1.317749 1 0.9904519
-0.004023343 0.007855088 1.173362 -0.34725 0.5300017 0.3915181 -0.1150886 19.07644 0.8807411 0 0.0
