data/gcs/NGC_6544.ecsv
# %ECSV 0.9
# ---
# datatype:
# - {name: x, unit: deg, datatype: float64}
# - {name: y, unit: deg, datatype: float64}
# - {name: pmx, unit: mas / yr, datatype: float64}
# - {name: pmy, unit: mas / yr, datatype: float64}
# - {name: pmx_e, unit: mas / yr, datatype: float64}
# - {name: pmy_e, unit: mas / yr, datatype: float64}
# - {name: pm_corr, datatype: float64}
# - {name: g_mag, unit: mag, datatype: float64}
# - {name: bp_rp, unit: mag, datatype: float64}
# - {name: filter, datatype: int64}
# - {name: memberprob, datatype: float64}
# meta: !!omap
# - comments: [deg deg mas/yr mas/yr mas/yr mas/yr dimless mag   mag   zeroone float]
# - __serialized_columns__:
#     bp_rp:
#       __class__: astropy.units.quantity.Quantity
#       unit: &id001 !astropy.units.Unit {unit: mag}
#       value: !astropy.table.SerializedColumn {name: bp_rp}
#     g_mag:
#       __class__: astropy.units.quantity.Quantity
#       unit: *id001
#       value: !astropy.table.SerializedColumn {name: g_mag}
#     pmx:
#       __class__: astropy.units.quantity.Quantity
#       unit: !astropy.units.Unit {unit: mas / yr}
#       value: !astropy.table.SerializedColumn {name: pmx}
#     pmx_e:
#       __class__: astropy.units.quantity.Quantity
#       unit: !astropy.units.Unit {unit: mas / yr}
#       value: !astropy.table.SerializedColumn {name: pmx_e}
#     pmy:
#       __class__: astropy.units.quantity.Quantity
#       unit: !astropy.units.Unit {unit: mas / yr}
#       value: !astropy.table.SerializedColumn {name: pmy}
#     pmy_e:
#       __class__: astropy.units.quantity.Quantity
#       unit: !astropy.units.Unit {unit: mas / yr}
#       value: !astropy.table.SerializedColumn {name: pmy_e}
#     x:
#       __class__: astropy.units.quantity.Quantity
#       unit: &id002 !astropy.units.Unit {unit: deg}
#       value: !astropy.table.SerializedColumn {name: x}
#     y:
#       __class__: astropy.units.quantity.Quantity
#       unit: *id002
#       value: !astropy.table.SerializedColumn {name: y}
# schema: astropy-2.0
x y pmx pmy pmx_e pmy_e pm_corr g_mag bp_rp filter memberprob
[from data line 8792]
-0.04969818 0.036844 -2.329426 -3.136838 0.1476814 0.1223465 0.09166244 15.83167 2.960915 1 0.0
0.1031096 0.005532184 -7.178113 -11.51145 1.141138 0.9897588 0.224531 18.50713 2.602709 0 0.0
0.1204935 0.01906618 0.6771574 -4.378234 0.6579063 0.5612309 0.1344929 18.77523 2.1577 0 0.0
0.1085652 0.07575225 6.305533 2.6225 2.24249 2.100692 0.7201251 19.65172 nan 0 0.0
0.04127005 -0.05080318 -0.7872774 -4.128307 0.1697172 0.1422821 0.09204611 16.83856 1.393227 1 0.0
-0.04219925 0.03363674 -3.618781 -19.21868 0.8654283 0.6622983 0.3562342 18.83204 nan 0 0.0
0.05845504 0.09905782 -0.07718968 -21.01459 1.733389 1.471743 0.04444158 20.05311 2.119009 0 0.0
0.1442107 0.02743679 -5.581983 -8.124464 0.3457625 0.2811771 -0.1192625 17.62537 3.774189 1 0.0
0.01723609 0.08775994 -1.878981 -8.13255 0.2290048 0.1897792 -0.009315679 17.16588 2.644943 0 0.0
0.03853619 -0.040474 0.1461743 0.8118268 0.8016528 0.6810419 0.5848344 18.79691 2.459431 0 0.0
0.03988751 0.033895 -5.876194 -7.347875 0.650581 0.5378167 0.2383319 18.24686 2.7463 0 0.0
0.09898437 0.06955001 -3.107958 -5.776154 0.60043 0.5366264 0.3091127 18.42556 2.608473 0 0.0
-0.04537952 0.0298972 -10.48208 -10.54191 1.809594 1.73035 0.7685695 19.43487 2.459171 0 0.0
0.1320156 0.08401865 -2.047898 -5.942948 1.750625 1.550844 0.364225 19.97462 nan 0 0.0
0.04371311 0.05532657 -1.720475 -0.7533945 0.2130653 0.1764973 -0.08206878 16.96683 2.558162 0 0.0
0.004334629 -0.002509888 -2.766616 -18.51615 0.5226908 0.4926295 0.5678256 17.86409 nan 0 0.0
0.08457129 0.07741904 0.9657164 -1.809148 0.3962632 0.336177 0.08260502 18.10885 1.864626 0 0.0
0.1203831 0.01939626 -1.52656 -0.1192055 2.424606 2.171859 0.7675785 19.75627 nan 0 0.0
0.02991053 0.07783931 0.9748398 -3.403848 0.1931663 0.154331 -0.2028241 16.94358 nan 0 0.0
0.06471051 0.04540101 -4.475787 -8.966062 0.6458577 0.5701217 0.3116026 18.35034 2.955753 0 0.0
-0.0505586 0.04350602 -7.306212 -8.635642 0.9225097 0.7447797 0.3524341 18.7284 3.163805 0 0.0
-0.006618211 -0.0006140851 -1.414744 -19.98608 0.8267703 0.6959414 0.7599725 16.9824 nan 0 0.0
0.0937582 0.07524754 0.1666246 -0.336476 0.5206086 0.4615771 0.3101474 18.18379 nan 0 0.0
0.06203511 0.007411818 -5.732092 -20.79243 2.045557 1.991876 0.6054372 19.6828 1.924423 0 0.0
0.03723209 -0.05546535 1.513945 -2.727867 0.5349166 0.4416207 0.350279 18.13353 1.55117 0 0.0
0.07143167 -0.006465433 -1.532505 -6.76884 0.4684844 0.3571325 -0.3821311 17.47438 2.987471 0 0.0
-0.03273959 0.04231424 -4.3822 0.4032493 0.7996692 0.6940291 0.2345564 18.86465 3.420828 0 0.0
0.1278229 0.04446848 -4.293315 -5.854594 0.4524268 0.3878166 0.1626327 18.33954 2.690332 0 0.0
0.004306979 -0.002282912 -5.057955 -20.44369 0.7284556 0.6674719 0.588437 17.69187 nan 0 0.0
0.05101572 -0.01774867 -2.988408 -1.906921 0.590371 0.4934393 0.2932306 18.34187 2.242945 0 0.0
0.04308652 0.004440643 1.055138 -7.157946 0.2311945 0.1841855 -0.08251462 17.33507 2.513758 0 0.0
0.009458793 0.09328255 -1.453284 -5.052655 1.757144 1.554242 0.7124976 19.53654 1.847731 0 0.0
0.02523703 0.09654189 1.756103 -2.060534 0.3126279 0.2561979 -0.07837134 17.50754 2.99209 1 0.0
0.01993629 0.01174219 -2.341205 -19.18245 0.2046097 0.1689032 0.381014 16.78131 1.962833 0 0.0
-0.007863256 0.005582817 -8.083964 -22.94585 0.70924 0.5858446 0.07936851 17.72366 nan 0 0.0
-0.04629222 0.02917016 -2.331175 -18.09198 0.7261529 0.6162928 0.4189419 18.77643 2.420361 0 0.0
0.01033784 0.01334364 -2.2577 -18.33888 0.4558513 0.3816337 -0.1780482 17.9355 1.984724 0 0.0
0.04195476 0.09240029 -2.891322 -6.085719 0.8019077 0.6877992 0.1275151 18.74438 2.819462 0 0.0
-0.0187321 -0.005154824 -2.841574 -18.03046 0.3691442 0.2902294 -0.2027254 17.79741 1.825455 0 0.0
0.1131099 -0.03827317 -3.582331 -3.688542 0.5929678 0.5465371 0.5219756 18.28617 2.592712 0 0.0
0.003644796 0.0524294 -0.7339588 -0.6119458 0.7366925 0.618309 0.3813257 18.92248 nan 0 0.0
0.07317737 0.1389039 -2.984937 -6.074734 1.351768 1.434745 0.8235985 19.25361 2.081242 0 0.0
0.08565696 0.04664705 -2.216637 -8.030817 1.393274 1.244232 0.7235933 19.19006 nan 0 0.0
0.09507834 0.1363751 -5.902958 -8.235281 1.648011 1.799525 0.8538803 19.54126 2.522324 0 0.0
0.1191143 0.02319121 -5.704447 -3.423084 1.667111 1.431283 0.1604518 18.86193 2.148689 0 0.0
-0.03888466 0.05072004 -0.7379311 -0.2023596 0.07972274 0.06539202 0.05662 14.75933 2.509455 1 0.0
0.1211367 -0.02996859 -2.540189 -4.890443 0.6810829 0.5726849 0.07598601 18.75447 2.045059 0 0.0
0.09096074 0.072278 -3.176935 -18.46975 0.6098378 0.544013 0.3313791 18.5724 1.759676 0 0.0
0.03826675 0.07111741 -6.540127 -4.285857 0.3145264 0.2611771 -0.01896487 17.8031 2.865194 1 0.0
0.06192117 0.00085441 -3.902055 -20.99215 2.175428 1.810974 0.7125165 19.35486 nan 0 0.0
0.0205397 -0.01904443 -2.072081 -18.55797 0.620027 0.5355128 0.2024863 18.09344 nan 0 0.0
0.03949762 0.1122852 -4.836017 -6.276113 0.6899541 0.5998083 0.2694118 18.59181 3.028196 0 0.0
0.03811549 0.1190472 -3.672265 -8.59746 1.967874 1.745279 0.7196868 19.30688 2.830185 0 0.0
0.04973089 0.1565452 -3.428 -3.336828 0.7287241 0.6152502 0.1885165 18.76906 1.588469 0 0.0
-0.003162361 0.05805227 -0.6522623 -16.85897 1.556578 1.291434 0.1947831 19.92875 1.931686 0 0.0
0.1155681 -0.01169654 -3.542751 -8.703608 0.613051 0.5223654 0.1315075 18.75067 nan 0 0.0
0.1018441 0.08076861 -2.114313 -5.069239 0.462585 0.3606231 -0.3984592 17.45257 nan 0 0.0
0.08621355 0.01172692 -2.304939 1.498567 0.4250653 0.3604996 0.09913651 18.15292 2.05731 0 0.0
-0.01383718 -0.0005650948 -0.391828 -18.03209 0.9424694 0.8515345 0.3406573 18.77695 nan 0 0.0
0.02260717 0.09548382 -4.378666 -5.365461 0.7082587 0.5690201 0.05248942 18.95127 nan 0 0.0
0.05267672 -0.01380116 -2.455411 -16.86875 0.6649017 0.5823457 0.3844953 18.65326 1.741682 0 0.0
0.09694101 0.04017848 -1.525678 -2.529672 0.3624018 0.3040706 0.01908542 17.9428 2.090034 0 0.0
0.1180591 0.1057327 0.7325912 -4.276832 1.974122 1.709876 0.3760501 20.15568 nan 0 0.0
0.1182777 -0.04115813 2.138262 -3.745191 0.2556322 0.2290225 0.1967606 16.96844 2.616381 1 0.0
-0.01195589 -0.00557741 -3.999281 -19.4314 0.3022419 0.2585777 0.3438545 17.4317 1.783017 0 0.0
-0.00352336 0.1022512 -7.520497 -3.94268 0.8779996 0.7702473 0.3137673 18.93737 1.989847 0 0.0
0.04520768 0.05616526 -2.075906 -3.328252 1.069543 0.9148352 0.1711064 18.69855 nan 0 0.0
0.04494583 0.02108541 -1.437351 -20.10905 0.8405667 0.706177 0.08596347 18.64836 1.930258 0 0.0
0.1043335 0.07890685 -0.5769902 -1.855406 0.2251638 0.1819673 -0.3419139 16.84365 1.621786 1 0.0
0.1152872 -0.04578824 -3.288376 -4.711906 0.1255607 0.0998531 -0.3765328 15.50493 2.313394 1 0.0
-0.002386632 0.01101899 -1.834357 -20.27316 0.7780516 0.603406 -0.1600706 17.9346 nan 0 0.0
-0.04836534 0.02461271 -1.839223 -19.01324 0.2591999 0.2141472 0.1002314 17.53226 2.700916 0 0.0
0.1162711 0.05907308 -1.591608 -2.922183 1.742306 1.530667 0.7602634 19.41468 2.287895 0 0.0
0.1258976 -0.05229127 -2.405333 -4.395174 1.769208 1.763146 0.6395624 19.30485 1.664303 0 0.0
0.07160763 0.05828514 0.8093787 -2.527865 0.481404 0.3804301 -0.2263575 17.74452 2.735229 0 0.0
0.1501859 -0.04081916 -6.490171 -6.10602 0.2770917 0.2267226 -0.1195262 17.39079 2.784321 1 0.0
0.0004074773 0.1018698 -1.655338 -17.061 1.356351 1.199961 0.6890555 19.19527 2.008465 0 0.0
0.01830557 0.02055439 -2.114113 -17.68092 0.4208638 0.3387972 -0.02221233 17.89838 1.907959 0 0.0
-0.03276669 0.04018182 -3.182646 -15.58824 3.074061 3.031501 0.8403111 19.91781 nan 0 0.0
0.0482975 -0.03815811 -4.802691 -7.889568 0.3482474 0.2941433 0.1023507 16.52223 2.790114 0 0.0
-0.001418324 -0.002544152 -1.218302 -16.10182 0.969276 0.8216594 0.3586782 17.61473 nan 0 0.0
0.1538701 -0.01328921 1.538841 -2.205697 0.7558952 0.678214 0.3069795 18.89186 2.067904 0 0.0
0.04714719 0.06268385 1.758286 -3.704295 0.3172302 0.2822304 0.2121123 17.57578 2.861465 0 0.0
0.02361785 0.02505101 2.433484 -13.71395 1.385141 1.186709 0.2174102 18.32664 2.089844 0 0.0
0.05204039 -0.01436165 -5.786265 -4.371382 0.2358794 0.1930798 0.02413741 16.96142 2.407165 0 0.0
0.1256023 0.09183404 -1.21102 -16.99076 1.536019 1.594572 0.8315242 19.29993 2.318249 0 0.0
0.048187 -0.03790439 -5.888029 -10.38339 0.3899353 0.3345895 0.3709876 17.44202 nan 0 0.0
-0.01502572 -0.00704259 0.285895 -2.873587 0.2708685 0.2252324 -0.01481665 16.77443 2.044949 0 0.0
0.05118638 -0.07266702 -2.373917 -18.22139 0.2569596 0.2207322 0.1360941 17.73404 1.677849 0 0.0
0.05400461 -0.01285569 2.032956 0.6696336 0.279636 0.230792 0.01492259 17.77617 1.61919 0 0.0
0.1254299 0.08555142 -1.779035 0.8140121 1.351083 1.554881 0.8457305 19.22123 2.334171 0 0.0
0.04782273 -0.05025624 -7.760802 -4.926773 0.7244187 0.6365599 0.4355775 18.74464 2.126101 0 0.0
0.06731127 -0.00541788 -7.010853 -6.241432 0.7045325 0.6100867 0.07932933 18.15763 2.621101 0 0.0
-0.001861615 0.04746461 -6.309596 -8.676694 1.53248 1.590734 0.7140043 19.33727 2.832895 0 0.0
0.08712035 0.1206549 -3.969884 0.3037524 1.049578 0.8456986 0.0263875 19.00558 2.346756 0 0.0
0.08855107 0.06959612 -4.277306 -4.599703 0.5913749 0.5253491 0.3112447 18.50917 2.787413 0 0.0
0.1505774 -0.03724526 2.853723 -3.332754 0.1767969 0.1436592 -0.1506263 15.87573 2.558434 1 0.0
0.05041743 0.07446042 -3.327178 -18.88815 0.466176 0.4190745 0.3794299 18.09982 1.791576 0 0.0
0.05985159 0.01084804 -2.934456 -18.77163 0.4402987 0.3603231 -0.1553776 18.04322 1.980101 0 0.0
0.04445304 0.03536019 -2.606339 -7.730817 0.3691389 0.2906936 -0.09945716 16.60208 4.180083 1 0.0
0.08722174 0.06824857 -6.792511 -9.698782 0.6398851 0.5700384 0.3534466 18.58348 2.142723 0 0.0
-0.004656534 0.05493753 -4.623998 -2.750598 0.2640638 0.2134729 0.002521177 17.43386 3.325401 1 0.0
-0.01599356 -0.008356876 1.965653 -16.15427 0.680492 0.5484641 -0.1714144 17.55917 1.763855 0 0.0
0.09375158 -0.04229282 -1.211416 -7.93537 0.3771871 0.3175515 0.04385073 17.71334 nan 0 0.0
0.02693598 0.01766317 -2.96303 -16.85999 1.103181 0.7911079 0.09107392 18.54777 1.878536 0 0.0
0.04774422 -0.03887124 -0.952915 -17.92041 0.8037271 0.6937981 0.8335551 18.16931 1.895649 0 0.0
0.07213022 0.0528508 -4.337191 -8.614468 0.6860518 0.6108471 0.330676 18.78016 2.597479 0 0.0
0.04698551 -0.07057489 -0.2525129 -1.837068 0.1124815 0.09222004 -0.008069692 16.09079 1.525562 1 0.0
0.05677137 -0.01037739 0.7798653 -1.67714 0.302737 0.2683755 0.08463905 17.70727 1.780151 0 0.0
-0.001418294 -0.005107628 -0.1688125 -19.20453 0.5225952 0.478285 0.5720578 15.59354 1.584281 0 0.0
0.06288375 0.04424229 -8.17024 -5.391784 0.5639372 0.4997473 0.3355788 18.45635 2.706825 0 0.0
0.01959037 0.09775027 -2.426304 -7.555207 1.388629 1.221094 0.7090443 19.16707 3.444237 0 0.0
0.1047272 0.02111386 0.7101817 -1.290382 0.783358 0.5829669 -0.1451111 19.01006 1.810057 0 0.0
-0.04607047 0.02803346 -4.431066 -20.35299 0.7124496 0.5936162 0.3569607 18.80849 2.716906 0 0.0
0.07807498 0.04579188 -2.245347 -5.179654 0.796338 0.680645 0.08752647 18.62917 2.033552 0 0.0
0.1045129 0.06199806 -0.6161148 -1.012645 0.7286027 0.6498348 0.2151229 18.72433 2.215054 0 0.0
0.0007950837 0.1112158 -1.437582 -7.292724 0.2785099 0.2215171 -0.2179235 17.28645 3.654801 1 0.0
0.1271012 0.01542602 0.6362649 -3.724498 0.3019325 0.2465683 -0.1057687 17.66579 2.61198 0 0.0
0.04155375 0.05237856 -1.173477 -9.010812 0.8715532 0.7502238 0.1435568 18.76652 nan 0 0.0
0.1360951 -0.006331209 0.870355 -6.510618 0.2350232 0.1852407 -0.08590137 15.68909 3.542627 1 0.0
0.05026819 -0.01982165 -2.667458 -18.94447 0.5237549 0.4402167 0.3041644 18.51844 1.769743 0 0.0
0.08207149 0.06400255 -3.832104 -9.158811 0.7491492 0.6707986 0.3881227 18.74508 nan 0 0.0
0.1304946 0.0590588 -4.83 -8.323736 1.752884 1.552049 0.7731669 19.43159 2.048298 0 0.0
0.002289972 0.1087381 0.3471128 -7.910206 1.872474 1.612187 0.3090016 20.11868 2.247345 0 0.0
0.1264877 -0.04307557 -2.678837 -5.036306 0.1864311 0.151074 -0.1516291 16.64699 2.836827 1 0.0
0.09064883 0.099765 -2.163333 -1.798194 0.2448102 0.204723 -0.05428036 15.83469 1.825916 0 0.0
0.07689331 0.0587893 -0.02852002 1.487589 0.570002 0.5053425 0.341288 18.47809 1.836414 0 0.0
0.1102095 0.02658888 0.9703055 -0.03525334 0.2948438 0.2345521 -0.2169399 17.27563 1.860851 0 0.0
0.02109992 0.02245939 -2.272772 -4.388012 0.7063909 0.5769607 0.2971948 18.51317 2.130672 0 0.0
-0.01329458 0.0974364 -1.862043 -2.189219 0.701382 0.609325 0.2721211 18.68524 nan 0 0.0
-0.004019756 0.04461307 -5.315815 -16.17407 1.018847 0.8268353 -0.193787 18.83659 1.935543 0 0.0
0.09505994 0.1124551 -3.387344 -0.7444638 0.836333 0.6996066 -0.0348464 18.40142 nan 0 0.0
0.04707838 0.02747995 -1.889564 -2.306355 0.8185747 0.7070925 0.3391257 18.69363 2.421364 0 0.0
0.04029976 0.02548727 -3.881522 -17.54717 0.2909138 0.2655772 0.240121 16.57519 1.990476 1 0.9989681
-0.0128133 -0.005318097 -3.699973 -18.63054 0.768946 0.6555472 0.4336625 18.24207 nan 0 0.0
0.0500142 -0.03233376 1.072514 0.1825449 0.7178143 0.6316566 0.1137416 18.96533 2.329554 0 0.0
0.1027369 0.02290082 0.04226398 -3.026694 0.296453 0.2254654 -0.3388554 17.46539 1.66852 0 0.0
0.010483 0.09390617 -2.574376 -18.38262 0.1491439 0.1185553 -0.2158289 16.34993 2.165812 1 0.9999999
0.03892164 0.1293923 -1.077924 -8.335292 0.3193806 0.2538866 -0.2108326 17.45354 3.277955 0 0.0
0.1542064 0.05637632 -2.235417 -6.494676 0.2534921 0.2156783 0.1229675 17.35127 2.40321 0 0.0
0.04014255 0.05242099 0.173563 -1.041747 0.2100161 0.1747468 -0.08334775 17.03136 3.202457 1 0.0
0.1072704 -0.01268275 -4.067023 -2.581454 0.5297465 0.4499329 0.09806763 18.32229 2.505821 0 0.0
-0.01242609 -0.005371463 -0.05234204 -18.57227 0.8689266 0.7213117 -0.05504878 18.6621 nan 0 0.0
0.005583937 0.1007214 2.359548 -0.2154817 0.240818 0.1917299 -0.194531 17.10082 3.001282 1 0.0
0.06010786 0.1394183 -7.122008 -7.110299 1.576225 1.371036 0.2598153 20.11376 2.073214 0 0.0
0.03883844 0.1289766 0.4833868 -4.522186 2.374776 2.098683 0.4375114 20.04185 nan 0 0.0
0.05215696 0.130425 0.7944921 -0.08863043 0.3813629 0.3030797 -0.3967703 15.87909 1.562268 0 0.0
0.1130482 0.01482368 -3.754078 -6.040978 0.3723092 0.2838891 -0.373465 17.58508 2.974709 1 0.0
0.002951944 0.007341609 -1.553218 -6.160411 0.3642049 0.3211021 0.2703922 15.97432 2.719345 0 0.0
0.06467643 -0.01938589 -2.755054 -20.25555 0.7817964 0.6872483 0.3816956 18.94353 1.75872 0 0.0
0.09974529 0.1207712 -0.4290002 -7.348708 1.391434 1.473059 0.8673843 19.15168 2.562273 0 0.0
0.05356036 0.1103573 5.366792 -3.971925 0.3110627 0.249909 -0.1425088 17.86769 1.879547 0 0.0
0.09850374 -0.0466987 0.03018694 -1.621628 0.1597042 0.1298469 -0.1375681 16.24027 2.448115 1 0.0
0.06005612 -0.02343475 0.105001 -5.478704 0.5807628 0.5070862 0.3963492 18.58721 nan 0 0.0
0.1071752 -0.02661967 -3.734457 -2.891197 0.5769172 0.4784774 0.1659729 18.50894 1.77009 0 0.0
0.05191997 0.02791478 -0.07484185 -2.775916 0.7634822 0.6463557 0.1546725 18.52526 1.922319 0 0.0
0.04219942 0.07938257 -0.5216622 -4.626615 0.1748562 0.1439363 -0.08842268 16.60646 1.620662 1 0.0
0.05840036 0.1004998 -1.084146 -3.683016 0.2905734 0.2422956 -0.02725054 17.52139 2.93906 1 0.0
0.05119381 0.07797534 -1.711222 -2.264639 0.1295546 0.1051163 -0.230637 15.73039 1.931768 1 0.0
0.06391702 0.06257519 -2.988715 -18.59034 1.473441 1.3199 0.7558447 19.1523 nan 0 0.0
0.06525621 0.1355324 -6.678802 -8.870711 0.4938262 0.4406942 0.3426162 18.26944 3.118145 0 0.0
0.1310772 0.06042385 -7.496359 -2.801096 0.2834956 0.2280138 -0.1943061 17.36734 2.5058 0 0.0
0.08625594 0.07225278 -0.05636583 0.2290959 0.1931398 0.1580161 -0.1148101 16.74622 2.723969 1 0.0
0.1058968 0.1268619 2.552953 1.849697 1.637461 1.766124 0.8610179 19.58342 2.069538 0 0.0
0.1462795 -0.02412704 3.238528 -6.493056 0.7466382 0.6538213 0.1002434 18.84341 1.854282 0 0.0
-0.001694958 0.001072178 -2.073735 -18.92882 0.4231737 0.3712804 0.3834956 17.56851 nan 0 0.0
-0.01488738 -0.007454561 1.658189 -20.36646 0.8170576 0.6667641 -0.1338205 18.43915 nan 0 0.0
0.05785013 -0.01005936 0.477371 1.059215 0.6239767 0.5228387 0.407679 18.58838 2.340124 0 0.0
