data/gcs/NGC_1851.ecsv
# %ECSV 0.9
# ---
# datatype:
# - {name: x, unit: deg, datatype: float64}
# - {name: y, unit: deg, datatype: float64}
# - {name: pmx, unit: mas / yr, datatype: float64}
# - {name: pmy, unit: mas / yr, datatype: float64}
# - {name: pmx_e, unit: mas / yr, datatype: float64}
# - {name: pmy_e, unit: mas / yr, datatype: float64}
# - {name: pm_corr, datatype: float64}
# - {name: g_mag, unit: mag, datatype: float64}
# - {name: bp_rp, unit: mag, datatype: float64}
# - {name: filter, datatype: int64}
# - {name: memberprob, datatype: float64}
# meta: !!omap
# - comments: [deg deg mas/yr mas/yr mas/yr mas/yr dimless mag   mag   zeroone float]
# - __serialized_columns__:
#     bp_rp:
#       __class__: astropy.units.quantity.Quantity
#       unit: &id001 !astropy.units.Unit {unit: mag}
#       value: !astropy.table.SerializedColumn {name: bp_rp}
#     g_mag:
#       __class__: astropy.units.quantity.Quantity
#       unit: *id001
#       value: !astropy.table.SerializedColumn {name: g_mag}
#     pmx:
#       __class__: astropy.units.quantity.Quantity
#       unit: !astropy.units.Unit {unit: mas / yr}
#       value: !astropy.table.SerializedColumn {name: pmx}
#     pmx_e:
#       __class__: astropy.units.quantity.Quantity
#       unit: !astropy.units.Unit {unit: mas / yr}
#       value: !astropy.table.SerializedColumn {name: pmx_e}
#     pmy:
#       __class__: astropy.units.quantity.Quantity
#       unit: !astropy.units.Unit {unit: mas / yr}
#       value: !astropy.table.SerializedColumn {name: pmy}
#     pmy_e:
#       __class__: astropy.units.quantity.Quantity
#       unit: !astropy.units.Unit {unit: mas / yr}
#       value: !astropy.table.SerializedColumn {name: pmy_e}
#     x:
#       __class__: astropy.units.quantity.Quantity
#       unit: &id002 !astropy.units.Unit {unit: deg}
#       value: !astropy.table.SerializedColumn {name: x}
#     y:
#       __class__: astropy.units.quantity.Quantity
#       unit: *id002
#       value: !astropy.table.SerializedColumn {name: y}
# schema: astropy-2.0
x y pmx pmy pmx_e pmy_e pm_corr g_mag bp_rp filter memberprob
[from data line 6180]
-0.01616425 0.01191758 -4.104075 -13.12417 1.302119 2.028689 -0.5446734 18.99574 nan 0 0.0
0.0287995 -0.01232899 2.815421 -1.28699 0.08076296 0.08912966 -0.1875664 13.78146 1.433558 0 0.0
0.006363316 -0.02277929 2.978238 -0.8731142 0.2670335 0.3059676 -0.1433288 17.79269 0.9375706 0 0.0
0.0004725214 0.02296686 1.944357 -0.6409337 0.05671627 0.06592975 -0.3295097 15.47223 1.055858 1 0.9999479
0.0332559 0.03742408 1.600511 -0.2628809 0.3188223 0.4207292 -0.1695562 19.0295 0.7458534 0 0.0
0.02691659 0.0106744 0.2658994 9.979795 1.523916 1.990382 -0.3499888 19.60224 0.6771507 0 0.0
-0.005187952 0.01122884 1.797841 -0.2777226 0.09397062 0.1126165 -0.199003 16.00166 nan 0 0.0
0.01445871 -0.007945167 2.43574 2.674946 1.363486 0.864075 -0.5605259 18.07907 nan 0 0.0
0.04794041 -0.01352614 0.1526996 -1.138728 2.054977 2.760169 0.1353002 20.76222 0.3774509 0 0.0
0.01876807 0.01164988 1.385589 -1.500213 0.4472276 0.6009103 -0.2699217 18.78247 0.5896206 0 0.0
-0.1529853 -0.08659906 6.014631 -0.3445053 0.7935149 0.8443282 -0.2699433 20.07829 0.9367771 0 0.0
0.02670562 0.008923542 10.41501 -10.31814 1.169198 1.513431 -0.3153038 19.75912 0.5373745 0 0.0
-0.0176312 -0.03042592 3.152623 -2.509335 0.660776 0.6624527 -0.5075925 19.24101 0.6874142 0 0.0
-0.01361889 -0.009558611 3.316178 -2.583967 0.1599151 0.1895263 -0.2606872 17.33353 0.9091854 0 0.0
0.02773421 0.01022013 3.810765 1.763371 0.4216109 0.8079302 0.1937697 18.6811 nan 0 0.0
-0.0101472 0.01007624 0.699386 -4.116048 0.5704379 0.6611218 0.3813737 18.99156 0.7950611 0 0.0
0.03779968 0.0326686 2.250911 -0.9404622 0.7346601 0.7124531 -0.381006 19.60686 nan 0 0.0
0.04329932 -0.01162331 3.382371 -5.21124 0.8920254 1.180292 -0.1008062 20.09676 nan 0 0.0
-0.04822541 -0.05012073 5.439077 -1.747321 1.116456 1.402748 -0.3610522 20.45444 0.7048359 0 0.0
0.006958345 -0.02771556 0.793205 -2.082094 1.518917 1.072584 -0.1260603 19.57986 0.5159168 0 0.0
0.05446389 0.08283585 1.764862 -0.2693966 0.1707811 0.2073176 -0.2045966 17.96838 0.7230759 0 0.0
0.02444079 -0.002924059 2.749042 -1.182317 0.3344877 0.4312231 -0.2300524 18.86313 0.6417007 0 0.0
-0.03100793 -0.0386857 0.9675482 0.8323276 1.318787 1.437983 -0.45749 20.4135 0.6822567 0 0.0
-0.02459783 0.02366814 1.623745 -1.546114 0.1935526 0.2511231 -0.2684771 17.90873 0.9358635 0 0.0
0.02849031 0.0443461 2.0728 -0.6896279 0.05740566 0.06753721 -0.2300113 15.97411 1.161559 1 0.9999695
0.02757072 0.01039186 1.967829 -2.326826 0.1807089 0.2223136 -0.2670285 16.36501 1.044461 0 0.0
0.05742519 0.03006854 3.959429 -3.189309 0.7393809 1.056943 -0.1871848 20.25504 0.3956928 0 0.0
0.03329919 -0.04138377 1.585831 2.170637 2.501732 2.55281 0.04182672 20.80293 0.4678268 0 0.0
-0.04890882 -0.04932395 0.189224 -5.221389 2.679205 5.037191 0.2913276 20.99512 0.6924915 0 0.0
-0.03452606 0.01558812 2.208951 0.7350009 0.4348807 0.4816868 -0.2635125 19.09221 0.7678204 0 0.0
-0.01602511 -0.03325222 5.317781 -3.024925 2.426553 2.313128 -0.3688652 20.67619 nan 0 0.0
-0.01478385 0.003632369 1.764062 0.06030158 0.5415813 0.7281102 -0.1769631 18.72294 0.8059902 0 0.0
-0.003463977 -0.003308865 4.180045 1.328351 0.6735058 0.7636588 -0.2037707 15.72602 nan 0 0.0
0.01614241 0.02444505 -0.07447456 3.21543 1.263837 1.835579 -0.4133777 20.12469 0.6551533 0 0.0
-0.0267156 -0.04375362 2.195853 -0.5855553 0.758681 0.5831504 -0.08087925 19.3049 nan 0 0.0
0.06099803 -0.006086466 2.614456 -0.6325772 0.3335568 0.3869121 -0.1590639 18.84526 0.8566666 1 0.9992409
0.04147364 0.01101043 1.23175 1.803386 0.918612 1.101809 -0.4912781 19.69724 nan 0 0.0
-0.00663319 -0.0242022 5.266006 -0.2069779 1.109831 0.9507981 -0.4373789 19.26944 0.6623573 0 0.0
0.01436881 0.1479385 2.47234 -1.408531 0.6541578 0.7254344 -0.1717501 19.80175 0.8236179 1 0.9892574
0.001914476 -0.01756051 3.517571 6.136981 1.160281 1.003486 -0.3682402 19.41269 nan 0 0.0
-0.04618556 0.04887972 4.130364 -0.4198035 1.946026 3.039141 -0.359761 20.90161 nan 0 0.0
-0.02196959 0.02649573 2.574356 -0.5475168 0.1115406 0.1345541 -0.2489982 17.08737 0.9942799 0 0.0
0.01433683 0.02342311 1.988584 -0.7583939 0.07064429 0.08478985 -0.2380556 15.69248 0.9275122 0 0.0
0.06902386 -0.1423627 4.455388 10.93002 0.9324742 1.221681 -0.115676 20.14985 2.040907 0 0.0
0.01922952 0.01154676 3.017645 3.18513 1.32756 1.698481 -0.4486805 19.95675 nan 0 0.0
-0.0361094 0.01596114 1.892519 0.08425219 0.5729768 0.7187798 -0.2653082 19.67681 0.3677635 0 0.0
0.01276179 -0.02593113 2.184624 -0.738569 0.03063584 0.03651126 -0.1379633 13.8736 1.441433 1 0.9999735
-0.05168305 0.0534763 1.583481 0.03530182 0.6736867 0.8966033 -0.2509331 20.12307 0.4767952 0 0.0
-0.07304607 -0.02364593 2.885964 1.351807 1.230728 1.569484 -0.3318181 20.53593 0.3611679 0 0.0
-0.07512399 0.08197319 1.190944 -0.6288823 0.7737865 0.8849458 -0.05226863 19.9981 0.5938301 0 0.0
0.0158561 0.02432305 0.09066779 2.352098 1.955292 3.523911 -0.6030382 20.50555 nan 0 0.0
-0.003301227 0.01271287 -3.55081 -10.25077 0.849745 1.527337 -0.105353 18.67291 nan 0 0.0
0.002130532 -0.01715616 -0.7640271 0.1745865 0.9690893 0.9249192 -0.3798548 19.09192 0.7581348 0 0.0
0.03559629 0.009396317 -1.565872 -2.019063 1.120306 1.291452 -0.2210586 18.42456 0.7730255 0 0.0
0.06791585 0.02065185 0.2778926 -0.4930734 0.9674876 1.607329 -0.2070966 20.57679 0.29076 0 0.0
-0.04808884 -0.05342416 3.918212 0.7650287 2.329248 1.98038 -0.1676203 20.7457 0.832859 0 0.0
-0.06652237 -0.04373126 1.775918 0.2971637 2.768687 3.599105 -0.7829591 20.82522 0.7830429 0 0.0
-0.03294727 0.01250663 0.6086125 -1.628328 1.559386 2.191967 -0.1504984 20.70857 0.5858803 0 0.0
-0.05943567 0.06251844 1.821822 -2.662748 1.140414 1.522445 -0.2213256 20.59189 0.5768299 0 0.0
-0.01202972 0.01913203 1.97291 -1.038648 0.06145946 0.07406464 -0.2379132 15.61994 1.144377 0 0.0
0.01200177 -0.03182851 -0.1323212 -3.851715 1.164797 1.538421 0.4505762 20.0311 0.6204128 0 0.0
0.02598532 -0.04176588 7.85778 6.539819 1.138722 1.152514 -0.1152544 19.73535 nan 0 0.0
0.01433143 0.0255212 2.231366 -0.997611 0.2826102 0.3584697 -0.3556141 18.54031 0.795433 0 0.0
0.03392559 -0.01424633 2.525788 -0.1734559 1.233273 3.267656 0.4425897 20.34727 nan 0 0.0
0.003911471 -0.01663363 1.030295 1.025259 1.761095 1.413093 0.4785093 19.48892 nan 0 0.0
-0.02243105 0.008349063 4.849942 0.638551 1.009027 1.239605 0.05291241 19.40021 nan 0 0.0
0.05758753 0.08403873 1.30483 1.790119 1.057195 1.419415 -0.07243463 20.56118 0.88344 0 0.0
-0.0496822 0.05095627 1.483626 -1.090985 0.9967655 1.433664 0.2819998 20.31164 nan 0 0.0
-0.02234799 -0.04895529 1.879348 -1.350508 1.268441 1.155191 -0.4913665 20.00331 nan 0 0.0
0.01461193 0.02574621 3.934387 -0.5572187 0.9561668 1.200749 -0.5327201 19.9516 nan 0 0.0
0.0388111 0.03359119 2.730496 -0.8170215 0.6746383 0.7367883 -0.09342694 19.49748 0.5467548 0 0.0
-0.02321808 0.02100597 5.371694 -4.436594 0.9538728 0.8806528 -0.2577135 19.59805 0.6452599 0 0.0
0.01446526 0.02291192 1.767761 -3.453408 0.8554978 0.7735633 -0.1075219 19.04432 nan 0 0.0
-0.001832731 0.1467193 1.913315 -0.5730869 0.3092302 0.3765319 -0.1752105 18.88517 0.7543526 1 0.9979756
-0.001262162 -0.005864636 1.174264 -0.9029985 0.1687181 0.1812894 -0.2975248 14.74382 1.00214 0 0.0
0.07265873 -0.06244863 1.813709 0.2324014 0.7005533 0.8684268 -0.05465643 19.97579 0.7323246 0 0.0
0.03897311 -0.02030677 7.665203 -5.087108 0.6573812 0.8244286 -0.05567276 19.56259 0.6587467 0 0.0
-0.03264307 0.01159125 2.026434 -3.484499 0.8742061 1.212309 -0.0641502 19.88294 0.6647778 0 0.0
-0.03929457 0.03859198 1.463404 -2.27994 0.8785505 1.216919 -0.2723187 20.31821 0.4427528 0 0.0
0.002791902 0.0208916 2.669533 -0.8535809 0.3261245 0.3785495 -0.4220688 18.24876 0.8290749 0 0.0
0.03994334 -0.05840852 2.869714 -0.9598927 0.777495 0.6384611 0.1030099 18.87123 0.6154881 1 0.9976104
0.02330192 -0.002992325 2.725469 -2.984202 0.4255902 0.5607342 -0.2281124 19.00624 nan 0 0.0
0.01550639 0.0023581 1.334739 -7.387422 0.7932222 0.9484292 -0.3888564 18.64607 nan 0 0.0
-0.02366966 0.009126842 10.00645 17.32169 1.984399 3.294094 0.3275527 20.51614 nan 0 0.0
-0.03814951 0.01827174 2.25128 6.048842 0.2543016 0.3120008 -0.2394685 18.6689 1.484888 1 0.0
-0.02960153 -0.1449624 1.710377 0.9378328 0.9919919 1.129486 -0.1209635 20.30296 0.7352314 0 0.0
-0.01221359 0.001962041 2.024 -0.6506564 0.02385217 0.03009923 -0.1679895 13.55503 1.511469 1 0.9999786
0.01401587 0.02526949 2.439227 -2.193191 0.9260649 1.03169 -0.5798778 19.72184 nan 0 0.0
-0.03282823 0.03218289 1.905591 0.1241089 0.2469876 0.3036285 -0.254401 18.39102 0.2850304 0 0.0
0.03838107 -0.03479465 1.552634 -0.5784298 0.4698933 0.5993172 -0.1377155 19.30193 0.6063251 0 0.0
0.104126 0.02043069 2.98999 -0.5995414 0.6523445 0.912091 -0.1661965 20.02675 0.705637 0 0.0
0.007659717 0.03135113 2.520428 3.473006 1.027643 1.181285 -0.4073066 19.43283 0.8874054 0 0.0
0.0847587 -0.04076079 4.607871 -2.599052 1.313769 1.525045 -0.1864575 20.68729 0.5514774 0 0.0
-0.02929074 0.02681341 1.54921 0.5061711 0.6333076 0.7420374 -0.06059685 19.66139 0.412508 0 0.0
-0.01084039 -0.002054603 4.90873 -6.71349 0.5733215 0.8254287 -0.3555835 18.48225 nan 0 0.0
0.01191366 0.03185406 2.184399 1.274163 0.6809361 0.7323499 -0.3367085 19.18085 0.6001034 0 0.0
0.05931185 0.002440874 0.4137049 -2.083477 0.6197665 0.6939167 -0.1864533 19.31731 0.7221165 0 0.0
-0.02241056 0.0171038 -0.6099699 0.6040034 1.495287 1.595717 -0.4257747 20.32747 nan 0 0.0
-0.0008005379 -0.0282836 4.967309 -1.825676 1.585606 1.630466 -0.6572833 19.85685 nan 0 0.0
-0.01609766 -0.1458429 2.124403 -0.5356414 0.1389946 0.1686102 -0.1942003 17.50617 1.038225 1 0.9995697
0.03066914 0.01588751 -0.5916658 2.432292 1.075023 1.479488 -0.4722587 19.91847 nan 0 0.0
-0.02664629 0.01784996 3.931648 -3.283609 0.7291427 1.083205 -0.05360887 20.07001 0.6274815 0 0.0
0.03384764 0.005181966 1.668174 -1.518184 0.9540773 1.893004 -0.4255193 20.189 0.6428261 0 0.0
-0.03317396 0.09440803 1.572118 -0.2978578 0.4357889 0.5441722 -0.3287887 19.19024 0.7781639 1 0.9976511
0.01992034 0.01677651 1.742889 -1.844318 0.5584177 0.6478615 -0.323796 19.06953 0.6033421 0 0.0
0.05518654 0.007487369 2.99447 -1.903194 0.3327111 0.4224692 -0.1098755 18.9241 0.7542477 0 0.0
0.007684674 -0.1097621 1.770755 -1.451799 0.9835081 0.9945739 0.2823555 19.86993 0.2406883 0 0.0
-0.03271339 0.01203753 6.569926 10.76064 2.144105 3.010526 0.1098429 20.82402 nan 0 0.0
0.02036912 -0.02582998 2.583427 -0.9151427 0.5269293 0.6325222 0.3189866 19.0294 0.6571903 0 0.0
-0.02926708 0.02613059 1.645379 -0.5485961 0.4763409 0.5554838 -0.2055404 19.25727 0.6121979 0 0.0
-0.02413916 0.01534082 0.01559011 1.600156 1.469838 1.409249 0.4353037 19.1567 nan 0 0.0
0.05767426 0.1384094 1.831363 0.4264319 0.6918092 0.7861199 -0.2544515 19.8857 0.5547466 0 0.0
-0.02387973 0.008516417 -1.321744 22.95291 1.871005 4.859598 0.4383522 20.52904 nan 0 0.0
0.03453302 -0.05999248 0.1336036 -1.216016 1.659208 1.917817 0.05928153 20.66609 0.4895935 0 0.0
-0.005474209 0.01153399 2.024261 -1.323056 0.09104057 0.1094925 -0.2160989 15.67784 0.9262543 0 0.0
0.03332361 -0.05111889 4.185579 2.698641 2.39989 2.874602 0.2404174 20.75452 0.3340893 0 0.0
0.02879185 -0.00277317 4.122582 3.094217 0.8145906 1.054718 -0.1856151 18.86677 nan 0 0.0
-0.02735962 0.01936029 2.770048 -1.369001 0.8745848 1.446508 0.1737149 20.14197 nan 0 0.0
0.08259447 0.0229588 0.9340111 2.976172 0.9160157 1.419976 -0.1790051 20.51866 0.5280991 0 0.0
0.006109438 -0.05418947 0.2155277 -0.1234464 1.54022 2.253059 0.1660109 20.65895 0.2680454 0 0.0
-0.018227 0.01446909 2.060829 3.219679 1.064563 1.312624 0.3823414 19.59836 nan 0 0.0
0.08725628 -0.004818023 2.177238 -0.7005751 0.4130522 0.4538748 -0.2242393 19.02832 0.6972351 0 0.0
0.08552551 -0.05761509 2.655834 -1.590437 0.654193 0.764354 0.01230286 19.82725 0.5165768 0 0.0
-0.02405756 0.03243069 2.248233 2.204999 0.706226 0.7515741 -0.2700686 19.39961 0.4814606 0 0.0
0.0232086 -0.002622267 3.354217 -2.147899 0.7916381 1.135307 0.1876714 19.3912 nan 0 0.0
0.04609991 0.01939979 2.219649 -1.843657 0.6670231 0.9663583 -0.1635225 20.05278 0.5696392 0 0.0
0.04703732 -0.01060726 1.064269 -0.8138654 1.026717 1.393752 0.03031795 20.23621 0.5995426 0 0.0
-0.01952774 0.02799565 2.598241 -0.244657 0.6741484 0.7350748 -0.3837801 19.5595 0.6838303 0 0.0
-0.01047587 0.0202004 2.031284 -0.7879311 0.0621364 0.07618411 -0.1875643 16.0073 0.8967466 1 0.9999483
0.01277901 -0.0275333 0.6456037 0.642778 2.207545 3.015715 0.303898 20.24479 nan 0 0.0
-0.009061324 -0.07296955 2.041843 -0.7546506 0.3997842 0.4637649 -0.173011 19.16065 0.6768303 0 0.0
-0.03470121 0.02686046 2.331029 -0.5829807 0.0918275 0.1165426 -0.2928786 16.86781 1.026209 1 0.9999006
0.04062785 -0.006548118 1.866875 -3.395497 1.769777 2.063342 0.0445597 20.59542 0.6747894 0 0.0
-0.0568633 0.04122318 2.305055 0.4499851 0.4665406 0.5310691 -0.3629421 19.27948 0.5629921 0 0.0
-0.01046064 0.03523031 2.639068 -0.6781244 0.1887058 0.2274985 -0.294615 17.67436 0.932663 0 0.0
-0.004263467 -0.01325383 8.438287 -1.002249 0.766388 0.6631097 -0.4578099 18.51643 nan 0 0.0
0.05763885 0.006333301 2.134799 -0.5773853 0.04925916 0.06195298 -0.1066608 15.62919 1.18769 1 0.9999743
0.02962953 -0.03727365 1.377116 -0.05729703 0.6140338 0.7456325 0.01969046 19.4087 nan 0 0.0
-0.004934076 -0.025953 -7.732051 13.30552 2.120399 1.933076 -0.4651992 19.93577 nan 0 0.0
-0.06522889 0.06860141 1.962626 1.421615 1.593798 2.332881 -0.06520327 20.83277 0.653574 0 0.0
0.01682131 -0.1125713 3.28822 -3.949717 1.789362 2.37163 -0.4195475 20.70373 0.6491451 0 0.0
0.01507716 -0.03690267 1.652573 0.1767587 0.5015453 0.6914459 -0.1064722 19.3159 0.6003361 0 0.0
-0.003643865 0.08444439 2.17589 -1.63442 0.7003412 0.8432004 -0.3197653 19.90003 0.6239166 0 0.0
-0.004460935 -0.02960363 4.41423 -0.4706922 1.785451 1.142004 -0.09696486 19.903 nan 0 0.0
-0.02235055 -0.005559298 3.028115 -0.5195376 0.9083395 1.519514 -0.3270831 18.81771 0.7739086 0 0.0
-0.03724392 0.01813872 1.47352 4.222526 0.9019136 0.9739811 -0.1782906 19.81926 0.5584908 0 0.0
-0.02205434 0.01754261 1.713236 -1.522807 0.4029019 0.5120571 -0.1142791 18.75427 0.9435787 0 0.0
-0.01606074 -0.00594281 2.047343 -1.116716 0.288858 0.4577617 0.3839457 17.75403 nan 0 0.0
-0.02146592 -0.05142693 2.983653 -2.636896 1.278525 1.310535 -0.4439992 20.30739 0.3314877 0 0.0
-0.05266915 0.03608052 0.3744822 -1.772191 0.8811785 1.137115 -0.2965265 20.22969 0.4243126 0 0.0
-0.01780216 -0.001739446 0.4014451 4.46678 1.34409 1.997948 -0.6610194 19.52436 nan 0 0.0
-0.02350008 0.008611917 2.086235 -0.7384524 0.06518351 0.0862284 -0.2046756 16.25274 1.093619 1 0.9999699
0.03015362 0.1452097 0.9058194 -0.6747929 0.6283988 0.6206415 -0.09200016 19.42526 0.5757313 1 0.977596
0.008846405 0.0353526 7.352722 -2.806847 3.183929 4.391524 -0.6912474 20.96807 1.088947 0 0.0
-0.0193409 0.09043082 1.843395 -1.192995 0.2957694 0.3806521 -0.2912697 18.77334 0.9455471 1 0.9974327
-0.02228605 -0.006364178 1.315642 2.195446 0.6085211 0.978842 -0.294231 19.56278 0.7016106 0 0.0
-0.04333131 0.03646856 0.7879917 2.151642 0.6063733 0.6456152 -0.3044786 19.51509 0.4338646 0 0.0
0.02909911 0.0466728 1.060962 -3.069098 0.8775036 1.179621 -0.2203505 20.35559 0.2531929 0 0.0
0.1383326 0.02333009 1.296219 -1.584514 2.737196 2.671414 0.2205056 20.96939 1.147232 1 0.9456977
0.02828337 -0.003680855 1.973892 -2.063116 0.5960225 0.8624412 -0.2609075 19.36084 nan 0 0.0
0.04287003 0.02074086 2.013287 -0.2698175 0.1015592 0.117832 -0.1650821 16.87223 -0.02839088 1 0.9995148
0.02695303 0.02898875 2.814053 0.5772025 1.447848 2.011743 -0.3323153 20.61353 nan 0 0.0
0.0430908 -0.04585246 1.734345 -1.089053 1.009011 1.263351 0.110212 20.19106 0.8364296 0 0.0
-0.006847507 -0.1568734 -2.810844 3.771202 1.20836 1.30953 -0.1409882 20.2671 1.807354 0 0.0
0.04228122 -0.02429128 4.579286 0.9883671 1.263025 1.665742 -0.2139482 20.0728 nan 0 0.0
-0.06142275 0.09448383 2.84297 0.9637166 0.7681333 0.9586418 -0.1413873 20.10296 0.595274 0 0.0
