data/gcs/NGC_6341_M_92.ecsv
# %ECSV 0.9
# ---
# datatype:
# - {name: x, unit: deg, datatype: float64}
# - {name: y, unit: deg, datatype: float64}
# - {name: pmx, unit: mas / yr, datatype: float64}
# - {name: pmy, unit: mas / yr, datatype: float64}
# - {name: pmx_e, unit: mas / yr, datatype: float64}
# - {name: pmy_e, unit: mas / yr, datatype: float64}
# - {name: pm_corr, datatype: float64}
# - {name: g_mag, unit: mag, datatype: float64}
# - {name: bp_rp, unit: mag, datatype: float64}
# - {name: filter, datatype: int64}
# - {name: memberprob, datatype: float64}
# meta: !!omap
# - comments: [deg deg mas/yr mas/yr mas/yr mas/yr dimless mag   mag   zeroone float]
# - __serialized_columns__:
#     bp_rp:
#       __class__: astropy.units.quantity.Quantity
#       unit: &id001 !astropy.units.Unit {unit: mag}
#       value: !astropy.table.SerializedColumn {name: bp_rp}
#     g_mag:
#       __class__: astropy.units.quantity.Quantity
#       unit: *id001
#       value: !astropy.table.SerializedColumn {name: g_mag}
#     pmx:
#       __class__: astropy.units.quantity.Quantity
#       unit: !astropy.units.Unit {unit: mas / yr}
#       value: !astropy.table.SerializedColumn {name: pmx}
#     pmx_e:
#       __class__: astropy.units.quantity.Quantity
#       unit: !astropy.units.Unit {unit: mas / yr}
#       value: !astropy.table.SerializedColumn {name: pmx_e}
#     pmy:
#       __class__: astropy.units.quantity.Quantity
#       unit: !astropy.units.Unit {unit: mas / yr}
#       value: !astropy.table.SerializedColumn {name: pmy}
#     pmy_e:
#       __class__: astropy.units.quantity.Quantity
#       unit: !astropy.units.Unit {unit: mas / yr}
#       value: !astropy.table.SerializedColumn {name: pmy_e}
#     x:
#       __class__: astropy.units.quantity.Quantity
#       unit: &id002 !astropy.units.Unit {unit: deg}
#       value: !astropy.table.SerializedColumn {name: x}
#     y:
#       __class__: astropy.units.quantity.Quantity
#       unit: *id002
#       value: !astropy.table.SerializedColumn {name: y}
# schema: astropy-2.0
x y pmx pmy pmx_e pmy_e pm_corr g_mag bp_rp filter memberprob
[from data line 10961]
0.01920083 0.05420463 -4.021938 -1.226102 0.833854 0.6307108 -0.5595951 18.58239 nan 0 0.0
-0.06048075 -0.06290258 -7.324153 -0.1646374 2.007624 1.952367 -0.0002505726 20.80659 0.5938797 0 0.0
-0.04726287 0.02150124 -6.084145 -1.760934 1.200897 1.643697 -0.0834676 20.13091 nan 0 0.0
-0.004386645 0.01921719 -0.6489121 -0.863771 0.4546811 0.3681589 0.1990268 18.31015 nan 0 0.0
-0.01636227 0.02563554 -4.992311 -1.052494 0.4498783 0.8848671 0.7397939 18.36197 nan 0 0.0
-0.09683717 -0.03290665 -7.51108 1.378414 2.507228 3.732445 -0.1318321 20.75679 0.7077522 0 0.0
0.03212409 -0.02294982 -4.131875 0.74209 0.4183714 0.449367 0.1172521 18.49931 0.6815605 0 0.0
0.07478854 -0.006303337 -4.616915 0.4110366 0.9534831 1.076139 0.155739 20.12726 0.4606171 0 0.0
-0.03038813 0.155802 0.2963171 -8.864632 1.122709 1.442564 0.3522314 20.31792 1.595345 0 0.0
-0.0635164 -0.06661883 -7.043473 -5.997989 1.333736 1.306546 -0.01096625 20.48437 2.38802 0 0.0
0.05531346 0.004006152 0.5807486 -3.856642 2.765383 4.821678 0.1323666 20.88008 nan 0 0.0
-0.007486184 -0.0218172 -4.745741 -0.7018527 0.03158491 0.03194307 -0.01119568 14.04252 1.098781 1 0.9998376
-0.04808789 -0.008500724 -4.720797 -1.311715 0.6328478 0.7338949 0.2969981 19.51608 nan 0 0.0
0.01518451 0.01024294 -5.277432 -0.9191983 0.2449496 0.2664139 0.127853 16.12025 0.8484154 0 0.0
0.01110702 0.02574499 2.813059 -1.836132 0.9408882 0.7215075 -0.2444842 19.15367 nan 0 0.0
0.09018889 0.107159 -3.82554 -1.961182 1.252911 1.313203 0.1666512 20.54445 0.971344 0 0.0
-0.001380586 0.04545453 -4.661533 -0.7085126 0.9452774 1.089551 0.286629 19.51425 nan 0 0.0
-0.05949936 0.02925576 -5.404029 -1.343077 0.7991792 0.9890694 0.3768501 19.77689 0.4809608 0 0.0
0.06376856 0.01056422 -4.332195 -0.5820829 0.615915 0.688487 0.1756126 19.47556 0.5334129 0 0.0
-0.0298882 0.04276102 -5.268274 1.700469 0.7129164 0.7436744 0.3157876 19.08787 0.7218838 0 0.0
0.05008881 -0.006233187 -3.340871 1.637434 0.6410315 0.9396375 0.3479548 19.43915 nan 0 0.0
-0.01688154 -0.0007467604 -8.719936 2.603925 0.5301268 0.8315708 0.2994681 18.16912 0.6169662 0 0.0
-0.02342616 0.006457545 -6.381828 1.295238 1.169389 1.587779 0.3043783 19.47992 nan 0 0.0
-0.06002118 -0.02616749 -5.124688 -0.2573577 0.2801011 0.2873471 0.1926979 18.42703 0.547451 1 0.9993601
0.08043648 0.03447916 -1.548077 4.439057 1.34634 1.888523 0.2177844 20.58342 0.4224148 0 0.0
-0.02838957 0.01121658 -5.34892 -1.611691 0.08437921 0.09254752 0.2960085 15.49924 0.07822132 0 0.0
-0.01731962 0.1034594 -4.756494 -2.315668 1.632518 1.537306 0.04850112 20.51258 0.8657017 0 0.0
0.05743596 -0.02719231 -2.614826 1.72805 1.286749 1.842853 0.1360357 20.46192 0.5531216 0 0.0
-0.03044441 0.0430474 -1.983306 -0.8229336 1.430565 1.373096 0.2124666 20.14514 0.6991844 0 0.0
-0.03924145 -0.03678921 -3.693673 -2.048239 1.058733 1.034091 -0.1311215 19.97083 0.5374737 0 0.0
0.01169401 -0.01724272 -4.0333 -0.2989525 0.4561707 0.3635896 0.3012764 18.23118 0.6967945 0 0.0
0.008219131 -0.01858988 -6.258873 0.4382178 0.6606098 0.4748544 0.265634 18.81241 nan 0 0.0
0.01189707 -0.03052546 -5.694339 -0.03367531 0.5728089 0.5957038 0.2613187 19.24786 nan 0 0.0
-0.0434443 0.006769853 -3.94323 0.3014928 0.8399901 1.184517 0.4029316 19.9287 0.3253899 0 0.0
-0.008620691 -0.01007923 -5.294405 -1.004956 0.1617276 0.1449769 0.09379509 15.09294 0.3753824 0 0.0
-0.02214136 -0.01207473 -4.612388 -0.2218389 0.1165077 0.1369649 0.1709855 15.15235 0.9633112 0 0.0
0.005836487 -0.02843588 -5.872788 -0.7134455 0.458208 0.3819647 0.2384219 18.70857 0.7375031 0 0.0
0.0562061 0.00193177 -5.162313 -0.9640014 0.2123853 0.253711 0.2087242 17.85905 0.7199345 1 0.9993313
-0.04619295 -0.006175218 -1.234132 -0.3257239 1.168775 1.67919 0.3221991 20.22515 0.5499592 0 0.0
0.02372044 0.04681334 -3.498479 -2.844319 1.058069 0.7403204 -0.3414727 19.56586 0.6370373 0 0.0
0.05179976 0.1033683 -5.084264 -0.6367953 1.076635 1.122547 0.1451308 20.34395 0.784914 0 0.0
0.01167813 -0.05078535 -3.907345 0.1189071 0.4245264 0.4034928 0.2585481 18.94967 0.5320892 0 0.0
0.04584632 0.03784614 -5.03887 -1.068359 0.2436445 0.2576981 0.04639229 18.24735 0.5922565 0 0.0
-0.03037967 -0.005807463 -5.061671 -0.04257359 0.2784336 0.3113339 0.2584017 18.00498 0.6592007 0 0.0
0.008085524 -0.01898281 -2.150736 -2.629753 0.6478116 0.5380191 0.3666928 17.52324 0.7118187 0 0.0
0.01466707 0.03239476 -6.19157 0.3564829 0.581884 0.5318566 -0.2983641 18.69912 0.6047192 0 0.0
-0.009966269 0.07015167 -4.553324 -0.09270988 0.9143684 0.8255816 0.3177525 19.54473 nan 0 0.0
-0.09602035 0.1882872 -0.7224601 -12.5996 2.653135 2.156166 0.2235548 20.64843 1.745468 0 0.0
0.0239177 -0.002331327 -15.18966 -20.36401 1.508843 1.760827 0.6186683 19.47026 nan 0 0.0
0.05402679 -0.001522497 -3.992521 -0.8691611 0.8101275 1.128051 0.2453194 19.84894 0.5772648 0 0.0
-0.03533245 -0.02042272 -1.387231 -4.630421 1.07782 1.395995 -0.104889 19.50467 0.6272202 0 0.0
0.057992 -0.02618852 -8.652195 -5.274582 1.222031 1.544265 0.1920057 20.30983 0.6082287 0 0.0
0.02947247 0.02435872 -7.422275 3.006 0.6325541 0.7169837 -0.1076751 19.3567 0.7811184 0 0.0
0.01244891 0.1040495 -5.550746 -0.3882273 1.423959 1.631313 0.101329 20.49902 0.5146179 0 0.0
-0.01985563 -0.03830156 -7.332076 -0.2543506 1.362028 1.008325 -0.1409555 20.0303 nan 0 0.0
-0.002874284 -0.01276913 -6.65177 -2.315243 0.1866557 0.2158151 0.2159754 15.51031 0.9177113 0 0.0
-0.0229954 -0.03236098 -4.493699 -0.3045928 1.230932 1.263312 -0.3754028 19.85711 0.2696209 0 0.0
0.05699541 0.1104682 -7.76018 0.9034321 1.711083 2.211348 0.2624167 20.73085 0.9456158 0 0.0
-0.001873228 -0.05495972 -8.177119 -6.694949 1.007687 0.843555 0.1546365 19.56173 0.4784222 0 0.0
0.04465928 -0.01285971 -5.362074 3.288577 1.388494 2.07308 0.4670362 20.36753 0.5358829 0 0.0
0.08093684 0.1436679 -4.981034 -0.1414122 0.5136479 0.5492624 0.2035487 19.37333 0.6846371 1 0.9937682
0.0001551543 -0.06201693 -3.144087 -1.488529 1.802973 1.668852 0.005592835 20.71411 0.3982067 0 0.0
-0.02238173 0.0006015936 -4.988895 -0.5936156 0.02779568 0.03234219 0.1835015 14.22744 1.073472 1 0.9999387
0.06255364 -0.02069468 -3.910216 -1.147677 0.8493849 0.9476892 0.2293716 19.82782 0.4589958 0 0.0
0.03051354 -0.009858605 -4.139591 1.505514 1.572675 1.935838 0.675275 19.63007 0.5717182 0 0.0
-0.01101864 0.0319286 -8.953993 2.267326 1.308242 1.068199 0.07486733 19.37166 nan 0 0.0
-0.007172946 -0.01028923 -2.170124 -1.542029 0.1691951 0.1643344 0.2353321 16.24078 0.8094339 0 0.0
-0.02386674 0.01866475 -5.185456 6.29849 0.7101452 0.8908333 0.4875711 18.51394 0.6260395 0 0.0
0.05903299 0.003250505 -4.631741 -0.6378423 0.6085856 0.7414826 0.1899396 19.49976 0.4306297 0 0.0
-0.009576708 0.001025494 -5.110279 0.1640579 0.745898 1.065108 0.4921683 17.17555 nan 0 0.0
-0.08326986 -0.05095489 -5.526883 -0.5423939 0.3088985 0.3320903 0.1750253 18.5839 0.5906906 1 0.9974555
0.01252455 0.06049333 -9.842957 5.246327 2.17708 2.275049 0.1801669 20.87547 0.4810791 0 0.0
-0.01974259 0.0356959 -4.903992 -1.004113 1.09198 1.26645 0.6258279 19.68758 0.1460361 0 0.0
0.0724528 -0.008694151 -3.828875 -7.024627 0.6123139 0.6665822 0.1940134 19.57278 1.334543 0 0.0
-0.01619911 -0.03074572 -4.77679 -0.2379947 0.4567122 0.4214998 -0.3010696 18.69784 0.8612804 0 0.0
0.008793641 0.01393813 5.395205 -10.9092 0.82609 0.6491925 -0.4004951 18.10715 nan 0 0.0
0.01586766 -0.04828579 -0.6518743 -2.65942 2.523929 2.642678 0.2184287 20.5449 0.01805878 0 0.0
-0.01981098 -0.03802692 -0.732463 -3.195485 0.9536526 0.9833966 -0.2560326 19.73195 0.7313766 0 0.0
0.03108817 0.04270059 -3.654936 -2.924525 1.780981 1.309593 -0.2350332 20.27542 0.6081944 0 0.0
-0.0605691 0.005472162 -4.365495 0.2342179 0.714189 0.8764652 0.1826814 19.73872 0.5026989 0 0.0
0.05689165 0.007078433 -4.083423 1.200542 1.178291 1.841443 0.2545106 20.35096 0.643877 0 0.0
0.02273741 -0.002484366 -5.358768 -0.777747 1.275055 1.85556 0.6454192 19.59907 nan 0 0.0
0.0011136 -0.05524965 -3.836567 1.045952 0.5134977 0.5002427 0.1992155 18.73342 0.5657883 0 0.0
0.001357275 0.01291517 -3.698632 -0.2188162 0.05814577 0.05631218 0.1279344 14.01105 1.041948 0 0.0
-0.002711349 0.1448731 -5.182745 -0.02686277 0.4065208 0.5066415 0.2802196 18.88713 0.6436768 1 0.9946395
0.03418049 0.04449514 -2.362296 -4.654723 2.89762 2.158668 -0.3648632 20.7353 0.6545048 0 0.0
-0.02308263 0.03163823 -4.558931 -0.6333401 0.4183085 0.4612638 0.1878662 18.9474 nan 0 0.0
-0.02737032 0.04980177 0.5669277 5.471511 1.891632 2.175608 0.6028595 20.01937 0.9220791 0 0.0
-0.003297571 -0.0141424 0.7689126 -2.607826 0.4974557 0.3882638 -0.04779328 18.01893 0.5845737 0 0.0
-0.003678644 -0.05410133 -3.616733 -1.668776 1.642042 1.566049 0.2133264 20.43528 0.2971802 0 0.0
0.0190134 0.08446655 -4.707739 -0.5895009 0.4143955 0.4236034 0.1593593 18.91778 0.564373 0 0.0
-0.02483411 0.04864484 -6.397466 6.193741 1.956561 1.809152 0.360185 20.23707 1.138401 0 0.0
-0.02340211 0.01111147 -4.59975 -0.4199678 0.04521459 0.04766979 0.1209618 15.10071 1.008863 1 0.9994167
0.03890217 0.03832197 -7.716331 -2.370371 1.920198 2.244861 0.04019677 20.47341 nan 0 0.0
0.09609543 0.01259395 -6.315375 -4.011756 2.525717 3.556068 0.2040835 20.77178 0.5974522 0 0.0
-0.04858146 -0.04106641 -5.224712 -1.654552 0.5823799 0.6140522 0.007077875 19.42804 0.6336479 0 0.0
-0.01746902 -0.03039061 -4.662093 -2.951175 1.773923 2.30314 -0.2610873 20.16114 nan 0 0.0
0.03418387 0.03846411 -6.667298 0.7356714 1.173092 1.245927 -0.05455953 20.21568 nan 0 0.0
-0.02430859 0.0272251 -4.594502 -0.4542134 0.1058339 0.1077604 -0.005503043 16.58775 0.9035063 0 0.0
0.03592202 0.03470763 -5.970735 -1.091901 0.5303536 0.5711693 0.07145586 19.28393 0.5526905 0 0.0
-0.01007246 -0.03438245 -1.507456 -8.267848 1.613726 1.063408 -0.3494235 19.85455 0.4296474 0 0.0
-0.006365952 0.03912627 -8.907306 0.2697538 1.980342 1.815765 0.3675853 20.18715 0.6317978 0 0.0
0.03037541 -0.0008140257 -7.52108 1.429053 0.4794454 0.6870502 0.4880823 18.69644 0.6068935 0 0.0
0.005210244 -0.0002567727 -13.83516 13.55385 0.7359791 0.6919732 0.1883521 15.60465 0.3569479 0 0.0
-0.08559412 -0.02356213 11.32306 -12.34582 1.011927 1.030453 0.2196856 20.05318 1.693726 0 0.0
0.03860601 0.01391154 -6.310542 -1.754321 0.8773319 1.17255 0.250972 19.7933 0.7279186 0 0.0
-0.03333856 -0.04072185 -7.034021 1.075572 1.825925 1.828609 -0.1480305 20.58449 0.6700821 0 0.0
0.02202899 -0.01426441 -2.347651 2.791138 0.3441628 0.4811293 0.3767148 17.76208 0.6763401 0 0.0
0.02704177 0.03398971 -4.582781 -0.08353836 0.1540197 0.1494258 0.1983188 16.98422 0.8324165 0 0.0
-0.04401088 -0.006989358 -15.30747 -14.22232 1.412184 1.997504 0.3473436 19.91346 0.4801025 0 0.0
-0.03777241 0.03264881 -4.845196 -0.2822235 0.333391 0.3933334 0.1834428 18.46398 0.6524429 0 0.0
0.09406502 0.1451363 -4.203649 -1.556682 1.00061 1.062394 0.1536603 20.25352 1.176918 0 0.0
0.0218713 -0.009301546 -14.79643 -4.509202 1.891633 2.133075 0.1470852 19.68882 nan 0 0.0
0.01620639 0.01912763 -2.733191 -2.760145 1.717951 1.253202 -0.6591559 19.34549 nan 0 0.0
0.04165391 0.01736584 -4.531781 -5.366376 1.740735 3.193641 0.4176742 20.50058 nan 0 0.0
-0.0321129 0.04410874 3.102771 -34.86201 1.250235 1.33905 -0.06272433 20.28217 nan 0 0.0
-0.01963231 0.1017092 -4.76184 0.01031396 0.2394238 0.2613222 0.3018431 17.81656 0.7142105 1 0.9975413
-0.007593809 0.008486763 -5.334677 -1.172923 0.0696659 0.07624519 0.2812442 13.75502 1.075071 0 0.0
0.02300433 -0.001603071 -3.521413 -0.6573789 0.6536048 0.6892431 0.4884089 18.35325 nan 0 0.0
0.08147108 0.1096949 -4.148407 -0.6590323 0.5852713 0.6247682 0.1893109 19.54689 0.7111759 1 0.9901043
-0.02614784 0.04663885 -5.670973 -1.92523 0.3728317 0.3953145 0.1681616 18.89924 0.5693054 0 0.0
-0.02270928 0.01809973 -5.541409 -4.059042 0.6821471 0.8842683 0.5330879 18.76513 0.5159492 0 0.0
-0.05878607 0.2373577 5.504274 0.01916163 3.132275 2.573835 0.3828381 20.84245 2.223557 0 0.0
0.03569258 0.008370824 -4.213747 -2.220533 0.7798798 1.239726 0.3665182 19.61446 nan 0 0.0
-0.02226875 0.005087637 -6.884594 -0.4630028 0.4138634 0.5994431 0.3892482 18.46594 nan 0 0.0
0.02784448 0.07959476 0.6318993 -1.387445 0.2440948 0.2482668 0.1420569 18.25552 0.7559013 1 0.0
-0.06642822 0.1052059 -5.734519 -0.7201892 0.7544799 0.8286795 0.1844705 19.8353 0.4635334 0 0.0
0.009994025 0.02559984 -2.321499 2.640973 1.962392 1.095124 -0.168262 19.33004 0.7375755 0 0.0
-0.06120481 -0.02900064 -4.652575 0.06113354 0.9667706 0.999408 -0.0841874 19.91137 nan 0 0.0
-0.07176466 -0.04715476 -4.177563 -2.022177 0.5565316 0.6929913 0.2409563 19.42593 0.6850052 0 0.0
0.04494391 0.05438218 0.350113 -1.86445 2.05983 2.156362 0.08204611 19.64799 0.7625294 0 0.0
0.03710133 0.1448461 -2.174458 -8.338486 0.2910943 0.2945538 0.1571633 18.48659 1.003481 1 0.0
0.002941484 -0.05772533 -4.474114 -0.3336978 0.3909604 0.3799305 0.1219789 18.81499 0.6180573 0 0.0
-0.044819 -0.0156138 -7.176914 -2.816938 1.434953 2.983179 0.2633163 20.30784 0.4378834 0 0.0
-0.02244198 0.01848873 2.379108 2.995491 0.7506543 1.052289 0.5201816 18.82217 0.6944485 0 0.0
-0.0498466 0.01984771 -3.228593 8.257627 2.197411 3.209675 0.598661 20.1042 nan 0 0.0
0.01570112 -0.00723969 -3.951618 -0.2351922 0.09499989 0.1090771 0.2590952 15.69389 0.917222 0 0.0
-0.04045805 0.01044517 0.5355146 9.740602 1.902538 2.537639 0.450048 19.60843 0.4224987 0 0.0
-0.007846116 -0.04904646 -14.07298 -1.331475 2.983272 1.813548 -0.007502988 20.63145 0.06122398 0 0.0
-0.03840095 -0.0467728 -5.508762 -0.3139067 0.658145 0.634366 -0.1217111 19.40147 0.5278397 0 0.0
0.01580057 0.0388228 -5.022016 -0.3989092 0.2747473 0.2817145 0.1356565 18.26542 0.6277943 0 0.0
-0.04347365 -0.03455856 -0.4397305 4.919281 2.101959 2.575842 0.07454149 20.69408 0.3660564 0 0.0
0.06927335 -0.01361498 -5.447717 -2.514578 1.51502 1.862113 0.03194251 20.61173 0.7365017 0 0.0
-0.02782707 -0.02485928 -6.507971 0.1319849 1.49513 0.9190596 -0.1985706 19.42485 nan 0 0.0
-0.0234833 -0.02638316 -4.660855 -0.7740841 0.04379048 0.04779512 0.239332 14.37093 0.9039841 0 0.0
0.0221584 -0.002553243 -4.279325 -2.149064 0.4890097 0.7691303 0.3750897 18.24267 0.6874504 0 0.0
-0.04008431 -0.03083773 -5.699899 -0.5250215 0.9806264 0.9437014 -0.09054551 19.97862 0.5933952 0 0.0
-0.0791054 0.1011202 -5.673704 1.380715 2.048197 2.712462 0.3321846 20.81107 0.737875 0 0.0
-0.01629325 -0.04957886 -4.146479 -0.4780848 0.4825168 0.4241797 0.02515413 18.95436 0.5239449 0 0.0
-0.04247447 0.1521777 -7.639737 -10.83923 1.636061 1.968544 -0.01319687 20.627 1.13027 0 0.0
0.01579173 -0.01313719 -4.7131 -0.2540748 0.04232921 0.04753953 0.3527321 14.66201 1.036564 1 0.9993854
0.05935056 -0.02569512 -0.8678435 -8.308477 2.372304 3.017823 0.02482055 20.79574 nan 0 0.0
0.01801299 0.007855705 -13.95944 2.951569 0.7022949 0.5864483 -0.06457207 17.48596 0.7445526 0 0.0
-0.007382225 0.1008901 -7.176548 -1.078291 1.74064 1.589695 -0.03942651 20.54376 0.1144047 0 0.0
0.01496668 -0.009501989 -3.532819 3.731243 0.3928536 0.4715382 0.4528893 16.86269 0.7421837 0 0.0
0.0470785 0.02733758 -4.849404 -0.5031852 0.1937687 0.2069068 0.1342783 17.63281 0.7256603 0 0.0
-0.01039709 0.02208657 0.6488929 5.474841 0.949192 0.8349459 0.2774622 18.94308 0.5963268 0 0.0
0.01866559 -0.0146203 -1.257868 2.681354 1.118275 1.426943 0.6712721 19.45379 nan 0 0.0
0.001090644 -0.01789233 -3.025623 1.020468 1.476752 1.086451 0.6348626 18.91701 nan 0 0.0
0.01088457 0.02487138 -2.259446 -3.497043 1.195367 1.237954 -0.2906238 19.71181 nan 0 0.0
-0.02352593 0.1517058 -4.47609 -0.6060202 0.1812607 0.1969343 0.1637465 17.62877 0.797411 1 0.9938184
0.008219959 -0.02475061 -5.009283 -0.6440595 0.1020534 0.1018589 0.2527481 16.32066 0.888401 0 0.0
0.0587204 0.004116141 -3.734489 -1.465822 0.9594493 1.310514 0.2319683 20.12131 0.4763355 0 0.0
-0.0167835 -0.04930025 -4.709329 -1.014678 1.200808 1.190188 0.2350399 20.27467 nan 0 0.0
0.004897289 0.01444123 22.5668 27.6872 1.473662 1.08357 0.1677726 18.61781 nan 0 0.0
0.04587759 0.02585275 -4.52552 -0.03665568 0.4672002 0.7147388 0.2347845 19.01482 nan 0 0.0
