data/gcs/NGC_6205_M_13.ecsv
# %ECSV 0.9
# ---
# datatype:
# - {name: x, unit: deg, datatype: float64}
# - {name: y, unit: deg, datatype: float64}
# - {name: pmx, unit: mas / yr, datatype: float64}
# - {name: pmy, unit: mas / yr, datatype: float64}
# - {name: pmx_e, unit: mas / yr, datatype: float64}
# - {name: pmy_e, unit: mas / yr, datatype: float64}
# - {name: pm_corr, datatype: float64}
# - {name: g_mag, unit: mag, datatype: float64}
# - {name: bp_rp, unit: mag, datatype: float64}
# - {name: filter, datatype: int64}
# - {name: memberprob, datatype: float64}
# meta: !!omap
# - comments: [deg deg mas/yr mas/yr mas/yr mas/yr dimless mag   mag   zeroone float]
# - __serialized_columns__:
#     bp_rp:
#       __class__: astropy.units.quantity.Quantity
#       unit: &id001 !astropy.units.Unit {unit: mag}
#       value: !astropy.table.SerializedColumn {name: bp_rp}
#     g_mag:
#       __class__: astropy.units.quantity.Quantity
#       unit: *id001
#       value: !astropy.table.SerializedColumn {name: g_mag}
#     pmx:
#       __class__: astropy.units.quantity.Quantity
#       unit: !astropy.units.Unit {unit: mas / yr}
#       value: !astropy.table.SerializedColumn {name: pmx}
#     pmx_e:
#       __class__: astropy.units.quantity.Quantity
#       unit: !astropy.units.Unit {unit: mas / yr}
#       value: !astropy.table.SerializedColumn {name: pmx_e}
#     pmy:
#       __class__: astropy.units.quantity.Quantity
#       unit: !astropy.units.Unit {unit: mas / yr}
#       value: !astropy.table.SerializedColumn {name: pmy}
#     pmy_e:
#       __class__: astropy.units.quantity.Quantity
#       unit: !astropy.units.Unit {unit: mas / yr}
#       value: !astropy.table.SerializedColumn {name: pmy_e}
#     x:
#       __class__: astropy.units.quantity.Quantity
#       unit: &id002 !astropy.units.Unit {unit: deg}
#       value: !astropy.table.SerializedColumn {name: x}
#     y:
#       __class__: astropy.units.quantity.Quantity
#       unit: *id002
#       value: !astropy.table.SerializedColumn {name: y}
# schema: astropy-2.0
x y pmx pmy pmx_e pmy_e pm_corr g_mag bp_rp filter memberprob
[from data line 24226]
0.04757937 0.06698995 -3.226303 -2.786395 0.9903253 1.704937 0.6733807 19.6776 0.5172825 0 0.0
0.2156673 0.2009503 -4.453426 -4.204351 0.196999 0.2880856 0.3195831 18.19771 0.8926067 1 0.0
0.05924427 -0.03465607 -3.174138 -2.506629 0.2101189 0.2730762 0.3298775 18.10182 0.6563873 0 0.0
-0.005852444 -0.0371771 -2.71818 -0.1011018 0.95268 1.116704 0.4267364 18.94896 nan 0 0.0
-0.0387724 0.08082476 -4.993716 -5.321459 2.593911 3.08694 -0.06395547 20.79635 nan 0 0.0
-0.05568845 -0.07016971 -2.711018 -1.520841 0.577462 0.7537695 0.05623803 19.44573 0.5628319 0 0.0
-0.03207121 -0.01947812 0.07156877 1.002435 0.5955611 0.9552412 0.460203 18.25366 0.6764774 0 0.0
0.05206714 -0.02431957 -3.078586 -2.479601 0.3398191 0.4454345 0.1224836 18.64156 0.5937843 0 0.0
0.01493042 -0.01632475 -3.358802 1.221711 0.7717068 1.583466 0.3126917 18.04384 nan 0 0.0
-0.01359598 -0.0145626 -4.685761 -7.390241 0.7500663 1.139557 0.6388088 18.03292 0.867054 0 0.0
0.03332193 0.03189112 -4.103428 -2.861033 0.4663162 0.5316857 0.059692 18.85478 0.6978569 0 0.0
0.04659388 -0.02745111 -3.045128 -2.284663 0.1892646 0.2412383 0.2163708 17.86199 0.6831684 0 0.0
0.05717855 0.06926237 -3.033561 -2.20203 0.254074 0.3382571 0.2817679 18.43692 0.5745716 1 0.9996544
-0.04945643 0.05218248 -4.770878 -3.429758 0.6537576 1.008566 0.3174042 19.53129 0.7399387 0 0.0
0.04704328 -0.03972272 -8.394865 -8.253566 0.9235036 1.165099 0.2489308 18.53127 0.6649189 0 0.0
0.08784127 0.09325499 -2.737559 -2.00867 0.3673937 0.5191054 0.4410323 18.94996 0.5908813 1 0.9988567
-0.05452693 0.04441153 -3.456084 -2.255881 0.0242848 0.03549228 0.2815386 13.67325 1.192895 1 0.9989241
-0.07209802 -0.002994634 -3.157619 -1.978809 1.019303 1.250201 0.3286978 20.07275 0.6129112 0 0.0
0.05669236 -0.03719475 -3.86305 0.7941085 1.718688 2.147722 0.5641175 20.44836 nan 0 0.0
0.01446567 -0.0914133 -3.455848 0.8107744 2.670469 3.208018 0.4535566 20.8503 0.618969 0 0.0
0.3206444 0.03189485 -3.677607 -3.026682 0.7630994 0.8214586 0.2772156 19.84921 0.9189396 1 0.9794697
-0.02169627 0.03255838 -2.284644 -2.810653 0.3895182 0.5352391 0.4896727 18.24612 0.5169144 0 0.0
-0.06657956 -0.007962491 -2.506979 -1.773401 0.2546098 0.4999212 0.5742205 18.05031 0.6239662 1 0.9980661
0.0511716 -0.02524714 -2.592676 -2.451925 0.1764322 0.2398869 0.3423253 17.81642 0.6616077 0 0.0
-0.1502644 0.02161928 -1.200683 -3.826283 2.194406 2.179305 0.006233439 20.79228 0.9387817 0 0.0
-0.01487547 -0.02986312 -5.243934 -5.183953 0.8561062 1.330443 0.3552814 19.19049 nan 0 0.0
0.05896546 -0.07173132 2.496898 15.48552 1.377905 1.820992 0.3238926 19.68015 0.5880203 0 0.0
0.01685227 0.0644137 -1.916001 -0.7871115 0.5399317 0.6164066 0.1475194 19.20992 0.4986019 0 0.0
0.04580408 0.04179282 -1.79148 -0.4319014 1.170181 1.637551 0.11495 19.9332 0.6081505 0 0.0
-0.0694326 0.02689873 -4.185747 -2.761761 0.6906873 0.9511585 0.2634457 19.74335 0.3979607 0 0.0
-0.00497079 -0.07426363 0.1938703 2.424237 2.350007 2.773114 0.3661689 20.41092 nan 0 0.0
-0.140581 0.03691333 -3.48754 -2.488137 0.6828677 0.8298115 0.2614349 19.87638 0.5478706 0 0.0
0.06085193 -0.04939863 -2.766089 -0.8885603 2.26115 2.604737 0.2779454 20.64693 0.5674133 0 0.0
0.01859609 -0.04877558 -2.341667 -2.643156 1.382576 1.161847 0.390162 19.89522 0.2871456 0 0.0
-0.02057208 0.06219445 -4.098187 -2.793048 0.7400614 0.9523028 0.410169 19.74837 0.8722515 0 0.0
-0.06269823 -0.01955859 -6.356994 -6.960413 1.451574 2.583355 0.7461716 19.87893 nan 0 0.0
-0.06887991 0.02760777 -4.559889 1.264263 2.226412 3.37503 0.5239352 20.68979 0.03499794 0 0.0
0.01456229 -0.01697713 -4.956916 -4.267676 0.5697018 0.7102244 0.4528454 17.5374 0.2766151 0 0.0
0.04567474 -0.05104174 -5.597472 -0.751979 1.788349 1.922401 0.2447942 19.3552 0.6720562 0 0.0
0.06805464 0.01305778 -3.338982 -3.094674 0.2773515 0.3738207 0.3445269 18.49322 0.6382256 0 0.0
0.01681733 -0.0005772902 -3.046845 -4.190421 0.2279598 0.3849194 0.4128625 16.4949 0.8104553 0 0.0
0.02573805 0.0401852 -5.803971 -5.521285 0.8042806 0.9560721 0.2145359 19.13621 nan 0 0.0
-0.0334079 0.01207762 -2.873979 -2.455678 0.09343209 0.167282 0.5026275 16.12616 0.9394541 0 0.0
-0.02719148 -0.001135107 -2.976289 -1.925683 0.130519 0.2053907 0.2349552 16.92668 0.07989883 0 0.0
-0.00815905 -0.02118186 -3.366803 -4.160383 0.7451838 1.311728 0.459064 18.05336 nan 0 0.0
0.04616501 -0.3198883 -3.186 -1.952455 0.3852769 0.5403697 -0.009222104 19.09955 1.177532 1 0.9903681
-0.07481651 -0.03490964 -3.280553 -3.377741 0.2274715 0.3875402 0.3735094 18.23985 0.6359119 0 0.0
0.05853579 -0.07206734 -2.034364 -0.04313469 3.914143 2.131512 -0.5638772 20.54588 nan 0 0.0
0.1344688 -0.06235607 -3.398239 -2.640793 0.2741408 0.322521 0.3243211 18.37115 0.7360096 1 0.9994807
0.06522079 -0.01679086 -2.717895 -3.524306 0.6750878 1.089393 0.3673607 19.77131 0.393795 0 0.0
-0.005777987 0.137658 -3.18839 -2.755658 0.02903249 0.04149238 0.2386451 14.66838 0.6743193 1 0.9998723
-0.1355645 -0.08278951 -0.5123721 -4.348312 1.392538 1.82457 0.09777107 20.55874 0.1168633 0 0.0
0.0640643 0.07540942 -2.445348 -1.814459 1.078905 1.599831 0.5351159 20.33599 0.4226608 0 0.0
-0.0339202 0.0470815 -3.805414 -3.428157 0.5604766 0.8724983 0.5060955 19.23801 0.5467663 0 0.0
-0.03669579 0.01326929 -3.165253 -4.7173 0.3741455 1.048061 0.5394417 18.51167 0.8447552 0 0.0
-0.08789466 0.01719761 -3.070738 -2.14854 0.2489108 0.380009 0.3394719 18.47564 0.6905689 0 0.0
-0.1288541 -0.02197553 -3.262281 -2.321249 0.03227656 0.04172969 0.2308833 14.73119 1.070048 1 0.9996882
0.09540028 0.07650979 -1.90356 -4.112587 0.7262561 1.094456 0.3379051 19.94407 0.5623093 0 0.0
-0.07716861 0.04431251 -3.223902 -2.934015 0.3168577 0.470946 0.2589522 18.17982 0.6917648 0 0.0
0.03003965 0.08135875 -3.653321 -6.787105 1.69997 2.191076 -0.2332912 20.58272 0.4853382 0 0.0
-0.0125546 -0.02667444 -2.582286 -1.356215 0.3771164 0.4080436 0.1710059 18.17613 nan 0 0.0
-0.09218316 0.01178953 -4.057246 -2.087933 0.8298483 1.332049 0.3058202 20.2195 0.123167 0 0.0
-0.05963322 0.03926926 -4.18198 -2.510196 2.165773 3.161638 0.6549282 20.52639 0.6596775 0 0.0
0.05900122 0.07484845 -3.392421 -2.620564 0.2020506 0.2737749 0.4752375 17.92834 0.6180649 1 0.9997657
-0.03811847 -0.06038419 -3.422468 -2.444379 0.70981 0.8551781 0.09831532 19.56564 0.6506138 0 0.0
0.06615262 0.01322779 -2.623216 -2.570442 0.8719632 1.03842 0.5755609 19.28569 nan 0 0.0
-0.09384634 -0.1463658 -3.1904 -7.168169 0.9795122 1.560518 0.288459 20.26898 0.800272 0 0.0
-0.08323376 0.004352186 -2.905975 -1.898332 0.5577732 0.8731472 0.3749825 19.54233 nan 0 0.0
0.1950363 -0.03965586 -4.599676 -3.125464 0.8292106 0.9003468 0.282158 19.88321 0.9858704 0 0.0
-0.05001064 0.04857032 -2.388356 -6.923561 0.7810655 1.14566 0.3534553 19.53006 nan 0 0.0
-0.05945423 0.04872195 -2.812845 -2.341348 0.06083814 0.08904107 0.3202366 15.36258 0.04731178 1 0.9992732
-0.0215076 0.04934299 -8.105815 2.801323 0.96867 1.28205 0.3252803 19.513 0.7571812 0 0.0
0.0681584 -0.0632132 -3.615254 -2.943247 0.533108 0.8642438 0.4759435 19.26195 0.774435 0 0.0
0.02938818 0.02130374 -2.16879 -12.13376 1.230572 2.606267 0.5766684 19.17554 nan 0 0.0
0.0150271 0.05473545 -5.330399 -2.851631 1.00698 0.9417408 0.01394672 19.49902 nan 0 0.0
-0.008017949 0.03748435 -2.605262 -4.007682 0.5475746 0.5805187 0.3407012 18.76577 nan 0 0.0
-0.02759329 0.1109599 -3.016328 -2.009881 0.172246 0.2449797 0.2284955 17.88941 0.7110271 1 0.9990604
-0.01878888 0.03290476 -2.132044 -3.6072 1.19519 1.62309 -0.01158366 19.53474 nan 0 0.0
-0.03668169 0.04303155 -2.076642 -1.810383 0.6582828 1.201468 0.4180351 19.54569 nan 0 0.0
0.05845868 -0.03489699 -3.062212 -2.774401 0.303855 0.388253 0.3261393 18.51376 0.6129227 0 0.0
-0.1246329 0.03803046 -2.432649 -2.880545 0.6935308 0.8723143 0.3494312 19.82691 0.6794701 0 0.0
0.07630155 -0.01325215 -3.867719 -3.266377 1.337067 2.945099 0.6553999 20.25074 0.6218128 0 0.0
-0.04998275 -0.003271441 -3.187158 -3.984168 0.3777253 0.7091031 0.4325661 18.78363 nan 0 0.0
0.02237343 -0.03180681 -2.780779 -4.879358 0.8078542 0.630551 0.4097629 18.4169 nan 0 0.0
0.01776084 -0.04785643 -2.282131 -1.141192 0.5000664 0.6093371 0.4329326 17.87416 0.6436539 0 0.0
0.02673517 -0.07710876 -3.900465 -4.838671 1.659294 2.199398 0.1916818 20.75246 0.5081654 0 0.0
0.06400883 -0.06542926 -4.901049 -2.231997 1.154872 1.333723 0.2337095 20.01879 0.7534733 0 0.0
0.02304219 0.07249863 -4.045585 -4.950664 1.42756 1.514927 0.006251721 20.28161 nan 0 0.0
0.07199001 0.08261471 -3.391967 -2.700572 0.03203428 0.04487011 0.3726454 14.54924 1.086316 1 0.9997989
-0.04795958 -0.02609987 -4.625284 -6.636142 0.9284773 1.769274 0.2519285 19.66495 nan 0 0.0
-0.007781288 -0.04893382 -3.69164 0.4009491 1.092935 1.907357 0.3260223 19.51098 nan 0 0.0
-0.07258894 0.04937019 -3.335713 -2.574598 0.1686046 0.2462503 0.2534962 17.71204 0.7308674 0 0.0
0.02613639 0.02288568 -4.078311 2.731776 0.8541905 1.628011 -0.6690107 18.7981 nan 0 0.0
-0.02442327 0.0596855 3.655357 -5.522483 1.63604 1.930806 0.20499 19.62576 0.4939957 0 0.0
-0.05975535 0.03995982 -2.507919 -3.241073 2.224177 2.940891 0.749392 20.42877 nan 0 0.0
0.03487421 -0.06474973 -3.861149 -1.456285 0.673415 0.7647796 0.3963145 19.28254 0.5927334 0 0.0
0.01474126 -0.0544603 -1.47874 -5.00244 2.367341 1.487213 -0.2611137 19.87469 nan 0 0.0
-0.05035086 -0.003160576 -3.406309 -6.53527 0.8256106 1.552549 0.169064 19.56071 nan 0 0.0
-0.02508401 -0.01163005 -5.086975 -3.431741 0.4088496 0.8054641 0.340436 18.05077 nan 0 0.0
0.08665995 -0.2776675 -3.314581 -2.80664 0.5909837 0.7849651 0.107204 19.64304 0.7255173 1 0.9903617
0.02409 0.05438297 -3.347417 -2.475822 0.2039164 0.2644223 0.200496 17.95713 0.6499748 0 0.0
0.009028496 -0.03586835 -4.341918 -4.591998 1.289234 1.935571 0.7911435 19.19468 nan 0 0.0
0.01295528 -0.1706065 -1.894757 -2.106723 0.97651 1.422036 0.177887 20.36102 0.5861969 0 0.0
0.03408807 0.07493648 -3.738968 -2.618254 0.2442271 0.3138211 0.1503786 18.18431 0.6107273 0 0.0
-0.05131529 -0.03254838 -3.548783 0.3255356 0.9851652 1.683269 0.2484956 19.82522 nan 0 0.0
0.06288705 0.03044462 -0.743693 -2.931836 2.815484 2.805943 -0.2884872 20.7916 nan 0 0.0
0.1861964 -0.03994842 -3.274048 -3.212593 0.6751875 0.7421551 0.2240548 19.68176 0.8661041 1 0.9956191
0.265783 0.01472707 -2.801174 -2.257218 0.3174137 0.3960299 0.3441316 18.60775 0.645937 1 0.9966504
0.06218335 0.005419636 -0.7771078 -1.876374 1.022676 1.634396 0.4198677 18.97878 0.6871338 0 0.0
-0.1039183 0.05402928 -3.307986 -2.544858 0.1071318 0.1664854 0.2924559 17.0805 0.8882236 1 0.9998625
0.01496227 -0.05424282 1.101929 -6.850435 1.326524 1.453908 0.4511953 19.44393 0.6837215 0 0.0
0.04293893 -0.05594137 -3.372069 -2.48048 0.5490017 0.6832133 0.4095013 19.29784 0.6485653 0 0.0
0.03905236 -0.1915823 -3.768025 -1.531844 0.6594219 0.843056 0.1401893 19.80361 0.7999725 0 0.0
0.05297276 -0.002220414 -3.166404 -2.673262 0.1612389 0.2356683 0.1399977 17.55142 0.8028851 0 0.0
-0.08435178 -0.132659 1.2669 -3.672155 2.325956 3.013791 -0.1121694 20.84713 0.8297215 0 0.0
0.1179325 0.07772718 -2.601053 -4.810375 1.050016 1.347717 0.2331342 20.51666 0.702404 0 0.0
0.060615 0.002370451 -3.889738 -2.576102 0.5111281 0.7341993 0.342261 19.05985 0.5135918 0 0.0
-0.04512026 -0.3178709 -6.320923 3.553962 1.586788 3.1556 0.05818542 20.71983 1.412022 0 0.0
0.0698732 -0.05797028 -12.03297 6.433448 2.450977 2.969005 0.2526242 20.5239 0.7212162 0 0.0
-0.0901478 -0.1059154 -3.62796 -2.153094 0.4335187 0.6132157 0.2076262 19.03134 0.698637 1 0.9979196
-0.01357786 0.018816 -1.469613 0.3146496 0.4178576 0.6232815 0.4389031 16.84649 0.1889582 0 0.0
-0.0210417 0.04879736 -8.778249 -12.77812 0.8766253 1.090516 0.3422198 19.04669 0.584774 0 0.0
0.02881421 -0.01892246 -3.951689 -4.323108 0.6503707 1.198753 0.8301014 18.58633 nan 0 0.0
0.04386038 -0.01311707 -2.595245 -2.648087 0.6692221 0.911964 0.5376012 19.28263 nan 0 0.0
0.02636941 0.02312227 -4.598297 -5.407032 0.2584645 0.5713677 0.2610089 17.65972 0.6853008 0 0.0
-0.05991445 0.04041389 -2.267047 -2.223175 0.3101261 0.4549752 0.3565164 18.46003 0.6054802 0 0.0
0.01335232 0.02382084 -2.403608 -4.099974 0.8616376 0.8372344 0.1437103 18.49104 0.6258812 0 0.0
0.0007406327 -0.007979623 -3.588453 -3.599383 0.1979375 0.2404268 0.503153 15.16133 0.3252544 0 0.0
0.04202106 -0.03917247 -3.416471 -3.825049 0.6848822 0.7712416 0.4226758 19.14169 0.5983944 0 0.0
-0.07935611 0.02816329 -2.418068 1.129203 0.6750744 0.9455012 0.2279492 19.69925 0.6706696 0 0.0
0.049787 -0.01019906 -3.15024 -0.9129931 1.514465 2.689628 0.8123255 19.56633 nan 0 0.0
0.1474306 -0.01285964 -2.379429 -3.075943 1.380115 1.504063 0.238368 20.65171 0.6348381 0 0.0
0.04652217 -0.05119764 6.219036 0.1121792 3.010766 2.411288 0.1878713 20.60977 nan 0 0.0
-0.09121151 0.05539421 -3.675139 -4.322378 0.3793522 0.7116676 0.3682913 19.08639 nan 0 0.0
-0.02390557 -0.01119173 -3.340547 -3.081752 0.4732435 0.9215201 0.1712194 18.4523 nan 0 0.0
-0.06648625 0.08635582 -3.591704 -2.582955 0.4681326 0.6777054 0.274769 19.42872 0.7449512 0 0.0
-0.008159843 -0.02872352 -4.638539 -5.330205 0.6922636 0.9536325 0.3761636 16.72582 0.1504383 0 0.0
0.02160312 -0.04318246 -3.256194 -1.664546 0.4024949 0.4821346 0.4839375 18.53208 0.6966572 0 0.0
-0.06890468 0.05490958 0.3566263 0.7392901 0.8114554 1.083206 0.2693576 20.11536 0.4147415 0 0.0
0.005973688 -0.06701564 -3.398206 -2.731275 0.3798828 0.4907686 0.3660047 18.92571 0.6538563 0 0.0
-0.1717037 0.03010956 -2.442318 -3.647343 0.6468241 0.8254448 0.2302276 19.7663 0.653347 0 0.0
0.02226271 -0.1168326 -3.540327 -1.278966 0.7797158 1.047969 0.2747715 19.91617 0.5831184 0 0.0
0.04835296 -0.01341194 -4.033109 -2.422263 0.8981617 1.186415 0.5559565 19.55779 0.5756359 0 0.0
-0.04043353 -0.04846591 -3.306233 -2.78616 0.7786955 1.095852 0.2448024 18.90011 0.5249252 0 0.0
0.03905421 -0.02378171 -6.036894 -8.991087 1.131957 1.752181 0.7787211 19.3858 nan 0 0.0
0.001634676 0.08307337 -1.224732 -1.463882 0.6659502 0.7804424 0.2690097 19.55354 0.696188 0 0.0
0.05171939 -0.03670613 -3.325658 -2.346061 0.101893 0.1326033 0.3152234 16.79896 0.9179344 1 0.9998323
0.02653136 -0.01992653 -2.733221 -1.094559 0.3119875 0.5171636 0.6648049 17.8356 nan 0 0.0
-0.01964319 -0.04669631 -3.764779 -3.351777 0.2466917 0.3446364 0.1914223 18.29967 0.678112 0 0.0
0.1491528 0.004309822 -8.478882 1.118976 2.584887 2.301186 -0.08769554 20.83844 -0.1735325 0 0.0
-0.01805476 0.02476402 -2.830251 -2.947592 0.2081264 0.3190181 0.4976884 17.68862 0.7137451 0 0.0
-0.0173353 -0.04975625 0.3405433 -4.939295 0.634993 0.8409588 0.07909206 18.9628 0.4933548 0 0.0
0.04950467 -0.0101382 -2.234592 -0.720701 0.5423118 0.7235694 0.4647102 18.73669 0.6614151 0 0.0
-0.1753933 0.0638856 1.042239 -8.914811 3.280811 4.81576 0.3809861 20.90599 0.3512497 0 0.0
-0.05103814 -0.003167757 -3.220406 -2.961242 0.1322167 0.204214 0.3844327 17.14209 -0.1373577 0 0.0
0.05125678 -0.005521281 -3.218157 -2.420694 0.06384254 0.09244902 0.2852714 15.9527 0.9417353 1 0.9999282
-0.06560028 -0.1567135 -4.473281 -2.538697 0.9853773 1.496713 0.1796463 20.40977 0.8116131 0 0.0
0.03687302 0.07106584 -3.650965 -3.438467 0.539511 0.6846224 0.1580402 19.4554 0.487812 0 0.0
0.003843039 0.04829106 2.202108 3.219921 1.521141 1.185179 0.1724649 19.74536 nan 0 0.0
-0.03410396 -0.00819338 -3.259981 -2.856885 0.3348067 0.6174954 0.5068645 18.52298 0.6990662 0 0.0
0.02348713 0.02035569 -0.3359338 -1.326166 1.273371 2.406794 0.53058 19.18124 nan 0 0.0
0.02947574 0.04912436 -2.754727 -2.830859 0.561881 0.6170871 0.06540517 19.25386 0.6601772 0 0.0
-0.0894258 -0.08718605 -2.445695 -4.021781 2.1125 3.006092 0.07921944 20.93866 0.6819782 0 0.0
0.07182832 0.019035 -2.721443 -2.719541 0.05305385 0.07114463 0.273231 15.75545 0.9842386 1 0.9983129
-0.01776521 -0.0502101 -3.798549 -2.108776 0.2397374 0.3373039 0.2897246 17.6834 0.7374668 0 0.0
-0.08414048 -0.01700534 -3.369215 -2.432753 0.6528208 0.9459377 0.4730368 19.51908 0.5140724 0 0.0
