data/gcs/NGC_6256.ecsv
# %ECSV 0.9
# ---
# datatype:
# - {name: x, unit: deg, datatype: float64}
# - {name: y, unit: deg, datatype: float64}
# - {name: pmx, unit: mas / yr, datatype: float64}
# - {name: pmy, unit: mas / yr, datatype: float64}
# - {name: pmx_e, unit: mas / yr, datatype: float64}
# - {name: pmy_e, unit: mas / yr, datatype: float64}
# - {name: pm_corr, datatype: float64}
# - {name: g_mag, unit: mag, datatype: float64}
# - {name: bp_rp, unit: mag, datatype: float64}
# - {name: filter, datatype: int64}
# - {name: memberprob, datatype: float64}
# meta: !!omap
# - comments: [deg deg mas/yr mas/yr mas/yr mas/yr dimless mag   mag   zeroone float]
# - __serialized_columns__:
#     bp_rp:
#       __class__: astropy.units.quantity.Quantity
#       unit: &id001 !astropy.units.Unit {unit: mag}
#       value: !astropy.table.SerializedColumn {name: bp_rp}
#     g_mag:
#       __class__: astropy.units.quantity.Quantity
#       unit: *id001
#       value: !astropy.table.SerializedColumn {name: g_mag}
#     pmx:
#       __class__: astropy.units.quantity.Quantity
#       unit: !astropy.units.Unit {unit: mas / yr}
#       value: !astropy.table.SerializedColumn {name: pmx}
#     pmx_e:
#       __class__: astropy.units.quantity.Quantity
#       unit: !astropy.units.Unit {unit: mas / yr}
#       value: !astropy.table.SerializedColumn {name: pmx_e}
#     pmy:
#       __class__: astropy.units.quantity.Quantity
#       unit: !astropy.units.Unit {unit: mas / yr}
#       value: !astropy.table.SerializedColumn {name: pmy}
#     pmy_e:
#       __class__: astropy.units.quantity.Quantity
#       unit: !astropy.units.Unit {unit: mas / yr}
#       value: !astropy.table.SerializedColumn {name: pmy_e}
#     x:
#       __class__: astropy.units.quantity.Quantity
#       unit: &id002 !astropy.units.Unit {unit: deg}
#       value: !astropy.table.SerializedColumn {name: x}
#     y:
#       __class__: astropy.units.quantity.Quantity
#       unit: *id002
#       value: !astropy.table.SerializedColumn {name: y}
# schema: astropy-2.0
x y pmx pmy pmx_e pmy_e pm_corr g_mag bp_rp filter memberprob
[from data line 166]
-0.04382736 -0.02411233 -0.3765946 -7.208869 3.351948 1.78515 0.3191185 20.52689 1.54862 0 0.0
-0.007275337 -0.04971949 -2.583967 -2.213986 2.412222 1.288623 0.5664793 20.26499 2.006729 0 0.0
-0.0299978 0.005752052 -4.830895 -5.02228 0.512393 0.3283197 0.2109826 19.00829 2.03841 0 0.0
-0.01852044 -0.05700366 -2.385519 -4.814228 0.6902493 0.3910357 0.4078785 18.43039 2.665564 0 0.0
0.02144007 -0.01976537 -12.32413 -9.543304 3.396664 1.47624 0.500844 20.12142 1.468529 0 0.0
-0.05810469 -0.0266282 -3.813707 -0.4642603 0.2238647 0.1476981 0.176179 17.42467 2.56407 1 0.0
-0.06392922 -0.01378118 2.100392 0.07163819 0.4999209 0.3269945 0.05670892 18.98558 1.959669 0 0.0
-0.02126689 -0.06115477 0.00345198 -1.643923 1.53271 0.8730439 0.5531365 20.04109 2.279564 0 0.0
0.01362372 -0.06030233 -2.277831 -2.893352 0.8691645 0.5655305 0.418787 19.58721 1.847298 0 0.0
-0.02061107 -0.05876278 -0.04098008 -2.563249 2.360862 1.233663 0.5661782 20.15392 2.049387 0 0.0
-0.04667835 0.003504378 -3.895695 -5.823345 0.6439778 0.3370511 0.4566387 18.82677 1.976688 1 0.0
-0.06051876 0.01117357 -7.500712 -6.518347 3.840048 1.682679 0.7198308 20.38043 1.780191 0 0.0
-0.04442322 -0.02431867 -5.993977 -5.829523 0.687493 0.4209209 0.3091576 19.18506 2.228899 1 0.0
0.007268002 -0.0349528 3.489357 1.473348 0.117424 0.08347399 -0.05378009 16.26263 2.56734 1 0.0
-0.03398748 -0.02428656 -0.6879013 -1.327467 0.3045678 0.192139 0.3452036 17.43114 2.438133 1 0.0
0.03510557 -0.007357445 -2.985844 -4.463381 0.3293125 0.2273096 -0.08709181 18.01651 2.954302 1 0.0
-0.06460162 -0.009860241 -5.243543 -8.516208 2.448033 1.678255 0.1990569 19.81611 2.254026 0 0.0
-0.01810662 -0.05891091 -6.407221 -4.774528 2.256584 1.173201 0.5568461 20.15021 nan 0 0.0
0.01870914 0.05332495 -2.046006 -5.908487 2.614826 1.894567 -0.2666433 20.17089 nan 0 0.0
0.01145 0.03593138 0.308368 -2.954981 0.7323238 0.3807798 0.3102207 18.84121 2.328806 1 0.0
-0.02203322 0.0239013 -2.176188 -5.127097 2.678856 1.245737 0.7285666 20.01843 nan 0 0.0
0.02127837 -0.03248352 -3.506757 -6.264998 0.8567239 0.4465936 0.6354065 18.65547 2.636854 1 0.0
-0.0311529 0.003737426 -3.059667 3.502126 3.119137 1.886889 0.6602623 20.49369 2.018385 0 0.0
-0.002207109 0.0185105 -5.400672 -3.023761 0.6915678 0.3574103 0.5000191 18.81242 2.085951 0 0.0
-0.03733036 -0.003509479 -10.53483 -2.956951 3.172772 1.577001 0.4033289 20.49437 nan 0 0.0
0.01859188 -0.02751608 -3.735016 -9.839746 1.555212 0.9364428 0.3494229 20.3428 1.631508 0 0.0
0.02422666 0.02175296 -3.19085 -4.600619 2.31524 1.464678 0.06229073 20.49889 nan 0 0.0
-0.002679453 -0.04574046 -5.34845 -5.727622 1.589226 0.9194074 0.5740543 19.51565 2.38526 0 0.0
0.0198671 0.05829902 -1.113046 0.4580743 1.156485 0.7789204 0.465873 19.8239 2.149754 0 0.0
-0.06564792 0.004272318 -4.286061 -6.348758 0.7833074 0.4193965 0.4590169 18.89626 2.375114 1 0.0
-0.04378429 0.006569309 -5.207165 -2.105046 0.6826428 0.3519053 0.468417 18.62618 2.26869 1 0.4119821
0.008703011 -0.03502925 -7.149498 -3.826127 2.343562 1.246923 0.5519962 20.11048 1.965 0 0.0
0.01228403 -0.0002931109 -3.806471 -1.558033 0.3034615 0.2092668 0.1245126 17.94746 2.379742 0 0.0
-0.01415915 -0.0393979 -3.469279 -2.948463 2.429835 1.141743 0.7268737 20.2636 1.646589 0 0.0
0.02874344 -0.006069209 -1.417543 1.303958 1.248403 0.5313313 0.5944099 18.75254 2.504141 0 0.0
-0.02390303 0.009744396 -2.548879 -2.615986 0.831599 0.4966443 0.4600372 19.45829 1.931164 0 0.0
-0.03367152 0.003656239 -1.881698 -1.909904 0.760606 0.5015942 0.1788695 17.61 2.490122 0 0.0
-0.05629683 -0.02077509 -2.514493 -5.281698 0.2235163 0.1447042 0.1851299 17.23878 2.565605 1 0.0
0.04288772 -0.03557114 -3.227336 -2.89663 0.5064729 0.2877902 0.1495849 18.4969 2.67992 1 7.022568e-05
0.01838129 0.05698333 2.585007 -5.394044 1.364751 0.9355035 0.6704108 19.7572 nan 0 0.0
-0.01783905 -0.05938005 -4.905543 -3.067157 1.136162 0.690554 0.4180549 19.65172 2.291557 0 0.0
-0.01831683 0.005912182 -6.283827 -2.09815 1.04334 0.608753 0.1670585 19.80277 2.241009 0 0.0
-0.001597282 -0.04487068 -4.076222 -2.162369 1.496041 0.9583983 0.6569311 19.82038 1.792194 0 0.0
0.008245714 0.009270883 -3.467059 -1.5151 0.1524338 0.1038835 -0.2924727 13.95911 3.067488 1 0.9935501
-0.04789734 -0.03137417 -0.2210907 -3.348842 1.985085 1.544954 -0.1654694 20.45944 1.730938 0 0.0
-0.007531342 -0.04298658 -7.139643 -0.2633458 0.5480504 0.3395016 0.4311402 18.57866 2.331053 1 0.0
0.05589837 -0.004943796 -1.475239 -6.303192 2.977859 2.357807 -0.3285103 20.56279 2.072428 0 0.0
0.004815256 0.02495721 -3.092354 -1.359701 0.8136389 0.7404576 0.2577192 19.4411 1.768955 0 0.0
0.0319442 -0.03214776 -4.137464 -5.569462 0.5937452 0.4540736 -0.04347536 19.02522 2.6903 0 0.0
-0.01751829 0.02549321 -4.037425 1.131437 3.001368 1.722621 0.1787053 20.54483 2.165821 0 0.0
0.008180035 -0.03546025 -3.258616 -0.7213447 0.8401203 0.5832308 0.2680153 19.31255 2.356588 0 0.0
0.01293206 0.01840643 -12.92461 -15.16308 1.318761 0.9773752 0.449788 19.33298 2.04258 0 0.0
-0.0635951 0.008416833 -3.211949 -5.513179 2.058355 0.9930259 0.4662269 20.17871 2.115664 0 0.0
0.03764082 0.002307781 -0.03336324 6.661544 0.8805919 0.6521833 0.3001999 19.46704 2.222313 0 0.0
0.04567915 -0.004589802 -1.507229 -3.853722 0.1993574 0.1539032 -0.1865249 16.31548 1.740914 0 0.0
0.03659709 0.03298228 -5.599956 -3.704745 2.807416 1.507165 0.5056361 20.33485 2.085411 0 0.0
-0.02185233 -0.0545784 -2.469677 -4.771294 0.5775921 0.3549911 0.2765845 19.04358 1.976748 0 0.0
0.05373937 -0.01285773 -2.432945 -1.898555 2.210325 1.146097 0.03824464 20.26154 2.078915 0 0.0
-0.01672772 0.02795006 -0.1571512 -2.089305 0.9534727 0.6869506 0.2125102 19.62141 2.405903 0 0.0
-0.004678262 0.0297027 -5.113727 2.612495 1.69774 1.07319 0.3126517 19.87657 1.89731 0 0.0
-0.02997792 0.01701305 -4.322339 -8.678138 1.302219 0.900457 0.1961914 19.72173 1.798923 0 0.0
0.05517899 -0.02380695 -5.021949 -11.72706 2.678169 2.187276 0.02553137 19.90763 2.417906 0 0.0
0.01029678 -0.03022674 -1.580147 -4.358112 0.6983928 0.3455572 0.662209 18.4164 2.624178 1 0.0
0.006276688 0.03626387 -2.340549 -8.029862 0.7831523 0.4314122 0.2543768 18.98808 2.20669 1 0.0
0.03106195 -0.01864337 -3.306391 -0.9751656 0.6012343 0.3220887 0.2557287 18.34852 2.001364 1 0.8016697
0.03961361 -0.0408756 -3.095827 1.505562 0.9781014 0.6627385 -0.03256679 18.77087 2.525972 0 0.0
0.03496947 -0.03857686 -3.53786 -3.593116 0.7475915 0.44506 -0.1872531 19.04004 2.085556 1 0.0001178857
-0.04732324 0.00353068 -2.878262 -3.843548 0.954446 0.6098002 0.3232409 19.50546 2.025373 0 0.0
0.03595485 -0.01221777 2.564727 0.07055264 0.2710641 0.205139 -0.08867555 17.55301 2.624348 0 0.0
-0.04320591 0.03786542 -3.787694 -12.24575 1.518777 1.108585 0.1710605 19.09328 2.344072 0 0.0
0.004436232 -0.004553261 -3.421874 -2.044646 0.213373 0.1330646 -0.1027896 16.91051 2.221289 0 0.0
0.02806798 0.009643784 -4.61786 -4.73331 0.8752014 0.5558745 0.3443849 19.28553 2.753588 1 3.202868e-06
0.01460206 0.03263494 -0.7576556 -5.529808 1.431378 1.093952 0.3300952 19.43943 2.332817 0 0.0
0.04540181 -0.02073725 -4.089226 -9.340151 1.606573 1.196677 0.4713978 20.09081 2.375422 0 0.0
-0.02217883 -0.06059046 -0.2618504 -3.647872 0.8988924 0.5450735 0.4178566 19.64261 2.210613 0 0.0
-0.02083953 0.02038068 -4.597433 -0.5282061 1.81322 0.8884564 0.5133033 20.26811 1.77157 0 0.0
-0.04204205 0.002541976 -0.7635627 -1.930277 1.159296 0.7142885 0.3561452 19.87539 1.807781 0 0.0
-0.03620431 0.007801646 0.08173787 1.485168 1.961699 1.046682 0.5056672 20.25128 1.562891 0 0.0
0.04659749 -0.03452811 -9.030445 -4.216845 1.616902 1.213436 0.5222129 19.97828 1.938339 0 0.0
0.04679231 0.005201848 2.049842 -1.552973 0.8189603 0.6366001 0.2475045 19.16225 nan 0 0.0
-0.004106701 0.03897627 -3.572194 -1.250935 0.2643113 0.190411 0.05130173 17.67862 2.422171 1 0.9402373
-0.01127989 0.06090241 -5.605724 -5.300738 0.7057358 0.5250433 0.1908642 19.15122 1.869339 0 0.0
0.03524951 -0.01173297 -0.6386122 -1.849386 0.1217984 0.09147464 -0.1899862 14.66677 3.146377 1 0.0
0.01554464 -0.0598602 -0.1016079 -0.914544 1.037849 0.659686 0.3729644 19.69527 1.882105 0 0.0
-0.02016246 -0.05420409 -0.152263 0.9157862 0.5144415 0.2684805 0.4495145 18.31048 2.009455 1 0.0
0.04743625 0.003683197 -3.71526 -5.144073 1.302107 0.9432997 0.5883903 19.78149 2.29233 0 0.0
0.02584118 0.009652206 -4.647185 -5.425767 0.617012 0.3230983 0.2661079 18.56372 2.790071 1 0.0
-0.02554124 -0.003649542 0.6481961 -1.060926 3.138338 1.55678 0.6931562 20.39763 1.820387 0 0.0
-0.04772866 0.02903931 -0.3115144 -4.962171 1.061634 0.6692737 0.2985096 19.39067 2.3262 0 0.0
0.02783873 -0.01812713 -2.234535 -2.604804 0.7794519 0.3999502 0.2857021 18.78853 2.234646 0 0.0
0.0175776 0.05666308 -3.397196 0.6463174 1.339664 0.9602751 0.3682359 20.08351 1.457087 0 0.0
0.01313968 -0.04739332 -3.818033 -8.262079 0.7253179 0.4769015 0.4009152 19.31927 2.213032 1 0.0
-0.02001834 -0.001538352 2.253375 1.929809 2.288301 1.125511 0.3945628 20.35748 1.73159 0 0.0
-0.01509338 -0.05005252 -1.336251 -5.030904 0.229751 0.1488388 0.1623926 17.53664 2.461206 1 0.0
-0.0334817 0.0146541 -0.4237532 -1.534214 2.14337 1.054879 0.6740819 20.17784 1.674498 0 0.0
0.06198997 0.02041921 0.9532764 -5.328067 1.543752 1.437522 0.544903 19.60241 nan 0 0.0
-0.01599275 -0.05179984 -3.523357 -1.457115 0.5492957 0.2942422 0.4525451 18.45972 2.396158 0 0.0
0.0128051 0.0593267 -4.469147 -4.43979 0.614302 0.3205077 0.3087429 18.53887 2.541935 1 0.0
-0.001294665 0.03539437 -2.714874 -1.273369 0.5164352 0.3688571 -0.004374686 19.06651 2.186977 1 0.6602472
-0.05918156 0.02847428 5.758205 0.04117875 0.9851374 0.5947818 0.4779395 19.58899 2.060999 0 0.0
0.02107153 0.05466329 -4.562032 -5.34055 0.9414751 0.6474042 0.4160445 19.55283 1.820887 0 0.0
-0.008171211 0.02701686 -2.521247 -4.674093 0.6758915 0.3463029 0.4665949 18.84212 2.646149 1 0.0
-0.03244654 -0.0439125 -6.291984 1.958596 2.620322 1.268318 0.4628886 19.99503 nan 0 0.0
0.002707572 -0.03471217 -1.844745 -3.344777 0.9748388 0.6330157 0.368664 19.62815 1.950991 0 0.0
-0.04206813 0.005673828 -4.938025 -4.175523 1.077357 0.6926583 0.2891787 19.4635 1.41531 0 0.0
-0.02789341 -0.02553911 -6.899477 -5.151927 0.7190257 0.3856471 0.497615 18.84482 2.4233 1 0.0
-0.04411737 -0.006503854 -5.86459 -8.223487 0.1782944 0.1166876 0.03261173 15.35152 4.180677 1 0.0
0.04456344 -0.03982931 -2.308816 -4.900001 0.7797033 0.5746903 0.2966525 19.18196 2.757908 0 0.0
0.03328453 0.001295112 -8.608243 -9.470664 1.096709 0.8146717 0.2419756 19.51219 2.574879 0 0.0
-0.005543086 0.03850315 -4.400213 -3.805604 1.014681 0.7032817 0.3122981 19.6268 2.50341 0 0.0
-0.02058042 0.007330668 -3.897306 -1.07091 0.4468085 0.2367459 0.4139044 18.2273 1.648949 0 0.0
-0.02287863 0.002256461 -6.091313 -7.127814 2.730005 1.777878 0.6390141 20.54656 1.58313 0 0.0
-0.04354619 0.01570946 -2.360656 -0.1797365 2.125919 1.207047 0.2493922 20.45772 1.801596 0 0.0
0.04248492 0.00511665 -0.8248378 -4.098433 0.6576108 0.4893297 0.1120425 19.09983 2.562689 0 0.0
-0.02166112 -0.0005279099 -6.943865 -1.89506 3.119417 1.780409 0.7063397 20.14906 nan 0 0.0
0.04296165 0.008969225 -1.45521 1.635801 0.6879603 0.5169096 0.2970251 19.23821 2.40671 1 2.965804e-06
-0.02849419 0.01953514 -1.501178 -5.754345 1.152135 0.6812445 0.05442688 20.04392 1.630917 0 0.0
0.02640154 -0.02345575 -3.413571 -2.937401 0.1859715 0.1431996 0.00225823 17.05733 2.825378 1 0.0
-0.02668617 5.413417e-05 0.389619 -3.112852 0.6921291 0.3634056 0.4631515 18.76209 2.100613 1 0.0
0.03373819 -0.01817912 -2.192004 -2.536387 0.621019 0.3258865 0.3070981 18.52731 2.236404 1 0.0006721159
0.06554965 -0.0007439258 -4.004176 -3.025883 0.7798395 0.5374873 0.3310105 19.25912 2.833101 0 0.0
0.006224758 -0.003149578 -2.311592 -2.467189 1.856772 1.277502 0.2033177 20.14323 nan 0 0.0
-0.02461535 -0.007540227 -1.338189 -2.919758 0.5369463 0.2805023 0.4324745 18.52064 2.360371 1 0.0
-0.01037518 0.03428359 -4.746496 -2.871975 0.7944778 0.6027887 0.3842766 19.23996 2.069952 0 0.0
-0.01022921 -0.05501844 -6.135774 -1.660774 2.039996 1.151518 0.6232907 20.13265 2.09231 0 0.0
-0.01116578 -0.05224911 -5.206861 -4.244141 1.204797 0.7302497 0.5328375 19.81843 2.157881 1 0.001577986
0.00325444 -0.04368055 -10.84998 -6.046347 1.357099 0.8100838 0.6798918 19.78161 2.298742 0 0.0
-0.03781869 0.02420787 -3.945911 -6.770096 0.7085138 0.4383066 0.3251519 19.26587 2.175459 1 0.0
0.01036589 0.03044982 -1.354814 -5.465608 1.140898 0.9061711 0.4026303 19.65181 2.385393 0 0.0
0.003354743 0.02458345 -2.416852 -0.01052411 1.712258 1.178963 0.4608386 19.82333 2.130709 0 0.0
-0.02907799 0.01861939 -4.237131 -1.377551 0.4439415 0.25018 0.4062472 18.13673 2.265556 1 0.8907336
-0.04283784 0.03275775 -1.202155 -0.7241678 0.5975862 0.3835769 0.1604897 19.08591 2.007961 1 0.001449553
-0.03969705 0.03199271 -10.8331 -13.29107 0.7510041 0.3842447 0.4501963 18.8936 2.125231 1 0.0
0.007865642 -0.0181949 -4.603454 -4.090439 1.068624 0.60742 0.3311866 19.69983 2.214916 0 0.0
0.01860582 0.02920847 -5.584958 -2.450867 2.864192 1.71388 0.5479463 20.17541 2.199867 0 0.0
0.03439605 -0.01596689 -1.05795 -2.300276 0.5567106 0.2944733 0.2076324 18.38633 1.937164 1 4.12735e-06
-0.03447198 -0.02872327 -4.966985 -5.75225 0.319231 0.1854927 0.2300933 17.92287 2.594168 1 0.0
-0.01486191 0.00955979 -3.674569 -0.6121235 0.9625718 0.517245 0.2192898 19.61282 3.154802 0 0.0
0.03202294 -0.0185217 -4.774652 -0.2503124 0.2315635 0.1729268 -0.09135218 17.49509 2.619339 1 0.0
0.03344095 -0.05766491 -13.31467 -10.5681 4.154238 2.366521 0.1715579 20.63959 1.754396 0 0.0
-0.02587422 0.009480534 -4.094386 -3.481957 1.685163 1.09241 0.3738484 20.16283 1.860743 0 0.0
0.04736624 0.008482131 8.084683 -8.66473 3.004754 2.717633 -0.5040715 20.60911 2.01466 0 0.0
0.01883464 -0.02948452 -0.0162058 2.047535 0.9755941 0.5837422 0.4475283 19.64662 2.401474 0 0.0
-0.02822689 0.02072924 -1.202094 1.586651 1.297328 0.8066937 0.4256126 19.72728 2.109453 0 0.0
-0.05020585 0.001945724 2.937241 -3.003338 1.934514 1.049783 0.5049544 20.12339 1.763311 0 0.0
-0.01334501 0.03306624 -2.645723 -6.046203 1.66714 1.019394 0.7043953 19.94748 nan 0 0.0
-0.06024934 -0.006270834 -2.46214 -4.48501 2.095908 1.163957 0.4767291 20.24319 1.63892 0 0.0
-0.0314874 0.01811107 -3.087095 -2.704722 1.507039 0.9234182 0.4862948 20.09584 1.791962 0 0.0
0.03124075 -0.02748972 -5.423402 -0.1026299 1.219688 0.912846 0.287445 19.56464 2.450209 0 0.0
0.04487491 -0.04774118 -0.2299241 -8.893023 1.477461 1.012414 0.5193937 19.90292 2.297146 0 0.0
-0.02610414 0.005784013 -2.441185 3.737657 1.157625 0.7852114 0.3593959 19.94131 1.882441 0 0.0
0.00930244 -0.006300834 -2.141503 -0.6589357 2.700559 1.852102 0.2327569 19.76336 nan 0 0.0
-0.02322428 0.01846119 -3.985902 -5.133875 0.6644393 0.3183536 0.2757457 18.52479 2.126936 1 0.0
-0.05489921 -0.002387217 3.288887 -8.147762 1.704644 0.9689406 0.3419614 20.22808 2.341337 0 0.0
-0.05937355 -0.006075593 0.8218657 -5.164292 2.056121 1.162639 0.4647868 20.12475 1.176138 0 0.0
-0.01867525 0.02843788 -4.516471 -7.850972 1.007479 0.6177967 0.1459144 19.92635 2.442066 1 0.0
0.01381197 0.03863561 -0.4459199 1.119211 0.8727737 0.6493272 0.3861594 19.41787 2.172407 0 0.0
-0.03878272 -0.01831887 -3.114041 -5.6331 1.452436 0.9152483 0.5030317 20.04834 1.70434 0 0.0
0.02958909 -0.02129399 -0.6633942 -3.298759 1.707989 0.9488281 0.3311348 20.18978 1.841196 0 0.0
-0.02912129 0.03628905 2.909286 1.768085 0.7248339 0.3255219 0.3688996 18.75212 1.96847 0 0.0
-0.03348681 -0.05622679 -8.709651 -5.232073 1.251623 0.858006 0.2877603 19.67116 nan 0 0.0
0.02569833 -0.01684845 -7.345984 -6.324283 0.6337548 0.4891694 0.09774063 19.09345 1.854008 0 0.0
0.01123523 0.06519013 -6.228181 -4.942046 0.7440001 0.5611976 0.2185269 19.13932 1.943417 0 0.0
0.02449192 -0.02351614 -3.955985 -1.455643 0.2764959 0.1809262 0.004616956 17.85473 2.717913 1 0.9632307
-0.04421767 0.0194284 -0.2916988 -1.049095 0.5882201 0.3105591 0.4387952 18.53073 2.081514 1 5.662406e-06
