data/gcs/NGC_6205_M_13.ecsv
# %ECSV 0.9
# ---
# datatype:
# - {name: x, unit: deg, datatype: float64}
# - {name: y, unit: deg, datatype: float64}
# - {name: pmx, unit: mas / yr, datatype: float64}
# - {name: pmy, unit: mas / yr, datatype: float64}
# - {name: pmx_e, unit: mas / yr, datatype: float64}
# - {name: pmy_e, unit: mas / yr, datatype: float64}
# - {name: pm_corr, datatype: float64}
# - {name: g_mag, unit: mag, datatype: float64}
# - {name: bp_rp, unit: mag, datatype: float64}
# - {name: filter, datatype: int64}
# - {name: memberprob, datatype: float64}
# meta: !!omap
# - comments: [deg deg mas/yr mas/yr mas/yr mas/yr dimless mag   mag   zeroone float]
# - __serialized_columns__:
#     bp_rp:
#       __class__: astropy.units.quantity.Quantity
#       unit: &id001 !astropy.units.Unit {unit: mag}
#       value: !astropy.table.SerializedColumn {name: bp_rp}
#     g_mag:
#       __class__: astropy.units.quantity.Quantity
#       unit: *id001
#       value: !astropy.table.SerializedColumn {name: g_mag}
#     pmx:
#       __class__: astropy.units.quantity.Quantity
#       unit: !astropy.units.Unit {unit: mas / yr}
#       value: !astropy.table.SerializedColumn {name: pmx}
#     pmx_e:
#       __class__: astropy.units.quantity.Quantity
#       unit: !astropy.units.Unit {unit: mas / yr}
#       value: !astropy.table.SerializedColumn {name: pmx_e}
#     pmy:
#       __class__: astropy.units.quantity.Quantity
#       unit: !astropy.units.Unit {unit: mas / yr}
#       value: !astropy.table.SerializedColumn {name: pmy}
#     pmy_e:
#       __class__: astropy.units.quantity.Quantity
#       unit: !astropy.units.Unit {unit: mas / yr}
#       value: !astropy.table.SerializedColumn {name: pmy_e}
#     x:
#       __class__: astropy.units.quantity.Quantity
#       unit: &id002 !astropy.units.Unit {unit: deg}
#       value: !astropy.table.SerializedColumn {name: x}
#     y:
#       __class__: astropy.units.quantity.Quantity
#       unit: *id002
#       value: !astropy.table.SerializedColumn {name: y}
# schema: astropy-2.0
x y pmx pmy pmx_e pmy_e pm_corr g_mag bp_rp filter memberprob
[from data line 13027]
0.1008393 -0.01425791 -3.099501 -3.710118 0.360062 0.4635729 0.336454 18.8819 0.5931911 0 0.0
0.05917911 -0.02970846 -4.24772 -2.055505 0.976923 1.341221 0.6477132 19.91101 nan 0 0.0
0.03894132 0.00546933 -3.682376 -6.715241 0.365115 0.5826246 0.3067585 18.20389 nan 0 0.0
0.2613131 -0.1633094 -5.848228 -3.094139 0.3907518 0.5020145 0.3322187 19.0874 0.9572487 1 1.082729e-06
0.1067467 0.02782233 -2.455674 -2.422959 1.030309 1.186336 0.2375002 20.30589 0.4748287 0 0.0
-0.001015204 -0.06339571 -3.011128 -2.781657 0.6157857 0.7620881 0.3541831 19.25131 0.6804733 0 0.0
-0.1297085 0.0688692 -2.473441 -4.300102 0.8758204 1.135565 0.3402886 20.25357 0.5372086 0 0.0
-0.01619863 0.04204037 -3.479839 -2.46053 0.2758588 0.3464615 0.4255386 18.15431 0.4567146 0 0.0
0.0254221 0.06849776 -2.45917 -2.864065 0.241948 0.3084566 0.242706 18.27483 0.608139 0 0.0
-0.0513991 0.02622092 -3.342747 -7.333507 2.602251 3.95656 0.6915064 20.58036 nan 0 0.0
-0.07605313 0.03116214 -0.349607 -1.885944 0.966771 1.382098 0.4870521 20.09709 nan 0 0.0
-0.0559263 -0.008173084 -2.350387 -3.808321 1.641382 3.17563 0.6363315 20.19889 nan 0 0.0
0.08324271 -0.04188959 -2.09195 5.024994 2.39938 2.661475 0.05684059 20.8435 nan 0 0.0
0.02967336 -0.05073289 -3.264976 -3.833147 2.244234 2.292182 0.4336449 20.45379 nan 0 0.0
0.004645798 -0.04456624 -3.101739 -1.960893 0.08568642 0.1530992 0.4155324 15.57597 0.9711895 0 0.0
0.1338874 -0.06708349 -3.631057 -3.842287 0.8684178 0.9819291 0.2747904 20.12087 0.7039413 0 0.0
0.05766715 0.05530476 -2.619449 -3.116898 0.4642955 0.5479036 0.1241537 19.19998 0.5174255 0 0.0
0.03954308 0.004546478 -1.50698 -5.126172 1.998196 1.430688 0.2323014 19.68972 nan 0 0.0
0.01253057 0.09807755 -3.036566 -2.568454 0.1663315 0.2362172 0.2949612 17.83475 0.7130089 1 0.9998417
-0.04627677 0.01663135 -3.079126 -1.544514 0.3288259 0.6664442 0.4077195 17.8697 0.6096745 0 0.0
0.02817745 0.07800875 -4.170277 -4.287289 1.053477 0.9566196 0.3999452 19.41026 0.7548256 0 0.0
-0.1121821 -0.09745618 -2.999718 -2.524257 0.3793328 0.4691831 0.1413552 19.03629 0.6681499 1 0.9991799
-0.1008023 0.08304357 -3.416938 -2.243271 0.2513822 0.3824647 0.2933305 18.4495 0.6836739 0 0.0
0.09103174 -0.01408694 -2.947125 -1.363582 1.119791 1.326998 0.6315288 19.83161 nan 0 0.0
-0.02642525 -0.09372567 -3.330514 -2.455338 0.08420419 0.1410221 0.3481186 16.42597 0.9279194 1 0.9998586
-0.01578423 0.02912372 0.9571171 -5.059166 0.7579996 0.940215 0.4270875 17.65703 0.7582302 0 0.0
0.1154906 0.1529226 -3.122387 -3.142759 1.426708 1.979267 0.3830047 20.80205 0.8349972 1 0.9838432
-0.07415521 0.1170024 -2.291342 -1.986161 0.304447 0.4411296 0.2928113 18.78391 0.6287518 1 0.9895721
0.01225884 -0.04380629 -1.099223 -3.797858 1.686757 2.309645 0.7496482 19.65355 0.7842312 0 0.0
0.0694056 0.01167806 -2.630124 -3.683108 0.7259516 0.9239388 0.2303305 19.78228 0.6145344 0 0.0
-0.04388439 -0.04882262 -2.636812 -2.561759 0.5557686 0.7379505 0.2223847 19.46741 0.559473 0 0.0
-0.05781509 -0.02284684 -5.975076 -4.791028 2.445762 3.42386 0.4470334 20.53932 0.3211555 0 0.0
-0.1133449 -0.01858941 -8.821378 1.396169 2.661268 2.861736 -0.04987212 20.95734 -0.06481171 0 0.0
0.1060004 0.1158187 -3.301706 -2.298436 0.2279409 0.3098556 0.3000622 18.28253 0.6823654 1 0.9993674
-0.1420692 -0.09265413 -2.352112 -3.414173 0.7321963 0.8745222 0.1445524 19.90943 0.6875229 1 0.991197
0.04276678 -0.03324402 -2.724175 -5.219947 3.411654 1.735872 0.3516308 20.06988 nan 0 0.0
-0.06033191 0.008366936 -3.217084 -2.723325 0.02685872 0.04486225 0.3260973 13.94346 0.9375105 0 0.0
-0.04055058 -0.01395429 -3.403265 -1.407662 0.3682443 0.5905324 0.2179543 18.75081 0.6433983 0 0.0
-0.05812702 0.01955376 -3.195523 -3.52692 0.6580109 1.249146 0.4586104 19.65885 0.412674 0 0.0
0.03327509 -0.05915809 -2.341184 -2.399871 0.3706927 0.5207172 0.4428429 18.83356 nan 0 0.0
-0.09869194 -0.002156632 -3.642364 -4.89578 1.298271 1.735629 0.2396871 20.56055 nan 0 0.0
0.07146505 0.000506674 -2.036449 -0.7465075 1.692396 3.652793 0.6638069 20.55207 0.8158588 0 0.0
0.02804506 -0.09858883 -3.151935 -2.366594 0.3927678 0.4810354 0.2840267 19.0503 0.5438404 0 0.0
0.06528371 0.01053388 -3.174476 -2.250606 0.1851084 0.2451091 0.3298996 17.87705 0.6774788 0 0.0
-0.0194925 -0.08239426 3.198877 4.246036 2.79343 3.137785 0.4377485 20.7772 0.4996204 0 0.0
-0.09204988 0.08256729 -3.03165 -3.291465 0.4731914 0.6462796 0.2711902 19.38975 0.4879341 0 0.0
-0.1214965 0.04343091 -3.225022 -2.168417 1.092546 1.39493 0.2563876 20.42557 0.3424969 0 0.0
-0.02514976 -0.02514932 -3.914207 -3.976982 0.3927022 0.4555146 -0.09637335 17.68684 0.4908085 0 0.0
0.06653747 0.008009616 0.09313183 -1.756427 1.286497 1.664359 0.1612303 20.4071 0.6354065 0 0.0
0.0845121 0.1000109 1.202992 -0.8337811 0.9294843 1.246956 0.3133541 20.35886 0.9694691 0 0.0
0.1061055 0.1195764 -3.718634 -2.759078 0.1643819 0.2212114 0.2980865 17.8575 0.718998 1 0.9948957
0.1451781 -0.09490668 -3.449597 -2.601912 0.2830809 0.3422177 0.228239 18.48671 0.6573029 1 0.9991505
-0.007258514 0.02599059 -4.064496 -3.934485 0.5593604 0.7457878 0.3688148 17.73131 nan 0 0.0
-0.01616141 0.04405452 -4.456965 2.865582 1.412485 1.868424 -0.5392495 19.45478 nan 0 0.0
-0.00782537 0.00101201 -2.955693 -2.949569 0.08437287 0.1491096 0.5129546 14.30028 1.007274 0 0.0
-0.1008876 -0.001318387 1.923696 -4.453573 2.008764 2.922939 0.3832279 20.78545 0.5831795 0 0.0
0.03206768 0.03911944 -3.337828 -7.176318 1.95691 2.632774 0.1758102 20.50828 nan 0 0.0
0.1143528 0.002892657 -0.9559372 3.33378 1.981309 4.023991 0.5182304 20.7521 0.8362827 0 0.0
0.0009623334 -0.07074663 -2.720878 -2.578416 0.9791639 1.162882 0.4600164 19.85953 0.6809769 0 0.0
-0.07683329 -0.01336607 -2.31928 -1.969378 0.3085463 0.4218549 0.4951357 17.42223 0.8183308 0 0.0
0.04319803 -0.01395286 -1.831148 -2.93175 1.613784 1.291203 0.06543318 19.52909 nan 0 0.0
-0.04288136 0.01070517 -3.964962 -4.629784 0.5973175 1.028444 0.260923 19.21219 0.4083004 0 0.0
0.09589901 0.1191778 -3.034646 -1.98156 0.6157981 0.807649 0.3238325 19.76152 0.5938969 0 0.0
-0.1242747 0.1006596 -2.5771 -1.655979 0.6901466 0.8361892 0.3604424 19.81718 0.7168541 0 0.0
0.05879835 -0.02947223 -2.645231 -2.163675 0.298851 0.3854039 0.4278784 18.43928 0.5943508 0 0.0
-0.1484957 0.0418338 -2.099785 -1.093811 1.663404 2.235391 0.5180253 20.59597 nan 0 0.0
0.05991319 -0.01051615 -2.810859 -7.198607 0.5703873 0.7416027 0.3218638 18.89908 0.6909866 0 0.0
0.03054896 0.06444841 13.99302 -4.908759 2.127585 2.301441 -0.1431486 20.39399 0.6717873 0 0.0
0.09467245 -0.03026835 -2.929337 -1.663804 0.3404865 0.4061554 0.3250622 18.73903 0.6247787 1 0.9977971
0.04047358 0.03213485 -4.709404 -3.5815 1.12858 2.665301 0.6771265 19.65562 0.8046207 0 0.0
0.01662408 0.04209005 -1.879268 -3.785809 0.5423408 0.5127249 0.03663531 18.66288 0.4670296 0 0.0
-0.03877885 0.01899617 0.9137776 -4.09631 0.9844799 1.779432 0.5113847 18.84652 nan 0 0.0
0.01025652 0.05515047 -4.576683 -1.184828 1.283791 2.577704 0.2274481 20.30589 0.5637817 0 0.0
0.06959376 0.1161627 -2.611933 -2.564788 0.5979022 0.8035257 0.3220467 19.81269 0.6957073 0 0.0
-0.01268849 -0.01960197 -1.670815 -2.143739 0.2755786 0.3633316 0.3483179 15.88046 0.8852816 0 0.0
-0.03006204 -0.02975191 -3.556073 -3.325363 0.5069781 0.647927 -0.428159 18.53341 nan 0 0.0
0.04758461 -0.08160774 -2.988465 -2.305242 0.8660863 0.9736159 0.2228182 20.07301 0.5271721 0 0.0
0.0816009 0.0130823 -15.09334 -22.54487 1.596525 2.551621 0.2381316 20.64682 1.338245 0 0.0
-0.04191359 0.07572233 -2.953159 -6.313792 2.34041 3.472711 0.09636391 20.95809 0.722868 0 0.0
0.03097354 -0.07772516 -3.299184 -2.632944 0.08500343 0.123547 0.3486601 16.57688 0.9056015 1 0.9999143
-0.02166848 -0.08772281 -3.843366 -2.749122 0.4654058 0.6233718 0.3776687 19.13599 0.5084305 0 0.0
-0.01067785 0.05119469 -2.739692 -3.098037 0.3697233 0.4585031 0.2004797 18.79121 0.3825474 0 0.0
0.09637504 0.03212698 -3.896032 -6.103216 1.55318 2.382407 0.1818916 20.80245 0.4529724 0 0.0
-0.1045887 0.04799152 -3.32643 -2.50027 0.2162084 0.3130809 0.281473 18.30685 0.6069489 1 0.9997116
-0.1800665 -0.02116783 0.7209029 10.95856 1.709074 3.002703 0.1555978 20.69835 0.9186916 0 0.0
0.01513148 -0.04028482 -2.449869 -4.776376 0.9125495 0.9587632 0.4888407 19.16208 nan 0 0.0
-0.005647092 -0.08366299 -3.192715 -1.883122 0.6285799 0.8542981 0.3926419 19.45385 0.6430836 0 0.0
0.03526017 0.08567156 -5.031408 -6.728068 1.092689 1.48833 0.1717368 20.46619 0.7625484 0 0.0
0.08007878 0.02555096 -3.653442 -2.134437 0.8474357 1.143479 0.2219505 20.13935 0.5286884 0 0.0
-0.006411805 0.02850059 -1.457929 -4.488049 0.7486643 0.7201436 0.3431934 17.97721 nan 0 0.0
-0.008421159 0.05198786 -3.012999 -3.405801 0.1773115 0.2420372 0.3270713 17.53904 0.8271236 0 0.0
-0.03421933 0.008484529 -5.664473 -7.688676 0.4233627 0.9468063 0.5945473 18.2435 0.3185253 0 0.0
-0.0182071 -0.1544197 -2.408445 -2.26929 0.6156722 0.8616204 0.1831143 19.68503 0.7069168 1 0.9960327
0.02679133 -0.09749827 -2.228106 -1.985139 0.4660281 0.5424313 0.2728019 19.15126 0.5675945 0 0.0
-0.04426923 0.00842858 -3.184306 0.5754731 0.9232734 1.929693 0.6914601 19.08196 nan 0 0.0
-0.002353046 -0.03283997 -0.9998011 -2.504387 1.583701 0.9394158 0.5340649 18.84711 nan 0 0.0
-0.003876588 -0.05567087 -3.663676 -5.290612 1.009363 0.9995798 0.3835738 19.59242 0.7279148 0 0.0
0.0345952 -0.04500499 -2.491014 -3.580412 1.009339 1.066296 0.4781709 19.7131 nan 0 0.0
0.1335152 -0.07207376 -3.755596 -2.739064 0.7982988 0.8844534 0.2636667 20.00454 0.7512016 0 0.0
-0.1945439 -0.2494729 -2.337211 -10.60071 1.39533 1.619792 -0.05583617 20.64262 1.983713 0 0.0
-0.05237637 0.06865244 -1.067829 -1.067327 1.504902 2.941257 0.5116239 20.69224 nan 0 0.0
-0.01377299 -0.1130275 -3.016816 -2.793932 0.3302093 0.475866 0.2910067 18.77876 0.6193562 1 0.9994307
0.03681695 0.03426544 -2.069604 -2.127588 0.9011142 1.277417 0.1928766 19.62449 nan 0 0.0
0.05223671 -0.07569198 -2.203047 -3.129453 0.9701296 0.9852437 0.183578 20.03382 0.05161476 0 0.0
0.05426669 0.007733028 -1.040362 -2.05793 0.5780494 0.8231088 0.2880737 19.27587 0.8801613 0 0.0
-0.09373396 0.03829974 -5.821259 -2.443444 4.144796 3.575532 -0.2922485 20.99707 0.3062649 0 0.0
-0.04992051 0.01715241 -3.070347 -2.285463 0.04175497 0.06530967 0.2651156 14.9587 1.053402 0 0.0
-0.02982871 -0.02959178 -3.863605 -4.080446 1.595685 1.258999 -0.5230629 19.1742 nan 0 0.0
-0.05504484 0.0577557 -2.431531 -11.46243 1.660379 2.97315 -0.01022391 20.41029 nan 0 0.0
-0.06030076 -0.1096789 -1.460114 -3.74884 1.537277 2.057305 0.1948938 20.59515 0.2970486 0 0.0
0.03320895 -0.04809169 -3.555606 -3.559032 1.17628 0.9615677 0.310358 19.78059 0.5600185 0 0.0
0.06906605 0.06218817 -1.72699 -1.897528 0.4952235 0.6029689 0.1912536 19.36301 0.5589943 0 0.0
0.04704923 -0.02927807 -3.105406 -2.061132 0.2936005 0.3873991 0.4105014 18.45745 0.5569038 0 0.0
0.0311803 -0.01136844 -3.657911 -3.780591 0.09621132 0.1702462 0.390524 15.61146 0.9488983 0 0.0
-0.03213202 -0.04776407 -3.707211 -2.683148 0.8033901 1.150738 0.3682446 19.58156 0.7100372 0 0.0
0.00974738 0.1053632 -1.315467 -3.220674 0.8034911 0.6254919 0.02530703 19.14755 nan 0 0.0
0.03894044 0.03161908 -2.207759 -2.992018 0.3241457 0.4154095 0.1127548 18.58576 0.6042233 0 0.0
0.1301018 -0.06561364 -1.843903 -2.560297 0.995234 1.14149 0.2916423 20.30511 0.8215866 0 0.0
-0.03758284 -0.2489022 -3.319869 -2.751118 0.2909078 0.4322939 0.003388151 18.5522 0.6739807 1 0.9978963
-0.005230944 0.07521908 -0.7995181 -3.795094 0.9695537 1.363623 0.1604332 20.01081 0.6817169 0 0.0
0.04893341 0.0004128882 -2.605543 -2.620195 1.198476 1.704833 0.1877812 19.94337 nan 0 0.0
-0.03885709 0.03422829 -3.332105 -3.654499 0.3330689 0.6387581 0.5227109 18.6906 0.6700687 0 0.0
0.02650887 -0.02595758 -3.030019 -1.160092 0.2601919 0.3534046 0.4335957 17.70737 0.6999264 0 0.0
0.1004899 0.03748423 -4.260148 -4.345418 1.384877 1.737577 0.2672397 20.73146 1.37604 0 0.0
0.07202823 0.01515945 -5.585044 -7.053977 1.2793 1.567272 0.1612442 20.18479 nan 0 0.0
0.02328316 -0.07683521 -4.200625 -1.989988 0.7557104 0.8301385 0.3219279 19.82674 nan 0 0.0
0.08625602 -0.06850526 -4.454447 -0.5394492 1.232821 1.36025 0.1722886 20.50803 0.7446384 0 0.0
-0.03143126 -0.07613044 -5.263072 -2.434594 1.93048 1.910548 -0.1054936 20.50144 0.7199764 0 0.0
-0.04663571 0.03182932 -10.01719 -12.86487 1.764214 2.984309 0.7661378 19.42868 nan 0 0.0
-0.04090478 0.0126496 -2.073506 -3.804155 0.6809045 1.295066 0.4069981 19.43712 0.2724247 0 0.0
0.04874865 0.04049762 -4.433432 -4.636492 0.764466 0.9709941 -0.1306499 19.68161 0.8969765 0 0.0
0.08011597 0.02518097 -6.523508 -3.076183 2.903521 2.580094 0.1830402 20.67927 nan 0 0.0
0.066194 -0.02088702 -2.538055 -2.078866 0.1961305 0.2680331 0.3291481 17.7853 0.7165546 0 0.0
-0.01419458 0.001039617 -3.591179 -0.774468 0.6040423 1.057729 0.3263593 17.70355 nan 0 0.0
0.03348319 -0.02907912 -4.592101 0.8820244 0.4649942 0.6276006 0.3092013 17.6937 0.6442757 0 0.0
0.08855747 -0.01861785 -3.20837 -2.872615 0.5472429 0.6885455 0.3117843 19.2039 0.7589092 0 0.0
-0.009392552 0.03108344 -3.223159 -2.094367 0.1134787 0.1530963 0.3638565 16.20595 0.9067793 0 0.0
0.09150821 0.02938975 -1.879953 -1.365125 1.549288 1.985558 0.4070514 20.58404 0.5111237 0 0.0
-0.002267094 -0.03250428 -1.769375 -3.51665 1.091911 1.040214 0.1912922 18.00698 0.6460705 0 0.0
0.0685745 -0.01980539 -0.81776 -1.271716 1.273267 1.861369 0.5854488 19.9903 0.4904022 0 0.0
0.03129465 -0.02099287 -2.377676 -0.7092515 0.1146717 0.201316 0.4154932 15.35684 0.09404373 0 0.0
-0.1231738 0.08388082 -3.016724 -1.82633 0.7733434 0.9379554 0.2584189 19.98729 0.6893978 0 0.0
0.09235917 0.05647131 -3.057014 -2.942144 0.04609094 0.06264482 0.2595603 15.49994 1.008711 1 0.9992206
0.05212505 0.07202446 -2.982186 -3.185978 0.2683333 0.3895635 0.4056945 18.47807 0.5909004 0 0.0
-0.02500253 -0.06355191 -1.122699 1.908563 0.5750109 0.764731 0.3914901 18.74222 0.5780621 0 0.0
0.02403457 -0.04378828 -5.565771 -2.864166 0.9993961 0.91522 0.4300159 19.38777 0.6705112 0 0.0
-0.008098518 -0.02928429 -3.500057 -2.834461 0.3748305 0.4047204 0.1369266 17.94822 nan 0 0.0
0.03712713 0.0525418 -3.670192 -3.26949 0.2786263 0.4180589 0.1313696 18.43557 0.5733261 0 0.0
0.02822571 -0.02086054 -2.956975 -2.639324 0.04245613 0.05740055 0.3130797 14.85442 1.044098 0 0.0
-0.001319127 0.120362 -1.774955 1.373388 2.147716 4.31496 0.4693462 20.92738 1.019018 0 0.0
0.05625872 -0.01487145 -18.56115 -39.58212 2.106339 2.262602 0.5021417 20.05273 nan 0 0.0
0.03374864 -0.04666476 -2.794175 -1.40887 1.115368 1.09109 0.4025504 19.79136 0.4993324 0 0.0
0.1547167 -0.07205728 -5.308557 -7.373179 2.350543 1.758168 0.1377518 20.8085 0.3452797 0 0.0
0.01794617 0.1061047 -3.519781 -2.404417 0.08712587 0.123043 0.2795843 16.65017 0.926405 1 0.9990385
0.05208768 0.05467139 -4.763076 -2.539011 1.165742 1.07976 -0.3927427 19.85453 nan 0 0.0
0.04751538 -0.02868651 -2.648269 -1.269573 1.374297 1.644575 0.5271239 20.23715 nan 0 0.0
0.02655469 -0.01635597 -3.858623 -4.567121 0.3866833 0.6173042 0.4455963 17.79603 0.6446114 0 0.0
0.05048399 -0.006174101 -2.625066 -5.685313 1.836926 2.511017 -0.2529137 19.50791 nan 0 0.0
0.03209995 0.02044651 -3.57342 -1.795364 0.1881202 0.2510679 0.1608206 16.09294 0.03019047 0 0.0
0.00278816 0.05170898 -15.7829 0.1479046 1.394002 1.60297 -0.2229683 19.80091 nan 0 0.0
-0.03106381 -0.01742241 -2.170533 -4.53382 0.9339202 1.770739 0.7979403 18.76852 nan 0 0.0
0.0174366 -0.02577323 -5.490759 -7.917448 0.6429732 0.6079687 0.359038 17.55845 0.7028522 0 0.0
-0.08652215 0.04864444 -3.572975 -3.499228 0.4176164 0.5872197 0.1947173 19.17344 0.6503696 0 0.0
-0.08040486 0.06963013 -4.686249 -3.379199 0.5727456 0.8183581 0.2092374 19.66694 0.7263317 0 0.0
0.008747422 0.06118513 -2.547508 -2.175742 0.3333889 0.3716884 0.1837405 18.23379 0.5726147 0 0.0
0.07563206 0.00617164 -4.887642 -2.73651 1.507717 1.80635 0.08701778 20.61172 0.09244347 0 0.0
-0.0446486 0.03151535 -2.594668 -1.565357 0.5702573 1.1572 0.7185082 19.10031 nan 0 0.0
