data/gcs/NGC_6809_M_55.ecsv
# %ECSV 0.9
# ---
# datatype:
# - {name: x, unit: deg, datatype: float64}
# - {name: y, unit: deg, datatype: float64}
# - {name: pmx, unit: mas / yr, datatype: float64}
# - {name: pmy, unit: mas / yr, datatype: float64}
# - {name: pmx_e, unit: mas / yr, datatype: float64}
# - {name: pmy_e, unit: mas / yr, datatype: float64}
# - {name: pm_corr, datatype: float64}
# - {name: g_mag, unit: mag, datatype: float64}
# - {name: bp_rp, unit: mag, datatype: float64}
# - {name: filter, datatype: int64}
# - {name: memberprob, datatype: float64}
# meta: !!omap
# - comments: [deg deg mas/yr mas/yr mas/yr mas/yr dimless mag   mag   zeroone float]
# - __serialized_columns__:
#     bp_rp:
#       __class__: astropy.units.quantity.Quantity
#       unit: &id001 !astropy.units.Unit {unit: mag}
#       value: !astropy.table.SerializedColumn {name: bp_rp}
#     g_mag:
#       __class__: astropy.units.quantity.Quantity
#       unit: *id001
#       value: !astropy.table.SerializedColumn {name: g_mag}
#     pmx:
#       __class__: astropy.units.quantity.Quantity
#       unit: !astropy.units.Unit {unit: mas / yr}
#       value: !astropy.table.SerializedColumn {name: pmx}
#     pmx_e:
#       __class__: astropy.units.quantity.Quantity
#       unit: !astropy.units.Unit {unit: mas / yr}
#       value: !astropy.table.SerializedColumn {name: pmx_e}
#     pmy:
#       __class__: astropy.units.quantity.Quantity
#       unit: !astropy.units.Unit {unit: mas / yr}
#       value: !astropy.table.SerializedColumn {name: pmy}
#     pmy_e:
#       __class__: astropy.units.quantity.Quantity
#       unit: !astropy.units.Unit {unit: mas / yr}
#       value: !astropy.table.SerializedColumn {name: pmy_e}
#     x:
#       __class__: astropy.units.quantity.Quantity
#       unit: &id002 !astropy.units.Unit {unit: deg}
#       value: !astropy.table.SerializedColumn {name: x}
#     y:
#       __class__: astropy.units.quantity.Quantity
#       unit: *id002
#       value: !astropy.table.SerializedColumn {name: y}
# schema: astropy-2.0
x y pmx pmy pmx_e pmy_e pm_corr g_mag bp_rp filter memberprob
[from data line 18254]
-0.0178568 -0.01224183 -2.90422 -10.25582 0.498388 0.4218852 0.3181613 18.32222 nan 0 0.0
0.04896996 0.04053316 -2.952923 -8.285339 0.5010297 0.5291402 0.5038332 18.81937 0.8812542 0 0.0
-0.02465954 -0.01304824 -3.756913 -8.443593 0.5460568 0.487317 0.2843622 18.49499 0.5130253 0 0.0
-0.02115366 0.1063774 -4.185057 -11.49498 0.4756232 0.4534183 0.4497724 18.80787 0.7845993 0 0.0
-0.03409078 0.02017487 -3.277269 -9.805899 0.4120008 0.3790961 0.2744954 17.61881 0.8271389 0 0.0
0.03468837 -0.0691026 -2.635666 -9.465284 0.5794635 0.542516 0.2742759 18.61824 nan 0 0.0
-0.05581039 -0.03290161 -2.251029 -8.726139 0.4917517 0.4292586 0.06775742 18.33828 0.7620869 1 0.973979
-0.01028976 -0.06130343 0.2092138 -10.41927 2.315156 1.606002 -0.2044684 20.12922 0.9039288 0 0.0
0.04611329 -0.07414093 -3.593114 -8.809694 0.2825074 0.2612428 0.2342983 17.76734 0.7661629 1 0.996592
-0.1298876 0.03924434 -2.703193 -9.427199 0.3872034 0.3810029 0.2523087 18.29716 0.78195 1 0.9878731
0.003915083 0.04746549 -3.590442 -9.060138 0.3089997 0.277741 0.2747297 17.96323 0.658905 0 0.0
0.05474765 -0.1101047 -3.063639 -9.109665 0.6578476 0.6652122 0.3758878 19.19611 0.8521862 0 0.0
0.05926359 0.2184443 -5.036699 -0.5949582 0.2956506 0.2940765 0.4716866 18.01547 1.677233 1 0.0
0.002656603 -0.01600721 -3.945525 -8.960594 0.6508403 0.6613768 0.5772247 18.60335 0.682579 0 0.0
-0.02789023 0.02945041 -3.454531 -9.275746 0.2749708 0.2748512 0.4801992 17.50324 0.7590199 0 0.0
0.02859632 0.02088048 -2.935546 -9.091387 0.4185999 0.4636325 0.6038534 18.07158 nan 0 0.0
0.002211634 -0.02370335 -3.704296 -8.949483 0.9698694 0.6746147 -0.2587761 18.84031 nan 0 0.0
0.003308617 -0.07619741 -16.14495 -20.90233 1.772921 1.463113 0.3153891 19.69002 0.4144173 0 0.0
-0.02830233 0.00672423 -2.427449 -10.36151 0.627691 0.5924559 0.268061 17.90243 0.9018154 0 0.0
-0.02713772 -0.03935697 -3.169221 -9.824306 0.7187501 0.6301564 0.1205936 19.02039 nan 0 0.0
-0.0228109 0.02497903 -2.688563 -8.905778 0.8728812 0.9953438 0.6210728 18.70516 nan 0 0.0
-0.08182072 0.006689558 -3.252958 -7.922721 0.8028994 0.7802142 0.3820017 19.01911 0.7153873 0 0.0
-0.02256791 0.1046089 -3.6275 -9.348256 0.6179526 0.5815766 0.4400948 19.07771 0.9464951 0 0.0
-0.1105911 0.05988326 -2.25222 -8.485561 1.233155 1.185009 0.4133286 20.10284 nan 0 0.0
-0.04399255 0.09448872 -5.224955 -8.053899 1.504008 1.230084 0.2640316 20.08049 nan 0 0.0
-0.1042301 0.03763546 -1.685774 -7.723143 0.86611 0.8036498 0.3560377 19.63293 0.9048214 0 0.0
0.05537631 -0.06287343 -7.735248 -10.61893 2.265951 2.184007 0.5842778 20.27386 0.7845573 0 0.0
-0.04454303 -0.01706279 -2.138159 -9.261035 0.8559193 0.6730844 -0.08015415 19.17263 nan 0 0.0
-0.02941408 -0.03729771 -3.968151 -9.0981 0.5629065 0.4981482 0.2544174 18.72768 0.8714714 0 0.0
0.05179377 -0.06251665 -9.456487 -17.10559 0.6415711 0.584693 0.3601889 17.93149 0.7931747 0 0.0
0.06154646 -0.105701 -5.835529 -9.023862 1.570827 1.507437 0.1808704 20.23098 1.212883 1 0.9387599
0.1225725 -0.03204274 -0.2835097 -9.28938 2.097492 1.73183 -0.1323361 20.33583 nan 0 0.0
0.01861634 -0.01804413 -3.388288 -9.105107 0.1039682 0.0876779 0.1461597 15.63751 1.073665 1 0.9997218
-0.09775646 0.004719542 -0.8331082 -8.713008 1.105332 0.9441589 0.1377578 19.76022 0.6655159 0 0.0
0.1937245 0.0441907 -3.423775 -8.469814 1.782347 1.634864 0.2477315 20.3617 0.8081188 0 0.0
0.02261589 -0.03271441 -3.447028 -9.647069 0.5287894 0.5362055 0.5966772 18.30189 nan 0 0.0
0.0784661 -0.09676793 -0.5577426 -8.740935 1.769859 1.847818 0.294907 20.38268 0.8771667 0 0.0
-0.06239153 0.0302638 -6.422469 -9.595856 0.9174228 0.8094954 0.3765635 18.22679 0.8010159 0 0.0
0.0829686 -0.05979208 -5.069136 -10.70355 1.182499 1.317566 0.5846308 19.97367 0.8691158 0 0.0
-0.01427147 -0.0168818 -2.687855 -8.345084 0.3365397 0.2846783 0.06144697 17.24605 0.7445812 0 0.0
-0.08092725 0.03325206 -4.784137 -9.313414 0.7828225 0.74073 0.3714868 19.39383 0.9028702 0 0.0
0.08360822 -0.1056949 -4.282633 -8.597061 0.4724618 0.4517399 0.2573398 18.7807 0.9006138 1 0.9386412
0.04962931 -0.0508082 -0.1057096 -6.663138 1.247502 1.387399 0.747421 19.53545 0.639513 0 0.0
-0.02236591 0.02494289 -3.501195 -10.24003 1.000108 1.23106 0.8318987 18.87912 nan 0 0.0
-0.05993898 -0.04023787 -2.868241 -8.86597 0.3509961 0.2985049 0.1244114 18.15407 0.6812782 1 0.9958681
0.01719693 -0.0544971 -3.115105 -8.689995 0.506608 0.4896503 0.3189067 18.69697 0.7790737 0 0.0
-0.04587972 0.09693687 -4.295773 -10.52405 1.620099 1.315682 0.2581786 20.18069 0.8491211 0 0.0
-0.1146879 0.02615649 -2.727758 -9.287038 0.7361908 0.67547 0.3044321 19.28872 0.7562771 0 0.0
-0.06421835 -0.0169195 -2.409941 -8.924534 0.5119202 0.4400997 0.1531642 18.71855 0.7287407 0 0.0
0.07530505 0.03846754 -3.795283 -8.627428 0.4645017 0.4496037 0.4494021 18.58519 0.8663883 1 0.9893581
-0.1110619 0.05943448 -3.84562 -8.909497 0.3884809 0.3437436 0.2319025 18.19371 0.8802738 0 0.0
0.06188923 0.1413366 1.310725 -6.974917 1.326872 1.353043 0.5112037 20.20694 0.8605404 0 0.0
0.1279076 0.02549502 -2.219591 -7.070238 0.823264 0.8747075 0.513152 19.71063 0.9123077 1 0.8227745
-0.1029531 0.01861103 -2.112947 -10.51623 1.608915 1.424526 0.2297761 20.24265 0.5235901 0 0.0
0.02298064 0.06995234 -2.282461 -8.648976 1.826991 1.830045 0.3903868 20.22251 0.6729298 0 0.0
0.1090964 0.01041596 -3.651979 -9.792807 0.06774855 0.06892378 0.4701079 14.62434 1.154537 1 0.8991262
0.05499855 0.05318704 -3.534458 -8.334096 0.9850283 1.06488 0.5438425 19.59231 nan 0 0.0
-0.0836243 0.06406868 -3.377437 -9.178099 0.2427044 0.2209287 0.3191481 17.61886 0.8109093 1 0.9991476
-0.01502705 -0.03704069 -4.653375 -7.751037 1.382887 0.9819174 -0.5230083 18.9822 nan 0 0.0
0.08713251 -0.05353588 -2.858152 -9.868683 1.422293 1.563301 0.5957295 20.21088 0.847683 0 0.0
0.06300737 0.08810182 -3.062602 -9.939787 0.8729326 0.9022189 0.4708108 19.45783 0.6909199 0 0.0
-0.02731099 0.01768605 -2.717939 -9.178558 0.3277624 0.331904 0.4704745 17.75601 nan 0 0.0
-0.01002707 -0.07251288 -3.958875 -9.695619 0.6167083 0.5681667 0.2743869 19.04331 0.8232498 0 0.0
-0.03993519 0.1641429 -4.663294 -8.663007 0.9168268 0.8655139 0.4859405 19.62933 1.067749 1 0.9067416
0.0002234345 0.02559973 -4.448727 -11.07252 0.3059757 0.2979638 0.5339486 17.71127 0.7123222 0 0.0
0.02362941 0.04594821 -3.361286 -9.274214 0.2512106 0.2334481 0.3560974 17.67709 0.7835331 0 0.0
-0.05545757 0.2166461 2.621308 -5.529376 0.8225167 0.8081361 0.4637903 19.68242 1.30271 1 0.0
-0.04585857 0.2173569 -3.568753 -6.104668 0.2395125 0.2142855 0.2601115 17.67999 0.9672909 1 0.0
0.01463816 -0.02663032 -4.882976 -7.465168 1.391402 0.9865729 -0.3295902 19.11642 nan 0 0.0
-0.00988086 0.03073762 -4.89004 -8.297387 1.159374 1.052888 0.3866207 19.20507 0.7205391 0 0.0
0.0911852 -0.08205642 6.264977 2.358369 1.408703 1.355237 0.2019603 20.13316 0.9115944 0 0.0
0.02530441 0.04372763 -1.483123 -9.278797 0.3910535 0.3495498 0.1076319 17.89248 nan 0 0.0
-0.01127022 0.0475927 -3.330841 -8.88019 0.4156627 0.346866 0.3128348 17.80299 0.7005081 0 0.0
0.0115183 -0.08176941 -3.873478 -9.464967 0.3888105 0.367346 0.2905193 18.25657 0.7432003 1 0.9978818
0.0509936 0.05518244 1.667966 -8.770786 3.82625 2.486819 -0.255864 20.47424 nan 0 0.0
0.09255869 -0.06775836 -3.175544 -9.187318 0.2240033 0.20809 0.2131582 17.59179 0.6489677 1 0.9987777
-0.02810596 0.05094616 -3.470441 -9.890794 0.1757221 0.1623937 0.2836575 16.96874 0.953661 1 0.992278
-0.01454231 0.04356012 -2.727177 -9.387874 0.2830533 0.2709458 0.3159262 17.73516 0.9024487 0 0.0
-0.05072164 -0.009663451 -1.447703 -9.767537 0.6685372 0.6309572 0.3155543 18.06571 nan 0 0.0
0.002106978 -0.02409817 -4.20568 -9.109649 0.6512358 0.5590002 0.1457909 18.40762 nan 0 0.0
0.04153066 -0.02950497 -3.94469 -9.765598 0.4167455 0.4138732 0.4133808 18.44113 nan 0 0.0
0.005015216 0.05718147 -2.728544 -8.853518 1.562587 1.481424 0.4388618 19.99713 0.5752735 0 0.0
0.07880724 -0.06362614 -3.875469 -8.840384 1.234393 1.234793 0.4129594 19.83302 nan 0 0.0
0.06335919 -0.05273893 -4.022544 -9.587478 0.5587831 0.5076896 0.5443722 18.35255 nan 0 0.0
-0.03174459 0.1277767 -3.974821 -7.961116 1.048819 1.103676 0.590576 19.89845 0.941185 1 0.9225815
-0.08925508 0.03682856 -0.1743124 -8.189737 1.75938 1.485266 0.3100424 20.27272 0.8129101 0 0.0
-0.1294232 0.1607334 -2.663388 -5.062432 0.7965739 0.6629358 0.2616733 19.32698 1.058802 0 0.0
-0.09596811 0.04809639 -3.675211 -9.416986 0.9120839 0.8480391 0.4506618 19.53873 0.8072338 0 0.0
-0.0364669 -0.06324389 -3.1586 0.5026949 0.6593024 0.5764045 0.1883322 18.84515 1.131119 0 0.0
0.01678383 -0.02402905 -6.630648 -7.962667 0.8167039 0.6852042 0.3065552 18.57148 0.6271553 0 0.0
-0.06262868 0.07264874 -1.898934 0.6395465 2.26995 1.980556 0.3309054 20.54791 0.6250877 0 0.0
0.07153241 -0.07005962 -5.093426 -9.895874 0.9653475 0.9653157 0.3702974 19.77776 0.8842773 0 0.0
0.09006147 -0.08147171 -2.98942 -10.60339 1.664706 1.702667 0.3131301 20.32353 nan 0 0.0
-0.02816064 -0.03000745 -3.761869 -9.207749 0.241385 0.1804812 -0.2177415 16.84473 0.9934654 1 0.9992603
0.1429216 0.0183307 -3.936907 -9.495775 0.9724321 1.023686 0.5002993 19.90659 0.8324261 0 0.0
0.02516651 0.01714686 -3.180824 -9.50261 0.1717464 0.1493469 0.2313843 16.77071 0.9886589 1 0.9992735
0.04669446 0.0448945 -1.444639 -8.970618 1.286579 1.289906 0.5370841 19.9096 nan 0 0.0
0.02398823 0.01523028 -3.331139 -9.505276 0.5970192 0.6452282 0.5369277 18.39319 nan 0 0.0
0.004463404 0.01552692 -3.803593 -9.531204 0.3521976 0.3039565 0.2135786 17.42027 0.6139345 0 0.0
0.07737989 0.01439704 -3.494378 -9.831616 0.6560116 0.6873409 0.5136687 19.22482 1.018263 1 0.9959648
0.08467035 -0.05769359 -4.052956 -9.639257 0.5282104 0.5458311 0.463585 18.89654 0.6758976 0 0.0
-0.0350856 -0.05042791 -3.978516 -9.957765 0.5760874 0.5026263 0.110843 18.68221 0.8813267 0 0.0
-0.0239664 -0.06414211 -5.237232 -8.474893 0.3504025 0.3003391 0.1213879 17.58299 0.7767677 0 0.0
0.01466822 -0.001214902 -4.095206 -9.018459 0.2427979 0.223538 0.299261 17.55443 0.571825 0 0.0
-0.006643081 0.1485775 -2.35019 -5.865247 1.911769 2.159381 0.6569032 20.4413 2.291594 0 0.0
-0.06082405 0.07637877 -5.156939 -12.25895 0.5957682 0.5387938 0.321513 18.83726 0.8550816 0 0.0
0.05497914 0.01942126 -6.041861 -11.50886 1.708466 1.680355 0.3986143 19.64951 nan 0 0.0
-0.0281985 0.009623431 -3.051573 -9.303302 0.3922155 0.2869446 -0.1710166 17.49631 0.803524 0 0.0
0.04358207 0.0517567 -3.636647 -8.884316 0.4053657 0.3927568 0.356515 18.4565 0.8495064 0 0.0
0.05830369 0.06314335 -2.996265 -8.780416 0.6703718 0.6814323 0.5349968 18.99949 0.8318825 0 0.0
-0.03519919 -0.0261207 -3.201634 -9.001661 0.3679041 0.3302852 0.4066292 17.97677 nan 0 0.0
0.0251444 0.03260211 -3.100906 -10.11958 0.3497114 0.298945 0.1835554 17.45791 0.7230034 0 0.0
0.002420705 -0.03261449 -3.726135 -9.666247 0.6792048 0.6539862 0.2175703 18.68228 0.8502884 0 0.0
0.04091046 -0.07261268 -3.487303 -9.28999 0.1054012 0.09113725 0.104494 15.78126 1.089672 1 0.9997292
0.1375167 0.04556416 -3.390714 -9.28631 0.07271994 0.06779556 0.2191915 15.56497 1.087151 1 0.9996398
0.004437206 0.01499286 -4.16774 -9.824981 0.5859919 0.6614223 0.6293487 18.38636 nan 0 0.0
0.004121642 -0.01957019 -2.193459 -9.732371 0.3737065 0.2946174 -0.002653451 17.63131 nan 0 0.0
0.06560607 0.01993145 -4.619451 -9.589938 1.698148 1.680984 0.3670372 19.98879 1.261709 0 0.0
-0.02782465 -0.01596736 -4.491277 -10.40695 0.859869 0.828247 0.3818082 18.62116 0.5809593 0 0.0
0.0778862 0.2191634 4.175383 -5.476097 0.9326877 0.9539838 0.5506331 19.69794 1.152494 1 0.0
0.1187085 0.2067085 -0.635899 -0.4600271 0.9154822 1.018104 0.6129695 19.77946 1.466419 1 0.0
0.04406136 -0.04434337 -2.726252 -8.385765 0.5692747 0.5566981 0.3791814 18.90016 0.7088451 0 0.0
0.01436741 0.08677683 -2.212829 -7.536418 0.9477101 0.9784099 0.5481876 19.75606 nan 0 0.0
0.0512074 0.01438414 -3.844439 -9.787647 0.5898471 0.6127567 0.4766712 18.86624 nan 0 0.0
0.01865107 -0.1078745 -4.933349 -9.861908 0.7736648 0.7669578 0.3631919 19.35217 0.8162727 0 0.0
-0.05343474 0.1634954 -3.096013 -9.88966 0.446117 0.4081506 0.3346571 18.81032 0.8192539 1 0.9801904
0.007655873 0.007897322 -3.933464 -9.393225 0.1966014 0.1726121 0.2237291 17.05899 0.8181286 0 0.0
0.001820497 0.04417919 -3.452591 -9.275106 0.229619 0.2516535 0.6114528 17.20163 0.912468 0 0.0
0.09436439 -0.06639256 -2.847075 -11.58343 1.664931 1.729888 0.3356009 20.31251 0.7687454 0 0.0
-0.003939098 0.04063528 -3.948584 -8.807858 0.5743539 0.4581126 -0.070011 18.4491 0.8244801 0 0.0
0.07312878 -0.06840906 -3.553619 -9.354098 0.2979942 0.2786227 0.1855321 18.00875 0.7622185 1 0.9988648
0.07721854 0.1389813 6.425119 -12.11575 3.910049 2.515471 -0.193032 20.45774 0.8769302 0 0.0
0.04729059 -0.07288456 -4.07424 -9.247896 0.3478679 0.3229491 0.2612673 17.9844 0.7947407 0 0.0
-0.05667408 -0.03219259 -2.731019 -9.375237 0.8345662 0.736766 -0.008500138 18.99446 0.9097633 0 0.0
0.1023782 0.01776097 -1.346913 -5.279935 0.8937695 0.9969145 0.6358201 19.54904 0.9212246 1 0.08935747
0.04067561 -0.01016218 -4.323369 -10.16947 0.997456 0.9945778 0.397452 19.17313 0.78022 0 0.0
0.0691021 0.004330681 -4.883176 -9.252838 0.5879214 0.5977751 0.4345711 18.84934 0.7025585 0 0.0
-0.01908071 -0.04148935 -3.333373 -9.644103 0.3615707 0.3446152 0.3143304 17.91418 0.6646118 0 0.0
0.1186433 -0.01521686 -2.559444 -9.261534 0.6240296 0.61614 0.4030749 19.22119 0.9412308 1 0.9866487
-0.1099886 0.059636 -3.057567 -8.455855 0.5445362 0.5022953 0.3298655 18.89895 0.7211552 0 0.0
-0.1232106 0.1605357 -3.606152 -10.75379 1.153852 1.036732 0.3414707 19.92095 0.9300308 0 0.0
0.01507279 0.07523345 -4.044223 -9.764966 0.4083013 0.395491 0.4235026 18.48819 0.7112179 0 0.0
-0.07081642 0.06016706 -4.14609 -10.09277 1.48931 1.33316 0.3333093 20.13268 0.9075832 0 0.0
0.122495 -0.03127589 -1.589775 -8.490129 2.24205 1.889438 0.10183 20.35469 1.274363 0 0.0
0.02805076 0.03484816 -3.020888 -8.832481 0.4196213 0.3836799 0.3061728 18.4467 0.8137417 0 0.0
-0.01215714 0.02193113 -1.069982 -9.643076 0.439085 0.3124192 -0.2471502 17.35851 0.2436314 0 0.0
-0.02590846 -0.03878633 -3.752305 -9.449031 0.1278053 0.1094386 0.1259328 15.89613 0.06626797 0 0.0
0.001897507 -0.0328815 -4.809375 -8.789571 1.11383 0.9824284 0.3152837 19.31706 nan 0 0.0
0.01372879 0.01703856 -3.07866 -9.284848 0.1844029 0.1531188 -0.002520119 16.70297 0.9611397 0 0.0
-0.07159056 0.04491151 -14.30799 -7.943795 1.934272 1.946603 0.452622 20.09475 0.7809734 0 0.0
0.004515778 0.01613345 -5.314512 -6.740548 1.182198 0.8379416 -0.2421895 18.28717 nan 0 0.0
0.06899759 0.004567268 -4.24389 -9.110865 0.9510955 0.9572791 0.5214743 19.50231 nan 0 0.0
0.06204179 -0.1077326 -2.858316 -8.659565 0.3748526 0.3521086 0.2184166 18.38135 0.8240662 1 0.9872277
0.03952358 -0.01194126 -1.590996 -6.839346 1.043927 0.9442715 0.1266537 18.91179 0.82057 0 0.0
-0.01829597 -0.04161508 -3.23363 -9.365906 0.2072829 0.1853178 0.1967073 16.68435 0.8623247 0 0.0
-0.09222984 0.08121354 -4.172043 -8.082009 0.8738403 0.8578461 0.4846196 19.65923 0.9914188 0 0.0
-0.02842378 -0.02483098 -1.584958 -10.10454 0.8008926 0.5778872 -0.2442818 17.48784 nan 0 0.0
0.06477261 -0.05112054 -3.73095 -9.719824 0.3069843 0.3079799 0.5956916 17.62009 0.7204971 0 0.0
-0.0242523 0.03186229 -3.866019 -10.7768 0.5038485 0.5506479 0.7723115 17.72481 nan 0 0.0
-0.03622363 0.1231327 -3.269503 -9.301561 0.0770163 0.07263307 0.3604198 15.36294 1.112734 1 0.9995313
-0.05317913 -0.01343371 -7.050589 -10.28701 0.8952009 0.8528127 0.2100383 19.34779 0.7335625 0 0.0
0.07059876 -0.05962573 3.235806 -8.261991 2.894199 2.442486 -0.4291965 20.28466 nan 0 0.0
0.07098439 -0.06855622 -2.997199 -9.291441 0.3104463 0.284397 0.1385444 17.9683 0.7929516 1 0.9977743
0.01186266 0.165314 5.515984 -2.207588 0.6335628 0.6823934 0.7073518 18.80893 1.325209 1 0.0
0.002263653 -0.03657032 -3.772029 -9.112664 0.05990669 0.04731865 -0.0204543 13.73039 1.215075 1 0.9984534
