data/gcs/NGC_6341_M_92.ecsv
# %ECSV 0.9
# ---
# datatype:
# - {name: x, unit: deg, datatype: float64}
# - {name: y, unit: deg, datatype: float64}
# - {name: pmx, unit: mas / yr, datatype: float64}
# - {name: pmy, unit: mas / yr, datatype: float64}
# - {name: pmx_e, unit: mas / yr, datatype: float64}
# - {name: pmy_e, unit: mas / yr, datatype: float64}
# - {name: pm_corr, datatype: float64}
# - {name: g_mag, unit: mag, datatype: float64}
# - {name: bp_rp, unit: mag, datatype: float64}
# - {name: filter, datatype: int64}
# - {name: memberprob, datatype: float64}
# meta: !!omap
# - comments: [deg deg mas/yr mas/yr mas/yr mas/yr dimless mag   mag   zeroone float]
# - __serialized_columns__:
#     bp_rp:
#       __class__: astropy.units.quantity.Quantity
#       unit: &id001 !astropy.units.Unit {unit: mag}
#       value: !astropy.table.SerializedColumn {name: bp_rp}
#     g_mag:
#       __class__: astropy.units.quantity.Quantity
#       unit: *id001
#       value: !astropy.table.SerializedColumn {name: g_mag}
#     pmx:
#       __class__: astropy.units.quantity.Quantity
#       unit: !astropy.units.Unit {unit: mas / yr}
#       value: !astropy.table.SerializedColumn {name: pmx}
#     pmx_e:
#       __class__: astropy.units.quantity.Quantity
#       unit: !astropy.units.Unit {unit: mas / yr}
#       value: !astropy.table.SerializedColumn {name: pmx_e}
#     pmy:
#       __class__: astropy.units.quantity.Quantity
#       unit: !astropy.units.Unit {unit: mas / yr}
#       value: !astropy.table.SerializedColumn {name: pmy}
#     pmy_e:
#       __class__: astropy.units.quantity.Quantity
#       unit: !astropy.units.Unit {unit: mas / yr}
#       value: !astropy.table.SerializedColumn {name: pmy_e}
#     x:
#       __class__: astropy.units.quantity.Quantity
#       unit: &id002 !astropy.units.Unit {unit: deg}
#       value: !astropy.table.SerializedColumn {name: x}
#     y:
#       __class__: astropy.units.quantity.Quantity
#       unit: *id002
#       value: !astropy.table.SerializedColumn {name: y}
# schema: astropy-2.0
x y pmx pmy pmx_e pmy_e pm_corr g_mag bp_rp filter memberprob
[from data line 9962]
0.02579757 0.02875159 -8.340255 1.075861 1.738821 1.545337 0.2219777 20.08006 nan 0 0.0
0.006761272 0.0706891 2.035038 18.15227 2.445204 2.924626 0.359829 20.15726 0.7156467 0 0.0
0.04360327 0.03113444 -4.318119 -1.943447 0.7733405 0.7457631 -0.1746364 19.6722 0.6190815 0 0.0
-0.04471695 -0.05890306 -5.326491 -0.1614789 0.5440805 0.5931144 -0.0506227 19.24593 0.5951366 1 0.9981334
-0.2317147 -0.04037995 -3.182447 -1.993393 1.221859 1.457032 0.2638206 20.43274 1.05868 0 0.0
0.03204675 0.03955014 -4.668125 -0.4661672 0.4730395 0.9112032 0.4708214 18.86019 nan 0 0.0
0.05821761 -0.005730078 -6.069736 -1.66506 3.220499 4.350768 0.08548545 20.86077 nan 0 0.0
-0.01593235 -0.03308039 -3.637339 -1.976502 0.3983521 0.3609258 0.07190405 18.25381 0.585331 0 0.0
-0.07620981 0.1231387 -5.09847 -1.187685 0.3142884 0.3399949 0.2127059 18.59919 0.6267529 1 0.9941546
-0.02374985 -0.02433075 -11.22485 -0.7954014 2.733085 1.8783 -0.350644 19.96101 nan 0 0.0
0.003227918 0.005682574 -9.93072 -2.779367 1.018758 0.8421437 0.3705611 15.1099 0.5652494 0 0.0
0.02674986 -0.01102004 -6.214285 -4.296123 0.7821108 1.148291 0.4375367 19.12517 nan 0 0.0
-0.005125356 -0.0290196 -1.959795 -2.403537 0.7063656 0.6758648 0.01003058 18.49522 0.6969929 0 0.0
0.02559708 0.02913679 -4.988366 -1.942861 2.262905 2.145334 0.04342266 20.48945 nan 0 0.0
-0.046721 0.002293813 -4.257591 -1.840871 0.7468992 1.094745 0.4173771 19.64848 nan 0 0.0
-0.01407034 0.0217478 -5.476242 -1.23346 0.3747491 0.4028599 0.2949009 18.28964 0.701046 0 0.0
-0.000913929 0.00134137 -5.695916 3.372822 0.9849053 0.9747349 0.3472086 14.24358 0.6529264 0 0.0
-0.03941181 -0.05914704 -4.356426 -1.109569 0.6053707 0.6264971 -0.04410022 19.32925 0.5623894 0 0.0
-0.00547526 0.04440954 -4.838711 -0.661745 0.9127351 0.7129074 0.2605191 19.66334 0.6578541 0 0.0
0.07875557 0.02623341 -5.826311 -1.334495 1.176791 1.229641 0.1484676 20.40607 0.5871124 0 0.0
-0.0003128723 -0.04021213 -5.73233 -2.114285 0.9628121 1.041902 0.3053536 19.68875 nan 0 0.0
-0.01635574 -0.03320998 -5.23708 -0.8244461 0.8260011 0.891017 -0.2318021 19.40508 nan 0 0.0
0.01513625 0.02528809 -4.927045 -0.7654815 0.08003848 0.08042033 0.1774509 15.84492 -0.001818657 1 0.9998606
-0.1178104 0.1138856 -3.80482 -0.2035353 0.8910127 0.9904154 0.255507 20.01301 0.8492641 1 0.9708685
-0.04101886 -0.02897936 -4.378084 -1.354882 0.6640904 0.7202105 0.01420543 19.56063 0.5728817 0 0.0
-0.004629222 0.04972715 -4.003016 0.4652657 1.902255 1.693816 0.4906841 20.32865 nan 0 0.0
0.003361311 0.009543055 -2.109232 -0.9098695 0.4184265 0.3810185 0.1821323 16.07821 0.3269949 0 0.0
-0.01612624 -0.00786519 -5.079215 -9.761235 0.901921 1.104251 0.4968711 18.76949 nan 0 0.0
-0.006652532 0.06427277 -4.522372 -0.84623 0.4716963 0.4251521 0.2485466 18.94368 0.5737858 0 0.0
0.05578867 0.02010461 -4.71313 -1.035671 0.5454974 0.5515445 0.1824617 19.33962 0.5694771 0 0.0
-0.02676716 -0.04653486 -2.59986 -0.5823637 1.091601 1.113406 0.2701879 19.97618 nan 0 0.0
0.01503754 -0.02591661 -7.805628 -7.537537 0.7668725 0.6695155 0.3812942 18.35655 0.6467037 0 0.0
-0.1675373 -0.04112719 -2.238994 -6.021916 1.159554 1.363665 0.1975215 20.37436 1.741575 1 0.0006354314
0.02850234 0.004292953 -3.688889 -3.729252 2.033026 2.58238 0.5077324 20.0758 nan 0 0.0
-0.04733162 -0.009802126 -3.323569 -0.9711605 1.110338 1.635335 0.05157186 20.05134 0.4876423 0 0.0
-0.1047465 0.03247894 -4.974408 -1.001887 0.6904174 0.7616496 0.1583499 19.65407 0.7108383 0 0.0
0.1078755 0.09968796 -4.395043 -0.5241764 1.882464 2.127571 0.1109648 20.79323 0.9574776 0 0.0
0.0001328136 -0.03967426 -4.901869 -0.6184011 0.1892007 0.2001322 0.1951894 17.8808 0.648098 0 0.0
0.0005332568 0.03729488 -5.066376 -2.782652 1.571284 0.8975111 -0.202823 19.7952 nan 0 0.0
0.01344202 0.0363465 -3.445557 -0.004333314 0.5884597 0.4171938 -0.4636067 18.56719 nan 0 0.0
0.007018791 -0.04118066 -4.468101 0.4328036 0.5692986 0.4718586 0.2776398 19.12603 0.6107101 0 0.0
-0.02940423 -0.01522261 -4.719788 -0.3004253 0.1150708 0.1122255 0.2632221 16.67554 0.8791866 0 0.0
0.0769991 -0.01077905 -1.60294 -1.19893 1.072936 1.181259 0.1409753 20.30043 0.5799828 0 0.0
0.04817914 0.01476901 -8.310568 2.9898 1.317093 2.794181 -0.325573 20.01178 nan 0 0.0
-0.02115731 0.06370769 -5.18243 -0.4177828 0.1977185 0.2045068 0.2310206 17.87663 0.7218876 0 0.0
-0.03491611 0.1230935 -0.7031237 -5.686228 0.7498814 0.8216954 0.1894342 19.77152 0.6822472 0 0.0
-0.01785248 0.02985883 -9.805961 -5.720385 1.259977 1.53418 0.6381396 19.49878 0.3687439 0 0.0
0.01109504 -0.03096049 -7.678737 -2.428125 0.4132429 0.435806 0.3905495 18.44971 0.5795765 0 0.0
-0.04083897 -0.02650755 -3.909959 6.124035 1.583471 2.212155 -0.1412152 20.14101 0.633791 0 0.0
-0.01436719 -0.009914121 -1.671496 -0.9174101 0.4951735 0.3778513 -0.290776 18.07074 0.4762383 0 0.0
0.01091094 0.001830618 -2.20403 -1.875527 0.3316502 0.5059349 0.04004556 16.90236 0.6968269 0 0.0
0.04919173 0.1393882 -4.936229 -0.5970181 0.2606761 0.2742967 0.1633255 18.3373 0.6095619 1 0.9989005
0.0384099 0.007109806 3.842374 5.760078 1.432063 2.39543 0.3723129 19.8266 nan 0 0.0
0.05360176 0.02602307 -4.740099 0.5898833 0.6647008 1.003682 0.162315 19.63669 0.6114521 0 0.0
0.04070679 0.03546976 -4.33219 -1.054536 0.3648886 0.3853957 0.02594062 18.83293 0.6205883 0 0.0
-0.029532 -0.003038408 -5.84287 -1.303586 0.1228876 0.1321942 0.1931055 16.90874 0.8429661 0 0.0
0.009245012 -0.02628779 -5.22181 0.4469013 0.2209857 0.2177718 0.2409006 14.95585 0.4822311 0 0.0
0.03810171 0.001418084 -4.914139 -0.2650699 0.6810269 1.082822 0.433101 19.48644 nan 0 0.0
0.02699979 0.02826383 -5.052863 -1.733886 0.482668 0.4596913 -0.01654866 18.7371 0.5997734 0 0.0
-0.01520354 0.0304265 -4.265406 6.01302 1.436587 1.852726 0.7103371 19.35075 nan 0 0.0
-0.03954729 -0.02732093 -5.230671 -1.028772 0.5056634 0.6748838 0.2047278 19.00751 0.6537457 0 0.0
0.00372004 -0.03106438 -6.074989 -1.573838 0.6900332 0.8634597 0.3844962 19.3523 nan 0 0.0
0.0477912 -0.03014937 -5.056717 -1.150457 0.3168698 0.2882198 0.1853382 18.45474 0.5987644 0 0.0
-0.01738876 0.01678955 -6.933098 -4.062136 0.9636564 1.239906 0.6833507 19.05308 nan 0 0.0
-0.1876885 0.02960271 -4.272154 -2.947902 1.21491 1.480286 0.2877013 20.21948 0.674511 1 0.8121933
-0.000156881 -0.03988025 -2.45872 -0.3372992 1.530841 2.021381 -0.03194851 20.03872 nan 0 0.0
-0.0307222 0.0216776 -5.758906 -2.9841 1.029338 1.335365 0.5717284 19.54395 0.5940723 0 0.0
0.04652624 0.08015545 -5.052856 -1.069266 1.309987 1.249811 0.07797856 20.26359 0.8158665 0 0.0
0.02985949 0.006765525 -9.671743 -2.665375 1.829883 1.156592 -0.0492701 19.21736 nan 0 0.0
0.02822736 0.06923804 -6.226852 3.943841 2.546299 3.288806 0.2127644 20.89952 1.005194 0 0.0
-0.008265845 -0.02139367 -4.651119 -0.3504044 1.085355 0.8301277 0.007958217 18.13081 0.707243 0 0.0
-0.0308561 0.02102917 -5.937656 9.714327 0.6242409 0.7750878 0.402391 18.006 0.6780491 0 0.0
-0.03908221 -0.03169287 -4.950103 -0.496407 0.677246 0.6696161 -0.07811161 19.15326 0.59758 0 0.0
-0.04233209 -0.05932819 -4.717484 -0.5562563 0.1565371 0.1737256 0.1985511 17.36081 0.8342113 1 0.9997027
-0.04526805 -0.02040092 -7.539923 -0.8306223 1.283798 1.386052 -0.008252019 20.28179 nan 0 0.0
-0.1551223 0.1175243 -5.542518 -0.8265515 0.6764993 0.7955256 0.328649 19.63839 0.541069 1 0.9821123
-0.1002455 -0.1006197 -5.850262 -0.4155006 0.9787419 1.156823 0.1948542 20.15388 0.5577335 1 0.9835242
0.03881116 0.006396711 -2.736056 -0.7656595 1.99223 2.667541 0.4423704 20.21786 0.4550896 0 0.0
-0.008591319 0.04039683 -4.855046 -2.183168 1.208423 1.48009 0.5810119 19.61099 nan 0 0.0
-0.008491278 -0.04055868 -7.896756 2.742088 0.9378145 0.8811008 0.01276505 18.42217 nan 0 0.0
-0.03035212 0.004827901 -4.894611 -0.2316443 0.1240989 0.147651 0.2952391 17.14044 0.8537788 0 0.0
0.01523016 0.09494063 -1.575428 -0.217638 0.5275382 0.5546536 0.1554914 19.40585 0.8334923 0 0.0
0.007553591 -0.04091357 -8.433806 2.116066 0.9455472 0.9078155 0.2886482 19.59665 nan 0 0.0
-0.1687247 0.0292842 -5.489124 0.5723776 0.7186209 0.8292537 0.286978 19.77961 0.7388248 1 0.9666527
0.08469233 -0.001064284 -3.612701 -1.376168 0.5403552 0.5154239 0.141695 19.3612 nan 0 0.0
-0.0002015487 -0.07005831 -3.897629 -1.228145 1.449398 1.849711 0.1968359 20.59594 0.5782204 0 0.0
0.1207051 0.1328884 2.581635 -11.94382 0.9405306 0.9750967 0.1808777 20.22179 1.653015 0 0.0
-0.03915106 -1.557979e-05 -5.95837 0.005093309 0.7402212 1.118522 0.3901859 19.58237 0.7948513 0 0.0
0.03464828 -0.03491515 -7.855733 -5.495729 0.6557769 0.6744777 0.2250672 19.3024 0.2721043 0 0.0
-0.008847855 -0.0407341 -9.179238 6.730782 0.6874525 0.6700551 0.04062924 18.68336 nan 0 0.0
-0.07762342 0.02518292 -2.102601 7.767716 1.331679 1.409023 0.1973039 20.23451 0.697546 0 0.0
-0.0004020136 -0.04080722 7.004745 3.1828 2.45296 3.482313 -0.1231572 20.52249 nan 0 0.0
-0.03509413 0.006669123 -6.064276 -0.5991427 0.5945454 0.8871334 0.4469414 19.34508 0.3481216 0 0.0
0.0611101 0.1303849 -5.316897 -0.7169517 0.3572371 0.3745154 0.1985495 18.82303 0.5782089 1 0.9972536
-0.001314855 -0.002397026 -2.128531 3.72823 1.130823 0.9638517 0.3172723 14.92647 nan 0 0.0
0.014219 0.04492974 -1.024382 1.406225 0.8022928 0.839033 0.2542554 18.62226 0.591259 0 0.0
-0.004917471 0.06240341 -5.528733 -0.1789739 0.426392 0.3836286 0.1909702 18.76917 0.5797958 0 0.0
-0.0552966 -0.04932335 -6.963492 -1.367854 1.603796 1.857826 -0.006707213 20.54664 0.6812077 0 0.0
0.02617627 0.02806892 -0.4715624 -1.706061 0.787848 0.4918575 0.04189182 18.99092 nan 0 0.0
0.02993139 -0.00364475 -0.87861 7.605543 1.107292 1.884293 0.5405961 19.83993 0.4296398 0 0.0
-0.06896198 0.1645767 -5.44402 -2.965926 2.092002 2.708566 -0.1740363 20.79404 0.7912159 0 0.0
0.1149801 0.03424829 -4.113669 -3.396161 1.324918 1.345212 0.07484909 20.44245 0.6507492 0 0.0
-0.06959636 -0.06108091 -3.686067 -0.5301728 0.7172836 0.8043716 0.06429476 19.66835 0.5982761 1 0.9878963
0.04315301 0.03833627 -4.414768 -0.6428627 0.3871727 0.4049525 0.06116525 18.91446 0.6467094 0 0.0
0.05612166 -0.003122783 -6.62413 -2.252519 0.757549 1.005486 0.2899162 19.56301 0.6207657 0 0.0
-0.007505017 0.006251339 -2.838762 -10.10616 0.4421312 1.080117 -0.4638599 16.37215 nan 0 0.0
-0.01259253 -0.0449525 -4.92605 -1.171934 0.3184007 0.3180871 0.04839379 18.57818 0.5430508 0 0.0
-0.09902794 0.03143562 -4.45162 -0.5704541 0.7900502 0.8697181 0.2309375 19.95178 0.8107281 1 0.9944869
-0.175818 0.1167145 0.2078605 -10.43747 0.8877949 0.9796777 0.3101559 19.87273 2.432579 0 0.0
-0.06698733 0.1223879 -2.459278 -1.266412 1.931294 1.920165 0.06798548 20.61536 0.7900429 0 0.0
-0.01259987 0.1351926 -4.178812 -0.3099127 0.9126772 0.9565418 0.2521457 20.05288 0.5242767 1 0.9872525
0.0067696 -0.004498563 -5.203129 -3.50936 0.2790098 0.2356948 0.1042509 16.46659 0.68396 0 0.0
0.006127814 -0.045293 -5.664419 0.9421141 1.113242 1.590701 0.1785832 19.72649 nan 0 0.0
-0.0126062 -0.003166309 -9.598954 -3.987199 0.584018 0.8823449 0.5970022 17.45418 nan 0 0.0
-0.03003116 -0.0217874 -4.833549 -0.2926946 0.1222612 0.1266019 0.2542935 17.05226 0.8566799 0 0.0
-8.995693e-05 0.008642694 -16.54133 8.088914 0.9575581 0.9006937 -0.5230449 16.54778 nan 0 0.0
0.1158289 0.03263627 -5.694746 -1.533907 0.8031478 0.8643869 0.1891468 19.92779 0.5246334 1 0.9885261
-0.05983209 -0.0150669 -6.649682 -1.46867 1.103872 1.439238 0.3643667 20.27585 0.3403683 0 0.0
0.0009571654 -0.02931353 -4.004358 -1.39297 0.8780543 0.7632973 0.07839509 19.4193 nan 0 0.0
0.01137081 0.04365885 -3.87129 -0.6776027 0.8613192 0.6416816 0.2788642 19.39663 0.5729733 0 0.0
-0.03045157 -0.01602319 -4.757939 -1.068932 0.06705629 0.06949809 0.1927229 15.34092 0.1365252 1 0.9894349
0.01515477 0.1298412 -1.521398 -0.3187929 2.08745 2.453579 -0.007633689 20.81631 0.9702644 1 0.8854799
-0.0168 -0.02820116 -5.703892 -0.08724661 0.3366343 0.3172662 -0.2614177 18.00679 0.6503277 0 0.0
-0.02042947 -0.02171507 7.390538 -5.543335 1.990821 2.730956 -0.09573815 19.62243 nan 0 0.0
0.01478524 0.003971477 -4.845126 -2.051275 0.4880992 0.7255943 0.07952729 18.4612 nan 0 0.0
-0.1284259 -0.06156178 -6.894586 -2.037148 1.434559 1.865124 0.3553083 20.56818 0.7272987 0 0.0
0.02235265 0.1357409 -4.184642 1.009316 1.751426 1.745758 0.1758798 20.72295 0.6611919 0 0.0
-0.01649535 0.02739797 -8.405607 7.304132 1.357114 1.737469 0.4226724 19.00632 0.6078625 0 0.0
-0.04405469 -0.005970802 -5.711211 -1.627819 0.7106791 0.8171831 0.195889 19.55655 0.6019421 0 0.0
0.04236285 -0.009725661 -4.707981 -0.4952748 0.6002046 0.9915286 0.2464161 19.18097 nan 0 0.0
0.02444527 0.07056392 -2.705063 0.9676228 0.801462 0.6951524 0.3050073 19.58894 0.657114 0 0.0
-0.03726892 -0.05432279 -5.648226 -0.4234479 0.4285131 0.487161 0.06269376 18.96023 0.6573658 0 0.0
0.07116698 0.0244083 -6.371082 -0.2457216 1.230157 1.233203 0.07527642 20.42201 0.5794353 0 0.0
-0.1225736 0.03323307 -5.11903 -1.096742 0.4371441 0.5372156 0.2748787 19.11507 0.6657372 1 0.9964364
-0.07426076 0.02626593 -4.586836 2.725973 1.624925 2.000243 -0.02747474 20.70374 0.4266281 0 0.0
0.01638088 0.03258974 -9.372367 0.7920162 0.7170311 0.7104643 0.1169872 18.45053 0.6734257 0 0.0
-0.0112365 -0.06364096 -3.726074 0.1040627 0.8937584 0.6620651 0.2794602 19.64548 nan 0 0.0
-0.01961101 -0.03986185 -4.326717 -0.8407078 0.6643922 0.5010666 -0.3390977 18.92112 nan 0 0.0
-0.01640306 0.03950961 -4.632268 -0.5434319 0.2415812 0.2751284 0.302201 17.77653 0.7566528 1 0.9995853
0.02731442 0.02153866 -12.53472 -2.942438 0.7180229 0.7433953 0.05773106 18.59568 0.5287666 0 0.0
0.006568076 0.005579845 -4.900514 -0.9596925 0.2174527 0.1851456 0.004544941 14.35441 0.9573555 0 0.0
0.01119787 0.01585731 -7.570843 5.243714 2.46692 2.01602 -0.0811868 18.7751 nan 0 0.0
-0.04111241 -0.002409923 -5.652489 -1.083889 0.4537857 0.5777826 0.3889491 18.96466 nan 0 0.0
0.02961943 -0.003301579 -5.365391 2.382857 1.188247 1.971655 0.577355 19.83666 nan 0 0.0
-0.02020012 -0.06934163 -4.831034 -0.6517516 0.3568645 0.3719037 0.1745532 18.79555 0.6102276 1 0.9993366
-0.039111 -0.04188191 -4.446481 -2.643572 0.7502747 0.8326648 -0.09396756 19.5376 nan 0 0.0
-0.03062033 0.002825318 -4.897584 -0.69232 0.161766 0.1806086 0.2077023 17.41995 0.7790737 0 0.0
0.0007343619 -0.02934024 -6.29204 -1.448316 1.393231 2.804141 0.3579554 19.70334 nan 0 0.0
0.07384871 0.1260121 -2.336554 1.398082 1.1614 1.296444 0.3638932 20.29454 0.7791462 0 0.0
0.1401357 0.1770736 -2.838773 -4.591372 0.6463267 0.6624729 0.1204571 19.63036 1.814711 1 0.0
-0.02638502 0.01271104 -5.090429 -0.3078823 0.3292639 0.5019298 0.4306519 18.47874 nan 0 0.0
0.02428613 0.1349444 -4.445814 -0.9872032 0.4898121 0.5066378 0.132196 19.09599 0.7088661 1 0.9931056
-0.0009574715 0.06484462 -4.839902 0.2892596 0.3788975 0.370446 0.2286022 18.65764 0.5211105 0 0.0
0.04403107 0.02433696 -6.179161 3.421991 1.039212 1.485901 0.03936205 20.06079 nan 0 0.0
-0.04701306 0.02790974 -1.909186 -4.139956 1.03962 1.254134 0.3579621 20.09258 0.6544533 0 0.0
0.002583767 -0.0324835 -8.776837 -1.599867 1.501893 0.8882942 0.2307916 19.59334 nan 0 0.0
-0.04349 0.005121936 -4.971571 -0.1439032 0.1466242 0.1668117 0.2435458 17.39382 0.8237572 1 0.9994133
0.02955224 -0.002523414 -2.745803 2.369017 1.631521 3.995904 0.6153663 20.15483 nan 0 0.0
0.06521736 0.009146684 -5.078046 -0.3903852 1.09041 1.210872 0.09062897 20.27093 0.499239 0 0.0
-0.01482003 0.142895 -4.571269 -0.8489159 0.3957296 0.4129892 0.1670032 18.90691 0.672657 1 0.9957011
-0.04455974 0.09536698 -5.210449 -0.5989013 1.123189 1.11927 0.2413118 20.09588 0.5009212 0 0.0
-0.03044306 0.001074283 -5.284332 -0.4475523 0.1087586 0.1268416 0.3523704 16.6059 0.8848953 0 0.0
-0.0200805 -0.04450418 -5.045469 -0.338094 0.3879171 0.3715446 0.05918843 18.79486 0.467535 0 0.0
-0.03243887 -0.02504011 -3.713809 -0.4890413 0.7262454 0.5920904 -0.3014879 19.19666 nan 0 0.0
-0.06041197 0.05176337 -5.657921 1.40249 4.172715 3.52179 0.2439642 20.89454 0.7033215 0 0.0
-0.03223693 0.01992744 -6.59358 -2.398094 2.649704 4.128101 0.3334244 20.89012 nan 0 0.0
