data/gcs/NGC_6171_M107.ecsv
# %ECSV 0.9
# ---
# datatype:
# - {name: x, unit: deg, datatype: float64}
# - {name: y, unit: deg, datatype: float64}
# - {name: pmx, unit: mas / yr, datatype: float64}
# - {name: pmy, unit: mas / yr, datatype: float64}
# - {name: pmx_e, unit: mas / yr, datatype: float64}
# - {name: pmy_e, unit: mas / yr, datatype: float64}
# - {name: pm_corr, datatype: float64}
# - {name: g_mag, unit: mag, datatype: float64}
# - {name: bp_rp, unit: mag, datatype: float64}
# - {name: filter, datatype: int64}
# - {name: memberprob, datatype: float64}
# meta: !!omap
# - comments: [deg deg mas/yr mas/yr mas/yr mas/yr dimless mag   mag   zeroone float]
# - __serialized_columns__:
#     bp_rp:
#       __class__: astropy.units.quantity.Quantity
#       unit: &id001 !astropy.units.Unit {unit: mag}
#       value: !astropy.table.SerializedColumn {name: bp_rp}
#     g_mag:
#       __class__: astropy.units.quantity.Quantity
#       unit: *id001
#       value: !astropy.table.SerializedColumn {name: g_mag}
#     pmx:
#       __class__: astropy.units.quantity.Quantity
#       unit: !astropy.units.Unit {unit: mas / yr}
#       value: !astropy.table.SerializedColumn {name: pmx}
#     pmx_e:
#       __class__: astropy.units.quantity.Quantity
#       unit: !astropy.units.Unit {unit: mas / yr}
#       value: !astropy.table.SerializedColumn {name: pmx_e}
#     pmy:
#       __class__: astropy.units.quantity.Quantity
#       unit: !astropy.units.Unit {unit: mas / yr}
#       value: !astropy.table.SerializedColumn {name: pmy}
#     pmy_e:
#       __class__: astropy.units.quantity.Quantity
#       unit: !astropy.units.Unit {unit: mas / yr}
#       value: !astropy.table.SerializedColumn {name: pmy_e}
#     x:
#       __class__: astropy.units.quantity.Quantity
#       unit: &id002 !astropy.units.Unit {unit: deg}
#       value: !astropy.table.SerializedColumn {name: x}
#     y:
#       __class__: astropy.units.quantity.Quantity
#       unit: *id002
#       value: !astropy.table.SerializedColumn {name: y}
# schema: astropy-2.0
x y pmx pmy pmx_e pmy_e pm_corr g_mag bp_rp filter memberprob
[from data line 6600]
0.1166633 0.006214766 -0.5378599 -5.189898 1.292889 0.7325235 0.1158348 19.97642 1.291502 1 0.897868
0.01174787 0.02536415 -3.500614 -5.194338 2.641763 1.534184 -0.09151995 20.47137 nan 0 0.0
0.02786021 0.003534204 -1.041288 -5.632293 0.414381 0.2654788 -0.1292767 17.86602 nan 0 0.0
0.04766927 -0.02560643 -1.530761 -5.976397 1.464648 0.7663024 0.0343894 19.72357 1.322628 0 0.0
0.1397342 0.007206064 -3.336323 -2.422987 2.155277 1.335347 -0.1344258 20.39667 1.334558 0 0.0
-0.01382508 0.08537301 -3.646655 -5.257852 1.685205 1.047297 -0.06408274 20.12176 1.145807 0 0.0
-0.03597032 0.01275423 -1.194508 -5.387932 0.8535984 0.4917447 0.07616525 19.09459 1.00643 0 0.0
0.02345862 -0.01357998 -1.384888 -6.686275 0.2636392 0.1710725 -0.06625931 17.48902 1.384912 0 0.0
-0.134227 0.03493338 -6.470067 -4.723624 0.4041576 0.2480473 0.005883138 17.94778 1.282185 1 0.0
0.01299974 0.08511556 -4.19284 -4.189139 3.270183 1.856781 -0.0432362 20.65404 0.8788509 0 0.0
0.0388047 0.02938112 4.06651 -5.068386 0.2094144 0.1403638 -0.125805 17.23604 1.255316 1 0.0
0.07168115 0.00254214 -0.9717831 -5.237457 1.491789 0.8763473 0.01546736 20.15763 1.295603 0 0.0
0.01968658 0.0284669 -1.102563 -11.4256 3.742275 2.168087 -0.4548005 20.46495 nan 0 0.0
0.02100609 -0.01375047 -3.517982 -5.203885 3.057734 1.964343 0.516406 20.3006 nan 0 0.0
0.1593439 -0.01130423 -7.959182 -19.09365 1.812394 1.129503 -0.07968183 20.34449 1.880903 0 0.0
0.03340274 -0.01130947 -8.195306 -4.730229 0.4241241 0.3386042 -0.1769707 17.77487 nan 0 0.0
-0.1352217 0.03255915 8.33851 -1.708635 0.9394963 0.5499797 0.08105726 19.03211 2.43428 0 0.0
0.1189504 -0.09045454 3.983637 -4.942813 1.329279 0.7384121 0.1454423 19.86706 1.36265 0 0.0
0.03907842 -0.02591582 -0.1056542 -8.697896 2.044785 1.556336 -0.445815 20.0742 nan 0 0.0
0.03272618 0.04294801 -2.224832 -5.752897 0.2871523 0.185771 -0.1152469 17.67924 1.504913 1 0.9982088
-0.0001152339 0.008824852 -3.443704 -7.24142 1.547683 1.080418 -0.02341152 19.69466 nan 0 0.0
-0.0187556 0.003324301 -4.377484 -3.357621 1.287875 0.9725754 -0.4123799 19.04454 1.348101 0 0.0
-0.03728152 0.03303106 -0.4026465 -5.644306 2.321192 1.455755 0.03735788 20.4146 0.7165737 0 0.0
0.03043627 0.03983265 -5.539913 -6.488499 1.797276 1.17316 -0.282678 20.09568 1.38109 0 0.0
0.1289874 -0.1051042 1.174959 -2.689682 1.445795 0.9422307 0.09765985 19.34875 1.998968 0 0.0
-0.004335781 -0.05540896 -1.788955 -5.879821 0.05056941 0.03224662 -0.08454219 13.38875 1.848156 1 0.9995946
-0.02141714 0.0120359 0.9057104 -7.764291 2.467816 1.291791 0.07564101 20.04416 1.306534 0 0.0
-0.0009772455 -0.03202197 -3.186155 -8.464386 1.195686 0.8193875 -0.07982204 19.69323 1.154297 0 0.0
-0.01698421 -0.03272827 -2.207981 -4.693258 1.59712 0.9929911 -0.07866523 20.13441 0.8852692 0 0.0
0.009205108 0.007511471 -1.689718 -6.654694 0.4511365 0.2929719 -0.05300334 18.40296 nan 0 0.0
-0.05074847 0.09551718 -0.1467848 -1.671446 0.4013908 0.2448136 0.1007267 17.87617 1.395885 1 0.0
-0.1541969 0.01767262 -5.076732 -1.594621 2.733473 1.457955 0.05326622 20.4784 1.161974 0 0.0
-0.05921546 -0.004660522 -4.599206 -6.05406 1.662587 1.103244 -0.1743413 20.07834 0.914608 0 0.0
0.04630086 0.04835126 -3.087483 -7.768967 1.927996 1.13523 0.05374584 20.26282 1.162178 0 0.0
0.02081647 0.02907048 -1.157167 -3.011358 2.016042 1.280844 -0.2085567 20.30261 1.59 0 0.0
-0.01487608 0.006292399 -1.78936 -6.066836 0.4099764 0.2904026 -0.1225416 18.28694 1.035633 0 0.0
0.009605229 -0.02417914 -1.242961 -6.057495 0.4892155 0.3165035 -0.06385795 18.5878 1.250376 0 0.0
-0.05180589 -0.03883282 -2.388413 -6.286926 0.7782968 0.3741909 0.003859523 18.70669 1.178476 1 0.9927674
0.004670519 -0.03322174 -2.043164 -6.328625 0.4728476 0.3137312 -0.1255203 18.53913 1.161205 0 0.0
-0.1054239 0.05462927 -5.180112 -6.593119 1.9287 1.102708 0.04680834 19.90023 1.100863 0 0.0
0.04917685 0.006631277 -2.051147 -6.166198 1.059338 0.7012124 -0.06764426 19.6355 1.053349 0 0.0
-0.0649679 0.05193383 1.118891 -5.928526 2.036497 1.183538 0.1044274 20.24606 1.155354 0 0.0
-0.02121907 -0.04400008 -1.721209 -6.003028 0.7020294 0.4552498 -0.09562829 19.10559 -0.4905891 0 0.0
-0.03212064 0.01609453 -0.3494535 -7.895102 1.581066 0.764021 -0.1943525 19.15153 1.138975 0 0.0
0.01937194 -0.00280978 -3.320955 -5.61695 0.9956027 0.6695717 0.03572646 19.43733 1.551617 0 0.0
-0.01826174 -0.04159467 -1.857971 -6.153041 0.6863493 0.4478252 -0.07239367 19.04398 1.243189 0 0.0
0.05957335 -0.03045559 -0.3502772 -6.515824 1.050755 0.6833903 -0.003116356 19.65953 1.262768 0 0.0
0.003734848 0.01097631 -2.142215 -6.385049 1.047803 0.6799558 0.1035463 19.37342 1.168703 0 0.0
0.03447571 0.008561141 -1.699182 -6.410945 0.9194151 0.6025067 -0.1129734 19.42876 1.10342 0 0.0
-0.01732536 -0.04258738 -0.922939 -5.283719 1.555937 1.004547 -0.08927952 20.06503 1.124908 0 0.0
-0.02767626 0.01968947 -2.985407 -6.570667 1.228921 0.7363383 0.06841108 19.54887 nan 0 0.0
0.1182895 -0.1052791 -6.214191 -4.858574 1.37325 0.8225579 0.139428 19.8975 1.354229 0 0.0
-0.05870275 0.02711794 -1.1003 -5.172279 2.158223 1.232764 0.04279096 20.2182 1.057438 0 0.0
0.1117933 0.01868059 1.757424 -6.515655 4.062924 1.849753 0.1042071 20.51691 1.338736 0 0.0
0.02927603 0.03460189 -1.686267 -8.286788 1.981084 1.417577 -0.3835658 20.22154 1.14879 0 0.0
0.001876425 -0.02527378 -3.328079 -6.715426 4.386424 2.34185 0.008115497 20.84108 0.9315987 0 0.0
0.03557545 0.006659358 -1.794318 -5.637114 0.4444538 0.2634907 0.01082089 18.37831 1.306513 0 0.0
0.07581461 -0.09050239 -9.167702 -10.20517 0.7072142 0.4692778 -0.09293982 19.12534 1.341545 1 0.0
0.07709781 0.02153866 4.3226 -5.777174 4.265442 2.594859 -0.3248358 20.79097 1.346613 0 0.0
0.03375608 -0.03616799 0.9020776 -6.907589 1.102366 0.6783888 -0.06658225 19.52376 1.314411 1 0.8801738
-0.01191917 0.03126929 -2.725165 -5.916418 0.6625678 0.3926241 -0.008543052 18.81171 1.256842 0 0.0
0.03675991 0.0749966 0.5229982 -4.623375 1.065679 0.6249741 0.1385774 19.64196 1.261957 1 0.6767515
0.03874611 0.03494677 -0.02074877 -7.213903 4.137798 2.917373 -0.1518923 20.79257 1.000566 0 0.0
0.06185168 0.04633656 -2.105377 -7.151595 0.5797396 0.3499055 -0.0168711 18.86996 1.225424 1 0.7359103
0.05562828 0.00686642 -1.580772 -5.565397 0.5124235 0.3178888 0.05244059 18.75193 1.194752 1 0.9950635
0.1044729 0.003197072 -4.847116 -6.889031 2.904853 2.07992 -0.5814832 20.50739 1.240566 0 0.0
0.03023345 -0.03818551 -3.201609 -5.922821 1.416706 0.8190634 -0.04823587 19.89352 0.9736862 0 0.0
-0.05297928 0.09681466 -1.908566 -5.972525 0.1879191 0.1155744 0.08252708 16.68565 1.551578 1 0.9985829
-0.04148494 0.01033962 -1.145484 -7.535744 1.64931 0.9610706 0.03107313 20.00592 1.238281 0 0.0
-0.003147571 -0.001771443 -3.002512 -6.80439 0.4648441 0.3479896 0.07487858 17.99175 nan 0 0.0
0.03386324 -0.01340762 -1.922713 -6.025943 0.1383252 0.09068029 -0.1209561 16.21471 1.55952 1 0.9997676
-0.03367842 -0.006626967 -3.459849 -8.408378 0.8431886 0.6149916 -0.06180031 18.37956 1.194653 0 0.0
0.001371333 0.01988938 -2.687754 -5.767983 0.5660346 0.3739334 -0.06864828 18.77369 1.402538 0 0.0
0.09399835 0.0557926 -2.774179 -12.28279 1.420787 0.7461534 0.09385581 19.99287 1.806667 1 0.0
0.003037033 0.08030079 -5.137215 -3.220491 3.247797 2.341938 -0.4626295 20.62608 0.7113609 0 0.0
-0.05144607 0.08921802 0.3291126 0.6907386 0.1956615 0.1173 0.03174443 16.91457 1.326452 1 0.0
0.01574754 0.03653717 -12.92467 -7.742575 3.278932 2.160454 -0.04576344 19.97126 0.9111614 0 0.0
0.01997376 0.08705964 -3.934765 -4.499949 2.043644 1.249518 -0.08485989 20.35239 1.572641 0 0.0
0.03604019 0.03359487 -4.268049 -5.927175 1.653026 1.101113 -0.1984831 20.00067 1.109804 0 0.0
0.02176028 -0.05741545 -1.575344 -4.916862 3.299312 1.92104 -0.05335941 20.56886 1.362129 0 0.0
0.004448967 0.04381416 -0.94551 -5.229387 1.707289 1.011897 0.01611469 20.05107 1.498274 0 0.0
-0.02079203 0.002874957 -1.978485 -5.812928 0.6531659 0.4671641 -0.05490576 18.81058 1.225567 1 0.9977352
-0.02485672 0.06903191 -4.076671 -0.6090323 2.641414 1.770865 -0.1659575 20.54347 1.07987 0 0.0
0.03960308 0.001858903 -1.103468 -5.411729 0.8366219 0.5893158 -0.195421 19.29263 1.114012 0 0.0
-0.1191653 0.03126564 -0.872936 -2.490547 2.585738 1.52162 -0.09124133 20.44661 1.439466 0 0.0
-0.007593274 0.03873196 -0.7882476 -5.588218 2.29005 1.416899 -0.07869966 20.5222 nan 0 0.0
0.1006228 -0.1061133 -1.692453 -6.222773 1.147015 0.7094353 0.08960984 19.80162 1.267761 1 0.9163299
0.04722281 0.04926185 -0.2846653 -5.66714 0.8463451 0.5008659 0.05795061 19.3487 1.282278 1 0.9676668
0.04106938 -0.0299664 -2.154248 -4.494612 1.293444 0.7719133 -0.07673909 19.71332 nan 0 0.0
-0.002761099 -0.001484383 -2.983617 -5.985382 0.4538004 0.2964632 0.03683947 18.02197 nan 0 0.0
-0.03602667 -0.008619524 -1.64971 -7.084028 0.9728896 0.6780073 -0.2305635 19.3995 0.9671211 0 0.0
-0.02615024 0.06846338 -5.737591 -0.8416837 2.835559 1.950109 -0.1219258 20.75338 0.8594303 0 0.0
-0.03375592 0.01666556 -1.070733 -7.671571 1.898631 1.117259 0.1587021 20.01088 nan 0 0.0
0.0188071 -0.00282881 2.014305 -5.250336 2.153688 1.276444 0.07502972 19.33791 1.08602 0 0.0
0.05876447 0.005575373 2.745914 0.278331 0.1401167 0.08665146 0.01817342 16.61136 1.142164 1 0.0
0.05258806 0.04024568 -1.579099 -5.882944 0.7491113 0.4819152 -0.193312 19.09458 1.205568 0 0.0
0.008611125 0.02524125 -2.081876 -6.721999 1.148821 0.7955992 -0.009235858 19.58895 1.103521 0 0.0
-0.03432788 -0.0394468 -0.6620579 -3.609184 1.746402 1.033976 -0.1705701 20.08237 1.021166 0 0.0
0.09398349 0.01660422 1.346519 -6.241508 2.438465 1.328903 0.04453106 20.51043 1.046976 0 0.0
0.1200976 0.03775781 5.308784 -4.466975 1.992001 1.279693 -0.1500484 20.04898 1.641727 0 0.0
-0.06959934 0.0790808 -4.669446 -1.13481 0.8058904 0.4700651 0.1202717 19.04081 1.602335 1 0.0
0.1196056 0.004212551 -2.165157 -2.966077 1.65726 0.8658895 0.2102664 20.04197 1.279987 1 0.05672165
0.04419098 -0.02758085 -2.07416 -6.310377 0.6055745 0.3979947 -0.1012749 18.80672 1.325573 0 0.0
0.08947905 -0.1066288 -6.067255 -2.643428 0.618759 0.4178558 -0.08067863 18.96846 1.76527 1 0.0
-0.1271488 -0.02603986 -2.531491 -4.459663 0.3388296 0.2170338 0.07717594 17.85617 1.350046 1 0.0
-0.06489605 -0.05180111 -3.550381 -5.470658 1.595968 1.062172 -0.2036496 20.08343 0.8135662 0 0.0
-0.03406029 -0.03996556 -1.771162 -5.65964 0.4112827 0.2642812 -0.08513493 18.25282 1.227308 0 0.0
-0.05308159 0.08844043 -1.014946 -2.881636 0.3123315 0.1882293 0.02793218 17.73866 1.360479 1 0.0
-0.01353851 0.0111257 5.488715 -11.96546 1.787154 1.245877 -0.6135811 19.1802 nan 0 0.0
0.01664917 -0.04121309 -2.200729 -5.513745 0.3086427 0.2027334 -0.08656319 17.94294 1.38765 1 0.9949074
-0.05099673 0.001123439 -2.847554 -5.916252 0.9044925 0.5789812 -0.01125544 19.36648 1.054054 0 0.0
-0.003191773 -0.03197431 4.609064 -8.40542 0.9289619 0.6428105 -0.1014913 18.88519 1.21093 0 0.0
0.0403009 -0.09395111 -2.554267 -5.123158 1.80471 1.117219 -0.1789058 20.19985 1.157179 0 0.0
0.01476532 0.01940447 -1.33958 -6.618536 0.6331136 0.4388909 0.009812274 18.84475 1.280321 0 0.0
-0.003816416 -0.005217078 -3.953092 -5.539061 1.224226 0.5562313 -0.1280404 18.78593 nan 0 0.0
-0.008276969 0.03333796 -30.2627 -25.71736 3.307007 1.869776 0.4524005 19.81444 nan 0 0.0
-0.01196077 -0.03067853 -0.3566992 -5.630234 1.863277 1.195486 -0.1043554 20.18933 0.8414764 0 0.0
-0.03303361 -0.04885271 -2.301984 -5.465943 0.5126472 0.3418983 -0.08689064 18.61197 1.227633 0 0.0
-0.001913891 0.006877442 -3.16878 -6.437454 0.919379 0.5629521 0.1022691 19.08978 nan 0 0.0
-0.02339124 -0.01939166 0.2927355 -5.760341 0.205481 0.1328608 0.03457479 17.05999 1.511688 1 0.0
0.02678882 -0.006813044 1.091319 -8.383231 1.898921 1.295116 -0.05275552 20.22238 nan 0 0.0
-0.005704256 -0.001521627 -0.002109047 -6.823861 0.5188799 0.3649105 -0.2253955 17.82155 nan 0 0.0
0.03520248 -0.002847768 -1.896976 -6.957216 1.695106 1.140403 -0.07951808 20.18048 1.344479 0 0.0
0.1620068 0.01486478 -1.95092 -4.293744 0.9407448 0.5488552 0.03648177 19.49538 1.330873 1 0.2013707
0.01993516 -0.0229438 0.2455156 -7.027349 1.612604 1.0812 0.1756387 19.95824 1.185266 0 0.0
0.1121162 -0.08844768 -6.272193 -3.126308 1.701129 0.7478942 0.5093663 19.39576 1.531662 1 0.0
0.03633635 0.02565644 -3.531701 -1.871294 0.7789203 0.5353738 -0.3299538 19.07989 1.24033 0 0.0
-0.04536442 -0.07217009 -2.484903 -4.630545 0.5726092 0.3916907 -0.06283687 18.74907 1.188715 1 0.5234966
-0.002107141 0.007537383 -1.33961 -6.001162 0.5475727 0.3485851 0.1054891 18.5823 1.321707 0 0.0
0.06915052 -0.01043379 -1.390165 -6.116837 1.186936 0.7070028 0.08235297 19.92036 1.219604 0 0.0
0.00632171 0.02349324 9.107857 -15.25295 1.618145 1.292549 -0.5330069 19.60561 nan 0 0.0
0.01048191 -0.02972193 2.414377 -4.732119 3.354409 1.842501 0.06800334 20.58824 nan 0 0.0
-0.1027737 0.009992715 0.7788799 -10.43974 3.378441 2.832305 -0.3244457 20.54551 1.31399 0 0.0
0.02010048 -0.0005515377 -8.029932 -4.771077 1.653981 0.9738082 -0.06164645 19.04001 nan 0 0.0
0.03339042 0.007496989 -2.558121 -5.901314 0.7499583 0.4963176 -0.09868232 19.17985 1.281349 1 0.99572
0.00654256 -0.05719142 4.256197 -9.502753 1.490545 0.8937657 -0.005866188 19.74265 nan 0 0.0
0.02221481 0.03920219 -0.7863272 -6.251589 1.058868 0.6798304 -0.0215491 19.61524 1.314541 1 0.9892614
-0.007414102 0.01301805 -3.485924 -6.770252 0.8697389 0.5541986 -0.009659167 19.15117 1.236534 0 0.0
0.05304258 0.01060444 -4.060488 -5.231812 1.186347 0.7060038 0.06682987 19.87877 1.309761 0 0.0
-0.1472786 -0.04184198 -0.8715892 -6.896927 1.41331 0.8225392 0.1347398 19.89857 1.065691 0 0.0
-0.009272381 0.01608119 -9.558681 0.3162109 2.705471 1.266895 -0.2639758 19.9183 nan 0 0.0
0.008014641 -0.03156052 -3.788872 -6.138058 0.4494026 0.2900435 -0.05358593 18.43742 nan 0 0.0
0.03526297 0.004402056 -2.075385 -6.741785 0.4267215 0.2739162 -0.006197957 17.86106 1.46773 0 0.0
-0.07053775 0.08488077 -3.366744 -1.986613 1.075479 0.6231981 0.26065 19.29044 1.138811 1 0.0
0.03365188 0.07201014 -1.477381 -1.625402 1.129465 0.6565968 0.1670727 19.70694 1.587288 1 0.0
-0.02241033 -0.01861433 -1.892625 -6.712933 2.133054 1.278809 0.2507828 19.08892 1.123022 0 0.0
0.06420485 0.004946502 -1.737766 -6.16956 0.6190487 0.3721894 0.00729149 18.97377 1.356859 1 0.9956938
0.04288892 0.006249071 -1.269672 -5.475053 0.9149441 0.6198506 -0.256332 19.36063 1.057304 0 0.0
0.003793575 -0.03675127 1.634005 -8.909257 2.033892 1.439078 -0.4299064 20.20555 1.081797 0 0.0
-0.02081319 0.07793864 -1.038604 -8.292451 2.200831 1.43916 -0.1739483 20.44872 1.053928 0 0.0
-0.03896941 -0.01070279 0.2010691 -5.317995 1.965659 1.33457 -0.2356017 20.19176 1.018087 0 0.0
-0.03388115 -0.04571429 -1.806163 -6.659174 0.4489564 0.2992878 -0.04360596 18.42788 1.127098 1 0.9872626
-0.0526035 0.007692011 -1.435684 -5.956223 0.7401015 0.4831006 -0.03217912 19.13443 nan 0 0.0
-0.001021889 -0.01846359 -11.12652 -10.82744 2.007528 0.9652541 0.3926889 19.42405 nan 0 0.0
-0.0330051 0.07168026 -2.441475 -6.427413 1.016049 0.6653221 -0.08658295 19.53153 1.169054 0 0.0
-0.09452335 0.04824693 -2.390161 -6.265329 0.9237989 0.5403915 -0.09288387 19.19229 1.261839 1 0.9724067
0.02241379 0.1025728 -0.904119 -9.923599 2.942745 2.306453 -0.04154073 20.17429 nan 0 0.0
-0.00598665 -0.002767132 -1.869897 -5.941977 0.07469329 0.05297774 -0.06571727 14.5227 1.711727 0 0.0
0.0215858 -0.01349875 -1.61664 -5.447049 0.8754856 0.6162737 -0.06351152 19.34304 1.179047 0 0.0
-0.001408663 0.03855087 -2.157561 -6.211948 0.8782778 0.5191405 0.003593272 19.23882 1.197729 0 0.0
0.09280836 0.01459909 -4.333365 -8.623613 1.697061 0.9315758 0.1034928 20.20425 1.155254 0 0.0
-0.02034141 -0.05385241 -0.2914147 -7.356157 0.7371812 0.4835067 -0.02482479 19.14982 1.116337 0 0.0
-0.05360746 0.04467337 -1.557353 -6.804151 1.331117 0.8889595 -0.07576353 19.85674 1.071407 1 0.9739939
-0.0331238 -0.04125957 -1.865765 -5.881706 0.2231391 0.1476801 -0.08971486 17.24717 1.426744 1 0.9993792
0.006127979 0.004347275 3.667012 -7.037594 1.26629 0.7930745 0.2391189 18.75151 nan 0 0.0
