data/gcs/NGC_4372.ecsv
# %ECSV 0.9
# ---
# datatype:
# - {name: x, unit: deg, datatype: float64}
# - {name: y, unit: deg, datatype: float64}
# - {name: pmx, unit: mas / yr, datatype: float64}
# - {name: pmy, unit: mas / yr, datatype: float64}
# - {name: pmx_e, unit: mas / yr, datatype: float64}
# - {name: pmy_e, unit: mas / yr, datatype: float64}
# - {name: pm_corr, datatype: float64}
# - {name: g_mag, unit: mag, datatype: float64}
# - {name: bp_rp, unit: mag, datatype: float64}
# - {name: filter, datatype: int64}
# - {name: memberprob, datatype: float64}
# meta: !!omap
# - comments: [deg deg mas/yr mas/yr mas/yr mas/yr dimless mag   mag   zeroone float]
# - __serialized_columns__:
#     bp_rp:
#       __class__: astropy.units.quantity.Quantity
#       unit: &id001 !astropy.units.Unit {unit: mag}
#       value: !astropy.table.SerializedColumn {name: bp_rp}
#     g_mag:
#       __class__: astropy.units.quantity.Quantity
#       unit: *id001
#       value: !astropy.table.SerializedColumn {name: g_mag}
#     pmx:
#       __class__: astropy.units.quantity.Quantity
#       unit: !astropy.units.Unit {unit: mas / yr}
#       value: !astropy.table.SerializedColumn {name: pmx}
#     pmx_e:
#       __class__: astropy.units.quantity.Quantity
#       unit: !astropy.units.Unit {unit: mas / yr}
#       value: !astropy.table.SerializedColumn {name: pmx_e}
#     pmy:
#       __class__: astropy.units.quantity.Quantity
#       unit: !astropy.units.Unit {unit: mas / yr}
#       value: !astropy.table.SerializedColumn {name: pmy}
#     pmy_e:
#       __class__: astropy.units.quantity.Quantity
#       unit: !astropy.units.Unit {unit: mas / yr}
#       value: !astropy.table.SerializedColumn {name: pmy_e}
#     x:
#       __class__: astropy.units.quantity.Quantity
#       unit: &id002 !astropy.units.Unit {unit: deg}
#       value: !astropy.table.SerializedColumn {name: x}
#     y:
#       __class__: astropy.units.quantity.Quantity
#       unit: *id002
#       value: !astropy.table.SerializedColumn {name: y}
# schema: astropy-2.0
x y pmx pmy pmx_e pmy_e pm_corr g_mag bp_rp filter memberprob
[from data line 5725]
0.001519828 0.1882888 -6.084518 -0.4016235 0.1763265 0.1575954 0.005419514 17.85119 1.725519 1 0.0
0.02115336 0.1412949 -12.94436 0.8402222 4.032802 2.979257 0.1072026 20.94275 1.319729 0 0.0
-0.1373913 0.07571862 -6.184694 -0.2596309 0.1246206 0.1084281 0.138732 17.16257 1.622026 1 0.0
-0.01148175 0.1592479 -6.341312 -3.117252 0.7977841 0.585718 0.07774658 19.69579 1.421419 0 0.0
-0.01481678 0.052663 -8.355115 -0.0609722 3.138376 2.451076 0.5290928 20.6155 0.618391 0 0.0
-0.1524205 -0.02790669 -5.844291 -3.239212 1.495224 1.151162 0.04414441 20.44564 1.925694 0 0.0
-0.1179571 0.02927065 -7.023315 1.015148 0.5667856 0.4956048 0.1149186 19.28158 1.56365 1 0.003948466
-0.0328034 0.1158487 -9.114443 -2.006896 0.550977 0.3909619 0.05465843 19.27226 1.530582 0 0.0
-0.1528924 0.007658814 -6.445941 2.997146 0.476627 0.3646918 0.1234777 19.0038 1.221638 1 0.9702223
-0.003079471 0.07429818 -7.883721 4.497748 3.297461 1.904607 0.1550427 20.80026 0.8009377 0 0.0
0.01666496 0.06636377 -7.136042 3.180482 0.9914479 0.75697 -0.001281032 19.8399 1.241234 0 0.0
-0.09354296 0.1230362 -2.588781 2.899116 2.311503 1.225971 0.1326588 20.54548 1.428942 0 0.0
0.1293641 0.1728111 -6.123385 -0.1097829 0.677095 0.4949192 -0.04169457 19.70745 1.445654 0 0.0
0.01734325 0.1834131 -6.475005 2.32425 0.9285006 0.7104373 -0.01724048 19.95155 1.640903 0 0.0
-0.06556187 0.005162865 -12.1463 1.168592 1.920483 1.351736 0.1943244 18.74891 nan 0 0.0
-0.05642046 0.06834282 -2.692194 5.03222 2.606728 1.310294 -0.00476788 20.56843 0.917841 0 0.0
-0.006012402 0.104609 -0.3254899 4.076132 1.859669 1.423159 -0.02785474 20.64157 nan 0 0.0
-0.07660602 0.1451195 -3.108381 1.919096 1.411015 1.000886 0.1133338 20.37001 1.050764 0 0.0
-0.005986679 0.06859829 -3.072724 4.461085 1.546882 1.099668 0.06983567 20.4785 0.4691887 0 0.0
0.002975526 0.0700944 -7.148779 2.478921 0.6713231 0.5132132 -0.01395543 19.45962 1.256697 0 0.0
-0.02574953 0.2221983 -6.428049 3.076349 0.1084788 0.1082621 0.07806475 17.09013 1.549463 1 0.9744256
0.06912552 0.1727911 -2.714851 1.359798 2.136542 1.318681 0.07230041 20.53381 1.409248 0 0.0
-0.2234224 -0.0008576179 -14.61651 4.453156 4.336156 1.85852 -0.04674577 20.88794 1.237865 0 0.0
-0.02877929 0.0384935 -7.074819 3.82146 0.7516297 0.5135436 0.02383071 19.26219 1.211813 0 0.0
0.1425322 0.1946929 0.3202788 0.8707822 0.6634784 0.4499501 -0.02543041 19.58317 2.257261 0 0.0
0.02905492 0.07537358 -6.513057 3.337091 0.0733532 0.06098016 0.07898695 16.16389 0.7160225 1 0.9989338
-0.0353686 0.1331168 -5.353881 0.5595391 2.249106 1.23784 0.2316165 20.57244 1.178745 0 0.0
-0.03014852 0.0396204 -0.9750707 2.333566 2.683271 1.384453 -0.06211045 20.52747 1.009605 0 0.0
-0.06218715 0.05269106 -4.238245 2.245796 1.831858 1.035936 -0.1407635 20.0383 0.4284954 0 0.0
0.01722651 0.06643191 -16.40582 -5.365872 2.147183 2.358336 0.4981875 20.208 1.343639 0 0.0
0.1032539 0.1568276 -6.84273 0.03406273 1.3097 0.8835639 0.07595824 20.28216 1.280258 0 0.0
-0.02532095 0.03276904 -16.62402 0.4639932 2.590116 2.169539 0.06242866 20.1513 1.504969 0 0.0
-0.05086445 0.08451852 -4.963905 3.843266 0.8129585 0.6839184 0.09219641 19.75739 1.220676 0 0.0
-0.0498914 0.0747327 -4.348128 2.341033 1.464731 0.8259898 0.1862231 20.03697 1.173748 0 0.0
-0.05852997 0.005599235 -4.623003 -5.487293 0.4219712 0.2298833 0.2035326 18.56281 1.460005 0 0.0
-0.04229061 0.2131112 -5.710291 1.677968 0.9216479 0.7505356 0.1894486 19.92863 1.685844 0 0.0
0.1394942 0.1954337 -8.239153 -0.7300743 0.9831705 0.7420201 0.03369744 19.46307 1.680559 0 0.0
-0.06207945 0.09418792 -7.665206 6.522866 2.663246 2.375159 0.03676374 20.89157 1.129917 0 0.0
-0.1432954 0.1064962 -9.832429 -3.002356 0.7159912 0.6081955 0.09258521 19.53241 1.587105 0 0.0
0.03862511 0.2263716 -5.842689 -1.101255 1.515904 2.164473 0.3244035 20.10844 nan 0 0.0
-0.00850082 0.08491654 -2.45048 -1.890128 0.5226442 0.3841341 0.004040743 19.24411 1.427914 0 0.0
0.02924476 0.1304727 -18.85388 0.327415 2.454166 1.776199 -0.1458797 20.77538 1.98711 0 0.0
0.09293489 0.1772315 -6.732739 -0.9104288 1.599442 0.9392124 0.1225957 20.46961 1.755917 0 0.0
0.05550806 0.1765307 -4.957625 3.929867 2.143033 1.471806 0.04145301 20.69147 1.131554 0 0.0
-0.1105772 0.03668785 -8.329374 4.114709 1.583674 1.102289 0.07459282 20.52828 nan 0 0.0
-0.07942702 -0.004369103 -6.447061 2.166374 0.6923184 0.7518238 0.1701644 19.6406 0.919281 0 0.0
-0.01756269 0.06660706 -12.63264 -1.673662 3.315238 2.565088 0.3266538 20.60885 1.039877 0 0.0
0.06915212 0.2050176 -6.530852 2.104785 0.314856 0.2454961 0.04226089 18.53319 1.599966 0 0.0
-0.00210641 0.0716204 -6.142469 3.214865 0.3571267 0.238495 0.03367919 18.56999 1.277145 0 0.0
-0.2030469 -0.01555407 -5.154789 2.043794 1.645839 1.374185 -0.05490071 20.54826 1.511 0 0.0
-0.121161 0.120247 -5.730107 0.8103616 2.240104 1.358309 0.3384191 20.60226 1.024609 0 0.0
-0.1361775 0.07526245 -4.930132 0.2946231 0.0841033 0.07349043 0.1551135 16.53195 2.072273 1 0.0
0.1007354 0.198102 -6.515607 3.379828 0.1311604 0.1082021 0.04789852 17.36871 1.621231 1 0.9908747
0.08127178 0.2241247 -10.64364 -3.075675 1.813272 1.379201 0.253852 20.69543 1.610668 0 0.0
-0.1038223 0.03262356 -4.634554 -0.4140001 0.4420125 0.3172291 0.1704125 18.75984 1.62426 0 0.0
-0.06142406 0.08970407 -5.990163 2.892207 1.347448 1.104618 0.1074372 20.40263 1.004833 0 0.0
-0.1083842 0.111524 -6.838215 2.577268 0.42031 0.283853 0.1781793 18.67024 1.382877 1 0.7793892
-0.08441 0.002268611 -7.163088 2.14746 2.008165 2.693555 -0.3059572 20.54268 nan 0 0.0
0.04151617 0.2198039 -8.537355 -0.2801081 0.3390732 0.2651228 0.05643133 18.41323 1.271372 0 0.0
-0.09199787 0.1181918 -11.12311 0.7179427 2.500539 1.948573 0.02926943 20.73531 1.639938 0 0.0
0.154922 0.1822081 -6.716875 -0.3368518 0.05254451 0.04670554 0.07950526 15.76872 1.852426 1 0.0
-0.07037499 0.01092008 -5.196809 -0.1411447 0.3200339 0.331857 0.05979894 18.42821 nan 0 0.0
-0.006179393 0.07140584 -6.932454 0.7567342 1.76438 1.346791 -0.06794003 20.58143 1.15855 0 0.0
0.03019263 0.1274805 -7.113375 3.426579 0.3217767 0.2186033 0.08687867 18.31553 1.597574 0 0.0
0.021 0.06500119 -7.037095 3.500199 0.3663275 0.2806002 0.08048166 18.47474 1.333616 0 0.0
-0.01068597 0.2103727 -7.553558 4.07664 0.815229 0.8246793 0.09927482 19.97137 nan 0 0.0
0.1404563 0.1494733 -5.796396 5.00515 0.8662441 0.5998337 0.02609798 19.84589 1.377106 0 0.0
-0.198065 0.05600887 -11.9265 1.620349 3.449978 1.639925 0.0587324 20.68936 1.340601 0 0.0
-0.04521544 0.02071356 -6.410623 3.239948 0.3732325 0.2504041 0.06276086 18.70916 1.214691 0 0.0
-0.06837644 0.1621891 -7.649911 2.360414 1.428603 1.114421 0.07080857 20.45571 1.047655 0 0.0
-0.03057525 0.07879666 -7.520963 4.78023 1.231783 0.8021548 -0.03401445 20.25002 1.347179 0 0.0
-0.07699583 0.144065 27.95325 2.190435 1.40228 0.8681517 -0.0807216 18.96518 nan 0 0.0
-0.008063489 0.06755988 -5.498731 5.425749 1.38991 1.047129 0.1361495 20.25076 1.21529 0 0.0
0.05496241 0.09710263 -6.443249 3.101709 1.685429 1.278996 0.0845068 20.54018 1.145935 0 0.0
-0.1432884 0.01126317 -5.764927 3.758913 0.6902025 0.6181835 0.0528426 19.57163 1.16552 0 0.0
-0.0391147 0.01893501 -4.83908 4.803407 0.9616279 0.845783 -0.1838466 19.94761 1.066675 0 0.0
-0.09447522 -0.01513882 -5.40167 3.232491 0.4266438 0.2808695 0.1142457 18.76707 1.214254 0 0.0
0.04795226 0.1228185 -3.549922 1.487802 1.757541 1.661847 0.1566393 20.57279 1.222982 0 0.0
-0.01797886 0.03549397 -7.553581 4.1949 1.228056 0.7800791 -0.02606081 20.08806 1.28776 0 0.0
0.01513329 0.2220119 -10.34983 1.323426 0.6470151 0.5112519 0.1200967 19.51195 1.823481 1 0.0
0.09247807 0.1993058 -5.039418 2.871113 1.061999 0.5879511 -0.05164298 19.87404 1.600496 0 0.0
0.03844803 0.08960003 -6.011824 3.585654 0.5241821 0.390284 -0.01942808 19.17826 1.245077 0 0.0
0.03740161 0.1249874 -9.771745 4.198977 3.117095 2.0447 -0.2460532 20.83762 1.57477 0 0.0
-0.2114227 -0.03129253 -6.60743 2.614736 1.443627 1.060456 0.05120168 20.39616 1.337324 0 0.0
0.05052008 0.1748516 -21.04309 3.143576 0.6545778 0.4904498 0.03345423 19.47285 2.401663 0 0.0
-0.02771338 0.03594696 -8.26668 7.427232 2.404704 2.025997 0.01595727 20.67686 nan 0 0.0
-0.1113263 0.1069817 -6.261379 -1.281325 0.5739598 0.469857 0.09925824 19.34712 1.511436 1 0.0
0.06251322 0.1225069 -8.340388 -0.1000024 0.9373218 0.6713078 -0.002475682 20.04918 1.605824 0 0.0
-0.2430576 0.04339273 -8.102209 -0.313036 0.7655182 0.7745281 -0.03055098 19.50758 2.017143 0 0.0
-0.08490536 0.002174713 -6.424138 3.22065 1.34998 0.913521 -0.04381462 20.22318 1.077574 0 0.0
-0.1004555 0.1324824 -5.627 1.860533 1.734579 1.066269 0.07272005 20.48189 1.214443 0 0.0
-0.05525881 0.02327177 -5.208843 0.6668889 1.056178 0.9793562 0.07955892 19.78956 1.161943 0 0.0
-0.1317608 0.05969287 -2.150179 5.18272 3.282899 2.044354 0.2613359 20.80351 1.254047 0 0.0
-0.1454716 0.08705368 -2.276526 -1.521569 0.412878 0.2876166 0.1850322 18.69925 1.704662 1 0.0
-0.1433148 0.02765905 -6.251962 3.064265 0.2440595 0.2054255 0.1030325 18.06184 1.506245 1 0.9879904
-0.1155902 0.1533882 -3.244111 2.740942 1.404092 1.024956 0.1043057 20.356 1.657873 0 0.0
0.06414764 0.1546362 -7.496499 3.552926 1.300881 1.022836 0.1674021 20.13569 1.680893 0 0.0
-9.276778e-05 0.08237796 -5.62314 3.157109 2.787627 1.606427 0.4007157 20.69561 1.113417 0 0.0
-0.119514 -0.03421001 -4.255592 3.314192 0.70702 0.5345299 0.1486513 19.43978 1.184801 0 0.0
0.05217747 0.09074036 -10.22656 6.434228 2.125565 1.976523 -0.2858175 20.64147 1.341469 0 0.0
-0.03079837 0.02787002 -8.741979 1.593456 1.356275 1.580186 -0.2007168 20.22147 1.04949 0 0.0
0.1725452 0.1743043 -3.796433 0.7707793 2.007856 1.684474 0.2743253 20.68598 0.8740444 0 0.0
-0.02425237 0.0310005 -5.293318 0.01091638 3.792848 1.854342 -0.1333723 20.62085 nan 0 0.0
0.0804145 0.2177275 0.2894958 -3.760937 2.873784 1.549617 0.2331339 20.90097 0.9878521 0 0.0
0.05971675 0.09533271 -7.158056 4.129893 0.6028574 0.5184346 0.1545726 19.39069 1.307343 0 0.0
0.1435545 0.1815695 -4.809855 -1.986632 0.6654236 0.4303782 0.02118212 19.54726 2.152294 1 0.0
-0.09310444 -0.01832076 -7.295921 -0.7191578 1.705908 1.077084 0.3133679 20.35237 nan 0 0.0
-0.04331388 0.1218232 -6.818549 3.719911 0.7597986 0.6474629 0.129001 19.7187 1.260391 0 0.0
0.06370097 0.2089515 -5.8066 0.03305992 0.3953387 0.3330146 -0.008929616 19.00269 1.563505 1 0.0
-0.02759492 0.07156881 -5.439347 3.268197 0.7477921 0.536797 -0.03785463 19.73831 1.308403 0 0.0
-0.1211541 0.07709432 -4.832144 -1.253581 1.060052 0.7607426 0.120888 19.87707 1.549843 0 0.0
-0.03557951 0.08917106 -8.673066 3.360439 1.306497 0.9455001 -0.02267215 20.1048 1.18067 0 0.0
0.01756722 0.07875305 -4.526993 3.79744 0.8649827 0.6376498 -0.008984921 19.84586 1.24839 0 0.0
-0.04941372 0.02241146 -6.160357 3.198309 0.7794398 0.5122 0.005670853 19.725 1.231331 0 0.0
0.08682748 0.1184235 -6.598285 3.405826 0.4319285 0.2812468 0.03359304 19.02718 1.42201 1 0.9856516
-0.003114338 0.1174881 -5.310155 5.089696 1.131696 0.7565091 -0.04693825 20.16051 1.120478 0 0.0
0.01363906 0.06715978 -7.469721 2.880258 0.9306424 0.6301726 0.01797391 19.93499 nan 0 0.0
0.08189624 0.2216805 -16.55723 -12.17855 1.970019 1.248911 0.1992369 20.67896 0.5749302 0 0.0
0.04282828 0.1209699 -6.197485 3.156963 1.432712 1.173814 0.1502606 20.35077 1.478447 0 0.0
-0.06654324 0.08594743 -7.767485 3.757547 1.423199 1.114539 0.09718842 20.4381 1.138676 0 0.0
-0.05446766 0.02367855 -6.517937 3.940321 0.7263864 0.5190097 -0.06133505 19.75315 1.168993 0 0.0
-0.02228677 0.06609828 -8.276673 3.215346 1.727461 1.521956 0.1299226 20.55353 nan 0 0.0
-0.03686805 0.04005798 -6.957694 3.789359 0.4722093 0.3550462 0.02233139 19.15128 1.1229 0 0.0
-0.08711961 0.07893192 -13.75753 3.025877 2.949295 1.326634 0.322954 20.1077 1.224586 0 0.0
-0.177112 0.03603953 -5.290948 -1.520711 2.100184 2.342851 -0.02567049 20.73352 1.336651 0 0.0
0.003692288 0.06974332 -5.469043 3.217715 0.5248495 0.3949197 -0.0226471 19.25663 1.255238 0 0.0
-0.01930278 0.04618138 -9.249151 2.074268 1.910743 1.340872 0.02479188 20.41538 1.447798 0 0.0
-0.02716391 0.06736567 -2.881435 1.448967 3.265277 1.779671 -0.1320681 20.87576 0.6752968 0 0.0
-0.02704208 0.2151469 -7.091401 1.745031 0.1450492 0.1386697 0.01599458 17.384 1.305647 1 0.0
-0.0544098 0.02412123 -4.93737 4.209567 3.490624 3.574919 0.2500679 20.75135 nan 0 0.0
0.04689224 0.1026263 -8.214701 3.938996 1.071081 0.7217474 -0.05746664 20.09094 1.298195 0 0.0
0.03643839 0.1197327 -7.590177 5.713226 1.708239 1.351086 -0.03166504 20.47872 1.450054 0 0.0
-0.01924092 0.03527141 -4.3147 2.833739 0.9395678 0.5163644 -0.3543992 19.32478 nan 0 0.0
-0.01525296 0.05600431 -6.447805 3.408138 0.4279419 0.2829477 0.1082793 18.78895 1.245174 0 0.0
0.03047058 0.2192613 -3.51122 4.091662 2.161197 1.925444 0.0227918 20.66643 1.291243 0 0.0
0.05718354 0.2199214 -6.360124 2.552256 2.642028 3.354351 -0.07043066 20.72253 nan 0 0.0
-0.2252232 0.05965619 -7.653096 -0.1393326 0.3794424 0.2538788 0.1080709 18.60332 1.586367 1 0.0
-0.1069276 0.002522061 -6.685645 3.194969 0.1765654 0.1345686 0.08895322 17.58449 1.416243 1 0.995069
0.03184585 0.1376857 -7.224238 3.574113 1.988925 1.796569 0.1521889 20.54364 1.57604 0 0.0
-0.13183 0.1347141 -8.901021 -5.634824 1.074411 0.7889739 0.06960405 20.02913 1.674767 0 0.0
-0.1493332 0.08810543 -3.489787 2.115469 2.944425 1.810901 -0.06627499 20.68587 1.71958 0 0.0
-0.002275257 0.07081167 -6.350508 0.4539589 1.189683 0.7266733 -0.1290988 20.08643 0.9538403 0 0.0
-0.04776355 0.02176743 -6.421444 4.065996 1.023306 0.6874656 -0.1739719 20.04795 0.7908764 0 0.0
-0.02216933 0.2201279 -3.606634 -1.197031 2.379548 1.904358 0.09402851 20.77557 0.8242531 0 0.0
0.02834669 0.1041833 -8.17974 2.593023 0.41357 0.3282779 0.04972245 18.75101 1.153227 0 0.0
-0.1072338 0.03318331 -6.34912 3.37154 0.03063099 0.02611748 0.2036049 14.17347 1.745489 1 0.9990141
0.05513876 0.09197512 -6.330057 3.550865 0.3726336 0.2545751 0.06671853 18.69649 1.289562 1 0.9937359
0.05208999 0.2161526 -2.870579 4.25466 0.380587 0.3005122 0.05046837 18.95156 1.666809 1 0.0
-0.04139733 0.06310418 -8.122611 4.49324 0.7555605 0.6464519 0.1177981 19.71494 1.489872 0 0.0
-0.03765567 0.08968563 1.534918 -1.61533 2.279365 1.378885 -0.01002589 20.64461 nan 0 0.0
0.02326358 0.06819512 -4.604037 0.498317 2.618298 2.893112 -0.1886128 20.57299 nan 0 0.0
-0.1276599 0.05799821 -6.908504 3.3389 0.2050263 0.1528256 0.1990397 17.75772 1.748787 1 0.9710808
-0.04761833 0.1270995 -7.103796 0.06085656 0.2394037 0.1809537 0.1382766 18.13767 1.544994 1 0.0
-0.0346099 0.05565699 -7.489984 2.721617 1.793516 1.352291 0.1781764 20.54636 1.114887 0 0.0
-0.05297038 0.02247759 -6.042356 2.01104 1.081079 0.8444704 -0.3286038 19.52663 1.492014 0 0.0
0.0388432 0.1160045 -2.886392 3.359115 2.068059 1.93514 -0.06690268 20.69146 1.234062 0 0.0
0.02044628 0.07981049 -7.185216 3.586344 1.653316 1.563048 0.1200576 20.57689 0.9313469 0 0.0
0.0118699 0.1816246 -12.48383 2.437447 1.204699 0.7438191 0.02816528 20.05378 1.615005 0 0.0
0.1049248 0.2029077 -6.574279 3.472957 0.09987196 0.07579582 0.1119777 16.72365 1.721519 1 0.9812339
-0.008967786 0.06834528 -9.421422 2.672848 1.660452 1.288659 0.1045182 20.48395 0.6653233 0 0.0
0.1161885 0.154834 -8.085065 2.90982 4.114024 2.185744 -0.2280517 20.79602 1.105114 0 0.0
-0.05309184 0.02197369 -6.737353 3.934713 1.056004 0.8340318 0.1167236 19.88249 nan 0 0.0
0.03613948 0.2131932 -5.962197 0.5687135 0.5412692 0.415222 0.08385649 19.19236 1.646254 1 0.0
0.06386063 0.1176574 -7.083581 -0.4947604 0.7153737 0.6360726 0.1646665 19.69822 1.737467 0 0.0
-0.01752986 0.1834434 -3.554135 0.06479583 0.3532185 0.29458 0.06539821 18.67191 1.453159 1 0.0
0.002950386 0.1959638 -10.44367 1.937619 0.329042 0.2907732 0.01744519 18.86609 1.403339 1 0.0
0.02177048 0.06423734 -6.948047 3.285849 0.3915718 0.3046229 0.06634686 18.74947 1.228397 0 0.0
-0.04192295 0.09869414 -6.463836 3.863295 1.37266 1.014711 0.1441737 20.34769 1.072775 0 0.0
