data/gcs/NGC_6256.ecsv
# %ECSV 0.9
# ---
# datatype:
# - {name: x, unit: deg, datatype: float64}
# - {name: y, unit: deg, datatype: float64}
# - {name: pmx, unit: mas / yr, datatype: float64}
# - {name: pmy, unit: mas / yr, datatype: float64}
# - {name: pmx_e, unit: mas / yr, datatype: float64}
# - {name: pmy_e, unit: mas / yr, datatype: float64}
# - {name: pm_corr, datatype: float64}
# - {name: g_mag, unit: mag, datatype: float64}
# - {name: bp_rp, unit: mag, datatype: float64}
# - {name: filter, datatype: int64}
# - {name: memberprob, datatype: float64}
# meta: !!omap
# - comments: [deg deg mas/yr mas/yr mas/yr mas/yr dimless mag   mag   zeroone float]
# - __serialized_columns__:
#     bp_rp:
#       __class__: astropy.units.quantity.Quantity
#       unit: &id001 !astropy.units.Unit {unit: mag}
#       value: !astropy.table.SerializedColumn {name: bp_rp}
#     g_mag:
#       __class__: astropy.units.quantity.Quantity
#       unit: *id001
#       value: !astropy.table.SerializedColumn {name: g_mag}
#     pmx:
#       __class__: astropy.units.quantity.Quantity
#       unit: !astropy.units.Unit {unit: mas / yr}
#       value: !astropy.table.SerializedColumn {name: pmx}
#     pmx_e:
#       __class__: astropy.units.quantity.Quantity
#       unit: !astropy.units.Unit {unit: mas / yr}
#       value: !astropy.table.SerializedColumn {name: pmx_e}
#     pmy:
#       __class__: astropy.units.quantity.Quantity
#       unit: !astropy.units.Unit {unit: mas / yr}
#       value: !astropy.table.SerializedColumn {name: pmy}
#     pmy_e:
#       __class__: astropy.units.quantity.Quantity
#       unit: !astropy.units.Unit {unit: mas / yr}
#       value: !astropy.table.SerializedColumn {name: pmy_e}
#     x:
#       __class__: astropy.units.quantity.Quantity
#       unit: &id002 !astropy.units.Unit {unit: deg}
#       value: !astropy.table.SerializedColumn {name: x}
#     y:
#       __class__: astropy.units.quantity.Quantity
#       unit: *id002
#       value: !astropy.table.SerializedColumn {name: y}
# schema: astropy-2.0
x y pmx pmy pmx_e pmy_e pm_corr g_mag bp_rp filter memberprob
[from data line 2828]
0.03344134 0.05338092 -5.446071 -3.675428 3.076413 1.475443 0.3710577 20.21926 nan 0 0.0
0.02515858 -0.03044766 -4.564916 -6.149998 0.5820641 0.3462552 0.05851119 19.06964 2.635204 1 0.0
-0.03254282 0.01033627 -4.004614 -1.964946 0.2426985 0.1562723 0.1409935 17.71589 2.275129 1 0.5971918
-0.01515461 -0.04784383 -2.437785 -3.296755 0.8455715 0.4050088 0.6696258 18.39293 2.197002 1 0.0
-0.03358993 -0.01568806 -7.540838 -6.14578 3.079928 1.647203 0.5641891 19.96972 1.669733 0 0.0
-0.01596628 -0.06197744 -4.0537 -4.283852 2.136757 1.242789 0.4062245 20.2345 nan 0 0.0
-0.05559671 0.01964979 2.237849 -1.530514 0.2091017 0.1347037 0.2012311 17.27558 1.771591 1 0.0
0.006748816 0.007039433 -9.170519 -3.403716 1.516944 0.7091564 -0.1915958 19.25559 2.3389 0 0.0
0.05836126 -0.02953901 -3.980308 0.8044723 2.26367 1.450302 0.02232375 20.46295 nan 0 0.0
0.05845826 -0.02992056 -2.685517 1.344842 1.151173 0.8866477 0.2502847 19.71542 2.411703 0 0.0
0.0353573 0.01068596 2.87813 1.28459 0.7681177 0.5616192 0.316443 19.34392 2.332254 1 0.0
0.03464553 -0.002428644 -2.235301 -2.409018 0.3415676 0.2428565 -0.0300052 17.90355 2.704332 0 0.0
-0.03590252 0.03856351 -2.027013 -2.66768 1.598249 1.029072 0.2400342 19.77322 nan 0 0.0
0.06614253 -0.004498105 -3.408737 -3.499735 0.7048786 0.4876495 0.3499861 19.28408 2.39842 1 0.0001245524
0.0199439 -0.01992517 -2.431242 -0.6965508 0.7691737 0.4365897 0.2585627 19.17187 1.736185 0 0.0
-0.01323113 0.008278354 -3.643431 -4.905574 0.2025768 0.1301192 0.1686703 17.23397 2.65723 1 0.0
-0.01771853 -0.00298355 1.510795 -0.1804593 0.6715952 0.3748132 0.2891519 17.6731 nan 0 0.0
-0.005674057 -0.0006394644 -5.440685 -1.747505 0.7238074 0.6486719 0.01794395 18.98487 2.365318 0 0.0
-0.01187776 -0.008998185 -4.686175 -1.955861 0.604002 0.3252265 0.4080328 18.36014 1.583471 0 0.0
-0.00390998 0.001161184 -0.3423847 -0.6659076 1.135008 0.7396642 0.2579351 18.43689 2.708035 0 0.0
-0.01554527 -0.04024885 -1.425238 -0.8200192 2.120513 1.400375 -0.05792949 20.57586 1.877611 0 0.0
0.04315631 -0.0124199 0.2714308 -2.501363 1.829021 1.157907 0.4854473 20.07729 1.864462 0 0.0
0.04128629 0.03839292 -3.722676 -1.41089 0.1632706 0.1124831 -0.004570412 15.86642 3.071857 1 0.9526417
-0.0154882 -0.02201458 -5.645192 -3.695139 0.4327324 0.2691186 0.3948241 18.14002 2.4412 1 0.0
-0.05324047 0.02638824 -2.534211 -0.3882764 2.380134 1.574247 0.02055118 20.57234 1.716017 0 0.0
0.03430531 0.05231623 -4.476797 -1.72389 2.554758 1.433626 0.2911701 20.5228 2.041441 0 0.0
0.006087733 -0.04284149 -2.270308 -2.50392 1.186411 0.693938 0.2337273 19.70082 1.901655 0 0.0
0.0230204 0.05722238 -4.881024 -6.424714 3.64318 1.817464 0.5965453 20.37674 1.745049 0 0.0
-0.003033992 0.002011902 19.26253 12.55573 2.237711 1.521661 0.272706 19.95363 nan 0 0.0
0.02105449 -0.006646513 -7.757261 -0.4707036 0.8666022 0.6037402 0.3655565 19.4994 2.183229 0 0.0
-0.02600605 -0.03177546 1.830836 -9.999521 0.6033192 0.2934224 0.6842636 18.05096 2.172478 0 0.0
0.005227697 0.005166537 -2.930328 -4.528019 0.447383 0.2806927 0.3679394 17.64924 1.9494 0 0.0
-0.02787528 0.02431518 1.597159 -4.780051 0.7144034 0.4747911 0.0191981 19.09716 2.178314 0 0.0
-0.002900178 0.002656591 -0.8476514 1.896273 0.6386562 0.4417514 0.05723365 16.89052 2.385416 0 0.0
0.02354383 -0.06056417 -3.903629 -6.426989 1.386522 0.9590619 0.6165781 19.84659 nan 0 0.0
-0.0432527 0.03453516 -1.184947 -0.5435338 0.1482821 0.09644171 0.05368454 15.97275 2.629494 1 0.0
-0.04168829 0.04511038 -2.918693 -4.533068 0.5820536 0.3566216 0.3699538 18.56457 2.276905 1 0.0
-0.01594186 -0.06251149 -1.700325 -2.356838 1.209083 0.6976257 0.4328912 19.47142 2.219671 0 0.0
0.04959354 -0.009280529 -6.515058 -6.330208 1.027441 0.7962919 0.3000238 19.65651 nan 0 0.0
-0.02787536 0.0245288 -2.139551 -2.431332 2.819216 1.723179 0.4902678 20.07495 nan 0 0.0
-0.00848857 0.03514213 -0.06826964 -4.808213 2.501024 1.530778 -0.1573088 20.22434 1.5849 0 0.0
-0.005160419 -0.03928231 -5.975075 -5.444935 0.5215909 0.2710155 0.4654167 18.33599 2.245243 1 0.0
-0.0009776944 -0.002233801 -4.617186 -1.2683 0.643107 0.4539504 0.3085102 17.83525 nan 0 0.0
-0.006258101 -0.0001130822 -4.265928 -1.244813 0.283077 0.2624768 -0.376155 17.27622 2.349402 0 0.0
-0.05390309 0.01685484 -0.5179269 -3.41555 2.193037 1.490489 0.07797731 20.54139 nan 0 0.0
-0.01988779 0.05734153 -7.520216 -5.993898 0.5740734 0.4093243 -0.008397648 19.07397 2.346966 0 0.0
0.04374674 0.04101223 -4.656565 -10.14265 0.6428652 0.4636239 0.103177 19.07776 2.537586 0 0.0
-0.009600157 0.06591515 -2.187874 -5.054982 0.286021 0.2042761 0.07447415 17.80515 2.76519 1 0.0
-0.04792666 0.0341814 -4.208373 -5.21432 0.7465009 0.3939528 0.4354706 18.87475 2.331427 0 0.0
-0.00290029 0.005578649 -2.299157 -1.351244 0.7964254 0.3860375 0.376831 18.64807 2.479445 0 0.0
0.05042159 -0.008075632 -1.713593 -3.477803 0.7004596 0.5255341 0.2516106 19.13319 2.195173 0 0.0
-0.01047207 -0.05715852 1.334629 -0.4950998 1.172919 0.7622616 0.3125869 19.9349 2.05316 0 0.0
0.006649254 -0.01821004 -7.136102 0.4242383 1.383642 0.7411256 0.336211 19.73864 2.316853 0 0.0
-0.0356085 0.03459255 -8.215802 -5.681583 2.909781 1.69476 0.114757 20.59839 0.9554024 0 0.0
-0.00242721 0.05117574 -0.485404 -0.8762007 3.25371 1.723954 0.6777124 20.47011 1.636412 0 0.0
-0.01417954 -0.06032914 -2.124816 -3.430967 1.678826 0.8863671 0.5365053 20.18328 2.106304 0 0.0
-0.01205942 0.06234806 -1.677154 9.139565 0.5475965 0.2743133 0.2785668 18.37139 2.136662 1 0.0
-0.02010275 -0.004384139 -6.758527 -9.762341 1.663196 0.9808701 0.4397879 20.11912 2.090714 0 0.0
-0.01057672 -0.004332618 -3.287474 -0.6045586 1.51195 1.125312 0.6475719 19.11864 2.110785 0 0.0
-0.01113153 0.04562457 -2.927914 -2.082931 0.2899752 0.2089773 -0.02266081 17.79956 2.22122 0 0.0
-0.01277866 -0.005019603 -0.5445692 -3.530752 1.714795 0.9201447 0.6209183 19.98161 1.725956 0 0.0
0.02436089 -0.05267945 -1.67562 0.6919631 2.240215 1.456149 -0.05725364 20.53586 1.250824 0 0.0
0.06078229 -0.01342382 -2.271159 -1.590749 0.9743414 0.6383777 0.49988 19.24989 3.051298 0 0.0
-0.03429999 -0.005670979 -4.234841 -0.9071524 0.3601581 0.2475034 0.1318102 17.2935 2.41251 0 0.0
0.01141427 -0.03953095 -3.161001 -4.07055 2.136974 1.194819 0.6394238 19.9576 2.279234 0 0.0
-0.00401955 0.002435288 0.02423047 5.754849 1.424814 0.9398514 0.3809958 19.32413 2.13686 0 0.0
-0.0227643 -0.01379194 -4.7135 -3.56924 0.1598308 0.10383 0.0833075 16.81534 2.580918 1 0.0
0.01190975 -0.05920723 -4.697924 -4.315825 1.59422 0.8986942 0.3123763 20.13277 1.951067 0 0.0
0.01518181 0.01012812 -5.088336 -3.148151 1.004508 0.4286929 0.6989189 18.21082 1.929125 1 0.01785173
0.01410159 -0.04026764 -4.20162 -5.342359 0.6176952 0.4576932 0.1434606 19.14351 2.203568 0 0.0
0.01379458 -0.05669366 0.6468665 -9.012502 1.692556 1.103263 0.6355493 19.97915 1.693062 0 0.0
-0.05389889 0.0109535 -1.621708 -4.21049 0.146346 0.09511988 0.04658205 16.53446 2.65383 1 0.0
0.0007139732 0.05442208 -2.901144 -5.303549 0.9594968 0.7264263 0.3618146 19.34493 1.736767 0 0.0
-0.00558033 0.04835651 -3.028863 -5.462342 0.9444519 0.6868985 0.2434257 19.7055 2.049099 0 0.0
-0.03289023 0.02574368 -2.191898 -1.546811 0.9853771 0.6985016 0.1580772 19.79644 1.788847 0 0.0
0.04572697 0.01416322 -4.10779 -4.122189 1.159273 0.7848395 0.4019165 19.88335 1.931356 0 0.0
-0.03430844 -0.04068609 -1.821382 -3.013673 0.3275912 0.2174885 0.2695139 17.82199 2.507057 1 0.0
0.009660515 -0.06027883 1.509696 1.374997 1.000309 0.61739 0.4200351 19.53069 nan 0 0.0
0.02470861 0.006848782 -2.435445 -5.573593 0.3631399 0.2196758 0.03711657 18.02462 3.023689 1 0.0
-0.002814813 -0.002569541 -16.26887 -9.343905 1.290382 0.834238 0.4253252 19.09649 nan 0 0.0
0.006753722 0.06211983 -4.126728 -3.72783 1.029099 0.7810915 0.1820632 19.52322 nan 0 0.0
0.01427574 0.04497173 -8.123041 -5.920124 2.64431 1.15923 0.2209607 20.39643 1.776953 0 0.0
0.0162791 -0.03647245 -5.139109 -5.068637 0.4656938 0.2512403 0.4186419 18.22571 2.759933 1 0.0
-0.01132146 0.01310807 -5.44039 -3.136356 0.7002953 0.4458951 0.3539046 18.71408 nan 0 0.0
-0.008907991 -0.02105985 -4.521676 -0.4593963 3.008668 1.349163 0.7025655 20.27711 1.771727 0 0.0
0.01171795 -0.0416596 -1.393566 -3.328882 1.650871 1.003729 0.5836922 19.90894 nan 0 0.0
-0.03371323 0.04271872 -0.03542047 -0.469025 0.258205 0.1543351 0.005246899 17.41162 nan 0 0.0
0.0007619288 -0.0197547 -5.536092 -3.789622 0.9608846 0.645217 0.3192576 19.41013 2.094244 0 0.0
0.0001051285 0.005376526 -3.683159 -4.692944 0.8523921 0.4844468 0.254116 18.25222 2.338074 0 0.0
