data/gcs/NGC_6254_M_10.ecsv
# %ECSV 0.9
# ---
# datatype:
# - {name: x, unit: deg, datatype: float64}
# - {name: y, unit: deg, datatype: float64}
# - {name: pmx, unit: mas / yr, datatype: float64}
# - {name: pmy, unit: mas / yr, datatype: float64}
# - {name: pmx_e, unit: mas / yr, datatype: float64}
# - {name: pmy_e, unit: mas / yr, datatype: float64}
# - {name: pm_corr, datatype: float64}
# - {name: g_mag, unit: mag, datatype: float64}
# - {name: bp_rp, unit: mag, datatype: float64}
# - {name: filter, datatype: int64}
# - {name: memberprob, datatype: float64}
# meta: !!omap
# - comments: [deg deg mas/yr mas/yr mas/yr mas/yr dimless mag   mag   zeroone float]
# - __serialized_columns__:
#     bp_rp:
#       __class__: astropy.units.quantity.Quantity
#       unit: &id001 !astropy.units.Unit {unit: mag}
#       value: !astropy.table.SerializedColumn {name: bp_rp}
#     g_mag:
#       __class__: astropy.units.quantity.Quantity
#       unit: *id001
#       value: !astropy.table.SerializedColumn {name: g_mag}
#     pmx:
#       __class__: astropy.units.quantity.Quantity
#       unit: !astropy.units.Unit {unit: mas / yr}
#       value: !astropy.table.SerializedColumn {name: pmx}
#     pmx_e:
#       __class__: astropy.units.quantity.Quantity
#       unit: !astropy.units.Unit {unit: mas / yr}
#       value: !astropy.table.SerializedColumn {name: pmx_e}
#     pmy:
#       __class__: astropy.units.quantity.Quantity
#       unit: !astropy.units.Unit {unit: mas / yr}
#       value: !astropy.table.SerializedColumn {name: pmy}
#     pmy_e:
#       __class__: astropy.units.quantity.Quantity
#       unit: !astropy.units.Unit {unit: mas / yr}
#       value: !astropy.table.SerializedColumn {name: pmy_e}
#     x:
#       __class__: astropy.units.quantity.Quantity
#       unit: &id002 !astropy.units.Unit {unit: deg}
#       value: !astropy.table.SerializedColumn {name: x}
#     y:
#       __class__: astropy.units.quantity.Quantity
#       unit: *id002
#       value: !astropy.table.SerializedColumn {name: y}
# schema: astropy-2.0
x y pmx pmy pmx_e pmy_e pm_corr g_mag bp_rp filter memberprob
[from data line 23496]
-0.2253425 -0.2028977 -9.328943 -6.75896 1.890438 1.694733 -0.08907807 20.63933 2.028605 0 0.0
0.0152398 0.1220099 3.898558 -11.04355 0.19962 0.1228971 0.2975913 17.38905 1.212078 1 0.0
0.05356068 -0.001618585 -4.298661 -4.846739 1.481464 1.398633 0.4282633 20.12328 0.9939499 0 0.0
-0.025294 0.04325461 -7.558531 -6.286469 2.496733 1.97175 -0.2291415 20.592 nan 0 0.0
0.1149625 -0.06785915 -5.449721 -6.227892 2.867887 1.392279 0.3037705 20.76315 0.926321 0 0.0
0.02295418 0.009415462 -5.514455 -6.102308 0.8365654 0.5243309 -0.2738504 18.77383 0.9537792 0 0.0
-0.01765097 -0.06104662 -4.579134 -6.531768 0.2401371 0.1553119 0.2908566 17.73861 1.017721 1 0.9992291
0.09950615 -0.02382357 -2.564332 -4.91934 1.407154 0.9745018 0.3286972 20.27633 1.221649 0 0.0
-0.05152736 -0.06296831 -4.250036 -5.847647 0.1383865 0.09675512 0.2393059 16.65774 1.194295 1 0.554296
0.05552765 0.05087771 -5.028555 -6.336475 0.4830181 0.3127169 0.25018 18.81384 0.9870014 0 0.0
-0.1583763 0.09062403 3.536832 -2.175485 0.5341491 0.3299844 0.4094704 18.53988 1.931089 0 0.0
-0.0152054 0.185219 -5.285914 -6.70864 0.4522838 0.2819283 0.3851762 18.74782 1.027655 1 0.9879828
0.04432455 0.03870285 -4.07382 -10.63125 1.026974 0.6655576 0.1458023 18.93116 1.059568 0 0.0
0.04656952 -0.09188529 -4.635916 -5.869426 1.074267 0.688531 0.2509437 20.05687 1.082876 0 0.0
0.03680032 -0.07641191 -5.089117 -7.437092 0.8191889 0.5566294 0.2960719 19.73935 0.9583683 0 0.0
0.01041249 -0.02797594 1.431917 -2.73684 1.524815 0.9364329 0.5621095 19.75113 nan 0 0.0
0.07430277 -0.1863991 -1.113096 -0.5812936 2.798755 1.996031 0.2464033 20.87979 2.094181 0 0.0
-0.1627362 0.04732399 -4.28393 -5.673439 1.221391 0.8437258 0.3080149 20.19723 0.9977722 1 0.9331391
0.00201147 -0.03616126 -2.749637 -3.341578 0.743156 0.483801 0.3527063 18.04145 1.041801 0 0.0
-0.01858035 -0.01649909 -9.845545 -2.401736 1.589805 1.475127 -0.6336587 19.33902 nan 0 0.0
0.04625759 0.03942658 -4.322007 -6.386295 1.486315 0.7367771 0.3112624 19.72867 1.020834 0 0.0
-0.172885 -0.03860515 -3.255756 -8.374237 1.896455 1.432647 0.3316137 20.609 1.276567 0 0.0
-0.03916061 0.05752197 -4.796921 -5.069418 1.961247 1.237134 0.3464754 20.51353 0.9637909 0 0.0
0.05437091 0.05143616 -4.530536 -6.376788 0.4636753 0.2898895 0.3171671 18.71382 0.9777164 1 0.9978322
0.007293297 0.05385173 -4.87892 -6.336035 0.1860896 0.1134438 0.3187535 17.25735 1.203405 1 0.9990623
0.1515204 -0.05061138 -5.795901 -8.250098 1.130728 0.7212487 0.20617 20.22823 0.9237843 1 0.8279557
-0.08116448 0.00223241 -8.561151 -10.00591 3.065395 2.370731 0.2892139 20.87576 nan 0 0.0
0.003229092 -0.01205095 -4.753572 -6.653307 0.1542787 0.08898441 0.4532133 16.19137 1.114157 0 0.0
0.009956462 0.01604186 -4.372014 -5.472239 0.2023928 0.1263919 0.2480654 16.25441 1.142291 0 0.0
0.10539 0.1651842 -4.374139 -7.50115 1.672661 1.061917 0.233974 20.54031 0.8580475 1 0.8766924
-0.1345736 0.1118569 -1.787558 0.4281049 0.2718257 0.1764936 0.3438994 17.97327 1.251245 0 0.0
0.01477041 0.2638107 -8.019309 -5.172355 3.05806 2.012104 -0.09969207 20.80014 0.9901047 0 0.0
-0.07071367 -0.1098819 -4.672492 -6.293052 0.6665722 0.4569419 0.298849 19.42438 1.037823 1 0.9911645
-0.03830044 -0.1043284 -3.993634 -5.598181 0.9390254 0.6487618 0.2962995 19.86021 1.118313 1 0.9696172
-0.01040664 -0.083557 -7.286861 -13.00913 1.767251 1.030722 0.006978984 19.64025 0.956831 0 0.0
-0.01938481 -0.1047158 -2.675406 -5.560289 4.516538 2.764597 0.2210376 20.98553 0.8115711 0 0.0
0.02914897 0.01724063 -4.544248 -5.676256 2.517709 2.190479 -0.1348903 19.82238 nan 0 0.0
0.3093802 0.05949247 -2.22348 -7.280889 0.2052133 0.1346574 0.1431447 17.68247 1.341322 1 0.0
0.002407222 -0.01753696 -4.50652 -6.377395 0.05783061 0.03419143 0.3479487 14.30652 1.272566 1 0.9993404
0.06177522 0.1449244 -3.800751 -7.335109 1.355159 0.8637606 0.3740092 20.27464 1.08243 1 0.9203615
0.0545763 -0.06124617 0.4081413 -5.96361 2.728115 1.607788 0.4392716 20.68817 nan 0 0.0
-0.03014777 0.00090511 -4.431835 -5.874067 0.4053917 0.3030993 0.5526034 18.0362 nan 0 0.0
0.2576037 -0.06907639 2.829089 -5.919158 4.572297 2.493591 -0.02823509 20.97206 2.520103 0 0.0
-0.009935901 -0.00221862 -6.045011 -5.16735 0.538146 0.3826781 0.04708372 18.05969 0.995306 0 0.0
-0.0409363 -0.04316895 -4.505059 -6.474663 0.708883 0.5000576 0.2568896 19.1344 nan 0 0.0
0.01234764 0.123656 -7.119777 -6.988875 1.514772 0.9442565 0.2888292 20.35572 1.027115 1 0.9508465
0.2765843 -0.1023311 -2.543262 -9.125078 2.378403 1.703145 0.1662111 20.75662 1.089329 0 0.0
-0.08690187 -0.001991063 -5.510324 -6.090877 1.344452 0.9593106 0.2619399 20.38637 1.053091 0 0.0
0.05474028 0.1121055 0.2221083 -6.398422 1.001481 0.6650527 0.3851619 19.84378 1.493164 0 0.0
0.0385476 0.1841057 -4.785305 -5.119068 0.6498758 0.4287531 0.3677971 19.36534 0.9744663 1 0.291086
0.04940002 -0.09251679 -4.968745 -6.009417 0.6324123 0.4456489 0.3176169 19.23219 0.9638157 0 0.0
0.1605374 0.0626843 -5.567508 -6.241551 0.5052346 0.3226094 0.3397371 19.0389 0.9471931 1 0.9524712
0.2178526 -0.01701637 -3.876368 -3.488419 0.1074217 0.06899022 0.1943094 16.52056 1.412492 1 0.0
-0.02710307 -0.02110701 -7.574406 -11.06669 0.7367163 0.4615383 0.2473634 18.16224 1.022694 0 0.0
0.01084144 0.1836379 -4.620232 -6.706607 0.284717 0.1762264 0.3281948 17.98045 1.037746 1 0.9952391
0.002650748 -0.01270278 -5.564001 -7.372583 0.1888466 0.1082865 0.5204788 15.27629 nan 0 0.0
-0.02958463 0.0006605136 -3.446518 -6.881105 0.3963697 0.2672847 0.1883647 18.29937 nan 0 0.0
-0.1410519 -0.09602388 1.675569 -1.815788 1.54433 1.089709 0.1783232 20.55215 0.8142891 0 0.0
0.04908832 -0.2078261 -9.116693 -2.639716 0.3767565 0.2311594 0.2175887 18.29748 1.79034 1 0.0
0.09129919 -0.05655078 -6.148213 -2.664472 0.6508972 0.4322248 0.2764331 19.30691 1.252678 1 0.0
-0.0423873 0.0551648 -4.116245 -6.207314 2.200075 1.37254 0.4201137 20.37411 nan 0 0.0
-0.05889553 -0.03068218 -4.387375 -7.143593 0.5693083 0.4016914 0.1246118 18.97656 0.9686794 0 0.0
-0.03813582 -0.04736402 -5.137762 -6.659059 0.4575512 0.2923211 0.2230189 18.63255 1.020777 0 0.0
-0.007760156 0.06744396 -20.14474 -19.03303 2.220815 1.27424 0.6989728 20.10355 1.049593 0 0.0
-0.01737902 0.02941844 -11.31119 -9.509754 1.195879 0.7947418 0.3550681 18.2187 0.9587898 0 0.0
-0.02842848 0.01622595 -4.843463 -6.550458 0.3406756 0.2134782 0.5744613 17.59757 1.015421 0 0.0
0.2777621 0.1807003 -6.766289 -9.679866 0.6970008 0.4555884 0.2338848 19.55682 1.306812 1 0.0
0.01595277 -0.003585333 -6.321906 -5.831744 0.3652042 0.2020079 0.1646891 16.87549 1.304924 0 0.0
-0.2677835 -0.1020339 -6.194537 -1.809185 1.711009 1.218207 -0.1749343 20.30411 1.190029 0 0.0
0.005085706 -0.0377315 -3.123824 -5.561431 0.8942232 0.539633 0.5798986 19.30548 0.9426937 0 0.0
-0.07574593 -0.001079646 -5.301555 -6.594971 0.3544355 0.236795 0.2618459 18.41783 0.9825058 1 0.9971324
0.3192668 -0.03404206 -3.357283 -8.500681 1.948832 1.124607 0.2202867 20.5891 0.9211159 0 0.0
-0.02032935 -0.06440743 -4.796166 -6.851196 0.5533211 0.3365218 0.3310549 18.89493 0.9717236 0 0.0
0.01018467 0.008410554 -4.416813 -6.110638 0.0485233 0.03174542 0.3503064 13.8317 1.29995 0 0.0
0.02567546 -0.08568261 -4.096555 -6.569146 0.4178355 0.2891017 0.194619 18.70257 nan 0 0.0
0.002513782 -0.009871799 -3.106291 -7.392629 0.2880181 0.18691 0.2433161 11.30697 1.8115 0 0.0
-0.01165536 -0.02700082 -1.655252 -9.103145 1.22752 0.8735867 -0.2725384 19.35029 nan 0 0.0
-0.01763669 -0.01927856 -7.584478 -6.501963 0.6144719 0.3965254 -0.2418542 18.20984 1.026369 0 0.0
0.2391806 0.002218386 -4.952752 -6.403716 0.8754384 0.5700062 0.2561109 19.93891 1.17321 1 0.9456997
0.09371919 -0.05457886 -4.923767 -6.234198 0.7077721 0.4395276 0.279855 19.45848 1.052919 0 0.0
0.1774299 0.1208188 1.757973 5.632786 0.4711405 0.3041921 0.3438273 18.89064 1.971201 1 0.0
-0.08976568 0.1589779 1.252441 -1.591151 0.2695353 0.1629546 0.3307201 17.9427 1.065126 1 0.0
0.01846536 0.05519194 -4.50092 -8.485399 0.8025091 0.4668505 0.305342 19.43993 0.9668884 0 0.0
0.07376151 0.04522476 -5.952738 -6.254773 1.221444 0.7992638 0.2462702 20.16673 0.8342266 0 0.0
0.2476717 -0.05154711 -4.275067 -6.543058 0.4226758 0.2619034 0.2587878 18.5866 0.9996338 1 0.9739713
-0.02544479 -0.001550915 -4.68021 -7.141614 0.4953788 0.3663606 0.3185703 18.54492 1.028292 0 0.0
-0.03061817 -0.0356316 -7.578115 -7.127986 0.9721775 0.6176855 0.02640421 19.28737 0.9606991 0 0.0
-0.1065282 -0.05416275 5.734911 -10.97432 0.1781495 0.1139861 0.1837147 17.2356 1.049719 1 0.0
0.01143261 0.002467238 -0.9760148 -7.829932 0.7481337 0.3551974 0.06080625 17.47018 0.9577141 0 0.0
-0.09502066 0.05479407 -6.28878 -11.77501 2.647099 2.175619 0.3732804 20.81202 0.424902 0 0.0
0.1669784 0.07517182 -1.992821 -4.721392 0.4270172 0.2674504 0.312243 18.7161 0.95327 1 0.0
-0.1472326 -0.001816318 -4.929217 -6.824237 0.20372 0.1350289 0.2490141 17.44761 1.162394 1 0.9962934
0.005984087 0.0234467 -4.138892 -8.08277 0.6414229 0.3804609 0.4578215 17.01397 1.175564 0 0.0
-0.01742466 0.02882144 -6.763066 -7.418206 0.4826159 0.2867854 0.2979252 18.48772 nan 0 0.0
-0.1237903 -0.1244481 -7.811443 -6.026114 0.181347 0.1126138 0.1289007 17.14028 1.072588 1 0.0
0.02921579 0.1838417 -4.253521 -5.976725 1.108895 0.6452948 0.4633084 19.87144 1.147921 1 0.9500192
0.2253195 0.1263335 -4.587459 -2.882612 0.04964283 0.02975302 0.2423953 14.35506 1.403395 1 0.0
-0.1176102 0.1748899 -5.509775 -6.413369 0.6151892 0.3688154 0.3335881 19.10787 1.124002 0 0.0
0.04844491 -0.03377234 -4.725773 -6.597108 0.3097767 0.2095644 0.4179421 18.0406 0.8847904 0 0.0
-0.07305886 -0.09198359 -6.643087 -5.069692 1.195014 0.8398049 0.3096703 20.22365 0.8971329 1 0.714537
-0.1523412 -0.1078625 -4.929598 -8.161682 0.8232017 0.5961827 0.1983606 19.67724 1.0203 1 0.7156726
0.06372325 -0.05380486 -6.091847 -2.856427 1.182635 0.8244173 0.2825404 20.14863 1.305798 0 0.0
0.04217778 0.0256219 -6.440182 -5.625513 1.622063 1.448347 0.1017834 20.17513 nan 0 0.0
0.01024415 -0.09888777 -4.036438 -7.873013 1.314166 0.9518569 0.2183484 20.34599 1.154156 0 0.0
-0.07884038 0.04835471 -5.488365 -6.318087 1.623585 1.156615 0.3908633 20.45719 1.209496 0 0.0
-0.003011293 0.09204876 -7.152435 -5.760799 1.382936 0.8347433 -0.6242536 19.18766 nan 0 0.0
-0.07576193 0.1713537 -2.665877 -6.097246 0.4785846 0.2921446 0.2600051 16.88218 1.195599 0 0.0
0.06516991 -0.0429946 -4.958866 -7.565754 3.170626 2.601559 0.2243203 20.98513 0.7744312 0 0.0
-0.3061957 -0.05530865 -3.794433 0.5977959 1.197795 0.8281163 -0.1322159 19.94377 1.080061 1 0.0
0.09329284 -0.05650714 -5.107735 -6.640428 0.8960236 0.5536662 0.2653779 19.8043 1.024183 1 0.9910517
0.05744544 0.05067587 -3.915366 -6.482631 1.558392 1.020302 0.2802105 20.14957 1.050686 0 0.0
-0.01682859 -0.08823011 -6.388434 -6.941386 0.8836781 0.5980663 0.2890239 19.80101 0.591713 0 0.0
-0.008125968 0.118552 -4.993871 -6.337314 2.172987 1.195657 0.3234042 20.60339 1.250992 1 0.9561351
0.08420416 -0.08589072 -5.033827 -6.964474 0.4787159 0.3152618 0.2506792 18.91377 0.9896412 1 0.9938178
0.02579831 -0.0520475 -5.069447 -6.146912 0.790534 0.5009222 0.478915 19.43473 0.9685707 0 0.0
-0.01573086 -0.1878773 -1.323389 -11.77919 0.198812 0.1271387 0.1689497 17.55093 1.19359 1 0.0
0.03350092 -0.006381095 -7.486126 -6.007024 2.327891 1.568479 0.5232327 19.34751 nan 0 0.0
0.04290787 0.01658579 -5.364161 -7.381901 0.6079378 0.3435484 0.1610895 18.34956 1.060516 0 0.0
0.1120483 -0.01307493 -4.154458 -5.341375 0.6292846 0.3889076 0.2692954 19.31962 0.8364925 0 0.0
0.06028177 -0.08053463 -3.105331 -6.758126 1.056346 0.6715593 0.2825586 20.05146 0.9659348 0 0.0
-0.05979233 -0.0456001 -4.810994 -7.038344 0.7481758 0.4819767 0.197069 19.37836 1.030472 1 0.9941212
0.2150495 0.2039 -1.899066 -0.9194857 1.425608 0.9263074 0.2781506 20.33369 1.113653 0 0.0
-0.1316834 0.1244823 2.39156 -1.184921 0.5360115 0.3542137 0.3921053 18.97995 1.596437 1 0.0
0.07343131 -0.06950268 -4.746878 -6.319421 1.029198 0.6739967 0.2929404 20.00452 0.9853535 0 0.0
0.06153468 -0.01618033 -6.718109 -8.784128 0.7433688 0.4816813 0.3502985 19.36172 nan 0 0.0
-0.01740687 -0.08859729 -5.158014 -6.765084 0.8272679 0.5652191 0.3024314 19.71318 0.9247437 0 0.0
0.01503848 -0.06185433 -4.246756 -5.712933 0.912005 0.5465222 0.4171029 19.4905 0.8251228 0 0.0
0.05488292 -0.02882557 -4.705874 -4.75706 0.4139976 0.2601542 0.3897794 18.11967 0.9917316 0 0.0
-0.04605384 0.02600697 -4.727324 -6.529368 0.4494961 0.2967622 0.3179749 18.78588 0.9032936 0 0.0
0.05162201 -0.08997348 -4.39579 -6.133371 1.21016 0.7544509 0.2337125 20.12586 1.066648 0 0.0
0.1486058 -0.09172323 -4.149061 -4.531368 1.300072 0.7516437 0.1444027 20.20074 1.104465 1 0.5174673
0.02495606 -0.2140901 -2.163165 -4.173126 0.1891675 0.1169165 0.1758283 17.21227 1.167732 1 0.0
0.02750215 -0.07083397 -6.576054 -6.784779 2.496803 1.504558 0.2561652 20.65137 nan 0 0.0
0.02590375 -0.08522008 -4.369647 -6.469514 0.3237495 0.2188607 0.1855113 18.31676 0.8704586 0 0.0
0.1458854 -0.1534153 -7.617203 -7.382805 1.096638 0.6363685 0.2607961 19.87083 1.095535 0 0.0
-0.2431672 -0.08332976 -3.397318 -4.081645 0.6226298 0.4291594 -0.100718 19.05115 1.2736 1 2.661071e-06
-0.1243778 0.1305868 -4.682324 -6.775671 0.1496782 0.09707156 0.3186176 16.90374 0.9903126 1 0.9962678
0.02840131 -0.0355557 -6.134222 -7.179692 2.836465 1.584008 0.5359177 20.37654 nan 0 0.0
0.1520528 -0.05182789 -0.3397003 -0.2547587 1.354533 0.8202655 0.105937 20.33717 1.445374 0 0.0
0.02245101 -0.02318063 -9.98715 -11.54907 1.227882 0.770342 0.6392841 19.19134 1.054388 0 0.0
0.006410199 0.01677289 -4.743707 -6.565782 0.07860057 0.04892984 0.3113269 14.43986 1.376608 0 0.0
0.0625387 -0.02194728 -6.07297 -7.060273 1.622262 1.048721 0.6277848 20.0116 1.017818 0 0.0
-0.03196394 0.1286656 3.990076 -1.964192 0.2391895 0.1463775 0.3104639 17.71123 1.019701 1 0.0
0.02538696 -0.0659325 -6.52803 -8.362563 0.5451778 0.3320698 0.4238245 18.08316 1.00094 0 0.0
0.09030329 -0.1145168 -5.395783 -6.744142 0.7591745 0.4880065 0.213754 19.67702 1.070993 1 0.9858119
-0.04588644 0.02633313 -4.475456 -6.418705 0.7580212 0.5640868 0.3883634 19.39958 nan 0 0.0
-0.00223462 -0.04401095 -4.670128 -6.230963 0.4811539 0.3073842 0.2078208 18.74854 0.8955212 0 0.0
0.02006167 -0.01955422 -4.506206 -6.265924 0.7121296 0.4975526 0.682633 18.76722 nan 0 0.0
-0.04724139 0.03232213 -3.539388 -6.49779 0.6939492 0.453954 0.3145681 18.94537 0.9135666 0 0.0
0.03916422 0.02647845 -6.178456 -4.175615 2.724525 1.67077 -0.3472292 20.46653 nan 0 0.0
0.002665935 -0.02257474 -4.492914 -6.541024 0.102618 0.06854636 0.3178635 11.33221 1.966584 0 0.0
-0.02919641 -0.205655 -4.829947 -1.93461 0.1834807 0.1122542 0.1178626 17.22285 1.341839 1 0.0
0.08779632 -0.07966362 -2.249783 -7.470548 0.2246445 0.1433993 0.2066301 17.69325 1.138302 1 0.0
0.1891953 -0.07791356 1.717054 -4.648105 0.6593622 0.3854323 0.3440918 19.30381 1.16855 1 0.0
0.1938736 0.1380745 -8.226991 1.058288 0.2508607 0.157588 0.3059892 17.85961 1.491444 1 0.0
0.2518309 0.01107795 -5.968555 -2.604095 0.194272 0.1246258 0.2093311 17.60722 1.129677 1 0.0
0.006455446 -0.03418479 -4.434547 -5.853927 0.5898543 0.3309442 0.5153517 18.47509 0.9606857 0 0.0
-0.1036133 0.0001088433 0.204408 -4.119247 2.399524 1.9325 0.4252527 20.87869 0.9352875 0 0.0
-0.06441758 0.1291293 -8.776789 1.203372 0.3017175 0.1793943 0.3611475 18.02792 1.191525 1 0.0
0.02517452 -0.04640554 -4.585341 -8.082451 1.779569 1.420013 0.1411658 19.88526 nan 0 0.0
-0.007623166 0.06728088 1.022424 -1.819156 2.181218 1.211679 0.5442722 19.98253 1.156231 0 0.0
0.03172531 0.1236321 -4.06501 -6.710028 0.2651349 0.1756918 0.2742389 17.89837 0.9368286 1 0.9791337
0.02919542 0.03907405 -4.640822 -4.539127 3.163177 2.090896 -0.03015026 20.09465 nan 0 0.0
0.004020552 -0.00282892 -5.894675 -7.144137 0.2701852 0.1778238 0.3705534 15.93668 nan 0 0.0
0.04689469 0.002431612 -2.11478 -7.677772 1.336687 1.110014 0.2839508 20.03662 0.8905087 0 0.0
0.06379918 0.1368486 -10.35314 -5.759776 3.584833 2.326491 0.583797 20.86708 0.9915905 0 0.0
