data/gcs/NGC_6304.ecsv
# %ECSV 0.9
# ---
# datatype:
# - {name: x, unit: deg, datatype: float64}
# - {name: y, unit: deg, datatype: float64}
# - {name: pmx, unit: mas / yr, datatype: float64}
# - {name: pmy, unit: mas / yr, datatype: float64}
# - {name: pmx_e, unit: mas / yr, datatype: float64}
# - {name: pmy_e, unit: mas / yr, datatype: float64}
# - {name: pm_corr, datatype: float64}
# - {name: g_mag, unit: mag, datatype: float64}
# - {name: bp_rp, unit: mag, datatype: float64}
# - {name: filter, datatype: int64}
# - {name: memberprob, datatype: float64}
# meta: !!omap
# - comments: [deg deg mas/yr mas/yr mas/yr mas/yr dimless mag   mag   zeroone float]
# - __serialized_columns__:
#     bp_rp:
#       __class__: astropy.units.quantity.Quantity
#       unit: &id001 !astropy.units.Unit {unit: mag}
#       value: !astropy.table.SerializedColumn {name: bp_rp}
#     g_mag:
#       __class__: astropy.units.quantity.Quantity
#       unit: *id001
#       value: !astropy.table.SerializedColumn {name: g_mag}
#     pmx:
#       __class__: astropy.units.quantity.Quantity
#       unit: !astropy.units.Unit {unit: mas / yr}
#       value: !astropy.table.SerializedColumn {name: pmx}
#     pmx_e:
#       __class__: astropy.units.quantity.Quantity
#       unit: !astropy.units.Unit {unit: mas / yr}
#       value: !astropy.table.SerializedColumn {name: pmx_e}
#     pmy:
#       __class__: astropy.units.quantity.Quantity
#       unit: !astropy.units.Unit {unit: mas / yr}
#       value: !astropy.table.SerializedColumn {name: pmy}
#     pmy_e:
#       __class__: astropy.units.quantity.Quantity
#       unit: !astropy.units.Unit {unit: mas / yr}
#       value: !astropy.table.SerializedColumn {name: pmy_e}
#     x:
#       __class__: astropy.units.quantity.Quantity
#       unit: &id002 !astropy.units.Unit {unit: deg}
#       value: !astropy.table.SerializedColumn {name: x}
#     y:
#       __class__: astropy.units.quantity.Quantity
#       unit: *id002
#       value: !astropy.table.SerializedColumn {name: y}
# schema: astropy-2.0
x y pmx pmy pmx_e pmy_e pm_corr g_mag bp_rp filter memberprob
[from data line 335]
-0.05458732 -0.02593545 -7.425042 -4.18834 1.579379 1.13753 0.5866462 19.62458 1.814011 0 0.0
-0.04147504 -0.06516721 -7.512318 -3.263951 1.763722 1.116036 0.6332487 19.55908 1.271564 0 0.0
-0.04418964 -0.05121038 -2.968709 -1.170283 1.642781 1.0395 0.6795195 19.66837 nan 0 0.0
-0.0542897 -0.03603661 0.1170085 -1.42719 1.943018 1.172371 0.4559626 19.83899 1.69375 0 0.0
-0.02891621 -0.06090946 1.228832 -1.491959 0.1596259 0.09978865 0.2775853 16.81101 1.491293 1 0.0
-0.05175848 -0.05141805 -1.22407 -4.725228 0.3099492 0.1883649 0.1877244 15.00002 5.163428 1 0.0
-0.06316161 -0.03553058 6.810944 -0.3579853 1.003709 0.5858195 0.3832075 19.33656 1.298834 0 0.0
-0.04041411 -0.06209023 -3.983202 -4.460667 1.367203 0.8900266 0.5566567 19.73615 nan 0 0.0
-0.04171867 -0.05389298 -1.198175 -7.13647 1.190411 0.7792951 0.4971812 19.65497 1.094427 0 0.0
-0.02522404 -0.06491963 -9.704311 -4.197565 1.081094 0.8624246 -0.2269505 19.08024 nan 0 0.0
-0.03531423 -0.0659507 -1.620962 -0.4380773 0.7162829 0.4536417 0.5132986 18.77493 1.278103 0 0.0
-0.05904042 -0.04258338 -7.650577 -8.569206 1.526545 1.024942 0.3759022 18.8673 1.483746 0 0.0
-0.05351067 -0.05257481 -1.971215 -4.881757 1.604999 0.9820029 0.2863817 19.67804 1.741499 0 0.0
-0.01627484 -0.06790661 -10.83801 0.4471917 2.801977 1.913289 0.2525096 19.81444 nan 0 0.0
-0.03297636 -0.06945371 -5.421825 -0.1587647 0.4733556 0.2921261 0.4590458 18.4947 1.406445 0 0.0
-0.04149943 -0.07044676 -2.270415 -6.945885 0.9153559 0.5728085 0.5754394 19.29602 nan 0 0.0
-0.02570423 -0.05619363 -3.586519 -7.753152 1.017183 0.6414441 0.2240206 18.87504 1.513351 0 0.0
-0.0370123 -0.06970878 -17.37016 -15.41608 2.311573 1.419043 0.6830194 19.70322 nan 0 0.0
-0.04293776 -0.05985776 -5.373387 -5.202475 0.6155647 0.3817935 0.4584175 18.65125 1.627886 0 0.0
-0.05863369 -0.05696073 -2.146956 -7.672391 1.016104 0.5708557 0.6412286 19.12888 nan 0 0.0
-0.0383775 -0.04068518 0.04358696 -4.099103 1.179324 0.7120992 0.7432578 19.23187 1.311819 0 0.0
-0.04597149 -0.04575044 -1.070446 -2.636155 1.133853 0.7128571 0.5348861 19.09426 1.492258 0 0.0
-0.04921536 -0.03821794 -3.828391 -10.88629 1.684247 1.023133 0.6354011 19.58387 1.341883 0 0.0
-0.05717259 -0.05785826 -3.768533 1.842574 0.2052587 0.1324955 0.2200242 16.96395 1.458261 0 0.0
-0.02902312 -0.05848907 -2.958867 -4.017199 0.4699133 0.2928363 0.2937468 18.06938 1.36998 0 0.0
-0.04113306 -0.05724967 -2.328131 1.545056 1.311542 0.8078765 0.6063976 19.77497 0.6955757 0 0.0
-0.05380302 -0.05215154 -0.1468027 -4.800369 2.015628 1.327164 0.6022538 19.57395 1.072586 0 0.0
-0.02384491 -0.0578068 -7.891437 -4.608931 1.391512 0.8615859 0.530436 19.6435 1.228954 0 0.0
-0.04256524 -0.06163716 22.1236 4.873016 2.590154 1.55729 0.1585301 19.81413 1.779366 0 0.0
-0.03829832 -0.03935573 -3.464849 -6.364042 1.153418 0.7554732 0.4468911 19.51201 1.558239 0 0.0
-0.04979458 -0.04863806 -4.82415 -7.012166 0.6047856 0.3738886 0.2122295 18.79405 1.400784 0 0.0
-0.03249738 -0.07263883 -0.941966 -4.246368 1.558653 0.9930796 0.6050519 19.6601 1.50025 0 0.0
-0.03855212 -0.07034832 -15.48955 -10.48316 1.19829 0.7635805 0.5243771 19.24837 1.395393 0 0.0
-0.05183166 -0.06408097 -0.1134861 -1.434408 0.400817 0.2412669 0.4675152 18.21122 1.636227 0 0.0
-0.02737238 -0.07432722 -5.688727 -9.987673 0.3526119 0.2295193 0.4808562 17.93114 1.58094 0 0.0
-0.03045514 -0.06510989 -1.339175 -3.632391 0.9457263 0.5935292 0.573226 19.3563 1.603868 0 0.0
-0.03874636 -0.04848828 -9.776276 -9.556155 2.406381 1.523173 0.5291214 19.9011 nan 0 0.0
-0.06934591 -0.04223705 -10.78927 -1.035436 2.497984 1.614272 -0.1123272 19.93237 nan 0 0.0
-0.02610072 -0.06340732 -0.8709675 -1.707568 0.8678026 0.5587345 0.3636109 18.13832 1.470644 0 0.0
-0.05266349 -0.04746649 2.745426 -6.134539 1.230835 0.8037054 0.5177438 19.69806 nan 0 0.0
-0.02458665 -0.06532764 -5.577011 -3.054359 0.4229869 0.2849347 0.5086105 17.62276 1.382296 0 0.0
-0.03807451 -0.06946885 -3.204474 -4.051165 0.1175194 0.07397576 0.2504292 16.13947 2.208263 1 0.0
-0.04867788 -0.05122961 -2.995158 -4.185137 1.116306 0.6728812 0.708686 18.95698 1.534107 0 0.0
-0.01797384 -0.0702186 -2.923981 -5.665698 0.7289433 0.4531224 0.4136227 18.57375 1.46015 0 0.0
-0.02554347 -0.06184125 -0.6260147 0.7824441 1.801391 1.088752 0.5531998 19.75395 0.5512276 0 0.0
-0.05621864 -0.05414412 -1.123539 -7.607088 0.7607631 0.459432 0.5006955 18.99572 1.394558 0 0.0
-0.03831778 -0.05811832 -5.255445 -6.826683 1.428091 0.8695267 0.6412027 19.67377 1.01619 0 0.0
-0.02960418 -0.06930962 -1.837603 -2.035367 1.144643 0.7559035 0.4512574 18.25911 nan 0 0.0
-0.04822392 -0.05643836 -7.288302 -4.714883 0.9027161 0.531605 0.6692696 19.07265 1.335754 0 0.0
-0.04334034 -0.04994163 -0.588996 -4.133183 1.025399 0.6261185 0.5506764 19.08029 1.421764 0 0.0
-0.021587 -0.06086377 -6.855985 -5.923473 1.749166 1.035816 0.5760763 19.80295 1.399504 0 0.0
-0.04694797 -0.0591214 -0.02828288 -7.565101 1.393696 0.9653026 0.3460695 19.762 nan 0 0.0
-0.05699305 -0.04658001 2.194968 -1.412218 0.5831015 0.4058039 0.8523847 17.56172 1.580404 1 0.0
-0.0378145 -0.05468681 -22.34326 -16.09588 1.802862 1.181297 0.2995488 19.51142 1.127924 0 0.0
-0.03779023 -0.04856421 -3.278975 -5.501794 1.122772 0.9055599 -0.07209755 19.32114 nan 0 0.0
-0.04734292 -0.06636187 -2.275549 -2.589019 0.5321222 0.3297719 0.4893313 18.49601 2.02795 0 0.0
-0.05427618 -0.06124221 -4.639168 -6.466653 0.7811254 0.4589211 0.5476551 18.80634 1.258429 0 0.0
-0.04723857 -0.06236211 -3.286194 -7.074974 0.5458541 0.3576404 0.4447634 18.49432 1.350445 0 0.0
-0.03449718 -0.04802517 0.592001 -7.120554 0.6953773 0.4201155 0.4808716 19.04552 nan 0 0.0
-0.02769414 -0.0628508 -2.868427 -2.062435 1.239642 0.7816656 0.4682509 18.63779 nan 0 0.0
-0.03961434 -0.07007788 9.228163 3.861884 1.05536 0.6602651 0.5530353 19.23748 1.358189 0 0.0
-0.03666577 -0.07343561 0.01247543 -1.366289 0.6078967 0.3837744 0.4465122 18.82547 1.350592 0 0.0
-0.03582607 -0.04528668 -1.803642 -3.202802 1.809165 1.085142 0.6367849 19.8711 nan 0 0.0
-0.02822434 -0.06604385 -1.159406 1.007291 0.5579726 0.3476296 0.3974253 18.84354 1.627781 0 0.0
-0.03985934 -0.05477533 -7.899415 -5.447772 1.041575 0.6617436 0.5424393 19.46332 nan 0 0.0
-0.05714448 -0.06062008 -8.551623 -6.969347 0.3325766 0.2274292 0.5200688 17.7727 1.577318 0 0.0
-0.0558292 -0.03798104 -17.90309 -10.51472 2.024429 1.369906 0.2895825 19.66068 nan 0 0.0
-0.03969682 -0.06287768 -2.639163 -3.142858 1.186804 0.69327 0.5485048 19.41338 1.30735 0 0.0
-0.03914175 -0.05621319 12.96258 -7.483101 2.125448 1.326359 0.436208 19.62598 nan 0 0.0
-0.04616027 -0.03945246 -1.060245 -6.581186 1.045323 0.6550097 0.4907331 19.21417 nan 0 0.0
-0.06456672 -0.03970665 -5.306229 -9.402396 0.1217784 0.07482743 0.2409983 16.19843 1.6359 1 0.0
-0.0619542 -0.05534909 -1.975806 -9.084208 1.069008 0.7047655 0.445714 19.24253 1.786774 0 0.0
-0.02578116 -0.06696063 -0.9162994 0.5848333 0.5974406 0.3924204 0.3166622 19.00239 1.138012 0 0.0
-0.05573917 -0.05678363 -1.141347 -1.205692 1.157676 0.7494352 0.4991113 19.55296 nan 0 0.0
-0.03629907 -0.05941457 -1.347936 -5.513162 0.478193 0.3194747 0.3899707 17.8142 1.883545 0 0.0
-0.03390454 -0.07293111 -5.392008 -6.992946 1.416319 0.8450165 0.5130535 19.94221 1.311357 0 0.0
-0.04718323 -0.06714762 -2.640852 -5.910484 0.1374748 0.08440891 0.231872 16.43601 1.951627 1 0.0
-0.0515973 -0.05500569 -4.1066 -1.22738 0.7056171 0.4273035 0.5014622 19.05021 1.156658 0 0.0
-0.04037026 -0.03887397 -3.14883 -4.298458 0.4526036 0.3009544 0.3789823 17.81261 1.748087 0 0.0
-0.05736064 -0.05404939 -8.898967 -0.2139207 1.648497 1.050465 0.4716237 19.32507 1.617794 0 0.0
-0.02790525 -0.06767073 4.301518 3.177411 0.5503752 0.3388936 0.4989436 18.58564 1.424753 0 0.0
-0.04696202 -0.02882508 -6.175699 -11.40614 0.1569578 0.09817761 0.3779387 16.56536 1.374602 1 0.0
-0.02349546 -0.07597038 -7.176584 -5.258862 0.9592412 0.5960081 0.5880913 19.33667 1.74539 0 0.0
-0.03897636 -0.07191823 -0.9428062 -3.760522 2.730009 1.812302 0.6005734 20.14942 1.478121 0 0.0
-0.05021161 -0.06457607 4.952102 -2.955771 1.642827 0.9962226 0.3971366 19.74927 1.534657 0 0.0
-0.0368605 -0.04908267 -3.175605 -3.894799 0.4374734 0.2717211 0.4573169 18.38032 1.536205 0 0.0
-0.04831081 -0.04131313 -0.3031067 0.2644863 0.4576449 0.2818284 0.4784544 18.40141 1.411501 0 0.0
-0.05072182 -0.05324286 -3.031066 -7.000524 0.5092957 0.3209218 0.4158203 18.52632 1.282362 0 0.0
-0.04833877 -0.03837582 -7.571388 -4.417421 0.6104473 0.3919856 0.421253 18.90085 nan 0 0.0
-0.03890128 -0.06000681 -1.842259 -3.849959 1.259112 0.8423616 0.3294088 19.66179 1.521513 0 0.0
-0.04957852 -0.0559698 -1.497086 -3.110692 0.3392684 0.2131333 0.60925 17.44241 1.860785 0 0.0
-0.02559596 -0.06430174 -4.803959 -4.17704 0.2857525 0.1962652 0.5204397 17.26971 1.832317 1 0.0
-0.02198499 -0.06239927 -8.076092 -10.40282 1.904203 1.263491 0.694956 19.45927 1.339544 0 0.0
-0.05050669 -0.05858142 -0.5398863 -2.467702 0.8776115 0.5046468 0.8012128 18.65055 0.5817108 0 0.0
-0.0492702 -0.03468174 -0.9854619 -4.036113 1.393236 0.8768268 0.4265245 19.60379 0.7748661 0 0.0
-0.0446604 -0.06770343 -3.921648 -5.408282 1.566124 0.9941962 0.4990504 19.58784 1.448036 0 0.0
-0.04703129 -0.05125935 2.515726 -1.156052 0.5238227 0.3283294 0.4565453 18.66858 1.503902 0 0.0
-0.06519676 -0.0512179 -1.59194 -6.345817 0.4552683 0.2980683 0.4466776 18.20212 1.780914 0 0.0
-0.03842818 -0.04711105 -4.551748 -6.12193 2.230239 1.547287 0.5845263 19.79947 1.558016 0 0.0
-0.04975173 -0.02772969 -0.8758398 -1.900941 0.4861204 0.2858973 0.3877791 18.13599 1.713728 0 0.0
-0.04783768 -0.03081486 -4.584795 -5.798445 0.745527 0.4874102 0.4478614 18.73199 1.450705 0 0.0
-0.03829678 -0.04343936 3.709774 -6.709313 1.729703 1.047413 0.6032065 19.17019 1.541323 0 0.0
-0.04049691 -0.05424153 -3.649978 -5.142641 0.1642661 0.1065128 0.2064336 16.85502 1.821933 1 0.0
-0.02607466 -0.06148662 -2.746516 -4.91358 1.296032 0.8306409 0.4101756 19.69147 1.219728 0 0.0
-0.05239429 -0.05444534 -4.217373 -5.973935 0.1231542 0.08198103 0.112247 16.1617 1.687468 0 0.0
-0.01845351 -0.06075634 -2.257802 -2.916432 0.904183 0.5682292 0.5441309 19.27457 nan 0 0.0
-0.03072007 -0.06713558 -6.218696 -4.457102 0.08903899 0.05513128 0.2333857 15.36862 2.269897 1 0.0
-0.02283227 -0.07335526 -1.24317 -3.397833 0.6567486 0.4096345 0.4655646 18.94866 1.170147 0 0.0
-0.04985405 -0.03573297 -0.6672503 -4.356941 1.131234 0.723508 0.4568172 19.43453 nan 0 0.0
-0.02344587 -0.06079742 -3.922662 -12.06999 0.189537 0.1183802 0.2150046 16.35304 1.751342 0 0.0
-0.02105362 -0.07178894 -5.213634 -0.154691 1.977127 1.353627 0.3932571 19.44857 1.46097 0 0.0
-0.02376136 -0.07431868 -10.9067 0.5110169 1.094312 0.6876211 0.5315581 19.21012 1.334318 0 0.0
-0.04394654 -0.06062304 -5.507882 1.092733 1.944098 1.269629 0.3631962 19.91679 1.359011 0 0.0
-0.05123743 -0.03144213 -6.037315 -5.825456 0.887936 0.5773891 0.4978755 19.16596 1.71147 0 0.0
-0.01980703 -0.06480589 -11.26331 -9.282598 1.108855 0.680151 0.4491871 19.36627 1.966698 0 0.0
-0.0585649 -0.03815043 -4.541492 -1.994894 1.049047 0.6784473 0.454188 19.23418 1.301985 0 0.0
-0.04583277 -0.05881952 -3.162518 -5.9585 1.213517 0.7117496 0.5347875 19.54209 nan 0 0.0
-0.01985891 -0.07105056 -4.689078 -5.716637 0.3382998 0.2309976 0.5218126 17.76685 1.865355 1 0.0
-0.05524135 -0.0444142 -5.019718 -4.454423 0.8848576 0.5862804 0.431002 18.96517 1.463799 0 0.0
-0.01579693 -0.06754795 -2.37504 -3.789258 0.1226453 0.07570978 0.2067352 16.07768 1.874374 1 0.0
-0.04376829 -0.04295329 -4.933541 -0.8533371 1.873202 1.264085 0.576575 19.6588 1.16898 0 0.0
-0.01582356 -0.06707494 -5.588306 -4.928746 1.431656 0.8983687 0.4943602 19.53876 nan 0 0.0
-0.04429626 -0.05033687 -2.872087 0.580449 0.870885 0.5003943 0.7987072 18.64148 1.438427 0 0.0
-0.01948792 -0.06721481 4.223036 -3.147543 2.195174 1.352897 -0.247354 19.81694 0.8814449 0 0.0
-0.04277671 -0.06393179 2.109494 -0.2632485 3.01435 2.000893 0.03361996 19.98273 1.572565 0 0.0
-0.02498241 -0.07563695 0.7937229 -1.711618 1.033247 0.6810201 0.3644442 18.05439 1.544058 0 0.0
-0.04012075 -0.06526394 -6.224964 -4.601906 0.7061731 0.4900796 0.539369 17.69299 1.648569 0 0.0
-0.05001044 -0.04177934 -0.08037971 -5.313841 0.6094788 0.3824131 0.4099206 18.91118 1.366619 0 0.0
-0.05710532 -0.03588557 -4.553378 -22.02794 0.7824962 0.5356501 0.3408122 19.03508 1.577425 0 0.0
-0.02201158 -0.06224096 -5.44928 -3.645619 1.744092 1.046408 0.6623687 19.62182 nan 0 0.0
-0.0262042 -0.07394926 -3.563475 -6.140446 1.590906 0.9908099 0.5825308 19.96711 0.9828796 0 0.0
-0.04051696 -0.07050739 -4.534684 -1.385668 0.1945809 0.1234716 0.3521528 17.1117 1.421549 1 0.500896
-0.05821462 -0.04683057 2.104542 -2.188924 1.198107 0.7346431 0.6883593 19.02237 1.500288 0 0.0
-0.04533088 -0.05288363 -8.796717 -5.217254 2.025211 1.244789 0.7651666 19.53259 1.371639 0 0.0
-0.04549128 -0.05052813 0.6543609 -0.1048828 1.295658 0.7682432 0.6740842 19.36897 nan 0 0.0
-0.05782019 -0.0399143 -10.12789 -4.458452 0.6495485 0.4286663 0.2487819 18.76585 1.338268 0 0.0
-0.04825997 -0.03651994 -3.517139 -2.993508 0.7145005 0.4447795 0.456204 18.43925 1.376898 0 0.0
-0.03545547 -0.04179038 -3.947172 -9.070016 1.707425 1.068008 0.5539872 18.85237 1.162447 0 0.0
-0.01924912 -0.06624202 -24.95076 -14.1902 1.683592 1.136117 0.2879546 19.60434 1.558521 0 0.0
-0.03151948 -0.05812742 -0.7723766 1.050354 0.356566 0.2330893 0.4290801 17.86309 1.561438 0 0.0
-0.0452799 -0.04810761 -2.285487 -3.519237 0.6991336 0.4044952 0.6180536 18.79354 1.409309 0 0.0
-0.01909031 -0.063545 -4.670108 -5.232732 0.8862665 0.5838915 0.4850042 19.14579 1.313652 0 0.0
-0.04486178 -0.03271894 0.3749854 -1.894433 1.064498 0.6964239 0.4662669 18.90765 1.403595 0 0.0
-0.06788558 -0.04154369 -1.037904 -0.6271945 1.210999 0.7703389 0.4777125 19.53951 nan 0 0.0
-0.03520627 -0.07097462 -0.294294 -6.168384 1.147313 0.7863523 0.5848554 19.43196 1.268963 0 0.0
-0.02939194 -0.0686706 -5.629239 -5.342821 0.2686827 0.1815244 0.5485891 17.39649 nan 0 0.0
-0.0305889 -0.06184646 4.355385 -0.5233068 0.3823028 0.2358153 0.4786717 18.15577 1.535112 0 0.0
-0.06642465 -0.04172011 -7.729739 -5.698668 0.8535842 0.5922142 0.279047 18.87599 1.312672 0 0.0
-0.03959773 -0.04466056 -0.4941224 -6.579136 0.1752779 0.1106092 0.3431196 16.90747 1.857472 0 0.0
-0.02254306 -0.06052447 -6.84826 -8.324655 1.704363 1.07629 0.5353058 19.71054 1.10006 0 0.0
-0.05070864 -0.02651709 0.5880883 -2.857886 0.6183577 0.4057511 0.4069537 18.62157 1.449301 0 0.0
-0.06371812 -0.03757751 -0.1898514 -6.025536 0.3716859 0.2516745 0.5830421 17.51922 1.321903 0 0.0
-0.01733725 -0.0662493 -4.89332 -3.219605 1.025298 0.6447899 0.5268044 19.43698 nan 0 0.0
-0.02591296 -0.07073721 0.661487 0.7733533 0.7584933 0.477705 0.4551215 18.43472 1.467493 0 0.0
-0.05822107 -0.03560773 -5.221696 -7.015559 0.524646 0.3349334 0.3807516 18.63655 1.344952 0 0.0
-0.0434516 -0.038242 -3.742272 0.4187305 1.772228 1.15913 0.3266485 18.95447 1.201794 0 0.0
-0.05832897 -0.03273723 0.9928286 -6.985924 1.215853 0.7799954 0.505712 19.56361 nan 0 0.0
-0.04940352 -0.03363658 -4.851267 0.3755584 1.901952 1.285263 0.6525285 19.55738 1.244085 0 0.0
-0.01587685 -0.06592672 -2.523815 -8.871533 1.84003 1.35143 0.4836492 19.95833 1.21645 0 0.0
-0.02156019 -0.06205204 0.8283301 -2.500598 0.1637177 0.1003098 0.1374131 16.57619 1.925838 1 0.0
-0.04734428 -0.06344745 -0.5922007 -2.571201 0.3825958 0.2461956 0.464599 17.95979 1.460922 0 0.0
-0.04245508 -0.07101554 -4.272324 -3.597985 1.190452 0.695883 0.6053563 19.51554 nan 0 0.0
-0.05408129 -0.0283785 -2.07803 -4.463543 1.788292 1.264265 0.7989987 19.41882 nan 0 0.0
-0.01723161 -0.06286946 -1.142428 -7.729077 1.332635 0.890303 0.6044906 19.56187 1.198751 0 0.0
-0.04942556 -0.04291011 -2.263172 -6.327651 1.008407 0.652647 0.5190374 19.40458 1.441086 0 0.0
-0.05347131 -0.02651279 14.22906 7.199803 1.221315 0.8267492 0.3731897 19.12227 nan 0 0.0
-0.03412546 -0.04773322 0.3307233 0.08571638 2.379118 1.789542 -0.1478983 19.49555 nan 0 0.0
