data/gcs/NGC_6440.ecsv
# %ECSV 0.9
# ---
# datatype:
# - {name: x, unit: deg, datatype: float64}
# - {name: y, unit: deg, datatype: float64}
# - {name: pmx, unit: mas / yr, datatype: float64}
# - {name: pmy, unit: mas / yr, datatype: float64}
# - {name: pmx_e, unit: mas / yr, datatype: float64}
# - {name: pmy_e, unit: mas / yr, datatype: float64}
# - {name: pm_corr, datatype: float64}
# - {name: g_mag, unit: mag, datatype: float64}
# - {name: bp_rp, unit: mag, datatype: float64}
# - {name: filter, datatype: int64}
# - {name: memberprob, datatype: float64}
# meta: !!omap
# - comments: [deg deg mas/yr mas/yr mas/yr mas/yr dimless mag   mag   zeroone float]
# - __serialized_columns__:
#     bp_rp:
#       __class__: astropy.units.quantity.Quantity
#       unit: &id001 !astropy.units.Unit {unit: mag}
#       value: !astropy.table.SerializedColumn {name: bp_rp}
#     g_mag:
#       __class__: astropy.units.quantity.Quantity
#       unit: *id001
#       value: !astropy.table.SerializedColumn {name: g_mag}
#     pmx:
#       __class__: astropy.units.quantity.Quantity
#       unit: !astropy.units.Unit {unit: mas / yr}
#       value: !astropy.table.SerializedColumn {name: pmx}
#     pmx_e:
#       __class__: astropy.units.quantity.Quantity
#       unit: !astropy.units.Unit {unit: mas / yr}
#       value: !astropy.table.SerializedColumn {name: pmx_e}
#     pmy:
#       __class__: astropy.units.quantity.Quantity
#       unit: !astropy.units.Unit {unit: mas / yr}
#       value: !astropy.table.SerializedColumn {name: pmy}
#     pmy_e:
#       __class__: astropy.units.quantity.Quantity
#       unit: !astropy.units.Unit {unit: mas / yr}
#       value: !astropy.table.SerializedColumn {name: pmy_e}
#     x:
#       __class__: astropy.units.quantity.Quantity
#       unit: &id002 !astropy.units.Unit {unit: deg}
#       value: !astropy.table.SerializedColumn {name: x}
#     y:
#       __class__: astropy.units.quantity.Quantity
#       unit: *id002
#       value: !astropy.table.SerializedColumn {name: y}
# schema: astropy-2.0
x y pmx pmy pmx_e pmy_e pm_corr g_mag bp_rp filter memberprob
[from data line 4380]
-0.01674205 -0.00807151 0.05399927 -3.619098 0.3749274 0.2868555 0.4185186 17.90052 2.596207 0 0.0
0.006117567 0.00776027 -6.086552 -4.329569 0.4025789 0.3309868 0.650703 17.25607 nan 0 0.0
0.0295652 -0.06815681 -7.314364 -6.037331 0.5059516 0.394641 0.3101125 18.75953 2.289629 0 0.0
-0.06836505 -0.04671527 -1.267665 -2.363585 1.274305 1.105501 0.2962999 19.70842 1.800711 0 0.0
0.08050069 -0.009859702 4.834313 -1.21963 2.537487 2.153609 0.7257165 20.35328 2.354824 0 0.0
-0.01124958 -0.0005064676 -4.0816 -4.201517 0.6823992 0.5280334 0.2411098 18.51934 2.053392 0 0.0
0.02723083 -0.00764385 -0.7829131 -3.773172 0.388509 0.3470395 0.4760904 17.69849 2.44249 1 0.9205743
-0.03642626 -0.00434794 -3.795806 -5.639909 1.534398 1.367401 0.4436502 20.04847 nan 0 0.0
0.01591061 0.08165214 -2.743664 -6.976332 0.458598 0.3714491 0.276028 18.76612 2.373144 0 0.0
-0.03639771 -0.004117144 7.1092 1.895764 1.142205 0.9854231 0.4706781 19.64435 2.807693 0 0.0
-0.07416807 0.006008797 1.103887 -5.048226 1.342989 1.115051 0.1672609 19.96749 1.484921 0 0.0
-0.03668389 -0.003768167 0.8110026 -1.764674 1.512712 1.299709 0.5888208 20.00977 nan 0 0.0
-0.007530082 -0.002108414 -0.5587599 -2.5313 0.4903588 0.4113795 0.715151 17.61505 nan 0 0.0
-0.0448148 0.01547483 -1.372165 -3.745266 0.9737075 0.8386448 0.5116828 19.1919 2.171837 0 0.0
0.05450855 -0.05235169 -0.1227794 -2.871332 0.2699568 0.2703244 0.4072412 17.44811 2.154297 1 0.008204936
0.02742128 -0.0627548 1.788399 -6.984301 0.1206017 0.09579886 0.2335851 15.17694 3.090055 1 0.0
-0.07209464 -0.02257375 0.7395953 -3.393676 1.676478 1.471004 0.3249006 20.03523 2.472595 0 0.0
-0.03137261 0.04667093 -2.090214 0.799673 1.434535 1.265483 0.4081066 19.98879 1.553928 0 0.0
0.01947353 -0.04010003 -4.831773 -4.47608 0.6120403 0.4770592 0.3627976 18.98061 2.104784 0 0.0
-0.0005775801 -0.03555168 -25.83874 -24.10043 1.626437 1.377488 0.6297377 19.76049 1.857962 0 0.0
-0.01711514 0.002476087 -1.537654 -4.120171 0.321063 0.2619681 0.2822271 17.92163 2.297493 0 0.0
0.02317581 0.04264405 2.513355 -1.707151 0.2372147 0.207603 0.5022006 17.3029 2.938704 1 0.0
-0.04620366 0.06704531 -3.524418 -8.382083 0.3246971 0.2960894 0.0966944 17.75513 2.249981 0 0.0
-0.01687736 -0.07863386 -1.475685 -3.460121 0.3596818 0.2770801 0.256022 18.01223 2.236185 0 0.0
-0.05580188 0.01369742 -3.996207 -7.370218 0.207927 0.1815152 0.4108286 17.09163 2.284732 0 0.0
-0.05321582 -0.01774622 -7.687705 -5.789314 0.9354056 0.7461411 0.2201102 19.00991 1.854836 0 0.0
0.003997973 -0.07987467 1.212541 0.4790195 3.504939 2.788793 0.4936193 20.58264 nan 0 0.0
-0.04796666 0.02945666 -0.8888918 -3.384802 0.647258 0.5484638 0.2929465 16.05904 2.841956 0 0.0
-0.02657178 -0.07728864 -5.065581 -4.247448 0.3834203 0.3013907 0.2883875 18.09148 2.453627 0 0.0
0.0006237387 -0.05186904 -1.832435 -4.265058 0.2348304 0.2046383 0.5614986 17.13077 2.512749 1 0.2934642
0.03737585 -0.0545286 -3.765413 -9.092842 1.594914 1.371551 0.8001276 19.47456 2.140043 0 0.0
-0.01501965 -0.06787242 1.628511 1.489677 1.591208 1.325919 0.7095974 19.38261 nan 0 0.0
-0.06855578 -0.003708458 -3.248313 -2.332781 1.40788 1.215784 0.4810478 19.79568 1.717791 0 0.0
-0.03429041 0.04033028 0.6230553 -2.614788 0.3366588 0.2938571 0.2928574 17.71697 2.370338 0 0.0
-0.01210722 -0.009282243 -1.767293 -4.962652 0.6489578 0.4968058 -0.2858001 18.29356 2.487705 0 0.0
-0.0453466 -0.02490961 -5.233524 -6.051199 2.132692 1.939636 0.1487259 20.22499 nan 0 0.0
0.03049935 0.02799816 -0.7458491 -1.059952 2.442997 2.092995 0.6573531 20.14234 nan 0 0.0
0.01648197 0.07072107 -3.397538 -5.106464 0.3174095 0.2823483 0.4538292 17.73859 2.889107 1 0.0
-0.07844276 -0.02765611 -1.528034 -3.243697 3.039337 2.352425 0.7019541 20.3709 1.720959 0 0.0
-0.06207956 0.04188945 -8.096404 -4.802817 0.4063147 0.3373572 0.3523658 17.95243 nan 0 0.0
0.00686439 0.07313459 -3.510687 -0.6521075 1.88036 1.707382 0.4503338 20.32871 0.7060242 0 0.0
0.01529363 -0.07819119 -5.020511 -5.728715 2.583746 2.13716 0.7190697 20.31154 1.904881 0 0.0
-0.0459473 -0.02500134 -2.055598 -8.597583 1.113522 0.967944 0.395957 19.43326 1.360876 0 0.0
0.00952594 0.06449989 1.560109 -3.538334 1.702756 1.570528 0.4248085 20.11124 2.923548 0 0.0
-0.02693601 0.04342355 1.722717 -6.65276 1.743074 2.183309 -0.3009127 19.37254 1.856668 0 0.0
-0.04731934 -0.02847695 -0.9603408 0.159663 1.4102 1.329837 -0.1258336 19.6921 2.0257 0 0.0
-0.007819739 0.06812776 -1.547867 -6.533908 2.819221 2.389879 0.7349089 20.46607 0.2700005 0 0.0
0.016926 -0.05658303 -3.814857 -6.571514 0.4120667 0.3228663 0.2499418 18.29922 2.265554 0 0.0
0.02212172 0.07632606 -4.849687 -9.460957 0.1614427 0.1355768 0.3464359 16.28766 3.043756 1 0.0
-0.01244823 -0.03769223 11.70426 3.45752 1.845422 1.553624 0.7595905 19.80309 1.586994 0 0.0
0.005232563 0.06635022 -2.729892 -4.457946 1.811324 1.625347 0.4009133 20.56521 1.99972 0 0.0
-0.05239538 0.009296454 5.162448 0.9247495 1.744202 1.555709 0.471523 20.28658 1.644661 0 0.0
-0.03755289 0.04022653 2.011974 -2.016907 3.006817 2.576268 0.6557864 20.53717 1.37145 0 0.0
0.03020561 -0.01074575 -2.716578 0.8198261 1.207563 1.046547 0.7244586 19.25972 nan 0 0.0
-0.07440954 0.03214127 1.498611 -5.849509 1.562115 1.238196 0.3416124 19.76026 nan 0 0.0
0.0757621 0.01160228 -2.057024 -2.849784 2.99903 2.502676 0.7780964 20.47315 2.452518 0 0.0
0.01645341 0.07127421 -7.912215 -6.230255 1.250759 1.102314 0.5923175 19.61709 nan 0 0.0
-0.07438113 0.03257043 0.1037938 -5.881544 0.679423 0.585435 0.5152398 19.02112 1.723711 0 0.0
-0.02801684 0.006516165 -3.190899 -6.392981 1.501959 1.311805 0.4505148 19.95873 nan 0 0.0
0.04486759 0.03806164 0.6696304 -2.471469 0.4644362 0.3816818 0.434303 18.33703 2.436306 0 0.0
-0.05441713 0.0629323 -2.305194 -3.43303 1.593016 1.34945 0.4621016 19.99506 1.618118 0 0.0
-0.02856053 0.006817427 -2.740825 0.502077 0.4006074 0.3287954 0.248736 18.12867 2.323936 0 0.0
-0.02564167 0.00437844 -5.241369 -7.17534 0.3711638 0.3250849 0.3897512 17.04209 2.408166 0 0.0
-0.07452387 0.03184748 -2.644608 -2.241583 0.8891306 0.7724228 0.4769651 19.42181 1.817465 0 0.0
0.02114201 0.02907166 -0.9674712 -4.256225 0.415539 0.3313194 0.5087663 18.13305 2.321627 0 0.0
0.0772876 -0.02754109 -5.236731 -9.329346 0.1856852 0.1648842 0.5239037 16.81449 2.775496 1 0.0
-0.04305457 0.06519609 -1.195712 -4.271428 0.114173 0.09039451 0.2211755 15.25101 2.758362 1 0.2308407
0.01434994 -0.07824069 -2.561708 -4.170969 0.2031905 0.1802739 0.5896923 16.59137 2.60632 1 0.0
0.002112089 0.02698264 -2.003474 -3.76499 0.4058036 0.313331 0.06839049 18.49157 2.218124 0 0.0
0.03515119 -0.02735218 -8.546752 -8.931107 1.065526 0.8466513 0.2697549 19.01855 2.202145 0 0.0
-0.01679965 -0.004541014 -0.3193463 -7.1825 2.456088 2.043301 0.1219292 19.81899 nan 0 0.0
-0.03008306 0.03806523 -7.170342 -7.157726 0.3548458 0.3124833 0.2060049 17.44247 2.285561 0 0.0
-0.0557533 -0.04152984 3.21562 -1.771231 1.197457 0.9879072 0.5506388 19.03568 2.151701 0 0.0
0.0139781 -0.07911804 -0.5614018 -1.836509 0.3275529 0.2914787 0.5747226 17.77158 2.390558 1 0.0
0.06432454 -0.03856343 -3.622984 -4.094119 0.2711289 0.2451494 0.5739408 17.48499 2.793928 1 0.0
0.008095003 0.06851303 0.7891496 -3.112053 0.7366466 0.654934 0.5144242 19.15103 2.288109 0 0.0
-0.01401876 -0.0672677 -2.890792 -4.150491 1.676696 1.372464 0.7488197 19.65231 1.69138 0 0.0
-0.06616129 0.0167737 -4.470694 -3.560862 1.974534 1.754201 0.1825125 20.55425 nan 0 0.0
0.007980381 0.06602967 -3.814683 -8.520914 0.882511 0.7263583 0.4095547 19.10747 2.475222 0 0.0
-0.0489544 -0.01419523 -6.760294 -6.174576 1.272679 1.135309 -0.03875371 19.85781 1.454969 0 0.0
0.01330473 0.07100367 -1.831966 4.926891 0.7562058 0.6688637 0.5868979 19.18327 nan 0 0.0
0.06569863 -0.03596811 -4.487271 -6.42284 0.2779414 0.2483256 0.5559993 17.48853 2.592468 1 0.0
0.01779958 0.07850862 0.2011315 0.1173912 1.260925 1.116064 0.4696758 20.03708 2.188774 0 0.0
0.0007098251 0.009467467 -2.185837 -5.030575 0.31672 0.2524105 0.2159275 16.12734 nan 0 0.0
-0.06983239 0.03559761 -2.484071 -3.409998 1.14861 0.995734 0.488299 19.7649 1.605299 0 0.0
-0.0139388 -0.002738285 -0.3870314 -4.167951 0.4237449 0.3266144 0.2665997 18.34473 2.235245 0 0.0
0.01588148 0.07667778 -2.595959 -2.158749 1.003823 0.8841272 0.6042921 19.29878 2.410343 0 0.0
-0.0526993 0.06153481 -5.541322 -9.191756 1.119604 0.9456889 0.3717724 19.66701 nan 0 0.0
-0.06971651 -0.03090586 2.429299 -1.704289 0.9943299 0.8392425 0.4564008 19.2313 1.883265 0 0.0
0.02908448 -0.03930617 -0.5242084 -5.497664 0.3342968 0.3025513 0.4824179 16.8535 2.468944 0 0.0
0.04504808 0.06822248 0.9017336 -4.061628 0.3281498 0.2958453 0.40087 17.53881 3.214432 1 0.0
-0.04462818 0.06288775 -4.55938 -7.415218 0.1761242 0.154302 0.38702 16.73136 2.598221 1 0.0
-0.04372025 -0.01004518 -1.555614 -7.966408 1.18858 1.019805 0.5923109 19.31139 1.384846 0 0.0
0.0647211 0.0203544 2.51035 -8.775635 0.2514088 0.2243671 0.6131852 17.17962 2.661978 1 0.0
-0.06250139 0.02347002 0.7663099 4.248264 1.592107 1.375891 0.3499982 20.09475 nan 0 0.0
-0.05947897 -0.02277055 -4.730959 -3.421721 1.758346 1.553227 0.3891354 20.01439 1.789097 0 0.0
0.05153577 -0.04710165 1.101866 -5.10675 0.217823 0.2045598 0.4821626 17.00635 2.542358 1 0.0
0.0138741 0.03634329 -0.5452547 -3.93459 1.635927 1.462702 0.4529685 20.24237 1.517237 0 0.0
0.06029097 -0.03966425 -4.436811 1.163835 0.1828385 0.14768 0.2287661 14.81882 3.635355 1 0.0
-0.07626888 0.03058587 -4.667285 -1.559635 1.950531 1.662707 0.271953 20.30642 nan 0 0.0
0.02673868 -0.04095942 1.078166 -3.758483 1.125033 0.9486592 0.7479061 19.12749 2.106409 0 0.0
0.04129039 0.03824574 -3.758823 -6.22904 0.2849325 0.2538258 0.6493153 17.28779 2.857521 1 0.0
-0.05899341 -0.02079817 -5.567835 -9.300082 1.398542 1.235189 0.08853013 19.87813 1.546581 0 0.0
0.07199451 -0.02969956 0.8819877 -2.499417 0.5923072 0.4691788 0.2534544 18.43469 2.25633 0 0.0
-0.03203588 0.07093797 6.718527 -1.93864 1.487363 1.342624 0.2030541 20.15407 nan 0 0.0
-0.05930442 0.04417936 3.022264 3.39527 2.784163 2.507928 0.5266051 20.52581 nan 0 0.0
-0.03882925 -0.005418549 -0.1939944 -4.441143 0.5932534 0.4608169 0.100133 18.73746 2.212914 0 0.0
0.03554186 0.05437762 2.966356 0.346321 1.988655 1.747668 0.3114469 20.57764 2.455387 0 0.0
-0.05152302 -0.03256002 -4.831457 -0.8146996 2.066521 1.982076 -0.3635893 20.12618 1.647921 0 0.0
-0.01422471 -0.004815414 6.345492 2.611394 2.330197 2.180959 0.1235596 19.7935 nan 0 0.0
0.07130693 -0.03197089 -3.104174 -6.638853 1.449475 1.246258 0.8230182 19.30357 nan 0 0.0
-0.02487208 0.02257467 -4.263718 -5.460213 1.357126 1.211241 0.4394472 19.99527 nan 0 0.0
0.0112725 0.07227412 2.632172 -2.048758 2.057331 1.806491 0.2871232 20.66616 1.802376 0 0.0
-0.05785725 0.0008697441 -2.313286 -8.213797 0.476562 0.384632 0.3259527 18.70189 1.953838 0 0.0
0.068368 -0.01528407 -7.233043 -6.678651 2.089646 1.816849 0.7702089 19.58385 2.702896 0 0.0
-0.03726005 0.01260819 -0.175242 -1.216361 0.8723702 0.7501597 0.4870524 19.32809 nan 0 0.0
-0.05572156 0.02902872 -6.852055 -10.14175 1.911998 1.691469 0.4435711 20.37706 2.006897 0 0.0
-0.02830218 0.002236023 4.752809 3.228796 2.906008 2.461407 0.7021432 20.29521 1.138927 0 0.0
-0.07265301 0.008956372 -2.600826 -7.055685 0.1898594 0.1651401 0.3418871 16.86476 2.468091 1 0.0
-0.06015591 0.0259772 -1.738179 -3.088347 0.2611268 0.2283045 0.3858558 17.45497 2.280361 0 0.0
0.0486437 0.03338749 -0.449854 -4.003433 1.11795 0.9773024 0.7832638 19.09593 2.118261 0 0.0
-0.05680529 -0.05868491 -0.85251 -7.440757 0.3814877 0.2950068 0.2466454 17.89211 2.331461 0 0.0
-0.05244043 0.05780603 -5.148789 -6.343828 1.427494 1.23374 0.3752921 19.83131 1.753733 0 0.0
0.01787838 0.01731708 -2.602235 -4.949773 0.4709565 0.3852284 0.3356237 17.96012 2.381079 0 0.0
-0.05027828 0.01004675 -2.593503 -6.969592 0.1851267 0.1614187 0.4573971 16.79202 2.418182 1 0.0
0.01372381 -0.04460266 -4.609981 -3.360226 1.853638 1.360033 0.5272424 19.28921 nan 0 0.0
0.05747044 -0.009536606 -4.913497 -7.602624 2.02589 1.754197 0.7886938 19.9103 2.198101 0 0.0
0.007522587 0.06968799 0.03658618 -2.802463 0.7856667 0.7068961 0.472038 19.09767 2.462999 0 0.0
0.01616242 0.02583739 -10.11846 -11.44942 2.764609 2.328729 0.6463341 20.19471 nan 0 0.0
-0.05160989 -0.02939957 2.97691 1.789722 1.112395 0.9798872 0.6734312 19.12857 1.932646 0 0.0
-0.04267381 -0.06963616 -2.827379 0.5903667 1.143826 0.8258366 0.1744235 18.41629 1.975636 0 0.0
-0.04957641 0.05200864 1.467703 -6.12891 2.192016 1.882633 0.6354216 19.81905 nan 0 0.0
0.07751443 0.02541061 2.068948 1.024703 0.9804619 0.8552358 0.7897939 19.05656 2.101496 0 0.0
0.03342069 0.0395065 -2.392884 -3.139897 0.3530703 0.3027682 0.5638821 17.39497 2.825277 1 4.712624e-05
0.01340914 -0.04507374 -1.318409 -3.04648 0.500622 0.3829437 0.2446972 18.77642 2.178417 0 0.0
-0.04961224 -0.01465702 5.812087 -2.374152 1.424597 1.29197 0.2832863 20.10206 nan 0 0.0
-0.0371669 -0.01776059 -4.622004 -3.482837 2.873569 2.571241 0.4710372 20.20548 nan 0 0.0
-0.03286652 0.07347266 -3.068014 -1.19948 0.3002177 0.2661608 0.5969557 17.35302 2.488773 0 0.0
-0.037081 -0.01805049 -0.6681573 -2.26642 1.714893 1.551765 0.09145143 19.97564 nan 0 0.0
0.01507859 0.06249673 -1.148858 -3.463277 0.1936064 0.1733939 0.3908738 16.60095 3.25203 1 0.7069343
0.006659038 -0.04239157 5.046132 -0.9459328 0.5137142 0.3884374 0.1902769 18.75066 2.034216 0 0.0
0.0331815 -0.008167628 3.627406 2.596539 2.049431 1.741126 0.59147 19.95611 nan 0 0.0
0.02328983 0.03967048 -1.129402 -3.507079 0.4315693 0.3441627 0.3136805 18.30063 2.684496 1 0.8138242
-0.07791999 0.01342654 -1.250381 -7.926921 0.4327945 0.3355386 0.1458667 18.54885 1.903624 0 0.0
0.005833761 0.06924174 -0.2700686 0.5179373 0.3433094 0.3014698 0.6205868 17.52887 2.827505 1 0.0
0.04551695 0.007965398 -1.018239 -7.482461 1.666812 1.418734 0.7836006 19.54941 2.245573 0 0.0
0.06810055 -0.03788604 -4.311828 -9.218708 0.5168088 0.4033519 0.1688146 18.80609 2.692972 0 0.0
0.03988509 0.02656933 1.589492 -2.406885 0.3567979 0.2813748 0.3578421 17.95605 2.069595 1 0.0
0.005429635 -0.02729486 4.654687 0.693151 1.561428 1.340013 0.7165275 19.32256 1.949471 0 0.0
0.03853253 -0.003944094 1.657346 -1.871874 1.748811 1.477116 0.7304232 19.72161 2.358095 0 0.0
-0.03627904 -0.02209006 -0.5715199 -7.455749 2.106412 1.818118 0.310882 19.69268 2.069008 0 0.0
-0.06014791 0.005417896 -2.410798 -3.752935 0.5845356 0.4812651 0.2673392 18.97764 nan 0 0.0
-0.02732951 0.002898048 -2.687214 -7.606846 0.9777678 0.8399013 0.5306778 19.09262 2.169958 0 0.0
-0.02172874 0.05341315 -4.888776 -6.296637 1.431939 1.317506 0.3431264 19.96357 1.754234 0 0.0
-0.07148434 0.01857949 -2.324479 -6.057231 1.468647 1.229695 0.7778158 19.48265 1.562868 0 0.0
0.06987834 -0.02828524 -9.318169 -9.559847 2.073632 1.608598 0.1893685 20.01327 2.337635 0 0.0
-0.01557629 0.06366017 0.6124607 -4.759122 2.208428 1.902101 0.7248709 19.88057 1.867975 0 0.0
-0.03600035 0.009531936 -1.652389 -4.185331 0.2167359 0.1895113 0.4659491 17.0213 2.418948 1 0.7043902
0.05508191 -0.04860014 -3.01341 -5.161298 0.4853071 0.4206081 0.468986 18.02485 2.556021 0 0.0
-0.02061381 0.06302824 -0.827286 -4.759761 0.4020616 0.3187086 0.1921763 18.27162 2.348366 1 0.09195442
-0.007904151 0.03955378 -3.295312 -6.007933 0.3412698 0.3024178 0.263124 18.05439 2.772255 1 0.0
0.06131916 -0.04352322 -5.464102 -1.965465 0.1988508 0.1792859 0.4997454 16.4493 3.001684 1 0.0
0.02393061 -0.07271439 -1.791116 -8.287437 2.958582 2.497012 0.6346851 20.54848 nan 0 0.0
-0.06048675 -0.006072106 -6.689358 -5.571029 2.113842 1.874886 0.3468709 20.38172 1.293713 0 0.0
0.008974836 -0.06049433 -6.531147 -8.748484 2.978912 2.485045 0.7113923 20.4205 1.799896 0 0.0
0.02422085 -0.04564727 -4.52887 -3.893228 0.3527588 0.2739103 0.2448809 18.27959 2.038544 0 0.0
0.02681984 -0.06766803 -5.889045 -7.799885 1.485617 1.266512 0.8346399 19.32626 1.48597 0 0.0
0.007087712 -0.05049782 -2.32336 2.505764 1.810897 1.51369 0.7843461 19.75587 2.094988 0 0.0
