data/gcs/NGC_4147.ecsv
# %ECSV 0.9
# ---
# datatype:
# - {name: x, unit: deg, datatype: float64}
# - {name: y, unit: deg, datatype: float64}
# - {name: pmx, unit: mas / yr, datatype: float64}
# - {name: pmy, unit: mas / yr, datatype: float64}
# - {name: pmx_e, unit: mas / yr, datatype: float64}
# - {name: pmy_e, unit: mas / yr, datatype: float64}
# - {name: pm_corr, datatype: float64}
# - {name: g_mag, unit: mag, datatype: float64}
# - {name: bp_rp, unit: mag, datatype: float64}
# - {name: filter, datatype: int64}
# - {name: memberprob, datatype: float64}
# meta: !!omap
# - comments: [deg deg mas/yr mas/yr mas/yr mas/yr dimless mag   mag   zeroone float]
# - __serialized_columns__:
#     bp_rp:
#       __class__: astropy.units.quantity.Quantity
#       unit: &id001 !astropy.units.Unit {unit: mag}
#       value: !astropy.table.SerializedColumn {name: bp_rp}
#     g_mag:
#       __class__: astropy.units.quantity.Quantity
#       unit: *id001
#       value: !astropy.table.SerializedColumn {name: g_mag}
#     pmx:
#       __class__: astropy.units.quantity.Quantity
#       unit: !astropy.units.Unit {unit: mas / yr}
#       value: !astropy.table.SerializedColumn {name: pmx}
#     pmx_e:
#       __class__: astropy.units.quantity.Quantity
#       unit: !astropy.units.Unit {unit: mas / yr}
#       value: !astropy.table.SerializedColumn {name: pmx_e}
#     pmy:
#       __class__: astropy.units.quantity.Quantity
#       unit: !astropy.units.Unit {unit: mas / yr}
#       value: !astropy.table.SerializedColumn {name: pmy}
#     pmy_e:
#       __class__: astropy.units.quantity.Quantity
#       unit: !astropy.units.Unit {unit: mas / yr}
#       value: !astropy.table.SerializedColumn {name: pmy_e}
#     x:
#       __class__: astropy.units.quantity.Quantity
#       unit: &id002 !astropy.units.Unit {unit: deg}
#       value: !astropy.table.SerializedColumn {name: x}
#     y:
#       __class__: astropy.units.quantity.Quantity
#       unit: *id002
#       value: !astropy.table.SerializedColumn {name: y}
# schema: astropy-2.0
x y pmx pmy pmx_e pmy_e pm_corr g_mag bp_rp filter memberprob
[from data line 977]
0.001548971 -0.01237233 4.201792 11.1172 3.122163 1.407666 0.005607319 20.61459 nan 0 0.0
0.02515982 -0.009213824 -1.629682 -1.783543 3.156798 1.620426 -0.2358642 20.78313 0.2769699 0 0.0
-0.01097926 0.0001631092 -2.160831 -2.219141 0.1014324 0.06055798 -0.2257691 15.597 1.066604 1 0.8675908
-0.0009538475 0.004761377 -8.069113 -1.938159 2.34355 0.9088577 0.06849544 19.90831 nan 0 0.0
-0.00918543 -0.0004263674 25.82261 -2.401773 3.321123 1.329183 0.1139863 20.41905 0.3303795 0 0.0
-0.0005632603 0.0041968 -2.550728 -5.181778 2.195736 1.186483 -0.07179419 19.50382 nan 0 0.0
0.01178211 -0.07731904 0.6790898 -1.768426 1.497546 0.8925353 -0.1417901 20.11127 0.4402752 1 0.9722746
-0.07808492 0.04296816 -0.253963 -13.63626 0.3724435 0.2409506 -0.2239002 18.44025 0.8334312 1 0.0
0.06542499 -0.05303211 -12.96769 -2.565522 4.511214 1.880186 -0.2725506 20.94604 0.5693283 0 0.0
0.009634642 0.01919646 -1.58153 -2.081212 0.08088741 0.05143279 -0.2821151 15.58179 1.09961 1 0.9999938
0.005772911 0.00635983 -1.485309 -2.11701 0.1031043 0.07044361 -0.282656 15.96773 1.098638 1 0.9999872
0.009925325 -0.004570995 -1.599112 -2.294423 2.194343 0.9411829 -0.07153295 20.38406 0.3945694 0 0.0
0.03058156 0.01062539 -2.343822 -1.932972 0.2776823 0.1758791 -0.267584 17.96143 0.9583378 1 0.999554
0.05760388 -0.07617868 0.1318417 -2.311488 3.334842 1.358717 -0.07480825 20.70436 0.5328236 0 0.0
0.01582855 -0.01173837 1.447359 -0.4067725 4.571243 2.1121 -0.2598821 20.91087 0.6342716 0 0.0
-0.01282792 0.0411102 -2.821911 -21.94518 0.4869909 0.3109336 -0.2125842 18.90441 2.465416 1 0.0
0.0181577 -0.0104068 -1.006308 -1.499699 1.849109 0.7371424 -0.136902 20.06256 0.442112 0 0.0
-0.01029915 0.003151882 0.8472317 0.08704595 2.49551 0.9134116 0.2481949 20.24939 0.581913 0 0.0
0.01532004 0.01208437 -3.092116 -1.93934 1.487496 0.7788888 -0.2170099 20.07896 0.6176891 0 0.0
0.002171136 -0.01656086 -1.120248 -2.037498 1.212435 0.6041664 -0.05307256 19.66602 0.7513103 0 0.0
-0.01601315 0.005547952 -2.430515 -2.691423 1.385779 0.7921488 -0.1052863 20.08637 0.1944447 0 0.0
-0.01015394 0.0124254 -2.234005 -1.807655 0.403215 0.2161183 -0.2102777 18.1917 0.9248753 0 0.0
-0.01627357 0.005288577 -7.133263 -1.795711 4.543934 1.775237 0.1062065 20.7314 nan 0 0.0
0.02031483 -0.02275092 0.1055357 0.7236634 2.807622 1.575259 -0.2571886 20.74083 0.7495441 0 0.0
0.0005940252 0.009781516 -1.504125 -2.09773 0.1099243 0.07834847 -0.2823121 16.25849 1.085844 1 0.9999893
0.001360785 0.0009543115 -17.93174 2.378017 2.546013 2.100778 -0.4460002 18.14823 nan 0 0.0
0.002286889 -0.01719219 -5.46785 -2.422686 2.003179 1.030036 -0.0591511 20.21885 0.1890144 0 0.0
0.005686466 -0.004212607 -1.582832 -0.5084006 1.533588 1.240124 -0.3688634 19.72485 nan 0 0.0
-0.01371369 -0.0027454 -1.785373 -1.163944 1.244039 0.5107233 -0.05292927 19.58176 0.6849022 0 0.0
-0.006813412 -0.013488 -4.286813 -1.298352 1.257663 0.6920063 -0.1294539 19.91487 1.299021 0 0.0
0.01740043 0.03819999 -2.019822 -2.126404 0.1527313 0.09439492 -0.2823127 16.86587 0.4538307 1 0.9997906
0.003256143 -0.01140719 -43.48909 -2.335344 3.414603 2.186919 -0.02940429 20.74584 nan 0 0.0
0.02171336 0.01597033 -10.88114 0.8766277 3.325408 1.746843 -0.1211592 20.82855 nan 0 0.0
0.005252088 0.007735011 -1.441777 -2.112708 0.227737 0.15531 -0.2801939 17.49241 0.04148293 0 0.0
0.03869144 0.03448988 -1.560807 -2.11129 0.1983741 0.1243308 -0.3175276 17.01414 0.3018188 1 0.9999215
0.004369434 0.01660797 -5.826002 -1.093485 2.972854 1.463386 -0.06774147 20.68314 0.5125484 0 0.0
-0.007404672 0.03078921 -3.050518 -2.226148 1.068341 0.4735108 -0.02304257 19.46802 0.9072399 1 0.9989693
0.008637786 -0.005150899 -1.952316 -3.657972 1.131567 0.5069619 -0.09991761 19.38066 0.6091423 0 0.0
-0.007102787 -0.01394385 -3.268436 -0.3319445 1.092347 0.7060549 -0.1660713 19.96667 0.603014 0 0.0
-0.008649862 0.005497829 -1.713848 -2.138095 0.05081065 0.03299929 -0.2512042 14.36726 1.394246 1 0.9999986
0.01129788 0.02291589 0.07801538 -1.770066 3.722877 0.8337992 0.05897685 20.22927 0.2021313 0 0.0
-0.0003172669 0.03972879 2.726209 -1.326071 3.399836 1.093313 0.07570568 20.54605 0.5501766 0 0.0
-0.008505369 0.002114186 -1.457168 -2.398148 0.1676 0.09651326 -0.193771 16.75926 0.7386322 0 0.0
0.02544506 0.01830163 -1.296002 -1.974091 0.2521751 0.162641 -0.2845107 17.77315 -0.07147408 1 0.9998221
0.007277926 -0.006268668 -1.623832 -2.450669 0.1447694 0.1057035 -0.2958425 16.81633 0.6355629 0 0.0
-0.003846913 0.01306792 -0.9802998 -2.092812 1.785498 0.6410298 0.07063441 19.87145 nan 0 0.0
0.03635112 0.0213134 -2.014177 -2.091857 0.2538172 0.1742187 -0.3102569 17.52668 -0.01096725 1 0.9998566
-0.003210933 -0.01376658 -1.817506 -2.396419 1.595024 0.7102606 -0.0845703 19.9929 0.8018532 0 0.0
0.008854146 0.007321265 -1.732714 -2.004603 0.1523671 0.09996078 -0.2557428 16.88764 0.800518 1 0.9999924
-0.0557695 -0.00439624 0.7231866 -2.444224 1.40521 0.7186932 -0.1141907 20.10509 1.006252 1 0.9904042
-0.0003896475 0.01169268 0.9875239 -4.221653 2.428321 1.027058 0.1590593 20.11989 0.3141613 0 0.0
0.0002758245 -0.01982244 2.64361 -4.273542 3.851043 2.08918 -0.05872712 20.84947 0.529232 0 0.0
0.01234167 -0.009430761 -3.287043 -2.811275 1.689302 0.7292233 -0.137415 19.97814 0.3860168 0 0.0
-0.005276724 0.08662101 3.53846 -1.889196 3.252463 1.449755 -0.2866937 20.0209 1.139977 0 0.0
0.00557029 0.009276159 1.228943 -2.020225 0.3784295 0.275742 -0.3016213 18.374 0.8034668 0 0.0
-0.01490045 -0.008188873 -1.505537 -2.286101 0.1909045 0.124095 -0.2436536 17.21094 0.07423019 1 0.9999681
0.05377481 0.04180101 -13.92667 -2.100991 4.643578 1.637341 -0.1255315 20.85601 1.864035 1 0.7322006
0.0006952714 0.01338831 -0.9827093 -2.902957 1.324973 0.6270833 -0.03193046 19.79639 0.6008072 0 0.0
0.00949145 -0.007025777 -1.718972 -1.333127 1.506229 0.6071582 -0.07482027 19.86448 0.6156712 0 0.0
-0.005612577 -0.01328587 -1.371673 -1.023383 2.208726 0.9772788 -0.1253172 20.41288 0.08745003 0 0.0
0.01904136 -0.02067015 -1.78609 -4.617265 2.924222 1.639059 -0.2104505 20.81683 0.4804153 0 0.0
0.01262873 0.0215694 -1.424475 -1.969327 0.351067 0.2064081 -0.258111 18.26075 0.8954926 1 0.9999268
-0.005886523 0.01404073 9.45004 -3.813628 2.585999 0.8981199 -0.02119307 19.8047 0.8128281 0 0.0
-0.005987938 0.009581349 -2.059142 -2.251878 0.06241577 0.04101761 -0.2570657 15.01029 1.258118 1 0.009475567
-0.0001726899 -0.01565107 -1.96852 -2.20454 1.094042 0.4833364 -0.04007005 19.50687 0.7517776 0 0.0
0.005311306 -0.03584981 -5.831095 -1.321991 2.956741 3.391205 -0.3834039 20.84878 0.7644005 1 0.9781576
-0.009705039 0.02054877 -1.825366 -2.215125 0.07719568 0.05028148 -0.2569922 15.52191 1.210463 1 0.999902
-0.003008181 -0.002255735 9.600031 0.2734693 2.300283 1.116432 -0.1573327 19.10815 nan 0 0.0
0.0148469 -0.03654734 -4.541379 -2.559296 1.935612 0.870263 -0.01588461 20.28626 0.5396271 1 0.9923462
-0.01505797 0.01021324 -0.6492268 -3.247745 0.4421051 0.2299064 -0.1894987 17.97519 0.9201012 0 0.0
0.02871727 -4.654542e-05 0.3897966 -2.99162 2.860613 2.215332 -0.2653835 20.75997 nan 0 0.0
-0.004005971 0.01575919 -2.592912 -3.532439 2.09065 0.8848647 -0.09239865 20.2347 0.8459759 0 0.0
0.03365021 0.0009404544 -2.345374 -2.761466 1.462254 0.8156557 -0.2361177 20.16138 0.5420303 1 0.9978243
-0.005886468 0.01563718 -0.2403578 -1.927461 2.890621 0.871599 0.08761783 20.2873 0.7329807 0 0.0
0.006265188 -0.005337922 0.3343973 -1.52477 1.846215 0.749984 -0.001445009 19.91315 nan 0 0.0
-0.009142896 -0.01660069 -0.5776871 -2.589506 1.168389 0.5532754 -0.1154197 19.54852 0.6948204 0 0.0
-0.004599666 -0.00713279 -4.639501 -0.9899676 1.041813 0.4676749 -0.04736652 19.14721 0.5801468 0 0.0
-0.007550074 0.01357349 -3.17061 -2.473262 1.65611 0.5202206 0.04459386 19.56979 0.7129517 0 0.0
-0.01448139 -0.01391286 -2.732946 -1.519405 2.061365 0.9046193 0.001927109 20.35184 0.7869873 0 0.0
-0.02386004 -0.03893431 -6.334175 -2.438797 3.021139 2.061697 -0.2143664 20.81823 0.3471622 0 0.0
0.0286356 -0.03071863 -1.321431 -2.89579 2.503025 1.448913 -0.2981845 20.75189 0.4077854 0 0.0
0.008029427 0.01060186 -0.9150989 2.917584 2.882879 1.54018 -0.2980247 20.38337 0.4369087 0 0.0
0.001389741 -0.001859028 -1.855038 -2.199469 0.5018229 0.3476105 -0.2882659 16.82035 0.4247828 0 0.0
-0.00617699 -0.01795694 -2.508279 -2.787207 1.390135 0.7569964 -0.09216668 20.05787 0.595293 0 0.0
0.02630096 0.002341066 -1.665875 -2.449018 0.9776145 0.3998651 -0.1227427 19.26053 0.8669205 0 0.0
-0.0695271 0.03245688 0.8375291 -0.6443735 2.041838 0.8007545 0.05397626 20.16213 0.3978901 1 0.9537338
-0.00348512 0.02060766 -1.041521 -2.079264 2.347623 1.580962 -0.1413026 20.71095 1.042391 1 0.9982487
-0.01472562 0.006085709 -8.814613 -5.918417 3.073491 1.800601 -0.139326 20.05383 0.528553 0 0.0
0.004224923 0.01090118 -0.8346572 2.215485 3.034119 3.250667 -0.4699917 20.67207 nan 0 0.0
-0.003153106 -0.01615649 -1.869523 -1.620197 1.778648 0.6107571 0.05182286 19.7285 nan 0 0.0
0.01362709 0.0179951 -4.798327 -1.139483 2.017235 0.8889924 -0.1480327 20.26487 0.4752808 0 0.0
-0.01575425 -0.01062067 0.1179529 -1.588471 1.375843 0.6082831 -0.01722292 19.86574 0.6687984 1 0.9992066
0.009058264 -0.02273854 -1.833381 -3.002447 1.420285 0.7169335 -0.1700937 19.98562 0.7260342 0 0.0
-0.007595668 -0.03588787 -1.62419 -1.351096 1.229449 0.7907625 -0.1806955 20.17025 0.6611481 1 0.9986173
0.008465683 -0.03549491 -0.1686349 -4.640906 2.829876 1.81615 -0.1323388 20.65247 0.7284756 0 0.0
-0.007824911 0.01374707 -1.470872 -1.109884 1.392765 0.482133 0.01191026 19.47754 0.8214169 0 0.0
0.01187974 -0.02411738 0.7626384 -2.13591 3.61051 1.047635 0.004705119 20.48906 0.1163254 1 0.9976819
-0.006566782 0.004133982 1.956929 0.3012514 1.930035 1.589607 0.04396425 19.91623 nan 0 0.0
-0.01158678 0.001435351 0.5115444 -1.82282 1.500205 0.9641179 -0.1275693 20.14243 0.5292492 0 0.0
0.01086487 0.008172059 0.03596226 -0.3004904 2.437344 1.071301 -0.1675407 20.18973 0.4514484 0 0.0
0.0115879 0.01223285 0.3827327 0.04094069 2.382108 0.9473005 -0.1162567 20.40588 nan 0 0.0
-0.09518138 -0.01102403 -12.23185 -0.5019826 3.058951 1.839849 -0.167639 20.85207 1.569637 0 0.0
0.09476995 0.003734807 -26.88679 -24.39832 4.33718 1.999932 -0.1153507 20.81725 1.644663 0 0.0
0.0109962 -0.009503333 -3.079433 6.341087 3.852518 1.148104 -0.165726 20.37525 0.514204 0 0.0
0.0107348 0.006220833 -2.117642 3.750861 1.373854 0.5288563 -0.1035033 19.46385 0.5248966 0 0.0
0.02902123 -0.000992539 -4.181948 -1.206882 3.329536 1.519771 -0.02883034 20.64302 0.5325966 0 0.0
-0.01162817 0.03091533 -1.606785 -2.027651 0.6708418 0.3613107 -0.1204324 19.12461 0.9942398 1 0.9997631
-0.01053365 -0.04609584 -0.2555604 -0.6267125 3.22715 1.968801 -0.27301 20.80063 0.6801872 0 0.0
-0.01479751 0.01110776 -3.074604 -3.773625 2.654437 0.8750978 0.009631508 20.31155 0.4845886 0 0.0
0.01234208 -0.01499068 3.491913 -0.8956006 4.62507 1.591998 -0.01042 20.89831 nan 0 0.0
-0.01060624 -0.05000018 0.3853496 -1.255187 2.565218 1.434965 -0.06387968 20.8395 0.3981781 0 0.0
-0.01443607 0.008746435 2.453122 -2.434406 2.571457 0.9961489 0.03221125 20.51873 nan 0 0.0
0.008435619 -0.01269257 -2.111422 -2.214531 0.1763746 0.1248659 -0.2700431 17.1621 0.06991959 1 0.9997528
0.01124177 -0.003756475 -5.408829 -1.32773 2.09741 0.7033167 0.009195873 20.05035 nan 0 0.0
0.003589032 -0.01773767 -1.770142 -2.118047 4.195653 1.794615 -0.1001127 20.90425 0.5889683 0 0.0
0.02600048 -0.01943709 -5.198438 -2.3502 2.362241 1.280351 -0.2334544 20.61298 0.6695538 0 0.0
-0.0174363 -0.0480236 0.9203681 -1.6217 2.645437 1.403261 -0.09322461 20.74215 0.2665291 0 0.0
-0.008013489 0.002520427 1.169738 -1.911268 1.602419 0.6912431 0.005803219 19.94846 0.3815479 0 0.0
0.004760256 0.007294399 -1.685812 -1.724237 1.266847 0.6742637 -0.1063482 19.60594 0.2750015 0 0.0
0.01763674 -0.009167083 -1.084635 -2.018772 2.248577 0.88334 -0.1290611 20.31117 0.4369202 0 0.0
-0.01290294 0.005324529 -1.683678 -3.217003 1.381969 0.8731123 -0.1627931 20.06824 0.5518494 0 0.0
0.003444094 -0.00501566 -4.724558 -0.9446612 0.5081412 0.3661256 -0.3026889 17.0111 0.5379267 0 0.0
-0.006277458 0.004069122 1.832054 -0.4818828 0.6839353 0.4323223 -0.2475352 18.22051 0.7956104 0 0.0
-0.01290291 0.005681203 0.9433215 -1.726402 2.143447 1.109531 -0.04558567 20.57799 nan 0 0.0
0.009028871 -0.0141116 5.120176 -5.878134 4.087822 1.661286 -0.07681899 20.86417 0.003044128 0 0.0
-0.00513438 0.01199221 -4.940166 -2.656428 2.049028 0.9862744 -0.0758039 19.73398 0.6574669 0 0.0
-0.006465651 0.000618735 -1.506911 -2.675693 0.4189454 0.2565481 -0.2035983 18.5393 0.732214 0 0.0
-0.000476507 -0.01177343 2.46982 -3.721465 3.296402 1.237742 0.1139231 20.56765 0.3466797 0 0.0
-0.004295379 0.01171371 -2.727258 -2.754802 1.763457 0.8058528 -0.01686095 20.15986 0.5379963 0 0.0
0.004948598 -0.002473128 -1.619011 -1.839673 0.307961 0.2270988 -0.2908349 18.17552 0.8305683 0 0.0
0.01890877 0.0008485411 2.472475 -2.510731 2.657109 1.118805 -0.1847831 20.40836 0.0981617 0 0.0
0.003979076 0.007870398 -3.241682 -2.537795 2.57567 1.309677 -0.1298824 20.43469 nan 0 0.0
-0.02387548 -0.04587897 -3.398268 -3.22316 1.834205 0.9020623 -0.02137128 20.34922 0.7136993 1 0.9838217
0.00386333 0.008640965 -3.070338 -2.310591 0.945129 0.4311639 -0.1270266 19.17028 0.6367207 0 0.0
-0.00332729 -0.04539614 -1.84529 -2.474742 1.947418 1.080987 -0.08503709 20.52577 0.3940544 1 0.9954603
0.02075909 0.01233672 -5.220222 -13.36481 1.313117 0.5096503 -0.09730461 19.50189 1.83296 0 0.0
-0.01546265 0.01426067 -5.337565 0.1234678 2.267487 1.054006 0.0001838339 20.49262 1.092089 0 0.0
0.003631457 0.02828856 -2.722082 -2.2146 1.913731 0.8606974 -0.1877868 20.04026 0.7851334 1 0.9984989
-0.001315502 0.005097072 15.18489 1.102359 2.210188 0.9478095 0.04535178 20.06075 nan 0 0.0
-0.003514682 -0.01011591 13.6999 -6.851598 2.644178 1.195352 -0.007540281 20.30895 nan 0 0.0
0.007422035 0.006695587 2.576023 -2.746613 2.198094 0.9414656 -0.06682146 19.8359 nan 0 0.0
-0.01201978 0.01553069 -0.4676876 -1.957574 1.809331 0.8816099 -0.05760217 20.15534 0.8531799 0 0.0
-0.01450927 -0.001564685 1.221915 -6.213501 1.179289 0.5249254 -0.01529792 19.59243 0.5559483 0 0.0
0.05420066 -0.02400047 -1.037717 -1.291653 2.240852 1.289365 -0.2545941 20.66256 0.6159763 1 0.9895941
-0.01291671 0.0145313 0.01628896 -2.725796 1.581046 0.7310085 -0.01255111 20.01953 0.627882 0 0.0
0.0098968 -0.01164154 -1.986258 -2.448111 2.217235 1.127172 -0.1509445 20.34801 0.3178387 0 0.0
-0.02867337 -0.09461858 3.481769 -16.34529 2.125319 1.049924 -0.0851408 20.58505 1.908482 1 0.0
-0.004295338 0.01335213 -0.8468337 -3.734004 0.3734024 0.2259557 -0.2152088 18.34584 0.8992615 0 0.0
0.01134237 0.006325776 -2.581063 -2.913564 2.823799 1.173744 -0.2406267 20.47795 0.3242321 0 0.0
-0.002718973 -0.01042301 -2.204598 -2.351946 0.3892553 0.2536968 -0.2564607 17.4009 0.951683 0 0.0
-0.005511279 -0.01254773 -4.350808 -0.179256 2.889486 1.813313 -0.1255498 20.83775 nan 0 0.0
-0.05469108 -0.07037939 -8.935468 -3.281123 1.549014 1.063806 -0.1782835 20.26446 0.5995216 1 0.0009497869
-0.008187356 -0.003098614 -2.395929 -0.636303 1.644006 0.8281959 0.2190956 19.71299 nan 0 0.0
-0.004701128 -0.01407744 -3.951031 -1.196348 2.180481 0.9634248 -0.06862428 20.38687 0.5774422 0 0.0
-0.0001003345 0.01080195 -0.2739137 -3.052542 1.292334 0.6369134 -0.0340946 19.74661 0.6328831 0 0.0
0.01523464 -0.003491044 -2.750179 -2.609038 1.379611 0.745408 -0.2056208 20.08108 0.5309238 0 0.0
-0.01661998 0.01332236 -1.951517 -1.876548 0.2407832 0.1492016 -0.2240134 17.67251 0.9964294 1 0.9999443
0.005020586 0.009291401 3.66555 -3.340689 3.227579 1.592416 -0.1990365 20.64419 nan 0 0.0
-0.00803991 0.05580602 0.2887336 -5.836623 4.132642 2.014761 -0.04828503 20.9503 -0.2194958 0 0.0
-0.005149354 -0.004874474 11.46892 -3.144426 2.764448 1.349783 -0.1207592 19.39797 nan 0 0.0
0.06690919 0.073851 -4.083071 -2.803803 2.541793 1.06363 -0.1198371 20.37191 1.639284 0 0.0
0.007653909 -0.002587469 1.381767 -2.259678 1.50501 0.6647727 -0.1656821 19.723 nan 0 0.0
