data/gcs/NGC_6809_M_55.ecsv
# %ECSV 0.9
# ---
# datatype:
# - {name: x, unit: deg, datatype: float64}
# - {name: y, unit: deg, datatype: float64}
# - {name: pmx, unit: mas / yr, datatype: float64}
# - {name: pmy, unit: mas / yr, datatype: float64}
# - {name: pmx_e, unit: mas / yr, datatype: float64}
# - {name: pmy_e, unit: mas / yr, datatype: float64}
# - {name: pm_corr, datatype: float64}
# - {name: g_mag, unit: mag, datatype: float64}
# - {name: bp_rp, unit: mag, datatype: float64}
# - {name: filter, datatype: int64}
# - {name: memberprob, datatype: float64}
# meta: !!omap
# - comments: [deg deg mas/yr mas/yr mas/yr mas/yr dimless mag   mag   zeroone float]
# - __serialized_columns__:
#     bp_rp:
#       __class__: astropy.units.quantity.Quantity
#       unit: &id001 !astropy.units.Unit {unit: mag}
#       value: !astropy.table.SerializedColumn {name: bp_rp}
#     g_mag:
#       __class__: astropy.units.quantity.Quantity
#       unit: *id001
#       value: !astropy.table.SerializedColumn {name: g_mag}
#     pmx:
#       __class__: astropy.units.quantity.Quantity
#       unit: !astropy.units.Unit {unit: mas / yr}
#       value: !astropy.table.SerializedColumn {name: pmx}
#     pmx_e:
#       __class__: astropy.units.quantity.Quantity
#       unit: !astropy.units.Unit {unit: mas / yr}
#       value: !astropy.table.SerializedColumn {name: pmx_e}
#     pmy:
#       __class__: astropy.units.quantity.Quantity
#       unit: !astropy.units.Unit {unit: mas / yr}
#       value: !astropy.table.SerializedColumn {name: pmy}
#     pmy_e:
#       __class__: astropy.units.quantity.Quantity
#       unit: !astropy.units.Unit {unit: mas / yr}
#       value: !astropy.table.SerializedColumn {name: pmy_e}
#     x:
#       __class__: astropy.units.quantity.Quantity
#       unit: &id002 !astropy.units.Unit {unit: deg}
#       value: !astropy.table.SerializedColumn {name: x}
#     y:
#       __class__: astropy.units.quantity.Quantity
#       unit: *id002
#       value: !astropy.table.SerializedColumn {name: y}
# schema: astropy-2.0
x y pmx pmy pmx_e pmy_e pm_corr g_mag bp_rp filter memberprob
[from data line 16751]
-0.01403759 -0.006030863 -5.800664 -8.643247 0.8256598 0.6871583 0.1040575 17.2643 1.2442 0 0.0
-0.008620585 -0.01115145 16.73361 16.98183 0.8728758 1.053003 0.8253414 17.78443 1.081032 0 0.0
-0.008710244 0.1115482 7.600471 -9.976399 0.4766802 0.5015038 0.5844727 18.71635 1.40037 1 0.0
0.06427486 0.02537593 -3.323915 -9.376026 1.639045 1.935616 0.73225 20.00658 nan 0 0.0
0.01598418 0.04393564 -3.746763 -9.320553 0.2359331 0.225417 0.3668824 17.118 0.88591 0 0.0
0.1928919 0.04675396 3.651959 -1.236263 0.8111206 0.8444185 0.5027939 19.67222 1.486544 0 0.0
-0.04682931 0.00336573 -4.222798 -9.79831 0.6856781 0.7155324 0.4670726 18.95454 nan 0 0.0
0.02757338 0.01342877 -3.397808 -8.869614 0.2745135 0.2337866 0.04235249 17.47009 0.7489338 0 0.0
-0.007242033 0.09745877 -3.988446 -9.228496 0.4435353 0.4533459 0.5444087 18.5647 0.8844185 0 0.0
0.1608344 0.1335118 -3.424721 -1.187307 1.1287 1.259368 0.602019 20.03432 1.253426 1 0.0
0.01811007 0.07174248 -2.650206 -8.301896 0.4839667 0.4786398 0.5200786 18.64326 0.6443119 0 0.0
0.04339801 -0.06506831 0.3415183 -7.997799 0.7580902 0.8280836 0.722474 18.82464 0.8080788 0 0.0
0.04121469 -0.09465983 -4.463413 -8.851624 0.983795 0.9830142 0.3583622 19.72916 0.7310104 0 0.0
0.01900068 0.07283331 -2.506037 -10.94807 0.9445035 0.7849373 0.1212245 19.12345 0.7713585 0 0.0
0.04378862 0.04540704 -1.798783 -5.932478 1.458496 1.242075 0.3159445 19.98357 0.7308369 0 0.0
0.06296947 0.1101565 -1.482748 -4.582074 0.2857653 0.2728787 0.3692444 17.62928 0.7881432 0 0.0
0.04374161 -0.0001022729 -3.231952 -9.954976 0.4262088 0.4268948 0.4229068 18.37935 0.7032776 0 0.0
-0.04066461 -0.03153402 -2.561835 -8.760215 0.1952786 0.1726938 0.3588079 16.74148 0.9082718 0 0.0
-0.1549676 0.1203475 5.583847 -0.9923241 0.2482665 0.2251608 0.2407064 17.68856 1.00103 1 0.0
-0.07440091 -0.01076425 -2.729068 -9.068509 0.4126766 0.369352 0.2130968 18.40294 0.6925697 0 0.0
0.005827555 0.0675078 -3.613883 -7.687495 0.6623617 0.655572 0.4891589 19.27091 0.864069 0 0.0
-0.06431881 0.132689 -5.121552 -11.21053 1.839295 1.63267 0.4225808 20.39501 nan 0 0.0
0.04355679 0.05374226 -3.203658 -9.235888 0.3689902 0.3520539 0.3517881 18.22715 1.051769 0 0.0
0.02632241 0.03268572 -4.7366 -9.950248 0.7827719 0.8376795 0.5167373 19.10822 0.7916737 0 0.0
0.04376337 0.04743647 -3.351194 -9.393687 0.3683707 0.3710486 0.476131 18.34935 0.8008556 0 0.0
-0.06966026 0.09064732 -3.900255 -10.40038 1.684625 1.530145 0.4481146 20.1003 0.5259285 0 0.0
0.05551112 0.03407321 -3.587803 -9.57432 0.3884278 0.3957874 0.5021428 18.21807 nan 0 0.0
0.07192022 0.02819144 -5.372264 -6.495446 0.7890757 0.7734975 0.4311662 19.31054 0.8684044 0 0.0
-0.01552249 -0.0466805 -4.379939 -9.895996 0.9234331 0.7015592 -0.1614645 19.05383 0.7147102 0 0.0
0.0542295 0.08222304 -3.764337 -9.645684 0.4812316 0.5067707 0.5373664 18.86039 0.7086048 0 0.0
-0.05064704 -0.002304859 -5.060434 -9.82127 1.046298 1.020397 0.2799677 19.28963 nan 0 0.0
-0.04075018 -0.01493249 -3.953662 -8.807203 0.211455 0.1797524 0.08388342 17.09064 0.858305 0 0.0
0.01774344 0.07174446 -3.247605 -9.328329 0.62641 0.646732 0.5908333 18.82138 nan 0 0.0
0.0477467 0.002522228 -3.062972 -9.184205 0.2612967 0.2732781 0.4971614 17.54377 0.8387241 0 0.0
-0.1421834 0.1572134 -2.655655 -8.308777 1.177567 1.100967 0.4423436 20.18792 0.5734444 0 0.0
-0.06615166 0.05461621 -3.356292 -9.281888 0.6901485 0.687374 0.5118887 19.21641 0.7869148 0 0.0
0.001613918 0.2147968 -0.184947 -0.5611843 0.8639582 0.9190177 0.6257843 19.42801 1.274498 1 0.0
0.005506741 -0.04640474 -4.137559 -10.68762 1.277344 1.100603 0.4171196 19.49137 nan 0 0.0
-0.04739722 0.09327974 -2.439208 -8.771875 1.069117 1.047965 0.5259152 19.87249 0.9643974 0 0.0
-0.04632573 0.09838623 -3.584213 -9.31205 0.3348656 0.297443 0.3511322 18.0491 0.7789936 1 0.998562
-0.1274564 0.1206304 -4.709669 -10.81912 1.125146 1.047988 0.3312843 20.02558 1.105185 0 0.0
-0.01734295 0.03986131 -1.893013 -9.454326 0.6622322 0.6727581 0.4853768 19.03684 nan 0 0.0
-0.004617501 -0.00628362 -3.700179 -9.552682 0.2387842 0.2010989 0.132778 17.09899 0.9102135 0 0.0
0.2029449 0.05880667 4.561736 -12.44586 1.540609 1.484082 0.337504 20.29604 2.663019 0 0.0
0.02589414 -0.002117555 -3.57896 -9.115022 0.2354741 0.232718 0.3834303 17.45514 0.6787891 0 0.0
0.0767921 0.0320424 -3.791445 -9.279062 0.7219997 0.8186337 0.665511 19.19146 0.7765465 0 0.0
0.05777868 0.06100362 -3.274505 -9.282694 0.04867072 0.04708377 0.3691819 13.98238 1.198137 1 0.9997231
-0.04082955 -0.0129012 -3.947693 -8.823197 0.8899883 0.6879416 -0.2023051 18.89537 0.7358303 0 0.0
-0.06002841 0.06050823 6.882533 -4.208094 0.1813908 0.1653817 0.2750178 16.88665 1.16268 1 0.0
-0.01053907 0.06512894 -3.115478 -8.687372 0.2790333 0.2478053 0.2505907 17.61457 0.6760101 0 0.0
0.06492775 0.02316868 -4.037056 -9.689781 0.7527763 0.6375886 0.1373668 18.94599 0.6938934 0 0.0
0.04268637 0.03945852 -1.694521 -8.734538 0.9017512 0.889088 0.4418147 19.38757 nan 0 0.0
0.02515298 -0.1331273 -3.711094 -10.17051 0.9969782 0.9809213 0.283503 19.7899 0.8056126 0 0.0
0.08536307 0.01504256 -2.612578 -8.798353 0.4110741 0.4173577 0.457535 18.55186 0.9887028 0 0.0
0.01106056 0.02941951 -3.882499 -8.597456 0.4567301 0.4600886 0.5935831 18.11605 nan 0 0.0
-0.03932522 0.0192745 3.681727 -0.1912798 0.7705568 0.6983249 0.2806503 18.7724 nan 0 0.0
0.04707028 0.1171084 -3.445365 -8.537548 0.9885731 1.03318 0.5662243 19.849 0.9767818 0 0.0
-0.05605329 0.06906892 -4.006676 -9.263854 0.5588379 0.5184972 0.4553223 18.50583 0.706707 0 0.0
-0.003283886 0.01966401 -3.013395 -10.70117 0.7021053 0.7090398 0.5269024 18.72806 nan 0 0.0
0.06382986 0.02535524 -4.093613 -8.817495 0.4049429 0.4082982 0.4823919 18.3261 0.8255405 0 0.0
-0.02196377 -0.0164255 -0.5813911 -10.21416 0.6088476 0.4661264 -0.05901455 17.27833 0.7379942 0 0.0
-0.04804163 -0.03167478 -1.547193 -10.09322 1.041324 0.7430109 -0.2476195 19.29604 0.8157883 0 0.0
0.002056292 0.05206035 -1.997175 -8.186427 0.7203767 0.6500758 0.2756537 19.1803 0.6499233 0 0.0
-0.07143752 0.01528859 -4.252093 -9.865282 0.8870477 0.9557833 0.5316003 19.38994 0.7699871 0 0.0
0.05777915 -0.02479274 -3.091121 -9.42391 0.7746064 0.7899622 0.6068703 19.02469 0.7139034 0 0.0
-0.09470004 0.08957485 -0.7606192 -9.912073 1.900513 1.554156 0.1724677 20.35559 0.5603695 0 0.0
-0.03956079 0.01928012 -4.241206 -8.185564 0.8900197 0.9827667 0.6386536 19.08836 nan 0 0.0
-0.04896922 0.04276667 -3.274727 -9.920946 0.5745519 0.6140891 0.571937 18.77783 0.9057293 0 0.0
0.003700264 -0.09080388 5.123831 -4.091524 2.629772 2.605403 0.6269682 20.41563 nan 0 0.0
0.07037426 -0.009456568 -5.195597 -7.855878 1.465366 1.581907 0.6656132 19.94836 nan 0 0.0
0.005487057 0.06633671 -8.71693 -16.37299 1.334849 1.236676 0.3770284 19.51705 0.3522682 0 0.0
0.07389928 -0.05273698 -2.991438 -9.461541 0.7582434 0.7654046 0.4105154 19.42912 0.8812656 0 0.0
0.1328795 0.1566508 1.486864 -0.7673378 0.2773533 0.2911521 0.4739984 18.01521 0.9818592 1 0.0
-0.01918217 0.07309649 -3.411722 -9.32076 0.1282426 0.1198116 0.3154888 16.34518 1.051246 1 0.9997123
0.1405163 -0.01542774 -3.161469 -8.736899 0.7735495 0.7757478 0.4852135 19.4339 0.9723816 1 0.9861962
-0.009824077 -0.01231696 -3.225739 -9.45491 0.1181004 0.09336017 -0.01052581 15.87573 1.042661 0 0.0
0.001034865 0.02448583 -6.678329 -10.45697 1.093587 1.127151 0.4204003 18.6854 0.8234501 0 0.0
0.08234687 0.03806309 -3.168253 -8.131306 0.724252 0.7944143 0.5936186 19.30061 0.8888721 0 0.0
0.02408082 -0.03273193 -3.404997 -9.163971 0.1907795 0.1786626 0.2653338 17.01735 1.02433 0 0.0
0.03188695 0.1562686 -2.580379 -8.986834 1.296373 1.321056 0.5055053 20.01618 1.352726 0 0.0
0.02385883 0.02106871 -3.453701 -9.504839 0.211926 0.1899439 0.2644703 17.39403 0.7684727 0 0.0
-0.04060409 -0.05079249 -3.184936 -9.47062 0.19732 0.1708423 0.1393377 17.00933 0.8922787 0 0.0
0.07034832 -0.009143743 -3.830542 -9.065482 0.6047694 0.5988698 0.396298 18.77666 nan 0 0.0
0.06713677 0.0006261035 -3.293383 -9.503627 0.3663785 0.4073804 0.5280929 18.2649 0.7300014 0 0.0
0.03540704 0.03548658 -2.703025 -8.899698 0.5159354 0.5002201 0.385299 18.8221 nan 0 0.0
0.03792969 -0.006418834 -6.941022 -8.351885 0.6202724 0.5495721 0.1386525 17.07725 0.8512745 0 0.0
0.003811841 0.08476367 -2.395134 -0.8964191 0.8548446 0.8238947 0.4459814 19.4123 1.05085 0 0.0
-0.04071742 0.03097359 -3.618547 -10.19587 0.6322861 0.6233855 0.453695 18.82767 0.7902927 0 0.0
-0.009326964 -0.01206323 -2.868794 -9.296601 0.3431682 0.2966024 0.09661125 17.06287 nan 0 0.0
0.08541314 0.04178927 -4.643062 -8.03532 1.330002 1.447827 0.5262724 20.1324 0.9437141 0 0.0
0.007264829 0.02784822 -3.099144 -9.613395 0.4745181 0.486087 0.4665238 18.53135 nan 0 0.0
0.04963352 0.007587184 -3.603415 -9.247335 0.06847193 0.06858712 0.346799 14.27092 0.4333534 1 0.9996958
-0.1121158 0.06496266 -3.637859 -10.57218 1.99654 1.65981 -0.07013292 20.3414 0.9102039 0 0.0
-0.01889348 0.06998566 -3.228666 -9.329388 0.2437418 0.2312799 0.358446 17.61465 0.7929611 1 0.9992688
-0.04383249 -0.02603654 -3.219638 -6.384187 2.070174 1.803894 0.1658937 19.96615 nan 0 0.0
0.1335068 0.005090149 -3.587949 -9.595072 0.1299251 0.1283088 0.2929567 16.77748 1.012032 1 0.9975333
0.02702841 -0.06248544 -3.795345 -9.718568 0.6303303 0.6303648 0.5673201 18.73918 0.712759 0 0.0
0.1974743 0.009062939 -2.584504 -9.129705 0.881188 0.9045185 0.4547671 19.83195 1.107206 0 0.0
0.04930258 0.0763835 -4.817829 -8.525755 0.9229352 0.8796834 0.422538 19.66467 nan 0 0.0
-0.01011821 0.04735059 -4.136983 -10.16788 0.9529431 0.7292999 0.2148871 18.70857 0.7825432 0 0.0
0.05161288 0.08684026 2.022346 -3.589522 2.562397 2.300585 0.1742105 20.47706 0.3491611 0 0.0
0.04544973 -0.03998764 -3.457516 -8.471979 0.8043669 0.7905258 0.6438082 18.92859 nan 0 0.0
-0.02614584 -0.03163957 -4.443256 -6.725927 1.217848 0.91658 -0.1222115 19.40115 nan 0 0.0
0.002944602 -0.00976828 -5.074307 -12.36766 0.6740124 0.7183509 0.8846139 17.58148 nan 0 0.0
0.1196566 2.54195e-05 -3.14411 -9.790544 0.6084947 0.6059095 0.3885029 18.95717 1.000563 0 0.0
0.2260562 0.0436104 1.296188 -8.782427 0.6935602 0.7095853 0.4397628 19.51356 1.037827 1 0.0
-0.104484 0.03035292 -3.322017 -8.9001 0.5423242 0.4979336 0.3314022 18.92003 0.8502178 0 0.0
-0.06042327 0.06380007 -3.016264 -9.469613 0.7557656 0.7390593 0.4795834 19.18654 0.7672806 0 0.0
-0.04593825 0.05513351 -3.586116 -9.237588 0.4790204 0.4722313 0.6237591 18.26422 nan 0 0.0
-0.04071732 0.03073517 -0.4533808 -7.06908 1.178243 1.262569 0.5434998 19.4878 nan 0 0.0
-0.03047643 0.09508908 -3.663205 -8.863404 0.4136674 0.3914945 0.4642568 17.15539 0.8514023 0 0.0
-0.1228274 0.1069264 -3.005062 -8.692699 0.7042119 0.6988386 0.3888029 19.42783 1.082174 0 0.0
-0.04750402 -0.008086325 -4.574096 -8.618444 0.8423433 0.8513228 0.2753852 19.1932 nan 0 0.0
-0.04143795 0.002336346 -3.460115 -9.055344 0.2135513 0.1861441 0.1217047 17.25635 0.8902874 0 0.0
0.006723421 0.1460885 -1.603299 -6.047167 1.655656 1.876105 0.6650885 20.11353 nan 0 0.0
0.0156912 0.01351539 -2.931909 -9.005814 0.189199 0.153481 0.05972209 16.02972 0.9492588 0 0.0
-0.01009212 0.04817648 -3.838563 -9.416343 0.4602074 0.4104753 0.2748 18.47225 0.770607 0 0.0
0.06484481 0.01665896 -4.215184 -9.829718 0.4869099 0.4943103 0.42191 18.73989 0.7855949 1 0.9956753
-0.05089082 -0.03587433 -6.953936 -7.997878 0.7507652 0.5959343 -0.0326868 18.77057 0.8238659 0 0.0
0.181889 0.1675126 4.271063 -3.820704 1.02923 1.130928 0.5511439 19.9496 1.907078 0 0.0
0.03051821 -0.02605233 -6.324072 -13.70165 1.795849 1.985295 0.7842786 19.60249 nan 0 0.0
0.04329513 -0.1187562 -6.114594 -7.031096 1.616842 1.417823 -0.01549355 20.1405 nan 0 0.0
0.09818086 0.1874524 -2.416108 -8.27154 1.114013 1.213697 0.6232055 19.87596 1.084866 0 0.0
-0.04182579 0.05141416 -3.975832 -8.870721 0.747994 0.7192363 0.4272261 19.45366 0.8050499 0 0.0
0.002683588 0.01320574 -3.725722 -10.43207 0.3734735 0.3518658 0.3424969 18.16376 nan 0 0.0
0.03824734 -0.06255222 -3.618838 -10.18073 0.9603097 1.023267 0.5421352 19.58588 0.8351421 0 0.0
0.07006001 -0.009803474 -0.7196006 -9.194067 1.654346 1.793193 0.7428519 19.80781 nan 0 0.0
-0.05791512 -0.01318279 -3.532534 -8.925099 0.6622314 0.5643772 0.1337687 19.10709 0.7680264 0 0.0
0.0968475 0.009748242 -4.82455 -10.03039 1.932623 2.298444 0.5342497 20.37135 nan 0 0.0
-0.1161448 0.2135704 1.465567 0.627001 0.7356212 0.6477741 0.2646735 19.39008 1.670366 1 0.0
0.0619113 -0.06723001 -6.819475 -11.41618 1.348248 1.213726 0.1000242 19.03433 nan 0 0.0
0.05842907 -0.1167387 -3.111554 -8.927284 0.9193627 0.9037856 0.3145505 19.6911 0.8462143 0 0.0
-0.04118377 0.01975246 -3.674188 -9.207185 0.09015023 0.06561743 -0.1651896 14.7238 1.120537 1 0.9995125
0.1059927 0.2098076 0.03035658 -5.802472 0.24665 0.2548023 0.44979 17.82954 0.9402256 1 0.0
-0.09064229 0.008957061 -3.091805 -8.587222 0.3584003 0.3235693 0.2338995 18.13766 0.6173859 1 0.9920931
0.03023059 -0.02558303 -3.807382 -9.652783 0.3308878 0.3060616 0.2790217 17.2531 0.8850536 0 0.0
-0.03332648 0.1556997 0.1098451 -2.782633 0.6254309 0.6297203 0.5921321 19.10187 0.932972 1 0.0
-0.03050817 -0.05153641 -2.74305 -9.25014 0.9032802 0.8134168 0.1753246 19.36776 0.9760742 0 0.0
0.03219449 -0.02029269 -2.624725 -8.415338 0.6971646 0.8269649 0.6889391 18.81248 0.4498978 0 0.0
0.1225261 0.177344 -2.999573 -3.41434 0.3964105 0.4314781 0.5248459 18.53231 1.77075 1 0.0
0.01687895 0.07019013 -3.094096 -9.176432 0.5491314 0.5379028 0.4486617 18.92057 0.7433891 0 0.0
0.0001187643 0.0513661 -0.4480624 -8.034156 1.012496 1.086886 0.4033297 19.34747 nan 0 0.0
0.231939 0.04040721 3.389948 -4.828256 1.402275 1.379798 0.3971021 20.32135 0.8026218 0 0.0
-0.05929676 0.06297108 -2.890957 -9.798198 0.3674377 0.3455915 0.3515954 18.14003 0.7314777 1 0.9893476
-0.008833026 0.02255519 -2.535685 -8.912861 0.3309752 0.2963816 0.2170414 17.89199 0.57897 0 0.0
0.02646326 0.06869641 -7.574848 -6.642324 3.264455 2.025439 -0.2396638 20.29461 0.522356 0 0.0
0.1002446 -0.02008812 -1.854549 -3.088723 0.3904859 0.3938139 0.3932867 18.45318 1.119255 0 0.0
-0.004330862 0.02009502 -8.498617 -15.30849 0.742024 0.6837008 0.4607403 18.32319 nan 0 0.0
-0.09793916 0.05534613 -3.815822 -11.0282 0.9557059 0.8180623 0.3199171 18.92935 0.8978233 0 0.0
-0.06594033 0.128053 -3.005641 -7.659508 1.231144 1.013412 0.1627568 20.02501 1.321217 1 0.9158668
0.0154832 0.02198787 -3.518576 -9.298065 0.1540123 0.1376014 0.2560165 16.59854 0.9912691 0 0.0
-0.1286818 0.03809012 -3.454953 -10.0398 2.758923 2.150774 -0.2159201 20.49582 0.7876968 0 0.0
-0.02585441 -0.04519882 -3.787905 -10.12517 1.041525 0.7922728 -0.1215964 19.21019 nan 0 0.0
-0.08393285 0.2074339 0.535181 2.342345 0.3192919 0.2986114 0.4446226 18.21824 1.100868 1 0.0
0.0004853205 0.05131078 -2.422247 -8.106729 0.4212395 0.4629309 0.4766907 18.41008 nan 0 0.0
0.1697949 0.1029616 -2.3802 -8.526319 0.9700883 1.295823 0.8614432 18.93096 0.7729301 0 0.0
0.02073205 -0.03431615 -3.790535 -9.672143 1.01541 1.012149 0.597784 19.2136 0.8763103 0 0.0
-0.04746177 0.01220598 -4.367708 -8.992307 1.792737 1.85545 0.4366846 19.80726 1.171022 0 0.0
0.03151127 0.05001813 -3.795854 -9.957998 0.7407073 0.7609022 0.6095486 18.99248 -0.005001068 0 0.0
0.006869824 -0.005003924 -3.830753 -8.466367 0.4843902 0.4673189 0.3132166 18.43323 nan 0 0.0
0.03371305 0.05704786 -6.95366 -12.71559 1.544232 1.211748 0.1261839 19.95446 0.5537167 0 0.0
-0.009068633 0.0229271 -3.577621 -8.409959 0.5147979 0.5215516 0.37301 18.54612 nan 0 0.0
0.06436374 -0.03690098 -6.074256 -2.288768 0.2521496 0.2416151 0.339674 17.70113 1.185431 1 0.0
-0.03438514 0.03810765 -1.931116 -7.627868 1.847463 2.100934 0.6616985 20.31021 0.6525097 0 0.0
-0.02871407 0.07063744 -3.841334 -9.344806 0.2163526 0.1902169 0.3345134 17.41787 0.7697754 1 0.9985206
-0.04448232 0.07741774 -1.386463 -7.759087 0.8091592 0.7560999 0.4532949 19.20257 0.737566 0 0.0
-0.02654033 -0.02413617 0.004776533 -8.976766 1.059529 0.710954 -0.5635868 18.49719 0.9847374 0 0.0
