data/gcs/NGC_6539.ecsv
# %ECSV 0.9
# ---
# datatype:
# - {name: x, unit: deg, datatype: float64}
# - {name: y, unit: deg, datatype: float64}
# - {name: pmx, unit: mas / yr, datatype: float64}
# - {name: pmy, unit: mas / yr, datatype: float64}
# - {name: pmx_e, unit: mas / yr, datatype: float64}
# - {name: pmy_e, unit: mas / yr, datatype: float64}
# - {name: pm_corr, datatype: float64}
# - {name: g_mag, unit: mag, datatype: float64}
# - {name: bp_rp, unit: mag, datatype: float64}
# - {name: filter, datatype: int64}
# - {name: memberprob, datatype: float64}
# meta: !!omap
# - comments: [deg deg mas/yr mas/yr mas/yr mas/yr dimless mag   mag   zeroone float]
# - __serialized_columns__:
#     bp_rp:
#       __class__: astropy.units.quantity.Quantity
#       unit: &id001 !astropy.units.Unit {unit: mag}
#       value: !astropy.table.SerializedColumn {name: bp_rp}
#     g_mag:
#       __class__: astropy.units.quantity.Quantity
#       unit: *id001
#       value: !astropy.table.SerializedColumn {name: g_mag}
#     pmx:
#       __class__: astropy.units.quantity.Quantity
#       unit: !astropy.units.Unit {unit: mas / yr}
#       value: !astropy.table.SerializedColumn {name: pmx}
#     pmx_e:
#       __class__: astropy.units.quantity.Quantity
#       unit: !astropy.units.Unit {unit: mas / yr}
#       value: !astropy.table.SerializedColumn {name: pmx_e}
#     pmy:
#       __class__: astropy.units.quantity.Quantity
#       unit: !astropy.units.Unit {unit: mas / yr}
#       value: !astropy.table.SerializedColumn {name: pmy}
#     pmy_e:
#       __class__: astropy.units.quantity.Quantity
#       unit: !astropy.units.Unit {unit: mas / yr}
#       value: !astropy.table.SerializedColumn {name: pmy_e}
#     x:
#       __class__: astropy.units.quantity.Quantity
#       unit: &id002 !astropy.units.Unit {unit: deg}
#       value: !astropy.table.SerializedColumn {name: x}
#     y:
#       __class__: astropy.units.quantity.Quantity
#       unit: *id002
#       value: !astropy.table.SerializedColumn {name: y}
# schema: astropy-2.0
x y pmx pmy pmx_e pmy_e pm_corr g_mag bp_rp filter memberprob
[from data line 1165]
-0.02676718 -0.0604916 -3.508216 -4.146529 1.168648 1.193515 0.4029429 19.71253 1.880707 0 0.0
-0.08769521 -0.001064826 -4.771305 -6.908118 0.7100917 0.6785037 0.4189651 19.06827 2.11203 1 0.0
-0.09401737 -0.001861049 3.690107 0.6629082 0.8665315 0.871556 0.4968664 19.42035 2.058075 1 0.0
0.08590943 -0.01341312 -0.167457 -4.792223 0.9724999 1.009021 0.5362157 19.27874 2.112499 0 0.0
0.05416941 -0.07862208 -1.528509 -2.84164 0.137705 0.1112714 0.2307178 16.23375 2.40328 1 0.0
0.003055436 -0.082575 -0.8777732 -1.546674 0.933335 1.071062 0.4978025 19.36575 1.469496 0 0.0
0.0795288 -0.002478969 -0.8423525 -7.674712 2.212961 1.918717 -0.04160117 20.32891 1.072693 0 0.0
-0.05795077 -0.06247497 -1.60529 -1.192543 0.3210612 0.2724432 0.3052056 18.12285 2.114588 1 0.0
-0.007832934 -0.06662678 -6.294675 -1.883434 3.378474 3.007597 0.2501882 20.67422 1.271511 0 0.0
-0.08054592 -0.05534132 1.527152 -0.5436467 0.1577415 0.1356103 0.3355844 16.75218 2.455616 1 0.0
-0.03899251 0.003859489 -0.7081982 -1.482742 0.9578515 0.9768422 0.4785726 19.59006 1.824497 1 0.0
-0.007681243 -0.09227057 -1.510075 -0.8543752 1.607414 1.484801 0.5901303 20.10913 0.6647358 0 0.0
-0.08829301 -0.03611152 4.384209 -3.484042 2.049087 1.97961 0.540086 20.2666 1.599205 1 0.0
-0.04597977 -0.002409702 -0.3625683 -0.4847008 1.07505 1.096645 0.4795573 19.73524 1.941965 0 0.0
0.03566049 -0.06687375 -1.454583 -1.515248 0.3236795 0.2666294 0.2614991 17.92914 2.038263 1 0.0
0.06234302 -0.02736846 1.277672 -3.154953 1.022246 1.202658 0.4569399 19.4061 2.119881 0 0.0
-0.06276783 -0.008325558 1.993875 -7.399703 1.140351 1.356333 0.5378504 19.57648 2.121401 1 0.0
-0.02531462 -0.07301372 0.5599368 0.5390169 0.4113344 0.3230265 0.4493833 17.98424 2.288322 1 0.0
-0.01234086 -0.02129876 -2.519361 0.7950135 1.677913 1.539619 0.4234051 20.11139 2.174664 0 0.0
0.05529484 -0.02942028 -2.804228 -7.071596 2.498671 2.206812 -0.05935943 20.57425 1.23551 0 0.0
0.00323703 -0.06603496 -0.8750514 3.234517 0.5195033 0.4160335 0.1444384 18.68454 2.033861 1 0.0
-0.05671732 -0.01232157 -10.35637 -3.076814 2.507784 1.932119 -0.2461022 20.41512 1.829071 0 0.0
-0.06252458 -0.01687426 -3.224212 -4.888954 1.441933 1.504883 0.460042 20.02054 nan 0 0.0
0.0185717 -0.06527766 -5.558241 -3.12223 1.567768 1.373561 0.5173035 20.12945 1.62999 0 0.0
-0.0373894 0.005937688 -7.44829 -5.025311 1.180343 1.208265 0.4148837 19.74904 nan 0 0.0
0.05317811 -0.0241195 -0.396887 2.854749 0.8232306 0.8527083 0.1737388 19.26424 2.172878 0 0.0
-0.04588058 -0.08110449 -7.030889 -9.981318 1.726965 1.574213 0.505857 20.25678 1.489435 0 0.0
-0.0009368704 -0.07719961 2.569934 -3.146603 1.666518 1.519728 0.4244321 19.99569 nan 0 0.0
-0.01820842 -0.03901823 -6.901413 -3.351776 0.234388 0.1897004 0.2136861 17.15062 2.465357 1 0.9989486
0.02713249 -0.04633672 -0.3155032 -4.485863 0.3407648 0.2829893 0.2657347 18.16569 2.125301 1 0.0
0.0459476 -0.03385615 8.447116 -15.66366 2.721868 2.416251 0.1988961 20.52822 1.631281 0 0.0
0.05205241 -0.07743211 -5.070746 -5.310782 1.90439 1.693766 0.2596994 20.53187 nan 0 0.0
0.05456998 -0.02076369 -6.69225 -1.346169 1.186513 1.252589 0.2140086 19.77773 nan 0 0.0
0.004144329 -0.07384365 -2.436847 -2.757744 0.3123742 0.2607502 0.28306 18.12882 2.459717 1 0.0
0.01052623 -0.0679038 -6.496414 -6.894326 0.9386936 0.9794978 0.4580688 19.63615 2.183153 0 0.0
-0.06494546 -0.01074202 -0.68083 -7.070672 1.730144 1.842324 0.6627357 19.77456 2.715841 0 0.0
0.07632089 -0.01021793 -6.339108 -1.545042 0.8393502 0.8436001 0.3326818 19.28204 2.244705 0 0.0
-0.019567 -0.09499035 -1.533922 1.497237 1.456858 1.181856 0.4508802 19.98037 1.974621 0 0.0
0.08694012 -0.002508536 -6.647091 -5.054558 1.048636 0.9736617 0.467209 19.83444 1.182819 0 0.0
-0.04365076 0.0002040852 -7.174867 -4.257869 0.5260742 0.4191147 0.2649913 18.7656 2.153162 0 0.0
-0.009889624 -0.06764391 -6.90699 -1.419094 1.567448 1.475933 0.2610929 20.36653 1.14418 0 0.0
-0.03998775 -0.02875245 -3.822602 -7.39426 2.59139 2.211176 0.2949495 20.45825 1.861155 0 0.0
0.08222142 -0.0007051636 -0.8930354 -1.683379 0.8024752 0.8058311 0.3884888 19.4496 nan 0 0.0
-0.01884482 -0.01170312 -9.632439 -2.242176 1.851826 1.864433 0.3715337 20.3416 1.652475 0 0.0
-0.08045936 -0.03312928 -6.186458 -3.991109 1.018699 1.038546 0.4328765 19.62128 2.509771 0 0.0
-0.03242776 -0.000660382 -6.504991 -3.099125 0.1398902 0.1133962 0.2543302 16.46478 2.455309 1 0.9913165
0.03052015 -0.04671794 -0.948721 -6.716415 0.9959976 1.028747 0.272766 19.53448 2.609924 0 0.0
-0.04612369 -0.07041526 -2.578751 -5.084863 0.7677053 0.777777 0.3095769 19.27808 2.101181 1 0.0
-0.03527097 -0.004674144 -0.4250837 0.9617138 0.1837376 0.1250951 0.486636 15.85545 2.667541 1 0.0
0.07468882 -0.002111413 -0.5973397 -5.032009 0.1271887 0.110085 0.217481 16.01813 2.243551 1 0.0
0.07773441 -0.05553392 1.284111 -5.579622 0.9468119 1.117512 0.4280625 19.47941 1.515032 0 0.0
-0.07545027 0.03586376 -2.04144 -6.914272 0.5879922 0.5115795 0.2487748 18.98973 1.955587 1 0.0
-0.03318373 -0.004333993 -2.091091 -4.081892 1.023912 1.046643 0.4647347 19.71468 1.669918 0 0.0
-0.009919475 -0.08461453 -0.9033066 -0.006267289 1.775473 1.545766 0.4874327 20.12206 nan 0 0.0
0.007804266 -0.05976319 -0.9391169 -8.051473 0.1500693 0.1217696 0.2512969 16.52874 2.573786 1 0.0
0.06310063 -0.01781753 -6.156611 -2.480355 1.046562 1.096915 0.2599677 19.7256 1.762869 0 0.0
-0.03076346 -0.007910569 -3.890723 -9.178533 0.3055328 0.2596283 0.3253359 17.96382 2.383438 1 0.0
-0.01427526 -0.06741086 -3.324344 -7.262183 0.1964665 0.1792237 0.2915852 17.0056 2.003419 1 0.0
0.08367301 -0.002878867 -4.08397 -4.684406 1.485837 1.488216 0.5850506 20.08455 1.439466 0 0.0
0.06750819 -0.0737569 0.331817 -4.171146 0.7777868 0.7331244 0.2224639 19.02626 2.319778 0 0.0
0.09187196 0.002408061 3.490527 -9.647143 1.443419 1.279337 0.4005227 20.02572 1.816206 1 0.0
-0.06974901 -0.04855643 -2.290509 -0.7437718 0.2589014 0.2180795 0.3018577 17.64046 2.06966 1 0.0
0.006382367 -0.08138151 -6.621524 -3.499734 0.2694986 0.2464249 0.3122823 17.58418 2.357569 1 0.9920019
-0.07671255 -0.01100288 -2.958663 -4.539592 2.25309 2.162367 0.6842278 20.34093 1.646032 0 0.0
-0.03212481 -0.006526887 -1.027001 -4.194409 0.7278337 0.5740449 0.578612 18.70441 2.019135 0 0.0
-0.0591986 -0.006412458 -1.984038 -4.669242 1.539806 1.67435 0.7605529 19.82826 0.6469765 0 0.0
0.03871741 -0.04379845 -2.674352 -9.81875 2.11938 1.982247 0.2407558 20.56774 nan 0 0.0
0.03817336 -0.03925605 7.155949 -2.21928 0.8934158 0.930606 0.1760916 19.21667 2.387247 0 0.0
-0.06603933 0.02113009 0.6103562 -7.7327 0.4288364 0.3350676 0.2573351 18.27856 2.02668 1 0.0
0.06751685 -0.01890968 2.815466 -1.087549 1.843132 1.95293 0.2421566 20.09088 1.825003 0 0.0
0.08751535 -0.0001373412 -2.965768 -0.9806257 2.394836 2.100836 0.2342884 20.50838 nan 0 0.0
0.0550841 -0.0216316 -0.3195512 1.769055 0.7624502 0.5924163 0.08257375 18.70992 2.083487 0 0.0
0.03923155 -0.04451375 -6.463269 -5.377924 1.090413 1.114496 0.2444632 19.58517 2.035158 0 0.0
-0.0794023 -0.02438437 -7.741209 -11.07593 2.392772 2.349713 0.6575135 20.38983 1.67387 0 0.0
0.06061923 -0.0246326 3.657004 -0.349167 1.032262 1.013394 0.4346969 19.3793 nan 0 0.0
0.05741232 -0.02874727 -0.9944833 -6.377465 1.983444 1.75551 0.2658433 20.27231 1.304653 0 0.0
-0.03974414 -0.04623232 0.386431 -3.807398 1.916999 1.77586 0.4839146 20.15869 2.083239 0 0.0
-0.07338066 -0.03683208 -3.124037 -0.3440684 1.890696 1.708309 0.2579841 20.42606 1.200235 0 0.0
-0.0415863 -0.07624556 1.797899 -5.243463 0.9883077 1.016588 0.4725246 19.73152 1.822115 0 0.0
0.01745357 -0.04161839 -6.826755 -3.428993 0.3292538 0.2692395 0.268031 17.88495 2.36677 1 0.9981767
-0.0360577 -0.001909507 -1.040492 -4.607965 0.9793475 0.9843607 0.4209724 19.39281 2.128077 0 0.0
-0.06164818 -0.0111497 -7.098458 -3.42187 0.2712732 0.2225472 0.3219456 17.55185 2.27743 1 0.9973279
0.03980729 -0.03333674 -3.070812 -2.768036 2.031225 1.780106 0.3156733 20.38656 1.780127 0 0.0
0.01935846 -0.05709279 -4.611424 -2.834031 1.717263 1.468192 0.5307844 20.10548 0.9161034 0 0.0
-0.05565313 -0.05427546 1.221706 -6.668669 1.739501 1.662336 0.4634966 19.91317 nan 0 0.0
-0.0559557 -0.05351876 -5.792656 -5.961336 0.7166202 0.7507566 0.4159601 19.12388 nan 0 0.0
-0.01793481 -0.0718885 -0.3090688 -1.47096 0.191721 0.1617583 0.2686561 17.18917 2.146591 1 0.0
0.0803455 -0.002781435 -0.4554725 -2.715185 0.9827944 0.9826429 0.00742699 19.38565 1.79566 0 0.0
0.05129595 -0.08014856 -1.134643 -4.821912 0.3630557 0.2999131 0.2526041 18.15121 2.270094 1 0.0
-0.02631633 -0.01426699 -7.594876 -3.880357 0.4161859 0.3452147 0.1760148 18.2926 nan 0 0.0
-0.02452781 -0.08061875 -4.535495 -8.184442 0.9659469 0.997643 0.4349963 19.71086 2.130177 1 0.0
-0.008377441 -0.06243444 0.296644 -4.896373 0.6274218 0.4910308 0.3902494 17.74319 2.35494 0 0.0
0.08591237 0.001314951 -7.090647 -4.561245 0.7543893 0.744181 0.4095956 19.24538 2.221746 1 0.9011072
-0.09090891 0.03285384 -0.3260929 -0.3239877 1.519792 1.546855 0.3929151 20.23515 1.710268 0 0.0
0.04313444 -0.03477807 -6.784852 -3.636921 0.2563831 0.2040555 0.09050692 17.45043 2.37612 1 0.9977227
0.0927495 0.003673399 -1.146009 -5.465152 0.7696743 0.7498926 0.195022 19.29829 1.912189 1 0.0
0.07126943 -0.008722181 -9.508704 -2.685534 2.259963 2.332049 0.5364849 20.46571 1.941315 0 0.0
-0.002812066 -0.07673661 0.7296235 -0.7682452 0.9032751 0.9333062 0.4090973 19.51236 1.895723 0 0.0
-0.06265061 0.01767257 -4.354988 -9.898655 2.923339 2.516182 -0.2137579 20.50093 1.781303 0 0.0
0.06856939 -0.05748501 -2.815913 -5.64079 2.106566 1.703042 -0.02211909 20.51071 nan 0 0.0
0.01772564 -0.04530435 -6.765992 -2.870762 0.2712964 0.2231181 0.2517621 17.57314 2.215036 1 0.9851681
0.09432435 0.01195238 -2.098961 -2.329858 0.8157362 0.7912315 0.2626641 19.34678 1.830956 1 1.780868e-06
-0.05205923 -0.009433252 -8.725481 -5.622951 1.128244 1.054197 0.6236337 19.57798 1.693586 0 0.0
0.02836958 -0.09207832 -2.182511 -2.965128 1.521972 1.677277 0.5703191 20.07572 2.17486 0 0.0
-0.06649205 0.01426214 -2.321852 -5.921404 2.406572 2.1822 0.591047 20.24304 0.9620075 0 0.0
0.05946944 -0.02707051 -3.517322 -2.686547 1.656261 1.644453 0.2590389 20.07923 nan 0 0.0
-0.03027724 -0.03944997 0.9370035 -4.369134 0.45465 0.3786114 0.3405586 18.58385 2.259373 1 0.0
-0.06551902 -0.01844588 -10.44469 -5.421021 1.263851 1.226775 0.4847844 20.03227 2.26969 1 0.8915942
-0.02885234 -0.08754793 -2.399566 -2.723593 0.2627581 0.2176411 0.2378656 17.52347 2.515711 1 0.0
0.02471258 -0.04869024 -4.526624 -6.068914 1.492582 1.411069 0.2611361 20.34902 1.520073 0 0.0
0.040744 -0.04360742 -3.186468 -5.91454 0.9054138 0.9625359 0.2929956 19.61124 1.614012 0 0.0
-0.03617288 -0.0709045 0.08732796 -4.268711 1.862634 1.72642 0.4946111 20.22683 1.62413 0 0.0
-0.001420842 -0.06197755 -6.981417 4.00358 0.4162636 0.3374819 0.1680287 18.44436 2.181911 1 0.0
0.07238891 -0.0073486 -6.151907 -6.305189 2.373209 2.173979 0.4036881 20.58888 1.21859 0 0.0
0.09541272 0.008878924 -1.097292 0.7702576 0.1712287 0.1377177 0.1100304 16.69885 2.411045 1 0.0
-0.0004529925 -0.03689497 -2.616975 1.791909 0.9185334 0.8623061 0.5524358 19.41002 2.074303 0 0.0
0.06482469 -0.0188406 -6.556581 1.74674 2.104306 1.883538 0.2608885 20.45529 1.99868 0 0.0
0.004598146 -0.06107253 -2.366822 -6.881648 0.1637023 0.1313536 0.223616 16.30986 2.695582 1 0.0
0.06252428 -0.02893013 -1.806148 -6.879646 1.494209 1.690492 0.2534361 19.30756 2.070948 0 0.0
0.03992455 -0.07322607 2.268408 1.920996 0.8008562 0.9330162 0.543041 19.29693 2.137407 1 0.0
0.05472078 -0.02421792 -6.920613 -2.866183 1.597453 1.294112 0.3370767 19.92599 2.608334 0 0.0
0.08805981 -0.0004044811 4.783085 -6.259325 0.6686053 0.6660199 0.3371047 19.12889 1.815887 1 0.0
0.02843 -0.09316027 1.014123 -8.718025 0.4849906 0.4021993 0.2915123 18.63012 2.34654 1 0.0
0.07075188 -0.02878836 -6.383447 -6.81502 1.829849 1.61076 0.4947393 20.08019 1.130791 0 0.0
-0.06769607 -0.02410866 -7.448979 -2.219517 2.101905 1.858483 0.4521478 20.06903 1.838615 0 0.0
-0.04306818 -0.0774974 -1.657153 -2.721675 1.693901 1.734413 0.4038454 20.38234 1.393711 0 0.0
0.08757547 -0.002009893 -6.695391 -4.062683 1.177413 1.250541 0.5869424 19.77802 1.741562 1 0.8483545
-0.02767298 -0.08491524 -2.322337 -7.187583 0.4069386 0.3413537 0.2765998 18.50135 2.147709 1 0.0
0.0513919 -0.03687515 -6.940861 -2.756259 0.8292791 0.9740608 0.4340944 19.24739 1.581181 0 0.0
-0.01367096 -0.04820051 -1.339666 -1.851616 2.699049 2.65871 0.4202748 20.70632 1.634726 0 0.0
-0.0004529511 -0.07588306 -2.959105 -9.536952 1.572625 1.406894 0.4312461 20.2337 1.88253 0 0.0
-0.01512129 -0.091453 3.715812 -6.175597 1.628034 1.40473 0.5193258 20.16744 nan 0 0.0
-0.009618156 -0.03463391 -5.873792 -3.49405 0.3760451 0.3003767 0.1436138 17.96172 2.457829 1 0.9556697
-0.05526534 -0.01228371 -0.5301079 -3.445215 2.024964 1.815305 0.4660282 19.96343 nan 0 0.0
0.06906035 -0.01397323 -1.671901 0.1946532 0.1033477 0.08614104 0.1461148 14.11374 2.720757 1 0.0
0.03841563 -0.03600404 -1.381059 -3.401877 0.4768179 0.3762894 0.1085326 18.5682 2.454607 1 0.0
0.01391442 -0.04738084 -6.904154 -3.270206 0.2324743 0.1918118 0.2633669 17.5564 2.29698 1 0.9983786
0.04981912 -0.03589602 -1.745734 6.578299 1.739056 1.266781 0.3913634 20.07878 1.764305 0 0.0
-0.009314604 -0.08370519 1.135628 -8.115761 1.441927 1.3834 0.549024 20.00215 1.487089 0 0.0
-0.05647201 -0.03748041 -2.731243 0.7817857 1.890736 1.633581 0.5454623 20.0236 1.746555 0 0.0
-0.09637361 -0.01650095 0.5323568 -1.086949 2.438555 2.490415 0.6239869 20.54252 1.634556 0 0.0
0.08054727 -0.05591591 -0.8356749 -3.438456 1.398885 1.19533 0.2563876 20.20708 0.8508015 0 0.0
-0.004082338 -0.07893388 0.9595206 -3.296058 0.1594536 0.1299588 0.2294554 16.46536 2.483794 1 0.0
0.07855463 -0.03611011 -1.025026 -5.655123 0.4901823 0.3923597 0.1794837 18.61009 2.307669 1 0.0
0.004779486 -0.07330292 -4.85239 -10.14726 0.7776845 0.8260018 0.4217609 19.33611 1.947453 1 0.0
-0.05819649 -0.03488427 -2.390262 -2.909497 0.6164432 0.5188272 0.3350118 18.80241 2.188269 0 0.0
-0.07759264 0.004817947 -11.47719 -0.1459691 3.052855 2.474948 -0.278496 20.65728 1.464621 0 0.0
0.01276426 -0.07291923 -4.620356 -7.388371 0.7194433 0.8445517 0.3963334 19.11806 2.14856 1 0.0
0.05420556 -0.0320356 -4.365074 -5.518836 1.099305 1.16307 0.2352057 19.6768 2.132563 0 0.0
0.08083 -0.0001531993 -1.957945 -1.795324 2.004701 1.859973 0.4433225 20.50144 1.578466 0 0.0
-0.08823701 -0.01427428 -0.2145338 2.260689 2.236632 2.022364 0.6021596 20.46427 1.423386 0 0.0
-0.03273 -0.004054532 -7.954792 -4.958056 1.655308 1.369519 0.06445117 20.05135 nan 0 0.0
-0.05232351 -0.07458829 -6.853916 -3.712118 0.2367512 0.1954643 0.1416287 17.40448 2.241917 1 0.9918862
-0.02513678 -0.01116319 -6.532996 -3.295406 0.2549367 0.2116442 0.3017237 17.67516 2.443523 1 0.9983858
-0.03614819 -0.00507333 -0.5678144 -2.371496 2.24693 1.787299 0.02379847 20.09866 2.313204 0 0.0
-0.02628612 -0.01371719 -3.49661 -7.747831 0.3397937 0.2396844 0.4539734 17.26859 2.520616 1 0.0
-0.03566322 -0.01676009 -3.555595 -2.218579 1.115378 1.155015 0.5019403 19.81454 1.86994 0 0.0
-0.06053264 0.01516758 2.805905 -3.353764 0.3680924 0.2961939 0.2937446 18.0766 2.030695 1 0.0
-0.01118973 -0.08532362 -1.118136 -4.398494 1.796263 1.610676 0.3476222 20.09653 1.929337 0 0.0
-0.02676541 -0.08877327 -1.346017 -3.837322 0.8783402 0.8831436 0.3296682 19.19701 2.253136 0 0.0
-0.01542386 -0.0877766 5.241079 -9.066557 1.468489 1.466018 0.6848604 19.74226 1.954063 0 0.0
0.06805855 -0.03642161 -1.220662 -6.20642 0.449658 0.3551578 0.1711236 18.42385 2.434717 1 0.0
0.006443043 -0.06906577 0.3513142 -4.090274 1.978294 1.741885 0.2734244 20.31469 1.264128 0 0.0
0.07169309 -0.007770007 -2.602589 -0.7413885 1.373436 1.170593 0.5849812 19.95351 1.733213 0 0.0
0.02964272 -0.0504682 -7.336112 -3.825092 0.3036813 0.2492722 0.2365578 17.85855 2.365112 1 0.9937199
0.02670886 -0.04902033 -6.225323 -9.498699 2.287093 2.066189 0.1151751 20.59506 1.869774 0 0.0
