data/gcs/NGC_6171_M107.ecsv
# %ECSV 0.9
# ---
# datatype:
# - {name: x, unit: deg, datatype: float64}
# - {name: y, unit: deg, datatype: float64}
# - {name: pmx, unit: mas / yr, datatype: float64}
# - {name: pmy, unit: mas / yr, datatype: float64}
# - {name: pmx_e, unit: mas / yr, datatype: float64}
# - {name: pmy_e, unit: mas / yr, datatype: float64}
# - {name: pm_corr, datatype: float64}
# - {name: g_mag, unit: mag, datatype: float64}
# - {name: bp_rp, unit: mag, datatype: float64}
# - {name: filter, datatype: int64}
# - {name: memberprob, datatype: float64}
# meta: !!omap
# - comments: [deg deg mas/yr mas/yr mas/yr mas/yr dimless mag   mag   zeroone float]
# - __serialized_columns__:
#     bp_rp:
#       __class__: astropy.units.quantity.Quantity
#       unit: &id001 !astropy.units.Unit {unit: mag}
#       value: !astropy.table.SerializedColumn {name: bp_rp}
#     g_mag:
#       __class__: astropy.units.quantity.Quantity
#       unit: *id001
#       value: !astropy.table.SerializedColumn {name: g_mag}
#     pmx:
#       __class__: astropy.units.quantity.Quantity
#       unit: !astropy.units.Unit {unit: mas / yr}
#       value: !astropy.table.SerializedColumn {name: pmx}
#     pmx_e:
#       __class__: astropy.units.quantity.Quantity
#       unit: !astropy.units.Unit {unit: mas / yr}
#       value: !astropy.table.SerializedColumn {name: pmx_e}
#     pmy:
#       __class__: astropy.units.quantity.Quantity
#       unit: !astropy.units.Unit {unit: mas / yr}
#       value: !astropy.table.SerializedColumn {name: pmy}
#     pmy_e:
#       __class__: astropy.units.quantity.Quantity
#       unit: !astropy.units.Unit {unit: mas / yr}
#       value: !astropy.table.SerializedColumn {name: pmy_e}
#     x:
#       __class__: astropy.units.quantity.Quantity
#       unit: &id002 !astropy.units.Unit {unit: deg}
#       value: !astropy.table.SerializedColumn {name: x}
#     y:
#       __class__: astropy.units.quantity.Quantity
#       unit: *id002
#       value: !astropy.table.SerializedColumn {name: y}
# schema: astropy-2.0
x y pmx pmy pmx_e pmy_e pm_corr g_mag bp_rp filter memberprob
[from data line 8420]
-0.01494858 -0.02384562 -2.349171 -6.459558 1.313938 0.8024106 -0.2873601 19.57717 1.028948 0 0.0
0.01947891 0.03418038 1.02119 -8.375255 3.186033 2.425081 -0.4819882 20.69452 nan 0 0.0
0.01773697 -0.001336231 0.6878664 -7.609723 2.131677 1.158231 -0.2165992 19.57461 nan 0 0.0
0.03751831 -0.1199382 -1.832649 -5.080795 1.97569 1.264812 -0.1909191 20.34578 1.373568 0 0.0
-0.06340844 -0.05753135 -5.173878 -2.771875 0.3661693 0.2205576 -0.07894672 17.89635 1.346472 1 0.0
-0.003281164 -0.01581716 -5.854824 -4.794801 1.634224 0.9567694 0.003569606 19.83889 nan 0 0.0
-0.06949286 0.01743344 0.189339 -5.179001 1.532825 0.9917934 -0.3557998 19.58052 1.12657 0 0.0
-0.06001021 0.08544813 -3.53164 -4.651658 3.554879 1.728578 0.09280261 20.5796 0.8406658 0 0.0
-0.007770274 -0.005942917 -7.624609 -10.01578 1.77576 1.100389 0.2659745 19.09455 nan 0 0.0
0.02095618 -0.07627047 -8.397386 -8.620631 2.049726 1.301728 -0.1444048 20.34752 1.394878 0 0.0
-0.02186361 0.01790286 -1.15627 -6.105257 2.271174 1.326299 0.1367344 20.12949 nan 0 0.0
-0.06167864 -0.02178339 -5.774553 -2.024969 0.2479115 0.1688434 -0.09775655 17.42573 1.325726 1 0.0
-0.02001904 0.00265949 -0.3676302 -7.65642 0.7364573 0.550474 -0.246029 18.98982 1.10671 0 0.0
-0.04399336 0.07281533 -2.327509 -5.858142 0.7349277 0.479414 -0.007032438 19.12822 1.241634 0 0.0
-0.02113522 0.01820906 -12.13842 -2.883035 3.601327 1.856923 0.3175546 20.49957 1.311722 0 0.0
0.0506154 -0.08201778 -3.917994 -7.661656 1.744872 1.145141 -0.1222464 20.30418 1.229803 0 0.0
0.1005705 0.02060229 -8.90838 -16.6702 2.025312 1.157561 -0.02978616 20.37142 1.144131 0 0.0
0.05828807 -0.06038825 -1.756495 -9.341615 2.294065 1.454652 -0.1992293 20.43184 1.117779 0 0.0
-0.06436662 0.08392497 -9.306007 0.03852844 4.315075 2.926544 -0.1914678 20.85906 1.160809 0 0.0
0.007659394 0.01539555 -1.552054 -5.890154 0.1525708 0.09525842 0.03947684 16.46528 1.576546 1 0.9990253
0.03627474 0.01096986 -1.737408 -6.248646 0.2875158 0.1949869 -0.05503473 17.73767 1.526463 1 0.9987417
0.02314215 -0.05968628 1.710737 -6.078665 0.6689848 0.4326852 -0.1022289 19.0524 1.457346 0 0.0
0.03973826 -0.08159332 -0.4630936 -6.071552 1.992443 1.2848 -0.2555058 20.36731 1.014011 0 0.0
0.01473637 0.03251654 -2.517102 -5.697319 2.190019 1.561337 -0.2048214 20.38513 nan 0 0.0
-0.01453899 0.08819012 -3.558261 -4.873806 2.27676 1.479723 -0.1175007 20.46158 1.209028 0 0.0
-0.05746305 0.002096675 -1.027816 -6.579405 2.154562 1.361805 -0.07799629 20.44707 1.067118 0 0.0
-0.006580718 -0.02177578 -15.90831 -9.794814 0.8138162 0.5183455 -0.08110694 17.75372 1.21286 0 0.0
-0.01744519 -0.02934276 -5.483528 -3.847869 0.1878075 0.1260108 -0.08032611 15.90863 1.560578 0 0.0
0.02800352 0.08801444 -4.317356 -2.056495 1.688932 0.8921255 0.3273768 20.12311 1.690262 0 0.0
0.03196201 -0.003128661 -1.74263 -6.746315 0.9982499 0.6205185 -0.05781082 19.48069 1.571152 0 0.0
0.005444411 0.01399275 -1.233322 -6.0764 0.3186042 0.1942917 0.03564514 17.2977 nan 0 0.0
-0.09166433 0.03615256 -3.727311 -3.665118 0.349065 0.2350705 -0.0589843 17.93161 1.275597 1 0.0
0.00869854 -0.02536071 4.353265 -7.735987 3.059787 1.43464 0.1651784 20.34454 nan 0 0.0
0.02030986 0.01504102 -0.9361072 -6.103327 0.9290955 0.6195846 -0.1214629 19.39948 nan 0 0.0
0.04562125 -0.009016883 -2.77026 -6.02626 0.3989297 0.2687713 -0.1253953 18.31758 1.262983 1 0.9923207
-0.0624559 -0.06317686 0.3626241 1.197698 0.308574 0.2059791 -0.1201161 17.84297 1.173529 1 0.0
-0.01187192 -0.02383496 -0.7657073 -6.290773 2.075031 1.268647 -0.09080967 20.31835 1.289097 0 0.0
0.01064586 -0.01907321 -0.8005567 -4.9031 1.788132 0.9075194 0.6226263 19.15944 0.6915607 0 0.0
-0.036981 0.0116812 -3.215354 -6.293724 2.695471 1.628823 0.1563977 20.43713 nan 0 0.0
-0.03495629 -0.009776177 -2.693858 -5.894058 0.5789884 0.3848763 -0.06772279 18.80588 1.107965 0 0.0
0.03876978 -0.003715192 -0.202843 -5.348639 2.009006 1.314357 -0.2165219 20.35566 1.086962 0 0.0
0.02157593 -0.1258501 -1.808852 -5.757756 1.159947 0.7656465 -0.1503508 19.80987 1.322628 1 0.9373247
-0.068348 0.01667749 -2.220821 -4.976214 1.462134 0.9530731 0.2364788 19.3776 1.439186 0 0.0
0.02084598 0.02648983 -0.3639727 -6.652917 2.07565 1.312823 -0.1015348 20.2631 nan 0 0.0
-0.05976463 -0.007986116 -9.129473 -0.5462818 3.645205 2.977566 -0.5274359 20.74961 0.6035328 0 0.0
-0.01499673 0.03481107 -4.063894 -4.991867 1.718896 1.026782 0.08499358 20.02284 0.9538994 0 0.0
-0.03912737 -0.04562828 -3.227274 -4.919188 1.338902 0.8765481 -0.1058974 19.93319 1.157722 0 0.0
0.1424917 -0.08263448 -4.890943 2.937337 0.6353798 0.3822879 0.04748736 18.94001 1.540909 1 0.0
-0.07394061 0.02731317 -0.5776429 -12.28042 3.645183 2.398967 -0.2709859 20.77083 0.7246475 0 0.0
-0.06153881 -0.04606104 0.3043731 -8.209832 2.84901 1.373087 -0.09064801 20.28643 1.031218 0 0.0
0.003749098 -0.02956152 -2.008207 -6.162555 1.002803 0.6306479 0.01583305 19.4313 0.858778 0 0.0
0.02885639 -0.1210672 -1.192335 -7.708811 1.779858 1.175106 -0.2297699 20.25632 1.030981 0 0.0
-0.005376864 -0.01872018 -1.128699 -5.459207 1.015284 0.6118816 0.2311759 19.23481 1.02017 0 0.0
0.01289377 0.04883592 -3.164795 -5.517139 2.673642 1.290375 0.1490241 20.27498 nan 0 0.0
0.00953187 0.0005896904 -13.903 -3.28186 1.90374 1.164991 -0.2738026 19.26455 nan 0 0.0
0.01308031 -0.07831651 -1.097019 -7.03163 1.535547 0.9691451 -0.1615911 20.08824 1.244139 0 0.0
-0.08190868 -0.01811476 -1.553813 -5.68558 0.5035562 0.295749 -0.03767872 18.36652 1.193935 1 0.992568
-0.001928907 0.02629616 1.254954 -5.458511 1.347974 0.8563546 -0.124306 19.75157 1.14673 0 0.0
-0.01588218 -0.06691169 -2.275716 -5.752313 1.158416 0.7494749 0.02680766 19.65825 1.11441 0 0.0
-0.02309285 -0.03141365 -3.976486 -6.371332 1.316261 0.7871355 0.03616689 19.76742 0.998558 0 0.0
-0.0223601 0.08360904 -2.72052 -5.867943 0.4439507 0.2859576 0.03802427 18.43081 1.305803 1 0.9851155
-0.08450673 0.01641691 -7.312144 4.504244 3.687224 2.329634 -0.05721423 20.59951 0.7050686 0 0.0
0.09122017 -0.05928337 -2.215915 -4.44338 1.149375 0.6902999 0.08196457 19.85509 1.529699 1 0.7550628
0.01079451 -0.01879284 1.830749 -6.148763 2.712475 1.683243 0.1712506 20.33878 nan 0 0.0
-0.05197833 0.00367622 -3.954979 -5.651984 2.271728 1.27436 -0.05748579 20.37844 0.9617348 0 0.0
0.01231196 0.008978087 -1.708666 -5.983929 0.4740697 0.2783081 0.2355647 18.20531 nan 0 0.0
0.0007171378 -0.01577232 -1.727334 -6.149417 1.031963 0.6461111 -0.02357686 19.49356 nan 0 0.0
0.002203842 0.02310516 2.304591 -8.003005 2.193699 1.071776 0.6413202 19.27797 nan 0 0.0
-0.061015 -0.0007480335 -4.08043 -5.702413 1.153522 0.6718444 -0.06613481 19.53298 1.197062 0 0.0
0.009011284 -0.008374829 -4.067218 -5.456666 1.13464 0.7115215 0.3133502 19.25571 nan 0 0.0
0.025842 0.03611384 -1.783364 -5.313533 0.6754748 0.4450427 -0.04713195 19.02822 1.272121 0 0.0
0.009264849 0.01501784 -3.892121 -7.276859 2.032855 1.385663 -0.009946982 19.86038 nan 0 0.0
0.1205199 -0.07154491 3.862569 -9.609468 2.481031 1.805419 -0.3272567 20.62329 1.745237 0 0.0
-0.009880274 -0.02371853 -2.55123 -5.658103 0.27876 0.201898 -0.2301233 17.43878 1.373125 0 0.0
-0.07571398 0.04139554 -2.108716 -8.921939 3.603498 2.186526 0.09289498 20.71215 1.18178 0 0.0
0.01192658 0.03204558 -2.508931 -5.849959 0.4599618 0.3037466 0.08074047 18.48083 1.222574 1 0.9973358
0.02109662 0.001999458 -0.04097341 -8.801276 2.356723 2.18935 -0.5613404 20.05903 0.9460831 0 0.0
0.01130733 0.1452847 -0.3574396 -5.925937 0.5948164 0.3167386 0.1959514 18.63476 1.400269 1 0.7540844
0.02063561 -0.0004180674 -1.996905 -6.054937 0.08682459 0.05420533 -0.006052144 15.32014 1.390426 1 0.999828
0.0538265 -0.007463092 -2.301953 -8.678152 3.691831 2.425228 -0.3876721 20.65509 1.835966 0 0.0
0.08516714 0.05665601 -1.651351 -1.253203 0.0863639 0.05124573 -0.01146828 15.52727 1.590666 1 0.0
-0.00139372 0.02507927 -4.70255 -5.108426 2.006687 1.147393 -0.04981833 20.22696 1.217695 0 0.0
0.06619766 0.008402092 -2.994594 -3.661163 1.789995 1.456456 -0.8103193 19.39231 nan 0 0.0
0.02042358 -0.04782519 -2.201815 -5.776145 0.1929794 0.1256562 -0.06776416 17.14046 1.50325 1 0.998539
-0.05474545 0.01399819 -0.6460499 -5.021543 2.274404 1.366485 0.1773943 20.28938 0.8859997 0 0.0
0.01975744 -0.01503687 -1.77815 -5.736943 0.4599369 0.3008969 -0.06661124 18.52075 1.248722 0 0.0
0.05357529 -0.0006270994 -2.279104 -5.335907 0.7745435 0.4938448 -0.02563126 19.16083 1.236959 0 0.0
-0.006982593 -0.001694274 -1.369086 -7.218349 0.5098369 0.3396308 -0.04623177 18.42932 1.287554 0 0.0
0.01906605 0.07859586 -1.550068 -8.279762 1.392197 0.877194 -0.14788 19.86355 1.392437 0 0.0
0.009874955 0.03065617 -2.426919 -6.768817 0.5004056 0.3375253 -0.06391358 18.6429 nan 0 0.0
0.04431191 0.1504356 0.7270535 0.4095181 0.934585 0.5182193 0.1296379 19.36694 1.388784 1 0.0
0.01733152 -0.05976591 -1.922808 -5.568458 0.5387913 0.3538497 -0.1243373 18.70759 1.134392 0 0.0
0.03472015 -0.05019858 -2.437569 -6.065349 0.4914817 0.321211 -0.08360513 18.59384 1.246738 1 0.9959442
-0.05509442 -0.02099696 -0.9395015 -5.562326 1.000831 0.6971325 -0.2014589 19.51532 1.225903 1 0.9829365
0.004982325 -0.04839565 9.345481 2.335146 1.215672 0.8244449 -0.2357401 19.71186 1.571878 0 0.0
0.001504971 -0.005347707 -2.326327 -5.395552 0.5112811 0.3641558 -0.1660739 18.56108 1.333656 0 0.0
0.01168638 -0.01736237 -2.720293 -6.424224 0.4874104 0.3242607 0.01846847 18.3812 1.220367 0 0.0
0.02454527 0.002494097 -2.13473 -6.192633 0.08459158 0.05266564 -0.02727733 15.32405 1.383307 1 0.9989972
0.02228287 -0.03036263 -0.6262956 -6.184275 0.5326987 0.350337 -0.09631158 18.71764 1.226152 0 0.0
-0.003980122 0.007193083 -0.07710729 -5.759168 1.022382 0.5701737 0.6192807 18.73183 nan 0 0.0
0.06655432 0.008040553 -1.940189 -5.985742 1.111186 0.5652575 0.1735309 19.57342 nan 0 0.0
-0.01198778 -0.08639406 -1.95561 -5.598248 0.5731259 0.3823374 -0.146332 18.71224 1.180847 1 0.9904572
-0.01411747 -0.0025176 1.567284 -7.7064 1.070344 0.6464613 0.05984161 19.07491 1.277161 0 0.0
-0.05740819 0.08620596 4.575849 -12.6713 2.183449 1.281924 -0.008563289 20.29309 0.9074898 0 0.0
-0.02915472 -0.04899718 -3.567003 -5.317507 1.071802 0.7386659 -0.03037126 19.52787 0.7563705 0 0.0
0.1499129 0.0009630681 2.990128 -0.5060366 0.6221155 0.3952249 -0.1500438 18.78804 1.402872 1 0.0
-0.004887125 0.01934478 -0.1868519 -6.230154 1.002694 0.6603639 0.05744042 19.47144 1.185423 0 0.0
-0.1086974 0.02665755 -1.374856 -6.644064 0.8158587 0.5347906 -0.07292089 19.19066 1.064531 1 0.9578392
-0.0212755 -0.07888928 -2.094799 -6.141621 0.409427 0.2782205 -0.09882969 18.30713 1.23554 0 0.0
-0.031281 -0.04054598 -0.3352577 -8.959837 2.613411 1.856303 -0.4055079 20.49691 0.8068733 0 0.0
0.02151273 0.0009189092 -2.282364 -6.02129 0.6789415 0.4142128 -0.03167311 18.92106 1.33894 0 0.0
0.01702503 0.02117625 -1.92803 -6.113487 0.1297572 0.08068319 0.09019014 16.1846 1.562094 1 0.9997273
0.01353387 0.06339848 -2.398736 -5.45716 0.8244981 0.5581994 -0.1188727 19.2705 1.282061 0 0.0
0.01674016 -0.01442343 -0.4302073 -5.22267 0.9177971 0.6062714 0.007471449 19.35877 1.195995 0 0.0
-0.04157504 0.0157622 -0.4911666 -6.093224 0.6512499 0.4331646 -0.06250567 18.94885 1.060431 0 0.0
0.09419315 0.05977411 -5.613655 -4.095569 0.8000811 0.4567503 0.06359533 19.32947 1.567686 1 3.946776e-06
0.03582892 0.01190548 -0.3481936 -9.234738 1.533355 1.058099 -0.3265897 19.8175 1.07456 0 0.0
0.02714947 0.02877804 -2.086344 -5.41031 0.5330829 0.3339374 0.09171698 18.53131 1.189804 1 0.9943511
-0.1296217 0.09838376 -3.865744 -9.879389 0.1764381 0.09870927 0.03929347 16.44228 1.396832 1 0.0
-0.0457046 -0.0006894146 5.758273 -9.366538 1.910302 1.280597 -0.2268366 20.15488 1.541613 0 0.0
-0.008142631 0.01692809 -1.310411 -5.623758 0.4846844 0.3221553 -0.02388846 18.55203 1.235437 0 0.0
-0.01207924 -0.03943994 -1.148205 -5.263427 1.21928 0.7532698 -0.01449975 19.75131 1.092253 0 0.0
-0.03206207 0.02294764 -2.22141 -5.147045 1.748568 1.185521 0.1147094 20.05651 1.175482 0 0.0
-0.003742269 0.006268023 -2.33788 -7.38086 0.5533195 0.3573843 0.2468598 18.11813 1.671917 0 0.0
3.686175e-06 -0.01524017 -3.197836 -6.122604 0.7465271 0.4871067 -0.09491806 19.05426 nan 0 0.0
0.1234678 -0.06049233 -3.460419 -2.984665 0.6084114 0.3724452 0.009715567 18.9514 1.246401 1 0.0
0.04347324 0.0323415 -2.14999 -6.604431 0.4488541 0.264539 0.05665641 18.45027 1.266024 1 0.9872333
0.03245417 0.009304327 -2.845573 -5.698339 1.489051 0.9193589 -0.1177663 19.99121 0.7571316 0 0.0
-0.05893317 -0.004090157 -18.79593 -1.110791 4.425671 3.257052 -0.3563195 20.88961 nan 0 0.0
0.008535232 -0.02002204 -1.299129 -5.319819 0.6488543 0.5100028 -0.4591944 18.58398 1.315334 0 0.0
0.0201452 0.00104491 0.4123244 -14.47675 2.312073 1.972104 -0.5785363 19.83441 1.208357 0 0.0
0.001162819 -0.06373545 -1.644895 -5.555682 0.8206272 0.5361174 -0.1126246 19.3346 nan 0 0.0
0.01118152 -0.006500947 -1.018145 -4.283933 2.690994 1.372039 -0.09736185 19.91786 nan 0 0.0
0.09318332 0.06299314 -0.08517525 -3.903515 1.597476 0.9047736 0.08867658 20.27013 1.331549 0 0.0
-0.01221536 0.008188449 4.456523 -4.395221 1.144438 0.7807585 0.06610146 18.05451 1.299425 0 0.0
0.008936544 -0.01996864 -5.583083 -5.900739 1.941455 1.110848 0.0228293 19.63068 nan 0 0.0
0.01089913 -0.005672192 -1.54959 -6.264168 0.3311556 0.1972205 0.04849553 17.78901 1.492443 0 0.0
0.04156992 0.02992235 -2.689781 -8.069437 2.274056 1.508352 -0.280792 20.45124 nan 0 0.0
0.01678062 0.1443908 3.922884 -10.68385 0.8602969 0.4477265 0.2475682 19.14063 1.571266 1 0.0
-0.03739195 -0.023148 -2.72956 -6.137178 0.436208 0.2871851 -0.09591 18.34477 1.258417 1 0.9936532
-0.007978615 0.001594918 12.13391 -2.701946 0.8644864 0.4615525 0.6454287 17.54184 nan 0 0.0
0.02866215 -0.00292417 -1.274943 -6.036294 0.626576 0.4172802 -0.1354558 18.868 1.209053 0 0.0
0.06746096 0.1170538 -1.542619 -3.017113 1.731631 0.9144809 0.2659014 20.13895 1.202656 0 0.0
0.009100654 -0.003329895 -0.7659911 -7.180972 0.4022447 0.2608028 -0.009519067 15.2748 1.386798 0 0.0
-0.004321574 -0.01807452 -0.8855214 -4.491051 2.589187 1.809382 -0.4788929 20.1768 nan 0 0.0
0.006928414 -0.07613711 -1.972347 -5.794361 0.4471178 0.2671155 -0.07208176 18.31191 1.289265 1 0.9966578
0.029751 0.02823319 -2.306352 -4.093811 1.017638 0.695206 -0.2651641 19.37204 1.153418 0 0.0
-0.001512384 -0.01821849 -1.756271 -5.851782 0.175777 0.1166567 -0.05207371 16.86119 1.482429 0 0.0
-0.02709727 0.02672288 5.504602 -12.79279 1.376996 1.005191 -0.1509527 19.49145 1.186144 0 0.0
0.03002288 -0.05870092 -3.277085 -6.389908 1.245485 0.7286639 -0.05609424 19.75458 1.121956 0 0.0
0.09200851 -0.1365989 -3.692517 -10.71882 0.9122283 0.5627194 -0.002563113 19.34658 1.674377 1 0.0
-0.004767469 -0.01851608 -3.706275 -5.319622 0.7182184 0.4333925 0.2352842 18.74546 1.147842 0 0.0
0.02624008 0.004782741 -3.251602 -4.724852 1.173963 0.8682694 -0.4046744 19.48566 1.236183 0 0.0
0.008298593 0.01494349 -2.106695 -5.851572 0.5339286 0.3366327 0.07538473 18.49188 1.369385 0 0.0
0.01746924 -0.003695602 -1.320437 -3.790252 1.192554 0.9146729 -0.1556745 19.57549 nan 0 0.0
0.015092 0.01344017 -9.38356 4.583091 1.38985 1.358901 -0.4547887 19.32419 nan 0 0.0
0.07905347 0.1410304 -3.850129 -4.567103 2.251413 1.386335 -0.1742227 20.47677 1.374844 0 0.0
-0.09589494 -0.09493918 -1.91718 -5.969126 0.1525812 0.1005568 -0.05467402 16.65954 1.44944 1 0.9981794
0.02628557 -0.1258601 -1.952971 -1.05075 1.292866 0.9012335 -0.2028492 20.0161 1.331364 1 4.014396e-05
0.01946326 0.02433369 -2.039777 -5.446512 0.66435 0.4290648 -0.001647248 18.90037 1.258654 0 0.0
-0.09275113 0.0402396 -2.114084 -6.697397 0.7761248 0.4917044 -0.06979457 19.07787 1.12092 1 0.9651226
-0.006094103 0.1359847 -1.202567 -1.020749 0.9822332 0.5721262 -0.1255493 19.11792 1.214905 1 0.0
0.04950351 -0.06924692 0.04830318 -4.930878 1.350812 0.8707836 -0.03577232 19.91689 1.269846 0 0.0
-0.004812887 0.02399299 -2.038127 -11.07902 3.814768 2.314663 -0.1895406 20.46949 nan 0 0.0
