data/gcs/NGC_7078_M_15.ecsv
# %ECSV 0.9
# ---
# datatype:
# - {name: x, unit: deg, datatype: float64}
# - {name: y, unit: deg, datatype: float64}
# - {name: pmx, unit: mas / yr, datatype: float64}
# - {name: pmy, unit: mas / yr, datatype: float64}
# - {name: pmx_e, unit: mas / yr, datatype: float64}
# - {name: pmy_e, unit: mas / yr, datatype: float64}
# - {name: pm_corr, datatype: float64}
# - {name: g_mag, unit: mag, datatype: float64}
# - {name: bp_rp, unit: mag, datatype: float64}
# - {name: filter, datatype: int64}
# - {name: memberprob, datatype: float64}
# meta: !!omap
# - comments: [deg deg mas/yr mas/yr mas/yr mas/yr dimless mag   mag   zeroone float]
# - __serialized_columns__:
#     bp_rp:
#       __class__: astropy.units.quantity.Quantity
#       unit: &id001 !astropy.units.Unit {unit: mag}
#       value: !astropy.table.SerializedColumn {name: bp_rp}
#     g_mag:
#       __class__: astropy.units.quantity.Quantity
#       unit: *id001
#       value: !astropy.table.SerializedColumn {name: g_mag}
#     pmx:
#       __class__: astropy.units.quantity.Quantity
#       unit: !astropy.units.Unit {unit: mas / yr}
#       value: !astropy.table.SerializedColumn {name: pmx}
#     pmx_e:
#       __class__: astropy.units.quantity.Quantity
#       unit: !astropy.units.Unit {unit: mas / yr}
#       value: !astropy.table.SerializedColumn {name: pmx_e}
#     pmy:
#       __class__: astropy.units.quantity.Quantity
#       unit: !astropy.units.Unit {unit: mas / yr}
#       value: !astropy.table.SerializedColumn {name: pmy}
#     pmy_e:
#       __class__: astropy.units.quantity.Quantity
#       unit: !astropy.units.Unit {unit: mas / yr}
#       value: !astropy.table.SerializedColumn {name: pmy_e}
#     x:
#       __class__: astropy.units.quantity.Quantity
#       unit: &id002 !astropy.units.Unit {unit: deg}
#       value: !astropy.table.SerializedColumn {name: x}
#     y:
#       __class__: astropy.units.quantity.Quantity
#       unit: *id002
#       value: !astropy.table.SerializedColumn {name: y}
# schema: astropy-2.0
x y pmx pmy pmx_e pmy_e pm_corr g_mag bp_rp filter memberprob
[from data line 4093]
0.07862005 -0.004512784 -1.458513 -3.135831 1.70935 2.462036 0.1079463 20.5895 0.1329136 0 0.0
0.01749714 -0.06595285 -0.7018051 -3.843423 0.09548414 0.09647655 -0.04575224 15.94015 0.3005457 1 0.9998029
0.2034905 -0.1109566 -0.9422739 -3.920032 0.2363828 0.2411859 -0.1011281 17.72195 0.9662514 1 0.9933361
-0.02552865 -0.03761092 -2.897691 -0.8045959 0.5716296 0.5059418 -0.09999493 18.71299 1.043606 0 0.0
0.0001305696 -0.04987448 0.4620677 -2.746688 0.7735563 0.8133447 -0.2178053 19.28578 0.4695892 0 0.0
-0.02620858 0.02630345 -1.21821 -3.215336 0.7756503 1.235991 0.1586855 19.35626 0.7386723 0 0.0
0.0403429 0.008411426 -0.3040157 -3.267919 0.524874 0.6417321 -0.07335611 18.97513 0.8484287 0 0.0
0.06211172 -0.0857511 -1.031533 -4.607002 0.6138182 0.7298698 -0.01403906 19.30263 0.7201576 0 0.0
0.0749508 -0.1113768 1.335972 -2.421944 0.3299796 0.3775804 0.07784934 18.49759 1.320349 1 1.732258e-05
-0.03675023 -0.06043579 0.498924 -3.843667 1.41989 1.717699 0.01961244 20.44805 -0.1035366 0 0.0
0.01516778 -0.0328586 4.516349 0.2395882 1.111568 1.120488 -0.3098222 19.52588 0.9573479 0 0.0
-0.005269017 0.002194274 -1.79281 -3.29751 0.2034089 0.2274539 -0.1717916 13.74892 1.191276 0 0.0
-0.1256777 0.04924581 0.6191951 -5.005761 1.430733 1.549625 0.1005539 20.43768 0.7346306 0 0.0
0.02743834 -0.1113993 -1.055612 -4.776247 0.8946118 1.091552 0.1474628 19.95387 0.7252693 1 0.9837695
-0.03629911 -0.03443679 0.7594743 -5.012697 0.8704443 1.124032 -0.006127416 19.42262 0.2456455 0 0.0
0.01863095 -0.06459569 -0.829874 -4.889391 1.165676 1.522462 0.1925308 20.29488 nan 0 0.0
-0.02605322 0.08937179 -1.095229 -4.03273 1.722594 1.942223 -0.1251345 20.49909 0.793581 1 0.9740837
-0.003448471 0.06396753 6.225916 -5.131549 1.448523 1.444672 -0.2376676 20.07643 0.609293 0 0.0
0.1176182 -0.1561477 -0.1004944 -2.803861 0.6076358 0.742239 0.0007708058 19.36055 0.7880993 1 0.9671975
0.06764001 0.001999697 -2.65647 -4.295003 1.207829 1.467178 -0.02308779 20.13834 nan 0 0.0
0.04906241 -0.03941101 0.5247659 -2.397831 1.144675 1.631726 0.3872791 19.65508 0.68437 0 0.0
-0.02280579 0.05271704 0.3157402 -4.564922 1.215823 1.535186 0.02296707 20.0207 0.5480404 0 0.0
-0.07771456 -0.04538562 -2.583512 -1.465169 1.654114 2.020281 0.08850298 20.63305 0.363102 0 0.0
-0.03931764 -0.06901276 -0.5056903 -3.609007 0.2031357 0.2405072 0.1887097 17.43574 0.9170685 1 0.9993696
-0.05748281 0.1021912 -0.5883287 -2.482749 0.7825512 0.8197864 -0.1160735 19.47757 0.7122593 1 0.9820661
0.003442528 -0.04817024 -0.6270515 -3.39239 0.1329364 0.1431225 0.02764901 16.8016 0.9798603 1 0.998741
-0.03888042 0.0639446 18.21723 -1.151069 1.609887 1.550374 -0.3174004 20.1927 2.063972 0 0.0
-0.02969326 0.07372239 0.7547695 -2.925663 0.6812058 0.7496133 -0.1141508 19.06485 0.632637 0 0.0
-0.0425902 -0.007587064 -2.357207 -2.930303 2.369215 2.511905 0.06501503 20.38004 nan 0 0.0
-0.05846665 -0.03190846 0.2273245 -2.945375 1.111661 1.356391 0.01988196 20.16539 0.621769 0 0.0
-0.08687628 -0.05065374 -0.7768758 -3.38984 0.8293165 0.9603855 0.00494068 19.75809 0.2541351 0 0.0
0.07740242 -0.02343023 -5.739862 -3.822822 2.957874 4.387099 0.4831264 20.80742 0.6339874 0 0.0
0.02199976 -0.02789806 -0.3246565 -3.816113 0.604684 0.8069534 0.03248175 19.21699 0.7745075 0 0.0
0.06504829 -0.01293454 0.08947133 -3.804602 0.8174083 0.9788278 -0.04616648 19.5701 0.7009048 0 0.0
0.1285141 -0.03367864 1.280272 -3.721972 1.110425 1.354269 0.002252493 20.07661 0.8056259 1 0.9414974
-0.07529535 -0.03684903 0.02405503 -4.254281 1.939346 2.359622 0.217103 20.68868 nan 0 0.0
0.1283449 -0.05398626 2.274822 -1.516317 1.263157 1.606988 0.003581162 20.13289 0.8553143 0 0.0
-0.09510143 0.1433616 -2.742409 -1.982774 0.1931695 0.2142435 -0.07228842 17.2213 0.8784504 1 0.0
-0.01618608 0.02486355 -0.5923008 -4.000376 0.8119652 1.144416 0.05073517 19.31468 0.7585869 0 0.0
0.1706923 -0.1120631 -1.02306 -4.427921 0.9905084 0.9237277 0.007706145 19.41941 0.6191635 1 0.9619779
-0.02564653 -0.02241601 -0.8871695 -3.798837 0.1207953 0.1321449 0.05143103 16.61266 1.017914 0 0.0
-0.09199178 0.08323715 -0.6241245 -4.873605 0.9941312 1.086322 -0.03235929 19.84575 0.7700939 1 0.9795943
-0.0241194 0.03881068 -0.2748437 -2.90047 0.4279256 0.4775074 -0.09810149 18.66074 0.7770691 0 0.0
0.0005184736 -0.05726545 -0.8405407 -5.410067 0.6500801 1.393766 0.4419606 19.20971 0.5735073 0 0.0
-0.04053984 -0.06089872 1.820105 -4.159141 0.8934334 1.076324 0.02321214 19.84363 0.7471256 0 0.0
-0.03043685 0.09111938 -1.005272 -3.379055 1.342065 1.520753 -0.06696924 20.19769 0.3933372 0 0.0
-0.02994209 -0.01689379 -0.3180288 -4.942492 0.7629712 1.0121 -0.007344919 19.26459 0.6515808 0 0.0
-0.05557765 0.08626353 -2.063688 -2.954707 1.053555 1.040797 -0.2386651 19.75266 0.8734989 0 0.0
-0.1537526 0.08647101 -1.82487 -1.671029 1.596063 1.792572 0.1370154 20.57781 0.6586227 0 0.0
0.04306486 -0.03683045 -0.1373412 -8.314205 1.624162 2.594176 0.5208798 20.2746 0.2983284 0 0.0
-0.03000615 -0.05590382 -1.90803 -2.704246 0.8992455 0.7810113 -0.2049301 19.32677 nan 0 0.0
0.01555332 0.006930623 -0.8001282 -4.194638 0.2245086 0.2140147 -0.2152757 15.97082 0.4519539 0 0.0
-0.06835069 0.05119516 0.3972836 -4.376447 0.7095484 0.8005463 -0.06568713 19.45372 0.5167999 0 0.0
-0.08309624 0.01496738 -2.832886 -4.766478 2.674395 2.635069 0.06812286 20.71501 0.3676262 0 0.0
-0.01057728 0.04729464 -2.046751 -3.231458 1.170839 1.078284 -0.317021 19.59156 0.7680492 0 0.0
0.01606059 0.00473911 -0.9030158 -3.973945 0.5745789 0.6814046 -0.09450457 18.25842 nan 0 0.0
0.08065117 -0.01279102 -0.4744 -3.816772 0.07616836 0.07282872 -0.2391669 15.38658 1.12304 1 0.9997465
-0.04811322 -0.02932894 -2.569418 -4.483714 1.486701 1.533019 -0.0660352 20.24985 nan 0 0.0
0.02223614 -0.0002691426 -0.8701006 -2.903502 0.4082596 0.5092444 -0.05067288 18.59744 0.6493092 0 0.0
-0.0304746 0.02232899 -3.419827 -4.087911 0.7473543 1.059066 0.0005604542 18.826 0.7993355 0 0.0
-0.02546259 0.0290347 -0.7523682 -4.191321 0.2852822 0.3234854 -0.09526188 18.00421 0.8755455 0 0.0
0.02271781 -0.05142609 -0.2241699 -5.132596 0.6167913 0.6671163 -0.07764635 19.22456 0.5796127 0 0.0
0.05266408 0.003736763 -0.5846912 -3.821219 0.0695192 0.06645098 -0.2476768 15.1646 1.187738 1 0.9998635
-0.1185503 -0.1547492 1.737881 -0.5027798 0.9019248 1.013707 0.1838005 19.90064 1.865032 0 0.0
-0.1276692 0.1251792 -1.624411 -4.020744 1.569274 2.138062 0.03905633 20.36712 1.085367 1 0.9246969
-0.0329838 -0.006027265 -1.810845 -3.669099 0.6661687 0.8539768 0.05157612 19.15725 nan 0 0.0
-0.03709842 0.01045468 0.03357053 -3.61208 0.5551949 0.7422691 0.2189635 18.95683 0.6198177 0 0.0
-0.03064846 0.06649556 -0.8669477 -4.692352 0.7164197 0.8359988 -0.07589495 19.3656 0.7782803 0 0.0
0.2238365 -0.06594119 -2.520941 -2.794021 2.322462 2.740879 -0.03160821 20.67776 1.024509 0 0.0
-0.06635217 0.0518031 0.05268446 -3.613832 0.8785266 0.9752368 -0.07802999 19.73421 0.4636269 0 0.0
-0.1613988 0.0183508 -0.8295565 -1.067834 1.341621 1.353567 0.03375638 20.24599 0.7751904 0 0.0
-0.03599656 -0.003430973 3.136803 -5.723033 1.433676 1.528503 -0.2217768 19.03284 0.6710415 0 0.0
-0.03405483 0.0170041 0.07338584 -3.739721 0.2102205 0.2679581 -0.07076716 17.48144 0.9447002 0 0.0
-0.005181363 -0.09265814 -0.716371 -3.964021 0.1627717 0.1648921 0.001914684 17.16748 1.012787 1 0.9994648
-0.02001113 -0.06693019 -1.126251 -3.991329 0.722487 0.8140078 -0.01563196 19.37012 0.659565 0 0.0
-0.1119305 -0.02810047 -0.3751615 -4.448857 0.4778188 0.4575391 -0.01470194 18.65667 0.818388 1 0.9931946
0.01922593 -0.03955503 1.457733 -2.777512 1.496006 1.517274 0.01795788 20.2249 nan 0 0.0
-0.1312534 0.05309085 -0.3705006 -7.032619 1.536449 1.736268 0.1338249 20.51128 0.5796986 1 0.8639252
-0.1313507 0.09714204 -1.773432 -4.273536 1.139858 1.157671 -0.0743455 19.99218 0.7523842 1 0.9592697
-0.03445727 -0.09639817 1.894412 -3.072015 1.436412 1.740049 0.137224 20.52107 0.8604488 0 0.0
0.01901387 0.005253335 -0.6775486 -3.83955 0.172302 0.179559 -0.1374179 17.03518 0.6111441 0 0.0
0.02843899 0.02051392 2.188384 -3.598357 1.370989 1.083186 -0.3885475 19.5619 1.023592 0 0.0
0.02352141 -0.028514 -1.897979 -4.162965 0.8766592 1.199488 0.067809 19.74617 0.6305485 0 0.0
0.05125415 -0.1108226 1.034745 -1.4302 1.265562 1.563626 0.1557186 20.37224 0.1288071 0 0.0
-0.03672209 -0.07274104 0.2068018 -4.099239 0.9718091 1.22129 0.08362897 19.94573 0.4566536 0 0.0
-0.004910755 0.01732526 3.759145 -4.979771 0.8027279 0.7218043 -0.3463381 18.31746 0.7131081 0 0.0
0.0295504 -0.04892966 -0.6711886 -3.930919 0.0607479 0.06075799 -0.06125852 15.1533 1.183485 1 0.9997977
-0.06470392 0.08368305 -0.9696533 -2.833002 1.199938 1.325277 -0.05973033 20.12408 0.6354656 0 0.0
0.006423675 0.05935276 -0.8904932 -3.900927 1.53221 1.500568 -0.1788936 20.13316 0.7572575 0 0.0
-0.05090194 0.05305377 -1.782461 -3.514066 0.6998624 0.7927142 -0.0606156 19.41156 0.6495857 0 0.0
-0.03784123 0.0312487 -0.01812258 0.3926043 0.7575885 1.011929 0.03633835 18.58232 0.5723648 0 0.0
-0.08228225 -0.1510722 1.510346 -3.549982 0.9749942 1.259973 0.2248772 20.11954 0.9240723 1 0.8504527
-0.04509714 -0.01336592 -0.249382 -4.231504 0.5424706 0.5914275 0.03764414 18.8939 nan 0 0.0
-0.04614398 -0.02872657 -0.6381465 -3.876563 0.1555515 0.1615963 -0.006972627 16.09085 0.2110186 0 0.0
-0.01210252 -0.04210462 0.5893452 -5.027088 1.448793 1.293422 -0.2150454 19.90283 0.5263577 0 0.0
0.0510655 -0.06059745 3.426091 -5.289064 0.609001 0.6374013 0.07006896 18.82879 nan 0 0.0
-0.009891276 0.0470705 -1.296235 -12.6184 2.144809 2.562909 -0.1212172 19.60992 0.9308662 0 0.0
-0.03662323 -0.004793688 -1.014969 -4.204943 2.428521 3.245582 0.1834399 20.52988 nan 0 0.0
0.02143286 -0.02746609 -0.970329 -3.900136 0.423514 0.4904693 -0.06561999 18.69272 0.753624 0 0.0
-0.05178252 -0.02700987 0.06496577 -3.073554 0.7797025 0.9620201 0.02113426 19.65906 0.4533062 0 0.0
0.05395101 -0.01680417 -0.7446616 -3.368344 0.739768 0.9665221 0.1683871 19.38947 0.5469532 0 0.0
-0.0533926 -0.02195031 -0.05671041 -4.78005 1.096416 1.137013 0.02481047 19.99586 0.7321854 0 0.0
0.01770108 0.00840037 -0.3519668 -4.249773 0.1084903 0.1143973 -0.1686182 15.74232 0.6711473 0 0.0
-0.0194442 -0.06715816 -0.7417316 -2.838156 2.51739 2.402308 -0.1126751 20.62398 0.6012745 0 0.0
0.008243047 0.05859845 -0.3488273 -3.270622 0.4446831 0.4382427 -0.2966117 18.33826 0.7465591 0 0.0
-0.03719681 -0.0532126 -1.692459 -3.677968 1.268111 1.487366 0.04095882 19.98358 0.4288979 0 0.0
-0.04270011 0.05091038 -1.081682 -3.475482 0.5544234 0.6237163 -0.07872194 19.06984 0.6425533 0 0.0
0.04419892 -0.03857454 1.465825 -6.420809 1.169431 1.553581 0.1888462 19.88859 0.6232834 0 0.0
-0.002376042 -0.07775131 -1.210869 -3.798997 1.529295 2.524322 0.566256 20.31597 0.5002384 0 0.0
-0.03847309 -0.006409904 -0.1549497 -3.453647 0.6374773 0.8551034 0.04023375 19.3106 0.693882 0 0.0
-0.07046741 0.05472908 -3.109371 -3.728387 1.08509 1.207256 -0.04740891 20.00548 0.7543316 0 0.0
-0.05295728 -0.08343375 0.01838361 -2.833266 1.386167 1.520135 0.05750474 20.33435 0.5308971 0 0.0
-0.1187455 0.01057303 -1.106298 -5.016465 0.4422494 0.5542635 0.3288245 18.62903 0.7219868 1 0.9773303
-0.1540266 0.02555048 9.568987 -2.329525 0.4497052 0.63017 0.2963765 18.81571 0.7911053 1 0.0
-0.01899981 -0.1123928 -0.4221209 -6.126393 1.205953 1.414665 0.08824756 20.28169 0.8873425 0 0.0
-0.06663044 -0.1067756 -0.6441281 -5.308933 1.66041 2.510042 0.3708722 20.4262 1.037039 0 0.0
-0.03050736 -0.003204685 -4.302402 -6.213807 1.110025 1.55822 0.1258215 19.67348 nan 0 0.0
-0.01678382 0.006614078 -0.7929765 -3.349277 0.09934971 0.1253816 -0.08191961 15.93202 0.4260569 0 0.0
0.04855719 -0.2156382 -1.824438 -4.612011 0.2495129 0.2792749 0.06438945 18.0859 1.529922 1 0.003784281
-0.04447344 -0.03012971 -1.1481 -4.083238 1.016569 1.173621 -0.02367334 19.86631 0.8504887 0 0.0
0.1285751 -0.03638227 -0.7533479 -4.319198 0.8327343 0.9402889 -0.1043282 19.5752 0.7045288 0 0.0
0.05111426 -0.00366596 -1.844039 -3.754764 1.610759 2.256424 0.2395429 20.39661 nan 0 0.0
0.03172724 -0.03801079 -1.132426 -4.101737 0.4737874 0.527025 -0.08817453 18.88118 0.5732708 0 0.0
0.03455511 0.01268402 -2.189232 1.437717 1.741148 2.334426 0.07006563 19.50826 0.70508 0 0.0
-0.134039 -0.02943587 -0.5695878 -3.054455 0.4574733 0.5282062 0.1415893 18.9481 0.5508308 1 0.9926345
-0.07591304 -0.1107185 0.2187805 -2.813519 0.9382657 1.236875 0.1267066 19.99464 0.8905869 1 0.9764335
-0.04066079 -0.071412 -0.3484131 -4.000258 0.8201109 0.9640079 0.0008131892 19.6179 0.4131145 0 0.0
-0.0617166 -0.02270668 -0.961309 -7.703582 2.282855 3.022991 0.1030939 20.76052 nan 0 0.0
-0.02093973 -0.1126282 1.154113 -5.019204 0.5660606 0.6730777 -0.02835483 19.05312 0.7592831 0 0.0
-0.121231 -0.07601183 -0.6469445 -3.627897 0.1633556 0.1637673 -0.00509688 17.13181 1.03388 1 0.9992256
-0.1435432 0.05035349 -1.037638 -4.268899 0.3268788 0.494028 0.4512346 18.09907 0.3334503 1 0.9943708
-0.0634815 -0.04223274 -1.770101 -3.155695 0.6211908 0.7133223 -0.01786033 19.28737 0.6101589 0 0.0
0.01582347 -0.02113313 0.8756006 -4.374664 0.8675634 1.082261 0.08160022 18.97565 nan 0 0.0
0.02086993 -0.0778411 -2.38556 -3.991482 1.098608 1.252303 -0.05150802 19.95174 0.1581421 0 0.0
0.05137971 0.01208307 -0.4532769 -4.156108 0.08644058 0.08617105 -0.2166547 15.77403 0.3491936 1 0.9975827
0.01854107 -0.0593915 -1.569691 -4.828749 0.5660272 0.5838211 -0.02933824 19.12398 0.5318985 0 0.0
-0.1223358 0.05221494 0.3482165 -3.057773 0.7522905 0.8012262 -0.07471286 19.48877 0.6912556 1 0.9770197
-0.05106833 -0.03670506 -0.8784252 -3.912329 0.1034788 0.1043094 -0.02659407 16.15741 1.06846 1 0.9993743
0.00496419 -0.04550756 -0.8358928 1.029223 1.666761 1.6984 0.04110995 20.12966 nan 0 0.0
-0.02038035 -0.2140587 11.21355 5.14832 0.3504109 0.3913722 0.09616465 18.55728 0.8485279 1 0.0
-0.03159424 -0.1123582 -0.4785326 -3.00469 1.082806 1.415932 0.2238109 20.23512 0.6660728 0 0.0
0.04297135 -0.0120769 0.08957783 -2.806354 0.4175525 0.573201 0.06882077 18.58764 0.6545353 0 0.0
-0.03683182 -0.003092304 5.774561 -13.08454 1.726494 2.008563 -0.05362689 19.63344 nan 0 0.0
0.07069384 -0.1524774 -1.837436 -3.158373 0.897892 1.209478 0.2206044 19.95891 0.6463528 1 0.9480386
-0.1348738 -0.02821093 -0.5638251 -3.506569 0.4170836 0.4814549 0.1495174 18.7131 0.5971756 0 0.0
0.02909804 -0.005011102 -1.757159 -3.917126 0.4482686 0.6119138 0.002713936 18.56727 0.6442242 0 0.0
-0.0728436 -0.01790879 -2.673194 0.06001528 1.637413 2.098988 0.05894635 20.66696 0.4931717 0 0.0
-0.004821539 0.002243856 -1.774236 -6.75972 0.2251292 0.2865987 -0.125883 14.68602 nan 0 0.0
0.05199084 -0.06228146 -0.3511929 -4.252227 0.4694387 0.5329402 0.06808737 19.01751 0.5952015 0 0.0
-0.01988197 0.06403406 2.734487 -6.940618 1.403368 1.383697 -0.2623351 19.72903 0.6555233 0 0.0
0.0373879 0.0206247 -0.5641605 -4.054108 0.0925236 0.09413066 -0.2088597 15.89213 0.4342146 1 0.9995118
-0.04724033 -0.1550394 -1.042711 -3.142691 0.4425809 0.5692292 0.225798 18.89888 0.8115616 1 0.9860172
-0.1561012 -0.1556825 2.374288 -3.814165 0.4603549 0.517537 0.121993 19.01298 0.9457569 0 0.0
-0.09033982 0.1173924 -3.268811 -18.74376 0.2565307 0.2803791 -0.06639866 17.76214 1.244398 1 0.0
-0.02483808 0.008819604 -1.70354 -3.31855 0.5642791 0.7898718 0.05470388 18.57579 nan 0 0.0
0.02288948 0.03403362 -1.050539 -3.340737 0.3975801 0.4493705 -0.04277871 18.34258 0.8765545 0 0.0
-0.002882323 0.01583655 -0.55209 -3.69103 0.2302429 0.2316777 -0.1539105 17.20877 0.8322887 0 0.0
0.04216235 0.00996429 0.1239666 -3.095615 0.9922149 1.183088 -0.08962415 19.59888 0.3235168 0 0.0
-0.06092025 -0.06290613 -0.5983391 -2.154514 1.345775 1.473587 -0.04739391 20.2622 0.2635384 0 0.0
-0.1367319 0.07144707 -0.5803121 -3.882958 0.3283171 0.3568667 0.1036986 18.34376 0.8437881 1 0.9976083
-0.08056206 0.01033078 -1.029324 -3.974996 0.6301516 0.7284541 -0.03185794 19.33285 0.5817623 0 0.0
0.07542889 -0.007776229 -0.4086624 -6.371699 1.257272 1.69007 0.2041405 20.08743 0.8868198 0 0.0
