data/gcs/NGC_6316.ecsv
# %ECSV 0.9
# ---
# datatype:
# - {name: x, unit: deg, datatype: float64}
# - {name: y, unit: deg, datatype: float64}
# - {name: pmx, unit: mas / yr, datatype: float64}
# - {name: pmy, unit: mas / yr, datatype: float64}
# - {name: pmx_e, unit: mas / yr, datatype: float64}
# - {name: pmy_e, unit: mas / yr, datatype: float64}
# - {name: pm_corr, datatype: float64}
# - {name: g_mag, unit: mag, datatype: float64}
# - {name: bp_rp, unit: mag, datatype: float64}
# - {name: filter, datatype: int64}
# - {name: memberprob, datatype: float64}
# meta: !!omap
# - comments: [deg deg mas/yr mas/yr mas/yr mas/yr dimless mag   mag   zeroone float]
# - __serialized_columns__:
#     bp_rp:
#       __class__: astropy.units.quantity.Quantity
#       unit: &id001 !astropy.units.Unit {unit: mag}
#       value: !astropy.table.SerializedColumn {name: bp_rp}
#     g_mag:
#       __class__: astropy.units.quantity.Quantity
#       unit: *id001
#       value: !astropy.table.SerializedColumn {name: g_mag}
#     pmx:
#       __class__: astropy.units.quantity.Quantity
#       unit: !astropy.units.Unit {unit: mas / yr}
#       value: !astropy.table.SerializedColumn {name: pmx}
#     pmx_e:
#       __class__: astropy.units.quantity.Quantity
#       unit: !astropy.units.Unit {unit: mas / yr}
#       value: !astropy.table.SerializedColumn {name: pmx_e}
#     pmy:
#       __class__: astropy.units.quantity.Quantity
#       unit: !astropy.units.Unit {unit: mas / yr}
#       value: !astropy.table.SerializedColumn {name: pmy}
#     pmy_e:
#       __class__: astropy.units.quantity.Quantity
#       unit: !astropy.units.Unit {unit: mas / yr}
#       value: !astropy.table.SerializedColumn {name: pmy_e}
#     x:
#       __class__: astropy.units.quantity.Quantity
#       unit: &id002 !astropy.units.Unit {unit: deg}
#       value: !astropy.table.SerializedColumn {name: x}
#     y:
#       __class__: astropy.units.quantity.Quantity
#       unit: *id002
#       value: !astropy.table.SerializedColumn {name: y}
# schema: astropy-2.0
x y pmx pmy pmx_e pmy_e pm_corr g_mag bp_rp filter memberprob
[from data line 9098]
-0.06239333 0.02423438 -5.151651 -1.614597 1.053806 0.706396 0.2467081 19.40398 1.333405 0 0.0
-0.07434708 0.02835998 -2.17399 -4.488471 1.298984 0.8532655 0.3982674 19.56078 1.866005 0 0.0
-0.0008358894 0.07610189 5.701533 -0.1380774 3.37056 2.172639 -0.1447893 20.49044 1.294697 0 0.0
0.02105762 0.07549329 2.506078 -7.721098 2.371237 1.610041 0.1266225 19.76396 nan 0 0.0
-0.02392913 0.02135261 -5.992415 -3.859547 0.5854488 0.4544057 0.4679179 17.25525 1.629452 0 0.0
-0.04107677 -0.0426861 -4.501897 1.790486 1.940163 1.330584 0.07788925 19.72019 nan 0 0.0
0.01497057 0.06812051 2.41385 -3.53665 0.6622024 0.4971085 0.1228165 18.39846 1.574282 0 0.0
0.04312693 0.04390672 -4.677954 -6.297339 0.5497331 0.4135493 0.02175587 17.98831 1.637377 0 0.0
-0.07114052 -0.01726926 -2.91224 -3.179289 1.183013 0.7595066 0.5810129 19.41102 1.573101 0 0.0
0.01504207 0.001918347 -5.225137 -6.641524 0.1997709 0.1308697 0.2354376 16.72791 1.839164 1 0.0
0.00658823 -0.06047398 18.74435 13.08966 1.899892 1.281006 0.1833657 19.51726 nan 0 0.0
-0.03997369 -0.04319876 -14.3042 -12.67972 2.245207 2.013387 -0.494756 20.1409 nan 0 0.0
-0.06479905 0.04105386 0.6992615 -1.364018 2.13399 1.636363 0.1370111 20.29329 nan 0 0.0
0.001585542 -0.07362113 -1.063925 -3.854571 1.792954 1.16666 0.5422901 20.04502 1.361679 0 0.0
0.05205588 -0.02988493 0.1094568 -6.356262 0.5029805 0.3266213 0.5302312 18.2937 1.84374 0 0.0
0.07501793 -0.009985833 -3.807063 -6.934771 0.9778326 0.6859683 -0.199251 19.22414 nan 0 0.0
-0.007377121 0.03797566 -2.483221 -5.860104 0.1316379 0.08971507 0.1933314 14.79809 3.440155 1 0.0
-0.02354849 0.003951956 -11.98991 -0.5746443 1.392821 0.9958079 0.2040685 19.28073 1.320215 0 0.0
-0.02095202 -0.06232214 -3.292285 -5.964616 0.6630437 0.5202824 0.4591763 18.55507 1.493307 0 0.0
0.04659148 0.02478792 1.978335 1.440938 0.9684384 0.5925415 0.1968172 19.1448 1.774534 0 0.0
-0.02902613 0.05807162 -1.092235 -9.226751 1.859072 1.294855 0.348126 20.14503 1.455492 0 0.0
-0.03516774 -0.01564351 -5.386384 -1.482086 1.922801 1.38848 0.5085378 19.91751 1.260008 0 0.0
0.032962 -0.006762197 -7.832702 -2.021721 0.973684 0.6551199 0.1889754 19.16197 nan 0 0.0
-0.05132516 0.01268554 -3.065732 -1.273109 1.297602 0.8171793 0.5215775 19.56726 1.50642 0 0.0
-0.0490856 -0.05846896 -5.318494 -13.98322 2.212212 1.475509 0.2493728 19.75057 1.142046 0 0.0
0.0008057517 -0.06396041 -2.772295 -4.911102 1.511679 1.135706 -0.06713797 19.89382 1.255249 0 0.0
-0.003528822 0.07580047 -5.480972 -7.869329 2.872022 2.335176 -0.3149687 20.41916 nan 0 0.0
-0.05597969 0.009810738 -5.906157 2.395147 2.930058 2.520223 -0.2580608 20.52514 nan 0 0.0
-0.03702275 0.05784409 -5.845581 2.155904 2.1516 1.495059 0.4054381 20.24687 2.092562 0 0.0
-0.01805749 -0.002465206 -14.36294 3.672953 2.9384 1.850913 0.1805687 19.65283 nan 0 0.0
-0.04285033 0.02001157 -2.07453 -6.474125 1.080058 0.7313498 0.3748149 19.46701 nan 0 0.0
-0.007208268 -0.07088432 0.07056663 -5.589934 2.249768 1.385811 -0.1146898 19.98064 nan 0 0.0
-0.02199883 0.05855585 -4.678472 -4.684407 0.3192388 0.2118755 0.3940335 17.58906 1.971245 0 0.0
-0.04887452 -0.04953675 -17.36126 -12.46428 1.619178 1.126647 -0.0497318 19.56051 1.453598 0 0.0
-0.04287735 0.02028622 -4.434346 -6.253069 2.327817 1.680392 0.3741112 20.32438 nan 0 0.0
-0.05628222 -0.02904402 -5.628293 -2.569426 2.353287 1.488439 -0.3333103 20.01334 1.365543 0 0.0
-0.03913475 -0.05702481 -0.7362168 -4.075325 0.7270291 0.4585161 0.4125657 18.91864 1.372887 0 0.0
-0.01403187 0.08038297 -1.585427 0.2734831 1.420631 1.007531 -0.0003443866 19.48808 1.744919 0 0.0
0.02662747 -0.05097086 -9.381929 -5.441087 1.887252 1.232785 -0.1163124 19.87306 0.9017315 0 0.0
-0.02172596 0.04069741 -14.04935 5.265202 2.927226 2.087509 0.34145 20.30594 2.027918 0 0.0
0.04768273 -0.002926338 -3.788048 -2.618294 1.985466 1.277131 -0.1549782 19.98182 nan 0 0.0
0.03258508 -0.007416303 -5.336704 -0.9190267 0.7657227 0.5183299 0.5022138 18.69299 nan 0 0.0
-0.06166062 0.01386455 -3.918373 -4.7076 2.043057 1.519208 0.07557892 20.26929 nan 0 0.0
-0.01297343 0.01300794 -6.053178 -5.511827 1.346571 0.9146974 0.3520291 19.54002 nan 0 0.0
0.01466554 0.003541553 -5.010431 -4.859125 0.2327359 0.1735893 0.08908105 17.12447 1.64778 0 0.0
0.03572146 -0.04310952 -1.598983 -2.544645 1.602831 1.377454 -0.4693808 19.68022 nan 0 0.0
0.04344454 0.03045216 0.8482625 -1.889454 1.311494 0.8573177 -0.1203294 19.40314 1.03581 0 0.0
0.02180354 0.03562766 -2.5331 -5.590864 1.155348 0.808309 -0.1338563 19.43377 1.69338 0 0.0
-0.06694534 -0.01382761 -5.905199 -4.44819 0.4666363 0.3597108 0.4818272 17.61937 1.486609 0 0.0
0.009233656 0.05213949 0.1620635 -5.743522 0.2686936 0.2209666 0.2987788 17.40731 1.853109 0 0.0
-0.04477972 0.06412775 -0.5850224 -9.468594 0.4183953 0.3292144 -0.1854894 17.57492 1.693184 1 0.0
0.02223369 0.03295347 -5.120325 -2.135996 2.742409 2.142946 -0.06009262 20.16848 nan 0 0.0
0.01604617 0.05805909 4.991629 -0.4626506 0.3075451 0.248714 0.3677971 17.6696 1.79586 1 0.0
0.01022907 0.04420102 -3.052276 -5.947817 0.2419919 0.2067088 0.494162 17.12666 2.224575 1 0.0
0.04308015 0.06150012 0.46301 -3.939957 0.9717227 0.676795 0.01348046 19.06233 nan 0 0.0
0.04469406 -0.007014405 0.8825774 -6.284403 2.276677 1.75086 0.3132208 19.88921 nan 0 0.0
0.01890412 0.08027922 -5.959508 -4.909669 0.1145033 0.08758351 -0.0683634 15.7495 2.119988 1 0.0
0.005328132 0.01935816 -2.711362 -5.17324 0.4700808 0.3606497 0.1357789 18.61891 1.554266 0 0.0
0.02865952 0.004068966 -5.2419 -5.590046 1.363085 0.8638439 0.2231488 19.80672 1.254192 0 0.0
-0.03573224 -0.01724397 -1.894675 -5.7626 1.894194 1.358903 0.220935 20.0567 1.11763 0 0.0
-0.01640032 0.07098895 -3.352477 -5.091164 1.592358 1.070536 -0.05144489 19.74518 1.574377 0 0.0
0.06439045 -0.00814977 -0.8704937 -6.816495 1.570072 1.107658 0.05108612 19.41326 1.246231 0 0.0
-0.03085702 -0.0353985 -1.26437 -3.931936 1.911308 1.418002 0.1107014 20.23219 nan 0 0.0
0.04833891 0.02001877 4.789585 -3.369067 1.159312 0.8485965 -0.3673426 19.24804 1.635326 0 0.0
-0.05465191 -0.007936458 -1.49235 -11.67756 1.761817 1.318305 0.1865016 20.13673 nan 0 0.0
0.01016767 -0.03541552 -2.816438 0.103802 1.105228 0.7617732 0.2356018 19.6483 1.748224 0 0.0
-0.02347605 0.04187769 -5.111958 -4.595205 0.2301346 0.1707085 0.4968237 17.24809 1.918661 1 0.9244213
-0.02686815 0.04215537 -4.570595 -4.970476 0.3926134 0.2975346 0.4346928 17.68439 1.942272 0 0.0
0.03892089 0.02651141 -3.053496 -3.13524 0.6121098 0.520635 -0.03422421 18.73021 nan 0 0.0
0.00796182 -0.03445021 -5.025785 -4.337489 0.2316094 0.1583616 0.3887533 17.15856 1.782648 1 0.9101508
-0.02703997 -0.02371115 -1.228897 -7.425599 0.138228 0.09783252 0.07012965 16.19197 2.350696 1 0.0
0.03536485 0.0174184 -3.568751 -5.149702 0.1225508 0.0869534 0.05870909 15.27955 2.668094 1 0.0
0.00995951 0.04051986 -4.801017 -4.7595 0.1554018 0.1234581 0.1628321 16.63815 2.016806 0 0.0
-0.02178733 -0.05456512 -2.297373 -1.853353 0.2877026 0.2025207 0.5439556 17.26393 nan 0 0.0
0.01292051 0.03836233 -5.242485 -5.248435 0.2414664 0.194175 0.3746748 17.13662 2.038769 1 0.3689872
-0.0351102 -0.02700366 -4.465661 -4.471288 2.396421 2.056826 -0.1996607 20.19269 nan 0 0.0
-0.01155245 0.06353567 -4.564021 -10.36174 0.3151642 0.2559855 0.3854338 17.6688 1.91774 0 0.0
-0.04436201 -0.03427982 -4.065773 -5.877149 0.1711466 0.118815 0.06013793 17.07673 2.094488 1 0.0
-0.02848853 0.06147638 -4.7789 -6.353904 1.762867 1.217861 0.4336556 20.092 1.514954 0 0.0
0.03332992 -0.03501396 -3.359885 -4.984665 2.959106 1.601567 0.5088077 19.91284 1.788435 0 0.0
-0.03223507 -0.01524205 -2.816884 -8.473136 0.6747554 0.5108022 0.04901469 18.87313 1.59581 0 0.0
0.02151572 0.07701144 -3.541629 -7.760024 1.402812 0.9669649 0.08332219 19.3854 1.553057 0 0.0
0.005625735 0.04864357 -8.174933 -4.917998 3.201389 1.844145 0.2464325 20.09803 nan 0 0.0
-0.02978121 -0.03451128 2.839963 -5.252887 0.9545258 0.6294001 0.2978518 19.17372 1.346834 0 0.0
0.03598618 0.02425223 1.830535 -6.630444 1.007328 0.7178948 0.2320294 18.34637 1.506905 0 0.0
-0.006942926 -0.01568565 0.07021588 -4.167819 1.646589 0.990838 0.3770168 19.42205 nan 0 0.0
-0.03835604 0.02161736 -5.032329 -2.372834 0.3068128 0.2301235 0.5089082 17.35558 1.568754 0 0.0
-0.02937772 -0.03440436 -6.14389 -6.022621 2.003959 1.313632 -0.2945237 19.95222 nan 0 0.0
-0.03737082 0.05223255 1.154228 -6.654533 1.606975 1.107329 0.4784863 19.56476 1.631157 0 0.0
-0.06259001 0.03839633 -2.134182 -8.275133 1.047589 0.6944231 0.3056753 19.32681 nan 0 0.0
-0.005333065 0.07531212 1.366674 -4.401893 0.1842758 0.1417366 0.008594678 16.6496 nan 0 0.0
0.04926197 -0.02124523 -4.170108 -1.109206 1.114132 0.759232 0.2801895 18.49651 1.589237 0 0.0
0.03490851 0.0211417 -2.889377 -4.505756 0.3299179 0.2621858 0.2768572 17.5368 1.997538 0 0.0
-0.0364852 0.06065189 0.8809774 -2.74893 0.1712185 0.1176638 0.104205 16.9315 2.118976 1 0.0
-0.01484894 -0.04784244 -2.200533 -3.616924 0.5283755 0.3498727 0.5365069 18.29024 1.862968 0 0.0
0.04605221 0.0225947 4.281177 -1.683687 1.869027 1.270024 -0.297145 19.80094 1.505564 0 0.0
-0.004983179 0.07950067 -4.079861 -3.419892 0.3755261 0.2813161 0.05346228 18.26196 1.913895 0 0.0
0.008313524 -0.008920382 -2.57433 -2.813507 0.7203884 0.6147668 0.8184672 17.30274 1.799591 0 0.0
-0.01941642 0.07181432 -1.01715 -2.106866 1.74865 1.523969 0.1883989 20.20876 0.7838211 0 0.0
0.06992869 0.02563926 -5.904894 -4.076545 1.118814 0.7755906 -0.1180845 19.25068 nan 0 0.0
0.009207881 0.0655367 -5.506957 -1.280981 1.637283 1.139614 -0.07974869 19.76004 nan 0 0.0
0.01070667 -0.02570717 -2.905005 -7.473394 1.338148 0.8570913 0.5607703 19.53255 nan 0 0.0
-0.001265307 -0.04695069 -6.195539 -5.309208 0.5312111 0.3374903 0.5124134 18.23331 1.782234 0 0.0
-0.03333546 0.06241531 -5.335486 -5.834982 0.2568938 0.1905235 0.4216299 17.35303 2.074003 0 0.0
-0.03033402 0.01765836 -10.04841 -10.34921 2.374145 1.789652 -0.233716 19.90453 nan 0 0.0
0.01538314 -0.05907489 -2.124755 -5.433877 1.52109 1.096869 0.5753306 19.81272 nan 0 0.0
-0.06142644 0.02789896 -2.515188 -1.894968 1.056518 0.7006244 0.4288033 19.44821 1.665024 0 0.0
-0.01492967 -0.04756779 -2.202206 -4.805933 1.467557 1.011226 0.5533865 19.38544 nan 0 0.0
0.0699367 -0.003331469 -3.515247 -6.964191 0.7918008 0.4972567 0.3817221 18.80257 1.795687 0 0.0
0.04808583 -0.00413387 -1.572764 -6.948891 0.6635236 0.4092058 0.3881258 18.56428 1.578669 0 0.0
-0.05559279 0.04220535 -5.59366 -6.302631 1.22862 0.9118404 0.4439224 17.52666 1.888659 0 0.0
0.01756673 -0.02829635 0.6883396 -4.141378 0.4328602 0.3398679 0.06225656 17.8555 nan 0 0.0
0.04712152 0.005925916 4.174326 8.111418 2.075945 1.345219 -0.1087563 19.65082 1.589649 0 0.0
-0.01661008 0.03440789 -1.262122 -5.458311 0.3593398 0.3239405 -0.1676411 17.49016 1.668337 0 0.0
-0.04106284 0.06143034 -5.014502 -6.923444 0.09642408 0.06807042 0.0603513 15.88292 2.209112 1 0.0
0.00166671 -0.04203355 -1.96182 -5.186245 1.008996 0.6839153 0.3260579 19.56624 1.403444 0 0.0
0.08288882 0.007857339 -6.999874 3.246365 1.919724 1.52664 -0.4676897 19.81899 1.077927 0 0.0
0.05009628 0.03687321 -3.928222 -0.6822088 2.121681 1.431651 0.1491117 19.89383 1.657696 0 0.0
0.007691157 -0.05732502 -4.343867 -6.069276 1.136384 0.7544297 0.3098232 19.63664 1.35173 0 0.0
-0.03038922 0.02248013 0.02718585 -4.986751 0.09711475 0.06760759 0.06525962 15.21413 2.493192 1 0.0
0.01695856 0.03870891 -4.156554 -5.915382 3.188407 2.264645 0.1489427 20.07204 nan 0 0.0
0.04543166 -0.04431673 0.06374099 1.214012 1.212751 0.829527 0.4018525 19.72477 1.581179 0 0.0
0.04415383 0.05334577 -0.2487104 -8.013864 1.470647 1.041303 -0.01359696 19.65846 1.543085 0 0.0
-0.008148715 -0.08124128 3.408554 -10.86383 0.823595 0.588629 0.1397105 18.47578 1.881002 0 0.0
0.0504153 0.02832814 -0.6942554 -1.590908 1.732041 1.379206 -0.4204279 19.64128 nan 0 0.0
-0.0109576 0.03936582 -14.78425 -9.213513 1.49236 1.040771 0.1567751 19.93932 1.196115 0 0.0
-0.06614602 -0.04457929 -1.982497 1.049096 1.845148 1.241947 0.2517952 19.5201 1.726372 0 0.0
-0.05046805 -0.03564627 -3.288245 -4.850295 0.1332085 0.08936032 0.01217062 16.46176 2.07379 1 0.0
-0.006266518 -0.07961228 -6.560353 -8.475536 1.736256 1.249616 0.5796275 19.81304 1.193916 0 0.0
0.01973006 0.03182863 -6.961291 -5.440789 2.263911 1.921586 0.2759668 20.00964 1.079933 0 0.0
0.01208064 -0.00907905 -3.592226 -8.211983 0.3374486 0.2120826 0.5174769 17.38545 1.800373 0 0.0
-0.05916182 -0.02728128 -4.540328 -6.63844 1.148643 0.7975629 -0.03140277 19.46064 1.224115 0 0.0
0.03909917 -0.001284449 -5.656968 -7.229665 2.714203 1.58422 -0.2428745 20.17745 1.060003 0 0.0
0.010571 -0.03730383 -4.050912 -5.997024 0.6068723 0.4025819 0.5049886 18.40126 1.691181 0 0.0
-0.0513691 0.04824231 -4.834137 -6.426244 2.168083 1.313228 0.5778125 20.10431 nan 0 0.0
0.008175313 -0.05694549 -2.896684 -5.133433 1.002865 0.6588314 0.3979853 19.48695 1.918367 0 0.0
0.03394879 -0.03458309 1.050441 -3.394433 1.899755 1.239659 0.1724693 19.83804 1.107571 0 0.0
0.0356872 0.01553384 -6.687972 -4.977797 1.524963 1.061671 0.03600912 19.34547 1.132856 0 0.0
-0.03579723 0.01621091 2.677549 -7.185747 0.8471965 0.6043499 0.1779462 18.83181 1.443354 0 0.0
0.02017837 -0.01755843 -3.300928 -3.319438 1.905664 1.144812 0.7183311 19.64169 nan 0 0.0
0.01750704 -0.06421933 -8.597269 -9.955426 1.116783 0.759454 0.4771588 18.52939 1.607468 0 0.0
-0.05752772 0.03590245 -12.50193 -6.130264 2.313401 1.562628 0.7433498 19.99586 nan 0 0.0
-0.02560959 0.0703272 -1.360102 -4.634682 1.455586 1.047473 0.2724564 19.88651 1.52857 0 0.0
0.0176475 -0.02789009 -4.715019 -4.223188 0.2367082 0.1767346 0.2550369 17.15939 1.536086 0 0.0
-0.06191063 0.02734364 -0.1033252 -3.838325 1.899445 1.232276 0.4892776 19.71493 nan 0 0.0
-0.001964945 -0.03188455 -3.039078 -6.272069 0.1782358 0.1190483 0.1689055 16.85146 1.831129 0 0.0
0.004868178 -0.03332469 -9.334551 -5.976528 1.368773 0.9960371 -0.1819365 19.70786 nan 0 0.0
-0.04329006 -0.02410177 -3.990359 -1.858975 1.289149 0.9174843 0.3339588 19.69819 1.201891 0 0.0
0.0229815 0.005355888 -10.16743 -4.520124 2.135334 1.486084 0.07292908 19.57671 nan 0 0.0
0.05503891 -0.03607386 -5.15561 -3.707491 0.9997891 0.6609345 0.2493953 19.5496 nan 0 0.0
-0.02380747 0.07962784 0.3789559 -6.753431 0.09748857 0.07110542 -0.1735479 15.64342 2.050286 1 0.0
-0.04516047 0.009152088 -6.49798 -3.833744 0.7805816 0.4872258 -0.2606571 18.59591 nan 0 0.0
0.06895523 0.01871812 -1.386626 0.1784295 1.701956 1.149604 -0.1164806 19.76938 1.251144 0 0.0
0.002878509 0.006693458 -4.69534 -4.680013 0.3735544 0.2780769 0.5077578 17.22767 1.627956 0 0.0
-0.03369946 -0.06432048 -9.056788 -1.436733 1.799623 1.259594 0.1018826 19.85904 1.283831 0 0.0
0.01860663 0.07304852 -5.401675 -3.395211 2.359236 1.522157 0.5011544 20.09062 nan 0 0.0
0.002798324 0.02781544 -2.701837 -9.112467 1.634657 1.135598 -0.1168826 19.61954 1.796385 0 0.0
0.005218039 -0.0305438 -3.571655 -3.452318 0.712211 0.4589675 0.3864502 19.02712 1.433075 0 0.0
-0.01873792 0.04150669 -1.016149 -5.487748 0.110463 0.07658708 0.04821532 15.72236 2.220868 1 0.0
-0.07216395 0.02417293 1.857673 -3.541146 2.103765 1.409244 0.2515304 20.01679 1.123129 0 0.0
-0.05272254 0.0631552 -1.167751 -0.39954 0.2184579 0.1573747 0.2480724 17.19619 1.581457 1 0.0
-0.0700424 0.03159774 -3.583441 -4.467255 0.5594003 0.3783202 0.1308197 18.97515 1.613041 0 0.0
-0.07899529 -0.01967993 -0.8819634 -4.395446 0.1217651 0.08476067 0.1100134 15.81048 2.480268 1 0.0
0.01806097 0.03094582 -7.068321 -4.798419 0.9615518 0.6701908 -0.1286607 19.17074 1.719809 0 0.0
0.002502222 0.02730618 -4.76821 -4.101825 0.5287922 0.3730559 0.2418516 18.77566 nan 0 0.0
-0.07792192 0.02123158 -8.853172 -7.854984 0.5332113 0.379435 0.2400319 18.56795 1.733143 0 0.0
-0.04869665 -0.02665612 -9.690186 -10.17926 0.6633688 0.5277707 0.07753198 18.4073 1.77446 0 0.0
-0.06998872 0.03183047 -3.505982 0.7739132 2.26445 1.558407 0.3443458 20.37438 nan 0 0.0
-0.00849883 -0.07437867 -4.970527 -5.50277 0.3437312 0.2408456 0.5283969 17.66062 1.957523 0 0.0
