data/gcs/NGC_362.ecsv
# %ECSV 0.9
# ---
# datatype:
# - {name: x, unit: deg, datatype: float64}
# - {name: y, unit: deg, datatype: float64}
# - {name: pmx, unit: mas / yr, datatype: float64}
# - {name: pmy, unit: mas / yr, datatype: float64}
# - {name: pmx_e, unit: mas / yr, datatype: float64}
# - {name: pmy_e, unit: mas / yr, datatype: float64}
# - {name: pm_corr, datatype: float64}
# - {name: g_mag, unit: mag, datatype: float64}
# - {name: bp_rp, unit: mag, datatype: float64}
# - {name: filter, datatype: int64}
# - {name: memberprob, datatype: float64}
# meta: !!omap
# - comments: [deg deg mas/yr mas/yr mas/yr mas/yr dimless mag   mag   zeroone float]
# - __serialized_columns__:
#     bp_rp:
#       __class__: astropy.units.quantity.Quantity
#       unit: &id001 !astropy.units.Unit {unit: mag}
#       value: !astropy.table.SerializedColumn {name: bp_rp}
#     g_mag:
#       __class__: astropy.units.quantity.Quantity
#       unit: *id001
#       value: !astropy.table.SerializedColumn {name: g_mag}
#     pmx:
#       __class__: astropy.units.quantity.Quantity
#       unit: !astropy.units.Unit {unit: mas / yr}
#       value: !astropy.table.SerializedColumn {name: pmx}
#     pmx_e:
#       __class__: astropy.units.quantity.Quantity
#       unit: !astropy.units.Unit {unit: mas / yr}
#       value: !astropy.table.SerializedColumn {name: pmx_e}
#     pmy:
#       __class__: astropy.units.quantity.Quantity
#       unit: !astropy.units.Unit {unit: mas / yr}
#       value: !astropy.table.SerializedColumn {name: pmy}
#     pmy_e:
#       __class__: astropy.units.quantity.Quantity
#       unit: !astropy.units.Unit {unit: mas / yr}
#       value: !astropy.table.SerializedColumn {name: pmy_e}
#     x:
#       __class__: astropy.units.quantity.Quantity
#       unit: &id002 !astropy.units.Unit {unit: deg}
#       value: !astropy.table.SerializedColumn {name: x}
#     y:
#       __class__: astropy.units.quantity.Quantity
#       unit: *id002
#       value: !astropy.table.SerializedColumn {name: y}
# schema: astropy-2.0
x y pmx pmy pmx_e pmy_e pm_corr g_mag bp_rp filter memberprob
[from data line 15963]
0.07437642 -0.06106733 3.995209 -1.218516 1.346204 0.7333195 -0.1341663 20.15812 0.7460308 0 0.0
0.01844422 -0.03006795 6.38093 -2.562161 0.2863891 0.2076558 0.02746673 17.88652 0.461338 0 0.0
-0.04290178 0.01766967 5.657156 0.02750738 0.5251614 0.3601266 0.005981706 18.90832 0.7527351 0 0.0
0.04680605 -0.009835533 7.674466 -7.075926 1.310905 1.135983 0.0001011387 19.94196 0.8294468 0 0.0
0.05010556 -0.05899991 6.826112 -2.600512 0.2460223 0.1802408 -0.08735718 17.86616 0.931776 1 0.9990348
0.04115793 0.05444711 6.829382 -2.850271 0.3060222 0.2032389 -0.08849847 18.25781 0.683609 1 0.9981261
-0.07266962 -0.03999612 1.268039 -2.080623 0.8908006 0.6869598 -0.05133813 19.95479 -0.1378021 0 0.0
0.1095664 -0.04771863 6.942926 -2.522435 0.3017495 0.2057857 -0.04536695 18.2854 0.7448406 1 0.997444
-0.04632826 -0.04449484 2.0112 -4.149015 1.841474 0.9968629 0.6076712 19.82475 nan 0 0.0
0.02596191 -0.004708591 9.354307 0.3310198 0.3870572 0.3871829 -0.1001333 17.98483 0.8042049 0 0.0
-0.007993474 -0.05600856 1.474005 1.838343 2.473389 1.173669 -0.4960833 20.23737 nan 0 0.0
-0.01438155 0.02560711 4.917919 -3.165267 1.344173 0.5814552 0.01979008 19.36009 nan 0 0.0
-0.0168778 -0.02415377 5.077607 -1.476072 1.57039 2.824692 0.07926228 19.76832 nan 0 0.0
-0.07699745 0.0427366 7.424345 -2.239004 0.986103 0.7467735 0.06317071 19.93461 0.6996651 0 0.0
0.02558358 0.0002815276 6.116855 -1.055222 0.31533 0.2378686 -0.2367536 17.73184 1.007528 0 0.0
0.03798078 0.05512479 7.538996 -4.440178 0.6756776 0.43896 -0.1352466 18.98454 0.6645279 0 0.0
-0.07078763 -0.04027161 1.681315 -0.7042938 1.771894 1.234375 0.2639611 20.59417 0.3995857 0 0.0
0.112761 0.001672234 5.601279 -2.442952 0.4365764 0.3006864 -0.02658571 18.84222 0.5436592 1 0.8989898
-0.04530679 0.06804135 6.253265 -1.537585 0.8514358 0.5391567 0.2884055 19.57081 0.8192749 0 0.0
0.09173574 0.0217466 7.786304 -2.871842 0.8176434 0.5782242 0.04488407 19.81312 0.6683884 0 0.0
-0.04160888 0.02297486 6.609924 -2.325204 0.2723794 0.1908756 -0.01378973 18.14372 0.7528534 0 0.0
0.1320637 -0.046734 0.5919042 -1.202098 0.4230143 0.2961572 0.01521235 18.83674 1.157965 1 0.0
0.05618645 -0.02899442 6.470725 -1.850608 0.8944781 0.551173 -0.2014931 19.67197 0.5251102 0 0.0
-0.01372233 0.1403764 0.715464 -1.249671 0.5565702 0.4286119 0.04444084 19.47878 0.7690735 0 0.0
0.0104717 0.02766949 11.56407 -7.574386 2.041655 1.744241 -0.8202323 19.55537 nan 0 0.0
-0.03284998 -0.1446648 6.441157 -2.759003 0.5893881 0.3845617 -0.09286539 19.21885 0.634901 1 0.983619
-0.01061583 0.01660679 4.221826 -2.055868 0.4679295 0.293032 0.2329957 18.11573 0.736742 0 0.0
0.09016905 -0.07298902 5.963364 -3.690058 2.070581 0.8943183 0.00970283 20.39399 0.932394 0 0.0
-0.0570408 0.009577525 6.712652 -2.648247 0.07951921 0.06300079 -0.1149965 16.00284 1.047212 1 0.9996071
-0.02202402 0.03894395 6.929683 -2.313788 0.2616538 0.1826993 -0.0445575 18.01009 0.8887749 0 0.0
0.007360048 -0.1857764 1.049411 -1.099066 0.3557992 0.2486616 -0.09638502 18.2031 0.9305115 1 0.0
-0.02971681 -0.009062605 8.072672 -4.906848 0.6548946 0.8296213 0.1205348 18.70362 nan 0 0.0
-0.004847453 -0.02085893 7.343082 -3.004381 0.5202257 0.2935795 -0.2954999 18.14769 0.1495762 0 0.0
0.02722566 0.06229111 9.608778 -3.814837 1.508908 1.316126 -0.1279597 20.46888 0.8099651 0 0.0
0.05222 0.03089209 7.017085 -3.187228 0.6767499 0.4351665 -0.01391881 19.14857 0.702301 0 0.0
0.03502048 -0.06346889 10.65581 -2.968939 3.440438 1.880679 0.4280838 20.63516 0.6791687 0 0.0
-0.04817171 0.03107014 6.51904 -2.768846 1.260588 0.7287145 0.4175847 19.85758 0.5534382 0 0.0
-0.001079105 -0.002532561 3.053125 1.5175 0.443214 0.5270738 -0.318604 13.88939 0.9496737 0 0.0
0.04891232 -0.1840275 0.697192 -1.35782 0.7429275 0.4798704 -0.1129205 19.49683 1.116503 1 0.0
0.04793798 -0.02985019 6.103867 -0.3416372 0.7103386 0.4552238 -0.03956674 19.31504 0.6865196 0 0.0
-0.06260152 -0.07050243 7.737024 -2.429086 1.650901 1.351086 -0.2064406 20.33635 1.041201 1 0.9583073
0.01516669 0.04374923 4.953692 -3.362494 1.695059 1.972251 -0.4321662 20.39067 0.5814514 0 0.0
0.05157063 -0.05810339 6.718938 -2.626948 0.165087 0.1463265 -0.1345888 17.14746 0.9880104 1 0.9993601
0.0529158 -0.007111887 11.05562 1.03581 2.844778 3.057054 -0.2323608 20.66527 0.2743187 0 0.0
0.01927862 -0.03106819 -4.673489 -0.04404346 2.170364 1.964552 0.03810764 20.04436 nan 0 0.0
0.1924444 -0.01302334 1.045761 -0.1996053 0.7454307 0.5111611 0.005330639 19.6188 1.080839 1 0.0
-0.03487204 -0.09405489 5.947246 0.05651574 4.092787 3.010578 0.2710737 20.96222 0.6472168 0 0.0
-0.0181548 0.01850869 5.008628 -5.940959 1.654895 1.624222 0.4726395 19.37156 nan 0 0.0
-0.1089988 0.01841708 2.324665 -1.626142 2.664089 2.031608 -0.6356363 20.39249 nan 0 0.0
0.03147711 0.02866209 7.574428 -1.703996 0.4562322 0.3028088 -0.1433164 18.77856 0.6361103 0 0.0
0.006881248 -0.1125343 7.267029 -2.174543 2.071694 1.324189 0.1085174 20.62581 1.1546 1 0.9122662
0.005376712 0.009452521 7.952757 -3.454776 0.8888563 0.61873 -0.2538963 17.917 nan 0 0.0
0.02091328 -0.08999928 -4.571916 0.7779149 3.05545 2.640194 -0.4207931 20.63061 -0.01933861 0 0.0
-0.05625996 0.0438206 6.591482 -0.6381823 0.8730075 0.5875471 0.2831064 19.63146 0.6869411 1 0.5153915
-0.003756439 0.03437812 7.412655 -2.128909 0.2536436 0.1846682 -0.05912564 17.84843 0.8320789 0 0.0
-0.13979 -0.05154013 0.7466075 -0.4768677 0.8906705 0.5489103 -0.07553009 19.76024 1.036392 1 0.0
-0.03400744 -0.1640225 1.677001 -0.9004284 0.6478484 0.4142491 -0.03712887 19.30264 1.03071 1 0.0
0.00502456 0.04425028 6.825728 -1.934071 0.7355757 0.574231 -0.09535401 19.67046 nan 0 0.0
-0.03621524 -0.01519216 19.66705 -8.403806 0.8942942 0.7298518 -0.3111856 18.65828 0.667038 0 0.0
-0.007633186 0.06247607 6.283802 -3.183501 1.158585 0.832813 -0.05218937 20.14768 0.3890457 0 0.0
0.02398543 0.1426098 -0.07502479 -0.999711 0.4574852 0.4108622 -0.003762476 19.36438 1.156418 1 0.0
-0.01420545 -0.009533759 6.348791 -2.196456 0.06892791 0.0506277 -0.2025476 15.33032 0.8741207 0 0.0
0.002964308 -0.002586158 5.080724 -3.883787 0.594652 0.4581417 -0.01950505 13.60731 0.9070988 0 0.0
0.1716235 -0.005508252 1.390779 -1.913686 4.042036 1.891334 -0.0859763 20.78584 0.8007278 0 0.0
-0.006141534 0.06899208 6.66922 -3.435676 1.384447 1.216674 0.1109717 20.44921 0.4803352 0 0.0
0.003210681 -0.149635 7.334867 -3.249332 1.029107 0.6448103 -0.04935294 19.91949 0.810791 0 0.0
0.09136157 0.07980859 4.630195 -2.816146 1.343858 0.9188891 -0.189922 20.28204 0.9289188 0 0.0
0.02412243 -0.1403416 6.767715 -1.993681 0.4091705 0.2757769 -0.06347394 18.64072 0.6526871 1 0.9719881
0.005079417 0.01344277 4.955769 -0.4021379 0.2978153 0.2083853 -0.1277537 16.61998 0.802001 0 0.0
-0.06614292 -0.1329837 1.235246 -0.3965745 0.5378253 0.3647358 -0.05545573 19.06703 0.9812222 1 0.0
-0.1134563 -0.0416979 1.937403 2.391112 3.369675 2.862876 -0.1843928 20.79174 0.3663311 0 0.0
0.1939719 0.02620166 4.090485 -1.938573 0.152019 0.1077832 -0.03459053 17.11772 0.8692055 1 0.0
0.009484271 0.05101593 5.206713 0.1535715 1.435614 1.538249 -0.3129347 20.34966 0.7015018 0 0.0
0.1791663 -0.04499743 1.407552 -0.9449152 0.5750626 0.416675 -0.04662463 19.28044 1.00387 1 0.0
-0.003022009 -0.05677012 9.141329 -2.847496 0.9204843 0.5729929 -0.1134766 19.61962 0.3593597 0 0.0
0.1631369 0.0287974 9.598203 1.436061 1.121796 0.670873 -0.1408438 20.02588 2.21282 1 9.444009e-06
-0.004953426 -0.0483324 5.137259 -1.02843 0.9285921 0.5172357 -0.1663187 19.54684 0.2239513 0 0.0
-0.05482455 -0.02321514 6.401888 -2.848305 0.3308683 0.2410156 -0.1054698 18.47726 0.6103134 0 0.0
0.01044696 0.06481702 5.904745 -7.154419 1.314621 1.21877 -0.2199642 19.93118 nan 0 0.0
-0.001296413 -0.05693778 7.903152 -2.308633 0.4687265 0.3011607 -0.08743852 18.73386 0.6056995 0 0.0
0.02597065 -0.02530798 17.5814 -0.2722204 1.35471 1.411119 0.2079117 19.7464 nan 0 0.0
0.026573 -0.05338497 6.77601 -2.782224 1.664051 1.060181 0.03422438 20.30729 0.1911354 0 0.0
-0.144816 0.0444957 -1.276428 0.8414141 1.484349 1.59108 -0.4641796 20.3521 0.5865612 0 0.0
-0.02173586 -0.03873827 8.574491 -4.029781 2.74361 2.34724 -0.02696269 20.75802 0.8078403 0 0.0
-0.004146773 -0.007102971 9.167413 -1.334196 0.371612 0.2662684 -0.1913659 15.62023 nan 0 0.0
-0.003672241 0.03327951 10.48713 -2.653947 1.067979 0.506864 0.00247211 19.06647 0.8504772 0 0.0
-0.03956687 -0.01464923 5.760353 -0.8896244 0.561644 0.5106731 -0.2211328 19.18633 0.6442299 0 0.0
-0.02020607 -0.01229316 6.694734 -4.761471 0.4961794 0.7470789 -0.3685989 18.77128 0.6353951 0 0.0
-0.08325736 -0.02705997 7.751125 -2.756689 2.038892 1.586808 -0.153638 20.63661 0.7543316 0 0.0
-0.1813722 -0.064107 0.9003093 -1.234674 0.3284469 0.2623223 -0.2260169 18.2272 0.9084587 1 0.0
0.1534424 -0.04637655 -0.226021 -9.613134 0.540295 0.355767 -0.01041923 19.00406 1.329481 1 0.0
0.1027673 0.001566132 5.490791 -1.220014 3.1878 2.04292 -0.1367291 20.59702 0.8141117 0 0.0
-0.04456308 -0.04218672 6.4845 -2.937868 1.094379 1.207199 0.5602045 19.27371 nan 0 0.0
-0.003100327 -0.05870037 7.669318 -2.576374 1.229685 0.6895572 -0.233967 19.83179 nan 0 0.0
-0.01491232 -0.01314298 5.782893 -0.4511382 0.4260963 0.2976104 -0.1061513 16.41147 0.9180393 0 0.0
0.007820644 0.1422259 1.315238 -0.9369695 0.6809081 0.5057309 -0.05021682 19.64798 0.983057 1 0.0
0.006732932 0.05548787 5.466458 -3.754172 1.659349 1.432278 -0.003766792 20.53561 0.2145634 0 0.0
0.0260911 -0.02424003 6.938534 -3.535128 0.5949221 0.5873955 0.2103756 18.75205 nan 0 0.0
-0.0981908 -0.002149209 5.757596 -0.2690412 3.155425 2.769336 -0.1993459 20.6816 0.2251511 0 0.0
-0.05937357 -0.05514973 6.855425 -2.558507 0.322873 0.203538 -0.06790164 18.20063 0.7103825 1 0.9986353
-0.04560127 0.04619768 -1.638935 -7.695754 3.592186 1.789641 0.6857188 20.47365 0.6110134 0 0.0
-0.06710404 -0.02686916 5.859399 -0.4294694 2.06128 1.856429 -0.176995 20.44147 0.5462589 0 0.0
-0.044982 -0.04263017 5.791271 -4.278237 0.7204411 0.5043188 -0.05347611 19.63295 nan 0 0.0
-0.01725792 0.02614652 5.481236 -1.953196 0.381764 0.2225742 0.2942428 18.17416 0.6306095 0 0.0
0.105098 -0.01735194 6.660348 -2.516612 0.4512036 0.3146124 -0.006062594 18.87353 0.6356316 1 0.9956617
0.06144896 -0.001971293 6.699494 -2.44867 0.1470858 0.1023041 -0.06995429 17.15002 0.8770409 1 0.9995132
-0.07397065 -0.02493276 6.975481 -2.55568 0.1633659 0.1354637 -0.00990563 17.4064 0.9468594 1 0.9989764
0.09669248 -0.07234074 2.696838 0.02803902 0.7746727 0.4615861 3.394777e-05 19.46865 0.8466415 1 0.0
-0.01112468 -0.005221189 6.768845 -2.967664 0.1294646 0.106536 -0.1553284 15.1872 nan 0 0.0
-0.05018368 -0.04412274 2.516382 -5.810955 2.598821 2.023814 -0.1400003 20.84702 0.346096 0 0.0
-0.04135036 0.02942225 9.97371 -0.783377 2.242588 1.218658 0.689604 19.95401 0.5763798 0 0.0
-0.01802867 -0.1687927 0.03447671 -3.135178 3.025109 2.167458 -0.5548296 20.55485 0.2728252 0 0.0
0.023525 0.01235378 8.110334 -2.832951 1.173369 1.052047 -0.4252016 18.5119 0.7885513 0 0.0
0.02858796 0.06240365 7.06936 -2.603571 1.090228 0.6926389 -0.1780544 20.04269 0.719223 0 0.0
-0.06241558 0.05002027 6.700632 -2.406579 0.06969732 0.04970732 -0.226709 15.33838 0.8949718 1 0.9996427
-0.08732508 -0.142473 0.5558432 -1.640084 0.2735006 0.1852396 -0.07801579 18.09039 1.079304 1 0.0
0.08384107 0.09523781 5.873575 -2.861946 1.733554 0.7828363 -0.3656262 20.20576 0.8790188 0 0.0
-0.01692575 0.01866999 6.13323 -3.247262 1.581228 0.7303858 0.3786853 19.20069 nan 0 0.0
-0.07823467 -0.01474088 5.184258 -2.70006 0.5176171 0.4399318 -0.1435644 19.18634 0.6395092 0 0.0
0.1119627 -0.1575587 0.313884 -1.620927 0.8048885 0.4480666 -0.01144167 19.45786 1.067513 1 0.0
0.1311714 0.03691478 0.1986076 -1.387779 1.365509 0.9205028 -0.0844951 20.15871 -0.9328785 0 0.0
0.02372325 0.01268161 7.625411 -1.459348 0.5877303 0.4803454 -0.4102176 18.87081 nan 0 0.0
0.1375751 0.04984952 0.2367889 -2.348931 0.8209616 0.5792807 2.678979e-05 19.81849 0.8715343 0 0.0
-0.06522796 -0.1334536 6.789648 -2.613859 0.5465463 0.3438658 -0.0553439 19.06098 0.6457825 1 0.9905542
-0.0180087 -0.03692637 7.188224 -1.420255 2.448726 2.132369 -0.005478074 20.37359 nan 0 0.0
-0.1094725 0.07388862 6.86518 -2.399065 0.1241847 0.09485959 -0.04374244 16.87013 1.003975 1 0.9987446
0.03942994 0.003951542 6.327296 -0.6397383 1.093995 0.6099728 -0.01238949 19.68907 0.6316948 0 0.0
0.01877713 -0.05625997 6.859829 -3.613568 0.9960835 0.6466403 -0.1487062 19.59343 0.7141857 0 0.0
0.01937303 0.04424913 7.021082 -2.314084 1.269989 1.080912 -0.1731587 20.21261 0.9382248 0 0.0
-0.03064675 -0.02132447 4.558615 0.7144883 0.9064817 0.8979826 -0.2200258 19.7675 nan 0 0.0
0.1764995 0.01092159 1.254055 -1.610162 0.2112415 0.1504904 -0.1023254 17.65461 1.286913 1 0.0
-0.01767506 -0.03143291 5.821691 -3.599382 3.387754 3.601553 -0.1781636 20.58984 nan 0 0.0
0.01150798 0.05184647 7.945253 -3.895801 1.20967 1.136535 -0.104789 20.19619 0.6979141 0 0.0
0.004779542 0.007186743 8.293794 -1.510175 0.3685217 0.2570583 -0.5987499 14.71857 nan 0 0.0
0.03464186 -0.02590104 4.277637 -3.601709 1.258012 0.9619886 0.2321568 19.92706 nan 0 0.0
0.02370858 0.01903691 6.250525 -2.281146 1.761788 0.7710515 -0.4793166 19.54319 nan 0 0.0
0.002909442 -0.1561657 0.4548215 -0.7449988 1.407118 0.8486955 -0.2014601 20.07021 0.328968 0 0.0
0.04596712 0.05061427 5.395956 -1.813707 1.015962 0.7061542 -0.1132215 19.9691 0.8340588 0 0.0
-0.05210658 0.02648259 5.25086 -2.15878 0.9717046 0.8703119 0.3596181 19.56415 0.8576756 0 0.0
0.1784309 -0.01409052 -1.612681 -0.9803989 2.05191 1.643125 -0.2544291 20.58819 0.09492874 0 0.0
-0.1867634 -0.0454413 1.531944 -3.521703 1.563023 1.07922 -0.3309124 20.30412 0.8744488 1 0.003379396
0.07552843 -0.05588366 6.616467 -2.457373 0.05711489 0.04809467 -0.07748334 15.32762 0.9089375 1 0.9995296
-0.002650418 -0.003051507 10.32554 -1.293076 0.3107665 0.2111904 0.2507475 13.95577 nan 0 0.0
-0.1060967 0.07511993 9.950652 -5.973735 1.430823 1.962195 -0.803334 19.63833 nan 0 0.0
-0.1328933 -0.004090274 7.749774 -1.809015 1.955882 0.808459 0.3487591 20.02588 0.5822773 0 0.0
0.05385748 0.05277654 7.471855 -1.541046 0.7901659 0.4253333 -0.1481461 19.454 0.7727394 0 0.0
0.00991401 -0.04509939 6.757057 -2.588969 0.1191575 0.09459465 -0.02989961 16.52526 0.996727 1 0.9996735
-0.01800745 -0.05035411 5.951132 -1.7494 1.3244 0.8653513 -0.137585 20.01286 0.8155003 0 0.0
0.1600875 0.02242086 -2.433374 -1.225899 1.891548 0.8240631 -0.1110465 20.29772 nan 0 0.0
-0.1048145 -0.1661484 0.6424366 -1.229822 0.239979 0.1609108 -0.04903148 17.91609 1.134792 1 0.0
-0.002645287 -0.01809667 -4.498291 -2.137341 1.50809 0.553215 -0.3231207 18.50868 nan 0 0.0
-0.005732277 -0.1457369 0.7941005 -1.298249 0.3129602 0.1934985 -0.08402417 18.19974 1.202564 1 0.0
0.07444042 0.008421428 9.254649 -2.396537 0.6510837 0.4857281 -0.08281423 19.07623 0.6383247 0 0.0
-0.0406248 -0.03821861 2.833608 -0.4116901 1.51144 1.646547 0.02899569 20.45104 0.8027725 0 0.0
0.04363662 0.01357871 2.454827 -7.635431 2.289738 1.351289 -0.2256243 20.05969 nan 0 0.0
0.008553637 0.04382183 0.9361566 0.0682913 0.759051 0.4972474 -0.1897107 19.54703 nan 0 0.0
0.03441967 -0.02555733 8.375635 -4.883933 1.35308 1.208935 0.1305844 19.54988 0.5590954 0 0.0
0.1117492 -0.04876078 6.407833 -2.438981 0.8634902 0.5177804 0.03120804 19.71103 0.747015 1 0.9767928
-0.004168102 0.008125296 6.852188 -1.259162 0.1059209 0.07310992 0.225806 13.8937 1.288664 0 0.0
0.1501301 0.01877514 2.316141 -1.264677 2.227487 0.8630637 0.02390891 20.33743 0.04673386 0 0.0
-0.009649556 0.07510946 9.231269 -2.971866 1.416705 1.258195 -0.04345172 20.3653 0.5625153 0 0.0
-0.01347573 0.04722182 10.2703 0.5135882 2.888554 2.321826 0.07236569 20.72474 nan 0 0.0
-0.07621648 -0.02208784 8.035103 -4.900577 1.329495 1.453863 -0.3168128 20.25911 0.7789211 0 0.0
-0.06060643 -0.06093656 6.779969 -2.379563 0.3151858 0.1850957 -0.1173514 18.1034 0.7550697 1 0.9983494
0.002034513 0.0614322 6.6805 -2.128651 0.4446365 0.3436663 -0.1164274 18.8647 0.6518764 0 0.0
