data/gcs/NGC_4372.ecsv
# %ECSV 0.9
# ---
# datatype:
# - {name: x, unit: deg, datatype: float64}
# - {name: y, unit: deg, datatype: float64}
# - {name: pmx, unit: mas / yr, datatype: float64}
# - {name: pmy, unit: mas / yr, datatype: float64}
# - {name: pmx_e, unit: mas / yr, datatype: float64}
# - {name: pmy_e, unit: mas / yr, datatype: float64}
# - {name: pm_corr, datatype: float64}
# - {name: g_mag, unit: mag, datatype: float64}
# - {name: bp_rp, unit: mag, datatype: float64}
# - {name: filter, datatype: int64}
# - {name: memberprob, datatype: float64}
# meta: !!omap
# - comments: [deg deg mas/yr mas/yr mas/yr mas/yr dimless mag   mag   zeroone float]
# - __serialized_columns__:
#     bp_rp:
#       __class__: astropy.units.quantity.Quantity
#       unit: &id001 !astropy.units.Unit {unit: mag}
#       value: !astropy.table.SerializedColumn {name: bp_rp}
#     g_mag:
#       __class__: astropy.units.quantity.Quantity
#       unit: *id001
#       value: !astropy.table.SerializedColumn {name: g_mag}
#     pmx:
#       __class__: astropy.units.quantity.Quantity
#       unit: !astropy.units.Unit {unit: mas / yr}
#       value: !astropy.table.SerializedColumn {name: pmx}
#     pmx_e:
#       __class__: astropy.units.quantity.Quantity
#       unit: !astropy.units.Unit {unit: mas / yr}
#       value: !astropy.table.SerializedColumn {name: pmx_e}
#     pmy:
#       __class__: astropy.units.quantity.Quantity
#       unit: !astropy.units.Unit {unit: mas / yr}
#       value: !astropy.table.SerializedColumn {name: pmy}
#     pmy_e:
#       __class__: astropy.units.quantity.Quantity
#       unit: !astropy.units.Unit {unit: mas / yr}
#       value: !astropy.table.SerializedColumn {name: pmy_e}
#     x:
#       __class__: astropy.units.quantity.Quantity
#       unit: &id002 !astropy.units.Unit {unit: deg}
#       value: !astropy.table.SerializedColumn {name: x}
#     y:
#       __class__: astropy.units.quantity.Quantity
#       unit: *id002
#       value: !astropy.table.SerializedColumn {name: y}
# schema: astropy-2.0
x y pmx pmy pmx_e pmy_e pm_corr g_mag bp_rp filter memberprob
[from data line 12970]
0.007136744 0.02863511 -3.750502 3.050209 2.286337 0.9510843 0.1878182 19.9573 nan 0 0.0
0.02699879 -0.1057146 -3.162299 0.773809 3.825463 1.646921 0.06682217 20.76624 1.176775 0 0.0
0.01801749 0.04041489 3.534226 3.198542 3.75024 1.640339 -0.3915742 20.66243 nan 0 0.0
0.0464438 -0.02765248 -5.722122 3.042144 1.075688 0.7391082 0.05495126 20.0963 nan 0 0.0
-0.0286515 -0.01564454 -9.323592 3.829118 1.562662 0.923143 -0.1191944 19.95423 nan 0 0.0
0.0676756 0.02712018 -5.367545 3.757501 0.7275749 0.4758072 -0.1310738 19.48109 1.328278 0 0.0
-0.006148922 -0.01717904 -7.002338 3.830048 0.6783539 0.4870773 0.09493156 19.15037 nan 0 0.0
0.001248659 -0.07429165 -5.824688 4.336174 2.313013 1.962567 0.3910611 20.58385 1.248236 0 0.0
0.03000196 0.01636622 -6.997039 2.587451 0.4629518 0.3657019 0.02963917 19.08775 1.26499 0 0.0
0.1137256 0.07371721 3.202765 0.8034929 4.579119 2.302977 0.03875318 20.83918 1.375736 0 0.0
0.03200597 -0.02877281 -7.052805 4.554423 1.936204 1.793066 0.5380144 20.19983 1.24135 0 0.0
0.1073885 -0.009649802 -5.715876 2.936803 1.163465 0.6829956 -0.07311416 20.20473 1.116646 0 0.0
-0.01097755 0.002990773 -4.632966 3.706321 0.6503256 0.4358954 -0.1415312 19.07655 1.541576 0 0.0
0.1454322 0.1176183 -6.337072 8.161761 4.416694 1.849814 -0.07765947 20.92326 1.423798 0 0.0
0.02081671 -0.01401627 -9.886545 5.941887 1.657988 1.203667 0.3534819 19.92347 nan 0 0.0
-0.1413519 -0.1392845 -5.750025 -1.024387 0.7771263 0.610603 -0.1382814 19.55637 1.87331 1 0.0
-0.03943527 -0.02559095 -6.300219 2.989922 0.4673183 0.2847118 -0.004657074 18.85306 1.129536 0 0.0
0.02215055 0.03935741 -7.863301 3.691043 0.5995851 0.4978225 -0.006955053 19.26848 1.310762 0 0.0
0.01328928 -0.01647338 -3.221548 7.337983 1.803501 1.132699 -0.2105794 20.16973 nan 0 0.0
-0.01978939 -0.01265707 14.78542 33.99744 3.438018 1.96236 0.4033374 19.88616 nan 0 0.0
0.07535344 0.0396934 -6.501845 3.2151 0.3357408 0.2322496 -0.004525346 18.5242 1.414429 0 0.0
0.08827194 -0.01464934 -5.85776 4.556676 3.750714 1.619185 0.183299 20.738 nan 0 0.0
0.04889921 -0.04303232 -7.425516 2.97606 0.8133478 0.5597562 0.0231415 19.81695 1.134073 0 0.0
0.0975494 0.07282813 -10.1485 -0.4212781 0.5881153 0.3949135 -0.04342325 19.48738 1.469746 0 0.0
0.03637554 -0.02807927 -7.857941 3.046962 0.5977557 0.4578887 -0.00253801 19.50252 0.6584549 0 0.0
-0.08683512 -0.05085183 -5.345687 2.46627 1.484855 1.239254 0.007787394 20.42774 0.7624474 0 0.0
-0.02336833 -0.04568906 -6.775235 4.947351 1.49604 0.9081308 -0.08408448 20.2599 nan 0 0.0
0.1475936 -0.0005519925 -7.300938 0.6030027 0.3562862 0.2025516 -0.0158041 18.58033 1.422785 0 0.0
0.1315054 -0.01621214 -5.583446 3.355776 0.5361357 0.2723709 0.09599674 18.92426 1.263231 0 0.0
0.03265575 -0.08791712 -10.68625 -1.381822 0.7238173 0.4917404 -0.03355809 19.6408 1.755657 0 0.0
0.01525498 -0.002574193 -7.284985 1.072835 0.8668408 0.948964 0.1013758 19.8443 0.72892 0 0.0
-0.02945094 -0.01582895 -1.887357 3.64037 0.7045664 1.389171 0.177715 19.36471 nan 0 0.0
0.06056779 -0.00711819 -7.013475 2.171625 0.6046178 0.4417759 -0.04914397 19.39423 1.276157 0 0.0
0.1026617 0.04049627 -7.229394 3.167685 3.152942 1.228251 -0.1160065 20.67945 nan 0 0.0
0.02904669 -0.1085865 -6.770797 4.655742 3.675526 1.884242 -0.0625673 20.81533 1.236065 0 0.0
-0.01512829 -0.06935418 -2.287367 3.612284 3.217951 3.524645 -0.2313008 20.85988 1.319794 0 0.0
0.03005133 0.034959 -7.964467 1.563364 0.1137841 0.09007926 0.04257331 16.86207 1.837833 0 0.0
0.0797616 -0.05804391 -6.707034 -0.0768933 1.199665 0.754199 -0.01054078 20.23544 1.562531 0 0.0
-0.01854609 -0.02826549 -0.8936372 -2.07632 3.829193 4.011268 -0.2615984 20.65506 nan 0 0.0
-0.09896347 -0.04081352 -8.835229 -0.5502311 1.420441 0.9232225 0.3658496 20.01382 nan 0 0.0
-0.03652962 0.0193906 -9.436648 3.277978 2.910825 3.910502 -0.1561117 20.50788 nan 0 0.0
0.1080686 -0.04746587 -5.013552 -0.2552011 0.2996255 0.1726073 0.001866405 18.32063 1.327446 1 0.0
0.00292892 0.03633435 -8.090013 4.878997 1.632017 1.153913 -0.1560377 20.19839 nan 0 0.0
-0.0833677 -0.09494127 -10.52696 -1.919494 1.061527 0.6443768 -0.02809654 20.01715 1.527695 0 0.0
0.02162312 0.05178634 -7.782179 3.201693 0.6629095 0.4763036 0.1066503 19.23783 1.360949 0 0.0
-0.01285773 -0.03278472 -4.419634 4.963593 1.805296 0.7069524 -0.01809064 19.83375 nan 0 0.0
0.02678634 0.03040179 -6.317322 3.440387 2.245583 1.289773 0.1152351 20.5125 nan 0 0.0
0.0626392 -0.07739246 -6.262887 3.219558 0.4622327 0.3451293 -0.020344 19.15047 1.14558 0 0.0
0.04058784 -0.04078369 -5.978911 3.791721 0.6441748 0.4550322 0.04104922 19.48131 1.263798 0 0.0
-0.06166591 -0.08724629 -15.73778 -3.691841 0.5757512 0.4187438 -0.0974367 19.35676 1.729578 0 0.0
0.0540128 -0.01441381 -5.944202 4.43379 0.9390569 0.6938435 -0.1713385 19.97754 1.15337 0 0.0
0.1649224 -0.003495826 -6.240046 -5.558885 4.042731 1.672807 -0.01329882 20.92327 1.918451 0 0.0
-0.1014372 -0.1910447 -9.332128 -3.135868 1.700476 0.8249782 -0.1476997 20.26249 1.574038 0 0.0
0.01113532 -0.009483387 -5.567177 2.815667 0.4814854 0.3267329 0.1249992 18.96309 1.138573 0 0.0
-0.04561296 -0.1047761 -4.166828 -1.085944 0.101558 0.07921953 0.0793537 16.70965 1.656775 1 0.0
0.01383933 -0.004411726 -5.356046 3.425195 2.205774 1.524449 0.4847056 20.17893 nan 0 0.0
0.1159901 0.008058073 -1.824243 3.831166 3.947517 1.185835 0.4240716 20.56053 nan 0 0.0
-0.09138023 -0.04979877 -8.450096 -0.2457309 0.6419497 0.5058562 0.006781078 19.44307 1.379 0 0.0
0.1458501 0.04063188 -6.410261 3.549871 1.407604 0.9814229 0.07849072 20.39667 1.352646 0 0.0
0.01780362 0.008699703 -6.754372 4.713943 1.676266 1.235114 -0.4682595 20.06564 nan 0 0.0
0.03385912 0.04850204 -6.843549 4.087748 0.7002122 0.4745855 -0.1087319 19.40206 1.229876 0 0.0
0.069289 0.006186428 -7.060963 2.797723 0.8591893 0.6369791 -0.05001472 19.89532 1.300171 0 0.0
0.002499096 0.02598133 -12.10903 0.6773998 3.705955 2.35823 0.1038624 20.58558 nan 0 0.0
-0.01941633 -0.01301524 -6.155448 3.116479 0.3100282 0.2135841 0.06532969 18.39025 1.22311 0 0.0
0.08818357 0.03389752 -4.784984 3.397391 0.8839631 0.5337596 -0.007146878 19.93248 1.529028 0 0.0
-0.01209115 -0.0318534 -6.402504 3.222606 0.1487431 0.1221075 0.07067223 17.43595 1.337177 0 0.0
0.005646474 0.01199594 -8.459729 3.693841 1.365279 1.264604 0.06755929 19.35886 1.331964 0 0.0
-0.01960814 0.008583376 -6.604826 4.39406 0.7862146 0.4920989 -0.296629 19.11171 nan 0 0.0
0.03548772 -0.02469003 -5.11649 3.805073 0.3695353 0.2588631 0.04038235 18.67779 1.256477 0 0.0
0.03497735 -0.009308135 -6.789064 3.150391 0.6662416 0.5212376 -0.04209245 19.41656 nan 0 0.0
-0.01572793 0.009830798 -6.984804 3.344887 0.4180784 0.3108002 -0.005581132 18.96474 1.322817 0 0.0
-0.006612193 0.03159552 -6.856073 3.067412 0.4192458 0.2741878 0.1295891 18.70224 1.237865 0 0.0
0.1774944 0.07735092 -7.766981 1.821642 1.394826 1.334585 -0.06291603 20.26057 1.692183 0 0.0
0.1090816 -0.07167291 -5.621765 2.427474 2.140583 1.128712 0.2435341 20.58887 1.336315 0 0.0
0.08199886 0.07456907 -10.3634 1.322978 1.560751 1.012215 0.1334427 20.38381 nan 0 0.0
-0.01010477 -0.07616367 -5.213416 3.434831 0.8221306 0.6285532 -0.08097914 19.90137 1.098644 0 0.0
-0.0932538 -0.04711526 -4.378518 0.3809861 0.3565397 0.2355036 0.07880266 18.42576 1.268103 0 0.0
0.03140771 -0.002282455 -6.167058 5.205941 0.6837294 0.5966005 0.09588691 19.31999 1.368734 0 0.0
-0.06647625 -0.0607284 -22.42896 3.23858 1.789249 1.106833 -0.1349401 19.93641 0.8665943 0 0.0
0.03340322 0.03633399 -7.907002 3.447024 1.060566 1.94461 -0.2182766 19.88484 nan 0 0.0
0.05589739 0.03324908 -10.03841 2.163126 0.8387144 0.6674813 -0.06306799 19.41464 1.277124 0 0.0
0.1399381 0.1317385 -2.352394 1.162745 3.273579 1.873081 -0.1481387 20.87518 1.553444 0 0.0
0.03597717 -0.123858 -10.88129 2.879396 2.18387 1.422916 0.2568988 20.4861 1.121576 0 0.0
0.1424441 0.07447378 -2.490391 2.490504 1.88523 1.153192 0.2374199 20.48247 nan 0 0.0
0.02826943 -0.02274691 -5.46166 4.532405 1.507339 1.102134 0.3096225 20.28052 nan 0 0.0
-0.03942833 -0.0328465 -1.543062 0.4001172 3.105588 1.940024 -0.2374373 20.82373 nan 0 0.0
0.08167325 0.02816812 -5.825822 3.376283 1.609434 1.096287 0.06280959 20.5536 1.273956 0 0.0
-0.1073658 -0.2076356 -6.976877 0.04846402 0.5964877 0.3876346 -0.1456168 19.23421 1.411596 1 0.0
-0.1056603 -0.1672425 -6.911793 4.940641 1.480319 0.770534 -0.1901022 20.20794 1.506294 0 0.0
0.06794877 -0.100491 -6.600672 3.298778 0.6730219 0.4636353 -0.02765724 19.35992 1.194363 0 0.0
0.08407018 -0.02875125 -5.895347 3.702653 0.4271931 0.2367475 0.0157728 18.66292 1.313688 1 0.9887365
-0.001848814 -0.0785489 -6.598391 3.578109 1.328492 0.7497459 0.001088697 20.16266 1.106157 0 0.0
0.0583051 -0.04010797 -8.64688 3.917788 2.066049 2.060046 0.4887599 20.50308 1.345577 0 0.0
0.1280688 -0.0480331 -5.825843 4.122871 2.754607 1.509683 -0.0561894 20.69722 1.326361 0 0.0
-0.07263324 -0.09805281 -6.709646 2.497883 0.4701416 0.3306612 -0.0290863 19.0596 1.323465 1 0.8219615
0.05847327 0.08273298 -6.606902 3.367883 0.4199834 0.2704341 0.1164805 18.68945 1.277943 1 0.9929098
0.01324814 -0.01681668 -7.230759 2.845004 0.6396338 0.4808376 -0.03861093 19.34027 1.142469 0 0.0
0.1417919 -0.012949 -6.49737 4.037825 2.823088 1.32039 0.1829301 20.66536 1.092445 0 0.0
0.02617179 -0.01905108 -8.214645 1.990423 2.75029 1.919517 0.4029666 20.31026 1.033779 0 0.0
0.07732522 0.03713677 -5.896379 3.061374 0.3839347 0.2546795 0.06146222 18.68844 1.304413 0 0.0
0.04845206 0.04505058 -7.265719 1.574152 1.492125 1.171776 0.1402042 20.42145 nan 0 0.0
0.0113402 0.005378548 -4.406926 1.998378 0.6396516 0.4480037 0.05973069 18.57586 1.204708 0 0.0
-0.09262248 -0.09257611 -6.521579 -1.254484 0.03140708 0.02653779 0.09454499 14.44011 1.858499 1 0.0
0.03961191 -0.002001194 -8.012103 3.654888 1.208762 0.6785592 0.001196244 19.94694 nan 0 0.0
-0.09153195 -0.02904733 -12.37683 6.382424 2.058126 1.386763 0.01902978 20.55423 1.430035 0 0.0
0.1578108 0.04516945 -5.859972 3.579271 1.421469 1.015635 0.08011478 20.49118 1.284237 0 0.0
0.1560039 -0.001516028 -8.368459 -0.535524 1.023055 0.5657521 0.07394774 20.03937 2.094315 0 0.0
-0.06894242 -0.07701138 -5.855924 3.277741 0.6224242 0.4411784 -0.06775091 19.431 1.245918 0 0.0
-0.1460353 -0.1716797 -6.592678 -2.284516 0.3014416 0.2092937 0.08903433 18.13423 1.70253 1 0.0
0.04404331 -0.008527078 -5.843181 4.024139 1.263387 1.236991 0.1311531 20.17599 1.247917 0 0.0
-0.02861888 -0.1092801 -5.959547 3.760085 1.238701 0.7492114 -0.08173702 20.1588 1.215458 0 0.0
0.03312935 -0.1130416 -6.814735 3.418548 0.2979763 0.1923585 0.06284946 18.18217 1.083118 0 0.0
-0.009146992 -0.02748 -5.767906 3.176781 0.5215208 0.4424876 0.08825836 19.00315 1.434713 0 0.0
0.001423185 0.01311066 -6.612932 3.258848 0.1616086 0.1326468 0.04688994 17.57526 1.56045 0 0.0
-0.01823051 0.005166862 -1.498113 4.685877 1.291828 0.917564 -0.2827328 19.6708 nan 0 0.0
-0.0607093 -0.01980643 -6.541537 3.416857 0.5098742 0.357759 -0.04913523 19.17187 1.312229 1 0.9941165
-0.02894106 0.01732165 -6.236784 3.339602 0.02843655 0.02420173 0.1922339 13.73168 1.827427 1 0.9992351
0.1004781 -0.0694708 -6.169335 -0.563151 0.4801977 0.2809936 0.02571121 18.91753 1.765947 0 0.0
0.02878193 -0.05979611 -6.268414 3.392311 0.3947375 0.3037152 0.03710678 18.95058 1.147423 0 0.0
0.07166093 -0.01951892 -4.44455 1.291343 0.5556941 0.385505 0.01290052 19.29044 1.473141 0 0.0
0.01644212 0.02746169 -4.627839 17.11864 2.495751 3.366159 0.3743343 20.24204 nan 0 0.0
-0.1435083 -0.1705451 -5.6474 -0.7609082 0.5624613 0.425311 0.03112221 19.11495 1.508213 0 0.0
-0.04343553 -0.07620613 -13.92537 2.897582 0.4004122 0.2836918 0.09317154 18.15746 1.517467 0 0.0
-0.09871929 -0.06605058 -5.731839 1.579509 0.8637275 0.7319456 0.02402409 19.88862 1.218 0 0.0
0.006893236 0.0232336 -7.829837 3.786818 0.9712461 0.6010773 -0.3740362 19.42553 nan 0 0.0
0.01323211 0.01684423 -5.433926 3.132508 0.7487393 0.4996007 -0.03348988 19.45258 nan 0 0.0
0.008822629 -0.02583952 -6.205584 2.427332 0.3718079 0.2153395 -0.06838277 18.16423 1.288902 0 0.0
0.07632266 0.07794341 -6.360618 3.183853 0.03601936 0.03041967 0.1263673 14.50852 1.704082 1 0.9977626
-0.00280008 0.01070724 -7.399855 2.79791 0.2104475 0.1756583 0.09505613 16.5111 nan 0 0.0
-0.006404143 -0.1158729 -8.189068 4.020297 1.626721 0.9193294 0.03124484 20.15154 1.073185 0 0.0
0.0770532 -0.01434569 -10.97114 2.678718 1.659915 1.211992 0.1076684 20.39003 1.234386 0 0.0
0.03718992 -0.02515126 -10.16615 -0.1299735 1.410393 0.8516632 0.02383062 20.0918 1.211273 0 0.0
0.01400939 -0.09448448 -6.500777 3.800952 0.3130117 0.1976573 0.06265027 18.27038 1.200377 1 0.9860276
-0.08192212 -0.01455045 -6.096905 3.6323 0.7439713 0.604661 0.1758814 19.42658 1.139355 0 0.0
-0.01762094 -0.07298043 -4.883073 4.212118 1.27204 0.7937226 -0.07281399 20.14209 1.152502 0 0.0
0.01167564 -0.1073078 -7.439351 2.807545 0.570309 0.3918158 -0.02385591 19.242 1.493452 0 0.0
0.004001597 -0.03729714 -5.64624 1.496004 0.6903116 0.4853076 0.03457474 19.48358 1.157459 0 0.0
0.03137864 -0.003297115 -6.136768 2.119735 1.548908 1.905046 -0.263473 20.27156 nan 0 0.0
-0.04168912 -0.02894538 -7.564623 4.073167 2.483375 1.939278 0.007086054 20.73685 1.264746 0 0.0
0.004926035 0.02355468 -7.055935 -0.2713139 1.401772 1.113977 -0.02726621 18.70971 nan 0 0.0
0.06223564 0.08331544 -4.908989 3.842024 0.6008726 0.4432626 0.06425211 19.32222 nan 0 0.0
0.03072544 -0.1102297 -6.481733 5.475671 2.70854 3.067023 -0.08932231 20.69521 0.9129429 0 0.0
0.00966248 -0.02641979 -6.397407 3.547218 0.1745157 0.1949013 0.05391317 17.6186 1.376041 0 0.0
0.02599544 -0.01847862 -1.288663 3.03409 3.122587 1.658912 0.3435477 20.23345 nan 0 0.0
-0.03193121 -0.03911053 -9.75038 1.945071 2.504724 2.586685 0.03819194 20.7743 nan 0 0.0
0.04192739 -0.07892621 -1.065587 -0.7142499 0.6575413 0.4692305 -0.00566443 19.36399 1.359018 0 0.0
0.08220979 -0.03634918 -6.597023 3.254566 0.04395151 0.03987413 0.1102656 15.31685 0.8946772 1 0.9965016
0.02474451 -0.01957548 -6.890909 2.868857 0.5576895 0.3999738 0.07545211 19.27756 1.50346 0 0.0
0.03374392 -0.03898416 -5.588139 3.20047 0.5408634 0.4039794 0.0510454 19.15589 1.214046 0 0.0
-0.0557501 -0.07439409 -9.076757 -7.348078 0.9670591 0.6615223 0.1193333 18.28034 1.285851 0 0.0
-0.01583159 0.0138514 -8.506461 1.297636 1.258495 0.9400636 0.04496235 19.81076 nan 0 0.0
0.06445583 0.02348518 -6.242402 3.413431 0.04023806 0.03307287 0.003577051 14.75058 1.691962 1 0.9991176
-0.02606282 -0.05818975 -6.212947 4.5251 0.6358678 0.4812846 -0.06506607 19.4468 1.198557 0 0.0
0.07321277 -0.02774214 -10.71668 0.8998197 2.647039 2.477601 -0.03103149 20.67381 nan 0 0.0
0.07752835 0.09273177 -7.413274 3.284723 1.379971 0.7380031 -0.2151634 20.28386 1.588991 0 0.0
0.01540164 -0.0170778 -2.943463 7.919203 0.9819491 1.507721 0.4501877 19.33909 1.266914 0 0.0
-0.01639058 -0.06625777 -10.39685 4.011112 3.172493 1.910326 -0.1846758 20.83399 nan 0 0.0
0.1465964 0.008749121 3.732251 3.696649 4.073351 1.511072 -0.003577047 20.65839 1.408197 0 0.0
0.08846464 0.09011779 -7.319806 1.161451 1.432903 0.5883914 -0.1360907 20.02634 1.488171 0 0.0
0.06964441 -0.01352946 -6.365678 3.059774 0.3785304 0.2430173 -0.01591778 18.65672 1.210346 0 0.0
-0.01020422 0.002907308 -2.161803 6.202235 0.7645863 0.5515283 0.1665987 19.19736 nan 0 0.0
0.1423035 0.1208706 -3.017077 -0.2108755 3.0344 1.465149 -0.06816218 20.75419 1.13868 0 0.0
-0.09499289 -0.04337835 -5.204647 3.379728 0.6295195 0.5134472 0.03131964 19.35083 1.213812 0 0.0
-0.1141252 -0.06546353 -5.336627 1.313179 2.862137 1.463333 0.1259849 20.66574 0.9731007 0 0.0
0.08456104 0.03777549 -12.65873 -1.911278 0.4524937 0.3035522 0.02864772 18.9358 1.722488 0 0.0
-0.08936032 -0.0220172 0.9767912 2.440636 4.056879 2.399481 0.2235934 20.83039 0.8594952 0 0.0
-0.03664813 0.006115187 -8.647733 4.277792 1.563584 1.106418 0.1559626 20.32684 1.246784 0 0.0
0.00192181 0.03670833 -2.371994 2.671373 1.305982 1.058715 0.1475569 19.1654 1.338671 0 0.0
