data/gcs/NGC_362.ecsv
# %ECSV 0.9
# ---
# datatype:
# - {name: x, unit: deg, datatype: float64}
# - {name: y, unit: deg, datatype: float64}
# - {name: pmx, unit: mas / yr, datatype: float64}
# - {name: pmy, unit: mas / yr, datatype: float64}
# - {name: pmx_e, unit: mas / yr, datatype: float64}
# - {name: pmy_e, unit: mas / yr, datatype: float64}
# - {name: pm_corr, datatype: float64}
# - {name: g_mag, unit: mag, datatype: float64}
# - {name: bp_rp, unit: mag, datatype: float64}
# - {name: filter, datatype: int64}
# - {name: memberprob, datatype: float64}
# meta: !!omap
# - comments: [deg deg mas/yr mas/yr mas/yr mas/yr dimless mag   mag   zeroone float]
# - __serialized_columns__:
#     bp_rp:
#       __class__: astropy.units.quantity.Quantity
#       unit: &id001 !astropy.units.Unit {unit: mag}
#       value: !astropy.table.SerializedColumn {name: bp_rp}
#     g_mag:
#       __class__: astropy.units.quantity.Quantity
#       unit: *id001
#       value: !astropy.table.SerializedColumn {name: g_mag}
#     pmx:
#       __class__: astropy.units.quantity.Quantity
#       unit: !astropy.units.Unit {unit: mas / yr}
#       value: !astropy.table.SerializedColumn {name: pmx}
#     pmx_e:
#       __class__: astropy.units.quantity.Quantity
#       unit: !astropy.units.Unit {unit: mas / yr}
#       value: !astropy.table.SerializedColumn {name: pmx_e}
#     pmy:
#       __class__: astropy.units.quantity.Quantity
#       unit: !astropy.units.Unit {unit: mas / yr}
#       value: !astropy.table.SerializedColumn {name: pmy}
#     pmy_e:
#       __class__: astropy.units.quantity.Quantity
#       unit: !astropy.units.Unit {unit: mas / yr}
#       value: !astropy.table.SerializedColumn {name: pmy_e}
#     x:
#       __class__: astropy.units.quantity.Quantity
#       unit: &id002 !astropy.units.Unit {unit: deg}
#       value: !astropy.table.SerializedColumn {name: x}
#     y:
#       __class__: astropy.units.quantity.Quantity
#       unit: *id002
#       value: !astropy.table.SerializedColumn {name: y}
# schema: astropy-2.0
x y pmx pmy pmx_e pmy_e pm_corr g_mag bp_rp filter memberprob
[from data line 14133]
0.01638824 -0.01800407 6.254915 -1.910272 0.3223906 0.3083003 0.1928102 17.79305 0.7681065 0 0.0
0.0130692 -0.008358053 7.362805 -1.992541 0.09462302 0.08139338 -0.0008440682 15.13305 nan 0 0.0
0.04903838 -0.008017481 5.153761 -7.705374 2.188312 2.300692 -0.4660594 20.26068 nan 0 0.0
-0.1249492 -0.0221437 6.966675 -3.186151 1.959632 1.602748 0.1466469 20.63701 1.462145 0 0.0
-0.007600913 -0.03418071 5.241871 -2.735475 0.4992727 0.3206139 -0.2255156 18.06908 0.6377697 0 0.0
0.02623329 0.008009265 4.036745 -2.394294 2.562935 1.313553 -0.1512273 20.10817 nan 0 0.0
-0.05989735 0.05207268 3.662591 -3.315505 2.319433 1.155083 -0.03455962 20.25797 0.7887917 0 0.0
-0.09222282 -0.02757258 -1.511833 3.477139 3.296328 2.103769 -0.4460079 20.80179 0.5489731 0 0.0
0.08911047 0.008490866 8.216054 -3.968371 2.269002 1.434225 0.005476412 20.76146 0.5891151 0 0.0
0.03301982 -0.02590591 9.649066 -2.57052 1.010246 0.6011272 -0.01997632 19.45127 0.6303024 0 0.0
-0.03501927 0.03849811 7.213657 -3.649141 3.388408 1.446871 0.5206589 20.41394 0.4613914 0 0.0
-0.004289778 -0.06027987 8.359086 -2.889445 1.264547 0.7136077 -0.1291053 20.00344 0.5417309 0 0.0
0.01665337 0.01158251 6.871979 -2.353781 0.06844695 0.05596191 -0.1319997 15.60713 1.068288 1 0.9993766
0.03434843 -0.05370971 6.277435 -2.528682 0.7988534 0.5521972 0.04596278 19.66169 0.7575512 0 0.0
-0.03741301 0.002299855 1.859471 -2.345055 0.8826458 0.9599319 -0.3950755 19.59336 0.3307095 0 0.0
-0.03490252 -0.01765411 6.79153 -2.670458 0.7829314 0.6559877 -0.2559908 19.27014 nan 0 0.0
-0.01664636 0.08329882 8.362756 -1.348682 1.871738 2.373287 -0.625931 20.43876 nan 0 0.0
-0.03490925 -0.1241148 6.227352 -2.688157 0.6037149 0.3936833 -0.06623404 19.26593 0.7067947 0 0.0
0.03277552 -0.009952421 6.97858 -2.81303 0.3365017 0.2734852 -0.07167174 18.39453 0.6880093 0 0.0
0.0308977 -0.02558969 4.338161 -2.646228 0.444302 0.3618417 0.05543696 18.61835 0.6512833 0 0.0
-0.02414008 0.0249797 17.77717 4.327529 2.791861 1.04097 0.3772252 19.88143 nan 0 0.0
-0.08498183 -0.127326 1.298993 -0.9193419 2.436289 1.53496 0.3424808 20.61442 -0.1418228 0 0.0
-0.02044473 -0.01647432 18.27019 -4.505973 1.544072 1.741964 -0.6069376 18.82446 nan 0 0.0
0.07574982 -0.1043238 -0.001961048 -2.258763 1.690889 0.983594 -0.2504105 20.20172 0.9822216 0 0.0
-0.005434251 -0.00775178 8.474783 -1.987065 0.1181793 0.07850674 -0.1984169 15.30909 0.9344959 0 0.0
-0.01560646 0.05884746 1.047325 -4.882917 0.9970949 0.7489836 0.1046021 19.72892 nan 0 0.0
0.02508756 -0.03472153 6.50216 -2.37073 0.3585543 0.3291919 0.07258968 18.56645 0.6935043 0 0.0
-0.04893361 -0.02260467 6.819934 -2.41818 0.4792701 0.357909 -0.0906343 19.06076 0.5488129 0 0.0
0.07642561 -0.0350053 4.908135 -2.387798 0.7595445 0.4759424 -0.0126047 19.64995 0.6872597 0 0.0
0.0390482 -0.02532938 7.95933 -4.613572 0.5988967 0.4184075 -0.09895817 18.36615 0.6521301 0 0.0
-0.03619964 -0.02787221 6.944534 -3.589031 0.4425744 0.2831491 -0.2435478 18.52155 0.6727352 0 0.0
0.01365216 0.07815126 0.4310788 -0.7820722 1.137698 0.7535484 -0.1945505 19.96584 -0.03852081 0 0.0
0.1869077 -0.04941775 2.106069 -2.234508 2.685116 3.618295 0.1151753 20.84787 0.8985939 0 0.0
0.01675607 -0.01589103 6.700489 -2.446395 0.07532166 0.05838509 0.003870845 15.3525 0.7268887 1 0.9997462
-0.004872484 -0.06018845 7.13155 -1.127288 1.43747 0.81237 -0.191333 19.89561 0.6582108 0 0.0
-0.006950609 -0.04937822 4.748082 -1.316634 1.084845 0.5932093 -0.09075051 19.81792 0.5177498 0 0.0
-0.00564094 0.002029047 3.627035 -4.536859 0.8259288 0.4854049 0.07667636 14.98248 0.7650738 0 0.0
-0.02009256 -0.01632137 7.161457 -3.206538 0.4081144 0.3366785 -0.2491106 18.0293 0.6575794 0 0.0
0.02604603 -0.03406663 6.341945 -6.933883 3.410819 2.52489 0.3920631 20.48682 1.235239 0 0.0
-0.006632069 -0.03408118 9.526357 -6.345316 1.708729 1.229785 -0.1069206 19.83723 nan 0 0.0
-0.02058764 0.05782061 6.884791 -2.990372 0.3930934 0.2757554 -0.06472881 18.61352 0.5962524 0 0.0
0.03824396 0.006425785 10.16196 -0.6042795 2.185515 1.573819 -0.2473964 20.01892 nan 0 0.0
0.1073602 0.1234536 4.817977 -15.33332 1.184655 0.8949432 -0.1437149 20.13695 2.500441 0 0.0
-0.04858113 -0.05754653 5.659994 -1.68149 1.024288 0.6320819 -0.1101119 19.81085 0.712759 0 0.0
0.04596828 -0.03590329 6.692247 -2.668467 0.4298767 0.2701609 -0.2449662 18.55667 0.7221889 1 0.9981717
0.02071894 -0.02607238 1.320548 -2.959178 3.079494 2.18582 -0.1549805 20.16916 nan 0 0.0
0.03739873 -0.05643129 7.893947 -2.102262 0.8168802 0.588327 0.02889494 19.76152 0.689518 0 0.0
0.03605684 -0.02842126 4.446926 12.52539 2.502418 1.716482 -0.1261547 20.32209 0.238699 0 0.0
-0.01543577 0.02970331 6.406999 -2.575032 0.4825496 0.2796338 0.2497643 18.48176 0.5967999 0 0.0
0.0007169725 -0.000335279 0.7296365 4.816731 0.7901988 1.070154 -0.5087636 14.4226 nan 0 0.0
0.03794818 0.005762593 2.330583 -0.4723691 1.006025 0.6869372 -0.1263863 19.82628 nan 0 0.0
0.1072953 -0.05129972 0.4424308 -1.278811 0.3566513 0.2319583 -0.02151304 18.5422 1.169207 1 0.0
-0.04054009 0.005742224 6.53284 -2.835365 0.8047069 1.046375 -0.2270075 19.50262 0.6107178 0 0.0
0.1067615 0.1583999 5.997866 -2.835731 0.8459531 0.7225545 -0.01615717 20.13013 0.9226151 1 0.8944117
0.00432413 0.01290126 6.619345 -2.365197 0.1417214 0.1053584 -0.13682 16.21078 0.8932753 0 0.0
0.1034306 0.06072944 1.204383 -1.30535 0.6155088 0.2916618 -0.1681709 18.80951 1.032295 1 0.0
0.001215647 0.05546608 5.779343 -1.654685 3.000329 2.859455 0.02376806 20.80297 0.4930935 0 0.0
0.01171625 -0.06448666 6.735189 -3.365083 0.7345546 0.4316129 -0.140906 19.34583 0.4657478 0 0.0
-0.01271386 -0.1182897 2.738518 -2.588219 1.613875 0.9156797 -0.3030218 20.16282 0.8169384 0 0.0
0.01142979 0.03146077 5.770759 -2.467369 0.2843411 0.1888772 -0.2381131 17.70359 0.9228401 0 0.0
-0.04292731 0.03942107 7.239223 -2.120034 0.9528971 0.552251 0.3854809 19.48197 0.709837 0 0.0
0.01830326 0.04988063 -2.047508 0.4285267 0.8310744 0.6522495 -0.1231359 19.15951 0.7091866 0 0.0
-0.002854256 -0.006110923 6.750918 -0.8643322 0.2386199 0.1497637 -0.3467665 14.53192 0.9772253 0 0.0
-0.006616655 0.06170586 6.655401 -2.47215 0.598244 0.4073162 0.02990058 19.30342 0.5097694 0 0.0
0.01719048 -0.05321441 4.647201 2.459945 0.8659708 0.6138287 -0.02825104 18.988 0.6563663 0 0.0
0.06866499 -0.08774213 3.156974 -1.365737 1.064975 0.5317582 -0.03972332 19.79256 0.634325 0 0.0
0.1135505 -0.02740835 6.433061 -2.375454 1.09862 0.6323409 -0.06255121 20.01075 0.5062408 0 0.0
0.001341742 -0.07480581 1.112696 -0.4920231 1.134715 0.6186977 -0.05468734 19.88222 0.02443504 0 0.0
-0.1543679 0.1042021 6.731535 -2.115838 1.129432 1.207998 -0.05759478 20.2434 1.014236 1 0.8717732
-0.02205097 0.1186558 0.3568144 -0.9327097 0.2094575 0.1615937 -0.04006719 17.72872 0.07999039 1 0.0
0.01773269 -0.03622422 5.760281 -3.359512 0.7225683 0.540395 0.05109743 19.4675 0.6704655 0 0.0
0.07132758 -0.03209478 6.558111 -2.003843 0.7164661 0.4703287 -0.04922754 19.58278 0.5736599 0 0.0
0.05821175 -0.06224928 28.1219 -9.164024 3.654749 2.265738 -0.005288893 20.80131 0.7961636 0 0.0
0.03141076 0.02970742 9.588033 -8.463996 2.688827 2.066133 -0.1801569 20.54195 1.03463 0 0.0
-0.007085118 0.06404792 6.829035 -2.091593 1.004927 0.7044627 0.01251188 19.99761 0.4426785 0 0.0
-0.03045534 -0.01834871 7.13434 -3.093455 0.4168803 0.3690739 -0.2301537 18.72885 0.661272 0 0.0
0.01966427 0.02448108 10.50723 -2.017251 1.599738 1.29891 -0.5304795 19.52111 nan 0 0.0
0.1153276 0.1246148 5.876945 -0.5765518 3.927813 1.613433 0.3711798 20.79467 1.020779 0 0.0
0.005749336 0.04789693 6.842334 -3.214133 0.3904839 0.2722703 -0.1607536 18.62089 0.580471 0 0.0
0.1030604 -0.03662101 6.49177 -2.557682 0.2531045 0.1845454 -0.0001810693 18.03333 0.8732185 1 0.9977592
-0.0390693 -0.04902636 8.694047 -4.092584 1.563509 0.7980894 -0.2915234 20.00633 0.3862362 0 0.0
-0.03771405 0.01040172 6.961323 -2.668444 0.2851023 0.2456623 0.01296867 18.28264 0.698595 0 0.0
0.0288127 0.02117405 6.548474 -2.514501 0.1693205 0.1264372 -0.1402435 17.32179 0.9659328 1 0.9994265
-0.01020401 -0.0212882 3.294018 -2.075162 1.056364 0.5139292 -0.200191 18.77946 0.741209 0 0.0
-0.05712334 -0.05796601 9.598798 -7.395233 2.587852 2.441045 -0.234208 20.31841 0.9793415 0 0.0
0.01651543 -0.02744937 1.247895 -0.6467676 0.816583 0.5654467 0.1721796 18.65034 0.7041473 0 0.0
-0.007893678 -0.03392143 12.35599 -2.748708 1.920871 0.9579085 -0.04757348 19.83899 nan 0 0.0
0.02287958 -0.1128438 6.558067 -0.531788 2.703667 1.538948 -0.03726248 20.61173 0.8492088 0 0.0
0.009393709 0.03922093 6.158583 -2.549671 0.2356437 0.1580765 -0.2408002 17.52956 0.9189663 0 0.0
-0.06707446 0.09247819 6.703375 -2.398457 0.03301629 0.02674914 -0.09948269 13.38552 1.401831 1 0.9995529
-0.03277632 -0.0285758 9.934253 -7.624458 2.434622 2.750031 -0.2704686 20.52495 nan 0 0.0
0.09149323 0.1577582 0.8507432 -1.332878 0.5403015 0.4263989 -0.0583809 19.33271 1.015697 0 0.0
0.0445379 0.07420002 6.7283 -2.527532 0.06494746 0.04276441 -0.1428193 15.38656 0.7155514 1 0.9997255
-0.009459937 0.03487977 0.1184374 -2.608358 3.698866 0.9747111 0.3235851 19.92102 nan 0 0.0
0.03092359 -0.02581861 15.6833 -5.401079 1.579358 0.6131604 -0.08736028 19.28362 nan 0 0.0
-0.1348656 -0.1109632 8.272281 -2.613829 0.6463307 0.425401 -0.09811066 19.40796 0.6093578 1 0.9444031
0.01856174 0.02430666 3.706049 -1.333316 0.5934886 0.3526607 -0.2674964 17.74805 0.6825733 0 0.0
0.110012 -0.03501033 14.74365 2.119013 4.035365 4.148021 0.07265527 20.86348 0.8583889 0 0.0
-0.04143146 -0.1818055 0.3394135 -0.6817024 0.4810783 0.3065926 -0.06097766 18.96042 0.8895416 1 0.0
-0.0172295 -0.05242098 6.287746 -2.316437 0.4916336 0.2935969 -0.2278009 18.55595 0.6450176 0 0.0
-0.1784529 0.08250888 0.1782528 -0.7501367 0.4251774 0.3330063 -0.06438874 18.99596 1.014385 1 0.0
0.00674326 -0.01490855 9.851166 -1.993913 0.3390037 0.2647743 0.1278287 18.04487 0.7157936 0 0.0
-0.01298101 0.05615617 1.015102 -1.444754 0.3948844 0.2941387 -0.05113518 18.70122 0.9732628 0 0.0
-0.01376157 0.03560206 5.329373 -3.771551 3.206753 1.044044 0.4422485 19.98382 nan 0 0.0
0.0774192 0.002985525 -0.3270147 -0.9602809 2.970181 3.205704 -0.1287686 20.78887 1.167492 0 0.0
0.006380272 0.04762208 7.449686 -1.552478 0.3585928 0.2917931 -0.1002603 18.06112 0.8089523 0 0.0
0.03132285 -0.02587265 4.884321 -3.729509 1.557353 1.471067 -0.09677099 19.78387 nan 0 0.0
-0.001929285 0.1524431 0.7442998 -5.625477 0.4329668 0.3650564 -0.01586331 19.12151 1.065239 1 0.0
0.02894285 -0.002179743 9.994429 1.848065 0.5743737 0.5350522 -0.2492501 17.43291 0.8711624 0 0.0
-0.01951226 0.05586093 6.410137 -2.171798 0.2528156 0.1871869 -0.03947456 18.14061 0.740612 1 0.9949004
0.01836312 -0.02554364 -0.922145 -4.993247 2.441412 1.21822 0.01160062 20.06014 nan 0 0.0
-0.0206657 -0.05613978 2.559765 -2.491784 1.307932 0.7599873 -0.1590771 20.02707 0.4442139 0 0.0
0.1621301 0.03538237 4.887334 -2.812075 1.378784 0.9515109 -0.185188 20.18274 0.8977413 0 0.0
-0.01695638 -0.02214731 6.818087 -2.162612 0.4096113 0.2883494 -0.1516029 18.51662 0.6428318 0 0.0
0.01877492 -0.03847585 8.640069 -1.460621 0.155564 0.1157594 -0.03045225 14.80316 0.9703693 0 0.0
-0.01413436 0.05833739 6.109999 -2.087607 2.154529 1.957493 -0.08210176 20.58548 0.2914829 0 0.0
-0.04420758 0.09457126 4.783219 -1.38826 2.838422 2.388689 -0.5237566 20.64809 0.6436234 0 0.0
0.1561625 -0.01834361 1.255902 -0.8322494 1.039246 0.6573734 0.1068118 19.89503 0.1110325 1 0.0
0.1594892 0.06132154 7.159128 -1.158391 0.6505831 0.4795429 -0.1774211 19.08966 1.042448 0 0.0
0.01471081 -0.04295851 6.345573 -3.086693 0.2723392 0.1922668 0.08101199 17.98578 0.8383274 0 0.0
-0.06139812 -0.04358205 7.546686 -2.017434 0.9758716 0.6476491 -0.02593328 19.96756 0.7844982 0 0.0
-0.02298598 -0.01892613 8.499622 -1.685718 0.3929481 0.2879645 -0.05964888 18.5664 0.620451 0 0.0
-0.110217 -0.04274016 -1.190108 -0.4008294 0.7977918 0.5242975 -0.1300957 19.71323 0.07334328 1 0.0
-0.04519788 0.03301498 8.904001 -0.3797712 1.430159 0.8663837 0.3311618 19.82723 nan 0 0.0
0.04486065 -0.02255691 8.179454 -3.30889 2.007011 1.65411 -0.3319259 20.48696 0.8454666 0 0.0
-0.006884087 0.01458664 7.697202 -2.865037 0.1388415 0.09199053 -0.06059855 15.22529 0.8714533 0 0.0
0.01301165 -0.009792342 5.601168 -2.670105 0.4812481 0.3406724 0.2026837 17.89987 nan 0 0.0
-0.004811169 -0.008056795 7.337519 -1.171969 0.2943099 0.2016614 -0.2873637 15.18822 0.8086014 0 0.0
-0.02318822 0.02565985 7.229453 -2.871014 1.574383 1.135734 0.5528254 19.95624 1.333363 0 0.0
0.1599557 0.06337018 1.169161 -1.392987 0.5315317 0.3917142 -0.1008911 19.19185 1.197218 1 0.0
0.01675344 -0.02531334 10.87289 -3.004381 1.813305 1.045251 -0.08257199 19.5928 nan 0 0.0
-0.04842895 0.02022811 7.440048 0.5030649 0.896444 0.7177169 0.2714438 19.14562 nan 0 0.0
-0.02837281 -0.06187135 7.323499 -1.839016 0.313635 0.2020705 -0.1477961 18.09306 0.7366543 0 0.0
0.08407906 -0.01400942 9.080586 -2.000726 0.8274433 0.555319 0.0001879701 19.75388 0.7863941 1 0.9352854
-0.01845427 -0.01143697 9.117002 -0.7260648 0.8663284 0.9557349 -0.5568497 18.7569 nan 0 0.0
-0.1728257 0.09058476 6.56651 0.8140929 0.6663129 0.4941606 -0.08400926 19.67216 0.9713135 1 2.107789e-06
0.01215995 0.03146797 4.318237 -1.981196 0.757024 0.4590257 -0.3422736 19.07402 nan 0 0.0
0.01294086 -0.009494749 5.552317 3.07573 0.8484471 0.987826 -0.07474784 17.96103 nan 0 0.0
0.02360282 0.03604297 7.561478 -2.163688 3.917939 2.3379 -0.2523205 20.85671 nan 0 0.0
-0.09308678 -0.02663056 6.682056 -3.293058 1.194397 0.8887143 0.07241547 20.26373 0.6953964 0 0.0
-0.03855036 0.03477608 6.923779 -2.661434 1.119956 0.6554673 0.3392249 19.51452 0.7402515 0 0.0
-0.06125235 -0.1019696 18.28314 -4.08375 3.75934 1.899849 0.2694587 20.70554 1.012901 0 0.0
-0.1502832 0.007405862 7.362901 0.4466994 2.61035 2.183116 -0.4191949 20.71677 0.8367519 0 0.0
-0.04846781 0.01856481 5.525235 -3.677678 1.079753 0.8896804 0.3558788 19.83729 0.8623428 0 0.0
0.03903371 0.02325473 8.031776 -1.404548 1.959309 2.065118 -0.6329261 20.35905 0.5870438 0 0.0
0.03097007 0.06781697 12.52402 -4.992804 3.715578 3.682294 -0.1888414 20.81092 0.8680954 0 0.0
-0.02480269 -0.06441479 6.914191 -2.542588 0.3075157 0.1887452 -0.1301534 17.99591 0.8407745 1 0.9988929
-0.004647535 -0.001640435 6.658064 -2.62089 0.08024303 0.06381641 0.1995735 12.53368 1.35365 0 0.0
0.0107989 -0.02289069 18.38708 -1.51268 1.599258 0.6734239 -0.0114055 19.18768 nan 0 0.0
-0.005813871 -0.1291583 1.993395 -2.347766 2.670773 1.524131 -0.01622986 20.70779 1.06418 0 0.0
-0.1241122 -0.04392843 6.876898 -1.969588 0.613239 0.3786685 -0.1330635 19.25301 0.6374969 1 0.9760999
-0.02584096 0.003126962 5.024262 -3.674032 1.015262 1.113788 0.06801846 18.85387 nan 0 0.0
0.02378185 0.04503019 6.471023 -1.835707 0.7577597 0.6670842 -0.1771713 19.51838 0.6732502 0 0.0
-0.1209115 0.1030666 0.4726002 -1.242742 1.10474 0.919059 0.09185637 20.26883 1.062675 0 0.0
-0.1713505 0.0837918 -0.1411191 -1.325019 0.5743103 0.4341792 -0.05757073 19.34696 0.9299183 1 0.0
0.006695419 0.03440787 6.670293 -1.974469 0.2223091 0.1528694 -0.2604877 17.33458 0.3557835 0 0.0
-0.05282976 -0.01769367 6.992724 -7.67335 1.461851 1.088798 -0.1607942 18.88932 0.6399975 0 0.0
0.008228721 -0.02449163 7.84195 0.5931412 2.573839 1.238252 -0.1488459 19.79043 nan 0 0.0
0.03509492 0.02642063 6.179045 -3.721983 2.203423 1.427597 -0.2750248 20.40928 0.5533772 0 0.0
0.01411859 -0.008175665 0.05629532 -2.32651 0.2797477 0.2477865 0.09676239 17.16022 nan 0 0.0
0.03206814 -0.1173579 4.83376 -0.3302719 2.874449 1.79554 0.09802992 20.74422 0.4387569 0 0.0
0.007527573 0.04777427 6.517273 -3.252362 0.5960035 0.4441043 -0.1179098 19.15738 0.6512127 0 0.0
0.019578 -0.0090653 4.193439 -3.236955 1.310743 0.9329188 0.1479882 18.94706 nan 0 0.0
-0.007641067 -0.03453931 2.65658 8.747677 1.563669 0.8124873 -0.4261984 18.24877 nan 0 0.0
0.0264017 0.0221921 5.411889 -0.7336395 0.7496261 0.4292862 -0.3925018 18.93702 nan 0 0.0
0.05556141 0.0405648 8.381354 -2.500551 0.7075011 0.4266091 -0.1053415 19.45362 0.6886234 0 0.0
