data/gcs/NGC_6325.ecsv
# %ECSV 0.9
# ---
# datatype:
# - {name: x, unit: deg, datatype: float64}
# - {name: y, unit: deg, datatype: float64}
# - {name: pmx, unit: mas / yr, datatype: float64}
# - {name: pmy, unit: mas / yr, datatype: float64}
# - {name: pmx_e, unit: mas / yr, datatype: float64}
# - {name: pmy_e, unit: mas / yr, datatype: float64}
# - {name: pm_corr, datatype: float64}
# - {name: g_mag, unit: mag, datatype: float64}
# - {name: bp_rp, unit: mag, datatype: float64}
# - {name: filter, datatype: int64}
# - {name: memberprob, datatype: float64}
# meta: !!omap
# - comments: [deg deg mas/yr mas/yr mas/yr mas/yr dimless mag   mag   zeroone float]
# - __serialized_columns__:
#     bp_rp:
#       __class__: astropy.units.quantity.Quantity
#       unit: &id001 !astropy.units.Unit {unit: mag}
#       value: !astropy.table.SerializedColumn {name: bp_rp}
#     g_mag:
#       __class__: astropy.units.quantity.Quantity
#       unit: *id001
#       value: !astropy.table.SerializedColumn {name: g_mag}
#     pmx:
#       __class__: astropy.units.quantity.Quantity
#       unit: !astropy.units.Unit {unit: mas / yr}
#       value: !astropy.table.SerializedColumn {name: pmx}
#     pmx_e:
#       __class__: astropy.units.quantity.Quantity
#       unit: !astropy.units.Unit {unit: mas / yr}
#       value: !astropy.table.SerializedColumn {name: pmx_e}
#     pmy:
#       __class__: astropy.units.quantity.Quantity
#       unit: !astropy.units.Unit {unit: mas / yr}
#       value: !astropy.table.SerializedColumn {name: pmy}
#     pmy_e:
#       __class__: astropy.units.quantity.Quantity
#       unit: !astropy.units.Unit {unit: mas / yr}
#       value: !astropy.table.SerializedColumn {name: pmy_e}
#     x:
#       __class__: astropy.units.quantity.Quantity
#       unit: &id002 !astropy.units.Unit {unit: deg}
#       value: !astropy.table.SerializedColumn {name: x}
#     y:
#       __class__: astropy.units.quantity.Quantity
#       unit: *id002
#       value: !astropy.table.SerializedColumn {name: y}
# schema: astropy-2.0
x y pmx pmy pmx_e pmy_e pm_corr g_mag bp_rp filter memberprob
[from data line 1008]
0.002515932 0.01301307 -4.695297 -2.176684 1.618993 1.125874 0.4346653 19.72037 1.795019 0 0.0
0.03125121 -0.01699326 -3.181919 -4.860477 0.2473763 0.1711859 0.1226998 16.85022 2.815438 1 0.0
0.0005327772 0.02512475 -5.801223 -5.582273 2.098937 1.321721 0.4783531 20.03135 2.034864 0 0.0
0.03659487 0.01783926 -5.791802 -0.7985815 2.093658 1.391692 0.4611194 19.94547 1.518291 0 0.0
0.0086042 -0.002186854 -23.31909 -15.39015 2.674958 1.92994 0.4668396 19.44635 nan 0 0.0
-0.02868311 0.006173993 -2.574656 -3.019501 0.1945303 0.1317438 0.09575727 16.98714 2.505645 1 0.0
-0.008210418 0.01759238 -2.126315 -7.510757 0.4031076 0.2718816 0.06713683 18.12137 2.172146 0 0.0
0.04145377 0.01303701 -5.749065 -4.442131 2.685708 1.828715 0.3327149 20.29795 nan 0 0.0
-0.0366602 -0.0334322 -1.740733 -4.532057 2.261382 1.510554 -0.1115564 20.24656 2.29162 1 0.0001209283
0.01371564 0.001596888 -7.546987 -8.752919 0.5193392 0.3402373 0.1561338 18.31481 1.995008 0 0.0
-0.01271032 0.04443222 -7.338981 -1.43136 0.6029975 0.4023418 0.0491254 18.81818 2.091913 1 0.0
-0.02522236 0.02006402 -8.856925 -9.820878 2.686274 1.764263 0.2123388 20.62225 1.355011 0 0.0
-0.01639223 -0.00368487 7.392898 1.444655 1.191597 0.8583863 0.3593924 19.327 2.020485 0 0.0
0.01693064 0.02501493 -10.27128 -9.320571 1.667293 1.180856 0.1384877 19.96308 1.305502 0 0.0
-0.01812019 -0.02972613 -4.271914 -4.866799 1.845585 1.239873 0.2984639 19.90888 1.921917 0 0.0
0.02736647 -0.03137188 -1.60214 -4.123289 2.11535 1.315018 0.3401138 20.07086 1.666302 0 0.0
-0.01719883 -0.02889822 -4.269523 -6.178068 1.607487 1.090901 0.3337401 19.91562 0.9859581 0 0.0
0.004413665 -0.03626715 -5.075724 -8.267553 0.1669528 0.1150068 0.1740122 16.5142 2.283371 1 0.0
0.02472061 0.004477266 -3.224597 -8.15817 3.261475 2.045805 0.4557056 20.2758 1.886436 0 0.0
0.01846897 0.03848251 -2.249487 -1.314753 0.2251186 0.1576519 0.1910678 16.95884 2.227473 1 0.0
0.0130404 -0.04744097 0.6387495 -4.050389 0.1689153 0.1157419 0.1728579 16.66592 2.278807 1 0.0
0.001537736 -0.03434447 -8.061212 -8.337147 0.5716935 0.3764727 0.2540271 18.67916 1.315695 1 0.9691474
-0.002540295 0.03628081 -2.946293 1.487303 0.2186293 0.1493454 0.05727012 12.98635 3.738576 1 0.0
0.02603352 0.005344854 1.392306 -5.563199 2.727708 1.74002 0.07467332 20.32048 1.878071 1 0.004456144
-0.008910195 0.03868188 -6.576665 -5.196458 0.128382 0.08981298 -0.007630994 15.19368 2.470736 1 0.0
0.02002169 -0.03818168 -5.149124 -4.6107 1.251718 0.8526714 0.3975097 19.38854 1.860336 0 0.0
-0.01184108 0.01012101 0.5160326 -9.678402 1.251561 0.946617 0.3403757 19.60584 1.432405 0 0.0
-0.0406271 -0.02732795 -6.269543 -6.411183 0.1694715 0.1212215 0.2309646 16.43922 2.692734 1 0.0
0.03885533 0.01060212 2.466403 -4.231079 2.860459 1.716325 0.3469041 20.25235 1.423952 0 0.0
0.01159245 -0.004142118 -14.08979 -8.363612 2.98813 1.808919 0.2791349 20.46133 nan 0 0.0
-0.001394966 0.04612084 -5.62504 -2.905637 0.9525532 0.6860304 0.3145918 19.24296 2.054831 1 0.0
-0.004996679 -0.01869858 -8.728023 -7.845927 0.8372113 0.5756063 0.338278 18.9915 1.950502 0 0.0
-0.0004167793 -0.04821279 -5.403299 -9.646765 2.479903 1.586601 0.2577219 20.34485 1.238407 0 0.0
-0.01050044 0.01121785 -13.41636 -5.188187 3.532544 2.001501 0.5315077 20.46114 nan 0 0.0
0.009303952 0.01911055 -3.037648 -4.97278 3.237921 1.836062 0.3556221 20.41758 nan 0 0.0
0.001900511 -0.04899863 -5.745274 -5.205583 0.6674575 0.4443776 0.3146261 18.68497 2.151449 1 0.0
0.003827353 -0.03467259 -8.786677 -9.029681 0.1171777 0.08048809 0.1921069 15.56151 2.498268 1 0.9969614
0.03389932 -0.03561345 -9.386591 -3.233913 3.086984 1.770765 0.1974618 20.54636 1.920805 0 0.0
-0.006030676 -0.002562457 -7.602415 -9.642656 0.3808609 0.252261 0.2125836 17.91491 2.060087 0 0.0
0.0009516988 0.01088258 -8.454525 -7.762294 0.7239721 0.5026496 0.3232742 18.84967 2.33029 0 0.0
0.008659861 -0.005162321 -5.446432 -11.30922 2.908309 1.790777 0.5076373 20.12641 nan 0 0.0
-0.006588367 -0.02015777 -6.016875 -7.972446 1.096805 0.7493555 0.4577899 19.38066 1.936754 0 0.0
0.02380105 0.01628393 -6.411242 -4.127082 0.6622784 0.3805609 0.3095984 18.39381 2.221626 0 0.0
0.00109087 -0.04738882 6.459796 -7.792377 3.317921 2.218412 0.3303426 20.40043 nan 0 0.0
-0.0172322 0.01218225 -1.138498 -4.43101 2.258258 1.501234 0.058526 20.17903 1.5742 0 0.0
-0.002931141 0.02390211 -8.785906 -8.378448 1.139786 0.8135888 0.3684643 19.36353 2.023403 0 0.0
0.01002831 -0.005801381 -1.963781 -5.465269 0.9540858 0.7017582 0.3950522 18.88009 1.970356 0 0.0
0.002376355 0.01772041 -6.864027 -9.687118 1.127539 0.7995518 0.4238207 19.10523 1.917852 0 0.0
0.0007560483 -0.01090315 -8.366817 -8.883655 0.388959 0.2523163 0.192024 17.95666 2.047266 0 0.0
-0.04021994 0.01049681 -1.621514 1.419624 3.312098 2.012898 0.3116544 20.66384 nan 0 0.0
-0.02770684 0.01236355 -7.924388 -9.107784 0.3714912 0.2579398 0.1606596 18.06266 2.624937 1 0.9940102
0.01575424 -0.0008218613 -5.305564 -6.338616 0.8899471 0.6028482 0.1755689 18.99287 2.161797 0 0.0
-0.02781527 -0.003053571 1.774712 -1.91888 2.88429 1.7862 0.5592796 20.07879 1.780331 0 0.0
0.001900975 -0.01725654 -2.988886 -4.01884 0.4932084 0.3305557 0.2393137 18.13196 2.133591 0 0.0
-0.0165913 0.02430926 -8.360509 -2.519385 3.716506 2.195884 0.4632967 20.64972 1.259203 0 0.0
0.01011542 0.03700142 -3.739027 -3.863914 0.3671323 0.2654199 0.2343627 17.71847 2.358608 1 0.0
-0.006756702 -0.005087822 -4.702992 -4.892135 2.644901 1.942712 0.4314894 19.97358 nan 0 0.0
0.0004767588 -0.01534728 -8.95821 -8.756383 1.003385 0.734682 0.403198 19.17374 nan 0 0.0
-0.02374185 0.02003378 5.229665 -3.961563 3.136307 1.907299 0.4833345 20.45892 nan 0 0.0
-0.01683529 -0.03307145 3.121622 -7.954086 1.92685 1.220755 0.1494999 19.94626 nan 0 0.0
-0.0003051634 -0.02209929 -6.343783 -2.361811 1.001583 0.7156115 0.4358617 19.11526 1.875961 0 0.0
-0.03689111 -0.006878155 -6.442804 -8.429424 0.4125043 0.3013004 0.2660141 17.16889 2.232707 0 0.0
0.02733844 -0.03187923 -5.324588 -3.961557 3.227542 1.774993 0.3097671 20.50092 nan 0 0.0
-0.001422847 0.04082795 -4.602579 0.9169743 4.239457 2.965021 0.1918444 20.47237 nan 0 0.0
-0.02452094 0.003763955 -8.498799 -9.794506 0.3570095 0.2498007 0.2013112 17.76526 1.496136 1 0.9752303
-0.01999369 -0.01259841 -2.887265 -6.978596 2.337082 1.515273 0.5794808 19.8747 nan 0 0.0
-0.0002214105 -0.009308609 -9.400144 -9.012231 0.2914706 0.1620694 0.3728386 16.78752 2.262987 1 0.9927716
-0.002372849 0.04609412 -6.82863 0.8548188 0.8901771 0.6429092 0.3365687 19.16637 1.856188 0 0.0
-0.00625408 -0.003170911 -9.196795 -9.846925 0.8000076 0.5521493 0.05642008 18.94239 nan 0 0.0
0.0005046977 -0.01211623 -4.280129 -4.642045 3.494482 1.866222 0.4483114 20.46173 2.303444 0 0.0
-0.00893668 0.01750078 0.2491523 -3.016259 0.2556992 0.1855259 0.2013631 17.31654 2.217381 1 0.0
-0.004578821 0.01047433 -9.822361 -14.07582 2.885566 1.719517 0.5193075 20.20588 1.507248 0 0.0
0.002431716 -0.009381111 -1.063979 -7.005218 3.53397 2.897498 -0.137571 20.34865 nan 0 0.0
0.00570148 0.04156216 -5.244012 -6.368965 0.6921887 0.4751027 0.08889148 18.98673 2.11281 1 0.0
-0.001505834 -0.03077583 -7.478328 -8.759334 0.6508961 0.4307393 0.1962198 18.74985 2.027256 1 0.9725652
0.01377104 -0.002723263 3.966862 8.079093 2.317929 1.76104 0.3432608 19.69401 1.742411 0 0.0
0.04284662 0.001586741 -2.710452 -6.144713 0.4031942 0.277391 0.1399985 17.82657 2.264288 1 0.0
-0.001394405 -0.006256859 -8.765273 -9.40403 0.4601872 0.2743998 0.489735 17.5106 2.242851 0 0.0
-0.004130998 -0.01826749 -10.32714 -9.080942 2.439365 1.538279 0.6040559 20.16139 0.4592533 0 0.0
0.003885039 0.02701679 -8.509314 -8.908984 0.1105638 0.0787534 -0.01574151 14.73772 2.501449 1 0.999595
-0.002874582 -0.00733835 -8.880846 -10.1054 0.5131454 0.3499866 0.6050729 17.37918 1.88817 0 0.0
-0.004410855 -0.0005844711 -9.270304 -12.44499 1.167599 0.7951729 0.1979139 18.41337 nan 0 0.0
-0.04692359 0.01049075 -3.303789 0.3302312 2.345753 1.452753 0.5914084 20.05538 1.778366 0 0.0
-0.003489576 0.01415364 -3.777278 -9.156814 0.7627611 0.5176868 0.03594454 18.72478 2.08956 0 0.0
-0.001980577 -0.02741508 0.06798362 -3.978346 0.11907 0.08158287 0.1692665 15.71068 2.577739 1 0.0
0.04617206 0.006579043 -2.045657 -2.584811 0.8165054 0.5753363 0.085511 18.29848 2.06867 0 0.0
-0.03446707 0.01466983 -6.409224 -6.601104 0.3612153 0.2496629 0.1795261 17.92672 2.219265 1 0.0
-0.004327886 0.0240642 -9.885684 -8.914939 0.7221552 0.4968294 0.1095278 18.90132 1.830326 0 0.0
-0.03792648 6.429678e-05 -5.990491 -4.944424 2.422492 1.621708 0.001585025 20.33318 nan 0 0.0
-0.02072205 0.001616941 -2.086238 -6.682933 0.325662 0.3346792 -0.3772879 16.67307 nan 0 0.0
-0.00452232 -0.007851473 -10.13387 -6.503094 0.7769926 0.5306453 -0.09602526 18.44193 2.21693 0 0.0
-0.004466681 -0.001538147 -8.760549 -9.524322 0.4090807 0.2920562 0.08363038 17.64374 nan 0 0.0
0.04036338 0.009737636 -6.104618 -8.857461 2.26862 1.461121 0.08918783 20.15438 0.8512077 0 0.0
-0.0040751 -0.01975331 -6.010853 -5.327844 0.430922 0.3196426 0.4624354 17.80337 nan 0 0.0
0.03178894 0.01219668 -2.30394 -7.088111 1.707442 1.20962 0.3314171 19.77866 1.739206 0 0.0
-0.03244925 -0.012023 -4.639524 -2.370341 2.64026 1.747752 0.2771378 20.54098 1.75153 0 0.0
-0.01306683 -0.02229259 -0.05030075 -6.023869 0.3806448 0.2521531 0.4565405 17.65291 2.345545 1 0.0
-0.002344468 0.02151412 -15.38145 -15.41914 3.565951 2.154416 0.4709837 20.45829 nan 0 0.0
-0.006226877 0.01200968 -6.795206 -8.507149 0.4707963 0.3189965 0.004146525 18.24595 2.096487 0 0.0
0.007515392 0.005253781 -10.79506 -6.347841 3.297374 2.193934 0.1750392 20.31674 1.924562 0 0.0
-0.006449662 -0.001563026 -8.538931 -9.460302 0.2354193 0.158995 0.1444106 16.81191 2.248225 0 0.0
-0.02851301 -0.005273876 -1.244129 -2.95667 2.776244 1.869648 0.6411905 20.06343 nan 0 0.0
-0.005836639 0.03015239 0.8044636 -3.122735 0.6025583 0.4098493 0.09000061 18.73683 2.050833 1 0.0
-0.02831759 -0.004899993 -9.867125 -5.663529 1.870334 1.314554 0.3137151 20.12866 nan 0 0.0
-0.004745697 -0.009140849 -11.1666 -10.08107 0.5780501 0.3780283 0.5919375 17.46431 2.125362 0 0.0
-0.006254903 0.01396662 -9.60285 -9.502058 0.602162 0.4084419 0.09431531 18.4499 2.012861 0 0.0
0.01324024 -0.004176608 -5.692449 -9.92396 1.57939 1.069109 0.3928462 19.7599 nan 0 0.0
-0.03078202 0.02346935 -1.887029 -6.901395 2.679568 1.669137 0.6484286 20.20913 nan 0 0.0
0.02968699 -0.01858171 0.2840911 -3.562229 2.426769 1.543661 0.4885774 20.14885 nan 0 0.0
0.01653621 -0.001212965 -8.1312 -8.853418 0.7134941 0.4776898 0.2218203 18.9281 1.937687 0 0.0
-0.005444172 -0.002379325 -8.723634 -9.121457 0.2051497 0.1435479 0.06730712 16.71906 2.268995 1 0.9996593
-0.04216733 -0.0136909 -1.425246 -2.975545 0.2206957 0.1577839 0.1995086 16.83049 2.380618 0 0.0
-0.03465572 -0.01115 -1.045138 -0.301837 1.378652 1.004279 0.4058177 19.68998 1.93261 0 0.0
-0.009296905 -0.02320779 -8.042953 -8.315539 1.780561 1.200182 0.6287999 19.72619 nan 0 0.0
-0.004774552 0.01612198 0.5890326 3.147484 0.9609252 0.7004785 0.3425737 19.12342 1.906279 0 0.0
-0.0409376 -0.01672128 -6.193767 -7.165838 0.6668149 0.4296514 0.3388375 18.88218 1.632223 1 0.001397366
-0.004885778 0.002652283 -9.158852 -9.272696 0.2018935 0.1433448 0.2566649 16.45991 2.107414 1 0.9955661
0.01454967 -0.03295673 -7.645423 -4.732678 2.909985 1.741019 0.4964414 20.33732 nan 0 0.0
-0.04468012 -0.01546748 -1.310772 -1.96105 0.4101244 0.3001244 0.511919 17.77513 2.456465 1 0.0
-0.004019807 -0.001704072 -8.278976 -9.494296 0.204926 0.1577175 -0.07928891 16.46941 1.49466 0 0.0
-0.02170433 0.02998096 -2.294697 -4.499212 0.3593991 0.2507646 0.1189688 17.86373 2.440819 0 0.0
-0.01343331 0.01116609 -8.6735 -8.957037 0.1844962 0.126198 0.06013473 16.61972 2.402908 1 0.9995688
-0.03561003 0.006336314 -2.542249 0.03162798 1.518735 1.036801 0.2239089 19.96671 2.286352 0 0.0
0.03147472 -0.01659658 -9.949391 -7.963442 1.121897 0.7679202 0.3186995 19.31368 nan 0 0.0
-0.01622483 -0.002279134 -7.181269 -9.147499 0.3968888 0.2669306 0.1023494 18.2851 2.160538 1 0.9165069
0.0001696153 0.02027055 -8.15249 -8.993153 0.1564396 0.1082784 0.01716152 16.30542 2.133183 1 0.9991805
-0.04269647 -0.01817143 2.229405 -4.640176 1.079287 0.7516953 0.3967944 19.51581 1.494217 1 0.0
0.02293943 0.04074201 -3.917867 -5.369193 0.338085 0.247378 0.3758807 17.63885 2.296474 1 0.0
0.006229841 -0.01008123 -21.83819 -18.94231 3.013815 2.099356 0.6002763 20.03932 nan 0 0.0
0.006006454 -0.009369783 -8.580024 -8.468111 0.640077 0.4190861 0.1330866 18.65677 1.921793 0 0.0
-0.009072766 -0.0338298 -11.42069 -3.286433 1.074481 0.7609422 0.4584978 19.18074 1.821486 0 0.0
-0.01326725 0.02623797 -3.45367 -1.746795 1.143876 0.8140867 0.3617216 19.51352 1.588758 1 0.0
0.04234789 0.01389121 -3.069719 -3.119096 1.838297 1.253979 0.2997655 20.04376 1.497408 0 0.0
-0.01761889 -0.01998523 -6.683189 -10.77451 0.6391929 0.5068277 -0.03593682 18.02503 1.603765 0 0.0
-0.005359097 -0.03362741 -7.893045 -8.9273 1.180231 0.8222727 0.4298199 19.52284 1.771402 0 0.0
-0.006535998 0.04922394 -2.130613 0.7151311 0.5839676 0.3831157 0.05816566 18.75817 1.945511 1 0.0
0.0007001728 -0.01478079 -8.801258 -9.311597 0.216493 0.1505023 0.2552232 17.0787 2.202971 0 0.0
-0.01289769 -0.0382628 -8.478572 -9.028328 0.1568482 0.107012 0.284563 15.51864 2.512578 1 0.9991231
-0.007871577 -0.04252151 -1.659308 -4.381844 2.903178 1.94935 0.5423724 20.29599 2.365467 0 0.0
0.01810034 -0.0006352464 -8.342454 -9.4 2.793217 1.728743 0.3276944 20.36632 nan 0 0.0
-0.003768411 -0.002804605 -15.85474 -13.6069 1.580943 1.265507 -0.06272989 18.70988 nan 0 0.0
-0.005278606 0.04718313 -2.15802 -5.195324 0.1762584 0.1216982 -0.02465928 16.3083 2.619785 1 0.0
-0.01966373 0.02161184 -4.116566 -4.202237 2.876018 1.6982 0.3141122 20.53515 1.436708 0 0.0
0.02301678 0.004126626 -8.715488 -8.858847 0.7134385 0.4733409 0.2160075 18.93264 2.045866 1 0.9957648
-0.009549133 -0.0108768 -8.459181 -8.253717 0.679748 0.5792318 0.2258372 18.49748 2.233107 1 0.9925454
-0.01139238 -0.01042872 -2.304556 0.5034864 2.088052 1.439586 0.2121979 19.61857 2.08539 0 0.0
0.01201127 -0.005364766 -7.917239 -8.554319 1.149075 0.8068788 0.2779009 19.29476 1.560282 0 0.0
-0.02996485 -0.007187273 -6.118314 -1.809105 0.2645724 0.1917846 0.2849803 17.34695 2.326775 1 0.0
-0.01094557 -0.01003195 -7.962694 -8.7483 0.5409599 0.4231478 -0.01622843 18.29982 2.129368 0 0.0
-0.009185693 -0.01632035 -1.78357 3.072697 1.466198 0.9175166 0.6071665 19.32189 2.04039 0 0.0
0.00692987 0.02450468 1.088426 0.1729617 1.350963 0.9423041 0.4295127 19.52701 1.841255 0 0.0
0.03077359 -0.02916775 -3.70728 -2.158176 1.962509 1.282931 0.2739287 20.03974 1.705662 0 0.0
-0.010555 -0.0048611 -7.916528 -8.873844 0.6842707 0.4631214 0.2472368 18.54454 2.10869 0 0.0
-0.008933874 -0.02335463 -7.022665 -7.96357 0.9876991 0.6931624 0.4680691 19.12334 1.794777 0 0.0
0.03804543 0.01105059 -7.879694 -9.678842 3.077548 2.029162 0.2578354 20.52659 nan 0 0.0
-0.01061108 -0.002236593 -5.921642 -6.662323 0.6172915 0.4484074 0.3625088 18.19267 1.943703 0 0.0
0.02678121 -0.02595298 1.076011 3.453345 2.83795 1.757348 0.2625521 20.46388 nan 0 0.0
0.01684791 0.03335006 -7.880214 -9.300937 0.3756106 0.257221 0.183127 17.89401 1.342041 0 0.0
0.00218011 -0.02471428 -4.327113 -8.663505 0.1549341 0.1053707 0.1763133 16.45971 2.515624 1 0.0
-0.01055294 -0.03028224 -0.2097188 -2.894712 0.5164801 0.3389524 0.240615 18.54806 1.97949 1 0.0
-0.0144973 0.03429257 -1.650843 -4.106258 0.4284424 0.2871704 0.0350234 18.20071 2.510397 1 0.0
-0.007763142 0.01188371 -9.334025 -10.77079 1.512184 1.092853 0.3545614 19.66879 1.835894 0 0.0
-0.009828569 -0.008721517 -8.400494 -8.568236 0.6312122 0.489361 -0.02273237 18.5687 2.104351 0 0.0
-0.02245339 -0.0002697138 1.61781 -3.215694 1.349961 0.9640838 0.3822739 19.64647 1.983078 0 0.0
0.004164218 0.02150645 -6.619548 -3.069503 1.556834 1.036708 0.4200428 19.77799 1.393623 0 0.0
