data/gcs/NGC_6171_M107.ecsv
# %ECSV 0.9
# ---
# datatype:
# - {name: x, unit: deg, datatype: float64}
# - {name: y, unit: deg, datatype: float64}
# - {name: pmx, unit: mas / yr, datatype: float64}
# - {name: pmy, unit: mas / yr, datatype: float64}
# - {name: pmx_e, unit: mas / yr, datatype: float64}
# - {name: pmy_e, unit: mas / yr, datatype: float64}
# - {name: pm_corr, datatype: float64}
# - {name: g_mag, unit: mag, datatype: float64}
# - {name: bp_rp, unit: mag, datatype: float64}
# - {name: filter, datatype: int64}
# - {name: memberprob, datatype: float64}
# meta: !!omap
# - comments: [deg deg mas/yr mas/yr mas/yr mas/yr dimless mag   mag   zeroone float]
# - __serialized_columns__:
#     bp_rp:
#       __class__: astropy.units.quantity.Quantity
#       unit: &id001 !astropy.units.Unit {unit: mag}
#       value: !astropy.table.SerializedColumn {name: bp_rp}
#     g_mag:
#       __class__: astropy.units.quantity.Quantity
#       unit: *id001
#       value: !astropy.table.SerializedColumn {name: g_mag}
#     pmx:
#       __class__: astropy.units.quantity.Quantity
#       unit: !astropy.units.Unit {unit: mas / yr}
#       value: !astropy.table.SerializedColumn {name: pmx}
#     pmx_e:
#       __class__: astropy.units.quantity.Quantity
#       unit: !astropy.units.Unit {unit: mas / yr}
#       value: !astropy.table.SerializedColumn {name: pmx_e}
#     pmy:
#       __class__: astropy.units.quantity.Quantity
#       unit: !astropy.units.Unit {unit: mas / yr}
#       value: !astropy.table.SerializedColumn {name: pmy}
#     pmy_e:
#       __class__: astropy.units.quantity.Quantity
#       unit: !astropy.units.Unit {unit: mas / yr}
#       value: !astropy.table.SerializedColumn {name: pmy_e}
#     x:
#       __class__: astropy.units.quantity.Quantity
#       unit: &id002 !astropy.units.Unit {unit: deg}
#       value: !astropy.table.SerializedColumn {name: x}
#     y:
#       __class__: astropy.units.quantity.Quantity
#       unit: *id002
#       value: !astropy.table.SerializedColumn {name: y}
# schema: astropy-2.0
x y pmx pmy pmx_e pmy_e pm_corr g_mag bp_rp filter memberprob
[from data line 3457]
0.0287466 -0.04361269 -0.7393415 -6.149075 0.4878807 0.3168658 -0.09498597 18.61588 1.157652 1 0.9812593
-0.005526364 0.0200152 -2.953297 -6.643556 0.7717208 0.3885727 0.07253625 18.80629 1.253113 0 0.0
-0.1289988 0.07285902 -35.6833 -24.92265 2.450312 1.353328 -0.04542239 20.34652 2.295303 0 0.0
-0.002761244 0.01152278 -3.649885 -7.360357 1.218382 0.8305041 -0.04929109 19.61705 1.450912 0 0.0
-0.02784272 -0.08594139 -1.455567 -5.968073 1.272675 0.8790824 -0.1015113 19.87863 1.186768 0 0.0
-0.05515575 -0.01257031 -2.247344 -6.312374 0.4954716 0.3370266 -0.09760155 18.56641 1.169632 0 0.0
0.003511103 -0.04299783 -7.840306 -4.087913 1.856551 1.262646 -0.1685711 20.13319 nan 0 0.0
-0.007591112 -0.0316616 -2.953578 -5.596032 1.296827 0.892105 -0.3770596 19.66078 1.011507 0 0.0
-0.05033619 0.04227366 1.249307 -2.187181 3.555305 2.649753 -0.2134576 20.77801 1.147469 0 0.0
-0.1231565 0.07521662 1.652154 -7.58957 3.633666 1.651187 0.009164056 20.45739 0.9799995 0 0.0
0.004076887 0.01941919 2.455463 -9.116641 2.550964 1.367201 -0.2306031 20.24265 1.021711 0 0.0
-0.03726932 0.05077894 -2.982848 -5.192969 1.48134 0.8969402 -0.01305251 19.9001 1.175869 0 0.0
0.002024871 -0.04758308 -1.074244 -6.794442 0.4021264 0.2575411 -0.02425463 18.29736 1.251516 1 0.8308255
-0.009732933 0.009026839 -1.929086 -6.534909 0.9932954 0.6363978 0.1253571 18.93858 nan 0 0.0
0.1174024 -0.03388855 -1.466774 -3.926175 1.374294 0.8072341 0.05208448 20.00181 1.163857 0 0.0
-0.03866908 -0.03016056 -5.052706 -13.28574 2.088603 0.9792796 0.2646209 19.4027 1.280405 0 0.0
-0.03396574 0.02901848 -2.263915 -6.145295 0.7528684 0.4947049 -0.02857482 19.16663 1.169739 0 0.0
-0.07403446 -0.006795025 -1.795698 -4.93652 0.4771873 0.3274772 -0.1783359 18.41103 1.211948 1 0.8207893
0.02849589 0.1025379 -3.705017 0.05415164 3.776251 2.246401 -0.1366253 20.81379 1.465912 0 0.0
0.04862916 -0.05701874 2.92668 -9.132644 0.7392563 0.4960937 -0.1423183 18.62197 1.253565 0 0.0
0.009799189 -0.005534816 -1.617106 -6.123563 0.317463 0.2084144 -0.1643662 17.47385 1.206017 0 0.0
-0.04819536 0.04244766 -1.251352 -5.607178 1.166232 0.7828933 -0.03112649 19.67575 1.164192 0 0.0
-0.01224752 0.05745907 -0.2846991 -7.38932 2.999118 1.652493 0.1599501 20.59231 1.075804 0 0.0
0.05419402 -0.0260417 -1.27812 -5.812893 0.664347 0.4457795 -0.1388542 19.04536 1.245649 1 0.9932273
0.00806055 0.008923903 -4.844387 -3.389874 1.076685 0.714189 -0.09239621 18.29064 1.488602 0 0.0
-0.01564864 -0.0002841869 -2.633108 -4.77081 0.4513988 0.3089492 -0.103688 18.4456 1.184601 0 0.0
-0.03689353 0.02322926 -2.282921 -5.587366 0.5447276 0.3726475 -0.1354169 18.64804 1.299746 0 0.0
0.01274453 0.03771418 -2.32491 -7.184547 1.743025 1.112704 -0.03552901 20.20453 nan 0 0.0
-0.03816135 0.05064815 -1.819305 -7.383216 1.5977 1.138549 0.03745899 19.92674 nan 0 0.0
-0.005406344 -0.03000215 -1.218915 -6.431262 0.9664757 0.6319618 -0.06412423 19.52299 1.180475 0 0.0
-0.01849409 -0.1138745 2.979886 -7.943537 3.387775 2.193744 -0.6906618 20.39688 1.077991 0 0.0
0.08929527 -0.1216634 -2.42031 -4.113657 2.666056 2.043138 -0.3299094 20.49798 1.657839 0 0.0
0.07094843 0.03923974 2.081056 -11.24925 4.359022 2.229598 -0.3907593 20.7711 0.8634758 0 0.0
0.007288159 0.02901784 -2.282752 -6.340076 0.9756483 0.6569246 -0.06593988 19.52101 1.28718 0 0.0
0.05456649 -0.02198676 -3.65635 -6.37443 3.448379 2.092543 -0.2808534 20.62038 1.172598 0 0.0
0.01254754 -0.03548127 -4.714411 -15.80552 0.9780833 0.6286827 -0.08243877 19.57543 1.180149 0 0.0
-0.07342571 0.0456086 -1.354671 -4.822158 1.201792 0.9818749 -0.3509771 19.48063 1.101492 0 0.0
0.01698936 -0.06503016 -1.465213 -5.945387 0.4638395 0.2990244 -0.1097964 18.4898 1.267742 1 0.9963022
-0.01230485 0.01429196 -0.4688351 -5.278652 1.606169 0.7792182 -0.212519 19.48862 nan 0 0.0
0.02453324 0.03113389 -1.571267 -6.888132 0.9594578 0.6302953 -0.011479 19.47861 1.161676 0 0.0
-0.05024467 0.1043807 0.4158727 -8.053674 3.245194 1.864916 -0.1318424 20.63269 1.456198 0 0.0
-0.0977782 -0.1044747 -6.711913 -5.439385 2.081548 1.29168 -0.03171599 20.47939 1.118542 0 0.0
0.05862292 -0.02714707 -8.438575 -6.573689 3.311512 2.155572 -0.1668195 20.75315 1.265942 0 0.0
0.02854509 0.01313667 -2.14213 -6.247053 2.387872 2.059234 -0.4749941 20.1919 nan 0 0.0
-0.1248638 -0.1062531 -0.8709805 -3.492378 2.221343 1.434411 -0.08948307 20.46989 0.6699867 0 0.0
0.005458743 -0.01014951 0.2631416 -6.4269 0.6958772 0.4164053 0.02266031 18.75511 nan 0 0.0
0.02830468 -0.009312793 -2.155789 -5.19308 1.373165 0.7299051 0.2205396 19.3449 1.239004 0 0.0
-0.1193022 0.09948568 -4.90817 -3.628329 3.39092 1.454377 0.1050424 20.39106 1.12051 0 0.0
0.02552939 0.0321237 -1.152653 -5.805761 1.047907 0.6890337 0.03378152 19.62622 1.15333 0 0.0
0.04811417 -0.03070772 -2.390335 -5.770909 0.554198 0.3630103 -0.09824875 18.71862 1.258892 1 0.9957733
0.01330329 -0.07671149 -4.71742 -3.651326 0.7146812 0.463558 -0.0725294 19.15007 1.28693 0 0.0
-0.02428545 0.005158688 -0.7366275 -5.041073 1.856821 1.457257 -0.0793752 20.0777 nan 0 0.0
-0.001081424 -7.293175e-05 -0.9338217 -4.736615 1.392837 0.8256323 0.233382 19.24257 nan 0 0.0
0.02583936 0.0107957 -1.769284 -4.635971 0.9813466 0.7638673 -0.2955362 19.24808 1.258116 0 0.0
0.005310114 -0.00968507 -1.424922 -6.088858 0.2040168 0.1206869 0.02250435 16.87944 1.505541 0 0.0
-0.01755284 0.02142703 1.36005 -11.5411 1.364086 0.8471804 -0.04123398 19.57148 nan 0 0.0
0.02799864 0.04464136 -1.395444 -6.470521 0.9132127 0.617488 -0.1488445 19.39172 1.208647 0 0.0
0.01563956 -0.02530955 -3.570227 -6.846756 2.491807 1.433643 0.221996 20.28165 1.227367 0 0.0
-0.07217605 0.09399456 -3.162851 -0.4019454 2.379284 1.290462 0.1419987 20.28159 1.759083 0 0.0
-0.0262515 -0.09778107 -1.431618 -5.947369 1.478131 0.9325008 -0.1207586 19.75315 1.214499 0 0.0
0.09706536 -0.1221861 -10.62788 -8.927811 2.211746 1.365962 -0.1309805 20.36539 1.7402 0 0.0
-0.04734367 0.09806225 -1.582772 -5.853592 0.7902174 0.4676652 0.1148658 18.92951 1.264654 1 0.9809867
-0.002003106 0.0100589 -2.9503 -5.668826 0.598675 0.4083225 0.04754189 18.46907 1.175695 0 0.0
-0.03488674 0.02399058 -1.593304 -5.118858 0.956207 0.6410102 0.003789463 19.45732 1.253298 0 0.0
-0.08133216 -0.008547312 -2.710516 -5.447245 0.6689387 0.4470259 -0.09687106 18.96028 1.15534 1 0.9781791
0.009412723 -0.005451832 -12.59319 8.069035 1.374663 1.043761 -0.3251241 19.13887 nan 0 0.0
0.02890186 0.01311851 -1.188915 -6.220952 0.4818419 0.3162904 -0.03597648 18.5427 1.254259 0 0.0
-0.02872991 0.004064347 -4.068988 -5.128953 0.8479938 0.5597712 -0.03255644 19.16817 1.073584 0 0.0
0.07949916 2.777094e-05 -6.900089 -2.502099 1.675953 1.046241 -0.07108507 20.18753 1.213341 0 0.0
0.05548207 -0.04837417 -3.235538 -6.817331 2.244769 1.464943 0.008824946 20.44934 1.219185 0 0.0
0.01686115 0.01606648 -1.383892 -6.144309 0.6717437 0.429378 -0.02265078 18.9286 nan 0 0.0
0.06169183 0.001489118 -1.308816 -5.926631 1.107563 0.6643074 0.07614653 19.81647 1.118162 0 0.0
-0.01092214 0.009011531 -3.763751 -1.289116 1.623797 1.321832 -0.1013893 19.49546 nan 0 0.0
0.043301 0.06764654 -0.7402307 -3.284158 4.049659 2.469031 -0.02859265 20.71968 1.339817 0 0.0
-0.0110854 0.003349559 19.06279 -33.91642 1.710473 1.439951 -0.304044 19.75516 nan 0 0.0
-0.1145796 -0.04766781 -8.424674 -9.278811 1.223418 0.7798127 0.05129588 19.83607 1.073612 0 0.0
-0.02871482 0.002111224 -4.593945 -6.087087 1.551201 1.02764 -0.036027 19.88694 1.098499 0 0.0
0.003035914 -0.01100873 -0.4627917 -11.21947 1.293666 0.7632125 -0.07446213 19.03201 nan 0 0.0
-0.04989216 0.05214905 0.7631946 -6.341738 1.551158 1.035532 -0.09732192 20.04687 1.172422 0 0.0
0.02142587 0.02770572 -1.108583 -6.503969 0.6364472 0.4231736 -0.07196104 18.94815 1.253277 0 0.0
-0.0449903 -0.005084769 -2.297984 -6.188923 1.217993 0.8096679 -0.04000945 19.79584 1.115625 0 0.0
-0.002835687 0.02169276 -1.673353 -5.540689 0.5471862 0.3703955 -0.05732499 18.74281 1.288101 0 0.0
-0.02605142 -0.02277938 -1.326943 -6.538891 0.8036813 0.5229602 -0.118742 19.15219 1.033993 0 0.0
-0.01071378 0.003381047 -1.825785 -6.323558 0.1615571 0.1078216 -0.09181964 16.63996 1.440412 0 0.0
-0.0001003678 0.00622895 -2.721207 -8.059419 0.7274913 0.4734725 0.0488026 18.56995 1.202066 0 0.0
0.07523087 0.04179241 -1.956312 -3.466482 4.525582 2.484971 -0.2923861 20.73955 1.131281 0 0.0
-0.001230006 -0.01276062 14.23783 -19.67278 1.09603 0.7422959 -0.179335 18.13641 1.021269 0 0.0
0.003363467 0.02928877 -5.806488 -4.949937 1.110171 0.7276138 -0.03796021 19.59983 1.311232 0 0.0
0.03126908 0.04192395 -1.557158 -5.272383 0.6202338 0.4294148 -0.1338202 18.84689 1.252653 1 0.9877097
-0.08173957 0.1001504 -1.18766 -6.080101 1.873138 1.066787 0.09606288 20.11624 0.7996635 0 0.0
-0.008783238 0.05612312 2.765438 -6.676882 3.54883 2.545353 -0.6367626 20.60055 1.166704 0 0.0
-0.1225026 -0.1038382 -7.900771 -4.976349 2.285775 1.372776 0.02733188 20.54102 0.9331455 0 0.0
0.001713077 -0.004272917 -2.143686 -6.030274 0.1560147 0.09960762 -0.02078278 16.57628 0.8906116 0 0.0
0.004864784 0.02022789 -1.31759 -6.067297 0.7934736 0.5253091 0.01070755 19.2555 1.1623 0 0.0
-0.01642182 0.003049808 -1.95825 -5.95431 0.1170734 0.07997902 -0.06698126 16.00822 0.6771393 1 0.999833
-0.01959693 0.1161629 -4.799424 -3.042885 2.894177 1.763212 -0.3081061 20.39517 1.256479 0 0.0
-0.0009773228 -0.01251933 0.145424 -6.512598 0.8733844 0.5266594 -0.3077778 19.01524 nan 0 0.0
0.05242108 0.02396936 -2.653421 -6.15181 1.790179 0.8544232 0.1272368 20.04844 1.215916 0 0.0
-0.06702807 -0.02665902 -0.4219319 -7.735571 1.303106 0.8999517 -0.1905512 19.82207 1.165115 0 0.0
-0.02355334 -0.03396954 -2.065673 -5.925012 0.5454735 0.3623647 0.1084224 18.5725 1.171219 1 0.9979339
0.04149186 0.09658416 -0.7338476 -5.846774 1.013634 0.5776384 0.1873953 19.42834 1.125914 0 0.0
-0.03054688 0.03212409 -2.758831 -5.850048 0.7215263 0.4921835 -0.03412414 18.97352 1.257648 0 0.0
0.03822079 0.002652577 -1.236655 -8.398899 2.884741 1.625329 -0.2359417 20.39193 0.955986 0 0.0
0.005236741 0.03506228 -0.9849894 -7.961686 2.223439 1.526692 -0.2112787 20.29149 1.421741 0 0.0
0.003006635 0.02583743 -1.676696 -3.730291 1.324845 0.8572081 -0.02013131 19.7967 1.349058 0 0.0
0.01935487 -0.03102805 -2.131613 -5.540974 2.205713 1.369122 0.1642317 20.26795 1.40307 0 0.0
0.06722931 0.03036493 -1.045243 -5.985597 0.5335044 0.3190627 -0.02277815 18.73886 1.233181 1 0.9899658
0.02807628 -0.05705274 -1.233794 -6.98013 0.7383388 0.4769272 -0.1130257 19.17652 1.169069 1 0.9668366
0.007747471 -0.02019367 0.3293489 -5.327711 1.029915 0.7092175 -0.08208653 19.13462 nan 0 0.0
-0.01552224 0.117835 -1.333705 -0.3114528 2.178591 1.26727 -0.08456743 20.2583 1.890388 0 0.0
0.02123258 0.02741868 -0.8011721 -6.378258 1.035392 0.6808298 -0.1968548 19.5132 nan 0 0.0
-0.008127089 -0.003661739 -0.08311136 -7.266256 1.159741 0.8188566 -0.08696627 18.90545 1.378958 0 0.0
0.008162109 -0.06650123 0.02631169 -6.925065 1.311181 0.8359066 -0.1545828 19.91282 1.131351 0 0.0
0.01040808 -0.01838274 -1.137723 -6.274776 1.721028 0.9814891 0.3977201 19.52682 nan 0 0.0
-0.01266161 0.01400489 1.967372 -7.761331 1.066112 0.7509245 -0.09117013 19.07262 1.07456 0 0.0
0.0169057 0.01536934 -6.743443 -2.807229 0.7158901 0.4712745 0.05537679 18.20786 1.28747 0 0.0
-0.0009625494 0.0106807 0.4605726 -7.582965 0.887945 0.580204 -0.2099268 19.19995 nan 0 0.0
-0.03111992 0.09690135 -1.858454 -5.389458 1.222584 0.7445328 0.0716744 19.71885 1.258783 1 0.9546164
0.03638938 -0.01808575 -2.717164 -5.602311 1.606831 1.143035 -0.05020235 19.92819 1.081263 0 0.0
0.004865075 0.03503559 -8.078272 -10.48103 2.826856 1.731352 -0.3891948 20.40527 1.979778 0 0.0
-0.08813374 -0.02572341 -1.910163 -6.681853 2.080337 1.287203 -0.1449649 20.36953 0.9170246 0 0.0
0.04599241 -0.01138397 -2.008103 -6.218021 0.7758254 0.5196214 -0.1246973 19.25292 1.242678 0 0.0
-0.05728245 -0.00747722 -4.252948 -6.511476 1.103097 0.7564904 -0.194313 19.57119 nan 0 0.0
-0.007369009 -0.003669345 -2.585115 -7.661685 1.286519 1.001926 -0.1617407 18.97105 1.471497 0 0.0
0.02484095 -0.01348665 0.1279809 -7.429848 1.020868 0.6976993 0.1250827 18.74516 nan 0 0.0
0.04783669 -0.005353286 5.168041 -3.306257 4.146604 3.3379 -0.2457977 20.79166 1.064472 0 0.0
-0.018743 0.03325155 -1.77823 -6.283338 0.4895451 0.3312767 -0.09651566 18.50823 1.295977 0 0.0
-0.04273033 -0.008653017 -7.432926 0.9198955 3.006811 2.20785 -0.5055055 20.35071 nan 0 0.0
-0.02082632 0.05711803 -4.451817 -9.151297 2.264878 1.512411 -0.2921808 20.39769 0.9464417 0 0.0
0.002500483 -0.043797 -1.097348 -6.297991 1.226381 0.7737051 -0.05258089 19.81872 1.145561 0 0.0
-0.05517684 0.1493873 -2.268382 -4.208979 1.099977 0.5989385 0.3622475 19.25302 1.874535 1 0.1094495
0.0868445 -0.03574226 -3.653805 -6.481569 3.114814 2.083899 -0.2154233 20.65163 1.327358 0 0.0
-0.0577107 -0.01948503 -1.734324 -5.53492 0.5206051 0.3705615 -0.1965001 18.59681 1.185835 1 0.9940876
0.01291977 -0.02276213 -2.682973 -5.94269 1.204668 0.6390813 0.09243304 19.49716 1.190462 0 0.0
-0.0616805 0.1052126 -0.1073406 -6.876483 2.287805 1.279303 0.2527196 20.18461 1.259846 0 0.0
-0.1454006 -0.02580388 -6.879783 -4.408152 0.5986184 0.4104682 -0.04088565 18.71154 2.050941 1 0.0
0.009886736 -0.04639976 0.4960871 -5.914162 1.235285 0.8104644 -0.1122077 19.75281 1.097456 0 0.0
-0.1536947 -0.00107535 -9.930325 -4.412904 0.6117395 0.3741001 0.0690836 18.77164 1.160471 1 0.0
0.007286667 -0.02159842 -5.966893 -3.34364 2.996319 1.643092 0.2139306 20.40323 1.232147 0 0.0
0.1442379 0.03211441 -5.319169 -6.668352 0.6181644 0.4020376 -0.177324 18.86205 1.534342 1 9.615995e-06
0.01038018 0.02504949 -1.570307 -5.742327 0.5027468 0.3349327 0.03360365 18.57215 1.255133 0 0.0
-0.06431982 -0.03894734 -0.5328718 -3.797455 2.710814 1.80246 -0.2926118 20.542 0.9007492 0 0.0
-0.01584333 0.02228164 -1.772328 -6.2391 1.553245 0.8093124 0.1556903 19.58194 1.189211 0 0.0
0.06804171 -0.04265813 -1.8276 -4.98456 2.211246 1.48321 -0.1122147 20.44693 1.226427 0 0.0
-0.03220767 -0.00055568 -2.770416 -5.802417 0.8122199 0.5541064 -0.03184446 19.22085 1.070232 0 0.0
-0.07409341 0.09101281 -2.318618 -9.568382 3.258889 2.012515 0.07966349 20.64936 1.045179 0 0.0
0.01951561 -0.0656655 -1.26703 -5.89088 0.985812 0.5629876 0.01813612 19.37893 1.202557 1 0.9887969
-0.0004124974 -0.01372192 -1.101941 -6.001819 0.4840052 0.2864732 0.02873064 15.92422 1.483342 0 0.0
-0.00869055 -0.04289496 -1.450487 -6.262811 0.5969933 0.5108656 -0.8470701 17.62689 nan 0 0.0
-0.003815391 -0.07141732 -1.38773 -5.221616 1.122181 0.7182489 -0.1796391 19.67523 1.122637 0 0.0
-0.01463527 -0.04391186 -4.331172 -6.167817 1.502843 1.153437 -0.3600974 19.90144 1.156321 0 0.0
-0.01343284 -0.01855169 -1.831489 -7.402553 1.315694 0.8709703 -0.1926234 19.75373 1.110023 0 0.0
0.05999874 0.007582561 -1.53777 -5.722013 1.307482 0.7648352 0.0517278 19.99974 1.17856 0 0.0
0.03420418 -0.02007575 -1.157989 -6.360994 1.87606 1.1328 -0.08752636 20.09868 1.433332 1 0.9827381
-0.04805304 -0.001448985 -2.669059 -5.938699 0.7551617 0.5064455 -0.07663745 19.18204 1.155987 0 0.0
-0.03200711 -0.05693687 -1.710657 -6.051201 0.7283669 0.4889995 -0.04858314 19.02079 1.119755 0 0.0
0.03128193 0.02596326 -4.489315 -7.731953 2.139191 1.0776 0.6797824 19.26271 nan 0 0.0
0.03259944 0.09677622 -5.333704 -16.4801 0.5179058 0.2949066 0.1646273 18.53495 1.955545 1 0.0
-0.1219407 -0.008257884 -2.731992 -3.190731 0.4048734 0.2722847 -0.03972267 18.19654 1.300938 1 0.0
-0.01997493 0.00865143 -3.516575 -5.061702 1.386071 0.9632504 -0.03728283 18.31038 1.267138 0 0.0
-0.02704712 -0.0239649 -4.737533 -1.254258 0.9865035 0.6609296 -0.2763439 19.36817 1.037853 0 0.0
0.05503653 -0.04700078 -0.9703542 3.402028 0.8559485 0.5878991 -0.1458086 19.37672 1.392155 1 0.0
0.04866845 -0.008571145 -2.841271 -5.680604 1.390404 0.9188725 -0.08285899 20.01892 1.203892 0 0.0
0.01940103 -0.01093223 -2.659187 -5.240701 0.6421872 0.4155817 -0.07608823 18.98207 1.327307 0 0.0
0.01922452 0.01293063 -3.531731 -5.172865 1.713148 1.40053 -0.7391574 19.52421 nan 0 0.0
