data/gcs/NGC_4147.ecsv
# %ECSV 0.9
# ---
# datatype:
# - {name: x, unit: deg, datatype: float64}
# - {name: y, unit: deg, datatype: float64}
# - {name: pmx, unit: mas / yr, datatype: float64}
# - {name: pmy, unit: mas / yr, datatype: float64}
# - {name: pmx_e, unit: mas / yr, datatype: float64}
# - {name: pmy_e, unit: mas / yr, datatype: float64}
# - {name: pm_corr, datatype: float64}
# - {name: g_mag, unit: mag, datatype: float64}
# - {name: bp_rp, unit: mag, datatype: float64}
# - {name: filter, datatype: int64}
# - {name: memberprob, datatype: float64}
# meta: !!omap
# - comments: [deg deg mas/yr mas/yr mas/yr mas/yr dimless mag   mag   zeroone float]
# - __serialized_columns__:
#     bp_rp:
#       __class__: astropy.units.quantity.Quantity
#       unit: &id001 !astropy.units.Unit {unit: mag}
#       value: !astropy.table.SerializedColumn {name: bp_rp}
#     g_mag:
#       __class__: astropy.units.quantity.Quantity
#       unit: *id001
#       value: !astropy.table.SerializedColumn {name: g_mag}
#     pmx:
#       __class__: astropy.units.quantity.Quantity
#       unit: !astropy.units.Unit {unit: mas / yr}
#       value: !astropy.table.SerializedColumn {name: pmx}
#     pmx_e:
#       __class__: astropy.units.quantity.Quantity
#       unit: !astropy.units.Unit {unit: mas / yr}
#       value: !astropy.table.SerializedColumn {name: pmx_e}
#     pmy:
#       __class__: astropy.units.quantity.Quantity
#       unit: !astropy.units.Unit {unit: mas / yr}
#       value: !astropy.table.SerializedColumn {name: pmy}
#     pmy_e:
#       __class__: astropy.units.quantity.Quantity
#       unit: !astropy.units.Unit {unit: mas / yr}
#       value: !astropy.table.SerializedColumn {name: pmy_e}
#     x:
#       __class__: astropy.units.quantity.Quantity
#       unit: &id002 !astropy.units.Unit {unit: deg}
#       value: !astropy.table.SerializedColumn {name: x}
#     y:
#       __class__: astropy.units.quantity.Quantity
#       unit: *id002
#       value: !astropy.table.SerializedColumn {name: y}
# schema: astropy-2.0
x y pmx pmy pmx_e pmy_e pm_corr g_mag bp_rp filter memberprob
[from data line 325]
-0.002834589 -0.002919496 -3.181362 -1.627712 0.1326931 0.08461199 -0.2554307 15.48752 1.012928 0 0.0
-0.02972713 0.005431533 -1.788938 -2.624027 1.507694 0.5531679 -0.0380428 19.62749 0.6813278 1 0.9988675
0.003675518 -0.002715393 -7.53887 4.93552 2.284988 1.086315 -0.01215671 19.16853 0.7027435 0 0.0
-0.008621805 -0.01183616 -1.79593 -2.183118 0.2567386 0.17291 -0.242905 17.91467 0.953249 1 0.9999779
-0.02324656 0.003275224 -0.5636762 -2.08119 0.8685217 0.3885972 -0.03047786 19.21561 0.8986015 1 0.9996419
-0.02784659 0.005007784 2.004435 -2.549842 3.626359 1.641267 -0.03477721 20.6678 0.8409882 0 0.0
0.03534187 0.005421158 -2.092819 -2.097296 0.4300679 0.2746716 -0.2827006 18.67376 0.1187229 1 0.9998033
0.02400352 -0.01703603 -3.708378 -1.192636 1.76889 0.8536586 -0.201225 20.22682 0.1357288 0 0.0
-0.01082133 -0.01882646 -1.811536 -2.277418 1.363574 0.6398667 -0.05968658 19.87171 0.7467995 1 0.9994962
0.03171505 -0.01717782 -0.3825894 -1.204513 1.21579 0.5765436 -0.1875193 19.64899 0.7343769 0 0.0
0.01961979 -0.01801696 -2.717306 -1.639407 1.910714 0.8419627 -0.1667933 20.23974 0.4667225 0 0.0
0.05801073 0.004488937 -6.365387 -0.2051875 2.07315 0.8930228 -0.2108899 20.18902 0.5754623 0 0.0
-0.06958085 -0.02846954 -2.491528 -9.983136 1.823437 1.047719 -0.1045666 20.42229 1.778913 1 0.0
0.09031123 -0.0177806 -5.498817 -9.105194 0.2926841 0.2013629 -0.3000718 17.93323 1.135117 1 0.0
-0.01524394 0.03360498 2.322776 -1.960581 2.267391 1.000489 -0.05180179 20.45391 0.688242 1 0.9941829
0.001751603 -0.02057965 -3.264927 -1.632238 1.285102 0.8216091 -0.1729676 20.17381 0.5241356 0 0.0
-0.02986116 -0.01650295 -1.7696 -3.372125 2.702556 1.310476 -0.1456857 20.54509 0.6241951 0 0.0
-0.003384267 0.0003802276 -1.589176 -2.033685 0.06165376 0.03986983 -0.2532893 14.97034 1.205838 1 0.999993
-0.04513966 -0.01736172 -1.864038 -2.336984 0.2897485 0.1917214 -0.2448757 18.01332 0.9657803 1 0.9996454
0.01692862 -0.01713415 -1.453648 -1.872615 0.4582259 0.2960133 -0.2515116 18.77741 0.8629284 1 0.9998817
-0.003586662 0.006930067 1.44737 -2.498741 1.662993 0.6151179 0.07111281 19.79616 0.5569878 0 0.0
0.02024178 -0.0167981 -2.080259 -1.778021 1.065985 0.4963597 -0.185899 19.55987 0.7489262 0 0.0
0.003053752 -0.02010089 -7.576877 -1.42296 2.876535 1.633287 -0.1437829 20.64337 0.2502747 0 0.0
-0.001547076 -0.007605868 2.30095 -0.95095 3.317668 1.055353 0.4699803 20.23469 nan 0 0.0
-0.0003173559 -0.008118951 0.3640926 -2.239477 1.774735 0.7393866 0.01530147 19.6983 nan 0 0.0
0.0001745342 -0.008164728 -4.523717 -0.9041186 1.431742 0.9179232 -0.2150344 19.12626 0.6911297 0 0.0
-0.01858939 -0.00593784 -0.313247 -1.358633 1.754514 0.7887879 0.02307645 20.14782 0.5562153 1 0.9991261
0.004573124 -0.02733543 -6.150245 -3.368186 4.281191 2.014209 -0.005392396 20.81892 0.521143 0 0.0
-0.05288445 0.01533055 -1.719821 -2.135239 0.1289545 0.08048777 -0.230863 16.49882 1.090136 1 0.9999611
0.006930887 -0.01054305 -2.536068 -2.870419 1.411882 0.7942312 -0.1577254 20.00223 0.494051 0 0.0
-0.00419444 -0.001334461 4.166424 -3.081104 2.602079 0.802156 0.1611476 19.56101 nan 0 0.0
-0.0598399 -0.01912722 -1.898087 -2.513316 1.245385 0.533208 -0.07836231 19.35785 0.8717098 1 0.9955021
0.02990675 -0.01840457 3.250857 -4.032652 2.703836 1.598361 -0.2560773 20.63276 0.4024353 0 0.0
-0.000302865 0.005142844 -6.178443 -1.819898 2.851014 1.136237 0.2193827 20.40217 nan 0 0.0
-0.003557871 0.0001322758 -1.387738 0.00080172 0.4502011 0.2913156 -0.1011921 18.17231 nan 0 0.0
0.01810082 -0.01979478 0.86213 -3.727154 2.028022 0.9771857 -0.1931311 20.36212 0.3396873 0 0.0
-0.02421777 -0.01054147 -3.615352 -2.893864 1.842834 0.8354677 0.009134331 20.22825 0.5846767 1 0.9970191
-0.00432501 -0.01589325 -0.9684231 -2.264702 0.5422915 0.3522081 -0.2052943 19.02698 0.8935509 1 0.9998343
-0.02174381 -0.01052083 -1.292415 -1.802333 1.942246 0.898046 0.0195919 20.30338 0.7137184 0 0.0
0.06261628 -0.009915642 -1.78074 -3.590311 1.935544 0.9376008 -0.1643711 20.11476 0.628973 0 0.0
0.01661075 -0.02148103 -4.376173 -2.472498 2.19375 1.235557 -0.1755038 20.53996 -0.175087 0 0.0
-0.04227348 -0.01133905 1.185482 -1.016942 2.821318 1.201255 -0.1672227 20.62231 0.6033974 0 0.0
-0.006668678 -0.0120594 -2.956432 -2.194732 2.833003 1.739362 -0.1728253 20.72091 nan 0 0.0
0.001823769 -0.004081085 11.54101 -3.240179 2.623551 1.834569 -0.196213 20.44894 nan 0 0.0
-0.01478502 -0.01173274 -2.099133 -1.782089 0.4472152 0.3006596 -0.2302711 18.77279 0.8387451 0 0.0
-0.009793203 -0.003411334 -6.613384 5.911398 2.941472 1.144914 -0.2138547 20.49407 0.4715958 0 0.0
-0.0007513176 0.005278267 -21.45603 -0.7991604 3.513742 1.882111 -0.08659554 20.12495 nan 0 0.0
2.985764e-05 0.008913672 5.951384 -4.13845 2.270876 1.409668 -0.08194473 20.73834 0.2030582 0 0.0
-0.004252397 -0.004946978 -7.13182 -0.4324683 0.7380653 0.4987899 -0.2595033 18.65989 0.8199673 0 0.0
4.432348e-05 0.009199774 -6.270562 3.643268 4.512984 2.251429 -0.04104328 20.75759 0.7251167 0 0.0
-0.00202447 -0.00524075 1.154168 -3.108429 0.9322799 0.4202817 -0.05134043 19.19514 1.093342 0 0.0
-0.00624911 -0.01191637 -7.133355 -1.026668 2.556649 1.277871 -0.1707387 20.52565 0.4603958 0 0.0
-0.006596083 -0.005412296 -0.9717325 -2.54246 0.2271673 0.1483221 -0.2584585 17.0019 0.2478561 0 0.0
-0.004874379 -0.001324906 2.489598 -5.37499 1.061618 0.6844446 -0.252966 18.65895 0.8066883 0 0.0
-0.02099122 -0.008274064 -1.663879 -1.637343 1.628965 0.7222494 0.008954813 20.06255 0.6912174 1 0.9993192
-0.03874896 0.0278218 -2.448473 -0.5269984 1.487402 0.8715265 -0.1507501 20.19961 0.5865765 0 0.0
0.05238138 0.057952 -1.467917 -2.290596 0.267754 0.1617308 -0.2650211 17.6539 1.013273 1 0.9991724
0.001288218 0.03200404 -1.260635 -1.003947 2.799464 1.279598 -0.04783777 20.66006 0.9158821 1 0.9968781
-0.007001151 -0.005124271 -0.7309254 -1.986888 0.394793 0.2454018 -0.2033395 18.47307 nan 0 0.0
0.02498602 -0.007968351 3.284408 1.707412 2.685641 1.104611 -0.1416182 20.46854 0.1931343 0 0.0
0.00523791 -0.001666311 -1.172904 -6.419628 2.514483 1.545335 -0.18346 19.61775 nan 0 0.0
0.02692495 -0.009881127 -1.530144 -1.339984 1.284909 0.5754829 -0.1616489 19.7749 0.7389183 0 0.0
0.0005072938 -0.01166853 -4.993419 -2.126292 1.949903 1.06872 -0.1439548 20.27412 0.4825706 0 0.0
-0.02609699 -0.0002968285 0.2910437 -3.107288 1.850906 0.9711746 -0.03840784 20.42956 0.2954102 0 0.0
-0.01618791 -0.006708654 -2.032848 -3.695482 1.39635 0.5867006 0.04755204 19.65946 0.6322803 0 0.0
-0.001113058 -0.007821401 -2.450814 -4.405595 1.61841 0.876328 -0.1391562 19.50733 nan 0 0.0
-0.01848927 -0.01658276 -1.704352 -2.063472 0.1182411 0.07771491 -0.2280827 16.30894 1.109944 1 0.9999935
0.0007821434 -0.00383123 -1.044198 -3.087175 0.2199578 0.155469 -0.2839065 17.00233 0.3185482 0 0.0
-0.01964177 0.02642426 -0.4062477 -1.014197 1.740477 1.191369 -0.2995429 19.88123 0.8679218 1 0.9971918
0.0001456044 -0.01390966 1.342175 -3.351987 2.117733 0.9547108 -0.00181084 20.29582 0.4729958 0 0.0
-0.002371494 0.008202247 -0.6890064 -2.890471 0.5744833 0.4072302 -0.2185363 18.86656 nan 0 0.0
0.06354334 -0.0129785 -5.541299 -1.365605 1.639011 0.9493188 -0.2371192 20.24028 0.19771 0 0.0
0.01297773 -0.002711125 -1.570223 -5.674826 2.493564 1.273735 -0.2037114 20.64701 0.3853779 0 0.0
0.001230566 0.003737132 2.803623 0.9350306 1.931087 0.9106547 -0.02552643 19.77741 nan 0 0.0
0.021341 -0.01397699 -8.638363 -3.818573 3.119846 1.797669 -0.2809997 20.88797 0.2941513 0 0.0
-0.01364242 -0.01599003 -1.077344 -3.250622 0.261477 0.3003686 -0.5835553 17.38943 1.007011 1 0.9827654
-0.01092197 -0.008833858 -5.226267 -1.916557 2.170336 1.321272 -0.1641551 20.56579 0.4670086 0 0.0
-0.002501897 -0.006133383 -1.559644 -2.162801 0.04565081 0.03209914 -0.2825688 13.38675 1.723709 0 0.0
0.01211052 -0.01408852 0.7037584 -1.104114 1.418628 0.6800099 -0.1294862 19.96522 0.3871994 0 0.0
0.03039791 -0.01416636 -3.088272 -1.768686 1.23957 0.5403314 -0.1721472 19.66546 0.7513275 1 0.9988032
-0.07879916 -0.03175953 -1.395548 -2.701853 0.4360905 0.2774416 -0.2235008 18.66146 0.894289 1 0.9882077
-0.0086054 0.02659882 -1.38598 -2.54097 4.477142 1.8138 0.06529229 20.92579 0.5451851 1 0.9945541
0.0004783079 0.006405509 -8.196356 -1.980853 1.379272 0.6875948 -0.06106841 19.69167 0.5055332 0 0.0
0.008927678 -0.01566419 1.70072 -0.5300637 3.495902 1.148163 -0.0224717 20.52953 0.386013 0 0.0
-0.004165005 0.01924011 -5.935525 -4.502969 3.03709 1.595733 -0.0493411 20.63553 0.8298378 0 0.0
-0.0001871382 0.002358115 -4.406154 9.95399 1.676204 1.285085 -0.3232579 18.79526 nan 0 0.0
-0.07138345 0.0205863 -4.569296 -1.710177 1.423498 0.598592 -0.008011948 19.84015 0.8362255 1 0.9585456
-0.007810908 0.003630495 -7.114515 -1.937566 3.680861 1.720514 0.07063786 20.05066 nan 0 0.0
0.01834623 -0.01460104 -1.297558 -2.183902 1.935223 1.017744 -0.2078029 20.42821 0.2944679 0 0.0
0.0115169 -0.0075311 -4.851062 -3.396433 2.127174 1.448879 -0.2288461 20.29983 0.2847977 0 0.0
-0.01986315 -0.01153577 -3.012322 -1.801965 1.237312 0.5267908 -0.001366411 19.6281 0.7221889 0 0.0
-0.0007802927 -0.004073463 1.402075 -4.670491 2.134004 1.010745 -0.06495867 20.11464 nan 0 0.0
-0.02114794 0.01134494 -1.506588 -2.135526 0.1190005 0.07877475 -0.259286 16.46904 1.095391 1 0.9999838
0.01511266 0.06688437 -0.5542741 -3.719949 2.475542 0.9277633 -0.09796471 20.3213 0.6384068 0 0.0
-0.02207669 -0.0114859 -6.779046 1.281286 2.760596 1.464672 -0.109907 20.38955 0.7936821 0 0.0
-0.02854187 -0.0003803608 -0.9462453 -1.603021 2.18441 0.9911615 0.004437489 20.40365 nan 0 0.0
0.01562558 -0.007139767 1.466512 -0.7434351 3.44614 2.513772 -0.2939753 20.88815 0.3915958 0 0.0
-0.01006745 0.007243131 -2.158385 -2.358502 2.793853 1.375538 -0.006717523 20.69579 nan 0 0.0
-0.02175841 -0.01154889 2.588177 6.021002 3.583066 3.906114 -0.3682304 20.68951 0.1687393 0 0.0
0.001404235 -0.005114872 -11.9803 -1.304704 2.633548 1.500432 -0.07366809 20.34781 nan 0 0.0
-0.001141931 0.001396815 -0.6218241 -1.804811 0.4245263 0.4882709 -0.5530189 17.60351 0.7046204 0 0.0
0.01642205 -0.01516009 0.4688175 -2.279378 1.985894 1.208837 -0.3335444 20.50441 0.3442459 1 0.9983422
0.01915825 -0.03086492 -2.577208 -1.932094 1.797876 0.925836 -0.1216409 20.2508 0.6190929 0 0.0
-0.006740415 0.003199388 7.947129 -2.541279 3.991322 1.676411 0.2006586 20.7781 nan 0 0.0
-0.00342827 -0.02973108 -0.8519256 -2.853424 1.37755 0.7028056 -0.07736909 19.94383 0.7273006 1 0.9984459
-0.01054542 -0.002322193 -3.635657 -1.99348 1.140191 0.5016171 -0.03545469 19.55632 0.6748199 0 0.0
0.01533687 -0.01426565 -3.08598 -2.008754 1.796231 1.039809 -0.2464826 20.49938 0.1941967 0 0.0
0.0191691 0.001407423 -4.642575 -3.762306 1.74082 0.9919364 -0.2431772 20.3783 1.409052 0 0.0
-0.01663885 -0.03193329 -1.789677 -2.125407 1.230699 0.6010794 -0.08210363 19.8359 0.604269 1 0.9991431
-0.02803255 0.01781185 -2.288943 -2.059001 0.3511988 0.2213446 -0.2318468 18.31739 0.9389839 1 0.9997414
-0.0003896828 -0.003814065 5.333326 0.0005339766 3.132994 1.013012 -0.0674158 19.75554 nan 0 0.0
-0.01436472 -0.002966599 2.364999 2.305878 2.601098 1.706498 -0.2800346 20.37801 nan 0 0.0
-0.01647546 0.01185941 -3.72078 -4.020548 3.455964 1.382705 -0.03785045 20.72042 1.949766 0 0.0
0.0055557 0.01310039 -7.226832 -1.770484 2.78917 1.797402 -0.1711452 20.68221 0.5453167 0 0.0
0.009246266 -0.02108295 -1.540944 -2.180431 0.2166048 0.1390348 -0.2301967 17.4453 -0.002786636 1 0.9999767
-0.02729728 0.00243659 1.296037 -0.6440083 1.982823 1.025694 -0.06674837 20.49315 0.727459 0 0.0
0.00246013 0.00899952 -2.447846 -2.809775 1.828947 1.017323 -0.09732614 20.44322 0.4817181 0 0.0
0.009925101 -0.0007143357 -0.3955972 -9.607157 3.288428 1.844536 -0.2282577 20.7251 nan 0 0.0
0.007220219 -0.0100929 1.537758 -5.866119 2.689259 2.213348 -0.2953887 20.73741 nan 0 0.0
0.01293627 -0.02832873 -1.530539 -1.945154 0.2832555 0.1925114 -0.2458285 18.1095 0.9408588 1 0.9999244
0.00993954 -0.000233683 1.422727 -0.9031708 2.970613 1.465267 -0.21911 20.45926 0.4140148 0 0.0
-0.01496017 -0.02929368 0.7485778 -2.402085 1.737295 0.7826358 -0.02673754 20.18856 0.4776554 0 0.0
0.01540621 0.01902713 -1.954187 -1.054516 1.739442 0.8813386 -0.1881409 20.25201 0.8125153 1 0.9987356
-0.006668264 -0.001437379 7.491766 -0.8980121 3.532985 1.607047 -0.1455245 20.56531 nan 0 0.0
0.01682589 -0.002327412 -0.04138792 0.6523859 2.337525 0.9732391 -0.1784299 20.0601 0.5658016 0 0.0
-0.01719966 0.00281293 3.676842 -3.172397 1.277394 0.5568523 -0.01676822 19.67964 0.6525078 0 0.0
0.002691731 -0.0003483919 -2.280069 -1.889722 0.1985879 0.1615054 -0.3468581 16.94577 0.4923325 0 0.0
0.07269321 -0.02766716 -1.738564 -1.228454 1.168636 0.5681394 -0.1865659 19.68843 0.7656059 1 0.9871885
0.03007646 0.00375122 -3.86191 -2.11196 2.400635 1.372832 -0.1842655 20.63345 0.5196743 0 0.0
0.01024376 -0.007285133 -5.936328 -4.385851 2.686525 1.57318 -0.1026559 20.69809 0.6853466 0 0.0
0.01636273 -2.399282e-06 -2.306648 -2.39349 2.254017 1.337885 -0.2650217 20.57785 0.4625778 0 0.0
0.005512595 0.004050022 -2.192339 -1.872057 0.5817405 0.4083347 -0.2967795 18.52898 0.6426582 0 0.0
-0.007724339 -0.001427798 3.56714 -2.037143 2.545422 1.175445 -0.2844177 20.39406 nan 0 0.0
0.02956254 -0.03597703 -1.346318 -2.228916 0.5064876 0.3303449 -0.2740496 18.80582 0.8774834 1 0.9995861
-0.008274471 -0.009566429 3.770995 -1.714258 2.508711 1.535491 -0.046222 20.65496 0.3415737 0 0.0
0.008768251 -0.01024161 -1.689229 -4.484194 2.994443 1.591958 -0.166306 20.75501 0.4653778 0 0.0
-0.007753759 -0.01214519 -1.37852 -2.21589 0.2425805 0.1628232 -0.2449472 17.67978 0.964983 1 0.9999667
-0.01547718 0.01358928 -3.951655 0.03845469 2.069323 1.053323 -0.07112569 20.49006 0.09370041 0 0.0
-0.05445012 0.004659426 -2.492348 -1.657337 0.6857002 0.3812818 -0.1507678 19.11025 0.9388676 1 0.9979822
-0.006972109 -0.002495945 -2.452439 -3.637791 3.41743 1.253639 0.3088736 20.40881 0.5872993 0 0.0
-0.009199494 0.007058069 -1.840935 -1.619202 2.311199 1.002211 -0.05393939 20.43157 0.5748062 0 0.0
-0.01272982 -0.00103077 1.398267 3.084765 3.32005 1.892099 -0.3386393 20.50284 0.6742153 0 0.0
-0.002993602 0.004130068 -8.719381 -5.502818 3.45889 1.398211 0.4759339 20.14607 nan 0 0.0
-0.01578164 0.006131579 -0.230593 -4.201191 2.353848 1.262065 -0.09683493 20.72253 nan 0 0.0
-0.003977214 0.008316718 -2.007674 -3.234674 1.794736 0.7987505 -0.01432168 20.01294 nan 0 0.0
-0.005048138 -0.006657848 -1.715042 -1.910703 1.143357 0.8193026 -0.2020105 19.9608 0.3924007 0 0.0
-0.005453485 -0.01496815 -2.263496 -1.494982 1.77814 0.9560348 -0.1056377 20.37839 0.7177563 0 0.0
0.01914248 -0.01923963 -9.620273 -3.884016 3.12364 1.220059 -0.1112106 20.67854 1.475807 0 0.0
-0.005149426 -0.007233864 -2.043162 -2.546595 2.280192 1.587793 -0.2606684 20.42678 nan 0 0.0
-0.007593657 0.009377326 -2.439546 -1.241841 1.61483 0.5712977 0.08504622 19.72803 0.6261673 0 0.0
-0.01015474 -0.001030942 -0.2166714 -2.169839 1.33593 0.6047393 0.0009284443 19.74793 0.74119 0 0.0
0.005353747 -0.004929781 -2.620361 -2.113964 0.1347183 0.1008389 -0.3086157 16.70498 0.8521652 0 0.0
0.001548844 0.001684828 -5.333245 -2.910387 0.3942195 0.2712065 -0.2763089 16.90164 0.5017977 0 0.0
0.008999547 -0.006730165 13.46091 -2.700449 2.771767 0.9760798 0.2041082 20.28462 0.5120945 0 0.0
-0.005452994 0.0004279648 -3.254899 3.190926 2.499458 2.775198 -0.4511868 20.61403 nan 0 0.0
-0.01306221 0.003430544 -3.847356 -3.488127 2.365233 1.048152 0.1105301 20.45331 0.4781113 0 0.0
0.01002733 -0.01707557 -2.720396 -0.2675388 4.448143 1.627354 -0.05579298 20.75386 0.6865578 0 0.0
-0.01030151 -0.03602696 -1.963146 -1.910485 0.2668489 0.1690283 -0.2201402 17.84574 1.005442 1 0.9998847
0.01722851 0.02196462 -1.901968 -1.762309 2.18988 1.223861 -0.14276 20.64359 0.4497547 1 0.9981881
-0.009171057 -0.002169685 -5.814031 0.6375632 1.861982 1.119653 -0.1482033 20.07694 0.6759377 0 0.0
-0.0343356 -0.0354726 -3.529072 -0.85314 1.092871 0.5350394 -0.09289075 19.66705 0.6819096 1 0.9754277
