data/gcs/NGC_2808.ecsv
# %ECSV 0.9
# ---
# datatype:
# - {name: x, unit: deg, datatype: float64}
# - {name: y, unit: deg, datatype: float64}
# - {name: pmx, unit: mas / yr, datatype: float64}
# - {name: pmy, unit: mas / yr, datatype: float64}
# - {name: pmx_e, unit: mas / yr, datatype: float64}
# - {name: pmy_e, unit: mas / yr, datatype: float64}
# - {name: pm_corr, datatype: float64}
# - {name: g_mag, unit: mag, datatype: float64}
# - {name: bp_rp, unit: mag, datatype: float64}
# - {name: filter, datatype: int64}
# - {name: memberprob, datatype: float64}
# meta: !!omap
# - comments: [deg deg mas/yr mas/yr mas/yr mas/yr dimless mag   mag   zeroone float]
# - __serialized_columns__:
#     bp_rp:
#       __class__: astropy.units.quantity.Quantity
#       unit: &id001 !astropy.units.Unit {unit: mag}
#       value: !astropy.table.SerializedColumn {name: bp_rp}
#     g_mag:
#       __class__: astropy.units.quantity.Quantity
#       unit: *id001
#       value: !astropy.table.SerializedColumn {name: g_mag}
#     pmx:
#       __class__: astropy.units.quantity.Quantity
#       unit: !astropy.units.Unit {unit: mas / yr}
#       value: !astropy.table.SerializedColumn {name: pmx}
#     pmx_e:
#       __class__: astropy.units.quantity.Quantity
#       unit: !astropy.units.Unit {unit: mas / yr}
#       value: !astropy.table.SerializedColumn {name: pmx_e}
#     pmy:
#       __class__: astropy.units.quantity.Quantity
#       unit: !astropy.units.Unit {unit: mas / yr}
#       value: !astropy.table.SerializedColumn {name: pmy}
#     pmy_e:
#       __class__: astropy.units.quantity.Quantity
#       unit: !astropy.units.Unit {unit: mas / yr}
#       value: !astropy.table.SerializedColumn {name: pmy_e}
#     x:
#       __class__: astropy.units.quantity.Quantity
#       unit: &id002 !astropy.units.Unit {unit: deg}
#       value: !astropy.table.SerializedColumn {name: x}
#     y:
#       __class__: astropy.units.quantity.Quantity
#       unit: *id002
#       value: !astropy.table.SerializedColumn {name: y}
# schema: astropy-2.0
x y pmx pmy pmx_e pmy_e pm_corr g_mag bp_rp filter memberprob
[from data line 15176]
-0.01218677 0.01074809 5.9708 0.7292613 1.28768 1.118443 0.235506 18.2878 nan 0 0.0
0.09729021 0.05093464 1.421845 -1.430212 0.753556 0.8397964 -0.1692498 19.87771 0.7901249 0 0.0
-0.01695207 0.04062985 -2.797218 -4.380489 1.516559 2.140204 0.1615818 19.71677 nan 0 0.0
-0.02488116 0.01577475 2.381366 -2.696292 0.5672882 0.4861598 0.2766842 18.6936 0.8306465 0 0.0
-0.001411135 0.03449349 8.286777 13.71255 1.71364 1.17306 0.0642313 19.53949 nan 0 0.0
0.007123729 -0.03697958 1.091258 -0.3758625 0.2730338 0.4339453 -0.7067624 17.70953 nan 0 0.0
-0.003951546 -0.03455278 -0.400509 -1.397124 1.368009 0.8272673 0.01827092 19.31701 nan 0 0.0
0.1822499 0.01213993 1.125461 0.3893761 0.06371874 0.06504795 -0.04584313 16.04014 1.347309 1 0.9968936
-0.008169155 -0.08690661 4.40065 0.3625445 1.999735 2.134245 -0.4378787 20.65736 0.6362438 0 0.0
-0.05925213 -0.03226038 0.01648329 0.3477495 0.716862 0.6642338 -0.2661029 19.88618 0.6221447 0 0.0
-0.0930215 -0.005729384 -2.117404 -1.396736 1.488246 1.157897 -0.2234701 20.3972 0.7094326 0 0.0
0.01915967 -0.0417691 4.842833 -3.156324 1.241309 1.162113 0.106096 19.20051 0.9426727 0 0.0
0.05945844 0.0314295 0.7485467 -0.923027 1.967313 2.349321 -0.501016 20.6674 0.4175396 0 0.0
0.004573875 -0.03451473 -2.70595 2.687253 0.2321979 0.2361721 -0.15207 17.65422 0.9915142 0 0.0
-0.05243142 -0.04407178 1.508033 -0.1651433 0.4738005 0.4383859 -0.1296734 19.32099 0.5472622 0 0.0
-0.002299954 -0.04488278 0.800725 0.5069871 0.1867726 0.1845319 -0.1741466 17.65058 1.138226 0 0.0
-0.04897117 0.02089916 0.6869953 -0.004361999 0.5621481 0.5177214 -0.1645578 19.44729 0.7035999 0 0.0
-0.04394222 0.03972195 3.031934 -2.416187 2.307761 2.053884 -0.4044455 20.5422 nan 0 0.0
-0.04316549 0.008747829 1.560993 0.02548382 0.4150506 0.4654415 -0.2236386 18.97842 0.9295597 0 0.0
0.06266597 0.06291644 -0.452431 0.5523592 0.9012035 1.195888 -0.3508361 20.10888 1.12291 1 0.8551186
-0.0759312 -0.1022413 1.911967 0.1546092 0.5253763 0.4715814 -0.1428677 19.41122 0.8647747 0 0.0
-0.0580714 -0.03340221 -1.445492 0.3679188 1.378704 1.092358 -0.2985796 20.30184 0.2594013 0 0.0
-0.01005697 0.02019416 -4.228989 -5.529571 0.5507808 0.515288 0.2538628 17.75046 nan 0 0.0
-0.08058106 0.005709158 1.713843 0.6009862 0.79848 0.9230207 -0.1489444 20.01907 nan 0 0.0
-0.01154756 -0.02813865 3.442146 4.457652 1.035395 0.7568353 -0.05002838 19.28475 nan 0 0.0
0.1486964 0.09791127 -1.341578 4.222795 0.6338749 0.6332966 -0.1761308 19.68559 1.096161 1 0.0
0.05695489 -0.04744556 1.222883 0.8770003 0.7965262 0.7080721 -0.04440368 19.80677 0.8965244 0 0.0
-0.02501644 0.01479043 -0.5256041 -1.23562 0.8633934 1.278872 0.02679807 19.3701 nan 0 0.0
0.05508872 0.01122849 0.216823 0.4019811 0.6495627 0.8680482 -0.5175425 19.03878 0.8640442 0 0.0
-0.1166632 -0.1243071 -3.343903 8.348064 3.299967 3.007727 -0.6585626 20.68114 1.636774 0 0.0
0.0006275714 0.07077891 0.08001252 4.439148 1.904015 2.519379 -0.004814816 20.78061 nan 0 0.0
0.0774853 0.05158636 0.6887956 0.9450704 0.2663743 0.3033003 -0.2103683 18.18756 0.5470734 0 0.0
-0.08913962 -0.07007814 0.8545669 1.014536 0.6115404 0.5375677 -0.2194781 19.47864 0.9917965 0 0.0
-0.09833469 -0.06247321 0.8585523 0.7018449 0.6262483 0.6383303 -0.3409969 19.46565 0.8244553 0 0.0
-0.08181552 -0.00406787 1.782981 0.7863603 0.6219877 0.6078786 -0.1920684 19.64211 0.5966415 0 0.0
-0.0003844135 -0.05626574 -9.691819 -1.921304 1.844444 1.179326 -0.09869081 20.25252 nan 0 0.0
0.0485514 -0.01804057 -0.07880615 1.907153 0.6278329 1.14222 -0.5687064 18.91534 0.9238472 0 0.0
-0.05586354 0.01630808 1.22417 0.505814 0.06755959 0.07131129 -0.1033393 16.1236 1.12759 1 0.9977801
-0.03512122 0.03524119 3.333037 -0.474346 0.9409013 1.068274 0.008099799 19.96864 nan 0 0.0
-0.01632283 0.04133215 -0.2777061 0.8590604 1.217422 1.16492 -0.2721639 19.9318 nan 0 0.0
0.0776583 0.04176679 1.085807 -0.1661753 1.396189 1.127811 0.5397949 19.92103 nan 0 0.0
0.04048722 -0.1206579 -5.637174 5.431507 0.6053513 0.5334052 -0.08704932 19.50384 1.197519 1 0.0
-0.04042551 -0.02824289 1.878044 -1.434899 1.703558 1.210626 -0.1006131 20.18385 0.8482876 0 0.0
0.07882433 0.04978956 0.844302 0.5330643 0.4687539 0.5183721 -0.2361485 19.24776 0.9666309 1 0.9905284
0.03212057 -0.005343472 0.4723654 0.7310469 0.6336385 1.222037 -0.5583424 19.0222 0.7232075 0 0.0
0.04134959 -0.004753362 2.60252 -1.712607 0.7347332 1.144204 -0.7724236 18.94212 nan 0 0.0
-0.02812898 0.06414192 -0.7104504 -0.7063637 1.342657 1.517814 -0.06466127 20.40201 0.4771175 0 0.0
0.008477517 -0.03388244 6.405134 -16.8545 2.050159 1.54568 -0.1393663 19.44246 nan 0 0.0
0.1357236 0.024172 -6.961453 8.240649 1.146314 1.127702 -0.00973193 20.312 2.326456 1 0.0
-0.05611397 -0.03764 -2.56483 4.841167 0.7696655 0.7564355 -0.24394 19.8824 nan 0 0.0
-0.002232486 -0.0001974194 -0.5763624 -2.734155 0.8806152 0.9860759 -0.1401661 13.89163 1.229136 0 0.0
0.031016 -0.1529632 0.483581 0.5124728 0.4671067 0.4643504 -0.1407408 19.08704 1.021547 1 0.9640549
-0.003682252 -0.01567762 1.247422 -0.2487419 0.03925536 0.03407777 -0.03637715 14.27196 1.416492 0 0.0
-0.004021806 0.04579999 8.902612 4.164695 1.784142 1.06146 0.2389131 19.97235 nan 0 0.0
0.203405 0.002886138 -4.297576 4.309532 0.338153 0.3329358 -0.09042595 18.71007 0.9699821 0 0.0
0.06748422 -0.01309182 -0.05901019 0.3182198 0.508446 0.5744788 -0.2780762 19.19773 0.8150406 0 0.0
-0.0984273 -0.00541294 -4.87291 2.841881 0.4832533 0.5271717 -0.2482281 19.41249 nan 0 0.0
-0.02922118 0.02883954 -6.501726 2.779281 0.2441903 0.2549051 -0.09966169 17.60311 1.093653 0 0.0
-0.1038358 -0.0529724 1.824497 -0.4350317 1.890426 1.71817 -0.5608141 20.52052 0.7561855 0 0.0
0.05588349 0.08814654 0.9880316 2.326098 1.146878 1.324836 -0.1792664 20.06546 0.583168 0 0.0
-0.01795443 0.03489953 0.8117813 0.8100836 1.098217 0.700187 0.5853125 19.32599 0.8896885 0 0.0
-0.006914663 -0.06616958 5.670151 -5.332043 1.435813 0.9829348 0.0905491 19.6175 0.7985096 0 0.0
-0.01619258 0.04065321 -2.299442 -2.819187 1.188165 1.032027 -0.02942669 19.41264 nan 0 0.0
-0.05506548 0.04469876 -2.485441 6.274813 2.337278 1.91452 -0.4727665 20.37789 nan 0 0.0
-0.02175921 -0.09100355 2.816163 -0.8714479 1.051916 0.927354 -0.3822444 19.91918 0.7966862 0 0.0
-0.05391947 -0.0119778 0.9354651 1.562741 1.730012 1.459668 0.2531514 20.36878 0.6743069 0 0.0
-0.03200757 -0.195933 -3.748579 -0.4209643 1.765234 1.183389 -0.07198236 20.362 0.8394852 1 0.131294
-0.04108589 -0.02828204 1.397978 -1.363868 1.451271 1.236304 -0.3949061 20.13248 nan 0 0.0
-0.01831393 0.01003509 2.572907 1.07942 0.2851895 0.3150561 -0.02450521 17.75718 nan 0 0.0
0.04428368 -0.05283091 -0.5532773 -0.2712076 0.9247799 0.702141 0.03567087 19.77099 0.9013023 0 0.0
-0.07007747 -0.02943305 -0.04389012 2.751852 2.646786 2.48306 -0.5896504 20.778 0.9990597 0 0.0
-0.004135494 -0.05905841 1.435575 0.3526992 0.06643274 0.06990653 -0.07815246 16.10489 1.071107 1 0.9922843
-0.0197059 -0.02818917 3.814284 -2.431852 0.9103629 0.8992327 -0.5052661 19.28179 0.8086948 0 0.0
0.06718398 -0.08373182 0.6493925 0.4740096 0.7427381 0.675698 -0.1764373 19.81321 0.8005219 0 0.0
-0.03547068 0.03447016 1.487101 -0.04338842 0.4842811 0.5242938 -0.1393504 19.01907 0.8991184 0 0.0
-0.007082895 -0.06570423 -11.61801 3.115786 0.9394946 0.749863 -0.08537092 19.55327 1.153214 0 0.0
0.03705049 -0.1141908 0.9442257 0.06743418 0.1884128 0.1954009 -0.1468732 17.72696 1.23263 1 0.9970616
0.08544467 -0.1985149 -1.043911 0.768655 0.5245565 0.4575568 0.1145671 18.95062 1.720795 1 0.008911228
-0.03475787 -0.07479717 0.4258113 0.4251518 0.7119507 0.6003067 -0.3368721 19.61314 0.7314949 0 0.0
-0.02896624 0.08754038 -1.901803 1.075144 2.277389 2.476776 0.08172142 20.83348 1.094719 0 0.0
0.03553266 0.04634905 1.05136 1.22279 0.4421403 0.4418108 -0.2743882 18.99919 0.8461418 0 0.0
0.2001387 0.004757014 0.1678302 0.3001121 1.352721 1.151871 -0.03647281 20.23831 1.055487 0 0.0
-0.09302249 0.0001757994 4.194082 -2.65871 2.025141 1.844321 -0.3957307 20.60813 0.4381542 0 0.0
-0.004376952 -0.0458062 0.5262383 -0.07570937 0.6165449 0.6858879 -0.402603 19.01356 nan 0 0.0
-0.0792937 -0.0460069 1.010201 1.371839 0.8232849 0.7327088 -0.182632 20.03156 0.918457 0 0.0
-0.06504027 -0.0213866 0.979689 -0.7985213 0.6466675 0.5577174 -0.1106892 19.66893 0.3022537 0 0.0
-0.08676902 -0.01342183 0.9811821 -0.5613205 0.4095835 0.4241446 -0.2017423 19.03946 0.843626 0 0.0
0.06622591 -0.01105926 0.7940553 0.2791469 0.06583418 0.06560184 -0.08240593 15.93252 1.141255 1 0.9987802
-0.02500306 0.01434794 1.925741 5.26818 0.9958882 1.349642 0.1217138 19.33685 nan 0 0.0
0.01900024 -0.0931682 -5.76523 6.468582 0.1924195 0.1952342 -0.1149432 17.93715 1.126223 1 0.0
-0.04713549 -0.05290443 0.8576028 -0.3325496 0.492864 0.4253539 -0.3366165 18.95247 0.8450203 0 0.0
-0.09298265 -0.02256742 -0.0499036 2.527465 1.941213 2.057935 -0.4148675 20.67732 0.5269775 0 0.0
-0.03033154 0.02379528 -2.726305 11.55631 1.738772 2.229936 0.1943769 19.54895 0.8855476 0 0.0
0.01409608 -0.1573969 -3.178666 7.067328 0.2017143 0.2508627 -0.2614454 17.77951 1.102224 1 0.0
0.2246436 0.07695364 -2.373946 6.459839 1.14297 1.206315 -0.07648809 20.31099 0.8877525 0 0.0
-0.1087275 -0.0798093 2.322683 -0.8745698 1.473777 1.111013 -0.3082497 20.34617 1.015032 0 0.0
0.03081973 -0.1219649 0.9460331 -1.465159 2.057423 2.720728 -0.2249288 20.61893 0.7798672 0 0.0
0.04654781 -0.04165004 2.193355 0.1402695 1.601216 1.011796 0.1821874 20.17105 0.6217575 0 0.0
-0.06730916 -0.1183696 -4.263803 3.608296 0.1345686 0.1400185 -0.157444 17.17574 0.979393 1 0.0
0.006786954 0.01356524 0.9801649 7.185457 0.794814 0.7524461 -0.1479385 14.77227 0.7317104 0 0.0
0.1278867 -0.07775761 1.038481 -0.9501761 0.4370709 0.437125 0.01003368 19.05806 0.8797226 1 0.869676
-0.09020265 0.002031732 -0.2177164 0.9890974 1.671512 1.250889 -0.407691 20.3942 0.8179531 0 0.0
0.02311065 -0.0829633 1.050178 -0.006663557 0.1094294 0.1132393 -0.08906173 16.85655 1.268328 1 0.9980031
-0.06480116 -0.0211724 1.284781 2.122319 0.9837927 0.8386415 -0.2069168 19.93638 nan 0 0.0
-0.002080823 -0.03354549 -2.382824 3.05763 0.4277837 0.4366539 -0.3253123 17.4398 1.117065 0 0.0
0.02883616 -0.1364432 -11.87957 6.715051 3.019209 2.621005 -0.3666788 20.73763 1.761703 0 0.0
0.01069736 -0.05156054 -2.537648 0.4629949 1.525575 0.9260866 -0.05783023 19.85018 nan 0 0.0
-0.007588601 0.07700343 6.134138 4.911731 1.803954 1.536683 -0.02247727 20.18862 0.8028259 0 0.0
0.0557109 0.04870287 -0.6389262 0.05812023 1.734605 2.776103 0.0789446 20.66324 0.8023586 0 0.0
-0.1053014 -0.05042224 1.106569 0.403781 0.5621691 0.4997985 -0.2417436 19.52869 0.7614613 0 0.0
0.03251545 0.02648591 -3.262963 5.088575 0.7696092 0.9349752 -0.6964529 18.62333 1.006702 0 0.0
-0.097434 -0.04695164 2.394041 -2.048115 1.604966 1.247253 -0.02188958 20.20908 0.8470364 0 0.0
-0.005395385 -0.224883 -3.867237 4.103589 0.4593491 0.4261755 0.05320713 19.0302 1.046526 1 0.0
-0.04648281 0.05245879 -0.246653 0.750114 1.941479 1.097321 0.712109 19.86482 nan 0 0.0
-0.1027565 -0.06957754 1.176926 -0.254846 1.49098 1.30711 -0.3125336 20.41828 1.002365 0 0.0
-0.02801682 -0.006086562 2.29722 1.46326 0.6592376 0.9310119 -0.4330854 18.84338 nan 0 0.0
-0.015589 0.007259703 -0.2022155 -2.172256 0.3926499 0.2670991 0.61662 16.47599 nan 0 0.0
-0.05569787 -0.0416522 -1.083143 4.270922 2.064492 1.821521 -0.4791149 20.51345 nan 0 0.0
0.01286161 -0.2317367 -0.2752866 2.496839 2.33203 1.562482 0.2995545 20.32537 1.219929 0 0.0
0.004780817 -0.03567443 2.505917 -1.158251 0.3475376 0.3504918 -0.1688179 18.00967 1.037634 0 0.0
0.005505699 -0.03617811 6.359088 3.006615 1.200293 0.8670552 -0.2578953 19.4129 nan 0 0.0
-0.00457686 -0.04980403 0.8010368 0.2034052 0.197423 0.188069 -0.06894577 17.59864 0.6833229 0 0.0
-0.1143812 -0.02998956 0.1787471 0.8798985 0.658837 0.5994781 -0.09096163 19.81322 0.8284073 0 0.0
0.01042783 -0.07919408 0.907479 0.8309635 0.7511737 0.6574053 -0.2262444 19.79471 0.7729836 0 0.0
0.08487486 0.03072811 -4.539634 8.333947 0.5759234 0.6033476 -0.1136302 18.20517 1.052498 0 0.0
0.0215362 -0.08022304 -1.494137 0.2660129 0.900775 0.8413747 -0.08483168 19.67287 1.090912 0 0.0
0.082525 0.03258937 1.967482 -0.7985981 0.7233296 0.9610527 -0.3386318 19.66405 nan 0 0.0
-0.03310671 0.00154468 1.040446 -0.2120156 0.09161581 0.1014319 -0.1436167 16.01296 1.094553 0 0.0
-0.09292535 -0.04659233 1.582475 1.231483 0.5355515 0.4789852 -0.2136549 19.45406 0.8653774 1 0.9261246
-0.0348802 0.04960003 2.787245 -1.364922 1.017255 0.7846352 0.1533885 19.81293 0.5781956 0 0.0
0.002690558 -0.1587132 -5.616551 6.821661 0.1990037 0.1964087 -0.08771375 17.7269 1.21291 1 0.0
-0.05708607 -0.05531939 1.261431 -2.617175 2.011203 2.354769 -0.5004851 20.51501 nan 0 0.0
-0.0009266001 -0.08908738 -1.994917 1.194151 1.257477 1.094367 0.01060659 20.29921 0.9090805 0 0.0
-0.03366812 0.02542401 1.588868 -0.07135189 1.354222 2.255724 -0.2570251 19.84725 0.2885609 0 0.0
0.03701025 -0.0263535 -0.1783198 -0.9948652 1.032797 2.373291 -0.2563998 19.79777 nan 0 0.0
0.05013883 0.02044687 3.423663 -3.87927 1.028758 1.496408 -0.6113658 19.84895 nan 0 0.0
0.2144841 0.09344008 -7.876938 5.314102 0.250729 0.2532409 -0.1698566 18.35772 1.612068 1 0.0
-0.02712343 0.08503223 0.467659 0.6243075 2.032229 1.583225 -0.1317605 20.6982 0.8081436 0 0.0
0.04034667 -0.00370661 0.6072613 3.257085 1.006506 2.276079 -0.4216051 19.67812 0.9392109 0 0.0
0.05788236 -0.06440009 -7.416182 5.095269 0.2509205 0.248839 -0.06498175 18.07118 0.980217 1 0.0
-0.03078297 0.004446613 1.247554 0.2334747 0.03584427 0.03795887 -0.1429295 14.70846 1.386477 1 0.9991424
-0.06728075 -0.01637959 0.5584654 0.2463193 0.2844228 0.3029017 -0.2819034 18.55803 0.00891304 0 0.0
-0.00428469 -0.05627371 1.01497 0.1457735 0.168368 0.1731044 -0.1271229 17.67583 1.184813 0 0.0
-0.06664957 -0.04620903 1.580217 0.2702017 0.4840428 0.4367897 -0.1890074 19.36135 0.7915821 0 0.0
-0.06419059 0.04329763 -0.4738042 1.682635 0.6167008 0.5033428 -0.3303953 19.28745 0.9393291 0 0.0
-0.01620339 -0.03823475 -0.06855527 0.7508854 1.867816 1.062693 -0.1665691 20.06723 nan 0 0.0
-0.101619 -0.05756446 -1.972121 1.20711 1.024897 0.7448169 -0.170674 20.02043 0.9806252 0 0.0
0.1841052 0.1542355 -4.712078 2.594139 0.1122764 0.10891 -0.2448201 16.83052 0.9502106 1 0.0
0.08773403 0.05186773 0.2453373 1.617402 0.6307546 0.7035914 -0.2248959 19.78072 0.8470058 0 0.0
-0.0004102515 -0.05851641 1.277042 0.1577309 0.1053507 0.1072553 -0.1323918 16.8699 1.267902 1 0.9985557
-0.007029454 0.07652293 0.7756286 0.4755115 0.8655934 1.119366 -0.4195825 20.04045 nan 0 0.0
-0.02827762 0.08818198 -0.7303823 -0.07427941 0.8898717 0.9669912 -0.2596301 20.16269 0.853384 0 0.0
-0.1076261 -0.04988214 0.6230106 0.405227 1.1437 0.9417772 -0.2321023 20.13867 0.8229694 0 0.0
-0.09558812 -0.02018855 1.777584 1.200168 1.35271 1.112038 -0.2066914 20.36574 0.5555305 0 0.0
-0.003458374 -0.04383768 -1.122013 -0.7090299 0.8761636 0.6768151 -0.2327948 19.46411 0.9927883 0 0.0
0.05237465 0.05275315 1.364635 0.9838081 0.1812054 0.2175121 -0.4285394 16.53613 1.260627 0 0.0
0.004950512 -0.02810611 0.9391347 1.004431 0.1320391 0.1490133 -0.1215524 16.07362 1.15618 0 0.0
0.09781376 0.005613848 -4.364589 2.864048 0.6556697 0.693799 -0.3101711 19.69329 1.27066 0 0.0
-0.08264863 -0.01554508 -3.560563 4.639266 0.1061539 0.1140162 -0.1421386 16.87222 0.9369144 1 0.0
0.1092756 -0.05177329 2.775102 1.149426 1.722452 1.397163 0.0195251 20.59578 1.031258 0 0.0
0.01084181 0.01791267 0.8688739 -0.7382388 0.400467 0.3662791 -0.5541491 16.77135 1.007281 0 0.0
-0.03280882 0.02836239 -2.649657 7.77562 0.9796562 0.808134 -0.2692956 19.38231 0.5868645 0 0.0
0.03329919 0.07271147 1.557633 -2.268769 0.441947 0.458083 -0.2155047 19.00445 0.7169075 0 0.0
0.0352517 0.01032339 1.148136 -0.0492765 0.1289969 0.1877514 -0.416547 16.70608 1.244691 0 0.0
0.1349593 0.06200284 -7.581743 5.902445 1.545134 1.759015 -0.2106989 20.54806 1.003967 0 0.0
