data/gcs/NGC_6441.ecsv
# %ECSV 0.9
# ---
# datatype:
# - {name: x, unit: deg, datatype: float64}
# - {name: y, unit: deg, datatype: float64}
# - {name: pmx, unit: mas / yr, datatype: float64}
# - {name: pmy, unit: mas / yr, datatype: float64}
# - {name: pmx_e, unit: mas / yr, datatype: float64}
# - {name: pmy_e, unit: mas / yr, datatype: float64}
# - {name: pm_corr, datatype: float64}
# - {name: g_mag, unit: mag, datatype: float64}
# - {name: bp_rp, unit: mag, datatype: float64}
# - {name: filter, datatype: int64}
# - {name: memberprob, datatype: float64}
# meta: !!omap
# - comments: [deg deg mas/yr mas/yr mas/yr mas/yr dimless mag   mag   zeroone float]
# - __serialized_columns__:
#     bp_rp:
#       __class__: astropy.units.quantity.Quantity
#       unit: &id001 !astropy.units.Unit {unit: mag}
#       value: !astropy.table.SerializedColumn {name: bp_rp}
#     g_mag:
#       __class__: astropy.units.quantity.Quantity
#       unit: *id001
#       value: !astropy.table.SerializedColumn {name: g_mag}
#     pmx:
#       __class__: astropy.units.quantity.Quantity
#       unit: !astropy.units.Unit {unit: mas / yr}
#       value: !astropy.table.SerializedColumn {name: pmx}
#     pmx_e:
#       __class__: astropy.units.quantity.Quantity
#       unit: !astropy.units.Unit {unit: mas / yr}
#       value: !astropy.table.SerializedColumn {name: pmx_e}
#     pmy:
#       __class__: astropy.units.quantity.Quantity
#       unit: !astropy.units.Unit {unit: mas / yr}
#       value: !astropy.table.SerializedColumn {name: pmy}
#     pmy_e:
#       __class__: astropy.units.quantity.Quantity
#       unit: !astropy.units.Unit {unit: mas / yr}
#       value: !astropy.table.SerializedColumn {name: pmy_e}
#     x:
#       __class__: astropy.units.quantity.Quantity
#       unit: &id002 !astropy.units.Unit {unit: deg}
#       value: !astropy.table.SerializedColumn {name: x}
#     y:
#       __class__: astropy.units.quantity.Quantity
#       unit: *id002
#       value: !astropy.table.SerializedColumn {name: y}
# schema: astropy-2.0
x y pmx pmy pmx_e pmy_e pm_corr g_mag bp_rp filter memberprob
[from data line 12879]
-0.06144758 -0.1075789 -3.719248 -3.94898 0.3193117 0.2566379 0.1021919 17.91445 1.112211 0 0.0
-0.0737867 -0.04934335 -4.975715 -11.16797 0.7984626 0.6469231 0.2085761 17.30677 1.313955 0 0.0
-0.08444149 -0.09854497 -2.609598 -4.848609 0.4925063 0.3915896 0.1048439 18.52951 1.244736 0 0.0
-0.1086486 -0.09555457 -1.150681 -3.962834 0.2069556 0.1665641 0.08819235 16.95068 1.881877 0 0.0
-0.0877751 -0.05557621 -0.3915378 -5.382159 1.661223 1.353001 0.4186475 19.62729 0.5500832 0 0.0
-0.07626059 -0.1063717 1.366015 -4.411698 1.05657 0.8260812 0.4034643 19.26523 1.19791 0 0.0
-0.09879772 -0.1320515 -4.201932 -8.383051 0.9859078 0.9073526 0.4346314 19.24157 1.377701 0 0.0
-0.09527464 -0.07224404 -2.565743 -3.586617 1.891154 1.358819 0.4483448 19.97906 0.6733646 0 0.0
-0.1031479 -0.07998674 -2.989262 -3.222852 0.1170576 0.09353423 0.08567471 15.96796 1.796245 1 0.0
-0.116895 -0.09549436 -5.013039 -8.530724 0.1945385 0.1574719 0.06370935 16.83057 1.840225 0 0.0
-0.04879963 -0.07106692 -4.861586 -0.8266125 0.3212268 0.3088263 0.002173794 17.38207 nan 0 0.0
-0.03611502 -0.08570825 -6.564756 -2.735343 0.5599855 0.4821663 0.00733006 18.04853 nan 0 0.0
-0.06828125 -0.08138164 -9.43611 -8.328725 1.712353 1.432104 0.4073902 19.53053 1.078848 0 0.0
-0.07179952 -0.06581712 -3.82061 -5.365241 0.5945445 0.4510049 -0.03815282 18.61443 1.079252 0 0.0
-0.09221944 -0.04343167 0.7989992 -9.793607 0.9197348 0.7262587 0.3627042 19.14983 0.7837563 0 0.0
-0.09895859 -0.1206153 -17.11578 8.796174 2.950261 2.114907 0.4061706 19.88826 0.5281773 0 0.0
-0.02053811 -0.1102195 -6.488031 -0.8243018 0.5043392 0.3967747 0.1171387 18.77631 1.15682 0 0.0
-0.05816405 -0.07611274 0.1572145 -0.3752964 0.6576743 0.5420724 0.1052097 18.69036 0.9840508 0 0.0
-0.09046707 -0.1042854 -2.962519 -4.468114 2.109719 1.799916 0.5877551 19.84753 nan 0 0.0
-0.04553251 -0.0818147 -1.777168 -6.778296 0.5347567 0.4206351 0.2074639 18.8479 1.285538 0 0.0
-0.09962583 -0.05709003 -0.9885241 -1.989199 0.5603333 0.4299953 -0.1174952 18.40549 nan 0 0.0
-0.09218437 -0.05224739 -0.3092216 -10.11077 1.669028 1.372028 0.3227518 19.81412 0.5549088 0 0.0
-0.08293959 -0.1150495 -2.594598 -3.506086 1.604179 1.315498 0.4099624 19.85032 0.9671383 0 0.0
-0.1199243 -0.08728986 1.073913 -1.846408 0.9156961 0.7365644 0.1323688 18.99708 nan 0 0.0
-0.1076129 -0.08830517 -3.305079 -2.941197 0.219615 0.1772057 0.1115686 16.56286 1.842693 0 0.0
-0.1179723 -0.1066082 -5.943975 3.605671 0.8346691 0.7242377 0.02277834 18.90756 1.271978 0 0.0
-0.08735848 -0.05806672 0.1711783 -4.713616 0.6460426 0.5409557 -0.03666747 18.63583 1.030146 0 0.0
-0.08572781 -0.1225179 -0.1260719 -5.967566 1.533007 1.265489 0.3463135 19.7321 nan 0 0.0
-0.0919977 -0.06565964 -8.228643 -1.828122 1.059112 0.8264738 0.4853475 19.28044 1.029638 0 0.0
-0.02153024 -0.1277978 -5.879449 -0.9586007 0.9771193 0.7770107 0.3924143 19.35609 1.261677 0 0.0
-0.07680991 -0.1162981 -6.771773 -11.66656 0.5230514 0.4176565 0.1020385 18.68849 1.575397 0 0.0
-0.09961165 -0.1232712 -3.122042 -6.31016 0.2130886 0.1715768 0.07865448 16.7383 1.788144 0 0.0
-0.04706437 -0.08328429 15.26144 9.183387 3.117293 2.345622 0.3322481 19.97508 nan 0 0.0
-0.1027784 -0.1012455 2.486499 -1.689157 0.1728989 0.1385643 0.08816873 16.94244 1.726993 0 0.0
-0.04553235 -0.0820741 -2.081117 -5.396636 1.431298 1.140036 0.547559 19.7527 nan 0 0.0
-0.0806456 -0.07691915 -2.376221 -2.856003 0.9631491 0.7631104 0.3192342 19.19829 0.74687 0 0.0
-0.1200101 -0.07922573 0.5329783 0.692074 0.3654047 0.2868392 0.08290506 18.14998 1.336901 0 0.0
-0.05690204 -0.1041536 -5.571773 -4.073413 1.347112 1.04719 0.1391517 19.64148 0.8626938 0 0.0
-0.07583567 -0.117781 -1.851433 -2.779957 1.702337 1.366174 0.6148523 19.86183 nan 0 0.0
-0.1012629 -0.08866263 -4.264695 -5.627766 1.714871 1.344674 0.6658995 19.65633 nan 0 0.0
-0.05287935 -0.1176738 -3.217483 -3.553293 1.667872 1.29378 0.5116399 19.86637 1.409424 0 0.0
-0.06228727 -0.06252807 -2.800072 -2.721692 1.352727 1.053714 0.7575416 19.22787 nan 0 0.0
-0.1200207 -0.08785841 -3.645861 -5.079138 0.1364961 0.1112018 0.1015289 14.64987 2.956906 1 0.0
-0.03500007 -0.1292677 -12.0881 -5.934786 1.856692 1.509039 0.2825451 19.93974 1.00876 0 0.0
-0.05976768 -0.1097558 -1.573329 -3.541194 0.3813533 0.3042917 0.1066544 18.31885 1.140961 0 0.0
-0.05817332 -0.06405068 -1.073953 -5.35601 0.4629311 0.3761757 0.2623571 18.57243 0.9458656 0 0.0
-0.07953646 -0.09046015 0.01631244 -7.34936 1.010685 0.8146073 0.4101302 19.2985 1.519222 0 0.0
-0.08364198 -0.1176366 -4.303793 -4.629858 1.378079 1.111093 0.4829006 19.75185 0.7367439 0 0.0
-0.0401981 -0.09345413 -3.595465 -5.955018 0.3193991 0.2562661 0.1653224 17.63327 1.523331 0 0.0
-0.09289786 -0.1252615 0.4016561 -4.785901 1.864191 1.5109 0.4765084 20.02168 1.183861 0 0.0
-0.05649998 -0.1214033 3.144705 -6.27051 1.449888 1.184727 0.3667751 19.70792 1.070894 0 0.0
-0.1187264 -0.09100349 -9.028544 -6.072835 0.7259637 0.5812821 0.2259876 18.77356 1.373146 0 0.0
-0.03930097 -0.08781554 0.4762513 -2.519023 0.1518848 0.1216769 0.1257694 16.5425 nan 0 0.0
-0.09870392 -0.05484578 -4.747098 -7.069991 1.865035 1.472306 -0.07568908 19.56902 1.008123 0 0.0
-0.07715017 -0.04490639 -2.864805 -5.155243 0.191216 0.1531655 0.2394681 16.80949 1.304099 0 0.0
-0.07899607 -0.07212615 -4.097526 -5.336835 2.834117 2.388827 -0.1890336 20.28135 nan 0 0.0
-0.03889109 -0.1279077 2.159052 -2.621806 1.559956 1.259406 0.3844955 19.82206 1.311203 0 0.0
-0.0194421 -0.1163303 1.892235 -0.9511611 0.4414228 0.3605323 0.03185401 17.99181 1.42996 0 0.0
-0.1116347 -0.0665405 -0.08320384 -1.159047 0.3190381 0.2655161 0.1966843 17.73726 1.56632 0 0.0
-0.05790594 -0.06363468 -1.411525 -2.991414 0.5489918 0.4164786 0.1738007 18.61381 0.5941677 0 0.0
-0.05400257 -0.1112582 2.078642 -6.116639 1.07298 0.8717833 0.03636315 19.0398 1.573875 0 0.0
-0.1142613 -0.1158875 0.662606 -6.212179 0.9074361 0.8374077 0.3635839 19.22583 1.19099 0 0.0
-0.07715873 -0.0364988 -5.848286 -7.834587 1.656083 1.294499 0.7440087 19.09353 0.6038208 0 0.0
-0.1166249 -0.09713426 -5.803462 -4.433671 0.2988943 0.2366485 0.2611071 17.67458 1.370831 0 0.0
-0.06890689 -0.08899634 -4.737999 -5.956128 1.121538 0.8626818 0.3114009 19.43684 0.9558582 0 0.0
-0.1167677 -0.09912575 -5.406661 -7.583574 0.4527085 0.3670157 0.1099826 18.13238 1.533934 0 0.0
-0.1040896 -0.08521798 -2.553347 -3.660266 0.1793705 0.1439306 0.06599569 16.6766 1.695393 0 0.0
-0.1032982 -0.1302608 -2.428729 -6.875553 0.1749342 0.1522283 0.01010143 16.51492 2.025374 1 0.0
-0.05724108 -0.07394911 -4.534621 -3.842867 1.867612 1.264491 0.5990503 19.87807 0.51651 0 0.0
-0.0344499 -0.1093662 -5.807862 -7.5358 0.1629141 0.1302218 -0.008459039 16.90397 1.646352 0 0.0
-0.06513459 -0.06251902 -1.980443 -3.050632 0.8172435 0.6419403 0.5574389 19.06009 1.056707 0 0.0
-0.05940955 -0.07026959 -2.702815 0.5745772 1.263583 1.012275 0.5713812 19.45807 nan 0 0.0
-0.06874032 -0.1116555 0.687486 -5.2881 2.498724 1.881559 0.6639753 19.99787 1.125736 0 0.0
-0.08075805 -0.1083333 -3.427615 -8.002847 0.1758075 0.1397175 0.1717869 16.65805 1.837382 0 0.0
-0.0947118 -0.09422362 -9.76032 -6.476949 1.067053 0.8539757 0.4790918 19.41257 nan 0 0.0
-0.08418377 -0.04592858 -1.05991 -3.867312 1.088463 0.9180553 0.2456465 19.14625 1.0816 0 0.0
-0.1180408 -0.09383674 -0.3785336 -1.416008 0.5885574 0.4677159 0.1614066 18.9158 1.459562 0 0.0
-0.06643116 -0.1102267 -1.661722 -4.109774 1.125704 0.9097149 0.4644959 19.5468 1.198664 0 0.0
-0.07047406 -0.1302193 -0.8240543 -8.69861 1.370774 1.128359 0.4747701 19.75234 1.003958 0 0.0
-0.06449341 -0.07242142 -1.796504 -5.715103 0.3752479 0.2966311 0.2339238 18.33604 1.47443 0 0.0
-0.1195914 -0.1131911 -5.979581 -3.619709 1.930933 1.755831 0.2488374 20.04788 0.9645119 0 0.0
-0.05460996 -0.1121132 -0.3897027 -3.006018 0.6543638 0.5181402 0.2983364 18.9663 1.17848 0 0.0
-0.06934616 -0.06093584 -3.671659 -2.411392 0.2304488 0.1864344 0.1757716 16.73059 1.284946 0 0.0
-0.03945094 -0.1267369 -7.449983 0.1135199 1.592987 1.490857 0.1070635 18.92083 1.671228 0 0.0
-0.1109387 -0.09312411 -1.025739 -5.342861 0.3205046 0.2523161 0.1099481 17.92873 1.340279 0 0.0
-0.100844 -0.1108483 3.795472 -1.161303 0.8037939 0.6508814 0.1411226 18.39201 1.30916 0 0.0
-0.06431677 -0.05120012 -3.364958 -5.90031 0.5221871 0.4140565 0.1343694 18.52492 1.042664 0 0.0
-0.03628185 -0.09294098 -6.070673 -0.4944018 0.3248426 0.2587825 0.1604457 18.16376 1.443056 0 0.0
-0.09415989 -0.08813086 -0.6579374 1.114986 1.589973 1.230788 -0.1322127 19.59835 0.4591331 0 0.0
-0.07662281 -0.03683395 -2.240988 -8.963354 0.8248711 0.6543151 0.3096746 18.96817 1.031862 0 0.0
-0.0855251 -0.06521719 -4.271146 -7.249928 0.226946 0.1797425 0.3557496 17.10589 1.68918 0 0.0
-0.08979649 -0.1159652 -7.036629 -4.445885 1.604723 1.28654 0.5426659 19.09503 nan 0 0.0
-0.02038942 -0.1204466 -5.075432 -6.615256 0.4592178 0.3631639 0.1444386 18.64407 nan 0 0.0
-0.09036978 -0.06354816 -3.485716 -2.004383 1.562922 1.193213 0.2362014 19.45524 nan 0 0.0
-0.05492345 -0.08229776 -2.065737 -5.653114 0.3230643 0.2581948 0.2748806 17.67371 1.495687 0 0.0
-0.03729456 -0.1111833 -7.664336 -4.457024 1.261723 0.9856984 0.465761 19.76594 0.7793407 0 0.0
-0.1187757 -0.07511154 0.6084025 -10.22331 1.933554 1.582895 0.3987096 19.54344 1.389465 0 0.0
-0.03869101 -0.0912599 1.93134 -0.2079271 0.3715867 0.2974252 0.2471546 18.06122 1.575397 0 0.0
-0.06874464 -0.08014992 -1.61392 -4.432987 1.430139 1.197075 0.007498701 19.77111 0.478138 0 0.0
-0.0381883 -0.1232649 -4.742909 -1.994777 2.630714 1.991978 -0.02422911 19.99967 nan 0 0.0
-0.07657332 -0.03763118 -3.18523 -4.700631 1.05344 0.8611839 0.3235465 19.33241 nan 0 0.0
-0.02994875 -0.113858 -4.247279 -4.093174 0.9800221 0.786722 0.412365 19.30875 nan 0 0.0
-0.07669992 -0.05685357 -3.906168 -8.50709 1.207993 0.9667149 0.5066535 19.47303 0.5936298 0 0.0
-0.04862536 -0.07720084 3.174023 -3.204438 2.145118 1.656255 0.709804 19.9646 nan 0 0.0
-0.07973809 -0.08380372 -2.910569 -5.701171 0.3218362 0.2588912 0.09166633 18.03532 1.480215 0 0.0
-0.107814 -0.08375834 -6.209135 -5.250638 0.7955483 0.5936793 0.01503636 18.87102 1.304522 0 0.0
-0.1218505 -0.08461502 -1.141864 -4.53474 0.5562741 0.4445053 0.3100612 18.69793 1.631157 0 0.0
-0.06851863 -0.08792024 -5.727922 -6.91173 1.717149 1.337473 0.411575 19.81513 0.8751583 0 0.0
-0.0291369 -0.1379894 -0.3582539 -2.621685 1.019429 0.8263328 0.2903246 19.4447 1.15169 0 0.0
-0.08044999 -0.05492721 -5.087036 -4.248614 0.5185675 0.4110977 0.174167 18.52601 1.441456 0 0.0
-0.0738631 -0.09575302 -3.508646 -5.132208 0.4915664 0.4011639 0.2572448 17.84608 1.796963 0 0.0
-0.05878284 -0.06258631 -5.80479 -10.72559 0.9994946 0.7559374 0.4161675 19.25068 0.613781 0 0.0
-0.07979426 -0.07668174 -6.723056 -5.805877 1.561565 1.521105 0.2291623 19.5236 nan 0 0.0
-0.06875518 -0.09532096 -0.4701987 -12.90871 0.3197823 0.2543265 0.2474139 17.86564 1.435177 0 0.0
-0.0647687 -0.09193382 -4.104093 -4.875859 0.3814461 0.301722 -0.1094672 18.00611 1.395021 0 0.0
-0.1029311 -0.1141623 -0.8966372 -2.425171 0.3217822 0.2564453 0.04248701 17.93858 1.461742 0 0.0
-0.1144481 -0.07278936 -1.375703 -0.4769034 0.3677699 0.2937962 0.1809985 18.1514 1.367661 0 0.0
-0.07808675 -0.03364636 -1.425022 -7.443166 2.579859 2.138546 0.2561661 19.81555 1.196272 0 0.0
-0.04904002 -0.1131241 1.570976 -5.153237 0.2142616 0.1644568 -0.2238969 16.87041 1.746582 1 0.0
-0.06983223 -0.06164963 -3.813153 -5.251976 0.4021996 0.3175639 0.2022723 18.26648 0.8678741 0 0.0
-0.07936305 -0.1166021 -0.09213884 2.251942 0.6162344 0.5082812 0.06292213 18.01907 nan 0 0.0
-0.09996409 -0.1141927 -1.737457 -7.883522 0.3688191 0.2980683 0.01474177 17.99909 nan 0 0.0
-0.02150863 -0.118303 -2.565326 -5.579767 0.111513 0.09017603 0.09615976 14.8466 2.185994 0 0.0
-0.1094742 -0.07976291 -1.883502 -6.942492 0.1523367 0.1224098 0.155842 16.59949 1.76045 1 0.0
-0.09308253 -0.113524 0.4333216 -9.371779 1.97474 2.018352 0.5428986 19.97857 0.9824867 0 0.0
-0.06977975 -0.0657809 -1.18657 -2.251253 0.5207113 0.4128051 0.1499135 18.76289 0.9543495 0 0.0
-0.09457308 -0.08843274 -3.575848 -6.564555 1.047401 0.8299525 0.537343 19.11831 0.9256878 0 0.0
-0.09378984 -0.1314691 -2.382203 -4.737319 1.430059 1.158275 0.4264242 19.82873 0.8817101 0 0.0
-0.08920202 -0.1251236 -3.868296 -6.460992 0.2450109 0.1974858 0.1960845 17.31372 1.725508 1 0.0
-0.1046603 -0.07718119 -2.909161 -2.258645 1.129984 0.9082862 0.6254707 19.25969 0.856596 0 0.0
-0.06924498 -0.0651281 -2.494046 -2.65758 0.5252117 0.4153378 0.2156769 18.67613 0.9506912 0 0.0
-0.08979669 -0.09531245 -2.391423 -1.434544 2.123745 1.591366 0.3447228 20.05731 0.1111851 0 0.0
-0.06427882 -0.09588543 -6.05246 -3.24638 0.1312794 0.1010376 0.04429483 15.90754 1.959754 1 0.0
-0.06209616 -0.1174442 -12.88808 -15.80757 0.546807 0.4344453 0.0965447 18.86738 1.170691 0 0.0
-0.04541236 -0.1198166 -0.6831488 1.293815 0.5897496 0.4844752 -0.07623873 18.81078 1.386114 0 0.0
-0.03797632 -0.1096006 -1.989653 -3.604974 0.1686955 0.1351514 0.07871619 16.9755 1.863111 0 0.0
-0.1200319 -0.09614395 0.4720094 -5.013303 0.5757233 0.5023344 0.02167802 18.62785 1.366846 0 0.0
-0.05700487 -0.09680276 -3.025154 -6.063451 1.787114 1.60268 0.3303651 19.82236 nan 0 0.0
-0.06964557 -0.07937254 -3.78139 -12.73479 2.434311 2.486537 0.3742074 19.962 1.058334 0 0.0
-0.06998877 -0.05026672 -3.014672 -4.308003 1.362888 1.146852 -0.1381533 19.21044 nan 0 0.0
-0.09343868 -0.1205129 -6.955899 -8.283805 0.1916347 0.1545145 0.1307863 16.93078 1.838972 1 0.0
-0.1261724 -0.1044089 -1.014849 -2.686308 0.8426735 0.675777 -0.1523669 18.69188 1.339535 0 0.0
-0.07392346 -0.1086544 -3.042744 -5.521947 0.1233686 0.09920863 0.05081124 16.27567 1.859157 1 0.1377572
-0.1203032 -0.07853573 -1.794474 -4.478308 0.7951895 0.6290937 0.2691054 18.93449 1.438873 0 0.0
-0.0676966 -0.05498724 -3.097728 -0.2790458 0.5102372 0.4112122 0.1071733 18.14919 1.140945 0 0.0
-0.07209864 -0.109427 -3.384765 -5.361817 0.4130625 0.3298017 0.1207146 18.2476 1.65111 0 0.0
-0.06235385 -0.129331 0.282297 -7.843847 1.578463 1.435314 0.4694139 19.79804 1.010117 0 0.0
-0.03480733 -0.1253957 -1.252347 2.899986 1.867127 1.413657 0.3282909 19.67777 1.099684 0 0.0
-0.1237065 -0.08032649 -2.914415 -7.962955 0.5547718 0.4396837 0.1883844 18.83685 1.237061 0 0.0
-0.0473918 -0.1043187 -3.47942 -5.149667 0.75145 0.603637 0.3008679 18.96315 nan 0 0.0
-0.09711092 -0.1202619 -1.421219 -6.771819 0.7471789 0.4904766 0.703994 17.97489 nan 0 0.0
-0.07909667 -0.04570185 3.170247 -1.870575 0.5424291 0.4349811 -0.06518064 18.49276 1.139338 0 0.0
-0.06941102 -0.09634772 -0.7693434 -3.076939 1.519083 1.196692 0.5611045 19.67753 0.973835 0 0.0
-0.107922 -0.1103393 0.2610918 -6.417042 2.761564 2.43193 0.222604 20.22224 nan 0 0.0
-0.1267833 -0.08819366 -6.171288 -2.636023 0.6301106 0.5640443 -0.1833803 18.79234 1.477097 0 0.0
-0.06761743 -0.06187651 -1.802316 -2.599665 0.576614 0.4381928 0.1730552 18.67071 nan 0 0.0
-0.1053912 -0.0939478 -2.283361 -5.489867 0.2053543 0.1643161 0.1908623 17.07784 1.911243 1 0.6034863
-0.08027985 -0.1005813 -2.956016 -4.801777 1.624417 1.247274 0.6383555 19.50243 1.161388 0 0.0
-0.09861327 -0.08705697 -3.995201 -3.434958 0.4198638 0.3324869 0.1081402 18.40106 1.477587 0 0.0
-0.121809 -0.1104214 -2.394725 -2.884504 0.3887676 0.3409192 -0.01081459 18.26797 1.348324 0 0.0
-0.07923499 -0.02980996 -5.502045 -9.876834 1.107143 0.8843688 0.5040105 19.43299 0.9994278 0 0.0
-0.05692345 -0.1080217 -4.303231 -6.099271 1.741739 1.396221 0.3514542 19.83874 1.08716 0 0.0
-0.06391878 -0.09015164 -1.499228 -4.182286 0.3248667 0.2634334 0.0687637 17.66358 1.325344 0 0.0
-0.05862688 -0.1068214 1.270829 -2.670375 1.394469 1.068295 0.3294745 19.62824 0.701952 0 0.0
-0.03758987 -0.1042102 -1.658967 -4.106326 0.9375652 0.7430102 0.4817112 19.36554 nan 0 0.0
-0.04963197 -0.1005207 -2.421233 -3.524354 0.4414895 0.3507873 0.09094822 18.50392 1.53422 0 0.0
