data/gcs/NGC_6401.ecsv
# %ECSV 0.9
# ---
# datatype:
# - {name: x, unit: deg, datatype: float64}
# - {name: y, unit: deg, datatype: float64}
# - {name: pmx, unit: mas / yr, datatype: float64}
# - {name: pmy, unit: mas / yr, datatype: float64}
# - {name: pmx_e, unit: mas / yr, datatype: float64}
# - {name: pmy_e, unit: mas / yr, datatype: float64}
# - {name: pm_corr, datatype: float64}
# - {name: g_mag, unit: mag, datatype: float64}
# - {name: bp_rp, unit: mag, datatype: float64}
# - {name: filter, datatype: int64}
# - {name: memberprob, datatype: float64}
# meta: !!omap
# - comments: [deg deg mas/yr mas/yr mas/yr mas/yr dimless mag   mag   zeroone float]
# - __serialized_columns__:
#     bp_rp:
#       __class__: astropy.units.quantity.Quantity
#       unit: &id001 !astropy.units.Unit {unit: mag}
#       value: !astropy.table.SerializedColumn {name: bp_rp}
#     g_mag:
#       __class__: astropy.units.quantity.Quantity
#       unit: *id001
#       value: !astropy.table.SerializedColumn {name: g_mag}
#     pmx:
#       __class__: astropy.units.quantity.Quantity
#       unit: !astropy.units.Unit {unit: mas / yr}
#       value: !astropy.table.SerializedColumn {name: pmx}
#     pmx_e:
#       __class__: astropy.units.quantity.Quantity
#       unit: !astropy.units.Unit {unit: mas / yr}
#       value: !astropy.table.SerializedColumn {name: pmx_e}
#     pmy:
#       __class__: astropy.units.quantity.Quantity
#       unit: !astropy.units.Unit {unit: mas / yr}
#       value: !astropy.table.SerializedColumn {name: pmy}
#     pmy_e:
#       __class__: astropy.units.quantity.Quantity
#       unit: !astropy.units.Unit {unit: mas / yr}
#       value: !astropy.table.SerializedColumn {name: pmy_e}
#     x:
#       __class__: astropy.units.quantity.Quantity
#       unit: &id002 !astropy.units.Unit {unit: deg}
#       value: !astropy.table.SerializedColumn {name: x}
#     y:
#       __class__: astropy.units.quantity.Quantity
#       unit: *id002
#       value: !astropy.table.SerializedColumn {name: y}
# schema: astropy-2.0
x y pmx pmy pmx_e pmy_e pm_corr g_mag bp_rp filter memberprob
[from data line 834]
0.03604405 -0.0310151 -4.884879 -7.94772 0.4479464 0.3350755 0.2964333 18.53209 1.812687 0 0.0
-0.01552671 -0.04653682 -7.592296 -4.946037 1.54268 1.385336 -0.02478476 19.83822 2.300835 0 0.0
-0.01494481 -0.01399548 -4.75306 -1.020412 1.609789 1.443729 0.3970847 19.6863 2.459311 0 0.0
-0.03670386 -0.01300991 -0.8285989 -0.6601501 0.2538761 0.2045081 -0.05183061 17.37053 1.74757 1 0.0
-0.02855397 -0.03215573 -2.810557 -8.082909 0.4840874 0.3726337 -0.07279047 18.3914 2.209602 0 0.0
0.0003978751 -0.02415887 -4.332216 -6.724954 0.5600159 0.4601361 0.01246829 18.8652 1.982534 0 0.0
-0.03420425 0.02872738 -2.328625 1.38885 0.2723733 0.2226153 -0.037779 17.48329 nan 0 0.0
-0.02997613 -0.0335713 0.7632599 -4.970468 0.5844053 0.4569037 -0.08338255 18.66179 2.194138 0 0.0
-0.02283794 -0.02187589 1.067636 -0.613927 0.2064189 0.1643093 -0.03356131 16.63559 2.729074 1 0.0
0.01283994 -0.009129605 -9.746954 -7.585391 1.624614 1.362947 0.231374 19.38586 nan 0 0.0
-0.03352383 -0.01253603 -6.006748 -3.527959 0.2758879 0.2296678 0.1154021 17.42834 2.666918 1 0.0
-0.03384038 0.02448744 -4.188182 -2.579847 0.3219385 0.2878454 0.07998083 17.04408 2.442575 0 0.0
-0.03798197 -0.03036906 -12.30011 0.3077942 2.17075 1.954314 0.5319538 19.89062 nan 0 0.0
-0.03618586 0.02999713 -6.374569 -7.11626 0.3337657 0.2690911 -0.1288312 17.69654 2.717873 0 0.0
0.01001969 -0.04343874 -3.655121 -3.95511 0.3471506 0.2735816 0.1645037 17.95592 nan 0 0.0
0.007732411 -0.04912057 -2.12988 -6.003528 0.3536436 0.3151146 0.2991985 17.70885 nan 0 0.0
-0.03769306 0.03105146 1.730066 -4.876237 0.3356413 0.2745145 -0.0296745 17.41374 2.572989 0 0.0
0.008990025 -0.01117968 -3.068658 1.660092 0.25263 0.2113135 -0.1177995 17.26748 2.219116 0 0.0
0.01883248 -0.04541192 -4.310482 -7.673923 1.444394 1.250882 0.4539449 19.63091 nan 0 0.0
-0.03417599 0.02737889 -3.472767 0.623216 0.4020373 0.3217438 -0.07805222 17.14648 2.291937 0 0.0
-0.005042736 0.01038883 -4.00357 1.300137 0.7083738 0.5784747 0.1328456 18.95095 1.88348 0 0.0
-0.03269549 0.02124333 -2.557578 0.9562239 0.9453785 0.7881525 0.609709 18.44793 2.130049 0 0.0
-0.01514219 0.003950743 -2.384788 1.169953 1.285051 1.092962 0.3555733 19.22517 nan 0 0.0
-0.0395199 -0.01778293 -1.840679 -3.561371 1.145207 1.00654 0.5734868 19.23548 2.306623 0 0.0
0.03068997 -0.02592491 -1.534357 -3.303781 2.184126 1.750879 0.7193638 19.99278 nan 0 0.0
-0.03887945 -0.0139852 2.22945 0.07099345 0.7173247 0.6304218 0.1098259 18.89868 2.274141 0 0.0
0.0244428 -0.02101788 0.5856796 -2.580394 0.6048079 0.4489625 0.1249776 18.63636 1.960369 0 0.0
-0.03774702 0.02471524 -0.4298387 0.5565406 0.3933409 0.3107137 -0.3219713 18.06927 2.298105 0 0.0
-0.03177 0.002223482 -3.132259 1.156947 0.2443929 0.2002141 0.1043441 17.54305 1.958195 0 0.0
0.01242135 -0.01052956 7.675126 9.730742 0.5072538 0.3688107 0.4873658 17.95642 nan 0 0.0
-0.005572962 0.01281114 0.05700089 0.9435502 1.621198 1.433273 0.5602497 19.62964 nan 0 0.0
-0.03280682 0.0201523 -6.074153 -6.056564 0.1600315 0.1452486 -0.09539854 16.11686 2.660285 1 0.0
0.0003420689 -0.03130571 0.624936 -5.88661 1.261734 1.125172 0.5563614 19.55649 2.064499 0 0.0
0.0001747157 -0.03166429 -3.057563 -0.303392 1.760773 1.474357 0.4095309 19.72411 nan 0 0.0
-0.005431371 -0.03670171 -4.191776 -1.233861 1.265484 1.111292 0.5262093 19.37936 1.956213 0 0.0
-0.01017342 -0.02923091 -3.037667 1.073093 0.4961004 0.4043939 -0.1537282 18.59466 1.71909 0 0.0
0.01099576 -0.04419794 2.734589 4.554846 2.120177 1.858431 0.5974047 19.74842 nan 0 0.0
-0.01614662 0.004326369 -0.8960566 2.007372 1.200092 1.039678 0.3206421 19.29383 nan 0 0.0
-0.01159474 -0.0425901 -19.34598 -3.511439 1.963214 1.712837 0.4821369 19.23661 2.099251 0 0.0
-0.01544937 0.006361595 -1.617675 -9.170362 0.3489213 0.2819228 -0.07527821 17.40207 nan 0 0.0
-0.02047207 0.01050747 20.73979 9.290008 1.836956 1.577469 0.4226575 19.43757 1.785318 0 0.0
-0.03851505 -0.01986545 -4.09401 -8.395145 0.3482581 0.2909143 0.1562407 16.96155 2.813346 0 0.0
-0.02058161 -0.002449164 -3.087124 -2.932246 0.692878 0.5470394 -0.03022282 18.54859 nan 0 0.0
-0.03480775 -0.009948093 -3.283844 -2.325831 1.15298 1.030657 0.5675207 19.35724 2.011335 0 0.0
-0.01363519 2.558688e-05 -3.123881 1.710148 0.1895999 0.1567776 -0.2513476 16.44352 2.271166 1 0.9969319
0.01835937 -0.03833559 0.7303216 -2.598613 1.25684 1.103225 0.03237699 19.41191 1.700048 0 0.0
0.01169378 -0.03544709 -13.01722 -7.320798 1.339871 1.151107 0.3996766 19.5358 1.847231 0 0.0
0.0001189184 -0.0459694 -0.9367704 -5.58209 0.6325094 0.482846 0.00503957 18.52893 1.861935 0 0.0
0.0278163 -0.0289989 -2.55542 -7.477859 0.200784 0.1568814 0.1608977 17.01031 2.187102 0 0.0
-0.00607445 -0.002953115 -3.263283 1.779034 0.2646854 0.2069855 0.1855611 17.1157 1.966371 0 0.0
0.02759283 -0.03050566 -2.734802 -4.434057 0.1005358 0.0744422 -0.02729321 15.49184 2.594929 1 0.0
-0.001638251 -0.03290789 -2.752506 0.4755797 0.6019487 0.4715232 0.004968376 18.15475 1.959103 0 0.0
-0.004679611 -0.0009522484 -2.603331 0.5216399 0.570943 0.451914 0.2196397 17.2414 1.947999 0 0.0
0.002378159 -0.03315204 -3.277853 -8.006529 0.6377333 0.5162589 -0.1180831 18.89986 2.11879 0 0.0
-0.01045106 -0.04508863 2.447224 3.846734 1.320956 1.186162 0.3829104 19.38643 1.995693 0 0.0
0.00695262 -0.02907048 2.569277 1.494465 1.180448 1.042196 0.4800209 19.51318 1.895418 0 0.0
-0.0243755 -0.003992869 -10.3064 -5.585885 1.582832 1.416709 0.4853419 19.85037 2.42519 0 0.0
-0.03216189 0.007436169 0.542048 -2.938364 0.4037202 0.3390894 0.01465568 17.90127 2.285631 0 0.0
-0.004428571 0.0004344029 -2.261209 1.887652 0.39154 0.3062095 0.2124416 17.56298 1.637918 0 0.0
0.00240606 -0.03267711 -1.678273 2.272426 1.121684 0.9901381 0.5768437 19.24391 nan 0 0.0
-0.04131401 0.009840641 -2.803061 1.339268 0.6479343 0.5100702 -0.0308977 18.80855 1.993248 0 0.0
-0.03608693 -0.02448625 -1.486879 -5.327672 0.2423307 0.1999082 0.1079973 17.15639 2.681283 1 0.0
-0.02521226 -0.004881854 -0.1425259 -1.941151 1.270661 1.109846 0.434888 19.47968 1.730425 0 0.0
-0.003731086 6.439927e-05 -1.966203 5.631592 0.8214487 0.5228143 -0.3000375 18.03289 nan 0 0.0
-0.003619499 0.0003753003 -3.27518 0.3711141 0.2228023 0.17344 0.2124747 17.03696 1.924899 0 0.0
0.0004257344 -0.03459016 -13.54126 -10.17189 1.631906 1.729641 0.2830206 19.70907 nan 0 0.0
-0.02763428 -0.02868415 -5.307764 -6.464102 0.3211802 0.2699411 -0.03187682 17.93924 2.33407 0 0.0
0.0172467 -0.01625597 -12.20618 -13.96303 0.5287617 0.3848773 0.3551517 16.22121 2.385298 0 0.0
-0.001136459 -0.003353521 -2.094263 -1.819167 1.063674 0.7959197 0.3701284 17.56726 1.811534 0 0.0
-0.004902912 0.001998412 -1.364129 1.64967 0.9323746 0.7644217 0.3183344 18.22434 nan 0 0.0
-0.01059206 -0.02615249 -3.189844 -10.40909 1.522711 1.327937 0.5998735 19.33345 1.771559 0 0.0
-0.03676731 0.01391611 -3.006869 13.22514 1.45844 1.294879 0.190466 19.99415 nan 0 0.0
-0.003312523 -0.003048382 2.661475 7.069865 0.6248009 0.4850642 0.1643578 17.46203 nan 0 0.0
-0.03350385 0.01801971 -2.436838 -6.975552 1.109577 0.9720345 0.4751316 19.12954 nan 0 0.0
-0.02646253 -0.02995802 0.4403441 -5.952881 0.2238242 0.189062 0.001489156 16.9981 2.343641 1 0.0
-0.03542849 0.01563119 -2.576083 -7.282746 0.4844862 0.4284154 0.3254206 18.06078 2.181097 0 0.0
0.003327399 0.002635516 -2.585803 1.334491 0.2815721 0.2177664 0.3242076 16.87893 1.962864 0 0.0
-0.03593089 0.01622615 -3.268268 -5.417146 0.5818139 0.513606 0.2228372 18.68533 2.070404 0 0.0
0.01219581 -0.03557493 -8.319118 -8.557331 1.934256 1.69327 0.252248 19.92837 nan 0 0.0
0.0012628 -0.00152056 -0.03750665 4.135795 0.6383216 0.5933264 0.1624961 17.38711 nan 0 0.0
-0.002894039 -0.00348897 -1.560624 0.7140192 0.4169033 0.3278162 0.1425671 17.01327 nan 0 0.0
0.02131725 -0.02938677 -5.908038 -4.736371 0.244755 0.1812621 0.4199673 17.12519 2.125612 1 0.0
0.02131699 -0.03100229 -3.198887 -0.5544462 0.3671059 0.2669745 0.2643868 18.02988 1.82103 0 0.0
-0.0002716254 0.0009532773 -2.789428 1.202272 0.744584 0.6308293 0.2746422 16.99213 nan 0 0.0
0.004414322 -0.03117799 -2.185554 -5.555273 0.2729025 0.2242549 0.1120996 17.28196 2.13718 0 0.0
0.001262467 -0.03558199 -2.942788 -6.987161 0.4569875 0.3575971 -0.07502711 18.6473 2.118414 0 0.0
-0.0004390182 0.0004459221 -2.210001 1.803432 0.1456451 0.1096888 0.04192159 15.23664 2.266555 0 0.0
-0.03978012 0.01201359 -0.8127199 -10.10389 0.5801002 0.4713466 -0.1088667 18.6938 2.049995 0 0.0
-0.003312481 -0.004686795 -2.750315 1.254506 0.3070026 0.2384084 0.1554678 17.28439 1.825757 0 0.0
-0.02719969 0.026877 -1.399722 2.452082 0.3885469 0.2844644 0.5150286 17.91945 1.597757 0 0.0
0.007510871 -0.02220978 -2.56424 -4.863361 1.644045 1.385973 0.3790154 19.38193 nan 0 0.0
-0.01229335 -0.02826217 -12.40366 -1.570976 1.893791 1.677979 0.4561874 19.97987 1.958033 0 0.0
-0.00986546 -0.04416924 1.218279 -4.584536 0.4067424 0.3077876 -0.1788257 18.22475 2.215872 0 0.0
-0.01985228 -0.02833368 -3.604986 -6.925557 0.5237732 0.4295738 0.1109045 17.86909 2.516233 0 0.0
-0.03517749 0.01606995 -3.43051 -7.437966 2.134888 1.818012 0.2717789 19.85857 nan 0 0.0
-0.03082594 0.0211694 -4.633059 -8.356752 0.3379604 0.2791213 -0.2496969 17.7714 2.537279 0 0.0
-0.0227908 0.02716968 -2.679702 1.169522 0.2353442 0.1849033 0.2003604 17.50539 2.336204 0 0.0
0.003717875 -0.001392815 -3.463289 -3.022126 0.6948583 0.5807723 0.3157052 17.09666 nan 0 0.0
0.01964244 -0.037693 -5.375244 -8.659671 0.2140081 0.1710483 0.07759766 16.45566 2.577347 0 0.0
-0.04638483 -0.0100986 -1.371495 -7.668184 1.786805 1.618765 0.2132598 19.72272 1.946621 0 0.0
0.01969962 -0.0285263 -6.464671 -3.117859 0.201842 0.1574766 0.1410151 16.52812 2.418038 0 0.0
-0.03743699 0.01405325 -0.60421 -2.477179 0.5354639 0.4433168 0.06991127 18.71805 1.923923 0 0.0
0.005475514 -0.0007138611 10.66524 6.569375 1.268706 1.091098 0.263621 18.73527 nan 0 0.0
-0.04336855 -0.02033238 -4.752962 -5.818572 0.5004828 0.4000587 0.05069838 18.33736 2.299927 0 0.0
0.02075726 -0.04268089 -2.669125 -7.829926 1.495062 1.286373 0.3790331 19.67303 nan 0 0.0
-0.02527413 0.02618503 -0.7761706 -0.8266323 0.5802905 0.428852 0.329866 18.81378 2.042519 0 0.0
0.01844479 -0.02611904 -2.254988 -8.20976 0.2656619 0.2206861 -0.1557069 17.45619 nan 0 0.0
-0.003759007 0.0008292453 -3.206283 0.7081541 0.3824935 0.317909 0.3565229 17.53862 nan 0 0.0
0.01877844 -0.0334948 -1.526423 -4.735836 0.3348893 0.2512186 0.439035 17.67835 2.076683 0 0.0
0.007007884 -0.03867208 -1.403949 -1.29853 1.317368 1.15395 0.4697321 19.59157 2.470209 0 0.0
-0.007802614 -0.02823321 -5.206791 -7.078177 0.2933203 0.2556742 0.2460548 17.48551 2.653929 0 0.0
0.01013266 -0.02549823 -5.425397 -6.173613 0.4208596 0.3150549 -0.09082013 18.18037 1.999975 0 0.0
-0.03775953 -0.02796001 -0.2098963 -4.683843 0.3304 0.2647533 0.008835716 17.97602 1.968281 0 0.0
0.01808316 -0.01911329 -6.509873 -2.354057 0.2674959 0.2415395 -0.1840675 16.83293 2.236474 1 0.0
-0.01868884 0.02738015 -29.48949 -21.00037 1.6704 1.537201 0.07266417 19.86493 1.576933 0 0.0
0.02993628 -0.0283566 -2.313622 -11.18767 0.2273201 0.1776286 0.1665453 17.32223 2.213713 0 0.0
0.03442625 -0.03123972 -4.715435 -9.400043 1.827715 1.6067 0.5635081 19.54057 nan 0 0.0
0.003717926 0.0003485946 -1.163522 1.657379 0.3437787 0.2690076 0.1854784 16.8089 nan 0 0.0
-0.03386584 0.01518338 -2.184539 -12.53244 1.669508 1.503442 0.6119523 19.80774 1.568804 0 0.0
-0.02781412 0.02934117 -0.08698497 -4.471804 0.4117991 0.3154862 0.2343464 18.50263 nan 0 0.0
-0.005125242 -0.01979115 -5.826465 -7.188919 1.615508 1.489763 0.4204448 19.82828 1.894691 0 0.0
0.00212774 0.003667417 -1.758576 1.767131 0.286829 0.2251935 0.1645862 17.15812 1.826215 0 0.0
-0.006381501 0.0004972637 -11.13227 -9.361892 1.758131 1.364004 -0.07057958 18.66559 nan 0 0.0
0.02457955 -0.03530966 -3.316522 -3.395509 0.2359839 0.1792927 0.05963879 16.99511 2.290907 0 0.0
0.02488902 -0.02147382 -5.467682 -3.50718 0.2508048 0.1925418 0.2888831 17.45532 2.018854 0 0.0
0.02472102 -0.02478876 -3.29001 -9.219136 0.2659848 0.1981168 0.3897005 17.42609 2.259354 0 0.0
-0.02722869 0.03208597 -0.9554125 -1.593574 0.3021051 0.2451632 0.4914843 17.58023 2.444099 0 0.0
-0.03024213 0.03042972 -5.463734 1.072434 0.1910069 0.1570607 0.4628129 16.31543 2.530438 1 0.0
-0.003842744 0.002162479 1.551126 -1.302397 1.35769 1.007471 0.6221603 18.77848 nan 0 0.0
-0.00428912 0.001780996 -5.214488 -5.823185 0.2238461 0.1756032 0.1786302 17.08262 2.08781 0 0.0
-0.04298703 0.006723488 -2.119032 -7.371672 1.832621 1.567492 0.443038 19.80117 nan 0 0.0
-0.02789858 0.03281252 -1.8935 -6.834236 0.7454265 0.5513618 0.6077601 18.71659 nan 0 0.0
-0.02848516 0.03529576 -5.128966 -4.55499 0.1494583 0.1178039 0.2519892 14.78564 3.245945 1 0.0
-0.02633612 0.03413464 0.5109192 -7.368593 0.2346363 0.1961885 0.3634161 17.18424 2.415512 1 0.0
-0.001972872 -0.03811877 1.003378 -1.611114 0.3928345 0.3076419 -0.08105793 18.23691 1.808624 0 0.0
-0.02339907 -0.003994596 2.407399 -2.186352 1.893167 1.655498 0.6147591 19.55454 1.932127 0 0.0
0.02441306 -0.03079112 -2.957404 1.466639 0.2137227 0.162498 0.1201305 16.99736 2.15813 0 0.0
-0.0325565 0.02333954 3.165552 -8.39521 0.7617322 0.6868655 0.5467003 17.86631 2.319923 0 0.0
0.0008722331 0.0004058656 0.2164987 2.31023 0.7512734 0.5346809 -0.2053877 17.51192 nan 0 0.0
-0.03066022 0.02838113 3.579053 -4.564481 1.273106 1.026046 -0.04046859 18.99245 2.064129 0 0.0
-0.01913122 -0.0002860077 -2.957875 1.059045 0.5277329 0.4147856 -0.08242511 18.86233 2.022947 0 0.0
0.003968032 -0.03167007 -0.3884261 -3.14337 0.4816142 0.377923 -0.04620369 18.32876 1.854771 0 0.0
-0.02764711 0.03133057 -2.548122 -3.080155 0.540869 0.4103433 0.3296781 18.26692 1.990782 0 0.0
-0.02605673 0.03250392 -5.640605 -2.518205 0.372566 0.292195 0.2216599 18.14966 1.438572 0 0.0
0.003969002 -0.0001034545 -2.860929 0.1586385 0.3402498 0.2675778 0.1715485 16.69119 1.909594 0 0.0
0.004080574 -0.0008492313 0.4906957 -2.106802 0.9461371 0.8135547 0.1309471 17.67413 nan 0 0.0
-0.003675136 -0.005264731 -3.099567 1.872585 0.3839164 0.3034642 0.247155 17.66593 nan 0 0.0
-0.03785497 0.01216867 -3.038066 0.3802355 1.144118 1.003984 0.5279008 19.22599 2.035257 0 0.0
-0.03151556 -0.01147313 -3.06184 -3.510743 0.8561686 0.7926212 0.3875973 19.05787 2.365377 0 0.0
-0.02549638 0.02116675 -4.759404 -8.088729 0.4569543 0.3479623 0.1361175 17.58695 2.152044 0 0.0
0.001011709 -0.001972599 -3.692483 -4.336108 0.6551981 0.5713215 0.007995685 17.05306 1.857928 0 0.0
-0.03409417 0.03458487 -3.945741 -9.778503 0.6107528 0.4586096 -0.01576972 18.81875 2.09054 0 0.0
7.365137e-06 -0.002907196 -2.757424 1.51416 0.09991868 0.07459508 0.00934429 14.44023 2.525167 1 0.9990806
-2.053338e-05 -0.001198212 -3.432837 0.09638332 0.9786447 0.7630246 0.1855309 16.79462 1.764484 0 0.0
-0.04138809 -0.02018677 -8.016119 -7.960077 2.079795 1.866259 0.4878983 20.1087 2.142103 0 0.0
0.002267135 -0.002205312 -2.112969 0.8223756 1.148452 0.8837186 0.3464021 17.70185 nan 0 0.0
0.002518214 -0.002582971 -2.363076 0.03571737 0.5708638 0.4994502 0.1277266 17.44915 1.875587 0 0.0
-0.04494298 0.01512851 -3.658603 -2.217515 1.267567 1.120402 0.4207372 19.42233 1.811802 0 0.0
-0.02013803 0.01543802 -3.065758 1.593872 0.1856671 0.1461397 0.130468 16.99742 2.304079 0 0.0
0.001374348 -0.005854057 -2.0884 1.055179 0.3372101 0.279817 0.2548822 17.4371 2.011965 0 0.0
-0.0155346 0.01905117 -1.376879 1.119056 0.450063 0.3186857 0.2244537 18.55963 2.013884 0 0.0
-0.02061239 0.01559053 -1.499727 0.9004045 0.5560065 0.42923 0.03000366 18.82853 nan 0 0.0
0.002796887 -0.01687665 -1.310056 -3.006976 0.343559 0.2697236 0.1079552 17.64507 2.085245 0 0.0
0.003187503 -0.01352545 -0.2834734 0.8464504 0.7921705 0.622188 0.1859224 17.1051 1.965272 0 0.0
0.005307954 -0.00480321 -3.388822 1.272905 0.2183353 0.1713149 0.1802572 16.95327 1.895926 0 0.0
0.003577899 -0.01886603 -2.831538 -7.469694 0.4166945 0.3317818 -0.1882777 17.98388 nan 0 0.0
-0.01466948 0.01793548 -5.431217 -5.228973 0.3572922 0.2745323 0.2715102 16.95151 2.324505 0 0.0
