data/gcs/NGC_6681_M_70.ecsv
# %ECSV 0.9
# ---
# datatype:
# - {name: x, unit: deg, datatype: float64}
# - {name: y, unit: deg, datatype: float64}
# - {name: pmx, unit: mas / yr, datatype: float64}
# - {name: pmy, unit: mas / yr, datatype: float64}
# - {name: pmx_e, unit: mas / yr, datatype: float64}
# - {name: pmy_e, unit: mas / yr, datatype: float64}
# - {name: pm_corr, datatype: float64}
# - {name: g_mag, unit: mag, datatype: float64}
# - {name: bp_rp, unit: mag, datatype: float64}
# - {name: filter, datatype: int64}
# - {name: memberprob, datatype: float64}
# meta: !!omap
# - comments: [deg deg mas/yr mas/yr mas/yr mas/yr dimless mag   mag   zeroone float]
# - __serialized_columns__:
#     bp_rp:
#       __class__: astropy.units.quantity.Quantity
#       unit: &id001 !astropy.units.Unit {unit: mag}
#       value: !astropy.table.SerializedColumn {name: bp_rp}
#     g_mag:
#       __class__: astropy.units.quantity.Quantity
#       unit: *id001
#       value: !astropy.table.SerializedColumn {name: g_mag}
#     pmx:
#       __class__: astropy.units.quantity.Quantity
#       unit: !astropy.units.Unit {unit: mas / yr}
#       value: !astropy.table.SerializedColumn {name: pmx}
#     pmx_e:
#       __class__: astropy.units.quantity.Quantity
#       unit: !astropy.units.Unit {unit: mas / yr}
#       value: !astropy.table.SerializedColumn {name: pmx_e}
#     pmy:
#       __class__: astropy.units.quantity.Quantity
#       unit: !astropy.units.Unit {unit: mas / yr}
#       value: !astropy.table.SerializedColumn {name: pmy}
#     pmy_e:
#       __class__: astropy.units.quantity.Quantity
#       unit: !astropy.units.Unit {unit: mas / yr}
#       value: !astropy.table.SerializedColumn {name: pmy_e}
#     x:
#       __class__: astropy.units.quantity.Quantity
#       unit: &id002 !astropy.units.Unit {unit: deg}
#       value: !astropy.table.SerializedColumn {name: x}
#     y:
#       __class__: astropy.units.quantity.Quantity
#       unit: *id002
#       value: !astropy.table.SerializedColumn {name: y}
# schema: astropy-2.0
x y pmx pmy pmx_e pmy_e pm_corr g_mag bp_rp filter memberprob
[from data line 10431]
-0.04891359 -0.03121724 -1.735821 -7.04202 0.8510012 0.7166357 0.2166095 19.11227 0.8984222 0 0.0
-0.04258186 -0.1145727 0.6002174 -9.934435 2.235374 2.170806 0.5360078 20.30405 1.20043 0 0.0
0.00315254 -0.06906876 2.056031 -5.965632 1.985899 1.874478 0.5105962 19.91801 0.7502995 0 0.0
-0.07787111 -0.00496948 -1.067961 -1.382282 0.7382823 0.6028417 -0.05026176 19.07338 1.096411 1 0.0
-0.1033186 -0.06190259 -1.889373 -0.4775347 0.4131059 0.3755592 0.2166938 18.33214 1.369467 1 0.0
-0.0613798 -0.09209592 -1.822769 0.09252694 2.176759 2.230167 0.4776481 20.27986 0.8988266 1 0.001334882
-0.1205321 -0.04819475 0.7687608 -7.318101 3.26452 3.32296 0.6400122 20.5271 1.377499 0 0.0
-0.01421931 -0.0848741 -6.588031 -12.24919 2.232026 2.114851 0.4722818 20.33737 2.1677 1 0.001853556
-0.09343812 -0.09332877 -2.101774 0.133006 1.613756 1.444661 0.4667805 19.92671 -0.1867676 0 0.0
-0.08266498 -0.009597139 -0.5086627 -6.219838 0.3694199 0.3047837 -0.02541076 18.13704 0.9668961 1 0.0
-0.05303761 -0.03493507 -2.226314 -3.488282 3.064551 2.780178 0.3083396 20.43065 2.150627 1 0.1249046
-0.003420647 -0.07408891 2.083702 -7.371788 2.160311 2.081272 0.5233261 20.25756 1.092535 1 0.237011
-0.009781995 -0.124409 -0.7521868 -9.929778 1.794942 1.792571 0.5487663 20.10749 nan 0 0.0
-0.03049405 -0.1265498 -2.361698 -7.720711 1.310401 1.275676 0.3994745 19.88551 0.895607 1 0.003629323
-0.005405318 -0.0761108 3.383326 -2.624709 0.6561148 0.5558967 0.1735726 18.91492 1.013239 1 0.003441493
0.01111301 -0.1089978 0.9813676 -6.424676 1.441347 1.361586 0.2976386 19.99216 0.6969662 1 0.1633336
-0.08790383 -0.08666277 -3.835111 -5.939284 1.327654 1.178813 0.3258471 19.78658 1.689095 0 0.0
8.495463e-05 -0.07916239 -5.365314 -8.579458 2.758511 2.343521 0.4294598 20.203 nan 0 0.0
-0.07350741 -0.105258 -8.254863 0.7247333 2.426477 2.494173 0.5257346 20.23886 1.301865 0 0.0
-0.00955705 -0.05902512 0.1444853 -4.159775 0.6565036 0.5534097 0.1407489 18.95916 nan 0 0.0
-0.1034971 -0.06358126 -4.3226 -12.13454 1.688506 1.56641 0.3046639 20.01739 0.8755016 0 0.0
-0.08403093 -0.01086869 -8.735528 -1.555888 2.778822 2.167807 -0.0456486 20.52597 1.459166 0 0.0
-0.06445675 -0.1139715 -5.062439 -4.544791 0.1248739 0.1101163 0.2104636 16.26136 0.6673565 1 0.0
-0.02791175 -0.06302672 -2.282915 0.9996484 0.3467923 0.2948205 0.1648824 17.92902 0.6759338 1 0.0
-0.002802389 -0.06187805 1.539023 -4.941346 0.5220026 0.441605 0.1689176 18.62345 0.7275085 1 0.9006866
-0.1088269 -0.02613861 2.402734 -0.1428608 1.899532 1.734141 0.3885219 20.16871 nan 0 0.0
-0.001049146 -0.07941035 5.836367 -3.520607 0.6455346 0.5424557 0.3872161 18.69744 1.113375 0 0.0
-0.08445979 -0.02121455 -4.922226 -4.895825 0.939839 0.7961145 0.2701914 19.31997 1.247162 1 0.0
-0.03553408 -0.0188819 -3.096025 -9.831322 2.133916 1.911272 0.05731751 19.86994 0.8305511 0 0.0
0.003796767 -0.07435214 0.3844514 -6.768538 0.761667 0.6137427 0.2691506 18.99553 0.6126251 1 0.03099343
-0.02018048 -0.05126396 3.509614 -3.321554 2.703535 2.422105 0.3509124 20.2582 nan 0 0.0
-0.04821943 -0.1238491 -5.661538 -8.548316 1.178943 1.050043 0.328343 19.77451 1.015257 0 0.0
-0.04329275 -0.02891793 2.745089 -6.066115 2.11711 1.839657 0.02610618 19.99598 0.8360043 1 0.5169936
-0.0696435 -0.07022081 -2.75837 -7.970445 1.906256 1.847314 0.5910393 20.05573 1.274445 1 0.038201
-0.08917063 -0.0826891 -4.851647 -2.615232 0.7029037 0.6261108 0.3127951 18.92227 0.6373692 0 0.0
-0.06637737 -0.05982713 4.926954 -3.183127 2.617037 2.498265 0.6105466 20.40787 1.388697 1 0.2567147
0.0001107432 -0.06814555 -5.645941 -2.7693 0.816101 0.6796365 0.1409197 19.23344 0.7592278 1 0.0
-0.04252998 -0.06057955 -1.865817 -5.45148 0.4405983 0.3949764 0.3002049 18.45919 1.089191 1 0.0
-0.09696715 -0.07079144 -0.6198487 -4.735813 0.5804451 0.4961419 0.1051631 18.83258 nan 0 0.0
-0.1021324 -0.01646055 -3.464744 -6.92 1.085704 0.9423261 0.2035728 19.72767 0.9575787 0 0.0
-0.1126646 -0.03022121 0.3829793 -3.146839 0.6376431 0.5469279 0.1867656 19.08866 0.8484154 1 0.00539698
-0.01633932 -0.04843268 -0.01070729 -1.656189 1.838153 1.866031 0.4369493 20.03741 nan 0 0.0
-0.01855656 -0.04921894 -5.778263 -6.099074 2.566293 2.268829 0.3368236 20.27495 0.916748 1 0.03453175
-0.005869228 -0.07698439 -3.850813 -16.00647 0.4628602 0.3791378 -0.02176452 18.24777 1.041311 1 0.0
-0.03826603 -0.02367809 0.9371269 -7.303443 2.655551 2.400807 0.145967 20.17753 0.08086395 1 0.389712
-0.08957244 -0.01522657 -3.735281 -15.99583 1.053489 0.8698968 0.01439634 19.55715 0.844698 0 0.0
-0.04942251 -0.09093657 -3.309468 -8.330999 1.018187 0.9147923 0.3160802 19.59696 0.9960384 1 7.999657e-06
-0.02932097 -0.08973002 4.738739 0.5436968 2.174272 2.084526 0.4954166 20.25231 1.007996 1 0.08079282
-0.06694299 0.007856635 -5.643472 -8.688062 2.83656 2.531157 0.3049113 20.39398 1.327118 0 0.0
-0.09598243 -0.0756732 1.593277 -4.153889 0.4954068 0.4629961 0.5273203 18.35913 1.031612 1 0.542631
-0.04880596 -0.03951796 -2.199573 -6.806288 2.549566 2.270414 0.1739376 20.22169 1.456814 1 0.1424494
0.005858899 -0.07408522 -0.4162916 -0.6199959 0.4568717 0.396177 0.13873 18.45355 0.8409882 1 0.0
-0.01908637 -0.1043871 1.837033 -3.930347 1.17229 1.050703 0.3316953 19.67345 0.9539795 0 0.0
-0.06952144 0.005863422 -2.750074 -0.6426799 1.823474 1.844625 0.410762 20.02786 nan 0 0.0
-0.01780062 -0.09098206 -1.676584 -8.000371 0.9452295 0.8441337 0.2768198 19.53715 1.019508 0 0.0
-0.04436849 -0.09657589 3.780981 -7.874145 0.6119952 0.5457935 0.2993051 18.93252 1.247843 1 0.0
-0.06215154 0.01854502 -2.516108 -5.024712 0.78701 0.6885372 0.2675294 19.27554 0.8315754 1 6.325836e-05
0.001192576 -0.1326405 -6.996236 -2.514676 0.8218177 0.7221771 0.1695596 19.45268 1.052189 1 0.0
-0.0415354 -0.03691271 0.6587217 -10.48772 2.086355 1.81063 0.09233546 19.91889 nan 0 0.0
-0.08470737 -0.08732348 -5.127515 -12.73234 0.4953978 0.4396122 0.3469815 18.56869 0.7712231 0 0.0
-0.007183019 -0.08666618 -2.032005 -4.943462 1.293676 1.08255 0.3736664 19.65918 1.034672 1 0.02193681
0.01109153 -0.07412004 4.258691 -7.300155 0.5928245 0.5032585 0.04753313 18.86814 0.9260674 1 0.0
-0.09413383 -0.01910311 -6.575056 -6.816587 0.5862232 0.504675 0.1790162 18.97695 0.9117355 1 0.0
-0.09394183 -0.07980238 -5.865934 -4.25781 0.3993507 0.3571923 0.3060446 18.17181 1.073629 1 0.0
-0.07382646 0.001602815 3.615756 -7.113672 2.166101 1.744894 -0.1720611 20.19685 1.160952 0 0.0
-0.08724034 -0.07982238 -0.8534543 -12.66862 1.518633 1.444952 0.5501941 19.77805 0.1551399 0 0.0
-0.02678322 -0.1304663 1.427827 -7.126017 1.747556 1.717943 0.3895954 20.13092 nan 0 0.0
-0.03020277 -0.07313258 0.3048595 -2.505288 0.3855175 0.3370665 0.07008368 17.86288 0.9487267 0 0.0
-0.02598782 -0.1194493 -2.813802 -6.143422 0.8083756 0.7366249 0.2257081 19.33916 1.013494 1 4.960257e-06
0.02090465 -0.1075156 1.018841 -5.242421 0.4971416 0.4018178 -0.3037112 18.31397 1.07443 1 0.4095262
0.001373751 -0.0763319 -4.424825 -4.02846 0.4819691 0.3974778 0.3227659 18.29202 1.037762 1 0.0
-0.03048651 -0.07255665 -3.905252 -3.06173 1.030422 0.932316 0.3295014 19.66215 nan 0 0.0
-0.02248067 -0.02908967 2.383464 -4.911307 0.8462646 0.748452 0.01941482 18.81299 0.9755611 0 0.0
-0.08723056 -0.08995039 -10.08459 -5.250159 1.265891 1.121407 0.3293636 19.91806 2.007618 1 0.0
-0.0573267 -0.06247598 3.026081 -1.687005 0.6448418 0.5926576 0.3437574 18.98754 1.25145 1 0.0001556226
-0.02681492 -0.02356335 -2.989776 -10.14615 2.31776 2.010147 -0.09318231 19.84475 1.066462 0 0.0
-0.01772651 -0.07461701 0.08624981 -5.167967 0.5368738 0.4520909 0.1407224 18.65391 1.038927 1 0.2225401
-0.09248847 -0.01386765 -0.5995342 -4.559255 0.977048 0.8061446 0.1051144 19.5803 1.187639 1 0.1071679
-0.03406783 -0.07699061 -5.116937 -6.753216 1.138592 0.9175437 -0.1158819 19.46445 1.313808 1 0.0
0.04563382 -0.1216161 -4.659603 -4.480811 0.6637608 0.6024797 0.3927501 18.8138 nan 0 0.0
-0.08103544 -0.07218723 -0.09960509 -2.654828 0.9166423 0.8233612 0.3212836 19.28812 0.9892807 0 0.0
-0.01689976 -0.08478682 -4.914621 -0.54417 0.6198314 0.5555072 0.2782054 19.00456 0.8830719 0 0.0
-0.01104904 -0.08602188 -2.657597 -2.465548 1.185282 1.115703 0.4846077 19.59631 0.8975811 1 4.707086e-06
-0.01352289 -0.08849032 -6.807014 -5.679995 2.318598 2.256391 0.5447059 20.29875 1.662565 1 0.0008157792
3.339591e-05 -0.1023633 -5.33286 -6.473422 0.4024176 0.3808628 0.3191093 18.33078 nan 0 0.0
-0.04180192 -0.07399931 -4.526131 -12.08156 0.4767472 0.4362484 0.3046154 18.60007 0.8407021 1 0.0
-0.070116 -0.0592463 -1.388075 -1.5381 1.689802 1.469599 0.2645293 19.98617 0.7638855 0 0.0
-0.02729909 -0.04296886 -2.738463 -1.667055 2.427751 2.239029 0.1103042 20.13625 0.7950668 1 0.08408964
-0.06230428 -0.05946566 -5.289008 -6.270366 2.230479 2.051212 0.4932424 20.24713 nan 0 0.0
-0.103855 -0.02130336 5.293558 -1.752411 2.790535 2.506998 0.4511923 20.5714 1.792515 0 0.0
-0.01699758 -0.1128096 0.1057221 -6.302791 1.372213 1.345978 0.3795453 19.98943 0.6953297 1 0.1248987
7.626097e-06 -0.1185224 -0.05624192 -5.526754 0.3656282 0.3232519 0.1233989 18.3018 1.157803 1 0.0006591245
-0.03160225 -0.0515724 -0.5755316 -2.550494 2.05893 1.841699 -0.03248177 20.00505 1.772608 0 0.0
-0.06194335 -0.05946922 -4.286186 -3.204747 1.208578 1.06454 0.293653 19.69835 1.052612 0 0.0
-0.02028484 -0.04578608 1.525107 -4.715071 0.756842 0.6461782 0.197526 19.13432 0.6750164 1 0.8762672
-0.02694567 -0.1040535 -4.762927 -5.262543 2.262562 2.209083 0.5715277 20.27972 1.860378 1 0.003089695
-0.07476543 -0.01724638 -3.236055 -9.866266 1.071916 0.9272228 0.1403629 19.66046 1.109097 1 0.0
-0.08963237 -0.006792327 -1.507958 -0.9397273 1.082121 0.8843543 0.05961237 19.68694 1.000092 1 1.984856e-05
-0.03142056 -0.1291365 -13.49645 -12.0984 1.405392 1.336295 0.301461 19.83511 0.6313744 0 0.0
-0.02010458 -0.04472174 1.721235 -8.706778 2.899992 2.986136 0.194747 20.38254 0.6065407 0 0.0
-0.06448679 -0.03570544 -0.8502714 -2.68652 0.5821451 0.4983927 0.1954051 18.63715 2.458946 1 0.0
-0.0628708 -0.06041209 -5.247699 -8.657261 1.342086 1.29904 0.5788593 19.82252 0.9408722 1 5.857747e-05
-0.03388181 -0.02305836 -5.761463 -14.09028 1.181741 0.9223486 -0.2384294 19.03061 1.106508 0 0.0
-0.03187958 -0.06938712 -3.092375 -5.604539 0.6677084 0.6422581 0.5078039 18.84593 nan 0 0.0
-0.04677733 -0.07296415 -0.9403656 -4.879546 0.5975461 0.5656568 0.3178447 18.91204 0.9934578 1 0.002307111
-0.007284399 -0.1078873 -2.160788 -5.144091 0.3420124 0.3043117 0.1193844 18.21956 0.9493008 1 0.0
-0.09197338 -0.06386256 -1.255167 -3.711164 0.7671006 0.6778848 0.3918057 19.17759 0.9922371 1 9.758593e-05
-0.01066403 -0.07253308 -7.2275 -7.075258 0.6271537 0.4935511 -0.225745 18.57532 0.9092884 1 0.0
-0.07989075 0.003581318 -1.542088 -7.055888 0.971489 0.7827681 0.02110005 19.51899 1.03578 1 0.0009131166
-0.08956871 -0.04507658 -1.121957 -7.194984 0.5201589 0.4465787 0.1853142 18.82481 0.8131218 1 0.0
-0.03461236 -0.06853745 -5.584233 -5.590979 1.4413 1.381601 0.5191678 19.85409 0.7692776 0 0.0
-0.1001684 -0.06640039 2.049035 -0.418838 0.2080058 0.1769525 0.07844173 17.32829 1.057516 1 0.0
-0.003702123 -0.1244581 6.143062 -3.255278 0.5781151 0.5203174 0.0995592 18.96521 0.7492867 1 0.0
-0.06583173 -0.1010445 4.465876 -5.19926 1.033438 0.9073753 0.299746 19.49148 0.8287773 1 0.02686824
-0.05889551 -0.02864063 -7.239543 -9.656798 2.589146 2.402598 0.2573896 20.23195 1.323978 0 0.0
-0.04853237 -0.0688452 -0.6440194 -5.599145 0.8142274 0.7532639 0.355727 19.33266 0.956419 1 0.08681679
-0.02040453 -0.08668726 0.09410977 -7.141847 1.589218 1.535468 0.5143237 20.02845 1.247011 1 0.1744479
-0.01509121 -0.1111613 -2.34032 -2.05264 0.777375 0.69703 0.1664789 19.22548 1.156891 0 0.0
-0.05044162 -0.01956799 -0.7308124 -8.453336 3.017252 2.683662 0.1285015 20.38485 0.5534573 1 0.2144348
-0.007828454 -0.07382597 -2.523978 -9.000487 1.048122 0.8844969 0.1030123 19.54432 0.2273674 0 0.0
-0.022752 -0.07820776 -5.296932 -3.02335 0.3349669 0.2996926 0.2546531 18.08572 1.097921 0 0.0
-0.04426944 -0.08835899 -1.726507 -1.630192 0.811513 0.7307714 0.3252814 19.31311 0.8900242 1 0.0
-0.0140396 -0.0803384 3.198034 -2.373892 1.218362 1.032068 0.1908154 19.7926 0.7927113 1 0.1563255
0.004490764 -0.1139105 2.303243 -2.778406 0.2057846 0.1986699 0.3445785 17.33603 0.953186 1 0.0
-0.02551206 -0.07075077 -8.145717 -3.329312 0.8977487 0.7148768 -0.2552006 18.94531 0.9338188 0 0.0
-0.074834 -0.05909367 -4.014364 -8.942822 0.6955681 0.6557479 0.5329592 18.8118 1.069422 0 0.0
-0.09089577 -0.007381049 -2.064007 -7.271938 0.8141575 0.673997 0.1144908 19.31508 1.136179 1 8.185013e-06
-0.01599825 -0.08165861 -2.08496 -5.195581 0.7119756 0.6148748 0.2019072 19.11475 0.9612484 1 8.153679e-05
-0.03742175 -0.06954183 -3.105047 -3.782984 0.3750794 0.3373026 0.2931847 18.22204 0.2766056 1 0.0
-0.04971919 -0.1137944 -1.183409 -3.663332 1.805437 1.574563 0.32581 19.91405 1.029898 0 0.0
-0.09758379 -0.07266512 -0.1606855 -4.251786 0.5670435 0.4979953 0.2429189 18.85012 0.8850098 0 0.0
-0.0563419 -0.02935998 -3.652616 -11.68454 2.170152 1.917644 0.2309146 19.98028 1.117086 1 0.004764245
0.001553624 -0.1088178 -5.019847 -8.573092 0.8921768 0.7972851 0.1828471 19.58926 0.8579025 1 0.0
0.02124552 -0.08244552 -6.708581 -12.25501 1.175739 0.9900431 0.006691708 19.80982 0.7828312 0 0.0
-0.07813839 0.005844961 -2.867134 1.173429 0.976682 0.7978608 0.09529629 19.56742 1.08275 1 0.0
-0.007235664 -0.07292947 -2.846543 -1.554873 0.7583214 0.6430914 0.1715452 19.15677 1.023664 0 0.0
-0.07551826 -0.1040886 0.8501712 -1.110635 0.3508817 0.3442828 0.5054957 17.81255 0.730402 1 0.0
-0.100029 -0.07588739 -2.919335 -4.762356 0.7014582 0.6050953 0.1894324 19.22401 0.982338 1 0.0
-0.08733982 -0.003402637 -1.317766 -0.8014456 1.916207 1.671001 0.06439273 20.1195 1.173361 0 0.0
-0.0261052 -0.06987356 -1.477169 -7.305068 0.7016513 0.5976537 0.1947919 19.00571 1.007229 1 1.434434e-05
-0.003625549 -0.1067312 -2.506562 -3.147341 0.8550486 0.7725279 0.2233874 19.49186 0.8772049 1 2.220325e-06
-0.02062265 -0.03430392 -0.9506361 -6.970401 2.261212 1.791885 0.2715309 19.9896 0.8295841 0 0.0
-0.0693736 0.01494633 0.05687078 -5.150133 2.763843 2.365244 0.4129959 20.30466 0.7217751 1 0.2361193
-0.1201864 -0.03665483 0.34454 -5.486316 1.561271 1.329253 0.2173828 20.14036 1.202196 1 0.1141188
0.01070327 -0.08768123 0.3651524 -3.363474 0.6897041 0.6244917 0.1821132 19.00654 1.128977 1 0.05670182
-0.03558122 -0.09572133 -5.312306 -3.037377 1.170672 1.108302 0.505585 19.62154 0.7373257 1 0.0
-0.01197801 -0.07739316 -1.143168 -3.269125 0.7036056 0.5876638 0.09917518 19.04019 0.871151 1 0.0003748068
-0.0328042 -0.07871057 -1.451495 -7.91743 2.487042 2.412862 0.5754805 20.37818 nan 0 0.0
-0.1196516 -0.0511042 -4.819547 -11.25233 0.5402057 0.4779433 0.1451123 18.76622 0.8185387 1 0.0
-0.01928817 -0.1247157 -6.598116 -7.449116 0.720257 0.6471212 0.1877152 19.16875 1.003786 0 0.0
-0.04420764 -0.1093016 -0.9235882 -4.130141 1.015685 0.9518845 0.5401146 19.03083 1.187212 0 0.0
-0.08326801 0.001014801 -4.966153 -0.5802745 3.33761 2.787724 0.01591995 20.27986 1.030159 0 0.0
-0.06506319 0.01286289 -3.291683 -6.149958 0.5000563 0.4084701 -0.0636697 18.53359 0.9927521 1 0.0
-0.05154651 -0.02687757 4.812481 0.8719025 2.248562 2.067862 0.2129091 20.1045 2.295952 1 0.1279223
-0.06203383 -0.002649367 -7.703754 -5.164925 1.114423 0.968505 0.1385128 19.66802 1.162159 0 0.0
-0.01357987 -0.05227362 1.008897 -3.913941 0.2821783 0.2401063 0.1407717 17.6693 0.8428802 1 0.1212823
-0.05171602 -0.09123921 1.377986 -5.173769 1.059197 0.9734814 0.4183608 19.54011 nan 0 0.0
-0.07576734 0.008814809 1.954779 -2.745975 1.44667 1.100314 -0.01743916 19.80804 0.7814751 1 0.2453498
-0.04529554 -0.09791149 -3.947953 -7.270716 1.915168 1.810217 0.5386499 20.15992 0.835207 1 0.009383005
-0.0744249 -0.05496965 5.295942 1.117563 0.7644796 0.6849247 0.3509131 19.17865 1.187794 1 0.0
-0.07102413 0.01393797 7.267875 -0.3051907 2.197587 2.177552 0.369428 20.43623 nan 0 0.0
