data/gcs/NGC_4833.ecsv
# %ECSV 0.9
# ---
# datatype:
# - {name: x, unit: deg, datatype: float64}
# - {name: y, unit: deg, datatype: float64}
# - {name: pmx, unit: mas / yr, datatype: float64}
# - {name: pmy, unit: mas / yr, datatype: float64}
# - {name: pmx_e, unit: mas / yr, datatype: float64}
# - {name: pmy_e, unit: mas / yr, datatype: float64}
# - {name: pm_corr, datatype: float64}
# - {name: g_mag, unit: mag, datatype: float64}
# - {name: bp_rp, unit: mag, datatype: float64}
# - {name: filter, datatype: int64}
# - {name: memberprob, datatype: float64}
# meta: !!omap
# - comments: [deg deg mas/yr mas/yr mas/yr mas/yr dimless mag   mag   zeroone float]
# - __serialized_columns__:
#     bp_rp:
#       __class__: astropy.units.quantity.Quantity
#       unit: &id001 !astropy.units.Unit {unit: mag}
#       value: !astropy.table.SerializedColumn {name: bp_rp}
#     g_mag:
#       __class__: astropy.units.quantity.Quantity
#       unit: *id001
#       value: !astropy.table.SerializedColumn {name: g_mag}
#     pmx:
#       __class__: astropy.units.quantity.Quantity
#       unit: !astropy.units.Unit {unit: mas / yr}
#       value: !astropy.table.SerializedColumn {name: pmx}
#     pmx_e:
#       __class__: astropy.units.quantity.Quantity
#       unit: !astropy.units.Unit {unit: mas / yr}
#       value: !astropy.table.SerializedColumn {name: pmx_e}
#     pmy:
#       __class__: astropy.units.quantity.Quantity
#       unit: !astropy.units.Unit {unit: mas / yr}
#       value: !astropy.table.SerializedColumn {name: pmy}
#     pmy_e:
#       __class__: astropy.units.quantity.Quantity
#       unit: !astropy.units.Unit {unit: mas / yr}
#       value: !astropy.table.SerializedColumn {name: pmy_e}
#     x:
#       __class__: astropy.units.quantity.Quantity
#       unit: &id002 !astropy.units.Unit {unit: deg}
#       value: !astropy.table.SerializedColumn {name: x}
#     y:
#       __class__: astropy.units.quantity.Quantity
#       unit: *id002
#       value: !astropy.table.SerializedColumn {name: y}
# schema: astropy-2.0
x y pmx pmy pmx_e pmy_e pm_corr g_mag bp_rp filter memberprob
[from data line 5497]
-0.06200221 0.03424387 -5.150854 -2.180204 1.061211 0.9253026 0.1885873 20.16981 1.192808 0 0.0
0.05842218 0.1306906 -13.87016 -1.758344 1.613636 0.9620378 0.04340851 20.20807 nan 0 0.0
-0.1158414 0.1426781 -4.098685 -0.5744389 1.706392 1.765521 -0.03990122 20.77033 1.411232 1 0.02371435
0.05244853 0.002616875 -8.435103 -1.111791 0.3261759 0.2522553 0.1954043 18.64561 1.042198 0 0.0
-0.02580945 -0.07147317 -14.98445 -4.548383 3.813488 2.389615 0.07176195 20.76533 1.259199 0 0.0
0.176507 -0.0894711 -2.995809 -2.290994 0.5333668 0.3790343 0.2453229 19.34763 1.327776 1 0.0
-0.005474131 0.06320169 -4.153891 0.5921803 0.7492677 0.5037831 0.2393211 19.69338 1.000034 0 0.0
-0.04587402 -0.07317271 -8.214085 -1.628061 0.6347333 0.4212904 0.2117994 19.52332 1.045298 0 0.0
0.06142685 0.02979007 -6.047826 0.5690744 0.8450448 0.6279296 0.2507013 19.68759 1.159515 0 0.0
0.119463 0.02225531 -6.979811 2.74099 0.9779754 0.6492488 0.3042587 20.0212 1.772274 0 0.0
-0.04958131 -0.002655321 -9.282165 -3.4012 0.7190449 0.7675404 0.1776616 19.43204 nan 0 0.0
-0.1212459 0.09073483 -5.745066 -0.1165241 1.036711 1.157459 0.1796603 20.38232 1.273756 0 0.0
0.02265894 -0.02504443 -7.918765 -1.160488 0.1386011 0.09893866 0.1604876 16.94926 1.323923 1 0.9148416
0.01836344 3.020961e-05 -10.26344 -0.2491593 0.4252437 0.3264556 0.06752791 18.25166 1.001417 0 0.0
-0.1403091 -0.042038 -8.805196 1.056423 0.2574464 0.2357391 0.01850544 18.25014 1.306702 1 0.0
-0.03248466 -0.04980787 -6.694964 -2.555094 0.2409269 0.1966709 0.1067778 18.36389 1.525631 1 0.0
-0.0774333 -0.04970364 -5.0303 0.3667581 0.6600328 0.4446527 0.2357699 19.61808 1.261473 1 8.478824e-05
-0.04568695 0.01228478 -8.089643 -0.8381 0.1175963 0.09303675 0.1523829 17.10249 0.3739929 0 0.0
0.05106689 -0.0658917 -10.02637 -1.879955 1.047107 0.678541 0.267618 20.06611 1.566805 0 0.0
-0.1539965 0.07601273 -4.5248 -0.6363364 0.8961049 0.7350006 0.07264832 20.20433 0.9394093 1 0.0006760147
0.03323408 0.005176007 -7.943146 -1.183577 0.3603362 0.4219221 0.1376975 18.85294 0.9585953 0 0.0
0.1057542 0.02399616 1.605364 0.8512458 0.7908732 0.5443224 0.2840817 19.82975 1.111414 1 0.0
-0.007056232 0.02757193 -9.538654 -6.411875 0.7215122 0.5206172 0.2525108 19.51451 0.7569447 0 0.0
0.1023929 -0.03569469 -8.239181 0.005965343 0.1447145 0.1025512 0.2785392 17.23049 1.6619 1 1.184209e-05
0.001957294 0.0567021 -10.62454 -0.1803511 0.745269 0.480223 0.1564604 19.55415 0.8511429 0 0.0
-0.00935595 0.01054217 -7.343934 -1.169351 0.4431697 0.2697229 0.2237332 17.55251 1.076232 0 0.0
0.03416989 0.05810723 -8.504626 -0.8038301 0.6328488 0.4015033 0.1596072 19.37205 0.8747234 0 0.0
-0.0205934 -0.009943601 -8.747009 -1.160133 0.2617523 0.1880466 0.2956833 17.55486 0.632143 0 0.0
-0.1468035 0.07509801 -8.020623 0.1655496 1.497535 1.039791 0.01838668 20.40084 1.670319 0 0.0
0.05829044 0.1303781 -5.648545 0.9528942 0.8361787 0.7142129 0.1747471 19.4955 nan 0 0.0
-0.01200915 -0.01867984 -8.512202 -0.866628 0.05508428 0.04638123 0.1629341 15.45671 0.8289299 1 0.9916005
0.03353869 0.004931354 -8.141291 -0.8729804 0.5405292 0.493867 0.3661922 19.11526 nan 0 0.0
-0.04778585 0.01978719 -9.361375 -1.437428 0.6741565 0.5141771 0.4333518 19.58878 0.9957886 0 0.0
-0.1553449 -0.08206068 -12.05724 -6.409279 3.31836 2.561012 -0.3902742 20.97735 1.66831 0 0.0
0.1115852 0.1190508 -6.342762 -1.477825 0.03533764 0.03280062 0.1552003 14.72227 1.544804 1 0.0
0.1114021 0.1268187 -8.544035 -1.662675 0.7104711 0.4736162 0.3194729 19.54597 1.308363 1 0.4629942
0.001598295 0.01864672 -12.60963 -1.756338 1.109733 0.5977271 0.04557641 19.26745 nan 0 0.0
0.1469844 0.117563 -8.936377 -4.131582 0.6253613 0.458647 0.2254349 19.69773 2.01829 1 0.0
-0.02192024 -0.002910715 -8.741363 4.292864 1.819413 1.16521 0.2416241 19.25456 1.036253 0 0.0
0.009837484 0.05539515 -10.17551 -3.447379 0.7681294 0.5186967 0.1901851 19.7534 nan 0 0.0
0.01388656 0.06063413 -8.380137 -0.1261055 0.4011267 0.28421 0.1413415 18.89536 nan 0 0.0
0.03131869 -0.02034887 -7.087845 -2.667333 1.00337 0.7455329 0.4110341 19.88619 0.8262138 0 0.0
-0.03472202 -0.09044585 -10.4057 -5.844216 4.614047 3.70778 -0.1171196 20.95654 0.8609447 0 0.0
0.1486788 -0.0321271 -1.58826 0.1471364 0.5635429 0.3916562 0.2941688 19.41598 1.468 1 0.0
-0.02006653 -0.05654342 -9.863158 -1.438501 0.4946552 0.2975985 0.2869735 18.94691 1.11788 0 0.0
-0.1808549 -0.01109986 -6.905669 0.8300494 3.958629 2.793241 0.1273882 20.91723 1.589634 0 0.0
0.05297824 -0.04237523 -3.657837 0.9223399 0.1009551 0.09017697 0.1518813 16.91461 1.055092 1 0.0
0.02005006 -0.01782421 -16.88252 -3.220448 1.49573 1.843176 0.5722829 19.94387 nan 0 0.0
-0.04574433 -0.01057308 -9.025918 -1.270428 0.851624 0.5945701 0.1538148 19.37061 0.9169998 0 0.0
0.1336458 0.04527502 -5.41087 -1.555761 0.4140383 0.2834436 0.1364454 18.56002 1.149288 0 0.0
-0.1895898 0.06201075 -7.177351 -1.526894 0.1787423 0.1310968 0.2999453 17.61517 1.17918 1 0.0
-0.009360463 0.009504571 -8.528825 -1.252872 0.09812999 0.07458779 0.1282928 16.33919 1.337214 0 0.0
-0.03868567 0.01056776 -7.796475 -0.8258767 0.6029298 0.4952752 0.3723539 19.40296 0.9681416 0 0.0
-0.1533053 -0.09981414 -7.091794 -1.798055 0.206327 0.1854366 0.1463449 18.09789 1.338451 1 0.0
0.05960825 -0.02395373 -9.063801 -0.7429513 0.3497459 0.2825006 0.1552091 18.84392 0.9801083 0 0.0
0.05717119 -0.01371549 -7.799752 10.24159 3.016139 2.403621 0.3717807 20.76717 1.050306 0 0.0
0.04372211 0.001714834 -8.232719 -1.854727 0.6555594 0.6492997 0.1872947 19.15946 0.8705101 0 0.0
0.07449395 -0.04612942 -8.813775 0.7536638 0.3851495 0.3066312 0.1825054 18.92277 1.158478 0 0.0
0.09978666 0.1634404 -6.994511 -3.703257 2.151116 1.622697 0.008487485 20.61512 1.257948 0 0.0
-0.02468659 -0.01310684 -9.621395 -2.069931 0.3921269 0.3259459 0.1673169 18.05565 1.215467 0 0.0
-0.03024356 0.09026385 -7.816445 0.3332039 1.338105 1.253342 0.1573696 20.62964 0.9747467 0 0.0
-0.006702787 0.0632242 -5.264221 -0.2814678 0.6051561 0.3371412 0.1219614 19.06474 1.006605 0 0.0
0.0225837 -0.08218852 -4.067801 0.4189929 0.6893306 0.4419466 0.2050406 19.67076 1.305542 1 0.0
0.1009028 -0.116346 -7.763805 -0.3874471 1.948275 1.480286 0.2673686 20.59722 1.184416 0 0.0
-0.01003815 -0.05465897 -5.87226 0.2303268 1.816461 0.770501 0.2581749 20.08901 1.303095 0 0.0
0.1163214 0.1188484 -6.246771 0.593698 0.1785323 0.1183325 0.2714508 17.40301 1.149527 1 0.0
-0.135834 0.09357062 -8.930212 -3.033796 1.54234 1.788161 -0.1802923 20.71423 0.9499454 1 0.248276
-0.1631562 -0.06819182 -5.619328 -2.291233 1.259042 1.108301 -0.0347265 20.32259 1.544605 1 0.05336894
0.05673856 -0.02350281 -9.563095 -1.337202 0.6565669 0.4884379 0.3219191 19.56563 0.9507389 0 0.0
-0.1213232 -0.01742954 -9.176666 0.2668736 0.3857 0.3216718 0.1587517 18.98722 1.533001 1 0.002264387
0.04387167 0.001523769 -8.335177 3.307411 2.652819 1.527561 0.3383156 20.33613 nan 0 0.0
-0.03444277 0.0068219 -7.715911 0.3337854 0.9322961 0.4986282 0.2376823 19.17171 nan 0 0.0
0.1512474 -0.07871768 -4.918451 -0.303123 1.124877 0.7317694 0.1796742 20.03295 2.031582 0 0.0
-0.05037209 -0.0729395 -9.770645 -1.491671 0.5530748 0.3649196 0.2266648 19.29956 1.052109 1 0.5054007
0.04260199 0.1354531 -5.915875 -4.852833 1.368748 1.399306 0.06792366 20.49417 nan 0 0.0
0.001192742 0.01438955 -6.178642 -0.5083429 0.5428101 0.3791279 0.260199 17.67114 1.187672 0 0.0
0.03373537 -0.02055882 -4.764761 4.541748 0.5898465 0.3995557 0.274042 19.10953 0.9606628 0 0.0
0.05407878 0.1266439 -8.401015 -1.045296 0.06704731 0.061662 0.1253603 16.27145 1.275463 1 0.9810104
0.04003962 0.1075501 -7.289708 1.843709 0.2208923 0.1995431 0.1211818 18.35224 1.351015 1 0.0
-0.01530668 -0.01051103 -11.00564 -4.584109 0.6847604 0.4532446 0.1854912 18.26798 1.08839 0 0.0
-0.117837 0.04505441 -7.494836 1.460075 3.218497 1.860475 -0.04432071 20.73151 0.8619156 0 0.0
0.04324135 0.001342045 -7.14782 0.648475 1.426002 2.28198 0.4240244 20.15052 nan 0 0.0
0.08875325 0.1587926 -9.572795 1.126523 3.142161 2.317721 -0.07098482 20.96546 0.8871326 0 0.0
0.004874238 -0.007720996 -8.440986 -8.875163 0.8869493 1.268512 0.6969 17.84587 nan 0 0.0
0.1179035 -0.001020704 -4.010433 -0.3805739 1.466563 1.330931 0.4376893 20.52253 1.205687 0 0.0
-0.009476851 0.01235028 -8.393886 -1.092489 0.1888842 0.1134917 0.1563312 17.28622 1.237608 0 0.0
0.1361371 -0.1288944 -6.982462 -3.921887 0.202597 0.164071 0.1825305 17.91292 1.505991 1 0.0
-0.01162984 -0.001177782 -8.339333 -1.284298 0.3130474 0.2016305 0.08083476 16.25051 1.309949 0 0.0
-0.002497174 0.03825417 -9.061818 -0.9854779 0.4841899 0.288647 -0.02222521 18.72626 nan 0 0.0
-0.1107815 0.08465391 -7.117269 -2.861139 1.587853 1.062273 -0.08778944 20.32865 1.274202 1 0.2180046
0.04633459 0.05019384 -8.589302 -0.7571042 0.3707559 0.2803649 0.1729826 18.87536 1.004131 0 0.0
0.1162009 0.04129504 -9.14047 -1.747325 0.8148068 0.551655 0.3013484 19.85579 1.066801 1 0.6118166
0.1188745 0.0469251 -1.537435 -5.046471 0.3795882 0.2822199 0.2476394 18.84799 0.9869442 1 0.0
-0.1321775 -0.04205078 -7.21524 3.93537 0.1624122 0.1362054 0.1467264 16.96402 1.305197 0 0.0
-0.02756941 -0.1663164 -5.210246 -2.691687 1.365387 0.7118536 0.1164222 20.16915 1.794872 0 0.0
0.1937248 0.03710562 -6.780883 0.9224792 0.5834213 0.388568 0.3354925 19.33275 1.311781 1 0.0002429767
-0.02821039 0.01635322 -8.445059 -1.050153 0.4088893 0.3196881 0.189968 19.06103 0.5269375 0 0.0
0.05637705 -0.08725322 1.375119 1.297455 1.230966 0.5399512 0.0768657 19.76613 nan 0 0.0
-0.07986402 0.005447677 -11.01247 -1.018867 1.160191 0.6724762 0.1343677 20.11388 0.9043388 0 0.0
-0.02030123 -0.08042366 -6.954999 -1.778565 1.506588 1.392583 0.2512189 20.38286 0.7966614 0 0.0
0.009421256 0.05506728 -6.394925 1.016997 2.137381 0.9953749 0.2513299 20.13919 nan 0 0.0
0.03513601 -0.007926956 -7.013786 -1.197698 1.542194 1.475852 0.2293862 19.70778 0.968399 0 0.0
-0.007762673 -0.02207281 -11.2283 -0.5880759 0.3779227 0.3234398 0.2311344 17.95469 0.6617241 0 0.0
-0.02981867 0.001198877 -6.456897 -2.702348 1.427553 1.4218 0.4088073 19.76974 0.1396694 0 0.0
0.06434165 -0.1371892 -5.520284 -3.776807 0.3652858 0.2816528 0.1019493 18.93421 1.622618 1 0.0
-0.07291497 -0.179013 -7.419358 -0.8645087 0.2497195 0.1850101 0.03498611 18.20191 1.378757 0 0.0
-0.03233579 -0.0003538297 -13.95796 -7.517237 1.283823 1.485443 0.3777253 19.80119 nan 0 0.0
-0.0341125 -0.01949135 -8.65742 -0.3516307 0.07005578 0.05934234 0.1963649 16.1242 1.428188 1 0.05327106
-0.1139149 -0.06448266 -4.978647 1.163128 1.284444 1.061406 0.02782959 20.07985 nan 0 0.0
0.1776687 0.05922894 -3.560528 2.857678 1.554774 1.27683 0.4150931 20.39787 2.029949 1 0.006374684
0.0416529 0.01391108 -30.07705 -15.13732 2.683081 3.114259 -0.008772915 20.30526 0.775383 0 0.0
0.1076426 -0.1007106 -8.746398 -4.107144 3.501734 2.127411 0.5207622 20.78158 0.5658627 0 0.0
0.138252 0.008018862 -10.25779 -3.04017 0.2317759 0.177481 0.1942947 18.14728 1.210855 1 0.0
-0.07093562 -0.02745475 -7.088202 -2.470706 1.201639 1.150963 0.04332533 20.09693 1.327282 0 0.0
0.09563326 0.04994185 -9.195562 -0.8124036 0.7318964 0.5374407 0.2288081 19.81965 1.62789 1 0.7576261
-0.002582382 0.03872719 -11.96241 -0.8527407 3.110826 1.363671 0.3871502 19.75234 nan 0 0.0
0.135382 -0.03364173 -3.268173 -2.563331 0.607439 0.4191852 0.2739255 19.18924 1.386992 0 0.0
-0.02606895 0.03154628 -9.211907 -0.7428027 0.534355 0.3931495 0.3331075 19.15686 nan 0 0.0
-0.03305891 -0.09998737 -10.29638 0.2558232 0.7369488 0.4606122 0.1643517 19.49952 2.749874 0 0.0
0.03951942 -0.09240035 -19.23133 -9.368965 0.9251911 0.6097266 0.246695 19.92357 2.329784 0 0.0
0.1544087 0.00706828 0.3899184 3.349526 1.840386 1.537979 0.2963058 20.52848 1.159496 0 0.0
-0.05563443 0.06365122 -9.112664 -0.916436 0.7509162 0.485392 0.2887175 19.78892 1.030497 0 0.0
0.1250114 0.01002157 -6.012269 -0.3409978 0.2005201 0.1136353 0.3730362 17.18525 nan 0 0.0
0.1067381 -0.01829181 -8.016719 -0.3497326 0.7035607 0.5401088 0.2107391 19.8771 0.8906231 0 0.0
0.184744 0.01390509 -7.153194 -1.406849 0.5234862 0.3478612 0.2757851 19.10511 1.750715 1 0.0455679
-0.0374867 0.008677967 -9.731003 -6.173477 0.7967396 0.6080783 0.29705 19.78044 0.9176331 0 0.0
0.03301723 0.05234134 -7.967487 -0.3801367 0.2534714 0.1858154 0.217178 18.21844 1.020584 1 0.7404589
0.02000209 0.003980656 -5.023498 -0.4102913 0.334316 0.4400427 0.1947489 18.01255 nan 0 0.0
0.04476479 -0.08979464 -6.27283 0.2984203 2.79178 2.527717 0.2937667 20.82601 1.04871 0 0.0
-0.00893011 -0.02435449 -8.394004 -2.939112 0.3506376 0.2180313 0.05238485 16.69154 nan 0 0.0
0.02608694 0.08035914 -8.231971 -1.970835 1.696851 1.525484 -0.02005655 20.59072 0.9394131 1 0.5836751
0.05672024 0.1302835 -2.055909 -0.6457689 0.7942146 0.5714408 0.2823814 19.8234 1.503202 1 0.0
0.02356053 0.1300296 -5.043106 0.4203481 0.3324511 0.2867688 0.1881175 18.82313 1.531515 1 0.0
-0.1637465 0.03990786 -5.980944 -3.14197 4.474722 3.634098 0.2090068 20.96057 -0.1513748 0 0.0
0.1356277 -0.03346793 -3.652233 -0.7802678 0.6408936 0.5950162 0.09151079 19.39315 nan 0 0.0
0.0140668 0.1101106 -8.461768 -0.4692679 1.316764 1.054767 0.09000321 20.24933 0.8348885 1 0.5900081
-0.0112087 -0.02108263 -2.459106 0.7975567 1.017613 0.5505126 0.1709629 17.97309 1.152756 0 0.0
0.04615001 0.007385628 -9.031628 -1.622464 0.5879906 0.5630369 0.2141648 19.18039 1.08762 0 0.0
-0.02599626 -0.07335024 -9.293994 3.991833 2.704578 1.826631 -0.1485203 20.69122 1.332432 0 0.0
-0.1359816 0.1108353 -1.302952 0.3652099 1.393097 1.290992 -0.1444417 20.24783 1.397652 0 0.0
0.05348235 -0.1470521 -6.116313 -2.533996 1.404155 1.335697 0.3048394 20.48682 1.831436 0 0.0
-0.02430741 -0.01270964 -1.640613 -1.693885 2.986411 1.417782 0.2357954 20.23102 nan 0 0.0
0.1277863 0.009851333 -2.801688 -0.1901827 0.08750921 0.07241091 0.1925692 16.55802 1.09903 1 0.0
-0.01400243 0.04604665 -9.270284 -0.748587 0.4451462 0.3269901 0.2608874 19.08169 0.9907627 0 0.0
-0.04244775 -0.05207738 -11.45052 0.6961066 1.883761 1.185167 0.09982628 20.30299 1.610416 0 0.0
0.01445462 0.007449211 -8.591277 -0.8719784 0.4045001 0.3046199 0.1140972 18.4791 1.036636 0 0.0
0.06235713 0.08397137 -4.345745 0.3188413 4.764372 2.109555 0.255014 20.89269 0.9583111 0 0.0
-0.07891291 0.01652944 -7.70351 0.04990653 0.5188858 0.3678035 0.2275715 19.34 1.224751 1 0.3695833
-0.1215313 -0.0437756 -18.81159 -2.940239 0.2926732 0.2723153 0.0872423 18.65028 1.360334 1 0.0
0.01183952 -0.02547753 -6.500228 -2.012518 0.538558 0.3657767 0.2191641 18.71883 1.059984 0 0.0
0.01968725 -0.005937248 -12.3621 1.388433 0.7667276 0.7570544 0.244963 18.86159 nan 0 0.0
0.04296194 0.1272889 -14.56609 5.556095 0.1442351 0.1016455 0.1752243 17.18349 0.9467468 1 0.0
-0.03631838 0.007009296 -8.676097 1.297587 0.4214452 0.3706375 0.2813206 18.90925 1.078104 0 0.0
-0.1785204 0.07531235 -14.17659 1.882315 2.49616 2.986708 0.4506118 20.74305 nan 0 0.0
-0.04155981 -0.1633197 -6.958948 -2.582687 0.1853821 0.1218679 0.1665289 17.59597 1.385157 1 0.0
-0.1068852 -0.0105868 -3.594351 -1.446544 2.11328 1.533798 -0.05843132 20.68958 0.9048748 0 0.0
0.09097906 0.006498545 -9.346507 0.7414786 0.2368087 0.1898211 0.1986651 18.08157 1.19919 0 0.0
-0.1829167 -0.06483196 -3.876977 1.935354 0.5393699 0.3816786 0.2488723 19.30793 1.162252 1 0.0
-0.003371103 -0.03584263 -3.194184 -4.827212 1.2449 0.7540567 0.2897309 18.95002 1.029268 0 0.0
0.01999704 -0.005998592 -7.368172 -0.1366974 0.8206345 1.276936 0.603313 19.10612 nan 0 0.0
0.1041245 -0.04992509 -6.687915 1.068142 0.5597145 0.3691879 0.2556583 19.30292 1.231604 1 4.653826e-05
-0.1080771 0.1482148 -10.61815 -2.118391 0.612149 0.3959134 0.2613075 19.40011 1.378878 1 0.004768988
0.0007167164 -0.007163465 -2.662509 -11.52701 1.020169 0.6805334 -0.04467564 17.76756 1.19874 0 0.0
-0.09361103 -0.04731676 -8.672072 0.1602157 0.5189026 0.3483394 0.2226302 19.12076 1.719942 1 0.08776434
0.02487509 -0.001601939 -9.44426 -1.04375 0.6133174 0.4788383 0.3045697 19.13459 1.15262 0 0.0
