data/gcs/NGC_6544.ecsv
# %ECSV 0.9
# ---
# datatype:
# - {name: x, unit: deg, datatype: float64}
# - {name: y, unit: deg, datatype: float64}
# - {name: pmx, unit: mas / yr, datatype: float64}
# - {name: pmy, unit: mas / yr, datatype: float64}
# - {name: pmx_e, unit: mas / yr, datatype: float64}
# - {name: pmy_e, unit: mas / yr, datatype: float64}
# - {name: pm_corr, datatype: float64}
# - {name: g_mag, unit: mag, datatype: float64}
# - {name: bp_rp, unit: mag, datatype: float64}
# - {name: filter, datatype: int64}
# - {name: memberprob, datatype: float64}
# meta: !!omap
# - comments: [deg deg mas/yr mas/yr mas/yr mas/yr dimless mag   mag   zeroone float]
# - __serialized_columns__:
#     bp_rp:
#       __class__: astropy.units.quantity.Quantity
#       unit: &id001 !astropy.units.Unit {unit: mag}
#       value: !astropy.table.SerializedColumn {name: bp_rp}
#     g_mag:
#       __class__: astropy.units.quantity.Quantity
#       unit: *id001
#       value: !astropy.table.SerializedColumn {name: g_mag}
#     pmx:
#       __class__: astropy.units.quantity.Quantity
#       unit: !astropy.units.Unit {unit: mas / yr}
#       value: !astropy.table.SerializedColumn {name: pmx}
#     pmx_e:
#       __class__: astropy.units.quantity.Quantity
#       unit: !astropy.units.Unit {unit: mas / yr}
#       value: !astropy.table.SerializedColumn {name: pmx_e}
#     pmy:
#       __class__: astropy.units.quantity.Quantity
#       unit: !astropy.units.Unit {unit: mas / yr}
#       value: !astropy.table.SerializedColumn {name: pmy}
#     pmy_e:
#       __class__: astropy.units.quantity.Quantity
#       unit: !astropy.units.Unit {unit: mas / yr}
#       value: !astropy.table.SerializedColumn {name: pmy_e}
#     x:
#       __class__: astropy.units.quantity.Quantity
#       unit: &id002 !astropy.units.Unit {unit: deg}
#       value: !astropy.table.SerializedColumn {name: x}
#     y:
#       __class__: astropy.units.quantity.Quantity
#       unit: *id002
#       value: !astropy.table.SerializedColumn {name: y}
# schema: astropy-2.0
x y pmx pmy pmx_e pmy_e pm_corr g_mag bp_rp filter memberprob
[from data line 19127]
0.112529 0.05209757 -0.6075759 0.3604938 0.2715384 0.2280934 0.00519876 17.1826 2.394341 1 0.0
0.1095969 0.0843859 -5.355007 -8.221522 0.3516712 0.2856382 -0.1392061 17.46638 3.465508 1 0.0
0.1302692 -0.07511726 -2.937987 -5.569701 0.4849464 0.4030778 -0.1762653 18.09047 3.092567 0 0.0
0.02542066 0.04738952 -0.1768071 -0.8400002 0.2636984 0.2190414 -0.04936019 17.45862 1.831068 1 0.0
-0.02611902 0.005559312 -1.519216 -0.4550344 0.6989726 0.5903561 0.1529143 19.03488 nan 0 0.0
0.1015226 0.1273959 -4.258457 -4.772052 1.506678 1.715597 0.8725615 19.32606 1.99181 0 0.0
0.00626983 -0.01992025 -7.331643 -8.035387 0.4758619 0.4257644 0.1356226 17.89815 nan 0 0.0
0.03220528 -0.03696838 0.02197859 -18.06665 0.5186511 0.4689935 0.479834 18.42388 1.687057 0 0.0
0.1105798 -0.05375091 -3.111817 -4.699432 0.5542991 0.4637658 -0.008202533 18.31377 2.700779 0 0.0
-0.01118617 0.04613279 -8.00671 -26.3085 1.938591 1.863399 0.7741249 19.65989 2.142317 0 0.0
-0.01973051 0.01183187 4.260892 -11.40932 0.7525754 0.6197614 0.403594 18.74372 2.118687 0 0.0
0.04776971 0.09810495 -1.991238 -19.78817 2.083575 1.667047 0.1130615 19.97429 1.784168 0 0.0
0.1116241 0.061185 -1.976039 -1.712182 0.4584795 0.4013194 0.2273694 18.18632 3.102869 1 0.0
0.09766578 0.08192022 0.2476342 -13.97369 1.812856 1.727172 0.7703987 19.24394 1.405241 0 0.0
0.1561495 0.01760889 -0.7040657 -3.405313 0.3090115 0.2542373 -0.0692245 17.66083 2.803419 1 0.0
0.03009718 0.0487999 -0.6332244 -4.610807 1.153043 0.9719774 -0.294059 18.86404 2.125973 0 0.0
0.108816 0.07761742 -4.237578 -6.526713 0.2803224 0.2236112 -0.3607861 16.29617 3.802545 1 0.0
0.01583923 -0.01265983 -2.172004 -3.819714 0.1696005 0.1427206 0.1314362 17.01365 1.977333 0 0.0
-0.04151782 0.06401339 -6.444313 -3.83669 1.694557 1.528574 0.7169622 19.24065 2.761721 0 0.0
0.06280262 0.04791779 -1.674007 -17.9519 0.5779806 0.5454635 0.552622 18.11926 1.862972 0 0.0
0.04676141 0.140107 2.385198 -1.220223 0.9534855 0.9320043 0.7685995 18.52192 2.149416 0 0.0
0.1379417 -0.0612058 -3.181808 -4.020113 0.1408512 0.1180921 -0.1118557 15.98057 2.790525 1 0.0
0.1129621 0.04165253 -2.039531 -7.058133 0.5522167 0.4788649 0.2131529 18.592 3.166267 1 0.0
0.004887044 -0.02145942 -0.90539 -19.00977 0.4676632 0.4030281 0.3609062 17.86672 1.747669 0 0.0
-0.006316188 0.04271326 0.4851571 -16.67182 1.738541 1.867059 0.691888 19.53576 2.19467 0 0.0
0.04919813 0.001319833 -0.8822803 -5.843272 0.166803 0.1348259 -0.1886262 16.31914 2.929141 1 0.0
0.02828696 -0.001952307 -1.284685 -1.911251 1.659935 1.530376 0.7238312 19.20449 nan 0 0.0
0.1376368 -0.03730638 5.548722 1.321422 2.271011 1.903235 0.7227966 19.66495 1.548294 0 0.0
0.1454262 0.04937179 -6.447038 2.056327 0.7140793 0.4884229 -0.80043 16.88247 2.514051 0 0.0
0.09254061 0.07544874 -2.546489 -1.953925 0.6362204 0.5630222 0.2765706 18.42999 3.023317 0 0.0
-0.0002845207 0.08062386 -0.9330793 -3.667977 0.709349 0.5839292 0.005393147 18.91761 2.667379 0 0.0
0.06930363 -0.05260489 -1.287364 -0.3987236 0.4196942 0.3508614 0.2733528 18.17624 nan 0 0.0
0.08917087 -0.02977529 -2.604353 -18.73021 0.1093665 0.08188669 -0.4829548 14.98583 1.130639 1 1.0
-0.001474657 0.08231948 -3.036883 -19.61262 1.544917 1.245022 0.06326501 20.01143 nan 0 0.0
0.129267 0.1023245 4.051184 2.162579 0.8175282 0.5987644 0.8575729 17.78402 1.660572 0 0.0
0.1106863 0.09547996 0.9050836 -8.082374 0.483311 0.3936699 -0.1393026 18.0569 3.056995 0 0.0
0.07295625 0.0926967 4.301843 6.10575 2.795029 2.60845 0.5022843 20.12313 nan 0 0.0
4.76124e-05 0.1007464 -5.662813 -1.784004 0.7726853 0.6269633 -0.05961318 18.98883 2.752691 0 0.0
0.03121921 -0.0002116072 -2.406957 -19.40034 1.037857 0.7742309 -0.3149301 18.9037 nan 0 0.0
0.1056918 0.04918158 -1.900561 0.2636695 0.4494476 0.3746292 0.008081562 18.30006 2.796995 0 0.0
-0.00266415 0.05273841 -3.656308 -4.435992 0.5663002 0.4682701 0.2222571 18.1613 2.929068 0 0.0
0.04678925 0.1405018 -4.290283 -3.448258 0.6838882 0.549323 0.05898414 19.03355 nan 0 0.0
0.1380257 0.08755018 1.043654 1.310414 0.621069 0.5061033 0.6416805 18.58905 1.703264 0 0.0
0.1496512 0.01965975 -5.539961 -3.51713 2.58647 2.247847 0.4934021 20.16811 2.183985 0 0.0
0.1371195 -0.005342433 -3.425113 -5.32175 0.2948211 0.2356035 0.01528817 17.57426 2.742802 0 0.0
0.03693317 0.1463569 -2.354485 -17.98109 0.3583298 0.2829377 -0.3491643 17.80363 1.872774 0 0.0
0.05741772 0.07087535 -2.274815 -1.990289 0.5650033 0.4376373 -0.3544215 18.10402 2.607325 0 0.0
0.07211763 0.03135117 -2.430916 -18.23129 0.388124 0.3284603 0.06628483 18.07017 1.814074 0 0.0
0.1546727 0.05311226 -0.5967766 -3.591797 2.154432 1.868191 0.5579791 20.03953 nan 0 0.0
0.03313993 0.04530485 -1.237654 -19.50558 0.4332158 0.3430442 -0.2113348 17.91411 nan 0 0.0
-0.001557327 0.05362153 -1.384685 -2.952368 0.2409187 0.2022481 0.1379568 17.1195 3.334348 1 0.0
0.06230935 0.112167 -4.116377 -7.291003 0.9253562 0.8469743 0.3151364 18.99743 1.932833 0 0.0
0.1019002 0.1151256 -1.661265 -7.506518 0.316497 0.2690837 0.6166364 17.60553 2.635389 0 0.0
0.004306506 -0.0157507 -2.079096 -18.84904 0.414341 0.3520525 0.1801819 17.80774 1.962097 0 0.0
0.09620394 0.08841017 -1.717481 -19.17053 0.8343744 0.666549 -0.349792 17.81869 1.974249 0 0.0
0.09816707 0.01636807 -3.146617 -6.79799 0.2596397 0.2081712 -0.2220601 17.26987 2.671997 1 0.0
0.05951668 0.004702721 -2.15865 -1.691894 2.318802 1.855359 0.6376154 19.53726 1.608521 0 0.0
0.01374113 0.02103373 -3.32349 -17.51149 0.3319556 0.2773035 -0.03736758 17.75948 1.957207 0 0.0
-0.01810287 0.04176986 2.966911 -0.8290452 0.310613 0.2505948 0.1640912 17.72198 3.060286 0 0.0
0.005522908 -0.02548013 -1.074141 -18.35196 0.7554576 0.676003 0.4970463 18.64236 1.959044 0 0.0
0.03133005 0.0006047099 -5.557061 -4.663255 0.2007955 0.1647887 0.03872534 17.03077 2.889673 0 0.0
-0.007008378 0.0510655 -3.257696 -5.264015 0.3327325 0.2662891 -0.08868769 17.72266 3.402632 1 0.0
0.01379649 0.02135797 -6.648193 -8.004231 0.9159949 0.7818242 0.179755 18.32285 nan 0 0.0
0.04527933 0.1005893 0.210314 -1.505018 0.9155203 0.7724762 0.2704982 19.0495 2.059891 0 0.0
0.1176926 0.04077644 -1.030165 -1.593125 0.4281704 0.3407451 -0.2354847 15.39796 6.044824 0 0.0
0.1560743 -0.01980178 -4.297725 -4.866074 0.2253969 0.1800163 -0.3336934 16.30916 2.587194 0 0.0
0.002094021 -0.01863646 1.608406 -0.6264451 0.2224831 0.1885965 0.2374487 17.03107 1.653789 0 0.0
0.08680306 -0.01521862 0.3046505 0.9609319 1.042666 0.8630081 0.04320495 18.94365 2.370775 0 0.0
0.03418256 0.113393 3.299219 -2.639526 1.554596 1.196467 -0.06247348 19.98873 1.912741 0 0.0
0.05166446 0.01240052 3.46288 -6.086616 0.9687263 0.7563155 -0.4203209 18.81291 2.363174 0 0.0
0.1642948 0.02690042 -3.907925 -3.488973 0.7015096 0.6033797 0.1676219 18.87251 2.238297 0 0.0
0.08258731 0.007908987 -4.65371 -11.11962 0.2384694 0.1911383 -0.2169913 17.2258 2.629095 1 0.0
0.1377586 -0.002657599 -0.6382333 -8.526807 0.8212412 0.575567 -0.7985043 17.67148 2.525984 0 0.0
0.001264683 0.01106669 -1.81236 -17.54485 0.9750617 0.7207312 0.2861584 18.74294 1.483711 0 0.0
0.02386067 -0.006668241 -1.140898 -17.53992 0.8646118 0.7957689 0.3802305 18.98285 1.807102 0 0.0
0.03886017 0.1100233 -1.115986 -17.27317 0.542995 0.4687541 0.2385278 18.22731 1.788452 0 0.0
-0.01527913 0.02915123 0.7165469 -0.6192265 0.3039321 0.261897 0.2087591 17.66655 1.897846 1 0.0
0.1118027 0.0141458 0.1788018 -1.735529 1.865811 1.477679 0.6214478 19.37115 nan 0 0.0
0.0460556 0.1037609 3.742444 -3.792451 2.58149 2.303234 0.7247616 19.68538 nan 0 0.0
0.1391086 0.01706478 -1.932415 -6.766774 0.4883149 0.4172706 0.1166232 18.26273 2.99123 1 0.0
-0.03688491 0.02577254 -2.839073 -18.71467 0.1390558 0.1120374 -0.03078176 15.42275 2.799573 1 1.0
0.001181422 -0.01764654 -1.246504 -18.03632 0.3439335 0.2840934 -0.03249597 17.62603 nan 0 0.0
0.0003241927 0.01110675 -3.911277 -20.12208 0.465576 0.3531324 -0.1120351 17.86241 1.762268 0 0.0
0.06035738 0.02690194 -1.259 -1.28378 0.7665843 0.6385417 0.004707648 18.9465 2.199537 0 0.0
0.1502981 -0.0168687 -2.738546 -4.416846 0.5275741 0.4490229 0.09696716 18.56971 2.521423 0 0.0
0.01858178 0.0177124 -2.217437 -19.14026 0.6489961 0.4691833 -0.7126586 17.68728 1.985001 0 0.0
0.08306078 0.01269993 -3.231642 -19.92325 0.6580649 0.5928428 0.4060758 18.59061 1.945709 0 0.0
0.1113375 0.05033245 -1.445533 -1.849023 0.3892224 0.3428172 0.2402068 18.00499 3.020523 1 0.0
0.0491484 0.08463472 -3.792803 -3.685892 0.3460133 0.2744395 -0.2627585 16.33169 3.550739 0 0.0
0.113615 0.08957596 -5.856629 -5.007756 0.8108853 0.7149102 0.1481707 18.1565 nan 0 0.0
-0.02194069 -0.003579885 -2.782713 -19.97118 0.7799944 0.6619577 -0.003040825 18.72655 nan 0 0.0
0.06650439 0.08813227 -3.362852 -17.85345 0.7951424 0.6622311 0.1978918 19.02322 nan 0 0.0
0.08356933 -0.01233628 -1.492178 -16.74625 1.566199 1.478874 0.6000374 19.15558 nan 0 0.0
0.1161862 0.08644169 0.134783 1.85087 0.1923076 0.1497083 -0.3165164 16.62184 1.840606 0 0.0
0.04865032 0.01490228 -2.542676 -18.93298 0.3014356 0.2317952 -0.3279133 17.39729 1.869688 0 0.0
0.04791653 0.04853294 -2.334709 -18.44135 0.6155508 0.5488139 0.2042469 18.33648 1.789612 0 0.0
0.04782331 0.02226879 -2.487521 -19.26606 0.7124746 0.5945646 0.119047 18.61139 1.509302 0 0.0
0.05863261 0.006896597 -2.66819 -17.92358 0.11924 0.08744623 -0.5739699 14.69694 1.36922 1 0.9999995
0.0320557 0.02560033 -2.031008 -7.92923 0.7443422 0.5570342 -0.04900786 16.94161 3.109061 0 0.0
0.09185128 0.004715232 -3.877314 -5.309077 0.2244766 0.1794792 -0.2082202 16.73422 3.367566 1 0.0
0.07158769 -0.02349052 -0.2188763 -9.530085 0.3743982 0.2799435 -0.4491518 17.53169 2.821655 0 0.0
0.05315112 0.1243497 5.157448 -0.1060315 0.5295343 0.4683602 0.290046 18.35683 1.999506 0 0.0
0.04975941 -0.04694013 -1.440374 -4.290374 0.2401335 0.2022962 0.05622963 17.62577 1.638496 0 0.0
0.02944874 -0.001416615 -2.09775 -17.96617 0.2834363 0.2345862 0.1059536 17.77093 1.679667 0 0.0
0.003118012 0.01145385 -2.008847 -19.16793 0.3230929 0.2770326 0.2717595 17.72519 1.910082 0 0.0
-0.01024557 0.04800398 -0.8783335 -17.6581 2.064605 2.026972 0.7243961 19.79183 2.076063 0 0.0
0.1084906 0.1167545 -0.2167092 -9.362764 1.515962 1.66487 0.8581868 19.54284 nan 0 0.0
0.06708439 0.1367845 1.331544 -4.422653 0.536588 0.4729255 0.285827 18.32744 3.222593 1 0.0
0.1392032 0.07631457 -4.484303 -2.278575 0.4484691 0.3825853 0.4276991 18.18108 2.315777 0 0.0
-0.01378419 0.0202479 -2.290747 -18.81483 0.7411272 0.5979213 0.8041145 18.16765 2.046795 0 0.0
0.06212297 -0.03762073 -2.815863 -18.92495 0.2882873 0.2495497 0.1414962 17.74873 1.622379 0 0.0
0.0449723 0.017841 0.8602312 -6.082362 0.3640764 0.281366 -0.3282868 17.58327 2.610359 0 0.0
0.03733352 0.005350424 -0.127632 -15.86196 1.341668 1.105923 -0.04505691 18.92183 1.789248 0 0.0
0.04851358 0.08914394 -4.088674 -2.83336 0.3426456 0.2857211 -0.03466043 17.55453 3.023956 0 0.0
0.09123295 0.06613804 -2.450398 -10.72217 0.8462136 0.7490126 0.3325905 18.77234 2.987055 0 0.0
0.1260906 0.0821137 -5.268282 -5.636482 1.744938 2.483177 0.80173 19.525 nan 0 0.0
0.09308824 0.06764536 -3.309801 -3.21333 0.8734002 0.7134445 0.1021023 19.00073 nan 0 0.0
0.1262441 -0.01105664 0.383249 -2.034378 0.5518544 0.4754872 0.1581624 18.03756 nan 0 0.0
0.01548851 0.05737232 -5.091031 -10.29283 0.6152882 0.5332954 0.2257641 18.64179 2.914532 0 0.0
-0.02011816 0.01420836 -4.68168 -16.74334 1.230869 1.048595 0.2364817 18.99183 nan 0 0.0
0.137064 0.09391226 -7.516293 -6.836044 0.3254141 0.2975334 0.446999 17.94721 1.663546 0 0.0
0.0729689 -0.02596326 -2.150665 -20.11246 0.7927751 0.6714488 -0.03920633 18.76007 2.015799 0 0.0
0.09959313 0.1037387 -1.617464 -1.149689 0.2321761 0.1857409 -0.225201 17.19232 1.857393 1 0.0
0.07063179 0.04552363 -4.493189 -3.705043 0.4786779 0.38687 -0.1625118 17.4635 2.05607 0 0.0
-0.01915332 0.03565665 -1.614306 -18.03859 0.6012026 0.4916219 0.3835302 18.58892 2.061932 0 0.0
0.02205673 0.1131822 -1.749388 -2.334742 0.8040018 0.6756721 0.03758474 18.58356 2.658873 0 0.0
0.04804823 0.1024822 -6.165551 -6.770094 2.553015 2.018626 0.6342551 19.79323 2.38282 0 0.0
0.0207432 0.03973049 -1.521473 -9.107241 0.9345325 0.8803395 0.5791131 18.8473 2.756453 0 0.0
0.02670883 0.1183654 -2.140298 -18.7714 0.7158996 0.5729047 0.0123446 19.05168 nan 0 0.0
0.03974062 0.007398161 -2.463481 -19.87912 0.7792767 0.619222 -0.07052483 18.9132 nan 0 0.0
0.09960609 0.05125232 -4.259671 -9.512302 0.7155413 0.6284437 0.2662178 18.52522 2.713284 0 0.0
0.09649118 0.03107887 2.796346 -3.887409 0.34778 0.2699346 -0.3038921 17.46239 3.053135 1 0.0
0.05905576 0.02405872 -5.007062 -5.570888 1.55991 1.397241 0.7390698 19.05177 nan 0 0.0
0.06398113 0.02618676 -2.184772 -18.89324 0.3207213 0.2597513 -0.1617452 17.64736 1.978788 0 0.0
0.1115909 0.08570018 1.347783 -3.188197 0.6201563 0.5285045 0.1603811 18.46244 1.958103 0 0.0
0.09155747 -0.01837492 -6.045482 -5.167976 0.2343393 0.1858523 -0.2743402 15.04871 3.957204 1 0.0
0.02695811 0.118888 0.4863869 -4.161406 0.5237164 0.451545 0.2544847 18.39609 1.854429 0 0.0
-0.02067126 0.01334615 -3.773054 -18.9326 1.188368 1.185672 0.7814599 18.91498 1.586758 0 0.0
0.0813128 0.1305732 -1.790265 -8.794098 1.391978 1.189429 0.474763 18.79667 2.917082 0 0.0
0.1297172 0.08287287 0.1972077 -2.097854 0.2222796 0.203458 0.2806987 17.40106 1.763306 0 0.0
0.04330494 0.07496286 -7.743422 -7.794437 0.5984851 0.4874937 -0.8181966 16.93745 3.364616 0 0.0
0.001762189 -0.0169084 -5.63328 -7.158862 0.5637896 0.4927034 0.427511 18.06594 2.109743 0 0.0
0.0590556 0.0237421 -4.145314 -10.37104 0.6854745 0.5585708 -0.1247128 18.99556 2.984915 0 0.0
0.0006010102 0.05259348 -1.190565 -18.34877 0.4672813 0.3898177 0.4465616 18.11117 2.307018 0 0.0
0.03083192 -0.00045565 -1.963176 -19.82508 0.786131 0.6772256 0.1150606 18.96735 nan 0 0.0
-0.01652527 0.03801833 -3.557706 0.02322551 1.828545 1.52685 0.1270685 20.01379 2.144058 0 0.0
0.09380974 0.1066501 -5.585849 -5.107484 0.9665158 0.8320559 0.4790958 19.08216 2.19861 0 0.0
0.04019602 0.1316464 -1.179001 -11.04624 0.9647818 0.7765614 0.08477273 19.02417 2.790255 0 0.0
0.02991044 0.07746166 -2.560032 -3.156795 0.6403051 0.5180373 -0.06995752 18.85218 nan 0 0.0
0.09511004 -0.03759988 -1.14727 -4.915725 0.2027207 0.1622737 -0.2445958 16.61896 1.70944 1 0.0
0.09634901 0.02616756 -5.785012 -7.338171 2.027931 1.806294 0.7468718 19.57068 2.135681 0 0.0
-0.007448182 0.002779041 -2.133207 -18.0077 0.1762305 0.1457627 -0.03325142 16.52163 2.054543 0 0.0
0.149243 0.02522017 -2.381498 -18.92966 0.9779133 0.9145655 0.5879003 19.04967 nan 0 0.0
0.1362442 -0.07122703 -3.934261 -9.53234 0.3425955 0.2849822 -0.1405039 17.96337 2.414835 0 0.0
0.145645 0.0005014149 0.8058219 -2.160736 0.2523863 0.2023348 0.0209834 17.12737 1.87137 0 0.0
0.02266025 0.08305173 -1.273743 -6.413696 0.4552089 0.3744309 -0.007111187 18.12279 2.728685 0 0.0
0.1560475 -0.01919902 -0.2727058 -3.036073 0.4867528 0.4365573 0.343609 18.2031 nan 0 0.0
0.09615785 0.1358821 -2.791692 -5.25562 1.988472 2.02405 0.7914084 19.7169 2.766834 0 0.0
0.00414049 -0.0182188 -2.565622 -18.0581 0.2653515 0.2395047 0.3464918 17.37877 1.901922 0 0.0
-0.01829051 0.001166196 -2.605454 -18.69507 0.1077542 0.0839487 -0.09571792 12.23912 2.529949 1 1.0
0.05497681 0.05852067 -1.818939 -18.69076 0.1022302 0.08357458 -0.1408811 15.35276 2.006948 1 1.0
0.04493531 0.1441531 1.865039 -0.8743178 1.333174 1.094761 0.04287343 20.03358 1.561995 0 0.0
0.1555487 -0.02000329 0.1259877 -0.5276262 1.973284 1.809459 0.7802821 19.43645 nan 0 0.0
0.06176412 0.07375906 -1.281891 -2.336219 0.503431 0.4533221 0.3623065 18.2176 1.932991 0 0.0
0.131629 0.08478963 -0.4340567 -2.877545 0.7749614 0.6881383 0.7556796 18.81304 2.359968 0 0.0
-0.02134616 0.07691985 1.045391 -0.9538001 1.460875 1.421383 0.7455648 19.26199 2.325874 0 0.0
0.05249353 0.01055195 -3.322333 -17.06809 1.653648 1.178349 -0.7381372 18.85448 nan 0 0.0
0.05533365 -0.0707176 -6.985103 -6.116845 0.377728 0.3080293 0.02142488 17.86418 2.739647 0 0.0
