data/gcs/NGC_5053.ecsv
# %ECSV 0.9
# ---
# datatype:
# - {name: x, unit: deg, datatype: float64}
# - {name: y, unit: deg, datatype: float64}
# - {name: pmx, unit: mas / yr, datatype: float64}
# - {name: pmy, unit: mas / yr, datatype: float64}
# - {name: pmx_e, unit: mas / yr, datatype: float64}
# - {name: pmy_e, unit: mas / yr, datatype: float64}
# - {name: pm_corr, datatype: float64}
# - {name: g_mag, unit: mag, datatype: float64}
# - {name: bp_rp, unit: mag, datatype: float64}
# - {name: filter, datatype: int64}
# - {name: memberprob, datatype: float64}
# meta: !!omap
# - comments: [deg deg mas/yr mas/yr mas/yr mas/yr dimless mag   mag   zeroone float]
# - __serialized_columns__:
#     bp_rp:
#       __class__: astropy.units.quantity.Quantity
#       unit: &id001 !astropy.units.Unit {unit: mag}
#       value: !astropy.table.SerializedColumn {name: bp_rp}
#     g_mag:
#       __class__: astropy.units.quantity.Quantity
#       unit: *id001
#       value: !astropy.table.SerializedColumn {name: g_mag}
#     pmx:
#       __class__: astropy.units.quantity.Quantity
#       unit: !astropy.units.Unit {unit: mas / yr}
#       value: !astropy.table.SerializedColumn {name: pmx}
#     pmx_e:
#       __class__: astropy.units.quantity.Quantity
#       unit: !astropy.units.Unit {unit: mas / yr}
#       value: !astropy.table.SerializedColumn {name: pmx_e}
#     pmy:
#       __class__: astropy.units.quantity.Quantity
#       unit: !astropy.units.Unit {unit: mas / yr}
#       value: !astropy.table.SerializedColumn {name: pmy}
#     pmy_e:
#       __class__: astropy.units.quantity.Quantity
#       unit: !astropy.units.Unit {unit: mas / yr}
#       value: !astropy.table.SerializedColumn {name: pmy_e}
#     x:
#       __class__: astropy.units.quantity.Quantity
#       unit: &id002 !astropy.units.Unit {unit: deg}
#       value: !astropy.table.SerializedColumn {name: x}
#     y:
#       __class__: astropy.units.quantity.Quantity
#       unit: *id002
#       value: !astropy.table.SerializedColumn {name: y}
# schema: astropy-2.0
x y pmx pmy pmx_e pmy_e pm_corr g_mag bp_rp filter memberprob
[from data line 2270]
0.008866432 0.006768526 -0.7526991 -1.473236 1.264252 0.8397634 -0.2734601 19.65183 0.3373241 0 0.0
-0.03183713 -0.01042934 -0.4162423 -1.431267 0.5521706 0.3829676 -0.388095 18.91243 0.2548351 0 0.0
-0.06730511 -0.002462088 0.6932484 0.3452562 1.777939 1.087042 -0.5361461 20.41936 0.4284344 0 0.0
-0.04114303 0.04405406 0.4577043 -1.394116 1.034284 0.6792115 -0.4216973 19.80274 0.6227608 1 0.9994891
0.0004501652 -0.0002259394 3.781476 -5.465351 3.355376 3.297835 -0.6112686 20.84797 nan 0 0.0
0.04861095 0.04790304 -1.555892 -1.157801 1.029611 0.8264492 -0.4199625 19.8194 0.5948181 1 0.9986481
-0.01660283 -0.01884852 -0.3512889 -1.300178 1.129589 0.8045526 -0.357711 19.95989 0.534544 0 0.0
-0.08012857 -0.007265249 0.140079 -0.5847115 2.036559 1.288175 -0.4286651 20.6252 0.6152191 0 0.0
-0.03029532 -0.005382762 3.100057 -1.477879 3.157435 1.850074 -0.4025227 20.62618 0.3166676 0 0.0
0.005465028 0.006880924 1.677458 -1.001046 1.035564 0.7780858 -0.3075318 19.87472 0.5435696 0 0.0
-0.09658736 0.04134591 0.2215298 -1.01435 0.4872956 0.3195015 -0.3559909 18.63901 0.8629932 1 0.9988961
-0.01146879 0.01456782 -0.2128828 -2.006866 1.152542 0.7712444 -0.3995583 19.99256 0.4643002 0 0.0
-0.01523555 -0.01051735 -1.178217 -2.855316 1.229276 0.8561233 -0.3306174 20.00974 0.4335155 0 0.0
-0.03807624 -0.02279919 -1.886586 -2.675999 1.510992 1.058823 -0.4667134 20.35915 0.5014782 0 0.0
-0.008693715 -0.009426779 -0.3796876 -1.15398 1.005141 0.7744592 -0.4369211 19.76022 0.3621731 0 0.0
0.01322449 0.04354629 -0.5429356 -1.200528 0.6749605 0.4937921 -0.2305626 19.11622 -0.2262516 0 0.0
-0.02760554 -0.002375307 -0.07876234 -0.1825117 1.147017 0.7736095 -0.4023133 19.96566 0.6911488 0 0.0
-0.02957311 0.054649 -0.2073984 -4.278207 2.104203 1.47975 -0.4204459 20.69442 0.632103 1 0.9806724
-0.02609602 -0.0181474 -0.7912447 0.4163913 1.770409 1.272818 -0.4975035 20.46279 0.2240448 0 0.0
-0.01915491 0.04297843 -0.9100326 -1.109365 1.315582 0.8447581 -0.3855053 20.14077 0.5634422 0 0.0
0.04381233 0.05964535 -0.3191298 -1.276763 0.06361132 0.04533028 -0.3516744 14.73694 1.217314 1 0.9999968
-0.01002855 0.03681886 -0.07515942 -0.567267 0.9488206 0.6487869 -0.3621198 19.77076 0.5214844 0 0.0
0.008631863 0.04816179 -0.5822463 -1.548189 0.561268 0.3855815 -0.3294698 19.02996 0.8039837 0 0.0
-0.09899534 -0.003130241 0.7167707 0.5944773 3.403775 2.744569 -0.5749506 20.88542 0.6764603 0 0.0
-0.03987792 -0.01797893 -0.7110591 -0.7962635 1.475938 0.9789636 -0.4731252 20.25176 -0.4213448 0 0.0
-0.03012276 -0.01656939 -0.8774479 -0.2261842 1.330736 0.9415228 -0.4230373 20.11214 0.4608383 0 0.0
-0.02925903 0.02023657 -6.244049 2.126496 3.960696 3.534806 -0.5680747 20.88276 nan 0 0.0
-0.0315613 -0.01258278 -3.430746 -0.3904061 1.256518 0.8427397 -0.4222423 20.08141 0.5454502 0 0.0
-0.04408723 0.009222757 -1.585958 0.6532681 1.880169 1.370307 -0.4955494 20.57733 0.3562622 0 0.0
-0.0772056 -0.0048709 0.504041 -1.697692 0.9155803 0.6074243 -0.4540429 19.59817 0.7579365 1 0.9992052
-0.008809679 -0.002611817 0.01900281 -1.076716 0.2491579 0.1749144 -0.3119743 17.57322 0.9057121 1 0.9999406
0.008066061 0.02669074 -0.5315638 -0.3559948 1.451209 0.9497055 -0.4792269 20.20018 0.3908882 1 0.9995435
-0.1286933 -0.002464818 -5.332443 -0.522751 2.210583 2.027721 -0.4600127 20.63187 0.3132229 0 0.0
-0.02837758 -0.01251084 0.8683259 -2.165593 2.611123 1.756915 -0.5928158 20.64564 0.1637306 0 0.0
0.01530407 0.02743317 2.242437 -2.615887 1.934296 1.472661 -0.2227944 20.66032 0.7979908 0 0.0
0.02499637 0.04192057 0.1742107 -1.594444 0.8752786 0.5769421 -0.3701177 19.64338 0.6284428 1 0.9997253
-0.04275069 0.006124899 0.1844044 -1.386664 1.51535 1.012872 -0.4743241 20.32604 0.4789581 0 0.0
-0.05807902 0.07280628 -0.3334396 -1.240373 0.04890906 0.03388178 -0.3701686 13.71523 1.407581 1 0.9999963
0.04208719 0.04208589 -0.5634291 -1.224214 0.7233112 0.43826 -0.2338231 19.21189 0.8172493 1 0.9997875
-0.04330712 -0.01072449 -1.019631 -0.5057117 1.165909 0.8515519 -0.4252011 20.02332 nan 0 0.0
-0.04587625 0.06158564 -1.324765 -0.3163269 1.964533 1.154363 -0.3478878 20.22947 0.3624306 0 0.0
0.02716392 0.02791523 -0.5578695 -1.627995 1.627199 1.214954 -0.2268525 20.42458 0.6330967 0 0.0
-0.0006981872 0.00700482 -0.9759328 -5.14659 2.065217 1.475438 -0.4619432 20.60327 nan 0 0.0
0.02301999 0.04107154 0.9494186 -1.331496 1.445061 0.986822 -0.4567744 20.26175 0.6459064 0 0.0
-0.02894495 -0.01502463 -3.396187 0.06843878 3.546698 2.280875 -0.461135 20.73622 0.3039894 0 0.0
-0.01094569 0.01175445 0.9301704 -1.37194 0.9651733 0.6538289 -0.4170875 19.77099 0.5470505 0 0.0
0.00664122 0.03969308 -0.4715658 -1.283907 0.3512502 0.2426331 -0.3338647 18.27755 0.8550968 1 0.9999667
-0.03333057 0.08858518 -5.269752 -9.953013 0.3136278 0.2034877 -0.3471474 17.96836 0.8838673 1 0.0
-0.04512289 -0.005207986 -0.4483806 -1.192206 0.4610149 0.2949978 -0.4992613 18.43014 0.8672085 1 0.9999471
-0.03038409 -0.01454184 -0.4328235 -1.162854 3.115033 2.078089 -0.4523579 20.81711 0.2618179 0 0.0
-0.03127582 0.04053682 0.6903886 -1.976962 2.5562 2.344879 -0.5747535 20.73806 0.7861938 0 0.0
-0.02923239 0.005313473 -2.291741 -0.9581596 1.026836 0.6925374 -0.4373399 19.83229 0.5161877 0 0.0
-0.02394152 0.003487357 1.132159 -2.312692 1.735 1.106896 -0.4011523 20.45727 0.4680214 0 0.0
-0.006787484 0.03963586 -0.004201984 -1.117386 0.3782514 0.257125 -0.3501072 18.23126 0.9236794 1 0.9999334
-0.1064566 -0.03431113 -0.8793222 -1.688152 0.5330816 0.4042143 -0.4914882 18.72508 0.9261799 1 0.9966302
-0.02928058 -0.02279512 -5.345679 -0.4990378 4.25223 2.205381 -0.5996949 20.84123 nan 0 0.0
0.01280324 0.04065662 -0.1255159 -1.345255 1.00283 0.7314518 -0.3304804 19.8477 0.5737476 1 0.9997187
-0.08180967 0.004120474 -0.9338993 -3.735957 2.145949 1.379769 -0.4512366 20.64335 0.6690483 0 0.0
-0.01260202 0.02195124 2.208674 -0.3945047 1.39581 0.9176315 -0.4172269 20.20283 0.4616699 0 0.0
-0.03074795 -0.01698509 -1.37335 -0.8931442 1.522764 1.080504 -0.3745059 20.30105 0.2263031 0 0.0
-0.02502061 -0.02102956 -1.434872 -0.3848631 0.8189859 0.5684248 -0.4244259 19.52397 0.5122337 0 0.0
0.001946961 0.04213437 -1.144937 -1.447208 1.220434 0.8781972 -0.4909967 19.96769 0.5431614 0 0.0
0.04763889 0.04180308 -7.926214 -7.605776 1.796968 1.443118 -0.2995772 20.64242 1.4133 0 0.0
-0.011964 -0.0005516979 -0.3217514 0.6055115 1.625566 1.206839 -0.4625189 20.35647 0.2934532 0 0.0
-0.001541301 0.003226368 -0.6038901 -1.226674 0.685917 0.4854508 -0.3136476 19.22648 0.6660042 0 0.0
-0.08065852 0.0103608 3.821086 -1.564607 4.291181 2.472402 -0.4703947 20.89042 0.6449375 0 0.0
-0.07438488 -0.003487355 -0.5888651 -0.0343701 1.247814 0.9005999 -0.4389333 20.06061 0.5798206 0 0.0
-0.06643517 -0.008569743 -2.515861 -1.385528 1.277321 0.8475458 -0.4628859 20.09478 0.4410343 0 0.0
0.01489615 0.03897832 -0.4814545 -1.787657 0.6403464 0.5171761 -0.3761092 19.17314 0.806366 0 0.0
0.00406886 0.03874124 -1.780063 -0.9003643 1.045549 0.6980044 -0.4159497 19.76909 0.5548229 1 0.9994317
-0.03169407 -0.02359388 -0.9805664 -0.9817789 3.740685 1.954231 -0.565836 20.83533 nan 0 0.0
-0.01644114 0.0004385702 -0.6817851 -2.037538 1.139887 0.7719483 -0.4271553 19.96148 0.1586246 0 0.0
-0.02919777 0.03938634 1.256296 0.8394452 1.518942 0.9622554 -0.438327 20.28405 0.6964283 0 0.0
-0.02756546 -0.02542753 2.169044 -1.364439 1.260407 0.8295572 -0.4071065 19.80444 nan 0 0.0
-0.03269856 -0.03096751 0.188785 -2.307159 0.8018955 0.5712445 -0.4398249 19.50132 0.6042042 1 0.9992166
-0.05809903 0.01110358 -3.247536 -2.367915 2.429321 3.752266 -0.3409126 20.93927 0.6260586 0 0.0
0.004592957 0.003684184 -1.872425 -2.495008 1.245127 0.9001381 -0.4119204 19.9608 0.5051498 0 0.0
0.003196888 0.03730308 -1.966692 -2.562746 1.638746 1.168511 -0.3670912 20.38463 0.4064827 0 0.0
-0.120165 -0.009543179 -1.512852 -2.871993 1.541983 1.060421 -0.4929663 20.25582 0.6153603 0 0.0
0.05522401 0.09251972 -0.3952067 -1.30654 0.07732093 0.04500547 -0.3577293 14.88165 1.204423 1 0.9999792
-0.02704196 -0.02466276 2.31649 -2.414262 0.9380353 0.691625 -0.3809148 19.72173 0.3916626 0 0.0
-0.02792672 -0.01120819 -0.081114 -1.340977 0.2006562 0.1415234 -0.3828739 17.21085 -0.006948471 1 0.9999832
-0.01337424 -0.003347771 -5.143582 -0.6794941 0.561482 0.3924957 -0.3758112 18.22081 0.8346367 0 0.0
-0.04716569 0.07618481 -2.664412 -0.7574165 3.04714 2.130618 -0.5806854 20.7501 0.4860802 0 0.0
-8.768086e-05 0.006095013 2.16825 -1.762895 1.062045 0.7412463 -0.3828903 19.84887 0.4269981 0 0.0
-0.04937044 0.03748913 0.0210331 0.4371573 1.174733 0.7667293 -0.4406266 19.97287 0.6765976 0 0.0
-0.03443477 0.01319175 0.8240295 -1.064284 1.93106 1.412189 -0.4989203 20.53616 0.4375877 0 0.0
-0.04724665 -0.0104393 1.800107 -1.687329 1.165442 0.8019017 -0.525883 19.87902 0.5517845 1 0.9986305
-0.02561231 0.009613991 -1.242446 -1.125436 0.5622231 0.38607 -0.4017743 18.99166 0.718483 0 0.0
0.03238014 0.03652014 -2.566262 -2.255591 1.202765 0.8486168 -0.2652552 19.84805 0.6685963 0 0.0
0.01916922 0.03631225 -0.4918064 0.8256936 1.101592 0.7924276 -0.3374286 20.01781 0.3331642 0 0.0
-0.08718036 -0.01001427 1.440945 -0.7633772 2.019587 1.334922 -0.4785388 20.46445 0.8524971 0 0.0
-0.02373394 0.03431008 -1.606766 -0.9226364 1.334727 0.873526 -0.4048394 20.15207 0.5003319 0 0.0
-0.0001022194 0.001496396 0.2654237 -2.465664 1.387903 0.9723348 -0.3304368 20.24714 0.4841442 0 0.0
-0.03146232 0.05439755 -2.482449 -2.420275 2.547902 1.658564 -0.4382434 20.74586 0.6555042 0 0.0
-0.04339442 -0.0110716 0.8847787 -1.565461 0.4935401 0.3980624 -0.296061 18.69759 0.7997112 0 0.0
0.01119035 0.03597016 -1.549357 -4.266389 1.245733 0.8943263 -0.3313899 20.08059 0.5159035 0 0.0
-0.00042201 0.005107007 -0.1315887 -0.8550134 0.677475 0.4726197 -0.3196036 19.25078 0.6832256 0 0.0
-0.009025772 0.03625423 1.66184 -1.454003 1.257189 0.8287231 -0.3402758 20.06885 0.5067635 0 0.0
-0.0328982 -0.009624247 1.038294 -0.1887258 1.197416 0.7571857 -0.4410205 19.77386 0.3563976 0 0.0
-0.02473917 0.01681792 -1.567179 -2.815861 1.501509 1.000479 -0.4444328 20.35053 nan 0 0.0
0.04380324 0.0373866 -0.4209956 -0.5564432 1.098828 0.7730263 -0.2930732 20.00668 0.6372223 1 0.9993571
-0.03717326 -0.01501167 -0.6879906 -1.023183 0.4866746 0.3324195 -0.4142324 18.74833 0.859623 1 0.9999261
-0.0358401 0.03621753 -3.297726 0.6837349 4.381154 2.044649 -0.1859168 20.85913 0.5453491 0 0.0
-0.1029405 -0.06399533 -0.3426272 3.516395 3.118118 2.383144 -0.6378939 20.58286 0.8697224 1 0.8930844
-0.0216118 0.0361485 -3.017841 -3.925792 2.242297 1.748968 -0.477312 20.69857 0.4638195 0 0.0
-0.04506894 -0.02193545 -0.1838439 0.05392216 1.074162 0.7020515 -0.4592592 19.7255 0.6006737 0 0.0
-0.03953078 -0.02603374 1.078394 -3.036743 1.444359 1.02192 -0.5165739 20.1778 -0.2767105 0 0.0
-0.03354916 0.007608768 -0.09901882 -0.9413572 1.623299 1.085648 -0.4447178 20.44571 0.3593693 0 0.0
-0.0191122 0.03457847 0.4521657 -1.302509 1.818644 1.073428 -0.5164057 20.54479 0.5895977 0 0.0
-0.02922334 -0.02842371 1.305331 -0.2279237 0.9971274 0.7463128 -0.3731453 19.76781 0.5089436 0 0.0
0.03387731 0.03535121 1.063522 -2.079535 0.8931717 0.7268464 -0.3319073 19.63721 0.5499287 0 0.0
-0.04940251 -0.0262163 0.6950391 -1.979588 1.811288 1.259991 -0.4231636 20.53712 nan 0 0.0
-0.03700328 0.03377636 -0.6731686 -0.5003495 1.157062 0.7529158 -0.4165064 19.95307 0.6900158 1 0.9994503
-0.04463611 -0.03530225 1.63151 -2.714907 1.442352 1.017383 -0.4640202 20.29412 0.3753128 0 0.0
-0.007748039 0.008130322 -0.8694516 -0.729333 1.104684 0.7268904 -0.3734294 19.88336 0.6702442 0 0.0
-0.04455828 -0.01456939 0.6374925 -0.7919808 1.115612 0.7786962 -0.4917668 19.81599 0.3143826 0 0.0
0.003269626 0.0334159 -0.2224098 0.2639534 1.5144 1.038635 -0.3909658 20.34274 0.4213448 0 0.0
0.004069719 0.0008765537 0.8213612 -2.264693 1.390015 0.989675 -0.2766766 20.19883 0.2714043 0 0.0
-0.03221919 -0.03329838 4.398889 -0.9383226 1.08591 0.8274826 -0.3934672 19.92424 0.4904842 0 0.0
0.002543334 0.005557159 -0.8343725 -0.4197901 1.495646 1.106244 -0.5016469 20.15354 0.4287415 0 0.0
0.09457546 0.1338626 -0.9516181 -2.104476 1.372026 0.808799 -0.2375671 20.23106 0.6744709 1 0.9763273
0.0294303 0.03373109 -0.04711248 -1.272187 1.042204 0.7170044 -0.3174104 19.90611 0.620966 1 0.9996962
-0.00411353 0.03266443 4.283241 -2.532209 1.985478 1.278673 -0.4034854 20.59597 0.4748802 0 0.0
0.003270134 0.005528561 0.5608426 -0.7662871 4.541381 2.681517 -0.5253631 20.93137 0.1525211 0 0.0
-0.03854659 0.0210356 0.08038769 -1.937575 1.055325 0.7193379 -0.4080047 19.8193 0.5358028 0 0.0
0.005189003 0.001464046 -4.786596 -3.293244 2.597071 2.148928 0.1739629 20.4432 nan 0 0.0
-0.03851744 0.02142851 1.771862 -2.836 2.050573 1.310624 -0.4295641 20.63288 0.7937775 0 0.0
-0.03969261 -0.03466636 2.072871 -1.940067 2.329081 1.381297 -0.4272461 20.44326 nan 0 0.0
0.02623285 0.03395185 1.819285 -2.217357 1.275732 0.8976094 -0.3000111 20.18083 0.5782452 0 0.0
-0.02028079 -0.01759502 -0.5431369 -0.2670184 0.6697249 0.4624442 -0.3407819 19.16927 0.7392864 0 0.0
0.002179956 0.003777598 0.09215257 -1.884764 1.366539 0.9158644 -0.4295096 20.06014 0.4708405 0 0.0
0.02406922 0.01988485 -1.318836 -0.7613309 1.140725 0.9636051 -0.3229683 19.62207 0.6595192 0 0.0
0.01540544 0.03178194 -0.5273244 -0.7818872 0.2980322 0.2059708 -0.3577286 18.01142 0.904808 1 0.9998304
-0.02045508 -0.01611871 0.3835556 -1.451471 0.8521199 0.6495926 -0.431996 19.45005 0.6315041 0 0.0
0.03489441 0.03660454 0.4497305 0.09361074 1.428761 1.05225 -0.261343 20.2037 0.3860569 0 0.0
0.009489053 0.05250105 1.896877 -1.647418 1.51532 1.001149 -0.342802 20.38332 0.6813068 0 0.0
0.02283205 0.03330098 1.244545 -1.362002 1.008768 0.7101064 -0.3217334 19.87949 0.5675774 0 0.0
-0.04368293 -0.00186476 0.4833674 -1.793105 1.818695 1.168254 -0.4644108 20.43377 0.4625034 0 0.0
-0.00729751 0.006156197 0.1101582 -0.7299246 0.9947487 0.6974107 -0.3601569 19.80077 0.4497318 0 0.0
-0.04479651 0.02113814 0.2439378 -3.271449 1.756648 1.175369 -0.3906333 20.46566 0.7416306 0 0.0
-0.01201995 0.03209067 -1.342197 -2.082574 1.396874 0.919535 -0.5751419 19.97855 0.4949646 0 0.0
-0.05549575 -0.0313739 0.2272105 -1.130308 0.9640819 0.4551656 -0.5416906 18.89351 0.8208733 1 0.9996403
-0.02453965 -0.01223102 -0.2341889 -1.189937 0.1646958 0.111932 -0.3763787 16.84817 0.1134262 1 0.9999914
-0.02212263 0.0186658 -0.2747955 -9.372955 2.126122 1.876534 -0.5767315 20.53142 nan 0 0.0
-0.0432501 -0.01541848 -0.510725 -1.198192 0.4761485 0.3427899 -0.4859931 18.64851 0.8512821 1 0.9999334
-0.01149491 0.06057115 -3.513776 -3.978101 2.324115 1.600915 -0.3769519 20.73799 0.5396137 0 0.0
-0.04072423 0.03237908 -4.008144 -1.540048 1.616899 1.043474 -0.3755461 20.31726 0.5730972 0 0.0
-0.03880575 -0.03480198 0.1756186 -0.5430215 1.724668 1.179205 -0.5225642 20.34067 0.5992737 0 0.0
-0.01689245 -0.006759722 0.9211776 -0.8891915 2.831874 1.930592 -0.3934062 20.08665 0.5439816 0 0.0
-0.03555018 0.03240468 -0.3972693 -0.9812193 0.3627103 0.2443847 -0.3836716 18.27376 0.9079895 1 0.9999338
-0.03593373 0.004126411 -0.546614 0.2850214 1.51236 1.004713 -0.4492569 20.3378 0.4400101 0 0.0
0.0063227 0.005334093 -0.6480053 -2.999234 1.209846 0.8704528 -0.3050958 20.06063 0.4239826 0 0.0
0.0812649 0.08139644 -17.62684 -9.987467 1.59129 1.072944 -0.248172 20.45321 1.761238 0 0.0
-0.02482437 0.0313958 -1.845566 -1.309469 1.060082 0.7157667 -0.4195742 19.90189 0.58601 1 0.9991545
-0.04086831 -0.02593998 -3.44232 -0.1032001 1.907822 1.352086 -0.5241811 20.50079 0.2142544 0 0.0
-0.002965392 0.03070365 -0.374832 -1.434819 0.7316416 0.5009682 -0.3781416 19.42631 0.6420441 0 0.0
-0.03367548 0.03158035 0.2888543 -1.729096 0.7410272 0.4970399 -0.3980618 19.26994 0.7595673 1 0.9997556
-0.008648102 0.03208285 -5.158139 1.453779 2.706197 2.314621 -0.3569151 20.75075 0.4934311 0 0.0
-0.03299365 0.02469469 0.6882141 -1.621958 2.76584 2.343523 -0.339606 20.94941 0.6251984 0 0.0
-0.004142781 0.02470125 -1.737919 -2.029976 1.136364 0.7573648 -0.3858308 20.01667 0.4343853 0 0.0
