data/gcs/NGC_6539.ecsv
# %ECSV 0.9
# ---
# datatype:
# - {name: x, unit: deg, datatype: float64}
# - {name: y, unit: deg, datatype: float64}
# - {name: pmx, unit: mas / yr, datatype: float64}
# - {name: pmy, unit: mas / yr, datatype: float64}
# - {name: pmx_e, unit: mas / yr, datatype: float64}
# - {name: pmy_e, unit: mas / yr, datatype: float64}
# - {name: pm_corr, datatype: float64}
# - {name: g_mag, unit: mag, datatype: float64}
# - {name: bp_rp, unit: mag, datatype: float64}
# - {name: filter, datatype: int64}
# - {name: memberprob, datatype: float64}
# meta: !!omap
# - comments: [deg deg mas/yr mas/yr mas/yr mas/yr dimless mag   mag   zeroone float]
# - __serialized_columns__:
#     bp_rp:
#       __class__: astropy.units.quantity.Quantity
#       unit: &id001 !astropy.units.Unit {unit: mag}
#       value: !astropy.table.SerializedColumn {name: bp_rp}
#     g_mag:
#       __class__: astropy.units.quantity.Quantity
#       unit: *id001
#       value: !astropy.table.SerializedColumn {name: g_mag}
#     pmx:
#       __class__: astropy.units.quantity.Quantity
#       unit: !astropy.units.Unit {unit: mas / yr}
#       value: !astropy.table.SerializedColumn {name: pmx}
#     pmx_e:
#       __class__: astropy.units.quantity.Quantity
#       unit: !astropy.units.Unit {unit: mas / yr}
#       value: !astropy.table.SerializedColumn {name: pmx_e}
#     pmy:
#       __class__: astropy.units.quantity.Quantity
#       unit: !astropy.units.Unit {unit: mas / yr}
#       value: !astropy.table.SerializedColumn {name: pmy}
#     pmy_e:
#       __class__: astropy.units.quantity.Quantity
#       unit: !astropy.units.Unit {unit: mas / yr}
#       value: !astropy.table.SerializedColumn {name: pmy_e}
#     x:
#       __class__: astropy.units.quantity.Quantity
#       unit: &id002 !astropy.units.Unit {unit: deg}
#       value: !astropy.table.SerializedColumn {name: x}
#     y:
#       __class__: astropy.units.quantity.Quantity
#       unit: *id002
#       value: !astropy.table.SerializedColumn {name: y}
# schema: astropy-2.0
x y pmx pmy pmx_e pmy_e pm_corr g_mag bp_rp filter memberprob
[from data line 5178]
0.05130771 0.01806747 -8.811223 -2.384768 1.758062 1.68972 0.5384837 20.28759 1.984249 0 0.0
0.002239329 0.01271326 -6.850051 -5.081175 0.3984038 0.3085537 0.05386275 17.4421 2.111706 0 0.0
-0.02474898 0.0839415 5.42902 -5.197479 0.9246179 1.019387 0.2479305 19.7007 nan 0 0.0
0.01836349 0.0167059 2.32201 -2.264729 1.844218 1.554814 0.08693239 20.3835 nan 0 0.0
0.008773176 -0.00950887 -4.559255 -3.349837 1.231849 1.187229 0.5115539 19.37518 2.064682 0 0.0
0.02919823 0.08566785 0.6825881 -5.957604 1.804885 1.602456 0.2022669 20.40061 1.657785 0 0.0
0.0751176 0.02819914 0.265498 -2.113093 0.4504724 0.3684422 0.2298156 18.53513 2.204834 1 0.0
-0.007654105 0.08223841 -6.006918 -2.130329 0.5642179 0.4825334 0.3799151 18.86762 2.156979 0 0.0
0.03364145 0.02781242 -7.190402 -3.814172 0.2188229 0.1882276 0.1971933 17.34186 2.281908 1 0.9970517
0.08041485 0.04469627 0.5283927 6.62277 1.95347 1.740345 0.246075 20.09518 2.51688 0 0.0
0.01228517 0.09657725 -0.4179503 -5.538928 1.322048 1.282482 0.4622 19.97163 1.546423 0 0.0
0.008441255 0.03269504 -14.62854 -9.269507 1.364088 1.401439 0.5216082 19.4673 nan 0 0.0
0.002118321 0.01214677 -7.177896 -3.171448 0.3839147 0.3036811 0.1321053 17.81332 nan 0 0.0
0.008017722 0.03303885 -6.748673 -3.535235 0.1294162 0.09869274 0.07408112 15.44971 2.663773 1 0.9995109
-0.007803813 -0.004914049 -7.053134 -2.844786 0.3530341 0.3315282 0.2053977 18.11871 nan 0 0.0
-0.001390964 0.05173188 -6.917128 -5.838706 2.01784 1.889411 0.1757736 20.3131 1.811819 0 0.0
0.01161879 0.0696689 -2.409796 -7.584411 1.868048 1.793492 0.547786 20.10594 1.198662 0 0.0
0.03316082 0.07239147 -1.528044 -3.727993 2.201589 1.943113 0.3717953 20.38856 1.821968 0 0.0
-0.009226033 0.01669475 -7.396185 -2.932734 0.8030549 0.828525 0.2969875 19.11168 2.1336 0 0.0
0.03639553 0.04097719 -3.200211 3.11071 3.106125 3.019334 0.5243861 20.76571 0.6632576 0 0.0
0.04813455 0.04743003 1.616144 -5.850434 2.431101 2.265116 0.06591551 20.30623 1.572794 0 0.0
-0.001088262 -0.01191347 -6.225126 -4.057418 0.5029354 0.4013939 0.1592867 18.47537 nan 0 0.0
-0.01037557 0.01545829 -7.079368 -3.672903 0.2652419 0.2101278 0.1778106 17.61776 2.245541 0 0.0
0.003056039 0.00182229 -8.832255 -1.921769 0.5936069 0.3839963 -0.4872958 17.40421 nan 0 0.0
0.057181 0.05168279 -2.957442 -4.334057 2.258301 2.007707 0.2203631 20.21103 1.935535 0 0.0
0.00438757 0.05130891 -0.3214028 2.896936 0.9984742 1.189266 0.5248727 19.39616 2.306566 1 0.0
0.0044783 0.04822949 -1.388381 -5.494084 2.008425 1.744763 0.3216373 20.1924 2.150534 0 0.0
-0.0003017715 -0.01060551 -8.460856 -2.753505 0.7023959 0.5550197 0.1241287 18.44423 2.394489 0 0.0
-0.001118513 -0.01133125 -7.292831 -1.684156 0.5485439 0.442482 0.04290407 18.34499 nan 0 0.0
0.05512648 0.07336769 -1.776174 -7.773359 1.298657 1.378913 0.459946 19.60035 1.766035 0 0.0
0.08615588 0.008835101 0.4531084 -3.575087 1.191598 1.023243 0.08818544 19.7277 2.091337 0 0.0
0.004780177 -0.01145764 -5.727792 -3.116913 0.8419518 0.6503066 0.3228118 18.39292 2.220568 0 0.0
-0.07324437 0.05105903 -0.3051156 -5.091715 0.5244555 0.5023443 0.001849258 18.65982 2.010414 1 0.0
0.05623903 0.02022931 -7.738748 -5.86938 0.661149 0.4880964 -0.08768467 18.26064 2.209778 0 0.0
-0.03954301 0.06934538 -2.929499 -2.125122 1.002457 1.099499 0.2801178 19.84058 2.109192 1 0.004479075
0.04020913 0.05899462 -2.120793 -6.223119 0.6934271 0.7447936 0.3750484 19.02912 2.435654 0 0.0
-0.001905004 -0.01158303 -6.29242 -3.539528 0.2666487 0.2085682 0.1176776 17.24042 2.480649 0 0.0
-0.03409396 0.0300745 2.370555 2.533503 2.685935 2.354951 0.4079343 20.5707 1.719849 0 0.0
0.0235704 0.0833665 -3.646505 -6.006687 0.1881416 0.1631119 0.2357617 17.01968 2.403006 1 0.0
-0.02538375 0.07337476 0.7573024 -3.870897 2.450925 2.24204 0.5099956 20.36596 2.082201 0 0.0
0.006021063 0.03498294 0.1649187 -2.925427 1.9498 1.629547 0.2753234 20.36548 1.165216 0 0.0
-0.02232676 0.05067559 0.3860757 -0.9705488 0.5685923 0.4368186 0.02648395 17.17739 1.9554 0 0.0
0.01379689 0.06075103 -4.536742 -7.79198 1.040609 1.096935 0.5711079 19.39343 2.52504 1 0.0
-0.01585227 0.04715205 -7.081128 -3.625842 0.13293 0.1041375 0.1558142 15.98229 2.490604 1 0.9988238
-0.00405373 0.0949595 11.20775 4.428037 1.119617 0.9723007 0.4300198 19.88407 2.195707 1 0.0
0.01597466 0.04521513 1.058437 -0.6686613 0.9300352 0.9609724 0.3773917 19.53207 1.825384 1 0.0
-0.04943371 0.04474863 0.4969226 -1.702982 1.189112 1.206408 0.4300984 19.7524 1.78372 0 0.0
-0.006201084 0.03188112 5.098148 2.448104 1.200163 1.245402 0.3637528 19.69396 1.713619 0 0.0
-0.002903479 0.02335053 -1.854823 -4.060669 0.8302568 0.8564133 0.3202927 19.29055 2.076155 0 0.0
0.01052886 0.03927105 -2.747052 -5.693119 1.928979 1.816329 0.4613052 20.13529 2.000017 0 0.0
0.008895466 0.05310413 -9.466199 -2.69741 2.120979 1.875167 0.1206557 20.60353 1.288914 0 0.0
-0.00577783 0.05314567 -6.338359 -1.368882 0.7472879 0.7615086 0.3501234 19.20185 1.689423 1 0.8029908
-0.05455031 0.07447641 3.26523 -6.577116 1.050692 0.8138192 -0.1868545 16.49456 2.012102 0 0.0
0.0206621 0.005891133 -6.785885 -2.547009 1.551174 1.472775 0.3949487 19.92788 1.643427 0 0.0
-0.05188611 0.06030944 0.9943856 -1.642248 1.08579 1.184375 0.2277824 19.82294 1.464014 0 0.0
-0.03558028 0.07813669 2.489917 -9.323684 3.068634 2.413521 -0.2414062 20.47825 2.87516 0 0.0
0.005385763 0.03590754 2.757788 3.233199 1.960696 1.689796 0.4748261 20.26513 nan 0 0.0
-0.01113278 0.05145661 -6.862598 -3.728327 0.448649 0.3623674 0.1990504 18.37098 2.33271 1 0.99485
-0.01815367 0.0978111 -4.85383 0.335304 0.6280914 0.6481521 0.3667846 19.1774 2.199669 1 9.801217e-06
-0.01001344 0.05377215 -2.88298 -9.701083 1.162204 1.171395 0.4261027 19.80434 1.877573 0 0.0
-0.01548814 0.01694682 -7.018307 -3.037447 0.3243988 0.2661172 0.1610748 17.74224 2.334419 1 0.9980114
0.04801009 0.01638127 -3.377531 3.164993 1.947056 1.806654 0.5652886 20.46027 2.012365 0 0.0
-0.02486736 0.037839 -2.081229 -1.471154 2.611184 2.350401 0.4869504 20.58245 1.479189 0 0.0
0.06456329 0.05362771 -9.835663 -14.66459 1.717225 1.498995 0.1213021 20.19586 1.678175 0 0.0
-0.01101096 0.01989 -6.548766 -4.007664 0.4851957 0.3932152 0.2265273 18.61116 2.255688 0 0.0
0.05615107 0.04172037 0.3346686 -1.30484 0.127628 0.1032583 0.1248892 15.62637 2.740451 1 0.0
0.01340334 0.05296859 -1.8102 -7.821921 0.9438644 0.9347422 0.4414001 19.51266 2.753822 0 0.0
-0.02011642 0.01210006 -6.806972 -3.379213 0.2430176 0.1905126 0.1464731 17.25067 2.284981 1 0.9993561
0.08377377 0.04868199 -3.858229 -4.630335 3.636789 2.803969 0.02725847 20.76557 nan 0 0.0
-0.005717221 0.0455158 0.08613829 -5.634359 0.5130868 0.4098562 0.2522081 18.42652 2.34877 1 0.0
-0.004143662 0.007266807 -6.727912 -3.927448 0.5293171 0.4327403 0.2397938 18.70683 2.065672 0 0.0
0.07484971 0.05350922 -5.002522 -7.091015 1.2897 1.081868 0.2802323 19.83589 1.802229 0 0.0
0.007079871 0.03220154 1.674483 -1.142667 0.5710114 0.464102 0.2090047 18.79365 2.268082 0 0.0
-0.06156366 0.03243847 -5.522245 -5.448216 1.026484 1.075722 0.50142 19.54211 1.999647 0 0.0
0.05842297 0.06316438 8.285163 -2.973994 0.999669 0.8888318 0.4844051 19.37695 2.531034 1 0.0
-0.02852575 0.003845052 0.4103875 -3.863834 0.108616 0.08699141 0.2201589 15.13938 2.542665 1 0.0
0.004629052 -4.487336e-06 -7.565849 -3.369092 0.2144247 0.1693558 0.1504703 17.2202 2.374063 0 0.0
-0.004022797 0.02214222 -7.443349 -5.077359 1.081495 1.123288 0.3052146 19.58619 1.882895 0 0.0
-0.02223395 0.01091692 0.1932488 -5.910534 1.783453 1.466254 0.4748673 20.1116 1.654928 0 0.0
0.002330006 -0.001492201 -4.981503 -1.02516 0.607984 0.4658159 0.07379762 17.72099 2.222706 0 0.0
-0.0003017968 0.02552158 -7.216041 -2.846933 0.6887119 0.577857 0.2834258 18.83704 1.997173 0 0.0
-0.07406397 0.06712353 -13.96677 -2.80178 1.874872 1.545838 0.03947233 20.20087 2.20784 0 0.0
0.002935013 -0.001636209 -6.696445 -4.075118 0.2946439 0.2291843 0.114753 17.39485 2.124724 0 0.0
-0.0127948 -0.01442278 -7.935386 -1.732134 1.933901 1.618279 0.3980865 20.02835 nan 0 0.0
0.001150249 0.00167448 -5.520176 -1.848567 0.5803165 0.4775244 0.06518638 18.37063 nan 0 0.0
0.05092119 0.07542004 -1.025675 -6.302254 0.5113737 0.4093974 0.2934539 18.46032 2.377043 1 0.0
-0.04486618 0.05218636 -0.5118101 -4.416299 0.9692407 0.9840148 0.4180166 19.55594 2.083786 1 0.0
0.001180472 -0.008611375 -7.437057 4.417324 1.376733 1.438054 0.1563599 19.41921 nan 0 0.0
0.004932105 0.04799584 1.316922 -9.050066 1.836813 1.653888 0.2155261 20.39091 nan 0 0.0
-0.04277622 0.02770766 -6.33981 -3.45457 0.3936345 0.3135707 0.2190829 18.2366 2.375792 1 0.9912856
-0.03581679 0.01117874 -2.336399 -0.5270729 2.081216 1.937588 0.5286688 20.30697 2.177385 0 0.0
-0.02341358 0.00777736 -6.94451 -3.666174 0.1540522 0.1187413 0.09696405 16.2024 2.489574 1 0.9994832
-0.0373304 0.02331555 1.291377 -6.860947 0.3150399 0.2446296 0.1178516 17.48222 1.957874 1 0.0
-0.04477876 0.08457074 -1.506036 -8.033104 0.3660846 0.2919381 0.0421875 18.11186 2.080391 1 0.0
-0.03327688 0.02673957 -6.850156 -3.157061 0.2531731 0.1971687 0.1376202 17.13546 2.364941 1 0.9978287
-0.05421776 0.07656881 -4.219908 -11.99195 1.60642 1.589345 0.1662717 20.38912 1.456989 0 0.0
0.001755218 -0.008936103 -7.124028 -3.001276 0.1652275 0.1266794 0.08164091 16.09747 2.656573 1 0.9967061
-0.0008463974 0.05585509 0.7177346 -1.556185 0.4172528 0.3376696 0.2312399 18.35143 1.924601 1 0.0
-0.01760674 0.04119438 0.8433378 -0.3475645 0.1057452 0.08197255 0.1261763 15.50397 2.391082 1 0.0
0.003751788 8.230557e-05 -5.103224 -3.751288 0.4695856 0.3671491 0.06453497 17.84226 nan 0 0.0
0.0361531 0.03617022 -4.714539 -8.374872 1.301778 1.275563 0.1792633 19.8216 2.068233 0 0.0
0.01491624 0.05840544 -3.979679 -6.833467 2.259182 2.358242 0.3407406 20.29893 nan 0 0.0
0.02841168 0.08741121 -10.76152 -3.140314 3.026775 2.398985 0.3051517 20.51204 nan 0 0.0
-0.005867649 -0.01619742 -8.373369 -1.193751 0.8448122 0.876165 0.3921544 19.11409 nan 0 0.0
0.03043286 0.001908486 -6.525335 -8.844169 1.81572 1.696236 0.3306372 20.32862 1.578369 0 0.0
-0.0007252906 0.002753086 -5.682466 -2.166586 0.6389715 0.5232089 0.1134876 18.64044 2.547871 0 0.0
0.01742797 0.0733742 3.884563 -1.542057 0.1983189 0.173785 0.2757557 17.15189 2.15008 1 0.0
-0.02991766 0.009322386 -7.094692 -3.16663 0.299887 0.2393089 0.1999196 17.83708 2.316418 1 0.9982619
0.09211972 0.02935789 -2.181642 -3.007383 0.9540831 0.9394468 0.2854909 19.62396 2.095015 1 4.752266e-05
-0.05766342 0.05018831 -0.8779456 1.88922 0.5801454 0.4822164 0.08325247 18.94532 1.990221 1 0.0
-0.008772044 0.006165244 -5.288371 -3.905244 0.9629175 0.9998028 0.2824869 19.39749 nan 0 0.0
0.006141806 0.01609209 -7.831632 -3.599722 0.5226155 0.4250315 0.1816034 18.53185 2.395557 0 0.0
0.004357195 0.03936367 -4.642819 -8.491489 0.1449286 0.1238456 0.09948415 14.76307 2.99472 1 0.0
-0.00235886 0.00854093 -5.161236 -4.200074 1.565249 1.262946 0.293676 19.97079 nan 0 0.0
