data/gcs/NGC_6325.ecsv
# %ECSV 0.9
# ---
# datatype:
# - {name: x, unit: deg, datatype: float64}
# - {name: y, unit: deg, datatype: float64}
# - {name: pmx, unit: mas / yr, datatype: float64}
# - {name: pmy, unit: mas / yr, datatype: float64}
# - {name: pmx_e, unit: mas / yr, datatype: float64}
# - {name: pmy_e, unit: mas / yr, datatype: float64}
# - {name: pm_corr, datatype: float64}
# - {name: g_mag, unit: mag, datatype: float64}
# - {name: bp_rp, unit: mag, datatype: float64}
# - {name: filter, datatype: int64}
# - {name: memberprob, datatype: float64}
# meta: !!omap
# - comments: [deg deg mas/yr mas/yr mas/yr mas/yr dimless mag   mag   zeroone float]
# - __serialized_columns__:
#     bp_rp:
#       __class__: astropy.units.quantity.Quantity
#       unit: &id001 !astropy.units.Unit {unit: mag}
#       value: !astropy.table.SerializedColumn {name: bp_rp}
#     g_mag:
#       __class__: astropy.units.quantity.Quantity
#       unit: *id001
#       value: !astropy.table.SerializedColumn {name: g_mag}
#     pmx:
#       __class__: astropy.units.quantity.Quantity
#       unit: !astropy.units.Unit {unit: mas / yr}
#       value: !astropy.table.SerializedColumn {name: pmx}
#     pmx_e:
#       __class__: astropy.units.quantity.Quantity
#       unit: !astropy.units.Unit {unit: mas / yr}
#       value: !astropy.table.SerializedColumn {name: pmx_e}
#     pmy:
#       __class__: astropy.units.quantity.Quantity
#       unit: !astropy.units.Unit {unit: mas / yr}
#       value: !astropy.table.SerializedColumn {name: pmy}
#     pmy_e:
#       __class__: astropy.units.quantity.Quantity
#       unit: !astropy.units.Unit {unit: mas / yr}
#       value: !astropy.table.SerializedColumn {name: pmy_e}
#     x:
#       __class__: astropy.units.quantity.Quantity
#       unit: &id002 !astropy.units.Unit {unit: deg}
#       value: !astropy.table.SerializedColumn {name: x}
#     y:
#       __class__: astropy.units.quantity.Quantity
#       unit: *id002
#       value: !astropy.table.SerializedColumn {name: y}
# schema: astropy-2.0
x y pmx pmy pmx_e pmy_e pm_corr g_mag bp_rp filter memberprob
[from data line 1842]
0.009524285 -0.02374377 -0.3354827 -2.112522 3.342699 2.014682 0.5122806 20.4147 nan 0 0.0
-0.01329058 -0.01887083 -8.960955 -9.877614 3.871434 2.561692 0.3446559 20.58758 nan 0 0.0
0.01114398 -0.02294091 -18.23753 -12.94116 2.962351 1.820557 0.510307 20.22509 1.650476 0 0.0
-0.04159279 0.02362084 -2.099922 -5.667389 0.1418777 0.09713312 0.07409413 15.66419 2.991191 1 0.0
0.004695677 0.04116356 -3.559726 -5.110145 2.596464 1.616094 0.3719772 20.32218 1.41325 0 0.0
-0.002623193 -0.009135067 -13.06907 -10.95328 1.059506 0.6393016 0.4568418 18.85535 2.003319 0 0.0
0.001063562 0.02747651 -7.898902 -8.82913 1.473425 1.049861 0.3767805 19.64492 1.570406 0 0.0
0.02133954 -0.004461879 -9.041274 -10.50595 3.967544 2.713589 0.2077171 20.52692 0.8589077 0 0.0
-0.02179007 0.0415452 -3.286253 -4.776574 0.3289534 0.2566026 0.3698846 17.23331 2.320982 1 0.0
-0.004997065 -0.008665928 -5.293795 -9.604818 3.404426 3.117791 -0.0972981 20.51752 nan 0 0.0
-0.003461855 0.0221378 -9.545548 -6.552266 3.118135 1.858978 0.3410391 20.40855 nan 0 0.0
-0.002120976 0.02041359 -9.088851 -7.582992 0.5526047 0.3691568 0.1235489 18.4435 2.182037 0 0.0
-0.007846651 0.007107704 -8.446495 -6.769228 3.034079 1.814507 0.4963615 20.29161 1.085192 0 0.0
-0.03823821 0.01539357 -4.74197 -5.617759 2.52195 1.539055 0.4384395 20.30277 1.780159 0 0.0
0.02561601 0.01273401 -7.455772 -4.493095 2.832742 1.917067 0.05149124 20.3585 1.114265 0 0.0
-0.02857786 0.03568261 -3.17047 -5.301477 0.1779948 0.1269003 0.1008511 16.38472 2.399995 1 0.0
-0.02843069 0.001447639 4.782162 -3.24201 2.802815 1.728283 0.679096 20.13305 1.543827 0 0.0
0.01016771 -0.008956147 -4.181413 -3.300848 0.2943118 0.2127441 0.2636283 17.28899 2.522181 1 0.0
-0.01505357 0.0129798 -2.719359 -4.95201 0.4304609 0.2847328 0.06720223 18.37941 2.123518 0 0.0
-0.02917609 -0.03738805 -2.808748 -4.746659 1.506927 0.9419521 0.6155921 19.50986 2.011183 0 0.0
0.005559922 -0.002106579 -8.494967 -10.40014 0.5649402 0.3295115 0.3878806 17.82612 2.110218 0 0.0
-0.008820912 -0.04196271 -3.616786 -11.20348 2.51099 1.559591 0.3220871 20.3497 1.66992 0 0.0
-0.01843302 0.01031289 -2.518164 -7.364007 1.468357 1.001708 0.2809146 19.99665 1.791298 0 0.0
-0.004214697 -0.02066885 -7.714546 -7.670894 1.177948 0.8758079 0.4128759 19.26314 nan 0 0.0
0.02147991 -2.540885e-05 -6.397338 -6.210033 3.293449 2.149889 0.2418503 20.50532 1.373642 0 0.0
-0.04004713 -0.006430861 -3.85572 -5.561396 2.912536 1.899133 0.1977859 20.51956 1.434301 0 0.0
0.038382 0.01574829 -5.038599 -6.301955 0.3744978 0.2722674 0.03455406 14.79779 5.439412 0 0.0
-0.005975909 0.02120502 0.7039128 -3.227106 2.440083 1.625105 0.2145226 20.3323 nan 0 0.0
0.02223764 0.02120898 -13.14806 -8.296671 2.979338 1.917559 -0.09022397 20.3415 0.6805496 0 0.0
-0.004802429 0.01462281 -3.540404 -8.249287 2.600172 1.522397 0.5897407 19.99047 1.930456 0 0.0
0.00628458 -0.03316206 -12.85267 -14.92682 3.823626 2.550335 0.3244849 20.64499 1.272038 0 0.0
0.005757002 0.0335284 0.8205797 -0.1341488 1.161364 0.8410725 0.3899911 19.27745 nan 0 0.0
0.02538171 -0.04279268 -6.171124 -5.169711 1.900036 1.262804 0.2001151 20.25823 1.828123 0 0.0
-0.007959305 0.02231117 -9.394143 -11.34221 1.225028 0.8587492 0.29783 19.6237 1.177353 0 0.0
-0.03641668 -0.005640152 -0.09433436 -3.753178 0.8343957 0.569279 0.2140701 19.12224 1.938959 0 0.0
-0.005668824 0.02559765 2.041675 -6.865015 2.657603 1.758002 0.3600381 20.14439 1.776031 0 0.0
-0.02846725 0.04089732 -0.3815217 -2.328032 2.077057 1.917058 0.8551987 19.36288 nan 0 0.0
0.01538882 -0.0205438 -2.39799 -4.280636 2.255981 1.404524 0.2809698 20.24108 2.122486 0 0.0
0.02757059 0.009473947 -0.4695803 -0.397908 0.3111068 0.2234621 0.2950466 17.38538 2.143253 0 0.0
0.01907818 0.001447439 -1.005994 1.378556 2.057232 1.383107 0.5117701 19.98144 1.693445 0 0.0
-0.04563277 -0.006480384 -6.61193 -8.851586 1.932726 1.219376 0.4019833 20.14856 1.70443 0 0.0
0.03943665 -0.006703425 -7.706892 -1.460383 3.500075 2.31962 0.1121803 20.58073 nan 0 0.0
-0.01398633 -0.04100568 -0.5044222 -5.306164 1.148656 0.8017091 0.4596447 19.41018 1.854664 0 0.0
-0.03031072 0.03892852 -1.548934 -11.55446 1.555359 1.160564 0.3650704 19.50239 1.67009 0 0.0
-0.04292556 -0.0009462439 -4.445357 -8.38777 3.129822 1.909723 0.2876336 20.58463 1.99843 0 0.0
-0.01256771 0.01420076 -0.395524 -3.550497 1.6212 1.185118 0.3272687 19.73981 1.593069 0 0.0
-0.01455327 0.03517185 -2.539003 -12.17914 3.323967 1.988369 0.5523565 20.26093 nan 0 0.0
0.03876217 -0.02080616 0.6960071 -0.9004612 1.635695 1.138215 0.2584884 19.96425 1.52334 0 0.0
0.0227393 0.01459611 -4.89074 -2.639166 2.256808 1.370407 0.4841707 19.87627 2.73008 0 0.0
-0.004774909 0.0258609 0.626016 -0.5576491 2.85378 1.537834 0.4904613 20.21808 nan 0 0.0
-0.01072336 0.004681351 -4.360133 -2.889744 2.697567 1.771845 0.2761162 20.33136 nan 0 0.0
0.0150889 0.04209737 -7.997869 -5.691205 1.424344 0.9709735 0.3547359 19.4273 1.511183 0 0.0
-0.01287657 0.0304151 0.7835522 -7.442611 2.613826 1.746935 0.4295315 20.31838 0.9182739 0 0.0
-0.007481057 -0.03614331 -0.3003588 -5.406452 1.560557 1.054366 0.3197166 19.8384 1.566916 0 0.0
0.04795241 -0.01307302 -0.1937399 -8.663084 1.303434 0.9031237 0.1459589 19.78142 1.849825 0 0.0
-0.02602291 -0.02755309 -1.229843 -2.044414 2.893473 1.716047 0.2967794 20.24552 2.146406 0 0.0
0.01226029 -0.03009356 -0.6571338 -5.050276 3.265487 1.873128 0.4806428 20.48878 nan 0 0.0
0.001398479 -0.00139312 -7.359339 -7.685944 0.3840685 0.2817995 0.2485385 17.13793 nan 0 0.0
-0.0143821 0.00305403 -7.300491 -6.432812 3.182074 1.893706 0.3725326 20.46624 nan 0 0.0
0.004946504 0.02485191 -12.9505 -12.70405 2.500295 1.636588 0.6156535 20.12387 1.703024 0 0.0
-0.03183482 -0.01214301 1.209552 -3.117063 2.84031 2.024676 0.39235 20.20207 2.038885 0 0.0
-0.02893097 -0.009643704 1.318433 1.493575 1.369201 1.006818 0.409266 19.58151 1.748547 0 0.0
-0.02757034 0.02730193 -0.1397178 -2.549753 3.265051 1.793947 0.5738428 20.36131 1.275051 0 0.0
-0.0267528 -0.008744877 -8.000511 -9.389247 0.3589299 0.24478 0.2614931 17.98823 2.197142 1 0.9898826
0.03144412 -0.02762296 -5.256583 -0.6086936 2.530325 1.755611 0.3267395 19.95842 1.948374 0 0.0
-0.01868036 -0.01786822 0.8577307 -2.935293 1.064758 0.7131062 0.2036206 19.17084 2.133869 0 0.0
-0.0397379 -0.01305499 -5.901802 -10.32124 3.141542 2.058147 0.2327244 20.38658 2.104584 0 0.0
0.03270315 -0.01784238 -2.160535 -6.684126 1.518164 1.039963 0.3129059 19.81073 1.514982 0 0.0
-0.009882848 -0.02945821 -4.867211 -4.404183 0.6289286 0.4265934 0.1936724 18.47714 1.926142 0 0.0
0.007849954 -0.004805596 -3.339669 -11.21683 2.214931 1.556292 0.5205038 19.63436 nan 0 0.0
-0.008126021 0.008036566 -4.183393 -11.39619 1.270903 0.9303714 0.03543507 18.98662 2.138632 0 0.0
-0.04074634 -0.003253435 -0.8797887 -1.541647 2.707114 1.669528 0.05953296 20.32915 2.037291 0 0.0
0.008043256 -0.04033951 -4.45847 -5.543293 0.6307321 0.4245693 0.1861686 18.79114 2.083023 0 0.0
-0.03192765 0.02473365 3.191561 -1.731663 2.724246 1.869665 0.2602409 20.54051 0.9307652 0 0.0
-0.0154397 -0.02852225 -2.472851 -10.15004 2.999236 2.253507 0.02166358 20.4991 0.6927986 0 0.0
0.006843758 -0.01935289 -9.793769 -1.2634 1.3824 1.012885 0.4665684 19.35253 1.878351 0 0.0
0.03225614 -0.01862428 -9.511957 -7.528026 3.282225 2.105323 0.3862037 20.46278 nan 0 0.0
-0.01784509 0.0003432587 1.088794 -3.210097 2.648243 1.816012 0.3568009 20.11983 1.511351 0 0.0
0.02182077 0.03397874 -8.514113 -9.54171 1.080129 0.7670166 0.2963928 19.17975 1.904936 0 0.0
0.04820521 -0.009138248 -6.21816 -7.242709 3.111751 2.067152 0.2712173 20.41638 1.567202 0 0.0
0.01603394 0.002525501 -4.227182 -2.913917 0.3929645 0.2599103 0.1534469 18.09264 2.049263 0 0.0
-0.01103337 0.03735993 -5.083942 -6.011257 2.508082 1.618267 0.1288667 20.47365 1.842136 0 0.0
-0.03800917 -0.003677946 -8.898371 -5.154225 2.332134 1.413034 0.4642357 20.2075 1.623774 0 0.0
-0.04451447 -0.009907502 -4.65562 -5.846545 2.416569 1.548176 0.3374125 20.42183 1.329512 0 0.0
0.00999801 -0.03663367 -2.06252 -3.807885 0.6923464 0.4731174 0.1981437 18.83731 2.116222 0 0.0
0.03736529 -0.02296487 -1.080223 -5.9832 0.2305341 0.1638907 0.07561703 17.13306 nan 0 0.0
0.02928128 0.04001022 3.300845 -1.936353 1.514719 1.07342 0.5624285 19.6748 1.557926 0 0.0
-0.003823881 -0.01600918 -3.997263 -9.275336 2.204085 1.367051 0.3352023 20.21916 1.392914 0 0.0
-0.02306809 0.001177856 -14.73272 -15.57955 1.587896 1.137526 0.3748881 19.83538 2.150442 0 0.0
-0.01382347 0.002876707 -6.620222 -4.241478 2.219648 1.457455 0.5536377 20.09002 1.504263 0 0.0
0.001342642 0.0007583701 -5.344921 -13.32642 0.5816326 0.4506805 -0.3170138 17.10338 nan 0 0.0
-0.02745285 4.403993e-05 -5.89329 1.999012 3.639059 2.369938 0.1515954 20.48239 1.941784 0 0.0
-0.01197547 -0.04711853 -3.871048 -3.24735 3.706115 2.282225 0.4897142 20.56645 2.001289 0 0.0
-0.01477544 0.02346452 -5.13824 -10.51398 0.1251308 0.0869119 0.01214283 15.86331 2.404274 1 0.0
-0.01295521 -0.02149912 2.974342 0.6853379 0.387769 0.241056 0.5081675 17.43475 1.944334 1 0.0
0.02348532 -0.03063679 -13.05787 -12.53019 2.698511 1.604479 0.5121475 20.24175 1.270056 0 0.0
-0.0023443 0.01221198 -5.740813 -8.206073 2.058391 1.370804 0.5957798 19.74749 1.674812 0 0.0
-0.01608632 0.00684564 -1.062479 -6.036865 3.90229 2.349966 0.4079018 20.59082 nan 0 0.0
-0.02748035 -0.001968219 -8.355973 -8.485368 0.3915035 0.2713281 0.08606593 18.08245 2.225023 1 0.9914314
-0.009688227 -0.01815525 -5.576016 -0.2398262 0.9019261 0.5653496 0.4761068 18.87094 2.137766 0 0.0
-0.03812177 -0.0006605528 -5.317114 -4.510546 0.3612663 0.2525077 0.2271733 17.84555 2.334812 1 0.0
0.008996815 0.02104844 -6.775122 -5.203651 3.193451 1.785805 0.5354683 20.34065 1.493212 0 0.0
0.01055886 -0.00685428 -8.02872 -8.658039 0.3041322 0.2149821 0.2675109 17.52664 2.181404 0 0.0
-0.03257279 0.03528875 -2.590753 -2.493308 1.298644 0.8566962 0.1838818 19.85255 1.902716 1 0.0
-0.01033356 0.02011756 -0.8418221 -3.294905 1.135602 0.8353952 0.3247619 19.2974 1.885242 0 0.0
0.0253284 -0.02981316 -9.155859 -5.306758 2.62294 1.643122 0.2123466 20.46975 nan 0 0.0
-0.0008918331 0.01386758 -0.01069994 -7.477932 0.4667411 0.3093647 0.1642215 18.19662 2.192616 0 0.0
-0.005471881 -0.007626443 -15.87604 -10.622 3.128286 1.978484 -0.06264354 20.3516 nan 0 0.0
0.01807661 0.02959432 -11.26155 -8.712714 1.890989 1.538499 0.1693553 19.63935 1.730291 0 0.0
0.007769315 0.04795739 -7.88058 -5.811126 3.011304 1.904123 0.3702266 20.40683 1.190178 0 0.0
0.04279391 0.01115783 -2.104675 -2.387253 3.565836 2.132116 0.3469282 20.50811 nan 0 0.0
-0.007288068 0.007826807 -9.726885 -8.893772 1.827208 1.155326 0.4975583 19.87301 1.886166 0 0.0
0.005391979 -0.01098909 -9.174292 -11.79403 3.041194 1.903231 0.4438637 20.18656 1.826365 0 0.0
-0.01488528 0.006836246 -8.498732 -11.41964 2.589949 1.649664 0.3368711 20.42925 1.514561 0 0.0
0.005477019 0.01891241 -6.166996 -2.513317 1.130867 0.7694304 0.4494221 19.34445 1.950996 0 0.0
-0.04283749 -0.01393717 -1.847202 -6.492327 2.001274 1.373499 0.3872933 20.28657 1.334877 0 0.0
0.005616708 0.01937398 -11.11098 -9.367163 2.605988 1.515549 0.578204 20.0113 nan 0 0.0
0.02231763 -0.001045981 -8.754092 -8.901004 3.040698 1.967101 0.1838229 20.45584 1.3298 0 0.0
0.01388299 -0.0005393606 -6.683201 -10.55415 2.827012 1.680976 0.2510429 20.40502 0.9944477 0 0.0
0.02944056 0.003072475 -3.568555 -6.338618 3.393857 1.990396 0.4535208 20.41436 0.7403851 0 0.0
-0.02343036 -0.00336742 -0.5029415 -6.861322 1.79926 1.599638 0.2024038 19.66709 1.581692 0 0.0
-0.03014271 0.03723865 -6.290252 -1.472238 2.630266 1.646998 0.5513299 20.10387 1.591761 1 3.176876e-05
0.04156633 0.01562143 -4.188166 -3.106393 0.5415514 0.3669759 0.2816363 18.57855 2.072884 0 0.0
0.02982376 -0.03106724 -10.97405 -9.723688 1.894245 1.26594 0.4030747 20.05427 1.076992 0 0.0
-0.01046911 -0.03103373 -1.21908 -4.511064 1.301024 0.9177453 0.4607047 19.45635 nan 0 0.0
0.01331976 -0.04586934 -2.129401 -2.643078 2.03738 1.354881 0.5039679 20.02615 2.059385 0 0.0
0.03873127 -0.03078921 -3.325705 -1.677895 0.1622568 0.1145493 0.02403847 16.12964 2.507014 1 0.0
0.03505543 0.006307854 0.07384989 -15.01461 2.796225 1.808196 0.02295623 20.36275 nan 0 0.0
