data/gcs/NGC_6205_M_13.ecsv
# %ECSV 0.9
# ---
# datatype:
# - {name: x, unit: deg, datatype: float64}
# - {name: y, unit: deg, datatype: float64}
# - {name: pmx, unit: mas / yr, datatype: float64}
# - {name: pmy, unit: mas / yr, datatype: float64}
# - {name: pmx_e, unit: mas / yr, datatype: float64}
# - {name: pmy_e, unit: mas / yr, datatype: float64}
# - {name: pm_corr, datatype: float64}
# - {name: g_mag, unit: mag, datatype: float64}
# - {name: bp_rp, unit: mag, datatype: float64}
# - {name: filter, datatype: int64}
# - {name: memberprob, datatype: float64}
# meta: !!omap
# - comments: [deg deg mas/yr mas/yr mas/yr mas/yr dimless mag   mag   zeroone float]
# - __serialized_columns__:
#     bp_rp:
#       __class__: astropy.units.quantity.Quantity
#       unit: &id001 !astropy.units.Unit {unit: mag}
#       value: !astropy.table.SerializedColumn {name: bp_rp}
#     g_mag:
#       __class__: astropy.units.quantity.Quantity
#       unit: *id001
#       value: !astropy.table.SerializedColumn {name: g_mag}
#     pmx:
#       __class__: astropy.units.quantity.Quantity
#       unit: !astropy.units.Unit {unit: mas / yr}
#       value: !astropy.table.SerializedColumn {name: pmx}
#     pmx_e:
#       __class__: astropy.units.quantity.Quantity
#       unit: !astropy.units.Unit {unit: mas / yr}
#       value: !astropy.table.SerializedColumn {name: pmx_e}
#     pmy:
#       __class__: astropy.units.quantity.Quantity
#       unit: !astropy.units.Unit {unit: mas / yr}
#       value: !astropy.table.SerializedColumn {name: pmy}
#     pmy_e:
#       __class__: astropy.units.quantity.Quantity
#       unit: !astropy.units.Unit {unit: mas / yr}
#       value: !astropy.table.SerializedColumn {name: pmy_e}
#     x:
#       __class__: astropy.units.quantity.Quantity
#       unit: &id002 !astropy.units.Unit {unit: deg}
#       value: !astropy.table.SerializedColumn {name: x}
#     y:
#       __class__: astropy.units.quantity.Quantity
#       unit: *id002
#       value: !astropy.table.SerializedColumn {name: y}
# schema: astropy-2.0
x y pmx pmy pmx_e pmy_e pm_corr g_mag bp_rp filter memberprob
[from data line 30903]
-0.1015397 0.146891 -2.859028 -2.508485 0.3029317 0.451347 0.3172639 18.80213 0.6487007 1 0.9988113
-0.04739585 0.1125449 -3.301685 -1.816446 0.3527561 0.4870283 0.2859723 18.8329 0.5978718 0 0.0
-0.07295413 0.181973 -3.509129 -3.31508 0.4369683 0.6395178 0.3597076 19.31189 0.7693386 1 0.9964413
-0.1284718 0.2149926 -3.057684 -3.721846 0.6886189 0.9784241 0.3223635 20.1169 0.7070198 1 0.9835143
-0.1601046 0.1751043 -3.711144 -5.95576 2.127148 3.705276 -0.1036347 20.92161 1.276962 1 0.9117654
-0.1561673 0.07554034 -2.182491 -1.470705 0.7948485 1.109758 0.2403784 20.06005 0.6941013 0 0.0
-0.05677404 0.1243577 -2.896529 -3.209607 0.5222537 0.7234372 0.3230041 19.52975 0.6549225 1 0.9976556
-0.05386895 0.1085704 -3.081192 -1.96948 0.4528221 0.6322464 0.2878841 19.36718 0.6535168 0 0.0
-0.06376602 0.1591073 -2.333193 -6.78335 1.47374 2.799949 0.5256907 20.67994 -0.06747246 0 0.0
-0.2496729 0.1826924 -2.475749 -0.8191523 0.3106802 0.3861883 0.3229903 18.85062 1.108629 1 0.08688936
-0.0209452 0.1783861 -2.81134 -2.616618 0.48211 0.6764256 0.3563051 19.45112 0.7385159 1 0.9976893
-0.151273 0.07678185 2.482236 2.332656 1.870502 3.339468 0.4170358 20.13468 1.107449 0 0.0
-0.04757607 0.1779592 -2.3877 -1.905843 0.7582013 1.185975 0.3816373 20.08888 0.6270771 0 0.0
-0.0796865 0.1478764 -8.451969 -0.4119185 0.2040515 0.3023283 0.3290032 18.2662 1.249269 1 0.0
-0.117098 0.282189 -4.048317 -3.010799 0.6241736 0.7479527 0.3282163 19.63593 0.8168106 0 0.0
-0.148649 0.1215575 -3.236182 -3.00688 0.4127849 0.5559291 0.3246762 19.1924 0.7391129 1 0.9980186
-0.06511982 0.3101844 3.932045 -0.2778286 1.590597 2.79378 0.3930586 20.8171 1.495733 0 0.0
0.005761056 0.1491516 -3.076167 -2.709826 0.3460691 0.4900348 0.2933437 19.06549 0.6738663 1 0.9992245
-0.08391365 0.1466716 -2.456463 -2.639194 0.4045715 0.5894609 0.3418998 19.24295 0.6514721 1 0.9953763
-0.05960533 0.1231239 -2.592317 -2.973005 0.7310333 1.057044 0.3122564 19.91625 0.630579 0 0.0
-0.1491103 0.09201738 -3.891224 -3.341816 1.530984 2.356474 0.601932 20.60667 0.6501541 0 0.0
-0.03036126 0.1772258 -3.292784 -2.975946 0.2862959 0.5755425 0.4086047 18.728 0.7009392 1 0.998798
-0.05972933 0.1844793 -2.975056 -2.548336 0.2789538 0.4414599 0.3349169 18.77866 0.6732292 1 0.9989529
-0.08891581 0.1851711 -3.051483 -1.8142 0.4939949 0.7273509 0.298962 19.38978 0.619873 1 0.9959638
-0.1419007 0.1465311 -4.456049 -2.525369 0.9367199 1.21973 0.2935583 20.36641 0.9276352 1 0.9813791
0.04118397 0.2179257 -3.500101 -3.224291 0.3138151 0.4957238 0.3415977 18.94736 0.6665039 1 0.9964848
-0.129204 0.1065919 -5.408984 -4.095185 1.969246 2.308566 -0.1257317 20.85008 1.096201 0 0.0
0.04473536 0.2767345 -7.650968 -10.83187 0.9860134 1.514607 0.3382637 20.35743 2.655619 0 0.0
-0.02112637 0.3208828 12.72926 -11.98471 1.436334 2.700104 0.3161021 20.84187 1.784088 0 0.0
0.03030021 0.3222172 -4.561823 -15.98536 1.213924 1.797616 0.4933804 20.61256 1.27117 0 0.0
-0.1540427 0.2854848 -0.1129654 -14.11988 1.496223 2.957155 0.4195397 20.71561 1.64226 0 0.0
0.02518409 0.2712669 -3.111861 -2.538471 0.03967522 0.05638164 0.2142363 15.35529 1.021093 1 0.9997806
-0.04167585 0.1300358 -3.154025 -2.970302 0.3217673 0.5040451 0.3493105 18.89698 0.5665417 1 0.9992077
-0.02815075 0.2620403 -2.97206 -2.830839 0.4039825 0.563233 0.3581616 19.08983 0.7560673 1 0.9957489
0.008451386 0.1889161 -2.38543 -2.672791 0.4061109 0.5362786 0.2988709 19.18313 0.7685776 1 0.9930595
-0.06467397 0.1862953 -1.764033 -3.382632 1.015686 1.578334 0.3322591 20.58589 0.7088909 0 0.0
-0.1562678 0.08038903 -2.508411 -1.984934 0.6260108 0.7811758 0.2006678 19.70404 0.6873264 1 0.9956071
-0.02899862 0.1540892 -3.107118 -2.582284 0.5589977 0.763904 0.3538664 19.54366 0.7210884 1 0.9981894
0.04722779 0.2603368 -1.49115 -3.285063 0.721279 0.9466579 0.3502591 19.90774 0.6953354 0 0.0
0.1325304 0.2791851 -1.812882 -6.163069 3.638151 2.398729 0.1853284 20.92525 1.598547 1 0.7185104
0.0574772 0.2604735 -2.288482 -6.915621 0.6268357 0.8808048 0.3470666 19.7099 0.7263126 1 9.095475e-05
-0.1380618 0.1287172 -3.540984 -0.4864231 1.309176 2.009839 0.3694797 20.68457 1.039234 1 0.9767297
0.004798708 0.2606506 1.829465 -1.379917 0.4056538 0.5363544 0.3553869 19.1968 1.732201 1 0.0
-0.02782259 0.3237421 -0.8159351 -1.653523 1.264149 1.870228 0.3242222 20.71922 0.726347 0 0.0
0.01662956 0.1873954 -14.20676 -22.29771 0.214494 0.3055099 0.2886299 18.27368 1.278967 1 0.0
-0.1751213 0.08110456 -3.349993 -3.586565 0.6250195 0.7806306 0.3115694 19.63152 0.6958656 1 0.9935177
-0.05072964 0.1302968 -3.22912 -2.840235 0.3162297 0.4710908 0.3035078 18.90427 0.6120567 1 0.9993395
-0.04932053 0.1305781 -3.253855 -2.349047 0.2643067 0.3807544 0.3752092 18.57243 0.6625347 1 0.999494
-0.06874103 0.2656553 -0.1169771 -2.103789 1.656122 2.779942 0.4933163 20.92783 0.8009987 0 0.0
0.04175161 0.1866839 -3.022962 -2.680726 0.3756301 0.4779353 0.2348746 18.97659 0.7577858 1 0.9986568
-0.2172486 0.1798099 -2.299713 -3.274538 0.7819529 0.969022 0.3343266 20.07248 0.7746449 1 0.9656734
-0.1752361 0.1061674 -3.100851 -3.741709 1.179102 1.585817 0.3682077 20.54026 0.6772881 0 0.0
-0.03715131 0.1885202 -3.849603 1.64542 2.838608 2.211797 -0.5576611 20.48735 nan 0 0.0
-0.01924799 0.2574409 -1.63915 -2.367326 1.574118 2.247973 0.3745314 20.83898 0.9822998 1 0.9484029
-0.1744632 0.128207 -4.002256 -3.966347 0.8122635 1.074336 0.2665626 20.13202 0.8406258 1 0.9818029
-0.07232882 0.130703 -3.423985 -3.515619 0.4433169 0.6535994 0.3544677 19.33295 0.7178974 1 0.9972561
0.06383372 0.1910324 -4.278186 -3.270467 0.6507327 1.003816 0.316836 20.01068 0.6963959 0 0.0
-0.1118192 0.128156 -2.517763 -2.014609 0.5278567 0.7488859 0.3118277 19.51789 0.8375568 0 0.0
-0.1739926 0.2009674 -1.905883 -3.724976 1.817379 4.390812 0.09118828 20.88268 0.894331 0 0.0
-0.1054827 0.1834982 -3.327894 -2.723279 0.1940198 0.2979856 0.2835282 18.19181 0.6198997 1 0.9992651
-0.1253545 0.130065 -3.808435 -1.017849 0.2219638 0.2668662 0.2367975 18.08143 0.8925972 1 6.807859e-05
-0.07574474 0.2698351 2.454836 -6.108648 0.1719273 0.2695486 0.2798141 18.0654 1.07461 1 0.0
-0.1081837 0.1520041 -4.064513 -3.352618 1.24723 1.195166 0.1528206 20.04496 0.8700027 1 0.9875362
-0.04481721 0.1426298 -6.431547 -8.083445 0.3630944 0.6131088 0.3037386 18.69237 0.5681591 0 0.0
0.003661417 0.2568893 -4.314095 -2.916197 1.141639 1.836777 0.2809324 20.71668 0.8338013 0 0.0
-0.0865432 0.1829407 -2.543998 -2.303358 0.2351923 0.3739982 0.3638908 18.49212 0.6876068 1 0.992384
-0.01280813 0.2209294 -3.050055 -2.537195 0.05200815 0.07694444 0.2610872 15.8157 0.9954205 1 0.9997807
-0.0763406 0.1993101 -4.718435 -2.619714 0.126836 0.1930066 0.2810602 17.5634 0.8844471 1 0.0
0.06281916 0.1891624 -3.225697 -2.665594 0.5003775 0.660467 0.3677964 19.26744 0.6425648 0 0.0
-0.05453718 0.1341293 -4.992277 -3.183275 1.352615 1.89737 0.4530052 20.67767 0.4359608 0 0.0
-0.1148912 0.1468067 -3.542689 -1.595215 0.6310972 0.770864 0.2284035 19.75729 0.7566185 1 0.9925189
0.06969912 0.1893705 -3.120486 -3.567716 0.2719735 0.3806512 0.2731658 18.74978 0.6364098 1 0.9858599
0.009602476 0.1863909 -2.818456 -2.971203 0.4309115 0.5780215 0.3312435 19.30095 0.7636776 1 0.997099
-0.06464826 0.1293306 -3.340045 -3.040696 0.6890336 0.9146513 0.3597137 19.81774 0.5415993 0 0.0
0.01773605 0.2732981 0.2463129 -18.30043 1.178969 1.657343 0.2634706 20.59168 1.441629 0 0.0
-0.05178433 0.2561474 0.5707705 -8.14765 3.358839 4.179684 0.2029536 20.99487 0.874218 0 0.0
-0.1357763 0.1116309 -3.623412 -2.886204 0.7476658 0.9657386 0.2596851 20.03518 0.8475742 1 0.9954369
-0.1590101 0.1833494 -2.575197 -2.065551 0.8673742 1.193381 0.2803795 20.26145 0.7968903 1 0.9868617
-0.2128946 0.160339 -2.945589 -2.160561 0.5418321 0.7792665 0.3441912 19.58345 0.8005714 1 0.9932406
0.01625755 0.2676559 -9.322056 -1.225546 0.8198785 1.245233 0.3007539 20.307 1.87915 0 0.0
-0.147722 0.09371608 -3.369827 -3.524196 0.6157006 0.906876 0.5340302 19.51646 0.5816193 1 0.9956554
-0.1284999 0.1173177 -3.07944 -2.202018 0.5670239 0.7081301 0.2466734 19.59026 0.4614658 0 0.0
-0.1789168 0.125585 -3.433197 -3.793507 0.6634455 0.8755161 0.3324488 19.84646 0.7408428 0 0.0
0.009828336 0.1433117 -4.296582 -1.02132 1.134255 1.503027 0.2026608 20.56188 1.021915 0 0.0
-0.1516004 0.07864406 -2.502187 -1.020755 0.5050896 0.7693603 0.4673686 19.40558 0.723711 1 0.9911549
-0.1024195 0.1577068 -3.402474 -4.5485 1.85583 3.086406 0.6080426 20.69592 0.5982304 0 0.0
0.03888774 0.1848818 -3.23943 -2.214817 0.622401 0.9243716 0.3358913 19.86073 0.7993431 0 0.0
-0.06429305 0.1732983 -3.477211 -2.306019 1.078172 1.639731 0.2429113 20.49507 0.5623932 0 0.0
-0.05991744 0.2101904 2.126013 -12.97428 1.245416 1.876087 0.3687116 20.64766 2.010885 0 0.0
-0.1493719 0.07719396 -3.211086 -2.673206 0.2245983 0.3460196 0.3780389 18.25328 0.6432171 1 0.9995408
-0.05207027 0.1407385 -0.1426981 -7.562386 2.428606 3.932503 0.01097232 20.90582 0.6422138 0 0.0
-0.03063348 0.1392317 -4.314033 -3.148659 2.093882 3.204656 0.3417664 20.86486 0.7428799 0 0.0
-0.01567903 0.1845952 -1.514164 -0.6184965 1.220223 2.200228 0.3396666 20.64853 0.503767 0 0.0
0.07605618 0.1859776 -1.095834 -3.804993 1.681791 2.466203 0.3362889 20.84966 1.097214 0 0.0
-0.1814242 0.1221996 -2.618715 -1.705305 0.5194714 0.6597247 0.2073377 19.45079 0.6677513 1 0.9926013
-0.1032869 0.259617 -4.388132 2.965384 0.7891267 1.092044 0.4451555 19.84747 1.832912 0 0.0
-0.05663181 0.1345237 -2.721538 -1.999998 1.140838 1.442415 0.3336586 20.27157 0.5640583 1 0.994066
-0.05449274 0.1969533 -7.527879 -5.372803 0.1318586 0.1982912 0.2075966 17.38177 1.137711 1 0.0
0.0408371 0.1797101 -4.828523 -6.194502 1.787297 3.139294 0.0618377 20.84254 0.7339325 0 0.0
-0.06281987 0.1779739 -3.173783 -2.447149 0.192536 0.3002855 0.3212596 18.26028 0.6584949 1 0.9995273
-0.069918 0.1547219 -2.948082 -2.74517 0.04743958 0.06627606 0.2711819 15.01191 0.1450634 1 0.9993404
-0.05677304 0.2750983 1.434745 -8.070559 0.6653695 1.073978 0.324108 20.00177 2.42395 0 0.0
0.0228069 0.2871619 -3.22895 -2.915725 0.1513248 0.2339535 0.3802764 17.09452 0.9145412 0 0.0
-0.06233839 0.1828716 -2.639724 -3.650825 0.6212652 0.9777613 0.3456142 19.9023 0.7919083 0 0.0
0.003219639 0.2913394 0.7314421 -2.536053 0.9668422 1.486388 0.3116833 20.55785 1.594427 0 0.0
-0.1765436 0.1024816 -5.986049 -12.91691 0.5042623 0.6548721 0.3125419 19.34467 1.383024 0 0.0
-0.0006324334 0.1833119 -3.91813 -2.790193 0.3916666 0.5251297 0.3348838 19.12993 0.7883587 0 0.0
-0.2038036 0.1247234 -3.930903 -2.921538 0.6619537 0.8613011 0.3827762 19.85481 0.7354736 1 0.9897072
0.08745368 0.218731 -3.032622 -2.277897 0.1024889 0.1398285 0.2815708 17.10803 0.9062023 1 0.9988594
-0.03993146 0.280558 -1.847362 3.179729 2.116801 3.688863 0.4446209 20.87861 2.081818 0 0.0
0.02309967 0.2893897 -2.182063 -2.722795 0.5735414 0.7471038 0.3761136 19.62862 1.400452 1 0.9678251
-0.05703722 0.1826501 -3.491815 -2.229951 0.5279371 0.7569557 0.3473944 19.62447 0.6990356 1 0.9964581
-0.07368824 0.1824925 -3.830863 -1.583894 0.4072209 0.6062941 0.3812234 19.25619 0.7396049 1 0.9589526
-0.06687146 0.1793315 -3.698476 -3.859695 0.4265238 0.6160559 0.356982 19.32802 0.7411461 1 0.9887501
-0.1256218 0.1012836 -1.43 0.06008202 1.077275 1.342253 0.3627219 20.43887 0.7422371 0 0.0
-0.06761753 0.291533 -2.812396 -2.703867 0.320756 0.5109393 0.3195115 19.02834 0.7230263 1 0.9935692
-0.0579595 0.1772949 -3.222005 -2.459305 0.1104882 0.1694759 0.2993349 17.31303 0.8911858 1 0.9997548
-0.04126188 0.1251985 -3.629771 -4.088252 0.6360965 1.218353 0.6721409 19.50607 0.5679836 1 0.9961964
0.1361578 0.2608925 -14.02066 -13.39809 0.2858605 0.3956744 0.2722828 18.6495 1.273087 1 0.0
-0.06683276 0.1250676 -3.837663 -2.382655 2.091378 1.839268 -0.5376317 20.18801 nan 0 0.0
-0.1678247 0.1891663 -7.497259 -1.864934 0.2839316 0.3993288 0.2755297 18.76363 0.8332367 1 0.0
-0.111981 0.2946324 -3.314556 -3.737683 0.5149768 0.7159235 0.3600332 19.31396 0.6497307 0 0.0
-0.1201612 0.1920264 -4.574466 -2.385526 1.812157 2.708542 0.2390103 20.84678 0.8026428 0 0.0
-0.1569934 0.1335331 -2.008326 -1.989523 0.7407746 0.9378753 0.3000476 19.99686 0.885807 1 0.9875553
-0.1101219 0.1241596 -8.980481 5.269061 2.153765 3.03357 0.1962987 19.83617 0.8816757 0 0.0
-0.1375276 0.1328895 -3.719194 -2.632197 0.4150321 0.5304902 0.2483024 19.05848 0.76054 1 0.9970128
-0.09769345 0.137254 -3.795727 -2.599059 0.2043832 0.3054596 0.3089354 18.21473 0.6278038 1 0.9918108
-0.06711537 0.1241447 -3.524421 -2.183012 0.7609963 1.115155 0.3181493 20.11045 0.6483002 0 0.0
0.03899652 0.211825 1.352678 2.111957 0.9018573 1.36945 0.3106977 20.16658 1.172703 0 0.0
0.05787444 0.1713402 -3.715446 -2.040974 0.3797008 0.4970133 0.3099666 19.06475 0.6484547 1 0.9935807
0.0482724 0.1939165 -3.904462 -0.8108946 2.277671 3.833135 0.4326925 20.95328 0.6007881 0 0.0
0.05527685 0.3097076 -3.872832 2.394063 1.159617 1.774292 0.3756236 20.71554 0.1956825 0 0.0
-0.2444504 0.1848578 -3.343085 -2.717241 0.6566226 0.7806008 0.2037562 19.73287 0.7534008 1 0.9880813
0.07374639 0.1944897 -1.758405 -0.8078234 1.75222 2.555997 0.2288993 20.80488 1.216793 0 0.0
0.0159638 0.1507857 -4.450937 -4.492079 0.6314089 0.8516343 0.3143344 19.85286 0.6041107 1 0.9635434
0.07706396 0.1943365 -3.613247 -2.108101 0.8492577 1.36318 0.3287751 20.22253 0.9836235 0 0.0
-0.1045952 0.1337688 -4.264965 -2.925546 0.779458 1.075999 0.4090359 19.99286 0.5469589 1 0.9910146
-0.1262464 0.1090704 -1.216503 -1.573631 0.6963319 0.8754562 0.2910796 19.94498 0.7260342 1 0.9460758
-0.06293092 0.1319041 -3.401231 -3.415535 0.3795038 0.5961183 0.2653647 19.12251 0.7139835 1 0.9978755
-0.1856811 0.1251775 -3.68881 -1.904418 0.789896 1.016116 0.1838507 19.8296 0.7453709 0 0.0
-0.247194 0.1844926 -4.961505 -1.323302 1.710476 2.0031 0.4803294 20.77556 0.9919758 0 0.0
-0.04703992 0.1335598 -0.8953856 -2.616094 1.04837 1.507854 0.3719236 20.36865 0.4995384 0 0.0
-0.1063518 0.2897837 -4.330817 0.5592219 0.8218635 1.500807 0.5663803 19.99797 1.298027 0 0.0
-0.1801094 0.113293 -1.403684 -0.5587507 1.349398 1.919454 0.2898489 20.66714 0.8197231 0 0.0
-0.112219 0.1901185 -3.338463 -2.508121 0.39756 0.5910028 0.370811 19.21925 0.6671028 1 0.9976594
0.05068569 0.1540699 -0.7049641 -0.2875763 0.05176173 0.07086529 0.2279384 15.80436 0.9057322 1 0.0
-0.02958183 0.1343523 -1.932336 -2.790383 0.9095765 1.388012 0.4057074 20.35099 0.8585739 0 0.0
0.05575657 0.1536804 -3.566625 -2.126428 0.9642208 1.325157 0.2744103 20.40051 0.8070011 0 0.0
0.05131658 0.1630844 -1.591877 -0.281753 0.9353064 1.358052 0.3471968 20.39567 0.6596012 0 0.0
0.02165504 0.1658704 -3.358752 -2.151728 0.2728657 0.3564227 0.4286152 18.47114 0.5523758 0 0.0
-0.07455034 0.2908107 -19.21347 3.611074 0.6617884 0.9148392 0.2422907 19.74741 2.142818 1 0.0
-0.0540108 0.290458 -0.3823393 2.683252 0.2872657 0.5031234 0.4293841 18.77238 0.7951508 1 0.0
-0.0463135 0.1191551 -3.059673 -2.409828 0.6518136 1.166358 0.7462427 18.81492 nan 0 0.0
-0.01572732 0.1879369 -3.974283 -4.066295 0.5614567 0.7748708 0.3451492 19.6207 0.6269417 1 0.9838988
-0.1506647 0.1308998 -18.09341 -1.289704 0.3586458 0.4514753 0.2729732 18.99494 1.136415 1 0.0
-0.06306302 0.1201702 -4.592507 -3.083503 0.8011017 1.219839 0.3405478 20.14514 -0.3069267 0 0.0
-0.01770671 0.3109601 -2.87672 -0.9468067 0.4595783 0.583121 0.3934272 19.22204 0.7679386 1 0.8779826
-0.1431437 0.0772585 -3.40972 -2.214252 0.146521 0.1962655 0.2806705 17.69507 0.8397141 1 0.998446
-0.1756064 0.08345933 -3.142058 -2.664847 0.1635219 0.2181243 0.2881078 17.88868 0.7148609 1 0.9996487
-0.05372962 0.1326753 -4.687514 -4.521515 2.201845 2.959841 0.4264716 20.93392 0.498312 0 0.0
0.02055669 0.2890724 -3.358225 -3.257913 0.8799378 1.379203 0.3232353 20.47481 0.8655281 0 0.0
-0.1608043 0.1096265 -3.529763 -3.534954 1.136559 1.33121 0.1835248 20.2824 0.8687611 1 0.9875207
-0.009807479 0.1447232 -4.817285 -3.38663 0.9858116 1.447822 0.2696799 20.3945 0.4984226 0 0.0
