data/gcs/NGC_2419.ecsv
# %ECSV 0.9
# ---
# datatype:
# - {name: x, unit: deg, datatype: float64}
# - {name: y, unit: deg, datatype: float64}
# - {name: pmx, unit: mas / yr, datatype: float64}
# - {name: pmy, unit: mas / yr, datatype: float64}
# - {name: pmx_e, unit: mas / yr, datatype: float64}
# - {name: pmy_e, unit: mas / yr, datatype: float64}
# - {name: pm_corr, datatype: float64}
# - {name: g_mag, unit: mag, datatype: float64}
# - {name: bp_rp, unit: mag, datatype: float64}
# - {name: filter, datatype: int64}
# - {name: memberprob, datatype: float64}
# meta: !!omap
# - comments: [deg deg mas/yr mas/yr mas/yr mas/yr dimless mag   mag   zeroone float]
# - __serialized_columns__:
#     bp_rp:
#       __class__: astropy.units.quantity.Quantity
#       unit: &id001 !astropy.units.Unit {unit: mag}
#       value: !astropy.table.SerializedColumn {name: bp_rp}
#     g_mag:
#       __class__: astropy.units.quantity.Quantity
#       unit: *id001
#       value: !astropy.table.SerializedColumn {name: g_mag}
#     pmx:
#       __class__: astropy.units.quantity.Quantity
#       unit: !astropy.units.Unit {unit: mas / yr}
#       value: !astropy.table.SerializedColumn {name: pmx}
#     pmx_e:
#       __class__: astropy.units.quantity.Quantity
#       unit: !astropy.units.Unit {unit: mas / yr}
#       value: !astropy.table.SerializedColumn {name: pmx_e}
#     pmy:
#       __class__: astropy.units.quantity.Quantity
#       unit: !astropy.units.Unit {unit: mas / yr}
#       value: !astropy.table.SerializedColumn {name: pmy}
#     pmy_e:
#       __class__: astropy.units.quantity.Quantity
#       unit: !astropy.units.Unit {unit: mas / yr}
#       value: !astropy.table.SerializedColumn {name: pmy_e}
#     x:
#       __class__: astropy.units.quantity.Quantity
#       unit: &id002 !astropy.units.Unit {unit: deg}
#       value: !astropy.table.SerializedColumn {name: x}
#     y:
#       __class__: astropy.units.quantity.Quantity
#       unit: *id002
#       value: !astropy.table.SerializedColumn {name: y}
# schema: astropy-2.0
x y pmx pmy pmx_e pmy_e pm_corr g_mag bp_rp filter memberprob
[from data line 1153]
-0.03293962 0.002453369 1.267372 -0.4518728 1.031055 0.7275188 -0.06240433 19.96264 0.9914284 0 0.0
0.02540606 0.01067095 3.772107 0.9867316 3.906493 3.176915 0.5222077 20.84027 0.2441864 0 0.0
0.003103133 -0.002902404 -0.724111 0.619982 1.150723 0.777833 0.06117903 17.42376 nan 0 0.0
0.04514465 0.01014669 3.424041 2.72225 3.10794 1.342536 0.3026436 20.58396 -0.03443336 0 0.0
0.004461574 0.02327031 4.713644 -0.5232805 2.446413 1.794279 0.01464552 20.89926 0.1271095 0 0.0
0.002705222 -0.003363999 -1.248816 -0.2159138 0.6574131 0.4577537 -0.04468102 18.86099 nan 0 0.0
0.001629766 0.01611381 -2.854592 -0.7400661 2.197743 1.345883 0.148782 20.73718 0.4246788 0 0.0
-0.008709225 0.003514383 0.6414096 -0.6628709 0.8134321 0.5588226 -0.03256886 19.64618 0.3607483 0 0.0
0.004010576 0.01941743 -1.784246 -0.1534604 2.934516 1.319259 0.4520181 20.52781 0.7100658 0 0.0
-0.001778804 0.001747666 -0.7162215 -0.9822571 0.3493499 0.2404814 -0.08555661 18.16975 0.8853188 0 0.0
-0.03567387 -0.002332756 0.03506315 -0.7882912 2.191567 1.002746 0.3078684 20.37037 0.8368149 0 0.0
0.01466525 0.004770398 0.2036368 1.692656 1.577788 0.9853497 0.167355 20.34417 nan 0 0.0
-0.02793149 -0.008268076 -0.1612154 2.208394 1.699325 1.074807 0.07600401 20.49035 0.3639393 0 0.0
-0.03099123 0.003532052 -1.530267 -1.840684 1.173768 0.7798005 0.0651183 20.24077 0.5670853 0 0.0
0.0004839173 -0.001174412 -1.740445 12.01056 1.872638 1.243395 -0.06840415 19.09338 nan 0 0.0
-0.01898442 0.06544035 -6.116808 -4.747439 1.719008 1.149766 0.07439682 19.86535 1.924677 0 0.0
-0.02718271 0.008264533 -1.863397 -0.9870488 1.04867 0.6781355 0.1340589 20.02596 0.9398384 0 0.0
0.003810318 -0.01064621 -2.839818 0.6610993 2.730605 1.607713 0.2692989 20.38675 nan 0 0.0
0.001250107 -0.003825618 -0.1724539 -0.6695793 0.1584704 0.1074917 -0.009717135 16.98008 1.22421 0 0.0
0.01625642 0.006384361 5.236353 -1.240123 2.989629 1.806594 0.1521733 20.61885 0.3676701 0 0.0
0.02768548 -0.00250035 -1.741744 -0.8737765 1.497102 0.919674 0.2383264 20.33499 0.6104641 0 0.0
0.003637583 -0.001304021 3.082981 1.089303 1.653926 0.9274297 0.1410731 19.65838 nan 0 0.0
0.008387846 0.007340485 -1.070342 0.2888774 1.508737 1.084352 0.0247892 20.31719 0.5301762 0 0.0
0.02528299 0.02275587 -0.730048 -1.335474 1.542036 0.7750091 0.3487867 20.17115 0.5405064 0 0.0
0.004035506 -0.001368849 -1.784701 -2.068985 1.026609 0.6573636 0.181684 19.34281 nan 0 0.0
0.0259677 0.001210702 2.895984 -2.031132 1.416508 0.8586848 0.2330692 20.13672 0.8655586 0 0.0
-0.02369446 0.01563709 2.013155 -0.7922242 0.9661398 0.6074131 -0.06769238 19.7712 0.9725075 0 0.0
0.0118975 0.04236753 -1.16378 0.3876837 2.661637 1.309259 0.3107124 20.62541 0.776844 0 0.0
-0.008079377 0.006550807 -0.4130645 -0.6648207 0.5283421 0.3582663 -0.01653885 19.03198 0.9856167 0 0.0
-0.04652814 -0.00747632 2.578655 -1.150782 1.999308 1.150608 0.3577011 20.55389 0.6574421 0 0.0
0.009059011 0.006337302 -2.400053 3.045347 3.007311 3.307436 -0.5533922 20.67499 nan 0 0.0
0.003519789 -0.02126634 -1.84614 -0.07386726 1.539096 0.7546148 0.1934547 20.1418 1.026758 0 0.0
0.008600404 0.01743801 3.004054 -0.04548905 1.963235 1.311231 0.1428558 20.68022 0.2385597 0 0.0
-0.005342657 -0.005473377 1.193877 0.2706466 0.6126417 0.4009083 0.1105188 19.20231 nan 0 0.0
-0.003714929 0.0005995173 -5.787702 5.95725 2.447889 1.920818 -0.01449672 20.13425 nan 0 0.0
-0.0007159124 -0.01436563 2.15076 2.400249 1.56215 1.307586 0.4263662 20.0927 nan 0 0.0
-0.02260691 -1.877903e-05 0.424043 -0.2885424 0.8197619 0.5450183 0.05318632 19.78888 1.051947 0 0.0
0.00973445 0.01761745 4.189667 -0.9073422 1.739591 1.209682 0.07196709 20.521 0.3282566 0 0.0
-0.004041561 0.0007711965 -3.075555 2.198381 2.0402 1.494861 -0.2159971 19.69345 nan 0 0.0
0.002841636 0.001362416 1.439927 7.973902 2.634177 1.804883 -0.159306 19.16866 nan 0 0.0
0.0249861 -0.01092039 -0.0664009 -1.38848 1.546013 0.9886443 0.1460726 20.46569 0.7868042 0 0.0
0.006867418 0.009430776 0.6809822 2.130118 2.324604 1.556767 0.1796133 20.55587 0.4553871 0 0.0
0.007862795 -0.02398968 0.02930157 0.8097876 1.852141 1.172391 0.1403629 20.60249 0.384491 0 0.0
-0.00572818 0.001232891 0.2049841 -1.239588 0.2546727 0.1666306 0.08163386 17.58389 1.103304 0 0.0
0.01585439 -0.001599891 -2.356094 -0.7764275 4.191502 2.422364 -0.05842686 20.67047 0.3473091 0 0.0
0.002692168 0.02763041 -0.9956775 -2.296494 2.284327 1.561398 0.3020339 20.52859 0.09127235 0 0.0
-0.007711482 0.003888108 -0.280998 -1.012371 0.7137181 0.4678411 0.08073986 19.46578 0.8303661 0 0.0
0.01400623 0.003927217 -3.891536 3.316414 1.760744 1.169861 0.1490769 20.51751 nan 0 0.0
0.01407808 0.0009593964 -5.514318 -0.5019891 1.86857 1.272556 0.1305213 20.51559 0.425396 0 0.0
0.01777336 -0.00415147 1.215537 1.179128 1.857215 1.179308 0.1357325 20.57793 0.3584652 0 0.0
0.0251827 0.02095148 0.1556907 -0.826719 1.576584 0.9966299 0.148127 20.37626 0.7266884 0 0.0
-0.003768313 0.001854555 -2.178202 -2.536775 1.021637 0.6238618 0.1552479 19.50796 nan 0 0.0
-0.001107739 0.0001531092 1.274444 -0.5415333 0.6465433 0.4389642 -0.06629892 18.76575 nan 0 0.0
0.01464242 0.0002576062 2.778734 -0.2383088 2.828249 2.385014 -0.1681096 20.81615 0.5657692 0 0.0
-0.002954831 -0.001490972 -0.6647333 -1.571925 0.892102 0.6602815 -0.08086676 19.11498 nan 0 0.0
0.002573812 0.01721629 0.6155765 0.9313575 2.150431 1.511649 0.0160113 20.78195 0.1877251 0 0.0
0.03648152 0.04356991 1.330495 -0.1687981 0.9464799 0.6486301 0.02824463 19.96898 0.5921936 0 0.0
0.04057647 0.01318807 0.5683247 -0.8682754 1.185368 0.7452362 0.5879652 19.71435 1.018236 1 0.9790531
-0.01072847 0.002911937 -1.616052 -0.8137885 0.665296 0.4480353 0.07005057 19.32158 0.8231354 0 0.0
0.02309176 -0.01242402 0.1441558 -1.316752 1.54695 1.001139 0.1087982 20.45183 0.8487186 0 0.0
0.000394721 0.01860861 -3.404497 -2.087865 3.339014 1.497855 0.3948855 20.69109 0.05137825 0 0.0
0.03417938 -0.03209195 0.2122148 -0.05897404 0.7278343 0.4926098 0.04781377 19.60384 1.138937 0 0.0
-0.009007398 -0.05317197 -2.956868 2.184036 2.844824 1.989158 -0.1243299 20.81975 0.5670528 0 0.0
-0.01354957 0.0019473 -3.783465 0.7151004 2.105819 1.489651 0.08165901 20.76779 0.7182579 0 0.0
0.002978444 -0.003737828 0.3700574 0.4951225 0.5405178 0.3372938 -0.01972872 18.67168 nan 0 0.0
-0.04758496 0.02861142 3.391697 -0.8537098 4.155703 1.689483 0.4529136 20.75335 0.7921028 0 0.0
0.00538876 0.0100143 -0.03032315 -1.119298 0.8139169 0.535986 0.005256951 19.64494 nan 0 0.0
0.003186302 -0.003341091 0.05977901 -1.052221 0.2060581 0.1350755 0.05152118 16.90376 1.22871 0 0.0
-0.00118519 -0.01449533 0.04595534 -0.9850857 0.6915043 0.4367227 0.164797 18.66612 0.843256 0 0.0
-0.0008820835 -0.001922089 -1.084326 3.046717 2.529401 1.525273 0.02250625 19.50267 nan 0 0.0
0.003233839 -0.003840814 -0.2269098 0.835482 0.6077446 0.4110974 -0.01054851 18.22946 nan 0 0.0
0.003749739 0.01170029 0.1974775 -0.6147522 0.1552051 0.1046249 -0.1061171 17.08085 1.519005 1 0.9996646
0.006863548 -0.01198875 -0.08313958 -0.843131 0.2255875 0.1421835 0.0701562 17.506 1.363024 1 0.9984133
0.004516427 0.0009505159 -1.875979 -1.60494 0.5187054 0.3214325 0.1079847 18.39387 0.8607693 0 0.0
0.03014118 -0.009117851 -1.831621 2.63848 0.9428178 0.6260229 0.1116432 19.60138 1.022995 0 0.0
-0.001185196 -0.01485391 -1.626619 2.729565 2.728024 1.637439 0.5778975 19.9941 nan 0 0.0
0.02085138 -0.009041075 0.2832025 2.503012 1.928411 1.203018 0.1855083 20.56722 0.1281357 0 0.0
0.008962252 0.02014649 -0.5817883 1.210229 1.930054 1.308984 0.07466041 20.66088 0.4995861 0 0.0
-0.015098 0.009485454 -1.504702 -1.080132 1.057856 0.7121004 0.02478372 20.06395 0.1681728 0 0.0
-0.001048519 -0.01135202 -0.4351607 -0.9126242 0.7149763 0.4587976 0.1657415 19.40975 1.10428 0 0.0
-0.02310612 -0.03760483 -0.3357426 -1.385676 1.624188 0.9819015 0.2004317 20.30787 0.9959164 0 0.0
0.007330406 0.01129239 2.297284 1.816061 2.875112 1.902801 -0.06979883 20.28985 0.64851 0 0.0
0.01070482 0.0006650764 -0.9230955 -0.8992051 0.3085338 0.2152502 0.158409 18.20546 1.060949 0 0.0
-0.01284151 -0.02355408 -5.352392 -3.435679 3.106443 1.819179 0.4997094 20.58099 0.2930145 0 0.0
0.02164686 -0.007575994 6.964089 -2.27314 2.316988 1.82767 -0.1903432 20.6806 0.1263084 0 0.0
0.01729168 -0.001694924 -3.813165 -2.433706 2.911893 1.694428 0.5267571 20.61357 -0.1344185 0 0.0
0.01560227 0.01059183 3.509956 1.233925 2.289064 1.0552 0.166474 20.43213 0.3870544 0 0.0
-0.003299584 -0.007617361 -0.4755401 -2.504473 0.73999 0.4560035 0.2160294 18.89769 nan 0 0.0
0.01898153 0.03101272 -1.576386 0.8334573 1.673409 1.187019 0.0426389 20.534 0.7941074 0 0.0
-0.001683858 -0.00141472 -2.621188 4.04225 1.66202 1.251309 -0.2316455 18.573 nan 0 0.0
-0.006566627 -0.01027216 -0.7067925 -0.8009973 2.045368 1.359135 0.02472723 20.55012 nan 0 0.0
-0.02258154 -0.01363726 0.8407906 -0.6612323 0.6260188 0.4513253 -0.08776571 19.3807 1.05438 0 0.0
0.004081985 0.0166289 -3.779768 -2.543742 3.139202 3.606432 -0.5112418 20.87807 nan 0 0.0
0.02957069 -0.008458148 2.889354 -1.406854 2.421752 1.582059 0.1363424 20.83142 0.004060745 0 0.0
-0.01966649 0.00220813 2.193045 -1.182725 1.659374 1.013967 0.1895227 20.45733 0.5227242 0 0.0
-0.02646815 -0.002397817 -0.5939965 -0.5626947 0.3575244 0.2381756 0.08494727 18.65292 1.241308 1 0.9969036
-0.007420949 -0.0005331574 0.311204 -0.5522675 0.8804152 0.5724806 0.0742403 19.58286 nan 0 0.0
0.0081654 0.03103354 2.039432 -2.424058 0.1871894 0.1182187 0.1516017 17.43479 0.8719311 1 0.0
0.02711535 -0.002573049 1.508069 -0.52454 1.674963 1.13673 0.0978602 20.51301 -0.02771378 0 0.0
-0.002052285 -0.008433753 0.7227914 0.4430865 1.135029 0.7967298 -0.03996612 20.01056 nan 0 0.0
-0.04670125 0.01830352 -0.3603952 -0.2006056 0.6605578 0.4728319 -0.06363935 19.46992 1.196472 0 0.0
0.01745223 -0.002488341 1.945245 -0.4050965 2.364258 1.55437 0.5464926 20.41418 0.4311657 0 0.0
-0.04630389 0.02671467 0.03812746 -0.8449129 0.2095413 0.137826 0.0916539 17.78917 1.374327 1 0.9940408
-0.00140482 -0.006522606 -0.2648576 -0.2393794 0.6592902 0.3691269 0.1009709 19.22339 nan 0 0.0
0.00690349 0.004872216 0.2698185 0.2731628 0.6025191 0.3916899 0.09248046 19.29336 nan 0 0.0
-0.003661599 -0.001731266 1.535342 -2.917996 1.012817 1.279128 -0.4036547 19.35818 nan 0 0.0
0.01750243 0.01070289 -0.1037151 -1.45271 2.166623 1.774461 -0.2297742 20.65648 nan 0 0.0
-0.004243501 0.0004965501 9.65332 12.62297 1.864029 0.870137 0.3217151 19.38846 nan 0 0.0
0.0177042 0.01122174 -0.3916961 -2.449736 1.449609 0.8587826 0.1976108 20.31785 0.2563839 0 0.0
-0.004338571 -0.0002663837 2.014577 6.215944 3.412884 3.128845 0.08574255 20.18402 nan 0 0.0
-0.03080437 -0.01751753 -3.528467 0.5322509 2.061296 1.368344 0.1261764 20.65403 0.6575069 0 0.0
0.0193594 -0.004986474 -0.2698355 -2.062879 2.220666 1.334973 0.2754095 20.64697 nan 0 0.0
0.07887662 -0.01422268 -0.265867 1.453792 1.892653 1.187497 0.07479798 20.48785 -0.05982208 1 0.840446
-0.002010589 -0.004241402 1.966979 -1.662768 0.6929258 0.3950196 0.3142925 18.90267 nan 0 0.0
0.01158135 -0.02086875 -0.1378681 -0.08209976 0.3211539 0.2154862 0.001279249 18.27377 1.203079 0 0.0
0.01264336 -0.0130637 0.4038104 -0.218804 0.3176014 0.2079333 0.1127069 18.37425 1.196815 0 0.0
0.02470243 0.002030411 -0.7260276 -0.7428677 1.833318 1.14315 0.6374379 20.05842 0.9532623 0 0.0
0.00482637 -0.01553277 0.06966427 -0.6676967 0.1201963 0.07448129 0.20582 16.60855 1.626641 1 0.9997127
-0.002699561 -0.004443558 3.20941 -0.5437724 1.294066 0.8524756 0.1079148 19.89457 nan 0 0.0
0.009089268 0.001923702 1.66036 11.35129 2.559036 1.558914 0.3190763 19.81842 0.5614204 0 0.0
-0.05307203 0.01052601 -7.970272 -2.351478 2.028303 1.325653 0.2189174 20.6265 1.658484 0 0.0
-0.002568885 -0.00417272 0.683159 -1.016093 1.203735 0.8335354 0.06686427 19.85296 nan 0 0.0
-0.00892323 0.001828313 -10.91187 12.45845 2.846787 1.601188 0.3656379 20.38268 nan 0 0.0
-0.002806482 -0.004756359 -1.001444 0.4186191 0.6110722 0.3917958 0.1384338 19.16152 0.7370911 0 0.0
-0.03392737 -0.01399133 4.985094 -1.378178 2.761593 1.920928 0.04109393 20.85063 -0.05370712 0 0.0
0.006006709 0.005513004 0.01074189 -0.8029604 0.1659189 0.1032478 0.1539237 17.21745 1.334696 0 0.0
-0.00888765 0.001401062 4.669637 -8.61491 1.810914 1.158216 0.139536 19.59567 0.7632427 0 0.0
0.001071652 0.01443915 -1.543139 2.024579 0.2929648 0.1968181 0.09823898 17.5927 1.333969 0 0.0
-0.001356592 0.03075461 1.824896 -2.278504 3.090694 1.31377 0.3284908 20.59874 0.1477547 0 0.0
-0.007284409 -0.001093932 0.3171858 -1.149973 0.3572863 0.2246693 0.1356643 18.52434 nan 0 0.0
-0.007788915 0.001790033 -1.169978 -0.2906877 0.4478029 0.2986129 0.08346476 18.82661 0.959816 0 0.0
0.01196098 0.01786575 1.729073 -1.943735 1.94742 1.333853 0.0737111 20.7379 0.5852737 0 0.0
-0.04658257 -0.01802774 0.3898048 -0.1888504 0.8922691 0.5361659 0.1183536 19.80346 1.049194 0 0.0
0.002164647 -7.574828e-05 -5.988366 -4.550576 2.601774 1.290027 0.2645818 19.66967 nan 0 0.0
-0.003257947 -0.006305107 0.2216191 1.135473 1.533499 0.878812 0.4647601 19.43233 0.6732845 0 0.0
0.0242431 0.00799644 -1.594494 -1.049191 0.8792264 0.5633726 0.1223032 19.78721 0.82934 0 0.0
-0.01730018 0.03750872 -1.661741 0.4061472 2.681692 2.440642 -0.3863356 20.89189 0.0734024 0 0.0
-0.006886257 0.001309288 -3.257233 0.1818498 1.53442 1.561734 -0.3816079 19.68701 nan 0 0.0
0.01106641 0.00509781 1.91446 -6.574757 1.100911 0.7279613 0.2022031 19.78614 nan 0 0.0
0.01720076 0.03037521 -0.09040034 -0.1705134 1.149745 0.7395055 0.1506116 20.09871 0.7788715 0 0.0
-0.04251404 -0.01922429 -1.81262 -0.3931832 1.349851 0.8205887 0.192791 20.27067 0.6597652 0 0.0
-0.00462982 -0.003897957 -6.617197 -2.584537 3.552918 2.889772 -0.2509739 20.31971 nan 0 0.0
-0.08654144 -0.03030035 -3.470457 -4.122929 3.582904 1.403695 0.4395567 20.64948 1.047417 0 0.0
0.0511532 0.03604875 0.1060904 -2.747231 0.5856844 0.3984774 -0.01097951 18.99926 1.946541 0 0.0
0.01274784 0.0005318992 1.029031 4.523791 1.990551 1.172739 0.2033046 20.03767 nan 0 0.0
-0.02236809 0.004001837 -0.7853562 1.114422 1.451092 0.8959293 0.2167154 20.34105 0.6482105 0 0.0
-0.008348365 -0.008410404 -1.891062 -2.099191 3.057806 1.822127 0.5698226 20.584 0.5899734 0 0.0
-0.02659393 -0.02110886 -1.009176 -0.3471778 2.220744 1.275845 0.2259415 20.72753 0.2518406 0 0.0
0.009296596 0.05130498 -0.8433947 0.2816845 0.9573011 0.6704398 0.06343847 19.95797 0.8809528 0 0.0
-0.02803672 -0.01904074 0.2391795 -1.721625 3.36816 1.270987 0.4443146 20.64351 0.3672314 0 0.0
-0.004978423 0.02201149 -3.666678 4.622832 2.455783 1.992763 -0.06562415 20.92982 1.035416 0 0.0
0.01863249 -0.01887217 1.817145 2.467953 1.978245 1.326984 0.4619133 20.27367 0.806778 0 0.0
0.07734373 0.0297019 -0.09734792 -0.4658678 0.2641227 0.1781139 0.1040913 17.91141 1.346849 1 0.9949643
0.01025935 0.001031222 3.445859 3.462784 2.827687 1.936161 0.1045969 20.45041 nan 0 0.0
-9.027493e-06 -0.00173136 2.806757 0.7935506 2.49978 1.191077 0.1855078 19.54294 nan 0 0.0
-0.006536547 -0.006129405 1.847334 3.119277 1.568715 1.488477 -0.4421852 19.5085 nan 0 0.0
0.001036505 -0.01846261 -1.905357 5.168524 2.989154 2.569216 -0.2431798 20.83253 nan 0 0.0
-0.01002243 -0.001795503 -0.8047994 0.4853134 0.9053777 0.6516274 -0.1244678 19.66376 0.7745152 0 0.0
-0.03265635 -0.001445382 1.954201 0.8544859 2.955436 1.22667 0.3254073 20.47799 0.4194355 0 0.0
-0.004314689 0.001812625 0.1096936 0.9657847 1.899036 1.240594 -0.01007172 20.26359 nan 0 0.0
-0.02049207 0.001899372 0.01859292 -0.3859902 0.1806332 0.116518 0.1126719 17.51155 1.255836 1 0.9994304
0.01798235 -0.008545949 1.671023 -0.768194 1.918202 1.248177 0.1737574 20.56242 0.2951374 0 0.0
-0.01558817 -0.03237693 0.4340924 -0.9891658 1.088653 0.6913573 0.1097852 20.11207 0.5325642 0 0.0
0.01015348 -0.006174757 -3.459097 -1.292409 1.434781 0.8641593 0.6195206 19.28428 0.8221989 0 0.0
0.03935313 0.002723661 1.515506 0.6118487 1.963982 1.250041 0.2485624 20.62782 0.2466354 0 0.0
