data/gcs/NGC_6934.ecsv
# %ECSV 0.9
# ---
# datatype:
# - {name: x, unit: deg, datatype: float64}
# - {name: y, unit: deg, datatype: float64}
# - {name: pmx, unit: mas / yr, datatype: float64}
# - {name: pmy, unit: mas / yr, datatype: float64}
# - {name: pmx_e, unit: mas / yr, datatype: float64}
# - {name: pmy_e, unit: mas / yr, datatype: float64}
# - {name: pm_corr, datatype: float64}
# - {name: g_mag, unit: mag, datatype: float64}
# - {name: bp_rp, unit: mag, datatype: float64}
# - {name: filter, datatype: int64}
# - {name: memberprob, datatype: float64}
# meta: !!omap
# - comments: [deg deg mas/yr mas/yr mas/yr mas/yr dimless mag   mag   zeroone float]
# - __serialized_columns__:
#     bp_rp:
#       __class__: astropy.units.quantity.Quantity
#       unit: &id001 !astropy.units.Unit {unit: mag}
#       value: !astropy.table.SerializedColumn {name: bp_rp}
#     g_mag:
#       __class__: astropy.units.quantity.Quantity
#       unit: *id001
#       value: !astropy.table.SerializedColumn {name: g_mag}
#     pmx:
#       __class__: astropy.units.quantity.Quantity
#       unit: !astropy.units.Unit {unit: mas / yr}
#       value: !astropy.table.SerializedColumn {name: pmx}
#     pmx_e:
#       __class__: astropy.units.quantity.Quantity
#       unit: !astropy.units.Unit {unit: mas / yr}
#       value: !astropy.table.SerializedColumn {name: pmx_e}
#     pmy:
#       __class__: astropy.units.quantity.Quantity
#       unit: !astropy.units.Unit {unit: mas / yr}
#       value: !astropy.table.SerializedColumn {name: pmy}
#     pmy_e:
#       __class__: astropy.units.quantity.Quantity
#       unit: !astropy.units.Unit {unit: mas / yr}
#       value: !astropy.table.SerializedColumn {name: pmy_e}
#     x:
#       __class__: astropy.units.quantity.Quantity
#       unit: &id002 !astropy.units.Unit {unit: deg}
#       value: !astropy.table.SerializedColumn {name: x}
#     y:
#       __class__: astropy.units.quantity.Quantity
#       unit: *id002
#       value: !astropy.table.SerializedColumn {name: y}
# schema: astropy-2.0
x y pmx pmy pmx_e pmy_e pm_corr g_mag bp_rp filter memberprob
[from data line 1331]
-0.01044318 0.02089271 0.6639841 0.09134917 1.725149 1.229739 0.1856242 20.24255 0.7610149 0 0.0
-0.04521324 0.02652683 -2.001923 -3.347038 0.781833 0.6291522 0.3818956 19.71568 0.6871929 0 0.0
0.02726482 -0.01088634 -0.1797947 -3.069749 2.92267 2.910704 0.4781958 20.84489 0.5516453 0 0.0
-0.009536001 -0.01021855 -1.226662 -5.866359 0.5109991 0.3798962 0.05666011 18.51162 0.9867973 0 0.0
-0.009082057 -0.01084846 -4.195024 -5.094368 1.221911 0.7272838 0.01594145 19.86349 0.5949135 0 0.0
0.00229708 0.001930687 -12.1913 -20.36658 0.777978 1.054589 0.6262287 16.37558 nan 0 0.0
-0.005238604 -0.01545811 2.606885 -11.40014 1.674416 2.499868 0.3621615 19.87359 nan 0 0.0
-0.01186547 0.02125848 -4.811635 -4.730473 2.664018 1.641055 0.159949 20.74881 0.7527885 0 0.0
-0.0500908 -0.02186446 -2.796422 -4.68843 0.1028827 0.07494755 0.2199075 16.38802 1.185509 1 0.9981854
-0.001607118 -0.07419921 -0.8844558 -3.127623 1.164378 0.908417 0.3416654 20.22231 0.2457371 0 0.0
-0.005874197 -0.01884746 -3.332073 -4.859001 0.6583968 0.581677 0.3732872 19.24094 0.7209587 0 0.0
-0.005631951 -0.008643624 0.6191486 -5.98439 1.240438 0.6965679 -0.2137945 19.34884 nan 0 0.0
0.01552239 -0.009263752 -1.651348 -4.704327 0.6318517 0.5032396 0.4477427 19.36611 nan 0 0.0
0.002720761 0.001961683 -6.476797 -2.698886 0.514621 0.3748609 0.2011156 13.3476 1.599477 0 0.0
0.02030252 0.0240273 -0.01499956 -6.285564 2.423723 2.413942 0.1715982 20.77016 -0.01714325 0 0.0
0.007350823 0.01224664 1.077109 -2.826089 0.26443 0.2087185 0.2936747 18.17606 0.851305 0 0.0
-0.004874932 0.02996492 -0.7755518 -6.877669 3.039661 2.785146 0.2555148 20.86513 nan 0 0.0
-0.02962474 0.08479402 -2.69422 -6.336847 0.6035313 0.4887902 0.333817 19.49482 0.8803539 1 0.07314669
0.04296812 0.02630678 -1.118782 -6.351996 1.419173 1.484271 0.4097835 20.51969 0.5218334 1 0.6381274
0.01731054 -0.07566228 -0.6600079 -6.561134 1.461432 1.035504 0.326998 20.50919 0.500536 0 0.0
0.05275252 -0.05756303 -2.036117 -4.42675 0.9040147 0.7211503 0.2531337 20.05048 0.6959991 0 0.0
-0.03404893 -0.0006166993 -5.271977 -7.040699 2.517597 2.614443 0.5906547 20.74349 0.3239613 0 0.0
-0.04236934 0.01970348 -1.222609 -4.083609 0.7899687 0.5554456 0.324191 19.70028 0.7137032 0 0.0
-0.01595423 -0.07420655 -1.731595 -5.945611 0.2209658 0.1669163 0.2773054 17.80787 0.9114475 1 0.0
0.02771859 -0.007992383 -3.678514 -4.900622 1.200217 1.141255 0.3952403 20.02601 0.4789677 0 0.0
0.01234403 0.01458134 -1.199981 -4.122551 1.574169 1.070908 -0.0832322 20.29577 0.7827892 0 0.0
0.002720724 0.008006548 -2.677285 -4.969921 0.4736245 0.4255417 0.002587173 18.04805 nan 0 0.0
-0.009354151 0.002368039 -4.001697 -3.418519 0.797442 0.6445303 0.4186052 18.87665 0.7643757 0 0.0
0.04275997 -0.01162659 -3.980747 -6.18541 3.632311 3.400283 0.5269598 20.94519 0.7423306 0 0.0
-0.06450165 -0.05560072 -3.093726 -4.654205 0.8691572 0.6498422 0.4144351 19.80285 0.7150803 0 0.0
0.03355813 0.009661965 -2.900974 -4.639741 0.1646582 0.1227655 0.1898808 17.20657 1.107258 1 0.9970088
-0.001909726 -0.05704119 1.567612 -2.929156 2.272425 1.367205 0.4046837 20.59728 0.5826588 0 0.0
0.0153408 -0.00902534 -2.174481 -4.316335 0.2534279 0.2040299 0.3312121 18.10156 0.9725075 0 0.0
-0.004481933 -0.008801471 -16.38844 0.8825993 3.411954 2.085477 0.1268251 20.27277 nan 0 0.0
0.0009957646 0.00546023 0.3673431 -5.64741 1.044694 0.7833748 0.1726266 17.75863 nan 0 0.0
-0.01825193 -0.009268893 -1.18452 -4.587945 0.6485023 0.5433968 0.1629562 19.52563 0.7448044 0 0.0
0.05035641 -0.01342489 1.199299 -6.857223 1.410538 1.215934 0.1029554 20.19357 1.300476 0 0.0
0.03830871 0.01677676 -1.91256 -5.303783 4.125225 2.717453 0.1017124 20.82204 0.6560841 1 0.7686971
0.02339082 -0.006633648 -1.340129 -3.530662 2.00019 2.159674 0.6381589 20.64041 nan 0 0.0
-0.003785801 -0.001022356 -1.945999 -6.177727 0.4577593 0.3901032 0.2733244 17.42378 nan 0 0.0
-0.04243716 -0.05630768 -1.927404 -3.380561 0.5458355 0.3800624 0.2473456 19.05985 0.9685116 1 0.2781074
0.01058906 0.0048748 -6.462576 -0.7065628 1.248383 0.9623049 0.07579049 19.85993 nan 0 0.0
0.03416283 0.01678024 -0.8140954 -5.17153 1.026272 0.8271448 0.0101118 20.03948 0.6623402 0 0.0
0.01373692 -0.0121668 -1.855682 -4.751414 0.8696556 0.7025991 0.4152647 19.86295 0.5379143 0 0.0
0.004839133 0.005189889 -2.281106 -9.250851 1.381152 0.8911427 0.07598773 18.6946 nan 0 0.0
-0.02375851 0.0171224 -1.957753 -5.06977 1.255439 1.013245 0.2358394 20.22678 0.5927486 0 0.0
-0.02115271 0.08491084 -2.832233 -4.682235 0.7146234 0.5477463 0.3603449 19.58745 1.019871 1 0.9285159
0.002418007 0.0246124 -3.191791 -5.452198 0.4821785 0.3983962 0.3242759 19.11279 0.9854317 0 0.0
-0.01192435 0.08135615 -2.158929 -4.519995 0.2128514 0.1549198 0.2519641 17.76444 1.089205 1 0.9535646
-0.05448607 -0.07814262 -1.665345 -7.770469 0.3452118 0.2563043 0.2674166 18.44083 1.648252 1 0.0
0.005414125 0.005231857 -2.31389 -4.230705 0.1826886 0.1313123 0.2701008 16.5297 nan 0 0.0
-0.01014039 0.02814301 -3.380707 -6.452246 1.319486 1.026976 0.1790859 20.40823 0.5577335 0 0.0
-0.006570153 -0.01050518 -3.891109 -5.36994 1.531128 0.9208965 0.1540413 19.66716 nan 0 0.0
-0.02723972 -0.0005136989 -4.702274 -7.593614 2.121099 1.414382 0.3177967 20.3322 nan 0 0.0
-0.003816062 -0.0007744001 -9.637627 10.27236 1.607962 1.611979 0.1443435 18.23034 nan 0 0.0
0.005475029 -0.02535772 -1.595927 -4.149009 0.6202257 0.5169549 0.3728938 19.51251 0.8022118 0 0.0
0.008864053 0.006372508 -2.480705 -5.091725 0.4395396 0.3121241 0.1736383 18.7974 0.9499817 0 0.0
0.01800272 0.02231345 8.18132 -1.817136 4.186879 2.535914 0.1633017 20.70013 0.8481178 0 0.0
0.05447989 -0.07509611 -3.34037 -8.071491 1.142384 0.8222374 0.1450185 20.16421 1.213686 0 0.0
0.02971351 0.02875091 -2.388665 -4.21925 0.1958002 0.1630345 0.2150612 17.67098 1.083811 1 0.9656774
-0.07931529 0.0396995 -10.95476 -11.85189 0.2407745 0.1799695 0.2236611 17.9627 0.9863663 1 0.0
0.01976093 -0.04559523 -1.614567 -3.82255 1.634965 1.831735 0.6199733 20.5419 0.4478722 0 0.0
-0.0507638 -0.08463854 -3.303846 -6.789727 0.5499622 0.4181314 0.3301091 19.22583 1.446093 1 0.0003732807
-9.370035e-05 -0.02737525 -1.622872 -4.738699 0.7622776 0.604951 0.3082471 19.80649 0.4623241 0 0.0
-0.007629043 0.009368929 -11.36495 -16.56931 1.468751 1.042544 0.3093002 20.21787 nan 0 0.0
0.01649146 -0.02625199 1.058657 -5.251025 1.67593 1.263525 -0.0558727 19.95794 0.5995846 0 0.0
0.005353309 0.02908611 -3.271055 -4.263686 0.6401472 0.6130486 0.3691779 19.47778 1.032669 0 0.0
-0.01162318 0.02860606 -4.800261 -5.65412 0.767484 0.6276496 0.3610242 19.83274 1.268986 0 0.0
-0.00333185 -0.0005898681 -2.465742 -4.643548 0.2818039 0.2378428 0.2887638 16.88819 0.5300417 0 0.0
0.02919949 0.02241133 -2.407628 -4.624621 0.1656828 0.1434141 0.2822713 17.29313 0.1269512 1 0.9973619
-0.05227646 -0.07800461 -1.155944 -5.027105 0.2851786 0.2104339 0.2682563 18.25877 1.287758 1 1.737235e-05
0.01564164 0.04147315 -1.355035 -1.678153 4.100048 2.29999 0.3088332 20.86825 0.5727997 0 0.0
-0.01247127 0.001250887 5.633896 5.129863 1.29863 1.105887 0.283636 19.5955 nan 0 0.0
-0.01183499 0.02934897 -1.896124 -3.802054 0.6267887 0.4927657 0.3197192 19.5255 0.7635918 0 0.0
-0.06026556 -0.064954 -2.730122 -7.269662 1.23936 0.8449488 0.2621054 20.16629 0.8378696 0 0.0
0.02835299 0.009701654 -0.4798773 -6.242306 1.579006 1.401803 0.2823946 20.56866 0.7128906 0 0.0
-0.05335319 0.02922711 -4.488839 -7.185207 0.5712429 0.4561038 0.3668045 19.35139 0.8908195 1 9.335061e-05
0.001237873 0.003208606 -2.554255 -3.028079 0.3402642 0.2549603 0.2164594 16.21151 0.6482601 0 0.0
-0.004027982 -0.009312644 -2.427482 -4.784601 0.7257822 0.6181053 0.1597028 19.42394 0.6774998 0 0.0
-0.01440832 -0.005557335 1.901842 -3.164995 1.165567 0.9595194 0.213003 19.76554 0.7232113 0 0.0
-0.002272637 -3.841951e-06 -0.1192643 -6.158863 0.7856918 0.6787609 0.3382368 16.52138 nan 0 0.0
-0.07039011 0.02962766 -2.608307 -4.894538 0.6746674 0.5078817 0.2909228 19.5838 0.8541927 1 0.9475649
-0.000366057 0.006513563 -3.729215 -4.852091 0.1624485 0.1398859 0.280261 16.33429 1.030225 0 0.0
0.08130834 0.03063185 -2.586204 -4.267732 1.283598 0.8539989 0.07831865 20.15435 0.642561 1 0.8216339
0.01043844 -0.02452317 -2.602619 -4.744872 0.03625027 0.02758809 0.2355609 13.9404 1.6031 1 0.9995771
0.008924667 0.002021847 1.887122 -3.608037 2.282906 1.668664 -0.05405778 19.78433 nan 0 0.0
0.01776057 0.02377876 -3.582563 -3.480938 0.7683579 0.5731948 0.2585839 19.55205 0.8489189 0 0.0
-0.008566858 0.02586799 0.5782536 -2.562461 1.212496 1.033711 0.260848 20.42953 nan 0 0.0
-0.01056269 0.08451611 -3.613369 -4.329129 0.4614761 0.3678078 0.3245595 19.07364 1.182001 1 0.6497421
-0.005238205 0.01815462 -3.39632 -4.490137 1.374598 1.011027 0.1489805 20.36858 0.7949009 0 0.0
0.02944075 0.03484582 -2.569376 -4.874697 0.5218664 0.4385068 0.3603969 19.21991 0.8828983 1 0.9846503
-0.05260755 -0.06222032 3.24468 -1.695538 2.592931 2.171086 0.3210385 20.80136 2.159798 0 0.0
0.005262531 0.02860355 -3.073623 -3.212398 0.6940291 0.6531967 0.3289949 19.55684 nan 0 0.0
0.002418123 0.003572438 -1.5884 -5.352461 0.3555248 0.2692772 0.2932475 16.1679 nan 0 0.0
-0.003452973 -0.009577294 6.567431 -7.296153 1.524905 0.9980587 -0.05694346 19.48541 nan 0 0.0
0.01558225 0.009576086 -1.464854 -5.419738 0.8505892 0.7136332 0.2036483 19.85725 0.724617 0 0.0
0.001026043 -0.00139192 -0.5557925 -3.359781 0.4947299 0.386877 0.4526224 16.38483 nan 0 0.0
-0.01471098 -0.006262567 1.444707 -1.70389 1.076869 1.016716 0.2023997 20.11893 nan 0 0.0
0.006139323 0.08422516 0.8892603 -3.920642 0.1709875 0.1319377 0.2683319 17.45051 1.181402 1 0.0
0.04802322 0.01285716 -3.602573 -5.293164 1.717692 1.186358 0.2672882 20.61132 0.5941715 0 0.0
0.04718318 -0.05553234 -1.128431 -6.999625 0.8872637 0.7228748 0.3004872 19.98809 1.221546 1 0.008359568
0.01192135 -0.02215086 -2.488578 -4.478688 0.3414503 0.2698797 0.2905803 18.50529 1.027563 0 0.0
0.005898723 -0.02427625 -2.028364 -4.304466 0.3748288 0.3092693 0.3538182 18.77024 0.9887772 0 0.0
0.0175501 -0.01030652 -4.182257 -6.312108 1.002491 0.9601834 0.5720453 19.81876 0.7682533 0 0.0
0.01170894 -0.001185295 -4.048723 -4.169521 0.652334 0.5976421 0.1542927 19.05387 nan 0 0.0
0.0004207618 0.01707074 -3.141732 -5.442826 0.7481441 0.6545157 0.3156286 19.75119 nan 0 0.0
-0.02221763 -0.03204913 -3.204851 -5.07328 0.5385887 0.3452377 0.2875083 18.99851 0.9062157 0 0.0
-0.004663384 0.003584853 -2.828668 -5.664224 0.4225681 0.3356293 0.3056336 18.06751 0.7124081 0 0.0
0.02554093 -0.03091455 -2.910779 -3.45419 0.8443676 0.6883277 0.2624646 19.99233 0.5740013 0 0.0
-0.01380302 -0.004648979 -1.471981 -4.801953 0.7222182 0.6392487 0.2429501 19.74377 0.6299496 0 0.0
0.0006325957 0.01670739 -2.468226 -4.438199 0.857329 0.7291341 0.2719908 19.68285 nan 0 0.0
0.002418189 -0.008471992 -1.63984 -5.261943 0.4727332 0.3702136 0.3162512 18.34808 0.816433 0 0.0
-0.010656 -0.02012339 -2.923026 -4.483253 0.1314962 0.1012698 0.300842 16.78852 0.3772335 1 0.9835002
-0.04954123 0.02091778 -1.957776 -4.79772 2.290366 2.419938 0.5493403 20.49717 0.6732368 0 0.0
-0.01277386 0.002293262 -1.450042 -6.263858 0.4504381 0.5629797 0.5192779 18.57655 nan 0 0.0
0.01558499 -0.06826136 -2.083376 -5.918096 1.530604 1.104481 0.171921 20.4951 0.3395443 0 0.0
-0.01198717 -0.002748836 0.5719173 -5.958725 1.106616 1.157557 0.3865784 19.99242 0.8701782 0 0.0
0.0477844 -0.01740009 -1.600776 -0.9349737 4.602912 4.147153 0.4004735 20.97405 0.5972214 0 0.0
0.01682276 0.01599579 -5.121679 -2.595527 1.964693 1.273408 -0.1858539 20.36855 0.4881992 0 0.0
-0.01737408 -0.004069019 -2.449185 -4.258186 1.062961 0.9748214 0.05113754 20.07508 nan 0 0.0
0.001570752 0.006540745 -0.6653199 -3.608492 0.7892911 0.6264165 0.1155807 18.3455 nan 0 0.0
0.006715555 -0.003490907 -3.869978 -5.174096 0.2309652 0.1803819 0.275971 15.87045 1.16664 0 0.0
0.02190599 0.03192619 -2.805289 -4.224676 0.8234956 0.6729687 0.2913764 19.82677 0.7815552 0 0.0
0.01527939 0.01634096 33.04764 -13.50165 3.421055 1.914714 -0.255914 20.40087 0.8378906 0 0.0
0.01128493 0.0118128 -1.540182 -4.137577 1.725807 1.155658 0.1857532 20.33269 0.7826691 0 0.0
-0.01301597 0.002245108 -1.112429 -6.513714 1.00312 0.7235074 0.1934321 17.81609 1.019785 0 0.0
-0.007266093 -0.002719376 -15.84484 -1.13341 1.755514 1.454325 0.4542645 19.54379 nan 0 0.0
-0.001818595 0.02332589 -2.404984 -4.521839 0.2244746 0.1786085 0.318592 17.96304 1.034943 0 0.0
0.01019535 0.01757487 -4.6223 -2.589143 2.77605 1.488682 -0.5173532 20.35012 0.4754086 0 0.0
0.04269554 0.02866996 -2.027195 -3.027545 1.634215 1.703484 0.3577716 20.64842 0.4786224 0 0.0
0.02239009 0.0332542 -2.858213 -3.995958 1.115252 0.7833095 0.2698843 20.09782 0.4990864 0 0.0
0.004778331 0.03067636 -2.684826 -4.678964 0.07583641 0.06662294 0.2855599 15.88553 1.234623 1 0.9996135
0.02499731 -0.05138663 -2.789216 -3.849174 2.204052 2.179023 0.482974 20.71114 0.7011185 0 0.0
-0.0001844619 0.05218597 -3.033413 -5.275527 0.8698983 1.01924 0.5048242 19.81009 0.7052345 0 0.0
-0.02003842 -0.02960067 -2.555466 -4.746416 0.1185337 0.08423401 0.2733493 16.73207 0.6867027 1 0.9988622
-0.005177992 -0.008264544 -9.181006 -1.841022 1.788522 1.148109 0.02276004 19.66792 nan 0 0.0
-0.0127133 0.003578813 -2.523088 -4.704621 0.9499972 1.164224 0.5893272 19.77339 0.7577152 0 0.0
0.01736828 -0.004347492 -2.155895 -7.849995 0.9473697 1.230293 0.6897065 19.75413 nan 0 0.0
0.009317625 0.02377183 -1.665227 -4.870692 0.2509774 0.1921132 0.2620127 17.88855 0.9757519 0 0.0
0.05268178 0.02802016 -2.39051 -5.792012 0.4698876 0.3751106 0.3143931 19.13766 0.8553543 0 0.0
0.006655041 -0.004339201 -5.057705 -1.637726 2.486588 1.788962 0.2572168 19.84018 nan 0 0.0
0.01455432 -0.020448 -4.218282 -5.930928 0.2483184 0.2125908 0.3632175 17.49784 1.0152 0 0.0
-0.06807478 -0.06631232 1.024619 -6.837196 0.6047433 0.4534264 0.3112116 19.40275 0.9986687 1 0.0
-0.008234444 0.00122933 2.132073 -6.271265 1.557523 1.36193 0.530083 19.33864 nan 0 0.0
-0.009202975 -0.004230436 -3.923767 -6.346967 1.262925 0.8633515 0.2416743 19.65094 nan 0 0.0
0.0121624 0.01647438 -1.237092 -4.103378 0.4917693 0.3570336 0.08398619 18.83286 0.9692554 0 0.0
-0.01513622 -0.0516131 1.198122 -0.8549573 0.3734795 0.3283454 0.3330477 18.62428 1.082886 1 0.0
0.06980953 0.02842451 -7.023002 -6.315006 0.6902546 0.5689062 0.2966389 19.7535 0.9538403 1 1.650743e-06
-0.007356878 -0.002454253 4.343982 -10.04467 1.498572 1.437694 0.4149648 19.24533 nan 0 0.0
0.04043013 -0.01687297 -0.1437567 -0.9543863 4.08322 3.504399 0.522865 20.95389 0.6148357 0 0.0
0.01412714 0.08753602 -5.941798 -4.484919 2.31156 1.897128 0.4766583 20.67873 0.5750885 0 0.0
0.01851748 0.01495874 -2.471821 -2.61077 1.241823 0.8657977 0.01745452 20.05533 0.7466488 0 0.0
0.09336521 -0.0307881 -0.6132787 -0.7775191 3.166542 2.690034 0.4906369 20.88135 1.065678 0 0.0
0.00716992 -0.02908466 -2.550524 -4.489326 0.182682 0.1395367 0.2715946 17.61969 1.083979 1 0.998005
0.01894081 0.02275123 -2.619954 -4.636686 0.09853723 0.07476527 0.256641 16.42992 1.180092 1 0.9995562
-0.01797834 0.02075658 -2.22743 -4.668735 0.1688637 0.1306933 0.2788931 17.44684 0.9820461 1 0.9894611
0.04508621 0.02826346 -1.675959 -4.88303 1.327342 1.062942 0.2447048 20.31167 0.7106972 0 0.0
-0.02051968 0.03434273 -3.10998 -4.739559 0.8167837 0.6685731 0.3368355 19.93802 0.6499386 0 0.0
-0.09699212 0.01800123 -2.312737 -4.026737 2.299158 2.234223 0.4620694 20.62358 2.154871 0 0.0
0.02780807 0.01276005 0.7706508 -3.028832 0.2423883 0.1830572 0.2000013 18.02174 1.024954 0 0.0
0.05528193 0.04635581 1.460486 -12.02674 0.4499695 0.3280606 0.2961014 18.92016 1.408701 1 0.0
-0.08694217 0.03329082 1.973954 -4.769475 2.415049 0.9874664 -0.5619523 19.92195 nan 0 0.0
0.07637657 0.0262269 -0.1373481 -2.611708 1.035339 0.8042005 0.126294 20.15146 1.465197 1 0.09568582
-0.001062111 0.001182047 -4.184902 -3.566334 0.3762789 0.3286036 0.2894798 16.17252 nan 0 0.0
