data/gcs/NGC_6934.ecsv
# %ECSV 0.9
# ---
# datatype:
# - {name: x, unit: deg, datatype: float64}
# - {name: y, unit: deg, datatype: float64}
# - {name: pmx, unit: mas / yr, datatype: float64}
# - {name: pmy, unit: mas / yr, datatype: float64}
# - {name: pmx_e, unit: mas / yr, datatype: float64}
# - {name: pmy_e, unit: mas / yr, datatype: float64}
# - {name: pm_corr, datatype: float64}
# - {name: g_mag, unit: mag, datatype: float64}
# - {name: bp_rp, unit: mag, datatype: float64}
# - {name: filter, datatype: int64}
# - {name: memberprob, datatype: float64}
# meta: !!omap
# - comments: [deg deg mas/yr mas/yr mas/yr mas/yr dimless mag   mag   zeroone float]
# - __serialized_columns__:
#     bp_rp:
#       __class__: astropy.units.quantity.Quantity
#       unit: &id001 !astropy.units.Unit {unit: mag}
#       value: !astropy.table.SerializedColumn {name: bp_rp}
#     g_mag:
#       __class__: astropy.units.quantity.Quantity
#       unit: *id001
#       value: !astropy.table.SerializedColumn {name: g_mag}
#     pmx:
#       __class__: astropy.units.quantity.Quantity
#       unit: !astropy.units.Unit {unit: mas / yr}
#       value: !astropy.table.SerializedColumn {name: pmx}
#     pmx_e:
#       __class__: astropy.units.quantity.Quantity
#       unit: !astropy.units.Unit {unit: mas / yr}
#       value: !astropy.table.SerializedColumn {name: pmx_e}
#     pmy:
#       __class__: astropy.units.quantity.Quantity
#       unit: !astropy.units.Unit {unit: mas / yr}
#       value: !astropy.table.SerializedColumn {name: pmy}
#     pmy_e:
#       __class__: astropy.units.quantity.Quantity
#       unit: !astropy.units.Unit {unit: mas / yr}
#       value: !astropy.table.SerializedColumn {name: pmy_e}
#     x:
#       __class__: astropy.units.quantity.Quantity
#       unit: &id002 !astropy.units.Unit {unit: deg}
#       value: !astropy.table.SerializedColumn {name: x}
#     y:
#       __class__: astropy.units.quantity.Quantity
#       unit: *id002
#       value: !astropy.table.SerializedColumn {name: y}
# schema: astropy-2.0
x y pmx pmy pmx_e pmy_e pm_corr g_mag bp_rp filter memberprob
[from data line 2161]
0.001116801 0.01098439 -1.933684 -5.762631 1.122727 1.011764 0.4266038 19.89644 nan 0 0.0
0.01621859 -0.01297638 -8.861471 -4.712887 1.899636 1.470288 0.3318804 19.8729 0.6768551 0 0.0
-0.004421215 0.01016854 0.02108131 -4.981554 0.7350502 0.5617859 0.2939058 19.4579 0.7131729 0 0.0
0.001843054 0.02134225 -4.404251 -11.44185 2.373279 2.20197 0.2593879 20.25861 nan 0 0.0
0.06330874 -0.008796471 -2.658697 -4.863421 0.3969249 0.311339 0.2563509 18.92463 1.004311 1 0.9847295
-0.01928067 -0.004072278 -1.761553 -3.063523 1.91426 1.521055 0.06293139 20.56488 nan 0 0.0
0.01152724 0.003769992 -2.884875 -4.688308 0.1441308 0.1055968 0.197135 16.44084 1.10278 0 0.0
-0.006721664 -0.02308414 0.4748683 -1.80573 1.83695 1.467962 0.1565384 20.1507 0.5035477 0 0.0
0.009984337 -0.01860468 -2.634409 -4.545955 0.3548384 0.2807212 0.3164546 18.71162 0.7474422 0 0.0
0.07694805 0.04609966 -5.425645 -4.106381 2.199112 2.490497 0.6641146 20.66355 0.6078491 0 0.0
0.004324887 -0.01731158 -7.217789 -15.95352 2.789343 1.893518 0.4205502 20.45742 nan 0 0.0
-0.009565825 0.01007469 -1.331909 -4.419208 0.8180743 0.7374361 0.4529047 19.78594 1.023317 0 0.0
0.03903342 0.03456285 -4.494453 -5.112811 0.7963218 0.6288215 0.2650495 19.87345 1.004097 0 0.0
-0.02696865 -0.0217015 -7.088997 -6.647965 3.946275 3.126679 0.1339589 20.95198 0.2900906 0 0.0
0.004143102 0.003899561 -2.518222 -4.642918 0.0413373 0.03111902 0.2517599 14.22175 1.429818 1 0.9995608
-0.003936997 0.01239775 -2.608515 -3.457433 0.7062896 0.5838435 0.3612358 19.43853 nan 0 0.0
-0.07254051 0.0182831 -3.923348 -5.626957 0.5923402 0.4748208 0.3389937 19.44328 0.9683208 1 0.6515382
-0.06179524 0.03486014 -2.686713 -4.852771 0.1874576 0.144902 0.294011 17.50065 0.06494522 1 0.9926673
0.000299721 0.006849256 -6.723306 -9.427249 1.953319 2.69777 0.7002179 19.24333 nan 0 0.0
0.06669167 0.0347426 -1.471292 -5.113275 0.4493357 0.3603849 0.3251449 18.89314 1.353962 1 0.2722352
-0.02612182 -0.03160736 0.2470195 -2.180604 1.698231 1.068922 0.1415356 20.4012 0.508625 0 0.0
-0.02221138 0.09151507 -4.722922 -6.376164 3.425018 2.300085 0.1011161 20.78503 1.115833 0 0.0
-0.06161391 0.03320167 -2.409109 -2.082039 0.3160304 0.2377271 0.3004718 18.45521 1.109791 1 0.0
-0.002787169 -0.009400869 -2.988675 -4.425331 0.9889561 0.8649048 0.4675292 19.72049 nan 0 0.0
0.00559544 0.02572918 -4.089114 -6.255388 1.029705 1.247343 0.6102744 19.89265 nan 0 0.0
0.01086319 -0.06697548 9.262027 -1.925833 2.069508 2.052476 0.4279199 20.59752 1.13883 0 0.0
-0.005086767 0.02929067 -4.058562 -6.339891 1.317662 1.098151 0.3799494 20.46274 0.6499386 0 0.0
-0.001334413 0.02248046 -7.607582 -5.784876 1.325804 1.181528 0.4426531 20.3922 0.5444431 0 0.0
-0.04615734 -0.03079748 -1.692869 -4.361658 0.8825323 0.6349089 0.3206142 19.8694 0.6228008 0 0.0
0.0006326661 -0.03236678 -1.877856 -4.602155 1.101354 0.9006997 0.2263969 20.21981 0.430191 0 0.0
0.006352626 -0.01954697 -2.551821 -4.970867 0.589063 0.5252424 0.3559205 19.40839 0.8873882 0 0.0
0.03647105 -0.08425228 -3.865067 -3.78056 1.052119 0.7771194 0.2970091 20.20844 0.8650131 0 0.0
0.003598559 -0.01907923 -2.474429 -1.154487 1.851196 1.814287 0.3346382 20.59848 0.8512764 0 0.0
-0.01295505 0.01568858 3.903989 -10.07359 2.197593 2.507083 0.4285186 20.51621 0.5491924 0 0.0
0.01134449 0.04920064 -8.26003 -8.581972 3.112602 3.081835 0.5456588 20.8565 0.01411629 0 0.0
-0.01807039 -0.0101501 13.24269 -4.644587 3.443873 1.939759 0.22424 20.57728 nan 0 0.0
0.02968291 0.03377057 -2.519099 -4.274433 0.4627002 0.3859765 0.326977 19.08497 0.8315868 1 0.9849608
-0.01265273 0.005245357 -2.420893 -4.615438 0.07977982 0.0605655 0.2264924 16.04481 1.219281 1 0.9981116
-0.003634473 0.0004949388 -2.82105 -4.487834 0.04325195 0.0349469 0.278171 14.42429 1.376511 0 0.0
-0.04681243 0.07005887 -7.018592 -6.279438 0.5350061 0.4198906 0.2539298 19.1658 1.762354 1 0.0
-0.002272598 0.007567378 -2.685559 -5.060163 0.1856833 0.1452799 0.2488067 17.053 0.05879307 0 0.0
0.06184578 0.064394 -0.9092956 -8.227542 1.899449 1.964885 0.3461126 20.74454 1.168383 1 0.1901094
0.03547248 -0.088027 12.70633 0.6552065 0.5737292 0.4360425 0.2817336 19.36133 1.562578 1 0.0
-0.01177485 0.01479829 -2.257878 -4.830278 0.8145549 0.6611687 0.3845928 19.73533 0.7157001 0 0.0
-0.002907967 0.0295181 -1.824828 3.335369 1.897951 1.629598 0.4549089 20.57408 nan 0 0.0
0.002569281 0.03024718 -2.913208 -3.936846 0.441567 0.3281751 0.3390685 16.62089 0.5657978 0 0.0
0.007926311 -0.01588865 -3.342225 -2.487389 1.611344 1.23214 0.3016907 20.45521 nan 0 0.0
-0.007811398 -0.0347509 -1.796596 -3.305051 1.270877 1.035429 0.2435649 20.27361 1.153843 0 0.0
-0.01398454 -0.002535154 -3.845198 -4.085821 1.128224 0.9722524 0.1147217 19.96055 nan 0 0.0
-0.03220026 0.0352518 -2.179284 -4.795749 1.209171 0.8969759 0.2641039 20.30268 0.4369183 0 0.0
-0.01113929 0.01727353 -9.086216 1.129644 3.346065 2.968253 0.4589466 20.79902 nan 0 0.0
0.006049507 0.01502467 -11.00296 -3.067481 0.7393469 0.5193799 0.2370779 19.34291 0.7133083 0 0.0
0.05325151 0.07104999 -0.5875822 -19.8419 0.5444181 0.4397264 0.317484 19.38681 2.284201 1 0.0
0.04299573 0.05328718 1.07549 -7.148108 0.08685963 0.06342139 0.2287683 15.92064 1.047637 0 0.0
-0.009989699 0.001221737 -2.971556 -4.327326 0.1611876 0.1201783 0.2588751 17.16443 0.9975376 0 0.0
0.01488638 0.00460265 -1.830337 -4.49961 0.2592681 0.1971231 0.2750346 18.07196 0.9376488 0 0.0
0.005625827 0.01589155 -11.43053 0.03530699 2.134249 1.271373 -0.001081798 20.2568 nan 0 0.0
-0.04869237 0.03476218 -4.816774 -6.221262 0.5659644 0.4487632 0.3927687 19.24843 1.105312 1 0.01956499
0.01963771 0.002938675 -1.921468 -4.570483 0.2768081 0.2123049 0.2472503 18.03307 0.9154758 0 0.0
-0.01994649 -0.0045076 -3.116934 -4.252509 0.7344609 0.6202962 0.2960887 19.78358 nan 0 0.0
-0.02070272 0.003074622 -3.244377 -6.359867 0.8900446 0.7933711 0.4914686 19.88498 0.5327377 0 0.0
0.0528071 -0.007605284 -2.547589 -4.697617 0.07449536 0.0568141 0.2245987 15.86397 1.269922 1 0.9990773
0.01092219 -0.004694836 -4.094885 -8.713541 0.9219352 0.790986 0.5420634 19.37106 nan 0 0.0
0.02765821 -0.01028883 -2.922677 -5.547545 1.513325 1.087096 0.2743927 20.30737 0.7737045 0 0.0
0.05099576 -0.04646677 -1.265875 -4.370094 0.647529 0.5268666 0.3564131 19.59091 0.8772907 1 0.8017749
-0.0214306 -0.02928351 0.3182349 -4.294663 2.421529 1.704731 0.1412917 20.64896 0.1009274 0 0.0
0.039971 0.04002176 -3.908954 -5.178766 0.7884014 0.6406143 0.2983809 19.91177 0.8928871 0 0.0
0.0881238 -0.003034401 0.5411423 -6.612396 0.816591 0.665393 0.3165194 19.97417 1.679386 0 0.0
-0.08679079 0.03366081 -2.749534 -4.668579 0.1516335 0.1205829 0.2718686 17.15677 1.095289 1 0.9941466
-0.01374192 0.0137679 -4.479787 -4.866153 1.160821 0.9301103 0.4556187 20.12685 nan 0 0.0
0.02735669 -0.02841963 -7.793243 -11.09383 0.4239703 0.3509386 0.3599578 18.96928 1.349506 0 0.0
0.007684185 -0.01515194 -0.5719208 -5.554762 0.6965275 0.5540031 0.3163603 19.72508 0.6006641 0 0.0
0.03495321 -0.02828558 -1.795839 -5.858724 1.978058 1.333015 0.3559197 20.72672 0.6965885 0 0.0
0.01428167 -0.01206044 -6.925697 -4.352955 2.239195 1.578488 0.2316407 20.61098 nan 0 0.0
0.003900929 0.01189087 12.10807 -4.309156 2.947062 2.666402 -0.08034613 20.36216 nan 0 0.0
-0.06512353 0.03741885 -3.344114 -3.188028 0.6372923 0.5071845 0.3362836 19.59752 1.054218 1 0.1163173
-0.003301364 0.02910135 -2.614966 -4.940124 0.5056802 0.4120931 0.3890597 19.19287 0.8577042 0 0.0
-0.006963178 0.01511671 -3.854948 -4.001087 1.358485 1.085182 -0.03354237 20.23753 nan 0 0.0
0.02566045 -0.004319431 -0.8694661 -5.657085 1.498863 1.509362 0.441055 20.34271 0.3473148 0 0.0
0.01649024 0.006508626 -4.537955 -2.523993 0.9729865 0.7554163 0.2460351 18.94449 0.883091 0 0.0
0.005353498 0.01357508 -3.035881 -3.087045 0.8775187 0.5805164 -0.01818666 19.54726 0.7626076 0 0.0
-0.02648287 0.004060077 -2.496275 -4.164503 0.5821616 0.4967604 0.3015598 19.40327 0.9302063 0 0.0
-0.0585389 -0.05423017 -1.452159 -4.990125 1.073592 0.795418 0.4686031 19.99627 0.7972546 1 0.7590183
0.01319281 -0.03376944 -3.068038 -4.474349 0.474346 0.4040348 0.3450522 19.13213 1.004549 1 0.9848229
-0.01667786 0.0003817521 -4.075392 -4.295597 0.5171689 0.4179644 0.2932407 19.17096 0.9389229 0 0.0
0.02223985 0.01219611 -5.457685 -11.70074 1.86258 1.526166 0.3884772 20.58598 0.7227821 0 0.0
-0.08170877 0.02407875 -0.2802443 -4.23661 2.475844 2.296949 0.3247114 20.82982 0.960247 0 0.0
0.005747317 -0.01800537 -2.662965 -4.277617 0.3507377 0.2904739 0.2354968 18.68512 0.9748516 0 0.0
0.05189163 0.0564076 -1.631303 -3.414419 0.03454339 0.02502457 0.2005605 13.60288 1.720051 1 0.0
-0.007326325 0.01497748 -5.471402 -6.041697 0.7945947 0.9609901 0.3191911 18.58444 0.9225502 0 0.0
0.01394901 -0.01991205 -2.902317 -6.774112 1.265158 1.10731 0.3854054 20.35242 nan 0 0.0
0.003749636 0.009689791 -0.5952202 -9.562932 1.788013 1.237562 0.07932352 18.79248 0.7783241 0 0.0
0.006140746 -0.01747989 -1.899266 -0.4319126 1.658889 1.34912 0.3213146 20.14029 0.7248592 0 0.0
0.02426825 -0.002846083 4.782867 -2.659205 2.415276 2.126553 0.3155015 19.57755 0.7845821 0 0.0
-0.02545347 0.01213525 -2.445631 -4.639339 0.09234757 0.07006474 0.2360167 16.31801 1.177887 1 0.9985698
0.03852303 -0.01170089 -3.119872 -5.412816 1.639942 1.868741 0.7104176 20.29174 0.5939541 0 0.0
-0.02563602 -0.004687074 -1.915029 -7.121386 1.994776 2.876237 0.7337285 20.31373 0.5965748 0 0.0
-0.01664693 0.01798086 0.9406807 -2.478935 2.12046 2.083763 0.4057494 20.72752 nan 0 0.0
0.06989979 0.03172185 -3.894643 -10.91169 0.8333176 0.6742176 0.2709377 19.87201 2.127611 0 0.0
0.01833702 -0.01176275 -5.164742 -6.203412 1.059093 0.9475774 0.5445361 20.00756 0.7752628 0 0.0
-0.01026194 0.006428805 -2.952825 -4.929631 0.1185559 0.09067306 0.2348066 15.92347 1.181035 0 0.0
-0.01005002 0.01037892 -3.108973 -4.857169 0.4158282 0.3302181 0.3021135 18.67094 0.8424873 0 0.0
0.0574408 -0.03351937 -2.078471 -6.94985 1.001373 0.7355177 0.03365863 19.98923 0.9034729 0 0.0
0.002569591 -0.02293923 -1.818832 -4.291296 1.127632 1.389843 0.4187037 19.86673 1.008774 0 0.0
-0.006388484 -0.004496561 -3.502941 -6.163852 0.7507207 0.508929 -0.0748753 19.02875 nan 0 0.0
-0.0726014 0.01610874 4.862703 -0.4832017 0.8816844 1.051208 0.5497822 19.77954 0.8061371 0 0.0
0.05998497 -0.04739499 -3.14562 -6.597166 1.371316 1.303473 0.3521372 20.28131 0.9019413 1 0.6557022
-0.03544182 -0.01030401 -2.647357 -3.577761 0.9113261 0.7737089 0.2372895 20.03993 0.03466415 0 0.0
-0.01973586 -0.0318299 -2.709788 -4.729746 0.05695259 0.0409101 0.2552332 15.04199 1.292435 1 0.9994433
0.005716781 0.002955441 6.003068 -10.16134 2.334717 3.088361 0.06691252 18.8609 nan 0 0.0
-0.07451824 -0.04521935 -2.27999 -4.006799 1.300587 0.984193 0.3357805 20.35115 0.7557907 0 0.0
-0.035684 -0.01117327 -6.311578 -4.725456 3.082207 2.425226 0.1415968 20.77696 0.9089985 0 0.0
0.04246078 -0.04753293 -1.648612 -4.309767 0.6801795 0.558212 0.3149071 19.7347 0.7721519 1 0.9174208
-0.0108671 0.01028071 -2.20804 -4.332711 0.4076058 0.3148882 0.2795465 18.13695 0.9579067 0 0.0
-0.00823455 -0.004453615 -2.797162 -5.130886 0.1654632 0.1194011 0.2485 16.75369 0.575676 0 0.0
0.002599857 -0.02316382 -4.673018 -2.913865 1.653344 1.199769 0.2956011 20.20506 nan 0 0.0
0.02529609 0.01660225 -2.4473 -4.566929 0.110004 0.09053687 0.2439017 16.70371 0.6996841 1 0.9983343
0.04587241 0.03388688 -3.256923 -4.790047 0.3924705 0.3091734 0.2776616 18.89526 0.9656124 1 0.9735825
-0.06589219 -0.04389512 -2.784958 -10.35212 1.473223 1.073041 0.1502859 20.42889 1.81826 0 0.0
0.03119362 0.06646023 -2.236544 -4.464418 0.2830225 0.2188938 0.2771739 18.31046 0.8914928 1 0.9787675
-0.01513408 0.01096796 1.954907 -3.9417 1.671887 1.115865 0.2571154 20.12267 nan 0 0.0
0.01400688 0.06344098 -9.124333 -2.122696 0.9688909 1.135926 0.5469726 19.93812 2.374701 0 0.0
0.002448667 -0.0471945 -2.285167 -4.976375 1.096277 1.054196 0.3689808 20.14722 0.7115383 0 0.0
0.01576538 -0.03389667 3.000268 -6.361028 1.655061 1.363601 0.3709034 20.49297 0.9784546 0 0.0
-0.0791127 -0.01162585 -5.104781 -9.700414 1.327638 0.9713062 0.2909752 20.38042 1.274357 1 0.0001693064
-0.02309325 0.007588005 -2.703369 -2.353529 1.297649 0.9995203 0.3673083 20.1811 1.038963 0 0.0
-0.00520808 0.006549833 12.60592 -5.230752 1.577553 1.143738 0.2171839 19.29624 0.854847 0 0.0
-0.01991514 0.01943439 -1.399993 -3.200187 1.679273 1.732284 0.6277559 20.37901 0.6740494 0 0.0
0.05053226 0.03650093 -2.347112 -4.642068 0.6388712 0.5201385 0.299772 19.62139 0.8517914 0 0.0
-0.0277821 0.03675974 -3.1133 -4.859112 0.5693014 0.4530409 0.3361929 19.40524 0.7803268 0 0.0
-0.00935396 0.0113631 -7.911755 -4.233807 1.530603 1.22366 0.4413569 20.03767 0.6222439 0 0.0
0.003961998 -0.0488329 -2.402391 -5.117739 0.7350109 0.5672444 0.3255891 19.70058 0.8058548 0 0.0
-0.009899016 -0.003486078 -5.37957 -9.368543 0.515556 0.4238699 0.2029479 18.90711 nan 0 0.0
0.02030346 0.003750282 -3.060721 -5.680769 0.7734597 0.6523357 0.2829205 19.67629 0.8076611 0 0.0
0.07722224 0.0355783 -1.273581 -7.815599 0.9765695 0.7502967 0.2267962 20.09326 1.472975 1 0.0007150174
0.0213926 0.01033116 -2.67682 -4.647373 0.05397309 0.04075996 0.2272124 15.20072 1.383616 1 0.9997669
-0.01595016 0.03839566 -2.209744 -4.757806 0.6259842 0.4946297 0.3079805 19.39226 0.9526882 0 0.0
-0.01123023 0.01108848 -2.688309 -4.756948 0.1231426 0.0959365 0.2701367 16.60964 0.8924198 1 0.999301
0.04975614 -0.05799683 -5.601796 -5.612989 1.14864 0.9062903 0.1435063 20.27691 0.9273758 0 0.0
0.01252615 -0.00458989 -2.593607 -4.705495 0.1480524 0.104901 0.2513741 17.08954 1.043388 0 0.0
0.008471432 -0.0349812 -3.590894 -6.951545 1.592217 1.342801 0.2528962 20.65975 nan 0 0.0
-0.04231052 0.001924128 -8.228305 -11.57448 0.8855904 0.7715694 0.3274041 19.93084 1.341406 0 0.0
-0.01661787 -0.01404591 -1.352796 -6.546582 1.787228 1.497019 0.1176593 20.53721 0.4091473 0 0.0
0.01984941 0.006032404 -3.086904 -4.866398 0.3023145 0.2337775 0.2938144 18.4496 0.9358387 0 0.0
-0.007114359 0.0231066 -2.547852 -4.662814 0.21827 0.1695849 0.3441845 17.83511 1.031591 0 0.0
0.002387838 0.007686111 -2.636451 -4.76283 0.07709682 0.05863005 0.2417731 15.64264 1.234877 0 0.0
0.05810438 -0.01632025 -1.587091 -6.534823 1.557188 1.484383 0.3620582 20.4211 0.8857288 0 0.0
0.005716502 0.02444744 -2.210488 -3.91072 0.7081309 0.6649309 0.3071891 19.40713 0.9068813 0 0.0
-0.01794653 0.05854448 -1.824176 -6.68843 1.404503 1.115673 0.3894195 20.41653 nan 0 0.0
-0.05078876 -0.03817412 -2.340577 -4.717098 0.8720961 0.6534994 0.2310566 19.83437 0.6064568 0 0.0
-0.008173543 0.02143101 -2.741237 -8.025774 2.93756 1.681451 0.4387838 20.74939 0.3945026 0 0.0
0.04736156 -0.02546012 -5.505509 -6.599678 0.8059129 0.5986061 0.3430175 19.69724 1.174868 0 0.0
-0.04618839 -0.03833818 -2.554638 -4.992431 1.969271 1.613944 0.2165576 20.38014 0.1076813 0 0.0
0.06539529 0.002292682 -7.128029 -6.167815 0.9476612 0.7515947 0.2412957 20.10436 1.145578 1 0.002335008
0.04584446 0.01168295 -2.407088 -5.12149 0.4660391 0.3915423 0.3232594 19.09228 0.8613815 0 0.0
-0.0190379 0.01143875 0.3141908 -3.559682 0.6048487 0.5022357 0.355068 19.15882 0.8004818 0 0.0
0.08115937 0.01802902 -3.02293 -5.411959 0.9305702 0.791585 0.2814549 20.08036 nan 0 0.0
0.006685451 -0.01403425 0.03721586 -6.115813 0.9639445 0.7621053 0.3186369 19.80375 nan 0 0.0
0.04599842 -0.0137067 12.09364 -2.851167 2.875282 2.625537 0.2598324 20.88078 0.07365417 0 0.0
-0.0620664 0.04324154 -2.618863 -4.721992 0.7757268 0.6299357 0.3727343 19.81792 0.8342457 1 0.9376487
-0.01225936 0.003384251 -2.311492 -4.018734 1.565692 1.18844 0.520282 19.90062 nan 0 0.0
-0.01026176 0.01442203 -2.319048 -5.047961 0.4315819 0.3435726 0.3181106 18.87916 0.8640251 0 0.0
0.005777374 -0.002125735 -3.047152 -5.006316 0.3437421 0.2584611 0.2340266 16.96806 0.9326248 0 0.0
0.03102138 -0.06590736 9.625268 -9.565974 1.314413 0.9854217 0.2610618 20.46732 1.762316 0 0.0
