data/gcs/NGC_6171_M107.ecsv
# %ECSV 0.9
# ---
# datatype:
# - {name: x, unit: deg, datatype: float64}
# - {name: y, unit: deg, datatype: float64}
# - {name: pmx, unit: mas / yr, datatype: float64}
# - {name: pmy, unit: mas / yr, datatype: float64}
# - {name: pmx_e, unit: mas / yr, datatype: float64}
# - {name: pmy_e, unit: mas / yr, datatype: float64}
# - {name: pm_corr, datatype: float64}
# - {name: g_mag, unit: mag, datatype: float64}
# - {name: bp_rp, unit: mag, datatype: float64}
# - {name: filter, datatype: int64}
# - {name: memberprob, datatype: float64}
# meta: !!omap
# - comments: [deg deg mas/yr mas/yr mas/yr mas/yr dimless mag   mag   zeroone float]
# - __serialized_columns__:
#     bp_rp:
#       __class__: astropy.units.quantity.Quantity
#       unit: &id001 !astropy.units.Unit {unit: mag}
#       value: !astropy.table.SerializedColumn {name: bp_rp}
#     g_mag:
#       __class__: astropy.units.quantity.Quantity
#       unit: *id001
#       value: !astropy.table.SerializedColumn {name: g_mag}
#     pmx:
#       __class__: astropy.units.quantity.Quantity
#       unit: !astropy.units.Unit {unit: mas / yr}
#       value: !astropy.table.SerializedColumn {name: pmx}
#     pmx_e:
#       __class__: astropy.units.quantity.Quantity
#       unit: !astropy.units.Unit {unit: mas / yr}
#       value: !astropy.table.SerializedColumn {name: pmx_e}
#     pmy:
#       __class__: astropy.units.quantity.Quantity
#       unit: !astropy.units.Unit {unit: mas / yr}
#       value: !astropy.table.SerializedColumn {name: pmy}
#     pmy_e:
#       __class__: astropy.units.quantity.Quantity
#       unit: !astropy.units.Unit {unit: mas / yr}
#       value: !astropy.table.SerializedColumn {name: pmy_e}
#     x:
#       __class__: astropy.units.quantity.Quantity
#       unit: &id002 !astropy.units.Unit {unit: deg}
#       value: !astropy.table.SerializedColumn {name: x}
#     y:
#       __class__: astropy.units.quantity.Quantity
#       unit: *id002
#       value: !astropy.table.SerializedColumn {name: y}
# schema: astropy-2.0
x y pmx pmy pmx_e pmy_e pm_corr g_mag bp_rp filter memberprob
[from data line 4945]
-0.0305018 0.02822357 -3.174066 -7.743663 2.827053 1.430073 -0.07703451 20.21811 nan 0 0.0
-0.04376724 -0.02872709 -2.236807 -6.357137 0.9237416 0.6486298 -0.2118695 19.35563 nan 0 0.0
-0.1232734 -0.1073214 1.25876 -4.813504 3.890481 2.416192 -0.01916831 20.73144 0.8804817 0 0.0
0.03104225 0.01146458 -2.057487 -6.234828 0.3913992 0.2218651 0.2077791 17.97816 1.496231 1 0.9987342
0.01742759 0.03810585 -2.102976 -5.863771 0.1866999 0.1250921 0.03473692 17.00897 1.565016 1 0.9994444
0.01578782 -0.0311842 -0.3917781 -4.958289 1.16896 0.7030695 0.154687 19.56861 1.17931 0 0.0
0.01548012 0.03936292 -2.024727 -5.803122 0.2626461 0.1794558 0.03760829 17.53253 1.295639 0 0.0
0.005326595 0.06553693 -2.618588 -3.980633 1.483577 0.9586976 -0.06899153 20.04495 1.05349 0 0.0
0.00676839 0.04918616 -2.212936 -6.242531 0.6685814 0.4327625 0.0136431 19.0319 1.240843 0 0.0
0.01291866 -0.04395468 -7.296814 -3.952275 4.888877 2.802946 -0.08689612 20.92283 0.6559067 0 0.0
-0.005794456 0.04175897 -1.621497 -6.191418 1.566072 1.087185 -0.1438875 20.07287 1.18947 0 0.0
-0.006432961 0.01183552 1.957423 -4.583035 2.651684 1.364608 0.1618495 20.0277 nan 0 0.0
0.01067701 0.01377896 -1.220232 -6.281401 1.156279 1.175472 -0.8494747 18.35939 nan 0 0.0
0.02545248 0.007044939 -1.205777 -5.991469 0.5491282 0.3433568 -0.02907562 18.65304 1.222818 0 0.0
-0.01246857 0.01829452 -1.325899 -6.463732 1.803121 1.250384 -0.2552189 19.8571 nan 0 0.0
0.07933798 0.007286238 -1.695291 -9.230187 2.728608 1.899769 -0.4247101 20.52843 1.735085 0 0.0
-0.04446101 0.02728113 0.7515574 -0.6736395 0.3809589 0.2514903 -0.09101572 18.097 1.299643 0 0.0
0.01286317 0.03215425 -1.568745 -7.230214 1.520604 1.024012 0.03883501 20.05072 1.091108 0 0.0
-0.07194409 0.01199202 1.950293 -6.346058 2.293373 1.451017 -0.08011258 20.36839 0.9232006 0 0.0
0.01106298 0.001923817 -3.647124 -5.891373 1.757591 1.160651 -0.18505 19.77276 nan 0 0.0
0.001727452 -0.07400747 0.1872797 -6.764002 2.26488 1.44662 -0.1650617 20.59184 1.229624 0 0.0
-0.04679023 -0.07617483 -5.076531 -4.110764 2.210248 1.460002 -0.147383 20.4367 0.9763184 0 0.0
0.009502229 0.002873742 -1.609837 -5.998027 0.1070759 0.0682855 -0.03491851 15.43049 1.59341 0 0.0
-0.007027093 -0.004974915 -1.62212 -5.863711 0.07076854 0.0447179 0.03409794 13.80032 1.731404 0 0.0
0.02289595 -0.1498636 -5.245952 -3.081296 0.4248099 0.2931673 -0.160392 18.41295 1.272516 1 0.0
0.1442409 0.06279982 -6.69506 -1.465223 0.2241999 0.1358889 0.04463244 17.34231 1.433651 1 0.0
-0.02284431 0.01325838 1.186587 -5.014576 2.661634 1.902386 -0.2617441 20.16039 1.185333 0 0.0
-0.02112152 0.03180464 -2.444946 -7.814985 2.784524 1.675084 -0.1026352 20.52194 nan 0 0.0
-0.1556647 0.03508675 0.3096835 -6.708429 1.452443 0.807646 0.05166229 19.78835 1.173321 0 0.0
0.00523617 0.008047552 -1.486085 -5.764457 0.4419894 0.3074825 0.2693516 18.03291 1.324293 0 0.0
-0.0001003556 -0.02375934 -2.730714 -5.287155 0.7773283 0.5129636 -0.07803613 19.22188 1.254978 0 0.0
-0.02809276 0.02195726 -1.933538 -5.890933 0.07850353 0.04507117 0.05011033 14.69511 1.519112 1 0.999828
-0.02600817 -0.01006213 -2.375399 -6.625514 1.861809 1.285641 -0.3121387 19.96934 nan 0 0.0
-0.009970123 -0.007118876 -0.5592165 -6.252634 0.3388328 0.2686907 -0.3015489 17.58406 1.387278 0 0.0
0.02333729 -0.03911936 -1.088151 -6.31437 0.9773282 0.5823969 0.1162137 19.34412 1.04608 0 0.0
-0.007012566 0.00692408 -1.631291 -5.917667 0.1786382 0.1051238 -0.06115425 16.40443 1.486704 0 0.0
0.004820272 0.02459667 -0.5637379 -7.064556 2.05225 1.401142 -0.1472431 20.43342 0.9736805 0 0.0
-0.08333231 -0.07167262 0.05140234 -4.600741 1.812346 1.114489 -0.2327913 20.09789 1.020306 0 0.0
0.03503513 -0.02990539 -1.936627 -6.98483 0.5406135 0.3520069 0.0807482 18.52194 1.135645 0 0.0
-0.01384902 -0.0183295 -2.532457 -6.555255 2.433159 1.587224 -0.3072742 20.05692 nan 0 0.0
0.01255123 0.037224 -1.367733 -6.531964 0.7236507 0.4746543 0.003805783 19.17444 1.079544 0 0.0
0.0297451 -0.02073512 -0.8967684 -5.968468 1.157386 0.7615429 -0.1193886 19.78562 0.9890194 0 0.0
-0.06817179 -0.08291941 -0.5973265 -5.245087 2.353658 1.574082 -0.2470548 20.36864 1.11982 0 0.0
0.006974226 -0.03266103 -2.789009 -8.522168 0.998908 0.6808378 -0.11479 19.15453 1.175533 0 0.0
0.02229289 -0.08376455 -1.10104 -6.438199 0.4838606 0.3417807 -0.1393874 18.52681 1.246101 1 0.9775676
-0.02217813 0.04399155 -0.6190379 -6.286491 0.7564119 0.5113457 -0.09922267 19.13138 1.045588 0 0.0
0.0002860849 -0.02371642 1.798413 -9.29521 2.206423 1.688737 -0.6515168 19.87932 nan 0 0.0
0.005457662 -0.05895379 -1.196888 -8.755679 2.15398 1.347275 -0.1360647 20.48002 1.309692 0 0.0
-0.02357017 -0.01339498 -3.260531 -6.313465 1.556235 1.21484 -0.1472618 19.78573 nan 0 0.0
0.01253628 0.03550643 -2.194067 -6.337215 0.6396606 0.4213995 0.009088599 18.98978 1.142532 0 0.0
0.1245632 -0.039575 -2.939968 -6.91889 1.411244 0.8464603 0.03163351 20.00852 1.217108 0 0.0
0.03058976 -0.1603682 -0.7761187 0.9611356 1.080789 0.7368662 -0.1110017 19.71066 1.031477 1 0.0
0.004046274 -0.03434992 -2.58064 -1.826201 1.774058 1.148398 -0.1668523 20.07049 nan 0 0.0
-0.05880356 0.01340884 -1.811351 -6.692877 1.261237 0.8262536 -0.04587402 19.7731 1.218521 0 0.0
0.02769724 0.008455182 -3.322055 0.2352112 1.574269 0.9734689 0.05482693 18.4577 1.321325 0 0.0
0.07204154 0.06619406 -9.071632 -6.090919 1.946529 1.228033 -0.1949803 20.36205 1.228823 0 0.0
0.006350211 -0.0244165 1.805986 -9.390036 3.156685 2.02456 -0.3159348 20.46387 nan 0 0.0
-0.02243398 -0.0852685 -1.807752 -5.465206 0.5588326 0.3753981 -0.08011488 18.76565 1.133327 1 0.9862673
0.03762354 -0.01483295 -0.8071097 -10.84598 1.276213 0.863298 -0.1648936 19.44755 1.210024 0 0.0
0.05601908 -0.03960145 -1.513868 -5.710734 1.631402 0.9519409 -0.1236357 20.06265 1.093506 0 0.0
-0.003133371 0.05081606 1.373293 -7.93355 2.67975 1.774064 -0.2035702 20.55017 0.8740692 0 0.0
0.008565083 -0.01644862 -1.222336 -5.941326 0.2022946 0.1307984 0.03322772 15.15192 1.455919 0 0.0
0.03739582 -0.04624694 -12.27221 -3.926825 2.204917 1.334596 -0.1147257 20.36083 1.465551 0 0.0
-0.02322829 -0.01353799 -3.756053 -6.681872 0.5072221 0.3284624 -0.04409211 18.57195 nan 0 0.0
0.005771131 0.000349481 -1.73975 -5.919797 0.6715312 0.4443486 -0.05221282 18.17469 1.161942 0 0.0
0.01805549 0.08615761 -3.05221 -4.326156 1.265126 0.7991109 -0.04450192 19.59507 1.305168 0 0.0
-0.006328839 0.009265368 0.6417291 -9.641829 0.9322213 0.5526836 -0.00854484 19.18387 nan 0 0.0
-0.01730838 -0.07264813 -1.694913 -6.115692 0.4417092 0.3023067 -0.0002201727 18.33801 1.226183 1 0.996523
0.02071338 0.04074727 -0.1762302 -5.656742 1.024407 0.5961907 0.06444544 19.46966 1.220222 0 0.0
0.0398279 0.01333061 -2.663354 -7.048914 1.022979 0.668381 -0.1936032 19.40158 1.249235 0 0.0
0.02787343 -0.01099312 -1.947883 -5.851927 0.0838655 0.0539835 -0.1112818 15.34787 1.620074 1 0.9997927
-0.09495645 0.0145525 -2.171049 -5.46512 2.890871 1.936978 -0.1857044 20.64751 0.7789135 0 0.0
0.009738603 -0.03414886 -1.513532 -6.050915 0.3932127 0.2671218 -0.1142484 18.22366 1.374899 0 0.0
-0.04612497 0.02167036 1.196339 -5.943553 1.831186 1.190307 0.01923897 20.20559 1.163538 0 0.0
0.0269677 -0.002172484 -4.623266 -4.593519 2.274064 1.736322 -0.4349685 20.2301 nan 0 0.0
-0.04244609 -0.01925783 -2.24483 -6.530959 0.7120031 0.4863286 -0.01457441 18.94813 nan 0 0.0
-0.05028762 0.02271668 -3.51961 -5.690984 1.361533 0.9041856 0.03417768 19.84515 0.8915958 0 0.0
-0.03011313 0.01056729 -3.675717 -5.047961 1.828009 1.312638 0.05806662 20.14697 nan 0 0.0
-0.007249725 -0.01624449 -2.921937 -5.949118 0.4646915 0.2959641 -0.07298084 18.39621 1.188034 0 0.0
0.008476376 -0.00263369 -0.773788 -7.002118 0.6563079 0.4916337 -0.06312039 18.37832 nan 0 0.0
0.04507031 -0.09548258 -1.53267 -14.8353 3.871402 2.062965 -0.2022152 20.72175 1.084919 0 0.0
-0.02147735 0.02070956 -2.610664 -6.111614 0.377062 0.2690032 0.01215294 18.11412 1.400488 0 0.0
-0.005050733 0.02356098 -1.764723 -5.814425 1.289451 0.7731125 0.1241056 19.69032 nan 0 0.0
-0.006432882 0.008795204 -1.862467 -5.461413 0.6035153 0.4744084 -0.3295903 18.5706 nan 0 0.0
0.02363589 -0.02501741 -3.78124 -5.620675 2.98349 1.480993 0.3641224 20.15739 nan 0 0.0
-0.007175668 -0.007268506 -1.696011 -7.845874 0.3858989 0.2190641 0.3665857 15.16041 1.581911 0 0.0
-0.002374991 0.03679897 -2.247674 -5.578288 1.370295 0.8371612 -0.07774699 19.81102 1.00639 0 0.0
-0.006492637 0.02001327 -1.908952 -5.541726 1.790406 1.026492 -0.1506558 19.90573 0.9204559 0 0.0
-0.02265385 0.04369586 -1.196684 -6.317944 1.540399 0.9996483 -0.2368754 19.74302 nan 0 0.0
0.004447805 -0.02079727 -3.579037 -4.015574 1.067689 0.6834964 0.07829431 19.15361 nan 0 0.0
-0.02645829 0.02922253 1.486046 -6.27311 3.043465 1.467889 0.1940529 20.45584 0.4192791 0 0.0
-0.09951881 0.01129009 -3.297818 -5.499226 0.4599216 0.3053573 -0.02387699 18.34023 1.310003 1 0.6583017
0.01675631 0.004538472 5.169143 -14.25455 2.514941 2.187636 -0.6909533 19.98379 nan 0 0.0
0.02321142 0.04493273 -1.616947 -5.570998 0.4895968 0.3451818 -0.1095107 18.56193 1.324295 0 0.0
0.0487574 -0.009753719 -1.353773 -5.643719 0.4406254 0.2869333 -0.07722133 18.46417 1.271776 1 0.9947487
-0.03552204 -0.003430509 -1.647073 -8.161827 1.556169 1.228219 -0.3943525 19.828 0.9276867 0 0.0
-0.02573107 0.04100239 -3.079788 -5.765578 0.944447 0.609999 0.07323272 19.35455 1.15189 0 0.0
-0.02735933 -0.02322679 -2.087878 -8.676795 2.243176 1.498191 -0.3791627 20.20511 nan 0 0.0
-0.002389859 0.03699542 0.61753 -4.45222 2.238744 1.040695 0.2468126 19.93524 1.468933 0 0.0
0.01278546 -0.03319437 -2.671659 -5.258639 0.5415404 0.3681132 -0.1503188 18.6718 1.294756 1 0.987073
0.02234013 0.1103138 -1.620053 -6.193439 0.5762204 0.302955 0.3471083 18.43284 1.335009 1 0.9862045
-0.1100576 -0.08997072 -12.62178 -8.383439 1.208619 0.7333127 0.1297682 19.79415 1.425323 0 0.0
0.1204446 0.1095635 -3.699468 -2.294079 0.4264299 0.2550529 -0.01385459 18.42124 1.305229 1 0.0
-0.04374885 0.03528067 -2.653624 -6.56768 3.449634 2.09588 -0.06307155 20.71142 0.9868488 0 0.0
0.06147417 0.02283813 -6.047446 -6.472155 2.021628 1.064539 0.1336189 20.28789 nan 0 0.0
-0.02077504 -0.02230967 -2.3677 -6.973376 1.602217 1.085376 -0.240201 19.77755 nan 0 0.0
-0.05648562 0.01802803 -1.611538 -6.553596 0.7851703 0.5340758 0.155824 18.89742 nan 0 0.0
-0.03378002 -0.02453126 -2.622553 -6.605967 1.133276 0.7581158 -0.2568087 19.59373 0.9971447 0 0.0
-0.02635193 0.007596068 2.608502 -8.512889 0.6576434 0.4868744 -0.48972 18.59607 nan 0 0.0
-0.007220749 0.009432237 -2.923795 -5.538281 1.549777 1.35705 -0.8614202 18.54251 nan 0 0.0
-0.03968355 -0.006522 -1.951778 -6.001483 0.0581307 0.03624521 0.03327285 13.48152 1.857376 1 0.9998624
0.02305627 -0.02461681 -1.673239 -6.381765 0.9649327 0.6133377 -0.01663911 19.45633 1.394957 0 0.0
-0.03467808 -0.0854864 -0.7531093 -5.780158 1.337246 0.8734267 -0.01731681 19.88339 1.087317 0 0.0
-0.06044131 0.0239065 -2.982479 -8.530371 2.48307 1.602812 0.1198877 20.43626 1.123272 0 0.0
0.1030564 -0.007061962 0.8932373 3.323636 1.562313 0.8173226 0.2006691 19.96782 1.291498 1 0.0
-0.06974398 -0.04082374 -4.998504 -7.463053 3.092693 1.871599 -0.2334595 20.63396 1.005875 0 0.0
-0.1242833 -0.07889102 0.9352048 -6.449203 2.419606 1.404468 0.1139339 20.52013 1.127167 0 0.0
-0.02592087 0.007813552 -2.453336 -6.418107 0.2938057 0.1989433 -0.08165713 17.69914 1.439241 0 0.0
0.0003455658 -0.003387902 0.1563992 -5.929174 1.074216 0.5816767 0.660522 18.05298 nan 0 0.0
0.02704013 -0.01946356 -2.097462 -5.782015 0.4370113 0.2909496 -0.09819237 18.46296 1.352764 0 0.0
-0.00692345 0.009533335 -2.087906 -9.17823 0.7194131 0.5131473 -0.3477287 18.17794 1.395086 0 0.0
0.05072417 -0.1308182 -5.254997 -4.673071 1.671315 1.1333 -0.1732346 20.28909 1.113729 0 0.0
-0.02989209 0.02661384 -2.126006 -5.971586 0.0633748 0.04088543 -0.02329927 14.45238 1.73673 1 0.9996131
-0.03947258 -0.02443578 -2.695013 -5.786941 0.8143037 0.5380542 -0.149727 19.18246 1.172344 0 0.0
0.008699597 0.004639976 -1.589802 -6.189153 0.1724451 0.1067064 0.0481277 16.66152 1.520219 1 0.998783
-0.005197912 -0.04677536 -3.318399 -6.352939 1.74925 1.179949 0.06856213 20.25802 0.8175488 0 0.0
0.003512224 0.03588152 -1.787284 -6.371508 0.7965132 0.5220976 -0.004496546 19.2032 1.091719 0 0.0
0.006276448 -0.002704197 -1.920649 -6.171211 0.5118973 0.3336754 -0.2391999 18.37577 1.238237 0 0.0
0.03486523 0.03001399 -0.9818448 -5.658153 0.6114844 0.4051764 -0.07620438 18.84758 1.29114 1 0.9910312
0.08453025 -0.1097084 -1.387281 -3.470134 1.756231 1.244591 -0.2463822 20.24584 1.368795 0 0.0
0.06148867 -0.03830575 -1.022932 -6.200262 1.747546 0.8810792 -0.09094807 19.96617 nan 0 0.0
0.02724837 -0.01806073 -2.089387 -6.188002 2.038329 1.270284 -0.1261511 20.20741 nan 0 0.0
-0.02495261 -0.01229553 -3.038578 -4.17449 1.181498 0.7809558 -0.2154664 19.50212 nan 0 0.0
0.02995552 -0.001556755 1.198158 -4.193016 1.929009 1.192325 0.1428229 19.2622 nan 0 0.0
0.1308792 -0.04030305 2.899124 -1.380251 0.6338136 0.34601 0.1409354 18.89573 1.995132 1 0.0
0.08377525 -0.0143684 5.769941 -9.849996 4.207536 2.641565 -0.2785895 20.89886 1.759445 0 0.0
0.009857453 -0.03540008 -3.04657 -6.436779 1.21035 0.7136302 -0.03568259 19.66798 1.107882 0 0.0
0.005383789 -0.03923276 -2.11071 -6.207618 0.2066614 0.1383671 -0.1448796 17.17852 1.483467 1 0.9988967
-0.02170111 0.02947095 0.6995803 -6.30031 2.118039 1.242002 0.02536767 20.23992 0.963438 0 0.0
0.0352753 -0.01336394 -3.783147 -5.062585 0.7948722 0.5471452 -0.1813893 19.07411 1.138218 0 0.0
0.02927171 -0.001886644 0.05274243 -8.435814 1.399795 1.005025 -0.09528142 19.50214 nan 0 0.0
-0.02178583 -0.02126549 -5.423267 -7.483311 2.487913 1.691324 -0.004473154 20.14352 nan 0 0.0
0.0185849 0.007435603 1.623402 -7.517228 1.564147 1.188193 -0.4145265 19.89233 1.175537 0 0.0
0.03869435 -0.01079049 -2.663086 -6.190699 0.7871231 0.5182568 -0.06976383 19.31688 1.152187 0 0.0
0.08807569 -0.04241746 -1.436526 -6.62153 1.688692 0.9712943 0.07464155 20.29715 1.420052 0 0.0
-0.007607672 0.02343789 -6.043549 -1.586736 1.908434 1.287108 -0.01802378 19.90818 1.026495 0 0.0
-0.009805648 -0.03152053 -4.630959 -3.061765 1.534894 1.023848 -0.01350266 19.94472 1.074371 0 0.0
-0.02979752 -0.01792846 -0.845847 -5.249207 1.803985 1.065979 -0.1209784 19.55557 nan 0 0.0
0.02977703 -0.002473214 -0.4160367 -8.328978 1.598102 1.08345 -0.2106865 20.00051 1.141903 0 0.0
0.004850054 0.02715633 -1.869692 -5.523965 0.8185504 0.5566256 -0.08424049 19.29916 1.302683 0 0.0
0.03317611 -0.03867131 2.617358 -9.58483 3.690855 1.880067 0.2296979 20.61874 1.148815 0 0.0
-0.05374408 -0.01083241 -2.632653 -5.408988 0.9669251 0.6451377 -0.1179794 19.48273 1.213346 0 0.0
0.04564206 0.02323352 -1.704038 -6.098372 0.3711574 0.2259057 0.03131627 18.26044 1.347855 0 0.0
-0.003594159 0.04340315 -2.444832 -5.836158 0.2268649 0.1491739 -0.04831013 17.35048 1.491289 1 0.9966772
0.00831289 -0.001959437 0.8096709 -6.476171 1.052099 0.8624183 -0.2728524 19.04684 nan 0 0.0
-0.03447073 0.0256939 -0.4589629 -4.495118 2.330652 1.657486 -0.05010646 20.50979 nan 0 0.0
0.01751431 0.003032567 -3.020194 -6.512565 1.145854 0.7921908 -0.4741895 19.37589 nan 0 0.0
-0.05579664 -0.07046515 -6.294898 -4.710963 2.367111 1.48236 -0.194258 20.56105 1.130072 0 0.0
-0.0384713 0.03600348 -1.070682 -4.594567 0.5822621 0.370016 0.03322789 18.73785 1.204203 1 0.4542329
-0.009227081 -0.002748158 -2.365317 -6.086523 0.349473 0.2265863 0.08300711 17.80375 1.3566 0 0.0
0.0431095 -0.007520118 -0.8450763 -6.17414 0.7982334 0.5418261 -0.04033129 19.30794 1.130949 0 0.0
-0.0157115 0.05334758 1.185184 -5.170102 1.421243 0.9353944 -0.03468519 19.87735 1.170618 0 0.0
0.01070245 -0.08492344 -2.628927 -5.612592 0.6184283 0.4248579 -0.3523219 18.73167 1.283941 0 0.0
-0.138102 -0.08048145 0.8409734 -2.228904 1.1322 0.7813016 0.09168258 19.69829 1.146948 1 0.0001687227
-0.0346879 -0.01575377 -4.615465 -5.680627 3.386812 2.4018 -0.5869977 20.45415 nan 0 0.0
