data/gcs/NGC_6441.ecsv
# %ECSV 0.9
# ---
# datatype:
# - {name: x, unit: deg, datatype: float64}
# - {name: y, unit: deg, datatype: float64}
# - {name: pmx, unit: mas / yr, datatype: float64}
# - {name: pmy, unit: mas / yr, datatype: float64}
# - {name: pmx_e, unit: mas / yr, datatype: float64}
# - {name: pmy_e, unit: mas / yr, datatype: float64}
# - {name: pm_corr, datatype: float64}
# - {name: g_mag, unit: mag, datatype: float64}
# - {name: bp_rp, unit: mag, datatype: float64}
# - {name: filter, datatype: int64}
# - {name: memberprob, datatype: float64}
# meta: !!omap
# - comments: [deg deg mas/yr mas/yr mas/yr mas/yr dimless mag   mag   zeroone float]
# - __serialized_columns__:
#     bp_rp:
#       __class__: astropy.units.quantity.Quantity
#       unit: &id001 !astropy.units.Unit {unit: mag}
#       value: !astropy.table.SerializedColumn {name: bp_rp}
#     g_mag:
#       __class__: astropy.units.quantity.Quantity
#       unit: *id001
#       value: !astropy.table.SerializedColumn {name: g_mag}
#     pmx:
#       __class__: astropy.units.quantity.Quantity
#       unit: !astropy.units.Unit {unit: mas / yr}
#       value: !astropy.table.SerializedColumn {name: pmx}
#     pmx_e:
#       __class__: astropy.units.quantity.Quantity
#       unit: !astropy.units.Unit {unit: mas / yr}
#       value: !astropy.table.SerializedColumn {name: pmx_e}
#     pmy:
#       __class__: astropy.units.quantity.Quantity
#       unit: !astropy.units.Unit {unit: mas / yr}
#       value: !astropy.table.SerializedColumn {name: pmy}
#     pmy_e:
#       __class__: astropy.units.quantity.Quantity
#       unit: !astropy.units.Unit {unit: mas / yr}
#       value: !astropy.table.SerializedColumn {name: pmy_e}
#     x:
#       __class__: astropy.units.quantity.Quantity
#       unit: &id002 !astropy.units.Unit {unit: deg}
#       value: !astropy.table.SerializedColumn {name: x}
#     y:
#       __class__: astropy.units.quantity.Quantity
#       unit: *id002
#       value: !astropy.table.SerializedColumn {name: y}
# schema: astropy-2.0
x y pmx pmy pmx_e pmy_e pm_corr g_mag bp_rp filter memberprob
[from data line 15743]
-0.1560237 0.005654544 -13.17635 -13.25242 2.207436 1.766107 0.8224476 19.63035 nan 0 0.0
-0.1611939 -0.02577036 -0.9638023 -2.940417 1.091787 0.8632359 0.734411 19.03295 nan 0 0.0
-0.1409012 -0.005477699 -4.51754 -7.278139 0.1437426 0.1145778 0.01738601 16.58653 1.864983 1 0.0
0.007384967 -0.07980249 -5.362084 -5.464529 0.261554 0.1999071 0.04200667 17.44972 1.678837 0 0.0
0.01010914 -0.08606653 2.058868 -6.428003 0.6563538 0.5850159 -0.2821555 18.80724 1.866438 0 0.0
0.01699833 -0.06712399 0.9508891 -0.7771464 1.708673 1.229444 0.6109253 19.74376 nan 0 0.0
-0.1167461 0.01322483 -3.122385 -6.617395 0.9697832 0.7826773 0.4904012 19.29251 1.26062 0 0.0
-0.1553357 -0.009187063 2.01366 -5.97588 1.045449 0.844185 0.4461513 19.45701 1.289377 0 0.0
0.02177867 -0.02964582 -4.237132 -5.947784 0.3804669 0.29939 0.2970122 17.50803 1.565826 0 0.0
0.02747108 -0.04256805 -3.093773 -7.837163 1.59029 1.234006 0.5654952 19.64878 1.021458 0 0.0
0.006532409 -0.09129989 -3.002225 -7.333848 0.1099409 0.08764938 0.06999278 16.18489 1.733258 1 0.0
0.03311349 -0.05406017 -3.529261 -7.318729 0.391998 0.3080092 -0.0430244 16.44209 1.745531 0 0.0
-0.1587855 0.02174306 -5.404515 -6.973698 0.2788848 0.220362 0.3888596 17.21982 1.571819 0 0.0
-0.1160888 -0.002456404 -2.419487 -2.231455 1.628465 1.349756 -0.03094765 20.01573 nan 0 0.0
-0.02840339 -0.08434693 -0.9791279 -3.380523 0.4560377 0.3748337 0.1118643 17.81501 1.341532 0 0.0
0.01905058 -0.03470719 -4.190923 -6.565756 0.2178076 0.175632 -0.01008129 16.91686 1.824655 0 0.0
0.02503753 -0.04045768 -2.643622 -5.51742 0.2375365 0.1870204 0.3514747 17.36749 1.554331 0 0.0
-0.148432 -0.02762497 -2.480546 -5.730965 0.5749125 0.4713153 0.009043914 18.9171 1.49914 0 0.0
-0.1617451 -0.007068033 -3.689125 -5.138149 0.5478617 0.4238784 -0.1657363 18.65832 nan 0 0.0
-0.149124 0.02719861 -3.972851 -4.915278 0.3479431 0.308482 0.2730718 17.45198 1.542524 0 0.0
-0.006556576 -0.07742204 0.3933142 -7.067685 1.545705 1.228657 0.4107801 19.64206 1.13257 0 0.0
-0.1410553 -0.01427088 -3.343125 -8.138037 1.196095 0.9599912 0.5309786 19.40327 1.123837 0 0.0
-0.1433796 0.004393928 -5.135727 -0.1710531 0.9581662 0.7635391 0.418744 17.7656 1.604559 0 0.0
0.02873501 -0.04750092 3.159922 -4.151695 2.433949 1.797473 0.535338 19.73408 nan 0 0.0
-0.1517656 0.04446635 1.192203 0.4152221 1.337704 1.086002 0.4446507 19.3834 nan 0 0.0
-0.1646667 0.003748005 -1.435902 -5.06175 0.1790122 0.1363975 -0.04992113 16.46781 2.215381 0 0.0
0.02715312 -0.0467641 -2.968145 -5.270106 0.2478849 0.188185 0.06192009 17.36392 nan 0 0.0
-0.1564088 0.003391631 -2.376 -5.331039 0.1202797 0.09503287 -0.0003924584 16.09683 1.755898 1 0.7798024
-0.1392065 0.02664142 1.587015 -9.525888 1.955407 1.577357 0.781869 19.71506 0.2296619 0 0.0
-0.03375573 -0.08442161 2.358827 -5.67998 1.284755 1.031774 0.4538666 19.38149 1.37055 0 0.0
-0.1467068 0.01192924 -8.07259 -8.514733 1.324228 1.039834 0.2654206 19.61291 1.017984 0 0.0
-0.1442672 0.02284778 0.91107 -1.955645 0.1565542 0.1251327 0.02164487 15.72105 1.873616 0 0.0
-0.1654124 -0.000522273 -1.429456 -6.122459 0.2535791 0.2007382 0.1865683 17.1037 2.103841 0 0.0
0.01547023 -0.04277828 -2.119483 -6.215038 0.3725661 0.2986033 0.244566 17.93693 1.588364 0 0.0
-0.03388272 -0.07248167 -2.608424 -3.967836 0.2886672 0.2292846 0.1921693 17.80737 1.615582 0 0.0
-0.1293682 -0.01331926 -1.608744 -5.308999 1.379092 1.093881 0.4580057 19.71091 nan 0 0.0
-0.1410408 -0.008953154 2.943943 -3.875682 1.021006 0.8282928 0.4297039 19.46133 nan 0 0.0
-0.1448879 -0.009360945 -1.10321 -9.213436 0.8792211 0.7168581 0.4033834 19.24573 1.09766 0 0.0
0.02891123 -0.03219261 -1.063348 -4.883808 0.7353711 0.5685443 0.3137415 18.90792 nan 0 0.0
-0.009108172 -0.1038238 -3.296764 -2.06358 0.9806429 0.7714143 0.3724029 19.46766 1.110615 0 0.0
0.03090505 -0.03841898 -0.008900576 -8.596788 0.3878768 0.2950329 0.1277379 18.06609 1.304291 0 0.0
-0.02210323 -0.08078573 -5.719576 -6.144601 2.008283 1.381578 0.5105653 20.07996 1.1924 0 0.0
-0.1321759 -0.02316604 -1.52503 -2.966781 1.197948 0.9086363 0.1115009 19.36706 nan 0 0.0
0.01037859 -0.07263884 -4.93125 -4.414997 1.883875 1.438916 0.4574038 19.69304 1.417219 0 0.0
-0.1561305 0.01018238 -1.336154 -5.433261 1.023683 0.7790387 0.3575017 19.17651 1.348843 0 0.0
-0.0167802 -0.05702263 1.555062 -6.677224 1.571296 1.217752 0.4417445 19.54413 1.97414 0 0.0
-0.03507651 -0.0692855 -1.914908 -0.5233096 0.205163 0.1624321 0.295031 17.17355 1.655495 0 0.0
-0.02522709 -0.05194761 0.5814841 -2.209481 0.4062624 0.3455061 0.06383554 18.29648 1.014994 0 0.0
0.01135406 -0.0582347 1.265362 -4.920189 1.587226 1.10757 0.4717879 19.59 0.7336311 0 0.0
-0.1300276 -0.02642771 -2.198379 -1.731137 0.6637784 0.5356165 -0.0003201635 18.66714 0.9396 0 0.0
-0.1605834 0.04246076 1.111524 -3.443251 0.1970398 0.1526324 0.05653296 17.03685 1.726955 1 0.0
-0.1497528 0.02478647 -2.508648 -2.838305 0.1639377 0.1240122 0.09472846 16.4321 1.702091 0 0.0
-0.02986883 -0.06988981 -0.4254217 -2.015439 0.1283525 0.1023242 0.1561884 16.44034 1.339145 0 0.0
0.01464023 -0.05498895 -4.708354 -8.434839 0.1486831 0.119115 0.1442191 16.59187 1.763769 1 0.0
0.001156198 -0.09149799 -4.956886 -5.143401 1.522119 1.290791 0.3922941 19.89789 nan 0 0.0
-0.1547426 0.01048658 -1.009699 -2.57661 0.4750946 0.3778558 0.1539235 18.14866 nan 0 0.0
-0.1409144 0.04103496 -2.273196 -1.462559 0.9331239 0.793916 -0.01992166 18.46575 nan 0 0.0
-0.04140327 -0.0693421 -0.7337603 -2.597554 0.4427808 0.3414724 0.1990809 18.47095 1.282282 0 0.0
0.002980444 -0.09794868 -2.762855 -0.2410696 0.1299339 0.1025625 0.1646748 16.32744 1.979656 1 0.0
-0.002347913 -0.0569674 2.356297 -7.367881 2.588388 1.931403 0.4571206 20.04314 nan 0 0.0
-0.1460896 -0.03024494 -5.372912 -5.766431 1.836829 1.518968 0.2510427 19.94762 0.9674416 0 0.0
0.02301391 -0.05081776 -8.310713 -5.901796 2.3694 1.799015 0.6374372 20.01796 nan 0 0.0
-0.1537588 -0.01819037 -7.326672 -2.94836 2.109957 1.614597 0.5598115 19.83821 nan 0 0.0
-0.1185199 0.0103229 -0.2535722 -3.386662 1.057162 0.8214141 0.4671779 19.43532 1.083889 0 0.0
0.0225483 -0.06140721 2.398408 0.566793 0.9353193 0.7179106 0.5109252 19.24251 1.781437 0 0.0
-0.04434558 -0.07289143 -7.27024 -7.914612 1.815301 1.457144 0.8489076 19.41091 0.7893524 0 0.0
-0.01777435 -0.07277755 1.073303 -9.759847 1.217423 1.157877 -0.06368586 19.07244 1.284639 0 0.0
0.01843358 -0.0691423 -0.5807458 -7.617396 0.07403655 0.05905737 -0.01396352 14.96612 1.66582 1 0.0
-0.007701927 -0.05987456 -4.572142 -5.04122 1.480739 1.189385 0.4577704 19.19272 1.445332 0 0.0
-0.006803736 -0.03456778 -5.087118 -7.744565 0.89443 0.7066963 0.5637231 18.93386 nan 0 0.0
-0.1659847 0.00502306 -7.62298 -9.954985 1.591389 1.287054 0.2132059 19.72515 0.970871 0 0.0
-0.164546 0.01551282 0.3599094 -3.34632 1.146418 0.9652628 0.3950836 19.54495 1.10236 0 0.0
-0.1434753 -0.009392594 -0.4799508 -2.673293 1.331315 1.097382 0.3446456 19.62751 1.131226 0 0.0
-0.1359937 -0.01234284 -3.031747 -4.108888 0.152878 0.1216327 0.005507315 16.71644 1.708811 1 0.0
-0.1547023 0.0504991 1.703983 4.394788 1.262604 1.007768 0.4767548 19.36713 1.298223 0 0.0
-0.1274864 0.02616991 -2.598115 -1.273563 0.391381 0.3258596 0.3136334 17.57432 1.607462 0 0.0
0.037083 -0.04934704 -2.109964 -3.385995 1.749239 1.386174 0.5417006 19.67367 nan 0 0.0
-0.02058163 -0.03957515 -5.488477 -5.64955 0.3995417 0.3204407 0.223223 14.00052 4.92223 0 0.0
-0.1609409 0.004167985 -4.696608 -4.716003 0.2364965 0.1863789 0.1171132 16.94255 1.7381 0 0.0
-0.01060098 -0.03865375 1.040153 -8.743775 0.8740006 0.6988453 0.2536333 17.31665 1.482942 0 0.0
0.03856794 -0.04899683 -1.271805 -2.715972 1.13478 0.8513143 0.52865 19.32355 0.8757877 0 0.0
-0.1220889 0.01812976 -3.103459 -10.60934 0.9811231 0.7946917 0.5174411 19.40938 1.163958 0 0.0
-0.1443104 0.007154009 -3.282942 -4.172275 0.2743253 0.2217645 0.01372379 16.76627 1.737415 0 0.0
0.04210902 -0.02787292 -2.488457 -5.870231 0.6046273 0.4676201 0.2274686 18.45338 1.884995 0 0.0
-0.0142519 -0.0420151 -10.19159 -8.002322 2.198603 1.946153 0.3641537 19.60221 nan 0 0.0
-0.03110251 -0.08774689 -4.331328 -8.834791 0.6159597 0.4862901 0.252282 18.98429 0.9507523 0 0.0
-0.1365387 -0.03422496 -1.469357 -5.051731 1.035094 0.8664936 0.4248818 19.36256 0.6600742 0 0.0
-0.002419708 -0.09507238 -2.681608 -3.815166 0.3953214 0.3359601 -0.4746503 17.81039 1.475588 0 0.0
-0.006631397 -0.05655948 -1.151824 -4.816293 0.2868331 0.2271724 0.2616101 17.54486 1.563551 0 0.0
-0.1568703 -0.02080218 -11.66423 -8.810131 1.637733 1.400582 0.243007 19.55588 1.096144 0 0.0
0.01020787 -0.07557614 -0.4040607 -0.06196418 0.3991279 0.318879 0.07883165 18.13074 1.362469 0 0.0
-0.1440037 -0.02609437 -3.078472 -3.917178 0.4708704 0.3715217 0.4720695 17.14453 1.620302 0 0.0
-0.01451064 -0.08908848 -1.231436 -4.66159 1.465434 1.314907 0.217999 19.89329 0.7720337 0 0.0
-0.1076791 -0.007471782 -0.4118627 -6.241623 1.601451 1.680696 0.03232601 19.50225 nan 0 0.0
-0.1133602 -0.01922934 -5.550705 -3.28305 0.8297707 0.7536213 -0.2405557 18.93696 1.193645 0 0.0
-0.1503772 0.007916617 -4.795872 -5.306609 0.2486881 0.1977786 0.2479552 17.16527 1.660282 0 0.0
-0.1216941 0.01498326 -4.657685 -6.386019 1.023489 0.7655645 0.4990743 19.41253 0.9386292 0 0.0
-0.1417474 0.004255849 -1.201291 -4.468804 0.1226605 0.09745647 0.007521216 16.24223 1.749957 1 0.0
0.002300294 -0.06707634 1.446365 -9.226581 0.5521511 0.4593598 0.1109379 18.32758 nan 0 0.0
0.03085675 -0.03745384 -9.653833 -7.004987 2.025534 1.551743 0.4378688 19.5237 1.166929 0 0.0
0.01208346 -0.06273996 -6.192154 -6.215718 1.426526 1.056761 0.5257934 19.76799 0.7881145 0 0.0
-0.1353901 0.03155784 -4.849122 -5.901599 1.539697 1.143077 0.7655918 19.21381 1.233582 0 0.0
-0.01587573 -0.07598147 -3.379228 -7.177637 2.449592 2.340337 -0.1934421 19.91591 nan 0 0.0
-0.0004981875 -0.06537496 -3.16528 -5.236106 0.2710889 0.2147225 0.2939449 17.52423 1.699259 0 0.0
-0.0134709 -0.0534476 -2.593109 -5.45038 2.430077 1.812809 0.5280061 19.95099 nan 0 0.0
-0.1389037 -0.005691455 -3.204686 -5.034822 1.358878 1.100338 0.3850173 19.79414 0.850687 0 0.0
0.04894555 -0.0356323 -5.454044 -4.749839 1.413892 0.9816407 0.3255639 19.29705 nan 0 0.0
0.04844391 -0.02061733 6.002499 -2.981235 0.8640409 0.6743471 0.1903384 18.52602 nan 0 0.0
-0.01232873 -0.04266707 -3.997486 -5.821202 0.09963007 0.07975713 0.1124215 15.42471 2.123306 1 0.0
-0.03860036 -0.07820597 -1.992241 -3.537069 1.407597 1.100452 0.4289995 19.53881 nan 0 0.0
-0.138678 -0.03591112 -5.192334 -4.84057 1.051176 0.8840943 0.1504851 19.31014 1.085228 0 0.0
-0.1332898 0.02883405 1.071442 -3.410821 0.1945884 0.1531116 0.03613774 16.50985 1.534081 0 0.0
0.02087802 -0.0290047 1.263707 -4.410928 1.599574 1.305521 0.08581587 19.05809 1.311674 0 0.0
0.008869111 -0.07990564 -8.307438 -0.9905152 1.720187 1.509549 0.08677058 19.67388 nan 0 0.0
-0.02245333 -0.04880724 -7.619243 0.521013 1.985792 1.87924 -0.1367268 19.8689 nan 0 0.0
0.02447655 -0.04383732 0.6930306 -2.330887 1.272316 0.9610527 0.4346488 19.54312 1.030655 0 0.0
-0.005925161 -0.06214033 -1.615942 3.911781 0.3389268 0.2669405 0.1605088 18.1995 1.489147 0 0.0
-0.1370716 -0.008774218 -2.393337 -3.788832 1.12641 0.9462075 0.3265473 19.57372 nan 0 0.0
-0.1456563 0.02307401 0.2050274 -8.693265 2.148759 2.086218 -0.09813053 19.88501 nan 0 0.0
0.01991816 -0.06831107 0.4072091 -6.168536 0.275853 0.2133859 0.1723531 17.73367 1.535601 0 0.0
0.04293759 -0.02651535 -1.91524 -0.8668348 1.176715 1.004611 0.4796318 19.23331 1.271923 0 0.0
-0.007017423 -0.09300129 -3.742444 -14.17239 1.617906 1.374553 0.5433904 19.72108 1.412516 0 0.0
0.03139126 -0.0400061 -1.254078 -4.031538 0.4087684 0.322397 0.4207762 18.00512 nan 0 0.0
0.04142798 -0.02663658 -3.26419 -9.905111 0.2400661 0.1918319 0.02878619 14.2414 4.652086 1 0.0
0.01721697 -0.06876436 -2.851105 -7.857685 2.076776 1.697311 0.3442667 19.32794 1.284096 0 0.0
-0.1168764 0.01875213 -5.295238 -6.003853 0.4208743 0.3358389 0.145489 18.40004 1.194908 0 0.0
-0.01497943 -0.05588166 0.8494579 -1.991204 2.247625 1.56608 0.1838477 19.76306 nan 0 0.0
-0.1431331 -0.02300281 -15.29011 -9.927312 0.9779576 0.756647 0.41037 19.3114 0.9018974 0 0.0
-0.1172918 0.01954495 -0.90298 -8.072341 0.8476056 0.6802737 0.5008451 19.20839 1.405718 0 0.0
-0.1383053 -0.01331214 -3.180842 -6.190619 1.262881 1.016521 0.5876109 19.20124 nan 0 0.0
-0.01888963 -0.08887582 0.9093831 -3.209711 0.3553722 0.2834221 0.2430029 18.15924 1.584246 0 0.0
-0.1430908 -0.00665291 -11.12809 -7.67447 1.123999 0.9512447 0.4246926 19.47588 nan 0 0.0
-0.01288603 -0.05776192 -0.8307897 -5.124319 0.9065055 0.6749784 0.2610365 19.04001 nan 0 0.0
0.04928899 -0.03161184 -4.564578 -4.211345 0.144088 0.1130166 0.01260077 16.66842 1.733312 1 0.0
-0.04011339 -0.06968854 -0.3321048 -8.047313 0.4731565 0.3773043 0.2337361 18.40463 1.340641 0 0.0
-0.1544597 0.039086 1.07501 -2.246518 2.187898 1.598907 0.5889275 20.01724 0.9497223 0 0.0
-0.008384163 -0.05260382 -2.982914 -5.110316 0.5044542 0.3957759 0.3205154 18.49293 1.298407 0 0.0
-0.1534348 0.02632789 -1.650954 -4.884245 1.91548 1.419584 0.2634611 19.96138 0.7793045 0 0.0
-0.1183267 0.01140277 -3.256411 -9.640351 1.654774 1.296015 0.3112619 19.84935 1.009115 0 0.0
0.03078255 -0.04034154 -2.763539 -4.946532 0.267433 0.2091583 0.08369601 17.60441 1.518106 0 0.0
0.02101588 -0.05862967 -0.1683455 -3.928379 0.7574515 0.5945769 0.4142868 19.16104 1.415962 0 0.0
-0.02417613 -0.06562295 -7.345118 4.126806 1.185617 1.034687 0.2860829 19.31903 nan 0 0.0
-0.1428894 -0.01015061 -4.211391 -5.156024 0.8837559 0.7145296 0.4314084 19.2465 0.9353485 0 0.0
-0.009210679 -0.06096191 -2.5471 -6.891648 1.708273 1.395799 0.5865157 19.58642 nan 0 0.0
0.04546274 -0.03817454 -3.785471 -9.100489 0.1350702 0.1077403 0.04465952 16.01653 1.817161 0 0.0
-0.1572391 0.004412256 -7.22547 -6.915306 0.6751441 0.5310945 0.07949334 18.71616 0.9011021 0 0.0
-0.1443097 0.03238828 0.7179223 -8.915215 1.372307 1.174225 0.1400195 19.67694 0.818655 0 0.0
-0.1183655 0.02068769 -1.032319 2.380452 1.258662 1.040445 0.3723813 19.68636 0.6779823 0 0.0
-0.1510823 0.04403665 -0.941086 -10.89431 1.513446 1.205038 -0.05366423 19.90668 nan 0 0.0
-0.1431671 -0.03075435 -1.457511 -3.75817 0.3214931 0.2513062 0.2103433 17.76153 1.453537 0 0.0
-0.1441322 0.003103132 0.989091 -2.739657 1.681472 1.489615 0.4186093 19.56848 0.9067688 0 0.0
-0.005221299 -0.03477746 -0.6809398 -5.097661 0.1668119 0.1319859 0.2820215 16.73065 1.649257 0 0.0
-0.1403861 0.005707967 -4.799437 -6.180964 1.584366 1.281735 0.4897891 19.59269 0.9326115 0 0.0
-0.1280413 -0.02036658 0.09616606 -5.245179 0.9266474 0.7453938 -0.04703268 18.82801 1.115644 0 0.0
-0.1377691 -0.01359727 1.417973 -10.39078 1.354884 1.016355 0.3528257 19.23 0.6547642 0 0.0
0.02892883 -0.04986611 -3.703859 -5.98183 0.4856485 0.3796914 0.3510321 18.27075 nan 0 0.0
-0.00585385 -0.04017149 0.9646915 -10.34917 1.380982 1.269174 0.1750567 19.61172 0.6868649 0 0.0
0.04703112 -0.02144423 -0.5820239 2.09165 0.06060742 0.04818718 0.07186165 13.66849 2.171484 1 0.0
-0.1410356 0.05384069 -2.313525 -2.580807 0.1317185 0.1041913 0.08055699 16.56431 1.374631 1 0.0
0.05065278 -0.03097568 -3.816981 -6.085097 0.1704621 0.1364122 -0.02794418 14.43865 3.572253 1 0.0
0.003103364 -0.06631343 -1.27866 -4.372337 1.014389 0.7969136 0.5063667 19.31114 1.370056 0 0.0
-0.1525385 0.04100868 -0.3666656 -5.897772 0.3312255 0.2654862 0.1773999 17.40076 1.681118 0 0.0
-0.01108969 -0.02608058 -1.183139 -5.327036 0.3430357 0.272108 0.2255274 17.93762 nan 0 0.0
-0.1304401 0.001075589 2.325787 -6.620345 1.804932 1.34781 0.09167774 19.72227 nan 0 0.0
-0.1195529 0.01662317 -1.827024 -4.076586 0.3785438 0.3017086 0.1545943 18.34381 nan 0 0.0
-0.03480537 -0.07683084 -3.052233 -4.38184 1.710675 1.306357 0.6653831 19.7131 1.615915 0 0.0
-0.1382433 -0.007265721 -8.000236 -7.104526 1.175969 0.9536485 0.4260859 19.60764 0.998661 0 0.0
0.01132719 -0.07519101 -6.44903 -8.630036 1.009108 0.7854073 0.4318093 19.5165 nan 0 0.0
