data/gcs/NGC_6205_M_13.ecsv
# %ECSV 0.9
# ---
# datatype:
# - {name: x, unit: deg, datatype: float64}
# - {name: y, unit: deg, datatype: float64}
# - {name: pmx, unit: mas / yr, datatype: float64}
# - {name: pmy, unit: mas / yr, datatype: float64}
# - {name: pmx_e, unit: mas / yr, datatype: float64}
# - {name: pmy_e, unit: mas / yr, datatype: float64}
# - {name: pm_corr, datatype: float64}
# - {name: g_mag, unit: mag, datatype: float64}
# - {name: bp_rp, unit: mag, datatype: float64}
# - {name: filter, datatype: int64}
# - {name: memberprob, datatype: float64}
# meta: !!omap
# - comments: [deg deg mas/yr mas/yr mas/yr mas/yr dimless mag   mag   zeroone float]
# - __serialized_columns__:
#     bp_rp:
#       __class__: astropy.units.quantity.Quantity
#       unit: &id001 !astropy.units.Unit {unit: mag}
#       value: !astropy.table.SerializedColumn {name: bp_rp}
#     g_mag:
#       __class__: astropy.units.quantity.Quantity
#       unit: *id001
#       value: !astropy.table.SerializedColumn {name: g_mag}
#     pmx:
#       __class__: astropy.units.quantity.Quantity
#       unit: !astropy.units.Unit {unit: mas / yr}
#       value: !astropy.table.SerializedColumn {name: pmx}
#     pmx_e:
#       __class__: astropy.units.quantity.Quantity
#       unit: !astropy.units.Unit {unit: mas / yr}
#       value: !astropy.table.SerializedColumn {name: pmx_e}
#     pmy:
#       __class__: astropy.units.quantity.Quantity
#       unit: !astropy.units.Unit {unit: mas / yr}
#       value: !astropy.table.SerializedColumn {name: pmy}
#     pmy_e:
#       __class__: astropy.units.quantity.Quantity
#       unit: !astropy.units.Unit {unit: mas / yr}
#       value: !astropy.table.SerializedColumn {name: pmy_e}
#     x:
#       __class__: astropy.units.quantity.Quantity
#       unit: &id002 !astropy.units.Unit {unit: deg}
#       value: !astropy.table.SerializedColumn {name: x}
#     y:
#       __class__: astropy.units.quantity.Quantity
#       unit: *id002
#       value: !astropy.table.SerializedColumn {name: y}
# schema: astropy-2.0
x y pmx pmy pmx_e pmy_e pm_corr g_mag bp_rp filter memberprob
[from data line 4846]
0.001884582 -0.111663 -2.658216 -0.3630551 1.23083 1.652338 0.3487973 20.51664 0.5430965 0 0.0
0.00396918 -0.01997675 -3.251278 -2.11944 0.04906834 0.05888536 0.4385342 13.67594 1.15519 0 0.0
-0.01877451 -0.009053099 -4.247953 -4.831567 0.1982409 0.2824127 0.3650474 15.33689 0.1571569 0 0.0
-0.08194835 0.04781168 -3.012283 -3.58146 0.4827057 0.6718997 0.2311157 19.37862 0.6694908 0 0.0
0.0470147 -0.03307753 -4.30143 -4.752243 1.036345 1.566508 0.5887092 19.48114 0.6444588 0 0.0
0.04967003 0.07645934 -2.925669 -3.120518 0.2330883 0.4070536 0.457326 18.24166 0.5835304 1 0.9989307
0.09635955 -0.03441667 -2.092942 -1.534332 0.6509573 0.8500422 0.3493844 19.66616 0.6963539 0 0.0
-0.02746572 -0.01314368 -6.07962 -5.766731 0.4458464 0.647685 0.04745861 18.51787 0.7194939 0 0.0
0.001341368 0.03052594 -4.504541 -5.559801 0.2997589 0.3876496 0.3766995 16.82208 0.7739706 0 0.0
0.005116841 0.07423869 -3.269543 -1.317366 0.3985194 0.4964223 0.2397167 19.02863 0.7772217 0 0.0
-0.001027687 -0.07860109 -0.6778622 -1.860399 2.926247 4.285576 0.5787956 20.724 nan 0 0.0
-0.0731686 0.05892655 -3.629403 -2.677292 0.277532 0.3957775 0.2601163 18.56911 0.4878902 0 0.0
-0.1710464 -0.01669452 -2.073051 -2.53983 1.407154 1.953074 0.1641749 20.533 0.3987083 0 0.0
0.1236579 0.1237185 -3.781927 -2.455105 0.3945751 0.5107291 0.2583656 19.12321 0.7067413 1 0.9965755
0.03544748 -0.02907825 -1.51099 2.255469 0.3180231 0.4191712 0.3175459 17.93136 0.675251 0 0.0
0.01268684 0.04204353 -5.480701 -5.433442 1.151801 0.8014634 0.2106411 18.88517 0.6015282 0 0.0
0.02801803 0.1456737 -2.979476 -3.204377 0.6665606 0.9292897 0.3337568 19.97494 0.7447758 1 0.9968006
-0.01586384 -0.0002303536 -2.654234 -6.464062 0.4033779 0.8077957 0.3835531 17.42175 nan 0 0.0
-0.003925422 -0.04994119 -2.302744 -3.454262 0.3631889 0.4457887 0.3001473 18.65992 0.4870186 0 0.0
-0.110942 0.03074646 -2.728447 -0.5477884 3.952128 4.363548 0.09679153 20.93686 0.6021156 0 0.0
-0.001737882 0.02476575 1.029187 6.644285 0.8857355 1.103238 0.07232251 17.5606 0.709671 0 0.0
0.05685318 -0.02208461 3.214923 -1.515067 0.8290829 0.9120795 0.4565711 19.17236 0.5227375 0 0.0
-0.02341654 -0.01761583 -5.911188 -4.346395 0.7670993 0.6157617 -0.5734911 17.97329 nan 0 0.0
0.0514229 0.04004158 -2.801875 -4.108534 0.3396546 0.6592768 0.173238 18.59025 nan 0 0.0
-0.04191532 0.004551539 -4.163283 -5.259251 0.4876373 0.8120488 0.3213604 18.96994 nan 0 0.0
-0.01799452 0.0200109 -3.130489 -1.001315 0.5629143 1.098248 0.8178781 18.18007 nan 0 0.0
-0.08786829 -0.02451235 -1.742327 -2.100393 1.303422 1.705229 0.233261 20.51584 0.5897236 0 0.0
-0.07289364 0.0383727 -2.675226 -1.830476 0.7172509 1.046583 0.2369074 19.87409 0.6213856 0 0.0
-0.002599175 -0.05020065 -4.575512 -0.9950234 1.35541 1.357648 0.2237369 19.86908 0.7857723 0 0.0
0.04899111 -0.0521269 -2.887479 -0.922609 0.4217306 0.5139669 0.4387697 18.95191 0.5360394 0 0.0
0.0353409 0.01621742 -2.575787 -3.277838 0.7509644 1.051626 0.2292328 18.8411 0.7543964 0 0.0
0.06845754 -0.06817586 -3.273427 -2.627583 0.3333473 0.4279964 0.3128181 18.70692 0.7528973 0 0.0
-0.1470335 0.02381036 -3.949478 -0.5741939 0.7378543 0.910423 0.2286912 20.00896 0.5564232 0 0.0
-0.01962495 -0.02311386 -3.954294 -2.619062 0.7467971 1.815313 0.4467131 18.89781 nan 0 0.0
-0.02027141 -0.05419966 -0.1378808 3.971775 1.146223 1.372427 0.4437232 19.85981 0.3431931 0 0.0
-0.09983926 -0.006793839 2.329326 -2.731084 2.744102 3.4846 0.05083344 20.85273 nan 0 0.0
-0.03346278 -0.05830352 -2.569972 -3.209491 1.239665 1.545862 -0.08041202 20.00274 0.3931808 0 0.0
0.188209 0.1571546 -2.029708 -2.656975 0.7299006 1.067704 0.3993122 20.09517 0.9401665 1 0.9744514
-0.04855158 -0.03047115 -2.396472 -3.078826 0.6646013 1.141864 0.2907464 19.47696 nan 0 0.0
0.01828921 0.002779977 -3.076691 -2.245698 0.02765424 0.04391487 0.3978735 13.57206 1.187687 0 0.0
0.0008643088 -0.09260483 -3.426726 -2.763572 0.1520119 0.2131859 0.3432559 17.61269 0.8208542 1 0.9997581
0.01526612 0.02422937 -3.589135 -2.840636 0.2513341 0.2731778 0.2989251 17.77268 0.6828842 0 0.0
0.01344823 -0.03405573 -5.902012 -3.340031 1.052519 0.6787388 0.2055092 18.94673 nan 0 0.0
-0.2170978 0.02856782 -14.82705 11.1364 0.7403829 0.9129515 0.1425157 20.00595 1.981161 1 0.0
-0.01495158 -0.04259656 -3.246915 -2.718637 1.535196 1.652614 0.3994848 19.83219 nan 0 0.0
-0.03941127 -0.04250788 -2.839206 -2.248117 0.7891187 1.031887 -0.1199847 19.57039 0.469614 0 0.0
0.08058274 0.0246207 -3.273059 -2.482613 0.2876118 0.3622419 0.2836324 18.65026 0.6049347 0 0.0
0.05886853 -0.08973294 -1.947089 -3.290684 1.604364 1.838214 0.1539229 20.71936 0.4305058 0 0.0
-0.05544773 0.07736734 -3.474268 -2.875413 0.8238705 1.153633 0.2431919 20.17777 0.4478207 0 0.0
-0.09734211 -0.1593276 0.3908694 -10.7028 1.013637 1.918675 0.3349496 20.27993 1.460888 0 0.0
0.06028447 0.00132878 -2.731309 -3.302408 0.379449 0.5648888 0.3665498 18.88579 0.5758801 0 0.0
0.1052436 -0.02168691 -2.560707 -1.680405 1.109945 1.458285 0.3239554 20.42137 0.6125965 0 0.0
-0.02449786 0.05647736 -3.05122 -2.283152 0.3273364 0.4545845 0.3472417 18.71506 0.7283211 0 0.0
-0.08536907 -0.05150413 -1.686634 -1.462032 2.191947 2.915164 0.2758926 20.87881 0.2851582 0 0.0
0.006894683 0.07344537 -3.200651 -3.639124 0.6131275 0.8486917 0.0830978 19.56828 nan 0 0.0
0.04075812 -0.04249193 -2.540853 -3.074206 1.143376 1.093759 0.4360043 19.89265 0.5408897 0 0.0
0.03759376 -0.04995889 -4.697946 -5.738001 2.525802 2.325244 0.2594645 20.6523 nan 0 0.0
-0.04478295 0.05374366 -3.676586 1.255651 0.9625708 1.515078 0.5550255 20.0762 nan 0 0.0
-0.001627477 0.02430036 0.77593 -3.054387 1.040568 0.8539383 0.5233634 18.29034 nan 0 0.0
0.03331423 -0.1219021 -3.596652 -5.563408 1.141842 1.504882 0.3201879 20.48081 0.4518833 0 0.0
-0.06768964 -0.05648449 -3.332623 -1.782048 1.476271 2.29269 0.3207962 20.6799 0.4766979 0 0.0
0.001711444 -0.06260225 -3.153401 -2.640049 0.7834941 1.000293 0.5366254 19.42841 0.7334309 0 0.0
0.01014975 -0.06617215 -3.877677 -3.342564 0.5617636 0.6264585 0.3256485 18.97907 0.5922775 0 0.0
-0.06991271 -0.04302808 -0.1709923 -6.149385 1.958687 4.593952 -0.1432726 20.87995 -0.0703125 0 0.0
-0.03045887 -0.1340035 -4.24421 -1.997074 0.7151478 0.9076532 0.1710472 19.71399 0.7871265 1 0.9923862
0.1127297 0.1145045 -4.879632 0.6920484 1.985059 2.7272 0.2640144 20.89047 0.8474522 0 0.0
0.1131214 0.1565583 -2.420203 -1.978779 0.4210276 0.55173 0.3305697 19.29594 0.6979389 0 0.0
0.01872866 0.0124656 -0.5805727 2.648734 0.6654014 0.8000288 0.1035338 12.47465 1.308292 0 0.0
-0.01506588 0.001142778 -4.29674 -4.911359 0.5363327 1.004976 0.2566835 17.46541 0.7134933 0 0.0
0.01506135 0.004751481 -4.235581 -7.067045 0.4300642 0.5183488 0.1682506 15.55587 0.9685392 0 0.0
0.01775029 -0.001740565 -5.933325 -3.124421 0.3897471 0.7081181 0.3832168 15.99873 nan 0 0.0
0.03298962 -0.05212391 -3.366713 -2.128851 0.5616806 0.5922117 0.3022996 19.05763 0.5976353 0 0.0
0.05673909 -0.1349882 -4.156269 -4.582244 1.377347 2.024494 0.04803298 20.69273 0.7098637 0 0.0
0.003869052 0.01857458 -3.533785 -2.746882 0.06720821 0.08589454 0.2626531 14.88325 0.2518492 0 0.0
-0.06366762 0.07044236 -3.195668 -3.465286 0.6252055 0.8826175 0.2725793 19.73719 0.804327 0 0.0
0.02472643 0.0583886 -4.559811 -1.289517 0.8664727 0.876238 0.143596 19.20179 0.7340984 0 0.0
-0.04122764 0.005428551 -3.494833 -2.11159 0.385675 0.767152 0.6074764 18.06924 0.6514854 0 0.0
-0.1411906 0.0591389 -4.627541 -2.237305 3.094105 3.763529 0.07993929 20.94014 0.3383827 0 0.0
0.05192002 0.04867076 -3.008329 -2.221982 0.1575699 0.2094289 0.2339877 17.656 0.8262653 1 0.9997514
0.01457045 0.004919234 -3.450677 -3.813785 0.3262723 0.433438 0.2820606 15.45055 0.9830809 0 0.0
0.0244569 -0.02017136 -3.692182 -2.215417 0.05258126 0.07196693 0.3170898 15.67236 0.88587 0 0.0
0.03346463 0.01392396 -4.647498 -0.8911293 0.3820746 0.5478272 0.2373213 17.87101 0.6491642 0 0.0
-0.0438341 0.01841521 -2.88764 -2.671331 0.04066694 0.06513293 0.3408564 14.95501 1.171042 0 0.0
-0.05102781 -0.06215824 -6.73736 -1.299549 1.981239 2.20567 -0.2651764 20.71248 0.2533703 0 0.0
-0.02725262 -0.03545973 -3.069606 -3.063941 0.2895819 0.3442409 0.1631869 18.23912 0.7718906 0 0.0
0.07693738 0.050988 -3.190881 -2.601876 0.1828046 0.2331097 0.2818935 17.89342 0.676609 0 0.0
0.1668021 0.1564723 -2.682544 -0.2112293 0.6109071 0.9895093 0.339405 19.952 0.8366585 1 0.953751
0.1482673 0.2604303 3.174457 -9.143013 0.7085191 1.088847 0.3195618 20.23166 1.471512 1 0.0
-0.1165661 0.1083419 -3.007978 -2.505469 0.2074472 0.2648949 0.2665538 18.24348 0.6450424 1 0.9996277
-0.05455746 0.01847161 -5.179342 -8.780741 0.8505117 1.507659 0.3700243 19.62419 0.5985432 0 0.0
0.0005685387 0.02811885 -2.195094 0.1139086 0.7738808 1.231339 0.4438348 18.28654 0.6473007 0 0.0
-0.09360678 -0.03929522 -3.431926 -3.270803 0.3006354 0.4433819 0.293564 18.68378 0.5868587 1 0.9990037
0.1095141 0.01408945 -3.091102 -2.844443 0.5122015 0.6087384 0.2946089 19.44546 0.7441597 0 0.0
-0.07561242 0.05534308 -2.688969 -2.47209 0.2232968 0.3305996 0.2655635 18.35206 0.621439 1 0.9992138
0.05468862 0.03581713 0.3442129 -2.886151 1.089816 1.098246 -0.4140725 19.68281 nan 0 0.0
-0.05118957 0.04624794 -4.237513 -2.608902 0.5011103 0.9207919 0.5019546 19.28889 0.5854435 0 0.0
-0.0153444 -0.04204335 -3.799842 -1.809486 0.6169474 0.7331624 0.1921569 19.09103 0.4898853 0 0.0
0.02461615 0.05812153 -6.689801 -1.057748 1.616534 1.187737 -0.3152792 19.93595 nan 0 0.0
0.005777667 0.09084028 -2.462147 -2.772421 0.649061 0.7406251 0.06698985 19.50941 0.7476368 0 0.0
-0.1800993 0.02283871 -3.280731 -2.707077 0.2769658 0.3666917 0.2357703 18.58802 0.630909 1 0.9992729
0.02915746 -0.08314273 -4.01019 -3.156986 0.9572158 1.096203 0.1360622 20.31028 0.6987991 0 0.0
0.07577942 -0.08200496 -4.543255 -1.869187 0.8962675 1.102648 0.2411867 20.01266 0.6684933 0 0.0
0.05665935 -0.04243998 -3.879577 -3.137928 0.648571 0.7723056 0.4885485 19.30493 0.6066093 0 0.0
0.0142147 0.004289743 -3.773696 -3.479773 0.1842593 0.2420584 0.3388516 15.56693 0.2656479 0 0.0
0.02546328 -0.01953779 -10.73825 -16.02689 1.083707 1.5997 0.6734864 18.53705 nan 0 0.0
0.1524027 0.1546535 -3.914157 -3.640124 0.8732481 1.316555 0.2800027 20.4692 0.8258133 0 0.0
0.09174829 -0.03877102 -3.439785 -1.955636 1.768099 2.719431 0.5215342 20.677 0.6729012 0 0.0
-0.03165101 0.04756119 -5.324478 -6.554586 1.518647 3.343723 0.7427555 20.17851 nan 0 0.0
0.06280478 -0.03461131 -3.123458 -0.7036465 0.4239394 0.5502393 0.4651476 18.96678 0.5665741 0 0.0
-0.04178607 0.01665932 -2.884718 -2.439513 0.6861108 1.215732 0.8151288 18.77422 nan 0 0.0
0.05789471 0.02977316 -3.422425 0.3737896 2.037841 2.208346 -0.05337552 20.48401 nan 0 0.0
0.02983512 -0.05625269 -2.861421 -2.952652 0.4498705 0.469433 0.1719572 18.58587 0.9370728 0 0.0
-0.05080945 0.04611036 -2.951951 -2.274569 0.7216566 1.352098 0.5307969 19.76985 nan 0 0.0
-0.1230445 0.003234026 -3.907051 -5.081904 1.024375 1.214807 0.2720591 20.34366 0.7601986 0 0.0
0.001367082 -0.03641055 -3.526653 -1.10512 0.3075424 0.4880948 0.2668126 18.1958 0.2667141 0 0.0
0.04842841 -0.01629581 -3.119052 -3.85797 0.7403262 0.9394745 0.6434409 19.20108 nan 0 0.0
0.01747966 -0.05342595 -2.826838 -1.12337 2.915029 2.397751 0.4492674 20.63648 nan 0 0.0
0.009071428 0.01695758 -4.081271 -2.527477 0.4384859 0.2747461 -0.2142092 17.31527 0.6077833 0 0.0
-0.03113569 0.0480836 -3.290357 -0.08315711 0.679605 0.8311369 0.2149352 19.71035 1.393721 0 0.0
-0.03060629 -0.04005519 -2.94299 -12.52779 1.581221 2.933326 -0.1984491 19.9686 0.5074043 0 0.0
-0.06035386 0.07463206 -2.997457 -2.452215 0.5584291 0.7650891 0.2976768 19.4975 0.68297 0 0.0
-0.01652455 0.06659182 -4.843463 -4.990752 0.781405 1.021204 0.3607681 19.87358 0.5708618 0 0.0
-0.03163739 -0.06948515 -4.266765 -2.406441 2.537645 2.176878 -0.1511096 20.62971 nan 0 0.0
-0.01264607 0.01470741 -1.990259 -0.4830203 0.4753783 0.7985163 0.8578077 17.64752 nan 0 0.0
-0.03555698 -0.01854963 -6.022253 -1.633159 0.6014034 1.121412 0.07536599 19.11486 nan 0 0.0
0.1051802 0.01603276 -3.490853 -2.266599 0.2992044 0.3727903 0.2734153 18.68341 0.6510029 0 0.0
-0.009294612 -0.07306541 0.5941894 1.149879 1.516346 1.829256 0.4731173 20.41393 0.3677425 0 0.0
-0.02974803 0.02070497 -6.876249 -7.149391 0.5497615 0.9666567 0.4842584 17.70258 0.7321548 0 0.0
0.02527841 0.0579272 -1.846398 -3.526919 1.578787 1.556169 0.1714455 20.18682 0.4844608 0 0.0
-0.02506265 -0.05955028 -3.203248 -2.261213 1.445988 1.994386 -0.1795144 20.41267 nan 0 0.0
-0.06426541 -0.02948697 -2.046198 -2.437093 1.271152 2.848133 0.1743055 20.53825 0.09981155 0 0.0
0.143825 -0.1340213 -1.539106 -1.645221 1.509099 1.803039 0.07797385 20.68673 1.158476 1 0.9755926
-0.04669311 -0.002373223 2.712189 4.485078 2.097801 2.840393 0.1708836 19.74389 nan 0 0.0
0.02513174 -0.01921365 -1.410461 -3.805756 0.3907476 0.5085865 0.2643019 16.98007 0.6832771 0 0.0
-0.09745997 -0.1159125 -3.08538 -2.766584 0.1539483 0.2199623 0.2162633 17.57304 0.8383408 1 0.9997067
0.05488465 0.03615296 -4.014735 -1.84883 0.4618797 0.6448573 0.188316 18.88769 0.6515026 0 0.0
0.06092826 -0.03712669 -3.439299 -3.524087 0.3653343 0.4888153 0.4788281 18.76574 0.6346092 0 0.0
0.00646471 0.08362675 -3.545572 -3.355496 0.3896207 0.5036787 0.2410603 19.05876 0.6077347 0 0.0
0.0188125 0.02092662 -3.450243 -2.59963 0.09094318 0.1234557 0.3849438 15.93178 0.9555922 0 0.0
-0.1468628 0.06849546 -4.654269 -1.733128 1.351306 1.98696 0.1969692 20.72041 0.7346916 0 0.0
0.07146835 -0.003075325 -2.417142 -3.150065 0.5143147 0.6816291 0.3327286 19.40894 nan 0 0.0
-5.71199e-05 0.02669979 -3.248442 -2.674162 0.2037563 0.2840777 0.3050459 15.48153 nan 0 0.0
0.1175741 0.0230925 -3.656879 -2.627362 0.6207936 0.7030932 0.2729261 19.61657 0.6223087 0 0.0
0.1322946 0.07441633 -3.939424 -2.718569 0.5636174 0.7476421 0.3074935 19.7339 0.6869621 0 0.0
-0.07919289 0.05579679 -2.373855 -1.48963 1.470534 2.026184 0.2508589 20.62303 0.7628021 0 0.0
-0.05114023 0.04667897 -4.550617 -5.141526 1.199435 2.027099 0.3974518 20.27911 nan 0 0.0
-0.003331534 0.05336077 -2.946101 -2.105723 0.271524 0.3566497 0.3328212 18.24357 0.6449299 0 0.0
-0.009671137 -0.1375756 -2.728511 -2.433816 0.2401866 0.3834282 0.1445391 18.31438 0.6311817 1 0.9988792
-0.1357591 0.06561037 -8.203319 -6.266008 2.398411 3.541122 0.5101836 20.85081 0.1855659 0 0.0
0.005576962 -0.01585678 -1.727325 1.296383 0.4595253 0.4844498 0.4933076 17.18799 nan 0 0.0
-0.07262321 0.03898662 -2.958254 -2.929048 0.4969018 0.6924861 0.2270503 19.38223 0.5480442 0 0.0
0.03636262 0.03525705 -5.320887 4.224389 1.581796 3.444576 -0.4199418 20.19832 nan 0 0.0
-0.02921408 0.03763058 -3.514158 -2.448034 0.4792657 0.7136756 0.5140486 18.56549 nan 0 0.0
0.08166641 -0.06086938 -2.906447 -2.360158 0.6908055 0.7622389 0.1755063 19.66512 0.7255116 0 0.0
-0.04636148 -0.001927102 -3.254796 -2.685394 0.2640702 0.4832271 0.4395231 18.3225 nan 0 0.0
0.02455486 -0.0194122 -1.003643 -0.05698678 0.5950093 0.6726114 0.5463393 18.40708 nan 0 0.0
0.04117359 -0.06186655 -2.757362 -4.761009 1.553793 2.015262 0.3503469 20.64097 nan 0 0.0
-0.03123396 0.04770217 -4.322888 -2.546089 1.668611 2.531752 -0.02727465 20.37327 nan 0 0.0
-0.05405207 0.004238615 -2.639784 -3.954245 0.5909158 1.118522 0.454746 19.52392 nan 0 0.0
-0.02939594 -0.1514981 -5.26199 1.852421 1.497086 2.212297 0.1422566 20.60011 0.6074829 1 0.8785402
0.01881104 0.02691188 -3.000351 -2.568418 0.08307073 0.1098161 0.2975236 16.37585 0.9041576 0 0.0
-0.07625825 -0.02774805 -2.997851 -2.188323 0.5085081 0.6397858 0.3113467 19.2394 0.5105476 0 0.0
0.1027739 0.1278459 -5.86296 -3.850896 2.387976 3.567737 0.3604033 20.88536 nan 0 0.0
0.02821467 -0.05806528 -1.105993 -2.668573 0.4466818 0.5512865 0.2903404 17.76919 0.730484 0 0.0
-0.02096757 0.005485275 -10.79269 -13.46958 0.6655892 0.7071873 0.5698499 16.8448 0.8356419 0 0.0
0.1075384 0.02310464 -3.863978 -3.379967 0.5184392 0.6188387 0.2592648 19.41074 0.6557026 0 0.0
