data/gcs/NGC_6681_M_70.ecsv
# %ECSV 0.9
# ---
# datatype:
# - {name: x, unit: deg, datatype: float64}
# - {name: y, unit: deg, datatype: float64}
# - {name: pmx, unit: mas / yr, datatype: float64}
# - {name: pmy, unit: mas / yr, datatype: float64}
# - {name: pmx_e, unit: mas / yr, datatype: float64}
# - {name: pmy_e, unit: mas / yr, datatype: float64}
# - {name: pm_corr, datatype: float64}
# - {name: g_mag, unit: mag, datatype: float64}
# - {name: bp_rp, unit: mag, datatype: float64}
# - {name: filter, datatype: int64}
# - {name: memberprob, datatype: float64}
# meta: !!omap
# - comments: [deg deg mas/yr mas/yr mas/yr mas/yr dimless mag   mag   zeroone float]
# - __serialized_columns__:
#     bp_rp:
#       __class__: astropy.units.quantity.Quantity
#       unit: &id001 !astropy.units.Unit {unit: mag}
#       value: !astropy.table.SerializedColumn {name: bp_rp}
#     g_mag:
#       __class__: astropy.units.quantity.Quantity
#       unit: *id001
#       value: !astropy.table.SerializedColumn {name: g_mag}
#     pmx:
#       __class__: astropy.units.quantity.Quantity
#       unit: !astropy.units.Unit {unit: mas / yr}
#       value: !astropy.table.SerializedColumn {name: pmx}
#     pmx_e:
#       __class__: astropy.units.quantity.Quantity
#       unit: !astropy.units.Unit {unit: mas / yr}
#       value: !astropy.table.SerializedColumn {name: pmx_e}
#     pmy:
#       __class__: astropy.units.quantity.Quantity
#       unit: !astropy.units.Unit {unit: mas / yr}
#       value: !astropy.table.SerializedColumn {name: pmy}
#     pmy_e:
#       __class__: astropy.units.quantity.Quantity
#       unit: !astropy.units.Unit {unit: mas / yr}
#       value: !astropy.table.SerializedColumn {name: pmy_e}
#     x:
#       __class__: astropy.units.quantity.Quantity
#       unit: &id002 !astropy.units.Unit {unit: deg}
#       value: !astropy.table.SerializedColumn {name: x}
#     y:
#       __class__: astropy.units.quantity.Quantity
#       unit: *id002
#       value: !astropy.table.SerializedColumn {name: y}
# schema: astropy-2.0
x y pmx pmy pmx_e pmy_e pm_corr g_mag bp_rp filter memberprob
[from data line 2493]
0.004754798 0.007621824 1.425955 -5.132312 0.2944749 0.2395584 -0.09142324 15.94658 0.8153801 0 0.0
0.03439212 -0.009855889 0.4450573 -6.522547 1.351089 1.316522 0.5909225 19.85349 0.8460007 0 0.0
-0.01590958 0.0004565508 1.08625 -5.278091 0.7817211 0.6980762 0.3942811 18.93758 nan 0 0.0
0.07922886 -0.03322994 0.6909867 0.7897148 0.7098821 0.6438166 0.2251784 19.34768 1.226122 1 0.0
0.02612174 -0.06542563 1.439381 -4.836053 0.3856576 0.3352082 0.1571948 18.38608 0.9412537 1 0.9278372
0.003800038 0.003608807 -3.432452 -10.92872 0.457005 0.3729303 0.3557035 17.35326 0.793684 0 0.0
-0.003346452 0.01075757 3.821238 -2.45743 1.392465 1.151675 0.1216873 19.12994 nan 0 0.0
-0.04602458 0.01825327 0.5249992 -4.097187 0.9745275 0.9245528 0.6057772 19.1293 1.058756 0 0.0
0.04284943 0.03756864 0.1410558 -6.859268 1.338764 1.156402 -0.04711856 19.76285 nan 0 0.0
0.03147994 0.07213444 -1.252857 -5.247358 0.5208797 0.4829848 0.3328775 18.64981 0.9505787 1 6.705934e-05
-0.02238008 -0.01869841 3.38234 -5.236379 1.347743 1.067644 -0.2255934 19.44497 0.5488052 0 0.0
0.03411627 -0.05737165 -3.827673 -9.538559 1.087818 0.9317337 0.106015 19.78109 0.9360733 0 0.0
0.0511749 -0.02693458 3.546058 -3.659091 1.868604 1.869031 0.4859366 20.24759 0.3809738 0 0.0
0.1132342 -0.02001378 -5.906847 -7.105334 0.3987702 0.3694154 0.2650934 18.47428 0.8763504 1 0.0
0.02267768 -0.02422217 0.5748999 -5.71772 0.7868489 0.6471071 0.3738216 19.09663 0.9422894 0 0.0
0.002122562 -0.02042755 -0.02429693 -6.379589 0.581881 0.5081861 0.3233808 18.83472 nan 0 0.0
0.05542208 -0.08234554 5.361655 -0.9704273 2.325408 2.008401 0.5148867 20.25353 nan 0 0.0
0.07675729 0.06309331 1.109762 -1.638775 0.8217948 0.7738507 0.3723618 19.43331 1.134209 1 0.0004998486
0.1064678 -0.02757776 0.6970601 -2.638205 0.2056785 0.1843879 0.1726956 17.45573 1.051891 1 0.0
-0.03737194 -0.00284184 2.238632 -4.017117 0.4457743 0.3908598 0.3484019 18.42987 0.8479252 0 0.0
0.02306464 -0.02385224 0.6463527 -4.235314 0.7450279 0.6350657 0.4470082 18.94679 0.7410202 0 0.0
-0.00311299 -0.02577578 5.630674 -2.546411 2.232916 2.249792 0.5956732 20.05273 0.3784523 1 0.6648196
0.08401851 0.0707239 1.484349 -5.81037 0.3703651 0.3360895 0.3055027 18.17259 1.064709 1 0.03748876
-0.03161866 -0.004541006 1.920892 -5.531587 0.9545807 0.8174327 0.2618384 19.22572 0.6617985 0 0.0
0.08651415 0.08873454 -4.191206 -7.980823 1.107005 1.017634 0.30459 19.8362 0.9637852 1 3.655072e-06
0.03203013 -0.05132078 -7.213693 -0.02706149 2.435435 2.315283 0.2609063 20.50492 nan 0 0.0
-0.001385068 -0.02402479 2.845998 -5.779058 1.83121 1.64331 0.06502697 19.80074 nan 0 0.0
-0.01588367 -0.0001537962 2.074614 -4.619001 0.3683231 0.3290366 0.491833 17.83163 nan 0 0.0
0.04510112 -0.001514026 2.106002 -3.692092 2.10491 2.041419 0.5447445 20.15779 0.7639961 0 0.0
0.05662036 -0.02088771 -4.187367 -3.198181 0.5919804 0.5388229 0.2698955 19.10268 1.052437 0 0.0
0.01953179 -0.02156259 -7.296623 -3.962938 0.4289129 0.3677848 0.2632726 18.43855 0.8026943 0 0.0
0.05915005 0.06150433 -4.173345 -6.439369 0.5167502 0.4778531 0.3044071 18.63765 1.183233 1 0.0
0.08816739 -0.09632565 -1.751038 -4.102786 0.2415159 0.2091088 0.1497507 17.66291 0.9712543 1 0.0
0.01445524 0.00586222 -0.4477926 -4.201572 0.7269712 0.6455822 0.1017583 18.87805 0.8866386 0 0.0
0.05264651 0.02021043 -0.9633378 -4.227175 0.8783357 0.8203082 0.3661821 19.60684 1.122761 1 0.03736252
-0.001874534 -0.05102903 -0.6147698 -9.445702 0.7129251 0.6156733 0.2279277 18.97513 1.001842 0 0.0
0.1182165 0.02300205 -0.3235926 -2.709864 1.936216 2.031159 0.6047646 20.38892 0.5177441 0 0.0
0.0004720105 0.003318968 3.289637 -5.058954 0.4665916 0.3751183 -0.2342263 14.44563 nan 0 0.0
-0.0006628966 -0.02808362 1.831113 -5.176557 0.777714 0.6270036 -0.1611355 18.85761 0.8040161 1 0.9159182
-0.05368353 0.01067689 0.9071934 -6.07971 0.9142001 0.772951 0.6208376 18.87686 nan 0 0.0
0.07233426 0.08477204 -11.10433 -0.1224032 1.104986 0.9782616 0.2262361 19.70919 nan 0 0.0
-0.01103102 -0.02236224 -0.1834238 -5.048644 0.8460106 0.6743193 -0.1467878 18.9953 nan 0 0.0
-0.05626454 0.01219357 -6.059973 -15.95186 1.049064 0.9045394 0.2528247 19.61347 0.9890575 1 0.0
0.05982606 -0.009480007 -8.894519 -3.459053 0.3706856 0.3392764 0.3171391 18.28712 1.033207 1 0.0
-0.02437453 0.01271129 -2.354432 -6.1585 0.05601753 0.04923021 0.3143174 14.24643 1.206633 1 0.0
0.06264201 -0.04055262 -0.6882607 -4.575652 0.9158344 0.801191 0.1462848 19.61654 0.9652882 0 0.0
0.03917399 0.0727151 -0.3205263 -1.433326 0.4585502 0.4093308 0.05728676 18.34793 0.8455353 0 0.0
-0.04010572 -0.00439559 2.995817 -13.00411 2.745366 2.547889 0.4578135 20.39047 nan 0 0.0
0.02257747 0.09141274 0.0335033 -4.235549 0.7827025 0.7208565 0.1618013 19.17434 0.8955574 0 0.0
0.01827421 0.009226094 1.344186 -4.959183 0.4692444 0.4191681 0.3133263 18.58776 nan 0 0.0
-0.01831414 0.02707124 -0.7405385 -5.610298 1.799688 1.719354 0.5985318 19.83651 nan 0 0.0
0.05319764 0.03600677 2.005454 -4.455159 0.8938582 0.8420982 0.3766775 19.5809 0.8032398 0 0.0
0.0839625 0.01016562 0.3413185 -7.988695 1.669935 1.731222 0.5119526 20.33224 1.805326 0 0.0
0.07233882 0.0580501 -3.133938 -2.52658 1.123991 1.025356 0.410583 19.56215 1.101404 0 0.0
0.007546578 0.07265076 2.17838 2.014949 0.3342829 0.3115433 0.5643759 17.87011 1.200083 1 0.0
0.05154992 -0.0929214 0.9641493 -4.473565 0.7200751 0.6200929 0.1402144 19.2322 0.9247036 1 0.488479
0.08078843 0.06749197 -2.957309 -6.930606 0.2031616 0.1884884 0.3081819 16.86708 1.208979 1 0.0
-0.0284168 -0.01448486 -2.669224 -3.224411 0.5310457 0.4616462 0.3404978 18.70704 0.8410244 0 0.0
-0.006391003 0.0117683 1.582401 -8.347743 0.6242277 0.5378041 0.2472269 18.1023 0.7893696 0 0.0
-0.02552931 -0.009582116 1.009894 -4.921816 0.7748379 0.6761742 0.3537023 19.05791 0.6438465 0 0.0
-0.02382427 -0.01939687 -0.6853922 -9.369226 1.52949 1.183526 -0.3392651 19.54525 0.8671379 0 0.0
0.0386866 0.01952318 4.015428 0.3318383 1.198084 1.04694 0.02562074 19.38798 0.7825508 0 0.0
0.07544657 0.008044507 -2.09418 -8.503529 0.8947643 0.8390815 0.366818 19.66652 1.02985 0 0.0
0.01548518 -0.005997844 0.03917893 -4.701298 2.282931 1.969257 0.8769006 18.93863 nan 0 0.0
0.02634744 0.001506975 0.3708252 -3.836636 1.005276 0.9210322 0.4975372 19.51996 nan 0 0.0
-0.02880368 -0.01455365 2.135969 -3.364396 1.634327 1.430624 0.5453684 19.90046 nan 0 0.0
0.04257932 0.06698389 -1.538184 -6.832942 0.3419613 0.3133718 0.2796712 18.08767 0.8563633 1 0.0
-0.0009991818 0.0645868 1.044016 -6.236368 1.461394 1.400697 0.6460673 19.95802 0.5175705 0 0.0
0.008774358 -0.04612374 -3.756001 -6.399377 0.9348138 0.7982803 0.2722318 19.50872 0.6819496 0 0.0
0.007390367 0.05665194 -1.276422 -7.583481 1.227312 1.120361 0.2211222 19.70656 0.8558006 0 0.0
0.0006271577 0.054825 1.464995 -4.253735 2.091855 2.088297 0.700469 20.15349 0.8465519 0 0.0
0.06341426 -0.005614343 -3.762975 -6.380905 0.09541818 0.08451217 0.1950547 15.82078 1.282157 1 0.0
-0.01490698 0.0218648 0.06445389 -4.643719 1.808103 1.540602 0.499891 19.73405 nan 0 0.0
-0.02742591 0.03532013 -1.502733 -7.192109 2.881176 2.794982 0.1168205 20.33896 0.4785919 0 0.0
-0.002779344 0.02732482 2.599206 -2.907476 1.910119 1.901275 0.5561322 20.10786 nan 0 0.0
-0.03202757 -0.01539396 1.915482 -5.554476 1.965311 1.823114 0.3169512 19.73096 nan 0 0.0
0.0665306 -0.04749051 -1.419162 -2.027977 3.076732 3.058756 0.3618205 20.40937 nan 0 0.0
0.01465549 -0.03209786 -8.348891 -7.781639 1.557642 1.332971 0.4634724 19.74804 1.373034 0 0.0
0.05127405 0.01157092 -3.381489 -12.77845 1.440827 1.41528 0.6043947 19.96515 0.7238636 1 3.390847e-05
-0.01567117 -0.03554652 0.3073945 -3.865841 1.108431 0.9776765 0.155662 19.53294 1.003439 1 0.5832331
-0.001695002 -0.0002668615 1.537507 -6.998114 0.7825214 0.7362819 0.533166 16.23128 nan 0 0.0
-0.01898185 0.01164828 -0.8867032 -2.746113 0.1465842 0.1261134 0.2367622 16.5741 1.14081 1 0.0
-0.01996058 0.003896606 1.353023 -4.619172 0.2445331 0.212273 0.3034688 17.52962 0.984642 0 0.0
0.05082915 0.04642225 -3.292692 -3.99299 0.806542 0.756496 0.2570675 18.83968 1.040436 0 0.0
-0.03350122 -0.006094264 -0.9163936 5.511163 2.711707 2.469127 0.2723262 20.46318 nan 0 0.0
0.05586826 -0.1110361 -2.137201 -3.460973 0.3658824 0.3100228 0.004625067 18.22723 1.282553 1 0.0
0.06607305 -0.003140502 1.137073 -4.21555 0.8269538 0.7716835 0.3733607 19.4427 0.7070866 1 0.6937356
-0.01611847 0.01457852 -0.1896877 -5.475645 0.3487279 0.3543777 0.4718155 17.81409 0.7110672 0 0.0
-0.001746605 0.0001374954 1.863696 -4.788628 0.133886 0.1134296 0.1035915 13.69495 1.154474 0 0.0
0.0796463 0.06042816 5.140285 -0.2224008 2.364622 2.327497 0.4646131 20.30731 0.8628674 0 0.0
0.01755166 0.008470927 3.638528 -4.655839 0.505335 0.4551833 0.4847928 18.26559 0.7115116 0 0.0
0.02284857 0.03986089 0.5560257 -12.22444 3.448875 2.887543 -0.1337573 20.35689 0.9133892 0 0.0
-0.03546092 -0.008112984 0.05594839 -4.18777 0.3741581 0.3232778 0.3129179 18.18681 0.9616051 1 0.006296563
-0.02459823 -0.01863795 -0.162457 -2.080221 1.361734 1.078315 -0.2140081 19.52121 0.4675179 0 0.0
0.0331359 0.01128182 2.324336 -5.569758 0.9684277 0.9175367 0.3997943 19.45303 0.8282356 0 0.0
-0.01480805 0.04814808 1.739237 -4.792356 2.060582 1.778479 0.5456183 20.11982 0.1374817 0 0.0
-0.02027176 0.01104909 -0.5326348 -4.709853 0.2823223 0.2502183 0.2481849 17.51405 0.9847984 0 0.0
0.02161157 -0.06059885 0.6823375 0.7058961 1.698029 1.669416 0.4282722 20.07995 1.008501 0 0.0
0.1225316 -0.01087441 -0.3424675 -2.36842 0.4084091 0.3734149 0.2227522 18.48297 0.9886684 1 0.0
0.06133357 0.04556889 3.101571 1.029458 2.279955 2.255935 0.4163831 20.36229 nan 0 0.0
-0.02256303 -0.009054901 -0.9183047 -0.594871 0.1290095 0.1050486 0.1619346 16.15383 0.9483528 1 0.0
0.1066774 -0.002896901 -0.3296094 -1.978471 0.5465522 0.5029082 0.2587152 18.92902 0.9842472 1 0.0
0.07947118 -0.02156862 1.798996 -7.637853 1.38788 1.355498 0.4201775 20.01808 0.8404999 0 0.0
0.002484313 0.003837735 2.743191 -4.69813 0.4780235 0.4293837 0.197476 16.69834 nan 0 0.0
-0.02770011 0.00360847 1.680686 -4.651984 0.2041562 0.1853618 0.4458209 16.90097 1.027458 1 0.9883312
0.01133296 0.001368951 2.220217 -6.10218 1.138924 1.062892 0.3792917 19.21046 0.6561623 0 0.0
0.008388138 -0.04022237 0.5960492 -1.770357 0.3582218 0.3069949 0.2417543 18.14732 0.989296 1 0.0
0.08154777 -0.03547123 -4.908631 -6.480838 1.649546 1.677341 0.4500404 20.13011 0.9005356 1 0.0009925065
0.05149332 -0.05655588 -2.997428 -5.916899 0.7233822 0.6260631 0.1630809 19.25089 1.000803 0 0.0
0.005738168 0.0547409 1.965653 -6.801126 1.177482 1.06025 0.44472 19.57781 0.9568539 0 0.0
0.02268409 0.00138971 -0.6043411 -1.424659 1.590855 1.501559 0.4693074 19.6213 nan 0 0.0
0.00767062 0.01289735 1.373282 -7.353358 1.283803 1.142788 0.03332019 19.18389 nan 0 0.0
0.01393391 -0.02890103 -2.677132 -7.707564 0.6436426 0.545553 0.2081714 18.74136 0.8573608 0 0.0
0.004210656 -0.04284659 1.458503 -4.294852 0.6068401 0.5406703 0.3128408 18.85523 0.7416229 1 0.9084687
0.1204738 0.05176573 -1.17474 -1.061231 0.6447153 0.5920818 0.2035569 19.22564 1.052698 1 0.0
0.05748553 -0.03939335 -2.597563 -1.75457 1.042781 0.9050221 0.1624232 19.59698 1.269249 1 7.891094e-06
0.03545978 0.01588909 -2.438979 0.6431939 0.3810628 0.353454 0.3286771 18.28015 0.9710789 0 0.0
0.02333596 0.02830223 2.995038 -3.826643 1.127056 0.9287734 -0.2767911 19.17867 0.7544518 0 0.0
-0.01154512 -0.0359083 1.064127 -4.24247 2.222178 2.111016 0.4887601 20.18193 nan 0 0.0
-0.01214326 0.001582469 1.43999 -3.26892 0.6658413 0.6015286 0.2583313 17.98303 0.9236107 0 0.0
0.03538226 0.01560684 1.442916 -5.481532 1.278419 1.071058 -0.01410805 19.51263 nan 0 0.0
0.03220735 -0.06047611 0.5061519 -7.322861 1.662466 1.522145 0.3243325 20.18676 1.045654 1 0.2442867
0.09884202 0.02708407 -1.535206 -7.863018 0.8045135 0.7508408 0.2515339 19.53985 1.332193 1 4.372687e-05
0.03046906 -0.01654165 -3.825566 -6.961408 0.3868525 0.3373882 0.3191585 17.80267 0.8496723 0 0.0
-0.01157989 0.03444997 -2.578913 -2.940735 0.3629947 0.3227752 0.382487 18.1552 1.010052 1 0.0
-0.05288331 0.009983083 -4.841463 -6.300711 1.057935 0.9261895 0.5571279 19.32468 0.8651371 1 0.0
0.01178117 0.07569062 -2.860168 -0.2315246 3.130879 2.464718 0.3847269 20.51095 0.6294937 1 0.01606803
0.01953877 0.01083182 -4.053173 -9.550896 0.9404538 0.825199 0.1313532 18.97021 0.9171829 0 0.0
0.01850376 -0.003762997 0.6803691 -4.976386 0.4710888 0.4091245 0.2755371 18.25623 0.9431267 0 0.0
0.004754822 0.008079587 0.5185785 -3.11869 0.805573 0.5392021 -0.7390551 16.59459 nan 0 0.0
0.1234047 0.02413573 3.604972 -1.747221 3.180666 2.642386 -0.130139 20.44856 1.002594 0 0.0
0.02784904 -0.06510189 0.7181202 -6.42769 0.6229093 0.5400473 0.1534787 19.05165 0.7429695 1 0.06727918
-0.02697323 -0.01157381 -2.147309 -1.912542 1.152355 0.9292188 -0.1677531 19.35955 1.083576 0 0.0
-0.002003655 -0.04171355 1.643159 -4.817854 0.8029659 0.6841554 0.2764461 19.23967 0.6959 1 0.8911151
0.00478213 0.03669744 1.70983 -4.465227 0.2145949 0.2074376 0.5344754 16.65962 0.380764 0 0.0
0.05090767 0.04836007 -5.872611 0.0922094 2.271437 2.292188 0.5153466 20.30207 -0.009599686 0 0.0
-0.05845915 0.0145573 -1.495243 -1.488562 0.7544134 0.6788657 0.341688 19.24747 1.136959 0 0.0
-0.01949411 -0.005819326 1.220627 -4.422604 0.6006389 0.5374494 0.3099126 18.79769 0.808197 0 0.0
0.02268995 -0.07815052 -5.624192 -2.3632 1.377623 1.253322 0.1998343 19.89691 1.001667 1 0.0
0.09783571 0.0751084 -0.4863969 -1.696452 2.429065 2.462899 0.5656527 20.45189 1.137558 0 0.0
-0.03044408 0.03136714 1.935349 -4.552672 1.039307 0.885121 0.2212916 19.44255 nan 0 0.0
0.12806 -0.004965448 1.162386 0.6235046 0.2279196 0.2068955 0.1880464 17.52126 1.457998 1 0.0
-0.05809796 0.01460712 1.838815 -3.473789 0.9730831 0.877426 0.2759252 19.58242 nan 0 0.0
0.05945621 0.05597663 2.653506 -3.507405 1.274979 1.174353 0.1536785 19.76129 1.187027 1 0.4126892
0.0308909 0.01031749 -0.9082466 -5.232291 0.7464161 0.6861191 0.3810742 19.1811 0.8547878 0 0.0
0.100285 0.001783403 1.110733 -3.219985 0.9101429 0.843466 0.2489102 19.70299 0.8549175 1 0.1704372
0.003618207 -0.02743901 0.6872479 -4.82219 0.7127991 0.6147126 0.2261596 18.90857 0.8670921 0 0.0
0.01401033 -0.03500837 -1.285008 -5.567871 0.9101247 0.772833 0.2120856 19.45838 0.9202938 1 0.0951081
-0.03169774 0.0002921883 -2.157465 -6.345681 1.565194 1.617749 0.5508259 19.88576 nan 0 0.0
-0.005101 0.01257328 2.037004 -4.987462 1.586938 1.309667 0.147499 19.00784 nan 0 0.0
-0.02436468 -0.02394413 1.384108 -4.724575 0.3626774 0.3174807 0.2295414 17.51402 nan 0 0.0
-0.01425837 -0.0005082929 3.828984 -6.055922 0.7435911 0.692424 0.4442206 18.45116 nan 0 0.0
-0.02796839 0.03700606 2.579481 -1.324589 0.8832423 0.849269 0.691787 19.1118 nan 0 0.0
0.04927012 0.02729622 -4.122982 -10.72742 2.271475 2.028949 0.01809539 20.08713 nan 0 0.0
-0.03667374 -0.007022463 2.856514 -1.534702 3.025721 2.728168 0.4764651 20.53304 -0.3273087 1 0.434692
-0.02197052 -0.005831337 -10.23878 -9.142345 0.292237 0.2491302 0.1278047 17.62178 0.838829 0 0.0
-0.01466721 -0.02468972 1.312827 -4.626594 0.05461215 0.04779187 0.2928049 14.20095 1.316832 1 0.9961575
0.1006552 -0.036467 -5.41043 -5.31037 0.5734926 0.5222462 0.2288273 18.92242 1.238394 0 0.0
0.09540732 0.07376821 -0.05842211 -4.785017 1.081954 0.9114252 0.06104797 19.12204 nan 0 0.0
0.0530073 -0.1126289 -8.49256 -3.723273 2.694097 2.595086 0.02871413 20.45842 -0.3318939 0 0.0
0.01891932 0.009702799 1.740762 -2.636762 0.7789687 0.6791213 0.1623797 19.11407 nan 0 0.0
0.03929316 -0.06921837 -0.5749787 -4.837221 0.7967134 0.6387132 -0.3634193 18.46413 0.8958054 0 0.0
0.01636091 -0.01336799 0.9233737 -6.008439 0.6316823 0.5699515 0.507129 18.64618 0.5827713 0 0.0
0.0300304 -0.01709845 -0.05159163 -5.326536 1.273945 1.169076 0.5014879 19.31226 0.9209194 0 0.0
-0.02880973 0.004485505 4.261849 -3.601681 2.052774 1.861421 0.416678 19.85285 0.6751938 0 0.0
