data/gcs/NGC_6544.ecsv
# %ECSV 0.9
# ---
# datatype:
# - {name: x, unit: deg, datatype: float64}
# - {name: y, unit: deg, datatype: float64}
# - {name: pmx, unit: mas / yr, datatype: float64}
# - {name: pmy, unit: mas / yr, datatype: float64}
# - {name: pmx_e, unit: mas / yr, datatype: float64}
# - {name: pmy_e, unit: mas / yr, datatype: float64}
# - {name: pm_corr, datatype: float64}
# - {name: g_mag, unit: mag, datatype: float64}
# - {name: bp_rp, unit: mag, datatype: float64}
# - {name: filter, datatype: int64}
# - {name: memberprob, datatype: float64}
# meta: !!omap
# - comments: [deg deg mas/yr mas/yr mas/yr mas/yr dimless mag   mag   zeroone float]
# - __serialized_columns__:
#     bp_rp:
#       __class__: astropy.units.quantity.Quantity
#       unit: &id001 !astropy.units.Unit {unit: mag}
#       value: !astropy.table.SerializedColumn {name: bp_rp}
#     g_mag:
#       __class__: astropy.units.quantity.Quantity
#       unit: *id001
#       value: !astropy.table.SerializedColumn {name: g_mag}
#     pmx:
#       __class__: astropy.units.quantity.Quantity
#       unit: !astropy.units.Unit {unit: mas / yr}
#       value: !astropy.table.SerializedColumn {name: pmx}
#     pmx_e:
#       __class__: astropy.units.quantity.Quantity
#       unit: !astropy.units.Unit {unit: mas / yr}
#       value: !astropy.table.SerializedColumn {name: pmx_e}
#     pmy:
#       __class__: astropy.units.quantity.Quantity
#       unit: !astropy.units.Unit {unit: mas / yr}
#       value: !astropy.table.SerializedColumn {name: pmy}
#     pmy_e:
#       __class__: astropy.units.quantity.Quantity
#       unit: !astropy.units.Unit {unit: mas / yr}
#       value: !astropy.table.SerializedColumn {name: pmy_e}
#     x:
#       __class__: astropy.units.quantity.Quantity
#       unit: &id002 !astropy.units.Unit {unit: deg}
#       value: !astropy.table.SerializedColumn {name: x}
#     y:
#       __class__: astropy.units.quantity.Quantity
#       unit: *id002
#       value: !astropy.table.SerializedColumn {name: y}
# schema: astropy-2.0
x y pmx pmy pmx_e pmy_e pm_corr g_mag bp_rp filter memberprob
[from data line 20143]
0.06785148 -0.02884805 -1.604693 -2.294223 0.4509167 0.3733692 -0.01643215 18.11761 2.96314 0 0.0
0.03477754 0.06346998 -2.298538 -18.11242 0.1266328 0.1050231 -0.1282087 15.82922 1.17674 1 0.9999999
0.01838159 -0.02600018 -0.1893502 -16.3171 0.4984743 0.418309 0.2143836 17.67901 1.789698 0 0.0
0.1296741 0.06823593 -2.968357 -18.40817 0.243518 0.1968568 -0.3404821 17.16075 1.775211 1 0.9999988
0.02374134 -0.05163586 -4.076772 -21.83576 2.067274 1.942893 0.6805058 19.45806 1.843525 0 0.0
0.1041868 0.1018981 -1.313664 -10.05554 1.662238 1.382819 0.6930229 19.20208 nan 0 0.0
0.0310852 0.0167562 -2.675212 -17.84887 0.3282656 0.2680671 -0.1334382 17.77546 1.772581 0 0.0
-0.02584193 0.003240035 1.53952 -4.443191 0.3610324 0.3020578 0.1817078 18.09082 2.365604 0 0.0
0.1490307 -0.03580333 -0.6162331 -2.065815 0.330034 0.2711909 -0.06759317 17.81729 nan 0 0.0
0.08603501 -0.006221113 -2.061797 -3.076381 0.7387886 0.5891292 -0.01156456 18.90492 2.777164 0 0.0
0.05264323 -0.02740245 -2.64373 -18.97735 0.08150554 0.06640088 -0.01524741 15.20368 2.036037 1 1.0
0.0002690292 0.08415627 0.8305774 -4.354219 0.7427908 0.6017097 -0.07686057 18.89435 2.099747 0 0.0
0.1354897 0.02157971 -0.1513395 -4.008003 0.4701026 0.4022795 0.1606863 18.37003 2.916269 1 0.0
0.03483627 -0.02226344 -1.655879 -6.865438 0.3891479 0.3463985 0.4162799 18.11587 2.745173 0 0.0
0.002232921 0.01581597 -1.141123 -18.10191 0.8502236 0.7267529 0.5493699 18.34296 1.880381 0 0.0
0.03243999 0.1193006 -6.383396 -7.393591 2.027249 1.763141 0.4466762 20.20066 1.965021 0 0.0
-0.0092191 0.01213447 -5.018951 -5.130551 0.3647433 0.2876338 -0.1856642 17.81972 nan 0 0.0
0.08488337 0.0885215 -4.208094 -8.613639 0.3164986 0.2579917 -0.1125041 17.72981 3.071762 1 0.0
0.100597 0.07874021 -3.104611 -6.370215 0.5071049 0.4557398 0.3911104 18.114 2.434671 0 0.0
0.006110395 0.1109791 0.3545934 -5.85895 0.3983815 0.3008285 -0.3520004 17.74222 2.822693 1 0.0
-0.005014291 0.006582417 0.6747365 -14.77679 0.9960012 0.9361792 0.4368 18.38167 nan 0 0.0
0.0520864 0.02894468 -2.946562 -18.82755 0.7862602 0.7084423 0.383196 18.64124 nan 0 0.0
0.139383 -0.03364242 -4.565443 0.2810675 0.2552448 0.2096704 -0.09353939 17.41759 1.88232 0 0.0
0.1378794 -0.06746947 -4.10876 -6.242181 0.9106827 0.736005 -0.1523868 18.96775 1.894035 0 0.0
0.05440721 0.02197232 -4.655653 -4.183922 0.2387361 0.1927642 -0.1748502 16.83197 3.619444 1 0.0
1.992325e-05 0.0541804 -2.387285 -19.06115 0.818694 0.6900359 0.5049772 18.86332 2.197197 0 0.0
0.04553468 -0.03219087 0.8643244 -0.7339826 0.09656576 0.07932805 0.04739675 15.57521 1.68097 1 0.0
0.1292103 -0.03079316 -5.290675 -0.6778741 0.5839173 0.5013261 0.16207 18.65364 1.894775 0 0.0
0.06704937 0.02150259 0.6515634 -3.174021 1.686982 1.359296 -0.6439899 18.83294 nan 0 0.0
0.05960802 0.1364756 -9.721956 -8.660556 1.681926 1.456739 0.2874606 19.88462 1.991201 0 0.0
0.02356455 0.03568449 -5.125258 -0.7901319 0.7338953 0.6533128 0.295126 18.22549 2.852501 0 0.0
0.08380645 0.1330893 -0.529505 1.496748 0.2443787 0.2189075 0.3412345 17.69669 1.832701 0 0.0
0.1538822 0.06268242 -4.631645 -6.689747 1.441502 1.663772 0.7914214 19.34972 2.389288 0 0.0
0.03684221 0.02729653 -3.04544 -6.180447 0.6327302 0.5215131 0.1617789 18.17751 2.476032 0 0.0
0.1131916 -0.03967514 -4.256312 -2.812797 0.7269282 0.6067851 -0.0007323519 18.30846 2.227079 0 0.0
0.07845852 0.08325195 -0.332563 -18.67351 1.226685 1.116518 0.3800137 18.69522 nan 0 0.0
0.08042013 0.03547925 -0.4539317 -17.78414 0.6762724 0.5992132 0.3210348 18.75047 2.014311 0 0.0
-0.0230765 0.006124497 -4.594713 -8.434407 1.574661 1.851228 0.7587164 19.27251 3.782703 0 0.0
0.1080322 0.09913871 -3.958987 -4.886836 0.6900244 0.6132611 0.1895404 18.48497 3.041403 0 0.0
0.07540906 -0.06006431 -3.694791 -21.36015 1.039845 0.8690077 0.2471094 18.36193 1.561083 0 0.0
0.0393297 0.1065956 -2.710179 -19.1778 0.4119272 0.3413538 0.02072001 18.09127 1.836235 0 0.0
-0.01016221 0.04378875 -0.938507 -3.054614 1.961702 1.766649 0.6804186 19.42724 2.267771 0 0.0
0.1185787 0.09904697 -0.3835065 -0.5595485 0.243547 0.2104748 0.2519553 17.66752 2.381754 0 0.0
0.111193 -0.01773117 -1.997823 -4.37465 0.7552701 0.641978 0.123324 18.83676 1.835224 0 0.0
0.05383435 0.0404357 -5.415263 -11.58384 0.6836777 0.5719973 0.1742305 18.56651 2.365498 0 0.0
0.04613563 0.0956985 -1.907235 -2.43188 0.2958873 0.2378479 -0.1591094 17.49926 2.775757 0 0.0
0.08272147 0.001751974 -2.412665 -18.54379 0.3005179 0.2520467 -0.03054279 17.50528 2.101589 0 0.0
0.05744305 -0.05253773 -3.022266 -8.263931 0.2867346 0.255458 0.2461781 17.85007 2.29504 0 0.0
0.1054128 0.04651725 -2.354204 -3.222055 0.5001394 0.432103 0.1547182 18.07726 2.673349 0 0.0
0.01934417 0.1164537 -7.318903 -9.047618 1.591113 1.236345 -0.1803439 20.06108 2.178198 0 0.0
0.04702768 -0.03268734 -6.358298 -3.229632 0.1903023 0.1564158 0.0474251 16.80812 nan 0 0.0
0.1625414 0.01893956 0.1587367 -3.251884 0.2030912 0.161657 -0.04717641 16.68333 1.784481 1 0.0
0.02413552 -0.01547262 -0.7198574 -1.883391 1.103624 0.9493048 0.4712149 19.03416 1.888691 0 0.0
0.08308191 0.003031562 1.573473 -1.208232 0.5791232 0.5161163 0.2998255 18.34058 1.819452 0 0.0
4.760502e-05 0.08162331 1.77583 -0.7373231 0.5761899 0.4986308 0.2132526 18.22984 nan 0 0.0
0.0412004 0.07143308 -3.10469 -3.846413 1.456718 1.307845 0.7622999 19.14422 2.190647 0 0.0
0.004143156 0.06093234 2.021674 -0.9777511 2.421488 1.992103 0.6268387 19.74506 nan 0 0.0
0.06415168 -0.01806382 -2.263465 -2.894884 1.416832 1.371329 0.7058348 19.12655 nan 0 0.0
0.01710445 -0.06253525 -3.354151 -0.6622335 0.9092986 0.8427725 0.4387912 19.26312 2.470003 0 0.0
-0.01721003 -0.01147365 -2.285211 -18.72747 0.7548178 0.5436036 -0.04896863 18.33489 nan 0 0.0
-0.02730541 -0.007927808 -4.889267 -4.429642 0.9471605 0.6581684 0.02432844 18.70573 2.960678 0 0.0
-0.05458557 -0.04727978 -5.815096 -7.838766 0.3404561 0.2813725 -0.1022579 17.81025 3.44416 0 0.0
-0.05645701 -0.06603939 1.323902 1.088259 0.6558928 0.5113123 -0.06582453 18.43075 1.632746 0 0.0
-0.05025748 -0.0837178 -2.922994 -18.9569 0.8141231 0.7028039 0.3820186 18.83199 1.517788 0 0.0
-0.01250731 -0.02257003 -6.781293 -3.33723 0.6902873 0.6246211 0.4507727 18.65931 1.964489 0 0.0
-0.05128605 -0.00350852 -2.352028 -18.34473 0.5002911 0.4162684 0.4547616 18.3763 2.027683 0 0.0
0.0172442 -0.05174731 -0.8399974 -4.695534 0.9456376 0.8520008 0.3423471 19.33649 2.456995 0 0.0
0.003336239 -0.1011922 -1.912651 -18.77165 0.4231668 0.3533062 -0.2042131 18.04834 2.337683 0 0.0
-0.02946221 -0.00986045 -4.673029 -7.000789 0.3324354 0.2758036 0.1236487 17.93688 2.887455 0 0.0
-0.06541194 -0.01749991 -4.573084 -7.64194 0.7497714 0.6242536 0.1123101 18.93052 2.822392 0 0.0
-0.0986457 -0.06132436 -4.402586 -0.1608122 0.6729335 0.5457209 0.08363951 18.95049 nan 0 0.0
-0.1051797 -0.0177316 -3.528123 -5.49401 0.6914272 0.5368631 -0.05314344 18.48527 2.403204 0 0.0
-0.1272051 -0.08605078 -2.028471 -1.379366 0.143046 0.1068726 -0.2178891 16.23782 1.654617 0 0.0
-0.0537418 -0.01683812 -3.821003 -5.302118 0.452088 0.3742866 0.2196142 17.92007 3.078161 0 0.0
-0.05289323 -0.06069151 -4.827573 -8.112464 0.3885023 0.3219164 0.1688685 17.69108 3.089245 0 0.0
-0.04881567 -0.02563848 -1.642112 -6.346357 0.4066056 0.3346671 -0.1252711 17.86948 3.378227 0 0.0
-0.1408059 -0.0842174 -1.036191 -2.386821 0.5652356 0.4729842 0.5286579 18.40088 2.541006 0 0.0
-0.1093509 -0.08493685 2.525955 1.877685 0.2971727 0.2388232 0.02076331 17.78454 1.756771 0 0.0
-0.02736055 -0.008726999 -2.764281 -18.96077 0.9408248 0.7982321 0.7896886 18.53131 2.347727 0 0.0
0.0255082 -0.06400727 -2.337806 -19.41015 0.6425105 0.5210278 0.2350013 18.63767 1.687809 0 0.0
-0.009713814 -0.02827847 -3.859812 -19.01895 0.5176272 0.4450231 0.4801834 18.12442 1.837139 0 0.0
-0.1091424 -0.008673242 -1.505065 0.6007014 1.521072 1.642446 0.6679312 19.25246 2.119032 0 0.0
-0.1189257 -0.1016961 -0.06329537 -0.7311028 0.1959046 0.1607406 0.1586311 17.17428 1.61949 1 0.0
-0.0485099 -0.02966096 -3.899965 -18.84634 0.8438998 0.6424431 0.09547192 18.65387 2.047731 0 0.0
-0.09946924 -0.1024989 -3.279191 -19.31672 0.7371722 0.5810548 0.3594538 18.76969 1.483917 0 0.0
-0.05426452 -0.02301816 -0.6906568 -2.324846 0.3240657 0.255273 0.3219076 15.86044 5.161407 1 0.0
-0.06144337 -0.1003607 -7.544418 -5.466476 0.3568858 0.3031381 -0.01470306 17.49461 3.16616 0 0.0
-0.07563131 -0.08337223 -1.742222 -3.188342 0.7948387 0.650033 0.1693614 18.69868 nan 0 0.0
-0.07412285 -0.01820104 -3.212853 -4.454165 0.3740091 0.3078122 -0.1321996 17.87842 3.12149 0 0.0
0.02824455 -0.06601631 -2.80513 -18.13504 0.636379 0.5592428 0.4267338 18.65886 1.706167 0 0.0
0.01842805 -0.08483042 -0.5135642 -0.4460647 0.1606251 0.1347437 0.1025387 16.50096 2.895603 1 0.0
-0.02091376 -0.02455863 -2.177763 -18.6063 0.217805 0.1805496 0.04383313 17.07874 1.965322 0 0.0
-0.0987891 0.01383079 -1.028776 -5.769128 1.780601 1.906223 0.7113687 19.38357 nan 0 0.0
-0.03637411 -0.01758516 -2.675512 -18.8849 0.1826926 0.1522973 0.2256635 15.95109 1.262105 0 0.0
-0.089944 -0.05243516 0.5880112 -2.175736 0.3105058 0.2574549 -0.04723645 17.54536 1.753864 0 0.0
-0.04906331 -0.02875709 -2.436408 -20.3224 1.276607 1.356247 0.6491943 19.15806 2.370056 0 0.0
-0.07182846 -0.110872 -1.093731 0.8552155 0.5864171 0.4699559 0.3417252 18.56207 2.020147 0 0.0
0.02937867 -0.06305065 -2.151631 -5.57708 1.777693 1.744669 0.7570186 19.35032 2.256578 0 0.0
-0.1471003 -0.06740769 -1.502488 -1.328781 0.8713752 0.6795256 0.1095046 19.11667 3.487089 0 0.0
-0.05616712 -0.09536472 -0.2021878 -0.1455483 0.2972684 0.2714965 0.1531217 17.42853 2.059887 1 0.0
-0.05240898 -0.02942223 -1.757374 -5.559933 0.3450686 0.2879858 -0.05478955 16.73087 4.554612 1 0.0
0.02138891 -0.06543891 -0.7352169 -5.411868 0.6073929 0.5170226 0.2243382 18.95027 2.597065 0 0.0
-0.04478867 0.002780641 1.474473 -17.31713 2.03721 1.90514 0.6394633 19.8612 nan 0 0.0
-0.05410953 0.001817494 0.09221146 -1.108454 2.402336 2.375489 0.7805926 19.80264 nan 0 0.0
-0.06950427 0.03033034 -7.91661 -4.480259 1.502023 1.499965 0.7848754 19.38624 2.468098 0 0.0
-0.04574573 -0.02682176 -5.699225 -19.74574 0.7541542 0.6576231 0.2015614 18.25264 1.921993 0 0.0
-0.09619472 -0.08450813 -2.28566 -7.099467 0.1896016 0.1539048 0.007557732 16.41203 3.355546 1 0.0
-0.1214137 -0.07301391 -0.995732 -2.424365 0.3757299 0.3045735 0.007915756 16.3048 4.685498 0 0.0
0.03670323 -0.06740519 -2.820581 -15.65727 0.9955865 0.7058383 -0.05431312 18.98923 1.8764 0 0.0
0.02172278 -0.05334638 -1.546705 -3.991178 1.386124 1.489384 0.7021468 19.20367 2.043388 0 0.0
-0.07544961 -0.01930239 4.453637 -5.32366 0.6218842 0.4606603 0.01346763 18.14325 1.916994 0 0.0
-0.103852 -0.01801848 -3.66544 -19.14691 0.7372311 0.5793555 -0.002892617 18.49233 2.092451 0 0.0
-0.09527617 -0.05723235 -0.5798693 0.4512601 0.2825577 0.2276891 -0.1282888 17.41851 2.93082 1 0.0
-0.05324473 -0.01515944 -3.071578 -9.033859 0.7434315 0.6120053 0.3244899 18.18653 2.947088 0 0.0
0.02174798 -0.06712697 -1.211126 -6.504098 1.705579 1.517639 0.6688177 19.37685 2.085276 0 0.0
-0.04423201 -0.08349805 -1.354691 -7.435737 0.6790697 0.6010563 0.4541462 18.03852 2.758709 0 0.0
0.02301987 -0.06569288 0.3645819 -1.704538 0.9166541 0.7434414 0.3393512 18.7819 1.893881 0 0.0
0.0162442 -0.08710176 0.7888418 -1.7889 0.5824197 0.5270216 0.439007 18.39629 nan 0 0.0
-0.03488122 -0.01589291 -2.538865 -7.539264 0.3430047 0.2848708 0.2383592 18.02619 1.878796 0 0.0
-0.1136976 -0.1068734 -2.73368 -10.63626 0.5859329 0.5076987 0.544761 18.44455 2.906986 0 0.0
-0.05739095 -0.01968744 -2.7963 -4.725016 0.5216279 0.4680144 0.3780875 18.23754 2.610256 0 0.0
-0.05010302 -0.05588954 -8.718796 -7.188054 0.7010071 0.5593571 -0.02734862 18.32534 2.820198 0 0.0
-0.1040999 -0.1168327 -3.38388 -2.443315 0.3715881 0.3171791 0.3424206 18.02085 2.606569 0 0.0
-0.004236736 -0.08204439 -2.556858 -19.78192 0.4722106 0.3932849 0.4021305 18.19239 1.771263 0 0.0
0.02371133 -0.0638734 -0.685106 -15.61023 0.8814667 0.7561391 0.5396218 18.96582 1.648525 0 0.0
-0.1168925 -0.06030659 1.21197 -18.47843 0.8067456 0.7177688 0.4090426 18.74231 nan 0 0.0
-0.05008588 -0.09777678 -4.805708 -5.479616 0.2161031 0.1873855 0.002387513 16.95597 2.770559 1 0.0
0.02426436 -0.06316397 -2.388002 -18.74063 0.6232149 0.517225 0.2428996 18.78738 1.665545 0 0.0
-0.113682 -0.09393584 -10.88903 -4.269505 2.386503 2.0755 0.39681 20.02903 1.63146 0 0.0
0.01513925 -0.08210628 -0.7981791 -2.019297 0.6945023 0.5608346 -0.003488402 18.46809 1.77776 0 0.0
-0.0713844 0.02835516 1.063133 -3.627825 0.8542807 0.7200141 0.3887568 19.14084 2.54213 0 0.0
-0.08618773 -0.04710906 -3.404115 -3.386883 0.3069331 0.253595 -0.05926268 17.42126 3.664172 0 0.0
-0.04930239 -0.05310831 -3.774915 -6.310487 0.5275436 0.4175803 -0.2847902 17.9824 3.341297 1 0.0
-0.03257101 -0.07166694 0.8770202 -1.455646 0.1783215 0.1534996 0.02228275 16.73408 1.507863 0 0.0
-0.09026486 -0.06723451 -2.567069 -20.04191 0.9397365 0.775368 0.008153344 18.74837 nan 0 0.0
-0.1099298 -0.08672837 -1.157502 -1.536429 0.4748089 0.383994 -0.04816169 15.93334 4.994167 0 0.0
-0.1095178 -0.05283443 -6.629537 -3.655529 1.094362 0.8836861 0.362255 18.55002 1.744213 0 0.0
-0.0884201 -0.09530169 -6.596774 -6.087025 2.146941 2.090403 0.6413488 19.74365 2.198608 0 0.0
-0.05625043 -0.09448165 -2.01448 -17.76579 0.3097938 0.2613557 -0.04077934 17.6623 1.703436 0 0.0
-0.142364 -0.07531951 5.138184 6.114042 2.016992 1.936735 0.752794 19.88059 2.593327 0 0.0
-0.07718542 -0.02953067 -1.968849 -18.34658 1.814238 2.101902 0.620195 19.69655 nan 0 0.0
-0.04914086 -0.04225734 -3.921625 -8.605591 0.3636585 0.3057037 -0.03644107 17.10493 4.459445 0 0.0
-0.01579028 -0.0834663 -1.983654 -5.704116 0.3995948 0.3425192 -0.01056884 17.33937 2.738058 0 0.0
-0.04942868 -0.01411453 -0.8048844 -2.096877 0.2316801 0.1910741 0.1630218 17.43855 2.958463 0 0.0
-0.1178503 -0.09919069 -0.6241026 -2.102009 0.1928989 0.1591897 0.105809 17.16222 1.866824 0 0.0
-0.04714009 0.003701011 -0.5875579 -2.526885 0.8501892 0.7158613 0.5369953 18.99679 2.588318 0 0.0
-0.06413155 -0.08613897 -1.629925 -3.800022 0.7646178 0.6314472 0.2491841 18.52846 1.865749 0 0.0
-0.1345867 -0.0843859 -0.9680623 2.14408 1.990388 1.835203 0.7236559 19.7301 nan 0 0.0
-0.01474352 -0.05383553 -2.264022 -17.53118 0.7092579 0.6301677 0.2923071 18.92684 1.888704 0 0.0
-0.1035137 -0.09107155 -5.839936 -5.795302 0.3405512 0.2744069 0.0164325 17.8982 nan 0 0.0
-0.01449902 -0.01722395 -4.493389 -1.307001 0.6348397 0.5939138 0.5170263 18.16675 nan 0 0.0
-0.1307562 -0.07363767 -4.844903 -4.641536 0.8146768 0.652566 0.2691834 18.86286 2.138559 0 0.0
-0.1050389 -0.08523636 -2.778363 -18.37948 0.774404 0.6208686 -0.002683243 19.15079 1.65764 0 0.0
-0.07233676 -0.09246638 -0.6749342 -5.167218 0.3421931 0.2749796 0.05454075 17.92676 1.646502 0 0.0
-0.07969506 -0.0823887 0.874333 -4.299909 1.618256 1.590322 0.775087 19.21685 2.756376 0 0.0
-0.05178353 -0.004391831 -0.8600964 -1.007926 0.2862281 0.2344717 0.05810068 17.94794 1.868212 1 0.0
-0.09827525 -0.07511228 -0.6257623 -5.913496 1.159684 1.052267 0.6357483 18.63232 nan 0 0.0
-0.07857673 -0.05911834 -1.038807 1.123542 0.7757663 0.7141653 0.290985 18.79411 2.432905 0 0.0
-0.04908925 -0.03303338 -2.76412 -4.076859 0.3006467 0.2519222 -0.08176319 17.76019 2.854242 0 0.0
-0.02538637 -0.05960128 7.868669 6.836701 0.6398883 0.5614002 0.4055942 18.04937 nan 0 0.0
-0.1112858 -0.05444582 0.2788771 -13.66744 1.839193 1.81389 0.7841509 19.37079 2.324156 0 0.0
-0.06294729 -0.02402748 -3.820681 -4.55895 1.769075 1.592803 0.2494894 19.88572 nan 0 0.0
-0.1105075 -0.08974631 -2.274175 -5.286899 0.1448264 0.1184646 0.1242409 16.30212 nan 0 0.0
0.002313733 -0.09947557 -0.7729914 -0.3251937 0.2570263 0.2177005 -0.4131489 17.22676 1.900288 1 0.0
0.01157131 -0.1065256 -3.367354 -7.425403 0.7591024 0.651453 -0.3285542 18.58779 2.842941 0 0.0
-0.04794866 -0.05062822 -3.047175 -5.898149 0.3543365 0.2924027 -0.2523262 17.72649 2.734381 0 0.0
