data/gcs/NGC_6273_M_19.ecsv
# %ECSV 0.9
# ---
# datatype:
# - {name: x, unit: deg, datatype: float64}
# - {name: y, unit: deg, datatype: float64}
# - {name: pmx, unit: mas / yr, datatype: float64}
# - {name: pmy, unit: mas / yr, datatype: float64}
# - {name: pmx_e, unit: mas / yr, datatype: float64}
# - {name: pmy_e, unit: mas / yr, datatype: float64}
# - {name: pm_corr, datatype: float64}
# - {name: g_mag, unit: mag, datatype: float64}
# - {name: bp_rp, unit: mag, datatype: float64}
# - {name: filter, datatype: int64}
# - {name: memberprob, datatype: float64}
# meta: !!omap
# - comments: [deg deg mas/yr mas/yr mas/yr mas/yr dimless mag   mag   zeroone float]
# - __serialized_columns__:
#     bp_rp:
#       __class__: astropy.units.quantity.Quantity
#       unit: &id001 !astropy.units.Unit {unit: mag}
#       value: !astropy.table.SerializedColumn {name: bp_rp}
#     g_mag:
#       __class__: astropy.units.quantity.Quantity
#       unit: *id001
#       value: !astropy.table.SerializedColumn {name: g_mag}
#     pmx:
#       __class__: astropy.units.quantity.Quantity
#       unit: !astropy.units.Unit {unit: mas / yr}
#       value: !astropy.table.SerializedColumn {name: pmx}
#     pmx_e:
#       __class__: astropy.units.quantity.Quantity
#       unit: !astropy.units.Unit {unit: mas / yr}
#       value: !astropy.table.SerializedColumn {name: pmx_e}
#     pmy:
#       __class__: astropy.units.quantity.Quantity
#       unit: !astropy.units.Unit {unit: mas / yr}
#       value: !astropy.table.SerializedColumn {name: pmy}
#     pmy_e:
#       __class__: astropy.units.quantity.Quantity
#       unit: !astropy.units.Unit {unit: mas / yr}
#       value: !astropy.table.SerializedColumn {name: pmy_e}
#     x:
#       __class__: astropy.units.quantity.Quantity
#       unit: &id002 !astropy.units.Unit {unit: deg}
#       value: !astropy.table.SerializedColumn {name: x}
#     y:
#       __class__: astropy.units.quantity.Quantity
#       unit: *id002
#       value: !astropy.table.SerializedColumn {name: y}
# schema: astropy-2.0
x y pmx pmy pmx_e pmy_e pm_corr g_mag bp_rp filter memberprob
[from data line 16706]
-0.07944687 -0.07950468 3.069541 0.01398771 2.750419 1.4911 0.5507382 20.35868 nan 0 0.0
-0.05817287 -0.1289953 4.601487 -7.453526 3.082449 1.629887 -0.01947328 20.68217 1.845392 1 0.0
-0.06883829 -0.09863813 -0.5847027 -1.215278 0.2192778 0.1237529 0.131191 17.40375 1.241308 1 0.0
-0.1107864 -0.09467853 -3.893937 -7.360129 3.471026 1.885844 0.2833529 20.53241 nan 0 0.0
-0.0565248 -0.03326095 -3.286991 1.86973 0.1590333 0.09291692 0.2874233 16.79928 1.296965 1 0.9951535
-0.01512698 -0.06668208 -1.152693 -5.603497 0.09667917 0.05547011 0.2832399 15.67064 1.545687 1 0.0
-0.09805249 -0.1008411 -6.554171 -0.9239662 0.5752364 0.370983 0.4468094 18.74076 nan 0 0.0
0.02372549 -0.1289908 -3.130815 -5.002458 1.061358 0.6898721 0.4604393 19.66777 1.052025 1 0.0
-0.0483033 -0.03389811 -3.154597 1.77432 0.5968443 0.3850498 0.4233946 18.8567 0.9933014 0 0.0
-0.07797065 -0.07869878 0.5198046 -4.260118 2.234007 1.110224 0.3642789 20.14378 1.213285 0 0.0
-0.06505231 -0.07248622 -9.817866 -6.974824 1.840431 1.112326 0.2960126 20.30277 nan 0 0.0
-0.02696144 -0.1025919 -9.836368 -0.2154077 1.702271 1.078065 0.4427311 19.30667 1.13423 0 0.0
0.02626524 -0.1398956 0.7055621 -7.756487 1.054822 0.568169 0.5813754 19.23723 1.204222 0 0.0
-0.07445692 -0.1416179 -1.523189 -4.813132 0.6748574 0.4487552 0.4523503 18.98344 nan 0 0.0
0.01564673 -0.1363212 -8.616884 -3.399405 2.956221 1.683153 0.08270101 20.71725 nan 0 0.0
-0.071945 -0.0273548 0.02070333 -4.309844 0.6021257 0.3789974 0.4443904 18.84237 1.078825 0 0.0
-0.1147358 -0.09646002 -4.407927 -6.188538 1.933351 1.03421 0.3366539 20.48591 nan 0 0.0
-0.05241349 -0.04991018 -4.818514 -3.279021 0.8156291 0.4345671 0.3368287 18.86574 nan 0 0.0
-0.05340868 -0.1161814 -7.771727 -1.847683 1.224748 0.7460564 0.5029303 19.7546 nan 0 0.0
0.01566043 -0.1360676 -5.434286 -8.463644 0.7340354 0.4513907 0.4323395 19.04928 1.147076 0 0.0
0.01248962 -0.1365192 -2.656287 1.493613 0.9178902 0.6152731 0.4186314 19.43131 1.058838 0 0.0
-0.08062195 -0.139522 -12.68915 -10.33837 3.310383 2.188706 0.01926468 20.56634 1.003288 0 0.0
0.001146524 -0.07921427 -2.706022 1.75044 0.486643 0.3053021 0.4794195 18.43468 nan 0 0.0
-0.06318365 -0.01357292 -4.192751 -4.633457 0.8923124 0.5953555 0.4517041 19.44301 1.064697 0 0.0
-0.003762453 -0.07710862 -3.625553 1.113844 0.5625744 0.3343256 0.4885724 18.53541 1.050201 0 0.0
-0.08907601 -0.09365084 -1.087203 -4.384314 1.128516 0.6882397 0.4852454 19.75577 0.6880875 0 0.0
-0.05501664 -0.1267717 0.4653125 -6.035291 1.987106 1.192071 0.4216134 20.35864 1.05188 0 0.0
-0.06903244 -0.04817937 -3.830775 -3.271456 0.4640862 0.2861716 0.3377281 18.45778 1.269753 0 0.0
-0.1018604 -0.1081114 -0.9444992 -3.188285 0.3090168 0.1776842 0.2868637 18.03859 1.04796 1 0.0
-0.003776119 -0.07735657 -1.286785 -4.156423 1.185627 0.7121191 0.4651595 19.30994 nan 0 0.0
-0.08513689 -0.09574406 -2.879408 0.4532045 1.305074 0.8475631 0.5330711 19.87251 1.091604 0 0.0
-0.1052885 -0.1265452 -10.82496 -7.957683 2.179373 1.114636 0.273738 20.39478 0.8450108 0 0.0
-0.0519948 -0.06856194 -4.981744 -5.599275 0.8740728 0.5621483 0.5145779 19.31456 0.975565 0 0.0
-0.03691284 -0.06330905 0.09528468 -8.489579 2.103948 1.099988 0.311713 20.28086 -0.6962509 0 0.0
-0.04028694 -0.1134696 -5.571201 -4.494977 0.683739 0.4291431 0.3109954 18.64732 1.352413 0 0.0
-0.03595312 -0.1150837 -6.29029 -6.156174 0.7397505 0.4600996 0.5125148 19.15189 1.248756 0 0.0
-0.03515069 -0.0566881 -3.958984 -6.766085 0.2162613 0.1244762 0.2200755 17.47696 1.500397 1 0.0
-0.09590151 -0.1228463 -4.330923 -8.370414 2.147864 1.096281 0.7621471 19.71909 0.7958183 0 0.0
-0.02476193 -0.1591385 -2.823286 -7.74409 2.418051 1.343295 0.6629719 20.30891 0.6496086 0 0.0
-0.01115896 -0.08927224 -0.781423 -2.444353 0.9041895 0.6032506 0.4480573 19.43673 1.507528 1 0.0
-0.04391266 -0.06896677 -4.123476 -7.153246 1.493368 0.9319937 0.5372398 19.98218 0.8398266 0 0.0
-0.07453084 -0.02683763 -0.8706198 -2.572741 0.1737015 0.1013327 0.2444662 16.36871 0.9079514 0 0.0
-0.07840893 -0.1380824 -4.45636 -4.938868 1.822524 1.090736 0.1246473 20.28255 nan 0 0.0
0.01185164 -0.09389763 -3.308 -6.182776 1.098452 0.676231 0.4065402 19.58906 1.007362 1 0.0
-0.07586929 -0.09279841 -3.042055 1.923537 1.21868 0.777755 0.4999516 19.87414 0.8141537 0 0.0
-0.03599909 -0.05521207 -2.365791 -1.61419 0.2584894 0.1507364 0.1779505 17.56298 1.278503 1 0.0
-0.1013675 -0.1089083 -5.023335 -3.561908 0.6089215 0.3669506 0.4028387 18.99996 1.066891 1 0.0
-0.1072235 -0.1034585 0.1388745 -6.318285 1.633226 0.9378896 0.4594204 20.06446 0.9520473 0 0.0
-0.03297542 -0.1071253 -0.5591118 -11.13298 0.9072233 0.5784149 0.5085494 19.40832 0.9705925 0 0.0
-0.06465464 -0.02546033 -1.362338 2.074654 0.4288903 0.2821808 0.2000309 18.5201 1.187105 0 0.0
0.03258874 -0.1546372 -0.5021133 -6.681569 2.118129 1.451555 0.2384229 20.26358 1.273029 0 0.0
-0.03278582 -0.05255991 -4.997265 -4.904597 0.9610183 0.6043099 0.5212791 19.3651 nan 0 0.0
0.02267168 -0.1359619 0.5912637 -5.449483 1.68133 0.9928505 0.3300379 20.31425 0.8943443 0 0.0
-0.03148563 -0.106011 -3.015694 1.862146 0.5499447 0.346082 0.4675067 18.64746 0.1285305 0 0.0
-0.06471839 -0.1071425 -5.518424 -9.335613 0.233593 0.1334672 0.1938189 17.57699 1.302017 1 0.0
-0.07801154 -0.1396309 -3.960733 -4.178954 2.266238 1.598809 0.09301879 20.43435 0.7760906 0 0.0
0.03240989 -0.1589363 -3.785209 -4.9103 0.5635791 0.351379 0.4338324 18.73324 1.467039 1 0.0
0.01286354 -0.09241001 -0.2532357 3.472006 2.863808 1.753253 0.4186573 20.46869 2.913258 0 0.0
-0.07564708 -0.07717137 -1.933402 -4.08893 2.643444 1.379408 0.4390242 20.47756 nan 0 0.0
0.03363786 -0.1183045 -2.834554 -5.965721 0.2538358 0.1531543 0.1222441 17.597 1.318937 1 0.0
-0.101914 -0.1093036 -4.955839 -4.837237 1.588995 0.8902736 0.682077 19.84955 0.7473602 1 0.0
-0.1033076 -0.1254028 -8.633291 -8.706619 0.8774934 0.4297446 0.537131 18.9379 0.5237808 0 0.0
-0.04529374 -0.06923433 -3.131625 -5.319971 0.9512812 0.6055289 0.4822634 19.47428 1.505203 1 0.0
-0.03216907 -0.1063584 -1.04826 -0.0465905 1.572755 1.601382 -0.1058539 19.90036 nan 0 0.0
-0.07172753 -0.02507538 -2.446606 -5.183812 0.7103951 0.4840187 0.4536728 19.17113 0.7440548 0 0.0
-0.09126803 -0.1225851 -8.720474 -8.631458 2.442786 1.32558 0.3335536 20.62556 1.437645 0 0.0
-0.0647825 -0.0169746 -3.861482 -3.486721 0.4560186 0.2914151 0.3640837 18.6543 1.158522 0 0.0
-0.003063127 -0.1505242 -4.25662 2.665114 2.064631 1.2836 0.4733139 20.35643 1.406841 0 0.0
-0.03331912 -0.05293008 -3.769083 -7.933383 0.7468416 0.4812722 0.4429262 19.15955 nan 0 0.0
-0.1010671 -0.1241992 -2.94217 -0.7818396 1.09345 0.4515726 0.836731 18.30957 1.119852 1 0.0
-0.04199784 -0.1450768 -5.397599 -6.485144 1.852228 1.138194 0.1365106 20.42904 0.8948326 0 0.0
-0.06438572 -0.1153554 -3.276877 1.446744 0.3776829 0.2221258 0.2307148 18.11406 1.412882 1 0.9617508
-0.0120767 -0.07324109 -0.04387061 -2.827914 0.213828 0.1182615 0.1935971 17.04658 0.9276228 0 0.0
-0.06517572 -0.07188357 -3.737794 -17.2175 3.026601 1.847063 0.484723 20.14358 0.9596233 0 0.0
-0.03423525 -0.05369138 0.03274696 -10.7317 1.307437 0.905593 0.271208 19.75249 1.126003 0 0.0
0.01873176 -0.1593395 -4.980809 -6.504454 0.5394272 0.3419053 0.3847533 18.56247 1.247686 1 0.0
-0.04192965 -0.1446896 0.4799843 -0.7616834 2.707752 1.223142 0.7327182 20.16327 1.579195 0 0.0
-0.05646358 -0.1026559 -8.130617 -7.649679 2.082294 1.226643 0.5105633 20.36802 0.9016781 0 0.0
-0.03345368 -0.1078407 -1.165963 -1.657504 2.394533 1.533553 0.189649 20.52518 nan 0 0.0
-0.07587276 -0.02488538 -3.217977 1.680104 0.3340482 0.214345 0.337357 18.21067 1.208818 1 0.9909525
-0.1162942 -0.09664086 -5.682297 -5.122934 1.536041 0.8845803 0.530533 19.8713 1.051098 1 0.0
-0.03163723 -0.05153153 -5.861766 1.023843 1.797333 1.152818 -0.01415723 20.08262 0.7978096 0 0.0
-0.0334948 -0.1074631 -1.838114 -11.32341 1.496152 0.9456126 0.5337233 20.07989 1.036976 0 0.0
-0.1057169 -0.09152096 -0.3333999 -4.131169 2.494142 1.219054 0.5604717 20.38092 nan 0 0.0
-0.004432479 -0.07720782 -3.636018 2.122008 0.430209 0.2456649 0.3868342 18.08352 1.231319 0 0.0
-0.009950023 -0.1559281 1.899358 1.24057 1.634626 1.03237 0.568301 20.17163 1.191137 0 0.0
-0.08485175 -0.03709481 -2.110072 -3.81523 0.8207126 0.5803235 0.3690666 19.31894 2.490644 0 0.0
-0.01624391 -0.09836516 -3.73983 -4.380121 1.012818 0.6383987 0.5281842 19.56942 1.258915 1 0.0
-0.1196204 -0.0927914 -3.073708 -4.659879 0.4166145 0.2430467 0.2523076 18.29744 1.366854 1 0.0
-0.04256259 -0.09593043 0.1418657 -0.4283681 1.685803 0.9386673 0.4210594 20.23431 1.106575 0 0.0
-0.07548613 -0.07236856 -4.013472 -5.335075 1.771534 0.9872308 0.6805379 19.88024 0.8996525 0 0.0
-0.08918476 -0.04121793 0.479605 -3.764663 0.7333898 0.4089593 0.5357799 18.81786 1.194118 1 0.0
-0.05888436 -0.07384477 -2.740697 2.285246 0.8979493 0.5611246 0.540431 19.36354 0.8977203 1 0.9410594
-0.02166823 -0.1159289 -2.220231 -2.023875 0.5635369 0.357072 0.4734757 18.67585 1.268404 1 0.0
-0.07306637 -0.02796204 -1.13492 -4.150489 0.6496936 0.3968983 0.2747217 19.04857 1.07305 0 0.0
-0.04055228 -0.0584637 -3.976071 -9.593564 0.8692507 0.5574146 0.4748238 19.15355 1.034922 0 0.0
-0.07333397 -0.1452354 0.4972395 -2.051729 1.77812 1.152978 0.1862416 20.32681 1.963467 0 0.0
-0.09157721 -0.09465987 -8.181882 -5.443139 0.4915129 0.2961643 0.2431487 15.97765 1.423635 0 0.0
-0.05789769 -0.1326382 -3.512785 -4.185385 1.267674 0.8151611 0.519601 19.78677 nan 0 0.0
0.0137606 -0.1369886 -2.971497 -4.601601 0.9532122 0.6478121 0.4089878 19.50212 1.523031 1 0.0
-0.122395 -0.09360873 4.69864 -7.870816 0.2447443 0.1427825 0.1639367 15.97323 1.102157 0 0.0
0.01092205 -0.09269209 1.424138 2.669998 1.306809 0.8097722 0.4124264 19.87575 1.62813 0 0.0
0.01843533 -0.1331326 -3.80632 2.054165 2.067766 1.2638 0.242529 19.84167 1.229549 0 0.0
-0.08869381 -0.03929495 -10.75432 -13.90879 1.205086 0.8480016 0.3977868 19.8103 0.9449444 0 0.0
-0.0905518 -0.04222607 -5.013406 -3.597408 0.5783571 0.3546848 0.2248392 18.73165 1.115049 0 0.0
-0.02324265 -0.103871 -1.023529 -7.055935 0.6479864 0.392547 0.4394502 19.00564 1.029757 0 0.0
-0.01501907 -0.1603918 -3.054153 -5.235725 1.446301 0.8988978 0.4549757 20.00912 1.762461 0 0.0
-0.03505577 -0.05396247 -5.434876 -8.452669 0.7608427 0.4812364 0.5075266 19.17945 1.119339 0 0.0
-0.08255485 -0.0354948 -2.670462 4.533103 1.366543 1.197779 -0.004110291 19.95973 0.7956886 0 0.0
-0.01637164 -0.161689 -4.319533 -3.061845 0.9729492 0.6104471 0.5062574 19.48254 1.142864 0 0.0
0.01257661 -0.09065331 -5.759686 -6.719752 2.201291 1.277671 -0.01668364 20.49486 0.7148399 1 0.0
-0.05173546 -0.06748036 -5.077864 1.293928 0.9438194 0.5840803 0.5427959 19.43298 1.252621 0 0.0
-0.05385616 -0.1239464 -3.054897 -9.150253 1.904792 1.116414 0.1872631 20.42571 1.299055 0 0.0
-0.03604032 -0.05456359 -4.622172 -2.296632 1.536936 0.9973743 0.2953369 20.01161 nan 0 0.0
-0.00162917 -0.08599681 -7.131406 -10.44237 0.8079118 0.5074454 0.5223532 19.27784 0.9339809 0 0.0
-0.04653397 -0.1136398 -7.477609 -1.079463 0.1221042 0.06909576 0.2652284 16.23936 1.634736 1 0.0
-0.1024299 -0.05153809 -7.469274 -6.160314 1.206661 0.7703281 0.4082296 19.84316 0.7036705 0 0.0
-0.07885054 -0.09177043 -14.58743 -7.279742 0.6934436 0.4263568 0.5917243 18.89166 1.073597 0 0.0
-0.09064335 -0.134803 -22.74749 12.10032 3.394499 2.422228 -0.1402743 20.48559 nan 0 0.0
-0.03666988 -0.05320194 -4.389799 2.341682 2.658059 1.768386 0.7092303 20.34612 1.356201 0 0.0
0.01114099 -0.09075234 -5.63286 -6.896301 1.814307 1.150231 0.3011105 20.16645 0.6854725 0 0.0
-0.04207005 -0.05928249 -2.730399 1.101837 1.541773 1.019453 0.4940902 20.12602 0.8861771 0 0.0
0.04116027 -0.1444585 -8.604755 -2.874391 0.9862057 0.6334712 0.4947596 19.60334 1.000992 1 0.0
0.03904973 -0.1216803 -2.58607 -3.017165 1.133439 0.7431733 0.4635507 19.74817 1.15263 1 0.0
0.03948812 -0.1587306 -6.002604 -8.326304 1.393373 0.7987389 0.1549001 20.05534 0.9548702 1 0.0
-0.03499675 -0.1134297 -5.274691 -5.42737 1.033881 0.6438691 0.5498458 19.59544 1.30538 0 0.0
-0.009557104 -0.1153531 -2.317703 -7.291248 0.2210644 0.1245608 0.4032314 17.19217 1.119324 1 0.0
-0.04215201 -0.05955527 -3.070008 2.119269 1.551647 1.02629 0.388052 20.07085 0.9143047 0 0.0
-0.1311734 -0.09285157 -2.290404 -1.595681 0.4315639 0.2684877 0.1828515 18.50541 1.39286 1 0.0
-0.02847841 -0.04913508 -1.591587 -2.550791 0.5587416 0.3416004 0.3610724 18.58082 1.177891 0 0.0
-0.07600964 -0.08728817 -1.652107 -5.601264 0.5696899 0.3460053 0.4298945 18.64874 1.619598 1 0.0
-0.03945857 -0.05732463 -5.395669 1.045867 1.60695 1.042355 0.4324171 20.0878 nan 0 0.0
-0.06795245 -0.1403341 2.891155 -2.92164 2.248411 1.080954 0.8356874 19.73097 nan 0 0.0
-0.09380333 -0.08078188 -0.1976208 1.957535 1.893198 0.9992254 0.5054596 20.09689 nan 0 0.0
-0.06539796 -0.1382708 -0.6720826 2.711966 2.771081 1.770164 0.8637817 20.06293 nan 0 0.0
-0.0002208107 -0.1049406 2.064997 0.534266 0.6052356 0.3963383 0.4425749 18.8522 1.181061 1 0.0
-0.1291716 -0.09791333 -3.511255 -1.973847 1.937063 1.114967 0.4979452 20.20522 0.5000229 0 0.0
0.02831239 -0.1514985 -3.991967 -4.101443 0.9237711 0.5907664 0.4636375 19.41934 1.076363 1 0.0
-0.03700451 -0.07602918 -3.030467 0.06853963 1.726613 1.08568 0.3627944 20.1891 1.099165 0 0.0
-0.003474695 -0.09714147 -4.554995 -8.487958 4.42811 2.854858 0.3219388 20.83533 1.336815 0 0.0
-0.003666401 -0.08761237 -1.559687 2.008209 2.089816 1.449124 0.3321358 19.65734 1.026831 0 0.0
0.005956133 -0.1486704 -0.08955582 -3.214801 2.54567 1.701262 -0.00215446 20.2036 1.394167 0 0.0
-0.09346845 -0.1059948 1.021233 0.1171309 0.6242301 0.4088124 0.3605604 19.0025 1.245094 1 0.0
0.05529096 -0.144617 -1.106982 -9.597073 0.5550562 0.3687355 0.3226624 18.79291 1.091627 1 0.0
-0.0392262 -0.05691638 -0.8601764 4.018479 2.414331 1.621617 0.8752631 19.82761 1.108273 0 0.0
-0.01152765 -0.09405972 0.09493616 -1.964314 1.194226 0.7541697 0.5148384 19.83436 nan 0 0.0
0.0115185 -0.1440855 -0.2708251 -4.478789 0.5883901 0.369647 0.4591612 18.7894 1.404116 0 0.0
-0.116296 -0.1084588 -4.189627 -7.114029 3.153963 2.002321 -0.1069246 20.49706 -0.6722298 0 0.0
-0.04980809 -0.06553021 -3.351781 1.246718 1.200769 0.758756 0.5348684 19.56499 0.7135277 0 0.0
-0.01003153 -0.1614689 -4.27771 -0.2298648 0.2957749 0.1722183 0.293378 17.89737 0.9298534 1 0.0
-0.06877217 -0.1407942 3.99746 -1.063793 0.9347717 0.5905185 0.5045877 19.34018 1.158905 0 0.0
-0.05012811 -0.115953 -7.038295 -4.491141 0.650839 0.402851 0.4836078 18.9861 1.241943 1 0.0
-0.05913548 -0.09085843 0.1217333 -5.202454 0.5401623 0.3086501 0.2441557 17.65682 1.341328 0 0.0
-0.01268873 -0.1035489 2.56928 -5.648351 0.6711034 0.428294 0.4767328 19.04165 1.659338 1 0.0
-0.05543882 -0.129961 -3.150504 -6.162454 1.225284 0.7890448 0.4935046 19.78979 0.9228077 1 0.0
-0.007371159 -0.0967659 -3.533969 -5.827802 0.5283976 0.3345913 0.4927093 18.61592 1.217243 0 0.0
-0.07368214 -0.02768395 -8.376319 -3.429262 0.4612597 0.2954476 0.338864 18.70287 1.288465 1 0.0
-0.01648665 -0.1218065 2.190347 -1.798368 2.828197 1.911879 0.1925144 20.76459 0.2701263 0 0.0
0.007117715 -0.1486075 -2.251447 -8.402012 1.804056 1.05494 0.4880168 20.20496 1.48712 0 0.0
-0.03548232 -0.09020983 -4.097276 -5.213535 0.3943027 0.2383199 0.421783 18.29261 1.421854 0 0.0
-0.03295021 -0.051612 -5.472154 -1.551513 0.6139209 0.3996407 0.3934364 18.91473 1.051348 0 0.0
0.00363509 -0.0815432 -2.704466 -6.809239 1.118996 0.7413302 0.4762507 19.73773 nan 0 0.0
-0.1060833 -0.1242952 -8.012023 -4.853354 1.58651 0.9405534 0.8015547 19.27967 0.8758144 1 0.0
-0.07351801 -0.07074224 -9.044891 1.272168 3.673832 1.872488 0.1198403 20.71617 0.6670532 0 0.0
-0.07193771 -0.1489672 0.03097664 -5.369328 1.221337 0.76627 0.3565954 19.71805 1.148432 0 0.0
-0.01141832 -0.09355998 -5.473302 -5.527078 0.7879337 0.4971214 0.5164059 19.16818 1.194313 0 0.0
0.04077233 -0.1207463 -13.52302 -8.661994 0.4214608 0.2632224 0.450183 18.36145 1.179064 1 0.0
