data/gcs/NGC_6254_M_10.ecsv
# %ECSV 0.9
# ---
# datatype:
# - {name: x, unit: deg, datatype: float64}
# - {name: y, unit: deg, datatype: float64}
# - {name: pmx, unit: mas / yr, datatype: float64}
# - {name: pmy, unit: mas / yr, datatype: float64}
# - {name: pmx_e, unit: mas / yr, datatype: float64}
# - {name: pmy_e, unit: mas / yr, datatype: float64}
# - {name: pm_corr, datatype: float64}
# - {name: g_mag, unit: mag, datatype: float64}
# - {name: bp_rp, unit: mag, datatype: float64}
# - {name: filter, datatype: int64}
# - {name: memberprob, datatype: float64}
# meta: !!omap
# - comments: [deg deg mas/yr mas/yr mas/yr mas/yr dimless mag   mag   zeroone float]
# - __serialized_columns__:
#     bp_rp:
#       __class__: astropy.units.quantity.Quantity
#       unit: &id001 !astropy.units.Unit {unit: mag}
#       value: !astropy.table.SerializedColumn {name: bp_rp}
#     g_mag:
#       __class__: astropy.units.quantity.Quantity
#       unit: *id001
#       value: !astropy.table.SerializedColumn {name: g_mag}
#     pmx:
#       __class__: astropy.units.quantity.Quantity
#       unit: !astropy.units.Unit {unit: mas / yr}
#       value: !astropy.table.SerializedColumn {name: pmx}
#     pmx_e:
#       __class__: astropy.units.quantity.Quantity
#       unit: !astropy.units.Unit {unit: mas / yr}
#       value: !astropy.table.SerializedColumn {name: pmx_e}
#     pmy:
#       __class__: astropy.units.quantity.Quantity
#       unit: !astropy.units.Unit {unit: mas / yr}
#       value: !astropy.table.SerializedColumn {name: pmy}
#     pmy_e:
#       __class__: astropy.units.quantity.Quantity
#       unit: !astropy.units.Unit {unit: mas / yr}
#       value: !astropy.table.SerializedColumn {name: pmy_e}
#     x:
#       __class__: astropy.units.quantity.Quantity
#       unit: &id002 !astropy.units.Unit {unit: deg}
#       value: !astropy.table.SerializedColumn {name: x}
#     y:
#       __class__: astropy.units.quantity.Quantity
#       unit: *id002
#       value: !astropy.table.SerializedColumn {name: y}
# schema: astropy-2.0
x y pmx pmy pmx_e pmy_e pm_corr g_mag bp_rp filter memberprob
[from data line 23165]
-0.008825133 0.02222359 -4.706778 -6.165358 0.07089516 0.04559012 0.2794487 15.08154 1.311678 0 0.0
0.04287266 0.2172302 0.3381838 -10.17198 1.344631 0.8676633 0.3595871 20.2636 1.868483 0 0.0
0.0164386 -0.06122445 -2.656434 -4.367394 1.050993 0.6234324 0.4337788 19.81011 0.7517128 0 0.0
-0.03305691 0.05383677 -7.247907 -6.148864 1.316472 0.9154599 0.2354074 20.18601 1.007059 0 0.0
-0.006739162 -0.0731376 -3.390467 -6.378307 0.5970015 0.3800545 0.2665102 19.18333 0.929369 0 0.0
0.009743795 0.05026064 -1.036045 -8.596151 2.413933 1.575102 0.2853836 20.64903 nan 0 0.0
-0.001504342 0.07780137 -7.528929 -10.59837 3.005556 2.271211 0.04298898 20.89597 0.9835968 0 0.0
0.03711985 -0.07746859 -5.299111 -9.199228 1.337198 0.89498 0.2667434 20.08027 0.9533081 0 0.0
-0.0589656 -0.1110168 -3.113152 -14.19121 0.652794 0.4555461 0.2307265 19.39756 1.965794 0 0.0
0.018144 -0.02104573 -4.913219 -7.03295 0.0904015 0.05763514 0.3108842 15.46309 1.335379 0 0.0
-0.05270224 -0.01716342 -4.843142 -6.489766 0.1168403 0.07772584 0.2549411 16.33203 1.24517 1 0.9995489
-0.08436292 0.1718142 -5.098686 -6.677431 0.3834736 0.2324386 0.2811167 18.45986 0.9361305 1 0.9917608
0.03231596 0.04747627 -5.516764 -8.752249 1.032233 0.9450093 0.5337492 19.19379 nan 0 0.0
0.0987081 -0.07700366 -4.98746 -6.893853 0.5099418 0.3373771 0.1276374 19.00474 0.9530716 1 0.9938284
-0.0600681 -0.02153081 -4.274793 -6.856694 0.4908085 0.3123318 0.290229 18.81083 1.012096 0 0.0
0.02730773 0.02859562 -3.382581 -7.111914 1.532505 1.111373 0.1952633 20.07185 nan 0 0.0
-0.01194516 0.01536138 -6.156365 -8.714049 0.4416732 0.263135 0.4562844 17.84029 0.9750252 0 0.0
-0.2831439 -0.1693017 -2.991037 -4.096517 0.5655706 0.3461602 0.1765282 18.93882 1.699972 1 0.0
0.2185508 -0.07890953 1.056121 -9.272544 0.2747607 0.1591937 0.2818907 17.87403 1.133745 1 0.0
0.0173838 0.01425312 -6.044079 -6.889121 1.320984 0.6429829 0.3174031 18.76539 nan 0 0.0
0.1608796 -0.05226259 -6.059323 -7.091169 0.7762113 0.4787458 0.1852031 19.66451 0.8461838 1 0.9495815
-0.02255438 0.04624351 -5.370917 -5.456613 1.775731 1.067638 0.4475238 20.39377 nan 0 0.0
-0.00897751 0.03800451 -4.822563 -6.777195 0.07684652 0.0465282 0.3098485 15.40532 1.287649 1 0.9994356
-0.00807836 -0.07466254 -2.571081 -6.659031 0.9506417 0.5158528 0.3499325 19.3654 1.058138 0 0.0
0.04933637 -0.1363371 -2.578436 -7.361428 1.661807 1.522598 -0.3571329 20.26174 1.145187 1 0.8837165
-0.02988871 -0.007624067 -9.774458 -8.394459 1.271379 0.7185843 0.4843208 19.11205 nan 0 0.0
-0.01969098 -0.03214939 -4.93694 -8.272383 1.262174 0.8671875 0.102731 19.06871 nan 0 0.0
0.09776008 0.01005259 -4.517155 -6.631059 0.06598933 0.04168924 0.2300432 12.28606 1.68093 1 0.9990873
-0.06598904 -0.01389616 -5.164318 -8.096623 1.094269 0.8542722 0.1755221 19.94497 0.9282398 0 0.0
0.009789459 0.05047045 -4.095059 -7.26698 1.442384 0.8037266 0.3825237 20.15031 0.909235 0 0.0
0.03786558 -0.07673954 -4.171848 -5.542892 0.8820433 0.622119 0.2969089 19.86317 0.8682671 0 0.0
-0.01171632 -0.02175848 -3.095286 -5.545624 0.662814 0.3379294 0.3276718 18.14704 0.9627495 0 0.0
0.05328109 -0.08530155 -4.847886 -6.168207 0.4703325 0.3088914 0.3058802 18.87605 0.9874725 1 0.9949525
-0.04860858 -0.01120031 -5.492454 -6.430936 1.081807 0.7319167 0.1862649 19.71026 0.9752903 0 0.0
-0.1065935 -0.02137592 -4.512436 -6.54777 0.7931956 0.5628915 0.2059052 19.64064 0.979332 1 0.9914872
-0.02205001 -0.02975096 -5.861741 -6.66092 0.5627688 0.3473841 0.140558 18.92126 nan 0 0.0
0.01260476 0.01683289 -8.058657 -8.215869 1.042087 0.4375448 -0.08707782 18.33025 0.9499989 0 0.0
0.03497559 -0.04341757 -4.841118 -6.361257 0.1045683 0.06186275 0.3617585 15.9589 1.313499 1 0.9993575
-0.009904907 -0.04671038 -5.531773 -4.232264 4.707103 2.248419 0.4055074 20.86806 nan 0 0.0
-0.06627683 0.155922 -7.25835 -2.377055 1.023468 0.6926674 0.1636019 19.74197 0.9201508 1 0.0
0.08145866 0.001165695 -5.138846 -7.244892 0.9879924 0.6944697 0.4030133 19.83866 1.088966 0 0.0
-0.04810136 -0.09285574 -4.539833 -6.264298 0.7400563 0.5184662 0.2686013 19.53823 0.9773178 0 0.0
-0.01249309 0.01577479 -7.026697 -8.428543 1.414291 0.7950875 0.3451356 18.55869 nan 0 0.0
-0.009447905 -0.08306394 -5.773809 -7.333063 0.9558193 0.641213 0.2816233 19.94281 0.7979679 0 0.0
0.02458224 -0.006156181 -5.820402 -5.71057 0.751506 0.5172719 0.4339183 18.7677 0.999876 0 0.0
-0.05571196 -0.2793066 7.783611 -4.16218 0.9397328 0.5224227 0.1183187 19.61213 2.196884 1 0.0
0.07102353 0.0648993 -12.5054 -18.64022 0.5462914 0.3767957 0.3040216 19.1204 1.107624 0 0.0
0.02159618 -0.1160846 0.3498002 -1.049553 1.881831 1.344955 0.06828448 20.70973 0.7320747 0 0.0
0.05942311 0.03678022 -4.843833 -6.024892 0.6679043 0.3980072 0.1718639 19.20027 0.9803619 1 0.993788
0.05021264 0.002997416 -5.920641 -7.684489 1.647907 1.202015 0.4208111 20.09052 0.9454575 0 0.0
-0.05769377 -0.02309466 -4.713044 -7.379834 0.7064338 0.4661086 0.1829939 19.40623 1.063852 1 0.9899146
-0.05434592 -0.01728941 -8.12612 -8.985466 3.993965 2.607302 0.3235138 20.87999 1.799067 0 0.0
0.1318676 0.008473173 -0.8102947 -2.738947 2.34897 1.373415 0.2503897 20.69564 0.6345043 0 0.0
0.04795953 -0.006697975 -1.429916 -6.849055 2.362873 1.736891 0.3571356 20.21624 1.20047 0 0.0
0.0259394 0.07518168 -3.758621 -8.704088 4.271621 1.890658 0.4051317 20.74247 0.277874 0 0.0
-0.03489458 -0.03890288 -5.048579 -7.388676 0.6090194 0.4018189 0.07590466 19.03547 0.9447575 0 0.0
-0.03264102 -0.06685449 -4.330599 -6.250883 0.355191 0.2451293 0.2173041 18.44641 0.9606457 1 0.9971032
0.01612059 0.01692581 -2.897416 -7.456036 0.8982104 0.425155 0.01961041 18.89166 nan 0 0.0
0.02144562 -0.05706989 -6.987124 -7.118859 1.450958 0.8918169 0.4345818 20.16876 0.9719868 0 0.0
-0.02222175 0.1278415 -4.184403 -6.689001 0.390494 0.2423853 0.3028112 18.49744 0.9386711 1 0.9922884
-0.07377013 0.02896557 -5.193653 -6.724478 0.3447423 0.2327375 0.3191226 18.41455 1.038946 0 0.0
-0.02633064 0.09412019 -5.04307 -5.929279 0.8711908 0.5403915 0.2626036 19.72131 1.012104 1 0.9857145
-0.04866456 -0.09065184 -5.233984 -4.827685 1.767368 1.247983 0.2724079 20.4139 0.9585419 0 0.0
0.01814461 0.005666215 -5.015571 -6.512418 0.2021197 0.1301675 0.405482 16.98429 0.9306736 0 0.0
-0.009159846 0.01080906 -3.627925 -5.800586 0.1652764 0.09721254 0.3771159 15.96161 0.3445606 0 0.0
-0.1390858 -0.2793115 -11.91153 -15.38558 1.648677 1.208309 -0.2329999 20.37875 1.829826 0 0.0
-0.02907038 0.09020861 -4.334092 -6.600084 0.3001485 0.1948728 0.3379668 18.05139 0.9123192 1 0.9975839
-0.002615333 0.02953974 -8.192904 -7.568408 1.540436 0.7149636 0.5864747 19.28921 nan 0 0.0
0.001250523 -0.03284629 -5.627221 -6.492947 0.3148952 0.2006166 0.3759296 17.87429 1.055229 0 0.0
-0.1440299 0.04624277 -4.900152 -6.677138 0.3509119 0.2350071 0.22199 18.28401 0.9178791 1 0.9962989
0.04158497 0.04078487 -4.227645 -6.790289 0.8481127 0.5061025 0.1468096 19.42832 0.8669891 0 0.0
0.3090441 -0.1003498 -7.806306 3.056133 1.466746 0.8112451 0.355937 20.14357 2.146006 1 0.0
0.07514768 -0.1039705 -5.269211 -6.234885 0.5838978 0.3809918 0.2740893 19.11012 0.9938717 1 0.9884689
0.06638331 -0.09172409 -4.826632 -6.9509 1.064983 0.6801101 0.2310075 20.06822 0.9927216 0 0.0
0.007018181 -0.07593235 -3.891118 -5.92099 0.9844145 0.5665765 0.3905465 19.68641 1.081038 0 0.0
-0.0564927 -0.005418702 -4.70136 -5.044756 0.6925854 0.5398849 0.2708319 19.40573 0.880106 0 0.0
0.03187534 0.06739329 -4.539476 -6.375654 0.3760974 0.2138156 0.3994971 18.1926 0.9667683 1 0.9984484
0.001920018 -0.09259347 -4.732246 -7.164296 0.6759816 0.4447452 0.248419 19.46045 1.018427 0 0.0
-0.02294918 0.0131119 1.892508 -4.375931 2.143249 1.4848 0.4296481 19.53971 nan 0 0.0
0.09896442 -0.09584876 -5.637215 -7.336749 1.159712 0.7663586 0.1355285 20.04777 1.156933 0 0.0
-0.03532191 -0.0120255 -7.245456 -4.756996 0.8809126 0.4545754 -0.2659721 18.58365 nan 0 0.0
-0.02588686 0.02031539 -5.899289 -7.713963 1.782863 0.9760171 0.5362442 19.69 nan 0 0.0
0.152115 0.199518 -6.964292 -3.593021 1.750465 1.093379 0.169539 20.46428 1.067617 0 0.0
0.03238851 -0.04018975 -6.136063 -6.777523 0.985446 0.5729918 0.5549927 19.41964 0.960968 0 0.0
-0.02531078 0.09346982 -2.275109 -6.43845 1.440924 0.8756659 0.250523 20.2767 1.045839 0 0.0
-0.08354341 0.04702243 2.419807 -0.1886176 0.4222189 0.2729236 0.3082247 18.69167 1.17164 1 0.0
-0.009433837 0.01357614 -5.73127 -9.855266 1.092389 0.6622229 0.2093108 17.81925 0.8277855 0 0.0
0.2736501 0.03822188 -0.9735649 -7.115032 0.2203784 0.136583 0.1969619 17.63452 1.037075 1 0.0
-0.05025153 -0.02317379 -4.94605 -6.885562 0.1702846 0.1098817 0.2831024 17.12247 1.206167 1 0.9984631
-0.03238878 0.09343905 -5.744169 -6.619058 0.5289726 0.327612 0.2086295 18.99899 0.9343891 1 0.9894451
0.0004287 -0.01760514 -4.55411 -6.215561 0.25542 0.1553392 0.198542 17.46943 1.089943 0 0.0
0.2168261 -0.04224793 -1.444087 6.451911 1.97255 1.262382 -0.02066192 20.72342 0.894516 0 0.0
0.04018463 0.03964244 -8.6179 -8.125873 1.322235 0.9172291 0.1803006 20.00809 nan 0 0.0
0.03867681 0.01891536 -1.962721 -3.874959 2.933596 1.932294 -0.05152085 20.36296 nan 0 0.0
0.1874115 -0.09176905 -5.047638 -6.647687 1.464075 0.8070999 0.1757094 20.30778 1.086933 1 0.9249428
0.06732586 0.07722776 -4.248767 -5.939699 0.6652054 0.4345153 0.3583907 19.3955 1.037436 1 0.9886647
0.1710607 -0.05286743 -4.908495 -6.737484 0.5574399 0.3500493 0.2688781 19.24349 1.064655 1 0.9891202
-0.03744004 0.04411101 -4.774105 -6.642304 0.6292124 0.3820924 0.2490866 19.19728 nan 0 0.0
0.003609623 -0.002369247 -4.60981 -5.914595 0.1010321 0.07276701 0.3421333 14.87074 0.6320801 0 0.0
-0.05699395 -0.01930042 -3.063474 -9.2927 1.49344 1.19323 0.3589034 19.97781 1.201483 0 0.0
0.008480235 0.02710259 1.015566 -9.041385 0.9057729 0.5161365 0.06240979 18.83033 0.7890053 0 0.0
-0.003467332 -0.04804929 -6.324851 -7.849904 1.881108 0.9852035 0.3960748 20.28415 0.7039051 0 0.0
-0.2689576 -0.1392867 -1.509366 -4.404823 0.9500808 0.6257807 0.1079516 19.80992 1.452726 1 0.001166856
-0.05683976 0.170173 -5.619405 0.8782711 0.1666341 0.1004626 0.3185678 17.06183 1.121469 1 0.0
0.2514506 0.01156683 2.539129 0.9467579 0.2618634 0.1698366 0.2145376 18.15626 1.561525 1 0.0
-0.01672485 0.04420851 -5.500663 -7.267374 2.79332 1.893495 0.4792931 20.76633 nan 0 0.0
0.1427986 0.2919614 -3.531427 -5.403423 0.3861832 0.2591941 0.3551129 18.50253 1.330301 1 0.005529527
-0.02339055 0.01298934 -8.941848 -5.36683 1.910287 1.267261 0.6902454 18.92383 nan 0 0.0
-0.03914331 0.01461617 -5.806526 -6.557518 0.3276192 0.2071463 0.3629661 17.5896 0.9865093 0 0.0
-0.1629364 -0.01622128 -11.01748 -0.3954261 0.906921 0.6310087 0.1158187 19.64449 2.309671 0 0.0
0.1374778 0.06326271 -6.00253 -6.680437 0.7810277 0.5156597 0.315862 19.72989 1.144506 1 0.9690536
-0.01007193 -0.07667386 -1.470292 -4.919653 0.7054018 0.4798738 0.2857093 19.50394 1.929438 0 0.0
0.006000489 0.1849418 -1.929827 -4.129612 0.7202997 0.4459408 0.383155 19.46687 1.242889 0 0.0
-0.05034252 -0.02841805 -4.620624 -6.28453 0.2043925 0.1347214 0.2127739 17.41718 0.9071484 1 0.9988994
-0.02946539 0.0696946 -5.109797 -6.652474 0.5767652 0.3642153 0.2832437 19.07428 0.9248085 0 0.0
-0.1247657 -0.01903013 -4.200444 -6.48173 0.3372874 0.2019999 0.1993542 18.21777 0.9869537 1 0.9948316
-0.07618905 -0.1399493 -1.786394 -0.1426723 1.459548 0.8165313 0.3404973 20.1394 2.307638 0 0.0
-0.07568343 -0.01813134 -4.212041 -6.382923 0.6188545 0.396081 0.2971727 19.2333 0.9119511 0 0.0
-0.02970871 0.0637575 -5.484289 -8.245436 2.65981 1.951004 0.2440423 20.83234 0.7794933 0 0.0
0.0231373 0.02582295 -5.547457 -6.373848 0.4183219 0.2700339 0.2135066 18.41717 1.015179 0 0.0
0.08932299 0.2425391 -3.923336 -3.025699 0.7462556 0.5122876 0.4305293 19.48312 1.820332 1 0.0
-0.06728254 -0.01573782 -4.753156 -6.618004 0.07117261 0.04920284 0.222705 15.22799 1.297907 1 0.9996314
0.004250358 0.2916432 0.1923831 -5.708814 0.6486785 0.4034707 0.3584463 19.3185 1.170662 1 0.0
-0.007193784 -0.2785465 -0.6705124 -4.705523 2.280977 1.194766 0.1511493 20.6729 0.9640121 1 0.2295468
-0.003376021 -0.04766448 -2.607164 -7.482203 1.413582 0.9051788 0.2106962 20.16907 0.7125874 0 0.0
-0.1112815 -0.01829095 -1.783355 -7.938083 0.5841835 0.3870239 0.2302747 19.2034 0.6878071 1 3.267156e-06
0.005253359 -0.0009010747 -2.837727 -4.240426 0.3776383 0.2293732 0.3925824 14.58042 1.282013 0 0.0
0.02365339 -0.02127237 -4.951568 -6.831652 0.2458057 0.1635271 0.4497142 17.33212 0.500433 0 0.0
0.2108479 0.1437646 -1.846774 -3.617456 1.437483 0.7784583 0.1523573 20.10312 0.8136253 0 0.0
0.03208409 -0.04118585 -3.700548 -6.953758 0.7436697 0.4278085 0.4963149 19.20028 0.9626331 0 0.0
0.03090564 0.1858646 -5.661466 -0.3985568 2.09054 1.367064 0.2303102 20.66999 1.137032 0 0.0
-0.08632366 0.1427633 -4.899679 -4.60806 1.351527 0.7572415 0.4103955 19.8651 1.15641 0 0.0
-0.02915973 0.03532468 -5.097808 -6.802258 1.901008 1.520483 -0.4503627 20.09229 nan 0 0.0
-0.0842415 -0.2537185 -1.007989 -1.452959 0.5032435 0.3435885 0.05211368 18.94295 1.157331 1 0.0
0.07864178 0.145972 -4.55207 -1.487996 1.884695 1.231908 0.2192542 20.62632 0.8276787 1 0.01003803
-0.006541804 -0.01511369 -4.44751 -6.55484 0.3747416 0.239713 0.3234142 17.61747 1.041161 0 0.0
-0.08993456 0.1722992 -2.071004 -0.758341 0.4042597 0.2422391 0.368107 18.36107 1.315323 1 0.0
0.2018248 -0.02456288 3.812472 -1.173978 0.2403173 0.1520859 0.2115415 17.97537 1.401146 1 0.0
0.038342 0.01954957 -5.092426 -7.976282 0.965152 0.6013116 0.09622044 18.99148 0.8839893 0 0.0
0.03147657 -0.009937741 -5.624927 -7.10118 0.4190871 0.2665084 0.360762 18.23588 nan 0 0.0
0.06839911 -0.01062812 -4.424443 -6.8228 0.8285461 0.5506384 0.3132747 19.58888 1.080194 0 0.0
-0.03343234 -0.06770472 4.678197 -5.565504 0.3965957 0.2659101 0.2013907 18.55821 1.202679 0 0.0
-0.06713471 0.03640338 -0.05680091 -8.788915 2.640148 1.435856 0.3602897 20.5175 0.6032753 0 0.0
0.06342423 0.01340774 -2.479912 -6.217922 2.622277 2.101987 0.4641164 20.6658 1.380968 0 0.0
-0.002386257 -0.222933 1.173198 -9.775433 0.242958 0.1422156 0.2155163 17.65958 0.9974918 1 0.0
-0.1256835 -0.1791486 7.614811 -11.17668 1.816018 1.396881 0.2079942 20.57552 2.097921 0 0.0
0.03698105 -0.116222 -4.998239 -6.709372 0.6576191 0.4368466 0.2775343 19.43391 nan 0 0.0
0.02351431 -0.09192052 -5.045042 -6.050281 0.4911811 0.3282663 0.2290516 19.00376 0.9593697 1 0.9917097
-0.08913062 0.0583653 2.089982 -6.310079 4.07305 2.754488 0.6142897 20.78671 0.002168655 0 0.0
-0.02372299 -0.06726568 -4.739755 -6.451615 0.3547116 0.2280044 0.3019532 18.33878 0.9738941 1 0.9987344
0.2146571 -0.01518016 -0.3930258 -3.352526 0.1611046 0.1047275 0.2158218 17.29892 1.227671 1 0.0
0.1270897 0.2125691 -5.39956 -6.724805 1.78444 1.203449 0.2357789 20.63622 0.9572906 0 0.0
0.01726564 0.1851477 -3.406916 -6.645002 0.7422308 0.4632297 0.3643901 19.57804 1.342236 1 0.9106395
-0.08069709 0.04636945 -5.927308 -6.384083 0.9150747 0.6356723 0.3329478 19.88068 1.06035 1 0.9835364
-0.07823858 -0.03540024 -4.916949 -6.8868 0.2318666 0.1468341 0.1877285 17.71492 1.078468 1 0.99779
-0.3072717 -0.1056511 -3.95892 -7.717522 0.7255082 0.4218309 0.07385025 19.19684 1.159523 1 0.2317977
0.1488786 0.2344074 -3.655406 -3.811872 0.5045104 0.323163 0.3203559 19.01934 1.551178 1 0.0
0.08626985 0.01749734 -2.294606 -4.495656 2.611512 2.112862 0.2301929 20.88806 0.8835201 0 0.0
0.00434031 0.02388588 -5.736379 -7.538098 0.4833722 0.3197504 0.4007819 17.82614 nan 0 0.0
-0.04054565 0.05649289 -6.487384 -9.560583 2.90769 1.900242 0.2483725 20.63472 0.772728 0 0.0
0.3080853 0.09656083 -3.911358 0.1394698 0.9835109 0.6646271 0.1799334 20.06703 1.343914 1 0.0
0.08557549 -0.07031165 -9.127808 -6.935358 2.485184 1.98166 -0.1669278 20.77619 1.257658 0 0.0
-0.1324449 0.1270068 -5.796864 -2.479153 0.5437732 0.3544786 0.3787215 19.05713 1.538956 1 0.0
0.043305 0.04283995 -2.786908 -6.961257 1.063181 0.6626278 0.130827 19.69999 nan 0 0.0
0.07112308 -0.01424851 -6.082026 -7.731918 0.9891857 0.6821863 0.3655522 19.84389 0.9197388 0 0.0
