data/gcs/NGC_6723.ecsv
# %ECSV 0.9
# ---
# datatype:
# - {name: x, unit: deg, datatype: float64}
# - {name: y, unit: deg, datatype: float64}
# - {name: pmx, unit: mas / yr, datatype: float64}
# - {name: pmy, unit: mas / yr, datatype: float64}
# - {name: pmx_e, unit: mas / yr, datatype: float64}
# - {name: pmy_e, unit: mas / yr, datatype: float64}
# - {name: pm_corr, datatype: float64}
# - {name: g_mag, unit: mag, datatype: float64}
# - {name: bp_rp, unit: mag, datatype: float64}
# - {name: filter, datatype: int64}
# - {name: memberprob, datatype: float64}
# meta: !!omap
# - comments: [deg deg mas/yr mas/yr mas/yr mas/yr dimless mag   mag   zeroone float]
# - __serialized_columns__:
#     bp_rp:
#       __class__: astropy.units.quantity.Quantity
#       unit: &id001 !astropy.units.Unit {unit: mag}
#       value: !astropy.table.SerializedColumn {name: bp_rp}
#     g_mag:
#       __class__: astropy.units.quantity.Quantity
#       unit: *id001
#       value: !astropy.table.SerializedColumn {name: g_mag}
#     pmx:
#       __class__: astropy.units.quantity.Quantity
#       unit: !astropy.units.Unit {unit: mas / yr}
#       value: !astropy.table.SerializedColumn {name: pmx}
#     pmx_e:
#       __class__: astropy.units.quantity.Quantity
#       unit: !astropy.units.Unit {unit: mas / yr}
#       value: !astropy.table.SerializedColumn {name: pmx_e}
#     pmy:
#       __class__: astropy.units.quantity.Quantity
#       unit: !astropy.units.Unit {unit: mas / yr}
#       value: !astropy.table.SerializedColumn {name: pmy}
#     pmy_e:
#       __class__: astropy.units.quantity.Quantity
#       unit: !astropy.units.Unit {unit: mas / yr}
#       value: !astropy.table.SerializedColumn {name: pmy_e}
#     x:
#       __class__: astropy.units.quantity.Quantity
#       unit: &id002 !astropy.units.Unit {unit: deg}
#       value: !astropy.table.SerializedColumn {name: x}
#     y:
#       __class__: astropy.units.quantity.Quantity
#       unit: *id002
#       value: !astropy.table.SerializedColumn {name: y}
# schema: astropy-2.0
x y pmx pmy pmx_e pmy_e pm_corr g_mag bp_rp filter memberprob
[from data line 12213]
0.007374272 0.02537504 0.9664798 -2.793385 0.4011612 0.3355544 0.01388297 18.32958 0.9104233 0 0.0
-0.07218949 -0.006701877 0.5949074 -1.236474 0.8061262 0.6797831 0.07018285 19.33205 0.7757015 1 0.8936333
0.00534121 0.02923187 6.925703 -3.279294 0.1517495 0.1376345 0.0523603 16.68836 0.9000759 1 0.0
0.01565829 0.04367672 1.532956 -2.445526 0.182008 0.1596028 0.01787183 17.13465 1.07461 1 0.9836872
0.006712476 0.02133534 0.7897689 -2.214381 0.1769281 0.1577108 0.1105284 17.18033 0.9481983 0 0.0
0.01420788 0.01823297 1.677822 -3.443321 0.3517834 0.3107222 0.04045632 18.03042 nan 0 0.0
-0.05450239 0.01810057 6.355654 0.9398122 2.482106 2.686708 0.5012728 20.20152 0.4615879 0 0.0
-0.005022416 0.03658281 1.077192 -2.224297 0.2679057 0.240369 0.1731644 17.8627 0.9614258 1 0.9970247
0.008524838 0.01779894 0.5670148 -2.580519 0.4556011 0.3508482 -0.138899 18.3061 0.8314419 0 0.0
-0.1398411 0.04285722 -3.067163 -4.430085 0.2459374 0.2055027 -0.007528085 17.69878 0.8940182 1 0.0
0.01467621 0.03351838 0.5020962 -2.040193 0.4297827 0.3770487 0.03368884 18.37352 0.783411 0 0.0
-0.01864388 0.03093497 -5.182576 -4.339792 3.313793 2.697397 0.2215376 20.32783 nan 0 0.0
-0.04778118 0.08209656 -6.488582 -2.021053 0.409037 0.3543161 -0.04947553 18.44375 nan 0 0.0
-0.01876647 0.03130115 -1.347036 -1.789654 1.360316 1.429311 0.6635466 19.46011 0.7443657 0 0.0
0.004435572 0.043682 1.156741 -3.248633 1.012079 0.8350321 -0.06378319 19.56202 0.7184162 0 0.0
0.01830258 0.03477264 1.854331 -2.729707 0.7817724 0.571376 -0.4957724 18.73874 nan 0 0.0
0.003331897 0.02039333 1.6546 -2.958132 0.871573 0.7220583 0.06778738 18.59179 0.9311104 0 0.0
0.02020764 0.01180768 -1.115534 -2.090078 1.46632 1.256941 0.05587527 19.33895 nan 0 0.0
0.008699841 0.04914809 2.225815 -4.566566 2.253951 1.701897 -0.5423768 20.17621 0.8397369 0 0.0
-0.06059648 0.07375245 -1.7497 -5.687842 1.560352 1.37556 -0.251707 20.1832 nan 0 0.0
0.03076244 0.006902308 0.509802 -1.128675 0.6440829 0.6385749 0.3206603 18.83717 0.6418743 0 0.0
-0.1513538 0.02835868 -7.019216 -2.82643 1.216883 1.049783 -0.1888497 20.07575 2.074772 0 0.0
0.0108284 0.0247681 1.345031 -1.860135 1.105575 1.03352 0.1808129 19.03931 0.8853035 0 0.0
-0.1218183 0.08142008 1.345565 -3.019803 0.1787081 0.1589231 0.06390647 17.31904 0.7217484 1 0.1743263
-0.01673027 0.01879323 3.499161 -3.994065 0.7441608 0.6544517 0.154254 18.23778 nan 0 0.0
-0.05143649 0.01219371 2.433427 -0.624881 1.80886 1.779791 0.3914369 19.94859 0.6974201 1 0.9037614
-0.05038466 0.08944201 -3.385357 -3.896896 0.3964792 0.3449389 -0.07605676 18.45954 1.085266 1 0.0
-0.001273357 0.01667406 2.352323 -2.383591 1.141137 0.9462436 -0.2706689 18.34867 0.8191299 0 0.0
0.00842648 0.0143619 0.6168467 -1.128946 0.3268079 0.2991127 0.1268826 17.77662 0.8543472 0 0.0
-0.01479574 0.02211241 3.585839 -0.7781607 0.5516756 0.5589922 0.4409014 18.24432 nan 0 0.0
-0.09064998 0.1157457 4.286594 -11.62167 0.835767 0.7282072 -0.09278059 19.65413 nan 0 0.0
-0.0757254 0.0780535 -3.046618 -1.213214 1.797551 1.351252 -0.4014713 20.3059 nan 0 0.0
-0.003992124 0.01285927 2.442444 -0.4999953 0.6824725 0.6346061 -0.03730065 18.73404 nan 0 0.0
-0.1653192 -0.005407267 -4.673033 -1.142754 0.7058167 0.5852261 -0.191368 19.31626 1.064987 1 0.0
0.0002453828 0.0289574 1.312739 -2.449546 0.847169 0.6337629 -0.2029106 19.1555 1.413649 0 0.0
-0.0223146 0.01627411 0.5989976 -2.585972 0.3009932 0.2847172 0.3104993 17.11038 nan 0 0.0
-0.08828272 0.08313659 3.190283 -2.948901 1.459251 1.197362 -0.1964126 20.27783 1.341272 1 0.6620223
0.02511317 0.03269934 0.7269384 -2.005851 0.5006226 0.4616175 -0.05794323 18.36926 nan 0 0.0
-0.008525948 0.03493455 -0.7310605 -3.937209 0.2511656 0.2256389 0.2280295 17.5651 1.008087 0 0.0
-0.05950761 0.09223931 1.417829 -3.353637 0.8848036 0.76091 -0.147503 19.58388 0.8068047 1 0.8439398
-0.01361974 0.02128484 2.196816 -2.702775 0.5491002 0.4581877 -0.2431834 18.55814 nan 0 0.0
0.02511307 0.03239035 1.28714 -1.668229 0.3777069 0.3383042 0.0680822 18.28004 0.8036251 0 0.0
0.007937873 0.02681694 -0.02469675 1.476435 1.038326 0.9686247 0.1510534 17.98802 0.8309441 0 0.0
-0.0133258 0.02142222 1.22593 -2.532283 0.3609795 0.328976 0.1971952 18.21589 0.781435 0 0.0
-0.009531318 0.04165593 -6.692817 -13.2356 1.086915 1.022871 0.242812 18.74589 0.6656799 0 0.0
-0.07685604 0.05639254 -0.4513935 -0.154285 2.223043 1.707689 -0.3402146 20.44832 0.5475616 0 0.0
0.004361509 0.03393545 -4.316331 -1.848827 2.221842 1.85674 0.01287222 19.62331 0.7654572 0 0.0
-0.04012666 0.07141215 -1.619939 -5.581049 2.381433 1.93341 -0.1833018 20.34198 0.8137207 0 0.0
0.01998915 0.01936847 5.302745 2.306466 0.7332538 0.6707681 0.02433947 18.61315 nan 0 0.0
0.007300462 0.02203338 2.732579 -4.067061 1.15926 0.9290532 -0.1812096 19.12413 nan 0 0.0
-0.08893071 0.09232163 -1.108393 1.066708 0.7628974 0.6362448 -0.09359741 18.03308 0.9391747 0 0.0
-0.006294844 0.01636864 1.160212 -2.175394 0.3515437 0.3358393 0.1470452 17.80216 0.8606529 0 0.0
-0.00930884 0.0254969 0.8029492 -2.292858 0.3820925 0.3433704 0.1273366 18.25797 0.852953 0 0.0
-0.08322639 0.1003694 -3.651186 -7.96232 0.4180545 0.3626843 0.04000563 18.57553 0.7253361 0 0.0
-0.006713904 0.04676029 1.583405 -1.889309 0.7384348 0.6293292 0.002961315 19.20851 0.7740784 0 0.0
-0.108728 0.08221021 -0.6549272 -3.917463 0.6997634 0.6170279 -0.003956894 19.40252 1.256651 1 0.05876963
-0.02095466 0.0596743 0.3378909 -2.179916 0.6707349 0.5967295 -0.04724897 18.94878 0.8599129 0 0.0
-0.07768278 0.02557658 -0.07349374 -2.05833 0.4793092 0.4637711 0.1389616 18.81231 0.7672119 1 0.8090084
0.02251857 0.04102381 2.943781 -0.542254 0.7499616 0.5511222 -0.4773211 18.65269 0.9449005 0 0.0
-0.04780226 -0.002574459 1.624556 -2.417315 0.5488774 0.4807545 0.1089466 18.94948 0.5897388 0 0.0
0.001911443 0.03393555 0.9781716 -2.333925 0.08738005 0.07471785 -0.05551674 15.51901 1.16096 1 0.9992159
0.001568368 0.03068925 0.6987637 -2.755899 0.5688122 0.4722619 -0.03114671 18.87941 0.8574829 0 0.0
-0.1305579 0.07404723 -4.938865 -0.4693953 0.5924422 0.5199641 -0.002601224 19.22624 0.9308186 1 0.0
-0.0005630017 0.01729205 0.0685042 -0.8466944 0.6781885 0.5620895 -0.2373256 18.74091 nan 0 0.0
-0.1087381 0.08939709 -0.7147842 -3.638836 0.2391061 0.2141259 0.0665009 17.63552 0.9298115 1 0.0
0.006860994 0.03862353 0.4552775 -1.769382 0.339649 0.2994638 0.02858489 18.1497 0.9379654 0 0.0
0.01852558 0.04514093 1.040254 -2.441099 0.1174446 0.09182093 -0.4262312 15.36799 0.7374687 1 0.9991244
0.008548631 0.01146272 1.355449 -4.271061 0.7839105 0.6773843 -0.04181424 18.15372 0.7306976 0 0.0
-0.01104598 0.01004715 0.4081023 -1.677606 0.6215673 0.591621 0.2593811 17.92586 1.082458 0 0.0
-0.01496998 0.03637553 0.2368852 -3.123542 0.6634317 0.5842464 0.1075626 19.08688 0.6251945 0 0.0
0.007790414 0.02217829 -0.9040597 -2.699742 1.903907 1.697074 0.07840489 19.62598 nan 0 0.0
-0.07503303 0.02149748 -0.4070079 -2.682523 1.095176 1.087008 0.01104598 19.84881 1.065027 1 0.8418209
-0.005069892 0.01335893 -10.43032 -12.61106 1.144923 1.087864 -0.04974866 18.25059 nan 0 0.0
-0.005564525 0.07928447 1.675899 -1.195003 0.9825445 0.8340183 -0.1917836 19.74424 nan 0 0.0
-0.05802526 0.01212037 0.9024734 -1.152651 0.8915784 0.946035 0.5911106 19.08592 0.6290283 1 0.9170994
0.00036788 0.02934268 2.249647 -1.728965 1.420061 0.9913389 -0.3051231 19.58531 nan 0 0.0
-0.006957406 0.02961321 1.14921 -3.65882 0.3753739 0.3417696 0.2140522 17.76482 1.007814 0 0.0
0.006370414 0.03212333 0.8245613 -2.41558 0.454949 0.3772884 -0.1160655 18.40791 nan 0 0.0
0.008671146 0.01188232 1.260092 -4.288121 0.4769809 0.3940525 -0.06080389 18.3138 nan 0 0.0
0.02001821 0.0369504 1.096803 -3.079216 1.070268 0.8115451 -0.4750142 19.18548 nan 0 0.0
-0.01038934 0.04473428 0.7080865 -2.105467 0.7037137 0.6394559 0.1513687 18.97879 0.7297974 0 0.0
0.00955418 0.02207509 0.9140368 -1.930916 0.162893 0.118793 -0.2642777 16.13381 1.109962 0 0.0
0.02102494 0.04488852 1.161919 -0.2302803 0.9272931 0.9903862 0.1570854 19.15316 nan 0 0.0
-0.004140166 0.0329322 1.600387 0.1714879 1.436774 1.516656 0.4046299 19.65895 0.06790352 0 0.0
-0.01523991 0.03845448 2.120663 0.08486026 1.558656 1.626637 0.5197773 19.84193 nan 0 0.0
0.009922465 0.02853714 0.8130106 -2.686274 0.1489648 0.1339662 0.01496867 15.3615 1.172731 0 0.0
0.01244579 0.0281286 2.478066 -1.541726 1.037014 0.7516127 -0.5210234 19.12743 nan 0 0.0
-0.002596972 0.04268645 0.9063457 -2.456596 0.3413071 0.2922583 0.0796228 18.09591 1.004139 1 0.9960306
-0.03285956 0.1022955 0.1689377 -7.62589 0.8038767 0.691104 0.004372203 19.33517 0.7879639 1 0.0
0.009042088 0.04206798 1.160089 -2.867195 0.3619838 0.3009819 -0.1416961 18.05123 0.9702606 1 0.9911677
-0.09922964 0.09300335 3.365272 -8.965186 0.1909319 0.166006 -0.03198587 17.27126 0.9454079 1 0.0
-0.0248889 0.02346403 0.2811502 -2.702573 0.394851 0.3949772 0.5397379 18.06368 0.9554272 1 0.982201
0.0006619063 0.03351977 1.005424 -2.557029 0.07827393 0.0694939 0.09878693 15.46314 1.191364 1 0.9992143
-0.003037138 0.01992032 1.814971 -1.694878 0.6161654 0.4986979 -0.2198374 18.68915 nan 0 0.0
0.003356429 0.02122112 -0.5886602 -11.51309 1.874564 1.613498 -0.1508271 19.11216 nan 0 0.0
-0.01579938 0.01853021 2.421906 -1.436347 0.9114067 0.827049 0.4315442 18.85423 nan 0 0.0
-0.08557212 0.09280989 -2.505394 -5.688665 0.2472765 0.2165837 -0.002547119 17.81836 0.8986111 1 0.0
0.01851799 0.01354761 1.572506 -2.910154 0.6425326 0.5173219 -0.1327357 18.78214 nan 0 0.0
-0.03261631 0.04889373 0.1169144 -2.633993 0.6299214 0.5610442 -0.01986317 19.24219 0.5761833 0 0.0
-0.00396807 0.02139275 1.476326 -2.352185 2.032605 2.083472 0.1656315 19.13692 nan 0 0.0
-0.0807743 0.05354277 0.8763973 -2.983041 1.797387 1.385748 -0.3980844 20.35385 0.6199074 1 0.7982675
0.003331941 0.02142711 0.8552709 -4.953874 1.200009 0.9675339 -0.1653488 19.18443 nan 0 0.0
-0.04543016 0.003099432 1.166998 -2.722447 1.300234 1.145066 0.1340582 19.38409 nan 0 0.0
-0.01567676 0.01785885 1.886969 -1.136514 0.6347885 0.661859 0.5175505 18.42359 nan 0 0.0
0.0024752 0.04146193 1.792497 -2.865972 0.3854529 0.334066 0.01746011 18.36698 0.8384285 0 0.0
0.01839523 0.01231549 1.081146 -2.515964 0.6325334 0.5289644 -0.02629096 18.73312 nan 0 0.0
-0.04977803 0.1374083 -2.367946 -2.921068 0.7036046 0.5558548 -0.2887446 19.08415 0.7991333 1 6.577566e-05
-0.008279106 0.01786381 -0.1713599 -3.95471 0.1277015 0.1183352 0.1636835 15.40058 0.3827639 0 0.0
-0.0140095 0.009264657 -6.349588 -11.15514 0.7141643 0.813499 0.6177646 18.53484 nan 0 0.0
0.003847055 0.03512566 2.044288 -3.088271 2.099555 1.494664 -0.5442402 20.04753 nan 0 0.0
0.01604821 0.03336933 6.019448 -4.279317 2.027094 1.641282 -0.2094288 19.73612 0.8594685 0 0.0
0.008940225 0.008861054 1.446242 -2.891332 0.1605979 0.1386131 -0.04645039 15.26701 0.6988516 0 0.0
-0.06729844 0.0007373978 0.7943359 -3.436351 0.573668 0.522452 0.2155708 18.90952 0.7184563 0 0.0
0.0004169527 0.04309848 1.180511 -2.314467 0.2114492 0.1815938 -0.01479156 17.20943 nan 0 0.0
0.01340162 0.03028756 0.02711303 -1.03954 1.447904 1.093404 -0.4580365 19.43959 nan 0 0.0
-0.005757018 0.03065091 0.451966 -1.143373 0.8899906 0.7404445 0.01062817 19.49574 nan 0 0.0
0.01979671 0.03308617 1.790847 -1.99878 0.5015132 0.4198535 -0.2716085 18.53096 0.6827431 0 0.0
-0.02263667 0.02864508 -0.4291042 -3.912499 0.9522675 1.00998 0.6577902 19.09671 0.5895538 0 0.0
0.01747195 0.04535098 1.114813 -2.385831 0.1028585 0.08844025 -0.04017053 15.90987 1.194078 1 0.9989598
-0.03796366 0.009622791 0.9043689 -2.191759 0.3150516 0.282513 0.1696506 18.12673 0.9646893 0 0.0
0.003725263 0.04989617 -0.1340074 -0.4713195 0.4579718 0.4111316 0.1380671 18.30906 0.9286747 0 0.0
-0.0572916 0.07970972 -4.594198 -14.83065 2.451653 2.240037 0.08421165 20.49767 1.621346 0 0.0
-0.01541132 0.03792421 1.804915 -2.107404 0.9043663 0.7586278 0.02445143 19.60663 0.6932831 0 0.0
-0.002155099 0.01364517 -4.016898 -3.457012 0.4503912 0.4036679 0.01460171 18.3449 nan 0 0.0
-0.1133902 0.01831491 5.185132 -4.21696 1.875287 1.391931 -0.4751896 20.22566 0.9614334 1 0.4834929
-0.04073892 0.07035897 -4.160336 -6.686196 0.6974199 0.6256975 -0.009894336 19.37387 0.5105305 0 0.0
0.004412199 0.06347264 1.970362 -4.156178 1.308219 1.114308 -0.2136976 19.89866 0.8913536 1 0.8412816
0.007131327 0.04738968 1.724752 -1.288598 0.3797824 0.3658006 0.2038187 18.08949 0.9784794 1 0.7540674
0.01962973 0.05086651 0.6611652 -2.845558 0.7215431 0.5648857 -0.4202361 18.73232 0.7478714 1 0.9722615
0.003577342 0.03078455 1.121747 -2.97864 0.6886539 0.5892297 -0.1607687 18.99386 nan 0 0.0
-0.06740677 0.06870377 -2.430076 1.292724 2.629649 1.920633 -0.6738256 20.40414 1.360703 1 0.5980969
-0.03454942 0.04259482 1.997018 -4.703351 0.3040213 0.2656772 -0.03320802 18.01903 0.9519539 1 0.0
0.01938254 0.04239795 1.097459 -2.455132 0.1319466 0.1150716 0.001417805 16.49336 1.107429 1 0.9988803
-0.01597435 0.03544073 1.594011 -2.24761 0.5511442 0.4922071 0.1689869 18.8928 0.6655903 1 0.9878701
-0.05589728 0.01622274 1.828379 -1.108877 0.5753797 0.5724743 0.4084817 18.85405 0.7374458 1 0.9139755
0.009311009 0.03697151 -7.671014 -12.86363 0.969971 0.8784732 0.03399271 19.21448 0.5806274 0 0.0
-0.08662538 0.06998158 1.331737 -2.408526 0.751722 0.639536 0.02058367 19.46061 1.480055 1 0.9310023
-0.05689219 0.06996728 0.477988 -2.899315 2.165497 1.578213 -0.06865985 20.35793 0.4860401 1 0.7637864
0.009337278 0.05158561 -0.4552267 -3.193262 0.7906134 0.6472185 -0.08129005 19.33918 0.7660141 0 0.0
-0.108822 0.04450941 -4.384123 -5.899842 2.859754 2.196902 -0.1516278 20.74878 1.199986 0 0.0
-0.01744022 0.01687809 2.833101 -0.4481407 1.000552 1.036533 0.6542386 18.69471 0.7602406 0 0.0
0.00938347 0.02838844 -1.094644 -0.758472 0.8227506 0.6741417 -0.2362338 19.13149 nan 0 0.0
-0.04894989 0.0307195 1.083492 -4.5233 1.189571 1.372775 0.7057714 19.44117 0.6489716 1 0.7131293
-0.08542423 0.06992951 -0.9772822 -2.059715 1.875261 1.419575 -0.4601544 20.31351 0.7508297 1 0.661023
-0.04614627 0.01291422 1.722993 -1.04757 1.60075 1.819418 0.7554749 19.50755 nan 0 0.0
0.01497135 0.03938532 0.9767559 -2.802489 0.2276234 0.2041869 0.006067611 17.47264 1.031425 1 0.9944037
-0.09534823 0.08704587 -0.8063023 -1.978311 0.6617058 0.5655619 -0.06486843 19.29987 0.872961 1 0.3078711
-0.01210311 0.03506759 0.5193053 -0.4652297 3.458283 2.858734 0.1544629 20.26995 0.6240196 0 0.0
-0.002425506 0.04452895 1.257003 -1.481497 0.8369479 0.685869 -0.02480367 19.36234 0.762476 0 0.0
0.01085199 0.01832889 -0.08088411 -4.006922 0.1692734 0.1570941 0.1557926 16.28021 1.014645 0 0.0
-0.0774179 0.005755669 1.135149 -2.80991 0.810489 0.8253688 0.1463447 19.3801 0.9433746 1 0.9503091
-0.1091844 0.02360816 -4.58892 -7.710662 3.770062 3.226287 -0.1245689 20.7638 0.4801979 1 0.1034108
-0.07650691 0.0009271699 7.120499 -11.0275 0.7742629 0.6731779 -0.07378225 19.47623 0.922905 1 0.0
-0.02048484 0.04402654 1.621451 -2.502369 0.3967215 0.354007 0.1270461 18.43579 0.9974594 0 0.0
0.01445601 0.03514729 1.346189 -2.792525 0.2889416 0.2484503 0.02779396 17.80532 1.019512 1 0.9914508
0.03787369 0.02432086 1.548277 -3.591337 1.127324 0.9818076 -0.07381136 19.14064 0.5907745 0 0.0
0.01266695 0.03221411 1.062379 -2.721149 0.05846558 0.04901836 -0.09685376 14.19189 1.109468 1 0.9962622
-0.08207705 0.1033613 -1.991833 -0.959456 1.559493 1.28428 -0.1297044 20.1328 0.1579437 0 0.0
-0.09521732 0.06040419 2.303721 -7.896289 1.835391 1.444575 -0.3035159 20.14228 1.249937 0 0.0
-0.03112102 0.0477652 0.5448125 -4.476623 1.116478 1.136406 0.5610206 19.51264 0.7114067 0 0.0
0.01073108 0.02963567 0.8316335 -2.402728 0.07306592 0.06205773 -0.1033406 14.84864 1.249928 1 0.9989171
-0.07832435 0.07844001 7.07272 1.537786 3.386666 3.596765 0.2381026 20.85296 1.013304 1 0.4811989
-0.02552684 0.02652321 0.8143339 -2.693833 1.108905 0.8343853 -0.5761104 18.11905 nan 0 0.0
-0.0001956016 0.02932361 2.820632 -3.198852 0.7276884 0.613455 -0.03365393 19.20483 nan 0 0.0
