data/gcs/NGC_2808.ecsv
# %ECSV 0.9
# ---
# datatype:
# - {name: x, unit: deg, datatype: float64}
# - {name: y, unit: deg, datatype: float64}
# - {name: pmx, unit: mas / yr, datatype: float64}
# - {name: pmy, unit: mas / yr, datatype: float64}
# - {name: pmx_e, unit: mas / yr, datatype: float64}
# - {name: pmy_e, unit: mas / yr, datatype: float64}
# - {name: pm_corr, datatype: float64}
# - {name: g_mag, unit: mag, datatype: float64}
# - {name: bp_rp, unit: mag, datatype: float64}
# - {name: filter, datatype: int64}
# - {name: memberprob, datatype: float64}
# meta: !!omap
# - comments: [deg deg mas/yr mas/yr mas/yr mas/yr dimless mag   mag   zeroone float]
# - __serialized_columns__:
#     bp_rp:
#       __class__: astropy.units.quantity.Quantity
#       unit: &id001 !astropy.units.Unit {unit: mag}
#       value: !astropy.table.SerializedColumn {name: bp_rp}
#     g_mag:
#       __class__: astropy.units.quantity.Quantity
#       unit: *id001
#       value: !astropy.table.SerializedColumn {name: g_mag}
#     pmx:
#       __class__: astropy.units.quantity.Quantity
#       unit: !astropy.units.Unit {unit: mas / yr}
#       value: !astropy.table.SerializedColumn {name: pmx}
#     pmx_e:
#       __class__: astropy.units.quantity.Quantity
#       unit: !astropy.units.Unit {unit: mas / yr}
#       value: !astropy.table.SerializedColumn {name: pmx_e}
#     pmy:
#       __class__: astropy.units.quantity.Quantity
#       unit: !astropy.units.Unit {unit: mas / yr}
#       value: !astropy.table.SerializedColumn {name: pmy}
#     pmy_e:
#       __class__: astropy.units.quantity.Quantity
#       unit: !astropy.units.Unit {unit: mas / yr}
#       value: !astropy.table.SerializedColumn {name: pmy_e}
#     x:
#       __class__: astropy.units.quantity.Quantity
#       unit: &id002 !astropy.units.Unit {unit: deg}
#       value: !astropy.table.SerializedColumn {name: x}
#     y:
#       __class__: astropy.units.quantity.Quantity
#       unit: *id002
#       value: !astropy.table.SerializedColumn {name: y}
# schema: astropy-2.0
x y pmx pmy pmx_e pmy_e pm_corr g_mag bp_rp filter memberprob
[from data line 15843]
-0.03619452 0.008101986 0.2963259 0.7835853 0.2855414 0.3689135 -0.3091434 18.45822 nan 0 0.0
-0.04636883 0.02399368 7.123425 -1.118626 2.153314 1.769537 0.1778381 20.10843 nan 0 0.0
0.0168079 0.01625403 -0.3717792 1.30912 0.1570252 0.1901868 -0.4211313 16.02972 1.079602 0 0.0
-0.04191634 -0.01476402 -3.92864 -1.388799 1.85167 1.137104 -0.1192603 20.15048 nan 0 0.0
0.08191729 -0.1990455 -9.083091 9.631427 0.380557 0.4085416 -0.198991 18.2486 1.46373 1 0.0
0.05964927 0.02968958 0.6439421 1.074175 0.8768083 1.203649 -0.5307996 19.80259 0.7781506 0 0.0
-0.03028833 -0.01453477 0.895418 1.57295 0.9046859 1.125133 -0.05927892 19.55505 nan 0 0.0
0.1066966 -0.04956562 0.9180902 0.2972729 0.08357592 0.08407981 -0.01923199 16.30589 1.306717 1 0.9989368
-0.05543508 -0.01846588 1.83892 0.5467006 0.7674227 0.7027284 -0.2209101 19.97313 0.6605701 0 0.0
0.01615743 -0.05153275 1.074135 0.5101008 0.3585917 0.3522765 0.1348029 18.47372 1.080551 0 0.0
-0.0361213 0.03568237 1.627771 -0.5410519 0.7065074 0.7905783 -0.06101559 19.23093 0.5948658 0 0.0
0.2156189 -0.06076393 -1.057671 3.338939 1.319642 1.091193 0.1608492 20.14696 0.7518559 0 0.0
-0.006591753 0.04100059 2.014383 0.6371567 0.9642702 0.7332621 0.1190686 19.79524 0.76614 0 0.0
-0.006383209 0.03756742 2.268482 -0.01459015 0.4533272 0.4219476 -0.1176954 18.62702 0.9986839 0 0.0
0.007729213 -0.06967932 9.563546 -1.37813 3.619327 3.712645 -0.2567237 20.88548 nan 0 0.0
0.04437699 -0.01200612 0.5685314 1.207071 0.9666954 1.605692 -0.5334422 19.5337 0.8302097 0 0.0
0.02180445 -0.02843494 1.706772 0.6435544 0.1423898 0.1325943 -0.1483066 15.57687 1.331174 0 0.0
-0.02754158 0.02978736 1.149349 -1.763348 1.793281 1.367181 0.4197669 19.67721 nan 0 0.0
-0.07990301 0.0131575 1.217722 -0.2841609 0.1785935 0.1886068 -0.2232655 17.83391 1.191717 1 0.988544
0.04619489 0.06584125 1.56288 -0.9467879 0.6303325 0.6947 -0.3146591 19.76954 0.7792606 0 0.0
0.1468527 -0.04291929 -2.507676 4.978415 1.179179 1.420687 -0.3436782 20.13027 1.446806 0 0.0
-0.05433743 -0.02634482 -2.888292 4.878368 2.958206 2.904962 -0.6320702 20.56864 nan 0 0.0
0.1232668 -0.0338665 1.215423 -0.6357932 0.4849875 0.4722704 -0.3959606 19.06754 0.9250717 0 0.0
-0.02362666 0.01997205 1.169386 0.678327 0.1345362 0.1364879 -0.06370968 17.13644 1.169819 0 0.0
0.1413998 -0.1864845 -11.81309 3.434811 4.121429 1.827173 0.3211891 20.70487 1.679998 0 0.0
0.08708711 0.01652267 1.295673 0.4533886 0.4344963 0.4393192 -0.2181564 19.05429 0.9701691 0 0.0
-0.03050922 -0.01397807 3.345338 -3.755953 0.6276934 0.8416933 -0.7023171 18.96398 1.044111 0 0.0
0.06649997 -0.00504033 -14.91987 15.35341 1.163284 1.57162 0.704813 19.33145 1.563522 0 0.0
-0.05482486 -0.04132234 -0.8755141 -0.8085185 1.403706 1.126092 -0.2722905 20.53193 nan 0 0.0
0.03088845 -0.01171258 -0.4110822 -0.5546879 0.736318 0.9500708 -0.2162748 19.06424 0.8770924 0 0.0
-0.009438772 0.05158934 4.89663 -0.5279759 2.880615 2.211167 -0.519169 20.37127 0.4722691 0 0.0
0.03305405 -0.07864786 -2.15351 3.750045 0.5299611 0.4909614 -0.07107286 19.3799 1.021999 0 0.0
0.03373716 -0.1109363 -0.9262065 -0.5955135 1.403943 1.142995 -0.1414439 20.23987 0.9193592 0 0.0
0.08439302 0.04263154 1.976835 3.636072 1.392153 1.423358 0.09707928 20.49345 0.6725998 0 0.0
0.007201833 -0.08352651 2.810757 -0.05002616 1.31757 1.04733 -0.04978588 20.12919 0.7981739 0 0.0
0.04465445 -0.0126856 1.815718 0.445186 0.803815 1.931883 -0.4818944 19.66319 nan 0 0.0
-0.07397271 -0.01387947 -0.220624 2.380071 2.360273 3.012832 -0.5296548 20.72806 nan 0 0.0
0.2275953 -0.09514295 -3.568184 4.809752 0.447004 0.4110936 -0.03111621 18.97425 0.9911518 1 0.0
-0.02167658 0.03096002 2.646748 4.647392 1.500088 0.9960866 0.1214632 19.94727 nan 0 0.0
-0.07157632 0.01069376 -0.4446659 1.153838 0.4270598 0.4018463 -0.187417 19.16118 0.7581158 0 0.0
0.02718535 0.03599042 0.9656897 0.4935232 0.2070128 0.2273102 -0.3370615 16.84882 0.3509388 0 0.0
-0.0489391 -0.03584068 -5.149727 3.729871 3.21771 3.391327 -0.5265242 20.69639 nan 0 0.0
-0.0166324 0.04857225 -1.411356 0.2131544 1.099527 0.9741135 0.1027746 19.96 0.3336811 0 0.0
0.1213906 0.02809336 3.281474 0.1478392 1.51608 1.84461 0.08084453 20.56459 1.003586 1 0.9285452
-0.02099375 0.01243639 0.9076051 -2.950627 0.6322182 0.8693578 0.132368 18.64842 nan 0 0.0
0.0431907 -0.1047701 -0.2542289 1.030347 0.8047808 0.6844493 -0.1367289 19.83089 0.8859749 0 0.0
0.2289586 -0.08224518 7.452869 2.79748 2.391787 1.805713 0.3300824 20.60304 1.665089 0 0.0
0.05067836 0.07974922 0.6841328 -0.5992021 0.5980256 0.5959543 -0.1462027 19.67366 0.9211597 0 0.0
0.09469827 0.05624634 0.4657792 1.141409 0.8023017 0.9357901 -0.189405 19.91755 0.8926868 0 0.0
-0.08835583 0.002220971 -1.236892 5.574344 1.289219 1.067038 -0.2323767 20.34638 0.5268726 0 0.0
0.009400875 -0.09590206 3.395074 -1.442087 1.51171 1.161048 -0.1523741 20.33945 0.768713 0 0.0
0.2273181 0.08036457 -4.392196 3.700031 0.694331 0.6705021 -0.09560338 19.66704 1.118721 1 0.0
0.007212307 -0.06861869 0.2417087 -1.596912 0.9003829 0.7330297 0.091914 19.87678 0.7094326 0 0.0
0.01907784 -0.02031518 1.072256 0.9106077 0.2279709 0.2221612 0.1384993 17.66985 1.077042 0 0.0
-0.129607 -0.0546104 0.7852751 0.2496869 0.3853113 0.3649495 -0.2091865 18.91675 1.0805 1 0.989589
0.2296559 0.05944711 -4.121652 2.749409 1.039305 0.9639912 -0.006652525 20.13709 1.132082 1 3.254804e-06
-0.02802813 0.07337359 1.70257 0.3863827 0.4705571 0.470188 -0.04010176 19.02599 0.8423824 0 0.0
0.01818113 0.05215707 0.3099935 -0.3158952 0.8957354 0.9473029 -0.2391898 20.08025 0.7407551 0 0.0
0.06991271 0.04142944 2.81036 1.686822 0.9108746 1.002189 -0.2632651 20.14334 0.8844261 0 0.0
-0.03109978 -0.01309374 2.271665 2.983412 0.9638167 1.088492 -0.5214003 19.52672 0.5573673 0 0.0
0.1320006 0.08269339 0.6915855 2.159538 0.9260037 0.9284081 -0.06887277 20.06283 1.027327 0 0.0
0.1476489 0.1014647 -5.27413 4.412888 0.2058637 0.2111693 -0.1887793 18.03495 1.19733 1 0.0
-0.052392 0.05211225 1.510301 1.614963 0.7597247 0.9076074 -0.2197327 19.84358 0.7740707 0 0.0
0.04328154 0.03602276 1.039267 1.64975 0.7587089 0.8329457 -0.5511157 19.52309 0.781477 0 0.0
0.07000761 0.04547278 0.8380205 0.2391393 0.5497305 0.6148523 -0.2492562 19.43655 0.8697567 0 0.0
-0.009189994 -0.06794028 -2.008166 2.427028 1.386464 1.059304 -0.1551409 20.20961 0.7589417 0 0.0
-0.1029701 -0.07289717 4.501817 1.477462 1.873194 1.462191 -0.2557034 20.64606 1.038364 0 0.0
-0.01370507 -0.1139398 -5.063535 3.404201 0.5166993 0.4916192 -0.1765947 19.41579 nan 0 0.0
0.1197805 0.0454042 0.6638609 1.527425 0.9961744 1.096331 -0.1671812 20.32644 0.9467373 1 0.8835092
0.175666 -0.1489066 -9.761986 2.855192 0.2908456 0.3669374 -0.1710153 17.90685 1.041359 0 0.0
-0.01394582 0.001744552 -0.6884882 2.08286 0.4584557 0.5233136 -0.2029508 17.4407 nan 0 0.0
0.04337228 -0.1162221 -2.256881 7.984886 1.990695 1.466934 -0.08941106 20.59063 1.496979 0 0.0
-0.01507861 -0.01262984 0.7776371 0.2129805 0.1170158 0.1124337 -0.05977007 14.6922 1.365634 0 0.0
0.05024649 -0.0225603 -1.962167 3.593021 1.673262 2.383976 -0.7801333 19.77594 0.6157436 0 0.0
-0.07835009 -0.1449271 1.02761 -0.06965714 0.5421354 0.5234006 -0.1832242 19.30483 0.9450512 1 0.9769355
0.120807 0.02383874 2.736274 0.2174687 1.388918 1.139946 -0.02213532 20.23259 0.8410263 0 0.0
0.04660883 -0.04377875 3.308196 -0.2513549 2.618233 1.890575 0.004201016 20.36515 0.7619457 0 0.0
0.1398839 0.1210071 -6.161604 3.877413 1.468433 1.198828 -0.08511377 20.41076 1.84288 0 0.0
0.2162091 -0.08619063 -5.631975 3.295096 2.754597 2.112371 0.3159737 20.74959 1.159069 0 0.0
-0.09154205 -0.008196243 2.89277 0.2992863 1.442544 1.127448 -0.234386 20.32226 0.5410099 0 0.0
-0.009300137 -0.02994594 1.163397 0.1135585 0.07126999 0.06595319 -0.0003156253 15.85074 1.286111 0 0.0
-0.009333396 0.04734744 0.9670375 0.5513451 0.08245432 0.07744745 -0.0250095 16.143 1.309968 1 0.9983368
-0.04445867 -0.05990365 0.1374797 0.4766221 0.5347527 0.4492345 -0.1809177 19.30409 0.6694145 0 0.0
-0.07996941 -0.08409499 4.059522 -3.179904 1.013082 1.156542 -0.4723436 19.82779 0.8121986 0 0.0
0.119213 0.02281587 -6.086597 4.626933 1.945679 2.122348 -0.05286547 20.63808 1.983246 0 0.0
-0.02198661 0.01330534 -3.202689 -5.049378 0.9261353 0.7895659 0.3454048 18.88404 nan 0 0.0
-0.02303797 0.07498049 -0.7088651 0.000485845 0.9159834 0.8098201 0.1129415 19.75542 0.950655 0 0.0
0.07630142 -0.2234657 -4.225407 5.034739 1.259716 0.8488819 0.3750723 19.92559 0.8980789 1 0.0
-0.08098029 -0.1407006 -4.3648 0.8375058 0.5137839 0.4923199 -0.2214701 19.26172 1.280693 1 0.0
-0.04282454 -0.02209731 4.360325 -5.147813 2.588952 2.278715 0.004145059 20.07935 nan 0 0.0
0.02507187 -0.02404326 -0.0001267949 3.245335 0.6681771 0.6124533 0.02533706 19.25357 0.9015198 0 0.0
0.02838396 0.03399028 4.729263 -10.09266 1.965306 3.130819 -0.6989316 19.63275 nan 0 0.0
0.009698901 -0.05761789 3.055533 1.493621 0.3741284 0.3844277 -0.2949263 18.60476 1.058081 0 0.0
0.0391768 0.07429811 -1.06602 2.863292 1.15999 1.08969 -0.3570329 20.19908 0.9063721 0 0.0
-0.051951 0.03223087 -1.614285 -0.9175547 1.989754 1.492019 -0.08062333 20.6013 0.5520115 0 0.0
0.2052106 0.05355595 -2.894016 4.140456 0.4467306 0.4615767 -0.1390787 19.29315 1.10676 1 0.0
0.05610092 -0.0504879 2.038717 -0.435394 1.829754 1.435149 0.3907138 20.29091 nan 0 0.0
0.0887341 0.01247369 -1.037944 -2.021243 1.068358 1.084573 -0.1956391 20.01568 0.8286438 0 0.0
-0.1098333 -0.09064762 0.02133261 0.4970755 0.5693927 0.5472821 -0.251359 19.57213 0.8256512 1 0.9102321
-0.08898186 0.003348063 0.1927559 1.355365 1.421058 1.180142 -0.2052891 20.46365 0.6397457 0 0.0
-0.009716655 0.04780507 4.499488 -0.1755938 1.279477 0.7627922 0.2639019 19.63695 0.831089 0 0.0
0.06608796 0.0674554 3.755505 0.1855936 1.323823 2.147381 -0.4034295 20.36213 0.3802319 0 0.0
-0.04623107 0.03822275 2.957284 0.4449802 1.347904 0.9377308 0.05623308 20.06877 0.6503868 0 0.0
-0.06967053 -0.08135017 -1.672309 -1.17233 1.994669 2.425497 -0.05379911 20.58477 0.8313389 0 0.0
0.1729825 -0.1033484 -0.8410448 4.614001 0.1374622 0.1281084 0.08458094 17.13788 1.183147 1 0.0
0.0007937625 -0.02319233 0.7777945 0.9650272 1.034157 0.4566864 0.04292736 18.86902 nan 0 0.0
-0.09976859 -0.1080263 -2.324939 3.268199 0.5008008 0.4372549 -0.1054604 19.14141 1.708265 0 0.0
-0.0194496 -0.1312925 1.240624 0.4420503 0.594048 0.5205207 -0.1231634 19.56966 0.9704971 1 0.984064
0.05408797 0.07482164 1.118115 1.180778 0.896295 0.9692278 -0.2245131 20.20899 nan 0 0.0
0.1887954 -0.06307186 -2.081395 5.489795 0.8824318 0.9925247 -0.1934012 19.77303 1.09687 0 0.0
0.213095 -0.1202091 -8.780245 5.187184 0.9236409 1.082217 -0.2799026 19.63787 2.130503 0 0.0
-0.03087101 0.08705762 -0.04244769 0.9355156 0.1364487 0.1440616 -0.1491598 17.26009 1.239414 1 4.133402e-05
0.06572975 -0.06280837 0.6119249 2.167784 0.7576444 0.7009879 -0.01321757 19.74673 0.3590946 0 0.0
-0.03102589 -0.04338237 1.071781 0.04943439 0.06038252 0.05862316 0.03648319 15.87047 1.276194 1 0.9990053
0.1791807 0.1666666 -11.33177 8.827771 1.33206 1.283748 -0.0282594 20.45668 1.719242 0 0.0
-0.09461103 -0.02544178 -2.028452 0.6576469 1.551282 1.2772 -0.02297845 20.25245 0.7056923 0 0.0
0.001918562 0.03904058 2.263423 1.056231 0.2454425 0.2564775 -0.2142762 16.56139 0.4247227 0 0.0
-0.06075061 -0.02807518 -1.364458 -1.000804 1.681155 1.302184 -0.3218322 20.47177 0.686142 0 0.0
0.002859767 -0.0219794 -4.793539 6.582601 1.202895 1.129441 -0.1011272 18.70201 nan 0 0.0
-0.03612094 0.06447572 0.09237753 -0.848399 0.7228677 0.6175289 -0.03849307 19.72145 0.7595482 0 0.0
0.1332243 0.1067126 -0.8521572 0.5158529 1.241084 1.249913 -0.1355791 20.4721 nan 0 0.0
-0.03133708 -0.04288682 -21.66529 -8.057774 1.639119 1.427932 -0.1588618 19.83279 0.938261 0 0.0
0.07947202 -0.1039224 0.80772 1.405269 0.670496 0.6377923 -0.07923584 19.54364 0.9458981 0 0.0
0.0557293 -0.1201665 -2.736315 5.974048 1.727414 1.210899 -0.0327441 20.19032 1.46384 0 0.0
-0.02271714 -0.02770327 5.806173 -0.2315381 1.101735 0.9807054 -0.3653897 18.57924 0.9061069 0 0.0
-0.09078899 -0.01628089 1.567076 -3.071979 1.276398 1.085325 -0.2416509 20.36731 0.38978 0 0.0
-0.0321623 0.04118819 -5.254546 -3.138651 2.828215 1.6904 0.2223313 20.27356 0.5809803 0 0.0
-0.03765125 0.02514407 2.807528 -0.6968125 0.9493774 0.9092737 -0.01481152 19.96573 nan 0 0.0
0.2095801 0.07927228 -5.511377 3.552194 0.4208862 0.4174947 -0.1558847 18.92121 1.222569 1 0.0
0.1022239 -0.02462281 -16.52275 13.02622 1.116071 1.002429 -0.2552059 20.09039 1.980471 0 0.0
-0.08661193 0.008208122 2.572209 -1.673653 1.231486 0.9799263 -0.09056885 20.36715 0.6040764 0 0.0
-0.04893563 -0.05193109 -1.143891 2.877945 2.871902 3.97626 0.3826159 20.65113 nan 0 0.0
0.02535051 -0.02385278 -2.165921 -2.558184 1.019874 0.8332825 0.1185794 19.47152 nan 0 0.0
-0.009059571 0.02474164 1.609017 -0.7580515 0.09852869 0.09060264 0.03189927 16.01577 1.297976 0 0.0
-0.00621747 0.07883483 0.06783745 -0.933731 1.33188 1.180424 0.04244243 20.33879 0.7703228 0 0.0
0.02749865 -0.03832786 1.308932 -1.347365 0.6814911 0.5556747 0.1396886 19.20172 0.8571625 0 0.0
-0.0599885 -0.01270783 -2.993221 6.170732 2.000609 2.466082 -0.2925252 20.69095 0.8450985 0 0.0
0.04838095 0.06743959 -0.4684351 -2.264245 1.782594 1.427479 -0.1232739 20.68904 0.9115696 0 0.0
-0.03909043 -0.002392496 -4.037072 -0.4836552 1.404974 0.8635094 0.3300759 19.64907 nan 0 0.0
-0.02321559 -0.02785629 0.1350511 1.2863 0.8166344 0.6633778 -0.4539179 19.13716 nan 0 0.0
0.04986887 -0.04106091 0.7948613 -0.3463959 0.2767423 0.2744035 0.05879536 18.08891 0.1785316 0 0.0
0.1375165 0.00431858 -5.067577 6.46225 0.1857508 0.1944538 -0.1339252 17.71773 1.077078 1 0.0
-0.02292145 -0.08405414 -3.900738 3.344085 0.3598847 0.3573031 -0.2433563 18.7193 0.9162788 0 0.0
0.1237356 0.05126865 1.043364 -0.8646649 1.688121 1.893452 0.0666133 20.6558 1.0259 0 0.0
0.002529407 -0.02265838 -15.67292 19.56174 0.9522594 0.6257819 0.07195846 18.21311 1.104509 0 0.0
0.1030599 -0.01264013 6.238855 5.210331 0.8464467 0.9339909 -0.3651831 19.06042 0.9228516 0 0.0
-0.006604218 -0.01393868 -2.050761 3.339799 0.6499653 0.5138971 -0.2746656 17.87268 nan 0 0.0
-0.044548 -0.08008356 2.072979 3.748413 1.336448 0.9289273 -0.05907953 20.11259 0.7633286 0 0.0
-0.06261734 -0.1735111 -3.051172 6.667735 1.368103 1.158175 -0.235023 20.33556 1.374651 1 2.493582e-06
0.09567032 -0.07180201 1.081591 0.3091905 0.6014078 0.5631675 -0.1284011 19.56493 0.9782562 1 0.9862024
-0.01386876 -0.05954233 -2.060591 -1.437809 2.656763 2.353136 -0.3913476 20.55472 0.8064308 0 0.0
-0.008863576 0.02059894 0.884465 0.2201675 0.08628063 0.08535415 -0.04502785 15.63341 1.315333 0 0.0
0.01850458 0.003115092 0.6870619 1.318251 0.2309469 0.2892175 -0.4915668 16.78708 1.021131 0 0.0
0.01007303 -0.09465871 -2.125009 0.4121522 2.326585 1.728687 -0.1347843 20.7972 -0.3773613 0 0.0
0.1408976 0.005002989 -7.089552 7.45401 0.5741418 0.6008622 -0.2821783 19.07427 1.890255 0 0.0
-0.02058869 -0.08430402 0.6620885 0.718399 0.7270954 0.7817377 -0.2689908 19.62279 0.6921272 0 0.0
-0.04111866 0.04832475 -2.220416 0.9150979 1.462828 0.9844234 -0.0173766 20.1186 0.5991135 0 0.0
-0.03234402 -0.01279003 6.584483 -1.501527 1.05072 1.594647 -0.2271073 19.5522 nan 0 0.0
-0.09333231 -0.1135573 -2.876257 3.648576 0.4629792 0.422561 -0.1369393 19.17864 1.018387 1 0.0
0.05608653 -0.07590905 1.081297 -0.1350986 0.311721 0.3205906 -0.2340944 18.55091 0.9806328 1 0.9951648
0.03513482 0.08487802 3.621573 -0.4646957 1.258271 1.181401 -0.3353957 20.45201 0.6867599 0 0.0
0.1654548 0.1511593 -2.282595 3.228969 0.035637 0.03282677 -0.01636133 14.04186 1.966546 1 0.0
-0.008388997 0.01721927 -8.185164 1.94876 1.427981 1.418348 0.1280657 18.72943 nan 0 0.0
-0.0636373 -0.0667401 0.08171398 1.881912 2.596784 3.790698 -0.1548382 20.7021 0.9146042 0 0.0
-0.02071546 0.0131614 3.305254 0.5084824 0.5070181 0.5534885 0.2771886 18.29783 0.9986782 0 0.0
-0.04475649 0.06490526 0.980776 -0.4667802 0.7986025 0.717314 -0.1796872 19.66862 0.7292919 0 0.0
