data/gcs/NGC_6341_M_92.ecsv
# %ECSV 0.9
# ---
# datatype:
# - {name: x, unit: deg, datatype: float64}
# - {name: y, unit: deg, datatype: float64}
# - {name: pmx, unit: mas / yr, datatype: float64}
# - {name: pmy, unit: mas / yr, datatype: float64}
# - {name: pmx_e, unit: mas / yr, datatype: float64}
# - {name: pmy_e, unit: mas / yr, datatype: float64}
# - {name: pm_corr, datatype: float64}
# - {name: g_mag, unit: mag, datatype: float64}
# - {name: bp_rp, unit: mag, datatype: float64}
# - {name: filter, datatype: int64}
# - {name: memberprob, datatype: float64}
# meta: !!omap
# - comments: [deg deg mas/yr mas/yr mas/yr mas/yr dimless mag   mag   zeroone float]
# - __serialized_columns__:
#     bp_rp:
#       __class__: astropy.units.quantity.Quantity
#       unit: &id001 !astropy.units.Unit {unit: mag}
#       value: !astropy.table.SerializedColumn {name: bp_rp}
#     g_mag:
#       __class__: astropy.units.quantity.Quantity
#       unit: *id001
#       value: !astropy.table.SerializedColumn {name: g_mag}
#     pmx:
#       __class__: astropy.units.quantity.Quantity
#       unit: !astropy.units.Unit {unit: mas / yr}
#       value: !astropy.table.SerializedColumn {name: pmx}
#     pmx_e:
#       __class__: astropy.units.quantity.Quantity
#       unit: !astropy.units.Unit {unit: mas / yr}
#       value: !astropy.table.SerializedColumn {name: pmx_e}
#     pmy:
#       __class__: astropy.units.quantity.Quantity
#       unit: !astropy.units.Unit {unit: mas / yr}
#       value: !astropy.table.SerializedColumn {name: pmy}
#     pmy_e:
#       __class__: astropy.units.quantity.Quantity
#       unit: !astropy.units.Unit {unit: mas / yr}
#       value: !astropy.table.SerializedColumn {name: pmy_e}
#     x:
#       __class__: astropy.units.quantity.Quantity
#       unit: &id002 !astropy.units.Unit {unit: deg}
#       value: !astropy.table.SerializedColumn {name: x}
#     y:
#       __class__: astropy.units.quantity.Quantity
#       unit: *id002
#       value: !astropy.table.SerializedColumn {name: y}
# schema: astropy-2.0
x y pmx pmy pmx_e pmy_e pm_corr g_mag bp_rp filter memberprob
-0.01041947 -0.1096005 -5.871085 -0.6013816 1.133306 1.051023 0.07037289 20.3459 0.892458 0 0.0
0.04508499 -0.1071472 -4.633487 -1.133728 0.9279013 0.9259446 0.1463944 20.15462 0.2287636 0 0.0
0.1428251 -0.05211518 -5.175871 -0.6553669 0.6848303 0.6873809 0.1075733 19.68853 0.8235493 0 0.0
0.03865056 -0.05666797 -6.616425 0.1092005 0.977609 0.8126539 0.1508418 19.92491 0.7224426 0 0.0
0.08904711 -0.02468636 1.702428 8.281698 3.078186 3.991329 0.08956176 20.92422 0.4863262 0 0.0
0.1060619 -0.04684172 -4.101031 0.6770151 1.314549 1.467861 0.1219459 20.58902 0.9232407 0 0.0
0.05409447 -0.1287998 -3.769402 0.3595671 1.850959 1.781992 -0.07778097 20.73102 0.8586407 1 0.9565726
0.08825477 -0.04686999 -4.792765 -1.062626 0.7468754 0.7401613 0.06678094 19.72803 0.664381 1 0.9954906
0.05719528 -0.1035666 4.271788 -3.617859 1.929741 2.046298 0.1400669 20.34044 0.6424217 0 0.0
0.03517837 -0.06556212 -5.070044 -0.5265364 0.2478616 0.2518219 0.2127633 18.27042 0.6217632 0 0.0
0.06415565 -0.2110003 -6.228253 -0.1158425 0.9419726 0.9295465 0.04421181 20.1738 0.9744263 1 0.9394629
0.05983874 -0.04648857 -5.245381 -0.5505524 0.4548796 0.4773106 0.1177866 19.13567 0.6437321 1 0.9988427
0.05034724 -0.1039769 -4.65042 -0.6940898 0.3843421 0.4324539 0.213205 18.98658 0.5747395 1 0.9980344
0.05727064 -0.06484353 -3.855985 0.8658778 1.008689 1.015677 0.1466353 20.25557 0.5427608 0 0.0
-0.04211267 -0.1294157 -4.811438 0.5005915 0.5243993 0.5546388 0.1167741 19.44675 0.600872 0 0.0
0.005598376 -0.1047908 -3.239063 0.2491246 0.6741452 0.7209848 0.1785965 19.70918 0.7886353 1 0.9503108
0.05870224 -0.06988139 -4.213598 -0.4822872 0.7364832 0.7643716 0.1247191 19.88688 0.5662327 0 0.0
0.006087123 -0.084386 -5.200894 -1.280788 0.722216 0.6764045 0.176015 19.69007 0.2955437 0 0.0
0.02557664 -0.08186326 -5.931615 -1.808491 0.9145772 0.9457406 0.1652302 20.13577 0.2413692 0 0.0
0.05828926 -0.03420292 -5.136514 -0.5236208 0.1351098 0.1455793 0.1758701 17.16853 0.8943424 1 0.9997664
0.126285 -0.04038699 -5.606612 1.753871 1.474448 1.825173 0.2098422 20.56951 0.5563526 1 0.9593312
0.07881357 -0.05339838 -4.915911 -1.059538 0.4675869 0.4404465 0.2523523 19.12665 0.7500763 1 0.997809
0.2183086 -0.1123405 0.5286081 -5.386449 1.295907 1.497661 -0.06104753 20.53556 1.814909 0 0.0
0.06000885 -0.1293016 -6.004849 -1.744519 0.545057 0.5710606 0.2098858 19.27567 0.624279 1 0.9501686
0.08598065 -0.04625143 -2.322946 1.205933 1.004089 1.017092 0.03382419 20.24814 0.8052826 0 0.0
0.1176277 -0.04630941 -5.787132 -0.9327842 0.9138306 0.9095289 0.03932422 20.12123 0.7785397 0 0.0
-0.003345899 -0.08335624 -5.523072 0.4762584 0.6557283 0.6589675 0.1445109 19.58204 0.6480465 0 0.0
0.001114009 -0.07776398 -7.553529 -2.791759 1.526572 1.491978 0.08503722 20.60447 0.590868 0 0.0
0.03841291 -0.104306 -5.349571 -0.5190311 0.7317259 0.7631463 0.122992 19.87019 0.5392895 1 0.9955186
0.04298953 -0.04577412 -4.102637 -2.559423 0.8627551 1.156161 0.355311 20.01747 0.4273052 0 0.0
0.01383565 -0.1300008 -3.404931 0.4391591 1.317601 1.421878 0.0003724592 20.58179 0.6921673 1 0.9631856
0.0825468 -0.0119353 -4.919912 -0.8168943 0.4434205 0.4753548 0.2950216 19.11486 0.6230412 0 0.0
0.1021267 -0.05260098 -3.07248 0.6397618 1.368781 1.413633 -0.009871634 20.54645 0.9276505 0 0.0
0.001137288 -0.1307577 -0.5203655 -3.236443 0.5207245 0.5576778 0.2352707 18.90548 1.896799 0 0.0
-0.009011731 -0.09438013 -4.184256 -1.343733 1.720484 1.498721 0.04102445 20.59789 0.4744453 0 0.0
0.1804581 0.02015859 -6.329649 -1.590516 0.5418405 0.5895542 0.1705569 19.41123 0.6671486 1 0.8496594
0.08009764 -0.04674769 -5.231546 -0.3827636 0.3496169 0.3459118 0.144464 18.60765 0.6379108 1 0.9989139
0.06652236 -0.02379947 -5.073602 -0.541098 0.8647642 1.089286 0.1432802 19.86088 0.620224 0 0.0
0.180537 -0.03675289 -4.521222 -0.3187759 0.582967 0.6255926 0.1153937 19.48907 0.6242523 1 0.9886716
0.03548708 -0.05967968 -4.601551 0.2280215 0.8532156 0.8840282 0.1755877 20.05468 0.7573338 0 0.0
0.05467699 -0.1313742 -8.292344 -2.311334 2.598821 1.947153 -0.3561825 20.90923 0.8690624 1 0.8817224
0.01567128 -0.06473862 -4.114022 -1.539981 1.240968 1.103826 0.215631 20.21297 1.081169 0 0.0
0.09199682 -0.22432 -5.955882 -25.55349 0.4691295 0.4657826 0.06924367 19.22042 1.303761 1 0.0
0.04564876 -0.05536615 -4.978214 -0.5320586 0.02408079 0.02518127 0.1326981 13.50445 1.170294 1 0.9999297
0.1233235 -0.1302826 -8.06463 -2.308637 1.890823 2.171036 0.1715408 20.85302 1.2379 0 0.0
0.1232212 0.02024531 -3.458446 2.414536 1.954485 2.508626 0.4191759 20.76701 0.6201077 0 0.0
-0.002030232 -0.08443967 -8.938787 -2.561935 0.8264521 1.102848 0.4710723 18.41068 0.7621136 0 0.0
0.01374708 -0.1331518 -4.452022 -0.7015006 0.3389821 0.3289047 0.03008916 18.5202 0.5611401 1 0.9966953
0.05315321 -0.04702498 -4.890672 -0.557498 0.4053704 0.4342333 0.1648578 19.01865 0.5920448 0 0.0
0.08359949 -0.1306472 -6.064501 -0.7780238 0.588166 0.5904162 0.1146882 19.54033 0.6656628 1 0.9803484
0.06431717 -0.1091366 -3.804296 0.1995476 1.003433 0.9327835 0.1542619 20.17108 0.5897846 0 0.0
0.07898844 -0.05073168 -3.497886 -0.3548931 0.4263925 0.3906381 0.1870352 18.79922 0.7030773 1 0.9193595
0.1388264 0.02056867 0.2322708 2.073489 1.906532 2.223288 0.04546577 20.72359 0.5024414 0 0.0
-0.02800019 -0.1112735 -5.188614 -0.8689398 0.2793955 0.2977568 0.1496312 18.39845 0.6196575 1 0.998604
0.0756497 -0.01829188 -4.415006 -1.337283 0.8021507 0.9009108 0.1528953 19.90223 0.4146519 0 0.0
0.02455079 -0.08167676 -5.973984 -4.629447 2.123413 3.216741 0.4008108 20.73986 0.009576797 0 0.0
0.09478785 -0.2224466 2.465453 12.9767 0.7736397 0.7880739 0.08262604 19.99497 2.444622 1 0.0
0.09447874 -0.05073262 -4.250439 0.5095831 0.6596707 0.6885855 0.05790363 19.66655 0.6906586 1 0.9882143
0.03165125 -0.05639733 -4.063376 -0.7252876 0.8738357 0.9040756 0.2334033 19.89409 0.3883438 0 0.0
-0.0024094 -0.08598461 -3.374385 -0.3911313 1.546581 1.507949 0.2257143 20.5634 0.4417934 0 0.0
0.04644261 -0.1324109 -11.08188 -3.829477 0.7684998 0.9430592 0.2569595 20.07148 1.054581 1 0.0
0.05798214 -0.03929965 -4.933134 -0.2820385 0.3763756 0.3891016 0.1137467 18.90747 0.5852642 1 0.9992284
0.2292354 0.02009698 -6.236317 14.92211 0.7850698 0.8392391 0.2558819 19.99465 1.580887 1 0.0
-0.004597436 -0.1198589 -1.479381 1.636883 2.331387 2.355889 -0.1076846 20.86639 0.3198986 0 0.0
-0.03954804 -0.1322059 -4.834753 2.129075 2.035593 1.966759 -0.06735257 20.82315 0.8203297 0 0.0
0.05744366 -0.1306278 -6.167391 -0.7849819 1.06843 1.016171 0.121425 20.30813 0.8902473 1 0.9818311
0.0681774 -0.04959264 -3.20365 -1.759613 1.100773 1.232209 0.08457346 20.32625 0.8850098 0 0.0
0.04040881 -0.05259274 -4.909909 -0.5794798 0.1813576 0.177892 0.1712671 17.69845 0.7970791 1 0.9998132
0.07732668 -0.07620836 -3.998221 -7.724467 0.1911226 0.1801598 0.1451533 17.75517 0.8009434 1 0.0
0.05542663 -0.0718452 -2.849179 -2.325199 1.501757 1.522234 -0.01126204 20.58395 0.7977753 0 0.0
-0.003437205 -0.1209653 -4.614634 -0.7145905 0.7924439 0.8695822 0.01156566 19.90175 0.7894745 1 0.9931614
0.08338897 -0.008821361 -4.351591 -0.3801273 1.159893 1.220339 0.1185549 20.44663 0.7930374 0 0.0
0.0899752 -0.04982769 -4.904018 -0.05639759 0.9516503 0.9635164 0.01815213 20.06238 0.6378822 0 0.0
0.04680492 -0.05155058 -4.743496 -0.9699108 0.27155 0.2736426 0.1659266 18.396 0.6360664 1 0.998919
-0.05546084 -0.1324301 -5.131429 -1.559172 0.4998908 0.5619307 0.1450744 19.37786 0.656786 1 0.986376
0.06038122 -0.09948561 -4.038385 -0.1323682 0.4360904 0.4593651 0.1475332 19.19343 0.6462517 1 0.9891426
0.04733848 -0.0497916 -5.072762 -0.382289 0.3595309 0.3628438 0.1699254 18.74431 0.597784 1 0.9993431
0.1074467 -0.04858643 -4.265169 0.4811414 0.7242692 0.7778453 0.1290396 19.84462 0.751152 1 0.9882666
-0.006604361 -0.1080294 -4.36075 -1.195447 0.3957425 0.3998158 0.1799716 19.05173 0.6741772 1 0.9885562
0.177678 -0.04212856 -3.807203 -4.510512 0.3291759 0.3636884 0.1823576 18.63272 1.993513 1 0.0
-0.004083461 -0.1083005 -4.847965 0.5005997 0.5388541 0.7977177 0.2019833 19.41359 0.6474075 1 0.994282
0.04100547 -0.04490954 -0.6841386 -1.842237 1.85489 3.075201 0.3771572 20.71144 0.174036 0 0.0
0.03560403 -0.1075693 -4.823889 -0.5360213 0.5803711 0.5828935 0.121206 19.49723 0.5926361 1 0.9972459
0.09632571 -0.04885672 -4.208569 -1.408006 0.8148073 0.8309719 0.1086997 20.01977 0.7556629 1 0.9875973
-0.08415396 -0.2084279 -2.003193 -10.45392 0.3578701 0.3742309 0.1580056 18.80227 1.128939 1 0.0
0.08458993 -0.0720598 -4.273649 0.2816576 1.065058 1.098215 0.02542634 20.33094 0.5039635 0 0.0
0.08086824 -0.1072134 6.390331 -7.327599 0.6437857 0.6291269 0.110075 19.6524 2.204889 1 0.0
0.01627287 -0.0634758 -5.633736 -0.7745563 0.4217511 0.4140191 0.1476587 19.04956 0.5575485 1 0.9980794
0.07075501 -0.02358873 -6.406642 -1.238235 1.253214 1.561997 0.1815259 20.53453 0.5375652 0 0.0
-0.09148679 -0.1957489 -1.371326 -11.08577 0.506713 0.5255162 0.1351717 19.3664 1.253502 1 0.0
0.05162594 -0.1124979 -7.96528 -1.26866 2.346377 4.409931 0.1022295 20.85983 0.5255337 0 0.0
0.01130231 -0.06753194 -5.730605 -0.1076572 0.9886453 0.8698858 0.2079359 20.0162 0.5944481 0 0.0
0.00651265 -0.1015177 -3.292633 -11.1686 0.1866755 0.2073477 0.2238165 17.83449 1.142275 1 0.0
0.04426284 -0.04990453 -7.894199 1.110773 0.8374767 0.852816 0.2512739 19.6281 0.7711201 0 0.0
0.09389206 -0.1188716 3.269883 -6.885785 1.468874 1.760729 0.1585421 20.67121 1.810408 0 0.0
-0.04831914 -0.1324629 0.934995 -5.522178 1.74051 2.058599 0.08951662 20.75554 1.064966 0 0.0
0.07691407 -0.01401021 -7.956684 3.467513 2.242872 2.857643 0.1516835 20.6867 nan 0 0.0
0.2352172 -0.03603306 -4.581231 -0.4336811 0.155806 0.1596921 0.1256075 17.54812 0.158762 1 0.9902049
0.05902826 -0.107494 -6.594165 -2.251603 1.420896 1.678378 0.1918772 20.53321 0.5468845 0 0.0
0.05038869 -0.04586765 -4.86132 4.902129 1.896795 2.581598 0.2199069 20.737 0.7869968 0 0.0
-0.04896386 -0.1293305 -7.410278 -0.7725983 2.370023 2.697832 0.2414554 20.98154 0.8339214 0 0.0
0.07455088 -0.04891764 -5.936805 -0.319877 1.292765 1.722551 0.255614 20.47739 0.7618866 0 0.0
0.0484358 -0.1128667 0.06606376 6.848623 1.956869 3.206148 -0.04157135 20.79432 0.8540649 0 0.0
-0.06633671 -0.1389653 -3.213166 0.005855912 2.595011 2.237152 -0.1403443 20.87606 1.023075 1 0.9205545
0.04003371 -0.05842184 -0.8647426 -0.5247737 3.080261 1.522113 0.0316126 20.53161 0.8513794 0 0.0
0.01994073 -0.09992029 -3.775342 -1.96032 0.9182565 0.8003483 0.1310539 20.01087 0.5904217 0 0.0
-0.03198518 -0.1377378 -4.858517 -0.3396807 0.1398834 0.1427551 0.1385217 17.21438 0.8948193 1 0.9992934
0.03485895 -0.05271059 -5.088091 -1.540569 0.7002475 0.7312657 0.2696529 19.66043 0.4078941 0 0.0
0.1445098 0.01781237 -3.49827 2.89524 1.273472 1.468022 0.4210865 20.35051 0.6416512 0 0.0
0.02427828 -0.0692753 -4.851008 -0.4248566 0.3072715 0.3145276 0.1788971 18.52854 0.479332 1 0.9994938
0.0609844 -0.0331894 -4.799889 -1.163717 0.6149001 0.5675943 0.1669957 19.30938 0.673996 0 0.0
0.008520061 -0.1001671 -6.007729 -0.3129796 0.4927963 0.4986266 0.1461079 19.36574 0.6580563 1 0.9890503
0.1550831 -0.04299871 -0.7362352 7.539118 2.281751 2.459699 0.05883872 20.84205 1.030973 1 0.2172729
0.05889892 -0.04255653 -5.361382 -0.2888852 0.4148506 0.4210061 0.02029734 18.81825 0.5914822 0 0.0
0.05750457 -0.02906908 -7.513627 13.62025 3.04204 4.328902 0.511832 20.78293 1.334766 0 0.0
0.04885275 -0.04815772 -5.342349 0.1323857 0.5477119 0.5505173 0.1140706 19.42271 0.6266403 0 0.0
0.09709031 -0.06722711 -5.772682 -1.870777 1.268637 1.264553 0.001547273 20.43155 0.5107841 0 0.0
0.03541578 -0.05202744 -4.193487 -1.695127 0.9270319 1.060758 0.3207187 19.96093 0.4290028 0 0.0
-0.07563853 -0.2251663 -3.918161 -0.5267911 1.242347 1.327824 0.1066509 20.53161 1.589281 0 0.0
0.04922543 -0.04044029 -4.934205 -0.9369649 0.7246619 0.8510483 0.1703425 19.76838 0.6824627 0 0.0
0.02363373 -0.0744559 -4.684068 -0.6107882 0.2695124 0.2927859 0.2168915 18.27184 0.6116486 1 0.9993961
0.07831472 -0.01192942 -7.858026 -1.049664 1.32934 1.437446 0.07086166 20.30425 0.6654453 0 0.0
0.0195093 -0.0759756 -4.83824 -0.7766516 0.05774533 0.05851242 0.2223412 15.84887 0.9538832 1 0.999675
0.07820415 -0.06490429 -5.97345 -1.691161 1.448416 1.36851 0.02532039 20.59062 0.4638329 0 0.0
0.08683491 -0.09868325 -3.458578 -0.8365443 1.284934 1.64072 0.2375112 20.54743 0.2722225 0 0.0
0.05059041 -0.04725604 -5.640551 -0.8802789 0.3906708 0.3973759 0.1288873 18.84395 0.6011066 0 0.0
-0.02208419 -0.1007283 -4.151621 -4.28498 1.953862 2.328512 0.05645903 20.84269 0.6245365 0 0.0
0.02046433 -0.06472194 -5.264144 0.670146 2.265023 2.209927 0.03281693 20.78703 0.2072868 0 0.0
0.08402041 -0.03072451 -6.693969 -1.115528 1.712012 1.886465 -0.00881562 20.63967 0.925127 0 0.0
0.05199821 -0.05163413 -4.381123 -0.663022 0.4262361 0.4369156 0.1047268 19.05083 0.6204529 0 0.0
0.04867209 -0.04518621 -4.151904 -0.6904689 0.4477676 0.4683353 0.1158116 19.15598 0.6051998 0 0.0
-0.03996756 -0.1595913 -5.191657 -1.049013 0.533107 0.6155325 0.1261362 19.50125 0.604208 1 0.9919689
0.03789505 -0.06048695 -3.663868 1.548011 1.738788 1.695939 0.02700454 20.72762 0.546957 0 0.0
0.02897459 -0.09970306 -1.827524 -0.04730387 2.082753 2.022297 -0.03357715 20.85076 0.7662678 0 0.0
0.1427121 -0.04188821 -5.218932 -3.766766 1.259754 1.537152 0.140112 20.36201 1.26697 0 0.0
0.07955999 -0.0274689 -5.783415 -0.9691698 0.9498133 1.020709 0.2040723 20.11059 0.9455853 0 0.0
0.1376192 0.02283951 -15.05132 -38.12256 0.4960986 0.5269462 0.1779977 19.19255 1.855839 0 0.0
0.09499694 -0.0974962 -4.406162 -0.5838904 0.8554125 0.8904404 0.1077851 20.12055 0.6898441 0 0.0
0.2330907 -0.03935237 -1.383427 -6.649203 0.3455387 0.3584295 0.113418 18.73478 1.101522 1 0.0
0.2378683 0.02139263 -5.435029 -0.9225052 0.3428186 0.3725682 0.1953941 18.68914 0.6361084 1 0.9822202
-0.001941592 -0.1021971 -4.879005 -0.9454433 0.3690135 0.3849369 0.1190986 18.939 0.6528568 1 0.9984223
0.1134188 -0.02400134 -3.256886 -2.270332 1.617954 2.297718 0.1609727 20.65281 0.7544937 0 0.0
0.0282864 -0.2039205 -5.204124 -0.5479134 1.103579 1.116987 0.01732914 20.36367 0.8474159 1 0.9633409
-0.001562304 -0.09940472 -4.917215 -0.2961025 0.1822187 0.1902948 0.1406195 17.84893 0.7231884 1 0.9994849
-0.08313715 -0.1504957 -6.251229 -5.415823 2.016033 2.837928 0.1277665 20.70295 0.5428009 0 0.0
0.03642507 -0.06262026 -4.58062 1.062795 1.616312 1.90531 0.1418874 20.67073 0.5592117 0 0.0
-0.04916098 -0.1246688 -4.779455 1.143763 0.5095624 0.5119906 0.1267346 19.29954 1.479967 0 0.0
-0.002075394 -0.1010183 -9.54509 1.144883 2.099675 1.74449 0.03593203 20.67651 0.7033749 0 0.0
0.06583378 -0.02570375 -3.618557 0.5257221 1.438649 1.982539 0.1931406 20.60627 nan 0 0.0
0.0159686 -0.09355092 -0.7295606 -5.931632 3.383975 3.37451 0.571403 20.86201 0.6024666 0 0.0
0.1739022 0.02392379 -3.799635 -0.2709075 2.595668 2.845363 -0.003727926 20.89584 0.6239548 0 0.0
0.03018269 -0.06166235 -4.90252 -0.5473701 0.05263722 0.058105 0.2673599 15.62747 0.9240923 1 0.9999243
0.05586466 -0.03875993 -6.76142 8.896679 1.35474 1.703674 -0.0007103262 19.94317 0.6708355 0 0.0
0.0768035 -0.06795782 -5.895318 -0.7306741 0.6739404 0.6632666 0.1413261 19.71115 0.7299843 1 0.9942529
-0.01273784 -0.100811 -5.336613 -0.8106784 0.3266687 0.3324272 0.1463508 18.66975 0.5379009 0 0.0
-0.005599128 -0.09347645 -5.476573 -1.251682 0.698814 0.7274601 0.1855085 19.82102 0.6518307 0 0.0
0.06870029 -0.09856131 -5.112063 -0.6495396 0.2510246 0.2900768 0.18199 18.36541 0.5915375 1 0.9991342
0.007760221 -0.08886044 -1.251805 3.451001 2.018545 1.955896 0.2437755 20.75595 0.5686951 0 0.0
0.07719868 -0.0985283 -4.43592 -0.3966331 0.3193121 0.3361208 0.1632459 18.67869 0.528904 1 0.9970861
0.07731489 -0.0315497 -4.860725 3.356631 3.306624 2.822492 0.1245505 20.79532 0.6188278 0 0.0
0.05438162 -0.1002732 -4.197837 -0.938818 0.4054332 0.4252887 0.1690113 19.09263 0.6444454 1 0.9902221
0.01779256 -0.07651781 -4.753948 -0.3195325 0.2739815 0.2622285 0.1909227 18.4151 0.5835972 1 0.999433
