data/gcs/NGC_6316.ecsv
# %ECSV 0.9
# ---
# datatype:
# - {name: x, unit: deg, datatype: float64}
# - {name: y, unit: deg, datatype: float64}
# - {name: pmx, unit: mas / yr, datatype: float64}
# - {name: pmy, unit: mas / yr, datatype: float64}
# - {name: pmx_e, unit: mas / yr, datatype: float64}
# - {name: pmy_e, unit: mas / yr, datatype: float64}
# - {name: pm_corr, datatype: float64}
# - {name: g_mag, unit: mag, datatype: float64}
# - {name: bp_rp, unit: mag, datatype: float64}
# - {name: filter, datatype: int64}
# - {name: memberprob, datatype: float64}
# meta: !!omap
# - comments: [deg deg mas/yr mas/yr mas/yr mas/yr dimless mag   mag   zeroone float]
# - __serialized_columns__:
#     bp_rp:
#       __class__: astropy.units.quantity.Quantity
#       unit: &id001 !astropy.units.Unit {unit: mag}
#       value: !astropy.table.SerializedColumn {name: bp_rp}
#     g_mag:
#       __class__: astropy.units.quantity.Quantity
#       unit: *id001
#       value: !astropy.table.SerializedColumn {name: g_mag}
#     pmx:
#       __class__: astropy.units.quantity.Quantity
#       unit: !astropy.units.Unit {unit: mas / yr}
#       value: !astropy.table.SerializedColumn {name: pmx}
#     pmx_e:
#       __class__: astropy.units.quantity.Quantity
#       unit: !astropy.units.Unit {unit: mas / yr}
#       value: !astropy.table.SerializedColumn {name: pmx_e}
#     pmy:
#       __class__: astropy.units.quantity.Quantity
#       unit: !astropy.units.Unit {unit: mas / yr}
#       value: !astropy.table.SerializedColumn {name: pmy}
#     pmy_e:
#       __class__: astropy.units.quantity.Quantity
#       unit: !astropy.units.Unit {unit: mas / yr}
#       value: !astropy.table.SerializedColumn {name: pmy_e}
#     x:
#       __class__: astropy.units.quantity.Quantity
#       unit: &id002 !astropy.units.Unit {unit: deg}
#       value: !astropy.table.SerializedColumn {name: x}
#     y:
#       __class__: astropy.units.quantity.Quantity
#       unit: *id002
#       value: !astropy.table.SerializedColumn {name: y}
# schema: astropy-2.0
x y pmx pmy pmx_e pmy_e pm_corr g_mag bp_rp filter memberprob
[from data line 1858]
-0.01084014 -0.05720704 -2.955544 -6.057693 1.249421 0.8384251 0.413378 19.69346 1.243019 0 0.0
-0.04736377 -0.05963357 2.235409 -9.218157 0.3304167 0.2422553 0.05078361 17.69797 nan 0 0.0
0.005726871 -0.07381582 -0.8048005 -0.5086753 0.8774734 0.596309 0.3196698 19.41234 1.335506 0 0.0
-0.06018851 0.02838413 -3.033771 -4.869341 1.951341 1.342821 0.677985 19.98846 1.490721 0 0.0
-0.0005930733 -0.005500185 -4.673054 -4.423369 0.103661 0.07226471 0.008808205 14.31813 2.515699 1 0.9657762
0.02832114 -0.05424431 -2.386054 -3.322908 1.158714 0.7534135 0.09646543 19.46792 1.253345 0 0.0
-0.001965344 -0.01017702 -3.355384 -4.66444 0.6981533 0.4991841 0.4364785 18.39882 nan 0 0.0
-0.04164045 -0.04579148 -8.586539 -2.28465 0.4279358 0.3058738 0.2646779 18.45208 1.749296 0 0.0
-0.04238321 -0.004135277 -1.585149 -4.781724 1.992262 1.194611 0.3085878 19.91697 1.322388 0 0.0
0.01256504 -0.008621342 -7.074219 -5.710796 0.2232969 0.1483438 0.3604542 17.16174 1.932273 0 0.0
-0.009532583 0.05907076 -2.02009 6.031081 3.130994 2.424226 -0.5829079 20.31215 nan 0 0.0
0.03708279 0.004110251 -6.519283 -2.640152 1.570499 1.066162 -0.1865766 19.79218 1.26791 0 0.0
0.06941198 -0.02406401 -0.3263459 2.124491 0.5532705 0.381463 0.2943112 18.20404 1.5742 0 0.0
-0.009097503 0.008638606 -4.973277 -5.930639 0.4955855 0.3247195 0.2433615 17.35709 1.69985 0 0.0
-0.0812757 0.00715667 -2.462965 -8.417592 1.673491 1.042071 0.3824954 20.01092 nan 0 0.0
0.04329055 0.04908702 -2.894744 -6.382266 1.387632 1.201249 -0.394559 19.89989 1.497517 0 0.0
-0.02815942 -0.06369899 0.1112958 -13.05875 2.63074 1.572035 0.1716773 19.84021 1.561777 0 0.0
-0.01775262 -0.05591096 -0.1235209 -5.789189 0.1265091 0.08514401 0.2051352 15.76921 2.300734 1 0.0
-0.07804778 0.009266691 -1.283446 -5.155321 1.278839 0.9166052 0.04350636 20.04882 1.108448 0 0.0
0.03459313 -0.03862878 -2.295793 -6.24486 1.072555 0.6703034 0.2147466 19.11083 nan 0 0.0
0.07639996 0.00366218 0.3828535 6.037349 2.479863 1.812064 0.350385 19.61417 nan 0 0.0
-0.06750882 -0.01629607 -8.70432 0.4194895 1.041194 0.7112024 0.4802985 19.42131 1.310131 0 0.0
-0.04299547 -0.0207142 -4.431857 -5.056147 0.3432019 0.2338369 0.387334 17.27581 1.745087 0 0.0
-0.06813879 -0.04107293 -3.969337 -2.358599 2.389321 1.445052 0.6279511 20.06368 1.459492 0 0.0
-0.05623869 0.04182354 -3.003263 -5.520144 2.384469 1.490079 0.7627134 20.04058 nan 0 0.0
0.06451645 -0.02231573 -3.361888 -6.944517 1.247897 0.8313181 -0.2239068 19.44294 nan 0 0.0
-0.05210459 -0.0447699 -4.180006 -7.589837 0.4099543 0.2886402 0.3796813 18.01392 1.606733 0 0.0
-0.04181302 0.05180176 -7.737063 -8.582167 2.009004 1.208492 0.5740186 19.87975 nan 0 0.0
-0.002610341 -0.04255237 -3.986424 -1.528849 0.1828231 0.1237648 0.2029826 16.37628 1.866559 0 0.0
0.01670019 -0.0643756 -1.170132 -2.303776 1.588859 1.093015 0.5481107 19.39232 1.153625 0 0.0
0.04701323 0.004466842 -5.178412 -5.445675 2.197766 1.39704 -0.02293298 19.95978 0.4918919 0 0.0
-0.06102761 -0.01070556 -1.781212 -1.865339 1.783363 1.218023 0.07541639 19.73168 1.200565 0 0.0
-0.04549043 -0.03768681 -0.4393006 -6.316019 2.112139 1.764979 -0.4336921 19.74283 nan 0 0.0
0.00115679 0.06701338 -6.717071 -5.443164 0.1639011 0.1269419 0.00171197 16.58994 1.987104 0 0.0
-0.03689276 0.07135197 -8.774454 -4.458701 0.9136205 0.6780167 0.395558 19.18474 nan 0 0.0
-0.05800638 -0.02468284 -0.9515975 1.607253 1.397124 1.028427 0.2820078 19.99008 nan 0 0.0
-0.03474311 0.002432568 1.874204 -8.6929 2.544835 1.905098 -0.2317484 20.10588 nan 0 0.0
0.005947285 0.02122924 -0.1001118 -3.28142 0.3989318 0.2944183 0.1479822 18.18636 nan 0 0.0
-0.04329352 0.0511069 5.328873 -3.535559 2.114385 1.340827 0.1126333 19.96572 1.288471 0 0.0
-0.0202235 0.06773436 -1.063947 -4.34066 0.234483 0.1789646 0.4706337 17.23961 2.056118 1 0.0
-0.03593649 -0.04997795 -9.23161 -1.587876 1.237618 0.8709692 0.09990464 19.50219 1.366364 0 0.0
0.0242525 0.03254486 -5.96604 -3.948855 2.072523 1.763856 -0.2862514 20.15252 nan 0 0.0
-0.03163714 0.05567525 1.087178 0.1671396 1.109408 0.7274562 0.3703719 19.60606 1.345591 0 0.0
-0.05377215 -0.04513313 2.264316 -1.564161 0.5989406 0.4558561 0.001882621 18.10336 1.528381 0 0.0
-0.008444546 -0.08070534 -3.078829 -3.771506 0.7243725 0.4801853 0.5702381 18.72046 nan 0 0.0
-0.001186037 0.08201657 -17.10772 -16.88642 2.512818 1.669081 0.01497725 19.85606 1.867632 0 0.0
-0.05326896 0.02482486 1.585933 2.191315 0.08936608 0.06192494 0.1448285 15.27143 1.990938 1 0.0
-0.02261204 0.02977384 -2.036149 -0.04768308 0.3201236 0.2277543 0.3461613 17.72359 1.49754 0 0.0
-0.005944854 -0.06128265 -35.89385 -19.49621 2.051464 1.229131 0.5278152 20.12219 nan 0 0.0
0.03681675 0.01306916 -7.045682 -6.028731 1.245901 0.8424199 -0.2303486 19.45297 1.375998 0 0.0
0.07932322 -0.009935529 -3.070724 -5.811329 0.234235 0.1669077 0.1112253 17.13246 1.945953 0 0.0
0.06793138 0.01700979 -1.415334 -2.751262 0.3662312 0.2686902 0.3598387 17.79615 1.523872 1 0.0
-0.04083579 0.0308213 -0.4234247 5.902043 1.910839 1.32231 0.5883577 19.85692 1.653101 0 0.0
0.06190492 -0.02538883 15.791 3.552355 1.491653 1.007647 -0.1248569 19.42035 1.294374 0 0.0
-0.04450344 -0.01761728 -2.829578 -0.5562328 1.184549 0.8021223 0.3310519 19.61824 1.635494 0 0.0
-0.05648846 -0.04605005 3.511373 -4.427491 0.5186604 0.3693499 0.1265736 18.65234 1.748329 0 0.0
-0.03841031 -0.05214555 -6.551687 -1.379965 1.568255 0.8035109 0.7499704 18.94672 1.371641 0 0.0
-0.02407051 -0.06803721 -10.30872 -9.029425 1.158876 0.7726646 0.2613032 19.44383 1.403896 0 0.0
-0.05563251 -0.03680659 -1.643153 -0.4158137 1.322206 1.259568 -0.3023759 19.95648 nan 0 0.0
-0.06545373 -0.03300698 -3.595313 -8.79511 1.824077 1.3484 -0.1127534 19.83414 1.464018 0 0.0
0.01350611 -0.01431489 -4.507968 -4.617271 0.4308072 0.2828251 0.3055862 17.34576 1.678778 0 0.0
0.0008064326 0.026446 -6.520117 -5.897878 1.14695 0.8371512 0.2581523 19.77708 1.606461 0 0.0
0.008179781 0.001522362 -4.664756 -4.542581 0.1057847 0.07410944 0.1195414 15.83558 2.031029 0 0.0
0.05949519 -0.004465756 -4.856802 -4.546192 0.7735671 0.6926768 0.09036697 18.48781 1.659168 0 0.0
0.04041628 -0.005193095 -11.20663 -7.119577 0.736778 0.6066513 0.2442104 18.55459 nan 0 0.0
-0.06180193 -0.02108961 -6.39725 -5.569545 1.038805 0.7573676 -0.01090993 19.2919 1.428919 0 0.0
-0.06008943 -0.05220893 -6.904139 -4.915003 0.8823493 0.5693185 0.4295394 19.20191 1.471643 0 0.0
0.07124347 0.0194109 -4.265045 -4.527442 0.3933854 0.2861081 0.320691 17.74075 1.704414 0 0.0
-0.04979402 0.01899195 2.081072 -3.098843 0.09783088 0.06731788 -0.0008765753 15.68853 2.088613 1 0.0
0.03470491 -0.02575231 -2.277106 -6.496106 0.1958592 0.1296603 0.3713784 16.69362 1.899176 0 0.0
-0.01240686 0.001064192 -5.457275 -5.521935 0.2662366 0.2029937 0.4859217 17.3245 1.737907 0 0.0
-0.06075136 0.02410753 0.9212403 -0.4977548 0.6405919 0.5197999 0.1076524 18.86624 2.228403 0 0.0
-0.04529237 0.002852059 -8.003706 -8.263463 1.892524 1.354132 -0.0698713 19.1792 1.641428 0 0.0
-0.06144653 0.01598755 -6.315487 -4.823731 0.47191 0.3225321 0.1723159 18.51105 nan 0 0.0
0.03072795 -0.008977872 -3.052747 -5.433756 0.6623237 0.5255367 0.3839625 18.23988 1.780317 0 0.0
-0.03504413 -0.06443344 0.8353399 -2.841905 0.344495 0.2392949 0.6013605 17.58614 1.570425 0 0.0
0.0116525 0.01286123 -5.902317 -5.23951 1.123223 0.6882311 0.8483903 18.61689 1.476295 0 0.0
-0.006193214 0.04781766 -6.986517 -8.326413 3.616545 2.49081 0.1613844 20.28123 1.096489 0 0.0
-0.05204702 0.05827654 -7.327736 -4.92645 1.729479 1.135626 0.3644205 19.92403 1.056 0 0.0
-0.03827917 -0.04279569 -0.2795263 -6.826618 3.224602 1.957768 0.4024707 20.12605 nan 0 0.0
-0.01772141 0.080741 1.557919 -6.822902 3.372273 2.778993 0.03418903 20.43604 0.9284973 0 0.0
0.01258769 -0.04478849 -6.910495 -9.847802 0.1364282 0.08888637 0.1924636 16.21501 1.734763 0 0.0
-0.009960494 0.02792182 -0.8097093 -2.905611 0.745894 0.4455343 0.2778288 18.89426 1.440002 0 0.0
-0.07867114 -0.02142492 -5.991883 -5.889407 0.1265655 0.08766434 0.06254141 15.58818 2.450686 1 0.0
0.004464713 -0.03179689 -5.951068 -4.26283 0.3129194 0.2152586 0.1962748 16.71087 2.022809 0 0.0
-0.0004313846 -0.06375251 -4.88536 -3.707831 0.2122045 0.1436656 0.2265974 16.86029 1.944839 0 0.0
0.002395699 0.07866152 -1.876262 -6.272264 0.7449936 0.5794969 0.1809888 19.10995 1.684263 0 0.0
-0.01095473 0.01122861 -4.796293 -4.369028 0.2571763 0.1934475 0.4286674 17.33325 1.711725 0 0.0
-0.01689552 -0.03320575 -5.83592 -9.175867 2.759662 1.57442 0.02282356 20.23957 nan 0 0.0
0.06076689 0.05533845 -1.283351 -2.905828 1.436635 1.088956 -0.2730382 19.34019 1.782408 0 0.0
0.005593615 -0.05084181 -5.012855 -4.776329 0.7742482 0.5096295 0.5720854 18.80731 nan 0 0.0
-0.08108689 0.006588423 0.6506835 -7.456558 1.045999 0.7045454 0.4384904 19.46675 1.271324 0 0.0
-0.07102581 0.01263042 -3.955341 -7.332323 0.3926879 0.2661611 0.3751465 17.72081 1.822037 0 0.0
-0.08049499 0.006806307 -1.981897 -5.240992 0.6190841 0.4381059 0.2785175 18.47923 1.583763 0 0.0
-0.04190979 -0.04488559 -8.860417 -3.485893 1.196019 0.7841338 0.03576281 19.87371 nan 0 0.0
0.04667084 0.02158926 -2.253563 -6.963949 1.305923 0.8134948 0.09627652 19.70193 1.869551 0 0.0
0.01572141 0.04677146 -4.776147 -3.477421 1.585322 1.166184 -0.1020338 19.58998 1.731707 0 0.0
-0.04443525 0.01257417 -7.739346 -4.024579 2.20204 1.449355 0.4974609 20.30217 nan 0 0.0
0.006514021 0.04605334 -3.560253 -2.536835 0.1598958 0.122545 0.04271705 16.4086 2.132093 1 0.0
-0.01170386 -0.02935031 8.849102 -3.891067 1.71472 1.135726 0.4671948 19.79961 nan 0 0.0
-0.003604299 -0.08191432 -6.91737 -3.509586 1.306025 0.918999 -0.1169226 19.56911 1.05057 0 0.0
-0.04085477 -0.06049492 -11.60789 -6.587094 2.009201 1.381092 0.2477962 19.98237 1.235466 0 0.0
0.009063209 -0.05308319 -0.3693411 -0.1344043 3.201337 2.099241 0.5587664 20.3384 nan 0 0.0
-0.06969405 0.03403365 -2.675338 -0.9722926 1.397046 0.8902651 0.4066964 19.49606 1.483095 0 0.0
-0.01055657 0.06747635 -7.567977 -3.248942 2.065769 1.725075 -0.0906674 19.89212 1.437145 0 0.0
-0.0001895697 0.06844771 0.8741905 -3.292701 1.46006 1.040277 0.006277587 19.58247 1.775999 0 0.0
-0.05419789 -0.05428861 1.039011 -6.370841 1.320323 0.8844028 0.4861335 19.72931 nan 0 0.0
0.03757523 0.02704404 -2.654835 0.3152521 1.705441 1.290327 -0.1301478 19.51229 1.677839 0 0.0
-0.003577402 -0.08214893 -0.606432 2.452437 1.441021 0.9916501 0.3530871 19.59274 1.382166 0 0.0
0.02539426 -0.03381206 -0.4690503 -8.2649 0.6485404 0.4112277 0.4004523 18.51372 1.391951 0 0.0
-0.07339843 -0.02045796 2.334158 -2.102081 1.422824 1.119202 0.005616105 20.0635 1.676146 0 0.0
0.009438205 -0.07076624 -5.743391 -4.97556 0.3534537 0.2432893 0.4020787 16.84813 nan 0 0.0
-8.177873e-05 -0.03753601 0.9472837 -3.168012 2.419222 1.822674 0.3967171 20.17074 nan 0 0.0
-0.0107077 -0.03685371 -5.246211 -4.347047 0.8553653 0.5635148 0.53758 19.03463 1.652254 0 0.0
0.01685383 0.05750965 -9.817646 -2.234476 1.929112 1.789217 -0.2983421 20.17312 1.980398 0 0.0
-0.03788353 0.05554353 -5.240959 -4.101981 3.011778 1.676699 0.7747712 20.11113 1.058178 0 0.0
-0.02597736 -0.07859291 -0.1156558 3.130451 1.96033 1.256931 0.03787101 19.80656 1.416418 0 0.0
-0.0318218 -0.0477584 -6.435533 -4.540632 0.4081053 0.2738313 0.3856484 18.11089 2.073036 1 0.01400783
-0.0212494 -0.05455357 -6.788983 -5.483919 0.177029 0.121734 0.1965445 16.28407 1.904177 0 0.0
-0.06607131 0.008712079 -6.299105 -5.801867 0.2484911 0.1861131 0.4615818 17.38598 2.010937 0 0.0
-0.03216969 0.03588445 -0.2639768 -2.590696 1.003191 0.7075103 0.55901 19.00339 1.606594 0 0.0
-0.02894296 -0.05040308 -4.148945 -4.167283 0.483333 0.3294013 0.5021712 18.20436 1.815968 1 0.4238992
0.02206988 0.02176691 -4.234719 -3.012698 1.474166 1.034252 -0.4566839 19.42894 1.248442 0 0.0
-0.004195843 -0.08269254 -0.2777875 -3.465271 2.806026 1.900063 0.6345821 20.24866 nan 0 0.0
0.03031908 0.06766522 1.276088 -4.483909 3.328644 1.823913 0.06072441 20.20938 1.252241 0 0.0
0.01094454 -0.06728166 -0.8765048 -6.18236 0.1944072 0.1325698 0.2066696 16.81933 2.059557 1 0.0
0.004846428 0.08070993 -2.623671 -5.680716 3.187742 1.904851 -0.121203 20.26097 1.145771 0 0.0
0.006219386 0.07204288 1.003714 -2.584747 1.928781 1.3294 0.09282829 19.5327 1.829803 0 0.0
-0.05209865 -0.05695595 -3.314192 -1.839957 1.730432 1.225046 0.2313253 20.10704 nan 0 0.0
0.009395553 0.05621166 -4.722798 -1.698329 2.379001 1.741574 -0.2229416 20.32331 nan 0 0.0
0.03706108 -0.05853469 -0.1687488 0.5544471 0.6658977 0.4384423 0.5130354 18.51652 nan 0 0.0
-0.02630005 -0.07857582 -4.485936 -6.837689 2.901211 1.85141 0.4696304 20.10384 nan 0 0.0
0.04486702 0.02048568 -4.561011 -4.049907 0.2655496 0.2037774 0.3333193 17.20922 1.663795 0 0.0
-0.02029042 -0.005530715 -1.647018 -6.131209 0.6728023 0.5540396 0.2084664 17.20763 1.955716 0 0.0
-0.03744424 -0.04576704 2.679626 -1.419 1.188 0.8257432 0.3771392 19.73608 1.65291 0 0.0
0.02331486 0.0532932 0.6469992 -2.730493 1.797892 1.327599 0.06288905 19.76711 1.313517 0 0.0
0.02275921 -0.02753629 -2.265873 1.536149 0.7681128 0.531742 0.2602445 18.96746 1.444508 0 0.0
-0.01517946 0.006713402 -5.188682 -4.939851 0.171142 0.1216765 0.1472464 14.14851 3.769624 1 0.9277605
-0.01761612 -0.06813322 -1.023714 -6.904616 2.001344 1.414959 0.5845249 20.01233 1.480215 0 0.0
-0.0335456 0.04554475 -3.650298 -6.357469 1.991264 1.383633 0.2267613 19.6454 1.367697 0 0.0
0.04453657 0.00251859 -4.784684 -6.325794 0.2084101 0.1502308 0.1434268 16.66051 1.994092 0 0.0
0.01101342 0.07963182 0.3017292 -5.276497 0.1058244 0.07957747 -0.12962 15.68394 2.175303 1 0.0
-0.003634551 0.01707323 -4.819908 -4.854918 0.2985623 0.2275121 0.4557269 17.38239 1.754749 0 0.0
-0.01367154 0.0001084568 -9.767925 -7.95136 1.029769 0.6805619 0.3979683 19.24797 1.621325 0 0.0
-0.05078119 -0.0560169 0.02117063 -3.778053 1.989852 1.327922 -0.01402174 20.06825 0.6214905 0 0.0
0.02376427 0.01587665 -1.940766 -5.48054 1.0423 0.6189605 0.05152764 18.94812 nan 0 0.0
-0.07396712 -0.01513685 0.5632018 -3.532051 1.304422 0.9011345 0.1425149 20.06796 nan 0 0.0
-0.07414068 0.002376307 -6.253288 -1.693237 2.401801 1.578323 0.2896999 19.40067 1.515356 0 0.0
-0.02261396 0.03889097 -1.383069 -2.667855 1.038569 0.7119553 0.4580977 19.41386 1.634594 0 0.0
-0.04589493 0.02741273 -0.7544756 -3.980753 2.017637 1.417563 0.2620485 20.26704 1.395477 0 0.0
-0.0383859 -0.04522759 -2.574129 -0.9494704 1.493157 1.234169 -0.3206136 20.01525 nan 0 0.0
-0.03580621 0.04308735 1.824428 -5.328567 0.4745072 0.311517 0.1209373 18.58817 1.381458 0 0.0
-0.07683785 0.01085257 -4.523921 -0.9514472 1.623285 1.148509 0.5385374 19.70069 1.453999 0 0.0
-0.01308148 0.01622944 -0.2600093 -1.451909 0.6688386 0.4975462 0.06504521 18.24787 nan 0 0.0
-0.0121604 -0.03652771 -3.527767 -8.306359 3.243706 1.865325 0.2908729 20.0958 nan 0 0.0
-0.02169104 0.001144731 -8.366822 -8.602684 1.300912 0.9608766 0.395788 18.76173 1.488029 0 0.0
-0.05608395 0.05481076 -3.007778 -7.137445 1.902803 1.271797 0.2395573 19.98046 0.9521236 0 0.0
0.019152 -0.03955379 -10.5835 -5.868106 0.982743 0.6110002 0.3592645 19.16944 nan 0 0.0
-0.01965201 0.03487277 -2.180693 -5.597769 0.5182331 0.3660392 0.2423451 18.74895 1.502621 0 0.0
-0.02828146 -0.009009623 -0.5549618 -7.446226 0.1463866 0.1092323 0.09077928 16.51607 1.929551 1 0.0
0.06672328 -0.02128902 -0.7727156 -6.763136 1.617599 1.140873 -0.1801124 19.5834 1.826405 0 0.0
0.03923971 0.01506911 0.05139497 -7.485704 2.172191 1.383278 -0.4378141 19.86512 1.233448 0 0.0
-0.01551069 0.06404061 -5.06656 -4.763346 1.044608 0.7519737 0.1599423 19.12914 1.640385 0 0.0
0.003980433 -0.03279632 -5.74534 -4.643563 0.3872644 0.2624974 0.1673463 17.01246 1.614857 0 0.0
0.04041207 0.05504669 -10.06168 1.186245 1.774038 1.20853 -0.1998736 19.81848 1.366411 0 0.0
0.0247133 -0.07020219 -4.900961 -19.34213 1.806006 1.228135 0.4682537 20.15386 nan 0 0.0
0.02471334 -0.07000955 -5.343502 -4.266394 1.072428 0.7284458 0.2593924 19.53927 1.594919 0 0.0
0.02265755 0.0005971217 -6.812765 -5.071732 0.9440168 0.600351 0.5300073 19.15849 1.57748 0 0.0
