data/gcs/Pal_10.ecsv
# %ECSV 0.9
# ---
# datatype:
# - {name: x, unit: deg, datatype: float64}
# - {name: y, unit: deg, datatype: float64}
# - {name: pmx, unit: mas / yr, datatype: float64}
# - {name: pmy, unit: mas / yr, datatype: float64}
# - {name: pmx_e, unit: mas / yr, datatype: float64}
# - {name: pmy_e, unit: mas / yr, datatype: float64}
# - {name: pm_corr, datatype: float64}
# - {name: g_mag, unit: mag, datatype: float64}
# - {name: bp_rp, unit: mag, datatype: float64}
# - {name: filter, datatype: int64}
# - {name: memberprob, datatype: float64}
# meta: !!omap
# - comments: [deg deg mas/yr mas/yr mas/yr mas/yr dimless mag   mag   zeroone float]
# - __serialized_columns__:
#     bp_rp:
#       __class__: astropy.units.quantity.Quantity
#       unit: &id001 !astropy.units.Unit {unit: mag}
#       value: !astropy.table.SerializedColumn {name: bp_rp}
#     g_mag:
#       __class__: astropy.units.quantity.Quantity
#       unit: *id001
#       value: !astropy.table.SerializedColumn {name: g_mag}
#     pmx:
#       __class__: astropy.units.quantity.Quantity
#       unit: !astropy.units.Unit {unit: mas / yr}
#       value: !astropy.table.SerializedColumn {name: pmx}
#     pmx_e:
#       __class__: astropy.units.quantity.Quantity
#       unit: !astropy.units.Unit {unit: mas / yr}
#       value: !astropy.table.SerializedColumn {name: pmx_e}
#     pmy:
#       __class__: astropy.units.quantity.Quantity
#       unit: !astropy.units.Unit {unit: mas / yr}
#       value: !astropy.table.SerializedColumn {name: pmy}
#     pmy_e:
#       __class__: astropy.units.quantity.Quantity
#       unit: !astropy.units.Unit {unit: mas / yr}
#       value: !astropy.table.SerializedColumn {name: pmy_e}
#     x:
#       __class__: astropy.units.quantity.Quantity
#       unit: &id002 !astropy.units.Unit {unit: deg}
#       value: !astropy.table.SerializedColumn {name: x}
#     y:
#       __class__: astropy.units.quantity.Quantity
#       unit: *id002
#       value: !astropy.table.SerializedColumn {name: y}
# schema: astropy-2.0
x y pmx pmy pmx_e pmy_e pm_corr g_mag bp_rp filter memberprob
[from data line 1824]
-0.04380038 0.005466325 -1.497589 -4.560986 0.2916353 0.267386 0.04736071 18.3572 2.757025 0 0.0
-0.004750264 -0.06612774 -4.075859 -4.140655 1.102383 1.175124 0.1700595 20.08704 2.17379 0 0.0
-0.05762797 0.00471322 -4.046706 -4.819891 1.138492 1.107321 0.1068455 20.13481 1.946638 0 0.0
-0.00587702 -0.01118654 -0.5642548 -3.25531 0.07812055 0.07658539 -0.1981822 15.36838 2.486053 1 0.0
-0.06446001 -0.008851307 -7.461136 -1.474478 3.513137 3.051269 0.5172856 20.8498 1.810196 0 0.0
0.0008055787 0.05311198 -0.9965891 -3.943425 2.005776 2.119955 0.2166809 20.77512 2.041695 0 0.0
-0.0144358 0.04301319 -6.377792 -7.966977 2.946675 2.839905 0.3950302 20.61025 1.500668 0 0.0
-0.004285416 0.006177916 -3.983324 -7.20212 0.2979084 0.26671 0.009576493 18.23075 2.728001 0 0.0
0.001991809 0.007408114 -2.061532 -6.424748 1.350508 1.381021 0.1550578 20.29191 2.381845 0 0.0
-0.002636681 -0.001901646 2.947167 -5.797893 2.540007 2.558548 0.1423875 20.72785 nan 0 0.0
-0.0403601 -0.003354105 -4.597345 -7.098269 0.2445101 0.2326257 -0.02756362 18.13467 2.970762 1 0.9521715
0.06283142 -0.008342652 -4.425395 4.342661 1.520998 2.514921 -0.2262087 19.63438 2.151175 0 0.0
-0.04013965 -0.05008229 -0.8844774 -4.938355 0.5014039 0.5997174 0.1720761 19.2804 2.306042 1 0.0
-0.01761907 0.02414981 1.744348 -4.926112 2.329248 2.352456 -0.1301471 20.3709 nan 0 0.0
-0.01930426 -0.04276933 -6.80625 -5.458871 1.570212 1.644967 0.1781287 20.44457 1.956524 0 0.0
0.01815992 0.02780053 -2.327908 -5.53628 0.8494852 0.8298021 0.4942473 19.4785 2.584709 1 0.2717297
0.01999269 -0.06251602 -1.767432 -5.265772 0.510248 0.6028375 0.257624 19.15571 2.318859 0 0.0
0.05654767 0.009694853 -1.216318 -6.070555 0.327611 0.3172897 -0.2379477 18.20155 2.961134 1 0.0
-0.01956046 -0.006003251 -1.451285 -4.412163 0.4655114 0.4631542 0.06095413 18.99734 2.602917 1 0.0
-0.02785381 0.05147966 -2.863054 -7.289662 3.480853 3.962293 0.1454392 20.96367 1.510067 0 0.0
0.01116418 -0.03014341 -3.408642 -5.75093 1.146465 1.176593 -0.02395801 20.16269 2.178543 0 0.0
-0.01120214 -0.04087224 -5.279728 -3.3844 2.442966 2.5819 0.1622016 20.79041 nan 0 0.0
0.001297305 0.0404224 -3.048396 -9.791333 0.2403447 0.2278682 0.1785821 18.03497 2.477688 1 0.0
-0.03276113 -0.05210184 0.7632474 -3.651891 1.185562 1.239662 0.2559377 20.32899 2.140184 0 0.0
0.03505869 -0.007869971 -1.613322 -2.93861 0.1416085 0.1337847 0.08033633 16.94153 2.909801 1 0.0
0.0001115671 -0.02920918 -2.109874 -6.79954 1.003778 1.424448 0.07535222 19.65752 2.401979 0 0.0
-0.04336983 -0.00774599 -2.90944 -11.68842 3.518142 4.195809 0.01587383 20.86853 nan 0 0.0
-0.0651751 0.01249029 2.048334 -2.716155 2.243979 2.314192 0.1269723 20.78782 1.517176 0 0.0
-0.005646769 -0.04724497 -0.9083913 -4.575932 3.80503 4.635487 0.3897683 20.94135 1.861748 0 0.0
-0.02806974 -0.03045236 -5.722904 1.548859 3.237906 4.339298 0.2996142 20.97524 0.7844677 0 0.0
0.003873382 -0.05026816 7.123882 1.321376 0.6030262 0.7256769 0.1606028 19.54447 2.555304 1 0.0
-0.001826241 0.03866574 -2.174377 -3.913309 1.82041 1.762815 0.213223 20.56824 1.942989 0 0.0
-0.003273252 -0.009147652 -6.035779 -6.15041 1.750835 1.821728 0.1838158 20.59405 nan 0 0.0
-0.01828215 0.04446695 -3.568716 -6.210946 0.9154209 1.169458 0.1044681 19.9901 2.13632 0 0.0
-0.0266521 -0.03116022 -2.444264 -6.503799 0.2689559 0.2563422 0.03263858 18.26675 2.110153 1 0.0
-0.01570955 0.02973434 -4.253679 -6.767405 0.1577245 0.1473498 0.0126876 15.29415 4.371728 1 0.9891644
-0.01748148 -0.04448042 1.868177 -10.96389 2.74154 2.81644 0.4089166 20.80022 1.631033 0 0.0
0.02525608 -0.03882225 -1.597699 -5.852819 1.570629 2.703752 -0.5870878 19.97298 nan 0 0.0
-0.03285913 0.04000976 -3.853101 -1.080051 2.535139 3.506738 0.2661996 20.85982 2.505489 0 0.0
-0.02294214 0.01678617 -5.078266 -6.616618 0.3239291 0.2955032 0.05565068 18.16829 2.943384 1 0.7806829
-0.03711985 -0.002418333 -3.314434 -3.271443 1.377706 1.35868 0.1278317 20.30795 1.759308 0 0.0
0.0007481354 -0.03702167 3.29703 -4.600794 3.108305 3.107143 0.3029049 20.79997 2.010824 0 0.0
-0.0003803078 -0.0326424 -7.337014 -11.48207 2.818808 2.84297 0.1596714 20.93383 nan 0 0.0
0.05288908 -0.03906578 0.9307971 -2.189945 1.191887 1.13828 0.1423415 20.32821 2.612669 1 2.264799e-06
0.03127164 -0.02286056 -3.401555 -3.47659 0.9870017 1.090389 0.1280793 20.14024 2.403179 0 0.0
0.04104716 -0.007891523 4.092448 3.603281 0.3623759 0.3358865 0.05889676 18.70914 2.428205 1 0.0
-0.0228836 0.02189595 -2.321581 -4.905837 0.1602614 0.1472936 -0.008153077 17.36238 2.151653 1 0.0
-0.01721221 0.04319464 -3.084905 -2.39615 0.7700794 0.9751003 0.04275781 19.71541 1.781233 0 0.0
0.03856045 -0.0134196 -2.333476 -4.587273 0.2597788 0.2668607 0.1579585 17.98683 3.151539 1 0.0
-0.0131636 0.03881882 -0.6939685 -4.949462 0.5262416 0.6805951 0.1594346 19.24545 2.316914 0 0.0
0.06609705 0.0005391981 -0.6502961 -4.721626 1.552636 1.608468 0.0839866 20.57703 2.039139 0 0.0
-0.00243339 0.05338475 -3.008959 -7.065565 2.055044 2.392376 0.2758178 20.70094 2.258869 0 0.0
0.01937887 -0.008742225 -1.94341 -5.22258 0.2338707 0.2390832 0.04706351 17.58223 3.327011 1 0.0
-0.04694469 0.03734277 0.7637848 -0.6029768 0.3221288 0.2879308 -0.2011518 18.26975 2.382328 1 0.0
0.05361747 0.03698997 1.669374 -2.208623 1.069958 1.067677 0.2324662 20.27512 1.971104 0 0.0
0.02481825 -0.01261534 -1.747332 -3.687472 1.181223 1.184126 0.05967855 20.20147 3.085033 0 0.0
-0.04499484 -0.0265196 -5.523723 -5.782297 1.529284 1.361357 0.3913053 20.40021 nan 0 0.0
0.0604524 0.01077194 -2.433435 -5.009106 0.1377959 0.1379938 0.290282 17.05558 3.264318 1 0.0
-0.02442629 -0.04575176 -1.796767 -3.11671 0.7158808 0.8594838 0.2167395 19.63439 2.197649 1 3.70191e-05
-0.01322482 -0.004729751 -6.889989 -8.481707 1.594396 1.636058 -0.01190431 20.23082 2.654194 0 0.0
0.02939318 -0.03528155 -0.5105478 -3.704684 1.412002 1.854145 -0.3722693 19.89735 nan 0 0.0
0.06048791 -0.007794183 -4.295416 -6.492323 0.8715084 1.015412 0.2070596 19.95719 2.458771 0 0.0
0.0639878 -0.006171659 -2.352464 -3.432216 3.633073 3.348577 0.2484795 20.92349 nan 0 0.0
0.01772227 0.06415072 -0.5246935 -6.06999 0.7142822 0.819527 0.265692 19.57581 2.447489 0 0.0
0.03524977 0.04735734 -5.101542 -6.707636 1.066317 1.109953 -0.1357537 19.99009 nan 0 0.0
-0.007961566 -0.04474053 -1.387024 -4.036715 0.697909 0.839116 0.1699525 19.70166 2.029068 0 0.0
-0.01585726 -0.00348975 -4.431614 -8.166991 0.6641501 0.7496052 0.1912506 19.37342 2.882206 0 0.0
0.01034833 0.06370189 -0.5088752 -14.25753 0.1947098 0.1864817 0.1751887 17.7112 2.547611 1 0.0
-0.03923113 -0.0001195047 -0.8693945 -3.360095 1.100579 1.188699 -0.1060391 20.1289 2.370056 0 0.0
0.01029061 0.06184413 -2.624367 -5.262651 0.3703432 0.328253 0.07613944 18.68459 2.972023 1 0.0
-0.001855176 0.03750416 7.855804 -12.00006 0.209427 0.1952676 0.009554981 17.8569 2.333059 1 0.0
0.06520528 -0.01257226 -1.780875 -7.122522 0.5309345 0.5921017 0.1517489 19.26764 2.661842 1 0.0002127916
0.03011256 -0.01270605 -1.109974 0.6627336 0.3621242 0.3378328 0.04216179 18.61835 2.471294 1 0.0
-0.05571216 0.02487898 -2.361303 -5.426239 2.07127 2.177152 0.07107114 20.82893 2.510475 0 0.0
-0.05034767 -0.02732301 -3.235225 -5.84108 0.7731504 0.8911587 0.2203025 19.86112 2.550135 1 0.2699383
-0.03810006 0.0126652 0.4348648 -1.896392 0.2492174 0.2620089 0.03333049 17.78011 2.766785 1 0.0
0.008847591 0.006527137 -5.001951 -7.136035 1.050807 1.28286 -0.1102202 20.01752 2.852833 0 0.0
-0.002693921 0.03714178 -4.065647 -6.648683 0.1840027 0.1796128 0.04849905 17.08872 3.553276 1 0.9586839
0.02546155 -0.05845455 -0.8443346 -5.157408 0.9774244 1.103319 0.1536661 19.97126 2.056849 0 0.0
0.03949492 -0.0510075 -3.662231 -4.864869 0.1297452 0.1295462 0.1161597 16.28756 3.112659 1 0.0
-0.04386471 -0.01971448 -3.169823 -15.47155 3.893673 4.954685 -0.03796906 20.96692 1.89562 0 0.0
-0.01716285 -0.04110063 -0.9908218 -3.113336 1.180231 1.219611 0.200508 20.10538 1.964962 0 0.0
-0.02114955 0.01037725 -1.566145 -1.759561 0.1454886 0.1394061 0.06913665 16.7294 2.92927 1 0.0
0.06274621 -0.01264757 -0.6176006 -2.229421 0.9989264 1.07992 0.1492857 19.88716 3.058098 0 0.0
-0.0259773 0.03008464 2.843933 0.3539605 2.360386 3.630364 -0.1570045 20.63121 nan 0 0.0
-0.05824306 -0.01757776 -1.997173 -6.449581 0.2410931 0.240231 0.1331041 18.03706 2.917908 1 0.0
-0.01013105 -0.03273556 -3.095604 -4.147503 0.1815991 0.1587548 0.06582816 17.39351 2.484667 1 0.0
-0.04365878 -0.006389791 -3.264514 -4.564539 0.9746867 1.017202 -0.002908394 20.02295 nan 0 0.0
0.03401004 0.02813484 -1.295185 -3.028795 0.3559693 0.3227133 0.1751959 18.74528 2.372852 1 0.0
-0.02624379 -0.01008027 -3.431691 -1.560395 0.8231664 0.9675116 0.10828 19.68974 2.343849 0 0.0
0.04358118 0.03820209 -5.472251 -6.197197 1.168975 1.181341 0.03690918 19.86031 2.868465 0 0.0
-0.006514957 -0.04974928 -2.303311 -5.1 0.3462524 0.3757628 0.1924801 18.23227 2.164923 0 0.0
0.02805015 0.03796041 -2.251627 -5.871158 0.7499672 0.7968681 0.2840622 19.66942 2.986706 0 0.0
0.0396864 -0.003340911 -3.948234 -7.104734 3.036495 2.597516 0.484705 20.8751 1.517605 0 0.0
0.02215 0.03843256 -2.863613 -4.609328 0.4587139 0.4279897 0.1746795 19.03262 3.184706 1 6.609856e-06
0.02819711 0.02377739 3.382346 1.461236 3.371527 3.26234 0.1602709 20.64599 nan 0 0.0
-0.0419131 0.03391586 -1.442903 -4.677022 2.08601 1.846186 0.3522637 20.23638 2.651947 0 0.0
-0.006512923 0.003578271 -4.1016 -5.632587 0.4816573 0.4983856 0.1453801 18.99467 2.930702 0 0.0
0.001153341 -0.05475047 -5.330604 -6.014659 0.7079636 0.8445963 0.2037977 19.57723 1.779463 0 0.0
0.03212521 0.05347931 -2.270979 -4.723264 0.2965561 0.2600436 0.138994 18.31299 3.24614 1 0.0
0.000111545 0.004484137 -2.427485 -8.014973 2.479003 2.147429 0.8659257 19.72631 nan 0 0.0
0.0154743 -0.01946764 -3.76168 -1.822131 1.661949 2.092026 0.1577391 20.62846 2.886431 0 0.0
-0.05702458 -0.007503552 -2.913774 -7.22831 0.1235731 0.1304582 0.1486169 16.6283 2.832049 1 0.0
-0.02668072 -0.02912889 -4.918216 -6.842995 0.3226929 0.3100564 0.05361624 18.53777 2.845596 1 0.8726968
0.02845162 0.05851406 -1.611889 -6.217295 0.1852148 0.1652589 0.1330788 17.82511 2.416689 1 0.0
0.00618604 0.01311119 -5.347321 -5.883065 0.4396063 0.399358 -0.008338824 18.71938 2.901321 0 0.0
-0.03137206 -0.0516882 -0.966104 -8.112873 2.153603 2.7423 0.01628531 20.84726 1.948435 0 0.0
-0.009981184 0.05603815 -2.605525 -3.113895 0.7952799 0.9346434 0.2208052 19.71 2.815456 0 0.0
0.03514498 -0.005449528 -1.782003 -4.560341 2.564988 2.60467 0.4034947 20.66679 1.556801 0 0.0
0.01544042 0.03519887 -0.3275706 -1.263247 2.15849 2.483611 0.1873431 20.68481 nan 0 0.0
-0.02720344 -0.04117371 -4.638304 -6.832786 0.6169342 0.7678948 0.1165949 19.42097 2.610035 0 0.0
0.01500417 0.06257881 -3.472177 -5.208789 0.6052236 0.7196504 0.2189152 19.32915 2.6908 0 0.0
0.04827646 0.003180622 4.590239 -7.163051 3.251757 2.779972 0.5756462 20.90209 1.822325 0 0.0
-0.01767664 0.02686588 -8.72535 -2.456939 3.030212 3.941748 -0.08136616 20.823 2.826508 0 0.0
0.01194232 0.01350822 -5.10407 -5.682686 0.6936206 0.8554982 0.1036287 19.38275 2.516926 0 0.0
0.03355457 -0.009026127 -1.429343 -8.499836 2.851958 2.508145 0.4830221 20.76502 2.072758 0 0.0
-0.02781113 -0.04145208 -2.227198 -5.120233 0.619442 0.7513765 0.09695933 19.51937 2.612057 0 0.0
-0.06048592 0.02128335 -2.539107 -4.400651 1.561696 1.631253 0.06030459 20.40378 1.820597 0 0.0
0.009196194 -0.02083376 -1.482963 -5.174573 1.045197 1.01598 0.1596607 19.9961 1.954105 0 0.0
0.007690201 0.0131246 -3.73545 -6.388565 0.29228 0.2612068 0.02153925 17.76129 3.171551 0 0.0
-0.001536957 0.04598423 -6.867685 -11.00035 2.120573 2.189107 0.02000198 20.68983 nan 0 0.0
-0.05668531 -0.03127495 -2.610325 -6.621324 0.5785978 0.689554 0.2012065 19.47723 2.487322 1 0.04781275
0.05148933 -0.003034488 -1.255938 -2.129299 1.010315 1.109156 0.1879876 20.00797 2.660616 0 0.0
0.0140532 0.02241761 -2.538132 -5.672564 0.7592464 0.836707 0.3942852 19.38988 2.526293 0 0.0
0.0107612 -0.06345336 -2.09677 -3.649624 0.3650183 0.3610883 0.07362818 18.75601 2.551544 0 0.0
-0.005758979 0.05739217 -0.2474815 -7.591707 1.3561 1.342769 0.2875156 20.44239 1.74029 0 0.0
0.02857249 0.02757689 -1.798282 -0.7429926 0.7605518 0.8673947 0.2363852 19.79817 2.660292 1 0.0
0.03937895 -0.05007865 -1.590685 -5.27402 1.452082 1.404651 0.2914995 20.39901 nan 0 0.0
-0.04441228 -0.01149557 -3.996319 -7.407337 0.3287321 0.2948615 -0.06519809 18.45697 2.61624 1 0.8618407
0.04553305 -0.01457183 -1.818011 -9.872252 0.8089108 0.9444198 0.1277146 19.92206 2.217768 0 0.0
-0.01134151 0.0389503 2.318992 -5.495126 2.031459 2.789842 0.1570292 20.65272 1.631424 0 0.0
-0.01969721 0.06230844 -4.928072 -5.56232 0.2968996 0.2869347 -0.03879827 18.32321 2.616957 1 0.0002465894
0.01101659 0.01498635 -4.966127 -5.521292 0.5102859 0.555085 0.1854939 19.03386 2.918945 0 0.0
0.003988421 -0.01987647 -2.117357 -4.6154 1.256676 1.330387 0.05138569 20.44626 1.714043 0 0.0
-0.0228634 -0.04320376 -2.535068 -4.730978 0.1792245 0.1769631 0.1808374 17.01418 3.603543 1 0.0
0.01926936 -0.06381119 -3.021305 -7.527796 0.9429512 1.054897 0.132157 19.93224 2.467564 0 0.0
-0.01362642 0.03787282 -0.292138 -0.9141964 1.080973 1.19219 -0.004692474 20.01842 2.050137 0 0.0
-0.02540149 0.01226038 -2.29771 -7.172914 0.3632184 0.3417744 -0.1340596 18.50339 2.270933 1 0.0003653122
-0.02511295 0.007333658 -3.735561 -6.871111 0.2864121 0.2661408 -0.02816548 18.27568 2.967447 1 0.9427801
0.02553259 0.04690929 -1.9985 -6.354507 0.3669796 0.3205909 0.1471525 18.33494 3.104692 0 0.0
-0.01600714 -0.05935406 -4.389105 -5.600463 1.753739 2.133087 0.1315699 20.60554 1.622028 0 0.0
0.0008056856 0.03052708 1.288279 -4.431097 0.7847032 0.8995038 0.1520719 19.41928 nan 0 0.0
0.02204728 -0.06196455 -1.942526 -7.32306 1.040373 1.059799 0.1611087 20.18925 nan 0 0.0
0.03099956 0.04141513 -4.071895 -7.034709 0.5406981 0.4464494 0.2342053 18.16526 2.366779 0 0.0
-0.006485162 -0.02713958 -4.427403 -7.172062 0.2376212 0.229457 0.08801755 18.06981 2.9027 1 0.9826637
-0.03031956 0.008919511 -4.547101 -5.978116 0.2484644 0.2254275 0.0235786 17.99777 2.821157 1 0.04628417
-0.03278962 -0.04976724 4.795609 -5.00404 1.584967 1.691581 0.3549367 20.52405 1.62454 0 0.0
0.05036149 -0.004369969 -6.319003 -7.074256 1.125254 1.193224 0.2275849 20.05823 2.194473 0 0.0
-0.01501443 0.04061761 -2.820219 -2.371714 0.9378381 1.146801 0.02428958 19.94008 1.835087 0 0.0
-0.03821775 0.003797959 -2.72 -4.376717 0.1952895 0.1800415 0.01387466 17.4445 3.290445 1 0.0
-0.01414674 0.04119737 -4.843537 -7.973015 1.189929 1.274235 0.07261928 20.39963 1.6798 0 0.0
-0.04649382 -0.00621738 -1.505327 -6.256704 0.8954889 1.023425 -0.01050159 19.91068 1.996815 1 0.02722109
0.003091045 0.007152546 -4.387514 -6.384596 0.4757478 0.3600119 0.341806 18.19962 nan 0 0.0
0.004189808 0.02632524 -2.311301 -7.568432 0.6806507 0.8104332 0.1267475 19.5765 2.603117 0 0.0
0.01234935 -0.0148998 -4.153725 -7.147666 0.4330226 0.410584 0.05164915 18.86763 2.79497 0 0.0
0.02310766 0.01463089 -0.8144232 14.0467 1.943831 2.496226 -0.02688056 20.73526 2.619083 0 0.0
0.03664762 0.002410972 -2.149363 -3.669164 1.418815 1.37228 0.1973418 20.54366 2.134611 0 0.0
0.007920371 0.03976836 -0.3897307 -6.693808 0.4762925 0.4108405 0.1859741 18.60634 2.573038 0 0.0
-0.04496967 -0.04080565 -3.371514 -4.824607 0.4475808 0.523242 0.1941667 19.13989 2.503046 1 0.001925671
-0.04687924 -0.04021576 0.4142017 -1.268749 0.5924078 0.7136841 0.193345 19.38573 2.26676 0 0.0
0.05275709 0.01347591 -0.5538029 -6.00245 1.410201 1.388215 0.267042 20.5345 1.610331 0 0.0
0.04738509 -0.01624788 -9.87004 -2.401518 2.816023 2.645485 0.2783089 20.70075 2.104113 0 0.0
-0.01689916 -0.008050121 -5.528387 -7.259569 0.852631 0.9855409 0.1099086 19.80496 2.559313 0 0.0
-0.02716119 0.04238531 -3.016482 -6.138822 1.058539 1.102072 -0.02260228 20.04666 2.224543 0 0.0
-0.00743878 -0.0002440181 -0.3573135 -4.003654 2.601047 2.479863 0.4570691 20.62733 2.041319 0 0.0
