data/gcs/Pal_8.ecsv
# %ECSV 0.9
# ---
# datatype:
# - {name: x, unit: deg, datatype: float64}
# - {name: y, unit: deg, datatype: float64}
# - {name: pmx, unit: mas / yr, datatype: float64}
# - {name: pmy, unit: mas / yr, datatype: float64}
# - {name: pmx_e, unit: mas / yr, datatype: float64}
# - {name: pmy_e, unit: mas / yr, datatype: float64}
# - {name: pm_corr, datatype: float64}
# - {name: g_mag, unit: mag, datatype: float64}
# - {name: bp_rp, unit: mag, datatype: float64}
# - {name: filter, datatype: int64}
# - {name: memberprob, datatype: float64}
# meta: !!omap
# - comments: [deg deg mas/yr mas/yr mas/yr mas/yr dimless mag   mag   zeroone float]
# - __serialized_columns__:
#     bp_rp:
#       __class__: astropy.units.quantity.Quantity
#       unit: &id001 !astropy.units.Unit {unit: mag}
#       value: !astropy.table.SerializedColumn {name: bp_rp}
#     g_mag:
#       __class__: astropy.units.quantity.Quantity
#       unit: *id001
#       value: !astropy.table.SerializedColumn {name: g_mag}
#     pmx:
#       __class__: astropy.units.quantity.Quantity
#       unit: !astropy.units.Unit {unit: mas / yr}
#       value: !astropy.table.SerializedColumn {name: pmx}
#     pmx_e:
#       __class__: astropy.units.quantity.Quantity
#       unit: !astropy.units.Unit {unit: mas / yr}
#       value: !astropy.table.SerializedColumn {name: pmx_e}
#     pmy:
#       __class__: astropy.units.quantity.Quantity
#       unit: !astropy.units.Unit {unit: mas / yr}
#       value: !astropy.table.SerializedColumn {name: pmy}
#     pmy_e:
#       __class__: astropy.units.quantity.Quantity
#       unit: !astropy.units.Unit {unit: mas / yr}
#       value: !astropy.table.SerializedColumn {name: pmy_e}
#     x:
#       __class__: astropy.units.quantity.Quantity
#       unit: &id002 !astropy.units.Unit {unit: deg}
#       value: !astropy.table.SerializedColumn {name: x}
#     y:
#       __class__: astropy.units.quantity.Quantity
#       unit: *id002
#       value: !astropy.table.SerializedColumn {name: y}
# schema: astropy-2.0
x y pmx pmy pmx_e pmy_e pm_corr g_mag bp_rp filter memberprob
[from data line 1835]
0.0218408 -3.278127e-05 0.1869389 -1.5813 0.4224067 0.4079844 0.4184024 18.66599 1.301813 0 0.0
-0.01430127 -0.0268111 -2.326218 -4.148199 1.395807 1.451372 0.2824124 19.75662 nan 0 0.0
-0.003767405 -0.005053374 -0.5734181 -4.571485 0.8678278 0.8855074 0.4256051 19.39105 nan 0 0.0
0.03423241 -0.04926935 -2.511305 -0.5793701 1.081669 1.034473 0.5094716 19.91332 1.397579 0 0.0
-0.03937032 0.01523217 -3.893098 -5.364789 2.093135 1.473384 -0.4299283 19.95752 nan 0 0.0
0.003438476 0.003213082 -1.883699 -5.69517 0.340098 0.3115369 0.3321151 18.06045 1.422956 0 0.0
-0.04012054 0.02999677 -5.650709 -4.393547 0.4669788 0.4409508 0.4278595 18.76783 1.253609 0 0.0
-0.009591486 -0.06520757 1.961432 -0.3859161 0.2458998 0.2378231 0.4934751 17.67123 1.485359 1 0.0
-0.05996868 -0.02871386 -4.643366 -4.604234 0.6222135 0.6314578 0.5871613 19.07117 1.36157 1 0.0
-0.03340294 0.03737976 -3.007908 -1.917355 1.472718 1.49195 0.5677996 20.12903 nan 0 0.0
-0.0004085738 -0.004315186 -2.107244 -5.054262 0.5272036 0.4787061 0.2324832 18.63422 nan 0 0.0
0.01076258 0.05037194 -2.835472 -7.00303 0.2518449 0.2257221 0.413078 17.90232 1.633106 1 3.439599e-06
-6.407669e-05 -0.003845978 -2.390716 -5.559695 0.1569573 0.1389264 0.3051948 16.92147 1.457133 0 0.0
0.04527508 0.02750629 2.530291 -2.541296 0.3167007 0.3085353 0.456451 18.23603 1.622662 1 0.0
-0.02174038 0.007991448 -18.19378 -20.98018 1.926506 2.061874 0.6656015 19.89344 nan 0 0.0
0.04660166 0.04713443 -9.74983 -9.949183 0.2878127 0.266303 0.4665093 18.09986 1.290119 1 0.0
-0.03908327 0.01551834 -3.070015 -4.071948 0.3293945 0.290568 0.2622174 18.25925 1.534126 0 0.0
0.05151235 -0.04142909 -1.588604 -7.593518 1.527295 1.765858 0.8950924 19.48806 0.8428555 0 0.0
0.003265936 -0.01055416 0.1766181 -4.821723 0.603208 0.6198737 0.6484325 18.944 nan 0 0.0
0.04141036 -0.03795286 -5.410869 -8.509695 1.394965 1.696558 0.8620448 19.67231 1.041243 0 0.0
-0.01841386 0.04147156 1.180735 -3.548635 0.07203213 0.06393302 0.4251223 15.25724 1.704592 1 0.0
0.002807659 0.04807393 -3.062051 -7.224124 0.8279531 0.8545059 0.5757519 19.4583 1.525274 0 0.0
-0.01269446 -0.0191911 -7.411928 -9.320523 1.95491 1.922127 0.7496234 19.98596 nan 0 0.0
0.05323783 -0.03128829 -6.741061 -8.996417 0.5538496 0.5180585 0.5035358 18.95574 1.21796 0 0.0
-0.04289841 0.002474908 -1.807677 -12.61707 0.8904394 0.9236977 0.6083543 19.34431 1.851248 0 0.0
-0.04042711 -0.00655574 -2.080684 -0.1976128 2.193104 1.940529 0.3153461 19.94339 nan 0 0.0
-0.03083126 -0.04504579 0.530816 -5.888807 0.911707 0.9520991 0.5520257 19.7332 1.085493 0 0.0
-0.04199623 -0.0435835 -0.3535164 -7.061469 0.4690998 0.4306809 0.3584032 18.75405 1.175171 0 0.0
0.03862559 -0.04074451 -5.059396 -4.349992 1.834192 2.216732 0.8819308 19.79807 1.914181 0 0.0
-0.05067715 -0.002171776 0.2020145 -5.922428 0.1948156 0.171346 0.3881201 17.45851 1.552309 1 0.0
0.0552863 -0.001019367 -1.195539 -8.103225 1.399332 1.704132 0.8564582 19.53806 1.051491 0 0.0
-0.01286813 -0.00139937 -1.299431 -6.004779 0.7353302 0.7681673 0.5882063 19.3481 1.095476 0 0.0
-0.04652632 0.03850179 -4.419654 -7.56324 0.8293065 0.8561787 0.5793666 19.64527 0.9794006 0 0.0
-0.02454494 -0.05054548 -3.123429 -6.439523 0.4883659 0.4215121 0.3298354 18.80051 1.090006 0 0.0
-0.0007530548 -0.007754137 3.94838 0.4918612 1.087248 1.311495 0.8489432 19.10244 nan 0 0.0
0.007686426 -0.01851558 -1.78658 -6.268646 0.4749079 0.4657515 0.478127 18.94161 nan 0 0.0
-0.01398359 -0.04877418 -0.6598302 1.074679 2.08765 2.511985 0.8966016 19.94402 1.29307 1 9.335417e-05
0.02399233 -0.01087065 0.1802334 -6.81251 0.3572907 0.3421291 0.4537642 18.20205 1.363508 0 0.0
-0.006811214 0.01277451 -5.695254 -7.649077 0.08726115 0.07665845 0.2726613 16.01107 1.714483 1 0.0
-0.0461859 -0.04591926 -1.392625 -2.858884 0.6502309 0.6885848 0.5659086 19.26249 1.282427 0 0.0
0.005133144 0.0283023 -3.266709 -3.936074 0.8235566 0.8611864 0.5327882 19.60821 0.9767227 0 0.0
-0.03720659 -0.02896058 -1.05269 -7.527471 0.9393406 0.9949216 0.573216 19.72371 1.281141 1 0.02599166
-0.009425975 0.04725542 -1.367592 0.06461444 0.4860281 0.46204 0.4038931 18.98604 1.345009 1 0.0
0.02401823 -0.02939673 -1.591849 -5.98673 0.4381302 0.4274421 0.5376588 18.66301 1.279146 0 0.0
-0.02781617 -0.05364928 -0.4482488 -5.081504 0.5070325 0.448071 0.3860802 18.75634 1.159912 1 0.03615407
-0.01932325 -0.03693393 -2.034379 -3.994534 1.087013 1.088159 0.590421 19.88804 1.760315 1 0.1941376
-0.01189056 -0.02114607 -1.943394 -3.297703 1.036477 1.051944 0.5230364 19.84922 0.8673744 0 0.0
0.03645395 0.001429382 1.339595 -6.100891 0.4147507 0.405472 0.4010202 18.3899 1.392612 0 0.0
-0.05701251 -0.02785065 2.075934 -5.516066 0.8638425 0.8986598 0.5692668 19.66275 1.65114 0 0.0
-0.02819025 -0.04806654 -1.589144 -6.841538 0.9212362 0.9851383 0.4935225 19.585 1.031057 0 0.0
0.02077188 -0.05114957 0.3418046 -3.706957 2.108846 2.502904 0.8403233 20.03213 0.7973633 0 0.0
-0.03494991 0.02063672 -2.007767 -2.825674 0.5454234 0.5539095 0.4897689 19.03208 1.268505 0 0.0
0.02832786 -0.006459663 -2.05344 -5.842833 0.2490612 0.2344806 0.4214651 17.48463 1.648968 0 0.0
-0.004111685 -0.01340375 -2.921793 -6.094803 1.008365 1.005775 0.523637 19.58023 nan 0 0.0
-0.06029785 0.0066845 -3.168743 -3.505522 0.3556374 0.3153308 0.3467639 18.52817 1.520468 1 0.0
-0.02747223 -0.05102089 -2.420335 -8.743736 0.6715109 0.6797954 0.5281173 19.19131 1.118216 1 8.183987e-05
-0.001241084 -0.007532888 -1.583253 -4.738416 0.4000379 0.3568132 0.3331388 18.55539 1.197153 0 0.0
-0.0238033 -0.0202109 -2.840366 -2.775142 0.8185904 0.8152304 0.501991 19.49469 1.106649 1 0.0003206531
0.03755216 0.03218512 -4.045209 -7.583154 0.2934419 0.2646568 0.5396941 17.79402 1.571012 0 0.0
0.00504572 -0.01208771 -1.694671 -4.491768 0.4457536 0.4103047 0.5464057 17.80146 nan 0 0.0
0.0006537263 0.0200283 -4.463037 -10.67311 0.4065407 0.3609665 0.3004169 18.67916 1.213625 1 0.0
0.03927015 0.01235782 -1.895199 -3.878102 1.047803 1.256898 0.8607465 19.2421 1.438841 0 0.0
-0.03529418 0.01935681 0.9037371 -3.501281 0.2412372 0.2160862 0.377237 17.8549 1.338898 1 0.0
0.0403881 0.005344218 -0.3550166 -6.003167 1.531628 1.842146 0.8625633 19.74201 1.364994 1 0.08399857
-0.03223618 -0.05200216 0.5583823 -7.092589 0.6835104 0.7419814 0.4753395 19.28447 1.316578 1 3.457256e-06
-0.008708802 0.06121153 -6.010418 -3.561462 0.6282206 0.6505661 0.5817027 19.23934 nan 0 0.0
-0.01215219 0.02183219 -5.651358 -4.955519 1.390866 1.42825 0.7711021 19.69467 1.237005 0 0.0
0.05874042 0.02356893 -3.958095 -4.616866 1.30302 1.556904 0.8786188 19.3952 nan 0 0.0
-0.002102386 -0.001757445 2.953318 -0.9622455 1.71865 1.531904 -0.03430873 19.52924 nan 0 0.0
-0.02239922 -0.002653556 -2.639868 -3.428935 0.2728535 0.2415239 0.3245543 18.14718 1.215504 1 0.0
-0.008737545 0.06163305 -2.939881 -1.40404 0.6692116 0.7045063 0.6330959 19.08591 nan 0 0.0
0.0409364 0.01627128 -4.533602 -5.771467 0.1648876 0.1596884 0.4546174 17.16504 1.632624 1 0.0
-0.01869464 -0.01284023 -6.333508 -5.026254 0.393953 0.3341018 0.5100807 17.90536 1.466217 0 0.0
-0.04753791 -0.03561235 -2.832371 -6.04264 0.1148638 0.09921718 0.2622914 16.50043 1.611176 1 0.0
-0.008246114 4.09848e-05 2.567614 -6.792174 1.681524 1.728558 0.7727389 19.28082 nan 0 0.0
-0.06511839 -5.225061e-05 -2.689557 -3.390329 0.493492 0.4658197 0.3976643 18.92122 1.206129 0 0.0
-0.008159965 -0.0003824421 -2.107818 -5.894954 0.1651156 0.1628094 0.5133852 16.8803 1.511288 0 0.0
0.02312628 -0.04409462 1.606441 0.323057 0.150623 0.1438508 0.3895072 16.85818 1.310719 1 0.0
0.03858526 0.02958707 -3.817672 -2.674707 2.186257 2.286568 0.8521821 20.02127 nan 0 0.0
0.0188895 0.0481682 -3.978102 -5.584777 1.825667 1.793222 0.7169846 20.13028 1.291094 0 0.0
-0.02110594 -0.01322581 -3.298474 -10.55994 0.1105926 0.09567988 0.2714963 16.46069 1.643955 0 0.0
-0.01034044 -0.0218555 -2.162246 -5.557611 0.06294502 0.05428082 0.2332763 15.02256 1.952773 1 0.939779
-0.01238277 0.03311795 -1.039788 -8.919537 0.6905376 0.7084235 0.5725878 19.29962 1.291376 1 0.0
0.0329578 0.03213655 -1.766551 -5.597038 0.1607768 0.1475693 0.3466472 17.03045 1.606043 1 0.9135087
-0.02073568 0.00922373 -4.693299 -9.734039 1.487692 1.756777 0.8584511 19.69874 nan 0 0.0
-0.00646884 0.06595711 -4.472615 -6.453728 1.283596 1.321686 0.6990059 19.76682 1.582344 0 0.0
-0.009366157 0.006768141 -1.318772 -5.145189 2.160975 2.163765 0.5851052 20.31307 0.5978508 0 0.0
-0.0206495 0.008842271 -1.539412 -5.427326 0.1727626 0.1499638 0.224913 16.97514 1.380112 0 0.0
-0.001212686 0.03307456 -3.821376 -9.847 0.4084694 0.3551692 0.2255009 18.51652 1.264677 0 0.0
0.01702038 0.02497315 -2.767086 -6.836769 0.8353177 0.8569727 0.5589623 19.5345 nan 0 0.0
-0.03958945 -0.02715108 -5.562613 -2.562803 2.133164 2.11316 0.6934199 20.1339 nan 0 0.0
-0.06247903 0.004671404 -3.742998 -4.883256 0.3578364 0.3191545 0.3463647 18.5935 1.302679 1 0.0
0.04758386 -0.02942111 -1.62135 -5.522838 0.1703846 0.1646452 0.5144762 17.11923 1.670431 1 0.6009943
-0.01025281 -0.04518999 -0.8269098 -0.09890582 1.096585 1.338859 0.8611608 19.29078 1.298605 1 0.0
0.05812118 -0.02089877 0.8741586 -0.3334993 1.363698 1.689052 0.8896855 19.35411 1.174061 1 0.006126476
0.002577278 0.00852125 -0.01243659 -2.501669 1.692285 1.772721 0.7307122 19.70975 nan 0 0.0
0.001055718 0.02245636 -1.896526 -5.626924 0.2041627 0.18281 0.4153289 17.57575 1.649006 1 0.9823249
-0.02817759 0.04239137 -2.944793 -8.140118 1.955885 2.238586 0.8813282 19.83496 0.9746609 0 0.0
0.0007684953 0.003268431 -0.7653175 -5.918802 2.102447 2.086206 0.5610319 19.74464 nan 0 0.0
-0.005490554 0.01434622 -1.083082 -7.337068 0.548014 0.5706794 0.5995244 18.99861 1.225 0 0.0
-0.01306687 -0.02834259 -5.025221 -4.548606 1.21067 1.196135 0.4704689 19.98752 0.9341049 0 0.0
-0.01223305 -0.04666833 -1.202767 -5.987041 1.610747 1.967746 0.8614479 19.85952 nan 0 0.0
0.001601703 0.06616514 1.129802 -0.6795716 0.3167108 0.2800797 0.4356358 18.21899 1.414007 1 0.0
0.0006251908 0.06512183 -1.966758 -4.377016 0.4303531 0.4004072 0.399692 18.80016 1.076097 1 0.01535225
-0.03083231 -0.03961175 -5.461275 -5.83254 0.5063526 0.5032266 0.3936159 18.888 1.061602 0 0.0
0.01650471 0.03626852 -4.570471 -10.06701 0.9829499 0.9976678 0.6118015 19.78874 1.151085 0 0.0
-0.05155172 0.0389313 -4.741755 -2.015695 1.108568 1.138958 0.5978441 19.93642 nan 0 0.0
0.002893493 0.03055303 2.069687 -8.822097 0.5164552 0.4788041 0.3564454 18.8165 1.504108 0 0.0
-0.01504559 -0.04780535 -0.1969923 0.9666094 0.3685895 0.3602151 0.4761507 18.44509 1.251225 0 0.0
0.006224186 0.02601344 -7.859098 -3.614371 1.052072 1.099491 0.5433005 19.78904 1.19623 0 0.0
-0.02799886 0.005879034 6.659349 -3.16092 0.1461902 0.1260576 0.2467765 16.9707 1.280024 1 0.0
0.01627104 -0.00234382 -2.928639 -5.759578 0.457003 0.4333262 0.4757099 18.80252 1.291906 0 0.0
0.04739254 0.002790251 0.4628122 -3.22706 0.4525763 0.4398493 0.4729811 18.80687 1.557941 0 0.0
-0.0456266 0.005302746 -0.5653438 -1.432799 0.2834086 0.2591325 0.3831039 18.00462 1.463421 1 0.0
0.04649086 -0.0371341 -2.432482 0.1676424 1.188608 1.399041 0.8482846 19.1827 nan 0 0.0
-0.005948855 -0.01456157 -1.772071 -6.108553 0.6252998 0.577215 0.1527058 18.9231 nan 0 0.0
0.001859548 0.01118583 -1.36541 -5.060669 0.2825419 0.2597976 0.4277385 17.674 1.561756 0 0.0
-0.03546842 0.02817445 -5.456217 -10.01519 1.370535 1.396296 0.6632107 19.87507 nan 0 0.0
-0.03128051 0.05024716 -2.46219 -3.929676 1.062662 0.9395345 0.2447849 19.71228 1.187572 0 0.0
-0.04161132 0.02093839 -3.611991 -2.807429 0.8633896 0.8928972 0.6269062 19.63404 1.300915 0 0.0
-0.02945833 -0.01967589 -0.273562 1.134448 0.2858796 0.2455708 0.2622158 18.0573 1.456137 1 0.0
0.02479116 -0.04261095 -0.515911 -1.420497 2.203018 2.778438 0.8485801 19.62408 nan 0 0.0
-0.02406805 0.02205018 -0.7164662 -0.6038005 0.283263 0.2535875 0.3572889 18.15297 1.382641 0 0.0
0.03168542 -0.0127164 -3.707405 -2.983427 1.332995 1.576736 0.8384566 19.56623 1.332733 1 3.178789e-05
-0.04662612 -0.01286313 -5.553736 -6.954577 1.751975 1.703393 0.788795 19.93718 nan 0 0.0
0.03718907 -0.04689918 -0.3273071 -10.1602 1.517979 1.651095 0.7490873 19.98044 1.134024 1 8.974613e-06
0.025595 -0.0413427 -0.7557764 -2.089983 1.116974 1.385859 0.8476339 19.35454 1.251328 0 0.0
-0.02185968 0.04044306 -7.324785 -8.475941 0.9549005 0.9785622 0.5296745 19.69326 1.163246 0 0.0
-0.0202722 -0.02299324 -11.64873 -20.91542 0.6982185 0.7287843 0.5257978 19.34652 1.31143 0 0.0
-0.008906439 0.0004147895 -1.622794 -3.81284 0.5993256 0.5275674 0.07942678 18.85481 0.9026375 0 0.0
-0.03987829 -0.01996998 -4.50369 -4.128598 1.009304 1.040822 0.6060909 19.84769 1.318724 1 0.0004796566
0.05396568 -0.001060874 -2.650022 -6.054711 0.2076771 0.2006294 0.5135856 17.41793 1.685123 1 0.2477702
-0.009568875 0.03582468 -2.631699 -3.806153 0.9620532 0.996497 0.6209316 19.78941 1.208429 1 0.04875123
0.02577285 -0.006579391 -4.667316 -6.087653 0.2215158 0.2056091 0.4032883 17.21911 1.661522 1 0.0
-0.05933678 -0.02982942 -7.270258 -6.683859 0.8079474 0.8217076 0.5375543 19.43004 1.159216 1 0.0
0.04918648 -0.04481771 -3.754634 -5.08851 1.247057 1.436112 0.9170579 19.08542 1.040636 0 0.0
-0.01086187 0.04762345 0.2347497 1.804894 0.1984528 0.1745886 0.375142 17.46423 1.31061 1 0.0
0.03043432 0.05001272 10.53037 -2.970128 1.796485 1.851083 0.5367914 19.24 nan 0 0.0
0.03981331 0.002950641 -2.919963 -0.6827679 0.2559785 0.2481244 0.4579739 17.92214 1.470594 1 0.0
0.02520228 0.01599989 -1.987203 -5.59788 1.649917 1.617141 0.7911441 20.00457 1.386164 1 0.5667941
0.00272014 -0.03177721 3.937343 -11.05956 1.869664 2.190592 0.8812767 19.75533 1.15896 1 0.0
0.02922831 0.05074155 -4.197181 -5.797632 0.4738104 0.4468064 0.4300565 18.99653 1.177814 0 0.0
-0.04025785 0.005241254 -0.7364269 -3.997878 0.9540432 0.9748295 0.6749691 19.49751 1.283041 0 0.0
0.007111481 -0.03712365 2.915961 1.936541 1.081609 1.450946 0.8439626 19.2759 nan 0 0.0
-0.03810111 -0.009362783 -0.985494 -2.346938 0.4374297 0.4049658 0.3789152 18.81246 1.589859 1 0.0
0.01110508 0.02003555 -0.7255959 0.4252951 0.9672045 0.9754496 0.4870805 19.88865 1.356033 0 0.0
-0.01597054 0.01728474 -2.578491 0.1339654 0.9587966 0.8183087 0.127052 19.08745 nan 0 0.0
0.02543123 0.01132113 -1.568293 2.195694 2.098501 2.102341 0.7443664 19.96146 nan 0 0.0
0.009639012 -0.008471591 -3.37123 -1.858993 0.2812397 0.2663941 0.4639939 18.00904 1.344864 0 0.0
-0.008419437 0.02024552 -4.224944 -3.280763 0.5767457 0.5795859 0.5135009 19.02401 1.370897 0 0.0
0.006739447 -0.01135917 -0.9479133 -6.841549 1.497584 1.711147 0.899428 19.32044 0.8914032 0 0.0
-0.002446747 -0.01096041 -0.6079157 -5.681063 0.8024659 0.8154869 0.5005887 19.33388 1.080299 0 0.0
-0.01019548 -0.04408182 -2.003421 -5.726204 0.1530895 0.147651 0.4287944 16.87602 1.518911 1 0.9682243
-0.02119054 -0.02459553 -2.277053 2.162847 0.5199503 0.5254573 0.4591865 18.96063 1.587839 0 0.0
-0.009283459 0.06564989 -2.089787 -3.954373 0.750287 0.780573 0.5989094 19.47137 1.285213 1 0.02555512
-0.04271933 -0.0228985 3.396039 -1.067778 0.7387901 0.7609605 0.5931353 19.2613 nan 0 0.0
-0.0543779 -0.009903484 -1.000713 -5.874319 0.2958877 0.2598 0.3137822 18.19132 1.852221 0 0.0
-0.02913907 -0.03873978 -0.12717 -1.202482 0.8611097 0.8930611 0.547213 19.53538 1.158974 0 0.0
0.02777454 -0.05141004 -10.2239 -14.30609 1.525669 1.880379 0.8381149 19.64353 1.380465 0 0.0
-0.0615015 0.001059267 -3.674317 -4.410002 0.619375 0.6437204 0.5851763 19.17823 1.146908 1 3.688455e-05
-0.01065629 -0.0203449 2.896333 -4.391973 1.650789 1.737908 0.486608 19.87115 nan 0 0.0
-0.02055517 -0.05441683 0.8372542 -0.1690139 1.87204 2.565323 0.8571951 19.75665 nan 0 0.0
-0.007498831 -0.01799105 -2.046248 -5.689014 0.2588101 0.2266295 0.3481934 17.79423 1.56772 1 0.978945
-0.03922892 0.02399266 -1.435014 -4.705764 0.1408047 0.1338109 0.4841697 16.70252 1.220114 1 0.0
-0.01341218 -0.01808299 -2.513397 -5.521362 0.1488734 0.1295769 0.2640516 16.8791 1.543415 1 0.2672692
