data/gcs/Pal_10.ecsv
# %ECSV 0.9
# ---
# datatype:
# - {name: x, unit: deg, datatype: float64}
# - {name: y, unit: deg, datatype: float64}
# - {name: pmx, unit: mas / yr, datatype: float64}
# - {name: pmy, unit: mas / yr, datatype: float64}
# - {name: pmx_e, unit: mas / yr, datatype: float64}
# - {name: pmy_e, unit: mas / yr, datatype: float64}
# - {name: pm_corr, datatype: float64}
# - {name: g_mag, unit: mag, datatype: float64}
# - {name: bp_rp, unit: mag, datatype: float64}
# - {name: filter, datatype: int64}
# - {name: memberprob, datatype: float64}
# meta: !!omap
# - comments: [deg deg mas/yr mas/yr mas/yr mas/yr dimless mag   mag   zeroone float]
# - __serialized_columns__:
#     bp_rp:
#       __class__: astropy.units.quantity.Quantity
#       unit: &id001 !astropy.units.Unit {unit: mag}
#       value: !astropy.table.SerializedColumn {name: bp_rp}
#     g_mag:
#       __class__: astropy.units.quantity.Quantity
#       unit: *id001
#       value: !astropy.table.SerializedColumn {name: g_mag}
#     pmx:
#       __class__: astropy.units.quantity.Quantity
#       unit: !astropy.units.Unit {unit: mas / yr}
#       value: !astropy.table.SerializedColumn {name: pmx}
#     pmx_e:
#       __class__: astropy.units.quantity.Quantity
#       unit: !astropy.units.Unit {unit: mas / yr}
#       value: !astropy.table.SerializedColumn {name: pmx_e}
#     pmy:
#       __class__: astropy.units.quantity.Quantity
#       unit: !astropy.units.Unit {unit: mas / yr}
#       value: !astropy.table.SerializedColumn {name: pmy}
#     pmy_e:
#       __class__: astropy.units.quantity.Quantity
#       unit: !astropy.units.Unit {unit: mas / yr}
#       value: !astropy.table.SerializedColumn {name: pmy_e}
#     x:
#       __class__: astropy.units.quantity.Quantity
#       unit: &id002 !astropy.units.Unit {unit: deg}
#       value: !astropy.table.SerializedColumn {name: x}
#     y:
#       __class__: astropy.units.quantity.Quantity
#       unit: *id002
#       value: !astropy.table.SerializedColumn {name: y}
# schema: astropy-2.0
x y pmx pmy pmx_e pmy_e pm_corr g_mag bp_rp filter memberprob
[from data line 997]
-0.04213101 -0.02862986 -1.374046 0.768606 1.738574 1.856872 0.3308609 20.66752 1.606821 0 0.0
0.0006901498 -0.008277931 -4.180188 -7.258521 0.4442937 0.4161963 0.07858871 19.03666 2.938555 0 0.0
-0.01229806 0.009539054 -5.40407 -4.382637 0.8940997 1.086243 0.0005273869 19.90288 nan 0 0.0
-0.05062191 0.02349266 -2.217465 -4.560328 0.4901268 0.5107302 0.1385496 19.05045 2.445953 1 2.24467e-06
-0.01681533 -0.0380737 -2.777218 -4.541349 0.7899884 0.8870774 0.2619387 19.50104 nan 0 0.0
-0.02262092 0.0396972 -2.563635 -7.593899 0.5518616 0.6562088 0.1225707 19.36516 2.408968 1 0.05344674
-0.02051927 -0.04043078 -2.295719 -3.990576 1.145513 1.197178 0.2323009 20.08843 nan 0 0.0
0.01610828 0.007271534 -5.129739 -7.207157 0.4679259 0.4311629 0.02357462 18.94706 2.936232 1 0.9406856
0.01070173 -0.03799599 -1.603474 -4.883936 0.7056255 0.8315933 0.1036796 19.5174 2.053511 0 0.0
0.008847672 0.004982184 -4.173931 -7.08993 0.2567094 0.2337875 -0.03606879 18.14733 2.867519 1 0.9927728
-0.00289719 -0.0107403 -11.05717 -3.468563 2.961028 2.582189 0.2692102 20.7109 nan 0 0.0
-0.009756248 -0.05613302 -7.642361 -9.904569 2.959694 2.796009 0.3089893 20.77929 1.504978 0 0.0
0.005231955 -0.002496679 -4.286845 -7.238789 0.3133391 0.2795814 0.0128318 18.15141 2.848356 0 0.0
0.0099181 0.003122578 -6.637418 -6.176861 1.756044 1.944476 0.08610972 20.33059 2.767429 0 0.0
0.02189851 -0.03015572 0.7154589 -3.945387 0.6384659 0.6160785 0.06677345 18.92874 2.852039 0 0.0
-0.02416729 -0.05578445 -2.821659 -6.612253 0.1496351 0.1401168 0.0892282 14.50433 4.467312 1 0.0
-0.003446871 -0.01106453 -6.419685 -5.268749 1.524478 1.804904 -0.05719391 19.92973 2.907143 0 0.0
0.009312539 -0.0321615 -2.923456 -4.97309 0.8525262 1.009032 0.1096638 19.83122 2.506948 0 0.0
0.004219282 0.004102719 -8.511751 -3.009403 3.183643 3.835799 0.396041 20.82797 nan 0 0.0
0.009483915 0.007911906 -1.419372 -0.3370922 3.915613 3.622461 0.2484546 20.81102 2.152721 0 0.0
-0.00312864 -0.01116944 -4.766345 -8.698313 2.526039 2.914929 0.1462898 20.83951 nan 0 0.0
-0.004170061 -0.008323658 -2.113405 -5.173043 0.4137516 0.3580759 -0.03094128 18.4748 nan 0 0.0
-0.00515367 -0.008148155 -5.28527 -2.714203 1.172393 1.122339 0.1472373 20.13611 nan 0 0.0
-0.008567113 -0.002694908 -3.560152 -6.996644 0.265998 0.2403931 0.05188008 18.26224 2.740999 0 0.0
0.01720852 -0.002793437 -3.100595 -5.353254 0.6752883 0.8421758 0.08724869 19.41436 nan 0 0.0
0.06589642 -0.004292194 -0.769464 -1.766946 0.7921103 0.9263914 0.1306141 19.65705 2.405243 0 0.0
0.001124336 -0.04452518 -2.965097 -0.5152447 1.296096 1.464182 0.175786 20.3833 2.14621 0 0.0
-0.006341326 -0.04947463 -4.409114 -7.503748 1.131662 1.121998 -0.2202912 19.69743 nan 0 0.0
-0.02306344 -0.02461663 1.817073 -3.750717 2.008876 2.117478 0.2590498 20.62196 1.783438 0 0.0
0.01535686 -0.0003884473 -3.542428 -5.029214 0.3563771 0.3634873 0.01992279 18.43848 3.148611 1 0.0002542549
0.06419002 -0.005420088 -4.204105 -6.06153 1.113412 1.387055 -0.3259 19.94991 nan 0 0.0
-0.03894751 -0.02497232 -2.658671 -4.66546 0.3156547 0.3007254 0.08289665 18.59678 2.644234 1 0.0
-0.04531304 -0.02625821 -3.354268 -5.243319 0.3192869 0.2983878 0.05212192 18.33165 2.184122 0 0.0
-0.06581849 -0.005675052 -1.516985 -5.850659 0.8197457 0.9473787 0.1502697 19.74292 2.850567 0 0.0
0.02397709 0.002866484 -0.5819493 -3.363667 3.515336 3.33139 0.4893419 20.93497 nan 0 0.0
0.02851748 0.01061674 -5.41201 -7.521077 0.8560855 0.9051971 0.1333406 19.94324 2.354115 0 0.0
0.000516562 -0.005355874 -4.289545 -7.413481 0.3228925 0.2748429 0.06727949 18.18866 2.713854 0 0.0
-0.06575493 0.009131672 -2.579733 -4.048229 0.752876 0.8615702 0.161279 19.68108 2.705877 0 0.0
0.0006901352 -0.004669228 -9.598502 -18.63229 2.533174 2.670711 0.2149212 20.26852 nan 0 0.0
-0.03128187 -0.0332022 -2.973327 -5.55802 0.3718985 0.3749235 0.02430444 18.82419 2.532835 0 0.0
-0.02045177 0.03985523 -3.42066 -5.156488 1.190023 1.252261 0.1118337 20.40839 2.1091 0 0.0
0.0004008431 -0.004661599 -4.702599 -9.795873 1.700355 1.9875 0.3314007 20.47298 nan 0 0.0
0.01642746 -0.002961361 -3.799944 -6.849668 0.1734021 0.1776292 0.03706607 17.12159 3.253209 1 0.9546776
0.0427271 -0.01594584 -1.961337 -10.88719 0.5291915 0.6379823 0.1406785 19.30847 2.216555 1 0.0
-0.04425855 0.02345465 -8.114766 -18.48108 2.847894 3.262617 0.2979513 20.79598 2.093733 0 0.0
0.01367828 0.008678945 -2.376585 -9.335931 1.812292 2.524265 -0.2278784 20.57553 nan 0 0.0
0.002801893 -0.0001468825 -6.628647 -9.770022 1.039823 0.9095156 0.06739872 17.09834 3.045221 0 0.0
0.008587859 -0.005643668 -3.837422 -7.078991 0.3443226 0.3053338 -0.002259551 18.27973 2.978451 0 0.0
0.02738984 0.007528558 -15.80604 -14.17225 2.709577 2.667072 0.3312992 20.74184 2.252018 0 0.0
-0.01322554 -0.01405859 -5.005027 -6.052506 0.87307 1.020636 0.1218883 19.81059 2.020542 0 0.0
0.01521233 -0.001628237 -1.931386 -4.04437 0.2701675 0.2688438 0.005727329 17.93711 2.962284 1 0.0
-0.01267588 -0.0143619 -4.648831 -6.543229 0.2719048 0.2491284 0.006578268 18.09303 2.737543 0 0.0
-0.03446504 -0.03530539 -5.471231 -11.19297 2.146717 2.489411 0.2776781 20.26677 2.764477 0 0.0
-0.03184843 0.03170307 -1.163629 -6.768728 1.431926 1.491967 0.1052463 20.49259 2.080654 0 0.0
-0.0390374 -0.03850494 -2.606599 -0.5951492 1.103359 1.208927 0.2897436 20.24961 1.850986 0 0.0
0.02678156 0.01264969 -3.022179 -7.203697 1.283023 1.215225 0.297244 20.30704 2.460705 0 0.0
0.01801824 2.952246e-05 -4.240155 -6.888006 0.3300772 0.335908 -0.08735445 18.34816 2.989067 1 0.9863782
-0.005241714 -0.04903026 4.006583 0.8301702 1.227862 1.280476 0.1566924 20.35717 1.774296 0 0.0
0.05603348 -0.01007308 -3.764642 -5.110882 2.723611 2.903255 -0.2715917 20.55573 2.152391 0 0.0
-0.03492811 -0.03591565 -3.551103 -5.188703 0.3617707 0.3969032 0.2633007 18.72716 nan 0 0.0
-0.04007569 -0.02415572 0.8011158 -4.836217 0.8840298 1.064903 0.2530228 20.02658 2.294466 1 5.150871e-06
0.05521072 0.02918942 -3.415182 -5.899387 0.9020697 1.013899 0.2082273 19.98333 2.468369 0 0.0
-0.01290582 0.005613776 -3.142541 -7.270573 0.3432582 0.2920196 0.1224548 18.33987 2.937296 0 0.0
-0.0184869 0.02323438 -4.268492 -7.024607 0.4002163 0.3780343 0.01831637 18.8191 2.844833 1 0.9693893
-0.0168094 0.0220402 -4.435142 -7.888711 0.3394783 0.2905262 -0.02434079 18.21585 2.885145 1 0.4813061
0.01517752 0.06433168 -4.493075 -5.589461 1.683625 1.753384 0.09403537 20.6343 1.714375 0 0.0
-0.01797357 -0.04617218 -2.966495 -2.75261 0.419272 0.4330711 0.09095417 18.87951 2.370052 1 0.0
-0.01518956 0.02267138 1.563311 2.828069 0.5411239 0.6299512 0.09181442 19.20391 2.448032 0 0.0
-0.016785 -0.02393835 -4.042839 -6.242484 0.1410305 0.1379591 0.05940679 16.90852 2.656488 1 0.03014854
0.01298756 -0.03768112 -0.3647537 -2.797808 0.7488125 0.876179 0.1194011 19.70448 2.277155 0 0.0
0.05956801 -0.02456201 -2.269305 -4.513139 0.4619814 0.4733836 0.1224188 19.15348 2.40723 1 0.0
0.04361257 0.02856618 0.3841118 -0.4339916 0.4997926 0.5962593 0.2336845 19.28414 2.516586 0 0.0
0.009050405 0.0004541495 -5.629468 -4.017228 1.607508 1.740757 0.1010965 20.47197 nan 0 0.0
0.01113332 -0.0007473569 -3.267826 -3.391508 0.8976139 1.086769 -0.006784128 19.75001 2.657681 0 0.0
0.002339841 -0.05878259 -1.010053 -14.68937 2.267423 2.573163 0.1656388 20.70589 2.399387 0 0.0
-0.02826146 0.03479997 0.6817647 -2.762293 0.5872507 0.6776235 0.1468813 19.26473 2.366617 0 0.0
0.03829149 0.02476737 -1.626322 -5.757181 0.1593943 0.159633 0.2840314 17.10014 3.188602 1 0.0
0.06531764 -0.003781247 -2.485906 -5.740938 0.2440661 0.2392852 0.2189293 18.10347 2.353258 1 0.0
-0.01704904 -0.06049455 0.6030084 -3.722747 2.275136 2.752179 0.38389 20.67267 1.417461 0 0.0
0.02198378 -0.0182653 -3.49087 -5.927829 0.4430993 0.4760323 0.1012099 19.00737 2.937708 1 0.5083394
0.015212 0.002047224 -0.8320217 -3.865628 1.110376 1.224108 0.1669929 20.25192 2.00145 0 0.0
0.05208865 0.02376013 -1.695157 -4.427945 0.1330867 0.1195443 0.15202 16.47767 3.220304 1 0.0
0.04654449 -0.01038874 -4.322141 -7.179121 0.2136618 0.1919988 0.2056375 17.23819 3.166382 0 0.0
0.03988191 0.02653394 -2.140462 -6.943364 0.6287648 0.7278569 0.2450221 19.4332 2.533791 0 0.0
0.02348671 -0.007305475 -3.357356 -7.289449 1.330613 1.364415 -0.03766845 20.29194 3.233992 0 0.0
0.03100507 0.01112834 -1.295715 -3.755335 0.2818313 0.262416 0.1922773 14.05534 6.545591 0 0.0
-0.01666612 0.008292019 -3.670906 -5.514597 1.022634 1.119776 0.1223845 20.06764 2.609238 0 0.0
-0.02361337 -0.02613099 0.683815 -3.243104 1.147128 1.131362 0.110786 20.21553 1.665758 0 0.0
-0.02910203 0.02412277 -0.9447066 -4.571607 0.3050503 0.2745699 -0.006965151 18.15362 2.67762 1 0.0
0.04188474 -0.002258919 -1.609697 -3.391356 0.3548291 0.304085 0.1585675 18.46495 3.424707 1 0.0
0.02039148 -0.009318126 -4.460943 -7.088773 0.4817536 0.5886374 0.1004779 19.1279 2.881926 0 0.0
-0.04592436 -0.04013973 -4.10229 -7.206496 0.4665066 0.5592757 0.194347 19.19478 2.49552 1 0.761584
0.02128662 0.004241325 -3.766543 -6.870493 0.3436637 0.3048459 -0.006561321 18.30587 2.924189 0 0.0
0.0396346 -0.02945253 -2.559642 -4.669341 0.3896099 0.35913 0.04382491 18.79019 3.199224 1 0.0
-0.02861784 -0.02071335 0.2988905 -4.776978 1.174521 1.289888 0.2256855 20.35196 2.36462 0 0.0
-0.03292006 0.02406053 -4.319277 -7.273979 0.3734398 0.351552 0.02857946 18.66133 2.811913 1 0.9383508
-0.001653063 0.002328841 -6.867841 -5.92835 0.6583386 0.513981 -0.01268815 18.15165 2.802561 0 0.0
-0.02768379 0.02995521 3.394175 -14.99908 2.661387 2.055007 0.2648994 20.57177 nan 0 0.0
-0.03342117 -0.02390538 -3.523629 -8.220729 1.302949 1.298425 0.1115368 20.46034 2.025553 0 0.0
0.05092184 -0.04023177 -3.684998 -6.506768 0.1481969 0.1402796 0.09652802 16.11318 3.697117 1 0.009560537
-0.02427895 -0.02703116 -0.9158369 -4.920302 0.1402996 0.1395512 0.08050497 16.94564 2.663589 1 0.0
0.0001404845 -0.009880105 -1.502794 -6.561545 0.7650464 0.8498554 0.1117093 19.08535 2.23844 0 0.0
0.0238975 -0.04855946 -1.954416 -4.492403 0.9424652 1.035563 0.07578037 19.90677 nan 0 0.0
-0.01770549 0.02762501 -3.315692 -5.145195 1.300028 1.301022 0.1420118 20.20465 2.897579 0 0.0
-0.05027751 0.0143678 -0.5108683 -5.251286 0.5115772 0.606926 0.1239673 19.24623 nan 0 0.0
-0.01397384 0.03353935 -3.096288 -12.20812 1.51639 1.733012 0.149333 19.50453 2.487894 0 0.0
-0.04070012 0.02647119 -4.099167 -5.363439 0.9110987 1.108393 -0.009103718 19.64096 2.552109 0 0.0
-0.0292559 -0.02977887 -0.2752083 -12.29978 0.3021242 0.2920374 0.06959483 18.44136 2.193758 1 0.0
-0.01698108 0.04082379 -4.044271 -6.795978 0.2015463 0.1945979 0.06796147 17.12413 3.164249 0 0.0
0.01725992 0.06094824 -0.3177763 -5.029553 0.8025776 0.8738542 0.189443 19.43139 2.685102 0 0.0
-0.03608499 -0.03352932 -2.589087 -1.499124 1.627016 1.765891 0.2980034 20.57959 2.089914 0 0.0
-0.006251061 0.04475791 0.1229852 -2.848669 0.9541642 1.053641 0.1620015 19.98819 2.283936 1 6.717005e-06
-0.0275183 -0.01988765 6.317612 -2.252836 1.409458 1.546783 0.1546209 20.18697 2.271807 0 0.0
0.00916732 -0.02191141 -4.154375 -5.636498 0.8907653 1.005784 0.2451537 19.44466 2.471621 0 0.0
-0.03724275 -0.0353544 -2.708392 -5.450211 0.2386968 0.1981532 0.2573119 17.56578 3.14954 1 0.0
0.006388761 0.006780704 -4.519026 -3.62885 1.861681 1.92559 0.1695874 20.54607 2.471735 0 0.0
-0.04885781 0.02248506 -2.041826 -3.518346 0.462358 0.4473873 0.1336792 18.84222 2.995985 0 0.0
0.03977786 -0.02341383 -4.708155 -7.179855 0.7734567 0.8995337 0.1368738 19.61592 2.95504 0 0.0
0.03039605 0.01992302 -1.200824 -6.876227 0.7892982 0.9048057 0.2418975 19.75759 2.335026 0 0.0
-0.0451979 -0.02849938 -2.741087 -3.648685 0.2558976 0.2493563 0.0591557 18.22846 2.028063 1 0.0
0.001413294 0.003896679 -1.684721 -0.309317 0.4364009 0.4088684 0.1972227 18.68207 nan 0 0.0
0.04255962 -0.04044959 -2.920218 -4.010242 0.2532539 0.2595167 0.07864632 17.75916 3.399576 1 0.0
0.009483776 0.01042198 0.8231587 -6.60971 0.2605803 0.2423556 -0.004133809 17.98106 2.473196 1 0.0
-0.004806617 -0.0118694 -3.45305 -4.894708 0.2200292 0.2489878 -0.01720025 17.60008 nan 0 0.0
0.005955333 -0.007015164 -4.998748 -7.520964 0.5062062 0.5943609 0.1406534 19.15055 2.500261 0 0.0
0.02569213 -0.05226517 0.6465734 -1.935643 2.243705 2.199186 0.1794888 20.53586 1.937393 0 0.0
0.001153042 -0.01043705 -2.063155 -2.901724 0.4473856 0.5009951 0.1427007 19.06007 2.783302 0 0.0
0.007950249 0.01929488 -4.17294 -7.189021 0.4221826 0.3672493 0.158602 18.46583 3.108751 0 0.0
0.03584662 -0.04039201 -1.278 -1.822509 0.683542 0.7932826 0.1388133 19.64215 2.885807 1 0.0
0.05727531 -0.003629643 -4.087794 -6.610973 1.320056 1.346165 0.1553149 20.50438 nan 0 0.0
-0.005645368 -0.004871315 -4.342469 -5.253226 0.9133927 0.8473347 0.02020848 19.91246 2.095869 0 0.0
0.002194976 -0.0452595 -2.342183 -6.556568 1.101435 1.184351 0.08049978 20.16688 1.984219 0 0.0
-0.02341359 -0.0461925 -0.2333538 -9.003116 0.900597 1.04595 0.1023897 19.93767 2.118877 0 0.0
-0.01839864 0.03705501 -4.379508 -10.54614 1.548338 1.623894 0.1096531 20.47812 2.071421 0 0.0
-0.04080278 -0.03997509 -1.755047 -7.501531 0.852182 1.004062 0.2230542 19.76523 2.196325 0 0.0
0.05636808 0.02792142 -4.814244 -6.219657 1.197604 0.9750016 0.2952714 20.0224 nan 0 0.0
0.0008060229 -0.04087452 -7.829356 -3.423754 2.129807 2.47934 -0.04252417 20.79309 1.997906 0 0.0
-0.05274603 -0.01734303 -4.343485 -6.946176 0.1850866 0.1774928 0.1020545 17.69123 2.961527 1 0.9705068
-0.0448087 0.02123655 -3.894625 -7.043136 0.1637578 0.15124 -0.006585524 17.24149 3.195552 1 0.8910037
0.02942035 -0.02505625 -1.870582 -3.025618 0.276041 0.3352231 -0.02769489 16.69017 2.906009 0 0.0
-0.001739889 -0.001787216 -4.913553 -7.019818 0.8259212 0.961961 0.1396198 19.73826 2.76018 0 0.0
-0.04817855 -0.03038302 -1.672912 -4.719388 0.7409512 0.8830244 0.1208082 19.80828 2.697489 0 0.0
-0.03670719 0.03310213 -3.400949 -4.521684 0.8080276 0.940575 0.08440363 19.78668 3.058104 0 0.0
0.02212869 -0.02018789 -0.0504238 -0.2853006 0.5728556 0.6947258 0.0296591 19.35292 2.494844 1 0.0
0.005059716 -0.04754825 -4.473927 -8.862277 1.126831 1.384234 0.06303399 20.12315 2.139524 0 0.0
0.003757485 -0.0434761 -3.79274 -5.193205 0.9691772 1.040763 -0.0158501 20.09942 2.079054 0 0.0
0.006215241 0.005571439 -3.633869 -7.045167 0.5141619 0.5155167 -0.1709397 18.89633 2.849186 0 0.0
-0.03593477 -0.007177421 -4.183173 -6.731081 0.2679113 0.2489275 0.04657603 18.00243 2.887455 1 0.9715281
0.02649934 -0.03269756 -6.005162 -6.194118 1.004036 0.9591359 -0.1118923 20.03643 2.426208 0 0.0
0.04672035 -0.01873334 -4.495313 -6.838274 0.3352438 0.3020007 0.06485507 18.41999 2.94945 1 0.9300212
-0.03310554 -0.03747813 -3.50606 -7.147629 0.1528481 0.1453182 0.05306948 17.28139 2.760004 1 0.003877807
-0.03231144 0.0304176 -3.428756 -1.910904 1.217251 1.201984 0.00983234 20.34358 2.839611 1 0.001762906
0.02276594 -0.02582783 -3.809192 -6.639447 0.5372978 0.6834049 0.006231351 19.21281 2.773449 0 0.0
0.03034711 -0.03018304 -2.499286 -10.34814 1.842488 2.325703 -0.5877225 20.12303 nan 0 0.0
-0.01727063 0.03748023 -0.8021251 -5.608712 1.231878 1.236969 0.1051335 20.3385 2.350636 0 0.0
0.01932484 -0.04258622 -2.650352 -6.740382 3.80437 3.912241 0.1970515 20.98826 1.507038 0 0.0
0.02024956 -0.03229788 0.4331989 -3.91454 1.060979 1.098358 0.1804645 20.25867 2.227493 0 0.0
-0.01273743 -0.06386903 -5.809067 -9.017456 3.656287 3.772701 0.2828703 20.95098 1.779072 0 0.0
0.04222385 0.03012985 -0.7862144 -6.075521 1.1291 1.13002 0.2554888 20.19836 2.149166 0 0.0
0.05464592 -0.01346289 -1.867457 -3.778875 1.436663 1.219624 0.1827671 20.39827 nan 0 0.0
0.02871849 0.01936578 -0.01302013 -2.216102 0.8127645 0.9613192 0.1986384 19.3377 2.958597 0 0.0
-0.01765516 -0.04506214 -10.33506 -3.546444 3.668965 3.287979 0.3781279 20.89551 nan 0 0.0
-0.02017248 -0.04410628 -3.517295 -3.645211 2.193691 2.371953 0.001135729 20.81393 0.5763817 0 0.0
-0.02619179 -0.04827111 -4.787897 -5.513454 1.526285 1.670094 0.1124933 20.59893 1.7439 0 0.0
-0.05370668 -0.03616636 -3.021401 -0.650738 0.6751076 0.81717 0.2106828 19.44377 2.130856 0 0.0
