data/gcs/Pal_10.ecsv
# %ECSV 0.9
# ---
# datatype:
# - {name: x, unit: deg, datatype: float64}
# - {name: y, unit: deg, datatype: float64}
# - {name: pmx, unit: mas / yr, datatype: float64}
# - {name: pmy, unit: mas / yr, datatype: float64}
# - {name: pmx_e, unit: mas / yr, datatype: float64}
# - {name: pmy_e, unit: mas / yr, datatype: float64}
# - {name: pm_corr, datatype: float64}
# - {name: g_mag, unit: mag, datatype: float64}
# - {name: bp_rp, unit: mag, datatype: float64}
# - {name: filter, datatype: int64}
# - {name: memberprob, datatype: float64}
# meta: !!omap
# - comments: [deg deg mas/yr mas/yr mas/yr mas/yr dimless mag   mag   zeroone float]
# - __serialized_columns__:
#     bp_rp:
#       __class__: astropy.units.quantity.Quantity
#       unit: &id001 !astropy.units.Unit {unit: mag}
#       value: !astropy.table.SerializedColumn {name: bp_rp}
#     g_mag:
#       __class__: astropy.units.quantity.Quantity
#       unit: *id001
#       value: !astropy.table.SerializedColumn {name: g_mag}
#     pmx:
#       __class__: astropy.units.quantity.Quantity
#       unit: !astropy.units.Unit {unit: mas / yr}
#       value: !astropy.table.SerializedColumn {name: pmx}
#     pmx_e:
#       __class__: astropy.units.quantity.Quantity
#       unit: !astropy.units.Unit {unit: mas / yr}
#       value: !astropy.table.SerializedColumn {name: pmx_e}
#     pmy:
#       __class__: astropy.units.quantity.Quantity
#       unit: !astropy.units.Unit {unit: mas / yr}
#       value: !astropy.table.SerializedColumn {name: pmy}
#     pmy_e:
#       __class__: astropy.units.quantity.Quantity
#       unit: !astropy.units.Unit {unit: mas / yr}
#       value: !astropy.table.SerializedColumn {name: pmy_e}
#     x:
#       __class__: astropy.units.quantity.Quantity
#       unit: &id002 !astropy.units.Unit {unit: deg}
#       value: !astropy.table.SerializedColumn {name: x}
#     y:
#       __class__: astropy.units.quantity.Quantity
#       unit: *id002
#       value: !astropy.table.SerializedColumn {name: y}
# schema: astropy-2.0
x y pmx pmy pmx_e pmy_e pm_corr g_mag bp_rp filter memberprob
[from data line 2323]
-0.01122511 0.04970774 -4.35881 -7.236842 0.3295711 0.2988489 -0.009056739 18.14329 2.85717 0 0.0
0.0649123 -0.002907836 -3.925902 -7.023374 0.3098002 0.2708631 0.1273299 18.39436 3.019779 1 0.8330099
-0.02355025 0.0119435 -0.6639808 -4.981493 0.7680041 0.8967285 0.09568043 19.72685 2.540781 0 0.0
0.02767866 0.0103057 -0.2640191 -6.279058 1.91912 1.699194 0.3774879 20.478 2.091291 0 0.0
-0.02664106 0.03948797 -4.018213 -6.905731 1.114436 1.153606 0.09464774 20.16352 2.2918 0 0.0
-0.05271426 -0.008164881 -5.16315 -4.960699 2.936694 2.921866 0.4440447 20.83309 1.949118 0 0.0
-0.01047874 -0.04050417 -3.567344 -8.745133 0.6652278 0.8017818 0.1654098 19.58628 2.520321 0 0.0
-0.005325874 0.03583531 -0.9242406 -0.5964288 0.6031723 0.7284538 0.03968023 19.42891 2.522156 1 0.0
0.02152555 -0.05534802 -5.285147 -7.622896 0.5843793 0.5174639 0.4580537 18.85897 nan 0 0.0
-0.02538086 -0.04356008 3.495318 -4.905888 1.296534 1.412146 0.2003976 20.25583 2.134085 0 0.0
-0.05705827 -0.02175906 -2.795068 -5.511689 1.512564 1.676382 0.2966733 20.67258 1.705858 1 0.159148
0.003234608 0.06364057 -3.443733 -3.017103 1.107448 1.188259 0.1890969 20.41986 2.370918 0 0.0
0.0005165127 0.01094051 -5.789735 -7.606691 1.896781 1.686579 0.2068599 20.59225 nan 0 0.0
-0.001855544 0.00372693 -4.190488 -7.040457 0.3316877 0.2844903 0.05092399 18.19366 2.49235 0 0.0
-0.02376135 -0.05001287 0.3492174 -1.026763 1.070381 1.184712 0.08606957 20.25316 2.054701 0 0.0
0.02079771 -0.01919624 -0.773674 -6.420146 1.330807 1.439668 0.08106336 20.4367 2.383219 0 0.0
0.02762277 -0.001834579 -2.879097 -4.091537 0.4074844 0.3871359 0.05666779 18.95408 3.290262 1 0.0
-0.03712431 -0.02294331 -4.311146 -9.969058 0.9829484 1.230228 0.1554457 19.26723 2.439188 0 0.0
0.03016908 -0.005133861 1.500137 0.7581689 1.126358 1.138314 0.223838 20.0954 2.508287 0 0.0
0.057677 0.006185709 -0.7640264 -3.534619 1.014641 1.031832 0.1888078 20.16014 2.26856 0 0.0
-0.01661113 -0.02108878 -1.293937 -5.448995 1.445047 1.558429 0.1545716 20.52278 nan 0 0.0
-0.04692385 0.007998207 -0.6521365 -5.264966 0.3495887 0.3357636 0.06490016 18.73011 2.76021 1 0.0
-0.03603728 0.05521197 3.584535 -4.002422 3.119635 2.767921 0.5416032 20.78152 nan 0 0.0
-0.06355307 0.01828039 -2.926557 -6.953276 1.133251 1.155846 0.1983254 20.31456 2.206985 0 0.0
0.005000266 0.006292377 -0.5378145 -8.923659 1.637473 1.525991 0.1081223 18.80957 nan 0 0.0
0.02812278 -0.05176888 5.084326 -0.3636976 2.82571 3.241273 -0.0177969 20.5428 1.972389 0 0.0
-0.04426179 0.01097296 -5.183898 -5.481529 1.252627 1.252194 0.09191911 20.17153 2.028646 0 0.0
0.004535859 0.06516457 -3.218535 -1.074608 1.03351 1.17238 0.2082498 20.29337 2.480867 0 0.0
0.04994432 0.03712237 5.511182 -3.563029 1.70971 1.667212 0.4846651 20.6158 2.241634 1 3.326816e-05
-0.001045747 -0.02574924 -1.4952 -5.651365 1.577233 1.531061 0.3051698 20.48577 1.653574 0 0.0
0.04335441 0.02012609 -1.456779 -0.966975 1.659439 1.453775 0.3097458 20.55412 nan 0 0.0
0.004132765 -0.006874074 -3.91034 -5.033698 1.457642 1.546587 0.217575 20.50488 1.718174 0 0.0
-0.02804291 -0.04331553 -0.4466957 -1.471926 0.3684352 0.3822944 0.03167209 18.72351 2.510899 1 0.0
0.03102719 0.04846088 -0.3049258 -4.497948 2.173357 1.954084 0.6608163 20.6066 1.779562 0 0.0
0.008646892 -0.0288313 -4.873545 -9.845808 1.207795 1.262254 -0.0165902 20.04813 2.413193 0 0.0
0.04829954 0.0238067 -1.030608 -3.385156 1.542372 1.431704 0.2650882 20.54546 nan 0 0.0
-0.02598419 -0.01514432 -0.8169156 -4.073166 1.206073 1.173807 0.6898756 19.56136 nan 0 0.0
0.06456028 0.009960912 -4.623263 1.39672 1.233038 1.74275 -0.3789845 19.82681 nan 0 0.0
0.009774195 -0.009702442 -2.4614 -7.145145 1.428278 1.427857 0.1055139 20.4519 2.146736 0 0.0
-0.0201129 -0.0295475 -2.946328 -4.864327 1.0831 1.086111 0.1694161 20.20932 1.934069 0 0.0
-0.03997548 0.03304755 -2.481487 -4.072068 0.1825179 0.1616379 0.01032438 16.10201 3.496389 0 0.0
0.02790464 0.0434154 -3.592094 -4.291412 1.391751 1.416293 0.3616275 20.41651 2.429752 0 0.0
0.03982776 0.01070865 1.640671 1.193747 2.41801 2.641598 0.1320775 20.9267 nan 0 0.0
0.01602266 -0.005099537 0.8566512 -2.330817 0.3378276 0.3388737 0.07287337 18.44281 2.49383 0 0.0
-0.04095735 0.03932105 -1.666001 -3.313827 1.5978 1.517212 0.09541718 20.45579 2.291382 0 0.0
0.05238496 0.0007461503 -0.8016399 -3.206548 0.3590077 0.3202098 0.1755734 18.70819 2.61285 1 0.0
0.003755128 0.06349372 -2.529741 -6.564762 1.905573 1.938935 0.04336382 20.74193 nan 0 0.0
-0.03895147 -0.04233491 -1.97387 -11.27326 1.480886 1.568044 0.3291494 20.50954 1.835611 0 0.0
0.03905096 -0.007685998 1.812004 -5.391054 1.271386 1.218406 0.1460317 20.32198 2.093142 0 0.0
-0.0218201 -0.03057535 -1.41138 -4.277156 1.168344 1.265755 0.2870101 20.32109 1.959957 0 0.0
0.0469769 -0.004790551 -1.778264 -1.211994 0.3471374 0.2919064 0.1294109 18.53392 2.199291 1 0.0
0.02640708 0.002592184 -1.137805 -4.210043 1.371296 1.291403 0.07806987 20.42053 2.147041 0 0.0
-0.0360575 -0.04040531 -3.028061 -6.124441 1.112774 1.122961 0.1597837 20.2703 2.103313 0 0.0
0.03342725 0.05006923 -3.786644 -6.886958 0.9192675 0.9131682 0.205162 20.13388 2.108791 0 0.0
0.06238794 0.01770203 -2.497118 -3.627293 1.348622 1.300057 0.3468926 20.34062 2.450092 0 0.0
-0.03463414 -0.01310954 -2.642985 -5.117469 0.6985141 0.8010728 0.1358526 19.65478 2.409817 1 0.06971352
-0.0312199 -0.01078705 -0.9353958 1.948361 1.907306 2.935415 -0.5809178 20.22414 2.114155 0 0.0
0.04820696 0.0442935 -1.793827 -5.617757 0.3358973 0.3052613 0.2060299 18.46445 3.135651 1 0.0
-0.01588838 -0.02702643 -4.013288 -6.737427 0.3066428 0.2803202 0.008040182 18.55399 2.712994 1 0.966053
0.05529726 0.02988754 -3.45828 -9.017093 0.5919541 0.6870553 0.2341656 19.22124 2.72053 0 0.0
-0.04985564 -0.02674713 -4.297188 -7.376805 0.2326879 0.2352173 0.1096748 18.05545 2.79324 1 0.8504208
0.03633768 -0.03645323 -2.647973 -5.248944 1.098276 1.170226 0.04084176 20.18469 2.328587 1 0.1289302
-0.04959569 -0.02828453 -2.208337 -7.834005 1.124763 1.133737 0.1613615 20.21579 1.270193 0 0.0
0.00907741 0.03655072 -4.081562 -6.822871 0.2788836 0.2463111 0.1307279 18.22849 3.061689 1 0.9706965
0.002137362 -0.06591798 -1.914156 -5.58302 0.1547153 0.1567134 0.09511997 17.48243 1.879042 1 0.0
0.0525641 -0.01731639 -6.22936 -8.016298 1.168509 1.096287 0.2263289 20.14855 2.304071 0 0.0
-0.0001199018 -0.03190807 -1.29016 -4.233028 1.617669 1.718145 0.09636911 20.53625 2.111288 0 0.0
-0.02377913 0.03003664 -2.906961 -5.097825 0.2962985 0.2602863 0.03536765 18.25287 2.928555 1 0.0
0.05045391 -0.02342245 -2.599134 -6.02262 3.001588 2.766315 0.3312955 20.7007 2.127153 0 0.0
-0.0213785 0.03003823 -2.744611 -5.52515 0.3912295 0.3652525 0.01560763 18.75107 2.350361 1 0.0001005604
-0.006023304 -0.05750076 -2.654376 -3.931333 0.8496829 0.9452234 0.148719 19.91601 2.465019 1 0.006191485
0.01038264 -0.02467128 -2.500989 -3.824954 0.6100243 0.7091671 0.1227134 19.33146 2.465944 0 0.0
-0.01096999 -0.03040854 -4.432225 -5.566024 0.974505 1.206571 -0.01730534 19.79373 2.74905 0 0.0
-0.02448276 -0.03595752 -4.426998 -7.08409 0.1773784 0.1801649 0.09796922 17.71563 2.804907 1 0.9753807
0.01390976 0.007826379 -6.79495 -4.425622 0.5827084 0.6771497 0.1386106 19.31388 2.43326 0 0.0
-0.01803212 -0.052537 -7.113074 -2.166775 2.649102 2.384217 0.5028552 20.65374 2.403112 0 0.0
0.01503786 0.008526472 7.014539 -0.702202 1.640982 1.70864 0.1006718 20.38162 2.646507 0 0.0
0.0603615 0.02239529 14.75636 2.373837 1.200517 1.420714 0.2133464 19.7452 2.986977 0 0.0
0.006649263 0.002752394 -4.759117 -6.649232 0.3098051 0.2626561 -0.0178424 18.19996 2.892433 1 0.9761665
-0.06356621 -0.01696932 -0.4863132 -3.69414 0.3040183 0.2915539 0.05385614 18.53951 2.345879 1 0.0
0.001992599 -0.06032755 -2.564954 -4.129561 0.7801896 1.253092 -0.1726209 19.32707 nan 0 0.0
-0.007065327 -0.06354129 -1.186597 -2.210816 1.833782 2.030279 0.1499324 20.80473 1.937855 0 0.0
0.04410424 0.028696 -2.110793 0.1835143 1.430167 1.679183 -0.07928354 20.3145 nan 0 0.0
0.0487371 0.01090742 -3.992156 -6.661746 0.2234573 0.2259039 0.2507326 17.9473 3.221128 1 0.9206352
0.05141001 -0.02783958 -2.755533 -3.685766 0.5400337 0.6068261 0.1363594 19.14666 2.998331 0 0.0
-0.06233897 0.01621237 -5.358499 -5.600587 0.6755833 0.8022582 0.1477041 19.50049 2.868475 0 0.0
-0.03537727 0.03055935 -4.251807 -6.860968 0.2215623 0.2231659 0.0865866 17.84818 3.14809 1 0.9724738
0.0611712 0.02293726 -1.952686 -1.342204 0.6565657 0.7704988 0.209263 19.4641 2.417561 0 0.0
0.008096595 -0.01692757 -3.839745 -7.369817 2.123606 2.704056 0.04617899 20.87654 nan 0 0.0
0.01295522 0.007240748 -0.8401937 -5.081739 1.01918 0.9465423 0.06623048 20.07222 2.528273 0 0.0
-0.008685744 -0.0600584 -4.173928 -7.853338 0.5566406 0.6797983 0.1989888 19.10939 2.532902 0 0.0
-0.006772769 0.01626978 -1.89963 -4.445539 0.8667214 0.9341408 0.05010835 20.03042 2.39419 0 0.0
0.02852492 -0.03391031 -0.8984623 -5.077035 1.460682 1.519102 0.1186446 20.28376 1.871531 0 0.0
0.05372417 -0.02627866 -2.767464 -5.161685 0.2198936 0.2033652 0.06597494 17.76421 2.417561 1 0.0
-0.006311449 -0.02401344 -3.338337 -5.18091 0.418229 0.4017131 0.04915585 18.80099 2.964706 1 0.002350896
0.00176047 -0.0002250977 3.329227 0.5449132 0.8627149 0.7485404 0.0659881 18.20611 2.355961 0 0.0
0.01851658 -0.06051347 -1.478314 -5.2879 0.1727504 0.1706409 0.09155865 17.64206 2.18306 1 0.0
-0.002984935 -0.06542206 -2.959018 -0.4760205 1.270976 1.486648 0.1185541 20.20491 nan 0 0.0
0.04857261 -0.02094535 -3.397974 -7.254895 0.3245266 0.3261915 0.1523105 18.43459 3.085222 1 0.2519507
0.0323975 -0.009672942 -1.981353 -0.4832502 1.219049 1.202907 0.1338543 20.05473 2.138132 0 0.0
0.006129307 -0.01804726 -5.662418 -5.577366 1.367815 1.454453 0.102644 20.409 2.066601 0 0.0
0.04758861 -0.01982983 -4.631392 -6.603789 0.3943525 0.3990737 0.1299532 18.62249 3.05245 1 0.8419038
-0.02107085 -0.05510966 -5.87476 -8.726603 2.19358 2.329656 0.1132296 20.73125 nan 0 0.0
0.03392164 0.03627347 -4.589644 -11.60925 1.681632 1.511541 0.4101401 20.35093 2.546589 0 0.0
0.01402783 -0.02087349 -2.79034 -6.506534 1.357493 1.413117 0.2105181 20.47293 2.51582 0 0.0
-0.007006969 -0.0518359 -2.808373 -4.293417 1.329745 1.352601 0.2540031 20.2506 2.109217 0 0.0
-0.05591251 0.03133542 2.113154 -4.738333 0.7221251 0.8664163 0.1280065 19.26485 1.574396 0 0.0
-0.03660443 -0.02712242 -0.4435029 -2.062254 0.3255265 0.3010452 0.02070912 18.39434 nan 0 0.0
0.0008636933 -0.001277961 -3.583144 -6.575016 0.3117968 0.2783221 0.03515061 18.28032 2.659941 0 0.0
-0.06149955 0.01781234 -3.494754 -7.12349 2.550609 2.474562 0.3874673 20.81417 1.341833 0 0.0
0.0430196 -0.02861629 -4.62575 -6.051508 0.953179 1.051478 0.06959323 19.92279 nan 0 0.0
-0.04160737 -0.01698753 -2.98666 -5.46637 0.4491569 0.4272549 0.002104086 18.84232 2.502802 1 0.002150458
0.04575838 0.008242031 -5.806653 -8.747945 0.5263014 0.4664237 0.1857288 18.81068 2.493429 0 0.0
-0.05057608 -0.01703661 -3.909197 -12.97741 0.3836028 0.3805118 0.1546985 18.0524 2.26931 0 0.0
-0.009840562 -0.01273512 -4.433961 -7.527437 0.522131 0.5835152 0.1272394 19.11224 2.81245 0 0.0
0.04290872 -0.04793203 -1.835592 -1.865275 0.8709643 1.006787 0.1366216 19.92759 3.393642 0 0.0
0.04368884 -0.04335992 0.03191036 -2.414695 0.8710193 1.06622 0.08408535 19.86619 2.772615 0 0.0
0.06084026 -0.02237002 -3.46973 -6.563092 0.121931 0.1090491 0.2078021 16.72622 2.834235 1 4.818606e-06
0.04426684 -0.04061319 -4.720574 -7.543904 0.490215 0.5205453 0.1286417 19.1188 2.643333 1 0.7198501
-0.001884635 -0.01104167 -2.586475 -7.001396 0.6760251 0.793063 0.1468223 19.36639 2.43223 0 0.0
-0.004717937 0.05632593 -4.425944 -3.306638 1.478849 1.572843 0.245685 20.51742 1.888014 0 0.0
0.04553565 -0.02433554 -1.747128 -4.306459 0.5329146 0.6401829 0.131346 19.297 3.09952 1 1.823567e-06
-0.003446762 -0.005655294 -4.154691 -5.168892 0.6665904 0.7828935 0.1210192 19.5122 2.265976 0 0.0
-0.04686069 0.02728339 -2.229386 -5.564138 1.422808 1.624915 0.2004775 20.54574 2.092419 0 0.0
0.003525606 -0.0244236 -4.944547 -6.739088 0.2828328 0.2589143 0.0558695 18.11079 2.848557 1 0.8926341
0.006444446 0.06404311 -4.085301 -5.599159 2.362054 2.246748 0.6147337 20.68249 1.713039 0 0.0
0.005203552 -0.01974674 -4.495436 -6.784149 0.1669996 0.1754442 0.164786 16.92638 3.112218 1 0.9870222
0.04173753 0.008200945 -3.381345 -6.946769 0.2699605 0.2450101 0.180587 18.28414 3.042446 1 0.2969992
-0.02691619 -0.05455189 -3.094671 -6.798795 0.2977476 0.2713914 0.01966652 18.31804 2.147257 1 0.01850299
0.04326837 0.01724407 -1.940568 -4.642504 0.442328 0.4091668 0.1832266 18.94294 3.112558 1 0.0
0.03648132 -0.03161044 -8.8946 -4.443028 3.32833 3.639858 0.1100938 20.89193 1.846876 0 0.0
0.04004446 -0.04988204 -4.388325 -6.623414 0.3056287 0.2869908 0.06008299 18.28488 3.066921 1 0.8415104
0.04206362 -0.02381954 -1.559391 -4.580639 1.186306 1.128423 0.1107051 20.29183 2.335569 0 0.0
0.05203342 0.01517704 -2.30144 -6.484206 1.352545 1.349693 0.2345976 20.4419 nan 0 0.0
0.05831238 0.009159482 -5.383129 -5.802116 1.413206 1.354711 0.1866826 20.3598 2.739218 0 0.0
-0.002347674 -0.02224162 -3.143456 -6.812412 0.1115733 0.1011186 0.03070232 14.86309 3.28981 1 0.0
0.04223556 -0.01711517 -3.798638 -7.183209 0.3206562 0.287569 0.08155103 18.43782 2.935448 1 0.8608805
-0.03169067 -0.05331702 -4.077627 -2.684785 1.101602 1.261032 0.1687586 20.07101 2.176079 0 0.0
-0.01093979 -0.01065795 -3.42293 -2.261957 2.851998 3.101392 0.04799728 20.54421 2.337595 0 0.0
0.05153645 0.03244412 -3.778546 -2.638323 2.610103 2.319519 0.5366638 20.7579 2.577623 1 0.06201143
-0.04496309 -0.0157965 -3.88269 -6.10757 0.3416512 0.2920525 0.2756545 18.04852 2.946461 1 0.365213
0.03780407 0.005443909 -3.623639 -7.324331 0.266503 0.2426977 0.1457689 18.25217 3.002132 1 0.528264
0.04410906 0.01008791 -1.044399 4.66855 0.5280028 0.6068031 0.254212 19.28867 2.480782 1 0.0
0.02449867 -0.003244587 3.604821 -5.054273 0.1858844 0.1826608 0.05453413 17.53466 2.625624 1 0.0
-0.01111339 -0.01086584 -8.672855 -7.393487 2.119634 2.418489 -0.03852112 20.57134 nan 0 0.0
0.03550117 -0.04890457 -2.248515 -7.995468 1.464811 1.540491 0.06740884 20.49353 2.053671 0 0.0
-0.02361812 -0.06051666 -0.6408867 0.7985878 0.8432119 1.009457 0.2275735 19.77728 2.002325 0 0.0
-0.003272815 0.01364707 -5.401395 -7.538038 1.158091 1.308255 0.385054 19.51893 2.856243 0 0.0
0.03164474 -0.006556476 -5.167357 -6.036776 1.213732 1.167886 0.1819324 20.21872 nan 0 0.0
0.03571396 0.04036892 -4.429139 -6.995965 0.4501229 0.3871986 0.2929641 18.91651 2.916674 1 0.8925424
-0.02092638 -0.05686062 -2.171654 -7.420913 2.077715 1.941255 0.2384237 20.70246 2.115313 0 0.0
0.02336562 0.03191722 -1.570022 -5.458888 0.3509785 0.2788065 0.2578088 18.33789 2.627497 1 0.0
-0.02562599 0.05814358 -3.323083 -5.987471 0.3280951 0.325011 -0.01003331 18.46458 3.108135 1 0.006170778
0.01032707 -0.06274004 -2.117972 -2.595215 0.2036265 0.2041687 0.0935524 17.83747 2.091784 1 0.0
-0.007727095 0.02113356 -4.903637 -8.757624 1.29564 1.300729 0.05012218 20.12168 2.236925 0 0.0
-0.02332423 -0.02752148 1.19494 -1.949899 1.946966 2.820905 -0.07238735 20.76334 nan 0 0.0
-0.003621479 -0.05947684 0.7266698 -4.321001 0.3493994 0.3492857 0.1047027 18.53495 2.284555 1 0.0
0.0373197 -0.02838684 -5.300534 -9.236149 0.3121904 0.287055 0.09404185 17.45187 2.221611 0 0.0
-0.02886804 0.03944446 0.2532469 -1.646467 2.924132 2.737231 0.3794502 20.77615 2.258352 0 0.0
0.03879652 -0.03379957 -2.213904 -3.464852 1.063165 1.12316 0.05375639 20.17225 3.366684 1 0.005144728
0.001789962 -0.05396845 -2.996449 -4.861217 0.4836326 0.5273136 0.1797263 19.10412 2.980396 1 0.001212514
-0.03090714 -0.04103956 -2.781953 -4.112274 0.4775711 0.4758414 0.2083124 18.89985 nan 0 0.0
0.05501557 0.006531967 -16.50444 -20.10625 4.442407 3.657315 0.3513842 20.93729 2.288479 0 0.0
0.002136556 -0.001525905 -7.30297 -6.429165 1.123477 1.225197 0.3747063 19.55393 nan 0 0.0
0.04364201 0.02658063 -0.8327466 -5.359516 2.597807 2.251046 0.601889 20.78922 nan 0 0.0
