data/gcs/Pal_8.ecsv
# %ECSV 0.9
# ---
# datatype:
# - {name: x, unit: deg, datatype: float64}
# - {name: y, unit: deg, datatype: float64}
# - {name: pmx, unit: mas / yr, datatype: float64}
# - {name: pmy, unit: mas / yr, datatype: float64}
# - {name: pmx_e, unit: mas / yr, datatype: float64}
# - {name: pmy_e, unit: mas / yr, datatype: float64}
# - {name: pm_corr, datatype: float64}
# - {name: g_mag, unit: mag, datatype: float64}
# - {name: bp_rp, unit: mag, datatype: float64}
# - {name: filter, datatype: int64}
# - {name: memberprob, datatype: float64}
# meta: !!omap
# - comments: [deg deg mas/yr mas/yr mas/yr mas/yr dimless mag   mag   zeroone float]
# - __serialized_columns__:
#     bp_rp:
#       __class__: astropy.units.quantity.Quantity
#       unit: &id001 !astropy.units.Unit {unit: mag}
#       value: !astropy.table.SerializedColumn {name: bp_rp}
#     g_mag:
#       __class__: astropy.units.quantity.Quantity
#       unit: *id001
#       value: !astropy.table.SerializedColumn {name: g_mag}
#     pmx:
#       __class__: astropy.units.quantity.Quantity
#       unit: !astropy.units.Unit {unit: mas / yr}
#       value: !astropy.table.SerializedColumn {name: pmx}
#     pmx_e:
#       __class__: astropy.units.quantity.Quantity
#       unit: !astropy.units.Unit {unit: mas / yr}
#       value: !astropy.table.SerializedColumn {name: pmx_e}
#     pmy:
#       __class__: astropy.units.quantity.Quantity
#       unit: !astropy.units.Unit {unit: mas / yr}
#       value: !astropy.table.SerializedColumn {name: pmy}
#     pmy_e:
#       __class__: astropy.units.quantity.Quantity
#       unit: !astropy.units.Unit {unit: mas / yr}
#       value: !astropy.table.SerializedColumn {name: pmy_e}
#     x:
#       __class__: astropy.units.quantity.Quantity
#       unit: &id002 !astropy.units.Unit {unit: deg}
#       value: !astropy.table.SerializedColumn {name: x}
#     y:
#       __class__: astropy.units.quantity.Quantity
#       unit: *id002
#       value: !astropy.table.SerializedColumn {name: y}
# schema: astropy-2.0
x y pmx pmy pmx_e pmy_e pm_corr g_mag bp_rp filter memberprob
[from data line 3502]
-0.00629397 0.001574582 -1.77465 -5.847506 0.3152645 0.2844664 0.2927753 17.86057 nan 0 0.0
0.02968131 0.01595525 -3.789975 -6.951643 1.478615 1.686871 0.8976679 19.3746 1.271872 0 0.0
0.005018838 0.04576598 -0.6128358 -5.12852 1.180946 1.086839 0.4799778 19.98244 0.9996433 0 0.0
-0.06497231 -0.006262518 -2.502442 -6.846191 0.09618632 0.08435442 0.28516 16.04598 1.728039 1 0.0
-0.054328 0.01207873 -1.079709 -0.2312694 1.852471 1.800712 0.7956636 20.02238 1.412998 0 0.0
-0.04471013 0.01328145 -3.812412 -7.946419 0.8490066 0.865196 0.5373128 19.63684 nan 0 0.0
0.001141684 -0.001524739 -1.784633 -5.803081 0.2459708 0.2174666 0.2943695 16.88127 1.383425 0 0.0
-0.03212728 -0.02287121 -2.99433 -7.456306 0.2231243 0.1955775 0.3975381 17.57588 1.212612 1 0.0
0.04344508 -0.04937269 0.07193363 -6.157352 0.2955193 0.2853119 0.6808391 17.63229 1.589626 1 0.0
0.002290029 -0.001494233 -3.81947 -10.24908 0.868483 0.906387 0.6579854 19.51574 nan 0 0.0
0.02798293 -0.008937248 -3.137887 -7.293678 0.09463568 0.08880244 0.3510504 15.90155 1.74836 1 0.0
-0.03102951 -0.05857274 -7.423895 -6.225094 0.9778122 0.9608873 0.5243547 19.53257 1.356104 1 0.0
-0.06130178 0.004273227 -3.130036 -1.923598 1.775488 1.758283 0.7462993 19.98557 0.6070843 1 0.0006537633
-0.01588524 0.02562749 3.024993 -0.389145 0.4576531 0.4265771 0.4111931 18.89963 nan 0 0.0
-0.0170598 0.0005400084 -2.950425 -6.370902 0.5290481 0.5563866 0.594346 18.96187 1.393246 0 0.0
0.008664869 0.02651878 -4.072082 -7.086639 0.3849395 0.3608675 0.3670547 18.56673 nan 0 0.0
-0.000580919 0.02210159 0.7692625 -6.688759 1.045226 1.033391 0.08716169 19.62924 nan 0 0.0
0.04857685 0.02642576 0.964909 0.4127105 0.4684569 0.4577041 0.4773213 18.91917 nan 0 0.0
0.00590912 0.04711445 2.307698 0.2462723 0.2487678 0.2295115 0.4275934 17.75467 1.316029 1 0.0
0.01050003 -0.01148716 -7.085867 -4.078519 1.190579 1.378739 0.885295 19.0811 1.105465 0 0.0
-0.05010454 0.002760809 -2.76922 -3.411884 0.6134591 0.6152277 0.5024011 19.02082 1.288307 1 5.664753e-05
-0.006695924 0.002202084 0.6766834 -2.230089 0.6806426 0.7081265 0.5429829 19.01278 nan 0 0.0
0.02909929 -0.02651939 -6.527782 -10.54418 1.54088 1.849791 0.8656659 19.76562 nan 0 0.0
-0.03305212 0.00733337 -2.454643 -7.422453 1.13786 1.131039 0.6236473 19.87012 0.9607697 0 0.0
0.01130452 -0.001679632 1.490832 -4.62749 1.065503 1.09446 0.6462798 19.49726 nan 0 0.0
-0.004255366 -0.007838115 -1.873873 -6.16203 0.298957 0.2659254 0.3304258 18.34766 nan 0 0.0
-0.003853464 -0.007752274 -2.205188 -5.976646 0.3503245 0.3095725 0.3561502 18.30671 nan 0 0.0
0.05210718 0.02200913 -1.083009 -0.2248533 1.642058 1.790572 0.8664366 19.40693 nan 0 0.0
0.009265733 -0.009903987 -2.406365 -5.702318 0.1561692 0.1482398 0.4508176 16.97253 1.504631 0 0.0
-0.02316729 -0.05098778 0.170626 -4.964293 0.3281775 0.2983899 0.5425412 17.68185 1.452688 1 0.0
-0.0629628 -0.00616825 -3.100052 -7.463378 0.9986791 0.915399 0.5015417 19.87445 0.8503284 0 0.0
-0.05668454 0.0183588 -2.181599 -2.220156 0.915386 0.9490116 0.5763772 19.57973 nan 0 0.0
-0.05639409 0.008955678 1.314862 -2.94195 0.6946746 0.7163793 0.6184203 19.21521 1.528643 1 0.0001007932
-0.01444909 0.02043201 1.080022 0.06617974 0.380903 0.3435682 0.2998013 17.9857 1.23151 0 0.0
-0.006841205 0.04255394 2.167089 6.973852 1.684105 1.644471 0.7699396 19.89491 nan 0 0.0
-0.02799057 -0.04112948 -1.63583 -2.183538 0.9023707 0.9296486 0.5370012 19.66211 1.349854 1 0.0009355597
0.02428051 -0.00356173 -2.018121 -5.384701 0.4535119 0.4297555 0.3821914 18.72256 1.397511 0 0.0
0.006108868 0.01393421 -1.53639 -2.838407 0.5608232 0.5722421 0.4923579 19.02906 1.280464 0 0.0
-0.007697976 -0.05495356 2.24812 -7.366051 0.3554658 0.343025 0.500821 18.35302 1.195282 1 0.0
-0.01439115 0.0147195 -3.595247 -0.9729145 0.7832245 0.804993 0.5676728 19.5029 1.339941 0 0.0
0.01064837 0.06025201 2.471748 -8.047286 2.076552 1.70494 0.5077025 19.96452 0.6233768 0 0.0
-0.0318132 -0.01453413 3.704056 -0.6117818 0.2704483 0.2484517 0.4399962 17.66327 1.317137 0 0.0
-0.0312045 -0.04434777 -3.131453 -3.237362 1.023776 1.075879 0.5328731 19.76916 1.056423 0 0.0
-0.01085525 -0.04929655 -3.450305 -3.797589 0.4572841 0.4036129 0.3570442 18.5093 1.25708 1 0.0
0.02041316 0.06081945 2.851223 -10.14798 0.7089178 0.7295535 0.6803333 19.11762 1.216446 0 0.0
0.008806269 -0.01261049 -7.493263 -6.455611 1.329825 1.563573 0.8857479 19.20704 1.313145 0 0.0
-0.02139299 -0.01328689 -2.747616 -3.812367 0.4200305 0.3323336 -0.08709189 18.16061 nan 0 0.0
0.01443018 -0.04104946 -6.321268 -8.823277 1.665998 1.977629 0.8657379 19.81633 1.191347 1 0.06503686
-0.04807057 0.01729925 -0.5760347 -8.936898 0.9570086 0.9442805 0.5373701 19.7687 1.074909 0 0.0
0.001227707 -0.01484757 -2.106001 -5.937798 0.144676 0.132678 0.4399722 16.88079 1.506353 1 0.9550525
0.008260815 -0.01315787 -1.210475 -6.117197 0.3590871 0.3457619 0.4872993 18.44168 1.473204 0 0.0
0.02161225 0.008186015 -18.6541 -25.11691 1.704036 2.025697 0.8468387 19.48417 1.697117 0 0.0
-0.01748507 -0.04810696 0.8691432 -6.738915 0.4939099 0.4867209 0.4875768 18.88706 1.276665 1 0.0
0.006682512 2.198475e-05 -2.246477 -5.461979 0.1470548 0.1340773 0.3000591 16.81459 1.526308 0 0.0
-0.01553456 -0.03684577 -0.3951732 -4.213533 1.017401 0.9231227 0.4532593 19.77991 nan 0 0.0
-0.03732583 -0.01015033 -3.516736 -5.623089 0.1327511 0.1099012 0.04801343 16.57213 1.65237 1 0.0
-0.0285231 0.04752589 -0.8401114 -5.194885 1.484059 1.527892 0.5716373 20.09179 0.8576717 0 0.0
-0.02744565 -0.03878144 -3.070548 -6.737619 0.4425249 0.4032007 0.3525845 18.835 1.201611 0 0.0
0.0359856 -0.03832919 0.86869 -2.618402 0.1662985 0.1678135 0.5348548 16.9759 1.225376 1 0.0
0.01606912 -0.0117909 -0.3451512 -8.820074 1.385611 1.569311 0.746306 19.85563 nan 0 0.0
-0.0137605 0.02636774 -1.501994 -10.13209 0.06758309 0.06064577 0.3020215 15.27282 1.71139 1 0.0
0.00697167 0.04727653 -3.936208 -3.762038 0.08368082 0.0735317 0.2595756 15.87444 1.692645 1 0.0
-0.002332161 0.005469496 -2.223471 -6.123101 0.3668407 0.3222327 0.2748831 18.33432 nan 0 0.0
0.05649173 -0.001965836 1.536259 -0.5397427 1.485421 1.7795 0.8608956 19.64906 1.810297 0 0.0
0.004041056 -0.009304861 -1.943715 -3.085232 0.4666115 0.424483 0.4730853 18.82948 1.036852 0 0.0
-0.04962068 0.0162154 0.9615512 5.116303 1.05776 1.084308 0.5902099 19.88028 1.434385 1 0.0
0.02402177 -0.005995468 -2.621731 -3.20652 0.8692625 0.8516751 0.3921437 18.31708 1.260084 0 0.0
0.001715654 -0.02027589 0.07269434 -3.333705 1.883272 2.214257 0.8742439 19.62048 0.442028 0 0.0
-0.006723978 -0.01327987 -3.379585 -7.897112 1.300551 1.265448 0.5360242 19.97019 1.127415 0 0.0
-0.02288014 -0.05202915 -2.221833 0.7472621 1.263395 1.531559 0.8813548 19.27004 1.085936 0 0.0
0.02941461 -0.02881399 0.0675113 -5.293421 0.4972177 0.4918326 0.4982602 18.95162 1.195045 0 0.0
0.01070356 0.02677805 -2.71245 -7.184231 0.4381671 0.4046392 0.352654 18.75674 1.526991 1 0.03496653
-0.04538341 -0.04197463 4.345732 -1.36125 0.2541183 0.222752 0.385252 17.76419 1.399389 1 0.0
-0.0182642 -0.01139822 -4.455197 -14.66211 0.06244751 0.05329211 0.1698663 14.90332 1.510234 1 0.0
-0.01315562 0.003521566 -3.487561 -2.751138 0.3671305 0.3012908 0.003961227 17.94331 nan 0 0.0
-0.03932995 -0.03184118 -0.552104 -3.641754 0.3787717 0.3255843 0.2648556 18.55428 1.320677 1 0.0
-0.001241521 0.04849547 -2.851281 -5.523644 0.8600853 0.8917313 0.5960217 19.59345 0.9259548 0 0.0
-0.02010716 0.03383814 1.021548 -3.256877 0.5191045 0.4834944 0.4699702 18.85933 1.120888 0 0.0
0.004069779 -0.008702139 0.3838626 -2.9667 0.8868523 0.9098125 0.5095834 19.56625 nan 0 0.0
-0.05597735 -0.03301347 -0.5973755 -7.046408 1.662391 1.582254 0.7946322 19.9576 0.8617172 0 0.0
-0.006177996 -0.02765553 -3.964525 -3.363131 0.5122786 0.4758567 0.4887398 18.88422 1.295162 0 0.0
0.05112107 -0.008698866 -2.812918 -3.459912 1.113644 1.249072 0.7456959 19.75127 nan 0 0.0
0.004212899 -0.02439771 -0.22378 -6.323636 0.2983942 0.2900866 0.4615429 18.17027 nan 0 0.0
0.02862227 0.03431367 -2.259214 -0.3303337 0.2118668 0.1980353 0.4693236 17.5674 1.395262 1 0.0
-0.01708518 -0.03041245 -0.3724483 -1.776983 1.435895 1.414828 0.5880983 19.9349 1.390173 0 0.0
0.005076559 0.05474959 2.790966 -0.8766012 0.6855807 0.734547 0.5336965 19.14696 nan 0 0.0
0.03905332 -0.05207999 -3.989948 -6.710597 2.07376 2.450867 0.9025033 19.96403 1.01001 0 0.0
0.01861848 -0.05900377 -3.029331 -11.78246 0.4860256 0.4853494 0.4858315 18.88218 1.34568 1 0.0
0.007115783 0.05903723 -5.827121 -7.928425 0.7225097 0.7284815 0.4627746 19.30617 1.21805 0 0.0
-0.0115765 0.002152212 -2.599697 -19.33464 0.6818749 0.7167614 0.6545332 19.02676 1.203369 0 0.0
0.02109339 -0.007389324 -3.630335 -6.786885 1.567464 1.992381 0.8558341 19.72248 1.185488 0 0.0
-0.01490987 0.03514906 -0.3555411 -5.16581 0.6554622 0.5615749 0.1083781 18.76723 1.329927 0 0.0
-0.0382345 -0.05146944 4.049233 -0.7303601 0.9039923 0.9568189 0.574535 19.72522 1.241035 0 0.0
0.00849152 0.006543123 -3.478411 -5.361337 1.925819 1.970791 0.7366779 19.78613 1.057985 0 0.0
0.003696655 -0.005659909 -2.230449 -5.444884 0.1287783 0.120155 0.3811774 16.78364 1.583598 0 0.0
0.06209102 0.0009217089 -5.556748 -5.253521 0.4946008 0.4888223 0.5195862 18.94037 1.235046 0 0.0
0.04747379 -0.01355384 5.50201 -4.086021 1.666322 2.07926 0.8828552 19.65777 1.789007 1 0.0
-0.05762011 -0.01456428 0.4463808 0.653723 0.09181717 0.07784624 0.220668 15.95852 1.731168 1 0.0
-0.05463304 -0.01927247 0.8590492 -4.966781 0.7624488 0.7607898 0.6286919 19.12334 1.257959 0 0.0
-0.03821077 -0.03083765 3.381206 -1.521662 0.4311859 0.3988757 0.3938684 18.81913 1.227257 1 0.0
-0.02185488 0.005494713 -4.225248 -3.003987 0.1899772 0.1677069 0.3819056 17.352 1.115435 1 0.0
0.03970044 0.01083565 -8.455385 -10.43136 2.122881 2.434451 0.8904619 19.84863 1.862228 0 0.0
-0.005491852 0.0519782 14.05424 9.185325 2.133141 2.171011 0.6347745 20.17573 1.653879 0 0.0
-0.004457411 0.03115953 3.829338 -0.8844959 0.1828789 0.1631468 0.4117391 17.3314 1.362301 1 0.0
0.01827969 -0.01051321 -4.789225 -4.558871 0.5670163 0.5562865 0.5127821 18.98419 1.303085 0 0.0
-0.04763756 0.009525026 4.640472 1.431417 0.9347845 0.9631107 0.5445446 19.80275 1.252272 0 0.0
-0.02969834 0.03582982 -0.6465633 -2.035342 0.728161 0.7370383 0.6225149 19.35266 1.185812 0 0.0
0.05272147 -0.03039357 -5.379928 -0.04727597 1.931104 2.337813 0.8838467 19.83809 1.396488 1 0.0
0.05035959 0.03431972 -1.831674 -2.998243 0.2589008 0.2516906 0.4878975 17.85196 1.624861 1 0.0
0.05220182 -0.03947238 -0.0231609 -6.540984 0.5703793 0.5403177 0.527103 18.96103 1.674295 0 0.0
0.04949388 0.0206443 -0.01005355 -0.2288376 1.368479 1.619141 0.8829957 19.3673 1.185236 0 0.0
0.003667937 -0.006062359 -0.7924066 -5.416134 0.3622649 0.2928499 0.05869773 18.20691 nan 0 0.0
-0.02208562 0.01312217 0.2619897 -3.019858 0.6691867 0.5809713 0.229497 18.13918 1.482006 0 0.0
0.04792397 -0.04375875 -0.8964829 -0.5977755 2.118046 2.397236 0.9283192 19.72197 nan 0 0.0
0.009040089 0.06075184 -7.576924 -7.425313 1.26381 1.26537 0.7244087 19.71742 1.375166 0 0.0
-0.02659973 0.05167662 -0.8261116 -2.236495 1.141229 1.1274 0.4546069 19.83287 1.468857 0 0.0
-0.05873553 -0.02571695 -3.63295 -4.525396 0.5913934 0.5823456 0.6088219 18.91807 1.334064 0 0.0
0.04373248 -0.0479003 -5.350823 -7.138827 1.813876 2.072539 0.9201355 19.49446 nan 0 0.0
0.01665112 0.06338145 0.1381358 -2.095688 0.2906162 0.259661 0.3317956 18.18544 1.387386 0 0.0
0.03261074 0.02002877 2.444254 -6.983583 0.2259346 0.218411 0.5179063 17.60837 1.43063 1 0.0
0.0156132 0.02261581 -1.519868 -5.619936 0.4373758 0.4050937 0.3538058 18.86566 1.612684 1 0.8613475
-6.407229e-05 -0.0147541 -2.02233 -5.575801 0.05926088 0.05215053 0.2758313 13.99138 2.237923 1 0.9980393
0.0223369 0.057344 -1.952093 -5.418387 0.6739502 0.7007117 0.6434185 19.14163 nan 0 0.0
-0.01792741 0.05689252 2.591887 -2.793287 2.143467 2.086644 0.7364792 19.94151 nan 0 0.0
-0.03374638 0.03196091 -5.301032 -4.535411 0.9652403 0.9845911 0.590066 19.69611 nan 0 0.0
-0.01251875 -0.0631898 -2.047816 -4.381508 0.09015394 0.08648979 0.3675385 15.82275 1.453073 1 0.0
-0.05770335 -0.02249316 -3.041326 -4.144126 0.5128559 0.4755059 0.5438863 18.83375 1.385273 1 9.989034e-06
0.03100233 0.01741221 -1.273098 -1.906196 1.056126 1.207473 0.89616 18.98961 1.150917 0 0.0
0.01029726 -0.03963008 1.193426 2.495621 0.3399588 0.3283265 0.4146236 18.39147 1.218956 0 0.0
-0.04298654 0.009898285 -12.00855 -11.67658 1.01589 0.9632044 0.4150551 19.89245 1.556898 0 0.0
0.02394452 0.05295496 0.341525 -3.163852 0.1733813 0.1616173 0.4569543 17.18252 1.314209 1 0.0
-0.01840842 -0.005498808 -6.629336 -2.673481 0.695724 0.7323656 0.5537368 19.03162 1.374105 0 0.0
0.0009981251 -0.004071048 2.050456 -5.113335 1.167339 1.056778 0.3164262 18.57107 nan 0 0.0
-0.04419149 0.006680258 -5.905898 -4.027289 0.4784939 0.4481829 0.3724737 18.89222 1.103817 0 0.0
-0.06385066 -0.01135659 -1.769028 -5.318493 0.7769891 0.7741203 0.4041043 19.27888 0.9271183 0 0.0
0.003840083 -0.01023946 -1.802098 -5.189914 0.2990307 0.2989194 0.5762324 18.03449 1.379332 0 0.0
0.002807837 0.05821339 -0.1478965 -3.124781 0.7590827 0.7870806 0.5919491 19.48141 0.5332756 0 0.0
-0.0104839 -0.02281681 -1.864383 -5.544921 0.1192694 0.1036646 0.2546681 16.59811 1.579916 1 0.9850561
-0.002704954 -0.02007372 -0.4619908 -9.798691 0.4162947 0.3693547 0.3889935 18.6409 nan 0 0.0
-0.005317213 -0.01769723 -2.038222 -5.494431 0.1252798 0.1154797 0.3406123 16.66082 1.622004 1 0.9886109
-0.002820756 0.03522031 -2.77762 -7.148632 0.7257355 0.7416177 0.5669029 19.2416 1.201357 0 0.0
0.03904432 0.02807443 -2.489942 -3.540625 0.3974683 0.3778977 0.4493224 18.59954 1.507103 0 0.0
-0.02541832 0.02685077 -4.92936 -9.663538 0.9311086 0.955549 0.543036 19.45977 1.07303 0 0.0
0.03627064 -0.04695619 0.9928062 -6.94486 1.44429 1.348434 0.6775857 19.99562 0.9100475 0 0.0
-0.0276722 -0.05632908 -4.237803 -8.400941 1.609796 2.048025 0.8599369 19.8054 nan 0 0.0
-0.06293181 -0.0119208 -2.139443 -4.689636 0.9210273 0.9615585 0.5623214 19.66557 0.9069672 0 0.0
-0.003509908 0.03459659 -2.605566 -3.839425 1.438103 1.461372 0.6115284 19.81061 nan 0 0.0
0.0113034 -0.01739618 -0.7961879 -4.947379 0.4868261 0.4747978 0.4729678 18.69377 1.258688 0 0.0
0.005763525 -0.008305463 1.17674 0.1141275 0.2891961 0.2666768 0.4853366 18.11031 nan 0 0.0
-0.04726863 0.02402862 -3.363014 -7.533675 0.1202458 0.104832 0.2654208 16.63627 1.840591 1 0.0
0.01087277 -0.01813048 -6.450427 -10.40692 1.311147 1.595969 0.8578194 19.48697 0.9869213 0 0.0
0.002635228 0.04048269 -0.2889586 -2.050535 0.3493697 0.3281859 0.4134362 18.50661 1.368135 0 0.0
-0.05796792 -0.005439649 -1.423281 -3.119888 0.4752561 0.4448467 0.3963336 18.87532 1.683569 1 2.345669e-06
-0.04422064 0.008261442 -2.081344 -8.117456 1.470653 1.913058 0.8456717 19.71962 1.187376 1 0.1049686
0.01288775 0.05088677 -3.139305 -4.373511 0.1052126 0.09197872 0.2499078 16.31042 1.74935 1 0.0
-0.001786732 0.01072234 -3.117797 -4.354844 0.8859555 0.9338421 0.5249198 19.57781 1.48539 0 0.0
-0.03159057 0.02079955 -2.145431 -7.986928 0.8398743 0.8663008 0.7080475 19.39597 1.270924 1 0.0154271
0.03601728 -0.02520283 -2.702868 -4.827811 1.380444 1.622614 0.85993 19.58697 1.25185 0 0.0
0.004213493 -0.002022608 -1.845089 -5.097301 0.3104763 0.2746326 0.3061915 18.30194 1.368422 0 0.0
-0.03262474 0.02332467 3.524395 0.1039336 0.3830861 0.3325765 0.2852819 18.58254 nan 0 0.0
0.02947757 0.00110658 -1.941646 -1.513001 1.92182 2.292114 0.889387 19.87121 1.684881 0 0.0
-0.01163717 0.04662204 -5.313497 -4.271798 1.732699 1.655393 0.6828957 19.95215 1.105606 0 0.0
-0.004829262 -0.01617706 -1.337305 -4.270235 0.6440075 0.6174483 0.6007261 19.02604 1.439199 0 0.0
-0.02601712 0.00128266 -2.971788 -4.657448 1.753946 1.545053 0.6714401 20.06364 1.280647 0 0.0
-0.02495186 -0.01799856 -3.424954 -6.940448 1.915752 1.822018 0.7501531 20.11176 1.016598 0 0.0
0.005075443 0.01973068 -2.189128 -11.78034 0.1423547 0.1358997 0.4653835 16.75324 1.695283 1 0.0
