data/gcs/Pal_10.ecsv
# %ECSV 0.9
# ---
# datatype:
# - {name: x, unit: deg, datatype: float64}
# - {name: y, unit: deg, datatype: float64}
# - {name: pmx, unit: mas / yr, datatype: float64}
# - {name: pmy, unit: mas / yr, datatype: float64}
# - {name: pmx_e, unit: mas / yr, datatype: float64}
# - {name: pmy_e, unit: mas / yr, datatype: float64}
# - {name: pm_corr, datatype: float64}
# - {name: g_mag, unit: mag, datatype: float64}
# - {name: bp_rp, unit: mag, datatype: float64}
# - {name: filter, datatype: int64}
# - {name: memberprob, datatype: float64}
# meta: !!omap
# - comments: [deg deg mas/yr mas/yr mas/yr mas/yr dimless mag   mag   zeroone float]
# - __serialized_columns__:
#     bp_rp:
#       __class__: astropy.units.quantity.Quantity
#       unit: &id001 !astropy.units.Unit {unit: mag}
#       value: !astropy.table.SerializedColumn {name: bp_rp}
#     g_mag:
#       __class__: astropy.units.quantity.Quantity
#       unit: *id001
#       value: !astropy.table.SerializedColumn {name: g_mag}
#     pmx:
#       __class__: astropy.units.quantity.Quantity
#       unit: !astropy.units.Unit {unit: mas / yr}
#       value: !astropy.table.SerializedColumn {name: pmx}
#     pmx_e:
#       __class__: astropy.units.quantity.Quantity
#       unit: !astropy.units.Unit {unit: mas / yr}
#       value: !astropy.table.SerializedColumn {name: pmx_e}
#     pmy:
#       __class__: astropy.units.quantity.Quantity
#       unit: !astropy.units.Unit {unit: mas / yr}
#       value: !astropy.table.SerializedColumn {name: pmy}
#     pmy_e:
#       __class__: astropy.units.quantity.Quantity
#       unit: !astropy.units.Unit {unit: mas / yr}
#       value: !astropy.table.SerializedColumn {name: pmy_e}
#     x:
#       __class__: astropy.units.quantity.Quantity
#       unit: &id002 !astropy.units.Unit {unit: deg}
#       value: !astropy.table.SerializedColumn {name: x}
#     y:
#       __class__: astropy.units.quantity.Quantity
#       unit: *id002
#       value: !astropy.table.SerializedColumn {name: y}
# schema: astropy-2.0
x y pmx pmy pmx_e pmy_e pm_corr g_mag bp_rp filter memberprob
[from data line 2156]
0.01032309 0.003084456 -9.482233 -12.21699 1.953713 2.166986 0.01431281 20.50711 nan 0 0.0
0.02555968 0.0591106 -1.461707 -3.91476 0.1824091 0.1614924 0.1138652 17.70466 2.957172 1 0.0
-0.002346993 0.02716443 -4.050245 -6.954448 0.999024 1.010313 -0.1052613 19.98047 2.4398 0 0.0
0.01130788 -0.01565327 2.380169 -1.938954 1.946268 1.963834 0.1360731 20.68998 nan 0 0.0
-0.00289696 0.002813324 -4.057691 -6.039935 0.9826733 1.139254 -0.1341962 19.86302 nan 0 0.0
0.005721661 0.05949216 -4.143943 -6.575522 0.39015 0.3543307 0.09493474 18.77653 2.940857 1 0.8106801
-0.03998502 -0.007594229 -3.694096 -6.323288 0.8153689 0.8945079 0.1294898 19.7136 2.339817 0 0.0
0.0005743043 0.02918049 -5.717799 -8.751483 2.420664 2.924627 -0.04877881 20.78727 2.383738 0 0.0
-0.003330885 0.002515786 -2.279498 -5.815008 0.4405561 0.462884 0.2111551 18.68039 2.601032 0 0.0
-0.004690482 0.003185297 -4.083294 -5.178776 0.6734292 0.7551525 0.1839433 19.32318 2.738785 0 0.0
-0.003909414 0.003837591 -3.751769 -8.592746 0.4160581 0.3552178 0.03371702 17.6546 2.534351 0 0.0
-0.03475031 -0.01531632 -4.221157 -7.232224 0.2379446 0.2271664 0.09702479 17.98611 2.803066 1 0.9659605
-0.001045576 0.002086603 -3.336061 -6.896764 0.5805335 0.5419527 0.1200483 18.76552 2.32029 0 0.0
0.04214476 -0.0009103592 -1.229955 -9.921321 0.26567 0.2276182 0.1404198 18.27099 2.382856 1 0.0
-0.01033165 -0.0006215224 -7.498976 -7.448852 1.634458 1.581035 0.2812701 20.56793 2.233557 0 0.0
-0.002463056 0.001712777 -0.3239296 -7.529782 2.479617 2.367322 0.4630479 20.62088 nan 0 0.0
0.02420917 -0.001756897 -3.10534 -6.528063 0.3316971 0.3146638 0.03583864 18.41866 3.025797 1 0.1772887
0.06383997 0.002336968 -1.396302 -4.858498 0.3327916 0.3079691 0.1900885 18.45981 2.131647 1 0.0
-0.0343989 0.005723568 -7.447679 -4.920879 1.832351 1.943373 0.1634792 20.53261 2.422153 0 0.0
-0.007814136 0.0153295 -3.485331 -6.398346 0.1353972 0.1307242 -0.00342614 17.01965 2.942684 1 0.0001413465
-0.03058159 -0.0005008376 -3.789241 -6.706965 0.287918 0.2563631 0.02106169 18.19464 2.953421 1 0.9304486
0.006389771 -0.0201873 -0.2937368 -1.971395 0.93233 1.036745 0.08960201 19.93756 nan 0 0.0
-0.01565487 -0.004729546 -3.311111 -1.421017 1.700462 1.914346 -0.008258375 20.57344 2.125158 0 0.0
-0.02126859 -0.0163733 -3.002688 -3.549144 0.561824 0.5182596 0.1581113 17.86399 2.743567 0 0.0
0.001123841 0.03051754 -4.165091 -6.734947 0.2692292 0.2558256 0.08259213 18.16041 2.899387 0 0.0
0.003958898 0.00555802 -4.351004 -7.162014 0.1938977 0.1738193 0.002463201 17.47988 3.136301 1 0.9938185
-0.01050467 0.008341119 -4.769433 -10.13918 2.709634 2.050743 -0.1050329 20.60816 2.4111 0 0.0
0.01257876 0.01262516 -4.643074 -8.626104 0.5098539 0.5709798 0.4543248 18.2718 1.767004 0 0.0
0.0006899947 0.03002735 -3.110489 -7.812358 0.8783637 0.9554609 0.09349562 19.69017 nan 0 0.0
-0.01947229 0.006121754 -3.343264 -7.874061 0.5411479 0.5487785 -0.04358136 18.92283 2.732985 0 0.0
0.01211485 0.02800217 -3.363826 -5.361666 0.1189595 0.1148011 0.07507267 16.37326 2.937817 1 0.0
0.03260897 -0.05663182 -1.999402 -4.563687 0.7140569 0.8507724 0.0859352 19.67997 2.479713 0 0.0
0.01266552 0.01298185 -4.597499 -2.752518 1.551188 1.435227 0.05613769 19.89351 nan 0 0.0
0.01960552 0.03281893 -2.811914 -5.879201 1.225053 1.247936 0.2359715 20.45581 2.356035 0 0.0
0.03008675 -0.03043104 -4.299623 -6.75777 0.2799974 0.2634065 0.05995381 18.19232 2.893099 1 0.9624663
-0.02776678 0.05313141 -2.414821 -4.547834 0.6694212 0.7954743 0.107547 19.65202 2.555725 1 0.00224714
-0.001219233 -0.01035885 -1.804997 -4.677184 3.193096 3.552587 0.2370822 20.81163 1.918762 0 0.0
-0.005906786 -0.03536409 -3.190557 -6.306122 0.2772871 0.2596175 -0.007197475 18.26876 2.09263 0 0.0
0.02799219 0.03867184 0.3681356 -3.744753 1.157604 1.101161 0.3429481 20.21089 2.740677 0 0.0
0.01596375 0.006148092 -4.64505 -6.912608 1.76634 1.969634 0.2327286 20.56382 2.543446 0 0.0
-0.01545284 -0.009934719 -0.4734397 -1.351317 0.351439 0.3115564 0.04982332 18.60817 2.361254 0 0.0
-0.02386817 0.01386233 -1.460033 -4.463801 1.592933 1.67452 0.2692797 20.23084 nan 0 0.0
-0.04362506 0.01233273 -1.226679 -3.02186 0.5055192 0.527772 0.1222413 19.10757 2.615223 1 0.0
-0.03474924 -0.01003488 -3.528618 -6.776995 0.2900767 0.2598331 0.1760916 18.11305 2.907059 1 0.7436847
-0.01348505 -0.003020747 -4.865556 -6.35038 0.8988305 1.065903 0.03511046 19.81128 2.625126 0 0.0
0.001904875 0.0210304 2.875438 -0.6663702 0.5718763 0.5278992 0.1031516 16.87521 2.360949 0 0.0
-0.03107179 0.008192946 -3.506554 -6.071698 1.710194 1.845337 0.3350977 20.6511 2.433485 0 0.0
0.04683328 -0.008513735 -5.40032 -8.403195 0.4346117 0.422365 0.2685777 19.0064 2.364569 0 0.0
-0.007524914 0.01450933 -4.192135 -6.611415 0.147609 0.1330088 0.01962899 15.96659 3.645203 1 0.98256
-0.04444102 -0.01076886 -3.776209 -7.338487 0.6420433 0.7750032 0.006418382 19.28252 2.523537 0 0.0
0.02032735 0.0432236 -1.798519 -3.391878 0.9790212 0.9983683 0.2317217 20.04063 2.219431 0 0.0
-4.165538e-06 0.006305655 -0.6478252 -6.963186 0.8220788 0.9199603 0.1254153 19.45281 2.433653 0 0.0
0.01012017 0.01021221 -3.771944 -6.865014 0.520317 0.5293617 0.03763423 18.99764 nan 0 0.0
-0.01675886 -0.05242269 -1.922919 -4.021815 0.8237014 0.9691125 0.2097719 19.93672 2.145004 0 0.0
-0.06154308 -0.02267303 -3.078834 -10.48396 1.182685 1.176509 0.2087023 20.29513 2.138115 0 0.0
0.02081896 0.04362801 -0.3138429 -0.3053963 2.322466 2.21651 0.2522565 20.73737 2.248392 0 0.0
0.0346812 -0.0009654462 -3.063577 -8.058773 1.181303 1.087298 0.1797358 20.17422 2.65494 1 0.582455
-0.03626206 -0.04987335 -1.243098 -3.868051 1.003572 1.038218 0.1335168 20.16646 2.244576 0 0.0
-0.02763067 0.0008051926 -1.750831 -3.250206 0.2254433 0.2243651 0.03819584 17.9795 2.359816 1 0.0
-0.01849043 -0.00928401 -7.739753 -3.604565 2.585589 3.486614 -0.2698237 20.71987 nan 0 0.0
-0.02193129 0.004750669 -9.321286 -1.762056 1.158268 1.262813 -0.01823327 18.96679 2.338619 0 0.0
-0.04351426 -0.006904812 -2.026083 -3.355024 0.8113394 0.96021 -0.01465629 19.74825 2.360828 0 0.0
-0.01811223 0.01061532 -0.6811048 -8.721914 1.263781 1.673722 -0.4085401 19.65743 nan 0 0.0
-0.03392836 0.04434156 -9.20551 3.424911 1.974351 2.302726 0.01252169 20.41488 2.42775 0 0.0
0.02350835 0.04557576 -1.030246 -5.484876 0.8525986 1.017211 0.2404376 19.78288 nan 0 0.0
-0.005066058 0.01954654 -3.482308 -7.57561 0.1826915 0.1561273 -0.0468328 17.32984 2.95137 1 0.002772107
-0.05021257 0.038408 -2.321867 -5.760278 1.23768 1.286536 0.09169885 20.23859 2.675922 1 0.09996062
-0.03988702 0.04028973 -2.209291 -5.145881 0.6308949 0.7286722 0.1246816 19.54621 2.43129 0 0.0
0.03144461 -0.01945591 -4.885315 -4.081493 1.905056 1.928539 0.02433696 20.62598 1.266623 0 0.0
0.04366539 0.04815275 -2.948437 -2.091712 0.7171929 0.8502076 0.2343803 19.6992 2.373396 0 0.0
-0.02163919 0.02705898 0.2828697 -2.455394 1.40537 1.278193 0.1332463 20.24935 2.551317 0 0.0
-0.02600999 0.005397833 -1.239031 -0.7368385 0.1071603 0.09634285 0.01778697 14.68492 3.151445 1 0.0
0.001934144 -0.009355574 -2.29212 -7.166813 2.584183 2.483587 0.3678331 20.47393 2.235384 0 0.0
-0.007411141 -0.02994525 -5.590762 -1.871496 1.521532 1.698432 0.1864629 20.48969 2.523279 0 0.0
0.01715168 -0.01284517 -7.287868 -7.382281 1.111909 1.253368 0.1635924 19.89467 2.781384 0 0.0
0.01616351 0.03483845 -0.07675342 -3.573743 0.08164631 0.07265315 0.14636 14.47559 2.937583 1 0.0
0.02458847 -0.02418726 -0.5255254 -3.86221 0.8853837 1.128425 -0.01434577 19.80895 nan 0 0.0
-0.03385443 -0.02025272 -2.757401 -5.766341 1.223246 1.302629 0.1254864 20.45064 1.939257 0 0.0
-0.01958191 0.0590297 -1.394952 -4.384557 0.9902261 1.089998 -0.02907888 20.12713 2.115183 0 0.0
-0.04757431 -0.0424548 5.336212 -1.675618 2.588971 2.694556 0.2684012 20.76741 1.81436 0 0.0
-0.06110747 -0.01812607 -2.782483 -3.991865 0.1993651 0.1983998 0.1164433 17.66355 2.912157 1 0.0
-0.01079031 0.06552725 -5.314006 -10.12388 2.155451 4.040988 0.03977188 20.92058 nan 0 0.0
-0.04369651 -0.04079835 -0.4235159 -5.849616 1.387974 1.565877 0.03583033 20.45743 1.540283 0 0.0
0.02027259 0.01735041 -4.365315 -6.571711 0.8547918 0.9716654 0.2356286 19.79764 2.812592 0 0.0
-0.01554344 -0.05181817 -2.657133 -8.470512 1.979844 2.124569 0.5063009 20.65361 1.818987 0 0.0
0.0372199 0.03114912 4.527154 -4.93383 1.468798 1.379305 0.1383249 20.42747 nan 0 0.0
-0.01122408 0.06531747 4.022099 -2.272558 2.164614 2.188044 0.6654973 20.007 1.944693 0 0.0
0.003901676 -0.02208328 -4.962938 -8.479366 1.15105 1.219508 0.09077091 19.9147 nan 0 0.0
0.0206197 0.01732184 -3.261346 -7.481136 1.858388 1.712091 0.6043779 20.33646 nan 0 0.0
-0.01998734 0.05414503 -0.7136872 -4.539488 1.502269 1.593651 0.2232945 20.62164 1.518417 0 0.0
-0.04329139 -0.04068401 -4.624383 -6.731535 1.444555 1.625298 0.3480016 20.37944 2.187231 0 0.0
-0.04641695 -0.04270498 3.634642 -6.365779 2.871979 2.872606 0.4015079 20.88011 1.98601 0 0.0
-0.05254835 -0.03309398 -3.423192 -3.749604 0.3346795 0.3289612 0.05336726 18.70457 2.840815 1 0.0
-0.03330994 -0.04702437 3.947826 4.195746 1.179237 1.266833 0.1482129 20.25293 2.105988 0 0.0
2.476617e-05 -0.02374081 -9.202765 -5.745802 3.493124 3.051567 0.4996851 20.76456 1.752579 0 0.0
-0.01137343 -0.005937237 -8.092589 -4.624398 2.737542 2.872146 0.1999547 20.71107 2.163181 0 0.0
0.03027961 0.02405241 -4.05807 -10.66903 3.442662 3.178926 0.2117083 20.7317 1.48608 0 0.0
-0.03567768 -0.02282918 -1.724075 -4.072658 0.997654 1.125084 0.1060965 19.96329 2.136137 0 0.0
0.05354138 0.003037235 -4.427376 -7.017211 1.887425 1.684611 0.8798187 19.48011 nan 0 0.0
-0.0228569 0.005342068 -4.838047 -10.62813 0.5509727 0.6518446 0.09908957 19.34354 2.497219 0 0.0
0.01827498 0.03373049 0.5654673 -1.831744 0.1782531 0.1588079 0.1039118 17.39812 2.952133 1 0.0
0.001557814 0.01693532 0.4840797 -3.607304 3.109875 3.37268 0.3282391 20.61719 nan 0 0.0
-0.01041953 -0.0184991 -10.63964 9.810792 4.497415 5.041185 0.07544502 20.94876 1.347279 0 0.0
-0.03732131 0.002355805 -3.084713 -4.485459 0.7251312 0.8403636 0.1389164 19.73146 nan 0 0.0
0.001181876 0.003354991 -3.733687 -5.990013 0.6041699 0.7533749 0.100561 19.31895 nan 0 0.0
-0.04930649 -0.02875191 -3.456809 -7.219068 0.3310787 0.3114602 0.06609483 18.68698 2.617418 0 0.0
-0.001363767 0.004259075 -15.18284 0.903123 3.154272 3.198943 0.17595 20.58308 nan 0 0.0
-0.04468049 -0.04146185 0.86897 -4.075076 1.406948 1.476031 0.2339071 20.56489 1.682201 0 0.0
-0.01310923 -0.006450189 -4.479918 -2.66285 2.826709 2.897493 0.2319202 20.86028 1.722906 0 0.0
0.01064173 -0.003844922 -8.044286 -4.564489 2.745569 2.873323 0.3906979 20.67773 nan 0 0.0
-0.0422173 -0.02657944 -4.445508 -3.375348 1.356132 1.380152 0.1442376 20.41054 2.039871 0 0.0
-0.002231055 0.04572675 -4.357376 -6.866325 0.3327223 0.3004005 0.1159024 18.73036 3.170071 1 0.9513026
0.04864311 0.03611873 -2.996475 -5.802093 2.196441 2.116615 0.1999261 20.71748 1.769367 0 0.0
0.03534347 0.01392536 -0.9933073 -2.241682 2.115411 2.092869 0.3067337 20.66869 1.906242 0 0.0
-0.03860013 -0.02411409 -2.808872 -6.515119 1.057124 1.143306 0.09810168 20.16541 1.917995 0 0.0
-0.05103385 0.0001392037 -3.398546 -6.365383 1.261808 1.22889 0.1458312 20.24449 2.170471 0 0.0
-0.03462212 0.0460545 -3.151479 -3.152537 0.7542641 0.8829905 0.1235361 19.68326 2.637291 0 0.0
-0.04139876 0.008118847 -4.400285 -6.453029 0.2660661 0.2431946 0.05379045 18.1465 3.03364 1 0.8737307
0.04103298 0.05093873 0.3445409 3.67304 2.46897 2.825156 0.1936015 20.7408 1.735968 0 0.0
-0.05560967 -0.01560834 -3.785995 -7.027642 0.6215034 0.7269959 0.1889115 19.58077 2.516809 0 0.0
0.0171503 0.0008553149 -4.106355 -6.327257 2.018297 2.203745 0.002029503 20.64661 nan 0 0.0
0.02475525 0.02277168 -4.56122 -1.960639 1.966327 2.087076 0.1082761 20.74884 1.404436 0 0.0
-0.04593246 0.037188 -0.3662019 -3.526506 0.6124371 0.654134 -0.1060305 19.01687 2.290663 0 0.0
0.0008058004 0.006273232 -1.330145 -5.280127 1.079514 1.165 0.2447767 20.04787 2.125982 0 0.0
0.005521321 -0.004915188 -6.801082 -9.848901 2.974714 2.845687 0.225967 20.76314 nan 0 0.0
-0.02066521 -0.0508506 -0.8865758 -2.440084 2.69424 3.019362 0.3026628 20.85605 2.058538 0 0.0
-0.03080389 0.0499829 0.507406 -10.70322 1.448446 1.524343 0.2692809 20.42375 2.76403 0 0.0
-0.06277587 0.008018565 -0.750107 -2.075216 0.475119 0.5134663 0.1368272 19.05417 2.233006 1 0.0
-0.04577588 -0.025951 -2.419371 -4.463163 0.5913071 0.6904723 0.2393788 19.34214 nan 0 0.0
-0.02781304 -0.05320325 -0.3646246 -3.086338 0.6372155 0.70165 0.28177 19.27155 2.185913 0 0.0
-0.01308311 -0.04308463 -7.494264 -6.668008 1.117747 1.170423 0.1153985 20.19851 1.77858 0 0.0
-0.0153021 0.05785052 -2.248637 -6.519489 1.335413 1.343256 0.2209911 20.45659 1.796064 0 0.0
-0.006802905 -0.0140666 -4.758711 -5.664928 0.9583807 0.9848287 0.07080594 20.05328 2.293028 0 0.0
0.001760432 0.003471344 -4.838281 -6.79368 0.4869563 0.4274875 -0.5986549 17.93681 nan 0 0.0
0.008822381 -0.06546 3.446131 0.4238305 2.462403 2.501478 0.2828502 20.71353 2.245962 0 0.0
-0.02071965 -0.02252457 -12.27851 -2.981382 3.277795 3.877759 -0.2399877 20.8844 nan 0 0.0
0.002136484 0.004259083 -1.737955 -4.485053 0.3279397 0.2882243 -0.04871851 18.29998 2.727125 0 0.0
0.01151044 -0.01625408 0.8144712 -6.449774 1.518498 1.509265 0.08278793 20.53162 2.078537 0 0.0
-0.02710077 0.05854817 -6.966992 -4.897853 1.869249 2.146621 0.1543713 20.70781 2.163626 0 0.0
0.01584701 0.0171573 -3.711407 -6.303571 0.4986011 0.4452969 0.01636753 18.92084 nan 0 0.0
0.01246243 0.02128261 -0.1432416 -4.789738 1.590968 1.548033 0.4728701 20.42248 2.868174 0 0.0
-0.02805517 0.05797994 1.987112 -1.408319 2.146123 2.809119 -0.07640934 20.887 2.034998 0 0.0
0.04143937 0.04472087 -6.577759 -6.495042 0.5379119 0.5435924 0.4264909 19.04278 2.323608 1 0.0003758941
0.03889391 0.04660855 -1.460265 -4.201378 0.2059 0.190529 0.09448539 17.89776 2.285347 1 0.0
-0.05808196 0.03069528 -2.631386 -4.986693 1.153565 1.227541 0.00195954 20.01474 3.026531 0 0.0
-0.01672312 0.0170582 -7.869748 -7.32945 2.760785 2.599884 0.4983327 20.7537 1.965586 0 0.0
-0.01525341 -0.04440434 -2.323458 -8.765344 1.306356 1.388138 0.1787184 20.3692 2.021475 0 0.0
0.05345454 0.00320124 -11.76986 -12.95507 1.265642 1.347452 0.4225942 19.24274 2.938282 0 0.0
0.02264879 -0.01508757 -1.906453 -5.288683 0.1840467 0.1885679 0.03312483 17.31676 3.014252 1 0.0
-0.05842904 0.03066488 -2.273369 -5.697587 1.188064 1.441614 0.1473447 20.33072 nan 0 0.0
-0.06133711 -0.01310394 -3.645878 -5.422924 0.3289933 0.3104708 0.07195065 18.6088 2.956713 1 0.0001789434
0.008614226 0.0450136 -3.387471 -3.484112 0.789071 0.9220939 0.2699171 19.71242 2.389393 0 0.0
-0.02843461 0.03707737 -0.5210766 -3.660789 0.1127093 0.1089641 0.0713747 16.33132 2.862665 1 0.0
-0.008885221 -0.0005929936 -1.021703 -5.852547 1.535144 1.472526 0.1618244 20.30292 nan 0 0.0
0.0007479603 0.002929649 -4.090526 -6.611857 0.7869011 0.9285211 0.1155008 19.65256 nan 0 0.0
-0.03160421 -0.05518624 -1.276929 -7.900294 1.299401 1.365481 0.1514106 20.11114 2.309439 0 0.0
-0.00708888 0.0659791 1.345238 0.5010368 1.209462 1.235482 0.2543461 20.20171 2.231947 0 0.0
0.01466248 0.0007234758 -4.296263 -8.025404 1.081956 1.463226 0.166793 19.75441 3.1001 0 0.0
0.0262666 -0.0244445 -3.280056 -7.329609 1.296031 1.274369 0.08706302 20.36381 2.363569 0 0.0
0.002368632 -0.04816057 -1.067255 -3.968637 0.8963945 1.021831 0.2361261 20.00792 nan 0 0.0
0.04673785 0.02298038 -6.957639 -3.250778 2.139372 2.105088 0.4230238 20.73123 1.045567 0 0.0
0.01052976 -0.06463021 -2.546251 -2.031097 3.93221 3.230148 0.3247257 20.96273 1.812439 0 0.0
0.01154259 -0.06389391 -0.5224771 -9.701935 2.08275 2.102176 0.1131733 20.86696 1.221853 0 0.0
-0.007930544 0.0001775282 -3.09125 -7.668155 1.407639 1.45538 0.1810967 20.54211 1.686649 0 0.0
-0.002434118 0.00242994 -3.41326 -7.146922 0.3728828 0.3329485 0.07086414 18.58738 nan 0 0.0
-0.02031753 -0.04721524 -1.830943 -2.720825 1.479579 1.699794 0.2472115 20.58152 1.89521 0 0.0
