data/gcs/Pal_8.ecsv
# %ECSV 0.9
# ---
# datatype:
# - {name: x, unit: deg, datatype: float64}
# - {name: y, unit: deg, datatype: float64}
# - {name: pmx, unit: mas / yr, datatype: float64}
# - {name: pmy, unit: mas / yr, datatype: float64}
# - {name: pmx_e, unit: mas / yr, datatype: float64}
# - {name: pmy_e, unit: mas / yr, datatype: float64}
# - {name: pm_corr, datatype: float64}
# - {name: g_mag, unit: mag, datatype: float64}
# - {name: bp_rp, unit: mag, datatype: float64}
# - {name: filter, datatype: int64}
# - {name: memberprob, datatype: float64}
# meta: !!omap
# - comments: [deg deg mas/yr mas/yr mas/yr mas/yr dimless mag   mag   zeroone float]
# - __serialized_columns__:
#     bp_rp:
#       __class__: astropy.units.quantity.Quantity
#       unit: &id001 !astropy.units.Unit {unit: mag}
#       value: !astropy.table.SerializedColumn {name: bp_rp}
#     g_mag:
#       __class__: astropy.units.quantity.Quantity
#       unit: *id001
#       value: !astropy.table.SerializedColumn {name: g_mag}
#     pmx:
#       __class__: astropy.units.quantity.Quantity
#       unit: !astropy.units.Unit {unit: mas / yr}
#       value: !astropy.table.SerializedColumn {name: pmx}
#     pmx_e:
#       __class__: astropy.units.quantity.Quantity
#       unit: !astropy.units.Unit {unit: mas / yr}
#       value: !astropy.table.SerializedColumn {name: pmx_e}
#     pmy:
#       __class__: astropy.units.quantity.Quantity
#       unit: !astropy.units.Unit {unit: mas / yr}
#       value: !astropy.table.SerializedColumn {name: pmy}
#     pmy_e:
#       __class__: astropy.units.quantity.Quantity
#       unit: !astropy.units.Unit {unit: mas / yr}
#       value: !astropy.table.SerializedColumn {name: pmy_e}
#     x:
#       __class__: astropy.units.quantity.Quantity
#       unit: &id002 !astropy.units.Unit {unit: deg}
#       value: !astropy.table.SerializedColumn {name: x}
#     y:
#       __class__: astropy.units.quantity.Quantity
#       unit: *id002
#       value: !astropy.table.SerializedColumn {name: y}
# schema: astropy-2.0
x y pmx pmy pmx_e pmy_e pm_corr g_mag bp_rp filter memberprob
[from data line 1002]
-0.03540764 0.01312548 0.9795481 -0.4156634 0.342715 0.295867 0.6211963 17.90226 1.217386 1 0.0
-0.03061486 0.02352725 -0.1384173 -0.556637 0.3890072 0.3547169 0.5350745 18.51374 1.206352 0 0.0
-0.0265359 0.01334655 -1.352797 -5.560166 0.7655474 0.7552074 0.4688729 19.06635 nan 0 0.0
-0.01447566 -0.003095142 0.4841097 -0.5975141 0.4050464 0.3635788 0.3510188 18.58844 nan 0 0.0
-0.02515262 -0.01912965 -0.5774305 -1.412635 0.9842897 1.034294 0.09509864 19.32053 0.9445343 0 0.0
0.008780932 0.04843801 -6.338959 -5.252524 1.03244 1.066686 0.5917892 19.87308 0.03178406 1 1.158878e-05
-0.01717702 0.02260993 0.408911 -3.770131 0.5156441 0.5110927 0.5184068 18.94125 1.189896 1 0.0004540676
-0.05238126 0.02912726 -0.3639663 -2.249518 0.5018364 0.4765274 0.3301383 18.92957 1.389242 1 0.0
-0.03767216 -0.002355081 -0.4759484 -3.131074 0.4374599 0.3813023 0.252778 18.70115 1.504562 0 0.0
-0.01361732 0.03089961 -1.536359 -3.781834 0.2709482 0.2403674 0.384774 17.91996 1.301306 1 0.0
-0.05493261 0.01693844 -1.555837 -7.212707 0.8287142 0.8560956 0.5493821 19.62448 0.8936291 0 0.0
0.01305066 -0.06353316 -7.819365 -6.946164 0.4463002 0.4305667 0.4041389 18.81956 1.19775 1 0.0
-0.03114773 -0.0411644 -1.036174 -7.235963 0.6528674 0.6564674 0.5157266 19.19342 1.197031 1 0.003184557
-0.0006382127 -0.01077919 -6.978647 -8.541747 1.413123 1.65247 0.837768 19.58887 nan 0 0.0
-0.04821334 0.01471666 -1.916139 -4.555265 0.4292955 0.3958907 0.3753445 18.7234 1.378334 1 0.1053894
-0.05453464 0.02859248 -7.283054 -9.065664 0.8098048 0.7993135 0.5364633 19.607 1.139166 0 0.0
0.003181346 0.06606403 0.6173449 -7.95285 1.045131 1.085452 0.5932665 19.82445 1.515413 0 0.0
0.007167633 -0.06481834 6.676371 6.651905 2.619656 2.972967 0.9230052 20.05161 nan 0 0.0
0.04668609 0.04125214 0.4745955 -2.765018 0.5391102 0.5251699 0.4284108 18.92908 1.489904 0 0.0
-0.05594161 0.02853477 -2.27517 -5.602132 0.4547131 0.426675 0.4519632 18.80098 1.374857 1 0.6190376
-0.05421179 0.008058076 3.392794 -6.899359 0.8796499 0.9093954 0.5651927 19.69899 1.528673 0 0.0
0.01050204 0.01890644 -2.336204 -5.937175 0.1567167 0.1401678 0.402719 17.07638 1.680923 1 0.9144643
-0.03537241 -0.01618283 -0.2749544 -2.219215 0.3551442 0.3088326 0.2842674 18.52466 1.384701 1 0.0
-0.02033451 0.0153025 -2.023502 -5.744595 0.2877957 0.2581184 0.3610502 18.16361 1.441233 0 0.0
-0.05054242 0.02554204 0.08107027 -6.891842 0.6157915 0.6412367 0.5602039 19.13454 1.247599 1 2.924682e-06
0.06183433 0.00528773 -2.625787 -4.308269 1.458197 1.827854 0.8546513 19.67557 1.568081 0 0.0
-0.05613512 0.00731545 -2.05986 -0.3399088 0.8308168 0.8559709 0.5705902 19.55039 1.676378 1 0.0
-0.04787107 0.02223362 -6.891856 -9.935574 0.7951374 0.8158081 0.5865075 19.52809 1.694506 1 0.0
-0.03053555 0.05912219 -3.717173 -7.903645 1.023266 1.058019 0.628117 19.7879 2.060961 0 0.0
-0.01482282 0.02547119 -4.320683 -4.496332 1.353067 1.350961 0.6717713 19.72275 0.7011166 0 0.0
-0.001958617 -0.02008134 0.7648788 -4.275514 0.4022715 0.3597492 0.4157208 18.42515 1.302288 0 0.0
0.009927115 0.008009791 -2.240956 -5.414301 0.4310155 0.3713496 0.2675386 18.59046 1.356688 0 0.0
-0.006236687 0.005040237 -2.462316 -8.00292 2.207208 2.747904 0.8904534 19.91444 nan 0 0.0
-0.0459459 0.01736854 -8.130603 -4.421203 0.3084262 0.2761778 0.3324576 18.19554 1.219137 1 0.0
-0.04175305 0.01395936 -4.482279 -2.589202 0.6977426 0.7347954 0.5282688 19.3489 1.248085 0 0.0
-0.04548503 0.01222265 -2.58634 -3.533091 0.09762989 0.08379147 0.193933 16.01851 1.857095 1 0.0
-0.05315479 0.0238837 -2.260455 -1.71777 0.9163247 0.9515326 0.691186 19.3762 nan 0 0.0
0.05979511 0.003081708 -1.39011 -3.875188 1.072575 1.291427 0.8552595 19.24638 1.325331 0 0.0
-0.04746754 0.01704003 -3.427323 -2.997981 0.3646786 0.3186344 0.2940315 18.41328 1.336746 1 0.0
-0.04895784 0.008199018 -1.782873 -7.552937 0.2018905 0.1767549 0.2940335 17.44714 1.543425 1 0.0
-0.03865461 0.0238116 -4.082695 -1.176701 0.4050009 0.3672132 0.3717781 18.73656 1.146971 0 0.0
-0.0206737 -0.02581616 -4.865788 -5.603458 1.058981 1.109119 0.5215268 19.82255 1.228632 1 0.03934945
0.009808557 -0.05212508 6.834857 -4.886929 1.743961 2.180789 0.8534112 19.89837 1.089891 1 0.0
0.01173749 0.02996325 0.8367529 -1.150559 0.5611543 0.5709339 0.6481625 18.7892 nan 0 0.0
-0.04182315 -0.04690224 -2.398798 -5.187542 0.8073423 0.8466634 0.5536289 19.58822 1.354952 1 0.2767649
-0.01869271 -0.02919002 -1.259501 -3.983986 0.3307272 0.2894373 0.2892816 18.42453 1.31241 0 0.0
-0.00893864 0.06261151 0.1332582 1.897591 0.4506544 0.4271598 0.4295685 18.8169 1.424271 1 0.0
-0.0476812 -0.03637533 -5.204275 -10.3578 1.396011 1.315658 0.1828766 19.64284 nan 0 0.0
-0.004542384 -0.009837025 -1.787716 -4.673749 0.8028868 0.8357366 0.6171934 19.34568 1.190245 0 0.0
-0.01654442 0.01385717 -1.624108 -0.7387619 0.6088999 0.624329 0.5679139 19.1595 1.269133 0 0.0
-0.01192066 -0.002536076 -0.6851265 -3.536227 0.9502568 1.023407 0.5752046 19.10391 1.371313 0 0.0
-0.03648987 -0.02517242 -2.517977 -7.127915 1.11658 1.123601 0.8810082 18.8669 nan 0 0.0
-0.003335634 -0.05981524 0.394397 -1.138225 1.036473 1.275067 0.8574588 19.18989 1.861591 0 0.0
-0.03685233 0.05257484 -5.60009 -4.406653 0.9515457 0.9803596 0.5589412 19.60515 1.262194 0 0.0
-0.03201379 -0.01628702 -2.357091 -3.270805 0.4045684 0.3725125 0.3647537 18.70138 1.404451 1 0.0
0.02417159 0.03529288 -3.307014 -4.618594 0.8907044 0.9256131 0.56236 19.67466 1.251505 0 0.0
-0.06629779 0.005554867 -2.321364 -4.786222 0.6733954 0.6989386 0.5579774 19.32727 1.322042 1 0.1528733
-0.02533689 0.05649097 -5.127071 -6.25178 0.4836871 0.4020133 -0.0004810445 18.5911 1.310305 0 0.0
-0.04354015 0.03952307 -6.412308 -2.150422 0.7711906 0.7916893 0.5693886 19.50745 nan 0 0.0
0.005333015 -0.005295652 -5.886918 -4.584543 0.5662214 0.5938262 0.5573 18.94931 nan 0 0.0
-0.02142603 0.01883668 2.27193 -5.943057 0.31259 0.2820031 0.3574525 18.38338 1.355032 0 0.0
-0.05283476 0.01128768 0.8862955 -0.9539051 0.4580599 0.4349091 0.3778214 18.85256 1.021523 1 0.0
-0.03900135 0.03272455 3.857441 -1.798369 1.405418 1.722364 0.8566715 19.55799 2.212786 0 0.0
-0.01809305 -0.00183857 -4.980862 -3.753718 0.7869151 0.8270692 0.5754694 19.37096 1.087751 0 0.0
0.04017771 -0.03190052 -3.111558 -9.525223 0.5111235 0.4976378 0.5003878 18.84233 1.409401 1 0.0
0.04405371 -0.02800293 -4.078673 -5.716966 1.097497 1.32462 0.8592006 19.09092 1.808573 0 0.0
0.006885165 0.03911308 -1.109958 -7.174701 0.6197179 0.6443257 0.5888614 19.18949 1.292564 1 0.002689701
-0.04587291 -0.03649878 -4.121259 -6.016038 0.6342159 0.6663711 0.5468701 19.16364 1.232912 0 0.0
-0.05326521 0.01063141 -2.734182 -5.512111 0.9795369 1.018719 0.5453624 19.81556 1.430748 1 0.314115
-0.05364699 0.03597804 -7.022309 -0.9732461 0.4837278 0.467203 0.5229013 18.91731 1.390182 0 0.0
0.04321577 -0.04828544 -2.871958 -9.013476 1.470625 1.752379 0.9001083 19.50794 1.146435 0 0.0
0.0465409 0.03573232 -2.72438 -1.65936 1.091183 1.243678 0.8951282 19.03032 1.464027 1 0.0
0.01357548 0.03329143 -1.958987 -4.976012 0.9578158 0.995141 0.5870989 19.84022 1.437737 0 0.0
-0.0421301 0.02831778 -0.4533726 -6.055856 0.4286574 0.4094332 0.4432103 18.71339 1.205667 1 0.0005549971
-0.02984252 0.03904558 1.407373 -3.08184 2.173549 2.182426 0.627214 20.25967 1.319551 0 0.0
-0.01361952 0.05666597 -1.88611 -3.394455 0.7119692 0.7430185 0.5877425 19.39684 0.9718628 0 0.0
-0.01576413 -0.03734934 -1.732144 -5.597846 0.2451621 0.2072919 0.4207327 17.43026 1.604824 1 0.9172211
-0.028606 0.02940989 -0.01592307 -7.814292 0.09725146 0.08403473 0.1910054 16.07057 1.53624 1 0.0
0.03496327 0.01139943 -0.6173138 -6.720281 1.532459 1.852182 0.8590496 19.66774 1.172508 0 0.0
-0.04651481 -0.0008315445 -0.4183813 1.556548 0.3277461 0.3056023 0.6263058 17.80309 1.539703 1 0.0
0.05075263 0.006197646 -2.403251 -3.037821 0.289411 0.3118836 0.6666295 17.41983 1.132105 1 0.0
-0.06224768 0.000393312 -1.978464 -4.954932 0.8310529 0.8680131 0.5639214 19.62361 0.9680214 0 0.0
-0.05713939 0.005682401 0.6240894 -2.939388 0.8569722 0.9069642 0.5589929 19.61942 0.9400387 0 0.0
0.02140588 -0.03185493 -4.078399 -11.52817 1.635138 2.062038 0.8604586 19.74322 0.616396 1 0.01792596
0.0632986 0.005456908 -2.48057 -3.419725 0.4377899 0.4163707 0.4009442 18.57574 1.210556 0 0.0
-0.03708877 -0.04182943 -4.462704 -5.563507 0.6928808 0.7151039 0.5263429 19.32399 0.9637642 0 0.0
-0.03364352 -0.04696706 3.956521 -0.9141311 0.6129261 0.6469852 0.5490968 19.18624 1.436567 1 0.0
-0.04347792 0.02197739 0.2169016 -2.127717 0.2828053 0.257468 0.3953221 16.29479 1.252539 0 0.0
0.005849985 0.0008631583 11.08273 -0.8952205 1.447948 1.486474 0.5056559 19.29519 nan 0 0.0
0.008404211 -0.01574615 -8.37894 -7.373699 0.5668907 0.5698396 0.5150634 18.67167 1.862864 0 0.0
-0.006064768 0.01395519 -2.129882 -5.578398 0.1429686 0.1267619 0.3136925 17.04236 1.575724 0 0.0
0.01489291 -0.003694088 -1.890134 -5.234228 0.55007 0.5314324 0.5106662 19.03692 1.435411 0 0.0
-0.03515225 0.02675545 -0.7215758 -4.357744 1.348593 1.378553 0.6575707 20.06277 0.9253864 1 0.3142045
-0.02096991 0.04372382 2.803728 1.330407 1.158475 1.172261 0.5689364 19.79947 1.421513 0 0.0
-0.03788402 0.04344031 -1.032121 -3.427942 0.45491 0.4017491 0.3188574 18.58188 1.197521 0 0.0
-0.04304875 0.02757558 -6.605192 -8.73981 1.170672 1.17757 0.6746257 19.68565 1.306307 0 0.0
0.0560084 0.01142583 -1.493065 -5.989709 1.271872 1.587256 0.8511808 19.48096 1.21139 0 0.0
-0.006809068 -0.03728385 -1.141634 -3.944683 0.3581872 0.3491759 0.2791146 18.10091 1.218485 0 0.0
-0.009742343 0.05504692 -2.249986 -4.7775 0.417712 0.3789491 0.51378 18.53027 1.520252 1 0.06799862
0.01798951 -0.03796183 -6.069505 -5.22684 0.140761 0.1348336 0.4774203 16.67916 1.639844 1 0.0
0.02784516 0.02397026 1.292667 -0.04538016 0.2498893 0.2335402 0.4034171 17.99345 1.402069 0 0.0
0.01135739 -0.0652115 -1.331022 -2.054124 0.2942754 0.2811621 0.3813667 18.13696 1.365154 0 0.0
0.02359327 0.008279194 -2.100052 -5.572884 0.1219435 0.1143439 0.4050768 16.26465 1.784744 1 0.9898822
0.05174685 -0.0264336 -1.139213 -3.271132 1.328865 1.636941 0.8305768 19.49966 1.394691 1 0.1090593
-0.03168031 0.03888692 -3.099116 -3.076968 0.7583828 0.7873475 0.6035178 19.4299 0.8555183 0 0.0
0.02115501 0.02421543 -1.888521 -2.701182 0.3438633 0.3128919 0.6147591 18.15246 1.577353 1 0.0
-0.06043802 -0.002207613 -6.42314 -9.730647 0.5765576 0.5989294 0.4878402 19.13389 1.327278 1 0.0
0.006108347 0.0003557939 0.4543264 1.027574 1.898627 1.824965 0.4915548 19.60753 nan 0 0.0
0.06501644 -0.00615954 -1.977702 -2.109847 0.08208462 0.07700317 0.554018 14.87591 nan 0 0.0
-0.02394059 -0.0615031 3.945992 -1.407217 0.8945003 1.175749 0.8473567 18.99855 1.428944 0 0.0
-0.01180975 0.05038522 -1.493958 -2.93156 1.564094 1.617527 0.7202357 20.05547 1.021904 0 0.0
-0.002246011 0.004044708 3.725399 -1.275707 0.9869763 0.855781 0.2320852 16.90338 1.477457 0 0.0
0.01549659 0.004591377 -3.318489 -3.990204 0.4294625 0.3751716 0.3810892 18.58595 1.176405 0 0.0
-0.05225467 -0.006570633 -3.30626 -6.3165 0.5958192 0.6169938 0.5844642 19.12642 1.323568 1 0.2463372
0.001342298 -0.04251747 -2.917874 -3.188608 1.484555 1.892739 0.8437263 19.72944 nan 0 0.0
0.006050916 1.247331e-05 2.072273 -2.660917 2.271053 1.780423 0.3470475 19.87464 nan 0 0.0
0.04590199 0.01087022 -3.287593 -3.508087 0.3375474 0.3687094 0.6489186 18.04237 1.382263 1 0.0
0.04651947 -0.03745455 -2.620947 -2.661196 0.0870026 0.0812709 0.3402654 15.57229 1.799137 1 0.0
0.007945502 -0.00399495 -1.102322 0.8622613 0.2742587 0.2504873 0.5122821 17.19818 nan 0 0.0
0.02540301 0.01444537 0.7027626 0.7467832 1.168617 1.180668 0.6725258 19.85651 1.720249 0 0.0
-0.04502784 0.01994945 -5.564671 -5.740996 0.2794858 0.248334 0.3843138 17.96187 1.566338 1 0.0
0.02527766 -0.05156984 0.4898593 -8.386152 0.09043515 0.09169718 0.4738381 15.62 1.671636 1 0.0
0.0007972303 0.008340071 -1.325113 -3.160884 0.90762 0.9507221 0.5671905 19.41411 0.3121338 0 0.0
-0.002590461 6.025111e-05 -2.120859 -5.677269 0.1326793 0.1182997 0.3242131 16.8867 0.6931667 0 0.0
0.005190924 0.0390998 -0.3199406 -2.698478 1.70842 1.702182 0.7928925 20.0239 0.8958035 0 0.0
-0.01783985 0.04434981 -3.427262 -8.401461 1.217331 1.165173 0.5564958 19.84897 nan 0 0.0
-0.008301364 -0.04139998 0.1438115 -11.32153 1.300714 1.279952 0.5806936 20.06046 1.234529 0 0.0
-0.003164624 -0.000693162 -1.861886 -6.067202 0.3531356 0.2821408 -0.09142369 15.85632 nan 0 0.0
0.000624887 -0.01223068 -1.268897 -6.118888 0.618395 0.6319459 0.3724522 19.01313 1.277639 0 0.0
0.01798714 -0.05884729 -5.835473 -5.652063 1.501408 1.870065 0.8439994 19.63086 nan 0 0.0
0.01767889 0.007866067 -0.8181236 -3.095356 1.301693 1.301573 0.7606428 19.54125 1.083593 0 0.0
0.01638087 -0.05080955 -3.676062 -1.767975 1.937595 2.290336 0.8650687 19.78635 1.085196 0 0.0
0.009554669 0.02113428 0.515121 -2.451464 1.661515 1.554026 0.5492408 19.96158 1.004236 0 0.0
-0.03754191 0.05398993 -2.067225 -3.927659 0.494072 0.4545064 0.3722959 18.92043 1.18199 0 0.0
-0.02550332 0.01974016 -2.372012 -5.020262 0.2604388 0.2441897 0.4795093 17.70453 1.436682 1 0.05027423
-0.01959359 0.06065552 4.057026 -4.756028 0.9743059 1.057713 0.5232451 19.73196 1.262678 0 0.0
0.01831052 0.007892698 0.5892075 -4.933473 1.503381 1.489917 0.7968729 19.82315 nan 0 0.0
-0.002044972 -0.001507582 -2.681413 -8.80379 0.946107 0.8687342 0.5717256 18.89379 nan 0 0.0
-0.03276823 0.02294317 -0.390723 -6.140928 0.2540299 0.2238151 0.3827615 17.84121 1.512653 0 0.0
-0.03784535 0.001562572 -0.8874538 -3.454632 0.2233549 0.1963229 0.3874455 17.68 1.335188 1 0.0
0.005246653 -0.01249971 -2.652241 -5.902874 0.1785475 0.1704858 0.4985887 16.88811 1.372421 0 0.0
-0.0487802 -0.00929513 -1.425073 -11.46703 1.014853 0.9629499 0.567467 19.84801 1.221395 1 0.0
-0.0207103 0.03477267 -8.444131 -12.61169 1.258427 1.266967 0.5560819 19.97019 1.07 0 0.0
-0.05518536 0.0006228957 -3.600794 -6.640684 0.09057176 0.0780184 0.2940737 15.91813 1.871702 1 0.0
0.03347018 0.01082755 -2.092875 -5.582142 0.1691568 0.1619036 0.5095017 17.03925 1.581141 1 0.9768265
0.01836748 0.003892982 2.229566 0.4360653 1.889451 2.209809 0.8593783 19.96471 nan 0 0.0
-0.03229324 -0.05364059 -2.478226 -7.299715 0.9835607 1.141812 0.7324374 19.30614 1.422472 0 0.0
0.001515111 0.02098769 -2.052681 -0.498503 0.8506762 0.8661893 0.6133409 19.6002 1.287045 1 0.0
-0.00994344 0.05610739 -3.78693 -10.05009 0.7191213 0.7426645 0.7181501 19.08343 1.343559 1 0.0
0.025667 0.04904844 -1.226697 -6.05824 0.9011199 0.9359609 0.5988415 19.4947 nan 0 0.0
0.007515184 0.002440466 -1.636045 -5.494241 0.2413971 0.2158718 0.3978596 17.84065 1.357859 0 0.0
0.03229635 0.02716614 -3.960758 -4.624298 1.093321 1.115141 0.5207138 19.73289 1.621279 0 0.0
0.02382372 0.01338895 -4.645738 -3.942189 0.4906981 0.4450863 0.4303908 18.84121 1.556099 1 0.0
-0.007556633 -0.009776104 0.6227859 -3.219138 1.526633 1.45991 0.5991452 19.96928 1.488359 0 0.0
0.05240232 -0.04072176 -2.343592 -6.91888 0.4902271 0.468885 0.5560405 18.79703 1.315027 0 0.0
0.02456974 0.010318 -1.169456 -4.600092 0.3586769 0.3909666 0.6673148 17.89257 1.614304 0 0.0
0.05439601 -0.001965104 -3.687997 -6.101098 1.511465 1.824806 0.8649864 19.66387 1.606976 0 0.0
0.006623532 -0.03741354 -6.212021 -4.990961 0.323448 0.3126383 0.432254 18.25149 1.475922 1 0.0
-0.03122442 0.05710218 2.734944 0.4285223 0.6308284 0.656756 0.5730676 19.16914 1.741673 1 0.0
0.05575333 0.0209207 -2.342858 -5.607772 0.2265911 0.2194901 0.5221533 17.63286 1.526333 1 0.729637
-0.02357436 -0.01547111 0.3399664 -7.477745 0.1873485 0.163748 0.402622 17.3559 1.525061 1 0.0
0.03997845 -0.0252877 -1.424199 -13.76755 1.655485 2.084974 0.8347018 19.89892 nan 0 0.0
0.03555286 -0.04818436 -6.472161 -5.712815 0.1052426 0.1006463 0.4068779 16.25135 1.670012 1 0.0
0.001543541 -0.008061226 2.948647 -1.284121 0.657397 0.6944855 0.5913288 19.11294 nan 0 0.0
0.05527916 -0.02152146 -5.861584 -6.045075 1.714581 1.589622 0.6629122 20.19111 1.143593 0 0.0
