data/gcs/Pal_8.ecsv
# %ECSV 0.9
# ---
# datatype:
# - {name: x, unit: deg, datatype: float64}
# - {name: y, unit: deg, datatype: float64}
# - {name: pmx, unit: mas / yr, datatype: float64}
# - {name: pmy, unit: mas / yr, datatype: float64}
# - {name: pmx_e, unit: mas / yr, datatype: float64}
# - {name: pmy_e, unit: mas / yr, datatype: float64}
# - {name: pm_corr, datatype: float64}
# - {name: g_mag, unit: mag, datatype: float64}
# - {name: bp_rp, unit: mag, datatype: float64}
# - {name: filter, datatype: int64}
# - {name: memberprob, datatype: float64}
# meta: !!omap
# - comments: [deg deg mas/yr mas/yr mas/yr mas/yr dimless mag   mag   zeroone float]
# - __serialized_columns__:
#     bp_rp:
#       __class__: astropy.units.quantity.Quantity
#       unit: &id001 !astropy.units.Unit {unit: mag}
#       value: !astropy.table.SerializedColumn {name: bp_rp}
#     g_mag:
#       __class__: astropy.units.quantity.Quantity
#       unit: *id001
#       value: !astropy.table.SerializedColumn {name: g_mag}
#     pmx:
#       __class__: astropy.units.quantity.Quantity
#       unit: !astropy.units.Unit {unit: mas / yr}
#       value: !astropy.table.SerializedColumn {name: pmx}
#     pmx_e:
#       __class__: astropy.units.quantity.Quantity
#       unit: !astropy.units.Unit {unit: mas / yr}
#       value: !astropy.table.SerializedColumn {name: pmx_e}
#     pmy:
#       __class__: astropy.units.quantity.Quantity
#       unit: !astropy.units.Unit {unit: mas / yr}
#       value: !astropy.table.SerializedColumn {name: pmy}
#     pmy_e:
#       __class__: astropy.units.quantity.Quantity
#       unit: !astropy.units.Unit {unit: mas / yr}
#       value: !astropy.table.SerializedColumn {name: pmy_e}
#     x:
#       __class__: astropy.units.quantity.Quantity
#       unit: &id002 !astropy.units.Unit {unit: deg}
#       value: !astropy.table.SerializedColumn {name: x}
#     y:
#       __class__: astropy.units.quantity.Quantity
#       unit: *id002
#       value: !astropy.table.SerializedColumn {name: y}
# schema: astropy-2.0
x y pmx pmy pmx_e pmy_e pm_corr g_mag bp_rp filter memberprob
[from data line 2835]
-0.02124493 -0.04710606 -1.138889 -1.514621 0.1887545 0.1639341 0.3422595 17.13873 1.186527 1 0.0
-0.03977369 0.02088926 -4.846701 -5.422615 0.3380068 0.3209208 0.4469222 18.46848 1.559507 1 0.0
0.05064927 0.04227136 -0.9153288 -11.78613 1.298125 1.583967 0.8547524 19.33013 1.51281 0 0.0
-0.0202544 0.06269821 1.974499 -1.006451 1.013018 0.9278734 0.3766283 19.6231 nan 0 0.0
-0.01860504 -0.04244989 -1.569678 -8.199921 0.8918335 0.8082273 0.3872693 19.37138 nan 0 0.0
-0.06066735 -0.003106062 -3.998824 -3.039157 1.170511 1.175209 0.6038878 19.97762 0.954174 1 0.000210781
0.04309167 0.02323635 -9.581639 -8.611691 1.337002 1.653933 0.8309548 19.46585 0.961731 0 0.0
0.008262419 0.01768777 -0.9246497 -3.75864 1.089582 1.114597 0.6211016 19.81582 1.375542 0 0.0
-0.04135248 0.01930767 -1.402382 -4.759708 0.5749187 0.596928 0.5623818 19.01089 1.244301 0 0.0
-0.02069964 -0.0469534 2.118268 -4.621907 1.19364 1.38974 0.8899488 19.02941 nan 0 0.0
0.04745546 0.02120568 -3.503273 -3.697672 0.4036651 0.3881041 0.355241 18.59977 1.35854 1 0.0
-0.02782294 -0.01505218 -1.272347 -2.46919 0.3754718 0.3310229 0.2669289 18.48775 1.193573 0 0.0
0.02302572 0.05428452 -5.536011 -4.364225 0.8809969 0.914877 0.5893091 19.45887 0.9640789 0 0.0
0.01701469 -0.02819991 -0.9306018 -5.184235 0.4151246 0.4093085 0.5093009 18.66717 1.552397 1 0.3552187
0.03232409 0.02234245 -9.01923 -10.39366 1.503355 1.797153 0.845165 19.74512 1.241413 0 0.0
-0.009654938 0.03445329 -2.17226 -5.440143 0.4483617 0.415522 0.4566993 17.78879 1.494387 0 0.0
0.01443446 0.006075394 -0.2397003 -4.189976 0.8664578 0.8591354 0.3795221 19.50699 1.044228 0 0.0
0.03248918 -0.01282147 -0.9245678 -5.033655 1.241174 1.506708 0.8538531 19.41608 1.08408 0 0.0
-0.006122252 0.01552684 -3.16057 -0.4825988 0.2834701 0.2546398 0.5243219 17.6757 nan 0 0.0
0.007314354 0.005394958 -3.581747 -7.09213 0.1603598 0.1427461 0.3140374 16.85069 nan 0 0.0
-0.02145 -0.01628143 -2.442541 -5.796299 0.3383238 0.299844 0.3276839 18.414 1.436848 0 0.0
0.03490799 0.02116125 -0.05395729 -3.975175 1.201381 1.385252 0.8932994 19.20411 1.384718 0 0.0
0.05005154 -0.03201586 -9.408891 -5.354803 1.996105 2.441177 0.8848715 19.86262 1.19128 0 0.0
-0.02437179 -0.05676341 -0.7281677 -2.224188 0.9719048 1.253291 0.8608464 19.09299 nan 0 0.0
-0.03106785 -0.009321198 7.029072 -4.991059 0.8200742 0.8289869 0.570362 19.40431 1.317644 0 0.0
0.01308596 0.0166117 -8.031724 -8.159975 1.293409 1.292564 0.601276 19.95832 1.296785 0 0.0
0.03772099 0.01757479 -1.861291 -3.567664 1.28726 1.547147 0.8535672 19.278 1.188616 0 0.0
-0.005001773 -0.007445223 -13.45395 -16.80451 1.335103 1.630917 0.8352404 19.35774 nan 0 0.0
0.03108961 0.02324105 -4.140676 -2.653883 0.5259698 0.488741 0.4953411 18.97126 1.216232 0 0.0
-0.0378099 -0.02672531 -5.206971 -5.887088 0.7409167 0.7478906 0.5788747 19.40417 1.166374 1 9.104244e-05
0.0395928 0.03979304 -1.631086 -4.879561 1.757122 1.719337 0.7388257 20.04874 0.9885387 0 0.0
-0.02458251 0.006747443 -2.730674 -5.263466 0.8682812 0.8975164 0.5579589 19.48784 1.268402 0 0.0
-0.0423388 -0.05048629 -1.033928 -8.09705 0.4434024 0.4220489 0.394265 18.68175 nan 0 0.0
0.05796407 0.02055561 -4.118913 -6.431355 1.416515 1.625172 0.8992125 19.33368 nan 0 0.0
0.02468645 0.02235145 -5.005313 -22.45426 0.9037312 0.9370186 0.6911562 19.4116 2.317789 0 0.0
0.03149227 0.0266742 -2.642929 -5.914456 0.4397644 0.4048058 0.4776527 18.71767 1.388334 0 0.0
0.02318418 -0.04070336 0.45353 -5.693982 0.2432593 0.2346756 0.5046857 17.7133 1.402744 1 0.0
0.0143484 0.00686123 5.64354 -3.309229 1.179218 1.19982 0.2681982 19.86677 nan 0 0.0
-0.02446175 -0.03170659 -1.566646 -5.052916 1.906243 1.889384 0.6753175 20.17787 0.8481464 1 0.3341864
0.0597473 0.02868597 -0.4537695 -3.586218 0.4423286 0.4335673 0.5124315 18.71106 1.219591 1 8.579315e-05
0.04498 -0.0005678886 1.464792 -1.537965 0.4890937 0.4535098 0.5360142 18.50976 nan 0 0.0
-0.00600648 -0.008959693 -1.572005 -2.846355 0.3340326 0.3043449 0.4271872 18.23911 nan 0 0.0
0.02559846 -0.01993462 -4.344104 -4.296168 0.4797288 0.4622973 0.5801499 18.72486 1.422709 1 0.0
-0.01614252 0.01443514 -4.657864 -5.689039 0.3721577 0.3295315 0.3315406 18.54929 1.249146 0 0.0
0.001658385 -0.00667077 1.620619 -4.041526 1.736123 1.665612 0.5530655 19.75142 nan 0 0.0
-0.04610113 -0.04133206 -1.295357 -1.048017 1.232868 1.25444 0.5678831 20.05593 0.8233204 0 0.0
-0.03539752 -0.03228276 -3.782716 -2.504526 1.05342 1.044833 0.6568953 19.72062 nan 0 0.0
-0.00485752 -0.03080452 0.9942285 -1.899491 0.774927 0.8095031 0.4951924 18.60068 1.345984 0 0.0
0.0273464 -0.03778006 1.211863 -2.660276 1.328554 1.518453 0.9005189 19.31322 1.42057 1 0.1077724
0.02062695 -0.06213397 -1.956851 -4.686637 0.2408971 0.232381 0.4429885 17.66736 1.206923 1 0.001547292
-0.03055412 0.006242867 -2.854894 -6.208609 0.6555293 0.6644705 0.579807 19.17877 nan 0 0.0
-0.009020909 -0.006037777 -4.642656 -7.515611 1.722048 2.18245 0.8521665 19.76719 nan 0 0.0
0.01942637 -0.02363209 -1.57364 -2.586651 0.3727424 0.3628317 0.4641213 18.47293 1.331196 0 0.0
-0.002102841 0.03264159 -3.71821 -8.631354 2.046617 2.031752 0.6941368 20.18849 1.081102 0 0.0
0.0526097 -0.02120393 3.143998 2.369432 0.5189469 0.4939289 0.3413218 18.68491 1.575869 0 0.0
0.02858581 -0.008807655 -4.64836 -8.228836 1.068163 1.323703 0.8259143 19.25389 nan 0 0.0
0.01908021 -0.03780174 1.954401 -4.591106 0.2847244 0.2762064 0.4985319 17.81823 1.44989 0 0.0
-0.003422764 -0.01179966 -2.139115 -5.662462 0.1519289 0.1348139 0.3155264 16.99309 1.607719 0 0.0
0.04953808 -0.02179803 2.426653 -4.517488 1.071005 1.27725 0.8724156 19.22816 1.287941 1 0.0
0.01899125 -0.06159971 -0.05008139 -4.910949 0.4035854 0.3943152 0.4904535 18.33315 1.823055 1 0.0001149738
-0.04283702 -0.01222883 -4.45494 -6.566747 1.012806 1.033428 0.768665 19.33911 1.272333 1 0.06978013
0.04141433 -0.02274557 -4.033353 -10.01969 0.6565822 0.7405595 0.7290316 19.036 1.491293 1 1.530537e-06
-0.01332371 -0.04615152 0.2676849 -0.1925296 1.499408 1.837065 0.8668416 19.65977 1.269669 1 0.005421264
-0.002303293 -0.005455797 0.08270503 -2.307834 1.360862 1.401005 0.4953369 19.23057 nan 0 0.0
0.04784288 -0.02712283 0.4364721 -3.27256 1.020377 1.24244 0.8394753 19.20195 1.320208 0 0.0
-0.01364247 -0.0106825 -2.838572 -6.554075 0.8367468 0.8778918 0.6648755 19.46599 1.519655 0 0.0
-0.002792188 0.04359548 1.343386 -6.952777 1.049524 1.096815 0.6108323 19.90592 nan 0 0.0
0.04873178 -0.03014244 -0.2227961 -1.158935 0.340724 0.3285732 0.5048779 18.27173 1.313564 1 0.0
-0.02581675 0.004944803 0.4809133 -7.561535 1.341234 1.672934 0.8491664 19.61832 1.500557 0 0.0
0.05270788 0.01516918 -1.158791 -6.050455 1.046917 1.298568 0.8572318 19.10951 1.243273 1 0.1183025
0.05185209 0.03222878 -1.129009 -6.321886 0.3692923 0.3566871 0.4288679 18.51455 1.22286 1 0.003942383
0.01715541 -0.05402542 -1.605884 -6.641697 0.35413 0.3409149 0.4347826 18.34175 1.607168 1 0.006634255
-0.005059413 -0.0003861279 1.945261 0.2208361 2.701551 2.50351 0.534835 19.75916 nan 0 0.0
0.03503647 -0.04720578 -4.662536 0.3761033 1.066638 1.361509 0.8387233 19.15807 1.408417 0 0.0
-0.03178988 0.01240336 -3.086226 -6.870291 0.9462709 0.9000171 0.4060466 19.77385 1.208351 0 0.0
-0.02451519 -0.05732992 -4.281932 -2.750133 0.4443852 0.4312882 0.42311 18.70893 1.317583 0 0.0
-0.02240817 0.06095651 -1.459666 -5.197106 1.006026 1.057082 0.5196411 19.8596 1.331039 1 0.243937
-0.02922885 -0.01877939 -2.721705 -4.613364 2.022725 1.967442 0.7369901 20.17472 0.9301395 0 0.0
-0.01926508 -0.04324724 6.822651 -3.080316 1.359984 1.362165 0.4766307 19.47025 1.335583 0 0.0
0.04078485 -0.01488713 -5.211495 -1.506002 0.3108171 0.3001404 0.4549489 18.26577 1.320034 1 0.0
-0.01953253 0.03112406 -5.928354 -4.303909 0.907126 0.9339982 0.7510431 19.26901 1.231369 0 0.0
0.03816482 -0.04716263 -0.2030064 -3.154078 0.3385395 0.3346667 0.5721501 17.93885 nan 0 0.0
-0.006582645 0.03985505 -4.305377 -3.941054 1.978472 1.93363 0.747345 20.21589 1.056818 0 0.0
-0.0410048 0.007180837 4.126851 -9.942661 0.1914035 0.168626 0.4327752 17.07206 1.278761 1 0.0
0.01021289 -0.0126182 1.704711 -0.568818 1.791749 2.023908 0.9059867 19.66608 1.140646 0 0.0
-0.01972758 -0.01682099 -3.925063 -3.65383 1.831179 1.6777 0.6848332 20.0793 1.840481 0 0.0
0.05804725 0.01244362 -3.657072 -2.312238 0.4796574 0.4570643 0.4133919 18.91635 1.249344 1 0.0
-0.003883478 0.04580416 -4.47166 -13.27895 0.2251958 0.2013666 0.4318803 17.58656 1.479488 0 0.0
-0.01854608 -0.05581086 0.9478803 -5.186582 1.523162 1.871728 0.8895654 19.46306 1.134228 1 0.001806065
0.03558751 -0.02163027 -4.883596 -6.138386 0.4617451 0.446318 0.4535247 18.67921 1.342674 0 0.0
-0.05871188 -0.01205652 -6.705992 -2.453889 1.985617 1.884421 0.7814247 20.16288 0.5269909 0 0.0
-0.002820264 0.007491277 -1.04435 -3.814988 1.084893 1.05895 0.6535948 19.36061 nan 0 0.0
0.02930241 -0.01465381 -2.352071 -4.21737 2.16351 2.569941 0.9011348 20.02528 1.076416 0 0.0
-0.0217599 -0.05904803 -4.705672 -4.371671 0.7347786 0.8498056 0.6608894 19.03173 1.198368 0 0.0
0.002003023 0.00484389 -2.347682 -4.84503 1.493513 1.443939 0.7426713 19.66455 nan 0 0.0
-0.01560183 0.06370772 -2.491431 -4.549119 0.6029811 0.6243524 0.5733703 19.10924 1.689934 0 0.0
0.01587337 0.04021679 -5.232147 -9.917317 0.9037118 0.9298846 0.5486605 19.53732 0.3783703 0 0.0
0.03611773 0.03790941 -4.382145 -1.891541 0.3005519 0.2796548 0.3867568 18.24365 1.403576 1 0.0
0.03621875 -0.02282441 -7.256272 -6.473683 1.368727 1.657577 0.8608831 19.64728 1.335573 0 0.0
0.0307661 -0.01633827 -0.7205252 -3.797329 0.3671682 0.35702 0.5327654 18.17669 1.56278 0 0.0
0.02806691 -0.02105465 1.101934 1.574771 1.194535 1.402757 0.8699405 19.33219 0.9726257 0 0.0
0.02315837 -0.02089555 -1.670972 -2.967683 0.4114101 0.400417 0.4726321 18.73579 1.238111 0 0.0
0.03982282 0.04096219 -1.732912 -5.506005 0.925427 0.9749531 0.5693894 19.69469 1.098856 0 0.0
0.06105533 -0.004708383 2.264603 -4.167322 0.2631238 0.2639588 0.5831119 17.69777 1.264412 0 0.0
0.03929054 -0.02129735 -0.6817397 -2.696672 0.3149059 0.3055945 0.4728804 18.30638 1.627026 1 0.0
-0.0294234 -0.05320706 1.376349 -1.133455 0.7863598 0.7993847 0.5488941 19.40162 1.536568 0 0.0
-0.04806002 -0.01756708 1.893652 -6.960854 1.082319 1.085994 0.4875529 19.63195 nan 0 0.0
0.003181007 0.04907146 -5.464244 -8.898029 1.384667 1.341618 0.4961491 20.15591 nan 0 0.0
0.02330354 -0.009672729 -5.020598 -8.849414 0.6495626 0.5804228 0.3663504 18.90277 nan 0 0.0
-0.040799 -0.01164273 -3.834382 -3.716817 0.4051246 0.356266 0.2965494 18.57353 1.426754 0 0.0
0.03793895 -0.03153758 -2.206224 -8.162243 0.3017565 0.2850572 0.4141608 18.18138 1.610764 1 0.0
0.0235044 -0.01026594 -5.000436 -4.724143 0.4450819 0.4118325 0.3810789 18.72148 1.4086 0 0.0
-0.05351147 -0.02537751 1.882948 -5.874719 1.852999 1.757437 0.7204475 20.01981 0.8836689 0 0.0
0.007345731 0.0632124 3.634907 0.6725691 1.044989 1.084449 0.5553982 19.65686 nan 0 0.0
0.03868656 -0.02610563 -5.665891 -4.731976 0.9523566 1.155299 0.8590684 19.1314 1.426056 0 0.0
0.03515514 -0.02974403 -2.710636 -4.578179 0.389977 0.3770341 0.4604518 18.642 1.675039 0 0.0
0.03923905 0.002693291 -0.3096362 -4.043162 1.354407 1.635795 0.8603038 19.5525 1.571611 0 0.0
0.03254365 -0.02719144 -0.7062671 -8.289965 0.4180331 0.4019076 0.4569992 18.73252 1.432175 0 0.0
0.01816932 0.0284463 -5.60248 -8.753427 1.036111 1.030302 0.5189893 19.92547 1.00181 1 0.01907124
-0.05914805 0.002910289 -6.561269 -6.757271 0.7579548 0.7964981 0.6019581 19.37079 1.289713 1 0.0
0.02351245 0.04417169 -1.735313 -5.473404 0.2684774 0.2477603 0.3534833 18.06193 1.389858 1 0.8496283
-0.03189052 -0.05827536 0.4784807 -3.000108 0.5089517 0.4590562 0.3336676 18.96755 1.092213 0 0.0
0.0374233 -0.027265 -0.218926 -4.465649 1.436801 1.609898 0.8913047 19.28276 1.135229 0 0.0
0.01781926 -0.02046761 -2.429947 -6.081169 0.4261855 0.4153493 0.4774442 18.75429 nan 0 0.0
0.06105526 -0.004899118 -0.5019341 -2.944678 0.8177951 0.6921826 0.3040359 18.9544 nan 0 0.0
0.03024679 -0.03001768 1.172227 -3.944473 1.18884 1.436458 0.8610986 19.45366 1.457533 0 0.0
-0.01518968 -0.04162555 -3.097255 -3.647303 1.743287 2.073914 0.8708086 19.88322 1.604427 1 0.01288896
0.02425701 0.0305493 1.454066 -7.464882 0.514005 0.4810785 0.4081053 18.96389 1.350161 1 0.0
0.02927145 -0.02688944 0.8194497 1.639925 1.461818 1.797165 0.8658588 19.70154 nan 0 0.0
-0.01613554 -0.0542542 -2.4185 -6.405867 1.623437 1.951259 0.8774599 19.57781 0.5252609 0 0.0
-0.0161397 -0.01335112 -4.736532 -2.656127 0.9516806 0.981101 0.5001512 19.63375 1.156996 0 0.0
0.03419163 0.02793249 -2.457379 -6.516359 0.9952958 0.9742834 0.5636634 19.63081 1.623934 0 0.0
0.01127636 0.006037503 -3.352995 -9.0485 0.4761923 0.414183 0.2575326 18.35806 1.310183 0 0.0
-0.0291366 -0.0521923 -2.141041 -4.218118 0.8004768 0.8071853 0.5359644 19.44011 1.060055 0 0.0
-0.05404296 0.01815945 0.002111828 -3.340344 0.3768654 0.3310872 0.2997814 18.54926 1.277008 0 0.0
-0.0006955242 -0.03415565 -4.743062 -4.468328 1.287462 1.608307 0.850813 19.52354 1.44101 0 0.0
0.03177906 0.02490985 0.5091305 -2.283262 0.5582459 0.5549688 0.5962705 19.02177 1.830883 0 0.0
-0.0003223891 -0.03404693 -2.137453 -4.017945 1.782569 2.16466 0.867401 19.80744 nan 0 0.0
-0.01378372 -0.03695052 2.84007 3.04247 1.748361 2.017871 0.8895222 19.57417 nan 0 0.0
0.01873957 -0.005727728 -2.10255 -5.977156 0.2087636 0.2004391 0.4191084 17.08343 1.632828 0 0.0
0.01662235 0.06290462 -4.781766 -4.405631 1.63532 1.569904 0.7086624 20.10467 nan 0 0.0
-0.02377075 -0.04584375 -1.079043 -2.790311 0.9694616 0.97625 0.5501795 19.72194 nan 0 0.0
0.04817467 0.02582888 -2.438635 -5.846056 1.006735 1.215018 0.8528378 19.16589 nan 0 0.0
0.03417878 -0.03177514 -6.866187 -7.55993 0.5032069 0.4892532 0.4763254 18.87577 1.292744 0 0.0
0.02496619 -0.02466474 -5.548556 -8.166807 1.188288 1.442647 0.8609433 19.43356 1.070408 0 0.0
-0.005660518 -0.05027475 -4.780246 -6.623062 0.110139 0.1081976 0.4179472 16.27251 1.635575 1 0.0
0.02758039 -0.01264125 -2.345643 -5.794603 0.3228833 0.3160885 0.4734716 18.31999 1.642391 1 0.9250373
0.05522544 -0.01091849 3.250047 -5.296976 1.050941 0.9787918 0.4690771 19.93085 nan 0 0.0
0.01027496 0.05950436 -1.22587 -2.419027 0.6664296 0.6819725 0.5723408 19.2673 nan 0 0.0
0.02789413 -0.02416741 5.521999 3.113265 0.5293311 0.5104185 0.5029471 18.74396 1.470552 0 0.0
0.01659372 0.06377628 -5.623407 0.9742806 1.064739 1.0909 0.5819797 19.77499 nan 0 0.0
-0.0008966489 0.002282331 -1.353069 -4.975683 0.9307525 0.945331 0.5138857 19.28554 1.327219 0 0.0
-0.01551546 0.06153716 3.446158 -3.429956 0.8530293 0.8865996 0.5664938 19.5512 1.517601 0 0.0
-0.02753261 -0.03387194 -1.457193 -4.861054 0.4089338 0.3813658 0.4083681 18.69411 1.273247 1 0.459342
-0.009826392 0.02089775 0.421446 -1.722545 0.2919685 0.2604183 0.3293286 18.15215 nan 0 0.0
0.05405519 0.008872567 -1.534484 -3.007796 0.3956688 0.3877114 0.4886236 18.39633 1.610119 0 0.0
0.02731694 -0.04219557 0.7024612 0.3020419 0.2945185 0.2860007 0.4636619 18.1711 1.232965 0 0.0
-0.02882752 -0.01575998 -2.313596 -6.478578 0.378463 0.3320492 0.2817274 18.37306 1.491182 1 0.5024884
0.0274648 -0.01706437 -1.852326 -6.233406 0.3152286 0.3006858 0.4484774 18.28963 1.467997 0 0.0
0.03027641 -0.02519781 -3.76202 -3.351382 0.9096868 0.8877495 0.4511658 18.50164 1.214603 0 0.0
-0.01889222 -0.0410671 4.43663 -9.078032 0.9563038 0.8756423 0.5082067 19.77693 0.9603195 0 0.0
0.007227971 -0.0001973842 -1.158043 -6.362873 0.2084492 0.1842121 0.2454546 16.86857 1.625916 0 0.0
-0.001298447 -0.01392251 -2.711398 -6.341188 0.4583797 0.4166821 0.6397748 18.49173 1.409161 0 0.0
-0.0001501448 -0.06348494 -3.750191 -9.914946 0.5206719 0.5040268 0.430742 18.86686 1.221064 1 0.0
-0.01952389 -0.03913312 -2.932422 -4.496595 0.7084998 0.7304058 0.5804497 19.3611 1.13814 0 0.0
0.01856197 -0.05144685 -4.485382 -1.900323 0.2728111 0.2624236 0.6045569 17.46553 nan 0 0.0
-0.02273635 -0.05408907 4.940447 -9.292309 2.034918 2.552602 0.8581481 20.04214 nan 0 0.0
