data/gcs/Pal_3.ecsv
# %ECSV 0.9
# ---
# datatype:
# - {name: x, unit: deg, datatype: float64}
# - {name: y, unit: deg, datatype: float64}
# - {name: pmx, unit: mas / yr, datatype: float64}
# - {name: pmy, unit: mas / yr, datatype: float64}
# - {name: pmx_e, unit: mas / yr, datatype: float64}
# - {name: pmy_e, unit: mas / yr, datatype: float64}
# - {name: pm_corr, datatype: float64}
# - {name: g_mag, unit: mag, datatype: float64}
# - {name: bp_rp, unit: mag, datatype: float64}
# - {name: filter, datatype: int64}
# - {name: memberprob, datatype: float64}
# meta: !!omap
# - comments: [deg deg mas/yr mas/yr mas/yr mas/yr dimless mag   mag   zeroone float]
# - __serialized_columns__:
#     bp_rp:
#       __class__: astropy.units.quantity.Quantity
#       unit: &id001 !astropy.units.Unit {unit: mag}
#       value: !astropy.table.SerializedColumn {name: bp_rp}
#     g_mag:
#       __class__: astropy.units.quantity.Quantity
#       unit: *id001
#       value: !astropy.table.SerializedColumn {name: g_mag}
#     pmx:
#       __class__: astropy.units.quantity.Quantity
#       unit: !astropy.units.Unit {unit: mas / yr}
#       value: !astropy.table.SerializedColumn {name: pmx}
#     pmx_e:
#       __class__: astropy.units.quantity.Quantity
#       unit: !astropy.units.Unit {unit: mas / yr}
#       value: !astropy.table.SerializedColumn {name: pmx_e}
#     pmy:
#       __class__: astropy.units.quantity.Quantity
#       unit: !astropy.units.Unit {unit: mas / yr}
#       value: !astropy.table.SerializedColumn {name: pmy}
#     pmy_e:
#       __class__: astropy.units.quantity.Quantity
#       unit: !astropy.units.Unit {unit: mas / yr}
#       value: !astropy.table.SerializedColumn {name: pmy_e}
#     x:
#       __class__: astropy.units.quantity.Quantity
#       unit: &id002 !astropy.units.Unit {unit: deg}
#       value: !astropy.table.SerializedColumn {name: x}
#     y:
#       __class__: astropy.units.quantity.Quantity
#       unit: *id002
#       value: !astropy.table.SerializedColumn {name: y}
# schema: astropy-2.0
x y pmx pmy pmx_e pmy_e pm_corr g_mag bp_rp filter memberprob
0.01034923 0.003090766 -15.57811 8.7462 0.667476 0.7623049 -0.504788 18.84293 1.996857 1 0.0
0.022541 0.002671347 0.4264766 -0.4468502 0.3536281 0.4025554 -0.5049065 18.00699 1.384497 1 0.9976496
-0.005214719 -0.01116122 1.109365 -2.168842 1.849105 2.802111 -0.6496919 20.243 0.160574 1 0.9896355
-0.001186401 -0.02604727 -6.887215 3.901168 0.582275 0.7290315 -0.398599 18.78981 2.283962 1 0.0
0.009677848 0.002546888 -0.9922735 2.696552 1.986012 2.453782 -0.6654495 20.33451 0.2077141 1 0.9944709
-0.006023434 -0.01131353 -2.478957 -0.864435 1.424511 2.179807 -0.3888943 19.91335 0.9847851 1 0.9419929
-0.01209643 -0.009102124 -0.8396307 0.7560287 1.432084 1.94579 -0.5014811 20.00562 1.184893 1 0.9903074
-0.01205065 -0.002039607 2.147131 1.053021 1.899704 2.840928 -0.3818537 20.3481 0.7254448 1 0.9896318
0.01500316 -0.00978099 1.511332 -1.019434 2.04392 2.249214 -0.615189 20.29487 0.4279079 1 0.9808112
0.02669138 0.009752404 1.545982 -2.325211 1.856338 2.297637 -0.5967367 20.4132 1.09396 1 0.8970284
-0.006771117 -0.03712841 0.9742811 -1.640909 1.734538 2.172605 -0.4615307 20.09741 1.148506 0 0.0
0.004032103 -0.01789141 -0.5456499 -4.462796 0.1790563 0.2271618 -0.6348022 16.56775 0.8188572 1 0.0
0.01710888 -0.01221282 1.322261 -2.5442 1.594516 2.141946 -0.4338991 20.22493 0.6689167 1 0.9532641
0.01161571 -0.005883078 0.8726407 -1.371253 1.782211 2.22338 -0.6323015 20.309 0.586338 1 0.991503
-0.01072314 -0.009031582 -1.15235 5.25532 1.824085 2.267805 -0.5994895 20.35151 0.7717495 1 0.9701667
0.01738353 -0.0006908784 0.5291435 -2.459067 1.853474 2.300123 -0.6278338 20.34603 0.6157856 1 0.9679485
0.01901622 -0.005103708 -0.1499839 0.1495617 0.3061713 0.3443114 -0.4608911 17.6687 1.419212 1 0.9991122
-0.04063034 -0.00333956 0.7679805 0.7518425 1.87448 2.26511 -0.5683278 20.34154 0.3791599 1 0.8003794
0.0122871 -0.003158781 -0.07041717 -1.960324 0.7343237 1.052703 -0.2823969 19.04762 1.143986 1 0.9893292
-0.003353143 0.04414243 -4.224066 3.73372 0.3960081 0.4003873 -0.4151193 18.06171 1.263504 1 0.0
-0.01397325 0.008485963 -0.4610686 0.2865454 1.914817 2.18378 -0.5296287 20.34533 0.4777813 0 0.0
-0.0250206 0.01119153 -8.287496 -1.127913 1.238687 1.353326 0.3699379 19.03477 2.118473 1 0.0
-0.01189806 0.005077151 -0.6205076 0.7594341 1.431889 2.105808 -0.3442375 19.99114 0.8837833 1 0.9928428
-0.005153683 -0.001946856 -4.923674 -5.475977 0.3277032 0.4174772 -0.645264 17.66936 1.277718 1 0.0
-0.0004844967 -0.0003566486 0.4129491 -0.09242608 0.3130469 0.3473274 -0.4738438 17.87525 1.39518 1 0.9999091
-0.008312247 0.01201496 4.28043 -35.00764 2.237944 2.776637 -0.629903 20.36436 1.709677 0 0.0
-0.003658323 -0.004403856 0.4065319 -0.6471913 0.4270819 0.5446218 -0.6416233 18.13657 1.364309 1 0.9997673
-0.01705552 0.01162382 -1.112223 -0.8150172 1.930226 2.337106 -0.6214164 20.28759 0.9938927 1 0.9450001
-0.002666502 -0.0002700132 -0.4977175 0.0801902 0.4783966 0.5777421 -0.5684992 18.43756 1.205263 1 0.9997293
-0.000804931 0.002632346 -1.618072 4.533332 1.49969 1.845242 -0.5905492 20.09565 0.815155 1 0.9938847
-0.004451777 0.01845285 -2.405699 -7.389304 0.7043222 0.7805661 -0.504091 18.98308 0.9284706 1 0.0
0.00578686 0.004502732 -0.1584874 -0.06597625 0.616096 0.7138307 -0.5328978 18.87602 1.101538 1 0.9995879
-0.001384765 -0.001076434 -0.5885625 2.654967 2.509799 2.874204 -0.6427295 20.38405 0.6146965 1 0.997523
-0.008647942 0.0008600544 -0.08288183 1.749031 1.863029 2.314773 -0.6483757 20.30867 0.4424 1 0.996424
0.01112743 0.005813775 0.4829936 -0.2643023 1.528679 1.920968 -0.5473748 20.1117 1.083998 1 0.9947705
0.006366692 0.01333271 2.152247 -4.384677 2.01462 2.486915 -0.5965726 20.46457 0.9596786 1 0.9593179
0.01761241 0.01447363 -0.8388138 -0.06233719 1.960225 2.531052 -0.6805882 20.31466 0.4289513 1 0.9513472
-0.005550408 0.01984398 -1.086896 2.922772 1.566708 2.107702 -0.4732891 20.04432 0.7037697 1 0.969081
-0.01632311 0.00481285 1.569889 -1.610529 2.193478 2.405974 -0.5929159 20.31773 0.5511456 1 0.978678
-0.00480273 0.005292583 -5.011357 1.64119 2.361957 3.197458 -0.7057098 20.51102 0.7918053 1 0.9187371
0.006854974 0.005483206 2.213791 1.555554 1.868302 2.296249 -0.6075051 20.32374 0.7212276 0 0.0
0.0005988765 0.001991648 -1.150391 3.734253 1.820828 2.201033 -0.6055598 20.32542 0.844656 1 0.9972179
-0.0006065669 0.0009493711 1.647673 -0.1880868 1.998333 2.457636 -0.6397627 20.43944 0.5761051 1 0.9981249
-0.0006370844 0.00618739 -1.333807 -0.7018961 1.866398 2.327405 -0.6248708 20.36084 0.738018 1 0.9936138
0.03372565 0.0325621 -1.564557 -1.047131 0.4472766 0.4732896 -0.4446813 18.32263 1.537914 1 0.0001111036
-0.008266468 0.02251532 -0.2634395 0.002025906 0.4574455 0.4953759 -0.4780564 18.33861 1.240128 1 0.996485
-0.005168941 0.00130802 1.138241 1.590204 2.192656 3.042879 -0.7333169 20.33928 0.8603268 1 0.9966267
0.01347727 0.03746287 8.219594 -5.207239 0.57925 0.6070077 -0.4535724 18.65746 1.060341 1 0.0
-0.03222275 0.001724519 0.2720361 1.727775 1.684399 2.25457 -0.2272334 19.94945 0.7350445 0 0.0
