data/gcs/Terzan_2_HP_3.ecsv
# %ECSV 0.9
# ---
# datatype:
# - {name: x, unit: deg, datatype: float64}
# - {name: y, unit: deg, datatype: float64}
# - {name: pmx, unit: mas / yr, datatype: float64}
# - {name: pmy, unit: mas / yr, datatype: float64}
# - {name: pmx_e, unit: mas / yr, datatype: float64}
# - {name: pmy_e, unit: mas / yr, datatype: float64}
# - {name: pm_corr, datatype: float64}
# - {name: g_mag, unit: mag, datatype: float64}
# - {name: bp_rp, unit: mag, datatype: float64}
# - {name: filter, datatype: int64}
# - {name: memberprob, datatype: float64}
# meta: !!omap
# - comments: [deg deg mas/yr mas/yr mas/yr mas/yr dimless mag   mag   zeroone float]
# - __serialized_columns__:
#     bp_rp:
#       __class__: astropy.units.quantity.Quantity
#       unit: &id001 !astropy.units.Unit {unit: mag}
#       value: !astropy.table.SerializedColumn {name: bp_rp}
#     g_mag:
#       __class__: astropy.units.quantity.Quantity
#       unit: *id001
#       value: !astropy.table.SerializedColumn {name: g_mag}
#     pmx:
#       __class__: astropy.units.quantity.Quantity
#       unit: !astropy.units.Unit {unit: mas / yr}
#       value: !astropy.table.SerializedColumn {name: pmx}
#     pmx_e:
#       __class__: astropy.units.quantity.Quantity
#       unit: !astropy.units.Unit {unit: mas / yr}
#       value: !astropy.table.SerializedColumn {name: pmx_e}
#     pmy:
#       __class__: astropy.units.quantity.Quantity
#       unit: !astropy.units.Unit {unit: mas / yr}
#       value: !astropy.table.SerializedColumn {name: pmy}
#     pmy_e:
#       __class__: astropy.units.quantity.Quantity
#       unit: !astropy.units.Unit {unit: mas / yr}
#       value: !astropy.table.SerializedColumn {name: pmy_e}
#     x:
#       __class__: astropy.units.quantity.Quantity
#       unit: &id002 !astropy.units.Unit {unit: deg}
#       value: !astropy.table.SerializedColumn {name: x}
#     y:
#       __class__: astropy.units.quantity.Quantity
#       unit: *id002
#       value: !astropy.table.SerializedColumn {name: y}
# schema: astropy-2.0
x y pmx pmy pmx_e pmy_e pm_corr g_mag bp_rp filter memberprob
[from data line 168]
-0.0133227 0.006636604 -3.640214 -3.628268 0.3710068 0.2830705 0.4858022 16.89722 3.682265 1 0.0
0.001305006 0.001935904 -11.04819 -10.85833 1.718007 1.594755 0.323206 19.1832 nan 0 0.0
-0.01177261 -0.02128106 -1.448903 -3.395384 1.065371 0.7798657 0.2819792 19.15633 2.837662 0 0.0
-0.01051862 0.01472983 -1.550622 -3.321751 0.4340627 0.3169551 0.1481115 18.53786 2.535641 0 0.0
0.008070087 0.02618751 -2.67295 -5.159814 1.541859 1.184646 0.690434 19.54297 nan 0 0.0
-0.0001891761 0.01237674 -7.135243 -4.227862 0.246692 0.1864877 0.1652959 16.23006 4.305263 1 0.0
0.007099653 0.02218216 -1.154897 -3.142218 0.4683169 0.3374282 0.228615 18.26231 3.139849 0 0.0
-0.0135292 -0.01618676 -4.749455 2.964312 0.1937955 0.1433972 0.09424113 16.34886 3.519521 1 0.0
0.02765154 0.009271413 -0.4394397 -5.18895 0.4783468 0.3873497 0.2872768 16.64768 5.337467 0 0.0
-0.00189296 -0.00128371 -3.701253 -1.95889 2.24302 1.784637 0.5823678 19.68187 nan 0 0.0
0.009012495 0.01006652 -1.889865 -6.267793 0.187361 0.1431079 0.04650729 15.85883 3.617989 1 0.9676114
-0.004200015 0.006879669 -1.479284 -5.097932 1.129641 0.9440291 -0.07635808 18.82775 nan 0 0.0
-0.02679711 0.006956134 -3.041392 -3.576975 0.640318 0.5141051 0.1886323 18.93566 3.236977 0 0.0
0.02599207 -0.01992772 -1.75098 -3.962594 0.9725365 0.7745931 0.594929 19.09742 2.756138 0 0.0
0.01325551 -0.01823521 -3.991723 -2.972325 0.4414829 0.3447655 0.583014 17.77428 3.131052 0 0.0
0.02043962 -0.003429725 -6.577178 -5.168907 1.753648 1.382185 0.6732041 19.82586 2.423769 0 0.0
-0.01908773 -0.004404102 -5.025669 -4.615633 0.7864094 0.6339147 0.2723011 19.03808 2.997648 0 0.0
0.02830725 0.01036413 -3.703463 -8.602197 1.076034 0.9665581 0.4527224 19.16401 nan 0 0.0
0.02352914 -0.01764018 -3.725388 -10.13516 0.5348579 0.4220086 0.5305518 18.0638 3.033682 1 0.0
0.02494435 -0.01771111 -4.452414 -5.419197 0.5415323 0.4145379 0.0785021 18.73829 2.593935 0 0.0
-0.01803995 -0.0007150873 -3.174208 -4.149349 0.3484583 0.2767571 0.4956383 16.7442 4.347314 1 0.0
0.02332894 0.02136896 -0.02964692 -4.42582 1.836361 1.44242 0.2458149 18.95585 2.425348 0 0.0
-0.005010924 -0.0266115 1.171536 -0.6347123 1.408038 1.165837 0.602689 19.67821 nan 0 0.0
-0.01667801 0.005720553 -4.247549 -4.802618 0.3842666 0.2950417 0.4529467 17.1973 4.165475 1 0.0
-0.002260166 0.008546757 -5.457392 -7.080831 0.5409818 0.3945432 0.1623009 18.50827 2.963924 0 0.0
-0.002469617 -0.001995164 -1.412115 -5.591124 0.8001073 0.6717542 0.5966503 18.935 nan 0 0.0
-0.00246963 -0.001483995 -1.065992 -5.11921 0.434249 0.3565881 0.5086291 17.61747 nan 0 0.0
-0.00650455 -0.02795818 -2.241271 -0.1954216 1.85693 1.425008 0.6223297 19.82414 2.677471 0 0.0
-0.002548243 -0.002403339 0.2762407 -5.450638 1.269339 1.102506 0.5030472 19.10351 nan 0 0.0
0.0270406 -0.01910976 -2.771999 -5.923469 1.581656 1.256545 0.5856116 19.88575 1.52029 0 0.0
-0.01799182 0.02219218 -2.821914 -6.122884 2.79346 2.272052 0.8495547 19.94324 nan 0 0.0
-0.002941423 -0.002481551 -1.958507 -6.329798 0.9823402 0.9083771 0.4770219 19.06226 2.956224 0 0.0
0.01742121 -0.02567644 -3.693362 -7.042383 1.268658 1.003538 0.6433293 19.43986 2.561785 0 0.0
0.01666254 -0.01822048 -1.532763 -2.452785 0.4123914 0.3261117 0.5346005 17.8385 3.349701 1 0.0
-0.01458084 0.005547325 -1.705943 -5.826472 0.8178517 0.505331 0.4595618 18.89036 2.85257 0 0.0
0.02064469 -0.02492559 4.344441 -13.79875 1.00789 0.7930246 0.6388584 19.21811 2.384214 0 0.0
0.01981035 -0.004327954 -1.775441 -5.197303 1.413484 1.120581 0.6385387 19.60942 2.837708 0 0.0
-0.002495404 -0.01835831 -4.413014 -5.407583 0.3738273 0.2822494 0.3098505 18.14209 3.27891 0 0.0
-0.01788198 -0.004478257 -6.342995 -4.566617 1.65345 1.424273 0.5829425 19.44634 2.751625 0 0.0
0.008357398 0.01342733 -9.235741 -9.916801 0.7640185 0.5917404 0.2134661 19.14086 2.77066 0 0.0
-0.0168054 -0.01534613 -2.053097 -6.65215 1.283973 1.065563 0.5832223 19.53217 nan 0 0.0
-0.00129008 -0.0008087703 -2.67512 -5.958018 0.8994607 0.7427711 0.6091149 18.97388 nan 0 0.0
0.002484035 -0.0201989 -1.27373 -4.408993 1.31117 1.049768 0.6238771 19.61901 2.555004 0 0.0
-0.004488513 0.00979027 -3.752044 -9.423571 0.5828163 0.4234586 0.1593788 18.91068 2.384708 0 0.0
0.005341948 0.003461644 -5.341432 -8.721492 1.825796 1.439942 0.6890518 19.82563 nan 0 0.0
0.003795794 0.01507938 -5.79209 -5.072144 1.182567 0.9361489 0.6177987 19.19128 nan 0 0.0
0.007856932 -0.01534117 -2.013021 -6.95205 1.164787 0.8863961 0.6365443 19.15893 3.137569 0 0.0
-0.01816928 -0.009889459 0.3983224 5.81508 0.4377992 0.3497877 0.5499807 17.86151 2.126356 0 0.0
-0.008236847 0.004163343 -2.259298 -9.269162 0.7604349 0.5755121 0.2087169 19.02999 nan 0 0.0
0.01210589 0.00972667 0.1154767 -4.063108 0.5599152 0.4089005 0.1392016 18.93342 1.833818 0 0.0
0.003139944 0.002040766 2.689724 -1.305707 0.6161607 0.4673785 0.247858 18.08751 3.068382 0 0.0
0.01364763 -0.0252505 -6.123114 -3.186946 0.591155 0.4756616 0.1651571 18.0463 3.32476 1 0.0
0.02649002 -0.01991069 5.063989 -6.528017 2.281209 1.795605 0.7006604 20.07242 nan 0 0.0
-0.01114324 -0.02480004 -3.297006 -6.76626 0.5123472 0.3668385 0.1857484 18.70171 2.916056 0 0.0
0.02340312 0.002963032 -1.016746 -5.218453 0.9878471 0.7922994 0.6354739 19.18619 2.982103 0 0.0
0.01779127 -0.008525634 -0.9110746 -7.85971 2.207381 1.598875 0.7517361 19.92161 2.521677 0 0.0
0.02403231 0.00324135 -4.480942 -7.160782 1.508723 0.9966927 0.593091 19.3484 2.355082 0 0.0
-0.0005560278 -0.01790433 -8.695527 -11.11113 1.80667 1.443961 0.6083033 19.91768 2.208475 0 0.0
0.00720189 -0.01303132 -2.714971 -4.979432 1.460737 1.109995 0.6038231 19.44416 2.775833 0 0.0
0.003926171 -0.002250797 -3.153007 -6.19147 0.5833874 0.4621455 0.5047267 17.21388 3.166032 0 0.0
-0.007344634 -0.00811991 -2.574579 -7.182031 0.6050813 0.4451711 0.1469384 18.94912 2.888424 0 0.0
-0.0295998 -0.0004757191 -3.516109 -1.711467 0.6140136 0.4952162 0.846214 17.33147 3.694467 1 0.0
-0.008341928 0.006753514 -4.188774 -3.960576 0.4204554 0.346351 0.5288312 17.6237 3.570524 1 0.0
-0.01557948 0.02096808 -2.818399 -4.089296 0.5191652 0.4138878 0.5321609 17.7282 3.693628 0 0.0
0.01134302 -0.01247668 -4.080473 -12.50685 0.4823273 0.3977579 0.5177825 18.01928 3.343798 0 0.0
0.005840006 0.003402487 -7.988595 -3.227619 1.676229 1.53618 0.4519093 19.29906 2.890804 0 0.0
-0.003963319 -0.01164258 1.295298 1.563292 0.4553273 0.3330922 0.2024955 18.35875 2.922581 0 0.0
-0.02058633 0.01681866 -4.128319 -5.525039 0.4351133 0.3144201 0.2144146 18.56622 2.627111 0 0.0
-0.009101795 0.00296545 -6.231535 -6.214444 0.3587121 0.2818357 0.4863962 17.07634 3.818541 1 0.0
-0.02273074 -0.00612723 -1.794497 -4.561629 1.843608 1.374289 0.7183853 19.82076 2.22061 0 0.0
-0.004041419 -0.02421774 -3.246349 -10.06914 3.621969 2.844931 0.5856875 20.53045 2.172562 0 0.0
0.0227516 0.01910889 -4.581945 -3.30637 0.4859391 0.3543264 0.1029183 18.53812 2.741718 0 0.0
0.00869511 -0.02085348 -2.481346 -10.09729 0.4713141 0.3361723 0.1652856 18.4791 3.202875 0 0.0
-0.004410894 0.03220734 -1.140476 -3.326323 0.5574513 0.4079251 0.1869791 18.80099 2.760965 0 0.0
-0.01707085 0.003570902 -0.4080004 -3.847844 0.5059733 0.3510454 0.09741753 13.78005 6.615425 0 0.0
0.007253919 -0.01818689 1.681094 -1.988597 2.213729 1.548632 0.5603602 20.03055 2.575342 0 0.0
-0.001578659 0.01385111 -5.476675 -4.416423 0.4886685 0.3515928 0.2612313 18.17221 2.223907 0 0.0
-0.003545603 0.03278912 -3.01346 -6.992442 0.5176448 0.3785857 0.1886245 18.62635 2.992073 0 0.0
0.01365018 -0.007308068 1.419659 1.83424 0.6036168 0.4303521 0.1691248 18.82094 2.237202 0 0.0
0.02309163 0.01577858 -1.985982 -5.926025 0.434192 0.315848 0.1238285 18.43421 2.77454 0 0.0
-0.01502465 -0.006165771 -1.778575 -4.958774 0.5785879 0.4571088 0.02842424 18.88729 2.932257 0 0.0
0.0199665 -0.009676192 3.537585 -4.842534 2.804176 1.902628 0.8017988 19.98854 2.953781 0 0.0
0.0189985 -0.0007171793 -2.48624 -3.01211 0.4656748 0.3713411 0.4948799 17.1036 1.872839 0 0.0
0.005577948 0.004770071 -1.207042 -7.6238 1.022612 0.812388 0.5999628 19.14795 nan 0 0.0
0.01611754 0.01376012 10.14487 -18.43202 1.529013 1.14609 -0.192572 18.72503 2.875397 0 0.0
0.02429899 0.02122377 -4.654679 -7.054131 1.223114 0.9664501 0.6398068 19.43484 2.478271 0 0.0
0.00686248 0.005325027 -0.8753765 -6.13111 0.7299978 0.5353274 0.04230369 19.0416 nan 0 0.0
-0.009311839 0.006419639 -5.436154 -4.701842 2.072521 1.982568 0.3942967 19.8922 nan 0 0.0
0.01344543 0.0280008 1.158635 -5.680808 0.4461168 0.3254125 0.1379541 18.55013 2.750122 0 0.0
-0.02276292 0.01907837 -3.434582 -2.912016 1.161075 0.9383082 0.6555147 19.30491 nan 0 0.0
0.01069016 0.008918122 5.145372 -5.814698 1.716576 1.3758 0.655002 19.77311 2.677101 0 0.0
0.01621847 -0.009557231 -10.21164 -10.96683 2.514769 1.957824 0.5985872 19.87465 2.726149 0 0.0
-0.009911354 -0.02672633 -4.869895 4.883772 1.946166 1.476914 0.5270852 19.4607 3.312237 0 0.0
-0.009439658 -0.02668622 -5.834725 -7.341919 3.167423 2.401423 0.8546386 19.95848 nan 0 0.0
0.007152022 0.02125518 0.07722076 -9.241787 1.704226 1.388366 0.6438186 19.79321 3.331068 0 0.0
-0.03127487 -0.008294472 -4.141182 -2.789486 0.3620196 0.269574 0.2806434 18.11192 3.235035 1 0.0
-0.003412373 -0.02692233 1.436211 -0.9756847 2.927268 2.319859 0.6263342 20.31095 nan 0 0.0
0.01283773 -0.006731937 -1.332454 -3.633243 0.7388553 0.5440186 0.2089067 18.90388 3.184742 0 0.0
-0.007972234 -0.02563705 1.405112 -6.918109 3.516025 2.149886 0.6199483 20.40849 2.124018 0 0.0
-0.01874327 -0.02340313 1.455498 -2.990775 0.4854151 0.3525277 0.2007228 18.5476 1.927517 0 0.0
-0.0116448 0.005334103 -1.256607 -2.758147 1.747477 1.332594 0.6959078 19.71287 2.630243 0 0.0
-0.02136827 -0.003826655 -1.535927 -3.905643 0.7562802 0.5050952 0.2230198 18.79279 3.357817 0 0.0
-0.02989128 0.009610251 -4.515572 -3.475048 2.054053 1.393179 0.4020735 19.63703 2.501591 0 0.0
-0.009153033 -0.009521966 -1.026623 -4.810408 1.043694 0.8157485 0.6375604 19.10317 2.79833 0 0.0
0.02101686 -0.0007729126 -2.673677 -4.569558 0.5329436 0.385892 0.08902934 18.86711 2.181967 0 0.0
0.01894938 0.01604652 -1.586113 -7.711242 1.216552 1.265644 0.4860368 19.46425 2.58847 0 0.0
-0.02246903 -0.00441437 -4.379123 -6.525433 2.018547 1.557039 0.6387762 19.88219 2.037834 0 0.0
-0.02197586 0.01681644 -3.644391 -5.441104 1.127185 0.8872562 0.645585 19.24094 2.798639 0 0.0
0.01881488 -0.001399974 -5.903934 -4.714337 0.9726753 0.7738979 0.6270902 19.19605 2.332991 0 0.0
0.01014133 0.02493419 -8.868688 -3.722829 0.9596728 0.7052952 0.3333025 18.96726 2.473845 0 0.0
-0.003754579 0.01234043 -2.674447 -6.789545 1.165165 0.8940206 0.6667701 19.19953 3.207134 0 0.0
0.0184483 0.0006619409 -2.555145 -5.219759 0.7654625 0.6006764 0.4412308 19.05008 3.020561 0 0.0
-0.002626341 -0.02208527 0.9344793 -8.222417 1.41109 1.223431 0.6085209 19.5559 2.871826 0 0.0
-0.02571842 -0.007569939 -2.187683 -5.416979 1.95074 1.462891 0.7101444 19.73032 2.263458 0 0.0
-0.008627534 -0.02393003 -3.944549 -4.84124 1.4285 1.094688 0.6276422 19.53629 3.280792 0 0.0
0.02525909 -0.01679948 -3.791946 -5.305007 0.3645272 0.2829645 0.3565811 17.00047 4.463498 1 0.0
-0.002312717 0.01355927 2.106276 -1.396851 1.329498 1.042659 0.6540277 19.30612 nan 0 0.0
-0.006560324 0.02131244 2.357794 -0.2814605 1.001765 0.5406854 0.947339 16.79382 1.564042 1 0.0
0.0142275 -0.002759125 -3.545223 -9.367965 0.4824099 0.3841921 0.5582996 17.90717 nan 0 0.0
-0.001892631 -0.01799208 -0.06174315 -5.550487 0.5526513 0.4048226 0.1411159 18.86941 2.985315 0 0.0
-0.0002677339 -0.02023701 0.4701972 -6.290654 1.108853 0.7974348 0.6401314 19.21366 3.188789 0 0.0
0.009245472 -0.02073337 -5.369648 -7.322475 1.813678 1.407639 0.6643741 19.77818 2.670559 0 0.0
-0.02506932 0.01608708 -0.6061254 -0.2943935 0.5201895 0.3735009 0.2983419 18.56511 2.565998 0 0.0
-0.02063443 -0.003397342 -6.376319 -3.091635 0.5933187 0.4226136 0.1966932 18.59606 3.267746 0 0.0
0.0008591386 -0.02491193 -2.796716 -5.033241 0.553106 0.4064019 0.1457135 18.79213 2.882675 0 0.0
-0.001342955 0.03140825 -4.529323 -7.21525 0.7445101 0.5693091 0.2696103 19.10445 2.774538 0 0.0
0.009459576 0.02446123 0.04846059 0.006057747 0.5510752 0.3997568 0.1824816 18.8429 2.177492 0 0.0
-0.007345873 0.008100183 -8.648828 -4.761772 1.553022 1.228826 0.6151037 19.49639 nan 0 0.0
-0.006268846 -0.02578188 0.2081839 -2.825404 0.5879694 0.4278022 0.05758221 18.91722 2.052717 0 0.0
0.0005187342 0.02586741 -8.468477 -11.43766 0.6881597 0.5046103 0.206461 18.89183 2.49847 0 0.0
-0.02328446 0.007460589 -3.752256 -5.935895 1.746486 1.476978 0.8267899 19.46365 2.770205 0 0.0
0.02245575 -0.01274567 -5.460063 -9.054334 0.3511757 0.2770752 0.5133862 17.50417 3.520417 1 0.0
0.008043428 0.02093849 -5.073721 -2.500156 1.408966 1.153215 0.8389928 19.09653 2.807842 0 0.0
0.008329336 -0.007866312 -4.106736 -8.0526 1.640456 1.300129 0.8434528 19.12161 3.255793 0 0.0
0.02801903 0.01090781 0.227116 -6.544708 1.059577 0.874045 0.4683427 19.17138 nan 0 0.0
-0.02216001 0.01957252 -4.854697 -6.005273 0.5968839 0.4429587 0.2975689 18.66839 3.124367 0 0.0
0.02693635 -0.01702119 -5.546022 -4.586382 1.463313 1.168724 0.6166761 19.64045 1.790512 0 0.0
0.004766495 0.02869208 2.614652 1.702912 1.061372 0.8582629 0.6154695 19.16702 nan 0 0.0
0.007672356 -0.02930676 -2.909728 -8.807236 1.616196 1.291546 0.6208995 19.72809 3.017336 0 0.0
0.01223875 0.0237037 -5.134986 -2.904798 0.4279504 0.326 0.3344223 18.05296 3.191788 0 0.0
-0.0007135435 0.01819987 -6.205637 -5.186751 2.095642 1.667625 0.8514984 19.45128 nan 0 0.0
0.03095286 0.003628469 -1.993241 -3.074171 1.225219 0.9628023 0.6804754 19.3815 1.917877 0 0.0
-0.0004251454 0.01768298 -2.247877 -5.790382 0.1941763 0.1407201 0.1664041 15.79714 3.582707 1 0.6271461
0.01524665 -0.02237255 -4.050323 -4.244876 0.6034027 0.4795251 0.3327959 18.04779 2.953182 0 0.0
-0.001420874 -0.01895147 -4.136167 -2.287971 0.6430879 0.4721389 0.1463383 18.92732 2.833944 0 0.0
0.003585219 -0.007408255 -2.749318 -3.022501 1.477828 0.9555228 0.6196129 19.46458 2.866531 0 0.0
0.0210208 0.01724581 0.6058014 0.9075045 1.126977 0.9964048 0.5555287 19.40337 2.78632 0 0.0
-0.005956895 0.01486183 -0.7372099 -3.791896 0.9432653 0.6965136 0.3835265 18.97053 2.664152 0 0.0
-0.008837667 -0.01868675 -6.4448 -4.24072 1.864242 1.313556 0.4216967 19.67248 3.191673 0 0.0
0.01645231 -0.02150299 -1.923191 -3.189945 1.651856 1.308154 0.6157452 19.59002 2.579552 0 0.0
-0.02606135 0.0005114048 -4.235302 -5.191043 0.7447237 0.5409638 0.2217481 18.98353 3.152958 0 0.0
0.02801268 -0.01087983 -0.4886847 -4.840264 0.6888743 0.5328843 0.2214665 19.0392 nan 0 0.0
0.008254097 0.03166731 -5.515349 -4.46053 1.749746 1.456661 0.639768 19.73802 2.144915 0 0.0
-0.02045184 0.000806494 -3.593513 -6.419149 0.6534042 0.5113099 -0.05387825 18.70391 2.945541 0 0.0
0.01941291 -0.02541552 -4.986289 -3.312221 1.599733 1.268739 0.5728995 19.8655 2.080044 0 0.0
0.03097757 -0.001029284 -5.784738 -8.132613 0.5136939 0.4106059 0.5449019 18.0552 3.277256 1 0.0
0.02769929 -0.006963953 -6.058701 -7.484583 1.198458 0.9599079 0.6125343 19.15568 nan 0 0.0
-0.0001891491 -0.001379059 -8.726114 -10.73636 1.26601 0.9409785 0.8650235 18.01606 nan 0 0.0
0.01928406 -0.01453788 -6.070704 0.4179974 0.481678 0.3527336 0.1194303 18.61302 3.010864 1 0.0
-0.003492725 0.02083958 -4.556258 -3.518279 1.382763 1.124815 0.6581392 19.59213 2.422327 0 0.0
0.01957528 -0.0001965889 -5.204146 -8.0216 0.8467638 0.761838 -0.1288791 18.9204 1.615131 0 0.0
0.01714039 0.0160316 1.210234 -5.123037 0.4096768 0.2966522 0.1208921 18.43481 2.245523 0 0.0
0.01462065 -0.002944197 0.6524862 -6.122858 0.385077 0.3038542 0.5281936 17.50978 3.537688 0 0.0
0.01089927 0.003522209 -9.396004 -9.915237 0.678342 0.5431755 0.4942152 17.29901 3.179383 0 0.0
0.0007807052 -0.00218587 -1.669678 -7.569104 1.314947 1.053967 0.4853609 19.09439 nan 0 0.0
0.01388738 0.001686954 -2.613455 -2.982713 0.5085051 0.3988154 0.02980169 18.64406 nan 0 0.0
0.004477038 0.006574481 -1.864092 -2.568693 0.7111796 0.552046 0.2442787 19.06836 2.684837 0 0.0
