data/gcs/Terzan_12.ecsv
# %ECSV 0.9
# ---
# datatype:
# - {name: x, unit: deg, datatype: float64}
# - {name: y, unit: deg, datatype: float64}
# - {name: pmx, unit: mas / yr, datatype: float64}
# - {name: pmy, unit: mas / yr, datatype: float64}
# - {name: pmx_e, unit: mas / yr, datatype: float64}
# - {name: pmy_e, unit: mas / yr, datatype: float64}
# - {name: pm_corr, datatype: float64}
# - {name: g_mag, unit: mag, datatype: float64}
# - {name: bp_rp, unit: mag, datatype: float64}
# - {name: filter, datatype: int64}
# - {name: memberprob, datatype: float64}
# meta: !!omap
# - comments: [deg deg mas/yr mas/yr mas/yr mas/yr dimless mag   mag   zeroone float]
# - __serialized_columns__:
#     bp_rp:
#       __class__: astropy.units.quantity.Quantity
#       unit: &id001 !astropy.units.Unit {unit: mag}
#       value: !astropy.table.SerializedColumn {name: bp_rp}
#     g_mag:
#       __class__: astropy.units.quantity.Quantity
#       unit: *id001
#       value: !astropy.table.SerializedColumn {name: g_mag}
#     pmx:
#       __class__: astropy.units.quantity.Quantity
#       unit: !astropy.units.Unit {unit: mas / yr}
#       value: !astropy.table.SerializedColumn {name: pmx}
#     pmx_e:
#       __class__: astropy.units.quantity.Quantity
#       unit: !astropy.units.Unit {unit: mas / yr}
#       value: !astropy.table.SerializedColumn {name: pmx_e}
#     pmy:
#       __class__: astropy.units.quantity.Quantity
#       unit: !astropy.units.Unit {unit: mas / yr}
#       value: !astropy.table.SerializedColumn {name: pmy}
#     pmy_e:
#       __class__: astropy.units.quantity.Quantity
#       unit: !astropy.units.Unit {unit: mas / yr}
#       value: !astropy.table.SerializedColumn {name: pmy_e}
#     x:
#       __class__: astropy.units.quantity.Quantity
#       unit: &id002 !astropy.units.Unit {unit: deg}
#       value: !astropy.table.SerializedColumn {name: x}
#     y:
#       __class__: astropy.units.quantity.Quantity
#       unit: *id002
#       value: !astropy.table.SerializedColumn {name: y}
# schema: astropy-2.0
x y pmx pmy pmx_e pmy_e pm_corr g_mag bp_rp filter memberprob
[from data line 337]
0.003069543 -0.02379534 -4.800124 -1.027855 0.5204262 0.470221 0.6754188 18.50521 3.678278 1 0.4902932
0.03540706 -0.007112496 -5.860884 -4.094871 1.780384 1.657542 0.6922179 20.12313 2.682281 0 0.0
-0.01001474 -0.03674847 -5.217598 -9.017706 2.118966 2.001121 0.7970187 20.23974 nan 0 0.0
0.02310632 -0.01852153 -10.25327 -8.192898 1.613236 1.517018 0.6866582 20.25188 2.692995 0 0.0
0.002872307 -0.03586313 0.9285851 -1.160488 0.8384524 0.7886266 0.7087833 19.44608 2.579803 0 0.0
0.01919327 -0.02850017 0.4357394 -1.667132 0.5107329 0.4542027 0.5892369 18.55879 2.66988 1 0.0
0.03048536 0.008380176 2.264949 -0.3362984 1.911026 1.801333 0.7982444 20.21335 nan 0 0.0
0.03470683 0.006115147 2.609883 3.916956 0.4993562 0.4344574 0.6563484 18.5121 2.834368 1 0.0
0.0381361 -0.01036144 -0.5960828 -1.586195 0.494232 0.4284063 0.6232775 18.0669 nan 0 0.0
0.02037525 -0.02762678 -3.229034 0.8573143 1.776372 1.688824 0.6906954 20.32637 2.372379 0 0.0
0.03810394 -0.02472949 -1.751157 -3.463887 1.846536 1.771916 0.7502139 20.11323 2.499903 0 0.0
-0.007960624 -0.03798239 -2.853319 0.3117908 1.169036 1.100319 0.7010842 19.8449 3.17602 0 0.0
0.0428055 -0.01782247 -0.497636 -5.825844 1.416205 1.313701 0.8285923 19.757 2.357386 0 0.0
0.04731472 0.001167516 0.6759409 -1.229677 0.9586021 0.9013511 0.6602654 19.37636 2.893427 0 0.0
-0.007622523 -0.04608097 -3.506519 -4.473741 0.4970365 0.4447724 0.59684 18.29769 4.171944 1 0.0
0.03677952 -0.0315479 -0.07054403 -2.53087 1.106532 1.028805 0.4673504 19.75354 2.679159 0 0.0
0.03301776 0.004967341 -1.075242 2.496223 0.638281 0.5543532 0.5234323 19.00684 2.63434 0 0.0
-0.00886051 -0.04582928 0.6137414 -0.2059637 0.6554583 0.5918991 0.5473795 18.92283 3.87487 0 0.0
-0.009170748 -0.03475523 0.4262483 0.4196176 0.3449849 0.2914697 0.4177264 17.74251 4.110909 1 0.0
0.002506739 -0.02369042 -5.785787 -2.110369 0.603569 0.5478433 0.6815776 18.64167 nan 0 0.0
0.02440382 -0.001737087 -1.249395 5.014642 1.911766 1.801652 0.6777734 20.32287 1.576599 0 0.0
0.03940939 0.01342855 0.08929804 0.6893577 0.455765 0.38987 0.6184852 18.39869 2.580643 1 0.0
0.009399555 -0.04635574 1.733358 -3.062765 1.372782 1.304613 0.6294776 19.85613 nan 0 0.0
-0.01080228 -0.04074061 0.8597376 -0.965679 0.6468144 0.6097222 0.5187622 19.09986 3.538717 0 0.0
-0.005259635 -0.03283433 1.039647 0.4506336 1.66877 1.580568 0.7191947 20.19555 2.158104 0 0.0
0.01665888 -0.04368996 0.8319926 1.864989 2.758298 2.588863 0.7727739 20.54834 2.361256 0 0.0
-0.01780779 -0.04493751 -4.926351 -8.103666 0.9903782 0.8662197 0.8599229 18.65318 3.653301 0 0.0
0.04548689 0.006045228 -3.541337 -8.411705 1.252459 1.178401 0.6914674 19.87063 2.520233 0 0.0
0.01677328 -0.02852846 -0.5040922 -4.010492 0.3940592 0.3531556 0.6314885 18.30397 2.649246 0 0.0
-0.001320183 -0.04025954 -0.8926549 -9.106797 0.8855 0.8262136 0.618837 19.24206 3.423162 0 0.0
0.02595133 -0.00413491 -0.3152031 0.01608458 0.5215331 0.4521623 0.6043117 18.4558 3.856659 1 0.0
0.03064694 -0.02417449 -6.140298 -8.476501 1.961961 1.843607 0.6375854 20.43416 2.751253 0 0.0
-0.008129586 -0.03566116 -6.480519 -2.237002 0.5294062 0.4641276 0.612218 18.58601 nan 0 0.0
0.008696143 -0.04667613 -3.860504 -8.93827 0.8905747 0.7722922 0.4589238 19.11423 2.805342 0 0.0
0.03732587 0.01132724 0.265176 1.083418 0.5093557 0.4356393 0.5815275 18.54045 2.636454 1 0.0
0.007711928 -0.03729382 -2.224611 -7.955136 1.106962 1.034334 0.9164421 18.75282 3.771523 0 0.0
0.01725481 -0.003538443 -6.096528 -2.50177 0.3158495 0.2662604 0.3618567 17.25742 4.598077 1 0.9990345
0.04647301 0.008965047 0.9508263 0.6833625 0.4185655 0.3432758 0.5108698 18.16685 2.474289 1 0.0
0.02699448 0.004995366 -6.310273 -2.54488 0.285714 0.2414001 0.2959118 17.43615 4.16008 1 0.9983893
0.04860778 -0.003418204 -3.349626 -14.11218 1.97513 1.871318 0.6015035 20.32983 1.879898 0 0.0
0.04075939 0.009725995 -2.665486 -10.61251 1.254716 1.173034 0.6639096 19.25908 nan 0 0.0
-0.001630173 0.0003192957 -7.259015 -3.301835 1.01332 0.9658192 0.7057362 19.33918 nan 0 0.0
-0.001602023 -0.0001365603 -4.141211 -7.442872 0.5250392 0.4628078 0.6510147 18.30298 3.456129 0 0.0
0.007798783 0.005474646 0.5140858 -6.564867 0.6541376 0.5732361 0.6063072 18.80962 3.846218 0 0.0
-0.003713133 0.008074535 -5.864185 -2.202114 0.524191 0.4454221 0.5459624 18.31266 4.036839 1 0.9977965
-0.03173845 -0.03045373 -1.347247 -2.582097 1.815712 1.733301 0.8358629 20.10612 nan 0 0.0
0.007685518 -0.006608401 -7.522877 -2.520593 1.413689 1.328238 0.6961846 19.95042 3.548222 0 0.0
-0.001630359 0.01592141 -5.158162 -2.049555 0.4526031 0.3960006 0.6108883 18.48829 3.563366 1 0.9759456
-0.001292345 -0.008681479 -5.484271 -1.662044 0.9643629 0.9053922 0.6738503 19.43881 3.380947 0 0.0
0.006588267 0.0008360381 -5.7752 -2.822361 0.5535496 0.47076 0.2279521 19.0677 3.851263 1 0.9965323
0.006561841 0.0366961 -1.352731 -2.330572 0.8203417 0.7741273 0.6812595 19.23358 3.678701 0 0.0
0.006391689 0.01023355 5.865421 -3.725123 1.770627 1.706994 0.9286019 19.34574 2.916077 0 0.0
0.006926137 0.003319389 -6.713045 -2.233392 1.027106 0.9765898 0.6776922 19.59931 3.296455 0 0.0
-0.003938179 0.003601796 -4.40723 -1.558654 0.5871472 0.5098685 0.5981172 18.78168 3.408918 0 0.0
-0.009060707 0.003115178 -7.546626 -2.858915 1.121735 1.043985 0.6544368 19.30666 nan 0 0.0
-0.00514929 0.02581283 1.822177 1.193832 0.7713417 0.681291 0.578122 19.13584 2.636467 0 0.0
0.01700726 0.04272433 0.9929979 -2.950238 0.3236817 0.2713064 0.4122635 17.92518 3.709032 1 0.0
0.01233027 0.00466369 0.4875223 -3.86909 2.045027 1.95008 0.7254607 20.20051 2.707926 0 0.0
-0.006752552 -0.0008748616 -5.431568 -1.989495 0.4612949 0.4018864 0.5341322 18.44912 3.475763 0 0.0
-0.006529586 0.04511895 -0.3993371 -6.322858 1.385193 1.317316 0.7036741 19.80446 2.953773 0 0.0
0.01939857 0.03015458 -6.533077 -2.585796 0.3250363 0.2844306 0.4043875 18.03865 3.49225 1 0.994922
-0.01058073 0.004986178 -1.202905 -2.911308 1.106068 1.025218 0.66905 19.45115 2.731445 0 0.0
-0.008665921 -0.008628342 -6.119887 -2.703049 0.5216791 0.4591411 0.6125284 18.41812 3.340818 0 0.0
0.01317624 0.02110686 -0.7970036 -5.402936 1.544075 1.469593 0.7176383 20.03006 3.981981 1 0.0
-0.004472539 -0.009021054 -2.7441 -4.879491 0.3575416 0.3049889 0.3630237 17.98011 nan 0 0.0
8.668581e-05 -0.002185043 -5.695033 -4.072889 0.5594285 0.4831246 0.6012797 18.56285 3.541477 0 0.0
-0.03104875 0.03018677 0.808075 0.614839 0.5003374 0.432703 0.6370378 18.4346 2.399925 1 0.0
-0.0227982 0.01706965 -4.34144 -6.056826 1.289783 1.216118 0.699205 19.76067 2.754744 0 0.0
-0.01299939 -0.01507552 -6.040226 -2.12391 0.8712364 0.8177866 0.6745039 19.22854 nan 0 0.0
0.00450537 -0.003424894 -0.762246 0.5937494 0.8568545 0.8058176 0.6959563 19.35757 2.81234 0 0.0
-0.04601483 -0.0009244014 -6.445437 -2.503149 0.3842144 0.3354433 0.6412702 18.276 nan 0 0.0
-0.04268958 -0.0141546 -1.030176 -0.9826154 1.30742 1.239063 0.77492 19.80017 2.330919 0 0.0
-0.0246889 0.0433316 -4.239971 -8.326223 1.741355 1.619809 0.4982031 19.87153 2.519712 0 0.0
-0.04103316 -0.0009170932 -1.571943 -2.864238 1.430059 1.346685 0.6586106 19.96156 2.501299 0 0.0
-0.04522627 -0.0024195 -0.7785216 -0.2960747 0.2574669 0.2209322 0.4010609 17.9935 2.330219 1 0.0
-0.02443554 0.04349568 -10.58615 3.434101 2.321178 2.076137 0.3888234 19.87748 2.487415 0 0.0
0.0188618 0.01646562 -3.434237 -6.299674 2.096938 2.004 0.7352813 20.26697 2.877403 0 0.0
0.013939 0.0479241 -1.903942 -1.885779 1.661855 1.48105 0.5174675 20.07765 nan 0 0.0
-0.02291341 0.03267555 5.503014 5.865701 2.650722 2.417192 0.7772321 20.20907 2.315138 0 0.0
-0.007652466 -0.01383153 -6.435637 -2.572526 0.2163905 0.1829083 0.2403434 16.1402 4.446282 1 0.9993892
0.009543518 0.0006603877 -4.927949 -6.040648 2.120133 2.003328 0.6358221 20.40134 3.068485 0 0.0
-0.04254542 -0.02522862 -2.432464 -8.077555 0.3052742 0.259994 0.3006109 17.9364 3.604185 1 0.0
0.01010919 0.03805773 -3.581498 -8.730967 1.21245 1.146489 0.7271141 19.80111 3.116886 0 0.0
-0.006417159 0.04919496 -2.959106 -2.89572 1.353918 1.288798 0.7001713 19.71882 2.521576 0 0.0
0.001747385 0.01027756 -3.101524 -4.741257 1.632891 1.539229 0.6113464 19.96602 2.739088 0 0.0
0.0001993079 0.02741319 -0.9793072 -2.829753 0.290632 0.2467408 0.3202033 17.99311 2.760887 1 0.0
-0.01423862 -0.005735361 0.8100688 -5.879519 1.691491 1.605503 0.7653293 20.20252 nan 0 0.0
-0.004557696 0.01278185 0.6042628 -2.119268 0.7600664 0.6548919 0.5096492 18.63857 3.911297 0 0.0
-0.03125952 -0.03292173 -1.61129 -1.230011 1.431509 1.286163 0.6780941 19.9631 nan 0 0.0
-0.009398974 0.01063774 -3.539025 -2.22466 1.571482 1.50097 0.8681509 19.49238 3.093895 0 0.0
-0.03776722 -0.004973082 4.713543 5.47094 2.764555 2.537019 0.5525916 20.67588 2.663713 0 0.0
-0.03866654 -0.009560508 0.4843966 -5.626868 1.757935 1.651031 0.7618065 20.00649 3.37855 0 0.0
-0.02951405 -0.03702977 3.928905 -0.4970565 1.671901 1.571046 0.7102118 20.22803 2.518097 0 0.0
-0.0372629 0.003365984 -2.918609 -6.741832 2.044397 1.912825 0.7560487 20.07298 2.303024 0 0.0
-0.02778379 0.03319536 -7.706584 -3.80628 2.079493 1.912091 0.5984458 20.27145 nan 0 0.0
-0.01454641 -0.02253913 0.1208312 -9.580818 1.428932 1.336618 0.6583794 19.95088 2.621176 0 0.0
-0.009283847 -0.02670242 -1.197777 -9.032288 0.7642773 0.71958 0.694314 19.19446 3.73292 0 0.0
-0.03380259 0.009960588 -0.9526267 -1.68301 0.8974379 0.8458035 0.7196196 19.48133 2.362282 0 0.0
-0.01362151 0.0149251 -1.583713 -5.700572 1.378815 1.29729 0.6741087 19.6338 nan 0 0.0
-0.04733569 -0.006549624 -0.6165972 -2.279449 0.7641372 0.7237254 0.6915946 19.25187 2.511517 0 0.0
-0.03684559 0.02146684 -2.567397 -4.730039 0.2883087 0.2459566 0.3433997 17.71279 3.616949 1 0.0
-0.03248454 0.03047635 0.6629338 -4.337745 0.8249909 0.7710825 0.6320228 19.32369 2.609804 0 0.0
-0.02132768 -0.02644246 0.05258442 -0.4270086 2.604944 2.437241 0.8283489 20.55669 3.373686 0 0.0
-0.01077864 0.01629674 -1.388848 -2.711966 1.154631 1.079075 0.6534158 19.48391 2.930756 0 0.0
-0.02355264 -0.01525813 -4.024573 -6.938659 1.021806 0.9573839 0.6644084 19.55695 nan 0 0.0
-0.04485886 -0.007088568 0.8649231 -1.764261 2.388819 2.292644 0.8465384 20.24398 3.280138 0 0.0
-0.001377119 0.02543717 -4.368189 -1.848236 1.257277 1.188485 0.7100553 19.68279 2.693672 0 0.0
-0.03869422 -0.01117413 4.487202 3.201117 1.502385 1.428072 0.7513159 19.87251 3.568811 0 0.0
-0.00357164 -0.02096866 -7.658059 -4.652829 0.9650445 0.9087259 0.7166189 19.62171 3.25873 0 0.0
0.009686663 0.03481145 -0.5918003 -1.287472 1.915072 1.805586 0.7367504 20.31734 2.329447 0 0.0
0.01531769 0.03982345 -3.247909 -5.495475 3.000152 2.764807 0.7395552 20.44163 2.49782 0 0.0
-0.0319451 0.0109395 -7.636821 -1.53281 0.5203889 0.4351346 0.3143693 17.93473 3.23525 0 0.0
-0.01429533 -0.001657455 6.120533 -5.922011 0.2482579 0.2122874 0.3669358 17.91402 2.605579 1 0.0
-0.002868682 0.00589827 -7.874709 -3.912548 0.9062349 0.8502178 0.6626602 19.09154 nan 0 0.0
-0.01187451 -0.005872464 -8.213789 -3.487318 1.098915 1.036459 0.7081886 19.73586 3.48572 0 0.0
-0.003403478 0.006487629 -6.009124 -3.078669 0.5379957 0.4621768 0.574892 18.55498 2.656935 0 0.0
-0.001686418 -0.003401942 -6.050683 -2.621488 0.247175 0.2024517 0.1156757 17.24739 3.55124 1 0.9997123
0.003689789 0.01917149 2.20283 -4.550008 1.671297 1.479281 0.5807505 19.4001 nan 0 0.0
0.02497112 0.02236788 -1.929182 -0.4857638 0.4921835 0.4390755 0.6408827 18.62166 2.761732 1 0.0
-0.02850886 0.0001713741 -2.999575 -4.442855 1.301348 1.223587 0.7074637 19.75614 2.953144 0 0.0
0.01399163 0.01193625 3.454268 -0.9061664 1.61687 1.492629 0.720889 19.88966 3.135452 0 0.0
0.01151766 0.04783468 -6.793778 -6.923986 1.259834 1.172523 0.67881 19.78605 0.9674892 0 0.0
-0.0396789 -0.01230166 -1.313483 -9.186191 0.314913 0.2715044 0.335015 18.02111 nan 0 0.0
0.007545361 0.003586385 1.528329 -1.858151 1.60391 1.522349 0.6709365 20.07717 3.154821 0 0.0
-0.008666348 -0.001897308 -6.59984 -4.633645 2.0576 1.934737 0.7039874 20.15066 nan 0 0.0
-0.04565576 0.0194977 1.803963 1.812445 1.007083 0.9447326 0.6528968 19.58229 2.400032 0 0.0
0.01773949 0.04446183 2.213122 2.493735 0.9507584 0.8859277 0.6589055 19.28841 2.442425 0 0.0
-0.04186963 -0.0266265 1.334888 -2.541017 0.1216995 0.1025792 0.2128612 16.0458 2.855763 1 0.0
-8.218145e-05 -0.00418013 -5.985662 -4.768001 1.298944 1.029118 0.2293362 20.0325 nan 0 0.0
-0.0223159 -0.006039709 1.52411 -2.207871 3.117324 2.931771 0.6279366 20.08575 nan 0 0.0
-0.009566244 -0.01242975 -2.36534 1.73878 1.039317 0.977112 0.6901536 19.53429 2.856325 0 0.0
-0.01438072 0.007413886 -6.414519 -2.534808 0.4332245 0.3748344 0.5105957 18.37683 3.268932 1 0.9986568
-0.02290197 -0.03558463 0.8095792 -3.521827 2.104759 1.96668 0.7095925 20.49924 2.275095 0 0.0
-0.02326907 -0.02790571 -0.7949676 -5.217934 1.636103 1.531154 0.6302118 20.26267 nan 0 0.0
0.03186875 0.02634899 -3.784171 -16.4569 1.443158 1.337916 0.5453711 20.15205 2.173229 0 0.0
-0.006838175 0.02290405 -6.582549 -2.899352 0.2538991 0.2163578 0.2957802 17.61106 3.840385 1 0.9979943
-0.03963285 0.02301482 0.5234567 -4.717019 1.621367 1.49431 0.6276764 20.10362 nan 0 0.0
-0.02653664 -0.01042355 -4.062821 -6.417409 1.364572 1.267002 0.5711846 20.0531 2.65835 0 0.0
-0.0276366 0.001340758 10.1929 7.055369 3.055649 2.737687 0.6477538 20.5195 2.614744 0 0.0
-0.04801803 0.01305959 -3.489471 -6.380675 0.5356028 0.4654342 0.6254417 18.72653 3.122599 0 0.0
-0.0173913 -0.001415581 -1.732992 -2.937898 1.113462 1.061508 0.7803408 19.66054 2.951176 0 0.0
-0.03312406 -0.002385514 1.936211 0.9755476 0.1844374 0.155046 0.3310167 16.77569 3.242234 1 0.0
-0.02437007 -0.007922613 9.600002 11.21431 1.757445 1.642486 0.5778923 19.90171 nan 0 0.0
-0.04528076 -0.007863091 -2.024052 -5.282151 1.190169 1.130667 0.7153454 19.75451 2.781343 0 0.0
-0.02394793 -0.007882484 -5.885328 -2.439756 0.4898551 0.4231588 0.6026987 18.33709 3.145189 0 0.0
0.03777897 0.02126822 -3.798129 -6.092339 0.8929025 0.8584941 0.7338767 19.24914 2.866417 0 0.0
-0.02009366 0.001670139 -7.283059 -4.157656 0.7555801 0.7104649 0.688664 19.13619 3.507677 0 0.0
-0.01195979 0.003839748 0.9527574 -0.3845865 0.7173945 0.6191066 0.5865142 18.91498 3.98856 0 0.0
-0.02831491 0.01495718 3.099993 -5.509584 1.025492 0.9644686 0.6693277 19.50057 2.379927 0 0.0
0.008501878 -0.003566228 -2.550278 -3.697023 1.32762 1.245417 0.7039065 20.01013 2.711292 0 0.0
-0.03911601 -0.01240449 1.265604 -1.989566 0.2054063 0.1749714 0.3200248 16.91086 3.708902 1 0.0
0.00515425 0.03792068 -4.982474 -4.51312 1.843251 1.756842 0.7440144 20.20115 3.326473 0 0.0
-0.03039257 -0.0089309 -5.394567 -9.580564 2.877919 2.697784 0.83962 20.33957 2.934446 0 0.0
0.02669045 0.03362282 -3.789424 -7.437102 0.233048 0.1960131 0.2372752 17.13552 3.611743 1 0.0
-0.00613347 0.001549408 -5.279866 -1.878928 0.7174791 0.6194415 0.4814262 18.82134 3.921318 0 0.0
0.008419831 0.03520445 -5.083351 -2.025309 0.4954487 0.428633 0.5992542 18.28814 3.084387 0 0.0
-0.03349414 0.0147462 1.084087 0.5432685 2.039222 1.920394 0.7587411 20.38863 2.489683 0 0.0
0.01098202 0.03921351 -0.7609911 0.4099224 0.4307476 0.3733117 0.604246 18.2376 3.694834 1 0.0
-0.03683287 -0.02570952 -0.4637851 0.6630736 1.175119 1.127994 0.8032493 19.60963 2.923225 0 0.0
-0.03678652 0.01118815 0.1639125 -6.442496 1.943134 1.843907 0.7495915 20.26501 nan 0 0.0
-0.02693584 0.01597026 -10.38573 -3.606167 2.781898 2.575352 0.7339562 20.6252 2.261877 0 0.0
-0.02513193 0.002844232 -6.01369 -2.833211 1.974498 1.887441 0.7617617 20.27829 2.60829 0 0.0
-0.00210924 0.03903465 -5.398822 -2.13041 0.6543826 0.5759036 0.5997302 18.87483 3.629248 1 0.9380451
-0.03123828 -0.002766539 0.325787 -2.680447 0.2885195 0.2443901 0.4381723 17.04173 4.678041 1 0.0
-0.04722382 -0.004514444 1.536146 -5.13004 0.21393 0.1802652 0.1647481 16.24052 4.395183 1 0.0
0.03620275 0.02185611 -3.82845 -5.81905 2.508326 2.364035 0.803326 20.5086 2.423004 0 0.0
-0.003319055 0.007160925 -5.040891 -2.87869 0.5392351 0.4662397 0.5796899 18.52039 3.670523 1 0.8783076
