data/gcs/Terzan_9.ecsv
# %ECSV 0.9
# ---
# datatype:
# - {name: x, unit: deg, datatype: float64}
# - {name: y, unit: deg, datatype: float64}
# - {name: pmx, unit: mas / yr, datatype: float64}
# - {name: pmy, unit: mas / yr, datatype: float64}
# - {name: pmx_e, unit: mas / yr, datatype: float64}
# - {name: pmy_e, unit: mas / yr, datatype: float64}
# - {name: pm_corr, datatype: float64}
# - {name: g_mag, unit: mag, datatype: float64}
# - {name: bp_rp, unit: mag, datatype: float64}
# - {name: filter, datatype: int64}
# - {name: memberprob, datatype: float64}
# meta: !!omap
# - comments: [deg deg mas/yr mas/yr mas/yr mas/yr dimless mag   mag   zeroone float]
# - __serialized_columns__:
#     bp_rp:
#       __class__: astropy.units.quantity.Quantity
#       unit: &id001 !astropy.units.Unit {unit: mag}
#       value: !astropy.table.SerializedColumn {name: bp_rp}
#     g_mag:
#       __class__: astropy.units.quantity.Quantity
#       unit: *id001
#       value: !astropy.table.SerializedColumn {name: g_mag}
#     pmx:
#       __class__: astropy.units.quantity.Quantity
#       unit: !astropy.units.Unit {unit: mas / yr}
#       value: !astropy.table.SerializedColumn {name: pmx}
#     pmx_e:
#       __class__: astropy.units.quantity.Quantity
#       unit: !astropy.units.Unit {unit: mas / yr}
#       value: !astropy.table.SerializedColumn {name: pmx_e}
#     pmy:
#       __class__: astropy.units.quantity.Quantity
#       unit: !astropy.units.Unit {unit: mas / yr}
#       value: !astropy.table.SerializedColumn {name: pmy}
#     pmy_e:
#       __class__: astropy.units.quantity.Quantity
#       unit: !astropy.units.Unit {unit: mas / yr}
#       value: !astropy.table.SerializedColumn {name: pmy_e}
#     x:
#       __class__: astropy.units.quantity.Quantity
#       unit: &id002 !astropy.units.Unit {unit: deg}
#       value: !astropy.table.SerializedColumn {name: x}
#     y:
#       __class__: astropy.units.quantity.Quantity
#       unit: *id002
#       value: !astropy.table.SerializedColumn {name: y}
# schema: astropy-2.0
x y pmx pmy pmx_e pmy_e pm_corr g_mag bp_rp filter memberprob
[from data line 2353]
0.01959207 0.02305363 -10.17118 -9.245328 1.107289 0.9536061 0.4823045 18.33935 3.180109 0 0.0
0.02808297 -0.003775013 -5.07839 -10.10316 1.569604 1.40772 0.5983375 19.75846 nan 0 0.0
0.0192882 -0.002111872 -8.591468 -2.018171 0.2603079 0.2158809 0.2467168 15.56578 5.138702 1 0.0
0.00722701 0.02235319 -2.384906 -6.174617 0.2660553 0.2195772 0.272078 17.88575 3.16967 1 0.0
0.02182824 0.03779131 -5.663615 -8.903745 0.5809582 0.5068792 0.4431761 18.74365 3.085278 0 0.0
0.02152861 0.03778373 -5.906186 -2.809504 0.6410352 0.5379945 0.4471514 18.84228 nan 0 0.0
0.001698251 0.02633023 0.9386466 0.9925842 1.220444 1.110872 0.6617237 19.46887 2.538334 0 0.0
0.03149047 0.01002757 -9.974964 -8.269172 0.2324246 0.1930918 0.2395633 15.98626 4.279594 1 0.0
0.02043229 0.0003674803 -0.1698794 -6.760226 0.8303784 0.7078424 0.450884 18.40288 2.857918 0 0.0
0.01346248 0.00995295 -8.919687 -6.675447 0.6437718 0.535047 0.350622 19.06339 2.748978 0 0.0
0.02645111 0.004344964 -14.59218 -18.58162 2.004555 1.789628 0.6048411 19.70678 nan 0 0.0
0.02354443 0.03833837 0.2539171 -12.33555 0.4879671 0.419349 0.4747399 18.43598 3.174355 0 0.0
0.03462297 0.01249668 3.130081 -7.508921 0.8329338 0.6896127 0.3586268 18.9996 2.994749 0 0.0
0.02177353 0.03655726 -0.4613671 0.363423 0.7010029 0.5808228 0.8587279 18.12418 1.286819 0 0.0
0.008723419 0.0022668 -0.1452841 -6.233064 2.199781 1.91762 0.1409608 19.97376 nan 0 0.0
-0.04293501 0.00684617 11.82434 -9.346554 2.615377 2.179655 0.7344966 20.25281 3.032284 0 0.0
-0.009824438 0.04530412 1.741378 -2.193476 0.9312657 0.8525235 0.6294446 19.42036 2.106213 0 0.0
-0.02970517 0.02526968 -0.6693118 -1.513595 1.647055 1.71901 0.8327384 19.62573 1.969997 0 0.0
-0.04280084 0.01209715 -1.244853 -6.614846 2.349698 2.256492 0.8657927 19.86294 2.940041 0 0.0
0.04001708 0.01800332 0.7957521 -0.1177333 0.6217405 0.5269557 0.3521748 18.92341 2.330267 0 0.0
-0.04369576 0.002329277 -0.2516505 -1.153003 1.430429 1.341004 0.6143351 19.64422 2.810802 0 0.0
-0.03095885 0.02823718 2.176754 -0.5322449 0.5441048 0.4384245 0.3302638 18.74339 2.268475 0 0.0
0.03124049 -0.007685905 -0.6867702 -5.472582 0.2567202 0.2128436 0.2488148 17.44514 3.616294 1 0.0
-0.04416067 0.007421718 -3.844063 -4.970986 1.518471 1.294472 0.4074417 19.83934 3.584658 0 0.0
0.02278154 0.03739248 3.715121 -2.611373 0.8950605 0.7598915 0.4625323 18.41904 2.006466 0 0.0
-0.0197668 0.0416903 -5.17644 -4.859331 0.6263742 0.5123585 0.1563146 19.00387 2.979101 0 0.0
0.03731977 0.01467783 -5.378975 -5.231183 0.2657399 0.2167522 0.1874116 17.53142 4.004994 1 0.0
0.01901561 -0.003845606 1.169333 -4.170685 0.4028851 0.333916 0.207988 17.10963 4.54494 0 0.0
-0.04421567 0.008812154 0.4737001 -7.252885 2.750067 2.254283 0.6891507 20.25182 2.459806 0 0.0
0.01637398 -0.00655935 -2.821264 -7.101331 0.3223952 0.2701919 0.1866435 17.93403 2.900888 0 0.0
0.04132459 0.01867615 -1.56471 -2.887993 0.2235493 0.1820489 0.1733549 17.46292 2.302877 1 0.0
-0.03547991 0.02735847 -2.568397 2.146805 0.5995334 0.5071578 0.2499041 19.08142 3.444311 0 0.0
0.006599477 0.003209174 -6.904272 -9.426628 1.670449 1.587268 0.6016221 19.78574 3.418022 0 0.0
-0.04244581 0.009446071 0.03018969 0.6087246 1.208437 1.045498 0.3924456 19.54093 nan 0 0.0
0.006708378 0.002821975 7.912653 -10.49391 2.337848 2.094354 0.234159 19.57272 nan 0 0.0
-0.001788152 0.03450513 -0.7367774 -5.477834 0.8553962 0.7219176 0.5065689 19.1322 2.601713 0 0.0
0.01891276 0.0325142 2.108813 -4.161445 0.1721294 0.1450126 0.2745713 16.98488 nan 0 0.0
-0.0003988975 0.008458389 -1.498734 -6.941203 0.7253242 0.5883666 0.3953969 18.97352 3.404438 0 0.0
0.01106548 0.004502008 -5.404133 -3.471188 0.7633309 0.6434771 0.4349 18.93262 2.468533 0 0.0
-0.04571707 0.01778373 -5.465837 -6.762388 1.328165 1.248852 0.4719358 19.94257 3.234711 0 0.0
0.02163588 0.02895078 -0.5675763 -4.58935 1.71307 1.53409 0.8496565 19.44758 2.520792 0 0.0
0.02460692 0.03903623 1.417626 -1.039013 1.177246 0.9786723 0.3231107 19.35278 nan 0 0.0
-0.01491867 0.04647086 -1.538953 -8.339449 2.926305 3.086577 0.3541358 20.32426 2.217543 0 0.0
0.004966345 0.01975169 10.52942 7.214653 2.273042 2.030303 0.4780414 20.07145 1.848463 0 0.0
0.0002274701 0.02171065 -2.630454 -7.631453 0.1815896 0.1472746 0.3348533 15.30876 4.134818 1 0.8666422
0.02154848 -0.0009678707 -2.322501 -6.99881 0.3920264 0.3258536 0.4302278 18.17863 3.147533 0 0.0
-0.04557305 -0.001722672 -0.8530792 -0.8683644 0.5908393 0.5017141 0.2736645 19.02919 2.271173 0 0.0
-0.04434865 0.000677259 0.09068006 0.3806049 0.5210924 0.4247753 0.1929583 18.88082 2.395803 0 0.0
-0.04593025 0.006202218 -2.275111 -1.537678 2.34587 1.952141 0.7696787 20.09928 2.542847 0 0.0
-0.04675088 0.01511302 -10.74406 -8.467185 2.837117 2.645969 0.4897891 20.3393 nan 0 0.0
0.02285751 0.008911939 -3.458478 -3.141247 0.7365397 0.6030831 0.435302 19.06067 2.549438 0 0.0
-0.001406532 0.01185155 -3.221325 -7.29369 0.3784047 0.3105399 0.237107 18.05683 3.726017 0 0.0
0.00575622 0.02098762 0.9818527 0.7325664 1.085211 0.98384 0.6829179 19.50679 nan 0 0.0
0.03598181 0.003632803 0.02026499 -2.491844 0.7845428 0.6543645 0.583662 18.73548 2.259211 0 0.0
0.02139265 0.03902926 2.459139 -3.117724 1.431869 1.235813 0.4103268 19.65229 nan 0 0.0
-0.02703644 0.02705563 -0.9369749 -3.563967 1.089435 1.005718 0.5944832 19.57484 2.160936 0 0.0
-0.03754268 0.005541552 -8.819568 -3.647004 0.4877515 0.4011062 0.2070988 18.87242 3.037786 0 0.0
0.02045745 -0.01106899 -3.421298 -1.959723 0.7790131 0.6606119 0.3411481 19.09885 3.143557 0 0.0
0.006737318 0.03158479 1.747675 -1.397702 2.25058 1.830042 0.5581793 20.23985 nan 0 0.0
0.02169228 0.03903683 1.096222 -1.781442 0.9703219 0.8404362 0.4412802 19.01281 2.392012 0 0.0
0.02388866 -0.008519534 -2.416905 -8.083834 0.9872515 0.8410307 0.6650756 19.13343 2.984035 0 0.0
-0.03808439 -0.003133251 -1.998476 -11.35674 0.7912829 0.6222866 0.3244536 18.52513 2.920193 0 0.0
0.01019593 0.02503851 1.752485 -3.815824 0.5203683 0.4334044 0.451598 18.57666 2.01622 0 0.0
0.03285294 0.01295497 1.649958 -5.654917 0.5196321 0.4476759 0.3942786 18.74906 2.562521 0 0.0
0.01860967 0.01135794 -5.431789 -9.338815 0.7007018 0.5686417 0.4584245 19.00145 2.733418 0 0.0
0.01834126 0.03562327 1.874261 -8.374693 1.697693 1.515124 0.4362051 19.99706 nan 0 0.0
0.01852895 0.01737945 -6.67016 -4.741984 0.6608263 0.5681412 0.4615689 19.0972 2.323074 0 0.0
-0.04084303 0.02035288 2.790498 -2.563304 1.998104 1.837834 0.4195906 20.00794 nan 0 0.0
0.009622296 0.005364261 -0.08214019 -8.067933 1.607134 1.411785 0.4913469 20.06453 nan 0 0.0
-0.0413068 0.02247559 -1.560875 -6.855229 0.816009 0.6584202 0.5395629 18.63868 2.965696 0 0.0
0.01719165 -0.001190285 -7.282094 -4.974443 0.6635101 0.5554726 0.3415369 19.08014 3.103048 0 0.0
0.008726593 0.04349986 -5.321943 -5.675411 0.2598284 0.2112671 0.1879628 17.64727 3.318548 1 0.0
0.02947677 0.01584553 5.626913 -1.753701 2.224663 1.907277 0.738209 20.0614 2.78079 0 0.0
0.03558037 0.02600422 -0.5182855 -3.130953 0.8369033 0.6520312 0.1085301 19.17181 2.047634 0 0.0
0.0249809 0.00560224 -5.622418 -2.629399 0.2985521 0.2472682 0.2437733 17.19935 4.295098 1 0.0
0.02743425 0.01597193 2.131671 -0.5712275 0.3397701 0.2780909 0.332406 17.9046 2.144115 0 0.0
0.0283307 0.006877468 -0.6468206 -8.574077 1.588583 1.41284 0.1494789 19.8051 2.121758 0 0.0
0.03593042 0.01330498 -3.077389 -2.082049 0.2149382 0.1743073 0.1920675 17.41107 3.012836 1 0.0
0.01191424 0.04819546 1.974366 -5.295146 0.6320637 0.528551 0.3478227 19.12131 3.296608 0 0.0
0.01823223 0.03515026 -12.15913 -3.851636 0.8211503 0.7411742 0.6017353 19.10355 nan 0 0.0
0.006790039 0.002293635 -0.9533853 -4.51122 1.351937 1.261512 0.6228863 19.46335 nan 0 0.0
-0.04747458 -0.01256673 -1.009174 -4.918392 0.5547503 0.4550169 0.2108829 19.05511 3.168234 0 0.0
-0.04685823 0.01128111 -1.4126 -7.808955 0.4185624 0.3478469 0.4679452 18.28964 3.507824 1 0.07856299
0.003196746 0.04357835 -4.29693 -3.40287 0.2343387 0.1934948 0.2339719 17.24157 3.050097 1 0.0
0.003169424 0.04067918 -5.499557 -3.631754 0.6320668 0.5137205 0.4045195 18.78757 2.976028 0 0.0
-0.04862578 0.00526077 -10.60578 -6.059236 0.6116883 0.5175445 0.3027329 18.97958 2.834082 0 0.0
0.03162129 -0.009101263 -1.438838 -0.636101 0.2847701 0.2354931 0.2496257 17.59541 3.656343 1 0.0
0.0482361 0.004377834 -1.110228 -3.164983 0.115349 0.09403021 0.1513641 15.59227 2.556068 1 0.0
0.02583202 0.03605287 0.7536686 -1.829659 1.271676 1.111713 0.5618095 19.36899 2.814198 0 0.0
0.03159532 -0.004586561 3.217353 -0.8551173 0.6722444 0.5452655 0.3193227 18.82088 1.959234 0 0.0
-0.04304788 0.01720875 2.452232 -4.461482 0.548239 0.4599995 0.2875335 18.9181 2.961514 0 0.0
-0.02240883 0.04033369 0.1330924 -1.547601 0.4195233 0.3396456 0.3315032 18.37206 3.350519 1 0.0
0.03350495 0.00757033 -3.109284 -7.334247 0.430252 0.3530332 0.280779 17.82769 3.191469 0 0.0
0.02016232 0.01348246 -8.12466 -7.754697 0.7417371 0.6102888 0.4535418 18.99882 nan 0 0.0
0.008316592 0.0245275 2.223775 -3.468144 1.272598 1.164565 0.5843278 19.29081 nan 0 0.0
0.02786187 -0.01704057 2.046114 -2.123002 0.265881 0.2225285 0.1850565 17.11253 3.844866 1 0.0
0.04715053 0.01320359 -4.010558 -7.425034 0.7849215 0.6251056 0.2105187 19.04373 3.048029 0 0.0
0.02882331 0.01644842 -8.457985 -4.406784 1.213534 1.090883 0.652922 19.52756 2.699329 0 0.0
0.0339742 0.02860062 -7.057836 -8.592487 0.5506146 0.456821 0.3837878 18.32771 3.367273 0 0.0
0.04350322 0.01830721 -0.9818431 -4.705816 0.1284149 0.1020852 0.15643 15.44929 2.506942 1 0.0
0.02995832 -0.01689424 0.3161089 -3.814722 0.184264 0.1517101 0.2250591 17.20618 1.94939 0 0.0
0.02018872 0.008813264 -7.676392 -6.305617 0.9568461 0.8660885 0.673939 19.16483 nan 0 0.0
0.04600146 0.0002340947 -1.167341 -4.021905 1.031607 0.9189095 0.6261993 19.37874 2.15844 0 0.0
0.0465198 0.002576107 2.663627 -2.286699 0.9191459 0.8106365 0.590203 19.2736 2.749487 0 0.0
0.01141962 0.00585619 -2.176786 -7.424272 0.2367277 0.1914716 0.1687266 16.34396 3.744941 1 0.994053
0.04472943 0.01997757 -0.7599437 0.1620131 1.166908 1.02251 0.6030661 19.07032 nan 0 0.0
-0.01796831 0.03767373 -0.5362027 -2.10348 0.3507613 0.2907687 0.04909289 17.47048 3.277253 0 0.0
0.04442935 0.01869786 0.2018233 -7.384868 1.246927 1.112813 0.7373495 19.22318 1.984972 0 0.0
0.007225687 0.001605055 -2.059712 -6.087817 0.9686841 0.8967315 0.6020632 19.28041 2.841185 0 0.0
0.03235542 -0.01269301 -0.6442367 -1.701581 0.2394394 0.1975114 0.2383146 17.65646 1.97578 1 0.0
0.04442446 0.006240966 -5.590266 -3.292132 1.53076 1.346347 0.6325096 19.45829 2.284401 0 0.0
-0.01042274 0.03443027 -2.507779 -5.569434 0.6017666 0.5230878 0.3723643 18.9923 2.921497 0 0.0
-0.01834972 0.03805895 0.2498225 -1.600344 0.6709078 0.549747 0.5607599 18.39012 nan 0 0.0
0.04529379 0.001029744 -2.170214 -6.099263 0.9583315 0.8518411 0.6322456 19.24276 nan 0 0.0
0.02689512 0.03937904 -4.60709 -5.382946 0.419471 0.3378653 0.2150252 18.12727 3.517052 0 0.0
0.04491734 0.01307671 -5.702578 -6.812978 0.7397842 0.6035874 0.2117342 19.09115 nan 0 0.0
-0.0141825 0.04126771 0.3762447 -5.736508 1.357024 1.238383 0.5781406 19.57203 2.524553 0 0.0
0.04393371 0.004740074 3.627692 -5.679061 1.231955 1.080807 0.6112848 19.49733 2.351151 0 0.0
0.03214865 0.02624367 -6.998392 -10.31933 1.53982 1.445666 0.8619426 19.23924 nan 0 0.0
0.04447789 0.003593545 5.816 6.386524 1.051066 0.9278577 0.5983229 19.28741 2.558004 0 0.0
0.04229823 0.000445347 2.512158 -1.199012 0.8414708 0.7389211 0.5821364 19.17756 2.110279 0 0.0
-0.01118682 0.04864567 -1.952681 -0.6661686 2.033021 2.014392 0.8269267 19.81532 2.279547 0 0.0
-0.04079035 0.02532536 -0.3265474 -0.5894999 0.3009079 0.2560158 0.1770617 17.8659 2.792913 0 0.0
-0.01110505 0.04820508 -6.66673 -6.231264 2.099665 2.474761 0.7544852 19.8245 2.72587 0 0.0
0.04270804 0.004055804 -4.876971 -6.593874 1.335899 1.175436 0.6817993 19.43649 2.952923 0 0.0
0.02045776 -0.009375261 -5.153805 0.7351955 0.2518258 0.2089371 0.2255474 15.83741 4.114107 1 0.0
0.04246625 0.01282588 -6.864038 -11.86066 1.127534 0.8189797 0.05241352 18.41223 nan 0 0.0
0.04252009 0.01115693 -2.690997 0.3482041 1.142381 1.017627 0.6843659 19.522 1.88553 0 0.0
0.04309545 0.02027957 -8.250333 -6.522753 0.3306321 0.2626423 0.04260091 17.50804 4.247993 1 0.0
0.04235879 0.01675506 -4.622713 -5.616557 1.317327 1.157852 0.6955922 19.58258 nan 0 0.0
-0.04386235 0.01060711 -1.276553 -6.110522 0.32566 0.2673002 0.1052288 17.72483 nan 0 0.0
0.03818518 -0.003325927 -2.191754 -6.277455 1.245875 1.119849 0.6242223 19.53529 3.16353 0 0.0
-0.04276541 -0.009602742 -3.074923 -1.998235 2.755758 2.366602 0.6526801 20.17456 nan 0 0.0
-0.02281597 0.03309903 -7.136614 -7.476803 3.066494 2.701302 0.7426251 20.42068 nan 0 0.0
0.01822469 -0.01172092 -2.866575 -2.469645 0.8836241 0.7487121 0.4672678 19.07274 2.727283 0 0.0
0.03876133 0.009334858 -1.703216 -3.678304 1.94464 1.700739 0.6786397 19.95717 2.220409 0 0.0
0.01319438 0.04627271 -2.900527 -4.842294 0.2446341 0.2059313 0.2395181 16.74212 3.663359 1 0.0
0.03585147 0.02201778 -0.6257399 -6.813929 0.3940748 0.3364323 0.2887178 16.71947 3.811071 0 0.0
-0.03329936 0.02187169 -3.774992 -5.175469 0.5269033 0.4239072 0.4105217 18.41535 2.949963 0 0.0
0.01942547 0.004422681 -5.869424 -9.015269 2.024698 1.735017 0.4844385 20.04046 nan 0 0.0
-0.005219218 0.01318849 0.5100783 0.9393166 0.7249439 0.587428 0.4314892 19.13256 nan 0 0.0
0.03478914 0.02152792 -1.506827 -1.296665 1.436012 1.310227 0.6527864 19.51177 nan 0 0.0
-0.0178865 0.0370672 2.040534 -5.847849 0.5217161 0.433055 0.1386112 18.89094 nan 0 0.0
-0.03890092 -0.004165404 0.5543223 -6.026216 0.9391478 0.8632208 0.6122599 19.22699 3.040348 0 0.0
0.03105689 0.01786499 2.132546 -5.990985 0.5373993 0.4371415 0.3570414 18.57458 2.984205 0 0.0
0.02824936 0.008323259 -1.135594 -4.728695 0.3493839 0.2854861 0.4019127 18.09826 2.020811 0 0.0
-0.0391273 0.02059381 -5.467755 -8.06983 0.4081701 0.3294253 0.4416221 18.22836 3.389395 1 0.0
0.01223724 0.01204927 -1.881837 -7.320214 0.3912634 0.3363285 0.4931097 18.20625 nan 0 0.0
0.02832618 -0.01119275 -5.499966 -8.854932 0.852826 0.6956298 0.3312789 18.46674 3.207724 0 0.0
-0.01682498 0.04255099 -0.3385384 -0.6326034 1.259531 1.236444 0.8275486 19.2422 2.229618 0 0.0
0.04390397 -0.001741086 -6.280676 -8.761914 2.019602 1.738453 0.6045042 20.05874 2.32048 0 0.0
0.03206501 0.01942301 -2.370377 -3.619475 0.1555058 0.1318859 0.2707068 16.63027 2.372003 1 0.0
-0.008653123 0.04597369 -0.5234055 -3.110832 0.959036 0.878126 0.5840954 19.26647 2.865387 0 0.0
0.04232498 -0.000828772 5.64673 -0.9263515 2.501826 2.184027 0.7109312 20.03319 3.146353 0 0.0
-0.0173976 0.04622064 -10.31389 -16.46371 2.966491 2.419858 0.7289754 20.2546 nan 0 0.0
0.03038058 0.03484248 -0.7837042 -3.273242 1.206663 1.027704 0.5372449 19.52928 2.275743 0 0.0
0.0306186 0.008459972 -4.540379 -3.953923 1.242316 1.110613 0.70265 19.26341 2.606081 0 0.0
0.02536392 0.01356724 1.010659 -1.039832 1.045803 0.9491226 0.6463998 19.40988 nan 0 0.0
0.02448623 -0.01522781 -11.83991 -7.008576 0.7125538 0.6051749 0.4230113 18.93152 3.319475 0 0.0
0.007851722 -0.002251646 -1.960616 -7.126876 0.4895707 0.3938169 0.4959839 18.27702 3.242147 0 0.0
-0.02401492 0.03532085 -0.2622201 -4.672221 0.4691395 0.385419 0.2282738 18.84881 3.213461 0 0.0
0.03017805 -0.00966163 -1.030279 -2.1819 0.3574681 0.3027976 0.2648547 16.452 5.252334 0 0.0
0.03633404 -0.001896714 -1.829947 -6.182101 1.545112 1.353084 0.6348741 19.83875 2.89942 0 0.0
0.02789735 0.01648298 0.8901554 -5.033739 0.1243899 0.1021578 0.2470587 16.10137 2.635546 1 0.0
0.03203198 -0.00105046 -5.1892 -7.390253 0.735297 0.6159317 0.4394055 19.0867 2.512392 0 0.0
0.03318533 0.03202836 3.348702 -10.49307 2.462572 2.060539 0.1412216 20.07732 2.146307 0 0.0
0.04082732 -0.0008568323 -5.128062 -7.894337 0.9318531 0.8344402 0.6350891 19.20583 nan 0 0.0
0.007334682 0.002741828 -2.050475 -7.594729 0.2146919 0.1750071 0.1977039 16.2729 3.973293 1 0.9965311
0.03290037 -0.011276 5.60517 -1.324251 1.075158 0.9607557 0.7246627 19.36807 nan 0 0.0
