data/gcs/Terzan_2_HP_3.ecsv
# %ECSV 0.9
# ---
# datatype:
# - {name: x, unit: deg, datatype: float64}
# - {name: y, unit: deg, datatype: float64}
# - {name: pmx, unit: mas / yr, datatype: float64}
# - {name: pmy, unit: mas / yr, datatype: float64}
# - {name: pmx_e, unit: mas / yr, datatype: float64}
# - {name: pmy_e, unit: mas / yr, datatype: float64}
# - {name: pm_corr, datatype: float64}
# - {name: g_mag, unit: mag, datatype: float64}
# - {name: bp_rp, unit: mag, datatype: float64}
# - {name: filter, datatype: int64}
# - {name: memberprob, datatype: float64}
# meta: !!omap
# - comments: [deg deg mas/yr mas/yr mas/yr mas/yr dimless mag   mag   zeroone float]
# - __serialized_columns__:
#     bp_rp:
#       __class__: astropy.units.quantity.Quantity
#       unit: &id001 !astropy.units.Unit {unit: mag}
#       value: !astropy.table.SerializedColumn {name: bp_rp}
#     g_mag:
#       __class__: astropy.units.quantity.Quantity
#       unit: *id001
#       value: !astropy.table.SerializedColumn {name: g_mag}
#     pmx:
#       __class__: astropy.units.quantity.Quantity
#       unit: !astropy.units.Unit {unit: mas / yr}
#       value: !astropy.table.SerializedColumn {name: pmx}
#     pmx_e:
#       __class__: astropy.units.quantity.Quantity
#       unit: !astropy.units.Unit {unit: mas / yr}
#       value: !astropy.table.SerializedColumn {name: pmx_e}
#     pmy:
#       __class__: astropy.units.quantity.Quantity
#       unit: !astropy.units.Unit {unit: mas / yr}
#       value: !astropy.table.SerializedColumn {name: pmy}
#     pmy_e:
#       __class__: astropy.units.quantity.Quantity
#       unit: !astropy.units.Unit {unit: mas / yr}
#       value: !astropy.table.SerializedColumn {name: pmy_e}
#     x:
#       __class__: astropy.units.quantity.Quantity
#       unit: &id002 !astropy.units.Unit {unit: deg}
#       value: !astropy.table.SerializedColumn {name: x}
#     y:
#       __class__: astropy.units.quantity.Quantity
#       unit: *id002
#       value: !astropy.table.SerializedColumn {name: y}
# schema: astropy-2.0
x y pmx pmy pmx_e pmy_e pm_corr g_mag bp_rp filter memberprob
[from data line 1005]
0.002222657 0.009870458 -0.6370078 -2.748132 0.9365983 0.9433211 -0.03961213 18.49045 nan 0 0.0
-0.00527266 -0.03244228 -3.535272 -4.588679 1.225807 0.9522149 0.6559078 19.34072 2.930426 0 0.0
0.002667344 -0.02531632 -7.782127 -3.894044 2.002408 1.55397 0.8085293 19.40893 2.40267 0 0.0
-5.808618e-05 -0.00240712 -1.798807 -6.153535 0.4562064 0.3392303 0.2630816 18.16131 nan 0 0.0
-0.02978028 -0.01017274 -3.360629 -12.14264 1.525446 1.176247 0.6157198 19.15948 nan 0 0.0
0.001540874 -0.001306592 -3.934233 -5.74913 0.9251336 0.7215509 0.5602268 18.4167 nan 0 0.0
0.01215374 -0.02650342 0.7774719 -3.5114 0.6545322 0.4703269 0.1017311 18.88779 2.698404 0 0.0
-0.01313827 -0.0001726052 -3.943547 -6.677747 0.9160077 0.7261271 0.6401489 19.10563 nan 0 0.0
0.02791135 0.001189902 -5.763281 -7.938013 0.6245689 0.499449 0.06996848 18.5806 3.145586 0 0.0
-0.02902063 -0.008717196 -0.1644407 -3.412643 0.5167395 0.3724636 0.2264416 18.57147 nan 0 0.0
0.02250557 -0.02386933 -1.174132 -5.16029 3.236308 2.317226 0.2840563 20.29569 nan 0 0.0
0.002353518 0.001050875 -3.265646 -5.948434 0.5797359 0.4257951 0.2230185 18.58861 nan 0 0.0
-0.009416925 0.008752316 0.3735456 -1.918903 0.3843012 0.2824577 0.2251877 15.62614 2.921393 0 0.0
0.0004662088 0.008201552 -5.215605 -9.080618 0.5378032 0.3923674 0.1511823 18.63516 3.144018 0 0.0
0.0006758665 -0.0007286553 -3.738183 -8.26054 2.056537 1.513259 0.467191 18.63846 nan 0 0.0
0.02542053 -0.0009532673 -0.7377662 -1.466139 3.100487 2.197401 0.8212082 19.95802 nan 0 0.0
-0.009967172 0.006123934 -2.286042 -1.402527 1.842033 1.958511 0.07797565 19.53339 nan 0 0.0
0.01069108 0.01717694 -3.052569 -6.648765 0.5257299 0.3874931 0.2567939 18.66646 3.00168 0 0.0
0.002038943 0.0001868528 -0.9957824 -2.676421 0.7811528 0.5764048 0.2340066 17.99989 nan 0 0.0
0.000937992 -0.0008144882 -0.843401 2.782285 2.457653 1.919095 0.15004 18.38801 nan 0 0.0
0.01530096 -0.01048214 0.4872015 -0.942864 0.5154413 0.3769284 0.1629269 18.72798 2.577566 0 0.0
0.0001253998 -0.001821564 -3.991731 -5.952833 0.5393717 0.430607 0.517617 17.64359 2.795245 0 0.0
0.000702092 0.001028013 -0.3283247 -5.978493 0.8872774 0.7894655 0.8461872 17.54594 nan 0 0.0
-0.002417594 0.01396935 -1.931398 -6.262116 0.1854603 0.1357187 0.2236041 16.29848 3.337343 1 0.9701839
-0.0007658283 -0.0007191193 -13.09178 -11.77886 1.944896 1.392636 0.6537476 19.36489 nan 0 0.0
-0.006454498 0.007138943 -2.187016 -5.423839 2.217359 1.817044 0.8407846 19.6385 nan 0 0.0
-0.02055686 0.001598021 -4.059634 -4.301464 1.910335 1.55595 0.6806884 19.97296 0.6801224 0 0.0
-0.003597779 0.0256461 3.459843 -3.439944 1.073582 0.6648244 0.7623922 18.79579 nan 0 0.0
0.001698194 0.001232086 -4.733408 -9.014948 0.9445845 0.7168893 0.244851 18.74768 nan 0 0.0
0.002641892 0.002117075 -3.253443 -4.93979 0.7337961 0.5276579 0.1902942 18.68524 nan 0 0.0
-0.002758348 0.01181594 -3.840153 -4.793345 0.5323688 0.416079 0.4596957 16.66398 4.943539 0 0.0
0.001095016 -0.02292447 -2.789866 -1.700823 0.5105075 0.3718183 0.1249781 18.72507 2.407883 0 0.0
-0.003203975 0.01042356 -0.7972367 -6.32192 0.4953193 0.3611911 0.1871121 18.50061 2.77874 0 0.0
0.001278771 0.0002898627 -1.804356 -6.129902 0.3122389 0.2360875 0.4504404 16.2086 2.949271 0 0.0
0.0004399392 -0.003711747 1.972566 -3.209015 1.534585 1.218806 0.5396125 19.54906 nan 0 0.0
-0.0231756 -0.009116152 -2.725859 -4.751416 0.362493 0.2798165 0.4477503 17.6302 1.982851 1 0.0
-0.004226113 0.004222731 -3.479794 -1.749203 1.568562 1.243094 0.6267584 19.46498 nan 0 0.0
0.02528921 -0.001941239 -5.491693 -6.625625 0.7629979 0.585706 0.1214755 18.97529 nan 0 0.0
-0.005695463 0.02729394 -1.963035 -5.808402 1.007124 0.8096629 0.6129703 19.11778 3.064922 0 0.0
0.008777466 0.02004579 -7.63857 -6.765897 0.3130644 0.2555497 0.4624211 16.98207 3.642433 1 0.0
-0.001054189 0.001247354 -3.636726 -7.398034 0.6909002 0.5087494 0.1743611 18.62076 2.819078 0 0.0
0.002904408 0.01476279 -2.425056 -6.403345 0.1814383 0.1396701 0.2588265 16.27168 3.14634 1 0.9686116
-0.0001891534 0.0008124846 -4.330578 -5.626806 1.380935 1.464053 -0.2267414 19.04816 nan 0 0.0
0.007125136 0.01224868 -2.546609 -5.834195 0.4660982 0.356233 0.453568 18.13214 2.225933 0 0.0
-0.0007658433 0.001163434 0.01522482 -3.603147 2.728793 2.401269 0.3685871 19.66458 nan 0 0.0
0.004163158 0.02264581 -4.02656 -4.417564 0.6316487 0.429131 0.30468 18.58899 2.918108 0 0.0
-0.003544736 0.009284862 -2.297449 -5.822662 0.2345613 0.1861629 0.4817605 16.65322 3.387714 1 0.9110321
0.0001254036 0.001090958 -5.125028 -7.698094 0.9392617 0.5993935 0.05023038 18.70648 nan 0 0.0
-0.0007920452 -0.00020795 -5.060517 -8.753653 0.6242288 0.4375122 0.2838106 18.45531 2.643156 0 0.0
0.01527769 0.008013419 -1.511088 -1.899569 1.294089 0.9966197 0.65665 19.22301 2.352488 0 0.0
0.01483211 0.008499863 -1.314946 -6.535599 1.719793 1.403321 0.6585867 19.79403 1.743996 0 0.0
0.00232708 -0.008260801 -2.637962 -7.837897 1.327476 0.8953216 0.5288659 19.26021 2.761843 0 0.0
0.02450251 -0.003213237 -4.375584 -7.247185 0.4344959 0.3215288 0.1467757 18.44885 3.372589 0 0.0
0.0149107 0.008124103 5.88903 -1.215256 3.650894 3.025889 0.3944489 20.44909 nan 0 0.0
-0.00996736 0.007930193 -5.472651 -7.990905 1.108298 0.8807302 0.6525112 19.20767 2.699512 0 0.0
0.002222725 0.01283257 -5.469019 -4.313567 0.9735946 0.7806894 0.6153738 19.04651 2.83786 0 0.0
0.02174667 -0.01904738 -3.706733 -8.029218 2.148385 1.612143 0.6687451 19.89525 1.739428 0 0.0
-0.0007133605 -0.006456424 -3.323999 -4.765526 1.938689 1.464972 0.6819627 19.65252 nan 0 0.0
-0.01390127 0.01939668 -3.241296 -4.726748 2.336452 1.756817 0.7284577 19.95648 3.179321 0 0.0
-0.0115654 -0.0009849336 -5.708089 -2.050184 1.115032 0.906984 0.5353145 19.17297 2.320156 0 0.0
-0.008344099 0.03178174 -5.003017 -6.300776 0.4286522 0.3411543 0.5702436 17.75286 3.458065 1 0.0
0.008827852 -0.002279733 1.010558 -5.5025 1.950142 1.28502 0.6210832 19.48856 2.581486 0 0.0
0.008723392 0.002002274 -2.351427 -5.833499 0.608348 0.4595104 0.1278737 18.86126 2.640781 0 0.0
0.008199092 0.001622758 -0.4844559 -0.1518034 0.4176297 0.3165311 0.08326622 18.21016 2.971081 0 0.0
-0.0297064 0.00517 -2.348722 -6.523023 0.6668332 0.4841702 0.2897072 18.86643 nan 0 0.0
0.001278703 -0.004760796 -2.660624 -1.324107 0.7551673 0.5801568 0.4820625 18.66811 3.107573 0 0.0
-0.02727129 0.01510992 -5.346013 -5.565013 0.5808648 0.4557045 0.5145371 17.06461 5.119565 0 0.0
0.02033438 -0.005276016 -6.838539 -4.840061 1.94265 1.508213 0.6761618 19.6915 nan 0 0.0
0.004083929 0.009172307 -2.737645 -7.018604 0.4371257 0.3407006 0.02957522 18.40151 2.983521 0 0.0
0.02345455 -0.001126336 -6.176497 -4.561392 1.352296 1.124852 0.5781021 19.53053 2.498867 0 0.0
-0.01510355 -0.004496853 -0.9612908 -0.3981985 2.75451 2.082032 0.4308628 20.03558 2.597595 0 0.0
0.004031515 0.009555686 -3.859089 -8.419519 1.143393 0.7869034 0.3793873 19.06025 nan 0 0.0
0.00282522 -0.00353059 -1.110159 -5.250036 0.9448103 0.701677 0.6838792 18.67948 nan 0 0.0
0.008803426 0.01722863 -5.988976 -7.294684 1.63136 1.290543 0.6465465 19.70035 2.294603 0 0.0
0.0236381 -0.0008440935 -9.873102 -8.005173 1.712083 1.500586 0.5074387 19.79381 nan 0 0.0
-0.009785921 0.02823584 -5.355576 -0.9552707 1.477216 1.197513 0.6254729 19.6604 2.116787 0 0.0
0.001750424 -0.00953299 -5.680086 -8.13168 1.919575 1.319294 0.5864503 19.74692 nan 0 0.0
-0.01672842 -0.005893302 -9.025737 -5.929606 2.587596 2.243474 0.5683727 20.31781 nan 0 0.0
-0.004199776 0.001405578 -5.826575 -10.58372 1.640872 1.49483 0.3242977 19.35162 2.640358 0 0.0
0.012736 0.0167895 -3.13475 -9.208972 0.8928625 0.6648336 0.2308624 18.27026 2.848133 0 0.0
-0.031017 0.004841522 2.257084 -2.170904 2.287978 1.84853 0.5072407 19.85359 2.74637 0 0.0
-0.009598437 -0.01121574 -2.035733 -10.53001 3.516717 2.618325 0.5410329 20.48082 nan 0 0.0
0.003113651 -0.0004349717 0.5833189 -9.555545 1.66778 1.532238 0.4120489 18.93661 nan 0 0.0
0.001986484 -0.001390523 -2.536216 -6.519874 0.2079607 0.1581388 0.1367989 15.63172 3.653305 0 0.0
-0.01289977 -0.01937957 -5.204379 -6.741535 0.5287726 0.4127451 0.5538263 18.05384 3.496399 1 1.227356e-06
-0.02412407 0.01038435 -1.716627 -6.131091 1.319111 0.953542 0.2240553 19.13053 nan 0 0.0
0.001750559 -0.002149644 3.674082 -0.546371 1.361873 0.9178605 0.5041887 18.60444 nan 0 0.0
0.02830852 0.01467474 -2.686631 -3.374192 0.5015128 0.3451843 0.4745218 17.70714 3.620584 1 0.0
-0.005118049 0.0166319 -3.611838 -6.517959 1.23243 0.9951883 0.611068 19.30895 nan 0 0.0
0.007935456 -0.01657714 -8.135751 -7.18298 0.6581981 0.436539 0.304346 18.91941 2.749615 0 0.0
-0.005118067 0.01697141 -3.598572 -6.716422 0.5017182 0.3629284 0.09787892 18.56591 nan 0 0.0
0.001488428 -0.002666531 -0.6655175 -8.49009 1.444857 1.000752 0.3379065 18.61614 nan 0 0.0
-0.01224748 0.003359922 -2.837937 -8.551519 0.8577199 0.6153561 0.3748921 19.09123 2.551636 0 0.0
0.000859334 -0.003065159 -2.426739 -6.212603 0.832722 0.5816932 0.4538483 18.67076 nan 0 0.0
-0.002888273 -0.0266076 -3.218556 -7.029555 0.3803936 0.3387194 0.4578977 17.76234 3.299469 1 0.1023066
0.002091323 -0.001886436 -2.558343 -7.751976 0.9532272 0.6768647 -0.05492952 18.76443 nan 0 0.0
0.002038874 -0.003067084 -4.840125 -3.188472 1.090191 0.7993399 0.0913084 18.62601 nan 0 0.0
-0.01405624 0.003401636 -0.622132 -1.7299 0.4529752 0.3385831 0.5952177 17.86817 2.40819 0 0.0
0.01461947 -0.01071855 -0.8812075 -6.28804 0.6363524 0.4698713 0.1696966 18.85988 3.021717 0 0.0
0.002877703 -0.001552671 -2.124203 -6.146219 1.877818 1.508756 0.8590963 19.14729 nan 0 0.0
-0.01607278 -0.008025606 -0.1760601 -3.39097 1.099871 0.6644137 -0.362636 18.94988 nan 0 0.0
0.01236789 0.008502119 -3.653415 -4.401563 0.7323632 0.5159303 0.07663155 18.92965 2.648293 0 0.0
-8.432918e-05 0.03275485 -2.717148 -3.339039 1.308427 1.052995 0.6424019 19.57645 2.14221 0 0.0
-0.00957459 0.01249643 0.8877239 0.2061707 1.361257 1.017985 0.3688355 18.96147 2.985022 0 0.0
-0.01268892 -0.02838032 -0.6931334 0.8890466 0.653122 0.4807151 0.2674586 18.79032 nan 0 0.0
-0.007422354 -0.01991687 -2.907672 -5.461137 1.227342 0.8931947 0.3202447 19.18533 2.216942 0 0.0
-0.001289736 -0.02641874 2.577595 -11.53982 0.4851369 0.3749412 0.05465984 18.70138 1.943546 0 0.0
-0.01153977 0.003852106 -7.597016 -1.527604 0.9289647 0.6836442 0.8667409 16.74266 4.156054 0 0.0
-0.005825419 0.008392112 -4.731455 -1.05686 2.602959 2.047165 0.8374123 19.8873 2.750645 0 0.0
0.02285087 -0.004431626 -0.1132423 -3.067824 0.5963242 0.4298635 0.1709817 18.90301 2.763531 0 0.0
-0.02310456 0.02245239 -1.2887 -5.627448 0.6026824 0.4530362 0.3300972 18.63072 3.032204 0 0.0
-0.002809618 -0.02791795 -10.85367 -12.29171 3.462737 2.743196 0.4585114 20.42893 nan 0 0.0
-0.01418581 -0.006755014 -3.583824 -4.497982 1.012274 0.8751419 0.5483044 19.19248 3.225698 0 0.0
-0.03293017 0.003477131 -1.738295 -4.153653 0.1410441 0.1071319 0.2131928 15.6998 2.742123 1 0.0
0.02099096 0.0006633266 -2.504178 -6.098867 0.1960355 0.1488879 0.1821457 16.29918 3.515924 1 0.9121789
0.02777801 -0.006660707 -3.863976 -4.490089 1.001155 0.7887049 0.5465657 19.08566 2.799683 0 0.0
-0.00991206 -0.01988467 -0.5745727 -5.393535 0.8225483 0.658078 0.0479579 19.0637 2.765345 0 0.0
0.004110182 0.01005922 -1.668051 -9.995111 1.678909 1.314979 0.6507113 19.5803 nan 0 0.0
0.002013209 0.02306168 -3.337776 -4.43531 0.6238115 0.4161371 0.348579 18.77857 2.346846 0 0.0
-0.01565257 -0.01319636 -1.281072 -6.170988 1.845143 1.408669 0.6949012 19.78164 nan 0 0.0
-0.01035892 -0.007553705 -3.08969 -6.831927 1.432548 1.165887 0.5919048 19.44657 2.592484 0 0.0
0.001409626 -0.01393705 -2.404276 -6.086087 0.6305728 0.4536937 0.1072274 18.70813 3.065781 0 0.0
-0.007135685 0.001800226 -1.36706 -7.205655 0.6428576 0.4570611 0.1311315 18.75743 2.354635 0 0.0
0.02426338 -0.01600004 -2.355771 -4.387854 3.226022 2.383184 0.6096008 20.26952 nan 0 0.0
0.00188181 0.007568295 -3.090705 -7.332006 2.142466 1.991032 0.6064686 19.64697 nan 0 0.0
0.005395666 0.02646045 -1.578226 -5.328811 1.113428 0.8677056 0.6739592 19.17204 nan 0 0.0
-0.01486578 -0.01652074 0.8021653 -4.157087 1.940356 1.536729 0.6304551 19.86548 2.820755 0 0.0
-0.00139488 -0.004272517 -0.9157923 -5.562571 0.5702059 0.4196857 0.2362041 18.78878 2.832323 0 0.0
-0.01617453 -0.02644107 -0.4538783 -2.734618 0.4332321 0.3378127 0.06472153 18.51641 2.298491 0 0.0
-0.008288688 -0.002645896 7.763074 -1.486439 1.28992 1.046958 0.4953607 19.49475 nan 0 0.0
-0.0142419 0.01800808 -12.30374 -12.24782 2.283064 1.852724 0.8416938 19.69362 2.673882 0 0.0
-0.007372512 0.01362196 -1.168757 -0.3538287 0.781189 0.5713637 0.3767641 18.98896 nan 0 0.0
0.01283504 -0.02684111 -2.856026 -4.820812 0.554982 0.3979426 0.0970075 18.56683 3.098757 0 0.0
0.02018204 0.01820348 -2.860272 -6.348012 0.4059058 0.2949387 0.1169019 18.24879 2.768444 0 0.0
0.02188343 0.006064739 4.266685 -6.367708 1.123437 0.8661546 0.1006623 18.89592 2.680189 0 0.0
-0.007634779 0.01490749 -4.183259 -9.320606 0.9441599 0.7611428 0.6239033 19.18083 nan 0 0.0
0.01900343 0.02426527 -2.987211 -4.280683 1.488273 1.290565 0.5989635 19.69983 2.126488 0 0.0
-0.004567961 0.02666458 -5.287908 -6.353668 0.6032873 0.4764714 0.8488457 16.75166 3.568127 0 0.0
-0.007818269 0.01455271 -3.989668 -1.87027 0.6869523 0.5290524 0.144596 18.85487 nan 0 0.0
-0.008944396 0.00171043 -1.632296 -5.431403 0.6659088 0.5021352 0.1237968 18.75659 1.477131 0 0.0
0.008750776 0.01485971 -4.781963 -10.39951 2.00638 1.489943 0.8209031 19.46046 2.29763 0 0.0
0.001357559 0.0108642 -7.487227 -5.572189 2.068634 1.776727 0.3408793 19.82557 nan 0 0.0
-0.02658792 0.008865448 -2.613467 -8.83149 0.6696181 0.5178286 0.1328878 19.00944 3.084856 0 0.0
0.01110565 -0.02536461 -9.418028 -3.965427 0.6485445 0.4680864 0.09487862 18.84522 3.024704 0 0.0
0.01162986 -0.02460745 -9.127099 -6.558903 1.860536 1.601931 0.5939998 19.98358 1.989542 0 0.0
-0.02066453 0.01468432 -6.109932 -8.901824 0.6841607 0.5318072 0.1188338 18.58819 3.37981 0 0.0
-0.02052473 -0.02609286 -7.089833 -4.541051 0.4469203 0.3498064 0.5365756 17.8103 3.345472 1 0.0
-0.009940095 -0.002220714 -5.228565 -3.359096 0.8720104 0.515328 -0.4279315 18.34009 2.744175 0 0.0
-0.005403835 -0.02968617 -5.031097 -5.279948 1.193812 0.9322319 0.6154241 19.45224 2.870895 0 0.0
-0.003596974 0.004133111 -5.162135 -1.329737 0.312161 0.2396029 0.4535041 16.54785 3.759282 1 0.0
-0.0268697 -0.01471137 -5.622221 -5.74284 0.4566754 0.3328732 0.1584618 18.56282 2.838854 0 0.0
0.004844589 0.01740439 -4.445519 -4.001015 2.31029 1.77205 0.7386235 20.05361 2.424446 0 0.0
-0.01694248 0.01892317 -4.292064 -4.715006 1.169868 1.014242 0.6093309 19.36153 2.724487 0 0.0
0.01844742 -0.003892808 -6.290847 -8.256671 0.5685558 0.4189155 0.1543267 18.43176 3.580612 0 0.0
0.0005972946 0.009887648 -3.689778 -6.817411 1.373672 1.109457 0.6202792 19.49889 nan 0 0.0
0.01060758 -0.02672068 5.913601 4.480937 0.3964376 0.3120985 0.3675925 17.63336 3.137337 1 0.0
0.01134389 -0.005074263 -2.135648 -0.2802222 0.2571465 0.2028051 0.5385182 17.25294 1.802841 0 0.0
-0.01683369 -0.003491968 -2.116184 -6.501584 0.4168601 0.3706745 0.3035153 16.49101 5.451341 0 0.0
-0.01293134 0.02044395 2.654187 -6.194229 0.5368681 0.3917217 0.1534222 18.74699 2.874125 0 0.0
-0.02380619 -0.00291933 -3.935065 -7.438558 3.063186 2.156952 0.5516885 20.23895 2.621239 0 0.0
0.01894957 0.01702499 1.649601 -5.009381 0.4534526 0.3280473 0.1237828 18.45432 3.110613 0 0.0
0.00777949 -0.0007213384 -5.510388 -8.393128 1.116165 0.8866873 0.531639 18.99349 2.320265 0 0.0
-0.02399305 0.01059419 1.280519 4.089246 0.6109678 0.4627483 0.19328 18.62246 2.501274 0 0.0
0.01659191 0.02808995 -6.420379 -8.423993 0.6460373 0.4970496 0.158415 18.91702 2.548101 0 0.0
0.01042537 -0.01543678 -2.336928 -5.054289 1.113928 0.8605642 0.6386154 19.28429 2.701057 0 0.0
0.001934706 0.03075021 0.315304 -5.659177 0.5563865 0.4086168 0.2602048 18.55759 2.978476 0 0.0
-0.012853 0.02280145 0.4141229 -2.955922 0.3751443 0.3303086 0.5234615 17.862 nan 0 0.0
