data/gcs/Terzan_1_HP_2.ecsv
# %ECSV 0.9
# ---
# datatype:
# - {name: x, unit: deg, datatype: float64}
# - {name: y, unit: deg, datatype: float64}
# - {name: pmx, unit: mas / yr, datatype: float64}
# - {name: pmy, unit: mas / yr, datatype: float64}
# - {name: pmx_e, unit: mas / yr, datatype: float64}
# - {name: pmy_e, unit: mas / yr, datatype: float64}
# - {name: pm_corr, datatype: float64}
# - {name: g_mag, unit: mag, datatype: float64}
# - {name: bp_rp, unit: mag, datatype: float64}
# - {name: filter, datatype: int64}
# - {name: memberprob, datatype: float64}
# meta: !!omap
# - comments: [deg deg mas/yr mas/yr mas/yr mas/yr dimless mag   mag   zeroone float]
# - __serialized_columns__:
#     bp_rp:
#       __class__: astropy.units.quantity.Quantity
#       unit: &id001 !astropy.units.Unit {unit: mag}
#       value: !astropy.table.SerializedColumn {name: bp_rp}
#     g_mag:
#       __class__: astropy.units.quantity.Quantity
#       unit: *id001
#       value: !astropy.table.SerializedColumn {name: g_mag}
#     pmx:
#       __class__: astropy.units.quantity.Quantity
#       unit: !astropy.units.Unit {unit: mas / yr}
#       value: !astropy.table.SerializedColumn {name: pmx}
#     pmx_e:
#       __class__: astropy.units.quantity.Quantity
#       unit: !astropy.units.Unit {unit: mas / yr}
#       value: !astropy.table.SerializedColumn {name: pmx_e}
#     pmy:
#       __class__: astropy.units.quantity.Quantity
#       unit: !astropy.units.Unit {unit: mas / yr}
#       value: !astropy.table.SerializedColumn {name: pmy}
#     pmy_e:
#       __class__: astropy.units.quantity.Quantity
#       unit: !astropy.units.Unit {unit: mas / yr}
#       value: !astropy.table.SerializedColumn {name: pmy_e}
#     x:
#       __class__: astropy.units.quantity.Quantity
#       unit: &id002 !astropy.units.Unit {unit: deg}
#       value: !astropy.table.SerializedColumn {name: x}
#     y:
#       __class__: astropy.units.quantity.Quantity
#       unit: *id002
#       value: !astropy.table.SerializedColumn {name: y}
# schema: astropy-2.0
x y pmx pmy pmx_e pmy_e pm_corr g_mag bp_rp filter memberprob
[from data line 1516]
-0.01485614 0.007032268 0.4098933 -1.14123 0.1384791 0.1080293 0.3216981 16.4161 1.694389 1 0.0
-0.04585861 -0.008737823 -2.296029 -4.685565 2.109736 1.534386 0.5441527 20.47377 nan 0 0.0
0.00450172 0.0001458615 -2.795426 -4.54807 1.136367 0.81525 0.6048744 19.20949 nan 0 0.0
-0.007939346 0.01439163 -0.09379252 1.665505 0.2113906 0.160581 0.2104014 17.5888 2.063259 0 0.0
0.01978494 0.01448722 -1.37869 -4.432443 1.223762 0.9623461 0.3182123 19.67137 3.184572 0 0.0
-0.01422518 0.009023634 -1.094761 -4.129624 0.4881836 0.3396463 0.5534644 18.14088 3.557779 0 0.0
-0.03196789 -0.02573628 -4.660855 -11.81161 1.399096 1.042766 0.3512663 19.70573 2.604435 0 0.0
-0.0144641 0.02383225 -1.669299 -1.377463 0.2565823 0.195517 0.1629061 17.49327 nan 0 0.0
0.01144522 0.002706862 -0.8457133 -4.173237 1.111667 0.7931288 0.09818149 19.57682 3.180475 0 0.0
-0.01950567 -0.02236842 -7.514376 -3.487278 1.696871 1.255417 0.4881072 19.08301 3.574837 0 0.0
-0.03828733 -0.002569999 -0.5405244 3.973062 2.563206 1.92378 0.4762317 19.6837 2.572817 0 0.0
0.0143166 0.03399463 -3.769286 -2.370836 0.6300807 0.4776799 0.2345396 18.95158 4.213825 0 0.0
0.02033066 -0.01739995 -2.596514 -4.799607 0.4585264 0.3226918 0.4867624 18.35011 2.527605 0 0.0
-0.002520873 0.01908209 -2.370402 -2.852626 0.2878063 0.2104988 0.343943 17.56017 3.393729 0 0.0
0.004792246 0.02505773 -2.44327 -2.180464 1.436171 1.067967 0.4332029 20.01616 2.070738 0 0.0
-0.04262497 -0.006527644 -4.279203 -2.201948 1.511709 1.192348 0.2044645 19.90648 nan 0 0.0
-0.0008897377 -0.004689167 -1.029034 -8.213112 1.601346 1.21363 0.2823421 18.82448 3.847376 0 0.0
0.01178097 -0.04818696 -0.8667755 -4.436175 0.3809321 0.2780856 0.5613981 17.03353 4.949364 1 5.046973e-06
0.009762233 0.005238097 0.4918077 -5.639466 0.2066444 0.1580707 0.1354135 17.28781 1.748638 0 0.0
0.03873665 -0.01914885 2.537919 -0.7024433 2.181879 1.696269 0.8318803 19.96512 2.378729 0 0.0
0.03423151 0.03081202 0.1003539 -1.059773 0.237081 0.1887041 0.1082135 17.49804 3.031509 1 0.0
-0.007754382 0.003882153 -0.1589914 -1.654734 0.5829311 0.4460518 0.1446681 18.3887 nan 0 0.0
0.0178121 0.01421675 -8.477699 -11.2235 3.22648 2.371734 0.4163925 20.23867 2.432247 0 0.0
0.04849779 -0.007577527 -2.064393 -5.750034 0.8053309 0.6012056 0.5094454 19.35644 2.842846 0 0.0
0.04571889 0.01091747 -8.804837 -1.753556 0.9247098 0.6073857 0.5561767 18.70853 nan 0 0.0
0.01323049 -0.02065648 -1.29886 -1.53977 0.997754 0.7514864 0.5102495 19.46697 2.595232 0 0.0
0.01784264 0.0373834 -7.037369 -7.745401 0.5192251 0.3689518 0.4247241 18.67888 4.766901 0 0.0
-0.008360081 0.01291721 -2.390413 -6.701944 2.273046 1.853611 0.7093448 19.86969 nan 0 0.0
0.01767524 -0.01518881 -5.48579 -9.172596 1.027828 0.8159202 0.2643121 19.45612 3.537115 0 0.0
-0.01085871 0.01112597 -0.8578993 -3.031583 1.731958 1.308835 0.7536185 19.71899 nan 0 0.0
0.0353176 -0.0211598 1.181205 -0.3992729 1.022818 0.7640345 0.4905439 19.25446 3.384912 0 0.0
-0.009646684 -0.009948201 -2.117692 -6.669239 1.770788 1.135126 -0.1399595 19.59083 nan 0 0.0
-0.01064825 0.01079983 0.07135895 -2.733555 0.6789095 0.5225149 0.4019217 19.31856 2.968109 0 0.0
0.009157259 0.004799466 -4.527872 -8.141602 1.018196 0.78242 0.2999902 18.99332 nan 0 0.0
-0.045386 -0.007131614 -5.350887 -6.033481 2.384855 1.76284 0.777079 20.14294 nan 0 0.0
0.01872291 -0.03682216 -6.284103 -1.930329 1.092975 0.7378995 0.287867 19.42309 2.469503 0 0.0
0.01840737 -0.03711392 -7.605799 -3.88506 1.595706 1.08317 0.2172518 19.64951 2.55908 0 0.0
0.03750888 0.001830557 0.3647959 -10.3646 1.246857 0.9411883 0.4142869 19.72703 2.619898 0 0.0
0.002950734 0.02373982 0.5784601 5.263346 1.370112 1.103337 0.3808446 19.84826 nan 0 0.0
-0.02273943 -0.02407239 -1.477235 -0.08605842 0.3618802 0.2556638 0.2493985 17.96951 3.654188 0 0.0
0.02139071 0.02008685 -2.262495 -1.576422 1.009599 0.7627288 0.3455245 19.63949 3.495031 0 0.0
-0.004702491 -0.01625735 2.519836 -4.213349 0.4488955 0.2998046 0.3281255 18.39198 2.814144 1 0.0
-0.006176474 0.00628934 -3.28993 -5.078852 0.7901809 0.609595 0.4310528 19.2685 3.225479 0 0.0
-0.03960185 -0.003648177 -2.299825 -0.7130839 1.1025 0.7766164 0.4265029 19.7219 2.767416 0 0.0
-0.02274657 0.006475706 0.2734833 -3.386572 0.9275381 0.6757861 0.3955661 19.36767 2.930395 0 0.0
-0.03500029 -0.001523535 -0.8347534 -5.296879 0.7823942 0.5391952 0.3111137 19.2191 2.624725 0 0.0
-0.007046231 0.03121451 3.351798 -1.094874 3.012061 2.209807 0.808805 20.24519 nan 0 0.0
-0.01634646 -0.04581297 -2.485026 -0.9324016 1.33616 0.9788927 0.7592166 19.35061 3.054108 0 0.0
-0.004073499 0.03399941 -3.169117 -2.308997 0.6416949 0.4447644 0.5495962 18.87782 3.199455 0 0.0
0.001241044 0.04138092 -6.535489 -9.368874 0.5749734 0.3966901 0.4896138 18.43126 3.850977 0 0.0
0.03280869 0.02436567 -6.000043 -0.8786184 2.435266 2.029086 0.7803235 20.02905 2.577705 0 0.0
-0.04559592 -0.008127348 1.629233 -3.01135 1.618489 1.199378 0.7681891 19.72815 2.498304 0 0.0
-0.006043779 -0.01280703 -4.942912 -5.007644 1.269122 0.9646738 0.6544747 19.38456 3.770372 0 0.0
-0.04112208 -0.01574331 -4.179917 -5.088474 0.2998038 0.2150201 0.2328699 17.88741 2.79631 1 0.01393241
0.01631236 0.01172983 -5.434854 -1.52576 2.390528 2.065888 0.6498734 20.08954 2.682234 0 0.0
0.01814868 -0.01454994 -5.299764 -6.506776 0.6317129 0.4551853 0.4704447 18.72133 3.838017 0 0.0
-0.005412673 -0.01262388 0.2370512 -4.388615 1.211774 0.8708879 0.2145621 19.42342 nan 0 0.0
-0.01541149 0.02605608 -5.636828 -5.821376 1.398761 1.045384 0.4177455 20.06969 nan 0 0.0
0.04734037 -0.00820829 -0.6520469 -5.008238 0.9057386 0.6693953 0.5136831 19.40195 3.419102 0 0.0
0.02664447 -0.00664212 -3.485609 -9.944704 0.3526297 0.2724603 0.329143 17.15589 4.704983 1 0.0
0.009441946 -0.04286329 -3.107929 -6.655781 1.360153 0.9064255 0.4763389 19.68143 nan 0 0.0
0.0009513526 0.01384454 3.373611 0.3958567 1.355087 1.108595 0.6510498 19.41369 3.023748 0 0.0
0.02554702 0.02032236 2.526491 -5.131706 1.014243 0.8510097 0.2369409 19.77225 nan 0 0.0
0.04912939 -0.00667376 -8.086133 2.76288 1.592618 1.104644 -0.09389391 19.38095 nan 0 0.0
0.01063075 0.01048131 -2.226559 -3.335079 0.608835 0.4304921 0.4047878 18.59672 3.769848 0 0.0
0.02894625 0.03993086 0.8740901 -1.949657 0.186919 0.145079 0.1771316 17.02499 2.632181 1 0.0
-0.00638873 0.03439983 -0.312805 -0.6906066 0.7546695 0.5848984 0.4639703 19.36693 2.64382 0 0.0
0.001871823 0.005547559 1.83234 -8.920772 0.4313772 0.3345831 0.1330829 14.84051 1.312505 0 0.0
-0.0137218 -0.01675602 -2.635091 -4.350247 0.2413372 0.1915143 0.1124901 16.86822 4.222319 1 0.804433
0.01849901 0.03010675 -0.3404636 -0.3967284 0.1531111 0.1176442 0.09415162 16.22761 3.13505 1 0.0
0.02114657 -0.01390205 -7.729432 -12.29696 2.619904 1.94783 0.8502255 19.91096 3.179766 0 0.0
-0.01303636 -0.02986322 2.684158 0.6817539 1.544795 1.008255 0.5775471 19.87071 2.858147 0 0.0
0.02229906 -0.03373873 -0.4271861 -4.783099 1.443454 1.000222 0.6383421 19.74641 nan 0 0.0
-0.001231826 0.01153283 -3.501243 -4.600949 0.2071302 0.1642922 0.3762069 17.04425 nan 0 0.0
-0.008540306 -0.03149732 -6.253692 -1.651394 0.5706112 0.3870432 0.444201 18.6933 2.987186 0 0.0
0.02238278 -0.01265301 1.039452 -0.8363997 0.996196 0.7367341 0.5547276 19.63499 nan 0 0.0
-0.006886644 0.006647873 2.032885 -7.491527 0.2911058 0.223284 0.1602212 17.3977 4.209302 1 0.0
-0.01900777 -0.01376809 -2.285197 -3.786353 1.198461 0.7596381 0.8401562 18.32532 2.907518 0 0.0
-0.009512123 -0.04137557 -8.524688 -1.003573 1.002711 0.6899938 0.5236275 19.54943 4.030993 0 0.0
-0.003099551 0.01801205 -9.933865 -9.014115 1.019913 0.7772644 0.4684123 19.64161 3.017065 0 0.0
-0.02098482 0.008629498 -4.287583 -3.392783 0.7232753 0.4834858 0.28952 18.85492 3.643934 0 0.0
-0.03060878 0.0001010989 -3.479006 -0.1223568 1.081633 0.7571426 0.3434154 19.7734 3.234079 0 0.0
0.0385274 -0.01634497 -2.523094 -1.619898 0.9103489 0.6568971 0.539554 19.21346 nan 0 0.0
-0.02151074 0.008060993 -4.253948 -6.683385 2.535541 1.985368 0.713689 20.18644 nan 0 0.0
0.003082029 0.0162344 -3.012043 -5.348128 0.3102809 0.2473841 0.3200188 16.51178 4.012705 0 0.0
0.003264504 -0.03310299 0.5159852 -3.928315 1.016722 0.7002516 0.3856446 19.48353 nan 0 0.0
-0.01114482 -0.01702081 -0.8975378 -1.754621 0.1325016 0.09998873 -0.08137384 15.94781 2.836939 1 0.0
-0.02635577 0.02817661 -6.794552 1.4969 0.6111782 0.4205093 0.5521666 18.54969 3.653463 0 0.0
-0.0009951042 0.01210504 -0.4183999 -0.02852244 0.167079 0.1301651 0.1673417 16.2322 2.923653 0 0.0
-0.00465109 0.008662166 -3.951714 -4.792199 0.5113692 0.3571045 0.3844848 18.30541 3.343096 0 0.0
-0.006518976 0.01495822 -4.445049 -11.60633 1.37653 1.081521 0.5870887 20.00596 nan 0 0.0
0.003503109 0.02209758 -2.182314 -3.63647 1.579555 1.144 0.8146732 19.44811 3.443878 0 0.0
0.02348301 -0.03014556 -6.877376 -5.890453 2.347178 1.763446 0.7836087 20.07071 2.659996 0 0.0
-0.004335522 0.01000114 -4.543544 -4.932548 0.5695289 0.404058 0.4433241 18.7381 3.645958 0 0.0
0.007686243 0.02830194 -2.198937 -0.2936833 1.071555 0.8340736 0.5124265 19.83947 2.448925 0 0.0
-0.04688329 -0.01067236 -2.607106 -4.729112 0.5398148 0.3678176 0.6416923 18.12047 3.842213 1 0.4850837
0.01436824 0.02739901 -3.21433 -18.78002 2.832655 2.036584 0.5978337 19.99171 3.022554 0 0.0
0.01347367 0.02648933 -3.048033 -4.780858 0.2574733 0.1988202 0.08712404 16.19262 4.103288 0 0.0
0.009632934 0.02756935 -1.79252 -3.02133 0.2737943 0.2144504 0.1025889 17.88251 3.503437 0 0.0
-0.005415426 0.03689661 -2.940139 -2.864488 1.584066 1.277335 0.1749454 20.13486 2.719437 0 0.0
-0.007386432 0.007368815 -2.873147 -5.031237 0.4821285 0.3491052 0.4727116 18.08065 2.746124 0 0.0
-0.00580696 -0.01533997 -1.438433 -5.236724 0.5925753 0.4272265 0.06161193 18.99358 2.871609 0 0.0
-0.0305567 0.001771953 -7.161416 -5.4258 2.936868 2.019231 0.7480966 20.26033 nan 0 0.0
0.04150893 0.007419373 -3.27062 -3.433388 0.8139972 0.6102939 0.5068516 19.4424 3.149187 0 0.0
0.02588172 -0.00701194 -2.479816 -3.039508 1.244755 0.9961196 0.3442275 19.9251 nan 0 0.0
-0.005729906 0.01582611 -6.30072 -6.40188 0.6846687 0.5234078 0.5110329 19.1435 nan 0 0.0
-0.01149225 0.03036723 5.113507 -0.7255881 1.042873 0.8064699 0.3641004 19.58282 3.226633 0 0.0
0.006763645 0.001934824 -6.416363 -6.582733 1.353549 1.105984 0.6992885 19.08644 nan 0 0.0
-0.01859416 0.0235588 -6.856658 -4.786008 0.5110849 0.3732009 -0.4134388 17.61414 nan 0 0.0
-0.000758391 0.01416116 -6.148706 -7.118468 1.46916 1.116546 0.361991 19.91358 nan 0 0.0
0.02531599 0.04236183 -5.871542 -9.978722 2.80219 2.026167 0.8071996 20.16591 2.210386 0 0.0
-0.01201257 -0.01701328 -2.242257 -3.679246 0.9932268 0.7451394 0.2987733 19.29502 3.313915 0 0.0
0.04587701 0.01154682 1.540884 -1.562511 0.4253793 0.3044914 0.2835989 17.68182 4.250907 0 0.0
-0.03229909 0.02156204 -5.336084 -5.139918 0.6862583 0.4860997 0.1539509 18.96707 3.512053 0 0.0
0.005764647 0.009034039 -2.408599 -4.798556 0.2436789 0.1868039 0.1988494 17.18384 3.770304 1 0.9460762
0.04003451 0.003742622 -3.856277 0.272083 0.7266279 0.5610489 0.4204724 19.12986 2.934063 0 0.0
-0.00696423 -0.01178475 -1.093479 -3.804282 1.816652 1.273527 0.2544784 19.94916 3.681271 0 0.0
-0.01256787 0.006979184 -2.865449 -2.953473 1.304708 0.9582429 0.2273673 18.59517 nan 0 0.0
0.01702664 0.03512143 -2.849619 -4.111761 1.705348 1.37233 0.4538404 20.14353 nan 0 0.0
0.003529304 0.01903437 -2.704959 -4.452296 0.2407059 0.1870825 0.1660996 17.05754 3.927314 1 0.9173316
0.0002936128 -0.0348596 -0.5010072 -1.445907 0.495211 0.3339241 0.4150405 18.34963 3.773838 0 0.0
0.008736334 0.0036303 -1.605404 -3.954817 1.771064 1.567542 0.3133974 19.52237 nan 0 0.0
-0.01748948 0.02463475 -3.878303 -4.479782 0.7035878 0.550666 0.5245603 19.15099 3.327763 0 0.0
-0.04954341 -0.002586522 -8.106494 -6.157886 1.094845 0.7927827 0.3469989 19.85063 3.121889 0 0.0
-0.005019621 0.01445095 -2.193254 -2.64717 1.103651 0.8282325 0.4529211 19.78076 2.270094 0 0.0
0.0211835 0.03497185 -1.378312 -2.908919 0.1429226 0.1133838 -0.07925318 15.5405 3.407614 1 0.0
-0.01867304 0.02335851 -5.867546 -5.404263 0.6451052 0.5138662 0.1429492 17.56146 4.503915 0 0.0
0.003898594 0.04449555 -0.5510482 -5.622279 1.400048 1.044706 0.3391021 20.00857 nan 0 0.0
-0.01087908 -0.04192121 9.289054 -1.835029 0.898235 0.6177279 0.5244675 19.47939 2.472897 0 0.0
-0.009072084 0.03234731 -2.910775 -4.658825 0.6480703 0.4861273 0.3502059 18.99506 3.25309 0 0.0
-0.0003375349 0.01549821 -6.633102 -1.012805 1.74611 1.361543 0.1803706 19.77544 nan 0 0.0
0.01194784 0.02638081 -4.160812 -6.494027 0.8959128 0.6623655 0.3410002 19.57803 2.973509 0 0.0
0.02147317 0.03618295 -0.8348029 -2.953278 1.064803 0.8850483 0.281568 19.7434 nan 0 0.0
0.0008726911 0.04172234 1.978535 -5.33683 1.044548 0.8005381 0.5952844 19.64547 nan 0 0.0
-0.04215088 -0.008198275 -7.100491 -6.429375 2.838357 2.103388 0.4787428 20.76331 1.059818 0 0.0
0.04737523 0.009379357 8.459856 -1.617786 1.664448 1.390652 -0.1874336 12.62836 0.9504633 0 0.0
-0.03052336 -0.02067372 -0.755698 -6.898201 1.063549 0.7766714 0.3886613 19.78612 2.899088 0 0.0
0.01978464 0.01303382 -7.648435 -13.81042 1.985641 1.539221 0.4050604 20.06464 3.311728 0 0.0
0.003424967 0.04416179 -5.794364 -11.02928 1.106776 0.8362271 0.3640983 19.94655 nan 0 0.0
-0.01409465 0.01576232 -3.545649 -5.202345 0.3033083 0.2323222 0.179893 17.77734 nan 0 0.0
-0.03464021 0.02128086 -2.434458 -1.585482 0.3496899 0.2610172 0.210629 17.80996 4.118502 1 0.0
0.04258791 0.008771217 -1.973232 -3.775781 0.3995097 0.3009619 0.1579512 17.61372 5.750936 1 0.005407811
-0.0004428653 0.04052453 -5.07036 -4.498051 1.019375 0.7781071 0.473435 19.52765 3.845703 0 0.0
-0.02616591 0.006905907 -0.6524844 2.330308 1.508233 1.236151 -0.6957645 18.85177 nan 0 0.0
-0.01138449 0.008737905 -3.043399 -4.425265 0.3550964 0.279898 0.1208209 17.45411 4.379653 0 0.0
0.04928783 -0.005394009 0.5607796 -1.359881 0.8663158 0.6280533 0.544373 19.23756 nan 0 0.0
0.008580467 0.02563349 -9.594571 -12.40028 2.098335 1.515139 0.8343998 19.76793 nan 0 0.0
0.009179165 -0.04176845 -1.102985 -8.36705 1.204872 0.8235519 0.3791481 19.43867 3.640787 0 0.0
0.0375198 0.03018711 2.672084 -2.442525 1.583887 1.143822 0.3139751 18.70201 3.450645 0 0.0
0.03906228 0.006008948 0.1734124 -2.493243 0.9557853 0.7643076 0.3200904 19.26452 nan 0 0.0
0.00550113 0.0003174715 -3.151074 -5.167529 0.685547 0.4902348 0.4320452 18.69132 3.545771 0 0.0
0.0303736 -0.0233287 -0.8641879 -2.948136 1.524883 1.179466 0.8261965 19.64069 2.543833 0 0.0
-0.03881189 -0.006123598 -3.331515 -6.776893 1.308532 0.9817306 0.4666548 20.0491 2.686087 0 0.0
0.01231789 0.04022239 -1.841779 -7.296339 1.268579 0.9333754 0.5643254 19.64637 nan 0 0.0
-0.00117943 0.02885346 -4.776438 -3.513492 0.6440798 0.4857827 0.5130539 18.99776 3.241224 0 0.0
-0.006727368 -0.01454848 -2.778412 -4.929381 0.9021601 0.637442 0.3289937 19.52734 nan 0 0.0
-0.01643523 0.01285706 0.2342194 0.2855595 0.8813737 0.6983686 0.47897 19.28767 2.762917 0 0.0
-0.01025555 0.02827691 -3.005884 -4.750649 0.2588092 0.2051938 0.3462023 16.73946 3.839886 1 0.923688
0.008765613 0.03673424 -8.11878 -6.661023 0.4727193 0.3272039 0.5217347 18.37816 3.948118 1 0.0
0.008740422 0.04921402 -5.331349 -8.061523 1.416137 1.0822 0.3133856 20.14033 nan 0 0.0
0.01089694 0.0387272 -9.253847 -4.248685 0.6421975 0.4437696 0.4764217 18.57862 4.151272 0 0.0
0.01663353 0.04414707 -0.1552694 -2.020863 0.2044425 0.159275 0.06705635 17.40421 2.130077 1 0.0
-0.004914461 0.01554577 -0.0306805 4.832958 1.249245 0.9348023 -0.06397113 19.54095 nan 0 0.0
8.334342e-05 0.02935892 0.8753083 -6.345788 0.3555975 0.2693514 0.413378 16.94217 4.926958 1 0.0
0.02535634 -0.004785926 -1.933583 0.3503906 0.6305526 0.5055557 0.4478925 16.58813 5.47154 0 0.0
-0.004309475 0.01577087 -0.1465738 -2.543708 0.7039801 0.5342356 0.3381461 19.04239 nan 0 0.0
0.01123517 0.005785347 -3.219258 -4.949593 1.004623 0.8131071 0.7158339 19.12309 3.073887 0 0.0
0.02102628 0.03794353 2.925743 -0.3646454 1.09345 0.9079299 0.1085771 19.38236 2.612223 0 0.0
