data/gcs/Terzan_9.ecsv
# %ECSV 0.9
# ---
# datatype:
# - {name: x, unit: deg, datatype: float64}
# - {name: y, unit: deg, datatype: float64}
# - {name: pmx, unit: mas / yr, datatype: float64}
# - {name: pmy, unit: mas / yr, datatype: float64}
# - {name: pmx_e, unit: mas / yr, datatype: float64}
# - {name: pmy_e, unit: mas / yr, datatype: float64}
# - {name: pm_corr, datatype: float64}
# - {name: g_mag, unit: mag, datatype: float64}
# - {name: bp_rp, unit: mag, datatype: float64}
# - {name: filter, datatype: int64}
# - {name: memberprob, datatype: float64}
# meta: !!omap
# - comments: [deg deg mas/yr mas/yr mas/yr mas/yr dimless mag   mag   zeroone float]
# - __serialized_columns__:
#     bp_rp:
#       __class__: astropy.units.quantity.Quantity
#       unit: &id001 !astropy.units.Unit {unit: mag}
#       value: !astropy.table.SerializedColumn {name: bp_rp}
#     g_mag:
#       __class__: astropy.units.quantity.Quantity
#       unit: *id001
#       value: !astropy.table.SerializedColumn {name: g_mag}
#     pmx:
#       __class__: astropy.units.quantity.Quantity
#       unit: !astropy.units.Unit {unit: mas / yr}
#       value: !astropy.table.SerializedColumn {name: pmx}
#     pmx_e:
#       __class__: astropy.units.quantity.Quantity
#       unit: !astropy.units.Unit {unit: mas / yr}
#       value: !astropy.table.SerializedColumn {name: pmx_e}
#     pmy:
#       __class__: astropy.units.quantity.Quantity
#       unit: !astropy.units.Unit {unit: mas / yr}
#       value: !astropy.table.SerializedColumn {name: pmy}
#     pmy_e:
#       __class__: astropy.units.quantity.Quantity
#       unit: !astropy.units.Unit {unit: mas / yr}
#       value: !astropy.table.SerializedColumn {name: pmy_e}
#     x:
#       __class__: astropy.units.quantity.Quantity
#       unit: &id002 !astropy.units.Unit {unit: deg}
#       value: !astropy.table.SerializedColumn {name: x}
#     y:
#       __class__: astropy.units.quantity.Quantity
#       unit: *id002
#       value: !astropy.table.SerializedColumn {name: y}
# schema: astropy-2.0
x y pmx pmy pmx_e pmy_e pm_corr g_mag bp_rp filter memberprob
[from data line 2184]
-0.04410559 0.005846269 1.35793 -1.663795 1.46586 1.408253 0.4849654 19.79639 3.260536 0 0.0
-0.02137325 0.03785624 -0.5516138 -1.678402 0.514899 0.4140109 0.5150013 18.34198 nan 0 0.0
0.007852381 0.007256487 2.516433 4.071154 0.2654458 0.2213206 0.2185448 17.79279 2.468927 0 0.0
0.01307948 -0.005103615 -0.7300825 -8.837246 0.2777885 0.2260903 0.1765147 17.27322 3.963588 1 0.0
-0.03346626 0.03370674 -2.508114 -0.9398094 1.161079 1.110303 0.5102201 19.61294 1.817638 0 0.0
0.006300205 0.008044319 -0.8266644 -1.060829 1.460875 1.16352 0.2238265 18.90213 3.011816 0 0.0
0.03201448 0.03336384 -4.927728 -7.517823 0.439109 0.35751 0.2403932 18.40598 2.971315 0 0.0
0.01406229 0.01552806 -1.639161 -5.819333 1.29055 1.031339 0.7876374 18.87745 nan 0 0.0
0.03413967 0.03540217 0.3708457 -3.321503 0.6154528 0.4997927 0.2372881 18.84406 2.063757 0 0.0
-0.003313851 0.0462906 0.111282 -1.908816 1.402371 1.21492 0.3650363 20.00893 1.900547 0 0.0
0.0003364527 0.03552939 -8.374691 -9.762616 1.667068 1.602828 0.8613724 19.51634 nan 0 0.0
0.01297136 0.001820073 -4.036122 -3.761259 0.6466624 0.5421013 0.4660649 18.82744 3.111515 0 0.0
-0.01238333 0.0290628 -4.227921 -10.10114 0.4306474 0.3542527 0.3438821 18.33926 3.119534 0 0.0
0.01529127 0.04112642 1.290095 -5.316367 0.4928121 0.400981 0.3970138 18.71153 2.852043 0 0.0
0.01822909 0.01559804 -5.205584 -10.16726 0.5640737 0.4648013 0.4205498 18.29066 2.682865 0 0.0
-0.03081675 0.006476276 0.02705242 -0.6633838 0.2837394 0.232163 0.1951538 17.48856 3.250125 1 0.0
0.009922344 0.011092 -9.553453 -10.86392 2.417618 2.152063 0.9297495 19.44159 nan 0 0.0
0.03666112 -0.0008916465 -6.075796 -0.9510021 0.9594704 0.8596388 0.6536382 19.10002 nan 0 0.0
0.0216387 0.04375753 -2.51242 -3.332818 0.5400439 0.4398742 0.1653408 18.58441 nan 0 0.0
-0.01263013 0.04404881 2.491826 -1.792297 1.04566 0.958673 0.6643118 19.36607 2.16205 0 0.0
0.023242 0.02469136 -4.700099 -9.313641 0.5779523 0.4578067 0.312316 18.64528 2.828405 0 0.0
0.003849916 0.02576179 0.4540283 -2.954393 1.230771 1.102681 0.766204 19.46537 2.267708 0 0.0
0.0202491 0.0419439 -4.700944 -5.810237 0.7389584 0.6075872 0.2556277 18.79915 3.023605 0 0.0
-0.04707099 -0.0009965848 -7.211714 -9.611166 0.727585 0.5858073 0.4021335 18.799 nan 0 0.0
0.01232133 0.03405052 0.7452088 -7.684607 1.99106 1.781024 0.7348091 19.54973 2.427057 0 0.0
-0.0245864 0.03286215 -8.14614 -10.42982 3.037277 2.447813 0.6111133 20.28748 nan 0 0.0
0.02215632 0.04399775 0.6022743 -2.045103 0.4706989 0.3744635 0.2443154 18.14641 1.796608 0 0.0
0.04091067 0.003741755 -4.713808 -1.054623 0.8572917 0.7604287 0.684958 18.8933 nan 0 0.0
-0.04407531 -0.001985293 -4.914159 -5.81544 1.113623 1.08332 0.5919605 19.5042 2.800697 0 0.0
-0.04382934 -0.004304534 -1.603809 0.1904416 1.05519 0.986531 0.6219368 19.53651 2.542467 0 0.0
-0.04377606 -0.001279458 -2.729876 -10.58284 0.5821599 0.4920316 0.2614998 19.10525 3.253813 0 0.0
0.01256258 -0.001082865 -1.578898 -6.96723 0.4602935 0.3850337 0.4864345 18.16405 3.095825 0 0.0
0.03394848 0.03367608 0.5708268 -7.748146 1.709295 1.519588 0.6571032 19.69129 nan 0 0.0
-0.04513723 -0.002086801 -5.603719 -8.339529 1.195318 1.114607 0.6096268 19.56755 3.192539 0 0.0
0.006873325 0.02858452 -1.042538 1.084079 0.2756328 0.2421546 0.3365171 16.49404 1.89685 0 0.0
-0.04423726 -0.005643651 -2.028884 -1.797049 0.5731398 0.4622691 0.4171545 18.64255 nan 0 0.0
-0.04636313 -0.0007063757 -3.760336 -3.542141 0.9261832 0.8724636 0.5723288 19.23467 nan 0 0.0
0.01400739 0.01202426 -1.422402 -6.606672 0.6370551 0.5068687 0.3089794 18.71096 3.226742 0 0.0
-0.001760687 0.01995015 -8.913852 -9.404505 0.966988 0.7939041 0.4347656 18.13585 3.290533 0 0.0
0.01858272 0.01307646 -4.928748 -5.991224 0.1362788 0.1115903 0.2948701 16.15335 3.007435 1 0.0
-0.04725651 -0.0131789 -0.4834569 -1.573653 0.9993746 0.9475404 0.5658343 19.23108 2.512192 0 0.0
0.03753598 0.009665242 4.093147 -4.18957 1.354847 1.209619 0.6790963 19.64085 1.704367 0 0.0
0.01689691 0.03089708 -8.137165 -6.20488 2.60675 2.108005 0.4030233 20.22076 2.943132 0 0.0
0.01651261 0.01050377 0.9980301 -1.740482 0.4439035 0.3657852 0.2705279 17.97266 3.556585 0 0.0
-0.04111732 0.02570862 3.075604 -1.549101 1.214491 1.019636 0.836013 18.97156 nan 0 0.0
0.03114052 0.02485921 5.316055 -0.7605589 2.264403 1.941396 0.7475048 19.88428 2.371189 0 0.0
0.008941311 0.002856153 -2.124578 -7.179875 0.2593635 0.2151902 0.1951478 17.18686 3.550194 1 0.9896729
-0.02428763 0.03683141 0.507221 -8.620702 2.651116 2.128156 0.6737622 20.18469 2.435478 0 0.0
0.01103823 0.004332256 3.239448 -0.4331605 2.102678 1.598818 -0.6461075 19.06034 nan 0 0.0
-0.02733881 0.03853398 0.3074426 -3.798996 1.023086 0.8671467 -0.1384994 18.24585 2.429642 0 0.0
-0.03117422 0.01906659 -3.867649 -10.13892 0.2428234 0.1987351 0.08723763 16.00952 4.804775 1 0.0
0.02835566 -0.00217863 -1.536167 -9.112505 0.7501631 0.6164266 0.577516 18.97839 3.243938 0 0.0
-0.04894834 -0.004491644 -10.36229 -8.130972 0.9763122 0.9310453 0.4934597 19.46332 2.805298 0 0.0
0.02139333 0.04265322 -4.152684 -5.646874 0.5388524 0.4400906 0.2271887 18.40505 3.030079 0 0.0
0.03238769 0.004934699 -1.239791 -7.050384 0.722522 0.6012078 0.5939131 18.84329 2.97629 0 0.0
0.01177356 0.005106566 -4.494696 -4.482781 0.292173 0.2505669 0.3107564 16.95463 4.288097 1 0.0
-0.02619012 0.01848039 -2.612493 -6.458012 0.9782835 0.9258458 0.5760557 19.40143 3.112341 0 0.0
0.04121892 0.02766552 -2.51584 -4.014118 0.6491103 0.4991667 0.09188668 18.95381 2.372107 0 0.0
0.04132076 0.008180007 -5.130436 -6.996552 1.110419 1.024181 0.5279401 19.25508 nan 0 0.0
0.01591155 -0.003297718 -2.454782 -1.363022 0.2509321 0.2154022 0.2272302 16.83197 4.126378 1 0.0
-0.03800188 -0.005586074 -3.495941 -1.87448 0.8545096 0.7956702 0.6433028 19.21809 nan 0 0.0
0.04159288 0.007636313 -0.2255751 0.02177035 1.60175 1.411996 0.6453966 19.18369 2.118744 0 0.0
0.006218093 0.0004778719 -1.826983 -7.274484 0.3434695 0.2802204 0.2087854 17.40708 3.63099 0 0.0
-0.002141964 0.01928066 -0.1887975 -6.022481 1.334292 1.195591 0.6134135 19.47283 1.697227 0 0.0
0.01983551 0.01345009 -1.816669 -5.405107 0.7011235 0.5870219 0.3678187 19.14695 nan 0 0.0
-0.006855252 0.04680161 -4.463697 -14.31783 1.257502 1.078736 0.194484 19.93636 nan 0 0.0
0.04121315 0.01181355 -1.880962 -2.380714 0.9635677 0.8554478 0.6768496 19.21581 3.294567 0 0.0
0.04420634 0.005541054 -4.469755 0.9508763 0.6534714 0.5350353 0.286312 19.1644 2.592905 0 0.0
0.02601867 0.0185262 -1.697188 -0.1553495 0.8690914 0.7089675 0.5328946 18.28162 2.274052 0 0.0
0.04006948 0.01213821 -2.307079 -5.0184 0.3421526 0.2784553 0.3414319 17.99474 3.503801 1 0.0
0.02165899 0.007350056 -7.768353 -4.995888 0.2531469 0.2160008 0.3170171 17.031 3.976324 1 0.0
0.01022211 0.0133827 -1.113785 -1.042873 0.2899127 0.2407299 0.2411238 15.95434 3.785036 0 0.0
-0.02262522 0.03265085 0.7363329 -5.104797 1.682601 1.512035 0.3963393 19.97323 2.440701 0 0.0
0.03118634 -0.006545295 -1.334152 -5.510123 0.2759719 0.228055 0.2247084 17.77153 3.489069 1 0.0
0.03524444 -0.003227699 -1.671252 -1.104897 0.3254541 0.2688176 0.3862576 18.12022 1.989523 0 0.0
0.0303501 0.02273846 1.504669 -4.525056 1.473353 1.381567 0.6237969 19.65089 2.265903 0 0.0
-0.03784468 0.01290954 -2.445752 -2.175582 0.2122136 0.1806676 0.1206267 16.56573 3.555982 1 0.0
0.008532631 -2.772627e-05 -0.7692421 -7.78461 1.570486 1.394024 0.5623455 20.06329 nan 0 0.0
-0.02526627 0.02802115 -2.573684 -4.522348 0.6017924 0.4888623 0.3959734 18.88667 3.261061 0 0.0
0.01403309 -0.0003239134 1.22131 -2.14138 0.1593297 0.1280368 0.1390549 16.19039 2.726071 1 0.0
0.02397542 0.01546345 -5.150555 -4.266835 0.7751804 0.6319478 0.534669 18.75587 nan 0 0.0
0.04232998 0.01254746 -4.343295 -4.012465 0.5124997 0.4217399 0.557961 18.16432 3.864058 0 0.0
0.01177288 -0.0013994 -1.549103 -5.625268 0.7164512 0.5964432 0.4948513 18.84972 2.881136 0 0.0
-0.02047283 0.02940876 -2.624801 -7.98616 2.8838 2.136284 0.4949552 20.10627 nan 0 0.0
-0.000970897 0.02279974 1.098314 -8.39494 1.429306 1.316285 0.5995881 19.64615 3.078941 0 0.0
0.007062069 -0.002150504 1.903004 -6.939321 1.674027 1.443851 0.4219063 19.8743 nan 0 0.0
0.007388862 -0.001584042 -1.427011 -6.718749 0.603654 0.4874805 0.3508073 18.77626 2.952967 0 0.0
-0.03055206 0.03480238 0.4361226 -0.01368801 0.4794882 0.3907107 0.1886406 18.88632 2.354746 0 0.0
-0.0089231 0.01502885 -3.637437 -6.197017 1.73896 1.585292 0.7374615 19.95226 nan 0 0.0
0.03369453 0.004045494 -2.340654 -6.359739 0.349365 0.2889264 0.3812967 17.86484 3.741978 1 0.001507434
0.01163654 -0.003226626 3.870458 -3.279695 0.6416816 0.5170426 0.5033909 18.73657 2.474277 0 0.0
0.01793246 0.03423478 -5.551645 -5.114573 0.2092931 0.1766571 0.2817241 16.60938 3.495026 1 0.0
-0.03196834 0.03434613 5.304977 -5.003468 1.89648 1.984721 0.8333294 19.79248 nan 0 0.0
0.02923265 0.0196622 -0.2375685 -11.66207 1.946324 1.728878 0.6155969 19.66846 2.551638 0 0.0
0.02317982 -0.01295588 -1.300009 -2.82802 0.2010558 0.1677125 0.2504901 17.25908 1.919748 1 0.0
0.01368362 0.03708877 7.097985 1.175064 2.127399 1.857057 0.7881733 19.73879 2.009661 0 0.0
0.002024692 0.00409245 -2.372253 -6.769238 1.041542 0.9802468 0.5484711 19.1877 2.795839 0 0.0
0.007906435 0.001383757 -6.166014 -5.458966 0.4579604 0.3713441 0.3762077 18.30321 3.036758 0 0.0
0.03061488 -0.005286289 -10.9543 -10.71485 0.8852571 0.730167 0.4035788 19.00357 3.234268 0 0.0
-0.03019857 0.03707031 -3.418611 -4.2047 0.6739493 0.5616505 0.4353516 18.72869 2.826357 0 0.0
0.02593045 -0.009908533 -0.5870417 -6.883282 0.2597003 0.2145771 0.2610341 17.51125 3.760623 1 2.948736e-06
0.01975896 0.04297204 -4.276089 -5.113137 0.5976932 0.4933129 0.3750035 18.71482 2.787613 0 0.0
0.03696132 0.001156748 -4.54315 -8.060278 0.3828887 0.3221978 0.2702616 15.4032 3.030205 0 0.0
0.01569954 0.03874599 -2.073689 -3.382429 0.3640277 0.3022266 0.4269959 18.17655 nan 0 0.0
0.03034299 -0.003827094 3.098955 -3.889607 1.616729 1.449813 0.6712382 19.88219 1.939962 0 0.0
0.01872361 0.04173054 -2.857842 -6.828716 1.561758 1.391065 0.7279736 19.58875 2.423117 0 0.0
-0.02445235 0.04277276 1.499657 -0.9473843 0.5930588 0.4834993 0.3809453 18.71172 3.022503 0 0.0
-0.01968418 0.03648898 -3.76886 -10.1006 0.5236425 0.4232184 0.4994246 18.20783 3.585032 0 0.0
0.01275733 0.03569461 -0.9906638 0.390714 1.07251 0.9476367 0.7035378 19.19968 2.048048 0 0.0
-0.04100851 0.02606724 -6.19088 -5.300005 0.6508414 0.5472087 0.3493807 19.05027 nan 0 0.0
-0.04097554 0.01023244 2.077685 -7.749228 0.9508981 0.8909348 0.5991438 19.37592 2.441814 0 0.0
0.0458407 0.006707702 -3.157408 -3.743469 0.53129 0.4391739 0.3977368 18.6859 2.895014 0 0.0
-0.04013481 0.0200594 -10.52552 -10.16147 1.504315 1.564468 0.8372123 19.29485 2.414276 0 0.0
0.01991542 0.003262928 -2.433729 -6.875899 0.5380466 0.4421257 0.4130621 18.48391 3.036055 0 0.0
-0.03994751 0.02955425 -0.6781064 -4.528591 1.070298 1.019811 0.5742072 19.43655 3.031633 0 0.0
0.03219331 -0.008283172 3.159265 0.5895393 1.912807 1.709571 0.7122393 19.85966 2.108257 0 0.0
-0.04138489 0.01257452 1.023378 -1.55068 1.121576 1.027877 0.6750996 19.43663 2.219561 0 0.0
0.03356207 0.01653676 4.374423 -8.958138 0.2086611 0.1761241 0.3017165 16.60323 4.306534 1 0.0
-0.03436419 0.0306261 1.305536 -6.390724 0.6368287 0.5273058 0.4281819 18.86105 2.828478 0 0.0
-0.02072065 0.04410102 -1.913562 -9.002326 1.20878 1.093959 0.5090227 19.68883 2.626825 0 0.0
-0.04285437 0.0096233 1.658534 -1.382944 0.4849186 0.3931103 0.3997246 18.55874 3.153347 0 0.0
0.04192505 0.02220452 -0.675236 -4.156431 0.4556572 0.3711836 0.2472497 18.50854 2.031052 0 0.0
-0.04277205 0.007983011 -8.519947 -5.369107 0.5346158 0.431354 0.4004085 18.70547 3.009148 0 0.0
0.0144419 0.002447413 -0.6966317 -4.446095 0.7923393 0.6493437 0.5085187 18.71449 2.892691 0 0.0
-0.04380946 0.01467169 -2.087173 -2.505396 0.577538 0.499513 0.5457061 18.49658 2.973459 0 0.0
0.03518945 -0.004934759 0.4709045 -3.513353 0.2317579 0.1987153 0.3473668 17.28806 3.239469 0 0.0
-0.03637471 0.01483644 -1.561575 -2.323991 0.5441394 0.4570562 0.2452935 19.05084 2.053923 0 0.0
0.03595648 0.009616164 -6.13088 -9.30396 0.5356658 0.456982 0.4536608 18.52006 2.588907 0 0.0
-0.04345697 0.01873257 -2.171032 -7.350697 0.5700695 0.4708124 0.4389808 18.75413 nan 0 0.0
0.01490532 0.006265865 -8.991131 -5.112205 1.97072 1.774776 0.5899859 20.0218 nan 0 0.0
0.02808221 -0.006845844 -6.294562 -12.12356 2.537274 2.185943 0.4814207 20.13013 nan 0 0.0
0.009050427 0.005267033 0.4604129 -2.369398 0.3953352 0.3291161 0.3448082 18.32411 2.469025 0 0.0
0.03916862 0.005874787 -4.132927 -7.431246 0.8484926 0.7064985 0.3865409 18.62347 3.088919 0 0.0
-0.04339712 0.00468306 -1.632609 -7.46043 0.5821694 0.4556342 0.3155619 18.73211 3.610483 1 0.4280937
0.04548818 0.01042145 4.469115 -2.521569 0.2272411 0.1778337 -0.5497286 16.15269 nan 0 0.0
0.03848844 0.00767365 5.259573 1.225573 1.055062 0.8887453 0.6136317 18.56507 2.523624 0 0.0
-0.04476428 0.01882743 -5.081946 -2.247158 0.5820442 0.4837876 0.440747 18.60215 nan 0 0.0
0.02067795 0.003573689 -5.831296 -5.425083 1.055667 0.968324 0.6579839 19.21258 3.002636 0 0.0
-0.04655711 0.007506589 -4.430059 -9.711817 0.6067466 0.4733814 0.3215799 18.6579 3.272547 0 0.0
-0.005192018 0.01390375 -6.621115 -8.709925 0.6188625 0.4954704 0.3423038 18.68976 3.362011 0 0.0
-0.04418264 -0.006055617 -4.511527 -8.080419 0.9785258 0.7695257 -0.1055089 17.30827 1.785601 0 0.0
0.01354239 -0.00500258 -0.2339896 -2.979464 0.4185294 0.3569473 0.4802208 18.33374 nan 0 0.0
0.02173783 -0.007510113 -7.96901 -6.144277 0.5861205 0.4896646 0.4094785 18.70021 3.562191 0 0.0
0.01237547 0.03097396 -1.914932 -3.285116 1.47345 1.288281 0.5626909 19.99883 nan 0 0.0
0.02119714 0.01321143 -0.1635621 -8.062211 1.239233 1.137699 0.6379673 19.1255 nan 0 0.0
-0.04707499 0.008635525 -5.182557 -0.5360497 0.4597322 0.3674431 0.3841838 18.41728 3.177464 0 0.0
0.02212126 0.003893851 -2.939575 -3.692027 2.34937 2.018431 0.7408497 20.1498 1.923555 0 0.0
0.017245 -0.008482087 3.503727 -3.982009 0.6515957 0.5453422 0.4105421 19.09789 3.334505 0 0.0
0.03835102 0.003935293 -2.10791 -1.905257 0.2050755 0.1697499 0.2507625 15.58888 3.708382 0 0.0
0.01049543 0.02400089 -2.60253 -3.145108 0.7157859 0.5622127 0.07179248 18.97097 2.641682 0 0.0
0.04307012 0.02529781 3.57454 -4.442435 0.9477186 0.8331678 0.7664796 18.47938 nan 0 0.0
0.03062277 0.02389996 1.324146 -1.496105 0.3167388 0.262282 0.2681182 17.91121 3.518105 1 0.0
0.02650634 0.007648479 -4.910485 -9.294987 0.9950375 0.8994355 0.6201764 19.20947 3.050339 0 0.0
0.007743121 0.002394663 -46.47151 -46.84234 2.493248 2.134671 0.2616663 19.99155 nan 0 0.0
0.008478143 -0.0003901184 -3.999275 -9.275174 1.120649 1.047917 0.5638 19.37606 2.488209 0 0.0
0.004584306 0.001238982 -1.821407 -7.289083 0.258179 0.2114318 0.2059141 17.16338 3.501429 0 0.0
0.04273696 0.008532341 0.06410723 -3.330076 0.443037 0.3620834 0.3558572 18.52406 nan 0 0.0
0.01970315 0.03531214 3.161837 -1.547883 0.2845593 0.2437536 0.3527947 17.85064 2.294649 0 0.0
0.01681023 -0.002561612 -2.247587 -5.589086 0.3284469 0.2717703 0.1879838 17.9648 2.416382 0 0.0
0.03298536 6.315832e-05 -3.798192 -8.388727 0.5255853 0.4417217 0.5936145 18.23013 3.768532 1 0.07622142
-0.03640624 0.02821839 -0.03527347 -2.685389 1.123125 0.9286754 0.2853416 18.09592 2.572134 0 0.0
-0.0482964 -0.0008540497 -0.5686939 -8.668786 0.5006193 0.4003414 0.3835922 18.71196 3.253126 0 0.0
0.01237277 0.006228023 -1.651731 -4.534431 1.434802 1.239875 0.4679094 19.68964 nan 0 0.0
-0.04903385 0.004322178 -6.677583 -11.20751 0.6622422 0.5473086 0.2848699 18.88471 nan 0 0.0
0.04034452 0.01975224 -4.709211 -6.226146 0.7168911 0.5870467 0.3013765 18.55472 2.25881 0 0.0
0.01672829 -0.004264862 -0.3716477 -2.260875 1.144865 1.042955 0.6373582 19.43773 2.76545 0 0.0
0.02879378 0.007434297 -0.2408437 -2.463744 0.1748985 0.1497887 0.3208781 16.53631 3.170314 1 0.0
-0.02695662 0.03499594 -2.462419 -5.33117 0.6188878 0.506527 0.2076426 18.92144 2.885855 0 0.0
