data/gcs/Terzan_12.ecsv
# %ECSV 0.9
# ---
# datatype:
# - {name: x, unit: deg, datatype: float64}
# - {name: y, unit: deg, datatype: float64}
# - {name: pmx, unit: mas / yr, datatype: float64}
# - {name: pmy, unit: mas / yr, datatype: float64}
# - {name: pmx_e, unit: mas / yr, datatype: float64}
# - {name: pmy_e, unit: mas / yr, datatype: float64}
# - {name: pm_corr, datatype: float64}
# - {name: g_mag, unit: mag, datatype: float64}
# - {name: bp_rp, unit: mag, datatype: float64}
# - {name: filter, datatype: int64}
# - {name: memberprob, datatype: float64}
# meta: !!omap
# - comments: [deg deg mas/yr mas/yr mas/yr mas/yr dimless mag   mag   zeroone float]
# - __serialized_columns__:
#     bp_rp:
#       __class__: astropy.units.quantity.Quantity
#       unit: &id001 !astropy.units.Unit {unit: mag}
#       value: !astropy.table.SerializedColumn {name: bp_rp}
#     g_mag:
#       __class__: astropy.units.quantity.Quantity
#       unit: *id001
#       value: !astropy.table.SerializedColumn {name: g_mag}
#     pmx:
#       __class__: astropy.units.quantity.Quantity
#       unit: !astropy.units.Unit {unit: mas / yr}
#       value: !astropy.table.SerializedColumn {name: pmx}
#     pmx_e:
#       __class__: astropy.units.quantity.Quantity
#       unit: !astropy.units.Unit {unit: mas / yr}
#       value: !astropy.table.SerializedColumn {name: pmx_e}
#     pmy:
#       __class__: astropy.units.quantity.Quantity
#       unit: !astropy.units.Unit {unit: mas / yr}
#       value: !astropy.table.SerializedColumn {name: pmy}
#     pmy_e:
#       __class__: astropy.units.quantity.Quantity
#       unit: !astropy.units.Unit {unit: mas / yr}
#       value: !astropy.table.SerializedColumn {name: pmy_e}
#     x:
#       __class__: astropy.units.quantity.Quantity
#       unit: &id002 !astropy.units.Unit {unit: deg}
#       value: !astropy.table.SerializedColumn {name: x}
#     y:
#       __class__: astropy.units.quantity.Quantity
#       unit: *id002
#       value: !astropy.table.SerializedColumn {name: y}
# schema: astropy-2.0
x y pmx pmy pmx_e pmy_e pm_corr g_mag bp_rp filter memberprob
[from data line 1675]
0.0198764 0.02504091 -1.900836 -2.365638 0.1416933 0.1203853 0.2549318 16.75991 2.905268 1 0.0
-0.02526924 -0.01563419 -4.414686 -4.139663 0.2726904 0.229995 0.3053013 17.74791 3.535015 1 0.0
-0.04175995 -0.01723468 -2.761697 -6.201423 0.8635214 0.8127572 0.7185789 19.27219 3.525997 0 0.0
0.00450689 0.04273485 -2.098073 -2.392869 1.144883 1.081045 0.7248923 19.55629 3.137589 0 0.0
-0.01120328 0.04574807 -0.8831036 -4.192713 0.2410742 0.1981266 0.2351228 15.98149 3.078502 0 0.0
-0.01964911 0.04187329 0.4756477 -1.494364 2.278227 2.092516 0.6464054 20.46663 1.543135 0 0.0
-0.01505642 0.008977839 -1.911163 -1.530355 1.241008 1.162382 0.6246382 19.72095 2.949762 0 0.0
-0.01359202 0.001463039 -5.306253 -1.206378 1.505114 1.439259 0.7070678 20.0445 nan 0 0.0
-0.007035771 0.03353751 -3.645041 -3.824176 1.561987 1.355903 0.5875989 20.04739 nan 0 0.0
-0.04724913 -0.01270652 4.463668 -4.732387 1.532639 1.436432 0.6167905 19.36222 2.692142 0 0.0
-0.008808164 0.01506283 -6.176488 -11.47126 1.041022 0.9744606 0.6713187 19.58196 2.931303 0 0.0
-0.01677436 0.01693891 -5.999484 -5.538497 1.030196 0.9701139 0.7564547 19.4244 3.198204 0 0.0
0.02156707 0.03555015 -4.238514 -3.658391 0.1686964 0.1398163 0.1527174 16.51989 3.568925 1 0.0
-0.005401721 0.002409653 -5.922465 -3.043414 1.025966 0.9599588 0.5794799 19.38432 3.783867 0 0.0
-0.005007685 0.00250885 -1.861963 -1.165605 1.614095 1.465231 0.5887397 20.0634 nan 0 0.0
-0.02147294 0.002579734 -5.333963 -2.920271 1.478054 1.393472 0.7633166 19.9412 nan 0 0.0
-0.03985705 0.01960823 -2.011758 -6.935517 0.2804385 0.2422177 0.2915913 17.37835 3.999242 1 0.0
-0.03085218 0.03237263 1.502501 -2.47481 0.5320124 0.4604195 0.6262752 18.67784 nan 0 0.0
0.03637078 0.01856207 -0.8298789 0.3650967 0.5951604 0.5065756 0.6102008 18.79808 2.244324 0 0.0
-0.03405325 -0.0007206266 0.4684896 -6.943271 1.612196 1.521206 0.7588625 19.96568 3.604513 0 0.0
-0.007175794 0.01945936 -6.31236 -1.868294 0.4531781 0.3891611 0.5400444 18.14212 3.09062 0 0.0
0.01360104 0.04693232 -1.067564 -2.633761 0.9494203 0.8824216 0.6543188 19.4287 nan 0 0.0
-0.01882168 -0.03772215 -11.5267 -2.130268 1.95476 1.835137 0.5578393 19.55223 2.664389 0 0.0
-0.005346372 0.02653952 -5.823933 -7.589837 0.889756 0.7584902 0.387358 19.20688 nan 0 0.0
0.008250393 0.02652984 -4.450087 -9.578871 2.206797 2.072948 0.7847506 20.31844 nan 0 0.0
-0.02397889 0.008165942 -2.982214 -5.859323 0.2673612 0.2292776 0.3906395 17.79461 4.220589 1 0.0
-0.04126642 0.02591732 5.175663 1.83941 1.055876 0.9931504 0.7089697 19.4538 2.438534 0 0.0
0.01182632 0.0356715 -1.298384 -0.6645107 0.3927899 0.3410221 0.6056346 18.27556 3.639605 1 0.0
-0.01193299 0.01930453 -5.881438 -2.930771 0.2042452 0.1716539 0.2941546 17.03636 3.778008 1 0.9923734
-0.01083585 0.02776562 -4.428258 -7.612271 1.293872 1.218436 0.762635 19.5802 3.081932 0 0.0
-0.01609506 -0.01472681 -0.01682773 0.8717391 0.2732163 0.2298295 0.3767855 17.51782 3.569696 1 0.0
-0.003628209 -0.01016353 -6.123999 -3.744964 1.034354 0.9680472 0.7338497 19.29843 3.249136 0 0.0
-0.04116755 -0.02194375 -2.140475 -2.948173 0.643904 0.5557377 0.5173483 19.01256 3.426876 0 0.0
-0.002334389 0.03457336 -4.953764 -6.009746 0.3483669 0.2911926 0.2667322 17.77389 4.375811 1 0.0
-0.03892193 -0.002188677 -4.481461 -2.835852 0.4241901 0.3623122 0.6055275 18.30694 3.743183 1 0.0002114455
0.03110588 0.01401434 -6.23348 -2.399023 0.2335256 0.1963473 0.2284716 15.74249 4.713604 1 0.9963939
-0.008020072 0.0160814 -6.298587 -1.418113 0.797243 0.7478922 0.6897233 19.21394 3.432827 0 0.0
-0.01277954 0.0415346 -2.330714 -5.723407 1.868772 1.750803 0.6939435 20.09441 2.37022 0 0.0
0.01593214 -0.002485426 -7.815614 -3.369711 1.385344 1.303355 0.7380355 19.81404 3.294188 0 0.0
-0.03996274 -0.004037199 -3.270682 -4.765669 0.3529606 0.2932973 0.4260137 17.11042 5.767471 1 0.0
0.008476625 0.04311613 0.02755724 -9.619654 0.9110423 0.8563683 0.7075205 19.35734 2.636566 0 0.0
-0.0321966 0.003205147 -1.449213 -1.982618 0.125694 0.1052794 0.1880411 15.76105 2.996435 1 0.0
-0.009625128 0.02449461 0.1406663 -0.8571729 0.2206928 0.1884118 0.2997867 17.60308 2.639761 1 0.0
0.01187893 -0.006818509 -8.082753 -4.441817 1.128149 1.020227 0.8792301 18.65666 4.26416 0 0.0
-0.03844928 0.01848521 -3.150946 -6.119477 0.765585 0.6754199 0.5915992 19.13476 3.002892 0 0.0
