data/gcs/Terzan_12.ecsv
# %ECSV 0.9
# ---
# datatype:
# - {name: x, unit: deg, datatype: float64}
# - {name: y, unit: deg, datatype: float64}
# - {name: pmx, unit: mas / yr, datatype: float64}
# - {name: pmy, unit: mas / yr, datatype: float64}
# - {name: pmx_e, unit: mas / yr, datatype: float64}
# - {name: pmy_e, unit: mas / yr, datatype: float64}
# - {name: pm_corr, datatype: float64}
# - {name: g_mag, unit: mag, datatype: float64}
# - {name: bp_rp, unit: mag, datatype: float64}
# - {name: filter, datatype: int64}
# - {name: memberprob, datatype: float64}
# meta: !!omap
# - comments: [deg deg mas/yr mas/yr mas/yr mas/yr dimless mag   mag   zeroone float]
# - __serialized_columns__:
#     bp_rp:
#       __class__: astropy.units.quantity.Quantity
#       unit: &id001 !astropy.units.Unit {unit: mag}
#       value: !astropy.table.SerializedColumn {name: bp_rp}
#     g_mag:
#       __class__: astropy.units.quantity.Quantity
#       unit: *id001
#       value: !astropy.table.SerializedColumn {name: g_mag}
#     pmx:
#       __class__: astropy.units.quantity.Quantity
#       unit: !astropy.units.Unit {unit: mas / yr}
#       value: !astropy.table.SerializedColumn {name: pmx}
#     pmx_e:
#       __class__: astropy.units.quantity.Quantity
#       unit: !astropy.units.Unit {unit: mas / yr}
#       value: !astropy.table.SerializedColumn {name: pmx_e}
#     pmy:
#       __class__: astropy.units.quantity.Quantity
#       unit: !astropy.units.Unit {unit: mas / yr}
#       value: !astropy.table.SerializedColumn {name: pmy}
#     pmy_e:
#       __class__: astropy.units.quantity.Quantity
#       unit: !astropy.units.Unit {unit: mas / yr}
#       value: !astropy.table.SerializedColumn {name: pmy_e}
#     x:
#       __class__: astropy.units.quantity.Quantity
#       unit: &id002 !astropy.units.Unit {unit: deg}
#       value: !astropy.table.SerializedColumn {name: x}
#     y:
#       __class__: astropy.units.quantity.Quantity
#       unit: *id002
#       value: !astropy.table.SerializedColumn {name: y}
# schema: astropy-2.0
x y pmx pmy pmx_e pmy_e pm_corr g_mag bp_rp filter memberprob
[from data line 505]
0.01506447 0.04125208 4.700486 -9.980738 2.608885 2.410908 0.6232363 20.54607 nan 0 0.0
-0.01384887 0.03637703 2.392971 -4.430099 0.9736065 0.9129721 0.6755985 19.44275 nan 0 0.0
-0.03381998 -0.03347356 0.8036554 -2.386736 0.4963483 0.4343044 0.6482857 18.50899 2.141912 0 0.0
-0.005824013 0.004929243 -6.191997 -2.627405 0.5872867 0.5040477 0.3035776 18.55767 nan 0 0.0
0.003801545 -0.01105617 -4.949285 -1.96137 1.924446 1.757114 0.7328392 20.14989 2.592503 0 0.0
-0.0291273 -0.00340885 1.206811 -3.483133 0.4727918 0.408628 0.6071468 18.25852 2.70677 1 0.0
-0.0210275 0.03443634 -0.7769555 -3.65222 0.4605618 0.3997654 0.5921921 18.17691 2.416773 1 0.0
-0.01592734 -0.005041272 4.263484 7.3143 1.531462 1.459351 0.7772115 19.8283 3.264179 0 0.0
-0.04330766 -0.01748503 2.21976 -1.173287 0.3555927 0.3061807 0.6076277 17.93665 3.342577 1 0.0
0.01137593 0.03635055 -0.9503279 -2.485633 0.4451444 0.3842806 0.5976985 18.1515 4.03231 1 0.0
-0.0374897 0.009313036 0.1064729 -0.5516243 2.098467 1.990189 0.7492864 20.39766 1.927671 0 0.0
-0.04688655 -0.003169647 -6.931559 -8.162336 0.8421578 0.7953654 0.653121 19.23212 2.726406 0 0.0
-0.02273494 -0.02479283 -1.550358 -3.97521 0.8332156 0.7802317 0.7639133 19.20883 2.931286 1 0.0
-0.006836502 -0.01056229 -5.697819 -7.408375 1.769672 1.659646 0.6619637 20.24809 2.596704 0 0.0
-0.003797169 -0.006505241 -7.623144 -7.267248 2.332734 2.189962 0.7748881 20.37885 nan 0 0.0
0.02725498 0.04107663 -4.427758 -5.355689 1.066493 0.9952084 0.6700976 19.63326 nan 0 0.0
0.02165279 0.04352476 -3.18216 -5.019649 0.9383736 0.8745686 0.8087379 18.75759 2.631226 0 0.0
0.01931563 0.04088724 1.170767 1.889214 0.5297511 0.4455119 0.5718009 18.64033 2.999828 1 0.0
-0.014577 0.0004329691 -5.758876 -2.379801 0.6667415 0.5797621 0.6332049 18.84793 3.556187 0 0.0
-0.02566555 -0.003284178 -5.714643 -2.406957 1.279378 1.172192 0.7150338 19.79577 3.399263 0 0.0
-0.03836061 0.003430531 -8.139953 -6.666595 1.878835 1.791576 0.7573489 20.21657 2.244026 0 0.0
-0.03176982 -0.01654726 -2.053117 -2.791959 1.766377 1.687488 0.7287216 20.25917 nan 0 0.0
-0.01066626 0.01903379 4.9318 -5.65186 0.8776561 0.8243079 0.6845453 19.32383 2.949308 0 0.0
-0.03571557 0.006000446 -5.823813 -4.384603 1.380051 1.27162 0.6439032 20.00603 2.681105 0 0.0
-0.02426353 0.0260778 -1.854008 -3.896786 1.787646 1.702123 0.8031218 19.93188 nan 0 0.0
-0.006922854 0.02743018 -5.821438 -6.152975 0.2419597 0.2048884 0.2496526 16.45865 nan 0 0.0
0.01675245 0.0311334 -0.8448529 -4.981393 1.131796 1.060315 0.7071834 19.63614 1.961803 0 0.0
-0.01772485 -0.03364791 -4.972505 -0.4669951 1.034913 0.9726147 0.6465353 19.56525 2.984674 0 0.0
-0.03309363 -0.01180972 0.5665371 -4.48638 1.569945 1.465135 0.6550246 19.58413 nan 0 0.0
-0.01579196 0.04123483 -1.462251 -2.115498 0.5559602 0.4702621 0.4682608 18.52064 3.292946 0 0.0
0.02567727 0.03520802 -2.926231 -6.610077 0.8304168 0.7036015 0.8557012 18.39173 3.360918 0 0.0
0.00115621 0.0006893262 -5.425579 -9.409119 1.883621 1.766142 0.6916963 20.1869 nan 0 0.0
-0.03701009 0.005218089 -1.765365 -1.504886 0.5919251 0.512406 0.535336 18.89362 2.68788 0 0.0
-0.03712756 0.02323106 -1.448288 -0.5337068 2.138823 2.030748 0.6925493 20.29486 2.658875 0 0.0
-0.03115429 -0.0008038584 -2.710767 -8.656966 1.251212 1.180612 0.7600041 19.58388 nan 0 0.0
-0.01317132 0.0167829 1.569582 0.1435076 1.294621 1.209315 0.6018585 20.06899 2.417603 0 0.0
-0.03536754 -0.03363989 2.380439 -7.300327 0.2301399 0.1970388 0.3100455 17.85558 2.164289 1 0.0
-0.04177246 0.02374089 -6.665359 -3.357535 2.681283 2.434383 0.6571478 20.54147 2.678806 0 0.0
0.003577176 0.01854016 -5.552351 -1.76714 0.9936865 0.9445733 0.733168 19.25096 3.440805 0 0.0
-0.009932237 -0.01052815 -0.7206509 -8.453097 1.323335 1.260249 0.8240416 19.58987 1.972675 0 0.0
-0.007034463 0.008085848 -4.825085 -2.338579 0.5382427 0.4788315 0.6286251 18.47286 4.017267 1 0.90576
-0.03197301 0.009913345 -5.775181 -2.777403 0.6204111 0.5645091 0.6782081 19.00949 2.539394 0 0.0
0.006673113 0.009228368 -5.753357 -2.604933 0.5605065 0.4915995 0.5378397 18.83883 3.918777 0 0.0
0.01084139 0.04088627 4.024877 -18.10802 1.034933 0.9717877 0.729658 19.65413 2.185917 0 0.0
-0.02639902 0.005602019 -6.003417 -2.793068 0.1844779 0.1563225 0.345786 16.83934 3.86341 1 0.99845
0.00309863 0.0179508 -7.445071 -5.954406 2.395044 2.247735 0.8035611 20.32277 2.702923 0 0.0
-0.005739115 -0.006024657 -6.574883 -2.331359 0.7133849 0.6367594 0.5500932 19.08537 nan 0 0.0
-0.0444603 -0.02106549 -4.211953 -5.866902 0.5962328 0.5236426 0.4299163 19.12067 3.17436 0 0.0
0.03474072 0.02874392 -0.404793 -3.799398 1.678497 1.487566 0.5280005 20.24664 nan 0 0.0
-0.03219552 -0.001408729 -6.200333 -7.685578 1.306768 1.233099 0.7720696 19.80987 3.190638 0 0.0
-0.02825083 -0.02270913 -1.55382 -7.156896 1.520594 1.434314 0.66048 19.86414 nan 0 0.0
-0.02603775 0.02992841 -5.090633 -5.040687 1.745511 1.605014 0.7565587 20.10222 2.136724 0 0.0
-0.00551438 0.004297923 -7.590572 -3.834232 0.5958691 0.5160168 0.5497093 18.9034 3.135496 0 0.0
0.01157178 0.02188139 2.072118 1.846236 1.660739 1.480024 0.4543509 20.19627 nan 0 0.0
-0.03548506 -0.01454164 -2.960207 -6.537179 1.060983 1.006471 0.727794 19.69221 2.863485 0 0.0
-0.02104866 -0.01099289 -8.77936 -3.943059 1.335945 1.266509 0.7205084 19.59903 nan 0 0.0
0.006757381 0.005730286 -5.336149 -1.485805 0.4105522 0.3598438 0.5712057 18.17901 4.111435 1 0.9163907
-0.02001227 0.0224984 3.126546 1.115752 1.1829 1.114664 0.6827476 19.28386 nan 0 0.0
-0.02139028 0.01394564 0.4520953 1.266131 0.5469515 0.4734382 0.3857819 18.97072 nan 0 0.0
-0.01336874 0.02071202 -0.8838944 -1.511789 0.2179448 0.1823111 0.220134 16.10892 4.015561 1 0.0
0.007744112 0.03414019 -7.193406 -8.417728 1.532727 1.444997 0.6905877 19.9662 2.574553 0 0.0
-0.01843578 0.02176048 -4.603453 -0.4268722 0.9495456 0.8929402 0.6937082 19.26508 nan 0 0.0
-0.01753501 0.02191127 -4.726949 -5.1871 1.471162 1.395874 0.7070233 19.66078 nan 0 0.0
-0.0258035 -0.01792692 -3.329306 -1.054668 1.691524 1.555863 0.6505658 19.85483 2.137686 0 0.0
-0.03981686 -0.02173544 -1.711001 -5.175929 1.221493 1.148747 0.6951117 19.67816 3.178555 0 0.0
-0.01063888 0.02889479 -5.484373 -8.092566 0.4763984 0.4136809 0.6344 18.30625 3.975111 1 0.0
-0.03242565 0.01954916 -6.358374 -2.997986 0.2048432 0.1741395 0.4088028 16.82456 3.513089 1 0.9941748
0.006336989 0.04468981 -2.0681 -5.936701 0.2974153 0.2482597 0.1805519 17.38561 4.855177 1 0.0
-0.0001103238 -0.006657776 -7.530005 -2.6537 1.159784 1.088611 0.6361385 19.6888 3.25445 0 0.0
-0.03759174 -0.02902089 -1.517921 -6.753102 1.93738 1.809043 0.4144136 20.04064 nan 0 0.0
0.001606991 0.03942948 -6.395332 -2.275337 0.4900001 0.4233214 0.6072318 18.32171 nan 0 0.0
0.00594277 0.04334896 0.02103394 -3.324081 0.2195985 0.1861196 0.277473 17.43231 2.622639 1 0.0
-0.01015799 -0.002284603 -7.252428 -2.109706 0.5294753 0.4592727 0.6209827 18.31997 3.443787 0 0.0
-0.04950612 0.0027136 1.717075 0.1910353 2.614408 2.457563 0.8181359 20.17547 nan 0 0.0
-0.02758206 0.01003828 -1.581712 -9.373872 0.2647255 0.2228387 0.30528 17.09079 4.465285 1 0.0
-0.01708452 0.02115411 0.4778596 -2.199532 1.523681 1.43898 0.7516315 19.95253 2.572956 0 0.0
0.004281841 0.04858469 -2.632289 10.95779 1.308077 1.213245 0.7238403 19.60175 2.532328 0 0.0
0.01162683 0.007238672 -5.026426 -8.010442 2.442219 2.243098 0.5915116 20.488 2.434246 0 0.0
-0.01204513 0.01409365 -7.141879 -3.224122 0.6316427 0.5564472 0.5877645 19.06181 3.260023 0 0.0
-0.03205644 0.005606532 -6.0812 -2.907279 0.2217612 0.1887266 0.3406577 17.11602 3.553308 1 0.9962418
-0.003065097 -0.02128717 -0.9634319 -1.197206 1.78719 1.695201 0.7535206 20.31045 1.604774 0 0.0
-0.009566994 -0.0017238 -6.40925 -2.808345 0.2383817 0.2015412 0.2453924 17.21407 3.962979 1 0.9996428
0.01914722 0.04459134 0.737851 -7.928372 1.579758 1.432091 0.6161226 20.19609 3.122122 0 0.0
0.01497733 0.01674839 -2.307657 -1.33384 2.186665 2.014775 0.5764029 20.31984 2.877832 0 0.0
-0.02186588 -0.004254358 3.058254 2.143339 0.928512 0.8738476 0.71126 19.33642 2.521452 0 0.0
-0.02989575 0.03575457 -3.631481 -3.633026 0.8122201 0.7594416 0.660474 19.18183 3.043875 0 0.0
-0.04524862 -0.01991562 -0.8439068 0.5735612 0.3210949 0.2703258 0.3250495 15.94326 6.139531 0 0.0
-0.004810018 -0.01587035 -5.898044 -2.421004 0.2486097 0.2101226 0.3210335 16.96141 4.244718 1 0.9987284
-0.04035398 -0.01346915 0.8686584 -1.078401 2.152176 2.030532 0.6490371 20.5011 2.713985 0 0.0
-0.01953374 0.02256522 0.3249833 -3.395504 0.4947948 0.4294294 0.6272571 18.55461 2.62137 0 0.0
-0.01030007 0.01561204 -7.599927 -2.925566 1.160523 1.085571 0.710116 19.50369 3.274515 0 0.0
-0.02209426 0.01568503 -5.465742 -3.51941 1.223736 1.153221 0.6852373 19.56597 2.67981 0 0.0
-0.009201155 -0.001071461 -2.091928 -5.75176 0.6830502 0.5966208 0.6270998 18.90135 3.911581 0 0.0
-0.00596602 0.03418033 -0.7659348 -6.962753 0.3028558 0.2561345 0.3633369 17.3154 4.649192 1 0.0
-0.01781843 0.03663597 -2.540422 -3.18288 2.751661 2.541003 0.794223 20.59549 2.29002 0 0.0
0.01370967 0.007063003 -1.699134 -6.014786 1.293873 1.2164 0.618941 20.08585 nan 0 0.0
-0.0383603 0.002326176 -2.034135 -2.964338 0.1549214 0.1301965 0.2119613 16.57618 3.116743 1 0.0
0.02285926 0.01862413 -2.765256 -4.978129 1.418781 1.342667 0.6769632 19.93095 2.73938 0 0.0
-0.01500187 0.02490611 -2.999847 -5.979688 0.3428045 0.2920589 0.3011588 18.00369 3.9478 1 0.0
-0.03177249 -0.00507074 -0.3154789 1.643618 0.4819827 0.4230233 0.6642951 18.51021 2.572432 1 0.0
-0.04559978 0.02044758 5.508518 -7.00027 2.229257 2.100888 0.7448515 20.33867 2.333153 0 0.0
-0.02423116 0.002262653 -3.128291 1.118807 1.076239 1.011974 0.7062854 19.5638 3.110106 0 0.0
-0.0004481951 0.03775102 -7.023587 -7.784482 2.301574 2.184384 0.6780878 20.02338 nan 0 0.0
-0.03906798 0.01645943 -7.013427 -8.539809 1.455389 1.408728 0.8213849 19.73191 2.938307 0 0.0
0.03510438 0.01976975 -0.4033025 -3.898833 1.032344 0.8717559 0.3577459 18.88906 2.680037 0 0.0
-0.02425683 -0.01169342 -3.6018 -6.156784 0.5116725 0.4450813 0.6297778 18.46322 3.79262 1 0.0
-0.001236191 0.005966959 -5.961209 -2.83689 0.5028328 0.4364903 0.5816455 18.32448 3.141346 0 0.0
-0.03914552 -0.007659017 -4.149495 -2.149729 0.6570429 0.5568793 0.5767822 18.91731 2.78223 0 0.0
-0.03101897 0.02300751 -1.216369 -7.415192 0.494225 0.4275017 0.6094732 18.42299 3.34795 0 0.0
-0.04325182 -0.01606785 -0.8005412 0.3106571 1.984178 1.890189 0.840843 20.05496 2.457779 0 0.0
-0.04274892 -0.004404252 -3.721288 -9.633089 0.5907214 0.5024882 0.5853968 18.60645 3.560375 0 0.0
-0.01237949 -0.02368333 0.7812942 3.085484 1.879856 1.763912 0.6469605 20.23212 2.803396 0 0.0
-0.0100735 -0.003049443 -6.281602 -2.759004 0.4966799 0.4392052 0.4456867 19.04536 3.572536 0 0.0
-0.0119606 0.01305987 -10.96734 -4.503892 1.975462 1.849694 0.6758108 20.31566 2.702011 0 0.0
-0.01305819 0.01125733 -7.405436 -5.871547 1.567291 1.482274 0.7740365 20.03832 3.204088 0 0.0
-0.002080564 0.004687118 -0.8601687 2.090106 1.44718 1.371994 0.7873135 19.96184 2.304157 0 0.0
-0.03799767 0.01407555 -1.240015 -4.013919 0.9558265 0.9065706 0.7443388 19.33338 nan 0 0.0
0.001663302 0.0397995 -6.961048 -3.680381 0.4711184 0.4163715 0.6354712 18.2611 3.384295 0 0.0
-0.04387442 -0.005226676 -2.880698 -4.391748 0.9912534 0.9317884 0.7318185 19.54697 3.304285 0 0.0
-0.03993538 -0.001345921 -3.40146 -6.708023 1.645381 1.573333 0.7510386 20.07757 2.72975 0 0.0
-0.01598547 0.01070007 -5.219612 -0.8334994 1.378 1.301284 0.4630406 19.84871 nan 0 0.0
0.001128285 0.02731019 -0.291516 -2.174348 1.000567 0.9317702 0.677204 19.42805 2.585392 0 0.0
-0.03692025 -0.01477662 2.399501 -4.262046 1.854391 1.744302 0.6861573 20.29005 2.887003 0 0.0
-0.01088788 -0.02578129 -2.766092 -5.718088 1.297852 1.22646 0.7247307 20.02069 nan 0 0.0
-0.01373392 0.01311883 -1.859154 -0.2922399 1.562015 1.473605 0.7171311 20.01608 2.187881 0 0.0
-0.03506772 0.004129505 2.587247 -0.8331582 0.2596528 0.2218562 0.3278009 17.90904 2.538395 1 0.0
-0.0439921 0.01060619 3.403247 -0.08106846 2.540976 2.374455 0.8330234 20.35441 2.240919 0 0.0
0.01674829 -0.002851734 -5.101875 -1.721936 1.238927 1.181322 0.800928 19.29099 3.475382 0 0.0
-0.02136508 0.03285128 -1.590693 -3.457611 1.170725 1.120459 0.7278931 19.65607 2.483788 0 0.0
0.02922451 0.03535036 -0.7235642 -2.550609 0.2689088 0.2257667 0.3206033 17.82211 1.924414 0 0.0
-0.01226769 -0.01515366 4.763051 3.975899 1.123796 1.061613 0.7162501 19.72149 nan 0 0.0
-0.002615336 0.004427709 -7.071285 -3.07929 1.12923 1.058928 0.6201174 19.28376 2.728836 0 0.0
0.008391651 0.03476576 -2.154997 -3.880319 0.6902636 0.6516811 0.700274 19.10299 nan 0 0.0
0.02933575 0.02895118 -5.612664 -2.452056 0.3310565 0.2847961 0.346857 18.07589 3.267984 1 0.9686654
0.02972924 0.02605193 -2.656214 -5.654686 0.134511 0.1294166 0.5904952 15.25506 2.528308 1 0.0
-0.01266022 -0.03093128 -0.8690244 -4.527037 0.5632355 0.4840978 0.5222346 18.95048 2.896969 1 0.0
-0.01848418 -0.03664827 -3.780382 -8.115301 1.408884 1.332482 0.6524299 19.90837 2.533907 0 0.0
0.02728076 0.02915569 0.2646275 0.7820632 0.2997487 0.2586339 0.2514967 17.6019 3.827091 1 0.0
-0.02947367 0.03668926 -0.006459939 -3.303632 1.203176 1.129441 0.7158116 19.80242 3.057972 0 0.0
0.03518944 0.02215773 -1.955555 -0.2410601 0.9148337 0.8527728 0.6755696 19.38997 2.508694 0 0.0
-0.01593061 0.02302155 -3.55901 -8.056396 1.442426 1.352156 0.734728 19.71148 nan 0 0.0
-0.004866676 -0.005358958 -4.86609 -4.429717 0.3098728 0.2621558 0.2846729 17.53252 3.914186 0 0.0
-0.002080409 -0.005484772 -3.894054 -1.177816 0.602016 0.5196208 0.4756632 18.46037 3.277784 0 0.0
0.03150226 0.02404309 -0.8350523 -6.505717 0.3973771 0.3423574 0.5872263 18.08288 3.196802 0 0.0
-0.0146016 -0.0327816 -0.6264112 -3.261328 2.595171 2.455201 0.8053479 20.42719 3.009251 0 0.0
-0.0133944 -0.004648087 -5.757643 -1.994873 0.5582832 0.4860325 0.5125079 18.90749 3.781788 0 0.0
-0.01393206 0.02395064 -0.483138 -1.651128 0.4043765 0.3541909 0.5648082 18.29107 2.643818 1 0.0
0.008502436 0.005396403 -3.538147 -5.246626 0.843864 0.7953685 0.6695292 19.23986 nan 0 0.0
-0.01325259 -0.01588236 -6.486256 -3.028611 0.5358247 0.4675713 0.6210704 18.67846 3.323528 1 0.9971943
-0.03422932 0.0280288 -0.07634154 -5.847985 2.234344 2.05614 0.5964521 20.44444 2.246752 0 0.0
-0.04258612 0.01508127 -4.790573 -3.37906 0.5689858 0.4935891 0.5774913 18.93602 3.478769 1 0.005818154
0.002676032 -0.0006439318 -6.983644 -3.292397 0.5968303 0.5231962 0.5044981 18.9394 3.627071 0 0.0
-0.02417469 0.001276564 -0.5591755 -6.490209 1.173841 1.094436 0.6809023 19.65388 nan 0 0.0
-0.01899563 -0.0008855514 -0.2749581 2.189827 0.802873 0.7540316 0.687238 19.24419 3.099157 0 0.0
-0.02327419 0.002135027 -4.878309 -9.044056 2.077318 1.970028 0.7918707 20.35985 nan 0 0.0
-0.0004199149 -0.003710923 -5.887507 -2.939778 0.3331587 0.272894 0.1287332 17.9168 3.475649 1 0.9985559
-0.0280046 0.01165181 -5.459268 -2.399779 0.5314616 0.4755604 0.635019 18.43264 3.573233 1 0.9748947
-0.03165712 -0.01715377 1.460489 -2.06762 2.621231 2.386422 0.6285875 20.37416 nan 0 0.0
-0.01353992 0.04384433 -0.7650384 -1.747379 1.318499 1.20431 0.672566 19.37789 3.355762 0 0.0
-0.04033849 0.02943857 -2.185052 -3.559133 1.121609 1.049829 0.6044146 19.89732 2.468435 0 0.0
-0.01550689 0.01002492 -1.271856 -7.173135 0.3364593 0.2738617 0.07457369 16.57325 5.622612 0 0.0
-0.03682004 0.03114282 -6.355888 -2.90182 0.4451891 0.3856728 0.5083656 18.09775 3.146322 1 0.9834985
-0.02574455 -0.03211567 -2.394115 -2.781268 1.16471 1.095799 0.6881611 19.78289 2.784401 0 0.0
0.003070275 0.00877264 -6.485489 -2.333225 0.4826294 0.4188883 0.5093156 18.41602 3.535612 1 0.9984889
-0.02685428 0.03066449 -1.573726 -3.180413 0.9259707 0.8599022 0.7119386 19.28281 2.566334 0 0.0
0.04248084 0.02414312 -0.2606476 -0.08978324 0.2151159 0.1820964 0.3442102 17.32849 3.174788 1 0.0
-0.03999714 0.01734608 -6.383909 -2.403083 0.2107748 0.1767117 0.2622465 16.76991 3.481041 1 0.9875114
