data/gcs/Terzan_1_HP_2.ecsv
# %ECSV 0.9
# ---
# datatype:
# - {name: x, unit: deg, datatype: float64}
# - {name: y, unit: deg, datatype: float64}
# - {name: pmx, unit: mas / yr, datatype: float64}
# - {name: pmy, unit: mas / yr, datatype: float64}
# - {name: pmx_e, unit: mas / yr, datatype: float64}
# - {name: pmy_e, unit: mas / yr, datatype: float64}
# - {name: pm_corr, datatype: float64}
# - {name: g_mag, unit: mag, datatype: float64}
# - {name: bp_rp, unit: mag, datatype: float64}
# - {name: filter, datatype: int64}
# - {name: memberprob, datatype: float64}
# meta: !!omap
# - comments: [deg deg mas/yr mas/yr mas/yr mas/yr dimless mag   mag   zeroone float]
# - __serialized_columns__:
#     bp_rp:
#       __class__: astropy.units.quantity.Quantity
#       unit: &id001 !astropy.units.Unit {unit: mag}
#       value: !astropy.table.SerializedColumn {name: bp_rp}
#     g_mag:
#       __class__: astropy.units.quantity.Quantity
#       unit: *id001
#       value: !astropy.table.SerializedColumn {name: g_mag}
#     pmx:
#       __class__: astropy.units.quantity.Quantity
#       unit: !astropy.units.Unit {unit: mas / yr}
#       value: !astropy.table.SerializedColumn {name: pmx}
#     pmx_e:
#       __class__: astropy.units.quantity.Quantity
#       unit: !astropy.units.Unit {unit: mas / yr}
#       value: !astropy.table.SerializedColumn {name: pmx_e}
#     pmy:
#       __class__: astropy.units.quantity.Quantity
#       unit: !astropy.units.Unit {unit: mas / yr}
#       value: !astropy.table.SerializedColumn {name: pmy}
#     pmy_e:
#       __class__: astropy.units.quantity.Quantity
#       unit: !astropy.units.Unit {unit: mas / yr}
#       value: !astropy.table.SerializedColumn {name: pmy_e}
#     x:
#       __class__: astropy.units.quantity.Quantity
#       unit: &id002 !astropy.units.Unit {unit: deg}
#       value: !astropy.table.SerializedColumn {name: x}
#     y:
#       __class__: astropy.units.quantity.Quantity
#       unit: *id002
#       value: !astropy.table.SerializedColumn {name: y}
# schema: astropy-2.0
x y pmx pmy pmx_e pmy_e pm_corr g_mag bp_rp filter memberprob
[from data line 1347]
0.0002411716 0.02161508 -4.211498 -0.945936 0.638347 0.4707093 0.5995899 18.46816 nan 0 0.0
-0.01648954 0.0228897 2.99022 -3.806631 1.048168 0.8054734 0.3300117 19.51796 nan 0 0.0
0.01709633 -0.01746799 -2.007281 -5.46881 1.273852 0.8798908 0.7319876 19.34763 3.066053 0 0.0
-0.015063 -0.01589982 -1.137774 0.384428 1.143758 0.8693424 0.6492126 19.22875 3.226845 0 0.0
-0.006597748 0.01289065 14.59419 7.388397 1.319489 1.004832 0.3127015 19.41941 3.590824 0 0.0
-0.002152979 0.03617957 -1.842174 -6.89664 1.298962 1.022739 0.421252 19.92602 nan 0 0.0
0.03328568 0.03455075 -4.09968 -8.563574 0.8590566 0.6723791 0.1634129 19.06892 3.203669 0 0.0
0.02315198 0.01509683 -5.870664 -7.216173 1.042859 0.8025232 0.3376337 19.26586 3.132229 0 0.0
0.01886858 0.03658022 -0.9240046 -1.766151 0.5671824 0.4305886 0.3586683 18.2854 3.889555 0 0.0
-0.001731477 0.00547699 0.0687152 -2.381566 1.302637 1.018031 0.7907775 19.35017 nan 0 0.0
-0.03231774 -0.001532144 1.629166 -7.215112 0.5315669 0.3657711 0.5129205 18.20977 4.138901 1 0.0
0.03036137 0.02176675 -0.5454959 -3.268966 1.040173 0.8123114 0.3217009 19.47418 4.529902 0 0.0
0.02962647 0.02723344 -1.225669 -0.6484291 0.353157 0.2637043 0.2087118 17.96694 2.493422 0 0.0
0.01062997 0.003324935 -6.154344 -6.553252 2.327193 1.934776 0.5033995 19.84891 2.906643 0 0.0
0.04577072 0.009271406 0.810693 -13.77093 1.536594 1.25745 0.1201305 19.51178 nan 0 0.0
-0.006230748 0.03242764 2.375586 -2.260406 0.7497492 0.5805276 0.3996789 19.3042 2.915773 0 0.0
0.02968489 -0.03994912 -10.79474 -10.54713 1.560411 1.188073 0.4447118 19.41078 3.558846 0 0.0
0.02271076 0.04061534 -3.7044 -10.32781 0.9343604 0.7860152 0.0977991 19.48899 2.732176 0 0.0
-0.006914733 0.03182678 -1.975197 -7.538839 0.4499241 0.3130612 0.5002731 17.81568 3.590786 1 0.0
0.03129323 -0.02535459 2.83641 -0.157726 1.396859 0.9740957 0.6916778 19.29109 2.504004 0 0.0
-0.002600264 0.03690817 -4.002679 -4.954452 0.6103295 0.4678886 0.4528896 19.12139 2.988035 0 0.0
-0.03876001 -0.004342113 -2.240946 -0.7290971 0.9680807 0.6911138 0.4367255 19.30568 3.049036 0 0.0
0.00749718 -0.03541111 -3.154999 -1.749472 1.751311 1.227591 0.2787751 19.71111 2.45006 0 0.0
-0.002679175 0.03624441 -0.9543465 -3.815422 0.747216 0.5785472 0.4578645 19.4372 nan 0 0.0
0.02268435 0.04020527 5.772633 -0.2204849 2.534924 1.97373 0.7240409 20.10351 nan 0 0.0
0.0264963 0.02872207 -3.19305 -9.751272 0.6169132 0.4628093 0.03208383 18.30946 nan 0 0.0
-0.02371919 0.004268671 -3.772161 -4.850175 1.123566 1.06546 0.6224416 19.31182 nan 0 0.0
0.0004780078 0.03870874 0.5628489 -4.552495 1.214764 1.011972 0.6670901 19.34481 2.774036 0 0.0
-0.03251845 -0.03048195 3.208891 -4.424175 1.147171 0.8176992 0.4894254 19.80902 3.606081 0 0.0
-0.04630576 -0.008549207 -0.8008948 -1.595932 0.8213795 0.5801852 0.4758674 19.23827 2.568531 0 0.0
-0.0006005078 0.004365019 -3.574284 -8.134633 1.547422 0.8954001 -0.002524637 19.53483 nan 0 0.0
0.02249428 0.01466783 -6.676603 4.689744 1.628372 1.385668 0.6582885 19.63477 nan 0 0.0
-0.03753011 0.01159236 1.921528 -1.485752 0.5866957 0.3799425 0.4180677 18.35681 3.415411 0 0.0
0.01276062 0.00546091 -2.08174 -2.353203 0.9482773 0.736511 0.4147965 19.52913 3.176071 0 0.0
0.02215232 0.01464502 -2.547281 -3.945444 0.726625 0.5764706 0.3737273 19.29659 3.172369 0 0.0
-0.04294038 -0.006914974 1.167595 -1.99262 0.9038985 0.6343555 0.3895658 19.53479 2.489799 0 0.0
-0.04023283 -0.004123366 0.6502085 -7.076541 1.754551 1.211927 0.5485313 20.13603 2.64237 0 0.0
0.03191741 0.033979 -5.040063 -2.33786 0.4053822 0.3140898 0.08694949 17.11168 6.234917 0 0.0
0.008602612 -0.02145132 -2.735689 -5.509878 0.8586977 0.609066 0.4540192 19.45152 2.928179 0 0.0
0.01233633 -0.02188088 16.22394 9.970303 1.815652 1.348165 0.3135468 20.05387 nan 0 0.0
-0.02369337 0.006238968 1.348982 -1.496502 0.6251294 0.4732546 0.386103 18.99595 3.801208 0 0.0
0.02538143 -0.009447493 -0.8736864 -1.774034 0.9346048 0.7102271 0.4927033 19.52216 2.776407 0 0.0
-0.0001270732 -0.006289429 -3.014008 -5.06701 1.133545 0.9273476 0.7267744 19.29386 nan 0 0.0
0.01279005 0.02932184 -7.310666 -8.88528 1.046961 0.7941422 0.3579514 19.93593 2.774429 0 0.0
-0.02037416 -0.01862066 -1.711105 -3.878417 0.997442 0.7213726 0.1861635 19.49462 nan 0 0.0
0.007997966 -0.01999406 0.6831471 -2.142763 0.5901941 0.3989075 0.2665049 18.54832 2.141632 0 0.0
0.03395714 -0.001549868 -4.747111 -4.524056 0.8444737 0.6355875 0.4662312 19.38222 3.229561 0 0.0
0.008424399 0.04616038 0.8441816 -2.341418 1.283846 0.9782143 0.3663408 19.90056 2.511202 0 0.0
0.02270539 0.01756695 -3.650538 -4.589793 0.9355152 0.7243339 0.4052876 19.50919 2.082815 0 0.0
-0.03752431 -0.003454712 -3.318529 -5.218156 1.657714 1.248392 0.7216213 19.73302 3.086123 0 0.0
0.01042434 0.04800841 -4.812101 -10.21972 2.91256 2.063501 0.7751732 20.31051 nan 0 0.0
-0.002099404 -0.008128135 -3.55118 -5.532972 1.700902 1.334721 0.8842619 19.19996 nan 0 0.0
-0.01567136 0.006173833 0.8465194 -0.7862878 1.571878 1.821258 0.1781004 19.65973 2.474779 0 0.0
0.001635127 0.006577531 -3.107201 -4.56061 0.2109225 0.1617878 0.05783983 16.06569 3.974135 1 0.9844538
-0.04223068 -0.006107855 -2.61256 -2.22367 0.70079 0.4648866 0.5719646 18.57274 3.552 0 0.0
-0.0265337 0.005334152 -4.195222 -2.242366 0.433223 0.3204891 0.0154474 17.7216 4.587669 0 0.0
0.003475324 -0.01932431 0.3206618 -1.270456 0.4175771 0.2946417 0.02360408 17.189 4.427683 0 0.0
0.007943457 -0.04348114 -1.930901 -2.734421 1.665056 1.124323 0.6220961 19.99419 2.547375 0 0.0
-0.04554362 -0.007490269 -4.865579 -12.05838 1.729763 1.235803 0.6034725 20.14269 nan 0 0.0
-0.004046091 0.007561653 -3.634617 -5.132314 0.6603874 0.4737295 0.469696 18.71081 nan 0 0.0
0.02846767 0.02287168 -5.655529 -6.578454 0.962885 0.7639871 0.3352804 19.4601 3.118914 0 0.0
-0.01022931 0.02895211 4.454074 -0.7117466 0.7384508 0.5725868 0.4105577 19.20714 nan 0 0.0
0.01334306 0.03325853 -2.501114 -3.402098 0.6525056 0.533348 0.264919 16.80371 3.288009 0 0.0
0.01067907 -0.0285812 -3.369707 -4.30216 1.300337 0.9690771 0.6691387 19.15693 3.269697 0 0.0
0.02610963 -0.03970968 -4.854834 -3.639116 0.3354222 0.2347099 0.2939275 17.74263 3.952389 1 0.0
-0.04838298 -0.009131959 -0.9433466 -3.657518 1.094924 0.7704878 0.5112948 19.76764 3.355425 0 0.0
-0.004284006 0.03477569 -6.720618 -1.627508 1.677283 1.237549 -0.1535476 19.87024 nan 0 0.0
-0.02452271 -0.04258173 -3.196312 -1.667923 1.817103 1.305057 0.7913707 19.64575 3.205477 0 0.0
0.02472392 -0.009723889 -4.629681 -0.3103088 2.686235 1.985325 0.7939833 20.03778 nan 0 0.0
0.0176033 0.02325953 -2.913832 -5.808548 0.7478666 0.5745857 0.4440928 19.32537 2.621147 0 0.0
0.02556039 -0.02893111 -2.863486 -2.149853 0.7758312 0.575542 0.6228862 19.00923 2.858171 0 0.0
0.03643025 0.0009993629 0.4628416 0.03780434 2.8317 2.100982 0.791657 20.16746 nan 0 0.0
-0.0210904 0.0103747 0.6157568 -4.695429 0.6130755 0.4658183 -0.06449076 17.03238 4.849228 0 0.0
-0.008335299 0.03070133 -5.704184 -10.40794 3.264312 2.424809 0.4851011 19.8904 nan 0 0.0
0.01513184 0.03181059 -1.748181 -0.676749 1.11354 0.8455121 0.3251813 19.88424 2.343306 0 0.0
0.04371939 0.009846461 -5.067292 -7.001088 1.038458 0.8590894 0.2266087 19.53254 nan 0 0.0
-0.004755174 -0.01437861 1.92043 -2.644164 0.9975929 0.7158775 0.4091897 19.71904 2.208643 0 0.0
0.02938049 -0.00330314 -2.65282 -0.4401585 0.5518027 0.4004681 0.4217168 18.56606 3.745131 0 0.0
0.005762746 -0.02305519 -7.240821 1.494308 1.183586 0.8705818 0.4518443 19.18172 3.27774 0 0.0
0.0166843 0.03329616 -5.20446 -10.22217 0.7847862 0.5939698 0.375027 19.37575 3.403299 0 0.0
-0.01293593 0.00576797 -2.093215 -0.6321741 0.7047327 0.4992748 0.1076246 18.4896 nan 0 0.0
-0.01814662 0.02178696 1.911841 -3.619554 0.9660127 0.7468384 0.4927672 19.6551 2.608337 0 0.0
-0.006885101 -0.01516075 -2.222593 -7.693504 1.761142 1.194448 0.394857 20.0021 nan 0 0.0
-0.00154787 0.03714851 -1.63609 -2.470361 0.1735192 0.1416708 0.2688631 16.502 3.09581 1 0.0
-0.002573399 0.01589872 -3.174769 -4.520613 0.3246599 0.2539328 0.0856301 17.83249 3.867985 0 0.0
-0.002074082 0.03770354 1.769915 -0.4480778 0.7015862 0.5546491 0.1262232 18.98458 2.059774 0 0.0
0.0469706 -0.0115288 -0.6032772 1.614557 0.8509212 0.6399897 0.4753427 19.38496 3.343445 0 0.0
0.04027246 0.006740876 0.5919196 -6.727491 1.139583 0.8632092 0.4728966 19.70187 4.26767 0 0.0
-0.0265604 0.006774193 -3.216254 -8.063176 0.4653374 0.3434563 0.08731519 17.79893 4.246519 0 0.0
-0.02370794 -0.04187772 -3.00178 -3.30224 0.4522139 0.327712 0.1650392 17.69022 4.93157 0 0.0
-0.001520895 -0.00544067 -2.744354 -5.584037 0.59047 0.4187685 0.4234944 18.29115 3.588481 0 0.0
-0.02698112 0.006373535 -0.9499918 -5.005522 1.161933 0.8916086 0.5915513 19.15421 nan 0 0.0
-0.006649597 0.001793688 -2.676784 -5.452758 0.4882133 0.3908709 0.3068039 16.36514 4.126927 0 0.0
0.01872732 -0.01391681 0.3887778 -0.4192202 0.5821547 0.4274141 0.6323809 18.50675 2.569399 0 0.0
-0.005519293 0.01266183 -4.287042 -4.613153 2.369958 1.745316 0.6923344 20.01516 nan 0 0.0
-0.04081239 -0.001777568 -0.2817608 -1.944037 0.2699571 0.1980461 0.3554967 17.65373 2.263212 0 0.0
0.03771878 0.0005392011 -0.3277089 -2.642306 0.1563996 0.1116171 0.5320888 15.58881 2.767803 1 0.0
0.02571733 -0.03199435 -8.259759 -3.598409 1.076427 0.7877983 0.5070371 19.78308 3.517681 0 0.0
-0.003388806 0.01516628 -7.619401 -8.091943 0.6955374 0.5419264 0.1754972 17.83951 3.81748 0 0.0
0.00121417 -0.003731682 -2.371984 -6.231082 0.7063507 0.4975648 0.2062992 18.82743 nan 0 0.0
0.03787508 -0.003327056 -4.296326 -0.2471418 1.054988 0.7993306 0.4446266 19.78339 2.385845 0 0.0
0.002003147 -0.003357854 0.1267531 -1.348734 1.109196 0.8269536 -0.1438379 19.28769 nan 0 0.0
-0.0207482 0.009119737 -4.421685 -1.320881 1.117001 0.833658 0.1470905 19.69458 nan 0 0.0
-0.007388179 0.03039814 -7.448998 -8.975407 0.9959548 0.7714911 0.461713 19.75755 2.641584 0 0.0
0.001187867 -0.004136039 -1.772475 -3.097255 1.084759 0.890642 0.7115948 19.15644 nan 0 0.0
0.03039853 -0.02767555 -9.468461 -5.531093 1.275136 0.9140841 0.7010701 19.73503 3.309332 0 0.0
-0.007016532 -0.01583596 -1.853493 -9.547242 2.14405 1.486068 0.2411398 19.80525 nan 0 0.0
-0.04722631 -0.008274992 -2.675078 -7.398425 2.459935 1.69079 0.8254252 20.12914 nan 0 0.0
0.02357305 0.0159474 0.8171638 -5.442689 1.847343 1.460389 -0.01595342 20.07981 3.075701 0 0.0
-0.008068307 -0.01646547 -1.14651 -4.756496 2.883072 1.961657 0.8415897 20.10159 nan 0 0.0
-0.01243627 0.00626776 -5.762744 -6.436046 0.7708796 0.5608756 0.5681747 18.35107 4.030834 0 0.0
-0.01621649 -0.03704296 -2.389678 -1.901372 0.5720842 0.4123539 0.1822482 18.25437 nan 0 0.0
0.008733375 -0.02933441 -17.75747 -10.54702 2.940239 2.166293 0.5018172 19.90386 2.977291 0 0.0
-0.007202599 0.01116445 -4.033168 -5.759068 0.8486369 0.6372755 0.4539062 19.22286 3.302555 0 0.0
0.03947291 -0.01913389 -1.952781 -3.948405 1.067873 0.8506297 0.7782413 19.29644 2.360556 0 0.0
0.01036957 0.02786491 -6.441158 -7.34793 1.754788 1.316876 0.7786549 19.72679 nan 0 0.0
0.005186724 0.02274219 -3.295528 -5.479518 0.8751511 0.6523386 0.3256619 19.24418 2.67539 0 0.0
-0.04735557 -0.01284697 -3.668856 -10.54124 1.049451 0.7526511 0.337205 18.81756 3.190653 0 0.0
-0.008045872 0.03026076 1.275537 -4.230741 0.7064001 0.5256244 0.3140187 18.89776 3.382927 0 0.0
0.001109233 0.01898484 -3.412481 -3.583375 2.058117 1.498367 0.7424756 19.72318 nan 0 0.0
0.008366348 -0.01699192 -0.683187 -1.913541 0.4845678 0.370043 0.2434588 16.29609 3.032625 0 0.0
0.003896276 -0.01343443 0.682128 -0.6259157 0.5839379 0.4110153 0.4140182 18.6977 2.56068 0 0.0
0.04202452 -0.01678129 -2.4718 -3.008645 1.308798 0.9833434 0.4757288 19.87687 2.990301 0 0.0
0.01344803 0.03134926 -0.5833534 1.338564 0.2153462 0.1634712 0.3040174 17.02356 3.15111 1 0.0
0.009969914 -0.02139995 -4.166492 -4.772988 1.049905 0.7492739 0.5124352 19.56534 nan 0 0.0
-0.007361824 0.02978016 1.592654 -1.508687 1.302121 1.006964 0.4977334 19.85546 nan 0 0.0
-0.01256142 -0.0429037 -0.754842 2.643396 1.575445 1.068714 0.6646555 19.79952 nan 0 0.0
0.008740034 0.04489006 -1.219214 -2.441303 0.5607082 0.3867201 0.4880443 18.52539 4.101955 1 0.0
-0.02119706 0.01700653 -0.9495514 -10.1448 2.455207 1.978986 0.4299254 20.10796 2.176416 0 0.0
0.02072001 -0.041219 -2.859648 -4.599156 0.2992109 0.2029503 0.4452454 17.53484 2.422892 1 0.6966113
0.0006353924 -0.03448576 -6.765912 -6.318161 1.800749 1.356216 0.7651315 19.83146 nan 0 0.0
0.01746976 0.01202337 0.9856753 2.47438 1.232086 1.21982 0.7195306 19.47627 1.93531 0 0.0
-0.02053956 0.01755217 -4.140644 -6.622265 3.044195 2.521101 0.8567704 20.18037 nan 0 0.0
0.007947263 0.003103939 6.307848 -4.197722 0.6799953 0.4868978 0.3705802 18.5163 3.568003 0 0.0
0.04620741 -0.01276059 -5.368597 -4.013952 1.223062 0.9018874 0.4165793 19.98188 2.251755 0 0.0
-0.004362067 0.01541229 -3.922313 -3.40907 0.8343413 0.6207346 0.3426413 18.58393 nan 0 0.0
0.007579026 0.002775904 -2.546511 -6.176385 0.9658861 0.7772107 0.1401085 19.25256 nan 0 0.0
-0.01270094 0.01898974 1.486946 -0.1057098 0.9174553 0.6951329 0.4003773 19.48226 3.386105 0 0.0
0.03432638 0.001425466 -1.160247 -0.6804024 0.8590608 0.6499799 0.2900022 18.6577 nan 0 0.0
-0.03383923 -0.01268302 -8.615814 -7.602562 0.8810435 0.6164202 0.4293943 19.38316 3.671251 0 0.0
0.005580065 0.0009297259 0.8818078 -1.457012 0.8787793 0.7526553 0.23182 19.18641 nan 0 0.0
-0.009227933 0.01120815 4.275958 -7.178508 0.8032792 0.6011821 0.3213006 18.24838 4.313042 0 0.0
0.005686573 0.02331246 -6.946436 -4.234452 2.159771 1.55304 0.7338559 19.9618 2.606363 0 0.0
-0.0413177 0.01147639 -7.174299 -6.285914 0.8026981 0.5691347 0.3170509 18.97218 3.650028 0 0.0
0.007976944 0.04439803 -1.417511 -2.940846 1.045269 0.817423 0.2692769 20.04538 1.137983 0 0.0
0.01844777 0.03738138 -6.235021 -4.527514 0.538519 0.423504 0.1773404 16.7841 5.422159 0 0.0
0.009790973 0.0295072 -5.038536 -7.192541 0.7256574 0.5364325 0.4985686 18.49003 3.762281 0 0.0
0.03301984 0.02643889 -2.431859 -3.460442 0.5655271 0.4370151 0.1880372 18.90311 3.088051 0 0.0
0.007158225 0.002922802 -7.568418 -6.789558 1.510745 1.613782 0.5010886 19.50919 nan 0 0.0
-0.008097005 0.01241942 -1.637324 -2.796089 1.699944 1.232826 0.7550573 19.64071 2.591494 0 0.0
-0.03134587 0.002246632 -1.081543 -0.8411982 1.250958 0.7809848 0.1836992 19.64891 2.662584 0 0.0
0.0004251514 -0.01521582 -0.8176239 -3.089832 0.1390241 0.1001827 0.0767435 15.61631 2.953459 1 0.0
0.0003727607 0.03731447 -0.5694326 -3.24764 1.276276 1.043014 0.3066604 20.02453 2.771786 0 0.0
-0.03765597 -0.003019887 -2.749391 -0.6818208 1.650947 1.128984 0.442922 20.19451 nan 0 0.0
0.0104162 -0.02805665 -1.713351 -1.843153 0.9223609 0.6806459 0.2361419 19.36478 2.317974 0 0.0
-0.002284063 0.01636603 -0.1436768 -2.276878 0.5009876 0.370006 0.4991583 18.4697 nan 0 0.0
0.01856973 -0.01294975 -2.105351 -2.832021 2.540097 1.959724 0.8337031 20.13814 nan 0 0.0
-0.001942105 0.0163031 1.722915 -1.935552 0.419976 0.3125136 0.3922997 18.21213 3.180132 0 0.0
0.01015915 0.02820253 -2.095403 -4.225817 0.7699155 0.5842819 0.3521479 19.1829 4.075373 0 0.0
0.0105558 0.04701085 2.627642 -7.829426 1.103135 0.8448436 0.03982241 17.56828 2.638452 0 0.0
0.02411331 -0.03301246 -4.863326 -6.405883 0.7356544 0.5191969 0.5468255 18.98421 4.010277 0 0.0
-0.01892956 -0.01025855 -0.4544818 -1.888735 0.6276324 0.4760771 -0.1404772 18.64477 3.542862 0 0.0
0.008633136 0.02625909 -0.7039612 -1.019853 0.8446666 0.645417 0.386136 19.54868 2.352806 0 0.0
0.02538238 -0.005783476 -4.039055 -3.89101 1.615802 1.215616 0.1790217 18.74999 nan 0 0.0
-0.003862361 0.01724718 -3.79242 -5.430005 0.4592887 0.3263161 0.4375665 18.29798 2.650717 0 0.0
-0.02478989 -0.02574754 -6.756096 -7.36152 2.787855 1.801253 0.6892248 20.12941 2.868284 0 0.0
-0.004203035 -0.01254181 -4.582958 -3.879434 1.275307 0.7379193 -0.2199487 19.32407 nan 0 0.0
0.02457337 0.01893597 -1.819921 -2.628116 0.6543711 0.5216863 0.3471517 18.95905 3.74185 0 0.0
