data/gcs/Terzan_1_HP_2.ecsv
# %ECSV 0.9
# ---
# datatype:
# - {name: x, unit: deg, datatype: float64}
# - {name: y, unit: deg, datatype: float64}
# - {name: pmx, unit: mas / yr, datatype: float64}
# - {name: pmy, unit: mas / yr, datatype: float64}
# - {name: pmx_e, unit: mas / yr, datatype: float64}
# - {name: pmy_e, unit: mas / yr, datatype: float64}
# - {name: pm_corr, datatype: float64}
# - {name: g_mag, unit: mag, datatype: float64}
# - {name: bp_rp, unit: mag, datatype: float64}
# - {name: filter, datatype: int64}
# - {name: memberprob, datatype: float64}
# meta: !!omap
# - comments: [deg deg mas/yr mas/yr mas/yr mas/yr dimless mag   mag   zeroone float]
# - __serialized_columns__:
#     bp_rp:
#       __class__: astropy.units.quantity.Quantity
#       unit: &id001 !astropy.units.Unit {unit: mag}
#       value: !astropy.table.SerializedColumn {name: bp_rp}
#     g_mag:
#       __class__: astropy.units.quantity.Quantity
#       unit: *id001
#       value: !astropy.table.SerializedColumn {name: g_mag}
#     pmx:
#       __class__: astropy.units.quantity.Quantity
#       unit: !astropy.units.Unit {unit: mas / yr}
#       value: !astropy.table.SerializedColumn {name: pmx}
#     pmx_e:
#       __class__: astropy.units.quantity.Quantity
#       unit: !astropy.units.Unit {unit: mas / yr}
#       value: !astropy.table.SerializedColumn {name: pmx_e}
#     pmy:
#       __class__: astropy.units.quantity.Quantity
#       unit: !astropy.units.Unit {unit: mas / yr}
#       value: !astropy.table.SerializedColumn {name: pmy}
#     pmy_e:
#       __class__: astropy.units.quantity.Quantity
#       unit: !astropy.units.Unit {unit: mas / yr}
#       value: !astropy.table.SerializedColumn {name: pmy_e}
#     x:
#       __class__: astropy.units.quantity.Quantity
#       unit: &id002 !astropy.units.Unit {unit: deg}
#       value: !astropy.table.SerializedColumn {name: x}
#     y:
#       __class__: astropy.units.quantity.Quantity
#       unit: *id002
#       value: !astropy.table.SerializedColumn {name: y}
# schema: astropy-2.0
x y pmx pmy pmx_e pmy_e pm_corr g_mag bp_rp filter memberprob
[from data line 1685]
-0.006465696 0.004841643 -7.519138 -1.91582 0.8331765 0.6627322 0.3090867 19.02097 3.137438 0 0.0
0.01631517 0.02849543 0.04212816 -2.951342 0.1512197 0.1163363 0.08070765 16.04157 3.117539 1 0.0
-0.02029081 -0.0399963 0.970387 3.410869 2.472393 1.760644 0.6945151 20.51496 2.707588 0 0.0
-0.009731006 0.04441694 -0.5150285 -1.554433 1.813652 1.295779 0.5468332 20.3295 3.319778 0 0.0
0.03365106 0.02599235 -8.806859 -0.2638407 1.525122 1.05911 0.06053518 19.67845 nan 0 0.0
-0.02103042 -0.02374394 -1.430595 -2.985397 1.953648 1.441981 0.4536019 20.34805 nan 0 0.0
0.03987861 0.008383266 -0.3279995 0.6094955 0.638 0.473585 0.3637578 19.01989 3.416277 0 0.0
-0.04804218 -0.006976486 -6.632518 -10.81423 1.068491 0.7501395 0.4742326 19.70696 1.859497 0 0.0
0.00726359 0.005089542 -2.406604 -5.576933 2.734837 1.903659 0.7419111 20.13899 nan 0 0.0
-0.02155624 -0.0239882 -1.091961 0.6345454 0.632229 0.4414526 0.478272 18.56995 3.849606 0 0.0
-0.03763342 0.006688527 -1.381372 -17.10904 0.5775172 0.4157511 0.1714603 18.95771 nan 0 0.0
-0.01674505 -0.02097364 -3.055299 -1.748173 0.6357198 0.4615883 0.1185693 18.99664 3.513933 0 0.0
0.02909896 0.0226655 -4.662384 -8.900724 0.8610268 0.7730512 0.1151591 19.55493 nan 0 0.0
0.01630701 -0.02020872 -5.116118 -6.159377 0.5303454 0.380868 0.4155668 18.28627 3.999474 0 0.0
0.03047689 -0.02932925 0.5342694 -6.327818 1.32427 1.029156 0.8240347 19.42394 3.477949 0 0.0
0.01351597 -0.04768936 -0.393118 0.4644396 1.022431 0.7238868 0.2199176 19.28526 nan 0 0.0
-0.001231595 -0.006770088 -5.177429 -6.469637 0.9141185 0.665408 0.5567733 19.07713 3.497124 0 0.0
0.004054589 -0.0006056142 -5.376996 -1.231932 0.9717759 0.772909 0.3254779 18.8965 nan 0 0.0
0.04169456 0.01094789 1.518292 2.449041 0.5214732 0.3713526 0.3437933 18.21404 4.041965 0 0.0
-0.03068492 -0.008630768 -0.6629492 -7.973979 0.3801831 0.2942731 0.005921161 17.81954 3.993753 1 0.0
0.03981408 -0.02074192 -0.630905 -5.154503 2.05987 1.811698 0.6489483 19.77848 3.352516 0 0.0
0.02471863 -0.03053497 0.2267473 -6.187203 1.233257 0.9203207 0.7636562 19.45843 2.754868 0 0.0
0.04169464 0.01114053 -0.7481912 -6.403787 2.230647 1.907701 -0.01090864 19.77686 nan 0 0.0
0.03939492 -0.01693659 -7.235044 -4.636278 1.767789 1.30394 0.4093457 20.00196 3.002747 0 0.0
0.01152127 -0.02137152 -3.763944 -4.272265 0.9584341 0.7158683 0.4277998 19.26022 3.10009 0 0.0
0.02014913 -0.005149012 -2.520603 -3.92306 0.3123569 0.2282922 0.2961842 17.76721 3.988623 1 0.2291253
-0.002520829 0.01738836 -6.957355 -6.520648 1.429318 1.144987 0.2966005 20.07015 1.987083 0 0.0
0.003423388 -0.0007505485 -2.036734 -5.756442 2.275083 1.876059 0.8874557 19.60179 nan 0 0.0
0.003686384 -0.0007867977 -5.01514 -7.253666 1.635302 1.084801 -0.4538382 19.06848 nan 0 0.0
-0.01985535 0.01615995 0.7006712 -5.276775 0.9065233 0.6637822 -0.1181781 19.1984 2.791769 0 0.0
-0.006915805 0.04695014 -5.724873 -7.374506 0.8544912 0.6488184 0.50921 19.26807 3.059338 0 0.0
-0.03317474 -0.03343665 -6.657349 0.2033141 1.447695 1.06541 0.7413955 19.53218 3.185236 0 0.0
0.03045975 -0.000104848 -7.0316 -8.356145 1.224312 0.8943665 0.5367883 19.6901 nan 0 0.0
-0.0004691374 0.03247171 -2.116676 -3.952027 0.5475336 0.4073744 0.3087968 18.84528 3.493555 0 0.0
-0.01654099 0.01605376 -7.209354 -2.921619 0.7167909 0.4817264 0.5100838 18.73611 3.679649 0 0.0
-0.02324892 0.01744093 -2.345277 -3.281915 1.02561 0.8353198 0.7358755 19.10037 3.49444 0 0.0
0.009132974 0.02629719 -0.636782 -7.436797 1.324968 0.9611329 0.2796017 19.83422 nan 0 0.0
-0.02348558 0.01709565 -3.044124 -4.006771 0.9672324 0.7811925 0.1960377 19.32451 nan 0 0.0
0.009501533 0.02896745 -3.262669 -6.756771 2.029467 1.483146 0.7634494 19.82094 nan 0 0.0
-0.01175508 0.02824241 -2.276371 -2.606735 0.9727637 0.800246 0.7399839 19.21059 2.602606 0 0.0
-0.0007321309 0.01997667 -0.5355003 -2.466863 2.842336 2.022481 0.7570632 20.20317 nan 0 0.0
0.008422462 0.02374332 -4.634809 -7.316203 2.653607 2.068033 0.6702188 20.14607 2.034218 0 0.0
-0.009203474 0.03073177 -5.119059 -7.509311 2.031069 1.680121 0.7969908 20.19963 2.73262 0 0.0
0.006291786 0.02593121 -2.793618 -0.04508026 0.9723964 0.7676473 0.2321903 19.28849 2.890598 0 0.0
0.03744046 0.0291133 -3.087558 -4.422906 1.372563 1.013821 0.4218825 19.90013 2.267914 0 0.0
-0.02310735 -0.02487356 2.180257 -3.81381 0.9426185 0.6904871 0.7600156 19.07943 nan 0 0.0
0.03865851 -0.01726245 0.5769917 -1.511325 1.620429 1.242651 0.8092925 19.60078 2.826744 0 0.0
-0.0146444 -0.001752948 -10.67477 -8.528321 1.631276 1.051303 -0.03653077 19.45791 nan 0 0.0
0.0441152 0.01265581 -4.891566 -9.624965 1.318579 1.018409 0.3788748 19.93556 3.234049 0 0.0
-0.02469539 0.01629808 -1.332275 -2.763672 3.651385 2.74886 -0.4529932 20.05636 nan 0 0.0
0.00305594 0.02311802 -1.944185 -1.725045 0.5642 0.4270539 0.2746702 18.86851 2.760241 0 0.0
0.01228898 0.01963829 -5.01285 -9.316881 0.8637829 0.738593 0.2860155 19.40699 3.360191 0 0.0
0.0352217 0.004478812 0.6131802 -0.3507977 0.9024147 0.5968653 0.8377085 18.39824 2.801155 0 0.0
0.007475848 0.0291698 -1.703239 -7.280037 3.25528 2.498099 0.8566556 20.36884 nan 0 0.0
-0.01666721 -0.01488728 -4.375628 -5.192337 0.6936171 0.5383609 0.3096831 19.03578 nan 0 0.0
-0.004046978 0.02891633 2.134141 -3.024167 0.4050347 0.2817971 0.5206524 17.93701 nan 0 0.0
-0.01196033 -0.01417133 -2.911905 -7.557428 1.426297 1.205603 0.1192926 19.1811 3.698399 0 0.0
0.02486222 0.01696942 -2.004462 -15.38688 0.9134431 0.7072836 0.3576165 19.38378 nan 0 0.0
-0.0001796825 0.0005884703 -3.083171 -5.299927 0.3594915 0.2768818 0.06971313 15.55828 4.766422 0 0.0
-0.004309495 0.01623245 -3.636237 -5.115775 0.4092245 0.3084166 0.3677566 17.95511 3.27674 0 0.0
-0.01698946 0.02350569 -5.227721 -2.395998 1.634608 1.185867 0.7473761 19.47991 nan 0 0.0
-0.0312566 -0.03001042 -3.347503 -6.301001 1.253476 0.8906306 0.4979936 19.84329 3.106083 0 0.0
0.02934588 -0.03082426 -3.72142 -3.502324 0.8349673 0.6190017 0.5018788 19.36463 2.885075 0 0.0
0.0174129 -0.01171167 -3.512277 -4.05853 1.913645 1.546972 0.6940525 19.77472 nan 0 0.0
0.02467177 -0.007984374 -7.121011 -8.064432 0.5419432 0.3852064 0.4654315 18.52941 2.710428 1 0.0
0.02611259 -0.02866232 -11.85916 -13.03095 1.962118 1.434831 0.4787728 19.93398 3.230886 0 0.0
-0.02268345 -0.03862735 5.793671 3.359347 1.416905 1.020852 0.7937455 19.49947 2.81926 0 0.0
-0.003283503 0.01259899 -3.602582 -7.247305 0.7914829 0.5909928 0.4247665 19.11524 nan 0 0.0
-0.006309551 0.0305241 -0.6998514 0.8306232 0.9682261 0.7477175 0.469311 19.74303 2.6353 0 0.0
0.002240491 0.02498915 -5.967558 -7.134775 0.9703548 0.6862621 0.3165561 18.47208 nan 0 0.0
-0.008519533 0.03156916 -8.653231 -7.564924 1.732894 1.417243 0.7856569 19.9578 nan 0 0.0
-0.01451308 -0.0005512986 -8.624889 -9.676793 1.180214 0.9162576 -0.7249193 18.62772 3.208691 0 0.0
0.02076405 0.04202722 2.618744 -3.66461 1.269327 1.032109 0.3766432 20.00674 2.518927 0 0.0
-0.003599391 0.01931857 1.828164 -5.186008 0.5654069 0.4003127 0.4237085 18.65203 2.961191 0 0.0
-0.006808422 0.01641541 0.8755413 -3.967918 1.811653 1.399582 0.04451109 19.9794 nan 0 0.0
-0.009802427 -0.03019663 -1.1056 0.3755304 0.941557 0.6554059 0.4901427 19.38498 2.190025 0 0.0
-0.006492774 0.01649363 -2.831786 -2.475087 0.7767045 0.6066393 0.4474095 19.30993 3.507868 0 0.0
-0.005151304 0.01754466 -2.819042 -6.048262 0.9513401 0.7613654 0.4085136 19.27126 nan 0 0.0
0.01868513 0.04032628 -11.31148 -12.45552 1.343817 1.138173 0.2370924 19.49237 2.822462 0 0.0
0.01373302 9.922049e-05 0.4705423 -11.40323 1.154041 0.8303017 0.3453944 19.10368 nan 0 0.0
0.02777033 -0.02402601 -8.82354 -6.522 1.765349 1.294527 0.5540033 19.50068 2.800415 0 0.0
0.02559107 -0.01223609 -1.147988 -6.436924 0.3337025 0.2465423 0.3572459 17.57371 2.750919 0 0.0
0.02293238 -0.02381685 0.6800663 -3.105415 1.22701 0.9079633 0.6225846 19.78259 3.394333 0 0.0
0.001214518 0.02415566 -0.1297443 -9.424213 0.7094535 0.5274601 0.4915928 18.82472 3.472252 0 0.0
-0.01254217 0.01165982 -2.880077 -3.441929 0.2559693 0.1959421 0.2063858 17.42193 2.564481 0 0.0
-0.02318419 -0.03339371 0.02005108 0.405042 2.509238 1.755135 0.7282615 20.45909 2.104902 0 0.0
-0.02829886 0.0155189 -1.454227 -1.79997 0.3393221 0.2455221 0.1496133 17.86212 3.573696 1 0.0
0.04782095 0.006491413 -5.506062 -4.128812 0.8604356 0.6786617 0.2709882 19.43227 2.353048 0 0.0
-0.001337073 0.01407342 -0.9899772 -5.537792 0.8235296 0.6194914 0.4221091 19.34775 2.922428 0 0.0
-0.006095431 -0.02782168 -0.2393046 -0.3289415 0.7904152 0.5626028 0.3772406 19.29365 3.390717 0 0.0
-0.04246813 -0.004368456 -2.935716 -9.034611 1.036697 0.7391256 0.4678449 19.73978 2.558977 0 0.0
0.00508136 0.02007763 -7.378869 -9.993703 2.059369 1.528658 0.7868494 19.81635 2.322083 0 0.0
0.01552737 0.03743148 -1.358898 -4.038458 0.9511348 0.7462641 0.4550044 19.72655 nan 0 0.0
0.003951187 0.04372308 0.3955108 -3.420172 1.079001 0.9033181 0.3710526 19.92521 2.685598 0 0.0
-0.04538491 -0.009475745 -5.183886 -4.189206 2.281186 1.683992 0.7450614 20.16198 3.472868 0 0.0
-0.04906709 -0.008390343 -2.667652 -8.209857 1.421899 1.700612 -0.00665552 18.90149 nan 0 0.0
0.01141726 -0.01148572 1.976202 -0.6361967 0.5692437 0.4111379 0.5027863 18.59814 2.889202 0 0.0
-0.0117794 0.01182776 -3.62378 -5.513265 0.8314312 0.6471488 0.4895647 19.54847 nan 0 0.0
0.01160673 0.03381188 -5.432144 -7.274754 1.151595 0.8663208 0.4722298 19.8067 3.344753 0 0.0
-0.01188471 0.01263456 -3.344642 -5.028386 0.2772086 0.2130367 0.1246929 15.68445 5.224499 1 0.949844
0.0261961 -0.01147141 -3.568299 -5.348621 1.285208 0.9684575 0.4884741 19.8618 nan 0 0.0
-0.0253242 0.006700136 -4.156091 -13.166 1.080406 0.7981391 0.3829785 19.54373 nan 0 0.0
0.02624484 -0.0257422 0.948733 -3.957743 1.760045 1.17824 0.8620161 19.45089 2.233326 0 0.0
-0.03447515 0.0008760973 1.452363 -0.2225747 1.056676 0.7407749 0.3383869 19.51857 3.326405 0 0.0
0.04343047 0.01076593 -3.239856 -5.324833 0.9689975 0.7794012 0.300503 19.40645 2.999193 0 0.0
-0.0006004832 0.0003653088 -3.278248 -3.64616 0.4268824 0.3437388 0.2803559 16.80899 nan 0 0.0
-0.01161787 -0.01925819 0.1771654 3.739012 1.222315 0.9125851 0.2126723 19.67625 3.015657 0 0.0
-0.00704529 0.01820258 -4.019227 -2.806676 1.730969 1.308618 0.7133003 20.08961 nan 0 0.0
-0.0241965 0.01990691 -5.517387 -7.259197 1.087851 0.8825142 0.4391215 19.51262 3.027231 0 0.0
0.005003839 0.04725734 -3.878693 -7.041657 2.929155 2.141219 0.8546173 20.25864 1.487278 0 0.0
0.008258986 -0.04266101 -3.023664 -4.330574 1.51639 1.020914 0.4544783 19.94806 3.906124 0 0.0
0.009791843 0.03817037 -2.945582 -4.395944 0.7701402 0.6160514 0.3131644 17.74631 3.122321 0 0.0
0.02840754 -0.002906123 1.079932 1.437043 0.9472882 0.7491839 0.3982101 19.29217 2.944746 0 0.0
-0.008360397 0.01659458 0.1876193 -0.5401683 0.3109027 0.2475525 0.3378197 17.03173 4.87357 1 0.0
0.02972079 -0.008487417 1.16398 -6.938618 1.247888 0.9562316 0.4216697 19.85429 nan 0 0.0
-0.004756852 0.01998609 -4.072659 -4.099131 1.739569 1.431725 0.3103772 20.25004 nan 0 0.0
-0.03502594 -0.003324081 1.635496 -4.620625 0.6107288 0.4320647 0.2786956 18.92961 3.104717 0 0.0
0.02830243 -0.002608546 -4.981676 -8.963108 0.8840405 0.6441935 0.466248 19.3125 3.020201 0 0.0
-0.01556967 0.02819037 -3.221464 -5.809169 0.9261226 0.6030229 0.8252377 18.10742 3.864655 0 0.0
-0.01509326 0.009616689 0.6484401 -7.736079 1.052537 0.7950398 0.3806166 19.57628 3.504246 0 0.0
-0.01929804 -0.008656454 -4.998539 -6.961157 0.4489881 0.3247739 0.3242304 18.13544 2.366488 0 0.0
0.002819827 0.04531957 -2.684442 -1.559061 0.357332 0.2638394 0.3903493 18.0769 3.709921 0 0.0
-0.03475687 -0.02034135 -2.080743 -5.031611 0.6808519 0.4635213 0.441421 18.7561 3.100195 0 0.0
0.002477765 0.04520704 -3.900837 -4.845864 1.186571 0.8797526 -0.107317 19.67161 nan 0 0.0
0.03556335 0.003767247 0.5211516 -1.007697 0.5903683 0.4354781 0.5967287 18.42023 3.232033 1 0.0
0.006634179 0.03183252 -5.105802 -0.9072091 0.2470607 0.1938224 0.1413468 16.27458 4.646594 1 0.0
0.003187624 0.02779675 -7.983488 -7.589206 0.8560801 0.6547253 0.4501408 19.64983 2.719702 0 0.0
-0.02665229 -0.04180409 -0.7102784 -9.083469 0.7730043 0.5385451 0.4785493 19.10604 3.637041 0 0.0
-0.02055946 -0.01275942 -2.83985 -4.952949 0.2178673 0.1646141 0.07950043 15.68266 3.996507 1 0.9515925
-0.007387125 0.01650501 0.8159822 -2.384454 1.18177 0.9201983 0.3769946 19.56844 3.529345 0 0.0
0.0269588 -0.0111569 -5.872324 -2.925386 0.3924427 0.2953851 0.4238166 17.97843 3.82996 1 0.0
-0.02965678 -0.01696747 -2.909553 -1.168626 0.9689001 0.6900933 0.3375385 19.42682 2.503798 0 0.0
0.002451028 0.02831938 -4.744792 -6.173616 1.521279 1.205885 0.3575579 20.12883 nan 0 0.0
-0.005440719 0.01868524 0.9595253 -3.68112 1.032947 0.7970993 0.4436018 19.79905 nan 0 0.0
-0.01817055 0.009036329 -1.308082 -8.317105 1.486315 1.263857 0.6786044 19.38538 nan 0 0.0
0.00360754 0.0006856784 -2.468963 -5.068201 0.5742763 0.4097773 0.2459069 18.24552 nan 0 0.0
0.003949436 0.0005540581 -4.271636 0.2875407 1.416187 0.9532874 0.8845281 18.5422 nan 0 0.0
0.0008199428 0.02677255 0.1786356 -0.4831361 0.8050967 0.6262481 0.4386465 19.4649 2.672672 0 0.0
-0.02185592 0.02255486 -3.838657 -7.163714 2.593418 1.94999 0.5087253 20.05977 2.568405 0 0.0
-0.03733318 -0.02178045 -3.593701 -0.3793016 1.095352 0.785769 0.4099608 19.60428 nan 0 0.0
-0.04414859 -0.01021904 4.141871 -1.21862 1.713666 1.189831 0.4960175 20.08475 3.383438 0 0.0
-0.002862838 0.01903821 -1.595628 -2.430955 1.021144 0.8190027 0.3536583 19.57828 nan 0 0.0
-0.01125408 0.01823652 3.738752 0.3127264 3.008867 2.070781 0.8346815 20.32121 3.010239 0 0.0
-0.01877565 0.009806783 -3.795953 -2.353216 0.1491144 0.1163051 0.3089845 16.37129 3.153648 1 0.0
0.01626427 0.03873408 -4.31114 -7.238725 1.885613 1.464612 0.5050471 20.4228 2.441303 0 0.0
-0.01044022 0.03314254 -3.051187 -3.400355 0.9079611 0.5917132 0.8344487 18.44184 2.676823 0 0.0
0.03799278 0.02872971 -1.397013 -0.5863137 0.5679824 0.404291 0.4193535 18.64617 3.077427 0 0.0
0.04187825 0.009959804 -2.258863 -4.340108 0.468483 0.3413945 0.4026284 18.50747 nan 0 0.0
0.01344836 0.03372772 -5.006315 -9.072952 0.61876 0.4439747 0.483243 18.08035 nan 0 0.0
0.002135349 0.02886489 -3.881 -4.277675 0.7396909 0.5075248 0.5456891 18.78443 2.989544 0 0.0
-0.0002849432 0.02115922 -2.992117 -6.382879 1.186701 0.8936839 0.4589989 19.73858 nan 0 0.0
-0.005573348 0.0379876 1.182907 -1.096885 1.930658 1.397636 0.6941356 19.88535 nan 0 0.0
-0.01769753 0.01136338 -7.756117 -1.320664 1.911424 1.450168 0.273945 19.67559 nan 0 0.0
-0.03260979 0.006694154 -3.032832 -5.066447 0.8352788 0.6264252 0.2695705 19.23697 2.608015 0 0.0
-0.01274907 -0.01526625 -4.074552 -7.903775 0.713477 0.4710579 0.31723 18.90272 3.60314 0 0.0
-0.04862244 -0.003574064 0.01458163 1.300365 3.359964 2.475754 0.6918964 20.37347 2.878681 0 0.0
0.006473131 -0.01623647 7.014156 -1.771468 1.613701 1.150581 0.4339236 19.76303 nan 0 0.0
0.01026149 0.0007519616 -3.28087 -4.74214 1.266219 0.931306 0.5680961 19.60895 4.140419 0 0.0
0.03440829 0.009947472 2.84366 -2.489573 1.346607 1.030554 0.3395006 19.76356 3.274204 0 0.0
-0.001336315 -0.04115577 -1.270306 -3.704738 0.4306133 0.3065289 0.1516401 17.9269 4.73624 1 0.0001755282
0.03447885 -0.01362166 1.078908 -0.6209503 1.40186 1.060616 0.3992169 19.70012 nan 0 0.0
-0.017771 -0.01838173 -2.232681 -6.836273 0.5944994 0.4258582 0.5404786 18.06222 nan 0 0.0
0.01870532 0.008452579 -4.198923 -5.059274 0.409803 0.3094273 0.5781346 16.53658 4.551515 1 0.4550642
-0.03457416 -0.01654566 -11.42168 -7.801148 0.8277812 0.5768785 0.4028585 19.3693 3.123655 0 0.0
-0.00499469 0.0412511 -5.16726 -6.5147 0.7875234 0.6389464 0.4978454 19.04769 3.121351 0 0.0
0.03349533 0.03215124 -6.373748 -2.426094 2.14508 1.614828 0.6641545 20.05056 nan 0 0.0
-0.005547192 0.04068841 -5.355424 -5.305463 0.9507414 0.7259228 0.4930134 19.59229 3.071247 0 0.0
-0.002363219 0.02636816 -2.700233 -3.354551 0.9199883 0.7113173 0.4695537 19.29591 3.898853 0 0.0
