data/gcs/Terzan_9.ecsv
# %ECSV 0.9
# ---
# datatype:
# - {name: x, unit: deg, datatype: float64}
# - {name: y, unit: deg, datatype: float64}
# - {name: pmx, unit: mas / yr, datatype: float64}
# - {name: pmy, unit: mas / yr, datatype: float64}
# - {name: pmx_e, unit: mas / yr, datatype: float64}
# - {name: pmy_e, unit: mas / yr, datatype: float64}
# - {name: pm_corr, datatype: float64}
# - {name: g_mag, unit: mag, datatype: float64}
# - {name: bp_rp, unit: mag, datatype: float64}
# - {name: filter, datatype: int64}
# - {name: memberprob, datatype: float64}
# meta: !!omap
# - comments: [deg deg mas/yr mas/yr mas/yr mas/yr dimless mag   mag   zeroone float]
# - __serialized_columns__:
#     bp_rp:
#       __class__: astropy.units.quantity.Quantity
#       unit: &id001 !astropy.units.Unit {unit: mag}
#       value: !astropy.table.SerializedColumn {name: bp_rp}
#     g_mag:
#       __class__: astropy.units.quantity.Quantity
#       unit: *id001
#       value: !astropy.table.SerializedColumn {name: g_mag}
#     pmx:
#       __class__: astropy.units.quantity.Quantity
#       unit: !astropy.units.Unit {unit: mas / yr}
#       value: !astropy.table.SerializedColumn {name: pmx}
#     pmx_e:
#       __class__: astropy.units.quantity.Quantity
#       unit: !astropy.units.Unit {unit: mas / yr}
#       value: !astropy.table.SerializedColumn {name: pmx_e}
#     pmy:
#       __class__: astropy.units.quantity.Quantity
#       unit: !astropy.units.Unit {unit: mas / yr}
#       value: !astropy.table.SerializedColumn {name: pmy}
#     pmy_e:
#       __class__: astropy.units.quantity.Quantity
#       unit: !astropy.units.Unit {unit: mas / yr}
#       value: !astropy.table.SerializedColumn {name: pmy_e}
#     x:
#       __class__: astropy.units.quantity.Quantity
#       unit: &id002 !astropy.units.Unit {unit: deg}
#       value: !astropy.table.SerializedColumn {name: x}
#     y:
#       __class__: astropy.units.quantity.Quantity
#       unit: *id002
#       value: !astropy.table.SerializedColumn {name: y}
# schema: astropy-2.0
x y pmx pmy pmx_e pmy_e pm_corr g_mag bp_rp filter memberprob
[from data line 2863]
-0.04522721 0.01868228 -1.374322 -5.618001 0.5562852 0.4519745 0.4151035 18.58718 nan 0 0.0
0.01891153 0.02514039 -7.252114 -7.123692 1.025715 0.8480664 0.4846861 19.06199 2.529573 0 0.0
0.01757365 0.003860315 -2.789878 -3.602869 1.298386 1.172574 0.4480807 19.85072 2.261797 0 0.0
0.007335776 0.01963521 -3.476933 -7.831976 2.191299 1.999709 0.2468809 20.3122 2.598557 0 0.0
0.02574162 -0.002132229 -5.996345 -4.59783 0.2669332 0.2151266 0.2533416 17.68634 2.320353 0 0.0
0.02381023 0.006945266 4.554089 -5.668737 0.5224155 0.4308436 0.4085153 18.64542 2.362505 0 0.0
0.02546781 -0.008861293 -0.6956547 -4.646088 0.9062403 0.7467616 0.2954509 17.22016 3.80346 0 0.0
0.02062955 0.03691034 -2.277927 -3.724865 0.9656031 0.8309273 0.6860078 18.31087 1.494175 0 0.0
0.01215895 0.04386194 -4.309152 -1.812131 0.3235456 0.2549461 0.3795273 17.63354 3.05591 0 0.0
-0.02991973 0.01265823 0.2341032 -0.4711728 0.4563685 0.3689183 0.3935602 18.45204 2.274347 0 0.0
0.01667927 0.0326843 -9.455617 -5.383127 2.005318 1.692495 0.4037975 20.10681 1.975039 0 0.0
-0.02790752 0.02502981 -0.5347568 -0.7311873 2.138132 2.386843 0.8053161 19.91377 2.126606 0 0.0
-0.04537912 -0.01000812 -3.755379 -10.35581 0.4494979 0.368121 0.3150816 18.35188 3.676405 1 0.0
0.01373685 0.02680434 -2.9984 -5.32916 1.498454 1.363229 0.6649119 19.90056 nan 0 0.0
0.01466196 0.01960017 -4.449591 -7.570247 1.628068 1.437289 0.6055205 20.03599 1.631636 0 0.0
-0.01695898 0.02780908 -3.180379 -3.037054 1.402435 1.092599 0.058238 18.3936 2.56493 0 0.0
-0.0101506 0.03714064 -3.38647 -3.045992 0.477974 0.3962394 0.4319709 18.54354 3.005287 0 0.0
0.01455398 0.02709988 -2.80562 -4.366497 1.714962 1.47866 0.4385112 20.12777 1.769882 0 0.0
-0.007563058 0.03973674 -3.392897 -10.48359 0.6623432 0.5604157 0.34323 19.08261 nan 0 0.0
-0.01725849 0.02716816 0.6846709 -5.832395 0.4700014 0.3798135 0.3757508 18.23851 3.187853 0 0.0
0.01534413 0.02916543 0.1715431 -2.67736 1.502889 1.393474 0.5612818 19.82052 2.252441 0 0.0
0.00180755 0.04845356 -6.229471 -2.705276 2.803277 2.568319 0.4807026 20.1391 nan 0 0.0
-0.009414969 0.03503499 -2.386239 -6.91822 0.4735391 0.3896175 0.4090172 18.45614 3.135593 0 0.0
-0.01322923 0.04236264 -3.131202 -4.802951 0.2559861 0.2165784 0.1791026 16.44089 4.680415 1 0.0
0.02165559 -0.01043406 -3.071248 -8.802222 1.489814 1.35223 0.646634 19.79028 2.942305 0 0.0
0.03521542 -0.008970717 -2.700116 -7.283707 0.1788218 0.1482305 0.2156858 15.45574 3.67217 1 0.08573758
0.03217202 0.01261375 -2.053378 -7.895607 0.7596209 0.638136 0.3924671 19.11403 2.800516 0 0.0
0.01716894 0.02863493 -0.3141678 -5.346675 1.578422 1.332883 0.5346899 19.95459 nan 0 0.0
0.0202128 -0.008875492 -1.917807 -7.287437 0.3165472 0.270865 0.3491901 16.96606 nan 0 0.0
-0.02657058 0.01492309 -2.406107 -4.67912 0.2222711 0.1808588 0.132686 17.5051 3.179903 1 0.0
0.02225547 -0.00597289 -6.201058 -7.994824 1.016872 0.9128114 0.6526427 19.41559 1.954521 0 0.0
-0.01358193 0.03045884 -3.705742 -3.005767 0.348453 0.2922376 0.03494634 17.75804 4.021311 1 0.0
-0.02657198 0.02091407 -5.601508 -6.684781 0.722284 0.6040705 0.3134397 19.06301 nan 0 0.0
0.0202393 -0.01290954 -6.092567 -8.625525 1.202355 1.078225 0.6887209 19.46036 2.867374 0 0.0
0.02056541 -0.01630086 -5.173493 -3.106395 0.707139 0.5913111 0.3652299 19.12144 nan 0 0.0
-0.01892169 0.03773652 -1.80012 -5.248134 0.1638714 0.1432164 0.1858822 16.78951 3.188959 1 0.0
-0.01804811 0.02561355 -2.025562 -7.86549 0.1748147 0.1436583 0.07182677 16.23832 3.533266 1 0.511129
0.01163853 0.01612724 16.31549 -8.190247 2.734911 2.532847 0.4562493 20.24261 nan 0 0.0
0.01191318 0.03807125 -4.548639 -6.517608 1.249844 1.105304 0.6886461 19.26546 2.29273 0 0.0
-0.03844554 0.01799814 -6.748243 -4.073815 0.4423123 0.3787677 0.2338779 16.63304 5.428935 0 0.0
0.01207466 0.01972636 0.3983646 -0.02478664 1.794603 1.65056 0.6411745 19.39924 1.9832 0 0.0
-0.0122205 0.0346132 -0.4425436 0.9969369 1.439188 1.301334 0.5750788 20.00362 2.327871 0 0.0
-0.03027455 0.01561644 -4.891778 -5.210327 0.4098254 0.3325623 0.3789898 18.3613 3.449324 0 0.0
-0.01657942 0.03981398 -2.011695 -6.409106 0.4913853 0.4011284 0.3683557 18.45471 2.854437 0 0.0
-0.03120057 0.01583744 -4.51032 -7.837704 0.4185968 0.3395006 0.3776856 18.18074 2.938253 0 0.0
0.02675581 0.0261764 -1.606635 0.07525972 2.484268 1.95657 0.3528435 20.05563 1.224672 0 0.0
-0.03220729 0.01253363 -5.765191 -2.715895 0.5211371 0.4160051 0.3589868 18.5836 2.889828 0 0.0
0.01615643 -0.004581399 -0.863469 -1.747151 1.100341 1.009755 0.6158594 19.36434 nan 0 0.0
-0.03205021 0.03488208 -8.732714 -3.702009 0.6253754 0.5100534 0.408912 18.78454 2.943417 0 0.0
-0.04775001 -0.005093854 1.743943 -0.8805864 0.2842598 0.224203 -0.1795652 17.51949 2.940317 0 0.0
-0.03225873 0.001905867 -0.1747517 -9.140737 0.430823 0.3490829 0.3824564 18.16778 3.432737 1 0.0
0.02632272 0.03778844 6.164982 1.889714 0.6491556 0.5513874 0.3616649 18.24768 nan 0 0.0
-0.001052815 0.04551244 0.5463893 -0.2033604 0.4614584 0.3776015 0.4062562 18.44546 2.167162 0 0.0
0.02369978 -0.0003293387 -2.583691 -2.275285 1.516472 1.263789 0.08648784 19.38068 nan 0 0.0
-0.01946294 0.0171218 0.7174537 -2.648721 1.681171 1.557204 0.6075353 19.84557 2.100157 0 0.0
-0.02379332 0.01772942 -2.080003 -7.621266 0.2501858 0.2061058 0.05616538 17.65225 3.078024 0 0.0
0.01239929 -0.0002951125 -0.9809477 -7.192672 1.0421 0.9587068 0.6435805 19.28341 nan 0 0.0
0.003768499 0.03454132 -0.3488898 -3.662993 1.105872 0.8745706 0.1019196 18.68115 3.220289 0 0.0
-0.007263107 0.03483869 -6.59039 0.1508304 0.6153454 0.5062278 0.4335654 18.94799 3.233828 0 0.0
-0.04386281 0.01179729 1.876124 -2.828147 0.08949242 0.0738091 0.1272489 15.31723 2.402535 1 0.0
0.03549433 0.01218742 1.339239 -5.697422 2.642199 2.286671 0.6749393 20.24452 nan 0 0.0
0.0246598 0.03170438 13.25857 13.31125 2.37305 2.244968 0.8194926 19.9793 nan 0 0.0
-0.03471625 0.02397316 0.8831046 -8.233025 0.4734652 0.3799089 0.3781309 18.38087 3.046926 0 0.0
0.02555912 0.03378319 0.8042344 0.6735372 1.169451 1.153352 0.5282764 19.48882 2.34271 0 0.0
0.03247044 0.008634932 -0.6773151 -2.484503 0.5463062 0.4549165 0.4070795 18.66903 3.059942 0 0.0
0.0324731 0.01791418 -2.42052 -7.943364 0.5608575 0.4494358 0.5190239 18.34794 3.176413 0 0.0
0.03083594 0.006546842 -3.748227 -3.432616 1.101036 0.9112868 0.3064898 19.33875 2.45779 0 0.0
0.008590101 0.03968136 -1.648698 -2.369506 0.4277758 0.3642687 0.1627631 18.3074 2.634293 0 0.0
-0.001869421 0.00746846 -2.001297 -7.456091 0.2277311 0.1864859 0.20064 16.50144 4.168127 1 0.9966572
0.007309752 0.03841497 -2.222754 -4.874572 1.019373 0.9287806 0.6436867 19.19434 3.008125 0 0.0
-0.02360379 0.02308148 4.245605 -1.807965 1.457505 1.442142 0.8266087 19.40284 nan 0 0.0
-0.01145868 0.04307046 0.1876148 -4.51483 1.753316 1.59621 0.642443 19.43744 2.691128 0 0.0
-0.03811328 0.001799143 -4.03479 -4.338821 2.00842 1.719613 0.5001533 20.00205 2.736612 0 0.0
0.03889842 0.01202608 -2.127306 -1.452752 0.3775557 0.3058491 0.3417303 18.05329 3.134636 0 0.0
0.02470757 0.0009350181 -2.394017 -3.814809 1.494497 1.330509 0.5248464 19.90685 2.288012 0 0.0
-0.03572422 0.02474914 -6.493438 -2.8165 0.6052808 0.4679072 0.3448196 18.74042 3.439348 0 0.0
0.01177748 0.04290258 -1.293035 -3.672885 0.5414242 0.5022574 0.4647832 18.49225 2.752232 0 0.0
-0.04244922 0.01854031 -0.1271546 -2.900498 0.09745942 0.08219363 0.03523847 15.86654 1.821036 1 0.0
0.02087358 0.03080868 -4.653097 -5.970561 0.5388585 0.4362572 0.3835073 18.27275 3.113405 0 0.0
0.02384236 0.03022636 2.974284 -2.228253 1.315225 1.188473 0.6457497 19.64524 2.464977 0 0.0
-0.03909624 0.009514034 -0.2783389 0.06654976 1.118254 0.9770204 0.2661478 19.82171 nan 0 0.0
-0.003912525 0.02791518 -3.42289 -8.449688 1.501558 1.355004 0.7259589 19.59549 3.352036 0 0.0
-0.0110223 0.03763265 -2.644375 3.023846 1.306475 1.201795 0.6182092 19.58924 2.383814 0 0.0
-0.03775913 0.001339591 -5.650469 -7.053169 0.4829383 0.3903087 0.3626141 18.19178 3.279737 0 0.0
-0.03757805 0.03009865 -2.662257 -9.244629 0.5250856 0.4310355 0.4023468 18.48979 3.461475 0 0.0
-0.01979169 0.02821298 -6.611998 -12.36237 0.4587789 0.3762334 0.1916895 18.83434 3.245756 0 0.0
0.04287219 0.006052736 -1.565494 -7.05971 0.725102 0.5969933 0.5360883 18.70167 nan 0 0.0
-0.001134443 0.03603292 -2.426035 -5.973575 0.5822724 0.4838894 0.4405521 18.57269 nan 0 0.0
-0.02082638 0.02649808 -8.482357 -10.72041 2.394849 2.229344 0.8656252 19.86988 nan 0 0.0
-0.0115942 0.0363871 -3.981628 -8.109002 1.365173 1.27169 0.5895893 19.6757 2.927927 0 0.0
-0.03808851 0.009113834 -7.617737 -5.404325 0.5086956 0.4125344 0.3818733 18.40483 3.20215 0 0.0
-0.01292936 0.04041718 -1.255361 -10.4477 0.2596191 0.2211475 0.1939891 16.31667 4.838428 1 0.0
0.02282568 -0.01387324 -3.510761 1.25871 0.2955498 0.2544755 0.2817767 16.55352 4.969792 1 0.0
0.03431947 -0.0004808326 -5.582728 -9.078146 1.629161 1.443633 0.5332192 20.04441 2.738375 0 0.0
0.02346115 0.0308139 1.27716 -1.66292 1.568847 1.42975 0.6163438 19.75588 2.743429 0 0.0
0.01237161 -0.004382558 -2.782452 -7.78646 0.5385231 0.4586194 0.4796248 18.56934 3.211634 0 0.0
0.001398928 0.04889417 -0.4459779 -6.049702 1.449043 1.305914 0.4822141 19.70634 nan 0 0.0
-0.002060218 0.01697277 -5.884515 -7.020607 1.267764 1.187606 0.6510803 19.05316 nan 0 0.0
-0.03533702 0.00585316 -4.719463 -10.29451 2.334118 2.025736 0.679947 20.18086 nan 0 0.0
0.03356235 0.01748662 -3.380546 -8.682164 1.993093 1.676747 0.4437957 19.93653 nan 0 0.0
-0.02679265 0.03271288 -3.551897 -8.231889 2.776724 2.025247 0.5197543 19.83687 nan 0 0.0
-0.03308277 0.02630062 -8.981899 -9.899183 0.5148357 0.4741467 0.548123 18.10248 nan 0 0.0
-0.0003990364 0.04790998 -0.3137689 -3.544684 0.4987157 0.4106706 0.2722194 18.93847 2.092606 0 0.0
0.02146804 0.005652552 -2.493574 -6.246684 1.713994 1.562759 0.5308371 19.97067 2.138393 0 0.0
0.0326846 -0.004190142 4.623503 -7.942166 0.9910147 0.7437225 0.2520007 18.68818 nan 0 0.0
0.03211289 -0.003831397 -2.8812 -6.310924 0.1744183 0.1494948 0.3286164 16.93414 1.897281 0 0.0
0.02277644 0.01202475 0.9169467 -3.073772 0.2617715 0.2147259 0.3345997 17.65437 2.926873 0 0.0
0.009539894 -0.003033788 3.105435 2.58599 0.4923219 0.3939863 0.488701 18.42583 2.327948 0 0.0
0.02898049 -0.007874131 0.4197353 -0.2547719 1.435015 1.268955 0.7325727 19.73754 2.137745 0 0.0
0.02108866 0.01562424 2.243108 -0.3227248 2.638316 2.284102 0.7527854 20.05606 2.290659 0 0.0
-0.02652043 0.03339959 1.506684 0.7372576 2.22718 2.177911 0.8321278 19.89342 nan 0 0.0
0.02978161 0.03591076 -0.5738814 -1.129013 0.3259675 0.2633678 0.111143 18.09667 2.058107 0 0.0
-0.04715292 -0.0004244142 -3.257868 -7.810978 0.4507676 0.3748178 0.4271629 18.17691 3.235497 0 0.0
-0.02131531 0.01944271 -0.2111529 -7.229079 0.2366806 0.1948167 0.08434516 17.65709 2.134979 0 0.0
0.0213078 0.02236286 -5.072798 -4.08005 2.860548 2.434519 0.7335208 20.23498 1.926468 0 0.0
-0.003013963 0.03749391 1.13329 0.8870557 1.502687 1.399892 0.6467021 19.79373 nan 0 0.0
-0.01004172 0.03797416 -3.464116 -1.282614 1.087426 0.9159912 0.4913316 19.4407 2.654547 0 0.0
-0.03311107 0.0299589 -7.416599 -5.907104 1.346578 1.30332 0.5396133 19.85991 nan 0 0.0
-0.0008892307 0.02798773 -2.908204 -13.98174 1.352418 1.233864 0.6883623 19.75294 2.302475 0 0.0
-0.03683597 0.009568197 -2.309881 -4.296167 1.374808 1.297531 0.5863519 19.65175 1.841492 0 0.0
-0.000998032 0.01136328 -1.003412 -1.893684 1.398371 1.191043 0.4430581 19.93581 3.332436 0 0.0
-0.001733582 0.02843404 -1.993444 -4.655917 1.492038 1.308276 0.3452684 19.98634 3.250847 0 0.0
-0.03274955 0.004230784 -2.514621 -1.946293 1.455504 1.306156 0.6558708 19.69967 2.540604 0 0.0
-0.01701366 0.02916138 -5.653228 -8.733549 0.8536216 0.7987985 0.5997284 19.31289 2.484877 0 0.0
0.009488126 0.02909932 -0.7066174 1.305861 0.2192397 0.1850761 0.3234498 16.72131 2.791938 0 0.0
0.01199435 0.03294811 -1.671858 -9.074403 0.7281961 0.6119339 0.2045404 18.43568 nan 0 0.0
-0.01382727 0.03213346 -3.162338 -6.724224 1.730409 1.605226 0.7346726 19.57468 nan 0 0.0
-0.02161579 0.0241786 -4.646069 -9.40736 0.2942954 0.2436076 0.09869283 17.33126 nan 0 0.0
-0.00647355 0.04117495 -3.462475 -1.579659 1.135247 1.047612 0.6158977 19.70324 2.779842 0 0.0
-0.0221876 0.02338885 -2.667222 -6.5108 0.5468664 0.4435725 0.4138784 18.72684 3.083675 0 0.0
0.03573765 0.006545401 2.49486 -2.615263 0.7726257 0.6486856 0.4764 19.07388 2.425478 0 0.0
-0.0007258843 0.03972174 2.323433 -5.594494 1.184335 0.9782376 0.1394272 19.29066 nan 0 0.0
0.02574611 0.01760501 0.5925032 -4.778569 0.6780761 0.5720765 0.5159108 18.85052 nan 0 0.0
-0.001543163 0.04611707 -3.988272 -5.74997 0.8363088 0.7594391 0.6640599 19.19836 2.712519 0 0.0
-0.003613343 0.04119797 -6.085209 1.092972 1.081396 0.9811965 0.655327 19.30989 2.966677 0 0.0
0.04254616 0.008055576 -3.108177 -3.743658 0.499594 0.4211053 0.4195749 18.29552 3.568546 0 0.0
-0.035284 0.01047468 0.07507076 -6.479409 0.9090708 0.8584496 0.6056831 19.29063 nan 0 0.0
0.001371391 0.02449918 -5.526355 -1.569742 1.072893 0.9826975 0.6937035 19.09952 3.216265 0 0.0
-0.0208556 0.03728413 0.3173546 -2.921514 0.7817983 0.575634 0.04947535 18.97729 nan 0 0.0
-0.008298481 0.03905768 -2.980214 -0.467579 1.693582 1.531076 0.5895854 20.15795 1.490526 0 0.0
0.03571405 0.01805435 -4.427363 -7.901265 0.8609215 0.7163202 0.4327265 19.31561 2.486832 0 0.0
-0.03754426 0.01031946 -3.738231 -6.776409 0.6095087 0.5038533 0.1083506 18.9425 2.61628 0 0.0
0.001889247 0.04674839 1.244948 -1.382976 0.4864281 0.39254 0.3277423 18.27718 2.904169 0 0.0
0.02666607 -0.007917431 -3.817185 -8.091119 0.6491952 0.5332876 0.5511509 18.529 nan 0 0.0
0.03301935 0.02327558 -4.94081 -4.49276 1.407508 1.310106 0.6109579 19.70507 nan 0 0.0
-0.03122533 0.006884336 -3.646989 -10.7653 1.611683 1.434564 0.665833 19.97398 nan 0 0.0
0.03293299 0.0072596 -1.539149 -0.1867123 1.375774 1.248529 0.7137843 19.33672 2.02269 0 0.0
-0.03032656 0.006426817 0.6768923 -4.711069 1.921034 1.6611 0.6639959 20.01421 nan 0 0.0
-0.04533371 0.01259017 -4.904936 -7.550116 0.3451847 0.3217442 0.4372636 16.93986 4.807867 1 0.0
0.02250014 -0.007922249 -5.303411 -7.785973 0.5714232 0.4795839 0.619124 18.41784 3.669067 1 0.0
0.001643974 0.03987622 -5.929194 -8.614074 1.164974 1.066076 0.6527223 19.33247 nan 0 0.0
0.03745186 0.002333421 -4.089114 -12.07301 0.4582229 0.3823001 0.3833422 18.37527 3.183607 0 0.0
0.03067936 0.03171244 2.069218 1.102504 1.297686 1.144921 0.4822565 18.98892 2.469378 0 0.0
0.035516 -0.005554749 -0.6095671 2.85078 0.2623268 0.2172004 0.2395205 17.74902 2.798182 0 0.0
0.03046002 0.02638337 -3.507901 -2.482421 0.6975085 0.503999 0.07292336 18.99308 nan 0 0.0
0.02274978 0.01489341 4.275794 -1.817965 0.5586948 0.4694813 0.5973301 18.22004 nan 0 0.0
0.03431696 -0.008751096 -1.597335 -3.244186 0.5111224 0.3952785 -0.06758201 17.98623 2.696522 0 0.0
-0.0350154 0.02253684 -0.8799365 -2.315604 0.1158094 0.09540173 0.1041208 14.96777 2.959429 1 0.0
-0.03953495 0.01806834 -1.171441 -2.83211 0.5558222 0.4511836 0.4743685 18.67226 2.073404 0 0.0
-0.03231414 0.00525897 -1.520042 -5.481332 0.3976038 0.3285738 0.4100705 18.19966 3.318769 0 0.0
0.003823235 0.04222221 -6.12233 -3.14334 1.373965 1.239724 0.7573444 19.45693 2.551825 0 0.0
0.01710977 -0.002464382 -6.160195 -8.900886 0.9875671 0.7740986 -0.02796387 19.10059 nan 0 0.0
-0.03275549 0.02478628 -1.390962 -2.542595 0.5196288 0.4163483 0.4396014 18.68478 2.462292 0 0.0
0.02915032 0.01725133 -1.44893 -6.221564 0.6702097 0.5570205 0.3920312 19.07445 nan 0 0.0
0.02666567 -0.009635952 -3.967974 -0.8710294 0.2752804 0.2267811 0.2386812 17.59206 3.09425 1 0.0
0.02893677 0.03420771 -16.09517 -18.05049 2.030459 1.755015 0.4168479 19.80258 2.218649 0 0.0
-0.03525669 0.01023055 -3.519956 -1.762761 0.2558056 0.2110517 0.1103802 17.94176 2.956636 0 0.0
0.03208833 0.005587098 -3.64904 -4.485755 0.4860331 0.403001 0.4221298 18.2204 3.632504 0 0.0
-0.01273677 0.02335979 -1.280358 -2.750227 0.1853142 0.1531141 0.1942665 16.25052 3.601033 1 0.0
