data/gcs/Terzan_2_HP_3.ecsv
# %ECSV 0.9
# ---
# datatype:
# - {name: x, unit: deg, datatype: float64}
# - {name: y, unit: deg, datatype: float64}
# - {name: pmx, unit: mas / yr, datatype: float64}
# - {name: pmy, unit: mas / yr, datatype: float64}
# - {name: pmx_e, unit: mas / yr, datatype: float64}
# - {name: pmy_e, unit: mas / yr, datatype: float64}
# - {name: pm_corr, datatype: float64}
# - {name: g_mag, unit: mag, datatype: float64}
# - {name: bp_rp, unit: mag, datatype: float64}
# - {name: filter, datatype: int64}
# - {name: memberprob, datatype: float64}
# meta: !!omap
# - comments: [deg deg mas/yr mas/yr mas/yr mas/yr dimless mag   mag   zeroone float]
# - __serialized_columns__:
#     bp_rp:
#       __class__: astropy.units.quantity.Quantity
#       unit: &id001 !astropy.units.Unit {unit: mag}
#       value: !astropy.table.SerializedColumn {name: bp_rp}
#     g_mag:
#       __class__: astropy.units.quantity.Quantity
#       unit: *id001
#       value: !astropy.table.SerializedColumn {name: g_mag}
#     pmx:
#       __class__: astropy.units.quantity.Quantity
#       unit: !astropy.units.Unit {unit: mas / yr}
#       value: !astropy.table.SerializedColumn {name: pmx}
#     pmx_e:
#       __class__: astropy.units.quantity.Quantity
#       unit: !astropy.units.Unit {unit: mas / yr}
#       value: !astropy.table.SerializedColumn {name: pmx_e}
#     pmy:
#       __class__: astropy.units.quantity.Quantity
#       unit: !astropy.units.Unit {unit: mas / yr}
#       value: !astropy.table.SerializedColumn {name: pmy}
#     pmy_e:
#       __class__: astropy.units.quantity.Quantity
#       unit: !astropy.units.Unit {unit: mas / yr}
#       value: !astropy.table.SerializedColumn {name: pmy_e}
#     x:
#       __class__: astropy.units.quantity.Quantity
#       unit: &id002 !astropy.units.Unit {unit: deg}
#       value: !astropy.table.SerializedColumn {name: x}
#     y:
#       __class__: astropy.units.quantity.Quantity
#       unit: *id002
#       value: !astropy.table.SerializedColumn {name: y}
# schema: astropy-2.0
x y pmx pmy pmx_e pmy_e pm_corr g_mag bp_rp filter memberprob
[from data line 671]
0.00232713 -0.006179884 -4.734428 -3.649379 1.361414 1.134087 0.554334 19.43145 nan 0 0.0
-0.005616193 0.01687029 -4.306924 -6.779784 0.2478411 0.187383 0.1529157 16.2306 4.10401 1 0.0
0.004082429 -0.02612509 -1.009461 -4.242868 0.5787748 0.4231459 0.2311371 18.51339 3.274427 0 0.0
-0.005012091 -0.004251657 -2.820709 -6.37814 0.3637022 0.2784368 0.5139495 17.57429 3.325169 1 0.9647405
0.01912706 -0.01328091 -2.258583 -7.849545 0.4616387 0.3403943 0.1945364 18.44477 3.534201 0 0.0
0.003638224 0.007991676 -1.489952 -4.943398 0.5231414 0.3784476 0.08189483 18.5189 nan 0 0.0
-0.02188919 -0.0183684 -10.03794 -6.593781 1.887986 1.459066 0.6489189 19.9662 3.128939 0 0.0
0.002169353 -0.02877433 -4.108429 -2.913914 0.7608045 0.5188657 0.05758105 18.96331 3.177219 0 0.0
0.02222846 0.02440191 -1.736721 -2.867888 1.421154 1.174976 0.4129854 19.28901 nan 0 0.0
0.006023888 0.009559397 -5.447758 -5.632866 0.6742522 0.5133442 0.2146488 18.96478 2.964611 0 0.0
0.007125038 0.01092689 -5.404903 -4.995114 1.255719 0.9914577 0.5668124 19.28101 3.212017 0 0.0
0.005840161 0.005952612 -3.039522 1.187558 2.139568 1.723051 0.5670631 19.9098 2.385595 0 0.0
-0.02081466 -0.01840631 0.7281334 -4.191862 0.5801549 0.4202509 0.2081419 18.81354 2.997845 0 0.0
-0.01078097 0.01634914 -3.564569 -4.005007 0.5604146 0.4504811 0.6462979 17.63404 3.562136 1 0.0
-0.004095961 0.02577196 0.09485785 -3.199119 0.700525 0.5144892 0.2096318 18.9372 nan 0 0.0
0.01373053 0.004679607 -7.195345 -4.702817 2.1846 1.738559 0.5431346 19.84903 3.216915 0 0.0
0.01866035 0.01274877 -2.581015 -7.587384 0.7052905 0.5975559 0.850035 17.16842 3.039061 0 0.0
0.01800379 0.006630119 -2.098964 -6.270665 0.5546461 0.4383866 -0.04364491 18.86984 2.680803 0 0.0
-0.02283912 0.0087596 -4.558999 -4.284826 1.834701 1.535775 0.8313881 19.39452 2.617281 0 0.0
-0.01245569 -0.008231062 -3.532418 -2.934919 0.2710153 0.2185358 0.5001505 16.82437 3.467564 1 0.0
0.02659845 -0.006896885 -0.9567868 -4.914062 0.4357141 0.301786 -0.002424839 18.44823 2.249174 0 0.0
-0.03211729 0.00274117 -1.960883 -6.022157 0.2733713 0.2163813 0.5055508 16.72179 3.446972 1 0.7842854
0.0008330845 -0.007398655 -7.791984 -4.802035 1.49353 1.120828 0.6538642 19.29918 2.049786 0 0.0
-0.009705031 0.006158293 -6.840842 -4.123827 0.6853471 0.4588933 0.3216339 18.67938 3.168009 0 0.0
0.02421272 -0.00902104 -2.740548 -4.099021 1.779116 1.405238 0.6472418 19.81941 2.537386 0 0.0
-0.007739112 0.008262277 -4.101171 -6.322818 0.7052143 0.4796086 0.3237176 18.71889 3.080633 0 0.0
0.00253684 -0.005401691 -4.439206 -6.276085 1.205934 0.9566363 0.6333969 19.29019 2.367163 0 0.0
-0.0130323 -0.008364653 -6.406872 -6.582026 0.7517943 0.5994449 0.03296044 18.86559 3.156857 0 0.0
-0.02016786 0.02160619 -6.317978 -1.037102 0.7228836 0.5370573 0.2603253 19.05836 2.866705 0 0.0
-0.009549182 0.02063699 -6.878375 -5.414142 0.6380823 0.4828672 0.3143997 18.96371 2.709213 0 0.0
-0.0016303 -0.03280836 -3.894273 -9.29267 0.7847103 0.5523344 0.1368664 18.95481 nan 0 0.0
-0.001944759 -0.03223235 -6.612474 -8.480935 0.7492538 0.5765383 0.2843504 18.76657 nan 0 0.0
-0.01520585 -0.02053004 -4.507863 -2.518865 0.5987912 0.4231333 0.1148046 18.83604 3.470217 1 0.0
-0.001421112 -0.002887782 -2.325889 -6.943578 1.817609 1.457656 0.5980675 19.77386 nan 0 0.0
0.004818769 0.0253485 -0.6079502 -0.2730623 0.4097443 0.3001526 0.3129362 18.13342 2.937473 0 0.0
-0.008078081 -0.01346627 3.808289 0.5255776 0.6184877 0.4589156 0.2621933 18.88624 2.552818 0 0.0
-0.01885552 0.0144291 2.334696 0.1016838 0.4663323 0.3420027 0.1665629 18.34829 2.425976 0 0.0
0.002798273 -0.02874001 -2.773594 -5.828232 0.8185816 0.6413798 0.2824508 19.03974 2.550158 0 0.0
0.01229007 0.01498521 -0.746372 -0.8859407 0.228817 0.1817115 0.4928776 16.79294 3.091212 1 0.0
0.03037519 0.0005692661 -0.3959351 -4.863773 0.6073863 0.4382263 0.218553 18.8765 2.874487 0 0.0
-0.01693702 -0.01209413 -2.90222 -7.848102 1.841521 1.522459 0.6079001 19.94188 3.382534 0 0.0
-0.007740245 0.02234423 0.3560782 1.656567 0.4386782 0.3268163 0.2957398 18.16711 2.993023 0 0.0
0.02387796 0.01503071 -6.06445 -4.301945 0.513222 0.3609253 0.0318305 18.50269 2.991045 0 0.0
0.02670538 0.0006142249 -3.72198 -10.18453 0.4044297 0.2895828 0.4155716 16.82792 3.365049 0 0.0
-0.02462332 0.01486268 -8.761575 -1.052399 0.8290057 0.6228446 0.1830785 18.837 3.269802 0 0.0
0.004581475 -0.002264178 -3.394712 -3.105363 0.401635 0.3212969 0.5364603 17.70954 3.100998 0 0.0
-0.004488036 -0.0004197673 -4.408708 -3.974731 1.433554 1.150077 0.6044798 19.2628 nan 0 0.0
0.008277664 0.0008312018 -5.656992 -6.770789 1.082874 0.8610104 0.6107674 19.16034 2.67865 0 0.0
0.01150222 0.003762465 -2.500418 -3.673966 0.6703154 0.4969055 0.06190826 18.93266 nan 0 0.0
0.0005447761 -0.005540895 -9.318762 -2.101164 1.284911 1.119096 0.5509053 19.15097 2.83341 0 0.0
-0.004933619 -0.001075917 -4.654987 -5.952173 0.3741636 0.2984951 0.4335076 17.26518 4.021997 1 0.0
-0.0002939814 -0.007108735 1.454247 -1.663756 0.5834967 0.4265574 0.2922652 18.54197 2.821047 0 0.0
-0.007476118 -0.002584794 -2.629068 -5.318517 0.3953028 0.3232266 0.3658321 17.57525 nan 0 0.0
-0.0002677713 -0.006805466 -4.557567 -8.583795 2.507383 1.690262 0.6881984 19.85335 nan 0 0.0
-0.002364823 0.0002383437 -2.998443 -4.692347 1.214566 1.024481 0.4521482 19.19337 nan 0 0.0
0.0002565447 0.02939029 0.6044829 -3.995005 0.5665285 0.4192284 0.2251511 18.64418 2.675528 0 0.0
0.02353135 -0.008608884 -4.148858 -6.049112 1.272412 1.042737 0.5275214 19.2631 2.674511 0 0.0
0.005420247 -0.002601822 -2.326288 -6.01496 0.5439388 0.3991505 0.1461825 18.82456 2.788279 0 0.0
-0.006718068 0.02750559 -5.175345 -12.23768 0.7081762 0.5368019 0.2686593 19.04803 nan 0 0.0
-0.009309797 -0.01464703 -4.745681 -7.55755 0.2872109 0.2528837 0.355313 16.7647 3.749037 1 0.0
0.02267392 0.02324214 -2.678854 -4.532927 0.6632759 0.5109978 0.08073667 18.83619 2.809263 0 0.0
-0.007320117 0.01411787 1.287411 -5.511614 1.965438 1.973144 -0.0392522 19.66827 nan 0 0.0
0.006416482 7.369423e-06 -6.042524 -6.848497 1.16307 0.9801735 0.5248964 19.33165 nan 0 0.0
0.02301123 0.008469642 -4.543387 -3.724785 0.4041215 0.3126357 0.05864076 18.14729 3.210566 1 0.0
-0.01845686 -0.01368895 -1.061224 -6.477777 0.577703 0.4069297 0.1198724 18.96987 2.912729 0 0.0
-0.02299419 -0.0005025219 -3.011726 -3.34436 0.1965326 0.1572753 -0.005864168 16.16855 3.598444 1 0.0
-0.00396449 0.01675402 0.9122092 -2.43749 0.3759556 0.2896474 0.5425598 17.10112 3.272927 0 0.0
0.004580353 -0.02580849 -4.290999 -8.005898 1.053073 0.8235058 0.6756468 19.16844 nan 0 0.0
-0.009784256 0.01187652 1.544352 -6.842215 0.5917209 0.4769092 0.7073962 17.99407 2.482008 0 0.0
0.02162506 0.02285709 -10.57048 -3.996945 0.6047842 0.441043 0.1389333 18.73601 2.727417 0 0.0
0.008983655 -0.01800202 -6.016254 -6.240873 0.6654862 0.4789617 0.1749642 18.81665 3.046354 0 0.0
0.007438777 -6.136882e-05 -7.206541 -11.30332 1.304488 1.003504 0.1951511 18.85284 2.716732 0 0.0
-0.0002677169 -0.02632718 -2.542819 -5.287522 0.5495389 0.4276297 0.03756274 18.91677 2.735451 0 0.0
0.007727952 0.01030696 -1.644157 -4.154883 1.475848 1.173539 0.6393275 19.52254 3.00622 0 0.0
-0.005249117 0.01628094 -6.875332 -11.27408 1.486712 1.06846 0.3693131 18.36353 nan 0 0.0
-0.01038805 0.01953255 -0.48226 -5.066024 1.627762 1.376421 0.8202536 19.38173 2.356171 0 0.0
-0.0109911 0.01980905 -4.404521 -6.535418 0.4892504 0.3563027 0.257118 18.45678 nan 0 0.0
0.001619577 0.002607286 -2.650631 -6.030682 0.4226081 0.3361493 0.516504 17.82242 3.064031 0 0.0
0.002248081 -0.02394683 -5.739295 -9.702342 1.159306 0.9028129 0.6543713 19.2823 2.914656 0 0.0
-0.00296773 0.0005816497 -1.441254 -5.415031 1.103722 0.889534 0.5891572 19.07803 nan 0 0.0
0.006678633 0.0003277861 -8.499559 -10.13131 1.08045 0.8297701 0.4036485 18.97215 2.369318 0 0.0
-0.0168367 0.0137085 -4.545437 -4.350634 1.585878 1.307605 0.8378907 19.16497 nan 0 0.0
-0.01221863 -0.01739584 2.141972 -3.321094 2.111014 1.365741 0.6270702 19.81755 nan 0 0.0
-0.0005299622 0.00790782 -2.33384 -6.371435 0.3975002 0.2910196 0.1622583 18.22281 3.082403 0 0.0
0.01981619 0.0240286 -8.794147 -11.1512 0.4585422 0.3303264 0.124977 18.39902 2.617863 0 0.0
-0.005144682 0.02440243 -3.854298 -6.094503 2.037588 1.661005 0.8396271 19.48164 2.082302 0 0.0
0.01097564 -0.01637145 -4.173448 -8.403438 1.450282 1.137557 0.6048623 19.71678 2.260328 0 0.0
-0.004880583 -0.01309412 -3.669775 -10.21627 1.927169 1.312588 0.5042243 19.23793 2.798229 0 0.0
-0.02697738 -0.004589098 -1.377199 -1.314148 0.5083899 0.3690488 0.1866342 18.7274 2.760473 0 0.0
0.02094141 0.0138641 -0.4028355 -2.389133 0.6014309 0.4385272 0.150697 18.78789 2.798529 0 0.0
-0.01672559 -0.02213819 -1.857085 -6.365015 1.240228 1.001217 0.6281377 19.40476 2.838743 0 0.0
0.01802962 0.004551104 -6.303885 -5.889787 0.3890139 0.3045709 0.03148259 18.28807 3.188286 1 0.0
0.02702469 0.0175018 -0.2938761 -4.646283 0.6873627 0.4931251 0.2089453 18.77695 2.866905 0 0.0
0.009507141 -0.02479223 1.817136 -7.306568 0.7082366 0.5221256 0.1949733 18.96942 3.017464 0 0.0
0.02634287 0.01692025 -7.581652 -6.039851 1.591513 1.587018 0.09176719 19.49154 nan 0 0.0
-0.004146988 -0.006981031 -3.399951 -0.898679 0.5254065 0.3725819 0.1230786 18.82423 3.135792 0 0.0
0.02592337 0.01686123 -2.044036 -3.500261 0.6672786 0.5023329 0.1358275 19.0404 2.255739 0 0.0
0.005238453 0.02842884 1.295463 -5.731706 0.4164731 0.3243524 0.3094732 18.09853 3.032942 0 0.0
0.002274979 0.00526421 0.07548171 -5.036032 0.9455967 0.6973972 0.1572023 18.66028 1.897686 0 0.0
0.00507943 -0.003732861 -1.530248 -5.226637 0.8734896 0.6575543 0.8632219 17.76104 3.392742 0 0.0
0.01268309 0.01321132 -5.869927 -0.5986131 0.5756269 0.4208549 0.1561 18.83018 3.0047 0 0.0
0.0110014 -0.02028724 -0.5481004 -1.872741 1.570947 1.282362 0.8588237 19.0673 1.844315 0 0.0
-0.02451674 0.008166002 -2.944611 -6.006379 1.643187 1.358699 0.8329598 19.38661 2.582527 0 0.0
0.02316973 0.01347639 -6.982381 -3.430874 1.879687 1.717413 0.5173771 19.90889 nan 0 0.0
0.002772682 -0.007480707 2.132358 -3.293014 0.7362169 0.5131885 0.4538858 17.49021 2.05131 0 0.0
0.01108561 0.02816322 -1.615816 -1.341571 0.4820725 0.3819959 0.5797992 17.86911 2.994402 1 0.0
0.02246186 0.01338501 -2.939554 -3.660384 1.715125 1.606479 0.6109338 19.9043 1.95327 0 0.0
0.01297122 0.01135353 1.709887 -7.367047 1.259237 0.9262083 0.1376697 18.90448 2.929613 0 0.0
-0.02144751 -0.001099164 -3.781651 -6.202027 0.6682632 0.4510927 0.2509375 18.57311 2.729177 0 0.0
0.01490983 0.002510776 -6.104089 -7.594266 0.4522966 0.3537841 0.03634929 18.28197 3.263998 0 0.0
-0.01190727 0.007914713 -1.178186 -3.277823 0.2519746 0.1934742 0.5531142 17.07463 1.911865 0 0.0
-0.005745652 -0.01036284 -8.153887 -10.09379 0.5251365 0.3830154 0.1997197 18.6627 2.828205 0 0.0
0.02085812 -0.007500097 -4.349745 -4.068398 2.595563 1.848518 0.8045985 19.93173 2.268974 0 0.0
0.007282011 0.006677306 -9.11825 -8.455707 2.258514 1.780399 0.6830512 20.00949 2.166574 0 0.0
0.002039528 0.02780526 -3.592358 -6.746233 0.2463022 0.1837594 0.1867413 15.69881 4.236178 1 4.805596e-06
0.03171133 -0.001624617 -4.675855 -7.987143 1.270455 1.017138 0.6430841 19.54312 nan 0 0.0
-0.005326521 -0.006229594 -5.173127 -5.030933 2.570547 1.646199 0.5256028 20.01437 2.549822 0 0.0
0.00308725 -0.006301975 -3.08065 -5.721734 0.5413186 0.3824999 0.3962012 16.65109 3.462464 0 0.0
0.00051857 -0.004568147 -3.933064 -7.512154 1.439407 1.145924 0.6388287 19.38339 nan 0 0.0
0.009615579 0.0113234 -1.690781 -8.78545 0.957667 0.70762 0.2678112 18.7372 2.369112 0 0.0
0.004161133 -0.02413 -1.910182 -5.322387 0.278787 0.2136933 0.5681101 17.30392 2.047676 1 0.005730213
0.002405913 -0.0002041622 -4.032161 -3.996387 1.628622 1.291271 0.6423217 19.07474 nan 0 0.0
-0.01471311 0.01339223 -5.67915 -4.852405 0.715314 0.5764472 0.8408562 17.54342 3.640118 1 0.0
-0.0002678007 0.00373645 -1.485079 -5.871258 0.5506463 0.4004864 0.2076974 18.74676 3.181225 0 0.0
0.001278711 -0.004180962 -2.730174 -6.602893 0.540318 0.399399 0.2654671 18.70309 3.037762 0 0.0
-0.002023962 -0.004165716 -1.38658 -6.299252 1.773923 1.466368 0.609538 19.69331 nan 0 0.0
0.01887173 0.02117158 -7.105152 -5.940835 0.6894512 0.5625005 0.06835884 19.05423 2.892635 0 0.0
0.0150188 0.02889702 -5.781685 -8.67884 0.5509677 0.3994645 0.1665965 18.81367 2.672998 0 0.0
-0.01261305 -0.007468143 -1.118023 -0.9710661 0.8180265 0.6387287 0.2033522 19.02594 nan 0 0.0
-0.002521991 -0.003931124 -2.904029 -2.962188 0.4669929 0.3803829 0.4815348 17.6172 3.312573 0 0.0
-0.02456776 0.00263277 -1.847428 -5.003358 0.2711224 0.2316627 0.5549336 17.06846 2.119654 1 5.817773e-05
-0.01282147 -0.01698584 -0.1651611 -4.634312 0.5699094 0.4133495 0.181825 18.83236 2.997574 0 0.0
-0.01172085 -0.01594429 0.8687843 -3.450363 0.8545702 0.7602652 0.3613443 19.02458 3.072996 0 0.0
-0.008128971 -0.03152695 -1.615924 -5.193347 0.5310822 0.3772111 0.1029213 18.72671 3.130512 0 0.0
-0.001971558 -0.003233022 2.136277 -3.270556 0.8532967 0.6469063 0.126834 18.6487 2.766989 0 0.0
-0.02980637 -0.01056756 0.9385549 -2.543528 0.5385522 0.3585776 0.3173298 18.30606 nan 0 0.0
-0.01468339 -0.009558892 -19.32115 -9.756357 1.568159 1.3794 0.5764139 19.77209 2.607519 0 0.0
0.0002303259 0.03024287 -1.433558 -5.879882 0.692552 0.5276992 0.3371873 19.03999 2.769352 0 0.0
0.004293184 -0.001306675 -0.9808181 -6.933679 0.6221748 0.4560915 0.1493201 18.8142 2.743086 0 0.0
0.01564796 0.02801954 -1.160842 -3.849767 1.839052 1.482166 0.6445597 19.90996 2.106924 0 0.0
0.01003675 0.02774754 -2.271875 -1.424089 0.3361539 0.2700015 0.5330783 17.50937 3.195343 1 0.0
0.01795048 0.001880831 -2.750158 -4.469136 0.622174 0.4703323 0.07751898 18.7532 3.000797 0 0.0
0.01126486 -0.0084865 -1.377381 -1.369407 0.7875217 0.6226439 0.4467105 19.04629 3.906794 0 0.0
0.01118616 -0.009100657 -3.18133 -6.186691 0.7061407 0.5125876 0.2576495 18.9073 3.609938 0 0.0
-0.01748918 -0.002420155 -6.834889 -7.341053 1.149365 0.9220174 0.6426699 19.28826 3.333431 0 0.0
-0.01041259 0.004010544 -3.607337 -3.130979 0.6961697 0.4907026 0.2713279 18.88792 nan 0 0.0
-0.002365096 0.01134483 -0.08590786 2.022345 1.319326 1.073791 0.5704888 19.37839 2.39105 0 0.0
-0.005849854 -0.02084754 -1.523337 -2.577231 1.675214 1.501559 0.6198347 19.84856 nan 0 0.0
-0.01274108 -0.03029531 -1.66944 -6.775456 0.3605475 0.2778505 0.5570701 17.3353 3.312258 1 0.009255249
-0.007709641 -0.0323013 -1.871776 -10.80957 1.228207 0.9531378 0.5969631 19.21466 3.436087 0 0.0
0.008014747 -0.008602522 -2.025329 -6.169667 1.116102 0.8601164 0.6959814 19.23488 2.673132 0 0.0
0.006310964 -0.01013781 -2.323787 -7.753055 0.7368876 0.540922 0.1388282 18.8988 2.844065 0 0.0
0.009980389 -0.009987441 -2.517116 -6.232695 1.225491 0.9506282 0.673471 19.15214 3.239317 0 0.0
0.02470834 -0.01824892 2.244356 -2.169889 1.916183 1.528777 0.5044475 19.27991 nan 0 0.0
0.01577381 -0.003949552 -3.472521 -7.426884 0.9865035 0.7651029 0.16897 19.08416 3.448097 0 0.0
0.01315266 -0.00381755 -1.619926 -1.452927 1.118987 0.8827839 0.6451658 19.255 2.712828 0 0.0
-0.002181455 0.005645681 -22.83241 -21.98206 1.134165 0.8264666 0.1910943 18.71758 3.327858 0 0.0
0.006390519 0.003772477 -9.824116 -5.469304 1.33722 1.097969 0.5682696 19.32836 nan 0 0.0
-0.0181711 -0.0002916806 -1.128057 -5.041598 0.6034863 0.4325987 0.251466 18.8923 nan 0 0.0
0.02222379 0.004195459 -1.802507 -4.696871 1.218597 1.018838 0.5653166 19.32344 2.717289 0 0.0
0.006365404 0.02036832 -5.350599 -3.662983 1.441483 1.153929 0.602216 19.20799 2.656887 0 0.0
-0.002023597 -0.02151877 -5.567409 -4.363217 1.750751 1.385629 0.6455274 19.84227 nan 0 0.0
0.0006757377 -0.01903348 -8.461561 -6.003127 0.5169926 0.3769054 0.1502532 18.84097 2.932669 0 0.0
0.005236214 -0.01266498 -4.498851 -7.262636 0.7392723 0.5745395 0.5374761 18.96579 2.869427 0 0.0
-0.0008445668 0.01073451 -2.300538 -6.446884 0.523095 0.3830276 0.1698475 18.72022 3.158258 0 0.0
-0.002180946 -0.01675994 -10.49685 -11.29841 3.686942 2.365544 0.5188971 20.40583 2.287678 0 0.0
