data/gcs/Terzan_9.ecsv
# %ECSV 0.9
# ---
# datatype:
# - {name: x, unit: deg, datatype: float64}
# - {name: y, unit: deg, datatype: float64}
# - {name: pmx, unit: mas / yr, datatype: float64}
# - {name: pmy, unit: mas / yr, datatype: float64}
# - {name: pmx_e, unit: mas / yr, datatype: float64}
# - {name: pmy_e, unit: mas / yr, datatype: float64}
# - {name: pm_corr, datatype: float64}
# - {name: g_mag, unit: mag, datatype: float64}
# - {name: bp_rp, unit: mag, datatype: float64}
# - {name: filter, datatype: int64}
# - {name: memberprob, datatype: float64}
# meta: !!omap
# - comments: [deg deg mas/yr mas/yr mas/yr mas/yr dimless mag   mag   zeroone float]
# - __serialized_columns__:
#     bp_rp:
#       __class__: astropy.units.quantity.Quantity
#       unit: &id001 !astropy.units.Unit {unit: mag}
#       value: !astropy.table.SerializedColumn {name: bp_rp}
#     g_mag:
#       __class__: astropy.units.quantity.Quantity
#       unit: *id001
#       value: !astropy.table.SerializedColumn {name: g_mag}
#     pmx:
#       __class__: astropy.units.quantity.Quantity
#       unit: !astropy.units.Unit {unit: mas / yr}
#       value: !astropy.table.SerializedColumn {name: pmx}
#     pmx_e:
#       __class__: astropy.units.quantity.Quantity
#       unit: !astropy.units.Unit {unit: mas / yr}
#       value: !astropy.table.SerializedColumn {name: pmx_e}
#     pmy:
#       __class__: astropy.units.quantity.Quantity
#       unit: !astropy.units.Unit {unit: mas / yr}
#       value: !astropy.table.SerializedColumn {name: pmy}
#     pmy_e:
#       __class__: astropy.units.quantity.Quantity
#       unit: !astropy.units.Unit {unit: mas / yr}
#       value: !astropy.table.SerializedColumn {name: pmy_e}
#     x:
#       __class__: astropy.units.quantity.Quantity
#       unit: &id002 !astropy.units.Unit {unit: deg}
#       value: !astropy.table.SerializedColumn {name: x}
#     y:
#       __class__: astropy.units.quantity.Quantity
#       unit: *id002
#       value: !astropy.table.SerializedColumn {name: y}
# schema: astropy-2.0
x y pmx pmy pmx_e pmy_e pm_corr g_mag bp_rp filter memberprob
[from data line 1173]
0.004555562 -0.03634913 -0.1256844 0.9856248 0.1833284 0.1571396 0.3606141 17.07797 3.090214 1 0.0
-0.03829496 -0.02459099 -4.503646 -9.4836 1.089013 1.018328 0.6600878 19.43548 3.260363 0 0.0
-0.02669817 -0.02141384 -3.003345 -4.044865 0.3315321 0.2762522 0.2131143 16.05979 5.603614 0 0.0
-0.04164625 -0.01724889 2.4172 2.140885 0.597736 0.4903397 0.3408487 18.8592 2.989101 0 0.0
-0.03911459 -0.01619131 3.14225 0.7464031 1.224932 1.070894 0.06962483 19.30228 nan 0 0.0
0.01079082 -0.02017143 -1.178668 -5.508605 1.189503 1.106862 0.6794429 19.2101 2.842062 0 0.0
-0.00118849 -0.005018942 2.758895 -8.818317 0.7124208 0.5840115 0.3946349 18.64826 2.894222 0 0.0
0.002051827 -0.001194721 -1.748878 -7.77159 0.1891209 0.1514341 0.07243807 14.66349 3.942484 1 0.9507546
-0.005163612 -0.01180731 0.8659902 -0.462987 0.237145 0.1942924 0.1677177 17.22684 3.248239 1 0.0
-0.001025114 -0.005356541 -4.480497 -9.534862 0.7636777 0.652328 0.4608726 18.93152 nan 0 0.0
0.003602799 -0.03675346 -4.133377 -6.441964 1.523903 1.283072 0.6745053 19.19196 2.549206 0 0.0
0.00670601 -0.03712362 0.2130459 -5.466146 0.3428032 0.2813939 0.1930161 17.90561 3.472143 0 0.0
-0.003149054 -0.002251417 -1.960544 -6.590872 0.7057181 0.6025417 0.2607707 18.75435 nan 0 0.0
-0.004428604 -0.008471324 -0.9642474 -8.327101 0.5859521 0.4928074 0.4071 18.48822 3.012491 0 0.0
-0.0282752 -0.02950329 1.590125 -2.909823 0.5936648 0.4880514 0.3379659 18.83402 2.686392 0 0.0
-0.00756111 0.01053715 -4.216032 -8.429958 1.858436 1.676416 0.6905722 19.84854 2.179937 0 0.0
0.006027065 -0.007336525 1.764453 -3.179699 1.003167 0.800275 0.5258468 18.64291 2.524443 0 0.0
0.009428704 -0.03030696 -9.092862 -5.217814 0.6401268 0.5160098 0.5254695 18.30615 3.172527 0 0.0
0.005563431 -0.02262009 -3.799258 -6.96202 0.5772329 0.4691785 0.4069117 18.75563 3.225969 0 0.0
-0.003557351 -0.006939692 -4.314112 -7.843176 0.7268493 0.6164011 0.4148036 18.70651 2.986479 0 0.0
0.02089184 -0.01788402 -1.173938 -3.921576 1.071738 0.9689985 0.6276161 19.51962 2.368891 0 0.0
-0.004700934 -0.007305945 -1.797938 -5.131386 1.309199 1.228041 0.5503135 19.11934 2.83798 0 0.0
0.003059353 -0.0004661363 0.6146443 -13.58356 2.627452 2.3685 0.179289 19.80804 nan 0 0.0
-0.003693457 -0.008080291 -5.468423 -7.43705 0.6002672 0.5028022 0.5163622 18.61042 2.833651 0 0.0
-0.007288947 0.01308348 -2.970352 -7.173185 1.289186 1.179402 0.7080588 19.35697 3.088621 0 0.0
0.0002546608 0.00182463 -5.128622 -7.398426 0.5347835 0.4485958 0.04904805 17.44278 nan 0 0.0
-0.02699471 -0.0337411 4.038648 -3.777386 1.52157 1.418735 0.620069 19.91287 2.949162 0 0.0
0.004284712 -0.0003212175 -1.647613 -7.176058 0.1698273 0.138662 0.2047074 15.91206 3.775893 1 0.8716803
0.02001931 -0.0252119 6.765103 2.553903 2.0304 1.845234 0.6208464 19.85876 2.72757 0 0.0
-0.02669892 -0.01827243 -3.212933 -5.32036 1.36653 1.325763 0.5343334 19.4087 2.645136 0 0.0
0.01958353 -0.02635432 1.78196 -1.669129 0.2326218 0.1910902 0.1649717 15.65854 4.00826 1 0.0
-0.009139402 -0.004395602 -2.85042 -9.065681 1.141921 1.115342 0.5722148 19.47558 nan 0 0.0
0.01470982 -0.03129362 0.06154522 -4.256468 0.6144645 0.4980532 0.06226029 18.21704 nan 0 0.0
-0.001025144 -0.001986256 0.1617516 -8.378697 2.049727 1.859165 0.09267275 19.48275 nan 0 0.0
-0.001297326 -0.01203417 1.212005 -0.5398477 1.327644 1.198513 0.6625893 19.4672 2.244724 0 0.0
-0.005627441 0.007607572 1.392631 -5.292329 1.241514 1.158912 0.6507075 19.49438 2.95875 0 0.0
0.01939328 -0.02450988 0.131254 -0.6240163 2.189644 1.877842 0.695673 20.08477 2.987186 0 0.0
-0.004101786 -0.01068574 -2.07634 -7.301213 0.6794747 0.5272131 0.2646578 18.75723 3.120728 0 0.0
-0.01646179 -0.01982879 -4.714076 -1.024807 0.6693536 0.539813 0.4625879 18.84301 3.94021 0 0.0
-0.00619672 -0.03973476 -1.688003 -6.167959 1.022203 0.9210849 0.6499556 19.38249 3.897617 0 0.0
0.01383849 -0.03290522 -1.962176 -7.690502 0.2574193 0.2108825 0.1950836 17.35802 3.206683 0 0.0
0.02110809 -0.02620582 1.991437 -5.696592 0.2570897 0.2110011 0.2080469 17.70101 2.080587 0 0.0
-0.008975359 -0.01282607 0.3462343 -5.712608 0.2672303 0.2276836 0.2632525 16.62863 4.415243 1 0.0
-0.001051939 -0.04867052 -4.004723 -1.248142 1.150231 1.042747 0.6211456 19.56527 2.64731 0 0.0
-0.02422028 -0.02336068 -4.179663 -3.288389 0.9860592 0.9055735 0.669797 19.24368 nan 0 0.0
-0.004565166 0.001977127 -0.8627643 -5.326157 1.266097 1.225462 0.8622103 19.02511 2.404888 0 0.0
0.01743331 -0.02333273 -0.7631659 -4.605502 1.555415 1.418956 0.6280642 19.87919 2.375299 0 0.0
-0.02400421 -0.01523533 -0.7821451 -3.120194 1.216947 1.110284 0.5793802 19.59299 2.335499 0 0.0
0.000581177 -0.04707406 1.46634 -7.476405 0.237452 0.2033721 0.2715121 16.85168 3.333735 1 0.0
-0.006689304 0.00445276 -2.190669 -7.693877 0.2114084 0.1724287 0.1774007 15.18155 4.108465 1 0.9955072
0.0114716 -0.01871237 0.5436665 -4.538397 0.536079 0.4413842 0.4397115 18.702 2.610363 0 0.0
-0.004538113 0.006413621 -9.124377 -9.635413 1.397858 1.299562 0.6243818 19.2912 3.264381 0 0.0
0.01743476 -0.01389136 -1.492003 -5.538405 2.056027 1.795949 0.7777133 19.83745 1.997965 0 0.0
-0.01793602 0.005769515 -0.4741965 0.5022218 0.5061003 0.3992741 0.288345 18.35146 3.28307 0 0.0
-0.02345702 -0.02806214 -3.748299 -1.467325 1.879849 1.662059 0.6197489 20.26596 nan 0 0.0
-0.02351411 -0.01535349 -0.582131 -5.367361 1.331615 1.201334 0.620245 19.46284 4.140009 0 0.0
0.01043727 -0.01605343 -5.16295 -6.792986 1.039182 0.9485032 0.6133739 19.21799 3.006195 0 0.0
0.008802494 -0.03137311 -2.61287 -6.977459 0.6532441 0.5115569 0.3846839 18.93284 2.267372 0 0.0
-0.01817774 -0.01519419 -1.545893 -3.643216 0.5760691 0.4665248 0.380477 18.67979 3.441105 0 0.0
0.01299506 -0.02897216 -3.00254 -9.428411 0.4045499 0.3286787 0.3145218 18.26205 2.152639 0 0.0
0.01465514 -0.03311131 -5.905261 -8.403425 0.9076561 0.8266579 0.6082715 19.1943 2.945669 0 0.0
-0.02873992 -0.0219236 -2.76831 -4.622555 2.823057 2.519076 0.3734463 20.31599 nan 0 0.0
-0.01858815 -0.002905212 -6.518359 -2.355053 0.6791036 0.5449011 0.3609627 18.8245 2.738085 0 0.0
-0.009274641 -0.01545823 -4.872251 -11.46359 3.817063 3.379872 0.4296025 20.67761 2.334387 0 0.0
-0.01869529 -0.01367031 0.3064146 -3.832591 0.6369474 0.5145162 0.3820998 18.97586 3.580111 0 0.0
0.02448481 -0.02178718 -3.372168 -2.273775 0.4189822 0.3472591 0.3411461 18.14923 3.049675 0 0.0
0.003086047 -0.02014997 -7.371087 -3.164228 1.038086 0.8546367 0.5485768 18.94594 3.053801 0 0.0
0.000962648 0.0007641408 -3.58715 -7.262203 0.6178615 0.5397446 0.4157915 18.34953 nan 0 0.0
-0.02234273 -0.01856713 -3.711868 -4.891116 1.162007 1.064018 0.5146747 19.43065 3.023647 0 0.0
-0.01899404 -0.01812783 -1.367829 -3.428936 1.186152 1.018805 0.3976688 19.7793 2.375542 0 0.0
0.00390263 -0.02525597 -0.9010074 2.023898 0.4551534 0.3672485 0.371051 18.434 nan 0 0.0
0.003032157 0.0008175101 -6.667172 -6.561965 1.433752 1.256539 -0.008240452 19.17867 nan 0 0.0
0.001207332 -0.03574251 -1.899121 -3.321047 2.08765 1.575006 0.4892078 20.24428 nan 0 0.0
0.001234714 -0.02098917 -1.557302 -5.856981 1.174432 1.075747 0.5440746 19.55813 2.256857 0 0.0
-0.01953529 -0.03706789 -1.933004 -7.048059 0.6040497 0.4906241 0.5096818 18.59879 3.949081 0 0.0
0.002868094 -0.02605321 -6.694077 -0.05853911 0.2558356 0.208298 0.1849644 17.38766 3.494487 1 0.0
-0.001052381 -0.001200429 -1.003939 -6.025486 0.5183884 0.4441744 0.2659643 17.9096 3.08911 0 0.0
-0.02021549 -0.0388819 -1.158748 0.8836994 0.5530116 0.4657482 0.4949339 18.31511 3.734806 1 0.0
-0.0008345379 -0.0017383 -7.937817 -7.52893 2.490967 2.221198 0.07449672 19.50529 nan 0 0.0
0.002705377 0.0001728345 -4.421673 -8.771179 0.5715362 0.4630521 0.3672179 18.47329 nan 0 0.0
-0.02035297 -0.03126397 -0.1500176 -3.009771 0.3428152 0.294287 0.3190354 17.83735 3.717813 1 0.0
-0.001624179 -0.003285168 -3.323467 -7.622293 1.386028 1.197503 0.6100646 19.37502 nan 0 0.0
-0.02032592 -0.03029122 -3.004399 -2.662953 3.168617 2.783851 0.3640709 20.37186 2.241051 0 0.0
-0.02117069 -0.02569848 -6.385675 -2.748922 0.5171516 0.4165705 0.3897536 18.74903 3.49649 1 0.0
0.001915345 -0.02085567 -4.12701 -5.441183 0.2830542 0.228903 0.1570555 17.65594 3.207735 1 0.0
-0.005162907 -0.02725492 -0.7129094 -2.072021 1.913352 1.711039 0.7087041 20.11031 2.172222 0 0.0
-0.0006437404 -0.03497194 -5.216096 -4.173153 1.31306 1.193926 0.6716804 19.73954 2.457802 0 0.0
-0.0008344888 -0.008402576 -2.247495 -3.750097 1.231906 1.095241 0.2434546 19.80472 nan 0 0.0
-0.02206588 -0.0420904 -0.08396771 -2.746854 0.6011648 0.4749256 0.49119 18.44361 3.704906 0 0.0
-0.02315754 -0.02815172 -8.283321 -3.958773 0.7010773 0.5892222 0.3577508 19.04815 3.58423 0 0.0
-0.02296824 -0.02194898 -4.234059 -10.94866 0.4922941 0.3991416 0.3633851 18.36069 4.258863 0 0.0
0.007604302 -0.03725529 -7.392272 -8.259408 2.795097 2.420044 0.7063732 20.23297 3.05571 0 0.0
-0.02449218 -0.02495338 -3.684135 -7.28944 0.7521345 0.6247987 0.4626853 19.04393 nan 0 0.0
0.000118477 -0.02750848 -9.592266 -6.992787 0.6876843 0.570736 0.4448804 19.05274 3.095938 0 0.0
0.01035545 -0.01750491 -1.446879 -7.564383 0.2956489 0.2578186 0.5568791 16.92337 3.387947 1 0.4299132
-0.02440758 -0.03852033 3.032294 -2.643162 0.6987625 0.6034927 0.4218604 18.7645 3.361416 0 0.0
-0.00165103 -0.02921176 -0.6585163 -3.862939 1.306979 1.152005 0.5493209 19.82388 2.319798 0 0.0
-0.02397447 -0.02707805 -1.447022 0.6614439 0.4403529 0.3607695 0.2290244 18.0833 2.488501 0 0.0
-0.02482097 -0.01539 -0.2286359 -4.92837 0.408792 0.3187987 0.3080395 18.35484 3.562056 1 0.0
-0.01306057 -0.002870107 -2.135539 -8.967613 1.327937 1.201259 0.3628836 19.89144 nan 0 0.0
-0.02539235 -0.01703999 -7.283026 -5.658786 0.4262168 0.3354082 0.2988464 18.23002 3.55146 0 0.0
0.01315803 -0.03210024 -4.611213 -10.70645 1.787086 1.543704 0.6374702 19.96787 2.756535 0 0.0
0.01046263 -0.03616451 -3.796408 -0.1816069 1.469513 1.354968 0.5563396 19.89305 1.943085 0 0.0
-0.02541854 -0.02168439 -5.226839 -6.053942 0.309071 0.2513034 0.2126003 17.95832 3.880146 1 0.0
0.01435816 -0.01369256 1.231412 -3.709197 0.8601514 0.7211715 0.3279915 19.1626 2.357714 0 0.0
-0.02602081 -0.00721347 -2.245941 -6.896665 0.434234 0.3491306 0.1958177 18.20372 3.56007 0 0.0
-0.007367909 -0.02896784 0.3298063 -8.95884 1.680909 1.532086 0.6483214 19.93008 nan 0 0.0
-0.005108491 -0.02654348 -6.523435 -7.774987 1.843188 1.617251 0.6997357 20.05769 2.999989 0 0.0
-0.007097381 -0.001799554 -9.257848 -6.628416 0.3431209 0.2797162 0.1906812 17.60701 3.901388 1 0.0
9.584671e-06 -0.004187332 -2.898139 -9.246753 0.4330044 0.3666154 0.2652386 17.50541 3.363638 0 0.0
-0.02199167 -0.003767944 1.091677 -3.74877 0.7450757 0.592939 0.3460691 18.74176 3.170774 0 0.0
-0.007285797 -0.03582476 -0.7900295 -8.535597 1.140836 1.027588 0.5914111 19.44513 2.952101 0 0.0
-0.001188196 -0.03304361 -0.5277354 -2.415631 0.4597215 0.3765667 0.3877752 18.24483 2.979015 0 0.0
-0.007258957 -0.02988909 -1.402669 -9.439895 1.156914 1.011743 0.3875238 19.84897 3.635025 0 0.0
-0.01117992 -0.02123767 1.037361 1.138054 0.2680553 0.2288152 0.2675645 16.634 4.265033 1 0.0
-0.02130933 -0.01232036 -1.511941 -6.246842 1.62602 1.433521 0.4502906 20.0856 2.438164 0 0.0
-0.007560901 0.007414817 -2.126646 -7.687887 0.3429176 0.2801771 0.2773228 17.82019 3.409105 0 0.0
-0.007993037 -0.04319861 -5.665819 -6.198209 0.3569542 0.2934332 0.2383164 18.13411 3.386606 1 0.0
-0.007941329 -0.004281071 -3.394191 -8.319868 0.6502891 0.496538 0.350051 18.58986 3.474518 0 0.0
-0.01720103 0.007491964 -6.958939 -2.377283 1.504986 1.394477 0.5823872 19.88101 2.68017 0 0.0
0.001642913 -0.03325915 -14.3524 -15.62308 0.944324 0.7734885 0.3899739 18.54035 2.296299 0 0.0
-0.008156197 -0.0453978 -1.967305 -5.221764 0.3478329 0.2845282 0.169715 17.67273 4.893051 1 0.0
-0.008541335 0.00851338 -2.414419 -7.896957 0.6786351 0.5735193 0.4231334 18.36522 3.20542 0 0.0
-0.008432153 0.005118308 -2.016496 -8.086821 0.1800121 0.1466472 0.1901744 15.80139 3.93161 1 0.1115333
-0.009111113 -0.01756584 -2.477632 -7.223498 0.6162689 0.5224515 0.4535814 18.64444 3.713257 0 0.0
-0.03058792 -0.03409487 3.670148 -1.625344 0.5856645 0.4789816 0.297797 19.07672 2.930201 1 0.0
-0.007804524 -0.01383879 -5.537167 -6.600262 1.836615 1.664208 0.5650354 20.27378 2.251114 0 0.0
0.003167507 -0.02785566 0.5899049 -3.294635 0.2330386 0.1909415 0.2488195 17.11968 2.998446 1 0.0
-0.03230457 -0.02826649 -3.579902 -7.737182 2.755294 2.545388 0.5738632 20.26482 nan 0 0.0
-0.03331813 -0.006898762 -6.525929 -6.294025 0.7044469 0.5532792 0.1152534 18.7851 3.154434 0 0.0
0.02208884 -0.02269268 -6.552779 -9.483659 0.6465658 0.5312439 0.3502335 18.86687 2.759436 0 0.0
-0.03342736 -0.005840216 -0.7742573 -4.921955 0.5200081 0.3924862 0.388809 18.18563 2.497089 0 0.0
-0.003530586 0.007920462 -8.809826 -9.532977 2.433151 2.098544 0.7391401 20.13886 2.639927 0 0.0
0.01852136 -0.02903206 -1.969144 -2.427513 0.455087 0.3728491 0.3518576 18.44141 3.095549 0 0.0
0.01778826 -0.0167963 -5.816632 -8.453867 0.6937963 0.6197852 0.6170518 18.85871 2.856691 0 0.0
0.01794974 -0.02861426 1.04887 -4.51696 0.8368264 0.6824945 0.4955405 18.9588 nan 0 0.0
-0.03426568 -0.02488725 -2.518608 -10.75561 1.856743 1.758231 0.6248495 19.26632 3.5373 0 0.0
0.01634592 -0.01227186 1.918033 -1.63543 0.4945686 0.4067444 0.4369782 18.55017 2.930197 0 0.0
0.01623613 -0.01845356 -3.194219 -7.429824 0.8096136 0.6674923 0.6055385 18.98933 3.046467 0 0.0
0.008777299 -0.005230992 0.8461259 -1.388995 0.3212667 0.2616159 0.2856461 17.86389 2.930838 0 0.0
0.01539306 -0.01161369 -2.443035 -6.259841 0.599477 0.4915047 0.4118981 18.8355 3.450386 0 0.0
0.01552871 -0.01515184 -3.910449 -5.266678 0.6890841 0.567031 0.2732784 18.94615 nan 0 0.0
0.01367753 -0.01326905 -2.20506 -7.428927 0.5845229 0.4789826 0.3477955 18.33447 nan 0 0.0
0.01430175 -0.02916115 5.656718 -3.215933 1.008344 0.8292527 0.4714794 18.95491 2.892168 0 0.0
0.01359379 -0.03048095 -2.709381 -9.289432 0.645506 0.5511535 0.4461135 18.82635 2.970114 0 0.0
0.01315977 -0.01718477 -3.714262 -7.973565 0.5795597 0.4930473 0.3920031 18.79463 nan 0 0.0
0.002160686 -0.004368551 -3.155072 -7.482393 0.3076035 0.2518737 0.2317098 17.94393 3.072978 0 0.0
0.01343015 -0.03297955 -3.188026 -2.532765 0.6774296 0.5565883 0.3542214 18.60339 nan 0 0.0
0.01280599 -0.01577138 -8.319788 -10.52001 1.259145 1.030484 0.3600386 18.98474 3.136879 0 0.0
0.01236917 -0.02666039 -4.350019 -7.641317 0.6602908 0.5338591 0.3880352 18.73211 nan 0 0.0
-0.003176067 -0.009981902 -2.28848 -9.370329 0.8289968 0.655212 0.3525096 19.00949 2.979492 0 0.0
-0.03846248 -0.01231345 -0.4419049 -8.403564 0.6561868 0.5323376 0.3996881 18.97468 3.287914 0 0.0
-0.0122171 0.003042767 -2.158622 -7.565149 0.2424241 0.1886015 0.2551421 16.29267 3.901961 1 0.9941259
-0.02130634 -0.02820476 -3.475981 -2.49742 0.9881604 0.934974 0.6341321 19.25614 3.26882 0 0.0
-0.02669996 -0.01382831 -3.385312 -8.575802 0.8062899 0.6462227 0.385244 19.06278 3.656244 0 0.0
0.004284685 -0.001023122 0.05994814 -7.547912 1.441383 1.318338 0.6525237 19.44241 nan 0 0.0
0.01754289 -0.01895348 -2.524052 -9.354936 1.151374 1.050431 0.6574804 19.25576 2.914469 0 0.0
-0.01969926 -0.03338102 -3.416037 -4.178691 1.994407 1.713871 0.5971198 20.17051 3.831303 0 0.0
9.584122e-06 -0.0106666 -2.019089 -7.362029 0.2036881 0.1642248 0.2008369 15.8795 3.600036 1 0.9955439
-0.039739 -0.02130513 -0.01686712 -5.25287 0.6053555 0.5186215 0.5181594 18.75723 nan 0 0.0
-0.01997585 -0.008600792 1.299068 -5.773693 1.295489 1.17708 0.6750719 19.54943 2.645412 0 0.0
0.001643238 -0.01090693 -2.333451 -7.236462 0.2166881 0.1750521 0.2532756 15.53038 3.707689 1 0.98577
-0.04142475 -0.02734249 -1.951943 -6.575212 0.5120554 0.4039248 0.3894069 18.71149 nan 0 0.0
-0.01858324 -0.03280099 1.657168 -8.671173 1.504605 1.323573 0.3639924 20.07861 nan 0 0.0
0.00883042 -0.02236662 1.414914 1.395603 0.8754298 0.7831388 0.5794887 19.20384 2.252617 0 0.0
-0.02122396 -0.03198893 -1.659881 -4.261165 1.617085 1.43943 0.4546833 20.10113 2.954941 0 0.0
