data/gcs/Terzan_2_HP_3.ecsv
# %ECSV 0.9
# ---
# datatype:
# - {name: x, unit: deg, datatype: float64}
# - {name: y, unit: deg, datatype: float64}
# - {name: pmx, unit: mas / yr, datatype: float64}
# - {name: pmy, unit: mas / yr, datatype: float64}
# - {name: pmx_e, unit: mas / yr, datatype: float64}
# - {name: pmy_e, unit: mas / yr, datatype: float64}
# - {name: pm_corr, datatype: float64}
# - {name: g_mag, unit: mag, datatype: float64}
# - {name: bp_rp, unit: mag, datatype: float64}
# - {name: filter, datatype: int64}
# - {name: memberprob, datatype: float64}
# meta: !!omap
# - comments: [deg deg mas/yr mas/yr mas/yr mas/yr dimless mag   mag   zeroone float]
# - __serialized_columns__:
#     bp_rp:
#       __class__: astropy.units.quantity.Quantity
#       unit: &id001 !astropy.units.Unit {unit: mag}
#       value: !astropy.table.SerializedColumn {name: bp_rp}
#     g_mag:
#       __class__: astropy.units.quantity.Quantity
#       unit: *id001
#       value: !astropy.table.SerializedColumn {name: g_mag}
#     pmx:
#       __class__: astropy.units.quantity.Quantity
#       unit: !astropy.units.Unit {unit: mas / yr}
#       value: !astropy.table.SerializedColumn {name: pmx}
#     pmx_e:
#       __class__: astropy.units.quantity.Quantity
#       unit: !astropy.units.Unit {unit: mas / yr}
#       value: !astropy.table.SerializedColumn {name: pmx_e}
#     pmy:
#       __class__: astropy.units.quantity.Quantity
#       unit: !astropy.units.Unit {unit: mas / yr}
#       value: !astropy.table.SerializedColumn {name: pmy}
#     pmy_e:
#       __class__: astropy.units.quantity.Quantity
#       unit: !astropy.units.Unit {unit: mas / yr}
#       value: !astropy.table.SerializedColumn {name: pmy_e}
#     x:
#       __class__: astropy.units.quantity.Quantity
#       unit: &id002 !astropy.units.Unit {unit: deg}
#       value: !astropy.table.SerializedColumn {name: x}
#     y:
#       __class__: astropy.units.quantity.Quantity
#       unit: *id002
#       value: !astropy.table.SerializedColumn {name: y}
# schema: astropy-2.0
x y pmx pmy pmx_e pmy_e pm_corr g_mag bp_rp filter memberprob
[from data line 503]
-0.0006086967 0.02206225 -0.220662 -10.84447 1.659035 1.341098 0.6354268 19.84278 2.191004 0 0.0
-0.0212944 0.01771877 5.738678 -3.675697 2.595401 1.724719 0.7626406 19.94438 2.518827 0 0.0
0.007414592 0.02623334 -5.572695 -6.587179 0.5586232 0.4307498 0.6136179 18.06211 3.105278 0 0.0
0.02356298 0.01351063 -7.921856 -7.053618 0.5473758 0.4015031 0.09068408 18.6252 3.014248 0 0.0
0.002013319 0.02833169 -2.399415 -3.189271 0.4715681 0.3464985 0.2439998 18.41915 nan 0 0.0
0.004606587 -0.02522103 -5.27332 -3.824681 0.4181017 0.3208358 0.5977456 17.64347 3.22509 1 0.0
0.01501646 0.01390907 -3.138177 -6.885248 0.7044035 0.5085391 0.1767277 18.76972 2.805931 0 0.0
0.000859125 -0.02642827 -6.92769 -2.837074 1.848162 1.517591 0.57139 19.71049 2.113688 0 0.0
0.02107444 0.02275994 -2.920853 -3.877814 1.142016 0.9593261 0.6443038 19.34727 nan 0 0.0
0.01923815 0.01798242 -4.241257 -6.296602 1.458331 1.172873 0.6463455 19.66074 3.345083 0 0.0
-0.0229119 -0.01585094 2.530225 1.053876 1.852661 1.624042 0.4064361 19.83643 2.419546 0 0.0
-0.03263988 -0.002216206 1.031592 -2.421157 0.4423269 0.3218309 0.09972542 18.3114 2.946899 0 0.0
0.003769655 0.01708019 1.270871 -7.487037 2.364733 1.806731 0.7017465 19.86306 nan 0 0.0
0.01218125 -0.01619993 -4.592496 -3.929931 2.175572 1.68865 0.6538882 20.02752 2.823746 0 0.0
0.01472923 0.021405 -0.54783 2.861168 2.190739 1.745286 0.7171513 20.04348 1.833961 0 0.0
-0.0001105447 0.02730174 -4.654686 -3.335223 0.5620103 0.4198057 0.2652295 18.61604 3.037418 0 0.0
0.02214963 0.02364852 -6.823893 -5.926566 0.5492005 0.4011867 0.1446789 18.76387 nan 0 0.0
0.01789536 -0.01256923 -6.120759 -1.37481 0.5429645 0.393031 0.2157841 18.84013 3.164753 0 0.0
-0.01633861 0.01384592 -5.816307 -5.590611 0.8475169 0.6814962 0.8431616 18.04491 3.402178 1 0.0
-0.01143659 0.0179665 -4.127504 -0.3739848 0.5100515 0.3726004 0.219763 18.70902 3.019453 0 0.0
0.01616527 -0.01417873 -4.109595 -7.620894 0.4833082 0.3563561 0.223148 18.47818 3.221739 0 0.0
0.007856048 -0.02614821 -2.805702 -6.48894 0.9784586 0.8616428 0.5680229 19.18941 2.623833 0 0.0
0.004293625 0.008561946 -0.8258078 -4.565275 1.688107 1.357332 0.6433713 19.8203 nan 0 0.0
-0.01499807 -0.008511806 -5.333849 -3.88817 0.4094229 0.3244804 0.04722417 18.26814 3.091188 0 0.0
0.001828634 -0.03159911 0.08241438 -4.37544 1.465379 1.415135 0.5755847 19.59383 2.120087 0 0.0
-0.01583447 -0.02270834 -6.418601 -10.2065 0.4416652 0.3335311 0.250157 18.10396 3.264795 1 0.0
0.01723957 -0.01568 -3.280994 -2.59761 1.801431 1.393408 0.8314604 19.25826 2.889509 0 0.0
0.007703373 0.0307442 0.1204432 -7.002346 0.4434062 0.3491031 0.1758511 18.1817 2.708973 0 0.0
-0.01248507 0.01621542 -9.085755 -5.117283 0.6775056 0.4989145 0.1971124 18.95411 3.073938 0 0.0
0.0002826854 0.002136184 1.998268 -4.713974 0.7409767 0.5554091 0.2264683 18.69554 2.375494 0 0.0
-0.003938795 0.02951609 -2.143502 -6.519051 0.3632124 0.2908018 0.4701838 16.65016 3.409067 0 0.0
0.003086464 -0.03073511 -0.8312308 -4.36118 1.698094 1.44311 0.5581632 19.7105 2.236845 0 0.0
0.000518606 0.002098036 -4.384229 -8.285341 0.9212164 0.7413092 0.5433562 18.72948 nan 0 0.0
-0.0005823712 0.004451704 -1.871026 -4.281127 0.7626412 0.5845251 0.1628974 18.76328 nan 0 0.0
0.02229837 -0.01328732 -3.191344 -4.721841 1.207608 0.9615634 0.6065207 19.39319 nan 0 0.0
-0.003779986 -0.008226515 -3.766079 -12.71794 2.29603 1.693273 0.3926527 18.9285 nan 0 0.0
-0.01059757 0.0174478 -1.285658 -5.559499 1.736025 1.391128 0.8381816 19.29455 3.395006 0 0.0
-0.01628153 -0.01354551 -6.411955 -1.327066 0.4614701 0.3350745 0.1789272 18.47151 3.494541 1 0.0
-0.01643747 -0.0212722 -1.011906 -4.924352 1.320133 1.053833 0.5949868 19.42452 2.372471 0 0.0
0.01824041 0.01023496 -2.614582 -5.302741 0.6008529 0.4367287 0.1679262 18.56718 2.573994 0 0.0
0.001147597 -0.008802467 -2.183049 -10.27542 1.8783 1.227348 0.6148673 19.50563 2.370661 0 0.0
0.01480298 -0.01043057 -3.217266 -5.330088 1.361828 1.115229 0.4919313 19.33024 nan 0 0.0
-0.005561315 -0.02534315 -5.8979 -1.942913 0.3940455 0.288103 0.05685126 18.19919 3.132086 1 0.0
-0.01605218 0.0255361 -4.781803 -7.167155 0.5909675 0.4343535 0.2771326 18.92982 3.17334 0 0.0
0.004136141 0.004094943 -3.894709 -7.024859 0.6329143 0.4572666 0.189515 18.72135 2.802906 0 0.0
0.01380612 -0.01655301 -4.770536 -4.848724 1.511928 1.165909 0.6712127 19.49528 2.445501 0 0.0
0.01055844 0.003033966 -3.419254 -6.881738 0.5592645 0.4399467 0.04530728 18.80586 nan 0 0.0
0.02141516 0.02216859 1.989636 -1.901186 1.026603 0.8757612 0.6280442 19.26191 1.576159 0 0.0
-0.01504817 -0.02336815 4.38894 0.5103234 1.903163 1.310532 0.5053809 19.22787 2.305658 0 0.0
0.00785798 -0.002535233 -3.354639 -2.578832 2.022824 1.318576 0.6389858 19.68614 nan 0 0.0
0.002039301 0.0170688 -7.348705 -5.33217 0.2938525 0.2325149 0.5264716 17.17371 3.55156 1 0.0
0.01692883 0.005699528 -3.561749 -6.692687 0.6622778 0.5172301 -0.03416142 18.87231 3.190004 0 0.0
0.03213313 0.005575485 -4.5708 -5.904042 0.4057207 0.2885595 0.1717486 18.28152 1.917753 0 0.0
-0.02836565 -0.007767141 -4.210496 -8.776953 2.123684 1.59582 0.6146966 19.98739 nan 0 0.0
-0.002810435 1.135722e-05 -0.3696993 -6.428764 0.6246445 0.4491758 0.1610706 18.52263 2.700581 0 0.0
0.003612841 0.03014362 -2.233214 -2.832628 2.390564 1.835189 0.8278845 19.77607 2.355898 0 0.0
-5.809068e-05 0.005035355 -2.673584 -7.137701 0.6291157 0.4226307 0.3353322 18.72713 2.853785 0 0.0
-0.002102758 0.003168037 -7.546059 -7.967894 0.6580768 0.4696222 0.009534231 18.80893 nan 0 0.0
0.00660037 0.005801882 -1.779564 -5.913617 0.5663112 0.4214194 0.2491913 18.72671 2.820517 0 0.0
-0.003177405 -0.0002823859 -0.4377776 -7.124598 0.7743723 0.5637147 0.2060855 18.88969 nan 0 0.0
0.01868264 -0.007417633 -3.348908 -2.868141 0.6167041 0.451447 0.1807409 18.92014 2.895353 0 0.0
-0.006425733 -0.03097751 -0.9070765 -2.956275 0.9337842 0.7414257 0.6402202 19.15252 2.720417 0 0.0
-0.001945398 -0.0006638228 -3.05803 -6.434481 0.6671081 0.4915164 0.2383891 18.78197 2.706242 0 0.0
0.00306211 0.02734365 -11.82194 -11.2021 1.626098 1.317335 0.545802 19.65873 2.448683 0 0.0
-0.01146306 0.02002262 -2.111068 -4.154697 0.4877637 0.3795612 0.5722095 18.00833 3.223919 0 0.0
-0.00779039 -0.005947475 -4.951004 -4.638466 1.539245 1.357893 0.6234675 19.71203 2.866543 0 0.0
-0.02021218 -0.01700618 -4.943138 -2.826196 0.6465435 0.510502 0.4127959 17.39642 4.407777 0 0.0
-0.003019744 -0.01253328 2.553923 -3.33806 2.038028 1.327524 0.6279544 19.61756 nan 0 0.0
0.0003613706 0.01407619 -2.602033 -6.20311 0.2915181 0.2365322 0.4811433 16.99997 3.026965 0 0.0
-0.004643921 -0.02919022 -9.128434 -3.326943 1.003323 0.7835067 0.4199841 19.03355 3.019333 0 0.0
0.008042964 0.01538048 -2.12967 -6.214857 1.68977 1.060741 0.7794186 19.0492 2.290359 0 0.0
-0.006245568 0.01928877 -7.144107 -9.420708 0.4081703 0.3266205 0.579981 17.79356 3.361244 1 0.0
0.01422885 0.006367538 -0.858954 -1.510933 1.400331 1.110439 0.5964479 19.51084 2.586958 0 0.0
-0.01295658 0.01321128 1.535427 -3.820156 2.06986 1.476617 0.6162195 19.84142 2.550306 0 0.0
0.02120576 0.0237689 -3.583123 -9.736922 1.433106 1.198433 0.6530521 19.62253 2.076035 0 0.0
0.003297029 -0.00364886 0.4791122 -4.692744 0.5944827 0.4116623 0.3957839 18.51316 2.50742 0 0.0
0.01577296 -0.009158521 0.695773 -4.609496 0.2939351 0.23042 0.5022316 17.05299 3.701226 1 0.0
0.005263019 -0.001787376 -2.037983 -3.317076 1.506328 1.203947 0.6197998 19.57192 nan 0 0.0
0.01976334 0.02201635 -5.758156 -7.29353 0.5360804 0.3900273 0.09109448 18.75714 2.385643 0 0.0
0.01797383 -0.01343328 -4.762502 -7.512785 0.8265532 0.6156567 0.3281878 18.96716 2.608608 0 0.0
-0.01546971 -0.009482721 -9.482478 -4.684561 1.838789 1.693314 0.5971474 19.79615 3.182501 0 0.0
0.03008705 0.001236929 -2.341708 -4.299543 0.3048551 0.2361375 0.5563466 17.12236 3.21876 1 0.0
0.005760919 -0.004030446 -5.732906 -6.786155 1.657789 1.144708 0.3794405 19.41426 2.533886 0 0.0
0.003086716 -0.02290163 -0.466309 -1.979882 0.3894924 0.3050958 0.4581922 16.54684 4.93786 0 0.0
0.02460624 -0.007579185 -3.818757 -6.648066 1.420542 1.177057 0.6037217 19.57713 2.429831 0 0.0
-0.003858646 -0.007518892 -2.184644 -3.903544 1.570994 1.197552 0.6213656 19.49923 nan 0 0.0
-0.005483341 -0.0140669 -4.01697 -4.548837 1.409254 0.9280202 0.5867606 19.31768 2.731581 0 0.0
-0.01848333 -0.01236907 -3.982842 -2.223327 2.050275 1.685201 0.5648801 19.7908 2.727762 0 0.0
0.0006758613 -0.001461077 -2.572215 -5.384431 0.535668 0.415436 0.5602231 17.6299 nan 0 0.0
-0.02108198 0.005475547 -1.753199 -3.615063 0.6324684 0.4765922 0.1442679 18.85117 3.314602 0 0.0
-0.00349192 -0.001323809 -4.085098 -2.352641 0.9365307 0.6700752 0.1210284 18.70522 2.58128 0 0.0
0.00481861 0.02217658 -1.282682 -4.361911 0.3277332 0.2514397 0.5873047 17.25377 3.443939 1 0.0
-0.0006083721 -0.02920346 1.310313 -0.1242303 1.739051 1.686284 0.5026707 19.72638 2.723162 0 0.0
-0.005144574 0.02237492 1.266628 -1.10392 0.6362207 0.5125572 0.8387089 17.87366 2.166664 0 0.0
0.004188161 -0.005264419 -5.271082 -6.653157 1.845766 1.202052 0.4607837 19.52887 nan 0 0.0
0.01307225 -0.01684282 -2.020814 -5.69231 2.910064 2.140562 0.796104 20.07713 1.616188 0 0.0
0.004188176 -0.004926819 -2.245453 -5.477748 0.8156393 0.6307327 0.4640556 18.8579 2.781559 0 0.0
0.01344197 0.003224341 -3.187281 -6.315934 0.5065523 0.3391799 0.5298328 18.02634 3.147118 0 0.0
-0.007398087 0.005283025 -2.013021 -7.221733 0.52799 0.3861854 0.1512463 18.79107 2.526875 0 0.0
0.009484595 0.01229044 -2.090364 -6.835803 0.6211098 0.460359 0.2520196 18.89588 nan 0 0.0
0.02950941 -0.001862334 8.886968 -7.555858 1.864473 1.616363 0.7982452 19.61037 1.997688 0 0.0
-0.01324488 0.01259136 1.064423 -2.145646 1.486405 1.19383 0.7077847 19.65816 1.878986 0 0.0
0.007178983 0.03120963 -0.8058911 1.111866 0.5359499 0.3900022 0.09533718 18.76154 2.332119 0 0.0
0.01333804 0.009873373 -9.033982 -7.526235 0.5259495 0.3599462 0.3151721 18.23387 2.911407 0 0.0
0.02639471 0.01475539 -2.739595 -5.515306 1.739022 1.142843 0.5722937 19.61963 2.415901 0 0.0
0.03294432 0.001338989 -2.295307 -2.253252 1.390235 1.156988 0.6525639 19.61325 2.158895 0 0.0
0.02225156 0.01093602 0.2167672 -0.202344 1.89364 1.322196 0.5353641 19.63935 2.767746 0 0.0
-0.02073684 -0.0146965 -4.237004 -3.963974 1.565866 1.275792 0.5526688 19.67419 2.999336 0 0.0
0.02314068 0.001725226 -1.920866 -5.376584 1.440068 0.9948562 0.4290078 19.25004 nan 0 0.0
-0.003727606 -0.007162212 2.446815 -8.93685 1.87397 1.457225 0.6192139 19.59834 nan 0 0.0
-0.01565265 -0.0127138 1.38708 -7.952841 0.3795358 0.2747484 0.1932602 18.37407 1.962854 0 0.0
0.01729262 -0.0121228 -1.56198 -1.928199 1.123073 0.8721626 0.6476943 19.21202 2.352661 0 0.0
-0.02417453 0.002520336 -4.287717 -5.951745 1.425887 1.25184 0.636402 19.32192 nan 0 0.0
-0.01842802 -0.02741804 -7.771224 -7.011208 0.9579216 0.7394544 0.06041775 18.82982 3.070805 0 0.0
0.01236942 0.02041923 -0.2006277 0.2321974 1.098777 0.9417853 0.3481667 19.14185 nan 0 0.0
-0.002731772 -0.0008602988 -2.365375 -5.806629 0.5467807 0.3829138 0.4957371 16.9692 3.421193 0 0.0
-0.02047418 -0.01738199 -1.722927 -11.20707 0.5661841 0.3876131 0.04273811 18.78995 nan 0 0.0
-0.01038542 -0.004877697 -2.206221 -5.343452 0.4632795 0.3486228 0.2861005 18.30193 2.991119 0 0.0
0.000492365 -0.003280687 -1.206149 -2.792643 3.939078 3.265182 -0.008553633 20.39391 nan 0 0.0
0.02235863 0.02040408 -3.442522 -1.550188 1.176329 0.9994984 0.6453265 19.40314 2.397074 0 0.0
0.006573548 -0.003078731 -2.595978 -4.422429 0.2072919 0.1617863 -0.06613611 16.20074 3.6376 1 0.0
-0.002784894 0.02321044 -5.543432 -7.049244 1.457476 1.182102 0.7134331 19.51076 2.299608 0 0.0
0.02193997 0.02408154 -0.3266233 -3.465065 0.2930682 0.2512868 0.4623078 17.25132 3.155362 0 0.0
-0.007556065 0.01409496 -0.8277393 -7.946478 0.6037251 0.4469494 0.2231737 18.73188 2.818581 0 0.0
0.002222495 0.002874303 1.656411 -4.235408 0.8504872 0.5810097 0.4162915 18.55321 2.797304 0 0.0
0.005787253 -0.001993399 -3.402231 -6.885324 0.7636142 0.5488967 0.1961826 18.91005 2.519964 0 0.0
0.0195788 0.01710116 -0.4826055 -5.709664 1.785741 1.421403 0.5639543 19.78436 nan 0 0.0
0.0011218 0.02662844 -4.823789 -14.26946 1.572736 1.265115 0.7142289 19.63906 2.936008 0 0.0
-0.02199341 -0.02102917 -8.00611 -6.530361 0.6217977 0.4497806 0.0408554 18.68573 2.685953 0 0.0
0.008855147 0.00947144 1.841759 -1.616152 2.044855 1.700752 0.2803557 19.58695 nan 0 0.0
-0.03187938 -0.003272621 -5.681877 -2.653661 1.913041 1.545092 0.7733395 19.72777 2.822872 0 0.0
0.006523494 0.03186962 -1.250469 -2.044663 0.6100317 0.4486124 0.1769517 18.8972 2.224688 0 0.0
-0.01546781 -0.02122436 -3.156757 -2.640445 0.4981785 0.3508272 0.1112273 18.74157 2.895378 0 0.0
-0.002600827 0.003496089 -7.62461 -5.98229 1.133045 0.8453574 0.2726088 18.83519 2.978865 0 0.0
0.02138865 0.02085443 -3.612177 -2.783306 1.311562 1.12943 0.6277897 19.58447 1.927256 0 0.0
-0.01824479 -0.02635561 -2.771155 -3.073998 2.051238 1.353471 0.6041894 19.61902 1.666504 0 0.0
0.01110636 -0.01917526 -6.037339 -6.672331 1.209644 0.9374408 0.6399728 19.22185 2.745394 0 0.0
-0.005981403 -0.01259445 -0.5204346 -10.65981 0.6170048 0.4536329 0.3086649 18.81227 2.897329 0 0.0
0.01187125 0.02024954 -3.726299 -1.875542 0.6463857 0.4775205 0.3290868 18.62081 2.780169 0 0.0
0.0100055 -0.02057132 -1.531195 -0.7967595 0.4945076 0.3692116 0.5898395 18.05913 3.278835 1 0.0
0.01281041 -0.01498122 -5.854882 -1.750149 0.7073599 0.5037185 0.1626036 18.88828 2.8627 0 0.0
0.01131972 0.01224828 -8.94609 -4.910438 0.5941995 0.3935772 0.3099435 18.69049 3.180561 0 0.0
0.005342402 0.01163272 -6.958568 -3.717998 1.568239 1.236291 0.5831014 19.4964 2.5156 0 0.0
0.006075658 -0.0009024137 -1.585036 -4.357513 1.21614 0.9690468 0.606344 19.29625 2.863535 0 0.0
0.001515056 0.02371591 -3.086702 -2.805299 0.5271464 0.3829631 0.1843341 18.6505 2.817324 0 0.0
0.002353652 0.006519243 -3.880336 -4.00284 0.4772861 0.3499473 0.1677811 18.38645 3.174955 0 0.0
-0.0206104 0.006785998 -7.602283 -9.491268 2.035465 1.67482 0.7333865 19.9149 2.932611 0 0.0
0.01761317 0.02081133 -1.80754 -5.795602 0.5233832 0.3794729 0.1500374 18.682 2.449396 0 0.0
-0.02471868 -0.02206934 -4.56492 -3.618017 0.6090412 0.4489033 0.3094871 18.94579 2.941057 0 0.0
0.003323643 0.007968799 -2.86852 -4.49067 0.4640645 0.3388695 0.1683621 18.38687 3.061749 0 0.0
0.01087269 0.0002797195 -2.297962 -7.230763 0.6051275 0.4817124 -0.003056085 18.89539 2.642891 0 0.0
-0.01837624 -0.02411641 -4.036173 -3.864036 1.184501 0.9936455 0.5552327 19.28098 2.448345 0 0.0
-5.807134e-05 -0.02694325 -0.003309265 2.369222 0.9835582 0.8211998 0.6132229 19.16955 1.929995 0 0.0
0.00712416 -0.0009101151 0.3884568 0.1486603 1.60506 1.254908 0.6633714 19.61366 2.934282 0 0.0
-0.00975644 -0.00389344 -1.357315 -3.020381 0.2888297 0.2318922 0.4314521 16.82064 3.425286 1 0.0
0.008200048 0.01283225 1.693314 -5.197348 1.099791 0.8973602 0.6213481 19.19846 2.530724 0 0.0
-0.0005560971 -0.005929994 3.191503 -6.090594 1.805595 1.415018 0.6575536 19.92021 nan 0 0.0
-0.005693839 -0.0001260995 -2.214183 -6.259725 0.2083169 0.1563045 0.08125803 15.35267 4.040948 1 0.9961744
-0.01748543 -0.02302715 0.1282566 -1.772159 0.3772116 0.2725245 0.1625098 18.31683 2.920855 0 0.0
0.02741123 -0.006071231 -2.685631 -2.236159 0.6021236 0.4335234 0.1119945 18.82408 3.120695 0 0.0
0.01797796 0.008690061 -1.221009 -4.955929 1.17442 0.9510854 0.564967 19.32686 2.503387 0 0.0
-0.02652829 -0.0172347 -13.46286 -15.7279 3.448709 2.497626 0.6377213 20.4884 1.902885 0 0.0
0.008645714 0.01269297 0.6798057 0.1322884 2.082745 1.687066 0.5569068 19.56483 nan 0 0.0
0.004713339 0.01411422 -4.482043 -3.710174 0.5404547 0.3947596 0.1741755 18.6027 2.747753 0 0.0
0.0204115 -0.01238091 -11.52018 -6.715873 1.372728 1.078552 0.6380144 19.55749 2.74526 0 0.0
0.02434974 0.01455185 -5.311248 -6.205984 0.6140095 0.4617616 0.07833658 18.61543 2.678326 0 0.0
-0.005772835 0.005840082 -7.115904 -6.674 0.4628539 0.3350753 0.1682666 18.28774 3.358994 0 0.0
