data/gcs/Terzan_1_HP_2.ecsv
# %ECSV 0.9
# ---
# datatype:
# - {name: x, unit: deg, datatype: float64}
# - {name: y, unit: deg, datatype: float64}
# - {name: pmx, unit: mas / yr, datatype: float64}
# - {name: pmy, unit: mas / yr, datatype: float64}
# - {name: pmx_e, unit: mas / yr, datatype: float64}
# - {name: pmy_e, unit: mas / yr, datatype: float64}
# - {name: pm_corr, datatype: float64}
# - {name: g_mag, unit: mag, datatype: float64}
# - {name: bp_rp, unit: mag, datatype: float64}
# - {name: filter, datatype: int64}
# - {name: memberprob, datatype: float64}
# meta: !!omap
# - comments: [deg deg mas/yr mas/yr mas/yr mas/yr dimless mag   mag   zeroone float]
# - __serialized_columns__:
#     bp_rp:
#       __class__: astropy.units.quantity.Quantity
#       unit: &id001 !astropy.units.Unit {unit: mag}
#       value: !astropy.table.SerializedColumn {name: bp_rp}
#     g_mag:
#       __class__: astropy.units.quantity.Quantity
#       unit: *id001
#       value: !astropy.table.SerializedColumn {name: g_mag}
#     pmx:
#       __class__: astropy.units.quantity.Quantity
#       unit: !astropy.units.Unit {unit: mas / yr}
#       value: !astropy.table.SerializedColumn {name: pmx}
#     pmx_e:
#       __class__: astropy.units.quantity.Quantity
#       unit: !astropy.units.Unit {unit: mas / yr}
#       value: !astropy.table.SerializedColumn {name: pmx_e}
#     pmy:
#       __class__: astropy.units.quantity.Quantity
#       unit: !astropy.units.Unit {unit: mas / yr}
#       value: !astropy.table.SerializedColumn {name: pmy}
#     pmy_e:
#       __class__: astropy.units.quantity.Quantity
#       unit: !astropy.units.Unit {unit: mas / yr}
#       value: !astropy.table.SerializedColumn {name: pmy_e}
#     x:
#       __class__: astropy.units.quantity.Quantity
#       unit: &id002 !astropy.units.Unit {unit: deg}
#       value: !astropy.table.SerializedColumn {name: x}
#     y:
#       __class__: astropy.units.quantity.Quantity
#       unit: *id002
#       value: !astropy.table.SerializedColumn {name: y}
# schema: astropy-2.0
x y pmx pmy pmx_e pmy_e pm_corr g_mag bp_rp filter memberprob
[from data line 2357]
-0.01419129 -0.04302599 -1.678803 -10.10111 1.684704 1.224803 0.7851166 19.74939 2.750084 0 0.0
0.008550979 -0.01058134 0.08480413 -5.518896 1.412522 1.009511 0.6143092 19.78372 3.496653 0 0.0
0.02143052 -0.03801481 -4.854085 -7.402417 0.7679923 0.5030585 0.2622037 18.66971 3.740812 0 0.0
-0.04062116 -0.01887115 -4.214512 -6.606822 1.202655 0.8399604 0.3948546 20.03534 2.642328 0 0.0
-0.01385371 -0.01370619 -4.107082 -3.76484 0.6375899 0.507098 0.1304042 19.00452 3.054941 0 0.0
-0.03234939 0.01459257 -4.458401 -8.698073 2.39901 1.812019 0.5382806 20.2067 nan 0 0.0
0.0290343 -0.01771687 -6.246108 -4.761614 0.3220644 0.2322562 0.5001064 17.57736 4.49855 1 0.0
-0.003228998 -0.04456234 -0.4327241 -6.468472 0.7431891 0.4907982 0.3378529 18.75271 3.843796 0 0.0
-0.02059231 0.01823117 -1.260048 -6.995524 0.5380472 0.3716505 0.5131863 18.51768 nan 0 0.0
-0.03578431 -0.01503357 0.8980047 -5.779612 0.8896926 0.6221915 0.4253342 19.40417 3.198921 0 0.0
0.01612228 -0.02427706 0.4959973 -0.2704079 0.1384226 0.1038546 0.1976959 13.50405 3.212685 1 0.0
-0.01030373 -0.01360466 0.3189718 -10.70619 1.17039 0.9047215 0.129558 19.51492 2.824129 0 0.0
0.04563557 0.001499023 -4.776846 -5.172505 0.8701724 0.6553146 0.4744954 19.48841 3.600523 0 0.0
-0.01971702 -0.01748565 2.058198 -2.762045 0.9290276 0.6323367 0.2642566 18.77324 2.864101 0 0.0
0.0002411309 0.005173736 -5.047872 -6.079168 1.054078 0.7178892 0.3023848 19.13116 nan 0 0.0
0.03064933 0.01729774 -5.276347 -5.862349 0.2644692 0.1934655 0.3488315 17.67591 2.010008 1 0.0
-0.02440887 0.02758584 -2.581167 -4.452649 1.023784 0.7798903 0.5437947 19.69332 3.26063 0 0.0
-0.0001007396 -0.04039091 -8.643584 -9.504749 0.6758803 0.4664614 0.3728316 18.89879 nan 0 0.0
-0.03688978 -0.01228931 2.482222 -0.07484953 0.9904679 0.7046038 0.4440232 19.52027 2.471275 0 0.0
-0.009015503 -0.01044977 -3.688009 -3.958596 1.012945 0.7258358 0.2434841 19.3357 nan 0 0.0
-0.01220018 0.01130319 1.272872 -0.05708943 0.6943408 0.4812391 0.5214616 18.68386 nan 0 0.0
0.005474283 -0.009400468 -11.28611 -3.843051 0.8739545 0.6700337 -0.002395659 18.90919 nan 0 0.0
0.04289405 -0.01275144 -2.854233 -5.954032 0.6431866 0.4626879 0.4342317 18.64275 4.494392 0 0.0
-0.02928666 -0.02353436 0.1770639 -1.239642 0.1213036 0.08891239 0.06304089 15.79679 2.622185 1 0.0
-0.008249868 -0.04601794 -6.181141 -8.796751 2.352064 1.668637 0.8410796 20.05067 2.779955 0 0.0
0.007236057 -0.01146815 -6.89479 -5.110015 0.5606655 0.4000611 0.3734683 18.22691 4.743141 0 0.0
-0.03302362 -0.01392443 -3.290989 -7.983771 1.607282 1.142931 0.4909145 20.09868 nan 0 0.0
0.002318808 -0.0003385286 -0.1560455 -4.965982 1.364699 1.056782 0.518752 18.61188 nan 0 0.0
0.03319928 0.0126239 -2.416193 -2.717947 0.7832644 0.5761525 0.4255609 19.21854 3.824234 0 0.0
0.0005564875 -0.0402326 -1.226135 -10.24907 0.5285731 0.364164 0.3132707 18.28278 4.42234 0 0.0
-0.0124898 0.01347944 -4.797812 -7.386675 1.017054 0.7611262 0.5882816 19.59816 nan 0 0.0
-0.03271707 0.01287583 -5.337078 -5.227938 0.8535488 0.6268277 0.2770029 19.39134 nan 0 0.0
-0.01890455 -0.003680104 -3.078011 -5.324997 0.3915564 0.314906 -0.1080129 16.53076 4.133639 1 0.8861834
0.02390044 -0.04333307 -3.679444 -3.523262 0.1928116 0.1428009 0.5781898 16.55618 1.966775 1 0.0
0.04073765 -0.0129546 -1.614055 -6.002834 0.2013731 0.1427868 0.3770176 16.20881 3.133328 1 0.0
-0.000836818 -0.04214186 -4.774634 -2.167276 1.176589 0.8408917 0.3474219 19.30795 nan 0 0.0
-0.03181161 -0.02120246 -10.34961 -9.140167 1.659474 1.266694 0.4072584 20.21308 nan 0 0.0
0.01037027 0.03445671 -2.349202 -4.828499 1.087594 0.8965811 0.7127873 19.11765 4.097679 0 0.0
0.006420599 -0.01534573 -2.815513 -4.260343 0.3274187 0.2427669 0.262499 17.84314 3.935152 1 0.8824522
-0.01206894 0.01352908 -3.508248 -4.733256 0.2771014 0.2100245 0.1925053 17.58312 3.946234 1 0.9188215
0.03202533 -0.03779647 -8.101122 -0.6532428 0.7922146 0.5674957 0.4464787 18.91339 4.305002 0 0.0
0.003029282 0.011796 -2.879194 -3.967128 0.3937954 0.2964386 0.3046147 17.97001 3.563234 0 0.0
-0.01527458 -0.008201791 -2.758363 -5.940166 0.6141796 0.4667449 0.1741573 18.168 nan 0 0.0
0.01317734 -0.02484691 -1.17571 -1.206365 1.30988 0.9015686 0.4072694 19.91214 2.670364 0 0.0
0.04660445 -0.007332461 -1.329918 -2.809373 0.5906104 0.4483824 0.7327969 18.09285 3.739489 1 0.0004346887
0.009235226 -0.005082515 -4.012375 -6.410744 0.9057897 0.6849159 0.5435917 19.22718 3.121571 0 0.0
-0.002126081 0.009257347 -7.991073 -6.916778 0.5861332 0.4373971 0.5549732 18.27797 4.096647 0 0.0
0.03906921 0.02327808 -2.814396 1.196199 1.333322 1.066919 0.4051677 19.70692 1.552605 0 0.0
-0.01709238 0.0103545 -1.758066 -0.2039107 1.008179 0.9149882 0.6982113 18.59501 3.218548 0 0.0
0.008472497 -0.005883532 -3.070428 -4.959771 1.489368 1.186448 0.7305579 19.50602 3.468706 0 0.0
-0.00449281 -0.001444867 -1.155544 -4.709454 0.4138997 0.3269066 0.5249415 16.59701 nan 0 0.0
-0.02172635 0.03135921 -0.5397124 -2.74813 1.773232 1.526819 0.1767744 20.18271 nan 0 0.0
-0.02279965 0.008518464 -1.170249 -1.631209 0.4397037 0.3121381 0.2429651 18.02849 2.588877 0 0.0
-0.008145281 -0.03929453 1.499448 0.5436725 0.8839454 0.5938012 0.406756 19.43574 2.680315 0 0.0
-0.02653038 -0.006855712 -4.135869 -13.85113 3.356192 2.796462 0.05866533 20.70855 nan 0 0.0
-0.002835662 -0.01084613 0.05321701 -7.546012 0.9859756 0.748317 -0.2381731 18.02365 4.028357 0 0.0
0.01895843 -0.04240692 -0.9564584 -1.590644 0.4991003 0.3569644 0.3395762 18.01605 3.482012 0 0.0
0.0310718 0.02230631 0.3345292 -0.647913 0.473502 0.3389285 0.4446425 18.24861 2.5329 0 0.0
-0.01416851 -0.01892474 4.637651 1.390611 1.99574 1.610219 0.2479529 20.02409 3.058994 0 0.0
0.006450098 0.03303416 -8.62557 -5.012183 0.525007 0.3734724 0.476822 18.38102 4.236111 1 0.0
-0.02746103 0.02938747 -9.999012 -8.487774 0.5701729 0.3943733 0.5347941 18.46215 3.380756 0 0.0
0.01529118 0.04128627 0.539901 -2.37865 0.6788092 0.449463 0.7219768 18.50385 2.330379 0 0.0
0.008027276 0.01658316 1.805464 -1.569342 0.5802322 0.4353812 0.4526829 18.15301 3.480007 0 0.0
-0.03797853 0.01485566 -5.851605 -2.159093 0.8870368 0.5774773 0.4685164 18.80184 3.317425 0 0.0
-0.001468481 0.006703419 -2.987892 -5.687676 0.2224561 0.1718133 0.06901966 16.2288 4.059889 1 0.6943292
0.02231363 0.02984846 -1.518812 -3.863617 2.630588 1.840045 0.6233144 20.17147 2.128889 0 0.0
-0.0222432 -0.009444818 -10.96812 -7.249537 1.063132 0.7968877 -0.01862403 19.69087 2.660444 0 0.0
0.004869369 -0.01087482 -1.522594 -11.07869 0.9654601 0.7106888 0.5010995 19.64019 2.846857 0 0.0
0.03374447 -0.008107259 -2.361149 -3.672172 1.834992 1.326351 0.6157935 19.95403 2.964602 0 0.0
0.002791337 -0.03061007 -2.262775 -10.98317 1.661398 1.082175 0.5632136 19.90388 3.84506 0 0.0
-0.006071085 0.003371103 -1.305831 -4.786829 0.7551208 0.5870395 0.4029498 19.18551 nan 0 0.0
0.0223025 -0.01874697 -2.728957 -3.795922 1.265253 0.9489209 0.2968724 19.20864 2.959637 0 0.0
-0.001705309 0.01309303 -1.742699 -6.026881 0.5044863 0.3519338 0.2981491 18.225 2.967785 0 0.0
0.003292331 0.01232242 -2.037579 -4.264025 0.5300051 0.3962421 0.2881433 18.92633 3.365849 0 0.0
-0.02814048 0.01360587 -2.651734 -2.196381 1.223159 0.9349891 0.7377634 19.45312 2.599674 0 0.0
0.0410156 0.02261734 -0.04822215 -4.562963 0.5052533 0.3580942 0.433123 18.65631 2.826773 0 0.0
0.01404826 -0.002372748 -3.056594 -4.412698 1.10436 0.8723435 0.7830681 19.06547 3.46553 0 0.0
0.01254741 -0.0162466 -0.5214259 -3.762345 1.16427 0.8334153 0.3261826 18.74834 2.503769 0 0.0
0.00216012 -0.04031464 -2.467058 -7.656949 0.4753886 0.3451823 0.6936287 17.95256 2.125406 0 0.0
0.01036715 0.005108335 -1.130998 -7.08483 0.2337895 0.1797033 0.2171198 17.07949 3.907942 1 0.0
0.0234021 -0.0385951 0.6603843 -2.214673 0.6990132 0.4704559 0.4124062 18.96033 2.693459 0 0.0
-0.004600294 0.04698652 -4.243448 -6.583009 0.9358281 0.748719 0.3508356 19.42405 3.624325 0 0.0
-0.04560456 0.0103148 0.3789396 -1.879296 1.415691 0.9876326 0.5185795 19.92575 2.958092 0 0.0
-0.007834585 0.02004693 -3.634221 -7.158941 1.367042 1.031981 0.4434503 20.17272 nan 0 0.0
0.01315396 -0.003309132 -6.847258 -5.782701 1.156093 0.8745478 0.5933534 19.62008 nan 0 0.0
-0.03146994 -0.02074459 -1.639599 -0.9287592 1.224412 0.9828036 0.2200781 19.73876 2.604504 0 0.0
0.01997039 0.02096072 0.8478981 -3.209477 0.9773819 0.7636389 0.4803894 16.63043 2.26396 0 0.0
-0.02594487 -0.03292519 -4.799069 6.581165 0.7001513 0.522405 0.1620045 17.28059 1.816477 0 0.0
-0.009967984 0.04608203 -2.845599 -5.625349 2.921371 2.569091 0.8726447 20.16655 nan 0 0.0
-0.001047809 0.02125268 -3.443265 -4.666868 0.6047625 0.42666 0.4235582 18.75338 3.547152 0 0.0
-0.03989829 0.0137925 -2.62243 -3.808608 1.168194 0.875651 0.690088 19.37691 nan 0 0.0
-0.02313899 -0.002359226 -1.439105 -0.5592515 0.6065901 0.4363913 0.3112676 18.61132 2.317999 1 0.0
-0.01932572 -0.001725155 0.651493 -3.761182 0.3318989 0.2529154 0.02540193 17.74116 2.123653 0 0.0
0.006660602 0.03351861 -2.857127 -7.10086 1.415425 1.069132 0.523241 19.9471 nan 0 0.0
0.04246313 0.02421889 -2.876696 0.6705622 1.031736 0.7400207 0.5265635 19.55957 2.067076 0 0.0
-0.003807368 -0.04365064 1.397095 -2.18666 1.886531 1.248332 0.5159596 19.87231 2.9069 0 0.0
0.02007199 0.003369223 -2.553591 -6.135357 1.405411 1.11474 0.2720197 19.74613 2.475475 0 0.0
0.01236806 0.02093146 -1.018337 -6.57901 0.824146 0.6291465 0.4730658 19.40388 3.219685 0 0.0
-0.0188282 0.009535929 -4.461032 -5.416429 0.6950677 0.4118871 0.3490914 18.68653 nan 0 0.0
0.01609994 -0.0003474618 -6.398414 -3.863505 1.724523 1.364934 0.7778074 19.76685 3.471886 0 0.0
0.0009775557 0.003825236 -3.223676 -4.881222 0.6336522 0.4350559 0.2331843 18.04285 3.632208 0 0.0
-0.01143804 0.01681743 -8.759432 -9.102039 1.002013 0.7955626 0.4199318 19.20949 nan 0 0.0
0.04444804 -0.007293306 0.1760555 0.8691102 0.6638955 0.5194973 0.9232967 16.9695 2.490044 0 0.0
0.009498101 -0.006215506 -6.446387 -5.459629 1.877501 1.498492 0.7889185 19.70707 3.12018 0 0.0
-0.03060262 -0.01948737 -0.1832644 -6.468938 0.5424507 0.3567554 0.3760161 18.71358 2.585096 0 0.0
-0.02816005 -0.00966188 -2.741053 -5.110396 0.6125813 0.4401969 0.3784649 18.79545 3.535324 0 0.0
-0.01698254 -0.01616525 -0.4045296 -0.7108681 1.021444 0.9219472 0.4929911 19.12597 2.884169 0 0.0
-0.0440533 0.01164494 1.680372 -0.2440814 3.280508 2.262152 0.8426001 20.33371 2.839237 0 0.0
-0.01887349 -0.02820097 -1.618409 -12.52607 1.437325 0.9527569 -0.2324633 19.33063 nan 0 0.0
-0.03303462 0.0185005 -1.946012 -3.53373 0.4791553 0.3076687 0.4747136 18.20626 2.843206 0 0.0
0.003423688 0.007765763 -3.306502 -7.645385 1.398349 1.031455 0.297263 19.77109 nan 0 0.0
-0.02984004 -0.01960157 -5.342211 -4.959252 0.8644874 0.7511746 -0.07184377 19.23288 nan 0 0.0
0.009993555 -0.04720066 -2.163808 -6.988982 1.47788 1.007594 0.4779175 19.79099 nan 0 0.0
-0.03290053 0.01089976 -5.715914 -4.5449 1.214311 0.9367622 0.6729268 19.37827 2.884632 0 0.0
0.03156089 -0.01075965 -3.701284 -2.341935 0.6854301 0.5082893 0.4029285 18.66725 3.312927 0 0.0
-0.01902849 -0.04228486 -1.224943 -5.587245 0.1253245 0.08926356 0.1959013 16.18796 2.168775 1 0.0
0.01592282 0.04236954 -5.718221 -6.51804 2.903863 2.110584 0.8204264 20.17272 nan 0 0.0
-0.01173103 0.04701072 -8.492914 -4.375739 0.7084377 0.5282316 0.316809 18.98652 3.091267 0 0.0
0.007522444 -0.04867672 0.1549355 -4.222241 2.523295 1.796122 0.8310676 19.98263 nan 0 0.0
-0.001363729 0.03919892 -5.979712 -9.438092 3.894246 2.260282 0.5633383 20.65903 1.875502 0 0.0
0.02810256 0.03389435 -1.20063 -3.980915 1.053706 0.887922 0.2757077 19.90888 3.12594 0 0.0
0.01060738 0.03745885 -3.465468 -6.318775 0.8822897 0.6859621 0.4323285 19.65673 3.410017 0 0.0
-0.03164854 -0.03750833 -9.948452 -4.335449 1.752384 1.282374 0.8118633 19.792 2.814039 0 0.0
0.02720278 0.01501185 4.475341 -4.403009 0.6400957 0.4657052 0.4512057 18.6126 4.200745 0 0.0
0.02483361 0.007926688 0.5225452 -4.361617 2.226402 1.737479 0.8375763 19.99316 2.683407 0 0.0
-0.01615096 0.04343571 -5.086439 -11.39113 1.300604 1.017011 0.4823441 19.85395 2.808395 0 0.0
-0.03091256 -0.0370675 -2.427907 -5.473646 0.5091831 0.3498132 0.386685 18.22469 nan 0 0.0
0.001740406 0.01061539 -1.514444 -7.743016 0.3853648 0.2979642 0.07295927 15.92063 5.83111 0 0.0
-0.03239441 -0.008217427 -5.230012 -4.837417 1.330425 0.9421842 0.4160426 19.95718 nan 0 0.0
0.002188269 0.04245856 -2.107241 -4.321272 0.3585534 0.2652133 0.3903269 18.01378 3.62043 1 0.1685742
-0.01810815 -0.04354926 0.2407251 1.089978 0.4355436 0.2978017 0.43068 18.35505 2.15526 0 0.0
0.007157387 -0.008481235 -1.985594 -4.281982 1.013781 0.7534878 0.5732385 19.23436 nan 0 0.0
0.003212967 -0.001435279 -3.262225 -5.150144 0.2414557 0.1873736 0.2386628 17.08605 3.68583 0 0.0
0.01929133 0.04563431 -0.6062678 -4.583196 1.308785 1.018279 0.5473455 20.07514 3.47875 0 0.0
0.02178706 0.02802324 -1.479149 -7.453708 0.5236219 0.377388 0.4710749 18.51365 nan 0 0.0
0.04297595 -0.005940334 -1.411851 -4.403345 0.2165146 0.1587708 0.4199712 17.28124 1.836924 1 0.0
0.009706526 -0.02587457 -9.273682 -5.331536 1.01047 0.6776064 0.1521405 18.46284 3.793215 0 0.0
-0.03287709 0.01938556 -1.781792 -1.236503 0.6737183 0.4863446 0.2783396 18.97632 3.107588 0 0.0
0.03288311 0.01102947 -1.065995 -6.309023 1.079334 0.8143654 0.4585991 19.41919 3.533264 0 0.0
-0.001652471 -0.0005311572 -2.930896 -4.151396 0.5618301 0.441135 0.2024088 15.83751 3.338319 0 0.0
0.02182893 -0.01987411 -0.09586736 -4.368644 2.049651 1.52243 0.5564671 19.32929 2.984457 0 0.0
0.0252599 0.0289818 1.368989 -0.556333 0.6867976 0.4673157 0.3780345 18.69212 2.66946 0 0.0
0.01049605 -0.01908449 0.138626 -1.678371 0.7553097 0.5631889 0.5265585 19.33529 2.769156 0 0.0
-0.007913875 0.02464554 -4.734506 -5.730262 2.982286 2.178394 0.7587213 20.22257 2.263569 0 0.0
-0.04255186 0.006692223 -4.670467 -9.141109 2.284571 1.654638 0.7874105 20.03416 nan 0 0.0
0.004502504 0.01710982 -3.411859 -3.103334 0.4489413 0.3181769 0.4424884 18.51659 3.525217 0 0.0
0.001793358 0.02941993 3.411685 -8.592732 0.6017696 0.4604335 0.3312485 19.01011 2.939962 0 0.0
-0.0232149 -0.01490769 3.710611 -0.5354846 3.208788 2.279515 0.4461116 20.1855 nan 0 0.0
0.02603642 -0.01856479 -4.201445 -9.845646 1.996636 1.383194 0.7536045 19.8296 2.937969 0 0.0
0.003582873 0.04512499 -6.761571 -0.4488753 0.3474018 0.2645127 0.1758468 17.95406 4.44101 1 0.0
-0.04164877 -0.01393918 3.940701 2.50965 3.053118 2.082974 0.8742509 20.26887 2.44725 0 0.0
-0.002599957 0.02542784 -0.01197211 -3.052804 1.261054 0.9731287 0.4060471 19.956 nan 0 0.0
0.03122701 0.01411229 -2.601331 -0.2498529 2.726245 2.022977 0.8320407 20.08175 nan 0 0.0
0.02692506 -0.03804097 -5.741064 -3.184453 1.136661 0.8179474 0.6426872 19.69846 2.605583 0 0.0
0.01144108 -0.03249898 -1.141688 -3.101007 0.289354 0.1966766 0.274482 17.68893 2.199442 1 0.0
-0.002678341 0.005898492 -11.78848 -10.86386 0.4903087 0.3651463 0.4815196 17.6713 nan 0 0.0
0.008603889 -0.007003157 11.01918 1.631443 1.984226 1.564626 0.6148247 19.3653 nan 0 0.0
0.02279778 -0.03717589 1.013556 -0.9805551 0.2049292 0.151985 0.5131085 16.29431 2.299489 0 0.0
-0.02652926 -0.01096796 -2.188847 -6.719593 1.488105 1.121136 0.3740192 20.03185 nan 0 0.0
0.02996019 0.0003549781 0.5714424 -4.968362 0.4754632 0.3595514 0.3268042 17.01616 nan 0 0.0
-0.00138958 0.00702767 -9.78207 -9.784304 3.046971 2.221883 0.2842768 19.86783 nan 0 0.0
0.005108601 0.0379285 -4.325179 -5.224347 0.6210795 0.4356989 0.5322417 18.41812 nan 0 0.0
0.02335742 -0.005721934 -2.755425 -4.156227 0.4167416 0.3307359 0.4258049 16.71995 3.816912 0 0.0
-0.001599985 0.006415407 -6.43851 -5.042854 0.7511131 0.4774938 0.1437396 18.73742 nan 0 0.0
-0.03550624 0.01562335 -1.052201 2.565108 0.901984 0.671809 0.2223017 19.26711 2.735487 0 0.0
0.02983253 0.01287485 -0.8816009 -4.216617 0.5401191 0.3826065 0.4529174 18.70383 2.416826 0 0.0
-0.006097355 0.002877098 -24.27117 9.696272 2.0032 1.445175 0.7407958 19.49422 nan 0 0.0
