data/gcs/Terzan_12.ecsv
# %ECSV 0.9
# ---
# datatype:
# - {name: x, unit: deg, datatype: float64}
# - {name: y, unit: deg, datatype: float64}
# - {name: pmx, unit: mas / yr, datatype: float64}
# - {name: pmy, unit: mas / yr, datatype: float64}
# - {name: pmx_e, unit: mas / yr, datatype: float64}
# - {name: pmy_e, unit: mas / yr, datatype: float64}
# - {name: pm_corr, datatype: float64}
# - {name: g_mag, unit: mag, datatype: float64}
# - {name: bp_rp, unit: mag, datatype: float64}
# - {name: filter, datatype: int64}
# - {name: memberprob, datatype: float64}
# meta: !!omap
# - comments: [deg deg mas/yr mas/yr mas/yr mas/yr dimless mag   mag   zeroone float]
# - __serialized_columns__:
#     bp_rp:
#       __class__: astropy.units.quantity.Quantity
#       unit: &id001 !astropy.units.Unit {unit: mag}
#       value: !astropy.table.SerializedColumn {name: bp_rp}
#     g_mag:
#       __class__: astropy.units.quantity.Quantity
#       unit: *id001
#       value: !astropy.table.SerializedColumn {name: g_mag}
#     pmx:
#       __class__: astropy.units.quantity.Quantity
#       unit: !astropy.units.Unit {unit: mas / yr}
#       value: !astropy.table.SerializedColumn {name: pmx}
#     pmx_e:
#       __class__: astropy.units.quantity.Quantity
#       unit: !astropy.units.Unit {unit: mas / yr}
#       value: !astropy.table.SerializedColumn {name: pmx_e}
#     pmy:
#       __class__: astropy.units.quantity.Quantity
#       unit: !astropy.units.Unit {unit: mas / yr}
#       value: !astropy.table.SerializedColumn {name: pmy}
#     pmy_e:
#       __class__: astropy.units.quantity.Quantity
#       unit: !astropy.units.Unit {unit: mas / yr}
#       value: !astropy.table.SerializedColumn {name: pmy_e}
#     x:
#       __class__: astropy.units.quantity.Quantity
#       unit: &id002 !astropy.units.Unit {unit: deg}
#       value: !astropy.table.SerializedColumn {name: x}
#     y:
#       __class__: astropy.units.quantity.Quantity
#       unit: *id002
#       value: !astropy.table.SerializedColumn {name: y}
# schema: astropy-2.0
x y pmx pmy pmx_e pmy_e pm_corr g_mag bp_rp filter memberprob
[from data line 1341]
-0.01328237 0.0009614366 -6.933321 -2.017269 0.5222432 0.4530585 0.6361104 18.66029 3.512081 0 0.0
-0.03169589 0.02872177 2.601309 0.6623588 1.435887 1.341322 0.6408985 19.94877 2.997427 0 0.0
-0.01446582 0.01366044 -1.322078 -3.995718 0.8466847 0.7962622 0.7023051 19.34401 3.48641 0 0.0
-0.01435046 -0.01274106 -3.776267 -5.985583 0.4983718 0.4338203 0.6331756 18.18471 3.79731 1 0.0
-0.01660292 -0.004083864 -1.63692 -5.381742 1.303217 1.240889 0.7726328 19.57168 nan 0 0.0
-0.01534018 0.02939788 0.4436978 0.2071496 1.603438 1.547092 0.7816377 19.71902 2.31275 0 0.0
-0.01573434 0.02983843 5.496412 1.533828 1.209802 1.143695 0.6142685 19.26148 2.942648 0 0.0
-0.03686296 -0.01850166 -0.6083808 -3.492043 1.797174 1.723507 0.7477774 20.3089 2.409485 0 0.0
-0.01534022 0.02983848 1.743819 -0.4239189 1.987394 1.892257 0.7040179 20.27361 nan 0 0.0
-0.005796773 0.02630108 -4.097513 -0.6436544 2.037803 1.990805 0.4627613 20.33231 nan 0 0.0
-0.003797487 0.004940758 -6.778098 -4.540378 0.9520903 0.8978229 0.6952993 19.38223 3.384611 0 0.0
-0.007653062 -0.003203782 -5.293877 -1.494411 0.2873991 0.2440913 0.3181259 17.74566 3.58107 0 0.0
-0.007429878 0.03312168 -5.552052 -2.035087 0.5781398 0.5087523 0.4769489 19.07401 3.315613 0 0.0
-0.00821859 0.04071098 0.8863916 -0.1580047 1.089421 1.039266 0.6414843 19.77582 3.631971 0 0.0
-0.01303353 0.04786888 -0.08428381 -1.889183 0.4147015 0.3574978 0.6357298 18.16945 2.831924 1 0.0
-0.04396119 0.00202885 -6.86127 -5.146463 1.863448 1.754351 0.5548789 20.28766 2.522427 0 0.0
-0.007964079 0.02130944 -5.013869 -3.429044 0.5786567 0.5085842 0.5199005 19.02329 3.439753 0 0.0
-0.04668498 -0.01650576 -3.255768 -4.69656 1.688367 1.594138 0.685884 20.08001 2.430128 0 0.0
0.03372512 0.01998563 -2.41402 -4.077576 0.8180528 0.7609077 0.6653858 19.2827 2.639311 0 0.0
-0.008609919 -0.004111737 -6.128849 -2.489829 0.2490605 0.2124858 0.3345795 17.69479 3.83836 1 0.9996129
-0.04191195 0.01961143 2.315861 3.0404 1.053209 0.9924418 0.6776739 19.49097 2.138927 0 0.0
-0.009371247 0.01677368 -5.804113 -3.020691 0.636165 0.5584953 0.5868218 19.08937 3.263393 0 0.0
-0.03925296 -0.02551946 -4.108739 -6.708719 1.665651 1.56345 0.8452044 19.78993 nan 0 0.0
-0.00942681 0.006111598 -7.047624 -2.259505 0.7380283 0.6139956 0.345978 18.87996 3.324942 0 0.0
0.02553696 0.03759795 -2.286739 -5.192277 1.519469 1.438239 0.6919896 20.07303 2.032297 0 0.0
-0.03888709 -0.0256853 0.3716025 -0.6057878 1.518168 1.43974 0.7945764 19.72474 2.797207 0 0.0
-0.009089999 0.02036142 -1.622546 -2.874517 0.4651992 0.4090687 0.5774704 18.49899 3.440023 1 0.0
0.03803339 0.0251229 -1.075573 -0.8797178 1.60491 1.500861 0.7291367 19.8369 2.180439 0 0.0
-0.03363278 0.006191709 -0.8622033 -6.092835 2.13239 1.998195 0.7225458 20.34529 2.037323 0 0.0
0.02596002 0.04165099 -1.514872 -3.057151 1.414633 1.361852 0.7498556 19.89567 2.234015 0 0.0
0.02832175 0.02625441 0.784247 -2.422255 1.267754 1.17516 0.6622153 19.68082 2.840261 0 0.0
-0.01018863 0.0311989 -4.266615 -5.448915 0.708772 0.6161147 0.6052129 18.92192 3.596394 0 0.0
-0.009538625 -0.004935773 -6.085675 -2.212524 0.5519212 0.4843137 0.6049966 18.5805 3.634266 0 0.0
-0.03925827 -0.007044883 0.3408845 -0.7408033 0.5770814 0.4986696 0.6193274 18.92207 2.745916 0 0.0
-0.009456824 0.03314445 -2.271222 -6.428878 1.169644 1.101004 0.6805371 19.58722 3.079437 0 0.0
-0.03394039 -0.00184212 -2.361997 -4.987434 0.757938 0.6707295 0.6623077 19.07416 3.182934 0 0.0
-0.009710418 0.03632207 -5.778035 -5.376712 1.523574 1.42886 0.6088116 20.17981 2.622269 0 0.0
0.009516844 0.02180907 -9.7839 -6.187494 3.070392 2.915078 0.7979335 20.64321 2.809725 0 0.0
0.001690973 0.0007617998 -7.530865 -2.99024 0.4867705 0.4223242 0.6086319 18.36534 3.387684 0 0.0
-0.005458196 0.007017805 -8.421447 -4.514953 0.9484331 0.897055 0.7530509 19.24216 3.604757 0 0.0
-0.03481298 -0.001462777 1.090032 -2.170169 0.5783333 0.505585 0.63478 18.86594 2.699577 1 0.0
-0.04182044 -0.003467457 -3.306309 -4.45873 0.4844186 0.4135465 0.5921017 18.35786 4.356318 1 0.0
-0.03906529 0.007052386 -0.3095401 -3.315992 1.73358 1.570552 0.6400401 20.25225 2.525654 0 0.0
-0.01551067 0.0434493 -1.185203 -2.810299 2.105412 1.944757 0.6347314 20.37709 2.33803 0 0.0
-0.0005326266 0.03070909 -4.739802 -5.266797 0.7643737 0.6668687 0.3204558 19.0914 3.594576 0 0.0
-0.003431359 -0.004094342 -6.925355 -2.619399 1.055621 0.987235 0.6206121 19.39812 nan 0 0.0
-0.0435122 0.006223254 -4.961567 -11.23908 1.306325 1.226384 0.6819086 19.84039 3.008493 0 0.0
-0.00295291 -0.003865449 -4.253386 -2.433326 1.861041 1.730384 0.2389329 20.14428 nan 0 0.0
-0.009903213 -0.02267605 0.8880028 -3.460161 1.099415 1.035896 0.7288113 19.72248 2.557192 0 0.0
-0.04376832 0.01500461 -0.3639452 -2.999614 0.539249 0.4688034 0.6050007 18.47485 3.568888 1 0.0
-0.01336703 0.003255969 -2.559072 -6.890615 1.020712 0.9740517 0.7333078 19.48243 2.703169 0 0.0
0.00512438 -0.007918629 -6.692506 -2.727263 0.8163977 0.7635919 0.5982744 19.14714 3.457788 0 0.0
-0.04412735 -0.006373074 2.163663 -6.225613 0.5492908 0.4822232 0.5032337 18.84986 3.15835 0 0.0
-0.02473763 0.001432866 -5.994497 -2.218977 0.2180087 0.184091 0.2303172 16.44364 4.50833 1 0.9912937
0.02829403 0.02834105 -3.631029 -2.600362 1.920165 1.791987 0.702433 20.2671 3.151627 0 0.0
-0.04450222 0.02129099 -5.218149 -6.778264 0.5023768 0.4349638 0.6226664 18.54743 3.415344 1 0.0
-0.01477466 0.006305674 -4.765058 -2.619578 1.260431 1.184739 0.6678628 19.64363 2.781466 0 0.0
-0.04472011 -0.001078467 -0.5397802 -0.1760607 0.9059071 0.8509888 0.6539068 19.39272 2.230057 0 0.0
-0.04509036 0.01217558 0.1993312 -7.852231 1.184416 1.015916 0.4717665 18.83235 3.38485 0 0.0
-0.0003636394 0.001326385 -3.640356 -2.650571 1.020786 0.899486 0.6571536 18.86914 3.920012 0 0.0
-0.01097222 -0.02683224 -6.813508 -2.755654 0.5553624 0.4833432 0.6158721 18.7085 3.584433 1 0.9942644
-0.02217108 -0.03127772 -1.327571 -4.548022 0.5483022 0.4728894 0.4963882 18.92548 2.931877 0 0.0
-0.01080351 -0.02514995 -4.495975 -6.018639 1.149746 1.08033 0.679629 19.62776 2.629026 0 0.0
-0.01736167 -0.01308092 -3.173048 3.206244 0.9115523 0.802432 0.278006 19.1856 nan 0 0.0
-0.03328442 -0.03730338 -1.196652 -6.296479 0.2912122 0.2470571 0.271219 17.76439 3.935757 1 0.0
-0.03419953 0.02149995 -2.185708 -6.21534 1.278536 1.236832 0.7821621 19.4504 2.871616 0 0.0
-0.03407272 -0.03550876 -4.346347 -4.609597 1.632921 1.562519 0.9266987 19.2289 3.069799 0 0.0
-0.0148271 -0.02916911 1.520269 -7.649197 1.364678 1.281153 0.6696624 19.93428 2.599995 0 0.0
0.02787233 0.03111442 0.06711813 -5.989691 1.314834 1.232108 0.6335025 19.04039 2.600784 0 0.0
-0.03501257 0.008583178 -3.888008 -8.275013 0.5296004 0.4627501 0.5351077 18.53262 3.525469 0 0.0
0.008363854 0.04058127 0.8644362 -4.804781 1.822264 1.716748 0.8582593 19.9767 2.648165 0 0.0
-0.01832335 0.02299073 -4.122676 -5.229644 2.566942 2.386677 0.8226029 20.23093 2.982676 0 0.0
-0.004529009 -0.00348593 -7.014496 -2.257981 0.7597361 0.6629415 0.5233073 18.99713 2.602173 0 0.0
-0.01097389 -0.005994459 -1.912656 -6.417636 0.2264442 0.1913036 0.2409044 16.63371 4.547695 1 0.0
-0.03500804 -0.009076962 -6.752314 -3.002244 0.506384 0.4305607 0.6133459 18.37891 3.626335 1 0.9920795
0.002310868 0.04207496 -3.08697 -3.202041 1.892124 1.786664 0.7063325 20.17289 2.645861 0 0.0
-0.02729362 -0.02484898 -4.227113 -4.493104 1.718825 1.620223 0.6506943 20.20289 2.816816 0 0.0
-0.03394709 0.02515068 -2.434331 -3.484154 1.08586 1.020635 0.6908286 19.5337 3.151014 0 0.0
-0.02558803 0.03367453 2.482644 0.6011026 2.082274 1.973022 0.838744 20.0257 nan 0 0.0
-0.03580507 0.02534475 0.296953 -4.086258 0.9944119 0.9389713 0.6754011 19.4494 2.703922 0 0.0
-0.03689821 0.007838816 -2.136587 -5.496791 0.716443 0.6318031 0.5827157 19.18647 2.701029 0 0.0
-0.04392868 -0.01154383 -2.974512 -2.969527 0.6173343 0.53898 0.5619853 18.70876 3.404743 0 0.0
-0.03384896 -0.03007849 -2.965102 -10.12801 1.70017 1.611935 0.7543122 19.92444 2.859297 0 0.0
-0.03726016 -0.006678113 1.297664 -1.276773 0.6260888 0.5339161 0.5866013 18.78224 3.470493 1 0.0
-0.03715372 0.01588967 -3.458534 -5.885255 0.5090991 0.444447 0.6414585 18.57414 3.390913 1 0.0
-0.00920085 -0.005599507 -10.55549 -8.136292 2.468219 2.389035 0.9343827 19.67821 nan 0 0.0
-0.03773183 -0.03120293 -6.209061 -5.705419 0.5525477 0.483502 0.6246057 18.7286 3.103676 1 0.0
-0.003768571 -0.02295994 -4.489509 -2.033541 0.8078464 0.7526804 0.6230456 19.1728 3.590405 0 0.0
-0.038252 0.01764794 -4.993612 -2.990884 0.4979908 0.4324534 0.6424813 18.50146 3.306519 1 0.06140187
-0.006020842 0.0004984636 -2.755275 -2.141823 0.9587709 0.8174749 0.4695071 18.48617 3.524864 0 0.0
-0.03838788 0.0003024711 -2.715645 -7.544306 0.6261198 0.5386797 0.5340781 19.0912 3.867292 1 0.0
-0.02904648 0.01361425 -6.615151 -2.925667 0.8584881 0.8103159 0.7237212 19.38333 2.268538 0 0.0
-0.03334451 -0.02168794 -2.118956 0.3955356 1.088404 1.046989 0.6611269 19.50768 2.792391 0 0.0
-0.003065675 0.004473476 0.6829073 -1.04989 0.7626886 0.7190856 0.7110389 19.25282 3.51161 0 0.0
-0.01686 0.02665684 -0.1780803 -0.1695539 0.7359045 0.6495621 0.4685951 19.12108 2.576334 0 0.0
0.03155882 0.02517795 -7.048653 -7.768466 1.412106 1.308738 0.6513689 19.76986 3.011936 0 0.0
0.0001148329 0.0006626281 -5.678977 -2.755021 0.4690915 0.4147787 0.6265609 18.39797 3.437925 0 0.0
0.004026786 -0.007752653 -6.314778 -2.625251 0.2962432 0.2418032 0.08491623 16.80138 4.74431 1 0.9996219
0.02561932 0.02641134 -1.886236 -4.549861 1.117632 1.043901 0.6516383 19.61555 2.344397 0 0.0
-0.02951575 -0.02916768 -4.236595 -1.374823 0.7369843 0.6559502 0.6418796 19.10373 3.401827 0 0.0
-0.02952405 0.009231065 -6.536499 -2.967588 0.424431 0.3665553 0.6048749 18.13765 3.38176 1 0.9960801
-0.02513489 0.01895561 -3.311636 -3.592012 0.8458055 0.793911 0.643696 19.29929 2.726742 0 0.0
0.03215215 0.03440938 -0.3820698 -6.394037 1.182114 1.110396 0.6899827 19.84384 1.675566 0 0.0
-0.007429009 0.01710759 -5.128909 -2.987485 0.6094357 0.532034 0.4889245 18.92762 nan 0 0.0
-0.04533934 -0.0009318051 2.145569 0.2889867 0.4816457 0.4130892 0.6172313 18.59518 3.185087 0 0.0
-0.02991945 0.01538218 -3.824694 -7.178239 0.2513327 0.2131099 0.3091309 16.69198 4.550876 1 0.0
-0.03012111 0.0363706 -5.701058 -4.738398 0.5396314 0.464715 0.5796343 18.48909 3.78779 1 3.065378e-06
0.015234 0.04672997 -7.640958 -3.857707 1.819239 1.709385 0.7246591 20.11677 nan 0 0.0
-0.03036283 -0.01613686 -0.7366389 -8.149322 0.5157319 0.4397657 0.359847 19.05824 3.19915 0 0.0
-0.02986721 0.03394069 -3.313035 -6.741139 0.995926 0.9361697 0.6779135 19.33711 nan 0 0.0
-0.02327042 -0.01999022 -9.132434 -5.871239 1.723552 1.641662 0.7150099 20.07251 nan 0 0.0
-0.03087442 0.006165657 -5.944078 -2.89504 0.306464 0.2633125 0.4062031 18.07839 3.459955 1 0.9926255
-0.02054381 0.0004951451 -3.878776 -4.16507 1.730034 1.64352 0.7593282 20.23618 2.745052 0 0.0
0.003351682 0.006232045 -5.339291 -2.444113 0.2532366 0.2139812 0.1670921 16.91366 4.364868 1 0.949961
-0.0306435 -0.01943854 -1.518779 -3.67519 0.4916125 0.4158065 0.5816626 18.20448 3.892616 1 0.0
-0.03195049 0.03402796 -2.604755 -6.050516 0.3491961 0.294882 0.3113453 17.07798 5.514682 0 0.0
-0.03104537 0.015298 -3.986355 -9.264897 0.3308955 0.2831162 0.401401 17.98615 3.758848 1 0.0
0.02446363 0.01792957 -1.099036 -1.999505 0.2806316 0.2633538 0.5043835 17.90147 3.19264 1 0.0
-0.03087905 0.02667156 -4.530489 -1.436919 0.4492803 0.3850155 0.5442378 18.1406 3.512959 1 0.05347018
-0.0397307 -0.02771496 1.484103 -6.071368 1.424714 1.357317 0.7544763 19.63746 2.477985 0 0.0
-0.04531197 0.001404706 -2.876679 -7.060386 1.969509 1.846943 0.7000852 20.3739 nan 0 0.0
-0.04134701 0.01314379 -3.072365 -5.124497 1.965351 1.856632 0.8173275 19.97761 nan 0 0.0
-0.03118463 0.008784376 -6.603763 -2.339538 0.5716288 0.4960991 0.625 18.7001 3.108278 0 0.0
-0.004135741 0.02146983 1.49426 -6.577435 0.4367333 0.3442191 0.2821706 17.28622 nan 0 0.0
-0.03973078 -0.02741741 -4.523936 -1.000622 1.440179 1.336465 0.748878 19.95494 nan 0 0.0
0.004758532 -0.007390281 -5.517916 -0.9420058 0.8948705 0.8378334 0.5787852 19.14905 4.027191 0 0.0
-0.0004481815 0.03359872 -5.085682 -6.543521 1.13341 1.067988 0.6929964 19.67599 3.360079 0 0.0
-0.03222391 -0.0003654162 0.8554808 0.1090755 0.447351 0.3880504 0.6365906 18.22454 3.636744 1 0.0
-0.02948843 -0.02539875 -2.319418 -8.853685 1.728604 1.626508 0.6501356 20.2122 3.271811 0 0.0
-0.03227313 -0.03029363 -3.845648 -6.779388 0.3345684 0.2874104 0.2955085 17.73765 4.503019 1 0.0
0.0001429771 -0.000470337 -6.141212 -1.971443 0.4586383 0.4281438 0.6131976 18.16627 3.752106 0 0.0
-0.01061104 0.03295935 -2.370395 -3.663692 1.920236 1.840191 0.7791448 20.29456 2.352449 0 0.0
-0.04189932 -0.02157394 -2.324552 -6.327946 1.455966 1.363005 0.6577036 20.04325 1.94779 0 0.0
-0.03317524 -0.0234274 -5.70859 -4.673772 0.7590922 0.6582428 0.6438092 18.6061 3.211542 0 0.0
-0.0003354868 -0.001601395 -6.684054 -2.464837 0.5565058 0.4819573 0.6072359 18.36428 3.661938 0 0.0
0.01841477 0.04136039 -2.248568 -0.3983803 0.4204293 0.3550893 0.560838 18.21765 3.538929 1 0.0
-0.0257013 0.03721073 -1.436907 -4.267068 0.5367201 0.4718051 0.5463587 18.80256 2.483086 0 0.0
-0.02544675 0.03088029 -1.480679 -0.235311 1.314259 1.254056 0.7992283 19.61149 2.466452 0 0.0
0.02885415 0.01455843 -1.822956 -10.99496 2.414895 2.269117 0.6046368 20.37126 2.757771 0 0.0
-0.0216444 0.01893331 -4.829239 0.3756059 1.862379 1.734598 0.6574284 20.3076 2.209414 0 0.0
0.01607698 0.03249914 -2.15653 -2.92147 1.959409 1.863787 0.7412298 20.13107 nan 0 0.0
-0.02657296 0.03164874 -1.15718 -1.279087 0.4970058 0.4217734 0.5915188 18.32773 3.508432 1 0.0
-0.0284502 -0.01123647 2.303554 3.748753 0.5868178 0.505471 0.6078236 18.81975 2.125898 0 0.0
0.0231416 0.02362705 -2.589058 -4.042252 0.3823861 0.3305435 0.6003762 18.12976 3.372803 1 0.0
0.03141909 0.02964499 -2.745059 -0.3829338 0.918211 0.858074 0.646386 19.4231 2.294237 0 0.0
-0.02639206 -0.03040681 0.1433837 -1.039232 0.9005266 0.8676232 0.7956892 19.24659 3.704895 1 0.0
-0.026564 -0.01446141 -2.337089 -6.783879 0.6328603 0.535142 0.5203517 18.91614 3.173038 0 0.0
-0.04936691 0.006904096 0.5881141 -4.386982 0.3104782 0.2600759 0.2488036 16.92992 4.074604 0 0.0
-0.03537158 -0.01806258 -3.113462 -3.659474 0.3097187 0.2620557 0.2252714 16.74113 5.462979 0 0.0
-0.02659067 -0.0220088 -1.312979 -4.008047 0.6526445 0.5547735 0.4763836 19.04575 3.857523 1 0.0
-0.006641046 0.0212542 -1.875028 -5.125354 0.6137473 0.5311854 0.5834291 18.46601 3.527151 0 0.0
-0.02718836 0.01184843 -6.040958 -4.533464 0.4436058 0.383694 0.606876 18.15452 3.338573 0 0.0
-0.01733708 0.01490942 -7.359179 -3.61846 0.6782729 0.58397 0.4380038 18.95342 3.204077 0 0.0
-0.006049301 0.007595707 -1.528394 -5.068834 2.054981 1.948439 0.5625982 19.96466 nan 0 0.0
-0.02712506 -0.02344323 2.276717 -8.515532 0.5995686 0.5140669 0.5717545 18.62915 4.077875 0 0.0
-0.02720669 -0.03746416 -1.524218 -0.5754757 1.293209 1.219959 0.7017009 19.88103 2.741598 0 0.0
-0.02738787 0.02422899 0.9285283 -5.075544 0.2980221 0.2467173 0.1844819 17.60349 4.075129 1 0.0
-0.02710831 0.03400039 -1.423512 -1.719369 0.9172346 0.8597521 0.6944889 19.48522 3.221972 0 0.0
-0.01663345 0.01555038 -4.522932 -3.775785 0.8932011 0.8419854 0.7109363 19.43279 2.909565 0 0.0
-0.02743476 -0.02264793 -5.056901 -6.519928 0.84064 0.7926714 0.6504676 19.24289 3.2689 0 0.0
-0.02741051 -0.003261629 -5.335242 -2.482779 0.510175 0.445336 0.6231576 18.79329 3.517962 1 0.9635066
-0.0277408 -0.03989614 -2.139098 -3.932656 0.9787443 0.9170858 0.6552753 19.33557 4.248301 0 0.0
-0.03180746 0.02428525 1.301008 0.8350934 2.690178 2.407516 0.7508261 20.23094 2.671818 0 0.0
-0.005711271 0.00115842 -5.412954 -3.132521 0.6802236 0.5868262 0.4860185 18.72606 3.135952 0 0.0
-0.02796881 -0.02569025 -1.391479 -2.661845 0.6056647 0.5326445 0.4889184 18.96525 3.500359 1 0.0
-0.02766688 0.01189602 -0.0670143 -1.239412 0.5942141 0.450817 0.2261968 18.86199 nan 0 0.0
