data/gcs/Whiting_1.ecsv
# %ECSV 0.9
# ---
# datatype:
# - {name: x, unit: deg, datatype: float64}
# - {name: y, unit: deg, datatype: float64}
# - {name: pmx, unit: mas / yr, datatype: float64}
# - {name: pmy, unit: mas / yr, datatype: float64}
# - {name: pmx_e, unit: mas / yr, datatype: float64}
# - {name: pmy_e, unit: mas / yr, datatype: float64}
# - {name: pm_corr, datatype: float64}
# - {name: g_mag, unit: mag, datatype: float64}
# - {name: bp_rp, unit: mag, datatype: float64}
# - {name: filter, datatype: int64}
# - {name: memberprob, datatype: float64}
# meta: !!omap
# - comments: [deg deg mas/yr mas/yr mas/yr mas/yr dimless mag   mag   zeroone float]
# - __serialized_columns__:
#     bp_rp:
#       __class__: astropy.units.quantity.Quantity
#       unit: &id001 !astropy.units.Unit {unit: mag}
#       value: !astropy.table.SerializedColumn {name: bp_rp}
#     g_mag:
#       __class__: astropy.units.quantity.Quantity
#       unit: *id001
#       value: !astropy.table.SerializedColumn {name: g_mag}
#     pmx:
#       __class__: astropy.units.quantity.Quantity
#       unit: !astropy.units.Unit {unit: mas / yr}
#       value: !astropy.table.SerializedColumn {name: pmx}
#     pmx_e:
#       __class__: astropy.units.quantity.Quantity
#       unit: !astropy.units.Unit {unit: mas / yr}
#       value: !astropy.table.SerializedColumn {name: pmx_e}
#     pmy:
#       __class__: astropy.units.quantity.Quantity
#       unit: !astropy.units.Unit {unit: mas / yr}
#       value: !astropy.table.SerializedColumn {name: pmy}
#     pmy_e:
#       __class__: astropy.units.quantity.Quantity
#       unit: !astropy.units.Unit {unit: mas / yr}
#       value: !astropy.table.SerializedColumn {name: pmy_e}
#     x:
#       __class__: astropy.units.quantity.Quantity
#       unit: &id002 !astropy.units.Unit {unit: deg}
#       value: !astropy.table.SerializedColumn {name: x}
#     y:
#       __class__: astropy.units.quantity.Quantity
#       unit: *id002
#       value: !astropy.table.SerializedColumn {name: y}
# schema: astropy-2.0
x y pmx pmy pmx_e pmy_e pm_corr g_mag bp_rp filter memberprob
-0.00340943 0.00425806 1.048952 0.5612067 1.473745 1.06489 -0.08183927 20.26695 1.250839 1 0.9953455
0.003503113 0.002167128 -6.423039 -3.694109 3.565691 3.930056 0.02188264 20.95284 0.7383614 0 0.0
-0.002975245 0.001356984 0.5670036 0.01803796 1.769778 1.651908 0.09637358 20.40182 0.568121 0 0.0
0.002602381 -0.0009687885 0.3345936 1.218924 2.126181 2.354805 0.3533167 20.56126 1.596663 0 0.0
-0.0123823 -0.005233931 2.282183 -2.511036 2.130689 2.036919 0.06648827 20.63724 1.561508 0 0.0
0.02001722 0.01160402 -3.507036 -2.30791 2.392633 2.029814 -0.04365367 20.54909 0.6124268 0 0.0
0.01056234 0.007783029 4.40259 -1.048461 1.529847 1.144024 -0.04305571 20.26023 2.497215 1 0.5316128
0.0006200327 0.0007196951 1.745593 0.4713367 0.9988867 0.7016643 -0.09530943 19.6281 0.7985344 0 0.0
-0.005193735 0.002441541 1.797876 -3.209124 2.303263 2.077011 0.2642585 20.69003 0.7324448 0 0.0
-0.002584863 -0.0003598674 0.6840683 -1.793591 0.7039994 0.475638 -0.07930442 19.21511 nan 0 0.0
0.01098531 0.02833065 21.97033 5.149414 1.193558 0.7793455 -0.135549 19.9196 3.064529 1 0.0
0.02168943 0.0226492 1.445987 -6.928221 0.2407405 0.1865473 0.04286876 17.46881 1.567978 0 0.0
0.003091895 0.03680148 -0.08593594 -3.240558 2.907453 2.699334 -0.1550304 20.537 0.5841427 1 0.400987
-0.01896998 0.03880211 4.274992 -6.309955 0.8376863 0.5835182 -0.1015369 19.47975 0.679472 1 0.0
-0.02667473 0.02958182 3.896794 -0.250631 0.3004492 0.1822142 -0.2339489 17.60697 0.8990498 1 0.0
0.002383391 -0.0004294851 -0.1813444 -5.237794 3.441016 2.784123 -0.3379235 20.72548 0.874094 0 0.0
-4.07516e-05 0.002395301 2.320747 -2.679615 2.092233 2.122889 -0.05661485 20.59709 0.566555 0 0.0
-0.0006863014 0.0004998731 -4.202988 -0.9790626 2.251411 2.301937 0.1756182 20.74647 0.3315811 0 0.0
-0.004034006 -0.00302873 -2.351756 0.5960385 1.923412 1.910995 0.1310969 20.53444 1.095329 0 0.0
-0.002914297 -0.002338742 -3.563461 -5.98646 2.14037 2.332643 0.3771748 20.54014 0.7712421 0 0.0
-0.0004292246 0.001918702 -2.654865 2.127344 2.046497 2.150277 0.2285321 20.51199 0.7758369 0 0.0
-0.005641225 -0.0003262628 0.210599 4.233366 2.617071 2.820251 0.4079852 20.74643 0.9616871 0 0.0
0.02437604 0.006704422 -2.039848 -1.214672 2.610525 2.243401 -0.2252781 20.56119 0.6633167 0 0.0
0.003032769 0.006385708 0.5104403 -2.514492 0.4954425 0.3499704 -0.08521564 18.75363 1.151363 1 0.9969143
0.01197713 -0.0007065958 3.193028 0.5912935 2.150623 2.12561 -0.01418638 20.59662 1.138096 0 0.0
0.01597997 0.002839348 0.7897017 0.3886855 2.15117 1.599952 -0.2301221 20.55212 1.033237 0 0.0
0.03420019 0.004608437 -1.460436 -4.171106 2.53916 2.229943 -0.2054104 20.52663 1.892426 0 0.0
0.001604549 0.003705171 -0.8753245 -1.745603 0.2632358 0.1886296 -0.08693632 17.62287 1.077246 1 0.99983
-0.002708644 0.0005773558 -0.7387761 -2.005729 0.2955698 0.2020095 -0.1177308 17.85834 1.155638 1 0.9998829
-0.00057966 -0.002755494 0.3608432 -2.079436 0.6131338 0.4095807 -0.1150896 18.90117 1.04311 1 0.9998088
0.002493835 -0.001938198 -0.409579 -1.179156 0.6466922 0.3668504 -0.2544801 18.75088 1.23774 1 0.9998579
0.009023273 -0.03646482 1.133649 -1.86456 1.841183 2.028233 0.03845116 20.48361 1.717199 0 0.0
-0.01722476 -0.01029253 0.3590531 -1.61389 0.3420762 0.2471278 -0.2057933 17.84944 1.11969 0 0.0
0.02819998 0.01142763 -0.4019737 -1.838649 1.237751 0.811072 -0.1146857 19.87789 1.108551 0 0.0
0.007995224 -0.008605602 -1.074454 -2.086341 0.4160166 0.3116983 0.04047109 18.20373 1.268719 0 0.0
-0.03418614 -0.00539346 2.194918 -0.304973 1.447104 1.203784 -0.1241165 20.22252 1.187061 0 0.0
0.0125387 -0.01597874 4.202977 -0.1774394 0.7828146 0.5435497 -0.08096267 19.31785 1.457952 0 0.0
-0.01066077 -0.01219478 0.6674755 -1.135555 1.107327 0.8171384 -0.1972871 19.77061 0.9388237 0 0.0
-0.001110952 -0.002150865 -1.088857 -2.540654 2.061259 1.765025 -0.1752869 20.49471 0.8842354 0 0.0
-0.00556119 -0.01030313 -0.5168711 0.1340385 2.031446 2.114928 -0.03810344 20.60619 0.8324432 0 0.0
0.02952694 9.102994e-05 3.551189 -1.801878 1.637712 1.632234 0.1363242 20.27094 0.1528683 0 0.0
0.001042769 -0.01192388 -0.5966602 -2.467276 1.241302 1.30886 0.1672019 20.06343 1.487272 0 0.0
0.001621673 -0.005326363 -2.303745 0.07356709 1.873466 1.889242 0.1313586 20.53659 0.9944477 0 0.0
-0.0153168 -0.003532378 2.10212 0.5864946 2.403419 2.333167 -0.1115147 20.64972 1.023537 0 0.0
0.01260546 -0.00657623 -0.01387362 -1.777086 0.145576 0.1045027 -0.08037675 16.42815 1.484897 1 0.9998414
0.01806696 -0.00272037 -1.849285 -1.019698 1.355555 0.9624621 -0.213424 19.93269 1.027256 0 0.0
0.01927553 -0.03598741 -0.2713722 -1.658689 0.2984352 0.2219488 -0.02556335 17.8862 1.131496 1 0.9880108
-0.03981905 -0.00298993 5.360246 -4.248676 0.6680873 0.5298576 -0.09640623 19.05938 0.6381531 1 0.0
0.04158619 -0.01272392 2.354743 -2.029494 1.305768 0.8692061 -0.09875833 20.10244 2.430838 1 0.2333006
0.009236977 0.01052319 0.5686841 -1.718397 0.5527379 0.3786218 -0.09801706 18.90593 1.10466 1 0.9973039
-0.006549622 0.008571513 -0.4260907 -1.677916 0.2826355 0.2175277 -0.05298167 17.85574 1.184967 1 0.9998662
-0.008074805 -0.01080287 10.48079 9.145443 1.726074 1.252296 -0.1323635 20.36651 2.564791 0 0.0
