scripts/get_globular_clusters/output/1636-283_ESO452.csv
# %ECSV 0.9
# ---
# datatype:
# - {name: x, unit: deg, datatype: float64}
# - {name: y, unit: deg, datatype: float64}
# - {name: pmx, unit: mas / yr, datatype: float64}
# - {name: pmy, unit: mas / yr, datatype: float64}
# - {name: pmx_e, unit: mas / yr, datatype: float64}
# - {name: pmy_e, unit: mas / yr, datatype: float64}
# - {name: pm_corr, datatype: float64}
# - {name: g_mag, unit: mag, datatype: float64}
# - {name: bp_rp, unit: mag, datatype: float64}
# - {name: filter, datatype: int64}
# - {name: memberprob, datatype: float64}
# meta: !!omap
# - comments: [deg deg mas/yr mas/yr mas/yr mas/yr dimless mag   mag   zeroone float]
# - __serialized_columns__:
#     bp_rp:
#       __class__: astropy.units.quantity.Quantity
#       unit: &id001 !astropy.units.Unit {unit: mag}
#       value: !astropy.table.SerializedColumn {name: bp_rp}
#     g_mag:
#       __class__: astropy.units.quantity.Quantity
#       unit: *id001
#       value: !astropy.table.SerializedColumn {name: g_mag}
#     pm_corr:
#       __class__: astropy.units.quantity.Quantity
#       unit: !astropy.units.Unit {unit: ''}
#       value: !astropy.table.SerializedColumn {name: pm_corr}
#     pmx:
#       __class__: astropy.units.quantity.Quantity
#       unit: !astropy.units.Unit {unit: mas / yr}
#       value: !astropy.table.SerializedColumn {name: pmx}
#     pmx_e:
#       __class__: astropy.units.quantity.Quantity
#       unit: !astropy.units.Unit {unit: mas / yr}
#       value: !astropy.table.SerializedColumn {name: pmx_e}
#     pmy:
#       __class__: astropy.units.quantity.Quantity
#       unit: !astropy.units.Unit {unit: mas / yr}
#       value: !astropy.table.SerializedColumn {name: pmy}
#     pmy_e:
#       __class__: astropy.units.quantity.Quantity
#       unit: !astropy.units.Unit {unit: mas / yr}
#       value: !astropy.table.SerializedColumn {name: pmy_e}
#     x:
#       __class__: astropy.units.quantity.Quantity
#       unit: &id002 !astropy.units.Unit {unit: deg}
#       value: !astropy.table.SerializedColumn {name: x}
#     y:
#       __class__: astropy.units.quantity.Quantity
#       unit: *id002
#       value: !astropy.table.SerializedColumn {name: y}
# schema: astropy-2.0
x y pmx pmy pmx_e pmy_e pm_corr g_mag bp_rp filter memberprob
[from data line 493]
-0.02681409 -0.007309255 -2.658641 -7.197196 0.601085 0.4448598 -0.004484795 18.99477 1.563667 1 0.3220539
-0.01748817 0.005784736 -2.187504 -5.048164 2.106955 1.56024 -0.3055492 20.41208 -0.09579277 0 0.0
0.007387068 0.03092668 -1.549796 -2.598624 0.5510297 0.3970781 -0.3376332 18.45138 1.46472 1 0.0
-0.009260453 0.01500971 -5.325196 -2.136514 1.47312 1.104507 0.05804864 20.31295 1.315151 0 0.0
-0.01673693 0.008808005 -1.556539 -3.936595 1.093373 0.8024452 0.07432377 19.9284 1.628254 0 0.0
-0.01864217 0.003510979 -8.946448 -5.091368 2.463119 1.865636 -0.3357427 20.44909 0.9155273 0 0.0
-0.007891602 0.02107328 -6.260212 -5.130605 1.260982 0.9158697 0.06841753 20.11756 1.158268 0 0.0
-0.01828144 0.01329383 -0.889086 -5.546429 0.9903531 0.7186425 0.1191814 19.60691 1.577181 1 0.6442446
-0.004790389 0.02172197 -4.252459 -0.1564037 0.7392629 0.5313996 0.1070287 19.28202 1.356571 1 0.0
-0.01752934 0.01128171 -4.608451 -4.19729 1.01204 0.7445915 0.1027809 19.62236 1.468199 0 0.0
-0.01463003 0.0133192 -3.002327 1.447264 0.8266494 0.6074068 0.105268 19.39186 1.612406 1 0.0
-0.003380807 0.02432746 -1.212238 -6.712268 0.7975822 0.5688558 0.05273214 19.30203 1.395126 0 0.0
-0.01301684 -0.005218115 -1.260836 -6.061231 0.2755171 0.2046349 -0.09517753 17.70971 1.673475 1 0.9579266
0.0005932136 0.02650952 -2.01853 -10.30997 0.8138743 0.6074313 0.1192349 19.44165 1.303345 0 0.0
-0.003998331 0.02276723 -9.539645 -11.19784 1.051252 0.762018 0.04634774 19.77174 1.277353 0 0.0
-0.03179625 0.001747366 -3.227835 -7.278786 0.9334961 0.6759251 0.08067064 19.67914 1.096153 0 0.0
-0.00560973 0.02916249 -7.955938 -4.230519 3.154864 2.814421 -0.5768837 20.63492 nan 0 0.0
-0.03150327 0.009552325 -2.11013 -0.4075436 0.7108118 0.5165148 0.05191448 19.10046 1.274731 0 0.0
-0.004374434 0.02733913 0.342775 -4.402317 1.960043 1.442238 -0.3487342 20.18925 0.7964211 0 0.0
-0.01998821 0.02328612 9.216402 -10.08115 3.857755 2.621313 0.1203916 20.8501 1.844746 0 0.0
-0.01858618 -0.009590589 -2.427285 -5.931412 0.63741 0.4817567 -0.01133347 19.15425 1.501389 0 0.0
-0.002776765 0.02869531 -0.2023308 -5.732527 2.280291 1.647141 -0.5012951 20.27306 0.7016602 0 0.0
-0.02875217 0.01243893 -2.765889 -7.942471 1.09551 0.8065997 0.04306441 19.9129 1.483051 0 0.0
-0.005985653 0.0289107 0.7668697 1.233812 1.4148 1.056029 0.1576634 20.12159 2.013536 0 0.0
-0.006509054 0.02526382 -4.380408 -2.82494 0.9089227 0.6729614 0.1307986 19.54311 1.52853 0 0.0
-0.03321857 0.0001447571 -6.616924 -7.598337 1.756555 1.309483 -0.3644473 20.23207 1.261099 0 0.0
-0.02334224 0.01255851 -1.993104 -8.385953 1.277428 0.9524757 0.01186304 20.05635 1.330667 0 0.0
-0.02252349 0.0131576 -5.817991 -3.425161 0.6625594 0.4854082 0.02613972 19.13444 1.446709 0 0.0
5.617617e-05 0.03002095 -4.515693 -4.686491 0.872298 0.6397204 0.06664839 19.58784 1.276897 0 0.0
-0.01154327 0.02097377 -4.375375 -13.59287 1.403674 1.056353 0.06044264 20.24452 1.23436 0 0.0
-0.03046881 0.006697326 -4.099718 -2.007768 1.03077 0.7662664 0.02566573 19.8637 1.269901 0 0.0
-0.0114496 0.02383861 -2.041098 -7.278775 0.8624926 0.6379065 0.09399194 19.57191 1.38302 0 0.0
-0.008697489 0.02557838 -3.253325 -5.808492 1.065148 0.7954095 0.1123968 19.90958 2.013597 0 0.0
0.002647531 0.0321972 -2.107937 -5.330565 2.027358 1.558743 -0.3488275 20.51313 1.429514 0 0.0
-0.01787984 0.01997534 -2.488621 -5.84462 1.16619 0.8518154 0.07448562 19.90454 1.005116 0 0.0
-0.01298068 0.02832452 -1.52181 -0.1633573 1.498887 1.103765 0.07895177 20.35054 1.184412 0 0.0
-0.0013667 0.00483631 -0.8272402 -6.285188 0.5868821 0.3388087 0.347828 17.96823 1.706858 0 0.0
-0.01160887 0.007010061 -0.7235341 -5.771409 1.252144 0.905451 0.1301519 19.98786 1.426275 0 0.0
-0.01541938 -0.005102089 -2.447854 -5.916132 1.200562 0.8883746 -0.01348784 19.75202 1.278711 0 0.0
-0.008226546 0.01219264 -9.628394 -7.863434 2.526438 2.017127 -0.4126338 20.41684 1.089655 0 0.0
-0.00280321 0.01328011 -3.645606 -4.044171 1.242765 0.9535638 0.04127094 20.16131 1.39942 0 0.0
-0.02069211 -0.01592719 -2.434897 -5.011367 0.6129029 0.4523059 0.02058372 19.04315 1.297602 0 0.0
0.005949877 0.02110965 -5.362206 -0.2989693 0.8025365 0.5914694 0.02241511 19.33992 1.642265 0 0.0
-0.007823258 0.004563279 -0.7282076 -7.100381 0.6259209 0.4927921 0.09026308 19.07683 1.521839 1 0.9377374
-0.004937203 0.003138664 -1.10444 -7.1725 0.5900761 0.444279 0.0201082 19.00117 1.236891 0 0.0
-0.00732637 0.001248343 -7.213416 0.07553034 0.212565 0.1581888 -0.06375022 17.27565 1.396955 1 0.0
-0.02828956 -0.01072189 -6.30499 -4.988253 0.9055776 0.6750316 0.03006444 19.69107 1.172672 0 0.0
-0.01805196 0.005870472 -0.03808919 -0.222275 1.392463 1.000147 -0.3869143 19.20016 2.158857 0 0.0
-0.02552937 0.008314155 -2.315443 -3.018196 0.674256 0.4033484 0.3422606 18.72439 1.630066 1 0.0
-0.007970572 2.759333e-05 -1.195164 -4.042956 1.614748 1.303346 -0.3529212 20.18896 0.9117413 0 0.0
-0.02118274 0.02157309 -3.770148 -4.848275 3.712264 1.829265 0.1234074 20.513 1.420385 0 0.0
-0.01123351 0.01175177 -1.29263 -3.88007 0.6698006 0.4737835 -0.03654501 18.916 1.457975 1 8.215801e-05
-0.02111017 -0.00579353 -7.1393 -3.052214 2.097998 1.56961 -0.347307 20.53029 0.9615822 0 0.0
-0.004293408 0.01574245 -1.824255 -4.318345 0.7584709 0.5596293 -0.3486165 19.04135 1.395548 0 0.0
-0.01064309 0.01414365 -10.73481 -11.92435 0.4013254 0.2843053 0.03394186 17.40121 1.805206 0 0.0
-0.0234168 -0.01454112 1.497926 4.813937 2.107024 1.627815 -0.3210065 20.54616 1.147913 0 0.0
0.008580742 0.01500595 -2.424972 -3.72647 0.3180212 0.234928 -0.00274994 18.02815 1.466404 1 0.0
-0.02355385 -0.001737115 -2.273084 -5.858731 0.4724853 0.3466794 0.02943094 18.68486 1.492395 1 0.5942448
-0.01319165 -0.002593625 -0.07659098 -2.48285 0.4326641 0.3208627 0.008828037 18.51463 1.385754 0 0.0
-0.01609082 -0.00285724 -8.167789 -4.98958 0.9786627 0.7326234 -0.09733283 18.25136 1.591713 0 0.0
-0.004386885 0.003781464 -1.390801 -6.768349 0.7218835 0.5561834 -0.03028818 19.22399 1.275545 0 0.0
-0.03043923 -0.002826057 1.26621 -7.479347 0.6541706 0.4487096 -0.0700597 18.84841 1.670868 1 0.001065009
