scripts/get_globular_clusters/output/1636-283_ESO452.csv
# %ECSV 0.9
# ---
# datatype:
# - {name: x, unit: deg, datatype: float64}
# - {name: y, unit: deg, datatype: float64}
# - {name: pmx, unit: mas / yr, datatype: float64}
# - {name: pmy, unit: mas / yr, datatype: float64}
# - {name: pmx_e, unit: mas / yr, datatype: float64}
# - {name: pmy_e, unit: mas / yr, datatype: float64}
# - {name: pm_corr, datatype: float64}
# - {name: g_mag, unit: mag, datatype: float64}
# - {name: bp_rp, unit: mag, datatype: float64}
# - {name: filter, datatype: int64}
# - {name: memberprob, datatype: float64}
# meta: !!omap
# - comments: [deg deg mas/yr mas/yr mas/yr mas/yr dimless mag   mag   zeroone float]
# - __serialized_columns__:
#     bp_rp:
#       __class__: astropy.units.quantity.Quantity
#       unit: &id001 !astropy.units.Unit {unit: mag}
#       value: !astropy.table.SerializedColumn {name: bp_rp}
#     g_mag:
#       __class__: astropy.units.quantity.Quantity
#       unit: *id001
#       value: !astropy.table.SerializedColumn {name: g_mag}
#     pm_corr:
#       __class__: astropy.units.quantity.Quantity
#       unit: !astropy.units.Unit {unit: ''}
#       value: !astropy.table.SerializedColumn {name: pm_corr}
#     pmx:
#       __class__: astropy.units.quantity.Quantity
#       unit: !astropy.units.Unit {unit: mas / yr}
#       value: !astropy.table.SerializedColumn {name: pmx}
#     pmx_e:
#       __class__: astropy.units.quantity.Quantity
#       unit: !astropy.units.Unit {unit: mas / yr}
#       value: !astropy.table.SerializedColumn {name: pmx_e}
#     pmy:
#       __class__: astropy.units.quantity.Quantity
#       unit: !astropy.units.Unit {unit: mas / yr}
#       value: !astropy.table.SerializedColumn {name: pmy}
#     pmy_e:
#       __class__: astropy.units.quantity.Quantity
#       unit: !astropy.units.Unit {unit: mas / yr}
#       value: !astropy.table.SerializedColumn {name: pmy_e}
#     x:
#       __class__: astropy.units.quantity.Quantity
#       unit: &id002 !astropy.units.Unit {unit: deg}
#       value: !astropy.table.SerializedColumn {name: x}
#     y:
#       __class__: astropy.units.quantity.Quantity
#       unit: *id002
#       value: !astropy.table.SerializedColumn {name: y}
# schema: astropy-2.0
x y pmx pmy pmx_e pmy_e pm_corr g_mag bp_rp filter memberprob
-0.002561285 0.001364914 0.2212572 0.3732451 2.284045 1.732442 -0.3112643 20.40097 1.699614 0 0.0
0.008311862 0.01004496 1.586683 -9.916808 2.122173 1.848562 -0.5354556 20.5565 0.9188671 0 0.0
0.006714379 0.00941565 -2.887963 -7.727712 2.354855 1.809838 -0.5321243 20.48892 1.113426 0 0.0
0.02064815 0.008614673 -1.089167 -8.701745 1.913291 1.457011 -0.3118906 20.38755 1.094894 0 0.0
0.01943896 0.002908114 -2.775117 0.2572211 0.6486795 0.4839391 0.1083693 19.15203 1.562708 1 0.0
0.0134535 0.01227222 -2.575729 -6.781369 2.93331 2.551142 -0.471378 20.86844 0.852747 0 0.0
0.009894666 -0.002988087 -1.575698 -6.471304 0.07343171 0.05852628 -0.2024987 14.62849 1.975224 1 0.9994906
0.01362431 -0.01648871 -2.215664 5.548527 0.6949215 0.4745412 0.2447288 18.88184 1.620325 0 0.0
0.008068842 -0.008210253 -2.313412 -6.571151 0.8689041 0.6630502 0.08280943 19.59177 1.190071 0 0.0
-0.004761091 -0.03271757 -1.065648 0.5414665 3.002891 2.159148 -0.1629634 20.57447 1.029812 0 0.0
0.01989787 0.01634721 -10.81346 -2.881811 2.363972 2.006667 -0.4695142 20.43179 1.636105 0 0.0
0.0198792 -0.01160117 4.040015 0.5393076 0.4505133 0.3112796 0.2395258 18.31923 1.446005 1 0.0
-0.001165261 -0.003378638 -1.576455 -6.886321 0.6785731 0.5002859 0.02643301 19.15002 nan 0 0.0
0.02003088 0.009822143 -1.900534 -8.47296 2.171668 1.674692 -0.2672099 20.55352 0.9920101 0 0.0
0.01073797 -0.0256818 -7.854133 -6.428587 2.1267 1.554256 0.3424238 20.46439 0.7959938 0 0.0
-0.00980855 -0.009927013 -1.550567 -6.261032 0.1202643 0.09053199 -0.1266763 16.10897 1.570861 1 0.9954137
0.02338721 0.0114427 -0.654432 -0.6284347 1.442706 1.126585 -0.3191648 19.92454 1.214659 0 0.0
0.015033 -0.01979053 0.8302944 1.940955 0.3002012 0.2077991 0.1618111 17.63863 1.53352 1 0.0
0.001653149 -0.01946332 -7.803334 -4.517634 0.6295751 0.4642414 0.1192777 19.06969 1.557322 0 0.0
0.00373345 -0.01447184 1.028944 -9.751136 2.569383 2.22024 -0.4679003 20.68788 0.9555302 0 0.0
0.02653431 -0.01870178 -3.578628 -3.756491 0.8430004 0.5865916 0.2460486 19.25827 1.621647 1 1.064754e-06
0.02838814 -0.01187967 -3.315022 -4.854741 0.2829184 0.1983406 0.1040661 17.29048 1.746628 1 0.0
0.0228037 -0.01770909 -7.936044 1.965089 0.5142982 0.3654589 0.1994153 18.5059 1.479406 1 0.0
0.006041276 -0.02410978 -4.783662 -10.41404 0.9995967 0.705567 0.3134509 19.49273 1.295769 1 1.723063e-05
0.01630836 -0.01687629 -13.85598 -3.867602 1.77873 1.193337 0.1903955 19.41594 1.366289 0 0.0
0.028127 0.01558431 -2.52913 4.638997 2.681632 2.138097 -0.4090407 20.53772 1.091236 0 0.0
0.001210551 0.003913155 -4.999386 -4.949562 1.661591 1.273688 0.03307323 20.49042 nan 0 0.0
-0.003943785 7.93181e-05 -1.188154 -5.570182 0.8039516 0.6167393 0.03859066 19.51301 1.34144 0 0.0
0.007463768 -0.02385619 -4.046762 -6.003101 1.733396 1.21418 0.3494117 20.28583 1.090519 0 0.0
0.02185744 0.01425255 -2.477894 -0.744425 1.2318 0.9220545 -0.2906828 19.62203 1.225897 0 0.0
0.003895262 0.006276296 0.9679578 -7.36702 1.003758 0.7473371 0.01636823 19.85494 1.148281 0 0.0
-0.003070573 -0.02547722 -1.728731 -5.361171 1.886088 1.480269 -0.3606442 20.25556 1.355595 0 0.0
0.01038958 -0.02040223 -6.551941 -8.043259 4.034151 2.14471 0.1140892 20.46974 1.376171 0 0.0
-0.01297385 -0.02739867 -4.541738 -6.462041 2.68547 2.121572 -0.4535039 20.65363 1.055468 0 0.0
0.01581729 0.01991654 0.7790064 -0.588136 0.7575523 0.5823743 -0.3977571 18.29408 1.615891 0 0.0
0.02517379 0.01640712 2.211462 -5.47213 0.540188 0.4035571 0.03628415 18.82737 1.363554 0 0.0
0.001760835 7.36548e-05 -4.412117 -7.199343 3.275994 2.316846 -0.1287084 20.80569 0.605732 0 0.0
0.0006601766 -0.0002830068 -0.9660752 -8.073775 2.431116 1.945493 -0.2428125 20.65613 0.6895561 0 0.0
0.02513156 0.008175014 -1.275464 -7.512383 2.02352 1.562806 -0.3349734 20.32577 1.355804 0 0.0
0.01397543 4.79524e-05 -1.760214 -7.214167 0.4156575 0.3093069 0.06410983 18.4345 1.573887 0 0.0
-0.003447102 -0.001330195 -5.675355 -7.375857 2.150069 1.720781 -0.4156737 20.27334 1.091066 0 0.0
0.0179754 0.0002056594 -4.433833 -5.578784 0.2989261 0.2214197 0.03355861 17.78192 1.765348 1 0.0
0.0172352 -0.01182005 0.3367572 -6.128876 1.2613 0.9211537 0.2190882 19.83285 1.063847 0 0.0
0.01261767 -0.01735071 -0.2118593 -4.958951 1.537087 1.062501 0.2866158 19.99134 0.9591179 0 0.0
0.002807156 -0.02423362 -3.699863 -2.328464 0.8623604 0.5927728 0.289986 19.15279 1.447981 0 0.0
0.001518835 -0.02727009 -6.75357 -6.191961 1.260222 0.8676612 0.3638803 19.71363 1.627792 0 0.0
0.03020342 0.0001380299 0.1464394 -7.881225 0.8120804 0.6189596 -0.2423497 19.1406 1.281603 0 0.0
0.0275498 0.01580953 -7.124529 -2.52025 2.436247 1.936889 -0.2487357 20.49666 0.6711769 0 0.0
0.00539858 0.004210571 -3.100442 -4.811778 1.795222 1.342884 -0.3537767 20.30542 1.13246 0 0.0
0.0004990931 -0.002932313 -4.973327 -4.803247 0.3938134 0.288335 -0.01495199 18.17582 1.303192 0 0.0
-0.01678668 -0.01610198 -1.504595 5.847877 1.116364 0.838671 0.02323804 19.96429 1.561895 0 0.0
0.007935624 0.005106865 -1.744477 -5.800972 1.656112 1.282414 -0.519124 20.06632 1.154749 0 0.0
0.004727268 0.0007544875 -2.766866 -7.472968 1.496263 1.145425 -0.07545263 20.34801 0.6030788 0 0.0
0.002472222 -0.0004585097 -5.202131 -5.760736 1.833843 1.329264 -0.3351968 19.91009 nan 0 0.0
0.001840823 -0.03140713 1.622582 -0.07868734 1.379817 0.96968 0.3223304 19.95719 1.194569 0 0.0
-0.0001854451 -0.001074555 -2.408902 -7.372696 1.091052 0.9204229 -0.210091 19.62334 nan 0 0.0
-0.006923257 -0.005330075 -1.686874 -7.214291 1.622429 1.258954 -0.3741342 20.18708 1.344639 0 0.0
0.0001769611 -0.001656296 3.985455 -2.826873 1.272156 0.7712894 0.4759329 19.29692 nan 0 0.0
0.0002172277 -0.001986267 -1.644998 -6.386524 0.733413 0.5641491 0.04809902 19.24014 nan 0 0.0
-0.002963566 -0.01304512 -2.702804 -0.007536624 3.206705 2.396083 -0.09115196 20.66327 1.132998 0 0.0
0.01178492 -0.02354378 -2.754855 -1.792583 0.585706 0.4061418 0.19946 18.44841 1.366465 0 0.0
-0.0008431426 -0.001637226 -0.6823797 -7.699962 0.6762172 0.5018179 0.1582421 19.17112 nan 0 0.0
-0.0001854446 -0.001349213 5.254364 -3.455797 0.8600782 0.5942115 0.1165596 18.73262 1.334187 0 0.0
0.03247014 -0.005418747 -0.3522137 0.1444007 1.325469 0.9134379 0.3719852 19.89712 1.50285 1 0.0
0.02116952 -0.00216958 -2.800329 -7.241439 0.7858383 0.581893 0.09897357 19.35542 1.271595 0 0.0
-0.001272652 -0.002287636 -1.493112 -6.231008 0.3471645 0.2546413 -0.02311419 18.08105 1.421379 0 0.0
-0.01049305 -0.009864136 0.1263327 -2.519774 0.2175367 0.1615766 -0.08984778 17.28177 1.443613 1 0.0
0.01013469 -0.01947714 -12.14529 -5.174072 1.347207 0.9213852 0.346009 19.77271 1.189671 0 0.0
0.0006198663 -0.007559542 -3.330107 -3.023456 3.275053 1.621853 -0.05873932 20.45948 nan 0 0.0
0.008027605 -0.02103526 -3.813544 -2.330653 0.09799961 0.07256283 -0.02884594 15.29202 1.801327 1 0.0
0.004861093 -0.008004063 -0.7476456 -6.354468 1.262112 0.9781497 -0.07100497 20.13261 nan 0 0.0
-0.009097567 -0.00586239 -4.354459 -6.174658 2.447804 1.834138 -0.3481797 20.54491 0.8165073 0 0.0
-0.001259224 -0.002749214 -1.125745 -6.457948 0.333058 0.2443468 0.006880891 18.10714 1.58757 0 0.0
0.002833985 -0.02460555 2.540903 -1.145639 1.879747 1.317745 0.3293326 20.25377 nan 0 0.0
0.004968483 -0.007639765 -4.010502 -3.271747 0.9100214 0.6857512 0.07754501 19.70074 1.221668 0 0.0
0.005452228 0.003342725 -3.557883 -5.454225 1.559349 1.173094 0.01666487 20.44544 0.7813263 0 0.0
0.002499097 0.0007831737 -1.428703 -6.407266 2.410787 1.999312 -0.7060664 20.17931 0.9950924 0 0.0
0.002888358 0.0008728091 -0.8185776 -5.213266 1.14255 0.8807508 -0.09372581 19.99364 1.028435 0 0.0
-0.005110787 -0.01583374 -0.4416704 -4.484882 0.9805764 0.7178969 0.05528515 19.71654 1.643347 0 0.0
-0.0026954 -0.003054417 -4.934779 -6.201386 1.352443 1.006969 0.04393713 20.10795 1.262007 0 0.0
-0.01245257 -0.009818572 -0.9072208 -4.288664 1.3684 1.05131 -0.04529276 20.24303 1.16116 0 0.0
0.001156817 0.0001575865 -3.993506 -7.678711 1.13743 0.8470383 -0.008616723 20.00522 1.196104 0 0.0
-0.001554534 -0.001389278 -1.650897 -6.572747 0.1407825 0.1056227 -0.07349828 16.3329 1.749344 1 0.9983417
0.00546445 -0.01994028 -2.226455 -4.470198 0.9471382 0.727764 0.08126844 19.69363 1.2645 0 0.0
-0.001970624 -0.00170972 6.035083 -11.01218 1.101551 0.888312 0.008008836 19.86361 nan 0 0.0
0.01598715 -0.01107027 -1.162817 -4.986962 1.078775 0.8239858 -0.01807807 19.62667 1.211971 0 0.0
0.02139757 -0.002808587 0.03790562 -6.835689 1.459067 1.216877 -0.2552777 19.82912 nan 0 0.0
-0.0003330967 0.0002510523 -1.614583 -7.020554 0.8354271 0.6217945 0.03386289 19.58558 1.25382 0 0.0
-0.0002794041 -0.00047374 -1.37985 -6.742004 0.855114 0.6139188 0.08973335 19.50593 nan 0 0.0
-0.002117696 -0.03047445 2.149404 -1.068838 0.4055089 0.2853629 0.1528669 18.08938 1.459349 1 0.0
-0.005351869 -0.02549447 -4.774006 1.81275 0.1852593 0.1388026 -0.07043179 16.91487 1.380264 1 0.0
0.006337014 -0.01562209 0.2866887 -5.370126 1.122162 0.8561159 0.1503373 19.90425 1.413841 0 0.0
-0.004037019 -0.01893695 -1.58739 -6.270558 0.1708001 0.1271031 -0.06550093 16.85864 1.739923 1 0.9905063
0.0181761 -0.003517519 1.50718 -4.161151 1.502326 0.9569423 0.3397293 20.00566 1.202187 0 0.0
-0.00138005 -0.0007865538 -4.53884 -6.734939 1.333317 0.978006 0.01654128 19.46566 nan 0 0.0
0.0247946 0.002317626 -2.609151 2.820578 0.9465104 0.6831155 0.1472766 19.6469 1.63611 0 0.0
-0.00272228 -0.001690663 -1.536116 -5.891192 0.7430083 0.5349667 0.05106542 19.19072 1.543478 0 0.0
0.008860639 -0.009127751 -3.735667 -4.030308 1.134279 0.8631017 0.06428676 19.62694 nan 0 0.0
0.0003379888 -0.0146091 -0.9487395 6.444921 0.2370877 0.1739607 -0.04116004 17.47148 1.49791 1 0.0
0.02283486 0.002354306 -1.550975 -6.653756 0.2360528 0.175077 0.01917122 17.4282 1.683571 1 0.9706059
0.01396349 0.01131466 7.985308 -6.183759 1.350976 1.031603 0.02904051 20.31104 1.99465 0 0.0
0.01370561 -0.01048248 -0.2692872 -6.767003 1.127502 0.8541132 0.06114445 19.95465 1.200565 0 0.0
0.01163971 -0.001571104 3.132166 -1.417824 0.2444159 0.1915817 -0.05858421 17.42806 1.41147 0 0.0
0.001988958 -0.003237506 -3.874729 -7.269892 1.863852 1.423615 -0.3763918 20.38512 1.001774 0 0.0
0.006847597 -0.006365761 -1.669212 -5.908364 1.263277 0.9370029 0.02097196 20.18085 1.096457 0 0.0
0.0187688 0.00845099 -7.934578 1.466476 0.573723 0.4305487 0.05329801 18.98078 1.692307 0 0.0
0.003411766 -0.001585779 0.1180118 -5.704017 1.758461 1.314803 -0.3638695 20.18043 0.8735466 0 0.0
0.002310957 -0.009369639 -2.154655 -2.313307 1.004616 0.7503144 -0.001449045 19.83989 1.189722 0 0.0
0.01349209 -0.0009666944 -3.19916 5.206407 1.93304 1.42314 -0.03429594 19.64664 1.290981 0 0.0
0.01951877 -0.001095425 -4.946192 -3.279327 1.770992 1.106379 -0.3226742 20.29448 0.961031 0 0.0
0.002525767 -0.006558212 -2.418881 -4.797665 2.261852 1.591681 -0.353624 20.40903 1.079226 0 0.0
-0.008304733 -0.01788244 -3.167847 -7.355917 0.7377696 0.5653582 -0.02536308 19.35107 1.304821 0 0.0
-0.008614158 -0.008586043 -1.438663 -5.24254 0.9860172 0.7007144 0.08968075 19.67665 1.314579 0 0.0
0.003021723 -0.0293396 7.716584 2.739364 1.42755 1.037189 0.1074299 18.91943 1.371429 0 0.0
0.004511239 -0.02894864 1.737886 -4.321557 2.522414 1.710615 0.4007547 20.4556 0.9627151 0 0.0
0.01495235 -0.02071939 -0.7819086 -6.945485 1.202997 0.8301835 0.3452674 19.75513 1.38365 0 0.0
0.007396474 -0.02667143 -1.497017 2.311161 1.438208 1.003549 0.3596921 19.9702 1.391474 0 0.0
0.009022438 -0.0004207179 -6.436435 -5.211415 1.55935 1.186009 -0.3828473 20.13578 1.068548 0 0.0
0.02040438 -0.002512752 -9.984754 -6.057595 4.077753 2.431694 0.05225854 20.7082 0.7124519 0 0.0
0.0144558 -0.02080134 -1.313994 -2.015532 1.590525 1.11259 0.3528205 20.14386 nan 0 0.0
-0.007258419 -0.01096822 1.903294 -6.28916 1.668136 1.337683 -0.4446289 20.15621 0.953352 0 0.0
0.001062836 -0.002129324 -9.259667 0.4473313 0.5173296 0.4004391 0.0141638 18.75982 1.332588 0 0.0
0.02778443 -0.01097161 0.3035494 1.870493 1.839595 1.269885 0.3656038 20.33822 1.742466 0 0.0
0.008190556 0.003689686 -1.557875 -2.744189 1.708807 1.322227 -0.4226898 20.18845 0.9471989 0 0.0
0.0006333132 -0.003338579 -1.699349 -7.808068 1.123106 0.8021731 0.07213751 19.69901 nan 0 0.0
0.02021985 0.01526187 -7.664589 -6.39293 2.533426 2.194478 -0.3315809 20.65541 0.9668407 0 0.0
0.01212153 -0.01370952 -2.460795 -7.385756 0.7945425 0.5982153 0.03012367 19.38787 1.260183 1 0.7396641
0.001787708 0.00173877 -8.148052 -8.068367 3.26505 2.279859 -0.05767186 20.48223 1.040537 0 0.0
0.01361063 -0.01854293 1.208562 -3.828508 1.023376 0.7070983 0.3451439 19.54051 1.684212 0 0.0
0.001089719 0.001570933 -1.711943 -7.449976 1.34783 0.8435728 0.1352237 19.85279 1.273783 0 0.0
-0.003379929 -0.00322419 -7.922856 -4.611207 1.689523 1.369717 -0.4302665 20.32694 1.366505 0 0.0
-0.00239953 -0.02868727 -2.992363 -4.121479 1.389289 0.991178 0.3440204 19.9327 1.128771 0 0.0
-0.002843137 0.0003883438 -8.012826 -11.05513 3.61245 2.624542 0.1913484 20.5497 0.7865391 0 0.0
0.004363878 -0.02293095 -3.738304 -4.818928 1.252156 0.8858697 0.3270502 19.83134 1.159367 0 0.0
-2.437415e-05 -0.005823853 -4.668025 -8.824546 3.293897 2.978359 -0.2997695 20.94912 nan 0 0.0
0.02836324 -0.00461076 -3.900772 0.1727141 1.225877 0.8446595 0.2921473 19.74391 1.508091 1 0.0
0.004779945 -0.02170073 -1.901981 -1.834682 1.358303 0.9598372 0.3580627 19.91112 1.138681 0 0.0
0.004083018 0.001824537 -0.6606717 -7.047581 2.101502 1.683211 -0.256439 20.49731 nan 0 0.0
0.005786586 -0.01894848 -5.270847 -3.337478 0.633363 0.4819793 0.09115419 19.12971 1.535631 1 0.0
0.007437322 -0.01825812 -7.807953 2.752884 0.5948558 0.4488633 0.08819958 18.98848 1.355165 1 0.0
0.01912556 -0.02297073 -0.9813162 -7.233823 2.396455 1.668049 0.01824162 20.35227 1.04834 0 0.0
-0.005567807 -0.002150445 -5.9379 -1.59653 2.51201 1.916195 -0.304797 20.52628 nan 0 0.0
0.003895048 0.0004493455 -3.963295 -8.41117 1.948387 1.742394 -0.2037308 20.35758 nan 0 0.0
0.02258818 -0.02143791 -13.58164 4.419492 2.378246 1.817914 -0.1926614 20.33484 0.9192238 0 0.0
0.01443205 0.001884668 -1.741234 -7.474275 2.105068 1.782958 -0.3630376 20.38917 0.9325924 0 0.0
0.01095705 0.01663843 -14.68169 -5.647851 3.054878 1.994768 -0.2177476 20.55734 1.207218 0 0.0
-0.006279049 -0.004551837 -1.699633 -5.766742 0.3101464 0.2374029 -0.08677953 17.75097 1.623383 1 0.9009084
-0.01351032 -0.02972379 -4.18293 -5.258011 0.5617268 0.4103236 -0.01705076 18.64404 1.324804 1 1.574796e-05
-0.001232112 -0.02577663 -4.042253 -6.636124 2.332608 1.913405 -0.4243035 20.53463 0.9239502 0 0.0
0.02181292 -0.006375414 -1.565188 -6.581381 0.218569 0.1631547 -0.003028123 17.30361 1.712784 1 0.9816103
0.01050931 -0.031009 1.354516 -8.235187 2.080704 1.450026 -0.06687326 20.28391 0.922184 0 0.0
0.02300779 -0.004880305 -6.647916 3.056869 0.936153 0.6971585 0.05664486 19.50453 2.240702 0 0.0
0.002941808 -0.007813258 -4.655028 -5.713805 0.5814657 0.4258258 -0.01483221 18.92031 1.570166 0 0.0
0.0145907 -0.01568013 1.311325 -2.90135 0.4938327 0.3372884 0.1976198 18.34259 1.497995 1 0.0
0.0004857017 0.003796813 -1.055843 -6.711052 0.2321138 0.1716618 -0.07461201 17.40041 1.692738 0 0.0
0.0181585 -0.02788389 3.397297 -5.024769 0.7295814 0.5080244 0.3171135 19.04302 1.38805 0 0.0
0.001935044 -0.01555898 -1.669231 -6.469971 0.3983806 0.2970406 0.03081723 18.32429 1.687368 1 0.982281
0.003063028 0.006907655 -1.260832 -6.505061 0.6988077 0.521977 -0.001201416 19.32496 1.209614 0 0.0
0.02493149 0.01361673 -3.011799 -1.671104 0.7486292 0.5683483 -0.1632208 19.18098 1.517195 1 0.0
-0.001970712 0.003010968 -2.648077 -5.181285 0.9919606 0.7513461 -0.3585982 19.34464 1.473345 0 0.0
0.004230235 -0.0090588 -0.4261128 -7.107406 1.215964 0.8870709 0.02720888 20.05016 1.073772 0 0.0
0.009909556 0.01271893 -1.052013 -6.35017 0.815043 0.6025062 0.01284297 19.45067 1.22036 0 0.0
0.02134874 0.02131557 -0.6546429 -6.762188 1.177159 0.8695884 0.005695437 20.06555 nan 0 0.0
0.01250067 0.01470039 2.348411 -3.285577 0.6346202 0.4695669 0.02268741 19.16148 1.395281 1 0.0
