scripts/get_globular_clusters/output/BH_176.csv
# %ECSV 0.9
# ---
# datatype:
# - {name: x, unit: deg, datatype: float64}
# - {name: y, unit: deg, datatype: float64}
# - {name: pmx, unit: mas / yr, datatype: float64}
# - {name: pmy, unit: mas / yr, datatype: float64}
# - {name: pmx_e, unit: mas / yr, datatype: float64}
# - {name: pmy_e, unit: mas / yr, datatype: float64}
# - {name: pm_corr, datatype: float64}
# - {name: g_mag, unit: mag, datatype: float64}
# - {name: bp_rp, unit: mag, datatype: float64}
# - {name: filter, datatype: int64}
# - {name: memberprob, datatype: float64}
# meta: !!omap
# - comments: [deg deg mas/yr mas/yr mas/yr mas/yr dimless mag   mag   zeroone float]
# - __serialized_columns__:
#     bp_rp:
#       __class__: astropy.units.quantity.Quantity
#       unit: &id001 !astropy.units.Unit {unit: mag}
#       value: !astropy.table.SerializedColumn {name: bp_rp}
#     g_mag:
#       __class__: astropy.units.quantity.Quantity
#       unit: *id001
#       value: !astropy.table.SerializedColumn {name: g_mag}
#     pm_corr:
#       __class__: astropy.units.quantity.Quantity
#       unit: !astropy.units.Unit {unit: ''}
#       value: !astropy.table.SerializedColumn {name: pm_corr}
#     pmx:
#       __class__: astropy.units.quantity.Quantity
#       unit: !astropy.units.Unit {unit: mas / yr}
#       value: !astropy.table.SerializedColumn {name: pmx}
#     pmx_e:
#       __class__: astropy.units.quantity.Quantity
#       unit: !astropy.units.Unit {unit: mas / yr}
#       value: !astropy.table.SerializedColumn {name: pmx_e}
#     pmy:
#       __class__: astropy.units.quantity.Quantity
#       unit: !astropy.units.Unit {unit: mas / yr}
#       value: !astropy.table.SerializedColumn {name: pmy}
#     pmy_e:
#       __class__: astropy.units.quantity.Quantity
#       unit: !astropy.units.Unit {unit: mas / yr}
#       value: !astropy.table.SerializedColumn {name: pmy_e}
#     x:
#       __class__: astropy.units.quantity.Quantity
#       unit: &id002 !astropy.units.Unit {unit: deg}
#       value: !astropy.table.SerializedColumn {name: x}
#     y:
#       __class__: astropy.units.quantity.Quantity
#       unit: *id002
#       value: !astropy.table.SerializedColumn {name: y}
# schema: astropy-2.0
x y pmx pmy pmx_e pmy_e pm_corr g_mag bp_rp filter memberprob
[from data line 2493]
0.0008652442 -0.03890806 -4.107539 -9.741125 0.6677841 0.4241056 0.09638563 18.51538 1.358259 0 0.0
-0.01262604 0.002891741 -2.309297 -2.33075 0.9555191 0.6512517 0.2723426 19.43109 1.732607 1 0.470672
-0.01258806 -0.02978876 -4.862279 -3.281591 1.772231 1.003511 0.4518613 20.10861 1.459604 0 0.0
-0.004695192 -0.03949956 -7.017329 -4.911324 1.433982 0.8384895 0.3041098 19.80057 1.287748 0 0.0
-0.01526093 -0.03041896 -5.503698 -7.661372 2.980981 2.434984 0.6945093 20.22308 nan 0 0.0
0.02777955 -0.0004486839 -4.390413 -5.392416 0.2532206 0.1834495 0.1459087 17.6746 1.343113 1 0.0
-0.02121985 0.02697853 -4.694079 -3.835593 3.938737 2.133344 0.3268039 20.75039 1.107885 0 0.0
0.004549658 -0.00175693 -8.299624 -4.877579 1.191748 0.9210135 0.04568264 18.80005 1.844069 0 0.0
0.01073206 -0.04383021 -5.393743 -2.086429 1.494835 1.240126 -0.05057603 20.37014 -0.2564678 0 0.0
-0.006058667 -0.01783986 -4.403585 -4.271636 0.07118717 0.05770883 -0.03684165 15.2125 1.928621 1 0.0
-0.02798954 -0.0138651 -5.613336 -7.796298 2.226452 1.248621 0.1011308 20.2927 nan 0 0.0
-0.0329282 -0.01077833 -1.78463 -4.745429 1.889854 1.23554 0.450676 20.17586 nan 0 0.0
0.03537611 0.004341393 -0.7720183 2.13824 0.9896026 0.7319146 -0.006434983 17.49124 1.528261 0 0.0
0.02754966 -0.008379308 0.4312388 -3.422725 1.939591 1.133554 0.3359409 20.25496 1.831573 0 0.0
0.02800535 0.01713313 -5.210003 -3.92551 3.362871 2.200932 -0.4896542 20.48496 1.48913 0 0.0
0.01918956 0.005498819 -2.677343 -1.707531 1.572711 0.9480451 0.3317502 20.00289 1.368099 0 0.0
0.04328648 0.007699475 -3.289253 -2.059663 0.3076216 0.2005891 0.09644815 17.75935 1.52704 1 4.582693e-05
-0.005355825 0.002946509 -2.758255 -0.826351 0.7001102 0.4997812 0.2314037 18.8928 1.615814 0 0.0
-0.02399272 0.04382674 -3.133404 -1.568828 1.087081 0.7023899 0.3785492 19.72534 1.32608 1 0.09126155
0.0337037 0.03671412 -5.612242 -2.495788 0.4784018 0.3815403 0.1959029 18.56003 1.357643 0 0.0
-0.007403244 0.0003865749 -4.788066 -3.128502 0.4814155 0.3876354 0.1151912 18.6223 1.52739 0 0.0
-0.03112937 -0.005364071 -5.277404 -5.062545 1.747703 0.9250344 0.125784 20.09593 1.394112 1 0.07461029
-0.005278996 0.01709904 -2.32563 -3.609733 1.681819 1.102271 0.4258795 19.99594 1.561239 0 0.0
-0.004677038 -0.02489308 -4.988776 -5.152781 1.165718 0.837253 0.116727 19.95734 1.352203 0 0.0
0.0002386616 -0.04856304 0.4818492 -3.578304 0.302393 0.2341251 0.04845922 18.09851 1.472706 1 0.0
0.006342649 -0.0009598613 -7.249743 -4.855796 0.7712183 0.4925542 0.3419346 19.19039 1.310499 0 0.0
0.01660289 0.006010953 -2.472098 -2.557786 0.5006383 0.3535192 0.1451034 18.74972 1.357426 0 0.0
-0.0262698 -0.006322468 -6.305456 -5.254099 0.4127563 0.2880244 0.06304512 18.20858 1.512255 1 0.0
0.004077808 -0.02039168 -1.463119 -4.860371 0.5147752 0.3866196 0.1365485 18.83128 nan 0 0.0
-0.01006281 0.02144703 -4.811665 -1.510679 2.528018 1.795557 0.2662839 20.51633 1.378962 0 0.0
0.04580809 0.01108459 -5.837605 -5.731151 2.846984 2.41175 0.008531498 20.71443 1.433792 0 0.0
0.02318518 0.04146584 -5.991513 -2.97092 0.8363208 0.543824 0.3191757 19.31886 1.268539 0 0.0
0.01367664 -0.01577768 1.099676 3.931785 1.572522 1.124989 0.09503208 18.87176 1.545078 0 0.0
-0.00330067 0.0386904 -3.952541 -3.154762 0.7502584 0.4939813 0.3097339 19.18776 1.198479 0 0.0
0.01392147 -0.01587693 -5.152117 -1.130043 1.526571 1.299957 0.6957481 19.60265 nan 0 0.0
-0.03638559 0.001658905 -6.477472 -4.054845 1.420761 0.8858532 0.3981769 19.82384 0.8428459 0 0.0
0.001238086 -0.006471696 -12.53632 -6.762671 1.847557 1.140588 0.3484861 20.19082 nan 0 0.0
-0.01260669 0.0411913 -4.027829 -3.168027 0.4907537 0.3711802 0.1360562 18.886 1.397736 1 0.6468966
0.008383833 0.0181362 -0.1092254 -3.865201 3.657649 2.350894 0.4675717 20.73845 1.667595 0 0.0
0.000817067 0.00635714 -4.648843 -5.556434 2.942133 2.271732 0.3842065 20.54548 nan 0 0.0
0.03721183 -0.003895929 -5.22168 -3.858298 1.572846 0.9160112 0.3548467 20.01611 1.247599 0 0.0
-0.009283417 -0.004630079 0.1007356 -2.33635 1.32218 0.8409851 0.3607259 19.82348 1.538748 0 0.0
0.01038978 -0.0423424 -5.769092 -6.574698 1.007132 0.6404903 0.1838899 19.55823 1.417665 0 0.0
0.04082017 -0.02323938 -14.35644 -9.003912 1.012929 0.6214861 0.292104 19.4654 1.963476 0 0.0
0.003148538 -0.003606945 -14.21604 -12.35689 2.930027 1.982573 0.1163658 20.36007 1.541416 0 0.0
-0.04158336 -0.0153131 -14.70676 -4.689194 1.23762 1.087784 0.4733163 19.6667 nan 0 0.0
0.02631839 0.01497496 -4.341815 -3.3283 0.1772785 0.1334788 0.03570769 16.99203 2.047266 1 0.5884313
0.03996593 -0.002448558 -4.968298 -9.123503 0.4496664 0.3250787 0.01358634 18.62124 1.783821 1 0.0
0.01097111 0.0170256 -2.334467 -4.838368 1.895249 1.267676 0.1967953 20.37009 0.787756 0 0.0
0.03256669 -0.006078374 -6.984158 -2.064272 1.238841 0.7779367 0.286149 19.87208 1.314669 0 0.0
0.03265693 -0.003034306 -4.067246 -3.11595 0.3476843 0.2394609 0.09005626 18.24358 1.894651 1 0.869
0.03740053 0.01196163 -1.778524 -7.540099 2.199818 1.771642 -0.08916584 20.78815 nan 0 0.0
0.01002027 0.01633916 -3.664079 -2.536931 0.3897004 0.3209663 0.0605423 18.05784 1.741676 0 0.0
0.01040048 -0.03815005 -1.036112 -1.401637 1.316966 0.9287019 0.2089484 19.91036 1.45299 0 0.0
0.008934006 0.02513988 -4.224098 -3.887215 1.024747 0.672986 0.3384024 19.60552 1.513584 0 0.0
0.03984881 -0.001906774 -8.80083 -5.788224 2.098862 1.207224 -0.01213367 20.24706 nan 0 0.0
-0.01538575 -0.007603297 -1.77254 -2.155243 1.878313 1.100694 0.4780212 20.10799 nan 0 0.0
-0.01409733 0.008247167 -5.936985 -4.849255 0.4236923 0.3269862 0.06952655 18.44459 1.468657 0 0.0
0.03580058 -0.00459676 -8.952915 -4.32188 1.18194 0.7172192 0.2594414 19.84727 1.177887 0 0.0
-0.02401726 -0.005123473 -6.917423 -6.49908 1.194971 0.7405119 0.3481844 19.70016 nan 0 0.0
0.03775064 0.008547196 -1.016782 -1.497449 0.3310447 0.2412035 0.07117667 18.07029 1.580261 1 0.0
-0.03332249 -0.02130717 -1.022131 -2.672579 0.6224873 0.4006389 0.3189105 19.06715 2.048567 1 0.0003462798
0.01467927 0.0280796 -8.110073 -4.791713 0.4133747 0.3040239 0.1065892 18.54239 1.43511 1 0.0
-0.02619906 0.02562185 -4.951146 -2.655733 2.338167 1.508342 0.2271093 20.53846 1.366108 1 0.2023859
0.01261523 0.007713522 -6.534583 -4.789368 0.3395119 0.259737 0.09178466 18.07435 1.79302 1 0.0
-0.03387863 0.00349561 -0.04807409 -2.544608 1.71301 0.9520583 0.3807904 19.9302 1.633419 0 0.0
0.02144577 0.01113599 -0.129092 -2.34763 1.147174 0.694782 0.3392241 19.65963 1.569263 0 0.0
0.04265262 0.01117142 -4.82989 -2.025445 0.5919372 0.4546558 -0.03337832 18.93284 1.342718 1 0.09667388
0.01494076 -0.01369904 -11.47672 -12.45248 0.9010346 0.6961482 -0.05191496 18.23437 1.896067 0 0.0
-0.02270042 -0.03449982 -7.922727 -5.027667 0.2889965 0.2105297 0.1677577 17.94531 1.639736 1 0.0
-0.03288938 0.004037986 -5.686063 -4.720954 1.322576 1.168695 0.3570403 19.61609 1.676989 0 0.0
-0.01319974 0.02255635 -6.028716 -3.170878 2.377519 1.641703 0.341963 20.50084 1.176723 0 0.0
0.02772683 0.0100494 -3.679696 -2.205337 0.4911519 0.3774724 0.17853 18.7819 1.664658 0 0.0
0.0218926 0.02392647 -5.920877 -7.751403 1.301825 0.8116064 0.08909168 19.70054 1.212358 0 0.0
0.03882126 -0.02468731 1.43315 -0.04083217 0.2862439 0.2169734 0.02994596 18.08549 1.421608 1 0.0
0.02595609 0.01557025 -8.566116 -4.368857 2.287322 1.486058 0.1362353 20.50832 1.044144 0 0.0
0.03489273 0.01333299 5.631431 -0.6506201 2.718303 2.049762 0.1550584 20.63035 1.466492 0 0.0
-0.02565992 0.007303962 -6.207936 -2.785764 1.05892 0.6949525 0.3837416 19.61504 1.104954 0 0.0
0.004185208 -0.02414535 -1.132581 -2.850442 1.171093 0.7853337 0.2758419 19.93989 1.398706 0 0.0
0.02780496 0.009591586 -6.534363 -4.940101 0.7764161 0.5265744 0.4042131 18.79081 1.621901 0 0.0
0.02091543 0.03098409 -4.869241 -5.56888 0.8319017 0.5329458 0.320951 19.21358 1.640549 0 0.0
-0.04229115 -0.001256551 -5.271958 -4.592902 1.251701 0.781537 0.3753074 19.71573 1.549564 0 0.0
0.01862196 -0.01786979 -6.027971 -4.560443 0.7360036 0.4681011 0.2633381 19.2025 1.423023 0 0.0
0.02361516 -0.02130522 -9.369509 -2.503424 0.9572197 0.5978832 0.3018281 19.57016 1.372164 1 2.02486e-06
0.006196239 0.003304989 -0.7203417 -1.463383 1.751726 0.948555 0.4909105 19.99167 nan 0 0.0
-0.002956816 0.02791009 -7.497222 -5.023201 0.634826 0.4186896 0.3290539 18.89799 1.397484 1 0.0
0.01804844 -0.03240739 -7.644298 -4.62229 0.8505551 0.5103663 0.2695963 19.22177 1.510006 1 0.0002444702
-0.04153877 0.001067258 -5.106318 -3.80468 0.3606152 0.2671414 0.08212386 18.29226 1.378672 1 0.005852581
-0.0005451205 0.01938815 0.8544023 -3.408191 2.501629 1.879437 0.05456974 20.64384 nan 0 0.0
0.02463076 0.01122983 -6.200207 -3.437572 1.005067 0.6176233 0.238198 19.57459 1.319654 0 0.0
-0.02505973 -0.03487102 -3.651309 -1.659262 1.348805 0.8446211 0.4394676 19.93936 1.643801 1 0.1555294
0.008391077 0.003506835 -4.0948 -3.19638 0.3815651 0.2905229 0.2101318 18.35189 1.821201 1 0.926469
-0.00664201 -0.0487962 -5.541576 -7.999187 1.080712 0.7119172 0.4237554 19.67062 1.691698 1 0.0
-0.007496186 0.03090795 -6.900229 -1.252439 0.9155048 0.592828 0.3543594 19.48596 1.425699 0 0.0
-0.0008979879 0.02009005 -4.219142 -3.515376 0.5382862 0.4766284 0.07117627 19.05445 1.908243 0 0.0
0.02910063 -0.003051091 -1.083545 -1.030604 0.3149507 0.2197676 0.09705719 18.01372 1.362518 0 0.0
0.02411239 0.03277169 -5.959847 -3.833282 2.071171 1.35477 0.3209966 20.52911 0.7534809 0 0.0
-0.0191743 0.01066774 -3.206523 -3.580828 1.217538 0.7615445 0.3100863 19.17036 1.595976 0 0.0
-0.001309627 0.01899522 -7.408406 -5.458994 0.4234602 0.3580488 -0.5729374 17.40633 1.867315 0 0.0
0.03019728 0.01155471 -13.3906 -11.17697 2.123198 2.37349 -0.2446258 20.63967 1.210482 1 4.032203e-06
-0.02376793 0.00574091 -5.293626 -2.748008 0.4796284 0.3697713 0.08327605 18.7565 1.862299 0 0.0
-0.01333196 0.00453187 -1.172473 -2.103989 1.343162 0.8860141 -0.01637514 19.84642 nan 0 0.0
-0.00281788 -0.0008717868 -4.354652 -3.276994 0.7842911 0.4942228 0.3496247 19.11497 1.506922 0 0.0
0.04100891 -0.02010768 -7.740014 -2.70697 1.231559 0.7582248 0.327348 19.90432 1.31254 0 0.0
-0.03120715 -0.03636999 -6.374452 -3.175878 2.116051 1.319661 0.4521462 20.29593 1.476625 1 0.1079553
-0.01069863 0.01556082 -4.649029 -0.7713596 1.149212 0.7374042 0.2775812 19.59346 1.439377 0 0.0
-0.002788527 -0.0002003984 -4.950813 -2.191792 0.8450363 0.6189778 0.1506255 18.89991 1.551491 0 0.0
0.02725115 0.03524574 -10.69356 -7.912823 0.4492504 0.3659967 0.2441097 18.43053 nan 0 0.0
0.03198987 -0.004327039 -3.070748 -4.855159 0.452761 0.312879 0.110444 18.66988 1.456518 1 0.0
-0.01559382 -0.03047247 -3.94236 -3.789019 0.7396841 0.4683943 0.3382884 19.15951 1.43421 0 0.0
0.007406723 0.03769813 -4.469913 -5.986514 0.5281992 0.3957344 0.110109 18.74231 1.44138 0 0.0
0.01831715 0.03032902 -6.045399 -5.772398 1.133837 0.7246312 0.10987 19.50996 1.253822 0 0.0
0.03781336 -0.02377098 -9.18983 -3.848917 2.240746 1.608106 0.7428851 19.70901 1.196722 1 0.02091962
-0.02793117 -0.01318986 -0.9814369 -1.314846 0.4351582 0.2980077 0.1072315 17.35704 1.541136 0 0.0
-0.02472955 0.008338234 -4.727325 -2.370304 0.7515302 0.4786585 0.3423707 19.16863 1.556591 1 0.3245467
0.03312815 0.0125713 -6.509454 -0.9738761 3.824706 2.433989 -0.4033999 20.7489 1.319929 1 0.1753738
0.03218081 0.01744332 1.630405 -3.228615 1.939324 1.238947 0.4475164 20.07166 1.20031 0 0.0
0.01133606 0.02682929 -13.25389 -8.627073 1.637766 0.9616815 0.4641395 19.96669 nan 0 0.0
0.02696348 0.02931787 -4.765704 -3.848578 0.09403176 0.07759217 -0.03444091 15.81637 2.269061 1 0.0
0.02147898 -0.002245988 -5.740425 -3.578333 1.752378 1.137769 0.5051769 20.11622 1.204062 0 0.0
-0.0172478 0.02193709 -6.455087 -0.4262993 3.495863 1.993324 0.1168622 20.85326 0.9005318 0 0.0
0.03316011 -0.02625853 1.542625 -1.414428 1.073215 0.6529246 0.2248753 19.3364 1.496817 0 0.0
0.03502723 -0.003795103 -6.650325 -6.660092 0.3948945 0.2725144 0.09702215 18.47446 1.539507 1 0.0
0.006264156 -0.001837231 -4.242716 -2.479727 0.8023969 0.6013708 0.1620035 18.83983 1.718658 0 0.0
0.004771862 -0.03321294 -3.369483 -3.282602 0.5657379 0.4137844 0.07925594 18.96192 1.821459 1 0.5728245
-0.01077822 0.02084797 -1.114495 -6.041294 2.26843 2.429521 -0.2328917 20.62672 0.8312798 1 0.2355749
0.01316953 0.02793508 -5.833908 -3.327023 1.579801 0.9503412 0.396474 19.93633 1.564695 0 0.0
0.04909796 0.008281345 -6.794637 -1.549292 1.899862 1.457519 0.03997032 20.57489 nan 0 0.0
-0.009003213 0.01615245 -4.139031 -6.078521 0.6228682 0.441907 0.1632352 19.03939 1.57938 0 0.0
-0.03536221 -0.01759693 -3.846321 -2.969551 1.009879 0.6461433 0.4280917 19.4301 1.669273 0 0.0
0.0259794 -0.03185027 -9.665177 -1.434269 2.044409 1.513147 0.09900446 20.5675 1.258331 0 0.0
-0.0001528626 -0.04261593 -8.564705 -4.181518 0.5228435 0.3163398 0.1952294 18.63106 1.511936 1 0.0
0.04000861 -0.02175097 -5.558624 -4.683384 0.09758807 0.0714866 -0.02468535 15.37792 2.053277 1 0.0
0.03642477 -0.008278414 -9.113166 -1.698868 1.407537 0.9077998 0.2419428 20.11702 1.510962 0 0.0
-0.01435368 0.01350374 -3.083087 -2.88991 0.5674763 0.3961671 0.2013755 18.87342 1.871355 1 0.6620879
-0.01076267 -0.04841166 -6.484289 -3.757629 0.1759112 0.1276165 0.1824236 17.15208 1.865452 1 0.0
0.002738045 0.01344859 -4.489284 -2.540388 0.3321595 0.2413734 0.1103942 18.19093 1.352949 1 0.4231768
-0.003083419 0.01485238 -5.078999 -8.789116 0.286419 0.2323571 0.133825 18.02246 1.350393 1 0.0
0.01569056 0.002822173 -3.794588 -3.830891 2.48296 1.423383 0.2311016 20.22136 nan 0 0.0
0.01502734 0.01256894 -6.054067 0.671063 3.333105 2.212693 0.1278226 20.20474 nan 0 0.0
0.002336181 0.01237287 -4.176522 -5.227724 0.4592907 0.338619 0.1318123 18.64899 1.37746 0 0.0
-0.03788197 -0.02655958 -13.45712 -1.921473 0.7987525 0.4990593 0.4253315 19.11299 1.634827 0 0.0
0.002218085 0.001657389 -4.953984 -2.084494 1.518834 0.9209784 0.3590029 19.50182 nan 0 0.0
0.04092383 0.01794783 -1.550813 -3.876855 0.4715061 0.3298414 0.08099105 18.47889 1.451443 0 0.0
-0.01064825 -0.0347741 -4.58129 -5.235498 3.634384 2.007069 -0.382465 20.64654 1.309145 1 0.1077978
0.03126569 0.02695396 -3.433429 -1.721963 0.2872785 0.2215901 0.06165348 17.93091 1.416489 1 0.0
0.04063812 -0.01850519 -6.286504 -6.167063 0.09978219 0.07277811 -0.03967567 13.57647 2.725033 1 0.0
-0.03229968 0.01593261 -4.083331 -3.32022 0.2922394 0.2388943 -0.04770457 17.83824 1.960526 1 0.8070187
-0.01922485 -0.009931647 -7.013708 -6.649241 1.715835 1.109944 0.200877 20.16048 1.357788 0 0.0
-0.009315434 0.008904461 -7.922 -5.96247 1.76533 1.05752 0.3514224 20.16094 1.490299 0 0.0
0.0182421 -0.01236123 -7.434817 -4.729514 1.324491 0.9752831 0.4890991 19.84187 1.430708 0 0.0
0.01028401 -0.03347702 -5.369938 -3.748008 2.112814 1.29326 0.2819985 20.31836 1.179863 1 0.2046115
-0.005307752 0.0112473 -38.19063 0.4840088 2.328193 1.962642 0.0358018 19.49022 nan 0 0.0
0.0318501 -0.02302278 -4.296102 -3.442939 0.7936063 0.5028065 0.1634655 19.20497 nan 0 0.0
-0.004669531 -0.001413618 -3.714003 -3.431005 0.3995415 0.2928489 0.1287626 18.43716 nan 0 0.0
-0.02571742 -0.03164795 -5.365237 -6.564801 2.0784 1.244153 0.3609542 20.37169 1.366308 0 0.0
-0.006360576 0.04328299 -2.26447 -7.456514 0.9068129 0.5868742 -0.4900948 17.28293 1.437167 0 0.0
0.01145443 0.02990391 -3.63561 -3.007686 0.2078558 0.1549464 0.1350571 17.29798 2.23591 1 0.8399021
-0.012692 0.03001804 -5.178114 -3.114315 0.5286768 0.3867268 0.1541294 18.985 1.564854 0 0.0
0.00660965 0.01700351 0.06649552 -3.333765 0.9441119 0.5978349 0.2562007 19.27177 1.333378 0 0.0
0.008517338 -0.002779809 -7.744488 -2.564391 3.251771 2.382874 0.3636894 20.64877 nan 0 0.0
0.03571869 -0.02247237 -4.360083 -6.838314 0.2627606 0.1820485 0.1118933 17.6181 1.642462 1 0.0
0.03178598 0.02804844 -7.436883 -6.805101 1.087704 0.8012515 0.06077622 18.4727 1.663773 0 0.0
0.03580768 -0.02132422 -5.609208 -1.472204 0.665345 0.3784136 0.2840218 18.7803 nan 0 0.0
