scripts/get_globular_clusters/output/BH_176.csv
# %ECSV 0.9
# ---
# datatype:
# - {name: x, unit: deg, datatype: float64}
# - {name: y, unit: deg, datatype: float64}
# - {name: pmx, unit: mas / yr, datatype: float64}
# - {name: pmy, unit: mas / yr, datatype: float64}
# - {name: pmx_e, unit: mas / yr, datatype: float64}
# - {name: pmy_e, unit: mas / yr, datatype: float64}
# - {name: pm_corr, datatype: float64}
# - {name: g_mag, unit: mag, datatype: float64}
# - {name: bp_rp, unit: mag, datatype: float64}
# - {name: filter, datatype: int64}
# - {name: memberprob, datatype: float64}
# meta: !!omap
# - comments: [deg deg mas/yr mas/yr mas/yr mas/yr dimless mag   mag   zeroone float]
# - __serialized_columns__:
#     bp_rp:
#       __class__: astropy.units.quantity.Quantity
#       unit: &id001 !astropy.units.Unit {unit: mag}
#       value: !astropy.table.SerializedColumn {name: bp_rp}
#     g_mag:
#       __class__: astropy.units.quantity.Quantity
#       unit: *id001
#       value: !astropy.table.SerializedColumn {name: g_mag}
#     pm_corr:
#       __class__: astropy.units.quantity.Quantity
#       unit: !astropy.units.Unit {unit: ''}
#       value: !astropy.table.SerializedColumn {name: pm_corr}
#     pmx:
#       __class__: astropy.units.quantity.Quantity
#       unit: !astropy.units.Unit {unit: mas / yr}
#       value: !astropy.table.SerializedColumn {name: pmx}
#     pmx_e:
#       __class__: astropy.units.quantity.Quantity
#       unit: !astropy.units.Unit {unit: mas / yr}
#       value: !astropy.table.SerializedColumn {name: pmx_e}
#     pmy:
#       __class__: astropy.units.quantity.Quantity
#       unit: !astropy.units.Unit {unit: mas / yr}
#       value: !astropy.table.SerializedColumn {name: pmy}
#     pmy_e:
#       __class__: astropy.units.quantity.Quantity
#       unit: !astropy.units.Unit {unit: mas / yr}
#       value: !astropy.table.SerializedColumn {name: pmy_e}
#     x:
#       __class__: astropy.units.quantity.Quantity
#       unit: &id002 !astropy.units.Unit {unit: deg}
#       value: !astropy.table.SerializedColumn {name: x}
#     y:
#       __class__: astropy.units.quantity.Quantity
#       unit: *id002
#       value: !astropy.table.SerializedColumn {name: y}
# schema: astropy-2.0
x y pmx pmy pmx_e pmy_e pm_corr g_mag bp_rp filter memberprob
[from data line 833]
-0.02490312 -0.01595767 -7.837025 -6.4993 2.525663 1.794761 0.2606067 20.5286 1.362465 0 0.0
0.03985578 0.01828823 -2.742556 -3.619216 2.5408 1.574293 0.3866305 20.27528 nan 0 0.0
0.04359051 -0.002806481 -6.094494 -1.274078 1.441365 0.8862247 0.1208092 19.95855 1.264482 0 0.0
-0.008144792 -0.01770284 -2.22234 -0.01919366 2.207606 1.433276 0.2937047 20.44983 1.457579 0 0.0
0.03093393 0.01412916 -11.53365 -3.978516 2.236524 1.120974 0.3681476 19.882 nan 0 0.0
-0.01531454 -0.046517 -0.709617 -2.355564 1.039341 0.6767849 0.5044969 19.50764 1.87126 1 0.01825514
-0.02015947 -0.0002808458 -3.383698 -1.180354 1.471364 1.063518 0.4567295 20.09827 nan 0 0.0
-0.01577671 -0.0102699 -2.74946 -1.465724 0.4876954 0.3359474 0.1963442 18.7191 1.491129 1 0.0003312593
-0.03041802 -0.0148317 -9.460527 -3.04037 3.275968 1.820588 0.3991262 20.60987 1.514597 0 0.0
0.004496229 -0.04910876 -3.56634 -4.310899 0.7590497 0.4380805 0.1754719 18.43035 1.544554 0 0.0
0.04010062 0.01805533 -1.14302 0.001441157 0.6677704 0.4570002 0.1236235 19.06063 1.291628 0 0.0
-0.03662308 -0.02094718 1.139602 4.591876 0.8200195 0.5055915 0.455947 19.19991 1.497152 1 0.0
-0.01351456 -0.04287342 -4.925309 -3.962011 0.7665721 0.4759874 0.4651649 19.14982 1.438898 1 0.1740696
0.02609755 0.02340175 -4.621296 -3.741307 0.3967769 0.3531077 -0.06310626 18.31162 1.438944 0 0.0
-0.04071693 0.002452698 -2.310444 -3.903768 1.92584 1.299624 0.1185239 20.35198 1.329659 0 0.0
-0.003788533 0.008165164 -6.588733 -4.362202 1.260801 0.8503866 0.3348975 19.83013 nan 0 0.0
-0.01685228 -0.01575198 -9.873428 -3.679344 2.121451 1.338111 0.2541412 20.25312 1.372158 0 0.0
0.01197886 -0.02925455 -10.86811 5.248967 3.028232 2.644215 0.04789531 20.52323 1.412346 0 0.0
0.01246123 -0.01931357 -8.291191 -4.413537 3.044259 2.645781 0.6166046 20.56668 nan 0 0.0
-0.008854239 0.005517097 -2.621389 1.901887 1.202822 0.9296244 0.08597219 18.71194 1.491877 0 0.0
-0.01226448 -0.03159684 1.771635 -9.688639 3.268961 2.042702 0.2193779 19.98273 1.58811 0 0.0
-0.03674133 -0.007199095 -3.175058 -11.57617 2.036392 1.439408 0.07630643 20.46091 2.11858 0 0.0
0.02927414 0.04052791 1.143221 0.4693797 2.998611 2.164724 0.249089 20.65305 1.005386 0 0.0
-0.009204693 -0.006461118 -2.316003 -1.595872 0.4299671 0.3491263 0.1168704 18.0677 1.80961 0 0.0
0.0001016377 -0.04719357 -3.969896 -2.962682 0.3236913 0.2368943 0.1061294 18.0035 2.142939 1 0.7672004
-0.02723918 -0.007124095 -1.075815 -5.249016 2.538143 2.492746 -0.3036027 20.58642 nan 0 0.0
-0.01801085 -0.03426894 0.1939349 3.999035 0.38233 0.3545298 0.3156619 17.99134 nan 0 0.0
-0.008097315 0.04927562 -1.823076 -4.212732 1.079156 0.6621476 0.2287944 19.52298 1.278236 0 0.0
0.009107244 -0.04335303 -3.414273 -6.276902 0.3818997 0.2869564 0.03405549 18.38542 1.553146 0 0.0
-0.02550771 -0.002537877 -3.195969 -2.888797 0.516297 0.3632815 0.1999773 18.72857 1.612789 1 0.6511922
-0.01835122 0.03656604 -4.0202 -6.106122 2.45401 1.571647 0.0850033 20.52863 1.357721 0 0.0
-0.02641186 -0.01519935 -3.041551 -3.659401 1.641031 0.9102407 0.3644926 19.98416 1.322863 1 0.2964128
-0.01637459 -0.009228685 -1.42903 -3.92193 2.04777 1.514129 0.2170486 20.45505 0.7884693 0 0.0
-0.02699375 -0.008047114 -5.325099 -4.473319 2.019843 1.472715 -0.04156522 20.56125 1.14155 1 0.1963198
0.02468926 -0.008404454 -0.9127167 -4.201125 1.691315 1.350101 0.06923273 20.33934 1.072969 0 0.0
-0.001202395 0.04232972 -2.568988 1.407618 3.311582 2.305186 0.4872268 20.6797 1.437649 0 0.0
-0.01153948 0.04801606 -10.53245 -9.02079 3.025449 2.706957 0.3447866 20.48373 nan 0 0.0
-0.02592667 -0.006802934 -7.521182 -2.205822 3.590703 2.531774 0.3216233 20.70979 nan 0 0.0
0.002255723 -0.03134737 -2.842703 -2.080141 0.3696212 0.2639983 0.1261107 18.38904 1.465466 1 0.001347745
-0.001621764 -0.02562912 -1.506792 -4.181447 1.449587 0.871121 0.4008749 19.88638 1.187597 0 0.0
-0.01251924 0.04425453 8.523258 3.640246 2.99304 1.686003 0.6478075 20.35814 nan 0 0.0
-0.01913669 -0.03446012 -4.211795 -3.761923 0.6914988 0.4956293 0.1776012 18.61459 1.642078 0 0.0
-0.002561806 -0.02601444 -1.471358 -2.526324 1.676438 1.103421 0.2127699 20.21395 1.534288 0 0.0
0.01840137 0.01986528 -2.237999 0.5047917 0.7610448 0.4754037 0.3654189 19.142 1.461586 1 0.0
-0.01262798 0.04755803 0.2451768 -8.383228 1.339437 0.8831116 0.3246544 19.51348 1.699139 0 0.0
-0.0155178 -0.02334278 -4.266276 -6.767611 1.047481 0.6321576 0.3009167 19.34159 1.456614 0 0.0
0.03753317 -0.006398622 -7.730062 1.098196 1.150274 0.8843828 -0.516236 19.00147 nan 0 0.0
-0.008587166 0.04631151 -3.522802 -4.647219 1.425727 0.9729037 0.3088282 19.75351 1.971632 0 0.0
-0.03316545 -0.03596313 -1.368574 -2.805957 0.8851331 0.5572837 0.4032564 19.32167 1.563334 1 0.02563476
-0.04559521 -0.0193794 -5.882759 -1.896941 3.208838 1.993506 0.2864754 20.65925 1.42728 0 0.0
0.03321213 -0.007688619 -6.653793 -4.032264 0.7530599 0.4681565 0.266051 19.24767 1.452642 1 0.007711986
0.009392749 0.01500415 -2.437787 -1.495895 1.177137 0.8508281 0.4095797 19.29174 nan 0 0.0
-0.03822907 -0.0210705 -4.272827 -2.285216 1.912103 1.288457 0.32161 20.32963 1.556622 0 0.0
-0.02239623 -0.03595689 -2.783279 -5.443313 0.7062613 0.4746667 0.2457914 18.99964 1.59841 0 0.0
0.03352093 -0.01436837 0.5782535 -3.308032 1.540267 1.183524 0.02514667 20.33408 1.480461 0 0.0
-0.00509053 -0.004080135 -5.107562 -3.694567 0.6025441 0.4229733 0.1741825 18.75326 nan 0 0.0
-0.01192195 0.04794731 -4.082396 -2.941422 0.358639 0.2781274 0.1058051 18.20047 1.527042 0 0.0
0.03865445 -0.01295698 -2.958932 -4.715789 4.457109 2.384609 -0.2609544 20.66288 1.559702 0 0.0
-0.03631912 -0.008488142 -7.368755 -5.349354 1.918298 1.325115 0.1225209 20.41421 1.474951 0 0.0
-0.0118801 -0.002288427 -3.405188 -3.031757 0.3261265 0.2500028 0.06621009 18.10484 1.7635 0 0.0
0.01214709 0.01648363 -5.082749 -3.354092 0.8305635 0.5306569 0.3373613 19.34579 1.352341 0 0.0
-0.007645732 0.04654818 -5.014741 -3.702007 0.8585472 0.5612039 0.2887237 19.29435 1.373764 1 0.2088801
-0.01948773 -0.03793926 -5.244553 -4.680075 0.282447 0.1999876 0.1756071 17.85828 1.998453 1 0.0
-0.01111583 0.03966198 -7.847974 -0.9535927 1.758155 1.48022 0.01814228 20.56866 1.128067 1 0.0641692
0.01331808 -0.001991259 -4.596786 -4.096616 0.2644936 0.1964185 0.1551425 17.74137 1.40974 0 0.0
-0.02786117 -0.01565412 -15.66802 -10.15172 1.265634 0.7530284 0.3999965 19.74731 1.953665 0 0.0
0.003239314 0.03501686 -3.177654 -4.041984 2.558791 2.063077 0.1172616 20.88253 1.711199 0 0.0
0.003638678 0.0003297876 -4.559144 -5.309682 0.7314665 0.610836 0.03443826 18.01838 1.71664 0 0.0
0.006851698 -0.003855287 -3.404555 -3.165782 2.061841 1.48402 -0.1014734 20.43892 nan 0 0.0
0.0001801143 -0.001016663 -4.396282 -3.545451 0.0889903 0.07225966 -0.01636007 15.54636 2.268787 1 0.0
0.01646798 -0.01590825 -4.382717 -3.234889 1.403536 1.002494 0.4433615 19.88709 nan 0 0.0
0.03482605 -0.02450877 -6.456661 -5.527143 1.061427 0.7727706 0.286588 18.88815 1.542852 0 0.0
0.03123882 -0.01431342 -4.899527 -7.005787 0.6199527 0.4810534 0.08939468 18.89367 nan 0 0.0
-0.04038355 -0.009483212 -6.859695 -3.699313 2.770125 2.085616 0.2679593 20.71016 nan 0 0.0
-0.003188479 -0.0264608 0.6411342 -5.075955 1.563138 0.9395937 0.4160591 20.03228 1.282192 0 0.0
0.03535352 -0.02630206 -6.284564 -6.10218 0.195453 0.1375921 0.0976507 17.17879 1.468861 1 0.0
0.003922953 0.00209597 -10.75107 -6.783473 4.250508 2.371724 0.237669 20.68031 nan 0 0.0
-0.03772661 9.920142e-06 -4.130891 -2.964519 1.720862 1.365991 -0.1013666 20.46485 0.7929535 0 0.0
-0.02200183 0.04343478 -0.3422633 -8.036155 2.796608 2.00022 0.1754007 20.60338 1.794374 0 0.0
0.04049526 -0.02530286 -1.68898 -3.721801 0.3492279 0.2439978 0.1023497 18.29486 1.474699 1 0.0
0.02197773 0.03861301 -3.589213 -4.398492 1.456738 1.200727 0.06683799 20.2848 1.316496 0 0.0
-0.03998091 0.001045693 -1.219272 -8.02166 2.433514 1.554835 0.08234468 20.59297 0.8901558 1 0.01264939
-0.02843226 -0.02708329 -5.937727 -7.022626 0.3469778 0.2472399 0.1608585 18.27667 1.634428 1 0.0
0.02451952 0.02367724 -0.59516 -3.554404 0.6333179 0.4982645 0.03526078 18.8975 1.330734 0 0.0
-0.01973789 -0.02480155 -4.829108 -1.566694 0.317586 0.2432034 0.02966497 18.07732 1.424578 1 0.0
-0.01097073 0.005409848 -2.775485 -1.275895 0.7385201 0.4810702 0.2977309 19.09288 nan 0 0.0
0.002130009 0.004018691 -4.198466 -3.144308 0.5332371 0.3934289 0.1584537 18.93645 1.782812 0 0.0
0.0439244 -0.02332986 -1.578115 -2.925198 1.941798 1.086404 0.4090139 20.09334 nan 0 0.0
0.03366163 -0.02323001 -3.397411 -0.4282762 0.3162411 0.2175712 0.1046911 18.08926 1.40591 1 0.0
-0.00379743 -0.003233152 -5.893547 -4.074133 2.003275 1.27937 0.1838395 20.26759 nan 0 0.0
-0.009016295 0.03363138 -5.530904 -3.205026 0.3205192 0.2258703 0.1833105 18.0343 1.463701 1 0.0006274911
0.02740682 -0.01835466 -5.980546 -6.004372 0.5191739 0.3489488 0.1000588 18.8488 nan 0 0.0
-0.02331235 -0.004234301 0.128935 -5.658401 1.940931 1.553675 0.1077011 20.56284 1.633352 0 0.0
-0.02097191 0.04288974 -4.334207 -2.665517 1.279298 0.8194098 0.3661528 19.87278 1.132362 1 0.2337079
0.006548491 -0.0002465406 0.9200109 0.6771042 1.314039 0.8288307 0.4628767 19.74652 1.235382 0 0.0
-0.001583762 0.009752202 -3.297912 -2.861107 0.2709745 0.2038512 0.1374826 17.77301 1.623964 0 0.0
0.02042879 -0.006708725 -6.237915 -1.512021 2.994912 1.982519 0.2856701 20.45708 1.528879 0 0.0
-0.02886319 0.005612232 -5.036877 -5.730647 1.034609 0.6698789 0.3478689 19.49109 1.537037 0 0.0
-0.02937398 0.007660414 -9.279193 -5.215838 1.702049 1.156336 0.1392809 20.22838 2.254957 0 0.0
0.007893175 0.01451614 -4.58074 -1.882718 1.018711 0.6630538 0.3342046 19.44381 1.394678 0 0.0
-0.01387316 0.04638657 -5.25117 -0.00945293 0.5398217 0.3974409 0.1483354 19.00108 1.962545 1 0.0
0.006620363 -0.04735424 0.9981657 -1.792148 1.295575 0.8309233 0.3765585 19.85964 nan 0 0.0
0.02948679 -0.02828174 -5.622468 -2.303616 0.3579155 0.2521241 0.09585168 18.34812 1.537943 0 0.0
-0.01559428 -0.02906485 -3.742149 -3.712486 0.3760778 0.2611068 0.06979907 18.21776 1.82106 1 0.2718996
-0.02452684 0.03355349 -2.150288 -1.868019 0.6378091 0.423083 0.2742906 18.87963 1.376944 0 0.0
0.007041195 -0.04767092 -4.762554 -3.239322 0.1019451 0.08205174 -0.05689319 15.93023 2.234887 1 0.0
-0.03726448 -0.002099247 -7.18941 -4.429433 0.557813 0.4215095 0.2695863 18.5525 nan 0 0.0
0.04877799 -0.007648513 -3.81846 -5.742743 1.659535 1.645716 -0.4453166 20.40572 1.693121 0 0.0
0.01552482 -0.02489536 -5.784565 -4.611615 0.9744277 0.6311426 0.2814146 19.483 1.241329 0 0.0
0.01510763 -0.04362158 -4.67333 -3.896037 0.1891207 0.1425761 -0.0181673 17.14602 1.390394 1 0.0
-0.01893536 0.001176867 -3.491538 0.5443078 0.9772479 0.7554117 0.0214563 18.68055 1.487654 0 0.0
0.03669305 -0.02891232 -3.051846 -2.356629 0.3138728 0.2202385 0.0823605 18.08846 1.448694 1 0.002739371
-0.0225387 -0.003608321 -2.897046 -5.31782 1.92841 1.243033 0.2498205 20.29482 1.623074 0 0.0
0.004143884 -0.0490515 -2.258449 -3.426285 1.71109 1.611587 0.7946518 19.38016 nan 0 0.0
-0.03959983 -0.009570297 -7.738541 -3.431382 1.327099 0.8647867 0.2787396 19.89279 nan 0 0.0
0.04303472 -0.01079014 0.3535318 -8.9073 0.3959872 0.2768187 0.106717 18.42974 1.498165 1 0.0
0.01177114 0.002132834 -1.467842 -1.384112 1.890717 1.225749 0.1866396 20.33057 1.522274 0 0.0
-0.007678592 0.006726559 -9.709482 -5.818271 1.439139 0.9097987 -0.04235183 19.43875 1.778658 0 0.0
0.03520168 -0.03305778 -2.217822 -4.187124 0.5930409 0.4922467 -0.05745429 18.96801 nan 0 0.0
-0.0354274 0.004364243 -1.679536 -5.882892 2.434644 2.592414 -0.45013 20.65741 1.397099 0 0.0
0.04432817 0.02154207 -6.048258 -5.529212 1.454706 0.9062758 0.1772543 19.76791 1.403852 0 0.0
0.03575004 -0.032959 -6.899525 -7.06085 0.08126744 0.06687098 -0.1294032 15.58453 1.671476 1 0.0
0.006158488 0.01454309 -6.876354 -8.089641 0.4104836 0.308975 0.2651115 18.41811 nan 0 0.0
-0.02153124 -0.04363548 -8.306988 -5.336806 0.4824422 0.3330128 0.2283592 18.76041 1.708582 1 0.0
-0.02544391 -0.0304538 -2.863058 -5.372077 0.8292832 0.5359421 0.3683817 19.30973 1.474464 1 1.930789e-05
-0.01627595 0.04658037 -8.966718 -7.784512 1.017798 0.6695575 0.3082448 19.64399 2.247299 1 0.0
-0.02039627 -0.04242954 -8.038856 -3.896658 1.146962 0.7574913 0.2242152 19.98015 1.58848 1 0.005476811
0.007070398 -0.04875811 -3.425954 -3.193527 0.3941944 0.2474085 0.1776042 18.18589 1.514788 0 0.0
0.01643527 0.002985955 -12.70183 -10.77221 2.128709 1.599275 0.1040673 20.43243 1.156212 0 0.0
-0.007671757 -0.03598279 -1.188488 -3.518682 0.4872847 0.3498441 0.23331 18.56867 1.656174 1 0.0
0.04606324 0.001242419 -6.43971 -4.287798 2.183015 1.374504 0.140059 20.42972 0.9400635 0 0.0
-0.03961926 -0.02162476 -3.164753 -2.755586 0.9319062 0.5827387 0.4440554 19.51573 1.495354 1 0.3604773
-0.001975468 0.003061208 -3.184737 -2.24976 0.5616791 0.4457414 0.036401 18.0336 1.897818 0 0.0
0.02570919 0.01204942 -6.681913 -7.213677 1.097015 0.736299 0.2765399 19.56635 1.272821 1 5.353025e-06
0.03962496 -0.01196976 -7.665015 -4.989027 0.8486736 0.5248585 0.1954136 19.24779 1.603874 1 2.750809e-05
0.03811031 -0.01978485 -8.289102 -7.641875 0.09605206 0.0703941 -0.01070377 15.83387 1.980567 1 0.0
0.04298399 0.009134073 -2.133317 0.1212917 0.3770371 0.2655633 0.07150842 18.34561 nan 0 0.0
0.009825151 -0.02709494 -5.73092 -6.327839 1.235537 0.8240382 0.3980327 19.78462 nan 0 0.0
0.01090901 0.002552654 -4.929995 -2.975666 1.503026 1.312123 -0.06286874 20.49829 0.8657665 0 0.0
-0.03033428 0.02315512 -6.075045 -3.641392 0.9832345 0.7342165 0.5119944 19.36471 1.218161 0 0.0
0.02170054 0.03275758 1.064395 -0.02396827 2.08746 1.935552 -0.0351958 20.66586 nan 0 0.0
-0.03499869 -0.01917594 -3.111737 -4.760521 0.9050678 0.5705583 0.3784613 19.35634 1.351763 1 0.004429933
0.04824935 -0.00730847 -7.912224 -5.809405 0.4139582 0.3193933 -0.07700505 18.51117 1.367914 0 0.0
-0.0320456 -0.01230361 -1.914887 -3.118382 1.011575 0.6434672 0.3623163 19.53679 1.478222 1 0.1685952
0.001062163 0.0120067 -1.614166 -3.331457 1.697948 0.9772036 0.3646091 20.08701 1.178303 0 0.0
0.002237599 -9.355803e-05 -5.902235 -2.264396 2.229746 1.714028 0.04551448 20.51736 nan 0 0.0
0.02927601 -0.03671209 -2.846876 -3.036281 0.7885744 0.4708894 0.209456 19.13665 1.795372 1 0.2839611
0.009781747 -0.04784688 -3.038831 -2.220315 1.747265 1.024659 0.3410731 20.15878 1.42477 0 0.0
-0.0260193 -0.03467316 0.1753899 -2.87023 0.7359134 0.4534596 0.4761255 19.08006 1.900087 1 0.0
0.0274147 0.02977538 -4.664484 -3.393393 0.2298565 0.1753957 0.07981374 17.23241 1.786339 0 0.0
0.0097606 0.04074183 -5.241955 -4.138615 2.178123 2.494189 -0.2664466 20.56616 1.195637 0 0.0
0.003531007 0.001725975 -4.623861 -2.234977 1.007485 0.6084687 0.2714503 19.18142 1.667309 0 0.0
0.02914107 -0.01711591 -5.067032 -3.550311 0.9410708 0.5861199 0.2678469 19.53164 1.651527 0 0.0
-0.002132083 -0.0004559495 5.839158 -2.463014 2.667143 1.732222 0.1400943 20.28842 1.403603 0 0.0
0.006084314 -0.02936025 -4.508353 -5.115254 1.512621 0.8964703 0.3523595 20.01427 1.35672 0 0.0
0.02808133 0.01297125 -7.668654 -7.130671 0.8146304 0.5284438 0.2973748 19.23802 1.305561 0 0.0
0.004573622 0.04415295 -2.981464 -1.187857 1.121158 0.7339393 0.4499603 19.47053 1.834837 0 0.0
0.02780671 0.0126052 -6.922088 -5.557688 2.568407 2.287172 -0.5387721 20.54051 nan 0 0.0
-0.02958705 0.003590001 -7.838927 -4.791042 1.578808 1.178884 0.2729342 20.04505 nan 0 0.0
0.03104143 -0.01664026 -3.041759 -5.716722 1.212383 0.7575193 0.3254833 19.89219 1.547356 0 0.0
-0.02251488 -0.01262625 -8.047772 -6.027248 1.419516 0.78727 0.3562239 19.69457 1.482561 0 0.0
0.0311158 0.007430435 -2.404407 -0.6514343 0.2622382 0.1891466 0.1017244 17.77167 1.611893 1 0.0
0.006867256 0.03644317 -4.121879 -1.570024 0.6025263 0.3769728 0.3448583 18.6357 1.756964 1 0.001747835
-0.03017675 0.006462101 -0.6505251 -7.577761 0.6036709 0.4833758 -0.499732 18.13729 1.956032 0 0.0
-0.007624766 0.03802616 -6.298266 -5.794775 1.143107 0.7741689 0.1617827 19.19481 1.578516 0 0.0
