scripts/get_globular_clusters/output/BH_176.csv
# %ECSV 0.9
# ---
# datatype:
# - {name: x, unit: deg, datatype: float64}
# - {name: y, unit: deg, datatype: float64}
# - {name: pmx, unit: mas / yr, datatype: float64}
# - {name: pmy, unit: mas / yr, datatype: float64}
# - {name: pmx_e, unit: mas / yr, datatype: float64}
# - {name: pmy_e, unit: mas / yr, datatype: float64}
# - {name: pm_corr, datatype: float64}
# - {name: g_mag, unit: mag, datatype: float64}
# - {name: bp_rp, unit: mag, datatype: float64}
# - {name: filter, datatype: int64}
# - {name: memberprob, datatype: float64}
# meta: !!omap
# - comments: [deg deg mas/yr mas/yr mas/yr mas/yr dimless mag   mag   zeroone float]
# - __serialized_columns__:
#     bp_rp:
#       __class__: astropy.units.quantity.Quantity
#       unit: &id001 !astropy.units.Unit {unit: mag}
#       value: !astropy.table.SerializedColumn {name: bp_rp}
#     g_mag:
#       __class__: astropy.units.quantity.Quantity
#       unit: *id001
#       value: !astropy.table.SerializedColumn {name: g_mag}
#     pm_corr:
#       __class__: astropy.units.quantity.Quantity
#       unit: !astropy.units.Unit {unit: ''}
#       value: !astropy.table.SerializedColumn {name: pm_corr}
#     pmx:
#       __class__: astropy.units.quantity.Quantity
#       unit: !astropy.units.Unit {unit: mas / yr}
#       value: !astropy.table.SerializedColumn {name: pmx}
#     pmx_e:
#       __class__: astropy.units.quantity.Quantity
#       unit: !astropy.units.Unit {unit: mas / yr}
#       value: !astropy.table.SerializedColumn {name: pmx_e}
#     pmy:
#       __class__: astropy.units.quantity.Quantity
#       unit: !astropy.units.Unit {unit: mas / yr}
#       value: !astropy.table.SerializedColumn {name: pmy}
#     pmy_e:
#       __class__: astropy.units.quantity.Quantity
#       unit: !astropy.units.Unit {unit: mas / yr}
#       value: !astropy.table.SerializedColumn {name: pmy_e}
#     x:
#       __class__: astropy.units.quantity.Quantity
#       unit: &id002 !astropy.units.Unit {unit: deg}
#       value: !astropy.table.SerializedColumn {name: x}
#     y:
#       __class__: astropy.units.quantity.Quantity
#       unit: *id002
#       value: !astropy.table.SerializedColumn {name: y}
# schema: astropy-2.0
x y pmx pmy pmx_e pmy_e pm_corr g_mag bp_rp filter memberprob
[from data line 2658]
0.009473897 0.02891252 -2.60441 -3.393857 0.2430874 0.1846197 0.1323038 17.66589 1.427509 1 1.793772e-06
-0.004592373 0.01133892 -5.076476 -4.315156 2.153618 1.734375 0.7231205 19.66458 nan 0 0.0
-0.007510514 -0.002833046 0.4358452 0.8941053 1.692681 1.534284 -0.04763012 18.53566 1.567741 0 0.0
-0.02164394 0.03264698 -3.435217 -2.82398 0.4230001 0.297799 0.1828768 18.48748 1.377295 0 0.0
-0.01176066 0.03005642 -0.1949939 -4.575858 2.795907 1.105823 0.2785483 20.20725 1.225487 0 0.0
0.02618355 0.01931998 -4.352731 -4.097594 0.7546734 0.4770253 0.05379616 19.07368 1.273596 0 0.0
-0.03803519 -0.01857553 -4.047958 -0.5983017 0.4502906 0.3127019 0.2438151 18.72185 1.476152 1 0.0
-0.008576584 0.04197039 -3.363824 -2.959646 0.242168 0.1809021 0.1243713 17.34934 2.153849 1 0.3197452
-0.01333601 0.01912309 7.646438 1.853275 3.776966 1.954118 0.3734165 20.72165 1.628702 0 0.0
0.03143098 -0.005066721 -4.751863 -3.960065 1.463253 0.86871 0.368162 19.9632 1.926184 0 0.0
0.007235024 0.004453068 -0.7018142 -5.925922 2.28655 1.413633 0.3400462 19.99441 1.207226 0 0.0
0.01982269 -0.02736506 -7.815801 -2.523966 1.843887 1.155001 0.1646471 20.28761 1.248724 0 0.0
0.008444294 0.02754323 -4.177604 -3.01243 0.3656024 0.266829 0.1255469 18.35366 2.039024 1 0.8637717
0.01584879 0.0369484 -10.20954 -1.872628 0.5205027 0.4424997 -0.082228 17.98201 1.425575 0 0.0
-0.003966489 0.0271776 -4.947777 -3.404212 0.4844853 0.3436373 0.211487 18.68396 1.793768 0 0.0
0.01490997 0.01332428 0.9042324 -8.620887 2.050719 1.589041 0.1136641 20.51968 nan 0 0.0
0.01512325 0.005946592 5.981416 6.939258 2.155199 1.433068 0.201864 19.8942 1.180578 0 0.0
0.03055827 -0.00635934 -3.682529 -3.279416 1.761212 1.644377 0.01810819 20.6197 0.5279694 0 0.0
-0.03107169 0.02661839 -3.820804 -3.234429 0.3667992 0.244876 0.2686293 18.1215 1.850672 1 0.7517225
2.336386e-05 0.01335712 -1.865659 -2.371512 0.4782505 0.3563637 -0.1900821 18.40503 nan 0 0.0
-0.02519911 -0.01184558 -2.872348 -5.397645 0.9060193 0.5186993 0.2099677 19.18896 1.622252 1 0.0001271284
0.03631878 -0.01887175 -4.391385 -3.120778 0.3898885 0.2738144 0.09585698 18.34389 2.000713 1 0.6983645
0.01713915 -0.02887464 -6.03754 -6.249532 0.3089329 0.2182906 0.1195256 17.8919 1.472204 1 0.0
-0.007399289 -0.02524056 -3.857434 -1.695632 1.485816 1.160841 0.1358441 20.46442 1.379059 0 0.0
-0.005240636 0.02483144 -5.4924 -5.012458 0.4320737 0.3186107 0.1396729 18.64339 1.335743 1 0.0
0.03451413 0.01836104 -2.698951 -0.7563888 1.126591 0.7339763 0.4150168 19.63399 1.416342 0 0.0
-0.02482674 0.02574465 -4.58604 -4.946597 0.341036 0.2601546 -0.003396623 17.95594 1.995125 1 0.0
0.01708956 -0.03063702 -6.802738 -2.419541 2.051432 1.315947 0.1168024 20.36806 0.9279079 0 0.0
0.01290275 0.02014936 -3.795223 -5.511144 0.4729909 0.347736 0.1528378 18.78362 1.430992 1 0.0
-0.0138605 0.002548078 -4.82624 -3.524593 2.430374 1.502724 0.2381914 20.48323 0.8178539 0 0.0
0.0002680857 -0.03760724 -3.783082 -2.682447 0.1629997 0.1197942 0.07032392 16.76483 1.839614 1 0.138561
0.03010266 0.0325852 -2.910637 -1.97283 0.2312294 0.17966 0.08731557 17.57136 1.650278 1 0.0
0.008313931 0.01066704 1.724591 -2.365268 1.540301 0.9927095 0.06080429 19.62133 nan 0 0.0
0.01641473 0.02888776 -7.63235 -7.88279 0.3832333 0.2903317 0.07853357 18.36032 1.327248 1 0.0
0.02100517 0.01201356 -7.514368 -4.556789 0.8653893 0.5408068 0.3650699 19.31679 1.430593 0 0.0
-0.004378339 0.02848601 -4.714733 -9.37184 0.4344549 0.3056261 0.1325367 18.50682 1.371302 1 0.0
0.03185696 0.01682555 -5.02972 -0.5264726 1.16887 0.7741826 0.3684843 19.40763 1.420467 0 0.0
0.01015058 -0.01627271 -5.068778 -2.107344 0.4434527 0.309396 0.1377274 18.64378 1.415909 0 0.0
0.01372654 -0.04672251 -5.374947 -3.007137 0.2942957 0.2054398 0.1089284 17.81347 1.451443 1 0.0004394589
0.01671905 0.001925371 -3.137986 -3.045001 0.3600744 0.2639844 0.0529091 18.26674 1.87677 1 0.570468
0.01260508 -0.03089884 -5.887679 -2.619604 0.2579301 0.1880216 0.1010573 17.72698 1.50049 1 0.0
-0.0002018227 -0.03884701 -5.136099 -4.285638 0.2146853 0.1451099 0.0626649 17.24689 1.289587 1 0.0
-0.02086117 -0.03136712 -0.7619746 -3.041797 0.9032216 0.5917927 0.389386 19.3623 1.772224 1 0.006334772
-0.003426001 0.008706878 -3.956459 -2.607602 0.3224082 0.2364377 0.1366053 18.16679 1.898905 0 0.0
0.0105948 -0.04482963 -9.677785 -1.186382 0.148772 0.1146928 -0.04965818 16.79798 1.77006 1 0.0
0.0007976235 0.0156383 -4.2262 -2.851061 0.218398 0.1806932 -0.04497001 17.40222 2.058167 0 0.0
0.001346446 0.01497834 -12.65913 -0.2242211 1.175212 0.7629533 0.3394476 19.7554 1.814276 0 0.0
-0.03950416 -0.01868735 -10.65533 -0.7723523 1.242015 0.7734345 0.4731293 19.84614 1.3892 1 0.0
0.03624489 0.01296959 -2.122226 -2.444311 0.6968442 0.4428763 0.2344711 19.06718 1.707773 0 0.0
0.02797091 -0.02511463 -9.061606 0.5642894 2.190769 1.275241 0.1212316 20.37914 1.746971 0 0.0
0.01047705 -0.001315353 -3.750381 -2.809937 0.321356 0.2356256 0.1166793 18.1453 1.794764 1 0.9106338
0.01558493 0.009452151 1.590188 -2.266871 1.762685 1.6491 -0.0400458 20.06095 0.2274208 0 0.0
-0.0008580029 -0.0234242 -5.537595 -5.385978 1.481116 1.108239 0.08379271 20.14043 1.275763 0 0.0
0.005171847 0.04438177 -8.549727 -1.213338 1.032516 0.7084483 0.07863843 19.43996 nan 0 0.0
0.001189646 0.01533693 -6.985143 -3.297471 3.724825 2.260638 0.5571578 20.46134 nan 0 0.0
0.01662973 -0.02960307 -3.875306 -2.95603 2.440981 1.5445 -0.576708 20.00286 0.7796574 0 0.0
-0.044517 -0.009811119 -5.444007 -4.58171 0.7726605 0.4787094 0.472524 19.18644 1.569857 1 0.01508854
-0.01150768 0.03807879 -5.192855 -4.115723 0.8367872 0.5421376 0.3469807 19.35721 1.729555 1 0.1391007
0.001914365 0.002015984 -4.999633 -6.038566 0.7931218 0.4953006 0.3383343 19.15223 1.533035 0 0.0
0.01253483 2.692737e-05 -4.069851 -3.24239 0.2703996 0.2011539 0.1355066 17.72982 1.927458 1 0.948623
-0.0005940121 0.01001544 -6.573754 -1.028888 0.9585013 0.6232112 0.2399269 19.25028 1.272806 0 0.0
0.02491652 -0.02348407 1.034358 -7.442647 1.887207 1.203128 0.1878492 20.36731 1.301435 0 0.0
-0.01296949 0.004787554 -3.668013 -2.743436 0.3657809 0.2729716 0.09741357 18.16139 1.721584 0 0.0
0.03323437 -0.003866307 -4.060512 -4.37703 0.7778006 0.4725947 0.2290758 19.09133 1.521076 1 0.05976901
-0.03369738 -0.003450827 -4.197397 0.001062512 1.876786 1.203138 0.292593 20.32597 1.69466 1 0.07442442
-0.01109204 0.02156506 -10.6271 -6.201781 2.672477 1.871882 0.09539832 19.59805 1.527128 0 0.0
-0.01555776 0.03957682 -2.973303 -4.819695 0.2409279 0.1794576 0.1223231 17.64291 1.393169 1 0.0
0.03122432 0.03871852 -5.851894 -5.36983 1.301597 0.7963703 0.4145899 19.02712 nan 0 0.0
0.02707883 -0.02683455 -1.963559 -9.368045 2.260522 1.476851 0.0675309 20.54282 2.143951 0 0.0
0.0263851 -0.04188314 -7.493286 -2.973074 0.5039773 0.3526679 0.1155672 18.83904 nan 0 0.0
-0.009918476 0.03447807 -4.775612 -3.11061 0.4391717 0.2893638 0.273561 18.34316 1.499943 1 0.5134594
-0.01020718 0.008908094 -7.308186 -8.270691 1.828099 1.140844 0.3266803 20.00064 1.457602 0 0.0
0.04167019 -0.01421072 -7.271761 -4.258663 0.6816102 0.4720828 0.1131346 19.09869 1.540228 0 0.0
0.008551405 -0.03148923 -5.098525 -4.856731 0.1003833 0.08249589 0.01185561 15.94718 1.986613 1 0.0
-0.01126752 -0.02424568 -5.844479 -4.240459 1.488187 1.274224 -0.08017421 20.07682 1.38158 0 0.0
0.007502724 -0.03808085 -2.576041 -2.002456 0.186237 0.1454689 0.001751137 17.12923 1.376789 1 0.0
-0.01484735 -0.006355721 -4.182364 -2.079843 2.485101 1.615835 0.2421065 19.70945 1.890768 0 0.0
0.005791938 -0.0180153 -5.566292 -3.605808 0.9770589 0.6270508 0.3214801 19.58915 1.694056 0 0.0
-0.01944989 0.01363165 -0.4450308 -7.054022 2.443858 1.561346 0.1901699 20.29013 1.412392 0 0.0
-0.02789954 -0.0001931688 -1.692732 -2.989493 1.448264 1.176632 0.1445554 20.30017 1.57308 0 0.0
0.02455585 0.03721558 -5.151296 -2.318966 0.9132034 0.5461613 0.3081909 19.19697 1.416908 0 0.0
0.01068194 -0.005145354 -4.718262 -3.349192 0.6172762 0.4368712 0.1742265 19.00224 1.015141 1 0.7392002
0.01693447 -0.02620428 -8.008107 -4.625711 0.572707 0.4016842 0.2295109 18.74594 nan 0 0.0
-0.009426625 -0.02366163 -3.338735 -1.02101 1.911645 1.613677 -0.04047344 20.55504 1.306299 0 0.0
-0.01976476 -0.03086693 -8.717348 -3.920835 0.8568303 0.5426536 0.3786142 19.34137 1.367798 1 1.699142e-05
-0.003501057 -0.03700464 -3.678736 -3.774227 1.759125 0.8971811 0.1250065 20.01967 1.619129 0 0.0
0.007917407 -0.01680635 -5.806055 -4.821168 1.102127 0.7135313 0.3979264 19.69 1.354845 0 0.0
0.0448451 -0.01267626 -8.452475 -4.112857 1.260555 0.7714279 0.2617584 19.86116 1.571115 0 0.0
0.02847162 -0.006438165 -5.387728 -6.084671 1.030863 0.6082791 0.2532928 19.61019 1.386614 1 8.61254e-05
-0.003849622 0.03679065 -0.5202657 -1.696434 0.4588247 0.2909925 0.231504 18.39771 1.456211 1 0.0
-0.02322131 -0.01015085 -4.530855 -4.021939 3.83194 2.86523 -0.5705718 20.61718 1.224064 0 0.0
-0.03460791 -0.01782526 -6.150676 -3.657322 1.743853 1.057678 0.4479409 20.17974 nan 0 0.0
-0.03777203 -0.004514348 -3.776198 -4.28501 1.167471 0.7732576 0.2955373 19.86204 1.25461 1 0.159982
-0.0091074 -0.00293632 -3.822622 -4.388689 0.1649356 0.137319 0.08559251 16.83529 1.310734 1 0.0
0.02035022 0.03906768 -2.223055 -2.824834 0.3827991 0.2900373 0.14285 18.25738 1.422956 1 0.0005974708
0.02384862 -0.02448679 -5.285248 -4.471276 0.3413488 0.223657 0.217409 18.03471 1.821012 1 0.0
0.02521392 0.03936292 -6.203354 -5.819586 0.1739248 0.1316036 0.03716954 16.98932 1.957432 1 0.0
0.008882447 -0.04150668 -5.282617 -6.747308 1.278421 0.8067483 0.2935026 19.86848 0.9996586 1 0.000190679
0.00415756 -0.004190671 0.2767898 -1.389732 4.645225 2.884771 0.5916133 20.86744 nan 0 0.0
-0.001074599 0.02818865 -5.808312 -4.785491 0.3100204 0.2323971 0.2066797 17.89871 1.408039 1 0.0
-0.00977726 -0.03299245 -8.678166 -1.848459 1.185369 0.7315155 0.3385719 19.77701 1.334669 0 0.0
0.002561067 0.002717858 0.8240022 -2.529727 1.923256 1.312585 0.3999051 20.30928 1.135353 0 0.0
0.007136096 -0.001890759 -5.368162 -1.691949 1.918884 1.625324 0.7387835 19.86667 nan 0 0.0
-0.00212116 -0.02589998 -1.052716 -2.009526 2.542141 2.146457 -0.2565622 20.44041 nan 0 0.0
-0.01665739 -0.01289852 -3.71684 -6.213037 0.385155 0.2749045 0.1665775 18.39074 1.564625 1 0.0
-0.02808567 -0.01697795 -8.2501 -4.770982 0.6525512 0.4433424 0.2508044 18.623 1.431047 0 0.0
0.0004835776 -0.02623181 -2.914443 -2.834738 0.3818424 0.2948214 0.06146766 18.39462 1.325005 0 0.0
-0.02670217 0.03132073 -3.108648 -1.981867 1.23265 0.729708 0.2870677 19.67424 1.442804 1 0.2220422
-0.01708446 0.003645671 -4.431961 -2.443792 0.4925452 0.3579185 0.1857379 18.69045 1.270039 0 0.0
0.03789373 -0.02119993 -1.978588 -3.821187 1.50678 1.29552 -0.1085044 20.51756 1.438631 0 0.0
-0.0009958815 0.01416582 0.08546855 -1.616723 0.49145 0.3969212 0.0200393 18.86675 1.428659 0 0.0
0.01861 -0.02345832 -2.658536 -4.597401 0.1211799 0.09326426 -0.03578185 16.50736 1.781857 1 0.0
-0.0007704686 0.01399416 -5.769223 -5.573477 3.177612 2.193545 0.7103671 20.18613 nan 0 0.0
-0.01979961 -0.01760705 0.6131779 -5.185756 1.9184 1.339817 -0.06608245 20.38728 1.417133 0 0.0
-0.01585471 -0.0409706 -2.393441 -3.397354 0.3702489 0.2589098 0.3036765 18.31807 1.51313 1 0.0001146355
0.0477335 -0.003951019 -4.349106 -4.013758 0.9778775 0.6145093 0.2521483 19.60905 1.42351 0 0.0
-0.01223434 -0.03461045 -4.090982 -4.752743 0.5000858 0.3575929 0.138694 18.66458 1.808874 0 0.0
0.01007555 0.0463036 2.670254 4.033475 2.397937 1.551513 0.1080932 20.42642 1.054943 0 0.0
0.04248559 -0.01145341 -4.936381 -2.072262 0.2068918 0.1475131 0.08646666 17.37325 1.32523 1 0.0
-0.005786459 -0.001078047 -4.96627 -4.50859 0.8564442 0.5467512 0.3249905 19.30496 1.366007 0 0.0
-0.03882846 -0.01860287 -4.693623 -3.043826 2.139683 1.291826 0.3461351 20.3486 1.204422 0 0.0
-0.005786404 -0.001531996 -6.779334 -3.848287 1.038339 0.668957 0.3625212 19.60835 nan 0 0.0
0.0135391 0.01744838 -2.871011 -9.439148 2.455193 3.32007 0.08218637 20.64685 1.195162 1 0.1829776
-0.002718759 -0.02111256 -5.325036 -4.081604 2.083495 1.276254 0.2234951 20.25464 1.354082 0 0.0
-0.02190512 0.00343009 -8.591319 -4.235617 0.3573579 0.2574237 0.1515853 18.30735 1.456266 0 0.0
-0.02336336 0.02008056 -4.258007 -4.020147 1.216264 0.6898738 0.0823247 17.65874 nan 0 0.0
0.02870954 -0.01809984 -5.512018 -4.887418 0.4772749 0.3351069 0.08858709 18.8101 1.415113 1 1.03672e-06
0.02600017 0.04270417 -2.823337 -6.440198 0.3030163 0.2283569 0.1265364 17.6612 1.51656 0 0.0
-0.03176866 -0.001561236 -0.1602949 -2.820518 1.959711 1.197233 0.2961767 20.35942 1.166059 1 0.1726213
-0.03298186 -0.01821321 -5.622916 -4.31483 2.116114 1.28519 0.3344918 20.22934 1.678631 0 0.0
0.02472443 0.04090431 -3.885881 -1.315002 3.455814 2.078444 0.5479179 20.36258 1.206028 0 0.0
0.02150935 -0.02192221 -3.664527 -2.035473 0.2386808 0.1729613 0.1641289 17.58995 1.815178 1 6.184734e-06
0.02071797 -0.0176227 -4.040932 -4.503112 1.397625 0.9144532 0.1989828 20.16933 1.191425 0 0.0
-0.02868205 -0.01874832 -4.720919 -0.5150798 0.9016103 0.5964813 0.4341953 19.12892 1.667526 0 0.0
-0.03221901 0.0271784 -4.35041 -1.643878 2.023167 1.304539 0.2264169 20.32185 1.360695 0 0.0
-0.02118044 0.00431161 1.022378 -0.9873142 0.4218072 0.293797 0.210183 18.46036 1.496313 1 0.0
0.01718741 0.02387116 -4.940616 -7.445318 1.052877 0.6734536 0.3260448 19.68543 1.958817 0 0.0
-0.04500848 0.01290114 1.687531 -2.260724 2.780413 1.493391 0.2624895 20.47063 1.05349 0 0.0
-0.04335213 0.01276915 -5.958786 -4.10102 0.6575193 0.435696 0.1167151 19.06618 1.564106 0 0.0
-0.04408402 0.009373401 -7.053133 -5.01206 1.74715 1.004281 0.3185467 19.99664 1.885311 0 0.0
-0.046023 0.00799829 -2.507983 -2.573833 1.768735 1.419689 0.2105393 20.09673 nan 0 0.0
-0.04775652 0.007054366 -2.717707 -3.587605 0.9055272 0.5871458 0.2992862 19.28064 1.439745 0 0.0
-0.03981024 0.01973023 -6.970318 -4.813869 0.6435275 0.4071579 0.3496284 18.91685 1.459049 0 0.0
-0.04646793 0.01209485 -2.632217 -3.556291 0.4895302 0.3515666 0.02724309 18.51077 1.480623 1 0.03448185
-0.04115712 0.01303811 -2.782139 -6.898041 1.362682 0.7641451 0.2025984 19.87636 1.121632 0 0.0
-0.0483663 0.009281539 -3.589882 -3.77787 1.226489 0.7187686 0.4122336 19.75285 1.465212 0 0.0
-0.04905493 0.002303755 -3.005263 -0.0200205 0.5759493 0.3933331 0.2629942 19.09274 1.435101 1 0.0
-0.0400739 0.01855127 -6.33373 -4.302616 1.770613 1.432004 0.04596196 20.50926 1.45895 1 0.080206
-0.02840375 0.04061236 -5.799976 -4.219273 2.046362 1.343679 0.4727871 20.34999 1.367535 1 0.09700948
-0.04608867 0.004957912 -2.560668 -3.020396 0.618418 0.4255839 0.3142003 19.02878 1.459185 1 0.1261644
-0.04888611 9.14022e-05 -5.428488 -2.273158 0.9171438 0.5555722 0.4082083 19.36042 1.231199 1 0.03886234
-0.04223289 0.02161643 -7.641923 -4.049166 0.2865459 0.175881 0.1369652 17.42015 1.364225 1 0.0
-0.04189895 0.02083853 -3.84759 -3.911974 1.420917 0.9312984 0.3466452 19.8227 1.797943 0 0.0
-0.03627482 0.02363547 -1.243656 -1.766115 0.6255184 0.3968414 0.3171044 18.80467 1.474817 1 0.0002522232
-0.04004327 0.01707882 -4.999042 -4.08807 0.1929184 0.1417403 0.1281105 17.20976 1.252548 1 0.0
-0.0457345 0.0137435 -6.573903 -2.399373 0.2072014 0.1493058 0.01134719 17.1766 1.691759 1 0.0
-0.04817241 0.01137219 -2.469074 -5.002409 0.126128 0.1010741 -0.1160281 16.38206 1.643321 1 0.0
-0.0438791 0.01031963 -2.996051 -3.478296 0.1937178 0.1299284 -0.05050873 16.8868 1.782032 1 9.218072e-06
-0.04645028 0.003988629 -6.178856 -2.073981 0.3416072 0.2425374 0.1729198 18.22712 1.422306 1 0.0
-0.04328934 0.01921986 -10.54795 -6.718395 3.542704 2.180723 0.4226002 20.83955 nan 0 0.0
-0.04973614 -0.002183032 2.139923 -1.10147 2.586534 1.661275 0.3493154 20.58764 1.377125 0 0.0
-0.04798828 0.003643793 -6.140972 -5.057002 3.1681 2.064457 0.4877192 20.7739 1.297743 0 0.0
-0.02911884 0.03940648 -10.69622 -8.791436 3.474982 1.976951 0.2171884 20.69846 1.817822 0 0.0
-0.04914659 -0.003860892 -8.610454 -8.690951 1.268728 0.8336174 0.1911027 19.02656 1.522709 0 0.0
