scripts/get_globular_clusters/output/BH_261_AL_3.csv
# %ECSV 0.9
# ---
# datatype:
# - {name: x, unit: deg, datatype: float64}
# - {name: y, unit: deg, datatype: float64}
# - {name: pmx, unit: mas / yr, datatype: float64}
# - {name: pmy, unit: mas / yr, datatype: float64}
# - {name: pmx_e, unit: mas / yr, datatype: float64}
# - {name: pmy_e, unit: mas / yr, datatype: float64}
# - {name: pm_corr, datatype: float64}
# - {name: g_mag, unit: mag, datatype: float64}
# - {name: bp_rp, unit: mag, datatype: float64}
# - {name: filter, datatype: int64}
# - {name: memberprob, datatype: float64}
# meta: !!omap
# - comments: [deg deg mas/yr mas/yr mas/yr mas/yr dimless mag   mag   zeroone float]
# - __serialized_columns__:
#     bp_rp:
#       __class__: astropy.units.quantity.Quantity
#       unit: &id001 !astropy.units.Unit {unit: mag}
#       value: !astropy.table.SerializedColumn {name: bp_rp}
#     g_mag:
#       __class__: astropy.units.quantity.Quantity
#       unit: *id001
#       value: !astropy.table.SerializedColumn {name: g_mag}
#     pm_corr:
#       __class__: astropy.units.quantity.Quantity
#       unit: !astropy.units.Unit {unit: ''}
#       value: !astropy.table.SerializedColumn {name: pm_corr}
#     pmx:
#       __class__: astropy.units.quantity.Quantity
#       unit: !astropy.units.Unit {unit: mas / yr}
#       value: !astropy.table.SerializedColumn {name: pmx}
#     pmx_e:
#       __class__: astropy.units.quantity.Quantity
#       unit: !astropy.units.Unit {unit: mas / yr}
#       value: !astropy.table.SerializedColumn {name: pmx_e}
#     pmy:
#       __class__: astropy.units.quantity.Quantity
#       unit: !astropy.units.Unit {unit: mas / yr}
#       value: !astropy.table.SerializedColumn {name: pmy}
#     pmy_e:
#       __class__: astropy.units.quantity.Quantity
#       unit: !astropy.units.Unit {unit: mas / yr}
#       value: !astropy.table.SerializedColumn {name: pmy_e}
#     x:
#       __class__: astropy.units.quantity.Quantity
#       unit: &id002 !astropy.units.Unit {unit: deg}
#       value: !astropy.table.SerializedColumn {name: x}
#     y:
#       __class__: astropy.units.quantity.Quantity
#       unit: *id002
#       value: !astropy.table.SerializedColumn {name: y}
# schema: astropy-2.0
x y pmx pmy pmx_e pmy_e pm_corr g_mag bp_rp filter memberprob
[from data line 1171]
0.0188614 -0.01281168 0.4916952 -5.37534 0.2195758 0.1958199 0.13701 14.09163 4.0145 1 0.0
0.02821179 0.0004880747 0.232418 -7.371204 0.7115789 0.655537 0.5452788 19.0053 0.8655853 0 0.0
0.01530127 -0.0001710985 -3.885916 -3.217763 0.141023 0.1204663 0.2697174 16.15704 1.318198 0 0.0
0.03268305 -0.005481317 -6.154147 -8.063302 0.5088197 0.4346518 0.3326788 18.73256 1.129786 0 0.0
0.02124673 -0.00413179 -0.365496 -6.25531 0.3889109 0.3330275 0.4821554 17.76347 nan 0 0.0
0.0267153 0.01412792 4.036664 -3.558663 0.4529162 0.3828439 0.2549733 17.85365 1.468439 0 0.0
0.02775855 0.008459006 1.215571 0.3477816 0.9174507 0.8223002 0.5130836 18.96486 nan 0 0.0
0.02797184 0.004678584 -2.151908 -3.015619 0.5422054 0.4575903 0.324546 18.43347 1.010174 0 0.0
0.02266716 -3.319464e-05 5.471445 4.062282 1.546321 1.328584 0.2144387 18.18953 nan 0 0.0
0.003221802 0.01735087 -5.00312 -8.310211 0.5923104 0.5200005 0.4467516 18.60519 1.047079 0 0.0
0.01591638 -0.006391054 -2.933625 -2.275681 0.09867419 0.08549791 0.312702 13.14232 2.688942 1 0.0
0.001721372 0.003743882 4.458898 -2.543631 0.6144786 0.5492472 0.01379352 18.48644 nan 0 0.0
0.01417772 0.0103004 0.1614965 -8.93293 0.7490171 0.5913834 0.3780997 18.70551 1.269297 0 0.0
0.01926441 -0.005785078 -0.8090491 -5.360084 0.1654703 0.1397328 0.2551847 16.52926 1.547702 1 0.0
0.02266707 -0.0004623481 -1.821134 -8.606941 0.2221383 0.1913326 0.2390176 16.78581 0.8162661 0 0.0
0.03083547 -0.003811827 3.766676 -3.473783 0.104072 0.08982952 0.3143563 15.50312 1.475114 0 0.0
0.01115146 0.01724161 -0.2834844 -3.820882 0.7953002 0.6446622 0.4455002 18.8321 nan 0 0.0
0.01784208 -0.0222605 -0.6894886 -1.83148 1.082848 0.8920875 0.09825464 18.55782 0.9625244 0 0.0
0.001292779 0.002336265 -0.3925747 -1.653015 0.9726437 0.7678129 0.11131 18.86829 1.039932 0 0.0
0.01537914 -0.01713316 -6.235594 -3.812844 0.6392157 0.56159 0.4120726 18.78127 1.166332 0 0.0
0.02711636 0.01116379 1.889539 -2.538974 0.5968244 0.5484554 0.5602921 18.55082 1.093307 0 0.0
0.02662781 -0.01391962 1.526904 -9.721465 0.9655621 0.7640547 -0.170456 18.91698 nan 0 0.0
0.01527604 0.01047763 -6.446486 -8.095136 0.3110506 0.2550497 0.3030041 16.56888 1.519104 0 0.0
0.01543667 0.009810037 -3.70613 -7.925617 0.7159744 0.6299904 0.4015855 18.96017 nan 0 0.0
0.01361393 0.0006283131 -0.1481073 -3.068492 1.180087 1.061254 0.3574025 19.16739 nan 0 0.0
-0.004412862 0.009765303 -3.089005 0.2675366 0.6271467 0.5805494 0.5142921 18.59309 1.351793 0 0.0
0.01613177 0.0008797262 -3.796672 -7.595776 0.7693264 0.6442292 0.2515737 18.62336 nan 0 0.0
0.01680243 0.007328367 -3.034117 -1.526021 1.017542 0.9448954 0.1266099 19.05435 0.9379044 0 0.0
0.004426656 0.001466429 -3.419868 -5.540639 0.5176322 0.4687894 0.226593 18.58148 1.638 0 0.0
0.0127827 -0.006678635 0.2050708 -3.344849 0.1891137 0.166819 0.1228027 16.76764 1.502621 0 0.0
0.02330821 -0.00807281 5.049832 -3.190121 1.035743 0.8544995 0.2860989 18.40145 nan 0 0.0
-0.005591022 0.0005851782 -2.123644 -6.412607 1.011365 0.8826523 0.3533862 18.88255 nan 0 0.0
0.003569383 -0.002687744 -1.544065 -1.29417 0.4443545 0.3670382 0.2684747 18.41795 nan 0 0.0
0.02727572 0.005920451 -5.149158 -7.990396 0.4982349 0.4202179 0.2778102 18.6436 0.9009476 0 0.0
0.02470411 0.005455695 2.286362 -2.797718 0.3219412 0.2708019 0.531955 17.65983 1.355433 0 0.0
0.02984933 0.0133031 -5.637759 -2.618652 0.9433191 0.9469694 0.4047026 18.94323 nan 0 0.0
0.01736573 0.01200319 1.221954 -0.4326939 0.9826605 0.9296498 0.4407685 18.85301 1.198465 0 0.0
0.02566759 0.002066105 -6.660102 -3.615388 1.181213 1.009948 0.5617735 19.00823 nan 0 0.0
0.009731776 0.01893357 -0.1617569 -0.9384585 0.4332696 0.3532337 0.485905 17.67646 nan 0 0.0
0.03088724 -0.009922988 -2.739194 -6.382585 0.5536875 0.4452449 -0.008493658 17.82186 1.325554 0 0.0
0.02705925 -0.002559565 3.221653 -2.102713 1.035268 0.9803665 0.4060977 18.81555 1.272835 0 0.0
-0.001171468 -5.957467e-06 3.4261 -3.627677 0.1078209 0.09289342 0.3135864 15.6147 1.476464 0 0.0
-0.0003679633 0.01276184 -3.254452 -10.16637 0.6701263 0.5904495 0.4190938 18.83635 0.9452343 0 0.0
0.003435887 0.01031847 -2.341066 3.789653 0.2596135 0.2159759 0.4137632 16.38744 1.277471 0 0.0
0.02676196 -0.01297171 0.3131482 -5.152961 0.4083613 0.3425239 0.121728 17.86424 1.037588 0 0.0
0.004561001 0.01109853 3.381211 -7.362869 1.344966 1.240954 0.2261692 18.91389 nan 0 0.0
0.01299736 -0.003472408 -0.7722725 -5.944759 0.6242312 0.5204969 0.159302 18.49728 nan 0 0.0
0.02711397 0.00190171 2.987063 -4.524587 0.9297176 0.8617951 0.59497 18.83085 0.846962 0 0.0
0.01503412 0.004686957 -3.888393 -4.343105 0.1871753 0.1598027 0.3173333 16.97983 1.159794 0 0.0
0.01626719 0.0105328 -2.215232 -5.595642 0.8305911 0.676107 0.4677847 18.79459 1.113308 0 0.0
0.01875468 -0.01051521 -6.670465 -7.016708 0.6981755 0.6232005 0.5076195 18.84721 nan 0 0.0
0.02338789 -0.01109407 6.496766 3.91308 1.264752 1.082413 0.3938018 19.16174 nan 0 0.0
0.01921552 0.01977149 2.596257 -1.256971 0.6043323 0.5040484 0.2354337 18.15004 1.262503 0 0.0
0.01409378 -0.01635669 -0.9306796 -8.576928 0.5751415 0.476023 0.4946146 17.57273 1.321421 0 0.0
0.02992592 6.035377e-05 -1.47501 -4.24283 0.5399537 0.4584962 0.3000953 18.72948 nan 0 0.0
0.003435222 -0.009983348 -1.640285 -4.502618 0.1568737 0.1293092 0.2467563 16.00748 1.290662 0 0.0
0.01891573 -0.008571651 -0.8265928 -7.716317 0.1139595 0.0983101 0.2928562 15.77755 1.442293 0 0.0
-0.005751906 0.003751368 -3.022527 -0.8032765 0.7400463 0.6880396 0.5191444 18.55216 nan 0 0.0
0.009973476 0.02517058 -9.936623 -7.638403 0.8394746 0.7117942 0.3813348 18.45135 1.134998 0 0.0
0.0001945724 0.003400574 3.418887 -4.288737 0.7810783 0.6920997 0.5905206 18.73828 nan 0 0.0
0.02944471 0.003362111 -9.461902 -8.041476 0.8267675 0.7692216 0.503297 19.01022 1.197113 0 0.0
0.01581097 0.005026351 -4.182352 -9.709683 0.7492742 0.6862942 0.325043 18.81033 nan 0 0.0
0.02071347 0.008126847 -3.541016 0.5285726 0.2767046 0.229594 0.5288812 17.02378 1.213303 0 0.0
0.02524256 0.01678713 -1.529561 -6.176095 1.131073 0.9173799 0.06406606 18.66231 1.296631 0 0.0
0.0172047 0.01018742 -2.228864 -0.9889904 0.6211544 0.5271315 0.2230822 18.73085 1.168596 0 0.0
0.03193516 0.001265206 -2.003028 -2.310605 0.5138099 0.446213 0.3652421 18.41571 1.114353 0 0.0
0.01506137 0.007898928 -1.614538 -3.304459 0.7341847 0.6509853 0.2784603 19.00666 nan 0 0.0
0.01484962 0.02596536 0.5640279 -1.29149 0.3858014 0.3458025 0.1964309 18.19743 1.237343 0 0.0
0.005712146 -0.002334979 -1.873668 -9.094885 1.171056 1.043883 0.6935894 18.74867 nan 0 0.0
0.03048494 -0.01186646 -4.850219 -4.149554 0.6278289 0.5250456 0.4007554 18.34518 0.9645672 0 0.0
0.01383101 0.02193146 4.653461 -4.320936 0.8901466 0.6574702 0.241517 18.75029 0.763649 0 0.0
0.006114203 0.002667974 -3.139223 -5.783523 0.6266989 0.5317064 0.2876269 18.38165 1.320017 0 0.0
0.01784249 -0.01990493 -1.459731 -7.148043 0.5425072 0.4636463 0.3932148 18.51984 1.076004 0 0.0
0.01771175 -0.001182372 -3.293965 -9.092275 0.6206568 0.5468845 0.3441423 18.78542 0.9336262 0 0.0
0.01307557 -0.02060804 0.1150067 -6.735636 0.7557496 0.6860938 0.5508538 18.58657 0.8636856 0 0.0
0.0300884 0.006247747 -5.882779 -4.902934 0.4299674 0.3554918 0.2474997 17.89204 1.233458 0 0.0
0.02352465 0.001606936 -4.034353 -1.037119 0.6323933 0.5592319 0.1737116 18.73533 1.169981 0 0.0
0.02325693 0.002232607 -6.351316 -6.664375 0.3895323 0.331638 0.2623123 18.08232 1.32539 0 0.0
0.02352835 0.01814365 -0.3526693 -2.582421 0.2720471 0.2261926 0.5263141 17.23101 0.890728 0 0.0
-0.001975025 0.0003774076 3.468191 -3.829337 0.09651276 0.08292591 0.2998726 15.22473 1.46751 0 0.0
0.01200456 -0.01906677 -6.116338 -3.443249 0.3617195 0.3060347 0.2784045 17.94783 0.9168682 0 0.0
-0.0007161738 0.007385023 1.141637 -0.1569984 0.1179042 0.1093894 0.4931116 15.48137 1.667999 1 0.0
0.002685416 -0.006017948 -0.03591058 -4.042443 0.122522 0.1001326 0.2413435 15.75387 1.52617 0 0.0
0.03032826 0.002038159 2.517629 -6.038834 0.9491838 0.8184253 0.3887485 18.7301 nan 0 0.0
-0.00374281 -0.000456152 2.9353 -2.786696 0.1422269 0.1172557 0.2644886 15.80356 1.597995 1 0.0
0.02743145 -0.0131588 -3.862579 -6.207651 0.1600287 0.137746 0.2039763 16.36326 1.503905 0 0.0
0.008416523 -0.0128828 -1.305397 -5.443401 1.056734 0.9064108 0.1705951 18.99222 nan 0 0.0
0.02887802 -0.01185075 -7.838322 -4.70957 0.4702121 0.4118096 0.2303695 18.39144 1.007318 0 0.0
0.01623802 -0.004836614 -4.598865 -4.988575 0.2406017 0.2006508 0.5221508 17.09283 1.366905 0 0.0
0.0006499403 0.004749067 3.586814 -3.475918 0.1130629 0.09934538 0.1592313 15.49973 1.463985 1 0.9994778
0.02475131 -0.02153521 0.2517882 -4.359482 0.6619363 0.6197145 0.448938 18.77815 1.130356 0 0.0
0.03180026 -0.001941006 -3.873344 -6.640906 0.36584 0.3066978 0.5125422 17.6594 1.220901 0 0.0
0.003274625 -0.00686292 3.017589 -3.602208 1.026146 0.8135881 0.1545042 18.80395 nan 0 0.0
0.01648247 0.01675453 -0.3987323 -6.682153 0.119278 0.1024691 0.3244275 15.89638 1.630022 0 0.0
0.007427191 0.009599194 1.303568 -5.342871 0.1343716 0.1169353 0.3302146 16.14946 nan 0 0.0
0.02443601 0.004442956 0.4340758 -2.771745 0.1767592 0.1511544 0.2906872 15.72614 1.64236 0 0.0
0.02871657 -0.01461826 0.98685 -4.297519 0.7528635 0.6696911 0.3196209 18.53508 nan 0 0.0
0.01873176 0.01113702 3.829252 -2.242834 0.5538118 0.4701871 0.2388427 18.43984 1.251976 0 0.0
0.003596096 -0.004768662 4.475004 -2.628561 0.1881171 0.1636538 0.3547496 15.98461 nan 0 0.0
-0.00401095 0.007142715 -1.22371 -6.139344 0.2571962 0.231288 0.4496366 16.95609 1.307856 0 0.0
0.02915055 0.005078806 -1.948616 -0.6425229 1.347244 1.231038 0.6383494 18.68571 0.8927345 0 0.0
0.01865063 0.006830237 0.3111922 -9.426654 0.3543618 0.2940252 0.4409079 17.56286 1.268694 0 0.0
0.001855469 0.01325392 0.6662329 -2.052486 0.6865978 0.6106223 0.3643473 18.77365 1.209818 0 0.0
0.01675076 0.0192474 -1.773952 0.02968849 0.349794 0.2986068 0.2576712 18.08465 1.272835 0 0.0
0.01811686 0.01819813 -7.305371 -4.69393 0.391507 0.3259196 0.5341904 17.75183 1.46476 0 0.0
0.03054536 0.01170072 -1.991613 -8.90106 0.4467843 0.3830579 0.3286031 18.4589 1.168392 0 0.0
0.02065351 -0.02431714 -4.021554 -0.03266245 0.8523033 0.6970795 0.4489852 18.98948 0.5896339 0 0.0
0.01642474 -0.009757603 -0.859146 -2.08029 1.163006 1.075768 0.5114249 19.04947 1.250582 0 0.0
0.02955043 -0.001715281 0.5102193 -4.36798 0.8860081 0.7466293 0.5213721 17.62628 0.9816513 0 0.0
0.01795257 -0.002549982 -1.229198 -6.723991 0.6026236 0.5020352 0.05939195 18.42777 nan 0 0.0
0.02888305 0.006423561 0.1498911 -4.456415 0.814014 0.6915791 0.5570237 18.92583 nan 0 0.0
0.005819102 -0.005606088 -3.763856 0.6887391 0.9571985 0.8294646 0.4544984 18.8992 nan 0 0.0
0.01763184 0.001503188 0.4682433 -2.805004 0.714067 0.5557076 0.8764434 17.7303 nan 0 0.0
0.003864219 0.002980886 -2.311596 1.234517 0.1074271 0.09208622 0.3168117 12.77378 1.704537 1 0.0
0.01342832 0.01540647 1.610619 -2.44869 0.4239791 0.3679806 0.3164598 18.18719 nan 0 0.0
0.02612308 0.002596236 0.1399793 -6.699293 0.6415245 0.5417168 0.2627185 18.48024 nan 0 0.0
0.02405731 -0.01167596 0.04446092 -6.617219 0.1002381 0.08618062 0.3146548 15.34805 1.637494 1 0.0
-0.005483932 0.001563654 3.715696 -3.787037 0.1193584 0.09829917 0.3091329 15.57078 0.8135004 1 0.9977247
0.01425829 0.01185297 -8.480091 -5.790309 0.9229581 0.7528844 0.2065164 18.9959 nan 0 0.0
0.01961033 -0.01793305 -2.297678 -1.114765 0.4939213 0.4586039 0.5853563 18.35941 nan 0 0.0
0.02572061 -0.0001960233 -6.024977 -2.403229 0.3899521 0.3329942 0.2656442 18.30326 1.037708 0 0.0
0.006758121 0.01916078 1.65175 -3.301416 0.7259341 0.6608556 0.2394381 18.86813 nan 0 0.0
0.007050538 -0.01463746 -2.032598 -4.937847 0.3352212 0.2894684 0.4954752 17.43664 nan 0 0.0
0.02623005 0.001932452 -2.320515 -3.859463 0.3603828 0.3028169 0.5249098 17.63913 1.047937 0 0.0
0.0004624121 -0.0008795176 0.8872283 -2.183729 1.395297 1.108468 0.09741167 18.29688 nan 0 0.0
0.002712318 -0.001417424 2.60748 -2.460271 0.6893382 0.5645808 0.1131817 18.69339 nan 0 0.0
0.01345473 0.01248441 1.516281 -5.688552 0.5568703 0.5039567 -0.03722098 18.64872 1.26766 0 0.0
0.02604035 -0.00693858 -6.046519 -7.203037 0.3129156 0.249587 0.452027 17.4628 0.9537239 0 0.0
0.007936618 0.01575799 -2.242213 -1.300066 0.1993901 0.1642729 0.3535907 16.78787 1.115075 0 0.0
0.02851049 0.01546068 -1.463032 -10.0898 0.6259823 0.5334015 0.1588415 18.42704 0.9117794 0 0.0
0.02239747 -0.008663889 -2.522917 -6.209658 0.323131 0.2672811 0.4930856 17.52516 1.394394 0 0.0
-0.002483849 -0.003519317 3.302603 -3.636157 0.1705189 0.141133 0.2647983 16.47237 1.308223 0 0.0
0.0148176 -0.01109823 -2.058809 -5.230295 0.4021266 0.341317 0.2703483 18.14408 1.023468 0 0.0
-0.004948447 0.006267202 -3.675156 -7.707361 0.09914633 0.09339373 0.5251409 14.72069 1.957552 1 0.0
0.01468404 -0.008618657 -0.610048 -8.186391 0.5429989 0.4903836 0.2530042 18.34875 1.188875 0 0.0
-0.0006357985 0.004966505 -6.560889 -6.125315 0.8432289 0.6723192 0.4212327 18.23296 nan 0 0.0
0.01037135 -0.01524999 -3.286217 -7.910934 0.3284979 0.2805154 0.5021545 17.57466 1.055218 0 0.0
0.02743621 0.005023956 0.7196306 -2.536624 0.4941002 0.4446826 0.1771743 18.43962 1.269428 0 0.0
-0.002939229 -0.001716884 -3.835315 -4.968849 0.8846958 0.6821534 -0.1333434 18.51396 1.096693 0 0.0
0.01163396 0.01990803 1.19298 -2.59548 0.7143606 0.5907369 0.9056577 17.11673 1.105522 0 0.0
0.001158924 0.008897546 4.918504 -0.1478787 0.9620691 0.7719279 0.4846203 18.53406 nan 0 0.0
0.005684933 -0.01024094 -3.815091 -4.945177 0.6138126 0.5379313 0.4830247 18.79836 nan 0 0.0
0.02834335 -0.008264784 -3.062345 -4.007705 0.4288062 0.3637612 0.1123803 18.25693 1.032335 0 0.0
0.0165324 -0.006362539 -0.9028571 -1.493819 0.3479589 0.2998101 0.5880654 17.5489 nan 0 0.0
0.02210851 0.01816685 -7.602122 -10.62069 0.1248291 0.1064929 0.2821696 15.5168 1.478947 0 0.0
0.0165303 -0.01968918 -1.392265 -9.665608 1.281688 1.170757 0.3704584 19.01187 nan 0 0.0
0.008846819 0.008332604 -0.8195578 -9.341586 0.3374842 0.2958162 0.3248458 15.9631 2.093204 0 0.0
0.01656227 0.01315726 -2.005169 -6.550061 0.4789185 0.4146889 -0.004924941 18.22645 nan 0 0.0
0.003301328 -0.00943212 -2.155494 -2.895088 0.1861269 0.1528121 0.2248413 16.61291 nan 0 0.0
0.01803778 0.02569211 -3.366813 -0.7180471 0.1160283 0.1011206 0.3329798 15.78678 1.649515 1 0.0
0.0001410166 0.0152166 -2.359686 -5.336127 0.7328902 0.5928811 0.9040995 17.38505 1.536022 0 0.0
0.00273908 -0.002281454 3.36603 -3.478821 0.3791512 0.3258623 0.3295818 17.96693 nan 0 0.0
0.01596834 -0.01695396 -4.829927 -6.057403 0.1433401 0.1232969 0.3001643 15.89131 1.61934 0 0.0
0.02443107 -0.01678393 -4.77724 -5.24964 0.4409897 0.4132081 0.39032 17.66434 1.338783 0 0.0
0.004426376 -0.005163515 -3.602703 -5.376083 0.1745931 0.1428994 0.1228627 16.39952 nan 0 0.0
0.02751085 -0.01678087 5.872255 -5.264396 0.7056905 0.6193596 0.3340477 15.68242 1.501075 0 0.0
0.003703009 -0.01104956 -3.42276 -5.412266 0.1738552 0.1435664 0.2481389 16.66929 1.428648 1 0.0
0.005069476 0.000877029 0.2522176 -3.788148 0.5470253 0.4475358 0.1534413 17.90443 nan 0 0.0
0.02277644 0.00982396 -2.043062 -9.162045 0.260794 0.2214554 0.2775072 16.9942 1.4707 0 0.0
0.006490165 0.01824336 1.249725 1.350147 0.4011265 0.3405702 0.2842757 18.276 1.201906 0 0.0
0.005122572 -0.00884473 -4.512725 -2.24671 0.5122964 0.4456826 0.3691078 18.57797 1.002243 0 0.0
0.01940115 0.009439353 -4.032208 -0.9012592 0.816934 0.6881903 0.4797268 18.90529 0.9133797 0 0.0
0.02537538 0.01212172 1.519958 -8.965997 0.78549 0.7326594 0.5387435 18.863 1.182241 0 0.0
0.01543631 0.007420129 2.203994 -4.240204 0.4928982 0.4069203 0.08171296 18.13366 0.9828777 0 0.0
0.005150535 0.01520884 -2.90729 -5.553772 0.4315234 0.3663583 0.3316862 18.06438 1.247553 0 0.0
0.01562283 0.0007539182 -0.5292808 -1.57522 0.7090674 0.5935493 0.5397253 17.66025 1.190239 0 0.0
0.01396389 0.01383284 -3.576191 -8.517831 0.6696814 0.5738293 0.2078037 18.52862 1.463209 0 0.0
