scripts/get_globular_clusters/output/Djorg_1.csv
# %ECSV 0.9
# ---
# datatype:
# - {name: x, unit: deg, datatype: float64}
# - {name: y, unit: deg, datatype: float64}
# - {name: pmx, unit: mas / yr, datatype: float64}
# - {name: pmy, unit: mas / yr, datatype: float64}
# - {name: pmx_e, unit: mas / yr, datatype: float64}
# - {name: pmy_e, unit: mas / yr, datatype: float64}
# - {name: pm_corr, datatype: float64}
# - {name: g_mag, unit: mag, datatype: float64}
# - {name: bp_rp, unit: mag, datatype: float64}
# - {name: filter, datatype: int64}
# - {name: memberprob, datatype: float64}
# meta: !!omap
# - comments: [deg deg mas/yr mas/yr mas/yr mas/yr dimless mag   mag   zeroone float]
# - __serialized_columns__:
#     bp_rp:
#       __class__: astropy.units.quantity.Quantity
#       unit: &id001 !astropy.units.Unit {unit: mag}
#       value: !astropy.table.SerializedColumn {name: bp_rp}
#     g_mag:
#       __class__: astropy.units.quantity.Quantity
#       unit: *id001
#       value: !astropy.table.SerializedColumn {name: g_mag}
#     pm_corr:
#       __class__: astropy.units.quantity.Quantity
#       unit: !astropy.units.Unit {unit: ''}
#       value: !astropy.table.SerializedColumn {name: pm_corr}
#     pmx:
#       __class__: astropy.units.quantity.Quantity
#       unit: !astropy.units.Unit {unit: mas / yr}
#       value: !astropy.table.SerializedColumn {name: pmx}
#     pmx_e:
#       __class__: astropy.units.quantity.Quantity
#       unit: !astropy.units.Unit {unit: mas / yr}
#       value: !astropy.table.SerializedColumn {name: pmx_e}
#     pmy:
#       __class__: astropy.units.quantity.Quantity
#       unit: !astropy.units.Unit {unit: mas / yr}
#       value: !astropy.table.SerializedColumn {name: pmy}
#     pmy_e:
#       __class__: astropy.units.quantity.Quantity
#       unit: !astropy.units.Unit {unit: mas / yr}
#       value: !astropy.table.SerializedColumn {name: pmy_e}
#     x:
#       __class__: astropy.units.quantity.Quantity
#       unit: &id002 !astropy.units.Unit {unit: deg}
#       value: !astropy.table.SerializedColumn {name: x}
#     y:
#       __class__: astropy.units.quantity.Quantity
#       unit: *id002
#       value: !astropy.table.SerializedColumn {name: y}
# schema: astropy-2.0
x y pmx pmy pmx_e pmy_e pm_corr g_mag bp_rp filter memberprob
0.007396085 0.01350509 -3.970811 -6.804112 1.101241 0.9789522 0.07937075 19.69459 nan 0 0.0
0.01040921 -0.03068467 -4.436193 -2.389527 0.2492008 0.2053472 0.06161169 16.34883 4.850523 1 0.0
0.01563263 0.01363753 -5.969829 -8.785679 0.9458833 0.7752307 0.2121846 19.31616 2.968262 0 0.0
-0.005622932 0.0006840245 -2.7822 -2.102524 0.7187218 0.5809323 0.2179469 19.06747 2.567289 0 0.0
0.02191963 -0.008435652 0.8239173 -2.961029 1.330232 1.015797 0.4448928 19.82212 2.85495 0 0.0
0.03253624 0.002009519 -1.612274 -6.699656 0.7497973 0.6020833 0.2912224 19.26142 nan 0 0.0
0.01412475 0.02172876 -4.165058 -6.552299 1.510142 1.226141 0.4854408 19.779 3.022993 0 0.0
-0.0008147774 0.005391537 -3.484798 -5.696653 0.8688452 0.6991119 0.2768183 19.09003 3.037573 0 0.0
-0.001428048 -0.02998216 -3.066467 -3.620339 0.3327542 0.2671513 0.0292444 16.28678 5.725841 0 0.0
-0.02382998 -0.00936312 0.5467463 -1.350417 0.7970376 0.7058497 -0.4257151 18.98332 nan 0 0.0
0.006063005 -0.02944067 -0.3076171 -5.682911 0.6517005 0.5193559 0.04936106 18.41725 3.105949 0 0.0
-0.0164674 0.003082108 4.56625 -3.036102 1.233093 1.026036 0.4114107 19.61053 2.669588 0 0.0
-0.01669861 0.008491305 -3.462045 -7.681462 0.3779912 0.3082728 0.03743855 17.97873 3.931538 0 0.0
-0.006671444 -0.000422311 11.23237 6.040306 1.682097 1.313225 0.3636934 19.82062 nan 0 0.0
0.01578827 0.02571865 -2.920911 -4.772939 1.403189 1.141204 0.2005134 19.78889 nan 0 0.0
0.01949073 -0.006104301 -0.1467964 -0.2417657 0.3217996 0.263439 -0.05914519 16.96834 2.348289 0 0.0
-0.009946482 0.01207433 -8.812652 -7.986554 1.017943 0.8235886 0.3226168 19.66997 2.708832 0 0.0
0.003122955 -0.02581655 -5.083445 -1.525414 0.3170843 0.2469484 0.2209375 17.48207 3.137527 1 0.0
0.01430356 0.02013418 -1.706905 -6.055355 0.6714747 0.5543685 0.003316135 19.05336 3.179245 0 0.0
0.004940732 0.01802949 -5.844584 -3.460337 1.112286 0.8875394 0.4024686 19.31669 3.02075 0 0.0
0.01780165 -0.01213116 -3.23129 -5.729789 0.3063747 0.2464292 -0.03312385 16.19426 5.257188 1 0.0
-0.01592745 -0.01265723 1.395292 -2.343488 1.606279 1.207067 -0.02791627 19.71962 2.945148 0 0.0
0.02501476 -0.005567825 -2.28179 -3.740251 1.509854 1.169368 0.3968168 19.98681 2.649031 0 0.0
-0.01311817 0.01149408 -1.904967 -6.983435 1.130966 0.9312567 0.3480225 19.53348 nan 0 0.0
-0.0316815 -0.007339992 -0.6531969 -1.926905 0.6140799 0.5107758 -0.8322105 17.31424 3.242297 1 0.0
-0.01720893 0.00215881 -2.799911 -7.015314 1.570158 1.315296 0.5631488 19.58758 nan 0 0.0
-0.008874001 0.03024003 2.067936 0.06526749 0.6141693 0.5421989 -0.1503707 18.70894 2.638788 0 0.0
0.007855386 0.0008936619 -4.461999 -2.485017 1.032717 0.8804883 0.2225547 18.87526 nan 0 0.0
-0.01399027 0.02673747 -0.60591 -2.804575 0.4334361 0.3535712 0.02931496 18.14375 3.194223 0 0.0
0.01033376 -0.02003784 -1.185788 -3.997115 0.1930328 0.1540898 0.004446356 16.74747 3.22611 1 0.0
0.000310609 0.006307067 -3.76273 -3.819157 0.6116101 0.5022345 0.06689594 18.90302 3.411028 0 0.0
-0.0006357685 0.009454191 -0.9825144 -7.595011 1.255497 1.013071 0.3347155 19.80499 2.932365 0 0.0
-0.008666103 -0.002520568 -1.764792 -8.191829 0.6775838 0.5465008 0.2476408 19.12117 3.158766 0 0.0
-0.01367859 -0.003345179 -4.953459 -2.715681 1.417543 1.138615 0.2601401 20.10228 2.632675 0 0.0
0.02879928 -0.006770612 -5.676587 -5.942191 0.2448163 0.2010059 0.1423943 17.39829 3.307996 0 0.0
0.01824133 0.01179453 -3.76746 -3.908944 1.416802 1.193064 0.3608071 19.87233 2.639988 0 0.0
-0.002988044 -0.01723729 -1.890432 0.1192296 0.2846208 0.2318415 -0.01073737 17.86313 2.120613 1 0.0
0.002920027 0.02283992 -5.737601 -7.296326 1.740596 1.403505 0.5580185 19.89825 2.819885 0 0.0
-0.02413605 -0.01230052 3.52736 -0.8669939 0.590255 0.485164 -0.8331424 17.33186 2.000647 1 0.0
0.01445413 0.002376743 -3.76296 -5.251606 0.4206714 0.3354936 0.1331764 18.15196 3.165606 0 0.0
-0.01789751 -0.007542103 -5.002346 -16.43362 0.5509786 0.4550427 -0.03715973 18.79481 2.499975 0 0.0
-0.02539153 -0.003748322 -0.5567057 -8.455481 0.7010096 0.5373821 -0.1639903 18.93998 3.322285 0 0.0
0.007779083 0.005684928 -3.191663 -8.755054 1.465628 1.47471 0.2696474 19.32104 nan 0 0.0
0.007830219 0.00548656 1.059912 -3.185969 1.030628 0.902368 -0.07559012 19.21984 2.773329 0 0.0
0.001103357 -0.005186622 -6.092505 -8.278042 0.6135191 0.5331204 -0.2301556 18.66049 nan 0 0.0
-0.01258295 0.02499056 -5.120549 -5.238839 0.2272179 0.1827597 -0.0150022 16.44688 4.334914 1 0.0
-0.01684883 -0.008472682 -2.597412 -2.69817 0.525055 0.4335055 0.04021338 18.83862 2.659817 0 0.0
-0.006722982 0.004643603 -5.026299 -9.651734 2.329656 1.795258 0.5727922 20.0692 2.656483 0 0.0
-0.006746033 -0.02827342 -5.669583 -8.059957 0.9036562 0.661014 0.1091872 19.16238 nan 0 0.0
0.005910379 -0.01791646 -6.204268 -5.166417 3.082164 2.090933 0.4154874 20.44012 2.292408 0 0.0
0.001103013 -0.03261429 -3.174408 -12.63421 1.352696 1.156059 0.3938368 19.71781 nan 0 0.0
-0.01283296 -0.01486544 -5.029194 -8.748927 0.3288757 0.2548896 -0.2506067 17.45128 3.102138 1 0.9190642
-0.008309392 0.01160148 -1.467966 -1.643311 1.925793 1.534174 0.5848333 19.93984 1.936228 0 0.0
0.004045825 0.02702078 -2.420227 -4.653507 0.1908697 0.1554733 -0.04031589 16.44967 3.277966 1 0.0
0.01898431 0.01732568 -4.887362 -6.780139 0.7637968 0.6200384 0.1685152 19.10173 2.77286 0 0.0
0.001614598 -0.01801164 -3.262138 -2.015213 0.2989753 0.2405634 0.149493 17.84968 2.172327 1 0.0
-0.004598927 -0.01813382 -0.6342778 -1.44922 0.5300681 0.4365444 0.001629983 18.7907 2.903727 0 0.0
-0.007104772 -0.01837812 -6.457482 -8.783585 0.2465045 0.1977011 0.1081164 17.18882 3.278659 1 0.000102234
0.01560903 0.02480697 -4.06407 -5.288234 0.350163 0.2788335 0.08250107 17.93222 3.816566 1 0.0
0.002764853 -0.03069554 -4.583575 -4.83074 1.147362 0.8726354 0.3141344 19.64085 2.824333 0 0.0
0.02555151 -0.006617021 -7.735587 -6.723087 0.5085594 0.3929374 0.0878741 18.58504 2.83251 0 0.0
0.0181621 -0.000286603 -5.093764 -8.207604 0.3044387 0.2447932 0.07221001 17.51333 3.447908 1 0.9681606
-0.004625959 0.009671509 -7.791656 -9.817726 1.146178 0.9202858 0.3735166 19.7601 2.926205 0 0.0
0.02596006 -0.008741927 0.1630629 -4.233378 0.3587251 0.2724822 0.03355951 18.00735 nan 0 0.0
0.001793324 -0.03098543 -1.905262 -2.601612 0.2858322 0.2152333 -0.05745984 17.6751 2.252218 1 0.0
-0.002910835 -0.03227864 -3.089779 -8.355125 0.6324185 0.4711734 -0.01282522 19.0037 2.976576 0 0.0
-0.006873581 -0.0319508 -1.619579 -4.993155 0.2292285 0.1784913 -0.4016255 15.67437 4.231753 1 0.0
0.001767721 -0.03279741 -0.9931849 -4.07643 0.5499536 0.409415 -0.03385979 18.72912 2.722406 0 0.0
0.001461734 0.01551573 -2.583364 -9.895489 0.4015776 0.3581339 -0.17826 18.2178 3.475569 0 0.0
0.00207452 -0.03239687 -5.126671 -5.939316 1.305178 0.9982292 0.05937168 19.67616 nan 0 0.0
-4.747726e-05 0.01754135 -7.01352 -7.739738 1.189563 1.113216 0.2027282 19.67229 nan 0 0.0
0.01209768 -0.02273505 -0.7067682 -4.728775 1.027645 0.8473722 0.3246526 19.66787 2.260988 0 0.0
0.01071975 4.649681e-05 -2.267392 -3.343292 1.160153 1.080343 0.2166488 19.66407 nan 0 0.0
0.01117916 -0.007376961 -3.363552 -10.14768 0.8701677 0.6984371 0.2968393 19.22514 2.943485 0 0.0
0.02301833 -0.01199886 -6.965074 -5.544602 0.4702815 0.3824924 0.2808354 18.68777 3.151733 0 0.0
0.03312293 -0.002099129 -3.632148 -7.634384 0.9570398 0.8328125 0.4708337 19.53985 2.629263 0 0.0
-0.002194975 -0.03285845 -2.891252 1.36366 1.306247 0.9541798 0.2235769 19.67431 0.8494625 0 0.0
0.004733641 -0.02742643 -4.246179 -5.50364 0.5206983 0.4131322 0.2190299 18.83754 2.966852 0 0.0
-0.007924228 -0.004877981 -2.524958 -4.394948 0.9725066 0.8007004 0.2067287 19.44342 3.290958 0 0.0
0.007673913 -0.02712146 -1.378733 -11.93881 0.9739886 0.8181123 0.3593099 19.38218 nan 0 0.0
0.02212307 -0.01298282 -5.026829 -5.769549 0.5714322 0.4655929 0.2953831 18.94887 2.563887 0 0.0
0.02271864 0.01576077 3.197772 -2.213246 1.497132 1.173751 0.3573163 19.91392 1.504086 0 0.0
0.02008549 0.02271179 -2.879604 0.9261891 0.4688857 0.3855984 0.06400624 18.60964 2.442959 0 0.0
0.02683273 0.001763488 -1.778013 -3.821316 1.778348 1.452945 0.08696343 19.78245 2.190451 0 0.0
0.01593364 -0.01915748 -11.1029 -10.24481 2.325205 1.802182 0.6612227 20.13789 nan 0 0.0
0.02095144 0.006575418 -4.872601 -8.722088 0.4343476 0.3415674 0.2457175 18.18441 2.974718 0 0.0
0.006013496 -0.005675102 -2.620743 -3.955707 0.8822003 0.7191243 0.196359 19.23858 nan 0 0.0
0.02675172 -0.01232035 -2.134603 -2.507965 0.7278099 0.6138455 0.4253244 19.22772 nan 0 0.0
0.02427735 0.009729318 -2.477078 -4.276868 1.962742 1.655529 0.4030985 19.95973 2.482624 0 0.0
0.01831133 -0.02056175 0.7423426 0.424047 0.5715184 0.4693191 0.2272131 18.85176 nan 0 0.0
-0.01593006 0.001773766 -3.302489 -6.998492 0.5716356 0.4827897 0.1084903 18.72798 3.183971 0 0.0
-0.008692802 0.0088663 -5.340007 -11.6661 0.9532669 0.7890039 0.4006817 19.40543 3.160614 0 0.0
0.03214929 -0.007050245 -2.022037 -2.980021 0.909138 0.7775532 0.3524521 19.3259 2.442177 0 0.0
0.01082357 0.01242136 0.5673584 -2.408023 0.5914871 0.473594 0.221309 18.8908 2.642082 0 0.0
0.03040971 -0.008762426 -0.6707277 -8.20913 1.255354 1.071281 0.2823508 19.70033 2.532047 0 0.0
-0.009277689 -0.02341373 -3.03949 -8.529914 1.714916 1.328304 0.2767617 19.78349 2.043097 0 0.0
0.02913185 -0.00641214 -1.978801 -0.3262756 0.7345177 0.6501662 -0.1824882 18.79064 nan 0 0.0
-0.01848381 -0.01651439 -5.907381 -3.292726 0.7218515 0.59517 -0.8466823 17.03281 3.777624 0 0.0
0.01273645 -0.02587464 -3.652595 -7.82865 0.6553903 0.5332579 0.2825439 19.07449 3.167063 0 0.0
0.01549941 -0.01659011 1.752896 -2.388126 1.339145 1.142617 0.2434054 19.77044 nan 0 0.0
0.01245857 -0.002051816 0.0590591 -0.9205778 1.316807 1.16356 0.4025408 19.62046 2.275105 0 0.0
0.02532032 -0.01017607 0.1689392 -0.6657045 0.6925714 0.5625358 0.296869 19.04857 2.402267 0 0.0
-0.014342 -0.01272181 -3.108035 -3.1909 0.276972 0.2350623 -0.05296552 17.50374 3.259575 1 0.0
-0.01914877 -0.01588892 -5.632051 -8.451851 0.6437751 0.535758 -0.866471 17.41509 3.715812 1 0.6114201
0.01493973 0.0003701309 1.609233 -0.07375535 0.8563465 0.6840056 0.3736014 19.27192 nan 0 0.0
0.02721213 -0.01193521 -2.239464 -5.008998 0.4983829 0.4007662 0.1026699 18.6114 2.960329 0 0.0
-0.02569941 -0.0003685899 -6.161727 -10.20101 1.30072 1.019316 0.2309846 19.85185 nan 0 0.0
0.009261395 -0.005263396 -3.419775 -1.638611 0.5445315 0.4398557 0.1114784 18.65336 2.811049 0 0.0
0.02769814 -0.01148141 0.3288485 -7.320318 0.6403688 0.5213211 0.1524991 18.8152 nan 0 0.0
0.006092223 0.02332804 0.0074238 -5.692517 2.37472 1.889163 0.6723697 20.28049 2.231285 0 0.0
0.02140442 -0.02387361 -1.683934 -2.136916 1.997107 1.725111 0.7363025 19.83383 nan 0 0.0
0.02925863 -0.009692822 -2.022846 -2.977234 0.568511 0.4620626 0.1362359 18.61435 3.143917 0 0.0
0.004452593 -0.02362697 -6.718801 -10.07736 0.6204505 0.5051066 0.1177867 18.77513 3.071491 0 0.0
0.0288553 0.008091431 0.07636891 -4.773683 0.5200585 0.4314901 0.01476375 18.65288 2.6541 0 0.0
0.02311799 -0.02202391 0.7997764 -3.167857 1.263982 1.019686 0.5435326 19.59855 nan 0 0.0
-0.02365938 0.02192507 -6.925997 -5.702685 0.8930467 0.7366127 0.370266 19.38651 2.853378 0 0.0
0.0002083172 0.01344437 -5.05691 -9.198883 0.9556362 0.7515216 0.2815633 19.37101 2.796047 0 0.0
0.007598953 -0.006956963 -7.049665 -6.95731 1.091183 0.8787994 0.1992717 19.25634 2.499788 0 0.0
-0.01853822 -0.0009580682 -2.739332 -4.476955 1.052807 0.8703189 0.3548609 19.40084 2.890482 0 0.0
0.00693649 0.02406039 -6.152266 -5.375974 1.082084 0.9116007 0.3700471 19.42682 2.747675 0 0.0
-0.001837202 -0.02575167 2.79896 -6.494351 0.7342518 0.5796844 0.1014892 19.08267 2.706959 0 0.0
-0.02804987 -0.008082626 6.36634 -6.426125 0.8426002 0.7204966 -0.8523264 17.95139 2.091167 0 0.0
0.02539918 -0.002748874 -5.546935 -8.319064 0.6204915 0.5385472 -0.1420543 16.68639 nan 0 0.0
0.0230514 0.01663806 -6.439207 -8.998291 0.2412617 0.1962442 -0.02952141 17.09509 3.385927 1 0.0
0.01572833 -0.02338031 -0.7750258 -7.345428 1.101785 0.9133383 0.3948029 19.45337 2.868597 0 0.0
0.009693487 -0.02942573 1.117938 1.113007 0.3715946 0.2834257 0.2225497 18.22379 2.362938 0 0.0
-0.02304051 0.003149297 -4.86604 -5.305037 1.562587 1.219902 0.3795664 19.93395 3.079718 0 0.0
-0.0009679415 -0.02162034 -5.855352 -1.367081 0.2829398 0.2278121 0.04791666 17.30762 3.617063 1 0.0
0.01600975 -0.02245339 -3.255962 -6.512986 0.6103807 0.5039771 0.2564439 19.02631 3.008268 0 0.0
-0.01784267 -0.02572294 1.417589 -2.050613 0.713531 0.5922846 -0.8671686 17.71375 2.446789 1 0.0
0.01892392 -0.02554769 -1.116807 -0.9262347 0.2398398 0.1822737 0.1289133 16.48093 3.728019 1 0.0
-0.02785145 0.01138765 -2.946409 -2.437922 1.802803 1.415922 0.3452161 19.98302 2.688446 0 0.0
0.01714026 0.005725565 -0.09013644 -7.856395 1.013095 0.8142353 0.233121 19.59347 2.350851 0 0.0
0.0142195 -0.0251043 -5.140693 -8.216707 0.6161048 0.5160672 0.366278 18.9202 nan 0 0.0
0.007038962 0.02584566 -4.60278 -5.683852 0.2754974 0.2307901 0.034348 17.21854 4.542033 1 0.0
0.02752786 0.01641171 -5.667053 -2.007081 0.6295376 0.5181626 0.00702177 18.56139 2.888374 0 0.0
0.005885417 -0.008818404 -6.015288 -2.989626 0.9818711 0.7928157 0.2743564 19.46465 nan 0 0.0
0.01718953 -0.003959961 -7.414098 -7.556666 0.6309436 0.518236 0.1341034 18.93174 nan 0 0.0
-0.005569866 -0.02954363 -3.012939 -5.608409 0.2875256 0.2220419 -0.2547181 17.23712 3.186933 1 0.0
0.008085204 -0.003058385 -7.673306 -3.144773 1.546267 1.245411 0.2097168 19.8467 2.649328 0 0.0
-0.005317218 0.02043273 -1.975879 -9.900036 1.146499 0.9217067 0.2763952 19.70121 1.405138 0 0.0
0.01077039 -0.004115344 -2.286115 -6.281907 1.627151 1.319751 0.4711176 19.66498 2.656605 0 0.0
0.01626523 -0.02356351 -0.7058748 -4.122997 1.49972 1.129253 0.5994011 19.87934 nan 0 0.0
0.007188138 -0.02704131 0.5663457 -0.8827377 0.6126879 0.4721101 0.2407702 18.9045 2.213089 0 0.0
-0.01260549 0.003757947 -2.828484 -4.726813 0.3007625 0.2531968 0.0342607 17.20578 4.036804 1 0.0
-0.01885086 0.02585537 -2.909501 -4.970562 1.490737 1.106995 0.01207277 19.69554 3.532244 0 0.0
-0.01989359 -0.001458089 -0.5718136 -4.392339 0.4691167 0.3961822 0.06932703 18.47059 2.918598 0 0.0
-0.0265958 0.003804423 -0.7344516 -3.023157 0.635868 0.517106 0.1217143 18.91442 2.862902 0 0.0
-0.01122278 -0.008620558 -5.727113 -5.645825 0.9903842 0.7975666 -0.03072073 19.28139 nan 0 0.0
0.007678512 0.02560147 -4.95572 -4.312988 0.3433931 0.2889044 0.1027763 17.90034 3.661119 1 0.0
0.001512926 0.01740401 2.039475 -8.210872 0.9738216 0.8008755 0.3591476 19.49147 3.005396 0 0.0
-0.02575453 0.01320409 -1.551449 -2.69362 0.9500622 0.7561476 0.3580202 19.50266 2.26438 0 0.0
-0.0191819 0.01880193 0.9972867 -1.217735 0.4767405 0.4217413 -0.1519888 18.45526 2.354401 0 0.0
-0.02048825 0.02619833 -0.671237 -4.56567 0.573758 0.4805648 -0.02872394 18.56821 nan 0 0.0
0.005118258 -0.008417812 -5.846862 -8.306086 0.4594321 0.3779721 0.0635327 18.65509 2.911394 0 0.0
0.02503755 -0.01536016 -4.028672 -5.083764 0.9045047 0.7634197 0.3364546 19.33243 nan 0 0.0
-0.006260017 -0.03166084 -6.628111 -9.100106 0.6400513 0.4832199 -0.1327335 18.50686 3.351503 0 0.0
-0.01166052 0.01405013 -1.15045 -2.771617 0.9618573 0.7810584 0.2294399 19.31488 nan 0 0.0
-0.01060662 -0.0286362 -2.641257 -8.029031 0.9266015 0.747041 -0.829766 17.64986 3.507545 1 9.70254e-06
0.01731696 -0.006187769 -5.003752 -6.06567 0.2202793 0.1787207 0.01367331 17.11046 3.41968 1 0.0
0.02726631 -0.002135266 1.270294 -0.4656175 0.7949366 0.7035795 0.08892251 19.24579 2.361256 0 0.0
-0.01217267 0.0180822 -2.410791 -8.170342 1.563701 1.167011 -0.03704838 19.73742 nan 0 0.0
-0.004879477 -0.03111906 -0.09104427 -3.896717 0.5853831 0.4317753 -0.07519735 18.72305 2.352959 0 0.0
0.006727686 -0.03015406 -4.392604 -6.514543 0.4999671 0.3962596 0.001762157 18.1785 3.266821 0 0.0
-0.005876513 -0.03184391 -5.286432 -5.153253 1.066534 0.7300216 0.3308368 18.62782 nan 0 0.0
0.007981729 -0.01603216 -5.400795 -8.467268 0.1892846 0.1513542 0.01953055 15.28223 3.750531 1 0.9677337
