scripts/get_globular_clusters/output/ESO-SC06_ESO280.csv
# %ECSV 0.9
# ---
# datatype:
# - {name: x, unit: deg, datatype: float64}
# - {name: y, unit: deg, datatype: float64}
# - {name: pmx, unit: mas / yr, datatype: float64}
# - {name: pmy, unit: mas / yr, datatype: float64}
# - {name: pmx_e, unit: mas / yr, datatype: float64}
# - {name: pmy_e, unit: mas / yr, datatype: float64}
# - {name: pm_corr, datatype: float64}
# - {name: g_mag, unit: mag, datatype: float64}
# - {name: bp_rp, unit: mag, datatype: float64}
# - {name: filter, datatype: int64}
# - {name: memberprob, datatype: float64}
# meta: !!omap
# - comments: [deg deg mas/yr mas/yr mas/yr mas/yr dimless mag   mag   zeroone float]
# - __serialized_columns__:
#     bp_rp:
#       __class__: astropy.units.quantity.Quantity
#       unit: &id001 !astropy.units.Unit {unit: mag}
#       value: !astropy.table.SerializedColumn {name: bp_rp}
#     g_mag:
#       __class__: astropy.units.quantity.Quantity
#       unit: *id001
#       value: !astropy.table.SerializedColumn {name: g_mag}
#     pm_corr:
#       __class__: astropy.units.quantity.Quantity
#       unit: !astropy.units.Unit {unit: ''}
#       value: !astropy.table.SerializedColumn {name: pm_corr}
#     pmx:
#       __class__: astropy.units.quantity.Quantity
#       unit: !astropy.units.Unit {unit: mas / yr}
#       value: !astropy.table.SerializedColumn {name: pmx}
#     pmx_e:
#       __class__: astropy.units.quantity.Quantity
#       unit: !astropy.units.Unit {unit: mas / yr}
#       value: !astropy.table.SerializedColumn {name: pmx_e}
#     pmy:
#       __class__: astropy.units.quantity.Quantity
#       unit: !astropy.units.Unit {unit: mas / yr}
#       value: !astropy.table.SerializedColumn {name: pmy}
#     pmy_e:
#       __class__: astropy.units.quantity.Quantity
#       unit: !astropy.units.Unit {unit: mas / yr}
#       value: !astropy.table.SerializedColumn {name: pmy_e}
#     x:
#       __class__: astropy.units.quantity.Quantity
#       unit: &id002 !astropy.units.Unit {unit: deg}
#       value: !astropy.table.SerializedColumn {name: x}
#     y:
#       __class__: astropy.units.quantity.Quantity
#       unit: *id002
#       value: !astropy.table.SerializedColumn {name: y}
# schema: astropy-2.0
x y pmx pmy pmx_e pmy_e pm_corr g_mag bp_rp filter memberprob
-0.02456403 0.02234444 -3.905875 -7.859623 0.7461737 0.5540785 0.1780826 19.12226 1.016487 1 0.0
-0.02294315 0.02140673 -10.5754 -1.304741 1.135096 0.8678339 0.1621909 19.5782 1.734951 0 0.0
0.01546198 0.01499686 0.4875252 -2.877262 0.6821098 0.5249155 0.2480741 19.04477 1.049967 1 0.5528472
0.01692593 -0.01405249 2.813435 -6.637711 0.1782086 0.1397249 0.2396394 16.76004 0.9530411 1 0.0
0.00294095 0.0004954956 -0.82537 -2.401013 0.4420088 0.334257 0.146639 18.40171 1.00407 0 0.0
0.003803636 0.003013142 -2.335761 -5.773018 2.789058 2.126479 0.1667521 20.51812 nan 0 0.0
0.0200839 -0.005119544 -3.332962 -6.220904 2.832106 1.881925 0.06404207 20.73069 0.8412018 0 0.0
0.004224324 0.002131916 -4.449777 -5.15346 1.582846 1.353168 0.3284008 20.03607 nan 0 0.0
0.02390131 0.01799217 -11.08502 1.355138 2.092446 1.647817 0.1944233 20.40324 -0.5001659 0 0.0
0.002330832 -0.0006565134 6.431086 -9.372502 2.176738 1.351697 0.2508328 20.1343 nan 0 0.0
0.002499156 5.301279e-05 -1.662083 -2.32332 0.9726017 0.7045559 0.148549 19.49919 nan 0 0.0
0.007822387 0.006705341 -4.665315 -16.23699 0.5930893 0.4443837 0.126952 18.85038 0.8608589 1 0.0
0.01057917 0.01001985 -1.887307 -2.177696 1.098311 0.8354642 0.1785896 19.76175 0.7828178 1 0.5787374
0.00605493 0.005255981 -3.683421 -3.626092 3.430128 2.213244 0.3528103 20.5796 0.6967144 0 0.0
0.00329843 -0.001923043 -0.9029982 -5.92346 1.361511 1.012729 0.1442008 19.78706 0.7369137 0 0.0
-0.005098071 0.03206577 -0.7437739 -0.1345833 0.4600195 0.361741 0.2937959 18.50022 1.408852 1 0.0
0.001026501 -0.004639017 -3.702897 -10.68144 1.366506 1.021676 0.08409809 19.70408 0.9110146 0 0.0
-0.004589251 -0.01122718 -0.6415292 -3.417856 0.7747133 0.6837379 -0.009049201 19.24457 nan 0 0.0
0.005549629 0.001593925 -1.728152 -4.731619 2.235925 1.803048 0.06138881 20.42009 0.7771015 0 0.0
-0.009383705 -0.01653023 -3.879196 -6.904219 1.871289 1.379077 0.4000393 20.05941 1.108906 1 0.01971105
0.008348117 0.005068758 0.1132284 -5.332016 1.561026 1.113681 0.2320941 20.04805 0.7476845 0 0.0
-0.007386162 -0.01407325 0.7985874 -9.600202 1.525808 1.053447 0.2548142 19.95197 1.080082 1 0.0
0.003866633 0.001380448 -5.343394 -5.65227 1.738268 1.328456 0.1605535 20.08518 0.7891483 0 0.0
-0.01597916 0.02777595 -5.313333 -5.933957 2.200791 1.425668 0.117361 20.3099 1.106846 1 0.007632039
0.02492069 -0.007715535 -1.203392 -4.285019 0.5559336 0.4446576 0.2073224 18.7758 1.049112 1 0.01277714
-0.01800948 -0.006339523 0.7293119 -8.12114 0.8240728 0.598075 0.1757092 19.24767 1.421724 1 0.0
0.01499735 0.008817182 -0.4321485 -2.738275 0.7897693 0.628537 0.1411103 19.2937 1.086452 1 0.8003812
0.003340219 -0.00652357 0.6146318 -5.241453 0.7739594 0.5548511 0.1676389 18.88482 nan 0 0.0
-0.02178644 0.02328785 -1.008251 -2.309228 2.134954 1.605685 0.1625863 20.28973 1.350079 0 0.0
-0.02484662 -0.004087724 -1.987166 -7.066066 0.7144571 0.5400847 0.1103899 18.85287 1.107441 1 0.0
-0.00132989 0.01531947 2.526311 -14.8118 0.8124717 0.5915331 0.2367296 19.09916 1.176796 1 0.0
0.009058385 -0.02527346 -1.899375 -2.003962 1.83502 1.268339 0.09390451 20.13884 0.7469921 1 0.2245957
0.01225873 -0.006345556 -8.527992 -10.15304 1.862841 1.236421 0.1861117 20.11848 1.199276 1 0.0
-0.02355998 -0.01219339 2.327145 -7.705458 0.7006418 0.5192571 0.2107595 18.98703 1.830814 1 0.0
-0.004970956 0.02305165 -5.650917 -3.204458 3.296314 2.193115 -0.05443178 20.70264 0.891737 0 0.0
0.02055446 0.0155712 -1.55615 -3.184652 0.5112049 0.3990276 0.2133329 18.70856 0.9690056 1 0.3558048
0.007949251 0.01101975 -1.65973 -2.447698 1.478701 1.035387 0.1832795 19.92548 0.7277565 0 0.0
0.01318944 0.01518438 -2.18869 -2.337551 1.7195 1.352248 0.2482486 20.11049 0.8212528 0 0.0
0.00178348 -0.01307715 -3.805882 -7.910479 0.648382 0.5375217 0.1978084 18.88561 0.9017506 1 0.0
0.009167438 -0.001973305 0.8368868 -3.300546 1.39266 1.27058 0.02686477 19.93428 0.7646904 0 0.0
-0.03286574 0.003796826 2.882536 0.1026555 2.405179 1.795882 -0.01211235 20.33309 0.8785057 1 0.05511744
0.02459767 0.02225669 1.8899 -2.866314 1.709013 1.34211 0.2284614 20.15756 0.7177124 0 0.0
0.008138499 0.01021482 2.913302 -10.29034 2.507702 2.001227 0.3829317 20.56167 nan 0 0.0
0.009315194 0.0009792457 -0.7391078 -2.689419 0.1251933 0.09622941 0.1943434 15.97851 1.248974 1 0.9918356
0.01958427 0.0093536 -0.03756891 -2.393794 0.8085092 0.6450998 0.1870273 19.36893 1.336302 1 0.6827923
-0.03236201 0.00579603 1.209195 -1.883787 0.3496533 0.2746314 0.1610006 17.74644 0.9289417 1 2.712139e-05
-0.0188122 0.003555531 -0.492323 -2.742559 0.1484717 0.1123206 0.2370852 16.38984 1.145176 1 0.9883006
-0.009911753 -0.003930375 1.368722 -3.55276 2.208369 1.494766 0.325348 20.18769 1.187159 0 0.0
0.007507128 0.00910483 6.237483 -9.476413 2.48126 1.861125 0.05473944 20.58557 nan 0 0.0
-0.012418 0.009550252 3.793136 -13.44592 0.5070054 0.3967212 0.1741027 18.28831 1.202421 0 0.0
-0.005221285 -0.0001073972 -0.3731531 -2.680365 0.1622667 0.126717 0.2205272 16.57708 1.240886 1 0.9947313
0.01941773 0.0143738 -1.867502 -8.187391 0.8469802 0.6466755 0.1775939 19.42282 0.9203815 1 0.0
0.0112736 0.01046603 -9.849312 -5.933017 2.112888 1.683031 0.2301905 20.37037 0.7885571 0 0.0
0.006602194 0.007392148 -2.900704 -3.559285 2.288909 1.949488 0.05282507 20.38465 0.4682426 0 0.0
0.0002482528 0.004474304 -0.7740758 -2.83154 0.9868546 0.618677 0.71973 18.52006 nan 0 0.0
0.009209736 -0.0006343533 0.7499156 4.250269 1.715352 1.422299 0.2734345 20.22131 1.755905 1 0.001322026
0.0002904562 0.02826657 -0.6360842 -6.74384 0.3340501 0.2580368 0.2446729 17.84072 0.962904 1 0.0
0.00634886 6.924026e-06 2.028884 -1.681594 0.9335169 0.6876625 0.1204213 19.50171 1.048985 0 0.0
-0.01688078 0.01675883 -0.8858092 -7.499929 2.617243 2.192657 0.1836241 20.43973 nan 0 0.0
0.02866264 -0.01160455 1.178928 -3.051134 0.2037946 0.1654554 0.3402166 17.0533 1.149652 1 0.0
-0.002676134 0.005553798 -0.6005537 -3.095358 0.5977176 0.4273715 0.2025892 18.73308 1.132013 1 0.9376246
0.02234373 0.01713452 1.184921 0.7148674 0.222627 0.1793599 0.3043577 17.30346 0.955204 1 0.0
0.02373747 -0.01996019 0.9184634 -0.3824251 0.9919635 0.7291682 0.1707403 19.514 0.8522854 1 0.01504461
-0.01069416 0.01700835 -2.930133 -8.058983 0.7386244 0.5498568 0.150953 18.85625 0.971817 0 0.0
0.02987369 0.01068789 2.347227 -5.852404 1.330728 0.951159 0.2189935 19.83468 1.172319 1 0.0001720562
-0.02110971 0.01483857 -4.59489 -3.901688 1.671926 1.147763 0.07551888 20.09251 1.073891 0 0.0
-0.006966383 -0.007462329 -1.81175 -2.247553 1.819212 1.122403 0.712264 19.46765 1.217926 1 0.61037
-0.006336459 0.001906645 -1.571143 -2.205455 2.080703 1.440993 0.1517252 20.28583 0.5400848 0 0.0
-0.01018571 -0.001260137 1.099186 -4.687196 1.927984 1.422186 0.2431501 20.16519 0.5638294 0 0.0
-0.008463087 0.01384636 -0.7703937 -2.49054 0.3119919 0.233941 0.2530088 17.70962 1.171667 1 0.9369697
-0.01798435 -0.0187411 -4.013183 -7.442812 1.243313 0.9224045 0.04701398 19.72006 1.044518 0 0.0
0.01072981 0.02707533 -1.730298 -3.294939 0.4360656 0.343981 0.2572689 18.423 0.9442883 1 0.09481958
0.009801615 0.01527665 -3.559129 -8.746318 0.9784048 0.7226589 0.3857654 19.28291 0.867012 1 0.0
-0.0126464 -0.003591433 2.307243 -4.43374 1.935881 1.483338 0.2159407 20.21612 0.8104782 0 0.0
0.001152851 0.002006183 -1.638629 -3.562279 0.4891928 0.3364448 0.7526823 16.71744 1.120061 0 0.0
-0.00288643 0.003829544 1.613217 -3.184049 1.490368 0.991274 0.03451544 19.85102 0.7134533 0 0.0
0.01268544 0.01955996 -3.571549 -3.597627 0.9654034 0.7096982 0.4063769 19.35557 1.147305 1 0.0341721
-0.01105243 0.01964805 -4.267803 -1.168829 2.778862 1.822007 0.2004029 20.44363 1.275753 0 0.0
-0.007513638 -0.004727263 -1.308867 -5.231642 0.4564678 0.3382151 0.1924558 18.35075 0.96422 1 0.0
-0.00151892 0.002673746 -2.10729 -4.189309 1.663427 0.93882 0.7129693 19.20143 0.857933 0 0.0
-0.02616741 -0.01328939 0.3306084 -3.827684 2.36964 1.570958 0.210997 20.46727 1.411705 0 0.0
-0.01878367 -0.01817298 -3.036145 -7.806306 0.7953306 0.5695001 0.1812581 19.2121 0.9121361 1 0.0
0.0021839 0.007392504 0.9075671 -9.564082 0.7064437 0.4425811 0.7208837 18.10258 1.236305 1 0.0
0.01476022 -0.01218648 2.444141 -2.821756 0.7353771 0.552262 0.1853569 19.1465 1.460304 1 0.005686368
0.01927771 -0.02455514 -1.4864 -8.452745 2.229688 1.502777 0.09777751 20.47413 0.5093422 0 0.0
-0.007029333 -0.008633449 2.702554 -7.966576 1.532903 0.9410718 0.7067167 19.29744 1.295076 1 0.0
-0.007805907 -0.02021498 -2.912392 -4.519714 1.306919 0.9618261 0.2329612 19.85366 1.086206 1 0.09804633
-0.01407796 0.0009019299 -4.737492 -6.975636 2.09076 1.52167 0.2389526 20.20923 0.9708805 0 0.0
0.01643848 -0.02641196 -2.198627 5.212675 1.922853 1.539607 0.2012739 20.22777 1.520494 0 0.0
-0.02104532 0.01156558 0.416561 -1.02714 0.942521 0.6748591 0.170983 19.42238 1.077595 1 0.144575
0.001237073 0.005206712 -1.062625 -2.808005 0.5838796 0.3787634 0.7593298 17.71037 1.21364 0 0.0
0.002373525 0.01358375 -1.44165 -5.813835 1.879032 1.45943 0.2807039 20.24746 0.9655113 0 0.0
-0.01909818 -0.02083956 2.243443 -2.706573 1.169853 0.8419373 0.2006369 19.75604 0.814743 1 0.09202175
-0.002823068 -0.0009693419 -6.131168 -5.745812 1.570891 0.9481059 0.7041911 19.30161 1.058918 0 0.0
-0.0115119 0.00307691 -2.258296 -4.482457 2.466143 1.679064 0.1747121 20.33292 0.8175926 0 0.0
-0.008796275 -0.007744881 5.575429 -2.470037 2.458957 1.452536 0.6966058 19.71014 nan 0 0.0
0.02542021 -0.0190416 0.9553259 -4.180286 2.066133 1.776588 0.331877 20.19864 0.7976952 0 0.0
0.002688626 0.002902583 0.882141 -3.018689 1.446689 1.039264 0.2161403 19.86008 1.181831 0 0.0
0.004265805 -0.00545552 -0.5456203 -5.182838 0.4653629 0.3502418 0.1340322 18.34288 1.290773 0 0.0
0.02089661 -0.02504401 6.13946 -13.877 0.7437635 0.5541256 0.1649576 19.17013 1.530197 1 0.0
0.0003954732 -0.00216327 -0.7523062 -4.255508 1.144127 0.7544679 0.07542764 19.5785 nan 0 0.0
-0.01182361 -0.01469583 -2.805381 -7.051982 2.05555 1.273203 0.7031256 19.66885 1.980471 1 0.002425065
-0.0268424 -0.009284289 -4.36151 -3.774494 1.899141 1.383128 0.245641 20.11544 0.8174286 0 0.0
0.007949051 0.009646454 1.65047 -5.723412 1.529754 1.125675 0.3614059 19.9995 0.7464371 1 0.009455605
0.009127553 0.01109204 0.5963761 -1.665022 1.47452 1.116356 0.2629091 20.07902 0.6615047 1 0.6158924
0.01872624 0.02282741 -6.609905 -3.197567 0.3010307 0.2399061 0.297239 17.79425 1.061775 1 0.0
0.01979962 0.02299869 -2.724217 -2.021854 0.212761 0.173703 0.2910143 17.21071 1.267344 1 0.0
0.005381898 0.007335062 -1.077186 -5.065771 1.268075 0.8523238 0.2849403 19.66141 1.451283 0 0.0
-0.01306439 -0.01490974 -3.989297 -3.632206 1.556242 0.963927 0.7129165 19.2973 1.003063 1 0.1681606
-0.000424962 0.002788206 1.976992 -2.246399 1.831367 1.058548 0.7117569 19.37705 1.056644 0 0.0
0.00203644 0.002490624 -2.070896 -2.43737 0.8859349 0.5342989 0.7394244 17.94817 nan 0 0.0
-0.005981498 0.02630167 1.710228 -0.7292398 2.254958 1.758122 0.2039611 20.32374 1.44133 0 0.0
-0.01197885 0.02183749 -2.136267 2.292656 2.076907 1.366773 0.1042326 20.078 1.614933 0 0.0
0.001762927 0.001727694 5.230559 0.03591577 0.4566876 0.3512769 0.3844406 16.80265 nan 0 0.0
0.01563193 0.02061968 -3.065022 -9.652072 0.8837757 0.6843148 0.1738851 19.4823 1.078463 0 0.0
0.002457164 0.001864996 0.01348185 -2.621116 0.2496995 0.1912027 0.327693 14.16058 1.557245 0 0.0
0.001826 0.0005642089 -1.980113 -3.202144 0.6318286 0.4500666 0.2144167 18.73715 0.5998306 0 0.0
0.0008794319 0.006209984 0.2729983 -3.065757 1.174284 0.7513834 0.711381 18.84466 0.9433079 0 0.0
0.0003744866 0.004993102 -2.312346 -1.427841 0.8564579 0.5411742 0.7264409 18.22024 1.031639 0 0.0
-0.032361 0.004094675 1.412769 -5.372492 1.043639 0.7843182 0.002013317 19.53102 1.699881 1 0.001187149
-0.01662071 -0.008017549 0.2135315 -3.855536 0.8023657 0.5890595 0.1920467 19.13508 0.3249435 0 0.0
-0.01056449 -0.0006002668 -0.9424744 -5.459976 0.5961871 0.4431102 0.1897505 18.74959 0.8498917 0 0.0
0.01593426 -0.02499656 0.2176931 -4.72333 0.7967227 0.5936709 0.2413961 19.0592 1.270876 1 0.002278937
-0.002024093 0.009914025 -4.158345 -7.111239 0.3566028 0.2700182 0.2547783 17.94396 0.941534 1 0.0
0.004856145 0.009959623 1.997639 -5.008168 1.860403 1.150869 0.6919891 19.53082 1.367731 1 0.001752598
0.02519153 -0.01334615 -2.154393 -6.634395 0.643686 0.4770664 0.2176435 18.87298 1.073957 1 0.0
-0.004233187 0.007914997 -0.7131939 -3.63942 1.204841 0.8190616 0.2841932 19.52074 0.6918716 1 0.7273195
-0.02283542 0.01542152 -2.890219 -6.786755 0.6554289 0.4841276 0.1907687 18.95917 1.547161 1 0.0
-0.009281761 0.002310581 -1.075143 -3.229664 0.8587893 0.656927 0.1332097 19.34236 1.141747 0 0.0
-0.02364294 -0.01488278 -2.339226 -3.267575 1.458476 1.058192 0.1689386 19.95011 1.171028 0 0.0
0.001005633 0.00441326 -1.939707 -3.300497 1.191564 0.7075699 0.7207449 18.74193 nan 0 0.0
-0.009515967 0.01831701 -3.345796 -7.472855 0.9455213 0.6854804 0.1445981 19.39608 1.304903 1 0.0
-0.00661052 0.006652096 -3.353807 -2.477329 0.8357116 0.6144244 0.08988319 19.30792 nan 0 0.0
-0.007009559 0.001158882 4.228349 -2.289842 0.6122118 0.4714172 0.1484543 18.85912 1.098972 0 0.0
-0.01637708 0.0211764 2.667734 0.8434557 0.2990268 0.2040601 0.5721193 17.08545 1.050472 1 0.0
-0.005344832 -0.02734435 -0.9756507 -4.043766 0.3952422 0.3070521 0.4153679 17.90634 1.190039 1 0.001405608
0.01491841 0.02791358 -5.168044 -10.44038 1.729213 1.163138 0.6773422 19.613 0.9138508 1 0.0
0.01390794 0.02718142 -10.71477 -4.232972 1.8392 1.266264 0.67518 19.75277 1.083956 1 0.0
0.02778452 -0.001346375 -1.086833 -5.847827 0.5544418 0.4323016 0.2758247 18.77138 1.075768 1 0.0
0.008287422 0.02100276 2.855066 -2.660412 1.071582 0.8392208 0.1104147 19.67016 2.08814 1 0.04169497
0.01364635 -0.00887503 1.403821 -6.127227 0.7804457 0.5743856 0.2940985 19.09931 0.998333 1 0.0
0.02588791 -0.008417891 2.545312 -3.350931 0.7962961 0.6243725 0.2041388 19.27549 1.061983 1 0.00124426
0.009794054 -0.02678802 -12.2868 -2.364467 2.178772 1.659473 0.2036588 20.42201 0.8646088 0 0.0
-0.0009510376 0.01039089 0.2441017 -2.394797 0.6674418 0.4317414 0.7242731 17.99657 1.191732 1 0.9275085
0.03062087 -0.007615443 -4.352631 -6.04643 0.9785087 0.751907 0.2485877 19.54074 1.102741 1 9.030871e-06
0.02297111 0.007830214 4.549167 1.727502 1.498617 1.321133 0.2767502 19.83443 1.045839 0 0.0
0.003445137 -0.01053282 0.1123788 -1.946379 0.8915007 0.7454685 0.2023493 18.68202 1.127691 0 0.0
-0.01525293 -0.01018008 -0.143404 -9.608522 0.6270902 0.4689108 0.2017875 18.83348 1.368292 1 0.0
-0.011008 0.008051379 -0.3965175 -2.734144 0.1298344 0.09296218 0.1640019 15.86167 1.284945 1 0.9921332
-0.01062574 -0.01009887 1.181483 -5.033375 1.42081 1.089353 0.2417449 19.36245 1.035412 0 0.0
0.01644453 -0.006346658 2.241841 0.2188554 1.794486 1.266105 0.2688825 20.12998 0.9872627 1 0.1881953
-0.02831495 -0.00882727 -4.167244 -9.099414 0.6439122 0.4809213 0.1934333 18.80993 1.069815 1 0.0
0.007693939 -0.008969232 -0.7077607 -2.898525 0.6038042 0.5010446 0.2046961 18.83615 1.17901 1 0.9134412
0.00127839 -0.02719151 -2.633956 -6.87042 1.739845 1.149182 0.1750614 20.09213 1.261681 0 0.0
0.0058639 -0.01037663 2.064331 -8.139694 0.8648236 0.7144379 0.2113386 19.34376 1.155514 1 0.0
-0.002232912 -0.02878227 0.4891033 -5.756881 1.472454 1.066017 0.2318774 20.02188 1.294312 1 0.006302774
-0.007179896 0.01665797 -1.837605 0.8173669 2.102956 1.525925 0.1446303 20.25462 0.7252407 0 0.0
0.01213149 -0.01098801 -2.602754 -10.94847 1.017574 0.7475923 0.230301 19.51846 0.8797417 0 0.0
0.01716411 0.00766069 -4.78506 0.6200647 1.917073 1.543943 -0.1198055 20.00396 1.413511 0 0.0
0.007986783 -0.02002045 -3.013902 -8.492182 0.4709252 0.3650436 0.1800266 18.45665 1.07716 1 0.0
0.01419244 -0.01184682 -1.557262 -6.451334 1.276431 0.9313117 0.1672261 19.78995 0.9834366 1 0.001846541
0.01442499 -0.007337907 -2.171562 -6.56608 1.356633 1.008522 0.2384131 19.83784 0.7753086 1 0.004078797
-0.01567204 -0.01554367 -4.270052 -2.33777 0.6895539 0.5324309 0.07258517 18.77795 1.493799 1 2.030103e-05
