scripts/get_globular_clusters/output/HP_1_BH_229.csv
# %ECSV 0.9
# ---
# datatype:
# - {name: x, unit: deg, datatype: float64}
# - {name: y, unit: deg, datatype: float64}
# - {name: pmx, unit: mas / yr, datatype: float64}
# - {name: pmy, unit: mas / yr, datatype: float64}
# - {name: pmx_e, unit: mas / yr, datatype: float64}
# - {name: pmy_e, unit: mas / yr, datatype: float64}
# - {name: pm_corr, datatype: float64}
# - {name: g_mag, unit: mag, datatype: float64}
# - {name: bp_rp, unit: mag, datatype: float64}
# - {name: filter, datatype: int64}
# - {name: memberprob, datatype: float64}
# meta: !!omap
# - comments: [deg deg mas/yr mas/yr mas/yr mas/yr dimless mag   mag   zeroone float]
# - __serialized_columns__:
#     bp_rp:
#       __class__: astropy.units.quantity.Quantity
#       unit: &id001 !astropy.units.Unit {unit: mag}
#       value: !astropy.table.SerializedColumn {name: bp_rp}
#     g_mag:
#       __class__: astropy.units.quantity.Quantity
#       unit: *id001
#       value: !astropy.table.SerializedColumn {name: g_mag}
#     pm_corr:
#       __class__: astropy.units.quantity.Quantity
#       unit: !astropy.units.Unit {unit: ''}
#       value: !astropy.table.SerializedColumn {name: pm_corr}
#     pmx:
#       __class__: astropy.units.quantity.Quantity
#       unit: !astropy.units.Unit {unit: mas / yr}
#       value: !astropy.table.SerializedColumn {name: pmx}
#     pmx_e:
#       __class__: astropy.units.quantity.Quantity
#       unit: !astropy.units.Unit {unit: mas / yr}
#       value: !astropy.table.SerializedColumn {name: pmx_e}
#     pmy:
#       __class__: astropy.units.quantity.Quantity
#       unit: !astropy.units.Unit {unit: mas / yr}
#       value: !astropy.table.SerializedColumn {name: pmy}
#     pmy_e:
#       __class__: astropy.units.quantity.Quantity
#       unit: !astropy.units.Unit {unit: mas / yr}
#       value: !astropy.table.SerializedColumn {name: pmy_e}
#     x:
#       __class__: astropy.units.quantity.Quantity
#       unit: &id002 !astropy.units.Unit {unit: deg}
#       value: !astropy.table.SerializedColumn {name: x}
#     y:
#       __class__: astropy.units.quantity.Quantity
#       unit: *id002
#       value: !astropy.table.SerializedColumn {name: y}
# schema: astropy-2.0
x y pmx pmy pmx_e pmy_e pm_corr g_mag bp_rp filter memberprob
[from data line 1850]
-2.981734e-05 -0.0009030762 7.569512 -7.792242 1.143353 0.8839385 0.2592378 18.58456 nan 0 0.0
-0.002963374 -0.0209093 -2.058511 -3.65219 0.5057846 0.3782031 0.2176574 18.58624 nan 0 0.0
-0.03353365 0.0352317 1.072615 -5.474108 0.3161685 0.263207 0.1192758 17.89431 nan 0 0.0
-0.001325374 0.02158837 -4.013809 -3.562496 0.1692472 0.1366333 0.3271903 16.84838 2.931761 1 0.0
-0.02741265 -0.01033107 -3.100505 -3.585359 0.4173456 0.3344053 0.1124935 17.5248 2.111928 0 0.0
-0.01712671 -0.03441476 -1.603804 -2.31412 1.67599 1.294978 0.7443697 19.34191 1.888681 0 0.0
0.04704957 0.000714655 -8.387184 -1.613404 0.6570223 0.5048124 0.3622594 18.69259 2.402548 0 0.0
0.04158552 0.01944535 -2.583735 -4.137051 0.3894633 0.2979423 0.3040433 18.08439 2.740681 0 0.0
0.03710728 -0.007360662 3.429682 0.8140139 1.356041 1.003792 0.2638729 18.94616 2.116949 0 0.0
0.004147897 0.02716156 -7.907423 -5.644914 1.694407 1.623429 -0.1160224 19.27092 nan 0 0.0
0.02709516 0.01331633 1.231238 -10.0095 0.3746841 0.3091565 0.3378453 18.02888 2.601992 0 0.0
0.03008544 0.02267483 -2.211236 -2.770498 0.6875187 0.4588848 0.5637214 17.98841 2.701584 0 0.0
0.02087894 -0.002759214 -5.990186 -4.94383 0.7127624 0.5272389 0.438022 18.31814 2.520901 0 0.0
-0.01914928 0.03968155 -0.8707805 -0.5053832 0.1759578 0.131126 0.2462868 16.10689 2.80403 1 0.0
0.04178739 -0.003486788 -4.296773 -0.6801345 0.2219242 0.1795939 0.3284173 17.25907 2.77749 1 0.0
0.01501681 0.03742777 -5.162135 -3.521016 0.1289772 0.09643489 -0.001409271 14.89545 3.313865 1 0.0
-0.0005321895 0.02329927 -6.991831 -7.695289 0.3962619 0.2892318 0.2502535 18.19218 2.560122 0 0.0
-0.01917614 0.04181396 -1.741428 -3.704223 0.5817477 0.4597138 -0.161487 18.55215 2.098406 0 0.0
-0.007855466 0.01476357 -6.202768 -5.614018 0.7355787 0.5502263 0.3586655 18.45282 nan 0 0.0
0.04895374 0.00254479 -2.559355 -1.43357 2.465324 2.221081 0.6898544 19.87773 1.999199 0 0.0
0.03248033 -0.01142742 0.4954837 -1.755396 0.4405825 0.3614603 0.294694 17.3098 2.624578 0 0.0
0.02242238 0.04292335 0.2171802 -4.516475 0.2195085 0.1803536 0.2790138 17.1587 2.854843 0 0.0
0.04747369 0.003161582 -6.394834 -9.65467 0.4931772 0.4193307 0.2076529 17.90075 2.572588 0 0.0
-0.03110584 -0.0332623 -4.083036 -8.549171 0.393676 0.3127373 0.03935812 17.80509 2.564064 0 0.0
0.03117443 0.03846352 -1.193935 0.6020397 0.5917837 0.4558874 0.3394975 18.58613 2.118664 0 0.0
-0.02136225 0.0007101507 8.250612 1.434178 2.362486 2.099748 -0.2281511 19.91647 nan 0 0.0
-0.01850202 -0.02791095 3.201105 -4.453449 0.6379617 0.4186464 0.5129177 18.21455 2.108767 0 0.0
-0.008624637 0.04324022 2.16571 -6.667277 0.5062532 0.3925245 0.09011275 17.94383 nan 0 0.0
0.02565944 -0.0179867 2.216527 -4.349258 0.3781352 0.3060692 0.09794868 17.39752 2.87432 0 0.0
-0.02006215 -0.02314479 -2.128339 -2.840559 0.837489 0.6780985 0.1971435 19.01844 2.444605 0 0.0
0.0121603 0.03282382 10.04696 -3.425529 0.9597541 0.7655934 0.3211732 19.23463 2.282988 0 0.0
-0.02516155 -0.02780942 -7.548662 -3.963945 0.9296676 0.6822682 -0.1314533 18.76419 2.312746 0 0.0
-0.03629327 -0.01115408 -3.645079 -7.404129 1.538166 1.368073 0.5062901 19.4657 2.06016 0 0.0
-0.01713868 0.03498412 -1.584771 -3.742971 0.6483787 0.4008761 0.5279356 18.50568 2.469881 0 0.0
0.04151896 -0.01329426 -7.348442 -1.044811 0.1631428 0.1214973 0.1834249 16.22025 3.157128 1 0.0
-0.001430718 -0.007246928 -2.096064 -5.218856 0.5047128 0.4126187 0.8330683 16.8614 nan 0 0.0
0.02082528 -0.006531938 -2.229854 -6.512568 0.492782 0.3662545 0.2711557 18.28609 2.560163 0 0.0
0.02838735 0.001950075 -0.1149525 0.6248067 1.402962 1.135531 0.5998744 19.17473 1.900414 0 0.0
0.04855753 0.003176317 1.323897 -4.845744 0.8665813 0.6740599 0.21468 18.90277 2.280365 0 0.0
-0.03919957 -0.01398187 -3.957651 -1.038782 0.3283767 0.2544301 0.1007594 18.00602 2.318871 0 0.0
-0.04679505 0.007197854 -2.567662 -7.01653 0.3281679 0.3137219 -0.2105736 16.9606 3.094459 1 0.0
0.04559494 -0.0009135424 0.2376049 1.089126 0.6235795 0.4591448 0.240625 18.65261 2.199614 0 0.0
-0.002197258 -0.006857843 3.547285 -8.696789 0.7386304 0.6159793 -0.03560498 18.95417 2.344992 0 0.0
-0.03775073 -0.001274555 -5.890448 -4.728326 0.2784833 0.2222579 0.1316018 17.32036 2.9565 0 0.0
-0.01623505 0.007091202 0.9394093 -2.45993 0.6487715 0.4659937 0.2806206 18.42896 1.985565 0 0.0
-0.01739228 -0.02689032 9.378255 9.384857 2.628447 1.956527 0.3906076 19.71141 nan 0 0.0
0.003883426 0.0256624 -5.442101 -5.871503 0.5649863 0.4482123 0.6798005 18.0807 2.666641 0 0.0
-0.0148339 0.006750006 3.38651 -9.650721 0.5048936 0.3483367 0.5866663 17.69988 2.376379 0 0.0
-0.03486171 -0.02331673 1.532678 -4.335634 0.4665435 0.3289873 -0.05849022 17.94563 2.475777 0 0.0
0.007239265 -0.003886433 -1.117291 -9.010344 1.739022 1.200303 0.2381716 19.10505 nan 0 0.0
0.02894169 -0.0007623347 -5.311997 -2.806407 0.4981941 0.3379276 0.01007145 18.24787 2.489651 0 0.0
0.0009746539 -0.002310704 2.060429 -8.670788 0.6703622 0.4766447 0.3530014 14.80775 2.842082 0 0.0
-0.0001355239 -0.02195067 1.636924 -2.263917 1.856655 1.223275 0.656084 19.6193 1.510008 0 0.0
-8.269767e-05 0.01434427 3.105459 -10.78813 0.4482063 0.3240227 -0.3167947 17.92951 2.111464 0 0.0
-0.02131755 0.03876558 2.512765 -7.229951 0.4142951 0.3150871 -0.1649701 18.01234 2.627886 0 0.0
0.04762991 -0.001820488 -2.033869 -2.383039 0.2257053 0.1857488 0.2667734 16.48657 2.810115 0 0.0
0.03435725 -0.01052206 3.584333 -4.562687 2.610417 2.139186 0.4032114 19.92173 2.057682 0 0.0
-0.01448572 -0.02416234 1.186253 -1.392543 1.009904 0.7347104 0.5264825 18.72104 nan 0 0.0
-0.004920679 0.01133435 -9.092653 -1.631182 0.5741386 0.4179032 0.2538467 18.47258 2.169147 0 0.0
0.001371167 -0.001479105 3.703114 -8.37298 0.7433121 0.5924093 -0.3791937 17.39755 nan 0 0.0
0.004965902 -0.006339144 9.555001 -4.483051 1.264879 1.020618 0.6165041 19.11265 nan 0 0.0
0.03010289 -0.006986359 -6.972479 -9.549107 0.3869446 0.2872092 0.2776359 18.17762 2.83777 0 0.0
0.0339632 -0.00344375 -1.016944 -1.652936 0.3215247 0.2520287 0.1337696 17.41999 nan 0 0.0
-0.02175615 -0.01123947 3.736273 -8.163289 0.8320091 0.5734235 0.420882 17.87836 1.940197 0 0.0
-0.03923161 0.0002297697 -8.165144 -6.219616 0.2916575 0.2349018 0.1448514 17.85326 2.767998 0 0.0
-0.03385313 -0.03599834 5.122507 -2.470973 0.2310426 0.1816083 0.1599641 17.3807 2.045555 0 0.0
0.000419545 -0.003861375 8.939582 -10.69231 0.5782857 0.4258073 -0.3663175 18.02065 nan 0 0.0
-0.04005034 -0.001573002 3.126168 -8.891304 0.8556249 0.6628594 -0.2453201 18.02954 nan 0 0.0
0.03039859 0.009166887 -6.897958 -0.6255556 1.052969 0.7515654 0.07414948 18.77348 2.335617 0 0.0
0.001609053 -0.002541502 3.540248 -2.809792 0.4231726 0.3558258 0.13891 16.40221 nan 0 0.0
-0.007482876 -0.01785587 -4.324882 -7.55608 0.4754224 0.3375738 0.3280847 18.29606 2.609396 0 0.0
0.02468115 -0.01958862 2.077188 -1.599509 0.278459 0.2344562 -0.0859229 17.70469 2.547094 0 0.0
0.02014828 0.04397479 -6.609977 -4.459662 0.1649881 0.1267363 0.0559222 15.92905 3.767426 1 0.0
0.001424027 -0.002001719 2.875442 -13.04019 0.3250539 0.2433747 -0.1228726 14.88815 nan 0 0.0
0.0247732 0.03159887 -5.542442 -6.148711 0.8612529 0.634551 0.1555503 18.87145 2.399448 0 0.0
0.03858778 -0.006594472 0.2303224 -2.440898 0.2010292 0.1542393 0.09388445 16.97202 1.988157 0 0.0
0.02590522 0.01238586 -4.829101 -5.302834 0.3230653 0.261039 0.3421238 17.88186 2.476852 0 0.0
0.02455386 1.513797e-05 -9.895211 -8.507966 1.465076 1.094543 0.6371317 19.43386 2.66326 0 0.0
0.01001844 0.03294232 -1.534122 -1.968965 0.5126299 0.3689073 0.1637818 18.56937 2.244167 0 0.0
0.02300118 0.02995707 -5.294263 -5.366648 0.6970469 0.5648373 -0.003002029 18.56948 2.325481 0 0.0
-0.04544781 0.009367135 -7.46258 -4.997034 0.8341971 0.5891356 -0.3600642 18.68535 2.561338 0 0.0
-0.02682423 -0.0359466 0.2256895 0.3404298 1.583761 1.177579 0.7140155 19.3408 2.073381 0 0.0
0.0003666758 -0.004731126 2.034027 -11.04595 0.2123695 0.1668434 0.09027224 16.27382 2.695974 0 0.0
0.008429793 0.008394891 -8.386912 -6.790857 0.1158616 0.08914613 -0.07099898 15.30161 2.651821 1 0.0
0.03481971 0.02694002 1.571403 -2.076054 0.2901793 0.2370868 0.3016405 17.59376 2.026899 0 0.0
-0.01202894 -0.01597567 -5.622697 -4.816822 0.3549545 0.2829974 0.009263822 17.61435 2.621944 0 0.0
0.005946155 0.03136336 -3.98048 -6.887613 0.2617379 0.2037852 0.1759146 16.27215 4.273198 0 0.0
-0.02201688 -0.02736235 -6.071937 -3.504472 0.6548974 0.6271015 0.8488352 17.95882 2.554838 0 0.0
-0.01346406 0.04240236 -6.611262 -3.788115 0.2271169 0.1950744 0.2978933 17.44813 2.85076 0 0.0
-0.01240598 0.04023956 -6.270601 1.332298 0.7810341 0.6501562 -0.2846679 19.02163 nan 0 0.0
0.012871 0.007709676 -2.628046 -4.163077 0.2537163 0.2034059 0.3498395 17.62028 2.537238 0 0.0
0.01607253 0.02477235 3.248046 -3.108468 0.8478399 0.6287003 0.5478232 18.84137 2.64039 0 0.0
-0.0305832 -0.0142268 -6.940608 -8.670252 2.141893 1.43399 0.4322546 19.77771 2.023369 0 0.0
-0.01794579 -0.03496041 -2.505841 -2.858949 1.855463 1.568476 0.6091283 19.73962 2.082937 0 0.0
-0.03400457 0.02042289 -8.212209 -5.339326 0.4059627 0.2784895 0.06508712 18.07919 2.550028 0 0.0
0.002084731 -0.008364646 -2.903859 -6.651608 0.6486287 0.5109103 0.05808862 18.45515 nan 0 0.0
0.04087451 0.0263636 -3.455278 -4.016796 0.7020616 0.5507544 0.1971094 18.81829 nan 0 0.0
-0.01269243 0.005508619 -0.9954232 -6.081455 0.8365032 0.6792905 0.3503064 18.43428 2.314474 0 0.0
-0.003599262 0.02336787 -9.390623 -14.3167 1.087682 0.8849894 0.3098581 18.05519 2.621679 0 0.0
0.03614198 0.02752129 -3.963663 -9.150234 0.5593335 0.4170052 0.2513098 18.48773 2.378305 0 0.0
-0.01351651 0.03915032 -7.308095 -7.225835 1.433943 1.349056 0.4180591 18.89852 nan 0 0.0
0.001529652 -0.009098965 1.166806 -8.851871 0.3993407 0.3069412 -0.5179136 17.77605 nan 0 0.0
-0.03750401 -0.0246185 -2.161365 -5.800016 0.9024519 0.6785289 3.985537e-05 18.93493 2.177109 0 0.0
-0.01200184 -0.02156802 1.094623 -2.836096 0.7501025 0.5363709 0.5025734 18.97217 nan 0 0.0
0.02675713 0.03436019 2.481651 -4.749349 1.056827 0.8492346 0.4046187 18.86846 2.335732 0 0.0
-0.02629612 -0.03451785 -8.016976 -9.047735 0.798592 0.5446206 0.6323535 18.42452 2.464312 0 0.0
-0.000796354 -0.006396243 -3.603081 -7.076449 0.7517933 0.4766486 -0.2273704 17.55562 nan 0 0.0
-0.01491335 0.007697947 -1.128682 -3.328418 0.8937405 0.6494713 0.4544521 18.92421 nan 0 0.0
-0.009779684 -0.04362626 -0.07231682 -12.72075 1.56425 1.293763 0.6568537 19.10527 2.724535 0 0.0
0.04418934 -0.01127744 -0.5118554 -4.24558 0.3696928 0.3009244 0.5801141 17.5661 2.724232 0 0.0
0.008139719 0.01724883 -10.76816 -4.090217 0.430927 0.3079498 0.4764269 17.83659 2.52737 0 0.0
0.03542796 0.02724498 4.285391 -6.867783 0.3685348 0.3033049 0.3833773 17.99767 2.288902 0 0.0
0.03889115 0.02566058 3.427446 -1.780359 1.504163 1.131248 0.5422144 19.41707 2.139982 0 0.0
-0.0002412843 -0.002388901 2.933213 -9.796505 0.4035863 0.2936437 -0.04015928 17.35189 2.236585 0 0.0
-0.03168312 0.0368116 0.8987276 -3.05914 0.3015571 0.236543 0.2500013 17.93093 2.501228 0 0.0
0.04129809 0.02761464 -1.15974 -6.888494 0.4813498 0.3542031 0.2465471 18.56026 2.604713 0 0.0
-0.02215597 0.003778901 -4.496482 -9.076711 1.71074 1.318707 0.6639909 19.56736 2.153645 0 0.0
0.03627252 0.02295886 0.3858859 -3.33682 0.457641 0.3345198 0.1867728 18.21332 2.07173 0 0.0
0.01900857 0.03068461 2.107431 -10.14017 0.1860117 0.1417286 -0.06523642 16.2366 2.780583 1 0.9963706
0.0218579 0.001455816 -2.986098 -3.323967 1.908182 1.49402 0.6804527 19.54794 2.142496 0 0.0
0.0195378 0.03264908 1.621865 -10.16911 2.135385 1.590608 0.542495 19.9617 nan 0 0.0
0.04392104 -0.02028573 -9.569004 -11.80864 2.932134 2.216148 0.5965525 19.53803 nan 0 0.0
-0.02953069 0.001570179 -6.646616 -4.228799 0.4442201 0.3165603 0.01603478 18.13697 nan 0 0.0
0.01299923 -0.02247222 3.214487 -10.19771 0.4359624 0.3077934 0.161824 18.44298 2.458736 0 0.0
0.01440005 -0.02153782 -4.112231 -6.357684 0.6096408 0.4557987 0.02154834 18.7172 2.182053 0 0.0
-0.0119035 0.04003745 -4.42814 -8.624288 0.5189597 0.4056079 0.1196665 18.42564 2.530905 0 0.0
0.02165414 0.03687151 -5.767124 -11.49695 1.803548 1.491146 0.5756353 19.62533 nan 0 0.0
-0.0165237 -0.005810152 -12.21953 -3.362986 0.7494648 0.6064446 0.2984107 18.70447 2.039263 0 0.0
-0.01332844 0.01707279 -5.384907 -2.880497 0.4668334 0.3074375 0.4827581 18.27747 nan 0 0.0
-0.04562088 -0.01671785 2.828496 -5.959453 0.25583 0.1994132 0.1564465 17.73638 2.679655 0 0.0
-0.04465523 0.01051572 -0.08482743 -0.5047325 0.7518775 0.5469175 0.1713957 18.70686 2.455236 0 0.0
-0.01510276 0.03638444 -0.3792298 -4.204853 0.5905778 0.4223855 0.1345446 18.6542 nan 0 0.0
0.02728063 0.0148288 -4.330629 -3.051647 0.2624353 0.2140826 0.2888966 17.65543 nan 0 0.0
-0.04017269 -0.02584979 -2.179572 -0.2489934 0.3814884 0.2800796 0.1811872 18.09838 2.710049 0 0.0
0.005602334 0.03011407 -1.813679 -6.659259 0.1788065 0.1444082 0.3258712 16.89276 2.743348 0 0.0
-0.01536282 0.00808507 -3.279538 -3.355991 0.3898954 0.2630213 0.2332943 18.16104 1.744951 0 0.0
-0.01269653 0.0376112 -4.083944 -1.521833 0.6860236 0.5213226 -0.2771261 16.19054 2.852407 0 0.0
-0.02168023 0.00422914 -3.609183 -11.06303 1.309609 1.021874 0.7149092 19.3862 1.947031 0 0.0
-0.02141748 0.0116278 -1.666269 -8.519474 0.5804638 0.4044415 0.2607313 18.22438 2.522953 0 0.0
-0.03949281 -0.007687739 -1.951704 -3.439501 0.5663509 0.4050513 0.2035015 18.79452 nan 0 0.0
0.00520487 0.01420871 -0.4068609 -7.654487 0.1995239 0.1672378 0.1845062 16.40555 3.032663 1 0.0
0.04511101 -0.01880044 -5.792771 -8.336223 0.2323891 0.1790841 0.296982 15.68028 4.165874 1 0.0
-0.02819148 0.03312765 2.999275 -3.699205 0.9138675 0.6907435 -0.328549 18.90458 1.884539 0 0.0
-0.02713576 0.04041402 -2.369482 -1.900597 0.4631312 0.3285703 0.2037171 18.41626 2.352379 0 0.0
-0.02920396 -0.03077263 -6.273003 -4.651617 0.2567789 0.2001955 -0.007566753 17.25014 3.089024 1 0.0
-0.02897379 -0.004523636 -0.1267608 -7.20401 0.2212107 0.1839509 0.1803631 16.80233 2.751437 0 0.0
0.0003402395 -0.005734391 4.403775 -15.43053 0.6904585 0.7934338 -0.4689317 18.10914 nan 0 0.0
-0.001774992 0.02948097 -5.746579 -5.160518 0.6248356 0.4513727 0.2400406 18.61234 2.408304 0 0.0
-0.004314252 0.04880233 -1.386628 -0.5874651 0.3285293 0.2479909 0.2320197 18.07661 2.549404 0 0.0
0.03469754 -0.02000551 -2.491579 -6.695242 0.1780168 0.1339566 0.1519508 15.90348 3.431686 1 0.0
-0.02951551 0.03946157 -1.311112 0.9720639 0.6603795 0.4668554 0.3919125 18.27389 2.362825 0 0.0
0.01808572 0.0451463 -11.47724 -8.215917 0.8193856 0.5782801 0.4221732 18.98018 nan 0 0.0
-0.000109114 -0.005265183 2.655021 -11.0722 0.6296792 0.46628 0.03313012 18.0184 nan 0 0.0
0.02748188 -0.02221578 -4.871468 -9.797136 0.3628521 0.2712818 0.2225544 18.16894 2.59169 0 0.0
-0.02685082 -0.03535533 6.025986 -2.985305 1.867614 1.449826 0.6487554 19.47553 nan 0 0.0
0.01617843 0.0255944 -2.95254 -5.560489 1.396797 0.9201989 0.7725122 19.12747 2.117634 0 0.0
-0.009601035 0.02161843 -0.8105682 -3.901169 0.3386013 0.2720508 0.06857862 18.00624 2.490501 0 0.0
0.04273526 -0.0121313 -3.827319 -6.664569 0.2247289 0.1811732 0.5013335 16.50443 3.50582 1 0.0
-0.01351194 0.005575268 -3.069839 -4.056405 0.5305261 0.3995783 0.3851293 17.89793 2.46995 0 0.0
0.01186294 -0.02147454 -2.96992 -8.466486 0.6697617 0.470466 0.1814863 18.62268 nan 0 0.0
0.02595829 0.01311636 -4.881564 -2.705546 1.025262 0.994902 -0.1540025 19.12948 nan 0 0.0
0.02573988 -0.01353306 -4.182057 -6.019126 0.2208142 0.1741818 0.2592027 16.78065 3.344152 1 0.0
-0.03422754 -0.02305139 -6.032429 0.4805618 0.4736959 0.349011 0.3939324 17.58789 2.384595 0 0.0
0.02220173 0.002285437 1.756321 -0.8936931 0.6579846 0.4873098 0.2718602 18.79216 2.087088 0 0.0
0.007160117 -0.001790251 2.600031 -10.31492 0.1456644 0.1121592 -0.01052152 14.50416 3.046166 0 0.0
0.03200511 -0.009769775 0.8037819 -1.200928 2.361331 2.040666 0.6759661 20.10708 nan 0 0.0
-0.01652512 0.00270616 -7.220219 -5.616223 0.7044026 0.4467637 0.3536078 18.33723 2.544733 0 0.0
