scripts/get_globular_clusters/output/HP_1_BH_229.csv
# %ECSV 0.9
# ---
# datatype:
# - {name: x, unit: deg, datatype: float64}
# - {name: y, unit: deg, datatype: float64}
# - {name: pmx, unit: mas / yr, datatype: float64}
# - {name: pmy, unit: mas / yr, datatype: float64}
# - {name: pmx_e, unit: mas / yr, datatype: float64}
# - {name: pmy_e, unit: mas / yr, datatype: float64}
# - {name: pm_corr, datatype: float64}
# - {name: g_mag, unit: mag, datatype: float64}
# - {name: bp_rp, unit: mag, datatype: float64}
# - {name: filter, datatype: int64}
# - {name: memberprob, datatype: float64}
# meta: !!omap
# - comments: [deg deg mas/yr mas/yr mas/yr mas/yr dimless mag   mag   zeroone float]
# - __serialized_columns__:
#     bp_rp:
#       __class__: astropy.units.quantity.Quantity
#       unit: &id001 !astropy.units.Unit {unit: mag}
#       value: !astropy.table.SerializedColumn {name: bp_rp}
#     g_mag:
#       __class__: astropy.units.quantity.Quantity
#       unit: *id001
#       value: !astropy.table.SerializedColumn {name: g_mag}
#     pm_corr:
#       __class__: astropy.units.quantity.Quantity
#       unit: !astropy.units.Unit {unit: ''}
#       value: !astropy.table.SerializedColumn {name: pm_corr}
#     pmx:
#       __class__: astropy.units.quantity.Quantity
#       unit: !astropy.units.Unit {unit: mas / yr}
#       value: !astropy.table.SerializedColumn {name: pmx}
#     pmx_e:
#       __class__: astropy.units.quantity.Quantity
#       unit: !astropy.units.Unit {unit: mas / yr}
#       value: !astropy.table.SerializedColumn {name: pmx_e}
#     pmy:
#       __class__: astropy.units.quantity.Quantity
#       unit: !astropy.units.Unit {unit: mas / yr}
#       value: !astropy.table.SerializedColumn {name: pmy}
#     pmy_e:
#       __class__: astropy.units.quantity.Quantity
#       unit: !astropy.units.Unit {unit: mas / yr}
#       value: !astropy.table.SerializedColumn {name: pmy_e}
#     x:
#       __class__: astropy.units.quantity.Quantity
#       unit: &id002 !astropy.units.Unit {unit: deg}
#       value: !astropy.table.SerializedColumn {name: x}
#     y:
#       __class__: astropy.units.quantity.Quantity
#       unit: *id002
#       value: !astropy.table.SerializedColumn {name: y}
# schema: astropy-2.0
x y pmx pmy pmx_e pmy_e pm_corr g_mag bp_rp filter memberprob
[from data line 1177]
0.03869209 -0.01022038 6.428096 -3.228463 1.114945 0.9221429 0.2782014 19.14158 2.054964 0 0.0
-0.03059262 0.01636135 -4.812652 -7.086509 1.101435 0.8557366 0.01295206 18.91512 nan 0 0.0
-0.04142818 0.006298062 -4.559391 -8.573403 0.3709737 0.2879215 -0.01153461 16.18525 4.065327 0 0.0
-0.004839076 -0.03567988 -5.21038 -0.9415755 0.2352905 0.1910636 0.2400648 16.51254 2.805625 0 0.0
-0.02030587 0.005543594 0.003325769 -8.365156 1.10112 0.7143018 0.4146924 18.81036 nan 0 0.0
-0.003570434 -0.04300214 -0.3832167 -1.673809 2.092253 1.858064 0.8474462 19.53754 nan 0 0.0
0.03248106 -0.009218706 -2.47859 -7.581657 0.4498596 0.3311989 0.2705183 18.47008 2.562788 0 0.0
0.0003139641 0.04401879 -4.6727 -7.027456 0.4578655 0.330752 0.2395413 18.05485 2.545399 0 0.0
-0.02654103 -0.008045829 -3.129189 -1.533372 0.4225518 0.308331 0.002362824 18.18373 2.545702 0 0.0
0.01440093 -0.01550869 -13.23106 -7.59058 0.5115448 0.3741046 0.1291499 18.20926 2.455345 0 0.0
0.01704471 -0.01088188 2.031162 -10.05276 0.1420251 0.1101709 -0.04541476 16.00102 2.773022 1 0.9966791
0.02917634 -0.01183266 -8.954865 -7.917003 0.5891914 0.4408142 0.3471671 18.72406 2.315781 0 0.0
-0.03003144 -0.003406244 -1.130884 -2.871435 1.079919 1.092404 0.5865865 19.25689 nan 0 0.0
0.01612178 0.002412495 -5.415205 -0.318281 0.7569194 0.5534631 0.2799948 18.5396 2.361479 0 0.0
-0.03728388 0.022598 -5.216356 -7.119188 1.172062 1.029557 0.5511244 19.25713 nan 0 0.0
-0.007196133 0.03711012 -1.749193 -5.142553 0.4084754 0.3102317 0.2102199 18.11995 2.644035 0 0.0
-0.03045623 0.002664718 -3.194849 -7.000568 0.5016977 0.3607364 0.08564004 18.32902 nan 0 0.0
-0.04142796 0.005790707 -8.74513 -2.283757 0.2781207 0.2125798 0.2635485 17.61243 nan 0 0.0
-0.01110506 -0.005584331 1.272637 -11.55756 0.9492817 0.6841631 0.3548424 18.76268 nan 0 0.0
-0.01057637 -0.005950484 -4.304637 -7.449348 0.7411137 0.5730992 0.266273 18.5561 2.313496 0 0.0
-0.01467707 0.01885216 1.392938 -6.584461 0.6280095 0.5019542 0.3098319 18.97237 2.748264 0 0.0
0.02815974 0.03831183 0.7649963 0.1385174 0.9755329 0.7303102 0.4446686 18.82321 2.446928 0 0.0
0.02365078 -0.01813116 -7.024338 -6.770927 0.4813155 0.4766327 -0.3155473 17.99859 2.595556 0 0.0
-0.006850462 0.009539421 0.378646 -5.238678 0.5321983 0.385423 0.2016185 18.49149 2.009626 0 0.0
0.005230254 -0.005795563 -0.2083353 -7.405119 0.1800552 0.1410571 0.1185877 15.88801 3.05344 1 0.0
0.0440641 0.004303748 -4.052743 -9.873049 0.3433068 0.2711814 0.3881616 17.36813 2.525241 0 0.0
0.04044513 0.01083223 -5.023121 2.004712 0.3935472 0.3289305 0.2224838 17.97422 1.950178 0 0.0
0.02273891 0.03937561 -3.005737 -6.991539 2.077416 1.517323 0.6660164 19.68204 1.545895 0 0.0
0.03251977 0.02830455 2.219777 0.05827235 0.630821 0.4886204 0.05502957 18.8949 2.381857 0 0.0
-0.01333043 0.03193866 -1.554219 -3.504352 0.4922725 0.3681155 0.1299812 18.50074 2.211407 0 0.0
-0.01055212 0.01459739 -12.67386 -2.803934 2.488777 2.092599 0.5813498 19.6051 nan 0 0.0
-0.01379654 -0.0389709 -5.580872 -3.466865 0.3990384 0.3025356 0.3715053 18.16722 2.483871 0 0.0
0.04504829 0.01773676 0.9902589 -3.281914 1.085539 0.8488683 0.1685053 17.97262 2.44906 0 0.0
-0.01380093 -0.007383298 1.032569 -14.36149 0.9980339 0.7830584 0.4057425 18.78915 2.765812 0 0.0
0.03026185 -0.005779055 -3.644954 -7.153242 1.364259 0.9879526 0.742033 19.28985 nan 0 0.0
-0.002883881 -0.02802752 -0.8198144 -2.305641 1.751728 1.494642 0.575594 19.65824 2.566219 0 0.0
-0.0394117 -0.01224055 -6.175891 -10.45799 0.545659 0.3949897 0.16747 18.36588 2.599596 0 0.0
-0.01962638 0.04519941 -1.801234 -4.101371 1.846961 1.475687 0.7348788 19.23896 2.223812 0 0.0
0.003194346 -0.02459049 -8.612733 -12.34227 2.241677 1.668831 0.2163555 20.24005 nan 0 0.0
-0.0316533 0.02620675 -4.162272 -3.929887 1.175284 0.9050401 0.6310329 19.10044 nan 0 0.0
-0.03524412 0.01167536 -6.684866 -5.33451 0.8387836 0.6259734 -0.5816305 18.56796 nan 0 0.0
-0.04346282 0.004218182 -1.047392 1.693885 2.351367 1.989993 0.2649647 19.6714 nan 0 0.0
-0.03875367 -0.005217431 -3.07468 -10.43799 1.627976 1.398579 0.0701843 19.14055 nan 0 0.0
-0.008650511 0.0366675 -9.362114 -4.966962 2.523469 2.050536 0.5965299 19.78433 nan 0 0.0
0.02122225 -0.004267999 -0.6262759 -3.14523 0.3653337 0.2961753 0.3366866 17.69785 2.561904 0 0.0
-0.001510468 0.02256111 -5.028616 -3.283008 0.4466967 0.3734213 -0.2280117 18.03414 2.716299 0 0.0
0.01707123 -0.01038025 -5.144694 -3.734317 0.8610117 1.047483 -0.7593203 17.81151 nan 0 0.0
-0.01150133 -0.007520335 0.2667826 -8.219508 0.8629488 0.5997522 -0.007642657 19.02354 2.245668 0 0.0
0.03111023 0.002319285 -1.046127 -7.698682 0.5069263 0.3737112 0.3137983 18.31668 2.35533 0 0.0
-0.008703346 0.0360724 -10.57155 -13.37194 1.717106 1.336531 0.6309304 19.64101 2.258064 0 0.0
-0.007722859 0.009398214 -9.163955 -0.4797284 2.21639 1.459254 0.607682 19.26537 nan 0 0.0
-0.002857049 -0.04209421 -3.29508 -3.173691 0.6986643 0.5133884 -0.02906161 18.97229 2.337603 0 0.0
0.006101588 -0.02107157 -5.629052 -3.389458 0.6917191 0.4967623 0.3043605 18.83555 2.300098 0 0.0
0.009410818 0.03884944 -3.092078 -5.328448 2.786681 2.184407 0.6556423 19.9559 nan 0 0.0
0.0007371059 0.04530053 -2.592631 -4.95698 1.213648 1.030343 0.3360747 19.15516 nan 0 0.0
0.00744953 -0.01986049 -4.034005 -6.365832 0.6963775 0.5262668 -0.3782854 18.68131 1.749348 0 0.0
0.0001023994 0.04540353 -5.189181 -3.938249 0.3058071 0.2532772 0.2416841 17.79941 2.740681 0 0.0
0.000287521 0.0449286 -2.528985 -1.039538 1.336762 1.143366 0.4733082 19.42817 nan 0 0.0
-0.01356702 0.0217305 -3.122766 -4.714076 1.157761 1.100552 0.4658215 19.15794 2.548237 0 0.0
0.03586483 -0.007755027 -0.9219248 -2.349025 0.4174996 0.3352361 0.1206371 18.33227 2.622726 0 0.0
0.002534956 0.0262747 5.493395 -8.890101 0.7395355 0.5503306 0.2943602 18.88625 nan 0 0.0
-0.03168062 0.02896667 -3.746326 -3.761378 0.7257495 0.4124002 0.4147905 18.50772 2.130884 0 0.0
-0.01353919 0.01150521 3.065092 -8.133467 0.8354544 0.4693031 0.2397048 18.11166 nan 0 0.0
-0.01679395 0.02924115 -3.517959 -7.148599 0.660999 0.4813822 0.1481895 18.67035 nan 0 0.0
-0.007930894 -0.03386238 -1.948552 -5.923375 1.252351 1.094604 0.6016908 19.34784 1.667843 0 0.0
0.01062725 0.03875776 4.650626 -4.85274 2.794843 2.191127 0.6723925 19.50494 nan 0 0.0
0.01057439 0.03903242 -0.9163524 0.3732187 0.4750085 0.3527822 0.3932945 18.37336 2.272997 0 0.0
-0.0108963 0.01901095 0.132595 -2.808027 0.5795373 0.4280227 0.325232 18.82128 2.051933 0 0.0
-0.04512785 0.003383928 1.451493 3.943602 0.7840089 0.6319678 0.0260002 17.86715 nan 0 0.0
0.03171832 0.002618547 -4.901646 -4.919304 1.567557 1.284198 0.7216738 19.70031 2.046576 0 0.0
-0.01626631 0.03655782 -0.3405993 -8.549344 0.5132815 0.3782931 0.1900204 18.56698 nan 0 0.0
0.00510012 0.03373806 -7.51106 -6.993087 0.4034009 0.292927 0.226804 18.12128 2.512856 0 0.0
0.01622523 -0.01160463 2.841177 -4.276024 0.6826401 0.5087604 0.03121206 18.83407 2.198879 0 0.0
0.005443549 0.02768602 2.751235 -10.19769 0.1152636 0.087413 0.1003953 16.1381 2.657849 1 0.9988025
0.005598816 -0.03226004 -9.119267 -1.716191 1.712579 1.212805 0.1999961 19.37065 1.664356 0 0.0
-0.03941998 0.008623937 2.61296 -2.908177 1.304929 1.252839 0.5507521 19.36481 2.556093 0 0.0
-0.010626 -0.03614382 -5.074933 -13.38189 1.6134 1.37774 0.6565538 19.50624 nan 0 0.0
0.0004725397 0.02318674 -1.2905 -4.577309 2.639404 1.939363 0.7080253 19.8659 nan 0 0.0
0.02634578 -0.0210806 3.441371 -10.68529 0.2959012 0.2483013 0.1781595 16.32221 2.653975 0 0.0
-0.007797739 -0.04695631 -3.751093 -3.741062 1.350945 1.125921 0.655044 19.383 nan 0 0.0
-0.02176405 0.02482467 4.21115 -11.38455 0.5943574 0.4802664 0.05623022 18.85227 2.141241 0 0.0
-0.02398458 0.02280237 -4.306611 -6.472641 0.5083347 0.3725914 -0.04201376 18.29127 nan 0 0.0
-0.04412066 -0.002610417 -5.202946 -6.350848 1.493818 1.305471 0.6466737 19.48963 2.254921 0 0.0
-0.001537225 0.04310516 -3.981505 -8.005133 0.4644844 0.3415616 0.2855724 18.44998 2.562571 0 0.0
0.03674294 0.008062296 -12.24967 -21.92174 2.052338 1.492008 0.1572796 18.57805 nan 0 0.0
0.009933734 -0.02086207 -3.363524 -3.458015 0.1167833 0.08852268 0.0309628 16.05734 2.492072 0 0.0
0.02941803 0.001051414 -5.950947 -4.054715 0.4340826 0.3211642 0.1282048 18.11891 2.494881 0 0.0
0.03207287 0.03638422 3.930501 -0.8726259 2.204602 1.654493 0.7303389 19.6069 nan 0 0.0
-0.01327451 0.009231687 -7.871248 -4.972577 0.3620276 0.3040794 -0.2136463 17.51958 2.595438 0 0.0
-0.03576507 -0.009973237 8.986042 -17.6446 2.569121 2.379268 0.1052879 19.6055 2.436745 0 0.0
0.04201801 -0.0206721 -3.071123 -3.373611 0.358749 0.29698 0.4671008 17.45834 3.112695 1 0.0
0.0105737 0.03251883 -3.634993 1.751381 1.124492 0.8249747 0.3409557 18.63092 2.414062 0 0.0
-0.001695355 0.01125244 5.138235 -13.33089 1.369101 0.9636506 0.2494322 19.05807 2.004213 0 0.0
-0.008062426 -0.04115799 1.259764 -1.851953 0.3811421 0.3024726 0.09762958 17.63531 1.897091 0 0.0
-0.002408748 -0.005537963 3.329168 -10.22529 0.5672516 0.4361029 0.04376831 18.00208 1.112706 0 0.0
-0.002039681 0.04265693 2.839177 -6.900183 1.231192 1.049849 0.5597769 19.2265 2.385136 0 0.0
0.01421643 -0.01190568 -16.70664 -17.18219 1.484663 1.049185 0.006886634 19.06504 nan 0 0.0
-0.002303011 -0.005856487 4.314375 -8.460008 0.640573 0.4876686 -0.09071313 18.42298 nan 0 0.0
-0.02757509 0.00355057 -4.121642 -5.859321 0.6652207 0.5141601 0.03521203 18.96396 2.225163 0 0.0
0.009536894 -0.02515547 3.740041 -6.585599 1.742713 1.14959 0.4156754 18.94026 1.94133 0 0.0
-0.04200299 -0.00971628 -3.523793 -7.108393 0.2445142 0.2064427 0.09309518 16.48625 3.588085 1 0.0
-0.03918694 0.02101417 -3.655878 -3.677119 0.2226257 0.186184 0.1403222 17.28354 2.438216 0 0.0
0.005602739 0.03730286 -0.8791104 -4.143571 1.283925 1.082318 0.2641738 19.33206 2.455793 0 0.0
-0.03301705 -0.007437419 1.871746 -4.19059 2.730032 1.863426 0.378124 19.89584 2.126942 0 0.0
0.02941629 -0.004836571 -5.960388 -3.70416 0.4316493 0.3315819 0.2324106 18.47755 2.622805 0 0.0
-0.02836795 0.002892311 2.43887 -9.332344 0.486751 0.348054 -0.0620726 18.38352 2.432531 0 0.0
-0.001430426 -0.02752586 -15.25742 -10.13953 1.842359 1.449376 0.6027658 19.36897 2.172745 0 0.0
-0.00240832 -0.02318666 -2.917131 -1.071881 0.2370425 0.1936243 0.2567518 17.17929 2.491252 0 0.0
0.00269358 0.02545072 -3.178228 -8.00101 0.8083977 0.5936182 0.2345271 18.59795 nan 0 0.0
-0.01568107 0.01448608 2.403779 -3.434376 1.446721 1.331303 0.6701997 19.42536 1.890238 0 0.0
-0.02285059 0.03557424 -3.370018 -5.906143 0.3656877 0.2580028 0.1146742 18.09878 2.320824 0 0.0
0.03555283 0.006731399 -1.850562 -2.227994 1.500898 1.214455 0.6298442 19.49817 nan 0 0.0
-0.002381482 -0.04029176 -2.889495 -4.243345 1.37049 1.241994 0.5120903 19.40145 nan 0 0.0
0.03507699 0.006737291 6.731028 -4.245047 1.517833 1.311478 0.3470836 19.37902 nan 0 0.0
-0.01009762 -0.03506992 -4.24514 -6.216081 0.506583 0.3895173 0.4782363 18.0999 nan 0 0.0
-0.00856457 -0.03994305 -0.5142066 -1.743308 0.3882549 0.2831421 0.22106 18.35909 1.882702 0 0.0
0.03084374 -0.004558531 -3.946786 -14.90612 2.013362 1.584022 0.475718 19.74946 nan 0 0.0
0.002667123 0.02484609 1.771767 -10.68437 0.5462 0.4001866 0.2726078 18.2994 2.257721 0 0.0
-0.00840598 -0.04052097 -4.859855 -3.904711 0.8952552 0.6452006 0.239085 18.95584 nan 0 0.0
-0.008174555 0.03706236 1.219099 -3.240888 0.4332662 0.3159345 0.2286768 18.10314 2.48613 0 0.0
0.03863673 -0.01662905 -0.5052545 -5.621716 0.5821778 0.3973201 -0.02115785 18.17333 nan 0 0.0
0.01778503 -0.009512533 1.2572 -9.914285 0.8612421 0.6835 -0.5029828 18.92303 2.171696 0 0.0
0.006735517 -0.02629202 -5.653946 -4.877806 0.5108838 0.3692881 0.2224123 18.54221 2.502241 0 0.0
-0.04331878 -0.02295766 -3.295511 -6.167865 0.2249928 0.1832793 0.241739 16.81775 3.18179 0 0.0
-0.004125574 -0.03662017 3.586437 -6.059668 0.3772083 0.31167 -0.09481553 17.85214 2.632324 0 0.0
-0.04424879 -0.01167229 -5.137565 -2.904978 1.71899 1.113961 0.6126518 19.45362 2.036154 0 0.0
0.0174413 -0.01023726 -6.471636 0.9810699 1.550056 1.119474 -0.5280118 18.96945 nan 0 0.0
0.004624758 0.0469026 -1.990126 -4.019707 0.5050859 0.3397774 0.5562022 18.07032 2.960892 0 0.0
-0.0188426 -0.04349786 -5.297626 -5.592791 1.391774 1.198541 0.687499 19.32014 2.402441 0 0.0
-0.0103362 -0.02781439 -5.799691 -9.666481 0.1716632 0.1263239 -0.06643057 16.0614 3.369012 1 0.0
-0.01473415 0.04724493 -3.39116 -4.949078 0.2166592 0.1791042 0.4076625 16.78307 2.943187 1 0.0
0.04618445 0.01620846 -1.551229 -7.176805 0.3994204 0.2998255 0.2778136 18.33549 2.662127 0 0.0
-0.01724069 0.01325558 -5.811173 -6.488028 0.7553279 0.5534478 0.3237407 18.92449 2.302706 0 0.0
-0.01948618 0.004580547 -2.765408 -4.76807 2.183064 1.862249 0.2456097 19.78193 nan 0 0.0
0.035894 -0.0001656965 -4.232027 -9.224872 0.6073408 0.4630212 0.3033689 18.69444 2.488554 0 0.0
0.03002216 -0.01173563 0.9102833 -0.3606945 1.032718 0.832514 0.6884228 19.13611 nan 0 0.0
0.0345937 -0.01460959 1.407152 -6.077386 0.9447289 0.6950617 0.4704217 19.05233 nan 0 0.0
-0.006535117 0.03834994 -0.6440956 -1.083421 0.1810944 0.1464982 0.3155764 16.95631 2.385527 0 0.0
-0.002383361 0.0380583 -3.310203 -5.886254 0.4621666 0.3317724 0.05566657 18.24961 2.119234 0 0.0
-0.005556661 0.03802766 -6.485967 -3.875447 2.293164 2.153115 0.8463588 19.79511 nan 0 0.0
-0.003835603 -0.01859381 -0.801335 -7.002035 0.5066542 0.3999283 -0.02252868 17.70813 2.747375 0 0.0
0.003090409 0.03241063 -0.9985272 -1.330759 0.4451191 0.327757 0.09673959 18.43032 2.250296 0 0.0
-0.006191331 0.0381783 4.498207 -6.144649 0.8276792 0.6188708 0.4563148 18.26589 nan 0 0.0
-0.02225561 -0.02340084 -1.567043 -7.882899 0.4595821 0.3681001 -0.02658378 18.18246 nan 0 0.0
-0.03055292 -0.02674854 2.720049 0.94337 0.1217138 0.09276738 -0.09426068 15.40061 2.412935 1 0.0
-0.02983004 0.03013264 1.346727 -0.4121731 0.1755175 0.1429431 0.3209048 16.74352 2.538467 0 0.0
0.03052639 -0.005079139 1.912671 -10.26459 0.5259311 0.3895164 0.2856424 18.37428 2.366671 0 0.0
-0.03433832 -0.00838582 -2.090497 -5.137895 0.4906752 0.35307 -0.01328855 18.48367 2.498144 0 0.0
0.03761551 0.008534991 -2.850553 -9.181438 0.9958711 0.7103675 -0.6605995 18.31428 nan 0 0.0
0.005285263 0.03452387 -2.332642 -4.235777 0.9213976 0.7474893 -0.1726144 18.77692 nan 0 0.0
-0.0122369 -0.0442159 -0.3309369 -2.589 0.8006947 0.6001998 0.03311772 18.60667 2.349413 0 0.0
-0.001139569 -0.04166884 -3.560649 -9.232416 0.3511458 0.2891622 0.2482225 18.03122 2.683893 0 0.0
0.03682233 0.008289241 -6.463427 -8.202865 0.8422687 0.6261408 0.1185443 18.84789 nan 0 0.0
-0.0181058 -0.02691142 -4.43661 -5.465541 0.2670292 0.2103699 0.1286879 17.22095 2.807406 0 0.0
-0.04882626 -0.001676111 -5.521811 -4.155679 0.3413461 0.2515898 0.1829058 18.00648 2.718189 0 0.0
0.02049166 0.04197582 -8.392856 -6.976137 0.2801373 0.211103 0.08410937 16.00295 4.180347 0 0.0
0.02853947 -0.02061009 -4.163082 -6.140548 0.3789005 0.3095203 -0.008467521 17.835 2.671017 0 0.0
-0.04208299 -0.008041662 -2.093677 -2.863321 0.4970074 0.3803009 0.1030036 18.63949 nan 0 0.0
0.01147403 0.04363094 -6.240711 -4.798706 0.3424267 0.2674924 0.4405376 16.55593 2.915408 0 0.0
0.0163656 0.03827633 -2.923853 -9.168066 1.049543 0.8415996 0.6982103 19.07883 2.392406 0 0.0
0.007026576 -0.02118035 -6.568167 -5.705676 0.3638311 0.2975023 0.291176 17.96388 2.506123 0 0.0
-0.04387641 -0.01698981 -2.459287 -6.733766 0.3390832 0.2638534 0.05326607 18.01257 2.431526 0 0.0
-0.03478075 -0.0281175 -4.660948 -4.969411 0.1440688 0.1022481 -0.02492959 14.58603 3.407668 1 0.0
-0.01142818 0.04595982 1.859115 -7.419697 0.9476399 0.6668486 0.2988099 18.5579 2.19161 0 0.0
0.007480738 0.04363704 -4.371763 -7.199551 0.5388204 0.4103356 0.2278926 18.40775 nan 0 0.0
-0.003676567 -0.03104688 -1.640827 -4.434783 0.516206 0.3780281 0.2257899 18.52773 nan 0 0.0
-0.03385631 -0.02665996 -7.353612 -5.360539 0.3629688 0.2609981 0.07331543 17.83182 nan 0 0.0
0.03244993 -0.02358866 -1.697578 -2.864554 0.3129727 0.2372491 0.06285268 13.57858 5.371229 0 0.0
