scripts/get_globular_clusters/output/Lynga_7_BH184.csv
# %ECSV 0.9
# ---
# datatype:
# - {name: x, unit: deg, datatype: float64}
# - {name: y, unit: deg, datatype: float64}
# - {name: pmx, unit: mas / yr, datatype: float64}
# - {name: pmy, unit: mas / yr, datatype: float64}
# - {name: pmx_e, unit: mas / yr, datatype: float64}
# - {name: pmy_e, unit: mas / yr, datatype: float64}
# - {name: pm_corr, datatype: float64}
# - {name: g_mag, unit: mag, datatype: float64}
# - {name: bp_rp, unit: mag, datatype: float64}
# - {name: filter, datatype: int64}
# - {name: memberprob, datatype: float64}
# meta: !!omap
# - comments: [deg deg mas/yr mas/yr mas/yr mas/yr dimless mag   mag   zeroone float]
# - __serialized_columns__:
#     bp_rp:
#       __class__: astropy.units.quantity.Quantity
#       unit: &id001 !astropy.units.Unit {unit: mag}
#       value: !astropy.table.SerializedColumn {name: bp_rp}
#     g_mag:
#       __class__: astropy.units.quantity.Quantity
#       unit: *id001
#       value: !astropy.table.SerializedColumn {name: g_mag}
#     pm_corr:
#       __class__: astropy.units.quantity.Quantity
#       unit: !astropy.units.Unit {unit: ''}
#       value: !astropy.table.SerializedColumn {name: pm_corr}
#     pmx:
#       __class__: astropy.units.quantity.Quantity
#       unit: !astropy.units.Unit {unit: mas / yr}
#       value: !astropy.table.SerializedColumn {name: pmx}
#     pmx_e:
#       __class__: astropy.units.quantity.Quantity
#       unit: !astropy.units.Unit {unit: mas / yr}
#       value: !astropy.table.SerializedColumn {name: pmx_e}
#     pmy:
#       __class__: astropy.units.quantity.Quantity
#       unit: !astropy.units.Unit {unit: mas / yr}
#       value: !astropy.table.SerializedColumn {name: pmy}
#     pmy_e:
#       __class__: astropy.units.quantity.Quantity
#       unit: !astropy.units.Unit {unit: mas / yr}
#       value: !astropy.table.SerializedColumn {name: pmy_e}
#     x:
#       __class__: astropy.units.quantity.Quantity
#       unit: &id002 !astropy.units.Unit {unit: deg}
#       value: !astropy.table.SerializedColumn {name: x}
#     y:
#       __class__: astropy.units.quantity.Quantity
#       unit: *id002
#       value: !astropy.table.SerializedColumn {name: y}
# schema: astropy-2.0
x y pmx pmy pmx_e pmy_e pm_corr g_mag bp_rp filter memberprob
[from data line 5035]
-0.006788055 0.03769491 -2.521136 -7.272524 0.7408719 0.6469431 -0.3946063 19.2412 1.545645 0 0.0
-0.02028035 -0.05670437 -0.4398494 -4.417948 0.3914698 0.3402783 -0.2610371 18.86484 1.33835 0 0.0
0.03141758 0.01547389 -4.956704 -5.272004 0.167723 0.152003 -0.2906321 17.40348 2.132885 1 0.0
-0.020861 -0.05719677 -1.845812 -3.894192 3.117397 1.432424 -0.2490791 20.61961 1.426521 0 0.0
0.002081576 -0.03703829 -3.499975 0.09905472 1.659918 1.1069 0.001095264 20.11961 1.384398 0 0.0
0.04969751 -0.01582153 -0.3436393 -4.588125 3.452606 1.854463 -0.4514667 20.65056 nan 0 0.0
0.03389096 0.04344884 0.8771128 -2.061746 0.2664711 0.2351395 -0.2993884 18.23251 1.53628 0 0.0
-0.008932778 -0.04807134 -2.745464 -8.558277 0.3172298 0.2907223 -0.1721553 18.3921 1.79546 0 0.0
0.0343539 0.01592921 -1.847943 -5.48984 0.1877379 0.164704 -0.2765317 17.61247 1.830395 1 0.0
0.05827575 -0.03144298 -8.026747 -5.876976 0.6611643 0.7516309 -0.5024163 19.40791 1.570017 0 0.0
-0.02218241 0.04219445 -3.534323 -8.773166 0.7390958 0.7236209 -0.313602 19.67074 1.715349 0 0.0
0.003339015 -0.0416656 -10.82474 -1.269017 2.806782 1.491331 -0.059973 20.13264 1.244719 0 0.0
0.002850376 0.03853462 -1.480247 -6.672747 1.386452 0.9018875 -0.2703292 20.15148 nan 0 0.0
0.03847085 0.05142883 0.3617201 -2.428494 1.426498 0.8725275 -0.2841707 20.06686 nan 0 0.0
-0.005988832 -0.01748837 -4.012282 -3.038639 1.17458 1.006153 -0.1413132 20.05638 nan 0 0.0
0.03947979 0.04312324 -8.649566 -5.197152 2.668258 1.155467 -0.3762156 20.48336 nan 0 0.0
0.008154038 0.04833384 -6.51565 4.847158 0.8119852 0.7505818 -0.2535418 19.22532 1.36874 0 0.0
0.04542715 0.04474957 0.3428396 -3.588995 2.215118 0.9805798 -0.2963894 20.26292 0.9706459 0 0.0
0.04497399 -0.03283327 -4.664421 -5.98315 0.5498974 0.4548698 -0.2957388 18.24689 1.582897 0 0.0
-0.004366302 -0.01353231 7.860882 -13.95753 1.137341 1.400886 -0.1616248 19.32369 nan 0 0.0
-0.00778781 -0.0492384 -7.680943 -9.258442 1.073607 0.9161266 -0.1188055 19.91731 1.384529 0 0.0
0.03869202 0.02859002 -2.466138 -2.668519 0.2889268 0.2383775 -0.3378645 17.9502 1.414274 1 0.0
0.01116419 -0.03626543 -4.263501 -7.369271 0.6474191 0.7498733 -0.2877426 19.58589 1.763933 0 0.0
0.0166705 -0.06211574 -2.559055 -18.43114 4.052076 1.962661 -0.1156112 20.52624 1.439207 0 0.0
0.04395878 -0.01734445 -2.977591 -0.7325153 0.968341 1.385423 -0.380267 19.86412 1.693932 0 0.0
-0.01649024 0.04485225 -3.843437 -3.826633 1.244557 1.159584 -0.529592 19.90338 nan 0 0.0
-0.01299502 0.04245792 -3.26049 -6.682046 0.8239943 0.7937111 -0.4813097 19.684 1.674522 0 0.0
0.02077906 -0.0302726 -4.617031 -2.036385 0.7674967 0.8314335 -0.3577495 19.82268 1.585238 0 0.0
-0.01369675 -0.06473148 -2.794568 -3.830463 0.1494684 0.1410161 -0.2794639 17.42408 1.442379 1 0.0
-0.02428617 -0.04239007 -1.034003 -7.211679 0.8907951 0.7581835 -0.5020043 19.43667 nan 0 0.0
0.02546371 0.05013468 -11.81687 -4.234595 2.547396 1.274673 -0.02167756 20.35407 nan 0 0.0
0.04928733 0.01030586 -3.912618 2.435146 3.01666 3.043673 -0.03083245 20.69675 nan 0 0.0
-0.02214324 -0.02790823 -4.50448 -4.519035 1.558166 1.016403 -0.3083878 20.11495 1.639019 0 0.0
-0.01024155 -0.05092505 -2.629733 -4.589106 0.04863837 0.04566492 -0.2496291 14.67147 1.887834 1 0.0
-0.01206718 -0.06433422 -5.332988 -6.379889 0.2292168 0.2000206 -0.3606928 17.78373 1.541595 1 0.0
-0.02253486 -0.01059735 -3.138371 -6.318073 1.424711 0.9537398 -0.2224639 20.13774 1.381601 0 0.0
-0.01011845 -0.05755115 -3.27344 -5.731775 0.1166969 0.1087087 -0.2638941 16.89049 1.630001 1 0.0
0.00722103 -0.06241425 -2.270899 -1.726973 1.505223 1.356863 -0.2520068 19.99837 1.641655 0 0.0
-0.03696251 -0.03774213 -4.701716 -4.664248 0.8153089 0.7650835 -0.33204 19.86727 1.42486 0 0.0
0.05287709 0.03851094 -4.836601 -4.412667 0.9249764 0.9612433 -0.3455072 19.9017 1.3365 0 0.0
0.03077737 0.04120071 -1.331368 -1.474284 0.519339 0.5774158 -0.3613486 19.20829 1.48208 0 0.0
-0.01080093 -0.002966834 -3.671475 -8.646382 0.2623962 0.250023 -0.2223444 17.38242 1.376566 0 0.0
0.004809105 0.06499316 -10.81506 -2.569652 3.37244 1.291225 -0.366773 20.46069 nan 0 0.0
-0.003022268 0.004053565 -1.741723 -15.86117 0.9862155 1.368812 -0.4618359 18.27731 1.854342 0 0.0
0.04067991 0.0267379 -1.720726 -4.889788 0.472053 0.4055884 -0.3531851 18.83028 1.569834 0 0.0
0.03463662 0.0512607 -6.608856 -6.793141 1.127949 0.9334135 -0.2887072 20.0826 nan 0 0.0
0.01973444 -0.01985794 -3.847859 -6.329455 0.2807992 0.2696288 -0.2102206 18.04344 nan 0 0.0
0.03644981 0.02812294 -2.653506 -3.573872 0.130726 0.1084052 -0.3149314 16.77156 1.236799 1 0.0
-0.01403553 -0.06277085 -11.49312 -5.221146 2.597602 2.37885 -0.08918197 20.50325 nan 0 0.0
-0.03394874 -0.04206911 -7.218585 -6.932034 0.1689083 0.1406443 -0.2723576 17.46699 1.325169 1 0.0
-0.01616694 0.04075922 -8.558759 -7.403058 0.8590254 0.7522572 -0.3487975 19.79993 0.7409496 0 0.0
0.04820122 -0.03291336 -5.705897 -3.750959 0.5269945 0.4694354 -0.1993039 19.1645 1.692068 0 0.0
-0.002865744 0.001028522 -5.16438 -9.701508 1.10741 0.9166592 -0.1660283 20.00089 nan 0 0.0
-0.002312378 0.04132702 3.103532 -7.178225 3.799525 3.42248 0.03161513 20.67897 nan 0 0.0
-0.0008586578 -0.05927411 -4.807977 -2.155956 2.393855 1.89459 -0.2702906 20.75235 nan 0 0.0
0.05640989 -0.03182175 -8.133824 -2.705553 0.5450521 0.6263149 -0.3843177 19.24671 1.960047 0 0.0
0.01970346 0.04011293 -3.3161 -6.748036 0.9391945 0.9708003 -0.2860029 19.97713 nan 0 0.0
0.0005378026 -0.01350537 -8.00752 -2.121738 0.9866077 1.089234 -0.2429595 19.9569 1.530582 0 0.0
0.04659623 -0.03291525 -4.861826 -5.080575 0.9398586 0.9584764 -0.3065448 19.91901 1.53462 0 0.0
-0.02890318 -0.03868529 -3.876607 -4.192312 0.2877693 0.2432246 -0.4668736 17.50088 nan 0 0.0
0.04073435 0.03745334 -5.572576 -6.00373 1.485306 0.9758427 -0.2687308 20.16227 1.429049 0 0.0
0.008957599 0.06505729 -2.414823 -0.7306857 2.367355 1.066114 -0.260871 20.36979 1.35759 0 0.0
0.02999506 0.04114409 -1.695517 -2.602879 0.7404198 0.8419119 -0.3734142 19.69971 nan 0 0.0
-0.009255707 -0.002134839 -6.676138 -9.07344 2.963828 1.300413 -0.2688173 20.1935 1.727074 0 0.0
-0.01559883 -0.05548536 -3.17688 -1.076863 0.5712279 0.5956612 0.01063361 19.12961 1.929148 0 0.0
0.05093223 0.04005081 -3.266495 -2.366213 0.6364271 0.7269628 -0.384764 19.49656 1.489296 0 0.0
0.05049149 0.02837839 -5.884344 -2.829768 0.1477838 0.1238314 -0.2704672 17.18919 2.108894 1 0.0
-0.03655689 0.02098554 -3.489143 -4.697623 0.6159212 0.5726205 -0.1916076 19.43102 1.515068 0 0.0
-0.003698549 -0.007161702 -3.977605 -7.005501 0.1101081 0.09849848 -0.206151 16.55908 2.196026 1 0.9951465
-0.006869193 -0.04568675 0.5820961 -0.08744546 0.9580914 1.020044 -0.1393843 20.03874 1.723568 0 0.0
0.04258413 0.03614295 -1.98714 -2.233535 0.5058466 0.4974824 -0.3229635 19.09388 1.633669 0 0.0
0.0294214 0.04113307 -5.015728 -0.5841546 2.107505 0.9563219 -0.3223905 20.12679 nan 0 0.0
-0.002726903 0.00231027 -6.72009 -2.399005 0.9617512 0.9979312 -0.1886314 19.85737 nan 0 0.0
0.04371539 -0.03340406 -2.604782 -4.336654 0.5423092 0.5727775 -0.2384513 19.13301 1.585104 0 0.0
-0.003574234 -0.03793485 -4.94878 -9.283962 1.007371 1.053198 -0.3376919 20.03286 1.308092 0 0.0
0.003706224 -0.01049956 -2.202688 -7.001712 1.584491 1.400522 -0.1173238 20.17076 nan 0 0.0
0.03829653 0.04196092 -5.735374 -5.823251 0.4537813 0.429321 -0.3274856 19.06555 1.522381 0 0.0
0.004111304 -0.03845752 -6.491244 -6.246324 0.2592257 0.234937 -0.2140947 18.21596 1.468935 1 0.0
0.04858051 0.02886525 -2.369053 -2.302542 0.2747799 0.2348266 -0.2599314 18.2845 nan 0 0.0
-0.03632604 -0.0412625 -4.551977 2.989325 2.439423 2.114381 -0.08529932 20.51847 2.107782 0 0.0
0.05590622 -0.03215291 0.1848555 -8.093131 1.825603 1.207792 -0.3980604 20.37683 nan 0 0.0
-0.0300554 -0.04061638 -5.16741 -4.722765 0.4309202 0.3299752 -0.1748262 18.85818 2.233549 0 0.0
0.04936286 0.04311218 -5.912035 -1.633117 1.630184 0.9664379 -0.349035 20.21401 1.508963 0 0.0
-0.01217262 -0.003272407 -3.941861 -7.44053 1.964186 1.506911 -0.1881693 20.19781 nan 0 0.0
0.04193558 -0.0346648 -4.403088 -5.312827 1.443907 0.8583247 -0.1705922 20.10719 1.510197 0 0.0
0.03593169 0.05088952 -4.065724 -1.733295 0.288043 0.2715323 -0.3299461 18.40579 1.62504 1 0.0
0.03600008 0.03043505 -5.67265 -4.555973 0.404063 0.3444621 -0.3082214 18.78262 1.502522 0 0.0
-0.03607431 -0.04146827 -0.3436036 -1.293769 3.564506 1.345454 -0.5270274 20.56551 1.402781 0 0.0
0.02434295 -0.0194447 -6.132236 -6.714524 1.207815 1.013076 -0.4460288 19.87444 1.804163 0 0.0
0.01804333 0.04004124 -1.397501 -9.722991 1.048441 1.06696 -0.1834663 20.0583 nan 0 0.0
-0.01180793 -0.003428699 -4.482728 -1.6363 0.4944358 0.4891282 -0.2271695 19.09851 1.663555 0 0.0
0.008049985 -0.03591372 -2.095435 -5.117775 0.2489193 0.2197235 -0.2333634 18.19859 1.437181 1 0.0
0.06442803 0.001235679 0.3710428 -0.8766102 3.456049 1.660948 -0.441027 20.63683 1.433451 0 0.0
0.01785231 0.04045713 -8.924511 -1.065847 1.113667 1.091101 -0.5990571 19.53895 nan 0 0.0
-0.01702909 0.04464222 -6.910847 -5.109666 0.6935888 0.8489374 -0.3622597 19.24487 nan 0 0.0
-0.02426876 -0.05664177 -5.408587 -6.787091 0.5631036 0.5721098 -0.278758 19.43355 1.841122 0 0.0
0.04216193 -0.01762097 -2.839194 -3.09289 0.1493919 0.1534392 -0.2479463 17.24249 1.235518 0 0.0
-0.03825538 0.05266882 -1.675901 -4.516481 0.2055791 0.1766875 -0.2471985 17.74025 1.317713 1 0.0
-0.0127933 0.0368542 -12.29458 -0.195871 1.853394 2.980353 -0.5049157 19.76914 nan 0 0.0
-0.03358323 -0.03328355 -10.88105 -5.406503 3.531311 2.005997 0.1195685 20.23693 1.523613 0 0.0
0.05237472 0.02664408 -2.962993 -2.88517 0.07388339 0.06301887 -0.2537549 12.86222 2.629273 1 0.0
-0.02145012 -0.01000928 -12.24154 -11.02715 0.9411196 0.9217098 -0.2228346 19.55315 1.953623 0 0.0
-0.02765525 -0.03700593 -5.708349 -5.811207 1.215049 1.022044 -0.0111238 19.80352 1.392138 0 0.0
-0.008554048 0.04563295 -7.095842 -4.217214 1.332688 1.819361 -0.2353347 19.58773 nan 0 0.0
0.06450053 -0.01290554 -5.950223 -2.765042 3.617436 2.255319 -0.3530668 20.74591 nan 0 0.0
-0.04533845 -0.03336392 -11.23311 -4.893841 1.141671 1.353409 -0.4294869 20.10625 1.758186 0 0.0
-0.03962184 -0.02415293 -3.820426 -1.845463 1.265965 1.011424 -0.3629467 20.04794 1.218235 0 0.0
0.06598 0.005070718 -2.198529 -7.31668 3.233739 2.021838 -0.04874615 20.69689 nan 0 0.0
-0.008379283 0.0413262 -6.60783 -5.394925 2.444076 3.119482 0.02350571 20.28531 nan 0 0.0
0.02203409 -0.02009566 -5.105116 -2.552232 2.02383 1.922804 -0.04888856 20.54251 nan 0 0.0
0.002558521 -0.0395522 -3.818822 -8.618268 0.9017048 0.8267657 -0.252138 20.03584 1.175854 0 0.0
-0.04667194 -0.02815078 -3.923655 -4.31869 0.2937994 0.2744506 -0.2902196 18.35145 1.403477 1 0.0
0.04832425 -0.02451354 -4.867835 -4.67982 0.1629613 0.1398261 -0.2908593 17.40917 nan 0 0.0
-0.03538852 0.05521588 -4.83612 -4.210572 0.1153248 0.09988813 -0.2172401 16.74057 2.422569 1 0.0
0.05613403 0.03075882 -5.139905 -4.329296 1.04816 0.9422805 -0.2403114 20.04094 1.641132 0 0.0
-0.05106632 -0.03177635 -2.034859 -9.53826 0.8932225 0.930111 -0.2905339 19.46308 1.659594 0 0.0
-0.05030504 -0.03005495 -7.059687 -4.845043 0.7751968 0.7728928 -0.2879481 19.70486 1.798607 0 0.0
0.02764182 0.01939058 -3.161192 -6.474393 1.238759 1.061877 -0.2686658 20.01998 nan 0 0.0
-0.02959542 -0.0409708 -1.786718 -7.442793 1.814786 0.9826774 -0.4345752 20.20615 nan 0 0.0
-0.007988135 0.04124999 -4.645856 -6.709481 1.170231 1.140046 -0.32199 19.83276 1.239794 0 0.0
0.04296445 0.02619762 -6.057472 -7.451288 0.1624321 0.1359867 -0.2687966 17.30976 1.373222 0 0.0
-0.008574833 -0.01901472 -3.620401 -6.956108 0.1133503 0.096025 -0.2376422 16.76097 2.040716 1 0.9820467
-0.02453062 0.04439796 -4.081093 -4.843607 0.6183204 0.6169363 -0.3640073 19.4087 1.422729 0 0.0
-0.004333313 0.002298683 -12.81157 -18.05447 2.088091 1.822622 -0.1419494 20.00711 1.522642 0 0.0
-0.0538788 0.03322624 2.299127 -6.007397 2.547673 1.850379 -0.5234196 20.41278 nan 0 0.0
-0.0003991352 -0.0615324 -10.09536 -8.11289 2.441868 1.727653 -0.3124565 20.59583 1.199879 0 0.0
0.01271754 -0.03454547 -4.325222 -9.012627 2.390207 2.135804 0.07474307 20.62309 0.2073841 0 0.0
0.01375259 0.04837426 -1.410209 -1.765777 0.3343553 0.2682106 -0.2921798 18.50626 1.684824 0 0.0
0.00740358 -0.0133611 -3.897696 -6.504838 0.1109161 0.09776754 -0.233313 16.66983 1.37519 1 0.3532382
0.003783189 -0.02263412 -0.7876003 -10.93794 2.112166 1.457921 -0.1239661 20.41518 nan 0 0.0
0.0645346 -0.01330614 -5.96329 0.2262924 3.859837 1.561291 -0.4621945 20.24059 nan 0 0.0
0.04249192 -0.03361635 -5.489029 -3.552015 0.7458697 0.7287081 -0.3356496 19.46628 2.036705 0 0.0
-0.02552143 0.04417227 -0.8801408 -1.897416 0.6996727 0.6781314 -0.3419805 19.53744 1.43469 0 0.0
-0.03433525 -0.03645039 -2.392916 -8.334021 1.258612 1.167255 -0.4898184 19.60035 1.715443 0 0.0
0.001812562 -0.03920121 -4.510368 -2.659087 1.020604 0.824922 -0.2272525 20.01447 1.345539 0 0.0
-0.0511273 -0.03158569 -3.387201 -8.218627 2.953114 1.486647 -0.2189632 20.48144 nan 0 0.0
0.03537718 0.02375989 -1.738315 -6.257088 0.8536506 0.9687199 -0.373748 19.56438 1.550241 0 0.0
-0.01192668 0.04507132 1.610854 -3.612092 3.574347 1.474344 -0.5162257 20.60123 1.301456 0 0.0
-0.02532483 -0.03220548 -5.882573 -15.38522 4.049405 2.627973 -0.5623165 20.6925 nan 0 0.0
-0.05023325 0.04348493 -5.282968 -4.909009 0.1810072 0.1487363 -0.2546571 17.62483 2.184694 1 0.0
-0.002281452 -0.04286334 -1.853683 -7.513213 0.6017652 0.6059344 -0.2192121 19.00366 1.651651 0 0.0
0.00226362 -0.03922412 -3.371954 -9.762084 3.028312 1.604717 -0.06626713 20.43613 nan 0 0.0
-0.02234117 -0.04617692 -0.2354689 -8.540867 2.44607 1.984407 -0.09566785 20.37436 nan 0 0.0
0.05107832 -0.01520149 -4.798321 -5.394969 0.2894633 0.253128 -0.2448992 18.43397 1.508093 1 0.0
-0.004898471 -0.06183788 0.7936695 -6.928204 3.53809 2.64685 -0.2977273 20.79435 nan 0 0.0
0.04477628 -0.0004920199 -9.712687 -15.43276 3.223891 4.382996 0.1468859 20.99558 1.998856 0 0.0
0.001421549 -0.0579695 -8.459737 -9.425557 2.189791 1.583133 -0.1839286 20.62562 1.541988 0 0.0
-0.04254779 -0.03878152 -3.1338 -5.212701 1.474196 1.068573 -0.0583973 20.14072 nan 0 0.0
0.0329766 0.02052328 -10.46549 -14.96052 0.2716156 0.2355923 -0.2740356 18.25978 1.286654 1 0.0
-0.005479323 -0.0617464 -11.0225 -5.478259 2.786009 1.857759 -0.3978644 20.62894 0.9444389 0 0.0
-0.02512153 0.04410386 -4.914812 -6.955426 1.266622 1.807242 -0.4160349 20.00646 nan 0 0.0
0.01804638 -0.02959224 -4.752026 -4.012068 1.98028 1.04517 -0.3004576 20.27675 nan 0 0.0
-0.02630265 -0.04908615 -5.465656 -4.886886 0.7458074 0.8414904 -0.3758712 19.52309 1.276735 0 0.0
-0.001343959 -0.06539671 7.130971 -4.717294 2.907805 1.881876 -0.0265319 20.67042 nan 0 0.0
-0.001763132 0.004000235 -3.312316 -6.995405 0.6747835 0.4941938 -0.4143761 19.02242 nan 0 0.0
0.03674016 0.05082012 -3.357559 -1.778732 0.7988167 0.8805283 -0.3581297 19.82827 1.447496 0 0.0
0.03208094 -0.03417876 -0.8537482 2.048916 0.3820755 0.3244957 -0.2820992 18.84286 1.508102 0 0.0
0.04408417 0.02520839 -13.2868 -16.50884 0.9735604 0.8152903 -0.2874356 18.87713 1.431152 0 0.0
0.02410947 -0.01805601 -9.237201 -1.873854 1.147482 1.472446 -0.5421832 19.5263 nan 0 0.0
0.00605746 0.03866778 -1.683491 -7.728052 1.513551 1.185899 -0.304888 20.14183 1.050201 0 0.0
0.006935679 -0.008718533 -3.782035 -1.117485 0.4499513 0.456999 -0.423341 18.21979 nan 0 0.0
0.01647042 -0.02206516 2.877176 -4.055331 3.902657 1.506857 -0.3316983 20.54489 1.698542 0 0.0
-0.04481097 -0.03950118 -4.714381 -4.376054 3.912646 1.718662 -0.222068 20.63314 nan 0 0.0
0.03894256 -0.01709125 1.999717 -1.975262 1.673283 1.60239 -0.1784703 20.5153 nan 0 0.0
-0.01351418 -0.04090101 -4.809777 -5.428796 1.862543 1.278613 -0.2082676 20.42791 0.6312485 0 0.0
0.0389518 -0.01651905 -6.507604 -6.098514 0.4302622 0.3789074 -0.2920037 18.98521 1.59729 0 0.0
-0.04313383 -0.02635768 -4.312272 -4.804544 0.880332 0.7874684 -0.1860404 19.76129 1.686096 0 0.0
