scripts/get_globular_clusters/output/Lynga_7_BH184.csv
# %ECSV 0.9
# ---
# datatype:
# - {name: x, unit: deg, datatype: float64}
# - {name: y, unit: deg, datatype: float64}
# - {name: pmx, unit: mas / yr, datatype: float64}
# - {name: pmy, unit: mas / yr, datatype: float64}
# - {name: pmx_e, unit: mas / yr, datatype: float64}
# - {name: pmy_e, unit: mas / yr, datatype: float64}
# - {name: pm_corr, datatype: float64}
# - {name: g_mag, unit: mag, datatype: float64}
# - {name: bp_rp, unit: mag, datatype: float64}
# - {name: filter, datatype: int64}
# - {name: memberprob, datatype: float64}
# meta: !!omap
# - comments: [deg deg mas/yr mas/yr mas/yr mas/yr dimless mag   mag   zeroone float]
# - __serialized_columns__:
#     bp_rp:
#       __class__: astropy.units.quantity.Quantity
#       unit: &id001 !astropy.units.Unit {unit: mag}
#       value: !astropy.table.SerializedColumn {name: bp_rp}
#     g_mag:
#       __class__: astropy.units.quantity.Quantity
#       unit: *id001
#       value: !astropy.table.SerializedColumn {name: g_mag}
#     pm_corr:
#       __class__: astropy.units.quantity.Quantity
#       unit: !astropy.units.Unit {unit: ''}
#       value: !astropy.table.SerializedColumn {name: pm_corr}
#     pmx:
#       __class__: astropy.units.quantity.Quantity
#       unit: !astropy.units.Unit {unit: mas / yr}
#       value: !astropy.table.SerializedColumn {name: pmx}
#     pmx_e:
#       __class__: astropy.units.quantity.Quantity
#       unit: !astropy.units.Unit {unit: mas / yr}
#       value: !astropy.table.SerializedColumn {name: pmx_e}
#     pmy:
#       __class__: astropy.units.quantity.Quantity
#       unit: !astropy.units.Unit {unit: mas / yr}
#       value: !astropy.table.SerializedColumn {name: pmy}
#     pmy_e:
#       __class__: astropy.units.quantity.Quantity
#       unit: !astropy.units.Unit {unit: mas / yr}
#       value: !astropy.table.SerializedColumn {name: pmy_e}
#     x:
#       __class__: astropy.units.quantity.Quantity
#       unit: &id002 !astropy.units.Unit {unit: deg}
#       value: !astropy.table.SerializedColumn {name: x}
#     y:
#       __class__: astropy.units.quantity.Quantity
#       unit: *id002
#       value: !astropy.table.SerializedColumn {name: y}
# schema: astropy-2.0
x y pmx pmy pmx_e pmy_e pm_corr g_mag bp_rp filter memberprob
[from data line 5203]
0.04656072 0.02553362 -4.283529 -2.784484 0.3262508 0.2823862 -0.2549234 18.6104 2.184757 1 0.0
0.01079432 0.03910546 -3.213023 -2.554555 0.2863369 0.2301951 -0.2320108 18.27768 1.511175 1 0.0
0.05437474 -0.003849514 3.599044 -5.618306 4.336928 3.186249 -0.03623607 20.83719 nan 0 0.0
-0.002909315 0.003153305 -16.80992 -7.647187 3.365661 1.76857 -0.26956 20.10703 nan 0 0.0
-0.01304412 -0.01964537 4.286268 -5.395999 0.6622972 0.5467461 -0.1264853 18.49117 1.44981 0 0.0
-0.01783187 -0.02580415 -4.731187 -5.961075 0.4730313 0.4126618 -0.219149 19.11228 1.477173 0 0.0
0.05837888 -0.02622462 -6.152202 -5.693687 0.1599411 0.1278724 -0.4067034 17.06726 1.309832 1 0.0
-0.03889452 -0.02253477 -3.953026 -9.041381 1.678049 0.9034377 -0.2531887 20.10217 nan 0 0.0
-0.03945733 -0.02379037 -4.510172 -4.37028 1.096835 0.8672989 -0.18633 20.12051 nan 0 0.0
-0.01888588 -0.0536443 -2.915757 -5.64879 0.6086848 0.5763099 -0.4421438 19.29445 nan 0 0.0
0.002320342 0.04078533 -5.049111 -2.445654 0.8036746 0.7445323 -0.3070472 19.86399 nan 0 0.0
0.001786496 -0.04017396 6.728369 -2.186526 1.929527 0.8945705 -0.229774 20.15985 1.561928 0 0.0
0.05245867 0.02442 -2.678414 -12.16417 0.3336528 0.2942997 -0.2948766 16.69343 1.938223 0 0.0
-0.0208071 0.03842627 -3.729651 3.066166 1.181447 1.231309 -0.3737906 19.67089 nan 0 0.0
0.04333979 0.04371431 -5.341213 -4.573419 2.657184 1.520182 -0.1151842 20.64609 nan 0 0.0
-0.001770639 -0.02234025 -0.8194034 -0.839445 2.09779 1.133798 -0.09557148 19.8474 nan 0 0.0
0.04063322 0.02356794 -6.148122 -5.560993 0.1142237 0.09329018 -0.3224145 16.49664 1.923983 1 0.0
-0.02193902 -0.02065256 -4.820406 -6.460679 0.5810015 0.5535272 -0.2567875 19.18857 1.555368 0 0.0
0.006047787 -0.02471723 -3.297689 -5.383609 2.604062 1.043664 -0.5315095 20.16807 nan 0 0.0
0.005685647 -0.008615337 -3.780677 -6.992372 0.06897948 0.06672724 -0.2671711 14.77772 2.479156 1 0.9966124
0.05305081 -0.01352562 -1.777999 -1.786147 0.3431941 0.2916589 -0.2653313 18.70979 1.426779 1 0.0
-0.02276657 -0.04540659 -2.144703 -3.868246 0.9358325 1.068812 -0.3409188 19.98497 0.24123 0 0.0
0.03389781 0.04129353 -6.061502 -8.085475 1.626855 1.709213 -0.2962406 19.45167 1.787653 0 0.0
-0.01969918 -0.05721143 -8.989106 -5.136006 2.220762 1.33586 -0.3592944 20.44528 1.602327 0 0.0
0.03919636 -0.01496289 -6.161631 -4.988194 0.4047878 0.3501682 -0.2556954 18.93246 1.706627 0 0.0
-0.0304433 -0.04377143 -7.335674 -11.97175 2.862629 1.665005 -0.3377353 20.4892 1.324932 0 0.0
0.003400805 -0.02915722 -7.757608 -5.423697 0.1018983 0.08712705 -0.2159995 16.31343 2.402819 1 0.0
-0.03206393 -0.02390576 -2.232135 -5.300454 2.615072 1.56451 -0.4537321 20.65402 1.56566 0 0.0
0.01527171 -0.002541058 -6.32827 -3.443932 2.191804 1.837085 -0.4227248 20.35132 nan 0 0.0
0.0387257 0.03639867 -5.828162 -4.215396 0.210368 0.19176 -0.327924 17.26047 1.634037 0 0.0
0.04903474 0.0448788 -5.48822 -5.563384 0.2883909 0.2510182 -0.313481 18.23693 1.426561 1 0.0
0.05033918 0.02474699 5.360884 -4.238046 2.957847 2.212183 -0.4273783 20.40404 nan 0 0.0
0.001032354 -0.02113859 -3.934621 -6.839954 0.07579025 0.06798662 -0.1760896 15.52096 2.283882 1 0.9856939
-0.00679845 -0.003061313 -1.788097 -8.084002 0.9702159 0.8686939 -0.2159566 19.94027 nan 0 0.0
0.03397835 -0.05728596 13.66831 -2.327199 3.11096 2.053939 -0.5342868 20.71818 nan 0 0.0
-0.02779227 -0.01481211 9.644166 -9.279109 1.493197 1.628163 -0.1865277 19.87567 1.895411 0 0.0
0.01948708 -0.02872699 -2.396009 -0.01868008 0.8566978 0.918867 -0.2433907 19.31102 1.609541 0 0.0
-0.003280549 -0.0228744 -5.055641 -2.481986 0.4324618 0.4141921 -0.1503212 18.88618 1.417137 0 0.0
0.01623655 0.04265128 5.030264 -8.614261 2.821826 1.293176 -0.2955756 20.57804 1.258017 0 0.0
0.04806904 0.04420478 2.529214 -5.084406 1.36979 1.331544 -0.5351767 19.93029 nan 0 0.0
-0.01063894 -0.05652895 1.773549 -2.167786 2.141002 1.921179 -0.0201219 20.6378 nan 0 0.0
0.0365923 0.02245798 -1.676569 -4.859007 0.318163 0.2842712 -0.2588634 18.35447 1.499392 0 0.0
-0.01320166 -0.04168674 -5.81299 -6.134622 0.3766647 0.3659365 -0.260692 18.61587 1.317051 0 0.0
0.01977338 -0.02876146 -4.974391 -1.519096 0.9479569 1.44673 -0.4218017 19.85782 1.999048 0 0.0
-0.03544609 0.05151557 -5.420139 -5.19352 0.2133966 0.1935822 -0.2588779 17.92773 nan 0 0.0
-0.04242286 0.04723245 -5.663659 -5.095901 0.3530804 0.2995809 -0.2631847 18.55215 1.373583 0 0.0
0.02207665 -0.006015638 -5.230185 -6.26276 1.104744 1.455826 -0.1817439 19.7827 nan 0 0.0
0.03175808 0.05023314 -10.97536 -5.502198 1.153809 1.115953 -0.1522033 19.52836 1.712481 0 0.0
0.02784596 -0.03622023 -4.872625 -7.151382 1.452883 0.9463453 -0.3747311 20.11491 nan 0 0.0
0.01502714 0.03945504 -3.311318 -6.610193 2.392194 1.872993 -0.2339882 19.96304 nan 0 0.0
0.04607814 0.04392485 -9.6108 -5.300323 2.160853 1.001769 -0.2018563 20.25037 1.504402 0 0.0
-0.03786118 -0.02323568 -5.572761 -4.793258 0.8744411 0.7866489 -0.3574399 19.72885 1.456278 0 0.0
-0.03255919 -0.05477089 -7.592662 -5.816574 0.1237213 0.1042009 -0.1397531 15.92086 1.619944 0 0.0
0.05537799 0.02449614 -5.357011 -2.542546 0.1392971 0.1179665 -0.2598121 17.09752 1.462107 1 0.0
0.03198294 -0.03736395 -3.656984 -2.312582 0.5275813 0.5880583 -0.3586955 19.2264 1.674677 0 0.0
0.00764363 -0.02883356 -5.465954 -7.152551 0.2506774 0.2223208 -0.2222332 17.63074 1.36236 0 0.0
-0.02107788 0.04097053 -3.367241 -4.677822 3.927542 1.637322 -0.2402841 20.77515 1.30348 0 0.0
-0.00757284 -0.03966729 -4.265207 -6.858395 0.1511977 0.1299951 -0.2308322 17.26139 2.042675 1 0.7672206
0.02726116 0.02168729 -4.90515 -7.401247 0.1281336 0.1083072 -0.2566611 16.90991 1.328331 1 0.0
-0.04499213 -0.02510852 -5.731264 -7.404976 3.195719 1.368377 -0.3559087 20.33696 1.501848 0 0.0
0.02186772 0.0402148 -8.175764 -4.286921 0.7216907 0.8182743 -0.400663 19.45749 1.67729 0 0.0
0.007416515 -0.03698552 -4.138507 -6.56549 0.4963846 0.5597902 -0.2876465 19.18094 1.482895 0 0.0
-0.001830753 -0.03598542 -7.706185 -7.311901 0.5550741 0.6192499 -0.2564542 18.8824 1.654631 0 0.0
0.05158058 0.01728766 -4.899569 1.33241 2.465653 1.136458 -0.2406158 20.35313 1.609859 0 0.0
0.01544109 -0.05796485 1.587314 -3.977071 2.250692 1.651579 -0.1736763 20.77978 nan 0 0.0
0.02379737 0.04041587 -8.531738 -8.072631 0.6497345 0.594945 -0.3593445 19.34233 nan 0 0.0
-0.01386422 -0.007301283 -6.868965 -8.01368 0.4487552 0.3817716 -0.1204101 18.75758 nan 0 0.0
0.05930417 0.02390682 -1.822168 -4.92386 0.1061737 0.08899423 -0.2763576 16.476 1.245224 1 0.0
0.01326569 0.04816843 -0.2880702 -4.318253 1.437857 1.112321 -0.3518875 20.20029 nan 0 0.0
0.04736613 0.0160684 -4.880657 -4.861762 0.2338704 0.1956049 -0.3475474 17.64818 2.07198 0 0.0
-0.04958716 -0.02825732 0.09581438 -6.788026 3.238026 1.667373 -0.4529374 20.56155 nan 0 0.0
0.03187094 0.0500385 11.96526 1.137156 1.02344 1.03102 -0.092371 19.7573 1.534391 0 0.0
-0.00782297 -0.04684659 -3.684699 -14.22541 0.9000749 0.8553455 -0.2056485 18.23931 1.37454 0 0.0
-0.01856843 -0.009420365 -6.769761 -9.148615 2.581282 1.330471 -0.03297818 20.35486 nan 0 0.0
0.005768131 -0.03830895 -3.256674 -10.6134 0.8514892 0.9145117 -0.1247498 19.74775 1.531721 0 0.0
-0.03165866 -0.03153102 -6.964699 -6.562831 2.490113 1.427486 -0.3202835 20.09978 nan 0 0.0
-0.03622598 -0.0558193 -6.66304 -10.81333 3.386145 2.994335 -0.4665051 20.50632 nan 0 0.0
0.05803972 -0.01488683 0.6069603 -7.100907 0.3107416 0.265113 -0.2637581 18.56185 1.487934 1 0.0
-0.006627852 -0.03674506 -4.473103 -8.024784 0.1508793 0.121832 -0.3299809 17.01468 1.45941 1 0.0
0.05495994 -0.001313545 -5.078969 -5.142521 2.784355 1.365089 -0.3469664 20.5095 1.377708 0 0.0
-0.04913395 0.04019422 -1.087237 -4.05636 2.826529 1.177121 -0.4213752 20.34161 1.373899 0 0.0
-0.01414897 0.03657145 -4.95426 -5.989297 0.7530136 0.7723294 -0.4135413 19.49166 nan 0 0.0
0.0629445 -0.01436025 -8.816745 -1.959872 0.709395 0.6007278 -0.2912762 18.54695 1.546343 0 0.0
0.05087841 -0.03568618 -8.2876 -10.25744 0.8001888 1.172277 -0.5129985 19.45629 nan 0 0.0
0.05170298 -0.01540067 -3.534107 -9.01954 0.9351887 1.168326 -0.3485185 19.98386 2.317991 0 0.0
-0.007276333 -0.001066311 -5.393536 -4.69464 0.5475465 0.5259457 -0.1704409 19.17758 1.71472 0 0.0
0.01476772 0.04300662 -6.482975 -5.536826 1.888355 1.212626 -0.2979063 20.58855 1.487532 0 0.0
-0.01135089 -0.02286826 -7.671141 -4.014122 3.290118 1.29257 -0.4284522 20.23942 nan 0 0.0
0.02888318 0.04205663 -0.4090054 -5.280944 2.003114 1.242269 -0.2513224 20.53965 nan 0 0.0
0.005762511 0.0424787 -6.28047 -5.508142 2.722439 1.176073 -0.2166374 20.40342 1.451307 0 0.0
0.05016624 0.03915915 -3.514032 -3.487074 0.1150638 0.09876454 -0.282474 16.70678 1.874531 1 0.0
-0.01634921 -0.04407591 -4.303407 -3.500104 0.700411 0.7045672 -0.2526638 19.66191 1.436144 0 0.0
-0.01848937 0.0444966 -3.424705 -6.325275 0.1899045 0.1447069 -0.3016291 17.50522 nan 0 0.0
-0.007603424 -0.01590173 -15.58754 -5.54279 0.6963728 0.6361781 -0.1679597 19.12285 1.601629 0 0.0
0.05260273 -0.03066828 -12.44224 -4.993452 2.512455 1.351473 -0.03769255 20.21758 1.911131 0 0.0
0.005997704 0.0458356 -8.742481 -3.535486 2.048356 0.9187098 -0.2474941 20.0901 nan 0 0.0
-0.02242903 -0.01353842 -0.9178562 -3.722131 0.4749226 0.4294604 -0.1373466 18.99966 1.621401 0 0.0
0.005853602 0.01183523 -4.102973 -7.180611 0.1974568 0.166556 -0.283919 17.66504 1.970236 0 0.0
-0.02084026 -0.04719081 -3.573835 -7.194451 0.1341154 0.1080748 -0.07519227 16.97925 2.071835 1 0.8731407
-0.005641234 -0.02057059 -2.87335 -3.343089 0.2601452 0.2193927 -0.2154755 18.232 1.402042 0 0.0
-0.007733642 -0.0157568 1.352368 -2.777536 2.070852 1.151007 0.6597579 19.48499 nan 0 0.0
0.03635506 -0.03723802 -4.127221 -3.754288 0.3261745 0.2887703 -0.3041741 18.50558 1.448071 0 0.0
0.001538035 0.03943115 -7.159073 -3.582375 0.3072593 0.2543647 -0.3173729 18.36097 1.478739 0 0.0
0.03872245 0.01526143 -1.841181 -2.487088 0.5876429 0.6500172 -0.305482 19.36115 nan 0 0.0
-0.02385526 -0.05219358 -2.395142 0.4141189 0.1547497 0.1269657 -0.3352219 17.22625 1.477448 1 0.0
-0.03441903 0.05018515 -11.87186 -1.132093 1.075959 1.014453 -0.2572325 20.01163 nan 0 0.0
-0.03868686 0.0404194 -0.9242216 -4.647469 2.549224 1.212402 -0.1415827 20.36648 1.233328 0 0.0
-0.001553075 -0.03805679 -3.757998 -7.214951 0.1193182 0.114041 -0.327788 16.83742 1.941948 1 0.9784358
0.03717446 0.02254517 -5.425793 -2.971219 0.524637 0.5230363 -0.2896944 19.09575 1.713102 0 0.0
-0.02886655 -0.01752895 0.4819018 -4.50982 2.472298 1.077464 -0.1210576 20.20399 nan 0 0.0
0.02728797 0.04805446 -7.685068 -2.296205 4.034282 1.752873 -0.3778206 20.70879 1.090284 0 0.0
-0.04431932 -0.04477254 -2.821189 -3.600467 0.1098989 0.09261691 -0.2299961 16.70599 1.220436 1 0.0
-0.04152041 -0.0258753 -3.153229 -3.35196 0.1416205 0.1225208 -0.2169528 17.23302 1.368141 0 0.0
-0.008823504 0.04554516 -4.28447 -4.34211 0.5734808 0.4753223 -0.3999239 18.46093 1.59412 0 0.0
-0.05465703 0.03672325 -5.07571 -2.829818 0.2008844 0.1672896 -0.2534982 17.82589 2.224508 1 0.0
-0.009000312 -0.01801918 -3.057333 -6.443534 0.3077135 0.3039009 -0.1804632 16.58721 2.312432 0 0.0
-0.04175507 -0.02551696 -7.402524 -3.673183 1.018872 0.7028257 -0.1154093 19.47921 nan 0 0.0
0.04949506 0.009737211 -3.775182 -7.123173 0.1335075 0.1098191 -0.18163 16.95318 2.08575 1 0.9713161
0.06132107 -0.01457515 -4.378093 -7.12072 0.5901862 0.6643881 -0.3827219 19.4264 1.650747 0 0.0
0.02515165 0.01045058 -2.071316 -3.111443 0.8478433 0.8608958 -0.2227411 19.60517 1.721077 0 0.0
-0.02118242 -0.05604872 0.5743023 -3.118832 0.2741848 0.2414108 -0.2598714 18.30907 1.8409 1 0.0
-0.01462277 -0.02191566 -6.418883 -3.372258 1.830832 1.353451 -0.4013844 20.10192 nan 0 0.0
0.03907117 0.007730875 -4.40866 -4.441255 0.347723 0.2958014 -0.1049946 18.1462 1.696205 0 0.0
0.02414582 0.04170121 -0.1900835 -10.84603 0.5120964 0.5566233 -0.4420564 19.15514 1.423471 0 0.0
0.05421973 -0.01561002 -4.173068 -7.484604 0.9953328 1.003971 -0.5750635 19.59391 nan 0 0.0
0.02859839 0.008727817 0.8094531 -4.310296 0.8503065 0.9127167 -0.3521004 19.48554 1.826954 0 0.0
0.04572427 0.04611871 -6.597158 -5.268114 2.212206 1.64141 0.09667594 20.56022 nan 0 0.0
0.03568651 0.04893662 -3.039453 -5.096451 0.1126548 0.09592579 -0.3089298 16.67303 1.199775 1 0.0
-0.01494411 -0.04422413 -3.855139 -6.914147 0.08681176 0.07264927 -0.2277334 16.10423 2.255383 1 0.9782617
0.02933684 0.0090706 -0.2554916 -0.9618662 1.226245 1.034837 -0.3643876 19.94358 1.786552 0 0.0
-0.01453604 -0.02177449 -7.221582 -6.288787 0.5473933 0.5193852 -0.3249225 19.14245 1.91124 0 0.0
0.0005461857 -0.03502027 -4.55287 -6.857635 0.8740918 1.026275 -0.2503264 19.81474 1.588089 0 0.0
-0.008595562 -0.003462205 -5.97173 -7.515248 0.61008 0.6168293 -0.222313 19.40159 1.834297 0 0.0
0.05709172 0.007888316 0.07718419 -2.765028 3.33124 1.745174 -0.2045171 20.65702 1.165966 0 0.0
-0.008716993 -0.003996289 -1.07835 2.954269 1.767793 1.197335 -0.431962 20.03608 nan 0 0.0
0.01714413 0.05096693 -4.086299 -7.088449 1.549318 0.7640065 -0.04664132 19.67947 nan 0 0.0
-0.0001564965 -0.03571835 2.279558 3.041023 0.2433047 0.2436342 -0.2601623 18.18484 1.483646 1 0.0
-0.03373292 0.05100589 -0.4357851 -6.435132 0.2453699 0.2102972 -0.2643696 17.73371 1.412003 0 0.0
0.003176727 -0.01033167 -0.8926031 -1.765435 0.4487659 0.3130682 -0.1003788 18.66221 nan 0 0.0
0.05892706 0.009842573 -5.087464 -4.444096 2.585294 1.431408 -0.2828712 20.2941 1.872063 0 0.0
-0.05048354 0.04207699 -10.81983 -8.253548 3.521176 1.447541 -0.3770023 20.57733 1.399769 0 0.0
0.02414944 -0.0236789 -0.7203537 1.428063 0.2482083 0.219919 -0.2980806 18.09605 1.392363 0 0.0
-0.03085037 -0.05562782 -2.107417 -15.85918 0.8195448 0.8983503 -0.201196 19.28421 nan 0 0.0
0.04956344 0.00885593 -4.207351 -2.835269 0.4330596 0.3970886 -0.2750735 18.91491 1.457205 0 0.0
0.02738802 0.04185932 -15.20222 -9.752418 3.26015 1.518344 -0.3289377 20.55935 nan 0 0.0
-0.001161914 -0.0656561 -1.537049 -7.539031 2.463223 2.596934 -0.2057508 20.66387 nan 0 0.0
-0.02121189 -0.04958664 -5.241778 -2.794105 0.6083477 0.51496 -0.3227472 19.01163 1.664469 0 0.0
-0.02450384 -0.02703605 -4.15516 -6.233786 0.3598367 0.3278528 -0.2143091 18.46346 nan 0 0.0
0.002820835 -0.01020194 -6.823301 -2.982471 1.079557 1.192537 -0.1561438 19.86843 nan 0 0.0
0.01156265 -0.03823774 -3.243522 -3.732867 0.4371147 0.4285448 -0.2637033 19.07316 1.390734 0 0.0
-0.01554837 0.03702106 -3.934068 -4.734417 1.058666 1.361651 -0.3638181 19.94585 nan 0 0.0
-0.05387657 -0.03231413 -5.927318 -2.962859 1.72647 0.9115293 -0.2609563 20.08308 1.245653 0 0.0
-0.02530936 -0.05640209 -7.081767 -9.796126 3.00589 1.717658 0.5859279 19.9461 nan 0 0.0
0.03165587 0.04198966 -2.801162 -2.373036 1.493621 1.282787 -0.2305105 20.08073 1.509476 0 0.0
0.005385917 -0.04227618 -4.615619 -5.923903 1.744314 1.145689 -0.1553135 20.44371 nan 0 0.0
-0.05163657 0.0397638 -7.099602 -3.209499 2.735916 1.190162 -0.3142897 20.42922 nan 0 0.0
-0.02753613 0.003799979 12.814 -15.21982 3.049671 4.612106 0.0674159 20.83834 nan 0 0.0
-0.02729061 -0.01226736 -5.161935 -4.736437 0.2258093 0.1990433 -0.2274633 17.99911 nan 0 0.0
-0.03775362 -0.04502513 -6.412552 -6.439095 1.528992 0.9728329 -0.3993003 20.27697 1.563316 0 0.0
-0.02115513 -0.02596982 -4.587818 -4.564661 1.257415 1.073386 -0.484307 19.79284 nan 0 0.0
0.01656038 -0.03522209 -4.17045 -3.635897 1.090035 1.029936 -0.4229149 19.84363 1.363054 0 0.0
-0.04530546 -0.01668984 -8.285778 -6.105814 0.05117374 0.04682408 -0.2119106 14.77197 1.878976 1 0.0
0.05466226 0.02209387 -2.666949 -3.804079 3.140557 1.581694 -0.01020394 20.49744 1.468431 0 0.0
0.03004771 -0.03840385 -2.677549 -6.152253 0.5939542 0.6486959 -0.3039154 19.35865 nan 0 0.0
0.01117376 -0.0637999 -2.387921 0.4546382 2.219661 2.547603 0.03457409 20.78245 1.821005 0 0.0
-0.009359563 -0.003542487 -4.134581 -6.735121 1.614156 1.476745 -0.5095169 19.91105 nan 0 0.0
0.02145311 0.04501773 -8.734832 -5.94968 2.870437 1.228216 -0.3187978 20.48707 nan 0 0.0
