scripts/get_globular_clusters/output/Lynga_7_BH184.csv
# %ECSV 0.9
# ---
# datatype:
# - {name: x, unit: deg, datatype: float64}
# - {name: y, unit: deg, datatype: float64}
# - {name: pmx, unit: mas / yr, datatype: float64}
# - {name: pmy, unit: mas / yr, datatype: float64}
# - {name: pmx_e, unit: mas / yr, datatype: float64}
# - {name: pmy_e, unit: mas / yr, datatype: float64}
# - {name: pm_corr, datatype: float64}
# - {name: g_mag, unit: mag, datatype: float64}
# - {name: bp_rp, unit: mag, datatype: float64}
# - {name: filter, datatype: int64}
# - {name: memberprob, datatype: float64}
# meta: !!omap
# - comments: [deg deg mas/yr mas/yr mas/yr mas/yr dimless mag   mag   zeroone float]
# - __serialized_columns__:
#     bp_rp:
#       __class__: astropy.units.quantity.Quantity
#       unit: &id001 !astropy.units.Unit {unit: mag}
#       value: !astropy.table.SerializedColumn {name: bp_rp}
#     g_mag:
#       __class__: astropy.units.quantity.Quantity
#       unit: *id001
#       value: !astropy.table.SerializedColumn {name: g_mag}
#     pm_corr:
#       __class__: astropy.units.quantity.Quantity
#       unit: !astropy.units.Unit {unit: ''}
#       value: !astropy.table.SerializedColumn {name: pm_corr}
#     pmx:
#       __class__: astropy.units.quantity.Quantity
#       unit: !astropy.units.Unit {unit: mas / yr}
#       value: !astropy.table.SerializedColumn {name: pmx}
#     pmx_e:
#       __class__: astropy.units.quantity.Quantity
#       unit: !astropy.units.Unit {unit: mas / yr}
#       value: !astropy.table.SerializedColumn {name: pmx_e}
#     pmy:
#       __class__: astropy.units.quantity.Quantity
#       unit: !astropy.units.Unit {unit: mas / yr}
#       value: !astropy.table.SerializedColumn {name: pmy}
#     pmy_e:
#       __class__: astropy.units.quantity.Quantity
#       unit: !astropy.units.Unit {unit: mas / yr}
#       value: !astropy.table.SerializedColumn {name: pmy_e}
#     x:
#       __class__: astropy.units.quantity.Quantity
#       unit: &id002 !astropy.units.Unit {unit: deg}
#       value: !astropy.table.SerializedColumn {name: x}
#     y:
#       __class__: astropy.units.quantity.Quantity
#       unit: *id002
#       value: !astropy.table.SerializedColumn {name: y}
# schema: astropy-2.0
x y pmx pmy pmx_e pmy_e pm_corr g_mag bp_rp filter memberprob
[from data line 2182]
0.002533741 -0.02012777 -1.46526 -3.464884 1.332311 1.406791 -0.6051871 19.94022 nan 0 0.0
-0.05715556 -0.01456892 9.253825 -0.9639393 4.220761 1.846997 -0.405082 20.56945 2.023787 0 0.0
-0.04422783 0.0287559 -11.54005 0.4291271 0.6178795 0.3144044 -0.09715342 18.57557 nan 0 0.0
0.0004163833 -0.004140291 -3.735729 -6.997438 0.1043757 0.08804374 -0.2281547 16.57292 nan 0 0.0
0.0174135 -0.008733195 -0.5249683 -3.925058 1.059458 1.128215 -0.3214644 19.29926 1.82337 0 0.0
-0.03600061 -0.0462175 -0.2112891 -6.145316 2.555169 1.434523 -0.3965481 20.52909 2.86956 0 0.0
-0.02297617 -0.04290427 -2.857956 1.108293 4.301996 2.90818 -0.03038639 20.97138 nan 0 0.0
-0.04419415 0.02972487 -3.747742 -7.193031 0.2581217 0.2214316 -0.2502488 18.02218 1.521708 0 0.0
0.01220711 0.0546919 -3.365922 -6.101957 3.35608 1.387799 -0.3966949 20.16946 1.679049 0 0.0
-0.04395615 -0.04378412 -5.692797 -7.596506 3.200479 2.025227 -0.4754556 20.86682 1.685009 0 0.0
-0.04451486 0.02901116 -4.98193 -5.553795 0.548392 0.4896347 -0.1430635 19.11794 nan 0 0.0
-0.03855618 -0.01350887 -10.56614 -4.731786 2.437487 1.439857 -0.103333 20.54415 nan 0 0.0
0.01613815 -0.04950414 -9.558467 -5.09862 2.809 1.164422 -0.4531135 20.28315 nan 0 0.0
0.0352508 -0.04988275 -6.402625 -1.321388 0.9139018 0.8963527 -0.2784018 19.70603 1.423077 0 0.0
0.01846117 0.02273377 -3.293165 -7.502291 1.002672 0.952104 -0.3038008 19.69008 nan 0 0.0
-0.05428955 -0.02217141 -8.219296 -6.144037 2.953427 1.301578 -0.2703139 20.47943 1.395563 0 0.0
-0.01086651 0.01455405 -4.450467 -6.660064 0.1672991 0.1399488 -0.2217471 17.19122 1.959494 1 0.3761799
-0.01423755 -0.03133782 -4.428612 -3.646151 1.18056 0.8831275 -0.03054288 20.11247 1.202076 0 0.0
0.03614433 0.0361646 -0.03688419 -2.830643 1.178427 1.229143 -0.2377805 20.11424 nan 0 0.0
0.01594751 -0.04914548 -5.219722 -4.475306 0.6150914 0.7005515 -0.3179121 19.58955 1.620789 0 0.0
0.01710938 -0.009404449 -4.653121 -3.499331 0.6271733 0.7172989 -0.3228138 19.17478 1.567451 0 0.0
-0.008436271 0.06410755 -8.427918 -4.43177 2.054243 1.320746 -0.3834617 20.57393 1.442741 0 0.0
-0.02591027 -0.03909902 -3.430926 -5.036774 0.2088886 0.1731556 -0.1677933 17.84377 1.387705 1 0.0
0.02972175 0.03597156 -3.952755 -7.185605 0.2564665 0.2211905 -0.3344816 17.98878 1.937643 0 0.0
0.01886057 0.003965272 -1.803706 -7.274521 1.61108 0.9174663 -0.2246108 20.08864 1.695204 0 0.0
0.02088536 0.05636294 -3.16909 -6.189552 0.9992743 0.8010292 -0.2585766 20.01997 2.682507 0 0.0
-0.01108425 -0.01438812 -4.443337 -6.90151 0.4667401 0.4173367 -0.2005295 18.25271 1.458057 0 0.0
-0.002357228 0.06477213 -3.966583 -5.855393 0.596005 0.5590313 -0.3869577 19.33642 1.393999 0 0.0
-0.01002179 -0.02841066 0.7309078 2.5301 0.7186508 0.6975309 -0.190341 19.55264 2.021166 0 0.0
0.05083606 0.02604336 -10.09344 -2.767865 0.8236942 0.9143542 -0.3084322 19.73485 1.777277 0 0.0
0.06495417 -0.0009204861 12.52665 -13.51315 1.14893 1.089448 -0.4715805 18.9331 1.646366 0 0.0
-0.0371156 0.03318824 -10.49096 -3.200107 2.33841 1.256402 -0.08367086 20.34014 nan 0 0.0
0.006442567 -0.05161853 -3.016124 -5.623763 0.4700673 0.5177642 -0.2970138 19.17276 1.40259 0 0.0
0.0365615 0.03617948 -2.895288 -1.565827 0.4392797 0.3609326 -0.05393644 18.64662 1.185669 0 0.0
-0.06210855 0.01672707 -5.21171 0.7391056 0.7559056 0.7337198 -0.2501356 19.60529 1.68981 0 0.0
-0.01281503 -0.03029974 -6.604311 -6.435265 0.9865902 0.74554 -0.2184206 20.05692 1.411629 0 0.0
-0.001855611 -0.0608725 -8.308389 -6.314678 1.784659 1.055839 -0.2656205 20.20293 1.437132 0 0.0
0.00439924 0.05501397 -4.459389 -2.839284 3.147782 1.400805 -0.1688734 20.53994 nan 0 0.0
0.008484869 -0.03060375 -2.784188 -9.749413 3.694613 2.291788 -0.2005328 20.83728 nan 0 0.0
0.03021693 0.03573468 -3.485258 0.1032511 0.9521234 1.214487 -0.4860016 19.97787 nan 0 0.0
-0.02929998 0.05233693 -4.492424 -8.95357 3.894148 1.606387 -0.4248451 20.85288 1.402555 0 0.0
-0.02918732 0.05282911 -5.763043 -17.46953 3.893993 2.688409 0.03370336 20.68983 nan 0 0.0
0.0007462849 -0.004674354 -2.682707 -7.507639 0.1697252 0.1420971 -0.2034615 17.01944 1.818295 0 0.0
-0.008738848 -0.06228867 -4.529468 -6.260245 0.1714433 0.1580622 -0.2758154 17.35279 1.973061 0 0.0
0.01906861 0.02126864 -4.299991 -5.571215 0.4601587 0.4436001 -0.2409375 18.97802 1.494617 0 0.0
0.0003295569 -0.005040559 -3.216714 -7.348525 0.7925399 1.142813 -0.6016754 19.24837 0.979166 0 0.0
0.06306425 0.01181986 -3.620496 -6.602459 0.247967 0.2060915 -0.1982616 17.93589 1.986341 1 0.359415
0.003401576 -0.02016979 -0.6165747 -2.839877 0.3560918 0.3989646 -0.2492822 18.68752 1.614569 0 0.0
0.004467106 0.03996499 -9.621069 -8.527412 3.712966 2.432284 0.172192 20.32136 1.325926 0 0.0
0.01607899 -0.04570086 -5.347075 -5.786373 0.2211433 0.1998948 -0.2376763 18.08957 2.089962 1 0.0
0.03254704 0.005207621 -3.608129 2.062589 2.872796 2.174926 0.1606894 20.54139 nan 0 0.0
0.02245996 0.01165383 -3.917652 -5.548265 0.3741366 0.3172588 -0.2406273 18.65005 nan 0 0.0
-0.009163409 -0.06326914 -7.431224 -6.213488 0.06152959 0.04696381 -0.2537601 14.88281 1.940729 1 0.0
-0.03424342 0.03809652 0.2023831 -7.845187 3.700398 3.071047 0.2891965 20.66403 nan 0 0.0
0.007343035 -0.05898486 -7.321446 -3.831826 2.373336 1.410246 -0.1870488 20.54137 nan 0 0.0
0.02448164 -0.0477651 -5.720472 -5.427497 0.2860342 0.2570017 -0.2581792 18.44371 1.748707 0 0.0
0.01455571 0.03376369 5.622065 -5.2743 1.901575 1.383866 -0.1227178 20.05208 1.087639 0 0.0
-0.02223253 0.03855139 -8.643512 -6.206665 3.496321 4.043013 0.1227933 20.69478 nan 0 0.0
0.008895358 0.02018122 -18.8032 -6.162891 1.847316 1.607695 -0.1817251 19.97507 1.686979 0 0.0
-0.0246501 0.04082733 -4.739849 -5.926514 1.140757 0.8280781 -0.3040381 19.9457 1.341654 0 0.0
0.003653282 -0.01981123 -3.247266 -8.321518 0.8929996 0.9879929 -0.3466147 19.82269 nan 0 0.0
0.03754361 0.03624341 -2.480436 -4.328983 0.3805164 0.3339568 -0.306505 18.72801 1.684479 1 0.0
-0.05156618 -0.04100476 -6.182509 -5.360256 1.816375 1.329213 -0.4896226 19.83178 nan 0 0.0
-0.005124038 -0.06055235 -3.988311 -7.009292 0.06786939 0.06260815 -0.2707675 14.26526 2.707458 1 0.9617986
-0.003073683 -0.004811795 -3.698424 -6.734338 0.1223629 0.1139105 -0.2160178 16.84872 1.984532 0 0.0
0.02220833 -0.04983895 -4.88878 -5.788255 0.5008829 0.5479773 -0.2801557 19.19036 1.708387 0 0.0
-0.0380955 -0.03223096 -3.790337 -6.142885 1.108359 0.8885203 -0.01275167 19.74447 nan 0 0.0
0.03629244 0.03656501 -1.062299 -2.353591 0.1217469 0.1119944 -0.3476279 16.46459 1.939771 1 0.0
-0.03812185 -0.03190292 -1.725952 -4.101274 0.1960436 0.1604848 -0.2277017 17.70872 1.504038 0 0.0
0.009416616 -0.01627596 -4.465659 -6.383138 0.4584727 0.4992944 -0.1431259 18.98176 nan 0 0.0
-0.01410785 0.01868054 -5.292809 -3.701715 0.6225087 0.6307911 -0.3453204 19.40417 1.665436 0 0.0
-0.03857276 -0.03213606 -8.247138 -7.297226 1.747517 1.558688 -0.3623293 20.18138 nan 0 0.0
0.05363516 -0.01145502 2.182372 -2.937392 3.967367 1.661269 -0.4896538 20.55756 1.170565 0 0.0
0.01010038 -0.05771518 -4.946759 -5.662963 1.668218 1.037558 -0.3543959 19.95375 nan 0 0.0
0.03983805 0.03633272 -11.54876 -8.738151 0.6907042 0.7999823 -0.3392653 19.50384 1.649321 0 0.0
0.03292634 0.02276636 -5.45342 -4.096879 1.154169 1.791452 -0.3908839 20.00041 nan 0 0.0
-0.05267432 0.0227298 -7.333522 -4.421745 0.5604609 0.4797364 -0.2138602 19.30705 1.419376 0 0.0
0.009623403 -0.05819571 -1.189899 -8.43469 2.213385 1.380726 -0.4180122 20.03887 nan 0 0.0
-0.05766503 0.01944603 -4.996521 -6.238858 0.9979887 0.9397048 -0.2151763 19.46888 1.553604 0 0.0
0.0006844866 -0.06398144 -4.517638 -4.369273 2.794055 1.330085 -0.422394 20.38658 1.14188 0 0.0
0.02648823 0.03510029 -4.516992 -0.6023293 0.6887294 0.74844 -0.4439619 19.46806 nan 0 0.0
0.01863106 -0.0408802 5.213007 -2.753764 3.230846 1.612372 0.009205615 20.60926 1.698841 0 0.0
0.002686463 0.05658578 -1.992205 -3.349105 0.4109151 0.3438337 -0.2838526 18.70532 nan 0 0.0
0.0003469363 -0.003217134 2.002864 -11.13092 2.376702 1.673533 -0.4030622 20.22748 nan 0 0.0
0.004646415 -0.06144493 -4.623123 -4.567476 0.8598576 1.068467 -0.2057687 19.86889 1.639978 0 0.0
-0.0284519 -0.01482784 -4.594943 -6.170029 3.64702 2.024727 -0.6826514 20.54272 nan 0 0.0
0.007713839 0.01988011 -4.380833 -5.223746 0.8058257 1.260558 -0.6574269 19.19596 nan 0 0.0
-0.005531634 0.002485454 -6.536952 -9.467143 1.377465 1.215006 -0.1481264 20.02755 1.667124 0 0.0
-0.04121415 0.03014006 -7.208593 -6.131617 3.334647 1.464845 -0.125547 20.27166 nan 0 0.0
0.007331616 0.01994503 -6.527329 -3.790672 0.3662748 0.2900386 -0.2557789 18.40408 1.500751 0 0.0
0.0008686315 0.03195818 -6.368648 -3.257034 3.433465 1.376206 -0.5007189 20.4536 1.404392 0 0.0
-0.03212962 0.03579803 -6.305576 0.752342 0.5957183 0.5275125 -0.2983406 19.22704 1.366146 0 0.0
0.007722461 0.01954823 -4.712517 -8.570335 3.462113 1.726804 0.3440307 20.05643 nan 0 0.0
-0.009625904 0.05654655 -3.724974 -2.032779 2.412616 2.425994 -0.06201352 20.80383 1.055735 0 0.0
0.02409049 0.02214329 -4.410113 -7.39203 0.9360274 1.018797 -0.324249 19.92482 nan 0 0.0
0.03258925 0.03546577 -1.215474 1.014312 1.446223 0.9781937 -0.2459385 20.23973 nan 0 0.0
0.007270873 0.02031125 -0.9894884 0.912313 1.025436 0.8292338 -0.1348553 19.59577 nan 0 0.0
-0.01087337 -0.05533883 -5.344252 -4.389415 1.793979 1.099268 -0.2663713 20.47538 nan 0 0.0
0.004874704 0.03260257 -6.54547 1.816188 0.1596817 0.1340127 -0.3051358 17.29411 nan 0 0.0
0.06536229 0.00963794 -0.3307664 -4.918313 3.686452 1.948182 -0.180064 20.79447 nan 0 0.0
0.0001646475 0.005236236 -2.842065 -3.886592 0.9728294 0.8315959 -0.4834226 19.5157 1.534267 0 0.0
-0.00765319 -0.02785319 -2.998197 -8.207591 0.5949491 0.4916081 -0.1796113 18.97247 1.57724 0 0.0
0.007802405 -0.05965634 -5.5927 -7.141367 0.310987 0.2671023 -0.2083151 18.43686 1.318232 1 1.08158e-05
-0.01308053 -0.01449554 -9.995732 -19.10632 1.636544 1.556953 -0.1979447 19.86842 0.659071 0 0.0
-0.001380079 -0.02390044 -3.29889 -7.287015 0.8733759 0.9188354 -0.1609789 19.89378 1.570488 0 0.0
0.03024147 -0.01184988 -11.65814 -9.587988 2.555871 1.36556 -0.1638443 20.18801 1.850864 0 0.0
-0.02149677 -0.02001526 -4.170991 -5.993329 0.9998324 0.8102884 -0.2307037 19.97935 1.515209 0 0.0
0.0478781 0.02283125 -4.236436 -9.856339 2.286053 1.005252 -0.230893 20.26097 nan 0 0.0
-0.02019012 0.05571861 -2.115065 -4.77154 4.151284 1.979337 -0.07679573 20.66053 nan 0 0.0
0.01071865 -0.01571172 -3.264109 -2.683134 0.4811764 0.5269136 -0.1800036 19.05172 1.412312 0 0.0
0.05280878 0.03942656 -2.524037 -3.206579 0.860931 0.9866109 -0.2767783 19.83953 1.843489 0 0.0
0.01713363 -0.05365494 -1.801946 -9.569653 1.758719 1.136079 -0.349921 20.10228 nan 0 0.0
0.03905544 0.009401728 -2.264403 -0.4563474 0.8797972 0.9109383 -0.3321775 19.78163 1.468065 0 0.0
-0.02342462 0.05566343 -6.145941 -8.28031 3.927528 3.035409 -0.03706063 20.81299 nan 0 0.0
0.0212452 -0.05085695 -1.316057 -1.803563 0.60201 0.6869677 -0.3058813 19.56801 1.765188 0 0.0
0.0008761247 -0.02216474 -3.740612 -5.995729 0.1622069 0.1533674 -0.1754618 17.35853 2.082266 1 2.871669e-05
-0.007274679 -0.01007663 -5.153326 -5.677724 0.6833461 0.6153321 0.03401581 19.3393 1.781776 0 0.0
0.01545444 0.02079338 -7.66034 -16.22653 0.9677332 0.8806741 -0.3059185 18.36013 1.752119 0 0.0
0.00684862 -0.06032373 0.3892831 0.1170647 0.5556619 0.6071211 -0.2590814 19.30468 1.070961 0 0.0
-0.007699902 -0.01072139 -5.151064 1.059844 3.235481 1.985633 -0.2036954 20.13396 1.180922 0 0.0
-0.04066696 0.03037714 -5.539525 -2.632822 0.476797 0.4055426 -0.201976 19.0657 1.445051 0 0.0
-0.007743452 -0.009966088 -3.322048 -6.105495 3.27001 1.540805 -0.3228193 20.19572 nan 0 0.0
-0.02223343 -0.03726954 33.39285 -12.91442 2.50881 2.457176 -0.09897736 19.96617 1.492342 0 0.0
0.001329041 0.0275026 -3.504328 -10.55236 1.557322 1.571317 -0.3716945 19.68789 1.697512 0 0.0
0.04186715 -0.05014859 57.17879 55.34542 2.120438 1.488151 0.1803438 19.74073 nan 0 0.0
0.02853716 -0.04008501 -4.776134 -7.641432 1.794652 1.285207 -0.2957707 20.45879 nan 0 0.0
0.04341377 -0.007807098 -1.987783 -2.293521 0.3848751 0.2985859 -0.3257826 18.66236 1.538261 0 0.0
0.009260289 -0.0167108 -4.585272 -6.877648 0.5017508 0.473087 -0.03474022 18.81559 nan 0 0.0
0.04768646 0.03687339 -2.385074 -4.413649 1.852959 1.350568 -0.2443087 19.88267 nan 0 0.0
-0.01598839 0.02904054 -6.068656 -2.208933 0.5072034 0.4044363 -0.2761454 18.7376 1.745583 0 0.0
0.001310933 0.005407876 7.00799 -7.360584 3.387038 1.381594 -0.4383742 20.24125 1.239525 0 0.0
-0.01065393 -0.03303805 -8.055563 -0.4632903 2.349089 1.011418 -0.2089522 20.13228 nan 0 0.0
-0.02275458 -0.02098108 -8.40265 -11.57116 1.532065 1.080201 -0.1079033 19.98878 2.189322 0 0.0
-0.02254651 -0.02062238 -2.407113 -6.317868 1.230477 1.086966 -0.2683826 19.88015 1.819454 0 0.0
0.02235861 -0.01403811 -1.790743 -4.313137 0.3436439 0.303536 -0.5125321 17.94461 nan 0 0.0
-0.01448108 0.01783735 22.61709 -15.65397 2.971522 1.410897 -0.3848268 20.37317 1.277798 0 0.0
-0.02919051 -0.02545994 -3.887446 -3.24002 0.3002284 0.2459061 -0.2124034 18.46715 1.723843 0 0.0
-0.03360811 0.03708235 -5.669137 -1.023353 0.4454673 0.4072539 -0.2750183 19.06497 1.194893 0 0.0
-0.06424682 0.0175896 -0.2280027 -5.881649 3.122649 4.241711 0.2511516 20.68708 0.8868237 0 0.0
0.04327177 -0.04241771 -10.0612 2.602698 4.16594 3.604793 0.2212496 20.91784 1.556662 0 0.0
0.01401558 -0.04369736 -6.429336 -6.12545 3.338724 1.801695 -0.01351479 20.62567 1.632078 0 0.0
0.001828767 -0.06393188 -2.805058 -5.037787 0.5669098 0.6726299 -0.3224529 19.49188 0.7212257 0 0.0
-0.02633902 -0.00741442 9.766367 -3.758631 2.063397 0.9232358 -0.3923564 20.20951 1.57781 0 0.0
-0.007468818 0.05291161 -3.1807 -4.202878 0.3278657 0.2621541 -0.3116787 18.5156 1.411383 1 0.0
0.03703035 -0.04794269 -3.75142 -2.975074 0.6124027 0.6574158 -0.3089126 19.36066 1.691694 0 0.0
-0.001171033 -0.05042021 -5.30134 -10.98998 2.869645 2.725895 0.09347724 20.74084 nan 0 0.0
0.009632588 -0.0204264 -3.886798 -6.778478 0.1376211 0.09883363 -0.1982043 16.52432 nan 0 0.0
-0.0580754 0.02086832 0.3071011 -1.472391 0.7837158 0.6916632 -0.2070126 19.74666 1.556374 0 0.0
-0.03086688 -0.04557611 -5.868135 -7.875911 1.260248 0.5732924 -0.001712751 19.28417 nan 0 0.0
0.03428107 -0.04812714 -4.742988 -4.351345 1.044125 0.8861573 -0.1808425 19.9795 1.509825 0 0.0
-0.01470297 0.0305898 -4.792789 0.01931065 0.4685451 0.4365169 -0.3206733 19.08489 1.584927 0 0.0
0.008009599 -0.02113557 -2.821678 -2.576767 0.2538705 0.2231157 -0.2156022 18.22852 1.498838 0 0.0
-0.05260719 0.02451517 -2.867421 -6.044723 0.3762668 0.2912337 -0.2021333 18.71336 1.299068 1 0.0004262458
0.03141054 0.006593273 -6.915791 -3.57748 0.800424 0.8681614 -0.3892855 19.65457 1.741571 0 0.0
0.02632016 -0.04778917 -5.385745 -7.976429 0.6558586 0.7317322 -0.3018967 19.65638 1.649946 0 0.0
0.05663821 0.02479572 -5.283138 0.6101233 0.7302477 0.6327068 -0.2764572 19.11998 1.599012 0 0.0
-0.06100011 0.01895658 -2.589163 -5.35334 0.4802533 0.4179561 -0.2649697 19.07719 1.434387 0 0.0
-0.02811041 -0.04349123 -3.70267 -2.93916 2.181541 1.147904 -0.06923451 20.13519 1.96973 0 0.0
0.03110668 0.006700324 -8.657422 -4.306759 3.056633 3.43197 -0.1264141 20.35012 nan 0 0.0
0.05216334 0.02446998 -2.288836 -1.618907 0.2523292 0.3752449 -0.4071278 17.80668 nan 0 0.0
0.00892069 -0.02165075 -3.512182 -3.609849 0.1731817 0.1540264 -0.2251566 17.2753 2.095631 0 0.0
0.02085561 -0.04965893 -1.678838 -4.17525 0.4832422 0.5216094 -0.2562774 19.19393 1.746683 0 0.0
0.01044207 0.05471911 -2.687702 -6.353915 1.15921 0.9701624 -0.2852669 20.05736 nan 0 0.0
-0.00131925 -0.02647536 -2.437856 -7.278636 0.6362369 0.8399367 -0.2500568 19.43557 1.711897 0 0.0
0.02483403 0.05808491 -10.91528 -5.229388 3.215257 2.348774 -0.4045513 20.8494 1.505434 0 0.0
-0.009531422 -0.01094686 -18.48712 -26.21318 3.155696 1.605681 -0.3021965 20.01172 nan 0 0.0
-0.02249674 0.01402655 -2.404504 -3.95562 0.3813486 0.3291532 -0.2620111 18.93769 1.42141 0 0.0
