scripts/get_globular_clusters/output/NGC_6355.csv
# %ECSV 0.9
# ---
# datatype:
# - {name: x, unit: deg, datatype: float64}
# - {name: y, unit: deg, datatype: float64}
# - {name: pmx, unit: mas / yr, datatype: float64}
# - {name: pmy, unit: mas / yr, datatype: float64}
# - {name: pmx_e, unit: mas / yr, datatype: float64}
# - {name: pmy_e, unit: mas / yr, datatype: float64}
# - {name: pm_corr, datatype: float64}
# - {name: g_mag, unit: mag, datatype: float64}
# - {name: bp_rp, unit: mag, datatype: float64}
# - {name: filter, datatype: int64}
# - {name: memberprob, datatype: float64}
# meta: !!omap
# - comments: [deg deg mas/yr mas/yr mas/yr mas/yr dimless mag   mag   zeroone float]
# - __serialized_columns__:
#     bp_rp:
#       __class__: astropy.units.quantity.Quantity
#       unit: &id001 !astropy.units.Unit {unit: mag}
#       value: !astropy.table.SerializedColumn {name: bp_rp}
#     g_mag:
#       __class__: astropy.units.quantity.Quantity
#       unit: *id001
#       value: !astropy.table.SerializedColumn {name: g_mag}
#     pm_corr:
#       __class__: astropy.units.quantity.Quantity
#       unit: !astropy.units.Unit {unit: ''}
#       value: !astropy.table.SerializedColumn {name: pm_corr}
#     pmx:
#       __class__: astropy.units.quantity.Quantity
#       unit: !astropy.units.Unit {unit: mas / yr}
#       value: !astropy.table.SerializedColumn {name: pmx}
#     pmx_e:
#       __class__: astropy.units.quantity.Quantity
#       unit: !astropy.units.Unit {unit: mas / yr}
#       value: !astropy.table.SerializedColumn {name: pmx_e}
#     pmy:
#       __class__: astropy.units.quantity.Quantity
#       unit: !astropy.units.Unit {unit: mas / yr}
#       value: !astropy.table.SerializedColumn {name: pmy}
#     pmy_e:
#       __class__: astropy.units.quantity.Quantity
#       unit: !astropy.units.Unit {unit: mas / yr}
#       value: !astropy.table.SerializedColumn {name: pmy_e}
#     x:
#       __class__: astropy.units.quantity.Quantity
#       unit: &id002 !astropy.units.Unit {unit: deg}
#       value: !astropy.table.SerializedColumn {name: x}
#     y:
#       __class__: astropy.units.quantity.Quantity
#       unit: *id002
#       value: !astropy.table.SerializedColumn {name: y}
# schema: astropy-2.0
x y pmx pmy pmx_e pmy_e pm_corr g_mag bp_rp filter memberprob
[from data line 4226]
-0.04090266 0.02703642 -5.660891 -9.848375 2.090648 1.468163 0.5841121 20.45865 1.27212 0 0.0
-0.03939394 0.01431684 -4.270776 -5.906719 1.393469 0.8989996 0.606546 19.71258 2.090229 0 0.0
-0.04606888 0.0185258 -2.13909 -4.345913 1.159816 0.7584307 0.5420855 19.48011 1.678896 0 0.0
-0.02383665 0.03640056 -5.897292 -6.706754 0.2152851 0.1441613 0.1891003 16.71779 1.992089 0 0.0
-0.02139972 0.02364659 -2.152359 -3.3659 2.598346 1.719582 0.6368445 20.27621 nan 0 0.0
0.01112485 0.05952907 -5.5603 -0.5302581 0.5755912 0.3929887 0.2253788 18.85798 1.518986 0 0.0
-0.03556538 0.01550254 -3.868699 0.180655 0.580129 0.4089897 0.3314967 18.90324 2.092796 0 0.0
-0.05443386 0.009471796 -8.229078 -4.130537 0.299692 0.2461762 -0.3445265 17.0076 nan 0 0.0
0.007348984 0.05689342 0.2107678 -4.902756 0.9903269 0.6415635 0.5660419 19.31459 nan 0 0.0
-0.03840889 0.01290383 -4.379961 -7.539909 1.99489 1.374566 0.6912339 19.59715 2.240152 0 0.0
-0.01754439 0.03193849 -10.44563 -8.266271 1.432015 0.905078 0.5932453 19.55903 1.55175 0 0.0
-0.03773761 0.05110823 -1.475281 -1.345978 1.433935 0.9115377 0.4736832 19.9989 1.630039 0 0.0
-0.01464627 0.0426868 -5.723836 -2.329669 0.6451652 0.4253798 0.2153512 18.94535 nan 0 0.0
-0.03250604 0.02913336 -7.099404 0.4704463 0.5588052 0.3870829 0.3015911 18.94406 1.800747 0 0.0
-0.02290482 0.02748008 -1.210874 -0.9684995 2.213014 1.504665 0.6588213 19.95642 nan 0 0.0
-0.001323916 0.05114681 -3.357572 -3.225307 1.738954 1.161801 0.3311393 20.26115 nan 0 0.0
-0.009203535 0.05706495 -2.061886 -1.443006 1.711894 1.113352 0.4843434 19.60082 1.524837 0 0.0
-0.04268721 0.04505831 -1.238335 -3.578197 1.050961 0.6863834 0.2657754 19.59566 1.695667 0 0.0
-0.02772023 0.03316292 -3.033719 -3.563761 0.5420423 0.3622237 0.2617288 18.954 nan 0 0.0
0.006282435 0.06561006 -2.895846 -7.274269 0.8869051 0.5798427 0.2718597 18.71995 1.419342 0 0.0
-0.05317738 0.01282168 -6.266068 -5.262327 1.159379 0.7751919 0.6999194 19.43081 1.843681 0 0.0
-0.02969411 0.05030949 -7.568198 -5.145602 0.8576418 0.5051856 0.819139 18.50594 1.913006 0 0.0
-0.05194987 0.01994428 -5.122229 -5.163305 2.586494 1.812521 0.4601128 20.66334 0.5181313 0 0.0
-0.008244146 0.03170301 -6.882675 -3.734148 1.886949 1.225698 0.5993608 19.59151 1.388405 0 0.0
-0.02774508 0.02270302 -4.470455 -4.632238 1.443984 0.9442864 0.5815359 19.73586 1.46452 0 0.0
-0.02263328 0.0376215 -6.291975 -3.104958 0.7609313 0.4430399 0.81444 18.35868 1.99198 0 0.0
0.005680004 0.0558769 -5.444449 -2.958477 0.1913179 0.134713 0.01731348 16.99426 2.096107 1 0.0
-0.02908522 0.02236509 -5.165383 -0.9415041 0.3250523 0.2294519 0.4305263 17.98337 2.068174 0 0.0
-0.01311367 0.03689818 -0.2814026 -8.737337 0.4091983 0.2853556 0.4016974 18.18104 2.221544 0 0.0
-0.004770989 0.04980585 -4.466255 -10.73 1.774563 1.15305 0.5234541 19.68476 1.505611 0 0.0
0.005542716 0.04560202 -7.583993 -11.95525 2.217557 1.432548 0.6336573 20.19545 nan 0 0.0
-0.03956385 0.03133415 1.812142 -1.244441 2.557218 1.937231 0.3018126 20.45062 nan 0 0.0
-0.005043909 0.03469773 -3.558799 -2.058558 1.263231 0.8492466 0.4206629 19.96086 2.046806 0 0.0
0.01916884 0.06017842 -4.133984 -7.46754 2.41939 1.650458 0.6458099 20.35626 nan 0 0.0
-0.009231173 0.06056302 -4.904572 -6.268038 0.1967131 0.1328329 0.29025 17.19201 2.120903 0 0.0
-0.04923536 0.004015293 -2.19257 -2.08102 1.585144 1.041655 0.5891279 19.67762 2.104521 0 0.0
-0.02618745 0.02887174 -5.847659 -3.000174 1.700565 1.261782 0.4652683 19.97581 1.594355 0 0.0
-0.01645415 0.0594159 -24.12927 -20.82224 1.373968 0.9212039 0.5334732 19.34046 1.194576 0 0.0
-0.02107344 0.0342744 -2.906595 -12.30505 0.3679752 0.2692725 0.3204218 17.43424 1.961397 0 0.0
-0.0261115 0.05600379 -1.722512 -2.419974 1.237434 0.8154524 0.4659209 19.62794 1.730663 0 0.0
-0.03026089 0.02070539 -5.375159 -1.118287 1.400118 0.972842 0.3298805 20.25829 1.571911 0 0.0
0.001028968 0.06043941 -0.549509 3.835725 0.1456105 0.1010649 -0.06706752 15.97075 2.060841 1 0.0
-0.04013662 0.0265465 0.5997679 0.1704206 3.033195 2.143659 0.3571636 20.51725 nan 0 0.0
-0.03543427 0.03392948 2.823088 -6.856922 2.996521 1.929417 0.5391228 20.65526 nan 0 0.0
-0.02416956 0.05875842 -2.762012 -0.833173 1.155935 0.7421793 0.5628159 19.40941 1.683922 0 0.0
-0.05350476 0.01107249 -5.01304 -8.934708 1.025256 0.6695544 0.5885863 19.35707 1.884579 0 0.0
-0.05511765 0.009646948 -3.391705 -2.118003 1.300325 0.8414295 0.5838266 19.72254 1.666517 0 0.0
-0.01521864 0.02661159 0.4724582 -6.154796 3.072032 2.024617 0.7009086 20.46941 nan 0 0.0
-0.003786249 0.05416036 0.7486804 -4.992394 1.751369 1.455477 -0.002208565 20.10662 nan 0 0.0
-0.05560914 0.008023559 0.3060099 0.0467115 1.29749 0.8890412 0.3250101 20.13463 2.022751 0 0.0
-0.03009965 0.03173182 -1.278055 0.5036823 0.7490322 0.4847659 0.2314519 18.81857 nan 0 0.0
0.003080802 0.05319336 2.005989 -2.948903 0.2942233 0.2120432 0.2832562 17.72831 1.900848 0 0.0
-0.04513481 0.007854551 -3.595477 -8.315177 1.158791 0.7485554 0.6127445 19.53867 nan 0 0.0
0.01810213 0.06240638 1.115137 -0.82327 2.445654 1.645047 0.683712 20.01786 1.441151 0 0.0
-0.02867496 0.02241669 -0.4667248 -5.805199 1.221441 0.8145334 0.5136929 19.59269 nan 0 0.0
-0.02381173 0.04827762 -2.515919 -7.433231 1.502634 0.9773704 0.4389032 19.86914 1.601938 0 0.0
-0.004086675 0.03939176 -4.060295 -7.594215 1.870663 1.370501 0.07944209 20.38457 nan 0 0.0
-0.02161908 0.02658578 -2.961032 -2.94317 1.480938 1.026554 0.2385656 20.14256 nan 0 0.0
-0.002418542 0.06552819 2.120476 -8.986182 1.566335 1.009358 0.3314431 19.78455 1.310413 0 0.0
0.0105229 0.05927545 -6.324754 -1.897869 0.2058808 0.1401914 0.2377115 16.91419 2.085253 1 0.0
-0.02886585 0.02012973 -6.063791 -8.675905 0.2071216 0.1461797 0.2961554 17.26745 2.262495 1 0.0
-0.0477362 0.0159502 3.500897 -1.724021 1.482433 0.9975854 0.4874203 19.86041 1.542313 0 0.0
-0.03114448 0.05177777 5.762151 -2.724015 2.504919 1.856874 0.529053 20.54291 1.232483 0 0.0
-0.01688774 0.03075984 -7.527978 -5.555794 0.5500905 0.3858445 0.3245382 18.96421 1.460627 0 0.0
-0.03813496 0.01155542 -4.538329 -0.06360417 0.3043427 0.2216112 0.4619652 17.82546 1.616293 1 0.9058786
-0.01278513 0.03438624 -3.714728 -2.087423 1.028916 0.7168529 0.2371334 19.29819 nan 0 0.0
0.009072962 0.06108946 -4.637791 -1.136765 0.3778518 0.2492608 0.3813785 18.22981 1.873684 0 0.0
-0.02864966 0.0307232 -3.009189 -1.961729 1.36355 0.7866515 0.1454668 19.22884 nan 0 0.0
-0.01256634 0.03471623 -4.688316 -0.5078125 0.348432 0.2583088 0.3473716 18.05718 1.26524 0 0.0
-0.03447039 0.01214403 2.535411 -1.091509 1.838796 1.279093 0.4041361 20.32532 1.514063 0 0.0
-0.04097325 -0.00534466 -1.173088 -4.082233 1.271883 0.8207809 0.6125892 19.73367 1.790171 0 0.0
-0.05003752 0.02506063 -0.1650029 -0.2160946 2.63917 1.721436 0.6045896 20.58913 1.147602 0 0.0
-0.0141547 0.04960863 -2.358882 -4.126979 0.4007619 0.2679084 0.3958964 17.97476 1.920029 0 0.0
-0.007889857 0.05090431 -1.84254 -6.039162 0.5130644 0.3449541 0.401971 18.70208 1.631514 0 0.0
-0.03956252 0.02743362 -5.855243 -9.100004 2.428889 1.578163 0.7337562 20.28858 1.58416 0 0.0
-0.007014444 0.0516654 -2.992131 -6.4805 0.3412226 0.2455126 0.3774074 17.68935 nan 0 0.0
-0.008136055 0.05054762 -1.895899 -5.335207 0.955867 0.5639641 0.4697846 19.18859 nan 0 0.0
-0.01795636 0.04266535 2.108075 -10.84275 0.1679287 0.117309 0.1564524 16.63595 1.773709 1 0.0
-0.05632469 0.01726813 -0.412927 -6.949367 1.558344 1.110004 0.578756 20.17807 1.455336 0 0.0
-0.02810026 0.0211103 -4.754326 -5.271683 1.499497 1.067907 0.4880932 20.12947 nan 0 0.0
-0.01836699 0.04446392 -5.573669 -7.180984 1.894885 1.105185 -0.1817909 20.09722 2.370304 0 0.0
-0.04172853 0.04175704 -2.155294 -2.533577 1.028112 0.6613295 0.4601736 19.62699 2.03063 0 0.0
-0.003539448 0.03548171 -1.051363 -7.16056 0.4116392 0.268866 0.4094317 18.34488 1.903048 0 0.0
-0.02025359 0.03875109 -1.353212 -5.256767 1.144818 0.7777097 0.4714952 19.58102 1.63884 0 0.0
-0.01869524 0.04429602 -3.365157 -3.148798 1.59675 1.225566 -0.2028341 19.96291 1.354057 0 0.0
-0.03996959 0.01811799 -3.098354 -4.198026 3.137801 2.118983 0.6721041 20.59999 nan 0 0.0
-0.03967122 0.02536983 -8.261611 -9.729018 3.092606 2.005077 0.4221595 20.57998 nan 0 0.0
-0.02588526 0.02303914 0.4903657 -4.605175 1.22774 0.7790492 0.5358918 19.26564 1.685989 0 0.0
0.008662251 0.05703256 -11.12085 -2.97171 1.059409 0.7375583 0.3289058 19.90249 1.661137 0 0.0
-0.05219581 0.01947306 6.390655 0.1181148 3.872485 2.766069 0.3235553 20.70803 nan 0 0.0
-0.03693552 0.02381052 -3.549082 -4.587276 1.634685 1.04809 0.5778669 19.99975 2.008856 0 0.0
-0.02071662 0.02752054 -3.938613 -5.073859 1.757047 1.175101 0.3210795 20.05958 1.226725 0 0.0
-0.01147176 0.03061555 -4.916993 -0.8633339 0.3179728 0.2390606 0.3556578 17.76307 1.946266 0 0.0
-0.029277 0.02365631 -4.874075 -0.5253505 0.09004324 0.05988901 0.2637822 13.87221 2.586917 1 0.9839128
-0.01596236 0.06444755 -3.443873 0.07202481 1.149174 0.7340949 0.574541 19.57846 1.707771 0 0.0
-0.05418718 0.008308429 -0.428785 3.008384 1.530714 1.074393 0.3210547 20.22805 1.690664 0 0.0
-0.04707925 0.01459053 0.3023459 -3.015454 0.4917228 0.3323792 0.3895706 18.35034 1.83457 1 0.0
0.0185671 0.06134582 0.5383982 -0.03216902 1.296097 0.8513561 0.6044287 19.51587 1.753845 0 0.0
-0.002937745 0.03921631 -1.790112 -2.470689 1.6658 1.072848 0.552374 19.80474 nan 0 0.0
-0.03119013 0.01811497 -3.493014 -3.25594 1.480668 0.9981036 0.3915734 19.92056 1.757584 0 0.0
-0.01834256 0.06295375 -2.217648 -5.623896 1.04864 0.6760827 0.55931 19.38964 nan 0 0.0
-0.04899296 0.01279683 -5.966379 -4.102244 2.491769 1.766963 0.643521 20.25795 1.462812 0 0.0
-0.01475608 0.04575189 -3.982091 -13.76413 3.422477 2.418353 0.37703 20.70093 nan 0 0.0
-0.04428681 0.007299841 -4.124222 -5.071688 1.78751 1.154756 0.6369508 19.89996 nan 0 0.0
-0.04538451 0.01695823 -1.464729 -3.488018 1.348493 0.8776849 0.5617973 19.83408 1.605453 0 0.0
0.007211441 0.04490575 -2.403951 -7.143954 3.237421 2.163548 0.6818045 20.2649 1.957052 0 0.0
-0.01875301 0.06319019 -4.183717 -10.94818 1.638449 1.322525 0.2170863 20.12461 nan 0 0.0
-0.01237668 0.05181372 -4.84651 -5.497204 0.2315636 0.1646474 0.3710677 17.37741 1.978596 1 0.0
-0.03534496 0.01018111 -3.235873 -5.872686 0.9664208 0.6663698 0.2448585 18.91734 2.027754 0 0.0
-0.02014425 0.0392146 -4.316738 -8.627988 1.115145 0.7547459 0.3887516 19.90814 nan 0 0.0
-0.01451051 0.05086552 -1.789369 -5.822118 0.1957407 0.1289024 0.200455 17.10287 2.16739 1 0.0
-0.02055458 0.03918401 2.835705 -3.386911 1.845392 1.175261 0.5709628 20.01698 nan 0 0.0
0.01301334 0.06525092 -5.527891 3.549204 2.533593 1.687294 0.5973987 20.36246 1.158663 0 0.0
-0.00561908 0.04978102 -3.85514 -5.040376 0.1985127 0.1309985 0.1905761 16.3623 2.17625 0 0.0
0.0009195145 0.05890781 -3.162671 -4.418182 1.750577 1.300414 0.01733402 19.0702 1.643444 0 0.0
-0.04248389 0.01283564 2.805685 3.113369 2.111637 1.495598 0.2793513 20.02481 1.767685 0 0.0
-0.04016216 0.02133371 -5.006171 -3.169139 1.368083 0.8866766 0.5522593 19.71631 nan 0 0.0
-0.01095397 0.05094602 -2.734011 -3.704302 0.1898562 0.1253538 0.2142256 17.15042 1.977101 0 0.0
-9.2803e-05 0.0563081 -2.319967 -6.571416 0.5417198 0.3483355 0.2905714 18.80046 1.704748 0 0.0
-0.04531131 0.03958132 -2.403272 -4.845287 0.3915394 0.2583038 0.4521872 18.25268 2.218494 1 0.0
0.0004817845 0.06608325 -3.504868 -3.097088 0.6331681 0.43827 0.3013984 18.76527 1.691555 0 0.0
-0.04404089 0.007849251 1.878872 -4.429344 0.7561119 0.528682 0.4034327 18.677 2.013447 0 0.0
0.01760927 0.05994788 -3.259302 -5.653163 0.1545634 0.1030491 0.2358138 16.62137 2.27769 1 0.0
0.01079709 0.06559828 3.404741 -3.417178 1.227215 0.7750125 0.6515623 19.4647 1.513052 0 0.0
-0.03258073 0.002960697 -0.7440144 -5.753885 0.2426432 0.1673581 0.29155 16.85713 2.385702 0 0.0
-0.04558046 0.02838317 -1.937726 -5.567134 0.2347149 0.1654919 0.3525594 17.21281 2.307745 1 0.0
-0.03907152 0.03141061 0.7720474 0.3084524 1.986495 1.265557 0.566781 20.30235 nan 0 0.0
0.006774576 0.05931769 -5.139356 -4.487941 1.024631 0.6860127 0.5081856 19.28687 1.763874 0 0.0
-0.01850154 0.03048494 -1.101837 -6.976441 1.003865 0.6633795 0.5404274 19.20548 1.82309 0 0.0
-0.03146673 0.02952084 2.61005 -3.909302 3.118838 2.023261 0.6440363 20.50139 nan 0 0.0
-0.04700488 0.03351337 -3.607206 -4.611744 0.3621614 0.2571736 0.6165452 17.35207 2.263279 1 0.0
-0.03701446 0.01406776 -1.341361 -2.85831 0.3369774 0.240542 0.4491441 18.00155 1.947451 1 0.0
-0.03069821 0.01958566 -5.55688 -2.002987 2.009127 1.375557 0.6684329 20.02715 1.562061 0 0.0
0.00956522 0.05829516 -3.978654 -8.688068 1.34754 0.8823892 0.2921144 20.08779 1.50724 0 0.0
-0.03288571 0.01763003 -2.635805 -1.640602 1.538708 1.046152 0.6567167 19.83544 1.789583 0 0.0
-0.05049703 0.0125158 -2.187292 -3.297414 1.67426 1.070283 0.563011 20.14994 1.819212 0 0.0
-0.04352134 0.00800585 -6.097179 -3.61738 1.158912 0.8443788 0.2213046 19.99953 nan 0 0.0
-0.02503995 0.03498505 -6.736311 -4.362292 1.676215 1.214175 -0.1252697 20.03518 1.58877 0 0.0
-0.01478349 0.04611619 -4.024666 -2.600456 0.3657145 0.2469324 0.2801087 18.11886 1.878 0 0.0
-0.02586568 0.05785588 -3.318227 -3.232746 0.4990814 0.3300334 0.2566452 18.80581 1.753849 0 0.0
-0.05137118 0.01021515 -1.339955 -8.507881 1.191279 0.8399903 0.3021276 20.10185 1.855146 0 0.0
-0.05410806 0.01454931 4.062607 -4.121138 1.852181 1.392635 0.2701311 20.15487 1.490482 0 0.0
-0.033629 0.03426952 -0.9991073 -6.781426 1.612424 1.038026 0.4534952 19.87338 1.492958 0 0.0
-0.0161218 0.03045096 -6.68429 -7.380612 2.00666 1.238011 0.3321027 19.76696 nan 0 0.0
-0.01609653 0.04542746 4.500928 -13.41243 1.254816 0.806598 0.5592715 19.44756 2.086054 0 0.0
-0.03665839 0.01240467 -5.210361 3.5178 2.145679 1.234578 0.07871219 19.76968 nan 0 0.0
-0.03447098 0.01411242 -4.634703 -0.4206397 0.3286486 0.2357364 0.4117088 17.96515 1.318808 1 0.9761263
-0.04770394 0.004036916 -5.833149 -4.990666 0.3095332 0.2278255 0.4658679 17.63547 2.434879 1 0.0
0.01115235 0.06096912 -3.500495 -3.473715 1.578032 1.112904 0.1052255 20.31433 nan 0 0.0
-0.0285188 0.0547253 0.6884662 -8.079274 0.1229674 0.0856208 0.1323481 13.71987 2.913758 1 0.0
-0.03458568 0.03186217 -0.0347058 -8.935527 0.9875123 0.7068555 0.3453093 18.98848 nan 0 0.0
-0.0278813 0.02048092 -0.9798473 -5.897343 0.2653236 0.1922879 0.3814372 17.39029 2.392029 0 0.0
-0.006275756 0.0513946 -3.063324 -6.888516 0.1607781 0.1085517 0.2751486 16.78025 1.897757 1 0.0
-0.02296096 0.03468221 -6.056274 -5.776381 0.9577302 0.6182706 0.4144066 19.15516 1.589153 0 0.0
0.01347765 0.05801439 -5.531611 -2.561275 1.309201 0.8660699 0.5622005 19.67164 1.506384 0 0.0
-0.03343087 0.01123072 -3.348703 -4.888706 0.2312905 0.1679852 0.406478 17.36933 2.237158 1 0.0
-0.02820932 0.01967213 -0.4786866 -8.44555 3.292732 2.484817 0.1574816 20.14323 nan 0 0.0
-0.04853342 0.02566972 -2.303268 -3.909184 2.144877 1.373277 0.6517659 20.33337 nan 0 0.0
-0.003211245 0.03728607 -3.90532 -4.237759 2.341121 1.664265 0.3804423 20.47155 nan 0 0.0
-0.04617651 0.01408163 -2.340261 -5.725448 1.662568 1.173286 0.3207218 20.30269 1.586191 0 0.0
-0.03374449 0.05512444 -0.05691943 -4.654896 2.479656 1.757781 0.4549875 20.31893 1.287071 0 0.0
0.001959189 0.0586236 -2.885208 -8.408523 1.504319 1.01329 0.530524 19.67584 1.734928 0 0.0
-0.05000815 0.02038001 -1.008052 -5.950966 1.78329 1.241009 0.4668199 20.33879 1.432465 0 0.0
-0.03622408 0.02287615 -2.92578 -2.621322 1.319401 0.8460384 0.6325245 19.72646 1.832075 0 0.0
-0.02965943 0.02172216 -2.944037 -5.570204 0.2264868 0.1607826 0.340229 17.25087 2.236345 1 0.0
-0.04518837 0.004959175 -2.875326 -2.856648 1.066007 0.7162482 0.5894085 19.28342 1.757452 0 0.0
-0.02014848 0.06355236 -2.808287 -3.989785 1.011046 0.6541186 0.5754105 19.4226 1.669338 0 0.0
-0.03619396 0.01402797 -5.801457 -2.212257 2.22269 1.583561 0.582409 20.48149 1.329473 0 0.0
-0.01588017 0.06369989 0.5978083 -5.124959 3.24875 2.150438 0.7600351 20.52669 nan 0 0.0
