scripts/get_globular_clusters/output/NGC_6366.csv
# %ECSV 0.9
# ---
# datatype:
# - {name: x, unit: deg, datatype: float64}
# - {name: y, unit: deg, datatype: float64}
# - {name: pmx, unit: mas / yr, datatype: float64}
# - {name: pmy, unit: mas / yr, datatype: float64}
# - {name: pmx_e, unit: mas / yr, datatype: float64}
# - {name: pmy_e, unit: mas / yr, datatype: float64}
# - {name: pm_corr, datatype: float64}
# - {name: g_mag, unit: mag, datatype: float64}
# - {name: bp_rp, unit: mag, datatype: float64}
# - {name: filter, datatype: int64}
# - {name: memberprob, datatype: float64}
# meta: !!omap
# - comments: [deg deg mas/yr mas/yr mas/yr mas/yr dimless mag   mag   zeroone float]
# - __serialized_columns__:
#     bp_rp:
#       __class__: astropy.units.quantity.Quantity
#       unit: &id001 !astropy.units.Unit {unit: mag}
#       value: !astropy.table.SerializedColumn {name: bp_rp}
#     g_mag:
#       __class__: astropy.units.quantity.Quantity
#       unit: *id001
#       value: !astropy.table.SerializedColumn {name: g_mag}
#     pm_corr:
#       __class__: astropy.units.quantity.Quantity
#       unit: !astropy.units.Unit {unit: ''}
#       value: !astropy.table.SerializedColumn {name: pm_corr}
#     pmx:
#       __class__: astropy.units.quantity.Quantity
#       unit: !astropy.units.Unit {unit: mas / yr}
#       value: !astropy.table.SerializedColumn {name: pmx}
#     pmx_e:
#       __class__: astropy.units.quantity.Quantity
#       unit: !astropy.units.Unit {unit: mas / yr}
#       value: !astropy.table.SerializedColumn {name: pmx_e}
#     pmy:
#       __class__: astropy.units.quantity.Quantity
#       unit: !astropy.units.Unit {unit: mas / yr}
#       value: !astropy.table.SerializedColumn {name: pmy}
#     pmy_e:
#       __class__: astropy.units.quantity.Quantity
#       unit: !astropy.units.Unit {unit: mas / yr}
#       value: !astropy.table.SerializedColumn {name: pmy_e}
#     x:
#       __class__: astropy.units.quantity.Quantity
#       unit: &id002 !astropy.units.Unit {unit: deg}
#       value: !astropy.table.SerializedColumn {name: x}
#     y:
#       __class__: astropy.units.quantity.Quantity
#       unit: *id002
#       value: !astropy.table.SerializedColumn {name: y}
# schema: astropy-2.0
x y pmx pmy pmx_e pmy_e pm_corr g_mag bp_rp filter memberprob
[from data line 6961]
0.03309295 -0.01319077 1.134128 -7.707509 2.086732 2.350986 0.1885465 20.49655 0.6009064 0 0.0
0.1242997 0.06792715 1.574967 -7.496244 0.9186235 0.8930961 0.3112587 19.43349 1.900309 1 0.04498228
0.05567719 -0.02231613 -0.6343741 -5.46599 0.09314227 0.07381531 0.228457 15.38574 2.037138 1 0.9934999
0.03388435 0.007276469 -0.3406169 -5.445017 1.564731 1.338411 0.09941897 20.28725 nan 0 0.0
-0.007669678 -0.002570327 -1.473142 -4.085622 0.5391498 0.5500317 0.3293464 18.76939 1.542208 0 0.0
0.1571566 0.04144027 1.605234 -3.20247 1.933739 1.835726 0.2468718 20.33689 1.311768 0 0.0
0.1514571 0.1091648 -6.004518 -7.289573 0.1646521 0.1414547 0.2276109 17.09704 1.774691 1 0.0
0.04093833 0.03309107 -0.1812851 -5.218819 0.3276433 0.3252028 0.3950737 18.28184 1.779873 1 0.9982786
0.1547506 0.02283228 3.79886 -7.052865 0.77846 0.7548367 0.2442879 19.19138 1.577074 0 0.0
0.02382142 -0.02444563 -1.118075 -6.683507 0.8071422 0.8024817 0.4845784 19.38487 1.557981 0 0.0
0.01941495 0.009715136 -1.520744 -4.687395 0.5549135 0.5464716 0.1076966 18.8193 1.706814 0 0.0
0.07100292 0.03056742 -1.813895 -3.435598 2.039729 1.494225 -0.2921236 20.41372 1.253429 0 0.0
0.1018872 0.02294247 -2.811112 -7.285273 1.460685 1.464647 0.5152661 19.81627 1.995594 0 0.0
0.01871607 0.01938303 -1.090842 -4.601793 0.8584718 0.8476455 0.3734317 19.6961 1.61458 0 0.0
0.03607086 -0.03096885 -2.399798 -6.481407 1.339142 1.398795 0.2237578 20.04309 1.421185 0 0.0
0.1906519 0.02469711 0.4055768 -3.15773 1.024701 0.9920685 0.3708393 19.60377 1.768923 0 0.0
0.04777381 -0.02567433 -0.5288396 -2.979398 2.170541 2.276292 0.2421117 20.45875 0.9084263 0 0.0
0.1341294 0.1180884 1.754922 -7.558881 0.6294733 0.6151235 0.2998241 19.24872 1.816586 0 0.0
0.1384034 -0.08400744 -2.627491 -3.967236 2.692558 2.905735 -0.178448 20.54035 1.022453 0 0.0
0.06914459 -0.006653332 -3.764326 -0.7740704 2.689131 1.965512 0.1389101 20.63801 nan 0 0.0
0.1117431 0.06159897 -4.326113 -9.27115 2.120501 2.207193 -0.4370737 20.33252 nan 0 0.0
0.1526365 -0.04688938 -1.689591 -8.995032 2.992243 2.980355 0.4331032 20.72675 1.329567 0 0.0
0.03820013 -0.005188772 -0.3717723 -5.108569 0.1045975 0.08196801 0.2290712 15.94355 1.98802 1 0.9997019
-0.001255797 0.003410209 -0.2669083 -4.547173 0.4580352 0.4580305 0.330894 18.69599 1.731203 1 0.996652
0.02686174 -0.008599493 0.08916331 -6.750851 1.134159 0.9501136 0.03275045 20.00119 1.649651 0 0.0
0.01078198 0.01622464 -0.3177212 -5.719378 0.399929 0.3963526 0.3021965 18.54536 1.576366 0 0.0
0.06929687 -0.003871957 -5.158852 -11.10436 3.876389 3.584566 -0.1693209 20.8362 0.7299194 0 0.0
0.0401457 -0.003097006 1.860905 -3.113868 1.228613 1.229993 0.5410332 20.01144 nan 0 0.0
0.04486092 0.0488579 -2.501119 -4.205699 1.072718 1.084263 0.2785303 19.76673 1.65958 0 0.0
0.01959657 -0.01542611 -0.2909674 -5.036731 0.3081585 0.3078886 0.2868881 18.21199 1.590754 1 0.998948
0.03507114 0.03064572 0.8735192 -4.004388 0.3923274 0.3887946 0.3648238 18.60217 1.710567 1 0.7780965
0.10956 -0.08288419 0.2580884 -0.6192306 1.065841 1.030632 0.2532611 19.81581 1.539042 0 0.0
0.01062933 -0.02341578 0.5345823 -5.007312 0.5066671 0.4654283 0.2547391 19.03957 1.806017 1 0.9934176
0.05114825 -0.02031256 -0.5872733 -1.520435 2.955853 3.155534 -0.2076291 20.82678 1.172808 0 0.0
0.1084654 -0.08548085 -0.1912387 -5.144689 2.33946 2.301606 -0.1089269 20.61253 1.083708 0 0.0
0.1243294 0.06447771 -1.067725 -4.744388 2.796886 2.175539 -0.3673482 20.52958 1.609898 0 0.0
0.09624998 -0.06691948 -1.780168 -3.175917 0.2485717 0.1898603 0.1498043 17.51378 2.077702 1 0.0
-0.006788215 0.00378926 -0.3149617 -5.300177 0.09209255 0.07520064 0.08480255 15.9502 1.996118 1 0.999634
0.07580495 0.02179259 -4.256339 -0.6466539 0.5234186 0.5229589 0.5343218 18.83184 1.69544 1 0.0
0.1331192 -0.06329731 -0.7056419 -1.312944 2.285723 2.159585 0.1173986 20.66988 1.238836 0 0.0
0.05154308 -0.02440195 -0.2484926 -3.381734 2.343603 2.550424 -0.1586318 20.5678 nan 0 0.0
0.00713378 -0.01793544 2.020787 -8.267507 2.436631 2.08536 -0.2429192 20.50444 nan 0 0.0
0.04747214 0.005378753 -0.4984066 -4.937325 0.2971622 0.2539552 0.2545041 18.02487 1.836308 1 0.9984748
0.01865452 -0.006684702 -0.9908476 -4.871941 0.4338903 0.4321 0.2962707 18.39646 1.67374 0 0.0
0.003668694 0.009657244 -0.3468077 -5.622071 0.3624165 0.3626229 0.2875816 18.38807 1.642891 0 0.0
0.01926292 0.008575976 -0.1458257 -3.279168 0.4123017 0.3158465 0.04611775 17.80076 1.873697 0 0.0
0.03209077 0.005474116 2.490529 -1.520261 2.079799 2.167615 0.4061192 20.58614 1.502951 0 0.0
0.09718731 -0.09889247 -0.1696345 -1.658159 2.467958 2.457659 0.02284922 20.47935 1.04493 0 0.0
0.02956878 0.02809062 0.1587146 -5.574435 0.2868592 0.2463842 0.2348225 18.12246 1.770655 0 0.0
0.05956842 -0.01740839 -0.1641519 -5.252457 0.08736478 0.0697683 0.2290973 15.37637 2.028358 1 0.9990905
-0.004447548 -0.0004359734 0.3681722 -4.291995 0.3548372 0.3578054 0.3408932 18.4285 1.706232 0 0.0
0.02318354 -0.01211412 -1.567061 -5.405028 0.7252042 0.7341627 0.3284631 19.35836 1.584646 0 0.0
0.160352 -0.06640295 -2.791024 -6.700113 1.893599 1.900954 0.5015527 20.33288 1.416195 0 0.0
0.1333855 0.04836835 2.533771 -3.993494 1.624477 1.402779 0.8190583 19.268 1.536682 0 0.0
0.02099518 -0.004786009 0.5703041 -10.00004 1.965033 1.822063 0.2238851 20.34894 1.562349 0 0.0
0.0423371 0.03934136 0.05344138 -4.744594 0.3427455 0.3423371 0.3356225 18.34929 1.900105 1 0.996243
0.1441337 0.1258696 1.417283 -4.89743 0.3726262 0.3489706 0.4008731 18.50896 1.87104 1 0.004129829
0.1168271 -0.06657574 -1.408368 -6.120145 1.126252 1.033086 0.2526482 20.00363 1.731894 0 0.0
0.1430308 0.08732289 -3.52425 2.034662 0.107603 0.09129276 0.1384765 16.19413 2.025428 1 0.0
0.1406789 0.03613068 1.510469 -4.147384 2.770669 2.169688 -0.3795548 20.56137 1.304201 0 0.0
0.04650155 0.03524409 -0.2416794 -5.101105 0.3529577 0.3504662 0.3613594 18.42897 1.686777 1 0.9981144
0.1594192 0.09492888 -4.564919 0.5343269 1.271913 1.163464 0.3457876 20.0376 1.720661 0 0.0
0.01245383 0.01323103 -1.157479 -4.864276 0.6969366 0.6878007 0.3742664 19.4067 1.688511 0 0.0
0.1285511 0.04385321 -0.2966725 -4.815422 0.2529703 0.1928856 0.1556183 17.49774 1.923285 1 0.9911352
0.07917645 -0.0007555336 -0.6510531 -5.384027 0.1816452 0.1452037 0.2775332 16.91414 1.86132 0 0.0
0.1450332 -0.06664394 -4.579573 -3.594058 0.4361431 0.4094891 0.392324 18.61556 1.820612 1 0.0
0.03424796 -0.0146037 0.8130981 -6.375161 1.418984 1.203644 0.4791762 20.03844 1.556625 0 0.0
0.08923998 0.0130638 -1.011963 -6.086901 2.03957 1.864983 0.03977626 20.53564 nan 0 0.0
0.03929743 0.04392348 -2.391173 -5.824626 0.9619951 0.9509901 0.4294831 19.79103 nan 0 0.0
0.02053915 -0.00678871 0.3278463 -4.439757 0.5892944 0.5987878 -0.04119523 18.96695 1.705349 0 0.0
0.1799991 -0.02287148 5.528792 -6.04104 0.9249575 0.9389648 0.4070516 19.7256 1.503859 0 0.0
0.06087629 -0.008908891 -0.2986373 -5.432076 0.06833293 0.05641408 0.259635 14.83929 1.931084 1 0.9979363
0.09071857 -0.06413967 0.1492809 -4.19219 0.6514152 0.5724036 0.230121 18.80863 1.75069 0 0.0
0.0840424 0.01715385 -0.8415755 -1.784258 2.198512 1.846397 0.5599448 20.2977 1.408297 0 0.0
0.0209044 0.007964143 -0.821015 -5.266526 0.3530952 0.3470618 0.1308445 18.28646 1.743568 1 0.9976866
0.01804629 -0.01682701 -0.9361668 -4.291937 0.8268636 0.8165374 0.2820118 19.64929 1.439169 0 0.0
0.01023472 0.01097324 0.6907627 -4.870598 0.7871356 0.8222761 0.4844189 19.21462 1.57015 0 0.0
0.1151218 -0.08449353 -8.295068 -8.682341 3.81165 4.079765 0.06773329 20.8319 nan 0 0.0
0.07467767 -0.0001417841 -0.3578176 0.364467 2.353191 2.090141 0.1691083 20.65037 1.137167 0 0.0
0.0282315 0.03445646 -2.146012 -8.410887 0.2604528 0.2469705 0.392875 17.71196 nan 0 0.0
0.01145067 0.01203275 -0.1756923 -4.645557 0.4562948 0.4540029 0.2611173 18.73807 1.65542 0 0.0
0.1961535 0.02285058 -2.495629 -9.45271 0.4395976 0.3808307 0.1478208 18.26785 1.681303 1 0.0
0.02841315 0.01745625 -0.5490032 -5.009303 0.1134485 0.09220062 0.1584241 16.4598 1.958045 1 0.9993947
0.04704599 -0.002547679 -0.8584413 -4.826573 0.5930804 0.5260641 0.3156029 19.12499 1.417448 0 0.0
0.05503991 -0.01001892 -4.268715 -1.492313 3.033696 2.833067 0.2175565 20.75962 1.387413 0 0.0
0.02509997 0.02413402 -0.8952037 -5.984086 1.211551 1.015204 0.2194405 20.12022 1.545536 0 0.0
0.05874822 -0.01169247 -0.7637708 -4.449602 0.6455484 0.6154355 0.5927543 18.85942 1.628525 0 0.0
0.1165232 0.1025908 1.631725 -4.013179 0.7841227 0.7613034 0.2491292 19.50303 1.625929 0 0.0
0.168269 0.1060302 -4.562441 2.363063 2.794857 2.317509 0.3367785 20.79165 1.715202 0 0.0
0.1070967 -0.09128373 -6.15302 -6.309462 2.06504 1.93561 0.317924 20.38925 1.367287 0 0.0
0.04543334 -0.02486163 4.643196 -8.534595 2.904926 3.234639 -0.3141899 20.74675 nan 0 0.0
0.04880768 -0.02057512 -0.7488441 -5.553231 0.4794033 0.4513103 0.3130517 18.54296 1.594944 1 0.9956674
0.02537217 -0.01111093 -0.7270875 -3.642054 0.7353822 0.7391694 0.2508317 19.47836 1.947277 0 0.0
0.005492561 0.006882515 -2.655785 -5.321062 1.422386 1.317869 0.177815 20.28239 nan 0 0.0
0.02920222 -0.01102813 -1.078519 -5.838066 0.5769759 0.5890686 0.3349763 18.92749 nan 0 0.0
0.01993101 -0.01313301 0.177315 -5.427971 0.2866257 0.2365023 0.1518401 18.04691 1.509296 0 0.0
0.1033837 0.06649414 -4.50925 -2.683516 0.9745344 0.9643402 0.1528311 19.79391 1.828577 0 0.0
0.05236433 -0.01767289 -6.05165 -7.317247 0.1431797 0.1204431 0.321358 16.42174 2.10022 1 0.0
0.02011393 0.004196678 0.275335 -5.623129 0.3244357 0.3227606 0.3131221 18.18471 1.733341 0 0.0
0.07434379 0.004215116 1.225996 -1.358771 1.677078 1.678725 0.3327336 20.28404 1.441145 0 0.0
0.01950534 -0.01675457 -0.2880229 -5.3597 0.07071754 0.05793667 0.1289706 15.31817 2.005668 1 0.9994405
0.03455447 0.03279056 1.787789 -6.138189 1.155377 1.143808 0.4379724 20.12143 1.254131 0 0.0
0.1079223 -0.06179819 0.7389871 -7.811944 1.378389 1.431103 0.3593507 20.27809 1.496645 0 0.0
0.07096878 -0.003465397 -0.8985291 -5.09572 0.1151177 0.09131162 0.2396586 16.2427 1.972934 1 0.9676097
0.02889839 -0.007908644 -0.1733122 -5.91552 0.3496507 0.3532132 0.2715894 18.30986 1.569223 1 0.9901531
0.1148755 0.06840669 -5.959765 -12.61768 0.07865717 0.0702128 0.03151421 13.77735 2.525231 1 0.0
0.1177959 -0.08737696 1.14175 -6.206097 2.643173 2.81848 -0.02792211 20.66705 1.127415 0 0.0
0.1197006 0.02152606 -1.943495 -0.1464802 0.3597087 0.3377824 0.4320286 18.26015 1.731504 1 0.0
0.03521991 -0.02832617 0.07520143 -3.529237 1.817184 1.556799 0.07842446 20.47602 1.329031 0 0.0
0.01987045 -0.005566079 -0.2606245 -3.969077 0.4253953 0.4313355 0.1975177 18.65076 1.588789 0 0.0
0.03181842 0.0304108 -1.149352 -4.873572 0.586226 0.5010226 0.2679221 19.10726 1.713305 1 0.9903179
0.08446781 0.0158239 -2.030813 -6.919013 2.720362 2.485714 0.6048507 20.5313 1.332354 0 0.0
0.02069225 0.02777244 -1.005191 -6.213932 0.6152403 0.6099813 0.3321461 19.13045 1.615137 0 0.0
0.02898924 -0.0154031 -1.051799 -5.786482 0.3666542 0.3749542 0.3830722 18.23565 1.656853 1 0.9919393
0.02926269 -0.01804193 -1.014814 -4.758912 0.3079742 0.2646284 0.2309209 18.13035 1.730307 1 0.9858614
0.07106266 0.0209148 -1.129329 -5.776848 0.5574876 0.5539452 0.4934912 18.79086 1.673515 0 0.0
0.02412584 -0.01242362 -0.03561021 -5.124611 0.5555556 0.4793565 0.2330934 19.10952 1.490412 0 0.0
0.131628 -0.07267066 -0.4499063 -2.628629 1.81525 1.651627 0.001758028 20.51904 1.701706 1 0.6594739
0.04464305 -0.02457595 -0.2517282 -5.217899 0.1089393 0.08723917 0.1240758 15.97036 1.979641 1 0.9995535
0.1885295 -0.06018165 8.637607 -3.662993 0.9539969 0.849249 0.3524877 19.91392 2.5068 1 0.0
-0.007548068 -0.00425213 -1.436564 -4.51473 1.205495 1.282066 0.3052314 20.12445 1.323381 0 0.0
0.1590501 -0.0461156 -2.961549 -6.687821 2.830018 2.347081 -0.381851 20.83048 1.282001 0 0.0
0.1057881 0.08322118 -0.2167016 -5.001588 0.5124278 0.5077566 0.1569444 18.85299 1.675053 1 0.9842372
0.0577773 0.008274221 -1.113271 -6.174442 1.048253 0.9166552 0.4092723 19.76093 1.522667 0 0.0
0.0288069 -0.01439935 -0.1146958 -5.249123 0.2458127 0.1957908 0.08184842 17.69688 1.376751 1 0.999021
0.04841653 0.03279729 -0.7425069 -5.081818 0.551562 0.5452341 0.392094 19.11822 1.750311 0 0.0
0.06835721 0.02122074 -1.669079 -5.332484 0.7353464 0.7542581 0.4650404 19.33291 1.634947 0 0.0
0.03658845 -0.01606486 -1.039979 -6.187538 0.3810708 0.3891733 0.3730488 18.3507 1.629498 1 0.9702256
-0.007183375 0.002726386 -0.2782429 -5.107289 0.501762 0.5048546 0.3483436 18.94872 1.528406 0 0.0
0.04871636 -0.02222353 1.482313 -5.510014 0.7491076 0.744049 0.3401679 19.18544 nan 0 0.0
0.04829486 0.03181883 -0.1830397 -5.396931 0.3992209 0.3957384 0.3632 18.62949 1.706253 1 0.9969567
0.0291731 0.01722448 -0.8891995 -5.098248 0.1088012 0.08839284 0.1547319 16.16626 2.037077 1 0.9900103
0.02613163 -0.02268523 1.025811 -5.213969 0.8456874 0.8618719 0.4891257 19.34156 nan 0 0.0
0.1031749 0.09231965 3.534847 -7.460085 3.436987 2.6831 -0.387404 20.67246 0.7017593 0 0.0
0.05978779 0.05399079 -0.620179 -4.135525 0.703075 0.6986541 0.4022216 19.37434 1.473001 0 0.0
0.01032603 0.01813295 0.2234248 -4.428545 0.7730153 0.755709 0.1739378 19.38982 1.679234 0 0.0
0.03163276 -0.03612847 1.39361 -3.657994 0.9286655 0.942929 0.4141584 19.52263 1.10729 0 0.0
0.1585095 0.1049102 1.653972 -3.646677 1.996127 1.846999 -0.08493496 20.39527 1.681404 0 0.0
0.1646112 -0.05124061 2.314267 -5.055111 2.117921 2.199765 -0.2330762 20.31948 1.869905 0 0.0
0.04819958 -0.02273657 0.2657041 -5.028586 0.4238211 0.4223926 0.445397 18.52083 1.096628 0 0.0
0.05163616 -0.0008032837 -0.1441669 -6.158061 0.8950572 0.901368 0.4462767 19.5434 1.730732 1 0.9831563
0.04732201 0.0308762 -1.194249 -7.452128 0.885631 0.9164941 0.1417515 19.27239 1.711252 0 0.0
0.07240522 0.06603392 -0.8806921 -5.56609 1.027489 1.019871 0.4167333 19.93322 1.830185 0 0.0
0.01418578 -0.02113752 0.3669484 -5.496252 1.105082 1.079269 0.3495651 20.01391 1.30298 0 0.0
0.0308426 -0.03318253 -0.3385834 -5.125896 0.05930634 0.04766291 0.1990143 14.31993 2.174991 1 0.9997533
0.01491631 0.02226275 -0.18008 -4.293664 0.4110161 0.4075902 0.3494088 18.64809 1.586445 0 0.0
0.0549137 -0.06396682 -0.4128727 -4.801776 0.5214261 0.539208 0.4761226 18.87689 1.577759 0 0.0
0.1470405 -0.06121131 7.149096 -5.596266 0.8410281 0.8000313 0.5878097 19.36773 1.785484 0 0.0
-0.009463074 -0.006744583 -1.720923 -5.445384 0.8176534 0.6583584 0.601377 19.10998 nan 0 0.0
0.113712 0.02131829 3.595041 -7.882779 1.435771 1.369011 0.4339633 20.18619 1.321276 0 0.0
0.04525126 -0.02064161 -0.4309032 -5.157606 0.09496229 0.07005157 0.3232166 15.64804 2.016428 1 0.9996853
0.0314519 -0.005219879 -0.07908535 -4.985993 0.1333932 0.1079177 0.1345291 16.62338 1.958538 1 0.998954
0.001176045 0.01013838 -0.459723 -5.085174 0.1956909 0.160119 0.1354791 17.48282 1.863577 1 0.9995059
0.028047 -0.01396015 -0.6284046 -5.725954 0.4446261 0.4562487 0.3240334 18.48022 1.531145 1 0.9963179
0.1279718 0.03531126 -0.7718312 -5.752916 0.4590854 0.4291326 0.468632 18.6202 1.851364 1 0.9772188
0.02646794 0.0248435 -6.103979 -8.942753 1.683578 1.474872 0.6759918 19.98055 nan 0 0.0
0.008623688 0.01652937 -1.119819 -3.872896 1.093099 0.9839354 0.2656447 19.9371 1.416245 0 0.0
0.02804668 -0.02113845 -0.2841733 -4.853706 0.5698207 0.5844827 0.4665991 18.92107 1.568451 0 0.0
0.001692811 0.008742201 -0.2490786 -5.233381 0.3209626 0.320912 0.3147731 18.23867 1.52516 0 0.0
0.1717105 -0.09971005 -2.153856 -1.964142 0.3957115 0.3730293 0.3746217 18.3321 1.722097 1 0.0
0.06413463 0.04993631 1.043834 -6.322107 1.487564 1.477431 0.2579043 20.20332 1.332628 0 0.0
0.01674008 0.01622165 -1.051384 -5.975438 1.119581 1.078667 0.3234076 19.77818 1.598881 0 0.0
0.02853421 0.005533888 -0.3895337 -4.662622 0.316693 0.3147056 0.3094705 18.26204 1.818781 1 0.9974051
0.01251395 -0.0219195 -0.5553215 -4.514006 0.4668482 0.4279057 0.2700632 18.91823 1.59901 0 0.0
0.02570557 -0.03531329 2.009785 -7.168089 1.893996 1.665341 0.001054689 20.5573 1.41415 0 0.0
