scripts/get_globular_clusters/output/NGC_6528.csv
# %ECSV 0.9
# ---
# datatype:
# - {name: x, unit: deg, datatype: float64}
# - {name: y, unit: deg, datatype: float64}
# - {name: pmx, unit: mas / yr, datatype: float64}
# - {name: pmy, unit: mas / yr, datatype: float64}
# - {name: pmx_e, unit: mas / yr, datatype: float64}
# - {name: pmy_e, unit: mas / yr, datatype: float64}
# - {name: pm_corr, datatype: float64}
# - {name: g_mag, unit: mag, datatype: float64}
# - {name: bp_rp, unit: mag, datatype: float64}
# - {name: filter, datatype: int64}
# - {name: memberprob, datatype: float64}
# meta: !!omap
# - comments: [deg deg mas/yr mas/yr mas/yr mas/yr dimless mag   mag   zeroone float]
# - __serialized_columns__:
#     bp_rp:
#       __class__: astropy.units.quantity.Quantity
#       unit: &id001 !astropy.units.Unit {unit: mag}
#       value: !astropy.table.SerializedColumn {name: bp_rp}
#     g_mag:
#       __class__: astropy.units.quantity.Quantity
#       unit: *id001
#       value: !astropy.table.SerializedColumn {name: g_mag}
#     pm_corr:
#       __class__: astropy.units.quantity.Quantity
#       unit: !astropy.units.Unit {unit: ''}
#       value: !astropy.table.SerializedColumn {name: pm_corr}
#     pmx:
#       __class__: astropy.units.quantity.Quantity
#       unit: !astropy.units.Unit {unit: mas / yr}
#       value: !astropy.table.SerializedColumn {name: pmx}
#     pmx_e:
#       __class__: astropy.units.quantity.Quantity
#       unit: !astropy.units.Unit {unit: mas / yr}
#       value: !astropy.table.SerializedColumn {name: pmx_e}
#     pmy:
#       __class__: astropy.units.quantity.Quantity
#       unit: !astropy.units.Unit {unit: mas / yr}
#       value: !astropy.table.SerializedColumn {name: pmy}
#     pmy_e:
#       __class__: astropy.units.quantity.Quantity
#       unit: !astropy.units.Unit {unit: mas / yr}
#       value: !astropy.table.SerializedColumn {name: pmy_e}
#     x:
#       __class__: astropy.units.quantity.Quantity
#       unit: &id002 !astropy.units.Unit {unit: deg}
#       value: !astropy.table.SerializedColumn {name: x}
#     y:
#       __class__: astropy.units.quantity.Quantity
#       unit: *id002
#       value: !astropy.table.SerializedColumn {name: y}
# schema: astropy-2.0
x y pmx pmy pmx_e pmy_e pm_corr g_mag bp_rp filter memberprob
[from data line 166]
-0.02623256 -0.007962597 0.08457176 -6.8284 0.3661825 0.3169678 0.177655 16.91399 1.056223 0 0.0
-0.01740633 -0.03433356 -0.6517489 -5.469655 0.2306715 0.1885491 -0.09851135 16.82706 1.304717 0 0.0
-0.02345203 -0.03863397 -0.4731265 -13.03014 0.9768512 0.8082169 -0.0182365 18.58199 1.852489 0 0.0
0.03440902 -0.008686079 -1.962945 -2.347578 0.8215616 0.6689168 0.217371 18.78424 1.799612 0 0.0
-0.0134465 -0.02764196 -3.631993 -6.534908 0.6373896 0.5242177 -0.005898354 18.54859 1.513754 0 0.0
0.0112466 -0.002613462 -2.99933 -7.187103 1.099007 0.9895973 0.5896508 18.52866 1.728243 0 0.0
0.04208778 -0.02529252 -8.885135 -15.80789 1.729951 1.474944 0.6523317 19.27595 1.832644 0 0.0
-0.007453425 -0.01111988 0.01863358 -4.26315 0.414897 0.3490906 0.007132432 17.13417 1.191229 0 0.0
0.009024936 -0.03488748 -4.56256 -4.723366 0.7659545 0.5910305 0.02726866 18.95044 1.440895 0 0.0
-0.01603293 -0.03645621 1.228924 -6.963622 0.5353886 0.4372146 0.01751059 18.46355 1.635637 0 0.0
-0.02641827 -0.004846039 -3.531726 -7.066576 0.3073919 0.2628837 0.1463859 17.30704 1.893293 0 0.0
-0.03021312 -0.03298624 -2.514035 -9.762447 0.2372017 0.1973655 0.04698581 16.98912 1.798681 0 0.0
0.004669431 -0.007753238 -2.097832 -5.832765 0.3163491 0.2629454 0.2616505 16.97702 1.939731 0 0.0
-0.01796538 -0.009250119 3.340372 -6.856 1.003916 0.8144345 0.3415872 18.6381 1.412117 0 0.0
-0.01609079 -0.005400767 2.850671 -5.913155 0.2945957 0.2449896 -0.01558912 17.02179 0.962923 0 0.0
0.03583703 -0.003786606 2.105924 -4.4525 0.3627235 0.2986576 0.2398985 17.34355 2.042751 0 0.0
0.01752711 -0.0357927 -4.706049 -4.266119 0.2340917 0.1904069 -0.1054924 17.00473 2.225416 0 0.0
0.04587081 -0.01064385 -4.772951 -0.3391895 1.248554 1.213422 0.4838207 18.83384 1.75625 0 0.0
-0.02532851 -0.03155245 -1.517783 -4.655657 0.2669765 0.2243449 -0.1247418 15.13765 3.700679 1 1.080472e-05
0.01752571 -0.04368531 -1.070183 -5.939524 0.3467394 0.2899402 0.0189697 17.35505 2.298639 1 0.0009569875
4.73116e-05 -0.04686331 -0.301238 -7.103052 0.1779659 0.1400246 -0.03647663 15.80512 2.161508 1 0.0
-0.01592966 -0.02186307 -1.955219 -0.267822 0.6766174 0.5742967 0.178323 18.46304 1.315905 0 0.0
-0.01257466 -0.03093012 -4.157224 -4.031303 0.9764131 0.8392234 0.3836938 19.00757 nan 0 0.0
0.001288619 -0.01357436 -1.372853 -7.511067 0.5068479 0.3942507 -0.1053093 17.67849 nan 0 0.0
0.02091214 -0.01092916 -4.204081 -4.369506 1.821562 1.61815 0.757534 19.27929 nan 0 0.0
0.0131482 -0.003840122 -1.228087 -6.790933 0.503058 0.4136093 0.1890288 18.38073 1.880838 0 0.0
-0.0112004 -0.04116288 -3.058432 -0.3647833 0.8268234 0.6741095 0.1262794 18.64872 1.541239 0 0.0
0.0375178 -0.02927131 -0.01982564 -1.834095 2.271262 1.852641 0.6721257 19.52065 nan 0 0.0
0.01296139 -0.01848853 -1.549448 -4.176412 0.2254013 0.1837013 0.2476076 16.70932 1.852101 0 0.0
-0.02895272 -0.008884604 -21.32336 -23.20743 1.853149 1.497903 0.6887611 19.26173 nan 0 0.0
0.007495627 -0.006275217 -2.410448 -5.647159 0.1348316 0.117133 0.4212886 15.51145 2.089799 0 0.0
0.01377674 -0.04246211 -3.62535 -1.864172 0.2548758 0.2077233 -0.08620932 17.05447 1.826963 0 0.0
-0.007292408 -0.04570391 2.320925 -6.401954 0.2791897 0.2390099 0.08631446 16.62082 1.303341 0 0.0
-0.01207291 -0.03126575 3.570807 -6.258113 0.5641347 0.4635561 -0.005384203 18.40341 1.682787 0 0.0
0.03572697 -0.01599932 -0.8417012 -2.388336 0.4918185 0.4187437 0.268531 18.21188 1.931627 0 0.0
0.01744879 -0.03074203 -3.102215 -5.988315 0.3282017 0.2530964 -0.1052711 17.03478 2.084161 0 0.0
0.03683726 -0.01309484 -1.882611 -7.77903 0.6528084 0.5285211 0.1625588 18.96001 1.765005 0 0.0
-0.001748308 -0.02914024 -2.519038 -4.006672 0.2570793 0.2129474 -0.0301969 16.92013 1.856978 0 0.0
0.01079304 -0.04420696 -5.352956 -5.881595 0.4423807 0.3648088 -0.07025601 17.51594 2.221222 0 0.0
-0.02865533 -0.03256807 -3.132998 -3.772196 0.1401853 0.1187889 -7.88919e-06 15.35494 2.054736 1 0.0
0.04586977 -0.01289643 1.044894 -8.139016 0.8256226 0.6826589 -0.2005045 18.81942 1.652311 0 0.0
0.009763411 -0.04357361 -3.547906 -7.849737 1.98082 1.642192 0.6672829 19.45304 1.6793 0 0.0
0.01657553 -0.04187316 -2.138798 -5.605174 0.2453 0.2015541 -0.1855017 16.96768 2.412624 0 0.0
-0.01719786 -0.01838428 -2.852975 -5.183321 0.6743395 0.5197743 -0.2292529 18.40602 1.605688 0 0.0
-0.01032846 -0.047293 -1.352107 -2.632258 0.8969636 0.7599678 0.03164184 18.878 nan 0 0.0
-0.02720987 -0.007701554 -2.191582 0.1268848 0.3629421 0.302961 0.04475233 17.65502 1.74716 0 0.0
-0.02630325 -0.04008809 -0.4790359 -7.658635 0.2236702 0.1838267 -0.06589764 16.78895 1.990239 0 0.0
-0.006634713 -0.01064298 -2.313207 -5.797133 0.2039648 0.1693122 -0.03940642 16.46826 1.764694 0 0.0
0.0138599 -0.01420094 -2.160634 -5.614971 0.2477829 0.204316 0.3042873 17.10252 2.022494 0 0.0
0.02560861 -0.02916643 -1.119571 -6.418659 0.2753476 0.2254672 0.1067694 17.26846 2.257481 0 0.0
-0.02305641 -0.03676277 -5.186224 -6.394644 0.3440981 0.2847375 -0.1075935 17.7308 nan 0 0.0
0.01393601 -0.0364063 -4.5711 -8.505974 0.2160831 0.1770388 -0.08889504 16.72729 nan 0 0.0
0.04428634 -0.010193 -1.89794 -7.047276 0.1952321 0.171559 0.171 16.43011 1.482865 0 0.0
0.01383249 -0.02135158 8.415532 -8.10775 0.1964487 0.1597807 0.1378812 16.72866 1.337744 0 0.0
-0.001431139 -0.04938102 -1.459385 -6.544224 0.2201195 0.1742294 -0.02026335 16.47172 2.236865 1 0.0
-0.00966849 -0.04658912 -3.956212 -9.158899 0.7438564 0.6433525 0.148161 18.67225 nan 0 0.0
0.0169477 -0.02711035 1.041757 -6.1195 0.1955922 0.1587243 0.2095211 14.28112 3.055389 1 0.0
0.009449689 -0.01104376 -0.1845127 -6.297988 0.9787374 0.8230966 0.5712474 18.71215 1.801825 0 0.0
0.01420134 -0.02745324 -0.4250809 4.314463 0.491398 0.3670774 0.05271385 15.52533 1.389788 0 0.0
-0.01719315 -0.04546671 -3.626604 -10.03759 0.3216182 0.2708179 0.04211397 17.07006 2.231722 0 0.0
0.01195671 -0.02792788 -4.057857 -5.384675 1.107069 0.8084846 -0.01913708 19.06136 nan 0 0.0
-0.01516122 -0.03881164 -5.333784 -3.559217 0.7224965 0.5929344 -0.003248485 18.65351 1.410265 0 0.0
-0.0192017 -0.03515405 0.6278024 -5.674458 0.5338506 0.444843 0.004897778 17.93963 nan 0 0.0
0.009714754 -0.001331562 -0.6495043 -7.484495 0.9762262 0.8303762 0.285966 18.39839 1.291887 0 0.0
0.01552394 -0.01298811 -2.906848 5.61707 0.3120561 0.2615098 0.5144935 17.15157 1.440563 0 0.0
0.02159929 -0.008808341 -0.4125054 -4.855323 0.7206231 0.5929379 0.3022373 18.60083 1.682436 0 0.0
0.001367891 -0.01063896 -3.312599 -6.085266 0.3765514 0.2937814 -0.01508861 17.28823 1.361036 0 0.0
0.01581216 -0.02739627 -1.368552 -10.79218 0.3378581 0.2471751 0.00436341 16.91408 2.052073 0 0.0
0.01937989 -0.01298497 -7.829397 -3.47049 0.3810749 0.3137916 0.3258359 17.59193 1.906393 0 0.0
-0.04011757 -0.02688624 -4.89216 -8.966258 0.1727453 0.1421603 -0.06702462 16.40269 1.818474 0 0.0
0.009502948 -0.006492827 -4.291892 -1.552509 0.9730467 0.7524434 0.3971059 18.35753 1.681595 0 0.0
0.04671486 -0.01299791 -0.2078914 -1.385205 0.7413891 0.6860495 0.4038153 18.951 1.605865 0 0.0
0.006964684 -0.04454612 2.213243 -3.511555 1.553682 1.265866 0.66787 19.23472 2.486294 0 0.0
-0.0389083 -0.01301933 -0.3772271 -6.478035 1.246696 1.063737 0.3827222 18.98904 nan 0 0.0
0.01211503 -0.02885487 -11.46117 -16.63636 1.960233 1.596462 0.2436388 19.08365 nan 0 0.0
0.01190219 -0.04209565 -0.1279063 0.326393 0.5883002 0.451884 -0.4471926 17.49729 1.634796 0 0.0
-0.01543027 -0.006693845 1.397445 -5.626645 0.3681425 0.3080186 -0.005612638 16.86233 1.799955 0 0.0
0.02936053 -0.02163726 -5.997816 -5.394611 1.596894 1.367331 0.7052618 19.23594 1.689375 0 0.0
0.02980959 -0.02124639 -2.526644 -10.43348 2.038743 1.633066 0.6718323 19.50678 1.565865 0 0.0
-0.02395418 -0.03667906 5.584805 -18.81816 1.542898 1.330766 0.3207114 18.95011 nan 0 0.0
-0.007506055 -0.01365284 -4.085564 -7.565534 0.1863543 0.1547828 -0.04760445 15.95528 2.23253 1 0.0
0.02238713 -0.0287632 -3.095534 -5.160539 0.1506822 0.1231531 0.1550778 16.35608 2.270494 1 0.0
-0.03238329 -0.01790361 -0.20802 -5.757342 0.8537378 0.7330344 0.1177529 18.92557 1.320127 0 0.0
-0.01571881 -0.01927285 -2.765704 -8.032456 0.5387723 0.4504668 0.07169575 18.26838 nan 0 0.0
0.03527754 -0.01728471 -1.684413 -10.07827 0.9625902 0.8402662 0.3486981 19.06246 1.801657 0 0.0
-0.01120361 -0.01280442 0.2198279 -5.684154 1.066984 0.7412664 -0.7726646 18.0026 1.261282 0 0.0
-0.01899662 -0.00307241 -0.8280576 -0.8224143 0.4139876 0.3398145 -0.01602294 17.8692 1.747925 0 0.0
-0.01569247 -0.01883988 -2.388023 -7.034639 0.7499616 0.5936528 -0.2081651 18.59119 nan 0 0.0
-0.001669387 -0.01147819 -6.863471 -5.010048 0.3812889 0.2960969 -0.367009 16.89979 1.940942 0 0.0
-0.03251393 -0.02216467 -5.661873 -11.97435 0.2117934 0.1756717 -0.06113967 15.93847 2.179237 0 0.0
0.03091927 -0.01956254 -4.083712 -6.669082 0.2101405 0.1715269 0.07151724 16.65278 1.975632 0 0.0
0.02969918 -0.03716508 -5.658712 -7.217471 2.56683 2.259852 0.5678677 19.98003 1.719334 0 0.0
-0.01444991 -0.02793012 -4.487273 -6.652619 0.7097963 0.6303788 0.3570048 18.5273 1.549782 0 0.0
-0.006502492 -0.01314923 0.9339938 -1.819917 0.7479199 0.6275893 -0.005160554 17.38303 nan 0 0.0
-0.02079209 -0.00610164 -1.657814 -6.034762 0.3189155 0.2620713 -0.05923132 17.2019 1.801424 0 0.0
0.03371849 -0.01992012 -2.391085 -8.762824 0.1650484 0.1350634 0.02792907 16.56504 1.782677 0 0.0
0.04296464 -0.01279976 -8.862075 2.491147 1.41022 1.219893 0.7248207 19.17712 1.560623 0 0.0
-0.01413298 -0.02829437 -2.20429 -9.936478 0.7684343 0.6284149 0.1188723 18.70679 nan 0 0.0
-0.002487555 -0.03428056 -2.991864 -4.175226 0.2591717 0.2192061 0.0934987 17.03721 1.966621 1 0.0
-0.03758852 -0.01105998 1.921196 -0.8953229 1.361818 1.151307 0.2506592 19.07708 1.450533 0 0.0
-0.01542637 -0.03168965 1.868964 -9.294969 0.5128149 0.4295434 0.1438402 18.23283 1.626364 0 0.0
0.007231722 -0.00328066 -3.022707 -5.063365 0.3027555 0.2527096 0.07375481 16.5633 1.893356 0 0.0
-0.01508484 -0.02029128 -2.614499 -2.168418 0.8506543 0.7311254 0.131805 18.06259 1.6078 0 0.0
-0.006027142 -0.01248544 -2.550677 -4.904015 0.2827271 0.2354149 -0.03788417 16.87491 nan 0 0.0
-0.004099222 -0.01094993 -3.76468 -4.999386 0.4779501 0.4059264 0.02944491 14.61169 4.35838 0 0.0
0.007495679 -0.005590478 -3.50601 1.429152 0.3381571 0.274868 0.1002562 16.36049 nan 0 0.0
0.0005225477 -0.0453546 -4.128883 -7.405082 0.5967207 0.5192366 0.3153673 16.9752 nan 0 0.0
-0.0061045 -0.04284281 -3.030436 -5.239186 0.6313408 0.5364641 0.147046 18.53698 1.300503 0 0.0
0.006437266 -0.03494068 -0.6357205 -3.962368 0.2045994 0.1706748 -0.005978632 16.11518 2.273227 0 0.0
-0.006211852 -0.01512141 -2.743317 -6.514078 0.7446994 0.6182498 -0.02231263 18.5701 1.271206 0 0.0
0.003005208 -0.01654224 1.889508 -2.775437 0.1816623 0.1402268 -0.1805573 15.84303 2.279004 1 0.0
-0.01886411 -0.005389813 -1.858641 -7.1957 1.338392 1.102066 -0.09813609 17.67402 1.475082 0 0.0
-0.01458414 -0.0130738 -1.016629 -5.226202 0.2023768 0.1722625 0.1156658 16.17586 1.275012 0 0.0
-0.02855161 -0.02596098 -5.635952 -6.756069 0.2269205 0.1914627 0.05801441 16.52114 1.951482 0 0.0
-0.0006129137 -0.01681304 1.471472 -0.5602021 0.1679045 0.1394678 -0.03296026 16.21678 nan 0 0.0
-0.001801496 -0.008525621 -6.001096 -3.828317 1.813168 1.517074 0.3567686 18.79909 nan 0 0.0
0.02600694 -0.02063115 -10.23332 0.8662379 1.067696 0.8279928 0.08977684 18.36531 nan 0 0.0
-0.006553268 -0.04400822 -1.033778 -3.638322 0.6439504 0.5643688 0.2400095 18.16273 1.567642 0 0.0
0.003797626 -0.01319296 -4.866836 -6.343846 0.3430044 0.2726192 0.04787174 17.01108 1.709199 0 0.0
-0.02269655 0.005988625 -2.004826 -5.086247 0.3013694 0.2321945 -0.390663 16.08566 1.792394 0 0.0
-0.01878519 -0.003760922 1.600398 -4.359254 0.4010649 0.3303728 -0.009256591 17.79255 nan 0 0.0
-0.0379543 -0.02141702 -3.327297 -0.9003541 0.6177645 0.5227677 0.01558237 18.08872 1.678776 0 0.0
0.00416742 -0.01210579 -1.631216 -5.887699 0.3107719 0.2629269 0.1676481 16.6912 1.517717 0 0.0
-0.01411116 0.003892137 1.91187 -2.73058 0.31401 0.2288786 -0.6775595 16.40961 1.177994 0 0.0
-0.004732984 -0.01315867 -6.765032 -10.53618 0.848264 0.7341051 0.1951552 18.18725 nan 0 0.0
-0.01183326 -0.04797409 1.133752 -0.3828685 0.7583685 0.6426094 0.05758803 18.77836 1.861029 0 0.0
0.01045289 -0.01502068 -0.9878989 -5.432062 0.2604727 0.2131063 0.1518557 17.1449 2.015997 0 0.0
-0.03254346 -0.01268897 -2.247608 -5.176934 0.307446 0.2566964 0.06271724 17.29475 1.745682 0 0.0
-0.01590859 0.01135341 -1.736891 -4.245932 0.2750073 0.2260817 0.1977198 17.10194 nan 0 0.0
0.01021203 -0.04570035 1.711198 -0.6636958 1.033762 0.8801694 0.119934 18.78289 nan 0 0.0
0.007786102 -0.00705153 4.330994 -1.136095 0.1691495 0.1399894 0.2322793 16.61258 1.730689 0 0.0
0.003902919 -0.02205832 -2.477939 -6.047712 0.3371177 0.2802214 -0.03095577 17.08541 2.094717 0 0.0
0.03260731 -0.02602136 -5.200397 -9.40256 0.2034639 0.1783724 0.163894 16.37496 2.144567 0 0.0
-0.01577558 0.005555094 -1.868397 -5.535934 0.4240809 0.3416239 -0.2733666 17.1724 1.82799 0 0.0
-0.01228202 -0.04844907 -6.544655 -6.301071 0.5824898 0.4804349 -0.0676532 18.43678 1.94976 0 0.0
0.01177465 -0.004490355 -2.001115 -5.793295 0.2059601 0.1707089 0.187278 16.73151 1.889175 0 0.0
-0.01355372 -0.01599952 0.08800985 -5.403334 0.7734003 0.6107955 -0.09877211 18.41105 1.328899 0 0.0
0.01103479 -0.007122411 -0.7305481 -7.421301 0.2683884 0.2295273 0.1207744 17.0584 1.875439 0 0.0
-0.03864384 -0.01393857 -3.548631 -4.05268 0.4027164 0.3302162 -0.06488206 17.42792 1.56304 0 0.0
0.01100629 -0.02588881 -5.093842 -7.242592 0.2229039 0.1781676 -0.04368242 16.0465 2.212022 0 0.0
0.008760786 -0.0360414 1.575694 -5.048299 0.3415385 0.2787302 0.1547602 17.08517 nan 0 0.0
0.028065 -0.02702705 -6.668873 -12.90794 1.724425 1.598925 0.7182593 19.23022 2.341795 0 0.0
-0.01051333 -0.04669793 -3.444851 -3.204398 0.7181417 0.6042645 -0.002996476 18.71353 nan 0 0.0
0.006121688 -0.01427263 -2.170271 -5.26989 0.1917445 0.1578264 0.2013459 16.69654 nan 0 0.0
-0.005182105 -0.01045407 -2.567776 -3.99551 0.2464827 0.2056816 -0.01844845 16.5024 1.808177 0 0.0
0.009897432 -0.02350451 -3.602163 -8.866891 0.5913648 0.4509571 0.1694965 18.11447 1.691315 0 0.0
-0.004706442 -0.01591097 -4.56308 -5.941398 0.7242449 0.6118373 -0.02568352 18.46368 1.810654 0 0.0
0.006201234 -0.009239147 -1.994336 -5.61704 0.1751425 0.1458985 0.3030824 16.66309 1.933039 0 0.0
0.01496588 -0.0357179 -5.228192 -5.861823 0.2624027 0.2161096 -0.06356938 16.96114 2.163951 0 0.0
-0.01098954 -0.03791082 -1.285044 -3.909899 0.3233092 0.2677501 0.03903156 17.52507 1.485899 0 0.0
-0.028373 -0.004224784 1.388216 -6.089609 0.2162578 0.1801329 -0.06080839 13.96303 3.540571 1 0.0
0.01647587 -0.006079847 3.433991 -2.120382 1.087994 0.8589614 0.2474195 18.88531 1.743841 0 0.0
0.006780869 -0.02996253 -1.319122 -5.570046 0.2791256 0.2325137 -0.01805591 16.95706 2.152732 0 0.0
0.008842531 -0.007713469 -4.420605 -5.030655 0.2539401 0.1870793 0.1841201 16.80415 2.035073 0 0.0
-0.02321914 -0.01843319 1.005906 -1.75885 0.4706121 0.3724975 0.06261565 18.10914 1.352829 0 0.0
0.005142757 -0.04792965 -7.249658 -2.433389 0.8254977 0.6223264 -0.3592584 18.65262 1.874121 0 0.0
-0.0125777 -0.007036764 -2.763061 -6.151362 0.7892589 0.6836804 0.3148781 18.27416 nan 0 0.0
0.01124409 -0.02474633 -1.359796 -2.859595 0.9076117 0.6926913 0.3804011 18.75767 1.720633 0 0.0
-0.04326164 -0.02311864 -3.708349 -4.237174 0.2513896 0.2086984 -0.139504 16.97923 1.640782 0 0.0
-0.02015689 -0.0124854 -5.917813 -3.695232 0.1555996 0.1297689 0.04570043 15.58025 2.103613 1 0.0
-0.003385673 -0.0240305 2.689106 -1.120725 0.5566875 0.4653582 0.1450413 18.39928 1.734507 0 0.0
-0.0253541 -0.03474536 -3.26076 -7.37454 0.755585 0.6372349 -0.004253621 18.59309 1.629009 0 0.0
0.007889961 -0.0294934 -12.20111 -8.195202 0.7075331 0.5895496 -0.06075489 18.62471 1.522316 0 0.0
0.0423802 -0.02076078 -0.4806569 -2.623024 0.6421837 0.5261271 0.1496691 18.98604 1.750355 0 0.0
