scripts/get_globular_clusters/output/NGC_6293.csv
# %ECSV 0.9
# ---
# datatype:
# - {name: x, unit: deg, datatype: float64}
# - {name: y, unit: deg, datatype: float64}
# - {name: pmx, unit: mas / yr, datatype: float64}
# - {name: pmy, unit: mas / yr, datatype: float64}
# - {name: pmx_e, unit: mas / yr, datatype: float64}
# - {name: pmy_e, unit: mas / yr, datatype: float64}
# - {name: pm_corr, datatype: float64}
# - {name: g_mag, unit: mag, datatype: float64}
# - {name: bp_rp, unit: mag, datatype: float64}
# - {name: filter, datatype: int64}
# - {name: memberprob, datatype: float64}
# meta: !!omap
# - comments: [deg deg mas/yr mas/yr mas/yr mas/yr dimless mag   mag   zeroone float]
# - __serialized_columns__:
#     bp_rp:
#       __class__: astropy.units.quantity.Quantity
#       unit: &id001 !astropy.units.Unit {unit: mag}
#       value: !astropy.table.SerializedColumn {name: bp_rp}
#     g_mag:
#       __class__: astropy.units.quantity.Quantity
#       unit: *id001
#       value: !astropy.table.SerializedColumn {name: g_mag}
#     pm_corr:
#       __class__: astropy.units.quantity.Quantity
#       unit: !astropy.units.Unit {unit: ''}
#       value: !astropy.table.SerializedColumn {name: pm_corr}
#     pmx:
#       __class__: astropy.units.quantity.Quantity
#       unit: !astropy.units.Unit {unit: mas / yr}
#       value: !astropy.table.SerializedColumn {name: pmx}
#     pmx_e:
#       __class__: astropy.units.quantity.Quantity
#       unit: !astropy.units.Unit {unit: mas / yr}
#       value: !astropy.table.SerializedColumn {name: pmx_e}
#     pmy:
#       __class__: astropy.units.quantity.Quantity
#       unit: !astropy.units.Unit {unit: mas / yr}
#       value: !astropy.table.SerializedColumn {name: pmy}
#     pmy_e:
#       __class__: astropy.units.quantity.Quantity
#       unit: !astropy.units.Unit {unit: mas / yr}
#       value: !astropy.table.SerializedColumn {name: pmy_e}
#     x:
#       __class__: astropy.units.quantity.Quantity
#       unit: &id002 !astropy.units.Unit {unit: deg}
#       value: !astropy.table.SerializedColumn {name: x}
#     y:
#       __class__: astropy.units.quantity.Quantity
#       unit: *id002
#       value: !astropy.table.SerializedColumn {name: y}
# schema: astropy-2.0
x y pmx pmy pmx_e pmy_e pm_corr g_mag bp_rp filter memberprob
[from data line 7414]
-0.04080066 0.05581055 -6.737381 -11.84123 1.256145 0.8618862 0.3632165 19.97845 0.9941635 0 0.0
0.04082321 0.005035021 -5.107494 -7.248707 2.326926 1.783707 0.09332163 20.31905 1.781179 0 0.0
0.07008 -0.04148985 -6.360691 -7.31618 0.6847158 0.4509522 0.2920733 19.26168 1.300259 0 0.0
0.05628627 0.03614114 -4.421788 -4.301103 1.88919 1.284589 0.4297894 20.36291 nan 0 0.0
0.02898798 -0.06356678 -4.205355 -5.96037 0.872111 0.5827213 0.4093741 19.21755 1.358648 0 0.0
-0.04797938 0.04983968 -3.829216 -8.494239 0.6757299 0.4466357 0.3526401 19.31494 nan 0 0.0
0.05371603 -0.03058241 -3.143432 -5.69593 0.8039743 0.5252789 0.3182568 19.4686 1.318796 0 0.0
-0.00896507 0.08194049 -2.354323 -6.141172 0.08558588 0.05610899 0.2258994 15.53224 1.788568 1 0.0
0.02013234 -0.01111662 -2.295141 -2.590153 1.359652 0.8830852 0.4212453 19.17583 1.116526 0 0.0
0.00927226 0.0007923492 4.378599 -3.686275 1.453813 0.7995054 0.264991 18.85976 nan 0 0.0
0.08087972 -0.008381578 -4.307153 -1.431585 1.0179 0.6638181 0.1887802 19.86595 0.9841805 0 0.0
0.06923349 -0.04275391 -6.100254 -7.02825 0.3511817 0.2238504 0.4354494 17.93683 1.790638 1 0.0
0.07162785 -0.009426366 1.941914 -6.185619 1.681868 1.120696 0.3275848 20.31675 1.054443 0 0.0
-0.008145651 0.08076754 -4.611219 -5.25004 0.462077 0.3090891 0.434846 18.67155 1.419487 0 0.0
-0.06411983 0.008236321 4.228927 -15.23326 1.99029 1.430949 0.2806505 20.2339 1.082859 0 0.0
-0.02357184 0.05891102 -3.664247 -5.55594 1.145754 0.7592131 0.4335832 19.87983 0.7380009 0 0.0
0.0006205777 -0.02673413 2.059231 -4.554589 1.074247 0.6766599 0.3194985 19.72554 nan 0 0.0
0.02474938 0.01287501 -3.259476 -4.984043 2.222493 1.106246 -0.295025 19.9688 nan 0 0.0
-0.07379123 0.02290564 -0.9586106 -0.4976631 0.278831 0.2075545 0.2635015 17.61796 1.121538 0 0.0
0.008665494 -0.08285816 -2.161913 -2.895271 1.714163 1.112403 0.4830753 20.28523 1.404402 0 0.0
0.00984866 0.03884772 -1.78709 -6.147363 2.212306 1.527788 0.3282499 20.3194 0.1949062 0 0.0
0.0005933549 -0.01468541 -0.750365 -3.372517 0.6468308 0.43573 0.386302 19.02965 1.030191 0 0.0
0.07397105 -0.01515181 -0.4847761 -2.947934 0.7276463 0.5109096 0.2948034 19.24587 1.29162 1 0.002072472
-0.03723743 -0.06982527 -1.108443 -5.401715 1.011576 0.7158938 0.3306391 19.88158 nan 0 0.0
-0.07240906 0.03871272 0.007977278 -4.758489 0.334476 0.2273028 0.1738817 18.10092 1.515911 1 0.09808822
-0.04757116 0.05304991 -2.26687 -6.017746 1.222215 0.7989621 0.3998325 19.92711 nan 0 0.0
0.01402837 0.06062729 -3.981137 -3.865796 1.154202 0.7984909 0.3704398 19.91266 0.833292 0 0.0
0.06896292 0.00623842 -3.186578 -3.033487 1.034752 0.6737005 0.3295324 19.64647 1.187298 0 0.0
0.007466858 -0.0625372 -0.4651343 -1.568764 4.062559 2.517252 0.5768431 20.85676 nan 0 0.0
0.01580116 0.04530152 -8.429222 -5.272145 1.034002 0.713749 0.3139665 19.60757 0.943531 0 0.0
-0.02445885 -0.007068164 -3.967444 -7.294864 0.2266197 0.1521826 0.3519054 17.31201 1.08218 1 0.0
0.01192304 0.03410967 1.34132 -4.236626 0.3408955 0.2097953 0.6563631 17.56274 0.6232204 0 0.0
-0.006119624 -0.01322073 0.5080046 -4.520002 0.1299802 0.085973 0.2154013 16.43611 0.9849319 0 0.0
-0.05609179 0.0006874335 -6.057865 -2.22423 0.7731444 0.5813777 0.2172938 19.43307 1.286255 0 0.0
-0.007947223 -0.02378755 -3.567878 -6.432383 0.7008895 0.4725171 0.3987641 19.31599 1.421019 0 0.0
-0.02496221 0.04866064 1.760305 -3.702551 0.7804635 0.547385 0.3717789 19.36757 0.9950314 0 0.0
-0.007106412 0.05776309 -1.915061 -6.588811 0.7692259 0.5121677 0.4297545 19.29175 nan 0 0.0
-0.02556339 0.05094551 -6.062009 -7.253132 1.866941 1.148065 -0.4619934 19.50639 nan 0 0.0
0.01789744 0.006810918 -0.2179157 -3.544277 1.001028 0.8033206 0.157472 19.43319 0.8184071 0 0.0
-0.06954607 0.04467496 -0.1094161 -6.142807 0.1501605 0.09773469 0.3181889 16.53876 1.791777 1 0.0
0.003895784 0.001637614 -0.4491977 -7.615458 0.5678486 0.4326956 0.1012243 16.80954 nan 0 0.0
0.0466226 0.03771713 -0.6899299 -4.892544 0.8583522 0.5479114 0.3406632 19.50795 1.306965 0 0.0
0.01115894 0.03709665 -1.368689 -5.654527 1.82519 1.069614 0.3410703 20.17208 nan 0 0.0
0.01298337 -0.004399814 1.586019 -4.480538 0.451364 0.3093324 0.3765594 18.26111 1.177242 0 0.0
-0.05504905 -0.01106514 3.230426 0.3332959 1.892363 1.306158 0.07422621 20.11743 1.345589 0 0.0
-0.07239345 -0.02914121 -3.53486 -7.360458 0.7562567 0.5237145 0.2887973 19.28376 1.405867 0 0.0
0.07181417 -0.01692427 -2.794139 -3.119463 1.313354 0.9127022 -0.3482653 19.69768 nan 0 0.0
-0.04748784 0.04966822 -3.828102 -5.002709 0.4570029 0.2859612 0.5068744 18.304 1.602697 0 0.0
0.03764925 0.06387208 -5.505241 -4.4766 1.046863 0.7388826 0.4348922 19.66815 1.322119 0 0.0
0.04480249 0.06085971 1.316106 -9.059753 0.6911389 0.4425963 0.5046635 19.07215 1.581699 0 0.0
0.03741846 0.02605517 -3.610527 -2.211028 0.6636094 0.4301347 0.1400636 18.97648 0.7410412 0 0.0
-0.04992585 -0.05717676 -1.346003 -2.499268 0.4287825 0.2986724 0.2966128 18.337 0.5896702 0 0.0
0.0701445 -0.02528696 -3.116159 -5.021602 0.2317987 0.1569746 0.3618806 17.50782 1.897776 1 0.0
0.00193211 0.08228224 -4.46513 -10.55923 0.2549187 0.1800974 0.3818821 17.50157 1.330383 1 0.0
0.07772724 -0.02921718 0.1049664 -6.895849 3.017914 2.019099 0.5623959 20.5339 0.8858166 0 0.0
0.003076 -0.03634148 -1.714553 -5.317533 0.8840486 0.6132973 0.5365587 19.30561 1.884304 0 0.0
-0.04797156 0.03115148 1.071026 -0.5999858 0.792639 0.535382 0.4821417 19.26394 1.708969 0 0.0
0.07863097 0.01536648 -1.191309 -5.639848 2.285858 1.497979 0.4825691 20.35477 1.497772 0 0.0
0.06142262 0.04340931 -4.674009 -5.038645 3.026459 2.204969 0.216066 20.32489 nan 0 0.0
0.07205504 0.01893755 -2.35567 -3.722404 2.288224 1.638944 0.3467418 20.19348 -0.3101788 0 0.0
-0.01641773 0.05883597 -3.074142 -9.846952 1.203493 0.7976753 0.3953178 20.0172 1.538563 0 0.0
0.07025502 0.02143539 -7.970477 -2.797946 1.326672 0.867588 0.3673095 20.08983 1.133055 0 0.0
-0.03169192 -0.002688758 0.3802535 -3.5254 2.393369 1.837574 0.7455683 20.00357 0.9984875 0 0.0
-0.04501249 0.003740268 -1.712716 -4.817962 0.4015666 0.2709069 0.434199 18.44104 1.656639 1 0.0
0.06898923 0.004611436 -2.364327 -6.981078 1.17032 0.7647887 0.3530049 19.99987 1.188276 0 0.0
-0.07328823 -0.03790986 -2.304735 -4.306276 0.9873518 0.6853738 0.3484741 19.60819 1.013901 0 0.0
-0.06442017 -0.04002359 -0.2774955 -5.26475 0.4590174 0.318914 0.377679 18.61166 1.355038 0 0.0
-0.04827914 -0.01631684 -0.958225 -2.342455 0.3205792 0.222164 0.3519805 17.93846 1.336321 0 0.0
-0.04371549 -0.0335498 -4.159298 0.8834409 0.8747176 0.6477979 0.2059184 19.65467 1.236208 1 0.0
-0.05467014 -0.06154485 -1.889799 -0.2654857 0.1359217 0.0895947 0.155975 16.46279 1.740458 1 0.0
-0.04542805 0.01930026 2.944436 -3.55208 0.7023723 0.4711233 0.427287 19.34124 1.169571 0 0.0
0.007743388 -0.006974261 0.5000022 -4.932764 0.2965537 0.1805062 0.5317055 17.19983 0.6597672 0 0.0
0.08079712 -0.009405766 -0.3366824 -8.14061 1.434912 0.9918647 0.3906371 20.30293 0.8862152 0 0.0
0.07102341 -0.01599871 -2.413947 2.870024 0.6580834 0.4512582 0.2257708 19.16053 1.529755 0 0.0
-0.04266184 -0.005623914 0.259567 -3.706747 0.5264096 0.3556401 0.4417118 18.89411 1.605331 0 0.0
0.01510404 -0.06492023 -3.116801 -1.954408 0.7703332 0.4995266 0.3414801 19.44734 1.319166 0 0.0
-0.05389802 -0.02143485 -4.633981 -4.012392 1.497487 0.9047935 0.1981065 19.92941 1.017424 0 0.0
-0.04391229 0.0528244 -1.246053 -0.2921922 0.3448525 0.2209024 0.2823458 17.69884 1.440598 0 0.0
0.04285203 0.02948649 -6.496654 -1.511598 0.5249088 0.3583859 0.2254993 18.83606 1.391302 1 0.0
0.03214721 0.01625681 -0.8217818 -3.07858 1.457976 1.023045 -0.1891251 20.02647 0.4174004 0 0.0
-0.01101231 0.07041803 -3.900274 -6.73267 2.146705 1.387891 0.5472887 20.4751 1.094969 0 0.0
0.04332047 0.0410334 4.365164 2.953792 0.3862866 0.2585435 0.3417239 18.32875 1.994429 0 0.0
0.07642605 0.02435922 -3.166775 -5.625651 1.303595 0.83639 0.3407549 20.05158 1.068998 0 0.0
0.05634044 0.03526373 -3.094979 -5.319846 1.054477 0.6740358 0.1939105 19.80245 1.515673 0 0.0
-0.04565243 0.03438729 0.5956945 1.098086 0.4123658 0.2568624 0.2965669 18.18959 1.343546 0 0.0
0.06568583 0.002919652 -2.216222 0.1969525 0.4359993 0.2896314 0.2113634 18.60708 1.260105 0 0.0
-0.06386153 0.0345102 -0.4085593 -1.564499 0.2398248 0.1643746 0.329348 17.64617 1.386871 1 0.0
0.003812473 -0.04139598 -8.063825 -10.83671 2.744686 1.688054 0.7815636 20.36585 1.289715 0 0.0
-0.06486665 -0.02246288 -8.915833 -4.023009 1.562432 1.229574 0.4298283 20.23948 1.047981 0 0.0
-0.04391468 0.05907287 -5.411073 -5.282001 0.3519327 0.2525673 0.4282173 17.08025 1.831938 0 0.0
-0.02744427 -0.07571621 -4.888241 -7.514805 0.6380234 0.451354 0.2814794 19.23779 1.338602 1 0.0
0.003787463 0.0272762 -1.322458 -1.596109 1.146535 0.6901512 0.6472337 19.39062 nan 0 0.0
0.006329125 0.08038427 -0.5363068 -4.096265 0.5336712 0.3667349 0.4433289 18.70758 nan 0 0.0
0.06711436 0.0188223 -5.011907 -3.898787 0.9300209 0.6063209 0.2542121 19.81693 1.068312 0 0.0
0.05446416 -0.006529189 -0.4215507 -4.494902 0.7698828 0.509812 0.3000034 19.47729 1.473391 0 0.0
-0.05063719 0.009232991 -7.71473 -10.98262 2.797855 1.643528 0.6664815 20.45038 0.679842 0 0.0
0.03985141 -0.04246906 -6.348307 -5.095561 2.106578 1.284112 0.6081739 19.94584 1.127153 0 0.0
-0.07068296 0.02874981 -3.911781 -2.404576 0.1702293 0.1200055 0.1697765 16.12799 1.893946 0 0.0
-0.02078158 0.03089071 -6.963816 -5.707759 2.349375 1.66693 0.5165029 20.12806 0.9820919 0 0.0
-0.01854974 0.0722443 -5.652375 -5.500606 1.452302 0.9478076 0.3343478 20.06288 0.630125 0 0.0
-0.04377941 0.0623631 -3.307848 -5.971669 0.3874497 0.2650053 0.3726793 18.40124 1.671631 1 0.0
-0.0002253838 0.03225825 -2.821668 -4.881536 0.8127274 0.5435828 0.4494013 19.42519 1.034397 0 0.0
0.04306205 0.0072143 -11.25948 -1.652711 0.700086 0.4795614 0.2747247 18.84997 1.319834 0 0.0
0.002530878 -0.01198845 -6.905561 0.1738542 1.321791 0.8748359 0.2508739 18.38968 1.262678 0 0.0
-0.04352112 0.02935654 -3.892065 -5.78269 0.4716678 0.3259318 0.4466945 18.38972 1.74918 1 0.0
0.01928695 -0.007732841 0.1722546 -4.39595 0.1822918 0.1280492 0.1463477 16.82318 1.232154 0 0.0
-0.02587388 -0.02498039 -5.268198 -6.009192 0.2299264 0.155805 0.3776757 17.5124 1.751276 1 0.0
-0.07837645 0.02188216 -6.524527 -3.963996 0.5820756 0.4246384 0.3070158 19.12957 1.440424 1 0.0
0.02664247 0.0548496 -7.583533 -7.509671 1.848934 1.269485 0.51417 20.24594 1.248735 0 0.0
-0.002927747 0.02142257 -13.48442 -10.86427 0.5701758 0.3833929 0.6953525 18.1552 1.183605 0 0.0
-0.0007436608 -0.03110577 -1.574918 -5.368883 1.037357 0.680226 0.3474196 19.90302 1.147581 1 0.2239295
-0.06036873 0.03754096 10.14885 -20.02361 0.9775849 0.7626411 0.006961989 19.58562 1.350475 0 0.0
0.01863628 0.01861729 -3.95822 -3.797352 0.4086091 0.2745587 0.1898963 17.9919 1.416304 0 0.0
0.0008669051 0.07370301 -0.9569907 -2.957575 1.62092 0.9409433 0.3948833 20.13467 0.9520187 0 0.0
0.07523864 0.00362903 -3.607832 -6.312511 1.95312 1.300046 0.4799564 20.43344 0.5483551 0 0.0
0.03549958 0.0001501674 -3.505388 -6.220472 1.538328 1.252397 -0.2842655 19.84999 1.157803 0 0.0
-0.01163483 0.01551114 0.3600534 -12.3134 0.9519077 0.7293732 0.1042103 19.17628 1.24749 0 0.0
-0.06107708 0.03477493 -0.7331342 -3.305293 3.53961 2.270158 0.691928 20.62268 1.050697 0 0.0
0.04689507 0.03641239 -4.089423 -0.4557391 0.1040108 0.07005275 0.235016 15.94461 1.594458 1 0.0
-0.04466042 0.01075373 -3.986403 -5.754217 1.51904 0.9735503 0.5391449 20.05592 0.9139633 0 0.0
0.0298703 -0.0273274 -8.396944 -4.400681 2.253733 1.428377 0.7038515 19.83896 1.16761 0 0.0
0.06505778 0.002334455 0.08172394 -10.17226 1.342507 0.947175 0.315664 19.75218 nan 0 0.0
0.0005118148 0.05801317 -5.131723 -6.680011 1.847041 1.228229 0.4943342 20.34086 1.29738 0 0.0
-0.05865954 0.05857036 -6.301516 -4.672044 0.7827062 0.5315054 0.4078915 19.37476 1.154024 0 0.0
0.01027913 -0.03178716 0.535807 -5.100936 2.368744 1.596908 0.6168309 20.22779 1.335339 0 0.0
0.0372063 0.04524316 -3.724192 -7.373504 1.615713 1.009508 0.1729438 20.04459 nan 0 0.0
-0.03482597 -0.01721604 -10.70895 -6.979315 1.882137 1.467317 -0.2546831 20.22681 1.305134 1 0.0
0.05789562 0.03342427 -1.996215 -3.267042 2.06418 1.401132 0.1871138 19.81072 1.269228 0 0.0
-0.008386783 0.01693812 1.219824 -4.455376 0.1519404 0.09073146 0.4771441 16.27498 0.8507862 0 0.0
0.03704239 0.0449552 -0.7383303 -5.979489 0.9779813 0.6823366 0.2447489 19.71567 1.012527 0 0.0
-0.04209493 -0.06291663 2.343384 -5.049587 1.068842 0.7833687 0.2987467 19.77424 1.32375 0 0.0
-0.03102924 -0.03105276 -2.721263 -9.467504 0.1163917 0.07762135 0.1983499 16.25022 1.782382 1 0.0
-0.0137914 0.01740681 4.093066 -6.51542 1.947651 1.341911 0.2570835 20.20062 nan 0 0.0
-0.06042288 -0.0150771 1.673081 -5.163338 0.4182746 0.305041 0.3825635 18.40856 1.376785 1 0.0169534
-0.03125759 0.005821952 -5.942404 -1.406516 0.7180627 0.4856719 0.4293936 19.21656 1.071527 0 0.0
0.03244285 -2.249452e-05 2.359539 -3.984936 0.9266726 0.6562552 0.3949308 19.52556 nan 0 0.0
-0.004345422 -0.02495084 0.7956048 -4.632899 0.1749977 0.1186743 0.3216272 16.93248 1.496494 1 0.9765907
-0.04889503 -0.04374095 -5.484323 -3.295746 0.2946408 0.2105042 0.2896638 17.76792 1.416357 1 0.0
0.0660633 0.04224324 -0.5798745 -4.874961 0.2818138 0.1880718 0.4427301 17.65046 1.106667 0 0.0
-0.01569025 -0.06898296 -9.835881 -2.633016 0.4473043 0.3253755 0.3103926 17.85727 1.423965 0 0.0
-0.06618136 0.03336065 -2.399138 -6.186918 0.8660969 0.6284509 0.2114473 19.44991 1.184471 0 0.0
-0.01111354 -0.01206144 -6.831586 -4.080928 0.6107606 0.4109175 0.3269538 18.57931 1.300085 0 0.0
0.004767542 -0.03649413 -3.046951 4.073292 0.4501725 0.3048613 0.3515204 18.57325 nan 0 0.0
-0.02065677 -0.0555751 -0.07095682 -0.4520611 1.62042 1.165951 0.4508383 20.27415 nan 0 0.0
-0.0118504 -0.01148549 1.199066 -5.370024 0.6129637 0.4456728 0.03354595 18.85581 1.335625 0 0.0
0.01510926 -0.02543813 -0.03030366 -4.144725 1.159081 0.6925127 0.4839587 19.38759 0.9987392 0 0.0
-0.003172378 -0.01612741 0.1222967 -4.732967 0.6041786 0.371836 0.6396186 18.37587 nan 0 0.0
0.04211692 0.03482352 -0.1023561 -3.787465 1.206694 0.7923973 0.1026383 19.86739 1.145975 0 0.0
0.001903005 -0.02572897 -3.440379 -5.028549 1.201702 0.8056036 0.3638025 19.81391 1.300043 0 0.0
0.003349914 0.0006915861 2.229673 -7.044598 0.703904 0.495692 0.407688 16.29941 1.096287 0 0.0
-0.007293056 -0.01283742 0.7945992 -4.540679 0.3798907 0.2264246 0.5390355 17.63606 nan 0 0.0
-0.01911851 0.04390483 0.01109064 -1.830926 0.09126045 0.06126331 0.1782094 15.42957 1.913595 1 0.0
-0.02249796 0.01323215 1.415272 -4.696797 0.9448207 0.6429557 0.6032389 19.47221 1.017923 0 0.0
0.0598618 0.03458102 -4.969831 -2.570604 2.467567 1.718603 0.3989341 20.55906 0.5702477 0 0.0
0.05212258 -0.05460854 -3.272624 -2.573566 0.5848181 0.3858693 0.1266932 18.59687 1.645857 0 0.0
-0.03820662 0.05562071 -0.3335312 -4.329733 0.8013636 0.5407342 0.379023 19.63238 1.170807 0 0.0
-0.02461346 0.07757419 -6.511178 -6.992328 1.16986 0.8310663 0.4865372 19.75175 nan 0 0.0
-0.02682269 0.0651931 -3.085674 -6.228459 0.5758612 0.3860834 0.4485868 19.02632 1.302855 1 0.0
0.01336389 -0.01769599 -5.903485 -10.09631 1.779837 1.668817 -0.1538273 19.61544 nan 0 0.0
-0.003117791 -0.01655275 1.931287 -5.123398 0.4159451 0.2816454 0.3252726 16.64076 1.395243 0 0.0
-0.01198846 0.00396974 -1.446944 -4.446871 1.747191 1.071876 0.6585363 19.82355 nan 0 0.0
-0.06189909 0.04035348 -0.337228 -5.847251 0.7634814 0.5162106 0.4097756 19.50492 0.9974537 0 0.0
-0.01787481 -0.05274222 -0.9455406 -8.362816 0.8429048 0.6018867 0.3621309 19.40036 1.455362 0 0.0
-0.00210814 -0.01676825 0.8201337 -4.344622 0.7825975 0.6937455 0.161106 19.26547 nan 0 0.0
0.06949469 -0.01697625 -1.366719 -2.815064 1.205964 0.8891853 0.2444628 20.04252 0.5319977 0 0.0
-0.006610441 -0.01974961 -0.001414604 -4.620812 0.4377255 0.2967756 0.3596203 18.57353 nan 0 0.0
